timestamp,station_id,temp,humid,condition
2026-02-16 17:05:37.337490,Dubai-040f,48,99,Normal
2026-02-16 17:05:38.337490,Dubai-040f,9,79,Normal
2026-02-16 17:05:39.337490,Dubai-040f,-29,57,Normal
2026-02-16 17:05:40.337490,Dubai-040f,-5,32,Normal
2026-02-16 17:05:41.337490,Dubai-040f,-24,89,Normal
2026-02-16 17:05:42.337490,Dubai-040f,27,93,Normal
2026-02-16 17:05:43.337490,Dubai-040f,-15,3,Normal
2026-02-16 17:05:44.337490,Dubai-040f,-16,46,Normal
2026-02-16 17:05:45.337490,Dubai-040f,12,84,Normal
2026-02-16 17:05:46.337490,Dubai-040f,-26,87,Normal
2026-02-16 17:05:47.337490,Dubai-040f,11,1,Normal
2026-02-16 17:05:48.337490,Dubai-040f,-18,42,Normal
2026-02-16 17:05:49.337490,Dubai-040f,-21,80,Normal
2026-02-16 17:05:50.337490,Dubai-040f,14,21,Normal
2026-02-16 17:05:51.337490,Dubai-040f,-22,34,Normal
2026-02-16 17:05:52.337490,Dubai-040f,34,72,Normal
2026-02-16 17:05:53.337490,Dubai-040f,-10,50,Normal
2026-02-16 17:05:54.337490,Dubai-040f,28,2,Normal
2026-02-16 17:05:55.337490,Dubai-040f,-21,63,Normal
2026-02-16 17:05:56.337490,Dubai-040f,32,20,Normal
2026-02-16 17:05:57.337490,Dubai-040f,4,88,Normal
2026-02-16 17:05:58.337490,Dubai-040f,5,5,Normal
2026-02-16 17:05:59.337490,Dubai-040f,-30,71,Normal
2026-02-16 17:06:00.337490,Dubai-040f,-17,47,Normal
2026-02-16 17:06:01.337490,Dubai-040f,-5,81,Normal
2026-02-16 17:06:02.337490,Dubai-040f,50,40,Normal
2026-02-16 17:06:03.337490,Dubai-040f,-18,61,Normal
2026-02-16 17:06:04.337490,Dubai-040f,-19,90,Normal
2026-02-16 17:06:05.337490,Dubai-040f,27,16,Normal
2026-02-16 17:06:06.337490,Dubai-040f,-8,96,Normal
2026-02-16 17:06:07.337490,Dubai-040f,8,16,Normal
2026-02-16 17:06:08.337490,Dubai-040f,-21,53,Normal
2026-02-16 17:06:09.337490,Dubai-040f,-20,56,Normal
2026-02-16 17:06:10.337490,Dubai-040f,-8,38,Normal
2026-02-16 17:06:11.337490,Dubai-040f,31,38,Normal
2026-02-16 17:06:12.337490,Dubai-040f,35,71,Normal
2026-02-16 17:06:13.337490,Dubai-040f,19,4,Normal
2026-02-16 17:06:14.337490,Dubai-040f,38,76,Normal
2026-02-16 17:06:15.337490,Dubai-040f,13,93,Normal
2026-02-16 17:06:16.337490,Dubai-040f,34,69,Normal
2026-02-16 17:06:17.337490,Dubai-040f,18,81,Normal
2026-02-16 17:06:18.337490,Dubai-040f,23,39,Normal
2026-02-16 17:06:19.337490,Dubai-040f,5,81,Normal
2026-02-16 17:06:20.337490,Dubai-040f,-6,23,Normal
2026-02-16 17:06:21.337490,Dubai-040f,39,94,Normal
2026-02-16 17:06:22.337490,Dubai-040f,43,99,Normal
2026-02-16 17:06:23.337490,Dubai-040f,-17,88,Normal
2026-02-16 17:06:24.337490,Dubai-040f,0,87,Normal
2026-02-16 17:06:25.337490,Dubai-040f,6,81,Normal
2026-02-16 17:06:26.337490,Dubai-040f,24,83,Normal
2026-02-16 17:06:27.337490,Dubai-040f,32,31,Normal
2026-02-16 17:06:28.337490,Dubai-040f,7,59,Normal
2026-02-16 17:06:29.337490,Dubai-040f,16,41,Normal
2026-02-16 17:06:30.337490,Dubai-040f,-20,82,Normal
2026-02-16 17:06:31.337490,Dubai-040f,15,43,Normal
2026-02-16 17:06:32.337490,Dubai-040f,19,52,Normal
2026-02-16 17:06:33.337490,Dubai-040f,22,57,Normal
2026-02-16 17:06:34.337490,Dubai-040f,-26,8,Normal
2026-02-16 17:06:35.337490,Dubai-040f,-15,18,Normal
2026-02-16 17:06:36.337490,Dubai-040f,9,83,Normal
2026-02-16 17:06:37.337490,Dubai-040f,14,31,Normal
2026-02-16 17:06:38.337490,Dubai-040f,11,58,Normal
2026-02-16 17:06:39.337490,Dubai-040f,19,10,Normal
2026-02-16 17:06:40.337490,Dubai-040f,2,66,Normal
2026-02-16 17:06:41.337490,Dubai-040f,-14,97,Normal
2026-02-16 17:06:42.337490,Dubai-040f,17,36,Normal
2026-02-16 17:06:43.337490,Dubai-040f,20,76,Normal
2026-02-16 17:06:44.337490,Dubai-040f,37,39,Normal
2026-02-16 17:06:45.337490,Dubai-040f,-3,48,Normal
2026-02-16 17:06:46.337490,Dubai-040f,-20,26,Normal
2026-02-16 17:06:47.337490,Dubai-040f,-12,13,Normal
2026-02-16 17:06:48.337490,Dubai-040f,31,88,Normal
2026-02-16 17:06:49.337490,Dubai-040f,33,72,Normal
2026-02-16 17:06:50.337490,Dubai-040f,-11,86,Normal
2026-02-16 17:06:51.337490,Dubai-040f,38,6,Normal
2026-02-16 17:06:52.337490,Dubai-040f,38,66,Normal
2026-02-16 17:06:53.337490,Dubai-040f,33,49,Normal
2026-02-16 17:06:54.337490,Dubai-040f,0,34,Normal
2026-02-16 17:06:55.337490,Dubai-040f,35,65,Normal
2026-02-16 17:06:56.337490,Dubai-040f,-20,50,Normal
2026-02-16 17:06:57.337490,Dubai-040f,-5,61,Normal
2026-02-16 17:06:58.337490,Dubai-040f,-23,35,Normal
2026-02-16 17:06:59.337490,Dubai-040f,-30,17,Normal
2026-02-16 17:07:00.337490,Dubai-040f,30,86,Normal
2026-02-16 17:07:01.337490,Dubai-040f,50,97,Normal
2026-02-16 17:07:02.337490,Dubai-040f,-19,50,Normal
2026-02-16 17:07:03.337490,Dubai-040f,2,10,Normal
2026-02-16 17:07:04.337490,Dubai-040f,42,58,Normal
2026-02-16 17:07:05.337490,Dubai-040f,38,35,Normal
2026-02-16 17:07:06.337490,Dubai-040f,45,62,Normal
2026-02-16 17:07:07.337490,Dubai-040f,0,83,Normal
2026-02-16 17:07:08.337490,Dubai-040f,-4,27,Normal
2026-02-16 17:07:09.337490,Dubai-040f,40,17,Normal
2026-02-16 17:07:10.337490,Dubai-040f,30,79,Normal
2026-02-16 17:07:11.337490,Dubai-040f,35,30,Normal
2026-02-16 17:07:12.337490,Dubai-040f,39,24,Normal
2026-02-16 17:07:13.337490,Dubai-040f,-12,93,Normal
2026-02-16 17:07:14.337490,Dubai-040f,22,88,Normal
2026-02-16 17:07:15.337490,Dubai-040f,47,17,Normal
2026-02-16 17:07:16.337490,Dubai-040f,9,47,Normal
2026-02-16 17:07:17.337490,Dubai-040f,48,18,Normal
2026-02-16 17:07:18.337490,Dubai-040f,-2,57,Normal
2026-02-16 17:07:19.337490,Dubai-040f,-21,81,Normal
2026-02-16 17:07:20.337490,Dubai-040f,1,40,Normal
2026-02-16 17:07:21.337490,Dubai-040f,-19,76,Normal
2026-02-16 17:07:22.337490,Dubai-040f,-14,12,Normal
2026-02-16 17:07:23.337490,Dubai-040f,-12,23,Normal
2026-02-16 17:07:24.337490,Dubai-040f,18,36,Normal
2026-02-16 17:07:25.337490,Dubai-040f,23,65,Normal
2026-02-16 17:07:26.337490,Dubai-040f,42,67,Normal
2026-02-16 17:07:27.337490,Dubai-040f,-11,73,Normal
2026-02-16 17:07:28.337490,Dubai-040f,-19,33,Normal
2026-02-16 17:07:29.337490,Dubai-040f,50,48,Normal
2026-02-16 17:07:30.337490,Dubai-040f,-25,15,Normal
2026-02-16 17:07:31.337490,Dubai-040f,9,23,Normal
2026-02-16 17:07:32.337490,Dubai-040f,-3,71,Normal
2026-02-16 17:07:33.337490,Dubai-040f,47,3,Normal
2026-02-16 17:07:34.337490,Dubai-040f,-25,65,Normal
2026-02-16 17:07:35.337490,Dubai-040f,5,27,Normal
2026-02-16 17:07:36.337490,Dubai-040f,-16,11,Normal
2026-02-16 17:07:37.337490,Dubai-040f,-8,38,Normal
2026-02-16 17:07:38.337490,Dubai-040f,11,34,Normal
2026-02-16 17:07:39.337490,Dubai-040f,-27,77,Normal
2026-02-16 17:07:40.337490,Dubai-040f,42,96,Normal
2026-02-16 17:07:41.337490,Dubai-040f,-26,52,Normal
2026-02-16 17:07:42.337490,Dubai-040f,7,47,Normal
2026-02-16 17:07:43.337490,Dubai-040f,7,43,Normal
2026-02-16 17:07:44.337490,Dubai-040f,27,46,Normal
2026-02-16 17:07:45.337490,Dubai-040f,21,67,Normal
2026-02-16 17:07:46.337490,Dubai-040f,-10,95,Normal
2026-02-16 17:07:47.337490,Dubai-040f,-30,96,Normal
2026-02-16 17:07:48.337490,Dubai-040f,42,11,Normal
2026-02-16 17:07:49.337490,Dubai-040f,23,44,Normal
2026-02-16 17:07:50.337490,Dubai-040f,40,11,Normal
2026-02-16 17:07:51.337490,Dubai-040f,12,11,Normal
2026-02-16 17:07:52.337490,Dubai-040f,3,52,Normal
2026-02-16 17:07:53.337490,Dubai-040f,45,54,Normal
2026-02-16 17:07:54.337490,Dubai-040f,10,7,Normal
2026-02-16 17:07:55.337490,Dubai-040f,-23,88,Normal
2026-02-16 17:07:56.337490,Dubai-040f,27,59,Normal
2026-02-16 17:07:57.337490,Dubai-040f,-13,31,Normal
2026-02-16 17:07:58.337490,Dubai-040f,-12,65,Normal
2026-02-16 17:07:59.337490,Dubai-040f,-1,3,Normal
2026-02-16 17:08:00.337490,Dubai-040f,24,57,Normal
2026-02-16 17:08:01.337490,Dubai-040f,42,16,Normal
2026-02-16 17:08:02.337490,Dubai-040f,27,88,Normal
2026-02-16 17:08:03.337490,Dubai-040f,-4,35,Normal
2026-02-16 17:08:04.337490,Dubai-040f,-13,87,Normal
2026-02-16 17:08:05.337490,Dubai-040f,-18,56,Normal
2026-02-16 17:08:06.337490,Dubai-040f,-20,66,Normal
2026-02-16 17:08:07.337490,Dubai-040f,22,46,Normal
2026-02-16 17:08:08.337490,Dubai-040f,47,94,Normal
2026-02-16 17:08:09.337490,Dubai-040f,11,67,Normal
2026-02-16 17:08:10.337490,Dubai-040f,35,30,Normal
2026-02-16 17:08:11.337490,Dubai-040f,-15,68,Normal
2026-02-16 17:08:12.337490,Dubai-040f,-24,71,Normal
2026-02-16 17:08:13.337490,Dubai-040f,-30,86,Normal
2026-02-16 17:08:14.337490,Dubai-040f,18,75,Normal
2026-02-16 17:08:15.337490,Dubai-040f,25,70,Normal
2026-02-16 17:08:16.337490,Dubai-040f,4,0,Normal
2026-02-16 17:08:17.337490,Dubai-040f,6,83,Normal
2026-02-16 17:08:18.337490,Dubai-040f,7,6,Normal
2026-02-16 17:08:19.337490,Dubai-040f,20,12,Normal
2026-02-16 17:08:20.337490,Dubai-040f,1,54,Normal
2026-02-16 17:08:21.337490,Dubai-040f,-21,93,Normal
2026-02-16 17:08:22.337490,Dubai-040f,-27,86,Normal
2026-02-16 17:08:23.337490,Dubai-040f,-26,53,Normal
2026-02-16 17:08:24.337490,Dubai-040f,-21,3,Normal
2026-02-16 17:08:25.337490,Dubai-040f,-30,20,Normal
2026-02-16 17:08:26.337490,Dubai-040f,37,54,Normal
2026-02-16 17:08:27.337490,Dubai-040f,43,38,Normal
2026-02-16 17:08:28.337490,Dubai-040f,38,90,Normal
2026-02-16 17:08:29.337490,Dubai-040f,27,94,Normal
2026-02-16 17:08:30.337490,Dubai-040f,22,18,Normal
2026-02-16 17:08:31.337490,Dubai-040f,-2,43,Normal
2026-02-16 17:08:32.337490,Dubai-040f,-1,52,Normal
2026-02-16 17:08:33.337490,Dubai-040f,29,9,Normal
2026-02-16 17:08:34.337490,Dubai-040f,-20,40,Normal
2026-02-16 17:08:35.337490,Dubai-040f,12,42,Normal
2026-02-16 17:08:36.337490,Dubai-040f,43,32,Normal
2026-02-16 17:08:37.337490,Dubai-040f,22,28,Normal
2026-02-16 17:08:38.337490,Dubai-040f,30,52,Normal
2026-02-16 17:08:39.337490,Dubai-040f,23,41,Normal
2026-02-16 17:08:40.337490,Dubai-040f,17,69,Normal
2026-02-16 17:08:41.337490,Dubai-040f,9,49,Normal
2026-02-16 17:08:42.337490,Dubai-040f,24,17,Normal
2026-02-16 17:08:43.337490,Dubai-040f,45,10,Normal
2026-02-16 17:08:44.337490,Dubai-040f,39,34,Normal
2026-02-16 17:08:45.337490,Dubai-040f,-5,100,Normal
2026-02-16 17:08:46.337490,Dubai-040f,-14,22,Normal
2026-02-16 17:08:47.337490,Dubai-040f,6,31,Normal
2026-02-16 17:08:48.337490,Dubai-040f,48,41,Normal
2026-02-16 17:08:49.337490,Dubai-040f,26,47,Normal
2026-02-16 17:08:50.337490,Dubai-040f,48,75,Normal
2026-02-16 17:08:51.337490,Dubai-040f,-16,74,Normal
2026-02-16 17:08:52.337490,Dubai-040f,0,0,Normal
2026-02-16 17:08:53.337490,Dubai-040f,-14,69,Normal
2026-02-16 17:08:54.337490,Dubai-040f,-17,6,Normal
2026-02-16 17:08:55.337490,Dubai-040f,6,4,Normal
2026-02-16 17:08:56.337490,Dubai-040f,-11,55,Normal
2026-02-16 17:08:57.337490,Dubai-040f,9,19,Normal
2026-02-16 17:08:58.337490,Dubai-040f,-2,53,Normal
2026-02-16 17:08:59.337490,Dubai-040f,42,53,Normal
2026-02-16 17:09:00.337490,Dubai-040f,-15,45,Normal
2026-02-16 17:09:01.337490,Dubai-040f,12,4,Normal
2026-02-16 17:09:02.337490,Dubai-040f,-20,68,Normal
2026-02-16 17:09:03.337490,Dubai-040f,-21,14,Normal
2026-02-16 17:09:04.337490,Dubai-040f,8,85,Normal
2026-02-16 17:09:05.337490,Dubai-040f,16,40,Normal
2026-02-16 17:09:06.337490,Dubai-040f,2,15,Normal
2026-02-16 17:09:07.337490,Dubai-040f,-8,18,Normal
2026-02-16 17:09:08.337490,Dubai-040f,3,52,Normal
2026-02-16 17:09:09.337490,Dubai-040f,-21,53,Normal
2026-02-16 17:09:10.337490,Dubai-040f,11,6,Normal
2026-02-16 17:09:11.337490,Dubai-040f,-17,10,Normal
2026-02-16 17:09:12.337490,Dubai-040f,44,1,Normal
2026-02-16 17:09:13.337490,Dubai-040f,-14,32,Normal
2026-02-16 17:09:14.337490,Dubai-040f,5,73,Normal
2026-02-16 17:09:15.337490,Dubai-040f,7,71,Normal
2026-02-16 17:09:16.337490,Dubai-040f,41,52,Normal
2026-02-16 17:09:17.337490,Dubai-040f,45,47,Normal
2026-02-16 17:09:18.337490,Dubai-040f,-28,5,Normal
2026-02-16 17:09:19.337490,Dubai-040f,50,87,Normal
2026-02-16 17:09:20.337490,Dubai-040f,14,20,Normal
2026-02-16 17:09:21.337490,Dubai-040f,44,33,Normal
2026-02-16 17:09:22.337490,Dubai-040f,-8,85,Normal
2026-02-16 17:09:23.337490,Dubai-040f,11,33,Normal
2026-02-16 17:09:24.337490,Dubai-040f,30,92,Normal
2026-02-16 17:09:25.337490,Dubai-040f,-4,75,Normal
2026-02-16 17:09:26.337490,Dubai-040f,-19,14,Normal
2026-02-16 17:09:27.337490,Dubai-040f,-20,33,Normal
2026-02-16 17:09:28.337490,Dubai-040f,-11,72,Normal
2026-02-16 17:09:29.337490,Dubai-040f,47,41,Normal
2026-02-16 17:09:30.337490,Dubai-040f,18,72,Normal
2026-02-16 17:09:31.337490,Dubai-040f,35,82,Normal
2026-02-16 17:09:32.337490,Dubai-040f,45,35,Normal
2026-02-16 17:09:33.337490,Dubai-040f,9,44,Normal
2026-02-16 17:09:34.337490,Dubai-040f,28,17,Normal
2026-02-16 17:09:35.337490,Dubai-040f,44,63,Normal
2026-02-16 17:09:36.337490,Dubai-040f,15,99,Normal
2026-02-16 17:09:37.337490,Dubai-040f,-2,10,Normal
2026-02-16 17:09:38.337490,Dubai-040f,44,90,Normal
2026-02-16 17:09:39.337490,Dubai-040f,-11,82,Normal
2026-02-16 17:09:40.337490,Dubai-040f,18,38,Normal
2026-02-16 17:09:41.337490,Dubai-040f,42,82,Normal
2026-02-16 17:09:42.337490,Dubai-040f,-30,42,Normal
2026-02-16 17:09:43.337490,Dubai-040f,-12,10,Normal
2026-02-16 17:09:44.337490,Dubai-040f,27,75,Normal
2026-02-16 17:09:45.337490,Dubai-040f,-4,30,Normal
2026-02-16 17:09:46.337490,Dubai-040f,-29,15,Normal
2026-02-16 17:09:47.337490,Dubai-040f,-16,77,Normal
2026-02-16 17:09:48.337490,Dubai-040f,-17,92,Normal
2026-02-16 17:09:49.337490,Dubai-040f,50,37,Normal
2026-02-16 17:09:50.337490,Dubai-040f,42,40,Normal
2026-02-16 17:09:51.337490,Dubai-040f,-12,53,Normal
2026-02-16 17:09:52.337490,Dubai-040f,42,76,Normal
2026-02-16 17:09:53.337490,Dubai-040f,30,90,Normal
2026-02-16 17:09:54.337490,Dubai-040f,7,52,Normal
2026-02-16 17:09:55.337490,Dubai-040f,-27,24,Normal
2026-02-16 17:09:56.337490,Dubai-040f,-30,74,Normal
2026-02-16 17:09:57.337490,Dubai-040f,37,50,Normal
2026-02-16 17:09:58.337490,Dubai-040f,-2,25,Normal
2026-02-16 17:09:59.337490,Dubai-040f,21,60,Normal
2026-02-16 17:10:00.337490,Dubai-040f,31,38,Normal
2026-02-16 17:10:01.337490,Dubai-040f,11,23,Normal
2026-02-16 17:10:02.337490,Dubai-040f,-8,96,Normal
2026-02-16 17:10:03.337490,Dubai-040f,39,16,Normal
2026-02-16 17:10:04.337490,Dubai-040f,8,71,Normal
2026-02-16 17:10:05.337490,Dubai-040f,-29,44,Normal
2026-02-16 17:10:06.337490,Dubai-040f,-8,5,Normal
2026-02-16 17:10:07.337490,Dubai-040f,-5,68,Normal
2026-02-16 17:10:08.337490,Dubai-040f,12,33,Normal
2026-02-16 17:10:09.337490,Dubai-040f,42,89,Normal
2026-02-16 17:10:10.337490,Dubai-040f,32,68,Normal
2026-02-16 17:10:11.337490,Dubai-040f,-16,32,Normal
2026-02-16 17:10:12.337490,Dubai-040f,-6,83,Normal
2026-02-16 17:10:13.337490,Dubai-040f,46,21,Normal
2026-02-16 17:10:14.337490,Dubai-040f,48,3,Normal
2026-02-16 17:10:15.337490,Dubai-040f,16,23,Normal
2026-02-16 17:10:16.337490,Dubai-040f,-24,41,Normal
2026-02-16 17:10:17.337490,Dubai-040f,30,49,Normal
2026-02-16 17:10:18.337490,Dubai-040f,16,41,Normal
2026-02-16 17:10:19.337490,Dubai-040f,-25,56,Normal
2026-02-16 17:10:20.337490,Dubai-040f,-13,38,Normal
2026-02-16 17:10:21.337490,Dubai-040f,22,4,Normal
2026-02-16 17:10:22.337490,Dubai-040f,8,15,Normal
2026-02-16 17:10:23.337490,Dubai-040f,46,60,Normal
2026-02-16 17:10:24.337490,Dubai-040f,1,3,Normal
2026-02-16 17:10:25.337490,Dubai-040f,28,2,Normal
2026-02-16 17:10:26.337490,Dubai-040f,-24,22,Normal
2026-02-16 17:10:27.337490,Dubai-040f,48,62,Normal
2026-02-16 17:10:28.337490,Dubai-040f,-23,100,Normal
2026-02-16 17:10:29.337490,Dubai-040f,27,14,Normal
2026-02-16 17:10:30.337490,Dubai-040f,-1,31,Normal
2026-02-16 17:10:31.337490,Dubai-040f,38,23,Normal
2026-02-16 17:10:32.337490,Dubai-040f,33,80,Normal
2026-02-16 17:10:33.337490,Dubai-040f,39,0,Normal
2026-02-16 17:10:34.337490,Dubai-040f,15,71,Normal
2026-02-16 17:10:35.337490,Dubai-040f,14,0,Normal
2026-02-16 17:10:36.337490,Dubai-040f,-30,55,Normal
2026-02-16 17:10:37.337490,Dubai-040f,15,83,Normal
2026-02-16 17:10:38.337490,Dubai-040f,-9,61,Normal
2026-02-16 17:10:39.337490,Dubai-040f,-26,10,Normal
2026-02-16 17:10:40.337490,Dubai-040f,45,35,Normal
2026-02-16 17:10:41.337490,Dubai-040f,-27,40,Normal
2026-02-16 17:10:42.337490,Dubai-040f,4,97,Normal
2026-02-16 17:10:43.337490,Dubai-040f,-22,58,Normal
2026-02-16 17:10:44.337490,Dubai-040f,39,84,Normal
2026-02-16 17:10:45.337490,Dubai-040f,-28,99,Normal
2026-02-16 17:10:46.337490,Dubai-040f,-4,13,Normal
2026-02-16 17:10:47.337490,Dubai-040f,7,33,Normal
2026-02-16 17:10:48.337490,Dubai-040f,24,78,Normal
2026-02-16 17:10:49.337490,Dubai-040f,-12,79,Normal
2026-02-16 17:10:50.337490,Dubai-040f,35,15,Normal
2026-02-16 17:10:51.337490,Dubai-040f,36,86,Normal
2026-02-16 17:10:52.337490,Dubai-040f,4,18,Normal
2026-02-16 17:10:53.337490,Dubai-040f,40,87,Normal
2026-02-16 17:10:54.337490,Dubai-040f,-28,50,Normal
2026-02-16 17:10:55.337490,Dubai-040f,46,98,Normal
2026-02-16 17:10:56.337490,Dubai-040f,41,100,Normal
2026-02-16 17:10:57.337490,Dubai-040f,-28,64,Normal
2026-02-16 17:10:58.337490,Dubai-040f,-24,22,Normal
2026-02-16 17:10:59.337490,Dubai-040f,-8,90,Normal
2026-02-16 17:11:00.337490,Dubai-040f,46,25,Normal
2026-02-16 17:11:01.337490,Dubai-040f,-16,9,Normal
2026-02-16 17:11:02.337490,Dubai-040f,-25,44,Normal
2026-02-16 17:11:03.337490,Dubai-040f,-21,17,Normal
2026-02-16 17:11:04.337490,Dubai-040f,31,18,Normal
2026-02-16 17:11:05.337490,Dubai-040f,10,73,Normal
2026-02-16 17:11:06.337490,Dubai-040f,-7,7,Normal
2026-02-16 17:11:07.337490,Dubai-040f,16,29,Normal
2026-02-16 17:11:08.337490,Dubai-040f,5,1,Normal
2026-02-16 17:11:09.337490,Dubai-040f,-16,27,Normal
2026-02-16 17:11:10.337490,Dubai-040f,-30,7,Normal
2026-02-16 17:11:11.337490,Dubai-040f,33,55,Normal
2026-02-16 17:11:12.337490,Dubai-040f,1,94,Normal
2026-02-16 17:11:13.337490,Dubai-040f,5,74,Normal
2026-02-16 17:11:14.337490,Dubai-040f,-11,50,Normal
2026-02-16 17:11:15.337490,Dubai-040f,12,36,Normal
2026-02-16 17:11:16.337490,Dubai-040f,37,32,Normal
2026-02-16 17:11:17.337490,Dubai-040f,24,36,Normal
2026-02-16 17:11:18.337490,Dubai-040f,-22,5,Normal
2026-02-16 17:11:19.337490,Dubai-040f,-29,94,Normal
2026-02-16 17:11:20.337490,Dubai-040f,34,6,Normal
2026-02-16 17:11:21.337490,Dubai-040f,-18,18,Normal
2026-02-16 17:11:22.337490,Dubai-040f,18,55,Normal
2026-02-16 17:11:23.337490,Dubai-040f,-10,47,Normal
2026-02-16 17:11:24.337490,Dubai-040f,11,57,Normal
2026-02-16 17:11:25.337490,Dubai-040f,18,45,Normal
2026-02-16 17:11:26.337490,Dubai-040f,-20,8,Normal
2026-02-16 17:11:27.337490,Dubai-040f,4,94,Normal
2026-02-16 17:11:28.337490,Dubai-040f,40,89,Normal
2026-02-16 17:11:29.337490,Dubai-040f,29,43,Normal
2026-02-16 17:11:30.337490,Dubai-040f,50,25,Normal
2026-02-16 17:11:31.337490,Dubai-040f,14,56,Normal
2026-02-16 17:11:32.337490,Dubai-040f,30,88,Normal
2026-02-16 17:11:33.337490,Dubai-040f,28,32,Normal
2026-02-16 17:11:34.337490,Dubai-040f,19,1,Normal
2026-02-16 17:11:35.337490,Dubai-040f,3,52,Normal
2026-02-16 17:11:36.337490,Dubai-040f,47,2,Normal
2026-02-16 17:11:37.337490,Dubai-040f,46,44,Normal
2026-02-16 17:11:38.337490,Dubai-040f,29,87,Normal
2026-02-16 17:11:39.337490,Dubai-040f,19,15,Normal
2026-02-16 17:11:40.337490,Dubai-040f,40,100,Normal
2026-02-16 17:11:41.337490,Dubai-040f,-9,43,Normal
2026-02-16 17:11:42.337490,Dubai-040f,35,9,Normal
2026-02-16 17:11:43.337490,Dubai-040f,3,43,Normal
2026-02-16 17:11:44.337490,Dubai-040f,7,52,Normal
2026-02-16 17:11:45.337490,Dubai-040f,-14,78,Normal
2026-02-16 17:11:46.337490,Dubai-040f,22,28,Normal
2026-02-16 17:11:47.337490,Dubai-040f,48,51,Normal
2026-02-16 17:11:48.337490,Dubai-040f,-5,5,Normal
2026-02-16 17:11:49.337490,Dubai-040f,25,48,Normal
2026-02-16 17:11:50.337490,Dubai-040f,13,12,Normal
2026-02-16 17:11:51.337490,Dubai-040f,45,66,Normal
2026-02-16 17:11:52.337490,Dubai-040f,-15,96,Normal
2026-02-16 17:11:53.337490,Dubai-040f,36,20,Normal
2026-02-16 17:11:54.337490,Dubai-040f,-24,84,Normal
2026-02-16 17:11:55.337490,Dubai-040f,34,96,Normal
2026-02-16 17:11:56.337490,Dubai-040f,14,22,Normal
2026-02-16 17:11:57.337490,Dubai-040f,28,91,Normal
2026-02-16 17:11:58.337490,Dubai-040f,-7,10,Normal
2026-02-16 17:11:59.337490,Dubai-040f,-29,79,Normal
2026-02-16 17:12:00.337490,Dubai-040f,-1,29,Normal
2026-02-16 17:12:01.337490,Dubai-040f,14,96,Normal
2026-02-16 17:12:02.337490,Dubai-040f,47,92,Normal
2026-02-16 17:12:03.337490,Dubai-040f,17,94,Normal
2026-02-16 17:12:04.337490,Dubai-040f,-24,53,Normal
2026-02-16 17:12:05.337490,Dubai-040f,42,43,Normal
2026-02-16 17:12:06.337490,Dubai-040f,-27,50,Normal
2026-02-16 17:12:07.337490,Dubai-040f,-19,11,Normal
2026-02-16 17:12:08.337490,Dubai-040f,18,21,Normal
2026-02-16 17:12:09.337490,Dubai-040f,13,34,Normal
2026-02-16 17:12:10.337490,Dubai-040f,-27,60,Normal
2026-02-16 17:12:11.337490,Dubai-040f,-19,9,Normal
2026-02-16 17:12:12.337490,Dubai-040f,-1,6,Normal
2026-02-16 17:12:13.337490,Dubai-040f,27,75,Normal
2026-02-16 17:12:14.337490,Dubai-040f,14,6,Normal
2026-02-16 17:12:15.337490,Dubai-040f,-28,85,Normal
2026-02-16 17:12:16.337490,Dubai-040f,33,65,Normal
2026-02-16 17:12:17.337490,Dubai-040f,44,41,Normal
2026-02-16 17:12:18.337490,Dubai-040f,0,31,Normal
2026-02-16 17:12:19.337490,Dubai-040f,3,93,Normal
2026-02-16 17:12:20.337490,Dubai-040f,-18,40,Normal
2026-02-16 17:12:21.337490,Dubai-040f,-24,9,Normal
2026-02-16 17:12:22.337490,Dubai-040f,34,4,Normal
2026-02-16 17:12:23.337490,Dubai-040f,20,46,Normal
2026-02-16 17:12:24.337490,Dubai-040f,0,99,Normal
2026-02-16 17:12:25.337490,Dubai-040f,20,33,Normal
2026-02-16 17:12:26.337490,Dubai-040f,9,80,Normal
2026-02-16 17:12:27.337490,Dubai-040f,4,80,Normal
2026-02-16 17:12:28.337490,Dubai-040f,12,92,Normal
2026-02-16 17:12:29.337490,Dubai-040f,-4,15,Normal
2026-02-16 17:12:30.337490,Dubai-040f,19,47,Normal
2026-02-16 17:12:31.337490,Dubai-040f,27,72,Normal
2026-02-16 17:12:32.337490,Dubai-040f,42,90,Normal
2026-02-16 17:12:33.337490,Dubai-040f,-8,80,Normal
2026-02-16 17:12:34.337490,Dubai-040f,21,64,Normal
2026-02-16 17:12:35.337490,Dubai-040f,32,22,Normal
2026-02-16 17:12:36.337490,Dubai-040f,-1,51,Normal
2026-02-16 17:12:37.337490,Dubai-040f,-15,76,Normal
2026-02-16 17:12:38.337490,Dubai-040f,35,24,Normal
2026-02-16 17:12:39.337490,Dubai-040f,50,82,Normal
2026-02-16 17:12:40.337490,Dubai-040f,33,24,Normal
2026-02-16 17:12:41.337490,Dubai-040f,-7,51,Normal
2026-02-16 17:12:42.337490,Dubai-040f,-30,46,Normal
2026-02-16 17:12:43.337490,Dubai-040f,-17,31,Normal
2026-02-16 17:12:44.337490,Dubai-040f,22,0,Normal
2026-02-16 17:12:45.337490,Dubai-040f,13,7,Normal
2026-02-16 17:12:46.337490,Dubai-040f,42,57,Normal
2026-02-16 17:12:47.337490,Dubai-040f,-13,74,Normal
2026-02-16 17:12:48.337490,Dubai-040f,18,91,Normal
2026-02-16 17:12:49.337490,Dubai-040f,-4,64,Normal
2026-02-16 17:12:50.337490,Dubai-040f,32,20,Normal
2026-02-16 17:12:51.337490,Dubai-040f,-4,0,Normal
2026-02-16 17:12:52.337490,Dubai-040f,-19,72,Normal
2026-02-16 17:12:53.337490,Dubai-040f,-20,99,Normal
2026-02-16 17:12:54.337490,Dubai-040f,12,57,Normal
2026-02-16 17:12:55.337490,Dubai-040f,3,47,Normal
2026-02-16 17:12:56.337490,Dubai-040f,-4,42,Normal
2026-02-16 17:12:57.337490,Dubai-040f,4,87,Normal
2026-02-16 17:12:58.337490,Dubai-040f,4,41,Normal
2026-02-16 17:12:59.337490,Dubai-040f,-24,67,Normal
2026-02-16 17:13:00.337490,Dubai-040f,-10,14,Normal
2026-02-16 17:13:01.337490,Dubai-040f,-6,21,Normal
2026-02-16 17:13:02.337490,Dubai-040f,5,40,Normal
2026-02-16 17:13:03.337490,Dubai-040f,33,13,Normal
2026-02-16 17:13:04.337490,Dubai-040f,-23,17,Normal
2026-02-16 17:13:05.337490,Dubai-040f,15,7,Normal
2026-02-16 17:13:06.337490,Dubai-040f,-27,48,Normal
2026-02-16 17:13:07.337490,Dubai-040f,41,56,Normal
2026-02-16 17:13:08.337490,Dubai-040f,-28,67,Normal
2026-02-16 17:13:09.337490,Dubai-040f,32,82,Normal
2026-02-16 17:13:10.337490,Dubai-040f,-16,85,Normal
2026-02-16 17:13:11.337490,Dubai-040f,-25,89,Normal
2026-02-16 17:13:12.337490,Dubai-040f,33,55,Normal
2026-02-16 17:13:13.337490,Dubai-040f,29,99,Normal
2026-02-16 17:13:14.337490,Dubai-040f,25,33,Normal
2026-02-16 17:13:15.337490,Dubai-040f,-18,95,Normal
2026-02-16 17:13:16.337490,Dubai-040f,2,88,Normal
2026-02-16 17:13:17.337490,Dubai-040f,16,81,Normal
2026-02-16 17:13:18.337490,Dubai-040f,-9,13,Normal
2026-02-16 17:13:19.337490,Dubai-040f,-11,45,Normal
2026-02-16 17:13:20.337490,Dubai-040f,-7,86,Normal
2026-02-16 17:13:21.337490,Dubai-040f,45,27,Normal
2026-02-16 17:13:22.337490,Dubai-040f,5,0,Normal
2026-02-16 17:13:23.337490,Dubai-040f,29,17,Normal
2026-02-16 17:13:24.337490,Dubai-040f,-30,27,Normal
2026-02-16 17:13:25.337490,Dubai-040f,18,35,Normal
2026-02-16 17:13:26.337490,Dubai-040f,43,27,Normal
2026-02-16 17:13:27.337490,Dubai-040f,33,52,Normal
2026-02-16 17:13:28.337490,Dubai-040f,-11,10,Normal
2026-02-16 17:13:29.337490,Dubai-040f,22,21,Normal
2026-02-16 17:13:30.337490,Dubai-040f,30,87,Normal
2026-02-16 17:13:31.337490,Dubai-040f,1,24,Normal
2026-02-16 17:13:32.337490,Dubai-040f,-22,97,Normal
2026-02-16 17:13:33.337490,Dubai-040f,40,63,Normal
2026-02-16 17:13:34.337490,Dubai-040f,-9,49,Normal
2026-02-16 17:13:35.337490,Dubai-040f,50,30,Normal
2026-02-16 17:13:36.337490,Dubai-040f,15,33,Normal
2026-02-16 17:13:37.337490,Dubai-040f,-13,81,Normal
2026-02-16 17:13:38.337490,Dubai-040f,-25,68,Normal
2026-02-16 17:13:39.337490,Dubai-040f,-16,52,Normal
2026-02-16 17:13:40.337490,Dubai-040f,27,33,Normal
2026-02-16 17:13:41.337490,Dubai-040f,8,63,Normal
2026-02-16 17:13:42.337490,Dubai-040f,-21,3,Normal
2026-02-16 17:13:43.337490,Dubai-040f,27,92,Normal
2026-02-16 17:13:44.337490,Dubai-040f,15,61,Normal
2026-02-16 17:13:45.337490,Dubai-040f,-26,65,Normal
2026-02-16 17:13:46.337490,Dubai-040f,40,99,Normal
2026-02-16 17:13:47.337490,Dubai-040f,44,61,Normal
2026-02-16 17:13:48.337490,Dubai-040f,-22,100,Normal
2026-02-16 17:13:49.337490,Dubai-040f,-1,31,Normal
2026-02-16 17:13:50.337490,Dubai-040f,-7,48,Normal
2026-02-16 17:13:51.337490,Dubai-040f,48,31,Normal
2026-02-16 17:13:52.337490,Dubai-040f,-9,29,Normal
2026-02-16 17:13:53.337490,Dubai-040f,28,3,Normal
2026-02-16 17:13:54.337490,Dubai-040f,24,29,Normal
2026-02-16 17:13:55.337490,Dubai-040f,-5,7,Normal
2026-02-16 17:13:56.337490,Dubai-040f,-3,34,Normal
2026-02-16 17:13:57.337490,Dubai-040f,44,67,Normal
2026-02-16 17:13:58.337490,Dubai-040f,39,65,Normal
2026-02-16 17:13:59.337490,Dubai-040f,-21,86,Normal
2026-02-16 17:14:00.337490,Dubai-040f,-17,34,Normal
2026-02-16 17:14:01.337490,Dubai-040f,-24,6,Normal
2026-02-16 17:14:02.337490,Dubai-040f,-10,60,Normal
2026-02-16 17:14:03.337490,Dubai-040f,24,67,Normal
2026-02-16 17:14:04.337490,Dubai-040f,-2,59,Normal
2026-02-16 17:14:05.337490,Dubai-040f,-15,58,Normal
2026-02-16 17:14:06.337490,Dubai-040f,8,77,Normal
2026-02-16 17:14:07.337490,Dubai-040f,-15,26,Normal
2026-02-16 17:14:08.337490,Dubai-040f,-7,99,Normal
2026-02-16 17:14:09.337490,Dubai-040f,6,89,Normal
2026-02-16 17:14:10.337490,Dubai-040f,-28,90,Normal
2026-02-16 17:14:11.337490,Dubai-040f,0,89,Normal
2026-02-16 17:14:12.337490,Dubai-040f,2,23,Normal
2026-02-16 17:14:13.337490,Dubai-040f,-2,100,Normal
2026-02-16 17:14:14.337490,Dubai-040f,40,76,Normal
2026-02-16 17:14:15.337490,Dubai-040f,33,13,Normal
2026-02-16 17:14:16.337490,Dubai-040f,-10,33,Normal
2026-02-16 17:14:17.337490,Dubai-040f,-22,61,Normal
2026-02-16 17:14:18.337490,Dubai-040f,16,14,Normal
2026-02-16 17:14:19.337490,Dubai-040f,-23,43,Normal
2026-02-16 17:14:20.337490,Dubai-040f,11,54,Normal
2026-02-16 17:14:21.337490,Dubai-040f,7,32,Normal
2026-02-16 17:14:22.337490,Dubai-040f,-22,59,Normal
2026-02-16 17:14:23.337490,Dubai-040f,5,51,Normal
2026-02-16 17:14:24.337490,Dubai-040f,-7,57,Normal
2026-02-16 17:14:25.337490,Dubai-040f,41,77,Normal
2026-02-16 17:14:26.337490,Dubai-040f,40,44,Normal
2026-02-16 17:14:27.337490,Dubai-040f,31,52,Normal
2026-02-16 17:14:28.337490,Dubai-040f,35,9,Normal
2026-02-16 17:14:29.337490,Dubai-040f,-23,75,Normal
2026-02-16 17:14:30.337490,Dubai-040f,7,69,Normal
2026-02-16 17:14:31.337490,Dubai-040f,-9,67,Normal
2026-02-16 17:14:32.337490,Dubai-040f,-22,56,Normal
2026-02-16 17:14:33.337490,Dubai-040f,28,1,Normal
2026-02-16 17:14:34.337490,Dubai-040f,-21,66,Normal
2026-02-16 17:14:35.337490,Dubai-040f,-13,15,Normal
2026-02-16 17:14:36.337490,Dubai-040f,-12,70,Normal
2026-02-16 17:14:37.337490,Dubai-040f,30,62,Normal
2026-02-16 17:14:38.337490,Dubai-040f,-4,28,Normal
2026-02-16 17:14:39.337490,Dubai-040f,26,86,Normal
2026-02-16 17:14:40.337490,Dubai-040f,9,78,Normal
2026-02-16 17:14:41.337490,Dubai-040f,44,7,Normal
2026-02-16 17:14:42.337490,Dubai-040f,-27,83,Normal
2026-02-16 17:14:43.337490,Dubai-040f,16,48,Normal
2026-02-16 17:14:44.337490,Dubai-040f,12,46,Normal
2026-02-16 17:14:45.337490,Dubai-040f,30,80,Normal
2026-02-16 17:14:46.337490,Dubai-040f,6,52,Normal
2026-02-16 17:14:47.337490,Dubai-040f,20,1,Normal
2026-02-16 17:14:48.337490,Dubai-040f,-15,79,Normal
2026-02-16 17:14:49.337490,Dubai-040f,0,6,Normal
2026-02-16 17:14:50.337490,Dubai-040f,18,26,Normal
2026-02-16 17:14:51.337490,Dubai-040f,-22,73,Normal
2026-02-16 17:14:52.337490,Dubai-040f,43,63,Normal
2026-02-16 17:14:53.337490,Dubai-040f,-15,36,Normal
2026-02-16 17:14:54.337490,Dubai-040f,-25,33,Normal
2026-02-16 17:14:55.337490,Dubai-040f,29,41,Normal
2026-02-16 17:14:56.337490,Dubai-040f,6,89,Normal
2026-02-16 17:14:57.337490,Dubai-040f,38,17,Normal
2026-02-16 17:14:58.337490,Dubai-040f,13,7,Normal
2026-02-16 17:14:59.337490,Dubai-040f,46,80,Normal
2026-02-16 17:15:00.337490,Dubai-040f,37,68,Normal
2026-02-16 17:15:01.337490,Dubai-040f,-12,73,Normal
2026-02-16 17:15:02.337490,Dubai-040f,16,67,Normal
2026-02-16 17:15:03.337490,Dubai-040f,16,17,Normal
2026-02-16 17:15:04.337490,Dubai-040f,46,32,Normal
2026-02-16 17:15:05.337490,Dubai-040f,-22,41,Normal
2026-02-16 17:15:06.337490,Dubai-040f,42,34,Normal
2026-02-16 17:15:07.337490,Dubai-040f,-28,28,Normal
2026-02-16 17:15:08.337490,Dubai-040f,19,70,Normal
2026-02-16 17:15:09.337490,Dubai-040f,20,87,Normal
2026-02-16 17:15:10.337490,Dubai-040f,44,46,Normal
2026-02-16 17:15:11.337490,Dubai-040f,25,73,Normal
2026-02-16 17:15:12.337490,Dubai-040f,22,83,Normal
2026-02-16 17:15:13.337490,Dubai-040f,24,93,Normal
2026-02-16 17:15:14.337490,Dubai-040f,-19,76,Normal
2026-02-16 17:15:15.337490,Dubai-040f,-25,21,Normal
2026-02-16 17:15:16.337490,Dubai-040f,-28,52,Normal
2026-02-16 17:15:17.337490,Dubai-040f,28,27,Normal
2026-02-16 17:15:18.337490,Dubai-040f,9,98,Normal
2026-02-16 17:15:19.337490,Dubai-040f,5,2,Normal
2026-02-16 17:15:20.337490,Dubai-040f,-4,83,Normal
2026-02-16 17:15:21.337490,Dubai-040f,28,56,Normal
2026-02-16 17:15:22.337490,Dubai-040f,21,1,Normal
2026-02-16 17:15:23.337490,Dubai-040f,27,4,Normal
2026-02-16 17:15:24.337490,Dubai-040f,50,63,Normal
2026-02-16 17:15:25.337490,Dubai-040f,16,40,Normal
2026-02-16 17:15:26.337490,Dubai-040f,14,0,Normal
2026-02-16 17:15:27.337490,Dubai-040f,16,95,Normal
2026-02-16 17:15:28.337490,Dubai-040f,46,1,Normal
2026-02-16 17:15:29.337490,Dubai-040f,-29,5,Normal
2026-02-16 17:15:30.337490,Dubai-040f,30,95,Normal
2026-02-16 17:15:31.337490,Dubai-040f,4,81,Normal
2026-02-16 17:15:32.337490,Dubai-040f,37,95,Normal
2026-02-16 17:15:33.337490,Dubai-040f,9,92,Normal
2026-02-16 17:15:34.337490,Dubai-040f,-15,6,Normal
2026-02-16 17:15:35.337490,Dubai-040f,0,42,Normal
2026-02-16 17:15:36.337490,Dubai-040f,21,72,Normal
2026-02-16 17:15:37.337490,Dubai-040f,39,36,Normal
2026-02-16 17:15:38.337490,Dubai-040f,41,37,Normal
2026-02-16 17:15:39.337490,Dubai-040f,37,40,Normal
2026-02-16 17:15:40.337490,Dubai-040f,31,47,Normal
2026-02-16 17:15:41.337490,Dubai-040f,1,24,Normal
2026-02-16 17:15:42.337490,Dubai-040f,35,55,Normal
2026-02-16 17:15:43.337490,Dubai-040f,25,65,Normal
2026-02-16 17:15:44.337490,Dubai-040f,27,92,Normal
2026-02-16 17:15:45.337490,Dubai-040f,26,29,Normal
2026-02-16 17:15:46.337490,Dubai-040f,23,69,Normal
2026-02-16 17:15:47.337490,Dubai-040f,10,2,Normal
2026-02-16 17:15:48.337490,Dubai-040f,-23,67,Normal
2026-02-16 17:15:49.337490,Dubai-040f,40,64,Normal
2026-02-16 17:15:50.337490,Dubai-040f,1,90,Normal
2026-02-16 17:15:51.337490,Dubai-040f,-5,30,Normal
2026-02-16 17:15:52.337490,Dubai-040f,-5,59,Normal
2026-02-16 17:15:53.337490,Dubai-040f,37,94,Normal
2026-02-16 17:15:54.337490,Dubai-040f,-13,74,Normal
2026-02-16 17:15:55.337490,Dubai-040f,-12,80,Normal
2026-02-16 17:15:56.337490,Dubai-040f,31,69,Normal
2026-02-16 17:15:57.337490,Dubai-040f,-23,55,Normal
2026-02-16 17:15:58.337490,Dubai-040f,31,58,Normal
2026-02-16 17:15:59.337490,Dubai-040f,-23,82,Normal
2026-02-16 17:16:00.337490,Dubai-040f,-28,15,Normal
2026-02-16 17:16:01.337490,Dubai-040f,35,97,Normal
2026-02-16 17:16:02.337490,Dubai-040f,-10,32,Normal
2026-02-16 17:16:03.337490,Dubai-040f,17,57,Normal
2026-02-16 17:16:04.337490,Dubai-040f,-15,53,Normal
2026-02-16 17:16:05.337490,Dubai-040f,-15,50,Normal
2026-02-16 17:16:06.337490,Dubai-040f,16,82,Normal
2026-02-16 17:16:07.337490,Dubai-040f,37,7,Normal
2026-02-16 17:16:08.337490,Dubai-040f,28,57,Normal
2026-02-16 17:16:09.337490,Dubai-040f,34,55,Normal
2026-02-16 17:16:10.337490,Dubai-040f,31,31,Normal
2026-02-16 17:16:11.337490,Dubai-040f,-25,38,Normal
2026-02-16 17:16:12.337490,Dubai-040f,36,9,Normal
2026-02-16 17:16:13.337490,Dubai-040f,45,66,Normal
2026-02-16 17:16:14.337490,Dubai-040f,-23,39,Normal
2026-02-16 17:16:15.337490,Dubai-040f,20,13,Normal
2026-02-16 17:16:16.337490,Dubai-040f,47,19,Normal
2026-02-16 17:16:17.337490,Dubai-040f,3,100,Normal
2026-02-16 17:16:18.337490,Dubai-040f,-25,41,Normal
2026-02-16 17:16:19.337490,Dubai-040f,-6,85,Normal
2026-02-16 17:16:20.337490,Dubai-040f,16,5,Normal
2026-02-16 17:16:21.337490,Dubai-040f,22,0,Normal
2026-02-16 17:16:22.337490,Dubai-040f,16,75,Normal
2026-02-16 17:16:23.337490,Dubai-040f,12,36,Normal
2026-02-16 17:16:24.337490,Dubai-040f,34,68,Normal
2026-02-16 17:16:25.337490,Dubai-040f,-21,99,Normal
2026-02-16 17:16:26.337490,Dubai-040f,-17,94,Normal
2026-02-16 17:16:27.337490,Dubai-040f,47,38,Normal
2026-02-16 17:16:28.337490,Dubai-040f,-25,64,Normal
2026-02-16 17:16:29.337490,Dubai-040f,-1,47,Normal
2026-02-16 17:16:30.337490,Dubai-040f,32,98,Normal
2026-02-16 17:16:31.337490,Dubai-040f,24,6,Normal
2026-02-16 17:16:32.337490,Dubai-040f,9,94,Normal
2026-02-16 17:16:33.337490,Dubai-040f,-30,88,Normal
2026-02-16 17:16:34.337490,Dubai-040f,-1,58,Normal
2026-02-16 17:16:35.337490,Dubai-040f,12,67,Normal
2026-02-16 17:16:36.337490,Dubai-040f,23,94,Normal
2026-02-16 17:16:37.337490,Dubai-040f,-27,16,Normal
2026-02-16 17:16:38.337490,Dubai-040f,32,76,Normal
2026-02-16 17:16:39.337490,Dubai-040f,30,8,Normal
2026-02-16 17:16:40.337490,Dubai-040f,10,9,Normal
2026-02-16 17:16:41.337490,Dubai-040f,-10,5,Normal
2026-02-16 17:16:42.337490,Dubai-040f,43,40,Normal
2026-02-16 17:16:43.337490,Dubai-040f,-22,92,Normal
2026-02-16 17:16:44.337490,Dubai-040f,43,7,Normal
2026-02-16 17:16:45.337490,Dubai-040f,21,100,Normal
2026-02-16 17:16:46.337490,Dubai-040f,-5,58,Normal
2026-02-16 17:16:47.337490,Dubai-040f,-14,94,Normal
2026-02-16 17:16:48.337490,Dubai-040f,-24,81,Normal
2026-02-16 17:16:49.337490,Dubai-040f,0,61,Normal
2026-02-16 17:16:50.337490,Dubai-040f,-10,81,Normal
2026-02-16 17:16:51.337490,Dubai-040f,32,84,Normal
2026-02-16 17:16:52.337490,Dubai-040f,-16,21,Normal
2026-02-16 17:16:53.337490,Dubai-040f,19,15,Normal
2026-02-16 17:16:54.337490,Dubai-040f,-1,29,Normal
2026-02-16 17:16:55.337490,Dubai-040f,32,97,Normal
2026-02-16 17:16:56.337490,Dubai-040f,42,33,Normal
2026-02-16 17:16:57.337490,Dubai-040f,44,86,Normal
2026-02-16 17:16:58.337490,Dubai-040f,-21,75,Normal
2026-02-16 17:16:59.337490,Dubai-040f,-15,4,Normal
2026-02-16 17:17:00.337490,Dubai-040f,-3,16,Normal
2026-02-16 17:17:01.337490,Dubai-040f,-29,87,Normal
2026-02-16 17:17:02.337490,Dubai-040f,26,73,Normal
2026-02-16 17:17:03.337490,Dubai-040f,46,13,Normal
2026-02-16 17:17:04.337490,Dubai-040f,-21,16,Normal
2026-02-16 17:17:05.337490,Dubai-040f,31,52,Normal
2026-02-16 17:17:06.337490,Dubai-040f,-16,14,Normal
2026-02-16 17:17:07.337490,Dubai-040f,40,92,Normal
2026-02-16 17:17:08.337490,Dubai-040f,9,13,Normal
2026-02-16 17:17:09.337490,Dubai-040f,-9,92,Normal
2026-02-16 17:17:10.337490,Dubai-040f,22,97,Normal
2026-02-16 17:17:11.337490,Dubai-040f,48,28,Normal
2026-02-16 17:17:12.337490,Dubai-040f,40,11,Normal
2026-02-16 17:17:13.337490,Dubai-040f,28,60,Normal
2026-02-16 17:17:14.337490,Dubai-040f,19,62,Normal
2026-02-16 17:17:15.337490,Dubai-040f,48,41,Normal
2026-02-16 17:17:16.337490,Dubai-040f,-8,5,Normal
2026-02-16 17:17:17.337490,Dubai-040f,-11,0,Normal
2026-02-16 17:17:18.337490,Dubai-040f,-6,35,Normal
2026-02-16 17:17:19.337490,Dubai-040f,-9,25,Normal
2026-02-16 17:17:20.337490,Dubai-040f,44,17,Normal
2026-02-16 17:17:21.337490,Dubai-040f,13,95,Normal
2026-02-16 17:17:22.337490,Dubai-040f,-12,98,Normal
2026-02-16 17:17:23.337490,Dubai-040f,5,81,Normal
2026-02-16 17:17:24.337490,Dubai-040f,17,90,Normal
2026-02-16 17:17:25.337490,Dubai-040f,24,29,Normal
2026-02-16 17:17:26.337490,Dubai-040f,-23,11,Normal
2026-02-16 17:17:27.337490,Dubai-040f,43,7,Normal
2026-02-16 17:17:28.337490,Dubai-040f,-22,92,Normal
2026-02-16 17:17:29.337490,Dubai-040f,4,90,Normal
2026-02-16 17:17:30.337490,Dubai-040f,39,88,Normal
2026-02-16 17:17:31.337490,Dubai-040f,25,69,Normal
2026-02-16 17:17:32.337490,Dubai-040f,-13,54,Normal
2026-02-16 17:17:33.337490,Dubai-040f,36,51,Normal
2026-02-16 17:17:34.337490,Dubai-040f,-13,45,Normal
2026-02-16 17:17:35.337490,Dubai-040f,14,40,Normal
2026-02-16 17:17:36.337490,Dubai-040f,11,25,Normal
2026-02-16 17:17:37.337490,Dubai-040f,20,82,Normal
2026-02-16 17:17:38.337490,Dubai-040f,9,29,Normal
2026-02-16 17:17:39.337490,Dubai-040f,1,12,Normal
2026-02-16 17:17:40.337490,Dubai-040f,-22,49,Normal
2026-02-16 17:17:41.337490,Dubai-040f,35,66,Normal
2026-02-16 17:17:42.337490,Dubai-040f,-24,56,Normal
2026-02-16 17:17:43.337490,Dubai-040f,13,80,Normal
2026-02-16 17:17:44.337490,Dubai-040f,12,20,Normal
2026-02-16 17:17:45.337490,Dubai-040f,-4,80,Normal
2026-02-16 17:17:46.337490,Dubai-040f,18,52,Normal
2026-02-16 17:17:47.337490,Dubai-040f,3,71,Normal
2026-02-16 17:17:48.337490,Dubai-040f,-14,16,Normal
2026-02-16 17:17:49.337490,Dubai-040f,26,4,Normal
2026-02-16 17:17:50.337490,Dubai-040f,12,32,Normal
2026-02-16 17:17:51.337490,Dubai-040f,-8,4,Normal
2026-02-16 17:17:52.337490,Dubai-040f,-19,57,Normal
2026-02-16 17:17:53.337490,Dubai-040f,21,69,Normal
2026-02-16 17:17:54.337490,Dubai-040f,-1,1,Normal
2026-02-16 17:17:55.337490,Dubai-040f,-16,18,Normal
2026-02-16 17:17:56.337490,Dubai-040f,-16,15,Normal
2026-02-16 17:17:57.337490,Dubai-040f,5,77,Normal
2026-02-16 17:17:58.337490,Dubai-040f,-21,62,Normal
2026-02-16 17:17:59.337490,Dubai-040f,29,37,Normal
2026-02-16 17:18:00.337490,Dubai-040f,5,7,Normal
2026-02-16 17:18:01.337490,Dubai-040f,38,24,Normal
2026-02-16 17:18:02.337490,Dubai-040f,-30,90,Normal
2026-02-16 17:18:03.337490,Dubai-040f,-27,91,Normal
2026-02-16 17:18:04.337490,Dubai-040f,-14,90,Normal
2026-02-16 17:18:05.337490,Dubai-040f,12,81,Normal
2026-02-16 17:18:06.337490,Dubai-040f,-20,2,Normal
2026-02-16 17:18:07.337490,Dubai-040f,36,15,Normal
2026-02-16 17:18:08.337490,Dubai-040f,47,31,Normal
2026-02-16 17:18:09.337490,Dubai-040f,8,6,Normal
2026-02-16 17:18:10.337490,Dubai-040f,-8,8,Normal
2026-02-16 17:18:11.337490,Dubai-040f,15,90,Normal
2026-02-16 17:18:12.337490,Dubai-040f,15,44,Normal
2026-02-16 17:18:13.337490,Dubai-040f,-21,39,Normal
2026-02-16 17:18:14.337490,Dubai-040f,49,14,Normal
2026-02-16 17:18:15.337490,Dubai-040f,13,84,Normal
2026-02-16 17:18:16.337490,Dubai-040f,11,50,Normal
2026-02-16 17:18:17.337490,Dubai-040f,21,99,Normal
2026-02-16 17:18:18.337490,Dubai-040f,-30,47,Normal
2026-02-16 17:18:19.337490,Dubai-040f,-27,46,Normal
2026-02-16 17:18:20.337490,Dubai-040f,45,47,Normal
2026-02-16 17:18:21.337490,Dubai-040f,39,72,Normal
2026-02-16 17:18:22.337490,Dubai-040f,4,39,Normal
2026-02-16 17:18:23.337490,Dubai-040f,-6,3,Normal
2026-02-16 17:18:24.337490,Dubai-040f,-4,5,Normal
2026-02-16 17:18:25.337490,Dubai-040f,27,51,Normal
2026-02-16 17:18:26.337490,Dubai-040f,5,68,Normal
2026-02-16 17:18:27.337490,Dubai-040f,36,76,Normal
2026-02-16 17:18:28.337490,Dubai-040f,-6,75,Normal
2026-02-16 17:18:29.337490,Dubai-040f,32,87,Normal
2026-02-16 17:18:30.337490,Dubai-040f,16,90,Normal
2026-02-16 17:18:31.337490,Dubai-040f,36,37,Normal
2026-02-16 17:18:32.337490,Dubai-040f,-1,96,Normal
2026-02-16 17:18:33.337490,Dubai-040f,-29,74,Normal
2026-02-16 17:18:34.337490,Dubai-040f,-16,83,Normal
2026-02-16 17:18:35.337490,Dubai-040f,9,10,Normal
2026-02-16 17:18:36.337490,Dubai-040f,-21,54,Normal
2026-02-16 17:18:37.337490,Dubai-040f,35,43,Normal
2026-02-16 17:18:38.337490,Dubai-040f,41,70,Normal
2026-02-16 17:18:39.337490,Dubai-040f,36,84,Normal
2026-02-16 17:18:40.337490,Dubai-040f,-14,46,Normal
2026-02-16 17:18:41.337490,Dubai-040f,-20,72,Normal
2026-02-16 17:18:42.337490,Dubai-040f,32,14,Normal
2026-02-16 17:18:43.337490,Dubai-040f,-7,59,Normal
2026-02-16 17:18:44.337490,Dubai-040f,34,6,Normal
2026-02-16 17:18:45.337490,Dubai-040f,18,46,Normal
2026-02-16 17:18:46.337490,Dubai-040f,-21,20,Normal
2026-02-16 17:18:47.337490,Dubai-040f,11,61,Normal
2026-02-16 17:18:48.337490,Dubai-040f,34,73,Normal
2026-02-16 17:18:49.337490,Dubai-040f,36,89,Normal
2026-02-16 17:18:50.337490,Dubai-040f,34,15,Normal
2026-02-16 17:18:51.337490,Dubai-040f,-24,14,Normal
2026-02-16 17:18:52.337490,Dubai-040f,38,21,Normal
2026-02-16 17:18:53.337490,Dubai-040f,-1,4,Normal
2026-02-16 17:18:54.337490,Dubai-040f,-14,23,Normal
2026-02-16 17:18:55.337490,Dubai-040f,-24,21,Normal
2026-02-16 17:18:56.337490,Dubai-040f,15,44,Normal
2026-02-16 17:18:57.337490,Dubai-040f,5,66,Normal
2026-02-16 17:18:58.337490,Dubai-040f,0,34,Normal
2026-02-16 17:18:59.337490,Dubai-040f,-16,14,Normal
2026-02-16 17:19:00.337490,Dubai-040f,14,100,Normal
2026-02-16 17:19:01.337490,Dubai-040f,7,49,Normal
2026-02-16 17:19:02.337490,Dubai-040f,-7,35,Normal
2026-02-16 17:19:03.337490,Dubai-040f,18,67,Normal
2026-02-16 17:19:04.337490,Dubai-040f,30,4,Normal
2026-02-16 17:19:05.337490,Dubai-040f,38,64,Normal
2026-02-16 17:19:06.337490,Dubai-040f,10,52,Normal
2026-02-16 17:19:07.337490,Dubai-040f,44,19,Normal
2026-02-16 17:19:08.337490,Dubai-040f,28,84,Normal
2026-02-16 17:19:09.337490,Dubai-040f,-30,3,Normal
2026-02-16 17:19:10.337490,Dubai-040f,10,45,Normal
2026-02-16 17:19:11.337490,Dubai-040f,44,74,Normal
2026-02-16 17:19:12.337490,Dubai-040f,17,76,Normal
2026-02-16 17:19:13.337490,Dubai-040f,-23,64,Normal
2026-02-16 17:19:14.337490,Dubai-040f,5,55,Normal
2026-02-16 17:19:15.337490,Dubai-040f,-27,36,Normal
2026-02-16 17:19:16.337490,Dubai-040f,50,57,Normal
2026-02-16 17:19:17.337490,Dubai-040f,29,88,Normal
2026-02-16 17:19:18.337490,Dubai-040f,-20,47,Normal
2026-02-16 17:19:19.337490,Dubai-040f,49,18,Normal
2026-02-16 17:19:20.337490,Dubai-040f,5,80,Normal
2026-02-16 17:19:21.337490,Dubai-040f,-5,71,Normal
2026-02-16 17:19:22.337490,Dubai-040f,-17,78,Normal
2026-02-16 17:19:23.337490,Dubai-040f,-24,5,Normal
2026-02-16 17:19:24.337490,Dubai-040f,-6,57,Normal
2026-02-16 17:19:25.337490,Dubai-040f,4,6,Normal
2026-02-16 17:19:26.337490,Dubai-040f,-25,48,Normal
2026-02-16 17:19:27.337490,Dubai-040f,-8,2,Normal
2026-02-16 17:19:28.337490,Dubai-040f,11,13,Normal
2026-02-16 17:19:29.337490,Dubai-040f,-29,55,Normal
2026-02-16 17:19:30.337490,Dubai-040f,-20,95,Normal
2026-02-16 17:19:31.337490,Dubai-040f,34,85,Normal
2026-02-16 17:19:32.337490,Dubai-040f,-19,57,Normal
2026-02-16 17:19:33.337490,Dubai-040f,3,50,Normal
2026-02-16 17:19:34.337490,Dubai-040f,41,93,Normal
2026-02-16 17:19:35.337490,Dubai-040f,20,53,Normal
2026-02-16 17:19:36.337490,Dubai-040f,-25,58,Normal
2026-02-16 17:19:37.337490,Dubai-040f,31,49,Normal
2026-02-16 17:19:38.337490,Dubai-040f,13,70,Normal
2026-02-16 17:19:39.337490,Dubai-040f,-7,25,Normal
2026-02-16 17:19:40.337490,Dubai-040f,25,1,Normal
2026-02-16 17:19:41.337490,Dubai-040f,27,28,Normal
2026-02-16 17:19:42.337490,Dubai-040f,45,29,Normal
2026-02-16 17:19:43.337490,Dubai-040f,-14,32,Normal
2026-02-16 17:19:44.337490,Dubai-040f,-30,27,Normal
2026-02-16 17:19:45.337490,Dubai-040f,10,0,Normal
2026-02-16 17:19:46.337490,Dubai-040f,-29,25,Normal
2026-02-16 17:19:47.337490,Dubai-040f,-8,94,Normal
2026-02-16 17:19:48.337490,Dubai-040f,32,14,Normal
2026-02-16 17:19:49.337490,Dubai-040f,29,4,Normal
2026-02-16 17:19:50.337490,Dubai-040f,-30,18,Normal
2026-02-16 17:19:51.337490,Dubai-040f,7,9,Normal
2026-02-16 17:19:52.337490,Dubai-040f,35,98,Normal
2026-02-16 17:19:53.337490,Dubai-040f,-13,32,Normal
2026-02-16 17:19:54.337490,Dubai-040f,-19,82,Normal
2026-02-16 17:19:55.337490,Dubai-040f,-28,77,Normal
2026-02-16 17:19:56.337490,Dubai-040f,2,94,Normal
2026-02-16 17:19:57.337490,Dubai-040f,29,84,Normal
2026-02-16 17:19:58.337490,Dubai-040f,28,96,Normal
2026-02-16 17:19:59.337490,Dubai-040f,-23,78,Normal
2026-02-16 17:20:00.337490,Dubai-040f,27,65,Normal
2026-02-16 17:20:01.337490,Dubai-040f,-18,55,Normal
2026-02-16 17:20:02.337490,Dubai-040f,-30,48,Normal
2026-02-16 17:20:03.337490,Dubai-040f,7,84,Normal
2026-02-16 17:20:04.337490,Dubai-040f,-24,47,Normal
2026-02-16 17:20:05.337490,Dubai-040f,30,66,Normal
2026-02-16 17:20:06.337490,Dubai-040f,-5,32,Normal
2026-02-16 17:20:07.337490,Dubai-040f,37,28,Normal
2026-02-16 17:20:08.337490,Dubai-040f,2,55,Normal
2026-02-16 17:20:09.337490,Dubai-040f,-1,42,Normal
2026-02-16 17:20:10.337490,Dubai-040f,12,29,Normal
2026-02-16 17:20:11.337490,Dubai-040f,-11,78,Normal
2026-02-16 17:20:12.337490,Dubai-040f,27,65,Normal
2026-02-16 17:20:13.337490,Dubai-040f,40,76,Normal
2026-02-16 17:20:14.337490,Dubai-040f,-9,96,Normal
2026-02-16 17:20:15.337490,Dubai-040f,17,95,Normal
2026-02-16 17:20:16.337490,Dubai-040f,1,61,Normal
2026-02-16 17:20:17.337490,Dubai-040f,-10,29,Normal
2026-02-16 17:20:18.337490,Dubai-040f,-17,56,Normal
2026-02-16 17:20:19.337490,Dubai-040f,-19,79,Normal
2026-02-16 17:20:20.337490,Dubai-040f,-16,62,Normal
2026-02-16 17:20:21.337490,Dubai-040f,-14,85,Normal
2026-02-16 17:20:22.337490,Dubai-040f,20,36,Normal
2026-02-16 17:20:23.337490,Dubai-040f,42,22,Normal
2026-02-16 17:20:24.337490,Dubai-040f,3,0,Normal
2026-02-16 17:20:25.337490,Dubai-040f,42,7,Normal
2026-02-16 17:20:26.337490,Dubai-040f,37,100,Normal
2026-02-16 17:20:27.337490,Dubai-040f,9,10,Normal
2026-02-16 17:20:28.337490,Dubai-040f,-18,54,Normal
2026-02-16 17:20:29.337490,Dubai-040f,23,6,Normal
2026-02-16 17:20:30.337490,Dubai-040f,41,98,Normal
2026-02-16 17:20:31.337490,Dubai-040f,-14,98,Normal
2026-02-16 17:20:32.337490,Dubai-040f,-13,11,Normal
2026-02-16 17:20:33.337490,Dubai-040f,-1,88,Normal
2026-02-16 17:20:34.337490,Dubai-040f,-27,44,Normal
2026-02-16 17:20:35.337490,Dubai-040f,18,34,Normal
2026-02-16 17:20:36.337490,Dubai-040f,23,49,Normal
2026-02-16 17:20:37.337490,Dubai-040f,35,66,Normal
2026-02-16 17:20:38.337490,Dubai-040f,29,100,Normal
2026-02-16 17:20:39.337490,Dubai-040f,16,64,Normal
2026-02-16 17:20:40.337490,Dubai-040f,6,37,Normal
2026-02-16 17:20:41.337490,Dubai-040f,-9,10,Normal
2026-02-16 17:20:42.337490,Dubai-040f,48,29,Normal
2026-02-16 17:20:43.337490,Dubai-040f,-29,98,Normal
2026-02-16 17:20:44.337490,Dubai-040f,13,63,Normal
2026-02-16 17:20:45.337490,Dubai-040f,44,97,Normal
2026-02-16 17:20:46.337490,Dubai-040f,-12,93,Normal
2026-02-16 17:20:47.337490,Dubai-040f,42,83,Normal
2026-02-16 17:20:48.337490,Dubai-040f,26,72,Normal
2026-02-16 17:20:49.337490,Dubai-040f,-24,73,Normal
2026-02-16 17:20:50.337490,Dubai-040f,-1,41,Normal
2026-02-16 17:20:51.337490,Dubai-040f,-30,57,Normal
2026-02-16 17:20:52.337490,Dubai-040f,-17,62,Normal
2026-02-16 17:20:53.337490,Dubai-040f,38,37,Normal
2026-02-16 17:20:54.337490,Dubai-040f,48,81,Normal
2026-02-16 17:20:55.337490,Dubai-040f,19,29,Normal
2026-02-16 17:20:56.337490,Dubai-040f,-6,33,Normal
2026-02-16 17:20:57.337490,Dubai-040f,-27,52,Normal
2026-02-16 17:20:58.337490,Dubai-040f,31,41,Normal
2026-02-16 17:20:59.337490,Dubai-040f,-27,48,Normal
2026-02-16 17:21:00.337490,Dubai-040f,15,70,Normal
2026-02-16 17:21:01.337490,Dubai-040f,-11,59,Normal
2026-02-16 17:21:02.337490,Dubai-040f,28,17,Normal
2026-02-16 17:21:03.337490,Dubai-040f,17,48,Normal
2026-02-16 17:21:04.337490,Dubai-040f,-16,6,Normal
2026-02-16 17:21:05.337490,Dubai-040f,1,10,Normal
2026-02-16 17:21:06.337490,Dubai-040f,43,65,Normal
2026-02-16 17:21:07.337490,Dubai-040f,32,7,Normal
2026-02-16 17:21:08.337490,Dubai-040f,4,93,Normal
2026-02-16 17:21:09.337490,Dubai-040f,-18,73,Normal
2026-02-16 17:21:10.337490,Dubai-040f,11,90,Normal
2026-02-16 17:21:11.337490,Dubai-040f,22,65,Normal
2026-02-16 17:21:12.337490,Dubai-040f,-8,73,Normal
2026-02-16 17:21:13.337490,Dubai-040f,-12,26,Normal
2026-02-16 17:21:14.337490,Dubai-040f,-24,1,Normal
2026-02-16 17:21:15.337490,Dubai-040f,-6,63,Normal
2026-02-16 17:21:16.337490,Dubai-040f,-4,88,Normal
2026-02-16 17:21:17.337490,Dubai-040f,35,83,Normal
2026-02-16 17:21:18.337490,Dubai-040f,28,56,Normal
2026-02-16 17:21:19.337490,Dubai-040f,-13,8,Normal
2026-02-16 17:21:20.337490,Dubai-040f,18,15,Normal
2026-02-16 17:21:21.337490,Dubai-040f,16,31,Normal
2026-02-16 17:21:22.337490,Dubai-040f,-28,6,Normal
2026-02-16 17:21:23.337490,Dubai-040f,-12,95,Normal
2026-02-16 17:21:24.337490,Dubai-040f,40,19,Normal
2026-02-16 17:21:25.337490,Dubai-040f,29,97,Normal
2026-02-16 17:21:26.337490,Dubai-040f,22,50,Normal
2026-02-16 17:21:27.337490,Dubai-040f,47,38,Normal
2026-02-16 17:21:28.337490,Dubai-040f,39,55,Normal
2026-02-16 17:21:29.337490,Dubai-040f,19,25,Normal
2026-02-16 17:21:30.337490,Dubai-040f,1,51,Normal
2026-02-16 17:21:31.337490,Dubai-040f,30,3,Normal
2026-02-16 17:21:32.337490,Dubai-040f,26,77,Normal
2026-02-16 17:21:33.337490,Dubai-040f,39,48,Normal
2026-02-16 17:21:34.337490,Dubai-040f,34,78,Normal
2026-02-16 17:21:35.337490,Dubai-040f,-5,86,Normal
2026-02-16 17:21:36.337490,Dubai-040f,16,10,Normal
2026-02-16 17:21:37.337490,Dubai-040f,47,42,Normal
2026-02-16 17:21:38.337490,Dubai-040f,1,86,Normal
2026-02-16 17:21:39.337490,Dubai-040f,27,13,Normal
2026-02-16 17:21:40.337490,Dubai-040f,16,26,Normal
2026-02-16 17:21:41.337490,Dubai-040f,11,54,Normal
2026-02-16 17:21:42.337490,Dubai-040f,-14,5,Normal
2026-02-16 17:21:43.337490,Dubai-040f,-30,53,Normal
2026-02-16 17:21:44.337490,Dubai-040f,-13,27,Normal
2026-02-16 17:21:45.337490,Dubai-040f,31,80,Normal
2026-02-16 17:21:46.337490,Dubai-040f,0,82,Normal
2026-02-16 17:21:47.337490,Dubai-040f,-17,25,Normal
2026-02-16 17:21:48.337490,Dubai-040f,-6,99,Normal
2026-02-16 17:21:49.337490,Dubai-040f,46,58,Normal
2026-02-16 17:21:50.337490,Dubai-040f,21,10,Normal
2026-02-16 17:21:51.337490,Dubai-040f,-17,32,Normal
2026-02-16 17:21:52.337490,Dubai-040f,-6,51,Normal
2026-02-16 17:21:53.337490,Dubai-040f,-15,38,Normal
2026-02-16 17:21:54.337490,Dubai-040f,-14,1,Normal
2026-02-16 17:21:55.337490,Dubai-040f,-23,27,Normal
2026-02-16 17:21:56.337490,Dubai-040f,28,6,Normal
2026-02-16 17:21:57.337490,Dubai-040f,0,56,Normal
2026-02-16 17:21:58.337490,Dubai-040f,11,80,Normal
2026-02-16 17:21:59.337490,Dubai-040f,30,91,Normal
2026-02-16 17:22:00.337490,Dubai-040f,-17,88,Normal
2026-02-16 17:22:01.337490,Dubai-040f,31,54,Normal
2026-02-16 17:22:02.337490,Dubai-040f,34,75,Normal
2026-02-16 17:22:03.337490,Dubai-040f,49,80,Normal
2026-02-16 17:22:04.337490,Dubai-040f,42,6,Normal
2026-02-16 17:22:05.337490,Dubai-040f,39,25,Normal
2026-02-16 17:22:06.337490,Dubai-040f,46,96,Normal
2026-02-16 17:22:07.337490,Dubai-040f,-18,2,Normal
2026-02-16 17:22:08.337490,Dubai-040f,47,82,Normal
2026-02-16 17:22:09.337490,Dubai-040f,43,61,Normal
2026-02-16 17:22:10.337490,Dubai-040f,-15,7,Normal
2026-02-16 17:22:11.337490,Dubai-040f,11,98,Normal
2026-02-16 17:22:12.337490,Dubai-040f,6,23,Normal
2026-02-16 17:22:13.337490,Dubai-040f,0,83,Normal
2026-02-16 17:22:14.337490,Dubai-040f,34,94,Normal
2026-02-16 17:22:15.337490,Dubai-040f,15,74,Normal
2026-02-16 17:22:16.337490,Dubai-040f,13,38,Normal
2026-02-16 17:22:17.337490,Dubai-040f,14,80,Normal
2026-02-16 17:22:18.337490,Dubai-040f,27,100,Normal
2026-02-16 17:22:19.337490,Dubai-040f,-25,74,Normal
2026-02-16 17:22:20.337490,Dubai-040f,26,91,Normal
2026-02-16 17:22:21.337490,Dubai-040f,2,0,Normal
2026-02-16 17:22:22.337490,Dubai-040f,20,24,Normal
2026-02-16 17:22:23.337490,Dubai-040f,23,99,Normal
2026-02-16 17:22:24.337490,Dubai-040f,-23,44,Normal
2026-02-16 17:22:25.337490,Dubai-040f,-4,80,Normal
2026-02-16 17:22:26.337490,Dubai-040f,-3,71,Normal
2026-02-16 17:22:27.337490,Dubai-040f,25,18,Normal
2026-02-16 17:22:28.337490,Dubai-040f,28,47,Normal
2026-02-16 17:22:29.337490,Dubai-040f,36,24,Normal
2026-02-16 17:22:30.337490,Dubai-040f,-12,38,Normal
2026-02-16 17:22:31.337490,Dubai-040f,11,18,Normal
2026-02-16 17:22:32.337490,Dubai-040f,21,32,Normal
2026-02-16 17:22:33.337490,Dubai-040f,19,31,Normal
2026-02-16 17:22:34.337490,Dubai-040f,4,63,Normal
2026-02-16 17:22:35.337490,Dubai-040f,26,29,Normal
2026-02-16 17:22:36.337490,Dubai-040f,-19,17,Normal
2026-02-16 17:22:37.337490,Dubai-040f,7,73,Normal
2026-02-16 17:22:38.337490,Dubai-040f,-16,42,Normal
2026-02-16 17:22:39.337490,Dubai-040f,1,91,Normal
2026-02-16 17:22:40.337490,Dubai-040f,21,28,Normal
2026-02-16 17:22:41.337490,Dubai-040f,-22,100,Normal
2026-02-16 17:22:42.337490,Dubai-040f,38,53,Normal
2026-02-16 17:22:43.337490,Dubai-040f,37,70,Normal
2026-02-16 17:22:44.337490,Dubai-040f,-7,93,Normal
2026-02-16 17:22:45.337490,Dubai-040f,13,5,Normal
2026-02-16 17:22:46.337490,Dubai-040f,-15,75,Normal
2026-02-16 17:22:47.337490,Dubai-040f,-17,69,Normal
2026-02-16 17:22:48.337490,Dubai-040f,-18,92,Normal
2026-02-16 17:22:49.337490,Dubai-040f,-6,14,Normal
2026-02-16 17:22:50.337490,Dubai-040f,26,83,Normal
2026-02-16 17:22:51.337490,Dubai-040f,-7,34,Normal
2026-02-16 17:22:52.337490,Dubai-040f,-14,60,Normal
2026-02-16 17:22:53.337490,Dubai-040f,27,1,Normal
2026-02-16 17:22:54.337490,Dubai-040f,2,65,Normal
2026-02-16 17:22:55.337490,Dubai-040f,20,88,Normal
2026-02-16 17:22:56.337490,Dubai-040f,27,92,Normal
2026-02-16 17:22:57.337490,Dubai-040f,15,73,Normal
2026-02-16 17:22:58.337490,Dubai-040f,-15,51,Normal
2026-02-16 17:22:59.337490,Dubai-040f,-21,86,Normal
2026-02-16 17:23:00.337490,Dubai-040f,-17,24,Normal
2026-02-16 17:23:01.337490,Dubai-040f,-5,50,Normal
2026-02-16 17:23:02.337490,Dubai-040f,22,67,Normal
2026-02-16 17:23:03.337490,Dubai-040f,33,22,Normal
2026-02-16 17:23:04.337490,Dubai-040f,-28,48,Normal
2026-02-16 17:23:05.337490,Dubai-040f,15,82,Normal
2026-02-16 17:23:06.337490,Dubai-040f,14,70,Normal
2026-02-16 17:23:07.337490,Dubai-040f,1,15,Normal
2026-02-16 17:23:08.337490,Dubai-040f,34,93,Normal
2026-02-16 17:23:09.337490,Dubai-040f,38,2,Normal
2026-02-16 17:23:10.337490,Dubai-040f,45,6,Normal
2026-02-16 17:23:11.337490,Dubai-040f,17,0,Normal
2026-02-16 17:23:12.337490,Dubai-040f,-5,20,Normal
2026-02-16 17:23:13.337490,Dubai-040f,35,1,Normal
2026-02-16 17:23:14.337490,Dubai-040f,-1,47,Normal
2026-02-16 17:23:15.337490,Dubai-040f,25,51,Normal
2026-02-16 17:23:16.337490,Dubai-040f,22,50,Normal
2026-02-16 17:23:17.337490,Dubai-040f,-14,71,Normal
2026-02-16 17:23:18.337490,Dubai-040f,14,48,Normal
2026-02-16 17:23:19.337490,Dubai-040f,-6,9,Normal
2026-02-16 17:23:20.337490,Dubai-040f,50,53,Normal
2026-02-16 17:23:21.337490,Dubai-040f,13,72,Normal
2026-02-16 17:23:22.337490,Dubai-040f,-10,48,Normal
2026-02-16 17:23:23.337490,Dubai-040f,3,6,Normal
2026-02-16 17:23:24.337490,Dubai-040f,49,9,Normal
2026-02-16 17:23:25.337490,Dubai-040f,21,87,Normal
2026-02-16 17:23:26.337490,Dubai-040f,44,67,Normal
2026-02-16 17:23:27.337490,Dubai-040f,-21,78,Normal
2026-02-16 17:23:28.337490,Dubai-040f,19,5,Normal
2026-02-16 17:23:29.337490,Dubai-040f,30,42,Normal
2026-02-16 17:23:30.337490,Dubai-040f,-23,14,Normal
2026-02-16 17:23:31.337490,Dubai-040f,40,74,Normal
2026-02-16 17:23:32.337490,Dubai-040f,-6,36,Normal
2026-02-16 17:23:33.337490,Dubai-040f,30,91,Normal
2026-02-16 17:23:34.337490,Dubai-040f,45,59,Normal
2026-02-16 17:23:35.337490,Dubai-040f,39,7,Normal
2026-02-16 17:23:36.337490,Dubai-040f,43,98,Normal
2026-02-16 17:23:37.337490,Dubai-040f,38,18,Normal
2026-02-16 17:23:38.337490,Dubai-040f,46,55,Normal
2026-02-16 17:23:39.337490,Dubai-040f,-16,28,Normal
2026-02-16 17:23:40.337490,Dubai-040f,-10,70,Normal
2026-02-16 17:23:41.337490,Dubai-040f,10,96,Normal
2026-02-16 17:23:42.337490,Dubai-040f,38,38,Normal
2026-02-16 17:23:43.337490,Dubai-040f,36,2,Normal
2026-02-16 17:23:44.337490,Dubai-040f,-21,71,Normal
2026-02-16 17:23:45.337490,Dubai-040f,19,50,Normal
2026-02-16 17:23:46.337490,Dubai-040f,37,73,Normal
2026-02-16 17:23:47.337490,Dubai-040f,48,48,Normal
2026-02-16 17:23:48.337490,Dubai-040f,14,14,Normal
2026-02-16 17:23:49.337490,Dubai-040f,-11,62,Normal
2026-02-16 17:23:50.337490,Dubai-040f,43,55,Normal
2026-02-16 17:23:51.337490,Dubai-040f,13,72,Normal
2026-02-16 17:23:52.337490,Dubai-040f,-19,85,Normal
2026-02-16 17:23:53.337490,Dubai-040f,-9,45,Normal
2026-02-16 17:23:54.337490,Dubai-040f,-10,31,Normal
2026-02-16 17:23:55.337490,Dubai-040f,-27,3,Normal
2026-02-16 17:23:56.337490,Dubai-040f,-27,7,Normal
2026-02-16 17:23:57.337490,Dubai-040f,4,83,Normal
2026-02-16 17:23:58.337490,Dubai-040f,-21,65,Normal
2026-02-16 17:23:59.337490,Dubai-040f,7,0,Normal
2026-02-16 17:24:00.337490,Dubai-040f,-14,20,Normal
2026-02-16 17:24:01.337490,Dubai-040f,-17,76,Normal
2026-02-16 17:24:02.337490,Dubai-040f,23,4,Normal
2026-02-16 17:24:03.337490,Dubai-040f,30,3,Normal
2026-02-16 17:24:04.337490,Dubai-040f,33,9,Normal
2026-02-16 17:24:05.337490,Dubai-040f,28,67,Normal
2026-02-16 17:24:06.337490,Dubai-040f,43,96,Normal
2026-02-16 17:24:07.337490,Dubai-040f,22,25,Normal
2026-02-16 17:24:08.337490,Dubai-040f,31,64,Normal
2026-02-16 17:24:09.337490,Dubai-040f,-18,56,Normal
2026-02-16 17:24:10.337490,Dubai-040f,33,24,Normal
2026-02-16 17:24:11.337490,Dubai-040f,8,38,Normal
2026-02-16 17:24:12.337490,Dubai-040f,1,78,Normal
2026-02-16 17:24:13.337490,Dubai-040f,-18,6,Normal
2026-02-16 17:24:14.337490,Dubai-040f,-17,3,Normal
2026-02-16 17:24:15.337490,Dubai-040f,-7,71,Normal
2026-02-16 17:24:16.337490,Dubai-040f,31,11,Normal
2026-02-16 17:24:17.337490,Dubai-040f,40,7,Normal
2026-02-16 17:24:18.337490,Dubai-040f,-29,96,Normal
2026-02-16 17:24:19.337490,Dubai-040f,-18,23,Normal
2026-02-16 17:24:20.337490,Dubai-040f,42,83,Normal
2026-02-16 17:24:21.337490,Dubai-040f,13,71,Normal
2026-02-16 17:24:22.337490,Dubai-040f,-20,98,Normal
2026-02-16 17:24:23.337490,Dubai-040f,-3,34,Normal
2026-02-16 17:24:24.337490,Dubai-040f,-25,91,Normal
2026-02-16 17:24:25.337490,Dubai-040f,8,14,Normal
2026-02-16 17:24:26.337490,Dubai-040f,-3,64,Normal
2026-02-16 17:24:27.337490,Dubai-040f,2,70,Normal
2026-02-16 17:24:28.337490,Dubai-040f,27,83,Normal
2026-02-16 17:24:29.337490,Dubai-040f,47,23,Normal
2026-02-16 17:24:30.337490,Dubai-040f,-10,90,Normal
2026-02-16 17:24:31.337490,Dubai-040f,37,22,Normal
2026-02-16 17:24:32.337490,Dubai-040f,19,34,Normal
2026-02-16 17:24:33.337490,Dubai-040f,6,19,Normal
2026-02-16 17:24:34.337490,Dubai-040f,18,57,Normal
2026-02-16 17:24:35.337490,Dubai-040f,22,59,Normal
2026-02-16 17:24:36.337490,Dubai-040f,2,7,Normal
2026-02-16 17:24:37.337490,Dubai-040f,15,84,Normal
2026-02-16 17:24:38.337490,Dubai-040f,-11,49,Normal
2026-02-16 17:24:39.337490,Dubai-040f,28,0,Normal
2026-02-16 17:24:40.337490,Dubai-040f,35,49,Normal
2026-02-16 17:24:41.337490,Dubai-040f,1,85,Normal
2026-02-16 17:24:42.337490,Dubai-040f,-3,67,Normal
2026-02-16 17:24:43.337490,Dubai-040f,23,31,Normal
2026-02-16 17:24:44.337490,Dubai-040f,-19,3,Normal
2026-02-16 17:24:45.337490,Dubai-040f,8,86,Normal
2026-02-16 17:24:46.337490,Dubai-040f,-1,74,Normal
2026-02-16 17:24:47.337490,Dubai-040f,-30,30,Normal
2026-02-16 17:24:48.337490,Dubai-040f,7,4,Normal
2026-02-16 17:24:49.337490,Dubai-040f,18,55,Normal
2026-02-16 17:24:50.337490,Dubai-040f,48,40,Normal
2026-02-16 17:24:51.337490,Dubai-040f,4,8,Normal
2026-02-16 17:24:52.337490,Dubai-040f,6,89,Normal
2026-02-16 17:24:53.337490,Dubai-040f,-3,91,Normal
2026-02-16 17:24:54.337490,Dubai-040f,-10,59,Normal
2026-02-16 17:24:55.337490,Dubai-040f,-29,10,Normal
2026-02-16 17:24:56.337490,Dubai-040f,-18,54,Normal
2026-02-16 17:24:57.337490,Dubai-040f,46,78,Normal
2026-02-16 17:24:58.337490,Dubai-040f,-10,69,Normal
2026-02-16 17:24:59.337490,Dubai-040f,-28,88,Normal
2026-02-16 17:25:00.337490,Dubai-040f,22,7,Normal
2026-02-16 17:25:01.337490,Dubai-040f,43,67,Normal
2026-02-16 17:25:02.337490,Dubai-040f,4,79,Normal
2026-02-16 17:25:03.337490,Dubai-040f,6,80,Normal
2026-02-16 17:25:04.337490,Dubai-040f,44,54,Normal
2026-02-16 17:25:05.337490,Dubai-040f,-11,92,Normal
2026-02-16 17:25:06.337490,Dubai-040f,47,78,Normal
2026-02-16 17:25:07.337490,Dubai-040f,29,6,Normal
2026-02-16 17:25:08.337490,Dubai-040f,25,20,Normal
2026-02-16 17:25:09.337490,Dubai-040f,-2,86,Normal
2026-02-16 17:25:10.337490,Dubai-040f,-29,29,Normal
2026-02-16 17:25:11.337490,Dubai-040f,35,96,Normal
2026-02-16 17:25:12.337490,Dubai-040f,48,36,Normal
2026-02-16 17:25:13.337490,Dubai-040f,-15,21,Normal
2026-02-16 17:25:14.337490,Dubai-040f,-3,27,Normal
2026-02-16 17:25:15.337490,Dubai-040f,-22,97,Normal
2026-02-16 17:25:16.337490,Dubai-040f,3,21,Normal
2026-02-16 17:25:17.337490,Dubai-040f,30,84,Normal
2026-02-16 17:25:18.337490,Dubai-040f,28,61,Normal
2026-02-16 17:25:19.337490,Dubai-040f,-18,22,Normal
2026-02-16 17:25:20.337490,Dubai-040f,43,57,Normal
2026-02-16 17:25:21.337490,Dubai-040f,18,9,Normal
2026-02-16 17:25:22.337490,Dubai-040f,40,24,Normal
2026-02-16 17:25:23.337490,Dubai-040f,24,37,Normal
2026-02-16 17:25:24.337490,Dubai-040f,-23,31,Normal
2026-02-16 17:25:25.337490,Dubai-040f,-7,62,Normal
2026-02-16 17:25:26.337490,Dubai-040f,-15,0,Normal
2026-02-16 17:25:27.337490,Dubai-040f,21,98,Normal
2026-02-16 17:25:28.337490,Dubai-040f,-12,59,Normal
2026-02-16 17:25:29.337490,Dubai-040f,18,1,Normal
2026-02-16 17:25:30.337490,Dubai-040f,-8,81,Normal
2026-02-16 17:25:31.337490,Dubai-040f,0,8,Normal
2026-02-16 17:25:32.337490,Dubai-040f,24,60,Normal
2026-02-16 17:25:33.337490,Dubai-040f,46,74,Normal
2026-02-16 17:25:34.337490,Dubai-040f,32,80,Normal
2026-02-16 17:25:35.337490,Dubai-040f,-7,87,Normal
2026-02-16 17:25:36.337490,Dubai-040f,40,70,Normal
2026-02-16 17:25:37.337490,Dubai-040f,15,41,Normal
2026-02-16 17:25:38.337490,Dubai-040f,10,8,Normal
2026-02-16 17:25:39.337490,Dubai-040f,1,71,Normal
2026-02-16 17:25:40.337490,Dubai-040f,46,46,Normal
2026-02-16 17:25:41.337490,Dubai-040f,0,88,Normal
2026-02-16 17:25:42.337490,Dubai-040f,26,8,Normal
2026-02-16 17:25:43.337490,Dubai-040f,0,35,Normal
2026-02-16 17:25:44.337490,Dubai-040f,36,24,Normal
2026-02-16 17:25:45.337490,Dubai-040f,44,91,Normal
2026-02-16 17:25:46.337490,Dubai-040f,11,92,Normal
2026-02-16 17:25:47.337490,Dubai-040f,-21,65,Normal
2026-02-16 17:25:48.337490,Dubai-040f,3,50,Normal
2026-02-16 17:25:49.337490,Dubai-040f,-13,14,Normal
2026-02-16 17:25:50.337490,Dubai-040f,31,80,Normal
2026-02-16 17:25:51.337490,Dubai-040f,-11,73,Normal
2026-02-16 17:25:52.337490,Dubai-040f,-24,4,Normal
2026-02-16 17:25:53.337490,Dubai-040f,-11,73,Normal
2026-02-16 17:25:54.337490,Dubai-040f,6,2,Normal
2026-02-16 17:25:55.337490,Dubai-040f,40,88,Normal
2026-02-16 17:25:56.337490,Dubai-040f,-19,63,Normal
2026-02-16 17:25:57.337490,Dubai-040f,19,24,Normal
2026-02-16 17:25:58.337490,Dubai-040f,49,52,Normal
2026-02-16 17:25:59.337490,Dubai-040f,17,60,Normal
2026-02-16 17:26:00.337490,Dubai-040f,-3,85,Normal
2026-02-16 17:26:01.337490,Dubai-040f,-6,47,Normal
2026-02-16 17:26:02.337490,Dubai-040f,1,97,Normal
2026-02-16 17:26:03.337490,Dubai-040f,-26,28,Normal
2026-02-16 17:26:04.337490,Dubai-040f,2,17,Normal
2026-02-16 17:26:05.337490,Dubai-040f,44,30,Normal
2026-02-16 17:26:06.337490,Dubai-040f,0,64,Normal
2026-02-16 17:26:07.337490,Dubai-040f,23,22,Normal
2026-02-16 17:26:08.337490,Dubai-040f,12,65,Normal
2026-02-16 17:26:09.337490,Dubai-040f,29,50,Normal
2026-02-16 17:26:10.337490,Dubai-040f,46,14,Normal
2026-02-16 17:26:11.337490,Dubai-040f,44,50,Normal
2026-02-16 17:26:12.337490,Dubai-040f,-12,78,Normal
2026-02-16 17:26:13.337490,Dubai-040f,50,92,Normal
2026-02-16 17:26:14.337490,Dubai-040f,36,47,Normal
2026-02-16 17:26:15.337490,Dubai-040f,-15,32,Normal
2026-02-16 17:26:16.337490,Dubai-040f,-7,91,Normal
2026-02-16 17:26:17.337490,Dubai-040f,-27,33,Normal
2026-02-16 17:26:18.337490,Dubai-040f,-1,89,Normal
2026-02-16 17:26:19.337490,Dubai-040f,43,76,Normal
2026-02-16 17:26:20.337490,Dubai-040f,18,67,Normal
2026-02-16 17:26:21.337490,Dubai-040f,22,32,Normal
2026-02-16 17:26:22.337490,Dubai-040f,45,44,Normal
2026-02-16 17:26:23.337490,Dubai-040f,-24,21,Normal
2026-02-16 17:26:24.337490,Dubai-040f,-1,40,Normal
2026-02-16 17:26:25.337490,Dubai-040f,-8,50,Normal
2026-02-16 17:26:26.337490,Dubai-040f,-30,37,Normal
2026-02-16 17:26:27.337490,Dubai-040f,-11,81,Normal
2026-02-16 17:26:28.337490,Dubai-040f,29,80,Normal
2026-02-16 17:26:29.337490,Dubai-040f,8,73,Normal
2026-02-16 17:26:30.337490,Dubai-040f,6,24,Normal
2026-02-16 17:26:31.337490,Dubai-040f,-9,68,Normal
2026-02-16 17:26:32.337490,Dubai-040f,-13,35,Normal
2026-02-16 17:26:33.337490,Dubai-040f,-9,8,Normal
2026-02-16 17:26:34.337490,Dubai-040f,24,30,Normal
2026-02-16 17:26:35.337490,Dubai-040f,17,47,Normal
2026-02-16 17:26:36.337490,Dubai-040f,16,82,Normal
2026-02-16 17:26:37.337490,Dubai-040f,10,50,Normal
2026-02-16 17:26:38.337490,Dubai-040f,-23,77,Normal
2026-02-16 17:26:39.337490,Dubai-040f,9,60,Normal
2026-02-16 17:26:40.337490,Dubai-040f,42,31,Normal
2026-02-16 17:26:41.337490,Dubai-040f,15,91,Normal
2026-02-16 17:26:42.337490,Dubai-040f,-30,76,Normal
2026-02-16 17:26:43.337490,Dubai-040f,-25,21,Normal
2026-02-16 17:26:44.337490,Dubai-040f,-13,78,Normal
2026-02-16 17:26:45.337490,Dubai-040f,5,45,Normal
2026-02-16 17:26:46.337490,Dubai-040f,-19,30,Normal
2026-02-16 17:26:47.337490,Dubai-040f,-30,1,Normal
2026-02-16 17:26:48.337490,Dubai-040f,36,45,Normal
2026-02-16 17:26:49.337490,Dubai-040f,-1,65,Normal
2026-02-16 17:26:50.337490,Dubai-040f,1,80,Normal
2026-02-16 17:26:51.337490,Dubai-040f,45,63,Normal
2026-02-16 17:26:52.337490,Dubai-040f,-29,83,Normal
2026-02-16 17:26:53.337490,Dubai-040f,7,29,Normal
2026-02-16 17:26:54.337490,Dubai-040f,42,62,Normal
2026-02-16 17:26:55.337490,Dubai-040f,30,41,Normal
2026-02-16 17:26:56.337490,Dubai-040f,-23,65,Normal
2026-02-16 17:26:57.337490,Dubai-040f,-3,18,Normal
2026-02-16 17:26:58.337490,Dubai-040f,15,34,Normal
2026-02-16 17:26:59.337490,Dubai-040f,-18,9,Normal
2026-02-16 17:27:00.337490,Dubai-040f,33,30,Normal
2026-02-16 17:27:01.337490,Dubai-040f,33,92,Normal
2026-02-16 17:27:02.337490,Dubai-040f,9,60,Normal
2026-02-16 17:27:03.337490,Dubai-040f,22,68,Normal
2026-02-16 17:27:04.337490,Dubai-040f,20,71,Normal
2026-02-16 17:27:05.337490,Dubai-040f,33,36,Normal
2026-02-16 17:27:06.337490,Dubai-040f,33,84,Normal
2026-02-16 17:27:07.337490,Dubai-040f,2,22,Normal
2026-02-16 17:27:08.337490,Dubai-040f,13,78,Normal
2026-02-16 17:27:09.337490,Dubai-040f,42,54,Normal
2026-02-16 17:27:10.337490,Dubai-040f,1,42,Normal
2026-02-16 17:27:11.337490,Dubai-040f,-25,63,Normal
2026-02-16 17:27:12.337490,Dubai-040f,17,83,Normal
2026-02-16 17:27:13.337490,Dubai-040f,-28,74,Normal
2026-02-16 17:27:14.337490,Dubai-040f,13,78,Normal
2026-02-16 17:27:15.337490,Dubai-040f,3,45,Normal
2026-02-16 17:27:16.337490,Dubai-040f,32,31,Normal
2026-02-16 17:27:17.337490,Dubai-040f,-24,26,Normal
2026-02-16 17:27:18.337490,Dubai-040f,-19,92,Normal
2026-02-16 17:27:19.337490,Dubai-040f,22,29,Normal
2026-02-16 17:27:20.337490,Dubai-040f,46,30,Normal
2026-02-16 17:27:21.337490,Dubai-040f,15,22,Normal
2026-02-16 17:27:22.337490,Dubai-040f,-22,96,Normal
2026-02-16 17:27:23.337490,Dubai-040f,24,30,Normal
2026-02-16 17:27:24.337490,Dubai-040f,13,23,Normal
2026-02-16 17:27:25.337490,Dubai-040f,46,63,Normal
2026-02-16 17:27:26.337490,Dubai-040f,25,67,Normal
2026-02-16 17:27:27.337490,Dubai-040f,45,95,Normal
2026-02-16 17:27:28.337490,Dubai-040f,11,85,Normal
2026-02-16 17:27:29.337490,Dubai-040f,-10,99,Normal
2026-02-16 17:27:30.337490,Dubai-040f,34,9,Normal
2026-02-16 17:27:31.337490,Dubai-040f,-17,58,Normal
2026-02-16 17:27:32.337490,Dubai-040f,12,37,Normal
2026-02-16 17:27:33.337490,Dubai-040f,25,100,Normal
2026-02-16 17:27:34.337490,Dubai-040f,49,5,Normal
2026-02-16 17:27:35.337490,Dubai-040f,22,20,Normal
2026-02-16 17:27:36.337490,Dubai-040f,22,16,Normal
2026-02-16 17:27:37.337490,Dubai-040f,-10,8,Normal
2026-02-16 17:27:38.337490,Dubai-040f,-28,55,Normal
2026-02-16 17:27:39.337490,Dubai-040f,-8,25,Normal
2026-02-16 17:27:40.337490,Dubai-040f,50,67,Normal
2026-02-16 17:27:41.337490,Dubai-040f,45,88,Normal
2026-02-16 17:27:42.337490,Dubai-040f,-9,79,Normal
2026-02-16 17:27:43.337490,Dubai-040f,1,81,Normal
2026-02-16 17:27:44.337490,Dubai-040f,-15,69,Normal
2026-02-16 17:27:45.337490,Dubai-040f,-26,31,Normal
2026-02-16 17:27:46.337490,Dubai-040f,9,42,Normal
2026-02-16 17:27:47.337490,Dubai-040f,38,11,Normal
2026-02-16 17:27:48.337490,Dubai-040f,-3,6,Normal
2026-02-16 17:27:49.337490,Dubai-040f,-27,55,Normal
2026-02-16 17:27:50.337490,Dubai-040f,-5,13,Normal
2026-02-16 17:27:51.337490,Dubai-040f,22,46,Normal
2026-02-16 17:27:52.337490,Dubai-040f,35,81,Normal
2026-02-16 17:27:53.337490,Dubai-040f,-9,9,Normal
2026-02-16 17:27:54.337490,Dubai-040f,35,6,Normal
2026-02-16 17:27:55.337490,Dubai-040f,39,17,Normal
2026-02-16 17:27:56.337490,Dubai-040f,28,87,Normal
2026-02-16 17:27:57.337490,Dubai-040f,-26,40,Normal
2026-02-16 17:27:58.337490,Dubai-040f,29,40,Normal
2026-02-16 17:27:59.337490,Dubai-040f,34,22,Normal
2026-02-16 17:28:00.337490,Dubai-040f,1,5,Normal
2026-02-16 17:28:01.337490,Dubai-040f,50,48,Normal
2026-02-16 17:28:02.337490,Dubai-040f,-4,94,Normal
2026-02-16 17:28:03.337490,Dubai-040f,23,77,Normal
2026-02-16 17:28:04.337490,Dubai-040f,9,54,Normal
2026-02-16 17:28:05.337490,Dubai-040f,33,54,Normal
2026-02-16 17:28:06.337490,Dubai-040f,35,35,Normal
2026-02-16 17:28:07.337490,Dubai-040f,35,2,Normal
2026-02-16 17:28:08.337490,Dubai-040f,37,50,Normal
2026-02-16 17:28:09.337490,Dubai-040f,24,3,Normal
2026-02-16 17:28:10.337490,Dubai-040f,49,2,Normal
2026-02-16 17:28:11.337490,Dubai-040f,-19,48,Normal
2026-02-16 17:28:12.337490,Dubai-040f,46,86,Normal
2026-02-16 17:28:13.337490,Dubai-040f,-21,20,Normal
2026-02-16 17:28:14.337490,Dubai-040f,-25,20,Normal
2026-02-16 17:28:15.337490,Dubai-040f,-9,53,Normal
2026-02-16 17:28:16.337490,Dubai-040f,-10,62,Normal
2026-02-16 17:28:17.337490,Dubai-040f,-22,80,Normal
2026-02-16 17:28:18.337490,Dubai-040f,-16,42,Normal
2026-02-16 17:28:19.337490,Dubai-040f,-1,32,Normal
2026-02-16 17:28:20.337490,Dubai-040f,-11,59,Normal
2026-02-16 17:28:21.337490,Dubai-040f,-14,35,Normal
2026-02-16 17:28:22.337490,Dubai-040f,47,9,Normal
2026-02-16 17:28:23.337490,Dubai-040f,14,25,Normal
2026-02-16 17:28:24.337490,Dubai-040f,19,31,Normal
2026-02-16 17:28:25.337490,Dubai-040f,-2,74,Normal
2026-02-16 17:28:26.337490,Dubai-040f,12,74,Normal
2026-02-16 17:28:27.337490,Dubai-040f,16,65,Normal
2026-02-16 17:28:28.337490,Dubai-040f,-11,78,Normal
2026-02-16 17:28:29.337490,Dubai-040f,40,47,Normal
2026-02-16 17:28:30.337490,Dubai-040f,0,33,Normal
2026-02-16 17:28:31.337490,Dubai-040f,-10,87,Normal
2026-02-16 17:28:32.337490,Dubai-040f,20,92,Normal
2026-02-16 17:28:33.337490,Dubai-040f,5,10,Normal
2026-02-16 17:28:34.337490,Dubai-040f,-7,79,Normal
2026-02-16 17:28:35.337490,Dubai-040f,-18,13,Normal
2026-02-16 17:28:36.337490,Dubai-040f,-27,3,Normal
2026-02-16 17:28:37.337490,Dubai-040f,-22,15,Normal
2026-02-16 17:28:38.337490,Dubai-040f,-13,81,Normal
2026-02-16 17:28:39.337490,Dubai-040f,48,38,Normal
2026-02-16 17:28:40.337490,Dubai-040f,-30,48,Normal
2026-02-16 17:28:41.337490,Dubai-040f,9,81,Normal
2026-02-16 17:28:42.337490,Dubai-040f,-9,68,Normal
2026-02-16 17:28:43.337490,Dubai-040f,43,17,Normal
2026-02-16 17:28:44.337490,Dubai-040f,35,10,Normal
2026-02-16 17:28:45.337490,Dubai-040f,-16,76,Normal
2026-02-16 17:28:46.337490,Dubai-040f,-20,54,Normal
2026-02-16 17:28:47.337490,Dubai-040f,8,2,Normal
2026-02-16 17:28:48.337490,Dubai-040f,23,84,Normal
2026-02-16 17:28:49.337490,Dubai-040f,50,90,Normal
2026-02-16 17:28:50.337490,Dubai-040f,27,24,Normal
2026-02-16 17:28:51.337490,Dubai-040f,27,46,Normal
2026-02-16 17:28:52.337490,Dubai-040f,4,40,Normal
2026-02-16 17:28:53.337490,Dubai-040f,26,57,Normal
2026-02-16 17:28:54.337490,Dubai-040f,19,89,Normal
2026-02-16 17:28:55.337490,Dubai-040f,-9,45,Normal
2026-02-16 17:28:56.337490,Dubai-040f,36,20,Normal
2026-02-16 17:28:57.337490,Dubai-040f,-13,23,Normal
2026-02-16 17:28:58.337490,Dubai-040f,-6,42,Normal
2026-02-16 17:28:59.337490,Dubai-040f,-4,2,Normal
2026-02-16 17:29:00.337490,Dubai-040f,40,51,Normal
2026-02-16 17:29:01.337490,Dubai-040f,-5,21,Normal
2026-02-16 17:29:02.337490,Dubai-040f,46,72,Normal
2026-02-16 17:29:03.337490,Dubai-040f,-18,59,Normal
2026-02-16 17:29:04.337490,Dubai-040f,-27,80,Normal
2026-02-16 17:29:05.337490,Dubai-040f,0,45,Normal
2026-02-16 17:29:06.337490,Dubai-040f,19,96,Normal
2026-02-16 17:29:07.337490,Dubai-040f,-9,50,Normal
2026-02-16 17:29:08.337490,Dubai-040f,-30,21,Normal
2026-02-16 17:29:09.337490,Dubai-040f,32,52,Normal
2026-02-16 17:29:10.337490,Dubai-040f,-14,1,Normal
2026-02-16 17:29:11.337490,Dubai-040f,-13,60,Normal
2026-02-16 17:29:12.337490,Dubai-040f,-14,25,Normal
2026-02-16 17:29:13.337490,Dubai-040f,-2,50,Normal
2026-02-16 17:29:14.337490,Dubai-040f,13,25,Normal
2026-02-16 17:29:15.337490,Dubai-040f,19,36,Normal
2026-02-16 17:29:16.337490,Dubai-040f,-24,37,Normal
2026-02-16 17:29:17.337490,Dubai-040f,35,98,Normal
2026-02-16 17:29:18.337490,Dubai-040f,41,13,Normal
2026-02-16 17:29:19.337490,Dubai-040f,32,59,Normal
2026-02-16 17:29:20.337490,Dubai-040f,10,50,Normal
2026-02-16 17:29:21.337490,Dubai-040f,50,79,Normal
2026-02-16 17:29:22.337490,Dubai-040f,-8,50,Normal
2026-02-16 17:29:23.337490,Dubai-040f,39,30,Normal
2026-02-16 17:29:24.337490,Dubai-040f,-15,12,Normal
2026-02-16 17:29:25.337490,Dubai-040f,29,57,Normal
2026-02-16 17:29:26.337490,Dubai-040f,27,65,Normal
2026-02-16 17:29:27.337490,Dubai-040f,49,83,Normal
2026-02-16 17:29:28.337490,Dubai-040f,42,77,Normal
2026-02-16 17:29:29.337490,Dubai-040f,13,59,Normal
2026-02-16 17:29:30.337490,Dubai-040f,45,60,Normal
2026-02-16 17:29:31.337490,Dubai-040f,38,62,Normal
2026-02-16 17:29:32.337490,Dubai-040f,7,51,Normal
2026-02-16 17:29:33.337490,Dubai-040f,3,20,Normal
2026-02-16 17:29:34.337490,Dubai-040f,-29,51,Normal
2026-02-16 17:29:35.337490,Dubai-040f,20,99,Normal
2026-02-16 17:29:36.337490,Dubai-040f,41,63,Normal
2026-02-16 17:29:37.337490,Dubai-040f,26,18,Normal
2026-02-16 17:29:38.337490,Dubai-040f,-19,100,Normal
2026-02-16 17:29:39.337490,Dubai-040f,-10,4,Normal
2026-02-16 17:29:40.337490,Dubai-040f,44,54,Normal
2026-02-16 17:29:41.337490,Dubai-040f,9,44,Normal
2026-02-16 17:29:42.337490,Dubai-040f,-13,17,Normal
2026-02-16 17:29:43.337490,Dubai-040f,-9,36,Normal
2026-02-16 17:29:44.337490,Dubai-040f,29,91,Normal
2026-02-16 17:29:45.337490,Dubai-040f,36,58,Normal
2026-02-16 17:29:46.337490,Dubai-040f,-29,60,Normal
2026-02-16 17:29:47.337490,Dubai-040f,19,53,Normal
2026-02-16 17:29:48.337490,Dubai-040f,25,49,Normal
2026-02-16 17:29:49.337490,Dubai-040f,-2,51,Normal
2026-02-16 17:29:50.337490,Dubai-040f,42,52,Normal
2026-02-16 17:29:51.337490,Dubai-040f,48,16,Normal
2026-02-16 17:29:52.337490,Dubai-040f,27,31,Normal
2026-02-16 17:29:53.337490,Dubai-040f,48,3,Normal
2026-02-16 17:29:54.337490,Dubai-040f,23,13,Normal
2026-02-16 17:29:55.337490,Dubai-040f,43,21,Normal
2026-02-16 17:29:56.337490,Dubai-040f,-17,90,Normal
2026-02-16 17:29:57.337490,Dubai-040f,50,7,Normal
2026-02-16 17:29:58.337490,Dubai-040f,7,41,Normal
2026-02-16 17:29:59.337490,Dubai-040f,-14,87,Normal
2026-02-16 17:30:00.337490,Dubai-040f,49,75,Normal
2026-02-16 17:30:01.337490,Dubai-040f,13,61,Normal
2026-02-16 17:30:02.337490,Dubai-040f,13,88,Normal
2026-02-16 17:30:03.337490,Dubai-040f,-25,66,Normal
2026-02-16 17:30:04.337490,Dubai-040f,33,93,Normal
2026-02-16 17:30:05.337490,Dubai-040f,35,27,Normal
2026-02-16 17:30:06.337490,Dubai-040f,28,87,Normal
2026-02-16 17:30:07.337490,Dubai-040f,-26,2,Normal
2026-02-16 17:30:08.337490,Dubai-040f,0,86,Normal
2026-02-16 17:30:09.337490,Dubai-040f,-7,33,Normal
2026-02-16 17:30:10.337490,Dubai-040f,24,100,Normal
2026-02-16 17:30:11.337490,Dubai-040f,-5,75,Normal
2026-02-16 17:30:12.337490,Dubai-040f,41,88,Normal
2026-02-16 17:30:13.337490,Dubai-040f,40,26,Normal
2026-02-16 17:30:14.337490,Dubai-040f,-15,13,Normal
2026-02-16 17:30:15.337490,Dubai-040f,6,98,Normal
2026-02-16 17:30:16.337490,Dubai-040f,2,41,Normal
2026-02-16 17:30:17.337490,Dubai-040f,49,73,Normal
2026-02-16 17:30:18.337490,Dubai-040f,12,91,Normal
2026-02-16 17:30:19.337490,Dubai-040f,35,56,Normal
2026-02-16 17:30:20.337490,Dubai-040f,-5,100,Normal
2026-02-16 17:30:21.337490,Dubai-040f,9,89,Normal
2026-02-16 17:30:22.337490,Dubai-040f,40,8,Normal
2026-02-16 17:30:23.337490,Dubai-040f,40,99,Normal
2026-02-16 17:30:24.337490,Dubai-040f,-1,15,Normal
2026-02-16 17:30:25.337490,Dubai-040f,20,69,Normal
2026-02-16 17:30:26.337490,Dubai-040f,37,42,Normal
2026-02-16 17:30:27.337490,Dubai-040f,-21,61,Normal
2026-02-16 17:30:28.337490,Dubai-040f,40,28,Normal
2026-02-16 17:30:29.337490,Dubai-040f,19,20,Normal
2026-02-16 17:30:30.337490,Dubai-040f,21,34,Normal
2026-02-16 17:30:31.337490,Dubai-040f,3,32,Normal
2026-02-16 17:30:32.337490,Dubai-040f,-13,61,Normal
2026-02-16 17:30:33.337490,Dubai-040f,-13,32,Normal
2026-02-16 17:30:34.337490,Dubai-040f,-3,59,Normal
2026-02-16 17:30:35.337490,Dubai-040f,-24,51,Normal
2026-02-16 17:30:36.337490,Dubai-040f,21,87,Normal
2026-02-16 17:30:37.337490,Dubai-040f,3,17,Normal
2026-02-16 17:30:38.337490,Dubai-040f,45,41,Normal
2026-02-16 17:30:39.337490,Dubai-040f,43,92,Normal
2026-02-16 17:30:40.337490,Dubai-040f,40,4,Normal
2026-02-16 17:30:41.337490,Dubai-040f,22,63,Normal
2026-02-16 17:30:42.337490,Dubai-040f,32,80,Normal
2026-02-16 17:30:43.337490,Dubai-040f,37,39,Normal
2026-02-16 17:30:44.337490,Dubai-040f,9,23,Normal
2026-02-16 17:30:45.337490,Dubai-040f,19,89,Normal
2026-02-16 17:30:46.337490,Dubai-040f,-13,71,Normal
2026-02-16 17:30:47.337490,Dubai-040f,8,58,Normal
2026-02-16 17:30:48.337490,Dubai-040f,43,80,Normal
2026-02-16 17:30:49.337490,Dubai-040f,35,17,Normal
2026-02-16 17:30:50.337490,Dubai-040f,31,77,Normal
2026-02-16 17:30:51.337490,Dubai-040f,42,44,Normal
2026-02-16 17:30:52.337490,Dubai-040f,2,19,Normal
2026-02-16 17:30:53.337490,Dubai-040f,-23,9,Normal
2026-02-16 17:30:54.337490,Dubai-040f,4,52,Normal
2026-02-16 17:30:55.337490,Dubai-040f,-11,50,Normal
2026-02-16 17:30:56.337490,Dubai-040f,-3,45,Normal
2026-02-16 17:30:57.337490,Dubai-040f,40,29,Normal
2026-02-16 17:30:58.337490,Dubai-040f,-14,34,Normal
2026-02-16 17:30:59.337490,Dubai-040f,35,90,Normal
2026-02-16 17:31:00.337490,Dubai-040f,-28,10,Normal
2026-02-16 17:31:01.337490,Dubai-040f,14,91,Normal
2026-02-16 17:31:02.337490,Dubai-040f,35,20,Normal
2026-02-16 17:31:03.337490,Dubai-040f,9,6,Normal
2026-02-16 17:31:04.337490,Dubai-040f,47,19,Normal
2026-02-16 17:31:05.337490,Dubai-040f,43,50,Normal
2026-02-16 17:31:06.337490,Dubai-040f,-26,50,Normal
2026-02-16 17:31:07.337490,Dubai-040f,-17,18,Normal
2026-02-16 17:31:08.337490,Dubai-040f,-7,13,Normal
2026-02-16 17:31:09.337490,Dubai-040f,-23,16,Normal
2026-02-16 17:31:10.337490,Dubai-040f,-7,98,Normal
2026-02-16 17:31:11.337490,Dubai-040f,37,31,Normal
2026-02-16 17:31:12.337490,Dubai-040f,-28,35,Normal
2026-02-16 17:31:13.337490,Dubai-040f,30,69,Normal
2026-02-16 17:31:14.337490,Dubai-040f,-1,68,Normal
2026-02-16 17:31:15.337490,Dubai-040f,18,41,Normal
2026-02-16 17:31:16.337490,Dubai-040f,-25,81,Normal
2026-02-16 17:31:17.337490,Dubai-040f,-10,21,Normal
2026-02-16 17:31:18.337490,Dubai-040f,-7,91,Normal
2026-02-16 17:31:19.337490,Dubai-040f,-21,100,Normal
2026-02-16 17:31:20.337490,Dubai-040f,28,7,Normal
2026-02-16 17:31:21.337490,Dubai-040f,-20,68,Normal
2026-02-16 17:31:22.337490,Dubai-040f,5,30,Normal
2026-02-16 17:31:23.337490,Dubai-040f,19,3,Normal
2026-02-16 17:31:24.337490,Dubai-040f,7,80,Normal
2026-02-16 17:31:25.337490,Dubai-040f,33,76,Normal
2026-02-16 17:31:26.337490,Dubai-040f,31,25,Normal
2026-02-16 17:31:27.337490,Dubai-040f,11,8,Normal
2026-02-16 17:31:28.337490,Dubai-040f,35,53,Normal
2026-02-16 17:31:29.337490,Dubai-040f,32,39,Normal
2026-02-16 17:31:30.337490,Dubai-040f,0,91,Normal
2026-02-16 17:31:31.337490,Dubai-040f,9,28,Normal
2026-02-16 17:31:32.337490,Dubai-040f,6,10,Normal
2026-02-16 17:31:33.337490,Dubai-040f,-24,19,Normal
2026-02-16 17:31:34.337490,Dubai-040f,-9,63,Normal
2026-02-16 17:31:35.337490,Dubai-040f,1,55,Normal
2026-02-16 17:31:36.337490,Dubai-040f,47,52,Normal
2026-02-16 17:31:37.337490,Dubai-040f,17,51,Normal
2026-02-16 17:31:38.337490,Dubai-040f,-18,85,Normal
2026-02-16 17:31:39.337490,Dubai-040f,3,98,Normal
2026-02-16 17:31:40.337490,Dubai-040f,10,55,Normal
2026-02-16 17:31:41.337490,Dubai-040f,-7,80,Normal
2026-02-16 17:31:42.337490,Dubai-040f,49,70,Normal
2026-02-16 17:31:43.337490,Dubai-040f,48,51,Normal
2026-02-16 17:31:44.337490,Dubai-040f,29,51,Normal
2026-02-16 17:31:45.337490,Dubai-040f,-15,30,Normal
2026-02-16 17:31:46.337490,Dubai-040f,18,84,Normal
2026-02-16 17:31:47.337490,Dubai-040f,45,35,Normal
2026-02-16 17:31:48.337490,Dubai-040f,-21,74,Normal
2026-02-16 17:31:49.337490,Dubai-040f,49,91,Normal
2026-02-16 17:31:50.337490,Dubai-040f,24,67,Normal
2026-02-16 17:31:51.337490,Dubai-040f,-5,74,Normal
2026-02-16 17:31:52.337490,Dubai-040f,18,57,Normal
2026-02-16 17:31:53.337490,Dubai-040f,23,1,Normal
2026-02-16 17:31:54.337490,Dubai-040f,30,55,Normal
2026-02-16 17:31:55.337490,Dubai-040f,-30,66,Normal
2026-02-16 17:31:56.337490,Dubai-040f,14,36,Normal
2026-02-16 17:31:57.337490,Dubai-040f,33,62,Normal
2026-02-16 17:31:58.337490,Dubai-040f,17,37,Normal
2026-02-16 17:31:59.337490,Dubai-040f,38,80,Normal
2026-02-16 17:32:00.337490,Dubai-040f,33,29,Normal
2026-02-16 17:32:01.337490,Dubai-040f,41,11,Normal
2026-02-16 17:32:02.337490,Dubai-040f,7,40,Normal
2026-02-16 17:32:03.337490,Dubai-040f,-17,92,Normal
2026-02-16 17:32:04.337490,Dubai-040f,33,72,Normal
2026-02-16 17:32:05.337490,Dubai-040f,-14,91,Normal
2026-02-16 17:32:06.337490,Dubai-040f,14,28,Normal
2026-02-16 17:32:07.337490,Dubai-040f,25,98,Normal
2026-02-16 17:32:08.337490,Dubai-040f,31,84,Normal
2026-02-16 17:32:09.337490,Dubai-040f,39,78,Normal
2026-02-16 17:32:10.337490,Dubai-040f,37,67,Normal
2026-02-16 17:32:11.337490,Dubai-040f,37,25,Normal
2026-02-16 17:32:12.337490,Dubai-040f,-18,24,Normal
2026-02-16 17:32:13.337490,Dubai-040f,23,91,Normal
2026-02-16 17:32:14.337490,Dubai-040f,22,66,Normal
2026-02-16 17:32:15.337490,Dubai-040f,-14,34,Normal
2026-02-16 17:32:16.337490,Dubai-040f,48,37,Normal
2026-02-16 17:32:17.337490,Dubai-040f,30,85,Normal
2026-02-16 17:32:18.337490,Dubai-040f,-27,34,Normal
2026-02-16 17:32:19.337490,Dubai-040f,-29,53,Normal
2026-02-16 17:32:20.337490,Dubai-040f,12,24,Normal
2026-02-16 17:32:21.337490,Dubai-040f,-30,44,Normal
2026-02-16 17:32:22.337490,Dubai-040f,-18,65,Normal
2026-02-16 17:32:23.337490,Dubai-040f,8,78,Normal
2026-02-16 17:32:24.337490,Dubai-040f,-13,42,Normal
2026-02-16 17:32:25.337490,Dubai-040f,-20,3,Normal
2026-02-16 17:32:26.337490,Dubai-040f,27,29,Normal
2026-02-16 17:32:27.337490,Dubai-040f,20,84,Normal
2026-02-16 17:32:28.337490,Dubai-040f,48,93,Normal
2026-02-16 17:32:29.337490,Dubai-040f,-21,17,Normal
2026-02-16 17:32:30.337490,Dubai-040f,8,80,Normal
2026-02-16 17:32:31.337490,Dubai-040f,43,19,Normal
2026-02-16 17:32:32.337490,Dubai-040f,9,17,Normal
2026-02-16 17:32:33.337490,Dubai-040f,2,39,Normal
2026-02-16 17:32:34.337490,Dubai-040f,31,79,Normal
2026-02-16 17:32:35.337490,Dubai-040f,3,16,Normal
2026-02-16 17:32:36.337490,Dubai-040f,23,13,Normal
2026-02-16 17:32:37.337490,Dubai-040f,30,46,Normal
2026-02-16 17:32:38.337490,Dubai-040f,14,66,Normal
2026-02-16 17:32:39.337490,Dubai-040f,8,43,Normal
2026-02-16 17:32:40.337490,Dubai-040f,-6,31,Normal
2026-02-16 17:32:41.337490,Dubai-040f,-10,97,Normal
2026-02-16 17:32:42.337490,Dubai-040f,28,27,Normal
2026-02-16 17:32:43.337490,Dubai-040f,15,90,Normal
2026-02-16 17:32:44.337490,Dubai-040f,38,59,Normal
2026-02-16 17:32:45.337490,Dubai-040f,-18,17,Normal
2026-02-16 17:32:46.337490,Dubai-040f,-11,31,Normal
2026-02-16 17:32:47.337490,Dubai-040f,46,100,Normal
2026-02-16 17:32:48.337490,Dubai-040f,32,69,Normal
2026-02-16 17:32:49.337490,Dubai-040f,44,60,Normal
2026-02-16 17:32:50.337490,Dubai-040f,13,72,Normal
2026-02-16 17:32:51.337490,Dubai-040f,48,62,Normal
2026-02-16 17:32:52.337490,Dubai-040f,39,56,Normal
2026-02-16 17:32:53.337490,Dubai-040f,44,17,Normal
2026-02-16 17:32:54.337490,Dubai-040f,-20,56,Normal
2026-02-16 17:32:55.337490,Dubai-040f,50,48,Normal
2026-02-16 17:32:56.337490,Dubai-040f,-25,38,Normal
2026-02-16 17:32:57.337490,Dubai-040f,-26,90,Normal
2026-02-16 17:32:58.337490,Dubai-040f,11,6,Normal
2026-02-16 17:32:59.337490,Dubai-040f,15,96,Normal
2026-02-16 17:33:00.337490,Dubai-040f,4,62,Normal
2026-02-16 17:33:01.337490,Dubai-040f,-21,76,Normal
2026-02-16 17:33:02.337490,Dubai-040f,19,67,Normal
2026-02-16 17:33:03.337490,Dubai-040f,-16,81,Normal
2026-02-16 17:33:04.337490,Dubai-040f,-24,68,Normal
2026-02-16 17:33:05.337490,Dubai-040f,16,15,Normal
2026-02-16 17:33:06.337490,Dubai-040f,-7,50,Normal
2026-02-16 17:33:07.337490,Dubai-040f,14,47,Normal
2026-02-16 17:33:08.337490,Dubai-040f,-27,68,Normal
2026-02-16 17:33:09.337490,Dubai-040f,-16,7,Normal
2026-02-16 17:33:10.337490,Dubai-040f,-15,11,Normal
2026-02-16 17:33:11.337490,Dubai-040f,-21,70,Normal
2026-02-16 17:33:12.337490,Dubai-040f,-2,33,Normal
2026-02-16 17:33:13.337490,Dubai-040f,17,37,Normal
2026-02-16 17:33:14.337490,Dubai-040f,-27,97,Normal
2026-02-16 17:33:15.337490,Dubai-040f,-18,88,Normal
2026-02-16 17:33:16.337490,Dubai-040f,19,42,Normal
2026-02-16 17:33:17.337490,Dubai-040f,6,92,Normal
2026-02-16 17:33:18.337490,Dubai-040f,39,98,Normal
2026-02-16 17:33:19.337490,Dubai-040f,47,82,Normal
2026-02-16 17:33:20.337490,Dubai-040f,21,68,Normal
2026-02-16 17:33:21.337490,Dubai-040f,48,3,Normal
2026-02-16 17:33:22.337490,Dubai-040f,11,74,Normal
2026-02-16 17:33:23.337490,Dubai-040f,-5,92,Normal
2026-02-16 17:33:24.337490,Dubai-040f,-1,91,Normal
2026-02-16 17:33:25.337490,Dubai-040f,-6,98,Normal
2026-02-16 17:33:26.337490,Dubai-040f,27,28,Normal
2026-02-16 17:33:27.337490,Dubai-040f,25,74,Normal
2026-02-16 17:33:28.337490,Dubai-040f,29,100,Normal
2026-02-16 17:33:29.337490,Dubai-040f,-3,62,Normal
2026-02-16 17:33:30.337490,Dubai-040f,40,17,Normal
2026-02-16 17:33:31.337490,Dubai-040f,42,55,Normal
2026-02-16 17:33:32.337490,Dubai-040f,23,77,Normal
2026-02-16 17:33:33.337490,Dubai-040f,-20,53,Normal
2026-02-16 17:33:34.337490,Dubai-040f,9,41,Normal
2026-02-16 17:33:35.337490,Dubai-040f,5,37,Normal
2026-02-16 17:33:36.337490,Dubai-040f,41,65,Normal
2026-02-16 17:33:37.337490,Dubai-040f,47,59,Normal
2026-02-16 17:33:38.337490,Dubai-040f,17,98,Normal
2026-02-16 17:33:39.337490,Dubai-040f,38,57,Normal
2026-02-16 17:33:40.337490,Dubai-040f,-30,85,Normal
2026-02-16 17:33:41.337490,Dubai-040f,-24,23,Normal
2026-02-16 17:33:42.337490,Dubai-040f,35,12,Normal
2026-02-16 17:33:43.337490,Dubai-040f,33,70,Normal
2026-02-16 17:33:44.337490,Dubai-040f,-6,63,Normal
2026-02-16 17:33:45.337490,Dubai-040f,25,14,Normal
2026-02-16 17:33:46.337490,Dubai-040f,-14,13,Normal
2026-02-16 17:33:47.337490,Dubai-040f,-16,85,Normal
2026-02-16 17:33:48.337490,Dubai-040f,15,38,Normal
2026-02-16 17:33:49.337490,Dubai-040f,30,64,Normal
2026-02-16 17:33:50.337490,Dubai-040f,18,31,Normal
2026-02-16 17:33:51.337490,Dubai-040f,40,4,Normal
2026-02-16 17:33:52.337490,Dubai-040f,-10,92,Normal
2026-02-16 17:33:53.337490,Dubai-040f,-13,27,Normal
2026-02-16 17:33:54.337490,Dubai-040f,34,43,Normal
2026-02-16 17:33:55.337490,Dubai-040f,46,48,Normal
2026-02-16 17:33:56.337490,Dubai-040f,-23,19,Normal
2026-02-16 17:33:57.337490,Dubai-040f,32,97,Normal
2026-02-16 17:33:58.337490,Dubai-040f,2,1,Normal
2026-02-16 17:33:59.337490,Dubai-040f,-21,64,Normal
2026-02-16 17:34:00.337490,Dubai-040f,27,52,Normal
2026-02-16 17:34:01.337490,Dubai-040f,18,65,Normal
2026-02-16 17:34:02.337490,Dubai-040f,-23,82,Normal
2026-02-16 17:34:03.337490,Dubai-040f,37,48,Normal
2026-02-16 17:34:04.337490,Dubai-040f,-20,37,Normal
2026-02-16 17:34:05.337490,Dubai-040f,40,4,Normal
2026-02-16 17:34:06.337490,Dubai-040f,20,10,Normal
2026-02-16 17:34:07.337490,Dubai-040f,23,61,Normal
2026-02-16 17:34:08.337490,Dubai-040f,38,65,Normal
2026-02-16 17:34:09.337490,Dubai-040f,45,27,Normal
2026-02-16 17:34:10.337490,Dubai-040f,14,80,Normal
2026-02-16 17:34:11.337490,Dubai-040f,-16,42,Normal
2026-02-16 17:34:12.337490,Dubai-040f,31,51,Normal
2026-02-16 17:34:13.337490,Dubai-040f,22,93,Normal
2026-02-16 17:34:14.337490,Dubai-040f,14,11,Normal
2026-02-16 17:34:15.337490,Dubai-040f,24,51,Normal
2026-02-16 17:34:16.337490,Dubai-040f,1,51,Normal
2026-02-16 17:34:17.337490,Dubai-040f,15,42,Normal
2026-02-16 17:34:18.337490,Dubai-040f,-12,66,Normal
2026-02-16 17:34:19.337490,Dubai-040f,29,17,Normal
2026-02-16 17:34:20.337490,Dubai-040f,47,7,Normal
2026-02-16 17:34:21.337490,Dubai-040f,33,37,Normal
2026-02-16 17:34:22.337490,Dubai-040f,-29,55,Normal
2026-02-16 17:34:23.337490,Dubai-040f,41,65,Normal
2026-02-16 17:34:24.337490,Dubai-040f,18,20,Normal
2026-02-16 17:34:25.337490,Dubai-040f,-24,9,Normal
2026-02-16 17:34:26.337490,Dubai-040f,-26,70,Normal
2026-02-16 17:34:27.337490,Dubai-040f,44,42,Normal
2026-02-16 17:34:28.337490,Dubai-040f,24,95,Normal
2026-02-16 17:34:29.337490,Dubai-040f,22,70,Normal
2026-02-16 17:34:30.337490,Dubai-040f,-25,59,Normal
2026-02-16 17:34:31.337490,Dubai-040f,-14,21,Normal
2026-02-16 17:34:32.337490,Dubai-040f,16,99,Normal
2026-02-16 17:34:33.337490,Dubai-040f,36,100,Normal
2026-02-16 17:34:34.337490,Dubai-040f,-10,54,Normal
2026-02-16 17:34:35.337490,Dubai-040f,-14,19,Normal
2026-02-16 17:34:36.337490,Dubai-040f,28,52,Normal
2026-02-16 17:34:37.337490,Dubai-040f,-28,3,Normal
2026-02-16 17:34:38.337490,Dubai-040f,34,39,Normal
2026-02-16 17:34:39.337490,Dubai-040f,46,78,Normal
2026-02-16 17:34:40.337490,Dubai-040f,-12,39,Normal
2026-02-16 17:34:41.337490,Dubai-040f,-30,91,Normal
2026-02-16 17:34:42.337490,Dubai-040f,30,34,Normal
2026-02-16 17:34:43.337490,Dubai-040f,31,36,Normal
2026-02-16 17:34:44.337490,Dubai-040f,1,6,Normal
2026-02-16 17:34:45.337490,Dubai-040f,35,63,Normal
2026-02-16 17:34:46.337490,Dubai-040f,41,37,Normal
2026-02-16 17:34:47.337490,Dubai-040f,-23,27,Normal
2026-02-16 17:34:48.337490,Dubai-040f,44,17,Normal
2026-02-16 17:34:49.337490,Dubai-040f,45,89,Normal
2026-02-16 17:34:50.337490,Dubai-040f,-14,12,Normal
2026-02-16 17:34:51.337490,Dubai-040f,4,25,Normal
2026-02-16 17:34:52.337490,Dubai-040f,-1,35,Normal
2026-02-16 17:34:53.337490,Dubai-040f,-17,72,Normal
2026-02-16 17:34:54.337490,Dubai-040f,6,57,Normal
2026-02-16 17:34:55.337490,Dubai-040f,33,65,Normal
2026-02-16 17:34:56.337490,Dubai-040f,-23,45,Normal
2026-02-16 17:34:57.337490,Dubai-040f,3,100,Normal
2026-02-16 17:34:58.337490,Dubai-040f,48,19,Normal
2026-02-16 17:34:59.337490,Dubai-040f,41,63,Normal
2026-02-16 17:35:00.337490,Dubai-040f,-6,42,Normal
2026-02-16 17:35:01.337490,Dubai-040f,-18,57,Normal
2026-02-16 17:35:02.337490,Dubai-040f,40,67,Normal
2026-02-16 17:35:03.337490,Dubai-040f,35,24,Normal
2026-02-16 17:35:04.337490,Dubai-040f,37,31,Normal
2026-02-16 17:35:05.337490,Dubai-040f,30,5,Normal
2026-02-16 17:35:06.337490,Dubai-040f,4,94,Normal
2026-02-16 17:35:07.337490,Dubai-040f,-14,70,Normal
2026-02-16 17:35:08.337490,Dubai-040f,49,41,Normal
2026-02-16 17:35:09.337490,Dubai-040f,42,11,Normal
2026-02-16 17:35:10.337490,Dubai-040f,-6,20,Normal
2026-02-16 17:35:11.337490,Dubai-040f,26,21,Normal
2026-02-16 17:35:12.337490,Dubai-040f,-15,40,Normal
2026-02-16 17:35:13.337490,Dubai-040f,-9,17,Normal
2026-02-16 17:35:14.337490,Dubai-040f,0,80,Normal
2026-02-16 17:35:15.337490,Dubai-040f,8,50,Normal
2026-02-16 17:35:16.337490,Dubai-040f,36,51,Normal
2026-02-16 17:35:17.337490,Dubai-040f,46,92,Normal
2026-02-16 17:35:18.337490,Dubai-040f,12,22,Normal
2026-02-16 17:35:19.337490,Dubai-040f,-7,36,Normal
2026-02-16 17:35:20.337490,Dubai-040f,-1,22,Normal
2026-02-16 17:35:21.337490,Dubai-040f,-23,65,Normal
2026-02-16 17:35:22.337490,Dubai-040f,12,39,Normal
2026-02-16 17:35:23.337490,Dubai-040f,49,26,Normal
2026-02-16 17:35:24.337490,Dubai-040f,-16,40,Normal
2026-02-16 17:35:25.337490,Dubai-040f,9,67,Normal
2026-02-16 17:35:26.337490,Dubai-040f,-26,20,Normal
2026-02-16 17:35:27.337490,Dubai-040f,45,91,Normal
2026-02-16 17:35:28.337490,Dubai-040f,-27,6,Normal
2026-02-16 17:35:29.337490,Dubai-040f,-18,8,Normal
2026-02-16 17:35:30.337490,Dubai-040f,-15,99,Normal
2026-02-16 17:35:31.337490,Dubai-040f,36,4,Normal
2026-02-16 17:35:32.337490,Dubai-040f,42,78,Normal
2026-02-16 17:35:33.337490,Dubai-040f,23,56,Normal
2026-02-16 17:35:34.337490,Dubai-040f,9,32,Normal
2026-02-16 17:35:35.337490,Dubai-040f,5,83,Normal
2026-02-16 17:35:36.337490,Dubai-040f,-2,12,Normal
2026-02-16 17:35:37.337490,Dubai-040f,-15,72,Normal
2026-02-16 17:35:38.337490,Dubai-040f,-11,88,Normal
2026-02-16 17:35:39.337490,Dubai-040f,-21,76,Normal
2026-02-16 17:35:40.337490,Dubai-040f,-20,8,Normal
2026-02-16 17:35:41.337490,Dubai-040f,3,41,Normal
2026-02-16 17:35:42.337490,Dubai-040f,49,32,Normal
2026-02-16 17:35:43.337490,Dubai-040f,-7,100,Normal
2026-02-16 17:35:44.337490,Dubai-040f,-4,97,Normal
2026-02-16 17:35:45.337490,Dubai-040f,40,48,Normal
2026-02-16 17:35:46.337490,Dubai-040f,-22,92,Normal
2026-02-16 17:35:47.337490,Dubai-040f,12,51,Normal
2026-02-16 17:35:48.337490,Dubai-040f,41,12,Normal
2026-02-16 17:35:49.337490,Dubai-040f,25,71,Normal
2026-02-16 17:35:50.337490,Dubai-040f,45,18,Normal
2026-02-16 17:35:51.337490,Dubai-040f,49,21,Normal
2026-02-16 17:35:52.337490,Dubai-040f,-1,18,Normal
2026-02-16 17:35:53.337490,Dubai-040f,-1,5,Normal
2026-02-16 17:35:54.337490,Dubai-040f,17,66,Normal
2026-02-16 17:35:55.337490,Dubai-040f,-9,5,Normal
2026-02-16 17:35:56.337490,Dubai-040f,-15,44,Normal
2026-02-16 17:35:57.337490,Dubai-040f,-21,76,Normal
2026-02-16 17:35:58.337490,Dubai-040f,14,9,Normal
2026-02-16 17:35:59.337490,Dubai-040f,41,67,Normal
2026-02-16 17:36:00.337490,Dubai-040f,13,74,Normal
2026-02-16 17:36:01.337490,Dubai-040f,47,11,Normal
2026-02-16 17:36:02.337490,Dubai-040f,20,70,Normal
2026-02-16 17:36:03.337490,Dubai-040f,11,29,Normal
2026-02-16 17:36:04.337490,Dubai-040f,29,9,Normal
2026-02-16 17:36:05.337490,Dubai-040f,-2,20,Normal
2026-02-16 17:36:06.337490,Dubai-040f,24,70,Normal
2026-02-16 17:36:07.337490,Dubai-040f,40,62,Normal
2026-02-16 17:36:08.337490,Dubai-040f,18,44,Normal
2026-02-16 17:36:09.337490,Dubai-040f,-8,44,Normal
2026-02-16 17:36:10.337490,Dubai-040f,25,79,Normal
2026-02-16 17:36:11.337490,Dubai-040f,21,50,Normal
2026-02-16 17:36:12.337490,Dubai-040f,45,97,Normal
2026-02-16 17:36:13.337490,Dubai-040f,-9,30,Normal
2026-02-16 17:36:14.337490,Dubai-040f,40,79,Normal
2026-02-16 17:36:15.337490,Dubai-040f,28,9,Normal
2026-02-16 17:36:16.337490,Dubai-040f,24,21,Normal
2026-02-16 17:36:17.337490,Dubai-040f,49,57,Normal
2026-02-16 17:36:18.337490,Dubai-040f,11,25,Normal
2026-02-16 17:36:19.337490,Dubai-040f,37,97,Normal
2026-02-16 17:36:20.337490,Dubai-040f,26,15,Normal
2026-02-16 17:36:21.337490,Dubai-040f,31,57,Normal
2026-02-16 17:36:22.337490,Dubai-040f,-3,67,Normal
2026-02-16 17:36:23.337490,Dubai-040f,-6,29,Normal
2026-02-16 17:36:24.337490,Dubai-040f,50,24,Normal
2026-02-16 17:36:25.337490,Dubai-040f,47,67,Normal
2026-02-16 17:36:26.337490,Dubai-040f,28,78,Normal
2026-02-16 17:36:27.337490,Dubai-040f,41,18,Normal
2026-02-16 17:36:28.337490,Dubai-040f,8,32,Normal
2026-02-16 17:36:29.337490,Dubai-040f,-5,93,Normal
2026-02-16 17:36:30.337490,Dubai-040f,9,96,Normal
2026-02-16 17:36:31.337490,Dubai-040f,36,54,Normal
2026-02-16 17:36:32.337490,Dubai-040f,41,81,Normal
2026-02-16 17:36:33.337490,Dubai-040f,13,14,Normal
2026-02-16 17:36:34.337490,Dubai-040f,6,2,Normal
2026-02-16 17:36:35.337490,Dubai-040f,-2,87,Normal
2026-02-16 17:36:36.337490,Dubai-040f,9,80,Normal
2026-02-16 17:36:37.337490,Dubai-040f,37,61,Normal
2026-02-16 17:36:38.337490,Dubai-040f,15,87,Normal
2026-02-16 17:36:39.337490,Dubai-040f,8,44,Normal
2026-02-16 17:36:40.337490,Dubai-040f,14,3,Normal
2026-02-16 17:36:41.337490,Dubai-040f,5,26,Normal
2026-02-16 17:36:42.337490,Dubai-040f,26,62,Normal
2026-02-16 17:36:43.337490,Dubai-040f,-3,8,Normal
2026-02-16 17:36:44.337490,Dubai-040f,-6,62,Normal
2026-02-16 17:36:45.337490,Dubai-040f,-5,99,Normal
2026-02-16 17:36:46.337490,Dubai-040f,35,37,Normal
2026-02-16 17:36:47.337490,Dubai-040f,-23,13,Normal
2026-02-16 17:36:48.337490,Dubai-040f,-10,51,Normal
2026-02-16 17:36:49.337490,Dubai-040f,36,68,Normal
2026-02-16 17:36:50.337490,Dubai-040f,40,9,Normal
2026-02-16 17:36:51.337490,Dubai-040f,31,23,Normal
2026-02-16 17:36:52.337490,Dubai-040f,13,49,Normal
2026-02-16 17:36:53.337490,Dubai-040f,48,75,Normal
2026-02-16 17:36:54.337490,Dubai-040f,-24,11,Normal
2026-02-16 17:36:55.337490,Dubai-040f,-4,30,Normal
2026-02-16 17:36:56.337490,Dubai-040f,-14,48,Normal
2026-02-16 17:36:57.337490,Dubai-040f,-26,55,Normal
2026-02-16 17:36:58.337490,Dubai-040f,15,40,Normal
2026-02-16 17:36:59.337490,Dubai-040f,2,8,Normal
2026-02-16 17:37:00.337490,Dubai-040f,21,20,Normal
2026-02-16 17:37:01.337490,Dubai-040f,22,41,Normal
2026-02-16 17:37:02.337490,Dubai-040f,13,96,Normal
2026-02-16 17:37:03.337490,Dubai-040f,-30,32,Normal
2026-02-16 17:37:04.337490,Dubai-040f,-19,54,Normal
2026-02-16 17:37:05.337490,Dubai-040f,47,73,Normal
2026-02-16 17:37:06.337490,Dubai-040f,47,76,Normal
2026-02-16 17:37:07.337490,Dubai-040f,38,32,Normal
2026-02-16 17:37:08.337490,Dubai-040f,21,62,Normal
2026-02-16 17:37:09.337490,Dubai-040f,-26,83,Normal
2026-02-16 17:37:10.337490,Dubai-040f,45,15,Normal
2026-02-16 17:37:11.337490,Dubai-040f,28,37,Normal
2026-02-16 17:37:12.337490,Dubai-040f,14,15,Normal
2026-02-16 17:37:13.337490,Dubai-040f,-16,43,Normal
2026-02-16 17:37:14.337490,Dubai-040f,26,45,Normal
2026-02-16 17:37:15.337490,Dubai-040f,-23,71,Normal
2026-02-16 17:37:16.337490,Dubai-040f,35,58,Normal
2026-02-16 17:37:17.337490,Dubai-040f,42,45,Normal
2026-02-16 17:37:18.337490,Dubai-040f,42,63,Normal
2026-02-16 17:37:19.337490,Dubai-040f,-28,44,Normal
2026-02-16 17:37:20.337490,Dubai-040f,26,32,Normal
2026-02-16 17:37:21.337490,Dubai-040f,4,93,Normal
2026-02-16 17:37:22.337490,Dubai-040f,43,92,Normal
2026-02-16 17:37:23.337490,Dubai-040f,-2,25,Normal
2026-02-16 17:37:24.337490,Dubai-040f,-24,64,Normal
2026-02-16 17:37:25.337490,Dubai-040f,-25,95,Normal
2026-02-16 17:37:26.337490,Dubai-040f,-3,88,Normal
2026-02-16 17:37:27.337490,Dubai-040f,-23,19,Normal
2026-02-16 17:37:28.337490,Dubai-040f,33,100,Normal
2026-02-16 17:37:29.337490,Dubai-040f,-7,29,Normal
2026-02-16 17:37:30.337490,Dubai-040f,-5,77,Normal
2026-02-16 17:37:31.337490,Dubai-040f,22,22,Normal
2026-02-16 17:37:32.337490,Dubai-040f,4,66,Normal
2026-02-16 17:37:33.337490,Dubai-040f,-10,37,Normal
2026-02-16 17:37:34.337490,Dubai-040f,-20,0,Normal
2026-02-16 17:37:35.337490,Dubai-040f,-5,92,Normal
2026-02-16 17:37:36.337490,Dubai-040f,6,42,Normal
2026-02-16 17:37:37.337490,Dubai-040f,-30,48,Normal
2026-02-16 17:37:38.337490,Dubai-040f,6,0,Normal
2026-02-16 17:37:39.337490,Dubai-040f,10,10,Normal
2026-02-16 17:37:40.337490,Dubai-040f,21,62,Normal
2026-02-16 17:37:41.337490,Dubai-040f,-19,93,Normal
2026-02-16 17:37:42.337490,Dubai-040f,12,34,Normal
2026-02-16 17:37:43.337490,Dubai-040f,-5,24,Normal
2026-02-16 17:37:44.337490,Dubai-040f,-10,6,Normal
2026-02-16 17:37:45.337490,Dubai-040f,25,78,Normal
2026-02-16 17:37:46.337490,Dubai-040f,9,51,Normal
2026-02-16 17:37:47.337490,Dubai-040f,-10,83,Normal
2026-02-16 17:37:48.337490,Dubai-040f,-12,78,Normal
2026-02-16 17:37:49.337490,Dubai-040f,-2,11,Normal
2026-02-16 17:37:50.337490,Dubai-040f,35,81,Normal
2026-02-16 17:37:51.337490,Dubai-040f,-24,84,Normal
2026-02-16 17:37:52.337490,Dubai-040f,-11,5,Normal
2026-02-16 17:37:53.337490,Dubai-040f,-27,86,Normal
2026-02-16 17:37:54.337490,Dubai-040f,-7,30,Normal
2026-02-16 17:37:55.337490,Dubai-040f,-17,48,Normal
2026-02-16 17:37:56.337490,Dubai-040f,10,39,Normal
2026-02-16 17:37:57.337490,Dubai-040f,38,2,Normal
2026-02-16 17:37:58.337490,Dubai-040f,4,70,Normal
2026-02-16 17:37:59.337490,Dubai-040f,24,9,Normal
2026-02-16 17:38:00.337490,Dubai-040f,23,53,Normal
2026-02-16 17:38:01.337490,Dubai-040f,-1,71,Normal
2026-02-16 17:38:02.337490,Dubai-040f,3,10,Normal
2026-02-16 17:38:03.337490,Dubai-040f,-12,18,Normal
2026-02-16 17:38:04.337490,Dubai-040f,-5,42,Normal
2026-02-16 17:38:05.337490,Dubai-040f,12,92,Normal
2026-02-16 17:38:06.337490,Dubai-040f,31,50,Normal
2026-02-16 17:38:07.337490,Dubai-040f,-11,91,Normal
2026-02-16 17:38:08.337490,Dubai-040f,19,38,Normal
2026-02-16 17:38:09.337490,Dubai-040f,19,96,Normal
2026-02-16 17:38:10.337490,Dubai-040f,-19,26,Normal
2026-02-16 17:38:11.337490,Dubai-040f,48,18,Normal
2026-02-16 17:38:12.337490,Dubai-040f,24,24,Normal
2026-02-16 17:38:13.337490,Dubai-040f,5,80,Normal
2026-02-16 17:38:14.337490,Dubai-040f,-25,28,Normal
2026-02-16 17:38:15.337490,Dubai-040f,46,76,Normal
2026-02-16 17:38:16.337490,Dubai-040f,-13,83,Normal
2026-02-16 17:38:17.337490,Dubai-040f,23,81,Normal
2026-02-16 17:38:18.337490,Dubai-040f,3,39,Normal
2026-02-16 17:38:19.337490,Dubai-040f,45,61,Normal
2026-02-16 17:38:20.337490,Dubai-040f,-11,16,Normal
2026-02-16 17:38:21.337490,Dubai-040f,23,43,Normal
2026-02-16 17:38:22.337490,Dubai-040f,-4,48,Normal
2026-02-16 17:38:23.337490,Dubai-040f,-27,50,Normal
2026-02-16 17:38:24.337490,Dubai-040f,20,92,Normal
2026-02-16 17:38:25.337490,Dubai-040f,-2,33,Normal
2026-02-16 17:38:26.337490,Dubai-040f,-4,98,Normal
2026-02-16 17:38:27.337490,Dubai-040f,23,21,Normal
2026-02-16 17:38:28.337490,Dubai-040f,-6,2,Normal
2026-02-16 17:38:29.337490,Dubai-040f,15,24,Normal
2026-02-16 17:38:30.337490,Dubai-040f,-27,27,Normal
2026-02-16 17:38:31.337490,Dubai-040f,48,58,Normal
2026-02-16 17:38:32.337490,Dubai-040f,25,84,Normal
2026-02-16 17:38:33.337490,Dubai-040f,0,16,Normal
2026-02-16 17:38:34.337490,Dubai-040f,30,75,Normal
2026-02-16 17:38:35.337490,Dubai-040f,42,88,Normal
2026-02-16 17:38:36.337490,Dubai-040f,26,100,Normal
2026-02-16 17:38:37.337490,Dubai-040f,23,37,Normal
2026-02-16 17:38:38.337490,Dubai-040f,31,5,Normal
2026-02-16 17:38:39.337490,Dubai-040f,0,74,Normal
2026-02-16 17:38:40.337490,Dubai-040f,8,93,Normal
2026-02-16 17:38:41.337490,Dubai-040f,1,3,Normal
2026-02-16 17:38:42.337490,Dubai-040f,44,0,Normal
2026-02-16 17:38:43.337490,Dubai-040f,30,57,Normal
2026-02-16 17:38:44.337490,Dubai-040f,6,56,Normal
2026-02-16 17:38:45.337490,Dubai-040f,-1,19,Normal
2026-02-16 17:38:46.337490,Dubai-040f,25,76,Normal
2026-02-16 17:38:47.337490,Dubai-040f,30,85,Normal
2026-02-16 17:38:48.337490,Dubai-040f,17,33,Normal
2026-02-16 17:38:49.337490,Dubai-040f,47,79,Normal
2026-02-16 17:38:50.337490,Dubai-040f,-3,22,Normal
2026-02-16 17:38:51.337490,Dubai-040f,16,9,Normal
2026-02-16 17:38:52.337490,Dubai-040f,-16,25,Normal
2026-02-16 17:38:53.337490,Dubai-040f,-12,77,Normal
2026-02-16 17:38:54.337490,Dubai-040f,-30,51,Normal
2026-02-16 17:38:55.337490,Dubai-040f,39,71,Normal
2026-02-16 17:38:56.337490,Dubai-040f,2,2,Normal
