timestamp,station_id,temp,humid,condition
2026-02-14 10:53:47.374060,Berlin-8eda,-23,63,Normal
2026-02-14 10:53:48.374060,Berlin-8eda,-28,16,Normal
2026-02-14 10:53:49.374060,Berlin-8eda,31,38,Normal
2026-02-14 10:53:50.374060,Berlin-8eda,-22,31,Normal
2026-02-14 10:53:51.374060,Berlin-8eda,29,72,Normal
2026-02-14 10:53:52.374060,Berlin-8eda,-29,47,Normal
2026-02-14 10:53:53.374060,Berlin-8eda,-8,13,Normal
2026-02-14 10:53:54.374060,Berlin-8eda,50,99,Normal
2026-02-14 10:53:55.374060,Berlin-8eda,-28,3,Normal
2026-02-14 10:53:56.374060,Berlin-8eda,23,18,Normal
2026-02-14 10:53:57.374060,Berlin-8eda,-6,6,Normal
2026-02-14 10:53:58.374060,Berlin-8eda,22,90,Normal
2026-02-14 10:53:59.374060,Berlin-8eda,18,91,Normal
2026-02-14 10:54:00.374060,Berlin-8eda,2,92,Normal
2026-02-14 10:54:01.374060,Berlin-8eda,35,38,Normal
2026-02-14 10:54:02.374060,Berlin-8eda,-27,19,Normal
2026-02-14 10:54:03.374060,Berlin-8eda,21,94,Normal
2026-02-14 10:54:04.374060,Berlin-8eda,-13,99,Normal
2026-02-14 10:54:05.374060,Berlin-8eda,-13,42,Normal
2026-02-14 10:54:06.374060,Berlin-8eda,-10,40,Normal
2026-02-14 10:54:07.374060,Berlin-8eda,1,90,Normal
2026-02-14 10:54:08.374060,Berlin-8eda,32,6,Normal
2026-02-14 10:54:09.374060,Berlin-8eda,-13,86,Normal
2026-02-14 10:54:10.374060,Berlin-8eda,47,36,Normal
2026-02-14 10:54:11.374060,Berlin-8eda,4,75,Normal
2026-02-14 10:54:12.374060,Berlin-8eda,27,35,Normal
2026-02-14 10:54:13.374060,Berlin-8eda,-18,72,Normal
2026-02-14 10:54:14.374060,Berlin-8eda,0,32,Normal
2026-02-14 10:54:15.374060,Berlin-8eda,11,28,Normal
2026-02-14 10:54:16.374060,Berlin-8eda,30,9,Normal
2026-02-14 10:54:17.374060,Berlin-8eda,-22,78,Normal
2026-02-14 10:54:18.374060,Berlin-8eda,23,94,Normal
2026-02-14 10:54:19.374060,Berlin-8eda,35,29,Normal
2026-02-14 10:54:20.374060,Berlin-8eda,-11,35,Normal
2026-02-14 10:54:21.374060,Berlin-8eda,34,78,Normal
2026-02-14 10:54:22.374060,Berlin-8eda,-29,67,Normal
2026-02-14 10:54:23.374060,Berlin-8eda,20,37,Normal
2026-02-14 10:54:24.374060,Berlin-8eda,-26,14,Normal
2026-02-14 10:54:25.374060,Berlin-8eda,38,2,Normal
2026-02-14 10:54:26.374060,Berlin-8eda,13,59,Normal
2026-02-14 10:54:27.374060,Berlin-8eda,-21,70,Normal
2026-02-14 10:54:28.374060,Berlin-8eda,36,8,Normal
2026-02-14 10:54:29.374060,Berlin-8eda,37,55,Normal
2026-02-14 10:54:30.374060,Berlin-8eda,8,18,Normal
2026-02-14 10:54:31.374060,Berlin-8eda,-2,95,Normal
2026-02-14 10:54:32.374060,Berlin-8eda,17,76,Normal
2026-02-14 10:54:33.374060,Berlin-8eda,-18,57,Normal
2026-02-14 10:54:34.374060,Berlin-8eda,-7,39,Normal
2026-02-14 10:54:35.374060,Berlin-8eda,20,32,Normal
2026-02-14 10:54:36.374060,Berlin-8eda,-18,57,Normal
2026-02-14 10:54:37.374060,Berlin-8eda,-19,91,Normal
2026-02-14 10:54:38.374060,Berlin-8eda,-2,5,Normal
2026-02-14 10:54:39.374060,Berlin-8eda,4,7,Normal
2026-02-14 10:54:40.374060,Berlin-8eda,40,73,Normal
2026-02-14 10:54:41.374060,Berlin-8eda,5,49,Normal
2026-02-14 10:54:42.374060,Berlin-8eda,30,25,Normal
2026-02-14 10:54:43.374060,Berlin-8eda,18,19,Normal
2026-02-14 10:54:44.374060,Berlin-8eda,3,71,Normal
2026-02-14 10:54:45.374060,Berlin-8eda,-5,28,Normal
2026-02-14 10:54:46.374060,Berlin-8eda,4,12,Normal
2026-02-14 10:54:47.374060,Berlin-8eda,-17,57,Normal
2026-02-14 10:54:48.374060,Berlin-8eda,22,34,Normal
2026-02-14 10:54:49.374060,Berlin-8eda,24,73,Normal
2026-02-14 10:54:50.374060,Berlin-8eda,-4,8,Normal
2026-02-14 10:54:51.374060,Berlin-8eda,-9,3,Normal
2026-02-14 10:54:52.374060,Berlin-8eda,-19,15,Normal
2026-02-14 10:54:53.374060,Berlin-8eda,46,62,Normal
2026-02-14 10:54:54.374060,Berlin-8eda,28,33,Normal
2026-02-14 10:54:55.374060,Berlin-8eda,39,37,Normal
2026-02-14 10:54:56.374060,Berlin-8eda,1,11,Normal
2026-02-14 10:54:57.374060,Berlin-8eda,11,72,Normal
2026-02-14 10:54:58.374060,Berlin-8eda,-8,12,Normal
2026-02-14 10:54:59.374060,Berlin-8eda,34,28,Normal
2026-02-14 10:55:00.374060,Berlin-8eda,27,25,Normal
2026-02-14 10:55:01.374060,Berlin-8eda,-14,12,Normal
2026-02-14 10:55:02.374060,Berlin-8eda,-21,55,Normal
2026-02-14 10:55:03.374060,Berlin-8eda,2,100,Normal
2026-02-14 10:55:04.374060,Berlin-8eda,24,79,Normal
2026-02-14 10:55:05.374060,Berlin-8eda,12,72,Normal
2026-02-14 10:55:06.374060,Berlin-8eda,-28,40,Normal
2026-02-14 10:55:07.374060,Berlin-8eda,0,83,Normal
2026-02-14 10:55:08.374060,Berlin-8eda,42,21,Normal
2026-02-14 10:55:09.374060,Berlin-8eda,-2,98,Normal
2026-02-14 10:55:10.374060,Berlin-8eda,24,46,Normal
2026-02-14 10:55:11.374060,Berlin-8eda,50,24,Normal
2026-02-14 10:55:12.374060,Berlin-8eda,3,73,Normal
2026-02-14 10:55:13.374060,Berlin-8eda,42,89,Normal
2026-02-14 10:55:14.374060,Berlin-8eda,-4,91,Normal
2026-02-14 10:55:15.374060,Berlin-8eda,-21,81,Normal
2026-02-14 10:55:16.374060,Berlin-8eda,0,70,Normal
2026-02-14 10:55:17.374060,Berlin-8eda,29,100,Normal
2026-02-14 10:55:18.374060,Berlin-8eda,-19,78,Normal
2026-02-14 10:55:19.374060,Berlin-8eda,50,96,Normal
2026-02-14 10:55:20.374060,Berlin-8eda,10,73,Normal
2026-02-14 10:55:21.374060,Berlin-8eda,2,87,Normal
2026-02-14 10:55:22.374060,Berlin-8eda,9,98,Normal
2026-02-14 10:55:23.374060,Berlin-8eda,14,34,Normal
2026-02-14 10:55:24.374060,Berlin-8eda,-3,49,Normal
2026-02-14 10:55:25.374060,Berlin-8eda,1,68,Normal
2026-02-14 10:55:26.374060,Berlin-8eda,3,62,Normal
2026-02-14 10:55:27.374060,Berlin-8eda,-4,21,Normal
2026-02-14 10:55:28.374060,Berlin-8eda,-13,83,Normal
2026-02-14 10:55:29.374060,Berlin-8eda,19,6,Normal
2026-02-14 10:55:30.374060,Berlin-8eda,43,84,Normal
2026-02-14 10:55:31.374060,Berlin-8eda,-24,82,Normal
2026-02-14 10:55:32.374060,Berlin-8eda,-9,54,Normal
2026-02-14 10:55:33.374060,Berlin-8eda,42,77,Normal
2026-02-14 10:55:34.374060,Berlin-8eda,-15,10,Normal
2026-02-14 10:55:35.374060,Berlin-8eda,5,39,Normal
2026-02-14 10:55:36.374060,Berlin-8eda,13,93,Normal
2026-02-14 10:55:37.374060,Berlin-8eda,-5,89,Normal
2026-02-14 10:55:38.374060,Berlin-8eda,32,38,Normal
2026-02-14 10:55:39.374060,Berlin-8eda,36,50,Normal
2026-02-14 10:55:40.374060,Berlin-8eda,12,15,Normal
2026-02-14 10:55:41.374060,Berlin-8eda,5,60,Normal
2026-02-14 10:55:42.374060,Berlin-8eda,24,70,Normal
2026-02-14 10:55:43.374060,Berlin-8eda,-2,39,Normal
2026-02-14 10:55:44.374060,Berlin-8eda,3,80,Normal
2026-02-14 10:55:45.374060,Berlin-8eda,3,82,Normal
2026-02-14 10:55:46.374060,Berlin-8eda,42,21,Normal
2026-02-14 10:55:47.374060,Berlin-8eda,-11,74,Normal
2026-02-14 10:55:48.374060,Berlin-8eda,48,8,Normal
2026-02-14 10:55:49.374060,Berlin-8eda,-15,5,Normal
2026-02-14 10:55:50.374060,Berlin-8eda,30,60,Normal
2026-02-14 10:55:51.374060,Berlin-8eda,4,10,Normal
2026-02-14 10:55:52.374060,Berlin-8eda,-1,82,Normal
2026-02-14 10:55:53.374060,Berlin-8eda,47,42,Normal
2026-02-14 10:55:54.374060,Berlin-8eda,0,24,Normal
2026-02-14 10:55:55.374060,Berlin-8eda,11,86,Normal
2026-02-14 10:55:56.374060,Berlin-8eda,37,33,Normal
2026-02-14 10:55:57.374060,Berlin-8eda,-7,68,Normal
2026-02-14 10:55:58.374060,Berlin-8eda,-24,56,Normal
2026-02-14 10:55:59.374060,Berlin-8eda,47,37,Normal
2026-02-14 10:56:00.374060,Berlin-8eda,46,3,Normal
2026-02-14 10:56:01.374060,Berlin-8eda,-18,0,Normal
2026-02-14 10:56:02.374060,Berlin-8eda,-17,21,Normal
2026-02-14 10:56:03.374060,Berlin-8eda,-25,21,Normal
2026-02-14 10:56:04.374060,Berlin-8eda,1,73,Normal
2026-02-14 10:56:05.374060,Berlin-8eda,-13,8,Normal
2026-02-14 10:56:06.374060,Berlin-8eda,37,58,Normal
2026-02-14 10:56:07.374060,Berlin-8eda,-30,70,Normal
2026-02-14 10:56:08.374060,Berlin-8eda,-20,14,Normal
2026-02-14 10:56:09.374060,Berlin-8eda,-7,56,Normal
2026-02-14 10:56:10.374060,Berlin-8eda,25,53,Normal
2026-02-14 10:56:11.374060,Berlin-8eda,-3,74,Normal
2026-02-14 10:56:12.374060,Berlin-8eda,10,83,Normal
2026-02-14 10:56:13.374060,Berlin-8eda,31,93,Normal
2026-02-14 10:56:14.374060,Berlin-8eda,-6,22,Normal
2026-02-14 10:56:15.374060,Berlin-8eda,-13,16,Normal
2026-02-14 10:56:16.374060,Berlin-8eda,-6,8,Normal
2026-02-14 10:56:17.374060,Berlin-8eda,12,14,Normal
2026-02-14 10:56:18.374060,Berlin-8eda,-22,89,Normal
2026-02-14 10:56:19.374060,Berlin-8eda,3,95,Normal
2026-02-14 10:56:20.374060,Berlin-8eda,13,68,Normal
2026-02-14 10:56:21.374060,Berlin-8eda,-18,0,Normal
2026-02-14 10:56:22.374060,Berlin-8eda,12,28,Normal
2026-02-14 10:56:23.374060,Berlin-8eda,-17,45,Normal
2026-02-14 10:56:24.374060,Berlin-8eda,37,98,Normal
2026-02-14 10:56:25.374060,Berlin-8eda,-15,81,Normal
2026-02-14 10:56:26.374060,Berlin-8eda,50,92,Normal
2026-02-14 10:56:27.374060,Berlin-8eda,-20,72,Normal
2026-02-14 10:56:28.374060,Berlin-8eda,-28,8,Normal
2026-02-14 10:56:29.374060,Berlin-8eda,-11,93,Normal
2026-02-14 10:56:30.374060,Berlin-8eda,42,69,Normal
2026-02-14 10:56:31.374060,Berlin-8eda,46,50,Normal
2026-02-14 10:56:32.374060,Berlin-8eda,-13,76,Normal
2026-02-14 10:56:33.374060,Berlin-8eda,9,73,Normal
2026-02-14 10:56:34.374060,Berlin-8eda,38,27,Normal
2026-02-14 10:56:35.374060,Berlin-8eda,4,74,Normal
2026-02-14 10:56:36.374060,Berlin-8eda,-5,18,Normal
2026-02-14 10:56:37.374060,Berlin-8eda,13,19,Normal
2026-02-14 10:56:38.374060,Berlin-8eda,2,100,Normal
2026-02-14 10:56:39.374060,Berlin-8eda,-24,71,Normal
2026-02-14 10:56:40.374060,Berlin-8eda,26,68,Normal
2026-02-14 10:56:41.374060,Berlin-8eda,-19,79,Normal
2026-02-14 10:56:42.374060,Berlin-8eda,-26,72,Normal
2026-02-14 10:56:43.374060,Berlin-8eda,-23,81,Normal
2026-02-14 10:56:44.374060,Berlin-8eda,-11,23,Normal
2026-02-14 10:56:45.374060,Berlin-8eda,-9,15,Normal
2026-02-14 10:56:46.374060,Berlin-8eda,23,93,Normal
2026-02-14 10:56:47.374060,Berlin-8eda,34,10,Normal
2026-02-14 10:56:48.374060,Berlin-8eda,50,18,Normal
2026-02-14 10:56:49.374060,Berlin-8eda,-18,83,Normal
2026-02-14 10:56:50.374060,Berlin-8eda,41,88,Normal
2026-02-14 10:56:51.374060,Berlin-8eda,-10,80,Normal
2026-02-14 10:56:52.374060,Berlin-8eda,-14,71,Normal
2026-02-14 10:56:53.374060,Berlin-8eda,4,25,Normal
2026-02-14 10:56:54.374060,Berlin-8eda,35,9,Normal
2026-02-14 10:56:55.374060,Berlin-8eda,-8,16,Normal
2026-02-14 10:56:56.374060,Berlin-8eda,14,18,Normal
2026-02-14 10:56:57.374060,Berlin-8eda,23,57,Normal
2026-02-14 10:56:58.374060,Berlin-8eda,-1,12,Normal
2026-02-14 10:56:59.374060,Berlin-8eda,12,38,Normal
2026-02-14 10:57:00.374060,Berlin-8eda,32,38,Normal
2026-02-14 10:57:01.374060,Berlin-8eda,36,44,Normal
2026-02-14 10:57:02.374060,Berlin-8eda,-4,10,Normal
2026-02-14 10:57:03.374060,Berlin-8eda,-6,24,Normal
2026-02-14 10:57:04.374060,Berlin-8eda,6,93,Normal
2026-02-14 10:57:05.374060,Berlin-8eda,15,0,Normal
2026-02-14 10:57:06.374060,Berlin-8eda,10,15,Normal
2026-02-14 10:57:07.374060,Berlin-8eda,45,20,Normal
2026-02-14 10:57:08.374060,Berlin-8eda,31,100,Normal
2026-02-14 10:57:09.374060,Berlin-8eda,34,48,Normal
2026-02-14 10:57:10.374060,Berlin-8eda,14,3,Normal
2026-02-14 10:57:11.374060,Berlin-8eda,7,97,Normal
2026-02-14 10:57:12.374060,Berlin-8eda,3,24,Normal
2026-02-14 10:57:13.374060,Berlin-8eda,15,52,Normal
2026-02-14 10:57:14.374060,Berlin-8eda,9,43,Normal
2026-02-14 10:57:15.374060,Berlin-8eda,38,74,Normal
2026-02-14 10:57:16.374060,Berlin-8eda,28,4,Normal
2026-02-14 10:57:17.374060,Berlin-8eda,20,32,Normal
2026-02-14 10:57:18.374060,Berlin-8eda,25,84,Normal
2026-02-14 10:57:19.374060,Berlin-8eda,35,31,Normal
2026-02-14 10:57:20.374060,Berlin-8eda,44,32,Normal
2026-02-14 10:57:21.374060,Berlin-8eda,-2,96,Normal
2026-02-14 10:57:22.374060,Berlin-8eda,-7,15,Normal
2026-02-14 10:57:23.374060,Berlin-8eda,36,93,Normal
2026-02-14 10:57:24.374060,Berlin-8eda,0,24,Normal
2026-02-14 10:57:25.374060,Berlin-8eda,-29,62,Normal
2026-02-14 10:57:26.374060,Berlin-8eda,50,41,Normal
2026-02-14 10:57:27.374060,Berlin-8eda,-17,41,Normal
2026-02-14 10:57:28.374060,Berlin-8eda,31,19,Normal
2026-02-14 10:57:29.374060,Berlin-8eda,3,96,Normal
2026-02-14 10:57:30.374060,Berlin-8eda,-16,82,Normal
2026-02-14 10:57:31.374060,Berlin-8eda,20,16,Normal
2026-02-14 10:57:32.374060,Berlin-8eda,23,17,Normal
2026-02-14 10:57:33.374060,Berlin-8eda,-26,70,Normal
2026-02-14 10:57:34.374060,Berlin-8eda,30,63,Normal
2026-02-14 10:57:35.374060,Berlin-8eda,-2,16,Normal
2026-02-14 10:57:36.374060,Berlin-8eda,25,35,Normal
2026-02-14 10:57:37.374060,Berlin-8eda,10,60,Normal
2026-02-14 10:57:38.374060,Berlin-8eda,44,23,Normal
2026-02-14 10:57:39.374060,Berlin-8eda,34,9,Normal
2026-02-14 10:57:40.374060,Berlin-8eda,42,0,Normal
2026-02-14 10:57:41.374060,Berlin-8eda,-1,40,Normal
2026-02-14 10:57:42.374060,Berlin-8eda,19,49,Normal
2026-02-14 10:57:43.374060,Berlin-8eda,2,94,Normal
2026-02-14 10:57:44.374060,Berlin-8eda,1,89,Normal
2026-02-14 10:57:45.374060,Berlin-8eda,7,67,Normal
2026-02-14 10:57:46.374060,Berlin-8eda,47,10,Normal
2026-02-14 10:57:47.374060,Berlin-8eda,-4,8,Normal
2026-02-14 10:57:48.374060,Berlin-8eda,30,26,Normal
2026-02-14 10:57:49.374060,Berlin-8eda,-11,34,Normal
2026-02-14 10:57:50.374060,Berlin-8eda,-11,15,Normal
2026-02-14 10:57:51.374060,Berlin-8eda,48,9,Normal
2026-02-14 10:57:52.374060,Berlin-8eda,20,3,Normal
2026-02-14 10:57:53.374060,Berlin-8eda,41,38,Normal
2026-02-14 10:57:54.374060,Berlin-8eda,39,84,Normal
2026-02-14 10:57:55.374060,Berlin-8eda,48,100,Normal
2026-02-14 10:57:56.374060,Berlin-8eda,-24,73,Normal
2026-02-14 10:57:57.374060,Berlin-8eda,38,31,Normal
2026-02-14 10:57:58.374060,Berlin-8eda,-4,6,Normal
2026-02-14 10:57:59.374060,Berlin-8eda,31,17,Normal
2026-02-14 10:58:00.374060,Berlin-8eda,-30,32,Normal
2026-02-14 10:58:01.374060,Berlin-8eda,-12,34,Normal
2026-02-14 10:58:02.374060,Berlin-8eda,-21,36,Normal
2026-02-14 10:58:03.374060,Berlin-8eda,13,85,Normal
2026-02-14 10:58:04.374060,Berlin-8eda,-8,85,Normal
2026-02-14 10:58:05.374060,Berlin-8eda,29,71,Normal
2026-02-14 10:58:06.374060,Berlin-8eda,16,63,Normal
2026-02-14 10:58:07.374060,Berlin-8eda,50,35,Normal
2026-02-14 10:58:08.374060,Berlin-8eda,-7,45,Normal
2026-02-14 10:58:09.374060,Berlin-8eda,17,98,Normal
2026-02-14 10:58:10.374060,Berlin-8eda,3,30,Normal
2026-02-14 10:58:11.374060,Berlin-8eda,24,86,Normal
2026-02-14 10:58:12.374060,Berlin-8eda,6,86,Normal
2026-02-14 10:58:13.374060,Berlin-8eda,-20,55,Normal
2026-02-14 10:58:14.374060,Berlin-8eda,31,9,Normal
2026-02-14 10:58:15.374060,Berlin-8eda,49,42,Normal
2026-02-14 10:58:16.374060,Berlin-8eda,1,0,Normal
2026-02-14 10:58:17.374060,Berlin-8eda,30,11,Normal
2026-02-14 10:58:18.374060,Berlin-8eda,21,15,Normal
2026-02-14 10:58:19.374060,Berlin-8eda,-30,62,Normal
2026-02-14 10:58:20.374060,Berlin-8eda,37,81,Normal
2026-02-14 10:58:21.374060,Berlin-8eda,21,2,Normal
2026-02-14 10:58:22.374060,Berlin-8eda,-22,56,Normal
2026-02-14 10:58:23.374060,Berlin-8eda,20,1,Normal
2026-02-14 10:58:24.374060,Berlin-8eda,38,0,Normal
2026-02-14 10:58:25.374060,Berlin-8eda,1,93,Normal
2026-02-14 10:58:26.374060,Berlin-8eda,28,4,Normal
2026-02-14 10:58:27.374060,Berlin-8eda,-18,66,Normal
2026-02-14 10:58:28.374060,Berlin-8eda,15,92,Normal
2026-02-14 10:58:29.374060,Berlin-8eda,2,76,Normal
2026-02-14 10:58:30.374060,Berlin-8eda,-9,97,Normal
2026-02-14 10:58:31.374060,Berlin-8eda,23,34,Normal
2026-02-14 10:58:32.374060,Berlin-8eda,11,44,Normal
2026-02-14 10:58:33.374060,Berlin-8eda,8,27,Normal
2026-02-14 10:58:34.374060,Berlin-8eda,29,76,Normal
2026-02-14 10:58:35.374060,Berlin-8eda,49,33,Normal
2026-02-14 10:58:36.374060,Berlin-8eda,11,2,Normal
2026-02-14 10:58:37.374060,Berlin-8eda,16,47,Normal
2026-02-14 10:58:38.374060,Berlin-8eda,31,3,Normal
2026-02-14 10:58:39.374060,Berlin-8eda,20,90,Normal
2026-02-14 10:58:40.374060,Berlin-8eda,-22,49,Normal
2026-02-14 10:58:41.374060,Berlin-8eda,43,40,Normal
2026-02-14 10:58:42.374060,Berlin-8eda,-2,43,Normal
2026-02-14 10:58:43.374060,Berlin-8eda,27,19,Normal
2026-02-14 10:58:44.374060,Berlin-8eda,16,100,Normal
2026-02-14 10:58:45.374060,Berlin-8eda,34,89,Normal
2026-02-14 10:58:46.374060,Berlin-8eda,45,87,Normal
2026-02-14 10:58:47.374060,Berlin-8eda,-6,92,Normal
2026-02-14 10:58:48.374060,Berlin-8eda,33,76,Normal
2026-02-14 10:58:49.374060,Berlin-8eda,38,53,Normal
2026-02-14 10:58:50.374060,Berlin-8eda,9,8,Normal
2026-02-14 10:58:51.374060,Berlin-8eda,6,79,Normal
2026-02-14 10:58:52.374060,Berlin-8eda,8,47,Normal
2026-02-14 10:58:53.374060,Berlin-8eda,10,50,Normal
2026-02-14 10:58:54.374060,Berlin-8eda,21,72,Normal
2026-02-14 10:58:55.374060,Berlin-8eda,-26,100,Normal
2026-02-14 10:58:56.374060,Berlin-8eda,28,58,Normal
2026-02-14 10:58:57.374060,Berlin-8eda,-18,41,Normal
2026-02-14 10:58:58.374060,Berlin-8eda,17,71,Normal
2026-02-14 10:58:59.374060,Berlin-8eda,12,71,Normal
2026-02-14 10:59:00.374060,Berlin-8eda,2,43,Normal
2026-02-14 10:59:01.374060,Berlin-8eda,7,62,Normal
2026-02-14 10:59:02.374060,Berlin-8eda,-12,5,Normal
2026-02-14 10:59:03.374060,Berlin-8eda,4,23,Normal
2026-02-14 10:59:04.374060,Berlin-8eda,-1,87,Normal
2026-02-14 10:59:05.374060,Berlin-8eda,-1,52,Normal
2026-02-14 10:59:06.374060,Berlin-8eda,15,15,Normal
2026-02-14 10:59:07.374060,Berlin-8eda,-14,46,Normal
2026-02-14 10:59:08.374060,Berlin-8eda,-20,30,Normal
2026-02-14 10:59:09.374060,Berlin-8eda,17,37,Normal
2026-02-14 10:59:10.374060,Berlin-8eda,-8,56,Normal
2026-02-14 10:59:11.374060,Berlin-8eda,42,61,Normal
2026-02-14 10:59:12.374060,Berlin-8eda,-7,31,Normal
2026-02-14 10:59:13.374060,Berlin-8eda,14,59,Normal
2026-02-14 10:59:14.374060,Berlin-8eda,40,64,Normal
2026-02-14 10:59:15.374060,Berlin-8eda,-11,15,Normal
2026-02-14 10:59:16.374060,Berlin-8eda,-22,22,Normal
2026-02-14 10:59:17.374060,Berlin-8eda,48,22,Normal
2026-02-14 10:59:18.374060,Berlin-8eda,0,45,Normal
2026-02-14 10:59:19.374060,Berlin-8eda,-25,54,Normal
2026-02-14 10:59:20.374060,Berlin-8eda,23,3,Normal
2026-02-14 10:59:21.374060,Berlin-8eda,5,6,Normal
2026-02-14 10:59:22.374060,Berlin-8eda,-26,40,Normal
2026-02-14 10:59:23.374060,Berlin-8eda,16,61,Normal
2026-02-14 10:59:24.374060,Berlin-8eda,18,56,Normal
2026-02-14 10:59:25.374060,Berlin-8eda,49,12,Normal
2026-02-14 10:59:26.374060,Berlin-8eda,7,28,Normal
2026-02-14 10:59:27.374060,Berlin-8eda,37,26,Normal
2026-02-14 10:59:28.374060,Berlin-8eda,-26,79,Normal
2026-02-14 10:59:29.374060,Berlin-8eda,48,83,Normal
2026-02-14 10:59:30.374060,Berlin-8eda,27,85,Normal
2026-02-14 10:59:31.374060,Berlin-8eda,41,19,Normal
2026-02-14 10:59:32.374060,Berlin-8eda,31,59,Normal
2026-02-14 10:59:33.374060,Berlin-8eda,-2,39,Normal
2026-02-14 10:59:34.374060,Berlin-8eda,-27,54,Normal
2026-02-14 10:59:35.374060,Berlin-8eda,34,46,Normal
2026-02-14 10:59:36.374060,Berlin-8eda,12,69,Normal
2026-02-14 10:59:37.374060,Berlin-8eda,27,50,Normal
2026-02-14 10:59:38.374060,Berlin-8eda,-8,74,Normal
2026-02-14 10:59:39.374060,Berlin-8eda,34,36,Normal
2026-02-14 10:59:40.374060,Berlin-8eda,3,86,Normal
2026-02-14 10:59:41.374060,Berlin-8eda,26,11,Normal
2026-02-14 10:59:42.374060,Berlin-8eda,46,59,Normal
2026-02-14 10:59:43.374060,Berlin-8eda,-29,74,Normal
2026-02-14 10:59:44.374060,Berlin-8eda,-20,83,Normal
2026-02-14 10:59:45.374060,Berlin-8eda,44,49,Normal
2026-02-14 10:59:46.374060,Berlin-8eda,36,41,Normal
2026-02-14 10:59:47.374060,Berlin-8eda,29,33,Normal
2026-02-14 10:59:48.374060,Berlin-8eda,-27,88,Normal
2026-02-14 10:59:49.374060,Berlin-8eda,-29,30,Normal
2026-02-14 10:59:50.374060,Berlin-8eda,-10,7,Normal
2026-02-14 10:59:51.374060,Berlin-8eda,48,59,Normal
2026-02-14 10:59:52.374060,Berlin-8eda,-17,44,Normal
2026-02-14 10:59:53.374060,Berlin-8eda,-29,73,Normal
2026-02-14 10:59:54.374060,Berlin-8eda,-16,68,Normal
2026-02-14 10:59:55.374060,Berlin-8eda,-26,14,Normal
2026-02-14 10:59:56.374060,Berlin-8eda,9,8,Normal
2026-02-14 10:59:57.374060,Berlin-8eda,-10,21,Normal
2026-02-14 10:59:58.374060,Berlin-8eda,-10,9,Normal
2026-02-14 10:59:59.374060,Berlin-8eda,-4,45,Normal
2026-02-14 11:00:00.374060,Berlin-8eda,-28,79,Normal
2026-02-14 11:00:01.374060,Berlin-8eda,47,4,Normal
2026-02-14 11:00:02.374060,Berlin-8eda,-16,18,Normal
2026-02-14 11:00:03.374060,Berlin-8eda,3,36,Normal
2026-02-14 11:00:04.374060,Berlin-8eda,-12,6,Normal
2026-02-14 11:00:05.374060,Berlin-8eda,-6,21,Normal
2026-02-14 11:00:06.374060,Berlin-8eda,41,78,Normal
2026-02-14 11:00:07.374060,Berlin-8eda,-25,3,Normal
2026-02-14 11:00:08.374060,Berlin-8eda,-25,66,Normal
2026-02-14 11:00:09.374060,Berlin-8eda,-22,12,Normal
2026-02-14 11:00:10.374060,Berlin-8eda,-26,45,Normal
2026-02-14 11:00:11.374060,Berlin-8eda,-20,15,Normal
2026-02-14 11:00:12.374060,Berlin-8eda,43,49,Normal
2026-02-14 11:00:13.374060,Berlin-8eda,28,11,Normal
2026-02-14 11:00:14.374060,Berlin-8eda,-11,86,Normal
2026-02-14 11:00:15.374060,Berlin-8eda,-13,50,Normal
2026-02-14 11:00:16.374060,Berlin-8eda,21,14,Normal
2026-02-14 11:00:17.374060,Berlin-8eda,32,52,Normal
2026-02-14 11:00:18.374060,Berlin-8eda,-17,77,Normal
2026-02-14 11:00:19.374060,Berlin-8eda,-17,68,Normal
2026-02-14 11:00:20.374060,Berlin-8eda,1,27,Normal
2026-02-14 11:00:21.374060,Berlin-8eda,16,3,Normal
2026-02-14 11:00:22.374060,Berlin-8eda,48,27,Normal
2026-02-14 11:00:23.374060,Berlin-8eda,28,96,Normal
2026-02-14 11:00:24.374060,Berlin-8eda,-1,54,Normal
2026-02-14 11:00:25.374060,Berlin-8eda,11,58,Normal
2026-02-14 11:00:26.374060,Berlin-8eda,27,71,Normal
2026-02-14 11:00:27.374060,Berlin-8eda,27,4,Normal
2026-02-14 11:00:28.374060,Berlin-8eda,-25,67,Normal
2026-02-14 11:00:29.374060,Berlin-8eda,14,99,Normal
2026-02-14 11:00:30.374060,Berlin-8eda,29,33,Normal
2026-02-14 11:00:31.374060,Berlin-8eda,12,22,Normal
2026-02-14 11:00:32.374060,Berlin-8eda,17,89,Normal
2026-02-14 11:00:33.374060,Berlin-8eda,-5,53,Normal
2026-02-14 11:00:34.374060,Berlin-8eda,18,92,Normal
2026-02-14 11:00:35.374060,Berlin-8eda,25,47,Normal
2026-02-14 11:00:36.374060,Berlin-8eda,32,47,Normal
2026-02-14 11:00:37.374060,Berlin-8eda,3,54,Normal
2026-02-14 11:00:38.374060,Berlin-8eda,41,56,Normal
2026-02-14 11:00:39.374060,Berlin-8eda,3,52,Normal
2026-02-14 11:00:40.374060,Berlin-8eda,-4,19,Normal
2026-02-14 11:00:41.374060,Berlin-8eda,1,38,Normal
2026-02-14 11:00:42.374060,Berlin-8eda,47,30,Normal
2026-02-14 11:00:43.374060,Berlin-8eda,-24,39,Normal
2026-02-14 11:00:44.374060,Berlin-8eda,-15,25,Normal
2026-02-14 11:00:45.374060,Berlin-8eda,34,65,Normal
2026-02-14 11:00:46.374060,Berlin-8eda,-26,0,Normal
2026-02-14 11:00:47.374060,Berlin-8eda,-8,68,Normal
2026-02-14 11:00:48.374060,Berlin-8eda,-3,82,Normal
2026-02-14 11:00:49.374060,Berlin-8eda,-29,33,Normal
2026-02-14 11:00:50.374060,Berlin-8eda,-1,25,Normal
2026-02-14 11:00:51.374060,Berlin-8eda,-30,44,Normal
2026-02-14 11:00:52.374060,Berlin-8eda,25,66,Normal
2026-02-14 11:00:53.374060,Berlin-8eda,21,11,Normal
2026-02-14 11:00:54.374060,Berlin-8eda,39,99,Normal
2026-02-14 11:00:55.374060,Berlin-8eda,-21,15,Normal
2026-02-14 11:00:56.374060,Berlin-8eda,-4,85,Normal
2026-02-14 11:00:57.374060,Berlin-8eda,49,9,Normal
2026-02-14 11:00:58.374060,Berlin-8eda,40,99,Normal
2026-02-14 11:00:59.374060,Berlin-8eda,-18,85,Normal
2026-02-14 11:01:00.374060,Berlin-8eda,9,87,Normal
2026-02-14 11:01:01.374060,Berlin-8eda,45,94,Normal
2026-02-14 11:01:02.374060,Berlin-8eda,11,45,Normal
2026-02-14 11:01:03.374060,Berlin-8eda,8,61,Normal
2026-02-14 11:01:04.374060,Berlin-8eda,16,24,Normal
2026-02-14 11:01:05.374060,Berlin-8eda,34,4,Normal
2026-02-14 11:01:06.374060,Berlin-8eda,12,19,Normal
2026-02-14 11:01:07.374060,Berlin-8eda,-17,8,Normal
2026-02-14 11:01:08.374060,Berlin-8eda,44,75,Normal
2026-02-14 11:01:09.374060,Berlin-8eda,17,59,Normal
2026-02-14 11:01:10.374060,Berlin-8eda,29,42,Normal
2026-02-14 11:01:11.374060,Berlin-8eda,-30,28,Normal
2026-02-14 11:01:12.374060,Berlin-8eda,-19,28,Normal
2026-02-14 11:01:13.374060,Berlin-8eda,-6,71,Normal
2026-02-14 11:01:14.374060,Berlin-8eda,-12,99,Normal
2026-02-14 11:01:15.374060,Berlin-8eda,-9,39,Normal
2026-02-14 11:01:16.374060,Berlin-8eda,40,74,Normal
2026-02-14 11:01:17.374060,Berlin-8eda,-26,16,Normal
2026-02-14 11:01:18.374060,Berlin-8eda,47,91,Normal
2026-02-14 11:01:19.374060,Berlin-8eda,38,98,Normal
2026-02-14 11:01:20.374060,Berlin-8eda,43,100,Normal
2026-02-14 11:01:21.374060,Berlin-8eda,4,59,Normal
2026-02-14 11:01:22.374060,Berlin-8eda,-15,26,Normal
2026-02-14 11:01:23.374060,Berlin-8eda,-5,28,Normal
2026-02-14 11:01:24.374060,Berlin-8eda,0,19,Normal
2026-02-14 11:01:25.374060,Berlin-8eda,-15,67,Normal
2026-02-14 11:01:26.374060,Berlin-8eda,-5,10,Normal
2026-02-14 11:01:27.374060,Berlin-8eda,21,8,Normal
2026-02-14 11:01:28.374060,Berlin-8eda,45,8,Normal
2026-02-14 11:01:29.374060,Berlin-8eda,39,94,Normal
2026-02-14 11:01:30.374060,Berlin-8eda,-25,57,Normal
2026-02-14 11:01:31.374060,Berlin-8eda,2,41,Normal
2026-02-14 11:01:32.374060,Berlin-8eda,6,81,Normal
2026-02-14 11:01:33.374060,Berlin-8eda,27,40,Normal
2026-02-14 11:01:34.374060,Berlin-8eda,-27,60,Normal
2026-02-14 11:01:35.374060,Berlin-8eda,-13,33,Normal
2026-02-14 11:01:36.374060,Berlin-8eda,29,18,Normal
2026-02-14 11:01:37.374060,Berlin-8eda,9,87,Normal
2026-02-14 11:01:38.374060,Berlin-8eda,-29,24,Normal
2026-02-14 11:01:39.374060,Berlin-8eda,-20,20,Normal
2026-02-14 11:01:40.374060,Berlin-8eda,34,31,Normal
2026-02-14 11:01:41.374060,Berlin-8eda,42,44,Normal
2026-02-14 11:01:42.374060,Berlin-8eda,-28,45,Normal
2026-02-14 11:01:43.374060,Berlin-8eda,41,100,Normal
2026-02-14 11:01:44.374060,Berlin-8eda,-24,43,Normal
2026-02-14 11:01:45.374060,Berlin-8eda,34,68,Normal
2026-02-14 11:01:46.374060,Berlin-8eda,-1,75,Normal
2026-02-14 11:01:47.374060,Berlin-8eda,-19,70,Normal
2026-02-14 11:01:48.374060,Berlin-8eda,39,100,Normal
2026-02-14 11:01:49.374060,Berlin-8eda,16,44,Normal
2026-02-14 11:01:50.374060,Berlin-8eda,37,93,Normal
2026-02-14 11:01:51.374060,Berlin-8eda,-29,16,Normal
2026-02-14 11:01:52.374060,Berlin-8eda,-24,43,Normal
2026-02-14 11:01:53.374060,Berlin-8eda,-24,27,Normal
2026-02-14 11:01:54.374060,Berlin-8eda,45,13,Normal
2026-02-14 11:01:55.374060,Berlin-8eda,15,36,Normal
2026-02-14 11:01:56.374060,Berlin-8eda,30,75,Normal
2026-02-14 11:01:57.374060,Berlin-8eda,-20,41,Normal
2026-02-14 11:01:58.374060,Berlin-8eda,25,73,Normal
2026-02-14 11:01:59.374060,Berlin-8eda,46,32,Normal
2026-02-14 11:02:00.374060,Berlin-8eda,-11,24,Normal
2026-02-14 11:02:01.374060,Berlin-8eda,-24,5,Normal
2026-02-14 11:02:02.374060,Berlin-8eda,-26,92,Normal
2026-02-14 11:02:03.374060,Berlin-8eda,40,64,Normal
2026-02-14 11:02:04.374060,Berlin-8eda,27,67,Normal
2026-02-14 11:02:05.374060,Berlin-8eda,-26,25,Normal
2026-02-14 11:02:06.374060,Berlin-8eda,21,70,Normal
2026-02-14 11:02:07.374060,Berlin-8eda,-10,42,Normal
2026-02-14 11:02:08.374060,Berlin-8eda,-27,25,Normal
2026-02-14 11:02:09.374060,Berlin-8eda,-28,49,Normal
2026-02-14 11:02:10.374060,Berlin-8eda,5,12,Normal
2026-02-14 11:02:11.374060,Berlin-8eda,-2,38,Normal
2026-02-14 11:02:12.374060,Berlin-8eda,-23,84,Normal
2026-02-14 11:02:13.374060,Berlin-8eda,1,32,Normal
2026-02-14 11:02:14.374060,Berlin-8eda,-9,8,Normal
2026-02-14 11:02:15.374060,Berlin-8eda,23,36,Normal
2026-02-14 11:02:16.374060,Berlin-8eda,24,89,Normal
2026-02-14 11:02:17.374060,Berlin-8eda,46,5,Normal
2026-02-14 11:02:18.374060,Berlin-8eda,6,90,Normal
2026-02-14 11:02:19.374060,Berlin-8eda,-28,70,Normal
2026-02-14 11:02:20.374060,Berlin-8eda,10,78,Normal
2026-02-14 11:02:21.374060,Berlin-8eda,27,73,Normal
2026-02-14 11:02:22.374060,Berlin-8eda,-25,0,Normal
2026-02-14 11:02:23.374060,Berlin-8eda,-12,68,Normal
2026-02-14 11:02:24.374060,Berlin-8eda,8,8,Normal
2026-02-14 11:02:25.374060,Berlin-8eda,45,37,Normal
2026-02-14 11:02:26.374060,Berlin-8eda,-18,89,Normal
2026-02-14 11:02:27.374060,Berlin-8eda,-20,88,Normal
2026-02-14 11:02:28.374060,Berlin-8eda,49,2,Normal
2026-02-14 11:02:29.374060,Berlin-8eda,-17,66,Normal
2026-02-14 11:02:30.374060,Berlin-8eda,-26,34,Normal
2026-02-14 11:02:31.374060,Berlin-8eda,40,22,Normal
2026-02-14 11:02:32.374060,Berlin-8eda,27,96,Normal
2026-02-14 11:02:33.374060,Berlin-8eda,29,0,Normal
2026-02-14 11:02:34.374060,Berlin-8eda,40,65,Normal
2026-02-14 11:02:35.374060,Berlin-8eda,28,16,Normal
2026-02-14 11:02:36.374060,Berlin-8eda,1,57,Normal
2026-02-14 11:02:37.374060,Berlin-8eda,-16,43,Normal
2026-02-14 11:02:38.374060,Berlin-8eda,3,42,Normal
2026-02-14 11:02:39.374060,Berlin-8eda,-24,31,Normal
2026-02-14 11:02:40.374060,Berlin-8eda,-13,53,Normal
2026-02-14 11:02:41.374060,Berlin-8eda,9,59,Normal
2026-02-14 11:02:42.374060,Berlin-8eda,48,39,Normal
2026-02-14 11:02:43.374060,Berlin-8eda,-6,30,Normal
2026-02-14 11:02:44.374060,Berlin-8eda,-9,76,Normal
2026-02-14 11:02:45.374060,Berlin-8eda,5,13,Normal
2026-02-14 11:02:46.374060,Berlin-8eda,-11,29,Normal
2026-02-14 11:02:47.374060,Berlin-8eda,23,16,Normal
2026-02-14 11:02:48.374060,Berlin-8eda,-17,33,Normal
2026-02-14 11:02:49.374060,Berlin-8eda,-23,60,Normal
2026-02-14 11:02:50.374060,Berlin-8eda,15,76,Normal
2026-02-14 11:02:51.374060,Berlin-8eda,45,93,Normal
2026-02-14 11:02:52.374060,Berlin-8eda,11,29,Normal
2026-02-14 11:02:53.374060,Berlin-8eda,24,40,Normal
2026-02-14 11:02:54.374060,Berlin-8eda,-6,82,Normal
2026-02-14 11:02:55.374060,Berlin-8eda,49,65,Normal
2026-02-14 11:02:56.374060,Berlin-8eda,43,51,Normal
2026-02-14 11:02:57.374060,Berlin-8eda,39,32,Normal
2026-02-14 11:02:58.374060,Berlin-8eda,26,4,Normal
2026-02-14 11:02:59.374060,Berlin-8eda,48,17,Normal
2026-02-14 11:03:00.374060,Berlin-8eda,-17,25,Normal
2026-02-14 11:03:01.374060,Berlin-8eda,19,15,Normal
2026-02-14 11:03:02.374060,Berlin-8eda,30,88,Normal
2026-02-14 11:03:03.374060,Berlin-8eda,43,21,Normal
2026-02-14 11:03:04.374060,Berlin-8eda,39,62,Normal
2026-02-14 11:03:05.374060,Berlin-8eda,-16,47,Normal
2026-02-14 11:03:06.374060,Berlin-8eda,38,36,Normal
2026-02-14 11:03:07.374060,Berlin-8eda,-8,6,Normal
2026-02-14 11:03:08.374060,Berlin-8eda,50,58,Normal
2026-02-14 11:03:09.374060,Berlin-8eda,-8,49,Normal
2026-02-14 11:03:10.374060,Berlin-8eda,-27,98,Normal
2026-02-14 11:03:11.374060,Berlin-8eda,48,22,Normal
2026-02-14 11:03:12.374060,Berlin-8eda,18,58,Normal
2026-02-14 11:03:13.374060,Berlin-8eda,24,13,Normal
2026-02-14 11:03:14.374060,Berlin-8eda,-21,69,Normal
2026-02-14 11:03:15.374060,Berlin-8eda,27,7,Normal
2026-02-14 11:03:16.374060,Berlin-8eda,42,85,Normal
2026-02-14 11:03:17.374060,Berlin-8eda,31,23,Normal
2026-02-14 11:03:18.374060,Berlin-8eda,34,1,Normal
2026-02-14 11:03:19.374060,Berlin-8eda,-14,58,Normal
2026-02-14 11:03:20.374060,Berlin-8eda,-14,70,Normal
2026-02-14 11:03:21.374060,Berlin-8eda,-18,36,Normal
2026-02-14 11:03:22.374060,Berlin-8eda,22,61,Normal
2026-02-14 11:03:23.374060,Berlin-8eda,8,21,Normal
2026-02-14 11:03:24.374060,Berlin-8eda,40,22,Normal
2026-02-14 11:03:25.374060,Berlin-8eda,47,66,Normal
2026-02-14 11:03:26.374060,Berlin-8eda,31,87,Normal
2026-02-14 11:03:27.374060,Berlin-8eda,26,49,Normal
2026-02-14 11:03:28.374060,Berlin-8eda,1,71,Normal
2026-02-14 11:03:29.374060,Berlin-8eda,24,49,Normal
2026-02-14 11:03:30.374060,Berlin-8eda,18,43,Normal
2026-02-14 11:03:31.374060,Berlin-8eda,36,27,Normal
2026-02-14 11:03:32.374060,Berlin-8eda,-9,37,Normal
2026-02-14 11:03:33.374060,Berlin-8eda,33,83,Normal
2026-02-14 11:03:34.374060,Berlin-8eda,9,20,Normal
2026-02-14 11:03:35.374060,Berlin-8eda,-2,71,Normal
2026-02-14 11:03:36.374060,Berlin-8eda,3,81,Normal
2026-02-14 11:03:37.374060,Berlin-8eda,16,95,Normal
2026-02-14 11:03:38.374060,Berlin-8eda,18,86,Normal
2026-02-14 11:03:39.374060,Berlin-8eda,34,75,Normal
2026-02-14 11:03:40.374060,Berlin-8eda,29,1,Normal
2026-02-14 11:03:41.374060,Berlin-8eda,21,86,Normal
2026-02-14 11:03:42.374060,Berlin-8eda,0,24,Normal
2026-02-14 11:03:43.374060,Berlin-8eda,17,38,Normal
2026-02-14 11:03:44.374060,Berlin-8eda,0,55,Normal
2026-02-14 11:03:45.374060,Berlin-8eda,-16,100,Normal
2026-02-14 11:03:46.374060,Berlin-8eda,36,26,Normal
2026-02-14 11:03:47.374060,Berlin-8eda,-17,14,Normal
2026-02-14 11:03:48.374060,Berlin-8eda,-9,2,Normal
2026-02-14 11:03:49.374060,Berlin-8eda,39,71,Normal
2026-02-14 11:03:50.374060,Berlin-8eda,-6,85,Normal
2026-02-14 11:03:51.374060,Berlin-8eda,-25,38,Normal
2026-02-14 11:03:52.374060,Berlin-8eda,-28,8,Normal
2026-02-14 11:03:53.374060,Berlin-8eda,-16,84,Normal
2026-02-14 11:03:54.374060,Berlin-8eda,-19,24,Normal
2026-02-14 11:03:55.374060,Berlin-8eda,2,50,Normal
2026-02-14 11:03:56.374060,Berlin-8eda,-28,46,Normal
2026-02-14 11:03:57.374060,Berlin-8eda,-10,75,Normal
2026-02-14 11:03:58.374060,Berlin-8eda,-22,58,Normal
2026-02-14 11:03:59.374060,Berlin-8eda,-13,69,Normal
2026-02-14 11:04:00.374060,Berlin-8eda,-8,70,Normal
2026-02-14 11:04:01.374060,Berlin-8eda,-24,1,Normal
2026-02-14 11:04:02.374060,Berlin-8eda,30,18,Normal
2026-02-14 11:04:03.374060,Berlin-8eda,35,95,Normal
2026-02-14 11:04:04.374060,Berlin-8eda,27,18,Normal
2026-02-14 11:04:05.374060,Berlin-8eda,-29,58,Normal
2026-02-14 11:04:06.374060,Berlin-8eda,28,37,Normal
2026-02-14 11:04:07.374060,Berlin-8eda,15,12,Normal
2026-02-14 11:04:08.374060,Berlin-8eda,22,45,Normal
2026-02-14 11:04:09.374060,Berlin-8eda,24,17,Normal
2026-02-14 11:04:10.374060,Berlin-8eda,39,59,Normal
2026-02-14 11:04:11.374060,Berlin-8eda,47,21,Normal
2026-02-14 11:04:12.374060,Berlin-8eda,50,50,Normal
2026-02-14 11:04:13.374060,Berlin-8eda,-4,86,Normal
2026-02-14 11:04:14.374060,Berlin-8eda,-17,43,Normal
2026-02-14 11:04:15.374060,Berlin-8eda,-19,51,Normal
2026-02-14 11:04:16.374060,Berlin-8eda,20,30,Normal
2026-02-14 11:04:17.374060,Berlin-8eda,-14,30,Normal
2026-02-14 11:04:18.374060,Berlin-8eda,18,44,Normal
2026-02-14 11:04:19.374060,Berlin-8eda,28,26,Normal
2026-02-14 11:04:20.374060,Berlin-8eda,41,62,Normal
2026-02-14 11:04:21.374060,Berlin-8eda,-2,38,Normal
2026-02-14 11:04:22.374060,Berlin-8eda,-21,87,Normal
2026-02-14 11:04:23.374060,Berlin-8eda,44,0,Normal
2026-02-14 11:04:24.374060,Berlin-8eda,7,12,Normal
2026-02-14 11:04:25.374060,Berlin-8eda,-2,39,Normal
2026-02-14 11:04:26.374060,Berlin-8eda,-2,37,Normal
2026-02-14 11:04:27.374060,Berlin-8eda,-1,100,Normal
2026-02-14 11:04:28.374060,Berlin-8eda,-16,7,Normal
2026-02-14 11:04:29.374060,Berlin-8eda,-12,1,Normal
2026-02-14 11:04:30.374060,Berlin-8eda,25,82,Normal
2026-02-14 11:04:31.374060,Berlin-8eda,27,54,Normal
2026-02-14 11:04:32.374060,Berlin-8eda,41,5,Normal
2026-02-14 11:04:33.374060,Berlin-8eda,0,16,Normal
2026-02-14 11:04:34.374060,Berlin-8eda,-22,9,Normal
2026-02-14 11:04:35.374060,Berlin-8eda,-2,52,Normal
2026-02-14 11:04:36.374060,Berlin-8eda,4,35,Normal
2026-02-14 11:04:37.374060,Berlin-8eda,33,96,Normal
2026-02-14 11:04:38.374060,Berlin-8eda,2,50,Normal
2026-02-14 11:04:39.374060,Berlin-8eda,-11,60,Normal
2026-02-14 11:04:40.374060,Berlin-8eda,-3,83,Normal
2026-02-14 11:04:41.374060,Berlin-8eda,35,28,Normal
2026-02-14 11:04:42.374060,Berlin-8eda,11,20,Normal
2026-02-14 11:04:43.374060,Berlin-8eda,17,87,Normal
2026-02-14 11:04:44.374060,Berlin-8eda,33,63,Normal
2026-02-14 11:04:45.374060,Berlin-8eda,9,24,Normal
2026-02-14 11:04:46.374060,Berlin-8eda,-24,90,Normal
2026-02-14 11:04:47.374060,Berlin-8eda,34,89,Normal
2026-02-14 11:04:48.374060,Berlin-8eda,25,75,Normal
2026-02-14 11:04:49.374060,Berlin-8eda,22,48,Normal
2026-02-14 11:04:50.374060,Berlin-8eda,13,51,Normal
2026-02-14 11:04:51.374060,Berlin-8eda,48,50,Normal
2026-02-14 11:04:52.374060,Berlin-8eda,-23,28,Normal
2026-02-14 11:04:53.374060,Berlin-8eda,24,97,Normal
2026-02-14 11:04:54.374060,Berlin-8eda,-30,70,Normal
2026-02-14 11:04:55.374060,Berlin-8eda,-17,6,Normal
2026-02-14 11:04:56.374060,Berlin-8eda,-7,53,Normal
2026-02-14 11:04:57.374060,Berlin-8eda,24,8,Normal
2026-02-14 11:04:58.374060,Berlin-8eda,14,59,Normal
2026-02-14 11:04:59.374060,Berlin-8eda,-1,43,Normal
2026-02-14 11:05:00.374060,Berlin-8eda,33,74,Normal
2026-02-14 11:05:01.374060,Berlin-8eda,45,44,Normal
2026-02-14 11:05:02.374060,Berlin-8eda,27,70,Normal
2026-02-14 11:05:03.374060,Berlin-8eda,11,71,Normal
2026-02-14 11:05:04.374060,Berlin-8eda,23,82,Normal
2026-02-14 11:05:05.374060,Berlin-8eda,-28,93,Normal
2026-02-14 11:05:06.374060,Berlin-8eda,44,89,Normal
2026-02-14 11:05:07.374060,Berlin-8eda,5,17,Normal
2026-02-14 11:05:08.374060,Berlin-8eda,-18,69,Normal
2026-02-14 11:05:09.374060,Berlin-8eda,21,16,Normal
2026-02-14 11:05:10.374060,Berlin-8eda,-5,26,Normal
2026-02-14 11:05:11.374060,Berlin-8eda,31,98,Normal
2026-02-14 11:05:12.374060,Berlin-8eda,6,30,Normal
2026-02-14 11:05:13.374060,Berlin-8eda,-22,83,Normal
2026-02-14 11:05:14.374060,Berlin-8eda,19,64,Normal
2026-02-14 11:05:15.374060,Berlin-8eda,-4,26,Normal
2026-02-14 11:05:16.374060,Berlin-8eda,34,45,Normal
2026-02-14 11:05:17.374060,Berlin-8eda,35,11,Normal
2026-02-14 11:05:18.374060,Berlin-8eda,-19,26,Normal
2026-02-14 11:05:19.374060,Berlin-8eda,-27,13,Normal
2026-02-14 11:05:20.374060,Berlin-8eda,48,68,Normal
2026-02-14 11:05:21.374060,Berlin-8eda,47,54,Normal
2026-02-14 11:05:22.374060,Berlin-8eda,46,70,Normal
2026-02-14 11:05:23.374060,Berlin-8eda,16,64,Normal
2026-02-14 11:05:24.374060,Berlin-8eda,-16,8,Normal
2026-02-14 11:05:25.374060,Berlin-8eda,-28,18,Normal
2026-02-14 11:05:26.374060,Berlin-8eda,-18,8,Normal
2026-02-14 11:05:27.374060,Berlin-8eda,4,16,Normal
2026-02-14 11:05:28.374060,Berlin-8eda,-14,69,Normal
2026-02-14 11:05:29.374060,Berlin-8eda,-30,44,Normal
2026-02-14 11:05:30.374060,Berlin-8eda,36,24,Normal
2026-02-14 11:05:31.374060,Berlin-8eda,38,38,Normal
2026-02-14 11:05:32.374060,Berlin-8eda,-13,34,Normal
2026-02-14 11:05:33.374060,Berlin-8eda,-21,29,Normal
2026-02-14 11:05:34.374060,Berlin-8eda,12,78,Normal
2026-02-14 11:05:35.374060,Berlin-8eda,-21,37,Normal
2026-02-14 11:05:36.374060,Berlin-8eda,6,92,Normal
2026-02-14 11:05:37.374060,Berlin-8eda,38,61,Normal
2026-02-14 11:05:38.374060,Berlin-8eda,-10,76,Normal
2026-02-14 11:05:39.374060,Berlin-8eda,35,17,Normal
2026-02-14 11:05:40.374060,Berlin-8eda,32,92,Normal
2026-02-14 11:05:41.374060,Berlin-8eda,27,58,Normal
2026-02-14 11:05:42.374060,Berlin-8eda,34,76,Normal
2026-02-14 11:05:43.374060,Berlin-8eda,20,1,Normal
2026-02-14 11:05:44.374060,Berlin-8eda,23,4,Normal
2026-02-14 11:05:45.374060,Berlin-8eda,35,96,Normal
2026-02-14 11:05:46.374060,Berlin-8eda,41,2,Normal
2026-02-14 11:05:47.374060,Berlin-8eda,1,82,Normal
2026-02-14 11:05:48.374060,Berlin-8eda,-3,34,Normal
2026-02-14 11:05:49.374060,Berlin-8eda,32,73,Normal
2026-02-14 11:05:50.374060,Berlin-8eda,-26,60,Normal
2026-02-14 11:05:51.374060,Berlin-8eda,-18,73,Normal
2026-02-14 11:05:52.374060,Berlin-8eda,7,81,Normal
2026-02-14 11:05:53.374060,Berlin-8eda,-3,89,Normal
2026-02-14 11:05:54.374060,Berlin-8eda,-29,61,Normal
2026-02-14 11:05:55.374060,Berlin-8eda,35,6,Normal
2026-02-14 11:05:56.374060,Berlin-8eda,20,8,Normal
2026-02-14 11:05:57.374060,Berlin-8eda,27,48,Normal
2026-02-14 11:05:58.374060,Berlin-8eda,-11,42,Normal
2026-02-14 11:05:59.374060,Berlin-8eda,42,69,Normal
2026-02-14 11:06:00.374060,Berlin-8eda,21,91,Normal
2026-02-14 11:06:01.374060,Berlin-8eda,1,85,Normal
2026-02-14 11:06:02.374060,Berlin-8eda,-17,36,Normal
2026-02-14 11:06:03.374060,Berlin-8eda,33,9,Normal
2026-02-14 11:06:04.374060,Berlin-8eda,-24,78,Normal
2026-02-14 11:06:05.374060,Berlin-8eda,-7,40,Normal
2026-02-14 11:06:06.374060,Berlin-8eda,-11,22,Normal
2026-02-14 11:06:07.374060,Berlin-8eda,41,37,Normal
2026-02-14 11:06:08.374060,Berlin-8eda,-22,46,Normal
2026-02-14 11:06:09.374060,Berlin-8eda,27,9,Normal
2026-02-14 11:06:10.374060,Berlin-8eda,21,89,Normal
2026-02-14 11:06:11.374060,Berlin-8eda,41,33,Normal
2026-02-14 11:06:12.374060,Berlin-8eda,48,64,Normal
2026-02-14 11:06:13.374060,Berlin-8eda,36,60,Normal
2026-02-14 11:06:14.374060,Berlin-8eda,-7,68,Normal
2026-02-14 11:06:15.374060,Berlin-8eda,37,89,Normal
2026-02-14 11:06:16.374060,Berlin-8eda,-9,8,Normal
2026-02-14 11:06:17.374060,Berlin-8eda,42,3,Normal
2026-02-14 11:06:18.374060,Berlin-8eda,44,73,Normal
2026-02-14 11:06:19.374060,Berlin-8eda,-21,85,Normal
2026-02-14 11:06:20.374060,Berlin-8eda,35,27,Normal
2026-02-14 11:06:21.374060,Berlin-8eda,-16,49,Normal
2026-02-14 11:06:22.374060,Berlin-8eda,-4,52,Normal
2026-02-14 11:06:23.374060,Berlin-8eda,-26,63,Normal
2026-02-14 11:06:24.374060,Berlin-8eda,7,57,Normal
2026-02-14 11:06:25.374060,Berlin-8eda,-12,22,Normal
2026-02-14 11:06:26.374060,Berlin-8eda,34,3,Normal
2026-02-14 11:06:27.374060,Berlin-8eda,23,89,Normal
2026-02-14 11:06:28.374060,Berlin-8eda,-12,71,Normal
2026-02-14 11:06:29.374060,Berlin-8eda,6,44,Normal
2026-02-14 11:06:30.374060,Berlin-8eda,12,65,Normal
2026-02-14 11:06:31.374060,Berlin-8eda,20,24,Normal
2026-02-14 11:06:32.374060,Berlin-8eda,37,50,Normal
2026-02-14 11:06:33.374060,Berlin-8eda,26,73,Normal
2026-02-14 11:06:34.374060,Berlin-8eda,24,80,Normal
2026-02-14 11:06:35.374060,Berlin-8eda,1,98,Normal
2026-02-14 11:06:36.374060,Berlin-8eda,-18,28,Normal
2026-02-14 11:06:37.374060,Berlin-8eda,48,13,Normal
2026-02-14 11:06:38.374060,Berlin-8eda,41,26,Normal
2026-02-14 11:06:39.374060,Berlin-8eda,0,49,Normal
2026-02-14 11:06:40.374060,Berlin-8eda,14,7,Normal
2026-02-14 11:06:41.374060,Berlin-8eda,50,8,Normal
2026-02-14 11:06:42.374060,Berlin-8eda,17,8,Normal
2026-02-14 11:06:43.374060,Berlin-8eda,34,93,Normal
2026-02-14 11:06:44.374060,Berlin-8eda,11,2,Normal
2026-02-14 11:06:45.374060,Berlin-8eda,-6,84,Normal
2026-02-14 11:06:46.374060,Berlin-8eda,33,51,Normal
2026-02-14 11:06:47.374060,Berlin-8eda,42,87,Normal
2026-02-14 11:06:48.374060,Berlin-8eda,16,2,Normal
2026-02-14 11:06:49.374060,Berlin-8eda,16,63,Normal
2026-02-14 11:06:50.374060,Berlin-8eda,30,91,Normal
2026-02-14 11:06:51.374060,Berlin-8eda,50,48,Normal
2026-02-14 11:06:52.374060,Berlin-8eda,-11,75,Normal
2026-02-14 11:06:53.374060,Berlin-8eda,-24,75,Normal
2026-02-14 11:06:54.374060,Berlin-8eda,-27,1,Normal
2026-02-14 11:06:55.374060,Berlin-8eda,50,44,Normal
2026-02-14 11:06:56.374060,Berlin-8eda,0,42,Normal
2026-02-14 11:06:57.374060,Berlin-8eda,48,86,Normal
2026-02-14 11:06:58.374060,Berlin-8eda,-12,66,Normal
2026-02-14 11:06:59.374060,Berlin-8eda,30,87,Normal
2026-02-14 11:07:00.374060,Berlin-8eda,47,48,Normal
2026-02-14 11:07:01.374060,Berlin-8eda,40,45,Normal
2026-02-14 11:07:02.374060,Berlin-8eda,-14,65,Normal
2026-02-14 11:07:03.374060,Berlin-8eda,-5,85,Normal
2026-02-14 11:07:04.374060,Berlin-8eda,-4,58,Normal
2026-02-14 11:07:05.374060,Berlin-8eda,-20,61,Normal
2026-02-14 11:07:06.374060,Berlin-8eda,1,64,Normal
2026-02-14 11:07:07.374060,Berlin-8eda,-17,89,Normal
2026-02-14 11:07:08.374060,Berlin-8eda,-29,62,Normal
2026-02-14 11:07:09.374060,Berlin-8eda,15,14,Normal
2026-02-14 11:07:10.374060,Berlin-8eda,-26,57,Normal
2026-02-14 11:07:11.374060,Berlin-8eda,-11,18,Normal
2026-02-14 11:07:12.374060,Berlin-8eda,13,36,Normal
2026-02-14 11:07:13.374060,Berlin-8eda,6,30,Normal
2026-02-14 11:07:14.374060,Berlin-8eda,31,43,Normal
2026-02-14 11:07:15.374060,Berlin-8eda,41,8,Normal
2026-02-14 11:07:16.374060,Berlin-8eda,-6,30,Normal
2026-02-14 11:07:17.374060,Berlin-8eda,4,27,Normal
2026-02-14 11:07:18.374060,Berlin-8eda,-8,100,Normal
2026-02-14 11:07:19.374060,Berlin-8eda,37,0,Normal
2026-02-14 11:07:20.374060,Berlin-8eda,49,32,Normal
2026-02-14 11:07:21.374060,Berlin-8eda,6,8,Normal
2026-02-14 11:07:22.374060,Berlin-8eda,23,93,Normal
2026-02-14 11:07:23.374060,Berlin-8eda,-22,91,Normal
2026-02-14 11:07:24.374060,Berlin-8eda,-28,12,Normal
2026-02-14 11:07:25.374060,Berlin-8eda,-17,18,Normal
2026-02-14 11:07:26.374060,Berlin-8eda,42,49,Normal
2026-02-14 11:07:27.374060,Berlin-8eda,-16,48,Normal
2026-02-14 11:07:28.374060,Berlin-8eda,26,18,Normal
2026-02-14 11:07:29.374060,Berlin-8eda,50,77,Normal
2026-02-14 11:07:30.374060,Berlin-8eda,35,32,Normal
2026-02-14 11:07:31.374060,Berlin-8eda,17,19,Normal
2026-02-14 11:07:32.374060,Berlin-8eda,-29,47,Normal
2026-02-14 11:07:33.374060,Berlin-8eda,16,33,Normal
2026-02-14 11:07:34.374060,Berlin-8eda,2,4,Normal
2026-02-14 11:07:35.374060,Berlin-8eda,32,42,Normal
2026-02-14 11:07:36.374060,Berlin-8eda,2,55,Normal
2026-02-14 11:07:37.374060,Berlin-8eda,30,64,Normal
2026-02-14 11:07:38.374060,Berlin-8eda,17,78,Normal
2026-02-14 11:07:39.374060,Berlin-8eda,48,39,Normal
2026-02-14 11:07:40.374060,Berlin-8eda,-24,30,Normal
2026-02-14 11:07:41.374060,Berlin-8eda,36,19,Normal
2026-02-14 11:07:42.374060,Berlin-8eda,-27,28,Normal
2026-02-14 11:07:43.374060,Berlin-8eda,-23,14,Normal
2026-02-14 11:07:44.374060,Berlin-8eda,-26,32,Normal
2026-02-14 11:07:45.374060,Berlin-8eda,44,37,Normal
2026-02-14 11:07:46.374060,Berlin-8eda,8,30,Normal
2026-02-14 11:07:47.374060,Berlin-8eda,-27,50,Normal
2026-02-14 11:07:48.374060,Berlin-8eda,12,80,Normal
2026-02-14 11:07:49.374060,Berlin-8eda,-6,88,Normal
2026-02-14 11:07:50.374060,Berlin-8eda,-24,27,Normal
2026-02-14 11:07:51.374060,Berlin-8eda,4,99,Normal
2026-02-14 11:07:52.374060,Berlin-8eda,13,13,Normal
2026-02-14 11:07:53.374060,Berlin-8eda,-24,78,Normal
2026-02-14 11:07:54.374060,Berlin-8eda,-18,25,Normal
2026-02-14 11:07:55.374060,Berlin-8eda,-11,16,Normal
2026-02-14 11:07:56.374060,Berlin-8eda,-28,5,Normal
2026-02-14 11:07:57.374060,Berlin-8eda,10,99,Normal
2026-02-14 11:07:58.374060,Berlin-8eda,-26,95,Normal
2026-02-14 11:07:59.374060,Berlin-8eda,-24,50,Normal
2026-02-14 11:08:00.374060,Berlin-8eda,-16,91,Normal
2026-02-14 11:08:01.374060,Berlin-8eda,24,57,Normal
2026-02-14 11:08:02.374060,Berlin-8eda,18,55,Normal
2026-02-14 11:08:03.374060,Berlin-8eda,-26,68,Normal
2026-02-14 11:08:04.374060,Berlin-8eda,50,23,Normal
2026-02-14 11:08:05.374060,Berlin-8eda,-15,85,Normal
2026-02-14 11:08:06.374060,Berlin-8eda,-24,83,Normal
2026-02-14 11:08:07.374060,Berlin-8eda,20,21,Normal
2026-02-14 11:08:08.374060,Berlin-8eda,-13,23,Normal
2026-02-14 11:08:09.374060,Berlin-8eda,24,6,Normal
2026-02-14 11:08:10.374060,Berlin-8eda,23,52,Normal
2026-02-14 11:08:11.374060,Berlin-8eda,49,26,Normal
2026-02-14 11:08:12.374060,Berlin-8eda,49,68,Normal
2026-02-14 11:08:13.374060,Berlin-8eda,-15,0,Normal
2026-02-14 11:08:14.374060,Berlin-8eda,27,71,Normal
2026-02-14 11:08:15.374060,Berlin-8eda,36,46,Normal
2026-02-14 11:08:16.374060,Berlin-8eda,13,23,Normal
2026-02-14 11:08:17.374060,Berlin-8eda,-16,4,Normal
2026-02-14 11:08:18.374060,Berlin-8eda,-11,60,Normal
2026-02-14 11:08:19.374060,Berlin-8eda,32,2,Normal
2026-02-14 11:08:20.374060,Berlin-8eda,43,41,Normal
2026-02-14 11:08:21.374060,Berlin-8eda,41,59,Normal
2026-02-14 11:08:22.374060,Berlin-8eda,41,67,Normal
2026-02-14 11:08:23.374060,Berlin-8eda,-15,78,Normal
2026-02-14 11:08:24.374060,Berlin-8eda,31,72,Normal
2026-02-14 11:08:25.374060,Berlin-8eda,18,40,Normal
2026-02-14 11:08:26.374060,Berlin-8eda,40,39,Normal
2026-02-14 11:08:27.374060,Berlin-8eda,-30,19,Normal
2026-02-14 11:08:28.374060,Berlin-8eda,44,5,Normal
2026-02-14 11:08:29.374060,Berlin-8eda,-30,46,Normal
2026-02-14 11:08:30.374060,Berlin-8eda,-3,77,Normal
2026-02-14 11:08:31.374060,Berlin-8eda,47,69,Normal
2026-02-14 11:08:32.374060,Berlin-8eda,-27,70,Normal
2026-02-14 11:08:33.374060,Berlin-8eda,30,3,Normal
2026-02-14 11:08:34.374060,Berlin-8eda,40,3,Normal
2026-02-14 11:08:35.374060,Berlin-8eda,-21,85,Normal
2026-02-14 11:08:36.374060,Berlin-8eda,8,47,Normal
2026-02-14 11:08:37.374060,Berlin-8eda,22,10,Normal
2026-02-14 11:08:38.374060,Berlin-8eda,31,21,Normal
2026-02-14 11:08:39.374060,Berlin-8eda,11,82,Normal
2026-02-14 11:08:40.374060,Berlin-8eda,-1,84,Normal
2026-02-14 11:08:41.374060,Berlin-8eda,26,94,Normal
2026-02-14 11:08:42.374060,Berlin-8eda,-13,84,Normal
2026-02-14 11:08:43.374060,Berlin-8eda,0,58,Normal
2026-02-14 11:08:44.374060,Berlin-8eda,-11,32,Normal
2026-02-14 11:08:45.374060,Berlin-8eda,-10,84,Normal
2026-02-14 11:08:46.374060,Berlin-8eda,-13,22,Normal
2026-02-14 11:08:47.374060,Berlin-8eda,35,87,Normal
2026-02-14 11:08:48.374060,Berlin-8eda,-24,62,Normal
2026-02-14 11:08:49.374060,Berlin-8eda,37,37,Normal
2026-02-14 11:08:50.374060,Berlin-8eda,-16,90,Normal
2026-02-14 11:08:51.374060,Berlin-8eda,-13,33,Normal
2026-02-14 11:08:52.374060,Berlin-8eda,7,41,Normal
2026-02-14 11:08:53.374060,Berlin-8eda,-12,37,Normal
2026-02-14 11:08:54.374060,Berlin-8eda,16,2,Normal
2026-02-14 11:08:55.374060,Berlin-8eda,-12,100,Normal
2026-02-14 11:08:56.374060,Berlin-8eda,5,78,Normal
2026-02-14 11:08:57.374060,Berlin-8eda,44,1,Normal
2026-02-14 11:08:58.374060,Berlin-8eda,-19,74,Normal
2026-02-14 11:08:59.374060,Berlin-8eda,29,55,Normal
2026-02-14 11:09:00.374060,Berlin-8eda,3,37,Normal
2026-02-14 11:09:01.374060,Berlin-8eda,2,72,Normal
2026-02-14 11:09:02.374060,Berlin-8eda,-7,10,Normal
2026-02-14 11:09:03.374060,Berlin-8eda,-22,52,Normal
2026-02-14 11:09:04.374060,Berlin-8eda,31,83,Normal
2026-02-14 11:09:05.374060,Berlin-8eda,-8,29,Normal
2026-02-14 11:09:06.374060,Berlin-8eda,9,9,Normal
2026-02-14 11:09:07.374060,Berlin-8eda,32,39,Normal
2026-02-14 11:09:08.374060,Berlin-8eda,-17,84,Normal
2026-02-14 11:09:09.374060,Berlin-8eda,1,70,Normal
2026-02-14 11:09:10.374060,Berlin-8eda,13,63,Normal
2026-02-14 11:09:11.374060,Berlin-8eda,-22,37,Normal
2026-02-14 11:09:12.374060,Berlin-8eda,-1,53,Normal
2026-02-14 11:09:13.374060,Berlin-8eda,3,0,Normal
2026-02-14 11:09:14.374060,Berlin-8eda,-14,10,Normal
2026-02-14 11:09:15.374060,Berlin-8eda,46,61,Normal
2026-02-14 11:09:16.374060,Berlin-8eda,36,71,Normal
2026-02-14 11:09:17.374060,Berlin-8eda,-24,8,Normal
2026-02-14 11:09:18.374060,Berlin-8eda,24,41,Normal
2026-02-14 11:09:19.374060,Berlin-8eda,-7,40,Normal
2026-02-14 11:09:20.374060,Berlin-8eda,15,49,Normal
2026-02-14 11:09:21.374060,Berlin-8eda,32,98,Normal
2026-02-14 11:09:22.374060,Berlin-8eda,-30,16,Normal
2026-02-14 11:09:23.374060,Berlin-8eda,12,16,Normal
2026-02-14 11:09:24.374060,Berlin-8eda,-29,91,Normal
2026-02-14 11:09:25.374060,Berlin-8eda,12,62,Normal
2026-02-14 11:09:26.374060,Berlin-8eda,23,38,Normal
2026-02-14 11:09:27.374060,Berlin-8eda,24,32,Normal
2026-02-14 11:09:28.374060,Berlin-8eda,20,50,Normal
2026-02-14 11:09:29.374060,Berlin-8eda,-5,83,Normal
2026-02-14 11:09:30.374060,Berlin-8eda,-9,64,Normal
2026-02-14 11:09:31.374060,Berlin-8eda,31,40,Normal
2026-02-14 11:09:32.374060,Berlin-8eda,-21,49,Normal
2026-02-14 11:09:33.374060,Berlin-8eda,-11,21,Normal
2026-02-14 11:09:34.374060,Berlin-8eda,-7,28,Normal
2026-02-14 11:09:35.374060,Berlin-8eda,-29,40,Normal
2026-02-14 11:09:36.374060,Berlin-8eda,5,94,Normal
2026-02-14 11:09:37.374060,Berlin-8eda,32,54,Normal
2026-02-14 11:09:38.374060,Berlin-8eda,1,73,Normal
2026-02-14 11:09:39.374060,Berlin-8eda,7,8,Normal
2026-02-14 11:09:40.374060,Berlin-8eda,1,11,Normal
2026-02-14 11:09:41.374060,Berlin-8eda,5,74,Normal
2026-02-14 11:09:42.374060,Berlin-8eda,-5,51,Normal
2026-02-14 11:09:43.374060,Berlin-8eda,-7,14,Normal
2026-02-14 11:09:44.374060,Berlin-8eda,14,24,Normal
2026-02-14 11:09:45.374060,Berlin-8eda,43,51,Normal
2026-02-14 11:09:46.374060,Berlin-8eda,35,52,Normal
2026-02-14 11:09:47.374060,Berlin-8eda,-30,67,Normal
2026-02-14 11:09:48.374060,Berlin-8eda,15,78,Normal
2026-02-14 11:09:49.374060,Berlin-8eda,2,99,Normal
2026-02-14 11:09:50.374060,Berlin-8eda,21,25,Normal
2026-02-14 11:09:51.374060,Berlin-8eda,35,36,Normal
2026-02-14 11:09:52.374060,Berlin-8eda,34,73,Normal
2026-02-14 11:09:53.374060,Berlin-8eda,10,15,Normal
2026-02-14 11:09:54.374060,Berlin-8eda,25,38,Normal
2026-02-14 11:09:55.374060,Berlin-8eda,7,73,Normal
2026-02-14 11:09:56.374060,Berlin-8eda,48,48,Normal
2026-02-14 11:09:57.374060,Berlin-8eda,31,100,Normal
2026-02-14 11:09:58.374060,Berlin-8eda,9,77,Normal
2026-02-14 11:09:59.374060,Berlin-8eda,36,14,Normal
2026-02-14 11:10:00.374060,Berlin-8eda,31,87,Normal
2026-02-14 11:10:01.374060,Berlin-8eda,47,64,Normal
2026-02-14 11:10:02.374060,Berlin-8eda,23,15,Normal
2026-02-14 11:10:03.374060,Berlin-8eda,10,29,Normal
2026-02-14 11:10:04.374060,Berlin-8eda,34,37,Normal
2026-02-14 11:10:05.374060,Berlin-8eda,42,28,Normal
2026-02-14 11:10:06.374060,Berlin-8eda,12,60,Normal
2026-02-14 11:10:07.374060,Berlin-8eda,43,37,Normal
2026-02-14 11:10:08.374060,Berlin-8eda,30,68,Normal
2026-02-14 11:10:09.374060,Berlin-8eda,-18,94,Normal
2026-02-14 11:10:10.374060,Berlin-8eda,19,68,Normal
2026-02-14 11:10:11.374060,Berlin-8eda,26,81,Normal
2026-02-14 11:10:12.374060,Berlin-8eda,-14,27,Normal
2026-02-14 11:10:13.374060,Berlin-8eda,-28,35,Normal
2026-02-14 11:10:14.374060,Berlin-8eda,-30,73,Normal
2026-02-14 11:10:15.374060,Berlin-8eda,20,11,Normal
2026-02-14 11:10:16.374060,Berlin-8eda,45,31,Normal
2026-02-14 11:10:17.374060,Berlin-8eda,34,70,Normal
2026-02-14 11:10:18.374060,Berlin-8eda,-10,11,Normal
2026-02-14 11:10:19.374060,Berlin-8eda,-17,94,Normal
2026-02-14 11:10:20.374060,Berlin-8eda,28,21,Normal
2026-02-14 11:10:21.374060,Berlin-8eda,-8,76,Normal
2026-02-14 11:10:22.374060,Berlin-8eda,12,11,Normal
2026-02-14 11:10:23.374060,Berlin-8eda,20,27,Normal
2026-02-14 11:10:24.374060,Berlin-8eda,16,1,Normal
2026-02-14 11:10:25.374060,Berlin-8eda,37,21,Normal
2026-02-14 11:10:26.374060,Berlin-8eda,-5,23,Normal
2026-02-14 11:10:27.374060,Berlin-8eda,-24,2,Normal
2026-02-14 11:10:28.374060,Berlin-8eda,26,99,Normal
2026-02-14 11:10:29.374060,Berlin-8eda,43,25,Normal
2026-02-14 11:10:30.374060,Berlin-8eda,26,92,Normal
2026-02-14 11:10:31.374060,Berlin-8eda,-30,45,Normal
2026-02-14 11:10:32.374060,Berlin-8eda,27,97,Normal
2026-02-14 11:10:33.374060,Berlin-8eda,32,57,Normal
2026-02-14 11:10:34.374060,Berlin-8eda,-21,100,Normal
2026-02-14 11:10:35.374060,Berlin-8eda,14,99,Normal
2026-02-14 11:10:36.374060,Berlin-8eda,13,54,Normal
2026-02-14 11:10:37.374060,Berlin-8eda,-18,69,Normal
2026-02-14 11:10:38.374060,Berlin-8eda,23,29,Normal
2026-02-14 11:10:39.374060,Berlin-8eda,-10,50,Normal
2026-02-14 11:10:40.374060,Berlin-8eda,36,100,Normal
2026-02-14 11:10:41.374060,Berlin-8eda,33,91,Normal
2026-02-14 11:10:42.374060,Berlin-8eda,30,90,Normal
2026-02-14 11:10:43.374060,Berlin-8eda,11,2,Normal
2026-02-14 11:10:44.374060,Berlin-8eda,42,57,Normal
2026-02-14 11:10:45.374060,Berlin-8eda,-15,97,Normal
2026-02-14 11:10:46.374060,Berlin-8eda,-14,79,Normal
2026-02-14 11:10:47.374060,Berlin-8eda,8,61,Normal
2026-02-14 11:10:48.374060,Berlin-8eda,-17,16,Normal
2026-02-14 11:10:49.374060,Berlin-8eda,8,84,Normal
2026-02-14 11:10:50.374060,Berlin-8eda,29,18,Normal
2026-02-14 11:10:51.374060,Berlin-8eda,33,95,Normal
2026-02-14 11:10:52.374060,Berlin-8eda,18,33,Normal
2026-02-14 11:10:53.374060,Berlin-8eda,20,97,Normal
2026-02-14 11:10:54.374060,Berlin-8eda,-22,9,Normal
2026-02-14 11:10:55.374060,Berlin-8eda,40,84,Normal
2026-02-14 11:10:56.374060,Berlin-8eda,20,2,Normal
2026-02-14 11:10:57.374060,Berlin-8eda,17,68,Normal
2026-02-14 11:10:58.374060,Berlin-8eda,-28,45,Normal
2026-02-14 11:10:59.374060,Berlin-8eda,-3,27,Normal
2026-02-14 11:11:00.374060,Berlin-8eda,25,24,Normal
2026-02-14 11:11:01.374060,Berlin-8eda,-28,5,Normal
2026-02-14 11:11:02.374060,Berlin-8eda,32,19,Normal
2026-02-14 11:11:03.374060,Berlin-8eda,39,58,Normal
2026-02-14 11:11:04.374060,Berlin-8eda,-23,91,Normal
2026-02-14 11:11:05.374060,Berlin-8eda,48,37,Normal
2026-02-14 11:11:06.374060,Berlin-8eda,-1,72,Normal
2026-02-14 11:11:07.374060,Berlin-8eda,48,16,Normal
2026-02-14 11:11:08.374060,Berlin-8eda,42,20,Normal
2026-02-14 11:11:09.374060,Berlin-8eda,38,4,Normal
2026-02-14 11:11:10.374060,Berlin-8eda,14,40,Normal
2026-02-14 11:11:11.374060,Berlin-8eda,12,47,Normal
2026-02-14 11:11:12.374060,Berlin-8eda,3,98,Normal
2026-02-14 11:11:13.374060,Berlin-8eda,38,70,Normal
2026-02-14 11:11:14.374060,Berlin-8eda,23,64,Normal
2026-02-14 11:11:15.374060,Berlin-8eda,-4,17,Normal
2026-02-14 11:11:16.374060,Berlin-8eda,-25,5,Normal
2026-02-14 11:11:17.374060,Berlin-8eda,-30,88,Normal
2026-02-14 11:11:18.374060,Berlin-8eda,31,36,Normal
2026-02-14 11:11:19.374060,Berlin-8eda,11,100,Normal
2026-02-14 11:11:20.374060,Berlin-8eda,-13,59,Normal
2026-02-14 11:11:21.374060,Berlin-8eda,-26,50,Normal
2026-02-14 11:11:22.374060,Berlin-8eda,42,37,Normal
2026-02-14 11:11:23.374060,Berlin-8eda,9,60,Normal
2026-02-14 11:11:24.374060,Berlin-8eda,-11,67,Normal
2026-02-14 11:11:25.374060,Berlin-8eda,34,0,Normal
2026-02-14 11:11:26.374060,Berlin-8eda,18,12,Normal
2026-02-14 11:11:27.374060,Berlin-8eda,-4,38,Normal
2026-02-14 11:11:28.374060,Berlin-8eda,-25,59,Normal
2026-02-14 11:11:29.374060,Berlin-8eda,27,13,Normal
2026-02-14 11:11:30.374060,Berlin-8eda,25,95,Normal
2026-02-14 11:11:31.374060,Berlin-8eda,-8,0,Normal
2026-02-14 11:11:32.374060,Berlin-8eda,43,98,Normal
2026-02-14 11:11:33.374060,Berlin-8eda,23,44,Normal
2026-02-14 11:11:34.374060,Berlin-8eda,-6,74,Normal
2026-02-14 11:11:35.374060,Berlin-8eda,35,82,Normal
2026-02-14 11:11:36.374060,Berlin-8eda,35,1,Normal
2026-02-14 11:11:37.374060,Berlin-8eda,23,28,Normal
2026-02-14 11:11:38.374060,Berlin-8eda,32,18,Normal
2026-02-14 11:11:39.374060,Berlin-8eda,27,63,Normal
2026-02-14 11:11:40.374060,Berlin-8eda,43,17,Normal
2026-02-14 11:11:41.374060,Berlin-8eda,-11,12,Normal
2026-02-14 11:11:42.374060,Berlin-8eda,6,50,Normal
2026-02-14 11:11:43.374060,Berlin-8eda,5,89,Normal
2026-02-14 11:11:44.374060,Berlin-8eda,15,38,Normal
2026-02-14 11:11:45.374060,Berlin-8eda,28,17,Normal
2026-02-14 11:11:46.374060,Berlin-8eda,-1,41,Normal
2026-02-14 11:11:47.374060,Berlin-8eda,27,76,Normal
2026-02-14 11:11:48.374060,Berlin-8eda,-20,22,Normal
2026-02-14 11:11:49.374060,Berlin-8eda,17,79,Normal
2026-02-14 11:11:50.374060,Berlin-8eda,37,20,Normal
2026-02-14 11:11:51.374060,Berlin-8eda,32,88,Normal
2026-02-14 11:11:52.374060,Berlin-8eda,12,98,Normal
2026-02-14 11:11:53.374060,Berlin-8eda,-15,75,Normal
2026-02-14 11:11:54.374060,Berlin-8eda,-16,38,Normal
2026-02-14 11:11:55.374060,Berlin-8eda,13,80,Normal
2026-02-14 11:11:56.374060,Berlin-8eda,-11,56,Normal
2026-02-14 11:11:57.374060,Berlin-8eda,-27,50,Normal
2026-02-14 11:11:58.374060,Berlin-8eda,-30,65,Normal
2026-02-14 11:11:59.374060,Berlin-8eda,26,27,Normal
2026-02-14 11:12:00.374060,Berlin-8eda,-17,70,Normal
2026-02-14 11:12:01.374060,Berlin-8eda,13,97,Normal
2026-02-14 11:12:02.374060,Berlin-8eda,31,68,Normal
2026-02-14 11:12:03.374060,Berlin-8eda,0,84,Normal
2026-02-14 11:12:04.374060,Berlin-8eda,-19,79,Normal
2026-02-14 11:12:05.374060,Berlin-8eda,33,94,Normal
2026-02-14 11:12:06.374060,Berlin-8eda,-13,41,Normal
2026-02-14 11:12:07.374060,Berlin-8eda,45,27,Normal
2026-02-14 11:12:08.374060,Berlin-8eda,17,31,Normal
2026-02-14 11:12:09.374060,Berlin-8eda,-30,88,Normal
2026-02-14 11:12:10.374060,Berlin-8eda,22,71,Normal
2026-02-14 11:12:11.374060,Berlin-8eda,-2,0,Normal
2026-02-14 11:12:12.374060,Berlin-8eda,3,24,Normal
2026-02-14 11:12:13.374060,Berlin-8eda,8,49,Normal
2026-02-14 11:12:14.374060,Berlin-8eda,20,65,Normal
2026-02-14 11:12:15.374060,Berlin-8eda,-28,18,Normal
2026-02-14 11:12:16.374060,Berlin-8eda,33,41,Normal
2026-02-14 11:12:17.374060,Berlin-8eda,33,2,Normal
2026-02-14 11:12:18.374060,Berlin-8eda,41,54,Normal
2026-02-14 11:12:19.374060,Berlin-8eda,5,42,Normal
2026-02-14 11:12:20.374060,Berlin-8eda,-5,46,Normal
2026-02-14 11:12:21.374060,Berlin-8eda,-7,75,Normal
2026-02-14 11:12:22.374060,Berlin-8eda,-27,85,Normal
2026-02-14 11:12:23.374060,Berlin-8eda,50,86,Normal
2026-02-14 11:12:24.374060,Berlin-8eda,43,77,Normal
2026-02-14 11:12:25.374060,Berlin-8eda,-29,8,Normal
2026-02-14 11:12:26.374060,Berlin-8eda,24,30,Normal
2026-02-14 11:12:27.374060,Berlin-8eda,47,8,Normal
2026-02-14 11:12:28.374060,Berlin-8eda,-2,35,Normal
2026-02-14 11:12:29.374060,Berlin-8eda,14,39,Normal
2026-02-14 11:12:30.374060,Berlin-8eda,10,54,Normal
2026-02-14 11:12:31.374060,Berlin-8eda,-25,18,Normal
2026-02-14 11:12:32.374060,Berlin-8eda,40,49,Normal
2026-02-14 11:12:33.374060,Berlin-8eda,-24,90,Normal
2026-02-14 11:12:34.374060,Berlin-8eda,45,77,Normal
2026-02-14 11:12:35.374060,Berlin-8eda,32,77,Normal
2026-02-14 11:12:36.374060,Berlin-8eda,19,9,Normal
2026-02-14 11:12:37.374060,Berlin-8eda,26,93,Normal
2026-02-14 11:12:38.374060,Berlin-8eda,10,67,Normal
2026-02-14 11:12:39.374060,Berlin-8eda,20,22,Normal
2026-02-14 11:12:40.374060,Berlin-8eda,-3,58,Normal
2026-02-14 11:12:41.374060,Berlin-8eda,31,48,Normal
2026-02-14 11:12:42.374060,Berlin-8eda,45,98,Normal
2026-02-14 11:12:43.374060,Berlin-8eda,35,76,Normal
2026-02-14 11:12:44.374060,Berlin-8eda,-11,9,Normal
2026-02-14 11:12:45.374060,Berlin-8eda,50,43,Normal
2026-02-14 11:12:46.374060,Berlin-8eda,7,16,Normal
2026-02-14 11:12:47.374060,Berlin-8eda,-28,54,Normal
2026-02-14 11:12:48.374060,Berlin-8eda,25,47,Normal
2026-02-14 11:12:49.374060,Berlin-8eda,-16,44,Normal
2026-02-14 11:12:50.374060,Berlin-8eda,24,16,Normal
2026-02-14 11:12:51.374060,Berlin-8eda,10,21,Normal
2026-02-14 11:12:52.374060,Berlin-8eda,6,62,Normal
2026-02-14 11:12:53.374060,Berlin-8eda,-9,1,Normal
2026-02-14 11:12:54.374060,Berlin-8eda,11,58,Normal
2026-02-14 11:12:55.374060,Berlin-8eda,-5,74,Normal
2026-02-14 11:12:56.374060,Berlin-8eda,19,44,Normal
2026-02-14 11:12:57.374060,Berlin-8eda,28,7,Normal
2026-02-14 11:12:58.374060,Berlin-8eda,18,29,Normal
2026-02-14 11:12:59.374060,Berlin-8eda,27,76,Normal
2026-02-14 11:13:00.374060,Berlin-8eda,-15,50,Normal
2026-02-14 11:13:01.374060,Berlin-8eda,26,33,Normal
2026-02-14 11:13:02.374060,Berlin-8eda,-17,76,Normal
2026-02-14 11:13:03.374060,Berlin-8eda,-26,95,Normal
2026-02-14 11:13:04.374060,Berlin-8eda,-3,25,Normal
2026-02-14 11:13:05.374060,Berlin-8eda,-24,21,Normal
2026-02-14 11:13:06.374060,Berlin-8eda,25,29,Normal
2026-02-14 11:13:07.374060,Berlin-8eda,0,62,Normal
2026-02-14 11:13:08.374060,Berlin-8eda,48,28,Normal
2026-02-14 11:13:09.374060,Berlin-8eda,-26,2,Normal
2026-02-14 11:13:10.374060,Berlin-8eda,49,78,Normal
2026-02-14 11:13:11.374060,Berlin-8eda,-7,90,Normal
2026-02-14 11:13:12.374060,Berlin-8eda,10,29,Normal
2026-02-14 11:13:13.374060,Berlin-8eda,8,97,Normal
2026-02-14 11:13:14.374060,Berlin-8eda,-22,39,Normal
2026-02-14 11:13:15.374060,Berlin-8eda,8,83,Normal
2026-02-14 11:13:16.374060,Berlin-8eda,-14,46,Normal
2026-02-14 11:13:17.374060,Berlin-8eda,17,24,Normal
2026-02-14 11:13:18.374060,Berlin-8eda,22,20,Normal
2026-02-14 11:13:19.374060,Berlin-8eda,46,14,Normal
2026-02-14 11:13:20.374060,Berlin-8eda,33,62,Normal
2026-02-14 11:13:21.374060,Berlin-8eda,-22,45,Normal
2026-02-14 11:13:22.374060,Berlin-8eda,-26,30,Normal
2026-02-14 11:13:23.374060,Berlin-8eda,-19,96,Normal
2026-02-14 11:13:24.374060,Berlin-8eda,30,96,Normal
2026-02-14 11:13:25.374060,Berlin-8eda,38,45,Normal
2026-02-14 11:13:26.374060,Berlin-8eda,15,43,Normal
2026-02-14 11:13:27.374060,Berlin-8eda,-9,15,Normal
2026-02-14 11:13:28.374060,Berlin-8eda,-23,100,Normal
2026-02-14 11:13:29.374060,Berlin-8eda,-27,95,Normal
2026-02-14 11:13:30.374060,Berlin-8eda,27,90,Normal
2026-02-14 11:13:31.374060,Berlin-8eda,21,20,Normal
2026-02-14 11:13:32.374060,Berlin-8eda,37,26,Normal
2026-02-14 11:13:33.374060,Berlin-8eda,-25,59,Normal
2026-02-14 11:13:34.374060,Berlin-8eda,11,97,Normal
2026-02-14 11:13:35.374060,Berlin-8eda,-15,36,Normal
2026-02-14 11:13:36.374060,Berlin-8eda,-5,1,Normal
2026-02-14 11:13:37.374060,Berlin-8eda,31,91,Normal
2026-02-14 11:13:38.374060,Berlin-8eda,-1,2,Normal
2026-02-14 11:13:39.374060,Berlin-8eda,33,0,Normal
2026-02-14 11:13:40.374060,Berlin-8eda,-15,22,Normal
2026-02-14 11:13:41.374060,Berlin-8eda,-8,78,Normal
2026-02-14 11:13:42.374060,Berlin-8eda,26,60,Normal
2026-02-14 11:13:43.374060,Berlin-8eda,45,34,Normal
2026-02-14 11:13:44.374060,Berlin-8eda,-19,10,Normal
2026-02-14 11:13:45.374060,Berlin-8eda,34,97,Normal
2026-02-14 11:13:46.374060,Berlin-8eda,-29,14,Normal
2026-02-14 11:13:47.374060,Berlin-8eda,26,58,Normal
2026-02-14 11:13:48.374060,Berlin-8eda,11,85,Normal
2026-02-14 11:13:49.374060,Berlin-8eda,-18,75,Normal
2026-02-14 11:13:50.374060,Berlin-8eda,-27,22,Normal
2026-02-14 11:13:51.374060,Berlin-8eda,-16,39,Normal
2026-02-14 11:13:52.374060,Berlin-8eda,-16,48,Normal
2026-02-14 11:13:53.374060,Berlin-8eda,41,32,Normal
2026-02-14 11:13:54.374060,Berlin-8eda,29,3,Normal
2026-02-14 11:13:55.374060,Berlin-8eda,26,1,Normal
2026-02-14 11:13:56.374060,Berlin-8eda,-22,93,Normal
2026-02-14 11:13:57.374060,Berlin-8eda,-22,57,Normal
2026-02-14 11:13:58.374060,Berlin-8eda,-7,84,Normal
2026-02-14 11:13:59.374060,Berlin-8eda,18,12,Normal
2026-02-14 11:14:00.374060,Berlin-8eda,-2,7,Normal
2026-02-14 11:14:01.374060,Berlin-8eda,14,80,Normal
2026-02-14 11:14:02.374060,Berlin-8eda,50,71,Normal
2026-02-14 11:14:03.374060,Berlin-8eda,37,15,Normal
2026-02-14 11:14:04.374060,Berlin-8eda,-14,28,Normal
2026-02-14 11:14:05.374060,Berlin-8eda,1,29,Normal
2026-02-14 11:14:06.374060,Berlin-8eda,-25,10,Normal
2026-02-14 11:14:07.374060,Berlin-8eda,28,97,Normal
2026-02-14 11:14:08.374060,Berlin-8eda,12,79,Normal
2026-02-14 11:14:09.374060,Berlin-8eda,26,42,Normal
2026-02-14 11:14:10.374060,Berlin-8eda,-2,90,Normal
2026-02-14 11:14:11.374060,Berlin-8eda,42,49,Normal
2026-02-14 11:14:12.374060,Berlin-8eda,-21,54,Normal
2026-02-14 11:14:13.374060,Berlin-8eda,36,46,Normal
2026-02-14 11:14:14.374060,Berlin-8eda,45,73,Normal
2026-02-14 11:14:15.374060,Berlin-8eda,15,91,Normal
2026-02-14 11:14:16.374060,Berlin-8eda,24,64,Normal
2026-02-14 11:14:17.374060,Berlin-8eda,9,100,Normal
2026-02-14 11:14:18.374060,Berlin-8eda,49,55,Normal
2026-02-14 11:14:19.374060,Berlin-8eda,10,70,Normal
2026-02-14 11:14:20.374060,Berlin-8eda,-1,17,Normal
2026-02-14 11:14:21.374060,Berlin-8eda,32,69,Normal
2026-02-14 11:14:22.374060,Berlin-8eda,-25,27,Normal
2026-02-14 11:14:23.374060,Berlin-8eda,5,72,Normal
2026-02-14 11:14:24.374060,Berlin-8eda,30,56,Normal
2026-02-14 11:14:25.374060,Berlin-8eda,-3,9,Normal
2026-02-14 11:14:26.374060,Berlin-8eda,50,3,Normal
2026-02-14 11:14:27.374060,Berlin-8eda,40,76,Normal
2026-02-14 11:14:28.374060,Berlin-8eda,25,42,Normal
2026-02-14 11:14:29.374060,Berlin-8eda,34,12,Normal
2026-02-14 11:14:30.374060,Berlin-8eda,19,72,Normal
2026-02-14 11:14:31.374060,Berlin-8eda,-10,14,Normal
2026-02-14 11:14:32.374060,Berlin-8eda,-14,71,Normal
2026-02-14 11:14:33.374060,Berlin-8eda,-27,96,Normal
2026-02-14 11:14:34.374060,Berlin-8eda,46,48,Normal
2026-02-14 11:14:35.374060,Berlin-8eda,0,0,Normal
2026-02-14 11:14:36.374060,Berlin-8eda,31,89,Normal
2026-02-14 11:14:37.374060,Berlin-8eda,27,9,Normal
2026-02-14 11:14:38.374060,Berlin-8eda,44,26,Normal
2026-02-14 11:14:39.374060,Berlin-8eda,31,76,Normal
2026-02-14 11:14:40.374060,Berlin-8eda,-14,34,Normal
2026-02-14 11:14:41.374060,Berlin-8eda,-23,78,Normal
2026-02-14 11:14:42.374060,Berlin-8eda,48,6,Normal
2026-02-14 11:14:43.374060,Berlin-8eda,3,33,Normal
2026-02-14 11:14:44.374060,Berlin-8eda,-16,69,Normal
2026-02-14 11:14:45.374060,Berlin-8eda,11,6,Normal
2026-02-14 11:14:46.374060,Berlin-8eda,-27,37,Normal
2026-02-14 11:14:47.374060,Berlin-8eda,-22,13,Normal
2026-02-14 11:14:48.374060,Berlin-8eda,13,89,Normal
2026-02-14 11:14:49.374060,Berlin-8eda,-3,23,Normal
2026-02-14 11:14:50.374060,Berlin-8eda,8,48,Normal
2026-02-14 11:14:51.374060,Berlin-8eda,-13,59,Normal
2026-02-14 11:14:52.374060,Berlin-8eda,-16,98,Normal
2026-02-14 11:14:53.374060,Berlin-8eda,-9,42,Normal
2026-02-14 11:14:54.374060,Berlin-8eda,-6,85,Normal
2026-02-14 11:14:55.374060,Berlin-8eda,-19,29,Normal
2026-02-14 11:14:56.374060,Berlin-8eda,11,34,Normal
2026-02-14 11:14:57.374060,Berlin-8eda,-13,59,Normal
2026-02-14 11:14:58.374060,Berlin-8eda,16,19,Normal
2026-02-14 11:14:59.374060,Berlin-8eda,42,76,Normal
2026-02-14 11:15:00.374060,Berlin-8eda,40,80,Normal
2026-02-14 11:15:01.374060,Berlin-8eda,1,2,Normal
2026-02-14 11:15:02.374060,Berlin-8eda,13,33,Normal
2026-02-14 11:15:03.374060,Berlin-8eda,49,31,Normal
2026-02-14 11:15:04.374060,Berlin-8eda,35,88,Normal
2026-02-14 11:15:05.374060,Berlin-8eda,45,77,Normal
2026-02-14 11:15:06.374060,Berlin-8eda,-11,88,Normal
2026-02-14 11:15:07.374060,Berlin-8eda,18,82,Normal
2026-02-14 11:15:08.374060,Berlin-8eda,-29,2,Normal
2026-02-14 11:15:09.374060,Berlin-8eda,11,11,Normal
2026-02-14 11:15:10.374060,Berlin-8eda,-17,75,Normal
2026-02-14 11:15:11.374060,Berlin-8eda,2,39,Normal
2026-02-14 11:15:12.374060,Berlin-8eda,17,25,Normal
2026-02-14 11:15:13.374060,Berlin-8eda,39,92,Normal
2026-02-14 11:15:14.374060,Berlin-8eda,14,18,Normal
2026-02-14 11:15:15.374060,Berlin-8eda,35,68,Normal
2026-02-14 11:15:16.374060,Berlin-8eda,49,90,Normal
2026-02-14 11:15:17.374060,Berlin-8eda,49,40,Normal
2026-02-14 11:15:18.374060,Berlin-8eda,21,17,Normal
2026-02-14 11:15:19.374060,Berlin-8eda,5,80,Normal
2026-02-14 11:15:20.374060,Berlin-8eda,36,37,Normal
2026-02-14 11:15:21.374060,Berlin-8eda,48,74,Normal
2026-02-14 11:15:22.374060,Berlin-8eda,42,34,Normal
2026-02-14 11:15:23.374060,Berlin-8eda,6,53,Normal
2026-02-14 11:15:24.374060,Berlin-8eda,23,40,Normal
2026-02-14 11:15:25.374060,Berlin-8eda,-10,16,Normal
2026-02-14 11:15:26.374060,Berlin-8eda,-17,9,Normal
2026-02-14 11:15:27.374060,Berlin-8eda,27,82,Normal
2026-02-14 11:15:28.374060,Berlin-8eda,-11,13,Normal
2026-02-14 11:15:29.374060,Berlin-8eda,14,95,Normal
2026-02-14 11:15:30.374060,Berlin-8eda,4,77,Normal
2026-02-14 11:15:31.374060,Berlin-8eda,4,46,Normal
2026-02-14 11:15:32.374060,Berlin-8eda,32,62,Normal
2026-02-14 11:15:33.374060,Berlin-8eda,35,9,Normal
2026-02-14 11:15:34.374060,Berlin-8eda,42,31,Normal
2026-02-14 11:15:35.374060,Berlin-8eda,-22,72,Normal
2026-02-14 11:15:36.374060,Berlin-8eda,-9,93,Normal
2026-02-14 11:15:37.374060,Berlin-8eda,-28,10,Normal
2026-02-14 11:15:38.374060,Berlin-8eda,-9,60,Normal
2026-02-14 11:15:39.374060,Berlin-8eda,6,68,Normal
2026-02-14 11:15:40.374060,Berlin-8eda,-5,29,Normal
2026-02-14 11:15:41.374060,Berlin-8eda,33,89,Normal
2026-02-14 11:15:42.374060,Berlin-8eda,9,96,Normal
2026-02-14 11:15:43.374060,Berlin-8eda,-1,11,Normal
2026-02-14 11:15:44.374060,Berlin-8eda,-26,82,Normal
2026-02-14 11:15:45.374060,Berlin-8eda,-1,16,Normal
2026-02-14 11:15:46.374060,Berlin-8eda,40,14,Normal
2026-02-14 11:15:47.374060,Berlin-8eda,49,90,Normal
2026-02-14 11:15:48.374060,Berlin-8eda,-13,100,Normal
2026-02-14 11:15:49.374060,Berlin-8eda,-9,88,Normal
2026-02-14 11:15:50.374060,Berlin-8eda,26,53,Normal
2026-02-14 11:15:51.374060,Berlin-8eda,22,42,Normal
2026-02-14 11:15:52.374060,Berlin-8eda,-30,10,Normal
2026-02-14 11:15:53.374060,Berlin-8eda,24,52,Normal
2026-02-14 11:15:54.374060,Berlin-8eda,20,98,Normal
2026-02-14 11:15:55.374060,Berlin-8eda,39,42,Normal
2026-02-14 11:15:56.374060,Berlin-8eda,-6,98,Normal
2026-02-14 11:15:57.374060,Berlin-8eda,-8,38,Normal
2026-02-14 11:15:58.374060,Berlin-8eda,28,86,Normal
2026-02-14 11:15:59.374060,Berlin-8eda,-2,95,Normal
2026-02-14 11:16:00.374060,Berlin-8eda,-18,57,Normal
2026-02-14 11:16:01.374060,Berlin-8eda,5,88,Normal
2026-02-14 11:16:02.374060,Berlin-8eda,40,44,Normal
2026-02-14 11:16:03.374060,Berlin-8eda,21,52,Normal
2026-02-14 11:16:04.374060,Berlin-8eda,46,27,Normal
2026-02-14 11:16:05.374060,Berlin-8eda,45,31,Normal
2026-02-14 11:16:06.374060,Berlin-8eda,35,22,Normal
2026-02-14 11:16:07.374060,Berlin-8eda,9,70,Normal
2026-02-14 11:16:08.374060,Berlin-8eda,14,68,Normal
2026-02-14 11:16:09.374060,Berlin-8eda,-30,81,Normal
2026-02-14 11:16:10.374060,Berlin-8eda,25,0,Normal
2026-02-14 11:16:11.374060,Berlin-8eda,-21,98,Normal
2026-02-14 11:16:12.374060,Berlin-8eda,-6,94,Normal
2026-02-14 11:16:13.374060,Berlin-8eda,20,9,Normal
2026-02-14 11:16:14.374060,Berlin-8eda,-23,54,Normal
2026-02-14 11:16:15.374060,Berlin-8eda,43,40,Normal
2026-02-14 11:16:16.374060,Berlin-8eda,3,46,Normal
2026-02-14 11:16:17.374060,Berlin-8eda,-29,15,Normal
2026-02-14 11:16:18.374060,Berlin-8eda,-20,86,Normal
2026-02-14 11:16:19.374060,Berlin-8eda,-14,25,Normal
2026-02-14 11:16:20.374060,Berlin-8eda,10,62,Normal
2026-02-14 11:16:21.374060,Berlin-8eda,26,100,Normal
2026-02-14 11:16:22.374060,Berlin-8eda,0,95,Normal
2026-02-14 11:16:23.374060,Berlin-8eda,-26,26,Normal
2026-02-14 11:16:24.374060,Berlin-8eda,49,38,Normal
2026-02-14 11:16:25.374060,Berlin-8eda,44,87,Normal
2026-02-14 11:16:26.374060,Berlin-8eda,-9,64,Normal
2026-02-14 11:16:27.374060,Berlin-8eda,5,4,Normal
2026-02-14 11:16:28.374060,Berlin-8eda,16,0,Normal
2026-02-14 11:16:29.374060,Berlin-8eda,-10,98,Normal
2026-02-14 11:16:30.374060,Berlin-8eda,35,39,Normal
2026-02-14 11:16:31.374060,Berlin-8eda,3,98,Normal
2026-02-14 11:16:32.374060,Berlin-8eda,43,12,Normal
2026-02-14 11:16:33.374060,Berlin-8eda,-6,45,Normal
2026-02-14 11:16:34.374060,Berlin-8eda,-4,46,Normal
2026-02-14 11:16:35.374060,Berlin-8eda,-24,63,Normal
2026-02-14 11:16:36.374060,Berlin-8eda,24,94,Normal
2026-02-14 11:16:37.374060,Berlin-8eda,2,61,Normal
2026-02-14 11:16:38.374060,Berlin-8eda,24,93,Normal
2026-02-14 11:16:39.374060,Berlin-8eda,29,1,Normal
2026-02-14 11:16:40.374060,Berlin-8eda,-20,77,Normal
2026-02-14 11:16:41.374060,Berlin-8eda,42,21,Normal
2026-02-14 11:16:42.374060,Berlin-8eda,30,83,Normal
2026-02-14 11:16:43.374060,Berlin-8eda,-13,12,Normal
2026-02-14 11:16:44.374060,Berlin-8eda,26,21,Normal
2026-02-14 11:16:45.374060,Berlin-8eda,32,16,Normal
2026-02-14 11:16:46.374060,Berlin-8eda,-3,60,Normal
2026-02-14 11:16:47.374060,Berlin-8eda,10,85,Normal
2026-02-14 11:16:48.374060,Berlin-8eda,12,26,Normal
2026-02-14 11:16:49.374060,Berlin-8eda,36,49,Normal
2026-02-14 11:16:50.374060,Berlin-8eda,-11,44,Normal
2026-02-14 11:16:51.374060,Berlin-8eda,25,31,Normal
2026-02-14 11:16:52.374060,Berlin-8eda,9,71,Normal
2026-02-14 11:16:53.374060,Berlin-8eda,25,89,Normal
2026-02-14 11:16:54.374060,Berlin-8eda,35,15,Normal
2026-02-14 11:16:55.374060,Berlin-8eda,44,95,Normal
2026-02-14 11:16:56.374060,Berlin-8eda,-29,71,Normal
2026-02-14 11:16:57.374060,Berlin-8eda,6,90,Normal
2026-02-14 11:16:58.374060,Berlin-8eda,21,84,Normal
2026-02-14 11:16:59.374060,Berlin-8eda,44,29,Normal
2026-02-14 11:17:00.374060,Berlin-8eda,-29,24,Normal
2026-02-14 11:17:01.374060,Berlin-8eda,35,97,Normal
2026-02-14 11:17:02.374060,Berlin-8eda,-1,69,Normal
2026-02-14 11:17:03.374060,Berlin-8eda,44,62,Normal
2026-02-14 11:17:04.374060,Berlin-8eda,8,72,Normal
2026-02-14 11:17:05.374060,Berlin-8eda,16,89,Normal
2026-02-14 11:17:06.374060,Berlin-8eda,-2,2,Normal
2026-02-14 11:17:07.374060,Berlin-8eda,-26,39,Normal
2026-02-14 11:17:08.374060,Berlin-8eda,12,56,Normal
2026-02-14 11:17:09.374060,Berlin-8eda,48,59,Normal
2026-02-14 11:17:10.374060,Berlin-8eda,49,46,Normal
2026-02-14 11:17:11.374060,Berlin-8eda,11,80,Normal
2026-02-14 11:17:12.374060,Berlin-8eda,-29,31,Normal
2026-02-14 11:17:13.374060,Berlin-8eda,14,60,Normal
2026-02-14 11:17:14.374060,Berlin-8eda,11,39,Normal
2026-02-14 11:17:15.374060,Berlin-8eda,36,17,Normal
2026-02-14 11:17:16.374060,Berlin-8eda,32,20,Normal
2026-02-14 11:17:17.374060,Berlin-8eda,2,83,Normal
2026-02-14 11:17:18.374060,Berlin-8eda,-17,43,Normal
2026-02-14 11:17:19.374060,Berlin-8eda,-26,40,Normal
2026-02-14 11:17:20.374060,Berlin-8eda,20,12,Normal
2026-02-14 11:17:21.374060,Berlin-8eda,50,10,Normal
2026-02-14 11:17:22.374060,Berlin-8eda,40,6,Normal
2026-02-14 11:17:23.374060,Berlin-8eda,-18,8,Normal
2026-02-14 11:17:24.374060,Berlin-8eda,-7,30,Normal
2026-02-14 11:17:25.374060,Berlin-8eda,-5,49,Normal
2026-02-14 11:17:26.374060,Berlin-8eda,3,73,Normal
2026-02-14 11:17:27.374060,Berlin-8eda,37,41,Normal
2026-02-14 11:17:28.374060,Berlin-8eda,-18,49,Normal
2026-02-14 11:17:29.374060,Berlin-8eda,1,34,Normal
2026-02-14 11:17:30.374060,Berlin-8eda,42,14,Normal
2026-02-14 11:17:31.374060,Berlin-8eda,23,34,Normal
2026-02-14 11:17:32.374060,Berlin-8eda,37,88,Normal
2026-02-14 11:17:33.374060,Berlin-8eda,-21,94,Normal
2026-02-14 11:17:34.374060,Berlin-8eda,12,83,Normal
2026-02-14 11:17:35.374060,Berlin-8eda,23,72,Normal
2026-02-14 11:17:36.374060,Berlin-8eda,0,14,Normal
2026-02-14 11:17:37.374060,Berlin-8eda,33,96,Normal
2026-02-14 11:17:38.374060,Berlin-8eda,2,45,Normal
2026-02-14 11:17:39.374060,Berlin-8eda,-26,23,Normal
2026-02-14 11:17:40.374060,Berlin-8eda,-12,95,Normal
2026-02-14 11:17:41.374060,Berlin-8eda,-26,56,Normal
2026-02-14 11:17:42.374060,Berlin-8eda,-25,2,Normal
2026-02-14 11:17:43.374060,Berlin-8eda,24,53,Normal
2026-02-14 11:17:44.374060,Berlin-8eda,-20,49,Normal
2026-02-14 11:17:45.374060,Berlin-8eda,-14,5,Normal
2026-02-14 11:17:46.374060,Berlin-8eda,6,79,Normal
2026-02-14 11:17:47.374060,Berlin-8eda,-26,1,Normal
2026-02-14 11:17:48.374060,Berlin-8eda,46,65,Normal
2026-02-14 11:17:49.374060,Berlin-8eda,-10,59,Normal
2026-02-14 11:17:50.374060,Berlin-8eda,36,86,Normal
2026-02-14 11:17:51.374060,Berlin-8eda,35,92,Normal
2026-02-14 11:17:52.374060,Berlin-8eda,43,1,Normal
2026-02-14 11:17:53.374060,Berlin-8eda,36,80,Normal
2026-02-14 11:17:54.374060,Berlin-8eda,-27,61,Normal
2026-02-14 11:17:55.374060,Berlin-8eda,49,51,Normal
2026-02-14 11:17:56.374060,Berlin-8eda,-17,58,Normal
2026-02-14 11:17:57.374060,Berlin-8eda,24,82,Normal
2026-02-14 11:17:58.374060,Berlin-8eda,16,31,Normal
2026-02-14 11:17:59.374060,Berlin-8eda,49,40,Normal
2026-02-14 11:18:00.374060,Berlin-8eda,18,78,Normal
2026-02-14 11:18:01.374060,Berlin-8eda,40,70,Normal
2026-02-14 11:18:02.374060,Berlin-8eda,-3,63,Normal
2026-02-14 11:18:03.374060,Berlin-8eda,35,94,Normal
2026-02-14 11:18:04.374060,Berlin-8eda,-25,70,Normal
2026-02-14 11:18:05.374060,Berlin-8eda,21,59,Normal
2026-02-14 11:18:06.374060,Berlin-8eda,46,86,Normal
2026-02-14 11:18:07.374060,Berlin-8eda,-14,33,Normal
2026-02-14 11:18:08.374060,Berlin-8eda,22,10,Normal
2026-02-14 11:18:09.374060,Berlin-8eda,7,85,Normal
2026-02-14 11:18:10.374060,Berlin-8eda,-19,31,Normal
2026-02-14 11:18:11.374060,Berlin-8eda,-9,79,Normal
2026-02-14 11:18:12.374060,Berlin-8eda,13,45,Normal
2026-02-14 11:18:13.374060,Berlin-8eda,34,28,Normal
2026-02-14 11:18:14.374060,Berlin-8eda,-21,56,Normal
2026-02-14 11:18:15.374060,Berlin-8eda,26,20,Normal
2026-02-14 11:18:16.374060,Berlin-8eda,-22,20,Normal
2026-02-14 11:18:17.374060,Berlin-8eda,42,78,Normal
2026-02-14 11:18:18.374060,Berlin-8eda,-3,0,Normal
2026-02-14 11:18:19.374060,Berlin-8eda,-18,1,Normal
2026-02-14 11:18:20.374060,Berlin-8eda,-13,9,Normal
2026-02-14 11:18:21.374060,Berlin-8eda,-13,43,Normal
2026-02-14 11:18:22.374060,Berlin-8eda,12,3,Normal
2026-02-14 11:18:23.374060,Berlin-8eda,-15,59,Normal
2026-02-14 11:18:24.374060,Berlin-8eda,43,20,Normal
2026-02-14 11:18:25.374060,Berlin-8eda,0,32,Normal
2026-02-14 11:18:26.374060,Berlin-8eda,-3,4,Normal
2026-02-14 11:18:27.374060,Berlin-8eda,9,42,Normal
2026-02-14 11:18:28.374060,Berlin-8eda,8,21,Normal
2026-02-14 11:18:29.374060,Berlin-8eda,-16,83,Normal
2026-02-14 11:18:30.374060,Berlin-8eda,14,26,Normal
2026-02-14 11:18:31.374060,Berlin-8eda,-12,90,Normal
2026-02-14 11:18:32.374060,Berlin-8eda,25,39,Normal
2026-02-14 11:18:33.374060,Berlin-8eda,-1,49,Normal
2026-02-14 11:18:34.374060,Berlin-8eda,-15,87,Normal
2026-02-14 11:18:35.374060,Berlin-8eda,27,13,Normal
2026-02-14 11:18:36.374060,Berlin-8eda,20,62,Normal
2026-02-14 11:18:37.374060,Berlin-8eda,-19,8,Normal
2026-02-14 11:18:38.374060,Berlin-8eda,22,12,Normal
2026-02-14 11:18:39.374060,Berlin-8eda,49,6,Normal
2026-02-14 11:18:40.374060,Berlin-8eda,1,92,Normal
2026-02-14 11:18:41.374060,Berlin-8eda,-8,75,Normal
2026-02-14 11:18:42.374060,Berlin-8eda,-8,58,Normal
2026-02-14 11:18:43.374060,Berlin-8eda,-1,2,Normal
2026-02-14 11:18:44.374060,Berlin-8eda,10,57,Normal
2026-02-14 11:18:45.374060,Berlin-8eda,-3,47,Normal
2026-02-14 11:18:46.374060,Berlin-8eda,15,79,Normal
2026-02-14 11:18:47.374060,Berlin-8eda,42,34,Normal
2026-02-14 11:18:48.374060,Berlin-8eda,-15,2,Normal
2026-02-14 11:18:49.374060,Berlin-8eda,-29,52,Normal
2026-02-14 11:18:50.374060,Berlin-8eda,22,86,Normal
2026-02-14 11:18:51.374060,Berlin-8eda,26,75,Normal
2026-02-14 11:18:52.374060,Berlin-8eda,-8,90,Normal
2026-02-14 11:18:53.374060,Berlin-8eda,14,43,Normal
2026-02-14 11:18:54.374060,Berlin-8eda,-28,71,Normal
2026-02-14 11:18:55.374060,Berlin-8eda,27,44,Normal
2026-02-14 11:18:56.374060,Berlin-8eda,48,65,Normal
2026-02-14 11:18:57.374060,Berlin-8eda,20,37,Normal
2026-02-14 11:18:58.374060,Berlin-8eda,35,79,Normal
2026-02-14 11:18:59.374060,Berlin-8eda,-6,25,Normal
2026-02-14 11:19:00.374060,Berlin-8eda,7,39,Normal
2026-02-14 11:19:01.374060,Berlin-8eda,9,81,Normal
2026-02-14 11:19:02.374060,Berlin-8eda,-15,22,Normal
2026-02-14 11:19:03.374060,Berlin-8eda,-26,85,Normal
2026-02-14 11:19:04.374060,Berlin-8eda,-20,62,Normal
2026-02-14 11:19:05.374060,Berlin-8eda,-8,42,Normal
2026-02-14 11:19:06.374060,Berlin-8eda,-3,45,Normal
2026-02-14 11:19:07.374060,Berlin-8eda,-14,14,Normal
2026-02-14 11:19:08.374060,Berlin-8eda,-7,48,Normal
2026-02-14 11:19:09.374060,Berlin-8eda,29,22,Normal
2026-02-14 11:19:10.374060,Berlin-8eda,43,90,Normal
2026-02-14 11:19:11.374060,Berlin-8eda,40,49,Normal
2026-02-14 11:19:12.374060,Berlin-8eda,-22,3,Normal
2026-02-14 11:19:13.374060,Berlin-8eda,2,12,Normal
2026-02-14 11:19:14.374060,Berlin-8eda,6,51,Normal
2026-02-14 11:19:15.374060,Berlin-8eda,-20,85,Normal
2026-02-14 11:19:16.374060,Berlin-8eda,45,18,Normal
2026-02-14 11:19:17.374060,Berlin-8eda,45,35,Normal
2026-02-14 11:19:18.374060,Berlin-8eda,38,83,Normal
2026-02-14 11:19:19.374060,Berlin-8eda,27,69,Normal
2026-02-14 11:19:20.374060,Berlin-8eda,13,63,Normal
2026-02-14 11:19:21.374060,Berlin-8eda,-15,85,Normal
2026-02-14 11:19:22.374060,Berlin-8eda,-22,19,Normal
2026-02-14 11:19:23.374060,Berlin-8eda,-10,93,Normal
2026-02-14 11:19:24.374060,Berlin-8eda,23,10,Normal
2026-02-14 11:19:25.374060,Berlin-8eda,39,56,Normal
2026-02-14 11:19:26.374060,Berlin-8eda,47,8,Normal
2026-02-14 11:19:27.374060,Berlin-8eda,20,5,Normal
2026-02-14 11:19:28.374060,Berlin-8eda,13,28,Normal
2026-02-14 11:19:29.374060,Berlin-8eda,12,42,Normal
2026-02-14 11:19:30.374060,Berlin-8eda,15,78,Normal
2026-02-14 11:19:31.374060,Berlin-8eda,49,81,Normal
2026-02-14 11:19:32.374060,Berlin-8eda,15,13,Normal
2026-02-14 11:19:33.374060,Berlin-8eda,47,65,Normal
2026-02-14 11:19:34.374060,Berlin-8eda,47,19,Normal
2026-02-14 11:19:35.374060,Berlin-8eda,24,70,Normal
2026-02-14 11:19:36.374060,Berlin-8eda,22,95,Normal
2026-02-14 11:19:37.374060,Berlin-8eda,21,13,Normal
2026-02-14 11:19:38.374060,Berlin-8eda,-19,51,Normal
2026-02-14 11:19:39.374060,Berlin-8eda,40,97,Normal
2026-02-14 11:19:40.374060,Berlin-8eda,24,68,Normal
2026-02-14 11:19:41.374060,Berlin-8eda,48,68,Normal
2026-02-14 11:19:42.374060,Berlin-8eda,16,77,Normal
2026-02-14 11:19:43.374060,Berlin-8eda,-25,46,Normal
2026-02-14 11:19:44.374060,Berlin-8eda,18,83,Normal
2026-02-14 11:19:45.374060,Berlin-8eda,-30,36,Normal
2026-02-14 11:19:46.374060,Berlin-8eda,0,78,Normal
2026-02-14 11:19:47.374060,Berlin-8eda,-13,83,Normal
2026-02-14 11:19:48.374060,Berlin-8eda,-27,73,Normal
2026-02-14 11:19:49.374060,Berlin-8eda,22,62,Normal
2026-02-14 11:19:50.374060,Berlin-8eda,-21,41,Normal
2026-02-14 11:19:51.374060,Berlin-8eda,34,21,Normal
2026-02-14 11:19:52.374060,Berlin-8eda,18,60,Normal
2026-02-14 11:19:53.374060,Berlin-8eda,18,47,Normal
2026-02-14 11:19:54.374060,Berlin-8eda,6,1,Normal
2026-02-14 11:19:55.374060,Berlin-8eda,-8,38,Normal
2026-02-14 11:19:56.374060,Berlin-8eda,-8,82,Normal
2026-02-14 11:19:57.374060,Berlin-8eda,17,40,Normal
2026-02-14 11:19:58.374060,Berlin-8eda,-15,53,Normal
2026-02-14 11:19:59.374060,Berlin-8eda,49,47,Normal
2026-02-14 11:20:00.374060,Berlin-8eda,-23,66,Normal
2026-02-14 11:20:01.374060,Berlin-8eda,-11,44,Normal
2026-02-14 11:20:02.374060,Berlin-8eda,-27,34,Normal
2026-02-14 11:20:03.374060,Berlin-8eda,28,92,Normal
2026-02-14 11:20:04.374060,Berlin-8eda,-7,70,Normal
2026-02-14 11:20:05.374060,Berlin-8eda,-13,50,Normal
2026-02-14 11:20:06.374060,Berlin-8eda,5,0,Normal
2026-02-14 11:20:07.374060,Berlin-8eda,12,85,Normal
2026-02-14 11:20:08.374060,Berlin-8eda,25,87,Normal
2026-02-14 11:20:09.374060,Berlin-8eda,44,62,Normal
2026-02-14 11:20:10.374060,Berlin-8eda,8,99,Normal
2026-02-14 11:20:11.374060,Berlin-8eda,41,41,Normal
2026-02-14 11:20:12.374060,Berlin-8eda,-16,15,Normal
2026-02-14 11:20:13.374060,Berlin-8eda,46,82,Normal
2026-02-14 11:20:14.374060,Berlin-8eda,45,5,Normal
2026-02-14 11:20:15.374060,Berlin-8eda,23,31,Normal
2026-02-14 11:20:16.374060,Berlin-8eda,16,74,Normal
2026-02-14 11:20:17.374060,Berlin-8eda,-10,82,Normal
2026-02-14 11:20:18.374060,Berlin-8eda,-5,12,Normal
2026-02-14 11:20:19.374060,Berlin-8eda,25,41,Normal
2026-02-14 11:20:20.374060,Berlin-8eda,40,93,Normal
2026-02-14 11:20:21.374060,Berlin-8eda,-3,15,Normal
2026-02-14 11:20:22.374060,Berlin-8eda,10,63,Normal
2026-02-14 11:20:23.374060,Berlin-8eda,29,47,Normal
2026-02-14 11:20:24.374060,Berlin-8eda,21,93,Normal
2026-02-14 11:20:25.374060,Berlin-8eda,-3,91,Normal
2026-02-14 11:20:26.374060,Berlin-8eda,-28,93,Normal
2026-02-14 11:20:27.374060,Berlin-8eda,-15,67,Normal
2026-02-14 11:20:28.374060,Berlin-8eda,7,40,Normal
2026-02-14 11:20:29.374060,Berlin-8eda,49,80,Normal
2026-02-14 11:20:30.374060,Berlin-8eda,35,1,Normal
2026-02-14 11:20:31.374060,Berlin-8eda,5,2,Normal
2026-02-14 11:20:32.374060,Berlin-8eda,8,24,Normal
2026-02-14 11:20:33.374060,Berlin-8eda,1,87,Normal
2026-02-14 11:20:34.374060,Berlin-8eda,-2,46,Normal
2026-02-14 11:20:35.374060,Berlin-8eda,39,57,Normal
2026-02-14 11:20:36.374060,Berlin-8eda,-23,57,Normal
2026-02-14 11:20:37.374060,Berlin-8eda,-28,20,Normal
2026-02-14 11:20:38.374060,Berlin-8eda,-6,42,Normal
2026-02-14 11:20:39.374060,Berlin-8eda,7,72,Normal
2026-02-14 11:20:40.374060,Berlin-8eda,-27,12,Normal
2026-02-14 11:20:41.374060,Berlin-8eda,-6,62,Normal
2026-02-14 11:20:42.374060,Berlin-8eda,-15,18,Normal
2026-02-14 11:20:43.374060,Berlin-8eda,-12,57,Normal
2026-02-14 11:20:44.374060,Berlin-8eda,42,1,Normal
2026-02-14 11:20:45.374060,Berlin-8eda,18,1,Normal
2026-02-14 11:20:46.374060,Berlin-8eda,-5,47,Normal
2026-02-14 11:20:47.374060,Berlin-8eda,-14,5,Normal
2026-02-14 11:20:48.374060,Berlin-8eda,-15,16,Normal
2026-02-14 11:20:49.374060,Berlin-8eda,38,79,Normal
2026-02-14 11:20:50.374060,Berlin-8eda,-26,40,Normal
2026-02-14 11:20:51.374060,Berlin-8eda,-10,73,Normal
2026-02-14 11:20:52.374060,Berlin-8eda,-3,24,Normal
2026-02-14 11:20:53.374060,Berlin-8eda,-12,80,Normal
2026-02-14 11:20:54.374060,Berlin-8eda,24,53,Normal
2026-02-14 11:20:55.374060,Berlin-8eda,-23,93,Normal
2026-02-14 11:20:56.374060,Berlin-8eda,44,60,Normal
2026-02-14 11:20:57.374060,Berlin-8eda,-13,20,Normal
2026-02-14 11:20:58.374060,Berlin-8eda,-6,16,Normal
2026-02-14 11:20:59.374060,Berlin-8eda,-10,29,Normal
2026-02-14 11:21:00.374060,Berlin-8eda,1,100,Normal
2026-02-14 11:21:01.374060,Berlin-8eda,23,34,Normal
2026-02-14 11:21:02.374060,Berlin-8eda,37,86,Normal
2026-02-14 11:21:03.374060,Berlin-8eda,47,46,Normal
2026-02-14 11:21:04.374060,Berlin-8eda,-4,84,Normal
2026-02-14 11:21:05.374060,Berlin-8eda,26,52,Normal
2026-02-14 11:21:06.374060,Berlin-8eda,6,14,Normal
2026-02-14 11:21:07.374060,Berlin-8eda,36,22,Normal
2026-02-14 11:21:08.374060,Berlin-8eda,12,29,Normal
2026-02-14 11:21:09.374060,Berlin-8eda,-10,14,Normal
2026-02-14 11:21:10.374060,Berlin-8eda,21,57,Normal
2026-02-14 11:21:11.374060,Berlin-8eda,-2,51,Normal
2026-02-14 11:21:12.374060,Berlin-8eda,0,41,Normal
2026-02-14 11:21:13.374060,Berlin-8eda,-6,85,Normal
2026-02-14 11:21:14.374060,Berlin-8eda,41,50,Normal
2026-02-14 11:21:15.374060,Berlin-8eda,-20,62,Normal
2026-02-14 11:21:16.374060,Berlin-8eda,-21,41,Normal
2026-02-14 11:21:17.374060,Berlin-8eda,0,21,Normal
2026-02-14 11:21:18.374060,Berlin-8eda,48,57,Normal
2026-02-14 11:21:19.374060,Berlin-8eda,-23,23,Normal
2026-02-14 11:21:20.374060,Berlin-8eda,6,46,Normal
2026-02-14 11:21:21.374060,Berlin-8eda,-3,77,Normal
2026-02-14 11:21:22.374060,Berlin-8eda,-29,15,Normal
2026-02-14 11:21:23.374060,Berlin-8eda,-20,43,Normal
2026-02-14 11:21:24.374060,Berlin-8eda,17,31,Normal
2026-02-14 11:21:25.374060,Berlin-8eda,-25,23,Normal
2026-02-14 11:21:26.374060,Berlin-8eda,-8,45,Normal
2026-02-14 11:21:27.374060,Berlin-8eda,-19,84,Normal
2026-02-14 11:21:28.374060,Berlin-8eda,41,59,Normal
2026-02-14 11:21:29.374060,Berlin-8eda,-12,52,Normal
2026-02-14 11:21:30.374060,Berlin-8eda,9,63,Normal
2026-02-14 11:21:31.374060,Berlin-8eda,21,90,Normal
2026-02-14 11:21:32.374060,Berlin-8eda,23,57,Normal
2026-02-14 11:21:33.374060,Berlin-8eda,-6,50,Normal
2026-02-14 11:21:34.374060,Berlin-8eda,48,65,Normal
2026-02-14 11:21:35.374060,Berlin-8eda,14,22,Normal
2026-02-14 11:21:36.374060,Berlin-8eda,-10,68,Normal
2026-02-14 11:21:37.374060,Berlin-8eda,4,7,Normal
2026-02-14 11:21:38.374060,Berlin-8eda,43,60,Normal
2026-02-14 11:21:39.374060,Berlin-8eda,24,19,Normal
2026-02-14 11:21:40.374060,Berlin-8eda,-24,91,Normal
2026-02-14 11:21:41.374060,Berlin-8eda,38,78,Normal
2026-02-14 11:21:42.374060,Berlin-8eda,26,52,Normal
2026-02-14 11:21:43.374060,Berlin-8eda,27,90,Normal
2026-02-14 11:21:44.374060,Berlin-8eda,21,91,Normal
2026-02-14 11:21:45.374060,Berlin-8eda,11,95,Normal
2026-02-14 11:21:46.374060,Berlin-8eda,-2,42,Normal
2026-02-14 11:21:47.374060,Berlin-8eda,10,30,Normal
2026-02-14 11:21:48.374060,Berlin-8eda,21,62,Normal
2026-02-14 11:21:49.374060,Berlin-8eda,-21,18,Normal
2026-02-14 11:21:50.374060,Berlin-8eda,50,55,Normal
2026-02-14 11:21:51.374060,Berlin-8eda,12,68,Normal
2026-02-14 11:21:52.374060,Berlin-8eda,12,53,Normal
2026-02-14 11:21:53.374060,Berlin-8eda,50,6,Normal
2026-02-14 11:21:54.374060,Berlin-8eda,10,28,Normal
2026-02-14 11:21:55.374060,Berlin-8eda,29,18,Normal
2026-02-14 11:21:56.374060,Berlin-8eda,15,36,Normal
2026-02-14 11:21:57.374060,Berlin-8eda,16,100,Normal
2026-02-14 11:21:58.374060,Berlin-8eda,31,54,Normal
2026-02-14 11:21:59.374060,Berlin-8eda,10,39,Normal
2026-02-14 11:22:00.374060,Berlin-8eda,-29,99,Normal
2026-02-14 11:22:01.374060,Berlin-8eda,2,39,Normal
2026-02-14 11:22:02.374060,Berlin-8eda,-27,64,Normal
2026-02-14 11:22:03.374060,Berlin-8eda,-6,5,Normal
2026-02-14 11:22:04.374060,Berlin-8eda,-5,17,Normal
2026-02-14 11:22:05.374060,Berlin-8eda,21,6,Normal
2026-02-14 11:22:06.374060,Berlin-8eda,38,34,Normal
2026-02-14 11:22:07.374060,Berlin-8eda,-3,34,Normal
2026-02-14 11:22:08.374060,Berlin-8eda,25,76,Normal
2026-02-14 11:22:09.374060,Berlin-8eda,15,66,Normal
2026-02-14 11:22:10.374060,Berlin-8eda,-12,3,Normal
2026-02-14 11:22:11.374060,Berlin-8eda,-16,59,Normal
2026-02-14 11:22:12.374060,Berlin-8eda,-16,91,Normal
2026-02-14 11:22:13.374060,Berlin-8eda,-23,87,Normal
2026-02-14 11:22:14.374060,Berlin-8eda,37,23,Normal
2026-02-14 11:22:15.374060,Berlin-8eda,-1,38,Normal
2026-02-14 11:22:16.374060,Berlin-8eda,10,17,Normal
2026-02-14 11:22:17.374060,Berlin-8eda,1,76,Normal
2026-02-14 11:22:18.374060,Berlin-8eda,-24,4,Normal
2026-02-14 11:22:19.374060,Berlin-8eda,20,49,Normal
2026-02-14 11:22:20.374060,Berlin-8eda,12,98,Normal
2026-02-14 11:22:21.374060,Berlin-8eda,16,31,Normal
2026-02-14 11:22:22.374060,Berlin-8eda,8,72,Normal
2026-02-14 11:22:23.374060,Berlin-8eda,-19,89,Normal
2026-02-14 11:22:24.374060,Berlin-8eda,30,68,Normal
2026-02-14 11:22:25.374060,Berlin-8eda,17,25,Normal
2026-02-14 11:22:26.374060,Berlin-8eda,34,48,Normal
2026-02-14 11:22:27.374060,Berlin-8eda,-22,22,Normal
2026-02-14 11:22:28.374060,Berlin-8eda,-30,65,Normal
2026-02-14 11:22:29.374060,Berlin-8eda,9,28,Normal
2026-02-14 11:22:30.374060,Berlin-8eda,-6,22,Normal
2026-02-14 11:22:31.374060,Berlin-8eda,11,67,Normal
2026-02-14 11:22:32.374060,Berlin-8eda,21,35,Normal
2026-02-14 11:22:33.374060,Berlin-8eda,-7,53,Normal
2026-02-14 11:22:34.374060,Berlin-8eda,-8,29,Normal
2026-02-14 11:22:35.374060,Berlin-8eda,-11,48,Normal
2026-02-14 11:22:36.374060,Berlin-8eda,26,60,Normal
2026-02-14 11:22:37.374060,Berlin-8eda,-26,16,Normal
2026-02-14 11:22:38.374060,Berlin-8eda,-29,84,Normal
2026-02-14 11:22:39.374060,Berlin-8eda,-13,58,Normal
2026-02-14 11:22:40.374060,Berlin-8eda,-12,97,Normal
2026-02-14 11:22:41.374060,Berlin-8eda,-11,38,Normal
2026-02-14 11:22:42.374060,Berlin-8eda,-1,2,Normal
2026-02-14 11:22:43.374060,Berlin-8eda,7,56,Normal
2026-02-14 11:22:44.374060,Berlin-8eda,44,21,Normal
2026-02-14 11:22:45.374060,Berlin-8eda,49,29,Normal
2026-02-14 11:22:46.374060,Berlin-8eda,4,15,Normal
2026-02-14 11:22:47.374060,Berlin-8eda,13,21,Normal
2026-02-14 11:22:48.374060,Berlin-8eda,-28,73,Normal
2026-02-14 11:22:49.374060,Berlin-8eda,-3,35,Normal
2026-02-14 11:22:50.374060,Berlin-8eda,17,30,Normal
2026-02-14 11:22:51.374060,Berlin-8eda,49,41,Normal
2026-02-14 11:22:52.374060,Berlin-8eda,44,35,Normal
2026-02-14 11:22:53.374060,Berlin-8eda,-13,48,Normal
2026-02-14 11:22:54.374060,Berlin-8eda,13,33,Normal
2026-02-14 11:22:55.374060,Berlin-8eda,3,75,Normal
2026-02-14 11:22:56.374060,Berlin-8eda,39,97,Normal
2026-02-14 11:22:57.374060,Berlin-8eda,-29,96,Normal
2026-02-14 11:22:58.374060,Berlin-8eda,18,93,Normal
2026-02-14 11:22:59.374060,Berlin-8eda,10,14,Normal
2026-02-14 11:23:00.374060,Berlin-8eda,32,14,Normal
2026-02-14 11:23:01.374060,Berlin-8eda,-21,71,Normal
2026-02-14 11:23:02.374060,Berlin-8eda,13,8,Normal
2026-02-14 11:23:03.374060,Berlin-8eda,-15,95,Normal
2026-02-14 11:23:04.374060,Berlin-8eda,-18,54,Normal
2026-02-14 11:23:05.374060,Berlin-8eda,42,74,Normal
2026-02-14 11:23:06.374060,Berlin-8eda,-9,16,Normal
2026-02-14 11:23:07.374060,Berlin-8eda,47,32,Normal
2026-02-14 11:23:08.374060,Berlin-8eda,-10,97,Normal
2026-02-14 11:23:09.374060,Berlin-8eda,-9,14,Normal
2026-02-14 11:23:10.374060,Berlin-8eda,15,77,Normal
2026-02-14 11:23:11.374060,Berlin-8eda,4,24,Normal
2026-02-14 11:23:12.374060,Berlin-8eda,-19,29,Normal
2026-02-14 11:23:13.374060,Berlin-8eda,11,68,Normal
2026-02-14 11:23:14.374060,Berlin-8eda,0,96,Normal
2026-02-14 11:23:15.374060,Berlin-8eda,19,40,Normal
2026-02-14 11:23:16.374060,Berlin-8eda,-6,87,Normal
2026-02-14 11:23:17.374060,Berlin-8eda,35,47,Normal
2026-02-14 11:23:18.374060,Berlin-8eda,-21,100,Normal
2026-02-14 11:23:19.374060,Berlin-8eda,-23,28,Normal
2026-02-14 11:23:20.374060,Berlin-8eda,11,40,Normal
2026-02-14 11:23:21.374060,Berlin-8eda,32,28,Normal
2026-02-14 11:23:22.374060,Berlin-8eda,-29,74,Normal
2026-02-14 11:23:23.374060,Berlin-8eda,50,40,Normal
2026-02-14 11:23:24.374060,Berlin-8eda,5,33,Normal
2026-02-14 11:23:25.374060,Berlin-8eda,19,56,Normal
2026-02-14 11:23:26.374060,Berlin-8eda,13,75,Normal
2026-02-14 11:23:27.374060,Berlin-8eda,28,60,Normal
2026-02-14 11:23:28.374060,Berlin-8eda,18,79,Normal
2026-02-14 11:23:29.374060,Berlin-8eda,19,68,Normal
2026-02-14 11:23:30.374060,Berlin-8eda,-23,77,Normal
2026-02-14 11:23:31.374060,Berlin-8eda,27,91,Normal
2026-02-14 11:23:32.374060,Berlin-8eda,26,48,Normal
2026-02-14 11:23:33.374060,Berlin-8eda,25,59,Normal
2026-02-14 11:23:34.374060,Berlin-8eda,47,44,Normal
2026-02-14 11:23:35.374060,Berlin-8eda,-30,90,Normal
2026-02-14 11:23:36.374060,Berlin-8eda,11,59,Normal
2026-02-14 11:23:37.374060,Berlin-8eda,4,26,Normal
2026-02-14 11:23:38.374060,Berlin-8eda,-22,4,Normal
2026-02-14 11:23:39.374060,Berlin-8eda,-20,30,Normal
2026-02-14 11:23:40.374060,Berlin-8eda,17,16,Normal
2026-02-14 11:23:41.374060,Berlin-8eda,33,94,Normal
2026-02-14 11:23:42.374060,Berlin-8eda,21,52,Normal
2026-02-14 11:23:43.374060,Berlin-8eda,40,87,Normal
2026-02-14 11:23:44.374060,Berlin-8eda,38,20,Normal
2026-02-14 11:23:45.374060,Berlin-8eda,47,91,Normal
2026-02-14 11:23:46.374060,Berlin-8eda,48,3,Normal
2026-02-14 11:23:47.374060,Berlin-8eda,34,46,Normal
2026-02-14 11:23:48.374060,Berlin-8eda,47,42,Normal
2026-02-14 11:23:49.374060,Berlin-8eda,-15,27,Normal
2026-02-14 11:23:50.374060,Berlin-8eda,2,10,Normal
2026-02-14 11:23:51.374060,Berlin-8eda,12,43,Normal
2026-02-14 11:23:52.374060,Berlin-8eda,7,34,Normal
2026-02-14 11:23:53.374060,Berlin-8eda,20,85,Normal
2026-02-14 11:23:54.374060,Berlin-8eda,39,32,Normal
2026-02-14 11:23:55.374060,Berlin-8eda,16,29,Normal
2026-02-14 11:23:56.374060,Berlin-8eda,45,78,Normal
2026-02-14 11:23:57.374060,Berlin-8eda,-24,10,Normal
2026-02-14 11:23:58.374060,Berlin-8eda,-1,96,Normal
2026-02-14 11:23:59.374060,Berlin-8eda,16,72,Normal
2026-02-14 11:24:00.374060,Berlin-8eda,-18,10,Normal
2026-02-14 11:24:01.374060,Berlin-8eda,16,86,Normal
2026-02-14 11:24:02.374060,Berlin-8eda,28,95,Normal
2026-02-14 11:24:03.374060,Berlin-8eda,-9,30,Normal
2026-02-14 11:24:04.374060,Berlin-8eda,42,2,Normal
2026-02-14 11:24:05.374060,Berlin-8eda,13,73,Normal
2026-02-14 11:24:06.374060,Berlin-8eda,33,16,Normal
2026-02-14 11:24:07.374060,Berlin-8eda,-22,4,Normal
2026-02-14 11:24:08.374060,Berlin-8eda,31,2,Normal
2026-02-14 11:24:09.374060,Berlin-8eda,37,4,Normal
2026-02-14 11:24:10.374060,Berlin-8eda,35,27,Normal
2026-02-14 11:24:11.374060,Berlin-8eda,43,64,Normal
2026-02-14 11:24:12.374060,Berlin-8eda,-27,74,Normal
2026-02-14 11:24:13.374060,Berlin-8eda,30,92,Normal
2026-02-14 11:24:14.374060,Berlin-8eda,28,48,Normal
2026-02-14 11:24:15.374060,Berlin-8eda,45,51,Normal
2026-02-14 11:24:16.374060,Berlin-8eda,1,86,Normal
2026-02-14 11:24:17.374060,Berlin-8eda,31,50,Normal
2026-02-14 11:24:18.374060,Berlin-8eda,24,91,Normal
2026-02-14 11:24:19.374060,Berlin-8eda,-17,61,Normal
2026-02-14 11:24:20.374060,Berlin-8eda,13,48,Normal
2026-02-14 11:24:21.374060,Berlin-8eda,12,28,Normal
2026-02-14 11:24:22.374060,Berlin-8eda,20,84,Normal
2026-02-14 11:24:23.374060,Berlin-8eda,36,19,Normal
2026-02-14 11:24:24.374060,Berlin-8eda,-30,10,Normal
2026-02-14 11:24:25.374060,Berlin-8eda,26,58,Normal
2026-02-14 11:24:26.374060,Berlin-8eda,27,48,Normal
2026-02-14 11:24:27.374060,Berlin-8eda,34,8,Normal
2026-02-14 11:24:28.374060,Berlin-8eda,36,82,Normal
2026-02-14 11:24:29.374060,Berlin-8eda,4,67,Normal
2026-02-14 11:24:30.374060,Berlin-8eda,3,71,Normal
2026-02-14 11:24:31.374060,Berlin-8eda,10,36,Normal
2026-02-14 11:24:32.374060,Berlin-8eda,-5,27,Normal
2026-02-14 11:24:33.374060,Berlin-8eda,23,13,Normal
2026-02-14 11:24:34.374060,Berlin-8eda,-30,77,Normal
2026-02-14 11:24:35.374060,Berlin-8eda,-18,40,Normal
2026-02-14 11:24:36.374060,Berlin-8eda,-28,53,Normal
2026-02-14 11:24:37.374060,Berlin-8eda,-16,63,Normal
2026-02-14 11:24:38.374060,Berlin-8eda,-30,1,Normal
2026-02-14 11:24:39.374060,Berlin-8eda,-18,24,Normal
2026-02-14 11:24:40.374060,Berlin-8eda,23,13,Normal
2026-02-14 11:24:41.374060,Berlin-8eda,3,58,Normal
2026-02-14 11:24:42.374060,Berlin-8eda,-10,80,Normal
2026-02-14 11:24:43.374060,Berlin-8eda,1,58,Normal
2026-02-14 11:24:44.374060,Berlin-8eda,19,75,Normal
2026-02-14 11:24:45.374060,Berlin-8eda,37,62,Normal
2026-02-14 11:24:46.374060,Berlin-8eda,24,49,Normal
2026-02-14 11:24:47.374060,Berlin-8eda,41,85,Normal
2026-02-14 11:24:48.374060,Berlin-8eda,45,1,Normal
2026-02-14 11:24:49.374060,Berlin-8eda,-25,37,Normal
2026-02-14 11:24:50.374060,Berlin-8eda,33,94,Normal
2026-02-14 11:24:51.374060,Berlin-8eda,-9,55,Normal
2026-02-14 11:24:52.374060,Berlin-8eda,33,54,Normal
2026-02-14 11:24:53.374060,Berlin-8eda,21,20,Normal
2026-02-14 11:24:54.374060,Berlin-8eda,17,71,Normal
2026-02-14 11:24:55.374060,Berlin-8eda,4,11,Normal
2026-02-14 11:24:56.374060,Berlin-8eda,35,56,Normal
2026-02-14 11:24:57.374060,Berlin-8eda,-7,50,Normal
2026-02-14 11:24:58.374060,Berlin-8eda,34,46,Normal
2026-02-14 11:24:59.374060,Berlin-8eda,19,87,Normal
2026-02-14 11:25:00.374060,Berlin-8eda,11,56,Normal
2026-02-14 11:25:01.374060,Berlin-8eda,-1,11,Normal
2026-02-14 11:25:02.374060,Berlin-8eda,-1,87,Normal
2026-02-14 11:25:03.374060,Berlin-8eda,2,38,Normal
2026-02-14 11:25:04.374060,Berlin-8eda,1,89,Normal
2026-02-14 11:25:05.374060,Berlin-8eda,-9,25,Normal
2026-02-14 11:25:06.374060,Berlin-8eda,-9,81,Normal
2026-02-14 11:25:07.374060,Berlin-8eda,0,68,Normal
2026-02-14 11:25:08.374060,Berlin-8eda,33,24,Normal
2026-02-14 11:25:09.374060,Berlin-8eda,17,83,Normal
2026-02-14 11:25:10.374060,Berlin-8eda,17,21,Normal
2026-02-14 11:25:11.374060,Berlin-8eda,-29,58,Normal
2026-02-14 11:25:12.374060,Berlin-8eda,-16,22,Normal
2026-02-14 11:25:13.374060,Berlin-8eda,37,8,Normal
2026-02-14 11:25:14.374060,Berlin-8eda,-12,41,Normal
2026-02-14 11:25:15.374060,Berlin-8eda,-19,25,Normal
2026-02-14 11:25:16.374060,Berlin-8eda,50,83,Normal
2026-02-14 11:25:17.374060,Berlin-8eda,-22,49,Normal
2026-02-14 11:25:18.374060,Berlin-8eda,-12,53,Normal
2026-02-14 11:25:19.374060,Berlin-8eda,44,89,Normal
2026-02-14 11:25:20.374060,Berlin-8eda,46,48,Normal
2026-02-14 11:25:21.374060,Berlin-8eda,-26,69,Normal
2026-02-14 11:25:22.374060,Berlin-8eda,-1,76,Normal
2026-02-14 11:25:23.374060,Berlin-8eda,13,72,Normal
2026-02-14 11:25:24.374060,Berlin-8eda,-13,11,Normal
2026-02-14 11:25:25.374060,Berlin-8eda,-30,75,Normal
2026-02-14 11:25:26.374060,Berlin-8eda,24,10,Normal
2026-02-14 11:25:27.374060,Berlin-8eda,5,21,Normal
2026-02-14 11:25:28.374060,Berlin-8eda,44,85,Normal
2026-02-14 11:25:29.374060,Berlin-8eda,48,25,Normal
2026-02-14 11:25:30.374060,Berlin-8eda,14,39,Normal
2026-02-14 11:25:31.374060,Berlin-8eda,-3,29,Normal
2026-02-14 11:25:32.374060,Berlin-8eda,-19,37,Normal
2026-02-14 11:25:33.374060,Berlin-8eda,49,54,Normal
2026-02-14 11:25:34.374060,Berlin-8eda,47,47,Normal
2026-02-14 11:25:35.374060,Berlin-8eda,-8,47,Normal
2026-02-14 11:25:36.374060,Berlin-8eda,-26,66,Normal
2026-02-14 11:25:37.374060,Berlin-8eda,37,3,Normal
2026-02-14 11:25:38.374060,Berlin-8eda,-18,1,Normal
2026-02-14 11:25:39.374060,Berlin-8eda,20,99,Normal
2026-02-14 11:25:40.374060,Berlin-8eda,-10,11,Normal
2026-02-14 11:25:41.374060,Berlin-8eda,26,66,Normal
2026-02-14 11:25:42.374060,Berlin-8eda,-15,51,Normal
2026-02-14 11:25:43.374060,Berlin-8eda,50,56,Normal
2026-02-14 11:25:44.374060,Berlin-8eda,2,2,Normal
2026-02-14 11:25:45.374060,Berlin-8eda,-2,23,Normal
2026-02-14 11:25:46.374060,Berlin-8eda,-11,27,Normal
2026-02-14 11:25:47.374060,Berlin-8eda,44,58,Normal
2026-02-14 11:25:48.374060,Berlin-8eda,36,94,Normal
2026-02-14 11:25:49.374060,Berlin-8eda,-27,99,Normal
2026-02-14 11:25:50.374060,Berlin-8eda,0,4,Normal
2026-02-14 11:25:51.374060,Berlin-8eda,26,67,Normal
2026-02-14 11:25:52.374060,Berlin-8eda,32,77,Normal
2026-02-14 11:25:53.374060,Berlin-8eda,-8,50,Normal
2026-02-14 11:25:54.374060,Berlin-8eda,44,60,Normal
2026-02-14 11:25:55.374060,Berlin-8eda,-23,88,Normal
2026-02-14 11:25:56.374060,Berlin-8eda,-3,90,Normal
2026-02-14 11:25:57.374060,Berlin-8eda,8,66,Normal
2026-02-14 11:25:58.374060,Berlin-8eda,42,47,Normal
2026-02-14 11:25:59.374060,Berlin-8eda,10,31,Normal
2026-02-14 11:26:00.374060,Berlin-8eda,-3,37,Normal
2026-02-14 11:26:01.374060,Berlin-8eda,-18,55,Normal
2026-02-14 11:26:02.374060,Berlin-8eda,46,99,Normal
2026-02-14 11:26:03.374060,Berlin-8eda,8,39,Normal
2026-02-14 11:26:04.374060,Berlin-8eda,-19,15,Normal
2026-02-14 11:26:05.374060,Berlin-8eda,-21,27,Normal
2026-02-14 11:26:06.374060,Berlin-8eda,1,59,Normal
2026-02-14 11:26:07.374060,Berlin-8eda,-18,63,Normal
2026-02-14 11:26:08.374060,Berlin-8eda,4,93,Normal
2026-02-14 11:26:09.374060,Berlin-8eda,4,78,Normal
2026-02-14 11:26:10.374060,Berlin-8eda,-19,22,Normal
2026-02-14 11:26:11.374060,Berlin-8eda,20,93,Normal
2026-02-14 11:26:12.374060,Berlin-8eda,-14,60,Normal
2026-02-14 11:26:13.374060,Berlin-8eda,28,88,Normal
2026-02-14 11:26:14.374060,Berlin-8eda,-9,6,Normal
2026-02-14 11:26:15.374060,Berlin-8eda,-26,45,Normal
2026-02-14 11:26:16.374060,Berlin-8eda,-13,28,Normal
2026-02-14 11:26:17.374060,Berlin-8eda,-11,6,Normal
2026-02-14 11:26:18.374060,Berlin-8eda,-3,59,Normal
2026-02-14 11:26:19.374060,Berlin-8eda,-24,22,Normal
2026-02-14 11:26:20.374060,Berlin-8eda,11,70,Normal
2026-02-14 11:26:21.374060,Berlin-8eda,-14,78,Normal
2026-02-14 11:26:22.374060,Berlin-8eda,8,33,Normal
2026-02-14 11:26:23.374060,Berlin-8eda,-20,28,Normal
2026-02-14 11:26:24.374060,Berlin-8eda,-16,34,Normal
2026-02-14 11:26:25.374060,Berlin-8eda,-8,9,Normal
2026-02-14 11:26:26.374060,Berlin-8eda,13,52,Normal
2026-02-14 11:26:27.374060,Berlin-8eda,-14,81,Normal
2026-02-14 11:26:28.374060,Berlin-8eda,48,40,Normal
2026-02-14 11:26:29.374060,Berlin-8eda,32,82,Normal
2026-02-14 11:26:30.374060,Berlin-8eda,25,21,Normal
2026-02-14 11:26:31.374060,Berlin-8eda,22,1,Normal
2026-02-14 11:26:32.374060,Berlin-8eda,-22,63,Normal
2026-02-14 11:26:33.374060,Berlin-8eda,0,24,Normal
2026-02-14 11:26:34.374060,Berlin-8eda,28,63,Normal
2026-02-14 11:26:35.374060,Berlin-8eda,13,81,Normal
2026-02-14 11:26:36.374060,Berlin-8eda,-23,46,Normal
2026-02-14 11:26:37.374060,Berlin-8eda,-27,24,Normal
2026-02-14 11:26:38.374060,Berlin-8eda,1,82,Normal
2026-02-14 11:26:39.374060,Berlin-8eda,-24,4,Normal
2026-02-14 11:26:40.374060,Berlin-8eda,11,100,Normal
2026-02-14 11:26:41.374060,Berlin-8eda,41,92,Normal
2026-02-14 11:26:42.374060,Berlin-8eda,41,42,Normal
2026-02-14 11:26:43.374060,Berlin-8eda,30,47,Normal
2026-02-14 11:26:44.374060,Berlin-8eda,-22,57,Normal
2026-02-14 11:26:45.374060,Berlin-8eda,-23,93,Normal
2026-02-14 11:26:46.374060,Berlin-8eda,4,1,Normal
2026-02-14 11:26:47.374060,Berlin-8eda,-1,14,Normal
2026-02-14 11:26:48.374060,Berlin-8eda,-20,28,Normal
2026-02-14 11:26:49.374060,Berlin-8eda,-25,59,Normal
2026-02-14 11:26:50.374060,Berlin-8eda,31,5,Normal
2026-02-14 11:26:51.374060,Berlin-8eda,12,39,Normal
2026-02-14 11:26:52.374060,Berlin-8eda,3,76,Normal
2026-02-14 11:26:53.374060,Berlin-8eda,39,2,Normal
2026-02-14 11:26:54.374060,Berlin-8eda,45,22,Normal
2026-02-14 11:26:55.374060,Berlin-8eda,11,66,Normal
2026-02-14 11:26:56.374060,Berlin-8eda,-4,83,Normal
2026-02-14 11:26:57.374060,Berlin-8eda,50,44,Normal
2026-02-14 11:26:58.374060,Berlin-8eda,40,14,Normal
2026-02-14 11:26:59.374060,Berlin-8eda,43,72,Normal
2026-02-14 11:27:00.374060,Berlin-8eda,19,62,Normal
2026-02-14 11:27:01.374060,Berlin-8eda,-11,98,Normal
2026-02-14 11:27:02.374060,Berlin-8eda,19,24,Normal
2026-02-14 11:27:03.374060,Berlin-8eda,31,36,Normal
2026-02-14 11:27:04.374060,Berlin-8eda,-13,29,Normal
2026-02-14 11:27:05.374060,Berlin-8eda,26,98,Normal
2026-02-14 11:27:06.374060,Berlin-8eda,41,39,Normal
