timestamp,station_id,temp,humid,condition
2026-02-08 08:49:31.664983,London-9047,21,61,Normal
2026-02-08 08:49:32.664983,London-9047,22,72,Normal
2026-02-08 08:49:33.664983,London-9047,-4,77,Normal
2026-02-08 08:49:34.664983,London-9047,-27,6,Normal
2026-02-08 08:49:35.664983,London-9047,-28,14,Normal
2026-02-08 08:49:36.664983,London-9047,22,49,Normal
2026-02-08 08:49:37.664983,London-9047,20,81,Normal
2026-02-08 08:49:38.664983,London-9047,12,44,Normal
2026-02-08 08:49:39.664983,London-9047,-25,97,Normal
2026-02-08 08:49:40.664983,London-9047,6,60,Normal
2026-02-08 08:49:41.664983,London-9047,-1,83,Normal
2026-02-08 08:49:42.664983,London-9047,16,36,Normal
2026-02-08 08:49:43.664983,London-9047,-1,74,Normal
2026-02-08 08:49:44.664983,London-9047,3,44,Normal
2026-02-08 08:49:45.664983,London-9047,34,87,Normal
2026-02-08 08:49:46.664983,London-9047,32,19,Normal
2026-02-08 08:49:47.664983,London-9047,39,18,Normal
2026-02-08 08:49:48.664983,London-9047,43,91,Normal
2026-02-08 08:49:49.664983,London-9047,18,11,Normal
2026-02-08 08:49:50.664983,London-9047,49,34,Normal
2026-02-08 08:49:51.664983,London-9047,39,89,Normal
2026-02-08 08:49:52.664983,London-9047,19,5,Normal
2026-02-08 08:49:53.664983,London-9047,4,49,Normal
2026-02-08 08:49:54.664983,London-9047,41,65,Normal
2026-02-08 08:49:55.664983,London-9047,28,37,Normal
2026-02-08 08:49:56.664983,London-9047,-18,79,Normal
2026-02-08 08:49:57.664983,London-9047,50,73,Normal
2026-02-08 08:49:58.664983,London-9047,6,44,Normal
2026-02-08 08:49:59.664983,London-9047,39,24,Normal
2026-02-08 08:50:00.664983,London-9047,26,27,Normal
2026-02-08 08:50:01.664983,London-9047,24,6,Normal
2026-02-08 08:50:02.664983,London-9047,-24,65,Normal
2026-02-08 08:50:03.664983,London-9047,-26,43,Normal
2026-02-08 08:50:04.664983,London-9047,-14,32,Normal
2026-02-08 08:50:05.664983,London-9047,6,28,Normal
2026-02-08 08:50:06.664983,London-9047,24,22,Normal
2026-02-08 08:50:07.664983,London-9047,-29,85,Normal
2026-02-08 08:50:08.664983,London-9047,46,34,Normal
2026-02-08 08:50:09.664983,London-9047,20,3,Normal
2026-02-08 08:50:10.664983,London-9047,7,40,Normal
2026-02-08 08:50:11.664983,London-9047,11,83,Normal
2026-02-08 08:50:12.664983,London-9047,17,49,Normal
2026-02-08 08:50:13.664983,London-9047,43,30,Normal
2026-02-08 08:50:14.664983,London-9047,19,85,Normal
2026-02-08 08:50:15.664983,London-9047,41,8,Normal
2026-02-08 08:50:16.664983,London-9047,23,10,Normal
2026-02-08 08:50:17.664983,London-9047,21,42,Normal
2026-02-08 08:50:18.664983,London-9047,-23,57,Normal
2026-02-08 08:50:19.664983,London-9047,-20,66,Normal
2026-02-08 08:50:20.664983,London-9047,36,5,Normal
2026-02-08 08:50:21.664983,London-9047,-26,89,Normal
2026-02-08 08:50:22.664983,London-9047,-8,45,Normal
2026-02-08 08:50:23.664983,London-9047,-17,22,Normal
2026-02-08 08:50:24.664983,London-9047,23,24,Normal
2026-02-08 08:50:25.664983,London-9047,-15,99,Normal
2026-02-08 08:50:26.664983,London-9047,-8,21,Normal
2026-02-08 08:50:27.664983,London-9047,6,88,Normal
2026-02-08 08:50:28.664983,London-9047,38,22,Normal
2026-02-08 08:50:29.664983,London-9047,31,1,Normal
2026-02-08 08:50:30.664983,London-9047,13,50,Normal
2026-02-08 08:50:31.664983,London-9047,8,17,Normal
2026-02-08 08:50:32.664983,London-9047,18,96,Normal
2026-02-08 08:50:33.664983,London-9047,-28,6,Normal
2026-02-08 08:50:34.664983,London-9047,21,15,Normal
2026-02-08 08:50:35.664983,London-9047,-2,78,Normal
2026-02-08 08:50:36.664983,London-9047,35,77,Normal
2026-02-08 08:50:37.664983,London-9047,-24,65,Normal
2026-02-08 08:50:38.664983,London-9047,-14,24,Normal
2026-02-08 08:50:39.664983,London-9047,-20,31,Normal
2026-02-08 08:50:40.664983,London-9047,-8,59,Normal
2026-02-08 08:50:41.664983,London-9047,41,68,Normal
2026-02-08 08:50:42.664983,London-9047,-4,6,Normal
2026-02-08 08:50:43.664983,London-9047,7,80,Normal
2026-02-08 08:50:44.664983,London-9047,28,87,Normal
2026-02-08 08:50:45.664983,London-9047,-26,12,Normal
2026-02-08 08:50:46.664983,London-9047,0,46,Normal
2026-02-08 08:50:47.664983,London-9047,-3,50,Normal
2026-02-08 08:50:48.664983,London-9047,-10,38,Normal
2026-02-08 08:50:49.664983,London-9047,-17,9,Normal
2026-02-08 08:50:50.664983,London-9047,-27,74,Normal
2026-02-08 08:50:51.664983,London-9047,20,83,Normal
2026-02-08 08:50:52.664983,London-9047,9,51,Normal
2026-02-08 08:50:53.664983,London-9047,47,23,Normal
2026-02-08 08:50:54.664983,London-9047,6,97,Normal
2026-02-08 08:50:55.664983,London-9047,44,9,Normal
2026-02-08 08:50:56.664983,London-9047,20,37,Normal
2026-02-08 08:50:57.664983,London-9047,47,91,Normal
2026-02-08 08:50:58.664983,London-9047,2,94,Normal
2026-02-08 08:50:59.664983,London-9047,-22,94,Normal
2026-02-08 08:51:00.664983,London-9047,4,10,Normal
2026-02-08 08:51:01.664983,London-9047,8,34,Normal
2026-02-08 08:51:02.664983,London-9047,9,49,Normal
2026-02-08 08:51:03.664983,London-9047,15,96,Normal
2026-02-08 08:51:04.664983,London-9047,22,28,Normal
2026-02-08 08:51:05.664983,London-9047,32,60,Normal
2026-02-08 08:51:06.664983,London-9047,-9,94,Normal
2026-02-08 08:51:07.664983,London-9047,-2,5,Normal
2026-02-08 08:51:08.664983,London-9047,28,86,Normal
2026-02-08 08:51:09.664983,London-9047,29,35,Normal
2026-02-08 08:51:10.664983,London-9047,21,67,Normal
2026-02-08 08:51:11.664983,London-9047,49,26,Normal
2026-02-08 08:51:12.664983,London-9047,6,15,Normal
2026-02-08 08:51:13.664983,London-9047,33,96,Normal
2026-02-08 08:51:14.664983,London-9047,33,85,Normal
2026-02-08 08:51:15.664983,London-9047,-2,67,Normal
2026-02-08 08:51:16.664983,London-9047,21,2,Normal
2026-02-08 08:51:17.664983,London-9047,-21,32,Normal
2026-02-08 08:51:18.664983,London-9047,10,55,Normal
2026-02-08 08:51:19.664983,London-9047,-13,24,Normal
2026-02-08 08:51:20.664983,London-9047,27,50,Normal
2026-02-08 08:51:21.664983,London-9047,-3,62,Normal
2026-02-08 08:51:22.664983,London-9047,17,99,Normal
2026-02-08 08:51:23.664983,London-9047,-30,91,Normal
2026-02-08 08:51:24.664983,London-9047,7,39,Normal
2026-02-08 08:51:25.664983,London-9047,-21,54,Normal
2026-02-08 08:51:26.664983,London-9047,8,20,Normal
2026-02-08 08:51:27.664983,London-9047,-10,65,Normal
2026-02-08 08:51:28.664983,London-9047,-1,70,Normal
2026-02-08 08:51:29.664983,London-9047,-22,58,Normal
2026-02-08 08:51:30.664983,London-9047,6,78,Normal
2026-02-08 08:51:31.664983,London-9047,43,15,Normal
2026-02-08 08:51:32.664983,London-9047,35,30,Normal
2026-02-08 08:51:33.664983,London-9047,-21,94,Normal
2026-02-08 08:51:34.664983,London-9047,-2,41,Normal
2026-02-08 08:51:35.664983,London-9047,39,66,Normal
2026-02-08 08:51:36.664983,London-9047,14,13,Normal
2026-02-08 08:51:37.664983,London-9047,14,11,Normal
2026-02-08 08:51:38.664983,London-9047,50,5,Normal
2026-02-08 08:51:39.664983,London-9047,-17,59,Normal
2026-02-08 08:51:40.664983,London-9047,-10,89,Normal
2026-02-08 08:51:41.664983,London-9047,50,46,Normal
2026-02-08 08:51:42.664983,London-9047,-22,91,Normal
2026-02-08 08:51:43.664983,London-9047,16,36,Normal
2026-02-08 08:51:44.664983,London-9047,26,30,Normal
2026-02-08 08:51:45.664983,London-9047,-21,15,Normal
2026-02-08 08:51:46.664983,London-9047,22,33,Normal
2026-02-08 08:51:47.664983,London-9047,-20,85,Normal
2026-02-08 08:51:48.664983,London-9047,46,74,Normal
2026-02-08 08:51:49.664983,London-9047,49,45,Normal
2026-02-08 08:51:50.664983,London-9047,9,95,Normal
2026-02-08 08:51:51.664983,London-9047,4,66,Normal
2026-02-08 08:51:52.664983,London-9047,-4,80,Normal
2026-02-08 08:51:53.664983,London-9047,37,57,Normal
2026-02-08 08:51:54.664983,London-9047,-13,100,Normal
2026-02-08 08:51:55.664983,London-9047,23,53,Normal
2026-02-08 08:51:56.664983,London-9047,30,76,Normal
2026-02-08 08:51:57.664983,London-9047,-13,66,Normal
2026-02-08 08:51:58.664983,London-9047,1,13,Normal
2026-02-08 08:51:59.664983,London-9047,34,14,Normal
2026-02-08 08:52:00.664983,London-9047,29,50,Normal
2026-02-08 08:52:01.664983,London-9047,-13,60,Normal
2026-02-08 08:52:02.664983,London-9047,39,19,Normal
2026-02-08 08:52:03.664983,London-9047,13,40,Normal
2026-02-08 08:52:04.664983,London-9047,50,48,Normal
2026-02-08 08:52:05.664983,London-9047,-18,89,Normal
2026-02-08 08:52:06.664983,London-9047,22,84,Normal
2026-02-08 08:52:07.664983,London-9047,14,37,Normal
2026-02-08 08:52:08.664983,London-9047,-9,54,Normal
2026-02-08 08:52:09.664983,London-9047,42,34,Normal
2026-02-08 08:52:10.664983,London-9047,50,38,Normal
2026-02-08 08:52:11.664983,London-9047,47,98,Normal
2026-02-08 08:52:12.664983,London-9047,-8,97,Normal
2026-02-08 08:52:13.664983,London-9047,5,5,Normal
2026-02-08 08:52:14.664983,London-9047,14,86,Normal
2026-02-08 08:52:15.664983,London-9047,29,57,Normal
2026-02-08 08:52:16.664983,London-9047,11,59,Normal
2026-02-08 08:52:17.664983,London-9047,26,3,Normal
2026-02-08 08:52:18.664983,London-9047,43,90,Normal
2026-02-08 08:52:19.664983,London-9047,-4,11,Normal
2026-02-08 08:52:20.664983,London-9047,11,69,Normal
2026-02-08 08:52:21.664983,London-9047,16,89,Normal
2026-02-08 08:52:22.664983,London-9047,14,67,Normal
2026-02-08 08:52:23.664983,London-9047,16,95,Normal
2026-02-08 08:52:24.664983,London-9047,29,64,Normal
2026-02-08 08:52:25.664983,London-9047,16,53,Normal
2026-02-08 08:52:26.664983,London-9047,17,57,Normal
2026-02-08 08:52:27.664983,London-9047,-7,81,Normal
2026-02-08 08:52:28.664983,London-9047,25,54,Normal
2026-02-08 08:52:29.664983,London-9047,-5,85,Normal
2026-02-08 08:52:30.664983,London-9047,-30,84,Normal
2026-02-08 08:52:31.664983,London-9047,24,19,Normal
2026-02-08 08:52:32.664983,London-9047,-22,11,Normal
2026-02-08 08:52:33.664983,London-9047,-14,56,Normal
2026-02-08 08:52:34.664983,London-9047,-27,91,Normal
2026-02-08 08:52:35.664983,London-9047,11,59,Normal
2026-02-08 08:52:36.664983,London-9047,-17,23,Normal
2026-02-08 08:52:37.664983,London-9047,25,1,Normal
2026-02-08 08:52:38.664983,London-9047,-11,76,Normal
2026-02-08 08:52:39.664983,London-9047,-4,24,Normal
2026-02-08 08:52:40.664983,London-9047,8,11,Normal
2026-02-08 08:52:41.664983,London-9047,46,52,Normal
2026-02-08 08:52:42.664983,London-9047,23,7,Normal
2026-02-08 08:52:43.664983,London-9047,1,54,Normal
2026-02-08 08:52:44.664983,London-9047,14,58,Normal
2026-02-08 08:52:45.664983,London-9047,-5,83,Normal
2026-02-08 08:52:46.664983,London-9047,-16,51,Normal
2026-02-08 08:52:47.664983,London-9047,-27,64,Normal
2026-02-08 08:52:48.664983,London-9047,1,55,Normal
2026-02-08 08:52:49.664983,London-9047,17,11,Normal
2026-02-08 08:52:50.664983,London-9047,13,68,Normal
2026-02-08 08:52:51.664983,London-9047,9,87,Normal
2026-02-08 08:52:52.664983,London-9047,46,9,Normal
2026-02-08 08:52:53.664983,London-9047,-5,38,Normal
2026-02-08 08:52:54.664983,London-9047,-23,54,Normal
2026-02-08 08:52:55.664983,London-9047,-20,99,Normal
2026-02-08 08:52:56.664983,London-9047,49,43,Normal
2026-02-08 08:52:57.664983,London-9047,21,23,Normal
2026-02-08 08:52:58.664983,London-9047,19,49,Normal
2026-02-08 08:52:59.664983,London-9047,33,63,Normal
2026-02-08 08:53:00.664983,London-9047,-13,89,Normal
2026-02-08 08:53:01.664983,London-9047,26,15,Normal
2026-02-08 08:53:02.664983,London-9047,33,13,Normal
2026-02-08 08:53:03.664983,London-9047,22,14,Normal
2026-02-08 08:53:04.664983,London-9047,50,25,Normal
2026-02-08 08:53:05.664983,London-9047,-30,13,Normal
2026-02-08 08:53:06.664983,London-9047,-11,93,Normal
2026-02-08 08:53:07.664983,London-9047,-26,14,Normal
2026-02-08 08:53:08.664983,London-9047,-4,76,Normal
2026-02-08 08:53:09.664983,London-9047,-16,96,Normal
2026-02-08 08:53:10.664983,London-9047,-21,40,Normal
2026-02-08 08:53:11.664983,London-9047,36,64,Normal
2026-02-08 08:53:12.664983,London-9047,37,85,Normal
2026-02-08 08:53:13.664983,London-9047,19,39,Normal
2026-02-08 08:53:14.664983,London-9047,-8,74,Normal
2026-02-08 08:53:15.664983,London-9047,-22,82,Normal
2026-02-08 08:53:16.664983,London-9047,45,49,Normal
2026-02-08 08:53:17.664983,London-9047,13,8,Normal
2026-02-08 08:53:18.664983,London-9047,38,91,Normal
2026-02-08 08:53:19.664983,London-9047,-26,56,Normal
2026-02-08 08:53:20.664983,London-9047,-15,39,Normal
2026-02-08 08:53:21.664983,London-9047,-13,82,Normal
2026-02-08 08:53:22.664983,London-9047,12,76,Normal
2026-02-08 08:53:23.664983,London-9047,-4,45,Normal
2026-02-08 08:53:24.664983,London-9047,15,27,Normal
2026-02-08 08:53:25.664983,London-9047,-4,3,Normal
2026-02-08 08:53:26.664983,London-9047,-7,79,Normal
2026-02-08 08:53:27.664983,London-9047,-29,71,Normal
2026-02-08 08:53:28.664983,London-9047,-21,39,Normal
2026-02-08 08:53:29.664983,London-9047,-29,48,Normal
2026-02-08 08:53:30.664983,London-9047,41,49,Normal
2026-02-08 08:53:31.664983,London-9047,-10,87,Normal
2026-02-08 08:53:32.664983,London-9047,36,83,Normal
2026-02-08 08:53:33.664983,London-9047,45,18,Normal
2026-02-08 08:53:34.664983,London-9047,-30,50,Normal
2026-02-08 08:53:35.664983,London-9047,18,28,Normal
2026-02-08 08:53:36.664983,London-9047,1,37,Normal
2026-02-08 08:53:37.664983,London-9047,10,95,Normal
2026-02-08 08:53:38.664983,London-9047,20,49,Normal
2026-02-08 08:53:39.664983,London-9047,3,28,Normal
2026-02-08 08:53:40.664983,London-9047,-29,83,Normal
2026-02-08 08:53:41.664983,London-9047,31,70,Normal
2026-02-08 08:53:42.664983,London-9047,-25,78,Normal
2026-02-08 08:53:43.664983,London-9047,0,3,Normal
2026-02-08 08:53:44.664983,London-9047,33,12,Normal
2026-02-08 08:53:45.664983,London-9047,1,64,Normal
2026-02-08 08:53:46.664983,London-9047,-28,27,Normal
2026-02-08 08:53:47.664983,London-9047,-13,27,Normal
2026-02-08 08:53:48.664983,London-9047,6,36,Normal
2026-02-08 08:53:49.664983,London-9047,34,7,Normal
2026-02-08 08:53:50.664983,London-9047,46,72,Normal
2026-02-08 08:53:51.664983,London-9047,13,47,Normal
2026-02-08 08:53:52.664983,London-9047,27,14,Normal
2026-02-08 08:53:53.664983,London-9047,2,61,Normal
2026-02-08 08:53:54.664983,London-9047,5,4,Normal
2026-02-08 08:53:55.664983,London-9047,27,1,Normal
2026-02-08 08:53:56.664983,London-9047,35,79,Normal
2026-02-08 08:53:57.664983,London-9047,-7,69,Normal
2026-02-08 08:53:58.664983,London-9047,-28,92,Normal
2026-02-08 08:53:59.664983,London-9047,49,11,Normal
2026-02-08 08:54:00.664983,London-9047,7,14,Normal
2026-02-08 08:54:01.664983,London-9047,22,69,Normal
2026-02-08 08:54:02.664983,London-9047,-5,68,Normal
2026-02-08 08:54:03.664983,London-9047,15,21,Normal
2026-02-08 08:54:04.664983,London-9047,-12,38,Normal
2026-02-08 08:54:05.664983,London-9047,22,24,Normal
2026-02-08 08:54:06.664983,London-9047,-24,96,Normal
2026-02-08 08:54:07.664983,London-9047,41,3,Normal
2026-02-08 08:54:08.664983,London-9047,45,93,Normal
2026-02-08 08:54:09.664983,London-9047,-16,75,Normal
2026-02-08 08:54:10.664983,London-9047,10,89,Normal
2026-02-08 08:54:11.664983,London-9047,-17,0,Normal
2026-02-08 08:54:12.664983,London-9047,39,47,Normal
2026-02-08 08:54:13.664983,London-9047,4,86,Normal
2026-02-08 08:54:14.664983,London-9047,2,55,Normal
2026-02-08 08:54:15.664983,London-9047,-20,85,Normal
2026-02-08 08:54:16.664983,London-9047,50,36,Normal
2026-02-08 08:54:17.664983,London-9047,-22,29,Normal
2026-02-08 08:54:18.664983,London-9047,42,48,Normal
2026-02-08 08:54:19.664983,London-9047,-12,76,Normal
2026-02-08 08:54:20.664983,London-9047,-18,59,Normal
2026-02-08 08:54:21.664983,London-9047,-25,49,Normal
2026-02-08 08:54:22.664983,London-9047,-13,54,Normal
2026-02-08 08:54:23.664983,London-9047,40,95,Normal
2026-02-08 08:54:24.664983,London-9047,49,68,Normal
2026-02-08 08:54:25.664983,London-9047,3,38,Normal
2026-02-08 08:54:26.664983,London-9047,20,11,Normal
2026-02-08 08:54:27.664983,London-9047,-28,94,Normal
2026-02-08 08:54:28.664983,London-9047,5,77,Normal
2026-02-08 08:54:29.664983,London-9047,-8,90,Normal
2026-02-08 08:54:30.664983,London-9047,-6,55,Normal
2026-02-08 08:54:31.664983,London-9047,22,81,Normal
2026-02-08 08:54:32.664983,London-9047,-5,50,Normal
2026-02-08 08:54:33.664983,London-9047,22,96,Normal
2026-02-08 08:54:34.664983,London-9047,42,68,Normal
2026-02-08 08:54:35.664983,London-9047,43,60,Normal
2026-02-08 08:54:36.664983,London-9047,7,78,Normal
2026-02-08 08:54:37.664983,London-9047,-7,97,Normal
2026-02-08 08:54:38.664983,London-9047,6,86,Normal
2026-02-08 08:54:39.664983,London-9047,22,15,Normal
2026-02-08 08:54:40.664983,London-9047,46,70,Normal
2026-02-08 08:54:41.664983,London-9047,45,72,Normal
2026-02-08 08:54:42.664983,London-9047,45,51,Normal
2026-02-08 08:54:43.664983,London-9047,44,8,Normal
2026-02-08 08:54:44.664983,London-9047,38,19,Normal
2026-02-08 08:54:45.664983,London-9047,-28,33,Normal
2026-02-08 08:54:46.664983,London-9047,10,74,Normal
2026-02-08 08:54:47.664983,London-9047,-28,20,Normal
2026-02-08 08:54:48.664983,London-9047,-7,61,Normal
2026-02-08 08:54:49.664983,London-9047,45,61,Normal
2026-02-08 08:54:50.664983,London-9047,33,44,Normal
2026-02-08 08:54:51.664983,London-9047,33,0,Normal
2026-02-08 08:54:52.664983,London-9047,44,26,Normal
2026-02-08 08:54:53.664983,London-9047,7,93,Normal
2026-02-08 08:54:54.664983,London-9047,0,24,Normal
2026-02-08 08:54:55.664983,London-9047,5,52,Normal
2026-02-08 08:54:56.664983,London-9047,22,29,Normal
2026-02-08 08:54:57.664983,London-9047,21,14,Normal
2026-02-08 08:54:58.664983,London-9047,40,48,Normal
2026-02-08 08:54:59.664983,London-9047,26,17,Normal
2026-02-08 08:55:00.664983,London-9047,47,14,Normal
2026-02-08 08:55:01.664983,London-9047,-1,20,Normal
2026-02-08 08:55:02.664983,London-9047,-18,79,Normal
2026-02-08 08:55:03.664983,London-9047,-8,23,Normal
2026-02-08 08:55:04.664983,London-9047,-18,74,Normal
2026-02-08 08:55:05.664983,London-9047,3,33,Normal
2026-02-08 08:55:06.664983,London-9047,-8,65,Normal
2026-02-08 08:55:07.664983,London-9047,-4,11,Normal
2026-02-08 08:55:08.664983,London-9047,46,93,Normal
2026-02-08 08:55:09.664983,London-9047,-20,14,Normal
2026-02-08 08:55:10.664983,London-9047,-13,54,Normal
2026-02-08 08:55:11.664983,London-9047,4,55,Normal
2026-02-08 08:55:12.664983,London-9047,24,48,Normal
2026-02-08 08:55:13.664983,London-9047,38,12,Normal
2026-02-08 08:55:14.664983,London-9047,29,95,Normal
2026-02-08 08:55:15.664983,London-9047,31,79,Normal
2026-02-08 08:55:16.664983,London-9047,19,40,Normal
2026-02-08 08:55:17.664983,London-9047,5,85,Normal
2026-02-08 08:55:18.664983,London-9047,-12,10,Normal
2026-02-08 08:55:19.664983,London-9047,35,16,Normal
2026-02-08 08:55:20.664983,London-9047,49,40,Normal
2026-02-08 08:55:21.664983,London-9047,-28,50,Normal
2026-02-08 08:55:22.664983,London-9047,30,34,Normal
2026-02-08 08:55:23.664983,London-9047,-6,76,Normal
2026-02-08 08:55:24.664983,London-9047,38,25,Normal
2026-02-08 08:55:25.664983,London-9047,15,39,Normal
2026-02-08 08:55:26.664983,London-9047,-19,86,Normal
2026-02-08 08:55:27.664983,London-9047,-13,13,Normal
2026-02-08 08:55:28.664983,London-9047,16,55,Normal
2026-02-08 08:55:29.664983,London-9047,-11,72,Normal
2026-02-08 08:55:30.664983,London-9047,-10,51,Normal
2026-02-08 08:55:31.664983,London-9047,-4,86,Normal
2026-02-08 08:55:32.664983,London-9047,16,75,Normal
2026-02-08 08:55:33.664983,London-9047,40,79,Normal
2026-02-08 08:55:34.664983,London-9047,39,71,Normal
2026-02-08 08:55:35.664983,London-9047,-16,32,Normal
2026-02-08 08:55:36.664983,London-9047,-23,20,Normal
2026-02-08 08:55:37.664983,London-9047,29,43,Normal
2026-02-08 08:55:38.664983,London-9047,-5,6,Normal
2026-02-08 08:55:39.664983,London-9047,18,81,Normal
2026-02-08 08:55:40.664983,London-9047,16,42,Normal
2026-02-08 08:55:41.664983,London-9047,19,43,Normal
2026-02-08 08:55:42.664983,London-9047,-6,69,Normal
2026-02-08 08:55:43.664983,London-9047,0,13,Normal
2026-02-08 08:55:44.664983,London-9047,-30,25,Normal
2026-02-08 08:55:45.664983,London-9047,-17,8,Normal
2026-02-08 08:55:46.664983,London-9047,9,1,Normal
2026-02-08 08:55:47.664983,London-9047,50,70,Normal
2026-02-08 08:55:48.664983,London-9047,38,50,Normal
2026-02-08 08:55:49.664983,London-9047,21,28,Normal
2026-02-08 08:55:50.664983,London-9047,45,53,Normal
2026-02-08 08:55:51.664983,London-9047,47,31,Normal
2026-02-08 08:55:52.664983,London-9047,0,99,Normal
2026-02-08 08:55:53.664983,London-9047,7,46,Normal
2026-02-08 08:55:54.664983,London-9047,15,65,Normal
2026-02-08 08:55:55.664983,London-9047,-14,20,Normal
2026-02-08 08:55:56.664983,London-9047,34,64,Normal
2026-02-08 08:55:57.664983,London-9047,-4,84,Normal
2026-02-08 08:55:58.664983,London-9047,27,63,Normal
2026-02-08 08:55:59.664983,London-9047,-18,37,Normal
2026-02-08 08:56:00.664983,London-9047,5,31,Normal
2026-02-08 08:56:01.664983,London-9047,34,89,Normal
2026-02-08 08:56:02.664983,London-9047,50,54,Normal
2026-02-08 08:56:03.664983,London-9047,27,60,Normal
2026-02-08 08:56:04.664983,London-9047,7,86,Normal
2026-02-08 08:56:05.664983,London-9047,38,79,Normal
2026-02-08 08:56:06.664983,London-9047,-14,8,Normal
2026-02-08 08:56:07.664983,London-9047,30,43,Normal
2026-02-08 08:56:08.664983,London-9047,4,99,Normal
2026-02-08 08:56:09.664983,London-9047,21,11,Normal
2026-02-08 08:56:10.664983,London-9047,2,14,Normal
2026-02-08 08:56:11.664983,London-9047,3,28,Normal
2026-02-08 08:56:12.664983,London-9047,35,100,Normal
2026-02-08 08:56:13.664983,London-9047,-15,20,Normal
2026-02-08 08:56:14.664983,London-9047,14,77,Normal
2026-02-08 08:56:15.664983,London-9047,16,80,Normal
2026-02-08 08:56:16.664983,London-9047,-16,36,Normal
2026-02-08 08:56:17.664983,London-9047,20,72,Normal
2026-02-08 08:56:18.664983,London-9047,6,98,Normal
2026-02-08 08:56:19.664983,London-9047,-13,59,Normal
2026-02-08 08:56:20.664983,London-9047,41,86,Normal
2026-02-08 08:56:21.664983,London-9047,-28,21,Normal
2026-02-08 08:56:22.664983,London-9047,0,39,Normal
2026-02-08 08:56:23.664983,London-9047,-5,75,Normal
2026-02-08 08:56:24.664983,London-9047,18,80,Normal
2026-02-08 08:56:25.664983,London-9047,0,80,Normal
2026-02-08 08:56:26.664983,London-9047,11,88,Normal
2026-02-08 08:56:27.664983,London-9047,24,78,Normal
2026-02-08 08:56:28.664983,London-9047,32,13,Normal
2026-02-08 08:56:29.664983,London-9047,-25,30,Normal
2026-02-08 08:56:30.664983,London-9047,2,64,Normal
2026-02-08 08:56:31.664983,London-9047,25,7,Normal
2026-02-08 08:56:32.664983,London-9047,28,97,Normal
2026-02-08 08:56:33.664983,London-9047,-3,72,Normal
2026-02-08 08:56:34.664983,London-9047,7,54,Normal
2026-02-08 08:56:35.664983,London-9047,2,61,Normal
2026-02-08 08:56:36.664983,London-9047,50,65,Normal
2026-02-08 08:56:37.664983,London-9047,37,97,Normal
2026-02-08 08:56:38.664983,London-9047,16,44,Normal
2026-02-08 08:56:39.664983,London-9047,4,91,Normal
2026-02-08 08:56:40.664983,London-9047,30,50,Normal
2026-02-08 08:56:41.664983,London-9047,-19,64,Normal
2026-02-08 08:56:42.664983,London-9047,44,32,Normal
2026-02-08 08:56:43.664983,London-9047,48,36,Normal
2026-02-08 08:56:44.664983,London-9047,41,10,Normal
2026-02-08 08:56:45.664983,London-9047,26,89,Normal
2026-02-08 08:56:46.664983,London-9047,-4,74,Normal
2026-02-08 08:56:47.664983,London-9047,0,70,Normal
2026-02-08 08:56:48.664983,London-9047,46,31,Normal
2026-02-08 08:56:49.664983,London-9047,12,85,Normal
2026-02-08 08:56:50.664983,London-9047,10,40,Normal
2026-02-08 08:56:51.664983,London-9047,5,87,Normal
2026-02-08 08:56:52.664983,London-9047,-20,41,Normal
2026-02-08 08:56:53.664983,London-9047,12,82,Normal
2026-02-08 08:56:54.664983,London-9047,28,16,Normal
2026-02-08 08:56:55.664983,London-9047,0,74,Normal
2026-02-08 08:56:56.664983,London-9047,-23,94,Normal
2026-02-08 08:56:57.664983,London-9047,-19,8,Normal
2026-02-08 08:56:58.664983,London-9047,25,94,Normal
2026-02-08 08:56:59.664983,London-9047,-27,49,Normal
2026-02-08 08:57:00.664983,London-9047,31,46,Normal
2026-02-08 08:57:01.664983,London-9047,49,29,Normal
2026-02-08 08:57:02.664983,London-9047,3,88,Normal
2026-02-08 08:57:03.664983,London-9047,5,89,Normal
2026-02-08 08:57:04.664983,London-9047,9,70,Normal
2026-02-08 08:57:05.664983,London-9047,5,45,Normal
2026-02-08 08:57:06.664983,London-9047,42,5,Normal
2026-02-08 08:57:07.664983,London-9047,21,86,Normal
2026-02-08 08:57:08.664983,London-9047,5,52,Normal
2026-02-08 08:57:09.664983,London-9047,35,34,Normal
2026-02-08 08:57:10.664983,London-9047,-1,43,Normal
2026-02-08 08:57:11.664983,London-9047,-10,31,Normal
2026-02-08 08:57:12.664983,London-9047,-1,37,Normal
2026-02-08 08:57:13.664983,London-9047,-7,34,Normal
2026-02-08 08:57:14.664983,London-9047,9,28,Normal
2026-02-08 08:57:15.664983,London-9047,32,24,Normal
2026-02-08 08:57:16.664983,London-9047,-8,52,Normal
2026-02-08 08:57:17.664983,London-9047,32,42,Normal
2026-02-08 08:57:18.664983,London-9047,29,42,Normal
2026-02-08 08:57:19.664983,London-9047,41,20,Normal
2026-02-08 08:57:20.664983,London-9047,-6,47,Normal
2026-02-08 08:57:21.664983,London-9047,-1,70,Normal
2026-02-08 08:57:22.664983,London-9047,48,4,Normal
2026-02-08 08:57:23.664983,London-9047,14,41,Normal
2026-02-08 08:57:24.664983,London-9047,-23,74,Normal
2026-02-08 08:57:25.664983,London-9047,-2,69,Normal
2026-02-08 08:57:26.664983,London-9047,-14,31,Normal
2026-02-08 08:57:27.664983,London-9047,26,73,Normal
2026-02-08 08:57:28.664983,London-9047,8,35,Normal
2026-02-08 08:57:29.664983,London-9047,32,100,Normal
2026-02-08 08:57:30.664983,London-9047,14,62,Normal
2026-02-08 08:57:31.664983,London-9047,43,0,Normal
2026-02-08 08:57:32.664983,London-9047,-13,49,Normal
2026-02-08 08:57:33.664983,London-9047,-3,33,Normal
2026-02-08 08:57:34.664983,London-9047,0,26,Normal
2026-02-08 08:57:35.664983,London-9047,48,13,Normal
2026-02-08 08:57:36.664983,London-9047,-19,60,Normal
2026-02-08 08:57:37.664983,London-9047,16,35,Normal
2026-02-08 08:57:38.664983,London-9047,39,71,Normal
2026-02-08 08:57:39.664983,London-9047,-9,24,Normal
2026-02-08 08:57:40.664983,London-9047,9,50,Normal
2026-02-08 08:57:41.664983,London-9047,42,23,Normal
2026-02-08 08:57:42.664983,London-9047,8,96,Normal
2026-02-08 08:57:43.664983,London-9047,26,46,Normal
2026-02-08 08:57:44.664983,London-9047,-17,36,Normal
2026-02-08 08:57:45.664983,London-9047,12,19,Normal
2026-02-08 08:57:46.664983,London-9047,-27,100,Normal
2026-02-08 08:57:47.664983,London-9047,-14,53,Normal
2026-02-08 08:57:48.664983,London-9047,32,57,Normal
2026-02-08 08:57:49.664983,London-9047,-2,25,Normal
2026-02-08 08:57:50.664983,London-9047,-19,90,Normal
2026-02-08 08:57:51.664983,London-9047,-28,13,Normal
2026-02-08 08:57:52.664983,London-9047,-24,69,Normal
2026-02-08 08:57:53.664983,London-9047,17,30,Normal
2026-02-08 08:57:54.664983,London-9047,-17,48,Normal
2026-02-08 08:57:55.664983,London-9047,28,90,Normal
2026-02-08 08:57:56.664983,London-9047,21,38,Normal
2026-02-08 08:57:57.664983,London-9047,45,62,Normal
2026-02-08 08:57:58.664983,London-9047,23,32,Normal
2026-02-08 08:57:59.664983,London-9047,26,0,Normal
2026-02-08 08:58:00.664983,London-9047,-19,67,Normal
2026-02-08 08:58:01.664983,London-9047,-21,19,Normal
2026-02-08 08:58:02.664983,London-9047,-30,68,Normal
2026-02-08 08:58:03.664983,London-9047,-10,53,Normal
2026-02-08 08:58:04.664983,London-9047,-7,6,Normal
2026-02-08 08:58:05.664983,London-9047,-12,0,Normal
2026-02-08 08:58:06.664983,London-9047,-26,48,Normal
2026-02-08 08:58:07.664983,London-9047,-27,68,Normal
2026-02-08 08:58:08.664983,London-9047,-8,54,Normal
2026-02-08 08:58:09.664983,London-9047,21,85,Normal
2026-02-08 08:58:10.664983,London-9047,34,97,Normal
2026-02-08 08:58:11.664983,London-9047,39,6,Normal
2026-02-08 08:58:12.664983,London-9047,30,85,Normal
2026-02-08 08:58:13.664983,London-9047,12,44,Normal
2026-02-08 08:58:14.664983,London-9047,44,11,Normal
2026-02-08 08:58:15.664983,London-9047,-19,43,Normal
2026-02-08 08:58:16.664983,London-9047,-10,46,Normal
2026-02-08 08:58:17.664983,London-9047,36,67,Normal
2026-02-08 08:58:18.664983,London-9047,19,29,Normal
2026-02-08 08:58:19.664983,London-9047,-16,40,Normal
2026-02-08 08:58:20.664983,London-9047,-6,16,Normal
2026-02-08 08:58:21.664983,London-9047,9,55,Normal
2026-02-08 08:58:22.664983,London-9047,9,47,Normal
2026-02-08 08:58:23.664983,London-9047,-17,63,Normal
2026-02-08 08:58:24.664983,London-9047,-6,21,Normal
2026-02-08 08:58:25.664983,London-9047,19,28,Normal
2026-02-08 08:58:26.664983,London-9047,10,89,Normal
2026-02-08 08:58:27.664983,London-9047,32,12,Normal
2026-02-08 08:58:28.664983,London-9047,29,12,Normal
2026-02-08 08:58:29.664983,London-9047,9,63,Normal
2026-02-08 08:58:30.664983,London-9047,34,63,Normal
2026-02-08 08:58:31.664983,London-9047,-17,28,Normal
2026-02-08 08:58:32.664983,London-9047,4,54,Normal
2026-02-08 08:58:33.664983,London-9047,1,62,Normal
2026-02-08 08:58:34.664983,London-9047,0,85,Normal
2026-02-08 08:58:35.664983,London-9047,-4,88,Normal
2026-02-08 08:58:36.664983,London-9047,-28,80,Normal
2026-02-08 08:58:37.664983,London-9047,9,2,Normal
2026-02-08 08:58:38.664983,London-9047,7,16,Normal
2026-02-08 08:58:39.664983,London-9047,26,28,Normal
2026-02-08 08:58:40.664983,London-9047,-4,57,Normal
2026-02-08 08:58:41.664983,London-9047,47,92,Normal
2026-02-08 08:58:42.664983,London-9047,45,92,Normal
2026-02-08 08:58:43.664983,London-9047,9,36,Normal
2026-02-08 08:58:44.664983,London-9047,8,57,Normal
2026-02-08 08:58:45.664983,London-9047,6,55,Normal
2026-02-08 08:58:46.664983,London-9047,-11,47,Normal
2026-02-08 08:58:47.664983,London-9047,36,69,Normal
2026-02-08 08:58:48.664983,London-9047,14,8,Normal
2026-02-08 08:58:49.664983,London-9047,17,24,Normal
2026-02-08 08:58:50.664983,London-9047,27,78,Normal
2026-02-08 08:58:51.664983,London-9047,23,27,Normal
2026-02-08 08:58:52.664983,London-9047,31,20,Normal
2026-02-08 08:58:53.664983,London-9047,-15,11,Normal
2026-02-08 08:58:54.664983,London-9047,29,4,Normal
2026-02-08 08:58:55.664983,London-9047,-17,82,Normal
2026-02-08 08:58:56.664983,London-9047,-26,72,Normal
2026-02-08 08:58:57.664983,London-9047,28,40,Normal
2026-02-08 08:58:58.664983,London-9047,9,15,Normal
2026-02-08 08:58:59.664983,London-9047,0,14,Normal
2026-02-08 08:59:00.664983,London-9047,-30,57,Normal
2026-02-08 08:59:01.664983,London-9047,-24,91,Normal
2026-02-08 08:59:02.664983,London-9047,38,73,Normal
2026-02-08 08:59:03.664983,London-9047,-24,34,Normal
2026-02-08 08:59:04.664983,London-9047,-29,28,Normal
2026-02-08 08:59:05.664983,London-9047,34,13,Normal
2026-02-08 08:59:06.664983,London-9047,42,25,Normal
2026-02-08 08:59:07.664983,London-9047,48,19,Normal
2026-02-08 08:59:08.664983,London-9047,49,38,Normal
2026-02-08 08:59:09.664983,London-9047,-13,44,Normal
2026-02-08 08:59:10.664983,London-9047,18,1,Normal
2026-02-08 08:59:11.664983,London-9047,-26,75,Normal
2026-02-08 08:59:12.664983,London-9047,21,56,Normal
2026-02-08 08:59:13.664983,London-9047,43,97,Normal
2026-02-08 08:59:14.664983,London-9047,24,46,Normal
2026-02-08 08:59:15.664983,London-9047,38,71,Normal
2026-02-08 08:59:16.664983,London-9047,27,71,Normal
2026-02-08 08:59:17.664983,London-9047,37,96,Normal
2026-02-08 08:59:18.664983,London-9047,-23,81,Normal
2026-02-08 08:59:19.664983,London-9047,-8,72,Normal
2026-02-08 08:59:20.664983,London-9047,3,32,Normal
2026-02-08 08:59:21.664983,London-9047,41,98,Normal
2026-02-08 08:59:22.664983,London-9047,49,58,Normal
2026-02-08 08:59:23.664983,London-9047,4,12,Normal
2026-02-08 08:59:24.664983,London-9047,14,87,Normal
2026-02-08 08:59:25.664983,London-9047,-8,61,Normal
2026-02-08 08:59:26.664983,London-9047,-23,51,Normal
2026-02-08 08:59:27.664983,London-9047,20,52,Normal
2026-02-08 08:59:28.664983,London-9047,-1,68,Normal
2026-02-08 08:59:29.664983,London-9047,43,51,Normal
2026-02-08 08:59:30.664983,London-9047,38,99,Normal
2026-02-08 08:59:31.664983,London-9047,37,33,Normal
2026-02-08 08:59:32.664983,London-9047,-30,83,Normal
2026-02-08 08:59:33.664983,London-9047,47,74,Normal
2026-02-08 08:59:34.664983,London-9047,38,51,Normal
2026-02-08 08:59:35.664983,London-9047,11,5,Normal
2026-02-08 08:59:36.664983,London-9047,-26,17,Normal
2026-02-08 08:59:37.664983,London-9047,2,78,Normal
2026-02-08 08:59:38.664983,London-9047,-15,47,Normal
2026-02-08 08:59:39.664983,London-9047,-3,47,Normal
2026-02-08 08:59:40.664983,London-9047,-4,17,Normal
2026-02-08 08:59:41.664983,London-9047,-3,52,Normal
2026-02-08 08:59:42.664983,London-9047,41,82,Normal
2026-02-08 08:59:43.664983,London-9047,-14,37,Normal
2026-02-08 08:59:44.664983,London-9047,5,29,Normal
2026-02-08 08:59:45.664983,London-9047,31,86,Normal
2026-02-08 08:59:46.664983,London-9047,-24,73,Normal
2026-02-08 08:59:47.664983,London-9047,4,26,Normal
2026-02-08 08:59:48.664983,London-9047,-12,44,Normal
2026-02-08 08:59:49.664983,London-9047,48,78,Normal
2026-02-08 08:59:50.664983,London-9047,-11,12,Normal
2026-02-08 08:59:51.664983,London-9047,32,23,Normal
2026-02-08 08:59:52.664983,London-9047,-22,31,Normal
2026-02-08 08:59:53.664983,London-9047,-17,6,Normal
2026-02-08 08:59:54.664983,London-9047,8,18,Normal
2026-02-08 08:59:55.664983,London-9047,-21,20,Normal
2026-02-08 08:59:56.664983,London-9047,-27,4,Normal
2026-02-08 08:59:57.664983,London-9047,1,95,Normal
2026-02-08 08:59:58.664983,London-9047,9,53,Normal
2026-02-08 08:59:59.664983,London-9047,41,61,Normal
2026-02-08 09:00:00.664983,London-9047,-15,39,Normal
2026-02-08 09:00:01.664983,London-9047,-21,72,Normal
2026-02-08 09:00:02.664983,London-9047,48,22,Normal
2026-02-08 09:00:03.664983,London-9047,41,6,Normal
2026-02-08 09:00:04.664983,London-9047,43,56,Normal
2026-02-08 09:00:05.664983,London-9047,16,26,Normal
2026-02-08 09:00:06.664983,London-9047,12,78,Normal
2026-02-08 09:00:07.664983,London-9047,-17,7,Normal
2026-02-08 09:00:08.664983,London-9047,-30,1,Normal
2026-02-08 09:00:09.664983,London-9047,-15,20,Normal
2026-02-08 09:00:10.664983,London-9047,10,22,Normal
2026-02-08 09:00:11.664983,London-9047,12,82,Normal
2026-02-08 09:00:12.664983,London-9047,28,6,Normal
2026-02-08 09:00:13.664983,London-9047,40,12,Normal
2026-02-08 09:00:14.664983,London-9047,33,5,Normal
2026-02-08 09:00:15.664983,London-9047,-30,62,Normal
2026-02-08 09:00:16.664983,London-9047,35,60,Normal
2026-02-08 09:00:17.664983,London-9047,7,18,Normal
2026-02-08 09:00:18.664983,London-9047,15,29,Normal
2026-02-08 09:00:19.664983,London-9047,50,46,Normal
2026-02-08 09:00:20.664983,London-9047,8,10,Normal
2026-02-08 09:00:21.664983,London-9047,-20,76,Normal
2026-02-08 09:00:22.664983,London-9047,0,5,Normal
2026-02-08 09:00:23.664983,London-9047,41,96,Normal
2026-02-08 09:00:24.664983,London-9047,-15,34,Normal
2026-02-08 09:00:25.664983,London-9047,-1,43,Normal
2026-02-08 09:00:26.664983,London-9047,38,97,Normal
2026-02-08 09:00:27.664983,London-9047,-21,91,Normal
2026-02-08 09:00:28.664983,London-9047,11,79,Normal
2026-02-08 09:00:29.664983,London-9047,18,87,Normal
2026-02-08 09:00:30.664983,London-9047,-20,61,Normal
2026-02-08 09:00:31.664983,London-9047,27,66,Normal
2026-02-08 09:00:32.664983,London-9047,-8,45,Normal
2026-02-08 09:00:33.664983,London-9047,9,72,Normal
2026-02-08 09:00:34.664983,London-9047,36,61,Normal
2026-02-08 09:00:35.664983,London-9047,38,16,Normal
2026-02-08 09:00:36.664983,London-9047,36,11,Normal
2026-02-08 09:00:37.664983,London-9047,33,42,Normal
2026-02-08 09:00:38.664983,London-9047,47,41,Normal
2026-02-08 09:00:39.664983,London-9047,37,54,Normal
2026-02-08 09:00:40.664983,London-9047,5,96,Normal
2026-02-08 09:00:41.664983,London-9047,27,91,Normal
2026-02-08 09:00:42.664983,London-9047,4,34,Normal
2026-02-08 09:00:43.664983,London-9047,22,43,Normal
2026-02-08 09:00:44.664983,London-9047,34,29,Normal
2026-02-08 09:00:45.664983,London-9047,45,55,Normal
2026-02-08 09:00:46.664983,London-9047,27,24,Normal
2026-02-08 09:00:47.664983,London-9047,42,21,Normal
2026-02-08 09:00:48.664983,London-9047,18,26,Normal
2026-02-08 09:00:49.664983,London-9047,-4,49,Normal
2026-02-08 09:00:50.664983,London-9047,-30,66,Normal
2026-02-08 09:00:51.664983,London-9047,6,73,Normal
2026-02-08 09:00:52.664983,London-9047,30,34,Normal
2026-02-08 09:00:53.664983,London-9047,36,63,Normal
2026-02-08 09:00:54.664983,London-9047,49,14,Normal
2026-02-08 09:00:55.664983,London-9047,-3,7,Normal
2026-02-08 09:00:56.664983,London-9047,-19,89,Normal
2026-02-08 09:00:57.664983,London-9047,27,87,Normal
2026-02-08 09:00:58.664983,London-9047,13,27,Normal
2026-02-08 09:00:59.664983,London-9047,-2,19,Normal
2026-02-08 09:01:00.664983,London-9047,-7,72,Normal
2026-02-08 09:01:01.664983,London-9047,-12,43,Normal
2026-02-08 09:01:02.664983,London-9047,47,97,Normal
2026-02-08 09:01:03.664983,London-9047,17,89,Normal
2026-02-08 09:01:04.664983,London-9047,14,4,Normal
2026-02-08 09:01:05.664983,London-9047,50,34,Normal
2026-02-08 09:01:06.664983,London-9047,11,99,Normal
2026-02-08 09:01:07.664983,London-9047,29,58,Normal
2026-02-08 09:01:08.664983,London-9047,-12,70,Normal
2026-02-08 09:01:09.664983,London-9047,-8,52,Normal
2026-02-08 09:01:10.664983,London-9047,-1,68,Normal
2026-02-08 09:01:11.664983,London-9047,-12,21,Normal
2026-02-08 09:01:12.664983,London-9047,21,56,Normal
2026-02-08 09:01:13.664983,London-9047,34,86,Normal
2026-02-08 09:01:14.664983,London-9047,20,43,Normal
2026-02-08 09:01:15.664983,London-9047,28,63,Normal
2026-02-08 09:01:16.664983,London-9047,28,63,Normal
2026-02-08 09:01:17.664983,London-9047,-29,45,Normal
2026-02-08 09:01:18.664983,London-9047,30,69,Normal
2026-02-08 09:01:19.664983,London-9047,12,18,Normal
2026-02-08 09:01:20.664983,London-9047,-22,68,Normal
2026-02-08 09:01:21.664983,London-9047,30,2,Normal
2026-02-08 09:01:22.664983,London-9047,-14,42,Normal
2026-02-08 09:01:23.664983,London-9047,43,73,Normal
2026-02-08 09:01:24.664983,London-9047,0,29,Normal
2026-02-08 09:01:25.664983,London-9047,16,85,Normal
2026-02-08 09:01:26.664983,London-9047,29,73,Normal
2026-02-08 09:01:27.664983,London-9047,-12,5,Normal
2026-02-08 09:01:28.664983,London-9047,2,67,Normal
2026-02-08 09:01:29.664983,London-9047,18,42,Normal
2026-02-08 09:01:30.664983,London-9047,-17,71,Normal
2026-02-08 09:01:31.664983,London-9047,-2,27,Normal
2026-02-08 09:01:32.664983,London-9047,48,59,Normal
2026-02-08 09:01:33.664983,London-9047,-20,2,Normal
2026-02-08 09:01:34.664983,London-9047,-7,90,Normal
2026-02-08 09:01:35.664983,London-9047,2,47,Normal
2026-02-08 09:01:36.664983,London-9047,24,74,Normal
2026-02-08 09:01:37.664983,London-9047,38,58,Normal
2026-02-08 09:01:38.664983,London-9047,17,51,Normal
2026-02-08 09:01:39.664983,London-9047,-2,4,Normal
2026-02-08 09:01:40.664983,London-9047,-13,73,Normal
2026-02-08 09:01:41.664983,London-9047,-11,31,Normal
2026-02-08 09:01:42.664983,London-9047,-16,32,Normal
2026-02-08 09:01:43.664983,London-9047,13,56,Normal
2026-02-08 09:01:44.664983,London-9047,13,16,Normal
2026-02-08 09:01:45.664983,London-9047,50,89,Normal
2026-02-08 09:01:46.664983,London-9047,-24,70,Normal
2026-02-08 09:01:47.664983,London-9047,24,32,Normal
2026-02-08 09:01:48.664983,London-9047,-3,3,Normal
2026-02-08 09:01:49.664983,London-9047,-16,82,Normal
2026-02-08 09:01:50.664983,London-9047,11,12,Normal
2026-02-08 09:01:51.664983,London-9047,21,75,Normal
2026-02-08 09:01:52.664983,London-9047,35,99,Normal
2026-02-08 09:01:53.664983,London-9047,24,17,Normal
2026-02-08 09:01:54.664983,London-9047,42,19,Normal
2026-02-08 09:01:55.664983,London-9047,47,86,Normal
2026-02-08 09:01:56.664983,London-9047,-14,24,Normal
2026-02-08 09:01:57.664983,London-9047,-30,44,Normal
2026-02-08 09:01:58.664983,London-9047,13,87,Normal
2026-02-08 09:01:59.664983,London-9047,50,77,Normal
2026-02-08 09:02:00.664983,London-9047,-22,12,Normal
2026-02-08 09:02:01.664983,London-9047,47,11,Normal
2026-02-08 09:02:02.664983,London-9047,38,53,Normal
2026-02-08 09:02:03.664983,London-9047,-19,34,Normal
2026-02-08 09:02:04.664983,London-9047,40,87,Normal
2026-02-08 09:02:05.664983,London-9047,-26,75,Normal
2026-02-08 09:02:06.664983,London-9047,-18,84,Normal
2026-02-08 09:02:07.664983,London-9047,-2,81,Normal
2026-02-08 09:02:08.664983,London-9047,21,77,Normal
2026-02-08 09:02:09.664983,London-9047,15,35,Normal
2026-02-08 09:02:10.664983,London-9047,-4,99,Normal
2026-02-08 09:02:11.664983,London-9047,-4,59,Normal
2026-02-08 09:02:12.664983,London-9047,-29,83,Normal
2026-02-08 09:02:13.664983,London-9047,-24,95,Normal
2026-02-08 09:02:14.664983,London-9047,17,71,Normal
2026-02-08 09:02:15.664983,London-9047,2,90,Normal
2026-02-08 09:02:16.664983,London-9047,-27,80,Normal
2026-02-08 09:02:17.664983,London-9047,23,82,Normal
2026-02-08 09:02:18.664983,London-9047,42,100,Normal
2026-02-08 09:02:19.664983,London-9047,22,99,Normal
2026-02-08 09:02:20.664983,London-9047,37,41,Normal
2026-02-08 09:02:21.664983,London-9047,-1,85,Normal
2026-02-08 09:02:22.664983,London-9047,34,27,Normal
2026-02-08 09:02:23.664983,London-9047,2,24,Normal
2026-02-08 09:02:24.664983,London-9047,14,97,Normal
2026-02-08 09:02:25.664983,London-9047,26,83,Normal
2026-02-08 09:02:26.664983,London-9047,22,80,Normal
2026-02-08 09:02:27.664983,London-9047,-27,59,Normal
2026-02-08 09:02:28.664983,London-9047,-9,49,Normal
2026-02-08 09:02:29.664983,London-9047,-4,2,Normal
2026-02-08 09:02:30.664983,London-9047,-8,21,Normal
2026-02-08 09:02:31.664983,London-9047,15,38,Normal
2026-02-08 09:02:32.664983,London-9047,42,57,Normal
2026-02-08 09:02:33.664983,London-9047,8,54,Normal
2026-02-08 09:02:34.664983,London-9047,2,33,Normal
2026-02-08 09:02:35.664983,London-9047,34,35,Normal
2026-02-08 09:02:36.664983,London-9047,-7,15,Normal
2026-02-08 09:02:37.664983,London-9047,1,37,Normal
2026-02-08 09:02:38.664983,London-9047,28,60,Normal
2026-02-08 09:02:39.664983,London-9047,27,62,Normal
2026-02-08 09:02:40.664983,London-9047,38,9,Normal
2026-02-08 09:02:41.664983,London-9047,-13,76,Normal
2026-02-08 09:02:42.664983,London-9047,-10,66,Normal
2026-02-08 09:02:43.664983,London-9047,-18,12,Normal
2026-02-08 09:02:44.664983,London-9047,5,80,Normal
2026-02-08 09:02:45.664983,London-9047,-2,42,Normal
2026-02-08 09:02:46.664983,London-9047,1,92,Normal
2026-02-08 09:02:47.664983,London-9047,-10,25,Normal
2026-02-08 09:02:48.664983,London-9047,24,43,Normal
2026-02-08 09:02:49.664983,London-9047,-16,58,Normal
2026-02-08 09:02:50.664983,London-9047,48,37,Normal
2026-02-08 09:02:51.664983,London-9047,7,44,Normal
2026-02-08 09:02:52.664983,London-9047,14,28,Normal
2026-02-08 09:02:53.664983,London-9047,-10,69,Normal
2026-02-08 09:02:54.664983,London-9047,-10,11,Normal
2026-02-08 09:02:55.664983,London-9047,30,75,Normal
2026-02-08 09:02:56.664983,London-9047,1,96,Normal
2026-02-08 09:02:57.664983,London-9047,-30,68,Normal
2026-02-08 09:02:58.664983,London-9047,30,66,Normal
2026-02-08 09:02:59.664983,London-9047,16,17,Normal
2026-02-08 09:03:00.664983,London-9047,-29,1,Normal
2026-02-08 09:03:01.664983,London-9047,-26,24,Normal
2026-02-08 09:03:02.664983,London-9047,38,22,Normal
2026-02-08 09:03:03.664983,London-9047,-14,71,Normal
2026-02-08 09:03:04.664983,London-9047,18,18,Normal
2026-02-08 09:03:05.664983,London-9047,-12,67,Normal
2026-02-08 09:03:06.664983,London-9047,32,50,Normal
2026-02-08 09:03:07.664983,London-9047,18,50,Normal
2026-02-08 09:03:08.664983,London-9047,26,30,Normal
2026-02-08 09:03:09.664983,London-9047,-7,24,Normal
2026-02-08 09:03:10.664983,London-9047,28,13,Normal
2026-02-08 09:03:11.664983,London-9047,-10,72,Normal
2026-02-08 09:03:12.664983,London-9047,-25,37,Normal
2026-02-08 09:03:13.664983,London-9047,17,21,Normal
2026-02-08 09:03:14.664983,London-9047,-13,98,Normal
2026-02-08 09:03:15.664983,London-9047,-16,28,Normal
2026-02-08 09:03:16.664983,London-9047,21,99,Normal
2026-02-08 09:03:17.664983,London-9047,25,56,Normal
2026-02-08 09:03:18.664983,London-9047,1,23,Normal
2026-02-08 09:03:19.664983,London-9047,10,13,Normal
2026-02-08 09:03:20.664983,London-9047,-15,12,Normal
2026-02-08 09:03:21.664983,London-9047,37,33,Normal
2026-02-08 09:03:22.664983,London-9047,5,85,Normal
2026-02-08 09:03:23.664983,London-9047,-16,93,Normal
2026-02-08 09:03:24.664983,London-9047,-4,2,Normal
2026-02-08 09:03:25.664983,London-9047,-19,59,Normal
2026-02-08 09:03:26.664983,London-9047,44,21,Normal
2026-02-08 09:03:27.664983,London-9047,-15,4,Normal
2026-02-08 09:03:28.664983,London-9047,44,5,Normal
2026-02-08 09:03:29.664983,London-9047,-11,89,Normal
2026-02-08 09:03:30.664983,London-9047,6,60,Normal
2026-02-08 09:03:31.664983,London-9047,47,43,Normal
2026-02-08 09:03:32.664983,London-9047,-30,47,Normal
2026-02-08 09:03:33.664983,London-9047,-4,22,Normal
2026-02-08 09:03:34.664983,London-9047,10,44,Normal
2026-02-08 09:03:35.664983,London-9047,34,58,Normal
2026-02-08 09:03:36.664983,London-9047,-15,52,Normal
2026-02-08 09:03:37.664983,London-9047,-23,38,Normal
2026-02-08 09:03:38.664983,London-9047,-17,1,Normal
2026-02-08 09:03:39.664983,London-9047,35,82,Normal
2026-02-08 09:03:40.664983,London-9047,11,93,Normal
2026-02-08 09:03:41.664983,London-9047,28,66,Normal
2026-02-08 09:03:42.664983,London-9047,14,51,Normal
2026-02-08 09:03:43.664983,London-9047,36,21,Normal
2026-02-08 09:03:44.664983,London-9047,19,86,Normal
2026-02-08 09:03:45.664983,London-9047,39,56,Normal
2026-02-08 09:03:46.664983,London-9047,-16,1,Normal
2026-02-08 09:03:47.664983,London-9047,42,74,Normal
2026-02-08 09:03:48.664983,London-9047,-20,75,Normal
2026-02-08 09:03:49.664983,London-9047,-24,66,Normal
2026-02-08 09:03:50.664983,London-9047,7,60,Normal
2026-02-08 09:03:51.664983,London-9047,3,50,Normal
2026-02-08 09:03:52.664983,London-9047,37,78,Normal
2026-02-08 09:03:53.664983,London-9047,39,5,Normal
2026-02-08 09:03:54.664983,London-9047,-14,77,Normal
2026-02-08 09:03:55.664983,London-9047,12,30,Normal
2026-02-08 09:03:56.664983,London-9047,2,41,Normal
2026-02-08 09:03:57.664983,London-9047,-13,50,Normal
2026-02-08 09:03:58.664983,London-9047,1,37,Normal
2026-02-08 09:03:59.664983,London-9047,-13,61,Normal
2026-02-08 09:04:00.664983,London-9047,14,67,Normal
2026-02-08 09:04:01.664983,London-9047,-11,86,Normal
2026-02-08 09:04:02.664983,London-9047,38,98,Normal
2026-02-08 09:04:03.664983,London-9047,-6,91,Normal
2026-02-08 09:04:04.664983,London-9047,30,6,Normal
2026-02-08 09:04:05.664983,London-9047,37,34,Normal
2026-02-08 09:04:06.664983,London-9047,14,56,Normal
2026-02-08 09:04:07.664983,London-9047,-17,83,Normal
2026-02-08 09:04:08.664983,London-9047,-15,61,Normal
2026-02-08 09:04:09.664983,London-9047,28,47,Normal
2026-02-08 09:04:10.664983,London-9047,34,4,Normal
2026-02-08 09:04:11.664983,London-9047,8,57,Normal
2026-02-08 09:04:12.664983,London-9047,30,3,Normal
2026-02-08 09:04:13.664983,London-9047,47,11,Normal
2026-02-08 09:04:14.664983,London-9047,45,31,Normal
2026-02-08 09:04:15.664983,London-9047,49,78,Normal
2026-02-08 09:04:16.664983,London-9047,26,22,Normal
2026-02-08 09:04:17.664983,London-9047,47,99,Normal
2026-02-08 09:04:18.664983,London-9047,24,60,Normal
2026-02-08 09:04:19.664983,London-9047,27,21,Normal
2026-02-08 09:04:20.664983,London-9047,39,58,Normal
2026-02-08 09:04:21.664983,London-9047,50,33,Normal
2026-02-08 09:04:22.664983,London-9047,28,5,Normal
2026-02-08 09:04:23.664983,London-9047,21,50,Normal
2026-02-08 09:04:24.664983,London-9047,28,11,Normal
2026-02-08 09:04:25.664983,London-9047,-9,37,Normal
2026-02-08 09:04:26.664983,London-9047,-19,83,Normal
2026-02-08 09:04:27.664983,London-9047,23,2,Normal
2026-02-08 09:04:28.664983,London-9047,-7,56,Normal
2026-02-08 09:04:29.664983,London-9047,28,91,Normal
2026-02-08 09:04:30.664983,London-9047,4,44,Normal
2026-02-08 09:04:31.664983,London-9047,46,64,Normal
2026-02-08 09:04:32.664983,London-9047,39,33,Normal
2026-02-08 09:04:33.664983,London-9047,16,28,Normal
2026-02-08 09:04:34.664983,London-9047,43,52,Normal
2026-02-08 09:04:35.664983,London-9047,21,81,Normal
2026-02-08 09:04:36.664983,London-9047,11,39,Normal
2026-02-08 09:04:37.664983,London-9047,-2,11,Normal
2026-02-08 09:04:38.664983,London-9047,-12,98,Normal
2026-02-08 09:04:39.664983,London-9047,-25,30,Normal
2026-02-08 09:04:40.664983,London-9047,7,49,Normal
2026-02-08 09:04:41.664983,London-9047,-8,12,Normal
2026-02-08 09:04:42.664983,London-9047,-21,55,Normal
2026-02-08 09:04:43.664983,London-9047,-9,58,Normal
2026-02-08 09:04:44.664983,London-9047,-24,80,Normal
2026-02-08 09:04:45.664983,London-9047,-5,27,Normal
2026-02-08 09:04:46.664983,London-9047,-20,91,Normal
2026-02-08 09:04:47.664983,London-9047,-29,61,Normal
2026-02-08 09:04:48.664983,London-9047,35,57,Normal
2026-02-08 09:04:49.664983,London-9047,22,11,Normal
2026-02-08 09:04:50.664983,London-9047,24,67,Normal
2026-02-08 09:04:51.664983,London-9047,34,34,Normal
2026-02-08 09:04:52.664983,London-9047,-25,51,Normal
2026-02-08 09:04:53.664983,London-9047,-15,32,Normal
2026-02-08 09:04:54.664983,London-9047,-21,5,Normal
2026-02-08 09:04:55.664983,London-9047,2,100,Normal
2026-02-08 09:04:56.664983,London-9047,31,13,Normal
2026-02-08 09:04:57.664983,London-9047,32,40,Normal
2026-02-08 09:04:58.664983,London-9047,-23,68,Normal
2026-02-08 09:04:59.664983,London-9047,41,57,Normal
2026-02-08 09:05:00.664983,London-9047,-7,29,Normal
2026-02-08 09:05:01.664983,London-9047,-5,87,Normal
2026-02-08 09:05:02.664983,London-9047,-3,74,Normal
2026-02-08 09:05:03.664983,London-9047,-11,5,Normal
2026-02-08 09:05:04.664983,London-9047,-16,24,Normal
2026-02-08 09:05:05.664983,London-9047,-7,87,Normal
2026-02-08 09:05:06.664983,London-9047,-6,38,Normal
2026-02-08 09:05:07.664983,London-9047,29,92,Normal
2026-02-08 09:05:08.664983,London-9047,41,67,Normal
2026-02-08 09:05:09.664983,London-9047,35,47,Normal
2026-02-08 09:05:10.664983,London-9047,8,84,Normal
2026-02-08 09:05:11.664983,London-9047,12,51,Normal
2026-02-08 09:05:12.664983,London-9047,13,26,Normal
2026-02-08 09:05:13.664983,London-9047,10,62,Normal
2026-02-08 09:05:14.664983,London-9047,42,8,Normal
2026-02-08 09:05:15.664983,London-9047,-13,61,Normal
2026-02-08 09:05:16.664983,London-9047,49,41,Normal
2026-02-08 09:05:17.664983,London-9047,-16,87,Normal
2026-02-08 09:05:18.664983,London-9047,3,97,Normal
2026-02-08 09:05:19.664983,London-9047,2,80,Normal
2026-02-08 09:05:20.664983,London-9047,20,66,Normal
2026-02-08 09:05:21.664983,London-9047,17,81,Normal
2026-02-08 09:05:22.664983,London-9047,25,74,Normal
2026-02-08 09:05:23.664983,London-9047,41,61,Normal
2026-02-08 09:05:24.664983,London-9047,-28,79,Normal
2026-02-08 09:05:25.664983,London-9047,27,76,Normal
2026-02-08 09:05:26.664983,London-9047,32,82,Normal
2026-02-08 09:05:27.664983,London-9047,-3,57,Normal
2026-02-08 09:05:28.664983,London-9047,44,95,Normal
2026-02-08 09:05:29.664983,London-9047,0,44,Normal
2026-02-08 09:05:30.664983,London-9047,15,92,Normal
2026-02-08 09:05:31.664983,London-9047,4,17,Normal
2026-02-08 09:05:32.664983,London-9047,11,25,Normal
2026-02-08 09:05:33.664983,London-9047,44,85,Normal
2026-02-08 09:05:34.664983,London-9047,47,42,Normal
2026-02-08 09:05:35.664983,London-9047,27,20,Normal
2026-02-08 09:05:36.664983,London-9047,-8,9,Normal
2026-02-08 09:05:37.664983,London-9047,15,20,Normal
2026-02-08 09:05:38.664983,London-9047,27,34,Normal
2026-02-08 09:05:39.664983,London-9047,21,53,Normal
2026-02-08 09:05:40.664983,London-9047,-11,97,Normal
2026-02-08 09:05:41.664983,London-9047,-1,30,Normal
2026-02-08 09:05:42.664983,London-9047,-29,16,Normal
2026-02-08 09:05:43.664983,London-9047,-21,77,Normal
2026-02-08 09:05:44.664983,London-9047,-23,64,Normal
2026-02-08 09:05:45.664983,London-9047,36,57,Normal
2026-02-08 09:05:46.664983,London-9047,18,4,Normal
2026-02-08 09:05:47.664983,London-9047,17,61,Normal
2026-02-08 09:05:48.664983,London-9047,-17,86,Normal
2026-02-08 09:05:49.664983,London-9047,14,38,Normal
2026-02-08 09:05:50.664983,London-9047,17,9,Normal
2026-02-08 09:05:51.664983,London-9047,33,21,Normal
2026-02-08 09:05:52.664983,London-9047,18,12,Normal
2026-02-08 09:05:53.664983,London-9047,-20,55,Normal
2026-02-08 09:05:54.664983,London-9047,33,26,Normal
2026-02-08 09:05:55.664983,London-9047,34,18,Normal
2026-02-08 09:05:56.664983,London-9047,-30,28,Normal
2026-02-08 09:05:57.664983,London-9047,26,96,Normal
2026-02-08 09:05:58.664983,London-9047,48,96,Normal
2026-02-08 09:05:59.664983,London-9047,15,6,Normal
2026-02-08 09:06:00.664983,London-9047,49,45,Normal
2026-02-08 09:06:01.664983,London-9047,26,68,Normal
2026-02-08 09:06:02.664983,London-9047,43,78,Normal
2026-02-08 09:06:03.664983,London-9047,10,24,Normal
2026-02-08 09:06:04.664983,London-9047,17,46,Normal
2026-02-08 09:06:05.664983,London-9047,42,4,Normal
2026-02-08 09:06:06.664983,London-9047,20,82,Normal
2026-02-08 09:06:07.664983,London-9047,8,3,Normal
2026-02-08 09:06:08.664983,London-9047,0,93,Normal
2026-02-08 09:06:09.664983,London-9047,-12,15,Normal
2026-02-08 09:06:10.664983,London-9047,2,13,Normal
2026-02-08 09:06:11.664983,London-9047,35,20,Normal
2026-02-08 09:06:12.664983,London-9047,3,9,Normal
2026-02-08 09:06:13.664983,London-9047,15,37,Normal
2026-02-08 09:06:14.664983,London-9047,-14,8,Normal
2026-02-08 09:06:15.664983,London-9047,41,81,Normal
2026-02-08 09:06:16.664983,London-9047,-23,77,Normal
2026-02-08 09:06:17.664983,London-9047,-18,56,Normal
2026-02-08 09:06:18.664983,London-9047,-19,73,Normal
2026-02-08 09:06:19.664983,London-9047,17,43,Normal
2026-02-08 09:06:20.664983,London-9047,9,53,Normal
2026-02-08 09:06:21.664983,London-9047,-29,85,Normal
2026-02-08 09:06:22.664983,London-9047,7,95,Normal
2026-02-08 09:06:23.664983,London-9047,6,38,Normal
2026-02-08 09:06:24.664983,London-9047,-5,53,Normal
2026-02-08 09:06:25.664983,London-9047,-15,26,Normal
2026-02-08 09:06:26.664983,London-9047,25,46,Normal
2026-02-08 09:06:27.664983,London-9047,14,61,Normal
2026-02-08 09:06:28.664983,London-9047,38,51,Normal
2026-02-08 09:06:29.664983,London-9047,6,80,Normal
2026-02-08 09:06:30.664983,London-9047,-25,88,Normal
2026-02-08 09:06:31.664983,London-9047,40,85,Normal
2026-02-08 09:06:32.664983,London-9047,-13,10,Normal
2026-02-08 09:06:33.664983,London-9047,32,92,Normal
2026-02-08 09:06:34.664983,London-9047,13,44,Normal
2026-02-08 09:06:35.664983,London-9047,49,39,Normal
2026-02-08 09:06:36.664983,London-9047,-14,80,Normal
2026-02-08 09:06:37.664983,London-9047,-23,45,Normal
2026-02-08 09:06:38.664983,London-9047,4,5,Normal
2026-02-08 09:06:39.664983,London-9047,24,55,Normal
2026-02-08 09:06:40.664983,London-9047,40,69,Normal
2026-02-08 09:06:41.664983,London-9047,-22,79,Normal
2026-02-08 09:06:42.664983,London-9047,17,37,Normal
2026-02-08 09:06:43.664983,London-9047,-3,1,Normal
2026-02-08 09:06:44.664983,London-9047,-21,69,Normal
2026-02-08 09:06:45.664983,London-9047,44,77,Normal
2026-02-08 09:06:46.664983,London-9047,-7,26,Normal
2026-02-08 09:06:47.664983,London-9047,50,82,Normal
2026-02-08 09:06:48.664983,London-9047,22,21,Normal
2026-02-08 09:06:49.664983,London-9047,-21,25,Normal
2026-02-08 09:06:50.664983,London-9047,37,18,Normal
2026-02-08 09:06:51.664983,London-9047,25,60,Normal
2026-02-08 09:06:52.664983,London-9047,3,81,Normal
2026-02-08 09:06:53.664983,London-9047,30,71,Normal
2026-02-08 09:06:54.664983,London-9047,-27,59,Normal
2026-02-08 09:06:55.664983,London-9047,-29,33,Normal
2026-02-08 09:06:56.664983,London-9047,12,82,Normal
2026-02-08 09:06:57.664983,London-9047,-9,57,Normal
2026-02-08 09:06:58.664983,London-9047,19,35,Normal
2026-02-08 09:06:59.664983,London-9047,-11,81,Normal
2026-02-08 09:07:00.664983,London-9047,-27,49,Normal
2026-02-08 09:07:01.664983,London-9047,41,95,Normal
2026-02-08 09:07:02.664983,London-9047,46,1,Normal
2026-02-08 09:07:03.664983,London-9047,20,1,Normal
2026-02-08 09:07:04.664983,London-9047,0,99,Normal
2026-02-08 09:07:05.664983,London-9047,-27,51,Normal
2026-02-08 09:07:06.664983,London-9047,-23,11,Normal
2026-02-08 09:07:07.664983,London-9047,15,99,Normal
2026-02-08 09:07:08.664983,London-9047,47,70,Normal
2026-02-08 09:07:09.664983,London-9047,15,4,Normal
2026-02-08 09:07:10.664983,London-9047,-21,57,Normal
2026-02-08 09:07:11.664983,London-9047,12,41,Normal
2026-02-08 09:07:12.664983,London-9047,16,27,Normal
2026-02-08 09:07:13.664983,London-9047,-12,35,Normal
2026-02-08 09:07:14.664983,London-9047,43,33,Normal
2026-02-08 09:07:15.664983,London-9047,18,42,Normal
2026-02-08 09:07:16.664983,London-9047,-6,1,Normal
2026-02-08 09:07:17.664983,London-9047,26,67,Normal
2026-02-08 09:07:18.664983,London-9047,43,69,Normal
2026-02-08 09:07:19.664983,London-9047,-6,12,Normal
2026-02-08 09:07:20.664983,London-9047,-3,39,Normal
2026-02-08 09:07:21.664983,London-9047,-26,83,Normal
2026-02-08 09:07:22.664983,London-9047,29,47,Normal
2026-02-08 09:07:23.664983,London-9047,25,23,Normal
2026-02-08 09:07:24.664983,London-9047,-13,68,Normal
2026-02-08 09:07:25.664983,London-9047,-10,38,Normal
2026-02-08 09:07:26.664983,London-9047,-11,26,Normal
2026-02-08 09:07:27.664983,London-9047,-9,43,Normal
2026-02-08 09:07:28.664983,London-9047,36,17,Normal
2026-02-08 09:07:29.664983,London-9047,-10,13,Normal
2026-02-08 09:07:30.664983,London-9047,-30,26,Normal
2026-02-08 09:07:31.664983,London-9047,-6,68,Normal
2026-02-08 09:07:32.664983,London-9047,37,49,Normal
2026-02-08 09:07:33.664983,London-9047,34,47,Normal
2026-02-08 09:07:34.664983,London-9047,50,83,Normal
2026-02-08 09:07:35.664983,London-9047,2,40,Normal
2026-02-08 09:07:36.664983,London-9047,32,80,Normal
2026-02-08 09:07:37.664983,London-9047,28,31,Normal
2026-02-08 09:07:38.664983,London-9047,-23,20,Normal
2026-02-08 09:07:39.664983,London-9047,26,73,Normal
2026-02-08 09:07:40.664983,London-9047,4,90,Normal
2026-02-08 09:07:41.664983,London-9047,37,30,Normal
2026-02-08 09:07:42.664983,London-9047,-9,37,Normal
2026-02-08 09:07:43.664983,London-9047,29,84,Normal
2026-02-08 09:07:44.664983,London-9047,-16,76,Normal
2026-02-08 09:07:45.664983,London-9047,-28,18,Normal
2026-02-08 09:07:46.664983,London-9047,-20,3,Normal
2026-02-08 09:07:47.664983,London-9047,50,48,Normal
2026-02-08 09:07:48.664983,London-9047,1,32,Normal
2026-02-08 09:07:49.664983,London-9047,48,73,Normal
2026-02-08 09:07:50.664983,London-9047,23,46,Normal
2026-02-08 09:07:51.664983,London-9047,42,44,Normal
2026-02-08 09:07:52.664983,London-9047,-11,66,Normal
2026-02-08 09:07:53.664983,London-9047,32,77,Normal
2026-02-08 09:07:54.664983,London-9047,-28,54,Normal
2026-02-08 09:07:55.664983,London-9047,10,91,Normal
2026-02-08 09:07:56.664983,London-9047,-2,21,Normal
2026-02-08 09:07:57.664983,London-9047,-10,90,Normal
2026-02-08 09:07:58.664983,London-9047,48,84,Normal
2026-02-08 09:07:59.664983,London-9047,-7,84,Normal
2026-02-08 09:08:00.664983,London-9047,33,100,Normal
2026-02-08 09:08:01.664983,London-9047,-22,19,Normal
2026-02-08 09:08:02.664983,London-9047,10,32,Normal
2026-02-08 09:08:03.664983,London-9047,26,97,Normal
2026-02-08 09:08:04.664983,London-9047,-8,10,Normal
2026-02-08 09:08:05.664983,London-9047,35,91,Normal
2026-02-08 09:08:06.664983,London-9047,32,42,Normal
2026-02-08 09:08:07.664983,London-9047,49,22,Normal
2026-02-08 09:08:08.664983,London-9047,-27,80,Normal
2026-02-08 09:08:09.664983,London-9047,21,26,Normal
2026-02-08 09:08:10.664983,London-9047,7,52,Normal
2026-02-08 09:08:11.664983,London-9047,16,12,Normal
2026-02-08 09:08:12.664983,London-9047,-23,38,Normal
2026-02-08 09:08:13.664983,London-9047,4,8,Normal
2026-02-08 09:08:14.664983,London-9047,9,85,Normal
2026-02-08 09:08:15.664983,London-9047,32,18,Normal
2026-02-08 09:08:16.664983,London-9047,-29,12,Normal
2026-02-08 09:08:17.664983,London-9047,27,93,Normal
2026-02-08 09:08:18.664983,London-9047,5,10,Normal
2026-02-08 09:08:19.664983,London-9047,-6,62,Normal
2026-02-08 09:08:20.664983,London-9047,43,8,Normal
2026-02-08 09:08:21.664983,London-9047,14,91,Normal
2026-02-08 09:08:22.664983,London-9047,-18,3,Normal
2026-02-08 09:08:23.664983,London-9047,27,78,Normal
2026-02-08 09:08:24.664983,London-9047,35,95,Normal
2026-02-08 09:08:25.664983,London-9047,5,45,Normal
2026-02-08 09:08:26.664983,London-9047,-15,51,Normal
2026-02-08 09:08:27.664983,London-9047,17,60,Normal
2026-02-08 09:08:28.664983,London-9047,-2,77,Normal
2026-02-08 09:08:29.664983,London-9047,8,65,Normal
2026-02-08 09:08:30.664983,London-9047,-7,6,Normal
2026-02-08 09:08:31.664983,London-9047,-16,66,Normal
2026-02-08 09:08:32.664983,London-9047,14,80,Normal
2026-02-08 09:08:33.664983,London-9047,40,87,Normal
2026-02-08 09:08:34.664983,London-9047,38,49,Normal
2026-02-08 09:08:35.664983,London-9047,38,80,Normal
2026-02-08 09:08:36.664983,London-9047,18,23,Normal
2026-02-08 09:08:37.664983,London-9047,-13,20,Normal
2026-02-08 09:08:38.664983,London-9047,1,29,Normal
2026-02-08 09:08:39.664983,London-9047,27,67,Normal
2026-02-08 09:08:40.664983,London-9047,-26,24,Normal
2026-02-08 09:08:41.664983,London-9047,-18,88,Normal
2026-02-08 09:08:42.664983,London-9047,-14,83,Normal
2026-02-08 09:08:43.664983,London-9047,30,27,Normal
2026-02-08 09:08:44.664983,London-9047,-13,42,Normal
2026-02-08 09:08:45.664983,London-9047,44,2,Normal
2026-02-08 09:08:46.664983,London-9047,-8,15,Normal
2026-02-08 09:08:47.664983,London-9047,-12,96,Normal
2026-02-08 09:08:48.664983,London-9047,28,24,Normal
2026-02-08 09:08:49.664983,London-9047,11,74,Normal
2026-02-08 09:08:50.664983,London-9047,36,88,Normal
2026-02-08 09:08:51.664983,London-9047,-22,41,Normal
2026-02-08 09:08:52.664983,London-9047,8,85,Normal
2026-02-08 09:08:53.664983,London-9047,40,31,Normal
2026-02-08 09:08:54.664983,London-9047,-16,13,Normal
2026-02-08 09:08:55.664983,London-9047,-23,20,Normal
2026-02-08 09:08:56.664983,London-9047,29,64,Normal
2026-02-08 09:08:57.664983,London-9047,13,61,Normal
2026-02-08 09:08:58.664983,London-9047,33,64,Normal
2026-02-08 09:08:59.664983,London-9047,-7,34,Normal
2026-02-08 09:09:00.664983,London-9047,39,50,Normal
2026-02-08 09:09:01.664983,London-9047,35,36,Normal
2026-02-08 09:09:02.664983,London-9047,34,41,Normal
2026-02-08 09:09:03.664983,London-9047,12,27,Normal
2026-02-08 09:09:04.664983,London-9047,-10,59,Normal
2026-02-08 09:09:05.664983,London-9047,35,70,Normal
2026-02-08 09:09:06.664983,London-9047,-17,61,Normal
2026-02-08 09:09:07.664983,London-9047,47,29,Normal
2026-02-08 09:09:08.664983,London-9047,-10,66,Normal
2026-02-08 09:09:09.664983,London-9047,13,80,Normal
2026-02-08 09:09:10.664983,London-9047,4,25,Normal
2026-02-08 09:09:11.664983,London-9047,7,37,Normal
2026-02-08 09:09:12.664983,London-9047,-12,15,Normal
2026-02-08 09:09:13.664983,London-9047,-16,78,Normal
2026-02-08 09:09:14.664983,London-9047,37,8,Normal
2026-02-08 09:09:15.664983,London-9047,-30,26,Normal
2026-02-08 09:09:16.664983,London-9047,15,98,Normal
2026-02-08 09:09:17.664983,London-9047,37,98,Normal
2026-02-08 09:09:18.664983,London-9047,-14,17,Normal
2026-02-08 09:09:19.664983,London-9047,-10,8,Normal
2026-02-08 09:09:20.664983,London-9047,31,23,Normal
2026-02-08 09:09:21.664983,London-9047,-22,63,Normal
2026-02-08 09:09:22.664983,London-9047,-5,31,Normal
2026-02-08 09:09:23.664983,London-9047,40,22,Normal
2026-02-08 09:09:24.664983,London-9047,-1,22,Normal
2026-02-08 09:09:25.664983,London-9047,-11,25,Normal
2026-02-08 09:09:26.664983,London-9047,-21,77,Normal
2026-02-08 09:09:27.664983,London-9047,-9,63,Normal
2026-02-08 09:09:28.664983,London-9047,-19,48,Normal
2026-02-08 09:09:29.664983,London-9047,45,59,Normal
2026-02-08 09:09:30.664983,London-9047,-19,93,Normal
2026-02-08 09:09:31.664983,London-9047,11,17,Normal
2026-02-08 09:09:32.664983,London-9047,-1,97,Normal
2026-02-08 09:09:33.664983,London-9047,21,16,Normal
2026-02-08 09:09:34.664983,London-9047,39,49,Normal
2026-02-08 09:09:35.664983,London-9047,30,68,Normal
2026-02-08 09:09:36.664983,London-9047,-3,33,Normal
2026-02-08 09:09:37.664983,London-9047,32,96,Normal
2026-02-08 09:09:38.664983,London-9047,47,48,Normal
2026-02-08 09:09:39.664983,London-9047,16,78,Normal
2026-02-08 09:09:40.664983,London-9047,-3,59,Normal
2026-02-08 09:09:41.664983,London-9047,48,95,Normal
2026-02-08 09:09:42.664983,London-9047,-26,30,Normal
2026-02-08 09:09:43.664983,London-9047,35,2,Normal
2026-02-08 09:09:44.664983,London-9047,-20,81,Normal
2026-02-08 09:09:45.664983,London-9047,28,25,Normal
2026-02-08 09:09:46.664983,London-9047,36,26,Normal
2026-02-08 09:09:47.664983,London-9047,0,51,Normal
2026-02-08 09:09:48.664983,London-9047,18,40,Normal
2026-02-08 09:09:49.664983,London-9047,5,44,Normal
2026-02-08 09:09:50.664983,London-9047,4,53,Normal
2026-02-08 09:09:51.664983,London-9047,-12,33,Normal
2026-02-08 09:09:52.664983,London-9047,-20,37,Normal
2026-02-08 09:09:53.664983,London-9047,-27,12,Normal
2026-02-08 09:09:54.664983,London-9047,17,55,Normal
2026-02-08 09:09:55.664983,London-9047,14,4,Normal
2026-02-08 09:09:56.664983,London-9047,18,23,Normal
2026-02-08 09:09:57.664983,London-9047,50,7,Normal
2026-02-08 09:09:58.664983,London-9047,24,37,Normal
2026-02-08 09:09:59.664983,London-9047,-2,91,Normal
2026-02-08 09:10:00.664983,London-9047,20,80,Normal
2026-02-08 09:10:01.664983,London-9047,-23,57,Normal
2026-02-08 09:10:02.664983,London-9047,-12,95,Normal
2026-02-08 09:10:03.664983,London-9047,-19,11,Normal
2026-02-08 09:10:04.664983,London-9047,15,69,Normal
2026-02-08 09:10:05.664983,London-9047,5,75,Normal
2026-02-08 09:10:06.664983,London-9047,-20,54,Normal
2026-02-08 09:10:07.664983,London-9047,-7,89,Normal
2026-02-08 09:10:08.664983,London-9047,-28,13,Normal
2026-02-08 09:10:09.664983,London-9047,-13,95,Normal
2026-02-08 09:10:10.664983,London-9047,21,78,Normal
2026-02-08 09:10:11.664983,London-9047,25,26,Normal
2026-02-08 09:10:12.664983,London-9047,-3,38,Normal
2026-02-08 09:10:13.664983,London-9047,-11,34,Normal
2026-02-08 09:10:14.664983,London-9047,-5,27,Normal
2026-02-08 09:10:15.664983,London-9047,11,8,Normal
2026-02-08 09:10:16.664983,London-9047,5,88,Normal
2026-02-08 09:10:17.664983,London-9047,6,21,Normal
2026-02-08 09:10:18.664983,London-9047,-29,92,Normal
2026-02-08 09:10:19.664983,London-9047,48,32,Normal
2026-02-08 09:10:20.664983,London-9047,13,50,Normal
2026-02-08 09:10:21.664983,London-9047,18,32,Normal
2026-02-08 09:10:22.664983,London-9047,-6,34,Normal
2026-02-08 09:10:23.664983,London-9047,11,79,Normal
2026-02-08 09:10:24.664983,London-9047,1,6,Normal
2026-02-08 09:10:25.664983,London-9047,-23,32,Normal
2026-02-08 09:10:26.664983,London-9047,0,72,Normal
2026-02-08 09:10:27.664983,London-9047,-29,11,Normal
2026-02-08 09:10:28.664983,London-9047,-3,56,Normal
2026-02-08 09:10:29.664983,London-9047,-23,46,Normal
2026-02-08 09:10:30.664983,London-9047,46,91,Normal
2026-02-08 09:10:31.664983,London-9047,-2,42,Normal
2026-02-08 09:10:32.664983,London-9047,11,31,Normal
2026-02-08 09:10:33.664983,London-9047,28,17,Normal
2026-02-08 09:10:34.664983,London-9047,-3,91,Normal
2026-02-08 09:10:35.664983,London-9047,32,73,Normal
2026-02-08 09:10:36.664983,London-9047,40,30,Normal
2026-02-08 09:10:37.664983,London-9047,1,44,Normal
2026-02-08 09:10:38.664983,London-9047,18,51,Normal
2026-02-08 09:10:39.664983,London-9047,-22,100,Normal
2026-02-08 09:10:40.664983,London-9047,8,76,Normal
2026-02-08 09:10:41.664983,London-9047,7,25,Normal
2026-02-08 09:10:42.664983,London-9047,20,37,Normal
2026-02-08 09:10:43.664983,London-9047,48,23,Normal
2026-02-08 09:10:44.664983,London-9047,41,60,Normal
2026-02-08 09:10:45.664983,London-9047,48,36,Normal
2026-02-08 09:10:46.664983,London-9047,-9,42,Normal
2026-02-08 09:10:47.664983,London-9047,19,49,Normal
2026-02-08 09:10:48.664983,London-9047,-10,25,Normal
2026-02-08 09:10:49.664983,London-9047,-2,45,Normal
2026-02-08 09:10:50.664983,London-9047,9,78,Normal
2026-02-08 09:10:51.664983,London-9047,-8,84,Normal
2026-02-08 09:10:52.664983,London-9047,37,43,Normal
2026-02-08 09:10:53.664983,London-9047,-19,14,Normal
2026-02-08 09:10:54.664983,London-9047,7,0,Normal
2026-02-08 09:10:55.664983,London-9047,-14,47,Normal
2026-02-08 09:10:56.664983,London-9047,-9,57,Normal
2026-02-08 09:10:57.664983,London-9047,44,8,Normal
2026-02-08 09:10:58.664983,London-9047,28,37,Normal
2026-02-08 09:10:59.664983,London-9047,-11,4,Normal
2026-02-08 09:11:00.664983,London-9047,3,56,Normal
2026-02-08 09:11:01.664983,London-9047,-1,78,Normal
2026-02-08 09:11:02.664983,London-9047,-22,86,Normal
2026-02-08 09:11:03.664983,London-9047,-6,6,Normal
2026-02-08 09:11:04.664983,London-9047,-11,98,Normal
2026-02-08 09:11:05.664983,London-9047,19,1,Normal
2026-02-08 09:11:06.664983,London-9047,-2,32,Normal
2026-02-08 09:11:07.664983,London-9047,25,89,Normal
2026-02-08 09:11:08.664983,London-9047,10,65,Normal
2026-02-08 09:11:09.664983,London-9047,28,42,Normal
2026-02-08 09:11:10.664983,London-9047,7,82,Normal
2026-02-08 09:11:11.664983,London-9047,36,43,Normal
2026-02-08 09:11:12.664983,London-9047,9,83,Normal
2026-02-08 09:11:13.664983,London-9047,-26,51,Normal
2026-02-08 09:11:14.664983,London-9047,44,24,Normal
2026-02-08 09:11:15.664983,London-9047,30,76,Normal
2026-02-08 09:11:16.664983,London-9047,24,82,Normal
2026-02-08 09:11:17.664983,London-9047,-24,40,Normal
2026-02-08 09:11:18.664983,London-9047,-23,18,Normal
2026-02-08 09:11:19.664983,London-9047,2,51,Normal
2026-02-08 09:11:20.664983,London-9047,-15,45,Normal
2026-02-08 09:11:21.664983,London-9047,0,70,Normal
2026-02-08 09:11:22.664983,London-9047,4,64,Normal
2026-02-08 09:11:23.664983,London-9047,-3,71,Normal
2026-02-08 09:11:24.664983,London-9047,44,76,Normal
2026-02-08 09:11:25.664983,London-9047,35,63,Normal
2026-02-08 09:11:26.664983,London-9047,7,0,Normal
2026-02-08 09:11:27.664983,London-9047,29,82,Normal
2026-02-08 09:11:28.664983,London-9047,-9,61,Normal
2026-02-08 09:11:29.664983,London-9047,-25,65,Normal
2026-02-08 09:11:30.664983,London-9047,3,88,Normal
2026-02-08 09:11:31.664983,London-9047,14,33,Normal
2026-02-08 09:11:32.664983,London-9047,-18,9,Normal
2026-02-08 09:11:33.664983,London-9047,12,76,Normal
2026-02-08 09:11:34.664983,London-9047,-12,23,Normal
2026-02-08 09:11:35.664983,London-9047,31,28,Normal
2026-02-08 09:11:36.664983,London-9047,20,68,Normal
2026-02-08 09:11:37.664983,London-9047,-5,31,Normal
2026-02-08 09:11:38.664983,London-9047,19,24,Normal
2026-02-08 09:11:39.664983,London-9047,25,39,Normal
2026-02-08 09:11:40.664983,London-9047,-22,71,Normal
2026-02-08 09:11:41.664983,London-9047,8,81,Normal
2026-02-08 09:11:42.664983,London-9047,-8,67,Normal
2026-02-08 09:11:43.664983,London-9047,-29,46,Normal
2026-02-08 09:11:44.664983,London-9047,-4,30,Normal
2026-02-08 09:11:45.664983,London-9047,-1,93,Normal
2026-02-08 09:11:46.664983,London-9047,33,79,Normal
2026-02-08 09:11:47.664983,London-9047,19,88,Normal
2026-02-08 09:11:48.664983,London-9047,47,20,Normal
2026-02-08 09:11:49.664983,London-9047,15,41,Normal
2026-02-08 09:11:50.664983,London-9047,-16,26,Normal
2026-02-08 09:11:51.664983,London-9047,29,68,Normal
2026-02-08 09:11:52.664983,London-9047,4,84,Normal
2026-02-08 09:11:53.664983,London-9047,-19,75,Normal
2026-02-08 09:11:54.664983,London-9047,-2,2,Normal
2026-02-08 09:11:55.664983,London-9047,-24,50,Normal
2026-02-08 09:11:56.664983,London-9047,43,45,Normal
2026-02-08 09:11:57.664983,London-9047,44,86,Normal
2026-02-08 09:11:58.664983,London-9047,34,80,Normal
2026-02-08 09:11:59.664983,London-9047,-24,20,Normal
2026-02-08 09:12:00.664983,London-9047,48,11,Normal
2026-02-08 09:12:01.664983,London-9047,-12,31,Normal
2026-02-08 09:12:02.664983,London-9047,-26,57,Normal
2026-02-08 09:12:03.664983,London-9047,50,17,Normal
2026-02-08 09:12:04.664983,London-9047,1,94,Normal
2026-02-08 09:12:05.664983,London-9047,24,64,Normal
2026-02-08 09:12:06.664983,London-9047,1,82,Normal
2026-02-08 09:12:07.664983,London-9047,45,7,Normal
2026-02-08 09:12:08.664983,London-9047,34,47,Normal
2026-02-08 09:12:09.664983,London-9047,5,67,Normal
2026-02-08 09:12:10.664983,London-9047,47,2,Normal
2026-02-08 09:12:11.664983,London-9047,13,20,Normal
2026-02-08 09:12:12.664983,London-9047,14,78,Normal
2026-02-08 09:12:13.664983,London-9047,-7,54,Normal
2026-02-08 09:12:14.664983,London-9047,-9,23,Normal
2026-02-08 09:12:15.664983,London-9047,22,47,Normal
2026-02-08 09:12:16.664983,London-9047,20,3,Normal
2026-02-08 09:12:17.664983,London-9047,38,28,Normal
2026-02-08 09:12:18.664983,London-9047,6,69,Normal
2026-02-08 09:12:19.664983,London-9047,3,85,Normal
2026-02-08 09:12:20.664983,London-9047,32,80,Normal
2026-02-08 09:12:21.664983,London-9047,16,99,Normal
2026-02-08 09:12:22.664983,London-9047,7,48,Normal
2026-02-08 09:12:23.664983,London-9047,-13,16,Normal
2026-02-08 09:12:24.664983,London-9047,33,2,Normal
2026-02-08 09:12:25.664983,London-9047,14,5,Normal
2026-02-08 09:12:26.664983,London-9047,21,5,Normal
2026-02-08 09:12:27.664983,London-9047,-7,17,Normal
2026-02-08 09:12:28.664983,London-9047,-29,57,Normal
2026-02-08 09:12:29.664983,London-9047,-24,3,Normal
2026-02-08 09:12:30.664983,London-9047,-22,60,Normal
2026-02-08 09:12:31.664983,London-9047,17,41,Normal
2026-02-08 09:12:32.664983,London-9047,28,2,Normal
2026-02-08 09:12:33.664983,London-9047,-4,43,Normal
2026-02-08 09:12:34.664983,London-9047,26,75,Normal
2026-02-08 09:12:35.664983,London-9047,-15,91,Normal
2026-02-08 09:12:36.664983,London-9047,-13,95,Normal
2026-02-08 09:12:37.664983,London-9047,-20,19,Normal
2026-02-08 09:12:38.664983,London-9047,45,39,Normal
2026-02-08 09:12:39.664983,London-9047,-2,47,Normal
2026-02-08 09:12:40.664983,London-9047,15,86,Normal
2026-02-08 09:12:41.664983,London-9047,46,65,Normal
2026-02-08 09:12:42.664983,London-9047,27,73,Normal
2026-02-08 09:12:43.664983,London-9047,-22,91,Normal
2026-02-08 09:12:44.664983,London-9047,-18,56,Normal
2026-02-08 09:12:45.664983,London-9047,37,4,Normal
2026-02-08 09:12:46.664983,London-9047,47,87,Normal
2026-02-08 09:12:47.664983,London-9047,-13,88,Normal
2026-02-08 09:12:48.664983,London-9047,32,5,Normal
2026-02-08 09:12:49.664983,London-9047,32,41,Normal
2026-02-08 09:12:50.664983,London-9047,-20,96,Normal
2026-02-08 09:12:51.664983,London-9047,-9,20,Normal
2026-02-08 09:12:52.664983,London-9047,-16,30,Normal
2026-02-08 09:12:53.664983,London-9047,20,5,Normal
2026-02-08 09:12:54.664983,London-9047,20,2,Normal
2026-02-08 09:12:55.664983,London-9047,42,61,Normal
2026-02-08 09:12:56.664983,London-9047,8,63,Normal
2026-02-08 09:12:57.664983,London-9047,1,24,Normal
2026-02-08 09:12:58.664983,London-9047,-6,30,Normal
2026-02-08 09:12:59.664983,London-9047,-8,93,Normal
2026-02-08 09:13:00.664983,London-9047,-22,80,Normal
2026-02-08 09:13:01.664983,London-9047,38,84,Normal
2026-02-08 09:13:02.664983,London-9047,17,63,Normal
2026-02-08 09:13:03.664983,London-9047,23,26,Normal
2026-02-08 09:13:04.664983,London-9047,14,64,Normal
2026-02-08 09:13:05.664983,London-9047,22,96,Normal
2026-02-08 09:13:06.664983,London-9047,45,57,Normal
2026-02-08 09:13:07.664983,London-9047,-20,99,Normal
2026-02-08 09:13:08.664983,London-9047,45,18,Normal
2026-02-08 09:13:09.664983,London-9047,44,31,Normal
2026-02-08 09:13:10.664983,London-9047,-22,13,Normal
2026-02-08 09:13:11.664983,London-9047,16,41,Normal
2026-02-08 09:13:12.664983,London-9047,-20,27,Normal
2026-02-08 09:13:13.664983,London-9047,25,92,Normal
2026-02-08 09:13:14.664983,London-9047,26,38,Normal
2026-02-08 09:13:15.664983,London-9047,-15,25,Normal
2026-02-08 09:13:16.664983,London-9047,-1,1,Normal
2026-02-08 09:13:17.664983,London-9047,42,24,Normal
2026-02-08 09:13:18.664983,London-9047,-5,15,Normal
2026-02-08 09:13:19.664983,London-9047,48,59,Normal
2026-02-08 09:13:20.664983,London-9047,35,46,Normal
2026-02-08 09:13:21.664983,London-9047,43,63,Normal
2026-02-08 09:13:22.664983,London-9047,-21,77,Normal
2026-02-08 09:13:23.664983,London-9047,-6,0,Normal
2026-02-08 09:13:24.664983,London-9047,-15,50,Normal
2026-02-08 09:13:25.664983,London-9047,44,9,Normal
2026-02-08 09:13:26.664983,London-9047,15,61,Normal
2026-02-08 09:13:27.664983,London-9047,29,9,Normal
2026-02-08 09:13:28.664983,London-9047,-24,16,Normal
2026-02-08 09:13:29.664983,London-9047,15,0,Normal
2026-02-08 09:13:30.664983,London-9047,-1,29,Normal
2026-02-08 09:13:31.664983,London-9047,-6,65,Normal
2026-02-08 09:13:32.664983,London-9047,-17,34,Normal
2026-02-08 09:13:33.664983,London-9047,21,5,Normal
2026-02-08 09:13:34.664983,London-9047,-28,20,Normal
2026-02-08 09:13:35.664983,London-9047,15,38,Normal
2026-02-08 09:13:36.664983,London-9047,-9,77,Normal
2026-02-08 09:13:37.664983,London-9047,-4,43,Normal
2026-02-08 09:13:38.664983,London-9047,20,9,Normal
2026-02-08 09:13:39.664983,London-9047,23,93,Normal
2026-02-08 09:13:40.664983,London-9047,22,53,Normal
2026-02-08 09:13:41.664983,London-9047,17,97,Normal
2026-02-08 09:13:42.664983,London-9047,24,23,Normal
2026-02-08 09:13:43.664983,London-9047,-11,70,Normal
2026-02-08 09:13:44.664983,London-9047,-11,69,Normal
2026-02-08 09:13:45.664983,London-9047,-24,87,Normal
2026-02-08 09:13:46.664983,London-9047,-10,33,Normal
2026-02-08 09:13:47.664983,London-9047,-3,36,Normal
2026-02-08 09:13:48.664983,London-9047,5,3,Normal
2026-02-08 09:13:49.664983,London-9047,29,94,Normal
2026-02-08 09:13:50.664983,London-9047,-5,31,Normal
2026-02-08 09:13:51.664983,London-9047,25,76,Normal
2026-02-08 09:13:52.664983,London-9047,31,59,Normal
2026-02-08 09:13:53.664983,London-9047,29,49,Normal
2026-02-08 09:13:54.664983,London-9047,18,58,Normal
2026-02-08 09:13:55.664983,London-9047,28,65,Normal
2026-02-08 09:13:56.664983,London-9047,50,93,Normal
2026-02-08 09:13:57.664983,London-9047,-4,73,Normal
2026-02-08 09:13:58.664983,London-9047,-8,40,Normal
2026-02-08 09:13:59.664983,London-9047,20,67,Normal
2026-02-08 09:14:00.664983,London-9047,31,90,Normal
2026-02-08 09:14:01.664983,London-9047,-8,35,Normal
2026-02-08 09:14:02.664983,London-9047,48,78,Normal
2026-02-08 09:14:03.664983,London-9047,8,71,Normal
2026-02-08 09:14:04.664983,London-9047,0,69,Normal
2026-02-08 09:14:05.664983,London-9047,-7,95,Normal
2026-02-08 09:14:06.664983,London-9047,30,21,Normal
2026-02-08 09:14:07.664983,London-9047,26,38,Normal
2026-02-08 09:14:08.664983,London-9047,18,98,Normal
2026-02-08 09:14:09.664983,London-9047,14,57,Normal
2026-02-08 09:14:10.664983,London-9047,-24,41,Normal
2026-02-08 09:14:11.664983,London-9047,38,63,Normal
2026-02-08 09:14:12.664983,London-9047,-27,28,Normal
2026-02-08 09:14:13.664983,London-9047,-6,52,Normal
2026-02-08 09:14:14.664983,London-9047,-30,23,Normal
2026-02-08 09:14:15.664983,London-9047,28,92,Normal
2026-02-08 09:14:16.664983,London-9047,44,47,Normal
2026-02-08 09:14:17.664983,London-9047,38,73,Normal
2026-02-08 09:14:18.664983,London-9047,16,20,Normal
2026-02-08 09:14:19.664983,London-9047,-24,82,Normal
2026-02-08 09:14:20.664983,London-9047,-4,10,Normal
2026-02-08 09:14:21.664983,London-9047,33,42,Normal
2026-02-08 09:14:22.664983,London-9047,36,22,Normal
2026-02-08 09:14:23.664983,London-9047,-30,53,Normal
2026-02-08 09:14:24.664983,London-9047,10,52,Normal
2026-02-08 09:14:25.664983,London-9047,-18,62,Normal
2026-02-08 09:14:26.664983,London-9047,-13,59,Normal
2026-02-08 09:14:27.664983,London-9047,41,31,Normal
2026-02-08 09:14:28.664983,London-9047,50,1,Normal
2026-02-08 09:14:29.664983,London-9047,38,23,Normal
2026-02-08 09:14:30.664983,London-9047,24,46,Normal
2026-02-08 09:14:31.664983,London-9047,-13,3,Normal
2026-02-08 09:14:32.664983,London-9047,-6,51,Normal
2026-02-08 09:14:33.664983,London-9047,-29,60,Normal
2026-02-08 09:14:34.664983,London-9047,-10,16,Normal
2026-02-08 09:14:35.664983,London-9047,-7,8,Normal
2026-02-08 09:14:36.664983,London-9047,5,18,Normal
2026-02-08 09:14:37.664983,London-9047,38,49,Normal
2026-02-08 09:14:38.664983,London-9047,-29,15,Normal
2026-02-08 09:14:39.664983,London-9047,-1,77,Normal
2026-02-08 09:14:40.664983,London-9047,45,3,Normal
2026-02-08 09:14:41.664983,London-9047,-5,8,Normal
2026-02-08 09:14:42.664983,London-9047,28,32,Normal
2026-02-08 09:14:43.664983,London-9047,10,40,Normal
2026-02-08 09:14:44.664983,London-9047,16,33,Normal
2026-02-08 09:14:45.664983,London-9047,21,84,Normal
2026-02-08 09:14:46.664983,London-9047,4,28,Normal
2026-02-08 09:14:47.664983,London-9047,39,46,Normal
2026-02-08 09:14:48.664983,London-9047,25,74,Normal
2026-02-08 09:14:49.664983,London-9047,-17,1,Normal
2026-02-08 09:14:50.664983,London-9047,-29,84,Normal
2026-02-08 09:14:51.664983,London-9047,-20,4,Normal
2026-02-08 09:14:52.664983,London-9047,27,10,Normal
2026-02-08 09:14:53.664983,London-9047,33,53,Normal
2026-02-08 09:14:54.664983,London-9047,1,19,Normal
2026-02-08 09:14:55.664983,London-9047,32,66,Normal
2026-02-08 09:14:56.664983,London-9047,-29,67,Normal
2026-02-08 09:14:57.664983,London-9047,27,17,Normal
2026-02-08 09:14:58.664983,London-9047,30,80,Normal
2026-02-08 09:14:59.664983,London-9047,43,98,Normal
2026-02-08 09:15:00.664983,London-9047,-15,2,Normal
2026-02-08 09:15:01.664983,London-9047,-9,9,Normal
2026-02-08 09:15:02.664983,London-9047,-3,85,Normal
2026-02-08 09:15:03.664983,London-9047,31,0,Normal
2026-02-08 09:15:04.664983,London-9047,19,27,Normal
2026-02-08 09:15:05.664983,London-9047,-1,93,Normal
2026-02-08 09:15:06.664983,London-9047,1,58,Normal
2026-02-08 09:15:07.664983,London-9047,-23,95,Normal
2026-02-08 09:15:08.664983,London-9047,7,1,Normal
2026-02-08 09:15:09.664983,London-9047,-22,69,Normal
2026-02-08 09:15:10.664983,London-9047,49,16,Normal
2026-02-08 09:15:11.664983,London-9047,9,18,Normal
2026-02-08 09:15:12.664983,London-9047,21,18,Normal
2026-02-08 09:15:13.664983,London-9047,21,32,Normal
2026-02-08 09:15:14.664983,London-9047,21,0,Normal
2026-02-08 09:15:15.664983,London-9047,32,4,Normal
2026-02-08 09:15:16.664983,London-9047,19,70,Normal
2026-02-08 09:15:17.664983,London-9047,30,74,Normal
2026-02-08 09:15:18.664983,London-9047,-30,66,Normal
2026-02-08 09:15:19.664983,London-9047,-17,82,Normal
2026-02-08 09:15:20.664983,London-9047,17,86,Normal
2026-02-08 09:15:21.664983,London-9047,40,31,Normal
2026-02-08 09:15:22.664983,London-9047,10,34,Normal
2026-02-08 09:15:23.664983,London-9047,27,93,Normal
2026-02-08 09:15:24.664983,London-9047,17,32,Normal
2026-02-08 09:15:25.664983,London-9047,34,27,Normal
2026-02-08 09:15:26.664983,London-9047,-9,78,Normal
2026-02-08 09:15:27.664983,London-9047,-29,45,Normal
2026-02-08 09:15:28.664983,London-9047,46,2,Normal
2026-02-08 09:15:29.664983,London-9047,-13,32,Normal
2026-02-08 09:15:30.664983,London-9047,-26,77,Normal
2026-02-08 09:15:31.664983,London-9047,0,46,Normal
2026-02-08 09:15:32.664983,London-9047,11,98,Normal
2026-02-08 09:15:33.664983,London-9047,20,63,Normal
2026-02-08 09:15:34.664983,London-9047,-18,91,Normal
2026-02-08 09:15:35.664983,London-9047,18,53,Normal
2026-02-08 09:15:36.664983,London-9047,18,51,Normal
2026-02-08 09:15:37.664983,London-9047,-30,62,Normal
2026-02-08 09:15:38.664983,London-9047,9,8,Normal
2026-02-08 09:15:39.664983,London-9047,-25,100,Normal
2026-02-08 09:15:40.664983,London-9047,-1,0,Normal
2026-02-08 09:15:41.664983,London-9047,26,19,Normal
2026-02-08 09:15:42.664983,London-9047,45,38,Normal
2026-02-08 09:15:43.664983,London-9047,6,26,Normal
2026-02-08 09:15:44.664983,London-9047,-6,15,Normal
2026-02-08 09:15:45.664983,London-9047,31,96,Normal
2026-02-08 09:15:46.664983,London-9047,37,62,Normal
2026-02-08 09:15:47.664983,London-9047,19,49,Normal
2026-02-08 09:15:48.664983,London-9047,21,100,Normal
2026-02-08 09:15:49.664983,London-9047,27,38,Normal
2026-02-08 09:15:50.664983,London-9047,46,95,Normal
2026-02-08 09:15:51.664983,London-9047,35,67,Normal
2026-02-08 09:15:52.664983,London-9047,-9,70,Normal
2026-02-08 09:15:53.664983,London-9047,48,18,Normal
2026-02-08 09:15:54.664983,London-9047,26,38,Normal
2026-02-08 09:15:55.664983,London-9047,-7,94,Normal
2026-02-08 09:15:56.664983,London-9047,23,26,Normal
2026-02-08 09:15:57.664983,London-9047,-10,75,Normal
2026-02-08 09:15:58.664983,London-9047,46,65,Normal
2026-02-08 09:15:59.664983,London-9047,8,9,Normal
2026-02-08 09:16:00.664983,London-9047,-4,72,Normal
2026-02-08 09:16:01.664983,London-9047,-18,99,Normal
2026-02-08 09:16:02.664983,London-9047,46,99,Normal
2026-02-08 09:16:03.664983,London-9047,24,0,Normal
2026-02-08 09:16:04.664983,London-9047,-5,94,Normal
2026-02-08 09:16:05.664983,London-9047,-16,36,Normal
2026-02-08 09:16:06.664983,London-9047,43,64,Normal
2026-02-08 09:16:07.664983,London-9047,37,60,Normal
2026-02-08 09:16:08.664983,London-9047,-4,5,Normal
2026-02-08 09:16:09.664983,London-9047,39,9,Normal
2026-02-08 09:16:10.664983,London-9047,-22,91,Normal
2026-02-08 09:16:11.664983,London-9047,19,30,Normal
2026-02-08 09:16:12.664983,London-9047,-21,5,Normal
2026-02-08 09:16:13.664983,London-9047,-25,75,Normal
2026-02-08 09:16:14.664983,London-9047,23,35,Normal
2026-02-08 09:16:15.664983,London-9047,47,19,Normal
2026-02-08 09:16:16.664983,London-9047,-10,45,Normal
2026-02-08 09:16:17.664983,London-9047,6,23,Normal
2026-02-08 09:16:18.664983,London-9047,-17,96,Normal
2026-02-08 09:16:19.664983,London-9047,3,76,Normal
2026-02-08 09:16:20.664983,London-9047,6,86,Normal
2026-02-08 09:16:21.664983,London-9047,-15,94,Normal
2026-02-08 09:16:22.664983,London-9047,-20,18,Normal
2026-02-08 09:16:23.664983,London-9047,-24,44,Normal
2026-02-08 09:16:24.664983,London-9047,9,34,Normal
2026-02-08 09:16:25.664983,London-9047,33,49,Normal
2026-02-08 09:16:26.664983,London-9047,-1,73,Normal
2026-02-08 09:16:27.664983,London-9047,33,2,Normal
2026-02-08 09:16:28.664983,London-9047,-25,80,Normal
2026-02-08 09:16:29.664983,London-9047,32,38,Normal
2026-02-08 09:16:30.664983,London-9047,40,60,Normal
2026-02-08 09:16:31.664983,London-9047,2,38,Normal
2026-02-08 09:16:32.664983,London-9047,44,61,Normal
2026-02-08 09:16:33.664983,London-9047,37,5,Normal
2026-02-08 09:16:34.664983,London-9047,-20,29,Normal
2026-02-08 09:16:35.664983,London-9047,-30,41,Normal
2026-02-08 09:16:36.664983,London-9047,11,78,Normal
2026-02-08 09:16:37.664983,London-9047,14,90,Normal
2026-02-08 09:16:38.664983,London-9047,4,17,Normal
2026-02-08 09:16:39.664983,London-9047,13,33,Normal
2026-02-08 09:16:40.664983,London-9047,-11,62,Normal
2026-02-08 09:16:41.664983,London-9047,10,57,Normal
2026-02-08 09:16:42.664983,London-9047,44,11,Normal
2026-02-08 09:16:43.664983,London-9047,-12,78,Normal
2026-02-08 09:16:44.664983,London-9047,8,67,Normal
2026-02-08 09:16:45.664983,London-9047,26,16,Normal
2026-02-08 09:16:46.664983,London-9047,46,63,Normal
2026-02-08 09:16:47.664983,London-9047,40,84,Normal
2026-02-08 09:16:48.664983,London-9047,-9,74,Normal
2026-02-08 09:16:49.664983,London-9047,-27,2,Normal
2026-02-08 09:16:50.664983,London-9047,12,61,Normal
2026-02-08 09:16:51.664983,London-9047,19,96,Normal
2026-02-08 09:16:52.664983,London-9047,-23,53,Normal
2026-02-08 09:16:53.664983,London-9047,27,40,Normal
2026-02-08 09:16:54.664983,London-9047,-9,97,Normal
2026-02-08 09:16:55.664983,London-9047,27,19,Normal
2026-02-08 09:16:56.664983,London-9047,-6,38,Normal
2026-02-08 09:16:57.664983,London-9047,38,98,Normal
2026-02-08 09:16:58.664983,London-9047,48,6,Normal
2026-02-08 09:16:59.664983,London-9047,20,60,Normal
2026-02-08 09:17:00.664983,London-9047,-22,90,Normal
2026-02-08 09:17:01.664983,London-9047,16,33,Normal
2026-02-08 09:17:02.664983,London-9047,-27,7,Normal
2026-02-08 09:17:03.664983,London-9047,-1,38,Normal
2026-02-08 09:17:04.664983,London-9047,1,78,Normal
2026-02-08 09:17:05.664983,London-9047,40,99,Normal
2026-02-08 09:17:06.664983,London-9047,-2,19,Normal
2026-02-08 09:17:07.664983,London-9047,41,10,Normal
2026-02-08 09:17:08.664983,London-9047,4,57,Normal
2026-02-08 09:17:09.664983,London-9047,15,98,Normal
2026-02-08 09:17:10.664983,London-9047,37,63,Normal
2026-02-08 09:17:11.664983,London-9047,7,33,Normal
2026-02-08 09:17:12.664983,London-9047,35,86,Normal
2026-02-08 09:17:13.664983,London-9047,-29,14,Normal
2026-02-08 09:17:14.664983,London-9047,40,44,Normal
2026-02-08 09:17:15.664983,London-9047,19,74,Normal
2026-02-08 09:17:16.664983,London-9047,-4,70,Normal
2026-02-08 09:17:17.664983,London-9047,-15,31,Normal
2026-02-08 09:17:18.664983,London-9047,-7,86,Normal
2026-02-08 09:17:19.664983,London-9047,-21,28,Normal
2026-02-08 09:17:20.664983,London-9047,41,76,Normal
2026-02-08 09:17:21.664983,London-9047,29,23,Normal
2026-02-08 09:17:22.664983,London-9047,14,6,Normal
2026-02-08 09:17:23.664983,London-9047,-1,20,Normal
2026-02-08 09:17:24.664983,London-9047,17,28,Normal
2026-02-08 09:17:25.664983,London-9047,-11,68,Normal
2026-02-08 09:17:26.664983,London-9047,-6,62,Normal
2026-02-08 09:17:27.664983,London-9047,28,2,Normal
2026-02-08 09:17:28.664983,London-9047,-14,64,Normal
2026-02-08 09:17:29.664983,London-9047,-10,88,Normal
2026-02-08 09:17:30.664983,London-9047,-13,50,Normal
2026-02-08 09:17:31.664983,London-9047,1,52,Normal
2026-02-08 09:17:32.664983,London-9047,21,95,Normal
2026-02-08 09:17:33.664983,London-9047,35,80,Normal
2026-02-08 09:17:34.664983,London-9047,47,59,Normal
2026-02-08 09:17:35.664983,London-9047,-9,11,Normal
2026-02-08 09:17:36.664983,London-9047,2,81,Normal
2026-02-08 09:17:37.664983,London-9047,10,86,Normal
2026-02-08 09:17:38.664983,London-9047,-19,9,Normal
2026-02-08 09:17:39.664983,London-9047,4,16,Normal
2026-02-08 09:17:40.664983,London-9047,18,66,Normal
2026-02-08 09:17:41.664983,London-9047,-19,66,Normal
2026-02-08 09:17:42.664983,London-9047,-20,55,Normal
2026-02-08 09:17:43.664983,London-9047,22,61,Normal
2026-02-08 09:17:44.664983,London-9047,29,56,Normal
2026-02-08 09:17:45.664983,London-9047,48,45,Normal
2026-02-08 09:17:46.664983,London-9047,16,35,Normal
2026-02-08 09:17:47.664983,London-9047,-29,83,Normal
2026-02-08 09:17:48.664983,London-9047,11,13,Normal
2026-02-08 09:17:49.664983,London-9047,-28,10,Normal
2026-02-08 09:17:50.664983,London-9047,12,27,Normal
2026-02-08 09:17:51.664983,London-9047,-27,91,Normal
2026-02-08 09:17:52.664983,London-9047,3,58,Normal
2026-02-08 09:17:53.664983,London-9047,-27,25,Normal
2026-02-08 09:17:54.664983,London-9047,31,16,Normal
2026-02-08 09:17:55.664983,London-9047,-11,82,Normal
2026-02-08 09:17:56.664983,London-9047,45,50,Normal
2026-02-08 09:17:57.664983,London-9047,32,26,Normal
2026-02-08 09:17:58.664983,London-9047,39,66,Normal
2026-02-08 09:17:59.664983,London-9047,25,29,Normal
2026-02-08 09:18:00.664983,London-9047,19,79,Normal
2026-02-08 09:18:01.664983,London-9047,32,99,Normal
2026-02-08 09:18:02.664983,London-9047,-6,28,Normal
2026-02-08 09:18:03.664983,London-9047,-24,2,Normal
2026-02-08 09:18:04.664983,London-9047,-4,4,Normal
2026-02-08 09:18:05.664983,London-9047,15,52,Normal
2026-02-08 09:18:06.664983,London-9047,16,79,Normal
2026-02-08 09:18:07.664983,London-9047,-25,47,Normal
2026-02-08 09:18:08.664983,London-9047,48,99,Normal
2026-02-08 09:18:09.664983,London-9047,19,97,Normal
2026-02-08 09:18:10.664983,London-9047,-17,15,Normal
2026-02-08 09:18:11.664983,London-9047,33,88,Normal
2026-02-08 09:18:12.664983,London-9047,-23,38,Normal
2026-02-08 09:18:13.664983,London-9047,19,48,Normal
2026-02-08 09:18:14.664983,London-9047,-19,77,Normal
2026-02-08 09:18:15.664983,London-9047,-7,89,Normal
2026-02-08 09:18:16.664983,London-9047,-22,53,Normal
2026-02-08 09:18:17.664983,London-9047,19,89,Normal
2026-02-08 09:18:18.664983,London-9047,30,34,Normal
2026-02-08 09:18:19.664983,London-9047,-21,66,Normal
2026-02-08 09:18:20.664983,London-9047,34,66,Normal
2026-02-08 09:18:21.664983,London-9047,15,85,Normal
2026-02-08 09:18:22.664983,London-9047,-14,41,Normal
2026-02-08 09:18:23.664983,London-9047,28,18,Normal
2026-02-08 09:18:24.664983,London-9047,29,45,Normal
2026-02-08 09:18:25.664983,London-9047,-16,85,Normal
2026-02-08 09:18:26.664983,London-9047,-22,8,Normal
2026-02-08 09:18:27.664983,London-9047,-11,0,Normal
2026-02-08 09:18:28.664983,London-9047,15,33,Normal
2026-02-08 09:18:29.664983,London-9047,10,99,Normal
2026-02-08 09:18:30.664983,London-9047,31,49,Normal
2026-02-08 09:18:31.664983,London-9047,28,80,Normal
2026-02-08 09:18:32.664983,London-9047,-10,44,Normal
2026-02-08 09:18:33.664983,London-9047,26,81,Normal
2026-02-08 09:18:34.664983,London-9047,4,53,Normal
2026-02-08 09:18:35.664983,London-9047,5,82,Normal
2026-02-08 09:18:36.664983,London-9047,-16,31,Normal
2026-02-08 09:18:37.664983,London-9047,7,58,Normal
2026-02-08 09:18:38.664983,London-9047,8,34,Normal
2026-02-08 09:18:39.664983,London-9047,-30,94,Normal
2026-02-08 09:18:40.664983,London-9047,25,49,Normal
2026-02-08 09:18:41.664983,London-9047,-28,1,Normal
2026-02-08 09:18:42.664983,London-9047,41,83,Normal
2026-02-08 09:18:43.664983,London-9047,-29,73,Normal
2026-02-08 09:18:44.664983,London-9047,-13,94,Normal
2026-02-08 09:18:45.664983,London-9047,45,14,Normal
2026-02-08 09:18:46.664983,London-9047,30,47,Normal
2026-02-08 09:18:47.664983,London-9047,14,40,Normal
2026-02-08 09:18:48.664983,London-9047,-20,95,Normal
2026-02-08 09:18:49.664983,London-9047,49,21,Normal
2026-02-08 09:18:50.664983,London-9047,50,32,Normal
2026-02-08 09:18:51.664983,London-9047,32,18,Normal
2026-02-08 09:18:52.664983,London-9047,34,9,Normal
2026-02-08 09:18:53.664983,London-9047,22,33,Normal
2026-02-08 09:18:54.664983,London-9047,0,56,Normal
2026-02-08 09:18:55.664983,London-9047,31,36,Normal
2026-02-08 09:18:56.664983,London-9047,-12,58,Normal
2026-02-08 09:18:57.664983,London-9047,-3,47,Normal
2026-02-08 09:18:58.664983,London-9047,20,23,Normal
2026-02-08 09:18:59.664983,London-9047,-13,17,Normal
2026-02-08 09:19:00.664983,London-9047,-8,81,Normal
2026-02-08 09:19:01.664983,London-9047,23,72,Normal
2026-02-08 09:19:02.664983,London-9047,-11,70,Normal
2026-02-08 09:19:03.664983,London-9047,-13,83,Normal
2026-02-08 09:19:04.664983,London-9047,-28,36,Normal
2026-02-08 09:19:05.664983,London-9047,45,30,Normal
2026-02-08 09:19:06.664983,London-9047,-11,93,Normal
2026-02-08 09:19:07.664983,London-9047,-24,35,Normal
2026-02-08 09:19:08.664983,London-9047,6,75,Normal
2026-02-08 09:19:09.664983,London-9047,-14,90,Normal
2026-02-08 09:19:10.664983,London-9047,14,50,Normal
2026-02-08 09:19:11.664983,London-9047,18,19,Normal
2026-02-08 09:19:12.664983,London-9047,40,42,Normal
2026-02-08 09:19:13.664983,London-9047,-12,19,Normal
2026-02-08 09:19:14.664983,London-9047,-8,12,Normal
2026-02-08 09:19:15.664983,London-9047,49,86,Normal
2026-02-08 09:19:16.664983,London-9047,42,99,Normal
2026-02-08 09:19:17.664983,London-9047,35,94,Normal
2026-02-08 09:19:18.664983,London-9047,-6,58,Normal
2026-02-08 09:19:19.664983,London-9047,-4,68,Normal
2026-02-08 09:19:20.664983,London-9047,-26,49,Normal
2026-02-08 09:19:21.664983,London-9047,-30,24,Normal
2026-02-08 09:19:22.664983,London-9047,46,53,Normal
2026-02-08 09:19:23.664983,London-9047,36,88,Normal
2026-02-08 09:19:24.664983,London-9047,-9,4,Normal
2026-02-08 09:19:25.664983,London-9047,3,49,Normal
2026-02-08 09:19:26.664983,London-9047,-1,2,Normal
2026-02-08 09:19:27.664983,London-9047,35,92,Normal
2026-02-08 09:19:28.664983,London-9047,2,57,Normal
2026-02-08 09:19:29.664983,London-9047,-30,92,Normal
2026-02-08 09:19:30.664983,London-9047,34,84,Normal
2026-02-08 09:19:31.664983,London-9047,-26,86,Normal
2026-02-08 09:19:32.664983,London-9047,-5,5,Normal
2026-02-08 09:19:33.664983,London-9047,48,92,Normal
2026-02-08 09:19:34.664983,London-9047,-27,49,Normal
2026-02-08 09:19:35.664983,London-9047,-10,87,Normal
2026-02-08 09:19:36.664983,London-9047,14,40,Normal
2026-02-08 09:19:37.664983,London-9047,-7,26,Normal
2026-02-08 09:19:38.664983,London-9047,-4,44,Normal
2026-02-08 09:19:39.664983,London-9047,-24,69,Normal
2026-02-08 09:19:40.664983,London-9047,-18,0,Normal
2026-02-08 09:19:41.664983,London-9047,34,10,Normal
2026-02-08 09:19:42.664983,London-9047,13,19,Normal
2026-02-08 09:19:43.664983,London-9047,27,14,Normal
2026-02-08 09:19:44.664983,London-9047,-20,42,Normal
2026-02-08 09:19:45.664983,London-9047,2,12,Normal
2026-02-08 09:19:46.664983,London-9047,24,31,Normal
2026-02-08 09:19:47.664983,London-9047,-17,96,Normal
2026-02-08 09:19:48.664983,London-9047,-26,33,Normal
2026-02-08 09:19:49.664983,London-9047,5,46,Normal
2026-02-08 09:19:50.664983,London-9047,-12,51,Normal
2026-02-08 09:19:51.664983,London-9047,39,36,Normal
2026-02-08 09:19:52.664983,London-9047,-27,68,Normal
2026-02-08 09:19:53.664983,London-9047,15,26,Normal
2026-02-08 09:19:54.664983,London-9047,-3,90,Normal
2026-02-08 09:19:55.664983,London-9047,0,4,Normal
2026-02-08 09:19:56.664983,London-9047,-1,54,Normal
2026-02-08 09:19:57.664983,London-9047,-28,43,Normal
2026-02-08 09:19:58.664983,London-9047,-4,73,Normal
2026-02-08 09:19:59.664983,London-9047,14,14,Normal
2026-02-08 09:20:00.664983,London-9047,-18,39,Normal
2026-02-08 09:20:01.664983,London-9047,-6,1,Normal
2026-02-08 09:20:02.664983,London-9047,29,77,Normal
2026-02-08 09:20:03.664983,London-9047,22,74,Normal
2026-02-08 09:20:04.664983,London-9047,34,63,Normal
2026-02-08 09:20:05.664983,London-9047,37,18,Normal
2026-02-08 09:20:06.664983,London-9047,-18,42,Normal
2026-02-08 09:20:07.664983,London-9047,15,59,Normal
2026-02-08 09:20:08.664983,London-9047,7,91,Normal
2026-02-08 09:20:09.664983,London-9047,38,83,Normal
2026-02-08 09:20:10.664983,London-9047,20,97,Normal
2026-02-08 09:20:11.664983,London-9047,2,93,Normal
2026-02-08 09:20:12.664983,London-9047,48,24,Normal
2026-02-08 09:20:13.664983,London-9047,-4,35,Normal
2026-02-08 09:20:14.664983,London-9047,-1,25,Normal
2026-02-08 09:20:15.664983,London-9047,-6,91,Normal
2026-02-08 09:20:16.664983,London-9047,-17,52,Normal
2026-02-08 09:20:17.664983,London-9047,18,8,Normal
2026-02-08 09:20:18.664983,London-9047,48,78,Normal
2026-02-08 09:20:19.664983,London-9047,-14,72,Normal
2026-02-08 09:20:20.664983,London-9047,43,0,Normal
2026-02-08 09:20:21.664983,London-9047,6,29,Normal
2026-02-08 09:20:22.664983,London-9047,6,12,Normal
2026-02-08 09:20:23.664983,London-9047,37,47,Normal
2026-02-08 09:20:24.664983,London-9047,50,94,Normal
2026-02-08 09:20:25.664983,London-9047,15,71,Normal
2026-02-08 09:20:26.664983,London-9047,-22,70,Normal
2026-02-08 09:20:27.664983,London-9047,-5,10,Normal
2026-02-08 09:20:28.664983,London-9047,25,83,Normal
2026-02-08 09:20:29.664983,London-9047,-7,16,Normal
2026-02-08 09:20:30.664983,London-9047,27,88,Normal
2026-02-08 09:20:31.664983,London-9047,2,41,Normal
2026-02-08 09:20:32.664983,London-9047,4,79,Normal
2026-02-08 09:20:33.664983,London-9047,21,59,Normal
2026-02-08 09:20:34.664983,London-9047,14,94,Normal
2026-02-08 09:20:35.664983,London-9047,-11,30,Normal
2026-02-08 09:20:36.664983,London-9047,7,93,Normal
2026-02-08 09:20:37.664983,London-9047,42,4,Normal
2026-02-08 09:20:38.664983,London-9047,20,79,Normal
2026-02-08 09:20:39.664983,London-9047,38,51,Normal
2026-02-08 09:20:40.664983,London-9047,15,47,Normal
2026-02-08 09:20:41.664983,London-9047,-14,93,Normal
2026-02-08 09:20:42.664983,London-9047,2,9,Normal
2026-02-08 09:20:43.664983,London-9047,12,1,Normal
2026-02-08 09:20:44.664983,London-9047,-11,66,Normal
2026-02-08 09:20:45.664983,London-9047,42,27,Normal
2026-02-08 09:20:46.664983,London-9047,33,72,Normal
2026-02-08 09:20:47.664983,London-9047,0,46,Normal
2026-02-08 09:20:48.664983,London-9047,33,87,Normal
2026-02-08 09:20:49.664983,London-9047,-7,9,Normal
2026-02-08 09:20:50.664983,London-9047,15,40,Normal
2026-02-08 09:20:51.664983,London-9047,4,82,Normal
2026-02-08 09:20:52.664983,London-9047,50,9,Normal
2026-02-08 09:20:53.664983,London-9047,40,42,Normal
2026-02-08 09:20:54.664983,London-9047,-1,57,Normal
2026-02-08 09:20:55.664983,London-9047,-18,57,Normal
2026-02-08 09:20:56.664983,London-9047,-8,42,Normal
2026-02-08 09:20:57.664983,London-9047,21,46,Normal
2026-02-08 09:20:58.664983,London-9047,35,68,Normal
2026-02-08 09:20:59.664983,London-9047,-25,51,Normal
2026-02-08 09:21:00.664983,London-9047,-22,71,Normal
2026-02-08 09:21:01.664983,London-9047,48,22,Normal
2026-02-08 09:21:02.664983,London-9047,45,46,Normal
2026-02-08 09:21:03.664983,London-9047,37,39,Normal
2026-02-08 09:21:04.664983,London-9047,-21,40,Normal
2026-02-08 09:21:05.664983,London-9047,-10,88,Normal
2026-02-08 09:21:06.664983,London-9047,-12,99,Normal
2026-02-08 09:21:07.664983,London-9047,-5,29,Normal
2026-02-08 09:21:08.664983,London-9047,10,27,Normal
2026-02-08 09:21:09.664983,London-9047,35,19,Normal
2026-02-08 09:21:10.664983,London-9047,31,20,Normal
2026-02-08 09:21:11.664983,London-9047,-19,65,Normal
2026-02-08 09:21:12.664983,London-9047,42,30,Normal
2026-02-08 09:21:13.664983,London-9047,-12,22,Normal
2026-02-08 09:21:14.664983,London-9047,-7,10,Normal
2026-02-08 09:21:15.664983,London-9047,5,87,Normal
2026-02-08 09:21:16.664983,London-9047,-12,53,Normal
2026-02-08 09:21:17.664983,London-9047,-12,39,Normal
2026-02-08 09:21:18.664983,London-9047,-2,95,Normal
2026-02-08 09:21:19.664983,London-9047,4,6,Normal
2026-02-08 09:21:20.664983,London-9047,-13,53,Normal
2026-02-08 09:21:21.664983,London-9047,28,87,Normal
2026-02-08 09:21:22.664983,London-9047,11,38,Normal
2026-02-08 09:21:23.664983,London-9047,-4,24,Normal
2026-02-08 09:21:24.664983,London-9047,25,83,Normal
2026-02-08 09:21:25.664983,London-9047,35,19,Normal
2026-02-08 09:21:26.664983,London-9047,17,40,Normal
2026-02-08 09:21:27.664983,London-9047,19,36,Normal
2026-02-08 09:21:28.664983,London-9047,6,48,Normal
2026-02-08 09:21:29.664983,London-9047,5,97,Normal
2026-02-08 09:21:30.664983,London-9047,-16,27,Normal
2026-02-08 09:21:31.664983,London-9047,-14,7,Normal
2026-02-08 09:21:32.664983,London-9047,-26,66,Normal
2026-02-08 09:21:33.664983,London-9047,-8,70,Normal
2026-02-08 09:21:34.664983,London-9047,-10,60,Normal
2026-02-08 09:21:35.664983,London-9047,-21,47,Normal
2026-02-08 09:21:36.664983,London-9047,-23,2,Normal
2026-02-08 09:21:37.664983,London-9047,35,7,Normal
2026-02-08 09:21:38.664983,London-9047,15,43,Normal
2026-02-08 09:21:39.664983,London-9047,39,27,Normal
2026-02-08 09:21:40.664983,London-9047,-18,96,Normal
2026-02-08 09:21:41.664983,London-9047,39,91,Normal
2026-02-08 09:21:42.664983,London-9047,-20,60,Normal
2026-02-08 09:21:43.664983,London-9047,4,16,Normal
2026-02-08 09:21:44.664983,London-9047,25,9,Normal
2026-02-08 09:21:45.664983,London-9047,-5,0,Normal
2026-02-08 09:21:46.664983,London-9047,-11,33,Normal
2026-02-08 09:21:47.664983,London-9047,3,89,Normal
2026-02-08 09:21:48.664983,London-9047,10,88,Normal
2026-02-08 09:21:49.664983,London-9047,-19,54,Normal
2026-02-08 09:21:50.664983,London-9047,11,70,Normal
2026-02-08 09:21:51.664983,London-9047,48,22,Normal
2026-02-08 09:21:52.664983,London-9047,32,23,Normal
2026-02-08 09:21:53.664983,London-9047,13,39,Normal
2026-02-08 09:21:54.664983,London-9047,16,14,Normal
2026-02-08 09:21:55.664983,London-9047,13,78,Normal
2026-02-08 09:21:56.664983,London-9047,4,44,Normal
2026-02-08 09:21:57.664983,London-9047,38,57,Normal
2026-02-08 09:21:58.664983,London-9047,29,42,Normal
2026-02-08 09:21:59.664983,London-9047,47,18,Normal
2026-02-08 09:22:00.664983,London-9047,49,87,Normal
2026-02-08 09:22:01.664983,London-9047,-11,70,Normal
2026-02-08 09:22:02.664983,London-9047,6,26,Normal
2026-02-08 09:22:03.664983,London-9047,44,35,Normal
2026-02-08 09:22:04.664983,London-9047,-2,22,Normal
2026-02-08 09:22:05.664983,London-9047,49,31,Normal
2026-02-08 09:22:06.664983,London-9047,-22,65,Normal
2026-02-08 09:22:07.664983,London-9047,-9,96,Normal
2026-02-08 09:22:08.664983,London-9047,-9,62,Normal
2026-02-08 09:22:09.664983,London-9047,30,16,Normal
2026-02-08 09:22:10.664983,London-9047,11,65,Normal
2026-02-08 09:22:11.664983,London-9047,50,84,Normal
2026-02-08 09:22:12.664983,London-9047,30,86,Normal
2026-02-08 09:22:13.664983,London-9047,46,53,Normal
2026-02-08 09:22:14.664983,London-9047,-14,46,Normal
2026-02-08 09:22:15.664983,London-9047,17,20,Normal
2026-02-08 09:22:16.664983,London-9047,1,29,Normal
2026-02-08 09:22:17.664983,London-9047,18,36,Normal
2026-02-08 09:22:18.664983,London-9047,22,13,Normal
2026-02-08 09:22:19.664983,London-9047,43,94,Normal
2026-02-08 09:22:20.664983,London-9047,27,100,Normal
2026-02-08 09:22:21.664983,London-9047,35,80,Normal
2026-02-08 09:22:22.664983,London-9047,-20,55,Normal
2026-02-08 09:22:23.664983,London-9047,24,36,Normal
2026-02-08 09:22:24.664983,London-9047,38,20,Normal
2026-02-08 09:22:25.664983,London-9047,27,6,Normal
2026-02-08 09:22:26.664983,London-9047,-7,79,Normal
2026-02-08 09:22:27.664983,London-9047,23,81,Normal
2026-02-08 09:22:28.664983,London-9047,44,40,Normal
2026-02-08 09:22:29.664983,London-9047,3,74,Normal
2026-02-08 09:22:30.664983,London-9047,-17,98,Normal
2026-02-08 09:22:31.664983,London-9047,4,23,Normal
2026-02-08 09:22:32.664983,London-9047,50,73,Normal
2026-02-08 09:22:33.664983,London-9047,24,2,Normal
2026-02-08 09:22:34.664983,London-9047,45,6,Normal
2026-02-08 09:22:35.664983,London-9047,39,28,Normal
2026-02-08 09:22:36.664983,London-9047,15,43,Normal
2026-02-08 09:22:37.664983,London-9047,-24,95,Normal
2026-02-08 09:22:38.664983,London-9047,-1,73,Normal
2026-02-08 09:22:39.664983,London-9047,44,98,Normal
2026-02-08 09:22:40.664983,London-9047,-18,46,Normal
2026-02-08 09:22:41.664983,London-9047,32,41,Normal
2026-02-08 09:22:42.664983,London-9047,1,50,Normal
2026-02-08 09:22:43.664983,London-9047,-16,12,Normal
2026-02-08 09:22:44.664983,London-9047,-4,64,Normal
2026-02-08 09:22:45.664983,London-9047,-8,60,Normal
2026-02-08 09:22:46.664983,London-9047,35,5,Normal
2026-02-08 09:22:47.664983,London-9047,49,80,Normal
2026-02-08 09:22:48.664983,London-9047,48,9,Normal
2026-02-08 09:22:49.664983,London-9047,37,50,Normal
2026-02-08 09:22:50.664983,London-9047,-19,5,Normal
