timestamp,station_id,temp,humid,condition
2026-02-14 23:51:23.872098,Toronto-b8c6,-4,58,Normal
2026-02-14 23:51:24.872098,Toronto-b8c6,21,37,Normal
2026-02-14 23:51:25.872098,Toronto-b8c6,7,0,Normal
2026-02-14 23:51:26.872098,Toronto-b8c6,-12,73,Normal
2026-02-14 23:51:27.872098,Toronto-b8c6,21,7,Normal
2026-02-14 23:51:28.872098,Toronto-b8c6,17,45,Normal
2026-02-14 23:51:29.872098,Toronto-b8c6,44,22,Normal
2026-02-14 23:51:30.872098,Toronto-b8c6,21,50,Normal
2026-02-14 23:51:31.872098,Toronto-b8c6,-6,83,Normal
2026-02-14 23:51:32.872098,Toronto-b8c6,34,62,Normal
2026-02-14 23:51:33.872098,Toronto-b8c6,34,96,Normal
2026-02-14 23:51:34.872098,Toronto-b8c6,-29,86,Normal
2026-02-14 23:51:35.872098,Toronto-b8c6,-13,61,Normal
2026-02-14 23:51:36.872098,Toronto-b8c6,6,10,Normal
2026-02-14 23:51:37.872098,Toronto-b8c6,-13,29,Normal
2026-02-14 23:51:38.872098,Toronto-b8c6,21,16,Normal
2026-02-14 23:51:39.872098,Toronto-b8c6,31,5,Normal
2026-02-14 23:51:40.872098,Toronto-b8c6,36,93,Normal
2026-02-14 23:51:41.872098,Toronto-b8c6,29,27,Normal
2026-02-14 23:51:42.872098,Toronto-b8c6,44,84,Normal
2026-02-14 23:51:43.872098,Toronto-b8c6,15,23,Normal
2026-02-14 23:51:44.872098,Toronto-b8c6,37,73,Normal
2026-02-14 23:51:45.872098,Toronto-b8c6,47,65,Normal
2026-02-14 23:51:46.872098,Toronto-b8c6,-16,72,Normal
2026-02-14 23:51:47.872098,Toronto-b8c6,-11,48,Normal
2026-02-14 23:51:48.872098,Toronto-b8c6,42,80,Normal
2026-02-14 23:51:49.872098,Toronto-b8c6,0,53,Normal
2026-02-14 23:51:50.872098,Toronto-b8c6,6,45,Normal
2026-02-14 23:51:51.872098,Toronto-b8c6,-24,98,Normal
2026-02-14 23:51:52.872098,Toronto-b8c6,13,22,Normal
2026-02-14 23:51:53.872098,Toronto-b8c6,16,100,Normal
2026-02-14 23:51:54.872098,Toronto-b8c6,28,50,Normal
2026-02-14 23:51:55.872098,Toronto-b8c6,4,91,Normal
2026-02-14 23:51:56.872098,Toronto-b8c6,11,90,Normal
2026-02-14 23:51:57.872098,Toronto-b8c6,23,2,Normal
2026-02-14 23:51:58.872098,Toronto-b8c6,4,68,Normal
2026-02-14 23:51:59.872098,Toronto-b8c6,37,21,Normal
2026-02-14 23:52:00.872098,Toronto-b8c6,12,70,Normal
2026-02-14 23:52:01.872098,Toronto-b8c6,-1,49,Normal
2026-02-14 23:52:02.872098,Toronto-b8c6,-11,87,Normal
2026-02-14 23:52:03.872098,Toronto-b8c6,16,61,Normal
2026-02-14 23:52:04.872098,Toronto-b8c6,3,73,Normal
2026-02-14 23:52:05.872098,Toronto-b8c6,11,30,Normal
2026-02-14 23:52:06.872098,Toronto-b8c6,-24,83,Normal
2026-02-14 23:52:07.872098,Toronto-b8c6,36,23,Normal
2026-02-14 23:52:08.872098,Toronto-b8c6,-6,15,Normal
2026-02-14 23:52:09.872098,Toronto-b8c6,-12,63,Normal
2026-02-14 23:52:10.872098,Toronto-b8c6,4,9,Normal
2026-02-14 23:52:11.872098,Toronto-b8c6,40,47,Normal
2026-02-14 23:52:12.872098,Toronto-b8c6,-6,15,Normal
2026-02-14 23:52:13.872098,Toronto-b8c6,50,94,Normal
2026-02-14 23:52:14.872098,Toronto-b8c6,22,48,Normal
2026-02-14 23:52:15.872098,Toronto-b8c6,-12,63,Normal
2026-02-14 23:52:16.872098,Toronto-b8c6,-24,31,Normal
2026-02-14 23:52:17.872098,Toronto-b8c6,-9,78,Normal
2026-02-14 23:52:18.872098,Toronto-b8c6,20,94,Normal
2026-02-14 23:52:19.872098,Toronto-b8c6,-27,50,Normal
2026-02-14 23:52:20.872098,Toronto-b8c6,46,95,Normal
2026-02-14 23:52:21.872098,Toronto-b8c6,49,95,Normal
2026-02-14 23:52:22.872098,Toronto-b8c6,-19,45,Normal
2026-02-14 23:52:23.872098,Toronto-b8c6,-1,43,Normal
2026-02-14 23:52:24.872098,Toronto-b8c6,43,3,Normal
2026-02-14 23:52:25.872098,Toronto-b8c6,-19,37,Normal
2026-02-14 23:52:26.872098,Toronto-b8c6,48,56,Normal
2026-02-14 23:52:27.872098,Toronto-b8c6,-10,91,Normal
2026-02-14 23:52:28.872098,Toronto-b8c6,14,13,Normal
2026-02-14 23:52:29.872098,Toronto-b8c6,7,96,Normal
2026-02-14 23:52:30.872098,Toronto-b8c6,24,32,Normal
2026-02-14 23:52:31.872098,Toronto-b8c6,6,89,Normal
2026-02-14 23:52:32.872098,Toronto-b8c6,16,98,Normal
2026-02-14 23:52:33.872098,Toronto-b8c6,-27,36,Normal
2026-02-14 23:52:34.872098,Toronto-b8c6,19,78,Normal
2026-02-14 23:52:35.872098,Toronto-b8c6,5,31,Normal
2026-02-14 23:52:36.872098,Toronto-b8c6,39,84,Normal
2026-02-14 23:52:37.872098,Toronto-b8c6,-25,44,Normal
2026-02-14 23:52:38.872098,Toronto-b8c6,-21,15,Normal
2026-02-14 23:52:39.872098,Toronto-b8c6,-18,93,Normal
2026-02-14 23:52:40.872098,Toronto-b8c6,49,15,Normal
2026-02-14 23:52:41.872098,Toronto-b8c6,23,45,Normal
2026-02-14 23:52:42.872098,Toronto-b8c6,-28,30,Normal
2026-02-14 23:52:43.872098,Toronto-b8c6,36,95,Normal
2026-02-14 23:52:44.872098,Toronto-b8c6,18,25,Normal
2026-02-14 23:52:45.872098,Toronto-b8c6,6,51,Normal
2026-02-14 23:52:46.872098,Toronto-b8c6,38,96,Normal
2026-02-14 23:52:47.872098,Toronto-b8c6,33,24,Normal
2026-02-14 23:52:48.872098,Toronto-b8c6,-26,85,Normal
2026-02-14 23:52:49.872098,Toronto-b8c6,27,30,Normal
2026-02-14 23:52:50.872098,Toronto-b8c6,-2,27,Normal
2026-02-14 23:52:51.872098,Toronto-b8c6,-7,59,Normal
2026-02-14 23:52:52.872098,Toronto-b8c6,35,86,Normal
2026-02-14 23:52:53.872098,Toronto-b8c6,-7,74,Normal
2026-02-14 23:52:54.872098,Toronto-b8c6,-29,20,Normal
2026-02-14 23:52:55.872098,Toronto-b8c6,26,17,Normal
2026-02-14 23:52:56.872098,Toronto-b8c6,12,43,Normal
2026-02-14 23:52:57.872098,Toronto-b8c6,27,0,Normal
2026-02-14 23:52:58.872098,Toronto-b8c6,20,2,Normal
2026-02-14 23:52:59.872098,Toronto-b8c6,48,63,Normal
2026-02-14 23:53:00.872098,Toronto-b8c6,15,41,Normal
2026-02-14 23:53:01.872098,Toronto-b8c6,-19,50,Normal
2026-02-14 23:53:02.872098,Toronto-b8c6,-27,83,Normal
2026-02-14 23:53:03.872098,Toronto-b8c6,-25,61,Normal
2026-02-14 23:53:04.872098,Toronto-b8c6,0,50,Normal
2026-02-14 23:53:05.872098,Toronto-b8c6,7,29,Normal
2026-02-14 23:53:06.872098,Toronto-b8c6,21,45,Normal
2026-02-14 23:53:07.872098,Toronto-b8c6,-15,91,Normal
2026-02-14 23:53:08.872098,Toronto-b8c6,8,96,Normal
2026-02-14 23:53:09.872098,Toronto-b8c6,13,42,Normal
2026-02-14 23:53:10.872098,Toronto-b8c6,43,11,Normal
2026-02-14 23:53:11.872098,Toronto-b8c6,22,89,Normal
2026-02-14 23:53:12.872098,Toronto-b8c6,-28,77,Normal
2026-02-14 23:53:13.872098,Toronto-b8c6,17,5,Normal
2026-02-14 23:53:14.872098,Toronto-b8c6,24,56,Normal
2026-02-14 23:53:15.872098,Toronto-b8c6,0,4,Normal
2026-02-14 23:53:16.872098,Toronto-b8c6,37,25,Normal
2026-02-14 23:53:17.872098,Toronto-b8c6,-14,60,Normal
2026-02-14 23:53:18.872098,Toronto-b8c6,21,7,Normal
2026-02-14 23:53:19.872098,Toronto-b8c6,6,32,Normal
2026-02-14 23:53:20.872098,Toronto-b8c6,41,85,Normal
2026-02-14 23:53:21.872098,Toronto-b8c6,36,3,Normal
2026-02-14 23:53:22.872098,Toronto-b8c6,-27,71,Normal
2026-02-14 23:53:23.872098,Toronto-b8c6,-17,86,Normal
2026-02-14 23:53:24.872098,Toronto-b8c6,-9,52,Normal
2026-02-14 23:53:25.872098,Toronto-b8c6,32,16,Normal
2026-02-14 23:53:26.872098,Toronto-b8c6,-20,77,Normal
2026-02-14 23:53:27.872098,Toronto-b8c6,42,90,Normal
2026-02-14 23:53:28.872098,Toronto-b8c6,-26,67,Normal
2026-02-14 23:53:29.872098,Toronto-b8c6,-17,81,Normal
2026-02-14 23:53:30.872098,Toronto-b8c6,47,29,Normal
2026-02-14 23:53:31.872098,Toronto-b8c6,50,86,Normal
2026-02-14 23:53:32.872098,Toronto-b8c6,10,40,Normal
2026-02-14 23:53:33.872098,Toronto-b8c6,8,27,Normal
2026-02-14 23:53:34.872098,Toronto-b8c6,23,56,Normal
2026-02-14 23:53:35.872098,Toronto-b8c6,13,77,Normal
2026-02-14 23:53:36.872098,Toronto-b8c6,7,23,Normal
2026-02-14 23:53:37.872098,Toronto-b8c6,43,56,Normal
2026-02-14 23:53:38.872098,Toronto-b8c6,1,50,Normal
2026-02-14 23:53:39.872098,Toronto-b8c6,34,47,Normal
2026-02-14 23:53:40.872098,Toronto-b8c6,3,49,Normal
2026-02-14 23:53:41.872098,Toronto-b8c6,21,28,Normal
2026-02-14 23:53:42.872098,Toronto-b8c6,45,62,Normal
2026-02-14 23:53:43.872098,Toronto-b8c6,12,0,Normal
2026-02-14 23:53:44.872098,Toronto-b8c6,16,61,Normal
2026-02-14 23:53:45.872098,Toronto-b8c6,0,90,Normal
2026-02-14 23:53:46.872098,Toronto-b8c6,40,31,Normal
2026-02-14 23:53:47.872098,Toronto-b8c6,15,80,Normal
2026-02-14 23:53:48.872098,Toronto-b8c6,-25,78,Normal
2026-02-14 23:53:49.872098,Toronto-b8c6,-5,54,Normal
2026-02-14 23:53:50.872098,Toronto-b8c6,12,78,Normal
2026-02-14 23:53:51.872098,Toronto-b8c6,19,78,Normal
2026-02-14 23:53:52.872098,Toronto-b8c6,43,72,Normal
2026-02-14 23:53:53.872098,Toronto-b8c6,3,97,Normal
2026-02-14 23:53:54.872098,Toronto-b8c6,48,30,Normal
2026-02-14 23:53:55.872098,Toronto-b8c6,-7,11,Normal
2026-02-14 23:53:56.872098,Toronto-b8c6,-2,62,Normal
2026-02-14 23:53:57.872098,Toronto-b8c6,37,49,Normal
2026-02-14 23:53:58.872098,Toronto-b8c6,-24,77,Normal
2026-02-14 23:53:59.872098,Toronto-b8c6,23,20,Normal
2026-02-14 23:54:00.872098,Toronto-b8c6,24,78,Normal
2026-02-14 23:54:01.872098,Toronto-b8c6,35,13,Normal
2026-02-14 23:54:02.872098,Toronto-b8c6,-17,52,Normal
2026-02-14 23:54:03.872098,Toronto-b8c6,11,42,Normal
2026-02-14 23:54:04.872098,Toronto-b8c6,3,0,Normal
2026-02-14 23:54:05.872098,Toronto-b8c6,38,75,Normal
2026-02-14 23:54:06.872098,Toronto-b8c6,47,36,Normal
2026-02-14 23:54:07.872098,Toronto-b8c6,35,94,Normal
2026-02-14 23:54:08.872098,Toronto-b8c6,-5,14,Normal
2026-02-14 23:54:09.872098,Toronto-b8c6,-29,50,Normal
2026-02-14 23:54:10.872098,Toronto-b8c6,31,92,Normal
2026-02-14 23:54:11.872098,Toronto-b8c6,22,45,Normal
2026-02-14 23:54:12.872098,Toronto-b8c6,46,59,Normal
2026-02-14 23:54:13.872098,Toronto-b8c6,-26,90,Normal
2026-02-14 23:54:14.872098,Toronto-b8c6,-3,37,Normal
2026-02-14 23:54:15.872098,Toronto-b8c6,16,30,Normal
2026-02-14 23:54:16.872098,Toronto-b8c6,36,23,Normal
2026-02-14 23:54:17.872098,Toronto-b8c6,-26,38,Normal
2026-02-14 23:54:18.872098,Toronto-b8c6,4,89,Normal
2026-02-14 23:54:19.872098,Toronto-b8c6,17,72,Normal
2026-02-14 23:54:20.872098,Toronto-b8c6,-19,92,Normal
2026-02-14 23:54:21.872098,Toronto-b8c6,-11,81,Normal
2026-02-14 23:54:22.872098,Toronto-b8c6,-1,96,Normal
2026-02-14 23:54:23.872098,Toronto-b8c6,-18,0,Normal
2026-02-14 23:54:24.872098,Toronto-b8c6,-7,7,Normal
2026-02-14 23:54:25.872098,Toronto-b8c6,29,39,Normal
2026-02-14 23:54:26.872098,Toronto-b8c6,-12,80,Normal
2026-02-14 23:54:27.872098,Toronto-b8c6,-3,50,Normal
2026-02-14 23:54:28.872098,Toronto-b8c6,-23,92,Normal
2026-02-14 23:54:29.872098,Toronto-b8c6,-25,45,Normal
2026-02-14 23:54:30.872098,Toronto-b8c6,22,15,Normal
2026-02-14 23:54:31.872098,Toronto-b8c6,-25,55,Normal
2026-02-14 23:54:32.872098,Toronto-b8c6,-19,13,Normal
2026-02-14 23:54:33.872098,Toronto-b8c6,46,81,Normal
2026-02-14 23:54:34.872098,Toronto-b8c6,-11,13,Normal
2026-02-14 23:54:35.872098,Toronto-b8c6,6,21,Normal
2026-02-14 23:54:36.872098,Toronto-b8c6,-13,30,Normal
2026-02-14 23:54:37.872098,Toronto-b8c6,-13,90,Normal
2026-02-14 23:54:38.872098,Toronto-b8c6,27,15,Normal
2026-02-14 23:54:39.872098,Toronto-b8c6,28,40,Normal
2026-02-14 23:54:40.872098,Toronto-b8c6,-13,40,Normal
2026-02-14 23:54:41.872098,Toronto-b8c6,-13,22,Normal
2026-02-14 23:54:42.872098,Toronto-b8c6,18,6,Normal
2026-02-14 23:54:43.872098,Toronto-b8c6,5,11,Normal
2026-02-14 23:54:44.872098,Toronto-b8c6,-3,38,Normal
2026-02-14 23:54:45.872098,Toronto-b8c6,-12,52,Normal
2026-02-14 23:54:46.872098,Toronto-b8c6,35,50,Normal
2026-02-14 23:54:47.872098,Toronto-b8c6,-24,44,Normal
2026-02-14 23:54:48.872098,Toronto-b8c6,37,1,Normal
2026-02-14 23:54:49.872098,Toronto-b8c6,-18,67,Normal
2026-02-14 23:54:50.872098,Toronto-b8c6,2,52,Normal
2026-02-14 23:54:51.872098,Toronto-b8c6,23,98,Normal
2026-02-14 23:54:52.872098,Toronto-b8c6,12,76,Normal
2026-02-14 23:54:53.872098,Toronto-b8c6,7,60,Normal
2026-02-14 23:54:54.872098,Toronto-b8c6,-20,19,Normal
2026-02-14 23:54:55.872098,Toronto-b8c6,4,60,Normal
2026-02-14 23:54:56.872098,Toronto-b8c6,32,4,Normal
2026-02-14 23:54:57.872098,Toronto-b8c6,10,22,Normal
2026-02-14 23:54:58.872098,Toronto-b8c6,17,92,Normal
2026-02-14 23:54:59.872098,Toronto-b8c6,-7,76,Normal
2026-02-14 23:55:00.872098,Toronto-b8c6,24,96,Normal
2026-02-14 23:55:01.872098,Toronto-b8c6,-15,16,Normal
2026-02-14 23:55:02.872098,Toronto-b8c6,-17,68,Normal
2026-02-14 23:55:03.872098,Toronto-b8c6,43,40,Normal
2026-02-14 23:55:04.872098,Toronto-b8c6,33,60,Normal
2026-02-14 23:55:05.872098,Toronto-b8c6,-6,36,Normal
2026-02-14 23:55:06.872098,Toronto-b8c6,48,78,Normal
2026-02-14 23:55:07.872098,Toronto-b8c6,23,17,Normal
2026-02-14 23:55:08.872098,Toronto-b8c6,-22,41,Normal
2026-02-14 23:55:09.872098,Toronto-b8c6,43,73,Normal
2026-02-14 23:55:10.872098,Toronto-b8c6,-17,55,Normal
2026-02-14 23:55:11.872098,Toronto-b8c6,25,18,Normal
2026-02-14 23:55:12.872098,Toronto-b8c6,15,31,Normal
2026-02-14 23:55:13.872098,Toronto-b8c6,2,37,Normal
2026-02-14 23:55:14.872098,Toronto-b8c6,25,74,Normal
2026-02-14 23:55:15.872098,Toronto-b8c6,-24,22,Normal
2026-02-14 23:55:16.872098,Toronto-b8c6,35,4,Normal
2026-02-14 23:55:17.872098,Toronto-b8c6,2,24,Normal
2026-02-14 23:55:18.872098,Toronto-b8c6,-1,21,Normal
2026-02-14 23:55:19.872098,Toronto-b8c6,-19,25,Normal
2026-02-14 23:55:20.872098,Toronto-b8c6,-28,100,Normal
2026-02-14 23:55:21.872098,Toronto-b8c6,49,32,Normal
2026-02-14 23:55:22.872098,Toronto-b8c6,-30,10,Normal
2026-02-14 23:55:23.872098,Toronto-b8c6,-9,7,Normal
2026-02-14 23:55:24.872098,Toronto-b8c6,-27,7,Normal
2026-02-14 23:55:25.872098,Toronto-b8c6,-4,76,Normal
2026-02-14 23:55:26.872098,Toronto-b8c6,-20,57,Normal
2026-02-14 23:55:27.872098,Toronto-b8c6,31,80,Normal
2026-02-14 23:55:28.872098,Toronto-b8c6,17,62,Normal
2026-02-14 23:55:29.872098,Toronto-b8c6,26,20,Normal
2026-02-14 23:55:30.872098,Toronto-b8c6,46,67,Normal
2026-02-14 23:55:31.872098,Toronto-b8c6,-13,74,Normal
2026-02-14 23:55:32.872098,Toronto-b8c6,-5,44,Normal
2026-02-14 23:55:33.872098,Toronto-b8c6,-7,3,Normal
2026-02-14 23:55:34.872098,Toronto-b8c6,-30,10,Normal
2026-02-14 23:55:35.872098,Toronto-b8c6,-8,1,Normal
2026-02-14 23:55:36.872098,Toronto-b8c6,39,62,Normal
2026-02-14 23:55:37.872098,Toronto-b8c6,39,8,Normal
2026-02-14 23:55:38.872098,Toronto-b8c6,23,28,Normal
2026-02-14 23:55:39.872098,Toronto-b8c6,-18,85,Normal
2026-02-14 23:55:40.872098,Toronto-b8c6,14,99,Normal
2026-02-14 23:55:41.872098,Toronto-b8c6,48,56,Normal
2026-02-14 23:55:42.872098,Toronto-b8c6,32,22,Normal
2026-02-14 23:55:43.872098,Toronto-b8c6,-6,70,Normal
2026-02-14 23:55:44.872098,Toronto-b8c6,37,64,Normal
2026-02-14 23:55:45.872098,Toronto-b8c6,25,57,Normal
2026-02-14 23:55:46.872098,Toronto-b8c6,43,76,Normal
2026-02-14 23:55:47.872098,Toronto-b8c6,1,93,Normal
2026-02-14 23:55:48.872098,Toronto-b8c6,-19,72,Normal
2026-02-14 23:55:49.872098,Toronto-b8c6,44,50,Normal
2026-02-14 23:55:50.872098,Toronto-b8c6,6,67,Normal
2026-02-14 23:55:51.872098,Toronto-b8c6,-24,25,Normal
2026-02-14 23:55:52.872098,Toronto-b8c6,-16,26,Normal
2026-02-14 23:55:53.872098,Toronto-b8c6,-20,39,Normal
2026-02-14 23:55:54.872098,Toronto-b8c6,-17,35,Normal
2026-02-14 23:55:55.872098,Toronto-b8c6,-10,87,Normal
2026-02-14 23:55:56.872098,Toronto-b8c6,-23,71,Normal
2026-02-14 23:55:57.872098,Toronto-b8c6,-18,92,Normal
2026-02-14 23:55:58.872098,Toronto-b8c6,7,89,Normal
2026-02-14 23:55:59.872098,Toronto-b8c6,17,39,Normal
2026-02-14 23:56:00.872098,Toronto-b8c6,38,40,Normal
2026-02-14 23:56:01.872098,Toronto-b8c6,-15,17,Normal
2026-02-14 23:56:02.872098,Toronto-b8c6,29,4,Normal
2026-02-14 23:56:03.872098,Toronto-b8c6,33,85,Normal
2026-02-14 23:56:04.872098,Toronto-b8c6,-13,18,Normal
2026-02-14 23:56:05.872098,Toronto-b8c6,-14,37,Normal
2026-02-14 23:56:06.872098,Toronto-b8c6,20,56,Normal
2026-02-14 23:56:07.872098,Toronto-b8c6,40,37,Normal
2026-02-14 23:56:08.872098,Toronto-b8c6,18,16,Normal
2026-02-14 23:56:09.872098,Toronto-b8c6,40,68,Normal
2026-02-14 23:56:10.872098,Toronto-b8c6,-15,55,Normal
2026-02-14 23:56:11.872098,Toronto-b8c6,-13,13,Normal
2026-02-14 23:56:12.872098,Toronto-b8c6,5,14,Normal
2026-02-14 23:56:13.872098,Toronto-b8c6,-13,30,Normal
2026-02-14 23:56:14.872098,Toronto-b8c6,18,1,Normal
2026-02-14 23:56:15.872098,Toronto-b8c6,-26,83,Normal
2026-02-14 23:56:16.872098,Toronto-b8c6,32,93,Normal
2026-02-14 23:56:17.872098,Toronto-b8c6,15,92,Normal
2026-02-14 23:56:18.872098,Toronto-b8c6,49,86,Normal
2026-02-14 23:56:19.872098,Toronto-b8c6,-30,62,Normal
2026-02-14 23:56:20.872098,Toronto-b8c6,-16,84,Normal
2026-02-14 23:56:21.872098,Toronto-b8c6,21,82,Normal
2026-02-14 23:56:22.872098,Toronto-b8c6,-12,11,Normal
2026-02-14 23:56:23.872098,Toronto-b8c6,-5,90,Normal
2026-02-14 23:56:24.872098,Toronto-b8c6,-4,49,Normal
2026-02-14 23:56:25.872098,Toronto-b8c6,42,72,Normal
2026-02-14 23:56:26.872098,Toronto-b8c6,22,73,Normal
2026-02-14 23:56:27.872098,Toronto-b8c6,34,5,Normal
2026-02-14 23:56:28.872098,Toronto-b8c6,-15,79,Normal
2026-02-14 23:56:29.872098,Toronto-b8c6,23,53,Normal
2026-02-14 23:56:30.872098,Toronto-b8c6,-23,4,Normal
2026-02-14 23:56:31.872098,Toronto-b8c6,-21,11,Normal
2026-02-14 23:56:32.872098,Toronto-b8c6,11,89,Normal
2026-02-14 23:56:33.872098,Toronto-b8c6,2,35,Normal
2026-02-14 23:56:34.872098,Toronto-b8c6,28,76,Normal
2026-02-14 23:56:35.872098,Toronto-b8c6,-26,10,Normal
2026-02-14 23:56:36.872098,Toronto-b8c6,17,58,Normal
2026-02-14 23:56:37.872098,Toronto-b8c6,-25,36,Normal
2026-02-14 23:56:38.872098,Toronto-b8c6,31,36,Normal
2026-02-14 23:56:39.872098,Toronto-b8c6,11,56,Normal
2026-02-14 23:56:40.872098,Toronto-b8c6,15,0,Normal
2026-02-14 23:56:41.872098,Toronto-b8c6,30,38,Normal
2026-02-14 23:56:42.872098,Toronto-b8c6,14,77,Normal
2026-02-14 23:56:43.872098,Toronto-b8c6,41,74,Normal
2026-02-14 23:56:44.872098,Toronto-b8c6,26,28,Normal
2026-02-14 23:56:45.872098,Toronto-b8c6,23,36,Normal
2026-02-14 23:56:46.872098,Toronto-b8c6,24,79,Normal
2026-02-14 23:56:47.872098,Toronto-b8c6,39,83,Normal
2026-02-14 23:56:48.872098,Toronto-b8c6,-7,11,Normal
2026-02-14 23:56:49.872098,Toronto-b8c6,25,54,Normal
2026-02-14 23:56:50.872098,Toronto-b8c6,32,53,Normal
2026-02-14 23:56:51.872098,Toronto-b8c6,-14,0,Normal
2026-02-14 23:56:52.872098,Toronto-b8c6,12,31,Normal
2026-02-14 23:56:53.872098,Toronto-b8c6,-7,99,Normal
2026-02-14 23:56:54.872098,Toronto-b8c6,3,84,Normal
2026-02-14 23:56:55.872098,Toronto-b8c6,-1,56,Normal
2026-02-14 23:56:56.872098,Toronto-b8c6,-5,61,Normal
2026-02-14 23:56:57.872098,Toronto-b8c6,-9,96,Normal
2026-02-14 23:56:58.872098,Toronto-b8c6,4,2,Normal
2026-02-14 23:56:59.872098,Toronto-b8c6,48,54,Normal
2026-02-14 23:57:00.872098,Toronto-b8c6,-14,14,Normal
2026-02-14 23:57:01.872098,Toronto-b8c6,46,46,Normal
2026-02-14 23:57:02.872098,Toronto-b8c6,31,0,Normal
2026-02-14 23:57:03.872098,Toronto-b8c6,-12,76,Normal
2026-02-14 23:57:04.872098,Toronto-b8c6,10,69,Normal
2026-02-14 23:57:05.872098,Toronto-b8c6,23,69,Normal
2026-02-14 23:57:06.872098,Toronto-b8c6,38,2,Normal
2026-02-14 23:57:07.872098,Toronto-b8c6,35,82,Normal
2026-02-14 23:57:08.872098,Toronto-b8c6,41,28,Normal
2026-02-14 23:57:09.872098,Toronto-b8c6,18,81,Normal
2026-02-14 23:57:10.872098,Toronto-b8c6,42,37,Normal
2026-02-14 23:57:11.872098,Toronto-b8c6,38,41,Normal
2026-02-14 23:57:12.872098,Toronto-b8c6,22,23,Normal
2026-02-14 23:57:13.872098,Toronto-b8c6,7,50,Normal
2026-02-14 23:57:14.872098,Toronto-b8c6,12,29,Normal
2026-02-14 23:57:15.872098,Toronto-b8c6,17,36,Normal
2026-02-14 23:57:16.872098,Toronto-b8c6,49,28,Normal
2026-02-14 23:57:17.872098,Toronto-b8c6,21,83,Normal
2026-02-14 23:57:18.872098,Toronto-b8c6,24,87,Normal
2026-02-14 23:57:19.872098,Toronto-b8c6,-4,46,Normal
2026-02-14 23:57:20.872098,Toronto-b8c6,-27,9,Normal
2026-02-14 23:57:21.872098,Toronto-b8c6,12,14,Normal
2026-02-14 23:57:22.872098,Toronto-b8c6,1,37,Normal
2026-02-14 23:57:23.872098,Toronto-b8c6,-26,48,Normal
2026-02-14 23:57:24.872098,Toronto-b8c6,19,94,Normal
2026-02-14 23:57:25.872098,Toronto-b8c6,24,77,Normal
2026-02-14 23:57:26.872098,Toronto-b8c6,4,61,Normal
2026-02-14 23:57:27.872098,Toronto-b8c6,48,6,Normal
2026-02-14 23:57:28.872098,Toronto-b8c6,48,82,Normal
2026-02-14 23:57:29.872098,Toronto-b8c6,17,15,Normal
2026-02-14 23:57:30.872098,Toronto-b8c6,-18,63,Normal
2026-02-14 23:57:31.872098,Toronto-b8c6,24,84,Normal
2026-02-14 23:57:32.872098,Toronto-b8c6,-18,26,Normal
2026-02-14 23:57:33.872098,Toronto-b8c6,16,29,Normal
2026-02-14 23:57:34.872098,Toronto-b8c6,-11,89,Normal
2026-02-14 23:57:35.872098,Toronto-b8c6,-17,77,Normal
2026-02-14 23:57:36.872098,Toronto-b8c6,27,85,Normal
2026-02-14 23:57:37.872098,Toronto-b8c6,31,84,Normal
2026-02-14 23:57:38.872098,Toronto-b8c6,-9,48,Normal
2026-02-14 23:57:39.872098,Toronto-b8c6,46,80,Normal
2026-02-14 23:57:40.872098,Toronto-b8c6,-13,47,Normal
2026-02-14 23:57:41.872098,Toronto-b8c6,37,3,Normal
2026-02-14 23:57:42.872098,Toronto-b8c6,-28,51,Normal
2026-02-14 23:57:43.872098,Toronto-b8c6,46,5,Normal
2026-02-14 23:57:44.872098,Toronto-b8c6,21,77,Normal
2026-02-14 23:57:45.872098,Toronto-b8c6,1,41,Normal
2026-02-14 23:57:46.872098,Toronto-b8c6,8,41,Normal
2026-02-14 23:57:47.872098,Toronto-b8c6,27,24,Normal
2026-02-14 23:57:48.872098,Toronto-b8c6,31,18,Normal
2026-02-14 23:57:49.872098,Toronto-b8c6,16,8,Normal
2026-02-14 23:57:50.872098,Toronto-b8c6,28,53,Normal
2026-02-14 23:57:51.872098,Toronto-b8c6,33,92,Normal
2026-02-14 23:57:52.872098,Toronto-b8c6,16,91,Normal
2026-02-14 23:57:53.872098,Toronto-b8c6,0,16,Normal
2026-02-14 23:57:54.872098,Toronto-b8c6,41,16,Normal
2026-02-14 23:57:55.872098,Toronto-b8c6,25,100,Normal
2026-02-14 23:57:56.872098,Toronto-b8c6,-19,38,Normal
2026-02-14 23:57:57.872098,Toronto-b8c6,-2,32,Normal
2026-02-14 23:57:58.872098,Toronto-b8c6,47,60,Normal
2026-02-14 23:57:59.872098,Toronto-b8c6,-4,84,Normal
2026-02-14 23:58:00.872098,Toronto-b8c6,30,75,Normal
2026-02-14 23:58:01.872098,Toronto-b8c6,-16,35,Normal
2026-02-14 23:58:02.872098,Toronto-b8c6,9,40,Normal
2026-02-14 23:58:03.872098,Toronto-b8c6,31,4,Normal
2026-02-14 23:58:04.872098,Toronto-b8c6,-16,35,Normal
2026-02-14 23:58:05.872098,Toronto-b8c6,27,39,Normal
2026-02-14 23:58:06.872098,Toronto-b8c6,39,89,Normal
2026-02-14 23:58:07.872098,Toronto-b8c6,-15,91,Normal
2026-02-14 23:58:08.872098,Toronto-b8c6,33,12,Normal
2026-02-14 23:58:09.872098,Toronto-b8c6,14,2,Normal
2026-02-14 23:58:10.872098,Toronto-b8c6,-1,79,Normal
2026-02-14 23:58:11.872098,Toronto-b8c6,29,58,Normal
2026-02-14 23:58:12.872098,Toronto-b8c6,-1,60,Normal
2026-02-14 23:58:13.872098,Toronto-b8c6,-5,7,Normal
2026-02-14 23:58:14.872098,Toronto-b8c6,12,39,Normal
2026-02-14 23:58:15.872098,Toronto-b8c6,18,96,Normal
2026-02-14 23:58:16.872098,Toronto-b8c6,-21,66,Normal
2026-02-14 23:58:17.872098,Toronto-b8c6,43,34,Normal
2026-02-14 23:58:18.872098,Toronto-b8c6,-2,72,Normal
2026-02-14 23:58:19.872098,Toronto-b8c6,19,53,Normal
2026-02-14 23:58:20.872098,Toronto-b8c6,32,76,Normal
2026-02-14 23:58:21.872098,Toronto-b8c6,-26,99,Normal
2026-02-14 23:58:22.872098,Toronto-b8c6,34,18,Normal
2026-02-14 23:58:23.872098,Toronto-b8c6,49,76,Normal
2026-02-14 23:58:24.872098,Toronto-b8c6,27,7,Normal
2026-02-14 23:58:25.872098,Toronto-b8c6,-11,55,Normal
2026-02-14 23:58:26.872098,Toronto-b8c6,-15,19,Normal
2026-02-14 23:58:27.872098,Toronto-b8c6,-2,40,Normal
2026-02-14 23:58:28.872098,Toronto-b8c6,-12,9,Normal
2026-02-14 23:58:29.872098,Toronto-b8c6,8,21,Normal
2026-02-14 23:58:30.872098,Toronto-b8c6,24,30,Normal
2026-02-14 23:58:31.872098,Toronto-b8c6,-2,19,Normal
2026-02-14 23:58:32.872098,Toronto-b8c6,8,77,Normal
2026-02-14 23:58:33.872098,Toronto-b8c6,29,28,Normal
2026-02-14 23:58:34.872098,Toronto-b8c6,0,84,Normal
2026-02-14 23:58:35.872098,Toronto-b8c6,-24,62,Normal
2026-02-14 23:58:36.872098,Toronto-b8c6,47,38,Normal
2026-02-14 23:58:37.872098,Toronto-b8c6,44,83,Normal
2026-02-14 23:58:38.872098,Toronto-b8c6,17,44,Normal
2026-02-14 23:58:39.872098,Toronto-b8c6,20,3,Normal
2026-02-14 23:58:40.872098,Toronto-b8c6,23,99,Normal
2026-02-14 23:58:41.872098,Toronto-b8c6,19,0,Normal
2026-02-14 23:58:42.872098,Toronto-b8c6,2,8,Normal
2026-02-14 23:58:43.872098,Toronto-b8c6,-10,39,Normal
2026-02-14 23:58:44.872098,Toronto-b8c6,29,46,Normal
2026-02-14 23:58:45.872098,Toronto-b8c6,22,9,Normal
2026-02-14 23:58:46.872098,Toronto-b8c6,-7,51,Normal
2026-02-14 23:58:47.872098,Toronto-b8c6,41,48,Normal
2026-02-14 23:58:48.872098,Toronto-b8c6,46,54,Normal
2026-02-14 23:58:49.872098,Toronto-b8c6,33,7,Normal
2026-02-14 23:58:50.872098,Toronto-b8c6,25,44,Normal
2026-02-14 23:58:51.872098,Toronto-b8c6,-5,41,Normal
2026-02-14 23:58:52.872098,Toronto-b8c6,19,98,Normal
2026-02-14 23:58:53.872098,Toronto-b8c6,41,95,Normal
2026-02-14 23:58:54.872098,Toronto-b8c6,-21,57,Normal
2026-02-14 23:58:55.872098,Toronto-b8c6,-15,45,Normal
2026-02-14 23:58:56.872098,Toronto-b8c6,49,98,Normal
2026-02-14 23:58:57.872098,Toronto-b8c6,10,57,Normal
2026-02-14 23:58:58.872098,Toronto-b8c6,25,45,Normal
2026-02-14 23:58:59.872098,Toronto-b8c6,4,90,Normal
2026-02-14 23:59:00.872098,Toronto-b8c6,15,96,Normal
2026-02-14 23:59:01.872098,Toronto-b8c6,48,81,Normal
2026-02-14 23:59:02.872098,Toronto-b8c6,40,7,Normal
2026-02-14 23:59:03.872098,Toronto-b8c6,-11,27,Normal
2026-02-14 23:59:04.872098,Toronto-b8c6,47,86,Normal
2026-02-14 23:59:05.872098,Toronto-b8c6,22,55,Normal
2026-02-14 23:59:06.872098,Toronto-b8c6,36,59,Normal
2026-02-14 23:59:07.872098,Toronto-b8c6,34,45,Normal
2026-02-14 23:59:08.872098,Toronto-b8c6,32,83,Normal
2026-02-14 23:59:09.872098,Toronto-b8c6,29,18,Normal
2026-02-14 23:59:10.872098,Toronto-b8c6,50,21,Normal
2026-02-14 23:59:11.872098,Toronto-b8c6,-1,79,Normal
2026-02-14 23:59:12.872098,Toronto-b8c6,-4,66,Normal
2026-02-14 23:59:13.872098,Toronto-b8c6,-13,45,Normal
2026-02-14 23:59:14.872098,Toronto-b8c6,46,57,Normal
2026-02-14 23:59:15.872098,Toronto-b8c6,-15,46,Normal
2026-02-14 23:59:16.872098,Toronto-b8c6,-15,46,Normal
2026-02-14 23:59:17.872098,Toronto-b8c6,-4,17,Normal
2026-02-14 23:59:18.872098,Toronto-b8c6,-17,5,Normal
2026-02-14 23:59:19.872098,Toronto-b8c6,-11,65,Normal
2026-02-14 23:59:20.872098,Toronto-b8c6,-22,13,Normal
2026-02-14 23:59:21.872098,Toronto-b8c6,32,25,Normal
2026-02-14 23:59:22.872098,Toronto-b8c6,15,33,Normal
2026-02-14 23:59:23.872098,Toronto-b8c6,24,29,Normal
2026-02-14 23:59:24.872098,Toronto-b8c6,20,92,Normal
2026-02-14 23:59:25.872098,Toronto-b8c6,33,84,Normal
2026-02-14 23:59:26.872098,Toronto-b8c6,-26,1,Normal
2026-02-14 23:59:27.872098,Toronto-b8c6,18,89,Normal
2026-02-14 23:59:28.872098,Toronto-b8c6,-17,40,Normal
2026-02-14 23:59:29.872098,Toronto-b8c6,13,37,Normal
2026-02-14 23:59:30.872098,Toronto-b8c6,40,92,Normal
2026-02-14 23:59:31.872098,Toronto-b8c6,-17,39,Normal
2026-02-14 23:59:32.872098,Toronto-b8c6,29,68,Normal
2026-02-14 23:59:33.872098,Toronto-b8c6,50,63,Normal
2026-02-14 23:59:34.872098,Toronto-b8c6,-13,62,Normal
2026-02-14 23:59:35.872098,Toronto-b8c6,32,17,Normal
2026-02-14 23:59:36.872098,Toronto-b8c6,42,64,Normal
2026-02-14 23:59:37.872098,Toronto-b8c6,42,27,Normal
2026-02-14 23:59:38.872098,Toronto-b8c6,-27,76,Normal
2026-02-14 23:59:39.872098,Toronto-b8c6,48,96,Normal
2026-02-14 23:59:40.872098,Toronto-b8c6,-12,10,Normal
2026-02-14 23:59:41.872098,Toronto-b8c6,49,23,Normal
2026-02-14 23:59:42.872098,Toronto-b8c6,46,54,Normal
2026-02-14 23:59:43.872098,Toronto-b8c6,-13,20,Normal
2026-02-14 23:59:44.872098,Toronto-b8c6,2,53,Normal
2026-02-14 23:59:45.872098,Toronto-b8c6,-23,2,Normal
2026-02-14 23:59:46.872098,Toronto-b8c6,0,26,Normal
2026-02-14 23:59:47.872098,Toronto-b8c6,1,46,Normal
2026-02-14 23:59:48.872098,Toronto-b8c6,23,59,Normal
2026-02-14 23:59:49.872098,Toronto-b8c6,-22,86,Normal
2026-02-14 23:59:50.872098,Toronto-b8c6,20,66,Normal
2026-02-14 23:59:51.872098,Toronto-b8c6,16,76,Normal
2026-02-14 23:59:52.872098,Toronto-b8c6,44,8,Normal
2026-02-14 23:59:53.872098,Toronto-b8c6,-27,26,Normal
2026-02-14 23:59:54.872098,Toronto-b8c6,-16,24,Normal
2026-02-14 23:59:55.872098,Toronto-b8c6,14,29,Normal
2026-02-14 23:59:56.872098,Toronto-b8c6,-13,58,Normal
2026-02-14 23:59:57.872098,Toronto-b8c6,-14,28,Normal
2026-02-14 23:59:58.872098,Toronto-b8c6,4,27,Normal
2026-02-14 23:59:59.872098,Toronto-b8c6,12,5,Normal
2026-02-15 00:00:00.872098,Toronto-b8c6,16,47,Normal
2026-02-15 00:00:01.872098,Toronto-b8c6,19,44,Normal
2026-02-15 00:00:02.872098,Toronto-b8c6,-26,75,Normal
2026-02-15 00:00:03.872098,Toronto-b8c6,-28,73,Normal
2026-02-15 00:00:04.872098,Toronto-b8c6,42,57,Normal
2026-02-15 00:00:05.872098,Toronto-b8c6,42,39,Normal
2026-02-15 00:00:06.872098,Toronto-b8c6,9,92,Normal
2026-02-15 00:00:07.872098,Toronto-b8c6,-28,52,Normal
2026-02-15 00:00:08.872098,Toronto-b8c6,-22,90,Normal
2026-02-15 00:00:09.872098,Toronto-b8c6,0,99,Normal
2026-02-15 00:00:10.872098,Toronto-b8c6,19,90,Normal
2026-02-15 00:00:11.872098,Toronto-b8c6,-22,40,Normal
2026-02-15 00:00:12.872098,Toronto-b8c6,13,39,Normal
2026-02-15 00:00:13.872098,Toronto-b8c6,9,47,Normal
2026-02-15 00:00:14.872098,Toronto-b8c6,-23,97,Normal
2026-02-15 00:00:15.872098,Toronto-b8c6,-29,24,Normal
2026-02-15 00:00:16.872098,Toronto-b8c6,2,16,Normal
2026-02-15 00:00:17.872098,Toronto-b8c6,42,68,Normal
2026-02-15 00:00:18.872098,Toronto-b8c6,35,97,Normal
2026-02-15 00:00:19.872098,Toronto-b8c6,11,29,Normal
2026-02-15 00:00:20.872098,Toronto-b8c6,44,96,Normal
2026-02-15 00:00:21.872098,Toronto-b8c6,2,46,Normal
2026-02-15 00:00:22.872098,Toronto-b8c6,-22,95,Normal
2026-02-15 00:00:23.872098,Toronto-b8c6,-3,2,Normal
2026-02-15 00:00:24.872098,Toronto-b8c6,19,60,Normal
2026-02-15 00:00:25.872098,Toronto-b8c6,14,93,Normal
2026-02-15 00:00:26.872098,Toronto-b8c6,-21,94,Normal
2026-02-15 00:00:27.872098,Toronto-b8c6,47,44,Normal
2026-02-15 00:00:28.872098,Toronto-b8c6,25,34,Normal
2026-02-15 00:00:29.872098,Toronto-b8c6,14,87,Normal
2026-02-15 00:00:30.872098,Toronto-b8c6,-24,88,Normal
2026-02-15 00:00:31.872098,Toronto-b8c6,-7,74,Normal
2026-02-15 00:00:32.872098,Toronto-b8c6,34,9,Normal
2026-02-15 00:00:33.872098,Toronto-b8c6,21,74,Normal
2026-02-15 00:00:34.872098,Toronto-b8c6,2,10,Normal
2026-02-15 00:00:35.872098,Toronto-b8c6,44,75,Normal
2026-02-15 00:00:36.872098,Toronto-b8c6,-1,67,Normal
2026-02-15 00:00:37.872098,Toronto-b8c6,18,8,Normal
2026-02-15 00:00:38.872098,Toronto-b8c6,43,83,Normal
2026-02-15 00:00:39.872098,Toronto-b8c6,-11,15,Normal
2026-02-15 00:00:40.872098,Toronto-b8c6,-21,10,Normal
2026-02-15 00:00:41.872098,Toronto-b8c6,-19,35,Normal
2026-02-15 00:00:42.872098,Toronto-b8c6,26,6,Normal
2026-02-15 00:00:43.872098,Toronto-b8c6,35,61,Normal
2026-02-15 00:00:44.872098,Toronto-b8c6,6,33,Normal
2026-02-15 00:00:45.872098,Toronto-b8c6,30,17,Normal
2026-02-15 00:00:46.872098,Toronto-b8c6,5,63,Normal
2026-02-15 00:00:47.872098,Toronto-b8c6,22,17,Normal
2026-02-15 00:00:48.872098,Toronto-b8c6,-28,85,Normal
2026-02-15 00:00:49.872098,Toronto-b8c6,-18,100,Normal
2026-02-15 00:00:50.872098,Toronto-b8c6,-26,34,Normal
2026-02-15 00:00:51.872098,Toronto-b8c6,17,17,Normal
2026-02-15 00:00:52.872098,Toronto-b8c6,-24,66,Normal
2026-02-15 00:00:53.872098,Toronto-b8c6,-13,13,Normal
2026-02-15 00:00:54.872098,Toronto-b8c6,39,47,Normal
2026-02-15 00:00:55.872098,Toronto-b8c6,33,58,Normal
2026-02-15 00:00:56.872098,Toronto-b8c6,13,12,Normal
2026-02-15 00:00:57.872098,Toronto-b8c6,0,96,Normal
2026-02-15 00:00:58.872098,Toronto-b8c6,22,13,Normal
2026-02-15 00:00:59.872098,Toronto-b8c6,31,3,Normal
2026-02-15 00:01:00.872098,Toronto-b8c6,-3,73,Normal
2026-02-15 00:01:01.872098,Toronto-b8c6,-9,10,Normal
2026-02-15 00:01:02.872098,Toronto-b8c6,13,78,Normal
2026-02-15 00:01:03.872098,Toronto-b8c6,48,91,Normal
2026-02-15 00:01:04.872098,Toronto-b8c6,35,48,Normal
2026-02-15 00:01:05.872098,Toronto-b8c6,-22,71,Normal
2026-02-15 00:01:06.872098,Toronto-b8c6,9,58,Normal
2026-02-15 00:01:07.872098,Toronto-b8c6,7,67,Normal
2026-02-15 00:01:08.872098,Toronto-b8c6,42,37,Normal
2026-02-15 00:01:09.872098,Toronto-b8c6,-5,0,Normal
2026-02-15 00:01:10.872098,Toronto-b8c6,38,49,Normal
2026-02-15 00:01:11.872098,Toronto-b8c6,20,37,Normal
2026-02-15 00:01:12.872098,Toronto-b8c6,17,71,Normal
2026-02-15 00:01:13.872098,Toronto-b8c6,36,12,Normal
2026-02-15 00:01:14.872098,Toronto-b8c6,-7,50,Normal
2026-02-15 00:01:15.872098,Toronto-b8c6,-16,19,Normal
2026-02-15 00:01:16.872098,Toronto-b8c6,12,100,Normal
2026-02-15 00:01:17.872098,Toronto-b8c6,38,50,Normal
2026-02-15 00:01:18.872098,Toronto-b8c6,-4,14,Normal
2026-02-15 00:01:19.872098,Toronto-b8c6,-10,93,Normal
2026-02-15 00:01:20.872098,Toronto-b8c6,3,48,Normal
2026-02-15 00:01:21.872098,Toronto-b8c6,35,71,Normal
2026-02-15 00:01:22.872098,Toronto-b8c6,3,34,Normal
2026-02-15 00:01:23.872098,Toronto-b8c6,-27,87,Normal
2026-02-15 00:01:24.872098,Toronto-b8c6,4,51,Normal
2026-02-15 00:01:25.872098,Toronto-b8c6,-30,75,Normal
2026-02-15 00:01:26.872098,Toronto-b8c6,16,90,Normal
2026-02-15 00:01:27.872098,Toronto-b8c6,11,98,Normal
2026-02-15 00:01:28.872098,Toronto-b8c6,5,95,Normal
2026-02-15 00:01:29.872098,Toronto-b8c6,12,90,Normal
2026-02-15 00:01:30.872098,Toronto-b8c6,36,47,Normal
2026-02-15 00:01:31.872098,Toronto-b8c6,20,97,Normal
2026-02-15 00:01:32.872098,Toronto-b8c6,47,59,Normal
2026-02-15 00:01:33.872098,Toronto-b8c6,-7,60,Normal
2026-02-15 00:01:34.872098,Toronto-b8c6,3,18,Normal
2026-02-15 00:01:35.872098,Toronto-b8c6,46,100,Normal
2026-02-15 00:01:36.872098,Toronto-b8c6,24,36,Normal
2026-02-15 00:01:37.872098,Toronto-b8c6,-27,90,Normal
2026-02-15 00:01:38.872098,Toronto-b8c6,-11,42,Normal
2026-02-15 00:01:39.872098,Toronto-b8c6,15,5,Normal
2026-02-15 00:01:40.872098,Toronto-b8c6,-28,8,Normal
2026-02-15 00:01:41.872098,Toronto-b8c6,40,74,Normal
2026-02-15 00:01:42.872098,Toronto-b8c6,15,55,Normal
2026-02-15 00:01:43.872098,Toronto-b8c6,20,75,Normal
2026-02-15 00:01:44.872098,Toronto-b8c6,30,31,Normal
2026-02-15 00:01:45.872098,Toronto-b8c6,-5,56,Normal
2026-02-15 00:01:46.872098,Toronto-b8c6,10,59,Normal
2026-02-15 00:01:47.872098,Toronto-b8c6,37,35,Normal
2026-02-15 00:01:48.872098,Toronto-b8c6,34,9,Normal
2026-02-15 00:01:49.872098,Toronto-b8c6,-16,34,Normal
2026-02-15 00:01:50.872098,Toronto-b8c6,39,40,Normal
2026-02-15 00:01:51.872098,Toronto-b8c6,8,35,Normal
2026-02-15 00:01:52.872098,Toronto-b8c6,-11,33,Normal
2026-02-15 00:01:53.872098,Toronto-b8c6,-6,24,Normal
2026-02-15 00:01:54.872098,Toronto-b8c6,20,46,Normal
2026-02-15 00:01:55.872098,Toronto-b8c6,-11,28,Normal
2026-02-15 00:01:56.872098,Toronto-b8c6,41,97,Normal
2026-02-15 00:01:57.872098,Toronto-b8c6,-15,94,Normal
2026-02-15 00:01:58.872098,Toronto-b8c6,-18,24,Normal
2026-02-15 00:01:59.872098,Toronto-b8c6,8,80,Normal
2026-02-15 00:02:00.872098,Toronto-b8c6,-9,2,Normal
2026-02-15 00:02:01.872098,Toronto-b8c6,-19,29,Normal
2026-02-15 00:02:02.872098,Toronto-b8c6,-20,26,Normal
2026-02-15 00:02:03.872098,Toronto-b8c6,27,18,Normal
2026-02-15 00:02:04.872098,Toronto-b8c6,48,18,Normal
2026-02-15 00:02:05.872098,Toronto-b8c6,1,24,Normal
2026-02-15 00:02:06.872098,Toronto-b8c6,-10,80,Normal
2026-02-15 00:02:07.872098,Toronto-b8c6,-8,87,Normal
2026-02-15 00:02:08.872098,Toronto-b8c6,42,11,Normal
2026-02-15 00:02:09.872098,Toronto-b8c6,46,72,Normal
2026-02-15 00:02:10.872098,Toronto-b8c6,-13,8,Normal
2026-02-15 00:02:11.872098,Toronto-b8c6,43,90,Normal
2026-02-15 00:02:12.872098,Toronto-b8c6,-20,69,Normal
2026-02-15 00:02:13.872098,Toronto-b8c6,-28,87,Normal
2026-02-15 00:02:14.872098,Toronto-b8c6,17,56,Normal
2026-02-15 00:02:15.872098,Toronto-b8c6,49,33,Normal
2026-02-15 00:02:16.872098,Toronto-b8c6,41,31,Normal
2026-02-15 00:02:17.872098,Toronto-b8c6,7,77,Normal
2026-02-15 00:02:18.872098,Toronto-b8c6,47,32,Normal
2026-02-15 00:02:19.872098,Toronto-b8c6,-16,33,Normal
2026-02-15 00:02:20.872098,Toronto-b8c6,50,69,Normal
2026-02-15 00:02:21.872098,Toronto-b8c6,9,100,Normal
2026-02-15 00:02:22.872098,Toronto-b8c6,-13,42,Normal
2026-02-15 00:02:23.872098,Toronto-b8c6,15,82,Normal
2026-02-15 00:02:24.872098,Toronto-b8c6,26,27,Normal
2026-02-15 00:02:25.872098,Toronto-b8c6,-22,89,Normal
2026-02-15 00:02:26.872098,Toronto-b8c6,19,35,Normal
2026-02-15 00:02:27.872098,Toronto-b8c6,-28,26,Normal
2026-02-15 00:02:28.872098,Toronto-b8c6,-1,96,Normal
2026-02-15 00:02:29.872098,Toronto-b8c6,11,13,Normal
2026-02-15 00:02:30.872098,Toronto-b8c6,35,75,Normal
2026-02-15 00:02:31.872098,Toronto-b8c6,50,77,Normal
2026-02-15 00:02:32.872098,Toronto-b8c6,45,19,Normal
2026-02-15 00:02:33.872098,Toronto-b8c6,-25,43,Normal
2026-02-15 00:02:34.872098,Toronto-b8c6,-9,30,Normal
2026-02-15 00:02:35.872098,Toronto-b8c6,32,29,Normal
2026-02-15 00:02:36.872098,Toronto-b8c6,-5,95,Normal
2026-02-15 00:02:37.872098,Toronto-b8c6,-8,40,Normal
2026-02-15 00:02:38.872098,Toronto-b8c6,36,100,Normal
2026-02-15 00:02:39.872098,Toronto-b8c6,-8,89,Normal
2026-02-15 00:02:40.872098,Toronto-b8c6,-27,100,Normal
2026-02-15 00:02:41.872098,Toronto-b8c6,-13,26,Normal
2026-02-15 00:02:42.872098,Toronto-b8c6,42,50,Normal
2026-02-15 00:02:43.872098,Toronto-b8c6,-19,38,Normal
2026-02-15 00:02:44.872098,Toronto-b8c6,5,6,Normal
2026-02-15 00:02:45.872098,Toronto-b8c6,12,15,Normal
2026-02-15 00:02:46.872098,Toronto-b8c6,28,66,Normal
2026-02-15 00:02:47.872098,Toronto-b8c6,-17,69,Normal
2026-02-15 00:02:48.872098,Toronto-b8c6,26,61,Normal
2026-02-15 00:02:49.872098,Toronto-b8c6,7,99,Normal
2026-02-15 00:02:50.872098,Toronto-b8c6,0,72,Normal
2026-02-15 00:02:51.872098,Toronto-b8c6,10,64,Normal
2026-02-15 00:02:52.872098,Toronto-b8c6,33,54,Normal
2026-02-15 00:02:53.872098,Toronto-b8c6,42,48,Normal
2026-02-15 00:02:54.872098,Toronto-b8c6,29,85,Normal
2026-02-15 00:02:55.872098,Toronto-b8c6,-25,80,Normal
2026-02-15 00:02:56.872098,Toronto-b8c6,45,10,Normal
2026-02-15 00:02:57.872098,Toronto-b8c6,10,48,Normal
2026-02-15 00:02:58.872098,Toronto-b8c6,-28,2,Normal
2026-02-15 00:02:59.872098,Toronto-b8c6,16,46,Normal
2026-02-15 00:03:00.872098,Toronto-b8c6,9,35,Normal
2026-02-15 00:03:01.872098,Toronto-b8c6,15,21,Normal
2026-02-15 00:03:02.872098,Toronto-b8c6,22,16,Normal
2026-02-15 00:03:03.872098,Toronto-b8c6,0,50,Normal
2026-02-15 00:03:04.872098,Toronto-b8c6,40,12,Normal
2026-02-15 00:03:05.872098,Toronto-b8c6,47,69,Normal
2026-02-15 00:03:06.872098,Toronto-b8c6,10,73,Normal
2026-02-15 00:03:07.872098,Toronto-b8c6,-22,23,Normal
2026-02-15 00:03:08.872098,Toronto-b8c6,-26,7,Normal
2026-02-15 00:03:09.872098,Toronto-b8c6,-8,53,Normal
2026-02-15 00:03:10.872098,Toronto-b8c6,2,54,Normal
2026-02-15 00:03:11.872098,Toronto-b8c6,42,74,Normal
2026-02-15 00:03:12.872098,Toronto-b8c6,15,11,Normal
2026-02-15 00:03:13.872098,Toronto-b8c6,12,1,Normal
2026-02-15 00:03:14.872098,Toronto-b8c6,2,80,Normal
2026-02-15 00:03:15.872098,Toronto-b8c6,-11,49,Normal
2026-02-15 00:03:16.872098,Toronto-b8c6,12,77,Normal
2026-02-15 00:03:17.872098,Toronto-b8c6,-23,59,Normal
2026-02-15 00:03:18.872098,Toronto-b8c6,4,60,Normal
2026-02-15 00:03:19.872098,Toronto-b8c6,-26,71,Normal
2026-02-15 00:03:20.872098,Toronto-b8c6,-7,76,Normal
2026-02-15 00:03:21.872098,Toronto-b8c6,2,48,Normal
2026-02-15 00:03:22.872098,Toronto-b8c6,14,92,Normal
2026-02-15 00:03:23.872098,Toronto-b8c6,-29,15,Normal
2026-02-15 00:03:24.872098,Toronto-b8c6,36,31,Normal
2026-02-15 00:03:25.872098,Toronto-b8c6,-25,70,Normal
2026-02-15 00:03:26.872098,Toronto-b8c6,-15,50,Normal
2026-02-15 00:03:27.872098,Toronto-b8c6,38,35,Normal
2026-02-15 00:03:28.872098,Toronto-b8c6,27,32,Normal
2026-02-15 00:03:29.872098,Toronto-b8c6,32,83,Normal
2026-02-15 00:03:30.872098,Toronto-b8c6,-9,77,Normal
2026-02-15 00:03:31.872098,Toronto-b8c6,-15,17,Normal
2026-02-15 00:03:32.872098,Toronto-b8c6,-10,69,Normal
2026-02-15 00:03:33.872098,Toronto-b8c6,14,76,Normal
2026-02-15 00:03:34.872098,Toronto-b8c6,2,85,Normal
2026-02-15 00:03:35.872098,Toronto-b8c6,3,56,Normal
2026-02-15 00:03:36.872098,Toronto-b8c6,36,87,Normal
2026-02-15 00:03:37.872098,Toronto-b8c6,24,45,Normal
2026-02-15 00:03:38.872098,Toronto-b8c6,-28,6,Normal
2026-02-15 00:03:39.872098,Toronto-b8c6,8,26,Normal
2026-02-15 00:03:40.872098,Toronto-b8c6,17,57,Normal
2026-02-15 00:03:41.872098,Toronto-b8c6,29,10,Normal
2026-02-15 00:03:42.872098,Toronto-b8c6,37,30,Normal
2026-02-15 00:03:43.872098,Toronto-b8c6,32,27,Normal
2026-02-15 00:03:44.872098,Toronto-b8c6,24,91,Normal
2026-02-15 00:03:45.872098,Toronto-b8c6,34,1,Normal
2026-02-15 00:03:46.872098,Toronto-b8c6,21,16,Normal
2026-02-15 00:03:47.872098,Toronto-b8c6,8,43,Normal
2026-02-15 00:03:48.872098,Toronto-b8c6,-9,42,Normal
2026-02-15 00:03:49.872098,Toronto-b8c6,-28,51,Normal
2026-02-15 00:03:50.872098,Toronto-b8c6,21,60,Normal
2026-02-15 00:03:51.872098,Toronto-b8c6,50,11,Normal
2026-02-15 00:03:52.872098,Toronto-b8c6,7,22,Normal
2026-02-15 00:03:53.872098,Toronto-b8c6,48,85,Normal
2026-02-15 00:03:54.872098,Toronto-b8c6,-5,0,Normal
2026-02-15 00:03:55.872098,Toronto-b8c6,-20,19,Normal
2026-02-15 00:03:56.872098,Toronto-b8c6,-12,67,Normal
2026-02-15 00:03:57.872098,Toronto-b8c6,30,55,Normal
2026-02-15 00:03:58.872098,Toronto-b8c6,27,19,Normal
2026-02-15 00:03:59.872098,Toronto-b8c6,12,17,Normal
2026-02-15 00:04:00.872098,Toronto-b8c6,47,62,Normal
2026-02-15 00:04:01.872098,Toronto-b8c6,46,67,Normal
2026-02-15 00:04:02.872098,Toronto-b8c6,-20,42,Normal
2026-02-15 00:04:03.872098,Toronto-b8c6,11,26,Normal
2026-02-15 00:04:04.872098,Toronto-b8c6,-20,25,Normal
2026-02-15 00:04:05.872098,Toronto-b8c6,-18,88,Normal
2026-02-15 00:04:06.872098,Toronto-b8c6,33,24,Normal
2026-02-15 00:04:07.872098,Toronto-b8c6,-19,8,Normal
2026-02-15 00:04:08.872098,Toronto-b8c6,3,50,Normal
2026-02-15 00:04:09.872098,Toronto-b8c6,26,2,Normal
2026-02-15 00:04:10.872098,Toronto-b8c6,44,4,Normal
2026-02-15 00:04:11.872098,Toronto-b8c6,11,5,Normal
2026-02-15 00:04:12.872098,Toronto-b8c6,32,60,Normal
2026-02-15 00:04:13.872098,Toronto-b8c6,23,56,Normal
2026-02-15 00:04:14.872098,Toronto-b8c6,10,100,Normal
2026-02-15 00:04:15.872098,Toronto-b8c6,8,35,Normal
2026-02-15 00:04:16.872098,Toronto-b8c6,-7,97,Normal
2026-02-15 00:04:17.872098,Toronto-b8c6,-3,37,Normal
2026-02-15 00:04:18.872098,Toronto-b8c6,-12,3,Normal
2026-02-15 00:04:19.872098,Toronto-b8c6,-24,10,Normal
2026-02-15 00:04:20.872098,Toronto-b8c6,-24,2,Normal
2026-02-15 00:04:21.872098,Toronto-b8c6,19,21,Normal
2026-02-15 00:04:22.872098,Toronto-b8c6,-20,47,Normal
2026-02-15 00:04:23.872098,Toronto-b8c6,-26,45,Normal
2026-02-15 00:04:24.872098,Toronto-b8c6,3,49,Normal
2026-02-15 00:04:25.872098,Toronto-b8c6,-12,92,Normal
2026-02-15 00:04:26.872098,Toronto-b8c6,-1,43,Normal
2026-02-15 00:04:27.872098,Toronto-b8c6,-8,38,Normal
2026-02-15 00:04:28.872098,Toronto-b8c6,7,95,Normal
2026-02-15 00:04:29.872098,Toronto-b8c6,-27,58,Normal
2026-02-15 00:04:30.872098,Toronto-b8c6,-18,75,Normal
2026-02-15 00:04:31.872098,Toronto-b8c6,47,10,Normal
2026-02-15 00:04:32.872098,Toronto-b8c6,25,17,Normal
2026-02-15 00:04:33.872098,Toronto-b8c6,43,20,Normal
2026-02-15 00:04:34.872098,Toronto-b8c6,20,27,Normal
2026-02-15 00:04:35.872098,Toronto-b8c6,14,4,Normal
2026-02-15 00:04:36.872098,Toronto-b8c6,42,42,Normal
2026-02-15 00:04:37.872098,Toronto-b8c6,-27,84,Normal
2026-02-15 00:04:38.872098,Toronto-b8c6,-11,41,Normal
2026-02-15 00:04:39.872098,Toronto-b8c6,-13,59,Normal
2026-02-15 00:04:40.872098,Toronto-b8c6,26,59,Normal
2026-02-15 00:04:41.872098,Toronto-b8c6,-28,81,Normal
2026-02-15 00:04:42.872098,Toronto-b8c6,-3,58,Normal
2026-02-15 00:04:43.872098,Toronto-b8c6,-2,16,Normal
2026-02-15 00:04:44.872098,Toronto-b8c6,33,77,Normal
2026-02-15 00:04:45.872098,Toronto-b8c6,42,50,Normal
2026-02-15 00:04:46.872098,Toronto-b8c6,20,66,Normal
2026-02-15 00:04:47.872098,Toronto-b8c6,-22,20,Normal
2026-02-15 00:04:48.872098,Toronto-b8c6,-18,62,Normal
2026-02-15 00:04:49.872098,Toronto-b8c6,-22,30,Normal
2026-02-15 00:04:50.872098,Toronto-b8c6,-25,43,Normal
2026-02-15 00:04:51.872098,Toronto-b8c6,20,54,Normal
2026-02-15 00:04:52.872098,Toronto-b8c6,22,13,Normal
2026-02-15 00:04:53.872098,Toronto-b8c6,-23,28,Normal
2026-02-15 00:04:54.872098,Toronto-b8c6,0,21,Normal
2026-02-15 00:04:55.872098,Toronto-b8c6,43,14,Normal
2026-02-15 00:04:56.872098,Toronto-b8c6,-19,21,Normal
2026-02-15 00:04:57.872098,Toronto-b8c6,10,18,Normal
2026-02-15 00:04:58.872098,Toronto-b8c6,47,34,Normal
2026-02-15 00:04:59.872098,Toronto-b8c6,-14,24,Normal
2026-02-15 00:05:00.872098,Toronto-b8c6,-2,32,Normal
2026-02-15 00:05:01.872098,Toronto-b8c6,0,46,Normal
2026-02-15 00:05:02.872098,Toronto-b8c6,-30,81,Normal
2026-02-15 00:05:03.872098,Toronto-b8c6,33,37,Normal
2026-02-15 00:05:04.872098,Toronto-b8c6,6,49,Normal
2026-02-15 00:05:05.872098,Toronto-b8c6,7,9,Normal
2026-02-15 00:05:06.872098,Toronto-b8c6,-16,2,Normal
2026-02-15 00:05:07.872098,Toronto-b8c6,12,43,Normal
2026-02-15 00:05:08.872098,Toronto-b8c6,35,37,Normal
2026-02-15 00:05:09.872098,Toronto-b8c6,43,75,Normal
2026-02-15 00:05:10.872098,Toronto-b8c6,37,48,Normal
2026-02-15 00:05:11.872098,Toronto-b8c6,-7,14,Normal
2026-02-15 00:05:12.872098,Toronto-b8c6,44,91,Normal
2026-02-15 00:05:13.872098,Toronto-b8c6,-20,37,Normal
2026-02-15 00:05:14.872098,Toronto-b8c6,-22,68,Normal
2026-02-15 00:05:15.872098,Toronto-b8c6,-29,34,Normal
2026-02-15 00:05:16.872098,Toronto-b8c6,38,3,Normal
2026-02-15 00:05:17.872098,Toronto-b8c6,-5,5,Normal
2026-02-15 00:05:18.872098,Toronto-b8c6,-27,60,Normal
2026-02-15 00:05:19.872098,Toronto-b8c6,43,29,Normal
2026-02-15 00:05:20.872098,Toronto-b8c6,-7,26,Normal
2026-02-15 00:05:21.872098,Toronto-b8c6,-11,90,Normal
2026-02-15 00:05:22.872098,Toronto-b8c6,20,47,Normal
2026-02-15 00:05:23.872098,Toronto-b8c6,-5,57,Normal
2026-02-15 00:05:24.872098,Toronto-b8c6,45,29,Normal
2026-02-15 00:05:25.872098,Toronto-b8c6,36,87,Normal
2026-02-15 00:05:26.872098,Toronto-b8c6,49,63,Normal
2026-02-15 00:05:27.872098,Toronto-b8c6,-1,6,Normal
2026-02-15 00:05:28.872098,Toronto-b8c6,-2,17,Normal
2026-02-15 00:05:29.872098,Toronto-b8c6,17,94,Normal
2026-02-15 00:05:30.872098,Toronto-b8c6,30,77,Normal
2026-02-15 00:05:31.872098,Toronto-b8c6,38,66,Normal
2026-02-15 00:05:32.872098,Toronto-b8c6,-22,82,Normal
2026-02-15 00:05:33.872098,Toronto-b8c6,19,100,Normal
2026-02-15 00:05:34.872098,Toronto-b8c6,2,92,Normal
2026-02-15 00:05:35.872098,Toronto-b8c6,-29,84,Normal
2026-02-15 00:05:36.872098,Toronto-b8c6,41,91,Normal
2026-02-15 00:05:37.872098,Toronto-b8c6,40,6,Normal
2026-02-15 00:05:38.872098,Toronto-b8c6,-4,12,Normal
2026-02-15 00:05:39.872098,Toronto-b8c6,-25,52,Normal
2026-02-15 00:05:40.872098,Toronto-b8c6,-4,0,Normal
2026-02-15 00:05:41.872098,Toronto-b8c6,7,43,Normal
2026-02-15 00:05:42.872098,Toronto-b8c6,-15,83,Normal
2026-02-15 00:05:43.872098,Toronto-b8c6,48,23,Normal
2026-02-15 00:05:44.872098,Toronto-b8c6,10,41,Normal
2026-02-15 00:05:45.872098,Toronto-b8c6,47,98,Normal
2026-02-15 00:05:46.872098,Toronto-b8c6,26,2,Normal
2026-02-15 00:05:47.872098,Toronto-b8c6,-6,42,Normal
2026-02-15 00:05:48.872098,Toronto-b8c6,-3,47,Normal
2026-02-15 00:05:49.872098,Toronto-b8c6,44,24,Normal
2026-02-15 00:05:50.872098,Toronto-b8c6,-14,38,Normal
2026-02-15 00:05:51.872098,Toronto-b8c6,6,88,Normal
2026-02-15 00:05:52.872098,Toronto-b8c6,-19,71,Normal
2026-02-15 00:05:53.872098,Toronto-b8c6,-19,51,Normal
2026-02-15 00:05:54.872098,Toronto-b8c6,40,71,Normal
2026-02-15 00:05:55.872098,Toronto-b8c6,-30,45,Normal
2026-02-15 00:05:56.872098,Toronto-b8c6,5,19,Normal
2026-02-15 00:05:57.872098,Toronto-b8c6,16,57,Normal
2026-02-15 00:05:58.872098,Toronto-b8c6,0,72,Normal
2026-02-15 00:05:59.872098,Toronto-b8c6,19,31,Normal
2026-02-15 00:06:00.872098,Toronto-b8c6,10,23,Normal
2026-02-15 00:06:01.872098,Toronto-b8c6,24,11,Normal
2026-02-15 00:06:02.872098,Toronto-b8c6,22,68,Normal
2026-02-15 00:06:03.872098,Toronto-b8c6,44,4,Normal
2026-02-15 00:06:04.872098,Toronto-b8c6,-27,14,Normal
2026-02-15 00:06:05.872098,Toronto-b8c6,4,63,Normal
2026-02-15 00:06:06.872098,Toronto-b8c6,13,99,Normal
2026-02-15 00:06:07.872098,Toronto-b8c6,-5,28,Normal
2026-02-15 00:06:08.872098,Toronto-b8c6,-19,54,Normal
2026-02-15 00:06:09.872098,Toronto-b8c6,6,1,Normal
2026-02-15 00:06:10.872098,Toronto-b8c6,31,12,Normal
2026-02-15 00:06:11.872098,Toronto-b8c6,18,60,Normal
2026-02-15 00:06:12.872098,Toronto-b8c6,17,63,Normal
2026-02-15 00:06:13.872098,Toronto-b8c6,-25,66,Normal
2026-02-15 00:06:14.872098,Toronto-b8c6,3,8,Normal
2026-02-15 00:06:15.872098,Toronto-b8c6,-23,10,Normal
2026-02-15 00:06:16.872098,Toronto-b8c6,-21,26,Normal
2026-02-15 00:06:17.872098,Toronto-b8c6,-23,89,Normal
2026-02-15 00:06:18.872098,Toronto-b8c6,42,74,Normal
2026-02-15 00:06:19.872098,Toronto-b8c6,25,99,Normal
2026-02-15 00:06:20.872098,Toronto-b8c6,-24,80,Normal
2026-02-15 00:06:21.872098,Toronto-b8c6,20,32,Normal
2026-02-15 00:06:22.872098,Toronto-b8c6,-15,86,Normal
2026-02-15 00:06:23.872098,Toronto-b8c6,30,1,Normal
2026-02-15 00:06:24.872098,Toronto-b8c6,-11,20,Normal
2026-02-15 00:06:25.872098,Toronto-b8c6,10,37,Normal
2026-02-15 00:06:26.872098,Toronto-b8c6,-3,3,Normal
2026-02-15 00:06:27.872098,Toronto-b8c6,16,10,Normal
2026-02-15 00:06:28.872098,Toronto-b8c6,26,89,Normal
2026-02-15 00:06:29.872098,Toronto-b8c6,-17,68,Normal
2026-02-15 00:06:30.872098,Toronto-b8c6,-1,37,Normal
2026-02-15 00:06:31.872098,Toronto-b8c6,-4,49,Normal
2026-02-15 00:06:32.872098,Toronto-b8c6,-12,33,Normal
2026-02-15 00:06:33.872098,Toronto-b8c6,-15,20,Normal
2026-02-15 00:06:34.872098,Toronto-b8c6,48,85,Normal
2026-02-15 00:06:35.872098,Toronto-b8c6,32,61,Normal
2026-02-15 00:06:36.872098,Toronto-b8c6,-7,88,Normal
2026-02-15 00:06:37.872098,Toronto-b8c6,-22,94,Normal
2026-02-15 00:06:38.872098,Toronto-b8c6,-3,26,Normal
2026-02-15 00:06:39.872098,Toronto-b8c6,-29,94,Normal
2026-02-15 00:06:40.872098,Toronto-b8c6,45,0,Normal
2026-02-15 00:06:41.872098,Toronto-b8c6,8,3,Normal
2026-02-15 00:06:42.872098,Toronto-b8c6,34,50,Normal
2026-02-15 00:06:43.872098,Toronto-b8c6,47,24,Normal
2026-02-15 00:06:44.872098,Toronto-b8c6,-4,79,Normal
2026-02-15 00:06:45.872098,Toronto-b8c6,24,22,Normal
2026-02-15 00:06:46.872098,Toronto-b8c6,-17,96,Normal
2026-02-15 00:06:47.872098,Toronto-b8c6,-22,19,Normal
2026-02-15 00:06:48.872098,Toronto-b8c6,36,62,Normal
2026-02-15 00:06:49.872098,Toronto-b8c6,-15,64,Normal
2026-02-15 00:06:50.872098,Toronto-b8c6,-3,7,Normal
2026-02-15 00:06:51.872098,Toronto-b8c6,4,41,Normal
2026-02-15 00:06:52.872098,Toronto-b8c6,9,64,Normal
2026-02-15 00:06:53.872098,Toronto-b8c6,0,47,Normal
2026-02-15 00:06:54.872098,Toronto-b8c6,43,35,Normal
2026-02-15 00:06:55.872098,Toronto-b8c6,41,71,Normal
2026-02-15 00:06:56.872098,Toronto-b8c6,6,54,Normal
2026-02-15 00:06:57.872098,Toronto-b8c6,-15,73,Normal
2026-02-15 00:06:58.872098,Toronto-b8c6,-4,89,Normal
2026-02-15 00:06:59.872098,Toronto-b8c6,30,17,Normal
2026-02-15 00:07:00.872098,Toronto-b8c6,-1,87,Normal
2026-02-15 00:07:01.872098,Toronto-b8c6,-21,79,Normal
2026-02-15 00:07:02.872098,Toronto-b8c6,-23,84,Normal
2026-02-15 00:07:03.872098,Toronto-b8c6,30,70,Normal
2026-02-15 00:07:04.872098,Toronto-b8c6,1,83,Normal
2026-02-15 00:07:05.872098,Toronto-b8c6,43,9,Normal
2026-02-15 00:07:06.872098,Toronto-b8c6,-26,14,Normal
2026-02-15 00:07:07.872098,Toronto-b8c6,-22,62,Normal
2026-02-15 00:07:08.872098,Toronto-b8c6,-23,10,Normal
2026-02-15 00:07:09.872098,Toronto-b8c6,-28,67,Normal
2026-02-15 00:07:10.872098,Toronto-b8c6,28,44,Normal
2026-02-15 00:07:11.872098,Toronto-b8c6,48,70,Normal
2026-02-15 00:07:12.872098,Toronto-b8c6,41,9,Normal
2026-02-15 00:07:13.872098,Toronto-b8c6,2,54,Normal
2026-02-15 00:07:14.872098,Toronto-b8c6,-3,90,Normal
2026-02-15 00:07:15.872098,Toronto-b8c6,45,86,Normal
2026-02-15 00:07:16.872098,Toronto-b8c6,-7,9,Normal
2026-02-15 00:07:17.872098,Toronto-b8c6,-24,73,Normal
2026-02-15 00:07:18.872098,Toronto-b8c6,37,84,Normal
2026-02-15 00:07:19.872098,Toronto-b8c6,-12,19,Normal
2026-02-15 00:07:20.872098,Toronto-b8c6,38,99,Normal
2026-02-15 00:07:21.872098,Toronto-b8c6,37,1,Normal
2026-02-15 00:07:22.872098,Toronto-b8c6,-11,94,Normal
2026-02-15 00:07:23.872098,Toronto-b8c6,-16,82,Normal
2026-02-15 00:07:24.872098,Toronto-b8c6,3,22,Normal
2026-02-15 00:07:25.872098,Toronto-b8c6,-6,17,Normal
2026-02-15 00:07:26.872098,Toronto-b8c6,42,61,Normal
2026-02-15 00:07:27.872098,Toronto-b8c6,-29,3,Normal
2026-02-15 00:07:28.872098,Toronto-b8c6,-27,23,Normal
2026-02-15 00:07:29.872098,Toronto-b8c6,10,44,Normal
2026-02-15 00:07:30.872098,Toronto-b8c6,50,49,Normal
2026-02-15 00:07:31.872098,Toronto-b8c6,34,35,Normal
2026-02-15 00:07:32.872098,Toronto-b8c6,36,90,Normal
2026-02-15 00:07:33.872098,Toronto-b8c6,-8,77,Normal
2026-02-15 00:07:34.872098,Toronto-b8c6,18,68,Normal
2026-02-15 00:07:35.872098,Toronto-b8c6,-25,39,Normal
2026-02-15 00:07:36.872098,Toronto-b8c6,49,80,Normal
2026-02-15 00:07:37.872098,Toronto-b8c6,-21,65,Normal
2026-02-15 00:07:38.872098,Toronto-b8c6,-16,94,Normal
2026-02-15 00:07:39.872098,Toronto-b8c6,28,94,Normal
2026-02-15 00:07:40.872098,Toronto-b8c6,-19,41,Normal
2026-02-15 00:07:41.872098,Toronto-b8c6,-30,62,Normal
2026-02-15 00:07:42.872098,Toronto-b8c6,46,27,Normal
2026-02-15 00:07:43.872098,Toronto-b8c6,-8,94,Normal
2026-02-15 00:07:44.872098,Toronto-b8c6,11,79,Normal
2026-02-15 00:07:45.872098,Toronto-b8c6,-28,99,Normal
2026-02-15 00:07:46.872098,Toronto-b8c6,-2,66,Normal
2026-02-15 00:07:47.872098,Toronto-b8c6,-30,99,Normal
2026-02-15 00:07:48.872098,Toronto-b8c6,48,93,Normal
2026-02-15 00:07:49.872098,Toronto-b8c6,-29,49,Normal
2026-02-15 00:07:50.872098,Toronto-b8c6,29,0,Normal
2026-02-15 00:07:51.872098,Toronto-b8c6,33,41,Normal
2026-02-15 00:07:52.872098,Toronto-b8c6,0,23,Normal
2026-02-15 00:07:53.872098,Toronto-b8c6,-18,59,Normal
2026-02-15 00:07:54.872098,Toronto-b8c6,14,42,Normal
2026-02-15 00:07:55.872098,Toronto-b8c6,-14,54,Normal
2026-02-15 00:07:56.872098,Toronto-b8c6,31,61,Normal
2026-02-15 00:07:57.872098,Toronto-b8c6,46,28,Normal
2026-02-15 00:07:58.872098,Toronto-b8c6,15,82,Normal
2026-02-15 00:07:59.872098,Toronto-b8c6,21,22,Normal
2026-02-15 00:08:00.872098,Toronto-b8c6,-26,77,Normal
2026-02-15 00:08:01.872098,Toronto-b8c6,2,1,Normal
2026-02-15 00:08:02.872098,Toronto-b8c6,11,13,Normal
2026-02-15 00:08:03.872098,Toronto-b8c6,32,46,Normal
2026-02-15 00:08:04.872098,Toronto-b8c6,39,48,Normal
2026-02-15 00:08:05.872098,Toronto-b8c6,1,81,Normal
2026-02-15 00:08:06.872098,Toronto-b8c6,-6,32,Normal
2026-02-15 00:08:07.872098,Toronto-b8c6,-30,22,Normal
2026-02-15 00:08:08.872098,Toronto-b8c6,-10,80,Normal
2026-02-15 00:08:09.872098,Toronto-b8c6,-10,37,Normal
2026-02-15 00:08:10.872098,Toronto-b8c6,48,21,Normal
2026-02-15 00:08:11.872098,Toronto-b8c6,45,26,Normal
2026-02-15 00:08:12.872098,Toronto-b8c6,-15,30,Normal
2026-02-15 00:08:13.872098,Toronto-b8c6,-25,66,Normal
2026-02-15 00:08:14.872098,Toronto-b8c6,-24,33,Normal
2026-02-15 00:08:15.872098,Toronto-b8c6,-11,0,Normal
2026-02-15 00:08:16.872098,Toronto-b8c6,47,20,Normal
2026-02-15 00:08:17.872098,Toronto-b8c6,50,73,Normal
2026-02-15 00:08:18.872098,Toronto-b8c6,4,34,Normal
2026-02-15 00:08:19.872098,Toronto-b8c6,-17,65,Normal
2026-02-15 00:08:20.872098,Toronto-b8c6,-18,95,Normal
2026-02-15 00:08:21.872098,Toronto-b8c6,32,39,Normal
2026-02-15 00:08:22.872098,Toronto-b8c6,28,12,Normal
2026-02-15 00:08:23.872098,Toronto-b8c6,-22,61,Normal
2026-02-15 00:08:24.872098,Toronto-b8c6,19,82,Normal
2026-02-15 00:08:25.872098,Toronto-b8c6,-2,83,Normal
2026-02-15 00:08:26.872098,Toronto-b8c6,46,98,Normal
2026-02-15 00:08:27.872098,Toronto-b8c6,-30,37,Normal
2026-02-15 00:08:28.872098,Toronto-b8c6,-16,16,Normal
2026-02-15 00:08:29.872098,Toronto-b8c6,-26,45,Normal
2026-02-15 00:08:30.872098,Toronto-b8c6,-4,24,Normal
2026-02-15 00:08:31.872098,Toronto-b8c6,49,59,Normal
2026-02-15 00:08:32.872098,Toronto-b8c6,35,16,Normal
2026-02-15 00:08:33.872098,Toronto-b8c6,10,70,Normal
2026-02-15 00:08:34.872098,Toronto-b8c6,22,50,Normal
2026-02-15 00:08:35.872098,Toronto-b8c6,-30,47,Normal
2026-02-15 00:08:36.872098,Toronto-b8c6,-10,15,Normal
2026-02-15 00:08:37.872098,Toronto-b8c6,-10,27,Normal
2026-02-15 00:08:38.872098,Toronto-b8c6,-8,66,Normal
2026-02-15 00:08:39.872098,Toronto-b8c6,-25,16,Normal
2026-02-15 00:08:40.872098,Toronto-b8c6,23,60,Normal
2026-02-15 00:08:41.872098,Toronto-b8c6,-13,68,Normal
2026-02-15 00:08:42.872098,Toronto-b8c6,36,3,Normal
2026-02-15 00:08:43.872098,Toronto-b8c6,29,22,Normal
2026-02-15 00:08:44.872098,Toronto-b8c6,-2,73,Normal
2026-02-15 00:08:45.872098,Toronto-b8c6,-5,87,Normal
2026-02-15 00:08:46.872098,Toronto-b8c6,33,88,Normal
2026-02-15 00:08:47.872098,Toronto-b8c6,24,37,Normal
2026-02-15 00:08:48.872098,Toronto-b8c6,-30,30,Normal
2026-02-15 00:08:49.872098,Toronto-b8c6,-9,48,Normal
2026-02-15 00:08:50.872098,Toronto-b8c6,-20,81,Normal
2026-02-15 00:08:51.872098,Toronto-b8c6,-19,78,Normal
2026-02-15 00:08:52.872098,Toronto-b8c6,-20,48,Normal
2026-02-15 00:08:53.872098,Toronto-b8c6,-26,91,Normal
2026-02-15 00:08:54.872098,Toronto-b8c6,25,100,Normal
2026-02-15 00:08:55.872098,Toronto-b8c6,-28,89,Normal
2026-02-15 00:08:56.872098,Toronto-b8c6,11,75,Normal
2026-02-15 00:08:57.872098,Toronto-b8c6,0,92,Normal
2026-02-15 00:08:58.872098,Toronto-b8c6,-15,70,Normal
2026-02-15 00:08:59.872098,Toronto-b8c6,-13,82,Normal
2026-02-15 00:09:00.872098,Toronto-b8c6,30,44,Normal
2026-02-15 00:09:01.872098,Toronto-b8c6,-5,81,Normal
2026-02-15 00:09:02.872098,Toronto-b8c6,-5,27,Normal
2026-02-15 00:09:03.872098,Toronto-b8c6,31,16,Normal
2026-02-15 00:09:04.872098,Toronto-b8c6,33,36,Normal
2026-02-15 00:09:05.872098,Toronto-b8c6,2,97,Normal
2026-02-15 00:09:06.872098,Toronto-b8c6,43,20,Normal
2026-02-15 00:09:07.872098,Toronto-b8c6,29,29,Normal
2026-02-15 00:09:08.872098,Toronto-b8c6,50,79,Normal
2026-02-15 00:09:09.872098,Toronto-b8c6,-20,53,Normal
2026-02-15 00:09:10.872098,Toronto-b8c6,15,38,Normal
2026-02-15 00:09:11.872098,Toronto-b8c6,39,81,Normal
2026-02-15 00:09:12.872098,Toronto-b8c6,32,49,Normal
2026-02-15 00:09:13.872098,Toronto-b8c6,45,41,Normal
2026-02-15 00:09:14.872098,Toronto-b8c6,-19,14,Normal
2026-02-15 00:09:15.872098,Toronto-b8c6,-27,51,Normal
2026-02-15 00:09:16.872098,Toronto-b8c6,2,71,Normal
2026-02-15 00:09:17.872098,Toronto-b8c6,44,24,Normal
2026-02-15 00:09:18.872098,Toronto-b8c6,-11,24,Normal
2026-02-15 00:09:19.872098,Toronto-b8c6,17,33,Normal
2026-02-15 00:09:20.872098,Toronto-b8c6,-29,67,Normal
2026-02-15 00:09:21.872098,Toronto-b8c6,27,21,Normal
2026-02-15 00:09:22.872098,Toronto-b8c6,14,82,Normal
2026-02-15 00:09:23.872098,Toronto-b8c6,1,53,Normal
2026-02-15 00:09:24.872098,Toronto-b8c6,35,62,Normal
2026-02-15 00:09:25.872098,Toronto-b8c6,25,26,Normal
2026-02-15 00:09:26.872098,Toronto-b8c6,-26,45,Normal
2026-02-15 00:09:27.872098,Toronto-b8c6,7,95,Normal
2026-02-15 00:09:28.872098,Toronto-b8c6,30,28,Normal
2026-02-15 00:09:29.872098,Toronto-b8c6,38,53,Normal
2026-02-15 00:09:30.872098,Toronto-b8c6,16,6,Normal
2026-02-15 00:09:31.872098,Toronto-b8c6,3,3,Normal
2026-02-15 00:09:32.872098,Toronto-b8c6,8,52,Normal
2026-02-15 00:09:33.872098,Toronto-b8c6,18,20,Normal
2026-02-15 00:09:34.872098,Toronto-b8c6,31,37,Normal
2026-02-15 00:09:35.872098,Toronto-b8c6,-2,2,Normal
2026-02-15 00:09:36.872098,Toronto-b8c6,43,5,Normal
2026-02-15 00:09:37.872098,Toronto-b8c6,3,4,Normal
2026-02-15 00:09:38.872098,Toronto-b8c6,24,56,Normal
2026-02-15 00:09:39.872098,Toronto-b8c6,15,40,Normal
2026-02-15 00:09:40.872098,Toronto-b8c6,-4,88,Normal
2026-02-15 00:09:41.872098,Toronto-b8c6,20,99,Normal
2026-02-15 00:09:42.872098,Toronto-b8c6,19,68,Normal
2026-02-15 00:09:43.872098,Toronto-b8c6,9,28,Normal
2026-02-15 00:09:44.872098,Toronto-b8c6,5,69,Normal
2026-02-15 00:09:45.872098,Toronto-b8c6,37,30,Normal
2026-02-15 00:09:46.872098,Toronto-b8c6,-19,3,Normal
2026-02-15 00:09:47.872098,Toronto-b8c6,26,10,Normal
2026-02-15 00:09:48.872098,Toronto-b8c6,10,3,Normal
2026-02-15 00:09:49.872098,Toronto-b8c6,48,15,Normal
2026-02-15 00:09:50.872098,Toronto-b8c6,26,15,Normal
2026-02-15 00:09:51.872098,Toronto-b8c6,1,20,Normal
2026-02-15 00:09:52.872098,Toronto-b8c6,-10,86,Normal
2026-02-15 00:09:53.872098,Toronto-b8c6,-17,19,Normal
2026-02-15 00:09:54.872098,Toronto-b8c6,-4,66,Normal
2026-02-15 00:09:55.872098,Toronto-b8c6,46,72,Normal
2026-02-15 00:09:56.872098,Toronto-b8c6,9,3,Normal
2026-02-15 00:09:57.872098,Toronto-b8c6,26,23,Normal
2026-02-15 00:09:58.872098,Toronto-b8c6,37,1,Normal
2026-02-15 00:09:59.872098,Toronto-b8c6,22,54,Normal
2026-02-15 00:10:00.872098,Toronto-b8c6,21,43,Normal
2026-02-15 00:10:01.872098,Toronto-b8c6,-6,51,Normal
2026-02-15 00:10:02.872098,Toronto-b8c6,29,21,Normal
2026-02-15 00:10:03.872098,Toronto-b8c6,-18,68,Normal
2026-02-15 00:10:04.872098,Toronto-b8c6,15,52,Normal
2026-02-15 00:10:05.872098,Toronto-b8c6,35,57,Normal
2026-02-15 00:10:06.872098,Toronto-b8c6,12,60,Normal
2026-02-15 00:10:07.872098,Toronto-b8c6,6,70,Normal
2026-02-15 00:10:08.872098,Toronto-b8c6,-13,70,Normal
2026-02-15 00:10:09.872098,Toronto-b8c6,-20,17,Normal
2026-02-15 00:10:10.872098,Toronto-b8c6,34,72,Normal
2026-02-15 00:10:11.872098,Toronto-b8c6,-15,31,Normal
2026-02-15 00:10:12.872098,Toronto-b8c6,41,99,Normal
2026-02-15 00:10:13.872098,Toronto-b8c6,22,87,Normal
2026-02-15 00:10:14.872098,Toronto-b8c6,-11,15,Normal
2026-02-15 00:10:15.872098,Toronto-b8c6,-25,16,Normal
2026-02-15 00:10:16.872098,Toronto-b8c6,-16,3,Normal
2026-02-15 00:10:17.872098,Toronto-b8c6,-12,97,Normal
2026-02-15 00:10:18.872098,Toronto-b8c6,19,28,Normal
2026-02-15 00:10:19.872098,Toronto-b8c6,-10,33,Normal
2026-02-15 00:10:20.872098,Toronto-b8c6,-6,88,Normal
2026-02-15 00:10:21.872098,Toronto-b8c6,9,31,Normal
2026-02-15 00:10:22.872098,Toronto-b8c6,-1,8,Normal
2026-02-15 00:10:23.872098,Toronto-b8c6,49,91,Normal
2026-02-15 00:10:24.872098,Toronto-b8c6,-16,0,Normal
2026-02-15 00:10:25.872098,Toronto-b8c6,41,99,Normal
2026-02-15 00:10:26.872098,Toronto-b8c6,27,78,Normal
2026-02-15 00:10:27.872098,Toronto-b8c6,23,43,Normal
2026-02-15 00:10:28.872098,Toronto-b8c6,45,21,Normal
2026-02-15 00:10:29.872098,Toronto-b8c6,6,44,Normal
2026-02-15 00:10:30.872098,Toronto-b8c6,-14,29,Normal
2026-02-15 00:10:31.872098,Toronto-b8c6,-23,33,Normal
2026-02-15 00:10:32.872098,Toronto-b8c6,21,93,Normal
2026-02-15 00:10:33.872098,Toronto-b8c6,19,40,Normal
2026-02-15 00:10:34.872098,Toronto-b8c6,48,57,Normal
2026-02-15 00:10:35.872098,Toronto-b8c6,4,72,Normal
2026-02-15 00:10:36.872098,Toronto-b8c6,50,63,Normal
2026-02-15 00:10:37.872098,Toronto-b8c6,43,26,Normal
2026-02-15 00:10:38.872098,Toronto-b8c6,0,63,Normal
2026-02-15 00:10:39.872098,Toronto-b8c6,-24,3,Normal
2026-02-15 00:10:40.872098,Toronto-b8c6,-9,96,Normal
2026-02-15 00:10:41.872098,Toronto-b8c6,12,55,Normal
2026-02-15 00:10:42.872098,Toronto-b8c6,-30,75,Normal
2026-02-15 00:10:43.872098,Toronto-b8c6,4,93,Normal
2026-02-15 00:10:44.872098,Toronto-b8c6,1,17,Normal
2026-02-15 00:10:45.872098,Toronto-b8c6,12,99,Normal
2026-02-15 00:10:46.872098,Toronto-b8c6,35,83,Normal
2026-02-15 00:10:47.872098,Toronto-b8c6,12,87,Normal
2026-02-15 00:10:48.872098,Toronto-b8c6,46,66,Normal
2026-02-15 00:10:49.872098,Toronto-b8c6,35,98,Normal
2026-02-15 00:10:50.872098,Toronto-b8c6,-12,84,Normal
2026-02-15 00:10:51.872098,Toronto-b8c6,-3,66,Normal
2026-02-15 00:10:52.872098,Toronto-b8c6,-7,33,Normal
2026-02-15 00:10:53.872098,Toronto-b8c6,-8,17,Normal
2026-02-15 00:10:54.872098,Toronto-b8c6,-8,12,Normal
2026-02-15 00:10:55.872098,Toronto-b8c6,1,92,Normal
2026-02-15 00:10:56.872098,Toronto-b8c6,19,25,Normal
2026-02-15 00:10:57.872098,Toronto-b8c6,-9,88,Normal
2026-02-15 00:10:58.872098,Toronto-b8c6,23,28,Normal
2026-02-15 00:10:59.872098,Toronto-b8c6,17,72,Normal
2026-02-15 00:11:00.872098,Toronto-b8c6,-3,67,Normal
2026-02-15 00:11:01.872098,Toronto-b8c6,32,70,Normal
2026-02-15 00:11:02.872098,Toronto-b8c6,33,39,Normal
2026-02-15 00:11:03.872098,Toronto-b8c6,-22,17,Normal
2026-02-15 00:11:04.872098,Toronto-b8c6,-8,49,Normal
2026-02-15 00:11:05.872098,Toronto-b8c6,46,68,Normal
2026-02-15 00:11:06.872098,Toronto-b8c6,-22,78,Normal
2026-02-15 00:11:07.872098,Toronto-b8c6,-28,71,Normal
2026-02-15 00:11:08.872098,Toronto-b8c6,29,75,Normal
2026-02-15 00:11:09.872098,Toronto-b8c6,43,57,Normal
2026-02-15 00:11:10.872098,Toronto-b8c6,4,81,Normal
2026-02-15 00:11:11.872098,Toronto-b8c6,41,65,Normal
2026-02-15 00:11:12.872098,Toronto-b8c6,27,31,Normal
2026-02-15 00:11:13.872098,Toronto-b8c6,45,43,Normal
2026-02-15 00:11:14.872098,Toronto-b8c6,44,32,Normal
2026-02-15 00:11:15.872098,Toronto-b8c6,34,75,Normal
2026-02-15 00:11:16.872098,Toronto-b8c6,40,90,Normal
2026-02-15 00:11:17.872098,Toronto-b8c6,24,60,Normal
2026-02-15 00:11:18.872098,Toronto-b8c6,22,92,Normal
2026-02-15 00:11:19.872098,Toronto-b8c6,11,91,Normal
2026-02-15 00:11:20.872098,Toronto-b8c6,17,8,Normal
2026-02-15 00:11:21.872098,Toronto-b8c6,13,81,Normal
2026-02-15 00:11:22.872098,Toronto-b8c6,42,69,Normal
2026-02-15 00:11:23.872098,Toronto-b8c6,-15,1,Normal
2026-02-15 00:11:24.872098,Toronto-b8c6,-13,50,Normal
2026-02-15 00:11:25.872098,Toronto-b8c6,21,41,Normal
2026-02-15 00:11:26.872098,Toronto-b8c6,47,43,Normal
2026-02-15 00:11:27.872098,Toronto-b8c6,33,68,Normal
2026-02-15 00:11:28.872098,Toronto-b8c6,-14,62,Normal
2026-02-15 00:11:29.872098,Toronto-b8c6,7,86,Normal
2026-02-15 00:11:30.872098,Toronto-b8c6,28,34,Normal
2026-02-15 00:11:31.872098,Toronto-b8c6,-3,39,Normal
2026-02-15 00:11:32.872098,Toronto-b8c6,25,46,Normal
2026-02-15 00:11:33.872098,Toronto-b8c6,-3,95,Normal
2026-02-15 00:11:34.872098,Toronto-b8c6,42,64,Normal
2026-02-15 00:11:35.872098,Toronto-b8c6,6,55,Normal
2026-02-15 00:11:36.872098,Toronto-b8c6,29,82,Normal
2026-02-15 00:11:37.872098,Toronto-b8c6,-11,80,Normal
2026-02-15 00:11:38.872098,Toronto-b8c6,26,77,Normal
2026-02-15 00:11:39.872098,Toronto-b8c6,23,16,Normal
2026-02-15 00:11:40.872098,Toronto-b8c6,-23,2,Normal
2026-02-15 00:11:41.872098,Toronto-b8c6,19,31,Normal
2026-02-15 00:11:42.872098,Toronto-b8c6,-13,84,Normal
2026-02-15 00:11:43.872098,Toronto-b8c6,49,22,Normal
2026-02-15 00:11:44.872098,Toronto-b8c6,-9,52,Normal
2026-02-15 00:11:45.872098,Toronto-b8c6,-3,71,Normal
2026-02-15 00:11:46.872098,Toronto-b8c6,22,59,Normal
2026-02-15 00:11:47.872098,Toronto-b8c6,49,14,Normal
2026-02-15 00:11:48.872098,Toronto-b8c6,35,43,Normal
2026-02-15 00:11:49.872098,Toronto-b8c6,22,7,Normal
2026-02-15 00:11:50.872098,Toronto-b8c6,22,59,Normal
2026-02-15 00:11:51.872098,Toronto-b8c6,30,79,Normal
2026-02-15 00:11:52.872098,Toronto-b8c6,15,27,Normal
2026-02-15 00:11:53.872098,Toronto-b8c6,1,80,Normal
2026-02-15 00:11:54.872098,Toronto-b8c6,28,58,Normal
2026-02-15 00:11:55.872098,Toronto-b8c6,-1,7,Normal
2026-02-15 00:11:56.872098,Toronto-b8c6,2,27,Normal
2026-02-15 00:11:57.872098,Toronto-b8c6,50,74,Normal
2026-02-15 00:11:58.872098,Toronto-b8c6,6,26,Normal
2026-02-15 00:11:59.872098,Toronto-b8c6,45,92,Normal
2026-02-15 00:12:00.872098,Toronto-b8c6,38,54,Normal
2026-02-15 00:12:01.872098,Toronto-b8c6,-14,89,Normal
2026-02-15 00:12:02.872098,Toronto-b8c6,26,32,Normal
2026-02-15 00:12:03.872098,Toronto-b8c6,26,85,Normal
2026-02-15 00:12:04.872098,Toronto-b8c6,16,26,Normal
2026-02-15 00:12:05.872098,Toronto-b8c6,-26,91,Normal
2026-02-15 00:12:06.872098,Toronto-b8c6,7,74,Normal
2026-02-15 00:12:07.872098,Toronto-b8c6,18,33,Normal
2026-02-15 00:12:08.872098,Toronto-b8c6,-1,39,Normal
2026-02-15 00:12:09.872098,Toronto-b8c6,9,62,Normal
2026-02-15 00:12:10.872098,Toronto-b8c6,32,37,Normal
2026-02-15 00:12:11.872098,Toronto-b8c6,-20,59,Normal
2026-02-15 00:12:12.872098,Toronto-b8c6,-18,20,Normal
2026-02-15 00:12:13.872098,Toronto-b8c6,45,42,Normal
2026-02-15 00:12:14.872098,Toronto-b8c6,-27,43,Normal
2026-02-15 00:12:15.872098,Toronto-b8c6,48,2,Normal
2026-02-15 00:12:16.872098,Toronto-b8c6,0,23,Normal
2026-02-15 00:12:17.872098,Toronto-b8c6,13,59,Normal
2026-02-15 00:12:18.872098,Toronto-b8c6,21,34,Normal
2026-02-15 00:12:19.872098,Toronto-b8c6,13,7,Normal
2026-02-15 00:12:20.872098,Toronto-b8c6,33,76,Normal
2026-02-15 00:12:21.872098,Toronto-b8c6,49,12,Normal
2026-02-15 00:12:22.872098,Toronto-b8c6,-28,28,Normal
2026-02-15 00:12:23.872098,Toronto-b8c6,21,16,Normal
2026-02-15 00:12:24.872098,Toronto-b8c6,-19,35,Normal
2026-02-15 00:12:25.872098,Toronto-b8c6,50,31,Normal
2026-02-15 00:12:26.872098,Toronto-b8c6,-21,11,Normal
2026-02-15 00:12:27.872098,Toronto-b8c6,5,30,Normal
2026-02-15 00:12:28.872098,Toronto-b8c6,-30,51,Normal
2026-02-15 00:12:29.872098,Toronto-b8c6,16,78,Normal
2026-02-15 00:12:30.872098,Toronto-b8c6,28,94,Normal
2026-02-15 00:12:31.872098,Toronto-b8c6,23,92,Normal
2026-02-15 00:12:32.872098,Toronto-b8c6,23,23,Normal
2026-02-15 00:12:33.872098,Toronto-b8c6,40,83,Normal
2026-02-15 00:12:34.872098,Toronto-b8c6,-5,94,Normal
2026-02-15 00:12:35.872098,Toronto-b8c6,3,35,Normal
2026-02-15 00:12:36.872098,Toronto-b8c6,-6,79,Normal
2026-02-15 00:12:37.872098,Toronto-b8c6,32,28,Normal
2026-02-15 00:12:38.872098,Toronto-b8c6,44,26,Normal
2026-02-15 00:12:39.872098,Toronto-b8c6,37,95,Normal
2026-02-15 00:12:40.872098,Toronto-b8c6,14,85,Normal
2026-02-15 00:12:41.872098,Toronto-b8c6,-8,8,Normal
2026-02-15 00:12:42.872098,Toronto-b8c6,38,59,Normal
2026-02-15 00:12:43.872098,Toronto-b8c6,50,93,Normal
2026-02-15 00:12:44.872098,Toronto-b8c6,25,26,Normal
2026-02-15 00:12:45.872098,Toronto-b8c6,4,5,Normal
2026-02-15 00:12:46.872098,Toronto-b8c6,-9,14,Normal
2026-02-15 00:12:47.872098,Toronto-b8c6,41,36,Normal
2026-02-15 00:12:48.872098,Toronto-b8c6,47,95,Normal
2026-02-15 00:12:49.872098,Toronto-b8c6,28,78,Normal
2026-02-15 00:12:50.872098,Toronto-b8c6,-7,19,Normal
2026-02-15 00:12:51.872098,Toronto-b8c6,-11,27,Normal
2026-02-15 00:12:52.872098,Toronto-b8c6,-6,10,Normal
2026-02-15 00:12:53.872098,Toronto-b8c6,30,10,Normal
2026-02-15 00:12:54.872098,Toronto-b8c6,23,95,Normal
2026-02-15 00:12:55.872098,Toronto-b8c6,19,29,Normal
2026-02-15 00:12:56.872098,Toronto-b8c6,16,60,Normal
2026-02-15 00:12:57.872098,Toronto-b8c6,-29,4,Normal
2026-02-15 00:12:58.872098,Toronto-b8c6,11,96,Normal
2026-02-15 00:12:59.872098,Toronto-b8c6,-27,10,Normal
2026-02-15 00:13:00.872098,Toronto-b8c6,49,56,Normal
2026-02-15 00:13:01.872098,Toronto-b8c6,42,0,Normal
2026-02-15 00:13:02.872098,Toronto-b8c6,3,67,Normal
2026-02-15 00:13:03.872098,Toronto-b8c6,46,96,Normal
2026-02-15 00:13:04.872098,Toronto-b8c6,-4,89,Normal
2026-02-15 00:13:05.872098,Toronto-b8c6,-28,40,Normal
2026-02-15 00:13:06.872098,Toronto-b8c6,23,55,Normal
2026-02-15 00:13:07.872098,Toronto-b8c6,-14,63,Normal
2026-02-15 00:13:08.872098,Toronto-b8c6,17,64,Normal
2026-02-15 00:13:09.872098,Toronto-b8c6,35,65,Normal
2026-02-15 00:13:10.872098,Toronto-b8c6,-5,38,Normal
2026-02-15 00:13:11.872098,Toronto-b8c6,-7,19,Normal
2026-02-15 00:13:12.872098,Toronto-b8c6,36,72,Normal
2026-02-15 00:13:13.872098,Toronto-b8c6,20,71,Normal
2026-02-15 00:13:14.872098,Toronto-b8c6,49,41,Normal
2026-02-15 00:13:15.872098,Toronto-b8c6,25,67,Normal
2026-02-15 00:13:16.872098,Toronto-b8c6,-2,29,Normal
2026-02-15 00:13:17.872098,Toronto-b8c6,0,73,Normal
2026-02-15 00:13:18.872098,Toronto-b8c6,18,21,Normal
2026-02-15 00:13:19.872098,Toronto-b8c6,-25,73,Normal
2026-02-15 00:13:20.872098,Toronto-b8c6,-8,59,Normal
2026-02-15 00:13:21.872098,Toronto-b8c6,-9,87,Normal
2026-02-15 00:13:22.872098,Toronto-b8c6,27,69,Normal
2026-02-15 00:13:23.872098,Toronto-b8c6,50,76,Normal
2026-02-15 00:13:24.872098,Toronto-b8c6,11,28,Normal
2026-02-15 00:13:25.872098,Toronto-b8c6,-26,62,Normal
2026-02-15 00:13:26.872098,Toronto-b8c6,-21,36,Normal
2026-02-15 00:13:27.872098,Toronto-b8c6,-21,52,Normal
2026-02-15 00:13:28.872098,Toronto-b8c6,36,24,Normal
2026-02-15 00:13:29.872098,Toronto-b8c6,7,52,Normal
2026-02-15 00:13:30.872098,Toronto-b8c6,-2,70,Normal
2026-02-15 00:13:31.872098,Toronto-b8c6,10,11,Normal
2026-02-15 00:13:32.872098,Toronto-b8c6,42,32,Normal
2026-02-15 00:13:33.872098,Toronto-b8c6,41,95,Normal
2026-02-15 00:13:34.872098,Toronto-b8c6,6,45,Normal
2026-02-15 00:13:35.872098,Toronto-b8c6,34,66,Normal
2026-02-15 00:13:36.872098,Toronto-b8c6,18,60,Normal
2026-02-15 00:13:37.872098,Toronto-b8c6,-23,79,Normal
2026-02-15 00:13:38.872098,Toronto-b8c6,10,9,Normal
2026-02-15 00:13:39.872098,Toronto-b8c6,33,92,Normal
2026-02-15 00:13:40.872098,Toronto-b8c6,19,31,Normal
2026-02-15 00:13:41.872098,Toronto-b8c6,-28,84,Normal
2026-02-15 00:13:42.872098,Toronto-b8c6,39,53,Normal
2026-02-15 00:13:43.872098,Toronto-b8c6,6,83,Normal
2026-02-15 00:13:44.872098,Toronto-b8c6,28,26,Normal
2026-02-15 00:13:45.872098,Toronto-b8c6,-18,93,Normal
2026-02-15 00:13:46.872098,Toronto-b8c6,13,42,Normal
2026-02-15 00:13:47.872098,Toronto-b8c6,-22,78,Normal
2026-02-15 00:13:48.872098,Toronto-b8c6,-8,40,Normal
2026-02-15 00:13:49.872098,Toronto-b8c6,-15,71,Normal
2026-02-15 00:13:50.872098,Toronto-b8c6,-28,80,Normal
2026-02-15 00:13:51.872098,Toronto-b8c6,31,3,Normal
2026-02-15 00:13:52.872098,Toronto-b8c6,-27,26,Normal
2026-02-15 00:13:53.872098,Toronto-b8c6,21,92,Normal
2026-02-15 00:13:54.872098,Toronto-b8c6,17,35,Normal
2026-02-15 00:13:55.872098,Toronto-b8c6,0,63,Normal
2026-02-15 00:13:56.872098,Toronto-b8c6,15,56,Normal
2026-02-15 00:13:57.872098,Toronto-b8c6,33,97,Normal
2026-02-15 00:13:58.872098,Toronto-b8c6,-8,94,Normal
2026-02-15 00:13:59.872098,Toronto-b8c6,-11,88,Normal
2026-02-15 00:14:00.872098,Toronto-b8c6,44,69,Normal
2026-02-15 00:14:01.872098,Toronto-b8c6,3,10,Normal
2026-02-15 00:14:02.872098,Toronto-b8c6,-30,5,Normal
2026-02-15 00:14:03.872098,Toronto-b8c6,-28,69,Normal
2026-02-15 00:14:04.872098,Toronto-b8c6,2,33,Normal
2026-02-15 00:14:05.872098,Toronto-b8c6,45,30,Normal
2026-02-15 00:14:06.872098,Toronto-b8c6,-11,1,Normal
2026-02-15 00:14:07.872098,Toronto-b8c6,-11,44,Normal
2026-02-15 00:14:08.872098,Toronto-b8c6,-12,45,Normal
2026-02-15 00:14:09.872098,Toronto-b8c6,-22,77,Normal
2026-02-15 00:14:10.872098,Toronto-b8c6,-23,30,Normal
2026-02-15 00:14:11.872098,Toronto-b8c6,-13,77,Normal
2026-02-15 00:14:12.872098,Toronto-b8c6,39,64,Normal
2026-02-15 00:14:13.872098,Toronto-b8c6,28,64,Normal
2026-02-15 00:14:14.872098,Toronto-b8c6,-25,79,Normal
2026-02-15 00:14:15.872098,Toronto-b8c6,43,100,Normal
2026-02-15 00:14:16.872098,Toronto-b8c6,-10,40,Normal
2026-02-15 00:14:17.872098,Toronto-b8c6,-24,76,Normal
2026-02-15 00:14:18.872098,Toronto-b8c6,47,1,Normal
2026-02-15 00:14:19.872098,Toronto-b8c6,-16,77,Normal
2026-02-15 00:14:20.872098,Toronto-b8c6,33,56,Normal
2026-02-15 00:14:21.872098,Toronto-b8c6,20,20,Normal
2026-02-15 00:14:22.872098,Toronto-b8c6,-1,0,Normal
2026-02-15 00:14:23.872098,Toronto-b8c6,25,41,Normal
2026-02-15 00:14:24.872098,Toronto-b8c6,-12,53,Normal
2026-02-15 00:14:25.872098,Toronto-b8c6,20,24,Normal
2026-02-15 00:14:26.872098,Toronto-b8c6,3,44,Normal
2026-02-15 00:14:27.872098,Toronto-b8c6,-28,72,Normal
2026-02-15 00:14:28.872098,Toronto-b8c6,-5,61,Normal
2026-02-15 00:14:29.872098,Toronto-b8c6,-11,34,Normal
2026-02-15 00:14:30.872098,Toronto-b8c6,-8,37,Normal
2026-02-15 00:14:31.872098,Toronto-b8c6,-3,16,Normal
2026-02-15 00:14:32.872098,Toronto-b8c6,-26,42,Normal
2026-02-15 00:14:33.872098,Toronto-b8c6,-6,91,Normal
2026-02-15 00:14:34.872098,Toronto-b8c6,15,33,Normal
2026-02-15 00:14:35.872098,Toronto-b8c6,-25,48,Normal
2026-02-15 00:14:36.872098,Toronto-b8c6,-14,85,Normal
2026-02-15 00:14:37.872098,Toronto-b8c6,-18,4,Normal
2026-02-15 00:14:38.872098,Toronto-b8c6,46,38,Normal
2026-02-15 00:14:39.872098,Toronto-b8c6,22,51,Normal
2026-02-15 00:14:40.872098,Toronto-b8c6,38,6,Normal
2026-02-15 00:14:41.872098,Toronto-b8c6,-17,49,Normal
2026-02-15 00:14:42.872098,Toronto-b8c6,40,96,Normal
2026-02-15 00:14:43.872098,Toronto-b8c6,41,84,Normal
2026-02-15 00:14:44.872098,Toronto-b8c6,-28,77,Normal
2026-02-15 00:14:45.872098,Toronto-b8c6,0,97,Normal
2026-02-15 00:14:46.872098,Toronto-b8c6,-23,96,Normal
2026-02-15 00:14:47.872098,Toronto-b8c6,15,90,Normal
2026-02-15 00:14:48.872098,Toronto-b8c6,-8,74,Normal
2026-02-15 00:14:49.872098,Toronto-b8c6,26,91,Normal
2026-02-15 00:14:50.872098,Toronto-b8c6,26,6,Normal
2026-02-15 00:14:51.872098,Toronto-b8c6,-25,31,Normal
2026-02-15 00:14:52.872098,Toronto-b8c6,15,53,Normal
2026-02-15 00:14:53.872098,Toronto-b8c6,-14,72,Normal
2026-02-15 00:14:54.872098,Toronto-b8c6,8,57,Normal
2026-02-15 00:14:55.872098,Toronto-b8c6,-18,29,Normal
2026-02-15 00:14:56.872098,Toronto-b8c6,-20,86,Normal
2026-02-15 00:14:57.872098,Toronto-b8c6,21,10,Normal
2026-02-15 00:14:58.872098,Toronto-b8c6,41,92,Normal
2026-02-15 00:14:59.872098,Toronto-b8c6,9,94,Normal
2026-02-15 00:15:00.872098,Toronto-b8c6,12,62,Normal
2026-02-15 00:15:01.872098,Toronto-b8c6,-7,75,Normal
2026-02-15 00:15:02.872098,Toronto-b8c6,-20,49,Normal
2026-02-15 00:15:03.872098,Toronto-b8c6,21,71,Normal
2026-02-15 00:15:04.872098,Toronto-b8c6,4,38,Normal
2026-02-15 00:15:05.872098,Toronto-b8c6,9,33,Normal
2026-02-15 00:15:06.872098,Toronto-b8c6,35,0,Normal
2026-02-15 00:15:07.872098,Toronto-b8c6,-13,83,Normal
2026-02-15 00:15:08.872098,Toronto-b8c6,-16,67,Normal
2026-02-15 00:15:09.872098,Toronto-b8c6,0,96,Normal
2026-02-15 00:15:10.872098,Toronto-b8c6,-16,39,Normal
2026-02-15 00:15:11.872098,Toronto-b8c6,31,15,Normal
2026-02-15 00:15:12.872098,Toronto-b8c6,48,57,Normal
2026-02-15 00:15:13.872098,Toronto-b8c6,41,96,Normal
2026-02-15 00:15:14.872098,Toronto-b8c6,7,25,Normal
2026-02-15 00:15:15.872098,Toronto-b8c6,8,19,Normal
2026-02-15 00:15:16.872098,Toronto-b8c6,-7,25,Normal
2026-02-15 00:15:17.872098,Toronto-b8c6,29,60,Normal
2026-02-15 00:15:18.872098,Toronto-b8c6,42,71,Normal
2026-02-15 00:15:19.872098,Toronto-b8c6,12,92,Normal
2026-02-15 00:15:20.872098,Toronto-b8c6,26,1,Normal
2026-02-15 00:15:21.872098,Toronto-b8c6,30,31,Normal
2026-02-15 00:15:22.872098,Toronto-b8c6,11,84,Normal
2026-02-15 00:15:23.872098,Toronto-b8c6,12,23,Normal
2026-02-15 00:15:24.872098,Toronto-b8c6,-3,69,Normal
2026-02-15 00:15:25.872098,Toronto-b8c6,-30,69,Normal
2026-02-15 00:15:26.872098,Toronto-b8c6,-24,21,Normal
2026-02-15 00:15:27.872098,Toronto-b8c6,50,38,Normal
2026-02-15 00:15:28.872098,Toronto-b8c6,13,40,Normal
2026-02-15 00:15:29.872098,Toronto-b8c6,-16,94,Normal
2026-02-15 00:15:30.872098,Toronto-b8c6,44,91,Normal
2026-02-15 00:15:31.872098,Toronto-b8c6,31,70,Normal
2026-02-15 00:15:32.872098,Toronto-b8c6,-20,47,Normal
2026-02-15 00:15:33.872098,Toronto-b8c6,14,67,Normal
2026-02-15 00:15:34.872098,Toronto-b8c6,30,100,Normal
2026-02-15 00:15:35.872098,Toronto-b8c6,-25,42,Normal
2026-02-15 00:15:36.872098,Toronto-b8c6,31,50,Normal
2026-02-15 00:15:37.872098,Toronto-b8c6,-1,29,Normal
2026-02-15 00:15:38.872098,Toronto-b8c6,0,97,Normal
2026-02-15 00:15:39.872098,Toronto-b8c6,10,43,Normal
2026-02-15 00:15:40.872098,Toronto-b8c6,7,87,Normal
2026-02-15 00:15:41.872098,Toronto-b8c6,20,49,Normal
2026-02-15 00:15:42.872098,Toronto-b8c6,29,92,Normal
2026-02-15 00:15:43.872098,Toronto-b8c6,45,82,Normal
2026-02-15 00:15:44.872098,Toronto-b8c6,50,54,Normal
2026-02-15 00:15:45.872098,Toronto-b8c6,20,17,Normal
2026-02-15 00:15:46.872098,Toronto-b8c6,11,64,Normal
2026-02-15 00:15:47.872098,Toronto-b8c6,49,46,Normal
2026-02-15 00:15:48.872098,Toronto-b8c6,-6,32,Normal
2026-02-15 00:15:49.872098,Toronto-b8c6,9,37,Normal
2026-02-15 00:15:50.872098,Toronto-b8c6,12,91,Normal
2026-02-15 00:15:51.872098,Toronto-b8c6,-19,20,Normal
2026-02-15 00:15:52.872098,Toronto-b8c6,6,68,Normal
2026-02-15 00:15:53.872098,Toronto-b8c6,2,70,Normal
2026-02-15 00:15:54.872098,Toronto-b8c6,0,76,Normal
2026-02-15 00:15:55.872098,Toronto-b8c6,6,44,Normal
2026-02-15 00:15:56.872098,Toronto-b8c6,15,48,Normal
2026-02-15 00:15:57.872098,Toronto-b8c6,-29,59,Normal
2026-02-15 00:15:58.872098,Toronto-b8c6,-2,2,Normal
2026-02-15 00:15:59.872098,Toronto-b8c6,24,67,Normal
2026-02-15 00:16:00.872098,Toronto-b8c6,34,82,Normal
2026-02-15 00:16:01.872098,Toronto-b8c6,11,33,Normal
2026-02-15 00:16:02.872098,Toronto-b8c6,-10,11,Normal
2026-02-15 00:16:03.872098,Toronto-b8c6,39,95,Normal
2026-02-15 00:16:04.872098,Toronto-b8c6,12,28,Normal
2026-02-15 00:16:05.872098,Toronto-b8c6,46,94,Normal
2026-02-15 00:16:06.872098,Toronto-b8c6,2,81,Normal
2026-02-15 00:16:07.872098,Toronto-b8c6,24,59,Normal
2026-02-15 00:16:08.872098,Toronto-b8c6,-26,8,Normal
2026-02-15 00:16:09.872098,Toronto-b8c6,-13,10,Normal
2026-02-15 00:16:10.872098,Toronto-b8c6,12,97,Normal
2026-02-15 00:16:11.872098,Toronto-b8c6,9,85,Normal
2026-02-15 00:16:12.872098,Toronto-b8c6,33,82,Normal
2026-02-15 00:16:13.872098,Toronto-b8c6,-3,9,Normal
2026-02-15 00:16:14.872098,Toronto-b8c6,-20,51,Normal
2026-02-15 00:16:15.872098,Toronto-b8c6,24,48,Normal
2026-02-15 00:16:16.872098,Toronto-b8c6,0,93,Normal
2026-02-15 00:16:17.872098,Toronto-b8c6,10,48,Normal
2026-02-15 00:16:18.872098,Toronto-b8c6,-21,77,Normal
2026-02-15 00:16:19.872098,Toronto-b8c6,-8,92,Normal
2026-02-15 00:16:20.872098,Toronto-b8c6,-2,13,Normal
2026-02-15 00:16:21.872098,Toronto-b8c6,41,10,Normal
2026-02-15 00:16:22.872098,Toronto-b8c6,-12,14,Normal
2026-02-15 00:16:23.872098,Toronto-b8c6,-23,55,Normal
2026-02-15 00:16:24.872098,Toronto-b8c6,-16,35,Normal
2026-02-15 00:16:25.872098,Toronto-b8c6,-1,37,Normal
2026-02-15 00:16:26.872098,Toronto-b8c6,14,63,Normal
2026-02-15 00:16:27.872098,Toronto-b8c6,33,30,Normal
2026-02-15 00:16:28.872098,Toronto-b8c6,25,87,Normal
2026-02-15 00:16:29.872098,Toronto-b8c6,-19,21,Normal
2026-02-15 00:16:30.872098,Toronto-b8c6,-14,28,Normal
2026-02-15 00:16:31.872098,Toronto-b8c6,-25,38,Normal
2026-02-15 00:16:32.872098,Toronto-b8c6,-23,38,Normal
2026-02-15 00:16:33.872098,Toronto-b8c6,-27,60,Normal
2026-02-15 00:16:34.872098,Toronto-b8c6,23,18,Normal
2026-02-15 00:16:35.872098,Toronto-b8c6,12,89,Normal
2026-02-15 00:16:36.872098,Toronto-b8c6,49,2,Normal
2026-02-15 00:16:37.872098,Toronto-b8c6,30,28,Normal
2026-02-15 00:16:38.872098,Toronto-b8c6,-15,45,Normal
2026-02-15 00:16:39.872098,Toronto-b8c6,23,27,Normal
2026-02-15 00:16:40.872098,Toronto-b8c6,-30,13,Normal
2026-02-15 00:16:41.872098,Toronto-b8c6,14,3,Normal
2026-02-15 00:16:42.872098,Toronto-b8c6,21,84,Normal
2026-02-15 00:16:43.872098,Toronto-b8c6,26,99,Normal
2026-02-15 00:16:44.872098,Toronto-b8c6,14,3,Normal
2026-02-15 00:16:45.872098,Toronto-b8c6,-24,36,Normal
2026-02-15 00:16:46.872098,Toronto-b8c6,-15,45,Normal
2026-02-15 00:16:47.872098,Toronto-b8c6,3,82,Normal
2026-02-15 00:16:48.872098,Toronto-b8c6,36,10,Normal
2026-02-15 00:16:49.872098,Toronto-b8c6,38,73,Normal
2026-02-15 00:16:50.872098,Toronto-b8c6,-15,52,Normal
2026-02-15 00:16:51.872098,Toronto-b8c6,-30,85,Normal
2026-02-15 00:16:52.872098,Toronto-b8c6,25,48,Normal
2026-02-15 00:16:53.872098,Toronto-b8c6,-25,27,Normal
2026-02-15 00:16:54.872098,Toronto-b8c6,-27,57,Normal
2026-02-15 00:16:55.872098,Toronto-b8c6,-26,45,Normal
2026-02-15 00:16:56.872098,Toronto-b8c6,-9,54,Normal
2026-02-15 00:16:57.872098,Toronto-b8c6,10,76,Normal
2026-02-15 00:16:58.872098,Toronto-b8c6,-8,74,Normal
2026-02-15 00:16:59.872098,Toronto-b8c6,15,71,Normal
2026-02-15 00:17:00.872098,Toronto-b8c6,24,13,Normal
2026-02-15 00:17:01.872098,Toronto-b8c6,-22,50,Normal
2026-02-15 00:17:02.872098,Toronto-b8c6,-6,70,Normal
2026-02-15 00:17:03.872098,Toronto-b8c6,-10,51,Normal
2026-02-15 00:17:04.872098,Toronto-b8c6,48,1,Normal
2026-02-15 00:17:05.872098,Toronto-b8c6,36,72,Normal
2026-02-15 00:17:06.872098,Toronto-b8c6,40,36,Normal
2026-02-15 00:17:07.872098,Toronto-b8c6,19,74,Normal
2026-02-15 00:17:08.872098,Toronto-b8c6,4,84,Normal
2026-02-15 00:17:09.872098,Toronto-b8c6,-24,53,Normal
2026-02-15 00:17:10.872098,Toronto-b8c6,-26,3,Normal
2026-02-15 00:17:11.872098,Toronto-b8c6,-18,64,Normal
2026-02-15 00:17:12.872098,Toronto-b8c6,14,32,Normal
2026-02-15 00:17:13.872098,Toronto-b8c6,-16,14,Normal
2026-02-15 00:17:14.872098,Toronto-b8c6,39,55,Normal
2026-02-15 00:17:15.872098,Toronto-b8c6,42,100,Normal
2026-02-15 00:17:16.872098,Toronto-b8c6,-14,71,Normal
2026-02-15 00:17:17.872098,Toronto-b8c6,-30,10,Normal
2026-02-15 00:17:18.872098,Toronto-b8c6,12,63,Normal
2026-02-15 00:17:19.872098,Toronto-b8c6,0,98,Normal
2026-02-15 00:17:20.872098,Toronto-b8c6,-26,93,Normal
2026-02-15 00:17:21.872098,Toronto-b8c6,48,99,Normal
2026-02-15 00:17:22.872098,Toronto-b8c6,25,34,Normal
2026-02-15 00:17:23.872098,Toronto-b8c6,37,72,Normal
2026-02-15 00:17:24.872098,Toronto-b8c6,-7,71,Normal
2026-02-15 00:17:25.872098,Toronto-b8c6,-29,54,Normal
2026-02-15 00:17:26.872098,Toronto-b8c6,15,96,Normal
2026-02-15 00:17:27.872098,Toronto-b8c6,0,93,Normal
2026-02-15 00:17:28.872098,Toronto-b8c6,-18,1,Normal
2026-02-15 00:17:29.872098,Toronto-b8c6,-18,82,Normal
2026-02-15 00:17:30.872098,Toronto-b8c6,-13,63,Normal
2026-02-15 00:17:31.872098,Toronto-b8c6,11,52,Normal
2026-02-15 00:17:32.872098,Toronto-b8c6,50,79,Normal
2026-02-15 00:17:33.872098,Toronto-b8c6,-13,26,Normal
2026-02-15 00:17:34.872098,Toronto-b8c6,34,35,Normal
2026-02-15 00:17:35.872098,Toronto-b8c6,-12,98,Normal
2026-02-15 00:17:36.872098,Toronto-b8c6,33,100,Normal
2026-02-15 00:17:37.872098,Toronto-b8c6,26,75,Normal
2026-02-15 00:17:38.872098,Toronto-b8c6,-6,45,Normal
2026-02-15 00:17:39.872098,Toronto-b8c6,50,91,Normal
2026-02-15 00:17:40.872098,Toronto-b8c6,45,40,Normal
2026-02-15 00:17:41.872098,Toronto-b8c6,31,83,Normal
2026-02-15 00:17:42.872098,Toronto-b8c6,31,33,Normal
2026-02-15 00:17:43.872098,Toronto-b8c6,12,78,Normal
2026-02-15 00:17:44.872098,Toronto-b8c6,39,14,Normal
2026-02-15 00:17:45.872098,Toronto-b8c6,40,71,Normal
2026-02-15 00:17:46.872098,Toronto-b8c6,-5,47,Normal
2026-02-15 00:17:47.872098,Toronto-b8c6,40,87,Normal
2026-02-15 00:17:48.872098,Toronto-b8c6,41,18,Normal
2026-02-15 00:17:49.872098,Toronto-b8c6,47,29,Normal
2026-02-15 00:17:50.872098,Toronto-b8c6,-10,89,Normal
2026-02-15 00:17:51.872098,Toronto-b8c6,-22,10,Normal
2026-02-15 00:17:52.872098,Toronto-b8c6,20,20,Normal
2026-02-15 00:17:53.872098,Toronto-b8c6,-6,48,Normal
2026-02-15 00:17:54.872098,Toronto-b8c6,27,81,Normal
2026-02-15 00:17:55.872098,Toronto-b8c6,21,45,Normal
2026-02-15 00:17:56.872098,Toronto-b8c6,30,78,Normal
2026-02-15 00:17:57.872098,Toronto-b8c6,-28,87,Normal
2026-02-15 00:17:58.872098,Toronto-b8c6,-18,57,Normal
2026-02-15 00:17:59.872098,Toronto-b8c6,-1,30,Normal
2026-02-15 00:18:00.872098,Toronto-b8c6,22,86,Normal
2026-02-15 00:18:01.872098,Toronto-b8c6,44,28,Normal
2026-02-15 00:18:02.872098,Toronto-b8c6,-16,94,Normal
2026-02-15 00:18:03.872098,Toronto-b8c6,12,3,Normal
2026-02-15 00:18:04.872098,Toronto-b8c6,-14,66,Normal
2026-02-15 00:18:05.872098,Toronto-b8c6,31,26,Normal
2026-02-15 00:18:06.872098,Toronto-b8c6,9,78,Normal
2026-02-15 00:18:07.872098,Toronto-b8c6,20,32,Normal
2026-02-15 00:18:08.872098,Toronto-b8c6,3,2,Normal
2026-02-15 00:18:09.872098,Toronto-b8c6,-11,73,Normal
2026-02-15 00:18:10.872098,Toronto-b8c6,25,96,Normal
2026-02-15 00:18:11.872098,Toronto-b8c6,-1,24,Normal
2026-02-15 00:18:12.872098,Toronto-b8c6,9,60,Normal
2026-02-15 00:18:13.872098,Toronto-b8c6,36,37,Normal
2026-02-15 00:18:14.872098,Toronto-b8c6,29,39,Normal
2026-02-15 00:18:15.872098,Toronto-b8c6,-23,48,Normal
2026-02-15 00:18:16.872098,Toronto-b8c6,7,57,Normal
2026-02-15 00:18:17.872098,Toronto-b8c6,39,60,Normal
2026-02-15 00:18:18.872098,Toronto-b8c6,9,12,Normal
2026-02-15 00:18:19.872098,Toronto-b8c6,-19,67,Normal
2026-02-15 00:18:20.872098,Toronto-b8c6,-27,44,Normal
2026-02-15 00:18:21.872098,Toronto-b8c6,-30,57,Normal
2026-02-15 00:18:22.872098,Toronto-b8c6,20,74,Normal
2026-02-15 00:18:23.872098,Toronto-b8c6,40,66,Normal
2026-02-15 00:18:24.872098,Toronto-b8c6,1,17,Normal
2026-02-15 00:18:25.872098,Toronto-b8c6,31,5,Normal
2026-02-15 00:18:26.872098,Toronto-b8c6,-25,61,Normal
2026-02-15 00:18:27.872098,Toronto-b8c6,-27,76,Normal
2026-02-15 00:18:28.872098,Toronto-b8c6,34,73,Normal
2026-02-15 00:18:29.872098,Toronto-b8c6,-14,31,Normal
2026-02-15 00:18:30.872098,Toronto-b8c6,22,29,Normal
2026-02-15 00:18:31.872098,Toronto-b8c6,43,71,Normal
2026-02-15 00:18:32.872098,Toronto-b8c6,17,1,Normal
2026-02-15 00:18:33.872098,Toronto-b8c6,1,20,Normal
2026-02-15 00:18:34.872098,Toronto-b8c6,6,22,Normal
2026-02-15 00:18:35.872098,Toronto-b8c6,41,100,Normal
2026-02-15 00:18:36.872098,Toronto-b8c6,-17,12,Normal
2026-02-15 00:18:37.872098,Toronto-b8c6,44,64,Normal
2026-02-15 00:18:38.872098,Toronto-b8c6,12,92,Normal
2026-02-15 00:18:39.872098,Toronto-b8c6,31,97,Normal
2026-02-15 00:18:40.872098,Toronto-b8c6,19,26,Normal
2026-02-15 00:18:41.872098,Toronto-b8c6,-15,14,Normal
2026-02-15 00:18:42.872098,Toronto-b8c6,-14,34,Normal
2026-02-15 00:18:43.872098,Toronto-b8c6,33,71,Normal
2026-02-15 00:18:44.872098,Toronto-b8c6,20,28,Normal
2026-02-15 00:18:45.872098,Toronto-b8c6,40,78,Normal
2026-02-15 00:18:46.872098,Toronto-b8c6,4,40,Normal
2026-02-15 00:18:47.872098,Toronto-b8c6,0,92,Normal
2026-02-15 00:18:48.872098,Toronto-b8c6,-20,73,Normal
2026-02-15 00:18:49.872098,Toronto-b8c6,-1,5,Normal
2026-02-15 00:18:50.872098,Toronto-b8c6,30,79,Normal
2026-02-15 00:18:51.872098,Toronto-b8c6,-1,37,Normal
2026-02-15 00:18:52.872098,Toronto-b8c6,44,70,Normal
2026-02-15 00:18:53.872098,Toronto-b8c6,8,60,Normal
2026-02-15 00:18:54.872098,Toronto-b8c6,42,66,Normal
2026-02-15 00:18:55.872098,Toronto-b8c6,22,63,Normal
2026-02-15 00:18:56.872098,Toronto-b8c6,-7,87,Normal
2026-02-15 00:18:57.872098,Toronto-b8c6,41,95,Normal
2026-02-15 00:18:58.872098,Toronto-b8c6,-19,47,Normal
2026-02-15 00:18:59.872098,Toronto-b8c6,-2,100,Normal
2026-02-15 00:19:00.872098,Toronto-b8c6,38,46,Normal
2026-02-15 00:19:01.872098,Toronto-b8c6,-11,21,Normal
2026-02-15 00:19:02.872098,Toronto-b8c6,28,88,Normal
2026-02-15 00:19:03.872098,Toronto-b8c6,35,71,Normal
2026-02-15 00:19:04.872098,Toronto-b8c6,-14,25,Normal
2026-02-15 00:19:05.872098,Toronto-b8c6,-6,89,Normal
2026-02-15 00:19:06.872098,Toronto-b8c6,-25,5,Normal
2026-02-15 00:19:07.872098,Toronto-b8c6,34,52,Normal
2026-02-15 00:19:08.872098,Toronto-b8c6,9,6,Normal
2026-02-15 00:19:09.872098,Toronto-b8c6,-14,45,Normal
2026-02-15 00:19:10.872098,Toronto-b8c6,48,41,Normal
2026-02-15 00:19:11.872098,Toronto-b8c6,-27,89,Normal
2026-02-15 00:19:12.872098,Toronto-b8c6,-18,1,Normal
2026-02-15 00:19:13.872098,Toronto-b8c6,0,3,Normal
2026-02-15 00:19:14.872098,Toronto-b8c6,27,6,Normal
2026-02-15 00:19:15.872098,Toronto-b8c6,25,69,Normal
2026-02-15 00:19:16.872098,Toronto-b8c6,-4,23,Normal
2026-02-15 00:19:17.872098,Toronto-b8c6,2,80,Normal
2026-02-15 00:19:18.872098,Toronto-b8c6,-20,19,Normal
2026-02-15 00:19:19.872098,Toronto-b8c6,37,47,Normal
2026-02-15 00:19:20.872098,Toronto-b8c6,34,89,Normal
2026-02-15 00:19:21.872098,Toronto-b8c6,-21,88,Normal
2026-02-15 00:19:22.872098,Toronto-b8c6,50,38,Normal
2026-02-15 00:19:23.872098,Toronto-b8c6,35,71,Normal
2026-02-15 00:19:24.872098,Toronto-b8c6,37,58,Normal
2026-02-15 00:19:25.872098,Toronto-b8c6,-2,56,Normal
2026-02-15 00:19:26.872098,Toronto-b8c6,-18,11,Normal
2026-02-15 00:19:27.872098,Toronto-b8c6,2,9,Normal
2026-02-15 00:19:28.872098,Toronto-b8c6,-14,98,Normal
2026-02-15 00:19:29.872098,Toronto-b8c6,48,20,Normal
2026-02-15 00:19:30.872098,Toronto-b8c6,-20,46,Normal
2026-02-15 00:19:31.872098,Toronto-b8c6,-26,89,Normal
2026-02-15 00:19:32.872098,Toronto-b8c6,16,79,Normal
2026-02-15 00:19:33.872098,Toronto-b8c6,-28,93,Normal
2026-02-15 00:19:34.872098,Toronto-b8c6,10,60,Normal
2026-02-15 00:19:35.872098,Toronto-b8c6,29,83,Normal
2026-02-15 00:19:36.872098,Toronto-b8c6,46,11,Normal
2026-02-15 00:19:37.872098,Toronto-b8c6,-16,11,Normal
2026-02-15 00:19:38.872098,Toronto-b8c6,1,74,Normal
2026-02-15 00:19:39.872098,Toronto-b8c6,36,25,Normal
2026-02-15 00:19:40.872098,Toronto-b8c6,-2,88,Normal
2026-02-15 00:19:41.872098,Toronto-b8c6,3,73,Normal
2026-02-15 00:19:42.872098,Toronto-b8c6,-26,26,Normal
2026-02-15 00:19:43.872098,Toronto-b8c6,13,36,Normal
2026-02-15 00:19:44.872098,Toronto-b8c6,46,8,Normal
2026-02-15 00:19:45.872098,Toronto-b8c6,12,13,Normal
2026-02-15 00:19:46.872098,Toronto-b8c6,22,64,Normal
2026-02-15 00:19:47.872098,Toronto-b8c6,-27,19,Normal
2026-02-15 00:19:48.872098,Toronto-b8c6,-24,70,Normal
2026-02-15 00:19:49.872098,Toronto-b8c6,18,99,Normal
2026-02-15 00:19:50.872098,Toronto-b8c6,16,57,Normal
2026-02-15 00:19:51.872098,Toronto-b8c6,24,22,Normal
2026-02-15 00:19:52.872098,Toronto-b8c6,22,3,Normal
2026-02-15 00:19:53.872098,Toronto-b8c6,-12,52,Normal
2026-02-15 00:19:54.872098,Toronto-b8c6,-8,22,Normal
2026-02-15 00:19:55.872098,Toronto-b8c6,13,40,Normal
2026-02-15 00:19:56.872098,Toronto-b8c6,-26,22,Normal
2026-02-15 00:19:57.872098,Toronto-b8c6,35,25,Normal
2026-02-15 00:19:58.872098,Toronto-b8c6,50,31,Normal
2026-02-15 00:19:59.872098,Toronto-b8c6,-25,93,Normal
2026-02-15 00:20:00.872098,Toronto-b8c6,6,63,Normal
2026-02-15 00:20:01.872098,Toronto-b8c6,17,60,Normal
2026-02-15 00:20:02.872098,Toronto-b8c6,42,32,Normal
2026-02-15 00:20:03.872098,Toronto-b8c6,-13,10,Normal
2026-02-15 00:20:04.872098,Toronto-b8c6,-16,16,Normal
2026-02-15 00:20:05.872098,Toronto-b8c6,44,53,Normal
2026-02-15 00:20:06.872098,Toronto-b8c6,21,0,Normal
2026-02-15 00:20:07.872098,Toronto-b8c6,-23,52,Normal
2026-02-15 00:20:08.872098,Toronto-b8c6,32,72,Normal
2026-02-15 00:20:09.872098,Toronto-b8c6,37,43,Normal
2026-02-15 00:20:10.872098,Toronto-b8c6,-18,60,Normal
2026-02-15 00:20:11.872098,Toronto-b8c6,29,49,Normal
2026-02-15 00:20:12.872098,Toronto-b8c6,22,52,Normal
2026-02-15 00:20:13.872098,Toronto-b8c6,-18,52,Normal
2026-02-15 00:20:14.872098,Toronto-b8c6,35,41,Normal
2026-02-15 00:20:15.872098,Toronto-b8c6,-9,44,Normal
2026-02-15 00:20:16.872098,Toronto-b8c6,44,82,Normal
2026-02-15 00:20:17.872098,Toronto-b8c6,30,42,Normal
2026-02-15 00:20:18.872098,Toronto-b8c6,-12,91,Normal
2026-02-15 00:20:19.872098,Toronto-b8c6,-27,59,Normal
2026-02-15 00:20:20.872098,Toronto-b8c6,-17,57,Normal
2026-02-15 00:20:21.872098,Toronto-b8c6,3,70,Normal
2026-02-15 00:20:22.872098,Toronto-b8c6,7,37,Normal
2026-02-15 00:20:23.872098,Toronto-b8c6,-7,77,Normal
2026-02-15 00:20:24.872098,Toronto-b8c6,17,95,Normal
2026-02-15 00:20:25.872098,Toronto-b8c6,44,67,Normal
2026-02-15 00:20:26.872098,Toronto-b8c6,18,11,Normal
2026-02-15 00:20:27.872098,Toronto-b8c6,19,11,Normal
2026-02-15 00:20:28.872098,Toronto-b8c6,-1,49,Normal
2026-02-15 00:20:29.872098,Toronto-b8c6,7,75,Normal
2026-02-15 00:20:30.872098,Toronto-b8c6,7,66,Normal
2026-02-15 00:20:31.872098,Toronto-b8c6,-12,33,Normal
2026-02-15 00:20:32.872098,Toronto-b8c6,-29,77,Normal
2026-02-15 00:20:33.872098,Toronto-b8c6,44,30,Normal
2026-02-15 00:20:34.872098,Toronto-b8c6,-13,54,Normal
2026-02-15 00:20:35.872098,Toronto-b8c6,-9,5,Normal
2026-02-15 00:20:36.872098,Toronto-b8c6,24,31,Normal
2026-02-15 00:20:37.872098,Toronto-b8c6,-22,79,Normal
2026-02-15 00:20:38.872098,Toronto-b8c6,21,22,Normal
2026-02-15 00:20:39.872098,Toronto-b8c6,45,79,Normal
2026-02-15 00:20:40.872098,Toronto-b8c6,-7,47,Normal
2026-02-15 00:20:41.872098,Toronto-b8c6,50,53,Normal
2026-02-15 00:20:42.872098,Toronto-b8c6,7,34,Normal
2026-02-15 00:20:43.872098,Toronto-b8c6,-9,56,Normal
2026-02-15 00:20:44.872098,Toronto-b8c6,4,69,Normal
2026-02-15 00:20:45.872098,Toronto-b8c6,21,65,Normal
2026-02-15 00:20:46.872098,Toronto-b8c6,48,8,Normal
2026-02-15 00:20:47.872098,Toronto-b8c6,4,7,Normal
2026-02-15 00:20:48.872098,Toronto-b8c6,-21,58,Normal
2026-02-15 00:20:49.872098,Toronto-b8c6,23,45,Normal
2026-02-15 00:20:50.872098,Toronto-b8c6,29,20,Normal
2026-02-15 00:20:51.872098,Toronto-b8c6,29,79,Normal
2026-02-15 00:20:52.872098,Toronto-b8c6,-21,88,Normal
2026-02-15 00:20:53.872098,Toronto-b8c6,9,64,Normal
2026-02-15 00:20:54.872098,Toronto-b8c6,33,60,Normal
2026-02-15 00:20:55.872098,Toronto-b8c6,45,65,Normal
2026-02-15 00:20:56.872098,Toronto-b8c6,39,96,Normal
2026-02-15 00:20:57.872098,Toronto-b8c6,36,79,Normal
2026-02-15 00:20:58.872098,Toronto-b8c6,20,46,Normal
2026-02-15 00:20:59.872098,Toronto-b8c6,25,7,Normal
2026-02-15 00:21:00.872098,Toronto-b8c6,27,92,Normal
2026-02-15 00:21:01.872098,Toronto-b8c6,12,61,Normal
2026-02-15 00:21:02.872098,Toronto-b8c6,49,92,Normal
2026-02-15 00:21:03.872098,Toronto-b8c6,-8,33,Normal
2026-02-15 00:21:04.872098,Toronto-b8c6,-22,55,Normal
2026-02-15 00:21:05.872098,Toronto-b8c6,3,63,Normal
2026-02-15 00:21:06.872098,Toronto-b8c6,11,97,Normal
2026-02-15 00:21:07.872098,Toronto-b8c6,37,83,Normal
2026-02-15 00:21:08.872098,Toronto-b8c6,36,55,Normal
2026-02-15 00:21:09.872098,Toronto-b8c6,49,25,Normal
2026-02-15 00:21:10.872098,Toronto-b8c6,1,86,Normal
2026-02-15 00:21:11.872098,Toronto-b8c6,-20,25,Normal
2026-02-15 00:21:12.872098,Toronto-b8c6,-19,35,Normal
2026-02-15 00:21:13.872098,Toronto-b8c6,-30,32,Normal
2026-02-15 00:21:14.872098,Toronto-b8c6,-8,67,Normal
2026-02-15 00:21:15.872098,Toronto-b8c6,7,68,Normal
2026-02-15 00:21:16.872098,Toronto-b8c6,-13,59,Normal
2026-02-15 00:21:17.872098,Toronto-b8c6,34,13,Normal
2026-02-15 00:21:18.872098,Toronto-b8c6,23,95,Normal
2026-02-15 00:21:19.872098,Toronto-b8c6,-7,58,Normal
2026-02-15 00:21:20.872098,Toronto-b8c6,-9,88,Normal
2026-02-15 00:21:21.872098,Toronto-b8c6,27,56,Normal
2026-02-15 00:21:22.872098,Toronto-b8c6,-16,48,Normal
2026-02-15 00:21:23.872098,Toronto-b8c6,-21,1,Normal
2026-02-15 00:21:24.872098,Toronto-b8c6,-11,36,Normal
2026-02-15 00:21:25.872098,Toronto-b8c6,47,10,Normal
2026-02-15 00:21:26.872098,Toronto-b8c6,19,100,Normal
2026-02-15 00:21:27.872098,Toronto-b8c6,43,93,Normal
2026-02-15 00:21:28.872098,Toronto-b8c6,-30,27,Normal
2026-02-15 00:21:29.872098,Toronto-b8c6,30,14,Normal
2026-02-15 00:21:30.872098,Toronto-b8c6,-22,5,Normal
2026-02-15 00:21:31.872098,Toronto-b8c6,-11,70,Normal
2026-02-15 00:21:32.872098,Toronto-b8c6,32,99,Normal
2026-02-15 00:21:33.872098,Toronto-b8c6,31,51,Normal
2026-02-15 00:21:34.872098,Toronto-b8c6,-8,20,Normal
2026-02-15 00:21:35.872098,Toronto-b8c6,31,98,Normal
2026-02-15 00:21:36.872098,Toronto-b8c6,40,45,Normal
2026-02-15 00:21:37.872098,Toronto-b8c6,14,44,Normal
2026-02-15 00:21:38.872098,Toronto-b8c6,36,91,Normal
2026-02-15 00:21:39.872098,Toronto-b8c6,-2,38,Normal
2026-02-15 00:21:40.872098,Toronto-b8c6,23,91,Normal
2026-02-15 00:21:41.872098,Toronto-b8c6,12,58,Normal
2026-02-15 00:21:42.872098,Toronto-b8c6,-14,48,Normal
2026-02-15 00:21:43.872098,Toronto-b8c6,14,46,Normal
2026-02-15 00:21:44.872098,Toronto-b8c6,14,13,Normal
2026-02-15 00:21:45.872098,Toronto-b8c6,39,88,Normal
2026-02-15 00:21:46.872098,Toronto-b8c6,-5,35,Normal
2026-02-15 00:21:47.872098,Toronto-b8c6,-28,3,Normal
2026-02-15 00:21:48.872098,Toronto-b8c6,35,94,Normal
2026-02-15 00:21:49.872098,Toronto-b8c6,43,6,Normal
2026-02-15 00:21:50.872098,Toronto-b8c6,8,51,Normal
2026-02-15 00:21:51.872098,Toronto-b8c6,21,30,Normal
2026-02-15 00:21:52.872098,Toronto-b8c6,-24,95,Normal
2026-02-15 00:21:53.872098,Toronto-b8c6,-8,66,Normal
2026-02-15 00:21:54.872098,Toronto-b8c6,9,46,Normal
2026-02-15 00:21:55.872098,Toronto-b8c6,-29,47,Normal
2026-02-15 00:21:56.872098,Toronto-b8c6,48,49,Normal
2026-02-15 00:21:57.872098,Toronto-b8c6,-17,24,Normal
2026-02-15 00:21:58.872098,Toronto-b8c6,8,74,Normal
2026-02-15 00:21:59.872098,Toronto-b8c6,8,65,Normal
2026-02-15 00:22:00.872098,Toronto-b8c6,18,10,Normal
2026-02-15 00:22:01.872098,Toronto-b8c6,16,96,Normal
2026-02-15 00:22:02.872098,Toronto-b8c6,34,41,Normal
2026-02-15 00:22:03.872098,Toronto-b8c6,-27,4,Normal
2026-02-15 00:22:04.872098,Toronto-b8c6,-9,81,Normal
2026-02-15 00:22:05.872098,Toronto-b8c6,-20,26,Normal
2026-02-15 00:22:06.872098,Toronto-b8c6,-5,36,Normal
2026-02-15 00:22:07.872098,Toronto-b8c6,5,63,Normal
2026-02-15 00:22:08.872098,Toronto-b8c6,30,86,Normal
2026-02-15 00:22:09.872098,Toronto-b8c6,-28,28,Normal
2026-02-15 00:22:10.872098,Toronto-b8c6,2,20,Normal
2026-02-15 00:22:11.872098,Toronto-b8c6,-4,69,Normal
2026-02-15 00:22:12.872098,Toronto-b8c6,-21,70,Normal
2026-02-15 00:22:13.872098,Toronto-b8c6,6,34,Normal
2026-02-15 00:22:14.872098,Toronto-b8c6,17,40,Normal
2026-02-15 00:22:15.872098,Toronto-b8c6,39,57,Normal
2026-02-15 00:22:16.872098,Toronto-b8c6,-9,85,Normal
2026-02-15 00:22:17.872098,Toronto-b8c6,-6,9,Normal
2026-02-15 00:22:18.872098,Toronto-b8c6,20,61,Normal
2026-02-15 00:22:19.872098,Toronto-b8c6,4,94,Normal
2026-02-15 00:22:20.872098,Toronto-b8c6,-21,58,Normal
2026-02-15 00:22:21.872098,Toronto-b8c6,-16,78,Normal
2026-02-15 00:22:22.872098,Toronto-b8c6,-25,11,Normal
2026-02-15 00:22:23.872098,Toronto-b8c6,13,66,Normal
2026-02-15 00:22:24.872098,Toronto-b8c6,28,84,Normal
2026-02-15 00:22:25.872098,Toronto-b8c6,42,81,Normal
2026-02-15 00:22:26.872098,Toronto-b8c6,34,19,Normal
2026-02-15 00:22:27.872098,Toronto-b8c6,32,94,Normal
2026-02-15 00:22:28.872098,Toronto-b8c6,9,72,Normal
2026-02-15 00:22:29.872098,Toronto-b8c6,7,87,Normal
2026-02-15 00:22:30.872098,Toronto-b8c6,31,30,Normal
2026-02-15 00:22:31.872098,Toronto-b8c6,-14,73,Normal
2026-02-15 00:22:32.872098,Toronto-b8c6,23,29,Normal
2026-02-15 00:22:33.872098,Toronto-b8c6,0,40,Normal
2026-02-15 00:22:34.872098,Toronto-b8c6,5,47,Normal
2026-02-15 00:22:35.872098,Toronto-b8c6,7,87,Normal
2026-02-15 00:22:36.872098,Toronto-b8c6,13,50,Normal
2026-02-15 00:22:37.872098,Toronto-b8c6,-24,94,Normal
2026-02-15 00:22:38.872098,Toronto-b8c6,10,40,Normal
2026-02-15 00:22:39.872098,Toronto-b8c6,30,79,Normal
2026-02-15 00:22:40.872098,Toronto-b8c6,50,67,Normal
2026-02-15 00:22:41.872098,Toronto-b8c6,29,43,Normal
2026-02-15 00:22:42.872098,Toronto-b8c6,-3,39,Normal
2026-02-15 00:22:43.872098,Toronto-b8c6,28,45,Normal
2026-02-15 00:22:44.872098,Toronto-b8c6,-23,99,Normal
2026-02-15 00:22:45.872098,Toronto-b8c6,24,26,Normal
2026-02-15 00:22:46.872098,Toronto-b8c6,17,32,Normal
2026-02-15 00:22:47.872098,Toronto-b8c6,33,75,Normal
2026-02-15 00:22:48.872098,Toronto-b8c6,46,46,Normal
2026-02-15 00:22:49.872098,Toronto-b8c6,10,38,Normal
2026-02-15 00:22:50.872098,Toronto-b8c6,14,10,Normal
2026-02-15 00:22:51.872098,Toronto-b8c6,-24,0,Normal
2026-02-15 00:22:52.872098,Toronto-b8c6,-18,6,Normal
2026-02-15 00:22:53.872098,Toronto-b8c6,26,23,Normal
2026-02-15 00:22:54.872098,Toronto-b8c6,38,37,Normal
2026-02-15 00:22:55.872098,Toronto-b8c6,50,32,Normal
2026-02-15 00:22:56.872098,Toronto-b8c6,46,69,Normal
2026-02-15 00:22:57.872098,Toronto-b8c6,7,39,Normal
2026-02-15 00:22:58.872098,Toronto-b8c6,-19,36,Normal
2026-02-15 00:22:59.872098,Toronto-b8c6,-15,73,Normal
2026-02-15 00:23:00.872098,Toronto-b8c6,12,99,Normal
2026-02-15 00:23:01.872098,Toronto-b8c6,4,32,Normal
2026-02-15 00:23:02.872098,Toronto-b8c6,3,22,Normal
2026-02-15 00:23:03.872098,Toronto-b8c6,19,15,Normal
2026-02-15 00:23:04.872098,Toronto-b8c6,3,36,Normal
2026-02-15 00:23:05.872098,Toronto-b8c6,15,19,Normal
2026-02-15 00:23:06.872098,Toronto-b8c6,14,84,Normal
2026-02-15 00:23:07.872098,Toronto-b8c6,47,21,Normal
2026-02-15 00:23:08.872098,Toronto-b8c6,27,90,Normal
2026-02-15 00:23:09.872098,Toronto-b8c6,7,73,Normal
2026-02-15 00:23:10.872098,Toronto-b8c6,7,4,Normal
2026-02-15 00:23:11.872098,Toronto-b8c6,-18,26,Normal
2026-02-15 00:23:12.872098,Toronto-b8c6,-6,37,Normal
2026-02-15 00:23:13.872098,Toronto-b8c6,1,75,Normal
2026-02-15 00:23:14.872098,Toronto-b8c6,49,39,Normal
2026-02-15 00:23:15.872098,Toronto-b8c6,-14,72,Normal
2026-02-15 00:23:16.872098,Toronto-b8c6,-12,65,Normal
2026-02-15 00:23:17.872098,Toronto-b8c6,47,72,Normal
2026-02-15 00:23:18.872098,Toronto-b8c6,-21,43,Normal
2026-02-15 00:23:19.872098,Toronto-b8c6,-7,40,Normal
2026-02-15 00:23:20.872098,Toronto-b8c6,-25,22,Normal
2026-02-15 00:23:21.872098,Toronto-b8c6,-5,16,Normal
2026-02-15 00:23:22.872098,Toronto-b8c6,-10,79,Normal
2026-02-15 00:23:23.872098,Toronto-b8c6,-27,56,Normal
2026-02-15 00:23:24.872098,Toronto-b8c6,12,38,Normal
2026-02-15 00:23:25.872098,Toronto-b8c6,11,54,Normal
2026-02-15 00:23:26.872098,Toronto-b8c6,9,50,Normal
2026-02-15 00:23:27.872098,Toronto-b8c6,17,60,Normal
2026-02-15 00:23:28.872098,Toronto-b8c6,15,81,Normal
2026-02-15 00:23:29.872098,Toronto-b8c6,-14,85,Normal
2026-02-15 00:23:30.872098,Toronto-b8c6,-14,99,Normal
2026-02-15 00:23:31.872098,Toronto-b8c6,-3,66,Normal
2026-02-15 00:23:32.872098,Toronto-b8c6,-7,81,Normal
2026-02-15 00:23:33.872098,Toronto-b8c6,-22,26,Normal
2026-02-15 00:23:34.872098,Toronto-b8c6,-8,36,Normal
2026-02-15 00:23:35.872098,Toronto-b8c6,8,12,Normal
2026-02-15 00:23:36.872098,Toronto-b8c6,-25,1,Normal
2026-02-15 00:23:37.872098,Toronto-b8c6,-4,95,Normal
2026-02-15 00:23:38.872098,Toronto-b8c6,24,78,Normal
2026-02-15 00:23:39.872098,Toronto-b8c6,11,59,Normal
2026-02-15 00:23:40.872098,Toronto-b8c6,24,38,Normal
2026-02-15 00:23:41.872098,Toronto-b8c6,0,19,Normal
2026-02-15 00:23:42.872098,Toronto-b8c6,20,48,Normal
2026-02-15 00:23:43.872098,Toronto-b8c6,-29,9,Normal
2026-02-15 00:23:44.872098,Toronto-b8c6,26,94,Normal
2026-02-15 00:23:45.872098,Toronto-b8c6,25,61,Normal
2026-02-15 00:23:46.872098,Toronto-b8c6,-16,90,Normal
2026-02-15 00:23:47.872098,Toronto-b8c6,40,42,Normal
2026-02-15 00:23:48.872098,Toronto-b8c6,-1,63,Normal
2026-02-15 00:23:49.872098,Toronto-b8c6,-10,83,Normal
2026-02-15 00:23:50.872098,Toronto-b8c6,-15,67,Normal
2026-02-15 00:23:51.872098,Toronto-b8c6,38,45,Normal
2026-02-15 00:23:52.872098,Toronto-b8c6,9,96,Normal
2026-02-15 00:23:53.872098,Toronto-b8c6,18,1,Normal
2026-02-15 00:23:54.872098,Toronto-b8c6,-8,97,Normal
2026-02-15 00:23:55.872098,Toronto-b8c6,7,9,Normal
2026-02-15 00:23:56.872098,Toronto-b8c6,33,74,Normal
2026-02-15 00:23:57.872098,Toronto-b8c6,-14,75,Normal
2026-02-15 00:23:58.872098,Toronto-b8c6,15,64,Normal
2026-02-15 00:23:59.872098,Toronto-b8c6,22,94,Normal
2026-02-15 00:24:00.872098,Toronto-b8c6,4,42,Normal
2026-02-15 00:24:01.872098,Toronto-b8c6,-8,7,Normal
2026-02-15 00:24:02.872098,Toronto-b8c6,7,24,Normal
2026-02-15 00:24:03.872098,Toronto-b8c6,8,80,Normal
2026-02-15 00:24:04.872098,Toronto-b8c6,-21,60,Normal
2026-02-15 00:24:05.872098,Toronto-b8c6,4,57,Normal
2026-02-15 00:24:06.872098,Toronto-b8c6,-25,94,Normal
2026-02-15 00:24:07.872098,Toronto-b8c6,2,98,Normal
2026-02-15 00:24:08.872098,Toronto-b8c6,34,53,Normal
2026-02-15 00:24:09.872098,Toronto-b8c6,39,78,Normal
2026-02-15 00:24:10.872098,Toronto-b8c6,13,1,Normal
2026-02-15 00:24:11.872098,Toronto-b8c6,9,58,Normal
2026-02-15 00:24:12.872098,Toronto-b8c6,40,100,Normal
2026-02-15 00:24:13.872098,Toronto-b8c6,50,16,Normal
2026-02-15 00:24:14.872098,Toronto-b8c6,2,97,Normal
2026-02-15 00:24:15.872098,Toronto-b8c6,48,36,Normal
2026-02-15 00:24:16.872098,Toronto-b8c6,19,68,Normal
2026-02-15 00:24:17.872098,Toronto-b8c6,16,0,Normal
2026-02-15 00:24:18.872098,Toronto-b8c6,-27,66,Normal
2026-02-15 00:24:19.872098,Toronto-b8c6,-27,2,Normal
2026-02-15 00:24:20.872098,Toronto-b8c6,22,16,Normal
2026-02-15 00:24:21.872098,Toronto-b8c6,-3,82,Normal
2026-02-15 00:24:22.872098,Toronto-b8c6,35,36,Normal
2026-02-15 00:24:23.872098,Toronto-b8c6,40,17,Normal
2026-02-15 00:24:24.872098,Toronto-b8c6,49,1,Normal
2026-02-15 00:24:25.872098,Toronto-b8c6,44,75,Normal
2026-02-15 00:24:26.872098,Toronto-b8c6,-18,25,Normal
2026-02-15 00:24:27.872098,Toronto-b8c6,18,53,Normal
2026-02-15 00:24:28.872098,Toronto-b8c6,-27,99,Normal
2026-02-15 00:24:29.872098,Toronto-b8c6,0,19,Normal
2026-02-15 00:24:30.872098,Toronto-b8c6,-12,59,Normal
2026-02-15 00:24:31.872098,Toronto-b8c6,-7,75,Normal
2026-02-15 00:24:32.872098,Toronto-b8c6,-28,91,Normal
2026-02-15 00:24:33.872098,Toronto-b8c6,11,17,Normal
2026-02-15 00:24:34.872098,Toronto-b8c6,19,28,Normal
2026-02-15 00:24:35.872098,Toronto-b8c6,42,28,Normal
2026-02-15 00:24:36.872098,Toronto-b8c6,28,46,Normal
2026-02-15 00:24:37.872098,Toronto-b8c6,3,16,Normal
2026-02-15 00:24:38.872098,Toronto-b8c6,25,38,Normal
2026-02-15 00:24:39.872098,Toronto-b8c6,-16,25,Normal
2026-02-15 00:24:40.872098,Toronto-b8c6,29,9,Normal
2026-02-15 00:24:41.872098,Toronto-b8c6,40,46,Normal
2026-02-15 00:24:42.872098,Toronto-b8c6,23,69,Normal
