timestamp,station_id,temp,humid,condition
2026-02-16 15:04:44.036732,Berlin-0c96,20,80,Normal
2026-02-16 15:04:45.036732,Berlin-0c96,-20,10,Normal
2026-02-16 15:04:46.036732,Berlin-0c96,-17,98,Normal
2026-02-16 15:04:47.036732,Berlin-0c96,34,65,Normal
2026-02-16 15:04:48.036732,Berlin-0c96,25,48,Normal
2026-02-16 15:04:49.036732,Berlin-0c96,26,86,Normal
2026-02-16 15:04:50.036732,Berlin-0c96,7,77,Normal
2026-02-16 15:04:51.036732,Berlin-0c96,25,56,Normal
2026-02-16 15:04:52.036732,Berlin-0c96,6,54,Normal
2026-02-16 15:04:53.036732,Berlin-0c96,48,98,Normal
2026-02-16 15:04:54.036732,Berlin-0c96,8,12,Normal
2026-02-16 15:04:55.036732,Berlin-0c96,3,59,Normal
2026-02-16 15:04:56.036732,Berlin-0c96,-24,80,Normal
2026-02-16 15:04:57.036732,Berlin-0c96,47,64,Normal
2026-02-16 15:04:58.036732,Berlin-0c96,7,38,Normal
2026-02-16 15:04:59.036732,Berlin-0c96,39,85,Normal
2026-02-16 15:05:00.036732,Berlin-0c96,41,37,Normal
2026-02-16 15:05:01.036732,Berlin-0c96,-3,15,Normal
2026-02-16 15:05:02.036732,Berlin-0c96,-21,25,Normal
2026-02-16 15:05:03.036732,Berlin-0c96,46,96,Normal
2026-02-16 15:05:04.036732,Berlin-0c96,34,68,Normal
2026-02-16 15:05:05.036732,Berlin-0c96,47,50,Normal
2026-02-16 15:05:06.036732,Berlin-0c96,36,98,Normal
2026-02-16 15:05:07.036732,Berlin-0c96,-7,79,Normal
2026-02-16 15:05:08.036732,Berlin-0c96,29,54,Normal
2026-02-16 15:05:09.036732,Berlin-0c96,32,87,Normal
2026-02-16 15:05:10.036732,Berlin-0c96,-25,76,Normal
2026-02-16 15:05:11.036732,Berlin-0c96,-14,29,Normal
2026-02-16 15:05:12.036732,Berlin-0c96,-30,67,Normal
2026-02-16 15:05:13.036732,Berlin-0c96,-21,81,Normal
2026-02-16 15:05:14.036732,Berlin-0c96,44,1,Normal
2026-02-16 15:05:15.036732,Berlin-0c96,-24,88,Normal
2026-02-16 15:05:16.036732,Berlin-0c96,4,30,Normal
2026-02-16 15:05:17.036732,Berlin-0c96,50,70,Normal
2026-02-16 15:05:18.036732,Berlin-0c96,-22,32,Normal
2026-02-16 15:05:19.036732,Berlin-0c96,25,19,Normal
2026-02-16 15:05:20.036732,Berlin-0c96,47,99,Normal
2026-02-16 15:05:21.036732,Berlin-0c96,42,65,Normal
2026-02-16 15:05:22.036732,Berlin-0c96,-26,70,Normal
2026-02-16 15:05:23.036732,Berlin-0c96,-24,32,Normal
2026-02-16 15:05:24.036732,Berlin-0c96,39,100,Normal
2026-02-16 15:05:25.036732,Berlin-0c96,-22,64,Normal
2026-02-16 15:05:26.036732,Berlin-0c96,30,38,Normal
2026-02-16 15:05:27.036732,Berlin-0c96,50,3,Normal
2026-02-16 15:05:28.036732,Berlin-0c96,28,84,Normal
2026-02-16 15:05:29.036732,Berlin-0c96,-3,100,Normal
2026-02-16 15:05:30.036732,Berlin-0c96,9,83,Normal
2026-02-16 15:05:31.036732,Berlin-0c96,27,20,Normal
2026-02-16 15:05:32.036732,Berlin-0c96,-22,94,Normal
2026-02-16 15:05:33.036732,Berlin-0c96,9,6,Normal
2026-02-16 15:05:34.036732,Berlin-0c96,5,60,Normal
2026-02-16 15:05:35.036732,Berlin-0c96,-15,58,Normal
2026-02-16 15:05:36.036732,Berlin-0c96,-18,63,Normal
2026-02-16 15:05:37.036732,Berlin-0c96,-15,96,Normal
2026-02-16 15:05:38.036732,Berlin-0c96,-9,6,Normal
2026-02-16 15:05:39.036732,Berlin-0c96,-10,80,Normal
2026-02-16 15:05:40.036732,Berlin-0c96,11,56,Normal
2026-02-16 15:05:41.036732,Berlin-0c96,47,41,Normal
2026-02-16 15:05:42.036732,Berlin-0c96,2,23,Normal
2026-02-16 15:05:43.036732,Berlin-0c96,-11,88,Normal
2026-02-16 15:05:44.036732,Berlin-0c96,21,97,Normal
2026-02-16 15:05:45.036732,Berlin-0c96,15,65,Normal
2026-02-16 15:05:46.036732,Berlin-0c96,26,52,Normal
2026-02-16 15:05:47.036732,Berlin-0c96,12,24,Normal
2026-02-16 15:05:48.036732,Berlin-0c96,2,1,Normal
2026-02-16 15:05:49.036732,Berlin-0c96,-4,50,Normal
2026-02-16 15:05:50.036732,Berlin-0c96,34,42,Normal
2026-02-16 15:05:51.036732,Berlin-0c96,-15,94,Normal
2026-02-16 15:05:52.036732,Berlin-0c96,30,73,Normal
2026-02-16 15:05:53.036732,Berlin-0c96,-5,44,Normal
2026-02-16 15:05:54.036732,Berlin-0c96,49,74,Normal
2026-02-16 15:05:55.036732,Berlin-0c96,32,78,Normal
2026-02-16 15:05:56.036732,Berlin-0c96,3,29,Normal
2026-02-16 15:05:57.036732,Berlin-0c96,-23,85,Normal
2026-02-16 15:05:58.036732,Berlin-0c96,9,7,Normal
2026-02-16 15:05:59.036732,Berlin-0c96,41,8,Normal
2026-02-16 15:06:00.036732,Berlin-0c96,38,74,Normal
2026-02-16 15:06:01.036732,Berlin-0c96,37,69,Normal
2026-02-16 15:06:02.036732,Berlin-0c96,-9,84,Normal
2026-02-16 15:06:03.036732,Berlin-0c96,25,9,Normal
2026-02-16 15:06:04.036732,Berlin-0c96,34,65,Normal
2026-02-16 15:06:05.036732,Berlin-0c96,-1,10,Normal
2026-02-16 15:06:06.036732,Berlin-0c96,44,100,Normal
2026-02-16 15:06:07.036732,Berlin-0c96,27,89,Normal
2026-02-16 15:06:08.036732,Berlin-0c96,34,84,Normal
2026-02-16 15:06:09.036732,Berlin-0c96,-19,30,Normal
2026-02-16 15:06:10.036732,Berlin-0c96,30,57,Normal
2026-02-16 15:06:11.036732,Berlin-0c96,-30,19,Normal
2026-02-16 15:06:12.036732,Berlin-0c96,-30,100,Normal
2026-02-16 15:06:13.036732,Berlin-0c96,50,37,Normal
2026-02-16 15:06:14.036732,Berlin-0c96,35,3,Normal
2026-02-16 15:06:15.036732,Berlin-0c96,-14,18,Normal
2026-02-16 15:06:16.036732,Berlin-0c96,46,84,Normal
2026-02-16 15:06:17.036732,Berlin-0c96,-2,93,Normal
2026-02-16 15:06:18.036732,Berlin-0c96,-9,73,Normal
2026-02-16 15:06:19.036732,Berlin-0c96,43,17,Normal
2026-02-16 15:06:20.036732,Berlin-0c96,0,34,Normal
2026-02-16 15:06:21.036732,Berlin-0c96,-13,23,Normal
2026-02-16 15:06:22.036732,Berlin-0c96,46,51,Normal
2026-02-16 15:06:23.036732,Berlin-0c96,15,42,Normal
2026-02-16 15:06:24.036732,Berlin-0c96,-13,44,Normal
2026-02-16 15:06:25.036732,Berlin-0c96,-22,70,Normal
2026-02-16 15:06:26.036732,Berlin-0c96,-27,97,Normal
2026-02-16 15:06:27.036732,Berlin-0c96,37,63,Normal
2026-02-16 15:06:28.036732,Berlin-0c96,2,55,Normal
2026-02-16 15:06:29.036732,Berlin-0c96,9,92,Normal
2026-02-16 15:06:30.036732,Berlin-0c96,48,63,Normal
2026-02-16 15:06:31.036732,Berlin-0c96,-7,67,Normal
2026-02-16 15:06:32.036732,Berlin-0c96,-16,29,Normal
2026-02-16 15:06:33.036732,Berlin-0c96,-15,7,Normal
2026-02-16 15:06:34.036732,Berlin-0c96,26,41,Normal
2026-02-16 15:06:35.036732,Berlin-0c96,-28,74,Normal
2026-02-16 15:06:36.036732,Berlin-0c96,27,77,Normal
2026-02-16 15:06:37.036732,Berlin-0c96,38,23,Normal
2026-02-16 15:06:38.036732,Berlin-0c96,1,19,Normal
2026-02-16 15:06:39.036732,Berlin-0c96,50,66,Normal
2026-02-16 15:06:40.036732,Berlin-0c96,11,76,Normal
2026-02-16 15:06:41.036732,Berlin-0c96,3,46,Normal
2026-02-16 15:06:42.036732,Berlin-0c96,20,28,Normal
2026-02-16 15:06:43.036732,Berlin-0c96,11,46,Normal
2026-02-16 15:06:44.036732,Berlin-0c96,5,79,Normal
2026-02-16 15:06:45.036732,Berlin-0c96,-1,44,Normal
2026-02-16 15:06:46.036732,Berlin-0c96,-13,0,Normal
2026-02-16 15:06:47.036732,Berlin-0c96,-12,83,Normal
2026-02-16 15:06:48.036732,Berlin-0c96,41,61,Normal
2026-02-16 15:06:49.036732,Berlin-0c96,2,50,Normal
2026-02-16 15:06:50.036732,Berlin-0c96,50,70,Normal
2026-02-16 15:06:51.036732,Berlin-0c96,-20,17,Normal
2026-02-16 15:06:52.036732,Berlin-0c96,48,59,Normal
2026-02-16 15:06:53.036732,Berlin-0c96,-5,29,Normal
2026-02-16 15:06:54.036732,Berlin-0c96,-28,43,Normal
2026-02-16 15:06:55.036732,Berlin-0c96,25,3,Normal
2026-02-16 15:06:56.036732,Berlin-0c96,23,27,Normal
2026-02-16 15:06:57.036732,Berlin-0c96,45,59,Normal
2026-02-16 15:06:58.036732,Berlin-0c96,25,98,Normal
2026-02-16 15:06:59.036732,Berlin-0c96,12,90,Normal
2026-02-16 15:07:00.036732,Berlin-0c96,-27,78,Normal
2026-02-16 15:07:01.036732,Berlin-0c96,-2,84,Normal
2026-02-16 15:07:02.036732,Berlin-0c96,43,6,Normal
2026-02-16 15:07:03.036732,Berlin-0c96,2,64,Normal
2026-02-16 15:07:04.036732,Berlin-0c96,22,59,Normal
2026-02-16 15:07:05.036732,Berlin-0c96,21,37,Normal
2026-02-16 15:07:06.036732,Berlin-0c96,-24,27,Normal
2026-02-16 15:07:07.036732,Berlin-0c96,8,82,Normal
2026-02-16 15:07:08.036732,Berlin-0c96,15,87,Normal
2026-02-16 15:07:09.036732,Berlin-0c96,-9,55,Normal
2026-02-16 15:07:10.036732,Berlin-0c96,6,16,Normal
2026-02-16 15:07:11.036732,Berlin-0c96,30,14,Normal
2026-02-16 15:07:12.036732,Berlin-0c96,-25,87,Normal
2026-02-16 15:07:13.036732,Berlin-0c96,-5,59,Normal
2026-02-16 15:07:14.036732,Berlin-0c96,-30,33,Normal
2026-02-16 15:07:15.036732,Berlin-0c96,-18,46,Normal
2026-02-16 15:07:16.036732,Berlin-0c96,23,83,Normal
2026-02-16 15:07:17.036732,Berlin-0c96,-14,34,Normal
2026-02-16 15:07:18.036732,Berlin-0c96,22,80,Normal
2026-02-16 15:07:19.036732,Berlin-0c96,0,76,Normal
2026-02-16 15:07:20.036732,Berlin-0c96,42,47,Normal
2026-02-16 15:07:21.036732,Berlin-0c96,9,51,Normal
2026-02-16 15:07:22.036732,Berlin-0c96,5,52,Normal
2026-02-16 15:07:23.036732,Berlin-0c96,33,81,Normal
2026-02-16 15:07:24.036732,Berlin-0c96,-24,66,Normal
2026-02-16 15:07:25.036732,Berlin-0c96,-9,95,Normal
2026-02-16 15:07:26.036732,Berlin-0c96,22,59,Normal
2026-02-16 15:07:27.036732,Berlin-0c96,-22,53,Normal
2026-02-16 15:07:28.036732,Berlin-0c96,-18,80,Normal
2026-02-16 15:07:29.036732,Berlin-0c96,-5,79,Normal
2026-02-16 15:07:30.036732,Berlin-0c96,37,59,Normal
2026-02-16 15:07:31.036732,Berlin-0c96,46,57,Normal
2026-02-16 15:07:32.036732,Berlin-0c96,-4,69,Normal
2026-02-16 15:07:33.036732,Berlin-0c96,-3,53,Normal
2026-02-16 15:07:34.036732,Berlin-0c96,28,78,Normal
2026-02-16 15:07:35.036732,Berlin-0c96,-1,17,Normal
2026-02-16 15:07:36.036732,Berlin-0c96,-26,29,Normal
2026-02-16 15:07:37.036732,Berlin-0c96,-8,60,Normal
2026-02-16 15:07:38.036732,Berlin-0c96,15,37,Normal
2026-02-16 15:07:39.036732,Berlin-0c96,33,67,Normal
2026-02-16 15:07:40.036732,Berlin-0c96,-7,75,Normal
2026-02-16 15:07:41.036732,Berlin-0c96,-12,50,Normal
2026-02-16 15:07:42.036732,Berlin-0c96,30,71,Normal
2026-02-16 15:07:43.036732,Berlin-0c96,-19,28,Normal
2026-02-16 15:07:44.036732,Berlin-0c96,-6,31,Normal
2026-02-16 15:07:45.036732,Berlin-0c96,16,12,Normal
2026-02-16 15:07:46.036732,Berlin-0c96,-9,71,Normal
2026-02-16 15:07:47.036732,Berlin-0c96,30,74,Normal
2026-02-16 15:07:48.036732,Berlin-0c96,-25,57,Normal
2026-02-16 15:07:49.036732,Berlin-0c96,-11,7,Normal
2026-02-16 15:07:50.036732,Berlin-0c96,7,100,Normal
2026-02-16 15:07:51.036732,Berlin-0c96,35,67,Normal
2026-02-16 15:07:52.036732,Berlin-0c96,39,7,Normal
2026-02-16 15:07:53.036732,Berlin-0c96,-29,50,Normal
2026-02-16 15:07:54.036732,Berlin-0c96,7,27,Normal
2026-02-16 15:07:55.036732,Berlin-0c96,23,93,Normal
2026-02-16 15:07:56.036732,Berlin-0c96,-5,42,Normal
2026-02-16 15:07:57.036732,Berlin-0c96,41,82,Normal
2026-02-16 15:07:58.036732,Berlin-0c96,10,40,Normal
2026-02-16 15:07:59.036732,Berlin-0c96,20,0,Normal
2026-02-16 15:08:00.036732,Berlin-0c96,19,56,Normal
2026-02-16 15:08:01.036732,Berlin-0c96,22,1,Normal
2026-02-16 15:08:02.036732,Berlin-0c96,-9,73,Normal
2026-02-16 15:08:03.036732,Berlin-0c96,15,32,Normal
2026-02-16 15:08:04.036732,Berlin-0c96,19,3,Normal
2026-02-16 15:08:05.036732,Berlin-0c96,-6,82,Normal
2026-02-16 15:08:06.036732,Berlin-0c96,8,76,Normal
2026-02-16 15:08:07.036732,Berlin-0c96,11,53,Normal
2026-02-16 15:08:08.036732,Berlin-0c96,-25,89,Normal
2026-02-16 15:08:09.036732,Berlin-0c96,20,67,Normal
2026-02-16 15:08:10.036732,Berlin-0c96,49,48,Normal
2026-02-16 15:08:11.036732,Berlin-0c96,30,95,Normal
2026-02-16 15:08:12.036732,Berlin-0c96,-16,81,Normal
2026-02-16 15:08:13.036732,Berlin-0c96,0,55,Normal
2026-02-16 15:08:14.036732,Berlin-0c96,-15,29,Normal
2026-02-16 15:08:15.036732,Berlin-0c96,15,6,Normal
2026-02-16 15:08:16.036732,Berlin-0c96,23,49,Normal
2026-02-16 15:08:17.036732,Berlin-0c96,-27,55,Normal
2026-02-16 15:08:18.036732,Berlin-0c96,-17,29,Normal
2026-02-16 15:08:19.036732,Berlin-0c96,22,25,Normal
2026-02-16 15:08:20.036732,Berlin-0c96,-5,48,Normal
2026-02-16 15:08:21.036732,Berlin-0c96,39,55,Normal
2026-02-16 15:08:22.036732,Berlin-0c96,-6,41,Normal
2026-02-16 15:08:23.036732,Berlin-0c96,31,62,Normal
2026-02-16 15:08:24.036732,Berlin-0c96,3,15,Normal
2026-02-16 15:08:25.036732,Berlin-0c96,37,12,Normal
2026-02-16 15:08:26.036732,Berlin-0c96,9,99,Normal
2026-02-16 15:08:27.036732,Berlin-0c96,-25,72,Normal
2026-02-16 15:08:28.036732,Berlin-0c96,30,54,Normal
2026-02-16 15:08:29.036732,Berlin-0c96,37,56,Normal
2026-02-16 15:08:30.036732,Berlin-0c96,11,65,Normal
2026-02-16 15:08:31.036732,Berlin-0c96,-5,77,Normal
2026-02-16 15:08:32.036732,Berlin-0c96,-13,62,Normal
2026-02-16 15:08:33.036732,Berlin-0c96,-9,3,Normal
2026-02-16 15:08:34.036732,Berlin-0c96,6,43,Normal
2026-02-16 15:08:35.036732,Berlin-0c96,39,90,Normal
2026-02-16 15:08:36.036732,Berlin-0c96,29,98,Normal
2026-02-16 15:08:37.036732,Berlin-0c96,-12,0,Normal
2026-02-16 15:08:38.036732,Berlin-0c96,7,16,Normal
2026-02-16 15:08:39.036732,Berlin-0c96,28,44,Normal
2026-02-16 15:08:40.036732,Berlin-0c96,49,53,Normal
2026-02-16 15:08:41.036732,Berlin-0c96,41,28,Normal
2026-02-16 15:08:42.036732,Berlin-0c96,44,19,Normal
2026-02-16 15:08:43.036732,Berlin-0c96,42,17,Normal
2026-02-16 15:08:44.036732,Berlin-0c96,48,60,Normal
2026-02-16 15:08:45.036732,Berlin-0c96,-14,70,Normal
2026-02-16 15:08:46.036732,Berlin-0c96,45,85,Normal
2026-02-16 15:08:47.036732,Berlin-0c96,-9,55,Normal
2026-02-16 15:08:48.036732,Berlin-0c96,32,47,Normal
2026-02-16 15:08:49.036732,Berlin-0c96,9,71,Normal
2026-02-16 15:08:50.036732,Berlin-0c96,1,73,Normal
2026-02-16 15:08:51.036732,Berlin-0c96,49,88,Normal
2026-02-16 15:08:52.036732,Berlin-0c96,41,48,Normal
2026-02-16 15:08:53.036732,Berlin-0c96,16,16,Normal
2026-02-16 15:08:54.036732,Berlin-0c96,36,21,Normal
2026-02-16 15:08:55.036732,Berlin-0c96,-4,94,Normal
2026-02-16 15:08:56.036732,Berlin-0c96,50,20,Normal
2026-02-16 15:08:57.036732,Berlin-0c96,-14,52,Normal
2026-02-16 15:08:58.036732,Berlin-0c96,29,60,Normal
2026-02-16 15:08:59.036732,Berlin-0c96,16,85,Normal
2026-02-16 15:09:00.036732,Berlin-0c96,26,73,Normal
2026-02-16 15:09:01.036732,Berlin-0c96,-3,99,Normal
2026-02-16 15:09:02.036732,Berlin-0c96,50,9,Normal
2026-02-16 15:09:03.036732,Berlin-0c96,47,96,Normal
2026-02-16 15:09:04.036732,Berlin-0c96,12,16,Normal
2026-02-16 15:09:05.036732,Berlin-0c96,20,30,Normal
2026-02-16 15:09:06.036732,Berlin-0c96,44,84,Normal
2026-02-16 15:09:07.036732,Berlin-0c96,-23,74,Normal
2026-02-16 15:09:08.036732,Berlin-0c96,29,12,Normal
2026-02-16 15:09:09.036732,Berlin-0c96,-25,89,Normal
2026-02-16 15:09:10.036732,Berlin-0c96,22,68,Normal
2026-02-16 15:09:11.036732,Berlin-0c96,15,31,Normal
2026-02-16 15:09:12.036732,Berlin-0c96,25,72,Normal
2026-02-16 15:09:13.036732,Berlin-0c96,39,48,Normal
2026-02-16 15:09:14.036732,Berlin-0c96,47,66,Normal
2026-02-16 15:09:15.036732,Berlin-0c96,-2,28,Normal
2026-02-16 15:09:16.036732,Berlin-0c96,12,8,Normal
2026-02-16 15:09:17.036732,Berlin-0c96,-11,36,Normal
2026-02-16 15:09:18.036732,Berlin-0c96,-28,91,Normal
2026-02-16 15:09:19.036732,Berlin-0c96,-7,17,Normal
2026-02-16 15:09:20.036732,Berlin-0c96,-24,62,Normal
2026-02-16 15:09:21.036732,Berlin-0c96,-14,64,Normal
2026-02-16 15:09:22.036732,Berlin-0c96,32,79,Normal
2026-02-16 15:09:23.036732,Berlin-0c96,-19,7,Normal
2026-02-16 15:09:24.036732,Berlin-0c96,36,54,Normal
2026-02-16 15:09:25.036732,Berlin-0c96,-12,69,Normal
2026-02-16 15:09:26.036732,Berlin-0c96,-14,41,Normal
2026-02-16 15:09:27.036732,Berlin-0c96,19,39,Normal
2026-02-16 15:09:28.036732,Berlin-0c96,35,77,Normal
2026-02-16 15:09:29.036732,Berlin-0c96,6,100,Normal
2026-02-16 15:09:30.036732,Berlin-0c96,-23,85,Normal
2026-02-16 15:09:31.036732,Berlin-0c96,-6,61,Normal
2026-02-16 15:09:32.036732,Berlin-0c96,6,29,Normal
2026-02-16 15:09:33.036732,Berlin-0c96,-13,78,Normal
2026-02-16 15:09:34.036732,Berlin-0c96,-30,46,Normal
2026-02-16 15:09:35.036732,Berlin-0c96,9,93,Normal
2026-02-16 15:09:36.036732,Berlin-0c96,22,96,Normal
2026-02-16 15:09:37.036732,Berlin-0c96,5,92,Normal
2026-02-16 15:09:38.036732,Berlin-0c96,10,83,Normal
2026-02-16 15:09:39.036732,Berlin-0c96,-7,58,Normal
2026-02-16 15:09:40.036732,Berlin-0c96,8,69,Normal
2026-02-16 15:09:41.036732,Berlin-0c96,9,51,Normal
2026-02-16 15:09:42.036732,Berlin-0c96,-16,82,Normal
2026-02-16 15:09:43.036732,Berlin-0c96,32,13,Normal
2026-02-16 15:09:44.036732,Berlin-0c96,43,96,Normal
2026-02-16 15:09:45.036732,Berlin-0c96,5,47,Normal
2026-02-16 15:09:46.036732,Berlin-0c96,-20,3,Normal
2026-02-16 15:09:47.036732,Berlin-0c96,-13,62,Normal
2026-02-16 15:09:48.036732,Berlin-0c96,2,44,Normal
2026-02-16 15:09:49.036732,Berlin-0c96,-23,27,Normal
2026-02-16 15:09:50.036732,Berlin-0c96,22,99,Normal
2026-02-16 15:09:51.036732,Berlin-0c96,0,89,Normal
2026-02-16 15:09:52.036732,Berlin-0c96,-22,90,Normal
2026-02-16 15:09:53.036732,Berlin-0c96,38,37,Normal
2026-02-16 15:09:54.036732,Berlin-0c96,50,1,Normal
2026-02-16 15:09:55.036732,Berlin-0c96,14,74,Normal
2026-02-16 15:09:56.036732,Berlin-0c96,15,50,Normal
2026-02-16 15:09:57.036732,Berlin-0c96,46,78,Normal
2026-02-16 15:09:58.036732,Berlin-0c96,36,77,Normal
2026-02-16 15:09:59.036732,Berlin-0c96,27,11,Normal
2026-02-16 15:10:00.036732,Berlin-0c96,7,85,Normal
2026-02-16 15:10:01.036732,Berlin-0c96,38,62,Normal
2026-02-16 15:10:02.036732,Berlin-0c96,13,71,Normal
2026-02-16 15:10:03.036732,Berlin-0c96,-1,76,Normal
2026-02-16 15:10:04.036732,Berlin-0c96,-8,66,Normal
2026-02-16 15:10:05.036732,Berlin-0c96,4,57,Normal
2026-02-16 15:10:06.036732,Berlin-0c96,-19,3,Normal
2026-02-16 15:10:07.036732,Berlin-0c96,48,91,Normal
2026-02-16 15:10:08.036732,Berlin-0c96,4,85,Normal
2026-02-16 15:10:09.036732,Berlin-0c96,45,12,Normal
2026-02-16 15:10:10.036732,Berlin-0c96,-13,1,Normal
2026-02-16 15:10:11.036732,Berlin-0c96,9,11,Normal
2026-02-16 15:10:12.036732,Berlin-0c96,42,39,Normal
2026-02-16 15:10:13.036732,Berlin-0c96,-24,14,Normal
2026-02-16 15:10:14.036732,Berlin-0c96,-12,32,Normal
2026-02-16 15:10:15.036732,Berlin-0c96,-19,60,Normal
2026-02-16 15:10:16.036732,Berlin-0c96,-15,34,Normal
2026-02-16 15:10:17.036732,Berlin-0c96,-18,61,Normal
2026-02-16 15:10:18.036732,Berlin-0c96,1,75,Normal
2026-02-16 15:10:19.036732,Berlin-0c96,18,59,Normal
2026-02-16 15:10:20.036732,Berlin-0c96,36,5,Normal
2026-02-16 15:10:21.036732,Berlin-0c96,14,64,Normal
2026-02-16 15:10:22.036732,Berlin-0c96,6,1,Normal
2026-02-16 15:10:23.036732,Berlin-0c96,17,13,Normal
2026-02-16 15:10:24.036732,Berlin-0c96,-29,100,Normal
2026-02-16 15:10:25.036732,Berlin-0c96,-12,30,Normal
2026-02-16 15:10:26.036732,Berlin-0c96,-20,20,Normal
2026-02-16 15:10:27.036732,Berlin-0c96,-18,28,Normal
2026-02-16 15:10:28.036732,Berlin-0c96,-30,31,Normal
2026-02-16 15:10:29.036732,Berlin-0c96,30,20,Normal
2026-02-16 15:10:30.036732,Berlin-0c96,45,41,Normal
2026-02-16 15:10:31.036732,Berlin-0c96,-8,55,Normal
2026-02-16 15:10:32.036732,Berlin-0c96,16,55,Normal
2026-02-16 15:10:33.036732,Berlin-0c96,-20,54,Normal
2026-02-16 15:10:34.036732,Berlin-0c96,29,31,Normal
2026-02-16 15:10:35.036732,Berlin-0c96,-27,16,Normal
2026-02-16 15:10:36.036732,Berlin-0c96,36,17,Normal
2026-02-16 15:10:37.036732,Berlin-0c96,-27,39,Normal
2026-02-16 15:10:38.036732,Berlin-0c96,50,33,Normal
2026-02-16 15:10:39.036732,Berlin-0c96,-20,9,Normal
2026-02-16 15:10:40.036732,Berlin-0c96,-10,10,Normal
2026-02-16 15:10:41.036732,Berlin-0c96,41,27,Normal
2026-02-16 15:10:42.036732,Berlin-0c96,18,69,Normal
2026-02-16 15:10:43.036732,Berlin-0c96,25,99,Normal
2026-02-16 15:10:44.036732,Berlin-0c96,-25,33,Normal
2026-02-16 15:10:45.036732,Berlin-0c96,4,81,Normal
2026-02-16 15:10:46.036732,Berlin-0c96,-1,99,Normal
2026-02-16 15:10:47.036732,Berlin-0c96,-21,5,Normal
2026-02-16 15:10:48.036732,Berlin-0c96,50,33,Normal
2026-02-16 15:10:49.036732,Berlin-0c96,1,90,Normal
2026-02-16 15:10:50.036732,Berlin-0c96,3,82,Normal
2026-02-16 15:10:51.036732,Berlin-0c96,23,77,Normal
2026-02-16 15:10:52.036732,Berlin-0c96,49,10,Normal
2026-02-16 15:10:53.036732,Berlin-0c96,-11,33,Normal
2026-02-16 15:10:54.036732,Berlin-0c96,49,86,Normal
2026-02-16 15:10:55.036732,Berlin-0c96,7,15,Normal
2026-02-16 15:10:56.036732,Berlin-0c96,22,38,Normal
2026-02-16 15:10:57.036732,Berlin-0c96,-13,31,Normal
2026-02-16 15:10:58.036732,Berlin-0c96,48,32,Normal
2026-02-16 15:10:59.036732,Berlin-0c96,-12,81,Normal
2026-02-16 15:11:00.036732,Berlin-0c96,34,19,Normal
2026-02-16 15:11:01.036732,Berlin-0c96,-18,12,Normal
2026-02-16 15:11:02.036732,Berlin-0c96,-16,29,Normal
2026-02-16 15:11:03.036732,Berlin-0c96,-6,18,Normal
2026-02-16 15:11:04.036732,Berlin-0c96,-17,67,Normal
2026-02-16 15:11:05.036732,Berlin-0c96,-4,78,Normal
2026-02-16 15:11:06.036732,Berlin-0c96,38,96,Normal
2026-02-16 15:11:07.036732,Berlin-0c96,41,63,Normal
2026-02-16 15:11:08.036732,Berlin-0c96,35,45,Normal
2026-02-16 15:11:09.036732,Berlin-0c96,-27,3,Normal
2026-02-16 15:11:10.036732,Berlin-0c96,4,46,Normal
2026-02-16 15:11:11.036732,Berlin-0c96,-5,51,Normal
2026-02-16 15:11:12.036732,Berlin-0c96,19,30,Normal
2026-02-16 15:11:13.036732,Berlin-0c96,43,59,Normal
2026-02-16 15:11:14.036732,Berlin-0c96,41,75,Normal
2026-02-16 15:11:15.036732,Berlin-0c96,21,47,Normal
2026-02-16 15:11:16.036732,Berlin-0c96,-23,18,Normal
2026-02-16 15:11:17.036732,Berlin-0c96,-23,38,Normal
2026-02-16 15:11:18.036732,Berlin-0c96,0,82,Normal
2026-02-16 15:11:19.036732,Berlin-0c96,39,53,Normal
2026-02-16 15:11:20.036732,Berlin-0c96,4,86,Normal
2026-02-16 15:11:21.036732,Berlin-0c96,8,19,Normal
2026-02-16 15:11:22.036732,Berlin-0c96,49,31,Normal
2026-02-16 15:11:23.036732,Berlin-0c96,41,48,Normal
2026-02-16 15:11:24.036732,Berlin-0c96,29,54,Normal
2026-02-16 15:11:25.036732,Berlin-0c96,-5,34,Normal
2026-02-16 15:11:26.036732,Berlin-0c96,-18,2,Normal
2026-02-16 15:11:27.036732,Berlin-0c96,40,35,Normal
2026-02-16 15:11:28.036732,Berlin-0c96,30,71,Normal
2026-02-16 15:11:29.036732,Berlin-0c96,50,69,Normal
2026-02-16 15:11:30.036732,Berlin-0c96,23,47,Normal
2026-02-16 15:11:31.036732,Berlin-0c96,35,74,Normal
2026-02-16 15:11:32.036732,Berlin-0c96,-11,78,Normal
2026-02-16 15:11:33.036732,Berlin-0c96,42,4,Normal
2026-02-16 15:11:34.036732,Berlin-0c96,20,35,Normal
2026-02-16 15:11:35.036732,Berlin-0c96,10,34,Normal
2026-02-16 15:11:36.036732,Berlin-0c96,43,69,Normal
2026-02-16 15:11:37.036732,Berlin-0c96,-23,41,Normal
2026-02-16 15:11:38.036732,Berlin-0c96,-26,16,Normal
2026-02-16 15:11:39.036732,Berlin-0c96,-20,26,Normal
2026-02-16 15:11:40.036732,Berlin-0c96,-7,79,Normal
2026-02-16 15:11:41.036732,Berlin-0c96,7,32,Normal
2026-02-16 15:11:42.036732,Berlin-0c96,27,8,Normal
2026-02-16 15:11:43.036732,Berlin-0c96,-19,68,Normal
2026-02-16 15:11:44.036732,Berlin-0c96,-22,53,Normal
2026-02-16 15:11:45.036732,Berlin-0c96,48,8,Normal
2026-02-16 15:11:46.036732,Berlin-0c96,-18,32,Normal
2026-02-16 15:11:47.036732,Berlin-0c96,33,6,Normal
2026-02-16 15:11:48.036732,Berlin-0c96,-16,32,Normal
2026-02-16 15:11:49.036732,Berlin-0c96,33,86,Normal
2026-02-16 15:11:50.036732,Berlin-0c96,43,47,Normal
2026-02-16 15:11:51.036732,Berlin-0c96,46,76,Normal
2026-02-16 15:11:52.036732,Berlin-0c96,-18,50,Normal
2026-02-16 15:11:53.036732,Berlin-0c96,-5,62,Normal
2026-02-16 15:11:54.036732,Berlin-0c96,11,89,Normal
2026-02-16 15:11:55.036732,Berlin-0c96,-30,15,Normal
2026-02-16 15:11:56.036732,Berlin-0c96,48,88,Normal
2026-02-16 15:11:57.036732,Berlin-0c96,12,23,Normal
2026-02-16 15:11:58.036732,Berlin-0c96,35,54,Normal
2026-02-16 15:11:59.036732,Berlin-0c96,-3,82,Normal
2026-02-16 15:12:00.036732,Berlin-0c96,18,25,Normal
2026-02-16 15:12:01.036732,Berlin-0c96,-30,82,Normal
2026-02-16 15:12:02.036732,Berlin-0c96,46,21,Normal
2026-02-16 15:12:03.036732,Berlin-0c96,-26,59,Normal
2026-02-16 15:12:04.036732,Berlin-0c96,-28,40,Normal
2026-02-16 15:12:05.036732,Berlin-0c96,32,39,Normal
2026-02-16 15:12:06.036732,Berlin-0c96,9,63,Normal
2026-02-16 15:12:07.036732,Berlin-0c96,31,46,Normal
2026-02-16 15:12:08.036732,Berlin-0c96,16,51,Normal
2026-02-16 15:12:09.036732,Berlin-0c96,34,15,Normal
2026-02-16 15:12:10.036732,Berlin-0c96,-15,36,Normal
2026-02-16 15:12:11.036732,Berlin-0c96,4,19,Normal
2026-02-16 15:12:12.036732,Berlin-0c96,46,89,Normal
2026-02-16 15:12:13.036732,Berlin-0c96,-26,30,Normal
2026-02-16 15:12:14.036732,Berlin-0c96,-12,45,Normal
2026-02-16 15:12:15.036732,Berlin-0c96,14,93,Normal
2026-02-16 15:12:16.036732,Berlin-0c96,-25,60,Normal
2026-02-16 15:12:17.036732,Berlin-0c96,15,28,Normal
2026-02-16 15:12:18.036732,Berlin-0c96,8,68,Normal
2026-02-16 15:12:19.036732,Berlin-0c96,38,16,Normal
2026-02-16 15:12:20.036732,Berlin-0c96,-21,16,Normal
2026-02-16 15:12:21.036732,Berlin-0c96,21,71,Normal
2026-02-16 15:12:22.036732,Berlin-0c96,-12,65,Normal
2026-02-16 15:12:23.036732,Berlin-0c96,34,41,Normal
2026-02-16 15:12:24.036732,Berlin-0c96,-25,65,Normal
2026-02-16 15:12:25.036732,Berlin-0c96,-23,16,Normal
2026-02-16 15:12:26.036732,Berlin-0c96,39,13,Normal
2026-02-16 15:12:27.036732,Berlin-0c96,28,74,Normal
2026-02-16 15:12:28.036732,Berlin-0c96,26,69,Normal
2026-02-16 15:12:29.036732,Berlin-0c96,8,51,Normal
2026-02-16 15:12:30.036732,Berlin-0c96,43,47,Normal
2026-02-16 15:12:31.036732,Berlin-0c96,1,58,Normal
2026-02-16 15:12:32.036732,Berlin-0c96,44,14,Normal
2026-02-16 15:12:33.036732,Berlin-0c96,44,51,Normal
2026-02-16 15:12:34.036732,Berlin-0c96,1,58,Normal
2026-02-16 15:12:35.036732,Berlin-0c96,-30,89,Normal
2026-02-16 15:12:36.036732,Berlin-0c96,-19,97,Normal
2026-02-16 15:12:37.036732,Berlin-0c96,28,2,Normal
2026-02-16 15:12:38.036732,Berlin-0c96,-2,79,Normal
2026-02-16 15:12:39.036732,Berlin-0c96,-25,78,Normal
2026-02-16 15:12:40.036732,Berlin-0c96,-24,47,Normal
2026-02-16 15:12:41.036732,Berlin-0c96,-24,32,Normal
2026-02-16 15:12:42.036732,Berlin-0c96,44,56,Normal
2026-02-16 15:12:43.036732,Berlin-0c96,0,21,Normal
2026-02-16 15:12:44.036732,Berlin-0c96,-21,22,Normal
2026-02-16 15:12:45.036732,Berlin-0c96,14,0,Normal
2026-02-16 15:12:46.036732,Berlin-0c96,-29,12,Normal
2026-02-16 15:12:47.036732,Berlin-0c96,-14,26,Normal
2026-02-16 15:12:48.036732,Berlin-0c96,8,7,Normal
2026-02-16 15:12:49.036732,Berlin-0c96,44,8,Normal
2026-02-16 15:12:50.036732,Berlin-0c96,9,85,Normal
2026-02-16 15:12:51.036732,Berlin-0c96,25,4,Normal
2026-02-16 15:12:52.036732,Berlin-0c96,-1,17,Normal
2026-02-16 15:12:53.036732,Berlin-0c96,34,49,Normal
2026-02-16 15:12:54.036732,Berlin-0c96,-13,98,Normal
2026-02-16 15:12:55.036732,Berlin-0c96,-3,40,Normal
2026-02-16 15:12:56.036732,Berlin-0c96,45,5,Normal
2026-02-16 15:12:57.036732,Berlin-0c96,-19,31,Normal
2026-02-16 15:12:58.036732,Berlin-0c96,-17,68,Normal
2026-02-16 15:12:59.036732,Berlin-0c96,-7,12,Normal
2026-02-16 15:13:00.036732,Berlin-0c96,9,66,Normal
2026-02-16 15:13:01.036732,Berlin-0c96,41,4,Normal
2026-02-16 15:13:02.036732,Berlin-0c96,45,12,Normal
2026-02-16 15:13:03.036732,Berlin-0c96,-6,10,Normal
2026-02-16 15:13:04.036732,Berlin-0c96,-13,52,Normal
2026-02-16 15:13:05.036732,Berlin-0c96,-10,45,Normal
2026-02-16 15:13:06.036732,Berlin-0c96,30,45,Normal
2026-02-16 15:13:07.036732,Berlin-0c96,46,64,Normal
2026-02-16 15:13:08.036732,Berlin-0c96,38,70,Normal
2026-02-16 15:13:09.036732,Berlin-0c96,-16,39,Normal
2026-02-16 15:13:10.036732,Berlin-0c96,41,62,Normal
2026-02-16 15:13:11.036732,Berlin-0c96,-2,26,Normal
2026-02-16 15:13:12.036732,Berlin-0c96,-30,14,Normal
2026-02-16 15:13:13.036732,Berlin-0c96,-12,78,Normal
2026-02-16 15:13:14.036732,Berlin-0c96,14,59,Normal
2026-02-16 15:13:15.036732,Berlin-0c96,-14,73,Normal
2026-02-16 15:13:16.036732,Berlin-0c96,31,21,Normal
2026-02-16 15:13:17.036732,Berlin-0c96,43,29,Normal
2026-02-16 15:13:18.036732,Berlin-0c96,36,37,Normal
2026-02-16 15:13:19.036732,Berlin-0c96,-30,86,Normal
2026-02-16 15:13:20.036732,Berlin-0c96,-16,9,Normal
2026-02-16 15:13:21.036732,Berlin-0c96,22,16,Normal
2026-02-16 15:13:22.036732,Berlin-0c96,14,32,Normal
2026-02-16 15:13:23.036732,Berlin-0c96,-19,12,Normal
2026-02-16 15:13:24.036732,Berlin-0c96,-18,36,Normal
2026-02-16 15:13:25.036732,Berlin-0c96,-10,88,Normal
2026-02-16 15:13:26.036732,Berlin-0c96,41,21,Normal
2026-02-16 15:13:27.036732,Berlin-0c96,-28,27,Normal
2026-02-16 15:13:28.036732,Berlin-0c96,39,19,Normal
2026-02-16 15:13:29.036732,Berlin-0c96,3,60,Normal
2026-02-16 15:13:30.036732,Berlin-0c96,22,1,Normal
2026-02-16 15:13:31.036732,Berlin-0c96,46,50,Normal
2026-02-16 15:13:32.036732,Berlin-0c96,35,85,Normal
2026-02-16 15:13:33.036732,Berlin-0c96,26,62,Normal
2026-02-16 15:13:34.036732,Berlin-0c96,17,98,Normal
2026-02-16 15:13:35.036732,Berlin-0c96,-4,91,Normal
2026-02-16 15:13:36.036732,Berlin-0c96,-7,41,Normal
2026-02-16 15:13:37.036732,Berlin-0c96,6,44,Normal
2026-02-16 15:13:38.036732,Berlin-0c96,8,17,Normal
2026-02-16 15:13:39.036732,Berlin-0c96,-10,23,Normal
2026-02-16 15:13:40.036732,Berlin-0c96,-19,84,Normal
2026-02-16 15:13:41.036732,Berlin-0c96,40,53,Normal
2026-02-16 15:13:42.036732,Berlin-0c96,-3,100,Normal
2026-02-16 15:13:43.036732,Berlin-0c96,-29,0,Normal
2026-02-16 15:13:44.036732,Berlin-0c96,10,95,Normal
2026-02-16 15:13:45.036732,Berlin-0c96,23,51,Normal
2026-02-16 15:13:46.036732,Berlin-0c96,13,80,Normal
2026-02-16 15:13:47.036732,Berlin-0c96,31,87,Normal
2026-02-16 15:13:48.036732,Berlin-0c96,17,2,Normal
2026-02-16 15:13:49.036732,Berlin-0c96,23,14,Normal
2026-02-16 15:13:50.036732,Berlin-0c96,34,58,Normal
2026-02-16 15:13:51.036732,Berlin-0c96,32,91,Normal
2026-02-16 15:13:52.036732,Berlin-0c96,-9,30,Normal
2026-02-16 15:13:53.036732,Berlin-0c96,-1,74,Normal
2026-02-16 15:13:54.036732,Berlin-0c96,34,84,Normal
2026-02-16 15:13:55.036732,Berlin-0c96,-24,92,Normal
2026-02-16 15:13:56.036732,Berlin-0c96,30,27,Normal
2026-02-16 15:13:57.036732,Berlin-0c96,2,38,Normal
2026-02-16 15:13:58.036732,Berlin-0c96,36,76,Normal
2026-02-16 15:13:59.036732,Berlin-0c96,37,40,Normal
2026-02-16 15:14:00.036732,Berlin-0c96,-17,27,Normal
2026-02-16 15:14:01.036732,Berlin-0c96,23,63,Normal
2026-02-16 15:14:02.036732,Berlin-0c96,25,78,Normal
2026-02-16 15:14:03.036732,Berlin-0c96,15,22,Normal
2026-02-16 15:14:04.036732,Berlin-0c96,6,19,Normal
2026-02-16 15:14:05.036732,Berlin-0c96,41,11,Normal
2026-02-16 15:14:06.036732,Berlin-0c96,-8,5,Normal
2026-02-16 15:14:07.036732,Berlin-0c96,-13,64,Normal
2026-02-16 15:14:08.036732,Berlin-0c96,-7,61,Normal
2026-02-16 15:14:09.036732,Berlin-0c96,-1,54,Normal
2026-02-16 15:14:10.036732,Berlin-0c96,-28,67,Normal
2026-02-16 15:14:11.036732,Berlin-0c96,-17,2,Normal
2026-02-16 15:14:12.036732,Berlin-0c96,40,93,Normal
2026-02-16 15:14:13.036732,Berlin-0c96,27,92,Normal
2026-02-16 15:14:14.036732,Berlin-0c96,-24,29,Normal
2026-02-16 15:14:15.036732,Berlin-0c96,4,98,Normal
2026-02-16 15:14:16.036732,Berlin-0c96,1,16,Normal
2026-02-16 15:14:17.036732,Berlin-0c96,49,35,Normal
2026-02-16 15:14:18.036732,Berlin-0c96,17,42,Normal
2026-02-16 15:14:19.036732,Berlin-0c96,-20,83,Normal
2026-02-16 15:14:20.036732,Berlin-0c96,4,38,Normal
2026-02-16 15:14:21.036732,Berlin-0c96,0,2,Normal
2026-02-16 15:14:22.036732,Berlin-0c96,12,48,Normal
2026-02-16 15:14:23.036732,Berlin-0c96,23,88,Normal
2026-02-16 15:14:24.036732,Berlin-0c96,25,50,Normal
2026-02-16 15:14:25.036732,Berlin-0c96,10,55,Normal
2026-02-16 15:14:26.036732,Berlin-0c96,-2,35,Normal
2026-02-16 15:14:27.036732,Berlin-0c96,-10,11,Normal
2026-02-16 15:14:28.036732,Berlin-0c96,28,87,Normal
2026-02-16 15:14:29.036732,Berlin-0c96,23,61,Normal
2026-02-16 15:14:30.036732,Berlin-0c96,19,63,Normal
2026-02-16 15:14:31.036732,Berlin-0c96,-2,91,Normal
2026-02-16 15:14:32.036732,Berlin-0c96,43,14,Normal
2026-02-16 15:14:33.036732,Berlin-0c96,-16,82,Normal
2026-02-16 15:14:34.036732,Berlin-0c96,17,73,Normal
2026-02-16 15:14:35.036732,Berlin-0c96,-28,64,Normal
2026-02-16 15:14:36.036732,Berlin-0c96,35,51,Normal
2026-02-16 15:14:37.036732,Berlin-0c96,28,72,Normal
2026-02-16 15:14:38.036732,Berlin-0c96,50,40,Normal
2026-02-16 15:14:39.036732,Berlin-0c96,3,40,Normal
2026-02-16 15:14:40.036732,Berlin-0c96,25,89,Normal
2026-02-16 15:14:41.036732,Berlin-0c96,-18,55,Normal
2026-02-16 15:14:42.036732,Berlin-0c96,13,46,Normal
2026-02-16 15:14:43.036732,Berlin-0c96,-3,73,Normal
2026-02-16 15:14:44.036732,Berlin-0c96,-6,16,Normal
2026-02-16 15:14:45.036732,Berlin-0c96,25,10,Normal
2026-02-16 15:14:46.036732,Berlin-0c96,29,95,Normal
2026-02-16 15:14:47.036732,Berlin-0c96,41,8,Normal
2026-02-16 15:14:48.036732,Berlin-0c96,28,89,Normal
2026-02-16 15:14:49.036732,Berlin-0c96,45,99,Normal
2026-02-16 15:14:50.036732,Berlin-0c96,33,28,Normal
2026-02-16 15:14:51.036732,Berlin-0c96,46,81,Normal
2026-02-16 15:14:52.036732,Berlin-0c96,3,89,Normal
2026-02-16 15:14:53.036732,Berlin-0c96,-28,29,Normal
2026-02-16 15:14:54.036732,Berlin-0c96,36,43,Normal
2026-02-16 15:14:55.036732,Berlin-0c96,3,47,Normal
2026-02-16 15:14:56.036732,Berlin-0c96,28,66,Normal
2026-02-16 15:14:57.036732,Berlin-0c96,28,32,Normal
2026-02-16 15:14:58.036732,Berlin-0c96,9,18,Normal
2026-02-16 15:14:59.036732,Berlin-0c96,15,2,Normal
2026-02-16 15:15:00.036732,Berlin-0c96,16,36,Normal
2026-02-16 15:15:01.036732,Berlin-0c96,11,51,Normal
2026-02-16 15:15:02.036732,Berlin-0c96,32,59,Normal
2026-02-16 15:15:03.036732,Berlin-0c96,-21,61,Normal
2026-02-16 15:15:04.036732,Berlin-0c96,7,33,Normal
2026-02-16 15:15:05.036732,Berlin-0c96,34,97,Normal
2026-02-16 15:15:06.036732,Berlin-0c96,-3,78,Normal
2026-02-16 15:15:07.036732,Berlin-0c96,41,22,Normal
2026-02-16 15:15:08.036732,Berlin-0c96,-7,71,Normal
2026-02-16 15:15:09.036732,Berlin-0c96,14,50,Normal
2026-02-16 15:15:10.036732,Berlin-0c96,49,49,Normal
2026-02-16 15:15:11.036732,Berlin-0c96,46,77,Normal
2026-02-16 15:15:12.036732,Berlin-0c96,9,6,Normal
2026-02-16 15:15:13.036732,Berlin-0c96,-22,13,Normal
2026-02-16 15:15:14.036732,Berlin-0c96,46,98,Normal
2026-02-16 15:15:15.036732,Berlin-0c96,-13,84,Normal
2026-02-16 15:15:16.036732,Berlin-0c96,-4,29,Normal
2026-02-16 15:15:17.036732,Berlin-0c96,32,12,Normal
2026-02-16 15:15:18.036732,Berlin-0c96,24,16,Normal
2026-02-16 15:15:19.036732,Berlin-0c96,39,38,Normal
2026-02-16 15:15:20.036732,Berlin-0c96,39,5,Normal
2026-02-16 15:15:21.036732,Berlin-0c96,25,34,Normal
2026-02-16 15:15:22.036732,Berlin-0c96,33,47,Normal
2026-02-16 15:15:23.036732,Berlin-0c96,20,25,Normal
2026-02-16 15:15:24.036732,Berlin-0c96,-16,16,Normal
2026-02-16 15:15:25.036732,Berlin-0c96,10,22,Normal
2026-02-16 15:15:26.036732,Berlin-0c96,48,44,Normal
2026-02-16 15:15:27.036732,Berlin-0c96,-5,55,Normal
2026-02-16 15:15:28.036732,Berlin-0c96,-15,36,Normal
2026-02-16 15:15:29.036732,Berlin-0c96,-1,18,Normal
2026-02-16 15:15:30.036732,Berlin-0c96,34,92,Normal
2026-02-16 15:15:31.036732,Berlin-0c96,21,4,Normal
2026-02-16 15:15:32.036732,Berlin-0c96,-28,56,Normal
2026-02-16 15:15:33.036732,Berlin-0c96,-16,86,Normal
2026-02-16 15:15:34.036732,Berlin-0c96,22,61,Normal
2026-02-16 15:15:35.036732,Berlin-0c96,28,33,Normal
2026-02-16 15:15:36.036732,Berlin-0c96,0,3,Normal
2026-02-16 15:15:37.036732,Berlin-0c96,25,9,Normal
2026-02-16 15:15:38.036732,Berlin-0c96,15,21,Normal
2026-02-16 15:15:39.036732,Berlin-0c96,47,6,Normal
2026-02-16 15:15:40.036732,Berlin-0c96,17,32,Normal
2026-02-16 15:15:41.036732,Berlin-0c96,40,85,Normal
2026-02-16 15:15:42.036732,Berlin-0c96,12,82,Normal
2026-02-16 15:15:43.036732,Berlin-0c96,31,75,Normal
2026-02-16 15:15:44.036732,Berlin-0c96,16,4,Normal
2026-02-16 15:15:45.036732,Berlin-0c96,39,4,Normal
2026-02-16 15:15:46.036732,Berlin-0c96,-4,27,Normal
2026-02-16 15:15:47.036732,Berlin-0c96,29,83,Normal
2026-02-16 15:15:48.036732,Berlin-0c96,9,100,Normal
2026-02-16 15:15:49.036732,Berlin-0c96,-9,73,Normal
2026-02-16 15:15:50.036732,Berlin-0c96,45,53,Normal
2026-02-16 15:15:51.036732,Berlin-0c96,-11,76,Normal
2026-02-16 15:15:52.036732,Berlin-0c96,5,36,Normal
2026-02-16 15:15:53.036732,Berlin-0c96,-1,82,Normal
2026-02-16 15:15:54.036732,Berlin-0c96,-15,88,Normal
2026-02-16 15:15:55.036732,Berlin-0c96,19,41,Normal
2026-02-16 15:15:56.036732,Berlin-0c96,-9,41,Normal
2026-02-16 15:15:57.036732,Berlin-0c96,-6,87,Normal
2026-02-16 15:15:58.036732,Berlin-0c96,32,32,Normal
2026-02-16 15:15:59.036732,Berlin-0c96,36,61,Normal
2026-02-16 15:16:00.036732,Berlin-0c96,1,50,Normal
2026-02-16 15:16:01.036732,Berlin-0c96,41,37,Normal
2026-02-16 15:16:02.036732,Berlin-0c96,12,24,Normal
2026-02-16 15:16:03.036732,Berlin-0c96,16,37,Normal
2026-02-16 15:16:04.036732,Berlin-0c96,39,94,Normal
2026-02-16 15:16:05.036732,Berlin-0c96,34,1,Normal
2026-02-16 15:16:06.036732,Berlin-0c96,1,15,Normal
2026-02-16 15:16:07.036732,Berlin-0c96,-10,90,Normal
2026-02-16 15:16:08.036732,Berlin-0c96,46,56,Normal
2026-02-16 15:16:09.036732,Berlin-0c96,-22,87,Normal
2026-02-16 15:16:10.036732,Berlin-0c96,-3,45,Normal
2026-02-16 15:16:11.036732,Berlin-0c96,-15,56,Normal
2026-02-16 15:16:12.036732,Berlin-0c96,-18,94,Normal
2026-02-16 15:16:13.036732,Berlin-0c96,22,5,Normal
2026-02-16 15:16:14.036732,Berlin-0c96,48,59,Normal
2026-02-16 15:16:15.036732,Berlin-0c96,-20,13,Normal
2026-02-16 15:16:16.036732,Berlin-0c96,47,28,Normal
2026-02-16 15:16:17.036732,Berlin-0c96,24,53,Normal
2026-02-16 15:16:18.036732,Berlin-0c96,3,52,Normal
2026-02-16 15:16:19.036732,Berlin-0c96,-10,96,Normal
2026-02-16 15:16:20.036732,Berlin-0c96,-10,84,Normal
2026-02-16 15:16:21.036732,Berlin-0c96,-19,70,Normal
2026-02-16 15:16:22.036732,Berlin-0c96,0,100,Normal
2026-02-16 15:16:23.036732,Berlin-0c96,20,75,Normal
2026-02-16 15:16:24.036732,Berlin-0c96,-13,95,Normal
2026-02-16 15:16:25.036732,Berlin-0c96,-4,95,Normal
2026-02-16 15:16:26.036732,Berlin-0c96,23,77,Normal
2026-02-16 15:16:27.036732,Berlin-0c96,35,67,Normal
2026-02-16 15:16:28.036732,Berlin-0c96,-8,1,Normal
2026-02-16 15:16:29.036732,Berlin-0c96,-24,8,Normal
2026-02-16 15:16:30.036732,Berlin-0c96,-25,28,Normal
2026-02-16 15:16:31.036732,Berlin-0c96,-22,14,Normal
2026-02-16 15:16:32.036732,Berlin-0c96,24,20,Normal
2026-02-16 15:16:33.036732,Berlin-0c96,-28,6,Normal
2026-02-16 15:16:34.036732,Berlin-0c96,47,31,Normal
2026-02-16 15:16:35.036732,Berlin-0c96,-5,35,Normal
2026-02-16 15:16:36.036732,Berlin-0c96,45,44,Normal
2026-02-16 15:16:37.036732,Berlin-0c96,16,13,Normal
2026-02-16 15:16:38.036732,Berlin-0c96,-1,91,Normal
2026-02-16 15:16:39.036732,Berlin-0c96,34,3,Normal
2026-02-16 15:16:40.036732,Berlin-0c96,-21,59,Normal
2026-02-16 15:16:41.036732,Berlin-0c96,7,22,Normal
2026-02-16 15:16:42.036732,Berlin-0c96,-1,100,Normal
2026-02-16 15:16:43.036732,Berlin-0c96,-12,83,Normal
2026-02-16 15:16:44.036732,Berlin-0c96,22,61,Normal
2026-02-16 15:16:45.036732,Berlin-0c96,-13,4,Normal
2026-02-16 15:16:46.036732,Berlin-0c96,39,6,Normal
2026-02-16 15:16:47.036732,Berlin-0c96,-22,51,Normal
2026-02-16 15:16:48.036732,Berlin-0c96,49,68,Normal
2026-02-16 15:16:49.036732,Berlin-0c96,40,32,Normal
2026-02-16 15:16:50.036732,Berlin-0c96,-25,51,Normal
2026-02-16 15:16:51.036732,Berlin-0c96,47,92,Normal
2026-02-16 15:16:52.036732,Berlin-0c96,13,80,Normal
2026-02-16 15:16:53.036732,Berlin-0c96,15,64,Normal
2026-02-16 15:16:54.036732,Berlin-0c96,-24,59,Normal
2026-02-16 15:16:55.036732,Berlin-0c96,46,50,Normal
2026-02-16 15:16:56.036732,Berlin-0c96,-21,70,Normal
2026-02-16 15:16:57.036732,Berlin-0c96,0,49,Normal
2026-02-16 15:16:58.036732,Berlin-0c96,11,76,Normal
2026-02-16 15:16:59.036732,Berlin-0c96,28,11,Normal
2026-02-16 15:17:00.036732,Berlin-0c96,8,22,Normal
2026-02-16 15:17:01.036732,Berlin-0c96,36,50,Normal
2026-02-16 15:17:02.036732,Berlin-0c96,8,91,Normal
2026-02-16 15:17:03.036732,Berlin-0c96,50,23,Normal
2026-02-16 15:17:04.036732,Berlin-0c96,-16,24,Normal
2026-02-16 15:17:05.036732,Berlin-0c96,39,36,Normal
2026-02-16 15:17:06.036732,Berlin-0c96,5,23,Normal
2026-02-16 15:17:07.036732,Berlin-0c96,-11,55,Normal
2026-02-16 15:17:08.036732,Berlin-0c96,-5,26,Normal
2026-02-16 15:17:09.036732,Berlin-0c96,2,86,Normal
2026-02-16 15:17:10.036732,Berlin-0c96,34,0,Normal
2026-02-16 15:17:11.036732,Berlin-0c96,12,68,Normal
2026-02-16 15:17:12.036732,Berlin-0c96,-7,18,Normal
2026-02-16 15:17:13.036732,Berlin-0c96,-1,50,Normal
2026-02-16 15:17:14.036732,Berlin-0c96,-6,39,Normal
2026-02-16 15:17:15.036732,Berlin-0c96,50,9,Normal
2026-02-16 15:17:16.036732,Berlin-0c96,49,75,Normal
2026-02-16 15:17:17.036732,Berlin-0c96,27,25,Normal
2026-02-16 15:17:18.036732,Berlin-0c96,46,90,Normal
2026-02-16 15:17:19.036732,Berlin-0c96,-29,65,Normal
2026-02-16 15:17:20.036732,Berlin-0c96,7,75,Normal
2026-02-16 15:17:21.036732,Berlin-0c96,35,96,Normal
2026-02-16 15:17:22.036732,Berlin-0c96,8,54,Normal
2026-02-16 15:17:23.036732,Berlin-0c96,33,77,Normal
2026-02-16 15:17:24.036732,Berlin-0c96,47,63,Normal
2026-02-16 15:17:25.036732,Berlin-0c96,-20,11,Normal
2026-02-16 15:17:26.036732,Berlin-0c96,44,33,Normal
2026-02-16 15:17:27.036732,Berlin-0c96,43,64,Normal
2026-02-16 15:17:28.036732,Berlin-0c96,6,76,Normal
2026-02-16 15:17:29.036732,Berlin-0c96,-17,75,Normal
2026-02-16 15:17:30.036732,Berlin-0c96,-27,100,Normal
2026-02-16 15:17:31.036732,Berlin-0c96,40,63,Normal
2026-02-16 15:17:32.036732,Berlin-0c96,0,84,Normal
2026-02-16 15:17:33.036732,Berlin-0c96,20,95,Normal
2026-02-16 15:17:34.036732,Berlin-0c96,18,84,Normal
2026-02-16 15:17:35.036732,Berlin-0c96,31,85,Normal
2026-02-16 15:17:36.036732,Berlin-0c96,-12,64,Normal
2026-02-16 15:17:37.036732,Berlin-0c96,42,87,Normal
2026-02-16 15:17:38.036732,Berlin-0c96,-2,11,Normal
2026-02-16 15:17:39.036732,Berlin-0c96,43,61,Normal
2026-02-16 15:17:40.036732,Berlin-0c96,-27,33,Normal
2026-02-16 15:17:41.036732,Berlin-0c96,4,89,Normal
2026-02-16 15:17:42.036732,Berlin-0c96,7,74,Normal
2026-02-16 15:17:43.036732,Berlin-0c96,-18,8,Normal
2026-02-16 15:17:44.036732,Berlin-0c96,23,75,Normal
2026-02-16 15:17:45.036732,Berlin-0c96,43,14,Normal
2026-02-16 15:17:46.036732,Berlin-0c96,28,57,Normal
2026-02-16 15:17:47.036732,Berlin-0c96,23,19,Normal
2026-02-16 15:17:48.036732,Berlin-0c96,24,84,Normal
2026-02-16 15:17:49.036732,Berlin-0c96,-14,48,Normal
2026-02-16 15:17:50.036732,Berlin-0c96,41,61,Normal
2026-02-16 15:17:51.036732,Berlin-0c96,22,47,Normal
2026-02-16 15:17:52.036732,Berlin-0c96,-6,4,Normal
2026-02-16 15:17:53.036732,Berlin-0c96,-13,31,Normal
2026-02-16 15:17:54.036732,Berlin-0c96,-7,93,Normal
2026-02-16 15:17:55.036732,Berlin-0c96,34,97,Normal
2026-02-16 15:17:56.036732,Berlin-0c96,14,99,Normal
2026-02-16 15:17:57.036732,Berlin-0c96,-19,53,Normal
2026-02-16 15:17:58.036732,Berlin-0c96,-10,59,Normal
2026-02-16 15:17:59.036732,Berlin-0c96,29,59,Normal
2026-02-16 15:18:00.036732,Berlin-0c96,-30,3,Normal
2026-02-16 15:18:01.036732,Berlin-0c96,-15,94,Normal
2026-02-16 15:18:02.036732,Berlin-0c96,42,44,Normal
2026-02-16 15:18:03.036732,Berlin-0c96,34,62,Normal
2026-02-16 15:18:04.036732,Berlin-0c96,-20,45,Normal
2026-02-16 15:18:05.036732,Berlin-0c96,42,83,Normal
2026-02-16 15:18:06.036732,Berlin-0c96,-4,6,Normal
2026-02-16 15:18:07.036732,Berlin-0c96,-22,87,Normal
2026-02-16 15:18:08.036732,Berlin-0c96,50,65,Normal
2026-02-16 15:18:09.036732,Berlin-0c96,42,28,Normal
2026-02-16 15:18:10.036732,Berlin-0c96,-17,69,Normal
2026-02-16 15:18:11.036732,Berlin-0c96,-2,20,Normal
2026-02-16 15:18:12.036732,Berlin-0c96,8,93,Normal
2026-02-16 15:18:13.036732,Berlin-0c96,43,10,Normal
2026-02-16 15:18:14.036732,Berlin-0c96,19,13,Normal
2026-02-16 15:18:15.036732,Berlin-0c96,-7,79,Normal
2026-02-16 15:18:16.036732,Berlin-0c96,-2,31,Normal
2026-02-16 15:18:17.036732,Berlin-0c96,5,78,Normal
2026-02-16 15:18:18.036732,Berlin-0c96,0,49,Normal
2026-02-16 15:18:19.036732,Berlin-0c96,38,63,Normal
2026-02-16 15:18:20.036732,Berlin-0c96,47,33,Normal
2026-02-16 15:18:21.036732,Berlin-0c96,46,85,Normal
2026-02-16 15:18:22.036732,Berlin-0c96,5,1,Normal
2026-02-16 15:18:23.036732,Berlin-0c96,14,11,Normal
2026-02-16 15:18:24.036732,Berlin-0c96,-5,20,Normal
2026-02-16 15:18:25.036732,Berlin-0c96,48,76,Normal
2026-02-16 15:18:26.036732,Berlin-0c96,13,48,Normal
2026-02-16 15:18:27.036732,Berlin-0c96,-1,73,Normal
2026-02-16 15:18:28.036732,Berlin-0c96,-17,50,Normal
2026-02-16 15:18:29.036732,Berlin-0c96,-25,58,Normal
2026-02-16 15:18:30.036732,Berlin-0c96,36,80,Normal
2026-02-16 15:18:31.036732,Berlin-0c96,-12,14,Normal
2026-02-16 15:18:32.036732,Berlin-0c96,33,25,Normal
2026-02-16 15:18:33.036732,Berlin-0c96,-11,67,Normal
2026-02-16 15:18:34.036732,Berlin-0c96,-21,94,Normal
2026-02-16 15:18:35.036732,Berlin-0c96,20,0,Normal
2026-02-16 15:18:36.036732,Berlin-0c96,-12,7,Normal
2026-02-16 15:18:37.036732,Berlin-0c96,25,76,Normal
2026-02-16 15:18:38.036732,Berlin-0c96,-17,48,Normal
2026-02-16 15:18:39.036732,Berlin-0c96,36,6,Normal
2026-02-16 15:18:40.036732,Berlin-0c96,-1,95,Normal
2026-02-16 15:18:41.036732,Berlin-0c96,23,72,Normal
2026-02-16 15:18:42.036732,Berlin-0c96,-10,95,Normal
2026-02-16 15:18:43.036732,Berlin-0c96,24,20,Normal
2026-02-16 15:18:44.036732,Berlin-0c96,24,83,Normal
2026-02-16 15:18:45.036732,Berlin-0c96,-7,36,Normal
2026-02-16 15:18:46.036732,Berlin-0c96,36,95,Normal
2026-02-16 15:18:47.036732,Berlin-0c96,-1,38,Normal
2026-02-16 15:18:48.036732,Berlin-0c96,-16,6,Normal
2026-02-16 15:18:49.036732,Berlin-0c96,-17,3,Normal
2026-02-16 15:18:50.036732,Berlin-0c96,20,94,Normal
2026-02-16 15:18:51.036732,Berlin-0c96,38,7,Normal
2026-02-16 15:18:52.036732,Berlin-0c96,-15,59,Normal
2026-02-16 15:18:53.036732,Berlin-0c96,33,64,Normal
2026-02-16 15:18:54.036732,Berlin-0c96,41,46,Normal
2026-02-16 15:18:55.036732,Berlin-0c96,22,82,Normal
2026-02-16 15:18:56.036732,Berlin-0c96,-28,3,Normal
2026-02-16 15:18:57.036732,Berlin-0c96,44,49,Normal
2026-02-16 15:18:58.036732,Berlin-0c96,22,29,Normal
2026-02-16 15:18:59.036732,Berlin-0c96,30,64,Normal
2026-02-16 15:19:00.036732,Berlin-0c96,-9,8,Normal
2026-02-16 15:19:01.036732,Berlin-0c96,-15,43,Normal
2026-02-16 15:19:02.036732,Berlin-0c96,27,79,Normal
2026-02-16 15:19:03.036732,Berlin-0c96,36,30,Normal
2026-02-16 15:19:04.036732,Berlin-0c96,5,97,Normal
2026-02-16 15:19:05.036732,Berlin-0c96,10,81,Normal
2026-02-16 15:19:06.036732,Berlin-0c96,25,98,Normal
2026-02-16 15:19:07.036732,Berlin-0c96,1,6,Normal
2026-02-16 15:19:08.036732,Berlin-0c96,-15,32,Normal
2026-02-16 15:19:09.036732,Berlin-0c96,-28,29,Normal
2026-02-16 15:19:10.036732,Berlin-0c96,40,77,Normal
2026-02-16 15:19:11.036732,Berlin-0c96,50,31,Normal
2026-02-16 15:19:12.036732,Berlin-0c96,46,67,Normal
2026-02-16 15:19:13.036732,Berlin-0c96,-14,44,Normal
2026-02-16 15:19:14.036732,Berlin-0c96,20,82,Normal
2026-02-16 15:19:15.036732,Berlin-0c96,0,80,Normal
2026-02-16 15:19:16.036732,Berlin-0c96,16,54,Normal
2026-02-16 15:19:17.036732,Berlin-0c96,-28,23,Normal
2026-02-16 15:19:18.036732,Berlin-0c96,16,54,Normal
2026-02-16 15:19:19.036732,Berlin-0c96,23,31,Normal
2026-02-16 15:19:20.036732,Berlin-0c96,16,13,Normal
2026-02-16 15:19:21.036732,Berlin-0c96,47,89,Normal
2026-02-16 15:19:22.036732,Berlin-0c96,45,12,Normal
2026-02-16 15:19:23.036732,Berlin-0c96,18,75,Normal
2026-02-16 15:19:24.036732,Berlin-0c96,-25,78,Normal
2026-02-16 15:19:25.036732,Berlin-0c96,26,75,Normal
2026-02-16 15:19:26.036732,Berlin-0c96,-2,89,Normal
2026-02-16 15:19:27.036732,Berlin-0c96,-2,76,Normal
2026-02-16 15:19:28.036732,Berlin-0c96,-3,2,Normal
2026-02-16 15:19:29.036732,Berlin-0c96,4,19,Normal
2026-02-16 15:19:30.036732,Berlin-0c96,-9,88,Normal
2026-02-16 15:19:31.036732,Berlin-0c96,24,61,Normal
2026-02-16 15:19:32.036732,Berlin-0c96,-27,8,Normal
2026-02-16 15:19:33.036732,Berlin-0c96,43,49,Normal
2026-02-16 15:19:34.036732,Berlin-0c96,2,59,Normal
2026-02-16 15:19:35.036732,Berlin-0c96,-16,44,Normal
2026-02-16 15:19:36.036732,Berlin-0c96,18,21,Normal
2026-02-16 15:19:37.036732,Berlin-0c96,2,5,Normal
2026-02-16 15:19:38.036732,Berlin-0c96,-3,82,Normal
2026-02-16 15:19:39.036732,Berlin-0c96,40,99,Normal
2026-02-16 15:19:40.036732,Berlin-0c96,-6,79,Normal
2026-02-16 15:19:41.036732,Berlin-0c96,-18,17,Normal
2026-02-16 15:19:42.036732,Berlin-0c96,21,63,Normal
2026-02-16 15:19:43.036732,Berlin-0c96,-7,41,Normal
2026-02-16 15:19:44.036732,Berlin-0c96,-12,85,Normal
2026-02-16 15:19:45.036732,Berlin-0c96,-27,62,Normal
2026-02-16 15:19:46.036732,Berlin-0c96,-16,88,Normal
2026-02-16 15:19:47.036732,Berlin-0c96,-17,93,Normal
2026-02-16 15:19:48.036732,Berlin-0c96,27,83,Normal
2026-02-16 15:19:49.036732,Berlin-0c96,-21,53,Normal
2026-02-16 15:19:50.036732,Berlin-0c96,27,83,Normal
2026-02-16 15:19:51.036732,Berlin-0c96,21,22,Normal
2026-02-16 15:19:52.036732,Berlin-0c96,7,72,Normal
2026-02-16 15:19:53.036732,Berlin-0c96,-24,32,Normal
2026-02-16 15:19:54.036732,Berlin-0c96,35,3,Normal
2026-02-16 15:19:55.036732,Berlin-0c96,-27,84,Normal
2026-02-16 15:19:56.036732,Berlin-0c96,15,14,Normal
2026-02-16 15:19:57.036732,Berlin-0c96,37,67,Normal
2026-02-16 15:19:58.036732,Berlin-0c96,42,21,Normal
2026-02-16 15:19:59.036732,Berlin-0c96,-13,53,Normal
2026-02-16 15:20:00.036732,Berlin-0c96,6,43,Normal
2026-02-16 15:20:01.036732,Berlin-0c96,4,40,Normal
2026-02-16 15:20:02.036732,Berlin-0c96,30,68,Normal
2026-02-16 15:20:03.036732,Berlin-0c96,31,11,Normal
2026-02-16 15:20:04.036732,Berlin-0c96,-4,96,Normal
2026-02-16 15:20:05.036732,Berlin-0c96,-5,95,Normal
2026-02-16 15:20:06.036732,Berlin-0c96,3,46,Normal
2026-02-16 15:20:07.036732,Berlin-0c96,-16,99,Normal
2026-02-16 15:20:08.036732,Berlin-0c96,20,95,Normal
2026-02-16 15:20:09.036732,Berlin-0c96,-5,7,Normal
2026-02-16 15:20:10.036732,Berlin-0c96,5,24,Normal
2026-02-16 15:20:11.036732,Berlin-0c96,-7,91,Normal
2026-02-16 15:20:12.036732,Berlin-0c96,11,51,Normal
2026-02-16 15:20:13.036732,Berlin-0c96,17,24,Normal
2026-02-16 15:20:14.036732,Berlin-0c96,7,97,Normal
2026-02-16 15:20:15.036732,Berlin-0c96,-16,52,Normal
2026-02-16 15:20:16.036732,Berlin-0c96,-3,54,Normal
2026-02-16 15:20:17.036732,Berlin-0c96,50,92,Normal
2026-02-16 15:20:18.036732,Berlin-0c96,-8,25,Normal
2026-02-16 15:20:19.036732,Berlin-0c96,3,6,Normal
2026-02-16 15:20:20.036732,Berlin-0c96,17,100,Normal
2026-02-16 15:20:21.036732,Berlin-0c96,39,60,Normal
2026-02-16 15:20:22.036732,Berlin-0c96,50,17,Normal
2026-02-16 15:20:23.036732,Berlin-0c96,-24,93,Normal
2026-02-16 15:20:24.036732,Berlin-0c96,36,24,Normal
2026-02-16 15:20:25.036732,Berlin-0c96,-6,18,Normal
2026-02-16 15:20:26.036732,Berlin-0c96,-11,50,Normal
2026-02-16 15:20:27.036732,Berlin-0c96,-18,19,Normal
2026-02-16 15:20:28.036732,Berlin-0c96,48,96,Normal
2026-02-16 15:20:29.036732,Berlin-0c96,34,21,Normal
2026-02-16 15:20:30.036732,Berlin-0c96,26,6,Normal
2026-02-16 15:20:31.036732,Berlin-0c96,40,52,Normal
2026-02-16 15:20:32.036732,Berlin-0c96,-14,7,Normal
2026-02-16 15:20:33.036732,Berlin-0c96,3,92,Normal
2026-02-16 15:20:34.036732,Berlin-0c96,0,5,Normal
2026-02-16 15:20:35.036732,Berlin-0c96,4,46,Normal
2026-02-16 15:20:36.036732,Berlin-0c96,-19,10,Normal
2026-02-16 15:20:37.036732,Berlin-0c96,7,81,Normal
2026-02-16 15:20:38.036732,Berlin-0c96,50,68,Normal
2026-02-16 15:20:39.036732,Berlin-0c96,-22,4,Normal
2026-02-16 15:20:40.036732,Berlin-0c96,37,60,Normal
2026-02-16 15:20:41.036732,Berlin-0c96,-14,76,Normal
2026-02-16 15:20:42.036732,Berlin-0c96,-20,100,Normal
2026-02-16 15:20:43.036732,Berlin-0c96,-1,71,Normal
2026-02-16 15:20:44.036732,Berlin-0c96,22,8,Normal
2026-02-16 15:20:45.036732,Berlin-0c96,44,64,Normal
2026-02-16 15:20:46.036732,Berlin-0c96,4,44,Normal
2026-02-16 15:20:47.036732,Berlin-0c96,33,67,Normal
2026-02-16 15:20:48.036732,Berlin-0c96,-27,52,Normal
2026-02-16 15:20:49.036732,Berlin-0c96,-25,29,Normal
2026-02-16 15:20:50.036732,Berlin-0c96,-9,56,Normal
2026-02-16 15:20:51.036732,Berlin-0c96,41,71,Normal
2026-02-16 15:20:52.036732,Berlin-0c96,42,87,Normal
2026-02-16 15:20:53.036732,Berlin-0c96,-6,7,Normal
2026-02-16 15:20:54.036732,Berlin-0c96,-27,30,Normal
2026-02-16 15:20:55.036732,Berlin-0c96,-25,35,Normal
2026-02-16 15:20:56.036732,Berlin-0c96,-11,58,Normal
2026-02-16 15:20:57.036732,Berlin-0c96,-21,76,Normal
2026-02-16 15:20:58.036732,Berlin-0c96,17,91,Normal
2026-02-16 15:20:59.036732,Berlin-0c96,16,60,Normal
2026-02-16 15:21:00.036732,Berlin-0c96,43,80,Normal
2026-02-16 15:21:01.036732,Berlin-0c96,1,12,Normal
2026-02-16 15:21:02.036732,Berlin-0c96,19,2,Normal
2026-02-16 15:21:03.036732,Berlin-0c96,35,4,Normal
2026-02-16 15:21:04.036732,Berlin-0c96,-18,40,Normal
2026-02-16 15:21:05.036732,Berlin-0c96,4,42,Normal
2026-02-16 15:21:06.036732,Berlin-0c96,-8,1,Normal
2026-02-16 15:21:07.036732,Berlin-0c96,11,98,Normal
2026-02-16 15:21:08.036732,Berlin-0c96,13,5,Normal
2026-02-16 15:21:09.036732,Berlin-0c96,17,60,Normal
2026-02-16 15:21:10.036732,Berlin-0c96,-2,52,Normal
2026-02-16 15:21:11.036732,Berlin-0c96,32,28,Normal
2026-02-16 15:21:12.036732,Berlin-0c96,47,30,Normal
2026-02-16 15:21:13.036732,Berlin-0c96,-16,10,Normal
2026-02-16 15:21:14.036732,Berlin-0c96,-16,89,Normal
2026-02-16 15:21:15.036732,Berlin-0c96,-18,29,Normal
2026-02-16 15:21:16.036732,Berlin-0c96,36,12,Normal
2026-02-16 15:21:17.036732,Berlin-0c96,34,82,Normal
2026-02-16 15:21:18.036732,Berlin-0c96,8,15,Normal
2026-02-16 15:21:19.036732,Berlin-0c96,8,70,Normal
2026-02-16 15:21:20.036732,Berlin-0c96,0,82,Normal
2026-02-16 15:21:21.036732,Berlin-0c96,-23,56,Normal
2026-02-16 15:21:22.036732,Berlin-0c96,2,30,Normal
2026-02-16 15:21:23.036732,Berlin-0c96,40,37,Normal
2026-02-16 15:21:24.036732,Berlin-0c96,-18,24,Normal
2026-02-16 15:21:25.036732,Berlin-0c96,-8,55,Normal
2026-02-16 15:21:26.036732,Berlin-0c96,10,31,Normal
2026-02-16 15:21:27.036732,Berlin-0c96,-25,93,Normal
2026-02-16 15:21:28.036732,Berlin-0c96,-18,74,Normal
2026-02-16 15:21:29.036732,Berlin-0c96,2,15,Normal
2026-02-16 15:21:30.036732,Berlin-0c96,36,62,Normal
2026-02-16 15:21:31.036732,Berlin-0c96,20,12,Normal
2026-02-16 15:21:32.036732,Berlin-0c96,-11,38,Normal
2026-02-16 15:21:33.036732,Berlin-0c96,-23,8,Normal
2026-02-16 15:21:34.036732,Berlin-0c96,-11,68,Normal
2026-02-16 15:21:35.036732,Berlin-0c96,-3,35,Normal
2026-02-16 15:21:36.036732,Berlin-0c96,-19,35,Normal
2026-02-16 15:21:37.036732,Berlin-0c96,13,68,Normal
2026-02-16 15:21:38.036732,Berlin-0c96,6,83,Normal
2026-02-16 15:21:39.036732,Berlin-0c96,11,38,Normal
2026-02-16 15:21:40.036732,Berlin-0c96,-7,74,Normal
2026-02-16 15:21:41.036732,Berlin-0c96,-28,4,Normal
2026-02-16 15:21:42.036732,Berlin-0c96,27,50,Normal
2026-02-16 15:21:43.036732,Berlin-0c96,9,80,Normal
2026-02-16 15:21:44.036732,Berlin-0c96,42,43,Normal
2026-02-16 15:21:45.036732,Berlin-0c96,26,89,Normal
2026-02-16 15:21:46.036732,Berlin-0c96,48,2,Normal
2026-02-16 15:21:47.036732,Berlin-0c96,-12,63,Normal
2026-02-16 15:21:48.036732,Berlin-0c96,21,40,Normal
2026-02-16 15:21:49.036732,Berlin-0c96,20,51,Normal
2026-02-16 15:21:50.036732,Berlin-0c96,10,95,Normal
2026-02-16 15:21:51.036732,Berlin-0c96,41,23,Normal
2026-02-16 15:21:52.036732,Berlin-0c96,21,75,Normal
2026-02-16 15:21:53.036732,Berlin-0c96,-5,88,Normal
2026-02-16 15:21:54.036732,Berlin-0c96,-10,69,Normal
2026-02-16 15:21:55.036732,Berlin-0c96,11,9,Normal
2026-02-16 15:21:56.036732,Berlin-0c96,-11,88,Normal
2026-02-16 15:21:57.036732,Berlin-0c96,-17,86,Normal
2026-02-16 15:21:58.036732,Berlin-0c96,-26,35,Normal
2026-02-16 15:21:59.036732,Berlin-0c96,-30,23,Normal
2026-02-16 15:22:00.036732,Berlin-0c96,2,58,Normal
2026-02-16 15:22:01.036732,Berlin-0c96,31,9,Normal
2026-02-16 15:22:02.036732,Berlin-0c96,-2,24,Normal
2026-02-16 15:22:03.036732,Berlin-0c96,9,75,Normal
2026-02-16 15:22:04.036732,Berlin-0c96,28,88,Normal
2026-02-16 15:22:05.036732,Berlin-0c96,20,53,Normal
2026-02-16 15:22:06.036732,Berlin-0c96,-22,33,Normal
2026-02-16 15:22:07.036732,Berlin-0c96,-6,17,Normal
2026-02-16 15:22:08.036732,Berlin-0c96,30,58,Normal
2026-02-16 15:22:09.036732,Berlin-0c96,30,19,Normal
2026-02-16 15:22:10.036732,Berlin-0c96,-3,7,Normal
2026-02-16 15:22:11.036732,Berlin-0c96,-7,71,Normal
2026-02-16 15:22:12.036732,Berlin-0c96,-2,18,Normal
2026-02-16 15:22:13.036732,Berlin-0c96,-27,80,Normal
2026-02-16 15:22:14.036732,Berlin-0c96,10,31,Normal
2026-02-16 15:22:15.036732,Berlin-0c96,-16,13,Normal
2026-02-16 15:22:16.036732,Berlin-0c96,48,56,Normal
2026-02-16 15:22:17.036732,Berlin-0c96,-8,90,Normal
2026-02-16 15:22:18.036732,Berlin-0c96,31,14,Normal
2026-02-16 15:22:19.036732,Berlin-0c96,-21,11,Normal
2026-02-16 15:22:20.036732,Berlin-0c96,-14,91,Normal
2026-02-16 15:22:21.036732,Berlin-0c96,24,35,Normal
2026-02-16 15:22:22.036732,Berlin-0c96,20,51,Normal
2026-02-16 15:22:23.036732,Berlin-0c96,38,8,Normal
2026-02-16 15:22:24.036732,Berlin-0c96,48,11,Normal
2026-02-16 15:22:25.036732,Berlin-0c96,-6,80,Normal
2026-02-16 15:22:26.036732,Berlin-0c96,35,75,Normal
2026-02-16 15:22:27.036732,Berlin-0c96,10,77,Normal
2026-02-16 15:22:28.036732,Berlin-0c96,41,20,Normal
2026-02-16 15:22:29.036732,Berlin-0c96,46,84,Normal
2026-02-16 15:22:30.036732,Berlin-0c96,-11,72,Normal
2026-02-16 15:22:31.036732,Berlin-0c96,3,20,Normal
2026-02-16 15:22:32.036732,Berlin-0c96,-9,10,Normal
2026-02-16 15:22:33.036732,Berlin-0c96,-2,44,Normal
2026-02-16 15:22:34.036732,Berlin-0c96,-17,72,Normal
2026-02-16 15:22:35.036732,Berlin-0c96,25,7,Normal
2026-02-16 15:22:36.036732,Berlin-0c96,41,43,Normal
2026-02-16 15:22:37.036732,Berlin-0c96,33,28,Normal
2026-02-16 15:22:38.036732,Berlin-0c96,14,6,Normal
2026-02-16 15:22:39.036732,Berlin-0c96,-26,18,Normal
2026-02-16 15:22:40.036732,Berlin-0c96,23,80,Normal
2026-02-16 15:22:41.036732,Berlin-0c96,17,15,Normal
2026-02-16 15:22:42.036732,Berlin-0c96,-12,1,Normal
2026-02-16 15:22:43.036732,Berlin-0c96,31,35,Normal
2026-02-16 15:22:44.036732,Berlin-0c96,-17,93,Normal
2026-02-16 15:22:45.036732,Berlin-0c96,-24,12,Normal
2026-02-16 15:22:46.036732,Berlin-0c96,49,54,Normal
2026-02-16 15:22:47.036732,Berlin-0c96,-22,54,Normal
2026-02-16 15:22:48.036732,Berlin-0c96,13,96,Normal
2026-02-16 15:22:49.036732,Berlin-0c96,7,30,Normal
2026-02-16 15:22:50.036732,Berlin-0c96,-20,96,Normal
2026-02-16 15:22:51.036732,Berlin-0c96,33,24,Normal
2026-02-16 15:22:52.036732,Berlin-0c96,-4,58,Normal
2026-02-16 15:22:53.036732,Berlin-0c96,8,55,Normal
2026-02-16 15:22:54.036732,Berlin-0c96,4,26,Normal
2026-02-16 15:22:55.036732,Berlin-0c96,32,85,Normal
2026-02-16 15:22:56.036732,Berlin-0c96,-10,87,Normal
2026-02-16 15:22:57.036732,Berlin-0c96,-10,44,Normal
2026-02-16 15:22:58.036732,Berlin-0c96,-16,22,Normal
2026-02-16 15:22:59.036732,Berlin-0c96,-13,57,Normal
2026-02-16 15:23:00.036732,Berlin-0c96,-15,83,Normal
2026-02-16 15:23:01.036732,Berlin-0c96,-20,31,Normal
2026-02-16 15:23:02.036732,Berlin-0c96,-21,90,Normal
2026-02-16 15:23:03.036732,Berlin-0c96,48,42,Normal
2026-02-16 15:23:04.036732,Berlin-0c96,-10,11,Normal
2026-02-16 15:23:05.036732,Berlin-0c96,10,7,Normal
2026-02-16 15:23:06.036732,Berlin-0c96,29,29,Normal
2026-02-16 15:23:07.036732,Berlin-0c96,27,55,Normal
2026-02-16 15:23:08.036732,Berlin-0c96,16,20,Normal
2026-02-16 15:23:09.036732,Berlin-0c96,-24,28,Normal
2026-02-16 15:23:10.036732,Berlin-0c96,-23,13,Normal
2026-02-16 15:23:11.036732,Berlin-0c96,40,86,Normal
2026-02-16 15:23:12.036732,Berlin-0c96,-11,29,Normal
2026-02-16 15:23:13.036732,Berlin-0c96,9,45,Normal
2026-02-16 15:23:14.036732,Berlin-0c96,41,86,Normal
2026-02-16 15:23:15.036732,Berlin-0c96,-22,76,Normal
2026-02-16 15:23:16.036732,Berlin-0c96,28,40,Normal
2026-02-16 15:23:17.036732,Berlin-0c96,-28,54,Normal
2026-02-16 15:23:18.036732,Berlin-0c96,-2,53,Normal
2026-02-16 15:23:19.036732,Berlin-0c96,19,83,Normal
2026-02-16 15:23:20.036732,Berlin-0c96,6,37,Normal
2026-02-16 15:23:21.036732,Berlin-0c96,19,11,Normal
2026-02-16 15:23:22.036732,Berlin-0c96,22,66,Normal
2026-02-16 15:23:23.036732,Berlin-0c96,-28,88,Normal
2026-02-16 15:23:24.036732,Berlin-0c96,10,89,Normal
2026-02-16 15:23:25.036732,Berlin-0c96,47,3,Normal
2026-02-16 15:23:26.036732,Berlin-0c96,17,55,Normal
2026-02-16 15:23:27.036732,Berlin-0c96,-5,6,Normal
2026-02-16 15:23:28.036732,Berlin-0c96,11,95,Normal
2026-02-16 15:23:29.036732,Berlin-0c96,-7,43,Normal
2026-02-16 15:23:30.036732,Berlin-0c96,27,76,Normal
2026-02-16 15:23:31.036732,Berlin-0c96,-29,35,Normal
2026-02-16 15:23:32.036732,Berlin-0c96,-23,76,Normal
2026-02-16 15:23:33.036732,Berlin-0c96,35,81,Normal
2026-02-16 15:23:34.036732,Berlin-0c96,-11,41,Normal
2026-02-16 15:23:35.036732,Berlin-0c96,1,92,Normal
2026-02-16 15:23:36.036732,Berlin-0c96,-22,83,Normal
2026-02-16 15:23:37.036732,Berlin-0c96,17,41,Normal
2026-02-16 15:23:38.036732,Berlin-0c96,-23,10,Normal
2026-02-16 15:23:39.036732,Berlin-0c96,21,87,Normal
2026-02-16 15:23:40.036732,Berlin-0c96,-16,91,Normal
2026-02-16 15:23:41.036732,Berlin-0c96,29,28,Normal
2026-02-16 15:23:42.036732,Berlin-0c96,44,63,Normal
2026-02-16 15:23:43.036732,Berlin-0c96,-14,57,Normal
2026-02-16 15:23:44.036732,Berlin-0c96,-13,41,Normal
2026-02-16 15:23:45.036732,Berlin-0c96,14,47,Normal
2026-02-16 15:23:46.036732,Berlin-0c96,-4,54,Normal
2026-02-16 15:23:47.036732,Berlin-0c96,31,21,Normal
2026-02-16 15:23:48.036732,Berlin-0c96,-22,61,Normal
2026-02-16 15:23:49.036732,Berlin-0c96,27,89,Normal
2026-02-16 15:23:50.036732,Berlin-0c96,26,62,Normal
2026-02-16 15:23:51.036732,Berlin-0c96,45,30,Normal
2026-02-16 15:23:52.036732,Berlin-0c96,36,83,Normal
2026-02-16 15:23:53.036732,Berlin-0c96,-11,22,Normal
2026-02-16 15:23:54.036732,Berlin-0c96,-6,11,Normal
2026-02-16 15:23:55.036732,Berlin-0c96,18,78,Normal
2026-02-16 15:23:56.036732,Berlin-0c96,-30,25,Normal
2026-02-16 15:23:57.036732,Berlin-0c96,-12,30,Normal
2026-02-16 15:23:58.036732,Berlin-0c96,45,97,Normal
2026-02-16 15:23:59.036732,Berlin-0c96,-26,59,Normal
2026-02-16 15:24:00.036732,Berlin-0c96,10,96,Normal
2026-02-16 15:24:01.036732,Berlin-0c96,2,8,Normal
2026-02-16 15:24:02.036732,Berlin-0c96,21,54,Normal
2026-02-16 15:24:03.036732,Berlin-0c96,-4,64,Normal
2026-02-16 15:24:04.036732,Berlin-0c96,-4,5,Normal
2026-02-16 15:24:05.036732,Berlin-0c96,-13,62,Normal
2026-02-16 15:24:06.036732,Berlin-0c96,23,70,Normal
2026-02-16 15:24:07.036732,Berlin-0c96,1,40,Normal
2026-02-16 15:24:08.036732,Berlin-0c96,50,44,Normal
2026-02-16 15:24:09.036732,Berlin-0c96,43,54,Normal
2026-02-16 15:24:10.036732,Berlin-0c96,37,98,Normal
2026-02-16 15:24:11.036732,Berlin-0c96,44,35,Normal
2026-02-16 15:24:12.036732,Berlin-0c96,8,91,Normal
2026-02-16 15:24:13.036732,Berlin-0c96,4,32,Normal
2026-02-16 15:24:14.036732,Berlin-0c96,0,75,Normal
2026-02-16 15:24:15.036732,Berlin-0c96,-25,16,Normal
2026-02-16 15:24:16.036732,Berlin-0c96,10,99,Normal
2026-02-16 15:24:17.036732,Berlin-0c96,29,12,Normal
2026-02-16 15:24:18.036732,Berlin-0c96,37,44,Normal
2026-02-16 15:24:19.036732,Berlin-0c96,47,79,Normal
2026-02-16 15:24:20.036732,Berlin-0c96,6,56,Normal
2026-02-16 15:24:21.036732,Berlin-0c96,-9,15,Normal
2026-02-16 15:24:22.036732,Berlin-0c96,5,72,Normal
2026-02-16 15:24:23.036732,Berlin-0c96,34,94,Normal
2026-02-16 15:24:24.036732,Berlin-0c96,26,96,Normal
2026-02-16 15:24:25.036732,Berlin-0c96,-3,0,Normal
2026-02-16 15:24:26.036732,Berlin-0c96,50,63,Normal
2026-02-16 15:24:27.036732,Berlin-0c96,11,23,Normal
2026-02-16 15:24:28.036732,Berlin-0c96,46,99,Normal
2026-02-16 15:24:29.036732,Berlin-0c96,6,83,Normal
2026-02-16 15:24:30.036732,Berlin-0c96,11,46,Normal
2026-02-16 15:24:31.036732,Berlin-0c96,32,94,Normal
2026-02-16 15:24:32.036732,Berlin-0c96,14,89,Normal
2026-02-16 15:24:33.036732,Berlin-0c96,2,64,Normal
2026-02-16 15:24:34.036732,Berlin-0c96,9,24,Normal
2026-02-16 15:24:35.036732,Berlin-0c96,50,73,Normal
2026-02-16 15:24:36.036732,Berlin-0c96,22,14,Normal
2026-02-16 15:24:37.036732,Berlin-0c96,36,16,Normal
2026-02-16 15:24:38.036732,Berlin-0c96,-15,1,Normal
2026-02-16 15:24:39.036732,Berlin-0c96,20,65,Normal
2026-02-16 15:24:40.036732,Berlin-0c96,14,68,Normal
2026-02-16 15:24:41.036732,Berlin-0c96,11,66,Normal
2026-02-16 15:24:42.036732,Berlin-0c96,-19,92,Normal
2026-02-16 15:24:43.036732,Berlin-0c96,20,54,Normal
2026-02-16 15:24:44.036732,Berlin-0c96,8,97,Normal
2026-02-16 15:24:45.036732,Berlin-0c96,35,25,Normal
2026-02-16 15:24:46.036732,Berlin-0c96,2,86,Normal
2026-02-16 15:24:47.036732,Berlin-0c96,6,92,Normal
2026-02-16 15:24:48.036732,Berlin-0c96,48,2,Normal
2026-02-16 15:24:49.036732,Berlin-0c96,28,8,Normal
2026-02-16 15:24:50.036732,Berlin-0c96,36,93,Normal
2026-02-16 15:24:51.036732,Berlin-0c96,47,82,Normal
2026-02-16 15:24:52.036732,Berlin-0c96,40,22,Normal
2026-02-16 15:24:53.036732,Berlin-0c96,48,45,Normal
2026-02-16 15:24:54.036732,Berlin-0c96,-22,93,Normal
2026-02-16 15:24:55.036732,Berlin-0c96,-1,4,Normal
2026-02-16 15:24:56.036732,Berlin-0c96,-21,3,Normal
2026-02-16 15:24:57.036732,Berlin-0c96,29,7,Normal
2026-02-16 15:24:58.036732,Berlin-0c96,6,76,Normal
2026-02-16 15:24:59.036732,Berlin-0c96,49,99,Normal
2026-02-16 15:25:00.036732,Berlin-0c96,24,35,Normal
2026-02-16 15:25:01.036732,Berlin-0c96,26,41,Normal
2026-02-16 15:25:02.036732,Berlin-0c96,4,57,Normal
2026-02-16 15:25:03.036732,Berlin-0c96,5,44,Normal
2026-02-16 15:25:04.036732,Berlin-0c96,-4,17,Normal
2026-02-16 15:25:05.036732,Berlin-0c96,36,23,Normal
2026-02-16 15:25:06.036732,Berlin-0c96,3,53,Normal
2026-02-16 15:25:07.036732,Berlin-0c96,0,5,Normal
2026-02-16 15:25:08.036732,Berlin-0c96,-26,41,Normal
2026-02-16 15:25:09.036732,Berlin-0c96,10,39,Normal
2026-02-16 15:25:10.036732,Berlin-0c96,-1,25,Normal
2026-02-16 15:25:11.036732,Berlin-0c96,-4,57,Normal
2026-02-16 15:25:12.036732,Berlin-0c96,-12,64,Normal
2026-02-16 15:25:13.036732,Berlin-0c96,-11,80,Normal
2026-02-16 15:25:14.036732,Berlin-0c96,6,86,Normal
2026-02-16 15:25:15.036732,Berlin-0c96,-12,33,Normal
2026-02-16 15:25:16.036732,Berlin-0c96,1,89,Normal
2026-02-16 15:25:17.036732,Berlin-0c96,-10,35,Normal
2026-02-16 15:25:18.036732,Berlin-0c96,27,78,Normal
2026-02-16 15:25:19.036732,Berlin-0c96,-12,29,Normal
2026-02-16 15:25:20.036732,Berlin-0c96,-17,10,Normal
2026-02-16 15:25:21.036732,Berlin-0c96,22,23,Normal
2026-02-16 15:25:22.036732,Berlin-0c96,-22,16,Normal
2026-02-16 15:25:23.036732,Berlin-0c96,-4,80,Normal
2026-02-16 15:25:24.036732,Berlin-0c96,26,98,Normal
2026-02-16 15:25:25.036732,Berlin-0c96,17,80,Normal
2026-02-16 15:25:26.036732,Berlin-0c96,-22,99,Normal
2026-02-16 15:25:27.036732,Berlin-0c96,-14,56,Normal
2026-02-16 15:25:28.036732,Berlin-0c96,16,7,Normal
2026-02-16 15:25:29.036732,Berlin-0c96,-30,75,Normal
2026-02-16 15:25:30.036732,Berlin-0c96,-10,61,Normal
2026-02-16 15:25:31.036732,Berlin-0c96,27,39,Normal
2026-02-16 15:25:32.036732,Berlin-0c96,-28,26,Normal
2026-02-16 15:25:33.036732,Berlin-0c96,-7,47,Normal
2026-02-16 15:25:34.036732,Berlin-0c96,-11,7,Normal
2026-02-16 15:25:35.036732,Berlin-0c96,5,15,Normal
2026-02-16 15:25:36.036732,Berlin-0c96,-9,36,Normal
2026-02-16 15:25:37.036732,Berlin-0c96,9,38,Normal
2026-02-16 15:25:38.036732,Berlin-0c96,-23,49,Normal
2026-02-16 15:25:39.036732,Berlin-0c96,6,39,Normal
2026-02-16 15:25:40.036732,Berlin-0c96,-20,35,Normal
2026-02-16 15:25:41.036732,Berlin-0c96,10,75,Normal
2026-02-16 15:25:42.036732,Berlin-0c96,-26,3,Normal
2026-02-16 15:25:43.036732,Berlin-0c96,-30,65,Normal
2026-02-16 15:25:44.036732,Berlin-0c96,15,63,Normal
2026-02-16 15:25:45.036732,Berlin-0c96,5,58,Normal
2026-02-16 15:25:46.036732,Berlin-0c96,15,79,Normal
2026-02-16 15:25:47.036732,Berlin-0c96,43,53,Normal
2026-02-16 15:25:48.036732,Berlin-0c96,32,63,Normal
2026-02-16 15:25:49.036732,Berlin-0c96,-26,74,Normal
2026-02-16 15:25:50.036732,Berlin-0c96,4,28,Normal
2026-02-16 15:25:51.036732,Berlin-0c96,-4,50,Normal
2026-02-16 15:25:52.036732,Berlin-0c96,0,3,Normal
2026-02-16 15:25:53.036732,Berlin-0c96,-16,63,Normal
2026-02-16 15:25:54.036732,Berlin-0c96,38,2,Normal
2026-02-16 15:25:55.036732,Berlin-0c96,26,17,Normal
2026-02-16 15:25:56.036732,Berlin-0c96,-30,89,Normal
2026-02-16 15:25:57.036732,Berlin-0c96,4,46,Normal
2026-02-16 15:25:58.036732,Berlin-0c96,-17,88,Normal
2026-02-16 15:25:59.036732,Berlin-0c96,35,90,Normal
2026-02-16 15:26:00.036732,Berlin-0c96,-26,96,Normal
2026-02-16 15:26:01.036732,Berlin-0c96,12,46,Normal
2026-02-16 15:26:02.036732,Berlin-0c96,-19,12,Normal
2026-02-16 15:26:03.036732,Berlin-0c96,0,74,Normal
2026-02-16 15:26:04.036732,Berlin-0c96,40,97,Normal
2026-02-16 15:26:05.036732,Berlin-0c96,-6,87,Normal
2026-02-16 15:26:06.036732,Berlin-0c96,15,78,Normal
2026-02-16 15:26:07.036732,Berlin-0c96,8,53,Normal
2026-02-16 15:26:08.036732,Berlin-0c96,-7,19,Normal
2026-02-16 15:26:09.036732,Berlin-0c96,20,70,Normal
2026-02-16 15:26:10.036732,Berlin-0c96,38,21,Normal
2026-02-16 15:26:11.036732,Berlin-0c96,-4,51,Normal
2026-02-16 15:26:12.036732,Berlin-0c96,18,82,Normal
2026-02-16 15:26:13.036732,Berlin-0c96,-2,74,Normal
2026-02-16 15:26:14.036732,Berlin-0c96,29,4,Normal
2026-02-16 15:26:15.036732,Berlin-0c96,6,75,Normal
2026-02-16 15:26:16.036732,Berlin-0c96,17,87,Normal
2026-02-16 15:26:17.036732,Berlin-0c96,-19,18,Normal
2026-02-16 15:26:18.036732,Berlin-0c96,26,57,Normal
2026-02-16 15:26:19.036732,Berlin-0c96,-11,37,Normal
2026-02-16 15:26:20.036732,Berlin-0c96,28,28,Normal
2026-02-16 15:26:21.036732,Berlin-0c96,-9,31,Normal
2026-02-16 15:26:22.036732,Berlin-0c96,-1,29,Normal
2026-02-16 15:26:23.036732,Berlin-0c96,0,83,Normal
2026-02-16 15:26:24.036732,Berlin-0c96,44,41,Normal
2026-02-16 15:26:25.036732,Berlin-0c96,39,66,Normal
2026-02-16 15:26:26.036732,Berlin-0c96,-27,45,Normal
2026-02-16 15:26:27.036732,Berlin-0c96,43,55,Normal
2026-02-16 15:26:28.036732,Berlin-0c96,2,77,Normal
2026-02-16 15:26:29.036732,Berlin-0c96,-29,11,Normal
2026-02-16 15:26:30.036732,Berlin-0c96,46,58,Normal
2026-02-16 15:26:31.036732,Berlin-0c96,45,52,Normal
2026-02-16 15:26:32.036732,Berlin-0c96,-8,9,Normal
2026-02-16 15:26:33.036732,Berlin-0c96,49,83,Normal
2026-02-16 15:26:34.036732,Berlin-0c96,-19,62,Normal
2026-02-16 15:26:35.036732,Berlin-0c96,-26,7,Normal
2026-02-16 15:26:36.036732,Berlin-0c96,-23,5,Normal
2026-02-16 15:26:37.036732,Berlin-0c96,-20,21,Normal
2026-02-16 15:26:38.036732,Berlin-0c96,34,63,Normal
2026-02-16 15:26:39.036732,Berlin-0c96,12,91,Normal
2026-02-16 15:26:40.036732,Berlin-0c96,-11,45,Normal
2026-02-16 15:26:41.036732,Berlin-0c96,-19,40,Normal
2026-02-16 15:26:42.036732,Berlin-0c96,10,57,Normal
2026-02-16 15:26:43.036732,Berlin-0c96,49,16,Normal
2026-02-16 15:26:44.036732,Berlin-0c96,42,11,Normal
2026-02-16 15:26:45.036732,Berlin-0c96,-15,58,Normal
2026-02-16 15:26:46.036732,Berlin-0c96,44,84,Normal
2026-02-16 15:26:47.036732,Berlin-0c96,37,88,Normal
2026-02-16 15:26:48.036732,Berlin-0c96,39,34,Normal
2026-02-16 15:26:49.036732,Berlin-0c96,0,46,Normal
2026-02-16 15:26:50.036732,Berlin-0c96,-24,16,Normal
2026-02-16 15:26:51.036732,Berlin-0c96,-9,46,Normal
2026-02-16 15:26:52.036732,Berlin-0c96,15,92,Normal
2026-02-16 15:26:53.036732,Berlin-0c96,3,58,Normal
2026-02-16 15:26:54.036732,Berlin-0c96,-9,70,Normal
2026-02-16 15:26:55.036732,Berlin-0c96,32,78,Normal
2026-02-16 15:26:56.036732,Berlin-0c96,17,17,Normal
2026-02-16 15:26:57.036732,Berlin-0c96,42,43,Normal
2026-02-16 15:26:58.036732,Berlin-0c96,-12,41,Normal
2026-02-16 15:26:59.036732,Berlin-0c96,-14,3,Normal
2026-02-16 15:27:00.036732,Berlin-0c96,10,87,Normal
2026-02-16 15:27:01.036732,Berlin-0c96,-13,74,Normal
2026-02-16 15:27:02.036732,Berlin-0c96,-28,55,Normal
2026-02-16 15:27:03.036732,Berlin-0c96,2,83,Normal
2026-02-16 15:27:04.036732,Berlin-0c96,-29,56,Normal
2026-02-16 15:27:05.036732,Berlin-0c96,13,47,Normal
2026-02-16 15:27:06.036732,Berlin-0c96,19,55,Normal
2026-02-16 15:27:07.036732,Berlin-0c96,-24,38,Normal
2026-02-16 15:27:08.036732,Berlin-0c96,-4,20,Normal
2026-02-16 15:27:09.036732,Berlin-0c96,-11,54,Normal
2026-02-16 15:27:10.036732,Berlin-0c96,24,57,Normal
2026-02-16 15:27:11.036732,Berlin-0c96,18,52,Normal
2026-02-16 15:27:12.036732,Berlin-0c96,7,46,Normal
2026-02-16 15:27:13.036732,Berlin-0c96,-9,72,Normal
2026-02-16 15:27:14.036732,Berlin-0c96,39,19,Normal
2026-02-16 15:27:15.036732,Berlin-0c96,-28,47,Normal
2026-02-16 15:27:16.036732,Berlin-0c96,22,50,Normal
2026-02-16 15:27:17.036732,Berlin-0c96,-13,41,Normal
2026-02-16 15:27:18.036732,Berlin-0c96,48,92,Normal
2026-02-16 15:27:19.036732,Berlin-0c96,-25,49,Normal
2026-02-16 15:27:20.036732,Berlin-0c96,23,21,Normal
2026-02-16 15:27:21.036732,Berlin-0c96,-26,16,Normal
2026-02-16 15:27:22.036732,Berlin-0c96,5,69,Normal
2026-02-16 15:27:23.036732,Berlin-0c96,-15,52,Normal
2026-02-16 15:27:24.036732,Berlin-0c96,-21,29,Normal
2026-02-16 15:27:25.036732,Berlin-0c96,22,18,Normal
2026-02-16 15:27:26.036732,Berlin-0c96,-20,16,Normal
2026-02-16 15:27:27.036732,Berlin-0c96,45,34,Normal
2026-02-16 15:27:28.036732,Berlin-0c96,-18,17,Normal
2026-02-16 15:27:29.036732,Berlin-0c96,21,70,Normal
2026-02-16 15:27:30.036732,Berlin-0c96,10,5,Normal
2026-02-16 15:27:31.036732,Berlin-0c96,38,97,Normal
2026-02-16 15:27:32.036732,Berlin-0c96,1,66,Normal
2026-02-16 15:27:33.036732,Berlin-0c96,8,17,Normal
2026-02-16 15:27:34.036732,Berlin-0c96,-6,39,Normal
2026-02-16 15:27:35.036732,Berlin-0c96,6,59,Normal
2026-02-16 15:27:36.036732,Berlin-0c96,-28,23,Normal
2026-02-16 15:27:37.036732,Berlin-0c96,13,36,Normal
2026-02-16 15:27:38.036732,Berlin-0c96,10,1,Normal
2026-02-16 15:27:39.036732,Berlin-0c96,-22,13,Normal
2026-02-16 15:27:40.036732,Berlin-0c96,-23,19,Normal
2026-02-16 15:27:41.036732,Berlin-0c96,42,58,Normal
2026-02-16 15:27:42.036732,Berlin-0c96,-28,13,Normal
2026-02-16 15:27:43.036732,Berlin-0c96,-12,85,Normal
2026-02-16 15:27:44.036732,Berlin-0c96,7,47,Normal
2026-02-16 15:27:45.036732,Berlin-0c96,9,68,Normal
2026-02-16 15:27:46.036732,Berlin-0c96,-16,10,Normal
2026-02-16 15:27:47.036732,Berlin-0c96,0,53,Normal
2026-02-16 15:27:48.036732,Berlin-0c96,23,70,Normal
2026-02-16 15:27:49.036732,Berlin-0c96,6,9,Normal
2026-02-16 15:27:50.036732,Berlin-0c96,23,30,Normal
2026-02-16 15:27:51.036732,Berlin-0c96,-24,43,Normal
2026-02-16 15:27:52.036732,Berlin-0c96,29,96,Normal
2026-02-16 15:27:53.036732,Berlin-0c96,4,22,Normal
2026-02-16 15:27:54.036732,Berlin-0c96,-28,57,Normal
2026-02-16 15:27:55.036732,Berlin-0c96,18,5,Normal
2026-02-16 15:27:56.036732,Berlin-0c96,-21,34,Normal
2026-02-16 15:27:57.036732,Berlin-0c96,-11,33,Normal
2026-02-16 15:27:58.036732,Berlin-0c96,28,69,Normal
2026-02-16 15:27:59.036732,Berlin-0c96,36,86,Normal
2026-02-16 15:28:00.036732,Berlin-0c96,21,4,Normal
2026-02-16 15:28:01.036732,Berlin-0c96,48,95,Normal
2026-02-16 15:28:02.036732,Berlin-0c96,47,49,Normal
2026-02-16 15:28:03.036732,Berlin-0c96,50,20,Normal
2026-02-16 15:28:04.036732,Berlin-0c96,-8,24,Normal
2026-02-16 15:28:05.036732,Berlin-0c96,35,62,Normal
2026-02-16 15:28:06.036732,Berlin-0c96,47,42,Normal
2026-02-16 15:28:07.036732,Berlin-0c96,20,99,Normal
2026-02-16 15:28:08.036732,Berlin-0c96,29,4,Normal
2026-02-16 15:28:09.036732,Berlin-0c96,6,11,Normal
2026-02-16 15:28:10.036732,Berlin-0c96,38,77,Normal
2026-02-16 15:28:11.036732,Berlin-0c96,-5,90,Normal
2026-02-16 15:28:12.036732,Berlin-0c96,-30,77,Normal
2026-02-16 15:28:13.036732,Berlin-0c96,35,28,Normal
2026-02-16 15:28:14.036732,Berlin-0c96,38,91,Normal
2026-02-16 15:28:15.036732,Berlin-0c96,24,74,Normal
2026-02-16 15:28:16.036732,Berlin-0c96,6,42,Normal
2026-02-16 15:28:17.036732,Berlin-0c96,10,80,Normal
2026-02-16 15:28:18.036732,Berlin-0c96,-14,22,Normal
2026-02-16 15:28:19.036732,Berlin-0c96,15,59,Normal
2026-02-16 15:28:20.036732,Berlin-0c96,-15,22,Normal
2026-02-16 15:28:21.036732,Berlin-0c96,1,34,Normal
2026-02-16 15:28:22.036732,Berlin-0c96,8,91,Normal
2026-02-16 15:28:23.036732,Berlin-0c96,34,66,Normal
2026-02-16 15:28:24.036732,Berlin-0c96,-30,42,Normal
2026-02-16 15:28:25.036732,Berlin-0c96,12,89,Normal
2026-02-16 15:28:26.036732,Berlin-0c96,-25,33,Normal
2026-02-16 15:28:27.036732,Berlin-0c96,10,24,Normal
2026-02-16 15:28:28.036732,Berlin-0c96,17,86,Normal
2026-02-16 15:28:29.036732,Berlin-0c96,-8,83,Normal
2026-02-16 15:28:30.036732,Berlin-0c96,29,52,Normal
2026-02-16 15:28:31.036732,Berlin-0c96,-4,95,Normal
2026-02-16 15:28:32.036732,Berlin-0c96,-22,45,Normal
2026-02-16 15:28:33.036732,Berlin-0c96,41,97,Normal
2026-02-16 15:28:34.036732,Berlin-0c96,-13,45,Normal
2026-02-16 15:28:35.036732,Berlin-0c96,39,17,Normal
2026-02-16 15:28:36.036732,Berlin-0c96,37,76,Normal
2026-02-16 15:28:37.036732,Berlin-0c96,12,0,Normal
2026-02-16 15:28:38.036732,Berlin-0c96,22,38,Normal
2026-02-16 15:28:39.036732,Berlin-0c96,20,83,Normal
2026-02-16 15:28:40.036732,Berlin-0c96,42,73,Normal
2026-02-16 15:28:41.036732,Berlin-0c96,3,14,Normal
2026-02-16 15:28:42.036732,Berlin-0c96,8,50,Normal
2026-02-16 15:28:43.036732,Berlin-0c96,43,5,Normal
2026-02-16 15:28:44.036732,Berlin-0c96,-21,54,Normal
2026-02-16 15:28:45.036732,Berlin-0c96,-8,28,Normal
2026-02-16 15:28:46.036732,Berlin-0c96,-5,56,Normal
2026-02-16 15:28:47.036732,Berlin-0c96,1,25,Normal
2026-02-16 15:28:48.036732,Berlin-0c96,-15,93,Normal
2026-02-16 15:28:49.036732,Berlin-0c96,42,74,Normal
2026-02-16 15:28:50.036732,Berlin-0c96,40,6,Normal
2026-02-16 15:28:51.036732,Berlin-0c96,19,62,Normal
2026-02-16 15:28:52.036732,Berlin-0c96,-25,8,Normal
2026-02-16 15:28:53.036732,Berlin-0c96,47,74,Normal
2026-02-16 15:28:54.036732,Berlin-0c96,48,95,Normal
2026-02-16 15:28:55.036732,Berlin-0c96,-10,58,Normal
2026-02-16 15:28:56.036732,Berlin-0c96,12,59,Normal
2026-02-16 15:28:57.036732,Berlin-0c96,35,83,Normal
2026-02-16 15:28:58.036732,Berlin-0c96,47,8,Normal
2026-02-16 15:28:59.036732,Berlin-0c96,-19,10,Normal
2026-02-16 15:29:00.036732,Berlin-0c96,13,80,Normal
2026-02-16 15:29:01.036732,Berlin-0c96,6,63,Normal
2026-02-16 15:29:02.036732,Berlin-0c96,42,15,Normal
2026-02-16 15:29:03.036732,Berlin-0c96,-12,42,Normal
2026-02-16 15:29:04.036732,Berlin-0c96,-23,15,Normal
2026-02-16 15:29:05.036732,Berlin-0c96,-1,51,Normal
2026-02-16 15:29:06.036732,Berlin-0c96,16,84,Normal
2026-02-16 15:29:07.036732,Berlin-0c96,-15,94,Normal
2026-02-16 15:29:08.036732,Berlin-0c96,17,41,Normal
2026-02-16 15:29:09.036732,Berlin-0c96,10,66,Normal
2026-02-16 15:29:10.036732,Berlin-0c96,35,32,Normal
2026-02-16 15:29:11.036732,Berlin-0c96,-6,70,Normal
2026-02-16 15:29:12.036732,Berlin-0c96,-20,30,Normal
2026-02-16 15:29:13.036732,Berlin-0c96,42,7,Normal
2026-02-16 15:29:14.036732,Berlin-0c96,20,9,Normal
2026-02-16 15:29:15.036732,Berlin-0c96,-5,7,Normal
2026-02-16 15:29:16.036732,Berlin-0c96,-21,24,Normal
2026-02-16 15:29:17.036732,Berlin-0c96,17,65,Normal
2026-02-16 15:29:18.036732,Berlin-0c96,-19,63,Normal
2026-02-16 15:29:19.036732,Berlin-0c96,10,58,Normal
2026-02-16 15:29:20.036732,Berlin-0c96,-10,40,Normal
2026-02-16 15:29:21.036732,Berlin-0c96,46,25,Normal
2026-02-16 15:29:22.036732,Berlin-0c96,-5,87,Normal
2026-02-16 15:29:23.036732,Berlin-0c96,-18,34,Normal
2026-02-16 15:29:24.036732,Berlin-0c96,-13,59,Normal
2026-02-16 15:29:25.036732,Berlin-0c96,14,77,Normal
2026-02-16 15:29:26.036732,Berlin-0c96,25,4,Normal
2026-02-16 15:29:27.036732,Berlin-0c96,36,91,Normal
2026-02-16 15:29:28.036732,Berlin-0c96,24,14,Normal
2026-02-16 15:29:29.036732,Berlin-0c96,-22,76,Normal
2026-02-16 15:29:30.036732,Berlin-0c96,46,81,Normal
2026-02-16 15:29:31.036732,Berlin-0c96,42,31,Normal
2026-02-16 15:29:32.036732,Berlin-0c96,1,12,Normal
2026-02-16 15:29:33.036732,Berlin-0c96,-27,53,Normal
2026-02-16 15:29:34.036732,Berlin-0c96,46,65,Normal
2026-02-16 15:29:35.036732,Berlin-0c96,39,96,Normal
2026-02-16 15:29:36.036732,Berlin-0c96,48,49,Normal
2026-02-16 15:29:37.036732,Berlin-0c96,50,16,Normal
2026-02-16 15:29:38.036732,Berlin-0c96,18,55,Normal
2026-02-16 15:29:39.036732,Berlin-0c96,-25,57,Normal
2026-02-16 15:29:40.036732,Berlin-0c96,4,21,Normal
2026-02-16 15:29:41.036732,Berlin-0c96,22,38,Normal
2026-02-16 15:29:42.036732,Berlin-0c96,42,82,Normal
2026-02-16 15:29:43.036732,Berlin-0c96,40,21,Normal
2026-02-16 15:29:44.036732,Berlin-0c96,17,1,Normal
2026-02-16 15:29:45.036732,Berlin-0c96,-23,18,Normal
2026-02-16 15:29:46.036732,Berlin-0c96,29,11,Normal
2026-02-16 15:29:47.036732,Berlin-0c96,35,70,Normal
2026-02-16 15:29:48.036732,Berlin-0c96,24,15,Normal
2026-02-16 15:29:49.036732,Berlin-0c96,42,12,Normal
2026-02-16 15:29:50.036732,Berlin-0c96,43,62,Normal
2026-02-16 15:29:51.036732,Berlin-0c96,20,99,Normal
2026-02-16 15:29:52.036732,Berlin-0c96,44,76,Normal
2026-02-16 15:29:53.036732,Berlin-0c96,-11,98,Normal
2026-02-16 15:29:54.036732,Berlin-0c96,-25,100,Normal
2026-02-16 15:29:55.036732,Berlin-0c96,19,99,Normal
2026-02-16 15:29:56.036732,Berlin-0c96,23,54,Normal
2026-02-16 15:29:57.036732,Berlin-0c96,-30,84,Normal
2026-02-16 15:29:58.036732,Berlin-0c96,29,65,Normal
2026-02-16 15:29:59.036732,Berlin-0c96,30,87,Normal
2026-02-16 15:30:00.036732,Berlin-0c96,-15,57,Normal
2026-02-16 15:30:01.036732,Berlin-0c96,-29,52,Normal
2026-02-16 15:30:02.036732,Berlin-0c96,-18,63,Normal
2026-02-16 15:30:03.036732,Berlin-0c96,17,58,Normal
2026-02-16 15:30:04.036732,Berlin-0c96,-11,66,Normal
2026-02-16 15:30:05.036732,Berlin-0c96,25,83,Normal
2026-02-16 15:30:06.036732,Berlin-0c96,38,42,Normal
2026-02-16 15:30:07.036732,Berlin-0c96,9,50,Normal
2026-02-16 15:30:08.036732,Berlin-0c96,40,28,Normal
2026-02-16 15:30:09.036732,Berlin-0c96,-7,90,Normal
2026-02-16 15:30:10.036732,Berlin-0c96,-10,92,Normal
2026-02-16 15:30:11.036732,Berlin-0c96,-25,83,Normal
2026-02-16 15:30:12.036732,Berlin-0c96,-7,84,Normal
2026-02-16 15:30:13.036732,Berlin-0c96,34,61,Normal
2026-02-16 15:30:14.036732,Berlin-0c96,9,49,Normal
2026-02-16 15:30:15.036732,Berlin-0c96,-28,41,Normal
2026-02-16 15:30:16.036732,Berlin-0c96,14,29,Normal
2026-02-16 15:30:17.036732,Berlin-0c96,-15,69,Normal
2026-02-16 15:30:18.036732,Berlin-0c96,4,24,Normal
2026-02-16 15:30:19.036732,Berlin-0c96,7,89,Normal
2026-02-16 15:30:20.036732,Berlin-0c96,47,2,Normal
2026-02-16 15:30:21.036732,Berlin-0c96,4,17,Normal
2026-02-16 15:30:22.036732,Berlin-0c96,-9,67,Normal
2026-02-16 15:30:23.036732,Berlin-0c96,-7,89,Normal
2026-02-16 15:30:24.036732,Berlin-0c96,21,12,Normal
2026-02-16 15:30:25.036732,Berlin-0c96,25,89,Normal
2026-02-16 15:30:26.036732,Berlin-0c96,18,38,Normal
2026-02-16 15:30:27.036732,Berlin-0c96,-18,63,Normal
2026-02-16 15:30:28.036732,Berlin-0c96,25,47,Normal
2026-02-16 15:30:29.036732,Berlin-0c96,31,96,Normal
2026-02-16 15:30:30.036732,Berlin-0c96,25,70,Normal
2026-02-16 15:30:31.036732,Berlin-0c96,16,69,Normal
2026-02-16 15:30:32.036732,Berlin-0c96,-10,16,Normal
2026-02-16 15:30:33.036732,Berlin-0c96,32,77,Normal
2026-02-16 15:30:34.036732,Berlin-0c96,-20,81,Normal
2026-02-16 15:30:35.036732,Berlin-0c96,-12,6,Normal
2026-02-16 15:30:36.036732,Berlin-0c96,-9,98,Normal
2026-02-16 15:30:37.036732,Berlin-0c96,12,52,Normal
2026-02-16 15:30:38.036732,Berlin-0c96,-19,23,Normal
2026-02-16 15:30:39.036732,Berlin-0c96,14,75,Normal
2026-02-16 15:30:40.036732,Berlin-0c96,24,25,Normal
2026-02-16 15:30:41.036732,Berlin-0c96,-22,17,Normal
2026-02-16 15:30:42.036732,Berlin-0c96,31,18,Normal
2026-02-16 15:30:43.036732,Berlin-0c96,36,54,Normal
2026-02-16 15:30:44.036732,Berlin-0c96,-14,34,Normal
2026-02-16 15:30:45.036732,Berlin-0c96,45,93,Normal
2026-02-16 15:30:46.036732,Berlin-0c96,5,57,Normal
2026-02-16 15:30:47.036732,Berlin-0c96,14,82,Normal
2026-02-16 15:30:48.036732,Berlin-0c96,15,11,Normal
2026-02-16 15:30:49.036732,Berlin-0c96,9,32,Normal
2026-02-16 15:30:50.036732,Berlin-0c96,-13,47,Normal
2026-02-16 15:30:51.036732,Berlin-0c96,45,30,Normal
2026-02-16 15:30:52.036732,Berlin-0c96,13,1,Normal
2026-02-16 15:30:53.036732,Berlin-0c96,41,34,Normal
2026-02-16 15:30:54.036732,Berlin-0c96,-20,37,Normal
2026-02-16 15:30:55.036732,Berlin-0c96,30,24,Normal
2026-02-16 15:30:56.036732,Berlin-0c96,10,34,Normal
2026-02-16 15:30:57.036732,Berlin-0c96,-16,27,Normal
2026-02-16 15:30:58.036732,Berlin-0c96,21,81,Normal
2026-02-16 15:30:59.036732,Berlin-0c96,32,49,Normal
2026-02-16 15:31:00.036732,Berlin-0c96,0,82,Normal
2026-02-16 15:31:01.036732,Berlin-0c96,40,98,Normal
2026-02-16 15:31:02.036732,Berlin-0c96,47,14,Normal
2026-02-16 15:31:03.036732,Berlin-0c96,17,1,Normal
2026-02-16 15:31:04.036732,Berlin-0c96,24,4,Normal
2026-02-16 15:31:05.036732,Berlin-0c96,6,83,Normal
2026-02-16 15:31:06.036732,Berlin-0c96,44,98,Normal
2026-02-16 15:31:07.036732,Berlin-0c96,34,60,Normal
2026-02-16 15:31:08.036732,Berlin-0c96,42,11,Normal
2026-02-16 15:31:09.036732,Berlin-0c96,33,46,Normal
2026-02-16 15:31:10.036732,Berlin-0c96,7,40,Normal
2026-02-16 15:31:11.036732,Berlin-0c96,0,20,Normal
2026-02-16 15:31:12.036732,Berlin-0c96,-15,6,Normal
2026-02-16 15:31:13.036732,Berlin-0c96,-8,24,Normal
2026-02-16 15:31:14.036732,Berlin-0c96,42,73,Normal
2026-02-16 15:31:15.036732,Berlin-0c96,25,87,Normal
2026-02-16 15:31:16.036732,Berlin-0c96,-16,74,Normal
2026-02-16 15:31:17.036732,Berlin-0c96,-19,53,Normal
2026-02-16 15:31:18.036732,Berlin-0c96,16,59,Normal
2026-02-16 15:31:19.036732,Berlin-0c96,-3,14,Normal
2026-02-16 15:31:20.036732,Berlin-0c96,-4,86,Normal
2026-02-16 15:31:21.036732,Berlin-0c96,33,39,Normal
2026-02-16 15:31:22.036732,Berlin-0c96,34,2,Normal
2026-02-16 15:31:23.036732,Berlin-0c96,-22,53,Normal
2026-02-16 15:31:24.036732,Berlin-0c96,-3,91,Normal
2026-02-16 15:31:25.036732,Berlin-0c96,-19,3,Normal
2026-02-16 15:31:26.036732,Berlin-0c96,-14,0,Normal
2026-02-16 15:31:27.036732,Berlin-0c96,-14,26,Normal
2026-02-16 15:31:28.036732,Berlin-0c96,29,13,Normal
2026-02-16 15:31:29.036732,Berlin-0c96,44,95,Normal
2026-02-16 15:31:30.036732,Berlin-0c96,13,67,Normal
2026-02-16 15:31:31.036732,Berlin-0c96,20,89,Normal
2026-02-16 15:31:32.036732,Berlin-0c96,-27,64,Normal
2026-02-16 15:31:33.036732,Berlin-0c96,9,91,Normal
2026-02-16 15:31:34.036732,Berlin-0c96,-27,71,Normal
2026-02-16 15:31:35.036732,Berlin-0c96,46,17,Normal
2026-02-16 15:31:36.036732,Berlin-0c96,-24,76,Normal
2026-02-16 15:31:37.036732,Berlin-0c96,24,66,Normal
2026-02-16 15:31:38.036732,Berlin-0c96,-9,30,Normal
2026-02-16 15:31:39.036732,Berlin-0c96,-4,45,Normal
2026-02-16 15:31:40.036732,Berlin-0c96,-12,14,Normal
2026-02-16 15:31:41.036732,Berlin-0c96,13,25,Normal
2026-02-16 15:31:42.036732,Berlin-0c96,2,86,Normal
2026-02-16 15:31:43.036732,Berlin-0c96,-22,27,Normal
2026-02-16 15:31:44.036732,Berlin-0c96,-17,73,Normal
2026-02-16 15:31:45.036732,Berlin-0c96,3,82,Normal
2026-02-16 15:31:46.036732,Berlin-0c96,36,66,Normal
2026-02-16 15:31:47.036732,Berlin-0c96,39,64,Normal
2026-02-16 15:31:48.036732,Berlin-0c96,-8,83,Normal
2026-02-16 15:31:49.036732,Berlin-0c96,-18,92,Normal
2026-02-16 15:31:50.036732,Berlin-0c96,-8,45,Normal
2026-02-16 15:31:51.036732,Berlin-0c96,-26,64,Normal
2026-02-16 15:31:52.036732,Berlin-0c96,16,11,Normal
2026-02-16 15:31:53.036732,Berlin-0c96,35,3,Normal
2026-02-16 15:31:54.036732,Berlin-0c96,35,25,Normal
2026-02-16 15:31:55.036732,Berlin-0c96,48,53,Normal
2026-02-16 15:31:56.036732,Berlin-0c96,40,59,Normal
2026-02-16 15:31:57.036732,Berlin-0c96,26,27,Normal
2026-02-16 15:31:58.036732,Berlin-0c96,43,20,Normal
2026-02-16 15:31:59.036732,Berlin-0c96,49,4,Normal
2026-02-16 15:32:00.036732,Berlin-0c96,47,51,Normal
2026-02-16 15:32:01.036732,Berlin-0c96,21,28,Normal
2026-02-16 15:32:02.036732,Berlin-0c96,24,65,Normal
2026-02-16 15:32:03.036732,Berlin-0c96,27,69,Normal
2026-02-16 15:32:04.036732,Berlin-0c96,49,88,Normal
2026-02-16 15:32:05.036732,Berlin-0c96,23,41,Normal
2026-02-16 15:32:06.036732,Berlin-0c96,32,14,Normal
2026-02-16 15:32:07.036732,Berlin-0c96,41,50,Normal
2026-02-16 15:32:08.036732,Berlin-0c96,-14,55,Normal
2026-02-16 15:32:09.036732,Berlin-0c96,13,68,Normal
2026-02-16 15:32:10.036732,Berlin-0c96,-29,37,Normal
2026-02-16 15:32:11.036732,Berlin-0c96,8,37,Normal
2026-02-16 15:32:12.036732,Berlin-0c96,43,71,Normal
2026-02-16 15:32:13.036732,Berlin-0c96,-20,65,Normal
2026-02-16 15:32:14.036732,Berlin-0c96,-14,89,Normal
2026-02-16 15:32:15.036732,Berlin-0c96,11,37,Normal
2026-02-16 15:32:16.036732,Berlin-0c96,33,49,Normal
2026-02-16 15:32:17.036732,Berlin-0c96,-7,51,Normal
2026-02-16 15:32:18.036732,Berlin-0c96,9,50,Normal
2026-02-16 15:32:19.036732,Berlin-0c96,-10,99,Normal
2026-02-16 15:32:20.036732,Berlin-0c96,32,30,Normal
2026-02-16 15:32:21.036732,Berlin-0c96,47,90,Normal
2026-02-16 15:32:22.036732,Berlin-0c96,-10,26,Normal
2026-02-16 15:32:23.036732,Berlin-0c96,46,100,Normal
2026-02-16 15:32:24.036732,Berlin-0c96,46,63,Normal
2026-02-16 15:32:25.036732,Berlin-0c96,-20,74,Normal
2026-02-16 15:32:26.036732,Berlin-0c96,-7,39,Normal
2026-02-16 15:32:27.036732,Berlin-0c96,28,25,Normal
2026-02-16 15:32:28.036732,Berlin-0c96,-22,44,Normal
2026-02-16 15:32:29.036732,Berlin-0c96,48,75,Normal
2026-02-16 15:32:30.036732,Berlin-0c96,38,53,Normal
2026-02-16 15:32:31.036732,Berlin-0c96,-27,9,Normal
2026-02-16 15:32:32.036732,Berlin-0c96,-19,80,Normal
2026-02-16 15:32:33.036732,Berlin-0c96,4,53,Normal
2026-02-16 15:32:34.036732,Berlin-0c96,43,66,Normal
2026-02-16 15:32:35.036732,Berlin-0c96,-1,96,Normal
2026-02-16 15:32:36.036732,Berlin-0c96,0,15,Normal
2026-02-16 15:32:37.036732,Berlin-0c96,29,35,Normal
2026-02-16 15:32:38.036732,Berlin-0c96,6,3,Normal
2026-02-16 15:32:39.036732,Berlin-0c96,28,86,Normal
2026-02-16 15:32:40.036732,Berlin-0c96,44,71,Normal
2026-02-16 15:32:41.036732,Berlin-0c96,-18,57,Normal
2026-02-16 15:32:42.036732,Berlin-0c96,17,15,Normal
2026-02-16 15:32:43.036732,Berlin-0c96,-14,48,Normal
2026-02-16 15:32:44.036732,Berlin-0c96,17,75,Normal
2026-02-16 15:32:45.036732,Berlin-0c96,14,62,Normal
2026-02-16 15:32:46.036732,Berlin-0c96,-2,62,Normal
2026-02-16 15:32:47.036732,Berlin-0c96,1,59,Normal
2026-02-16 15:32:48.036732,Berlin-0c96,44,35,Normal
2026-02-16 15:32:49.036732,Berlin-0c96,-18,91,Normal
2026-02-16 15:32:50.036732,Berlin-0c96,19,76,Normal
2026-02-16 15:32:51.036732,Berlin-0c96,50,47,Normal
2026-02-16 15:32:52.036732,Berlin-0c96,-11,92,Normal
2026-02-16 15:32:53.036732,Berlin-0c96,20,47,Normal
2026-02-16 15:32:54.036732,Berlin-0c96,-20,31,Normal
2026-02-16 15:32:55.036732,Berlin-0c96,28,72,Normal
2026-02-16 15:32:56.036732,Berlin-0c96,43,66,Normal
2026-02-16 15:32:57.036732,Berlin-0c96,9,16,Normal
2026-02-16 15:32:58.036732,Berlin-0c96,41,14,Normal
2026-02-16 15:32:59.036732,Berlin-0c96,-17,11,Normal
2026-02-16 15:33:00.036732,Berlin-0c96,38,58,Normal
2026-02-16 15:33:01.036732,Berlin-0c96,-7,68,Normal
2026-02-16 15:33:02.036732,Berlin-0c96,3,84,Normal
2026-02-16 15:33:03.036732,Berlin-0c96,24,4,Normal
2026-02-16 15:33:04.036732,Berlin-0c96,39,44,Normal
2026-02-16 15:33:05.036732,Berlin-0c96,22,53,Normal
2026-02-16 15:33:06.036732,Berlin-0c96,13,5,Normal
2026-02-16 15:33:07.036732,Berlin-0c96,0,24,Normal
2026-02-16 15:33:08.036732,Berlin-0c96,35,62,Normal
2026-02-16 15:33:09.036732,Berlin-0c96,23,74,Normal
2026-02-16 15:33:10.036732,Berlin-0c96,39,1,Normal
2026-02-16 15:33:11.036732,Berlin-0c96,30,52,Normal
2026-02-16 15:33:12.036732,Berlin-0c96,-30,13,Normal
2026-02-16 15:33:13.036732,Berlin-0c96,-8,10,Normal
2026-02-16 15:33:14.036732,Berlin-0c96,22,63,Normal
2026-02-16 15:33:15.036732,Berlin-0c96,-4,6,Normal
2026-02-16 15:33:16.036732,Berlin-0c96,43,51,Normal
2026-02-16 15:33:17.036732,Berlin-0c96,28,91,Normal
2026-02-16 15:33:18.036732,Berlin-0c96,37,32,Normal
2026-02-16 15:33:19.036732,Berlin-0c96,36,98,Normal
2026-02-16 15:33:20.036732,Berlin-0c96,-20,74,Normal
2026-02-16 15:33:21.036732,Berlin-0c96,-10,53,Normal
2026-02-16 15:33:22.036732,Berlin-0c96,-26,64,Normal
2026-02-16 15:33:23.036732,Berlin-0c96,20,58,Normal
2026-02-16 15:33:24.036732,Berlin-0c96,50,18,Normal
2026-02-16 15:33:25.036732,Berlin-0c96,41,60,Normal
2026-02-16 15:33:26.036732,Berlin-0c96,6,19,Normal
2026-02-16 15:33:27.036732,Berlin-0c96,18,16,Normal
2026-02-16 15:33:28.036732,Berlin-0c96,-27,66,Normal
2026-02-16 15:33:29.036732,Berlin-0c96,-3,54,Normal
2026-02-16 15:33:30.036732,Berlin-0c96,-27,16,Normal
2026-02-16 15:33:31.036732,Berlin-0c96,-21,63,Normal
2026-02-16 15:33:32.036732,Berlin-0c96,3,32,Normal
2026-02-16 15:33:33.036732,Berlin-0c96,-11,21,Normal
2026-02-16 15:33:34.036732,Berlin-0c96,-29,76,Normal
2026-02-16 15:33:35.036732,Berlin-0c96,39,49,Normal
2026-02-16 15:33:36.036732,Berlin-0c96,27,39,Normal
2026-02-16 15:33:37.036732,Berlin-0c96,31,24,Normal
2026-02-16 15:33:38.036732,Berlin-0c96,10,50,Normal
2026-02-16 15:33:39.036732,Berlin-0c96,22,56,Normal
2026-02-16 15:33:40.036732,Berlin-0c96,31,90,Normal
2026-02-16 15:33:41.036732,Berlin-0c96,38,26,Normal
2026-02-16 15:33:42.036732,Berlin-0c96,32,84,Normal
2026-02-16 15:33:43.036732,Berlin-0c96,-29,99,Normal
2026-02-16 15:33:44.036732,Berlin-0c96,36,86,Normal
2026-02-16 15:33:45.036732,Berlin-0c96,21,15,Normal
2026-02-16 15:33:46.036732,Berlin-0c96,7,7,Normal
2026-02-16 15:33:47.036732,Berlin-0c96,6,70,Normal
2026-02-16 15:33:48.036732,Berlin-0c96,40,78,Normal
2026-02-16 15:33:49.036732,Berlin-0c96,15,14,Normal
2026-02-16 15:33:50.036732,Berlin-0c96,15,40,Normal
2026-02-16 15:33:51.036732,Berlin-0c96,-20,54,Normal
2026-02-16 15:33:52.036732,Berlin-0c96,26,0,Normal
2026-02-16 15:33:53.036732,Berlin-0c96,-16,91,Normal
2026-02-16 15:33:54.036732,Berlin-0c96,-15,31,Normal
2026-02-16 15:33:55.036732,Berlin-0c96,7,48,Normal
2026-02-16 15:33:56.036732,Berlin-0c96,-14,25,Normal
2026-02-16 15:33:57.036732,Berlin-0c96,-4,10,Normal
2026-02-16 15:33:58.036732,Berlin-0c96,17,20,Normal
2026-02-16 15:33:59.036732,Berlin-0c96,-11,5,Normal
2026-02-16 15:34:00.036732,Berlin-0c96,26,93,Normal
2026-02-16 15:34:01.036732,Berlin-0c96,-4,49,Normal
2026-02-16 15:34:02.036732,Berlin-0c96,41,39,Normal
2026-02-16 15:34:03.036732,Berlin-0c96,2,59,Normal
2026-02-16 15:34:04.036732,Berlin-0c96,-24,42,Normal
2026-02-16 15:34:05.036732,Berlin-0c96,39,54,Normal
2026-02-16 15:34:06.036732,Berlin-0c96,29,59,Normal
2026-02-16 15:34:07.036732,Berlin-0c96,-4,45,Normal
2026-02-16 15:34:08.036732,Berlin-0c96,14,4,Normal
2026-02-16 15:34:09.036732,Berlin-0c96,35,90,Normal
2026-02-16 15:34:10.036732,Berlin-0c96,16,16,Normal
2026-02-16 15:34:11.036732,Berlin-0c96,33,61,Normal
2026-02-16 15:34:12.036732,Berlin-0c96,-10,26,Normal
2026-02-16 15:34:13.036732,Berlin-0c96,-23,73,Normal
2026-02-16 15:34:14.036732,Berlin-0c96,-2,35,Normal
2026-02-16 15:34:15.036732,Berlin-0c96,-12,36,Normal
2026-02-16 15:34:16.036732,Berlin-0c96,38,68,Normal
2026-02-16 15:34:17.036732,Berlin-0c96,-4,78,Normal
2026-02-16 15:34:18.036732,Berlin-0c96,-20,32,Normal
2026-02-16 15:34:19.036732,Berlin-0c96,-8,51,Normal
2026-02-16 15:34:20.036732,Berlin-0c96,11,95,Normal
2026-02-16 15:34:21.036732,Berlin-0c96,-19,15,Normal
2026-02-16 15:34:22.036732,Berlin-0c96,-22,18,Normal
2026-02-16 15:34:23.036732,Berlin-0c96,-21,67,Normal
2026-02-16 15:34:24.036732,Berlin-0c96,-8,84,Normal
2026-02-16 15:34:25.036732,Berlin-0c96,43,64,Normal
2026-02-16 15:34:26.036732,Berlin-0c96,-15,5,Normal
2026-02-16 15:34:27.036732,Berlin-0c96,-2,54,Normal
2026-02-16 15:34:28.036732,Berlin-0c96,-17,9,Normal
2026-02-16 15:34:29.036732,Berlin-0c96,37,58,Normal
2026-02-16 15:34:30.036732,Berlin-0c96,-10,91,Normal
2026-02-16 15:34:31.036732,Berlin-0c96,-12,13,Normal
2026-02-16 15:34:32.036732,Berlin-0c96,13,33,Normal
2026-02-16 15:34:33.036732,Berlin-0c96,-20,55,Normal
2026-02-16 15:34:34.036732,Berlin-0c96,42,20,Normal
2026-02-16 15:34:35.036732,Berlin-0c96,27,33,Normal
2026-02-16 15:34:36.036732,Berlin-0c96,-4,41,Normal
2026-02-16 15:34:37.036732,Berlin-0c96,46,51,Normal
2026-02-16 15:34:38.036732,Berlin-0c96,24,42,Normal
2026-02-16 15:34:39.036732,Berlin-0c96,-6,13,Normal
2026-02-16 15:34:40.036732,Berlin-0c96,41,91,Normal
2026-02-16 15:34:41.036732,Berlin-0c96,-26,8,Normal
2026-02-16 15:34:42.036732,Berlin-0c96,-12,5,Normal
2026-02-16 15:34:43.036732,Berlin-0c96,-4,73,Normal
2026-02-16 15:34:44.036732,Berlin-0c96,39,24,Normal
2026-02-16 15:34:45.036732,Berlin-0c96,-2,2,Normal
2026-02-16 15:34:46.036732,Berlin-0c96,36,61,Normal
2026-02-16 15:34:47.036732,Berlin-0c96,25,91,Normal
2026-02-16 15:34:48.036732,Berlin-0c96,20,50,Normal
2026-02-16 15:34:49.036732,Berlin-0c96,-10,24,Normal
2026-02-16 15:34:50.036732,Berlin-0c96,-28,35,Normal
2026-02-16 15:34:51.036732,Berlin-0c96,25,81,Normal
2026-02-16 15:34:52.036732,Berlin-0c96,19,79,Normal
2026-02-16 15:34:53.036732,Berlin-0c96,14,66,Normal
2026-02-16 15:34:54.036732,Berlin-0c96,-30,96,Normal
2026-02-16 15:34:55.036732,Berlin-0c96,9,16,Normal
2026-02-16 15:34:56.036732,Berlin-0c96,45,40,Normal
2026-02-16 15:34:57.036732,Berlin-0c96,-6,5,Normal
2026-02-16 15:34:58.036732,Berlin-0c96,15,75,Normal
2026-02-16 15:34:59.036732,Berlin-0c96,-21,95,Normal
2026-02-16 15:35:00.036732,Berlin-0c96,23,2,Normal
2026-02-16 15:35:01.036732,Berlin-0c96,36,68,Normal
2026-02-16 15:35:02.036732,Berlin-0c96,14,96,Normal
2026-02-16 15:35:03.036732,Berlin-0c96,48,67,Normal
2026-02-16 15:35:04.036732,Berlin-0c96,-10,78,Normal
2026-02-16 15:35:05.036732,Berlin-0c96,21,50,Normal
2026-02-16 15:35:06.036732,Berlin-0c96,35,81,Normal
2026-02-16 15:35:07.036732,Berlin-0c96,31,53,Normal
2026-02-16 15:35:08.036732,Berlin-0c96,12,100,Normal
2026-02-16 15:35:09.036732,Berlin-0c96,-18,16,Normal
2026-02-16 15:35:10.036732,Berlin-0c96,2,98,Normal
2026-02-16 15:35:11.036732,Berlin-0c96,34,38,Normal
2026-02-16 15:35:12.036732,Berlin-0c96,13,48,Normal
2026-02-16 15:35:13.036732,Berlin-0c96,-26,99,Normal
2026-02-16 15:35:14.036732,Berlin-0c96,-20,85,Normal
2026-02-16 15:35:15.036732,Berlin-0c96,-14,23,Normal
2026-02-16 15:35:16.036732,Berlin-0c96,37,44,Normal
2026-02-16 15:35:17.036732,Berlin-0c96,36,38,Normal
2026-02-16 15:35:18.036732,Berlin-0c96,5,54,Normal
2026-02-16 15:35:19.036732,Berlin-0c96,46,77,Normal
2026-02-16 15:35:20.036732,Berlin-0c96,-9,12,Normal
2026-02-16 15:35:21.036732,Berlin-0c96,-1,71,Normal
2026-02-16 15:35:22.036732,Berlin-0c96,27,49,Normal
2026-02-16 15:35:23.036732,Berlin-0c96,33,49,Normal
2026-02-16 15:35:24.036732,Berlin-0c96,50,34,Normal
2026-02-16 15:35:25.036732,Berlin-0c96,-6,56,Normal
2026-02-16 15:35:26.036732,Berlin-0c96,49,18,Normal
2026-02-16 15:35:27.036732,Berlin-0c96,31,35,Normal
2026-02-16 15:35:28.036732,Berlin-0c96,41,0,Normal
2026-02-16 15:35:29.036732,Berlin-0c96,7,18,Normal
2026-02-16 15:35:30.036732,Berlin-0c96,47,78,Normal
2026-02-16 15:35:31.036732,Berlin-0c96,35,70,Normal
2026-02-16 15:35:32.036732,Berlin-0c96,-5,23,Normal
2026-02-16 15:35:33.036732,Berlin-0c96,-25,13,Normal
2026-02-16 15:35:34.036732,Berlin-0c96,-12,74,Normal
2026-02-16 15:35:35.036732,Berlin-0c96,11,3,Normal
2026-02-16 15:35:36.036732,Berlin-0c96,-17,45,Normal
2026-02-16 15:35:37.036732,Berlin-0c96,-14,52,Normal
2026-02-16 15:35:38.036732,Berlin-0c96,45,97,Normal
2026-02-16 15:35:39.036732,Berlin-0c96,-6,83,Normal
2026-02-16 15:35:40.036732,Berlin-0c96,5,36,Normal
2026-02-16 15:35:41.036732,Berlin-0c96,43,58,Normal
2026-02-16 15:35:42.036732,Berlin-0c96,35,75,Normal
2026-02-16 15:35:43.036732,Berlin-0c96,17,76,Normal
2026-02-16 15:35:44.036732,Berlin-0c96,-28,60,Normal
2026-02-16 15:35:45.036732,Berlin-0c96,35,32,Normal
2026-02-16 15:35:46.036732,Berlin-0c96,31,47,Normal
2026-02-16 15:35:47.036732,Berlin-0c96,45,20,Normal
2026-02-16 15:35:48.036732,Berlin-0c96,22,8,Normal
2026-02-16 15:35:49.036732,Berlin-0c96,32,16,Normal
2026-02-16 15:35:50.036732,Berlin-0c96,-17,75,Normal
2026-02-16 15:35:51.036732,Berlin-0c96,35,14,Normal
2026-02-16 15:35:52.036732,Berlin-0c96,32,61,Normal
2026-02-16 15:35:53.036732,Berlin-0c96,0,61,Normal
2026-02-16 15:35:54.036732,Berlin-0c96,-1,82,Normal
2026-02-16 15:35:55.036732,Berlin-0c96,8,23,Normal
2026-02-16 15:35:56.036732,Berlin-0c96,20,12,Normal
2026-02-16 15:35:57.036732,Berlin-0c96,-13,21,Normal
2026-02-16 15:35:58.036732,Berlin-0c96,-2,99,Normal
2026-02-16 15:35:59.036732,Berlin-0c96,6,49,Normal
2026-02-16 15:36:00.036732,Berlin-0c96,43,47,Normal
2026-02-16 15:36:01.036732,Berlin-0c96,2,5,Normal
2026-02-16 15:36:02.036732,Berlin-0c96,44,73,Normal
2026-02-16 15:36:03.036732,Berlin-0c96,0,52,Normal
2026-02-16 15:36:04.036732,Berlin-0c96,-8,94,Normal
2026-02-16 15:36:05.036732,Berlin-0c96,42,49,Normal
2026-02-16 15:36:06.036732,Berlin-0c96,3,36,Normal
2026-02-16 15:36:07.036732,Berlin-0c96,-4,38,Normal
2026-02-16 15:36:08.036732,Berlin-0c96,12,14,Normal
2026-02-16 15:36:09.036732,Berlin-0c96,-12,58,Normal
2026-02-16 15:36:10.036732,Berlin-0c96,46,79,Normal
2026-02-16 15:36:11.036732,Berlin-0c96,-18,71,Normal
2026-02-16 15:36:12.036732,Berlin-0c96,-1,64,Normal
2026-02-16 15:36:13.036732,Berlin-0c96,-28,7,Normal
2026-02-16 15:36:14.036732,Berlin-0c96,-18,58,Normal
2026-02-16 15:36:15.036732,Berlin-0c96,7,25,Normal
2026-02-16 15:36:16.036732,Berlin-0c96,21,95,Normal
2026-02-16 15:36:17.036732,Berlin-0c96,-15,29,Normal
2026-02-16 15:36:18.036732,Berlin-0c96,38,88,Normal
2026-02-16 15:36:19.036732,Berlin-0c96,7,0,Normal
2026-02-16 15:36:20.036732,Berlin-0c96,35,96,Normal
2026-02-16 15:36:21.036732,Berlin-0c96,-14,37,Normal
2026-02-16 15:36:22.036732,Berlin-0c96,35,23,Normal
2026-02-16 15:36:23.036732,Berlin-0c96,15,29,Normal
2026-02-16 15:36:24.036732,Berlin-0c96,46,92,Normal
2026-02-16 15:36:25.036732,Berlin-0c96,1,88,Normal
2026-02-16 15:36:26.036732,Berlin-0c96,26,17,Normal
2026-02-16 15:36:27.036732,Berlin-0c96,28,73,Normal
2026-02-16 15:36:28.036732,Berlin-0c96,33,23,Normal
2026-02-16 15:36:29.036732,Berlin-0c96,-20,10,Normal
2026-02-16 15:36:30.036732,Berlin-0c96,6,73,Normal
2026-02-16 15:36:31.036732,Berlin-0c96,-2,54,Normal
2026-02-16 15:36:32.036732,Berlin-0c96,-28,86,Normal
2026-02-16 15:36:33.036732,Berlin-0c96,25,74,Normal
2026-02-16 15:36:34.036732,Berlin-0c96,-3,29,Normal
2026-02-16 15:36:35.036732,Berlin-0c96,-17,86,Normal
2026-02-16 15:36:36.036732,Berlin-0c96,-29,78,Normal
2026-02-16 15:36:37.036732,Berlin-0c96,-7,35,Normal
2026-02-16 15:36:38.036732,Berlin-0c96,-27,96,Normal
2026-02-16 15:36:39.036732,Berlin-0c96,32,14,Normal
2026-02-16 15:36:40.036732,Berlin-0c96,-9,25,Normal
2026-02-16 15:36:41.036732,Berlin-0c96,-8,75,Normal
2026-02-16 15:36:42.036732,Berlin-0c96,-27,42,Normal
2026-02-16 15:36:43.036732,Berlin-0c96,33,61,Normal
2026-02-16 15:36:44.036732,Berlin-0c96,47,19,Normal
2026-02-16 15:36:45.036732,Berlin-0c96,6,60,Normal
2026-02-16 15:36:46.036732,Berlin-0c96,36,58,Normal
2026-02-16 15:36:47.036732,Berlin-0c96,-21,49,Normal
2026-02-16 15:36:48.036732,Berlin-0c96,9,36,Normal
2026-02-16 15:36:49.036732,Berlin-0c96,9,66,Normal
2026-02-16 15:36:50.036732,Berlin-0c96,34,50,Normal
2026-02-16 15:36:51.036732,Berlin-0c96,-5,2,Normal
2026-02-16 15:36:52.036732,Berlin-0c96,-19,65,Normal
2026-02-16 15:36:53.036732,Berlin-0c96,-22,14,Normal
2026-02-16 15:36:54.036732,Berlin-0c96,32,32,Normal
2026-02-16 15:36:55.036732,Berlin-0c96,50,94,Normal
2026-02-16 15:36:56.036732,Berlin-0c96,-13,44,Normal
2026-02-16 15:36:57.036732,Berlin-0c96,34,20,Normal
2026-02-16 15:36:58.036732,Berlin-0c96,8,52,Normal
2026-02-16 15:36:59.036732,Berlin-0c96,5,98,Normal
2026-02-16 15:37:00.036732,Berlin-0c96,15,13,Normal
2026-02-16 15:37:01.036732,Berlin-0c96,-1,33,Normal
2026-02-16 15:37:02.036732,Berlin-0c96,-9,32,Normal
2026-02-16 15:37:03.036732,Berlin-0c96,1,29,Normal
2026-02-16 15:37:04.036732,Berlin-0c96,-29,23,Normal
2026-02-16 15:37:05.036732,Berlin-0c96,37,49,Normal
2026-02-16 15:37:06.036732,Berlin-0c96,46,97,Normal
2026-02-16 15:37:07.036732,Berlin-0c96,49,13,Normal
2026-02-16 15:37:08.036732,Berlin-0c96,37,85,Normal
2026-02-16 15:37:09.036732,Berlin-0c96,-18,7,Normal
2026-02-16 15:37:10.036732,Berlin-0c96,18,14,Normal
2026-02-16 15:37:11.036732,Berlin-0c96,-26,56,Normal
2026-02-16 15:37:12.036732,Berlin-0c96,-24,48,Normal
2026-02-16 15:37:13.036732,Berlin-0c96,44,9,Normal
2026-02-16 15:37:14.036732,Berlin-0c96,10,74,Normal
2026-02-16 15:37:15.036732,Berlin-0c96,43,36,Normal
2026-02-16 15:37:16.036732,Berlin-0c96,27,6,Normal
2026-02-16 15:37:17.036732,Berlin-0c96,30,26,Normal
2026-02-16 15:37:18.036732,Berlin-0c96,28,61,Normal
2026-02-16 15:37:19.036732,Berlin-0c96,10,93,Normal
2026-02-16 15:37:20.036732,Berlin-0c96,-22,40,Normal
2026-02-16 15:37:21.036732,Berlin-0c96,-2,63,Normal
2026-02-16 15:37:22.036732,Berlin-0c96,-28,34,Normal
2026-02-16 15:37:23.036732,Berlin-0c96,43,79,Normal
2026-02-16 15:37:24.036732,Berlin-0c96,50,12,Normal
2026-02-16 15:37:25.036732,Berlin-0c96,23,4,Normal
2026-02-16 15:37:26.036732,Berlin-0c96,-19,21,Normal
2026-02-16 15:37:27.036732,Berlin-0c96,3,51,Normal
2026-02-16 15:37:28.036732,Berlin-0c96,9,13,Normal
2026-02-16 15:37:29.036732,Berlin-0c96,33,85,Normal
2026-02-16 15:37:30.036732,Berlin-0c96,21,12,Normal
2026-02-16 15:37:31.036732,Berlin-0c96,39,40,Normal
2026-02-16 15:37:32.036732,Berlin-0c96,29,89,Normal
2026-02-16 15:37:33.036732,Berlin-0c96,9,82,Normal
2026-02-16 15:37:34.036732,Berlin-0c96,-19,60,Normal
2026-02-16 15:37:35.036732,Berlin-0c96,-1,86,Normal
2026-02-16 15:37:36.036732,Berlin-0c96,40,88,Normal
2026-02-16 15:37:37.036732,Berlin-0c96,28,25,Normal
2026-02-16 15:37:38.036732,Berlin-0c96,29,78,Normal
2026-02-16 15:37:39.036732,Berlin-0c96,-26,58,Normal
2026-02-16 15:37:40.036732,Berlin-0c96,42,36,Normal
2026-02-16 15:37:41.036732,Berlin-0c96,2,94,Normal
2026-02-16 15:37:42.036732,Berlin-0c96,-16,64,Normal
2026-02-16 15:37:43.036732,Berlin-0c96,18,25,Normal
2026-02-16 15:37:44.036732,Berlin-0c96,18,17,Normal
2026-02-16 15:37:45.036732,Berlin-0c96,13,76,Normal
2026-02-16 15:37:46.036732,Berlin-0c96,50,34,Normal
2026-02-16 15:37:47.036732,Berlin-0c96,42,82,Normal
2026-02-16 15:37:48.036732,Berlin-0c96,31,36,Normal
2026-02-16 15:37:49.036732,Berlin-0c96,-19,74,Normal
2026-02-16 15:37:50.036732,Berlin-0c96,40,28,Normal
2026-02-16 15:37:51.036732,Berlin-0c96,17,70,Normal
2026-02-16 15:37:52.036732,Berlin-0c96,47,39,Normal
2026-02-16 15:37:53.036732,Berlin-0c96,-13,99,Normal
2026-02-16 15:37:54.036732,Berlin-0c96,44,11,Normal
2026-02-16 15:37:55.036732,Berlin-0c96,-18,27,Normal
2026-02-16 15:37:56.036732,Berlin-0c96,5,16,Normal
2026-02-16 15:37:57.036732,Berlin-0c96,33,16,Normal
2026-02-16 15:37:58.036732,Berlin-0c96,-23,81,Normal
2026-02-16 15:37:59.036732,Berlin-0c96,41,11,Normal
2026-02-16 15:38:00.036732,Berlin-0c96,40,5,Normal
2026-02-16 15:38:01.036732,Berlin-0c96,-16,88,Normal
2026-02-16 15:38:02.036732,Berlin-0c96,-2,0,Normal
2026-02-16 15:38:03.036732,Berlin-0c96,17,55,Normal
