timestamp,station_id,temp,humid,condition
2026-04-27 19:53:35.440227,Berlin-60a2,12,89,Normal
2026-04-27 19:53:36.440227,Berlin-60a2,28,100,Normal
2026-04-27 19:53:37.440227,Berlin-60a2,25,79,Normal
2026-04-27 19:53:38.440227,Berlin-60a2,-28,68,Normal
2026-04-27 19:53:39.440227,Berlin-60a2,38,77,Normal
2026-04-27 19:53:40.440227,Berlin-60a2,36,64,Normal
2026-04-27 19:53:41.440227,Berlin-60a2,44,75,Normal
2026-04-27 19:53:42.440227,Berlin-60a2,-17,9,Normal
2026-04-27 19:53:43.440227,Berlin-60a2,-17,3,Normal
2026-04-27 19:53:44.440227,Berlin-60a2,22,94,Normal
2026-04-27 19:53:45.440227,Berlin-60a2,-26,6,Normal
2026-04-27 19:53:46.440227,Berlin-60a2,-6,84,Normal
2026-04-27 19:53:47.440227,Berlin-60a2,-28,0,Normal
2026-04-27 19:53:48.440227,Berlin-60a2,-18,95,Normal
2026-04-27 19:53:49.440227,Berlin-60a2,-7,41,Normal
2026-04-27 19:53:50.440227,Berlin-60a2,-15,33,Normal
2026-04-27 19:53:51.440227,Berlin-60a2,36,69,Normal
2026-04-27 19:53:52.440227,Berlin-60a2,-24,63,Normal
2026-04-27 19:53:53.440227,Berlin-60a2,-20,52,Normal
2026-04-27 19:53:54.440227,Berlin-60a2,7,87,Normal
2026-04-27 19:53:55.440227,Berlin-60a2,-18,36,Normal
2026-04-27 19:53:56.440227,Berlin-60a2,23,67,Normal
2026-04-27 19:53:57.440227,Berlin-60a2,32,41,Normal
2026-04-27 19:53:58.440227,Berlin-60a2,1,86,Normal
2026-04-27 19:53:59.440227,Berlin-60a2,-18,41,Normal
2026-04-27 19:54:00.440227,Berlin-60a2,-16,50,Normal
2026-04-27 19:54:01.440227,Berlin-60a2,48,89,Normal
2026-04-27 19:54:02.440227,Berlin-60a2,1,79,Normal
2026-04-27 19:54:03.440227,Berlin-60a2,-13,54,Normal
2026-04-27 19:54:04.440227,Berlin-60a2,-10,51,Normal
2026-04-27 19:54:05.440227,Berlin-60a2,-11,70,Normal
2026-04-27 19:54:06.440227,Berlin-60a2,18,67,Normal
2026-04-27 19:54:07.440227,Berlin-60a2,-18,10,Normal
2026-04-27 19:54:08.440227,Berlin-60a2,-1,15,Normal
2026-04-27 19:54:09.440227,Berlin-60a2,23,6,Normal
2026-04-27 19:54:10.440227,Berlin-60a2,-11,98,Normal
2026-04-27 19:54:11.440227,Berlin-60a2,45,25,Normal
2026-04-27 19:54:12.440227,Berlin-60a2,6,72,Normal
2026-04-27 19:54:13.440227,Berlin-60a2,1,17,Normal
2026-04-27 19:54:14.440227,Berlin-60a2,-1,80,Normal
2026-04-27 19:54:15.440227,Berlin-60a2,-17,95,Normal
2026-04-27 19:54:16.440227,Berlin-60a2,35,3,Normal
2026-04-27 19:54:17.440227,Berlin-60a2,46,26,Normal
2026-04-27 19:54:18.440227,Berlin-60a2,25,74,Normal
2026-04-27 19:54:19.440227,Berlin-60a2,2,8,Normal
2026-04-27 19:54:20.440227,Berlin-60a2,35,74,Normal
2026-04-27 19:54:21.440227,Berlin-60a2,-5,85,Normal
2026-04-27 19:54:22.440227,Berlin-60a2,-16,27,Normal
2026-04-27 19:54:23.440227,Berlin-60a2,40,24,Normal
2026-04-27 19:54:24.440227,Berlin-60a2,-18,91,Normal
2026-04-27 19:54:25.440227,Berlin-60a2,6,4,Normal
2026-04-27 19:54:26.440227,Berlin-60a2,45,21,Normal
2026-04-27 19:54:27.440227,Berlin-60a2,25,37,Normal
2026-04-27 19:54:28.440227,Berlin-60a2,50,78,Normal
2026-04-27 19:54:29.440227,Berlin-60a2,21,17,Normal
2026-04-27 19:54:30.440227,Berlin-60a2,3,22,Normal
2026-04-27 19:54:31.440227,Berlin-60a2,-18,39,Normal
2026-04-27 19:54:32.440227,Berlin-60a2,31,21,Normal
2026-04-27 19:54:33.440227,Berlin-60a2,-30,91,Normal
2026-04-27 19:54:34.440227,Berlin-60a2,-27,7,Normal
2026-04-27 19:54:35.440227,Berlin-60a2,-29,43,Normal
2026-04-27 19:54:36.440227,Berlin-60a2,19,63,Normal
2026-04-27 19:54:37.440227,Berlin-60a2,-1,82,Normal
2026-04-27 19:54:38.440227,Berlin-60a2,44,60,Normal
2026-04-27 19:54:39.440227,Berlin-60a2,36,76,Normal
2026-04-27 19:54:40.440227,Berlin-60a2,23,34,Normal
2026-04-27 19:54:41.440227,Berlin-60a2,-20,42,Normal
2026-04-27 19:54:42.440227,Berlin-60a2,17,38,Normal
2026-04-27 19:54:43.440227,Berlin-60a2,23,9,Normal
2026-04-27 19:54:44.440227,Berlin-60a2,11,36,Normal
2026-04-27 19:54:45.440227,Berlin-60a2,9,80,Normal
2026-04-27 19:54:46.440227,Berlin-60a2,-15,20,Normal
2026-04-27 19:54:47.440227,Berlin-60a2,-1,77,Normal
2026-04-27 19:54:48.440227,Berlin-60a2,-9,24,Normal
2026-04-27 19:54:49.440227,Berlin-60a2,24,28,Normal
2026-04-27 19:54:50.440227,Berlin-60a2,10,90,Normal
2026-04-27 19:54:51.440227,Berlin-60a2,3,54,Normal
2026-04-27 19:54:52.440227,Berlin-60a2,-10,0,Normal
2026-04-27 19:54:53.440227,Berlin-60a2,-23,15,Normal
2026-04-27 19:54:54.440227,Berlin-60a2,27,53,Normal
2026-04-27 19:54:55.440227,Berlin-60a2,27,92,Normal
2026-04-27 19:54:56.440227,Berlin-60a2,-25,13,Normal
2026-04-27 19:54:57.440227,Berlin-60a2,-28,89,Normal
2026-04-27 19:54:58.440227,Berlin-60a2,-24,98,Normal
2026-04-27 19:54:59.440227,Berlin-60a2,33,47,Normal
2026-04-27 19:55:00.440227,Berlin-60a2,-27,2,Normal
2026-04-27 19:55:01.440227,Berlin-60a2,34,92,Normal
2026-04-27 19:55:02.440227,Berlin-60a2,25,93,Normal
2026-04-27 19:55:03.440227,Berlin-60a2,-6,27,Normal
2026-04-27 19:55:04.440227,Berlin-60a2,-18,69,Normal
2026-04-27 19:55:05.440227,Berlin-60a2,17,89,Normal
2026-04-27 19:55:06.440227,Berlin-60a2,16,64,Normal
2026-04-27 19:55:07.440227,Berlin-60a2,-6,4,Normal
2026-04-27 19:55:08.440227,Berlin-60a2,1,20,Normal
2026-04-27 19:55:09.440227,Berlin-60a2,15,8,Normal
2026-04-27 19:55:10.440227,Berlin-60a2,13,69,Normal
2026-04-27 19:55:11.440227,Berlin-60a2,21,62,Normal
2026-04-27 19:55:12.440227,Berlin-60a2,21,81,Normal
2026-04-27 19:55:13.440227,Berlin-60a2,41,79,Normal
2026-04-27 19:55:14.440227,Berlin-60a2,24,39,Normal
2026-04-27 19:55:15.440227,Berlin-60a2,41,98,Normal
2026-04-27 19:55:16.440227,Berlin-60a2,42,84,Normal
2026-04-27 19:55:17.440227,Berlin-60a2,-4,32,Normal
2026-04-27 19:55:18.440227,Berlin-60a2,-27,10,Normal
2026-04-27 19:55:19.440227,Berlin-60a2,40,77,Normal
2026-04-27 19:55:20.440227,Berlin-60a2,48,84,Normal
2026-04-27 19:55:21.440227,Berlin-60a2,-28,56,Normal
2026-04-27 19:55:22.440227,Berlin-60a2,-18,20,Normal
2026-04-27 19:55:23.440227,Berlin-60a2,45,77,Normal
2026-04-27 19:55:24.440227,Berlin-60a2,36,53,Normal
2026-04-27 19:55:25.440227,Berlin-60a2,-3,26,Normal
2026-04-27 19:55:26.440227,Berlin-60a2,-17,5,Normal
2026-04-27 19:55:27.440227,Berlin-60a2,26,64,Normal
2026-04-27 19:55:28.440227,Berlin-60a2,39,39,Normal
2026-04-27 19:55:29.440227,Berlin-60a2,-23,57,Normal
2026-04-27 19:55:30.440227,Berlin-60a2,8,73,Normal
2026-04-27 19:55:31.440227,Berlin-60a2,42,92,Normal
2026-04-27 19:55:32.440227,Berlin-60a2,29,84,Normal
2026-04-27 19:55:33.440227,Berlin-60a2,-25,31,Normal
2026-04-27 19:55:34.440227,Berlin-60a2,27,29,Normal
2026-04-27 19:55:35.440227,Berlin-60a2,43,46,Normal
2026-04-27 19:55:36.440227,Berlin-60a2,8,62,Normal
2026-04-27 19:55:37.440227,Berlin-60a2,7,50,Normal
2026-04-27 19:55:38.440227,Berlin-60a2,18,70,Normal
2026-04-27 19:55:39.440227,Berlin-60a2,-28,55,Normal
2026-04-27 19:55:40.440227,Berlin-60a2,48,81,Normal
2026-04-27 19:55:41.440227,Berlin-60a2,-26,78,Normal
2026-04-27 19:55:42.440227,Berlin-60a2,31,72,Normal
2026-04-27 19:55:43.440227,Berlin-60a2,39,17,Normal
2026-04-27 19:55:44.440227,Berlin-60a2,37,63,Normal
2026-04-27 19:55:45.440227,Berlin-60a2,14,50,Normal
2026-04-27 19:55:46.440227,Berlin-60a2,6,60,Normal
2026-04-27 19:55:47.440227,Berlin-60a2,-21,83,Normal
2026-04-27 19:55:48.440227,Berlin-60a2,46,23,Normal
2026-04-27 19:55:49.440227,Berlin-60a2,18,26,Normal
2026-04-27 19:55:50.440227,Berlin-60a2,2,69,Normal
2026-04-27 19:55:51.440227,Berlin-60a2,-29,51,Normal
2026-04-27 19:55:52.440227,Berlin-60a2,22,17,Normal
2026-04-27 19:55:53.440227,Berlin-60a2,16,60,Normal
2026-04-27 19:55:54.440227,Berlin-60a2,41,35,Normal
2026-04-27 19:55:55.440227,Berlin-60a2,-6,96,Normal
2026-04-27 19:55:56.440227,Berlin-60a2,-10,5,Normal
2026-04-27 19:55:57.440227,Berlin-60a2,-28,25,Normal
2026-04-27 19:55:58.440227,Berlin-60a2,-4,80,Normal
2026-04-27 19:55:59.440227,Berlin-60a2,22,39,Normal
2026-04-27 19:56:00.440227,Berlin-60a2,6,65,Normal
2026-04-27 19:56:01.440227,Berlin-60a2,-10,90,Normal
2026-04-27 19:56:02.440227,Berlin-60a2,-21,10,Normal
2026-04-27 19:56:03.440227,Berlin-60a2,43,88,Normal
2026-04-27 19:56:04.440227,Berlin-60a2,50,77,Normal
2026-04-27 19:56:05.440227,Berlin-60a2,-25,33,Normal
2026-04-27 19:56:06.440227,Berlin-60a2,0,81,Normal
2026-04-27 19:56:07.440227,Berlin-60a2,39,61,Normal
2026-04-27 19:56:08.440227,Berlin-60a2,18,43,Normal
2026-04-27 19:56:09.440227,Berlin-60a2,49,80,Normal
2026-04-27 19:56:10.440227,Berlin-60a2,20,36,Normal
2026-04-27 19:56:11.440227,Berlin-60a2,1,83,Normal
2026-04-27 19:56:12.440227,Berlin-60a2,-8,16,Normal
2026-04-27 19:56:13.440227,Berlin-60a2,-27,88,Normal
2026-04-27 19:56:14.440227,Berlin-60a2,13,0,Normal
2026-04-27 19:56:15.440227,Berlin-60a2,27,46,Normal
2026-04-27 19:56:16.440227,Berlin-60a2,0,59,Normal
2026-04-27 19:56:17.440227,Berlin-60a2,14,23,Normal
2026-04-27 19:56:18.440227,Berlin-60a2,-11,94,Normal
2026-04-27 19:56:19.440227,Berlin-60a2,0,74,Normal
2026-04-27 19:56:20.440227,Berlin-60a2,-20,98,Normal
2026-04-27 19:56:21.440227,Berlin-60a2,45,59,Normal
2026-04-27 19:56:22.440227,Berlin-60a2,19,61,Normal
2026-04-27 19:56:23.440227,Berlin-60a2,41,3,Normal
2026-04-27 19:56:24.440227,Berlin-60a2,42,92,Normal
2026-04-27 19:56:25.440227,Berlin-60a2,3,56,Normal
2026-04-27 19:56:26.440227,Berlin-60a2,-8,99,Normal
2026-04-27 19:56:27.440227,Berlin-60a2,-1,0,Normal
2026-04-27 19:56:28.440227,Berlin-60a2,-28,51,Normal
2026-04-27 19:56:29.440227,Berlin-60a2,24,100,Normal
2026-04-27 19:56:30.440227,Berlin-60a2,25,63,Normal
2026-04-27 19:56:31.440227,Berlin-60a2,7,44,Normal
2026-04-27 19:56:32.440227,Berlin-60a2,-7,68,Normal
2026-04-27 19:56:33.440227,Berlin-60a2,-12,47,Normal
2026-04-27 19:56:34.440227,Berlin-60a2,44,25,Normal
2026-04-27 19:56:35.440227,Berlin-60a2,7,23,Normal
2026-04-27 19:56:36.440227,Berlin-60a2,33,16,Normal
2026-04-27 19:56:37.440227,Berlin-60a2,15,80,Normal
2026-04-27 19:56:38.440227,Berlin-60a2,27,38,Normal
2026-04-27 19:56:39.440227,Berlin-60a2,-6,60,Normal
2026-04-27 19:56:40.440227,Berlin-60a2,-19,65,Normal
2026-04-27 19:56:41.440227,Berlin-60a2,-17,84,Normal
2026-04-27 19:56:42.440227,Berlin-60a2,7,30,Normal
2026-04-27 19:56:43.440227,Berlin-60a2,44,19,Normal
2026-04-27 19:56:44.440227,Berlin-60a2,-26,96,Normal
2026-04-27 19:56:45.440227,Berlin-60a2,36,67,Normal
2026-04-27 19:56:46.440227,Berlin-60a2,46,59,Normal
2026-04-27 19:56:47.440227,Berlin-60a2,7,34,Normal
2026-04-27 19:56:48.440227,Berlin-60a2,11,21,Normal
2026-04-27 19:56:49.440227,Berlin-60a2,25,93,Normal
2026-04-27 19:56:50.440227,Berlin-60a2,8,69,Normal
2026-04-27 19:56:51.440227,Berlin-60a2,44,33,Normal
2026-04-27 19:56:52.440227,Berlin-60a2,-21,73,Normal
2026-04-27 19:56:53.440227,Berlin-60a2,17,52,Normal
2026-04-27 19:56:54.440227,Berlin-60a2,-8,50,Normal
2026-04-27 19:56:55.440227,Berlin-60a2,30,71,Normal
2026-04-27 19:56:56.440227,Berlin-60a2,-10,100,Normal
2026-04-27 19:56:57.440227,Berlin-60a2,-18,47,Normal
2026-04-27 19:56:58.440227,Berlin-60a2,-11,98,Normal
2026-04-27 19:56:59.440227,Berlin-60a2,5,40,Normal
2026-04-27 19:57:00.440227,Berlin-60a2,-3,14,Normal
2026-04-27 19:57:01.440227,Berlin-60a2,-14,29,Normal
2026-04-27 19:57:02.440227,Berlin-60a2,21,72,Normal
2026-04-27 19:57:03.440227,Berlin-60a2,-9,47,Normal
2026-04-27 19:57:04.440227,Berlin-60a2,9,81,Normal
2026-04-27 19:57:05.440227,Berlin-60a2,1,42,Normal
2026-04-27 19:57:06.440227,Berlin-60a2,40,53,Normal
2026-04-27 19:57:07.440227,Berlin-60a2,18,46,Normal
2026-04-27 19:57:08.440227,Berlin-60a2,22,99,Normal
2026-04-27 19:57:09.440227,Berlin-60a2,-19,98,Normal
2026-04-27 19:57:10.440227,Berlin-60a2,1,19,Normal
2026-04-27 19:57:11.440227,Berlin-60a2,14,38,Normal
2026-04-27 19:57:12.440227,Berlin-60a2,-29,64,Normal
2026-04-27 19:57:13.440227,Berlin-60a2,35,44,Normal
2026-04-27 19:57:14.440227,Berlin-60a2,33,68,Normal
2026-04-27 19:57:15.440227,Berlin-60a2,1,41,Normal
2026-04-27 19:57:16.440227,Berlin-60a2,-4,44,Normal
2026-04-27 19:57:17.440227,Berlin-60a2,33,99,Normal
2026-04-27 19:57:18.440227,Berlin-60a2,43,12,Normal
2026-04-27 19:57:19.440227,Berlin-60a2,15,63,Normal
2026-04-27 19:57:20.440227,Berlin-60a2,19,59,Normal
2026-04-27 19:57:21.440227,Berlin-60a2,38,95,Normal
2026-04-27 19:57:22.440227,Berlin-60a2,14,87,Normal
2026-04-27 19:57:23.440227,Berlin-60a2,5,62,Normal
2026-04-27 19:57:24.440227,Berlin-60a2,30,42,Normal
2026-04-27 19:57:25.440227,Berlin-60a2,19,2,Normal
2026-04-27 19:57:26.440227,Berlin-60a2,-11,19,Normal
2026-04-27 19:57:27.440227,Berlin-60a2,36,20,Normal
2026-04-27 19:57:28.440227,Berlin-60a2,7,28,Normal
2026-04-27 19:57:29.440227,Berlin-60a2,-19,10,Normal
2026-04-27 19:57:30.440227,Berlin-60a2,-14,69,Normal
2026-04-27 19:57:31.440227,Berlin-60a2,11,96,Normal
2026-04-27 19:57:32.440227,Berlin-60a2,-27,59,Normal
2026-04-27 19:57:33.440227,Berlin-60a2,48,29,Normal
2026-04-27 19:57:34.440227,Berlin-60a2,39,1,Normal
2026-04-27 19:57:35.440227,Berlin-60a2,16,13,Normal
2026-04-27 19:57:36.440227,Berlin-60a2,21,45,Normal
2026-04-27 19:57:37.440227,Berlin-60a2,-8,45,Normal
2026-04-27 19:57:38.440227,Berlin-60a2,16,64,Normal
2026-04-27 19:57:39.440227,Berlin-60a2,9,91,Normal
2026-04-27 19:57:40.440227,Berlin-60a2,-27,3,Normal
2026-04-27 19:57:41.440227,Berlin-60a2,-21,77,Normal
2026-04-27 19:57:42.440227,Berlin-60a2,8,52,Normal
2026-04-27 19:57:43.440227,Berlin-60a2,-15,87,Normal
2026-04-27 19:57:44.440227,Berlin-60a2,7,23,Normal
2026-04-27 19:57:45.440227,Berlin-60a2,3,27,Normal
2026-04-27 19:57:46.440227,Berlin-60a2,-10,75,Normal
2026-04-27 19:57:47.440227,Berlin-60a2,36,9,Normal
2026-04-27 19:57:48.440227,Berlin-60a2,8,98,Normal
2026-04-27 19:57:49.440227,Berlin-60a2,22,32,Normal
2026-04-27 19:57:50.440227,Berlin-60a2,12,1,Normal
2026-04-27 19:57:51.440227,Berlin-60a2,14,52,Normal
2026-04-27 19:57:52.440227,Berlin-60a2,33,11,Normal
2026-04-27 19:57:53.440227,Berlin-60a2,36,75,Normal
2026-04-27 19:57:54.440227,Berlin-60a2,6,66,Normal
2026-04-27 19:57:55.440227,Berlin-60a2,39,94,Normal
2026-04-27 19:57:56.440227,Berlin-60a2,-24,87,Normal
2026-04-27 19:57:57.440227,Berlin-60a2,42,31,Normal
2026-04-27 19:57:58.440227,Berlin-60a2,-27,13,Normal
2026-04-27 19:57:59.440227,Berlin-60a2,-19,85,Normal
2026-04-27 19:58:00.440227,Berlin-60a2,-21,31,Normal
2026-04-27 19:58:01.440227,Berlin-60a2,-13,12,Normal
2026-04-27 19:58:02.440227,Berlin-60a2,12,6,Normal
2026-04-27 19:58:03.440227,Berlin-60a2,2,75,Normal
2026-04-27 19:58:04.440227,Berlin-60a2,24,8,Normal
2026-04-27 19:58:05.440227,Berlin-60a2,4,9,Normal
2026-04-27 19:58:06.440227,Berlin-60a2,12,55,Normal
2026-04-27 19:58:07.440227,Berlin-60a2,-2,51,Normal
2026-04-27 19:58:08.440227,Berlin-60a2,-14,55,Normal
2026-04-27 19:58:09.440227,Berlin-60a2,37,68,Normal
2026-04-27 19:58:10.440227,Berlin-60a2,-14,27,Normal
2026-04-27 19:58:11.440227,Berlin-60a2,5,49,Normal
2026-04-27 19:58:12.440227,Berlin-60a2,-6,55,Normal
2026-04-27 19:58:13.440227,Berlin-60a2,12,76,Normal
2026-04-27 19:58:14.440227,Berlin-60a2,15,3,Normal
2026-04-27 19:58:15.440227,Berlin-60a2,6,64,Normal
2026-04-27 19:58:16.440227,Berlin-60a2,-11,80,Normal
2026-04-27 19:58:17.440227,Berlin-60a2,-30,93,Normal
2026-04-27 19:58:18.440227,Berlin-60a2,-17,86,Normal
2026-04-27 19:58:19.440227,Berlin-60a2,28,42,Normal
2026-04-27 19:58:20.440227,Berlin-60a2,14,14,Normal
2026-04-27 19:58:21.440227,Berlin-60a2,28,82,Normal
2026-04-27 19:58:22.440227,Berlin-60a2,-11,10,Normal
2026-04-27 19:58:23.440227,Berlin-60a2,27,8,Normal
2026-04-27 19:58:24.440227,Berlin-60a2,41,38,Normal
2026-04-27 19:58:25.440227,Berlin-60a2,17,75,Normal
2026-04-27 19:58:26.440227,Berlin-60a2,-19,86,Normal
2026-04-27 19:58:27.440227,Berlin-60a2,44,87,Normal
2026-04-27 19:58:28.440227,Berlin-60a2,45,89,Normal
2026-04-27 19:58:29.440227,Berlin-60a2,-1,61,Normal
2026-04-27 19:58:30.440227,Berlin-60a2,40,0,Normal
2026-04-27 19:58:31.440227,Berlin-60a2,-13,76,Normal
2026-04-27 19:58:32.440227,Berlin-60a2,-23,30,Normal
2026-04-27 19:58:33.440227,Berlin-60a2,9,69,Normal
2026-04-27 19:58:34.440227,Berlin-60a2,18,73,Normal
2026-04-27 19:58:35.440227,Berlin-60a2,41,90,Normal
2026-04-27 19:58:36.440227,Berlin-60a2,-5,93,Normal
2026-04-27 19:58:37.440227,Berlin-60a2,31,11,Normal
2026-04-27 19:58:38.440227,Berlin-60a2,17,67,Normal
2026-04-27 19:58:39.440227,Berlin-60a2,1,58,Normal
2026-04-27 19:58:40.440227,Berlin-60a2,31,76,Normal
2026-04-27 19:58:41.440227,Berlin-60a2,-30,85,Normal
2026-04-27 19:58:42.440227,Berlin-60a2,40,28,Normal
2026-04-27 19:58:43.440227,Berlin-60a2,25,81,Normal
2026-04-27 19:58:44.440227,Berlin-60a2,19,51,Normal
2026-04-27 19:58:45.440227,Berlin-60a2,-22,53,Normal
2026-04-27 19:58:46.440227,Berlin-60a2,40,47,Normal
2026-04-27 19:58:47.440227,Berlin-60a2,11,93,Normal
2026-04-27 19:58:48.440227,Berlin-60a2,10,79,Normal
2026-04-27 19:58:49.440227,Berlin-60a2,-17,32,Normal
2026-04-27 19:58:50.440227,Berlin-60a2,39,14,Normal
2026-04-27 19:58:51.440227,Berlin-60a2,48,76,Normal
2026-04-27 19:58:52.440227,Berlin-60a2,-4,78,Normal
2026-04-27 19:58:53.440227,Berlin-60a2,15,50,Normal
2026-04-27 19:58:54.440227,Berlin-60a2,36,87,Normal
2026-04-27 19:58:55.440227,Berlin-60a2,43,69,Normal
2026-04-27 19:58:56.440227,Berlin-60a2,25,68,Normal
2026-04-27 19:58:57.440227,Berlin-60a2,-9,95,Normal
2026-04-27 19:58:58.440227,Berlin-60a2,20,14,Normal
2026-04-27 19:58:59.440227,Berlin-60a2,28,61,Normal
2026-04-27 19:59:00.440227,Berlin-60a2,18,62,Normal
2026-04-27 19:59:01.440227,Berlin-60a2,25,8,Normal
2026-04-27 19:59:02.440227,Berlin-60a2,6,44,Normal
2026-04-27 19:59:03.440227,Berlin-60a2,-24,72,Normal
2026-04-27 19:59:04.440227,Berlin-60a2,-26,31,Normal
2026-04-27 19:59:05.440227,Berlin-60a2,-27,87,Normal
2026-04-27 19:59:06.440227,Berlin-60a2,3,56,Normal
2026-04-27 19:59:07.440227,Berlin-60a2,-23,5,Normal
2026-04-27 19:59:08.440227,Berlin-60a2,37,75,Normal
2026-04-27 19:59:09.440227,Berlin-60a2,-9,58,Normal
2026-04-27 19:59:10.440227,Berlin-60a2,-8,74,Normal
2026-04-27 19:59:11.440227,Berlin-60a2,-12,59,Normal
2026-04-27 19:59:12.440227,Berlin-60a2,35,51,Normal
2026-04-27 19:59:13.440227,Berlin-60a2,19,69,Normal
2026-04-27 19:59:14.440227,Berlin-60a2,35,24,Normal
2026-04-27 19:59:15.440227,Berlin-60a2,46,61,Normal
2026-04-27 19:59:16.440227,Berlin-60a2,8,32,Normal
2026-04-27 19:59:17.440227,Berlin-60a2,-15,21,Normal
2026-04-27 19:59:18.440227,Berlin-60a2,22,90,Normal
2026-04-27 19:59:19.440227,Berlin-60a2,37,8,Normal
2026-04-27 19:59:20.440227,Berlin-60a2,-23,28,Normal
2026-04-27 19:59:21.440227,Berlin-60a2,28,62,Normal
2026-04-27 19:59:22.440227,Berlin-60a2,39,7,Normal
2026-04-27 19:59:23.440227,Berlin-60a2,27,97,Normal
2026-04-27 19:59:24.440227,Berlin-60a2,19,29,Normal
2026-04-27 19:59:25.440227,Berlin-60a2,14,73,Normal
2026-04-27 19:59:26.440227,Berlin-60a2,44,76,Normal
2026-04-27 19:59:27.440227,Berlin-60a2,20,3,Normal
2026-04-27 19:59:28.440227,Berlin-60a2,-10,9,Normal
2026-04-27 19:59:29.440227,Berlin-60a2,-17,65,Normal
2026-04-27 19:59:30.440227,Berlin-60a2,22,72,Normal
2026-04-27 19:59:31.440227,Berlin-60a2,-1,31,Normal
2026-04-27 19:59:32.440227,Berlin-60a2,43,53,Normal
2026-04-27 19:59:33.440227,Berlin-60a2,-23,87,Normal
2026-04-27 19:59:34.440227,Berlin-60a2,36,9,Normal
2026-04-27 19:59:35.440227,Berlin-60a2,-9,82,Normal
2026-04-27 19:59:36.440227,Berlin-60a2,15,95,Normal
2026-04-27 19:59:37.440227,Berlin-60a2,35,77,Normal
2026-04-27 19:59:38.440227,Berlin-60a2,28,96,Normal
2026-04-27 19:59:39.440227,Berlin-60a2,28,85,Normal
2026-04-27 19:59:40.440227,Berlin-60a2,12,42,Normal
2026-04-27 19:59:41.440227,Berlin-60a2,27,54,Normal
2026-04-27 19:59:42.440227,Berlin-60a2,-12,99,Normal
2026-04-27 19:59:43.440227,Berlin-60a2,22,6,Normal
2026-04-27 19:59:44.440227,Berlin-60a2,9,3,Normal
2026-04-27 19:59:45.440227,Berlin-60a2,4,92,Normal
2026-04-27 19:59:46.440227,Berlin-60a2,0,71,Normal
2026-04-27 19:59:47.440227,Berlin-60a2,30,49,Normal
2026-04-27 19:59:48.440227,Berlin-60a2,24,18,Normal
2026-04-27 19:59:49.440227,Berlin-60a2,31,58,Normal
2026-04-27 19:59:50.440227,Berlin-60a2,-3,73,Normal
2026-04-27 19:59:51.440227,Berlin-60a2,1,83,Normal
2026-04-27 19:59:52.440227,Berlin-60a2,23,0,Normal
2026-04-27 19:59:53.440227,Berlin-60a2,-1,65,Normal
2026-04-27 19:59:54.440227,Berlin-60a2,27,51,Normal
2026-04-27 19:59:55.440227,Berlin-60a2,-4,72,Normal
2026-04-27 19:59:56.440227,Berlin-60a2,41,13,Normal
2026-04-27 19:59:57.440227,Berlin-60a2,5,42,Normal
2026-04-27 19:59:58.440227,Berlin-60a2,-14,28,Normal
2026-04-27 19:59:59.440227,Berlin-60a2,-10,45,Normal
2026-04-27 20:00:00.440227,Berlin-60a2,-18,57,Normal
2026-04-27 20:00:01.440227,Berlin-60a2,-29,36,Normal
2026-04-27 20:00:02.440227,Berlin-60a2,3,25,Normal
2026-04-27 20:00:03.440227,Berlin-60a2,19,26,Normal
2026-04-27 20:00:04.440227,Berlin-60a2,20,3,Normal
2026-04-27 20:00:05.440227,Berlin-60a2,19,6,Normal
2026-04-27 20:00:06.440227,Berlin-60a2,-23,38,Normal
2026-04-27 20:00:07.440227,Berlin-60a2,-15,14,Normal
2026-04-27 20:00:08.440227,Berlin-60a2,22,31,Normal
2026-04-27 20:00:09.440227,Berlin-60a2,37,2,Normal
2026-04-27 20:00:10.440227,Berlin-60a2,-8,8,Normal
2026-04-27 20:00:11.440227,Berlin-60a2,29,42,Normal
2026-04-27 20:00:12.440227,Berlin-60a2,-10,22,Normal
2026-04-27 20:00:13.440227,Berlin-60a2,7,0,Normal
2026-04-27 20:00:14.440227,Berlin-60a2,2,72,Normal
2026-04-27 20:00:15.440227,Berlin-60a2,-11,7,Normal
2026-04-27 20:00:16.440227,Berlin-60a2,25,10,Normal
2026-04-27 20:00:17.440227,Berlin-60a2,9,66,Normal
2026-04-27 20:00:18.440227,Berlin-60a2,-1,80,Normal
2026-04-27 20:00:19.440227,Berlin-60a2,36,55,Normal
2026-04-27 20:00:20.440227,Berlin-60a2,17,47,Normal
2026-04-27 20:00:21.440227,Berlin-60a2,-18,20,Normal
2026-04-27 20:00:22.440227,Berlin-60a2,-6,78,Normal
2026-04-27 20:00:23.440227,Berlin-60a2,27,26,Normal
2026-04-27 20:00:24.440227,Berlin-60a2,-10,54,Normal
2026-04-27 20:00:25.440227,Berlin-60a2,-8,3,Normal
2026-04-27 20:00:26.440227,Berlin-60a2,-19,49,Normal
2026-04-27 20:00:27.440227,Berlin-60a2,-10,18,Normal
2026-04-27 20:00:28.440227,Berlin-60a2,35,56,Normal
2026-04-27 20:00:29.440227,Berlin-60a2,10,25,Normal
2026-04-27 20:00:30.440227,Berlin-60a2,43,62,Normal
2026-04-27 20:00:31.440227,Berlin-60a2,17,3,Normal
2026-04-27 20:00:32.440227,Berlin-60a2,-15,7,Normal
2026-04-27 20:00:33.440227,Berlin-60a2,35,80,Normal
2026-04-27 20:00:34.440227,Berlin-60a2,4,78,Normal
2026-04-27 20:00:35.440227,Berlin-60a2,26,52,Normal
2026-04-27 20:00:36.440227,Berlin-60a2,2,69,Normal
2026-04-27 20:00:37.440227,Berlin-60a2,27,42,Normal
2026-04-27 20:00:38.440227,Berlin-60a2,19,0,Normal
2026-04-27 20:00:39.440227,Berlin-60a2,5,59,Normal
2026-04-27 20:00:40.440227,Berlin-60a2,5,49,Normal
2026-04-27 20:00:41.440227,Berlin-60a2,24,57,Normal
2026-04-27 20:00:42.440227,Berlin-60a2,6,77,Normal
2026-04-27 20:00:43.440227,Berlin-60a2,5,45,Normal
2026-04-27 20:00:44.440227,Berlin-60a2,-7,60,Normal
2026-04-27 20:00:45.440227,Berlin-60a2,-21,79,Normal
2026-04-27 20:00:46.440227,Berlin-60a2,44,33,Normal
2026-04-27 20:00:47.440227,Berlin-60a2,43,68,Normal
2026-04-27 20:00:48.440227,Berlin-60a2,-23,56,Normal
2026-04-27 20:00:49.440227,Berlin-60a2,-19,86,Normal
2026-04-27 20:00:50.440227,Berlin-60a2,-18,31,Normal
2026-04-27 20:00:51.440227,Berlin-60a2,28,85,Normal
2026-04-27 20:00:52.440227,Berlin-60a2,-8,18,Normal
2026-04-27 20:00:53.440227,Berlin-60a2,45,3,Normal
2026-04-27 20:00:54.440227,Berlin-60a2,24,34,Normal
2026-04-27 20:00:55.440227,Berlin-60a2,8,7,Normal
2026-04-27 20:00:56.440227,Berlin-60a2,-2,4,Normal
2026-04-27 20:00:57.440227,Berlin-60a2,33,25,Normal
2026-04-27 20:00:58.440227,Berlin-60a2,15,86,Normal
2026-04-27 20:00:59.440227,Berlin-60a2,7,8,Normal
2026-04-27 20:01:00.440227,Berlin-60a2,5,69,Normal
2026-04-27 20:01:01.440227,Berlin-60a2,-28,32,Normal
2026-04-27 20:01:02.440227,Berlin-60a2,-24,75,Normal
2026-04-27 20:01:03.440227,Berlin-60a2,-25,92,Normal
2026-04-27 20:01:04.440227,Berlin-60a2,27,63,Normal
2026-04-27 20:01:05.440227,Berlin-60a2,-18,39,Normal
2026-04-27 20:01:06.440227,Berlin-60a2,-5,13,Normal
2026-04-27 20:01:07.440227,Berlin-60a2,39,55,Normal
2026-04-27 20:01:08.440227,Berlin-60a2,15,6,Normal
2026-04-27 20:01:09.440227,Berlin-60a2,20,23,Normal
2026-04-27 20:01:10.440227,Berlin-60a2,-23,81,Normal
2026-04-27 20:01:11.440227,Berlin-60a2,47,64,Normal
2026-04-27 20:01:12.440227,Berlin-60a2,32,2,Normal
2026-04-27 20:01:13.440227,Berlin-60a2,-20,13,Normal
2026-04-27 20:01:14.440227,Berlin-60a2,50,99,Normal
2026-04-27 20:01:15.440227,Berlin-60a2,43,65,Normal
2026-04-27 20:01:16.440227,Berlin-60a2,-28,41,Normal
2026-04-27 20:01:17.440227,Berlin-60a2,-6,77,Normal
2026-04-27 20:01:18.440227,Berlin-60a2,-27,15,Normal
2026-04-27 20:01:19.440227,Berlin-60a2,-16,9,Normal
2026-04-27 20:01:20.440227,Berlin-60a2,14,90,Normal
2026-04-27 20:01:21.440227,Berlin-60a2,16,26,Normal
2026-04-27 20:01:22.440227,Berlin-60a2,41,63,Normal
2026-04-27 20:01:23.440227,Berlin-60a2,-16,53,Normal
2026-04-27 20:01:24.440227,Berlin-60a2,44,87,Normal
2026-04-27 20:01:25.440227,Berlin-60a2,-18,71,Normal
2026-04-27 20:01:26.440227,Berlin-60a2,-3,2,Normal
2026-04-27 20:01:27.440227,Berlin-60a2,50,35,Normal
2026-04-27 20:01:28.440227,Berlin-60a2,-22,35,Normal
2026-04-27 20:01:29.440227,Berlin-60a2,-2,32,Normal
2026-04-27 20:01:30.440227,Berlin-60a2,-27,37,Normal
2026-04-27 20:01:31.440227,Berlin-60a2,11,48,Normal
2026-04-27 20:01:32.440227,Berlin-60a2,40,19,Normal
2026-04-27 20:01:33.440227,Berlin-60a2,45,94,Normal
2026-04-27 20:01:34.440227,Berlin-60a2,39,63,Normal
2026-04-27 20:01:35.440227,Berlin-60a2,38,56,Normal
2026-04-27 20:01:36.440227,Berlin-60a2,-27,68,Normal
2026-04-27 20:01:37.440227,Berlin-60a2,32,54,Normal
2026-04-27 20:01:38.440227,Berlin-60a2,8,89,Normal
2026-04-27 20:01:39.440227,Berlin-60a2,-21,28,Normal
2026-04-27 20:01:40.440227,Berlin-60a2,39,26,Normal
2026-04-27 20:01:41.440227,Berlin-60a2,50,28,Normal
2026-04-27 20:01:42.440227,Berlin-60a2,22,23,Normal
2026-04-27 20:01:43.440227,Berlin-60a2,-30,89,Normal
2026-04-27 20:01:44.440227,Berlin-60a2,-18,72,Normal
2026-04-27 20:01:45.440227,Berlin-60a2,-9,76,Normal
2026-04-27 20:01:46.440227,Berlin-60a2,28,89,Normal
2026-04-27 20:01:47.440227,Berlin-60a2,31,84,Normal
2026-04-27 20:01:48.440227,Berlin-60a2,41,88,Normal
2026-04-27 20:01:49.440227,Berlin-60a2,48,30,Normal
2026-04-27 20:01:50.440227,Berlin-60a2,-21,36,Normal
2026-04-27 20:01:51.440227,Berlin-60a2,33,100,Normal
2026-04-27 20:01:52.440227,Berlin-60a2,0,35,Normal
2026-04-27 20:01:53.440227,Berlin-60a2,25,15,Normal
2026-04-27 20:01:54.440227,Berlin-60a2,-19,55,Normal
2026-04-27 20:01:55.440227,Berlin-60a2,41,15,Normal
2026-04-27 20:01:56.440227,Berlin-60a2,-1,29,Normal
2026-04-27 20:01:57.440227,Berlin-60a2,27,90,Normal
2026-04-27 20:01:58.440227,Berlin-60a2,-25,56,Normal
2026-04-27 20:01:59.440227,Berlin-60a2,-27,86,Normal
2026-04-27 20:02:00.440227,Berlin-60a2,17,67,Normal
2026-04-27 20:02:01.440227,Berlin-60a2,-18,69,Normal
2026-04-27 20:02:02.440227,Berlin-60a2,0,83,Normal
2026-04-27 20:02:03.440227,Berlin-60a2,46,61,Normal
2026-04-27 20:02:04.440227,Berlin-60a2,-19,88,Normal
2026-04-27 20:02:05.440227,Berlin-60a2,11,49,Normal
2026-04-27 20:02:06.440227,Berlin-60a2,-22,77,Normal
2026-04-27 20:02:07.440227,Berlin-60a2,10,38,Normal
2026-04-27 20:02:08.440227,Berlin-60a2,32,44,Normal
2026-04-27 20:02:09.440227,Berlin-60a2,36,95,Normal
2026-04-27 20:02:10.440227,Berlin-60a2,33,55,Normal
2026-04-27 20:02:11.440227,Berlin-60a2,-23,35,Normal
2026-04-27 20:02:12.440227,Berlin-60a2,30,13,Normal
2026-04-27 20:02:13.440227,Berlin-60a2,8,10,Normal
2026-04-27 20:02:14.440227,Berlin-60a2,-10,80,Normal
2026-04-27 20:02:15.440227,Berlin-60a2,18,75,Normal
2026-04-27 20:02:16.440227,Berlin-60a2,47,80,Normal
2026-04-27 20:02:17.440227,Berlin-60a2,4,11,Normal
2026-04-27 20:02:18.440227,Berlin-60a2,48,64,Normal
2026-04-27 20:02:19.440227,Berlin-60a2,18,60,Normal
2026-04-27 20:02:20.440227,Berlin-60a2,-11,8,Normal
2026-04-27 20:02:21.440227,Berlin-60a2,-19,22,Normal
2026-04-27 20:02:22.440227,Berlin-60a2,45,100,Normal
2026-04-27 20:02:23.440227,Berlin-60a2,11,25,Normal
2026-04-27 20:02:24.440227,Berlin-60a2,2,87,Normal
2026-04-27 20:02:25.440227,Berlin-60a2,16,56,Normal
2026-04-27 20:02:26.440227,Berlin-60a2,42,78,Normal
2026-04-27 20:02:27.440227,Berlin-60a2,-1,96,Normal
2026-04-27 20:02:28.440227,Berlin-60a2,-23,9,Normal
2026-04-27 20:02:29.440227,Berlin-60a2,10,20,Normal
2026-04-27 20:02:30.440227,Berlin-60a2,30,75,Normal
2026-04-27 20:02:31.440227,Berlin-60a2,31,47,Normal
2026-04-27 20:02:32.440227,Berlin-60a2,23,19,Normal
2026-04-27 20:02:33.440227,Berlin-60a2,-29,10,Normal
2026-04-27 20:02:34.440227,Berlin-60a2,30,39,Normal
2026-04-27 20:02:35.440227,Berlin-60a2,-25,65,Normal
2026-04-27 20:02:36.440227,Berlin-60a2,-18,93,Normal
2026-04-27 20:02:37.440227,Berlin-60a2,3,92,Normal
2026-04-27 20:02:38.440227,Berlin-60a2,10,49,Normal
2026-04-27 20:02:39.440227,Berlin-60a2,-12,62,Normal
2026-04-27 20:02:40.440227,Berlin-60a2,11,48,Normal
2026-04-27 20:02:41.440227,Berlin-60a2,18,96,Normal
2026-04-27 20:02:42.440227,Berlin-60a2,42,93,Normal
2026-04-27 20:02:43.440227,Berlin-60a2,10,5,Normal
2026-04-27 20:02:44.440227,Berlin-60a2,-8,12,Normal
2026-04-27 20:02:45.440227,Berlin-60a2,43,99,Normal
2026-04-27 20:02:46.440227,Berlin-60a2,-16,21,Normal
2026-04-27 20:02:47.440227,Berlin-60a2,-2,14,Normal
2026-04-27 20:02:48.440227,Berlin-60a2,1,31,Normal
2026-04-27 20:02:49.440227,Berlin-60a2,28,98,Normal
2026-04-27 20:02:50.440227,Berlin-60a2,2,10,Normal
2026-04-27 20:02:51.440227,Berlin-60a2,24,48,Normal
2026-04-27 20:02:52.440227,Berlin-60a2,30,47,Normal
2026-04-27 20:02:53.440227,Berlin-60a2,14,28,Normal
2026-04-27 20:02:54.440227,Berlin-60a2,18,4,Normal
2026-04-27 20:02:55.440227,Berlin-60a2,33,31,Normal
2026-04-27 20:02:56.440227,Berlin-60a2,-7,90,Normal
2026-04-27 20:02:57.440227,Berlin-60a2,14,64,Normal
2026-04-27 20:02:58.440227,Berlin-60a2,-4,82,Normal
2026-04-27 20:02:59.440227,Berlin-60a2,30,91,Normal
2026-04-27 20:03:00.440227,Berlin-60a2,42,49,Normal
2026-04-27 20:03:01.440227,Berlin-60a2,-7,53,Normal
2026-04-27 20:03:02.440227,Berlin-60a2,41,59,Normal
2026-04-27 20:03:03.440227,Berlin-60a2,50,84,Normal
2026-04-27 20:03:04.440227,Berlin-60a2,46,38,Normal
2026-04-27 20:03:05.440227,Berlin-60a2,6,25,Normal
2026-04-27 20:03:06.440227,Berlin-60a2,-25,9,Normal
2026-04-27 20:03:07.440227,Berlin-60a2,19,8,Normal
2026-04-27 20:03:08.440227,Berlin-60a2,23,73,Normal
2026-04-27 20:03:09.440227,Berlin-60a2,11,94,Normal
2026-04-27 20:03:10.440227,Berlin-60a2,22,97,Normal
2026-04-27 20:03:11.440227,Berlin-60a2,25,55,Normal
2026-04-27 20:03:12.440227,Berlin-60a2,24,85,Normal
2026-04-27 20:03:13.440227,Berlin-60a2,-20,37,Normal
2026-04-27 20:03:14.440227,Berlin-60a2,-5,60,Normal
2026-04-27 20:03:15.440227,Berlin-60a2,-17,45,Normal
2026-04-27 20:03:16.440227,Berlin-60a2,-27,35,Normal
2026-04-27 20:03:17.440227,Berlin-60a2,29,49,Normal
2026-04-27 20:03:18.440227,Berlin-60a2,-22,65,Normal
2026-04-27 20:03:19.440227,Berlin-60a2,12,81,Normal
2026-04-27 20:03:20.440227,Berlin-60a2,25,64,Normal
2026-04-27 20:03:21.440227,Berlin-60a2,28,90,Normal
2026-04-27 20:03:22.440227,Berlin-60a2,47,17,Normal
2026-04-27 20:03:23.440227,Berlin-60a2,-17,11,Normal
2026-04-27 20:03:24.440227,Berlin-60a2,-30,94,Normal
2026-04-27 20:03:25.440227,Berlin-60a2,7,7,Normal
2026-04-27 20:03:26.440227,Berlin-60a2,13,100,Normal
2026-04-27 20:03:27.440227,Berlin-60a2,-11,99,Normal
2026-04-27 20:03:28.440227,Berlin-60a2,20,84,Normal
2026-04-27 20:03:29.440227,Berlin-60a2,16,27,Normal
2026-04-27 20:03:30.440227,Berlin-60a2,-8,35,Normal
2026-04-27 20:03:31.440227,Berlin-60a2,19,0,Normal
2026-04-27 20:03:32.440227,Berlin-60a2,24,58,Normal
2026-04-27 20:03:33.440227,Berlin-60a2,45,31,Normal
2026-04-27 20:03:34.440227,Berlin-60a2,35,10,Normal
2026-04-27 20:03:35.440227,Berlin-60a2,19,36,Normal
2026-04-27 20:03:36.440227,Berlin-60a2,-28,43,Normal
2026-04-27 20:03:37.440227,Berlin-60a2,23,32,Normal
2026-04-27 20:03:38.440227,Berlin-60a2,45,98,Normal
2026-04-27 20:03:39.440227,Berlin-60a2,-16,18,Normal
2026-04-27 20:03:40.440227,Berlin-60a2,-4,87,Normal
2026-04-27 20:03:41.440227,Berlin-60a2,34,67,Normal
2026-04-27 20:03:42.440227,Berlin-60a2,-4,89,Normal
2026-04-27 20:03:43.440227,Berlin-60a2,-11,20,Normal
2026-04-27 20:03:44.440227,Berlin-60a2,-8,19,Normal
2026-04-27 20:03:45.440227,Berlin-60a2,13,96,Normal
2026-04-27 20:03:46.440227,Berlin-60a2,-18,22,Normal
2026-04-27 20:03:47.440227,Berlin-60a2,-10,14,Normal
2026-04-27 20:03:48.440227,Berlin-60a2,-25,14,Normal
2026-04-27 20:03:49.440227,Berlin-60a2,-29,62,Normal
2026-04-27 20:03:50.440227,Berlin-60a2,-14,8,Normal
2026-04-27 20:03:51.440227,Berlin-60a2,-23,99,Normal
2026-04-27 20:03:52.440227,Berlin-60a2,17,75,Normal
2026-04-27 20:03:53.440227,Berlin-60a2,46,10,Normal
2026-04-27 20:03:54.440227,Berlin-60a2,-3,50,Normal
2026-04-27 20:03:55.440227,Berlin-60a2,13,72,Normal
2026-04-27 20:03:56.440227,Berlin-60a2,-29,56,Normal
2026-04-27 20:03:57.440227,Berlin-60a2,5,35,Normal
2026-04-27 20:03:58.440227,Berlin-60a2,-17,75,Normal
2026-04-27 20:03:59.440227,Berlin-60a2,0,73,Normal
2026-04-27 20:04:00.440227,Berlin-60a2,36,44,Normal
2026-04-27 20:04:01.440227,Berlin-60a2,-10,29,Normal
2026-04-27 20:04:02.440227,Berlin-60a2,-13,25,Normal
2026-04-27 20:04:03.440227,Berlin-60a2,-17,51,Normal
2026-04-27 20:04:04.440227,Berlin-60a2,34,97,Normal
2026-04-27 20:04:05.440227,Berlin-60a2,18,16,Normal
2026-04-27 20:04:06.440227,Berlin-60a2,8,45,Normal
2026-04-27 20:04:07.440227,Berlin-60a2,5,9,Normal
2026-04-27 20:04:08.440227,Berlin-60a2,-22,34,Normal
2026-04-27 20:04:09.440227,Berlin-60a2,3,69,Normal
2026-04-27 20:04:10.440227,Berlin-60a2,13,67,Normal
2026-04-27 20:04:11.440227,Berlin-60a2,-17,5,Normal
2026-04-27 20:04:12.440227,Berlin-60a2,46,7,Normal
2026-04-27 20:04:13.440227,Berlin-60a2,-20,88,Normal
2026-04-27 20:04:14.440227,Berlin-60a2,42,91,Normal
2026-04-27 20:04:15.440227,Berlin-60a2,19,67,Normal
2026-04-27 20:04:16.440227,Berlin-60a2,18,72,Normal
2026-04-27 20:04:17.440227,Berlin-60a2,34,94,Normal
2026-04-27 20:04:18.440227,Berlin-60a2,-1,35,Normal
2026-04-27 20:04:19.440227,Berlin-60a2,33,22,Normal
2026-04-27 20:04:20.440227,Berlin-60a2,45,77,Normal
2026-04-27 20:04:21.440227,Berlin-60a2,-18,40,Normal
2026-04-27 20:04:22.440227,Berlin-60a2,16,68,Normal
2026-04-27 20:04:23.440227,Berlin-60a2,-13,17,Normal
2026-04-27 20:04:24.440227,Berlin-60a2,-20,18,Normal
2026-04-27 20:04:25.440227,Berlin-60a2,7,9,Normal
2026-04-27 20:04:26.440227,Berlin-60a2,43,100,Normal
2026-04-27 20:04:27.440227,Berlin-60a2,-30,27,Normal
2026-04-27 20:04:28.440227,Berlin-60a2,11,21,Normal
2026-04-27 20:04:29.440227,Berlin-60a2,-11,58,Normal
2026-04-27 20:04:30.440227,Berlin-60a2,6,20,Normal
2026-04-27 20:04:31.440227,Berlin-60a2,13,60,Normal
2026-04-27 20:04:32.440227,Berlin-60a2,-27,74,Normal
2026-04-27 20:04:33.440227,Berlin-60a2,-28,73,Normal
2026-04-27 20:04:34.440227,Berlin-60a2,28,95,Normal
2026-04-27 20:04:35.440227,Berlin-60a2,-4,2,Normal
2026-04-27 20:04:36.440227,Berlin-60a2,33,44,Normal
2026-04-27 20:04:37.440227,Berlin-60a2,-9,64,Normal
2026-04-27 20:04:38.440227,Berlin-60a2,-16,45,Normal
2026-04-27 20:04:39.440227,Berlin-60a2,28,73,Normal
2026-04-27 20:04:40.440227,Berlin-60a2,12,57,Normal
2026-04-27 20:04:41.440227,Berlin-60a2,30,66,Normal
2026-04-27 20:04:42.440227,Berlin-60a2,9,57,Normal
2026-04-27 20:04:43.440227,Berlin-60a2,41,90,Normal
2026-04-27 20:04:44.440227,Berlin-60a2,31,51,Normal
2026-04-27 20:04:45.440227,Berlin-60a2,24,21,Normal
2026-04-27 20:04:46.440227,Berlin-60a2,22,13,Normal
2026-04-27 20:04:47.440227,Berlin-60a2,-6,71,Normal
2026-04-27 20:04:48.440227,Berlin-60a2,14,32,Normal
2026-04-27 20:04:49.440227,Berlin-60a2,9,23,Normal
2026-04-27 20:04:50.440227,Berlin-60a2,16,41,Normal
2026-04-27 20:04:51.440227,Berlin-60a2,22,4,Normal
2026-04-27 20:04:52.440227,Berlin-60a2,21,90,Normal
2026-04-27 20:04:53.440227,Berlin-60a2,-9,16,Normal
2026-04-27 20:04:54.440227,Berlin-60a2,-29,12,Normal
2026-04-27 20:04:55.440227,Berlin-60a2,38,45,Normal
2026-04-27 20:04:56.440227,Berlin-60a2,15,26,Normal
2026-04-27 20:04:57.440227,Berlin-60a2,43,66,Normal
2026-04-27 20:04:58.440227,Berlin-60a2,17,99,Normal
2026-04-27 20:04:59.440227,Berlin-60a2,12,7,Normal
2026-04-27 20:05:00.440227,Berlin-60a2,23,98,Normal
2026-04-27 20:05:01.440227,Berlin-60a2,39,40,Normal
2026-04-27 20:05:02.440227,Berlin-60a2,-3,79,Normal
2026-04-27 20:05:03.440227,Berlin-60a2,-24,58,Normal
2026-04-27 20:05:04.440227,Berlin-60a2,34,83,Normal
2026-04-27 20:05:05.440227,Berlin-60a2,25,8,Normal
2026-04-27 20:05:06.440227,Berlin-60a2,38,86,Normal
2026-04-27 20:05:07.440227,Berlin-60a2,-30,21,Normal
2026-04-27 20:05:08.440227,Berlin-60a2,-11,72,Normal
2026-04-27 20:05:09.440227,Berlin-60a2,-14,100,Normal
2026-04-27 20:05:10.440227,Berlin-60a2,48,78,Normal
2026-04-27 20:05:11.440227,Berlin-60a2,3,71,Normal
2026-04-27 20:05:12.440227,Berlin-60a2,4,4,Normal
2026-04-27 20:05:13.440227,Berlin-60a2,-23,20,Normal
2026-04-27 20:05:14.440227,Berlin-60a2,-6,47,Normal
2026-04-27 20:05:15.440227,Berlin-60a2,12,51,Normal
2026-04-27 20:05:16.440227,Berlin-60a2,45,86,Normal
2026-04-27 20:05:17.440227,Berlin-60a2,41,88,Normal
2026-04-27 20:05:18.440227,Berlin-60a2,-6,45,Normal
2026-04-27 20:05:19.440227,Berlin-60a2,15,94,Normal
2026-04-27 20:05:20.440227,Berlin-60a2,31,72,Normal
2026-04-27 20:05:21.440227,Berlin-60a2,7,24,Normal
2026-04-27 20:05:22.440227,Berlin-60a2,-12,80,Normal
2026-04-27 20:05:23.440227,Berlin-60a2,44,72,Normal
2026-04-27 20:05:24.440227,Berlin-60a2,-18,89,Normal
2026-04-27 20:05:25.440227,Berlin-60a2,32,95,Normal
2026-04-27 20:05:26.440227,Berlin-60a2,9,17,Normal
2026-04-27 20:05:27.440227,Berlin-60a2,36,85,Normal
2026-04-27 20:05:28.440227,Berlin-60a2,-17,50,Normal
2026-04-27 20:05:29.440227,Berlin-60a2,31,29,Normal
2026-04-27 20:05:30.440227,Berlin-60a2,34,58,Normal
2026-04-27 20:05:31.440227,Berlin-60a2,45,54,Normal
2026-04-27 20:05:32.440227,Berlin-60a2,13,85,Normal
2026-04-27 20:05:33.440227,Berlin-60a2,-29,31,Normal
2026-04-27 20:05:34.440227,Berlin-60a2,1,24,Normal
2026-04-27 20:05:35.440227,Berlin-60a2,30,41,Normal
2026-04-27 20:05:36.440227,Berlin-60a2,-13,16,Normal
2026-04-27 20:05:37.440227,Berlin-60a2,-23,93,Normal
2026-04-27 20:05:38.440227,Berlin-60a2,33,88,Normal
2026-04-27 20:05:39.440227,Berlin-60a2,45,62,Normal
2026-04-27 20:05:40.440227,Berlin-60a2,2,20,Normal
2026-04-27 20:05:41.440227,Berlin-60a2,-19,36,Normal
2026-04-27 20:05:42.440227,Berlin-60a2,38,29,Normal
2026-04-27 20:05:43.440227,Berlin-60a2,8,55,Normal
2026-04-27 20:05:44.440227,Berlin-60a2,-10,56,Normal
2026-04-27 20:05:45.440227,Berlin-60a2,45,92,Normal
2026-04-27 20:05:46.440227,Berlin-60a2,7,20,Normal
2026-04-27 20:05:47.440227,Berlin-60a2,41,7,Normal
2026-04-27 20:05:48.440227,Berlin-60a2,18,47,Normal
2026-04-27 20:05:49.440227,Berlin-60a2,36,71,Normal
2026-04-27 20:05:50.440227,Berlin-60a2,0,12,Normal
2026-04-27 20:05:51.440227,Berlin-60a2,-29,79,Normal
2026-04-27 20:05:52.440227,Berlin-60a2,18,96,Normal
2026-04-27 20:05:53.440227,Berlin-60a2,-13,30,Normal
2026-04-27 20:05:54.440227,Berlin-60a2,10,15,Normal
2026-04-27 20:05:55.440227,Berlin-60a2,15,76,Normal
2026-04-27 20:05:56.440227,Berlin-60a2,41,65,Normal
2026-04-27 20:05:57.440227,Berlin-60a2,32,35,Normal
2026-04-27 20:05:58.440227,Berlin-60a2,-7,22,Normal
2026-04-27 20:05:59.440227,Berlin-60a2,47,45,Normal
2026-04-27 20:06:00.440227,Berlin-60a2,20,37,Normal
2026-04-27 20:06:01.440227,Berlin-60a2,16,12,Normal
2026-04-27 20:06:02.440227,Berlin-60a2,36,65,Normal
2026-04-27 20:06:03.440227,Berlin-60a2,2,61,Normal
2026-04-27 20:06:04.440227,Berlin-60a2,-25,98,Normal
2026-04-27 20:06:05.440227,Berlin-60a2,-21,20,Normal
2026-04-27 20:06:06.440227,Berlin-60a2,-30,54,Normal
2026-04-27 20:06:07.440227,Berlin-60a2,36,6,Normal
2026-04-27 20:06:08.440227,Berlin-60a2,-22,52,Normal
2026-04-27 20:06:09.440227,Berlin-60a2,-10,84,Normal
2026-04-27 20:06:10.440227,Berlin-60a2,22,93,Normal
2026-04-27 20:06:11.440227,Berlin-60a2,18,38,Normal
2026-04-27 20:06:12.440227,Berlin-60a2,-27,49,Normal
2026-04-27 20:06:13.440227,Berlin-60a2,45,61,Normal
2026-04-27 20:06:14.440227,Berlin-60a2,13,43,Normal
2026-04-27 20:06:15.440227,Berlin-60a2,22,22,Normal
2026-04-27 20:06:16.440227,Berlin-60a2,-20,14,Normal
2026-04-27 20:06:17.440227,Berlin-60a2,35,13,Normal
2026-04-27 20:06:18.440227,Berlin-60a2,33,47,Normal
2026-04-27 20:06:19.440227,Berlin-60a2,32,16,Normal
2026-04-27 20:06:20.440227,Berlin-60a2,44,99,Normal
2026-04-27 20:06:21.440227,Berlin-60a2,-15,33,Normal
2026-04-27 20:06:22.440227,Berlin-60a2,-28,96,Normal
2026-04-27 20:06:23.440227,Berlin-60a2,17,66,Normal
2026-04-27 20:06:24.440227,Berlin-60a2,1,79,Normal
2026-04-27 20:06:25.440227,Berlin-60a2,24,55,Normal
2026-04-27 20:06:26.440227,Berlin-60a2,23,80,Normal
2026-04-27 20:06:27.440227,Berlin-60a2,47,16,Normal
2026-04-27 20:06:28.440227,Berlin-60a2,14,82,Normal
2026-04-27 20:06:29.440227,Berlin-60a2,-15,1,Normal
2026-04-27 20:06:30.440227,Berlin-60a2,31,30,Normal
2026-04-27 20:06:31.440227,Berlin-60a2,-21,41,Normal
2026-04-27 20:06:32.440227,Berlin-60a2,6,51,Normal
2026-04-27 20:06:33.440227,Berlin-60a2,-17,64,Normal
2026-04-27 20:06:34.440227,Berlin-60a2,19,22,Normal
2026-04-27 20:06:35.440227,Berlin-60a2,-11,85,Normal
2026-04-27 20:06:36.440227,Berlin-60a2,-23,34,Normal
2026-04-27 20:06:37.440227,Berlin-60a2,8,31,Normal
2026-04-27 20:06:38.440227,Berlin-60a2,-30,66,Normal
2026-04-27 20:06:39.440227,Berlin-60a2,25,58,Normal
2026-04-27 20:06:40.440227,Berlin-60a2,32,81,Normal
2026-04-27 20:06:41.440227,Berlin-60a2,45,56,Normal
2026-04-27 20:06:42.440227,Berlin-60a2,12,55,Normal
2026-04-27 20:06:43.440227,Berlin-60a2,28,52,Normal
2026-04-27 20:06:44.440227,Berlin-60a2,-1,73,Normal
2026-04-27 20:06:45.440227,Berlin-60a2,-19,4,Normal
2026-04-27 20:06:46.440227,Berlin-60a2,-15,35,Normal
2026-04-27 20:06:47.440227,Berlin-60a2,50,68,Normal
2026-04-27 20:06:48.440227,Berlin-60a2,21,38,Normal
2026-04-27 20:06:49.440227,Berlin-60a2,-11,74,Normal
2026-04-27 20:06:50.440227,Berlin-60a2,-18,15,Normal
2026-04-27 20:06:51.440227,Berlin-60a2,44,60,Normal
2026-04-27 20:06:52.440227,Berlin-60a2,8,43,Normal
2026-04-27 20:06:53.440227,Berlin-60a2,0,8,Normal
2026-04-27 20:06:54.440227,Berlin-60a2,37,65,Normal
2026-04-27 20:06:55.440227,Berlin-60a2,-18,72,Normal
2026-04-27 20:06:56.440227,Berlin-60a2,-28,60,Normal
2026-04-27 20:06:57.440227,Berlin-60a2,-4,87,Normal
2026-04-27 20:06:58.440227,Berlin-60a2,-16,85,Normal
2026-04-27 20:06:59.440227,Berlin-60a2,20,74,Normal
2026-04-27 20:07:00.440227,Berlin-60a2,35,90,Normal
2026-04-27 20:07:01.440227,Berlin-60a2,-18,42,Normal
2026-04-27 20:07:02.440227,Berlin-60a2,-23,38,Normal
2026-04-27 20:07:03.440227,Berlin-60a2,-1,78,Normal
2026-04-27 20:07:04.440227,Berlin-60a2,3,79,Normal
2026-04-27 20:07:05.440227,Berlin-60a2,39,83,Normal
2026-04-27 20:07:06.440227,Berlin-60a2,-8,59,Normal
2026-04-27 20:07:07.440227,Berlin-60a2,29,94,Normal
2026-04-27 20:07:08.440227,Berlin-60a2,33,50,Normal
2026-04-27 20:07:09.440227,Berlin-60a2,-25,7,Normal
2026-04-27 20:07:10.440227,Berlin-60a2,13,91,Normal
2026-04-27 20:07:11.440227,Berlin-60a2,43,57,Normal
2026-04-27 20:07:12.440227,Berlin-60a2,-7,26,Normal
2026-04-27 20:07:13.440227,Berlin-60a2,48,100,Normal
2026-04-27 20:07:14.440227,Berlin-60a2,16,69,Normal
2026-04-27 20:07:15.440227,Berlin-60a2,42,87,Normal
2026-04-27 20:07:16.440227,Berlin-60a2,4,31,Normal
2026-04-27 20:07:17.440227,Berlin-60a2,29,41,Normal
2026-04-27 20:07:18.440227,Berlin-60a2,42,33,Normal
2026-04-27 20:07:19.440227,Berlin-60a2,39,54,Normal
2026-04-27 20:07:20.440227,Berlin-60a2,13,97,Normal
2026-04-27 20:07:21.440227,Berlin-60a2,50,73,Normal
2026-04-27 20:07:22.440227,Berlin-60a2,24,35,Normal
2026-04-27 20:07:23.440227,Berlin-60a2,-27,9,Normal
2026-04-27 20:07:24.440227,Berlin-60a2,46,26,Normal
2026-04-27 20:07:25.440227,Berlin-60a2,37,25,Normal
2026-04-27 20:07:26.440227,Berlin-60a2,-17,12,Normal
2026-04-27 20:07:27.440227,Berlin-60a2,46,81,Normal
2026-04-27 20:07:28.440227,Berlin-60a2,2,61,Normal
2026-04-27 20:07:29.440227,Berlin-60a2,36,96,Normal
2026-04-27 20:07:30.440227,Berlin-60a2,-30,67,Normal
2026-04-27 20:07:31.440227,Berlin-60a2,-28,1,Normal
2026-04-27 20:07:32.440227,Berlin-60a2,32,0,Normal
2026-04-27 20:07:33.440227,Berlin-60a2,14,10,Normal
2026-04-27 20:07:34.440227,Berlin-60a2,11,85,Normal
2026-04-27 20:07:35.440227,Berlin-60a2,27,68,Normal
2026-04-27 20:07:36.440227,Berlin-60a2,29,21,Normal
2026-04-27 20:07:37.440227,Berlin-60a2,-6,54,Normal
2026-04-27 20:07:38.440227,Berlin-60a2,45,0,Normal
2026-04-27 20:07:39.440227,Berlin-60a2,26,8,Normal
2026-04-27 20:07:40.440227,Berlin-60a2,16,38,Normal
2026-04-27 20:07:41.440227,Berlin-60a2,36,98,Normal
2026-04-27 20:07:42.440227,Berlin-60a2,33,39,Normal
2026-04-27 20:07:43.440227,Berlin-60a2,-2,37,Normal
2026-04-27 20:07:44.440227,Berlin-60a2,-15,97,Normal
2026-04-27 20:07:45.440227,Berlin-60a2,-23,38,Normal
2026-04-27 20:07:46.440227,Berlin-60a2,19,34,Normal
2026-04-27 20:07:47.440227,Berlin-60a2,-4,10,Normal
2026-04-27 20:07:48.440227,Berlin-60a2,-16,70,Normal
2026-04-27 20:07:49.440227,Berlin-60a2,2,30,Normal
2026-04-27 20:07:50.440227,Berlin-60a2,3,65,Normal
2026-04-27 20:07:51.440227,Berlin-60a2,5,61,Normal
2026-04-27 20:07:52.440227,Berlin-60a2,49,43,Normal
2026-04-27 20:07:53.440227,Berlin-60a2,-12,24,Normal
2026-04-27 20:07:54.440227,Berlin-60a2,-22,100,Normal
2026-04-27 20:07:55.440227,Berlin-60a2,46,1,Normal
2026-04-27 20:07:56.440227,Berlin-60a2,40,1,Normal
2026-04-27 20:07:57.440227,Berlin-60a2,-18,7,Normal
2026-04-27 20:07:58.440227,Berlin-60a2,16,28,Normal
2026-04-27 20:07:59.440227,Berlin-60a2,-9,42,Normal
2026-04-27 20:08:00.440227,Berlin-60a2,15,44,Normal
2026-04-27 20:08:01.440227,Berlin-60a2,8,51,Normal
2026-04-27 20:08:02.440227,Berlin-60a2,-3,48,Normal
2026-04-27 20:08:03.440227,Berlin-60a2,30,56,Normal
2026-04-27 20:08:04.440227,Berlin-60a2,1,44,Normal
2026-04-27 20:08:05.440227,Berlin-60a2,-28,10,Normal
2026-04-27 20:08:06.440227,Berlin-60a2,-20,33,Normal
2026-04-27 20:08:07.440227,Berlin-60a2,-1,16,Normal
2026-04-27 20:08:08.440227,Berlin-60a2,-21,52,Normal
2026-04-27 20:08:09.440227,Berlin-60a2,4,94,Normal
2026-04-27 20:08:10.440227,Berlin-60a2,6,53,Normal
2026-04-27 20:08:11.440227,Berlin-60a2,5,61,Normal
2026-04-27 20:08:12.440227,Berlin-60a2,44,4,Normal
2026-04-27 20:08:13.440227,Berlin-60a2,21,8,Normal
2026-04-27 20:08:14.440227,Berlin-60a2,-26,23,Normal
2026-04-27 20:08:15.440227,Berlin-60a2,35,92,Normal
2026-04-27 20:08:16.440227,Berlin-60a2,44,37,Normal
2026-04-27 20:08:17.440227,Berlin-60a2,-28,60,Normal
2026-04-27 20:08:18.440227,Berlin-60a2,10,15,Normal
2026-04-27 20:08:19.440227,Berlin-60a2,19,30,Normal
2026-04-27 20:08:20.440227,Berlin-60a2,17,27,Normal
2026-04-27 20:08:21.440227,Berlin-60a2,21,76,Normal
2026-04-27 20:08:22.440227,Berlin-60a2,29,3,Normal
2026-04-27 20:08:23.440227,Berlin-60a2,-4,69,Normal
2026-04-27 20:08:24.440227,Berlin-60a2,-8,73,Normal
2026-04-27 20:08:25.440227,Berlin-60a2,-22,52,Normal
2026-04-27 20:08:26.440227,Berlin-60a2,-13,82,Normal
2026-04-27 20:08:27.440227,Berlin-60a2,-27,18,Normal
2026-04-27 20:08:28.440227,Berlin-60a2,10,61,Normal
2026-04-27 20:08:29.440227,Berlin-60a2,-10,46,Normal
2026-04-27 20:08:30.440227,Berlin-60a2,-5,13,Normal
2026-04-27 20:08:31.440227,Berlin-60a2,29,31,Normal
2026-04-27 20:08:32.440227,Berlin-60a2,36,30,Normal
2026-04-27 20:08:33.440227,Berlin-60a2,-23,40,Normal
2026-04-27 20:08:34.440227,Berlin-60a2,27,56,Normal
2026-04-27 20:08:35.440227,Berlin-60a2,-2,65,Normal
2026-04-27 20:08:36.440227,Berlin-60a2,-1,65,Normal
2026-04-27 20:08:37.440227,Berlin-60a2,-29,91,Normal
2026-04-27 20:08:38.440227,Berlin-60a2,-5,93,Normal
2026-04-27 20:08:39.440227,Berlin-60a2,14,59,Normal
2026-04-27 20:08:40.440227,Berlin-60a2,42,83,Normal
2026-04-27 20:08:41.440227,Berlin-60a2,-29,54,Normal
2026-04-27 20:08:42.440227,Berlin-60a2,15,59,Normal
2026-04-27 20:08:43.440227,Berlin-60a2,22,96,Normal
2026-04-27 20:08:44.440227,Berlin-60a2,-1,84,Normal
2026-04-27 20:08:45.440227,Berlin-60a2,46,28,Normal
2026-04-27 20:08:46.440227,Berlin-60a2,9,15,Normal
2026-04-27 20:08:47.440227,Berlin-60a2,33,41,Normal
2026-04-27 20:08:48.440227,Berlin-60a2,21,86,Normal
2026-04-27 20:08:49.440227,Berlin-60a2,28,73,Normal
2026-04-27 20:08:50.440227,Berlin-60a2,10,32,Normal
2026-04-27 20:08:51.440227,Berlin-60a2,-5,18,Normal
2026-04-27 20:08:52.440227,Berlin-60a2,26,19,Normal
2026-04-27 20:08:53.440227,Berlin-60a2,45,100,Normal
2026-04-27 20:08:54.440227,Berlin-60a2,-22,39,Normal
2026-04-27 20:08:55.440227,Berlin-60a2,7,43,Normal
2026-04-27 20:08:56.440227,Berlin-60a2,0,58,Normal
2026-04-27 20:08:57.440227,Berlin-60a2,46,94,Normal
2026-04-27 20:08:58.440227,Berlin-60a2,18,74,Normal
2026-04-27 20:08:59.440227,Berlin-60a2,44,47,Normal
2026-04-27 20:09:00.440227,Berlin-60a2,1,33,Normal
2026-04-27 20:09:01.440227,Berlin-60a2,4,2,Normal
2026-04-27 20:09:02.440227,Berlin-60a2,37,6,Normal
2026-04-27 20:09:03.440227,Berlin-60a2,21,40,Normal
2026-04-27 20:09:04.440227,Berlin-60a2,29,21,Normal
2026-04-27 20:09:05.440227,Berlin-60a2,-28,20,Normal
2026-04-27 20:09:06.440227,Berlin-60a2,3,36,Normal
2026-04-27 20:09:07.440227,Berlin-60a2,4,48,Normal
2026-04-27 20:09:08.440227,Berlin-60a2,47,14,Normal
2026-04-27 20:09:09.440227,Berlin-60a2,36,67,Normal
2026-04-27 20:09:10.440227,Berlin-60a2,12,8,Normal
2026-04-27 20:09:11.440227,Berlin-60a2,45,14,Normal
2026-04-27 20:09:12.440227,Berlin-60a2,45,96,Normal
2026-04-27 20:09:13.440227,Berlin-60a2,-23,14,Normal
2026-04-27 20:09:14.440227,Berlin-60a2,-13,66,Normal
2026-04-27 20:09:15.440227,Berlin-60a2,-18,33,Normal
2026-04-27 20:09:16.440227,Berlin-60a2,29,56,Normal
2026-04-27 20:09:17.440227,Berlin-60a2,-4,70,Normal
2026-04-27 20:09:18.440227,Berlin-60a2,-18,56,Normal
2026-04-27 20:09:19.440227,Berlin-60a2,14,60,Normal
2026-04-27 20:09:20.440227,Berlin-60a2,5,91,Normal
2026-04-27 20:09:21.440227,Berlin-60a2,-23,70,Normal
2026-04-27 20:09:22.440227,Berlin-60a2,-30,21,Normal
2026-04-27 20:09:23.440227,Berlin-60a2,30,48,Normal
2026-04-27 20:09:24.440227,Berlin-60a2,-14,67,Normal
2026-04-27 20:09:25.440227,Berlin-60a2,0,63,Normal
2026-04-27 20:09:26.440227,Berlin-60a2,31,94,Normal
2026-04-27 20:09:27.440227,Berlin-60a2,33,99,Normal
2026-04-27 20:09:28.440227,Berlin-60a2,15,32,Normal
2026-04-27 20:09:29.440227,Berlin-60a2,-6,3,Normal
2026-04-27 20:09:30.440227,Berlin-60a2,31,95,Normal
2026-04-27 20:09:31.440227,Berlin-60a2,46,21,Normal
2026-04-27 20:09:32.440227,Berlin-60a2,0,98,Normal
2026-04-27 20:09:33.440227,Berlin-60a2,6,38,Normal
2026-04-27 20:09:34.440227,Berlin-60a2,27,1,Normal
2026-04-27 20:09:35.440227,Berlin-60a2,39,79,Normal
2026-04-27 20:09:36.440227,Berlin-60a2,-11,83,Normal
2026-04-27 20:09:37.440227,Berlin-60a2,48,99,Normal
2026-04-27 20:09:38.440227,Berlin-60a2,49,49,Normal
2026-04-27 20:09:39.440227,Berlin-60a2,33,63,Normal
2026-04-27 20:09:40.440227,Berlin-60a2,31,10,Normal
2026-04-27 20:09:41.440227,Berlin-60a2,17,94,Normal
2026-04-27 20:09:42.440227,Berlin-60a2,-3,2,Normal
2026-04-27 20:09:43.440227,Berlin-60a2,33,29,Normal
2026-04-27 20:09:44.440227,Berlin-60a2,8,4,Normal
2026-04-27 20:09:45.440227,Berlin-60a2,24,14,Normal
2026-04-27 20:09:46.440227,Berlin-60a2,34,87,Normal
2026-04-27 20:09:47.440227,Berlin-60a2,40,89,Normal
2026-04-27 20:09:48.440227,Berlin-60a2,5,59,Normal
2026-04-27 20:09:49.440227,Berlin-60a2,-30,96,Normal
2026-04-27 20:09:50.440227,Berlin-60a2,-22,62,Normal
2026-04-27 20:09:51.440227,Berlin-60a2,24,30,Normal
2026-04-27 20:09:52.440227,Berlin-60a2,4,100,Normal
2026-04-27 20:09:53.440227,Berlin-60a2,-21,71,Normal
2026-04-27 20:09:54.440227,Berlin-60a2,28,17,Normal
2026-04-27 20:09:55.440227,Berlin-60a2,34,36,Normal
2026-04-27 20:09:56.440227,Berlin-60a2,-10,40,Normal
2026-04-27 20:09:57.440227,Berlin-60a2,-4,20,Normal
2026-04-27 20:09:58.440227,Berlin-60a2,-11,2,Normal
2026-04-27 20:09:59.440227,Berlin-60a2,-20,31,Normal
2026-04-27 20:10:00.440227,Berlin-60a2,36,63,Normal
2026-04-27 20:10:01.440227,Berlin-60a2,-24,88,Normal
2026-04-27 20:10:02.440227,Berlin-60a2,-25,60,Normal
2026-04-27 20:10:03.440227,Berlin-60a2,-14,53,Normal
2026-04-27 20:10:04.440227,Berlin-60a2,-7,72,Normal
2026-04-27 20:10:05.440227,Berlin-60a2,-23,69,Normal
2026-04-27 20:10:06.440227,Berlin-60a2,19,31,Normal
2026-04-27 20:10:07.440227,Berlin-60a2,35,97,Normal
2026-04-27 20:10:08.440227,Berlin-60a2,22,58,Normal
2026-04-27 20:10:09.440227,Berlin-60a2,19,34,Normal
2026-04-27 20:10:10.440227,Berlin-60a2,-28,1,Normal
2026-04-27 20:10:11.440227,Berlin-60a2,-29,45,Normal
2026-04-27 20:10:12.440227,Berlin-60a2,-21,38,Normal
2026-04-27 20:10:13.440227,Berlin-60a2,37,75,Normal
2026-04-27 20:10:14.440227,Berlin-60a2,-6,33,Normal
2026-04-27 20:10:15.440227,Berlin-60a2,11,78,Normal
2026-04-27 20:10:16.440227,Berlin-60a2,44,78,Normal
2026-04-27 20:10:17.440227,Berlin-60a2,44,98,Normal
2026-04-27 20:10:18.440227,Berlin-60a2,0,24,Normal
2026-04-27 20:10:19.440227,Berlin-60a2,44,6,Normal
2026-04-27 20:10:20.440227,Berlin-60a2,-22,78,Normal
2026-04-27 20:10:21.440227,Berlin-60a2,6,64,Normal
2026-04-27 20:10:22.440227,Berlin-60a2,3,37,Normal
2026-04-27 20:10:23.440227,Berlin-60a2,45,33,Normal
2026-04-27 20:10:24.440227,Berlin-60a2,-16,6,Normal
2026-04-27 20:10:25.440227,Berlin-60a2,-3,27,Normal
2026-04-27 20:10:26.440227,Berlin-60a2,30,97,Normal
2026-04-27 20:10:27.440227,Berlin-60a2,-27,39,Normal
2026-04-27 20:10:28.440227,Berlin-60a2,-9,83,Normal
2026-04-27 20:10:29.440227,Berlin-60a2,29,56,Normal
2026-04-27 20:10:30.440227,Berlin-60a2,-1,27,Normal
2026-04-27 20:10:31.440227,Berlin-60a2,22,88,Normal
2026-04-27 20:10:32.440227,Berlin-60a2,-30,97,Normal
2026-04-27 20:10:33.440227,Berlin-60a2,34,7,Normal
2026-04-27 20:10:34.440227,Berlin-60a2,3,29,Normal
2026-04-27 20:10:35.440227,Berlin-60a2,-7,42,Normal
2026-04-27 20:10:36.440227,Berlin-60a2,-27,28,Normal
2026-04-27 20:10:37.440227,Berlin-60a2,28,73,Normal
2026-04-27 20:10:38.440227,Berlin-60a2,10,21,Normal
2026-04-27 20:10:39.440227,Berlin-60a2,-28,11,Normal
2026-04-27 20:10:40.440227,Berlin-60a2,12,48,Normal
2026-04-27 20:10:41.440227,Berlin-60a2,8,10,Normal
2026-04-27 20:10:42.440227,Berlin-60a2,-20,64,Normal
2026-04-27 20:10:43.440227,Berlin-60a2,35,21,Normal
2026-04-27 20:10:44.440227,Berlin-60a2,3,52,Normal
2026-04-27 20:10:45.440227,Berlin-60a2,-2,30,Normal
2026-04-27 20:10:46.440227,Berlin-60a2,-5,32,Normal
2026-04-27 20:10:47.440227,Berlin-60a2,36,58,Normal
2026-04-27 20:10:48.440227,Berlin-60a2,-14,55,Normal
2026-04-27 20:10:49.440227,Berlin-60a2,-28,79,Normal
2026-04-27 20:10:50.440227,Berlin-60a2,-17,7,Normal
2026-04-27 20:10:51.440227,Berlin-60a2,43,1,Normal
2026-04-27 20:10:52.440227,Berlin-60a2,29,53,Normal
2026-04-27 20:10:53.440227,Berlin-60a2,14,49,Normal
2026-04-27 20:10:54.440227,Berlin-60a2,1,40,Normal
2026-04-27 20:10:55.440227,Berlin-60a2,5,98,Normal
2026-04-27 20:10:56.440227,Berlin-60a2,6,39,Normal
2026-04-27 20:10:57.440227,Berlin-60a2,-20,15,Normal
2026-04-27 20:10:58.440227,Berlin-60a2,3,93,Normal
2026-04-27 20:10:59.440227,Berlin-60a2,-29,45,Normal
2026-04-27 20:11:00.440227,Berlin-60a2,50,65,Normal
2026-04-27 20:11:01.440227,Berlin-60a2,-24,28,Normal
2026-04-27 20:11:02.440227,Berlin-60a2,2,43,Normal
2026-04-27 20:11:03.440227,Berlin-60a2,18,65,Normal
2026-04-27 20:11:04.440227,Berlin-60a2,-14,75,Normal
2026-04-27 20:11:05.440227,Berlin-60a2,49,1,Normal
2026-04-27 20:11:06.440227,Berlin-60a2,-9,61,Normal
2026-04-27 20:11:07.440227,Berlin-60a2,25,17,Normal
2026-04-27 20:11:08.440227,Berlin-60a2,3,33,Normal
2026-04-27 20:11:09.440227,Berlin-60a2,13,86,Normal
2026-04-27 20:11:10.440227,Berlin-60a2,47,46,Normal
2026-04-27 20:11:11.440227,Berlin-60a2,-6,30,Normal
2026-04-27 20:11:12.440227,Berlin-60a2,3,87,Normal
2026-04-27 20:11:13.440227,Berlin-60a2,-17,43,Normal
2026-04-27 20:11:14.440227,Berlin-60a2,35,70,Normal
2026-04-27 20:11:15.440227,Berlin-60a2,23,38,Normal
2026-04-27 20:11:16.440227,Berlin-60a2,2,98,Normal
2026-04-27 20:11:17.440227,Berlin-60a2,-13,90,Normal
2026-04-27 20:11:18.440227,Berlin-60a2,-3,53,Normal
2026-04-27 20:11:19.440227,Berlin-60a2,45,40,Normal
2026-04-27 20:11:20.440227,Berlin-60a2,-29,27,Normal
2026-04-27 20:11:21.440227,Berlin-60a2,47,87,Normal
2026-04-27 20:11:22.440227,Berlin-60a2,18,13,Normal
2026-04-27 20:11:23.440227,Berlin-60a2,31,89,Normal
2026-04-27 20:11:24.440227,Berlin-60a2,22,76,Normal
2026-04-27 20:11:25.440227,Berlin-60a2,27,54,Normal
2026-04-27 20:11:26.440227,Berlin-60a2,-8,32,Normal
2026-04-27 20:11:27.440227,Berlin-60a2,-5,97,Normal
2026-04-27 20:11:28.440227,Berlin-60a2,-16,98,Normal
2026-04-27 20:11:29.440227,Berlin-60a2,5,99,Normal
2026-04-27 20:11:30.440227,Berlin-60a2,-28,28,Normal
2026-04-27 20:11:31.440227,Berlin-60a2,-3,49,Normal
2026-04-27 20:11:32.440227,Berlin-60a2,12,26,Normal
2026-04-27 20:11:33.440227,Berlin-60a2,-23,70,Normal
2026-04-27 20:11:34.440227,Berlin-60a2,17,74,Normal
2026-04-27 20:11:35.440227,Berlin-60a2,28,54,Normal
2026-04-27 20:11:36.440227,Berlin-60a2,-28,40,Normal
2026-04-27 20:11:37.440227,Berlin-60a2,-15,59,Normal
2026-04-27 20:11:38.440227,Berlin-60a2,30,77,Normal
2026-04-27 20:11:39.440227,Berlin-60a2,48,47,Normal
2026-04-27 20:11:40.440227,Berlin-60a2,48,19,Normal
2026-04-27 20:11:41.440227,Berlin-60a2,38,83,Normal
2026-04-27 20:11:42.440227,Berlin-60a2,43,39,Normal
2026-04-27 20:11:43.440227,Berlin-60a2,17,62,Normal
2026-04-27 20:11:44.440227,Berlin-60a2,34,67,Normal
2026-04-27 20:11:45.440227,Berlin-60a2,22,5,Normal
2026-04-27 20:11:46.440227,Berlin-60a2,-18,13,Normal
2026-04-27 20:11:47.440227,Berlin-60a2,6,25,Normal
2026-04-27 20:11:48.440227,Berlin-60a2,18,43,Normal
2026-04-27 20:11:49.440227,Berlin-60a2,32,48,Normal
2026-04-27 20:11:50.440227,Berlin-60a2,-28,35,Normal
2026-04-27 20:11:51.440227,Berlin-60a2,26,99,Normal
2026-04-27 20:11:52.440227,Berlin-60a2,-8,40,Normal
2026-04-27 20:11:53.440227,Berlin-60a2,0,12,Normal
2026-04-27 20:11:54.440227,Berlin-60a2,-16,53,Normal
2026-04-27 20:11:55.440227,Berlin-60a2,-28,42,Normal
2026-04-27 20:11:56.440227,Berlin-60a2,-7,3,Normal
2026-04-27 20:11:57.440227,Berlin-60a2,11,19,Normal
2026-04-27 20:11:58.440227,Berlin-60a2,45,49,Normal
2026-04-27 20:11:59.440227,Berlin-60a2,24,7,Normal
2026-04-27 20:12:00.440227,Berlin-60a2,4,77,Normal
2026-04-27 20:12:01.440227,Berlin-60a2,39,92,Normal
2026-04-27 20:12:02.440227,Berlin-60a2,-9,60,Normal
2026-04-27 20:12:03.440227,Berlin-60a2,36,9,Normal
2026-04-27 20:12:04.440227,Berlin-60a2,45,71,Normal
2026-04-27 20:12:05.440227,Berlin-60a2,7,78,Normal
2026-04-27 20:12:06.440227,Berlin-60a2,10,84,Normal
2026-04-27 20:12:07.440227,Berlin-60a2,41,51,Normal
2026-04-27 20:12:08.440227,Berlin-60a2,33,26,Normal
2026-04-27 20:12:09.440227,Berlin-60a2,37,62,Normal
2026-04-27 20:12:10.440227,Berlin-60a2,22,96,Normal
2026-04-27 20:12:11.440227,Berlin-60a2,5,78,Normal
2026-04-27 20:12:12.440227,Berlin-60a2,30,33,Normal
2026-04-27 20:12:13.440227,Berlin-60a2,42,69,Normal
2026-04-27 20:12:14.440227,Berlin-60a2,-8,85,Normal
2026-04-27 20:12:15.440227,Berlin-60a2,28,93,Normal
2026-04-27 20:12:16.440227,Berlin-60a2,11,50,Normal
2026-04-27 20:12:17.440227,Berlin-60a2,44,84,Normal
2026-04-27 20:12:18.440227,Berlin-60a2,29,76,Normal
2026-04-27 20:12:19.440227,Berlin-60a2,33,60,Normal
2026-04-27 20:12:20.440227,Berlin-60a2,-12,56,Normal
2026-04-27 20:12:21.440227,Berlin-60a2,36,42,Normal
2026-04-27 20:12:22.440227,Berlin-60a2,28,33,Normal
2026-04-27 20:12:23.440227,Berlin-60a2,43,94,Normal
2026-04-27 20:12:24.440227,Berlin-60a2,29,74,Normal
2026-04-27 20:12:25.440227,Berlin-60a2,2,19,Normal
2026-04-27 20:12:26.440227,Berlin-60a2,15,8,Normal
2026-04-27 20:12:27.440227,Berlin-60a2,14,24,Normal
2026-04-27 20:12:28.440227,Berlin-60a2,37,28,Normal
2026-04-27 20:12:29.440227,Berlin-60a2,26,9,Normal
2026-04-27 20:12:30.440227,Berlin-60a2,-13,50,Normal
2026-04-27 20:12:31.440227,Berlin-60a2,44,41,Normal
2026-04-27 20:12:32.440227,Berlin-60a2,8,88,Normal
2026-04-27 20:12:33.440227,Berlin-60a2,34,42,Normal
2026-04-27 20:12:34.440227,Berlin-60a2,-2,7,Normal
2026-04-27 20:12:35.440227,Berlin-60a2,26,35,Normal
2026-04-27 20:12:36.440227,Berlin-60a2,13,21,Normal
2026-04-27 20:12:37.440227,Berlin-60a2,-7,70,Normal
2026-04-27 20:12:38.440227,Berlin-60a2,10,67,Normal
2026-04-27 20:12:39.440227,Berlin-60a2,-15,93,Normal
2026-04-27 20:12:40.440227,Berlin-60a2,-8,57,Normal
2026-04-27 20:12:41.440227,Berlin-60a2,-20,59,Normal
2026-04-27 20:12:42.440227,Berlin-60a2,22,15,Normal
2026-04-27 20:12:43.440227,Berlin-60a2,35,61,Normal
2026-04-27 20:12:44.440227,Berlin-60a2,-24,80,Normal
2026-04-27 20:12:45.440227,Berlin-60a2,18,32,Normal
2026-04-27 20:12:46.440227,Berlin-60a2,-23,62,Normal
2026-04-27 20:12:47.440227,Berlin-60a2,12,81,Normal
2026-04-27 20:12:48.440227,Berlin-60a2,-18,7,Normal
2026-04-27 20:12:49.440227,Berlin-60a2,-10,27,Normal
2026-04-27 20:12:50.440227,Berlin-60a2,50,54,Normal
2026-04-27 20:12:51.440227,Berlin-60a2,20,98,Normal
2026-04-27 20:12:52.440227,Berlin-60a2,42,75,Normal
2026-04-27 20:12:53.440227,Berlin-60a2,24,78,Normal
2026-04-27 20:12:54.440227,Berlin-60a2,9,25,Normal
2026-04-27 20:12:55.440227,Berlin-60a2,47,73,Normal
2026-04-27 20:12:56.440227,Berlin-60a2,-4,2,Normal
2026-04-27 20:12:57.440227,Berlin-60a2,4,85,Normal
2026-04-27 20:12:58.440227,Berlin-60a2,-29,32,Normal
2026-04-27 20:12:59.440227,Berlin-60a2,37,19,Normal
2026-04-27 20:13:00.440227,Berlin-60a2,-5,31,Normal
2026-04-27 20:13:01.440227,Berlin-60a2,-1,0,Normal
2026-04-27 20:13:02.440227,Berlin-60a2,2,84,Normal
2026-04-27 20:13:03.440227,Berlin-60a2,-7,43,Normal
2026-04-27 20:13:04.440227,Berlin-60a2,39,76,Normal
2026-04-27 20:13:05.440227,Berlin-60a2,9,6,Normal
2026-04-27 20:13:06.440227,Berlin-60a2,42,55,Normal
2026-04-27 20:13:07.440227,Berlin-60a2,-5,14,Normal
2026-04-27 20:13:08.440227,Berlin-60a2,-28,31,Normal
2026-04-27 20:13:09.440227,Berlin-60a2,5,84,Normal
2026-04-27 20:13:10.440227,Berlin-60a2,36,75,Normal
2026-04-27 20:13:11.440227,Berlin-60a2,38,68,Normal
2026-04-27 20:13:12.440227,Berlin-60a2,38,26,Normal
2026-04-27 20:13:13.440227,Berlin-60a2,-23,54,Normal
2026-04-27 20:13:14.440227,Berlin-60a2,35,81,Normal
2026-04-27 20:13:15.440227,Berlin-60a2,19,11,Normal
2026-04-27 20:13:16.440227,Berlin-60a2,5,74,Normal
2026-04-27 20:13:17.440227,Berlin-60a2,15,28,Normal
2026-04-27 20:13:18.440227,Berlin-60a2,26,38,Normal
2026-04-27 20:13:19.440227,Berlin-60a2,42,73,Normal
2026-04-27 20:13:20.440227,Berlin-60a2,46,82,Normal
2026-04-27 20:13:21.440227,Berlin-60a2,-23,32,Normal
2026-04-27 20:13:22.440227,Berlin-60a2,-3,41,Normal
2026-04-27 20:13:23.440227,Berlin-60a2,5,85,Normal
2026-04-27 20:13:24.440227,Berlin-60a2,-2,92,Normal
2026-04-27 20:13:25.440227,Berlin-60a2,6,25,Normal
2026-04-27 20:13:26.440227,Berlin-60a2,1,14,Normal
2026-04-27 20:13:27.440227,Berlin-60a2,0,92,Normal
2026-04-27 20:13:28.440227,Berlin-60a2,14,23,Normal
2026-04-27 20:13:29.440227,Berlin-60a2,23,91,Normal
2026-04-27 20:13:30.440227,Berlin-60a2,12,38,Normal
2026-04-27 20:13:31.440227,Berlin-60a2,38,15,Normal
2026-04-27 20:13:32.440227,Berlin-60a2,-24,44,Normal
2026-04-27 20:13:33.440227,Berlin-60a2,34,1,Normal
2026-04-27 20:13:34.440227,Berlin-60a2,22,85,Normal
2026-04-27 20:13:35.440227,Berlin-60a2,-10,57,Normal
2026-04-27 20:13:36.440227,Berlin-60a2,39,28,Normal
2026-04-27 20:13:37.440227,Berlin-60a2,13,46,Normal
2026-04-27 20:13:38.440227,Berlin-60a2,45,27,Normal
2026-04-27 20:13:39.440227,Berlin-60a2,-28,24,Normal
2026-04-27 20:13:40.440227,Berlin-60a2,-26,23,Normal
2026-04-27 20:13:41.440227,Berlin-60a2,31,70,Normal
2026-04-27 20:13:42.440227,Berlin-60a2,13,19,Normal
2026-04-27 20:13:43.440227,Berlin-60a2,18,54,Normal
2026-04-27 20:13:44.440227,Berlin-60a2,35,35,Normal
2026-04-27 20:13:45.440227,Berlin-60a2,8,39,Normal
2026-04-27 20:13:46.440227,Berlin-60a2,49,11,Normal
2026-04-27 20:13:47.440227,Berlin-60a2,-29,13,Normal
2026-04-27 20:13:48.440227,Berlin-60a2,24,22,Normal
2026-04-27 20:13:49.440227,Berlin-60a2,-23,66,Normal
2026-04-27 20:13:50.440227,Berlin-60a2,40,51,Normal
2026-04-27 20:13:51.440227,Berlin-60a2,33,6,Normal
2026-04-27 20:13:52.440227,Berlin-60a2,-23,41,Normal
2026-04-27 20:13:53.440227,Berlin-60a2,-23,28,Normal
2026-04-27 20:13:54.440227,Berlin-60a2,29,98,Normal
2026-04-27 20:13:55.440227,Berlin-60a2,-22,19,Normal
2026-04-27 20:13:56.440227,Berlin-60a2,42,49,Normal
2026-04-27 20:13:57.440227,Berlin-60a2,45,52,Normal
2026-04-27 20:13:58.440227,Berlin-60a2,-28,24,Normal
2026-04-27 20:13:59.440227,Berlin-60a2,-24,51,Normal
2026-04-27 20:14:00.440227,Berlin-60a2,41,1,Normal
2026-04-27 20:14:01.440227,Berlin-60a2,12,90,Normal
2026-04-27 20:14:02.440227,Berlin-60a2,9,68,Normal
2026-04-27 20:14:03.440227,Berlin-60a2,-11,15,Normal
2026-04-27 20:14:04.440227,Berlin-60a2,41,32,Normal
2026-04-27 20:14:05.440227,Berlin-60a2,-30,38,Normal
2026-04-27 20:14:06.440227,Berlin-60a2,-8,18,Normal
2026-04-27 20:14:07.440227,Berlin-60a2,36,46,Normal
2026-04-27 20:14:08.440227,Berlin-60a2,31,37,Normal
2026-04-27 20:14:09.440227,Berlin-60a2,40,44,Normal
2026-04-27 20:14:10.440227,Berlin-60a2,3,95,Normal
2026-04-27 20:14:11.440227,Berlin-60a2,-15,29,Normal
2026-04-27 20:14:12.440227,Berlin-60a2,-7,37,Normal
2026-04-27 20:14:13.440227,Berlin-60a2,30,70,Normal
2026-04-27 20:14:14.440227,Berlin-60a2,-29,30,Normal
2026-04-27 20:14:15.440227,Berlin-60a2,11,27,Normal
2026-04-27 20:14:16.440227,Berlin-60a2,17,48,Normal
2026-04-27 20:14:17.440227,Berlin-60a2,11,37,Normal
2026-04-27 20:14:18.440227,Berlin-60a2,37,35,Normal
2026-04-27 20:14:19.440227,Berlin-60a2,-17,37,Normal
2026-04-27 20:14:20.440227,Berlin-60a2,20,8,Normal
2026-04-27 20:14:21.440227,Berlin-60a2,-1,71,Normal
2026-04-27 20:14:22.440227,Berlin-60a2,20,20,Normal
2026-04-27 20:14:23.440227,Berlin-60a2,25,97,Normal
2026-04-27 20:14:24.440227,Berlin-60a2,-23,37,Normal
2026-04-27 20:14:25.440227,Berlin-60a2,-3,29,Normal
2026-04-27 20:14:26.440227,Berlin-60a2,16,88,Normal
2026-04-27 20:14:27.440227,Berlin-60a2,15,20,Normal
2026-04-27 20:14:28.440227,Berlin-60a2,2,54,Normal
2026-04-27 20:14:29.440227,Berlin-60a2,30,1,Normal
2026-04-27 20:14:30.440227,Berlin-60a2,23,48,Normal
2026-04-27 20:14:31.440227,Berlin-60a2,8,38,Normal
2026-04-27 20:14:32.440227,Berlin-60a2,35,75,Normal
2026-04-27 20:14:33.440227,Berlin-60a2,43,45,Normal
2026-04-27 20:14:34.440227,Berlin-60a2,25,89,Normal
2026-04-27 20:14:35.440227,Berlin-60a2,30,26,Normal
2026-04-27 20:14:36.440227,Berlin-60a2,-8,26,Normal
2026-04-27 20:14:37.440227,Berlin-60a2,-19,16,Normal
2026-04-27 20:14:38.440227,Berlin-60a2,23,74,Normal
2026-04-27 20:14:39.440227,Berlin-60a2,41,96,Normal
2026-04-27 20:14:40.440227,Berlin-60a2,31,1,Normal
2026-04-27 20:14:41.440227,Berlin-60a2,-4,8,Normal
2026-04-27 20:14:42.440227,Berlin-60a2,43,30,Normal
2026-04-27 20:14:43.440227,Berlin-60a2,1,46,Normal
2026-04-27 20:14:44.440227,Berlin-60a2,15,4,Normal
2026-04-27 20:14:45.440227,Berlin-60a2,24,58,Normal
2026-04-27 20:14:46.440227,Berlin-60a2,0,77,Normal
2026-04-27 20:14:47.440227,Berlin-60a2,21,13,Normal
2026-04-27 20:14:48.440227,Berlin-60a2,-1,11,Normal
2026-04-27 20:14:49.440227,Berlin-60a2,27,13,Normal
2026-04-27 20:14:50.440227,Berlin-60a2,28,77,Normal
2026-04-27 20:14:51.440227,Berlin-60a2,1,54,Normal
2026-04-27 20:14:52.440227,Berlin-60a2,-8,26,Normal
2026-04-27 20:14:53.440227,Berlin-60a2,10,84,Normal
2026-04-27 20:14:54.440227,Berlin-60a2,29,91,Normal
2026-04-27 20:14:55.440227,Berlin-60a2,34,98,Normal
2026-04-27 20:14:56.440227,Berlin-60a2,35,51,Normal
2026-04-27 20:14:57.440227,Berlin-60a2,-22,90,Normal
2026-04-27 20:14:58.440227,Berlin-60a2,24,0,Normal
2026-04-27 20:14:59.440227,Berlin-60a2,31,69,Normal
2026-04-27 20:15:00.440227,Berlin-60a2,-6,83,Normal
2026-04-27 20:15:01.440227,Berlin-60a2,14,68,Normal
2026-04-27 20:15:02.440227,Berlin-60a2,-21,95,Normal
2026-04-27 20:15:03.440227,Berlin-60a2,23,0,Normal
2026-04-27 20:15:04.440227,Berlin-60a2,50,88,Normal
2026-04-27 20:15:05.440227,Berlin-60a2,-17,9,Normal
2026-04-27 20:15:06.440227,Berlin-60a2,-28,28,Normal
2026-04-27 20:15:07.440227,Berlin-60a2,41,2,Normal
2026-04-27 20:15:08.440227,Berlin-60a2,-16,92,Normal
2026-04-27 20:15:09.440227,Berlin-60a2,19,26,Normal
2026-04-27 20:15:10.440227,Berlin-60a2,8,19,Normal
2026-04-27 20:15:11.440227,Berlin-60a2,-9,37,Normal
2026-04-27 20:15:12.440227,Berlin-60a2,-25,29,Normal
2026-04-27 20:15:13.440227,Berlin-60a2,25,48,Normal
2026-04-27 20:15:14.440227,Berlin-60a2,36,67,Normal
2026-04-27 20:15:15.440227,Berlin-60a2,-7,77,Normal
2026-04-27 20:15:16.440227,Berlin-60a2,-29,74,Normal
2026-04-27 20:15:17.440227,Berlin-60a2,-19,61,Normal
2026-04-27 20:15:18.440227,Berlin-60a2,19,6,Normal
2026-04-27 20:15:19.440227,Berlin-60a2,-12,25,Normal
2026-04-27 20:15:20.440227,Berlin-60a2,-18,12,Normal
2026-04-27 20:15:21.440227,Berlin-60a2,31,38,Normal
2026-04-27 20:15:22.440227,Berlin-60a2,-2,66,Normal
2026-04-27 20:15:23.440227,Berlin-60a2,-30,41,Normal
2026-04-27 20:15:24.440227,Berlin-60a2,15,20,Normal
2026-04-27 20:15:25.440227,Berlin-60a2,48,91,Normal
2026-04-27 20:15:26.440227,Berlin-60a2,19,68,Normal
2026-04-27 20:15:27.440227,Berlin-60a2,-20,90,Normal
2026-04-27 20:15:28.440227,Berlin-60a2,-30,10,Normal
2026-04-27 20:15:29.440227,Berlin-60a2,-9,31,Normal
2026-04-27 20:15:30.440227,Berlin-60a2,-10,55,Normal
2026-04-27 20:15:31.440227,Berlin-60a2,-11,44,Normal
2026-04-27 20:15:32.440227,Berlin-60a2,32,38,Normal
2026-04-27 20:15:33.440227,Berlin-60a2,1,4,Normal
2026-04-27 20:15:34.440227,Berlin-60a2,25,43,Normal
2026-04-27 20:15:35.440227,Berlin-60a2,25,20,Normal
2026-04-27 20:15:36.440227,Berlin-60a2,10,3,Normal
2026-04-27 20:15:37.440227,Berlin-60a2,14,13,Normal
2026-04-27 20:15:38.440227,Berlin-60a2,-7,31,Normal
2026-04-27 20:15:39.440227,Berlin-60a2,9,36,Normal
2026-04-27 20:15:40.440227,Berlin-60a2,-22,13,Normal
2026-04-27 20:15:41.440227,Berlin-60a2,-24,13,Normal
2026-04-27 20:15:42.440227,Berlin-60a2,28,56,Normal
2026-04-27 20:15:43.440227,Berlin-60a2,47,63,Normal
2026-04-27 20:15:44.440227,Berlin-60a2,31,7,Normal
2026-04-27 20:15:45.440227,Berlin-60a2,25,76,Normal
2026-04-27 20:15:46.440227,Berlin-60a2,-27,51,Normal
2026-04-27 20:15:47.440227,Berlin-60a2,49,73,Normal
2026-04-27 20:15:48.440227,Berlin-60a2,-30,0,Normal
2026-04-27 20:15:49.440227,Berlin-60a2,-23,26,Normal
2026-04-27 20:15:50.440227,Berlin-60a2,45,62,Normal
2026-04-27 20:15:51.440227,Berlin-60a2,-30,11,Normal
2026-04-27 20:15:52.440227,Berlin-60a2,-10,82,Normal
2026-04-27 20:15:53.440227,Berlin-60a2,24,28,Normal
2026-04-27 20:15:54.440227,Berlin-60a2,19,57,Normal
2026-04-27 20:15:55.440227,Berlin-60a2,-12,64,Normal
2026-04-27 20:15:56.440227,Berlin-60a2,-28,39,Normal
2026-04-27 20:15:57.440227,Berlin-60a2,-27,15,Normal
2026-04-27 20:15:58.440227,Berlin-60a2,-29,98,Normal
2026-04-27 20:15:59.440227,Berlin-60a2,-1,97,Normal
2026-04-27 20:16:00.440227,Berlin-60a2,0,37,Normal
2026-04-27 20:16:01.440227,Berlin-60a2,28,86,Normal
2026-04-27 20:16:02.440227,Berlin-60a2,45,22,Normal
2026-04-27 20:16:03.440227,Berlin-60a2,20,31,Normal
2026-04-27 20:16:04.440227,Berlin-60a2,13,56,Normal
2026-04-27 20:16:05.440227,Berlin-60a2,22,6,Normal
2026-04-27 20:16:06.440227,Berlin-60a2,-10,15,Normal
2026-04-27 20:16:07.440227,Berlin-60a2,30,31,Normal
2026-04-27 20:16:08.440227,Berlin-60a2,24,98,Normal
2026-04-27 20:16:09.440227,Berlin-60a2,5,11,Normal
2026-04-27 20:16:10.440227,Berlin-60a2,2,27,Normal
2026-04-27 20:16:11.440227,Berlin-60a2,25,38,Normal
2026-04-27 20:16:12.440227,Berlin-60a2,-1,99,Normal
2026-04-27 20:16:13.440227,Berlin-60a2,-29,25,Normal
2026-04-27 20:16:14.440227,Berlin-60a2,-19,5,Normal
2026-04-27 20:16:15.440227,Berlin-60a2,0,67,Normal
2026-04-27 20:16:16.440227,Berlin-60a2,2,43,Normal
2026-04-27 20:16:17.440227,Berlin-60a2,5,41,Normal
2026-04-27 20:16:18.440227,Berlin-60a2,50,50,Normal
2026-04-27 20:16:19.440227,Berlin-60a2,21,14,Normal
2026-04-27 20:16:20.440227,Berlin-60a2,-25,83,Normal
2026-04-27 20:16:21.440227,Berlin-60a2,9,5,Normal
2026-04-27 20:16:22.440227,Berlin-60a2,44,42,Normal
2026-04-27 20:16:23.440227,Berlin-60a2,-25,33,Normal
2026-04-27 20:16:24.440227,Berlin-60a2,-12,41,Normal
2026-04-27 20:16:25.440227,Berlin-60a2,44,34,Normal
2026-04-27 20:16:26.440227,Berlin-60a2,35,41,Normal
2026-04-27 20:16:27.440227,Berlin-60a2,-21,43,Normal
2026-04-27 20:16:28.440227,Berlin-60a2,-5,95,Normal
2026-04-27 20:16:29.440227,Berlin-60a2,-12,28,Normal
2026-04-27 20:16:30.440227,Berlin-60a2,-30,83,Normal
2026-04-27 20:16:31.440227,Berlin-60a2,-4,20,Normal
2026-04-27 20:16:32.440227,Berlin-60a2,18,21,Normal
2026-04-27 20:16:33.440227,Berlin-60a2,-15,58,Normal
2026-04-27 20:16:34.440227,Berlin-60a2,47,11,Normal
2026-04-27 20:16:35.440227,Berlin-60a2,18,74,Normal
2026-04-27 20:16:36.440227,Berlin-60a2,23,7,Normal
2026-04-27 20:16:37.440227,Berlin-60a2,24,12,Normal
2026-04-27 20:16:38.440227,Berlin-60a2,28,25,Normal
2026-04-27 20:16:39.440227,Berlin-60a2,0,40,Normal
2026-04-27 20:16:40.440227,Berlin-60a2,13,0,Normal
2026-04-27 20:16:41.440227,Berlin-60a2,-9,24,Normal
2026-04-27 20:16:42.440227,Berlin-60a2,-28,7,Normal
2026-04-27 20:16:43.440227,Berlin-60a2,31,72,Normal
2026-04-27 20:16:44.440227,Berlin-60a2,7,93,Normal
2026-04-27 20:16:45.440227,Berlin-60a2,21,44,Normal
2026-04-27 20:16:46.440227,Berlin-60a2,-12,70,Normal
2026-04-27 20:16:47.440227,Berlin-60a2,4,28,Normal
2026-04-27 20:16:48.440227,Berlin-60a2,18,9,Normal
2026-04-27 20:16:49.440227,Berlin-60a2,0,37,Normal
2026-04-27 20:16:50.440227,Berlin-60a2,14,7,Normal
2026-04-27 20:16:51.440227,Berlin-60a2,17,8,Normal
2026-04-27 20:16:52.440227,Berlin-60a2,9,72,Normal
2026-04-27 20:16:53.440227,Berlin-60a2,39,35,Normal
2026-04-27 20:16:54.440227,Berlin-60a2,-28,74,Normal
2026-04-27 20:16:55.440227,Berlin-60a2,48,44,Normal
2026-04-27 20:16:56.440227,Berlin-60a2,-13,94,Normal
2026-04-27 20:16:57.440227,Berlin-60a2,-19,90,Normal
2026-04-27 20:16:58.440227,Berlin-60a2,34,4,Normal
2026-04-27 20:16:59.440227,Berlin-60a2,-21,20,Normal
2026-04-27 20:17:00.440227,Berlin-60a2,43,2,Normal
2026-04-27 20:17:01.440227,Berlin-60a2,30,55,Normal
2026-04-27 20:17:02.440227,Berlin-60a2,43,23,Normal
2026-04-27 20:17:03.440227,Berlin-60a2,2,98,Normal
2026-04-27 20:17:04.440227,Berlin-60a2,-1,4,Normal
2026-04-27 20:17:05.440227,Berlin-60a2,27,15,Normal
2026-04-27 20:17:06.440227,Berlin-60a2,17,16,Normal
2026-04-27 20:17:07.440227,Berlin-60a2,-9,21,Normal
2026-04-27 20:17:08.440227,Berlin-60a2,8,74,Normal
2026-04-27 20:17:09.440227,Berlin-60a2,20,16,Normal
2026-04-27 20:17:10.440227,Berlin-60a2,13,75,Normal
2026-04-27 20:17:11.440227,Berlin-60a2,-20,73,Normal
2026-04-27 20:17:12.440227,Berlin-60a2,-13,39,Normal
2026-04-27 20:17:13.440227,Berlin-60a2,37,83,Normal
2026-04-27 20:17:14.440227,Berlin-60a2,-23,19,Normal
2026-04-27 20:17:15.440227,Berlin-60a2,49,58,Normal
2026-04-27 20:17:16.440227,Berlin-60a2,5,90,Normal
2026-04-27 20:17:17.440227,Berlin-60a2,4,70,Normal
2026-04-27 20:17:18.440227,Berlin-60a2,-17,67,Normal
2026-04-27 20:17:19.440227,Berlin-60a2,-28,29,Normal
2026-04-27 20:17:20.440227,Berlin-60a2,6,38,Normal
2026-04-27 20:17:21.440227,Berlin-60a2,-2,1,Normal
2026-04-27 20:17:22.440227,Berlin-60a2,31,35,Normal
2026-04-27 20:17:23.440227,Berlin-60a2,48,57,Normal
2026-04-27 20:17:24.440227,Berlin-60a2,-22,93,Normal
2026-04-27 20:17:25.440227,Berlin-60a2,-13,88,Normal
2026-04-27 20:17:26.440227,Berlin-60a2,-23,72,Normal
2026-04-27 20:17:27.440227,Berlin-60a2,16,17,Normal
2026-04-27 20:17:28.440227,Berlin-60a2,-24,72,Normal
2026-04-27 20:17:29.440227,Berlin-60a2,30,88,Normal
2026-04-27 20:17:30.440227,Berlin-60a2,26,75,Normal
2026-04-27 20:17:31.440227,Berlin-60a2,26,44,Normal
2026-04-27 20:17:32.440227,Berlin-60a2,22,79,Normal
2026-04-27 20:17:33.440227,Berlin-60a2,30,13,Normal
2026-04-27 20:17:34.440227,Berlin-60a2,-8,94,Normal
2026-04-27 20:17:35.440227,Berlin-60a2,9,37,Normal
2026-04-27 20:17:36.440227,Berlin-60a2,-10,16,Normal
2026-04-27 20:17:37.440227,Berlin-60a2,8,12,Normal
2026-04-27 20:17:38.440227,Berlin-60a2,30,76,Normal
2026-04-27 20:17:39.440227,Berlin-60a2,37,67,Normal
2026-04-27 20:17:40.440227,Berlin-60a2,-23,42,Normal
2026-04-27 20:17:41.440227,Berlin-60a2,-3,60,Normal
2026-04-27 20:17:42.440227,Berlin-60a2,31,73,Normal
2026-04-27 20:17:43.440227,Berlin-60a2,37,82,Normal
2026-04-27 20:17:44.440227,Berlin-60a2,-17,19,Normal
2026-04-27 20:17:45.440227,Berlin-60a2,-21,38,Normal
2026-04-27 20:17:46.440227,Berlin-60a2,0,90,Normal
2026-04-27 20:17:47.440227,Berlin-60a2,44,55,Normal
2026-04-27 20:17:48.440227,Berlin-60a2,4,43,Normal
2026-04-27 20:17:49.440227,Berlin-60a2,-26,47,Normal
2026-04-27 20:17:50.440227,Berlin-60a2,28,96,Normal
2026-04-27 20:17:51.440227,Berlin-60a2,33,65,Normal
2026-04-27 20:17:52.440227,Berlin-60a2,7,98,Normal
2026-04-27 20:17:53.440227,Berlin-60a2,-3,17,Normal
2026-04-27 20:17:54.440227,Berlin-60a2,13,31,Normal
2026-04-27 20:17:55.440227,Berlin-60a2,5,74,Normal
2026-04-27 20:17:56.440227,Berlin-60a2,-12,41,Normal
2026-04-27 20:17:57.440227,Berlin-60a2,2,48,Normal
2026-04-27 20:17:58.440227,Berlin-60a2,40,58,Normal
2026-04-27 20:17:59.440227,Berlin-60a2,35,10,Normal
2026-04-27 20:18:00.440227,Berlin-60a2,-11,32,Normal
2026-04-27 20:18:01.440227,Berlin-60a2,50,91,Normal
2026-04-27 20:18:02.440227,Berlin-60a2,32,63,Normal
2026-04-27 20:18:03.440227,Berlin-60a2,38,89,Normal
2026-04-27 20:18:04.440227,Berlin-60a2,2,19,Normal
2026-04-27 20:18:05.440227,Berlin-60a2,-1,53,Normal
2026-04-27 20:18:06.440227,Berlin-60a2,16,50,Normal
2026-04-27 20:18:07.440227,Berlin-60a2,-6,99,Normal
2026-04-27 20:18:08.440227,Berlin-60a2,0,10,Normal
2026-04-27 20:18:09.440227,Berlin-60a2,29,36,Normal
2026-04-27 20:18:10.440227,Berlin-60a2,-4,55,Normal
2026-04-27 20:18:11.440227,Berlin-60a2,-28,26,Normal
2026-04-27 20:18:12.440227,Berlin-60a2,38,55,Normal
2026-04-27 20:18:13.440227,Berlin-60a2,2,12,Normal
2026-04-27 20:18:14.440227,Berlin-60a2,42,21,Normal
2026-04-27 20:18:15.440227,Berlin-60a2,-20,80,Normal
2026-04-27 20:18:16.440227,Berlin-60a2,-10,40,Normal
2026-04-27 20:18:17.440227,Berlin-60a2,40,56,Normal
2026-04-27 20:18:18.440227,Berlin-60a2,45,55,Normal
2026-04-27 20:18:19.440227,Berlin-60a2,15,15,Normal
2026-04-27 20:18:20.440227,Berlin-60a2,41,43,Normal
2026-04-27 20:18:21.440227,Berlin-60a2,-12,27,Normal
2026-04-27 20:18:22.440227,Berlin-60a2,2,40,Normal
2026-04-27 20:18:23.440227,Berlin-60a2,42,55,Normal
2026-04-27 20:18:24.440227,Berlin-60a2,3,24,Normal
2026-04-27 20:18:25.440227,Berlin-60a2,-17,21,Normal
2026-04-27 20:18:26.440227,Berlin-60a2,6,87,Normal
2026-04-27 20:18:27.440227,Berlin-60a2,1,12,Normal
2026-04-27 20:18:28.440227,Berlin-60a2,40,83,Normal
2026-04-27 20:18:29.440227,Berlin-60a2,16,7,Normal
2026-04-27 20:18:30.440227,Berlin-60a2,-5,46,Normal
2026-04-27 20:18:31.440227,Berlin-60a2,4,96,Normal
2026-04-27 20:18:32.440227,Berlin-60a2,41,92,Normal
2026-04-27 20:18:33.440227,Berlin-60a2,20,98,Normal
2026-04-27 20:18:34.440227,Berlin-60a2,-16,73,Normal
2026-04-27 20:18:35.440227,Berlin-60a2,41,9,Normal
2026-04-27 20:18:36.440227,Berlin-60a2,33,26,Normal
2026-04-27 20:18:37.440227,Berlin-60a2,44,25,Normal
2026-04-27 20:18:38.440227,Berlin-60a2,21,13,Normal
2026-04-27 20:18:39.440227,Berlin-60a2,42,4,Normal
2026-04-27 20:18:40.440227,Berlin-60a2,41,5,Normal
2026-04-27 20:18:41.440227,Berlin-60a2,30,27,Normal
2026-04-27 20:18:42.440227,Berlin-60a2,-5,17,Normal
2026-04-27 20:18:43.440227,Berlin-60a2,-28,94,Normal
2026-04-27 20:18:44.440227,Berlin-60a2,-29,92,Normal
2026-04-27 20:18:45.440227,Berlin-60a2,-15,16,Normal
2026-04-27 20:18:46.440227,Berlin-60a2,-6,80,Normal
2026-04-27 20:18:47.440227,Berlin-60a2,-26,77,Normal
2026-04-27 20:18:48.440227,Berlin-60a2,28,50,Normal
2026-04-27 20:18:49.440227,Berlin-60a2,8,19,Normal
2026-04-27 20:18:50.440227,Berlin-60a2,49,23,Normal
2026-04-27 20:18:51.440227,Berlin-60a2,-1,53,Normal
2026-04-27 20:18:52.440227,Berlin-60a2,-21,51,Normal
2026-04-27 20:18:53.440227,Berlin-60a2,-5,85,Normal
2026-04-27 20:18:54.440227,Berlin-60a2,17,93,Normal
2026-04-27 20:18:55.440227,Berlin-60a2,23,59,Normal
2026-04-27 20:18:56.440227,Berlin-60a2,26,83,Normal
2026-04-27 20:18:57.440227,Berlin-60a2,29,32,Normal
2026-04-27 20:18:58.440227,Berlin-60a2,14,83,Normal
2026-04-27 20:18:59.440227,Berlin-60a2,-22,53,Normal
2026-04-27 20:19:00.440227,Berlin-60a2,49,49,Normal
2026-04-27 20:19:01.440227,Berlin-60a2,39,24,Normal
2026-04-27 20:19:02.440227,Berlin-60a2,-21,73,Normal
2026-04-27 20:19:03.440227,Berlin-60a2,-3,12,Normal
2026-04-27 20:19:04.440227,Berlin-60a2,14,96,Normal
2026-04-27 20:19:05.440227,Berlin-60a2,45,83,Normal
2026-04-27 20:19:06.440227,Berlin-60a2,26,58,Normal
2026-04-27 20:19:07.440227,Berlin-60a2,3,11,Normal
2026-04-27 20:19:08.440227,Berlin-60a2,12,0,Normal
2026-04-27 20:19:09.440227,Berlin-60a2,46,32,Normal
2026-04-27 20:19:10.440227,Berlin-60a2,-5,42,Normal
2026-04-27 20:19:11.440227,Berlin-60a2,-12,34,Normal
2026-04-27 20:19:12.440227,Berlin-60a2,26,45,Normal
2026-04-27 20:19:13.440227,Berlin-60a2,-7,29,Normal
2026-04-27 20:19:14.440227,Berlin-60a2,-12,34,Normal
2026-04-27 20:19:15.440227,Berlin-60a2,23,9,Normal
2026-04-27 20:19:16.440227,Berlin-60a2,42,49,Normal
2026-04-27 20:19:17.440227,Berlin-60a2,-2,56,Normal
2026-04-27 20:19:18.440227,Berlin-60a2,38,44,Normal
2026-04-27 20:19:19.440227,Berlin-60a2,-6,69,Normal
2026-04-27 20:19:20.440227,Berlin-60a2,33,62,Normal
2026-04-27 20:19:21.440227,Berlin-60a2,21,19,Normal
2026-04-27 20:19:22.440227,Berlin-60a2,24,61,Normal
2026-04-27 20:19:23.440227,Berlin-60a2,4,60,Normal
2026-04-27 20:19:24.440227,Berlin-60a2,-12,94,Normal
2026-04-27 20:19:25.440227,Berlin-60a2,14,83,Normal
2026-04-27 20:19:26.440227,Berlin-60a2,46,100,Normal
2026-04-27 20:19:27.440227,Berlin-60a2,-20,13,Normal
2026-04-27 20:19:28.440227,Berlin-60a2,46,59,Normal
2026-04-27 20:19:29.440227,Berlin-60a2,33,46,Normal
2026-04-27 20:19:30.440227,Berlin-60a2,-17,88,Normal
2026-04-27 20:19:31.440227,Berlin-60a2,13,14,Normal
2026-04-27 20:19:32.440227,Berlin-60a2,22,80,Normal
2026-04-27 20:19:33.440227,Berlin-60a2,4,94,Normal
2026-04-27 20:19:34.440227,Berlin-60a2,14,29,Normal
2026-04-27 20:19:35.440227,Berlin-60a2,6,32,Normal
2026-04-27 20:19:36.440227,Berlin-60a2,12,31,Normal
2026-04-27 20:19:37.440227,Berlin-60a2,2,18,Normal
2026-04-27 20:19:38.440227,Berlin-60a2,41,89,Normal
2026-04-27 20:19:39.440227,Berlin-60a2,4,66,Normal
2026-04-27 20:19:40.440227,Berlin-60a2,-27,51,Normal
2026-04-27 20:19:41.440227,Berlin-60a2,5,20,Normal
2026-04-27 20:19:42.440227,Berlin-60a2,-17,35,Normal
2026-04-27 20:19:43.440227,Berlin-60a2,19,87,Normal
2026-04-27 20:19:44.440227,Berlin-60a2,-1,0,Normal
2026-04-27 20:19:45.440227,Berlin-60a2,-17,49,Normal
2026-04-27 20:19:46.440227,Berlin-60a2,6,0,Normal
2026-04-27 20:19:47.440227,Berlin-60a2,-17,16,Normal
2026-04-27 20:19:48.440227,Berlin-60a2,-2,36,Normal
2026-04-27 20:19:49.440227,Berlin-60a2,38,88,Normal
2026-04-27 20:19:50.440227,Berlin-60a2,14,51,Normal
2026-04-27 20:19:51.440227,Berlin-60a2,49,74,Normal
2026-04-27 20:19:52.440227,Berlin-60a2,45,33,Normal
2026-04-27 20:19:53.440227,Berlin-60a2,21,98,Normal
2026-04-27 20:19:54.440227,Berlin-60a2,-5,56,Normal
2026-04-27 20:19:55.440227,Berlin-60a2,-9,9,Normal
2026-04-27 20:19:56.440227,Berlin-60a2,13,0,Normal
2026-04-27 20:19:57.440227,Berlin-60a2,35,85,Normal
2026-04-27 20:19:58.440227,Berlin-60a2,48,8,Normal
2026-04-27 20:19:59.440227,Berlin-60a2,4,59,Normal
2026-04-27 20:20:00.440227,Berlin-60a2,-21,74,Normal
2026-04-27 20:20:01.440227,Berlin-60a2,3,9,Normal
2026-04-27 20:20:02.440227,Berlin-60a2,-21,13,Normal
2026-04-27 20:20:03.440227,Berlin-60a2,11,49,Normal
2026-04-27 20:20:04.440227,Berlin-60a2,-25,100,Normal
2026-04-27 20:20:05.440227,Berlin-60a2,44,55,Normal
2026-04-27 20:20:06.440227,Berlin-60a2,-11,1,Normal
2026-04-27 20:20:07.440227,Berlin-60a2,38,18,Normal
2026-04-27 20:20:08.440227,Berlin-60a2,36,80,Normal
2026-04-27 20:20:09.440227,Berlin-60a2,44,25,Normal
2026-04-27 20:20:10.440227,Berlin-60a2,34,22,Normal
2026-04-27 20:20:11.440227,Berlin-60a2,20,63,Normal
2026-04-27 20:20:12.440227,Berlin-60a2,18,14,Normal
2026-04-27 20:20:13.440227,Berlin-60a2,-10,3,Normal
2026-04-27 20:20:14.440227,Berlin-60a2,-17,10,Normal
2026-04-27 20:20:15.440227,Berlin-60a2,17,95,Normal
2026-04-27 20:20:16.440227,Berlin-60a2,35,28,Normal
2026-04-27 20:20:17.440227,Berlin-60a2,-22,45,Normal
2026-04-27 20:20:18.440227,Berlin-60a2,-16,1,Normal
2026-04-27 20:20:19.440227,Berlin-60a2,-14,4,Normal
2026-04-27 20:20:20.440227,Berlin-60a2,13,31,Normal
2026-04-27 20:20:21.440227,Berlin-60a2,-21,32,Normal
2026-04-27 20:20:22.440227,Berlin-60a2,2,9,Normal
2026-04-27 20:20:23.440227,Berlin-60a2,-26,57,Normal
2026-04-27 20:20:24.440227,Berlin-60a2,-19,6,Normal
2026-04-27 20:20:25.440227,Berlin-60a2,-29,79,Normal
2026-04-27 20:20:26.440227,Berlin-60a2,18,50,Normal
2026-04-27 20:20:27.440227,Berlin-60a2,3,0,Normal
2026-04-27 20:20:28.440227,Berlin-60a2,4,51,Normal
2026-04-27 20:20:29.440227,Berlin-60a2,32,1,Normal
2026-04-27 20:20:30.440227,Berlin-60a2,32,91,Normal
2026-04-27 20:20:31.440227,Berlin-60a2,34,3,Normal
2026-04-27 20:20:32.440227,Berlin-60a2,10,6,Normal
2026-04-27 20:20:33.440227,Berlin-60a2,-11,27,Normal
2026-04-27 20:20:34.440227,Berlin-60a2,21,80,Normal
2026-04-27 20:20:35.440227,Berlin-60a2,46,19,Normal
2026-04-27 20:20:36.440227,Berlin-60a2,19,54,Normal
2026-04-27 20:20:37.440227,Berlin-60a2,-20,4,Normal
2026-04-27 20:20:38.440227,Berlin-60a2,2,29,Normal
2026-04-27 20:20:39.440227,Berlin-60a2,31,19,Normal
2026-04-27 20:20:40.440227,Berlin-60a2,16,50,Normal
2026-04-27 20:20:41.440227,Berlin-60a2,47,88,Normal
2026-04-27 20:20:42.440227,Berlin-60a2,-22,82,Normal
2026-04-27 20:20:43.440227,Berlin-60a2,27,31,Normal
2026-04-27 20:20:44.440227,Berlin-60a2,23,77,Normal
2026-04-27 20:20:45.440227,Berlin-60a2,19,30,Normal
2026-04-27 20:20:46.440227,Berlin-60a2,26,12,Normal
2026-04-27 20:20:47.440227,Berlin-60a2,-13,100,Normal
2026-04-27 20:20:48.440227,Berlin-60a2,16,27,Normal
2026-04-27 20:20:49.440227,Berlin-60a2,27,35,Normal
2026-04-27 20:20:50.440227,Berlin-60a2,14,23,Normal
2026-04-27 20:20:51.440227,Berlin-60a2,43,81,Normal
2026-04-27 20:20:52.440227,Berlin-60a2,5,39,Normal
2026-04-27 20:20:53.440227,Berlin-60a2,24,98,Normal
2026-04-27 20:20:54.440227,Berlin-60a2,48,5,Normal
2026-04-27 20:20:55.440227,Berlin-60a2,-13,26,Normal
2026-04-27 20:20:56.440227,Berlin-60a2,15,44,Normal
2026-04-27 20:20:57.440227,Berlin-60a2,23,85,Normal
2026-04-27 20:20:58.440227,Berlin-60a2,3,16,Normal
2026-04-27 20:20:59.440227,Berlin-60a2,16,10,Normal
2026-04-27 20:21:00.440227,Berlin-60a2,-8,28,Normal
2026-04-27 20:21:01.440227,Berlin-60a2,4,70,Normal
2026-04-27 20:21:02.440227,Berlin-60a2,-2,64,Normal
2026-04-27 20:21:03.440227,Berlin-60a2,50,22,Normal
2026-04-27 20:21:04.440227,Berlin-60a2,-23,39,Normal
2026-04-27 20:21:05.440227,Berlin-60a2,37,100,Normal
2026-04-27 20:21:06.440227,Berlin-60a2,-28,46,Normal
2026-04-27 20:21:07.440227,Berlin-60a2,5,95,Normal
2026-04-27 20:21:08.440227,Berlin-60a2,-5,93,Normal
2026-04-27 20:21:09.440227,Berlin-60a2,-5,80,Normal
2026-04-27 20:21:10.440227,Berlin-60a2,43,4,Normal
2026-04-27 20:21:11.440227,Berlin-60a2,50,88,Normal
2026-04-27 20:21:12.440227,Berlin-60a2,-14,31,Normal
2026-04-27 20:21:13.440227,Berlin-60a2,3,41,Normal
2026-04-27 20:21:14.440227,Berlin-60a2,28,56,Normal
2026-04-27 20:21:15.440227,Berlin-60a2,32,90,Normal
2026-04-27 20:21:16.440227,Berlin-60a2,-5,5,Normal
2026-04-27 20:21:17.440227,Berlin-60a2,49,51,Normal
2026-04-27 20:21:18.440227,Berlin-60a2,44,73,Normal
2026-04-27 20:21:19.440227,Berlin-60a2,10,54,Normal
2026-04-27 20:21:20.440227,Berlin-60a2,16,92,Normal
2026-04-27 20:21:21.440227,Berlin-60a2,19,50,Normal
2026-04-27 20:21:22.440227,Berlin-60a2,-21,69,Normal
2026-04-27 20:21:23.440227,Berlin-60a2,18,22,Normal
2026-04-27 20:21:24.440227,Berlin-60a2,42,46,Normal
2026-04-27 20:21:25.440227,Berlin-60a2,-3,26,Normal
2026-04-27 20:21:26.440227,Berlin-60a2,-11,71,Normal
2026-04-27 20:21:27.440227,Berlin-60a2,-23,95,Normal
2026-04-27 20:21:28.440227,Berlin-60a2,-1,9,Normal
2026-04-27 20:21:29.440227,Berlin-60a2,9,81,Normal
2026-04-27 20:21:30.440227,Berlin-60a2,49,3,Normal
2026-04-27 20:21:31.440227,Berlin-60a2,33,79,Normal
2026-04-27 20:21:32.440227,Berlin-60a2,-7,36,Normal
2026-04-27 20:21:33.440227,Berlin-60a2,-19,23,Normal
2026-04-27 20:21:34.440227,Berlin-60a2,43,19,Normal
2026-04-27 20:21:35.440227,Berlin-60a2,11,93,Normal
2026-04-27 20:21:36.440227,Berlin-60a2,39,14,Normal
2026-04-27 20:21:37.440227,Berlin-60a2,-20,94,Normal
2026-04-27 20:21:38.440227,Berlin-60a2,7,92,Normal
2026-04-27 20:21:39.440227,Berlin-60a2,-16,68,Normal
2026-04-27 20:21:40.440227,Berlin-60a2,47,34,Normal
2026-04-27 20:21:41.440227,Berlin-60a2,-20,18,Normal
2026-04-27 20:21:42.440227,Berlin-60a2,-22,9,Normal
2026-04-27 20:21:43.440227,Berlin-60a2,33,84,Normal
2026-04-27 20:21:44.440227,Berlin-60a2,13,61,Normal
2026-04-27 20:21:45.440227,Berlin-60a2,-24,47,Normal
2026-04-27 20:21:46.440227,Berlin-60a2,4,87,Normal
2026-04-27 20:21:47.440227,Berlin-60a2,49,66,Normal
2026-04-27 20:21:48.440227,Berlin-60a2,-8,87,Normal
2026-04-27 20:21:49.440227,Berlin-60a2,13,5,Normal
2026-04-27 20:21:50.440227,Berlin-60a2,33,53,Normal
2026-04-27 20:21:51.440227,Berlin-60a2,-14,20,Normal
2026-04-27 20:21:52.440227,Berlin-60a2,30,22,Normal
2026-04-27 20:21:53.440227,Berlin-60a2,-24,80,Normal
2026-04-27 20:21:54.440227,Berlin-60a2,33,36,Normal
2026-04-27 20:21:55.440227,Berlin-60a2,-13,68,Normal
2026-04-27 20:21:56.440227,Berlin-60a2,6,53,Normal
2026-04-27 20:21:57.440227,Berlin-60a2,-8,94,Normal
2026-04-27 20:21:58.440227,Berlin-60a2,14,38,Normal
2026-04-27 20:21:59.440227,Berlin-60a2,2,62,Normal
2026-04-27 20:22:00.440227,Berlin-60a2,36,5,Normal
2026-04-27 20:22:01.440227,Berlin-60a2,11,37,Normal
2026-04-27 20:22:02.440227,Berlin-60a2,3,3,Normal
2026-04-27 20:22:03.440227,Berlin-60a2,4,54,Normal
2026-04-27 20:22:04.440227,Berlin-60a2,38,18,Normal
2026-04-27 20:22:05.440227,Berlin-60a2,31,91,Normal
2026-04-27 20:22:06.440227,Berlin-60a2,29,93,Normal
2026-04-27 20:22:07.440227,Berlin-60a2,40,87,Normal
2026-04-27 20:22:08.440227,Berlin-60a2,36,15,Normal
2026-04-27 20:22:09.440227,Berlin-60a2,7,64,Normal
2026-04-27 20:22:10.440227,Berlin-60a2,21,65,Normal
2026-04-27 20:22:11.440227,Berlin-60a2,49,26,Normal
2026-04-27 20:22:12.440227,Berlin-60a2,4,99,Normal
2026-04-27 20:22:13.440227,Berlin-60a2,37,89,Normal
2026-04-27 20:22:14.440227,Berlin-60a2,-23,46,Normal
2026-04-27 20:22:15.440227,Berlin-60a2,-6,64,Normal
2026-04-27 20:22:16.440227,Berlin-60a2,-27,97,Normal
2026-04-27 20:22:17.440227,Berlin-60a2,7,3,Normal
2026-04-27 20:22:18.440227,Berlin-60a2,18,14,Normal
2026-04-27 20:22:19.440227,Berlin-60a2,-5,20,Normal
2026-04-27 20:22:20.440227,Berlin-60a2,12,80,Normal
2026-04-27 20:22:21.440227,Berlin-60a2,45,58,Normal
2026-04-27 20:22:22.440227,Berlin-60a2,-3,95,Normal
2026-04-27 20:22:23.440227,Berlin-60a2,-3,28,Normal
2026-04-27 20:22:24.440227,Berlin-60a2,35,47,Normal
2026-04-27 20:22:25.440227,Berlin-60a2,49,31,Normal
2026-04-27 20:22:26.440227,Berlin-60a2,38,71,Normal
2026-04-27 20:22:27.440227,Berlin-60a2,42,68,Normal
2026-04-27 20:22:28.440227,Berlin-60a2,18,72,Normal
2026-04-27 20:22:29.440227,Berlin-60a2,4,74,Normal
2026-04-27 20:22:30.440227,Berlin-60a2,9,1,Normal
2026-04-27 20:22:31.440227,Berlin-60a2,50,96,Normal
2026-04-27 20:22:32.440227,Berlin-60a2,-12,16,Normal
2026-04-27 20:22:33.440227,Berlin-60a2,14,79,Normal
2026-04-27 20:22:34.440227,Berlin-60a2,-2,43,Normal
2026-04-27 20:22:35.440227,Berlin-60a2,11,87,Normal
2026-04-27 20:22:36.440227,Berlin-60a2,44,83,Normal
2026-04-27 20:22:37.440227,Berlin-60a2,5,63,Normal
2026-04-27 20:22:38.440227,Berlin-60a2,47,100,Normal
2026-04-27 20:22:39.440227,Berlin-60a2,1,21,Normal
2026-04-27 20:22:40.440227,Berlin-60a2,-10,96,Normal
2026-04-27 20:22:41.440227,Berlin-60a2,40,98,Normal
2026-04-27 20:22:42.440227,Berlin-60a2,31,70,Normal
2026-04-27 20:22:43.440227,Berlin-60a2,-8,84,Normal
2026-04-27 20:22:44.440227,Berlin-60a2,-7,28,Normal
2026-04-27 20:22:45.440227,Berlin-60a2,-25,100,Normal
2026-04-27 20:22:46.440227,Berlin-60a2,-26,3,Normal
2026-04-27 20:22:47.440227,Berlin-60a2,44,31,Normal
2026-04-27 20:22:48.440227,Berlin-60a2,7,75,Normal
2026-04-27 20:22:49.440227,Berlin-60a2,-26,93,Normal
2026-04-27 20:22:50.440227,Berlin-60a2,-2,94,Normal
2026-04-27 20:22:51.440227,Berlin-60a2,48,90,Normal
2026-04-27 20:22:52.440227,Berlin-60a2,25,93,Normal
2026-04-27 20:22:53.440227,Berlin-60a2,44,52,Normal
2026-04-27 20:22:54.440227,Berlin-60a2,28,6,Normal
2026-04-27 20:22:55.440227,Berlin-60a2,25,59,Normal
2026-04-27 20:22:56.440227,Berlin-60a2,0,0,Normal
2026-04-27 20:22:57.440227,Berlin-60a2,-7,10,Normal
2026-04-27 20:22:58.440227,Berlin-60a2,-19,22,Normal
2026-04-27 20:22:59.440227,Berlin-60a2,1,83,Normal
2026-04-27 20:23:00.440227,Berlin-60a2,36,28,Normal
2026-04-27 20:23:01.440227,Berlin-60a2,46,44,Normal
2026-04-27 20:23:02.440227,Berlin-60a2,29,12,Normal
2026-04-27 20:23:03.440227,Berlin-60a2,-6,53,Normal
2026-04-27 20:23:04.440227,Berlin-60a2,-28,55,Normal
2026-04-27 20:23:05.440227,Berlin-60a2,-24,14,Normal
2026-04-27 20:23:06.440227,Berlin-60a2,28,83,Normal
2026-04-27 20:23:07.440227,Berlin-60a2,45,47,Normal
2026-04-27 20:23:08.440227,Berlin-60a2,-29,37,Normal
2026-04-27 20:23:09.440227,Berlin-60a2,36,61,Normal
2026-04-27 20:23:10.440227,Berlin-60a2,40,27,Normal
2026-04-27 20:23:11.440227,Berlin-60a2,-20,69,Normal
2026-04-27 20:23:12.440227,Berlin-60a2,35,36,Normal
2026-04-27 20:23:13.440227,Berlin-60a2,14,99,Normal
2026-04-27 20:23:14.440227,Berlin-60a2,18,56,Normal
2026-04-27 20:23:15.440227,Berlin-60a2,49,79,Normal
2026-04-27 20:23:16.440227,Berlin-60a2,37,50,Normal
2026-04-27 20:23:17.440227,Berlin-60a2,45,66,Normal
2026-04-27 20:23:18.440227,Berlin-60a2,14,62,Normal
2026-04-27 20:23:19.440227,Berlin-60a2,4,59,Normal
2026-04-27 20:23:20.440227,Berlin-60a2,22,6,Normal
2026-04-27 20:23:21.440227,Berlin-60a2,-15,54,Normal
2026-04-27 20:23:22.440227,Berlin-60a2,5,75,Normal
2026-04-27 20:23:23.440227,Berlin-60a2,-19,33,Normal
2026-04-27 20:23:24.440227,Berlin-60a2,-20,23,Normal
2026-04-27 20:23:25.440227,Berlin-60a2,16,44,Normal
2026-04-27 20:23:26.440227,Berlin-60a2,38,38,Normal
2026-04-27 20:23:27.440227,Berlin-60a2,-10,69,Normal
2026-04-27 20:23:28.440227,Berlin-60a2,40,51,Normal
2026-04-27 20:23:29.440227,Berlin-60a2,20,53,Normal
2026-04-27 20:23:30.440227,Berlin-60a2,-9,18,Normal
2026-04-27 20:23:31.440227,Berlin-60a2,-27,49,Normal
2026-04-27 20:23:32.440227,Berlin-60a2,-10,37,Normal
2026-04-27 20:23:33.440227,Berlin-60a2,46,41,Normal
2026-04-27 20:23:34.440227,Berlin-60a2,-27,26,Normal
2026-04-27 20:23:35.440227,Berlin-60a2,-24,49,Normal
2026-04-27 20:23:36.440227,Berlin-60a2,12,66,Normal
2026-04-27 20:23:37.440227,Berlin-60a2,44,97,Normal
2026-04-27 20:23:38.440227,Berlin-60a2,23,71,Normal
2026-04-27 20:23:39.440227,Berlin-60a2,12,30,Normal
2026-04-27 20:23:40.440227,Berlin-60a2,40,54,Normal
2026-04-27 20:23:41.440227,Berlin-60a2,-14,56,Normal
2026-04-27 20:23:42.440227,Berlin-60a2,-19,6,Normal
2026-04-27 20:23:43.440227,Berlin-60a2,26,95,Normal
2026-04-27 20:23:44.440227,Berlin-60a2,-26,85,Normal
2026-04-27 20:23:45.440227,Berlin-60a2,-30,9,Normal
2026-04-27 20:23:46.440227,Berlin-60a2,-8,25,Normal
2026-04-27 20:23:47.440227,Berlin-60a2,9,11,Normal
2026-04-27 20:23:48.440227,Berlin-60a2,-21,95,Normal
2026-04-27 20:23:49.440227,Berlin-60a2,-30,49,Normal
2026-04-27 20:23:50.440227,Berlin-60a2,21,9,Normal
2026-04-27 20:23:51.440227,Berlin-60a2,22,61,Normal
2026-04-27 20:23:52.440227,Berlin-60a2,-13,75,Normal
2026-04-27 20:23:53.440227,Berlin-60a2,32,63,Normal
2026-04-27 20:23:54.440227,Berlin-60a2,45,74,Normal
2026-04-27 20:23:55.440227,Berlin-60a2,45,74,Normal
2026-04-27 20:23:56.440227,Berlin-60a2,20,33,Normal
2026-04-27 20:23:57.440227,Berlin-60a2,19,70,Normal
2026-04-27 20:23:58.440227,Berlin-60a2,-8,50,Normal
2026-04-27 20:23:59.440227,Berlin-60a2,39,79,Normal
2026-04-27 20:24:00.440227,Berlin-60a2,2,1,Normal
2026-04-27 20:24:01.440227,Berlin-60a2,-27,18,Normal
2026-04-27 20:24:02.440227,Berlin-60a2,12,79,Normal
2026-04-27 20:24:03.440227,Berlin-60a2,16,78,Normal
2026-04-27 20:24:04.440227,Berlin-60a2,3,21,Normal
2026-04-27 20:24:05.440227,Berlin-60a2,-25,28,Normal
2026-04-27 20:24:06.440227,Berlin-60a2,6,98,Normal
2026-04-27 20:24:07.440227,Berlin-60a2,34,44,Normal
2026-04-27 20:24:08.440227,Berlin-60a2,38,37,Normal
2026-04-27 20:24:09.440227,Berlin-60a2,-9,52,Normal
2026-04-27 20:24:10.440227,Berlin-60a2,10,17,Normal
2026-04-27 20:24:11.440227,Berlin-60a2,46,4,Normal
2026-04-27 20:24:12.440227,Berlin-60a2,43,28,Normal
2026-04-27 20:24:13.440227,Berlin-60a2,-2,83,Normal
2026-04-27 20:24:14.440227,Berlin-60a2,-1,66,Normal
2026-04-27 20:24:15.440227,Berlin-60a2,-30,9,Normal
2026-04-27 20:24:16.440227,Berlin-60a2,34,90,Normal
2026-04-27 20:24:17.440227,Berlin-60a2,33,15,Normal
2026-04-27 20:24:18.440227,Berlin-60a2,7,83,Normal
2026-04-27 20:24:19.440227,Berlin-60a2,23,55,Normal
2026-04-27 20:24:20.440227,Berlin-60a2,13,41,Normal
2026-04-27 20:24:21.440227,Berlin-60a2,16,59,Normal
2026-04-27 20:24:22.440227,Berlin-60a2,26,100,Normal
2026-04-27 20:24:23.440227,Berlin-60a2,-10,1,Normal
2026-04-27 20:24:24.440227,Berlin-60a2,23,43,Normal
2026-04-27 20:24:25.440227,Berlin-60a2,48,75,Normal
2026-04-27 20:24:26.440227,Berlin-60a2,-18,69,Normal
2026-04-27 20:24:27.440227,Berlin-60a2,49,37,Normal
2026-04-27 20:24:28.440227,Berlin-60a2,25,85,Normal
2026-04-27 20:24:29.440227,Berlin-60a2,22,51,Normal
2026-04-27 20:24:30.440227,Berlin-60a2,-24,68,Normal
2026-04-27 20:24:31.440227,Berlin-60a2,-22,49,Normal
2026-04-27 20:24:32.440227,Berlin-60a2,33,1,Normal
2026-04-27 20:24:33.440227,Berlin-60a2,-15,77,Normal
2026-04-27 20:24:34.440227,Berlin-60a2,45,1,Normal
2026-04-27 20:24:35.440227,Berlin-60a2,24,14,Normal
2026-04-27 20:24:36.440227,Berlin-60a2,-16,54,Normal
2026-04-27 20:24:37.440227,Berlin-60a2,-9,44,Normal
2026-04-27 20:24:38.440227,Berlin-60a2,-8,4,Normal
2026-04-27 20:24:39.440227,Berlin-60a2,31,60,Normal
2026-04-27 20:24:40.440227,Berlin-60a2,-24,71,Normal
2026-04-27 20:24:41.440227,Berlin-60a2,-11,78,Normal
2026-04-27 20:24:42.440227,Berlin-60a2,34,81,Normal
2026-04-27 20:24:43.440227,Berlin-60a2,27,85,Normal
2026-04-27 20:24:44.440227,Berlin-60a2,-13,85,Normal
2026-04-27 20:24:45.440227,Berlin-60a2,14,42,Normal
2026-04-27 20:24:46.440227,Berlin-60a2,-27,2,Normal
2026-04-27 20:24:47.440227,Berlin-60a2,-27,6,Normal
2026-04-27 20:24:48.440227,Berlin-60a2,-15,12,Normal
2026-04-27 20:24:49.440227,Berlin-60a2,27,34,Normal
2026-04-27 20:24:50.440227,Berlin-60a2,-15,39,Normal
2026-04-27 20:24:51.440227,Berlin-60a2,47,74,Normal
2026-04-27 20:24:52.440227,Berlin-60a2,-5,41,Normal
2026-04-27 20:24:53.440227,Berlin-60a2,-4,29,Normal
2026-04-27 20:24:54.440227,Berlin-60a2,23,32,Normal
2026-04-27 20:24:55.440227,Berlin-60a2,34,85,Normal
2026-04-27 20:24:56.440227,Berlin-60a2,0,85,Normal
2026-04-27 20:24:57.440227,Berlin-60a2,-20,49,Normal
2026-04-27 20:24:58.440227,Berlin-60a2,-5,77,Normal
2026-04-27 20:24:59.440227,Berlin-60a2,2,24,Normal
2026-04-27 20:25:00.440227,Berlin-60a2,20,57,Normal
2026-04-27 20:25:01.440227,Berlin-60a2,13,33,Normal
2026-04-27 20:25:02.440227,Berlin-60a2,38,48,Normal
2026-04-27 20:25:03.440227,Berlin-60a2,-18,43,Normal
2026-04-27 20:25:04.440227,Berlin-60a2,-16,9,Normal
2026-04-27 20:25:05.440227,Berlin-60a2,49,84,Normal
2026-04-27 20:25:06.440227,Berlin-60a2,-28,36,Normal
2026-04-27 20:25:07.440227,Berlin-60a2,26,74,Normal
2026-04-27 20:25:08.440227,Berlin-60a2,16,60,Normal
2026-04-27 20:25:09.440227,Berlin-60a2,19,50,Normal
2026-04-27 20:25:10.440227,Berlin-60a2,21,11,Normal
2026-04-27 20:25:11.440227,Berlin-60a2,-7,29,Normal
2026-04-27 20:25:12.440227,Berlin-60a2,37,82,Normal
2026-04-27 20:25:13.440227,Berlin-60a2,45,91,Normal
2026-04-27 20:25:14.440227,Berlin-60a2,-12,67,Normal
2026-04-27 20:25:15.440227,Berlin-60a2,50,61,Normal
2026-04-27 20:25:16.440227,Berlin-60a2,-27,39,Normal
2026-04-27 20:25:17.440227,Berlin-60a2,-3,66,Normal
2026-04-27 20:25:18.440227,Berlin-60a2,19,32,Normal
2026-04-27 20:25:19.440227,Berlin-60a2,34,58,Normal
2026-04-27 20:25:20.440227,Berlin-60a2,8,47,Normal
2026-04-27 20:25:21.440227,Berlin-60a2,28,43,Normal
2026-04-27 20:25:22.440227,Berlin-60a2,-24,100,Normal
2026-04-27 20:25:23.440227,Berlin-60a2,24,84,Normal
2026-04-27 20:25:24.440227,Berlin-60a2,-15,34,Normal
2026-04-27 20:25:25.440227,Berlin-60a2,-22,44,Normal
2026-04-27 20:25:26.440227,Berlin-60a2,20,29,Normal
2026-04-27 20:25:27.440227,Berlin-60a2,27,3,Normal
2026-04-27 20:25:28.440227,Berlin-60a2,35,56,Normal
2026-04-27 20:25:29.440227,Berlin-60a2,-17,95,Normal
2026-04-27 20:25:30.440227,Berlin-60a2,46,89,Normal
2026-04-27 20:25:31.440227,Berlin-60a2,-20,80,Normal
2026-04-27 20:25:32.440227,Berlin-60a2,33,100,Normal
2026-04-27 20:25:33.440227,Berlin-60a2,-4,35,Normal
2026-04-27 20:25:34.440227,Berlin-60a2,43,24,Normal
2026-04-27 20:25:35.440227,Berlin-60a2,46,48,Normal
2026-04-27 20:25:36.440227,Berlin-60a2,18,1,Normal
2026-04-27 20:25:37.440227,Berlin-60a2,34,92,Normal
2026-04-27 20:25:38.440227,Berlin-60a2,42,71,Normal
2026-04-27 20:25:39.440227,Berlin-60a2,5,78,Normal
2026-04-27 20:25:40.440227,Berlin-60a2,49,57,Normal
2026-04-27 20:25:41.440227,Berlin-60a2,-28,45,Normal
2026-04-27 20:25:42.440227,Berlin-60a2,46,11,Normal
2026-04-27 20:25:43.440227,Berlin-60a2,-10,7,Normal
2026-04-27 20:25:44.440227,Berlin-60a2,-22,92,Normal
2026-04-27 20:25:45.440227,Berlin-60a2,-9,90,Normal
2026-04-27 20:25:46.440227,Berlin-60a2,-5,64,Normal
2026-04-27 20:25:47.440227,Berlin-60a2,-11,84,Normal
2026-04-27 20:25:48.440227,Berlin-60a2,-29,77,Normal
2026-04-27 20:25:49.440227,Berlin-60a2,-30,20,Normal
2026-04-27 20:25:50.440227,Berlin-60a2,28,32,Normal
2026-04-27 20:25:51.440227,Berlin-60a2,9,81,Normal
2026-04-27 20:25:52.440227,Berlin-60a2,29,27,Normal
2026-04-27 20:25:53.440227,Berlin-60a2,-28,63,Normal
2026-04-27 20:25:54.440227,Berlin-60a2,40,100,Normal
2026-04-27 20:25:55.440227,Berlin-60a2,27,2,Normal
2026-04-27 20:25:56.440227,Berlin-60a2,-14,22,Normal
2026-04-27 20:25:57.440227,Berlin-60a2,-20,57,Normal
2026-04-27 20:25:58.440227,Berlin-60a2,37,21,Normal
2026-04-27 20:25:59.440227,Berlin-60a2,30,18,Normal
2026-04-27 20:26:00.440227,Berlin-60a2,45,83,Normal
2026-04-27 20:26:01.440227,Berlin-60a2,-30,80,Normal
2026-04-27 20:26:02.440227,Berlin-60a2,-5,53,Normal
2026-04-27 20:26:03.440227,Berlin-60a2,1,13,Normal
2026-04-27 20:26:04.440227,Berlin-60a2,-1,6,Normal
2026-04-27 20:26:05.440227,Berlin-60a2,-21,14,Normal
2026-04-27 20:26:06.440227,Berlin-60a2,12,84,Normal
2026-04-27 20:26:07.440227,Berlin-60a2,3,100,Normal
2026-04-27 20:26:08.440227,Berlin-60a2,7,4,Normal
2026-04-27 20:26:09.440227,Berlin-60a2,46,58,Normal
2026-04-27 20:26:10.440227,Berlin-60a2,27,56,Normal
2026-04-27 20:26:11.440227,Berlin-60a2,16,8,Normal
2026-04-27 20:26:12.440227,Berlin-60a2,-17,77,Normal
2026-04-27 20:26:13.440227,Berlin-60a2,43,18,Normal
2026-04-27 20:26:14.440227,Berlin-60a2,25,38,Normal
2026-04-27 20:26:15.440227,Berlin-60a2,24,12,Normal
2026-04-27 20:26:16.440227,Berlin-60a2,-9,75,Normal
2026-04-27 20:26:17.440227,Berlin-60a2,-12,89,Normal
2026-04-27 20:26:18.440227,Berlin-60a2,12,2,Normal
2026-04-27 20:26:19.440227,Berlin-60a2,-4,47,Normal
2026-04-27 20:26:20.440227,Berlin-60a2,-28,77,Normal
2026-04-27 20:26:21.440227,Berlin-60a2,48,77,Normal
2026-04-27 20:26:22.440227,Berlin-60a2,-12,8,Normal
2026-04-27 20:26:23.440227,Berlin-60a2,30,64,Normal
2026-04-27 20:26:24.440227,Berlin-60a2,41,99,Normal
2026-04-27 20:26:25.440227,Berlin-60a2,16,91,Normal
2026-04-27 20:26:26.440227,Berlin-60a2,-29,2,Normal
2026-04-27 20:26:27.440227,Berlin-60a2,13,49,Normal
2026-04-27 20:26:28.440227,Berlin-60a2,49,64,Normal
2026-04-27 20:26:29.440227,Berlin-60a2,-13,11,Normal
2026-04-27 20:26:30.440227,Berlin-60a2,-26,17,Normal
2026-04-27 20:26:31.440227,Berlin-60a2,40,22,Normal
2026-04-27 20:26:32.440227,Berlin-60a2,39,66,Normal
2026-04-27 20:26:33.440227,Berlin-60a2,22,2,Normal
2026-04-27 20:26:34.440227,Berlin-60a2,-3,42,Normal
2026-04-27 20:26:35.440227,Berlin-60a2,23,62,Normal
2026-04-27 20:26:36.440227,Berlin-60a2,41,45,Normal
2026-04-27 20:26:37.440227,Berlin-60a2,24,14,Normal
2026-04-27 20:26:38.440227,Berlin-60a2,27,76,Normal
2026-04-27 20:26:39.440227,Berlin-60a2,-17,48,Normal
2026-04-27 20:26:40.440227,Berlin-60a2,17,60,Normal
2026-04-27 20:26:41.440227,Berlin-60a2,-20,56,Normal
2026-04-27 20:26:42.440227,Berlin-60a2,0,4,Normal
2026-04-27 20:26:43.440227,Berlin-60a2,36,3,Normal
2026-04-27 20:26:44.440227,Berlin-60a2,47,91,Normal
2026-04-27 20:26:45.440227,Berlin-60a2,47,47,Normal
2026-04-27 20:26:46.440227,Berlin-60a2,-19,80,Normal
2026-04-27 20:26:47.440227,Berlin-60a2,19,30,Normal
2026-04-27 20:26:48.440227,Berlin-60a2,-25,8,Normal
2026-04-27 20:26:49.440227,Berlin-60a2,23,85,Normal
2026-04-27 20:26:50.440227,Berlin-60a2,27,54,Normal
2026-04-27 20:26:51.440227,Berlin-60a2,47,37,Normal
2026-04-27 20:26:52.440227,Berlin-60a2,28,65,Normal
2026-04-27 20:26:53.440227,Berlin-60a2,42,14,Normal
2026-04-27 20:26:54.440227,Berlin-60a2,17,80,Normal
