timestamp,station_id,temp,humid,condition
2026-02-08 15:38:21.825490,Berlin-b02a,33,41,Normal
2026-02-08 15:38:22.825490,Berlin-b02a,4,40,Normal
2026-02-08 15:38:23.825490,Berlin-b02a,13,100,Normal
2026-02-08 15:38:24.825490,Berlin-b02a,14,29,Normal
2026-02-08 15:38:25.825490,Berlin-b02a,-16,82,Normal
2026-02-08 15:38:26.825490,Berlin-b02a,8,25,Normal
2026-02-08 15:38:27.825490,Berlin-b02a,39,66,Normal
2026-02-08 15:38:28.825490,Berlin-b02a,-17,59,Normal
2026-02-08 15:38:29.825490,Berlin-b02a,-30,11,Normal
2026-02-08 15:38:30.825490,Berlin-b02a,-21,93,Normal
2026-02-08 15:38:31.825490,Berlin-b02a,34,74,Normal
2026-02-08 15:38:32.825490,Berlin-b02a,-6,0,Normal
2026-02-08 15:38:33.825490,Berlin-b02a,14,37,Normal
2026-02-08 15:38:34.825490,Berlin-b02a,-24,12,Normal
2026-02-08 15:38:35.825490,Berlin-b02a,-4,98,Normal
2026-02-08 15:38:36.825490,Berlin-b02a,-24,16,Normal
2026-02-08 15:38:37.825490,Berlin-b02a,4,65,Normal
2026-02-08 15:38:38.825490,Berlin-b02a,30,71,Normal
2026-02-08 15:38:39.825490,Berlin-b02a,44,5,Normal
2026-02-08 15:38:40.825490,Berlin-b02a,18,5,Normal
2026-02-08 15:38:41.825490,Berlin-b02a,46,23,Normal
2026-02-08 15:38:42.825490,Berlin-b02a,25,63,Normal
2026-02-08 15:38:43.825490,Berlin-b02a,17,14,Normal
2026-02-08 15:38:44.825490,Berlin-b02a,-27,72,Normal
2026-02-08 15:38:45.825490,Berlin-b02a,-30,63,Normal
2026-02-08 15:38:46.825490,Berlin-b02a,-29,15,Normal
2026-02-08 15:38:47.825490,Berlin-b02a,45,43,Normal
2026-02-08 15:38:48.825490,Berlin-b02a,28,17,Normal
2026-02-08 15:38:49.825490,Berlin-b02a,22,58,Normal
2026-02-08 15:38:50.825490,Berlin-b02a,50,12,Normal
2026-02-08 15:38:51.825490,Berlin-b02a,-30,5,Normal
2026-02-08 15:38:52.825490,Berlin-b02a,-21,18,Normal
2026-02-08 15:38:53.825490,Berlin-b02a,48,5,Normal
2026-02-08 15:38:54.825490,Berlin-b02a,50,16,Normal
2026-02-08 15:38:55.825490,Berlin-b02a,34,78,Normal
2026-02-08 15:38:56.825490,Berlin-b02a,11,27,Normal
2026-02-08 15:38:57.825490,Berlin-b02a,40,90,Normal
2026-02-08 15:38:58.825490,Berlin-b02a,7,34,Normal
2026-02-08 15:38:59.825490,Berlin-b02a,23,61,Normal
2026-02-08 15:39:00.825490,Berlin-b02a,-28,3,Normal
2026-02-08 15:39:01.825490,Berlin-b02a,-9,51,Normal
2026-02-08 15:39:02.825490,Berlin-b02a,-27,98,Normal
2026-02-08 15:39:03.825490,Berlin-b02a,1,69,Normal
2026-02-08 15:39:04.825490,Berlin-b02a,-6,61,Normal
2026-02-08 15:39:05.825490,Berlin-b02a,47,74,Normal
2026-02-08 15:39:06.825490,Berlin-b02a,-13,72,Normal
2026-02-08 15:39:07.825490,Berlin-b02a,17,59,Normal
2026-02-08 15:39:08.825490,Berlin-b02a,27,31,Normal
2026-02-08 15:39:09.825490,Berlin-b02a,34,3,Normal
2026-02-08 15:39:10.825490,Berlin-b02a,34,76,Normal
2026-02-08 15:39:11.825490,Berlin-b02a,-17,28,Normal
2026-02-08 15:39:12.825490,Berlin-b02a,-10,62,Normal
2026-02-08 15:39:13.825490,Berlin-b02a,12,72,Normal
2026-02-08 15:39:14.825490,Berlin-b02a,-16,88,Normal
2026-02-08 15:39:15.825490,Berlin-b02a,20,1,Normal
2026-02-08 15:39:16.825490,Berlin-b02a,-8,75,Normal
2026-02-08 15:39:17.825490,Berlin-b02a,20,66,Normal
2026-02-08 15:39:18.825490,Berlin-b02a,2,73,Normal
2026-02-08 15:39:19.825490,Berlin-b02a,-18,29,Normal
2026-02-08 15:39:20.825490,Berlin-b02a,-15,13,Normal
2026-02-08 15:39:21.825490,Berlin-b02a,-29,96,Normal
2026-02-08 15:39:22.825490,Berlin-b02a,25,54,Normal
2026-02-08 15:39:23.825490,Berlin-b02a,42,25,Normal
2026-02-08 15:39:24.825490,Berlin-b02a,-27,62,Normal
2026-02-08 15:39:25.825490,Berlin-b02a,45,31,Normal
2026-02-08 15:39:26.825490,Berlin-b02a,40,6,Normal
2026-02-08 15:39:27.825490,Berlin-b02a,-24,14,Normal
2026-02-08 15:39:28.825490,Berlin-b02a,-14,65,Normal
2026-02-08 15:39:29.825490,Berlin-b02a,30,49,Normal
2026-02-08 15:39:30.825490,Berlin-b02a,-10,34,Normal
2026-02-08 15:39:31.825490,Berlin-b02a,44,2,Normal
2026-02-08 15:39:32.825490,Berlin-b02a,43,48,Normal
2026-02-08 15:39:33.825490,Berlin-b02a,-19,59,Normal
2026-02-08 15:39:34.825490,Berlin-b02a,-27,87,Normal
2026-02-08 15:39:35.825490,Berlin-b02a,-7,97,Normal
2026-02-08 15:39:36.825490,Berlin-b02a,-24,16,Normal
2026-02-08 15:39:37.825490,Berlin-b02a,37,66,Normal
2026-02-08 15:39:38.825490,Berlin-b02a,15,62,Normal
2026-02-08 15:39:39.825490,Berlin-b02a,27,10,Normal
2026-02-08 15:39:40.825490,Berlin-b02a,21,38,Normal
2026-02-08 15:39:41.825490,Berlin-b02a,-13,2,Normal
2026-02-08 15:39:42.825490,Berlin-b02a,19,84,Normal
2026-02-08 15:39:43.825490,Berlin-b02a,-28,56,Normal
2026-02-08 15:39:44.825490,Berlin-b02a,24,50,Normal
2026-02-08 15:39:45.825490,Berlin-b02a,0,51,Normal
2026-02-08 15:39:46.825490,Berlin-b02a,-5,18,Normal
2026-02-08 15:39:47.825490,Berlin-b02a,42,71,Normal
2026-02-08 15:39:48.825490,Berlin-b02a,-6,100,Normal
2026-02-08 15:39:49.825490,Berlin-b02a,-29,98,Normal
2026-02-08 15:39:50.825490,Berlin-b02a,16,92,Normal
2026-02-08 15:39:51.825490,Berlin-b02a,-19,100,Normal
2026-02-08 15:39:52.825490,Berlin-b02a,-25,47,Normal
2026-02-08 15:39:53.825490,Berlin-b02a,5,52,Normal
2026-02-08 15:39:54.825490,Berlin-b02a,-29,49,Normal
2026-02-08 15:39:55.825490,Berlin-b02a,43,14,Normal
2026-02-08 15:39:56.825490,Berlin-b02a,-15,6,Normal
2026-02-08 15:39:57.825490,Berlin-b02a,-18,91,Normal
2026-02-08 15:39:58.825490,Berlin-b02a,-2,23,Normal
2026-02-08 15:39:59.825490,Berlin-b02a,50,44,Normal
2026-02-08 15:40:00.825490,Berlin-b02a,-15,55,Normal
2026-02-08 15:40:01.825490,Berlin-b02a,-21,56,Normal
2026-02-08 15:40:02.825490,Berlin-b02a,15,38,Normal
2026-02-08 15:40:03.825490,Berlin-b02a,38,63,Normal
2026-02-08 15:40:04.825490,Berlin-b02a,18,60,Normal
2026-02-08 15:40:05.825490,Berlin-b02a,-19,53,Normal
2026-02-08 15:40:06.825490,Berlin-b02a,-21,58,Normal
2026-02-08 15:40:07.825490,Berlin-b02a,4,82,Normal
2026-02-08 15:40:08.825490,Berlin-b02a,30,14,Normal
2026-02-08 15:40:09.825490,Berlin-b02a,50,2,Normal
2026-02-08 15:40:10.825490,Berlin-b02a,43,65,Normal
2026-02-08 15:40:11.825490,Berlin-b02a,32,40,Normal
2026-02-08 15:40:12.825490,Berlin-b02a,47,11,Normal
2026-02-08 15:40:13.825490,Berlin-b02a,31,59,Normal
2026-02-08 15:40:14.825490,Berlin-b02a,-6,80,Normal
2026-02-08 15:40:15.825490,Berlin-b02a,-17,77,Normal
2026-02-08 15:40:16.825490,Berlin-b02a,40,50,Normal
2026-02-08 15:40:17.825490,Berlin-b02a,-26,20,Normal
2026-02-08 15:40:18.825490,Berlin-b02a,-8,38,Normal
2026-02-08 15:40:19.825490,Berlin-b02a,16,94,Normal
2026-02-08 15:40:20.825490,Berlin-b02a,34,66,Normal
2026-02-08 15:40:21.825490,Berlin-b02a,8,8,Normal
2026-02-08 15:40:22.825490,Berlin-b02a,-5,14,Normal
2026-02-08 15:40:23.825490,Berlin-b02a,31,57,Normal
2026-02-08 15:40:24.825490,Berlin-b02a,15,85,Normal
2026-02-08 15:40:25.825490,Berlin-b02a,-6,25,Normal
2026-02-08 15:40:26.825490,Berlin-b02a,-3,30,Normal
2026-02-08 15:40:27.825490,Berlin-b02a,34,86,Normal
2026-02-08 15:40:28.825490,Berlin-b02a,21,42,Normal
2026-02-08 15:40:29.825490,Berlin-b02a,41,1,Normal
2026-02-08 15:40:30.825490,Berlin-b02a,14,0,Normal
2026-02-08 15:40:31.825490,Berlin-b02a,46,58,Normal
2026-02-08 15:40:32.825490,Berlin-b02a,30,20,Normal
2026-02-08 15:40:33.825490,Berlin-b02a,22,38,Normal
2026-02-08 15:40:34.825490,Berlin-b02a,12,49,Normal
2026-02-08 15:40:35.825490,Berlin-b02a,-5,17,Normal
2026-02-08 15:40:36.825490,Berlin-b02a,-21,33,Normal
2026-02-08 15:40:37.825490,Berlin-b02a,26,63,Normal
2026-02-08 15:40:38.825490,Berlin-b02a,-17,95,Normal
2026-02-08 15:40:39.825490,Berlin-b02a,-7,8,Normal
2026-02-08 15:40:40.825490,Berlin-b02a,8,72,Normal
2026-02-08 15:40:41.825490,Berlin-b02a,9,35,Normal
2026-02-08 15:40:42.825490,Berlin-b02a,2,72,Normal
2026-02-08 15:40:43.825490,Berlin-b02a,41,80,Normal
2026-02-08 15:40:44.825490,Berlin-b02a,17,44,Normal
2026-02-08 15:40:45.825490,Berlin-b02a,7,26,Normal
2026-02-08 15:40:46.825490,Berlin-b02a,-4,85,Normal
2026-02-08 15:40:47.825490,Berlin-b02a,25,18,Normal
2026-02-08 15:40:48.825490,Berlin-b02a,24,69,Normal
2026-02-08 15:40:49.825490,Berlin-b02a,46,19,Normal
2026-02-08 15:40:50.825490,Berlin-b02a,-12,5,Normal
2026-02-08 15:40:51.825490,Berlin-b02a,-8,16,Normal
2026-02-08 15:40:52.825490,Berlin-b02a,-22,9,Normal
2026-02-08 15:40:53.825490,Berlin-b02a,-27,55,Normal
2026-02-08 15:40:54.825490,Berlin-b02a,-17,4,Normal
2026-02-08 15:40:55.825490,Berlin-b02a,25,0,Normal
2026-02-08 15:40:56.825490,Berlin-b02a,-13,24,Normal
2026-02-08 15:40:57.825490,Berlin-b02a,-25,54,Normal
2026-02-08 15:40:58.825490,Berlin-b02a,0,46,Normal
2026-02-08 15:40:59.825490,Berlin-b02a,33,57,Normal
2026-02-08 15:41:00.825490,Berlin-b02a,-7,54,Normal
2026-02-08 15:41:01.825490,Berlin-b02a,28,39,Normal
2026-02-08 15:41:02.825490,Berlin-b02a,-24,88,Normal
2026-02-08 15:41:03.825490,Berlin-b02a,7,30,Normal
2026-02-08 15:41:04.825490,Berlin-b02a,-5,96,Normal
2026-02-08 15:41:05.825490,Berlin-b02a,30,79,Normal
2026-02-08 15:41:06.825490,Berlin-b02a,38,84,Normal
2026-02-08 15:41:07.825490,Berlin-b02a,49,71,Normal
2026-02-08 15:41:08.825490,Berlin-b02a,14,77,Normal
2026-02-08 15:41:09.825490,Berlin-b02a,-19,22,Normal
2026-02-08 15:41:10.825490,Berlin-b02a,12,80,Normal
2026-02-08 15:41:11.825490,Berlin-b02a,31,98,Normal
2026-02-08 15:41:12.825490,Berlin-b02a,23,33,Normal
2026-02-08 15:41:13.825490,Berlin-b02a,-28,7,Normal
2026-02-08 15:41:14.825490,Berlin-b02a,29,83,Normal
2026-02-08 15:41:15.825490,Berlin-b02a,-6,55,Normal
2026-02-08 15:41:16.825490,Berlin-b02a,9,39,Normal
2026-02-08 15:41:17.825490,Berlin-b02a,6,81,Normal
2026-02-08 15:41:18.825490,Berlin-b02a,21,85,Normal
2026-02-08 15:41:19.825490,Berlin-b02a,-20,25,Normal
2026-02-08 15:41:20.825490,Berlin-b02a,34,35,Normal
2026-02-08 15:41:21.825490,Berlin-b02a,-1,61,Normal
2026-02-08 15:41:22.825490,Berlin-b02a,-25,0,Normal
2026-02-08 15:41:23.825490,Berlin-b02a,13,79,Normal
2026-02-08 15:41:24.825490,Berlin-b02a,37,27,Normal
2026-02-08 15:41:25.825490,Berlin-b02a,44,1,Normal
2026-02-08 15:41:26.825490,Berlin-b02a,50,49,Normal
2026-02-08 15:41:27.825490,Berlin-b02a,-4,40,Normal
2026-02-08 15:41:28.825490,Berlin-b02a,28,12,Normal
2026-02-08 15:41:29.825490,Berlin-b02a,-25,88,Normal
2026-02-08 15:41:30.825490,Berlin-b02a,11,40,Normal
2026-02-08 15:41:31.825490,Berlin-b02a,-4,66,Normal
2026-02-08 15:41:32.825490,Berlin-b02a,35,31,Normal
2026-02-08 15:41:33.825490,Berlin-b02a,-23,55,Normal
2026-02-08 15:41:34.825490,Berlin-b02a,38,10,Normal
2026-02-08 15:41:35.825490,Berlin-b02a,46,65,Normal
2026-02-08 15:41:36.825490,Berlin-b02a,24,25,Normal
2026-02-08 15:41:37.825490,Berlin-b02a,27,80,Normal
2026-02-08 15:41:38.825490,Berlin-b02a,4,6,Normal
2026-02-08 15:41:39.825490,Berlin-b02a,-11,23,Normal
2026-02-08 15:41:40.825490,Berlin-b02a,48,87,Normal
2026-02-08 15:41:41.825490,Berlin-b02a,14,16,Normal
2026-02-08 15:41:42.825490,Berlin-b02a,48,28,Normal
2026-02-08 15:41:43.825490,Berlin-b02a,10,71,Normal
2026-02-08 15:41:44.825490,Berlin-b02a,28,100,Normal
2026-02-08 15:41:45.825490,Berlin-b02a,12,77,Normal
2026-02-08 15:41:46.825490,Berlin-b02a,23,85,Normal
2026-02-08 15:41:47.825490,Berlin-b02a,39,56,Normal
2026-02-08 15:41:48.825490,Berlin-b02a,29,18,Normal
2026-02-08 15:41:49.825490,Berlin-b02a,44,62,Normal
2026-02-08 15:41:50.825490,Berlin-b02a,-14,11,Normal
2026-02-08 15:41:51.825490,Berlin-b02a,38,86,Normal
2026-02-08 15:41:52.825490,Berlin-b02a,46,51,Normal
2026-02-08 15:41:53.825490,Berlin-b02a,29,76,Normal
2026-02-08 15:41:54.825490,Berlin-b02a,50,83,Normal
2026-02-08 15:41:55.825490,Berlin-b02a,-22,12,Normal
2026-02-08 15:41:56.825490,Berlin-b02a,1,10,Normal
2026-02-08 15:41:57.825490,Berlin-b02a,7,77,Normal
2026-02-08 15:41:58.825490,Berlin-b02a,18,64,Normal
2026-02-08 15:41:59.825490,Berlin-b02a,36,48,Normal
2026-02-08 15:42:00.825490,Berlin-b02a,-5,40,Normal
2026-02-08 15:42:01.825490,Berlin-b02a,29,82,Normal
2026-02-08 15:42:02.825490,Berlin-b02a,49,51,Normal
2026-02-08 15:42:03.825490,Berlin-b02a,-26,3,Normal
2026-02-08 15:42:04.825490,Berlin-b02a,-22,52,Normal
2026-02-08 15:42:05.825490,Berlin-b02a,-18,92,Normal
2026-02-08 15:42:06.825490,Berlin-b02a,23,95,Normal
2026-02-08 15:42:07.825490,Berlin-b02a,-25,6,Normal
2026-02-08 15:42:08.825490,Berlin-b02a,-9,77,Normal
2026-02-08 15:42:09.825490,Berlin-b02a,5,86,Normal
2026-02-08 15:42:10.825490,Berlin-b02a,3,24,Normal
2026-02-08 15:42:11.825490,Berlin-b02a,1,23,Normal
2026-02-08 15:42:12.825490,Berlin-b02a,-7,79,Normal
2026-02-08 15:42:13.825490,Berlin-b02a,10,44,Normal
2026-02-08 15:42:14.825490,Berlin-b02a,8,12,Normal
2026-02-08 15:42:15.825490,Berlin-b02a,-30,24,Normal
2026-02-08 15:42:16.825490,Berlin-b02a,9,11,Normal
2026-02-08 15:42:17.825490,Berlin-b02a,18,49,Normal
2026-02-08 15:42:18.825490,Berlin-b02a,-8,86,Normal
2026-02-08 15:42:19.825490,Berlin-b02a,13,90,Normal
2026-02-08 15:42:20.825490,Berlin-b02a,50,44,Normal
2026-02-08 15:42:21.825490,Berlin-b02a,39,83,Normal
2026-02-08 15:42:22.825490,Berlin-b02a,38,13,Normal
2026-02-08 15:42:23.825490,Berlin-b02a,33,49,Normal
2026-02-08 15:42:24.825490,Berlin-b02a,-16,35,Normal
2026-02-08 15:42:25.825490,Berlin-b02a,27,0,Normal
2026-02-08 15:42:26.825490,Berlin-b02a,31,33,Normal
2026-02-08 15:42:27.825490,Berlin-b02a,-24,31,Normal
2026-02-08 15:42:28.825490,Berlin-b02a,5,26,Normal
2026-02-08 15:42:29.825490,Berlin-b02a,-13,49,Normal
2026-02-08 15:42:30.825490,Berlin-b02a,49,85,Normal
2026-02-08 15:42:31.825490,Berlin-b02a,1,77,Normal
2026-02-08 15:42:32.825490,Berlin-b02a,-5,45,Normal
2026-02-08 15:42:33.825490,Berlin-b02a,45,52,Normal
2026-02-08 15:42:34.825490,Berlin-b02a,27,7,Normal
2026-02-08 15:42:35.825490,Berlin-b02a,-5,24,Normal
2026-02-08 15:42:36.825490,Berlin-b02a,3,21,Normal
2026-02-08 15:42:37.825490,Berlin-b02a,35,32,Normal
2026-02-08 15:42:38.825490,Berlin-b02a,4,84,Normal
2026-02-08 15:42:39.825490,Berlin-b02a,-3,49,Normal
2026-02-08 15:42:40.825490,Berlin-b02a,-20,32,Normal
2026-02-08 15:42:41.825490,Berlin-b02a,33,2,Normal
2026-02-08 15:42:42.825490,Berlin-b02a,-13,41,Normal
2026-02-08 15:42:43.825490,Berlin-b02a,27,41,Normal
2026-02-08 15:42:44.825490,Berlin-b02a,19,6,Normal
2026-02-08 15:42:45.825490,Berlin-b02a,50,50,Normal
2026-02-08 15:42:46.825490,Berlin-b02a,48,91,Normal
2026-02-08 15:42:47.825490,Berlin-b02a,45,54,Normal
2026-02-08 15:42:48.825490,Berlin-b02a,47,1,Normal
2026-02-08 15:42:49.825490,Berlin-b02a,8,29,Normal
2026-02-08 15:42:50.825490,Berlin-b02a,9,5,Normal
2026-02-08 15:42:51.825490,Berlin-b02a,8,29,Normal
2026-02-08 15:42:52.825490,Berlin-b02a,-13,82,Normal
2026-02-08 15:42:53.825490,Berlin-b02a,7,87,Normal
2026-02-08 15:42:54.825490,Berlin-b02a,45,48,Normal
2026-02-08 15:42:55.825490,Berlin-b02a,42,95,Normal
2026-02-08 15:42:56.825490,Berlin-b02a,9,51,Normal
2026-02-08 15:42:57.825490,Berlin-b02a,34,25,Normal
2026-02-08 15:42:58.825490,Berlin-b02a,14,95,Normal
2026-02-08 15:42:59.825490,Berlin-b02a,-28,40,Normal
2026-02-08 15:43:00.825490,Berlin-b02a,18,19,Normal
2026-02-08 15:43:01.825490,Berlin-b02a,-8,45,Normal
2026-02-08 15:43:02.825490,Berlin-b02a,37,49,Normal
2026-02-08 15:43:03.825490,Berlin-b02a,47,33,Normal
2026-02-08 15:43:04.825490,Berlin-b02a,33,45,Normal
2026-02-08 15:43:05.825490,Berlin-b02a,-5,19,Normal
2026-02-08 15:43:06.825490,Berlin-b02a,-27,59,Normal
2026-02-08 15:43:07.825490,Berlin-b02a,29,60,Normal
2026-02-08 15:43:08.825490,Berlin-b02a,43,67,Normal
2026-02-08 15:43:09.825490,Berlin-b02a,-7,75,Normal
2026-02-08 15:43:10.825490,Berlin-b02a,-5,11,Normal
2026-02-08 15:43:11.825490,Berlin-b02a,23,15,Normal
2026-02-08 15:43:12.825490,Berlin-b02a,10,83,Normal
2026-02-08 15:43:13.825490,Berlin-b02a,3,85,Normal
2026-02-08 15:43:14.825490,Berlin-b02a,-26,54,Normal
2026-02-08 15:43:15.825490,Berlin-b02a,10,94,Normal
2026-02-08 15:43:16.825490,Berlin-b02a,-8,20,Normal
2026-02-08 15:43:17.825490,Berlin-b02a,19,93,Normal
2026-02-08 15:43:18.825490,Berlin-b02a,-11,15,Normal
2026-02-08 15:43:19.825490,Berlin-b02a,9,43,Normal
2026-02-08 15:43:20.825490,Berlin-b02a,-17,13,Normal
2026-02-08 15:43:21.825490,Berlin-b02a,45,73,Normal
2026-02-08 15:43:22.825490,Berlin-b02a,38,49,Normal
2026-02-08 15:43:23.825490,Berlin-b02a,-14,0,Normal
2026-02-08 15:43:24.825490,Berlin-b02a,1,8,Normal
2026-02-08 15:43:25.825490,Berlin-b02a,46,30,Normal
2026-02-08 15:43:26.825490,Berlin-b02a,20,6,Normal
2026-02-08 15:43:27.825490,Berlin-b02a,-21,15,Normal
2026-02-08 15:43:28.825490,Berlin-b02a,9,14,Normal
2026-02-08 15:43:29.825490,Berlin-b02a,45,3,Normal
2026-02-08 15:43:30.825490,Berlin-b02a,11,1,Normal
2026-02-08 15:43:31.825490,Berlin-b02a,38,65,Normal
2026-02-08 15:43:32.825490,Berlin-b02a,4,14,Normal
2026-02-08 15:43:33.825490,Berlin-b02a,38,18,Normal
2026-02-08 15:43:34.825490,Berlin-b02a,32,31,Normal
2026-02-08 15:43:35.825490,Berlin-b02a,0,84,Normal
2026-02-08 15:43:36.825490,Berlin-b02a,23,91,Normal
2026-02-08 15:43:37.825490,Berlin-b02a,-6,3,Normal
2026-02-08 15:43:38.825490,Berlin-b02a,34,36,Normal
2026-02-08 15:43:39.825490,Berlin-b02a,-2,25,Normal
2026-02-08 15:43:40.825490,Berlin-b02a,10,82,Normal
2026-02-08 15:43:41.825490,Berlin-b02a,25,77,Normal
2026-02-08 15:43:42.825490,Berlin-b02a,-4,31,Normal
2026-02-08 15:43:43.825490,Berlin-b02a,-15,26,Normal
2026-02-08 15:43:44.825490,Berlin-b02a,44,16,Normal
2026-02-08 15:43:45.825490,Berlin-b02a,-21,62,Normal
2026-02-08 15:43:46.825490,Berlin-b02a,-15,92,Normal
2026-02-08 15:43:47.825490,Berlin-b02a,-29,68,Normal
2026-02-08 15:43:48.825490,Berlin-b02a,46,64,Normal
2026-02-08 15:43:49.825490,Berlin-b02a,24,56,Normal
2026-02-08 15:43:50.825490,Berlin-b02a,44,2,Normal
2026-02-08 15:43:51.825490,Berlin-b02a,0,73,Normal
2026-02-08 15:43:52.825490,Berlin-b02a,6,68,Normal
2026-02-08 15:43:53.825490,Berlin-b02a,7,91,Normal
2026-02-08 15:43:54.825490,Berlin-b02a,-6,23,Normal
2026-02-08 15:43:55.825490,Berlin-b02a,44,3,Normal
2026-02-08 15:43:56.825490,Berlin-b02a,-3,60,Normal
2026-02-08 15:43:57.825490,Berlin-b02a,-30,63,Normal
2026-02-08 15:43:58.825490,Berlin-b02a,37,64,Normal
2026-02-08 15:43:59.825490,Berlin-b02a,39,68,Normal
2026-02-08 15:44:00.825490,Berlin-b02a,22,45,Normal
2026-02-08 15:44:01.825490,Berlin-b02a,-11,40,Normal
2026-02-08 15:44:02.825490,Berlin-b02a,17,12,Normal
2026-02-08 15:44:03.825490,Berlin-b02a,10,11,Normal
2026-02-08 15:44:04.825490,Berlin-b02a,22,65,Normal
2026-02-08 15:44:05.825490,Berlin-b02a,38,35,Normal
2026-02-08 15:44:06.825490,Berlin-b02a,10,82,Normal
2026-02-08 15:44:07.825490,Berlin-b02a,36,75,Normal
2026-02-08 15:44:08.825490,Berlin-b02a,-14,1,Normal
2026-02-08 15:44:09.825490,Berlin-b02a,13,0,Normal
2026-02-08 15:44:10.825490,Berlin-b02a,50,53,Normal
2026-02-08 15:44:11.825490,Berlin-b02a,36,94,Normal
2026-02-08 15:44:12.825490,Berlin-b02a,29,12,Normal
2026-02-08 15:44:13.825490,Berlin-b02a,-26,50,Normal
2026-02-08 15:44:14.825490,Berlin-b02a,29,37,Normal
2026-02-08 15:44:15.825490,Berlin-b02a,-16,83,Normal
2026-02-08 15:44:16.825490,Berlin-b02a,41,53,Normal
2026-02-08 15:44:17.825490,Berlin-b02a,-17,19,Normal
2026-02-08 15:44:18.825490,Berlin-b02a,-2,81,Normal
2026-02-08 15:44:19.825490,Berlin-b02a,-24,31,Normal
2026-02-08 15:44:20.825490,Berlin-b02a,-9,40,Normal
2026-02-08 15:44:21.825490,Berlin-b02a,23,70,Normal
2026-02-08 15:44:22.825490,Berlin-b02a,19,13,Normal
2026-02-08 15:44:23.825490,Berlin-b02a,24,80,Normal
2026-02-08 15:44:24.825490,Berlin-b02a,36,28,Normal
2026-02-08 15:44:25.825490,Berlin-b02a,-28,64,Normal
2026-02-08 15:44:26.825490,Berlin-b02a,-9,64,Normal
2026-02-08 15:44:27.825490,Berlin-b02a,31,26,Normal
2026-02-08 15:44:28.825490,Berlin-b02a,41,74,Normal
2026-02-08 15:44:29.825490,Berlin-b02a,-5,87,Normal
2026-02-08 15:44:30.825490,Berlin-b02a,49,68,Normal
2026-02-08 15:44:31.825490,Berlin-b02a,30,98,Normal
2026-02-08 15:44:32.825490,Berlin-b02a,-24,73,Normal
2026-02-08 15:44:33.825490,Berlin-b02a,-18,67,Normal
2026-02-08 15:44:34.825490,Berlin-b02a,-8,64,Normal
2026-02-08 15:44:35.825490,Berlin-b02a,43,45,Normal
2026-02-08 15:44:36.825490,Berlin-b02a,40,91,Normal
2026-02-08 15:44:37.825490,Berlin-b02a,34,33,Normal
2026-02-08 15:44:38.825490,Berlin-b02a,6,35,Normal
2026-02-08 15:44:39.825490,Berlin-b02a,0,81,Normal
2026-02-08 15:44:40.825490,Berlin-b02a,10,45,Normal
2026-02-08 15:44:41.825490,Berlin-b02a,35,64,Normal
2026-02-08 15:44:42.825490,Berlin-b02a,44,52,Normal
2026-02-08 15:44:43.825490,Berlin-b02a,11,94,Normal
2026-02-08 15:44:44.825490,Berlin-b02a,26,54,Normal
2026-02-08 15:44:45.825490,Berlin-b02a,-25,56,Normal
2026-02-08 15:44:46.825490,Berlin-b02a,-24,52,Normal
2026-02-08 15:44:47.825490,Berlin-b02a,-29,60,Normal
2026-02-08 15:44:48.825490,Berlin-b02a,14,69,Normal
2026-02-08 15:44:49.825490,Berlin-b02a,-29,85,Normal
2026-02-08 15:44:50.825490,Berlin-b02a,-12,77,Normal
2026-02-08 15:44:51.825490,Berlin-b02a,42,66,Normal
2026-02-08 15:44:52.825490,Berlin-b02a,41,32,Normal
2026-02-08 15:44:53.825490,Berlin-b02a,38,86,Normal
2026-02-08 15:44:54.825490,Berlin-b02a,3,71,Normal
2026-02-08 15:44:55.825490,Berlin-b02a,33,25,Normal
2026-02-08 15:44:56.825490,Berlin-b02a,4,1,Normal
2026-02-08 15:44:57.825490,Berlin-b02a,48,6,Normal
2026-02-08 15:44:58.825490,Berlin-b02a,21,54,Normal
2026-02-08 15:44:59.825490,Berlin-b02a,48,34,Normal
2026-02-08 15:45:00.825490,Berlin-b02a,4,96,Normal
2026-02-08 15:45:01.825490,Berlin-b02a,-11,12,Normal
2026-02-08 15:45:02.825490,Berlin-b02a,45,63,Normal
2026-02-08 15:45:03.825490,Berlin-b02a,30,95,Normal
2026-02-08 15:45:04.825490,Berlin-b02a,5,44,Normal
2026-02-08 15:45:05.825490,Berlin-b02a,-23,48,Normal
2026-02-08 15:45:06.825490,Berlin-b02a,50,92,Normal
2026-02-08 15:45:07.825490,Berlin-b02a,21,95,Normal
2026-02-08 15:45:08.825490,Berlin-b02a,-13,59,Normal
2026-02-08 15:45:09.825490,Berlin-b02a,-17,79,Normal
2026-02-08 15:45:10.825490,Berlin-b02a,45,93,Normal
2026-02-08 15:45:11.825490,Berlin-b02a,-1,49,Normal
2026-02-08 15:45:12.825490,Berlin-b02a,30,71,Normal
2026-02-08 15:45:13.825490,Berlin-b02a,28,3,Normal
2026-02-08 15:45:14.825490,Berlin-b02a,8,28,Normal
2026-02-08 15:45:15.825490,Berlin-b02a,-22,55,Normal
2026-02-08 15:45:16.825490,Berlin-b02a,28,9,Normal
2026-02-08 15:45:17.825490,Berlin-b02a,17,11,Normal
2026-02-08 15:45:18.825490,Berlin-b02a,-4,50,Normal
2026-02-08 15:45:19.825490,Berlin-b02a,44,93,Normal
2026-02-08 15:45:20.825490,Berlin-b02a,16,26,Normal
2026-02-08 15:45:21.825490,Berlin-b02a,19,46,Normal
2026-02-08 15:45:22.825490,Berlin-b02a,2,14,Normal
2026-02-08 15:45:23.825490,Berlin-b02a,35,81,Normal
2026-02-08 15:45:24.825490,Berlin-b02a,18,33,Normal
2026-02-08 15:45:25.825490,Berlin-b02a,41,89,Normal
2026-02-08 15:45:26.825490,Berlin-b02a,4,20,Normal
2026-02-08 15:45:27.825490,Berlin-b02a,-5,81,Normal
2026-02-08 15:45:28.825490,Berlin-b02a,32,96,Normal
2026-02-08 15:45:29.825490,Berlin-b02a,-18,77,Normal
2026-02-08 15:45:30.825490,Berlin-b02a,3,29,Normal
2026-02-08 15:45:31.825490,Berlin-b02a,46,20,Normal
2026-02-08 15:45:32.825490,Berlin-b02a,42,97,Normal
2026-02-08 15:45:33.825490,Berlin-b02a,27,68,Normal
2026-02-08 15:45:34.825490,Berlin-b02a,21,48,Normal
2026-02-08 15:45:35.825490,Berlin-b02a,15,26,Normal
2026-02-08 15:45:36.825490,Berlin-b02a,-11,42,Normal
2026-02-08 15:45:37.825490,Berlin-b02a,0,69,Normal
2026-02-08 15:45:38.825490,Berlin-b02a,11,59,Normal
2026-02-08 15:45:39.825490,Berlin-b02a,-23,11,Normal
2026-02-08 15:45:40.825490,Berlin-b02a,37,60,Normal
2026-02-08 15:45:41.825490,Berlin-b02a,28,93,Normal
2026-02-08 15:45:42.825490,Berlin-b02a,-26,19,Normal
2026-02-08 15:45:43.825490,Berlin-b02a,39,85,Normal
2026-02-08 15:45:44.825490,Berlin-b02a,26,4,Normal
2026-02-08 15:45:45.825490,Berlin-b02a,10,77,Normal
2026-02-08 15:45:46.825490,Berlin-b02a,21,6,Normal
2026-02-08 15:45:47.825490,Berlin-b02a,50,33,Normal
2026-02-08 15:45:48.825490,Berlin-b02a,-22,1,Normal
2026-02-08 15:45:49.825490,Berlin-b02a,16,85,Normal
2026-02-08 15:45:50.825490,Berlin-b02a,-9,59,Normal
2026-02-08 15:45:51.825490,Berlin-b02a,-23,92,Normal
2026-02-08 15:45:52.825490,Berlin-b02a,15,95,Normal
2026-02-08 15:45:53.825490,Berlin-b02a,27,50,Normal
2026-02-08 15:45:54.825490,Berlin-b02a,10,56,Normal
2026-02-08 15:45:55.825490,Berlin-b02a,26,24,Normal
2026-02-08 15:45:56.825490,Berlin-b02a,7,54,Normal
2026-02-08 15:45:57.825490,Berlin-b02a,-19,78,Normal
2026-02-08 15:45:58.825490,Berlin-b02a,2,39,Normal
2026-02-08 15:45:59.825490,Berlin-b02a,-3,78,Normal
2026-02-08 15:46:00.825490,Berlin-b02a,14,66,Normal
2026-02-08 15:46:01.825490,Berlin-b02a,27,43,Normal
2026-02-08 15:46:02.825490,Berlin-b02a,45,73,Normal
2026-02-08 15:46:03.825490,Berlin-b02a,-4,23,Normal
2026-02-08 15:46:04.825490,Berlin-b02a,-13,89,Normal
2026-02-08 15:46:05.825490,Berlin-b02a,-8,79,Normal
2026-02-08 15:46:06.825490,Berlin-b02a,1,57,Normal
2026-02-08 15:46:07.825490,Berlin-b02a,17,36,Normal
2026-02-08 15:46:08.825490,Berlin-b02a,44,18,Normal
2026-02-08 15:46:09.825490,Berlin-b02a,-26,84,Normal
2026-02-08 15:46:10.825490,Berlin-b02a,40,62,Normal
2026-02-08 15:46:11.825490,Berlin-b02a,35,91,Normal
2026-02-08 15:46:12.825490,Berlin-b02a,33,16,Normal
2026-02-08 15:46:13.825490,Berlin-b02a,-29,2,Normal
2026-02-08 15:46:14.825490,Berlin-b02a,-9,60,Normal
2026-02-08 15:46:15.825490,Berlin-b02a,-7,47,Normal
2026-02-08 15:46:16.825490,Berlin-b02a,15,83,Normal
2026-02-08 15:46:17.825490,Berlin-b02a,46,35,Normal
2026-02-08 15:46:18.825490,Berlin-b02a,39,56,Normal
2026-02-08 15:46:19.825490,Berlin-b02a,-17,98,Normal
2026-02-08 15:46:20.825490,Berlin-b02a,48,85,Normal
2026-02-08 15:46:21.825490,Berlin-b02a,-29,69,Normal
2026-02-08 15:46:22.825490,Berlin-b02a,-26,12,Normal
2026-02-08 15:46:23.825490,Berlin-b02a,7,35,Normal
2026-02-08 15:46:24.825490,Berlin-b02a,47,81,Normal
2026-02-08 15:46:25.825490,Berlin-b02a,32,39,Normal
2026-02-08 15:46:26.825490,Berlin-b02a,-4,48,Normal
2026-02-08 15:46:27.825490,Berlin-b02a,30,11,Normal
2026-02-08 15:46:28.825490,Berlin-b02a,-22,8,Normal
2026-02-08 15:46:29.825490,Berlin-b02a,-12,53,Normal
2026-02-08 15:46:30.825490,Berlin-b02a,48,15,Normal
2026-02-08 15:46:31.825490,Berlin-b02a,22,27,Normal
2026-02-08 15:46:32.825490,Berlin-b02a,-5,85,Normal
2026-02-08 15:46:33.825490,Berlin-b02a,31,5,Normal
2026-02-08 15:46:34.825490,Berlin-b02a,36,32,Normal
2026-02-08 15:46:35.825490,Berlin-b02a,-28,84,Normal
2026-02-08 15:46:36.825490,Berlin-b02a,24,28,Normal
2026-02-08 15:46:37.825490,Berlin-b02a,-8,5,Normal
2026-02-08 15:46:38.825490,Berlin-b02a,-10,86,Normal
2026-02-08 15:46:39.825490,Berlin-b02a,37,19,Normal
2026-02-08 15:46:40.825490,Berlin-b02a,-30,3,Normal
2026-02-08 15:46:41.825490,Berlin-b02a,35,55,Normal
2026-02-08 15:46:42.825490,Berlin-b02a,47,25,Normal
2026-02-08 15:46:43.825490,Berlin-b02a,0,79,Normal
2026-02-08 15:46:44.825490,Berlin-b02a,-4,74,Normal
2026-02-08 15:46:45.825490,Berlin-b02a,-20,1,Normal
2026-02-08 15:46:46.825490,Berlin-b02a,7,20,Normal
2026-02-08 15:46:47.825490,Berlin-b02a,1,73,Normal
2026-02-08 15:46:48.825490,Berlin-b02a,-17,11,Normal
2026-02-08 15:46:49.825490,Berlin-b02a,1,14,Normal
2026-02-08 15:46:50.825490,Berlin-b02a,-2,8,Normal
2026-02-08 15:46:51.825490,Berlin-b02a,30,75,Normal
2026-02-08 15:46:52.825490,Berlin-b02a,-1,43,Normal
2026-02-08 15:46:53.825490,Berlin-b02a,19,92,Normal
2026-02-08 15:46:54.825490,Berlin-b02a,-29,84,Normal
2026-02-08 15:46:55.825490,Berlin-b02a,8,96,Normal
2026-02-08 15:46:56.825490,Berlin-b02a,42,100,Normal
2026-02-08 15:46:57.825490,Berlin-b02a,20,29,Normal
2026-02-08 15:46:58.825490,Berlin-b02a,-26,97,Normal
2026-02-08 15:46:59.825490,Berlin-b02a,15,74,Normal
2026-02-08 15:47:00.825490,Berlin-b02a,36,82,Normal
2026-02-08 15:47:01.825490,Berlin-b02a,-12,34,Normal
2026-02-08 15:47:02.825490,Berlin-b02a,37,31,Normal
2026-02-08 15:47:03.825490,Berlin-b02a,14,43,Normal
2026-02-08 15:47:04.825490,Berlin-b02a,42,17,Normal
2026-02-08 15:47:05.825490,Berlin-b02a,23,8,Normal
2026-02-08 15:47:06.825490,Berlin-b02a,-29,35,Normal
2026-02-08 15:47:07.825490,Berlin-b02a,-7,10,Normal
2026-02-08 15:47:08.825490,Berlin-b02a,32,29,Normal
2026-02-08 15:47:09.825490,Berlin-b02a,-27,41,Normal
2026-02-08 15:47:10.825490,Berlin-b02a,38,2,Normal
2026-02-08 15:47:11.825490,Berlin-b02a,38,22,Normal
2026-02-08 15:47:12.825490,Berlin-b02a,39,74,Normal
2026-02-08 15:47:13.825490,Berlin-b02a,10,93,Normal
2026-02-08 15:47:14.825490,Berlin-b02a,22,66,Normal
2026-02-08 15:47:15.825490,Berlin-b02a,22,34,Normal
2026-02-08 15:47:16.825490,Berlin-b02a,-15,66,Normal
2026-02-08 15:47:17.825490,Berlin-b02a,50,4,Normal
2026-02-08 15:47:18.825490,Berlin-b02a,15,34,Normal
2026-02-08 15:47:19.825490,Berlin-b02a,9,43,Normal
2026-02-08 15:47:20.825490,Berlin-b02a,3,41,Normal
2026-02-08 15:47:21.825490,Berlin-b02a,-7,67,Normal
2026-02-08 15:47:22.825490,Berlin-b02a,-23,90,Normal
2026-02-08 15:47:23.825490,Berlin-b02a,10,2,Normal
2026-02-08 15:47:24.825490,Berlin-b02a,-30,28,Normal
2026-02-08 15:47:25.825490,Berlin-b02a,39,18,Normal
2026-02-08 15:47:26.825490,Berlin-b02a,33,88,Normal
2026-02-08 15:47:27.825490,Berlin-b02a,-19,57,Normal
2026-02-08 15:47:28.825490,Berlin-b02a,12,19,Normal
2026-02-08 15:47:29.825490,Berlin-b02a,-21,69,Normal
2026-02-08 15:47:30.825490,Berlin-b02a,-6,8,Normal
2026-02-08 15:47:31.825490,Berlin-b02a,47,12,Normal
2026-02-08 15:47:32.825490,Berlin-b02a,3,14,Normal
2026-02-08 15:47:33.825490,Berlin-b02a,20,34,Normal
2026-02-08 15:47:34.825490,Berlin-b02a,48,90,Normal
2026-02-08 15:47:35.825490,Berlin-b02a,39,45,Normal
2026-02-08 15:47:36.825490,Berlin-b02a,19,81,Normal
2026-02-08 15:47:37.825490,Berlin-b02a,-21,74,Normal
2026-02-08 15:47:38.825490,Berlin-b02a,-7,56,Normal
2026-02-08 15:47:39.825490,Berlin-b02a,36,13,Normal
2026-02-08 15:47:40.825490,Berlin-b02a,27,74,Normal
2026-02-08 15:47:41.825490,Berlin-b02a,50,90,Normal
2026-02-08 15:47:42.825490,Berlin-b02a,-25,69,Normal
2026-02-08 15:47:43.825490,Berlin-b02a,-24,60,Normal
2026-02-08 15:47:44.825490,Berlin-b02a,4,68,Normal
2026-02-08 15:47:45.825490,Berlin-b02a,5,65,Normal
2026-02-08 15:47:46.825490,Berlin-b02a,39,56,Normal
2026-02-08 15:47:47.825490,Berlin-b02a,9,89,Normal
2026-02-08 15:47:48.825490,Berlin-b02a,-2,40,Normal
2026-02-08 15:47:49.825490,Berlin-b02a,-17,7,Normal
2026-02-08 15:47:50.825490,Berlin-b02a,-5,34,Normal
2026-02-08 15:47:51.825490,Berlin-b02a,-3,59,Normal
2026-02-08 15:47:52.825490,Berlin-b02a,7,74,Normal
2026-02-08 15:47:53.825490,Berlin-b02a,16,84,Normal
2026-02-08 15:47:54.825490,Berlin-b02a,-11,88,Normal
2026-02-08 15:47:55.825490,Berlin-b02a,-17,54,Normal
2026-02-08 15:47:56.825490,Berlin-b02a,32,75,Normal
2026-02-08 15:47:57.825490,Berlin-b02a,19,1,Normal
2026-02-08 15:47:58.825490,Berlin-b02a,10,16,Normal
2026-02-08 15:47:59.825490,Berlin-b02a,5,39,Normal
2026-02-08 15:48:00.825490,Berlin-b02a,-18,36,Normal
2026-02-08 15:48:01.825490,Berlin-b02a,1,49,Normal
2026-02-08 15:48:02.825490,Berlin-b02a,1,54,Normal
2026-02-08 15:48:03.825490,Berlin-b02a,40,38,Normal
2026-02-08 15:48:04.825490,Berlin-b02a,-14,52,Normal
2026-02-08 15:48:05.825490,Berlin-b02a,31,73,Normal
2026-02-08 15:48:06.825490,Berlin-b02a,-18,47,Normal
2026-02-08 15:48:07.825490,Berlin-b02a,-22,25,Normal
2026-02-08 15:48:08.825490,Berlin-b02a,48,77,Normal
2026-02-08 15:48:09.825490,Berlin-b02a,-27,71,Normal
2026-02-08 15:48:10.825490,Berlin-b02a,22,8,Normal
2026-02-08 15:48:11.825490,Berlin-b02a,-9,49,Normal
2026-02-08 15:48:12.825490,Berlin-b02a,37,18,Normal
2026-02-08 15:48:13.825490,Berlin-b02a,46,0,Normal
2026-02-08 15:48:14.825490,Berlin-b02a,-17,29,Normal
2026-02-08 15:48:15.825490,Berlin-b02a,1,100,Normal
2026-02-08 15:48:16.825490,Berlin-b02a,42,37,Normal
2026-02-08 15:48:17.825490,Berlin-b02a,41,15,Normal
2026-02-08 15:48:18.825490,Berlin-b02a,2,92,Normal
2026-02-08 15:48:19.825490,Berlin-b02a,50,54,Normal
2026-02-08 15:48:20.825490,Berlin-b02a,47,69,Normal
2026-02-08 15:48:21.825490,Berlin-b02a,1,22,Normal
2026-02-08 15:48:22.825490,Berlin-b02a,12,64,Normal
2026-02-08 15:48:23.825490,Berlin-b02a,1,33,Normal
2026-02-08 15:48:24.825490,Berlin-b02a,47,28,Normal
2026-02-08 15:48:25.825490,Berlin-b02a,-30,77,Normal
2026-02-08 15:48:26.825490,Berlin-b02a,-21,12,Normal
2026-02-08 15:48:27.825490,Berlin-b02a,26,28,Normal
2026-02-08 15:48:28.825490,Berlin-b02a,36,31,Normal
2026-02-08 15:48:29.825490,Berlin-b02a,-14,16,Normal
2026-02-08 15:48:30.825490,Berlin-b02a,26,11,Normal
2026-02-08 15:48:31.825490,Berlin-b02a,45,56,Normal
2026-02-08 15:48:32.825490,Berlin-b02a,-30,85,Normal
2026-02-08 15:48:33.825490,Berlin-b02a,45,87,Normal
2026-02-08 15:48:34.825490,Berlin-b02a,-5,14,Normal
2026-02-08 15:48:35.825490,Berlin-b02a,27,94,Normal
2026-02-08 15:48:36.825490,Berlin-b02a,-5,1,Normal
2026-02-08 15:48:37.825490,Berlin-b02a,-13,53,Normal
2026-02-08 15:48:38.825490,Berlin-b02a,24,56,Normal
2026-02-08 15:48:39.825490,Berlin-b02a,48,31,Normal
2026-02-08 15:48:40.825490,Berlin-b02a,6,76,Normal
2026-02-08 15:48:41.825490,Berlin-b02a,24,51,Normal
2026-02-08 15:48:42.825490,Berlin-b02a,-18,78,Normal
2026-02-08 15:48:43.825490,Berlin-b02a,9,20,Normal
2026-02-08 15:48:44.825490,Berlin-b02a,-18,19,Normal
2026-02-08 15:48:45.825490,Berlin-b02a,-1,72,Normal
2026-02-08 15:48:46.825490,Berlin-b02a,-4,59,Normal
2026-02-08 15:48:47.825490,Berlin-b02a,6,78,Normal
2026-02-08 15:48:48.825490,Berlin-b02a,-14,36,Normal
2026-02-08 15:48:49.825490,Berlin-b02a,38,50,Normal
2026-02-08 15:48:50.825490,Berlin-b02a,-24,34,Normal
2026-02-08 15:48:51.825490,Berlin-b02a,-8,41,Normal
2026-02-08 15:48:52.825490,Berlin-b02a,-10,63,Normal
2026-02-08 15:48:53.825490,Berlin-b02a,13,53,Normal
2026-02-08 15:48:54.825490,Berlin-b02a,20,58,Normal
2026-02-08 15:48:55.825490,Berlin-b02a,37,72,Normal
2026-02-08 15:48:56.825490,Berlin-b02a,-14,26,Normal
2026-02-08 15:48:57.825490,Berlin-b02a,32,24,Normal
2026-02-08 15:48:58.825490,Berlin-b02a,32,12,Normal
2026-02-08 15:48:59.825490,Berlin-b02a,28,66,Normal
2026-02-08 15:49:00.825490,Berlin-b02a,29,56,Normal
2026-02-08 15:49:01.825490,Berlin-b02a,37,82,Normal
2026-02-08 15:49:02.825490,Berlin-b02a,30,14,Normal
2026-02-08 15:49:03.825490,Berlin-b02a,8,13,Normal
2026-02-08 15:49:04.825490,Berlin-b02a,16,19,Normal
2026-02-08 15:49:05.825490,Berlin-b02a,22,53,Normal
2026-02-08 15:49:06.825490,Berlin-b02a,-2,57,Normal
2026-02-08 15:49:07.825490,Berlin-b02a,-15,16,Normal
2026-02-08 15:49:08.825490,Berlin-b02a,-14,35,Normal
2026-02-08 15:49:09.825490,Berlin-b02a,38,2,Normal
2026-02-08 15:49:10.825490,Berlin-b02a,27,89,Normal
2026-02-08 15:49:11.825490,Berlin-b02a,-21,90,Normal
2026-02-08 15:49:12.825490,Berlin-b02a,39,26,Normal
2026-02-08 15:49:13.825490,Berlin-b02a,19,54,Normal
2026-02-08 15:49:14.825490,Berlin-b02a,2,19,Normal
2026-02-08 15:49:15.825490,Berlin-b02a,32,46,Normal
2026-02-08 15:49:16.825490,Berlin-b02a,36,90,Normal
2026-02-08 15:49:17.825490,Berlin-b02a,-12,29,Normal
2026-02-08 15:49:18.825490,Berlin-b02a,46,28,Normal
2026-02-08 15:49:19.825490,Berlin-b02a,23,28,Normal
2026-02-08 15:49:20.825490,Berlin-b02a,-12,3,Normal
2026-02-08 15:49:21.825490,Berlin-b02a,31,40,Normal
2026-02-08 15:49:22.825490,Berlin-b02a,31,45,Normal
2026-02-08 15:49:23.825490,Berlin-b02a,18,2,Normal
2026-02-08 15:49:24.825490,Berlin-b02a,-4,34,Normal
2026-02-08 15:49:25.825490,Berlin-b02a,16,13,Normal
2026-02-08 15:49:26.825490,Berlin-b02a,23,36,Normal
2026-02-08 15:49:27.825490,Berlin-b02a,7,70,Normal
2026-02-08 15:49:28.825490,Berlin-b02a,42,76,Normal
2026-02-08 15:49:29.825490,Berlin-b02a,-15,79,Normal
2026-02-08 15:49:30.825490,Berlin-b02a,50,13,Normal
2026-02-08 15:49:31.825490,Berlin-b02a,-14,90,Normal
2026-02-08 15:49:32.825490,Berlin-b02a,27,9,Normal
2026-02-08 15:49:33.825490,Berlin-b02a,41,9,Normal
2026-02-08 15:49:34.825490,Berlin-b02a,50,77,Normal
2026-02-08 15:49:35.825490,Berlin-b02a,18,7,Normal
2026-02-08 15:49:36.825490,Berlin-b02a,5,71,Normal
2026-02-08 15:49:37.825490,Berlin-b02a,-12,62,Normal
2026-02-08 15:49:38.825490,Berlin-b02a,26,75,Normal
2026-02-08 15:49:39.825490,Berlin-b02a,-16,69,Normal
2026-02-08 15:49:40.825490,Berlin-b02a,-16,33,Normal
2026-02-08 15:49:41.825490,Berlin-b02a,24,34,Normal
2026-02-08 15:49:42.825490,Berlin-b02a,39,62,Normal
2026-02-08 15:49:43.825490,Berlin-b02a,2,61,Normal
2026-02-08 15:49:44.825490,Berlin-b02a,42,49,Normal
2026-02-08 15:49:45.825490,Berlin-b02a,-11,37,Normal
2026-02-08 15:49:46.825490,Berlin-b02a,40,34,Normal
2026-02-08 15:49:47.825490,Berlin-b02a,-17,58,Normal
2026-02-08 15:49:48.825490,Berlin-b02a,25,2,Normal
2026-02-08 15:49:49.825490,Berlin-b02a,-6,64,Normal
2026-02-08 15:49:50.825490,Berlin-b02a,19,16,Normal
2026-02-08 15:49:51.825490,Berlin-b02a,5,6,Normal
2026-02-08 15:49:52.825490,Berlin-b02a,45,62,Normal
2026-02-08 15:49:53.825490,Berlin-b02a,-25,98,Normal
2026-02-08 15:49:54.825490,Berlin-b02a,-5,35,Normal
2026-02-08 15:49:55.825490,Berlin-b02a,-15,100,Normal
2026-02-08 15:49:56.825490,Berlin-b02a,38,74,Normal
2026-02-08 15:49:57.825490,Berlin-b02a,-25,90,Normal
2026-02-08 15:49:58.825490,Berlin-b02a,-25,30,Normal
2026-02-08 15:49:59.825490,Berlin-b02a,25,87,Normal
2026-02-08 15:50:00.825490,Berlin-b02a,18,100,Normal
2026-02-08 15:50:01.825490,Berlin-b02a,9,29,Normal
2026-02-08 15:50:02.825490,Berlin-b02a,-25,1,Normal
2026-02-08 15:50:03.825490,Berlin-b02a,49,44,Normal
2026-02-08 15:50:04.825490,Berlin-b02a,-29,42,Normal
2026-02-08 15:50:05.825490,Berlin-b02a,34,60,Normal
2026-02-08 15:50:06.825490,Berlin-b02a,10,88,Normal
2026-02-08 15:50:07.825490,Berlin-b02a,-17,9,Normal
2026-02-08 15:50:08.825490,Berlin-b02a,23,26,Normal
2026-02-08 15:50:09.825490,Berlin-b02a,20,54,Normal
2026-02-08 15:50:10.825490,Berlin-b02a,21,51,Normal
2026-02-08 15:50:11.825490,Berlin-b02a,-1,67,Normal
2026-02-08 15:50:12.825490,Berlin-b02a,30,52,Normal
2026-02-08 15:50:13.825490,Berlin-b02a,26,99,Normal
2026-02-08 15:50:14.825490,Berlin-b02a,10,10,Normal
2026-02-08 15:50:15.825490,Berlin-b02a,15,78,Normal
2026-02-08 15:50:16.825490,Berlin-b02a,-28,34,Normal
2026-02-08 15:50:17.825490,Berlin-b02a,-20,64,Normal
2026-02-08 15:50:18.825490,Berlin-b02a,31,95,Normal
2026-02-08 15:50:19.825490,Berlin-b02a,-18,17,Normal
2026-02-08 15:50:20.825490,Berlin-b02a,3,62,Normal
2026-02-08 15:50:21.825490,Berlin-b02a,32,69,Normal
2026-02-08 15:50:22.825490,Berlin-b02a,30,21,Normal
2026-02-08 15:50:23.825490,Berlin-b02a,25,90,Normal
2026-02-08 15:50:24.825490,Berlin-b02a,-22,96,Normal
2026-02-08 15:50:25.825490,Berlin-b02a,-1,64,Normal
2026-02-08 15:50:26.825490,Berlin-b02a,-2,66,Normal
2026-02-08 15:50:27.825490,Berlin-b02a,-6,18,Normal
2026-02-08 15:50:28.825490,Berlin-b02a,32,31,Normal
2026-02-08 15:50:29.825490,Berlin-b02a,18,37,Normal
2026-02-08 15:50:30.825490,Berlin-b02a,32,35,Normal
2026-02-08 15:50:31.825490,Berlin-b02a,-25,40,Normal
2026-02-08 15:50:32.825490,Berlin-b02a,-15,30,Normal
2026-02-08 15:50:33.825490,Berlin-b02a,-16,55,Normal
2026-02-08 15:50:34.825490,Berlin-b02a,-26,20,Normal
2026-02-08 15:50:35.825490,Berlin-b02a,-9,62,Normal
2026-02-08 15:50:36.825490,Berlin-b02a,-17,14,Normal
2026-02-08 15:50:37.825490,Berlin-b02a,40,65,Normal
2026-02-08 15:50:38.825490,Berlin-b02a,2,60,Normal
2026-02-08 15:50:39.825490,Berlin-b02a,-17,11,Normal
2026-02-08 15:50:40.825490,Berlin-b02a,-19,59,Normal
2026-02-08 15:50:41.825490,Berlin-b02a,-14,42,Normal
2026-02-08 15:50:42.825490,Berlin-b02a,-29,57,Normal
2026-02-08 15:50:43.825490,Berlin-b02a,-6,88,Normal
2026-02-08 15:50:44.825490,Berlin-b02a,5,48,Normal
2026-02-08 15:50:45.825490,Berlin-b02a,-11,48,Normal
2026-02-08 15:50:46.825490,Berlin-b02a,4,12,Normal
2026-02-08 15:50:47.825490,Berlin-b02a,-12,49,Normal
2026-02-08 15:50:48.825490,Berlin-b02a,3,68,Normal
2026-02-08 15:50:49.825490,Berlin-b02a,7,19,Normal
2026-02-08 15:50:50.825490,Berlin-b02a,-27,94,Normal
2026-02-08 15:50:51.825490,Berlin-b02a,-26,35,Normal
2026-02-08 15:50:52.825490,Berlin-b02a,1,60,Normal
2026-02-08 15:50:53.825490,Berlin-b02a,46,35,Normal
2026-02-08 15:50:54.825490,Berlin-b02a,34,97,Normal
2026-02-08 15:50:55.825490,Berlin-b02a,5,60,Normal
2026-02-08 15:50:56.825490,Berlin-b02a,16,69,Normal
2026-02-08 15:50:57.825490,Berlin-b02a,44,70,Normal
2026-02-08 15:50:58.825490,Berlin-b02a,22,98,Normal
2026-02-08 15:50:59.825490,Berlin-b02a,-19,47,Normal
2026-02-08 15:51:00.825490,Berlin-b02a,26,9,Normal
2026-02-08 15:51:01.825490,Berlin-b02a,-4,71,Normal
2026-02-08 15:51:02.825490,Berlin-b02a,-7,90,Normal
2026-02-08 15:51:03.825490,Berlin-b02a,-13,15,Normal
2026-02-08 15:51:04.825490,Berlin-b02a,38,79,Normal
2026-02-08 15:51:05.825490,Berlin-b02a,44,61,Normal
2026-02-08 15:51:06.825490,Berlin-b02a,-9,3,Normal
2026-02-08 15:51:07.825490,Berlin-b02a,-21,47,Normal
2026-02-08 15:51:08.825490,Berlin-b02a,43,60,Normal
2026-02-08 15:51:09.825490,Berlin-b02a,17,80,Normal
2026-02-08 15:51:10.825490,Berlin-b02a,40,7,Normal
2026-02-08 15:51:11.825490,Berlin-b02a,-30,94,Normal
2026-02-08 15:51:12.825490,Berlin-b02a,36,24,Normal
2026-02-08 15:51:13.825490,Berlin-b02a,-17,58,Normal
2026-02-08 15:51:14.825490,Berlin-b02a,6,1,Normal
2026-02-08 15:51:15.825490,Berlin-b02a,-22,73,Normal
2026-02-08 15:51:16.825490,Berlin-b02a,-28,55,Normal
2026-02-08 15:51:17.825490,Berlin-b02a,-30,7,Normal
2026-02-08 15:51:18.825490,Berlin-b02a,5,21,Normal
2026-02-08 15:51:19.825490,Berlin-b02a,37,74,Normal
2026-02-08 15:51:20.825490,Berlin-b02a,16,50,Normal
2026-02-08 15:51:21.825490,Berlin-b02a,14,64,Normal
2026-02-08 15:51:22.825490,Berlin-b02a,47,12,Normal
2026-02-08 15:51:23.825490,Berlin-b02a,28,55,Normal
2026-02-08 15:51:24.825490,Berlin-b02a,-10,69,Normal
2026-02-08 15:51:25.825490,Berlin-b02a,-22,44,Normal
2026-02-08 15:51:26.825490,Berlin-b02a,-25,3,Normal
2026-02-08 15:51:27.825490,Berlin-b02a,16,34,Normal
2026-02-08 15:51:28.825490,Berlin-b02a,-16,11,Normal
2026-02-08 15:51:29.825490,Berlin-b02a,25,45,Normal
2026-02-08 15:51:30.825490,Berlin-b02a,-22,40,Normal
2026-02-08 15:51:31.825490,Berlin-b02a,31,31,Normal
2026-02-08 15:51:32.825490,Berlin-b02a,40,10,Normal
2026-02-08 15:51:33.825490,Berlin-b02a,41,6,Normal
2026-02-08 15:51:34.825490,Berlin-b02a,-9,38,Normal
2026-02-08 15:51:35.825490,Berlin-b02a,24,13,Normal
2026-02-08 15:51:36.825490,Berlin-b02a,-14,56,Normal
2026-02-08 15:51:37.825490,Berlin-b02a,28,11,Normal
2026-02-08 15:51:38.825490,Berlin-b02a,37,97,Normal
2026-02-08 15:51:39.825490,Berlin-b02a,15,78,Normal
2026-02-08 15:51:40.825490,Berlin-b02a,15,46,Normal
2026-02-08 15:51:41.825490,Berlin-b02a,26,64,Normal
2026-02-08 15:51:42.825490,Berlin-b02a,-25,21,Normal
2026-02-08 15:51:43.825490,Berlin-b02a,-15,36,Normal
2026-02-08 15:51:44.825490,Berlin-b02a,-9,84,Normal
2026-02-08 15:51:45.825490,Berlin-b02a,-2,55,Normal
2026-02-08 15:51:46.825490,Berlin-b02a,45,17,Normal
2026-02-08 15:51:47.825490,Berlin-b02a,28,22,Normal
2026-02-08 15:51:48.825490,Berlin-b02a,1,67,Normal
2026-02-08 15:51:49.825490,Berlin-b02a,15,95,Normal
2026-02-08 15:51:50.825490,Berlin-b02a,12,29,Normal
2026-02-08 15:51:51.825490,Berlin-b02a,10,39,Normal
2026-02-08 15:51:52.825490,Berlin-b02a,-23,79,Normal
2026-02-08 15:51:53.825490,Berlin-b02a,36,41,Normal
2026-02-08 15:51:54.825490,Berlin-b02a,23,73,Normal
2026-02-08 15:51:55.825490,Berlin-b02a,24,41,Normal
2026-02-08 15:51:56.825490,Berlin-b02a,-4,35,Normal
2026-02-08 15:51:57.825490,Berlin-b02a,-11,16,Normal
2026-02-08 15:51:58.825490,Berlin-b02a,40,21,Normal
2026-02-08 15:51:59.825490,Berlin-b02a,45,31,Normal
2026-02-08 15:52:00.825490,Berlin-b02a,22,77,Normal
2026-02-08 15:52:01.825490,Berlin-b02a,-18,43,Normal
2026-02-08 15:52:02.825490,Berlin-b02a,32,80,Normal
2026-02-08 15:52:03.825490,Berlin-b02a,18,56,Normal
2026-02-08 15:52:04.825490,Berlin-b02a,2,100,Normal
2026-02-08 15:52:05.825490,Berlin-b02a,44,40,Normal
2026-02-08 15:52:06.825490,Berlin-b02a,-6,65,Normal
2026-02-08 15:52:07.825490,Berlin-b02a,21,38,Normal
2026-02-08 15:52:08.825490,Berlin-b02a,36,36,Normal
2026-02-08 15:52:09.825490,Berlin-b02a,32,63,Normal
2026-02-08 15:52:10.825490,Berlin-b02a,1,97,Normal
2026-02-08 15:52:11.825490,Berlin-b02a,47,52,Normal
2026-02-08 15:52:12.825490,Berlin-b02a,16,55,Normal
2026-02-08 15:52:13.825490,Berlin-b02a,13,42,Normal
2026-02-08 15:52:14.825490,Berlin-b02a,36,14,Normal
2026-02-08 15:52:15.825490,Berlin-b02a,-24,95,Normal
2026-02-08 15:52:16.825490,Berlin-b02a,-24,76,Normal
2026-02-08 15:52:17.825490,Berlin-b02a,-26,32,Normal
2026-02-08 15:52:18.825490,Berlin-b02a,-18,13,Normal
2026-02-08 15:52:19.825490,Berlin-b02a,6,66,Normal
2026-02-08 15:52:20.825490,Berlin-b02a,10,29,Normal
2026-02-08 15:52:21.825490,Berlin-b02a,-4,65,Normal
2026-02-08 15:52:22.825490,Berlin-b02a,1,17,Normal
2026-02-08 15:52:23.825490,Berlin-b02a,26,29,Normal
2026-02-08 15:52:24.825490,Berlin-b02a,1,32,Normal
2026-02-08 15:52:25.825490,Berlin-b02a,-21,65,Normal
2026-02-08 15:52:26.825490,Berlin-b02a,-26,65,Normal
2026-02-08 15:52:27.825490,Berlin-b02a,44,19,Normal
2026-02-08 15:52:28.825490,Berlin-b02a,20,41,Normal
2026-02-08 15:52:29.825490,Berlin-b02a,9,75,Normal
2026-02-08 15:52:30.825490,Berlin-b02a,-20,92,Normal
2026-02-08 15:52:31.825490,Berlin-b02a,41,19,Normal
2026-02-08 15:52:32.825490,Berlin-b02a,30,28,Normal
2026-02-08 15:52:33.825490,Berlin-b02a,-7,56,Normal
2026-02-08 15:52:34.825490,Berlin-b02a,6,50,Normal
2026-02-08 15:52:35.825490,Berlin-b02a,23,21,Normal
2026-02-08 15:52:36.825490,Berlin-b02a,1,33,Normal
2026-02-08 15:52:37.825490,Berlin-b02a,-5,84,Normal
2026-02-08 15:52:38.825490,Berlin-b02a,-11,31,Normal
2026-02-08 15:52:39.825490,Berlin-b02a,-18,100,Normal
2026-02-08 15:52:40.825490,Berlin-b02a,40,59,Normal
2026-02-08 15:52:41.825490,Berlin-b02a,46,77,Normal
2026-02-08 15:52:42.825490,Berlin-b02a,48,8,Normal
2026-02-08 15:52:43.825490,Berlin-b02a,49,75,Normal
2026-02-08 15:52:44.825490,Berlin-b02a,41,23,Normal
2026-02-08 15:52:45.825490,Berlin-b02a,15,20,Normal
2026-02-08 15:52:46.825490,Berlin-b02a,29,54,Normal
2026-02-08 15:52:47.825490,Berlin-b02a,49,48,Normal
2026-02-08 15:52:48.825490,Berlin-b02a,-20,24,Normal
2026-02-08 15:52:49.825490,Berlin-b02a,8,28,Normal
2026-02-08 15:52:50.825490,Berlin-b02a,-26,24,Normal
2026-02-08 15:52:51.825490,Berlin-b02a,-17,26,Normal
2026-02-08 15:52:52.825490,Berlin-b02a,-4,80,Normal
2026-02-08 15:52:53.825490,Berlin-b02a,-6,6,Normal
2026-02-08 15:52:54.825490,Berlin-b02a,44,34,Normal
2026-02-08 15:52:55.825490,Berlin-b02a,-2,4,Normal
2026-02-08 15:52:56.825490,Berlin-b02a,26,6,Normal
2026-02-08 15:52:57.825490,Berlin-b02a,-6,67,Normal
2026-02-08 15:52:58.825490,Berlin-b02a,44,98,Normal
2026-02-08 15:52:59.825490,Berlin-b02a,3,20,Normal
2026-02-08 15:53:00.825490,Berlin-b02a,-6,44,Normal
2026-02-08 15:53:01.825490,Berlin-b02a,-20,97,Normal
2026-02-08 15:53:02.825490,Berlin-b02a,-28,50,Normal
2026-02-08 15:53:03.825490,Berlin-b02a,18,5,Normal
2026-02-08 15:53:04.825490,Berlin-b02a,9,78,Normal
2026-02-08 15:53:05.825490,Berlin-b02a,46,52,Normal
2026-02-08 15:53:06.825490,Berlin-b02a,-7,88,Normal
2026-02-08 15:53:07.825490,Berlin-b02a,45,72,Normal
2026-02-08 15:53:08.825490,Berlin-b02a,33,31,Normal
2026-02-08 15:53:09.825490,Berlin-b02a,14,44,Normal
2026-02-08 15:53:10.825490,Berlin-b02a,45,94,Normal
2026-02-08 15:53:11.825490,Berlin-b02a,2,42,Normal
2026-02-08 15:53:12.825490,Berlin-b02a,28,64,Normal
2026-02-08 15:53:13.825490,Berlin-b02a,-6,21,Normal
2026-02-08 15:53:14.825490,Berlin-b02a,-26,44,Normal
2026-02-08 15:53:15.825490,Berlin-b02a,40,93,Normal
2026-02-08 15:53:16.825490,Berlin-b02a,41,42,Normal
2026-02-08 15:53:17.825490,Berlin-b02a,33,78,Normal
2026-02-08 15:53:18.825490,Berlin-b02a,14,32,Normal
2026-02-08 15:53:19.825490,Berlin-b02a,-13,8,Normal
2026-02-08 15:53:20.825490,Berlin-b02a,43,15,Normal
2026-02-08 15:53:21.825490,Berlin-b02a,45,77,Normal
2026-02-08 15:53:22.825490,Berlin-b02a,28,45,Normal
2026-02-08 15:53:23.825490,Berlin-b02a,-23,44,Normal
2026-02-08 15:53:24.825490,Berlin-b02a,48,74,Normal
2026-02-08 15:53:25.825490,Berlin-b02a,-17,87,Normal
2026-02-08 15:53:26.825490,Berlin-b02a,36,68,Normal
2026-02-08 15:53:27.825490,Berlin-b02a,34,96,Normal
2026-02-08 15:53:28.825490,Berlin-b02a,10,20,Normal
2026-02-08 15:53:29.825490,Berlin-b02a,42,26,Normal
2026-02-08 15:53:30.825490,Berlin-b02a,4,74,Normal
2026-02-08 15:53:31.825490,Berlin-b02a,-24,12,Normal
2026-02-08 15:53:32.825490,Berlin-b02a,2,100,Normal
2026-02-08 15:53:33.825490,Berlin-b02a,-7,51,Normal
2026-02-08 15:53:34.825490,Berlin-b02a,12,11,Normal
2026-02-08 15:53:35.825490,Berlin-b02a,-23,94,Normal
2026-02-08 15:53:36.825490,Berlin-b02a,36,16,Normal
2026-02-08 15:53:37.825490,Berlin-b02a,26,24,Normal
2026-02-08 15:53:38.825490,Berlin-b02a,29,15,Normal
2026-02-08 15:53:39.825490,Berlin-b02a,13,16,Normal
2026-02-08 15:53:40.825490,Berlin-b02a,36,32,Normal
2026-02-08 15:53:41.825490,Berlin-b02a,-18,82,Normal
2026-02-08 15:53:42.825490,Berlin-b02a,33,68,Normal
2026-02-08 15:53:43.825490,Berlin-b02a,38,10,Normal
2026-02-08 15:53:44.825490,Berlin-b02a,34,95,Normal
2026-02-08 15:53:45.825490,Berlin-b02a,29,41,Normal
2026-02-08 15:53:46.825490,Berlin-b02a,47,19,Normal
2026-02-08 15:53:47.825490,Berlin-b02a,-8,43,Normal
2026-02-08 15:53:48.825490,Berlin-b02a,18,62,Normal
2026-02-08 15:53:49.825490,Berlin-b02a,29,28,Normal
2026-02-08 15:53:50.825490,Berlin-b02a,1,98,Normal
2026-02-08 15:53:51.825490,Berlin-b02a,44,66,Normal
2026-02-08 15:53:52.825490,Berlin-b02a,28,42,Normal
2026-02-08 15:53:53.825490,Berlin-b02a,-2,3,Normal
2026-02-08 15:53:54.825490,Berlin-b02a,10,55,Normal
2026-02-08 15:53:55.825490,Berlin-b02a,44,63,Normal
2026-02-08 15:53:56.825490,Berlin-b02a,42,36,Normal
2026-02-08 15:53:57.825490,Berlin-b02a,21,4,Normal
2026-02-08 15:53:58.825490,Berlin-b02a,-10,5,Normal
2026-02-08 15:53:59.825490,Berlin-b02a,18,68,Normal
2026-02-08 15:54:00.825490,Berlin-b02a,-15,27,Normal
2026-02-08 15:54:01.825490,Berlin-b02a,-6,18,Normal
2026-02-08 15:54:02.825490,Berlin-b02a,45,75,Normal
2026-02-08 15:54:03.825490,Berlin-b02a,20,43,Normal
2026-02-08 15:54:04.825490,Berlin-b02a,-10,55,Normal
2026-02-08 15:54:05.825490,Berlin-b02a,14,22,Normal
2026-02-08 15:54:06.825490,Berlin-b02a,20,76,Normal
2026-02-08 15:54:07.825490,Berlin-b02a,-8,83,Normal
2026-02-08 15:54:08.825490,Berlin-b02a,22,11,Normal
2026-02-08 15:54:09.825490,Berlin-b02a,47,72,Normal
2026-02-08 15:54:10.825490,Berlin-b02a,-10,88,Normal
2026-02-08 15:54:11.825490,Berlin-b02a,28,61,Normal
2026-02-08 15:54:12.825490,Berlin-b02a,-23,14,Normal
2026-02-08 15:54:13.825490,Berlin-b02a,1,5,Normal
2026-02-08 15:54:14.825490,Berlin-b02a,-16,51,Normal
2026-02-08 15:54:15.825490,Berlin-b02a,17,48,Normal
2026-02-08 15:54:16.825490,Berlin-b02a,45,5,Normal
2026-02-08 15:54:17.825490,Berlin-b02a,-15,59,Normal
2026-02-08 15:54:18.825490,Berlin-b02a,10,21,Normal
2026-02-08 15:54:19.825490,Berlin-b02a,-25,39,Normal
2026-02-08 15:54:20.825490,Berlin-b02a,12,4,Normal
2026-02-08 15:54:21.825490,Berlin-b02a,18,63,Normal
2026-02-08 15:54:22.825490,Berlin-b02a,-1,76,Normal
2026-02-08 15:54:23.825490,Berlin-b02a,-25,62,Normal
2026-02-08 15:54:24.825490,Berlin-b02a,41,10,Normal
2026-02-08 15:54:25.825490,Berlin-b02a,32,41,Normal
2026-02-08 15:54:26.825490,Berlin-b02a,-3,82,Normal
2026-02-08 15:54:27.825490,Berlin-b02a,-5,75,Normal
2026-02-08 15:54:28.825490,Berlin-b02a,35,7,Normal
2026-02-08 15:54:29.825490,Berlin-b02a,-20,49,Normal
2026-02-08 15:54:30.825490,Berlin-b02a,-6,27,Normal
2026-02-08 15:54:31.825490,Berlin-b02a,30,89,Normal
2026-02-08 15:54:32.825490,Berlin-b02a,31,12,Normal
2026-02-08 15:54:33.825490,Berlin-b02a,15,58,Normal
2026-02-08 15:54:34.825490,Berlin-b02a,-11,93,Normal
2026-02-08 15:54:35.825490,Berlin-b02a,42,31,Normal
2026-02-08 15:54:36.825490,Berlin-b02a,38,68,Normal
2026-02-08 15:54:37.825490,Berlin-b02a,17,82,Normal
2026-02-08 15:54:38.825490,Berlin-b02a,17,9,Normal
2026-02-08 15:54:39.825490,Berlin-b02a,28,30,Normal
2026-02-08 15:54:40.825490,Berlin-b02a,-18,35,Normal
2026-02-08 15:54:41.825490,Berlin-b02a,-11,66,Normal
2026-02-08 15:54:42.825490,Berlin-b02a,-27,82,Normal
2026-02-08 15:54:43.825490,Berlin-b02a,35,67,Normal
2026-02-08 15:54:44.825490,Berlin-b02a,-12,2,Normal
2026-02-08 15:54:45.825490,Berlin-b02a,-2,44,Normal
2026-02-08 15:54:46.825490,Berlin-b02a,-1,33,Normal
2026-02-08 15:54:47.825490,Berlin-b02a,-18,36,Normal
2026-02-08 15:54:48.825490,Berlin-b02a,16,58,Normal
2026-02-08 15:54:49.825490,Berlin-b02a,19,18,Normal
2026-02-08 15:54:50.825490,Berlin-b02a,49,36,Normal
2026-02-08 15:54:51.825490,Berlin-b02a,17,22,Normal
2026-02-08 15:54:52.825490,Berlin-b02a,48,28,Normal
2026-02-08 15:54:53.825490,Berlin-b02a,43,81,Normal
2026-02-08 15:54:54.825490,Berlin-b02a,43,29,Normal
2026-02-08 15:54:55.825490,Berlin-b02a,32,43,Normal
2026-02-08 15:54:56.825490,Berlin-b02a,-27,65,Normal
2026-02-08 15:54:57.825490,Berlin-b02a,26,17,Normal
2026-02-08 15:54:58.825490,Berlin-b02a,2,98,Normal
2026-02-08 15:54:59.825490,Berlin-b02a,-12,26,Normal
2026-02-08 15:55:00.825490,Berlin-b02a,46,92,Normal
2026-02-08 15:55:01.825490,Berlin-b02a,9,65,Normal
2026-02-08 15:55:02.825490,Berlin-b02a,28,26,Normal
2026-02-08 15:55:03.825490,Berlin-b02a,14,99,Normal
2026-02-08 15:55:04.825490,Berlin-b02a,32,85,Normal
2026-02-08 15:55:05.825490,Berlin-b02a,46,97,Normal
2026-02-08 15:55:06.825490,Berlin-b02a,-2,43,Normal
2026-02-08 15:55:07.825490,Berlin-b02a,-8,72,Normal
2026-02-08 15:55:08.825490,Berlin-b02a,19,55,Normal
2026-02-08 15:55:09.825490,Berlin-b02a,0,45,Normal
2026-02-08 15:55:10.825490,Berlin-b02a,1,35,Normal
2026-02-08 15:55:11.825490,Berlin-b02a,-1,1,Normal
2026-02-08 15:55:12.825490,Berlin-b02a,8,25,Normal
2026-02-08 15:55:13.825490,Berlin-b02a,-29,69,Normal
2026-02-08 15:55:14.825490,Berlin-b02a,-29,70,Normal
2026-02-08 15:55:15.825490,Berlin-b02a,39,14,Normal
2026-02-08 15:55:16.825490,Berlin-b02a,-26,66,Normal
2026-02-08 15:55:17.825490,Berlin-b02a,-28,100,Normal
2026-02-08 15:55:18.825490,Berlin-b02a,-6,14,Normal
2026-02-08 15:55:19.825490,Berlin-b02a,12,90,Normal
2026-02-08 15:55:20.825490,Berlin-b02a,47,76,Normal
2026-02-08 15:55:21.825490,Berlin-b02a,16,92,Normal
2026-02-08 15:55:22.825490,Berlin-b02a,-19,76,Normal
2026-02-08 15:55:23.825490,Berlin-b02a,23,37,Normal
2026-02-08 15:55:24.825490,Berlin-b02a,1,51,Normal
2026-02-08 15:55:25.825490,Berlin-b02a,25,34,Normal
2026-02-08 15:55:26.825490,Berlin-b02a,32,29,Normal
2026-02-08 15:55:27.825490,Berlin-b02a,34,56,Normal
2026-02-08 15:55:28.825490,Berlin-b02a,13,2,Normal
2026-02-08 15:55:29.825490,Berlin-b02a,1,67,Normal
2026-02-08 15:55:30.825490,Berlin-b02a,5,44,Normal
2026-02-08 15:55:31.825490,Berlin-b02a,11,73,Normal
2026-02-08 15:55:32.825490,Berlin-b02a,-30,4,Normal
2026-02-08 15:55:33.825490,Berlin-b02a,21,29,Normal
2026-02-08 15:55:34.825490,Berlin-b02a,44,6,Normal
2026-02-08 15:55:35.825490,Berlin-b02a,1,62,Normal
2026-02-08 15:55:36.825490,Berlin-b02a,-21,44,Normal
2026-02-08 15:55:37.825490,Berlin-b02a,21,35,Normal
2026-02-08 15:55:38.825490,Berlin-b02a,-19,91,Normal
2026-02-08 15:55:39.825490,Berlin-b02a,13,30,Normal
2026-02-08 15:55:40.825490,Berlin-b02a,-27,2,Normal
2026-02-08 15:55:41.825490,Berlin-b02a,39,31,Normal
2026-02-08 15:55:42.825490,Berlin-b02a,-29,48,Normal
2026-02-08 15:55:43.825490,Berlin-b02a,-16,13,Normal
2026-02-08 15:55:44.825490,Berlin-b02a,5,32,Normal
2026-02-08 15:55:45.825490,Berlin-b02a,40,94,Normal
2026-02-08 15:55:46.825490,Berlin-b02a,45,72,Normal
2026-02-08 15:55:47.825490,Berlin-b02a,23,41,Normal
2026-02-08 15:55:48.825490,Berlin-b02a,21,76,Normal
2026-02-08 15:55:49.825490,Berlin-b02a,43,41,Normal
2026-02-08 15:55:50.825490,Berlin-b02a,13,71,Normal
2026-02-08 15:55:51.825490,Berlin-b02a,-7,13,Normal
2026-02-08 15:55:52.825490,Berlin-b02a,47,38,Normal
2026-02-08 15:55:53.825490,Berlin-b02a,41,61,Normal
2026-02-08 15:55:54.825490,Berlin-b02a,33,39,Normal
2026-02-08 15:55:55.825490,Berlin-b02a,-12,86,Normal
2026-02-08 15:55:56.825490,Berlin-b02a,27,93,Normal
2026-02-08 15:55:57.825490,Berlin-b02a,23,35,Normal
2026-02-08 15:55:58.825490,Berlin-b02a,0,39,Normal
2026-02-08 15:55:59.825490,Berlin-b02a,-21,81,Normal
2026-02-08 15:56:00.825490,Berlin-b02a,-15,51,Normal
2026-02-08 15:56:01.825490,Berlin-b02a,-29,67,Normal
2026-02-08 15:56:02.825490,Berlin-b02a,27,21,Normal
2026-02-08 15:56:03.825490,Berlin-b02a,-6,44,Normal
2026-02-08 15:56:04.825490,Berlin-b02a,1,96,Normal
2026-02-08 15:56:05.825490,Berlin-b02a,-2,24,Normal
2026-02-08 15:56:06.825490,Berlin-b02a,23,83,Normal
2026-02-08 15:56:07.825490,Berlin-b02a,15,86,Normal
2026-02-08 15:56:08.825490,Berlin-b02a,49,93,Normal
2026-02-08 15:56:09.825490,Berlin-b02a,-11,11,Normal
2026-02-08 15:56:10.825490,Berlin-b02a,47,9,Normal
2026-02-08 15:56:11.825490,Berlin-b02a,38,86,Normal
2026-02-08 15:56:12.825490,Berlin-b02a,40,94,Normal
2026-02-08 15:56:13.825490,Berlin-b02a,-4,25,Normal
2026-02-08 15:56:14.825490,Berlin-b02a,49,49,Normal
2026-02-08 15:56:15.825490,Berlin-b02a,34,87,Normal
2026-02-08 15:56:16.825490,Berlin-b02a,35,87,Normal
2026-02-08 15:56:17.825490,Berlin-b02a,14,40,Normal
2026-02-08 15:56:18.825490,Berlin-b02a,-17,68,Normal
2026-02-08 15:56:19.825490,Berlin-b02a,30,17,Normal
2026-02-08 15:56:20.825490,Berlin-b02a,-23,83,Normal
2026-02-08 15:56:21.825490,Berlin-b02a,3,60,Normal
2026-02-08 15:56:22.825490,Berlin-b02a,-3,28,Normal
2026-02-08 15:56:23.825490,Berlin-b02a,27,68,Normal
2026-02-08 15:56:24.825490,Berlin-b02a,49,26,Normal
2026-02-08 15:56:25.825490,Berlin-b02a,28,46,Normal
2026-02-08 15:56:26.825490,Berlin-b02a,7,76,Normal
2026-02-08 15:56:27.825490,Berlin-b02a,4,41,Normal
2026-02-08 15:56:28.825490,Berlin-b02a,21,68,Normal
2026-02-08 15:56:29.825490,Berlin-b02a,5,32,Normal
2026-02-08 15:56:30.825490,Berlin-b02a,-22,59,Normal
2026-02-08 15:56:31.825490,Berlin-b02a,31,62,Normal
2026-02-08 15:56:32.825490,Berlin-b02a,22,50,Normal
2026-02-08 15:56:33.825490,Berlin-b02a,13,21,Normal
2026-02-08 15:56:34.825490,Berlin-b02a,10,68,Normal
2026-02-08 15:56:35.825490,Berlin-b02a,-18,38,Normal
2026-02-08 15:56:36.825490,Berlin-b02a,-3,61,Normal
2026-02-08 15:56:37.825490,Berlin-b02a,1,42,Normal
2026-02-08 15:56:38.825490,Berlin-b02a,48,53,Normal
2026-02-08 15:56:39.825490,Berlin-b02a,43,7,Normal
2026-02-08 15:56:40.825490,Berlin-b02a,11,23,Normal
2026-02-08 15:56:41.825490,Berlin-b02a,-25,56,Normal
2026-02-08 15:56:42.825490,Berlin-b02a,-3,54,Normal
2026-02-08 15:56:43.825490,Berlin-b02a,-17,10,Normal
2026-02-08 15:56:44.825490,Berlin-b02a,6,74,Normal
2026-02-08 15:56:45.825490,Berlin-b02a,-29,18,Normal
2026-02-08 15:56:46.825490,Berlin-b02a,33,96,Normal
2026-02-08 15:56:47.825490,Berlin-b02a,-10,67,Normal
2026-02-08 15:56:48.825490,Berlin-b02a,39,16,Normal
2026-02-08 15:56:49.825490,Berlin-b02a,29,52,Normal
2026-02-08 15:56:50.825490,Berlin-b02a,-3,48,Normal
2026-02-08 15:56:51.825490,Berlin-b02a,2,80,Normal
2026-02-08 15:56:52.825490,Berlin-b02a,50,61,Normal
2026-02-08 15:56:53.825490,Berlin-b02a,38,72,Normal
2026-02-08 15:56:54.825490,Berlin-b02a,19,77,Normal
2026-02-08 15:56:55.825490,Berlin-b02a,-16,75,Normal
2026-02-08 15:56:56.825490,Berlin-b02a,33,49,Normal
2026-02-08 15:56:57.825490,Berlin-b02a,-10,30,Normal
2026-02-08 15:56:58.825490,Berlin-b02a,17,70,Normal
2026-02-08 15:56:59.825490,Berlin-b02a,48,94,Normal
2026-02-08 15:57:00.825490,Berlin-b02a,44,87,Normal
2026-02-08 15:57:01.825490,Berlin-b02a,47,2,Normal
2026-02-08 15:57:02.825490,Berlin-b02a,-2,84,Normal
2026-02-08 15:57:03.825490,Berlin-b02a,-22,82,Normal
2026-02-08 15:57:04.825490,Berlin-b02a,-23,76,Normal
2026-02-08 15:57:05.825490,Berlin-b02a,16,23,Normal
2026-02-08 15:57:06.825490,Berlin-b02a,-30,75,Normal
2026-02-08 15:57:07.825490,Berlin-b02a,4,55,Normal
2026-02-08 15:57:08.825490,Berlin-b02a,35,44,Normal
2026-02-08 15:57:09.825490,Berlin-b02a,-27,41,Normal
2026-02-08 15:57:10.825490,Berlin-b02a,0,1,Normal
2026-02-08 15:57:11.825490,Berlin-b02a,13,43,Normal
2026-02-08 15:57:12.825490,Berlin-b02a,-23,77,Normal
2026-02-08 15:57:13.825490,Berlin-b02a,-27,91,Normal
2026-02-08 15:57:14.825490,Berlin-b02a,41,53,Normal
2026-02-08 15:57:15.825490,Berlin-b02a,-30,4,Normal
2026-02-08 15:57:16.825490,Berlin-b02a,30,67,Normal
2026-02-08 15:57:17.825490,Berlin-b02a,28,7,Normal
2026-02-08 15:57:18.825490,Berlin-b02a,40,7,Normal
2026-02-08 15:57:19.825490,Berlin-b02a,42,71,Normal
2026-02-08 15:57:20.825490,Berlin-b02a,3,15,Normal
2026-02-08 15:57:21.825490,Berlin-b02a,19,96,Normal
2026-02-08 15:57:22.825490,Berlin-b02a,-1,53,Normal
2026-02-08 15:57:23.825490,Berlin-b02a,11,2,Normal
2026-02-08 15:57:24.825490,Berlin-b02a,28,57,Normal
2026-02-08 15:57:25.825490,Berlin-b02a,-17,56,Normal
2026-02-08 15:57:26.825490,Berlin-b02a,13,65,Normal
2026-02-08 15:57:27.825490,Berlin-b02a,-20,75,Normal
2026-02-08 15:57:28.825490,Berlin-b02a,5,38,Normal
2026-02-08 15:57:29.825490,Berlin-b02a,-10,27,Normal
2026-02-08 15:57:30.825490,Berlin-b02a,44,75,Normal
2026-02-08 15:57:31.825490,Berlin-b02a,22,53,Normal
2026-02-08 15:57:32.825490,Berlin-b02a,-2,43,Normal
2026-02-08 15:57:33.825490,Berlin-b02a,-18,99,Normal
2026-02-08 15:57:34.825490,Berlin-b02a,29,35,Normal
2026-02-08 15:57:35.825490,Berlin-b02a,16,15,Normal
2026-02-08 15:57:36.825490,Berlin-b02a,-19,77,Normal
2026-02-08 15:57:37.825490,Berlin-b02a,-23,64,Normal
2026-02-08 15:57:38.825490,Berlin-b02a,-21,10,Normal
2026-02-08 15:57:39.825490,Berlin-b02a,7,68,Normal
2026-02-08 15:57:40.825490,Berlin-b02a,24,79,Normal
2026-02-08 15:57:41.825490,Berlin-b02a,-9,82,Normal
2026-02-08 15:57:42.825490,Berlin-b02a,-14,34,Normal
2026-02-08 15:57:43.825490,Berlin-b02a,27,96,Normal
2026-02-08 15:57:44.825490,Berlin-b02a,20,83,Normal
2026-02-08 15:57:45.825490,Berlin-b02a,3,95,Normal
2026-02-08 15:57:46.825490,Berlin-b02a,12,3,Normal
2026-02-08 15:57:47.825490,Berlin-b02a,41,73,Normal
2026-02-08 15:57:48.825490,Berlin-b02a,-30,32,Normal
2026-02-08 15:57:49.825490,Berlin-b02a,-10,49,Normal
2026-02-08 15:57:50.825490,Berlin-b02a,-27,64,Normal
2026-02-08 15:57:51.825490,Berlin-b02a,-30,68,Normal
2026-02-08 15:57:52.825490,Berlin-b02a,6,78,Normal
2026-02-08 15:57:53.825490,Berlin-b02a,-6,79,Normal
2026-02-08 15:57:54.825490,Berlin-b02a,3,35,Normal
2026-02-08 15:57:55.825490,Berlin-b02a,39,29,Normal
2026-02-08 15:57:56.825490,Berlin-b02a,-19,16,Normal
2026-02-08 15:57:57.825490,Berlin-b02a,10,21,Normal
2026-02-08 15:57:58.825490,Berlin-b02a,41,38,Normal
2026-02-08 15:57:59.825490,Berlin-b02a,-27,9,Normal
2026-02-08 15:58:00.825490,Berlin-b02a,-5,73,Normal
2026-02-08 15:58:01.825490,Berlin-b02a,-27,27,Normal
2026-02-08 15:58:02.825490,Berlin-b02a,-14,84,Normal
2026-02-08 15:58:03.825490,Berlin-b02a,23,48,Normal
2026-02-08 15:58:04.825490,Berlin-b02a,48,55,Normal
2026-02-08 15:58:05.825490,Berlin-b02a,8,88,Normal
2026-02-08 15:58:06.825490,Berlin-b02a,44,81,Normal
2026-02-08 15:58:07.825490,Berlin-b02a,-12,40,Normal
2026-02-08 15:58:08.825490,Berlin-b02a,35,73,Normal
2026-02-08 15:58:09.825490,Berlin-b02a,-14,15,Normal
2026-02-08 15:58:10.825490,Berlin-b02a,6,22,Normal
2026-02-08 15:58:11.825490,Berlin-b02a,-5,68,Normal
2026-02-08 15:58:12.825490,Berlin-b02a,-22,68,Normal
2026-02-08 15:58:13.825490,Berlin-b02a,-20,6,Normal
2026-02-08 15:58:14.825490,Berlin-b02a,44,86,Normal
2026-02-08 15:58:15.825490,Berlin-b02a,42,25,Normal
2026-02-08 15:58:16.825490,Berlin-b02a,36,20,Normal
2026-02-08 15:58:17.825490,Berlin-b02a,6,58,Normal
2026-02-08 15:58:18.825490,Berlin-b02a,8,14,Normal
2026-02-08 15:58:19.825490,Berlin-b02a,47,92,Normal
2026-02-08 15:58:20.825490,Berlin-b02a,12,83,Normal
2026-02-08 15:58:21.825490,Berlin-b02a,6,84,Normal
2026-02-08 15:58:22.825490,Berlin-b02a,41,49,Normal
2026-02-08 15:58:23.825490,Berlin-b02a,-2,71,Normal
2026-02-08 15:58:24.825490,Berlin-b02a,-2,66,Normal
2026-02-08 15:58:25.825490,Berlin-b02a,25,74,Normal
2026-02-08 15:58:26.825490,Berlin-b02a,-12,59,Normal
2026-02-08 15:58:27.825490,Berlin-b02a,-24,78,Normal
2026-02-08 15:58:28.825490,Berlin-b02a,17,22,Normal
2026-02-08 15:58:29.825490,Berlin-b02a,48,56,Normal
2026-02-08 15:58:30.825490,Berlin-b02a,32,36,Normal
2026-02-08 15:58:31.825490,Berlin-b02a,-14,3,Normal
2026-02-08 15:58:32.825490,Berlin-b02a,5,21,Normal
2026-02-08 15:58:33.825490,Berlin-b02a,25,41,Normal
2026-02-08 15:58:34.825490,Berlin-b02a,36,77,Normal
2026-02-08 15:58:35.825490,Berlin-b02a,19,48,Normal
2026-02-08 15:58:36.825490,Berlin-b02a,22,87,Normal
2026-02-08 15:58:37.825490,Berlin-b02a,14,83,Normal
2026-02-08 15:58:38.825490,Berlin-b02a,24,79,Normal
2026-02-08 15:58:39.825490,Berlin-b02a,49,1,Normal
2026-02-08 15:58:40.825490,Berlin-b02a,33,28,Normal
2026-02-08 15:58:41.825490,Berlin-b02a,-28,8,Normal
2026-02-08 15:58:42.825490,Berlin-b02a,3,17,Normal
2026-02-08 15:58:43.825490,Berlin-b02a,-23,28,Normal
2026-02-08 15:58:44.825490,Berlin-b02a,-7,54,Normal
2026-02-08 15:58:45.825490,Berlin-b02a,-7,44,Normal
2026-02-08 15:58:46.825490,Berlin-b02a,12,91,Normal
2026-02-08 15:58:47.825490,Berlin-b02a,-15,24,Normal
2026-02-08 15:58:48.825490,Berlin-b02a,-23,52,Normal
2026-02-08 15:58:49.825490,Berlin-b02a,-18,5,Normal
2026-02-08 15:58:50.825490,Berlin-b02a,-18,79,Normal
2026-02-08 15:58:51.825490,Berlin-b02a,-1,9,Normal
2026-02-08 15:58:52.825490,Berlin-b02a,41,66,Normal
2026-02-08 15:58:53.825490,Berlin-b02a,-27,76,Normal
2026-02-08 15:58:54.825490,Berlin-b02a,42,20,Normal
2026-02-08 15:58:55.825490,Berlin-b02a,-13,55,Normal
2026-02-08 15:58:56.825490,Berlin-b02a,-17,43,Normal
2026-02-08 15:58:57.825490,Berlin-b02a,0,1,Normal
2026-02-08 15:58:58.825490,Berlin-b02a,4,29,Normal
2026-02-08 15:58:59.825490,Berlin-b02a,-25,91,Normal
2026-02-08 15:59:00.825490,Berlin-b02a,19,90,Normal
2026-02-08 15:59:01.825490,Berlin-b02a,46,75,Normal
2026-02-08 15:59:02.825490,Berlin-b02a,-24,19,Normal
2026-02-08 15:59:03.825490,Berlin-b02a,22,71,Normal
2026-02-08 15:59:04.825490,Berlin-b02a,22,30,Normal
2026-02-08 15:59:05.825490,Berlin-b02a,39,65,Normal
2026-02-08 15:59:06.825490,Berlin-b02a,32,35,Normal
2026-02-08 15:59:07.825490,Berlin-b02a,39,55,Normal
2026-02-08 15:59:08.825490,Berlin-b02a,11,81,Normal
2026-02-08 15:59:09.825490,Berlin-b02a,-18,71,Normal
2026-02-08 15:59:10.825490,Berlin-b02a,-29,84,Normal
2026-02-08 15:59:11.825490,Berlin-b02a,17,21,Normal
2026-02-08 15:59:12.825490,Berlin-b02a,-21,17,Normal
2026-02-08 15:59:13.825490,Berlin-b02a,39,41,Normal
2026-02-08 15:59:14.825490,Berlin-b02a,-18,5,Normal
2026-02-08 15:59:15.825490,Berlin-b02a,-6,54,Normal
2026-02-08 15:59:16.825490,Berlin-b02a,-2,99,Normal
2026-02-08 15:59:17.825490,Berlin-b02a,-25,38,Normal
2026-02-08 15:59:18.825490,Berlin-b02a,-22,8,Normal
2026-02-08 15:59:19.825490,Berlin-b02a,-28,40,Normal
2026-02-08 15:59:20.825490,Berlin-b02a,35,98,Normal
2026-02-08 15:59:21.825490,Berlin-b02a,25,75,Normal
2026-02-08 15:59:22.825490,Berlin-b02a,35,71,Normal
2026-02-08 15:59:23.825490,Berlin-b02a,-26,63,Normal
2026-02-08 15:59:24.825490,Berlin-b02a,-19,5,Normal
2026-02-08 15:59:25.825490,Berlin-b02a,26,73,Normal
2026-02-08 15:59:26.825490,Berlin-b02a,28,74,Normal
2026-02-08 15:59:27.825490,Berlin-b02a,10,58,Normal
2026-02-08 15:59:28.825490,Berlin-b02a,33,99,Normal
2026-02-08 15:59:29.825490,Berlin-b02a,12,62,Normal
2026-02-08 15:59:30.825490,Berlin-b02a,48,76,Normal
2026-02-08 15:59:31.825490,Berlin-b02a,43,29,Normal
2026-02-08 15:59:32.825490,Berlin-b02a,19,53,Normal
2026-02-08 15:59:33.825490,Berlin-b02a,46,9,Normal
2026-02-08 15:59:34.825490,Berlin-b02a,45,29,Normal
2026-02-08 15:59:35.825490,Berlin-b02a,-30,54,Normal
2026-02-08 15:59:36.825490,Berlin-b02a,-14,87,Normal
2026-02-08 15:59:37.825490,Berlin-b02a,40,70,Normal
2026-02-08 15:59:38.825490,Berlin-b02a,11,83,Normal
2026-02-08 15:59:39.825490,Berlin-b02a,47,52,Normal
2026-02-08 15:59:40.825490,Berlin-b02a,25,10,Normal
2026-02-08 15:59:41.825490,Berlin-b02a,49,34,Normal
2026-02-08 15:59:42.825490,Berlin-b02a,-20,6,Normal
2026-02-08 15:59:43.825490,Berlin-b02a,2,33,Normal
2026-02-08 15:59:44.825490,Berlin-b02a,6,41,Normal
2026-02-08 15:59:45.825490,Berlin-b02a,-26,78,Normal
2026-02-08 15:59:46.825490,Berlin-b02a,48,69,Normal
2026-02-08 15:59:47.825490,Berlin-b02a,2,69,Normal
2026-02-08 15:59:48.825490,Berlin-b02a,-22,51,Normal
2026-02-08 15:59:49.825490,Berlin-b02a,36,39,Normal
2026-02-08 15:59:50.825490,Berlin-b02a,37,47,Normal
2026-02-08 15:59:51.825490,Berlin-b02a,-6,83,Normal
2026-02-08 15:59:52.825490,Berlin-b02a,36,50,Normal
2026-02-08 15:59:53.825490,Berlin-b02a,-21,39,Normal
2026-02-08 15:59:54.825490,Berlin-b02a,42,85,Normal
2026-02-08 15:59:55.825490,Berlin-b02a,-23,96,Normal
2026-02-08 15:59:56.825490,Berlin-b02a,39,87,Normal
2026-02-08 15:59:57.825490,Berlin-b02a,6,52,Normal
2026-02-08 15:59:58.825490,Berlin-b02a,-13,21,Normal
2026-02-08 15:59:59.825490,Berlin-b02a,-25,72,Normal
2026-02-08 16:00:00.825490,Berlin-b02a,43,15,Normal
2026-02-08 16:00:01.825490,Berlin-b02a,16,33,Normal
2026-02-08 16:00:02.825490,Berlin-b02a,10,73,Normal
2026-02-08 16:00:03.825490,Berlin-b02a,-28,58,Normal
2026-02-08 16:00:04.825490,Berlin-b02a,-12,75,Normal
2026-02-08 16:00:05.825490,Berlin-b02a,46,57,Normal
2026-02-08 16:00:06.825490,Berlin-b02a,29,85,Normal
2026-02-08 16:00:07.825490,Berlin-b02a,24,96,Normal
2026-02-08 16:00:08.825490,Berlin-b02a,-22,64,Normal
2026-02-08 16:00:09.825490,Berlin-b02a,-27,81,Normal
2026-02-08 16:00:10.825490,Berlin-b02a,45,0,Normal
2026-02-08 16:00:11.825490,Berlin-b02a,-10,83,Normal
2026-02-08 16:00:12.825490,Berlin-b02a,-5,96,Normal
2026-02-08 16:00:13.825490,Berlin-b02a,24,85,Normal
2026-02-08 16:00:14.825490,Berlin-b02a,18,24,Normal
2026-02-08 16:00:15.825490,Berlin-b02a,15,78,Normal
2026-02-08 16:00:16.825490,Berlin-b02a,-3,40,Normal
2026-02-08 16:00:17.825490,Berlin-b02a,-20,36,Normal
2026-02-08 16:00:18.825490,Berlin-b02a,14,19,Normal
2026-02-08 16:00:19.825490,Berlin-b02a,-15,87,Normal
2026-02-08 16:00:20.825490,Berlin-b02a,2,32,Normal
2026-02-08 16:00:21.825490,Berlin-b02a,45,61,Normal
2026-02-08 16:00:22.825490,Berlin-b02a,-13,32,Normal
2026-02-08 16:00:23.825490,Berlin-b02a,-8,27,Normal
2026-02-08 16:00:24.825490,Berlin-b02a,31,6,Normal
2026-02-08 16:00:25.825490,Berlin-b02a,41,5,Normal
2026-02-08 16:00:26.825490,Berlin-b02a,-11,67,Normal
2026-02-08 16:00:27.825490,Berlin-b02a,9,74,Normal
2026-02-08 16:00:28.825490,Berlin-b02a,38,75,Normal
2026-02-08 16:00:29.825490,Berlin-b02a,19,94,Normal
2026-02-08 16:00:30.825490,Berlin-b02a,-6,31,Normal
2026-02-08 16:00:31.825490,Berlin-b02a,6,76,Normal
2026-02-08 16:00:32.825490,Berlin-b02a,8,81,Normal
2026-02-08 16:00:33.825490,Berlin-b02a,-17,78,Normal
2026-02-08 16:00:34.825490,Berlin-b02a,22,88,Normal
2026-02-08 16:00:35.825490,Berlin-b02a,18,9,Normal
2026-02-08 16:00:36.825490,Berlin-b02a,29,9,Normal
2026-02-08 16:00:37.825490,Berlin-b02a,13,82,Normal
2026-02-08 16:00:38.825490,Berlin-b02a,-17,63,Normal
2026-02-08 16:00:39.825490,Berlin-b02a,36,74,Normal
2026-02-08 16:00:40.825490,Berlin-b02a,8,78,Normal
2026-02-08 16:00:41.825490,Berlin-b02a,40,88,Normal
2026-02-08 16:00:42.825490,Berlin-b02a,-25,67,Normal
2026-02-08 16:00:43.825490,Berlin-b02a,26,92,Normal
2026-02-08 16:00:44.825490,Berlin-b02a,-10,52,Normal
2026-02-08 16:00:45.825490,Berlin-b02a,-14,86,Normal
2026-02-08 16:00:46.825490,Berlin-b02a,22,84,Normal
2026-02-08 16:00:47.825490,Berlin-b02a,16,68,Normal
2026-02-08 16:00:48.825490,Berlin-b02a,-22,76,Normal
2026-02-08 16:00:49.825490,Berlin-b02a,38,27,Normal
2026-02-08 16:00:50.825490,Berlin-b02a,-18,78,Normal
2026-02-08 16:00:51.825490,Berlin-b02a,-19,61,Normal
2026-02-08 16:00:52.825490,Berlin-b02a,-15,56,Normal
2026-02-08 16:00:53.825490,Berlin-b02a,7,25,Normal
2026-02-08 16:00:54.825490,Berlin-b02a,35,74,Normal
2026-02-08 16:00:55.825490,Berlin-b02a,39,78,Normal
2026-02-08 16:00:56.825490,Berlin-b02a,9,94,Normal
2026-02-08 16:00:57.825490,Berlin-b02a,-4,90,Normal
2026-02-08 16:00:58.825490,Berlin-b02a,34,61,Normal
2026-02-08 16:00:59.825490,Berlin-b02a,46,53,Normal
2026-02-08 16:01:00.825490,Berlin-b02a,10,40,Normal
2026-02-08 16:01:01.825490,Berlin-b02a,-11,95,Normal
2026-02-08 16:01:02.825490,Berlin-b02a,3,48,Normal
2026-02-08 16:01:03.825490,Berlin-b02a,-22,62,Normal
2026-02-08 16:01:04.825490,Berlin-b02a,-18,0,Normal
2026-02-08 16:01:05.825490,Berlin-b02a,2,55,Normal
2026-02-08 16:01:06.825490,Berlin-b02a,-23,66,Normal
2026-02-08 16:01:07.825490,Berlin-b02a,9,97,Normal
2026-02-08 16:01:08.825490,Berlin-b02a,-1,12,Normal
2026-02-08 16:01:09.825490,Berlin-b02a,40,43,Normal
2026-02-08 16:01:10.825490,Berlin-b02a,-2,60,Normal
2026-02-08 16:01:11.825490,Berlin-b02a,15,52,Normal
2026-02-08 16:01:12.825490,Berlin-b02a,23,7,Normal
2026-02-08 16:01:13.825490,Berlin-b02a,41,73,Normal
2026-02-08 16:01:14.825490,Berlin-b02a,25,88,Normal
2026-02-08 16:01:15.825490,Berlin-b02a,33,48,Normal
2026-02-08 16:01:16.825490,Berlin-b02a,32,100,Normal
2026-02-08 16:01:17.825490,Berlin-b02a,7,9,Normal
2026-02-08 16:01:18.825490,Berlin-b02a,-12,98,Normal
2026-02-08 16:01:19.825490,Berlin-b02a,-8,3,Normal
2026-02-08 16:01:20.825490,Berlin-b02a,12,27,Normal
2026-02-08 16:01:21.825490,Berlin-b02a,49,45,Normal
2026-02-08 16:01:22.825490,Berlin-b02a,7,0,Normal
2026-02-08 16:01:23.825490,Berlin-b02a,35,5,Normal
2026-02-08 16:01:24.825490,Berlin-b02a,47,68,Normal
2026-02-08 16:01:25.825490,Berlin-b02a,-15,61,Normal
2026-02-08 16:01:26.825490,Berlin-b02a,-15,59,Normal
2026-02-08 16:01:27.825490,Berlin-b02a,-4,66,Normal
2026-02-08 16:01:28.825490,Berlin-b02a,22,64,Normal
2026-02-08 16:01:29.825490,Berlin-b02a,47,75,Normal
2026-02-08 16:01:30.825490,Berlin-b02a,-25,81,Normal
2026-02-08 16:01:31.825490,Berlin-b02a,37,39,Normal
2026-02-08 16:01:32.825490,Berlin-b02a,2,63,Normal
2026-02-08 16:01:33.825490,Berlin-b02a,40,70,Normal
2026-02-08 16:01:34.825490,Berlin-b02a,-8,96,Normal
2026-02-08 16:01:35.825490,Berlin-b02a,45,72,Normal
2026-02-08 16:01:36.825490,Berlin-b02a,-1,51,Normal
2026-02-08 16:01:37.825490,Berlin-b02a,-22,77,Normal
2026-02-08 16:01:38.825490,Berlin-b02a,28,83,Normal
2026-02-08 16:01:39.825490,Berlin-b02a,9,2,Normal
2026-02-08 16:01:40.825490,Berlin-b02a,25,11,Normal
2026-02-08 16:01:41.825490,Berlin-b02a,45,89,Normal
2026-02-08 16:01:42.825490,Berlin-b02a,29,38,Normal
2026-02-08 16:01:43.825490,Berlin-b02a,17,13,Normal
2026-02-08 16:01:44.825490,Berlin-b02a,-20,77,Normal
2026-02-08 16:01:45.825490,Berlin-b02a,3,39,Normal
2026-02-08 16:01:46.825490,Berlin-b02a,47,12,Normal
2026-02-08 16:01:47.825490,Berlin-b02a,31,53,Normal
2026-02-08 16:01:48.825490,Berlin-b02a,3,58,Normal
2026-02-08 16:01:49.825490,Berlin-b02a,-9,11,Normal
2026-02-08 16:01:50.825490,Berlin-b02a,-13,34,Normal
2026-02-08 16:01:51.825490,Berlin-b02a,9,67,Normal
2026-02-08 16:01:52.825490,Berlin-b02a,0,56,Normal
2026-02-08 16:01:53.825490,Berlin-b02a,37,32,Normal
2026-02-08 16:01:54.825490,Berlin-b02a,-28,34,Normal
2026-02-08 16:01:55.825490,Berlin-b02a,-27,37,Normal
2026-02-08 16:01:56.825490,Berlin-b02a,38,26,Normal
2026-02-08 16:01:57.825490,Berlin-b02a,0,48,Normal
2026-02-08 16:01:58.825490,Berlin-b02a,33,25,Normal
2026-02-08 16:01:59.825490,Berlin-b02a,49,84,Normal
2026-02-08 16:02:00.825490,Berlin-b02a,-30,50,Normal
2026-02-08 16:02:01.825490,Berlin-b02a,37,11,Normal
2026-02-08 16:02:02.825490,Berlin-b02a,26,82,Normal
2026-02-08 16:02:03.825490,Berlin-b02a,45,18,Normal
2026-02-08 16:02:04.825490,Berlin-b02a,6,54,Normal
2026-02-08 16:02:05.825490,Berlin-b02a,15,20,Normal
2026-02-08 16:02:06.825490,Berlin-b02a,-9,40,Normal
2026-02-08 16:02:07.825490,Berlin-b02a,10,91,Normal
2026-02-08 16:02:08.825490,Berlin-b02a,-9,49,Normal
2026-02-08 16:02:09.825490,Berlin-b02a,49,35,Normal
2026-02-08 16:02:10.825490,Berlin-b02a,40,9,Normal
2026-02-08 16:02:11.825490,Berlin-b02a,42,63,Normal
2026-02-08 16:02:12.825490,Berlin-b02a,-16,13,Normal
2026-02-08 16:02:13.825490,Berlin-b02a,29,100,Normal
2026-02-08 16:02:14.825490,Berlin-b02a,38,0,Normal
2026-02-08 16:02:15.825490,Berlin-b02a,19,10,Normal
2026-02-08 16:02:16.825490,Berlin-b02a,-7,79,Normal
2026-02-08 16:02:17.825490,Berlin-b02a,-20,51,Normal
2026-02-08 16:02:18.825490,Berlin-b02a,-24,58,Normal
2026-02-08 16:02:19.825490,Berlin-b02a,4,22,Normal
2026-02-08 16:02:20.825490,Berlin-b02a,3,24,Normal
2026-02-08 16:02:21.825490,Berlin-b02a,-8,32,Normal
2026-02-08 16:02:22.825490,Berlin-b02a,-27,14,Normal
2026-02-08 16:02:23.825490,Berlin-b02a,-6,97,Normal
2026-02-08 16:02:24.825490,Berlin-b02a,-5,35,Normal
2026-02-08 16:02:25.825490,Berlin-b02a,-27,17,Normal
2026-02-08 16:02:26.825490,Berlin-b02a,33,10,Normal
2026-02-08 16:02:27.825490,Berlin-b02a,4,14,Normal
2026-02-08 16:02:28.825490,Berlin-b02a,-24,38,Normal
2026-02-08 16:02:29.825490,Berlin-b02a,40,64,Normal
2026-02-08 16:02:30.825490,Berlin-b02a,6,22,Normal
2026-02-08 16:02:31.825490,Berlin-b02a,11,52,Normal
2026-02-08 16:02:32.825490,Berlin-b02a,36,38,Normal
2026-02-08 16:02:33.825490,Berlin-b02a,43,32,Normal
2026-02-08 16:02:34.825490,Berlin-b02a,-19,13,Normal
2026-02-08 16:02:35.825490,Berlin-b02a,-1,80,Normal
2026-02-08 16:02:36.825490,Berlin-b02a,-30,67,Normal
2026-02-08 16:02:37.825490,Berlin-b02a,2,58,Normal
2026-02-08 16:02:38.825490,Berlin-b02a,9,20,Normal
2026-02-08 16:02:39.825490,Berlin-b02a,-4,44,Normal
2026-02-08 16:02:40.825490,Berlin-b02a,-23,64,Normal
2026-02-08 16:02:41.825490,Berlin-b02a,-19,40,Normal
2026-02-08 16:02:42.825490,Berlin-b02a,46,100,Normal
2026-02-08 16:02:43.825490,Berlin-b02a,-22,86,Normal
2026-02-08 16:02:44.825490,Berlin-b02a,-2,31,Normal
2026-02-08 16:02:45.825490,Berlin-b02a,39,13,Normal
2026-02-08 16:02:46.825490,Berlin-b02a,-15,58,Normal
2026-02-08 16:02:47.825490,Berlin-b02a,-21,31,Normal
2026-02-08 16:02:48.825490,Berlin-b02a,13,61,Normal
2026-02-08 16:02:49.825490,Berlin-b02a,30,51,Normal
2026-02-08 16:02:50.825490,Berlin-b02a,6,64,Normal
2026-02-08 16:02:51.825490,Berlin-b02a,-18,26,Normal
2026-02-08 16:02:52.825490,Berlin-b02a,44,74,Normal
2026-02-08 16:02:53.825490,Berlin-b02a,50,64,Normal
2026-02-08 16:02:54.825490,Berlin-b02a,-18,97,Normal
2026-02-08 16:02:55.825490,Berlin-b02a,-21,53,Normal
2026-02-08 16:02:56.825490,Berlin-b02a,44,90,Normal
2026-02-08 16:02:57.825490,Berlin-b02a,-14,29,Normal
2026-02-08 16:02:58.825490,Berlin-b02a,-6,46,Normal
2026-02-08 16:02:59.825490,Berlin-b02a,-8,81,Normal
2026-02-08 16:03:00.825490,Berlin-b02a,-30,64,Normal
2026-02-08 16:03:01.825490,Berlin-b02a,32,32,Normal
2026-02-08 16:03:02.825490,Berlin-b02a,-1,43,Normal
2026-02-08 16:03:03.825490,Berlin-b02a,12,60,Normal
2026-02-08 16:03:04.825490,Berlin-b02a,36,31,Normal
2026-02-08 16:03:05.825490,Berlin-b02a,-22,33,Normal
2026-02-08 16:03:06.825490,Berlin-b02a,-23,41,Normal
2026-02-08 16:03:07.825490,Berlin-b02a,-7,57,Normal
2026-02-08 16:03:08.825490,Berlin-b02a,49,3,Normal
2026-02-08 16:03:09.825490,Berlin-b02a,-30,84,Normal
2026-02-08 16:03:10.825490,Berlin-b02a,5,74,Normal
2026-02-08 16:03:11.825490,Berlin-b02a,28,51,Normal
2026-02-08 16:03:12.825490,Berlin-b02a,-21,77,Normal
2026-02-08 16:03:13.825490,Berlin-b02a,-17,10,Normal
2026-02-08 16:03:14.825490,Berlin-b02a,50,2,Normal
2026-02-08 16:03:15.825490,Berlin-b02a,28,33,Normal
2026-02-08 16:03:16.825490,Berlin-b02a,-23,54,Normal
2026-02-08 16:03:17.825490,Berlin-b02a,-24,60,Normal
2026-02-08 16:03:18.825490,Berlin-b02a,-11,87,Normal
2026-02-08 16:03:19.825490,Berlin-b02a,29,58,Normal
2026-02-08 16:03:20.825490,Berlin-b02a,-8,38,Normal
2026-02-08 16:03:21.825490,Berlin-b02a,22,24,Normal
2026-02-08 16:03:22.825490,Berlin-b02a,-17,32,Normal
2026-02-08 16:03:23.825490,Berlin-b02a,13,30,Normal
2026-02-08 16:03:24.825490,Berlin-b02a,22,65,Normal
2026-02-08 16:03:25.825490,Berlin-b02a,42,13,Normal
2026-02-08 16:03:26.825490,Berlin-b02a,8,18,Normal
2026-02-08 16:03:27.825490,Berlin-b02a,-12,73,Normal
2026-02-08 16:03:28.825490,Berlin-b02a,-2,29,Normal
2026-02-08 16:03:29.825490,Berlin-b02a,34,76,Normal
2026-02-08 16:03:30.825490,Berlin-b02a,44,37,Normal
2026-02-08 16:03:31.825490,Berlin-b02a,-4,64,Normal
2026-02-08 16:03:32.825490,Berlin-b02a,-1,50,Normal
2026-02-08 16:03:33.825490,Berlin-b02a,48,83,Normal
2026-02-08 16:03:34.825490,Berlin-b02a,5,37,Normal
2026-02-08 16:03:35.825490,Berlin-b02a,26,99,Normal
2026-02-08 16:03:36.825490,Berlin-b02a,33,38,Normal
2026-02-08 16:03:37.825490,Berlin-b02a,2,80,Normal
2026-02-08 16:03:38.825490,Berlin-b02a,7,2,Normal
2026-02-08 16:03:39.825490,Berlin-b02a,-11,15,Normal
2026-02-08 16:03:40.825490,Berlin-b02a,-27,84,Normal
2026-02-08 16:03:41.825490,Berlin-b02a,-11,7,Normal
2026-02-08 16:03:42.825490,Berlin-b02a,28,2,Normal
2026-02-08 16:03:43.825490,Berlin-b02a,-28,77,Normal
2026-02-08 16:03:44.825490,Berlin-b02a,20,13,Normal
2026-02-08 16:03:45.825490,Berlin-b02a,37,92,Normal
2026-02-08 16:03:46.825490,Berlin-b02a,39,92,Normal
2026-02-08 16:03:47.825490,Berlin-b02a,-16,26,Normal
2026-02-08 16:03:48.825490,Berlin-b02a,35,37,Normal
2026-02-08 16:03:49.825490,Berlin-b02a,39,61,Normal
2026-02-08 16:03:50.825490,Berlin-b02a,37,2,Normal
2026-02-08 16:03:51.825490,Berlin-b02a,12,42,Normal
2026-02-08 16:03:52.825490,Berlin-b02a,25,88,Normal
2026-02-08 16:03:53.825490,Berlin-b02a,-3,67,Normal
2026-02-08 16:03:54.825490,Berlin-b02a,-11,88,Normal
2026-02-08 16:03:55.825490,Berlin-b02a,30,68,Normal
2026-02-08 16:03:56.825490,Berlin-b02a,40,71,Normal
2026-02-08 16:03:57.825490,Berlin-b02a,1,98,Normal
2026-02-08 16:03:58.825490,Berlin-b02a,-2,83,Normal
2026-02-08 16:03:59.825490,Berlin-b02a,29,66,Normal
2026-02-08 16:04:00.825490,Berlin-b02a,-25,41,Normal
2026-02-08 16:04:01.825490,Berlin-b02a,40,90,Normal
2026-02-08 16:04:02.825490,Berlin-b02a,-11,74,Normal
2026-02-08 16:04:03.825490,Berlin-b02a,2,38,Normal
2026-02-08 16:04:04.825490,Berlin-b02a,43,69,Normal
2026-02-08 16:04:05.825490,Berlin-b02a,23,95,Normal
2026-02-08 16:04:06.825490,Berlin-b02a,39,75,Normal
2026-02-08 16:04:07.825490,Berlin-b02a,36,57,Normal
2026-02-08 16:04:08.825490,Berlin-b02a,22,99,Normal
2026-02-08 16:04:09.825490,Berlin-b02a,15,19,Normal
2026-02-08 16:04:10.825490,Berlin-b02a,-9,95,Normal
2026-02-08 16:04:11.825490,Berlin-b02a,-27,39,Normal
2026-02-08 16:04:12.825490,Berlin-b02a,29,53,Normal
2026-02-08 16:04:13.825490,Berlin-b02a,49,40,Normal
2026-02-08 16:04:14.825490,Berlin-b02a,9,23,Normal
2026-02-08 16:04:15.825490,Berlin-b02a,6,19,Normal
2026-02-08 16:04:16.825490,Berlin-b02a,9,62,Normal
2026-02-08 16:04:17.825490,Berlin-b02a,38,54,Normal
2026-02-08 16:04:18.825490,Berlin-b02a,40,58,Normal
2026-02-08 16:04:19.825490,Berlin-b02a,21,47,Normal
2026-02-08 16:04:20.825490,Berlin-b02a,-24,37,Normal
2026-02-08 16:04:21.825490,Berlin-b02a,46,21,Normal
2026-02-08 16:04:22.825490,Berlin-b02a,47,81,Normal
2026-02-08 16:04:23.825490,Berlin-b02a,12,88,Normal
2026-02-08 16:04:24.825490,Berlin-b02a,21,24,Normal
2026-02-08 16:04:25.825490,Berlin-b02a,-7,10,Normal
2026-02-08 16:04:26.825490,Berlin-b02a,18,92,Normal
2026-02-08 16:04:27.825490,Berlin-b02a,-16,78,Normal
2026-02-08 16:04:28.825490,Berlin-b02a,-11,86,Normal
2026-02-08 16:04:29.825490,Berlin-b02a,8,59,Normal
2026-02-08 16:04:30.825490,Berlin-b02a,-24,18,Normal
2026-02-08 16:04:31.825490,Berlin-b02a,-22,58,Normal
2026-02-08 16:04:32.825490,Berlin-b02a,-12,30,Normal
2026-02-08 16:04:33.825490,Berlin-b02a,-10,26,Normal
2026-02-08 16:04:34.825490,Berlin-b02a,33,20,Normal
2026-02-08 16:04:35.825490,Berlin-b02a,-27,88,Normal
2026-02-08 16:04:36.825490,Berlin-b02a,0,63,Normal
2026-02-08 16:04:37.825490,Berlin-b02a,5,33,Normal
2026-02-08 16:04:38.825490,Berlin-b02a,17,97,Normal
2026-02-08 16:04:39.825490,Berlin-b02a,26,5,Normal
2026-02-08 16:04:40.825490,Berlin-b02a,-16,9,Normal
2026-02-08 16:04:41.825490,Berlin-b02a,5,37,Normal
2026-02-08 16:04:42.825490,Berlin-b02a,-30,20,Normal
2026-02-08 16:04:43.825490,Berlin-b02a,31,36,Normal
2026-02-08 16:04:44.825490,Berlin-b02a,8,66,Normal
2026-02-08 16:04:45.825490,Berlin-b02a,28,31,Normal
2026-02-08 16:04:46.825490,Berlin-b02a,30,57,Normal
2026-02-08 16:04:47.825490,Berlin-b02a,25,81,Normal
2026-02-08 16:04:48.825490,Berlin-b02a,36,83,Normal
2026-02-08 16:04:49.825490,Berlin-b02a,38,35,Normal
2026-02-08 16:04:50.825490,Berlin-b02a,15,1,Normal
2026-02-08 16:04:51.825490,Berlin-b02a,28,44,Normal
2026-02-08 16:04:52.825490,Berlin-b02a,34,32,Normal
2026-02-08 16:04:53.825490,Berlin-b02a,30,59,Normal
2026-02-08 16:04:54.825490,Berlin-b02a,-19,32,Normal
2026-02-08 16:04:55.825490,Berlin-b02a,20,18,Normal
2026-02-08 16:04:56.825490,Berlin-b02a,14,6,Normal
2026-02-08 16:04:57.825490,Berlin-b02a,22,42,Normal
2026-02-08 16:04:58.825490,Berlin-b02a,14,20,Normal
2026-02-08 16:04:59.825490,Berlin-b02a,39,66,Normal
2026-02-08 16:05:00.825490,Berlin-b02a,28,92,Normal
2026-02-08 16:05:01.825490,Berlin-b02a,-30,64,Normal
2026-02-08 16:05:02.825490,Berlin-b02a,21,2,Normal
2026-02-08 16:05:03.825490,Berlin-b02a,-16,4,Normal
2026-02-08 16:05:04.825490,Berlin-b02a,-2,68,Normal
2026-02-08 16:05:05.825490,Berlin-b02a,26,95,Normal
2026-02-08 16:05:06.825490,Berlin-b02a,-26,96,Normal
2026-02-08 16:05:07.825490,Berlin-b02a,18,76,Normal
2026-02-08 16:05:08.825490,Berlin-b02a,7,73,Normal
2026-02-08 16:05:09.825490,Berlin-b02a,30,93,Normal
2026-02-08 16:05:10.825490,Berlin-b02a,-22,3,Normal
2026-02-08 16:05:11.825490,Berlin-b02a,-22,48,Normal
2026-02-08 16:05:12.825490,Berlin-b02a,0,97,Normal
2026-02-08 16:05:13.825490,Berlin-b02a,27,72,Normal
2026-02-08 16:05:14.825490,Berlin-b02a,32,84,Normal
2026-02-08 16:05:15.825490,Berlin-b02a,2,71,Normal
2026-02-08 16:05:16.825490,Berlin-b02a,48,6,Normal
2026-02-08 16:05:17.825490,Berlin-b02a,-19,79,Normal
2026-02-08 16:05:18.825490,Berlin-b02a,-23,91,Normal
2026-02-08 16:05:19.825490,Berlin-b02a,-28,91,Normal
2026-02-08 16:05:20.825490,Berlin-b02a,-28,34,Normal
2026-02-08 16:05:21.825490,Berlin-b02a,49,18,Normal
2026-02-08 16:05:22.825490,Berlin-b02a,10,50,Normal
2026-02-08 16:05:23.825490,Berlin-b02a,-11,25,Normal
2026-02-08 16:05:24.825490,Berlin-b02a,9,58,Normal
2026-02-08 16:05:25.825490,Berlin-b02a,5,94,Normal
2026-02-08 16:05:26.825490,Berlin-b02a,5,2,Normal
2026-02-08 16:05:27.825490,Berlin-b02a,26,6,Normal
2026-02-08 16:05:28.825490,Berlin-b02a,4,6,Normal
2026-02-08 16:05:29.825490,Berlin-b02a,-26,78,Normal
2026-02-08 16:05:30.825490,Berlin-b02a,24,3,Normal
2026-02-08 16:05:31.825490,Berlin-b02a,-24,73,Normal
2026-02-08 16:05:32.825490,Berlin-b02a,35,7,Normal
2026-02-08 16:05:33.825490,Berlin-b02a,-2,65,Normal
2026-02-08 16:05:34.825490,Berlin-b02a,39,94,Normal
2026-02-08 16:05:35.825490,Berlin-b02a,-15,62,Normal
2026-02-08 16:05:36.825490,Berlin-b02a,5,10,Normal
2026-02-08 16:05:37.825490,Berlin-b02a,22,34,Normal
2026-02-08 16:05:38.825490,Berlin-b02a,-19,20,Normal
2026-02-08 16:05:39.825490,Berlin-b02a,36,25,Normal
2026-02-08 16:05:40.825490,Berlin-b02a,-10,58,Normal
2026-02-08 16:05:41.825490,Berlin-b02a,32,98,Normal
2026-02-08 16:05:42.825490,Berlin-b02a,-2,95,Normal
2026-02-08 16:05:43.825490,Berlin-b02a,-24,8,Normal
2026-02-08 16:05:44.825490,Berlin-b02a,42,46,Normal
2026-02-08 16:05:45.825490,Berlin-b02a,32,93,Normal
2026-02-08 16:05:46.825490,Berlin-b02a,13,38,Normal
2026-02-08 16:05:47.825490,Berlin-b02a,3,69,Normal
2026-02-08 16:05:48.825490,Berlin-b02a,-2,95,Normal
2026-02-08 16:05:49.825490,Berlin-b02a,14,35,Normal
2026-02-08 16:05:50.825490,Berlin-b02a,-2,72,Normal
2026-02-08 16:05:51.825490,Berlin-b02a,30,12,Normal
2026-02-08 16:05:52.825490,Berlin-b02a,45,66,Normal
2026-02-08 16:05:53.825490,Berlin-b02a,-24,89,Normal
2026-02-08 16:05:54.825490,Berlin-b02a,28,31,Normal
2026-02-08 16:05:55.825490,Berlin-b02a,32,22,Normal
2026-02-08 16:05:56.825490,Berlin-b02a,-12,8,Normal
2026-02-08 16:05:57.825490,Berlin-b02a,-24,30,Normal
2026-02-08 16:05:58.825490,Berlin-b02a,-10,22,Normal
2026-02-08 16:05:59.825490,Berlin-b02a,17,95,Normal
2026-02-08 16:06:00.825490,Berlin-b02a,29,84,Normal
2026-02-08 16:06:01.825490,Berlin-b02a,-5,85,Normal
2026-02-08 16:06:02.825490,Berlin-b02a,-5,79,Normal
2026-02-08 16:06:03.825490,Berlin-b02a,48,100,Normal
2026-02-08 16:06:04.825490,Berlin-b02a,42,58,Normal
2026-02-08 16:06:05.825490,Berlin-b02a,30,43,Normal
2026-02-08 16:06:06.825490,Berlin-b02a,21,77,Normal
2026-02-08 16:06:07.825490,Berlin-b02a,14,57,Normal
2026-02-08 16:06:08.825490,Berlin-b02a,-29,6,Normal
2026-02-08 16:06:09.825490,Berlin-b02a,16,8,Normal
2026-02-08 16:06:10.825490,Berlin-b02a,5,1,Normal
2026-02-08 16:06:11.825490,Berlin-b02a,-3,30,Normal
2026-02-08 16:06:12.825490,Berlin-b02a,31,47,Normal
2026-02-08 16:06:13.825490,Berlin-b02a,16,8,Normal
2026-02-08 16:06:14.825490,Berlin-b02a,16,39,Normal
2026-02-08 16:06:15.825490,Berlin-b02a,13,69,Normal
2026-02-08 16:06:16.825490,Berlin-b02a,45,6,Normal
2026-02-08 16:06:17.825490,Berlin-b02a,29,81,Normal
2026-02-08 16:06:18.825490,Berlin-b02a,23,58,Normal
2026-02-08 16:06:19.825490,Berlin-b02a,-2,79,Normal
2026-02-08 16:06:20.825490,Berlin-b02a,20,9,Normal
2026-02-08 16:06:21.825490,Berlin-b02a,-27,28,Normal
2026-02-08 16:06:22.825490,Berlin-b02a,-19,48,Normal
2026-02-08 16:06:23.825490,Berlin-b02a,43,83,Normal
2026-02-08 16:06:24.825490,Berlin-b02a,38,25,Normal
2026-02-08 16:06:25.825490,Berlin-b02a,27,90,Normal
2026-02-08 16:06:26.825490,Berlin-b02a,34,84,Normal
2026-02-08 16:06:27.825490,Berlin-b02a,-30,91,Normal
2026-02-08 16:06:28.825490,Berlin-b02a,-20,93,Normal
2026-02-08 16:06:29.825490,Berlin-b02a,16,24,Normal
2026-02-08 16:06:30.825490,Berlin-b02a,14,10,Normal
2026-02-08 16:06:31.825490,Berlin-b02a,18,3,Normal
2026-02-08 16:06:32.825490,Berlin-b02a,24,58,Normal
2026-02-08 16:06:33.825490,Berlin-b02a,-15,96,Normal
2026-02-08 16:06:34.825490,Berlin-b02a,3,24,Normal
2026-02-08 16:06:35.825490,Berlin-b02a,47,9,Normal
2026-02-08 16:06:36.825490,Berlin-b02a,11,78,Normal
2026-02-08 16:06:37.825490,Berlin-b02a,-18,28,Normal
2026-02-08 16:06:38.825490,Berlin-b02a,-17,95,Normal
2026-02-08 16:06:39.825490,Berlin-b02a,-10,1,Normal
2026-02-08 16:06:40.825490,Berlin-b02a,-25,10,Normal
2026-02-08 16:06:41.825490,Berlin-b02a,12,11,Normal
2026-02-08 16:06:42.825490,Berlin-b02a,24,40,Normal
2026-02-08 16:06:43.825490,Berlin-b02a,45,75,Normal
2026-02-08 16:06:44.825490,Berlin-b02a,46,88,Normal
2026-02-08 16:06:45.825490,Berlin-b02a,33,21,Normal
2026-02-08 16:06:46.825490,Berlin-b02a,24,87,Normal
2026-02-08 16:06:47.825490,Berlin-b02a,48,14,Normal
2026-02-08 16:06:48.825490,Berlin-b02a,9,29,Normal
2026-02-08 16:06:49.825490,Berlin-b02a,-6,90,Normal
2026-02-08 16:06:50.825490,Berlin-b02a,10,88,Normal
2026-02-08 16:06:51.825490,Berlin-b02a,32,70,Normal
2026-02-08 16:06:52.825490,Berlin-b02a,-11,4,Normal
2026-02-08 16:06:53.825490,Berlin-b02a,-6,80,Normal
2026-02-08 16:06:54.825490,Berlin-b02a,-1,92,Normal
2026-02-08 16:06:55.825490,Berlin-b02a,47,92,Normal
2026-02-08 16:06:56.825490,Berlin-b02a,-19,95,Normal
2026-02-08 16:06:57.825490,Berlin-b02a,-10,97,Normal
2026-02-08 16:06:58.825490,Berlin-b02a,49,86,Normal
2026-02-08 16:06:59.825490,Berlin-b02a,9,19,Normal
2026-02-08 16:07:00.825490,Berlin-b02a,45,94,Normal
2026-02-08 16:07:01.825490,Berlin-b02a,-28,75,Normal
2026-02-08 16:07:02.825490,Berlin-b02a,-21,46,Normal
2026-02-08 16:07:03.825490,Berlin-b02a,6,32,Normal
2026-02-08 16:07:04.825490,Berlin-b02a,-25,30,Normal
2026-02-08 16:07:05.825490,Berlin-b02a,30,34,Normal
2026-02-08 16:07:06.825490,Berlin-b02a,19,77,Normal
2026-02-08 16:07:07.825490,Berlin-b02a,18,87,Normal
2026-02-08 16:07:08.825490,Berlin-b02a,20,73,Normal
2026-02-08 16:07:09.825490,Berlin-b02a,32,25,Normal
2026-02-08 16:07:10.825490,Berlin-b02a,30,26,Normal
2026-02-08 16:07:11.825490,Berlin-b02a,49,72,Normal
2026-02-08 16:07:12.825490,Berlin-b02a,36,67,Normal
2026-02-08 16:07:13.825490,Berlin-b02a,11,87,Normal
2026-02-08 16:07:14.825490,Berlin-b02a,17,4,Normal
2026-02-08 16:07:15.825490,Berlin-b02a,30,85,Normal
2026-02-08 16:07:16.825490,Berlin-b02a,-2,95,Normal
2026-02-08 16:07:17.825490,Berlin-b02a,43,75,Normal
2026-02-08 16:07:18.825490,Berlin-b02a,-28,45,Normal
2026-02-08 16:07:19.825490,Berlin-b02a,-1,64,Normal
2026-02-08 16:07:20.825490,Berlin-b02a,-23,58,Normal
2026-02-08 16:07:21.825490,Berlin-b02a,7,85,Normal
2026-02-08 16:07:22.825490,Berlin-b02a,40,53,Normal
2026-02-08 16:07:23.825490,Berlin-b02a,34,28,Normal
2026-02-08 16:07:24.825490,Berlin-b02a,-26,86,Normal
2026-02-08 16:07:25.825490,Berlin-b02a,44,92,Normal
2026-02-08 16:07:26.825490,Berlin-b02a,49,13,Normal
2026-02-08 16:07:27.825490,Berlin-b02a,-28,99,Normal
2026-02-08 16:07:28.825490,Berlin-b02a,1,100,Normal
2026-02-08 16:07:29.825490,Berlin-b02a,-17,75,Normal
2026-02-08 16:07:30.825490,Berlin-b02a,35,58,Normal
2026-02-08 16:07:31.825490,Berlin-b02a,0,52,Normal
2026-02-08 16:07:32.825490,Berlin-b02a,-4,76,Normal
2026-02-08 16:07:33.825490,Berlin-b02a,-28,87,Normal
2026-02-08 16:07:34.825490,Berlin-b02a,6,74,Normal
2026-02-08 16:07:35.825490,Berlin-b02a,7,15,Normal
2026-02-08 16:07:36.825490,Berlin-b02a,22,9,Normal
2026-02-08 16:07:37.825490,Berlin-b02a,11,97,Normal
2026-02-08 16:07:38.825490,Berlin-b02a,38,36,Normal
2026-02-08 16:07:39.825490,Berlin-b02a,24,97,Normal
2026-02-08 16:07:40.825490,Berlin-b02a,32,46,Normal
2026-02-08 16:07:41.825490,Berlin-b02a,-17,1,Normal
2026-02-08 16:07:42.825490,Berlin-b02a,-2,51,Normal
2026-02-08 16:07:43.825490,Berlin-b02a,38,61,Normal
2026-02-08 16:07:44.825490,Berlin-b02a,-3,43,Normal
2026-02-08 16:07:45.825490,Berlin-b02a,16,27,Normal
2026-02-08 16:07:46.825490,Berlin-b02a,41,42,Normal
2026-02-08 16:07:47.825490,Berlin-b02a,31,61,Normal
2026-02-08 16:07:48.825490,Berlin-b02a,1,39,Normal
2026-02-08 16:07:49.825490,Berlin-b02a,46,70,Normal
2026-02-08 16:07:50.825490,Berlin-b02a,29,52,Normal
2026-02-08 16:07:51.825490,Berlin-b02a,49,43,Normal
2026-02-08 16:07:52.825490,Berlin-b02a,49,40,Normal
2026-02-08 16:07:53.825490,Berlin-b02a,-19,74,Normal
2026-02-08 16:07:54.825490,Berlin-b02a,-2,12,Normal
2026-02-08 16:07:55.825490,Berlin-b02a,0,19,Normal
2026-02-08 16:07:56.825490,Berlin-b02a,-16,72,Normal
2026-02-08 16:07:57.825490,Berlin-b02a,37,16,Normal
2026-02-08 16:07:58.825490,Berlin-b02a,-1,35,Normal
2026-02-08 16:07:59.825490,Berlin-b02a,40,99,Normal
2026-02-08 16:08:00.825490,Berlin-b02a,-8,38,Normal
2026-02-08 16:08:01.825490,Berlin-b02a,17,12,Normal
2026-02-08 16:08:02.825490,Berlin-b02a,30,45,Normal
2026-02-08 16:08:03.825490,Berlin-b02a,45,58,Normal
2026-02-08 16:08:04.825490,Berlin-b02a,-30,26,Normal
2026-02-08 16:08:05.825490,Berlin-b02a,-11,74,Normal
2026-02-08 16:08:06.825490,Berlin-b02a,50,10,Normal
2026-02-08 16:08:07.825490,Berlin-b02a,-15,3,Normal
2026-02-08 16:08:08.825490,Berlin-b02a,-27,28,Normal
2026-02-08 16:08:09.825490,Berlin-b02a,45,47,Normal
2026-02-08 16:08:10.825490,Berlin-b02a,-13,81,Normal
2026-02-08 16:08:11.825490,Berlin-b02a,26,76,Normal
2026-02-08 16:08:12.825490,Berlin-b02a,-8,68,Normal
2026-02-08 16:08:13.825490,Berlin-b02a,15,84,Normal
2026-02-08 16:08:14.825490,Berlin-b02a,26,92,Normal
2026-02-08 16:08:15.825490,Berlin-b02a,13,49,Normal
2026-02-08 16:08:16.825490,Berlin-b02a,44,84,Normal
2026-02-08 16:08:17.825490,Berlin-b02a,-22,59,Normal
2026-02-08 16:08:18.825490,Berlin-b02a,39,51,Normal
2026-02-08 16:08:19.825490,Berlin-b02a,43,77,Normal
2026-02-08 16:08:20.825490,Berlin-b02a,0,50,Normal
2026-02-08 16:08:21.825490,Berlin-b02a,0,62,Normal
2026-02-08 16:08:22.825490,Berlin-b02a,20,46,Normal
2026-02-08 16:08:23.825490,Berlin-b02a,1,58,Normal
2026-02-08 16:08:24.825490,Berlin-b02a,28,44,Normal
2026-02-08 16:08:25.825490,Berlin-b02a,-3,56,Normal
2026-02-08 16:08:26.825490,Berlin-b02a,14,46,Normal
2026-02-08 16:08:27.825490,Berlin-b02a,43,82,Normal
2026-02-08 16:08:28.825490,Berlin-b02a,-28,95,Normal
2026-02-08 16:08:29.825490,Berlin-b02a,-7,14,Normal
2026-02-08 16:08:30.825490,Berlin-b02a,35,90,Normal
2026-02-08 16:08:31.825490,Berlin-b02a,28,39,Normal
2026-02-08 16:08:32.825490,Berlin-b02a,31,47,Normal
2026-02-08 16:08:33.825490,Berlin-b02a,1,31,Normal
2026-02-08 16:08:34.825490,Berlin-b02a,29,49,Normal
2026-02-08 16:08:35.825490,Berlin-b02a,50,74,Normal
2026-02-08 16:08:36.825490,Berlin-b02a,30,21,Normal
2026-02-08 16:08:37.825490,Berlin-b02a,42,53,Normal
2026-02-08 16:08:38.825490,Berlin-b02a,44,66,Normal
2026-02-08 16:08:39.825490,Berlin-b02a,36,65,Normal
2026-02-08 16:08:40.825490,Berlin-b02a,45,0,Normal
2026-02-08 16:08:41.825490,Berlin-b02a,-14,10,Normal
2026-02-08 16:08:42.825490,Berlin-b02a,-23,65,Normal
2026-02-08 16:08:43.825490,Berlin-b02a,-18,95,Normal
2026-02-08 16:08:44.825490,Berlin-b02a,-24,20,Normal
2026-02-08 16:08:45.825490,Berlin-b02a,4,47,Normal
2026-02-08 16:08:46.825490,Berlin-b02a,-21,26,Normal
2026-02-08 16:08:47.825490,Berlin-b02a,-26,49,Normal
2026-02-08 16:08:48.825490,Berlin-b02a,14,90,Normal
2026-02-08 16:08:49.825490,Berlin-b02a,11,64,Normal
2026-02-08 16:08:50.825490,Berlin-b02a,-23,20,Normal
2026-02-08 16:08:51.825490,Berlin-b02a,-10,76,Normal
2026-02-08 16:08:52.825490,Berlin-b02a,-23,87,Normal
2026-02-08 16:08:53.825490,Berlin-b02a,45,94,Normal
2026-02-08 16:08:54.825490,Berlin-b02a,-28,29,Normal
2026-02-08 16:08:55.825490,Berlin-b02a,-18,36,Normal
2026-02-08 16:08:56.825490,Berlin-b02a,34,52,Normal
2026-02-08 16:08:57.825490,Berlin-b02a,45,57,Normal
2026-02-08 16:08:58.825490,Berlin-b02a,-16,85,Normal
2026-02-08 16:08:59.825490,Berlin-b02a,24,25,Normal
2026-02-08 16:09:00.825490,Berlin-b02a,-13,15,Normal
2026-02-08 16:09:01.825490,Berlin-b02a,-20,37,Normal
2026-02-08 16:09:02.825490,Berlin-b02a,31,91,Normal
2026-02-08 16:09:03.825490,Berlin-b02a,30,78,Normal
2026-02-08 16:09:04.825490,Berlin-b02a,-6,83,Normal
2026-02-08 16:09:05.825490,Berlin-b02a,17,3,Normal
2026-02-08 16:09:06.825490,Berlin-b02a,1,93,Normal
2026-02-08 16:09:07.825490,Berlin-b02a,26,23,Normal
2026-02-08 16:09:08.825490,Berlin-b02a,12,21,Normal
2026-02-08 16:09:09.825490,Berlin-b02a,9,5,Normal
2026-02-08 16:09:10.825490,Berlin-b02a,17,63,Normal
2026-02-08 16:09:11.825490,Berlin-b02a,29,50,Normal
2026-02-08 16:09:12.825490,Berlin-b02a,-15,81,Normal
2026-02-08 16:09:13.825490,Berlin-b02a,29,34,Normal
2026-02-08 16:09:14.825490,Berlin-b02a,9,13,Normal
2026-02-08 16:09:15.825490,Berlin-b02a,-5,32,Normal
2026-02-08 16:09:16.825490,Berlin-b02a,14,74,Normal
2026-02-08 16:09:17.825490,Berlin-b02a,-11,2,Normal
2026-02-08 16:09:18.825490,Berlin-b02a,4,21,Normal
2026-02-08 16:09:19.825490,Berlin-b02a,48,16,Normal
2026-02-08 16:09:20.825490,Berlin-b02a,21,15,Normal
2026-02-08 16:09:21.825490,Berlin-b02a,-7,83,Normal
2026-02-08 16:09:22.825490,Berlin-b02a,-4,62,Normal
2026-02-08 16:09:23.825490,Berlin-b02a,-13,50,Normal
2026-02-08 16:09:24.825490,Berlin-b02a,35,26,Normal
2026-02-08 16:09:25.825490,Berlin-b02a,-3,91,Normal
2026-02-08 16:09:26.825490,Berlin-b02a,34,90,Normal
2026-02-08 16:09:27.825490,Berlin-b02a,-6,27,Normal
2026-02-08 16:09:28.825490,Berlin-b02a,48,65,Normal
2026-02-08 16:09:29.825490,Berlin-b02a,26,69,Normal
2026-02-08 16:09:30.825490,Berlin-b02a,-9,12,Normal
2026-02-08 16:09:31.825490,Berlin-b02a,30,35,Normal
2026-02-08 16:09:32.825490,Berlin-b02a,9,36,Normal
2026-02-08 16:09:33.825490,Berlin-b02a,-27,45,Normal
2026-02-08 16:09:34.825490,Berlin-b02a,-21,67,Normal
2026-02-08 16:09:35.825490,Berlin-b02a,18,82,Normal
2026-02-08 16:09:36.825490,Berlin-b02a,-17,87,Normal
2026-02-08 16:09:37.825490,Berlin-b02a,-18,24,Normal
2026-02-08 16:09:38.825490,Berlin-b02a,-30,18,Normal
2026-02-08 16:09:39.825490,Berlin-b02a,7,29,Normal
2026-02-08 16:09:40.825490,Berlin-b02a,-25,43,Normal
2026-02-08 16:09:41.825490,Berlin-b02a,33,9,Normal
2026-02-08 16:09:42.825490,Berlin-b02a,4,92,Normal
2026-02-08 16:09:43.825490,Berlin-b02a,-13,82,Normal
2026-02-08 16:09:44.825490,Berlin-b02a,29,11,Normal
2026-02-08 16:09:45.825490,Berlin-b02a,-8,77,Normal
2026-02-08 16:09:46.825490,Berlin-b02a,15,100,Normal
2026-02-08 16:09:47.825490,Berlin-b02a,34,82,Normal
2026-02-08 16:09:48.825490,Berlin-b02a,7,65,Normal
2026-02-08 16:09:49.825490,Berlin-b02a,-5,82,Normal
2026-02-08 16:09:50.825490,Berlin-b02a,1,0,Normal
2026-02-08 16:09:51.825490,Berlin-b02a,18,7,Normal
2026-02-08 16:09:52.825490,Berlin-b02a,-8,96,Normal
2026-02-08 16:09:53.825490,Berlin-b02a,19,22,Normal
2026-02-08 16:09:54.825490,Berlin-b02a,1,67,Normal
2026-02-08 16:09:55.825490,Berlin-b02a,17,55,Normal
2026-02-08 16:09:56.825490,Berlin-b02a,1,23,Normal
2026-02-08 16:09:57.825490,Berlin-b02a,12,90,Normal
2026-02-08 16:09:58.825490,Berlin-b02a,43,86,Normal
2026-02-08 16:09:59.825490,Berlin-b02a,-20,6,Normal
2026-02-08 16:10:00.825490,Berlin-b02a,14,55,Normal
2026-02-08 16:10:01.825490,Berlin-b02a,22,96,Normal
2026-02-08 16:10:02.825490,Berlin-b02a,44,34,Normal
2026-02-08 16:10:03.825490,Berlin-b02a,6,64,Normal
2026-02-08 16:10:04.825490,Berlin-b02a,-24,75,Normal
2026-02-08 16:10:05.825490,Berlin-b02a,-15,72,Normal
2026-02-08 16:10:06.825490,Berlin-b02a,18,93,Normal
2026-02-08 16:10:07.825490,Berlin-b02a,7,100,Normal
2026-02-08 16:10:08.825490,Berlin-b02a,22,28,Normal
2026-02-08 16:10:09.825490,Berlin-b02a,-18,26,Normal
2026-02-08 16:10:10.825490,Berlin-b02a,-8,54,Normal
2026-02-08 16:10:11.825490,Berlin-b02a,-6,52,Normal
2026-02-08 16:10:12.825490,Berlin-b02a,24,22,Normal
2026-02-08 16:10:13.825490,Berlin-b02a,-28,29,Normal
2026-02-08 16:10:14.825490,Berlin-b02a,-21,37,Normal
2026-02-08 16:10:15.825490,Berlin-b02a,-14,55,Normal
2026-02-08 16:10:16.825490,Berlin-b02a,22,62,Normal
2026-02-08 16:10:17.825490,Berlin-b02a,30,25,Normal
2026-02-08 16:10:18.825490,Berlin-b02a,2,81,Normal
2026-02-08 16:10:19.825490,Berlin-b02a,28,26,Normal
2026-02-08 16:10:20.825490,Berlin-b02a,-4,94,Normal
2026-02-08 16:10:21.825490,Berlin-b02a,0,46,Normal
2026-02-08 16:10:22.825490,Berlin-b02a,1,61,Normal
2026-02-08 16:10:23.825490,Berlin-b02a,44,1,Normal
2026-02-08 16:10:24.825490,Berlin-b02a,-29,79,Normal
2026-02-08 16:10:25.825490,Berlin-b02a,36,97,Normal
2026-02-08 16:10:26.825490,Berlin-b02a,-22,34,Normal
2026-02-08 16:10:27.825490,Berlin-b02a,38,27,Normal
2026-02-08 16:10:28.825490,Berlin-b02a,-20,40,Normal
2026-02-08 16:10:29.825490,Berlin-b02a,10,17,Normal
2026-02-08 16:10:30.825490,Berlin-b02a,-19,62,Normal
2026-02-08 16:10:31.825490,Berlin-b02a,13,85,Normal
2026-02-08 16:10:32.825490,Berlin-b02a,-23,43,Normal
2026-02-08 16:10:33.825490,Berlin-b02a,13,20,Normal
2026-02-08 16:10:34.825490,Berlin-b02a,-17,65,Normal
2026-02-08 16:10:35.825490,Berlin-b02a,-19,68,Normal
2026-02-08 16:10:36.825490,Berlin-b02a,47,30,Normal
2026-02-08 16:10:37.825490,Berlin-b02a,-16,13,Normal
2026-02-08 16:10:38.825490,Berlin-b02a,-9,41,Normal
2026-02-08 16:10:39.825490,Berlin-b02a,24,14,Normal
2026-02-08 16:10:40.825490,Berlin-b02a,50,42,Normal
2026-02-08 16:10:41.825490,Berlin-b02a,7,11,Normal
2026-02-08 16:10:42.825490,Berlin-b02a,35,52,Normal
2026-02-08 16:10:43.825490,Berlin-b02a,49,60,Normal
2026-02-08 16:10:44.825490,Berlin-b02a,25,89,Normal
2026-02-08 16:10:45.825490,Berlin-b02a,37,81,Normal
2026-02-08 16:10:46.825490,Berlin-b02a,40,79,Normal
2026-02-08 16:10:47.825490,Berlin-b02a,-26,1,Normal
2026-02-08 16:10:48.825490,Berlin-b02a,-19,73,Normal
2026-02-08 16:10:49.825490,Berlin-b02a,-7,77,Normal
2026-02-08 16:10:50.825490,Berlin-b02a,-14,8,Normal
2026-02-08 16:10:51.825490,Berlin-b02a,7,58,Normal
2026-02-08 16:10:52.825490,Berlin-b02a,-24,3,Normal
2026-02-08 16:10:53.825490,Berlin-b02a,50,33,Normal
2026-02-08 16:10:54.825490,Berlin-b02a,-26,40,Normal
2026-02-08 16:10:55.825490,Berlin-b02a,5,47,Normal
2026-02-08 16:10:56.825490,Berlin-b02a,-23,44,Normal
2026-02-08 16:10:57.825490,Berlin-b02a,-1,67,Normal
2026-02-08 16:10:58.825490,Berlin-b02a,41,0,Normal
2026-02-08 16:10:59.825490,Berlin-b02a,44,33,Normal
2026-02-08 16:11:00.825490,Berlin-b02a,-20,70,Normal
2026-02-08 16:11:01.825490,Berlin-b02a,-5,34,Normal
2026-02-08 16:11:02.825490,Berlin-b02a,27,61,Normal
2026-02-08 16:11:03.825490,Berlin-b02a,-14,33,Normal
2026-02-08 16:11:04.825490,Berlin-b02a,6,25,Normal
2026-02-08 16:11:05.825490,Berlin-b02a,13,96,Normal
2026-02-08 16:11:06.825490,Berlin-b02a,33,44,Normal
2026-02-08 16:11:07.825490,Berlin-b02a,45,5,Normal
2026-02-08 16:11:08.825490,Berlin-b02a,19,46,Normal
2026-02-08 16:11:09.825490,Berlin-b02a,-11,50,Normal
2026-02-08 16:11:10.825490,Berlin-b02a,43,48,Normal
2026-02-08 16:11:11.825490,Berlin-b02a,32,66,Normal
2026-02-08 16:11:12.825490,Berlin-b02a,22,68,Normal
2026-02-08 16:11:13.825490,Berlin-b02a,33,9,Normal
2026-02-08 16:11:14.825490,Berlin-b02a,33,60,Normal
2026-02-08 16:11:15.825490,Berlin-b02a,-6,17,Normal
2026-02-08 16:11:16.825490,Berlin-b02a,-4,42,Normal
2026-02-08 16:11:17.825490,Berlin-b02a,28,37,Normal
2026-02-08 16:11:18.825490,Berlin-b02a,18,54,Normal
2026-02-08 16:11:19.825490,Berlin-b02a,24,55,Normal
2026-02-08 16:11:20.825490,Berlin-b02a,-17,14,Normal
2026-02-08 16:11:21.825490,Berlin-b02a,13,34,Normal
2026-02-08 16:11:22.825490,Berlin-b02a,-30,50,Normal
2026-02-08 16:11:23.825490,Berlin-b02a,27,86,Normal
2026-02-08 16:11:24.825490,Berlin-b02a,45,94,Normal
2026-02-08 16:11:25.825490,Berlin-b02a,43,23,Normal
2026-02-08 16:11:26.825490,Berlin-b02a,49,93,Normal
2026-02-08 16:11:27.825490,Berlin-b02a,49,52,Normal
2026-02-08 16:11:28.825490,Berlin-b02a,28,21,Normal
2026-02-08 16:11:29.825490,Berlin-b02a,28,34,Normal
2026-02-08 16:11:30.825490,Berlin-b02a,-8,12,Normal
2026-02-08 16:11:31.825490,Berlin-b02a,47,63,Normal
2026-02-08 16:11:32.825490,Berlin-b02a,41,6,Normal
2026-02-08 16:11:33.825490,Berlin-b02a,48,49,Normal
2026-02-08 16:11:34.825490,Berlin-b02a,-28,0,Normal
2026-02-08 16:11:35.825490,Berlin-b02a,13,95,Normal
2026-02-08 16:11:36.825490,Berlin-b02a,0,30,Normal
2026-02-08 16:11:37.825490,Berlin-b02a,1,70,Normal
2026-02-08 16:11:38.825490,Berlin-b02a,-12,29,Normal
2026-02-08 16:11:39.825490,Berlin-b02a,14,7,Normal
2026-02-08 16:11:40.825490,Berlin-b02a,47,41,Normal
