timestamp,station_id,temp,humid,condition
2026-04-27 19:53:41.272945,Seoul-9726,11,83,Normal
2026-04-27 19:53:42.272945,Seoul-9726,14,65,Normal
2026-04-27 19:53:43.272945,Seoul-9726,-19,53,Normal
2026-04-27 19:53:44.272945,Seoul-9726,0,89,Normal
2026-04-27 19:53:45.272945,Seoul-9726,42,64,Normal
2026-04-27 19:53:46.272945,Seoul-9726,38,58,Normal
2026-04-27 19:53:47.272945,Seoul-9726,-29,47,Normal
2026-04-27 19:53:48.272945,Seoul-9726,42,22,Normal
2026-04-27 19:53:49.272945,Seoul-9726,38,20,Normal
2026-04-27 19:53:50.272945,Seoul-9726,-15,10,Normal
2026-04-27 19:53:51.272945,Seoul-9726,42,81,Normal
2026-04-27 19:53:52.272945,Seoul-9726,33,21,Normal
2026-04-27 19:53:53.272945,Seoul-9726,24,23,Normal
2026-04-27 19:53:54.272945,Seoul-9726,1,74,Normal
2026-04-27 19:53:55.272945,Seoul-9726,49,75,Normal
2026-04-27 19:53:56.272945,Seoul-9726,-14,64,Normal
2026-04-27 19:53:57.272945,Seoul-9726,-9,21,Normal
2026-04-27 19:53:58.272945,Seoul-9726,-23,41,Normal
2026-04-27 19:53:59.272945,Seoul-9726,33,35,Normal
2026-04-27 19:54:00.272945,Seoul-9726,29,53,Normal
2026-04-27 19:54:01.272945,Seoul-9726,-5,38,Normal
2026-04-27 19:54:02.272945,Seoul-9726,10,95,Normal
2026-04-27 19:54:03.272945,Seoul-9726,-10,20,Normal
2026-04-27 19:54:04.272945,Seoul-9726,3,30,Normal
2026-04-27 19:54:05.272945,Seoul-9726,4,53,Normal
2026-04-27 19:54:06.272945,Seoul-9726,48,62,Normal
2026-04-27 19:54:07.272945,Seoul-9726,23,13,Normal
2026-04-27 19:54:08.272945,Seoul-9726,-26,90,Normal
2026-04-27 19:54:09.272945,Seoul-9726,2,18,Normal
2026-04-27 19:54:10.272945,Seoul-9726,43,46,Normal
2026-04-27 19:54:11.272945,Seoul-9726,50,17,Normal
2026-04-27 19:54:12.272945,Seoul-9726,-5,99,Normal
2026-04-27 19:54:13.272945,Seoul-9726,27,22,Normal
2026-04-27 19:54:14.272945,Seoul-9726,-15,81,Normal
2026-04-27 19:54:15.272945,Seoul-9726,-3,29,Normal
2026-04-27 19:54:16.272945,Seoul-9726,-3,90,Normal
2026-04-27 19:54:17.272945,Seoul-9726,-23,86,Normal
2026-04-27 19:54:18.272945,Seoul-9726,-22,37,Normal
2026-04-27 19:54:19.272945,Seoul-9726,-6,15,Normal
2026-04-27 19:54:20.272945,Seoul-9726,1,56,Normal
2026-04-27 19:54:21.272945,Seoul-9726,10,2,Normal
2026-04-27 19:54:22.272945,Seoul-9726,42,19,Normal
2026-04-27 19:54:23.272945,Seoul-9726,34,37,Normal
2026-04-27 19:54:24.272945,Seoul-9726,-25,13,Normal
2026-04-27 19:54:25.272945,Seoul-9726,9,52,Normal
2026-04-27 19:54:26.272945,Seoul-9726,31,47,Normal
2026-04-27 19:54:27.272945,Seoul-9726,-27,47,Normal
2026-04-27 19:54:28.272945,Seoul-9726,-20,87,Normal
2026-04-27 19:54:29.272945,Seoul-9726,38,59,Normal
2026-04-27 19:54:30.272945,Seoul-9726,35,14,Normal
2026-04-27 19:54:31.272945,Seoul-9726,-24,70,Normal
2026-04-27 19:54:32.272945,Seoul-9726,34,43,Normal
2026-04-27 19:54:33.272945,Seoul-9726,28,38,Normal
2026-04-27 19:54:34.272945,Seoul-9726,43,2,Normal
2026-04-27 19:54:35.272945,Seoul-9726,-7,60,Normal
2026-04-27 19:54:36.272945,Seoul-9726,40,28,Normal
2026-04-27 19:54:37.272945,Seoul-9726,-9,32,Normal
2026-04-27 19:54:38.272945,Seoul-9726,-12,74,Normal
2026-04-27 19:54:39.272945,Seoul-9726,44,75,Normal
2026-04-27 19:54:40.272945,Seoul-9726,0,4,Normal
2026-04-27 19:54:41.272945,Seoul-9726,41,90,Normal
2026-04-27 19:54:42.272945,Seoul-9726,22,18,Normal
2026-04-27 19:54:43.272945,Seoul-9726,3,84,Normal
2026-04-27 19:54:44.272945,Seoul-9726,25,26,Normal
2026-04-27 19:54:45.272945,Seoul-9726,8,81,Normal
2026-04-27 19:54:46.272945,Seoul-9726,14,62,Normal
2026-04-27 19:54:47.272945,Seoul-9726,-10,68,Normal
2026-04-27 19:54:48.272945,Seoul-9726,24,38,Normal
2026-04-27 19:54:49.272945,Seoul-9726,-7,73,Normal
2026-04-27 19:54:50.272945,Seoul-9726,-8,47,Normal
2026-04-27 19:54:51.272945,Seoul-9726,4,30,Normal
2026-04-27 19:54:52.272945,Seoul-9726,-4,77,Normal
2026-04-27 19:54:53.272945,Seoul-9726,-28,8,Normal
2026-04-27 19:54:54.272945,Seoul-9726,10,84,Normal
2026-04-27 19:54:55.272945,Seoul-9726,-13,57,Normal
2026-04-27 19:54:56.272945,Seoul-9726,37,87,Normal
2026-04-27 19:54:57.272945,Seoul-9726,15,7,Normal
2026-04-27 19:54:58.272945,Seoul-9726,10,10,Normal
2026-04-27 19:54:59.272945,Seoul-9726,-7,66,Normal
2026-04-27 19:55:00.272945,Seoul-9726,16,29,Normal
2026-04-27 19:55:01.272945,Seoul-9726,11,46,Normal
2026-04-27 19:55:02.272945,Seoul-9726,48,59,Normal
2026-04-27 19:55:03.272945,Seoul-9726,14,18,Normal
2026-04-27 19:55:04.272945,Seoul-9726,-21,14,Normal
2026-04-27 19:55:05.272945,Seoul-9726,44,81,Normal
2026-04-27 19:55:06.272945,Seoul-9726,19,72,Normal
2026-04-27 19:55:07.272945,Seoul-9726,46,96,Normal
2026-04-27 19:55:08.272945,Seoul-9726,-30,83,Normal
2026-04-27 19:55:09.272945,Seoul-9726,21,5,Normal
2026-04-27 19:55:10.272945,Seoul-9726,13,37,Normal
2026-04-27 19:55:11.272945,Seoul-9726,0,6,Normal
2026-04-27 19:55:12.272945,Seoul-9726,49,55,Normal
2026-04-27 19:55:13.272945,Seoul-9726,3,47,Normal
2026-04-27 19:55:14.272945,Seoul-9726,7,59,Normal
2026-04-27 19:55:15.272945,Seoul-9726,-28,44,Normal
2026-04-27 19:55:16.272945,Seoul-9726,-18,25,Normal
2026-04-27 19:55:17.272945,Seoul-9726,8,11,Normal
2026-04-27 19:55:18.272945,Seoul-9726,5,90,Normal
2026-04-27 19:55:19.272945,Seoul-9726,20,61,Normal
2026-04-27 19:55:20.272945,Seoul-9726,19,60,Normal
2026-04-27 19:55:21.272945,Seoul-9726,-24,45,Normal
2026-04-27 19:55:22.272945,Seoul-9726,-28,23,Normal
2026-04-27 19:55:23.272945,Seoul-9726,-11,54,Normal
2026-04-27 19:55:24.272945,Seoul-9726,19,64,Normal
2026-04-27 19:55:25.272945,Seoul-9726,-29,1,Normal
2026-04-27 19:55:26.272945,Seoul-9726,35,94,Normal
2026-04-27 19:55:27.272945,Seoul-9726,9,66,Normal
2026-04-27 19:55:28.272945,Seoul-9726,12,70,Normal
2026-04-27 19:55:29.272945,Seoul-9726,24,53,Normal
2026-04-27 19:55:30.272945,Seoul-9726,14,1,Normal
2026-04-27 19:55:31.272945,Seoul-9726,7,74,Normal
2026-04-27 19:55:32.272945,Seoul-9726,2,78,Normal
2026-04-27 19:55:33.272945,Seoul-9726,36,44,Normal
2026-04-27 19:55:34.272945,Seoul-9726,-21,50,Normal
2026-04-27 19:55:35.272945,Seoul-9726,50,36,Normal
2026-04-27 19:55:36.272945,Seoul-9726,17,67,Normal
2026-04-27 19:55:37.272945,Seoul-9726,44,43,Normal
2026-04-27 19:55:38.272945,Seoul-9726,20,27,Normal
2026-04-27 19:55:39.272945,Seoul-9726,21,80,Normal
2026-04-27 19:55:40.272945,Seoul-9726,-16,12,Normal
2026-04-27 19:55:41.272945,Seoul-9726,49,24,Normal
2026-04-27 19:55:42.272945,Seoul-9726,8,21,Normal
2026-04-27 19:55:43.272945,Seoul-9726,-27,21,Normal
2026-04-27 19:55:44.272945,Seoul-9726,-15,57,Normal
2026-04-27 19:55:45.272945,Seoul-9726,35,62,Normal
2026-04-27 19:55:46.272945,Seoul-9726,47,10,Normal
2026-04-27 19:55:47.272945,Seoul-9726,41,49,Normal
2026-04-27 19:55:48.272945,Seoul-9726,9,9,Normal
2026-04-27 19:55:49.272945,Seoul-9726,-1,20,Normal
2026-04-27 19:55:50.272945,Seoul-9726,-12,14,Normal
2026-04-27 19:55:51.272945,Seoul-9726,-30,66,Normal
2026-04-27 19:55:52.272945,Seoul-9726,41,84,Normal
2026-04-27 19:55:53.272945,Seoul-9726,33,49,Normal
2026-04-27 19:55:54.272945,Seoul-9726,-4,92,Normal
2026-04-27 19:55:55.272945,Seoul-9726,31,35,Normal
2026-04-27 19:55:56.272945,Seoul-9726,-10,2,Normal
2026-04-27 19:55:57.272945,Seoul-9726,43,18,Normal
2026-04-27 19:55:58.272945,Seoul-9726,12,9,Normal
2026-04-27 19:55:59.272945,Seoul-9726,21,9,Normal
2026-04-27 19:56:00.272945,Seoul-9726,24,59,Normal
2026-04-27 19:56:01.272945,Seoul-9726,28,33,Normal
2026-04-27 19:56:02.272945,Seoul-9726,19,90,Normal
2026-04-27 19:56:03.272945,Seoul-9726,37,89,Normal
2026-04-27 19:56:04.272945,Seoul-9726,46,53,Normal
2026-04-27 19:56:05.272945,Seoul-9726,33,15,Normal
2026-04-27 19:56:06.272945,Seoul-9726,-3,18,Normal
2026-04-27 19:56:07.272945,Seoul-9726,15,39,Normal
2026-04-27 19:56:08.272945,Seoul-9726,11,38,Normal
2026-04-27 19:56:09.272945,Seoul-9726,49,22,Normal
2026-04-27 19:56:10.272945,Seoul-9726,43,15,Normal
2026-04-27 19:56:11.272945,Seoul-9726,46,81,Normal
2026-04-27 19:56:12.272945,Seoul-9726,-19,87,Normal
2026-04-27 19:56:13.272945,Seoul-9726,17,22,Normal
2026-04-27 19:56:14.272945,Seoul-9726,3,32,Normal
2026-04-27 19:56:15.272945,Seoul-9726,-22,73,Normal
2026-04-27 19:56:16.272945,Seoul-9726,-8,69,Normal
2026-04-27 19:56:17.272945,Seoul-9726,50,94,Normal
2026-04-27 19:56:18.272945,Seoul-9726,-24,25,Normal
2026-04-27 19:56:19.272945,Seoul-9726,12,66,Normal
2026-04-27 19:56:20.272945,Seoul-9726,28,42,Normal
2026-04-27 19:56:21.272945,Seoul-9726,-29,91,Normal
2026-04-27 19:56:22.272945,Seoul-9726,-12,46,Normal
2026-04-27 19:56:23.272945,Seoul-9726,-18,88,Normal
2026-04-27 19:56:24.272945,Seoul-9726,-19,53,Normal
2026-04-27 19:56:25.272945,Seoul-9726,13,97,Normal
2026-04-27 19:56:26.272945,Seoul-9726,-13,95,Normal
2026-04-27 19:56:27.272945,Seoul-9726,30,79,Normal
2026-04-27 19:56:28.272945,Seoul-9726,37,50,Normal
2026-04-27 19:56:29.272945,Seoul-9726,-26,78,Normal
2026-04-27 19:56:30.272945,Seoul-9726,49,46,Normal
2026-04-27 19:56:31.272945,Seoul-9726,8,88,Normal
2026-04-27 19:56:32.272945,Seoul-9726,6,68,Normal
2026-04-27 19:56:33.272945,Seoul-9726,18,97,Normal
2026-04-27 19:56:34.272945,Seoul-9726,24,20,Normal
2026-04-27 19:56:35.272945,Seoul-9726,-18,84,Normal
2026-04-27 19:56:36.272945,Seoul-9726,4,54,Normal
2026-04-27 19:56:37.272945,Seoul-9726,-13,57,Normal
2026-04-27 19:56:38.272945,Seoul-9726,6,64,Normal
2026-04-27 19:56:39.272945,Seoul-9726,12,4,Normal
2026-04-27 19:56:40.272945,Seoul-9726,-18,58,Normal
2026-04-27 19:56:41.272945,Seoul-9726,-30,38,Normal
2026-04-27 19:56:42.272945,Seoul-9726,18,28,Normal
2026-04-27 19:56:43.272945,Seoul-9726,15,20,Normal
2026-04-27 19:56:44.272945,Seoul-9726,10,36,Normal
2026-04-27 19:56:45.272945,Seoul-9726,-26,58,Normal
2026-04-27 19:56:46.272945,Seoul-9726,17,24,Normal
2026-04-27 19:56:47.272945,Seoul-9726,37,65,Normal
2026-04-27 19:56:48.272945,Seoul-9726,32,44,Normal
2026-04-27 19:56:49.272945,Seoul-9726,3,72,Normal
2026-04-27 19:56:50.272945,Seoul-9726,-21,18,Normal
2026-04-27 19:56:51.272945,Seoul-9726,-24,36,Normal
2026-04-27 19:56:52.272945,Seoul-9726,2,4,Normal
2026-04-27 19:56:53.272945,Seoul-9726,-27,13,Normal
2026-04-27 19:56:54.272945,Seoul-9726,43,99,Normal
2026-04-27 19:56:55.272945,Seoul-9726,-1,73,Normal
2026-04-27 19:56:56.272945,Seoul-9726,41,83,Normal
2026-04-27 19:56:57.272945,Seoul-9726,40,9,Normal
2026-04-27 19:56:58.272945,Seoul-9726,-17,22,Normal
2026-04-27 19:56:59.272945,Seoul-9726,-10,28,Normal
2026-04-27 19:57:00.272945,Seoul-9726,50,42,Normal
2026-04-27 19:57:01.272945,Seoul-9726,-25,61,Normal
2026-04-27 19:57:02.272945,Seoul-9726,-13,35,Normal
2026-04-27 19:57:03.272945,Seoul-9726,5,74,Normal
2026-04-27 19:57:04.272945,Seoul-9726,4,56,Normal
2026-04-27 19:57:05.272945,Seoul-9726,16,50,Normal
2026-04-27 19:57:06.272945,Seoul-9726,-21,79,Normal
2026-04-27 19:57:07.272945,Seoul-9726,-15,29,Normal
2026-04-27 19:57:08.272945,Seoul-9726,42,39,Normal
2026-04-27 19:57:09.272945,Seoul-9726,8,21,Normal
2026-04-27 19:57:10.272945,Seoul-9726,46,14,Normal
2026-04-27 19:57:11.272945,Seoul-9726,47,65,Normal
2026-04-27 19:57:12.272945,Seoul-9726,39,97,Normal
2026-04-27 19:57:13.272945,Seoul-9726,-16,78,Normal
2026-04-27 19:57:14.272945,Seoul-9726,-1,64,Normal
2026-04-27 19:57:15.272945,Seoul-9726,9,11,Normal
2026-04-27 19:57:16.272945,Seoul-9726,15,90,Normal
2026-04-27 19:57:17.272945,Seoul-9726,45,97,Normal
2026-04-27 19:57:18.272945,Seoul-9726,-13,42,Normal
2026-04-27 19:57:19.272945,Seoul-9726,-23,77,Normal
2026-04-27 19:57:20.272945,Seoul-9726,5,32,Normal
2026-04-27 19:57:21.272945,Seoul-9726,-25,88,Normal
2026-04-27 19:57:22.272945,Seoul-9726,7,23,Normal
2026-04-27 19:57:23.272945,Seoul-9726,46,24,Normal
2026-04-27 19:57:24.272945,Seoul-9726,9,27,Normal
2026-04-27 19:57:25.272945,Seoul-9726,28,17,Normal
2026-04-27 19:57:26.272945,Seoul-9726,10,84,Normal
2026-04-27 19:57:27.272945,Seoul-9726,37,93,Normal
2026-04-27 19:57:28.272945,Seoul-9726,18,12,Normal
2026-04-27 19:57:29.272945,Seoul-9726,40,52,Normal
2026-04-27 19:57:30.272945,Seoul-9726,28,35,Normal
2026-04-27 19:57:31.272945,Seoul-9726,12,68,Normal
2026-04-27 19:57:32.272945,Seoul-9726,27,14,Normal
2026-04-27 19:57:33.272945,Seoul-9726,47,35,Normal
2026-04-27 19:57:34.272945,Seoul-9726,-1,68,Normal
2026-04-27 19:57:35.272945,Seoul-9726,44,24,Normal
2026-04-27 19:57:36.272945,Seoul-9726,8,22,Normal
2026-04-27 19:57:37.272945,Seoul-9726,-11,77,Normal
2026-04-27 19:57:38.272945,Seoul-9726,-27,59,Normal
2026-04-27 19:57:39.272945,Seoul-9726,9,90,Normal
2026-04-27 19:57:40.272945,Seoul-9726,-10,55,Normal
2026-04-27 19:57:41.272945,Seoul-9726,5,86,Normal
2026-04-27 19:57:42.272945,Seoul-9726,40,13,Normal
2026-04-27 19:57:43.272945,Seoul-9726,45,65,Normal
2026-04-27 19:57:44.272945,Seoul-9726,39,67,Normal
2026-04-27 19:57:45.272945,Seoul-9726,-24,16,Normal
2026-04-27 19:57:46.272945,Seoul-9726,50,39,Normal
2026-04-27 19:57:47.272945,Seoul-9726,9,60,Normal
2026-04-27 19:57:48.272945,Seoul-9726,33,36,Normal
2026-04-27 19:57:49.272945,Seoul-9726,-3,86,Normal
2026-04-27 19:57:50.272945,Seoul-9726,24,89,Normal
2026-04-27 19:57:51.272945,Seoul-9726,-9,34,Normal
2026-04-27 19:57:52.272945,Seoul-9726,-15,84,Normal
2026-04-27 19:57:53.272945,Seoul-9726,32,67,Normal
2026-04-27 19:57:54.272945,Seoul-9726,-8,39,Normal
2026-04-27 19:57:55.272945,Seoul-9726,28,59,Normal
2026-04-27 19:57:56.272945,Seoul-9726,10,36,Normal
2026-04-27 19:57:57.272945,Seoul-9726,8,65,Normal
2026-04-27 19:57:58.272945,Seoul-9726,10,61,Normal
2026-04-27 19:57:59.272945,Seoul-9726,-21,43,Normal
2026-04-27 19:58:00.272945,Seoul-9726,-15,37,Normal
2026-04-27 19:58:01.272945,Seoul-9726,12,95,Normal
2026-04-27 19:58:02.272945,Seoul-9726,-3,50,Normal
2026-04-27 19:58:03.272945,Seoul-9726,39,0,Normal
2026-04-27 19:58:04.272945,Seoul-9726,40,79,Normal
2026-04-27 19:58:05.272945,Seoul-9726,4,41,Normal
2026-04-27 19:58:06.272945,Seoul-9726,45,3,Normal
2026-04-27 19:58:07.272945,Seoul-9726,45,12,Normal
2026-04-27 19:58:08.272945,Seoul-9726,31,2,Normal
2026-04-27 19:58:09.272945,Seoul-9726,39,68,Normal
2026-04-27 19:58:10.272945,Seoul-9726,42,93,Normal
2026-04-27 19:58:11.272945,Seoul-9726,36,98,Normal
2026-04-27 19:58:12.272945,Seoul-9726,11,6,Normal
2026-04-27 19:58:13.272945,Seoul-9726,-24,93,Normal
2026-04-27 19:58:14.272945,Seoul-9726,32,40,Normal
2026-04-27 19:58:15.272945,Seoul-9726,-10,70,Normal
2026-04-27 19:58:16.272945,Seoul-9726,5,22,Normal
2026-04-27 19:58:17.272945,Seoul-9726,17,22,Normal
2026-04-27 19:58:18.272945,Seoul-9726,-17,100,Normal
2026-04-27 19:58:19.272945,Seoul-9726,-24,81,Normal
2026-04-27 19:58:20.272945,Seoul-9726,-8,21,Normal
2026-04-27 19:58:21.272945,Seoul-9726,9,95,Normal
2026-04-27 19:58:22.272945,Seoul-9726,42,13,Normal
2026-04-27 19:58:23.272945,Seoul-9726,-11,18,Normal
2026-04-27 19:58:24.272945,Seoul-9726,2,12,Normal
2026-04-27 19:58:25.272945,Seoul-9726,37,27,Normal
2026-04-27 19:58:26.272945,Seoul-9726,14,36,Normal
2026-04-27 19:58:27.272945,Seoul-9726,-21,32,Normal
2026-04-27 19:58:28.272945,Seoul-9726,21,59,Normal
2026-04-27 19:58:29.272945,Seoul-9726,12,42,Normal
2026-04-27 19:58:30.272945,Seoul-9726,40,30,Normal
2026-04-27 19:58:31.272945,Seoul-9726,-16,57,Normal
2026-04-27 19:58:32.272945,Seoul-9726,49,69,Normal
2026-04-27 19:58:33.272945,Seoul-9726,-10,74,Normal
2026-04-27 19:58:34.272945,Seoul-9726,9,93,Normal
2026-04-27 19:58:35.272945,Seoul-9726,6,79,Normal
2026-04-27 19:58:36.272945,Seoul-9726,-2,41,Normal
2026-04-27 19:58:37.272945,Seoul-9726,11,25,Normal
2026-04-27 19:58:38.272945,Seoul-9726,-21,62,Normal
2026-04-27 19:58:39.272945,Seoul-9726,49,3,Normal
2026-04-27 19:58:40.272945,Seoul-9726,34,33,Normal
2026-04-27 19:58:41.272945,Seoul-9726,20,57,Normal
2026-04-27 19:58:42.272945,Seoul-9726,26,62,Normal
2026-04-27 19:58:43.272945,Seoul-9726,20,28,Normal
2026-04-27 19:58:44.272945,Seoul-9726,-5,48,Normal
2026-04-27 19:58:45.272945,Seoul-9726,-21,49,Normal
2026-04-27 19:58:46.272945,Seoul-9726,17,5,Normal
2026-04-27 19:58:47.272945,Seoul-9726,-9,20,Normal
2026-04-27 19:58:48.272945,Seoul-9726,49,98,Normal
2026-04-27 19:58:49.272945,Seoul-9726,0,50,Normal
2026-04-27 19:58:50.272945,Seoul-9726,21,9,Normal
2026-04-27 19:58:51.272945,Seoul-9726,23,79,Normal
2026-04-27 19:58:52.272945,Seoul-9726,39,57,Normal
2026-04-27 19:58:53.272945,Seoul-9726,-12,75,Normal
2026-04-27 19:58:54.272945,Seoul-9726,33,57,Normal
2026-04-27 19:58:55.272945,Seoul-9726,3,58,Normal
2026-04-27 19:58:56.272945,Seoul-9726,26,36,Normal
2026-04-27 19:58:57.272945,Seoul-9726,14,75,Normal
2026-04-27 19:58:58.272945,Seoul-9726,-13,74,Normal
2026-04-27 19:58:59.272945,Seoul-9726,12,51,Normal
2026-04-27 19:59:00.272945,Seoul-9726,38,79,Normal
2026-04-27 19:59:01.272945,Seoul-9726,-27,74,Normal
2026-04-27 19:59:02.272945,Seoul-9726,23,92,Normal
2026-04-27 19:59:03.272945,Seoul-9726,16,32,Normal
2026-04-27 19:59:04.272945,Seoul-9726,9,54,Normal
2026-04-27 19:59:05.272945,Seoul-9726,-18,30,Normal
2026-04-27 19:59:06.272945,Seoul-9726,1,13,Normal
2026-04-27 19:59:07.272945,Seoul-9726,-15,94,Normal
2026-04-27 19:59:08.272945,Seoul-9726,-27,99,Normal
2026-04-27 19:59:09.272945,Seoul-9726,22,76,Normal
2026-04-27 19:59:10.272945,Seoul-9726,2,67,Normal
2026-04-27 19:59:11.272945,Seoul-9726,18,10,Normal
2026-04-27 19:59:12.272945,Seoul-9726,-9,70,Normal
2026-04-27 19:59:13.272945,Seoul-9726,20,54,Normal
2026-04-27 19:59:14.272945,Seoul-9726,46,29,Normal
2026-04-27 19:59:15.272945,Seoul-9726,-13,48,Normal
2026-04-27 19:59:16.272945,Seoul-9726,-10,83,Normal
2026-04-27 19:59:17.272945,Seoul-9726,34,45,Normal
2026-04-27 19:59:18.272945,Seoul-9726,-25,10,Normal
2026-04-27 19:59:19.272945,Seoul-9726,46,31,Normal
2026-04-27 19:59:20.272945,Seoul-9726,3,17,Normal
2026-04-27 19:59:21.272945,Seoul-9726,12,88,Normal
2026-04-27 19:59:22.272945,Seoul-9726,16,91,Normal
2026-04-27 19:59:23.272945,Seoul-9726,-17,57,Normal
2026-04-27 19:59:24.272945,Seoul-9726,43,1,Normal
2026-04-27 19:59:25.272945,Seoul-9726,-26,52,Normal
2026-04-27 19:59:26.272945,Seoul-9726,44,57,Normal
2026-04-27 19:59:27.272945,Seoul-9726,-2,20,Normal
2026-04-27 19:59:28.272945,Seoul-9726,-12,80,Normal
2026-04-27 19:59:29.272945,Seoul-9726,39,4,Normal
2026-04-27 19:59:30.272945,Seoul-9726,48,7,Normal
2026-04-27 19:59:31.272945,Seoul-9726,-9,84,Normal
2026-04-27 19:59:32.272945,Seoul-9726,-28,84,Normal
2026-04-27 19:59:33.272945,Seoul-9726,46,81,Normal
2026-04-27 19:59:34.272945,Seoul-9726,50,25,Normal
2026-04-27 19:59:35.272945,Seoul-9726,-12,11,Normal
2026-04-27 19:59:36.272945,Seoul-9726,0,71,Normal
2026-04-27 19:59:37.272945,Seoul-9726,39,11,Normal
2026-04-27 19:59:38.272945,Seoul-9726,1,30,Normal
2026-04-27 19:59:39.272945,Seoul-9726,-9,47,Normal
2026-04-27 19:59:40.272945,Seoul-9726,7,24,Normal
2026-04-27 19:59:41.272945,Seoul-9726,29,67,Normal
2026-04-27 19:59:42.272945,Seoul-9726,13,96,Normal
2026-04-27 19:59:43.272945,Seoul-9726,0,77,Normal
2026-04-27 19:59:44.272945,Seoul-9726,17,10,Normal
2026-04-27 19:59:45.272945,Seoul-9726,45,96,Normal
2026-04-27 19:59:46.272945,Seoul-9726,-12,95,Normal
2026-04-27 19:59:47.272945,Seoul-9726,-12,62,Normal
2026-04-27 19:59:48.272945,Seoul-9726,17,29,Normal
2026-04-27 19:59:49.272945,Seoul-9726,-3,76,Normal
2026-04-27 19:59:50.272945,Seoul-9726,28,33,Normal
2026-04-27 19:59:51.272945,Seoul-9726,-15,18,Normal
2026-04-27 19:59:52.272945,Seoul-9726,44,93,Normal
2026-04-27 19:59:53.272945,Seoul-9726,34,52,Normal
2026-04-27 19:59:54.272945,Seoul-9726,-5,22,Normal
2026-04-27 19:59:55.272945,Seoul-9726,29,72,Normal
2026-04-27 19:59:56.272945,Seoul-9726,-14,68,Normal
2026-04-27 19:59:57.272945,Seoul-9726,19,8,Normal
2026-04-27 19:59:58.272945,Seoul-9726,4,18,Normal
2026-04-27 19:59:59.272945,Seoul-9726,-17,0,Normal
2026-04-27 20:00:00.272945,Seoul-9726,-29,39,Normal
2026-04-27 20:00:01.272945,Seoul-9726,10,62,Normal
2026-04-27 20:00:02.272945,Seoul-9726,2,22,Normal
2026-04-27 20:00:03.272945,Seoul-9726,4,85,Normal
2026-04-27 20:00:04.272945,Seoul-9726,39,48,Normal
2026-04-27 20:00:05.272945,Seoul-9726,32,78,Normal
2026-04-27 20:00:06.272945,Seoul-9726,-24,30,Normal
2026-04-27 20:00:07.272945,Seoul-9726,19,19,Normal
2026-04-27 20:00:08.272945,Seoul-9726,-8,74,Normal
2026-04-27 20:00:09.272945,Seoul-9726,44,0,Normal
2026-04-27 20:00:10.272945,Seoul-9726,-10,22,Normal
2026-04-27 20:00:11.272945,Seoul-9726,37,6,Normal
2026-04-27 20:00:12.272945,Seoul-9726,-17,45,Normal
2026-04-27 20:00:13.272945,Seoul-9726,-18,99,Normal
2026-04-27 20:00:14.272945,Seoul-9726,-13,69,Normal
2026-04-27 20:00:15.272945,Seoul-9726,-8,83,Normal
2026-04-27 20:00:16.272945,Seoul-9726,31,82,Normal
2026-04-27 20:00:17.272945,Seoul-9726,-26,25,Normal
2026-04-27 20:00:18.272945,Seoul-9726,-6,96,Normal
2026-04-27 20:00:19.272945,Seoul-9726,47,17,Normal
2026-04-27 20:00:20.272945,Seoul-9726,-16,68,Normal
2026-04-27 20:00:21.272945,Seoul-9726,6,92,Normal
2026-04-27 20:00:22.272945,Seoul-9726,-1,56,Normal
2026-04-27 20:00:23.272945,Seoul-9726,24,34,Normal
2026-04-27 20:00:24.272945,Seoul-9726,29,42,Normal
2026-04-27 20:00:25.272945,Seoul-9726,36,19,Normal
2026-04-27 20:00:26.272945,Seoul-9726,8,68,Normal
2026-04-27 20:00:27.272945,Seoul-9726,11,53,Normal
2026-04-27 20:00:28.272945,Seoul-9726,0,21,Normal
2026-04-27 20:00:29.272945,Seoul-9726,21,79,Normal
2026-04-27 20:00:30.272945,Seoul-9726,-18,93,Normal
2026-04-27 20:00:31.272945,Seoul-9726,46,86,Normal
2026-04-27 20:00:32.272945,Seoul-9726,-9,97,Normal
2026-04-27 20:00:33.272945,Seoul-9726,-18,82,Normal
2026-04-27 20:00:34.272945,Seoul-9726,49,52,Normal
2026-04-27 20:00:35.272945,Seoul-9726,15,65,Normal
2026-04-27 20:00:36.272945,Seoul-9726,33,0,Normal
2026-04-27 20:00:37.272945,Seoul-9726,1,5,Normal
2026-04-27 20:00:38.272945,Seoul-9726,-17,95,Normal
2026-04-27 20:00:39.272945,Seoul-9726,28,62,Normal
2026-04-27 20:00:40.272945,Seoul-9726,-12,91,Normal
2026-04-27 20:00:41.272945,Seoul-9726,-2,9,Normal
2026-04-27 20:00:42.272945,Seoul-9726,-29,98,Normal
2026-04-27 20:00:43.272945,Seoul-9726,25,79,Normal
2026-04-27 20:00:44.272945,Seoul-9726,48,92,Normal
2026-04-27 20:00:45.272945,Seoul-9726,45,47,Normal
2026-04-27 20:00:46.272945,Seoul-9726,19,82,Normal
2026-04-27 20:00:47.272945,Seoul-9726,4,94,Normal
2026-04-27 20:00:48.272945,Seoul-9726,-18,16,Normal
2026-04-27 20:00:49.272945,Seoul-9726,24,65,Normal
2026-04-27 20:00:50.272945,Seoul-9726,-17,72,Normal
2026-04-27 20:00:51.272945,Seoul-9726,21,35,Normal
2026-04-27 20:00:52.272945,Seoul-9726,24,44,Normal
2026-04-27 20:00:53.272945,Seoul-9726,40,50,Normal
2026-04-27 20:00:54.272945,Seoul-9726,8,17,Normal
2026-04-27 20:00:55.272945,Seoul-9726,34,38,Normal
2026-04-27 20:00:56.272945,Seoul-9726,36,41,Normal
2026-04-27 20:00:57.272945,Seoul-9726,42,37,Normal
2026-04-27 20:00:58.272945,Seoul-9726,29,13,Normal
2026-04-27 20:00:59.272945,Seoul-9726,11,74,Normal
2026-04-27 20:01:00.272945,Seoul-9726,37,44,Normal
2026-04-27 20:01:01.272945,Seoul-9726,-19,87,Normal
2026-04-27 20:01:02.272945,Seoul-9726,-16,27,Normal
2026-04-27 20:01:03.272945,Seoul-9726,-22,66,Normal
2026-04-27 20:01:04.272945,Seoul-9726,42,29,Normal
2026-04-27 20:01:05.272945,Seoul-9726,10,48,Normal
2026-04-27 20:01:06.272945,Seoul-9726,-23,57,Normal
2026-04-27 20:01:07.272945,Seoul-9726,-11,71,Normal
2026-04-27 20:01:08.272945,Seoul-9726,-6,81,Normal
2026-04-27 20:01:09.272945,Seoul-9726,29,86,Normal
2026-04-27 20:01:10.272945,Seoul-9726,-25,79,Normal
2026-04-27 20:01:11.272945,Seoul-9726,23,2,Normal
2026-04-27 20:01:12.272945,Seoul-9726,-30,28,Normal
2026-04-27 20:01:13.272945,Seoul-9726,15,92,Normal
2026-04-27 20:01:14.272945,Seoul-9726,42,78,Normal
2026-04-27 20:01:15.272945,Seoul-9726,34,19,Normal
2026-04-27 20:01:16.272945,Seoul-9726,29,2,Normal
2026-04-27 20:01:17.272945,Seoul-9726,29,97,Normal
2026-04-27 20:01:18.272945,Seoul-9726,45,12,Normal
2026-04-27 20:01:19.272945,Seoul-9726,47,46,Normal
2026-04-27 20:01:20.272945,Seoul-9726,19,70,Normal
2026-04-27 20:01:21.272945,Seoul-9726,27,19,Normal
2026-04-27 20:01:22.272945,Seoul-9726,-23,56,Normal
2026-04-27 20:01:23.272945,Seoul-9726,12,74,Normal
2026-04-27 20:01:24.272945,Seoul-9726,9,51,Normal
2026-04-27 20:01:25.272945,Seoul-9726,20,93,Normal
2026-04-27 20:01:26.272945,Seoul-9726,-12,35,Normal
2026-04-27 20:01:27.272945,Seoul-9726,31,51,Normal
2026-04-27 20:01:28.272945,Seoul-9726,-9,8,Normal
2026-04-27 20:01:29.272945,Seoul-9726,-29,33,Normal
2026-04-27 20:01:30.272945,Seoul-9726,-15,87,Normal
2026-04-27 20:01:31.272945,Seoul-9726,-17,82,Normal
2026-04-27 20:01:32.272945,Seoul-9726,36,75,Normal
2026-04-27 20:01:33.272945,Seoul-9726,-10,55,Normal
2026-04-27 20:01:34.272945,Seoul-9726,18,67,Normal
2026-04-27 20:01:35.272945,Seoul-9726,37,18,Normal
2026-04-27 20:01:36.272945,Seoul-9726,-11,51,Normal
2026-04-27 20:01:37.272945,Seoul-9726,-10,29,Normal
2026-04-27 20:01:38.272945,Seoul-9726,33,45,Normal
2026-04-27 20:01:39.272945,Seoul-9726,-13,98,Normal
2026-04-27 20:01:40.272945,Seoul-9726,17,9,Normal
2026-04-27 20:01:41.272945,Seoul-9726,-2,14,Normal
2026-04-27 20:01:42.272945,Seoul-9726,-29,67,Normal
2026-04-27 20:01:43.272945,Seoul-9726,10,63,Normal
2026-04-27 20:01:44.272945,Seoul-9726,23,7,Normal
2026-04-27 20:01:45.272945,Seoul-9726,26,34,Normal
2026-04-27 20:01:46.272945,Seoul-9726,46,2,Normal
2026-04-27 20:01:47.272945,Seoul-9726,41,9,Normal
2026-04-27 20:01:48.272945,Seoul-9726,5,44,Normal
2026-04-27 20:01:49.272945,Seoul-9726,20,78,Normal
2026-04-27 20:01:50.272945,Seoul-9726,28,43,Normal
2026-04-27 20:01:51.272945,Seoul-9726,33,29,Normal
2026-04-27 20:01:52.272945,Seoul-9726,-17,79,Normal
2026-04-27 20:01:53.272945,Seoul-9726,7,55,Normal
2026-04-27 20:01:54.272945,Seoul-9726,-28,12,Normal
2026-04-27 20:01:55.272945,Seoul-9726,16,21,Normal
2026-04-27 20:01:56.272945,Seoul-9726,-12,25,Normal
2026-04-27 20:01:57.272945,Seoul-9726,-8,62,Normal
2026-04-27 20:01:58.272945,Seoul-9726,49,8,Normal
2026-04-27 20:01:59.272945,Seoul-9726,14,62,Normal
2026-04-27 20:02:00.272945,Seoul-9726,35,51,Normal
2026-04-27 20:02:01.272945,Seoul-9726,-7,53,Normal
2026-04-27 20:02:02.272945,Seoul-9726,-10,90,Normal
2026-04-27 20:02:03.272945,Seoul-9726,11,44,Normal
2026-04-27 20:02:04.272945,Seoul-9726,-11,29,Normal
2026-04-27 20:02:05.272945,Seoul-9726,-12,40,Normal
2026-04-27 20:02:06.272945,Seoul-9726,-22,99,Normal
2026-04-27 20:02:07.272945,Seoul-9726,-24,75,Normal
2026-04-27 20:02:08.272945,Seoul-9726,42,75,Normal
2026-04-27 20:02:09.272945,Seoul-9726,37,47,Normal
2026-04-27 20:02:10.272945,Seoul-9726,36,72,Normal
2026-04-27 20:02:11.272945,Seoul-9726,37,89,Normal
2026-04-27 20:02:12.272945,Seoul-9726,35,47,Normal
2026-04-27 20:02:13.272945,Seoul-9726,-22,18,Normal
2026-04-27 20:02:14.272945,Seoul-9726,-24,88,Normal
2026-04-27 20:02:15.272945,Seoul-9726,50,25,Normal
2026-04-27 20:02:16.272945,Seoul-9726,10,49,Normal
2026-04-27 20:02:17.272945,Seoul-9726,-26,40,Normal
2026-04-27 20:02:18.272945,Seoul-9726,8,4,Normal
2026-04-27 20:02:19.272945,Seoul-9726,32,85,Normal
2026-04-27 20:02:20.272945,Seoul-9726,11,57,Normal
2026-04-27 20:02:21.272945,Seoul-9726,-20,69,Normal
2026-04-27 20:02:22.272945,Seoul-9726,23,25,Normal
2026-04-27 20:02:23.272945,Seoul-9726,-16,25,Normal
2026-04-27 20:02:24.272945,Seoul-9726,17,68,Normal
2026-04-27 20:02:25.272945,Seoul-9726,1,99,Normal
2026-04-27 20:02:26.272945,Seoul-9726,-15,67,Normal
2026-04-27 20:02:27.272945,Seoul-9726,17,4,Normal
2026-04-27 20:02:28.272945,Seoul-9726,23,4,Normal
2026-04-27 20:02:29.272945,Seoul-9726,33,59,Normal
2026-04-27 20:02:30.272945,Seoul-9726,-25,56,Normal
2026-04-27 20:02:31.272945,Seoul-9726,3,41,Normal
2026-04-27 20:02:32.272945,Seoul-9726,18,62,Normal
2026-04-27 20:02:33.272945,Seoul-9726,21,45,Normal
2026-04-27 20:02:34.272945,Seoul-9726,-17,73,Normal
2026-04-27 20:02:35.272945,Seoul-9726,30,59,Normal
2026-04-27 20:02:36.272945,Seoul-9726,-25,12,Normal
2026-04-27 20:02:37.272945,Seoul-9726,23,68,Normal
2026-04-27 20:02:38.272945,Seoul-9726,41,74,Normal
2026-04-27 20:02:39.272945,Seoul-9726,-15,76,Normal
2026-04-27 20:02:40.272945,Seoul-9726,41,36,Normal
2026-04-27 20:02:41.272945,Seoul-9726,-9,65,Normal
2026-04-27 20:02:42.272945,Seoul-9726,15,64,Normal
2026-04-27 20:02:43.272945,Seoul-9726,8,53,Normal
2026-04-27 20:02:44.272945,Seoul-9726,-10,96,Normal
2026-04-27 20:02:45.272945,Seoul-9726,-3,0,Normal
2026-04-27 20:02:46.272945,Seoul-9726,28,49,Normal
2026-04-27 20:02:47.272945,Seoul-9726,-14,23,Normal
2026-04-27 20:02:48.272945,Seoul-9726,-13,67,Normal
2026-04-27 20:02:49.272945,Seoul-9726,39,17,Normal
2026-04-27 20:02:50.272945,Seoul-9726,12,95,Normal
2026-04-27 20:02:51.272945,Seoul-9726,49,46,Normal
2026-04-27 20:02:52.272945,Seoul-9726,-16,23,Normal
2026-04-27 20:02:53.272945,Seoul-9726,22,45,Normal
2026-04-27 20:02:54.272945,Seoul-9726,-7,0,Normal
2026-04-27 20:02:55.272945,Seoul-9726,25,33,Normal
2026-04-27 20:02:56.272945,Seoul-9726,26,36,Normal
2026-04-27 20:02:57.272945,Seoul-9726,45,55,Normal
2026-04-27 20:02:58.272945,Seoul-9726,-17,97,Normal
2026-04-27 20:02:59.272945,Seoul-9726,-22,41,Normal
2026-04-27 20:03:00.272945,Seoul-9726,19,82,Normal
2026-04-27 20:03:01.272945,Seoul-9726,-4,49,Normal
2026-04-27 20:03:02.272945,Seoul-9726,41,74,Normal
2026-04-27 20:03:03.272945,Seoul-9726,35,75,Normal
2026-04-27 20:03:04.272945,Seoul-9726,32,36,Normal
2026-04-27 20:03:05.272945,Seoul-9726,-20,54,Normal
2026-04-27 20:03:06.272945,Seoul-9726,-30,3,Normal
2026-04-27 20:03:07.272945,Seoul-9726,-14,46,Normal
2026-04-27 20:03:08.272945,Seoul-9726,-27,87,Normal
2026-04-27 20:03:09.272945,Seoul-9726,11,21,Normal
2026-04-27 20:03:10.272945,Seoul-9726,-16,59,Normal
2026-04-27 20:03:11.272945,Seoul-9726,11,67,Normal
2026-04-27 20:03:12.272945,Seoul-9726,-16,12,Normal
2026-04-27 20:03:13.272945,Seoul-9726,6,86,Normal
2026-04-27 20:03:14.272945,Seoul-9726,-11,77,Normal
2026-04-27 20:03:15.272945,Seoul-9726,-19,60,Normal
2026-04-27 20:03:16.272945,Seoul-9726,41,95,Normal
2026-04-27 20:03:17.272945,Seoul-9726,33,97,Normal
2026-04-27 20:03:18.272945,Seoul-9726,-17,36,Normal
2026-04-27 20:03:19.272945,Seoul-9726,33,37,Normal
2026-04-27 20:03:20.272945,Seoul-9726,45,5,Normal
2026-04-27 20:03:21.272945,Seoul-9726,-2,60,Normal
2026-04-27 20:03:22.272945,Seoul-9726,6,82,Normal
2026-04-27 20:03:23.272945,Seoul-9726,33,40,Normal
2026-04-27 20:03:24.272945,Seoul-9726,32,39,Normal
2026-04-27 20:03:25.272945,Seoul-9726,34,54,Normal
2026-04-27 20:03:26.272945,Seoul-9726,32,94,Normal
2026-04-27 20:03:27.272945,Seoul-9726,38,97,Normal
2026-04-27 20:03:28.272945,Seoul-9726,39,18,Normal
2026-04-27 20:03:29.272945,Seoul-9726,49,25,Normal
2026-04-27 20:03:30.272945,Seoul-9726,-5,50,Normal
2026-04-27 20:03:31.272945,Seoul-9726,-23,72,Normal
2026-04-27 20:03:32.272945,Seoul-9726,-7,50,Normal
2026-04-27 20:03:33.272945,Seoul-9726,41,25,Normal
2026-04-27 20:03:34.272945,Seoul-9726,46,19,Normal
2026-04-27 20:03:35.272945,Seoul-9726,46,15,Normal
2026-04-27 20:03:36.272945,Seoul-9726,2,87,Normal
2026-04-27 20:03:37.272945,Seoul-9726,-1,71,Normal
2026-04-27 20:03:38.272945,Seoul-9726,11,41,Normal
2026-04-27 20:03:39.272945,Seoul-9726,2,91,Normal
2026-04-27 20:03:40.272945,Seoul-9726,22,95,Normal
2026-04-27 20:03:41.272945,Seoul-9726,-17,20,Normal
2026-04-27 20:03:42.272945,Seoul-9726,31,74,Normal
2026-04-27 20:03:43.272945,Seoul-9726,31,83,Normal
2026-04-27 20:03:44.272945,Seoul-9726,-28,35,Normal
2026-04-27 20:03:45.272945,Seoul-9726,14,47,Normal
2026-04-27 20:03:46.272945,Seoul-9726,-23,87,Normal
2026-04-27 20:03:47.272945,Seoul-9726,-3,90,Normal
2026-04-27 20:03:48.272945,Seoul-9726,-2,78,Normal
2026-04-27 20:03:49.272945,Seoul-9726,16,62,Normal
2026-04-27 20:03:50.272945,Seoul-9726,34,7,Normal
2026-04-27 20:03:51.272945,Seoul-9726,16,37,Normal
2026-04-27 20:03:52.272945,Seoul-9726,-1,92,Normal
2026-04-27 20:03:53.272945,Seoul-9726,-23,54,Normal
2026-04-27 20:03:54.272945,Seoul-9726,38,16,Normal
2026-04-27 20:03:55.272945,Seoul-9726,34,28,Normal
2026-04-27 20:03:56.272945,Seoul-9726,24,43,Normal
2026-04-27 20:03:57.272945,Seoul-9726,39,97,Normal
2026-04-27 20:03:58.272945,Seoul-9726,-29,71,Normal
2026-04-27 20:03:59.272945,Seoul-9726,36,29,Normal
2026-04-27 20:04:00.272945,Seoul-9726,15,65,Normal
2026-04-27 20:04:01.272945,Seoul-9726,-22,41,Normal
2026-04-27 20:04:02.272945,Seoul-9726,-4,98,Normal
2026-04-27 20:04:03.272945,Seoul-9726,26,21,Normal
2026-04-27 20:04:04.272945,Seoul-9726,8,66,Normal
2026-04-27 20:04:05.272945,Seoul-9726,28,52,Normal
2026-04-27 20:04:06.272945,Seoul-9726,13,9,Normal
2026-04-27 20:04:07.272945,Seoul-9726,39,98,Normal
2026-04-27 20:04:08.272945,Seoul-9726,48,19,Normal
2026-04-27 20:04:09.272945,Seoul-9726,15,5,Normal
2026-04-27 20:04:10.272945,Seoul-9726,-16,99,Normal
2026-04-27 20:04:11.272945,Seoul-9726,-10,44,Normal
2026-04-27 20:04:12.272945,Seoul-9726,-13,73,Normal
2026-04-27 20:04:13.272945,Seoul-9726,-14,17,Normal
2026-04-27 20:04:14.272945,Seoul-9726,-15,49,Normal
2026-04-27 20:04:15.272945,Seoul-9726,23,96,Normal
2026-04-27 20:04:16.272945,Seoul-9726,39,78,Normal
2026-04-27 20:04:17.272945,Seoul-9726,15,23,Normal
2026-04-27 20:04:18.272945,Seoul-9726,32,88,Normal
2026-04-27 20:04:19.272945,Seoul-9726,-28,41,Normal
2026-04-27 20:04:20.272945,Seoul-9726,42,63,Normal
2026-04-27 20:04:21.272945,Seoul-9726,16,40,Normal
2026-04-27 20:04:22.272945,Seoul-9726,20,50,Normal
2026-04-27 20:04:23.272945,Seoul-9726,-18,78,Normal
2026-04-27 20:04:24.272945,Seoul-9726,10,31,Normal
2026-04-27 20:04:25.272945,Seoul-9726,30,68,Normal
2026-04-27 20:04:26.272945,Seoul-9726,-20,0,Normal
2026-04-27 20:04:27.272945,Seoul-9726,28,79,Normal
2026-04-27 20:04:28.272945,Seoul-9726,-5,26,Normal
2026-04-27 20:04:29.272945,Seoul-9726,1,65,Normal
2026-04-27 20:04:30.272945,Seoul-9726,-12,22,Normal
2026-04-27 20:04:31.272945,Seoul-9726,-15,82,Normal
2026-04-27 20:04:32.272945,Seoul-9726,20,15,Normal
2026-04-27 20:04:33.272945,Seoul-9726,43,11,Normal
2026-04-27 20:04:34.272945,Seoul-9726,5,85,Normal
2026-04-27 20:04:35.272945,Seoul-9726,10,74,Normal
2026-04-27 20:04:36.272945,Seoul-9726,18,84,Normal
2026-04-27 20:04:37.272945,Seoul-9726,-15,98,Normal
2026-04-27 20:04:38.272945,Seoul-9726,34,61,Normal
2026-04-27 20:04:39.272945,Seoul-9726,49,1,Normal
2026-04-27 20:04:40.272945,Seoul-9726,-26,6,Normal
2026-04-27 20:04:41.272945,Seoul-9726,18,1,Normal
2026-04-27 20:04:42.272945,Seoul-9726,5,75,Normal
2026-04-27 20:04:43.272945,Seoul-9726,-24,52,Normal
2026-04-27 20:04:44.272945,Seoul-9726,-17,19,Normal
2026-04-27 20:04:45.272945,Seoul-9726,45,80,Normal
2026-04-27 20:04:46.272945,Seoul-9726,42,19,Normal
2026-04-27 20:04:47.272945,Seoul-9726,-20,55,Normal
2026-04-27 20:04:48.272945,Seoul-9726,-26,3,Normal
2026-04-27 20:04:49.272945,Seoul-9726,2,51,Normal
2026-04-27 20:04:50.272945,Seoul-9726,48,94,Normal
2026-04-27 20:04:51.272945,Seoul-9726,9,28,Normal
2026-04-27 20:04:52.272945,Seoul-9726,0,74,Normal
2026-04-27 20:04:53.272945,Seoul-9726,46,78,Normal
2026-04-27 20:04:54.272945,Seoul-9726,30,80,Normal
2026-04-27 20:04:55.272945,Seoul-9726,40,59,Normal
2026-04-27 20:04:56.272945,Seoul-9726,-11,80,Normal
2026-04-27 20:04:57.272945,Seoul-9726,5,84,Normal
2026-04-27 20:04:58.272945,Seoul-9726,-12,67,Normal
2026-04-27 20:04:59.272945,Seoul-9726,38,86,Normal
2026-04-27 20:05:00.272945,Seoul-9726,-25,83,Normal
2026-04-27 20:05:01.272945,Seoul-9726,3,8,Normal
2026-04-27 20:05:02.272945,Seoul-9726,4,87,Normal
2026-04-27 20:05:03.272945,Seoul-9726,34,19,Normal
2026-04-27 20:05:04.272945,Seoul-9726,3,93,Normal
2026-04-27 20:05:05.272945,Seoul-9726,-6,10,Normal
2026-04-27 20:05:06.272945,Seoul-9726,41,77,Normal
2026-04-27 20:05:07.272945,Seoul-9726,-2,97,Normal
2026-04-27 20:05:08.272945,Seoul-9726,-5,22,Normal
2026-04-27 20:05:09.272945,Seoul-9726,16,43,Normal
2026-04-27 20:05:10.272945,Seoul-9726,-18,45,Normal
2026-04-27 20:05:11.272945,Seoul-9726,48,22,Normal
2026-04-27 20:05:12.272945,Seoul-9726,10,95,Normal
2026-04-27 20:05:13.272945,Seoul-9726,-15,94,Normal
2026-04-27 20:05:14.272945,Seoul-9726,15,95,Normal
2026-04-27 20:05:15.272945,Seoul-9726,9,40,Normal
2026-04-27 20:05:16.272945,Seoul-9726,9,78,Normal
2026-04-27 20:05:17.272945,Seoul-9726,-25,63,Normal
2026-04-27 20:05:18.272945,Seoul-9726,-8,62,Normal
2026-04-27 20:05:19.272945,Seoul-9726,45,35,Normal
2026-04-27 20:05:20.272945,Seoul-9726,-4,95,Normal
2026-04-27 20:05:21.272945,Seoul-9726,-30,65,Normal
2026-04-27 20:05:22.272945,Seoul-9726,46,91,Normal
2026-04-27 20:05:23.272945,Seoul-9726,8,20,Normal
2026-04-27 20:05:24.272945,Seoul-9726,2,80,Normal
2026-04-27 20:05:25.272945,Seoul-9726,5,31,Normal
2026-04-27 20:05:26.272945,Seoul-9726,29,0,Normal
2026-04-27 20:05:27.272945,Seoul-9726,45,30,Normal
2026-04-27 20:05:28.272945,Seoul-9726,47,27,Normal
2026-04-27 20:05:29.272945,Seoul-9726,45,9,Normal
2026-04-27 20:05:30.272945,Seoul-9726,-10,18,Normal
2026-04-27 20:05:31.272945,Seoul-9726,19,78,Normal
2026-04-27 20:05:32.272945,Seoul-9726,44,45,Normal
2026-04-27 20:05:33.272945,Seoul-9726,-8,84,Normal
2026-04-27 20:05:34.272945,Seoul-9726,-11,40,Normal
2026-04-27 20:05:35.272945,Seoul-9726,49,52,Normal
2026-04-27 20:05:36.272945,Seoul-9726,-4,19,Normal
2026-04-27 20:05:37.272945,Seoul-9726,11,90,Normal
2026-04-27 20:05:38.272945,Seoul-9726,-6,71,Normal
2026-04-27 20:05:39.272945,Seoul-9726,-3,75,Normal
2026-04-27 20:05:40.272945,Seoul-9726,39,24,Normal
2026-04-27 20:05:41.272945,Seoul-9726,27,86,Normal
2026-04-27 20:05:42.272945,Seoul-9726,-6,58,Normal
2026-04-27 20:05:43.272945,Seoul-9726,25,44,Normal
2026-04-27 20:05:44.272945,Seoul-9726,29,93,Normal
2026-04-27 20:05:45.272945,Seoul-9726,48,0,Normal
2026-04-27 20:05:46.272945,Seoul-9726,23,94,Normal
2026-04-27 20:05:47.272945,Seoul-9726,14,95,Normal
2026-04-27 20:05:48.272945,Seoul-9726,-2,77,Normal
2026-04-27 20:05:49.272945,Seoul-9726,-27,46,Normal
2026-04-27 20:05:50.272945,Seoul-9726,1,49,Normal
2026-04-27 20:05:51.272945,Seoul-9726,-15,20,Normal
2026-04-27 20:05:52.272945,Seoul-9726,22,95,Normal
2026-04-27 20:05:53.272945,Seoul-9726,-1,31,Normal
2026-04-27 20:05:54.272945,Seoul-9726,26,2,Normal
2026-04-27 20:05:55.272945,Seoul-9726,-22,83,Normal
2026-04-27 20:05:56.272945,Seoul-9726,-4,79,Normal
2026-04-27 20:05:57.272945,Seoul-9726,14,12,Normal
2026-04-27 20:05:58.272945,Seoul-9726,1,82,Normal
2026-04-27 20:05:59.272945,Seoul-9726,-2,42,Normal
2026-04-27 20:06:00.272945,Seoul-9726,16,2,Normal
2026-04-27 20:06:01.272945,Seoul-9726,5,89,Normal
2026-04-27 20:06:02.272945,Seoul-9726,2,93,Normal
2026-04-27 20:06:03.272945,Seoul-9726,-21,29,Normal
2026-04-27 20:06:04.272945,Seoul-9726,16,48,Normal
2026-04-27 20:06:05.272945,Seoul-9726,34,48,Normal
2026-04-27 20:06:06.272945,Seoul-9726,45,92,Normal
2026-04-27 20:06:07.272945,Seoul-9726,49,30,Normal
2026-04-27 20:06:08.272945,Seoul-9726,19,23,Normal
2026-04-27 20:06:09.272945,Seoul-9726,39,56,Normal
2026-04-27 20:06:10.272945,Seoul-9726,33,48,Normal
2026-04-27 20:06:11.272945,Seoul-9726,27,7,Normal
2026-04-27 20:06:12.272945,Seoul-9726,7,58,Normal
2026-04-27 20:06:13.272945,Seoul-9726,47,24,Normal
2026-04-27 20:06:14.272945,Seoul-9726,-2,21,Normal
2026-04-27 20:06:15.272945,Seoul-9726,-10,44,Normal
2026-04-27 20:06:16.272945,Seoul-9726,34,97,Normal
2026-04-27 20:06:17.272945,Seoul-9726,33,79,Normal
2026-04-27 20:06:18.272945,Seoul-9726,19,61,Normal
2026-04-27 20:06:19.272945,Seoul-9726,-10,10,Normal
2026-04-27 20:06:20.272945,Seoul-9726,-17,59,Normal
2026-04-27 20:06:21.272945,Seoul-9726,-1,42,Normal
2026-04-27 20:06:22.272945,Seoul-9726,-5,59,Normal
2026-04-27 20:06:23.272945,Seoul-9726,2,72,Normal
2026-04-27 20:06:24.272945,Seoul-9726,33,85,Normal
2026-04-27 20:06:25.272945,Seoul-9726,19,2,Normal
2026-04-27 20:06:26.272945,Seoul-9726,-15,44,Normal
2026-04-27 20:06:27.272945,Seoul-9726,36,55,Normal
2026-04-27 20:06:28.272945,Seoul-9726,-8,0,Normal
2026-04-27 20:06:29.272945,Seoul-9726,42,2,Normal
2026-04-27 20:06:30.272945,Seoul-9726,-20,82,Normal
2026-04-27 20:06:31.272945,Seoul-9726,-28,87,Normal
2026-04-27 20:06:32.272945,Seoul-9726,28,34,Normal
2026-04-27 20:06:33.272945,Seoul-9726,-3,70,Normal
2026-04-27 20:06:34.272945,Seoul-9726,14,17,Normal
2026-04-27 20:06:35.272945,Seoul-9726,47,32,Normal
2026-04-27 20:06:36.272945,Seoul-9726,6,24,Normal
2026-04-27 20:06:37.272945,Seoul-9726,-30,43,Normal
2026-04-27 20:06:38.272945,Seoul-9726,24,48,Normal
2026-04-27 20:06:39.272945,Seoul-9726,-29,59,Normal
2026-04-27 20:06:40.272945,Seoul-9726,-10,37,Normal
2026-04-27 20:06:41.272945,Seoul-9726,4,54,Normal
2026-04-27 20:06:42.272945,Seoul-9726,27,35,Normal
2026-04-27 20:06:43.272945,Seoul-9726,32,66,Normal
2026-04-27 20:06:44.272945,Seoul-9726,-13,69,Normal
2026-04-27 20:06:45.272945,Seoul-9726,25,2,Normal
2026-04-27 20:06:46.272945,Seoul-9726,22,36,Normal
2026-04-27 20:06:47.272945,Seoul-9726,32,79,Normal
2026-04-27 20:06:48.272945,Seoul-9726,-8,22,Normal
2026-04-27 20:06:49.272945,Seoul-9726,-2,48,Normal
2026-04-27 20:06:50.272945,Seoul-9726,6,100,Normal
2026-04-27 20:06:51.272945,Seoul-9726,-20,26,Normal
2026-04-27 20:06:52.272945,Seoul-9726,-10,85,Normal
2026-04-27 20:06:53.272945,Seoul-9726,17,67,Normal
2026-04-27 20:06:54.272945,Seoul-9726,34,36,Normal
2026-04-27 20:06:55.272945,Seoul-9726,-28,0,Normal
2026-04-27 20:06:56.272945,Seoul-9726,-26,80,Normal
2026-04-27 20:06:57.272945,Seoul-9726,50,72,Normal
2026-04-27 20:06:58.272945,Seoul-9726,8,48,Normal
2026-04-27 20:06:59.272945,Seoul-9726,45,22,Normal
2026-04-27 20:07:00.272945,Seoul-9726,2,36,Normal
2026-04-27 20:07:01.272945,Seoul-9726,-8,70,Normal
2026-04-27 20:07:02.272945,Seoul-9726,5,24,Normal
2026-04-27 20:07:03.272945,Seoul-9726,5,62,Normal
2026-04-27 20:07:04.272945,Seoul-9726,-16,22,Normal
2026-04-27 20:07:05.272945,Seoul-9726,36,74,Normal
2026-04-27 20:07:06.272945,Seoul-9726,1,17,Normal
2026-04-27 20:07:07.272945,Seoul-9726,-2,64,Normal
2026-04-27 20:07:08.272945,Seoul-9726,-30,53,Normal
2026-04-27 20:07:09.272945,Seoul-9726,-9,1,Normal
2026-04-27 20:07:10.272945,Seoul-9726,19,97,Normal
2026-04-27 20:07:11.272945,Seoul-9726,35,95,Normal
2026-04-27 20:07:12.272945,Seoul-9726,49,79,Normal
2026-04-27 20:07:13.272945,Seoul-9726,49,25,Normal
2026-04-27 20:07:14.272945,Seoul-9726,13,90,Normal
2026-04-27 20:07:15.272945,Seoul-9726,-25,94,Normal
2026-04-27 20:07:16.272945,Seoul-9726,-16,59,Normal
2026-04-27 20:07:17.272945,Seoul-9726,27,40,Normal
2026-04-27 20:07:18.272945,Seoul-9726,-9,74,Normal
2026-04-27 20:07:19.272945,Seoul-9726,14,51,Normal
2026-04-27 20:07:20.272945,Seoul-9726,-23,44,Normal
2026-04-27 20:07:21.272945,Seoul-9726,-9,54,Normal
2026-04-27 20:07:22.272945,Seoul-9726,17,76,Normal
2026-04-27 20:07:23.272945,Seoul-9726,-12,59,Normal
2026-04-27 20:07:24.272945,Seoul-9726,33,53,Normal
2026-04-27 20:07:25.272945,Seoul-9726,43,57,Normal
2026-04-27 20:07:26.272945,Seoul-9726,-30,4,Normal
2026-04-27 20:07:27.272945,Seoul-9726,-3,59,Normal
2026-04-27 20:07:28.272945,Seoul-9726,-28,66,Normal
2026-04-27 20:07:29.272945,Seoul-9726,-8,80,Normal
2026-04-27 20:07:30.272945,Seoul-9726,43,98,Normal
2026-04-27 20:07:31.272945,Seoul-9726,7,30,Normal
2026-04-27 20:07:32.272945,Seoul-9726,32,70,Normal
2026-04-27 20:07:33.272945,Seoul-9726,48,73,Normal
2026-04-27 20:07:34.272945,Seoul-9726,-29,84,Normal
2026-04-27 20:07:35.272945,Seoul-9726,-19,46,Normal
2026-04-27 20:07:36.272945,Seoul-9726,29,60,Normal
2026-04-27 20:07:37.272945,Seoul-9726,17,89,Normal
2026-04-27 20:07:38.272945,Seoul-9726,-1,54,Normal
2026-04-27 20:07:39.272945,Seoul-9726,4,1,Normal
2026-04-27 20:07:40.272945,Seoul-9726,-2,98,Normal
2026-04-27 20:07:41.272945,Seoul-9726,7,93,Normal
2026-04-27 20:07:42.272945,Seoul-9726,30,83,Normal
2026-04-27 20:07:43.272945,Seoul-9726,-10,60,Normal
2026-04-27 20:07:44.272945,Seoul-9726,30,66,Normal
2026-04-27 20:07:45.272945,Seoul-9726,15,58,Normal
2026-04-27 20:07:46.272945,Seoul-9726,31,66,Normal
2026-04-27 20:07:47.272945,Seoul-9726,-11,80,Normal
2026-04-27 20:07:48.272945,Seoul-9726,14,55,Normal
2026-04-27 20:07:49.272945,Seoul-9726,-7,59,Normal
2026-04-27 20:07:50.272945,Seoul-9726,29,54,Normal
2026-04-27 20:07:51.272945,Seoul-9726,7,93,Normal
2026-04-27 20:07:52.272945,Seoul-9726,26,80,Normal
2026-04-27 20:07:53.272945,Seoul-9726,36,8,Normal
2026-04-27 20:07:54.272945,Seoul-9726,22,11,Normal
2026-04-27 20:07:55.272945,Seoul-9726,41,48,Normal
2026-04-27 20:07:56.272945,Seoul-9726,-11,32,Normal
2026-04-27 20:07:57.272945,Seoul-9726,5,28,Normal
2026-04-27 20:07:58.272945,Seoul-9726,47,88,Normal
2026-04-27 20:07:59.272945,Seoul-9726,24,50,Normal
2026-04-27 20:08:00.272945,Seoul-9726,-15,37,Normal
2026-04-27 20:08:01.272945,Seoul-9726,1,41,Normal
2026-04-27 20:08:02.272945,Seoul-9726,15,90,Normal
2026-04-27 20:08:03.272945,Seoul-9726,33,61,Normal
2026-04-27 20:08:04.272945,Seoul-9726,28,51,Normal
2026-04-27 20:08:05.272945,Seoul-9726,44,47,Normal
2026-04-27 20:08:06.272945,Seoul-9726,-29,56,Normal
2026-04-27 20:08:07.272945,Seoul-9726,-2,28,Normal
2026-04-27 20:08:08.272945,Seoul-9726,14,60,Normal
2026-04-27 20:08:09.272945,Seoul-9726,25,46,Normal
2026-04-27 20:08:10.272945,Seoul-9726,-13,32,Normal
2026-04-27 20:08:11.272945,Seoul-9726,5,59,Normal
2026-04-27 20:08:12.272945,Seoul-9726,19,87,Normal
2026-04-27 20:08:13.272945,Seoul-9726,-6,20,Normal
2026-04-27 20:08:14.272945,Seoul-9726,40,77,Normal
2026-04-27 20:08:15.272945,Seoul-9726,2,56,Normal
2026-04-27 20:08:16.272945,Seoul-9726,41,7,Normal
2026-04-27 20:08:17.272945,Seoul-9726,-27,25,Normal
2026-04-27 20:08:18.272945,Seoul-9726,-25,70,Normal
2026-04-27 20:08:19.272945,Seoul-9726,31,11,Normal
2026-04-27 20:08:20.272945,Seoul-9726,-4,63,Normal
2026-04-27 20:08:21.272945,Seoul-9726,35,65,Normal
2026-04-27 20:08:22.272945,Seoul-9726,-27,72,Normal
2026-04-27 20:08:23.272945,Seoul-9726,-26,64,Normal
2026-04-27 20:08:24.272945,Seoul-9726,10,67,Normal
2026-04-27 20:08:25.272945,Seoul-9726,-4,27,Normal
2026-04-27 20:08:26.272945,Seoul-9726,-3,3,Normal
2026-04-27 20:08:27.272945,Seoul-9726,-26,59,Normal
2026-04-27 20:08:28.272945,Seoul-9726,3,32,Normal
2026-04-27 20:08:29.272945,Seoul-9726,-24,90,Normal
2026-04-27 20:08:30.272945,Seoul-9726,29,66,Normal
2026-04-27 20:08:31.272945,Seoul-9726,6,81,Normal
2026-04-27 20:08:32.272945,Seoul-9726,46,96,Normal
2026-04-27 20:08:33.272945,Seoul-9726,35,42,Normal
2026-04-27 20:08:34.272945,Seoul-9726,-19,58,Normal
2026-04-27 20:08:35.272945,Seoul-9726,34,48,Normal
2026-04-27 20:08:36.272945,Seoul-9726,22,66,Normal
2026-04-27 20:08:37.272945,Seoul-9726,-3,49,Normal
2026-04-27 20:08:38.272945,Seoul-9726,-6,62,Normal
2026-04-27 20:08:39.272945,Seoul-9726,43,67,Normal
2026-04-27 20:08:40.272945,Seoul-9726,-5,79,Normal
2026-04-27 20:08:41.272945,Seoul-9726,40,32,Normal
2026-04-27 20:08:42.272945,Seoul-9726,-25,4,Normal
2026-04-27 20:08:43.272945,Seoul-9726,-17,28,Normal
2026-04-27 20:08:44.272945,Seoul-9726,11,82,Normal
2026-04-27 20:08:45.272945,Seoul-9726,-7,22,Normal
2026-04-27 20:08:46.272945,Seoul-9726,-20,31,Normal
2026-04-27 20:08:47.272945,Seoul-9726,39,76,Normal
2026-04-27 20:08:48.272945,Seoul-9726,22,32,Normal
2026-04-27 20:08:49.272945,Seoul-9726,-10,10,Normal
2026-04-27 20:08:50.272945,Seoul-9726,48,85,Normal
2026-04-27 20:08:51.272945,Seoul-9726,7,45,Normal
2026-04-27 20:08:52.272945,Seoul-9726,-30,37,Normal
2026-04-27 20:08:53.272945,Seoul-9726,14,34,Normal
2026-04-27 20:08:54.272945,Seoul-9726,32,100,Normal
2026-04-27 20:08:55.272945,Seoul-9726,7,79,Normal
2026-04-27 20:08:56.272945,Seoul-9726,-29,96,Normal
2026-04-27 20:08:57.272945,Seoul-9726,34,59,Normal
2026-04-27 20:08:58.272945,Seoul-9726,-28,54,Normal
2026-04-27 20:08:59.272945,Seoul-9726,6,89,Normal
2026-04-27 20:09:00.272945,Seoul-9726,25,5,Normal
2026-04-27 20:09:01.272945,Seoul-9726,37,46,Normal
2026-04-27 20:09:02.272945,Seoul-9726,43,90,Normal
2026-04-27 20:09:03.272945,Seoul-9726,42,25,Normal
2026-04-27 20:09:04.272945,Seoul-9726,22,60,Normal
2026-04-27 20:09:05.272945,Seoul-9726,-29,13,Normal
2026-04-27 20:09:06.272945,Seoul-9726,-1,79,Normal
2026-04-27 20:09:07.272945,Seoul-9726,27,87,Normal
2026-04-27 20:09:08.272945,Seoul-9726,42,98,Normal
2026-04-27 20:09:09.272945,Seoul-9726,-20,27,Normal
2026-04-27 20:09:10.272945,Seoul-9726,18,70,Normal
2026-04-27 20:09:11.272945,Seoul-9726,34,14,Normal
2026-04-27 20:09:12.272945,Seoul-9726,42,70,Normal
2026-04-27 20:09:13.272945,Seoul-9726,1,100,Normal
2026-04-27 20:09:14.272945,Seoul-9726,-28,20,Normal
2026-04-27 20:09:15.272945,Seoul-9726,-7,56,Normal
2026-04-27 20:09:16.272945,Seoul-9726,-28,19,Normal
2026-04-27 20:09:17.272945,Seoul-9726,31,73,Normal
2026-04-27 20:09:18.272945,Seoul-9726,-16,91,Normal
2026-04-27 20:09:19.272945,Seoul-9726,35,73,Normal
2026-04-27 20:09:20.272945,Seoul-9726,-26,70,Normal
2026-04-27 20:09:21.272945,Seoul-9726,40,31,Normal
2026-04-27 20:09:22.272945,Seoul-9726,-8,96,Normal
2026-04-27 20:09:23.272945,Seoul-9726,0,100,Normal
2026-04-27 20:09:24.272945,Seoul-9726,21,69,Normal
2026-04-27 20:09:25.272945,Seoul-9726,29,77,Normal
2026-04-27 20:09:26.272945,Seoul-9726,-26,93,Normal
2026-04-27 20:09:27.272945,Seoul-9726,10,67,Normal
2026-04-27 20:09:28.272945,Seoul-9726,0,0,Normal
2026-04-27 20:09:29.272945,Seoul-9726,-11,32,Normal
2026-04-27 20:09:30.272945,Seoul-9726,-7,39,Normal
2026-04-27 20:09:31.272945,Seoul-9726,-14,27,Normal
2026-04-27 20:09:32.272945,Seoul-9726,23,53,Normal
2026-04-27 20:09:33.272945,Seoul-9726,44,68,Normal
2026-04-27 20:09:34.272945,Seoul-9726,22,22,Normal
2026-04-27 20:09:35.272945,Seoul-9726,4,7,Normal
2026-04-27 20:09:36.272945,Seoul-9726,-8,54,Normal
2026-04-27 20:09:37.272945,Seoul-9726,-11,56,Normal
2026-04-27 20:09:38.272945,Seoul-9726,46,98,Normal
2026-04-27 20:09:39.272945,Seoul-9726,-28,91,Normal
2026-04-27 20:09:40.272945,Seoul-9726,-26,65,Normal
2026-04-27 20:09:41.272945,Seoul-9726,1,50,Normal
2026-04-27 20:09:42.272945,Seoul-9726,13,17,Normal
2026-04-27 20:09:43.272945,Seoul-9726,-9,15,Normal
2026-04-27 20:09:44.272945,Seoul-9726,46,65,Normal
2026-04-27 20:09:45.272945,Seoul-9726,18,52,Normal
2026-04-27 20:09:46.272945,Seoul-9726,-6,18,Normal
2026-04-27 20:09:47.272945,Seoul-9726,27,70,Normal
2026-04-27 20:09:48.272945,Seoul-9726,-6,70,Normal
2026-04-27 20:09:49.272945,Seoul-9726,14,46,Normal
2026-04-27 20:09:50.272945,Seoul-9726,6,89,Normal
2026-04-27 20:09:51.272945,Seoul-9726,3,60,Normal
2026-04-27 20:09:52.272945,Seoul-9726,34,32,Normal
2026-04-27 20:09:53.272945,Seoul-9726,43,84,Normal
2026-04-27 20:09:54.272945,Seoul-9726,-11,46,Normal
2026-04-27 20:09:55.272945,Seoul-9726,20,85,Normal
2026-04-27 20:09:56.272945,Seoul-9726,24,4,Normal
2026-04-27 20:09:57.272945,Seoul-9726,19,58,Normal
2026-04-27 20:09:58.272945,Seoul-9726,-13,9,Normal
2026-04-27 20:09:59.272945,Seoul-9726,27,79,Normal
2026-04-27 20:10:00.272945,Seoul-9726,21,92,Normal
2026-04-27 20:10:01.272945,Seoul-9726,37,4,Normal
2026-04-27 20:10:02.272945,Seoul-9726,29,53,Normal
2026-04-27 20:10:03.272945,Seoul-9726,35,34,Normal
2026-04-27 20:10:04.272945,Seoul-9726,-7,36,Normal
2026-04-27 20:10:05.272945,Seoul-9726,14,16,Normal
2026-04-27 20:10:06.272945,Seoul-9726,-7,38,Normal
2026-04-27 20:10:07.272945,Seoul-9726,50,9,Normal
2026-04-27 20:10:08.272945,Seoul-9726,-14,50,Normal
2026-04-27 20:10:09.272945,Seoul-9726,-26,64,Normal
2026-04-27 20:10:10.272945,Seoul-9726,35,78,Normal
2026-04-27 20:10:11.272945,Seoul-9726,3,85,Normal
2026-04-27 20:10:12.272945,Seoul-9726,23,27,Normal
2026-04-27 20:10:13.272945,Seoul-9726,-6,10,Normal
2026-04-27 20:10:14.272945,Seoul-9726,-6,37,Normal
2026-04-27 20:10:15.272945,Seoul-9726,2,0,Normal
2026-04-27 20:10:16.272945,Seoul-9726,-23,98,Normal
2026-04-27 20:10:17.272945,Seoul-9726,-6,90,Normal
2026-04-27 20:10:18.272945,Seoul-9726,-30,64,Normal
2026-04-27 20:10:19.272945,Seoul-9726,25,94,Normal
2026-04-27 20:10:20.272945,Seoul-9726,-21,31,Normal
2026-04-27 20:10:21.272945,Seoul-9726,-2,13,Normal
2026-04-27 20:10:22.272945,Seoul-9726,-1,43,Normal
2026-04-27 20:10:23.272945,Seoul-9726,-24,59,Normal
2026-04-27 20:10:24.272945,Seoul-9726,6,91,Normal
2026-04-27 20:10:25.272945,Seoul-9726,-25,24,Normal
2026-04-27 20:10:26.272945,Seoul-9726,22,61,Normal
2026-04-27 20:10:27.272945,Seoul-9726,-6,95,Normal
2026-04-27 20:10:28.272945,Seoul-9726,18,18,Normal
2026-04-27 20:10:29.272945,Seoul-9726,-30,79,Normal
2026-04-27 20:10:30.272945,Seoul-9726,7,50,Normal
2026-04-27 20:10:31.272945,Seoul-9726,50,18,Normal
2026-04-27 20:10:32.272945,Seoul-9726,3,24,Normal
2026-04-27 20:10:33.272945,Seoul-9726,27,57,Normal
2026-04-27 20:10:34.272945,Seoul-9726,21,76,Normal
2026-04-27 20:10:35.272945,Seoul-9726,9,75,Normal
2026-04-27 20:10:36.272945,Seoul-9726,21,61,Normal
2026-04-27 20:10:37.272945,Seoul-9726,-10,23,Normal
2026-04-27 20:10:38.272945,Seoul-9726,31,19,Normal
2026-04-27 20:10:39.272945,Seoul-9726,-23,1,Normal
2026-04-27 20:10:40.272945,Seoul-9726,45,1,Normal
2026-04-27 20:10:41.272945,Seoul-9726,11,84,Normal
2026-04-27 20:10:42.272945,Seoul-9726,20,32,Normal
2026-04-27 20:10:43.272945,Seoul-9726,42,58,Normal
2026-04-27 20:10:44.272945,Seoul-9726,10,4,Normal
2026-04-27 20:10:45.272945,Seoul-9726,-22,32,Normal
2026-04-27 20:10:46.272945,Seoul-9726,-22,2,Normal
2026-04-27 20:10:47.272945,Seoul-9726,48,75,Normal
2026-04-27 20:10:48.272945,Seoul-9726,-12,29,Normal
2026-04-27 20:10:49.272945,Seoul-9726,21,55,Normal
2026-04-27 20:10:50.272945,Seoul-9726,22,52,Normal
2026-04-27 20:10:51.272945,Seoul-9726,4,92,Normal
2026-04-27 20:10:52.272945,Seoul-9726,29,93,Normal
2026-04-27 20:10:53.272945,Seoul-9726,12,8,Normal
2026-04-27 20:10:54.272945,Seoul-9726,36,29,Normal
2026-04-27 20:10:55.272945,Seoul-9726,0,85,Normal
2026-04-27 20:10:56.272945,Seoul-9726,4,35,Normal
2026-04-27 20:10:57.272945,Seoul-9726,-6,78,Normal
2026-04-27 20:10:58.272945,Seoul-9726,30,69,Normal
2026-04-27 20:10:59.272945,Seoul-9726,-15,12,Normal
2026-04-27 20:11:00.272945,Seoul-9726,-4,42,Normal
2026-04-27 20:11:01.272945,Seoul-9726,-21,54,Normal
2026-04-27 20:11:02.272945,Seoul-9726,38,95,Normal
2026-04-27 20:11:03.272945,Seoul-9726,5,5,Normal
2026-04-27 20:11:04.272945,Seoul-9726,25,72,Normal
2026-04-27 20:11:05.272945,Seoul-9726,-16,28,Normal
2026-04-27 20:11:06.272945,Seoul-9726,-2,9,Normal
2026-04-27 20:11:07.272945,Seoul-9726,41,59,Normal
2026-04-27 20:11:08.272945,Seoul-9726,-30,82,Normal
2026-04-27 20:11:09.272945,Seoul-9726,13,47,Normal
2026-04-27 20:11:10.272945,Seoul-9726,27,97,Normal
2026-04-27 20:11:11.272945,Seoul-9726,-20,79,Normal
2026-04-27 20:11:12.272945,Seoul-9726,28,88,Normal
2026-04-27 20:11:13.272945,Seoul-9726,40,62,Normal
2026-04-27 20:11:14.272945,Seoul-9726,-6,35,Normal
2026-04-27 20:11:15.272945,Seoul-9726,45,43,Normal
2026-04-27 20:11:16.272945,Seoul-9726,-19,15,Normal
2026-04-27 20:11:17.272945,Seoul-9726,15,60,Normal
2026-04-27 20:11:18.272945,Seoul-9726,-25,19,Normal
2026-04-27 20:11:19.272945,Seoul-9726,38,89,Normal
2026-04-27 20:11:20.272945,Seoul-9726,24,74,Normal
2026-04-27 20:11:21.272945,Seoul-9726,37,69,Normal
2026-04-27 20:11:22.272945,Seoul-9726,18,83,Normal
2026-04-27 20:11:23.272945,Seoul-9726,-12,88,Normal
2026-04-27 20:11:24.272945,Seoul-9726,29,92,Normal
2026-04-27 20:11:25.272945,Seoul-9726,30,18,Normal
2026-04-27 20:11:26.272945,Seoul-9726,-11,43,Normal
2026-04-27 20:11:27.272945,Seoul-9726,37,99,Normal
2026-04-27 20:11:28.272945,Seoul-9726,37,47,Normal
2026-04-27 20:11:29.272945,Seoul-9726,28,94,Normal
2026-04-27 20:11:30.272945,Seoul-9726,48,60,Normal
2026-04-27 20:11:31.272945,Seoul-9726,-20,15,Normal
2026-04-27 20:11:32.272945,Seoul-9726,12,4,Normal
2026-04-27 20:11:33.272945,Seoul-9726,43,84,Normal
2026-04-27 20:11:34.272945,Seoul-9726,31,67,Normal
2026-04-27 20:11:35.272945,Seoul-9726,14,72,Normal
2026-04-27 20:11:36.272945,Seoul-9726,5,63,Normal
2026-04-27 20:11:37.272945,Seoul-9726,-16,34,Normal
2026-04-27 20:11:38.272945,Seoul-9726,45,100,Normal
2026-04-27 20:11:39.272945,Seoul-9726,-11,23,Normal
2026-04-27 20:11:40.272945,Seoul-9726,30,47,Normal
2026-04-27 20:11:41.272945,Seoul-9726,4,25,Normal
2026-04-27 20:11:42.272945,Seoul-9726,-21,98,Normal
2026-04-27 20:11:43.272945,Seoul-9726,-25,29,Normal
2026-04-27 20:11:44.272945,Seoul-9726,-3,25,Normal
2026-04-27 20:11:45.272945,Seoul-9726,-25,15,Normal
2026-04-27 20:11:46.272945,Seoul-9726,34,89,Normal
2026-04-27 20:11:47.272945,Seoul-9726,47,25,Normal
2026-04-27 20:11:48.272945,Seoul-9726,33,50,Normal
2026-04-27 20:11:49.272945,Seoul-9726,-11,45,Normal
2026-04-27 20:11:50.272945,Seoul-9726,-9,76,Normal
2026-04-27 20:11:51.272945,Seoul-9726,-5,88,Normal
2026-04-27 20:11:52.272945,Seoul-9726,21,17,Normal
2026-04-27 20:11:53.272945,Seoul-9726,47,60,Normal
2026-04-27 20:11:54.272945,Seoul-9726,23,56,Normal
2026-04-27 20:11:55.272945,Seoul-9726,49,7,Normal
2026-04-27 20:11:56.272945,Seoul-9726,-2,22,Normal
2026-04-27 20:11:57.272945,Seoul-9726,-27,85,Normal
2026-04-27 20:11:58.272945,Seoul-9726,18,59,Normal
2026-04-27 20:11:59.272945,Seoul-9726,14,18,Normal
2026-04-27 20:12:00.272945,Seoul-9726,3,84,Normal
2026-04-27 20:12:01.272945,Seoul-9726,12,13,Normal
2026-04-27 20:12:02.272945,Seoul-9726,-16,60,Normal
2026-04-27 20:12:03.272945,Seoul-9726,-13,97,Normal
2026-04-27 20:12:04.272945,Seoul-9726,-9,32,Normal
2026-04-27 20:12:05.272945,Seoul-9726,45,77,Normal
2026-04-27 20:12:06.272945,Seoul-9726,-18,83,Normal
2026-04-27 20:12:07.272945,Seoul-9726,37,34,Normal
2026-04-27 20:12:08.272945,Seoul-9726,21,23,Normal
2026-04-27 20:12:09.272945,Seoul-9726,14,28,Normal
2026-04-27 20:12:10.272945,Seoul-9726,-15,2,Normal
2026-04-27 20:12:11.272945,Seoul-9726,0,55,Normal
2026-04-27 20:12:12.272945,Seoul-9726,24,43,Normal
2026-04-27 20:12:13.272945,Seoul-9726,23,1,Normal
2026-04-27 20:12:14.272945,Seoul-9726,-21,55,Normal
2026-04-27 20:12:15.272945,Seoul-9726,22,93,Normal
2026-04-27 20:12:16.272945,Seoul-9726,47,4,Normal
2026-04-27 20:12:17.272945,Seoul-9726,50,18,Normal
2026-04-27 20:12:18.272945,Seoul-9726,14,56,Normal
2026-04-27 20:12:19.272945,Seoul-9726,-11,71,Normal
2026-04-27 20:12:20.272945,Seoul-9726,5,13,Normal
2026-04-27 20:12:21.272945,Seoul-9726,-5,75,Normal
2026-04-27 20:12:22.272945,Seoul-9726,15,36,Normal
2026-04-27 20:12:23.272945,Seoul-9726,15,45,Normal
2026-04-27 20:12:24.272945,Seoul-9726,2,28,Normal
2026-04-27 20:12:25.272945,Seoul-9726,14,18,Normal
2026-04-27 20:12:26.272945,Seoul-9726,4,53,Normal
2026-04-27 20:12:27.272945,Seoul-9726,16,39,Normal
2026-04-27 20:12:28.272945,Seoul-9726,35,31,Normal
2026-04-27 20:12:29.272945,Seoul-9726,48,46,Normal
2026-04-27 20:12:30.272945,Seoul-9726,15,55,Normal
2026-04-27 20:12:31.272945,Seoul-9726,50,73,Normal
2026-04-27 20:12:32.272945,Seoul-9726,-10,9,Normal
2026-04-27 20:12:33.272945,Seoul-9726,13,35,Normal
2026-04-27 20:12:34.272945,Seoul-9726,19,91,Normal
2026-04-27 20:12:35.272945,Seoul-9726,1,85,Normal
2026-04-27 20:12:36.272945,Seoul-9726,-29,23,Normal
2026-04-27 20:12:37.272945,Seoul-9726,-16,93,Normal
2026-04-27 20:12:38.272945,Seoul-9726,5,58,Normal
2026-04-27 20:12:39.272945,Seoul-9726,24,5,Normal
2026-04-27 20:12:40.272945,Seoul-9726,35,48,Normal
2026-04-27 20:12:41.272945,Seoul-9726,29,48,Normal
2026-04-27 20:12:42.272945,Seoul-9726,40,84,Normal
2026-04-27 20:12:43.272945,Seoul-9726,10,70,Normal
2026-04-27 20:12:44.272945,Seoul-9726,40,39,Normal
2026-04-27 20:12:45.272945,Seoul-9726,-5,85,Normal
2026-04-27 20:12:46.272945,Seoul-9726,46,19,Normal
2026-04-27 20:12:47.272945,Seoul-9726,-10,8,Normal
2026-04-27 20:12:48.272945,Seoul-9726,8,22,Normal
2026-04-27 20:12:49.272945,Seoul-9726,13,84,Normal
2026-04-27 20:12:50.272945,Seoul-9726,12,57,Normal
2026-04-27 20:12:51.272945,Seoul-9726,-15,84,Normal
2026-04-27 20:12:52.272945,Seoul-9726,-2,79,Normal
2026-04-27 20:12:53.272945,Seoul-9726,26,67,Normal
2026-04-27 20:12:54.272945,Seoul-9726,-9,10,Normal
2026-04-27 20:12:55.272945,Seoul-9726,45,32,Normal
2026-04-27 20:12:56.272945,Seoul-9726,-26,61,Normal
2026-04-27 20:12:57.272945,Seoul-9726,-3,67,Normal
2026-04-27 20:12:58.272945,Seoul-9726,1,88,Normal
2026-04-27 20:12:59.272945,Seoul-9726,26,86,Normal
2026-04-27 20:13:00.272945,Seoul-9726,4,54,Normal
2026-04-27 20:13:01.272945,Seoul-9726,9,6,Normal
2026-04-27 20:13:02.272945,Seoul-9726,46,60,Normal
2026-04-27 20:13:03.272945,Seoul-9726,30,74,Normal
2026-04-27 20:13:04.272945,Seoul-9726,21,97,Normal
2026-04-27 20:13:05.272945,Seoul-9726,9,41,Normal
2026-04-27 20:13:06.272945,Seoul-9726,40,34,Normal
2026-04-27 20:13:07.272945,Seoul-9726,31,15,Normal
2026-04-27 20:13:08.272945,Seoul-9726,18,80,Normal
2026-04-27 20:13:09.272945,Seoul-9726,-18,86,Normal
2026-04-27 20:13:10.272945,Seoul-9726,-16,6,Normal
2026-04-27 20:13:11.272945,Seoul-9726,-11,9,Normal
2026-04-27 20:13:12.272945,Seoul-9726,47,21,Normal
2026-04-27 20:13:13.272945,Seoul-9726,-20,73,Normal
2026-04-27 20:13:14.272945,Seoul-9726,23,39,Normal
2026-04-27 20:13:15.272945,Seoul-9726,35,45,Normal
2026-04-27 20:13:16.272945,Seoul-9726,-28,64,Normal
2026-04-27 20:13:17.272945,Seoul-9726,6,41,Normal
2026-04-27 20:13:18.272945,Seoul-9726,-26,63,Normal
2026-04-27 20:13:19.272945,Seoul-9726,-21,61,Normal
2026-04-27 20:13:20.272945,Seoul-9726,-29,67,Normal
2026-04-27 20:13:21.272945,Seoul-9726,3,91,Normal
2026-04-27 20:13:22.272945,Seoul-9726,3,7,Normal
2026-04-27 20:13:23.272945,Seoul-9726,-9,8,Normal
2026-04-27 20:13:24.272945,Seoul-9726,30,5,Normal
2026-04-27 20:13:25.272945,Seoul-9726,-15,59,Normal
2026-04-27 20:13:26.272945,Seoul-9726,24,80,Normal
2026-04-27 20:13:27.272945,Seoul-9726,-20,86,Normal
2026-04-27 20:13:28.272945,Seoul-9726,42,74,Normal
2026-04-27 20:13:29.272945,Seoul-9726,-15,47,Normal
2026-04-27 20:13:30.272945,Seoul-9726,49,42,Normal
2026-04-27 20:13:31.272945,Seoul-9726,39,66,Normal
2026-04-27 20:13:32.272945,Seoul-9726,43,47,Normal
2026-04-27 20:13:33.272945,Seoul-9726,11,26,Normal
2026-04-27 20:13:34.272945,Seoul-9726,50,89,Normal
2026-04-27 20:13:35.272945,Seoul-9726,44,44,Normal
2026-04-27 20:13:36.272945,Seoul-9726,31,37,Normal
2026-04-27 20:13:37.272945,Seoul-9726,44,32,Normal
2026-04-27 20:13:38.272945,Seoul-9726,46,9,Normal
2026-04-27 20:13:39.272945,Seoul-9726,-1,6,Normal
2026-04-27 20:13:40.272945,Seoul-9726,39,39,Normal
2026-04-27 20:13:41.272945,Seoul-9726,1,16,Normal
2026-04-27 20:13:42.272945,Seoul-9726,6,16,Normal
2026-04-27 20:13:43.272945,Seoul-9726,23,54,Normal
2026-04-27 20:13:44.272945,Seoul-9726,30,90,Normal
2026-04-27 20:13:45.272945,Seoul-9726,33,60,Normal
2026-04-27 20:13:46.272945,Seoul-9726,13,51,Normal
2026-04-27 20:13:47.272945,Seoul-9726,44,6,Normal
2026-04-27 20:13:48.272945,Seoul-9726,27,53,Normal
2026-04-27 20:13:49.272945,Seoul-9726,49,92,Normal
2026-04-27 20:13:50.272945,Seoul-9726,38,77,Normal
2026-04-27 20:13:51.272945,Seoul-9726,45,81,Normal
2026-04-27 20:13:52.272945,Seoul-9726,-13,79,Normal
2026-04-27 20:13:53.272945,Seoul-9726,-8,60,Normal
2026-04-27 20:13:54.272945,Seoul-9726,-16,30,Normal
2026-04-27 20:13:55.272945,Seoul-9726,-9,30,Normal
2026-04-27 20:13:56.272945,Seoul-9726,-8,52,Normal
2026-04-27 20:13:57.272945,Seoul-9726,16,69,Normal
2026-04-27 20:13:58.272945,Seoul-9726,40,20,Normal
2026-04-27 20:13:59.272945,Seoul-9726,-22,83,Normal
2026-04-27 20:14:00.272945,Seoul-9726,19,0,Normal
2026-04-27 20:14:01.272945,Seoul-9726,2,0,Normal
2026-04-27 20:14:02.272945,Seoul-9726,5,39,Normal
2026-04-27 20:14:03.272945,Seoul-9726,50,7,Normal
2026-04-27 20:14:04.272945,Seoul-9726,44,53,Normal
2026-04-27 20:14:05.272945,Seoul-9726,-19,7,Normal
2026-04-27 20:14:06.272945,Seoul-9726,11,22,Normal
2026-04-27 20:14:07.272945,Seoul-9726,43,47,Normal
2026-04-27 20:14:08.272945,Seoul-9726,33,7,Normal
2026-04-27 20:14:09.272945,Seoul-9726,30,45,Normal
2026-04-27 20:14:10.272945,Seoul-9726,-10,27,Normal
2026-04-27 20:14:11.272945,Seoul-9726,20,69,Normal
2026-04-27 20:14:12.272945,Seoul-9726,22,1,Normal
2026-04-27 20:14:13.272945,Seoul-9726,27,80,Normal
2026-04-27 20:14:14.272945,Seoul-9726,-23,35,Normal
2026-04-27 20:14:15.272945,Seoul-9726,-9,24,Normal
2026-04-27 20:14:16.272945,Seoul-9726,23,79,Normal
2026-04-27 20:14:17.272945,Seoul-9726,39,17,Normal
2026-04-27 20:14:18.272945,Seoul-9726,-14,96,Normal
2026-04-27 20:14:19.272945,Seoul-9726,4,100,Normal
2026-04-27 20:14:20.272945,Seoul-9726,-6,42,Normal
2026-04-27 20:14:21.272945,Seoul-9726,34,77,Normal
2026-04-27 20:14:22.272945,Seoul-9726,-23,78,Normal
2026-04-27 20:14:23.272945,Seoul-9726,10,30,Normal
2026-04-27 20:14:24.272945,Seoul-9726,18,84,Normal
2026-04-27 20:14:25.272945,Seoul-9726,11,70,Normal
2026-04-27 20:14:26.272945,Seoul-9726,23,66,Normal
2026-04-27 20:14:27.272945,Seoul-9726,10,79,Normal
2026-04-27 20:14:28.272945,Seoul-9726,-10,72,Normal
2026-04-27 20:14:29.272945,Seoul-9726,-17,8,Normal
2026-04-27 20:14:30.272945,Seoul-9726,-24,13,Normal
2026-04-27 20:14:31.272945,Seoul-9726,3,45,Normal
2026-04-27 20:14:32.272945,Seoul-9726,6,44,Normal
2026-04-27 20:14:33.272945,Seoul-9726,-15,26,Normal
2026-04-27 20:14:34.272945,Seoul-9726,15,25,Normal
2026-04-27 20:14:35.272945,Seoul-9726,22,63,Normal
2026-04-27 20:14:36.272945,Seoul-9726,11,51,Normal
2026-04-27 20:14:37.272945,Seoul-9726,-15,60,Normal
2026-04-27 20:14:38.272945,Seoul-9726,5,51,Normal
2026-04-27 20:14:39.272945,Seoul-9726,33,17,Normal
2026-04-27 20:14:40.272945,Seoul-9726,-21,73,Normal
2026-04-27 20:14:41.272945,Seoul-9726,12,1,Normal
2026-04-27 20:14:42.272945,Seoul-9726,30,36,Normal
2026-04-27 20:14:43.272945,Seoul-9726,-27,6,Normal
2026-04-27 20:14:44.272945,Seoul-9726,-1,23,Normal
2026-04-27 20:14:45.272945,Seoul-9726,17,11,Normal
2026-04-27 20:14:46.272945,Seoul-9726,-30,4,Normal
2026-04-27 20:14:47.272945,Seoul-9726,0,35,Normal
2026-04-27 20:14:48.272945,Seoul-9726,-2,6,Normal
2026-04-27 20:14:49.272945,Seoul-9726,35,69,Normal
2026-04-27 20:14:50.272945,Seoul-9726,-2,16,Normal
2026-04-27 20:14:51.272945,Seoul-9726,34,29,Normal
2026-04-27 20:14:52.272945,Seoul-9726,-21,95,Normal
2026-04-27 20:14:53.272945,Seoul-9726,-19,34,Normal
2026-04-27 20:14:54.272945,Seoul-9726,17,86,Normal
2026-04-27 20:14:55.272945,Seoul-9726,-2,22,Normal
2026-04-27 20:14:56.272945,Seoul-9726,-30,93,Normal
2026-04-27 20:14:57.272945,Seoul-9726,48,19,Normal
2026-04-27 20:14:58.272945,Seoul-9726,1,7,Normal
2026-04-27 20:14:59.272945,Seoul-9726,17,74,Normal
2026-04-27 20:15:00.272945,Seoul-9726,-29,18,Normal
2026-04-27 20:15:01.272945,Seoul-9726,20,49,Normal
2026-04-27 20:15:02.272945,Seoul-9726,34,67,Normal
2026-04-27 20:15:03.272945,Seoul-9726,41,3,Normal
2026-04-27 20:15:04.272945,Seoul-9726,-9,61,Normal
2026-04-27 20:15:05.272945,Seoul-9726,-29,56,Normal
2026-04-27 20:15:06.272945,Seoul-9726,-23,4,Normal
2026-04-27 20:15:07.272945,Seoul-9726,-30,92,Normal
2026-04-27 20:15:08.272945,Seoul-9726,21,55,Normal
2026-04-27 20:15:09.272945,Seoul-9726,-21,70,Normal
2026-04-27 20:15:10.272945,Seoul-9726,41,89,Normal
2026-04-27 20:15:11.272945,Seoul-9726,3,15,Normal
2026-04-27 20:15:12.272945,Seoul-9726,-6,79,Normal
2026-04-27 20:15:13.272945,Seoul-9726,-17,20,Normal
2026-04-27 20:15:14.272945,Seoul-9726,34,37,Normal
2026-04-27 20:15:15.272945,Seoul-9726,37,28,Normal
2026-04-27 20:15:16.272945,Seoul-9726,8,44,Normal
2026-04-27 20:15:17.272945,Seoul-9726,-25,30,Normal
2026-04-27 20:15:18.272945,Seoul-9726,-24,43,Normal
2026-04-27 20:15:19.272945,Seoul-9726,39,39,Normal
2026-04-27 20:15:20.272945,Seoul-9726,-18,51,Normal
2026-04-27 20:15:21.272945,Seoul-9726,42,13,Normal
2026-04-27 20:15:22.272945,Seoul-9726,13,51,Normal
2026-04-27 20:15:23.272945,Seoul-9726,14,53,Normal
2026-04-27 20:15:24.272945,Seoul-9726,26,39,Normal
2026-04-27 20:15:25.272945,Seoul-9726,31,49,Normal
2026-04-27 20:15:26.272945,Seoul-9726,-10,35,Normal
2026-04-27 20:15:27.272945,Seoul-9726,14,10,Normal
2026-04-27 20:15:28.272945,Seoul-9726,-1,19,Normal
2026-04-27 20:15:29.272945,Seoul-9726,20,29,Normal
2026-04-27 20:15:30.272945,Seoul-9726,1,5,Normal
2026-04-27 20:15:31.272945,Seoul-9726,11,65,Normal
2026-04-27 20:15:32.272945,Seoul-9726,25,15,Normal
2026-04-27 20:15:33.272945,Seoul-9726,-16,51,Normal
2026-04-27 20:15:34.272945,Seoul-9726,21,52,Normal
2026-04-27 20:15:35.272945,Seoul-9726,0,6,Normal
2026-04-27 20:15:36.272945,Seoul-9726,6,75,Normal
2026-04-27 20:15:37.272945,Seoul-9726,22,61,Normal
2026-04-27 20:15:38.272945,Seoul-9726,0,1,Normal
2026-04-27 20:15:39.272945,Seoul-9726,-1,80,Normal
2026-04-27 20:15:40.272945,Seoul-9726,0,90,Normal
2026-04-27 20:15:41.272945,Seoul-9726,6,67,Normal
2026-04-27 20:15:42.272945,Seoul-9726,21,67,Normal
2026-04-27 20:15:43.272945,Seoul-9726,-11,65,Normal
2026-04-27 20:15:44.272945,Seoul-9726,33,8,Normal
2026-04-27 20:15:45.272945,Seoul-9726,42,97,Normal
2026-04-27 20:15:46.272945,Seoul-9726,44,34,Normal
2026-04-27 20:15:47.272945,Seoul-9726,-2,50,Normal
2026-04-27 20:15:48.272945,Seoul-9726,35,65,Normal
2026-04-27 20:15:49.272945,Seoul-9726,-4,33,Normal
2026-04-27 20:15:50.272945,Seoul-9726,2,73,Normal
2026-04-27 20:15:51.272945,Seoul-9726,-9,17,Normal
2026-04-27 20:15:52.272945,Seoul-9726,19,42,Normal
2026-04-27 20:15:53.272945,Seoul-9726,-9,10,Normal
2026-04-27 20:15:54.272945,Seoul-9726,47,68,Normal
2026-04-27 20:15:55.272945,Seoul-9726,-4,41,Normal
2026-04-27 20:15:56.272945,Seoul-9726,36,100,Normal
2026-04-27 20:15:57.272945,Seoul-9726,18,63,Normal
2026-04-27 20:15:58.272945,Seoul-9726,12,34,Normal
2026-04-27 20:15:59.272945,Seoul-9726,40,53,Normal
2026-04-27 20:16:00.272945,Seoul-9726,-25,64,Normal
2026-04-27 20:16:01.272945,Seoul-9726,-27,29,Normal
2026-04-27 20:16:02.272945,Seoul-9726,46,100,Normal
2026-04-27 20:16:03.272945,Seoul-9726,8,22,Normal
2026-04-27 20:16:04.272945,Seoul-9726,-15,55,Normal
2026-04-27 20:16:05.272945,Seoul-9726,-13,42,Normal
2026-04-27 20:16:06.272945,Seoul-9726,-23,73,Normal
2026-04-27 20:16:07.272945,Seoul-9726,42,46,Normal
2026-04-27 20:16:08.272945,Seoul-9726,-10,77,Normal
2026-04-27 20:16:09.272945,Seoul-9726,-22,82,Normal
2026-04-27 20:16:10.272945,Seoul-9726,-26,51,Normal
2026-04-27 20:16:11.272945,Seoul-9726,5,20,Normal
2026-04-27 20:16:12.272945,Seoul-9726,35,34,Normal
2026-04-27 20:16:13.272945,Seoul-9726,-26,88,Normal
2026-04-27 20:16:14.272945,Seoul-9726,36,22,Normal
2026-04-27 20:16:15.272945,Seoul-9726,-9,55,Normal
2026-04-27 20:16:16.272945,Seoul-9726,-25,64,Normal
2026-04-27 20:16:17.272945,Seoul-9726,-10,96,Normal
2026-04-27 20:16:18.272945,Seoul-9726,12,20,Normal
2026-04-27 20:16:19.272945,Seoul-9726,-4,13,Normal
2026-04-27 20:16:20.272945,Seoul-9726,-5,80,Normal
2026-04-27 20:16:21.272945,Seoul-9726,41,77,Normal
2026-04-27 20:16:22.272945,Seoul-9726,44,17,Normal
2026-04-27 20:16:23.272945,Seoul-9726,2,20,Normal
2026-04-27 20:16:24.272945,Seoul-9726,50,22,Normal
2026-04-27 20:16:25.272945,Seoul-9726,21,70,Normal
2026-04-27 20:16:26.272945,Seoul-9726,-20,45,Normal
2026-04-27 20:16:27.272945,Seoul-9726,0,96,Normal
2026-04-27 20:16:28.272945,Seoul-9726,27,45,Normal
2026-04-27 20:16:29.272945,Seoul-9726,18,82,Normal
2026-04-27 20:16:30.272945,Seoul-9726,-26,57,Normal
2026-04-27 20:16:31.272945,Seoul-9726,-30,83,Normal
2026-04-27 20:16:32.272945,Seoul-9726,5,3,Normal
2026-04-27 20:16:33.272945,Seoul-9726,28,47,Normal
2026-04-27 20:16:34.272945,Seoul-9726,-3,19,Normal
2026-04-27 20:16:35.272945,Seoul-9726,-26,68,Normal
2026-04-27 20:16:36.272945,Seoul-9726,-12,58,Normal
2026-04-27 20:16:37.272945,Seoul-9726,-13,97,Normal
2026-04-27 20:16:38.272945,Seoul-9726,14,73,Normal
2026-04-27 20:16:39.272945,Seoul-9726,-17,58,Normal
2026-04-27 20:16:40.272945,Seoul-9726,-2,58,Normal
2026-04-27 20:16:41.272945,Seoul-9726,-19,43,Normal
2026-04-27 20:16:42.272945,Seoul-9726,11,33,Normal
2026-04-27 20:16:43.272945,Seoul-9726,-10,76,Normal
2026-04-27 20:16:44.272945,Seoul-9726,14,43,Normal
2026-04-27 20:16:45.272945,Seoul-9726,0,55,Normal
2026-04-27 20:16:46.272945,Seoul-9726,-18,52,Normal
2026-04-27 20:16:47.272945,Seoul-9726,-15,80,Normal
2026-04-27 20:16:48.272945,Seoul-9726,25,12,Normal
2026-04-27 20:16:49.272945,Seoul-9726,10,61,Normal
2026-04-27 20:16:50.272945,Seoul-9726,30,2,Normal
2026-04-27 20:16:51.272945,Seoul-9726,1,66,Normal
2026-04-27 20:16:52.272945,Seoul-9726,-23,40,Normal
2026-04-27 20:16:53.272945,Seoul-9726,-9,87,Normal
2026-04-27 20:16:54.272945,Seoul-9726,6,61,Normal
2026-04-27 20:16:55.272945,Seoul-9726,-3,46,Normal
2026-04-27 20:16:56.272945,Seoul-9726,-10,43,Normal
2026-04-27 20:16:57.272945,Seoul-9726,48,28,Normal
2026-04-27 20:16:58.272945,Seoul-9726,-29,52,Normal
2026-04-27 20:16:59.272945,Seoul-9726,-7,91,Normal
2026-04-27 20:17:00.272945,Seoul-9726,-2,2,Normal
2026-04-27 20:17:01.272945,Seoul-9726,-21,68,Normal
2026-04-27 20:17:02.272945,Seoul-9726,-20,96,Normal
2026-04-27 20:17:03.272945,Seoul-9726,15,17,Normal
2026-04-27 20:17:04.272945,Seoul-9726,-25,74,Normal
2026-04-27 20:17:05.272945,Seoul-9726,0,10,Normal
2026-04-27 20:17:06.272945,Seoul-9726,33,59,Normal
2026-04-27 20:17:07.272945,Seoul-9726,-11,31,Normal
2026-04-27 20:17:08.272945,Seoul-9726,1,76,Normal
2026-04-27 20:17:09.272945,Seoul-9726,25,67,Normal
2026-04-27 20:17:10.272945,Seoul-9726,14,33,Normal
2026-04-27 20:17:11.272945,Seoul-9726,41,66,Normal
2026-04-27 20:17:12.272945,Seoul-9726,34,95,Normal
2026-04-27 20:17:13.272945,Seoul-9726,27,79,Normal
2026-04-27 20:17:14.272945,Seoul-9726,-3,75,Normal
2026-04-27 20:17:15.272945,Seoul-9726,8,33,Normal
2026-04-27 20:17:16.272945,Seoul-9726,27,54,Normal
2026-04-27 20:17:17.272945,Seoul-9726,-14,73,Normal
2026-04-27 20:17:18.272945,Seoul-9726,32,94,Normal
2026-04-27 20:17:19.272945,Seoul-9726,-9,79,Normal
2026-04-27 20:17:20.272945,Seoul-9726,-16,80,Normal
2026-04-27 20:17:21.272945,Seoul-9726,37,59,Normal
2026-04-27 20:17:22.272945,Seoul-9726,-3,92,Normal
2026-04-27 20:17:23.272945,Seoul-9726,-19,7,Normal
2026-04-27 20:17:24.272945,Seoul-9726,35,75,Normal
2026-04-27 20:17:25.272945,Seoul-9726,-14,2,Normal
2026-04-27 20:17:26.272945,Seoul-9726,-11,56,Normal
2026-04-27 20:17:27.272945,Seoul-9726,21,38,Normal
2026-04-27 20:17:28.272945,Seoul-9726,5,36,Normal
2026-04-27 20:17:29.272945,Seoul-9726,-5,50,Normal
2026-04-27 20:17:30.272945,Seoul-9726,-11,20,Normal
2026-04-27 20:17:31.272945,Seoul-9726,49,29,Normal
2026-04-27 20:17:32.272945,Seoul-9726,6,77,Normal
2026-04-27 20:17:33.272945,Seoul-9726,36,100,Normal
2026-04-27 20:17:34.272945,Seoul-9726,39,22,Normal
2026-04-27 20:17:35.272945,Seoul-9726,28,76,Normal
2026-04-27 20:17:36.272945,Seoul-9726,15,61,Normal
2026-04-27 20:17:37.272945,Seoul-9726,33,8,Normal
2026-04-27 20:17:38.272945,Seoul-9726,1,12,Normal
2026-04-27 20:17:39.272945,Seoul-9726,17,11,Normal
2026-04-27 20:17:40.272945,Seoul-9726,-24,61,Normal
2026-04-27 20:17:41.272945,Seoul-9726,-13,15,Normal
2026-04-27 20:17:42.272945,Seoul-9726,34,81,Normal
2026-04-27 20:17:43.272945,Seoul-9726,42,26,Normal
2026-04-27 20:17:44.272945,Seoul-9726,39,99,Normal
2026-04-27 20:17:45.272945,Seoul-9726,-13,49,Normal
2026-04-27 20:17:46.272945,Seoul-9726,50,68,Normal
2026-04-27 20:17:47.272945,Seoul-9726,11,89,Normal
2026-04-27 20:17:48.272945,Seoul-9726,8,58,Normal
2026-04-27 20:17:49.272945,Seoul-9726,-9,49,Normal
2026-04-27 20:17:50.272945,Seoul-9726,17,48,Normal
2026-04-27 20:17:51.272945,Seoul-9726,14,5,Normal
2026-04-27 20:17:52.272945,Seoul-9726,-4,55,Normal
2026-04-27 20:17:53.272945,Seoul-9726,0,94,Normal
2026-04-27 20:17:54.272945,Seoul-9726,0,79,Normal
2026-04-27 20:17:55.272945,Seoul-9726,38,33,Normal
2026-04-27 20:17:56.272945,Seoul-9726,49,86,Normal
2026-04-27 20:17:57.272945,Seoul-9726,32,55,Normal
2026-04-27 20:17:58.272945,Seoul-9726,6,83,Normal
2026-04-27 20:17:59.272945,Seoul-9726,1,7,Normal
2026-04-27 20:18:00.272945,Seoul-9726,43,6,Normal
2026-04-27 20:18:01.272945,Seoul-9726,41,50,Normal
2026-04-27 20:18:02.272945,Seoul-9726,49,21,Normal
2026-04-27 20:18:03.272945,Seoul-9726,18,69,Normal
2026-04-27 20:18:04.272945,Seoul-9726,43,91,Normal
2026-04-27 20:18:05.272945,Seoul-9726,40,39,Normal
2026-04-27 20:18:06.272945,Seoul-9726,19,61,Normal
2026-04-27 20:18:07.272945,Seoul-9726,-15,49,Normal
2026-04-27 20:18:08.272945,Seoul-9726,-12,40,Normal
2026-04-27 20:18:09.272945,Seoul-9726,-8,9,Normal
2026-04-27 20:18:10.272945,Seoul-9726,15,34,Normal
2026-04-27 20:18:11.272945,Seoul-9726,-19,56,Normal
2026-04-27 20:18:12.272945,Seoul-9726,31,41,Normal
2026-04-27 20:18:13.272945,Seoul-9726,50,21,Normal
2026-04-27 20:18:14.272945,Seoul-9726,-5,36,Normal
2026-04-27 20:18:15.272945,Seoul-9726,23,34,Normal
2026-04-27 20:18:16.272945,Seoul-9726,-7,81,Normal
2026-04-27 20:18:17.272945,Seoul-9726,-20,21,Normal
2026-04-27 20:18:18.272945,Seoul-9726,-13,6,Normal
2026-04-27 20:18:19.272945,Seoul-9726,16,61,Normal
2026-04-27 20:18:20.272945,Seoul-9726,17,90,Normal
2026-04-27 20:18:21.272945,Seoul-9726,37,37,Normal
2026-04-27 20:18:22.272945,Seoul-9726,-18,66,Normal
2026-04-27 20:18:23.272945,Seoul-9726,26,15,Normal
2026-04-27 20:18:24.272945,Seoul-9726,24,34,Normal
2026-04-27 20:18:25.272945,Seoul-9726,-1,22,Normal
2026-04-27 20:18:26.272945,Seoul-9726,-11,96,Normal
2026-04-27 20:18:27.272945,Seoul-9726,2,89,Normal
2026-04-27 20:18:28.272945,Seoul-9726,18,15,Normal
2026-04-27 20:18:29.272945,Seoul-9726,31,80,Normal
2026-04-27 20:18:30.272945,Seoul-9726,4,68,Normal
2026-04-27 20:18:31.272945,Seoul-9726,-12,73,Normal
2026-04-27 20:18:32.272945,Seoul-9726,-30,22,Normal
2026-04-27 20:18:33.272945,Seoul-9726,-16,17,Normal
2026-04-27 20:18:34.272945,Seoul-9726,-18,9,Normal
2026-04-27 20:18:35.272945,Seoul-9726,-28,91,Normal
2026-04-27 20:18:36.272945,Seoul-9726,-9,43,Normal
2026-04-27 20:18:37.272945,Seoul-9726,5,48,Normal
2026-04-27 20:18:38.272945,Seoul-9726,39,98,Normal
2026-04-27 20:18:39.272945,Seoul-9726,14,49,Normal
2026-04-27 20:18:40.272945,Seoul-9726,-22,28,Normal
2026-04-27 20:18:41.272945,Seoul-9726,27,41,Normal
2026-04-27 20:18:42.272945,Seoul-9726,45,51,Normal
2026-04-27 20:18:43.272945,Seoul-9726,30,66,Normal
2026-04-27 20:18:44.272945,Seoul-9726,3,23,Normal
2026-04-27 20:18:45.272945,Seoul-9726,23,27,Normal
2026-04-27 20:18:46.272945,Seoul-9726,15,52,Normal
2026-04-27 20:18:47.272945,Seoul-9726,23,1,Normal
2026-04-27 20:18:48.272945,Seoul-9726,6,81,Normal
2026-04-27 20:18:49.272945,Seoul-9726,-7,45,Normal
2026-04-27 20:18:50.272945,Seoul-9726,9,23,Normal
2026-04-27 20:18:51.272945,Seoul-9726,41,47,Normal
2026-04-27 20:18:52.272945,Seoul-9726,-7,74,Normal
2026-04-27 20:18:53.272945,Seoul-9726,-2,49,Normal
2026-04-27 20:18:54.272945,Seoul-9726,1,50,Normal
2026-04-27 20:18:55.272945,Seoul-9726,5,4,Normal
2026-04-27 20:18:56.272945,Seoul-9726,29,10,Normal
2026-04-27 20:18:57.272945,Seoul-9726,-16,62,Normal
2026-04-27 20:18:58.272945,Seoul-9726,20,71,Normal
2026-04-27 20:18:59.272945,Seoul-9726,-17,93,Normal
2026-04-27 20:19:00.272945,Seoul-9726,49,67,Normal
2026-04-27 20:19:01.272945,Seoul-9726,-24,47,Normal
2026-04-27 20:19:02.272945,Seoul-9726,38,58,Normal
2026-04-27 20:19:03.272945,Seoul-9726,-30,25,Normal
2026-04-27 20:19:04.272945,Seoul-9726,-4,92,Normal
2026-04-27 20:19:05.272945,Seoul-9726,-6,24,Normal
2026-04-27 20:19:06.272945,Seoul-9726,26,11,Normal
2026-04-27 20:19:07.272945,Seoul-9726,-2,49,Normal
2026-04-27 20:19:08.272945,Seoul-9726,-13,26,Normal
2026-04-27 20:19:09.272945,Seoul-9726,-10,15,Normal
2026-04-27 20:19:10.272945,Seoul-9726,-16,58,Normal
2026-04-27 20:19:11.272945,Seoul-9726,-23,15,Normal
2026-04-27 20:19:12.272945,Seoul-9726,34,13,Normal
2026-04-27 20:19:13.272945,Seoul-9726,27,68,Normal
2026-04-27 20:19:14.272945,Seoul-9726,-19,54,Normal
2026-04-27 20:19:15.272945,Seoul-9726,10,98,Normal
2026-04-27 20:19:16.272945,Seoul-9726,27,42,Normal
2026-04-27 20:19:17.272945,Seoul-9726,-29,48,Normal
2026-04-27 20:19:18.272945,Seoul-9726,29,75,Normal
2026-04-27 20:19:19.272945,Seoul-9726,50,96,Normal
2026-04-27 20:19:20.272945,Seoul-9726,9,98,Normal
2026-04-27 20:19:21.272945,Seoul-9726,35,78,Normal
2026-04-27 20:19:22.272945,Seoul-9726,-11,13,Normal
2026-04-27 20:19:23.272945,Seoul-9726,35,56,Normal
2026-04-27 20:19:24.272945,Seoul-9726,24,84,Normal
2026-04-27 20:19:25.272945,Seoul-9726,15,82,Normal
2026-04-27 20:19:26.272945,Seoul-9726,13,11,Normal
2026-04-27 20:19:27.272945,Seoul-9726,-28,98,Normal
2026-04-27 20:19:28.272945,Seoul-9726,-12,9,Normal
2026-04-27 20:19:29.272945,Seoul-9726,-14,94,Normal
2026-04-27 20:19:30.272945,Seoul-9726,7,82,Normal
2026-04-27 20:19:31.272945,Seoul-9726,28,37,Normal
2026-04-27 20:19:32.272945,Seoul-9726,43,3,Normal
2026-04-27 20:19:33.272945,Seoul-9726,25,76,Normal
2026-04-27 20:19:34.272945,Seoul-9726,30,16,Normal
2026-04-27 20:19:35.272945,Seoul-9726,3,36,Normal
2026-04-27 20:19:36.272945,Seoul-9726,-20,98,Normal
2026-04-27 20:19:37.272945,Seoul-9726,49,51,Normal
2026-04-27 20:19:38.272945,Seoul-9726,31,71,Normal
2026-04-27 20:19:39.272945,Seoul-9726,-4,95,Normal
2026-04-27 20:19:40.272945,Seoul-9726,-1,84,Normal
2026-04-27 20:19:41.272945,Seoul-9726,36,39,Normal
2026-04-27 20:19:42.272945,Seoul-9726,28,89,Normal
2026-04-27 20:19:43.272945,Seoul-9726,44,4,Normal
2026-04-27 20:19:44.272945,Seoul-9726,10,41,Normal
2026-04-27 20:19:45.272945,Seoul-9726,30,5,Normal
2026-04-27 20:19:46.272945,Seoul-9726,44,58,Normal
2026-04-27 20:19:47.272945,Seoul-9726,27,16,Normal
2026-04-27 20:19:48.272945,Seoul-9726,-5,19,Normal
2026-04-27 20:19:49.272945,Seoul-9726,-3,96,Normal
2026-04-27 20:19:50.272945,Seoul-9726,19,47,Normal
2026-04-27 20:19:51.272945,Seoul-9726,-2,66,Normal
2026-04-27 20:19:52.272945,Seoul-9726,-4,96,Normal
2026-04-27 20:19:53.272945,Seoul-9726,-8,95,Normal
2026-04-27 20:19:54.272945,Seoul-9726,3,57,Normal
2026-04-27 20:19:55.272945,Seoul-9726,16,97,Normal
2026-04-27 20:19:56.272945,Seoul-9726,46,58,Normal
2026-04-27 20:19:57.272945,Seoul-9726,45,83,Normal
2026-04-27 20:19:58.272945,Seoul-9726,36,61,Normal
2026-04-27 20:19:59.272945,Seoul-9726,0,15,Normal
2026-04-27 20:20:00.272945,Seoul-9726,-29,81,Normal
2026-04-27 20:20:01.272945,Seoul-9726,4,61,Normal
2026-04-27 20:20:02.272945,Seoul-9726,9,49,Normal
2026-04-27 20:20:03.272945,Seoul-9726,46,3,Normal
2026-04-27 20:20:04.272945,Seoul-9726,16,20,Normal
2026-04-27 20:20:05.272945,Seoul-9726,-24,31,Normal
2026-04-27 20:20:06.272945,Seoul-9726,32,72,Normal
2026-04-27 20:20:07.272945,Seoul-9726,37,56,Normal
2026-04-27 20:20:08.272945,Seoul-9726,6,89,Normal
2026-04-27 20:20:09.272945,Seoul-9726,41,77,Normal
2026-04-27 20:20:10.272945,Seoul-9726,30,53,Normal
2026-04-27 20:20:11.272945,Seoul-9726,-7,72,Normal
2026-04-27 20:20:12.272945,Seoul-9726,47,62,Normal
2026-04-27 20:20:13.272945,Seoul-9726,-5,90,Normal
2026-04-27 20:20:14.272945,Seoul-9726,-6,6,Normal
2026-04-27 20:20:15.272945,Seoul-9726,-23,61,Normal
2026-04-27 20:20:16.272945,Seoul-9726,-6,23,Normal
2026-04-27 20:20:17.272945,Seoul-9726,1,24,Normal
2026-04-27 20:20:18.272945,Seoul-9726,30,94,Normal
2026-04-27 20:20:19.272945,Seoul-9726,26,13,Normal
2026-04-27 20:20:20.272945,Seoul-9726,25,8,Normal
2026-04-27 20:20:21.272945,Seoul-9726,44,21,Normal
2026-04-27 20:20:22.272945,Seoul-9726,-25,28,Normal
2026-04-27 20:20:23.272945,Seoul-9726,-5,15,Normal
2026-04-27 20:20:24.272945,Seoul-9726,8,88,Normal
2026-04-27 20:20:25.272945,Seoul-9726,49,17,Normal
2026-04-27 20:20:26.272945,Seoul-9726,27,87,Normal
2026-04-27 20:20:27.272945,Seoul-9726,-3,79,Normal
2026-04-27 20:20:28.272945,Seoul-9726,-5,68,Normal
2026-04-27 20:20:29.272945,Seoul-9726,0,18,Normal
2026-04-27 20:20:30.272945,Seoul-9726,29,31,Normal
2026-04-27 20:20:31.272945,Seoul-9726,-1,39,Normal
2026-04-27 20:20:32.272945,Seoul-9726,1,64,Normal
2026-04-27 20:20:33.272945,Seoul-9726,-19,67,Normal
2026-04-27 20:20:34.272945,Seoul-9726,48,9,Normal
2026-04-27 20:20:35.272945,Seoul-9726,-16,88,Normal
2026-04-27 20:20:36.272945,Seoul-9726,-3,95,Normal
2026-04-27 20:20:37.272945,Seoul-9726,-13,82,Normal
2026-04-27 20:20:38.272945,Seoul-9726,-16,62,Normal
2026-04-27 20:20:39.272945,Seoul-9726,-7,24,Normal
2026-04-27 20:20:40.272945,Seoul-9726,-13,9,Normal
2026-04-27 20:20:41.272945,Seoul-9726,5,71,Normal
2026-04-27 20:20:42.272945,Seoul-9726,2,47,Normal
2026-04-27 20:20:43.272945,Seoul-9726,40,87,Normal
2026-04-27 20:20:44.272945,Seoul-9726,44,28,Normal
2026-04-27 20:20:45.272945,Seoul-9726,-27,7,Normal
2026-04-27 20:20:46.272945,Seoul-9726,47,73,Normal
2026-04-27 20:20:47.272945,Seoul-9726,15,85,Normal
2026-04-27 20:20:48.272945,Seoul-9726,-30,37,Normal
2026-04-27 20:20:49.272945,Seoul-9726,29,25,Normal
2026-04-27 20:20:50.272945,Seoul-9726,33,100,Normal
2026-04-27 20:20:51.272945,Seoul-9726,25,60,Normal
2026-04-27 20:20:52.272945,Seoul-9726,38,21,Normal
2026-04-27 20:20:53.272945,Seoul-9726,-11,9,Normal
2026-04-27 20:20:54.272945,Seoul-9726,-12,22,Normal
2026-04-27 20:20:55.272945,Seoul-9726,-14,80,Normal
2026-04-27 20:20:56.272945,Seoul-9726,25,74,Normal
2026-04-27 20:20:57.272945,Seoul-9726,32,73,Normal
2026-04-27 20:20:58.272945,Seoul-9726,13,26,Normal
2026-04-27 20:20:59.272945,Seoul-9726,41,26,Normal
2026-04-27 20:21:00.272945,Seoul-9726,37,93,Normal
2026-04-27 20:21:01.272945,Seoul-9726,13,40,Normal
2026-04-27 20:21:02.272945,Seoul-9726,15,99,Normal
2026-04-27 20:21:03.272945,Seoul-9726,-16,86,Normal
2026-04-27 20:21:04.272945,Seoul-9726,-21,17,Normal
2026-04-27 20:21:05.272945,Seoul-9726,-22,74,Normal
2026-04-27 20:21:06.272945,Seoul-9726,12,50,Normal
2026-04-27 20:21:07.272945,Seoul-9726,10,20,Normal
2026-04-27 20:21:08.272945,Seoul-9726,9,31,Normal
2026-04-27 20:21:09.272945,Seoul-9726,10,28,Normal
2026-04-27 20:21:10.272945,Seoul-9726,5,53,Normal
2026-04-27 20:21:11.272945,Seoul-9726,-21,4,Normal
2026-04-27 20:21:12.272945,Seoul-9726,-10,75,Normal
2026-04-27 20:21:13.272945,Seoul-9726,-7,96,Normal
2026-04-27 20:21:14.272945,Seoul-9726,40,28,Normal
2026-04-27 20:21:15.272945,Seoul-9726,38,17,Normal
2026-04-27 20:21:16.272945,Seoul-9726,-20,3,Normal
2026-04-27 20:21:17.272945,Seoul-9726,-22,44,Normal
2026-04-27 20:21:18.272945,Seoul-9726,8,24,Normal
2026-04-27 20:21:19.272945,Seoul-9726,-6,74,Normal
2026-04-27 20:21:20.272945,Seoul-9726,-30,7,Normal
2026-04-27 20:21:21.272945,Seoul-9726,13,5,Normal
2026-04-27 20:21:22.272945,Seoul-9726,-5,77,Normal
2026-04-27 20:21:23.272945,Seoul-9726,-8,63,Normal
2026-04-27 20:21:24.272945,Seoul-9726,-9,2,Normal
2026-04-27 20:21:25.272945,Seoul-9726,3,54,Normal
2026-04-27 20:21:26.272945,Seoul-9726,2,86,Normal
2026-04-27 20:21:27.272945,Seoul-9726,32,6,Normal
2026-04-27 20:21:28.272945,Seoul-9726,40,89,Normal
2026-04-27 20:21:29.272945,Seoul-9726,-16,55,Normal
2026-04-27 20:21:30.272945,Seoul-9726,19,95,Normal
2026-04-27 20:21:31.272945,Seoul-9726,8,86,Normal
2026-04-27 20:21:32.272945,Seoul-9726,4,4,Normal
2026-04-27 20:21:33.272945,Seoul-9726,11,45,Normal
2026-04-27 20:21:34.272945,Seoul-9726,11,20,Normal
2026-04-27 20:21:35.272945,Seoul-9726,34,78,Normal
2026-04-27 20:21:36.272945,Seoul-9726,-5,9,Normal
2026-04-27 20:21:37.272945,Seoul-9726,-7,3,Normal
2026-04-27 20:21:38.272945,Seoul-9726,-3,32,Normal
2026-04-27 20:21:39.272945,Seoul-9726,13,77,Normal
2026-04-27 20:21:40.272945,Seoul-9726,8,73,Normal
2026-04-27 20:21:41.272945,Seoul-9726,-12,28,Normal
2026-04-27 20:21:42.272945,Seoul-9726,49,12,Normal
2026-04-27 20:21:43.272945,Seoul-9726,-30,59,Normal
2026-04-27 20:21:44.272945,Seoul-9726,34,61,Normal
2026-04-27 20:21:45.272945,Seoul-9726,15,49,Normal
2026-04-27 20:21:46.272945,Seoul-9726,26,73,Normal
2026-04-27 20:21:47.272945,Seoul-9726,13,60,Normal
2026-04-27 20:21:48.272945,Seoul-9726,34,45,Normal
2026-04-27 20:21:49.272945,Seoul-9726,-6,23,Normal
2026-04-27 20:21:50.272945,Seoul-9726,-1,49,Normal
2026-04-27 20:21:51.272945,Seoul-9726,7,96,Normal
2026-04-27 20:21:52.272945,Seoul-9726,30,58,Normal
2026-04-27 20:21:53.272945,Seoul-9726,-7,52,Normal
2026-04-27 20:21:54.272945,Seoul-9726,-12,99,Normal
2026-04-27 20:21:55.272945,Seoul-9726,-29,17,Normal
2026-04-27 20:21:56.272945,Seoul-9726,-10,20,Normal
2026-04-27 20:21:57.272945,Seoul-9726,37,76,Normal
2026-04-27 20:21:58.272945,Seoul-9726,-1,61,Normal
2026-04-27 20:21:59.272945,Seoul-9726,22,59,Normal
2026-04-27 20:22:00.272945,Seoul-9726,38,26,Normal
2026-04-27 20:22:01.272945,Seoul-9726,37,70,Normal
2026-04-27 20:22:02.272945,Seoul-9726,45,77,Normal
2026-04-27 20:22:03.272945,Seoul-9726,-23,87,Normal
2026-04-27 20:22:04.272945,Seoul-9726,13,63,Normal
2026-04-27 20:22:05.272945,Seoul-9726,-2,74,Normal
2026-04-27 20:22:06.272945,Seoul-9726,31,55,Normal
2026-04-27 20:22:07.272945,Seoul-9726,8,37,Normal
2026-04-27 20:22:08.272945,Seoul-9726,-8,78,Normal
2026-04-27 20:22:09.272945,Seoul-9726,-25,13,Normal
2026-04-27 20:22:10.272945,Seoul-9726,-10,32,Normal
2026-04-27 20:22:11.272945,Seoul-9726,2,47,Normal
2026-04-27 20:22:12.272945,Seoul-9726,-28,100,Normal
2026-04-27 20:22:13.272945,Seoul-9726,-15,95,Normal
2026-04-27 20:22:14.272945,Seoul-9726,43,52,Normal
2026-04-27 20:22:15.272945,Seoul-9726,-6,75,Normal
2026-04-27 20:22:16.272945,Seoul-9726,44,13,Normal
2026-04-27 20:22:17.272945,Seoul-9726,28,40,Normal
2026-04-27 20:22:18.272945,Seoul-9726,25,10,Normal
2026-04-27 20:22:19.272945,Seoul-9726,20,42,Normal
2026-04-27 20:22:20.272945,Seoul-9726,33,32,Normal
2026-04-27 20:22:21.272945,Seoul-9726,22,38,Normal
2026-04-27 20:22:22.272945,Seoul-9726,9,29,Normal
2026-04-27 20:22:23.272945,Seoul-9726,1,96,Normal
2026-04-27 20:22:24.272945,Seoul-9726,13,62,Normal
2026-04-27 20:22:25.272945,Seoul-9726,-10,44,Normal
2026-04-27 20:22:26.272945,Seoul-9726,17,84,Normal
2026-04-27 20:22:27.272945,Seoul-9726,45,64,Normal
2026-04-27 20:22:28.272945,Seoul-9726,24,95,Normal
2026-04-27 20:22:29.272945,Seoul-9726,-19,41,Normal
2026-04-27 20:22:30.272945,Seoul-9726,-17,4,Normal
2026-04-27 20:22:31.272945,Seoul-9726,28,18,Normal
2026-04-27 20:22:32.272945,Seoul-9726,-29,83,Normal
2026-04-27 20:22:33.272945,Seoul-9726,45,69,Normal
2026-04-27 20:22:34.272945,Seoul-9726,30,97,Normal
2026-04-27 20:22:35.272945,Seoul-9726,-20,92,Normal
2026-04-27 20:22:36.272945,Seoul-9726,14,76,Normal
2026-04-27 20:22:37.272945,Seoul-9726,36,52,Normal
2026-04-27 20:22:38.272945,Seoul-9726,-8,67,Normal
2026-04-27 20:22:39.272945,Seoul-9726,-4,0,Normal
2026-04-27 20:22:40.272945,Seoul-9726,19,21,Normal
2026-04-27 20:22:41.272945,Seoul-9726,27,92,Normal
2026-04-27 20:22:42.272945,Seoul-9726,-3,94,Normal
2026-04-27 20:22:43.272945,Seoul-9726,38,45,Normal
2026-04-27 20:22:44.272945,Seoul-9726,-29,35,Normal
2026-04-27 20:22:45.272945,Seoul-9726,-5,67,Normal
2026-04-27 20:22:46.272945,Seoul-9726,1,60,Normal
2026-04-27 20:22:47.272945,Seoul-9726,34,46,Normal
2026-04-27 20:22:48.272945,Seoul-9726,-12,59,Normal
2026-04-27 20:22:49.272945,Seoul-9726,-29,81,Normal
2026-04-27 20:22:50.272945,Seoul-9726,22,90,Normal
2026-04-27 20:22:51.272945,Seoul-9726,10,35,Normal
2026-04-27 20:22:52.272945,Seoul-9726,-28,23,Normal
2026-04-27 20:22:53.272945,Seoul-9726,31,20,Normal
2026-04-27 20:22:54.272945,Seoul-9726,-14,26,Normal
2026-04-27 20:22:55.272945,Seoul-9726,31,4,Normal
2026-04-27 20:22:56.272945,Seoul-9726,-8,99,Normal
2026-04-27 20:22:57.272945,Seoul-9726,4,52,Normal
2026-04-27 20:22:58.272945,Seoul-9726,-28,55,Normal
2026-04-27 20:22:59.272945,Seoul-9726,18,55,Normal
2026-04-27 20:23:00.272945,Seoul-9726,-16,26,Normal
2026-04-27 20:23:01.272945,Seoul-9726,24,39,Normal
2026-04-27 20:23:02.272945,Seoul-9726,-5,33,Normal
2026-04-27 20:23:03.272945,Seoul-9726,-17,92,Normal
2026-04-27 20:23:04.272945,Seoul-9726,44,67,Normal
2026-04-27 20:23:05.272945,Seoul-9726,-14,93,Normal
2026-04-27 20:23:06.272945,Seoul-9726,31,29,Normal
2026-04-27 20:23:07.272945,Seoul-9726,16,99,Normal
2026-04-27 20:23:08.272945,Seoul-9726,47,0,Normal
2026-04-27 20:23:09.272945,Seoul-9726,-20,77,Normal
2026-04-27 20:23:10.272945,Seoul-9726,-8,38,Normal
2026-04-27 20:23:11.272945,Seoul-9726,22,8,Normal
2026-04-27 20:23:12.272945,Seoul-9726,27,22,Normal
2026-04-27 20:23:13.272945,Seoul-9726,35,69,Normal
2026-04-27 20:23:14.272945,Seoul-9726,3,37,Normal
2026-04-27 20:23:15.272945,Seoul-9726,42,64,Normal
2026-04-27 20:23:16.272945,Seoul-9726,11,67,Normal
2026-04-27 20:23:17.272945,Seoul-9726,15,91,Normal
2026-04-27 20:23:18.272945,Seoul-9726,15,63,Normal
2026-04-27 20:23:19.272945,Seoul-9726,26,55,Normal
2026-04-27 20:23:20.272945,Seoul-9726,43,63,Normal
2026-04-27 20:23:21.272945,Seoul-9726,32,85,Normal
2026-04-27 20:23:22.272945,Seoul-9726,-10,49,Normal
2026-04-27 20:23:23.272945,Seoul-9726,9,27,Normal
2026-04-27 20:23:24.272945,Seoul-9726,43,94,Normal
2026-04-27 20:23:25.272945,Seoul-9726,-10,30,Normal
2026-04-27 20:23:26.272945,Seoul-9726,-29,81,Normal
2026-04-27 20:23:27.272945,Seoul-9726,25,35,Normal
2026-04-27 20:23:28.272945,Seoul-9726,49,43,Normal
2026-04-27 20:23:29.272945,Seoul-9726,11,11,Normal
2026-04-27 20:23:30.272945,Seoul-9726,-16,38,Normal
2026-04-27 20:23:31.272945,Seoul-9726,18,39,Normal
2026-04-27 20:23:32.272945,Seoul-9726,-18,30,Normal
2026-04-27 20:23:33.272945,Seoul-9726,30,24,Normal
2026-04-27 20:23:34.272945,Seoul-9726,12,86,Normal
2026-04-27 20:23:35.272945,Seoul-9726,24,38,Normal
2026-04-27 20:23:36.272945,Seoul-9726,-10,38,Normal
2026-04-27 20:23:37.272945,Seoul-9726,-1,10,Normal
2026-04-27 20:23:38.272945,Seoul-9726,20,60,Normal
2026-04-27 20:23:39.272945,Seoul-9726,-18,30,Normal
2026-04-27 20:23:40.272945,Seoul-9726,41,97,Normal
2026-04-27 20:23:41.272945,Seoul-9726,42,15,Normal
2026-04-27 20:23:42.272945,Seoul-9726,19,54,Normal
2026-04-27 20:23:43.272945,Seoul-9726,-19,33,Normal
2026-04-27 20:23:44.272945,Seoul-9726,35,46,Normal
2026-04-27 20:23:45.272945,Seoul-9726,-2,25,Normal
2026-04-27 20:23:46.272945,Seoul-9726,20,75,Normal
2026-04-27 20:23:47.272945,Seoul-9726,-1,92,Normal
2026-04-27 20:23:48.272945,Seoul-9726,20,68,Normal
2026-04-27 20:23:49.272945,Seoul-9726,14,74,Normal
2026-04-27 20:23:50.272945,Seoul-9726,41,37,Normal
2026-04-27 20:23:51.272945,Seoul-9726,8,15,Normal
2026-04-27 20:23:52.272945,Seoul-9726,5,30,Normal
2026-04-27 20:23:53.272945,Seoul-9726,11,37,Normal
2026-04-27 20:23:54.272945,Seoul-9726,36,42,Normal
2026-04-27 20:23:55.272945,Seoul-9726,36,51,Normal
2026-04-27 20:23:56.272945,Seoul-9726,-9,17,Normal
2026-04-27 20:23:57.272945,Seoul-9726,-12,30,Normal
2026-04-27 20:23:58.272945,Seoul-9726,-29,67,Normal
2026-04-27 20:23:59.272945,Seoul-9726,12,17,Normal
2026-04-27 20:24:00.272945,Seoul-9726,-29,63,Normal
2026-04-27 20:24:01.272945,Seoul-9726,38,6,Normal
2026-04-27 20:24:02.272945,Seoul-9726,35,98,Normal
2026-04-27 20:24:03.272945,Seoul-9726,-7,56,Normal
2026-04-27 20:24:04.272945,Seoul-9726,11,38,Normal
2026-04-27 20:24:05.272945,Seoul-9726,10,0,Normal
2026-04-27 20:24:06.272945,Seoul-9726,36,12,Normal
2026-04-27 20:24:07.272945,Seoul-9726,-7,90,Normal
2026-04-27 20:24:08.272945,Seoul-9726,30,36,Normal
2026-04-27 20:24:09.272945,Seoul-9726,-25,51,Normal
2026-04-27 20:24:10.272945,Seoul-9726,-18,42,Normal
2026-04-27 20:24:11.272945,Seoul-9726,14,25,Normal
2026-04-27 20:24:12.272945,Seoul-9726,7,35,Normal
2026-04-27 20:24:13.272945,Seoul-9726,30,91,Normal
2026-04-27 20:24:14.272945,Seoul-9726,-6,67,Normal
2026-04-27 20:24:15.272945,Seoul-9726,22,74,Normal
2026-04-27 20:24:16.272945,Seoul-9726,19,15,Normal
2026-04-27 20:24:17.272945,Seoul-9726,23,68,Normal
2026-04-27 20:24:18.272945,Seoul-9726,-11,82,Normal
2026-04-27 20:24:19.272945,Seoul-9726,-18,92,Normal
2026-04-27 20:24:20.272945,Seoul-9726,15,89,Normal
2026-04-27 20:24:21.272945,Seoul-9726,28,92,Normal
2026-04-27 20:24:22.272945,Seoul-9726,-27,49,Normal
2026-04-27 20:24:23.272945,Seoul-9726,9,1,Normal
2026-04-27 20:24:24.272945,Seoul-9726,30,2,Normal
2026-04-27 20:24:25.272945,Seoul-9726,11,29,Normal
2026-04-27 20:24:26.272945,Seoul-9726,16,81,Normal
2026-04-27 20:24:27.272945,Seoul-9726,32,6,Normal
2026-04-27 20:24:28.272945,Seoul-9726,36,59,Normal
2026-04-27 20:24:29.272945,Seoul-9726,29,69,Normal
2026-04-27 20:24:30.272945,Seoul-9726,-20,32,Normal
2026-04-27 20:24:31.272945,Seoul-9726,-28,7,Normal
2026-04-27 20:24:32.272945,Seoul-9726,11,53,Normal
2026-04-27 20:24:33.272945,Seoul-9726,19,54,Normal
2026-04-27 20:24:34.272945,Seoul-9726,42,6,Normal
2026-04-27 20:24:35.272945,Seoul-9726,-29,47,Normal
2026-04-27 20:24:36.272945,Seoul-9726,-28,50,Normal
2026-04-27 20:24:37.272945,Seoul-9726,-14,93,Normal
2026-04-27 20:24:38.272945,Seoul-9726,40,82,Normal
2026-04-27 20:24:39.272945,Seoul-9726,41,84,Normal
2026-04-27 20:24:40.272945,Seoul-9726,37,10,Normal
2026-04-27 20:24:41.272945,Seoul-9726,40,97,Normal
2026-04-27 20:24:42.272945,Seoul-9726,-30,65,Normal
2026-04-27 20:24:43.272945,Seoul-9726,41,9,Normal
2026-04-27 20:24:44.272945,Seoul-9726,15,17,Normal
2026-04-27 20:24:45.272945,Seoul-9726,30,96,Normal
2026-04-27 20:24:46.272945,Seoul-9726,45,78,Normal
2026-04-27 20:24:47.272945,Seoul-9726,21,89,Normal
2026-04-27 20:24:48.272945,Seoul-9726,-9,55,Normal
2026-04-27 20:24:49.272945,Seoul-9726,30,96,Normal
2026-04-27 20:24:50.272945,Seoul-9726,41,98,Normal
2026-04-27 20:24:51.272945,Seoul-9726,14,54,Normal
2026-04-27 20:24:52.272945,Seoul-9726,-1,37,Normal
2026-04-27 20:24:53.272945,Seoul-9726,46,18,Normal
2026-04-27 20:24:54.272945,Seoul-9726,-16,45,Normal
2026-04-27 20:24:55.272945,Seoul-9726,-23,9,Normal
2026-04-27 20:24:56.272945,Seoul-9726,15,9,Normal
2026-04-27 20:24:57.272945,Seoul-9726,24,87,Normal
2026-04-27 20:24:58.272945,Seoul-9726,6,45,Normal
2026-04-27 20:24:59.272945,Seoul-9726,-25,29,Normal
2026-04-27 20:25:00.272945,Seoul-9726,15,33,Normal
2026-04-27 20:25:01.272945,Seoul-9726,41,97,Normal
2026-04-27 20:25:02.272945,Seoul-9726,39,95,Normal
2026-04-27 20:25:03.272945,Seoul-9726,-23,29,Normal
2026-04-27 20:25:04.272945,Seoul-9726,8,4,Normal
2026-04-27 20:25:05.272945,Seoul-9726,22,30,Normal
2026-04-27 20:25:06.272945,Seoul-9726,31,44,Normal
2026-04-27 20:25:07.272945,Seoul-9726,46,75,Normal
2026-04-27 20:25:08.272945,Seoul-9726,23,47,Normal
2026-04-27 20:25:09.272945,Seoul-9726,-22,30,Normal
2026-04-27 20:25:10.272945,Seoul-9726,50,50,Normal
2026-04-27 20:25:11.272945,Seoul-9726,8,19,Normal
2026-04-27 20:25:12.272945,Seoul-9726,45,60,Normal
2026-04-27 20:25:13.272945,Seoul-9726,-21,77,Normal
2026-04-27 20:25:14.272945,Seoul-9726,19,16,Normal
2026-04-27 20:25:15.272945,Seoul-9726,6,16,Normal
2026-04-27 20:25:16.272945,Seoul-9726,25,5,Normal
2026-04-27 20:25:17.272945,Seoul-9726,18,31,Normal
2026-04-27 20:25:18.272945,Seoul-9726,25,59,Normal
2026-04-27 20:25:19.272945,Seoul-9726,-1,93,Normal
2026-04-27 20:25:20.272945,Seoul-9726,8,44,Normal
2026-04-27 20:25:21.272945,Seoul-9726,-11,54,Normal
2026-04-27 20:25:22.272945,Seoul-9726,7,24,Normal
2026-04-27 20:25:23.272945,Seoul-9726,19,59,Normal
2026-04-27 20:25:24.272945,Seoul-9726,20,38,Normal
2026-04-27 20:25:25.272945,Seoul-9726,36,66,Normal
2026-04-27 20:25:26.272945,Seoul-9726,-21,91,Normal
2026-04-27 20:25:27.272945,Seoul-9726,-15,48,Normal
2026-04-27 20:25:28.272945,Seoul-9726,18,73,Normal
2026-04-27 20:25:29.272945,Seoul-9726,-14,56,Normal
2026-04-27 20:25:30.272945,Seoul-9726,28,68,Normal
2026-04-27 20:25:31.272945,Seoul-9726,-23,28,Normal
2026-04-27 20:25:32.272945,Seoul-9726,-16,43,Normal
2026-04-27 20:25:33.272945,Seoul-9726,47,62,Normal
2026-04-27 20:25:34.272945,Seoul-9726,35,63,Normal
2026-04-27 20:25:35.272945,Seoul-9726,0,92,Normal
2026-04-27 20:25:36.272945,Seoul-9726,-1,99,Normal
2026-04-27 20:25:37.272945,Seoul-9726,43,52,Normal
2026-04-27 20:25:38.272945,Seoul-9726,31,81,Normal
2026-04-27 20:25:39.272945,Seoul-9726,31,44,Normal
2026-04-27 20:25:40.272945,Seoul-9726,17,48,Normal
2026-04-27 20:25:41.272945,Seoul-9726,19,12,Normal
2026-04-27 20:25:42.272945,Seoul-9726,4,53,Normal
2026-04-27 20:25:43.272945,Seoul-9726,-5,59,Normal
2026-04-27 20:25:44.272945,Seoul-9726,40,63,Normal
2026-04-27 20:25:45.272945,Seoul-9726,36,85,Normal
2026-04-27 20:25:46.272945,Seoul-9726,11,44,Normal
2026-04-27 20:25:47.272945,Seoul-9726,0,72,Normal
2026-04-27 20:25:48.272945,Seoul-9726,30,4,Normal
2026-04-27 20:25:49.272945,Seoul-9726,1,31,Normal
2026-04-27 20:25:50.272945,Seoul-9726,34,33,Normal
2026-04-27 20:25:51.272945,Seoul-9726,21,22,Normal
2026-04-27 20:25:52.272945,Seoul-9726,30,5,Normal
2026-04-27 20:25:53.272945,Seoul-9726,15,99,Normal
2026-04-27 20:25:54.272945,Seoul-9726,23,2,Normal
2026-04-27 20:25:55.272945,Seoul-9726,-15,69,Normal
2026-04-27 20:25:56.272945,Seoul-9726,26,78,Normal
2026-04-27 20:25:57.272945,Seoul-9726,6,75,Normal
2026-04-27 20:25:58.272945,Seoul-9726,19,17,Normal
2026-04-27 20:25:59.272945,Seoul-9726,8,79,Normal
2026-04-27 20:26:00.272945,Seoul-9726,47,53,Normal
2026-04-27 20:26:01.272945,Seoul-9726,-9,61,Normal
2026-04-27 20:26:02.272945,Seoul-9726,17,92,Normal
2026-04-27 20:26:03.272945,Seoul-9726,45,40,Normal
2026-04-27 20:26:04.272945,Seoul-9726,42,77,Normal
2026-04-27 20:26:05.272945,Seoul-9726,29,4,Normal
2026-04-27 20:26:06.272945,Seoul-9726,-6,58,Normal
2026-04-27 20:26:07.272945,Seoul-9726,-2,86,Normal
2026-04-27 20:26:08.272945,Seoul-9726,30,67,Normal
2026-04-27 20:26:09.272945,Seoul-9726,35,77,Normal
2026-04-27 20:26:10.272945,Seoul-9726,37,92,Normal
2026-04-27 20:26:11.272945,Seoul-9726,8,36,Normal
2026-04-27 20:26:12.272945,Seoul-9726,-29,42,Normal
2026-04-27 20:26:13.272945,Seoul-9726,-20,77,Normal
2026-04-27 20:26:14.272945,Seoul-9726,37,15,Normal
2026-04-27 20:26:15.272945,Seoul-9726,-15,35,Normal
2026-04-27 20:26:16.272945,Seoul-9726,-2,70,Normal
2026-04-27 20:26:17.272945,Seoul-9726,-18,41,Normal
2026-04-27 20:26:18.272945,Seoul-9726,27,80,Normal
2026-04-27 20:26:19.272945,Seoul-9726,-11,23,Normal
2026-04-27 20:26:20.272945,Seoul-9726,-30,12,Normal
2026-04-27 20:26:21.272945,Seoul-9726,-7,16,Normal
2026-04-27 20:26:22.272945,Seoul-9726,-17,75,Normal
2026-04-27 20:26:23.272945,Seoul-9726,21,40,Normal
2026-04-27 20:26:24.272945,Seoul-9726,-12,73,Normal
2026-04-27 20:26:25.272945,Seoul-9726,-20,78,Normal
2026-04-27 20:26:26.272945,Seoul-9726,-6,11,Normal
2026-04-27 20:26:27.272945,Seoul-9726,17,67,Normal
2026-04-27 20:26:28.272945,Seoul-9726,31,98,Normal
2026-04-27 20:26:29.272945,Seoul-9726,5,14,Normal
2026-04-27 20:26:30.272945,Seoul-9726,2,88,Normal
2026-04-27 20:26:31.272945,Seoul-9726,-22,87,Normal
2026-04-27 20:26:32.272945,Seoul-9726,24,38,Normal
2026-04-27 20:26:33.272945,Seoul-9726,-28,32,Normal
2026-04-27 20:26:34.272945,Seoul-9726,-10,48,Normal
2026-04-27 20:26:35.272945,Seoul-9726,-29,75,Normal
2026-04-27 20:26:36.272945,Seoul-9726,-8,99,Normal
2026-04-27 20:26:37.272945,Seoul-9726,-27,31,Normal
2026-04-27 20:26:38.272945,Seoul-9726,33,52,Normal
2026-04-27 20:26:39.272945,Seoul-9726,5,91,Normal
2026-04-27 20:26:40.272945,Seoul-9726,7,82,Normal
2026-04-27 20:26:41.272945,Seoul-9726,-30,16,Normal
2026-04-27 20:26:42.272945,Seoul-9726,40,61,Normal
2026-04-27 20:26:43.272945,Seoul-9726,-26,94,Normal
2026-04-27 20:26:44.272945,Seoul-9726,22,53,Normal
2026-04-27 20:26:45.272945,Seoul-9726,13,62,Normal
2026-04-27 20:26:46.272945,Seoul-9726,46,61,Normal
2026-04-27 20:26:47.272945,Seoul-9726,8,75,Normal
2026-04-27 20:26:48.272945,Seoul-9726,18,9,Normal
2026-04-27 20:26:49.272945,Seoul-9726,27,1,Normal
2026-04-27 20:26:50.272945,Seoul-9726,-30,13,Normal
2026-04-27 20:26:51.272945,Seoul-9726,0,98,Normal
2026-04-27 20:26:52.272945,Seoul-9726,46,53,Normal
2026-04-27 20:26:53.272945,Seoul-9726,17,51,Normal
2026-04-27 20:26:54.272945,Seoul-9726,14,61,Normal
2026-04-27 20:26:55.272945,Seoul-9726,22,82,Normal
2026-04-27 20:26:56.272945,Seoul-9726,-20,16,Normal
2026-04-27 20:26:57.272945,Seoul-9726,-29,67,Normal
2026-04-27 20:26:58.272945,Seoul-9726,-1,81,Normal
2026-04-27 20:26:59.272945,Seoul-9726,44,84,Normal
2026-04-27 20:27:00.272945,Seoul-9726,36,96,Normal
