timestamp,station_id,temp,humid,condition
2026-02-13 20:56:32.911373,Seoul-4be6,9,16,Normal
2026-02-13 20:56:33.911373,Seoul-4be6,-5,57,Normal
2026-02-13 20:56:34.911373,Seoul-4be6,23,13,Normal
2026-02-13 20:56:35.911373,Seoul-4be6,-21,39,Normal
2026-02-13 20:56:36.911373,Seoul-4be6,16,44,Normal
2026-02-13 20:56:37.911373,Seoul-4be6,22,37,Normal
2026-02-13 20:56:38.911373,Seoul-4be6,8,95,Normal
2026-02-13 20:56:39.911373,Seoul-4be6,27,99,Normal
2026-02-13 20:56:40.911373,Seoul-4be6,50,16,Normal
2026-02-13 20:56:41.911373,Seoul-4be6,33,15,Normal
2026-02-13 20:56:42.911373,Seoul-4be6,21,83,Normal
2026-02-13 20:56:43.911373,Seoul-4be6,-19,66,Normal
2026-02-13 20:56:44.911373,Seoul-4be6,1,61,Normal
2026-02-13 20:56:45.911373,Seoul-4be6,38,46,Normal
2026-02-13 20:56:46.911373,Seoul-4be6,8,36,Normal
2026-02-13 20:56:47.911373,Seoul-4be6,48,38,Normal
2026-02-13 20:56:48.911373,Seoul-4be6,47,32,Normal
2026-02-13 20:56:49.911373,Seoul-4be6,29,4,Normal
2026-02-13 20:56:50.911373,Seoul-4be6,42,82,Normal
2026-02-13 20:56:51.911373,Seoul-4be6,-1,99,Normal
2026-02-13 20:56:52.911373,Seoul-4be6,32,43,Normal
2026-02-13 20:56:53.911373,Seoul-4be6,-7,55,Normal
2026-02-13 20:56:54.911373,Seoul-4be6,33,55,Normal
2026-02-13 20:56:55.911373,Seoul-4be6,-20,95,Normal
2026-02-13 20:56:56.911373,Seoul-4be6,-2,65,Normal
2026-02-13 20:56:57.911373,Seoul-4be6,6,30,Normal
2026-02-13 20:56:58.911373,Seoul-4be6,0,70,Normal
2026-02-13 20:56:59.911373,Seoul-4be6,-29,22,Normal
2026-02-13 20:57:00.911373,Seoul-4be6,30,93,Normal
2026-02-13 20:57:01.911373,Seoul-4be6,40,80,Normal
2026-02-13 20:57:02.911373,Seoul-4be6,-11,3,Normal
2026-02-13 20:57:03.911373,Seoul-4be6,38,22,Normal
2026-02-13 20:57:04.911373,Seoul-4be6,41,26,Normal
2026-02-13 20:57:05.911373,Seoul-4be6,0,0,Normal
2026-02-13 20:57:06.911373,Seoul-4be6,4,29,Normal
2026-02-13 20:57:07.911373,Seoul-4be6,27,27,Normal
2026-02-13 20:57:08.911373,Seoul-4be6,39,47,Normal
2026-02-13 20:57:09.911373,Seoul-4be6,20,39,Normal
2026-02-13 20:57:10.911373,Seoul-4be6,22,33,Normal
2026-02-13 20:57:11.911373,Seoul-4be6,-12,70,Normal
2026-02-13 20:57:12.911373,Seoul-4be6,0,46,Normal
2026-02-13 20:57:13.911373,Seoul-4be6,-12,80,Normal
2026-02-13 20:57:14.911373,Seoul-4be6,17,6,Normal
2026-02-13 20:57:15.911373,Seoul-4be6,6,53,Normal
2026-02-13 20:57:16.911373,Seoul-4be6,-28,39,Normal
2026-02-13 20:57:17.911373,Seoul-4be6,22,35,Normal
2026-02-13 20:57:18.911373,Seoul-4be6,8,90,Normal
2026-02-13 20:57:19.911373,Seoul-4be6,38,42,Normal
2026-02-13 20:57:20.911373,Seoul-4be6,-29,83,Normal
2026-02-13 20:57:21.911373,Seoul-4be6,-28,6,Normal
2026-02-13 20:57:22.911373,Seoul-4be6,24,52,Normal
2026-02-13 20:57:23.911373,Seoul-4be6,0,90,Normal
2026-02-13 20:57:24.911373,Seoul-4be6,20,15,Normal
2026-02-13 20:57:25.911373,Seoul-4be6,-9,53,Normal
2026-02-13 20:57:26.911373,Seoul-4be6,-21,58,Normal
2026-02-13 20:57:27.911373,Seoul-4be6,2,28,Normal
2026-02-13 20:57:28.911373,Seoul-4be6,-18,86,Normal
2026-02-13 20:57:29.911373,Seoul-4be6,-20,77,Normal
2026-02-13 20:57:30.911373,Seoul-4be6,-6,18,Normal
2026-02-13 20:57:31.911373,Seoul-4be6,-9,16,Normal
2026-02-13 20:57:32.911373,Seoul-4be6,21,44,Normal
2026-02-13 20:57:33.911373,Seoul-4be6,21,50,Normal
2026-02-13 20:57:34.911373,Seoul-4be6,47,23,Normal
2026-02-13 20:57:35.911373,Seoul-4be6,47,8,Normal
2026-02-13 20:57:36.911373,Seoul-4be6,-7,9,Normal
2026-02-13 20:57:37.911373,Seoul-4be6,22,100,Normal
2026-02-13 20:57:38.911373,Seoul-4be6,-16,82,Normal
2026-02-13 20:57:39.911373,Seoul-4be6,44,22,Normal
2026-02-13 20:57:40.911373,Seoul-4be6,35,46,Normal
2026-02-13 20:57:41.911373,Seoul-4be6,46,39,Normal
2026-02-13 20:57:42.911373,Seoul-4be6,-8,65,Normal
2026-02-13 20:57:43.911373,Seoul-4be6,-14,62,Normal
2026-02-13 20:57:44.911373,Seoul-4be6,33,9,Normal
2026-02-13 20:57:45.911373,Seoul-4be6,-15,99,Normal
2026-02-13 20:57:46.911373,Seoul-4be6,32,38,Normal
2026-02-13 20:57:47.911373,Seoul-4be6,44,41,Normal
2026-02-13 20:57:48.911373,Seoul-4be6,6,35,Normal
2026-02-13 20:57:49.911373,Seoul-4be6,-17,82,Normal
2026-02-13 20:57:50.911373,Seoul-4be6,36,16,Normal
2026-02-13 20:57:51.911373,Seoul-4be6,-26,88,Normal
2026-02-13 20:57:52.911373,Seoul-4be6,8,70,Normal
2026-02-13 20:57:53.911373,Seoul-4be6,-12,2,Normal
2026-02-13 20:57:54.911373,Seoul-4be6,-19,88,Normal
2026-02-13 20:57:55.911373,Seoul-4be6,28,41,Normal
2026-02-13 20:57:56.911373,Seoul-4be6,26,18,Normal
2026-02-13 20:57:57.911373,Seoul-4be6,31,52,Normal
2026-02-13 20:57:58.911373,Seoul-4be6,16,42,Normal
2026-02-13 20:57:59.911373,Seoul-4be6,-27,9,Normal
2026-02-13 20:58:00.911373,Seoul-4be6,-1,30,Normal
2026-02-13 20:58:01.911373,Seoul-4be6,-14,88,Normal
2026-02-13 20:58:02.911373,Seoul-4be6,5,48,Normal
2026-02-13 20:58:03.911373,Seoul-4be6,49,67,Normal
2026-02-13 20:58:04.911373,Seoul-4be6,22,25,Normal
2026-02-13 20:58:05.911373,Seoul-4be6,46,51,Normal
2026-02-13 20:58:06.911373,Seoul-4be6,1,8,Normal
2026-02-13 20:58:07.911373,Seoul-4be6,5,69,Normal
2026-02-13 20:58:08.911373,Seoul-4be6,-3,13,Normal
2026-02-13 20:58:09.911373,Seoul-4be6,5,46,Normal
2026-02-13 20:58:10.911373,Seoul-4be6,-13,23,Normal
2026-02-13 20:58:11.911373,Seoul-4be6,-15,47,Normal
2026-02-13 20:58:12.911373,Seoul-4be6,36,57,Normal
2026-02-13 20:58:13.911373,Seoul-4be6,-1,15,Normal
2026-02-13 20:58:14.911373,Seoul-4be6,-20,15,Normal
2026-02-13 20:58:15.911373,Seoul-4be6,36,22,Normal
2026-02-13 20:58:16.911373,Seoul-4be6,-24,85,Normal
2026-02-13 20:58:17.911373,Seoul-4be6,26,40,Normal
2026-02-13 20:58:18.911373,Seoul-4be6,-11,91,Normal
2026-02-13 20:58:19.911373,Seoul-4be6,-9,62,Normal
2026-02-13 20:58:20.911373,Seoul-4be6,5,90,Normal
2026-02-13 20:58:21.911373,Seoul-4be6,-29,19,Normal
2026-02-13 20:58:22.911373,Seoul-4be6,30,38,Normal
2026-02-13 20:58:23.911373,Seoul-4be6,-16,35,Normal
2026-02-13 20:58:24.911373,Seoul-4be6,41,67,Normal
2026-02-13 20:58:25.911373,Seoul-4be6,39,25,Normal
2026-02-13 20:58:26.911373,Seoul-4be6,7,73,Normal
2026-02-13 20:58:27.911373,Seoul-4be6,-9,86,Normal
2026-02-13 20:58:28.911373,Seoul-4be6,43,82,Normal
2026-02-13 20:58:29.911373,Seoul-4be6,9,17,Normal
2026-02-13 20:58:30.911373,Seoul-4be6,13,80,Normal
2026-02-13 20:58:31.911373,Seoul-4be6,-27,72,Normal
2026-02-13 20:58:32.911373,Seoul-4be6,33,37,Normal
2026-02-13 20:58:33.911373,Seoul-4be6,15,67,Normal
2026-02-13 20:58:34.911373,Seoul-4be6,22,26,Normal
2026-02-13 20:58:35.911373,Seoul-4be6,-23,95,Normal
2026-02-13 20:58:36.911373,Seoul-4be6,1,43,Normal
2026-02-13 20:58:37.911373,Seoul-4be6,16,92,Normal
2026-02-13 20:58:38.911373,Seoul-4be6,18,16,Normal
2026-02-13 20:58:39.911373,Seoul-4be6,-24,77,Normal
2026-02-13 20:58:40.911373,Seoul-4be6,7,96,Normal
2026-02-13 20:58:41.911373,Seoul-4be6,-24,15,Normal
2026-02-13 20:58:42.911373,Seoul-4be6,-17,88,Normal
2026-02-13 20:58:43.911373,Seoul-4be6,34,20,Normal
2026-02-13 20:58:44.911373,Seoul-4be6,50,95,Normal
2026-02-13 20:58:45.911373,Seoul-4be6,-1,61,Normal
2026-02-13 20:58:46.911373,Seoul-4be6,-27,78,Normal
2026-02-13 20:58:47.911373,Seoul-4be6,43,44,Normal
2026-02-13 20:58:48.911373,Seoul-4be6,6,31,Normal
2026-02-13 20:58:49.911373,Seoul-4be6,23,69,Normal
2026-02-13 20:58:50.911373,Seoul-4be6,-2,92,Normal
2026-02-13 20:58:51.911373,Seoul-4be6,14,32,Normal
2026-02-13 20:58:52.911373,Seoul-4be6,38,89,Normal
2026-02-13 20:58:53.911373,Seoul-4be6,32,6,Normal
2026-02-13 20:58:54.911373,Seoul-4be6,32,19,Normal
2026-02-13 20:58:55.911373,Seoul-4be6,22,17,Normal
2026-02-13 20:58:56.911373,Seoul-4be6,18,3,Normal
2026-02-13 20:58:57.911373,Seoul-4be6,27,33,Normal
2026-02-13 20:58:58.911373,Seoul-4be6,13,31,Normal
2026-02-13 20:58:59.911373,Seoul-4be6,-7,66,Normal
2026-02-13 20:59:00.911373,Seoul-4be6,11,67,Normal
2026-02-13 20:59:01.911373,Seoul-4be6,-24,68,Normal
2026-02-13 20:59:02.911373,Seoul-4be6,35,60,Normal
2026-02-13 20:59:03.911373,Seoul-4be6,35,11,Normal
2026-02-13 20:59:04.911373,Seoul-4be6,-6,58,Normal
2026-02-13 20:59:05.911373,Seoul-4be6,-16,76,Normal
2026-02-13 20:59:06.911373,Seoul-4be6,6,70,Normal
2026-02-13 20:59:07.911373,Seoul-4be6,36,64,Normal
2026-02-13 20:59:08.911373,Seoul-4be6,15,6,Normal
2026-02-13 20:59:09.911373,Seoul-4be6,47,18,Normal
2026-02-13 20:59:10.911373,Seoul-4be6,48,99,Normal
2026-02-13 20:59:11.911373,Seoul-4be6,43,79,Normal
2026-02-13 20:59:12.911373,Seoul-4be6,15,96,Normal
2026-02-13 20:59:13.911373,Seoul-4be6,-1,72,Normal
2026-02-13 20:59:14.911373,Seoul-4be6,40,98,Normal
2026-02-13 20:59:15.911373,Seoul-4be6,9,25,Normal
2026-02-13 20:59:16.911373,Seoul-4be6,39,59,Normal
2026-02-13 20:59:17.911373,Seoul-4be6,-30,50,Normal
2026-02-13 20:59:18.911373,Seoul-4be6,39,14,Normal
2026-02-13 20:59:19.911373,Seoul-4be6,37,97,Normal
2026-02-13 20:59:20.911373,Seoul-4be6,31,63,Normal
2026-02-13 20:59:21.911373,Seoul-4be6,11,95,Normal
2026-02-13 20:59:22.911373,Seoul-4be6,-14,56,Normal
2026-02-13 20:59:23.911373,Seoul-4be6,26,68,Normal
2026-02-13 20:59:24.911373,Seoul-4be6,-12,49,Normal
2026-02-13 20:59:25.911373,Seoul-4be6,-24,38,Normal
2026-02-13 20:59:26.911373,Seoul-4be6,15,27,Normal
2026-02-13 20:59:27.911373,Seoul-4be6,-19,96,Normal
2026-02-13 20:59:28.911373,Seoul-4be6,10,44,Normal
2026-02-13 20:59:29.911373,Seoul-4be6,17,10,Normal
2026-02-13 20:59:30.911373,Seoul-4be6,-12,10,Normal
2026-02-13 20:59:31.911373,Seoul-4be6,-19,58,Normal
2026-02-13 20:59:32.911373,Seoul-4be6,20,86,Normal
2026-02-13 20:59:33.911373,Seoul-4be6,-21,69,Normal
2026-02-13 20:59:34.911373,Seoul-4be6,36,24,Normal
2026-02-13 20:59:35.911373,Seoul-4be6,31,98,Normal
2026-02-13 20:59:36.911373,Seoul-4be6,0,56,Normal
2026-02-13 20:59:37.911373,Seoul-4be6,23,37,Normal
2026-02-13 20:59:38.911373,Seoul-4be6,1,13,Normal
2026-02-13 20:59:39.911373,Seoul-4be6,-3,84,Normal
2026-02-13 20:59:40.911373,Seoul-4be6,47,24,Normal
2026-02-13 20:59:41.911373,Seoul-4be6,-12,36,Normal
2026-02-13 20:59:42.911373,Seoul-4be6,-29,44,Normal
2026-02-13 20:59:43.911373,Seoul-4be6,-4,100,Normal
2026-02-13 20:59:44.911373,Seoul-4be6,36,81,Normal
2026-02-13 20:59:45.911373,Seoul-4be6,-28,94,Normal
2026-02-13 20:59:46.911373,Seoul-4be6,36,12,Normal
2026-02-13 20:59:47.911373,Seoul-4be6,-8,38,Normal
2026-02-13 20:59:48.911373,Seoul-4be6,-13,7,Normal
2026-02-13 20:59:49.911373,Seoul-4be6,13,25,Normal
2026-02-13 20:59:50.911373,Seoul-4be6,-16,57,Normal
2026-02-13 20:59:51.911373,Seoul-4be6,-18,1,Normal
2026-02-13 20:59:52.911373,Seoul-4be6,50,16,Normal
2026-02-13 20:59:53.911373,Seoul-4be6,-29,78,Normal
2026-02-13 20:59:54.911373,Seoul-4be6,-20,64,Normal
2026-02-13 20:59:55.911373,Seoul-4be6,-15,67,Normal
2026-02-13 20:59:56.911373,Seoul-4be6,-20,13,Normal
2026-02-13 20:59:57.911373,Seoul-4be6,19,98,Normal
2026-02-13 20:59:58.911373,Seoul-4be6,-9,32,Normal
2026-02-13 20:59:59.911373,Seoul-4be6,43,40,Normal
2026-02-13 21:00:00.911373,Seoul-4be6,26,2,Normal
2026-02-13 21:00:01.911373,Seoul-4be6,24,35,Normal
2026-02-13 21:00:02.911373,Seoul-4be6,-9,28,Normal
2026-02-13 21:00:03.911373,Seoul-4be6,35,40,Normal
2026-02-13 21:00:04.911373,Seoul-4be6,47,26,Normal
2026-02-13 21:00:05.911373,Seoul-4be6,-16,20,Normal
2026-02-13 21:00:06.911373,Seoul-4be6,39,98,Normal
2026-02-13 21:00:07.911373,Seoul-4be6,25,46,Normal
2026-02-13 21:00:08.911373,Seoul-4be6,23,42,Normal
2026-02-13 21:00:09.911373,Seoul-4be6,-3,77,Normal
2026-02-13 21:00:10.911373,Seoul-4be6,-24,69,Normal
2026-02-13 21:00:11.911373,Seoul-4be6,49,84,Normal
2026-02-13 21:00:12.911373,Seoul-4be6,28,23,Normal
2026-02-13 21:00:13.911373,Seoul-4be6,31,56,Normal
2026-02-13 21:00:14.911373,Seoul-4be6,-13,77,Normal
2026-02-13 21:00:15.911373,Seoul-4be6,31,52,Normal
2026-02-13 21:00:16.911373,Seoul-4be6,44,25,Normal
2026-02-13 21:00:17.911373,Seoul-4be6,23,91,Normal
2026-02-13 21:00:18.911373,Seoul-4be6,45,39,Normal
2026-02-13 21:00:19.911373,Seoul-4be6,-12,61,Normal
2026-02-13 21:00:20.911373,Seoul-4be6,49,40,Normal
2026-02-13 21:00:21.911373,Seoul-4be6,19,93,Normal
2026-02-13 21:00:22.911373,Seoul-4be6,-20,72,Normal
2026-02-13 21:00:23.911373,Seoul-4be6,-3,77,Normal
2026-02-13 21:00:24.911373,Seoul-4be6,44,18,Normal
2026-02-13 21:00:25.911373,Seoul-4be6,19,72,Normal
2026-02-13 21:00:26.911373,Seoul-4be6,-17,68,Normal
2026-02-13 21:00:27.911373,Seoul-4be6,19,63,Normal
2026-02-13 21:00:28.911373,Seoul-4be6,24,81,Normal
2026-02-13 21:00:29.911373,Seoul-4be6,-6,40,Normal
2026-02-13 21:00:30.911373,Seoul-4be6,-5,57,Normal
2026-02-13 21:00:31.911373,Seoul-4be6,46,64,Normal
2026-02-13 21:00:32.911373,Seoul-4be6,29,15,Normal
2026-02-13 21:00:33.911373,Seoul-4be6,4,93,Normal
2026-02-13 21:00:34.911373,Seoul-4be6,-20,62,Normal
2026-02-13 21:00:35.911373,Seoul-4be6,41,69,Normal
2026-02-13 21:00:36.911373,Seoul-4be6,14,81,Normal
2026-02-13 21:00:37.911373,Seoul-4be6,-1,54,Normal
2026-02-13 21:00:38.911373,Seoul-4be6,47,92,Normal
2026-02-13 21:00:39.911373,Seoul-4be6,-14,48,Normal
2026-02-13 21:00:40.911373,Seoul-4be6,19,38,Normal
2026-02-13 21:00:41.911373,Seoul-4be6,6,3,Normal
2026-02-13 21:00:42.911373,Seoul-4be6,-13,19,Normal
2026-02-13 21:00:43.911373,Seoul-4be6,38,20,Normal
2026-02-13 21:00:44.911373,Seoul-4be6,27,84,Normal
2026-02-13 21:00:45.911373,Seoul-4be6,13,97,Normal
2026-02-13 21:00:46.911373,Seoul-4be6,-12,19,Normal
2026-02-13 21:00:47.911373,Seoul-4be6,-7,82,Normal
2026-02-13 21:00:48.911373,Seoul-4be6,28,55,Normal
2026-02-13 21:00:49.911373,Seoul-4be6,38,94,Normal
2026-02-13 21:00:50.911373,Seoul-4be6,-16,89,Normal
2026-02-13 21:00:51.911373,Seoul-4be6,30,88,Normal
2026-02-13 21:00:52.911373,Seoul-4be6,-19,86,Normal
2026-02-13 21:00:53.911373,Seoul-4be6,8,76,Normal
2026-02-13 21:00:54.911373,Seoul-4be6,12,26,Normal
2026-02-13 21:00:55.911373,Seoul-4be6,20,31,Normal
2026-02-13 21:00:56.911373,Seoul-4be6,-18,30,Normal
2026-02-13 21:00:57.911373,Seoul-4be6,38,51,Normal
2026-02-13 21:00:58.911373,Seoul-4be6,-5,32,Normal
2026-02-13 21:00:59.911373,Seoul-4be6,34,63,Normal
2026-02-13 21:01:00.911373,Seoul-4be6,-7,91,Normal
2026-02-13 21:01:01.911373,Seoul-4be6,44,58,Normal
2026-02-13 21:01:02.911373,Seoul-4be6,-1,13,Normal
2026-02-13 21:01:03.911373,Seoul-4be6,40,71,Normal
2026-02-13 21:01:04.911373,Seoul-4be6,37,30,Normal
2026-02-13 21:01:05.911373,Seoul-4be6,9,87,Normal
2026-02-13 21:01:06.911373,Seoul-4be6,0,5,Normal
2026-02-13 21:01:07.911373,Seoul-4be6,5,19,Normal
2026-02-13 21:01:08.911373,Seoul-4be6,50,57,Normal
2026-02-13 21:01:09.911373,Seoul-4be6,27,68,Normal
2026-02-13 21:01:10.911373,Seoul-4be6,-20,5,Normal
2026-02-13 21:01:11.911373,Seoul-4be6,15,9,Normal
2026-02-13 21:01:12.911373,Seoul-4be6,46,18,Normal
2026-02-13 21:01:13.911373,Seoul-4be6,21,58,Normal
2026-02-13 21:01:14.911373,Seoul-4be6,-3,82,Normal
2026-02-13 21:01:15.911373,Seoul-4be6,42,32,Normal
2026-02-13 21:01:16.911373,Seoul-4be6,6,5,Normal
2026-02-13 21:01:17.911373,Seoul-4be6,-2,55,Normal
2026-02-13 21:01:18.911373,Seoul-4be6,3,56,Normal
2026-02-13 21:01:19.911373,Seoul-4be6,23,43,Normal
2026-02-13 21:01:20.911373,Seoul-4be6,24,54,Normal
2026-02-13 21:01:21.911373,Seoul-4be6,-29,53,Normal
2026-02-13 21:01:22.911373,Seoul-4be6,18,13,Normal
2026-02-13 21:01:23.911373,Seoul-4be6,-3,2,Normal
2026-02-13 21:01:24.911373,Seoul-4be6,-15,30,Normal
2026-02-13 21:01:25.911373,Seoul-4be6,3,100,Normal
2026-02-13 21:01:26.911373,Seoul-4be6,8,27,Normal
2026-02-13 21:01:27.911373,Seoul-4be6,45,20,Normal
2026-02-13 21:01:28.911373,Seoul-4be6,-22,16,Normal
2026-02-13 21:01:29.911373,Seoul-4be6,-9,50,Normal
2026-02-13 21:01:30.911373,Seoul-4be6,34,91,Normal
2026-02-13 21:01:31.911373,Seoul-4be6,43,10,Normal
2026-02-13 21:01:32.911373,Seoul-4be6,17,46,Normal
2026-02-13 21:01:33.911373,Seoul-4be6,-2,91,Normal
2026-02-13 21:01:34.911373,Seoul-4be6,6,36,Normal
2026-02-13 21:01:35.911373,Seoul-4be6,26,19,Normal
2026-02-13 21:01:36.911373,Seoul-4be6,8,90,Normal
2026-02-13 21:01:37.911373,Seoul-4be6,1,50,Normal
2026-02-13 21:01:38.911373,Seoul-4be6,30,97,Normal
2026-02-13 21:01:39.911373,Seoul-4be6,-17,29,Normal
2026-02-13 21:01:40.911373,Seoul-4be6,33,49,Normal
2026-02-13 21:01:41.911373,Seoul-4be6,31,14,Normal
2026-02-13 21:01:42.911373,Seoul-4be6,17,32,Normal
2026-02-13 21:01:43.911373,Seoul-4be6,28,59,Normal
2026-02-13 21:01:44.911373,Seoul-4be6,24,76,Normal
2026-02-13 21:01:45.911373,Seoul-4be6,15,84,Normal
2026-02-13 21:01:46.911373,Seoul-4be6,-21,97,Normal
2026-02-13 21:01:47.911373,Seoul-4be6,50,99,Normal
2026-02-13 21:01:48.911373,Seoul-4be6,-16,77,Normal
2026-02-13 21:01:49.911373,Seoul-4be6,-4,8,Normal
2026-02-13 21:01:50.911373,Seoul-4be6,49,81,Normal
2026-02-13 21:01:51.911373,Seoul-4be6,-28,84,Normal
2026-02-13 21:01:52.911373,Seoul-4be6,16,57,Normal
2026-02-13 21:01:53.911373,Seoul-4be6,-8,58,Normal
2026-02-13 21:01:54.911373,Seoul-4be6,20,37,Normal
2026-02-13 21:01:55.911373,Seoul-4be6,-22,94,Normal
2026-02-13 21:01:56.911373,Seoul-4be6,33,99,Normal
2026-02-13 21:01:57.911373,Seoul-4be6,48,94,Normal
2026-02-13 21:01:58.911373,Seoul-4be6,-26,61,Normal
2026-02-13 21:01:59.911373,Seoul-4be6,-26,33,Normal
2026-02-13 21:02:00.911373,Seoul-4be6,14,71,Normal
2026-02-13 21:02:01.911373,Seoul-4be6,16,43,Normal
2026-02-13 21:02:02.911373,Seoul-4be6,-1,23,Normal
2026-02-13 21:02:03.911373,Seoul-4be6,-28,11,Normal
2026-02-13 21:02:04.911373,Seoul-4be6,31,49,Normal
2026-02-13 21:02:05.911373,Seoul-4be6,13,59,Normal
2026-02-13 21:02:06.911373,Seoul-4be6,-3,16,Normal
2026-02-13 21:02:07.911373,Seoul-4be6,6,68,Normal
2026-02-13 21:02:08.911373,Seoul-4be6,45,57,Normal
2026-02-13 21:02:09.911373,Seoul-4be6,-14,91,Normal
2026-02-13 21:02:10.911373,Seoul-4be6,-8,100,Normal
2026-02-13 21:02:11.911373,Seoul-4be6,49,55,Normal
2026-02-13 21:02:12.911373,Seoul-4be6,37,82,Normal
2026-02-13 21:02:13.911373,Seoul-4be6,15,27,Normal
2026-02-13 21:02:14.911373,Seoul-4be6,2,68,Normal
2026-02-13 21:02:15.911373,Seoul-4be6,0,8,Normal
2026-02-13 21:02:16.911373,Seoul-4be6,-23,81,Normal
2026-02-13 21:02:17.911373,Seoul-4be6,36,9,Normal
2026-02-13 21:02:18.911373,Seoul-4be6,22,81,Normal
2026-02-13 21:02:19.911373,Seoul-4be6,7,5,Normal
2026-02-13 21:02:20.911373,Seoul-4be6,36,15,Normal
2026-02-13 21:02:21.911373,Seoul-4be6,-8,5,Normal
2026-02-13 21:02:22.911373,Seoul-4be6,-6,16,Normal
2026-02-13 21:02:23.911373,Seoul-4be6,4,8,Normal
2026-02-13 21:02:24.911373,Seoul-4be6,20,3,Normal
2026-02-13 21:02:25.911373,Seoul-4be6,18,75,Normal
2026-02-13 21:02:26.911373,Seoul-4be6,-26,35,Normal
2026-02-13 21:02:27.911373,Seoul-4be6,20,79,Normal
2026-02-13 21:02:28.911373,Seoul-4be6,-14,64,Normal
2026-02-13 21:02:29.911373,Seoul-4be6,-19,59,Normal
2026-02-13 21:02:30.911373,Seoul-4be6,3,10,Normal
2026-02-13 21:02:31.911373,Seoul-4be6,-3,77,Normal
2026-02-13 21:02:32.911373,Seoul-4be6,49,72,Normal
2026-02-13 21:02:33.911373,Seoul-4be6,-4,85,Normal
2026-02-13 21:02:34.911373,Seoul-4be6,16,71,Normal
2026-02-13 21:02:35.911373,Seoul-4be6,11,91,Normal
2026-02-13 21:02:36.911373,Seoul-4be6,-19,67,Normal
2026-02-13 21:02:37.911373,Seoul-4be6,46,90,Normal
2026-02-13 21:02:38.911373,Seoul-4be6,7,95,Normal
2026-02-13 21:02:39.911373,Seoul-4be6,-12,59,Normal
2026-02-13 21:02:40.911373,Seoul-4be6,34,51,Normal
2026-02-13 21:02:41.911373,Seoul-4be6,45,15,Normal
2026-02-13 21:02:42.911373,Seoul-4be6,-1,77,Normal
2026-02-13 21:02:43.911373,Seoul-4be6,8,85,Normal
2026-02-13 21:02:44.911373,Seoul-4be6,43,56,Normal
2026-02-13 21:02:45.911373,Seoul-4be6,-5,59,Normal
2026-02-13 21:02:46.911373,Seoul-4be6,-7,41,Normal
2026-02-13 21:02:47.911373,Seoul-4be6,39,38,Normal
2026-02-13 21:02:48.911373,Seoul-4be6,12,40,Normal
2026-02-13 21:02:49.911373,Seoul-4be6,2,9,Normal
2026-02-13 21:02:50.911373,Seoul-4be6,25,73,Normal
2026-02-13 21:02:51.911373,Seoul-4be6,-17,41,Normal
2026-02-13 21:02:52.911373,Seoul-4be6,-30,68,Normal
2026-02-13 21:02:53.911373,Seoul-4be6,0,10,Normal
2026-02-13 21:02:54.911373,Seoul-4be6,4,58,Normal
2026-02-13 21:02:55.911373,Seoul-4be6,-6,95,Normal
2026-02-13 21:02:56.911373,Seoul-4be6,35,69,Normal
2026-02-13 21:02:57.911373,Seoul-4be6,-22,60,Normal
2026-02-13 21:02:58.911373,Seoul-4be6,24,89,Normal
2026-02-13 21:02:59.911373,Seoul-4be6,33,48,Normal
2026-02-13 21:03:00.911373,Seoul-4be6,11,76,Normal
2026-02-13 21:03:01.911373,Seoul-4be6,-22,14,Normal
2026-02-13 21:03:02.911373,Seoul-4be6,24,68,Normal
2026-02-13 21:03:03.911373,Seoul-4be6,8,4,Normal
2026-02-13 21:03:04.911373,Seoul-4be6,-18,29,Normal
2026-02-13 21:03:05.911373,Seoul-4be6,7,11,Normal
2026-02-13 21:03:06.911373,Seoul-4be6,1,85,Normal
2026-02-13 21:03:07.911373,Seoul-4be6,9,21,Normal
2026-02-13 21:03:08.911373,Seoul-4be6,28,38,Normal
2026-02-13 21:03:09.911373,Seoul-4be6,2,14,Normal
2026-02-13 21:03:10.911373,Seoul-4be6,-25,11,Normal
2026-02-13 21:03:11.911373,Seoul-4be6,-25,54,Normal
2026-02-13 21:03:12.911373,Seoul-4be6,35,94,Normal
2026-02-13 21:03:13.911373,Seoul-4be6,-25,26,Normal
2026-02-13 21:03:14.911373,Seoul-4be6,15,87,Normal
2026-02-13 21:03:15.911373,Seoul-4be6,-29,2,Normal
2026-02-13 21:03:16.911373,Seoul-4be6,20,36,Normal
2026-02-13 21:03:17.911373,Seoul-4be6,38,95,Normal
2026-02-13 21:03:18.911373,Seoul-4be6,43,29,Normal
2026-02-13 21:03:19.911373,Seoul-4be6,-21,23,Normal
2026-02-13 21:03:20.911373,Seoul-4be6,0,65,Normal
2026-02-13 21:03:21.911373,Seoul-4be6,40,32,Normal
2026-02-13 21:03:22.911373,Seoul-4be6,-21,37,Normal
2026-02-13 21:03:23.911373,Seoul-4be6,22,50,Normal
2026-02-13 21:03:24.911373,Seoul-4be6,49,5,Normal
2026-02-13 21:03:25.911373,Seoul-4be6,-17,22,Normal
2026-02-13 21:03:26.911373,Seoul-4be6,-27,80,Normal
2026-02-13 21:03:27.911373,Seoul-4be6,-20,14,Normal
2026-02-13 21:03:28.911373,Seoul-4be6,50,40,Normal
2026-02-13 21:03:29.911373,Seoul-4be6,40,4,Normal
2026-02-13 21:03:30.911373,Seoul-4be6,48,81,Normal
2026-02-13 21:03:31.911373,Seoul-4be6,-7,65,Normal
2026-02-13 21:03:32.911373,Seoul-4be6,45,7,Normal
2026-02-13 21:03:33.911373,Seoul-4be6,20,66,Normal
2026-02-13 21:03:34.911373,Seoul-4be6,4,99,Normal
2026-02-13 21:03:35.911373,Seoul-4be6,-12,16,Normal
2026-02-13 21:03:36.911373,Seoul-4be6,7,48,Normal
2026-02-13 21:03:37.911373,Seoul-4be6,-10,35,Normal
2026-02-13 21:03:38.911373,Seoul-4be6,-13,93,Normal
2026-02-13 21:03:39.911373,Seoul-4be6,36,93,Normal
2026-02-13 21:03:40.911373,Seoul-4be6,38,89,Normal
2026-02-13 21:03:41.911373,Seoul-4be6,48,100,Normal
2026-02-13 21:03:42.911373,Seoul-4be6,-15,75,Normal
2026-02-13 21:03:43.911373,Seoul-4be6,-5,43,Normal
2026-02-13 21:03:44.911373,Seoul-4be6,19,80,Normal
2026-02-13 21:03:45.911373,Seoul-4be6,-6,94,Normal
2026-02-13 21:03:46.911373,Seoul-4be6,25,84,Normal
2026-02-13 21:03:47.911373,Seoul-4be6,40,55,Normal
2026-02-13 21:03:48.911373,Seoul-4be6,4,40,Normal
2026-02-13 21:03:49.911373,Seoul-4be6,-21,57,Normal
2026-02-13 21:03:50.911373,Seoul-4be6,27,45,Normal
2026-02-13 21:03:51.911373,Seoul-4be6,44,50,Normal
2026-02-13 21:03:52.911373,Seoul-4be6,31,45,Normal
2026-02-13 21:03:53.911373,Seoul-4be6,28,60,Normal
2026-02-13 21:03:54.911373,Seoul-4be6,26,2,Normal
2026-02-13 21:03:55.911373,Seoul-4be6,2,15,Normal
2026-02-13 21:03:56.911373,Seoul-4be6,-11,45,Normal
2026-02-13 21:03:57.911373,Seoul-4be6,-28,60,Normal
2026-02-13 21:03:58.911373,Seoul-4be6,42,51,Normal
2026-02-13 21:03:59.911373,Seoul-4be6,10,12,Normal
2026-02-13 21:04:00.911373,Seoul-4be6,-23,7,Normal
2026-02-13 21:04:01.911373,Seoul-4be6,-12,39,Normal
2026-02-13 21:04:02.911373,Seoul-4be6,-4,5,Normal
2026-02-13 21:04:03.911373,Seoul-4be6,-18,2,Normal
2026-02-13 21:04:04.911373,Seoul-4be6,20,18,Normal
2026-02-13 21:04:05.911373,Seoul-4be6,25,94,Normal
2026-02-13 21:04:06.911373,Seoul-4be6,50,0,Normal
2026-02-13 21:04:07.911373,Seoul-4be6,3,9,Normal
2026-02-13 21:04:08.911373,Seoul-4be6,-13,59,Normal
2026-02-13 21:04:09.911373,Seoul-4be6,37,92,Normal
2026-02-13 21:04:10.911373,Seoul-4be6,-20,58,Normal
2026-02-13 21:04:11.911373,Seoul-4be6,33,26,Normal
2026-02-13 21:04:12.911373,Seoul-4be6,28,60,Normal
2026-02-13 21:04:13.911373,Seoul-4be6,31,67,Normal
2026-02-13 21:04:14.911373,Seoul-4be6,15,65,Normal
2026-02-13 21:04:15.911373,Seoul-4be6,-14,73,Normal
2026-02-13 21:04:16.911373,Seoul-4be6,28,35,Normal
2026-02-13 21:04:17.911373,Seoul-4be6,24,5,Normal
2026-02-13 21:04:18.911373,Seoul-4be6,21,25,Normal
2026-02-13 21:04:19.911373,Seoul-4be6,-4,85,Normal
2026-02-13 21:04:20.911373,Seoul-4be6,41,89,Normal
2026-02-13 21:04:21.911373,Seoul-4be6,-6,17,Normal
2026-02-13 21:04:22.911373,Seoul-4be6,-25,30,Normal
2026-02-13 21:04:23.911373,Seoul-4be6,46,57,Normal
2026-02-13 21:04:24.911373,Seoul-4be6,46,24,Normal
2026-02-13 21:04:25.911373,Seoul-4be6,28,26,Normal
2026-02-13 21:04:26.911373,Seoul-4be6,36,73,Normal
2026-02-13 21:04:27.911373,Seoul-4be6,-23,27,Normal
2026-02-13 21:04:28.911373,Seoul-4be6,-22,65,Normal
2026-02-13 21:04:29.911373,Seoul-4be6,26,22,Normal
2026-02-13 21:04:30.911373,Seoul-4be6,30,63,Normal
2026-02-13 21:04:31.911373,Seoul-4be6,-19,12,Normal
2026-02-13 21:04:32.911373,Seoul-4be6,-21,80,Normal
2026-02-13 21:04:33.911373,Seoul-4be6,-9,14,Normal
2026-02-13 21:04:34.911373,Seoul-4be6,-6,25,Normal
2026-02-13 21:04:35.911373,Seoul-4be6,31,83,Normal
2026-02-13 21:04:36.911373,Seoul-4be6,38,20,Normal
2026-02-13 21:04:37.911373,Seoul-4be6,0,85,Normal
2026-02-13 21:04:38.911373,Seoul-4be6,16,77,Normal
2026-02-13 21:04:39.911373,Seoul-4be6,6,93,Normal
2026-02-13 21:04:40.911373,Seoul-4be6,-2,49,Normal
2026-02-13 21:04:41.911373,Seoul-4be6,30,18,Normal
2026-02-13 21:04:42.911373,Seoul-4be6,2,86,Normal
2026-02-13 21:04:43.911373,Seoul-4be6,23,37,Normal
2026-02-13 21:04:44.911373,Seoul-4be6,29,70,Normal
2026-02-13 21:04:45.911373,Seoul-4be6,-24,43,Normal
2026-02-13 21:04:46.911373,Seoul-4be6,32,2,Normal
2026-02-13 21:04:47.911373,Seoul-4be6,21,97,Normal
2026-02-13 21:04:48.911373,Seoul-4be6,-6,54,Normal
2026-02-13 21:04:49.911373,Seoul-4be6,-26,95,Normal
2026-02-13 21:04:50.911373,Seoul-4be6,26,16,Normal
2026-02-13 21:04:51.911373,Seoul-4be6,30,45,Normal
2026-02-13 21:04:52.911373,Seoul-4be6,38,51,Normal
2026-02-13 21:04:53.911373,Seoul-4be6,17,14,Normal
2026-02-13 21:04:54.911373,Seoul-4be6,0,73,Normal
2026-02-13 21:04:55.911373,Seoul-4be6,5,50,Normal
2026-02-13 21:04:56.911373,Seoul-4be6,30,97,Normal
2026-02-13 21:04:57.911373,Seoul-4be6,-4,51,Normal
2026-02-13 21:04:58.911373,Seoul-4be6,-3,13,Normal
2026-02-13 21:04:59.911373,Seoul-4be6,45,38,Normal
2026-02-13 21:05:00.911373,Seoul-4be6,30,30,Normal
2026-02-13 21:05:01.911373,Seoul-4be6,27,62,Normal
2026-02-13 21:05:02.911373,Seoul-4be6,21,98,Normal
2026-02-13 21:05:03.911373,Seoul-4be6,6,9,Normal
2026-02-13 21:05:04.911373,Seoul-4be6,36,88,Normal
2026-02-13 21:05:05.911373,Seoul-4be6,35,56,Normal
2026-02-13 21:05:06.911373,Seoul-4be6,41,52,Normal
2026-02-13 21:05:07.911373,Seoul-4be6,24,36,Normal
2026-02-13 21:05:08.911373,Seoul-4be6,-27,44,Normal
2026-02-13 21:05:09.911373,Seoul-4be6,-12,16,Normal
2026-02-13 21:05:10.911373,Seoul-4be6,36,80,Normal
2026-02-13 21:05:11.911373,Seoul-4be6,7,19,Normal
2026-02-13 21:05:12.911373,Seoul-4be6,37,11,Normal
2026-02-13 21:05:13.911373,Seoul-4be6,33,62,Normal
2026-02-13 21:05:14.911373,Seoul-4be6,3,85,Normal
2026-02-13 21:05:15.911373,Seoul-4be6,40,72,Normal
2026-02-13 21:05:16.911373,Seoul-4be6,25,90,Normal
2026-02-13 21:05:17.911373,Seoul-4be6,32,7,Normal
2026-02-13 21:05:18.911373,Seoul-4be6,6,60,Normal
2026-02-13 21:05:19.911373,Seoul-4be6,-3,75,Normal
2026-02-13 21:05:20.911373,Seoul-4be6,23,91,Normal
2026-02-13 21:05:21.911373,Seoul-4be6,24,38,Normal
2026-02-13 21:05:22.911373,Seoul-4be6,9,91,Normal
2026-02-13 21:05:23.911373,Seoul-4be6,5,13,Normal
2026-02-13 21:05:24.911373,Seoul-4be6,0,65,Normal
2026-02-13 21:05:25.911373,Seoul-4be6,-29,25,Normal
2026-02-13 21:05:26.911373,Seoul-4be6,18,21,Normal
2026-02-13 21:05:27.911373,Seoul-4be6,-1,8,Normal
2026-02-13 21:05:28.911373,Seoul-4be6,9,31,Normal
2026-02-13 21:05:29.911373,Seoul-4be6,34,76,Normal
2026-02-13 21:05:30.911373,Seoul-4be6,2,48,Normal
2026-02-13 21:05:31.911373,Seoul-4be6,32,48,Normal
2026-02-13 21:05:32.911373,Seoul-4be6,14,30,Normal
2026-02-13 21:05:33.911373,Seoul-4be6,43,73,Normal
2026-02-13 21:05:34.911373,Seoul-4be6,-4,3,Normal
2026-02-13 21:05:35.911373,Seoul-4be6,-21,38,Normal
2026-02-13 21:05:36.911373,Seoul-4be6,-12,47,Normal
2026-02-13 21:05:37.911373,Seoul-4be6,40,8,Normal
2026-02-13 21:05:38.911373,Seoul-4be6,17,16,Normal
2026-02-13 21:05:39.911373,Seoul-4be6,29,50,Normal
2026-02-13 21:05:40.911373,Seoul-4be6,29,77,Normal
2026-02-13 21:05:41.911373,Seoul-4be6,-6,55,Normal
2026-02-13 21:05:42.911373,Seoul-4be6,19,23,Normal
2026-02-13 21:05:43.911373,Seoul-4be6,-22,41,Normal
2026-02-13 21:05:44.911373,Seoul-4be6,-21,42,Normal
2026-02-13 21:05:45.911373,Seoul-4be6,34,83,Normal
2026-02-13 21:05:46.911373,Seoul-4be6,46,52,Normal
2026-02-13 21:05:47.911373,Seoul-4be6,-22,13,Normal
2026-02-13 21:05:48.911373,Seoul-4be6,22,5,Normal
2026-02-13 21:05:49.911373,Seoul-4be6,34,85,Normal
2026-02-13 21:05:50.911373,Seoul-4be6,47,72,Normal
2026-02-13 21:05:51.911373,Seoul-4be6,-8,20,Normal
2026-02-13 21:05:52.911373,Seoul-4be6,-25,55,Normal
2026-02-13 21:05:53.911373,Seoul-4be6,47,45,Normal
2026-02-13 21:05:54.911373,Seoul-4be6,43,66,Normal
2026-02-13 21:05:55.911373,Seoul-4be6,25,32,Normal
2026-02-13 21:05:56.911373,Seoul-4be6,-7,73,Normal
2026-02-13 21:05:57.911373,Seoul-4be6,0,39,Normal
2026-02-13 21:05:58.911373,Seoul-4be6,1,89,Normal
2026-02-13 21:05:59.911373,Seoul-4be6,8,22,Normal
2026-02-13 21:06:00.911373,Seoul-4be6,-16,56,Normal
2026-02-13 21:06:01.911373,Seoul-4be6,45,33,Normal
2026-02-13 21:06:02.911373,Seoul-4be6,14,24,Normal
2026-02-13 21:06:03.911373,Seoul-4be6,-11,75,Normal
2026-02-13 21:06:04.911373,Seoul-4be6,9,76,Normal
2026-02-13 21:06:05.911373,Seoul-4be6,4,77,Normal
2026-02-13 21:06:06.911373,Seoul-4be6,27,78,Normal
2026-02-13 21:06:07.911373,Seoul-4be6,24,55,Normal
2026-02-13 21:06:08.911373,Seoul-4be6,14,10,Normal
2026-02-13 21:06:09.911373,Seoul-4be6,27,37,Normal
2026-02-13 21:06:10.911373,Seoul-4be6,33,60,Normal
2026-02-13 21:06:11.911373,Seoul-4be6,10,45,Normal
2026-02-13 21:06:12.911373,Seoul-4be6,-28,23,Normal
2026-02-13 21:06:13.911373,Seoul-4be6,-6,13,Normal
2026-02-13 21:06:14.911373,Seoul-4be6,36,39,Normal
2026-02-13 21:06:15.911373,Seoul-4be6,46,96,Normal
2026-02-13 21:06:16.911373,Seoul-4be6,-28,64,Normal
2026-02-13 21:06:17.911373,Seoul-4be6,-26,42,Normal
2026-02-13 21:06:18.911373,Seoul-4be6,49,29,Normal
2026-02-13 21:06:19.911373,Seoul-4be6,-21,10,Normal
2026-02-13 21:06:20.911373,Seoul-4be6,15,67,Normal
2026-02-13 21:06:21.911373,Seoul-4be6,29,98,Normal
2026-02-13 21:06:22.911373,Seoul-4be6,-15,23,Normal
2026-02-13 21:06:23.911373,Seoul-4be6,22,37,Normal
2026-02-13 21:06:24.911373,Seoul-4be6,27,2,Normal
2026-02-13 21:06:25.911373,Seoul-4be6,26,94,Normal
2026-02-13 21:06:26.911373,Seoul-4be6,27,57,Normal
2026-02-13 21:06:27.911373,Seoul-4be6,30,12,Normal
2026-02-13 21:06:28.911373,Seoul-4be6,25,3,Normal
2026-02-13 21:06:29.911373,Seoul-4be6,-27,38,Normal
2026-02-13 21:06:30.911373,Seoul-4be6,0,96,Normal
2026-02-13 21:06:31.911373,Seoul-4be6,43,83,Normal
2026-02-13 21:06:32.911373,Seoul-4be6,41,84,Normal
2026-02-13 21:06:33.911373,Seoul-4be6,17,91,Normal
2026-02-13 21:06:34.911373,Seoul-4be6,5,51,Normal
2026-02-13 21:06:35.911373,Seoul-4be6,-22,63,Normal
2026-02-13 21:06:36.911373,Seoul-4be6,40,8,Normal
2026-02-13 21:06:37.911373,Seoul-4be6,0,56,Normal
2026-02-13 21:06:38.911373,Seoul-4be6,-5,46,Normal
2026-02-13 21:06:39.911373,Seoul-4be6,39,35,Normal
2026-02-13 21:06:40.911373,Seoul-4be6,30,29,Normal
2026-02-13 21:06:41.911373,Seoul-4be6,-25,55,Normal
2026-02-13 21:06:42.911373,Seoul-4be6,29,3,Normal
2026-02-13 21:06:43.911373,Seoul-4be6,22,92,Normal
2026-02-13 21:06:44.911373,Seoul-4be6,-8,24,Normal
2026-02-13 21:06:45.911373,Seoul-4be6,38,46,Normal
2026-02-13 21:06:46.911373,Seoul-4be6,12,13,Normal
2026-02-13 21:06:47.911373,Seoul-4be6,-16,23,Normal
2026-02-13 21:06:48.911373,Seoul-4be6,9,63,Normal
2026-02-13 21:06:49.911373,Seoul-4be6,36,97,Normal
2026-02-13 21:06:50.911373,Seoul-4be6,41,7,Normal
2026-02-13 21:06:51.911373,Seoul-4be6,-30,17,Normal
2026-02-13 21:06:52.911373,Seoul-4be6,14,60,Normal
2026-02-13 21:06:53.911373,Seoul-4be6,25,14,Normal
2026-02-13 21:06:54.911373,Seoul-4be6,-8,69,Normal
2026-02-13 21:06:55.911373,Seoul-4be6,-21,53,Normal
2026-02-13 21:06:56.911373,Seoul-4be6,40,27,Normal
2026-02-13 21:06:57.911373,Seoul-4be6,-20,45,Normal
2026-02-13 21:06:58.911373,Seoul-4be6,-9,51,Normal
2026-02-13 21:06:59.911373,Seoul-4be6,-20,87,Normal
2026-02-13 21:07:00.911373,Seoul-4be6,43,78,Normal
2026-02-13 21:07:01.911373,Seoul-4be6,39,37,Normal
2026-02-13 21:07:02.911373,Seoul-4be6,-5,50,Normal
2026-02-13 21:07:03.911373,Seoul-4be6,28,88,Normal
2026-02-13 21:07:04.911373,Seoul-4be6,18,35,Normal
2026-02-13 21:07:05.911373,Seoul-4be6,16,20,Normal
2026-02-13 21:07:06.911373,Seoul-4be6,-20,64,Normal
2026-02-13 21:07:07.911373,Seoul-4be6,-11,65,Normal
2026-02-13 21:07:08.911373,Seoul-4be6,1,90,Normal
2026-02-13 21:07:09.911373,Seoul-4be6,4,8,Normal
2026-02-13 21:07:10.911373,Seoul-4be6,4,59,Normal
2026-02-13 21:07:11.911373,Seoul-4be6,5,69,Normal
2026-02-13 21:07:12.911373,Seoul-4be6,13,47,Normal
2026-02-13 21:07:13.911373,Seoul-4be6,5,42,Normal
2026-02-13 21:07:14.911373,Seoul-4be6,13,92,Normal
2026-02-13 21:07:15.911373,Seoul-4be6,-13,97,Normal
2026-02-13 21:07:16.911373,Seoul-4be6,11,0,Normal
2026-02-13 21:07:17.911373,Seoul-4be6,31,58,Normal
2026-02-13 21:07:18.911373,Seoul-4be6,-1,62,Normal
2026-02-13 21:07:19.911373,Seoul-4be6,-26,96,Normal
2026-02-13 21:07:20.911373,Seoul-4be6,-16,69,Normal
2026-02-13 21:07:21.911373,Seoul-4be6,-29,58,Normal
2026-02-13 21:07:22.911373,Seoul-4be6,-7,76,Normal
2026-02-13 21:07:23.911373,Seoul-4be6,45,12,Normal
2026-02-13 21:07:24.911373,Seoul-4be6,11,81,Normal
2026-02-13 21:07:25.911373,Seoul-4be6,-15,34,Normal
2026-02-13 21:07:26.911373,Seoul-4be6,-29,50,Normal
2026-02-13 21:07:27.911373,Seoul-4be6,28,21,Normal
2026-02-13 21:07:28.911373,Seoul-4be6,-26,79,Normal
2026-02-13 21:07:29.911373,Seoul-4be6,-1,51,Normal
2026-02-13 21:07:30.911373,Seoul-4be6,30,57,Normal
2026-02-13 21:07:31.911373,Seoul-4be6,46,69,Normal
2026-02-13 21:07:32.911373,Seoul-4be6,47,39,Normal
2026-02-13 21:07:33.911373,Seoul-4be6,36,29,Normal
2026-02-13 21:07:34.911373,Seoul-4be6,48,63,Normal
2026-02-13 21:07:35.911373,Seoul-4be6,14,46,Normal
2026-02-13 21:07:36.911373,Seoul-4be6,30,54,Normal
2026-02-13 21:07:37.911373,Seoul-4be6,-25,58,Normal
2026-02-13 21:07:38.911373,Seoul-4be6,24,81,Normal
2026-02-13 21:07:39.911373,Seoul-4be6,22,46,Normal
2026-02-13 21:07:40.911373,Seoul-4be6,-9,67,Normal
2026-02-13 21:07:41.911373,Seoul-4be6,3,58,Normal
2026-02-13 21:07:42.911373,Seoul-4be6,5,37,Normal
2026-02-13 21:07:43.911373,Seoul-4be6,28,61,Normal
2026-02-13 21:07:44.911373,Seoul-4be6,-22,60,Normal
2026-02-13 21:07:45.911373,Seoul-4be6,0,4,Normal
2026-02-13 21:07:46.911373,Seoul-4be6,1,27,Normal
2026-02-13 21:07:47.911373,Seoul-4be6,-18,7,Normal
2026-02-13 21:07:48.911373,Seoul-4be6,14,25,Normal
2026-02-13 21:07:49.911373,Seoul-4be6,-30,74,Normal
2026-02-13 21:07:50.911373,Seoul-4be6,3,18,Normal
2026-02-13 21:07:51.911373,Seoul-4be6,1,22,Normal
2026-02-13 21:07:52.911373,Seoul-4be6,41,2,Normal
2026-02-13 21:07:53.911373,Seoul-4be6,-8,34,Normal
2026-02-13 21:07:54.911373,Seoul-4be6,-18,73,Normal
2026-02-13 21:07:55.911373,Seoul-4be6,-4,13,Normal
2026-02-13 21:07:56.911373,Seoul-4be6,37,18,Normal
2026-02-13 21:07:57.911373,Seoul-4be6,-17,48,Normal
2026-02-13 21:07:58.911373,Seoul-4be6,-14,51,Normal
2026-02-13 21:07:59.911373,Seoul-4be6,-9,67,Normal
2026-02-13 21:08:00.911373,Seoul-4be6,48,71,Normal
2026-02-13 21:08:01.911373,Seoul-4be6,-22,82,Normal
2026-02-13 21:08:02.911373,Seoul-4be6,-10,85,Normal
2026-02-13 21:08:03.911373,Seoul-4be6,21,54,Normal
2026-02-13 21:08:04.911373,Seoul-4be6,34,85,Normal
2026-02-13 21:08:05.911373,Seoul-4be6,19,31,Normal
2026-02-13 21:08:06.911373,Seoul-4be6,39,53,Normal
2026-02-13 21:08:07.911373,Seoul-4be6,13,13,Normal
2026-02-13 21:08:08.911373,Seoul-4be6,-24,80,Normal
2026-02-13 21:08:09.911373,Seoul-4be6,-23,28,Normal
2026-02-13 21:08:10.911373,Seoul-4be6,25,11,Normal
2026-02-13 21:08:11.911373,Seoul-4be6,32,62,Normal
2026-02-13 21:08:12.911373,Seoul-4be6,35,93,Normal
2026-02-13 21:08:13.911373,Seoul-4be6,-4,56,Normal
2026-02-13 21:08:14.911373,Seoul-4be6,-30,1,Normal
2026-02-13 21:08:15.911373,Seoul-4be6,48,78,Normal
2026-02-13 21:08:16.911373,Seoul-4be6,-30,40,Normal
2026-02-13 21:08:17.911373,Seoul-4be6,-21,87,Normal
2026-02-13 21:08:18.911373,Seoul-4be6,9,77,Normal
2026-02-13 21:08:19.911373,Seoul-4be6,20,56,Normal
2026-02-13 21:08:20.911373,Seoul-4be6,48,31,Normal
2026-02-13 21:08:21.911373,Seoul-4be6,22,26,Normal
2026-02-13 21:08:22.911373,Seoul-4be6,-16,28,Normal
2026-02-13 21:08:23.911373,Seoul-4be6,41,22,Normal
2026-02-13 21:08:24.911373,Seoul-4be6,32,98,Normal
2026-02-13 21:08:25.911373,Seoul-4be6,-5,13,Normal
2026-02-13 21:08:26.911373,Seoul-4be6,-24,18,Normal
2026-02-13 21:08:27.911373,Seoul-4be6,0,62,Normal
2026-02-13 21:08:28.911373,Seoul-4be6,35,13,Normal
2026-02-13 21:08:29.911373,Seoul-4be6,11,37,Normal
2026-02-13 21:08:30.911373,Seoul-4be6,43,18,Normal
2026-02-13 21:08:31.911373,Seoul-4be6,-21,9,Normal
2026-02-13 21:08:32.911373,Seoul-4be6,50,89,Normal
2026-02-13 21:08:33.911373,Seoul-4be6,7,86,Normal
2026-02-13 21:08:34.911373,Seoul-4be6,21,69,Normal
2026-02-13 21:08:35.911373,Seoul-4be6,25,57,Normal
2026-02-13 21:08:36.911373,Seoul-4be6,-7,96,Normal
2026-02-13 21:08:37.911373,Seoul-4be6,17,21,Normal
2026-02-13 21:08:38.911373,Seoul-4be6,38,36,Normal
2026-02-13 21:08:39.911373,Seoul-4be6,-11,10,Normal
2026-02-13 21:08:40.911373,Seoul-4be6,-28,93,Normal
2026-02-13 21:08:41.911373,Seoul-4be6,39,68,Normal
2026-02-13 21:08:42.911373,Seoul-4be6,11,37,Normal
2026-02-13 21:08:43.911373,Seoul-4be6,16,77,Normal
2026-02-13 21:08:44.911373,Seoul-4be6,32,69,Normal
2026-02-13 21:08:45.911373,Seoul-4be6,40,7,Normal
2026-02-13 21:08:46.911373,Seoul-4be6,-2,96,Normal
2026-02-13 21:08:47.911373,Seoul-4be6,38,82,Normal
2026-02-13 21:08:48.911373,Seoul-4be6,48,97,Normal
2026-02-13 21:08:49.911373,Seoul-4be6,-22,52,Normal
2026-02-13 21:08:50.911373,Seoul-4be6,23,21,Normal
2026-02-13 21:08:51.911373,Seoul-4be6,-14,22,Normal
2026-02-13 21:08:52.911373,Seoul-4be6,-10,43,Normal
2026-02-13 21:08:53.911373,Seoul-4be6,8,54,Normal
2026-02-13 21:08:54.911373,Seoul-4be6,4,39,Normal
2026-02-13 21:08:55.911373,Seoul-4be6,8,55,Normal
2026-02-13 21:08:56.911373,Seoul-4be6,38,7,Normal
2026-02-13 21:08:57.911373,Seoul-4be6,-21,36,Normal
2026-02-13 21:08:58.911373,Seoul-4be6,10,46,Normal
2026-02-13 21:08:59.911373,Seoul-4be6,9,49,Normal
2026-02-13 21:09:00.911373,Seoul-4be6,16,87,Normal
2026-02-13 21:09:01.911373,Seoul-4be6,-17,91,Normal
2026-02-13 21:09:02.911373,Seoul-4be6,-11,28,Normal
2026-02-13 21:09:03.911373,Seoul-4be6,10,77,Normal
2026-02-13 21:09:04.911373,Seoul-4be6,34,51,Normal
2026-02-13 21:09:05.911373,Seoul-4be6,-5,48,Normal
2026-02-13 21:09:06.911373,Seoul-4be6,6,1,Normal
2026-02-13 21:09:07.911373,Seoul-4be6,25,0,Normal
2026-02-13 21:09:08.911373,Seoul-4be6,4,48,Normal
2026-02-13 21:09:09.911373,Seoul-4be6,-15,45,Normal
2026-02-13 21:09:10.911373,Seoul-4be6,-9,75,Normal
2026-02-13 21:09:11.911373,Seoul-4be6,50,8,Normal
2026-02-13 21:09:12.911373,Seoul-4be6,-12,21,Normal
2026-02-13 21:09:13.911373,Seoul-4be6,29,72,Normal
2026-02-13 21:09:14.911373,Seoul-4be6,-22,41,Normal
2026-02-13 21:09:15.911373,Seoul-4be6,11,49,Normal
2026-02-13 21:09:16.911373,Seoul-4be6,25,77,Normal
2026-02-13 21:09:17.911373,Seoul-4be6,5,97,Normal
2026-02-13 21:09:18.911373,Seoul-4be6,31,64,Normal
2026-02-13 21:09:19.911373,Seoul-4be6,-3,37,Normal
2026-02-13 21:09:20.911373,Seoul-4be6,-24,2,Normal
2026-02-13 21:09:21.911373,Seoul-4be6,16,93,Normal
2026-02-13 21:09:22.911373,Seoul-4be6,25,93,Normal
2026-02-13 21:09:23.911373,Seoul-4be6,13,72,Normal
2026-02-13 21:09:24.911373,Seoul-4be6,32,1,Normal
2026-02-13 21:09:25.911373,Seoul-4be6,25,24,Normal
2026-02-13 21:09:26.911373,Seoul-4be6,29,43,Normal
2026-02-13 21:09:27.911373,Seoul-4be6,36,99,Normal
2026-02-13 21:09:28.911373,Seoul-4be6,-21,100,Normal
2026-02-13 21:09:29.911373,Seoul-4be6,6,69,Normal
2026-02-13 21:09:30.911373,Seoul-4be6,0,3,Normal
2026-02-13 21:09:31.911373,Seoul-4be6,10,56,Normal
2026-02-13 21:09:32.911373,Seoul-4be6,-26,54,Normal
2026-02-13 21:09:33.911373,Seoul-4be6,-3,75,Normal
2026-02-13 21:09:34.911373,Seoul-4be6,45,82,Normal
2026-02-13 21:09:35.911373,Seoul-4be6,33,36,Normal
2026-02-13 21:09:36.911373,Seoul-4be6,-10,35,Normal
2026-02-13 21:09:37.911373,Seoul-4be6,26,93,Normal
2026-02-13 21:09:38.911373,Seoul-4be6,-28,22,Normal
2026-02-13 21:09:39.911373,Seoul-4be6,48,41,Normal
2026-02-13 21:09:40.911373,Seoul-4be6,-5,56,Normal
2026-02-13 21:09:41.911373,Seoul-4be6,33,88,Normal
2026-02-13 21:09:42.911373,Seoul-4be6,-9,64,Normal
2026-02-13 21:09:43.911373,Seoul-4be6,12,81,Normal
2026-02-13 21:09:44.911373,Seoul-4be6,-26,8,Normal
2026-02-13 21:09:45.911373,Seoul-4be6,47,10,Normal
2026-02-13 21:09:46.911373,Seoul-4be6,43,69,Normal
2026-02-13 21:09:47.911373,Seoul-4be6,41,81,Normal
2026-02-13 21:09:48.911373,Seoul-4be6,14,13,Normal
2026-02-13 21:09:49.911373,Seoul-4be6,-2,96,Normal
2026-02-13 21:09:50.911373,Seoul-4be6,6,84,Normal
2026-02-13 21:09:51.911373,Seoul-4be6,28,5,Normal
2026-02-13 21:09:52.911373,Seoul-4be6,32,21,Normal
2026-02-13 21:09:53.911373,Seoul-4be6,36,98,Normal
2026-02-13 21:09:54.911373,Seoul-4be6,2,72,Normal
2026-02-13 21:09:55.911373,Seoul-4be6,-3,20,Normal
2026-02-13 21:09:56.911373,Seoul-4be6,24,44,Normal
2026-02-13 21:09:57.911373,Seoul-4be6,48,97,Normal
2026-02-13 21:09:58.911373,Seoul-4be6,36,55,Normal
2026-02-13 21:09:59.911373,Seoul-4be6,30,82,Normal
2026-02-13 21:10:00.911373,Seoul-4be6,-12,30,Normal
2026-02-13 21:10:01.911373,Seoul-4be6,-14,24,Normal
2026-02-13 21:10:02.911373,Seoul-4be6,41,15,Normal
2026-02-13 21:10:03.911373,Seoul-4be6,42,18,Normal
2026-02-13 21:10:04.911373,Seoul-4be6,-23,68,Normal
2026-02-13 21:10:05.911373,Seoul-4be6,12,88,Normal
2026-02-13 21:10:06.911373,Seoul-4be6,48,58,Normal
2026-02-13 21:10:07.911373,Seoul-4be6,4,61,Normal
2026-02-13 21:10:08.911373,Seoul-4be6,-28,62,Normal
2026-02-13 21:10:09.911373,Seoul-4be6,49,46,Normal
2026-02-13 21:10:10.911373,Seoul-4be6,-17,51,Normal
2026-02-13 21:10:11.911373,Seoul-4be6,27,5,Normal
2026-02-13 21:10:12.911373,Seoul-4be6,-20,61,Normal
2026-02-13 21:10:13.911373,Seoul-4be6,8,45,Normal
2026-02-13 21:10:14.911373,Seoul-4be6,-1,33,Normal
2026-02-13 21:10:15.911373,Seoul-4be6,34,36,Normal
2026-02-13 21:10:16.911373,Seoul-4be6,29,84,Normal
2026-02-13 21:10:17.911373,Seoul-4be6,13,85,Normal
2026-02-13 21:10:18.911373,Seoul-4be6,23,7,Normal
2026-02-13 21:10:19.911373,Seoul-4be6,35,0,Normal
2026-02-13 21:10:20.911373,Seoul-4be6,3,97,Normal
2026-02-13 21:10:21.911373,Seoul-4be6,-12,24,Normal
2026-02-13 21:10:22.911373,Seoul-4be6,8,9,Normal
2026-02-13 21:10:23.911373,Seoul-4be6,36,78,Normal
2026-02-13 21:10:24.911373,Seoul-4be6,-13,62,Normal
2026-02-13 21:10:25.911373,Seoul-4be6,-9,45,Normal
2026-02-13 21:10:26.911373,Seoul-4be6,46,94,Normal
2026-02-13 21:10:27.911373,Seoul-4be6,23,6,Normal
2026-02-13 21:10:28.911373,Seoul-4be6,-25,79,Normal
2026-02-13 21:10:29.911373,Seoul-4be6,25,88,Normal
2026-02-13 21:10:30.911373,Seoul-4be6,-10,99,Normal
2026-02-13 21:10:31.911373,Seoul-4be6,-1,51,Normal
2026-02-13 21:10:32.911373,Seoul-4be6,1,47,Normal
2026-02-13 21:10:33.911373,Seoul-4be6,-14,26,Normal
2026-02-13 21:10:34.911373,Seoul-4be6,26,75,Normal
2026-02-13 21:10:35.911373,Seoul-4be6,-28,29,Normal
2026-02-13 21:10:36.911373,Seoul-4be6,23,60,Normal
2026-02-13 21:10:37.911373,Seoul-4be6,9,15,Normal
2026-02-13 21:10:38.911373,Seoul-4be6,23,57,Normal
2026-02-13 21:10:39.911373,Seoul-4be6,-16,59,Normal
2026-02-13 21:10:40.911373,Seoul-4be6,-2,23,Normal
2026-02-13 21:10:41.911373,Seoul-4be6,46,77,Normal
2026-02-13 21:10:42.911373,Seoul-4be6,-18,83,Normal
2026-02-13 21:10:43.911373,Seoul-4be6,42,8,Normal
2026-02-13 21:10:44.911373,Seoul-4be6,-8,19,Normal
2026-02-13 21:10:45.911373,Seoul-4be6,-16,93,Normal
2026-02-13 21:10:46.911373,Seoul-4be6,40,100,Normal
2026-02-13 21:10:47.911373,Seoul-4be6,-21,98,Normal
2026-02-13 21:10:48.911373,Seoul-4be6,6,81,Normal
2026-02-13 21:10:49.911373,Seoul-4be6,-22,28,Normal
2026-02-13 21:10:50.911373,Seoul-4be6,-2,17,Normal
2026-02-13 21:10:51.911373,Seoul-4be6,35,24,Normal
2026-02-13 21:10:52.911373,Seoul-4be6,16,73,Normal
2026-02-13 21:10:53.911373,Seoul-4be6,-9,99,Normal
2026-02-13 21:10:54.911373,Seoul-4be6,25,23,Normal
2026-02-13 21:10:55.911373,Seoul-4be6,33,60,Normal
2026-02-13 21:10:56.911373,Seoul-4be6,36,97,Normal
2026-02-13 21:10:57.911373,Seoul-4be6,16,75,Normal
2026-02-13 21:10:58.911373,Seoul-4be6,-21,65,Normal
2026-02-13 21:10:59.911373,Seoul-4be6,25,52,Normal
2026-02-13 21:11:00.911373,Seoul-4be6,20,8,Normal
2026-02-13 21:11:01.911373,Seoul-4be6,49,22,Normal
2026-02-13 21:11:02.911373,Seoul-4be6,32,16,Normal
2026-02-13 21:11:03.911373,Seoul-4be6,-10,88,Normal
2026-02-13 21:11:04.911373,Seoul-4be6,-29,49,Normal
2026-02-13 21:11:05.911373,Seoul-4be6,48,81,Normal
2026-02-13 21:11:06.911373,Seoul-4be6,-29,32,Normal
2026-02-13 21:11:07.911373,Seoul-4be6,47,61,Normal
2026-02-13 21:11:08.911373,Seoul-4be6,-19,77,Normal
2026-02-13 21:11:09.911373,Seoul-4be6,43,76,Normal
2026-02-13 21:11:10.911373,Seoul-4be6,-13,6,Normal
2026-02-13 21:11:11.911373,Seoul-4be6,-21,46,Normal
2026-02-13 21:11:12.911373,Seoul-4be6,10,80,Normal
2026-02-13 21:11:13.911373,Seoul-4be6,-16,74,Normal
2026-02-13 21:11:14.911373,Seoul-4be6,25,3,Normal
2026-02-13 21:11:15.911373,Seoul-4be6,-17,18,Normal
2026-02-13 21:11:16.911373,Seoul-4be6,24,63,Normal
2026-02-13 21:11:17.911373,Seoul-4be6,-27,55,Normal
2026-02-13 21:11:18.911373,Seoul-4be6,37,68,Normal
2026-02-13 21:11:19.911373,Seoul-4be6,13,42,Normal
2026-02-13 21:11:20.911373,Seoul-4be6,-20,36,Normal
2026-02-13 21:11:21.911373,Seoul-4be6,42,45,Normal
2026-02-13 21:11:22.911373,Seoul-4be6,38,76,Normal
2026-02-13 21:11:23.911373,Seoul-4be6,4,86,Normal
2026-02-13 21:11:24.911373,Seoul-4be6,17,28,Normal
2026-02-13 21:11:25.911373,Seoul-4be6,22,92,Normal
2026-02-13 21:11:26.911373,Seoul-4be6,2,84,Normal
2026-02-13 21:11:27.911373,Seoul-4be6,14,19,Normal
2026-02-13 21:11:28.911373,Seoul-4be6,-6,100,Normal
2026-02-13 21:11:29.911373,Seoul-4be6,2,63,Normal
2026-02-13 21:11:30.911373,Seoul-4be6,-15,20,Normal
2026-02-13 21:11:31.911373,Seoul-4be6,36,23,Normal
2026-02-13 21:11:32.911373,Seoul-4be6,5,65,Normal
2026-02-13 21:11:33.911373,Seoul-4be6,4,45,Normal
2026-02-13 21:11:34.911373,Seoul-4be6,31,70,Normal
2026-02-13 21:11:35.911373,Seoul-4be6,-22,65,Normal
2026-02-13 21:11:36.911373,Seoul-4be6,18,75,Normal
2026-02-13 21:11:37.911373,Seoul-4be6,17,56,Normal
2026-02-13 21:11:38.911373,Seoul-4be6,43,64,Normal
2026-02-13 21:11:39.911373,Seoul-4be6,-11,3,Normal
2026-02-13 21:11:40.911373,Seoul-4be6,31,60,Normal
2026-02-13 21:11:41.911373,Seoul-4be6,-26,54,Normal
2026-02-13 21:11:42.911373,Seoul-4be6,43,70,Normal
2026-02-13 21:11:43.911373,Seoul-4be6,14,31,Normal
2026-02-13 21:11:44.911373,Seoul-4be6,35,16,Normal
2026-02-13 21:11:45.911373,Seoul-4be6,-28,10,Normal
2026-02-13 21:11:46.911373,Seoul-4be6,1,98,Normal
2026-02-13 21:11:47.911373,Seoul-4be6,50,99,Normal
2026-02-13 21:11:48.911373,Seoul-4be6,4,10,Normal
2026-02-13 21:11:49.911373,Seoul-4be6,-15,75,Normal
2026-02-13 21:11:50.911373,Seoul-4be6,-20,53,Normal
2026-02-13 21:11:51.911373,Seoul-4be6,34,26,Normal
2026-02-13 21:11:52.911373,Seoul-4be6,-10,10,Normal
2026-02-13 21:11:53.911373,Seoul-4be6,-25,8,Normal
2026-02-13 21:11:54.911373,Seoul-4be6,-3,9,Normal
2026-02-13 21:11:55.911373,Seoul-4be6,11,91,Normal
2026-02-13 21:11:56.911373,Seoul-4be6,-27,45,Normal
2026-02-13 21:11:57.911373,Seoul-4be6,-2,20,Normal
2026-02-13 21:11:58.911373,Seoul-4be6,15,65,Normal
2026-02-13 21:11:59.911373,Seoul-4be6,-3,36,Normal
2026-02-13 21:12:00.911373,Seoul-4be6,-20,42,Normal
2026-02-13 21:12:01.911373,Seoul-4be6,-16,75,Normal
2026-02-13 21:12:02.911373,Seoul-4be6,44,34,Normal
2026-02-13 21:12:03.911373,Seoul-4be6,-2,66,Normal
2026-02-13 21:12:04.911373,Seoul-4be6,39,77,Normal
2026-02-13 21:12:05.911373,Seoul-4be6,25,90,Normal
2026-02-13 21:12:06.911373,Seoul-4be6,37,13,Normal
2026-02-13 21:12:07.911373,Seoul-4be6,-22,79,Normal
2026-02-13 21:12:08.911373,Seoul-4be6,-28,88,Normal
2026-02-13 21:12:09.911373,Seoul-4be6,-2,43,Normal
2026-02-13 21:12:10.911373,Seoul-4be6,-14,82,Normal
2026-02-13 21:12:11.911373,Seoul-4be6,-12,75,Normal
2026-02-13 21:12:12.911373,Seoul-4be6,-9,18,Normal
2026-02-13 21:12:13.911373,Seoul-4be6,27,47,Normal
2026-02-13 21:12:14.911373,Seoul-4be6,-21,4,Normal
2026-02-13 21:12:15.911373,Seoul-4be6,-7,41,Normal
2026-02-13 21:12:16.911373,Seoul-4be6,-2,0,Normal
2026-02-13 21:12:17.911373,Seoul-4be6,-28,52,Normal
2026-02-13 21:12:18.911373,Seoul-4be6,43,62,Normal
2026-02-13 21:12:19.911373,Seoul-4be6,12,19,Normal
2026-02-13 21:12:20.911373,Seoul-4be6,20,35,Normal
2026-02-13 21:12:21.911373,Seoul-4be6,-12,24,Normal
2026-02-13 21:12:22.911373,Seoul-4be6,4,54,Normal
2026-02-13 21:12:23.911373,Seoul-4be6,-10,59,Normal
2026-02-13 21:12:24.911373,Seoul-4be6,13,28,Normal
2026-02-13 21:12:25.911373,Seoul-4be6,35,41,Normal
2026-02-13 21:12:26.911373,Seoul-4be6,-27,45,Normal
2026-02-13 21:12:27.911373,Seoul-4be6,21,70,Normal
2026-02-13 21:12:28.911373,Seoul-4be6,-23,51,Normal
2026-02-13 21:12:29.911373,Seoul-4be6,-30,83,Normal
2026-02-13 21:12:30.911373,Seoul-4be6,-19,74,Normal
2026-02-13 21:12:31.911373,Seoul-4be6,-3,42,Normal
2026-02-13 21:12:32.911373,Seoul-4be6,-23,64,Normal
2026-02-13 21:12:33.911373,Seoul-4be6,9,36,Normal
2026-02-13 21:12:34.911373,Seoul-4be6,12,13,Normal
2026-02-13 21:12:35.911373,Seoul-4be6,15,54,Normal
2026-02-13 21:12:36.911373,Seoul-4be6,39,13,Normal
2026-02-13 21:12:37.911373,Seoul-4be6,41,88,Normal
2026-02-13 21:12:38.911373,Seoul-4be6,32,92,Normal
2026-02-13 21:12:39.911373,Seoul-4be6,17,28,Normal
2026-02-13 21:12:40.911373,Seoul-4be6,38,88,Normal
2026-02-13 21:12:41.911373,Seoul-4be6,19,20,Normal
2026-02-13 21:12:42.911373,Seoul-4be6,-21,63,Normal
2026-02-13 21:12:43.911373,Seoul-4be6,-4,36,Normal
2026-02-13 21:12:44.911373,Seoul-4be6,39,25,Normal
2026-02-13 21:12:45.911373,Seoul-4be6,3,9,Normal
2026-02-13 21:12:46.911373,Seoul-4be6,2,29,Normal
2026-02-13 21:12:47.911373,Seoul-4be6,40,99,Normal
2026-02-13 21:12:48.911373,Seoul-4be6,19,53,Normal
2026-02-13 21:12:49.911373,Seoul-4be6,-7,72,Normal
2026-02-13 21:12:50.911373,Seoul-4be6,21,86,Normal
2026-02-13 21:12:51.911373,Seoul-4be6,-19,14,Normal
2026-02-13 21:12:52.911373,Seoul-4be6,17,78,Normal
2026-02-13 21:12:53.911373,Seoul-4be6,-8,92,Normal
2026-02-13 21:12:54.911373,Seoul-4be6,-10,25,Normal
2026-02-13 21:12:55.911373,Seoul-4be6,38,31,Normal
2026-02-13 21:12:56.911373,Seoul-4be6,34,88,Normal
2026-02-13 21:12:57.911373,Seoul-4be6,43,40,Normal
2026-02-13 21:12:58.911373,Seoul-4be6,36,59,Normal
2026-02-13 21:12:59.911373,Seoul-4be6,-16,84,Normal
2026-02-13 21:13:00.911373,Seoul-4be6,30,48,Normal
2026-02-13 21:13:01.911373,Seoul-4be6,31,45,Normal
2026-02-13 21:13:02.911373,Seoul-4be6,13,59,Normal
2026-02-13 21:13:03.911373,Seoul-4be6,-25,28,Normal
2026-02-13 21:13:04.911373,Seoul-4be6,30,76,Normal
2026-02-13 21:13:05.911373,Seoul-4be6,49,2,Normal
2026-02-13 21:13:06.911373,Seoul-4be6,4,19,Normal
2026-02-13 21:13:07.911373,Seoul-4be6,29,9,Normal
2026-02-13 21:13:08.911373,Seoul-4be6,45,8,Normal
2026-02-13 21:13:09.911373,Seoul-4be6,20,13,Normal
2026-02-13 21:13:10.911373,Seoul-4be6,15,65,Normal
2026-02-13 21:13:11.911373,Seoul-4be6,-28,62,Normal
2026-02-13 21:13:12.911373,Seoul-4be6,21,88,Normal
2026-02-13 21:13:13.911373,Seoul-4be6,5,30,Normal
2026-02-13 21:13:14.911373,Seoul-4be6,-11,33,Normal
2026-02-13 21:13:15.911373,Seoul-4be6,29,41,Normal
2026-02-13 21:13:16.911373,Seoul-4be6,-3,29,Normal
2026-02-13 21:13:17.911373,Seoul-4be6,-30,17,Normal
2026-02-13 21:13:18.911373,Seoul-4be6,17,1,Normal
2026-02-13 21:13:19.911373,Seoul-4be6,-16,99,Normal
2026-02-13 21:13:20.911373,Seoul-4be6,24,73,Normal
2026-02-13 21:13:21.911373,Seoul-4be6,47,56,Normal
2026-02-13 21:13:22.911373,Seoul-4be6,37,46,Normal
2026-02-13 21:13:23.911373,Seoul-4be6,-6,90,Normal
2026-02-13 21:13:24.911373,Seoul-4be6,10,81,Normal
2026-02-13 21:13:25.911373,Seoul-4be6,-13,0,Normal
2026-02-13 21:13:26.911373,Seoul-4be6,30,74,Normal
2026-02-13 21:13:27.911373,Seoul-4be6,-26,14,Normal
2026-02-13 21:13:28.911373,Seoul-4be6,22,91,Normal
2026-02-13 21:13:29.911373,Seoul-4be6,16,23,Normal
2026-02-13 21:13:30.911373,Seoul-4be6,-9,80,Normal
2026-02-13 21:13:31.911373,Seoul-4be6,40,94,Normal
2026-02-13 21:13:32.911373,Seoul-4be6,48,62,Normal
2026-02-13 21:13:33.911373,Seoul-4be6,-30,43,Normal
2026-02-13 21:13:34.911373,Seoul-4be6,24,60,Normal
2026-02-13 21:13:35.911373,Seoul-4be6,-1,29,Normal
2026-02-13 21:13:36.911373,Seoul-4be6,9,82,Normal
2026-02-13 21:13:37.911373,Seoul-4be6,13,66,Normal
2026-02-13 21:13:38.911373,Seoul-4be6,-30,63,Normal
2026-02-13 21:13:39.911373,Seoul-4be6,6,34,Normal
2026-02-13 21:13:40.911373,Seoul-4be6,-17,53,Normal
2026-02-13 21:13:41.911373,Seoul-4be6,-25,11,Normal
2026-02-13 21:13:42.911373,Seoul-4be6,-5,75,Normal
2026-02-13 21:13:43.911373,Seoul-4be6,-12,75,Normal
2026-02-13 21:13:44.911373,Seoul-4be6,36,13,Normal
2026-02-13 21:13:45.911373,Seoul-4be6,9,7,Normal
2026-02-13 21:13:46.911373,Seoul-4be6,24,60,Normal
2026-02-13 21:13:47.911373,Seoul-4be6,-3,42,Normal
2026-02-13 21:13:48.911373,Seoul-4be6,-24,69,Normal
2026-02-13 21:13:49.911373,Seoul-4be6,-23,76,Normal
2026-02-13 21:13:50.911373,Seoul-4be6,33,55,Normal
2026-02-13 21:13:51.911373,Seoul-4be6,25,46,Normal
2026-02-13 21:13:52.911373,Seoul-4be6,9,86,Normal
2026-02-13 21:13:53.911373,Seoul-4be6,46,44,Normal
2026-02-13 21:13:54.911373,Seoul-4be6,-15,78,Normal
2026-02-13 21:13:55.911373,Seoul-4be6,-4,80,Normal
2026-02-13 21:13:56.911373,Seoul-4be6,-9,75,Normal
2026-02-13 21:13:57.911373,Seoul-4be6,29,81,Normal
2026-02-13 21:13:58.911373,Seoul-4be6,37,62,Normal
2026-02-13 21:13:59.911373,Seoul-4be6,47,50,Normal
2026-02-13 21:14:00.911373,Seoul-4be6,-15,71,Normal
2026-02-13 21:14:01.911373,Seoul-4be6,-1,8,Normal
2026-02-13 21:14:02.911373,Seoul-4be6,23,58,Normal
2026-02-13 21:14:03.911373,Seoul-4be6,36,66,Normal
2026-02-13 21:14:04.911373,Seoul-4be6,23,68,Normal
2026-02-13 21:14:05.911373,Seoul-4be6,45,49,Normal
2026-02-13 21:14:06.911373,Seoul-4be6,-9,64,Normal
2026-02-13 21:14:07.911373,Seoul-4be6,-11,66,Normal
2026-02-13 21:14:08.911373,Seoul-4be6,13,24,Normal
2026-02-13 21:14:09.911373,Seoul-4be6,5,4,Normal
2026-02-13 21:14:10.911373,Seoul-4be6,27,93,Normal
2026-02-13 21:14:11.911373,Seoul-4be6,36,44,Normal
2026-02-13 21:14:12.911373,Seoul-4be6,15,20,Normal
2026-02-13 21:14:13.911373,Seoul-4be6,31,27,Normal
2026-02-13 21:14:14.911373,Seoul-4be6,-9,91,Normal
2026-02-13 21:14:15.911373,Seoul-4be6,34,63,Normal
2026-02-13 21:14:16.911373,Seoul-4be6,6,69,Normal
2026-02-13 21:14:17.911373,Seoul-4be6,2,86,Normal
2026-02-13 21:14:18.911373,Seoul-4be6,36,53,Normal
2026-02-13 21:14:19.911373,Seoul-4be6,10,91,Normal
2026-02-13 21:14:20.911373,Seoul-4be6,45,73,Normal
2026-02-13 21:14:21.911373,Seoul-4be6,-2,39,Normal
2026-02-13 21:14:22.911373,Seoul-4be6,-30,13,Normal
2026-02-13 21:14:23.911373,Seoul-4be6,34,47,Normal
2026-02-13 21:14:24.911373,Seoul-4be6,15,15,Normal
2026-02-13 21:14:25.911373,Seoul-4be6,19,36,Normal
2026-02-13 21:14:26.911373,Seoul-4be6,-10,9,Normal
2026-02-13 21:14:27.911373,Seoul-4be6,29,3,Normal
2026-02-13 21:14:28.911373,Seoul-4be6,36,4,Normal
2026-02-13 21:14:29.911373,Seoul-4be6,37,22,Normal
2026-02-13 21:14:30.911373,Seoul-4be6,-28,83,Normal
2026-02-13 21:14:31.911373,Seoul-4be6,25,92,Normal
2026-02-13 21:14:32.911373,Seoul-4be6,18,73,Normal
2026-02-13 21:14:33.911373,Seoul-4be6,-28,18,Normal
2026-02-13 21:14:34.911373,Seoul-4be6,44,12,Normal
2026-02-13 21:14:35.911373,Seoul-4be6,10,84,Normal
2026-02-13 21:14:36.911373,Seoul-4be6,18,40,Normal
2026-02-13 21:14:37.911373,Seoul-4be6,45,42,Normal
2026-02-13 21:14:38.911373,Seoul-4be6,4,90,Normal
2026-02-13 21:14:39.911373,Seoul-4be6,-23,63,Normal
2026-02-13 21:14:40.911373,Seoul-4be6,42,60,Normal
2026-02-13 21:14:41.911373,Seoul-4be6,50,63,Normal
2026-02-13 21:14:42.911373,Seoul-4be6,-13,80,Normal
2026-02-13 21:14:43.911373,Seoul-4be6,42,14,Normal
2026-02-13 21:14:44.911373,Seoul-4be6,21,24,Normal
2026-02-13 21:14:45.911373,Seoul-4be6,40,79,Normal
2026-02-13 21:14:46.911373,Seoul-4be6,48,78,Normal
2026-02-13 21:14:47.911373,Seoul-4be6,15,57,Normal
2026-02-13 21:14:48.911373,Seoul-4be6,42,95,Normal
2026-02-13 21:14:49.911373,Seoul-4be6,-3,64,Normal
2026-02-13 21:14:50.911373,Seoul-4be6,-12,94,Normal
2026-02-13 21:14:51.911373,Seoul-4be6,0,20,Normal
2026-02-13 21:14:52.911373,Seoul-4be6,-24,21,Normal
2026-02-13 21:14:53.911373,Seoul-4be6,-2,12,Normal
2026-02-13 21:14:54.911373,Seoul-4be6,38,25,Normal
2026-02-13 21:14:55.911373,Seoul-4be6,29,92,Normal
2026-02-13 21:14:56.911373,Seoul-4be6,-30,43,Normal
2026-02-13 21:14:57.911373,Seoul-4be6,41,33,Normal
2026-02-13 21:14:58.911373,Seoul-4be6,19,64,Normal
2026-02-13 21:14:59.911373,Seoul-4be6,-18,72,Normal
2026-02-13 21:15:00.911373,Seoul-4be6,17,71,Normal
2026-02-13 21:15:01.911373,Seoul-4be6,15,30,Normal
2026-02-13 21:15:02.911373,Seoul-4be6,30,85,Normal
2026-02-13 21:15:03.911373,Seoul-4be6,24,66,Normal
2026-02-13 21:15:04.911373,Seoul-4be6,46,88,Normal
2026-02-13 21:15:05.911373,Seoul-4be6,8,95,Normal
2026-02-13 21:15:06.911373,Seoul-4be6,18,53,Normal
2026-02-13 21:15:07.911373,Seoul-4be6,11,47,Normal
2026-02-13 21:15:08.911373,Seoul-4be6,-13,42,Normal
2026-02-13 21:15:09.911373,Seoul-4be6,-10,15,Normal
2026-02-13 21:15:10.911373,Seoul-4be6,-27,64,Normal
2026-02-13 21:15:11.911373,Seoul-4be6,-2,91,Normal
2026-02-13 21:15:12.911373,Seoul-4be6,29,40,Normal
2026-02-13 21:15:13.911373,Seoul-4be6,-21,45,Normal
2026-02-13 21:15:14.911373,Seoul-4be6,-13,80,Normal
2026-02-13 21:15:15.911373,Seoul-4be6,-23,25,Normal
2026-02-13 21:15:16.911373,Seoul-4be6,29,5,Normal
2026-02-13 21:15:17.911373,Seoul-4be6,20,42,Normal
2026-02-13 21:15:18.911373,Seoul-4be6,47,24,Normal
2026-02-13 21:15:19.911373,Seoul-4be6,26,84,Normal
2026-02-13 21:15:20.911373,Seoul-4be6,-6,51,Normal
2026-02-13 21:15:21.911373,Seoul-4be6,-9,75,Normal
2026-02-13 21:15:22.911373,Seoul-4be6,43,51,Normal
2026-02-13 21:15:23.911373,Seoul-4be6,31,29,Normal
2026-02-13 21:15:24.911373,Seoul-4be6,27,13,Normal
2026-02-13 21:15:25.911373,Seoul-4be6,-1,35,Normal
2026-02-13 21:15:26.911373,Seoul-4be6,11,90,Normal
2026-02-13 21:15:27.911373,Seoul-4be6,32,5,Normal
2026-02-13 21:15:28.911373,Seoul-4be6,-8,24,Normal
2026-02-13 21:15:29.911373,Seoul-4be6,22,45,Normal
2026-02-13 21:15:30.911373,Seoul-4be6,47,15,Normal
2026-02-13 21:15:31.911373,Seoul-4be6,-11,79,Normal
2026-02-13 21:15:32.911373,Seoul-4be6,45,99,Normal
2026-02-13 21:15:33.911373,Seoul-4be6,34,62,Normal
2026-02-13 21:15:34.911373,Seoul-4be6,-18,42,Normal
2026-02-13 21:15:35.911373,Seoul-4be6,40,61,Normal
2026-02-13 21:15:36.911373,Seoul-4be6,2,32,Normal
2026-02-13 21:15:37.911373,Seoul-4be6,8,94,Normal
2026-02-13 21:15:38.911373,Seoul-4be6,3,62,Normal
2026-02-13 21:15:39.911373,Seoul-4be6,16,98,Normal
2026-02-13 21:15:40.911373,Seoul-4be6,-29,79,Normal
2026-02-13 21:15:41.911373,Seoul-4be6,13,91,Normal
2026-02-13 21:15:42.911373,Seoul-4be6,-10,21,Normal
2026-02-13 21:15:43.911373,Seoul-4be6,-17,13,Normal
2026-02-13 21:15:44.911373,Seoul-4be6,11,62,Normal
2026-02-13 21:15:45.911373,Seoul-4be6,-11,96,Normal
2026-02-13 21:15:46.911373,Seoul-4be6,12,38,Normal
2026-02-13 21:15:47.911373,Seoul-4be6,20,13,Normal
2026-02-13 21:15:48.911373,Seoul-4be6,-5,84,Normal
2026-02-13 21:15:49.911373,Seoul-4be6,-28,74,Normal
2026-02-13 21:15:50.911373,Seoul-4be6,12,37,Normal
2026-02-13 21:15:51.911373,Seoul-4be6,34,14,Normal
2026-02-13 21:15:52.911373,Seoul-4be6,7,82,Normal
2026-02-13 21:15:53.911373,Seoul-4be6,4,41,Normal
2026-02-13 21:15:54.911373,Seoul-4be6,46,70,Normal
2026-02-13 21:15:55.911373,Seoul-4be6,12,36,Normal
2026-02-13 21:15:56.911373,Seoul-4be6,-15,16,Normal
2026-02-13 21:15:57.911373,Seoul-4be6,-29,53,Normal
2026-02-13 21:15:58.911373,Seoul-4be6,42,66,Normal
2026-02-13 21:15:59.911373,Seoul-4be6,9,0,Normal
2026-02-13 21:16:00.911373,Seoul-4be6,18,68,Normal
2026-02-13 21:16:01.911373,Seoul-4be6,9,88,Normal
2026-02-13 21:16:02.911373,Seoul-4be6,9,68,Normal
2026-02-13 21:16:03.911373,Seoul-4be6,45,32,Normal
2026-02-13 21:16:04.911373,Seoul-4be6,-5,86,Normal
2026-02-13 21:16:05.911373,Seoul-4be6,28,27,Normal
2026-02-13 21:16:06.911373,Seoul-4be6,32,53,Normal
2026-02-13 21:16:07.911373,Seoul-4be6,-24,16,Normal
2026-02-13 21:16:08.911373,Seoul-4be6,-7,66,Normal
2026-02-13 21:16:09.911373,Seoul-4be6,8,40,Normal
2026-02-13 21:16:10.911373,Seoul-4be6,-8,26,Normal
2026-02-13 21:16:11.911373,Seoul-4be6,9,70,Normal
2026-02-13 21:16:12.911373,Seoul-4be6,14,71,Normal
2026-02-13 21:16:13.911373,Seoul-4be6,40,34,Normal
2026-02-13 21:16:14.911373,Seoul-4be6,36,3,Normal
2026-02-13 21:16:15.911373,Seoul-4be6,42,51,Normal
2026-02-13 21:16:16.911373,Seoul-4be6,18,45,Normal
2026-02-13 21:16:17.911373,Seoul-4be6,-25,47,Normal
2026-02-13 21:16:18.911373,Seoul-4be6,4,19,Normal
2026-02-13 21:16:19.911373,Seoul-4be6,-3,87,Normal
2026-02-13 21:16:20.911373,Seoul-4be6,40,81,Normal
2026-02-13 21:16:21.911373,Seoul-4be6,-3,70,Normal
2026-02-13 21:16:22.911373,Seoul-4be6,-6,15,Normal
2026-02-13 21:16:23.911373,Seoul-4be6,17,15,Normal
2026-02-13 21:16:24.911373,Seoul-4be6,43,44,Normal
2026-02-13 21:16:25.911373,Seoul-4be6,40,3,Normal
2026-02-13 21:16:26.911373,Seoul-4be6,8,16,Normal
2026-02-13 21:16:27.911373,Seoul-4be6,2,61,Normal
2026-02-13 21:16:28.911373,Seoul-4be6,-30,34,Normal
2026-02-13 21:16:29.911373,Seoul-4be6,40,54,Normal
2026-02-13 21:16:30.911373,Seoul-4be6,22,79,Normal
2026-02-13 21:16:31.911373,Seoul-4be6,24,21,Normal
2026-02-13 21:16:32.911373,Seoul-4be6,23,71,Normal
2026-02-13 21:16:33.911373,Seoul-4be6,41,10,Normal
2026-02-13 21:16:34.911373,Seoul-4be6,-24,63,Normal
2026-02-13 21:16:35.911373,Seoul-4be6,47,49,Normal
2026-02-13 21:16:36.911373,Seoul-4be6,-18,60,Normal
2026-02-13 21:16:37.911373,Seoul-4be6,50,67,Normal
2026-02-13 21:16:38.911373,Seoul-4be6,-9,55,Normal
2026-02-13 21:16:39.911373,Seoul-4be6,16,13,Normal
2026-02-13 21:16:40.911373,Seoul-4be6,22,100,Normal
2026-02-13 21:16:41.911373,Seoul-4be6,-12,59,Normal
2026-02-13 21:16:42.911373,Seoul-4be6,-23,100,Normal
2026-02-13 21:16:43.911373,Seoul-4be6,4,55,Normal
2026-02-13 21:16:44.911373,Seoul-4be6,-23,38,Normal
2026-02-13 21:16:45.911373,Seoul-4be6,-14,99,Normal
2026-02-13 21:16:46.911373,Seoul-4be6,27,2,Normal
2026-02-13 21:16:47.911373,Seoul-4be6,21,33,Normal
2026-02-13 21:16:48.911373,Seoul-4be6,-21,96,Normal
2026-02-13 21:16:49.911373,Seoul-4be6,-30,31,Normal
2026-02-13 21:16:50.911373,Seoul-4be6,37,42,Normal
2026-02-13 21:16:51.911373,Seoul-4be6,21,35,Normal
2026-02-13 21:16:52.911373,Seoul-4be6,45,12,Normal
2026-02-13 21:16:53.911373,Seoul-4be6,35,13,Normal
2026-02-13 21:16:54.911373,Seoul-4be6,-20,19,Normal
2026-02-13 21:16:55.911373,Seoul-4be6,-3,89,Normal
2026-02-13 21:16:56.911373,Seoul-4be6,-8,52,Normal
2026-02-13 21:16:57.911373,Seoul-4be6,47,83,Normal
2026-02-13 21:16:58.911373,Seoul-4be6,5,80,Normal
2026-02-13 21:16:59.911373,Seoul-4be6,10,7,Normal
2026-02-13 21:17:00.911373,Seoul-4be6,-11,100,Normal
2026-02-13 21:17:01.911373,Seoul-4be6,25,47,Normal
2026-02-13 21:17:02.911373,Seoul-4be6,-16,26,Normal
2026-02-13 21:17:03.911373,Seoul-4be6,-24,94,Normal
2026-02-13 21:17:04.911373,Seoul-4be6,7,62,Normal
2026-02-13 21:17:05.911373,Seoul-4be6,37,35,Normal
2026-02-13 21:17:06.911373,Seoul-4be6,-21,55,Normal
2026-02-13 21:17:07.911373,Seoul-4be6,6,37,Normal
2026-02-13 21:17:08.911373,Seoul-4be6,3,77,Normal
2026-02-13 21:17:09.911373,Seoul-4be6,-21,20,Normal
2026-02-13 21:17:10.911373,Seoul-4be6,-19,21,Normal
2026-02-13 21:17:11.911373,Seoul-4be6,26,5,Normal
2026-02-13 21:17:12.911373,Seoul-4be6,15,1,Normal
2026-02-13 21:17:13.911373,Seoul-4be6,35,2,Normal
2026-02-13 21:17:14.911373,Seoul-4be6,30,34,Normal
2026-02-13 21:17:15.911373,Seoul-4be6,-22,68,Normal
2026-02-13 21:17:16.911373,Seoul-4be6,11,69,Normal
2026-02-13 21:17:17.911373,Seoul-4be6,-16,50,Normal
2026-02-13 21:17:18.911373,Seoul-4be6,44,97,Normal
2026-02-13 21:17:19.911373,Seoul-4be6,33,7,Normal
2026-02-13 21:17:20.911373,Seoul-4be6,-5,73,Normal
2026-02-13 21:17:21.911373,Seoul-4be6,-3,21,Normal
2026-02-13 21:17:22.911373,Seoul-4be6,8,47,Normal
2026-02-13 21:17:23.911373,Seoul-4be6,-20,23,Normal
2026-02-13 21:17:24.911373,Seoul-4be6,-3,81,Normal
2026-02-13 21:17:25.911373,Seoul-4be6,12,92,Normal
2026-02-13 21:17:26.911373,Seoul-4be6,23,40,Normal
2026-02-13 21:17:27.911373,Seoul-4be6,2,23,Normal
2026-02-13 21:17:28.911373,Seoul-4be6,-2,46,Normal
2026-02-13 21:17:29.911373,Seoul-4be6,10,65,Normal
2026-02-13 21:17:30.911373,Seoul-4be6,31,34,Normal
2026-02-13 21:17:31.911373,Seoul-4be6,19,76,Normal
2026-02-13 21:17:32.911373,Seoul-4be6,14,94,Normal
2026-02-13 21:17:33.911373,Seoul-4be6,44,39,Normal
2026-02-13 21:17:34.911373,Seoul-4be6,-14,58,Normal
2026-02-13 21:17:35.911373,Seoul-4be6,-13,52,Normal
2026-02-13 21:17:36.911373,Seoul-4be6,1,91,Normal
2026-02-13 21:17:37.911373,Seoul-4be6,2,59,Normal
2026-02-13 21:17:38.911373,Seoul-4be6,12,56,Normal
2026-02-13 21:17:39.911373,Seoul-4be6,-21,97,Normal
2026-02-13 21:17:40.911373,Seoul-4be6,4,2,Normal
2026-02-13 21:17:41.911373,Seoul-4be6,-12,12,Normal
2026-02-13 21:17:42.911373,Seoul-4be6,43,39,Normal
2026-02-13 21:17:43.911373,Seoul-4be6,20,32,Normal
2026-02-13 21:17:44.911373,Seoul-4be6,39,96,Normal
2026-02-13 21:17:45.911373,Seoul-4be6,-10,72,Normal
2026-02-13 21:17:46.911373,Seoul-4be6,35,7,Normal
2026-02-13 21:17:47.911373,Seoul-4be6,-12,95,Normal
2026-02-13 21:17:48.911373,Seoul-4be6,47,54,Normal
2026-02-13 21:17:49.911373,Seoul-4be6,-19,95,Normal
2026-02-13 21:17:50.911373,Seoul-4be6,20,54,Normal
2026-02-13 21:17:51.911373,Seoul-4be6,7,7,Normal
2026-02-13 21:17:52.911373,Seoul-4be6,19,17,Normal
2026-02-13 21:17:53.911373,Seoul-4be6,-27,91,Normal
2026-02-13 21:17:54.911373,Seoul-4be6,-22,2,Normal
2026-02-13 21:17:55.911373,Seoul-4be6,40,48,Normal
2026-02-13 21:17:56.911373,Seoul-4be6,-14,59,Normal
2026-02-13 21:17:57.911373,Seoul-4be6,-18,7,Normal
2026-02-13 21:17:58.911373,Seoul-4be6,-30,91,Normal
2026-02-13 21:17:59.911373,Seoul-4be6,47,19,Normal
2026-02-13 21:18:00.911373,Seoul-4be6,-20,12,Normal
2026-02-13 21:18:01.911373,Seoul-4be6,50,5,Normal
2026-02-13 21:18:02.911373,Seoul-4be6,39,15,Normal
2026-02-13 21:18:03.911373,Seoul-4be6,19,37,Normal
2026-02-13 21:18:04.911373,Seoul-4be6,31,49,Normal
2026-02-13 21:18:05.911373,Seoul-4be6,47,0,Normal
2026-02-13 21:18:06.911373,Seoul-4be6,47,99,Normal
2026-02-13 21:18:07.911373,Seoul-4be6,35,98,Normal
2026-02-13 21:18:08.911373,Seoul-4be6,-9,98,Normal
2026-02-13 21:18:09.911373,Seoul-4be6,-14,0,Normal
2026-02-13 21:18:10.911373,Seoul-4be6,-14,98,Normal
2026-02-13 21:18:11.911373,Seoul-4be6,37,95,Normal
2026-02-13 21:18:12.911373,Seoul-4be6,-20,70,Normal
2026-02-13 21:18:13.911373,Seoul-4be6,43,97,Normal
2026-02-13 21:18:14.911373,Seoul-4be6,-21,60,Normal
2026-02-13 21:18:15.911373,Seoul-4be6,7,76,Normal
2026-02-13 21:18:16.911373,Seoul-4be6,-2,45,Normal
2026-02-13 21:18:17.911373,Seoul-4be6,46,0,Normal
2026-02-13 21:18:18.911373,Seoul-4be6,11,67,Normal
2026-02-13 21:18:19.911373,Seoul-4be6,16,2,Normal
2026-02-13 21:18:20.911373,Seoul-4be6,7,44,Normal
2026-02-13 21:18:21.911373,Seoul-4be6,1,86,Normal
2026-02-13 21:18:22.911373,Seoul-4be6,-3,85,Normal
2026-02-13 21:18:23.911373,Seoul-4be6,6,26,Normal
2026-02-13 21:18:24.911373,Seoul-4be6,-19,72,Normal
2026-02-13 21:18:25.911373,Seoul-4be6,-11,52,Normal
2026-02-13 21:18:26.911373,Seoul-4be6,25,55,Normal
2026-02-13 21:18:27.911373,Seoul-4be6,-10,25,Normal
2026-02-13 21:18:28.911373,Seoul-4be6,14,100,Normal
2026-02-13 21:18:29.911373,Seoul-4be6,20,0,Normal
2026-02-13 21:18:30.911373,Seoul-4be6,-17,4,Normal
2026-02-13 21:18:31.911373,Seoul-4be6,44,12,Normal
2026-02-13 21:18:32.911373,Seoul-4be6,-13,28,Normal
2026-02-13 21:18:33.911373,Seoul-4be6,-10,25,Normal
2026-02-13 21:18:34.911373,Seoul-4be6,29,77,Normal
2026-02-13 21:18:35.911373,Seoul-4be6,29,34,Normal
2026-02-13 21:18:36.911373,Seoul-4be6,-2,1,Normal
2026-02-13 21:18:37.911373,Seoul-4be6,-7,51,Normal
2026-02-13 21:18:38.911373,Seoul-4be6,-3,65,Normal
2026-02-13 21:18:39.911373,Seoul-4be6,6,25,Normal
2026-02-13 21:18:40.911373,Seoul-4be6,24,52,Normal
2026-02-13 21:18:41.911373,Seoul-4be6,-26,7,Normal
2026-02-13 21:18:42.911373,Seoul-4be6,-6,28,Normal
2026-02-13 21:18:43.911373,Seoul-4be6,47,77,Normal
2026-02-13 21:18:44.911373,Seoul-4be6,-25,76,Normal
2026-02-13 21:18:45.911373,Seoul-4be6,15,74,Normal
2026-02-13 21:18:46.911373,Seoul-4be6,-28,96,Normal
2026-02-13 21:18:47.911373,Seoul-4be6,-27,36,Normal
2026-02-13 21:18:48.911373,Seoul-4be6,7,46,Normal
2026-02-13 21:18:49.911373,Seoul-4be6,43,33,Normal
2026-02-13 21:18:50.911373,Seoul-4be6,48,92,Normal
2026-02-13 21:18:51.911373,Seoul-4be6,23,61,Normal
2026-02-13 21:18:52.911373,Seoul-4be6,-25,30,Normal
2026-02-13 21:18:53.911373,Seoul-4be6,-11,45,Normal
2026-02-13 21:18:54.911373,Seoul-4be6,48,84,Normal
2026-02-13 21:18:55.911373,Seoul-4be6,18,96,Normal
2026-02-13 21:18:56.911373,Seoul-4be6,-20,73,Normal
2026-02-13 21:18:57.911373,Seoul-4be6,43,79,Normal
2026-02-13 21:18:58.911373,Seoul-4be6,22,28,Normal
2026-02-13 21:18:59.911373,Seoul-4be6,40,87,Normal
2026-02-13 21:19:00.911373,Seoul-4be6,-8,27,Normal
2026-02-13 21:19:01.911373,Seoul-4be6,46,6,Normal
2026-02-13 21:19:02.911373,Seoul-4be6,-2,8,Normal
2026-02-13 21:19:03.911373,Seoul-4be6,46,89,Normal
2026-02-13 21:19:04.911373,Seoul-4be6,36,16,Normal
2026-02-13 21:19:05.911373,Seoul-4be6,22,18,Normal
2026-02-13 21:19:06.911373,Seoul-4be6,38,27,Normal
2026-02-13 21:19:07.911373,Seoul-4be6,27,43,Normal
2026-02-13 21:19:08.911373,Seoul-4be6,8,72,Normal
2026-02-13 21:19:09.911373,Seoul-4be6,32,13,Normal
2026-02-13 21:19:10.911373,Seoul-4be6,-15,15,Normal
2026-02-13 21:19:11.911373,Seoul-4be6,12,69,Normal
2026-02-13 21:19:12.911373,Seoul-4be6,-7,99,Normal
2026-02-13 21:19:13.911373,Seoul-4be6,8,34,Normal
2026-02-13 21:19:14.911373,Seoul-4be6,34,100,Normal
2026-02-13 21:19:15.911373,Seoul-4be6,44,15,Normal
2026-02-13 21:19:16.911373,Seoul-4be6,29,22,Normal
2026-02-13 21:19:17.911373,Seoul-4be6,22,93,Normal
2026-02-13 21:19:18.911373,Seoul-4be6,-9,18,Normal
2026-02-13 21:19:19.911373,Seoul-4be6,46,94,Normal
2026-02-13 21:19:20.911373,Seoul-4be6,-26,7,Normal
2026-02-13 21:19:21.911373,Seoul-4be6,32,18,Normal
2026-02-13 21:19:22.911373,Seoul-4be6,28,36,Normal
2026-02-13 21:19:23.911373,Seoul-4be6,50,26,Normal
2026-02-13 21:19:24.911373,Seoul-4be6,39,95,Normal
2026-02-13 21:19:25.911373,Seoul-4be6,-17,39,Normal
2026-02-13 21:19:26.911373,Seoul-4be6,27,98,Normal
2026-02-13 21:19:27.911373,Seoul-4be6,13,41,Normal
2026-02-13 21:19:28.911373,Seoul-4be6,-16,58,Normal
2026-02-13 21:19:29.911373,Seoul-4be6,26,32,Normal
2026-02-13 21:19:30.911373,Seoul-4be6,19,55,Normal
2026-02-13 21:19:31.911373,Seoul-4be6,46,76,Normal
2026-02-13 21:19:32.911373,Seoul-4be6,27,2,Normal
2026-02-13 21:19:33.911373,Seoul-4be6,-15,53,Normal
2026-02-13 21:19:34.911373,Seoul-4be6,5,15,Normal
2026-02-13 21:19:35.911373,Seoul-4be6,-14,2,Normal
2026-02-13 21:19:36.911373,Seoul-4be6,1,53,Normal
2026-02-13 21:19:37.911373,Seoul-4be6,-11,89,Normal
2026-02-13 21:19:38.911373,Seoul-4be6,-27,4,Normal
2026-02-13 21:19:39.911373,Seoul-4be6,12,60,Normal
2026-02-13 21:19:40.911373,Seoul-4be6,7,14,Normal
2026-02-13 21:19:41.911373,Seoul-4be6,39,44,Normal
2026-02-13 21:19:42.911373,Seoul-4be6,12,45,Normal
2026-02-13 21:19:43.911373,Seoul-4be6,-2,81,Normal
2026-02-13 21:19:44.911373,Seoul-4be6,28,64,Normal
2026-02-13 21:19:45.911373,Seoul-4be6,45,58,Normal
2026-02-13 21:19:46.911373,Seoul-4be6,-19,51,Normal
2026-02-13 21:19:47.911373,Seoul-4be6,20,63,Normal
2026-02-13 21:19:48.911373,Seoul-4be6,23,50,Normal
2026-02-13 21:19:49.911373,Seoul-4be6,-12,43,Normal
2026-02-13 21:19:50.911373,Seoul-4be6,-2,51,Normal
2026-02-13 21:19:51.911373,Seoul-4be6,48,5,Normal
2026-02-13 21:19:52.911373,Seoul-4be6,32,78,Normal
2026-02-13 21:19:53.911373,Seoul-4be6,-13,22,Normal
2026-02-13 21:19:54.911373,Seoul-4be6,-30,7,Normal
2026-02-13 21:19:55.911373,Seoul-4be6,-10,32,Normal
2026-02-13 21:19:56.911373,Seoul-4be6,22,98,Normal
2026-02-13 21:19:57.911373,Seoul-4be6,-20,60,Normal
2026-02-13 21:19:58.911373,Seoul-4be6,27,21,Normal
2026-02-13 21:19:59.911373,Seoul-4be6,0,31,Normal
2026-02-13 21:20:00.911373,Seoul-4be6,-4,94,Normal
2026-02-13 21:20:01.911373,Seoul-4be6,27,36,Normal
2026-02-13 21:20:02.911373,Seoul-4be6,22,5,Normal
2026-02-13 21:20:03.911373,Seoul-4be6,13,77,Normal
2026-02-13 21:20:04.911373,Seoul-4be6,-30,30,Normal
2026-02-13 21:20:05.911373,Seoul-4be6,-27,47,Normal
2026-02-13 21:20:06.911373,Seoul-4be6,12,15,Normal
2026-02-13 21:20:07.911373,Seoul-4be6,21,63,Normal
2026-02-13 21:20:08.911373,Seoul-4be6,5,25,Normal
2026-02-13 21:20:09.911373,Seoul-4be6,39,3,Normal
2026-02-13 21:20:10.911373,Seoul-4be6,22,64,Normal
2026-02-13 21:20:11.911373,Seoul-4be6,45,65,Normal
2026-02-13 21:20:12.911373,Seoul-4be6,20,62,Normal
2026-02-13 21:20:13.911373,Seoul-4be6,-15,7,Normal
2026-02-13 21:20:14.911373,Seoul-4be6,46,6,Normal
2026-02-13 21:20:15.911373,Seoul-4be6,25,41,Normal
2026-02-13 21:20:16.911373,Seoul-4be6,28,21,Normal
2026-02-13 21:20:17.911373,Seoul-4be6,24,62,Normal
2026-02-13 21:20:18.911373,Seoul-4be6,37,95,Normal
2026-02-13 21:20:19.911373,Seoul-4be6,-8,72,Normal
2026-02-13 21:20:20.911373,Seoul-4be6,23,51,Normal
2026-02-13 21:20:21.911373,Seoul-4be6,-6,7,Normal
2026-02-13 21:20:22.911373,Seoul-4be6,-20,99,Normal
2026-02-13 21:20:23.911373,Seoul-4be6,34,54,Normal
2026-02-13 21:20:24.911373,Seoul-4be6,0,35,Normal
2026-02-13 21:20:25.911373,Seoul-4be6,41,1,Normal
2026-02-13 21:20:26.911373,Seoul-4be6,7,88,Normal
2026-02-13 21:20:27.911373,Seoul-4be6,16,39,Normal
2026-02-13 21:20:28.911373,Seoul-4be6,29,0,Normal
2026-02-13 21:20:29.911373,Seoul-4be6,20,10,Normal
2026-02-13 21:20:30.911373,Seoul-4be6,21,96,Normal
2026-02-13 21:20:31.911373,Seoul-4be6,45,95,Normal
2026-02-13 21:20:32.911373,Seoul-4be6,-13,98,Normal
2026-02-13 21:20:33.911373,Seoul-4be6,-27,23,Normal
2026-02-13 21:20:34.911373,Seoul-4be6,49,65,Normal
2026-02-13 21:20:35.911373,Seoul-4be6,46,97,Normal
2026-02-13 21:20:36.911373,Seoul-4be6,-12,74,Normal
2026-02-13 21:20:37.911373,Seoul-4be6,-27,43,Normal
2026-02-13 21:20:38.911373,Seoul-4be6,-12,55,Normal
2026-02-13 21:20:39.911373,Seoul-4be6,31,87,Normal
2026-02-13 21:20:40.911373,Seoul-4be6,-18,59,Normal
2026-02-13 21:20:41.911373,Seoul-4be6,-28,30,Normal
2026-02-13 21:20:42.911373,Seoul-4be6,24,49,Normal
2026-02-13 21:20:43.911373,Seoul-4be6,-15,37,Normal
2026-02-13 21:20:44.911373,Seoul-4be6,-10,72,Normal
2026-02-13 21:20:45.911373,Seoul-4be6,7,84,Normal
2026-02-13 21:20:46.911373,Seoul-4be6,-23,56,Normal
2026-02-13 21:20:47.911373,Seoul-4be6,38,8,Normal
2026-02-13 21:20:48.911373,Seoul-4be6,46,19,Normal
2026-02-13 21:20:49.911373,Seoul-4be6,-9,100,Normal
2026-02-13 21:20:50.911373,Seoul-4be6,-19,77,Normal
2026-02-13 21:20:51.911373,Seoul-4be6,37,0,Normal
2026-02-13 21:20:52.911373,Seoul-4be6,36,2,Normal
2026-02-13 21:20:53.911373,Seoul-4be6,35,8,Normal
2026-02-13 21:20:54.911373,Seoul-4be6,-24,64,Normal
2026-02-13 21:20:55.911373,Seoul-4be6,-3,3,Normal
2026-02-13 21:20:56.911373,Seoul-4be6,19,8,Normal
2026-02-13 21:20:57.911373,Seoul-4be6,-27,62,Normal
2026-02-13 21:20:58.911373,Seoul-4be6,38,83,Normal
2026-02-13 21:20:59.911373,Seoul-4be6,-19,75,Normal
2026-02-13 21:21:00.911373,Seoul-4be6,43,34,Normal
2026-02-13 21:21:01.911373,Seoul-4be6,-26,52,Normal
2026-02-13 21:21:02.911373,Seoul-4be6,17,66,Normal
2026-02-13 21:21:03.911373,Seoul-4be6,39,24,Normal
2026-02-13 21:21:04.911373,Seoul-4be6,1,52,Normal
2026-02-13 21:21:05.911373,Seoul-4be6,29,70,Normal
2026-02-13 21:21:06.911373,Seoul-4be6,-5,61,Normal
2026-02-13 21:21:07.911373,Seoul-4be6,10,35,Normal
2026-02-13 21:21:08.911373,Seoul-4be6,17,58,Normal
2026-02-13 21:21:09.911373,Seoul-4be6,-22,98,Normal
2026-02-13 21:21:10.911373,Seoul-4be6,25,24,Normal
2026-02-13 21:21:11.911373,Seoul-4be6,-29,50,Normal
2026-02-13 21:21:12.911373,Seoul-4be6,-12,81,Normal
2026-02-13 21:21:13.911373,Seoul-4be6,-26,73,Normal
2026-02-13 21:21:14.911373,Seoul-4be6,43,23,Normal
2026-02-13 21:21:15.911373,Seoul-4be6,31,55,Normal
2026-02-13 21:21:16.911373,Seoul-4be6,4,2,Normal
2026-02-13 21:21:17.911373,Seoul-4be6,-11,45,Normal
2026-02-13 21:21:18.911373,Seoul-4be6,21,11,Normal
2026-02-13 21:21:19.911373,Seoul-4be6,3,77,Normal
2026-02-13 21:21:20.911373,Seoul-4be6,28,44,Normal
2026-02-13 21:21:21.911373,Seoul-4be6,-17,74,Normal
2026-02-13 21:21:22.911373,Seoul-4be6,34,17,Normal
2026-02-13 21:21:23.911373,Seoul-4be6,38,91,Normal
2026-02-13 21:21:24.911373,Seoul-4be6,21,71,Normal
2026-02-13 21:21:25.911373,Seoul-4be6,34,88,Normal
2026-02-13 21:21:26.911373,Seoul-4be6,-23,6,Normal
2026-02-13 21:21:27.911373,Seoul-4be6,10,71,Normal
2026-02-13 21:21:28.911373,Seoul-4be6,-30,26,Normal
2026-02-13 21:21:29.911373,Seoul-4be6,-23,95,Normal
2026-02-13 21:21:30.911373,Seoul-4be6,1,45,Normal
2026-02-13 21:21:31.911373,Seoul-4be6,38,53,Normal
2026-02-13 21:21:32.911373,Seoul-4be6,37,69,Normal
2026-02-13 21:21:33.911373,Seoul-4be6,21,11,Normal
2026-02-13 21:21:34.911373,Seoul-4be6,36,62,Normal
2026-02-13 21:21:35.911373,Seoul-4be6,-11,48,Normal
2026-02-13 21:21:36.911373,Seoul-4be6,28,9,Normal
2026-02-13 21:21:37.911373,Seoul-4be6,36,55,Normal
2026-02-13 21:21:38.911373,Seoul-4be6,-20,98,Normal
2026-02-13 21:21:39.911373,Seoul-4be6,-5,73,Normal
2026-02-13 21:21:40.911373,Seoul-4be6,-15,88,Normal
2026-02-13 21:21:41.911373,Seoul-4be6,35,2,Normal
2026-02-13 21:21:42.911373,Seoul-4be6,-13,57,Normal
2026-02-13 21:21:43.911373,Seoul-4be6,-27,78,Normal
2026-02-13 21:21:44.911373,Seoul-4be6,-1,26,Normal
2026-02-13 21:21:45.911373,Seoul-4be6,41,91,Normal
2026-02-13 21:21:46.911373,Seoul-4be6,2,96,Normal
2026-02-13 21:21:47.911373,Seoul-4be6,-20,44,Normal
2026-02-13 21:21:48.911373,Seoul-4be6,32,63,Normal
2026-02-13 21:21:49.911373,Seoul-4be6,-19,24,Normal
2026-02-13 21:21:50.911373,Seoul-4be6,46,30,Normal
2026-02-13 21:21:51.911373,Seoul-4be6,-10,64,Normal
2026-02-13 21:21:52.911373,Seoul-4be6,50,45,Normal
2026-02-13 21:21:53.911373,Seoul-4be6,-6,59,Normal
2026-02-13 21:21:54.911373,Seoul-4be6,-18,100,Normal
2026-02-13 21:21:55.911373,Seoul-4be6,39,45,Normal
2026-02-13 21:21:56.911373,Seoul-4be6,39,37,Normal
2026-02-13 21:21:57.911373,Seoul-4be6,43,36,Normal
2026-02-13 21:21:58.911373,Seoul-4be6,14,96,Normal
2026-02-13 21:21:59.911373,Seoul-4be6,-28,85,Normal
2026-02-13 21:22:00.911373,Seoul-4be6,34,19,Normal
2026-02-13 21:22:01.911373,Seoul-4be6,35,10,Normal
2026-02-13 21:22:02.911373,Seoul-4be6,18,95,Normal
2026-02-13 21:22:03.911373,Seoul-4be6,15,33,Normal
2026-02-13 21:22:04.911373,Seoul-4be6,43,82,Normal
2026-02-13 21:22:05.911373,Seoul-4be6,-28,63,Normal
2026-02-13 21:22:06.911373,Seoul-4be6,19,58,Normal
2026-02-13 21:22:07.911373,Seoul-4be6,-28,8,Normal
2026-02-13 21:22:08.911373,Seoul-4be6,26,25,Normal
2026-02-13 21:22:09.911373,Seoul-4be6,5,89,Normal
2026-02-13 21:22:10.911373,Seoul-4be6,1,79,Normal
2026-02-13 21:22:11.911373,Seoul-4be6,36,5,Normal
2026-02-13 21:22:12.911373,Seoul-4be6,7,69,Normal
2026-02-13 21:22:13.911373,Seoul-4be6,-27,41,Normal
2026-02-13 21:22:14.911373,Seoul-4be6,39,6,Normal
2026-02-13 21:22:15.911373,Seoul-4be6,-5,50,Normal
2026-02-13 21:22:16.911373,Seoul-4be6,50,75,Normal
2026-02-13 21:22:17.911373,Seoul-4be6,-26,95,Normal
2026-02-13 21:22:18.911373,Seoul-4be6,38,60,Normal
2026-02-13 21:22:19.911373,Seoul-4be6,-22,19,Normal
2026-02-13 21:22:20.911373,Seoul-4be6,5,72,Normal
2026-02-13 21:22:21.911373,Seoul-4be6,19,90,Normal
2026-02-13 21:22:22.911373,Seoul-4be6,9,26,Normal
2026-02-13 21:22:23.911373,Seoul-4be6,0,87,Normal
2026-02-13 21:22:24.911373,Seoul-4be6,-18,63,Normal
2026-02-13 21:22:25.911373,Seoul-4be6,-16,16,Normal
2026-02-13 21:22:26.911373,Seoul-4be6,31,63,Normal
2026-02-13 21:22:27.911373,Seoul-4be6,38,32,Normal
2026-02-13 21:22:28.911373,Seoul-4be6,0,83,Normal
2026-02-13 21:22:29.911373,Seoul-4be6,40,35,Normal
2026-02-13 21:22:30.911373,Seoul-4be6,-17,7,Normal
2026-02-13 21:22:31.911373,Seoul-4be6,-28,100,Normal
2026-02-13 21:22:32.911373,Seoul-4be6,41,51,Normal
2026-02-13 21:22:33.911373,Seoul-4be6,3,31,Normal
2026-02-13 21:22:34.911373,Seoul-4be6,-30,12,Normal
2026-02-13 21:22:35.911373,Seoul-4be6,48,9,Normal
2026-02-13 21:22:36.911373,Seoul-4be6,-21,66,Normal
2026-02-13 21:22:37.911373,Seoul-4be6,13,59,Normal
2026-02-13 21:22:38.911373,Seoul-4be6,19,14,Normal
2026-02-13 21:22:39.911373,Seoul-4be6,45,46,Normal
2026-02-13 21:22:40.911373,Seoul-4be6,33,37,Normal
2026-02-13 21:22:41.911373,Seoul-4be6,-20,66,Normal
2026-02-13 21:22:42.911373,Seoul-4be6,37,12,Normal
2026-02-13 21:22:43.911373,Seoul-4be6,31,69,Normal
2026-02-13 21:22:44.911373,Seoul-4be6,5,65,Normal
2026-02-13 21:22:45.911373,Seoul-4be6,-12,79,Normal
2026-02-13 21:22:46.911373,Seoul-4be6,18,5,Normal
2026-02-13 21:22:47.911373,Seoul-4be6,31,45,Normal
2026-02-13 21:22:48.911373,Seoul-4be6,44,53,Normal
2026-02-13 21:22:49.911373,Seoul-4be6,16,11,Normal
2026-02-13 21:22:50.911373,Seoul-4be6,42,65,Normal
2026-02-13 21:22:51.911373,Seoul-4be6,-4,34,Normal
2026-02-13 21:22:52.911373,Seoul-4be6,24,92,Normal
2026-02-13 21:22:53.911373,Seoul-4be6,30,41,Normal
2026-02-13 21:22:54.911373,Seoul-4be6,-28,64,Normal
2026-02-13 21:22:55.911373,Seoul-4be6,31,23,Normal
2026-02-13 21:22:56.911373,Seoul-4be6,44,79,Normal
2026-02-13 21:22:57.911373,Seoul-4be6,-23,50,Normal
2026-02-13 21:22:58.911373,Seoul-4be6,23,90,Normal
2026-02-13 21:22:59.911373,Seoul-4be6,7,44,Normal
2026-02-13 21:23:00.911373,Seoul-4be6,-9,87,Normal
2026-02-13 21:23:01.911373,Seoul-4be6,36,96,Normal
2026-02-13 21:23:02.911373,Seoul-4be6,-28,79,Normal
2026-02-13 21:23:03.911373,Seoul-4be6,13,36,Normal
2026-02-13 21:23:04.911373,Seoul-4be6,-16,23,Normal
2026-02-13 21:23:05.911373,Seoul-4be6,42,21,Normal
2026-02-13 21:23:06.911373,Seoul-4be6,32,60,Normal
2026-02-13 21:23:07.911373,Seoul-4be6,50,22,Normal
2026-02-13 21:23:08.911373,Seoul-4be6,2,62,Normal
2026-02-13 21:23:09.911373,Seoul-4be6,12,18,Normal
2026-02-13 21:23:10.911373,Seoul-4be6,23,77,Normal
2026-02-13 21:23:11.911373,Seoul-4be6,-26,77,Normal
2026-02-13 21:23:12.911373,Seoul-4be6,46,66,Normal
2026-02-13 21:23:13.911373,Seoul-4be6,12,17,Normal
2026-02-13 21:23:14.911373,Seoul-4be6,23,46,Normal
2026-02-13 21:23:15.911373,Seoul-4be6,-17,7,Normal
2026-02-13 21:23:16.911373,Seoul-4be6,-7,98,Normal
2026-02-13 21:23:17.911373,Seoul-4be6,25,81,Normal
2026-02-13 21:23:18.911373,Seoul-4be6,16,36,Normal
2026-02-13 21:23:19.911373,Seoul-4be6,-17,33,Normal
2026-02-13 21:23:20.911373,Seoul-4be6,-22,87,Normal
2026-02-13 21:23:21.911373,Seoul-4be6,41,96,Normal
2026-02-13 21:23:22.911373,Seoul-4be6,13,79,Normal
2026-02-13 21:23:23.911373,Seoul-4be6,49,28,Normal
2026-02-13 21:23:24.911373,Seoul-4be6,-23,91,Normal
2026-02-13 21:23:25.911373,Seoul-4be6,33,62,Normal
2026-02-13 21:23:26.911373,Seoul-4be6,14,84,Normal
2026-02-13 21:23:27.911373,Seoul-4be6,-25,98,Normal
2026-02-13 21:23:28.911373,Seoul-4be6,18,59,Normal
2026-02-13 21:23:29.911373,Seoul-4be6,4,13,Normal
2026-02-13 21:23:30.911373,Seoul-4be6,-15,62,Normal
2026-02-13 21:23:31.911373,Seoul-4be6,40,19,Normal
2026-02-13 21:23:32.911373,Seoul-4be6,-18,81,Normal
2026-02-13 21:23:33.911373,Seoul-4be6,-20,6,Normal
2026-02-13 21:23:34.911373,Seoul-4be6,-3,5,Normal
2026-02-13 21:23:35.911373,Seoul-4be6,36,62,Normal
2026-02-13 21:23:36.911373,Seoul-4be6,49,27,Normal
2026-02-13 21:23:37.911373,Seoul-4be6,-4,22,Normal
2026-02-13 21:23:38.911373,Seoul-4be6,38,47,Normal
2026-02-13 21:23:39.911373,Seoul-4be6,23,15,Normal
2026-02-13 21:23:40.911373,Seoul-4be6,42,77,Normal
2026-02-13 21:23:41.911373,Seoul-4be6,-10,62,Normal
2026-02-13 21:23:42.911373,Seoul-4be6,45,59,Normal
2026-02-13 21:23:43.911373,Seoul-4be6,-21,17,Normal
2026-02-13 21:23:44.911373,Seoul-4be6,11,6,Normal
2026-02-13 21:23:45.911373,Seoul-4be6,-22,30,Normal
2026-02-13 21:23:46.911373,Seoul-4be6,-20,33,Normal
2026-02-13 21:23:47.911373,Seoul-4be6,22,8,Normal
2026-02-13 21:23:48.911373,Seoul-4be6,-10,95,Normal
2026-02-13 21:23:49.911373,Seoul-4be6,31,60,Normal
2026-02-13 21:23:50.911373,Seoul-4be6,10,68,Normal
2026-02-13 21:23:51.911373,Seoul-4be6,-6,18,Normal
2026-02-13 21:23:52.911373,Seoul-4be6,-10,61,Normal
2026-02-13 21:23:53.911373,Seoul-4be6,-10,95,Normal
2026-02-13 21:23:54.911373,Seoul-4be6,-18,58,Normal
2026-02-13 21:23:55.911373,Seoul-4be6,-21,37,Normal
2026-02-13 21:23:56.911373,Seoul-4be6,-19,38,Normal
2026-02-13 21:23:57.911373,Seoul-4be6,-29,49,Normal
2026-02-13 21:23:58.911373,Seoul-4be6,11,41,Normal
2026-02-13 21:23:59.911373,Seoul-4be6,33,86,Normal
2026-02-13 21:24:00.911373,Seoul-4be6,40,51,Normal
2026-02-13 21:24:01.911373,Seoul-4be6,-1,24,Normal
2026-02-13 21:24:02.911373,Seoul-4be6,5,6,Normal
2026-02-13 21:24:03.911373,Seoul-4be6,31,9,Normal
2026-02-13 21:24:04.911373,Seoul-4be6,36,6,Normal
2026-02-13 21:24:05.911373,Seoul-4be6,14,34,Normal
2026-02-13 21:24:06.911373,Seoul-4be6,-16,31,Normal
2026-02-13 21:24:07.911373,Seoul-4be6,-4,0,Normal
2026-02-13 21:24:08.911373,Seoul-4be6,-12,61,Normal
2026-02-13 21:24:09.911373,Seoul-4be6,37,12,Normal
2026-02-13 21:24:10.911373,Seoul-4be6,-24,4,Normal
2026-02-13 21:24:11.911373,Seoul-4be6,-9,100,Normal
2026-02-13 21:24:12.911373,Seoul-4be6,25,96,Normal
2026-02-13 21:24:13.911373,Seoul-4be6,-22,21,Normal
2026-02-13 21:24:14.911373,Seoul-4be6,42,31,Normal
2026-02-13 21:24:15.911373,Seoul-4be6,-26,47,Normal
2026-02-13 21:24:16.911373,Seoul-4be6,-19,1,Normal
2026-02-13 21:24:17.911373,Seoul-4be6,-17,100,Normal
2026-02-13 21:24:18.911373,Seoul-4be6,-22,43,Normal
2026-02-13 21:24:19.911373,Seoul-4be6,46,46,Normal
2026-02-13 21:24:20.911373,Seoul-4be6,47,70,Normal
2026-02-13 21:24:21.911373,Seoul-4be6,30,82,Normal
2026-02-13 21:24:22.911373,Seoul-4be6,41,75,Normal
2026-02-13 21:24:23.911373,Seoul-4be6,35,34,Normal
2026-02-13 21:24:24.911373,Seoul-4be6,45,26,Normal
2026-02-13 21:24:25.911373,Seoul-4be6,7,78,Normal
2026-02-13 21:24:26.911373,Seoul-4be6,25,38,Normal
2026-02-13 21:24:27.911373,Seoul-4be6,-1,83,Normal
2026-02-13 21:24:28.911373,Seoul-4be6,10,21,Normal
2026-02-13 21:24:29.911373,Seoul-4be6,44,64,Normal
2026-02-13 21:24:30.911373,Seoul-4be6,23,79,Normal
2026-02-13 21:24:31.911373,Seoul-4be6,-15,72,Normal
2026-02-13 21:24:32.911373,Seoul-4be6,20,84,Normal
2026-02-13 21:24:33.911373,Seoul-4be6,-6,44,Normal
2026-02-13 21:24:34.911373,Seoul-4be6,46,74,Normal
2026-02-13 21:24:35.911373,Seoul-4be6,-10,44,Normal
2026-02-13 21:24:36.911373,Seoul-4be6,16,12,Normal
2026-02-13 21:24:37.911373,Seoul-4be6,43,89,Normal
2026-02-13 21:24:38.911373,Seoul-4be6,-16,34,Normal
2026-02-13 21:24:39.911373,Seoul-4be6,47,93,Normal
2026-02-13 21:24:40.911373,Seoul-4be6,-19,81,Normal
2026-02-13 21:24:41.911373,Seoul-4be6,26,31,Normal
2026-02-13 21:24:42.911373,Seoul-4be6,-9,16,Normal
2026-02-13 21:24:43.911373,Seoul-4be6,8,60,Normal
2026-02-13 21:24:44.911373,Seoul-4be6,21,61,Normal
2026-02-13 21:24:45.911373,Seoul-4be6,24,34,Normal
2026-02-13 21:24:46.911373,Seoul-4be6,-13,77,Normal
2026-02-13 21:24:47.911373,Seoul-4be6,31,48,Normal
2026-02-13 21:24:48.911373,Seoul-4be6,13,98,Normal
2026-02-13 21:24:49.911373,Seoul-4be6,7,55,Normal
2026-02-13 21:24:50.911373,Seoul-4be6,15,19,Normal
2026-02-13 21:24:51.911373,Seoul-4be6,0,52,Normal
2026-02-13 21:24:52.911373,Seoul-4be6,30,22,Normal
2026-02-13 21:24:53.911373,Seoul-4be6,7,65,Normal
2026-02-13 21:24:54.911373,Seoul-4be6,-4,66,Normal
2026-02-13 21:24:55.911373,Seoul-4be6,-2,19,Normal
2026-02-13 21:24:56.911373,Seoul-4be6,46,42,Normal
2026-02-13 21:24:57.911373,Seoul-4be6,-17,61,Normal
2026-02-13 21:24:58.911373,Seoul-4be6,-22,59,Normal
2026-02-13 21:24:59.911373,Seoul-4be6,16,43,Normal
2026-02-13 21:25:00.911373,Seoul-4be6,-15,71,Normal
2026-02-13 21:25:01.911373,Seoul-4be6,34,81,Normal
2026-02-13 21:25:02.911373,Seoul-4be6,9,88,Normal
2026-02-13 21:25:03.911373,Seoul-4be6,46,33,Normal
2026-02-13 21:25:04.911373,Seoul-4be6,6,40,Normal
2026-02-13 21:25:05.911373,Seoul-4be6,-15,11,Normal
2026-02-13 21:25:06.911373,Seoul-4be6,-14,5,Normal
2026-02-13 21:25:07.911373,Seoul-4be6,-10,90,Normal
2026-02-13 21:25:08.911373,Seoul-4be6,32,52,Normal
2026-02-13 21:25:09.911373,Seoul-4be6,35,98,Normal
2026-02-13 21:25:10.911373,Seoul-4be6,-19,62,Normal
2026-02-13 21:25:11.911373,Seoul-4be6,26,40,Normal
2026-02-13 21:25:12.911373,Seoul-4be6,-21,68,Normal
2026-02-13 21:25:13.911373,Seoul-4be6,-21,39,Normal
2026-02-13 21:25:14.911373,Seoul-4be6,5,39,Normal
2026-02-13 21:25:15.911373,Seoul-4be6,2,89,Normal
2026-02-13 21:25:16.911373,Seoul-4be6,14,19,Normal
2026-02-13 21:25:17.911373,Seoul-4be6,16,45,Normal
2026-02-13 21:25:18.911373,Seoul-4be6,39,28,Normal
2026-02-13 21:25:19.911373,Seoul-4be6,-19,51,Normal
2026-02-13 21:25:20.911373,Seoul-4be6,-1,67,Normal
2026-02-13 21:25:21.911373,Seoul-4be6,28,69,Normal
2026-02-13 21:25:22.911373,Seoul-4be6,-4,54,Normal
2026-02-13 21:25:23.911373,Seoul-4be6,35,16,Normal
2026-02-13 21:25:24.911373,Seoul-4be6,7,28,Normal
2026-02-13 21:25:25.911373,Seoul-4be6,37,69,Normal
2026-02-13 21:25:26.911373,Seoul-4be6,39,35,Normal
2026-02-13 21:25:27.911373,Seoul-4be6,43,72,Normal
2026-02-13 21:25:28.911373,Seoul-4be6,-1,86,Normal
2026-02-13 21:25:29.911373,Seoul-4be6,-15,29,Normal
2026-02-13 21:25:30.911373,Seoul-4be6,-9,27,Normal
2026-02-13 21:25:31.911373,Seoul-4be6,48,72,Normal
2026-02-13 21:25:32.911373,Seoul-4be6,36,75,Normal
2026-02-13 21:25:33.911373,Seoul-4be6,-21,41,Normal
2026-02-13 21:25:34.911373,Seoul-4be6,-24,59,Normal
2026-02-13 21:25:35.911373,Seoul-4be6,7,56,Normal
2026-02-13 21:25:36.911373,Seoul-4be6,35,3,Normal
2026-02-13 21:25:37.911373,Seoul-4be6,7,58,Normal
2026-02-13 21:25:38.911373,Seoul-4be6,28,48,Normal
2026-02-13 21:25:39.911373,Seoul-4be6,-24,35,Normal
2026-02-13 21:25:40.911373,Seoul-4be6,3,33,Normal
2026-02-13 21:25:41.911373,Seoul-4be6,-15,82,Normal
2026-02-13 21:25:42.911373,Seoul-4be6,45,26,Normal
2026-02-13 21:25:43.911373,Seoul-4be6,-6,56,Normal
2026-02-13 21:25:44.911373,Seoul-4be6,-9,72,Normal
2026-02-13 21:25:45.911373,Seoul-4be6,-25,20,Normal
2026-02-13 21:25:46.911373,Seoul-4be6,11,77,Normal
2026-02-13 21:25:47.911373,Seoul-4be6,-9,15,Normal
2026-02-13 21:25:48.911373,Seoul-4be6,29,66,Normal
2026-02-13 21:25:49.911373,Seoul-4be6,-11,88,Normal
2026-02-13 21:25:50.911373,Seoul-4be6,-19,78,Normal
2026-02-13 21:25:51.911373,Seoul-4be6,13,60,Normal
2026-02-13 21:25:52.911373,Seoul-4be6,17,53,Normal
2026-02-13 21:25:53.911373,Seoul-4be6,-18,79,Normal
2026-02-13 21:25:54.911373,Seoul-4be6,41,61,Normal
2026-02-13 21:25:55.911373,Seoul-4be6,5,1,Normal
2026-02-13 21:25:56.911373,Seoul-4be6,22,87,Normal
2026-02-13 21:25:57.911373,Seoul-4be6,-4,38,Normal
2026-02-13 21:25:58.911373,Seoul-4be6,6,77,Normal
2026-02-13 21:25:59.911373,Seoul-4be6,16,61,Normal
2026-02-13 21:26:00.911373,Seoul-4be6,-17,62,Normal
2026-02-13 21:26:01.911373,Seoul-4be6,11,8,Normal
2026-02-13 21:26:02.911373,Seoul-4be6,21,53,Normal
2026-02-13 21:26:03.911373,Seoul-4be6,1,23,Normal
2026-02-13 21:26:04.911373,Seoul-4be6,19,85,Normal
2026-02-13 21:26:05.911373,Seoul-4be6,17,91,Normal
2026-02-13 21:26:06.911373,Seoul-4be6,1,100,Normal
2026-02-13 21:26:07.911373,Seoul-4be6,-11,61,Normal
2026-02-13 21:26:08.911373,Seoul-4be6,46,100,Normal
2026-02-13 21:26:09.911373,Seoul-4be6,7,100,Normal
2026-02-13 21:26:10.911373,Seoul-4be6,-16,31,Normal
2026-02-13 21:26:11.911373,Seoul-4be6,-3,3,Normal
2026-02-13 21:26:12.911373,Seoul-4be6,-27,15,Normal
2026-02-13 21:26:13.911373,Seoul-4be6,50,47,Normal
2026-02-13 21:26:14.911373,Seoul-4be6,16,26,Normal
2026-02-13 21:26:15.911373,Seoul-4be6,43,4,Normal
2026-02-13 21:26:16.911373,Seoul-4be6,33,91,Normal
2026-02-13 21:26:17.911373,Seoul-4be6,-29,67,Normal
2026-02-13 21:26:18.911373,Seoul-4be6,-1,58,Normal
2026-02-13 21:26:19.911373,Seoul-4be6,18,21,Normal
2026-02-13 21:26:20.911373,Seoul-4be6,-7,23,Normal
2026-02-13 21:26:21.911373,Seoul-4be6,43,56,Normal
2026-02-13 21:26:22.911373,Seoul-4be6,6,48,Normal
2026-02-13 21:26:23.911373,Seoul-4be6,47,30,Normal
2026-02-13 21:26:24.911373,Seoul-4be6,49,83,Normal
2026-02-13 21:26:25.911373,Seoul-4be6,43,74,Normal
2026-02-13 21:26:26.911373,Seoul-4be6,46,64,Normal
2026-02-13 21:26:27.911373,Seoul-4be6,0,78,Normal
2026-02-13 21:26:28.911373,Seoul-4be6,2,89,Normal
2026-02-13 21:26:29.911373,Seoul-4be6,-28,57,Normal
2026-02-13 21:26:30.911373,Seoul-4be6,43,96,Normal
2026-02-13 21:26:31.911373,Seoul-4be6,25,81,Normal
2026-02-13 21:26:32.911373,Seoul-4be6,32,26,Normal
2026-02-13 21:26:33.911373,Seoul-4be6,12,43,Normal
2026-02-13 21:26:34.911373,Seoul-4be6,9,96,Normal
2026-02-13 21:26:35.911373,Seoul-4be6,23,82,Normal
2026-02-13 21:26:36.911373,Seoul-4be6,11,8,Normal
2026-02-13 21:26:37.911373,Seoul-4be6,0,78,Normal
2026-02-13 21:26:38.911373,Seoul-4be6,-18,11,Normal
2026-02-13 21:26:39.911373,Seoul-4be6,43,31,Normal
2026-02-13 21:26:40.911373,Seoul-4be6,19,32,Normal
2026-02-13 21:26:41.911373,Seoul-4be6,26,11,Normal
2026-02-13 21:26:42.911373,Seoul-4be6,14,57,Normal
2026-02-13 21:26:43.911373,Seoul-4be6,36,34,Normal
2026-02-13 21:26:44.911373,Seoul-4be6,-11,94,Normal
2026-02-13 21:26:45.911373,Seoul-4be6,-10,66,Normal
2026-02-13 21:26:46.911373,Seoul-4be6,-22,40,Normal
2026-02-13 21:26:47.911373,Seoul-4be6,11,86,Normal
2026-02-13 21:26:48.911373,Seoul-4be6,45,2,Normal
2026-02-13 21:26:49.911373,Seoul-4be6,-4,57,Normal
2026-02-13 21:26:50.911373,Seoul-4be6,36,74,Normal
2026-02-13 21:26:51.911373,Seoul-4be6,-13,40,Normal
2026-02-13 21:26:52.911373,Seoul-4be6,46,73,Normal
2026-02-13 21:26:53.911373,Seoul-4be6,1,69,Normal
2026-02-13 21:26:54.911373,Seoul-4be6,-9,21,Normal
2026-02-13 21:26:55.911373,Seoul-4be6,35,87,Normal
2026-02-13 21:26:56.911373,Seoul-4be6,36,62,Normal
2026-02-13 21:26:57.911373,Seoul-4be6,16,83,Normal
2026-02-13 21:26:58.911373,Seoul-4be6,44,14,Normal
2026-02-13 21:26:59.911373,Seoul-4be6,24,78,Normal
2026-02-13 21:27:00.911373,Seoul-4be6,-27,15,Normal
2026-02-13 21:27:01.911373,Seoul-4be6,2,92,Normal
2026-02-13 21:27:02.911373,Seoul-4be6,-13,100,Normal
2026-02-13 21:27:03.911373,Seoul-4be6,17,65,Normal
2026-02-13 21:27:04.911373,Seoul-4be6,-9,75,Normal
2026-02-13 21:27:05.911373,Seoul-4be6,-21,5,Normal
2026-02-13 21:27:06.911373,Seoul-4be6,-7,90,Normal
2026-02-13 21:27:07.911373,Seoul-4be6,7,21,Normal
2026-02-13 21:27:08.911373,Seoul-4be6,31,73,Normal
2026-02-13 21:27:09.911373,Seoul-4be6,-23,98,Normal
2026-02-13 21:27:10.911373,Seoul-4be6,-30,1,Normal
2026-02-13 21:27:11.911373,Seoul-4be6,-13,51,Normal
2026-02-13 21:27:12.911373,Seoul-4be6,22,11,Normal
2026-02-13 21:27:13.911373,Seoul-4be6,-29,84,Normal
2026-02-13 21:27:14.911373,Seoul-4be6,-8,14,Normal
2026-02-13 21:27:15.911373,Seoul-4be6,25,49,Normal
2026-02-13 21:27:16.911373,Seoul-4be6,30,97,Normal
2026-02-13 21:27:17.911373,Seoul-4be6,44,90,Normal
2026-02-13 21:27:18.911373,Seoul-4be6,-11,64,Normal
2026-02-13 21:27:19.911373,Seoul-4be6,45,97,Normal
2026-02-13 21:27:20.911373,Seoul-4be6,47,23,Normal
2026-02-13 21:27:21.911373,Seoul-4be6,45,93,Normal
2026-02-13 21:27:22.911373,Seoul-4be6,-7,98,Normal
2026-02-13 21:27:23.911373,Seoul-4be6,41,27,Normal
2026-02-13 21:27:24.911373,Seoul-4be6,-22,100,Normal
2026-02-13 21:27:25.911373,Seoul-4be6,-9,21,Normal
2026-02-13 21:27:26.911373,Seoul-4be6,9,43,Normal
2026-02-13 21:27:27.911373,Seoul-4be6,-8,82,Normal
2026-02-13 21:27:28.911373,Seoul-4be6,20,36,Normal
2026-02-13 21:27:29.911373,Seoul-4be6,-23,84,Normal
2026-02-13 21:27:30.911373,Seoul-4be6,1,15,Normal
2026-02-13 21:27:31.911373,Seoul-4be6,46,83,Normal
2026-02-13 21:27:32.911373,Seoul-4be6,-22,29,Normal
2026-02-13 21:27:33.911373,Seoul-4be6,-16,80,Normal
2026-02-13 21:27:34.911373,Seoul-4be6,17,29,Normal
2026-02-13 21:27:35.911373,Seoul-4be6,38,25,Normal
2026-02-13 21:27:36.911373,Seoul-4be6,-26,16,Normal
2026-02-13 21:27:37.911373,Seoul-4be6,16,34,Normal
2026-02-13 21:27:38.911373,Seoul-4be6,4,33,Normal
2026-02-13 21:27:39.911373,Seoul-4be6,29,91,Normal
2026-02-13 21:27:40.911373,Seoul-4be6,-17,27,Normal
2026-02-13 21:27:41.911373,Seoul-4be6,9,62,Normal
2026-02-13 21:27:42.911373,Seoul-4be6,7,77,Normal
2026-02-13 21:27:43.911373,Seoul-4be6,18,34,Normal
2026-02-13 21:27:44.911373,Seoul-4be6,7,64,Normal
2026-02-13 21:27:45.911373,Seoul-4be6,-26,28,Normal
2026-02-13 21:27:46.911373,Seoul-4be6,-27,93,Normal
2026-02-13 21:27:47.911373,Seoul-4be6,30,47,Normal
2026-02-13 21:27:48.911373,Seoul-4be6,-17,6,Normal
2026-02-13 21:27:49.911373,Seoul-4be6,30,1,Normal
2026-02-13 21:27:50.911373,Seoul-4be6,-11,11,Normal
2026-02-13 21:27:51.911373,Seoul-4be6,-12,34,Normal
2026-02-13 21:27:52.911373,Seoul-4be6,38,67,Normal
2026-02-13 21:27:53.911373,Seoul-4be6,7,89,Normal
2026-02-13 21:27:54.911373,Seoul-4be6,-10,39,Normal
2026-02-13 21:27:55.911373,Seoul-4be6,47,26,Normal
2026-02-13 21:27:56.911373,Seoul-4be6,44,17,Normal
2026-02-13 21:27:57.911373,Seoul-4be6,-30,70,Normal
2026-02-13 21:27:58.911373,Seoul-4be6,-24,82,Normal
2026-02-13 21:27:59.911373,Seoul-4be6,44,2,Normal
2026-02-13 21:28:00.911373,Seoul-4be6,9,32,Normal
2026-02-13 21:28:01.911373,Seoul-4be6,-12,25,Normal
2026-02-13 21:28:02.911373,Seoul-4be6,27,83,Normal
2026-02-13 21:28:03.911373,Seoul-4be6,14,45,Normal
2026-02-13 21:28:04.911373,Seoul-4be6,-30,19,Normal
2026-02-13 21:28:05.911373,Seoul-4be6,6,1,Normal
2026-02-13 21:28:06.911373,Seoul-4be6,26,25,Normal
2026-02-13 21:28:07.911373,Seoul-4be6,45,81,Normal
2026-02-13 21:28:08.911373,Seoul-4be6,-9,6,Normal
2026-02-13 21:28:09.911373,Seoul-4be6,-6,90,Normal
2026-02-13 21:28:10.911373,Seoul-4be6,-14,77,Normal
2026-02-13 21:28:11.911373,Seoul-4be6,15,55,Normal
2026-02-13 21:28:12.911373,Seoul-4be6,25,37,Normal
2026-02-13 21:28:13.911373,Seoul-4be6,11,98,Normal
2026-02-13 21:28:14.911373,Seoul-4be6,32,59,Normal
2026-02-13 21:28:15.911373,Seoul-4be6,19,68,Normal
2026-02-13 21:28:16.911373,Seoul-4be6,11,66,Normal
2026-02-13 21:28:17.911373,Seoul-4be6,-12,87,Normal
2026-02-13 21:28:18.911373,Seoul-4be6,-18,37,Normal
2026-02-13 21:28:19.911373,Seoul-4be6,27,49,Normal
2026-02-13 21:28:20.911373,Seoul-4be6,20,17,Normal
2026-02-13 21:28:21.911373,Seoul-4be6,18,62,Normal
2026-02-13 21:28:22.911373,Seoul-4be6,2,61,Normal
2026-02-13 21:28:23.911373,Seoul-4be6,16,31,Normal
2026-02-13 21:28:24.911373,Seoul-4be6,-5,11,Normal
2026-02-13 21:28:25.911373,Seoul-4be6,-30,20,Normal
2026-02-13 21:28:26.911373,Seoul-4be6,-8,61,Normal
2026-02-13 21:28:27.911373,Seoul-4be6,42,2,Normal
2026-02-13 21:28:28.911373,Seoul-4be6,-1,20,Normal
2026-02-13 21:28:29.911373,Seoul-4be6,48,36,Normal
2026-02-13 21:28:30.911373,Seoul-4be6,25,44,Normal
2026-02-13 21:28:31.911373,Seoul-4be6,-21,45,Normal
2026-02-13 21:28:32.911373,Seoul-4be6,4,27,Normal
2026-02-13 21:28:33.911373,Seoul-4be6,-29,4,Normal
2026-02-13 21:28:34.911373,Seoul-4be6,7,13,Normal
2026-02-13 21:28:35.911373,Seoul-4be6,-1,19,Normal
2026-02-13 21:28:36.911373,Seoul-4be6,-30,13,Normal
2026-02-13 21:28:37.911373,Seoul-4be6,28,4,Normal
2026-02-13 21:28:38.911373,Seoul-4be6,28,26,Normal
2026-02-13 21:28:39.911373,Seoul-4be6,-13,13,Normal
2026-02-13 21:28:40.911373,Seoul-4be6,45,96,Normal
2026-02-13 21:28:41.911373,Seoul-4be6,-24,87,Normal
2026-02-13 21:28:42.911373,Seoul-4be6,45,28,Normal
2026-02-13 21:28:43.911373,Seoul-4be6,45,85,Normal
2026-02-13 21:28:44.911373,Seoul-4be6,38,60,Normal
2026-02-13 21:28:45.911373,Seoul-4be6,-18,33,Normal
2026-02-13 21:28:46.911373,Seoul-4be6,24,83,Normal
2026-02-13 21:28:47.911373,Seoul-4be6,-9,9,Normal
2026-02-13 21:28:48.911373,Seoul-4be6,21,34,Normal
2026-02-13 21:28:49.911373,Seoul-4be6,0,91,Normal
2026-02-13 21:28:50.911373,Seoul-4be6,-13,84,Normal
2026-02-13 21:28:51.911373,Seoul-4be6,-24,78,Normal
2026-02-13 21:28:52.911373,Seoul-4be6,47,34,Normal
2026-02-13 21:28:53.911373,Seoul-4be6,38,14,Normal
2026-02-13 21:28:54.911373,Seoul-4be6,6,8,Normal
2026-02-13 21:28:55.911373,Seoul-4be6,49,25,Normal
2026-02-13 21:28:56.911373,Seoul-4be6,-18,74,Normal
2026-02-13 21:28:57.911373,Seoul-4be6,35,52,Normal
2026-02-13 21:28:58.911373,Seoul-4be6,-11,5,Normal
2026-02-13 21:28:59.911373,Seoul-4be6,28,63,Normal
2026-02-13 21:29:00.911373,Seoul-4be6,18,60,Normal
2026-02-13 21:29:01.911373,Seoul-4be6,-4,93,Normal
2026-02-13 21:29:02.911373,Seoul-4be6,13,11,Normal
2026-02-13 21:29:03.911373,Seoul-4be6,30,32,Normal
2026-02-13 21:29:04.911373,Seoul-4be6,19,38,Normal
2026-02-13 21:29:05.911373,Seoul-4be6,11,91,Normal
2026-02-13 21:29:06.911373,Seoul-4be6,11,69,Normal
2026-02-13 21:29:07.911373,Seoul-4be6,-21,6,Normal
2026-02-13 21:29:08.911373,Seoul-4be6,-1,4,Normal
2026-02-13 21:29:09.911373,Seoul-4be6,36,26,Normal
2026-02-13 21:29:10.911373,Seoul-4be6,20,24,Normal
2026-02-13 21:29:11.911373,Seoul-4be6,-10,12,Normal
2026-02-13 21:29:12.911373,Seoul-4be6,12,28,Normal
2026-02-13 21:29:13.911373,Seoul-4be6,38,60,Normal
2026-02-13 21:29:14.911373,Seoul-4be6,-14,29,Normal
2026-02-13 21:29:15.911373,Seoul-4be6,-8,36,Normal
2026-02-13 21:29:16.911373,Seoul-4be6,19,69,Normal
2026-02-13 21:29:17.911373,Seoul-4be6,-26,92,Normal
2026-02-13 21:29:18.911373,Seoul-4be6,44,69,Normal
2026-02-13 21:29:19.911373,Seoul-4be6,-24,68,Normal
2026-02-13 21:29:20.911373,Seoul-4be6,22,41,Normal
2026-02-13 21:29:21.911373,Seoul-4be6,-24,77,Normal
2026-02-13 21:29:22.911373,Seoul-4be6,18,47,Normal
2026-02-13 21:29:23.911373,Seoul-4be6,50,56,Normal
2026-02-13 21:29:24.911373,Seoul-4be6,12,99,Normal
2026-02-13 21:29:25.911373,Seoul-4be6,-9,97,Normal
2026-02-13 21:29:26.911373,Seoul-4be6,-29,81,Normal
2026-02-13 21:29:27.911373,Seoul-4be6,6,2,Normal
2026-02-13 21:29:28.911373,Seoul-4be6,31,3,Normal
2026-02-13 21:29:29.911373,Seoul-4be6,-21,67,Normal
2026-02-13 21:29:30.911373,Seoul-4be6,-9,21,Normal
2026-02-13 21:29:31.911373,Seoul-4be6,-10,59,Normal
2026-02-13 21:29:32.911373,Seoul-4be6,-23,37,Normal
2026-02-13 21:29:33.911373,Seoul-4be6,-28,69,Normal
2026-02-13 21:29:34.911373,Seoul-4be6,-16,40,Normal
2026-02-13 21:29:35.911373,Seoul-4be6,25,6,Normal
2026-02-13 21:29:36.911373,Seoul-4be6,41,9,Normal
2026-02-13 21:29:37.911373,Seoul-4be6,-3,82,Normal
2026-02-13 21:29:38.911373,Seoul-4be6,-1,27,Normal
2026-02-13 21:29:39.911373,Seoul-4be6,-16,31,Normal
2026-02-13 21:29:40.911373,Seoul-4be6,12,97,Normal
2026-02-13 21:29:41.911373,Seoul-4be6,31,93,Normal
2026-02-13 21:29:42.911373,Seoul-4be6,-14,7,Normal
2026-02-13 21:29:43.911373,Seoul-4be6,33,86,Normal
2026-02-13 21:29:44.911373,Seoul-4be6,-17,20,Normal
2026-02-13 21:29:45.911373,Seoul-4be6,-10,27,Normal
2026-02-13 21:29:46.911373,Seoul-4be6,30,7,Normal
2026-02-13 21:29:47.911373,Seoul-4be6,32,16,Normal
2026-02-13 21:29:48.911373,Seoul-4be6,-22,71,Normal
2026-02-13 21:29:49.911373,Seoul-4be6,29,89,Normal
2026-02-13 21:29:50.911373,Seoul-4be6,0,27,Normal
2026-02-13 21:29:51.911373,Seoul-4be6,27,54,Normal
