timestamp,station_id,temp,humid,condition
2026-02-15 09:25:32.691262,Paris-8cb5,13,36,Normal
2026-02-15 09:25:33.691262,Paris-8cb5,-9,90,Normal
2026-02-15 09:25:34.691262,Paris-8cb5,28,39,Normal
2026-02-15 09:25:35.691262,Paris-8cb5,-2,77,Normal
2026-02-15 09:25:36.691262,Paris-8cb5,-20,22,Normal
2026-02-15 09:25:37.691262,Paris-8cb5,45,90,Normal
2026-02-15 09:25:38.691262,Paris-8cb5,4,54,Normal
2026-02-15 09:25:39.691262,Paris-8cb5,50,59,Normal
2026-02-15 09:25:40.691262,Paris-8cb5,22,26,Normal
2026-02-15 09:25:41.691262,Paris-8cb5,25,45,Normal
2026-02-15 09:25:42.691262,Paris-8cb5,30,90,Normal
2026-02-15 09:25:43.691262,Paris-8cb5,-5,79,Normal
2026-02-15 09:25:44.691262,Paris-8cb5,-21,25,Normal
2026-02-15 09:25:45.691262,Paris-8cb5,20,68,Normal
2026-02-15 09:25:46.691262,Paris-8cb5,8,71,Normal
2026-02-15 09:25:47.691262,Paris-8cb5,9,86,Normal
2026-02-15 09:25:48.691262,Paris-8cb5,31,73,Normal
2026-02-15 09:25:49.691262,Paris-8cb5,41,56,Normal
2026-02-15 09:25:50.691262,Paris-8cb5,26,7,Normal
2026-02-15 09:25:51.691262,Paris-8cb5,-9,45,Normal
2026-02-15 09:25:52.691262,Paris-8cb5,-20,22,Normal
2026-02-15 09:25:53.691262,Paris-8cb5,21,22,Normal
2026-02-15 09:25:54.691262,Paris-8cb5,-22,69,Normal
2026-02-15 09:25:55.691262,Paris-8cb5,1,80,Normal
2026-02-15 09:25:56.691262,Paris-8cb5,49,36,Normal
2026-02-15 09:25:57.691262,Paris-8cb5,17,37,Normal
2026-02-15 09:25:58.691262,Paris-8cb5,-13,26,Normal
2026-02-15 09:25:59.691262,Paris-8cb5,-20,22,Normal
2026-02-15 09:26:00.691262,Paris-8cb5,-22,64,Normal
2026-02-15 09:26:01.691262,Paris-8cb5,-19,23,Normal
2026-02-15 09:26:02.691262,Paris-8cb5,-8,90,Normal
2026-02-15 09:26:03.691262,Paris-8cb5,-18,56,Normal
2026-02-15 09:26:04.691262,Paris-8cb5,-23,48,Normal
2026-02-15 09:26:05.691262,Paris-8cb5,15,24,Normal
2026-02-15 09:26:06.691262,Paris-8cb5,-17,5,Normal
2026-02-15 09:26:07.691262,Paris-8cb5,37,63,Normal
2026-02-15 09:26:08.691262,Paris-8cb5,50,62,Normal
2026-02-15 09:26:09.691262,Paris-8cb5,43,65,Normal
2026-02-15 09:26:10.691262,Paris-8cb5,19,1,Normal
2026-02-15 09:26:11.691262,Paris-8cb5,-19,66,Normal
2026-02-15 09:26:12.691262,Paris-8cb5,4,76,Normal
2026-02-15 09:26:13.691262,Paris-8cb5,13,82,Normal
2026-02-15 09:26:14.691262,Paris-8cb5,18,83,Normal
2026-02-15 09:26:15.691262,Paris-8cb5,-8,80,Normal
2026-02-15 09:26:16.691262,Paris-8cb5,-29,14,Normal
2026-02-15 09:26:17.691262,Paris-8cb5,32,23,Normal
2026-02-15 09:26:18.691262,Paris-8cb5,25,8,Normal
2026-02-15 09:26:19.691262,Paris-8cb5,-9,7,Normal
2026-02-15 09:26:20.691262,Paris-8cb5,42,18,Normal
2026-02-15 09:26:21.691262,Paris-8cb5,-26,51,Normal
2026-02-15 09:26:22.691262,Paris-8cb5,1,0,Normal
2026-02-15 09:26:23.691262,Paris-8cb5,-4,88,Normal
2026-02-15 09:26:24.691262,Paris-8cb5,38,47,Normal
2026-02-15 09:26:25.691262,Paris-8cb5,0,50,Normal
2026-02-15 09:26:26.691262,Paris-8cb5,37,3,Normal
2026-02-15 09:26:27.691262,Paris-8cb5,-16,50,Normal
2026-02-15 09:26:28.691262,Paris-8cb5,-27,21,Normal
2026-02-15 09:26:29.691262,Paris-8cb5,17,14,Normal
2026-02-15 09:26:30.691262,Paris-8cb5,23,33,Normal
2026-02-15 09:26:31.691262,Paris-8cb5,44,71,Normal
2026-02-15 09:26:32.691262,Paris-8cb5,49,21,Normal
2026-02-15 09:26:33.691262,Paris-8cb5,10,41,Normal
2026-02-15 09:26:34.691262,Paris-8cb5,15,80,Normal
2026-02-15 09:26:35.691262,Paris-8cb5,-3,7,Normal
2026-02-15 09:26:36.691262,Paris-8cb5,-25,94,Normal
2026-02-15 09:26:37.691262,Paris-8cb5,33,59,Normal
2026-02-15 09:26:38.691262,Paris-8cb5,-15,19,Normal
2026-02-15 09:26:39.691262,Paris-8cb5,9,77,Normal
2026-02-15 09:26:40.691262,Paris-8cb5,43,95,Normal
2026-02-15 09:26:41.691262,Paris-8cb5,24,95,Normal
2026-02-15 09:26:42.691262,Paris-8cb5,31,82,Normal
2026-02-15 09:26:43.691262,Paris-8cb5,31,17,Normal
2026-02-15 09:26:44.691262,Paris-8cb5,47,13,Normal
2026-02-15 09:26:45.691262,Paris-8cb5,34,91,Normal
2026-02-15 09:26:46.691262,Paris-8cb5,3,58,Normal
2026-02-15 09:26:47.691262,Paris-8cb5,-9,67,Normal
2026-02-15 09:26:48.691262,Paris-8cb5,25,19,Normal
2026-02-15 09:26:49.691262,Paris-8cb5,-25,15,Normal
2026-02-15 09:26:50.691262,Paris-8cb5,-13,95,Normal
2026-02-15 09:26:51.691262,Paris-8cb5,28,81,Normal
2026-02-15 09:26:52.691262,Paris-8cb5,39,50,Normal
2026-02-15 09:26:53.691262,Paris-8cb5,7,30,Normal
2026-02-15 09:26:54.691262,Paris-8cb5,-26,5,Normal
2026-02-15 09:26:55.691262,Paris-8cb5,15,1,Normal
2026-02-15 09:26:56.691262,Paris-8cb5,12,32,Normal
2026-02-15 09:26:57.691262,Paris-8cb5,-3,39,Normal
2026-02-15 09:26:58.691262,Paris-8cb5,-21,3,Normal
2026-02-15 09:26:59.691262,Paris-8cb5,13,79,Normal
2026-02-15 09:27:00.691262,Paris-8cb5,30,20,Normal
2026-02-15 09:27:01.691262,Paris-8cb5,-3,68,Normal
2026-02-15 09:27:02.691262,Paris-8cb5,7,7,Normal
2026-02-15 09:27:03.691262,Paris-8cb5,-10,39,Normal
2026-02-15 09:27:04.691262,Paris-8cb5,26,3,Normal
2026-02-15 09:27:05.691262,Paris-8cb5,5,2,Normal
2026-02-15 09:27:06.691262,Paris-8cb5,-9,58,Normal
2026-02-15 09:27:07.691262,Paris-8cb5,49,92,Normal
2026-02-15 09:27:08.691262,Paris-8cb5,31,55,Normal
2026-02-15 09:27:09.691262,Paris-8cb5,-20,19,Normal
2026-02-15 09:27:10.691262,Paris-8cb5,49,96,Normal
2026-02-15 09:27:11.691262,Paris-8cb5,16,51,Normal
2026-02-15 09:27:12.691262,Paris-8cb5,19,53,Normal
2026-02-15 09:27:13.691262,Paris-8cb5,42,19,Normal
2026-02-15 09:27:14.691262,Paris-8cb5,36,45,Normal
2026-02-15 09:27:15.691262,Paris-8cb5,-20,62,Normal
2026-02-15 09:27:16.691262,Paris-8cb5,-11,95,Normal
2026-02-15 09:27:17.691262,Paris-8cb5,32,38,Normal
2026-02-15 09:27:18.691262,Paris-8cb5,-10,67,Normal
2026-02-15 09:27:19.691262,Paris-8cb5,-7,0,Normal
2026-02-15 09:27:20.691262,Paris-8cb5,20,27,Normal
2026-02-15 09:27:21.691262,Paris-8cb5,-10,81,Normal
2026-02-15 09:27:22.691262,Paris-8cb5,-5,87,Normal
2026-02-15 09:27:23.691262,Paris-8cb5,8,16,Normal
2026-02-15 09:27:24.691262,Paris-8cb5,16,81,Normal
2026-02-15 09:27:25.691262,Paris-8cb5,5,65,Normal
2026-02-15 09:27:26.691262,Paris-8cb5,6,93,Normal
2026-02-15 09:27:27.691262,Paris-8cb5,27,64,Normal
2026-02-15 09:27:28.691262,Paris-8cb5,7,61,Normal
2026-02-15 09:27:29.691262,Paris-8cb5,24,92,Normal
2026-02-15 09:27:30.691262,Paris-8cb5,41,13,Normal
2026-02-15 09:27:31.691262,Paris-8cb5,11,27,Normal
2026-02-15 09:27:32.691262,Paris-8cb5,27,78,Normal
2026-02-15 09:27:33.691262,Paris-8cb5,19,7,Normal
2026-02-15 09:27:34.691262,Paris-8cb5,-13,65,Normal
2026-02-15 09:27:35.691262,Paris-8cb5,23,76,Normal
2026-02-15 09:27:36.691262,Paris-8cb5,49,58,Normal
2026-02-15 09:27:37.691262,Paris-8cb5,5,68,Normal
2026-02-15 09:27:38.691262,Paris-8cb5,38,74,Normal
2026-02-15 09:27:39.691262,Paris-8cb5,7,53,Normal
2026-02-15 09:27:40.691262,Paris-8cb5,48,29,Normal
2026-02-15 09:27:41.691262,Paris-8cb5,-17,52,Normal
2026-02-15 09:27:42.691262,Paris-8cb5,48,45,Normal
2026-02-15 09:27:43.691262,Paris-8cb5,-15,19,Normal
2026-02-15 09:27:44.691262,Paris-8cb5,16,16,Normal
2026-02-15 09:27:45.691262,Paris-8cb5,-25,31,Normal
2026-02-15 09:27:46.691262,Paris-8cb5,-1,5,Normal
2026-02-15 09:27:47.691262,Paris-8cb5,-7,14,Normal
2026-02-15 09:27:48.691262,Paris-8cb5,-19,94,Normal
2026-02-15 09:27:49.691262,Paris-8cb5,40,73,Normal
2026-02-15 09:27:50.691262,Paris-8cb5,13,83,Normal
2026-02-15 09:27:51.691262,Paris-8cb5,6,0,Normal
2026-02-15 09:27:52.691262,Paris-8cb5,40,6,Normal
2026-02-15 09:27:53.691262,Paris-8cb5,44,74,Normal
2026-02-15 09:27:54.691262,Paris-8cb5,24,44,Normal
2026-02-15 09:27:55.691262,Paris-8cb5,-23,1,Normal
2026-02-15 09:27:56.691262,Paris-8cb5,-9,53,Normal
2026-02-15 09:27:57.691262,Paris-8cb5,40,20,Normal
2026-02-15 09:27:58.691262,Paris-8cb5,13,64,Normal
2026-02-15 09:27:59.691262,Paris-8cb5,21,81,Normal
2026-02-15 09:28:00.691262,Paris-8cb5,-21,69,Normal
2026-02-15 09:28:01.691262,Paris-8cb5,46,60,Normal
2026-02-15 09:28:02.691262,Paris-8cb5,-7,27,Normal
2026-02-15 09:28:03.691262,Paris-8cb5,20,68,Normal
2026-02-15 09:28:04.691262,Paris-8cb5,7,90,Normal
2026-02-15 09:28:05.691262,Paris-8cb5,49,91,Normal
2026-02-15 09:28:06.691262,Paris-8cb5,35,39,Normal
2026-02-15 09:28:07.691262,Paris-8cb5,6,50,Normal
2026-02-15 09:28:08.691262,Paris-8cb5,-27,60,Normal
2026-02-15 09:28:09.691262,Paris-8cb5,21,88,Normal
2026-02-15 09:28:10.691262,Paris-8cb5,9,61,Normal
2026-02-15 09:28:11.691262,Paris-8cb5,37,9,Normal
2026-02-15 09:28:12.691262,Paris-8cb5,6,52,Normal
2026-02-15 09:28:13.691262,Paris-8cb5,45,62,Normal
2026-02-15 09:28:14.691262,Paris-8cb5,38,63,Normal
2026-02-15 09:28:15.691262,Paris-8cb5,-2,78,Normal
2026-02-15 09:28:16.691262,Paris-8cb5,-15,32,Normal
2026-02-15 09:28:17.691262,Paris-8cb5,44,94,Normal
2026-02-15 09:28:18.691262,Paris-8cb5,50,54,Normal
2026-02-15 09:28:19.691262,Paris-8cb5,18,97,Normal
2026-02-15 09:28:20.691262,Paris-8cb5,-28,8,Normal
2026-02-15 09:28:21.691262,Paris-8cb5,12,29,Normal
2026-02-15 09:28:22.691262,Paris-8cb5,-15,70,Normal
2026-02-15 09:28:23.691262,Paris-8cb5,25,50,Normal
2026-02-15 09:28:24.691262,Paris-8cb5,7,18,Normal
2026-02-15 09:28:25.691262,Paris-8cb5,-16,86,Normal
2026-02-15 09:28:26.691262,Paris-8cb5,32,40,Normal
2026-02-15 09:28:27.691262,Paris-8cb5,1,33,Normal
2026-02-15 09:28:28.691262,Paris-8cb5,21,62,Normal
2026-02-15 09:28:29.691262,Paris-8cb5,-30,99,Normal
2026-02-15 09:28:30.691262,Paris-8cb5,-12,3,Normal
2026-02-15 09:28:31.691262,Paris-8cb5,-27,43,Normal
2026-02-15 09:28:32.691262,Paris-8cb5,-26,11,Normal
2026-02-15 09:28:33.691262,Paris-8cb5,46,56,Normal
2026-02-15 09:28:34.691262,Paris-8cb5,-12,30,Normal
2026-02-15 09:28:35.691262,Paris-8cb5,-27,41,Normal
2026-02-15 09:28:36.691262,Paris-8cb5,-1,23,Normal
2026-02-15 09:28:37.691262,Paris-8cb5,-8,14,Normal
2026-02-15 09:28:38.691262,Paris-8cb5,25,7,Normal
2026-02-15 09:28:39.691262,Paris-8cb5,34,16,Normal
2026-02-15 09:28:40.691262,Paris-8cb5,34,10,Normal
2026-02-15 09:28:41.691262,Paris-8cb5,48,51,Normal
2026-02-15 09:28:42.691262,Paris-8cb5,39,3,Normal
2026-02-15 09:28:43.691262,Paris-8cb5,14,35,Normal
2026-02-15 09:28:44.691262,Paris-8cb5,48,32,Normal
2026-02-15 09:28:45.691262,Paris-8cb5,28,70,Normal
2026-02-15 09:28:46.691262,Paris-8cb5,32,96,Normal
2026-02-15 09:28:47.691262,Paris-8cb5,9,99,Normal
2026-02-15 09:28:48.691262,Paris-8cb5,25,72,Normal
2026-02-15 09:28:49.691262,Paris-8cb5,42,25,Normal
2026-02-15 09:28:50.691262,Paris-8cb5,19,1,Normal
2026-02-15 09:28:51.691262,Paris-8cb5,2,13,Normal
2026-02-15 09:28:52.691262,Paris-8cb5,34,2,Normal
2026-02-15 09:28:53.691262,Paris-8cb5,-11,58,Normal
2026-02-15 09:28:54.691262,Paris-8cb5,45,47,Normal
2026-02-15 09:28:55.691262,Paris-8cb5,-12,5,Normal
2026-02-15 09:28:56.691262,Paris-8cb5,49,54,Normal
2026-02-15 09:28:57.691262,Paris-8cb5,46,23,Normal
2026-02-15 09:28:58.691262,Paris-8cb5,30,90,Normal
2026-02-15 09:28:59.691262,Paris-8cb5,25,10,Normal
2026-02-15 09:29:00.691262,Paris-8cb5,-30,1,Normal
2026-02-15 09:29:01.691262,Paris-8cb5,-6,47,Normal
2026-02-15 09:29:02.691262,Paris-8cb5,18,100,Normal
2026-02-15 09:29:03.691262,Paris-8cb5,-13,78,Normal
2026-02-15 09:29:04.691262,Paris-8cb5,14,40,Normal
2026-02-15 09:29:05.691262,Paris-8cb5,-15,80,Normal
2026-02-15 09:29:06.691262,Paris-8cb5,11,49,Normal
2026-02-15 09:29:07.691262,Paris-8cb5,21,0,Normal
2026-02-15 09:29:08.691262,Paris-8cb5,16,22,Normal
2026-02-15 09:29:09.691262,Paris-8cb5,-14,7,Normal
2026-02-15 09:29:10.691262,Paris-8cb5,-25,73,Normal
2026-02-15 09:29:11.691262,Paris-8cb5,-8,83,Normal
2026-02-15 09:29:12.691262,Paris-8cb5,-24,43,Normal
2026-02-15 09:29:13.691262,Paris-8cb5,46,46,Normal
2026-02-15 09:29:14.691262,Paris-8cb5,-29,37,Normal
2026-02-15 09:29:15.691262,Paris-8cb5,11,20,Normal
2026-02-15 09:29:16.691262,Paris-8cb5,-13,97,Normal
2026-02-15 09:29:17.691262,Paris-8cb5,-5,75,Normal
2026-02-15 09:29:18.691262,Paris-8cb5,15,43,Normal
2026-02-15 09:29:19.691262,Paris-8cb5,45,14,Normal
2026-02-15 09:29:20.691262,Paris-8cb5,-14,71,Normal
2026-02-15 09:29:21.691262,Paris-8cb5,14,59,Normal
2026-02-15 09:29:22.691262,Paris-8cb5,36,49,Normal
2026-02-15 09:29:23.691262,Paris-8cb5,-19,56,Normal
2026-02-15 09:29:24.691262,Paris-8cb5,-4,28,Normal
2026-02-15 09:29:25.691262,Paris-8cb5,24,64,Normal
2026-02-15 09:29:26.691262,Paris-8cb5,30,8,Normal
2026-02-15 09:29:27.691262,Paris-8cb5,2,1,Normal
2026-02-15 09:29:28.691262,Paris-8cb5,-9,35,Normal
2026-02-15 09:29:29.691262,Paris-8cb5,35,58,Normal
2026-02-15 09:29:30.691262,Paris-8cb5,35,29,Normal
2026-02-15 09:29:31.691262,Paris-8cb5,33,17,Normal
2026-02-15 09:29:32.691262,Paris-8cb5,27,28,Normal
2026-02-15 09:29:33.691262,Paris-8cb5,-30,29,Normal
2026-02-15 09:29:34.691262,Paris-8cb5,37,20,Normal
2026-02-15 09:29:35.691262,Paris-8cb5,20,74,Normal
2026-02-15 09:29:36.691262,Paris-8cb5,46,75,Normal
2026-02-15 09:29:37.691262,Paris-8cb5,28,92,Normal
2026-02-15 09:29:38.691262,Paris-8cb5,-3,85,Normal
2026-02-15 09:29:39.691262,Paris-8cb5,44,57,Normal
2026-02-15 09:29:40.691262,Paris-8cb5,-23,61,Normal
2026-02-15 09:29:41.691262,Paris-8cb5,11,80,Normal
2026-02-15 09:29:42.691262,Paris-8cb5,-13,100,Normal
2026-02-15 09:29:43.691262,Paris-8cb5,45,94,Normal
2026-02-15 09:29:44.691262,Paris-8cb5,0,11,Normal
2026-02-15 09:29:45.691262,Paris-8cb5,-27,62,Normal
2026-02-15 09:29:46.691262,Paris-8cb5,-7,12,Normal
2026-02-15 09:29:47.691262,Paris-8cb5,6,79,Normal
2026-02-15 09:29:48.691262,Paris-8cb5,24,71,Normal
2026-02-15 09:29:49.691262,Paris-8cb5,42,42,Normal
2026-02-15 09:29:50.691262,Paris-8cb5,-19,72,Normal
2026-02-15 09:29:51.691262,Paris-8cb5,-1,80,Normal
2026-02-15 09:29:52.691262,Paris-8cb5,14,95,Normal
2026-02-15 09:29:53.691262,Paris-8cb5,-18,52,Normal
2026-02-15 09:29:54.691262,Paris-8cb5,-5,1,Normal
2026-02-15 09:29:55.691262,Paris-8cb5,-14,60,Normal
2026-02-15 09:29:56.691262,Paris-8cb5,28,84,Normal
2026-02-15 09:29:57.691262,Paris-8cb5,-10,13,Normal
2026-02-15 09:29:58.691262,Paris-8cb5,-8,27,Normal
2026-02-15 09:29:59.691262,Paris-8cb5,-28,5,Normal
2026-02-15 09:30:00.691262,Paris-8cb5,0,35,Normal
2026-02-15 09:30:01.691262,Paris-8cb5,44,12,Normal
2026-02-15 09:30:02.691262,Paris-8cb5,-30,14,Normal
2026-02-15 09:30:03.691262,Paris-8cb5,-14,27,Normal
2026-02-15 09:30:04.691262,Paris-8cb5,28,15,Normal
2026-02-15 09:30:05.691262,Paris-8cb5,-26,11,Normal
2026-02-15 09:30:06.691262,Paris-8cb5,11,60,Normal
2026-02-15 09:30:07.691262,Paris-8cb5,-26,71,Normal
2026-02-15 09:30:08.691262,Paris-8cb5,22,95,Normal
2026-02-15 09:30:09.691262,Paris-8cb5,-11,47,Normal
2026-02-15 09:30:10.691262,Paris-8cb5,-16,60,Normal
2026-02-15 09:30:11.691262,Paris-8cb5,22,90,Normal
2026-02-15 09:30:12.691262,Paris-8cb5,5,38,Normal
2026-02-15 09:30:13.691262,Paris-8cb5,50,95,Normal
2026-02-15 09:30:14.691262,Paris-8cb5,-6,72,Normal
2026-02-15 09:30:15.691262,Paris-8cb5,31,24,Normal
2026-02-15 09:30:16.691262,Paris-8cb5,8,79,Normal
2026-02-15 09:30:17.691262,Paris-8cb5,-28,79,Normal
2026-02-15 09:30:18.691262,Paris-8cb5,-3,5,Normal
2026-02-15 09:30:19.691262,Paris-8cb5,49,41,Normal
2026-02-15 09:30:20.691262,Paris-8cb5,18,98,Normal
2026-02-15 09:30:21.691262,Paris-8cb5,1,46,Normal
2026-02-15 09:30:22.691262,Paris-8cb5,-18,7,Normal
2026-02-15 09:30:23.691262,Paris-8cb5,-28,5,Normal
2026-02-15 09:30:24.691262,Paris-8cb5,6,89,Normal
2026-02-15 09:30:25.691262,Paris-8cb5,46,38,Normal
2026-02-15 09:30:26.691262,Paris-8cb5,-20,91,Normal
2026-02-15 09:30:27.691262,Paris-8cb5,-30,56,Normal
2026-02-15 09:30:28.691262,Paris-8cb5,28,16,Normal
2026-02-15 09:30:29.691262,Paris-8cb5,34,32,Normal
2026-02-15 09:30:30.691262,Paris-8cb5,7,24,Normal
2026-02-15 09:30:31.691262,Paris-8cb5,39,43,Normal
2026-02-15 09:30:32.691262,Paris-8cb5,50,49,Normal
2026-02-15 09:30:33.691262,Paris-8cb5,31,80,Normal
2026-02-15 09:30:34.691262,Paris-8cb5,-11,62,Normal
2026-02-15 09:30:35.691262,Paris-8cb5,32,68,Normal
2026-02-15 09:30:36.691262,Paris-8cb5,50,99,Normal
2026-02-15 09:30:37.691262,Paris-8cb5,23,71,Normal
2026-02-15 09:30:38.691262,Paris-8cb5,-20,54,Normal
2026-02-15 09:30:39.691262,Paris-8cb5,30,59,Normal
2026-02-15 09:30:40.691262,Paris-8cb5,14,91,Normal
2026-02-15 09:30:41.691262,Paris-8cb5,6,40,Normal
2026-02-15 09:30:42.691262,Paris-8cb5,-12,13,Normal
2026-02-15 09:30:43.691262,Paris-8cb5,40,32,Normal
2026-02-15 09:30:44.691262,Paris-8cb5,3,91,Normal
2026-02-15 09:30:45.691262,Paris-8cb5,-30,97,Normal
2026-02-15 09:30:46.691262,Paris-8cb5,-7,48,Normal
2026-02-15 09:30:47.691262,Paris-8cb5,47,18,Normal
2026-02-15 09:30:48.691262,Paris-8cb5,-25,89,Normal
2026-02-15 09:30:49.691262,Paris-8cb5,22,71,Normal
2026-02-15 09:30:50.691262,Paris-8cb5,-17,92,Normal
2026-02-15 09:30:51.691262,Paris-8cb5,3,54,Normal
2026-02-15 09:30:52.691262,Paris-8cb5,34,70,Normal
2026-02-15 09:30:53.691262,Paris-8cb5,47,74,Normal
2026-02-15 09:30:54.691262,Paris-8cb5,-2,46,Normal
2026-02-15 09:30:55.691262,Paris-8cb5,-18,50,Normal
2026-02-15 09:30:56.691262,Paris-8cb5,-18,36,Normal
2026-02-15 09:30:57.691262,Paris-8cb5,-5,25,Normal
2026-02-15 09:30:58.691262,Paris-8cb5,3,50,Normal
2026-02-15 09:30:59.691262,Paris-8cb5,-10,69,Normal
2026-02-15 09:31:00.691262,Paris-8cb5,24,5,Normal
2026-02-15 09:31:01.691262,Paris-8cb5,16,6,Normal
2026-02-15 09:31:02.691262,Paris-8cb5,26,49,Normal
2026-02-15 09:31:03.691262,Paris-8cb5,28,19,Normal
2026-02-15 09:31:04.691262,Paris-8cb5,-27,77,Normal
2026-02-15 09:31:05.691262,Paris-8cb5,46,2,Normal
2026-02-15 09:31:06.691262,Paris-8cb5,38,55,Normal
2026-02-15 09:31:07.691262,Paris-8cb5,44,7,Normal
2026-02-15 09:31:08.691262,Paris-8cb5,46,98,Normal
2026-02-15 09:31:09.691262,Paris-8cb5,50,71,Normal
2026-02-15 09:31:10.691262,Paris-8cb5,-30,88,Normal
2026-02-15 09:31:11.691262,Paris-8cb5,23,92,Normal
2026-02-15 09:31:12.691262,Paris-8cb5,-25,22,Normal
2026-02-15 09:31:13.691262,Paris-8cb5,18,81,Normal
2026-02-15 09:31:14.691262,Paris-8cb5,37,90,Normal
2026-02-15 09:31:15.691262,Paris-8cb5,22,41,Normal
2026-02-15 09:31:16.691262,Paris-8cb5,33,25,Normal
2026-02-15 09:31:17.691262,Paris-8cb5,-20,65,Normal
2026-02-15 09:31:18.691262,Paris-8cb5,29,56,Normal
2026-02-15 09:31:19.691262,Paris-8cb5,47,43,Normal
2026-02-15 09:31:20.691262,Paris-8cb5,-6,98,Normal
2026-02-15 09:31:21.691262,Paris-8cb5,25,65,Normal
2026-02-15 09:31:22.691262,Paris-8cb5,37,25,Normal
2026-02-15 09:31:23.691262,Paris-8cb5,33,7,Normal
2026-02-15 09:31:24.691262,Paris-8cb5,18,8,Normal
2026-02-15 09:31:25.691262,Paris-8cb5,42,15,Normal
2026-02-15 09:31:26.691262,Paris-8cb5,13,93,Normal
2026-02-15 09:31:27.691262,Paris-8cb5,40,32,Normal
2026-02-15 09:31:28.691262,Paris-8cb5,25,43,Normal
2026-02-15 09:31:29.691262,Paris-8cb5,-30,65,Normal
2026-02-15 09:31:30.691262,Paris-8cb5,45,31,Normal
2026-02-15 09:31:31.691262,Paris-8cb5,-15,7,Normal
2026-02-15 09:31:32.691262,Paris-8cb5,8,59,Normal
2026-02-15 09:31:33.691262,Paris-8cb5,-13,20,Normal
2026-02-15 09:31:34.691262,Paris-8cb5,21,87,Normal
2026-02-15 09:31:35.691262,Paris-8cb5,-30,92,Normal
2026-02-15 09:31:36.691262,Paris-8cb5,23,49,Normal
2026-02-15 09:31:37.691262,Paris-8cb5,8,78,Normal
2026-02-15 09:31:38.691262,Paris-8cb5,2,53,Normal
2026-02-15 09:31:39.691262,Paris-8cb5,-1,28,Normal
2026-02-15 09:31:40.691262,Paris-8cb5,-12,31,Normal
2026-02-15 09:31:41.691262,Paris-8cb5,-10,39,Normal
2026-02-15 09:31:42.691262,Paris-8cb5,-9,24,Normal
2026-02-15 09:31:43.691262,Paris-8cb5,18,35,Normal
2026-02-15 09:31:44.691262,Paris-8cb5,27,78,Normal
2026-02-15 09:31:45.691262,Paris-8cb5,27,27,Normal
2026-02-15 09:31:46.691262,Paris-8cb5,17,0,Normal
2026-02-15 09:31:47.691262,Paris-8cb5,44,87,Normal
2026-02-15 09:31:48.691262,Paris-8cb5,12,63,Normal
2026-02-15 09:31:49.691262,Paris-8cb5,-6,34,Normal
2026-02-15 09:31:50.691262,Paris-8cb5,6,43,Normal
2026-02-15 09:31:51.691262,Paris-8cb5,28,65,Normal
2026-02-15 09:31:52.691262,Paris-8cb5,47,76,Normal
2026-02-15 09:31:53.691262,Paris-8cb5,35,23,Normal
2026-02-15 09:31:54.691262,Paris-8cb5,44,92,Normal
2026-02-15 09:31:55.691262,Paris-8cb5,13,7,Normal
2026-02-15 09:31:56.691262,Paris-8cb5,50,49,Normal
2026-02-15 09:31:57.691262,Paris-8cb5,-7,96,Normal
2026-02-15 09:31:58.691262,Paris-8cb5,20,26,Normal
2026-02-15 09:31:59.691262,Paris-8cb5,46,70,Normal
2026-02-15 09:32:00.691262,Paris-8cb5,23,89,Normal
2026-02-15 09:32:01.691262,Paris-8cb5,-1,87,Normal
2026-02-15 09:32:02.691262,Paris-8cb5,18,77,Normal
2026-02-15 09:32:03.691262,Paris-8cb5,49,55,Normal
2026-02-15 09:32:04.691262,Paris-8cb5,26,63,Normal
2026-02-15 09:32:05.691262,Paris-8cb5,-15,15,Normal
2026-02-15 09:32:06.691262,Paris-8cb5,-27,21,Normal
2026-02-15 09:32:07.691262,Paris-8cb5,-15,63,Normal
2026-02-15 09:32:08.691262,Paris-8cb5,1,25,Normal
2026-02-15 09:32:09.691262,Paris-8cb5,-10,45,Normal
2026-02-15 09:32:10.691262,Paris-8cb5,-20,23,Normal
2026-02-15 09:32:11.691262,Paris-8cb5,-10,80,Normal
2026-02-15 09:32:12.691262,Paris-8cb5,-13,57,Normal
2026-02-15 09:32:13.691262,Paris-8cb5,37,97,Normal
2026-02-15 09:32:14.691262,Paris-8cb5,46,42,Normal
2026-02-15 09:32:15.691262,Paris-8cb5,-17,97,Normal
2026-02-15 09:32:16.691262,Paris-8cb5,46,41,Normal
2026-02-15 09:32:17.691262,Paris-8cb5,2,62,Normal
2026-02-15 09:32:18.691262,Paris-8cb5,-20,36,Normal
2026-02-15 09:32:19.691262,Paris-8cb5,13,27,Normal
2026-02-15 09:32:20.691262,Paris-8cb5,-29,67,Normal
2026-02-15 09:32:21.691262,Paris-8cb5,48,25,Normal
2026-02-15 09:32:22.691262,Paris-8cb5,31,46,Normal
2026-02-15 09:32:23.691262,Paris-8cb5,41,8,Normal
2026-02-15 09:32:24.691262,Paris-8cb5,39,94,Normal
2026-02-15 09:32:25.691262,Paris-8cb5,-22,95,Normal
2026-02-15 09:32:26.691262,Paris-8cb5,2,40,Normal
2026-02-15 09:32:27.691262,Paris-8cb5,10,61,Normal
2026-02-15 09:32:28.691262,Paris-8cb5,48,82,Normal
2026-02-15 09:32:29.691262,Paris-8cb5,-3,94,Normal
2026-02-15 09:32:30.691262,Paris-8cb5,-3,42,Normal
2026-02-15 09:32:31.691262,Paris-8cb5,14,5,Normal
2026-02-15 09:32:32.691262,Paris-8cb5,41,53,Normal
2026-02-15 09:32:33.691262,Paris-8cb5,-2,86,Normal
2026-02-15 09:32:34.691262,Paris-8cb5,13,12,Normal
2026-02-15 09:32:35.691262,Paris-8cb5,9,71,Normal
2026-02-15 09:32:36.691262,Paris-8cb5,43,63,Normal
2026-02-15 09:32:37.691262,Paris-8cb5,18,3,Normal
2026-02-15 09:32:38.691262,Paris-8cb5,26,8,Normal
2026-02-15 09:32:39.691262,Paris-8cb5,-23,70,Normal
2026-02-15 09:32:40.691262,Paris-8cb5,-10,51,Normal
2026-02-15 09:32:41.691262,Paris-8cb5,35,55,Normal
2026-02-15 09:32:42.691262,Paris-8cb5,24,2,Normal
2026-02-15 09:32:43.691262,Paris-8cb5,50,37,Normal
2026-02-15 09:32:44.691262,Paris-8cb5,-9,88,Normal
2026-02-15 09:32:45.691262,Paris-8cb5,3,33,Normal
2026-02-15 09:32:46.691262,Paris-8cb5,11,83,Normal
2026-02-15 09:32:47.691262,Paris-8cb5,-3,0,Normal
2026-02-15 09:32:48.691262,Paris-8cb5,11,61,Normal
2026-02-15 09:32:49.691262,Paris-8cb5,44,16,Normal
2026-02-15 09:32:50.691262,Paris-8cb5,-9,63,Normal
2026-02-15 09:32:51.691262,Paris-8cb5,32,72,Normal
2026-02-15 09:32:52.691262,Paris-8cb5,30,66,Normal
2026-02-15 09:32:53.691262,Paris-8cb5,24,5,Normal
2026-02-15 09:32:54.691262,Paris-8cb5,-11,27,Normal
2026-02-15 09:32:55.691262,Paris-8cb5,47,65,Normal
2026-02-15 09:32:56.691262,Paris-8cb5,-18,73,Normal
2026-02-15 09:32:57.691262,Paris-8cb5,-12,20,Normal
2026-02-15 09:32:58.691262,Paris-8cb5,49,91,Normal
2026-02-15 09:32:59.691262,Paris-8cb5,39,8,Normal
2026-02-15 09:33:00.691262,Paris-8cb5,-9,30,Normal
2026-02-15 09:33:01.691262,Paris-8cb5,-13,48,Normal
2026-02-15 09:33:02.691262,Paris-8cb5,-21,28,Normal
2026-02-15 09:33:03.691262,Paris-8cb5,-25,19,Normal
2026-02-15 09:33:04.691262,Paris-8cb5,50,8,Normal
2026-02-15 09:33:05.691262,Paris-8cb5,2,7,Normal
2026-02-15 09:33:06.691262,Paris-8cb5,2,8,Normal
2026-02-15 09:33:07.691262,Paris-8cb5,-3,4,Normal
2026-02-15 09:33:08.691262,Paris-8cb5,7,96,Normal
2026-02-15 09:33:09.691262,Paris-8cb5,7,69,Normal
2026-02-15 09:33:10.691262,Paris-8cb5,36,50,Normal
2026-02-15 09:33:11.691262,Paris-8cb5,34,49,Normal
2026-02-15 09:33:12.691262,Paris-8cb5,43,6,Normal
2026-02-15 09:33:13.691262,Paris-8cb5,3,20,Normal
2026-02-15 09:33:14.691262,Paris-8cb5,-25,22,Normal
2026-02-15 09:33:15.691262,Paris-8cb5,21,38,Normal
2026-02-15 09:33:16.691262,Paris-8cb5,30,7,Normal
2026-02-15 09:33:17.691262,Paris-8cb5,49,31,Normal
2026-02-15 09:33:18.691262,Paris-8cb5,1,88,Normal
2026-02-15 09:33:19.691262,Paris-8cb5,3,24,Normal
2026-02-15 09:33:20.691262,Paris-8cb5,8,48,Normal
2026-02-15 09:33:21.691262,Paris-8cb5,33,66,Normal
2026-02-15 09:33:22.691262,Paris-8cb5,9,80,Normal
2026-02-15 09:33:23.691262,Paris-8cb5,7,83,Normal
2026-02-15 09:33:24.691262,Paris-8cb5,2,10,Normal
2026-02-15 09:33:25.691262,Paris-8cb5,11,99,Normal
2026-02-15 09:33:26.691262,Paris-8cb5,2,60,Normal
2026-02-15 09:33:27.691262,Paris-8cb5,2,20,Normal
2026-02-15 09:33:28.691262,Paris-8cb5,-7,28,Normal
2026-02-15 09:33:29.691262,Paris-8cb5,6,5,Normal
2026-02-15 09:33:30.691262,Paris-8cb5,44,93,Normal
2026-02-15 09:33:31.691262,Paris-8cb5,34,0,Normal
2026-02-15 09:33:32.691262,Paris-8cb5,13,75,Normal
2026-02-15 09:33:33.691262,Paris-8cb5,18,66,Normal
2026-02-15 09:33:34.691262,Paris-8cb5,-11,86,Normal
2026-02-15 09:33:35.691262,Paris-8cb5,-19,72,Normal
2026-02-15 09:33:36.691262,Paris-8cb5,48,47,Normal
2026-02-15 09:33:37.691262,Paris-8cb5,-4,48,Normal
2026-02-15 09:33:38.691262,Paris-8cb5,14,69,Normal
2026-02-15 09:33:39.691262,Paris-8cb5,28,78,Normal
2026-02-15 09:33:40.691262,Paris-8cb5,42,63,Normal
2026-02-15 09:33:41.691262,Paris-8cb5,30,22,Normal
2026-02-15 09:33:42.691262,Paris-8cb5,15,21,Normal
2026-02-15 09:33:43.691262,Paris-8cb5,37,33,Normal
2026-02-15 09:33:44.691262,Paris-8cb5,16,79,Normal
2026-02-15 09:33:45.691262,Paris-8cb5,2,4,Normal
2026-02-15 09:33:46.691262,Paris-8cb5,26,74,Normal
2026-02-15 09:33:47.691262,Paris-8cb5,35,75,Normal
2026-02-15 09:33:48.691262,Paris-8cb5,9,53,Normal
2026-02-15 09:33:49.691262,Paris-8cb5,50,95,Normal
2026-02-15 09:33:50.691262,Paris-8cb5,10,57,Normal
2026-02-15 09:33:51.691262,Paris-8cb5,21,38,Normal
2026-02-15 09:33:52.691262,Paris-8cb5,-7,9,Normal
2026-02-15 09:33:53.691262,Paris-8cb5,-30,75,Normal
2026-02-15 09:33:54.691262,Paris-8cb5,25,32,Normal
2026-02-15 09:33:55.691262,Paris-8cb5,46,47,Normal
2026-02-15 09:33:56.691262,Paris-8cb5,25,95,Normal
2026-02-15 09:33:57.691262,Paris-8cb5,-29,96,Normal
2026-02-15 09:33:58.691262,Paris-8cb5,49,94,Normal
2026-02-15 09:33:59.691262,Paris-8cb5,-8,92,Normal
2026-02-15 09:34:00.691262,Paris-8cb5,16,54,Normal
2026-02-15 09:34:01.691262,Paris-8cb5,-25,67,Normal
2026-02-15 09:34:02.691262,Paris-8cb5,8,11,Normal
2026-02-15 09:34:03.691262,Paris-8cb5,-2,19,Normal
2026-02-15 09:34:04.691262,Paris-8cb5,10,75,Normal
2026-02-15 09:34:05.691262,Paris-8cb5,46,0,Normal
2026-02-15 09:34:06.691262,Paris-8cb5,-19,15,Normal
2026-02-15 09:34:07.691262,Paris-8cb5,34,51,Normal
2026-02-15 09:34:08.691262,Paris-8cb5,0,5,Normal
2026-02-15 09:34:09.691262,Paris-8cb5,7,48,Normal
2026-02-15 09:34:10.691262,Paris-8cb5,18,76,Normal
2026-02-15 09:34:11.691262,Paris-8cb5,-8,100,Normal
2026-02-15 09:34:12.691262,Paris-8cb5,45,17,Normal
2026-02-15 09:34:13.691262,Paris-8cb5,-13,66,Normal
2026-02-15 09:34:14.691262,Paris-8cb5,-13,67,Normal
2026-02-15 09:34:15.691262,Paris-8cb5,26,56,Normal
2026-02-15 09:34:16.691262,Paris-8cb5,-2,25,Normal
2026-02-15 09:34:17.691262,Paris-8cb5,-18,9,Normal
2026-02-15 09:34:18.691262,Paris-8cb5,-1,19,Normal
2026-02-15 09:34:19.691262,Paris-8cb5,36,41,Normal
2026-02-15 09:34:20.691262,Paris-8cb5,16,60,Normal
2026-02-15 09:34:21.691262,Paris-8cb5,12,26,Normal
2026-02-15 09:34:22.691262,Paris-8cb5,50,92,Normal
2026-02-15 09:34:23.691262,Paris-8cb5,24,86,Normal
2026-02-15 09:34:24.691262,Paris-8cb5,23,48,Normal
2026-02-15 09:34:25.691262,Paris-8cb5,3,59,Normal
2026-02-15 09:34:26.691262,Paris-8cb5,43,93,Normal
2026-02-15 09:34:27.691262,Paris-8cb5,32,48,Normal
2026-02-15 09:34:28.691262,Paris-8cb5,6,55,Normal
2026-02-15 09:34:29.691262,Paris-8cb5,40,92,Normal
2026-02-15 09:34:30.691262,Paris-8cb5,-27,76,Normal
2026-02-15 09:34:31.691262,Paris-8cb5,9,14,Normal
2026-02-15 09:34:32.691262,Paris-8cb5,17,40,Normal
2026-02-15 09:34:33.691262,Paris-8cb5,1,55,Normal
2026-02-15 09:34:34.691262,Paris-8cb5,37,99,Normal
2026-02-15 09:34:35.691262,Paris-8cb5,-5,57,Normal
2026-02-15 09:34:36.691262,Paris-8cb5,8,24,Normal
2026-02-15 09:34:37.691262,Paris-8cb5,50,97,Normal
2026-02-15 09:34:38.691262,Paris-8cb5,25,18,Normal
2026-02-15 09:34:39.691262,Paris-8cb5,20,89,Normal
2026-02-15 09:34:40.691262,Paris-8cb5,25,14,Normal
2026-02-15 09:34:41.691262,Paris-8cb5,11,44,Normal
2026-02-15 09:34:42.691262,Paris-8cb5,28,17,Normal
2026-02-15 09:34:43.691262,Paris-8cb5,7,27,Normal
2026-02-15 09:34:44.691262,Paris-8cb5,25,69,Normal
2026-02-15 09:34:45.691262,Paris-8cb5,-26,19,Normal
2026-02-15 09:34:46.691262,Paris-8cb5,8,87,Normal
2026-02-15 09:34:47.691262,Paris-8cb5,-3,14,Normal
2026-02-15 09:34:48.691262,Paris-8cb5,24,25,Normal
2026-02-15 09:34:49.691262,Paris-8cb5,-3,19,Normal
2026-02-15 09:34:50.691262,Paris-8cb5,46,23,Normal
2026-02-15 09:34:51.691262,Paris-8cb5,-15,9,Normal
2026-02-15 09:34:52.691262,Paris-8cb5,-5,82,Normal
2026-02-15 09:34:53.691262,Paris-8cb5,31,96,Normal
2026-02-15 09:34:54.691262,Paris-8cb5,23,46,Normal
2026-02-15 09:34:55.691262,Paris-8cb5,8,14,Normal
2026-02-15 09:34:56.691262,Paris-8cb5,0,73,Normal
2026-02-15 09:34:57.691262,Paris-8cb5,15,80,Normal
2026-02-15 09:34:58.691262,Paris-8cb5,4,78,Normal
2026-02-15 09:34:59.691262,Paris-8cb5,-8,74,Normal
2026-02-15 09:35:00.691262,Paris-8cb5,50,97,Normal
2026-02-15 09:35:01.691262,Paris-8cb5,40,78,Normal
2026-02-15 09:35:02.691262,Paris-8cb5,21,53,Normal
2026-02-15 09:35:03.691262,Paris-8cb5,50,43,Normal
2026-02-15 09:35:04.691262,Paris-8cb5,21,27,Normal
2026-02-15 09:35:05.691262,Paris-8cb5,20,28,Normal
2026-02-15 09:35:06.691262,Paris-8cb5,-18,57,Normal
2026-02-15 09:35:07.691262,Paris-8cb5,-12,46,Normal
2026-02-15 09:35:08.691262,Paris-8cb5,36,82,Normal
2026-02-15 09:35:09.691262,Paris-8cb5,-26,72,Normal
2026-02-15 09:35:10.691262,Paris-8cb5,31,84,Normal
2026-02-15 09:35:11.691262,Paris-8cb5,-15,58,Normal
2026-02-15 09:35:12.691262,Paris-8cb5,-18,57,Normal
2026-02-15 09:35:13.691262,Paris-8cb5,43,66,Normal
2026-02-15 09:35:14.691262,Paris-8cb5,-8,9,Normal
2026-02-15 09:35:15.691262,Paris-8cb5,11,14,Normal
2026-02-15 09:35:16.691262,Paris-8cb5,-18,83,Normal
2026-02-15 09:35:17.691262,Paris-8cb5,-9,42,Normal
2026-02-15 09:35:18.691262,Paris-8cb5,38,62,Normal
2026-02-15 09:35:19.691262,Paris-8cb5,11,9,Normal
2026-02-15 09:35:20.691262,Paris-8cb5,-4,12,Normal
2026-02-15 09:35:21.691262,Paris-8cb5,24,87,Normal
2026-02-15 09:35:22.691262,Paris-8cb5,21,16,Normal
2026-02-15 09:35:23.691262,Paris-8cb5,28,97,Normal
2026-02-15 09:35:24.691262,Paris-8cb5,28,0,Normal
2026-02-15 09:35:25.691262,Paris-8cb5,10,11,Normal
2026-02-15 09:35:26.691262,Paris-8cb5,18,21,Normal
2026-02-15 09:35:27.691262,Paris-8cb5,-20,7,Normal
2026-02-15 09:35:28.691262,Paris-8cb5,5,74,Normal
2026-02-15 09:35:29.691262,Paris-8cb5,-19,55,Normal
2026-02-15 09:35:30.691262,Paris-8cb5,19,89,Normal
2026-02-15 09:35:31.691262,Paris-8cb5,38,99,Normal
2026-02-15 09:35:32.691262,Paris-8cb5,32,26,Normal
2026-02-15 09:35:33.691262,Paris-8cb5,2,57,Normal
2026-02-15 09:35:34.691262,Paris-8cb5,-14,41,Normal
2026-02-15 09:35:35.691262,Paris-8cb5,-8,6,Normal
2026-02-15 09:35:36.691262,Paris-8cb5,-10,28,Normal
2026-02-15 09:35:37.691262,Paris-8cb5,11,65,Normal
2026-02-15 09:35:38.691262,Paris-8cb5,-1,50,Normal
2026-02-15 09:35:39.691262,Paris-8cb5,-24,41,Normal
2026-02-15 09:35:40.691262,Paris-8cb5,-1,81,Normal
2026-02-15 09:35:41.691262,Paris-8cb5,-1,43,Normal
2026-02-15 09:35:42.691262,Paris-8cb5,35,31,Normal
2026-02-15 09:35:43.691262,Paris-8cb5,50,61,Normal
2026-02-15 09:35:44.691262,Paris-8cb5,-8,58,Normal
2026-02-15 09:35:45.691262,Paris-8cb5,-20,33,Normal
2026-02-15 09:35:46.691262,Paris-8cb5,23,89,Normal
2026-02-15 09:35:47.691262,Paris-8cb5,22,9,Normal
2026-02-15 09:35:48.691262,Paris-8cb5,-29,24,Normal
2026-02-15 09:35:49.691262,Paris-8cb5,-18,83,Normal
2026-02-15 09:35:50.691262,Paris-8cb5,27,83,Normal
2026-02-15 09:35:51.691262,Paris-8cb5,44,22,Normal
2026-02-15 09:35:52.691262,Paris-8cb5,31,32,Normal
2026-02-15 09:35:53.691262,Paris-8cb5,-7,54,Normal
2026-02-15 09:35:54.691262,Paris-8cb5,47,59,Normal
2026-02-15 09:35:55.691262,Paris-8cb5,23,95,Normal
2026-02-15 09:35:56.691262,Paris-8cb5,43,68,Normal
2026-02-15 09:35:57.691262,Paris-8cb5,-10,5,Normal
2026-02-15 09:35:58.691262,Paris-8cb5,-6,21,Normal
2026-02-15 09:35:59.691262,Paris-8cb5,-7,98,Normal
2026-02-15 09:36:00.691262,Paris-8cb5,-3,72,Normal
2026-02-15 09:36:01.691262,Paris-8cb5,12,12,Normal
2026-02-15 09:36:02.691262,Paris-8cb5,15,26,Normal
2026-02-15 09:36:03.691262,Paris-8cb5,-14,41,Normal
2026-02-15 09:36:04.691262,Paris-8cb5,40,32,Normal
2026-02-15 09:36:05.691262,Paris-8cb5,-13,99,Normal
2026-02-15 09:36:06.691262,Paris-8cb5,-30,43,Normal
2026-02-15 09:36:07.691262,Paris-8cb5,42,88,Normal
2026-02-15 09:36:08.691262,Paris-8cb5,0,58,Normal
2026-02-15 09:36:09.691262,Paris-8cb5,49,48,Normal
2026-02-15 09:36:10.691262,Paris-8cb5,26,18,Normal
2026-02-15 09:36:11.691262,Paris-8cb5,42,11,Normal
2026-02-15 09:36:12.691262,Paris-8cb5,6,95,Normal
2026-02-15 09:36:13.691262,Paris-8cb5,-8,39,Normal
2026-02-15 09:36:14.691262,Paris-8cb5,11,63,Normal
2026-02-15 09:36:15.691262,Paris-8cb5,28,23,Normal
2026-02-15 09:36:16.691262,Paris-8cb5,25,17,Normal
2026-02-15 09:36:17.691262,Paris-8cb5,-2,93,Normal
2026-02-15 09:36:18.691262,Paris-8cb5,31,42,Normal
2026-02-15 09:36:19.691262,Paris-8cb5,-20,88,Normal
2026-02-15 09:36:20.691262,Paris-8cb5,38,1,Normal
2026-02-15 09:36:21.691262,Paris-8cb5,5,85,Normal
2026-02-15 09:36:22.691262,Paris-8cb5,8,8,Normal
2026-02-15 09:36:23.691262,Paris-8cb5,14,74,Normal
2026-02-15 09:36:24.691262,Paris-8cb5,-28,99,Normal
2026-02-15 09:36:25.691262,Paris-8cb5,-9,77,Normal
2026-02-15 09:36:26.691262,Paris-8cb5,36,72,Normal
2026-02-15 09:36:27.691262,Paris-8cb5,14,71,Normal
2026-02-15 09:36:28.691262,Paris-8cb5,-24,41,Normal
2026-02-15 09:36:29.691262,Paris-8cb5,-3,7,Normal
2026-02-15 09:36:30.691262,Paris-8cb5,-4,94,Normal
2026-02-15 09:36:31.691262,Paris-8cb5,40,72,Normal
2026-02-15 09:36:32.691262,Paris-8cb5,14,16,Normal
2026-02-15 09:36:33.691262,Paris-8cb5,31,34,Normal
2026-02-15 09:36:34.691262,Paris-8cb5,1,78,Normal
2026-02-15 09:36:35.691262,Paris-8cb5,6,67,Normal
2026-02-15 09:36:36.691262,Paris-8cb5,-25,18,Normal
2026-02-15 09:36:37.691262,Paris-8cb5,26,76,Normal
2026-02-15 09:36:38.691262,Paris-8cb5,-5,94,Normal
2026-02-15 09:36:39.691262,Paris-8cb5,6,99,Normal
2026-02-15 09:36:40.691262,Paris-8cb5,22,89,Normal
2026-02-15 09:36:41.691262,Paris-8cb5,22,63,Normal
2026-02-15 09:36:42.691262,Paris-8cb5,-29,44,Normal
2026-02-15 09:36:43.691262,Paris-8cb5,44,89,Normal
2026-02-15 09:36:44.691262,Paris-8cb5,50,3,Normal
2026-02-15 09:36:45.691262,Paris-8cb5,-23,38,Normal
2026-02-15 09:36:46.691262,Paris-8cb5,7,76,Normal
2026-02-15 09:36:47.691262,Paris-8cb5,-24,88,Normal
2026-02-15 09:36:48.691262,Paris-8cb5,16,19,Normal
2026-02-15 09:36:49.691262,Paris-8cb5,-14,84,Normal
2026-02-15 09:36:50.691262,Paris-8cb5,-6,57,Normal
2026-02-15 09:36:51.691262,Paris-8cb5,-29,60,Normal
2026-02-15 09:36:52.691262,Paris-8cb5,-15,77,Normal
2026-02-15 09:36:53.691262,Paris-8cb5,44,72,Normal
2026-02-15 09:36:54.691262,Paris-8cb5,16,64,Normal
2026-02-15 09:36:55.691262,Paris-8cb5,35,74,Normal
2026-02-15 09:36:56.691262,Paris-8cb5,11,91,Normal
2026-02-15 09:36:57.691262,Paris-8cb5,30,59,Normal
2026-02-15 09:36:58.691262,Paris-8cb5,49,10,Normal
2026-02-15 09:36:59.691262,Paris-8cb5,-12,69,Normal
2026-02-15 09:37:00.691262,Paris-8cb5,-16,56,Normal
2026-02-15 09:37:01.691262,Paris-8cb5,16,83,Normal
2026-02-15 09:37:02.691262,Paris-8cb5,1,61,Normal
2026-02-15 09:37:03.691262,Paris-8cb5,-17,17,Normal
2026-02-15 09:37:04.691262,Paris-8cb5,38,50,Normal
2026-02-15 09:37:05.691262,Paris-8cb5,2,48,Normal
2026-02-15 09:37:06.691262,Paris-8cb5,7,10,Normal
2026-02-15 09:37:07.691262,Paris-8cb5,40,57,Normal
2026-02-15 09:37:08.691262,Paris-8cb5,-24,47,Normal
2026-02-15 09:37:09.691262,Paris-8cb5,40,89,Normal
2026-02-15 09:37:10.691262,Paris-8cb5,22,1,Normal
2026-02-15 09:37:11.691262,Paris-8cb5,14,64,Normal
2026-02-15 09:37:12.691262,Paris-8cb5,-5,90,Normal
2026-02-15 09:37:13.691262,Paris-8cb5,-21,40,Normal
2026-02-15 09:37:14.691262,Paris-8cb5,14,37,Normal
2026-02-15 09:37:15.691262,Paris-8cb5,-19,65,Normal
2026-02-15 09:37:16.691262,Paris-8cb5,-4,90,Normal
2026-02-15 09:37:17.691262,Paris-8cb5,36,46,Normal
2026-02-15 09:37:18.691262,Paris-8cb5,15,2,Normal
2026-02-15 09:37:19.691262,Paris-8cb5,-29,6,Normal
2026-02-15 09:37:20.691262,Paris-8cb5,-30,39,Normal
2026-02-15 09:37:21.691262,Paris-8cb5,-28,23,Normal
2026-02-15 09:37:22.691262,Paris-8cb5,19,77,Normal
2026-02-15 09:37:23.691262,Paris-8cb5,14,6,Normal
2026-02-15 09:37:24.691262,Paris-8cb5,-11,4,Normal
2026-02-15 09:37:25.691262,Paris-8cb5,-22,87,Normal
2026-02-15 09:37:26.691262,Paris-8cb5,34,31,Normal
2026-02-15 09:37:27.691262,Paris-8cb5,7,11,Normal
2026-02-15 09:37:28.691262,Paris-8cb5,45,94,Normal
2026-02-15 09:37:29.691262,Paris-8cb5,-6,13,Normal
2026-02-15 09:37:30.691262,Paris-8cb5,43,88,Normal
2026-02-15 09:37:31.691262,Paris-8cb5,6,69,Normal
2026-02-15 09:37:32.691262,Paris-8cb5,-8,64,Normal
2026-02-15 09:37:33.691262,Paris-8cb5,34,48,Normal
2026-02-15 09:37:34.691262,Paris-8cb5,30,1,Normal
2026-02-15 09:37:35.691262,Paris-8cb5,-9,59,Normal
2026-02-15 09:37:36.691262,Paris-8cb5,-16,18,Normal
2026-02-15 09:37:37.691262,Paris-8cb5,31,87,Normal
2026-02-15 09:37:38.691262,Paris-8cb5,-4,48,Normal
2026-02-15 09:37:39.691262,Paris-8cb5,-1,74,Normal
2026-02-15 09:37:40.691262,Paris-8cb5,4,78,Normal
2026-02-15 09:37:41.691262,Paris-8cb5,-29,40,Normal
2026-02-15 09:37:42.691262,Paris-8cb5,24,90,Normal
2026-02-15 09:37:43.691262,Paris-8cb5,-5,87,Normal
2026-02-15 09:37:44.691262,Paris-8cb5,48,44,Normal
2026-02-15 09:37:45.691262,Paris-8cb5,35,37,Normal
2026-02-15 09:37:46.691262,Paris-8cb5,-17,29,Normal
2026-02-15 09:37:47.691262,Paris-8cb5,-7,83,Normal
2026-02-15 09:37:48.691262,Paris-8cb5,44,88,Normal
2026-02-15 09:37:49.691262,Paris-8cb5,47,43,Normal
2026-02-15 09:37:50.691262,Paris-8cb5,42,56,Normal
2026-02-15 09:37:51.691262,Paris-8cb5,-17,86,Normal
2026-02-15 09:37:52.691262,Paris-8cb5,-20,51,Normal
2026-02-15 09:37:53.691262,Paris-8cb5,47,40,Normal
2026-02-15 09:37:54.691262,Paris-8cb5,-1,69,Normal
2026-02-15 09:37:55.691262,Paris-8cb5,28,58,Normal
2026-02-15 09:37:56.691262,Paris-8cb5,-8,96,Normal
2026-02-15 09:37:57.691262,Paris-8cb5,2,99,Normal
2026-02-15 09:37:58.691262,Paris-8cb5,-25,46,Normal
2026-02-15 09:37:59.691262,Paris-8cb5,39,97,Normal
2026-02-15 09:38:00.691262,Paris-8cb5,27,97,Normal
2026-02-15 09:38:01.691262,Paris-8cb5,-17,87,Normal
2026-02-15 09:38:02.691262,Paris-8cb5,13,60,Normal
2026-02-15 09:38:03.691262,Paris-8cb5,-10,15,Normal
2026-02-15 09:38:04.691262,Paris-8cb5,29,75,Normal
2026-02-15 09:38:05.691262,Paris-8cb5,-18,9,Normal
2026-02-15 09:38:06.691262,Paris-8cb5,38,40,Normal
2026-02-15 09:38:07.691262,Paris-8cb5,17,15,Normal
2026-02-15 09:38:08.691262,Paris-8cb5,10,32,Normal
2026-02-15 09:38:09.691262,Paris-8cb5,19,4,Normal
2026-02-15 09:38:10.691262,Paris-8cb5,-27,83,Normal
2026-02-15 09:38:11.691262,Paris-8cb5,21,26,Normal
2026-02-15 09:38:12.691262,Paris-8cb5,-27,8,Normal
2026-02-15 09:38:13.691262,Paris-8cb5,-5,76,Normal
2026-02-15 09:38:14.691262,Paris-8cb5,-6,14,Normal
2026-02-15 09:38:15.691262,Paris-8cb5,44,63,Normal
2026-02-15 09:38:16.691262,Paris-8cb5,-1,85,Normal
2026-02-15 09:38:17.691262,Paris-8cb5,10,49,Normal
2026-02-15 09:38:18.691262,Paris-8cb5,-15,79,Normal
2026-02-15 09:38:19.691262,Paris-8cb5,39,94,Normal
2026-02-15 09:38:20.691262,Paris-8cb5,41,38,Normal
2026-02-15 09:38:21.691262,Paris-8cb5,34,22,Normal
2026-02-15 09:38:22.691262,Paris-8cb5,-22,97,Normal
2026-02-15 09:38:23.691262,Paris-8cb5,31,10,Normal
2026-02-15 09:38:24.691262,Paris-8cb5,7,79,Normal
2026-02-15 09:38:25.691262,Paris-8cb5,35,58,Normal
2026-02-15 09:38:26.691262,Paris-8cb5,15,88,Normal
2026-02-15 09:38:27.691262,Paris-8cb5,-22,96,Normal
2026-02-15 09:38:28.691262,Paris-8cb5,42,18,Normal
2026-02-15 09:38:29.691262,Paris-8cb5,20,24,Normal
2026-02-15 09:38:30.691262,Paris-8cb5,-17,18,Normal
2026-02-15 09:38:31.691262,Paris-8cb5,-14,5,Normal
2026-02-15 09:38:32.691262,Paris-8cb5,-2,20,Normal
2026-02-15 09:38:33.691262,Paris-8cb5,18,93,Normal
2026-02-15 09:38:34.691262,Paris-8cb5,41,24,Normal
2026-02-15 09:38:35.691262,Paris-8cb5,18,74,Normal
2026-02-15 09:38:36.691262,Paris-8cb5,37,66,Normal
2026-02-15 09:38:37.691262,Paris-8cb5,27,78,Normal
2026-02-15 09:38:38.691262,Paris-8cb5,23,12,Normal
2026-02-15 09:38:39.691262,Paris-8cb5,11,39,Normal
2026-02-15 09:38:40.691262,Paris-8cb5,15,79,Normal
2026-02-15 09:38:41.691262,Paris-8cb5,48,27,Normal
2026-02-15 09:38:42.691262,Paris-8cb5,22,38,Normal
2026-02-15 09:38:43.691262,Paris-8cb5,47,11,Normal
2026-02-15 09:38:44.691262,Paris-8cb5,13,36,Normal
2026-02-15 09:38:45.691262,Paris-8cb5,-24,68,Normal
2026-02-15 09:38:46.691262,Paris-8cb5,-19,24,Normal
2026-02-15 09:38:47.691262,Paris-8cb5,16,22,Normal
2026-02-15 09:38:48.691262,Paris-8cb5,10,55,Normal
2026-02-15 09:38:49.691262,Paris-8cb5,-24,3,Normal
2026-02-15 09:38:50.691262,Paris-8cb5,33,82,Normal
2026-02-15 09:38:51.691262,Paris-8cb5,6,77,Normal
2026-02-15 09:38:52.691262,Paris-8cb5,25,33,Normal
2026-02-15 09:38:53.691262,Paris-8cb5,17,97,Normal
2026-02-15 09:38:54.691262,Paris-8cb5,18,26,Normal
2026-02-15 09:38:55.691262,Paris-8cb5,-5,85,Normal
2026-02-15 09:38:56.691262,Paris-8cb5,-12,64,Normal
2026-02-15 09:38:57.691262,Paris-8cb5,3,62,Normal
2026-02-15 09:38:58.691262,Paris-8cb5,40,88,Normal
2026-02-15 09:38:59.691262,Paris-8cb5,40,32,Normal
2026-02-15 09:39:00.691262,Paris-8cb5,-21,53,Normal
2026-02-15 09:39:01.691262,Paris-8cb5,-7,23,Normal
2026-02-15 09:39:02.691262,Paris-8cb5,44,89,Normal
2026-02-15 09:39:03.691262,Paris-8cb5,-13,15,Normal
2026-02-15 09:39:04.691262,Paris-8cb5,36,46,Normal
2026-02-15 09:39:05.691262,Paris-8cb5,-17,39,Normal
2026-02-15 09:39:06.691262,Paris-8cb5,-21,65,Normal
2026-02-15 09:39:07.691262,Paris-8cb5,27,36,Normal
2026-02-15 09:39:08.691262,Paris-8cb5,9,69,Normal
2026-02-15 09:39:09.691262,Paris-8cb5,-15,86,Normal
2026-02-15 09:39:10.691262,Paris-8cb5,17,0,Normal
2026-02-15 09:39:11.691262,Paris-8cb5,-21,74,Normal
2026-02-15 09:39:12.691262,Paris-8cb5,-15,34,Normal
2026-02-15 09:39:13.691262,Paris-8cb5,-9,15,Normal
2026-02-15 09:39:14.691262,Paris-8cb5,38,90,Normal
2026-02-15 09:39:15.691262,Paris-8cb5,-22,43,Normal
2026-02-15 09:39:16.691262,Paris-8cb5,-22,92,Normal
2026-02-15 09:39:17.691262,Paris-8cb5,23,33,Normal
2026-02-15 09:39:18.691262,Paris-8cb5,-24,96,Normal
2026-02-15 09:39:19.691262,Paris-8cb5,13,3,Normal
2026-02-15 09:39:20.691262,Paris-8cb5,41,92,Normal
2026-02-15 09:39:21.691262,Paris-8cb5,43,17,Normal
2026-02-15 09:39:22.691262,Paris-8cb5,45,49,Normal
2026-02-15 09:39:23.691262,Paris-8cb5,-20,7,Normal
2026-02-15 09:39:24.691262,Paris-8cb5,-24,70,Normal
2026-02-15 09:39:25.691262,Paris-8cb5,1,77,Normal
2026-02-15 09:39:26.691262,Paris-8cb5,21,62,Normal
2026-02-15 09:39:27.691262,Paris-8cb5,14,50,Normal
2026-02-15 09:39:28.691262,Paris-8cb5,31,8,Normal
2026-02-15 09:39:29.691262,Paris-8cb5,-12,85,Normal
2026-02-15 09:39:30.691262,Paris-8cb5,39,25,Normal
2026-02-15 09:39:31.691262,Paris-8cb5,18,51,Normal
2026-02-15 09:39:32.691262,Paris-8cb5,21,97,Normal
2026-02-15 09:39:33.691262,Paris-8cb5,11,61,Normal
2026-02-15 09:39:34.691262,Paris-8cb5,-8,60,Normal
2026-02-15 09:39:35.691262,Paris-8cb5,16,30,Normal
2026-02-15 09:39:36.691262,Paris-8cb5,34,33,Normal
2026-02-15 09:39:37.691262,Paris-8cb5,1,14,Normal
2026-02-15 09:39:38.691262,Paris-8cb5,45,18,Normal
2026-02-15 09:39:39.691262,Paris-8cb5,-7,59,Normal
2026-02-15 09:39:40.691262,Paris-8cb5,33,35,Normal
2026-02-15 09:39:41.691262,Paris-8cb5,30,36,Normal
2026-02-15 09:39:42.691262,Paris-8cb5,45,82,Normal
2026-02-15 09:39:43.691262,Paris-8cb5,33,92,Normal
2026-02-15 09:39:44.691262,Paris-8cb5,-10,46,Normal
2026-02-15 09:39:45.691262,Paris-8cb5,32,62,Normal
2026-02-15 09:39:46.691262,Paris-8cb5,-15,75,Normal
2026-02-15 09:39:47.691262,Paris-8cb5,-12,15,Normal
2026-02-15 09:39:48.691262,Paris-8cb5,-16,93,Normal
2026-02-15 09:39:49.691262,Paris-8cb5,32,44,Normal
2026-02-15 09:39:50.691262,Paris-8cb5,26,62,Normal
2026-02-15 09:39:51.691262,Paris-8cb5,38,30,Normal
2026-02-15 09:39:52.691262,Paris-8cb5,45,15,Normal
2026-02-15 09:39:53.691262,Paris-8cb5,-13,27,Normal
2026-02-15 09:39:54.691262,Paris-8cb5,35,98,Normal
2026-02-15 09:39:55.691262,Paris-8cb5,-16,16,Normal
2026-02-15 09:39:56.691262,Paris-8cb5,0,82,Normal
2026-02-15 09:39:57.691262,Paris-8cb5,-14,16,Normal
2026-02-15 09:39:58.691262,Paris-8cb5,40,76,Normal
2026-02-15 09:39:59.691262,Paris-8cb5,7,13,Normal
2026-02-15 09:40:00.691262,Paris-8cb5,-29,78,Normal
2026-02-15 09:40:01.691262,Paris-8cb5,-15,96,Normal
2026-02-15 09:40:02.691262,Paris-8cb5,-5,4,Normal
2026-02-15 09:40:03.691262,Paris-8cb5,-21,44,Normal
2026-02-15 09:40:04.691262,Paris-8cb5,-10,65,Normal
2026-02-15 09:40:05.691262,Paris-8cb5,-25,43,Normal
2026-02-15 09:40:06.691262,Paris-8cb5,-10,13,Normal
2026-02-15 09:40:07.691262,Paris-8cb5,49,41,Normal
2026-02-15 09:40:08.691262,Paris-8cb5,-2,89,Normal
2026-02-15 09:40:09.691262,Paris-8cb5,-15,84,Normal
2026-02-15 09:40:10.691262,Paris-8cb5,47,86,Normal
2026-02-15 09:40:11.691262,Paris-8cb5,29,89,Normal
2026-02-15 09:40:12.691262,Paris-8cb5,0,21,Normal
2026-02-15 09:40:13.691262,Paris-8cb5,-11,36,Normal
2026-02-15 09:40:14.691262,Paris-8cb5,-29,77,Normal
2026-02-15 09:40:15.691262,Paris-8cb5,-11,55,Normal
2026-02-15 09:40:16.691262,Paris-8cb5,19,42,Normal
2026-02-15 09:40:17.691262,Paris-8cb5,-8,41,Normal
2026-02-15 09:40:18.691262,Paris-8cb5,-27,1,Normal
2026-02-15 09:40:19.691262,Paris-8cb5,-26,65,Normal
2026-02-15 09:40:20.691262,Paris-8cb5,43,2,Normal
2026-02-15 09:40:21.691262,Paris-8cb5,-2,29,Normal
2026-02-15 09:40:22.691262,Paris-8cb5,-7,89,Normal
2026-02-15 09:40:23.691262,Paris-8cb5,24,10,Normal
2026-02-15 09:40:24.691262,Paris-8cb5,44,33,Normal
2026-02-15 09:40:25.691262,Paris-8cb5,30,0,Normal
2026-02-15 09:40:26.691262,Paris-8cb5,7,38,Normal
2026-02-15 09:40:27.691262,Paris-8cb5,14,53,Normal
2026-02-15 09:40:28.691262,Paris-8cb5,-4,42,Normal
2026-02-15 09:40:29.691262,Paris-8cb5,50,14,Normal
2026-02-15 09:40:30.691262,Paris-8cb5,44,93,Normal
2026-02-15 09:40:31.691262,Paris-8cb5,38,30,Normal
2026-02-15 09:40:32.691262,Paris-8cb5,10,63,Normal
2026-02-15 09:40:33.691262,Paris-8cb5,24,29,Normal
2026-02-15 09:40:34.691262,Paris-8cb5,13,4,Normal
2026-02-15 09:40:35.691262,Paris-8cb5,28,49,Normal
2026-02-15 09:40:36.691262,Paris-8cb5,31,52,Normal
2026-02-15 09:40:37.691262,Paris-8cb5,35,96,Normal
2026-02-15 09:40:38.691262,Paris-8cb5,-1,70,Normal
2026-02-15 09:40:39.691262,Paris-8cb5,11,58,Normal
2026-02-15 09:40:40.691262,Paris-8cb5,-26,88,Normal
2026-02-15 09:40:41.691262,Paris-8cb5,26,13,Normal
2026-02-15 09:40:42.691262,Paris-8cb5,-8,52,Normal
2026-02-15 09:40:43.691262,Paris-8cb5,23,95,Normal
2026-02-15 09:40:44.691262,Paris-8cb5,-28,69,Normal
2026-02-15 09:40:45.691262,Paris-8cb5,18,0,Normal
2026-02-15 09:40:46.691262,Paris-8cb5,-16,50,Normal
2026-02-15 09:40:47.691262,Paris-8cb5,-1,86,Normal
2026-02-15 09:40:48.691262,Paris-8cb5,9,7,Normal
2026-02-15 09:40:49.691262,Paris-8cb5,9,20,Normal
2026-02-15 09:40:50.691262,Paris-8cb5,-23,25,Normal
2026-02-15 09:40:51.691262,Paris-8cb5,7,31,Normal
2026-02-15 09:40:52.691262,Paris-8cb5,-19,48,Normal
2026-02-15 09:40:53.691262,Paris-8cb5,42,67,Normal
2026-02-15 09:40:54.691262,Paris-8cb5,22,53,Normal
2026-02-15 09:40:55.691262,Paris-8cb5,49,29,Normal
2026-02-15 09:40:56.691262,Paris-8cb5,-26,86,Normal
2026-02-15 09:40:57.691262,Paris-8cb5,42,41,Normal
2026-02-15 09:40:58.691262,Paris-8cb5,19,25,Normal
2026-02-15 09:40:59.691262,Paris-8cb5,-28,100,Normal
2026-02-15 09:41:00.691262,Paris-8cb5,36,43,Normal
2026-02-15 09:41:01.691262,Paris-8cb5,19,17,Normal
2026-02-15 09:41:02.691262,Paris-8cb5,5,7,Normal
2026-02-15 09:41:03.691262,Paris-8cb5,8,2,Normal
2026-02-15 09:41:04.691262,Paris-8cb5,30,25,Normal
2026-02-15 09:41:05.691262,Paris-8cb5,-19,78,Normal
2026-02-15 09:41:06.691262,Paris-8cb5,-23,7,Normal
2026-02-15 09:41:07.691262,Paris-8cb5,-23,33,Normal
2026-02-15 09:41:08.691262,Paris-8cb5,-22,18,Normal
2026-02-15 09:41:09.691262,Paris-8cb5,-29,36,Normal
2026-02-15 09:41:10.691262,Paris-8cb5,39,75,Normal
2026-02-15 09:41:11.691262,Paris-8cb5,6,78,Normal
2026-02-15 09:41:12.691262,Paris-8cb5,-2,91,Normal
2026-02-15 09:41:13.691262,Paris-8cb5,4,28,Normal
2026-02-15 09:41:14.691262,Paris-8cb5,1,17,Normal
2026-02-15 09:41:15.691262,Paris-8cb5,23,78,Normal
2026-02-15 09:41:16.691262,Paris-8cb5,-7,68,Normal
2026-02-15 09:41:17.691262,Paris-8cb5,0,0,Normal
2026-02-15 09:41:18.691262,Paris-8cb5,31,17,Normal
2026-02-15 09:41:19.691262,Paris-8cb5,11,45,Normal
2026-02-15 09:41:20.691262,Paris-8cb5,-9,36,Normal
2026-02-15 09:41:21.691262,Paris-8cb5,28,98,Normal
2026-02-15 09:41:22.691262,Paris-8cb5,-25,56,Normal
2026-02-15 09:41:23.691262,Paris-8cb5,-27,7,Normal
2026-02-15 09:41:24.691262,Paris-8cb5,-17,24,Normal
2026-02-15 09:41:25.691262,Paris-8cb5,28,16,Normal
2026-02-15 09:41:26.691262,Paris-8cb5,10,72,Normal
2026-02-15 09:41:27.691262,Paris-8cb5,-15,24,Normal
2026-02-15 09:41:28.691262,Paris-8cb5,50,16,Normal
2026-02-15 09:41:29.691262,Paris-8cb5,0,41,Normal
2026-02-15 09:41:30.691262,Paris-8cb5,13,95,Normal
2026-02-15 09:41:31.691262,Paris-8cb5,-18,76,Normal
2026-02-15 09:41:32.691262,Paris-8cb5,-21,12,Normal
2026-02-15 09:41:33.691262,Paris-8cb5,-24,62,Normal
2026-02-15 09:41:34.691262,Paris-8cb5,-4,23,Normal
2026-02-15 09:41:35.691262,Paris-8cb5,-24,50,Normal
2026-02-15 09:41:36.691262,Paris-8cb5,9,59,Normal
2026-02-15 09:41:37.691262,Paris-8cb5,-28,81,Normal
2026-02-15 09:41:38.691262,Paris-8cb5,19,70,Normal
2026-02-15 09:41:39.691262,Paris-8cb5,19,90,Normal
2026-02-15 09:41:40.691262,Paris-8cb5,-20,56,Normal
2026-02-15 09:41:41.691262,Paris-8cb5,49,64,Normal
2026-02-15 09:41:42.691262,Paris-8cb5,0,93,Normal
2026-02-15 09:41:43.691262,Paris-8cb5,13,49,Normal
2026-02-15 09:41:44.691262,Paris-8cb5,-7,71,Normal
2026-02-15 09:41:45.691262,Paris-8cb5,-11,17,Normal
2026-02-15 09:41:46.691262,Paris-8cb5,44,42,Normal
2026-02-15 09:41:47.691262,Paris-8cb5,-16,1,Normal
2026-02-15 09:41:48.691262,Paris-8cb5,28,62,Normal
2026-02-15 09:41:49.691262,Paris-8cb5,20,9,Normal
2026-02-15 09:41:50.691262,Paris-8cb5,29,56,Normal
2026-02-15 09:41:51.691262,Paris-8cb5,3,62,Normal
2026-02-15 09:41:52.691262,Paris-8cb5,2,68,Normal
2026-02-15 09:41:53.691262,Paris-8cb5,31,59,Normal
2026-02-15 09:41:54.691262,Paris-8cb5,-13,75,Normal
2026-02-15 09:41:55.691262,Paris-8cb5,29,93,Normal
2026-02-15 09:41:56.691262,Paris-8cb5,-1,27,Normal
2026-02-15 09:41:57.691262,Paris-8cb5,14,65,Normal
2026-02-15 09:41:58.691262,Paris-8cb5,-26,97,Normal
2026-02-15 09:41:59.691262,Paris-8cb5,36,92,Normal
2026-02-15 09:42:00.691262,Paris-8cb5,-29,99,Normal
2026-02-15 09:42:01.691262,Paris-8cb5,47,52,Normal
2026-02-15 09:42:02.691262,Paris-8cb5,-3,72,Normal
2026-02-15 09:42:03.691262,Paris-8cb5,-22,37,Normal
2026-02-15 09:42:04.691262,Paris-8cb5,-17,42,Normal
2026-02-15 09:42:05.691262,Paris-8cb5,-11,77,Normal
2026-02-15 09:42:06.691262,Paris-8cb5,5,14,Normal
2026-02-15 09:42:07.691262,Paris-8cb5,33,20,Normal
2026-02-15 09:42:08.691262,Paris-8cb5,-14,37,Normal
2026-02-15 09:42:09.691262,Paris-8cb5,28,8,Normal
2026-02-15 09:42:10.691262,Paris-8cb5,1,52,Normal
2026-02-15 09:42:11.691262,Paris-8cb5,-18,9,Normal
2026-02-15 09:42:12.691262,Paris-8cb5,-21,14,Normal
2026-02-15 09:42:13.691262,Paris-8cb5,47,85,Normal
2026-02-15 09:42:14.691262,Paris-8cb5,11,38,Normal
2026-02-15 09:42:15.691262,Paris-8cb5,19,1,Normal
2026-02-15 09:42:16.691262,Paris-8cb5,-16,22,Normal
2026-02-15 09:42:17.691262,Paris-8cb5,40,87,Normal
2026-02-15 09:42:18.691262,Paris-8cb5,8,97,Normal
2026-02-15 09:42:19.691262,Paris-8cb5,-8,38,Normal
2026-02-15 09:42:20.691262,Paris-8cb5,-23,0,Normal
2026-02-15 09:42:21.691262,Paris-8cb5,38,67,Normal
2026-02-15 09:42:22.691262,Paris-8cb5,-28,70,Normal
2026-02-15 09:42:23.691262,Paris-8cb5,9,5,Normal
2026-02-15 09:42:24.691262,Paris-8cb5,36,24,Normal
2026-02-15 09:42:25.691262,Paris-8cb5,-26,55,Normal
2026-02-15 09:42:26.691262,Paris-8cb5,2,93,Normal
2026-02-15 09:42:27.691262,Paris-8cb5,31,46,Normal
2026-02-15 09:42:28.691262,Paris-8cb5,13,40,Normal
2026-02-15 09:42:29.691262,Paris-8cb5,2,59,Normal
2026-02-15 09:42:30.691262,Paris-8cb5,-26,61,Normal
2026-02-15 09:42:31.691262,Paris-8cb5,-23,11,Normal
2026-02-15 09:42:32.691262,Paris-8cb5,37,0,Normal
2026-02-15 09:42:33.691262,Paris-8cb5,31,20,Normal
2026-02-15 09:42:34.691262,Paris-8cb5,-13,74,Normal
2026-02-15 09:42:35.691262,Paris-8cb5,46,11,Normal
2026-02-15 09:42:36.691262,Paris-8cb5,-2,19,Normal
2026-02-15 09:42:37.691262,Paris-8cb5,0,99,Normal
2026-02-15 09:42:38.691262,Paris-8cb5,-9,56,Normal
2026-02-15 09:42:39.691262,Paris-8cb5,44,7,Normal
2026-02-15 09:42:40.691262,Paris-8cb5,45,66,Normal
2026-02-15 09:42:41.691262,Paris-8cb5,-30,36,Normal
2026-02-15 09:42:42.691262,Paris-8cb5,44,36,Normal
2026-02-15 09:42:43.691262,Paris-8cb5,-13,14,Normal
2026-02-15 09:42:44.691262,Paris-8cb5,-28,51,Normal
2026-02-15 09:42:45.691262,Paris-8cb5,4,13,Normal
2026-02-15 09:42:46.691262,Paris-8cb5,-17,56,Normal
2026-02-15 09:42:47.691262,Paris-8cb5,24,69,Normal
2026-02-15 09:42:48.691262,Paris-8cb5,-20,89,Normal
2026-02-15 09:42:49.691262,Paris-8cb5,37,49,Normal
2026-02-15 09:42:50.691262,Paris-8cb5,-8,23,Normal
2026-02-15 09:42:51.691262,Paris-8cb5,34,36,Normal
2026-02-15 09:42:52.691262,Paris-8cb5,31,71,Normal
2026-02-15 09:42:53.691262,Paris-8cb5,37,3,Normal
2026-02-15 09:42:54.691262,Paris-8cb5,10,94,Normal
2026-02-15 09:42:55.691262,Paris-8cb5,2,84,Normal
2026-02-15 09:42:56.691262,Paris-8cb5,1,62,Normal
2026-02-15 09:42:57.691262,Paris-8cb5,-20,88,Normal
2026-02-15 09:42:58.691262,Paris-8cb5,41,77,Normal
2026-02-15 09:42:59.691262,Paris-8cb5,-9,74,Normal
2026-02-15 09:43:00.691262,Paris-8cb5,-15,84,Normal
2026-02-15 09:43:01.691262,Paris-8cb5,30,78,Normal
2026-02-15 09:43:02.691262,Paris-8cb5,39,39,Normal
2026-02-15 09:43:03.691262,Paris-8cb5,42,1,Normal
2026-02-15 09:43:04.691262,Paris-8cb5,26,8,Normal
2026-02-15 09:43:05.691262,Paris-8cb5,-5,42,Normal
2026-02-15 09:43:06.691262,Paris-8cb5,7,55,Normal
2026-02-15 09:43:07.691262,Paris-8cb5,20,34,Normal
2026-02-15 09:43:08.691262,Paris-8cb5,2,25,Normal
2026-02-15 09:43:09.691262,Paris-8cb5,-15,29,Normal
2026-02-15 09:43:10.691262,Paris-8cb5,11,28,Normal
2026-02-15 09:43:11.691262,Paris-8cb5,20,51,Normal
2026-02-15 09:43:12.691262,Paris-8cb5,3,32,Normal
2026-02-15 09:43:13.691262,Paris-8cb5,-23,83,Normal
2026-02-15 09:43:14.691262,Paris-8cb5,17,20,Normal
2026-02-15 09:43:15.691262,Paris-8cb5,-12,38,Normal
2026-02-15 09:43:16.691262,Paris-8cb5,48,9,Normal
2026-02-15 09:43:17.691262,Paris-8cb5,34,21,Normal
2026-02-15 09:43:18.691262,Paris-8cb5,-2,77,Normal
2026-02-15 09:43:19.691262,Paris-8cb5,-24,19,Normal
2026-02-15 09:43:20.691262,Paris-8cb5,26,13,Normal
2026-02-15 09:43:21.691262,Paris-8cb5,4,53,Normal
2026-02-15 09:43:22.691262,Paris-8cb5,-30,39,Normal
2026-02-15 09:43:23.691262,Paris-8cb5,43,69,Normal
2026-02-15 09:43:24.691262,Paris-8cb5,-14,4,Normal
2026-02-15 09:43:25.691262,Paris-8cb5,44,98,Normal
2026-02-15 09:43:26.691262,Paris-8cb5,-19,25,Normal
2026-02-15 09:43:27.691262,Paris-8cb5,-2,6,Normal
2026-02-15 09:43:28.691262,Paris-8cb5,10,69,Normal
2026-02-15 09:43:29.691262,Paris-8cb5,30,46,Normal
2026-02-15 09:43:30.691262,Paris-8cb5,-9,11,Normal
2026-02-15 09:43:31.691262,Paris-8cb5,4,99,Normal
2026-02-15 09:43:32.691262,Paris-8cb5,-21,72,Normal
2026-02-15 09:43:33.691262,Paris-8cb5,16,43,Normal
2026-02-15 09:43:34.691262,Paris-8cb5,5,92,Normal
2026-02-15 09:43:35.691262,Paris-8cb5,-7,85,Normal
2026-02-15 09:43:36.691262,Paris-8cb5,-16,18,Normal
2026-02-15 09:43:37.691262,Paris-8cb5,37,65,Normal
2026-02-15 09:43:38.691262,Paris-8cb5,43,41,Normal
2026-02-15 09:43:39.691262,Paris-8cb5,36,67,Normal
2026-02-15 09:43:40.691262,Paris-8cb5,-10,46,Normal
2026-02-15 09:43:41.691262,Paris-8cb5,27,30,Normal
2026-02-15 09:43:42.691262,Paris-8cb5,-14,85,Normal
2026-02-15 09:43:43.691262,Paris-8cb5,-25,42,Normal
2026-02-15 09:43:44.691262,Paris-8cb5,-21,95,Normal
2026-02-15 09:43:45.691262,Paris-8cb5,-5,2,Normal
2026-02-15 09:43:46.691262,Paris-8cb5,23,47,Normal
2026-02-15 09:43:47.691262,Paris-8cb5,-5,87,Normal
2026-02-15 09:43:48.691262,Paris-8cb5,-1,69,Normal
2026-02-15 09:43:49.691262,Paris-8cb5,14,88,Normal
2026-02-15 09:43:50.691262,Paris-8cb5,26,90,Normal
2026-02-15 09:43:51.691262,Paris-8cb5,21,80,Normal
2026-02-15 09:43:52.691262,Paris-8cb5,27,13,Normal
2026-02-15 09:43:53.691262,Paris-8cb5,50,24,Normal
2026-02-15 09:43:54.691262,Paris-8cb5,-29,8,Normal
2026-02-15 09:43:55.691262,Paris-8cb5,4,22,Normal
2026-02-15 09:43:56.691262,Paris-8cb5,50,66,Normal
2026-02-15 09:43:57.691262,Paris-8cb5,-10,91,Normal
2026-02-15 09:43:58.691262,Paris-8cb5,9,80,Normal
2026-02-15 09:43:59.691262,Paris-8cb5,18,13,Normal
2026-02-15 09:44:00.691262,Paris-8cb5,39,50,Normal
2026-02-15 09:44:01.691262,Paris-8cb5,24,23,Normal
2026-02-15 09:44:02.691262,Paris-8cb5,-6,26,Normal
2026-02-15 09:44:03.691262,Paris-8cb5,36,18,Normal
2026-02-15 09:44:04.691262,Paris-8cb5,42,31,Normal
2026-02-15 09:44:05.691262,Paris-8cb5,8,10,Normal
2026-02-15 09:44:06.691262,Paris-8cb5,-25,70,Normal
2026-02-15 09:44:07.691262,Paris-8cb5,-28,80,Normal
2026-02-15 09:44:08.691262,Paris-8cb5,17,94,Normal
2026-02-15 09:44:09.691262,Paris-8cb5,28,70,Normal
2026-02-15 09:44:10.691262,Paris-8cb5,29,7,Normal
2026-02-15 09:44:11.691262,Paris-8cb5,-7,88,Normal
2026-02-15 09:44:12.691262,Paris-8cb5,-21,79,Normal
2026-02-15 09:44:13.691262,Paris-8cb5,20,35,Normal
2026-02-15 09:44:14.691262,Paris-8cb5,-24,66,Normal
2026-02-15 09:44:15.691262,Paris-8cb5,-20,27,Normal
2026-02-15 09:44:16.691262,Paris-8cb5,17,86,Normal
2026-02-15 09:44:17.691262,Paris-8cb5,-29,40,Normal
2026-02-15 09:44:18.691262,Paris-8cb5,-20,46,Normal
2026-02-15 09:44:19.691262,Paris-8cb5,37,78,Normal
2026-02-15 09:44:20.691262,Paris-8cb5,-22,91,Normal
2026-02-15 09:44:21.691262,Paris-8cb5,-19,17,Normal
2026-02-15 09:44:22.691262,Paris-8cb5,6,37,Normal
2026-02-15 09:44:23.691262,Paris-8cb5,-6,35,Normal
2026-02-15 09:44:24.691262,Paris-8cb5,-30,25,Normal
2026-02-15 09:44:25.691262,Paris-8cb5,42,3,Normal
2026-02-15 09:44:26.691262,Paris-8cb5,7,86,Normal
2026-02-15 09:44:27.691262,Paris-8cb5,14,17,Normal
2026-02-15 09:44:28.691262,Paris-8cb5,23,30,Normal
2026-02-15 09:44:29.691262,Paris-8cb5,-16,85,Normal
2026-02-15 09:44:30.691262,Paris-8cb5,32,84,Normal
2026-02-15 09:44:31.691262,Paris-8cb5,-22,30,Normal
2026-02-15 09:44:32.691262,Paris-8cb5,-30,51,Normal
2026-02-15 09:44:33.691262,Paris-8cb5,7,22,Normal
2026-02-15 09:44:34.691262,Paris-8cb5,31,22,Normal
2026-02-15 09:44:35.691262,Paris-8cb5,25,28,Normal
2026-02-15 09:44:36.691262,Paris-8cb5,23,81,Normal
2026-02-15 09:44:37.691262,Paris-8cb5,-25,91,Normal
2026-02-15 09:44:38.691262,Paris-8cb5,-14,13,Normal
2026-02-15 09:44:39.691262,Paris-8cb5,-10,48,Normal
2026-02-15 09:44:40.691262,Paris-8cb5,-11,81,Normal
2026-02-15 09:44:41.691262,Paris-8cb5,-23,83,Normal
2026-02-15 09:44:42.691262,Paris-8cb5,5,61,Normal
2026-02-15 09:44:43.691262,Paris-8cb5,49,67,Normal
2026-02-15 09:44:44.691262,Paris-8cb5,-28,0,Normal
2026-02-15 09:44:45.691262,Paris-8cb5,-2,50,Normal
2026-02-15 09:44:46.691262,Paris-8cb5,13,39,Normal
2026-02-15 09:44:47.691262,Paris-8cb5,-13,77,Normal
2026-02-15 09:44:48.691262,Paris-8cb5,31,46,Normal
2026-02-15 09:44:49.691262,Paris-8cb5,30,77,Normal
2026-02-15 09:44:50.691262,Paris-8cb5,-22,44,Normal
2026-02-15 09:44:51.691262,Paris-8cb5,-25,20,Normal
2026-02-15 09:44:52.691262,Paris-8cb5,-17,10,Normal
2026-02-15 09:44:53.691262,Paris-8cb5,21,16,Normal
2026-02-15 09:44:54.691262,Paris-8cb5,27,69,Normal
2026-02-15 09:44:55.691262,Paris-8cb5,-27,83,Normal
2026-02-15 09:44:56.691262,Paris-8cb5,39,93,Normal
2026-02-15 09:44:57.691262,Paris-8cb5,40,51,Normal
2026-02-15 09:44:58.691262,Paris-8cb5,38,1,Normal
2026-02-15 09:44:59.691262,Paris-8cb5,38,28,Normal
2026-02-15 09:45:00.691262,Paris-8cb5,21,77,Normal
2026-02-15 09:45:01.691262,Paris-8cb5,47,100,Normal
2026-02-15 09:45:02.691262,Paris-8cb5,-5,39,Normal
2026-02-15 09:45:03.691262,Paris-8cb5,16,4,Normal
2026-02-15 09:45:04.691262,Paris-8cb5,27,55,Normal
2026-02-15 09:45:05.691262,Paris-8cb5,-8,8,Normal
2026-02-15 09:45:06.691262,Paris-8cb5,-7,38,Normal
2026-02-15 09:45:07.691262,Paris-8cb5,49,15,Normal
2026-02-15 09:45:08.691262,Paris-8cb5,-5,49,Normal
2026-02-15 09:45:09.691262,Paris-8cb5,23,10,Normal
2026-02-15 09:45:10.691262,Paris-8cb5,-17,42,Normal
2026-02-15 09:45:11.691262,Paris-8cb5,15,37,Normal
2026-02-15 09:45:12.691262,Paris-8cb5,35,21,Normal
2026-02-15 09:45:13.691262,Paris-8cb5,36,80,Normal
2026-02-15 09:45:14.691262,Paris-8cb5,47,33,Normal
2026-02-15 09:45:15.691262,Paris-8cb5,-10,20,Normal
2026-02-15 09:45:16.691262,Paris-8cb5,-22,28,Normal
2026-02-15 09:45:17.691262,Paris-8cb5,40,77,Normal
2026-02-15 09:45:18.691262,Paris-8cb5,37,51,Normal
2026-02-15 09:45:19.691262,Paris-8cb5,39,99,Normal
2026-02-15 09:45:20.691262,Paris-8cb5,3,42,Normal
2026-02-15 09:45:21.691262,Paris-8cb5,-30,31,Normal
2026-02-15 09:45:22.691262,Paris-8cb5,23,59,Normal
2026-02-15 09:45:23.691262,Paris-8cb5,13,94,Normal
2026-02-15 09:45:24.691262,Paris-8cb5,31,37,Normal
2026-02-15 09:45:25.691262,Paris-8cb5,41,70,Normal
2026-02-15 09:45:26.691262,Paris-8cb5,-16,24,Normal
2026-02-15 09:45:27.691262,Paris-8cb5,12,30,Normal
2026-02-15 09:45:28.691262,Paris-8cb5,15,11,Normal
2026-02-15 09:45:29.691262,Paris-8cb5,24,100,Normal
2026-02-15 09:45:30.691262,Paris-8cb5,22,9,Normal
2026-02-15 09:45:31.691262,Paris-8cb5,6,69,Normal
2026-02-15 09:45:32.691262,Paris-8cb5,27,38,Normal
2026-02-15 09:45:33.691262,Paris-8cb5,13,3,Normal
2026-02-15 09:45:34.691262,Paris-8cb5,18,100,Normal
2026-02-15 09:45:35.691262,Paris-8cb5,35,64,Normal
2026-02-15 09:45:36.691262,Paris-8cb5,28,19,Normal
2026-02-15 09:45:37.691262,Paris-8cb5,33,100,Normal
2026-02-15 09:45:38.691262,Paris-8cb5,14,18,Normal
2026-02-15 09:45:39.691262,Paris-8cb5,17,10,Normal
2026-02-15 09:45:40.691262,Paris-8cb5,26,11,Normal
2026-02-15 09:45:41.691262,Paris-8cb5,-10,66,Normal
2026-02-15 09:45:42.691262,Paris-8cb5,49,7,Normal
2026-02-15 09:45:43.691262,Paris-8cb5,45,9,Normal
2026-02-15 09:45:44.691262,Paris-8cb5,49,99,Normal
2026-02-15 09:45:45.691262,Paris-8cb5,-26,73,Normal
2026-02-15 09:45:46.691262,Paris-8cb5,-22,9,Normal
2026-02-15 09:45:47.691262,Paris-8cb5,3,59,Normal
2026-02-15 09:45:48.691262,Paris-8cb5,-26,53,Normal
2026-02-15 09:45:49.691262,Paris-8cb5,28,7,Normal
2026-02-15 09:45:50.691262,Paris-8cb5,32,44,Normal
2026-02-15 09:45:51.691262,Paris-8cb5,-24,5,Normal
2026-02-15 09:45:52.691262,Paris-8cb5,41,31,Normal
2026-02-15 09:45:53.691262,Paris-8cb5,12,49,Normal
2026-02-15 09:45:54.691262,Paris-8cb5,22,4,Normal
2026-02-15 09:45:55.691262,Paris-8cb5,-20,60,Normal
2026-02-15 09:45:56.691262,Paris-8cb5,18,56,Normal
2026-02-15 09:45:57.691262,Paris-8cb5,32,95,Normal
2026-02-15 09:45:58.691262,Paris-8cb5,31,57,Normal
2026-02-15 09:45:59.691262,Paris-8cb5,40,26,Normal
2026-02-15 09:46:00.691262,Paris-8cb5,40,90,Normal
2026-02-15 09:46:01.691262,Paris-8cb5,7,56,Normal
2026-02-15 09:46:02.691262,Paris-8cb5,-14,9,Normal
2026-02-15 09:46:03.691262,Paris-8cb5,16,97,Normal
2026-02-15 09:46:04.691262,Paris-8cb5,24,89,Normal
2026-02-15 09:46:05.691262,Paris-8cb5,37,13,Normal
2026-02-15 09:46:06.691262,Paris-8cb5,42,38,Normal
2026-02-15 09:46:07.691262,Paris-8cb5,-2,99,Normal
2026-02-15 09:46:08.691262,Paris-8cb5,22,85,Normal
2026-02-15 09:46:09.691262,Paris-8cb5,-26,31,Normal
2026-02-15 09:46:10.691262,Paris-8cb5,23,72,Normal
2026-02-15 09:46:11.691262,Paris-8cb5,11,50,Normal
2026-02-15 09:46:12.691262,Paris-8cb5,-6,55,Normal
2026-02-15 09:46:13.691262,Paris-8cb5,30,37,Normal
2026-02-15 09:46:14.691262,Paris-8cb5,47,37,Normal
2026-02-15 09:46:15.691262,Paris-8cb5,13,32,Normal
2026-02-15 09:46:16.691262,Paris-8cb5,-20,57,Normal
2026-02-15 09:46:17.691262,Paris-8cb5,21,34,Normal
2026-02-15 09:46:18.691262,Paris-8cb5,42,64,Normal
2026-02-15 09:46:19.691262,Paris-8cb5,0,14,Normal
2026-02-15 09:46:20.691262,Paris-8cb5,4,35,Normal
2026-02-15 09:46:21.691262,Paris-8cb5,-11,16,Normal
2026-02-15 09:46:22.691262,Paris-8cb5,-18,88,Normal
2026-02-15 09:46:23.691262,Paris-8cb5,49,20,Normal
2026-02-15 09:46:24.691262,Paris-8cb5,22,63,Normal
2026-02-15 09:46:25.691262,Paris-8cb5,45,38,Normal
2026-02-15 09:46:26.691262,Paris-8cb5,-21,98,Normal
2026-02-15 09:46:27.691262,Paris-8cb5,3,52,Normal
2026-02-15 09:46:28.691262,Paris-8cb5,-26,11,Normal
2026-02-15 09:46:29.691262,Paris-8cb5,33,77,Normal
2026-02-15 09:46:30.691262,Paris-8cb5,-5,63,Normal
2026-02-15 09:46:31.691262,Paris-8cb5,8,41,Normal
2026-02-15 09:46:32.691262,Paris-8cb5,18,76,Normal
2026-02-15 09:46:33.691262,Paris-8cb5,1,59,Normal
2026-02-15 09:46:34.691262,Paris-8cb5,-17,78,Normal
2026-02-15 09:46:35.691262,Paris-8cb5,-13,45,Normal
2026-02-15 09:46:36.691262,Paris-8cb5,37,31,Normal
2026-02-15 09:46:37.691262,Paris-8cb5,-3,13,Normal
2026-02-15 09:46:38.691262,Paris-8cb5,18,17,Normal
2026-02-15 09:46:39.691262,Paris-8cb5,19,79,Normal
2026-02-15 09:46:40.691262,Paris-8cb5,-2,43,Normal
2026-02-15 09:46:41.691262,Paris-8cb5,-22,28,Normal
2026-02-15 09:46:42.691262,Paris-8cb5,-14,91,Normal
2026-02-15 09:46:43.691262,Paris-8cb5,-22,12,Normal
2026-02-15 09:46:44.691262,Paris-8cb5,-22,75,Normal
2026-02-15 09:46:45.691262,Paris-8cb5,-2,49,Normal
2026-02-15 09:46:46.691262,Paris-8cb5,5,82,Normal
2026-02-15 09:46:47.691262,Paris-8cb5,39,14,Normal
2026-02-15 09:46:48.691262,Paris-8cb5,39,100,Normal
2026-02-15 09:46:49.691262,Paris-8cb5,7,12,Normal
2026-02-15 09:46:50.691262,Paris-8cb5,-12,20,Normal
2026-02-15 09:46:51.691262,Paris-8cb5,48,92,Normal
2026-02-15 09:46:52.691262,Paris-8cb5,-26,92,Normal
2026-02-15 09:46:53.691262,Paris-8cb5,25,68,Normal
2026-02-15 09:46:54.691262,Paris-8cb5,21,70,Normal
2026-02-15 09:46:55.691262,Paris-8cb5,46,47,Normal
2026-02-15 09:46:56.691262,Paris-8cb5,-13,32,Normal
2026-02-15 09:46:57.691262,Paris-8cb5,3,29,Normal
2026-02-15 09:46:58.691262,Paris-8cb5,-25,42,Normal
2026-02-15 09:46:59.691262,Paris-8cb5,9,1,Normal
2026-02-15 09:47:00.691262,Paris-8cb5,27,89,Normal
2026-02-15 09:47:01.691262,Paris-8cb5,8,28,Normal
2026-02-15 09:47:02.691262,Paris-8cb5,50,80,Normal
2026-02-15 09:47:03.691262,Paris-8cb5,16,77,Normal
2026-02-15 09:47:04.691262,Paris-8cb5,47,30,Normal
2026-02-15 09:47:05.691262,Paris-8cb5,32,20,Normal
2026-02-15 09:47:06.691262,Paris-8cb5,-12,90,Normal
2026-02-15 09:47:07.691262,Paris-8cb5,17,0,Normal
2026-02-15 09:47:08.691262,Paris-8cb5,-1,2,Normal
2026-02-15 09:47:09.691262,Paris-8cb5,25,32,Normal
2026-02-15 09:47:10.691262,Paris-8cb5,48,50,Normal
2026-02-15 09:47:11.691262,Paris-8cb5,-20,83,Normal
2026-02-15 09:47:12.691262,Paris-8cb5,-28,62,Normal
2026-02-15 09:47:13.691262,Paris-8cb5,25,32,Normal
2026-02-15 09:47:14.691262,Paris-8cb5,-30,12,Normal
2026-02-15 09:47:15.691262,Paris-8cb5,29,79,Normal
2026-02-15 09:47:16.691262,Paris-8cb5,38,54,Normal
2026-02-15 09:47:17.691262,Paris-8cb5,-14,82,Normal
2026-02-15 09:47:18.691262,Paris-8cb5,2,52,Normal
2026-02-15 09:47:19.691262,Paris-8cb5,47,29,Normal
2026-02-15 09:47:20.691262,Paris-8cb5,-16,34,Normal
2026-02-15 09:47:21.691262,Paris-8cb5,25,86,Normal
2026-02-15 09:47:22.691262,Paris-8cb5,16,42,Normal
2026-02-15 09:47:23.691262,Paris-8cb5,-15,8,Normal
2026-02-15 09:47:24.691262,Paris-8cb5,38,72,Normal
2026-02-15 09:47:25.691262,Paris-8cb5,31,67,Normal
2026-02-15 09:47:26.691262,Paris-8cb5,-30,42,Normal
2026-02-15 09:47:27.691262,Paris-8cb5,-13,33,Normal
2026-02-15 09:47:28.691262,Paris-8cb5,46,28,Normal
2026-02-15 09:47:29.691262,Paris-8cb5,39,6,Normal
2026-02-15 09:47:30.691262,Paris-8cb5,13,31,Normal
2026-02-15 09:47:31.691262,Paris-8cb5,37,7,Normal
2026-02-15 09:47:32.691262,Paris-8cb5,18,78,Normal
2026-02-15 09:47:33.691262,Paris-8cb5,16,87,Normal
2026-02-15 09:47:34.691262,Paris-8cb5,18,88,Normal
2026-02-15 09:47:35.691262,Paris-8cb5,15,88,Normal
2026-02-15 09:47:36.691262,Paris-8cb5,-7,41,Normal
2026-02-15 09:47:37.691262,Paris-8cb5,4,9,Normal
2026-02-15 09:47:38.691262,Paris-8cb5,10,41,Normal
2026-02-15 09:47:39.691262,Paris-8cb5,-4,63,Normal
2026-02-15 09:47:40.691262,Paris-8cb5,3,34,Normal
2026-02-15 09:47:41.691262,Paris-8cb5,46,85,Normal
2026-02-15 09:47:42.691262,Paris-8cb5,-6,15,Normal
2026-02-15 09:47:43.691262,Paris-8cb5,-15,32,Normal
2026-02-15 09:47:44.691262,Paris-8cb5,12,24,Normal
2026-02-15 09:47:45.691262,Paris-8cb5,-23,85,Normal
2026-02-15 09:47:46.691262,Paris-8cb5,-3,67,Normal
2026-02-15 09:47:47.691262,Paris-8cb5,24,14,Normal
2026-02-15 09:47:48.691262,Paris-8cb5,-28,92,Normal
2026-02-15 09:47:49.691262,Paris-8cb5,-6,46,Normal
2026-02-15 09:47:50.691262,Paris-8cb5,2,55,Normal
2026-02-15 09:47:51.691262,Paris-8cb5,-24,48,Normal
2026-02-15 09:47:52.691262,Paris-8cb5,-29,14,Normal
2026-02-15 09:47:53.691262,Paris-8cb5,-9,4,Normal
2026-02-15 09:47:54.691262,Paris-8cb5,13,15,Normal
2026-02-15 09:47:55.691262,Paris-8cb5,-28,8,Normal
2026-02-15 09:47:56.691262,Paris-8cb5,45,55,Normal
2026-02-15 09:47:57.691262,Paris-8cb5,3,76,Normal
2026-02-15 09:47:58.691262,Paris-8cb5,-19,92,Normal
2026-02-15 09:47:59.691262,Paris-8cb5,8,49,Normal
2026-02-15 09:48:00.691262,Paris-8cb5,-9,96,Normal
2026-02-15 09:48:01.691262,Paris-8cb5,23,53,Normal
2026-02-15 09:48:02.691262,Paris-8cb5,-16,31,Normal
2026-02-15 09:48:03.691262,Paris-8cb5,-6,47,Normal
2026-02-15 09:48:04.691262,Paris-8cb5,-16,65,Normal
2026-02-15 09:48:05.691262,Paris-8cb5,12,94,Normal
2026-02-15 09:48:06.691262,Paris-8cb5,34,12,Normal
2026-02-15 09:48:07.691262,Paris-8cb5,-25,87,Normal
2026-02-15 09:48:08.691262,Paris-8cb5,-19,51,Normal
2026-02-15 09:48:09.691262,Paris-8cb5,47,19,Normal
2026-02-15 09:48:10.691262,Paris-8cb5,40,59,Normal
2026-02-15 09:48:11.691262,Paris-8cb5,-12,96,Normal
2026-02-15 09:48:12.691262,Paris-8cb5,1,45,Normal
2026-02-15 09:48:13.691262,Paris-8cb5,40,6,Normal
2026-02-15 09:48:14.691262,Paris-8cb5,-24,20,Normal
2026-02-15 09:48:15.691262,Paris-8cb5,31,88,Normal
2026-02-15 09:48:16.691262,Paris-8cb5,-9,83,Normal
2026-02-15 09:48:17.691262,Paris-8cb5,32,40,Normal
2026-02-15 09:48:18.691262,Paris-8cb5,-30,84,Normal
2026-02-15 09:48:19.691262,Paris-8cb5,5,20,Normal
2026-02-15 09:48:20.691262,Paris-8cb5,-20,69,Normal
2026-02-15 09:48:21.691262,Paris-8cb5,5,71,Normal
2026-02-15 09:48:22.691262,Paris-8cb5,18,71,Normal
2026-02-15 09:48:23.691262,Paris-8cb5,45,96,Normal
2026-02-15 09:48:24.691262,Paris-8cb5,20,84,Normal
2026-02-15 09:48:25.691262,Paris-8cb5,26,18,Normal
2026-02-15 09:48:26.691262,Paris-8cb5,0,15,Normal
2026-02-15 09:48:27.691262,Paris-8cb5,-10,79,Normal
2026-02-15 09:48:28.691262,Paris-8cb5,-1,84,Normal
2026-02-15 09:48:29.691262,Paris-8cb5,36,18,Normal
2026-02-15 09:48:30.691262,Paris-8cb5,-4,52,Normal
2026-02-15 09:48:31.691262,Paris-8cb5,-23,96,Normal
2026-02-15 09:48:32.691262,Paris-8cb5,29,22,Normal
2026-02-15 09:48:33.691262,Paris-8cb5,25,26,Normal
2026-02-15 09:48:34.691262,Paris-8cb5,-16,40,Normal
2026-02-15 09:48:35.691262,Paris-8cb5,21,63,Normal
2026-02-15 09:48:36.691262,Paris-8cb5,40,88,Normal
2026-02-15 09:48:37.691262,Paris-8cb5,-10,17,Normal
2026-02-15 09:48:38.691262,Paris-8cb5,19,90,Normal
2026-02-15 09:48:39.691262,Paris-8cb5,16,84,Normal
2026-02-15 09:48:40.691262,Paris-8cb5,45,19,Normal
2026-02-15 09:48:41.691262,Paris-8cb5,4,59,Normal
2026-02-15 09:48:42.691262,Paris-8cb5,10,61,Normal
2026-02-15 09:48:43.691262,Paris-8cb5,-24,65,Normal
2026-02-15 09:48:44.691262,Paris-8cb5,36,93,Normal
2026-02-15 09:48:45.691262,Paris-8cb5,-19,98,Normal
2026-02-15 09:48:46.691262,Paris-8cb5,31,51,Normal
2026-02-15 09:48:47.691262,Paris-8cb5,30,23,Normal
2026-02-15 09:48:48.691262,Paris-8cb5,46,49,Normal
2026-02-15 09:48:49.691262,Paris-8cb5,17,6,Normal
2026-02-15 09:48:50.691262,Paris-8cb5,-3,45,Normal
2026-02-15 09:48:51.691262,Paris-8cb5,27,14,Normal
2026-02-15 09:48:52.691262,Paris-8cb5,-2,99,Normal
2026-02-15 09:48:53.691262,Paris-8cb5,-27,67,Normal
2026-02-15 09:48:54.691262,Paris-8cb5,6,44,Normal
2026-02-15 09:48:55.691262,Paris-8cb5,34,39,Normal
2026-02-15 09:48:56.691262,Paris-8cb5,1,23,Normal
2026-02-15 09:48:57.691262,Paris-8cb5,11,23,Normal
2026-02-15 09:48:58.691262,Paris-8cb5,-4,5,Normal
2026-02-15 09:48:59.691262,Paris-8cb5,7,34,Normal
2026-02-15 09:49:00.691262,Paris-8cb5,2,14,Normal
2026-02-15 09:49:01.691262,Paris-8cb5,1,48,Normal
2026-02-15 09:49:02.691262,Paris-8cb5,-11,57,Normal
2026-02-15 09:49:03.691262,Paris-8cb5,-4,0,Normal
2026-02-15 09:49:04.691262,Paris-8cb5,-14,37,Normal
2026-02-15 09:49:05.691262,Paris-8cb5,-10,7,Normal
2026-02-15 09:49:06.691262,Paris-8cb5,-9,69,Normal
2026-02-15 09:49:07.691262,Paris-8cb5,22,93,Normal
2026-02-15 09:49:08.691262,Paris-8cb5,50,100,Normal
2026-02-15 09:49:09.691262,Paris-8cb5,-16,43,Normal
2026-02-15 09:49:10.691262,Paris-8cb5,7,91,Normal
2026-02-15 09:49:11.691262,Paris-8cb5,8,38,Normal
2026-02-15 09:49:12.691262,Paris-8cb5,29,70,Normal
2026-02-15 09:49:13.691262,Paris-8cb5,47,77,Normal
2026-02-15 09:49:14.691262,Paris-8cb5,33,61,Normal
2026-02-15 09:49:15.691262,Paris-8cb5,3,15,Normal
2026-02-15 09:49:16.691262,Paris-8cb5,-9,7,Normal
2026-02-15 09:49:17.691262,Paris-8cb5,18,70,Normal
2026-02-15 09:49:18.691262,Paris-8cb5,-12,21,Normal
2026-02-15 09:49:19.691262,Paris-8cb5,41,15,Normal
2026-02-15 09:49:20.691262,Paris-8cb5,-15,21,Normal
2026-02-15 09:49:21.691262,Paris-8cb5,-12,63,Normal
2026-02-15 09:49:22.691262,Paris-8cb5,0,31,Normal
2026-02-15 09:49:23.691262,Paris-8cb5,17,65,Normal
2026-02-15 09:49:24.691262,Paris-8cb5,13,63,Normal
2026-02-15 09:49:25.691262,Paris-8cb5,1,49,Normal
2026-02-15 09:49:26.691262,Paris-8cb5,46,85,Normal
2026-02-15 09:49:27.691262,Paris-8cb5,8,33,Normal
2026-02-15 09:49:28.691262,Paris-8cb5,37,35,Normal
2026-02-15 09:49:29.691262,Paris-8cb5,47,3,Normal
2026-02-15 09:49:30.691262,Paris-8cb5,37,16,Normal
2026-02-15 09:49:31.691262,Paris-8cb5,-17,41,Normal
2026-02-15 09:49:32.691262,Paris-8cb5,11,61,Normal
2026-02-15 09:49:33.691262,Paris-8cb5,2,26,Normal
2026-02-15 09:49:34.691262,Paris-8cb5,44,88,Normal
2026-02-15 09:49:35.691262,Paris-8cb5,-8,7,Normal
2026-02-15 09:49:36.691262,Paris-8cb5,-10,0,Normal
2026-02-15 09:49:37.691262,Paris-8cb5,28,46,Normal
2026-02-15 09:49:38.691262,Paris-8cb5,47,71,Normal
2026-02-15 09:49:39.691262,Paris-8cb5,37,8,Normal
2026-02-15 09:49:40.691262,Paris-8cb5,23,32,Normal
2026-02-15 09:49:41.691262,Paris-8cb5,-30,70,Normal
2026-02-15 09:49:42.691262,Paris-8cb5,46,7,Normal
2026-02-15 09:49:43.691262,Paris-8cb5,4,21,Normal
2026-02-15 09:49:44.691262,Paris-8cb5,13,16,Normal
2026-02-15 09:49:45.691262,Paris-8cb5,16,17,Normal
2026-02-15 09:49:46.691262,Paris-8cb5,39,20,Normal
2026-02-15 09:49:47.691262,Paris-8cb5,12,23,Normal
2026-02-15 09:49:48.691262,Paris-8cb5,-30,46,Normal
2026-02-15 09:49:49.691262,Paris-8cb5,38,68,Normal
2026-02-15 09:49:50.691262,Paris-8cb5,6,79,Normal
2026-02-15 09:49:51.691262,Paris-8cb5,-16,4,Normal
2026-02-15 09:49:52.691262,Paris-8cb5,0,62,Normal
2026-02-15 09:49:53.691262,Paris-8cb5,10,98,Normal
2026-02-15 09:49:54.691262,Paris-8cb5,38,26,Normal
2026-02-15 09:49:55.691262,Paris-8cb5,-15,87,Normal
2026-02-15 09:49:56.691262,Paris-8cb5,6,86,Normal
2026-02-15 09:49:57.691262,Paris-8cb5,-13,69,Normal
2026-02-15 09:49:58.691262,Paris-8cb5,-10,76,Normal
2026-02-15 09:49:59.691262,Paris-8cb5,22,10,Normal
2026-02-15 09:50:00.691262,Paris-8cb5,43,100,Normal
2026-02-15 09:50:01.691262,Paris-8cb5,-19,55,Normal
2026-02-15 09:50:02.691262,Paris-8cb5,-28,31,Normal
2026-02-15 09:50:03.691262,Paris-8cb5,43,68,Normal
2026-02-15 09:50:04.691262,Paris-8cb5,15,81,Normal
2026-02-15 09:50:05.691262,Paris-8cb5,23,0,Normal
2026-02-15 09:50:06.691262,Paris-8cb5,-7,64,Normal
2026-02-15 09:50:07.691262,Paris-8cb5,17,48,Normal
2026-02-15 09:50:08.691262,Paris-8cb5,23,61,Normal
2026-02-15 09:50:09.691262,Paris-8cb5,26,70,Normal
2026-02-15 09:50:10.691262,Paris-8cb5,-4,7,Normal
2026-02-15 09:50:11.691262,Paris-8cb5,-13,73,Normal
2026-02-15 09:50:12.691262,Paris-8cb5,-20,94,Normal
2026-02-15 09:50:13.691262,Paris-8cb5,-14,60,Normal
2026-02-15 09:50:14.691262,Paris-8cb5,43,77,Normal
2026-02-15 09:50:15.691262,Paris-8cb5,30,23,Normal
2026-02-15 09:50:16.691262,Paris-8cb5,-17,30,Normal
2026-02-15 09:50:17.691262,Paris-8cb5,39,89,Normal
2026-02-15 09:50:18.691262,Paris-8cb5,16,4,Normal
2026-02-15 09:50:19.691262,Paris-8cb5,-24,90,Normal
2026-02-15 09:50:20.691262,Paris-8cb5,44,68,Normal
2026-02-15 09:50:21.691262,Paris-8cb5,36,52,Normal
2026-02-15 09:50:22.691262,Paris-8cb5,25,52,Normal
2026-02-15 09:50:23.691262,Paris-8cb5,48,11,Normal
2026-02-15 09:50:24.691262,Paris-8cb5,-8,96,Normal
2026-02-15 09:50:25.691262,Paris-8cb5,-11,7,Normal
2026-02-15 09:50:26.691262,Paris-8cb5,-26,8,Normal
2026-02-15 09:50:27.691262,Paris-8cb5,7,12,Normal
2026-02-15 09:50:28.691262,Paris-8cb5,-9,86,Normal
2026-02-15 09:50:29.691262,Paris-8cb5,25,65,Normal
2026-02-15 09:50:30.691262,Paris-8cb5,35,88,Normal
2026-02-15 09:50:31.691262,Paris-8cb5,-12,93,Normal
2026-02-15 09:50:32.691262,Paris-8cb5,28,72,Normal
2026-02-15 09:50:33.691262,Paris-8cb5,4,88,Normal
2026-02-15 09:50:34.691262,Paris-8cb5,14,20,Normal
2026-02-15 09:50:35.691262,Paris-8cb5,-25,46,Normal
2026-02-15 09:50:36.691262,Paris-8cb5,-18,0,Normal
2026-02-15 09:50:37.691262,Paris-8cb5,46,84,Normal
2026-02-15 09:50:38.691262,Paris-8cb5,-21,75,Normal
2026-02-15 09:50:39.691262,Paris-8cb5,27,18,Normal
2026-02-15 09:50:40.691262,Paris-8cb5,46,38,Normal
2026-02-15 09:50:41.691262,Paris-8cb5,12,98,Normal
2026-02-15 09:50:42.691262,Paris-8cb5,14,8,Normal
2026-02-15 09:50:43.691262,Paris-8cb5,-14,22,Normal
2026-02-15 09:50:44.691262,Paris-8cb5,1,96,Normal
2026-02-15 09:50:45.691262,Paris-8cb5,12,83,Normal
2026-02-15 09:50:46.691262,Paris-8cb5,15,53,Normal
2026-02-15 09:50:47.691262,Paris-8cb5,18,88,Normal
2026-02-15 09:50:48.691262,Paris-8cb5,-7,81,Normal
2026-02-15 09:50:49.691262,Paris-8cb5,33,12,Normal
2026-02-15 09:50:50.691262,Paris-8cb5,38,25,Normal
2026-02-15 09:50:51.691262,Paris-8cb5,-18,93,Normal
2026-02-15 09:50:52.691262,Paris-8cb5,1,70,Normal
2026-02-15 09:50:53.691262,Paris-8cb5,35,31,Normal
2026-02-15 09:50:54.691262,Paris-8cb5,15,25,Normal
2026-02-15 09:50:55.691262,Paris-8cb5,-20,89,Normal
2026-02-15 09:50:56.691262,Paris-8cb5,-21,69,Normal
2026-02-15 09:50:57.691262,Paris-8cb5,-8,76,Normal
2026-02-15 09:50:58.691262,Paris-8cb5,49,25,Normal
2026-02-15 09:50:59.691262,Paris-8cb5,-4,49,Normal
2026-02-15 09:51:00.691262,Paris-8cb5,20,39,Normal
2026-02-15 09:51:01.691262,Paris-8cb5,10,5,Normal
2026-02-15 09:51:02.691262,Paris-8cb5,26,17,Normal
2026-02-15 09:51:03.691262,Paris-8cb5,44,14,Normal
2026-02-15 09:51:04.691262,Paris-8cb5,-20,47,Normal
2026-02-15 09:51:05.691262,Paris-8cb5,4,9,Normal
2026-02-15 09:51:06.691262,Paris-8cb5,-5,100,Normal
2026-02-15 09:51:07.691262,Paris-8cb5,-23,22,Normal
2026-02-15 09:51:08.691262,Paris-8cb5,16,61,Normal
2026-02-15 09:51:09.691262,Paris-8cb5,-13,93,Normal
2026-02-15 09:51:10.691262,Paris-8cb5,-30,9,Normal
2026-02-15 09:51:11.691262,Paris-8cb5,13,85,Normal
2026-02-15 09:51:12.691262,Paris-8cb5,29,66,Normal
2026-02-15 09:51:13.691262,Paris-8cb5,10,77,Normal
2026-02-15 09:51:14.691262,Paris-8cb5,49,81,Normal
2026-02-15 09:51:15.691262,Paris-8cb5,-29,56,Normal
2026-02-15 09:51:16.691262,Paris-8cb5,28,82,Normal
2026-02-15 09:51:17.691262,Paris-8cb5,48,19,Normal
2026-02-15 09:51:18.691262,Paris-8cb5,1,49,Normal
2026-02-15 09:51:19.691262,Paris-8cb5,41,21,Normal
2026-02-15 09:51:20.691262,Paris-8cb5,5,7,Normal
2026-02-15 09:51:21.691262,Paris-8cb5,-6,43,Normal
2026-02-15 09:51:22.691262,Paris-8cb5,18,20,Normal
2026-02-15 09:51:23.691262,Paris-8cb5,32,92,Normal
2026-02-15 09:51:24.691262,Paris-8cb5,-18,93,Normal
2026-02-15 09:51:25.691262,Paris-8cb5,-30,61,Normal
2026-02-15 09:51:26.691262,Paris-8cb5,32,8,Normal
2026-02-15 09:51:27.691262,Paris-8cb5,8,0,Normal
2026-02-15 09:51:28.691262,Paris-8cb5,26,39,Normal
2026-02-15 09:51:29.691262,Paris-8cb5,40,50,Normal
2026-02-15 09:51:30.691262,Paris-8cb5,23,25,Normal
2026-02-15 09:51:31.691262,Paris-8cb5,46,23,Normal
2026-02-15 09:51:32.691262,Paris-8cb5,38,94,Normal
2026-02-15 09:51:33.691262,Paris-8cb5,-29,28,Normal
2026-02-15 09:51:34.691262,Paris-8cb5,7,41,Normal
2026-02-15 09:51:35.691262,Paris-8cb5,-1,20,Normal
2026-02-15 09:51:36.691262,Paris-8cb5,-4,41,Normal
2026-02-15 09:51:37.691262,Paris-8cb5,11,81,Normal
2026-02-15 09:51:38.691262,Paris-8cb5,33,73,Normal
2026-02-15 09:51:39.691262,Paris-8cb5,32,29,Normal
2026-02-15 09:51:40.691262,Paris-8cb5,33,40,Normal
2026-02-15 09:51:41.691262,Paris-8cb5,6,41,Normal
2026-02-15 09:51:42.691262,Paris-8cb5,-24,6,Normal
2026-02-15 09:51:43.691262,Paris-8cb5,6,59,Normal
2026-02-15 09:51:44.691262,Paris-8cb5,30,10,Normal
2026-02-15 09:51:45.691262,Paris-8cb5,7,94,Normal
2026-02-15 09:51:46.691262,Paris-8cb5,37,58,Normal
2026-02-15 09:51:47.691262,Paris-8cb5,27,65,Normal
2026-02-15 09:51:48.691262,Paris-8cb5,-25,49,Normal
2026-02-15 09:51:49.691262,Paris-8cb5,47,18,Normal
2026-02-15 09:51:50.691262,Paris-8cb5,6,42,Normal
2026-02-15 09:51:51.691262,Paris-8cb5,5,3,Normal
2026-02-15 09:51:52.691262,Paris-8cb5,9,75,Normal
2026-02-15 09:51:53.691262,Paris-8cb5,-17,28,Normal
2026-02-15 09:51:54.691262,Paris-8cb5,41,70,Normal
2026-02-15 09:51:55.691262,Paris-8cb5,24,30,Normal
2026-02-15 09:51:56.691262,Paris-8cb5,-9,45,Normal
2026-02-15 09:51:57.691262,Paris-8cb5,18,86,Normal
2026-02-15 09:51:58.691262,Paris-8cb5,-14,24,Normal
2026-02-15 09:51:59.691262,Paris-8cb5,50,7,Normal
2026-02-15 09:52:00.691262,Paris-8cb5,36,60,Normal
2026-02-15 09:52:01.691262,Paris-8cb5,43,60,Normal
2026-02-15 09:52:02.691262,Paris-8cb5,-7,64,Normal
2026-02-15 09:52:03.691262,Paris-8cb5,-3,35,Normal
2026-02-15 09:52:04.691262,Paris-8cb5,44,77,Normal
2026-02-15 09:52:05.691262,Paris-8cb5,11,46,Normal
2026-02-15 09:52:06.691262,Paris-8cb5,25,80,Normal
2026-02-15 09:52:07.691262,Paris-8cb5,-26,5,Normal
2026-02-15 09:52:08.691262,Paris-8cb5,17,43,Normal
2026-02-15 09:52:09.691262,Paris-8cb5,-18,64,Normal
2026-02-15 09:52:10.691262,Paris-8cb5,-27,55,Normal
2026-02-15 09:52:11.691262,Paris-8cb5,34,1,Normal
2026-02-15 09:52:12.691262,Paris-8cb5,25,75,Normal
2026-02-15 09:52:13.691262,Paris-8cb5,-20,40,Normal
2026-02-15 09:52:14.691262,Paris-8cb5,6,93,Normal
2026-02-15 09:52:15.691262,Paris-8cb5,17,30,Normal
2026-02-15 09:52:16.691262,Paris-8cb5,-27,3,Normal
2026-02-15 09:52:17.691262,Paris-8cb5,32,97,Normal
2026-02-15 09:52:18.691262,Paris-8cb5,-14,7,Normal
2026-02-15 09:52:19.691262,Paris-8cb5,30,5,Normal
2026-02-15 09:52:20.691262,Paris-8cb5,49,100,Normal
2026-02-15 09:52:21.691262,Paris-8cb5,35,87,Normal
2026-02-15 09:52:22.691262,Paris-8cb5,34,9,Normal
2026-02-15 09:52:23.691262,Paris-8cb5,46,25,Normal
2026-02-15 09:52:24.691262,Paris-8cb5,-30,5,Normal
2026-02-15 09:52:25.691262,Paris-8cb5,17,5,Normal
2026-02-15 09:52:26.691262,Paris-8cb5,-26,78,Normal
2026-02-15 09:52:27.691262,Paris-8cb5,45,29,Normal
2026-02-15 09:52:28.691262,Paris-8cb5,44,46,Normal
2026-02-15 09:52:29.691262,Paris-8cb5,-29,86,Normal
2026-02-15 09:52:30.691262,Paris-8cb5,8,16,Normal
2026-02-15 09:52:31.691262,Paris-8cb5,22,57,Normal
2026-02-15 09:52:32.691262,Paris-8cb5,-30,99,Normal
2026-02-15 09:52:33.691262,Paris-8cb5,-14,20,Normal
2026-02-15 09:52:34.691262,Paris-8cb5,34,80,Normal
2026-02-15 09:52:35.691262,Paris-8cb5,19,16,Normal
2026-02-15 09:52:36.691262,Paris-8cb5,27,38,Normal
2026-02-15 09:52:37.691262,Paris-8cb5,1,63,Normal
2026-02-15 09:52:38.691262,Paris-8cb5,-27,58,Normal
2026-02-15 09:52:39.691262,Paris-8cb5,22,19,Normal
2026-02-15 09:52:40.691262,Paris-8cb5,-23,46,Normal
2026-02-15 09:52:41.691262,Paris-8cb5,-19,11,Normal
2026-02-15 09:52:42.691262,Paris-8cb5,-11,90,Normal
2026-02-15 09:52:43.691262,Paris-8cb5,14,92,Normal
2026-02-15 09:52:44.691262,Paris-8cb5,-27,76,Normal
2026-02-15 09:52:45.691262,Paris-8cb5,-29,63,Normal
2026-02-15 09:52:46.691262,Paris-8cb5,-12,35,Normal
2026-02-15 09:52:47.691262,Paris-8cb5,26,17,Normal
2026-02-15 09:52:48.691262,Paris-8cb5,-18,34,Normal
2026-02-15 09:52:49.691262,Paris-8cb5,16,75,Normal
2026-02-15 09:52:50.691262,Paris-8cb5,-22,57,Normal
2026-02-15 09:52:51.691262,Paris-8cb5,-5,49,Normal
2026-02-15 09:52:52.691262,Paris-8cb5,-6,5,Normal
2026-02-15 09:52:53.691262,Paris-8cb5,1,16,Normal
2026-02-15 09:52:54.691262,Paris-8cb5,-10,90,Normal
2026-02-15 09:52:55.691262,Paris-8cb5,-27,54,Normal
2026-02-15 09:52:56.691262,Paris-8cb5,-29,12,Normal
2026-02-15 09:52:57.691262,Paris-8cb5,22,45,Normal
2026-02-15 09:52:58.691262,Paris-8cb5,-29,89,Normal
2026-02-15 09:52:59.691262,Paris-8cb5,-4,9,Normal
2026-02-15 09:53:00.691262,Paris-8cb5,14,72,Normal
2026-02-15 09:53:01.691262,Paris-8cb5,15,40,Normal
2026-02-15 09:53:02.691262,Paris-8cb5,-23,75,Normal
2026-02-15 09:53:03.691262,Paris-8cb5,38,62,Normal
2026-02-15 09:53:04.691262,Paris-8cb5,-26,25,Normal
2026-02-15 09:53:05.691262,Paris-8cb5,26,49,Normal
2026-02-15 09:53:06.691262,Paris-8cb5,44,2,Normal
2026-02-15 09:53:07.691262,Paris-8cb5,-4,90,Normal
2026-02-15 09:53:08.691262,Paris-8cb5,-21,17,Normal
2026-02-15 09:53:09.691262,Paris-8cb5,16,36,Normal
2026-02-15 09:53:10.691262,Paris-8cb5,37,15,Normal
2026-02-15 09:53:11.691262,Paris-8cb5,49,25,Normal
2026-02-15 09:53:12.691262,Paris-8cb5,16,45,Normal
2026-02-15 09:53:13.691262,Paris-8cb5,18,56,Normal
2026-02-15 09:53:14.691262,Paris-8cb5,13,15,Normal
2026-02-15 09:53:15.691262,Paris-8cb5,-22,50,Normal
2026-02-15 09:53:16.691262,Paris-8cb5,-29,25,Normal
2026-02-15 09:53:17.691262,Paris-8cb5,-14,82,Normal
2026-02-15 09:53:18.691262,Paris-8cb5,48,47,Normal
2026-02-15 09:53:19.691262,Paris-8cb5,39,64,Normal
2026-02-15 09:53:20.691262,Paris-8cb5,-23,74,Normal
2026-02-15 09:53:21.691262,Paris-8cb5,5,46,Normal
2026-02-15 09:53:22.691262,Paris-8cb5,47,94,Normal
2026-02-15 09:53:23.691262,Paris-8cb5,21,4,Normal
2026-02-15 09:53:24.691262,Paris-8cb5,-15,26,Normal
2026-02-15 09:53:25.691262,Paris-8cb5,-17,65,Normal
2026-02-15 09:53:26.691262,Paris-8cb5,7,84,Normal
2026-02-15 09:53:27.691262,Paris-8cb5,-22,3,Normal
2026-02-15 09:53:28.691262,Paris-8cb5,-27,67,Normal
2026-02-15 09:53:29.691262,Paris-8cb5,1,61,Normal
2026-02-15 09:53:30.691262,Paris-8cb5,2,34,Normal
2026-02-15 09:53:31.691262,Paris-8cb5,-13,28,Normal
2026-02-15 09:53:32.691262,Paris-8cb5,12,99,Normal
2026-02-15 09:53:33.691262,Paris-8cb5,-19,43,Normal
2026-02-15 09:53:34.691262,Paris-8cb5,-14,15,Normal
2026-02-15 09:53:35.691262,Paris-8cb5,-21,38,Normal
2026-02-15 09:53:36.691262,Paris-8cb5,46,90,Normal
2026-02-15 09:53:37.691262,Paris-8cb5,31,36,Normal
2026-02-15 09:53:38.691262,Paris-8cb5,17,71,Normal
2026-02-15 09:53:39.691262,Paris-8cb5,-2,2,Normal
2026-02-15 09:53:40.691262,Paris-8cb5,44,92,Normal
2026-02-15 09:53:41.691262,Paris-8cb5,48,62,Normal
2026-02-15 09:53:42.691262,Paris-8cb5,20,76,Normal
2026-02-15 09:53:43.691262,Paris-8cb5,33,65,Normal
2026-02-15 09:53:44.691262,Paris-8cb5,-7,74,Normal
2026-02-15 09:53:45.691262,Paris-8cb5,40,67,Normal
2026-02-15 09:53:46.691262,Paris-8cb5,50,13,Normal
2026-02-15 09:53:47.691262,Paris-8cb5,-26,60,Normal
2026-02-15 09:53:48.691262,Paris-8cb5,-17,94,Normal
2026-02-15 09:53:49.691262,Paris-8cb5,3,92,Normal
2026-02-15 09:53:50.691262,Paris-8cb5,-18,31,Normal
2026-02-15 09:53:51.691262,Paris-8cb5,42,67,Normal
2026-02-15 09:53:52.691262,Paris-8cb5,-4,68,Normal
2026-02-15 09:53:53.691262,Paris-8cb5,50,43,Normal
2026-02-15 09:53:54.691262,Paris-8cb5,-25,18,Normal
2026-02-15 09:53:55.691262,Paris-8cb5,35,16,Normal
2026-02-15 09:53:56.691262,Paris-8cb5,-11,48,Normal
2026-02-15 09:53:57.691262,Paris-8cb5,-27,13,Normal
2026-02-15 09:53:58.691262,Paris-8cb5,36,62,Normal
2026-02-15 09:53:59.691262,Paris-8cb5,50,43,Normal
2026-02-15 09:54:00.691262,Paris-8cb5,48,12,Normal
2026-02-15 09:54:01.691262,Paris-8cb5,31,100,Normal
2026-02-15 09:54:02.691262,Paris-8cb5,-3,44,Normal
2026-02-15 09:54:03.691262,Paris-8cb5,34,11,Normal
2026-02-15 09:54:04.691262,Paris-8cb5,40,1,Normal
2026-02-15 09:54:05.691262,Paris-8cb5,3,77,Normal
2026-02-15 09:54:06.691262,Paris-8cb5,22,94,Normal
2026-02-15 09:54:07.691262,Paris-8cb5,-8,31,Normal
2026-02-15 09:54:08.691262,Paris-8cb5,4,97,Normal
2026-02-15 09:54:09.691262,Paris-8cb5,40,36,Normal
2026-02-15 09:54:10.691262,Paris-8cb5,-14,3,Normal
2026-02-15 09:54:11.691262,Paris-8cb5,6,1,Normal
2026-02-15 09:54:12.691262,Paris-8cb5,49,31,Normal
2026-02-15 09:54:13.691262,Paris-8cb5,15,25,Normal
2026-02-15 09:54:14.691262,Paris-8cb5,47,95,Normal
2026-02-15 09:54:15.691262,Paris-8cb5,44,85,Normal
2026-02-15 09:54:16.691262,Paris-8cb5,21,85,Normal
2026-02-15 09:54:17.691262,Paris-8cb5,46,66,Normal
2026-02-15 09:54:18.691262,Paris-8cb5,31,0,Normal
2026-02-15 09:54:19.691262,Paris-8cb5,-29,73,Normal
2026-02-15 09:54:20.691262,Paris-8cb5,41,28,Normal
2026-02-15 09:54:21.691262,Paris-8cb5,28,2,Normal
2026-02-15 09:54:22.691262,Paris-8cb5,-10,37,Normal
2026-02-15 09:54:23.691262,Paris-8cb5,21,48,Normal
2026-02-15 09:54:24.691262,Paris-8cb5,16,79,Normal
2026-02-15 09:54:25.691262,Paris-8cb5,-28,23,Normal
2026-02-15 09:54:26.691262,Paris-8cb5,48,75,Normal
2026-02-15 09:54:27.691262,Paris-8cb5,15,51,Normal
2026-02-15 09:54:28.691262,Paris-8cb5,9,38,Normal
2026-02-15 09:54:29.691262,Paris-8cb5,39,89,Normal
2026-02-15 09:54:30.691262,Paris-8cb5,11,9,Normal
2026-02-15 09:54:31.691262,Paris-8cb5,49,8,Normal
2026-02-15 09:54:32.691262,Paris-8cb5,-5,28,Normal
2026-02-15 09:54:33.691262,Paris-8cb5,33,97,Normal
2026-02-15 09:54:34.691262,Paris-8cb5,42,53,Normal
2026-02-15 09:54:35.691262,Paris-8cb5,-4,61,Normal
2026-02-15 09:54:36.691262,Paris-8cb5,36,76,Normal
2026-02-15 09:54:37.691262,Paris-8cb5,-19,26,Normal
2026-02-15 09:54:38.691262,Paris-8cb5,30,56,Normal
2026-02-15 09:54:39.691262,Paris-8cb5,18,63,Normal
2026-02-15 09:54:40.691262,Paris-8cb5,-5,56,Normal
2026-02-15 09:54:41.691262,Paris-8cb5,29,56,Normal
2026-02-15 09:54:42.691262,Paris-8cb5,-4,0,Normal
2026-02-15 09:54:43.691262,Paris-8cb5,-29,2,Normal
2026-02-15 09:54:44.691262,Paris-8cb5,-24,53,Normal
2026-02-15 09:54:45.691262,Paris-8cb5,3,100,Normal
2026-02-15 09:54:46.691262,Paris-8cb5,39,93,Normal
2026-02-15 09:54:47.691262,Paris-8cb5,39,65,Normal
2026-02-15 09:54:48.691262,Paris-8cb5,-20,40,Normal
2026-02-15 09:54:49.691262,Paris-8cb5,-11,88,Normal
2026-02-15 09:54:50.691262,Paris-8cb5,-25,100,Normal
2026-02-15 09:54:51.691262,Paris-8cb5,49,65,Normal
2026-02-15 09:54:52.691262,Paris-8cb5,26,40,Normal
2026-02-15 09:54:53.691262,Paris-8cb5,38,73,Normal
2026-02-15 09:54:54.691262,Paris-8cb5,45,6,Normal
2026-02-15 09:54:55.691262,Paris-8cb5,-2,20,Normal
2026-02-15 09:54:56.691262,Paris-8cb5,43,3,Normal
2026-02-15 09:54:57.691262,Paris-8cb5,25,55,Normal
2026-02-15 09:54:58.691262,Paris-8cb5,-22,22,Normal
2026-02-15 09:54:59.691262,Paris-8cb5,27,48,Normal
2026-02-15 09:55:00.691262,Paris-8cb5,18,57,Normal
2026-02-15 09:55:01.691262,Paris-8cb5,-14,7,Normal
2026-02-15 09:55:02.691262,Paris-8cb5,-4,31,Normal
2026-02-15 09:55:03.691262,Paris-8cb5,4,68,Normal
2026-02-15 09:55:04.691262,Paris-8cb5,37,32,Normal
2026-02-15 09:55:05.691262,Paris-8cb5,35,80,Normal
2026-02-15 09:55:06.691262,Paris-8cb5,-7,79,Normal
2026-02-15 09:55:07.691262,Paris-8cb5,-28,38,Normal
2026-02-15 09:55:08.691262,Paris-8cb5,30,82,Normal
2026-02-15 09:55:09.691262,Paris-8cb5,-12,25,Normal
2026-02-15 09:55:10.691262,Paris-8cb5,40,35,Normal
2026-02-15 09:55:11.691262,Paris-8cb5,7,79,Normal
2026-02-15 09:55:12.691262,Paris-8cb5,36,50,Normal
2026-02-15 09:55:13.691262,Paris-8cb5,14,98,Normal
2026-02-15 09:55:14.691262,Paris-8cb5,50,97,Normal
2026-02-15 09:55:15.691262,Paris-8cb5,-2,54,Normal
2026-02-15 09:55:16.691262,Paris-8cb5,-26,30,Normal
2026-02-15 09:55:17.691262,Paris-8cb5,35,90,Normal
2026-02-15 09:55:18.691262,Paris-8cb5,19,31,Normal
2026-02-15 09:55:19.691262,Paris-8cb5,-27,99,Normal
2026-02-15 09:55:20.691262,Paris-8cb5,14,90,Normal
2026-02-15 09:55:21.691262,Paris-8cb5,-11,25,Normal
2026-02-15 09:55:22.691262,Paris-8cb5,-16,11,Normal
2026-02-15 09:55:23.691262,Paris-8cb5,-30,3,Normal
2026-02-15 09:55:24.691262,Paris-8cb5,38,98,Normal
2026-02-15 09:55:25.691262,Paris-8cb5,9,12,Normal
2026-02-15 09:55:26.691262,Paris-8cb5,40,17,Normal
2026-02-15 09:55:27.691262,Paris-8cb5,27,84,Normal
2026-02-15 09:55:28.691262,Paris-8cb5,-19,47,Normal
2026-02-15 09:55:29.691262,Paris-8cb5,-19,59,Normal
2026-02-15 09:55:30.691262,Paris-8cb5,42,90,Normal
2026-02-15 09:55:31.691262,Paris-8cb5,-14,80,Normal
2026-02-15 09:55:32.691262,Paris-8cb5,25,42,Normal
2026-02-15 09:55:33.691262,Paris-8cb5,-5,29,Normal
2026-02-15 09:55:34.691262,Paris-8cb5,35,25,Normal
2026-02-15 09:55:35.691262,Paris-8cb5,24,76,Normal
2026-02-15 09:55:36.691262,Paris-8cb5,32,64,Normal
2026-02-15 09:55:37.691262,Paris-8cb5,30,57,Normal
2026-02-15 09:55:38.691262,Paris-8cb5,30,42,Normal
2026-02-15 09:55:39.691262,Paris-8cb5,26,63,Normal
2026-02-15 09:55:40.691262,Paris-8cb5,-8,22,Normal
2026-02-15 09:55:41.691262,Paris-8cb5,35,26,Normal
2026-02-15 09:55:42.691262,Paris-8cb5,2,24,Normal
2026-02-15 09:55:43.691262,Paris-8cb5,23,17,Normal
2026-02-15 09:55:44.691262,Paris-8cb5,-17,7,Normal
2026-02-15 09:55:45.691262,Paris-8cb5,42,91,Normal
2026-02-15 09:55:46.691262,Paris-8cb5,-19,2,Normal
2026-02-15 09:55:47.691262,Paris-8cb5,1,56,Normal
2026-02-15 09:55:48.691262,Paris-8cb5,45,77,Normal
2026-02-15 09:55:49.691262,Paris-8cb5,-16,21,Normal
2026-02-15 09:55:50.691262,Paris-8cb5,23,59,Normal
2026-02-15 09:55:51.691262,Paris-8cb5,20,91,Normal
2026-02-15 09:55:52.691262,Paris-8cb5,9,24,Normal
2026-02-15 09:55:53.691262,Paris-8cb5,32,55,Normal
2026-02-15 09:55:54.691262,Paris-8cb5,28,78,Normal
2026-02-15 09:55:55.691262,Paris-8cb5,36,75,Normal
2026-02-15 09:55:56.691262,Paris-8cb5,40,23,Normal
2026-02-15 09:55:57.691262,Paris-8cb5,-3,17,Normal
2026-02-15 09:55:58.691262,Paris-8cb5,29,62,Normal
2026-02-15 09:55:59.691262,Paris-8cb5,-10,12,Normal
2026-02-15 09:56:00.691262,Paris-8cb5,-22,12,Normal
2026-02-15 09:56:01.691262,Paris-8cb5,7,43,Normal
2026-02-15 09:56:02.691262,Paris-8cb5,36,24,Normal
2026-02-15 09:56:03.691262,Paris-8cb5,50,34,Normal
2026-02-15 09:56:04.691262,Paris-8cb5,32,22,Normal
2026-02-15 09:56:05.691262,Paris-8cb5,7,18,Normal
2026-02-15 09:56:06.691262,Paris-8cb5,17,78,Normal
2026-02-15 09:56:07.691262,Paris-8cb5,38,11,Normal
2026-02-15 09:56:08.691262,Paris-8cb5,-29,25,Normal
2026-02-15 09:56:09.691262,Paris-8cb5,-1,60,Normal
2026-02-15 09:56:10.691262,Paris-8cb5,19,87,Normal
2026-02-15 09:56:11.691262,Paris-8cb5,9,39,Normal
2026-02-15 09:56:12.691262,Paris-8cb5,-3,77,Normal
2026-02-15 09:56:13.691262,Paris-8cb5,-8,21,Normal
2026-02-15 09:56:14.691262,Paris-8cb5,14,76,Normal
2026-02-15 09:56:15.691262,Paris-8cb5,1,8,Normal
2026-02-15 09:56:16.691262,Paris-8cb5,0,57,Normal
2026-02-15 09:56:17.691262,Paris-8cb5,-13,33,Normal
2026-02-15 09:56:18.691262,Paris-8cb5,37,55,Normal
2026-02-15 09:56:19.691262,Paris-8cb5,33,64,Normal
2026-02-15 09:56:20.691262,Paris-8cb5,36,49,Normal
2026-02-15 09:56:21.691262,Paris-8cb5,28,45,Normal
2026-02-15 09:56:22.691262,Paris-8cb5,43,48,Normal
2026-02-15 09:56:23.691262,Paris-8cb5,22,26,Normal
2026-02-15 09:56:24.691262,Paris-8cb5,-16,29,Normal
2026-02-15 09:56:25.691262,Paris-8cb5,12,42,Normal
2026-02-15 09:56:26.691262,Paris-8cb5,18,43,Normal
2026-02-15 09:56:27.691262,Paris-8cb5,-30,83,Normal
2026-02-15 09:56:28.691262,Paris-8cb5,42,13,Normal
2026-02-15 09:56:29.691262,Paris-8cb5,15,31,Normal
2026-02-15 09:56:30.691262,Paris-8cb5,44,94,Normal
2026-02-15 09:56:31.691262,Paris-8cb5,26,73,Normal
2026-02-15 09:56:32.691262,Paris-8cb5,33,75,Normal
2026-02-15 09:56:33.691262,Paris-8cb5,44,45,Normal
2026-02-15 09:56:34.691262,Paris-8cb5,50,41,Normal
2026-02-15 09:56:35.691262,Paris-8cb5,29,56,Normal
2026-02-15 09:56:36.691262,Paris-8cb5,-14,75,Normal
2026-02-15 09:56:37.691262,Paris-8cb5,17,35,Normal
2026-02-15 09:56:38.691262,Paris-8cb5,34,54,Normal
2026-02-15 09:56:39.691262,Paris-8cb5,-25,39,Normal
2026-02-15 09:56:40.691262,Paris-8cb5,27,61,Normal
2026-02-15 09:56:41.691262,Paris-8cb5,-3,72,Normal
2026-02-15 09:56:42.691262,Paris-8cb5,8,40,Normal
2026-02-15 09:56:43.691262,Paris-8cb5,38,89,Normal
2026-02-15 09:56:44.691262,Paris-8cb5,13,24,Normal
2026-02-15 09:56:45.691262,Paris-8cb5,19,53,Normal
2026-02-15 09:56:46.691262,Paris-8cb5,20,78,Normal
2026-02-15 09:56:47.691262,Paris-8cb5,-27,73,Normal
2026-02-15 09:56:48.691262,Paris-8cb5,2,61,Normal
2026-02-15 09:56:49.691262,Paris-8cb5,38,85,Normal
2026-02-15 09:56:50.691262,Paris-8cb5,20,55,Normal
2026-02-15 09:56:51.691262,Paris-8cb5,16,97,Normal
2026-02-15 09:56:52.691262,Paris-8cb5,6,69,Normal
2026-02-15 09:56:53.691262,Paris-8cb5,9,56,Normal
2026-02-15 09:56:54.691262,Paris-8cb5,12,42,Normal
2026-02-15 09:56:55.691262,Paris-8cb5,-15,46,Normal
2026-02-15 09:56:56.691262,Paris-8cb5,26,43,Normal
2026-02-15 09:56:57.691262,Paris-8cb5,6,88,Normal
2026-02-15 09:56:58.691262,Paris-8cb5,-1,81,Normal
2026-02-15 09:56:59.691262,Paris-8cb5,-13,22,Normal
2026-02-15 09:57:00.691262,Paris-8cb5,-5,3,Normal
2026-02-15 09:57:01.691262,Paris-8cb5,-21,81,Normal
2026-02-15 09:57:02.691262,Paris-8cb5,9,55,Normal
2026-02-15 09:57:03.691262,Paris-8cb5,46,80,Normal
2026-02-15 09:57:04.691262,Paris-8cb5,45,27,Normal
2026-02-15 09:57:05.691262,Paris-8cb5,29,27,Normal
2026-02-15 09:57:06.691262,Paris-8cb5,44,20,Normal
2026-02-15 09:57:07.691262,Paris-8cb5,-14,75,Normal
2026-02-15 09:57:08.691262,Paris-8cb5,45,73,Normal
2026-02-15 09:57:09.691262,Paris-8cb5,6,3,Normal
2026-02-15 09:57:10.691262,Paris-8cb5,-9,68,Normal
2026-02-15 09:57:11.691262,Paris-8cb5,9,30,Normal
2026-02-15 09:57:12.691262,Paris-8cb5,34,87,Normal
2026-02-15 09:57:13.691262,Paris-8cb5,26,34,Normal
2026-02-15 09:57:14.691262,Paris-8cb5,30,48,Normal
2026-02-15 09:57:15.691262,Paris-8cb5,50,28,Normal
2026-02-15 09:57:16.691262,Paris-8cb5,35,28,Normal
2026-02-15 09:57:17.691262,Paris-8cb5,1,9,Normal
2026-02-15 09:57:18.691262,Paris-8cb5,39,38,Normal
2026-02-15 09:57:19.691262,Paris-8cb5,10,14,Normal
2026-02-15 09:57:20.691262,Paris-8cb5,36,53,Normal
2026-02-15 09:57:21.691262,Paris-8cb5,35,65,Normal
2026-02-15 09:57:22.691262,Paris-8cb5,20,71,Normal
2026-02-15 09:57:23.691262,Paris-8cb5,47,7,Normal
2026-02-15 09:57:24.691262,Paris-8cb5,0,49,Normal
2026-02-15 09:57:25.691262,Paris-8cb5,49,35,Normal
2026-02-15 09:57:26.691262,Paris-8cb5,-8,48,Normal
2026-02-15 09:57:27.691262,Paris-8cb5,23,79,Normal
2026-02-15 09:57:28.691262,Paris-8cb5,39,67,Normal
2026-02-15 09:57:29.691262,Paris-8cb5,-30,42,Normal
2026-02-15 09:57:30.691262,Paris-8cb5,5,68,Normal
2026-02-15 09:57:31.691262,Paris-8cb5,15,99,Normal
2026-02-15 09:57:32.691262,Paris-8cb5,-29,1,Normal
2026-02-15 09:57:33.691262,Paris-8cb5,27,8,Normal
2026-02-15 09:57:34.691262,Paris-8cb5,-18,75,Normal
2026-02-15 09:57:35.691262,Paris-8cb5,-30,80,Normal
2026-02-15 09:57:36.691262,Paris-8cb5,-9,42,Normal
2026-02-15 09:57:37.691262,Paris-8cb5,46,45,Normal
2026-02-15 09:57:38.691262,Paris-8cb5,-4,65,Normal
2026-02-15 09:57:39.691262,Paris-8cb5,-27,14,Normal
2026-02-15 09:57:40.691262,Paris-8cb5,35,64,Normal
2026-02-15 09:57:41.691262,Paris-8cb5,-3,10,Normal
2026-02-15 09:57:42.691262,Paris-8cb5,35,92,Normal
2026-02-15 09:57:43.691262,Paris-8cb5,-7,21,Normal
2026-02-15 09:57:44.691262,Paris-8cb5,6,63,Normal
2026-02-15 09:57:45.691262,Paris-8cb5,-20,28,Normal
2026-02-15 09:57:46.691262,Paris-8cb5,23,50,Normal
2026-02-15 09:57:47.691262,Paris-8cb5,28,74,Normal
2026-02-15 09:57:48.691262,Paris-8cb5,31,93,Normal
2026-02-15 09:57:49.691262,Paris-8cb5,5,89,Normal
2026-02-15 09:57:50.691262,Paris-8cb5,45,1,Normal
2026-02-15 09:57:51.691262,Paris-8cb5,5,2,Normal
2026-02-15 09:57:52.691262,Paris-8cb5,6,3,Normal
2026-02-15 09:57:53.691262,Paris-8cb5,-8,100,Normal
2026-02-15 09:57:54.691262,Paris-8cb5,24,83,Normal
2026-02-15 09:57:55.691262,Paris-8cb5,39,5,Normal
2026-02-15 09:57:56.691262,Paris-8cb5,44,7,Normal
2026-02-15 09:57:57.691262,Paris-8cb5,5,46,Normal
2026-02-15 09:57:58.691262,Paris-8cb5,-14,35,Normal
2026-02-15 09:57:59.691262,Paris-8cb5,15,32,Normal
2026-02-15 09:58:00.691262,Paris-8cb5,25,71,Normal
2026-02-15 09:58:01.691262,Paris-8cb5,33,26,Normal
2026-02-15 09:58:02.691262,Paris-8cb5,15,63,Normal
2026-02-15 09:58:03.691262,Paris-8cb5,50,33,Normal
2026-02-15 09:58:04.691262,Paris-8cb5,-19,55,Normal
2026-02-15 09:58:05.691262,Paris-8cb5,45,35,Normal
2026-02-15 09:58:06.691262,Paris-8cb5,40,14,Normal
2026-02-15 09:58:07.691262,Paris-8cb5,36,33,Normal
2026-02-15 09:58:08.691262,Paris-8cb5,19,41,Normal
2026-02-15 09:58:09.691262,Paris-8cb5,24,56,Normal
2026-02-15 09:58:10.691262,Paris-8cb5,-27,2,Normal
2026-02-15 09:58:11.691262,Paris-8cb5,5,46,Normal
2026-02-15 09:58:12.691262,Paris-8cb5,-17,32,Normal
2026-02-15 09:58:13.691262,Paris-8cb5,-27,16,Normal
2026-02-15 09:58:14.691262,Paris-8cb5,0,66,Normal
2026-02-15 09:58:15.691262,Paris-8cb5,-26,38,Normal
2026-02-15 09:58:16.691262,Paris-8cb5,21,18,Normal
2026-02-15 09:58:17.691262,Paris-8cb5,-16,83,Normal
2026-02-15 09:58:18.691262,Paris-8cb5,-16,17,Normal
2026-02-15 09:58:19.691262,Paris-8cb5,-8,92,Normal
2026-02-15 09:58:20.691262,Paris-8cb5,37,55,Normal
2026-02-15 09:58:21.691262,Paris-8cb5,14,48,Normal
2026-02-15 09:58:22.691262,Paris-8cb5,17,77,Normal
2026-02-15 09:58:23.691262,Paris-8cb5,35,87,Normal
2026-02-15 09:58:24.691262,Paris-8cb5,-2,60,Normal
2026-02-15 09:58:25.691262,Paris-8cb5,12,97,Normal
2026-02-15 09:58:26.691262,Paris-8cb5,40,17,Normal
2026-02-15 09:58:27.691262,Paris-8cb5,-8,20,Normal
2026-02-15 09:58:28.691262,Paris-8cb5,40,90,Normal
2026-02-15 09:58:29.691262,Paris-8cb5,5,70,Normal
2026-02-15 09:58:30.691262,Paris-8cb5,-22,50,Normal
2026-02-15 09:58:31.691262,Paris-8cb5,-8,17,Normal
2026-02-15 09:58:32.691262,Paris-8cb5,7,66,Normal
2026-02-15 09:58:33.691262,Paris-8cb5,-16,10,Normal
2026-02-15 09:58:34.691262,Paris-8cb5,21,2,Normal
2026-02-15 09:58:35.691262,Paris-8cb5,11,49,Normal
2026-02-15 09:58:36.691262,Paris-8cb5,15,100,Normal
2026-02-15 09:58:37.691262,Paris-8cb5,30,25,Normal
2026-02-15 09:58:38.691262,Paris-8cb5,-30,32,Normal
2026-02-15 09:58:39.691262,Paris-8cb5,6,57,Normal
2026-02-15 09:58:40.691262,Paris-8cb5,-29,57,Normal
2026-02-15 09:58:41.691262,Paris-8cb5,24,63,Normal
2026-02-15 09:58:42.691262,Paris-8cb5,6,89,Normal
2026-02-15 09:58:43.691262,Paris-8cb5,-17,18,Normal
2026-02-15 09:58:44.691262,Paris-8cb5,37,37,Normal
2026-02-15 09:58:45.691262,Paris-8cb5,7,7,Normal
2026-02-15 09:58:46.691262,Paris-8cb5,-13,50,Normal
2026-02-15 09:58:47.691262,Paris-8cb5,18,23,Normal
2026-02-15 09:58:48.691262,Paris-8cb5,38,43,Normal
2026-02-15 09:58:49.691262,Paris-8cb5,41,74,Normal
2026-02-15 09:58:50.691262,Paris-8cb5,3,13,Normal
2026-02-15 09:58:51.691262,Paris-8cb5,33,8,Normal
