timestamp,station_id,temp,humid,condition
2026-02-14 23:51:17.413840,London-32cf,10,46,Normal
2026-02-14 23:51:18.413840,London-32cf,-5,81,Normal
2026-02-14 23:51:19.413840,London-32cf,7,80,Normal
2026-02-14 23:51:20.413840,London-32cf,12,55,Normal
2026-02-14 23:51:21.413840,London-32cf,2,55,Normal
2026-02-14 23:51:22.413840,London-32cf,24,2,Normal
2026-02-14 23:51:23.413840,London-32cf,-24,46,Normal
2026-02-14 23:51:24.413840,London-32cf,-13,84,Normal
2026-02-14 23:51:25.413840,London-32cf,25,47,Normal
2026-02-14 23:51:26.413840,London-32cf,21,46,Normal
2026-02-14 23:51:27.413840,London-32cf,43,78,Normal
2026-02-14 23:51:28.413840,London-32cf,-28,5,Normal
2026-02-14 23:51:29.413840,London-32cf,15,3,Normal
2026-02-14 23:51:30.413840,London-32cf,36,95,Normal
2026-02-14 23:51:31.413840,London-32cf,-11,91,Normal
2026-02-14 23:51:32.413840,London-32cf,38,88,Normal
2026-02-14 23:51:33.413840,London-32cf,42,52,Normal
2026-02-14 23:51:34.413840,London-32cf,-17,62,Normal
2026-02-14 23:51:35.413840,London-32cf,4,79,Normal
2026-02-14 23:51:36.413840,London-32cf,-13,55,Normal
2026-02-14 23:51:37.413840,London-32cf,45,77,Normal
2026-02-14 23:51:38.413840,London-32cf,-8,99,Normal
2026-02-14 23:51:39.413840,London-32cf,0,48,Normal
2026-02-14 23:51:40.413840,London-32cf,45,87,Normal
2026-02-14 23:51:41.413840,London-32cf,-18,85,Normal
2026-02-14 23:51:42.413840,London-32cf,10,6,Normal
2026-02-14 23:51:43.413840,London-32cf,24,15,Normal
2026-02-14 23:51:44.413840,London-32cf,14,64,Normal
2026-02-14 23:51:45.413840,London-32cf,-20,77,Normal
2026-02-14 23:51:46.413840,London-32cf,46,24,Normal
2026-02-14 23:51:47.413840,London-32cf,-24,31,Normal
2026-02-14 23:51:48.413840,London-32cf,-11,53,Normal
2026-02-14 23:51:49.413840,London-32cf,-9,80,Normal
2026-02-14 23:51:50.413840,London-32cf,-28,57,Normal
2026-02-14 23:51:51.413840,London-32cf,-26,3,Normal
2026-02-14 23:51:52.413840,London-32cf,15,7,Normal
2026-02-14 23:51:53.413840,London-32cf,-5,39,Normal
2026-02-14 23:51:54.413840,London-32cf,31,6,Normal
2026-02-14 23:51:55.413840,London-32cf,32,0,Normal
2026-02-14 23:51:56.413840,London-32cf,35,48,Normal
2026-02-14 23:51:57.413840,London-32cf,38,41,Normal
2026-02-14 23:51:58.413840,London-32cf,42,50,Normal
2026-02-14 23:51:59.413840,London-32cf,37,85,Normal
2026-02-14 23:52:00.413840,London-32cf,6,95,Normal
2026-02-14 23:52:01.413840,London-32cf,22,81,Normal
2026-02-14 23:52:02.413840,London-32cf,25,1,Normal
2026-02-14 23:52:03.413840,London-32cf,21,3,Normal
2026-02-14 23:52:04.413840,London-32cf,40,49,Normal
2026-02-14 23:52:05.413840,London-32cf,3,70,Normal
2026-02-14 23:52:06.413840,London-32cf,22,69,Normal
2026-02-14 23:52:07.413840,London-32cf,-9,99,Normal
2026-02-14 23:52:08.413840,London-32cf,19,28,Normal
2026-02-14 23:52:09.413840,London-32cf,-3,22,Normal
2026-02-14 23:52:10.413840,London-32cf,45,97,Normal
2026-02-14 23:52:11.413840,London-32cf,-30,30,Normal
2026-02-14 23:52:12.413840,London-32cf,1,77,Normal
2026-02-14 23:52:13.413840,London-32cf,21,60,Normal
2026-02-14 23:52:14.413840,London-32cf,-2,100,Normal
2026-02-14 23:52:15.413840,London-32cf,-30,54,Normal
2026-02-14 23:52:16.413840,London-32cf,-18,4,Normal
2026-02-14 23:52:17.413840,London-32cf,15,33,Normal
2026-02-14 23:52:18.413840,London-32cf,-6,69,Normal
2026-02-14 23:52:19.413840,London-32cf,-7,54,Normal
2026-02-14 23:52:20.413840,London-32cf,-2,30,Normal
2026-02-14 23:52:21.413840,London-32cf,-19,41,Normal
2026-02-14 23:52:22.413840,London-32cf,-15,55,Normal
2026-02-14 23:52:23.413840,London-32cf,37,98,Normal
2026-02-14 23:52:24.413840,London-32cf,21,34,Normal
2026-02-14 23:52:25.413840,London-32cf,47,18,Normal
2026-02-14 23:52:26.413840,London-32cf,32,58,Normal
2026-02-14 23:52:27.413840,London-32cf,-18,95,Normal
2026-02-14 23:52:28.413840,London-32cf,-16,99,Normal
2026-02-14 23:52:29.413840,London-32cf,-17,48,Normal
2026-02-14 23:52:30.413840,London-32cf,18,12,Normal
2026-02-14 23:52:31.413840,London-32cf,12,94,Normal
2026-02-14 23:52:32.413840,London-32cf,-2,56,Normal
2026-02-14 23:52:33.413840,London-32cf,-20,2,Normal
2026-02-14 23:52:34.413840,London-32cf,5,2,Normal
2026-02-14 23:52:35.413840,London-32cf,2,1,Normal
2026-02-14 23:52:36.413840,London-32cf,38,27,Normal
2026-02-14 23:52:37.413840,London-32cf,-19,33,Normal
2026-02-14 23:52:38.413840,London-32cf,24,98,Normal
2026-02-14 23:52:39.413840,London-32cf,36,45,Normal
2026-02-14 23:52:40.413840,London-32cf,28,92,Normal
2026-02-14 23:52:41.413840,London-32cf,6,29,Normal
2026-02-14 23:52:42.413840,London-32cf,-17,13,Normal
2026-02-14 23:52:43.413840,London-32cf,-9,20,Normal
2026-02-14 23:52:44.413840,London-32cf,-11,52,Normal
2026-02-14 23:52:45.413840,London-32cf,-4,28,Normal
2026-02-14 23:52:46.413840,London-32cf,-23,4,Normal
2026-02-14 23:52:47.413840,London-32cf,-13,73,Normal
2026-02-14 23:52:48.413840,London-32cf,-28,3,Normal
2026-02-14 23:52:49.413840,London-32cf,11,43,Normal
2026-02-14 23:52:50.413840,London-32cf,27,85,Normal
2026-02-14 23:52:51.413840,London-32cf,38,69,Normal
2026-02-14 23:52:52.413840,London-32cf,40,54,Normal
2026-02-14 23:52:53.413840,London-32cf,14,27,Normal
2026-02-14 23:52:54.413840,London-32cf,-17,13,Normal
2026-02-14 23:52:55.413840,London-32cf,23,57,Normal
2026-02-14 23:52:56.413840,London-32cf,37,42,Normal
2026-02-14 23:52:57.413840,London-32cf,-29,59,Normal
2026-02-14 23:52:58.413840,London-32cf,47,65,Normal
2026-02-14 23:52:59.413840,London-32cf,-15,75,Normal
2026-02-14 23:53:00.413840,London-32cf,-19,88,Normal
2026-02-14 23:53:01.413840,London-32cf,5,86,Normal
2026-02-14 23:53:02.413840,London-32cf,10,18,Normal
2026-02-14 23:53:03.413840,London-32cf,-22,73,Normal
2026-02-14 23:53:04.413840,London-32cf,47,66,Normal
2026-02-14 23:53:05.413840,London-32cf,46,54,Normal
2026-02-14 23:53:06.413840,London-32cf,22,69,Normal
2026-02-14 23:53:07.413840,London-32cf,-30,67,Normal
2026-02-14 23:53:08.413840,London-32cf,17,87,Normal
2026-02-14 23:53:09.413840,London-32cf,23,84,Normal
2026-02-14 23:53:10.413840,London-32cf,-4,38,Normal
2026-02-14 23:53:11.413840,London-32cf,-19,66,Normal
2026-02-14 23:53:12.413840,London-32cf,-18,95,Normal
2026-02-14 23:53:13.413840,London-32cf,30,89,Normal
2026-02-14 23:53:14.413840,London-32cf,38,14,Normal
2026-02-14 23:53:15.413840,London-32cf,-4,23,Normal
2026-02-14 23:53:16.413840,London-32cf,-20,30,Normal
2026-02-14 23:53:17.413840,London-32cf,34,60,Normal
2026-02-14 23:53:18.413840,London-32cf,-12,97,Normal
2026-02-14 23:53:19.413840,London-32cf,-13,21,Normal
2026-02-14 23:53:20.413840,London-32cf,12,33,Normal
2026-02-14 23:53:21.413840,London-32cf,-23,66,Normal
2026-02-14 23:53:22.413840,London-32cf,38,78,Normal
2026-02-14 23:53:23.413840,London-32cf,-27,81,Normal
2026-02-14 23:53:24.413840,London-32cf,-8,84,Normal
2026-02-14 23:53:25.413840,London-32cf,-7,41,Normal
2026-02-14 23:53:26.413840,London-32cf,-30,48,Normal
2026-02-14 23:53:27.413840,London-32cf,23,95,Normal
2026-02-14 23:53:28.413840,London-32cf,20,16,Normal
2026-02-14 23:53:29.413840,London-32cf,-1,27,Normal
2026-02-14 23:53:30.413840,London-32cf,8,39,Normal
2026-02-14 23:53:31.413840,London-32cf,46,20,Normal
2026-02-14 23:53:32.413840,London-32cf,34,43,Normal
2026-02-14 23:53:33.413840,London-32cf,24,52,Normal
2026-02-14 23:53:34.413840,London-32cf,35,58,Normal
2026-02-14 23:53:35.413840,London-32cf,-13,96,Normal
2026-02-14 23:53:36.413840,London-32cf,-22,89,Normal
2026-02-14 23:53:37.413840,London-32cf,-29,15,Normal
2026-02-14 23:53:38.413840,London-32cf,-22,54,Normal
2026-02-14 23:53:39.413840,London-32cf,26,32,Normal
2026-02-14 23:53:40.413840,London-32cf,-22,10,Normal
2026-02-14 23:53:41.413840,London-32cf,1,51,Normal
2026-02-14 23:53:42.413840,London-32cf,25,45,Normal
2026-02-14 23:53:43.413840,London-32cf,-15,39,Normal
2026-02-14 23:53:44.413840,London-32cf,12,50,Normal
2026-02-14 23:53:45.413840,London-32cf,-11,10,Normal
2026-02-14 23:53:46.413840,London-32cf,42,48,Normal
2026-02-14 23:53:47.413840,London-32cf,-26,40,Normal
2026-02-14 23:53:48.413840,London-32cf,37,56,Normal
2026-02-14 23:53:49.413840,London-32cf,47,66,Normal
2026-02-14 23:53:50.413840,London-32cf,21,83,Normal
2026-02-14 23:53:51.413840,London-32cf,1,3,Normal
2026-02-14 23:53:52.413840,London-32cf,-26,95,Normal
2026-02-14 23:53:53.413840,London-32cf,-7,85,Normal
2026-02-14 23:53:54.413840,London-32cf,-11,16,Normal
2026-02-14 23:53:55.413840,London-32cf,6,18,Normal
2026-02-14 23:53:56.413840,London-32cf,30,44,Normal
2026-02-14 23:53:57.413840,London-32cf,32,37,Normal
2026-02-14 23:53:58.413840,London-32cf,37,68,Normal
2026-02-14 23:53:59.413840,London-32cf,23,53,Normal
2026-02-14 23:54:00.413840,London-32cf,-11,47,Normal
2026-02-14 23:54:01.413840,London-32cf,3,35,Normal
2026-02-14 23:54:02.413840,London-32cf,15,43,Normal
2026-02-14 23:54:03.413840,London-32cf,-29,59,Normal
2026-02-14 23:54:04.413840,London-32cf,17,72,Normal
2026-02-14 23:54:05.413840,London-32cf,-17,30,Normal
2026-02-14 23:54:06.413840,London-32cf,14,16,Normal
2026-02-14 23:54:07.413840,London-32cf,35,19,Normal
2026-02-14 23:54:08.413840,London-32cf,3,39,Normal
2026-02-14 23:54:09.413840,London-32cf,-27,17,Normal
2026-02-14 23:54:10.413840,London-32cf,32,65,Normal
2026-02-14 23:54:11.413840,London-32cf,35,53,Normal
2026-02-14 23:54:12.413840,London-32cf,32,79,Normal
2026-02-14 23:54:13.413840,London-32cf,-6,32,Normal
2026-02-14 23:54:14.413840,London-32cf,4,94,Normal
2026-02-14 23:54:15.413840,London-32cf,-22,35,Normal
2026-02-14 23:54:16.413840,London-32cf,38,26,Normal
2026-02-14 23:54:17.413840,London-32cf,-2,87,Normal
2026-02-14 23:54:18.413840,London-32cf,32,31,Normal
2026-02-14 23:54:19.413840,London-32cf,-10,10,Normal
2026-02-14 23:54:20.413840,London-32cf,23,98,Normal
2026-02-14 23:54:21.413840,London-32cf,12,44,Normal
2026-02-14 23:54:22.413840,London-32cf,7,79,Normal
2026-02-14 23:54:23.413840,London-32cf,25,16,Normal
2026-02-14 23:54:24.413840,London-32cf,-13,37,Normal
2026-02-14 23:54:25.413840,London-32cf,-25,2,Normal
2026-02-14 23:54:26.413840,London-32cf,-27,3,Normal
2026-02-14 23:54:27.413840,London-32cf,29,99,Normal
2026-02-14 23:54:28.413840,London-32cf,6,22,Normal
2026-02-14 23:54:29.413840,London-32cf,49,41,Normal
2026-02-14 23:54:30.413840,London-32cf,9,43,Normal
2026-02-14 23:54:31.413840,London-32cf,-29,13,Normal
2026-02-14 23:54:32.413840,London-32cf,31,33,Normal
2026-02-14 23:54:33.413840,London-32cf,10,14,Normal
2026-02-14 23:54:34.413840,London-32cf,30,52,Normal
2026-02-14 23:54:35.413840,London-32cf,30,43,Normal
2026-02-14 23:54:36.413840,London-32cf,41,43,Normal
2026-02-14 23:54:37.413840,London-32cf,-20,40,Normal
2026-02-14 23:54:38.413840,London-32cf,12,72,Normal
2026-02-14 23:54:39.413840,London-32cf,29,57,Normal
2026-02-14 23:54:40.413840,London-32cf,-8,49,Normal
2026-02-14 23:54:41.413840,London-32cf,30,5,Normal
2026-02-14 23:54:42.413840,London-32cf,12,70,Normal
2026-02-14 23:54:43.413840,London-32cf,-12,80,Normal
2026-02-14 23:54:44.413840,London-32cf,-4,65,Normal
2026-02-14 23:54:45.413840,London-32cf,-8,65,Normal
2026-02-14 23:54:46.413840,London-32cf,12,63,Normal
2026-02-14 23:54:47.413840,London-32cf,32,10,Normal
2026-02-14 23:54:48.413840,London-32cf,-17,93,Normal
2026-02-14 23:54:49.413840,London-32cf,44,77,Normal
2026-02-14 23:54:50.413840,London-32cf,28,41,Normal
2026-02-14 23:54:51.413840,London-32cf,45,77,Normal
2026-02-14 23:54:52.413840,London-32cf,-10,91,Normal
2026-02-14 23:54:53.413840,London-32cf,-29,63,Normal
2026-02-14 23:54:54.413840,London-32cf,32,84,Normal
2026-02-14 23:54:55.413840,London-32cf,-24,18,Normal
2026-02-14 23:54:56.413840,London-32cf,-28,70,Normal
2026-02-14 23:54:57.413840,London-32cf,3,30,Normal
2026-02-14 23:54:58.413840,London-32cf,35,60,Normal
2026-02-14 23:54:59.413840,London-32cf,39,61,Normal
2026-02-14 23:55:00.413840,London-32cf,-24,32,Normal
2026-02-14 23:55:01.413840,London-32cf,-6,74,Normal
2026-02-14 23:55:02.413840,London-32cf,24,48,Normal
2026-02-14 23:55:03.413840,London-32cf,-19,49,Normal
2026-02-14 23:55:04.413840,London-32cf,-22,22,Normal
2026-02-14 23:55:05.413840,London-32cf,2,22,Normal
2026-02-14 23:55:06.413840,London-32cf,-27,14,Normal
2026-02-14 23:55:07.413840,London-32cf,28,58,Normal
2026-02-14 23:55:08.413840,London-32cf,-9,91,Normal
2026-02-14 23:55:09.413840,London-32cf,-16,13,Normal
2026-02-14 23:55:10.413840,London-32cf,17,29,Normal
2026-02-14 23:55:11.413840,London-32cf,-8,69,Normal
2026-02-14 23:55:12.413840,London-32cf,14,30,Normal
2026-02-14 23:55:13.413840,London-32cf,49,16,Normal
2026-02-14 23:55:14.413840,London-32cf,25,76,Normal
2026-02-14 23:55:15.413840,London-32cf,-21,51,Normal
2026-02-14 23:55:16.413840,London-32cf,-17,94,Normal
2026-02-14 23:55:17.413840,London-32cf,26,74,Normal
2026-02-14 23:55:18.413840,London-32cf,-13,16,Normal
2026-02-14 23:55:19.413840,London-32cf,-6,18,Normal
2026-02-14 23:55:20.413840,London-32cf,-28,78,Normal
2026-02-14 23:55:21.413840,London-32cf,40,64,Normal
2026-02-14 23:55:22.413840,London-32cf,29,72,Normal
2026-02-14 23:55:23.413840,London-32cf,7,92,Normal
2026-02-14 23:55:24.413840,London-32cf,-24,90,Normal
2026-02-14 23:55:25.413840,London-32cf,22,81,Normal
2026-02-14 23:55:26.413840,London-32cf,-13,73,Normal
2026-02-14 23:55:27.413840,London-32cf,18,65,Normal
2026-02-14 23:55:28.413840,London-32cf,-1,41,Normal
2026-02-14 23:55:29.413840,London-32cf,-8,40,Normal
2026-02-14 23:55:30.413840,London-32cf,35,42,Normal
2026-02-14 23:55:31.413840,London-32cf,20,37,Normal
2026-02-14 23:55:32.413840,London-32cf,16,59,Normal
2026-02-14 23:55:33.413840,London-32cf,27,86,Normal
2026-02-14 23:55:34.413840,London-32cf,-6,95,Normal
2026-02-14 23:55:35.413840,London-32cf,19,82,Normal
2026-02-14 23:55:36.413840,London-32cf,-17,69,Normal
2026-02-14 23:55:37.413840,London-32cf,11,83,Normal
2026-02-14 23:55:38.413840,London-32cf,-15,1,Normal
2026-02-14 23:55:39.413840,London-32cf,-21,5,Normal
2026-02-14 23:55:40.413840,London-32cf,42,47,Normal
2026-02-14 23:55:41.413840,London-32cf,-11,10,Normal
2026-02-14 23:55:42.413840,London-32cf,-8,16,Normal
2026-02-14 23:55:43.413840,London-32cf,2,26,Normal
2026-02-14 23:55:44.413840,London-32cf,45,55,Normal
2026-02-14 23:55:45.413840,London-32cf,46,24,Normal
2026-02-14 23:55:46.413840,London-32cf,23,78,Normal
2026-02-14 23:55:47.413840,London-32cf,-27,85,Normal
2026-02-14 23:55:48.413840,London-32cf,43,19,Normal
2026-02-14 23:55:49.413840,London-32cf,31,10,Normal
2026-02-14 23:55:50.413840,London-32cf,-28,43,Normal
2026-02-14 23:55:51.413840,London-32cf,39,100,Normal
2026-02-14 23:55:52.413840,London-32cf,16,2,Normal
2026-02-14 23:55:53.413840,London-32cf,6,54,Normal
2026-02-14 23:55:54.413840,London-32cf,41,83,Normal
2026-02-14 23:55:55.413840,London-32cf,-3,76,Normal
2026-02-14 23:55:56.413840,London-32cf,8,67,Normal
2026-02-14 23:55:57.413840,London-32cf,24,43,Normal
2026-02-14 23:55:58.413840,London-32cf,48,70,Normal
2026-02-14 23:55:59.413840,London-32cf,36,9,Normal
2026-02-14 23:56:00.413840,London-32cf,7,38,Normal
2026-02-14 23:56:01.413840,London-32cf,-13,1,Normal
2026-02-14 23:56:02.413840,London-32cf,-19,21,Normal
2026-02-14 23:56:03.413840,London-32cf,10,93,Normal
2026-02-14 23:56:04.413840,London-32cf,-20,36,Normal
2026-02-14 23:56:05.413840,London-32cf,-12,51,Normal
2026-02-14 23:56:06.413840,London-32cf,1,53,Normal
2026-02-14 23:56:07.413840,London-32cf,10,95,Normal
2026-02-14 23:56:08.413840,London-32cf,19,94,Normal
2026-02-14 23:56:09.413840,London-32cf,5,15,Normal
2026-02-14 23:56:10.413840,London-32cf,-1,8,Normal
2026-02-14 23:56:11.413840,London-32cf,29,59,Normal
2026-02-14 23:56:12.413840,London-32cf,11,53,Normal
2026-02-14 23:56:13.413840,London-32cf,-6,28,Normal
2026-02-14 23:56:14.413840,London-32cf,30,63,Normal
2026-02-14 23:56:15.413840,London-32cf,2,55,Normal
2026-02-14 23:56:16.413840,London-32cf,3,90,Normal
2026-02-14 23:56:17.413840,London-32cf,26,14,Normal
2026-02-14 23:56:18.413840,London-32cf,35,38,Normal
2026-02-14 23:56:19.413840,London-32cf,25,89,Normal
2026-02-14 23:56:20.413840,London-32cf,24,63,Normal
2026-02-14 23:56:21.413840,London-32cf,38,4,Normal
2026-02-14 23:56:22.413840,London-32cf,43,7,Normal
2026-02-14 23:56:23.413840,London-32cf,44,22,Normal
2026-02-14 23:56:24.413840,London-32cf,10,99,Normal
2026-02-14 23:56:25.413840,London-32cf,17,76,Normal
2026-02-14 23:56:26.413840,London-32cf,28,0,Normal
2026-02-14 23:56:27.413840,London-32cf,13,31,Normal
2026-02-14 23:56:28.413840,London-32cf,-6,59,Normal
2026-02-14 23:56:29.413840,London-32cf,30,91,Normal
2026-02-14 23:56:30.413840,London-32cf,23,44,Normal
2026-02-14 23:56:31.413840,London-32cf,42,79,Normal
2026-02-14 23:56:32.413840,London-32cf,37,29,Normal
2026-02-14 23:56:33.413840,London-32cf,24,64,Normal
2026-02-14 23:56:34.413840,London-32cf,-7,35,Normal
2026-02-14 23:56:35.413840,London-32cf,36,25,Normal
2026-02-14 23:56:36.413840,London-32cf,46,98,Normal
2026-02-14 23:56:37.413840,London-32cf,41,6,Normal
2026-02-14 23:56:38.413840,London-32cf,-6,99,Normal
2026-02-14 23:56:39.413840,London-32cf,21,21,Normal
2026-02-14 23:56:40.413840,London-32cf,45,10,Normal
2026-02-14 23:56:41.413840,London-32cf,43,82,Normal
2026-02-14 23:56:42.413840,London-32cf,-12,79,Normal
2026-02-14 23:56:43.413840,London-32cf,36,84,Normal
2026-02-14 23:56:44.413840,London-32cf,-8,31,Normal
2026-02-14 23:56:45.413840,London-32cf,20,60,Normal
2026-02-14 23:56:46.413840,London-32cf,18,81,Normal
2026-02-14 23:56:47.413840,London-32cf,12,32,Normal
2026-02-14 23:56:48.413840,London-32cf,-5,95,Normal
2026-02-14 23:56:49.413840,London-32cf,16,23,Normal
2026-02-14 23:56:50.413840,London-32cf,18,97,Normal
2026-02-14 23:56:51.413840,London-32cf,12,23,Normal
2026-02-14 23:56:52.413840,London-32cf,22,92,Normal
2026-02-14 23:56:53.413840,London-32cf,9,81,Normal
2026-02-14 23:56:54.413840,London-32cf,30,38,Normal
2026-02-14 23:56:55.413840,London-32cf,-9,17,Normal
2026-02-14 23:56:56.413840,London-32cf,9,2,Normal
2026-02-14 23:56:57.413840,London-32cf,34,71,Normal
2026-02-14 23:56:58.413840,London-32cf,-16,91,Normal
2026-02-14 23:56:59.413840,London-32cf,-17,23,Normal
2026-02-14 23:57:00.413840,London-32cf,45,20,Normal
2026-02-14 23:57:01.413840,London-32cf,-11,85,Normal
2026-02-14 23:57:02.413840,London-32cf,-22,47,Normal
2026-02-14 23:57:03.413840,London-32cf,10,55,Normal
2026-02-14 23:57:04.413840,London-32cf,22,13,Normal
2026-02-14 23:57:05.413840,London-32cf,-13,61,Normal
2026-02-14 23:57:06.413840,London-32cf,-14,94,Normal
2026-02-14 23:57:07.413840,London-32cf,47,67,Normal
2026-02-14 23:57:08.413840,London-32cf,49,7,Normal
2026-02-14 23:57:09.413840,London-32cf,18,31,Normal
2026-02-14 23:57:10.413840,London-32cf,18,3,Normal
2026-02-14 23:57:11.413840,London-32cf,11,51,Normal
2026-02-14 23:57:12.413840,London-32cf,-1,95,Normal
2026-02-14 23:57:13.413840,London-32cf,-25,72,Normal
2026-02-14 23:57:14.413840,London-32cf,30,24,Normal
2026-02-14 23:57:15.413840,London-32cf,-29,10,Normal
2026-02-14 23:57:16.413840,London-32cf,28,2,Normal
2026-02-14 23:57:17.413840,London-32cf,-3,11,Normal
2026-02-14 23:57:18.413840,London-32cf,-9,57,Normal
2026-02-14 23:57:19.413840,London-32cf,-2,15,Normal
2026-02-14 23:57:20.413840,London-32cf,-26,36,Normal
2026-02-14 23:57:21.413840,London-32cf,4,68,Normal
2026-02-14 23:57:22.413840,London-32cf,-15,78,Normal
2026-02-14 23:57:23.413840,London-32cf,-30,29,Normal
2026-02-14 23:57:24.413840,London-32cf,34,48,Normal
2026-02-14 23:57:25.413840,London-32cf,-17,50,Normal
2026-02-14 23:57:26.413840,London-32cf,38,57,Normal
2026-02-14 23:57:27.413840,London-32cf,22,77,Normal
2026-02-14 23:57:28.413840,London-32cf,38,92,Normal
2026-02-14 23:57:29.413840,London-32cf,-16,53,Normal
2026-02-14 23:57:30.413840,London-32cf,42,10,Normal
2026-02-14 23:57:31.413840,London-32cf,-24,49,Normal
2026-02-14 23:57:32.413840,London-32cf,20,26,Normal
2026-02-14 23:57:33.413840,London-32cf,38,42,Normal
2026-02-14 23:57:34.413840,London-32cf,18,38,Normal
2026-02-14 23:57:35.413840,London-32cf,-27,72,Normal
2026-02-14 23:57:36.413840,London-32cf,38,90,Normal
2026-02-14 23:57:37.413840,London-32cf,10,18,Normal
2026-02-14 23:57:38.413840,London-32cf,48,28,Normal
2026-02-14 23:57:39.413840,London-32cf,24,35,Normal
2026-02-14 23:57:40.413840,London-32cf,35,29,Normal
2026-02-14 23:57:41.413840,London-32cf,7,45,Normal
2026-02-14 23:57:42.413840,London-32cf,-29,44,Normal
2026-02-14 23:57:43.413840,London-32cf,47,51,Normal
2026-02-14 23:57:44.413840,London-32cf,25,94,Normal
2026-02-14 23:57:45.413840,London-32cf,33,18,Normal
2026-02-14 23:57:46.413840,London-32cf,-25,64,Normal
2026-02-14 23:57:47.413840,London-32cf,33,82,Normal
2026-02-14 23:57:48.413840,London-32cf,-15,98,Normal
2026-02-14 23:57:49.413840,London-32cf,5,26,Normal
2026-02-14 23:57:50.413840,London-32cf,-4,27,Normal
2026-02-14 23:57:51.413840,London-32cf,39,87,Normal
2026-02-14 23:57:52.413840,London-32cf,-30,10,Normal
2026-02-14 23:57:53.413840,London-32cf,-13,22,Normal
2026-02-14 23:57:54.413840,London-32cf,-21,7,Normal
2026-02-14 23:57:55.413840,London-32cf,-22,1,Normal
2026-02-14 23:57:56.413840,London-32cf,-9,5,Normal
2026-02-14 23:57:57.413840,London-32cf,32,92,Normal
2026-02-14 23:57:58.413840,London-32cf,-27,42,Normal
2026-02-14 23:57:59.413840,London-32cf,41,70,Normal
2026-02-14 23:58:00.413840,London-32cf,48,15,Normal
2026-02-14 23:58:01.413840,London-32cf,-18,75,Normal
2026-02-14 23:58:02.413840,London-32cf,29,25,Normal
2026-02-14 23:58:03.413840,London-32cf,40,60,Normal
2026-02-14 23:58:04.413840,London-32cf,45,93,Normal
2026-02-14 23:58:05.413840,London-32cf,32,71,Normal
2026-02-14 23:58:06.413840,London-32cf,34,4,Normal
2026-02-14 23:58:07.413840,London-32cf,4,34,Normal
2026-02-14 23:58:08.413840,London-32cf,21,51,Normal
2026-02-14 23:58:09.413840,London-32cf,-27,97,Normal
2026-02-14 23:58:10.413840,London-32cf,-26,56,Normal
2026-02-14 23:58:11.413840,London-32cf,17,83,Normal
2026-02-14 23:58:12.413840,London-32cf,-30,77,Normal
2026-02-14 23:58:13.413840,London-32cf,24,27,Normal
2026-02-14 23:58:14.413840,London-32cf,26,77,Normal
2026-02-14 23:58:15.413840,London-32cf,28,79,Normal
2026-02-14 23:58:16.413840,London-32cf,47,2,Normal
2026-02-14 23:58:17.413840,London-32cf,14,60,Normal
2026-02-14 23:58:18.413840,London-32cf,-30,60,Normal
2026-02-14 23:58:19.413840,London-32cf,13,38,Normal
2026-02-14 23:58:20.413840,London-32cf,0,74,Normal
2026-02-14 23:58:21.413840,London-32cf,-26,13,Normal
2026-02-14 23:58:22.413840,London-32cf,-9,71,Normal
2026-02-14 23:58:23.413840,London-32cf,29,8,Normal
2026-02-14 23:58:24.413840,London-32cf,-11,65,Normal
2026-02-14 23:58:25.413840,London-32cf,15,78,Normal
2026-02-14 23:58:26.413840,London-32cf,46,27,Normal
2026-02-14 23:58:27.413840,London-32cf,24,77,Normal
2026-02-14 23:58:28.413840,London-32cf,41,89,Normal
2026-02-14 23:58:29.413840,London-32cf,-14,52,Normal
2026-02-14 23:58:30.413840,London-32cf,-15,5,Normal
2026-02-14 23:58:31.413840,London-32cf,48,89,Normal
2026-02-14 23:58:32.413840,London-32cf,14,23,Normal
2026-02-14 23:58:33.413840,London-32cf,-5,40,Normal
2026-02-14 23:58:34.413840,London-32cf,44,62,Normal
2026-02-14 23:58:35.413840,London-32cf,50,31,Normal
2026-02-14 23:58:36.413840,London-32cf,10,91,Normal
2026-02-14 23:58:37.413840,London-32cf,-3,38,Normal
2026-02-14 23:58:38.413840,London-32cf,33,93,Normal
2026-02-14 23:58:39.413840,London-32cf,39,74,Normal
2026-02-14 23:58:40.413840,London-32cf,10,4,Normal
2026-02-14 23:58:41.413840,London-32cf,-27,96,Normal
2026-02-14 23:58:42.413840,London-32cf,6,73,Normal
2026-02-14 23:58:43.413840,London-32cf,8,62,Normal
2026-02-14 23:58:44.413840,London-32cf,-8,81,Normal
2026-02-14 23:58:45.413840,London-32cf,38,70,Normal
2026-02-14 23:58:46.413840,London-32cf,-5,89,Normal
2026-02-14 23:58:47.413840,London-32cf,26,88,Normal
2026-02-14 23:58:48.413840,London-32cf,-17,97,Normal
2026-02-14 23:58:49.413840,London-32cf,-14,96,Normal
2026-02-14 23:58:50.413840,London-32cf,36,48,Normal
2026-02-14 23:58:51.413840,London-32cf,46,0,Normal
2026-02-14 23:58:52.413840,London-32cf,0,96,Normal
2026-02-14 23:58:53.413840,London-32cf,12,48,Normal
2026-02-14 23:58:54.413840,London-32cf,50,65,Normal
2026-02-14 23:58:55.413840,London-32cf,28,19,Normal
2026-02-14 23:58:56.413840,London-32cf,34,4,Normal
2026-02-14 23:58:57.413840,London-32cf,10,95,Normal
2026-02-14 23:58:58.413840,London-32cf,34,98,Normal
2026-02-14 23:58:59.413840,London-32cf,-18,53,Normal
2026-02-14 23:59:00.413840,London-32cf,-4,26,Normal
2026-02-14 23:59:01.413840,London-32cf,-16,51,Normal
2026-02-14 23:59:02.413840,London-32cf,-18,39,Normal
2026-02-14 23:59:03.413840,London-32cf,10,28,Normal
2026-02-14 23:59:04.413840,London-32cf,33,100,Normal
2026-02-14 23:59:05.413840,London-32cf,-19,7,Normal
2026-02-14 23:59:06.413840,London-32cf,-16,45,Normal
2026-02-14 23:59:07.413840,London-32cf,-2,7,Normal
2026-02-14 23:59:08.413840,London-32cf,14,32,Normal
2026-02-14 23:59:09.413840,London-32cf,33,54,Normal
2026-02-14 23:59:10.413840,London-32cf,-4,93,Normal
2026-02-14 23:59:11.413840,London-32cf,38,58,Normal
2026-02-14 23:59:12.413840,London-32cf,-7,62,Normal
2026-02-14 23:59:13.413840,London-32cf,-3,14,Normal
2026-02-14 23:59:14.413840,London-32cf,-28,34,Normal
2026-02-14 23:59:15.413840,London-32cf,-10,96,Normal
2026-02-14 23:59:16.413840,London-32cf,26,91,Normal
2026-02-14 23:59:17.413840,London-32cf,2,61,Normal
2026-02-14 23:59:18.413840,London-32cf,14,18,Normal
2026-02-14 23:59:19.413840,London-32cf,-15,4,Normal
2026-02-14 23:59:20.413840,London-32cf,25,7,Normal
2026-02-14 23:59:21.413840,London-32cf,39,34,Normal
2026-02-14 23:59:22.413840,London-32cf,35,66,Normal
2026-02-14 23:59:23.413840,London-32cf,17,31,Normal
2026-02-14 23:59:24.413840,London-32cf,44,70,Normal
2026-02-14 23:59:25.413840,London-32cf,-22,53,Normal
2026-02-14 23:59:26.413840,London-32cf,-16,22,Normal
2026-02-14 23:59:27.413840,London-32cf,10,4,Normal
2026-02-14 23:59:28.413840,London-32cf,-27,93,Normal
2026-02-14 23:59:29.413840,London-32cf,34,67,Normal
2026-02-14 23:59:30.413840,London-32cf,35,19,Normal
2026-02-14 23:59:31.413840,London-32cf,17,68,Normal
2026-02-14 23:59:32.413840,London-32cf,-12,46,Normal
2026-02-14 23:59:33.413840,London-32cf,-22,7,Normal
2026-02-14 23:59:34.413840,London-32cf,48,1,Normal
2026-02-14 23:59:35.413840,London-32cf,21,19,Normal
2026-02-14 23:59:36.413840,London-32cf,7,10,Normal
2026-02-14 23:59:37.413840,London-32cf,-11,58,Normal
2026-02-14 23:59:38.413840,London-32cf,9,65,Normal
2026-02-14 23:59:39.413840,London-32cf,-22,56,Normal
2026-02-14 23:59:40.413840,London-32cf,44,18,Normal
2026-02-14 23:59:41.413840,London-32cf,41,12,Normal
2026-02-14 23:59:42.413840,London-32cf,18,61,Normal
2026-02-14 23:59:43.413840,London-32cf,1,21,Normal
2026-02-14 23:59:44.413840,London-32cf,1,69,Normal
2026-02-14 23:59:45.413840,London-32cf,-19,40,Normal
2026-02-14 23:59:46.413840,London-32cf,33,66,Normal
2026-02-14 23:59:47.413840,London-32cf,50,55,Normal
2026-02-14 23:59:48.413840,London-32cf,-21,10,Normal
2026-02-14 23:59:49.413840,London-32cf,13,20,Normal
2026-02-14 23:59:50.413840,London-32cf,41,18,Normal
2026-02-14 23:59:51.413840,London-32cf,21,67,Normal
2026-02-14 23:59:52.413840,London-32cf,-27,84,Normal
2026-02-14 23:59:53.413840,London-32cf,45,1,Normal
2026-02-14 23:59:54.413840,London-32cf,37,93,Normal
2026-02-14 23:59:55.413840,London-32cf,5,48,Normal
2026-02-14 23:59:56.413840,London-32cf,22,89,Normal
2026-02-14 23:59:57.413840,London-32cf,30,40,Normal
2026-02-14 23:59:58.413840,London-32cf,18,30,Normal
2026-02-14 23:59:59.413840,London-32cf,37,20,Normal
2026-02-15 00:00:00.413840,London-32cf,-23,18,Normal
2026-02-15 00:00:01.413840,London-32cf,-5,63,Normal
2026-02-15 00:00:02.413840,London-32cf,-18,48,Normal
2026-02-15 00:00:03.413840,London-32cf,41,46,Normal
2026-02-15 00:00:04.413840,London-32cf,-24,6,Normal
2026-02-15 00:00:05.413840,London-32cf,26,25,Normal
2026-02-15 00:00:06.413840,London-32cf,17,90,Normal
2026-02-15 00:00:07.413840,London-32cf,2,48,Normal
2026-02-15 00:00:08.413840,London-32cf,33,36,Normal
2026-02-15 00:00:09.413840,London-32cf,22,47,Normal
2026-02-15 00:00:10.413840,London-32cf,50,49,Normal
2026-02-15 00:00:11.413840,London-32cf,36,1,Normal
2026-02-15 00:00:12.413840,London-32cf,20,70,Normal
2026-02-15 00:00:13.413840,London-32cf,-20,47,Normal
2026-02-15 00:00:14.413840,London-32cf,25,10,Normal
2026-02-15 00:00:15.413840,London-32cf,36,78,Normal
2026-02-15 00:00:16.413840,London-32cf,-12,91,Normal
2026-02-15 00:00:17.413840,London-32cf,9,19,Normal
2026-02-15 00:00:18.413840,London-32cf,-24,79,Normal
2026-02-15 00:00:19.413840,London-32cf,28,19,Normal
2026-02-15 00:00:20.413840,London-32cf,29,30,Normal
2026-02-15 00:00:21.413840,London-32cf,17,19,Normal
2026-02-15 00:00:22.413840,London-32cf,24,48,Normal
2026-02-15 00:00:23.413840,London-32cf,39,92,Normal
2026-02-15 00:00:24.413840,London-32cf,6,53,Normal
2026-02-15 00:00:25.413840,London-32cf,38,87,Normal
2026-02-15 00:00:26.413840,London-32cf,-3,100,Normal
2026-02-15 00:00:27.413840,London-32cf,11,46,Normal
2026-02-15 00:00:28.413840,London-32cf,-22,73,Normal
2026-02-15 00:00:29.413840,London-32cf,18,8,Normal
2026-02-15 00:00:30.413840,London-32cf,20,41,Normal
2026-02-15 00:00:31.413840,London-32cf,34,83,Normal
2026-02-15 00:00:32.413840,London-32cf,-8,54,Normal
2026-02-15 00:00:33.413840,London-32cf,13,100,Normal
2026-02-15 00:00:34.413840,London-32cf,50,19,Normal
2026-02-15 00:00:35.413840,London-32cf,-29,18,Normal
2026-02-15 00:00:36.413840,London-32cf,-10,5,Normal
2026-02-15 00:00:37.413840,London-32cf,17,93,Normal
2026-02-15 00:00:38.413840,London-32cf,-9,43,Normal
2026-02-15 00:00:39.413840,London-32cf,-9,46,Normal
2026-02-15 00:00:40.413840,London-32cf,1,12,Normal
2026-02-15 00:00:41.413840,London-32cf,-15,53,Normal
2026-02-15 00:00:42.413840,London-32cf,24,38,Normal
2026-02-15 00:00:43.413840,London-32cf,-24,47,Normal
2026-02-15 00:00:44.413840,London-32cf,32,74,Normal
2026-02-15 00:00:45.413840,London-32cf,-6,89,Normal
2026-02-15 00:00:46.413840,London-32cf,26,3,Normal
2026-02-15 00:00:47.413840,London-32cf,34,98,Normal
2026-02-15 00:00:48.413840,London-32cf,-26,68,Normal
2026-02-15 00:00:49.413840,London-32cf,-20,63,Normal
2026-02-15 00:00:50.413840,London-32cf,13,59,Normal
2026-02-15 00:00:51.413840,London-32cf,-17,15,Normal
2026-02-15 00:00:52.413840,London-32cf,-19,43,Normal
2026-02-15 00:00:53.413840,London-32cf,-18,96,Normal
2026-02-15 00:00:54.413840,London-32cf,-29,79,Normal
2026-02-15 00:00:55.413840,London-32cf,47,46,Normal
2026-02-15 00:00:56.413840,London-32cf,3,96,Normal
2026-02-15 00:00:57.413840,London-32cf,42,25,Normal
2026-02-15 00:00:58.413840,London-32cf,-22,34,Normal
2026-02-15 00:00:59.413840,London-32cf,41,64,Normal
2026-02-15 00:01:00.413840,London-32cf,18,67,Normal
2026-02-15 00:01:01.413840,London-32cf,-21,51,Normal
2026-02-15 00:01:02.413840,London-32cf,-7,18,Normal
2026-02-15 00:01:03.413840,London-32cf,-19,51,Normal
2026-02-15 00:01:04.413840,London-32cf,-2,79,Normal
2026-02-15 00:01:05.413840,London-32cf,14,58,Normal
2026-02-15 00:01:06.413840,London-32cf,-12,93,Normal
2026-02-15 00:01:07.413840,London-32cf,49,79,Normal
2026-02-15 00:01:08.413840,London-32cf,21,19,Normal
2026-02-15 00:01:09.413840,London-32cf,20,54,Normal
2026-02-15 00:01:10.413840,London-32cf,6,9,Normal
2026-02-15 00:01:11.413840,London-32cf,47,37,Normal
2026-02-15 00:01:12.413840,London-32cf,-10,62,Normal
2026-02-15 00:01:13.413840,London-32cf,7,9,Normal
2026-02-15 00:01:14.413840,London-32cf,-4,12,Normal
2026-02-15 00:01:15.413840,London-32cf,-4,78,Normal
2026-02-15 00:01:16.413840,London-32cf,22,95,Normal
2026-02-15 00:01:17.413840,London-32cf,6,48,Normal
2026-02-15 00:01:18.413840,London-32cf,-14,30,Normal
2026-02-15 00:01:19.413840,London-32cf,27,32,Normal
2026-02-15 00:01:20.413840,London-32cf,-16,93,Normal
2026-02-15 00:01:21.413840,London-32cf,-11,21,Normal
2026-02-15 00:01:22.413840,London-32cf,-16,32,Normal
2026-02-15 00:01:23.413840,London-32cf,14,92,Normal
2026-02-15 00:01:24.413840,London-32cf,25,15,Normal
2026-02-15 00:01:25.413840,London-32cf,26,56,Normal
2026-02-15 00:01:26.413840,London-32cf,-27,97,Normal
2026-02-15 00:01:27.413840,London-32cf,34,37,Normal
2026-02-15 00:01:28.413840,London-32cf,47,30,Normal
2026-02-15 00:01:29.413840,London-32cf,32,19,Normal
2026-02-15 00:01:30.413840,London-32cf,-20,80,Normal
2026-02-15 00:01:31.413840,London-32cf,-17,60,Normal
2026-02-15 00:01:32.413840,London-32cf,38,97,Normal
2026-02-15 00:01:33.413840,London-32cf,43,59,Normal
2026-02-15 00:01:34.413840,London-32cf,26,76,Normal
2026-02-15 00:01:35.413840,London-32cf,0,79,Normal
2026-02-15 00:01:36.413840,London-32cf,3,98,Normal
2026-02-15 00:01:37.413840,London-32cf,-24,22,Normal
2026-02-15 00:01:38.413840,London-32cf,46,60,Normal
2026-02-15 00:01:39.413840,London-32cf,-27,34,Normal
2026-02-15 00:01:40.413840,London-32cf,-3,100,Normal
2026-02-15 00:01:41.413840,London-32cf,37,68,Normal
2026-02-15 00:01:42.413840,London-32cf,-21,56,Normal
2026-02-15 00:01:43.413840,London-32cf,16,100,Normal
2026-02-15 00:01:44.413840,London-32cf,-20,53,Normal
2026-02-15 00:01:45.413840,London-32cf,42,39,Normal
2026-02-15 00:01:46.413840,London-32cf,22,1,Normal
2026-02-15 00:01:47.413840,London-32cf,13,12,Normal
2026-02-15 00:01:48.413840,London-32cf,-10,0,Normal
2026-02-15 00:01:49.413840,London-32cf,40,14,Normal
2026-02-15 00:01:50.413840,London-32cf,50,100,Normal
2026-02-15 00:01:51.413840,London-32cf,-16,90,Normal
2026-02-15 00:01:52.413840,London-32cf,49,17,Normal
2026-02-15 00:01:53.413840,London-32cf,-29,53,Normal
2026-02-15 00:01:54.413840,London-32cf,28,57,Normal
2026-02-15 00:01:55.413840,London-32cf,-23,64,Normal
2026-02-15 00:01:56.413840,London-32cf,-14,17,Normal
2026-02-15 00:01:57.413840,London-32cf,22,75,Normal
2026-02-15 00:01:58.413840,London-32cf,-19,91,Normal
2026-02-15 00:01:59.413840,London-32cf,1,100,Normal
2026-02-15 00:02:00.413840,London-32cf,7,97,Normal
2026-02-15 00:02:01.413840,London-32cf,-18,12,Normal
2026-02-15 00:02:02.413840,London-32cf,-16,74,Normal
2026-02-15 00:02:03.413840,London-32cf,9,56,Normal
2026-02-15 00:02:04.413840,London-32cf,25,48,Normal
2026-02-15 00:02:05.413840,London-32cf,18,56,Normal
2026-02-15 00:02:06.413840,London-32cf,18,65,Normal
2026-02-15 00:02:07.413840,London-32cf,33,89,Normal
2026-02-15 00:02:08.413840,London-32cf,22,7,Normal
2026-02-15 00:02:09.413840,London-32cf,-9,52,Normal
2026-02-15 00:02:10.413840,London-32cf,22,85,Normal
2026-02-15 00:02:11.413840,London-32cf,44,31,Normal
2026-02-15 00:02:12.413840,London-32cf,10,19,Normal
2026-02-15 00:02:13.413840,London-32cf,19,0,Normal
2026-02-15 00:02:14.413840,London-32cf,40,38,Normal
2026-02-15 00:02:15.413840,London-32cf,-23,61,Normal
2026-02-15 00:02:16.413840,London-32cf,2,34,Normal
2026-02-15 00:02:17.413840,London-32cf,40,79,Normal
2026-02-15 00:02:18.413840,London-32cf,0,80,Normal
2026-02-15 00:02:19.413840,London-32cf,-25,84,Normal
2026-02-15 00:02:20.413840,London-32cf,-23,96,Normal
2026-02-15 00:02:21.413840,London-32cf,-17,68,Normal
2026-02-15 00:02:22.413840,London-32cf,-15,64,Normal
2026-02-15 00:02:23.413840,London-32cf,23,70,Normal
2026-02-15 00:02:24.413840,London-32cf,2,74,Normal
2026-02-15 00:02:25.413840,London-32cf,-23,0,Normal
2026-02-15 00:02:26.413840,London-32cf,8,29,Normal
2026-02-15 00:02:27.413840,London-32cf,2,13,Normal
2026-02-15 00:02:28.413840,London-32cf,33,24,Normal
2026-02-15 00:02:29.413840,London-32cf,42,46,Normal
2026-02-15 00:02:30.413840,London-32cf,-2,41,Normal
2026-02-15 00:02:31.413840,London-32cf,23,60,Normal
2026-02-15 00:02:32.413840,London-32cf,-25,4,Normal
2026-02-15 00:02:33.413840,London-32cf,-3,92,Normal
2026-02-15 00:02:34.413840,London-32cf,28,55,Normal
2026-02-15 00:02:35.413840,London-32cf,18,77,Normal
2026-02-15 00:02:36.413840,London-32cf,-23,50,Normal
2026-02-15 00:02:37.413840,London-32cf,26,65,Normal
2026-02-15 00:02:38.413840,London-32cf,-23,67,Normal
2026-02-15 00:02:39.413840,London-32cf,18,13,Normal
2026-02-15 00:02:40.413840,London-32cf,-8,68,Normal
2026-02-15 00:02:41.413840,London-32cf,-1,79,Normal
2026-02-15 00:02:42.413840,London-32cf,-23,51,Normal
2026-02-15 00:02:43.413840,London-32cf,34,70,Normal
2026-02-15 00:02:44.413840,London-32cf,-8,88,Normal
2026-02-15 00:02:45.413840,London-32cf,-17,70,Normal
2026-02-15 00:02:46.413840,London-32cf,26,44,Normal
2026-02-15 00:02:47.413840,London-32cf,1,23,Normal
2026-02-15 00:02:48.413840,London-32cf,-11,59,Normal
2026-02-15 00:02:49.413840,London-32cf,-30,0,Normal
2026-02-15 00:02:50.413840,London-32cf,19,95,Normal
2026-02-15 00:02:51.413840,London-32cf,47,88,Normal
2026-02-15 00:02:52.413840,London-32cf,-23,31,Normal
2026-02-15 00:02:53.413840,London-32cf,43,69,Normal
2026-02-15 00:02:54.413840,London-32cf,-20,36,Normal
2026-02-15 00:02:55.413840,London-32cf,36,87,Normal
2026-02-15 00:02:56.413840,London-32cf,12,53,Normal
2026-02-15 00:02:57.413840,London-32cf,28,83,Normal
2026-02-15 00:02:58.413840,London-32cf,45,59,Normal
2026-02-15 00:02:59.413840,London-32cf,23,55,Normal
2026-02-15 00:03:00.413840,London-32cf,-28,55,Normal
2026-02-15 00:03:01.413840,London-32cf,12,91,Normal
2026-02-15 00:03:02.413840,London-32cf,9,27,Normal
2026-02-15 00:03:03.413840,London-32cf,29,8,Normal
2026-02-15 00:03:04.413840,London-32cf,23,66,Normal
2026-02-15 00:03:05.413840,London-32cf,1,22,Normal
2026-02-15 00:03:06.413840,London-32cf,11,60,Normal
2026-02-15 00:03:07.413840,London-32cf,15,97,Normal
2026-02-15 00:03:08.413840,London-32cf,-13,64,Normal
2026-02-15 00:03:09.413840,London-32cf,50,72,Normal
2026-02-15 00:03:10.413840,London-32cf,7,53,Normal
2026-02-15 00:03:11.413840,London-32cf,24,34,Normal
2026-02-15 00:03:12.413840,London-32cf,49,92,Normal
2026-02-15 00:03:13.413840,London-32cf,-23,85,Normal
2026-02-15 00:03:14.413840,London-32cf,24,62,Normal
2026-02-15 00:03:15.413840,London-32cf,-8,98,Normal
2026-02-15 00:03:16.413840,London-32cf,6,87,Normal
2026-02-15 00:03:17.413840,London-32cf,-21,16,Normal
2026-02-15 00:03:18.413840,London-32cf,-8,38,Normal
2026-02-15 00:03:19.413840,London-32cf,13,86,Normal
2026-02-15 00:03:20.413840,London-32cf,-15,57,Normal
2026-02-15 00:03:21.413840,London-32cf,21,16,Normal
2026-02-15 00:03:22.413840,London-32cf,-3,43,Normal
2026-02-15 00:03:23.413840,London-32cf,31,59,Normal
2026-02-15 00:03:24.413840,London-32cf,31,58,Normal
2026-02-15 00:03:25.413840,London-32cf,20,75,Normal
2026-02-15 00:03:26.413840,London-32cf,11,53,Normal
2026-02-15 00:03:27.413840,London-32cf,-3,0,Normal
2026-02-15 00:03:28.413840,London-32cf,35,36,Normal
2026-02-15 00:03:29.413840,London-32cf,47,87,Normal
2026-02-15 00:03:30.413840,London-32cf,-24,95,Normal
2026-02-15 00:03:31.413840,London-32cf,10,48,Normal
2026-02-15 00:03:32.413840,London-32cf,43,29,Normal
2026-02-15 00:03:33.413840,London-32cf,1,62,Normal
2026-02-15 00:03:34.413840,London-32cf,-16,13,Normal
2026-02-15 00:03:35.413840,London-32cf,46,56,Normal
2026-02-15 00:03:36.413840,London-32cf,31,68,Normal
2026-02-15 00:03:37.413840,London-32cf,-12,42,Normal
2026-02-15 00:03:38.413840,London-32cf,3,92,Normal
2026-02-15 00:03:39.413840,London-32cf,30,45,Normal
2026-02-15 00:03:40.413840,London-32cf,37,37,Normal
2026-02-15 00:03:41.413840,London-32cf,-15,23,Normal
2026-02-15 00:03:42.413840,London-32cf,36,89,Normal
2026-02-15 00:03:43.413840,London-32cf,45,71,Normal
2026-02-15 00:03:44.413840,London-32cf,0,17,Normal
2026-02-15 00:03:45.413840,London-32cf,42,44,Normal
2026-02-15 00:03:46.413840,London-32cf,-4,89,Normal
2026-02-15 00:03:47.413840,London-32cf,10,62,Normal
2026-02-15 00:03:48.413840,London-32cf,34,84,Normal
2026-02-15 00:03:49.413840,London-32cf,14,66,Normal
2026-02-15 00:03:50.413840,London-32cf,44,82,Normal
2026-02-15 00:03:51.413840,London-32cf,24,11,Normal
2026-02-15 00:03:52.413840,London-32cf,-1,54,Normal
2026-02-15 00:03:53.413840,London-32cf,-27,66,Normal
2026-02-15 00:03:54.413840,London-32cf,33,94,Normal
2026-02-15 00:03:55.413840,London-32cf,14,18,Normal
2026-02-15 00:03:56.413840,London-32cf,-4,16,Normal
2026-02-15 00:03:57.413840,London-32cf,-15,97,Normal
2026-02-15 00:03:58.413840,London-32cf,25,95,Normal
2026-02-15 00:03:59.413840,London-32cf,10,89,Normal
2026-02-15 00:04:00.413840,London-32cf,28,46,Normal
2026-02-15 00:04:01.413840,London-32cf,23,72,Normal
2026-02-15 00:04:02.413840,London-32cf,-19,93,Normal
2026-02-15 00:04:03.413840,London-32cf,-9,82,Normal
2026-02-15 00:04:04.413840,London-32cf,21,91,Normal
2026-02-15 00:04:05.413840,London-32cf,-11,74,Normal
2026-02-15 00:04:06.413840,London-32cf,47,37,Normal
2026-02-15 00:04:07.413840,London-32cf,-2,59,Normal
2026-02-15 00:04:08.413840,London-32cf,-28,59,Normal
2026-02-15 00:04:09.413840,London-32cf,27,56,Normal
2026-02-15 00:04:10.413840,London-32cf,-21,97,Normal
2026-02-15 00:04:11.413840,London-32cf,47,6,Normal
2026-02-15 00:04:12.413840,London-32cf,-27,68,Normal
2026-02-15 00:04:13.413840,London-32cf,44,17,Normal
2026-02-15 00:04:14.413840,London-32cf,-26,100,Normal
2026-02-15 00:04:15.413840,London-32cf,-11,79,Normal
2026-02-15 00:04:16.413840,London-32cf,49,34,Normal
2026-02-15 00:04:17.413840,London-32cf,28,19,Normal
2026-02-15 00:04:18.413840,London-32cf,9,84,Normal
2026-02-15 00:04:19.413840,London-32cf,29,22,Normal
2026-02-15 00:04:20.413840,London-32cf,45,51,Normal
2026-02-15 00:04:21.413840,London-32cf,27,90,Normal
2026-02-15 00:04:22.413840,London-32cf,-5,82,Normal
2026-02-15 00:04:23.413840,London-32cf,40,8,Normal
2026-02-15 00:04:24.413840,London-32cf,1,44,Normal
2026-02-15 00:04:25.413840,London-32cf,31,69,Normal
2026-02-15 00:04:26.413840,London-32cf,-8,45,Normal
2026-02-15 00:04:27.413840,London-32cf,33,13,Normal
2026-02-15 00:04:28.413840,London-32cf,-14,66,Normal
2026-02-15 00:04:29.413840,London-32cf,-6,71,Normal
2026-02-15 00:04:30.413840,London-32cf,38,24,Normal
2026-02-15 00:04:31.413840,London-32cf,21,0,Normal
2026-02-15 00:04:32.413840,London-32cf,-1,31,Normal
2026-02-15 00:04:33.413840,London-32cf,9,25,Normal
2026-02-15 00:04:34.413840,London-32cf,-10,93,Normal
2026-02-15 00:04:35.413840,London-32cf,46,24,Normal
2026-02-15 00:04:36.413840,London-32cf,30,26,Normal
2026-02-15 00:04:37.413840,London-32cf,21,34,Normal
2026-02-15 00:04:38.413840,London-32cf,28,54,Normal
2026-02-15 00:04:39.413840,London-32cf,45,13,Normal
2026-02-15 00:04:40.413840,London-32cf,6,5,Normal
2026-02-15 00:04:41.413840,London-32cf,30,78,Normal
2026-02-15 00:04:42.413840,London-32cf,17,58,Normal
2026-02-15 00:04:43.413840,London-32cf,47,72,Normal
2026-02-15 00:04:44.413840,London-32cf,-2,19,Normal
2026-02-15 00:04:45.413840,London-32cf,-10,41,Normal
2026-02-15 00:04:46.413840,London-32cf,-11,30,Normal
2026-02-15 00:04:47.413840,London-32cf,-2,35,Normal
2026-02-15 00:04:48.413840,London-32cf,-3,63,Normal
2026-02-15 00:04:49.413840,London-32cf,10,99,Normal
2026-02-15 00:04:50.413840,London-32cf,10,44,Normal
2026-02-15 00:04:51.413840,London-32cf,28,79,Normal
2026-02-15 00:04:52.413840,London-32cf,-29,90,Normal
2026-02-15 00:04:53.413840,London-32cf,41,89,Normal
2026-02-15 00:04:54.413840,London-32cf,43,45,Normal
2026-02-15 00:04:55.413840,London-32cf,0,41,Normal
2026-02-15 00:04:56.413840,London-32cf,-22,52,Normal
2026-02-15 00:04:57.413840,London-32cf,-4,51,Normal
2026-02-15 00:04:58.413840,London-32cf,-7,19,Normal
2026-02-15 00:04:59.413840,London-32cf,23,31,Normal
2026-02-15 00:05:00.413840,London-32cf,29,56,Normal
2026-02-15 00:05:01.413840,London-32cf,17,64,Normal
2026-02-15 00:05:02.413840,London-32cf,2,67,Normal
2026-02-15 00:05:03.413840,London-32cf,30,24,Normal
2026-02-15 00:05:04.413840,London-32cf,-8,20,Normal
2026-02-15 00:05:05.413840,London-32cf,1,79,Normal
2026-02-15 00:05:06.413840,London-32cf,-7,57,Normal
2026-02-15 00:05:07.413840,London-32cf,-20,41,Normal
2026-02-15 00:05:08.413840,London-32cf,34,45,Normal
2026-02-15 00:05:09.413840,London-32cf,25,90,Normal
2026-02-15 00:05:10.413840,London-32cf,9,33,Normal
2026-02-15 00:05:11.413840,London-32cf,48,90,Normal
2026-02-15 00:05:12.413840,London-32cf,0,87,Normal
2026-02-15 00:05:13.413840,London-32cf,31,23,Normal
2026-02-15 00:05:14.413840,London-32cf,-4,78,Normal
2026-02-15 00:05:15.413840,London-32cf,-18,63,Normal
2026-02-15 00:05:16.413840,London-32cf,13,20,Normal
2026-02-15 00:05:17.413840,London-32cf,-25,86,Normal
2026-02-15 00:05:18.413840,London-32cf,10,81,Normal
2026-02-15 00:05:19.413840,London-32cf,-12,96,Normal
2026-02-15 00:05:20.413840,London-32cf,-10,45,Normal
2026-02-15 00:05:21.413840,London-32cf,39,39,Normal
2026-02-15 00:05:22.413840,London-32cf,-23,82,Normal
2026-02-15 00:05:23.413840,London-32cf,-18,91,Normal
2026-02-15 00:05:24.413840,London-32cf,46,98,Normal
2026-02-15 00:05:25.413840,London-32cf,9,7,Normal
2026-02-15 00:05:26.413840,London-32cf,-20,69,Normal
2026-02-15 00:05:27.413840,London-32cf,23,44,Normal
2026-02-15 00:05:28.413840,London-32cf,42,10,Normal
2026-02-15 00:05:29.413840,London-32cf,35,33,Normal
2026-02-15 00:05:30.413840,London-32cf,-18,44,Normal
2026-02-15 00:05:31.413840,London-32cf,-16,83,Normal
2026-02-15 00:05:32.413840,London-32cf,-20,44,Normal
2026-02-15 00:05:33.413840,London-32cf,38,87,Normal
2026-02-15 00:05:34.413840,London-32cf,50,23,Normal
2026-02-15 00:05:35.413840,London-32cf,2,32,Normal
2026-02-15 00:05:36.413840,London-32cf,-3,30,Normal
2026-02-15 00:05:37.413840,London-32cf,-18,87,Normal
2026-02-15 00:05:38.413840,London-32cf,-20,90,Normal
2026-02-15 00:05:39.413840,London-32cf,1,5,Normal
2026-02-15 00:05:40.413840,London-32cf,21,71,Normal
2026-02-15 00:05:41.413840,London-32cf,9,66,Normal
2026-02-15 00:05:42.413840,London-32cf,32,40,Normal
2026-02-15 00:05:43.413840,London-32cf,11,80,Normal
2026-02-15 00:05:44.413840,London-32cf,43,55,Normal
2026-02-15 00:05:45.413840,London-32cf,-30,32,Normal
2026-02-15 00:05:46.413840,London-32cf,30,58,Normal
2026-02-15 00:05:47.413840,London-32cf,47,83,Normal
2026-02-15 00:05:48.413840,London-32cf,-24,74,Normal
2026-02-15 00:05:49.413840,London-32cf,-21,62,Normal
2026-02-15 00:05:50.413840,London-32cf,22,43,Normal
2026-02-15 00:05:51.413840,London-32cf,10,91,Normal
2026-02-15 00:05:52.413840,London-32cf,-7,50,Normal
2026-02-15 00:05:53.413840,London-32cf,24,45,Normal
2026-02-15 00:05:54.413840,London-32cf,-14,94,Normal
2026-02-15 00:05:55.413840,London-32cf,-11,69,Normal
2026-02-15 00:05:56.413840,London-32cf,47,26,Normal
2026-02-15 00:05:57.413840,London-32cf,22,89,Normal
2026-02-15 00:05:58.413840,London-32cf,-20,0,Normal
2026-02-15 00:05:59.413840,London-32cf,8,13,Normal
2026-02-15 00:06:00.413840,London-32cf,45,15,Normal
2026-02-15 00:06:01.413840,London-32cf,42,46,Normal
2026-02-15 00:06:02.413840,London-32cf,13,25,Normal
2026-02-15 00:06:03.413840,London-32cf,-7,49,Normal
2026-02-15 00:06:04.413840,London-32cf,31,98,Normal
2026-02-15 00:06:05.413840,London-32cf,6,17,Normal
2026-02-15 00:06:06.413840,London-32cf,-8,22,Normal
2026-02-15 00:06:07.413840,London-32cf,-23,59,Normal
2026-02-15 00:06:08.413840,London-32cf,47,98,Normal
2026-02-15 00:06:09.413840,London-32cf,2,14,Normal
2026-02-15 00:06:10.413840,London-32cf,9,21,Normal
2026-02-15 00:06:11.413840,London-32cf,34,19,Normal
2026-02-15 00:06:12.413840,London-32cf,43,56,Normal
2026-02-15 00:06:13.413840,London-32cf,-20,69,Normal
2026-02-15 00:06:14.413840,London-32cf,40,89,Normal
2026-02-15 00:06:15.413840,London-32cf,-8,94,Normal
2026-02-15 00:06:16.413840,London-32cf,-20,46,Normal
2026-02-15 00:06:17.413840,London-32cf,24,23,Normal
2026-02-15 00:06:18.413840,London-32cf,47,92,Normal
2026-02-15 00:06:19.413840,London-32cf,17,76,Normal
2026-02-15 00:06:20.413840,London-32cf,-20,60,Normal
2026-02-15 00:06:21.413840,London-32cf,-20,25,Normal
2026-02-15 00:06:22.413840,London-32cf,1,38,Normal
2026-02-15 00:06:23.413840,London-32cf,16,71,Normal
2026-02-15 00:06:24.413840,London-32cf,-27,6,Normal
2026-02-15 00:06:25.413840,London-32cf,-17,70,Normal
2026-02-15 00:06:26.413840,London-32cf,21,64,Normal
2026-02-15 00:06:27.413840,London-32cf,-3,39,Normal
2026-02-15 00:06:28.413840,London-32cf,-20,95,Normal
2026-02-15 00:06:29.413840,London-32cf,0,71,Normal
2026-02-15 00:06:30.413840,London-32cf,0,29,Normal
2026-02-15 00:06:31.413840,London-32cf,0,73,Normal
2026-02-15 00:06:32.413840,London-32cf,-15,2,Normal
2026-02-15 00:06:33.413840,London-32cf,3,85,Normal
2026-02-15 00:06:34.413840,London-32cf,-10,23,Normal
2026-02-15 00:06:35.413840,London-32cf,-22,5,Normal
2026-02-15 00:06:36.413840,London-32cf,8,95,Normal
2026-02-15 00:06:37.413840,London-32cf,44,50,Normal
2026-02-15 00:06:38.413840,London-32cf,-24,73,Normal
2026-02-15 00:06:39.413840,London-32cf,6,31,Normal
2026-02-15 00:06:40.413840,London-32cf,21,52,Normal
2026-02-15 00:06:41.413840,London-32cf,8,47,Normal
2026-02-15 00:06:42.413840,London-32cf,-23,10,Normal
2026-02-15 00:06:43.413840,London-32cf,27,12,Normal
2026-02-15 00:06:44.413840,London-32cf,4,4,Normal
2026-02-15 00:06:45.413840,London-32cf,50,65,Normal
2026-02-15 00:06:46.413840,London-32cf,46,47,Normal
2026-02-15 00:06:47.413840,London-32cf,13,42,Normal
2026-02-15 00:06:48.413840,London-32cf,-27,37,Normal
2026-02-15 00:06:49.413840,London-32cf,28,94,Normal
2026-02-15 00:06:50.413840,London-32cf,32,22,Normal
2026-02-15 00:06:51.413840,London-32cf,-15,90,Normal
2026-02-15 00:06:52.413840,London-32cf,38,54,Normal
2026-02-15 00:06:53.413840,London-32cf,-25,100,Normal
2026-02-15 00:06:54.413840,London-32cf,-15,64,Normal
2026-02-15 00:06:55.413840,London-32cf,9,61,Normal
2026-02-15 00:06:56.413840,London-32cf,48,85,Normal
2026-02-15 00:06:57.413840,London-32cf,29,73,Normal
2026-02-15 00:06:58.413840,London-32cf,48,62,Normal
2026-02-15 00:06:59.413840,London-32cf,4,41,Normal
2026-02-15 00:07:00.413840,London-32cf,27,41,Normal
2026-02-15 00:07:01.413840,London-32cf,29,34,Normal
2026-02-15 00:07:02.413840,London-32cf,-10,7,Normal
2026-02-15 00:07:03.413840,London-32cf,20,7,Normal
2026-02-15 00:07:04.413840,London-32cf,0,18,Normal
2026-02-15 00:07:05.413840,London-32cf,-26,19,Normal
2026-02-15 00:07:06.413840,London-32cf,40,15,Normal
2026-02-15 00:07:07.413840,London-32cf,11,4,Normal
2026-02-15 00:07:08.413840,London-32cf,12,31,Normal
2026-02-15 00:07:09.413840,London-32cf,47,30,Normal
2026-02-15 00:07:10.413840,London-32cf,45,1,Normal
2026-02-15 00:07:11.413840,London-32cf,44,4,Normal
2026-02-15 00:07:12.413840,London-32cf,22,61,Normal
2026-02-15 00:07:13.413840,London-32cf,-11,77,Normal
2026-02-15 00:07:14.413840,London-32cf,5,63,Normal
2026-02-15 00:07:15.413840,London-32cf,12,38,Normal
2026-02-15 00:07:16.413840,London-32cf,-16,22,Normal
2026-02-15 00:07:17.413840,London-32cf,26,41,Normal
2026-02-15 00:07:18.413840,London-32cf,15,94,Normal
2026-02-15 00:07:19.413840,London-32cf,41,84,Normal
2026-02-15 00:07:20.413840,London-32cf,-13,1,Normal
2026-02-15 00:07:21.413840,London-32cf,39,28,Normal
2026-02-15 00:07:22.413840,London-32cf,50,29,Normal
2026-02-15 00:07:23.413840,London-32cf,-18,27,Normal
2026-02-15 00:07:24.413840,London-32cf,20,36,Normal
2026-02-15 00:07:25.413840,London-32cf,-11,27,Normal
2026-02-15 00:07:26.413840,London-32cf,-15,61,Normal
2026-02-15 00:07:27.413840,London-32cf,-15,11,Normal
2026-02-15 00:07:28.413840,London-32cf,-9,7,Normal
2026-02-15 00:07:29.413840,London-32cf,-10,46,Normal
2026-02-15 00:07:30.413840,London-32cf,19,24,Normal
2026-02-15 00:07:31.413840,London-32cf,22,48,Normal
2026-02-15 00:07:32.413840,London-32cf,-25,35,Normal
2026-02-15 00:07:33.413840,London-32cf,-4,100,Normal
2026-02-15 00:07:34.413840,London-32cf,-17,5,Normal
2026-02-15 00:07:35.413840,London-32cf,-17,82,Normal
2026-02-15 00:07:36.413840,London-32cf,15,100,Normal
2026-02-15 00:07:37.413840,London-32cf,6,7,Normal
2026-02-15 00:07:38.413840,London-32cf,5,11,Normal
2026-02-15 00:07:39.413840,London-32cf,13,84,Normal
2026-02-15 00:07:40.413840,London-32cf,-2,86,Normal
2026-02-15 00:07:41.413840,London-32cf,-18,88,Normal
2026-02-15 00:07:42.413840,London-32cf,40,84,Normal
2026-02-15 00:07:43.413840,London-32cf,23,74,Normal
2026-02-15 00:07:44.413840,London-32cf,14,25,Normal
2026-02-15 00:07:45.413840,London-32cf,36,82,Normal
2026-02-15 00:07:46.413840,London-32cf,26,94,Normal
2026-02-15 00:07:47.413840,London-32cf,22,54,Normal
2026-02-15 00:07:48.413840,London-32cf,35,91,Normal
2026-02-15 00:07:49.413840,London-32cf,41,3,Normal
2026-02-15 00:07:50.413840,London-32cf,0,51,Normal
2026-02-15 00:07:51.413840,London-32cf,49,65,Normal
2026-02-15 00:07:52.413840,London-32cf,3,21,Normal
2026-02-15 00:07:53.413840,London-32cf,43,12,Normal
2026-02-15 00:07:54.413840,London-32cf,43,37,Normal
2026-02-15 00:07:55.413840,London-32cf,2,53,Normal
2026-02-15 00:07:56.413840,London-32cf,-4,34,Normal
2026-02-15 00:07:57.413840,London-32cf,48,21,Normal
2026-02-15 00:07:58.413840,London-32cf,-4,50,Normal
2026-02-15 00:07:59.413840,London-32cf,0,45,Normal
2026-02-15 00:08:00.413840,London-32cf,-29,51,Normal
2026-02-15 00:08:01.413840,London-32cf,3,46,Normal
2026-02-15 00:08:02.413840,London-32cf,9,22,Normal
2026-02-15 00:08:03.413840,London-32cf,27,46,Normal
2026-02-15 00:08:04.413840,London-32cf,22,8,Normal
2026-02-15 00:08:05.413840,London-32cf,30,55,Normal
2026-02-15 00:08:06.413840,London-32cf,2,71,Normal
2026-02-15 00:08:07.413840,London-32cf,-5,16,Normal
2026-02-15 00:08:08.413840,London-32cf,28,73,Normal
2026-02-15 00:08:09.413840,London-32cf,45,22,Normal
2026-02-15 00:08:10.413840,London-32cf,-30,32,Normal
2026-02-15 00:08:11.413840,London-32cf,-16,34,Normal
2026-02-15 00:08:12.413840,London-32cf,12,22,Normal
2026-02-15 00:08:13.413840,London-32cf,-5,98,Normal
2026-02-15 00:08:14.413840,London-32cf,39,59,Normal
2026-02-15 00:08:15.413840,London-32cf,-27,51,Normal
2026-02-15 00:08:16.413840,London-32cf,20,41,Normal
2026-02-15 00:08:17.413840,London-32cf,-16,55,Normal
2026-02-15 00:08:18.413840,London-32cf,12,77,Normal
2026-02-15 00:08:19.413840,London-32cf,-3,45,Normal
2026-02-15 00:08:20.413840,London-32cf,-3,95,Normal
2026-02-15 00:08:21.413840,London-32cf,-7,86,Normal
2026-02-15 00:08:22.413840,London-32cf,6,33,Normal
2026-02-15 00:08:23.413840,London-32cf,-6,38,Normal
2026-02-15 00:08:24.413840,London-32cf,24,16,Normal
2026-02-15 00:08:25.413840,London-32cf,50,57,Normal
2026-02-15 00:08:26.413840,London-32cf,-24,3,Normal
2026-02-15 00:08:27.413840,London-32cf,-10,68,Normal
2026-02-15 00:08:28.413840,London-32cf,11,16,Normal
2026-02-15 00:08:29.413840,London-32cf,-5,53,Normal
2026-02-15 00:08:30.413840,London-32cf,38,84,Normal
2026-02-15 00:08:31.413840,London-32cf,-30,24,Normal
2026-02-15 00:08:32.413840,London-32cf,-23,85,Normal
2026-02-15 00:08:33.413840,London-32cf,21,70,Normal
2026-02-15 00:08:34.413840,London-32cf,-3,0,Normal
2026-02-15 00:08:35.413840,London-32cf,-7,65,Normal
2026-02-15 00:08:36.413840,London-32cf,15,4,Normal
2026-02-15 00:08:37.413840,London-32cf,-15,90,Normal
2026-02-15 00:08:38.413840,London-32cf,-20,63,Normal
2026-02-15 00:08:39.413840,London-32cf,-21,44,Normal
2026-02-15 00:08:40.413840,London-32cf,9,97,Normal
2026-02-15 00:08:41.413840,London-32cf,7,28,Normal
2026-02-15 00:08:42.413840,London-32cf,28,24,Normal
2026-02-15 00:08:43.413840,London-32cf,36,0,Normal
2026-02-15 00:08:44.413840,London-32cf,-9,21,Normal
2026-02-15 00:08:45.413840,London-32cf,19,75,Normal
2026-02-15 00:08:46.413840,London-32cf,28,76,Normal
2026-02-15 00:08:47.413840,London-32cf,45,56,Normal
2026-02-15 00:08:48.413840,London-32cf,44,51,Normal
2026-02-15 00:08:49.413840,London-32cf,31,40,Normal
2026-02-15 00:08:50.413840,London-32cf,6,88,Normal
2026-02-15 00:08:51.413840,London-32cf,-30,75,Normal
2026-02-15 00:08:52.413840,London-32cf,18,41,Normal
2026-02-15 00:08:53.413840,London-32cf,24,83,Normal
2026-02-15 00:08:54.413840,London-32cf,38,74,Normal
2026-02-15 00:08:55.413840,London-32cf,-10,2,Normal
2026-02-15 00:08:56.413840,London-32cf,21,54,Normal
2026-02-15 00:08:57.413840,London-32cf,-9,60,Normal
2026-02-15 00:08:58.413840,London-32cf,20,4,Normal
2026-02-15 00:08:59.413840,London-32cf,-24,70,Normal
2026-02-15 00:09:00.413840,London-32cf,-13,73,Normal
2026-02-15 00:09:01.413840,London-32cf,8,87,Normal
2026-02-15 00:09:02.413840,London-32cf,-8,57,Normal
2026-02-15 00:09:03.413840,London-32cf,2,77,Normal
2026-02-15 00:09:04.413840,London-32cf,36,92,Normal
2026-02-15 00:09:05.413840,London-32cf,-23,0,Normal
2026-02-15 00:09:06.413840,London-32cf,23,23,Normal
2026-02-15 00:09:07.413840,London-32cf,-11,25,Normal
2026-02-15 00:09:08.413840,London-32cf,44,97,Normal
2026-02-15 00:09:09.413840,London-32cf,1,52,Normal
2026-02-15 00:09:10.413840,London-32cf,44,27,Normal
2026-02-15 00:09:11.413840,London-32cf,39,39,Normal
2026-02-15 00:09:12.413840,London-32cf,35,33,Normal
2026-02-15 00:09:13.413840,London-32cf,33,80,Normal
2026-02-15 00:09:14.413840,London-32cf,-3,31,Normal
2026-02-15 00:09:15.413840,London-32cf,-13,16,Normal
2026-02-15 00:09:16.413840,London-32cf,-18,86,Normal
2026-02-15 00:09:17.413840,London-32cf,28,29,Normal
2026-02-15 00:09:18.413840,London-32cf,-14,5,Normal
2026-02-15 00:09:19.413840,London-32cf,-3,82,Normal
2026-02-15 00:09:20.413840,London-32cf,17,21,Normal
2026-02-15 00:09:21.413840,London-32cf,-6,23,Normal
2026-02-15 00:09:22.413840,London-32cf,48,40,Normal
2026-02-15 00:09:23.413840,London-32cf,13,90,Normal
2026-02-15 00:09:24.413840,London-32cf,-1,32,Normal
2026-02-15 00:09:25.413840,London-32cf,4,61,Normal
2026-02-15 00:09:26.413840,London-32cf,-26,93,Normal
2026-02-15 00:09:27.413840,London-32cf,-24,23,Normal
2026-02-15 00:09:28.413840,London-32cf,14,81,Normal
2026-02-15 00:09:29.413840,London-32cf,18,68,Normal
2026-02-15 00:09:30.413840,London-32cf,21,99,Normal
2026-02-15 00:09:31.413840,London-32cf,14,98,Normal
2026-02-15 00:09:32.413840,London-32cf,27,5,Normal
2026-02-15 00:09:33.413840,London-32cf,-30,82,Normal
2026-02-15 00:09:34.413840,London-32cf,7,80,Normal
2026-02-15 00:09:35.413840,London-32cf,-27,47,Normal
2026-02-15 00:09:36.413840,London-32cf,8,34,Normal
2026-02-15 00:09:37.413840,London-32cf,30,4,Normal
2026-02-15 00:09:38.413840,London-32cf,-5,1,Normal
2026-02-15 00:09:39.413840,London-32cf,44,56,Normal
2026-02-15 00:09:40.413840,London-32cf,18,18,Normal
2026-02-15 00:09:41.413840,London-32cf,31,54,Normal
2026-02-15 00:09:42.413840,London-32cf,7,4,Normal
2026-02-15 00:09:43.413840,London-32cf,15,62,Normal
2026-02-15 00:09:44.413840,London-32cf,-18,82,Normal
2026-02-15 00:09:45.413840,London-32cf,-12,62,Normal
2026-02-15 00:09:46.413840,London-32cf,-6,26,Normal
2026-02-15 00:09:47.413840,London-32cf,5,9,Normal
2026-02-15 00:09:48.413840,London-32cf,33,84,Normal
2026-02-15 00:09:49.413840,London-32cf,38,4,Normal
2026-02-15 00:09:50.413840,London-32cf,38,36,Normal
2026-02-15 00:09:51.413840,London-32cf,-24,29,Normal
2026-02-15 00:09:52.413840,London-32cf,27,94,Normal
2026-02-15 00:09:53.413840,London-32cf,30,73,Normal
2026-02-15 00:09:54.413840,London-32cf,10,85,Normal
2026-02-15 00:09:55.413840,London-32cf,-4,54,Normal
2026-02-15 00:09:56.413840,London-32cf,-19,92,Normal
2026-02-15 00:09:57.413840,London-32cf,33,61,Normal
2026-02-15 00:09:58.413840,London-32cf,-22,61,Normal
2026-02-15 00:09:59.413840,London-32cf,47,66,Normal
2026-02-15 00:10:00.413840,London-32cf,30,39,Normal
2026-02-15 00:10:01.413840,London-32cf,11,9,Normal
2026-02-15 00:10:02.413840,London-32cf,3,40,Normal
2026-02-15 00:10:03.413840,London-32cf,47,55,Normal
2026-02-15 00:10:04.413840,London-32cf,31,10,Normal
2026-02-15 00:10:05.413840,London-32cf,7,76,Normal
2026-02-15 00:10:06.413840,London-32cf,-26,89,Normal
2026-02-15 00:10:07.413840,London-32cf,34,65,Normal
2026-02-15 00:10:08.413840,London-32cf,31,20,Normal
2026-02-15 00:10:09.413840,London-32cf,-23,63,Normal
2026-02-15 00:10:10.413840,London-32cf,4,53,Normal
2026-02-15 00:10:11.413840,London-32cf,-8,34,Normal
2026-02-15 00:10:12.413840,London-32cf,-4,93,Normal
2026-02-15 00:10:13.413840,London-32cf,24,55,Normal
2026-02-15 00:10:14.413840,London-32cf,35,92,Normal
2026-02-15 00:10:15.413840,London-32cf,20,66,Normal
2026-02-15 00:10:16.413840,London-32cf,-15,82,Normal
2026-02-15 00:10:17.413840,London-32cf,41,82,Normal
2026-02-15 00:10:18.413840,London-32cf,12,81,Normal
2026-02-15 00:10:19.413840,London-32cf,50,75,Normal
2026-02-15 00:10:20.413840,London-32cf,42,9,Normal
2026-02-15 00:10:21.413840,London-32cf,-13,90,Normal
2026-02-15 00:10:22.413840,London-32cf,-18,24,Normal
2026-02-15 00:10:23.413840,London-32cf,-30,61,Normal
2026-02-15 00:10:24.413840,London-32cf,-25,10,Normal
2026-02-15 00:10:25.413840,London-32cf,21,89,Normal
2026-02-15 00:10:26.413840,London-32cf,0,33,Normal
2026-02-15 00:10:27.413840,London-32cf,8,40,Normal
2026-02-15 00:10:28.413840,London-32cf,30,2,Normal
2026-02-15 00:10:29.413840,London-32cf,29,52,Normal
2026-02-15 00:10:30.413840,London-32cf,49,29,Normal
2026-02-15 00:10:31.413840,London-32cf,43,15,Normal
2026-02-15 00:10:32.413840,London-32cf,7,54,Normal
2026-02-15 00:10:33.413840,London-32cf,-25,40,Normal
2026-02-15 00:10:34.413840,London-32cf,38,67,Normal
2026-02-15 00:10:35.413840,London-32cf,-16,55,Normal
2026-02-15 00:10:36.413840,London-32cf,-3,6,Normal
2026-02-15 00:10:37.413840,London-32cf,43,44,Normal
2026-02-15 00:10:38.413840,London-32cf,-4,9,Normal
2026-02-15 00:10:39.413840,London-32cf,19,0,Normal
2026-02-15 00:10:40.413840,London-32cf,-13,63,Normal
2026-02-15 00:10:41.413840,London-32cf,-22,50,Normal
2026-02-15 00:10:42.413840,London-32cf,45,36,Normal
2026-02-15 00:10:43.413840,London-32cf,40,3,Normal
2026-02-15 00:10:44.413840,London-32cf,11,70,Normal
2026-02-15 00:10:45.413840,London-32cf,7,42,Normal
2026-02-15 00:10:46.413840,London-32cf,37,100,Normal
2026-02-15 00:10:47.413840,London-32cf,2,79,Normal
2026-02-15 00:10:48.413840,London-32cf,0,80,Normal
2026-02-15 00:10:49.413840,London-32cf,-28,10,Normal
2026-02-15 00:10:50.413840,London-32cf,38,78,Normal
2026-02-15 00:10:51.413840,London-32cf,2,46,Normal
2026-02-15 00:10:52.413840,London-32cf,-27,50,Normal
2026-02-15 00:10:53.413840,London-32cf,46,33,Normal
2026-02-15 00:10:54.413840,London-32cf,21,97,Normal
2026-02-15 00:10:55.413840,London-32cf,27,97,Normal
2026-02-15 00:10:56.413840,London-32cf,41,51,Normal
2026-02-15 00:10:57.413840,London-32cf,25,64,Normal
2026-02-15 00:10:58.413840,London-32cf,49,21,Normal
2026-02-15 00:10:59.413840,London-32cf,-23,4,Normal
2026-02-15 00:11:00.413840,London-32cf,35,77,Normal
2026-02-15 00:11:01.413840,London-32cf,8,42,Normal
2026-02-15 00:11:02.413840,London-32cf,10,22,Normal
2026-02-15 00:11:03.413840,London-32cf,8,12,Normal
2026-02-15 00:11:04.413840,London-32cf,-7,99,Normal
2026-02-15 00:11:05.413840,London-32cf,4,62,Normal
2026-02-15 00:11:06.413840,London-32cf,-5,75,Normal
2026-02-15 00:11:07.413840,London-32cf,-27,82,Normal
2026-02-15 00:11:08.413840,London-32cf,39,8,Normal
2026-02-15 00:11:09.413840,London-32cf,43,7,Normal
2026-02-15 00:11:10.413840,London-32cf,-21,66,Normal
2026-02-15 00:11:11.413840,London-32cf,46,5,Normal
2026-02-15 00:11:12.413840,London-32cf,28,35,Normal
2026-02-15 00:11:13.413840,London-32cf,36,4,Normal
2026-02-15 00:11:14.413840,London-32cf,-21,72,Normal
2026-02-15 00:11:15.413840,London-32cf,11,64,Normal
2026-02-15 00:11:16.413840,London-32cf,20,46,Normal
2026-02-15 00:11:17.413840,London-32cf,22,75,Normal
2026-02-15 00:11:18.413840,London-32cf,13,64,Normal
2026-02-15 00:11:19.413840,London-32cf,-27,56,Normal
2026-02-15 00:11:20.413840,London-32cf,24,60,Normal
2026-02-15 00:11:21.413840,London-32cf,20,84,Normal
2026-02-15 00:11:22.413840,London-32cf,0,74,Normal
2026-02-15 00:11:23.413840,London-32cf,4,16,Normal
2026-02-15 00:11:24.413840,London-32cf,-19,46,Normal
2026-02-15 00:11:25.413840,London-32cf,10,20,Normal
2026-02-15 00:11:26.413840,London-32cf,-29,19,Normal
2026-02-15 00:11:27.413840,London-32cf,50,72,Normal
2026-02-15 00:11:28.413840,London-32cf,1,43,Normal
2026-02-15 00:11:29.413840,London-32cf,-22,44,Normal
2026-02-15 00:11:30.413840,London-32cf,9,58,Normal
2026-02-15 00:11:31.413840,London-32cf,48,77,Normal
2026-02-15 00:11:32.413840,London-32cf,19,45,Normal
2026-02-15 00:11:33.413840,London-32cf,49,30,Normal
2026-02-15 00:11:34.413840,London-32cf,-19,15,Normal
2026-02-15 00:11:35.413840,London-32cf,28,90,Normal
2026-02-15 00:11:36.413840,London-32cf,-15,36,Normal
2026-02-15 00:11:37.413840,London-32cf,-5,1,Normal
2026-02-15 00:11:38.413840,London-32cf,26,68,Normal
2026-02-15 00:11:39.413840,London-32cf,-26,43,Normal
2026-02-15 00:11:40.413840,London-32cf,-5,80,Normal
2026-02-15 00:11:41.413840,London-32cf,-14,98,Normal
2026-02-15 00:11:42.413840,London-32cf,15,55,Normal
2026-02-15 00:11:43.413840,London-32cf,44,86,Normal
2026-02-15 00:11:44.413840,London-32cf,46,17,Normal
2026-02-15 00:11:45.413840,London-32cf,13,89,Normal
2026-02-15 00:11:46.413840,London-32cf,8,35,Normal
2026-02-15 00:11:47.413840,London-32cf,-11,94,Normal
2026-02-15 00:11:48.413840,London-32cf,-30,83,Normal
2026-02-15 00:11:49.413840,London-32cf,24,62,Normal
2026-02-15 00:11:50.413840,London-32cf,11,96,Normal
2026-02-15 00:11:51.413840,London-32cf,49,42,Normal
2026-02-15 00:11:52.413840,London-32cf,22,46,Normal
2026-02-15 00:11:53.413840,London-32cf,-28,56,Normal
2026-02-15 00:11:54.413840,London-32cf,-9,17,Normal
2026-02-15 00:11:55.413840,London-32cf,26,49,Normal
2026-02-15 00:11:56.413840,London-32cf,39,44,Normal
2026-02-15 00:11:57.413840,London-32cf,47,69,Normal
2026-02-15 00:11:58.413840,London-32cf,41,12,Normal
2026-02-15 00:11:59.413840,London-32cf,27,22,Normal
2026-02-15 00:12:00.413840,London-32cf,-28,88,Normal
2026-02-15 00:12:01.413840,London-32cf,48,80,Normal
2026-02-15 00:12:02.413840,London-32cf,-3,4,Normal
2026-02-15 00:12:03.413840,London-32cf,35,78,Normal
2026-02-15 00:12:04.413840,London-32cf,-11,27,Normal
2026-02-15 00:12:05.413840,London-32cf,0,10,Normal
2026-02-15 00:12:06.413840,London-32cf,2,10,Normal
2026-02-15 00:12:07.413840,London-32cf,-3,73,Normal
2026-02-15 00:12:08.413840,London-32cf,-22,86,Normal
2026-02-15 00:12:09.413840,London-32cf,18,13,Normal
2026-02-15 00:12:10.413840,London-32cf,14,7,Normal
2026-02-15 00:12:11.413840,London-32cf,-2,71,Normal
2026-02-15 00:12:12.413840,London-32cf,-4,100,Normal
2026-02-15 00:12:13.413840,London-32cf,-3,82,Normal
2026-02-15 00:12:14.413840,London-32cf,47,7,Normal
2026-02-15 00:12:15.413840,London-32cf,33,7,Normal
2026-02-15 00:12:16.413840,London-32cf,30,45,Normal
2026-02-15 00:12:17.413840,London-32cf,-23,17,Normal
2026-02-15 00:12:18.413840,London-32cf,14,97,Normal
2026-02-15 00:12:19.413840,London-32cf,13,56,Normal
2026-02-15 00:12:20.413840,London-32cf,27,90,Normal
2026-02-15 00:12:21.413840,London-32cf,10,23,Normal
2026-02-15 00:12:22.413840,London-32cf,16,68,Normal
2026-02-15 00:12:23.413840,London-32cf,42,31,Normal
2026-02-15 00:12:24.413840,London-32cf,7,98,Normal
2026-02-15 00:12:25.413840,London-32cf,48,76,Normal
2026-02-15 00:12:26.413840,London-32cf,-30,3,Normal
2026-02-15 00:12:27.413840,London-32cf,13,22,Normal
2026-02-15 00:12:28.413840,London-32cf,29,56,Normal
2026-02-15 00:12:29.413840,London-32cf,-13,100,Normal
2026-02-15 00:12:30.413840,London-32cf,-26,54,Normal
2026-02-15 00:12:31.413840,London-32cf,24,61,Normal
2026-02-15 00:12:32.413840,London-32cf,33,60,Normal
2026-02-15 00:12:33.413840,London-32cf,-11,92,Normal
2026-02-15 00:12:34.413840,London-32cf,32,28,Normal
2026-02-15 00:12:35.413840,London-32cf,44,33,Normal
2026-02-15 00:12:36.413840,London-32cf,42,34,Normal
2026-02-15 00:12:37.413840,London-32cf,7,52,Normal
2026-02-15 00:12:38.413840,London-32cf,-3,57,Normal
2026-02-15 00:12:39.413840,London-32cf,47,36,Normal
2026-02-15 00:12:40.413840,London-32cf,50,29,Normal
2026-02-15 00:12:41.413840,London-32cf,-17,30,Normal
2026-02-15 00:12:42.413840,London-32cf,16,89,Normal
2026-02-15 00:12:43.413840,London-32cf,31,70,Normal
2026-02-15 00:12:44.413840,London-32cf,11,25,Normal
2026-02-15 00:12:45.413840,London-32cf,12,92,Normal
2026-02-15 00:12:46.413840,London-32cf,37,64,Normal
2026-02-15 00:12:47.413840,London-32cf,30,49,Normal
2026-02-15 00:12:48.413840,London-32cf,-27,2,Normal
2026-02-15 00:12:49.413840,London-32cf,22,44,Normal
2026-02-15 00:12:50.413840,London-32cf,-16,47,Normal
2026-02-15 00:12:51.413840,London-32cf,40,18,Normal
2026-02-15 00:12:52.413840,London-32cf,-23,18,Normal
2026-02-15 00:12:53.413840,London-32cf,36,23,Normal
2026-02-15 00:12:54.413840,London-32cf,20,88,Normal
2026-02-15 00:12:55.413840,London-32cf,-18,22,Normal
2026-02-15 00:12:56.413840,London-32cf,22,46,Normal
2026-02-15 00:12:57.413840,London-32cf,20,59,Normal
2026-02-15 00:12:58.413840,London-32cf,-14,47,Normal
2026-02-15 00:12:59.413840,London-32cf,30,52,Normal
2026-02-15 00:13:00.413840,London-32cf,45,66,Normal
2026-02-15 00:13:01.413840,London-32cf,-27,7,Normal
2026-02-15 00:13:02.413840,London-32cf,3,71,Normal
2026-02-15 00:13:03.413840,London-32cf,-2,6,Normal
2026-02-15 00:13:04.413840,London-32cf,-7,4,Normal
2026-02-15 00:13:05.413840,London-32cf,48,53,Normal
2026-02-15 00:13:06.413840,London-32cf,-20,13,Normal
2026-02-15 00:13:07.413840,London-32cf,-12,84,Normal
2026-02-15 00:13:08.413840,London-32cf,-11,3,Normal
2026-02-15 00:13:09.413840,London-32cf,-8,63,Normal
2026-02-15 00:13:10.413840,London-32cf,-22,69,Normal
2026-02-15 00:13:11.413840,London-32cf,22,37,Normal
2026-02-15 00:13:12.413840,London-32cf,41,84,Normal
2026-02-15 00:13:13.413840,London-32cf,27,3,Normal
2026-02-15 00:13:14.413840,London-32cf,49,59,Normal
2026-02-15 00:13:15.413840,London-32cf,24,31,Normal
2026-02-15 00:13:16.413840,London-32cf,-9,29,Normal
2026-02-15 00:13:17.413840,London-32cf,-27,77,Normal
2026-02-15 00:13:18.413840,London-32cf,-13,30,Normal
2026-02-15 00:13:19.413840,London-32cf,-16,62,Normal
2026-02-15 00:13:20.413840,London-32cf,21,62,Normal
2026-02-15 00:13:21.413840,London-32cf,-13,27,Normal
2026-02-15 00:13:22.413840,London-32cf,42,56,Normal
2026-02-15 00:13:23.413840,London-32cf,20,46,Normal
2026-02-15 00:13:24.413840,London-32cf,21,54,Normal
2026-02-15 00:13:25.413840,London-32cf,7,22,Normal
2026-02-15 00:13:26.413840,London-32cf,28,30,Normal
2026-02-15 00:13:27.413840,London-32cf,-9,8,Normal
2026-02-15 00:13:28.413840,London-32cf,-10,56,Normal
2026-02-15 00:13:29.413840,London-32cf,-30,81,Normal
2026-02-15 00:13:30.413840,London-32cf,-8,17,Normal
2026-02-15 00:13:31.413840,London-32cf,7,18,Normal
2026-02-15 00:13:32.413840,London-32cf,-10,43,Normal
2026-02-15 00:13:33.413840,London-32cf,50,69,Normal
2026-02-15 00:13:34.413840,London-32cf,-29,28,Normal
2026-02-15 00:13:35.413840,London-32cf,26,7,Normal
2026-02-15 00:13:36.413840,London-32cf,39,40,Normal
2026-02-15 00:13:37.413840,London-32cf,25,2,Normal
2026-02-15 00:13:38.413840,London-32cf,19,73,Normal
2026-02-15 00:13:39.413840,London-32cf,41,45,Normal
2026-02-15 00:13:40.413840,London-32cf,6,40,Normal
2026-02-15 00:13:41.413840,London-32cf,-12,33,Normal
2026-02-15 00:13:42.413840,London-32cf,-7,36,Normal
2026-02-15 00:13:43.413840,London-32cf,-24,81,Normal
2026-02-15 00:13:44.413840,London-32cf,13,85,Normal
2026-02-15 00:13:45.413840,London-32cf,-15,76,Normal
2026-02-15 00:13:46.413840,London-32cf,16,0,Normal
2026-02-15 00:13:47.413840,London-32cf,-28,47,Normal
2026-02-15 00:13:48.413840,London-32cf,-21,57,Normal
2026-02-15 00:13:49.413840,London-32cf,11,51,Normal
2026-02-15 00:13:50.413840,London-32cf,5,44,Normal
2026-02-15 00:13:51.413840,London-32cf,35,87,Normal
2026-02-15 00:13:52.413840,London-32cf,-29,43,Normal
2026-02-15 00:13:53.413840,London-32cf,41,23,Normal
2026-02-15 00:13:54.413840,London-32cf,24,99,Normal
2026-02-15 00:13:55.413840,London-32cf,16,91,Normal
2026-02-15 00:13:56.413840,London-32cf,16,37,Normal
2026-02-15 00:13:57.413840,London-32cf,22,98,Normal
2026-02-15 00:13:58.413840,London-32cf,-26,55,Normal
2026-02-15 00:13:59.413840,London-32cf,0,38,Normal
2026-02-15 00:14:00.413840,London-32cf,30,58,Normal
2026-02-15 00:14:01.413840,London-32cf,12,79,Normal
2026-02-15 00:14:02.413840,London-32cf,-19,29,Normal
2026-02-15 00:14:03.413840,London-32cf,26,82,Normal
2026-02-15 00:14:04.413840,London-32cf,28,43,Normal
2026-02-15 00:14:05.413840,London-32cf,37,10,Normal
2026-02-15 00:14:06.413840,London-32cf,-2,15,Normal
2026-02-15 00:14:07.413840,London-32cf,41,68,Normal
2026-02-15 00:14:08.413840,London-32cf,6,62,Normal
2026-02-15 00:14:09.413840,London-32cf,28,17,Normal
2026-02-15 00:14:10.413840,London-32cf,-20,15,Normal
2026-02-15 00:14:11.413840,London-32cf,33,36,Normal
2026-02-15 00:14:12.413840,London-32cf,16,81,Normal
2026-02-15 00:14:13.413840,London-32cf,12,1,Normal
2026-02-15 00:14:14.413840,London-32cf,1,41,Normal
2026-02-15 00:14:15.413840,London-32cf,-19,27,Normal
2026-02-15 00:14:16.413840,London-32cf,-24,59,Normal
2026-02-15 00:14:17.413840,London-32cf,26,39,Normal
2026-02-15 00:14:18.413840,London-32cf,16,11,Normal
2026-02-15 00:14:19.413840,London-32cf,-7,6,Normal
2026-02-15 00:14:20.413840,London-32cf,5,14,Normal
2026-02-15 00:14:21.413840,London-32cf,-27,66,Normal
2026-02-15 00:14:22.413840,London-32cf,19,26,Normal
2026-02-15 00:14:23.413840,London-32cf,-14,91,Normal
2026-02-15 00:14:24.413840,London-32cf,-17,70,Normal
2026-02-15 00:14:25.413840,London-32cf,-7,75,Normal
2026-02-15 00:14:26.413840,London-32cf,-12,98,Normal
2026-02-15 00:14:27.413840,London-32cf,49,34,Normal
2026-02-15 00:14:28.413840,London-32cf,40,9,Normal
2026-02-15 00:14:29.413840,London-32cf,26,16,Normal
2026-02-15 00:14:30.413840,London-32cf,-11,95,Normal
2026-02-15 00:14:31.413840,London-32cf,27,60,Normal
2026-02-15 00:14:32.413840,London-32cf,26,54,Normal
2026-02-15 00:14:33.413840,London-32cf,-4,46,Normal
2026-02-15 00:14:34.413840,London-32cf,-6,1,Normal
2026-02-15 00:14:35.413840,London-32cf,37,32,Normal
2026-02-15 00:14:36.413840,London-32cf,-11,22,Normal
2026-02-15 00:14:37.413840,London-32cf,17,87,Normal
2026-02-15 00:14:38.413840,London-32cf,-6,38,Normal
2026-02-15 00:14:39.413840,London-32cf,42,91,Normal
2026-02-15 00:14:40.413840,London-32cf,-7,6,Normal
2026-02-15 00:14:41.413840,London-32cf,6,48,Normal
2026-02-15 00:14:42.413840,London-32cf,-24,33,Normal
2026-02-15 00:14:43.413840,London-32cf,-18,35,Normal
2026-02-15 00:14:44.413840,London-32cf,11,93,Normal
2026-02-15 00:14:45.413840,London-32cf,28,23,Normal
2026-02-15 00:14:46.413840,London-32cf,23,44,Normal
2026-02-15 00:14:47.413840,London-32cf,-5,48,Normal
2026-02-15 00:14:48.413840,London-32cf,40,56,Normal
2026-02-15 00:14:49.413840,London-32cf,-17,11,Normal
2026-02-15 00:14:50.413840,London-32cf,23,3,Normal
2026-02-15 00:14:51.413840,London-32cf,50,66,Normal
2026-02-15 00:14:52.413840,London-32cf,11,4,Normal
2026-02-15 00:14:53.413840,London-32cf,-13,49,Normal
2026-02-15 00:14:54.413840,London-32cf,49,5,Normal
2026-02-15 00:14:55.413840,London-32cf,-7,81,Normal
2026-02-15 00:14:56.413840,London-32cf,11,20,Normal
2026-02-15 00:14:57.413840,London-32cf,34,82,Normal
2026-02-15 00:14:58.413840,London-32cf,40,76,Normal
2026-02-15 00:14:59.413840,London-32cf,32,15,Normal
2026-02-15 00:15:00.413840,London-32cf,36,70,Normal
2026-02-15 00:15:01.413840,London-32cf,-11,94,Normal
2026-02-15 00:15:02.413840,London-32cf,11,80,Normal
2026-02-15 00:15:03.413840,London-32cf,-5,96,Normal
2026-02-15 00:15:04.413840,London-32cf,40,44,Normal
2026-02-15 00:15:05.413840,London-32cf,4,62,Normal
2026-02-15 00:15:06.413840,London-32cf,27,77,Normal
2026-02-15 00:15:07.413840,London-32cf,-19,45,Normal
2026-02-15 00:15:08.413840,London-32cf,48,12,Normal
2026-02-15 00:15:09.413840,London-32cf,-2,18,Normal
2026-02-15 00:15:10.413840,London-32cf,21,11,Normal
2026-02-15 00:15:11.413840,London-32cf,5,12,Normal
2026-02-15 00:15:12.413840,London-32cf,27,73,Normal
2026-02-15 00:15:13.413840,London-32cf,-1,70,Normal
2026-02-15 00:15:14.413840,London-32cf,-7,64,Normal
2026-02-15 00:15:15.413840,London-32cf,42,6,Normal
2026-02-15 00:15:16.413840,London-32cf,-27,53,Normal
2026-02-15 00:15:17.413840,London-32cf,-17,44,Normal
2026-02-15 00:15:18.413840,London-32cf,45,26,Normal
2026-02-15 00:15:19.413840,London-32cf,0,28,Normal
2026-02-15 00:15:20.413840,London-32cf,13,13,Normal
2026-02-15 00:15:21.413840,London-32cf,-26,19,Normal
2026-02-15 00:15:22.413840,London-32cf,-8,86,Normal
2026-02-15 00:15:23.413840,London-32cf,40,29,Normal
2026-02-15 00:15:24.413840,London-32cf,-30,83,Normal
2026-02-15 00:15:25.413840,London-32cf,-30,25,Normal
2026-02-15 00:15:26.413840,London-32cf,-26,90,Normal
2026-02-15 00:15:27.413840,London-32cf,-15,76,Normal
2026-02-15 00:15:28.413840,London-32cf,32,24,Normal
2026-02-15 00:15:29.413840,London-32cf,43,72,Normal
2026-02-15 00:15:30.413840,London-32cf,-30,57,Normal
2026-02-15 00:15:31.413840,London-32cf,-14,90,Normal
2026-02-15 00:15:32.413840,London-32cf,11,48,Normal
2026-02-15 00:15:33.413840,London-32cf,17,4,Normal
2026-02-15 00:15:34.413840,London-32cf,9,45,Normal
2026-02-15 00:15:35.413840,London-32cf,-19,93,Normal
2026-02-15 00:15:36.413840,London-32cf,21,71,Normal
2026-02-15 00:15:37.413840,London-32cf,-7,97,Normal
2026-02-15 00:15:38.413840,London-32cf,-30,93,Normal
2026-02-15 00:15:39.413840,London-32cf,-26,29,Normal
2026-02-15 00:15:40.413840,London-32cf,9,15,Normal
2026-02-15 00:15:41.413840,London-32cf,21,98,Normal
2026-02-15 00:15:42.413840,London-32cf,1,81,Normal
2026-02-15 00:15:43.413840,London-32cf,1,17,Normal
2026-02-15 00:15:44.413840,London-32cf,39,57,Normal
2026-02-15 00:15:45.413840,London-32cf,12,22,Normal
2026-02-15 00:15:46.413840,London-32cf,-2,55,Normal
2026-02-15 00:15:47.413840,London-32cf,30,65,Normal
2026-02-15 00:15:48.413840,London-32cf,18,18,Normal
2026-02-15 00:15:49.413840,London-32cf,13,3,Normal
2026-02-15 00:15:50.413840,London-32cf,-29,8,Normal
2026-02-15 00:15:51.413840,London-32cf,44,62,Normal
2026-02-15 00:15:52.413840,London-32cf,27,57,Normal
2026-02-15 00:15:53.413840,London-32cf,35,91,Normal
2026-02-15 00:15:54.413840,London-32cf,-12,87,Normal
2026-02-15 00:15:55.413840,London-32cf,-30,16,Normal
2026-02-15 00:15:56.413840,London-32cf,-22,94,Normal
2026-02-15 00:15:57.413840,London-32cf,-16,17,Normal
2026-02-15 00:15:58.413840,London-32cf,40,1,Normal
2026-02-15 00:15:59.413840,London-32cf,41,97,Normal
2026-02-15 00:16:00.413840,London-32cf,-15,64,Normal
2026-02-15 00:16:01.413840,London-32cf,37,65,Normal
2026-02-15 00:16:02.413840,London-32cf,45,35,Normal
2026-02-15 00:16:03.413840,London-32cf,-27,45,Normal
2026-02-15 00:16:04.413840,London-32cf,50,3,Normal
2026-02-15 00:16:05.413840,London-32cf,-26,21,Normal
2026-02-15 00:16:06.413840,London-32cf,42,6,Normal
2026-02-15 00:16:07.413840,London-32cf,22,28,Normal
2026-02-15 00:16:08.413840,London-32cf,30,72,Normal
2026-02-15 00:16:09.413840,London-32cf,-6,88,Normal
2026-02-15 00:16:10.413840,London-32cf,47,58,Normal
2026-02-15 00:16:11.413840,London-32cf,15,22,Normal
2026-02-15 00:16:12.413840,London-32cf,-29,48,Normal
2026-02-15 00:16:13.413840,London-32cf,35,43,Normal
2026-02-15 00:16:14.413840,London-32cf,-20,82,Normal
2026-02-15 00:16:15.413840,London-32cf,50,88,Normal
2026-02-15 00:16:16.413840,London-32cf,17,43,Normal
2026-02-15 00:16:17.413840,London-32cf,45,57,Normal
2026-02-15 00:16:18.413840,London-32cf,16,54,Normal
2026-02-15 00:16:19.413840,London-32cf,-18,14,Normal
2026-02-15 00:16:20.413840,London-32cf,11,91,Normal
2026-02-15 00:16:21.413840,London-32cf,6,44,Normal
2026-02-15 00:16:22.413840,London-32cf,14,88,Normal
2026-02-15 00:16:23.413840,London-32cf,-16,38,Normal
2026-02-15 00:16:24.413840,London-32cf,26,40,Normal
2026-02-15 00:16:25.413840,London-32cf,-17,85,Normal
2026-02-15 00:16:26.413840,London-32cf,13,69,Normal
2026-02-15 00:16:27.413840,London-32cf,-27,56,Normal
2026-02-15 00:16:28.413840,London-32cf,29,94,Normal
2026-02-15 00:16:29.413840,London-32cf,45,36,Normal
2026-02-15 00:16:30.413840,London-32cf,47,34,Normal
2026-02-15 00:16:31.413840,London-32cf,25,39,Normal
2026-02-15 00:16:32.413840,London-32cf,42,62,Normal
2026-02-15 00:16:33.413840,London-32cf,14,18,Normal
2026-02-15 00:16:34.413840,London-32cf,34,66,Normal
2026-02-15 00:16:35.413840,London-32cf,11,34,Normal
2026-02-15 00:16:36.413840,London-32cf,30,16,Normal
2026-02-15 00:16:37.413840,London-32cf,6,38,Normal
2026-02-15 00:16:38.413840,London-32cf,-9,15,Normal
2026-02-15 00:16:39.413840,London-32cf,-30,79,Normal
2026-02-15 00:16:40.413840,London-32cf,17,60,Normal
2026-02-15 00:16:41.413840,London-32cf,-11,57,Normal
2026-02-15 00:16:42.413840,London-32cf,44,32,Normal
2026-02-15 00:16:43.413840,London-32cf,10,12,Normal
2026-02-15 00:16:44.413840,London-32cf,-28,24,Normal
2026-02-15 00:16:45.413840,London-32cf,49,81,Normal
2026-02-15 00:16:46.413840,London-32cf,19,5,Normal
2026-02-15 00:16:47.413840,London-32cf,-22,19,Normal
2026-02-15 00:16:48.413840,London-32cf,16,98,Normal
2026-02-15 00:16:49.413840,London-32cf,6,77,Normal
2026-02-15 00:16:50.413840,London-32cf,28,41,Normal
2026-02-15 00:16:51.413840,London-32cf,-7,22,Normal
2026-02-15 00:16:52.413840,London-32cf,14,86,Normal
2026-02-15 00:16:53.413840,London-32cf,28,71,Normal
2026-02-15 00:16:54.413840,London-32cf,-13,1,Normal
2026-02-15 00:16:55.413840,London-32cf,14,66,Normal
2026-02-15 00:16:56.413840,London-32cf,41,19,Normal
2026-02-15 00:16:57.413840,London-32cf,48,44,Normal
2026-02-15 00:16:58.413840,London-32cf,8,19,Normal
2026-02-15 00:16:59.413840,London-32cf,-16,50,Normal
2026-02-15 00:17:00.413840,London-32cf,21,40,Normal
2026-02-15 00:17:01.413840,London-32cf,16,44,Normal
2026-02-15 00:17:02.413840,London-32cf,-23,31,Normal
2026-02-15 00:17:03.413840,London-32cf,41,29,Normal
2026-02-15 00:17:04.413840,London-32cf,45,62,Normal
2026-02-15 00:17:05.413840,London-32cf,-27,86,Normal
2026-02-15 00:17:06.413840,London-32cf,-24,80,Normal
2026-02-15 00:17:07.413840,London-32cf,-4,42,Normal
2026-02-15 00:17:08.413840,London-32cf,-7,27,Normal
2026-02-15 00:17:09.413840,London-32cf,19,75,Normal
2026-02-15 00:17:10.413840,London-32cf,45,68,Normal
2026-02-15 00:17:11.413840,London-32cf,32,47,Normal
2026-02-15 00:17:12.413840,London-32cf,-8,67,Normal
2026-02-15 00:17:13.413840,London-32cf,49,74,Normal
2026-02-15 00:17:14.413840,London-32cf,-7,79,Normal
2026-02-15 00:17:15.413840,London-32cf,45,16,Normal
2026-02-15 00:17:16.413840,London-32cf,22,64,Normal
2026-02-15 00:17:17.413840,London-32cf,-27,12,Normal
2026-02-15 00:17:18.413840,London-32cf,45,46,Normal
2026-02-15 00:17:19.413840,London-32cf,-10,60,Normal
2026-02-15 00:17:20.413840,London-32cf,-17,23,Normal
2026-02-15 00:17:21.413840,London-32cf,-21,95,Normal
2026-02-15 00:17:22.413840,London-32cf,-5,70,Normal
2026-02-15 00:17:23.413840,London-32cf,-4,44,Normal
2026-02-15 00:17:24.413840,London-32cf,8,44,Normal
2026-02-15 00:17:25.413840,London-32cf,-9,1,Normal
2026-02-15 00:17:26.413840,London-32cf,-5,21,Normal
2026-02-15 00:17:27.413840,London-32cf,-18,68,Normal
2026-02-15 00:17:28.413840,London-32cf,-21,1,Normal
2026-02-15 00:17:29.413840,London-32cf,1,71,Normal
2026-02-15 00:17:30.413840,London-32cf,6,52,Normal
2026-02-15 00:17:31.413840,London-32cf,-13,71,Normal
2026-02-15 00:17:32.413840,London-32cf,-28,40,Normal
2026-02-15 00:17:33.413840,London-32cf,41,36,Normal
2026-02-15 00:17:34.413840,London-32cf,42,88,Normal
2026-02-15 00:17:35.413840,London-32cf,5,15,Normal
2026-02-15 00:17:36.413840,London-32cf,-2,10,Normal
2026-02-15 00:17:37.413840,London-32cf,-8,16,Normal
2026-02-15 00:17:38.413840,London-32cf,-29,49,Normal
2026-02-15 00:17:39.413840,London-32cf,-13,25,Normal
2026-02-15 00:17:40.413840,London-32cf,22,51,Normal
2026-02-15 00:17:41.413840,London-32cf,-12,40,Normal
2026-02-15 00:17:42.413840,London-32cf,32,93,Normal
2026-02-15 00:17:43.413840,London-32cf,43,65,Normal
2026-02-15 00:17:44.413840,London-32cf,-12,5,Normal
2026-02-15 00:17:45.413840,London-32cf,22,43,Normal
2026-02-15 00:17:46.413840,London-32cf,-11,9,Normal
2026-02-15 00:17:47.413840,London-32cf,43,71,Normal
2026-02-15 00:17:48.413840,London-32cf,20,72,Normal
2026-02-15 00:17:49.413840,London-32cf,-16,17,Normal
2026-02-15 00:17:50.413840,London-32cf,-13,83,Normal
2026-02-15 00:17:51.413840,London-32cf,-20,65,Normal
2026-02-15 00:17:52.413840,London-32cf,37,14,Normal
2026-02-15 00:17:53.413840,London-32cf,46,80,Normal
2026-02-15 00:17:54.413840,London-32cf,23,7,Normal
2026-02-15 00:17:55.413840,London-32cf,8,39,Normal
2026-02-15 00:17:56.413840,London-32cf,43,77,Normal
2026-02-15 00:17:57.413840,London-32cf,-26,66,Normal
2026-02-15 00:17:58.413840,London-32cf,-24,12,Normal
2026-02-15 00:17:59.413840,London-32cf,23,93,Normal
2026-02-15 00:18:00.413840,London-32cf,36,40,Normal
2026-02-15 00:18:01.413840,London-32cf,-8,96,Normal
2026-02-15 00:18:02.413840,London-32cf,-24,10,Normal
2026-02-15 00:18:03.413840,London-32cf,-7,24,Normal
2026-02-15 00:18:04.413840,London-32cf,-17,21,Normal
2026-02-15 00:18:05.413840,London-32cf,48,69,Normal
2026-02-15 00:18:06.413840,London-32cf,22,84,Normal
2026-02-15 00:18:07.413840,London-32cf,-7,14,Normal
2026-02-15 00:18:08.413840,London-32cf,27,11,Normal
2026-02-15 00:18:09.413840,London-32cf,1,88,Normal
2026-02-15 00:18:10.413840,London-32cf,-9,82,Normal
2026-02-15 00:18:11.413840,London-32cf,43,32,Normal
2026-02-15 00:18:12.413840,London-32cf,-9,18,Normal
2026-02-15 00:18:13.413840,London-32cf,-26,95,Normal
2026-02-15 00:18:14.413840,London-32cf,-7,87,Normal
2026-02-15 00:18:15.413840,London-32cf,12,99,Normal
2026-02-15 00:18:16.413840,London-32cf,-6,77,Normal
2026-02-15 00:18:17.413840,London-32cf,1,88,Normal
2026-02-15 00:18:18.413840,London-32cf,-23,80,Normal
2026-02-15 00:18:19.413840,London-32cf,48,98,Normal
2026-02-15 00:18:20.413840,London-32cf,12,88,Normal
2026-02-15 00:18:21.413840,London-32cf,38,30,Normal
2026-02-15 00:18:22.413840,London-32cf,20,96,Normal
2026-02-15 00:18:23.413840,London-32cf,16,58,Normal
2026-02-15 00:18:24.413840,London-32cf,22,40,Normal
2026-02-15 00:18:25.413840,London-32cf,50,72,Normal
2026-02-15 00:18:26.413840,London-32cf,6,58,Normal
2026-02-15 00:18:27.413840,London-32cf,-4,4,Normal
2026-02-15 00:18:28.413840,London-32cf,-5,49,Normal
2026-02-15 00:18:29.413840,London-32cf,0,59,Normal
2026-02-15 00:18:30.413840,London-32cf,39,92,Normal
2026-02-15 00:18:31.413840,London-32cf,-28,67,Normal
2026-02-15 00:18:32.413840,London-32cf,14,29,Normal
2026-02-15 00:18:33.413840,London-32cf,30,10,Normal
2026-02-15 00:18:34.413840,London-32cf,-13,84,Normal
2026-02-15 00:18:35.413840,London-32cf,-20,58,Normal
2026-02-15 00:18:36.413840,London-32cf,13,5,Normal
2026-02-15 00:18:37.413840,London-32cf,38,51,Normal
2026-02-15 00:18:38.413840,London-32cf,34,22,Normal
2026-02-15 00:18:39.413840,London-32cf,-4,100,Normal
2026-02-15 00:18:40.413840,London-32cf,0,15,Normal
2026-02-15 00:18:41.413840,London-32cf,-2,27,Normal
2026-02-15 00:18:42.413840,London-32cf,41,95,Normal
2026-02-15 00:18:43.413840,London-32cf,21,89,Normal
2026-02-15 00:18:44.413840,London-32cf,8,12,Normal
2026-02-15 00:18:45.413840,London-32cf,-21,95,Normal
2026-02-15 00:18:46.413840,London-32cf,-20,97,Normal
2026-02-15 00:18:47.413840,London-32cf,-26,12,Normal
2026-02-15 00:18:48.413840,London-32cf,34,90,Normal
2026-02-15 00:18:49.413840,London-32cf,13,98,Normal
2026-02-15 00:18:50.413840,London-32cf,31,75,Normal
2026-02-15 00:18:51.413840,London-32cf,37,24,Normal
2026-02-15 00:18:52.413840,London-32cf,-11,94,Normal
2026-02-15 00:18:53.413840,London-32cf,27,56,Normal
2026-02-15 00:18:54.413840,London-32cf,5,84,Normal
2026-02-15 00:18:55.413840,London-32cf,21,56,Normal
2026-02-15 00:18:56.413840,London-32cf,12,26,Normal
2026-02-15 00:18:57.413840,London-32cf,1,81,Normal
2026-02-15 00:18:58.413840,London-32cf,16,95,Normal
2026-02-15 00:18:59.413840,London-32cf,-7,40,Normal
2026-02-15 00:19:00.413840,London-32cf,33,99,Normal
2026-02-15 00:19:01.413840,London-32cf,42,5,Normal
2026-02-15 00:19:02.413840,London-32cf,33,5,Normal
2026-02-15 00:19:03.413840,London-32cf,-28,80,Normal
2026-02-15 00:19:04.413840,London-32cf,-25,50,Normal
2026-02-15 00:19:05.413840,London-32cf,-22,13,Normal
2026-02-15 00:19:06.413840,London-32cf,30,54,Normal
2026-02-15 00:19:07.413840,London-32cf,45,7,Normal
2026-02-15 00:19:08.413840,London-32cf,-25,19,Normal
2026-02-15 00:19:09.413840,London-32cf,-3,78,Normal
2026-02-15 00:19:10.413840,London-32cf,50,7,Normal
2026-02-15 00:19:11.413840,London-32cf,-23,24,Normal
2026-02-15 00:19:12.413840,London-32cf,23,94,Normal
2026-02-15 00:19:13.413840,London-32cf,-5,48,Normal
2026-02-15 00:19:14.413840,London-32cf,-6,88,Normal
2026-02-15 00:19:15.413840,London-32cf,-30,37,Normal
2026-02-15 00:19:16.413840,London-32cf,21,20,Normal
2026-02-15 00:19:17.413840,London-32cf,19,15,Normal
2026-02-15 00:19:18.413840,London-32cf,-26,53,Normal
2026-02-15 00:19:19.413840,London-32cf,-5,100,Normal
2026-02-15 00:19:20.413840,London-32cf,-20,32,Normal
2026-02-15 00:19:21.413840,London-32cf,45,65,Normal
2026-02-15 00:19:22.413840,London-32cf,-13,8,Normal
2026-02-15 00:19:23.413840,London-32cf,18,26,Normal
2026-02-15 00:19:24.413840,London-32cf,-13,39,Normal
2026-02-15 00:19:25.413840,London-32cf,15,87,Normal
2026-02-15 00:19:26.413840,London-32cf,10,13,Normal
2026-02-15 00:19:27.413840,London-32cf,40,18,Normal
2026-02-15 00:19:28.413840,London-32cf,-3,65,Normal
2026-02-15 00:19:29.413840,London-32cf,9,60,Normal
2026-02-15 00:19:30.413840,London-32cf,41,89,Normal
2026-02-15 00:19:31.413840,London-32cf,1,10,Normal
2026-02-15 00:19:32.413840,London-32cf,5,65,Normal
2026-02-15 00:19:33.413840,London-32cf,6,45,Normal
2026-02-15 00:19:34.413840,London-32cf,39,73,Normal
2026-02-15 00:19:35.413840,London-32cf,-24,45,Normal
2026-02-15 00:19:36.413840,London-32cf,14,60,Normal
2026-02-15 00:19:37.413840,London-32cf,-25,54,Normal
2026-02-15 00:19:38.413840,London-32cf,11,83,Normal
2026-02-15 00:19:39.413840,London-32cf,5,77,Normal
2026-02-15 00:19:40.413840,London-32cf,30,50,Normal
2026-02-15 00:19:41.413840,London-32cf,-16,36,Normal
2026-02-15 00:19:42.413840,London-32cf,-9,97,Normal
2026-02-15 00:19:43.413840,London-32cf,45,66,Normal
2026-02-15 00:19:44.413840,London-32cf,20,27,Normal
2026-02-15 00:19:45.413840,London-32cf,-30,0,Normal
2026-02-15 00:19:46.413840,London-32cf,-24,44,Normal
2026-02-15 00:19:47.413840,London-32cf,12,55,Normal
2026-02-15 00:19:48.413840,London-32cf,39,7,Normal
2026-02-15 00:19:49.413840,London-32cf,43,56,Normal
2026-02-15 00:19:50.413840,London-32cf,-28,82,Normal
2026-02-15 00:19:51.413840,London-32cf,39,67,Normal
2026-02-15 00:19:52.413840,London-32cf,4,81,Normal
2026-02-15 00:19:53.413840,London-32cf,-14,38,Normal
2026-02-15 00:19:54.413840,London-32cf,5,85,Normal
2026-02-15 00:19:55.413840,London-32cf,-2,20,Normal
2026-02-15 00:19:56.413840,London-32cf,29,80,Normal
2026-02-15 00:19:57.413840,London-32cf,3,48,Normal
2026-02-15 00:19:58.413840,London-32cf,25,8,Normal
2026-02-15 00:19:59.413840,London-32cf,21,22,Normal
2026-02-15 00:20:00.413840,London-32cf,25,90,Normal
2026-02-15 00:20:01.413840,London-32cf,13,35,Normal
2026-02-15 00:20:02.413840,London-32cf,16,59,Normal
2026-02-15 00:20:03.413840,London-32cf,35,88,Normal
2026-02-15 00:20:04.413840,London-32cf,17,54,Normal
2026-02-15 00:20:05.413840,London-32cf,19,82,Normal
2026-02-15 00:20:06.413840,London-32cf,-3,41,Normal
2026-02-15 00:20:07.413840,London-32cf,35,49,Normal
2026-02-15 00:20:08.413840,London-32cf,9,88,Normal
2026-02-15 00:20:09.413840,London-32cf,21,11,Normal
2026-02-15 00:20:10.413840,London-32cf,-12,80,Normal
2026-02-15 00:20:11.413840,London-32cf,-11,62,Normal
2026-02-15 00:20:12.413840,London-32cf,4,22,Normal
2026-02-15 00:20:13.413840,London-32cf,24,94,Normal
2026-02-15 00:20:14.413840,London-32cf,35,36,Normal
2026-02-15 00:20:15.413840,London-32cf,26,26,Normal
2026-02-15 00:20:16.413840,London-32cf,-3,42,Normal
2026-02-15 00:20:17.413840,London-32cf,21,87,Normal
2026-02-15 00:20:18.413840,London-32cf,10,19,Normal
2026-02-15 00:20:19.413840,London-32cf,-8,32,Normal
2026-02-15 00:20:20.413840,London-32cf,2,72,Normal
2026-02-15 00:20:21.413840,London-32cf,-30,11,Normal
2026-02-15 00:20:22.413840,London-32cf,-5,96,Normal
2026-02-15 00:20:23.413840,London-32cf,-29,30,Normal
2026-02-15 00:20:24.413840,London-32cf,-9,32,Normal
2026-02-15 00:20:25.413840,London-32cf,18,11,Normal
2026-02-15 00:20:26.413840,London-32cf,-6,20,Normal
2026-02-15 00:20:27.413840,London-32cf,23,38,Normal
2026-02-15 00:20:28.413840,London-32cf,5,20,Normal
2026-02-15 00:20:29.413840,London-32cf,-25,24,Normal
2026-02-15 00:20:30.413840,London-32cf,32,7,Normal
2026-02-15 00:20:31.413840,London-32cf,38,15,Normal
2026-02-15 00:20:32.413840,London-32cf,11,23,Normal
2026-02-15 00:20:33.413840,London-32cf,-19,53,Normal
2026-02-15 00:20:34.413840,London-32cf,9,98,Normal
2026-02-15 00:20:35.413840,London-32cf,49,84,Normal
2026-02-15 00:20:36.413840,London-32cf,32,45,Normal
2026-02-15 00:20:37.413840,London-32cf,-21,34,Normal
2026-02-15 00:20:38.413840,London-32cf,26,90,Normal
2026-02-15 00:20:39.413840,London-32cf,48,31,Normal
2026-02-15 00:20:40.413840,London-32cf,8,88,Normal
2026-02-15 00:20:41.413840,London-32cf,20,64,Normal
2026-02-15 00:20:42.413840,London-32cf,8,47,Normal
2026-02-15 00:20:43.413840,London-32cf,-19,19,Normal
2026-02-15 00:20:44.413840,London-32cf,49,75,Normal
2026-02-15 00:20:45.413840,London-32cf,-11,61,Normal
2026-02-15 00:20:46.413840,London-32cf,-8,52,Normal
2026-02-15 00:20:47.413840,London-32cf,17,89,Normal
2026-02-15 00:20:48.413840,London-32cf,33,88,Normal
2026-02-15 00:20:49.413840,London-32cf,37,86,Normal
2026-02-15 00:20:50.413840,London-32cf,23,41,Normal
2026-02-15 00:20:51.413840,London-32cf,-23,73,Normal
2026-02-15 00:20:52.413840,London-32cf,10,8,Normal
2026-02-15 00:20:53.413840,London-32cf,-12,81,Normal
2026-02-15 00:20:54.413840,London-32cf,18,92,Normal
2026-02-15 00:20:55.413840,London-32cf,14,29,Normal
2026-02-15 00:20:56.413840,London-32cf,-19,72,Normal
2026-02-15 00:20:57.413840,London-32cf,39,67,Normal
2026-02-15 00:20:58.413840,London-32cf,-24,46,Normal
2026-02-15 00:20:59.413840,London-32cf,19,88,Normal
2026-02-15 00:21:00.413840,London-32cf,28,25,Normal
2026-02-15 00:21:01.413840,London-32cf,30,89,Normal
2026-02-15 00:21:02.413840,London-32cf,5,57,Normal
2026-02-15 00:21:03.413840,London-32cf,16,86,Normal
2026-02-15 00:21:04.413840,London-32cf,21,24,Normal
2026-02-15 00:21:05.413840,London-32cf,14,31,Normal
2026-02-15 00:21:06.413840,London-32cf,6,64,Normal
2026-02-15 00:21:07.413840,London-32cf,27,33,Normal
2026-02-15 00:21:08.413840,London-32cf,39,21,Normal
2026-02-15 00:21:09.413840,London-32cf,34,30,Normal
2026-02-15 00:21:10.413840,London-32cf,27,38,Normal
2026-02-15 00:21:11.413840,London-32cf,27,70,Normal
2026-02-15 00:21:12.413840,London-32cf,31,76,Normal
2026-02-15 00:21:13.413840,London-32cf,-13,67,Normal
2026-02-15 00:21:14.413840,London-32cf,34,21,Normal
2026-02-15 00:21:15.413840,London-32cf,5,95,Normal
2026-02-15 00:21:16.413840,London-32cf,14,36,Normal
2026-02-15 00:21:17.413840,London-32cf,30,40,Normal
2026-02-15 00:21:18.413840,London-32cf,32,35,Normal
2026-02-15 00:21:19.413840,London-32cf,-12,48,Normal
2026-02-15 00:21:20.413840,London-32cf,42,43,Normal
2026-02-15 00:21:21.413840,London-32cf,28,97,Normal
2026-02-15 00:21:22.413840,London-32cf,-27,9,Normal
2026-02-15 00:21:23.413840,London-32cf,17,15,Normal
2026-02-15 00:21:24.413840,London-32cf,-7,49,Normal
2026-02-15 00:21:25.413840,London-32cf,-23,88,Normal
2026-02-15 00:21:26.413840,London-32cf,1,84,Normal
2026-02-15 00:21:27.413840,London-32cf,-9,52,Normal
2026-02-15 00:21:28.413840,London-32cf,-18,53,Normal
2026-02-15 00:21:29.413840,London-32cf,-21,39,Normal
2026-02-15 00:21:30.413840,London-32cf,-8,39,Normal
2026-02-15 00:21:31.413840,London-32cf,-30,41,Normal
2026-02-15 00:21:32.413840,London-32cf,-30,14,Normal
2026-02-15 00:21:33.413840,London-32cf,-15,33,Normal
2026-02-15 00:21:34.413840,London-32cf,41,96,Normal
2026-02-15 00:21:35.413840,London-32cf,-14,30,Normal
2026-02-15 00:21:36.413840,London-32cf,-12,48,Normal
2026-02-15 00:21:37.413840,London-32cf,14,13,Normal
2026-02-15 00:21:38.413840,London-32cf,-29,31,Normal
2026-02-15 00:21:39.413840,London-32cf,46,29,Normal
2026-02-15 00:21:40.413840,London-32cf,-8,76,Normal
2026-02-15 00:21:41.413840,London-32cf,-6,8,Normal
2026-02-15 00:21:42.413840,London-32cf,-21,9,Normal
2026-02-15 00:21:43.413840,London-32cf,42,100,Normal
2026-02-15 00:21:44.413840,London-32cf,-3,67,Normal
2026-02-15 00:21:45.413840,London-32cf,-27,21,Normal
2026-02-15 00:21:46.413840,London-32cf,-12,71,Normal
2026-02-15 00:21:47.413840,London-32cf,-24,52,Normal
2026-02-15 00:21:48.413840,London-32cf,46,56,Normal
2026-02-15 00:21:49.413840,London-32cf,44,88,Normal
2026-02-15 00:21:50.413840,London-32cf,16,56,Normal
2026-02-15 00:21:51.413840,London-32cf,-10,54,Normal
2026-02-15 00:21:52.413840,London-32cf,-2,15,Normal
2026-02-15 00:21:53.413840,London-32cf,49,38,Normal
2026-02-15 00:21:54.413840,London-32cf,-27,60,Normal
2026-02-15 00:21:55.413840,London-32cf,16,70,Normal
2026-02-15 00:21:56.413840,London-32cf,15,29,Normal
2026-02-15 00:21:57.413840,London-32cf,-22,35,Normal
2026-02-15 00:21:58.413840,London-32cf,17,62,Normal
2026-02-15 00:21:59.413840,London-32cf,16,62,Normal
2026-02-15 00:22:00.413840,London-32cf,-2,50,Normal
2026-02-15 00:22:01.413840,London-32cf,-27,81,Normal
2026-02-15 00:22:02.413840,London-32cf,29,6,Normal
2026-02-15 00:22:03.413840,London-32cf,39,38,Normal
2026-02-15 00:22:04.413840,London-32cf,39,14,Normal
2026-02-15 00:22:05.413840,London-32cf,30,91,Normal
2026-02-15 00:22:06.413840,London-32cf,48,36,Normal
2026-02-15 00:22:07.413840,London-32cf,18,85,Normal
2026-02-15 00:22:08.413840,London-32cf,27,60,Normal
2026-02-15 00:22:09.413840,London-32cf,25,88,Normal
2026-02-15 00:22:10.413840,London-32cf,20,65,Normal
2026-02-15 00:22:11.413840,London-32cf,-29,96,Normal
2026-02-15 00:22:12.413840,London-32cf,45,55,Normal
2026-02-15 00:22:13.413840,London-32cf,-18,19,Normal
2026-02-15 00:22:14.413840,London-32cf,9,99,Normal
2026-02-15 00:22:15.413840,London-32cf,25,63,Normal
2026-02-15 00:22:16.413840,London-32cf,12,93,Normal
2026-02-15 00:22:17.413840,London-32cf,38,83,Normal
2026-02-15 00:22:18.413840,London-32cf,11,45,Normal
2026-02-15 00:22:19.413840,London-32cf,19,67,Normal
2026-02-15 00:22:20.413840,London-32cf,39,7,Normal
2026-02-15 00:22:21.413840,London-32cf,26,81,Normal
2026-02-15 00:22:22.413840,London-32cf,22,65,Normal
2026-02-15 00:22:23.413840,London-32cf,-19,33,Normal
2026-02-15 00:22:24.413840,London-32cf,41,47,Normal
2026-02-15 00:22:25.413840,London-32cf,-14,18,Normal
2026-02-15 00:22:26.413840,London-32cf,6,88,Normal
2026-02-15 00:22:27.413840,London-32cf,-29,35,Normal
2026-02-15 00:22:28.413840,London-32cf,29,15,Normal
2026-02-15 00:22:29.413840,London-32cf,26,1,Normal
2026-02-15 00:22:30.413840,London-32cf,23,69,Normal
2026-02-15 00:22:31.413840,London-32cf,-27,86,Normal
2026-02-15 00:22:32.413840,London-32cf,-12,3,Normal
2026-02-15 00:22:33.413840,London-32cf,-25,73,Normal
2026-02-15 00:22:34.413840,London-32cf,2,31,Normal
2026-02-15 00:22:35.413840,London-32cf,25,91,Normal
2026-02-15 00:22:36.413840,London-32cf,-13,71,Normal
2026-02-15 00:22:37.413840,London-32cf,16,61,Normal
2026-02-15 00:22:38.413840,London-32cf,45,75,Normal
2026-02-15 00:22:39.413840,London-32cf,-12,47,Normal
2026-02-15 00:22:40.413840,London-32cf,20,3,Normal
2026-02-15 00:22:41.413840,London-32cf,-11,55,Normal
2026-02-15 00:22:42.413840,London-32cf,-11,86,Normal
2026-02-15 00:22:43.413840,London-32cf,-7,23,Normal
2026-02-15 00:22:44.413840,London-32cf,14,7,Normal
2026-02-15 00:22:45.413840,London-32cf,42,81,Normal
2026-02-15 00:22:46.413840,London-32cf,8,81,Normal
2026-02-15 00:22:47.413840,London-32cf,37,39,Normal
2026-02-15 00:22:48.413840,London-32cf,-15,20,Normal
2026-02-15 00:22:49.413840,London-32cf,24,42,Normal
2026-02-15 00:22:50.413840,London-32cf,12,64,Normal
2026-02-15 00:22:51.413840,London-32cf,19,75,Normal
2026-02-15 00:22:52.413840,London-32cf,5,73,Normal
2026-02-15 00:22:53.413840,London-32cf,35,17,Normal
2026-02-15 00:22:54.413840,London-32cf,16,59,Normal
2026-02-15 00:22:55.413840,London-32cf,47,17,Normal
2026-02-15 00:22:56.413840,London-32cf,25,52,Normal
2026-02-15 00:22:57.413840,London-32cf,50,14,Normal
2026-02-15 00:22:58.413840,London-32cf,-13,94,Normal
2026-02-15 00:22:59.413840,London-32cf,12,74,Normal
2026-02-15 00:23:00.413840,London-32cf,-2,55,Normal
2026-02-15 00:23:01.413840,London-32cf,-16,32,Normal
2026-02-15 00:23:02.413840,London-32cf,11,0,Normal
2026-02-15 00:23:03.413840,London-32cf,25,95,Normal
2026-02-15 00:23:04.413840,London-32cf,22,5,Normal
2026-02-15 00:23:05.413840,London-32cf,1,8,Normal
2026-02-15 00:23:06.413840,London-32cf,31,22,Normal
2026-02-15 00:23:07.413840,London-32cf,-12,91,Normal
2026-02-15 00:23:08.413840,London-32cf,-27,60,Normal
2026-02-15 00:23:09.413840,London-32cf,10,18,Normal
2026-02-15 00:23:10.413840,London-32cf,28,29,Normal
2026-02-15 00:23:11.413840,London-32cf,-6,39,Normal
2026-02-15 00:23:12.413840,London-32cf,28,82,Normal
2026-02-15 00:23:13.413840,London-32cf,36,72,Normal
2026-02-15 00:23:14.413840,London-32cf,11,69,Normal
2026-02-15 00:23:15.413840,London-32cf,16,7,Normal
2026-02-15 00:23:16.413840,London-32cf,35,11,Normal
2026-02-15 00:23:17.413840,London-32cf,-27,30,Normal
2026-02-15 00:23:18.413840,London-32cf,-4,13,Normal
2026-02-15 00:23:19.413840,London-32cf,14,99,Normal
2026-02-15 00:23:20.413840,London-32cf,-27,27,Normal
2026-02-15 00:23:21.413840,London-32cf,-30,20,Normal
2026-02-15 00:23:22.413840,London-32cf,50,43,Normal
2026-02-15 00:23:23.413840,London-32cf,-3,91,Normal
2026-02-15 00:23:24.413840,London-32cf,33,40,Normal
2026-02-15 00:23:25.413840,London-32cf,15,84,Normal
2026-02-15 00:23:26.413840,London-32cf,24,98,Normal
2026-02-15 00:23:27.413840,London-32cf,30,27,Normal
2026-02-15 00:23:28.413840,London-32cf,-4,16,Normal
2026-02-15 00:23:29.413840,London-32cf,-15,51,Normal
2026-02-15 00:23:30.413840,London-32cf,46,49,Normal
2026-02-15 00:23:31.413840,London-32cf,-3,21,Normal
2026-02-15 00:23:32.413840,London-32cf,11,77,Normal
2026-02-15 00:23:33.413840,London-32cf,-1,8,Normal
2026-02-15 00:23:34.413840,London-32cf,34,82,Normal
2026-02-15 00:23:35.413840,London-32cf,10,16,Normal
2026-02-15 00:23:36.413840,London-32cf,2,74,Normal
2026-02-15 00:23:37.413840,London-32cf,-6,77,Normal
2026-02-15 00:23:38.413840,London-32cf,26,66,Normal
2026-02-15 00:23:39.413840,London-32cf,-1,19,Normal
2026-02-15 00:23:40.413840,London-32cf,35,15,Normal
2026-02-15 00:23:41.413840,London-32cf,9,56,Normal
2026-02-15 00:23:42.413840,London-32cf,-13,30,Normal
2026-02-15 00:23:43.413840,London-32cf,-20,19,Normal
2026-02-15 00:23:44.413840,London-32cf,44,57,Normal
2026-02-15 00:23:45.413840,London-32cf,29,11,Normal
2026-02-15 00:23:46.413840,London-32cf,-12,42,Normal
2026-02-15 00:23:47.413840,London-32cf,-30,44,Normal
2026-02-15 00:23:48.413840,London-32cf,41,4,Normal
2026-02-15 00:23:49.413840,London-32cf,-8,13,Normal
2026-02-15 00:23:50.413840,London-32cf,48,24,Normal
2026-02-15 00:23:51.413840,London-32cf,34,28,Normal
2026-02-15 00:23:52.413840,London-32cf,43,47,Normal
2026-02-15 00:23:53.413840,London-32cf,-19,36,Normal
2026-02-15 00:23:54.413840,London-32cf,44,62,Normal
2026-02-15 00:23:55.413840,London-32cf,38,22,Normal
2026-02-15 00:23:56.413840,London-32cf,18,6,Normal
2026-02-15 00:23:57.413840,London-32cf,33,3,Normal
2026-02-15 00:23:58.413840,London-32cf,15,61,Normal
2026-02-15 00:23:59.413840,London-32cf,48,51,Normal
2026-02-15 00:24:00.413840,London-32cf,2,15,Normal
2026-02-15 00:24:01.413840,London-32cf,-5,63,Normal
2026-02-15 00:24:02.413840,London-32cf,17,1,Normal
2026-02-15 00:24:03.413840,London-32cf,28,20,Normal
2026-02-15 00:24:04.413840,London-32cf,-11,16,Normal
2026-02-15 00:24:05.413840,London-32cf,-27,80,Normal
2026-02-15 00:24:06.413840,London-32cf,36,29,Normal
2026-02-15 00:24:07.413840,London-32cf,50,39,Normal
2026-02-15 00:24:08.413840,London-32cf,13,42,Normal
2026-02-15 00:24:09.413840,London-32cf,-21,9,Normal
2026-02-15 00:24:10.413840,London-32cf,-4,90,Normal
2026-02-15 00:24:11.413840,London-32cf,-8,96,Normal
2026-02-15 00:24:12.413840,London-32cf,9,30,Normal
2026-02-15 00:24:13.413840,London-32cf,21,94,Normal
2026-02-15 00:24:14.413840,London-32cf,33,74,Normal
2026-02-15 00:24:15.413840,London-32cf,35,63,Normal
2026-02-15 00:24:16.413840,London-32cf,2,46,Normal
2026-02-15 00:24:17.413840,London-32cf,15,38,Normal
2026-02-15 00:24:18.413840,London-32cf,15,10,Normal
2026-02-15 00:24:19.413840,London-32cf,-15,61,Normal
2026-02-15 00:24:20.413840,London-32cf,33,57,Normal
2026-02-15 00:24:21.413840,London-32cf,43,56,Normal
2026-02-15 00:24:22.413840,London-32cf,1,99,Normal
2026-02-15 00:24:23.413840,London-32cf,-18,31,Normal
2026-02-15 00:24:24.413840,London-32cf,-20,99,Normal
2026-02-15 00:24:25.413840,London-32cf,-2,63,Normal
2026-02-15 00:24:26.413840,London-32cf,-26,90,Normal
2026-02-15 00:24:27.413840,London-32cf,12,48,Normal
2026-02-15 00:24:28.413840,London-32cf,20,54,Normal
2026-02-15 00:24:29.413840,London-32cf,40,6,Normal
2026-02-15 00:24:30.413840,London-32cf,37,43,Normal
2026-02-15 00:24:31.413840,London-32cf,13,34,Normal
2026-02-15 00:24:32.413840,London-32cf,13,9,Normal
2026-02-15 00:24:33.413840,London-32cf,-4,55,Normal
2026-02-15 00:24:34.413840,London-32cf,41,70,Normal
2026-02-15 00:24:35.413840,London-32cf,14,93,Normal
2026-02-15 00:24:36.413840,London-32cf,-11,24,Normal
