timestamp,station_id,temp,humid,condition
2026-04-29 20:50:03.518955,Paris-04f3,29,12,Normal
2026-04-29 20:50:04.518955,Paris-04f3,26,86,Normal
2026-04-29 20:50:05.518955,Paris-04f3,28,99,Normal
2026-04-29 20:50:06.518955,Paris-04f3,-22,43,Normal
2026-04-29 20:50:07.518955,Paris-04f3,10,34,Normal
2026-04-29 20:50:08.518955,Paris-04f3,36,29,Normal
2026-04-29 20:50:09.518955,Paris-04f3,-19,60,Normal
2026-04-29 20:50:10.518955,Paris-04f3,35,8,Normal
2026-04-29 20:50:11.518955,Paris-04f3,2,84,Normal
2026-04-29 20:50:12.518955,Paris-04f3,18,31,Normal
2026-04-29 20:50:13.518955,Paris-04f3,-19,36,Normal
2026-04-29 20:50:14.518955,Paris-04f3,39,45,Normal
2026-04-29 20:50:15.518955,Paris-04f3,42,90,Normal
2026-04-29 20:50:16.518955,Paris-04f3,-15,53,Normal
2026-04-29 20:50:17.518955,Paris-04f3,-19,27,Normal
2026-04-29 20:50:18.518955,Paris-04f3,20,84,Normal
2026-04-29 20:50:19.518955,Paris-04f3,-21,53,Normal
2026-04-29 20:50:20.518955,Paris-04f3,-15,51,Normal
2026-04-29 20:50:21.518955,Paris-04f3,39,38,Normal
2026-04-29 20:50:22.518955,Paris-04f3,8,37,Normal
2026-04-29 20:50:23.518955,Paris-04f3,36,32,Normal
2026-04-29 20:50:24.518955,Paris-04f3,-29,93,Normal
2026-04-29 20:50:25.518955,Paris-04f3,43,74,Normal
2026-04-29 20:50:26.518955,Paris-04f3,-28,63,Normal
2026-04-29 20:50:27.518955,Paris-04f3,42,93,Normal
2026-04-29 20:50:28.518955,Paris-04f3,6,16,Normal
2026-04-29 20:50:29.518955,Paris-04f3,-5,94,Normal
2026-04-29 20:50:30.518955,Paris-04f3,-2,80,Normal
2026-04-29 20:50:31.518955,Paris-04f3,-26,35,Normal
2026-04-29 20:50:32.518955,Paris-04f3,8,46,Normal
2026-04-29 20:50:33.518955,Paris-04f3,-21,79,Normal
2026-04-29 20:50:34.518955,Paris-04f3,42,39,Normal
2026-04-29 20:50:35.518955,Paris-04f3,1,48,Normal
2026-04-29 20:50:36.518955,Paris-04f3,-19,56,Normal
2026-04-29 20:50:37.518955,Paris-04f3,42,68,Normal
2026-04-29 20:50:38.518955,Paris-04f3,23,63,Normal
2026-04-29 20:50:39.518955,Paris-04f3,14,92,Normal
2026-04-29 20:50:40.518955,Paris-04f3,23,37,Normal
2026-04-29 20:50:41.518955,Paris-04f3,37,95,Normal
2026-04-29 20:50:42.518955,Paris-04f3,-27,17,Normal
2026-04-29 20:50:43.518955,Paris-04f3,45,99,Normal
2026-04-29 20:50:44.518955,Paris-04f3,-24,50,Normal
2026-04-29 20:50:45.518955,Paris-04f3,32,4,Normal
2026-04-29 20:50:46.518955,Paris-04f3,21,46,Normal
2026-04-29 20:50:47.518955,Paris-04f3,16,73,Normal
2026-04-29 20:50:48.518955,Paris-04f3,23,73,Normal
2026-04-29 20:50:49.518955,Paris-04f3,-12,57,Normal
2026-04-29 20:50:50.518955,Paris-04f3,-23,79,Normal
2026-04-29 20:50:51.518955,Paris-04f3,35,48,Normal
2026-04-29 20:50:52.518955,Paris-04f3,-27,80,Normal
2026-04-29 20:50:53.518955,Paris-04f3,26,61,Normal
2026-04-29 20:50:54.518955,Paris-04f3,-18,28,Normal
2026-04-29 20:50:55.518955,Paris-04f3,29,96,Normal
2026-04-29 20:50:56.518955,Paris-04f3,12,17,Normal
2026-04-29 20:50:57.518955,Paris-04f3,9,80,Normal
2026-04-29 20:50:58.518955,Paris-04f3,32,1,Normal
2026-04-29 20:50:59.518955,Paris-04f3,24,64,Normal
2026-04-29 20:51:00.518955,Paris-04f3,9,2,Normal
2026-04-29 20:51:01.518955,Paris-04f3,-10,3,Normal
2026-04-29 20:51:02.518955,Paris-04f3,24,51,Normal
2026-04-29 20:51:03.518955,Paris-04f3,38,40,Normal
2026-04-29 20:51:04.518955,Paris-04f3,-24,1,Normal
2026-04-29 20:51:05.518955,Paris-04f3,44,93,Normal
2026-04-29 20:51:06.518955,Paris-04f3,8,36,Normal
2026-04-29 20:51:07.518955,Paris-04f3,-12,18,Normal
2026-04-29 20:51:08.518955,Paris-04f3,-26,59,Normal
2026-04-29 20:51:09.518955,Paris-04f3,2,20,Normal
2026-04-29 20:51:10.518955,Paris-04f3,45,100,Normal
2026-04-29 20:51:11.518955,Paris-04f3,37,28,Normal
2026-04-29 20:51:12.518955,Paris-04f3,-2,95,Normal
2026-04-29 20:51:13.518955,Paris-04f3,14,84,Normal
2026-04-29 20:51:14.518955,Paris-04f3,50,43,Normal
2026-04-29 20:51:15.518955,Paris-04f3,33,8,Normal
2026-04-29 20:51:16.518955,Paris-04f3,-1,54,Normal
2026-04-29 20:51:17.518955,Paris-04f3,11,18,Normal
2026-04-29 20:51:18.518955,Paris-04f3,-6,34,Normal
2026-04-29 20:51:19.518955,Paris-04f3,42,17,Normal
2026-04-29 20:51:20.518955,Paris-04f3,-30,8,Normal
2026-04-29 20:51:21.518955,Paris-04f3,-17,25,Normal
2026-04-29 20:51:22.518955,Paris-04f3,-7,8,Normal
2026-04-29 20:51:23.518955,Paris-04f3,-19,39,Normal
2026-04-29 20:51:24.518955,Paris-04f3,30,83,Normal
2026-04-29 20:51:25.518955,Paris-04f3,-2,27,Normal
2026-04-29 20:51:26.518955,Paris-04f3,3,10,Normal
2026-04-29 20:51:27.518955,Paris-04f3,44,30,Normal
2026-04-29 20:51:28.518955,Paris-04f3,-10,87,Normal
2026-04-29 20:51:29.518955,Paris-04f3,7,18,Normal
2026-04-29 20:51:30.518955,Paris-04f3,-9,34,Normal
2026-04-29 20:51:31.518955,Paris-04f3,13,36,Normal
2026-04-29 20:51:32.518955,Paris-04f3,3,38,Normal
2026-04-29 20:51:33.518955,Paris-04f3,-25,35,Normal
2026-04-29 20:51:34.518955,Paris-04f3,0,85,Normal
2026-04-29 20:51:35.518955,Paris-04f3,23,63,Normal
2026-04-29 20:51:36.518955,Paris-04f3,28,70,Normal
2026-04-29 20:51:37.518955,Paris-04f3,16,99,Normal
2026-04-29 20:51:38.518955,Paris-04f3,-18,50,Normal
2026-04-29 20:51:39.518955,Paris-04f3,-22,61,Normal
2026-04-29 20:51:40.518955,Paris-04f3,-23,52,Normal
2026-04-29 20:51:41.518955,Paris-04f3,2,86,Normal
2026-04-29 20:51:42.518955,Paris-04f3,15,16,Normal
2026-04-29 20:51:43.518955,Paris-04f3,46,57,Normal
2026-04-29 20:51:44.518955,Paris-04f3,49,58,Normal
2026-04-29 20:51:45.518955,Paris-04f3,-8,69,Normal
2026-04-29 20:51:46.518955,Paris-04f3,-20,68,Normal
2026-04-29 20:51:47.518955,Paris-04f3,0,14,Normal
2026-04-29 20:51:48.518955,Paris-04f3,35,84,Normal
2026-04-29 20:51:49.518955,Paris-04f3,-9,35,Normal
2026-04-29 20:51:50.518955,Paris-04f3,6,37,Normal
2026-04-29 20:51:51.518955,Paris-04f3,10,94,Normal
2026-04-29 20:51:52.518955,Paris-04f3,15,6,Normal
2026-04-29 20:51:53.518955,Paris-04f3,9,84,Normal
2026-04-29 20:51:54.518955,Paris-04f3,21,46,Normal
2026-04-29 20:51:55.518955,Paris-04f3,-15,31,Normal
2026-04-29 20:51:56.518955,Paris-04f3,8,92,Normal
2026-04-29 20:51:57.518955,Paris-04f3,-11,44,Normal
2026-04-29 20:51:58.518955,Paris-04f3,31,1,Normal
2026-04-29 20:51:59.518955,Paris-04f3,15,68,Normal
2026-04-29 20:52:00.518955,Paris-04f3,48,28,Normal
2026-04-29 20:52:01.518955,Paris-04f3,36,77,Normal
2026-04-29 20:52:02.518955,Paris-04f3,50,81,Normal
2026-04-29 20:52:03.518955,Paris-04f3,38,54,Normal
2026-04-29 20:52:04.518955,Paris-04f3,-11,9,Normal
2026-04-29 20:52:05.518955,Paris-04f3,34,61,Normal
2026-04-29 20:52:06.518955,Paris-04f3,41,29,Normal
2026-04-29 20:52:07.518955,Paris-04f3,49,89,Normal
2026-04-29 20:52:08.518955,Paris-04f3,-15,61,Normal
2026-04-29 20:52:09.518955,Paris-04f3,-12,2,Normal
2026-04-29 20:52:10.518955,Paris-04f3,2,1,Normal
2026-04-29 20:52:11.518955,Paris-04f3,-8,76,Normal
2026-04-29 20:52:12.518955,Paris-04f3,-5,1,Normal
2026-04-29 20:52:13.518955,Paris-04f3,-9,62,Normal
2026-04-29 20:52:14.518955,Paris-04f3,28,52,Normal
2026-04-29 20:52:15.518955,Paris-04f3,48,25,Normal
2026-04-29 20:52:16.518955,Paris-04f3,50,15,Normal
2026-04-29 20:52:17.518955,Paris-04f3,-26,84,Normal
2026-04-29 20:52:18.518955,Paris-04f3,-19,23,Normal
2026-04-29 20:52:19.518955,Paris-04f3,18,33,Normal
2026-04-29 20:52:20.518955,Paris-04f3,-19,47,Normal
2026-04-29 20:52:21.518955,Paris-04f3,50,43,Normal
2026-04-29 20:52:22.518955,Paris-04f3,-19,70,Normal
2026-04-29 20:52:23.518955,Paris-04f3,5,10,Normal
2026-04-29 20:52:24.518955,Paris-04f3,30,20,Normal
2026-04-29 20:52:25.518955,Paris-04f3,-3,97,Normal
2026-04-29 20:52:26.518955,Paris-04f3,-9,77,Normal
2026-04-29 20:52:27.518955,Paris-04f3,-13,0,Normal
2026-04-29 20:52:28.518955,Paris-04f3,41,73,Normal
2026-04-29 20:52:29.518955,Paris-04f3,3,83,Normal
2026-04-29 20:52:30.518955,Paris-04f3,37,67,Normal
2026-04-29 20:52:31.518955,Paris-04f3,-11,15,Normal
2026-04-29 20:52:32.518955,Paris-04f3,-13,67,Normal
2026-04-29 20:52:33.518955,Paris-04f3,-4,88,Normal
2026-04-29 20:52:34.518955,Paris-04f3,30,69,Normal
2026-04-29 20:52:35.518955,Paris-04f3,50,24,Normal
2026-04-29 20:52:36.518955,Paris-04f3,-25,94,Normal
2026-04-29 20:52:37.518955,Paris-04f3,26,22,Normal
2026-04-29 20:52:38.518955,Paris-04f3,9,12,Normal
2026-04-29 20:52:39.518955,Paris-04f3,-19,88,Normal
2026-04-29 20:52:40.518955,Paris-04f3,-2,35,Normal
2026-04-29 20:52:41.518955,Paris-04f3,40,24,Normal
2026-04-29 20:52:42.518955,Paris-04f3,11,99,Normal
2026-04-29 20:52:43.518955,Paris-04f3,-27,62,Normal
2026-04-29 20:52:44.518955,Paris-04f3,28,61,Normal
2026-04-29 20:52:45.518955,Paris-04f3,-12,41,Normal
2026-04-29 20:52:46.518955,Paris-04f3,45,50,Normal
2026-04-29 20:52:47.518955,Paris-04f3,46,88,Normal
2026-04-29 20:52:48.518955,Paris-04f3,-6,72,Normal
2026-04-29 20:52:49.518955,Paris-04f3,42,6,Normal
2026-04-29 20:52:50.518955,Paris-04f3,5,16,Normal
2026-04-29 20:52:51.518955,Paris-04f3,-5,33,Normal
2026-04-29 20:52:52.518955,Paris-04f3,-1,37,Normal
2026-04-29 20:52:53.518955,Paris-04f3,-26,72,Normal
2026-04-29 20:52:54.518955,Paris-04f3,36,18,Normal
2026-04-29 20:52:55.518955,Paris-04f3,-7,90,Normal
2026-04-29 20:52:56.518955,Paris-04f3,2,11,Normal
2026-04-29 20:52:57.518955,Paris-04f3,-27,22,Normal
2026-04-29 20:52:58.518955,Paris-04f3,-1,58,Normal
2026-04-29 20:52:59.518955,Paris-04f3,-7,90,Normal
2026-04-29 20:53:00.518955,Paris-04f3,37,87,Normal
2026-04-29 20:53:01.518955,Paris-04f3,47,42,Normal
2026-04-29 20:53:02.518955,Paris-04f3,7,60,Normal
2026-04-29 20:53:03.518955,Paris-04f3,43,89,Normal
2026-04-29 20:53:04.518955,Paris-04f3,-19,84,Normal
2026-04-29 20:53:05.518955,Paris-04f3,-4,73,Normal
2026-04-29 20:53:06.518955,Paris-04f3,12,37,Normal
2026-04-29 20:53:07.518955,Paris-04f3,9,27,Normal
2026-04-29 20:53:08.518955,Paris-04f3,-27,11,Normal
2026-04-29 20:53:09.518955,Paris-04f3,3,4,Normal
2026-04-29 20:53:10.518955,Paris-04f3,7,69,Normal
2026-04-29 20:53:11.518955,Paris-04f3,-8,92,Normal
2026-04-29 20:53:12.518955,Paris-04f3,5,94,Normal
2026-04-29 20:53:13.518955,Paris-04f3,18,73,Normal
2026-04-29 20:53:14.518955,Paris-04f3,0,93,Normal
2026-04-29 20:53:15.518955,Paris-04f3,43,51,Normal
2026-04-29 20:53:16.518955,Paris-04f3,-16,25,Normal
2026-04-29 20:53:17.518955,Paris-04f3,11,9,Normal
2026-04-29 20:53:18.518955,Paris-04f3,34,98,Normal
2026-04-29 20:53:19.518955,Paris-04f3,-29,28,Normal
2026-04-29 20:53:20.518955,Paris-04f3,13,6,Normal
2026-04-29 20:53:21.518955,Paris-04f3,45,67,Normal
2026-04-29 20:53:22.518955,Paris-04f3,31,87,Normal
2026-04-29 20:53:23.518955,Paris-04f3,46,76,Normal
2026-04-29 20:53:24.518955,Paris-04f3,49,10,Normal
2026-04-29 20:53:25.518955,Paris-04f3,48,89,Normal
2026-04-29 20:53:26.518955,Paris-04f3,6,43,Normal
2026-04-29 20:53:27.518955,Paris-04f3,32,47,Normal
2026-04-29 20:53:28.518955,Paris-04f3,4,53,Normal
2026-04-29 20:53:29.518955,Paris-04f3,19,13,Normal
2026-04-29 20:53:30.518955,Paris-04f3,44,22,Normal
2026-04-29 20:53:31.518955,Paris-04f3,-15,22,Normal
2026-04-29 20:53:32.518955,Paris-04f3,29,77,Normal
2026-04-29 20:53:33.518955,Paris-04f3,29,43,Normal
2026-04-29 20:53:34.518955,Paris-04f3,13,28,Normal
2026-04-29 20:53:35.518955,Paris-04f3,-3,46,Normal
2026-04-29 20:53:36.518955,Paris-04f3,40,17,Normal
2026-04-29 20:53:37.518955,Paris-04f3,-4,81,Normal
2026-04-29 20:53:38.518955,Paris-04f3,42,63,Normal
2026-04-29 20:53:39.518955,Paris-04f3,2,50,Normal
2026-04-29 20:53:40.518955,Paris-04f3,31,94,Normal
2026-04-29 20:53:41.518955,Paris-04f3,38,66,Normal
2026-04-29 20:53:42.518955,Paris-04f3,-13,79,Normal
2026-04-29 20:53:43.518955,Paris-04f3,28,17,Normal
2026-04-29 20:53:44.518955,Paris-04f3,-3,82,Normal
2026-04-29 20:53:45.518955,Paris-04f3,-5,99,Normal
2026-04-29 20:53:46.518955,Paris-04f3,4,60,Normal
2026-04-29 20:53:47.518955,Paris-04f3,-11,32,Normal
2026-04-29 20:53:48.518955,Paris-04f3,47,47,Normal
2026-04-29 20:53:49.518955,Paris-04f3,-13,88,Normal
2026-04-29 20:53:50.518955,Paris-04f3,27,51,Normal
2026-04-29 20:53:51.518955,Paris-04f3,-2,50,Normal
2026-04-29 20:53:52.518955,Paris-04f3,31,65,Normal
2026-04-29 20:53:53.518955,Paris-04f3,10,19,Normal
2026-04-29 20:53:54.518955,Paris-04f3,-21,96,Normal
2026-04-29 20:53:55.518955,Paris-04f3,11,4,Normal
2026-04-29 20:53:56.518955,Paris-04f3,-29,48,Normal
2026-04-29 20:53:57.518955,Paris-04f3,32,15,Normal
2026-04-29 20:53:58.518955,Paris-04f3,28,39,Normal
2026-04-29 20:53:59.518955,Paris-04f3,-14,91,Normal
2026-04-29 20:54:00.518955,Paris-04f3,2,86,Normal
2026-04-29 20:54:01.518955,Paris-04f3,15,98,Normal
2026-04-29 20:54:02.518955,Paris-04f3,-2,88,Normal
2026-04-29 20:54:03.518955,Paris-04f3,-8,70,Normal
2026-04-29 20:54:04.518955,Paris-04f3,36,74,Normal
2026-04-29 20:54:05.518955,Paris-04f3,13,17,Normal
2026-04-29 20:54:06.518955,Paris-04f3,47,54,Normal
2026-04-29 20:54:07.518955,Paris-04f3,20,96,Normal
2026-04-29 20:54:08.518955,Paris-04f3,-11,66,Normal
2026-04-29 20:54:09.518955,Paris-04f3,-21,55,Normal
2026-04-29 20:54:10.518955,Paris-04f3,7,72,Normal
2026-04-29 20:54:11.518955,Paris-04f3,5,72,Normal
2026-04-29 20:54:12.518955,Paris-04f3,-16,12,Normal
2026-04-29 20:54:13.518955,Paris-04f3,38,31,Normal
2026-04-29 20:54:14.518955,Paris-04f3,16,82,Normal
2026-04-29 20:54:15.518955,Paris-04f3,-13,86,Normal
2026-04-29 20:54:16.518955,Paris-04f3,-3,0,Normal
2026-04-29 20:54:17.518955,Paris-04f3,19,25,Normal
2026-04-29 20:54:18.518955,Paris-04f3,1,21,Normal
2026-04-29 20:54:19.518955,Paris-04f3,-17,68,Normal
2026-04-29 20:54:20.518955,Paris-04f3,-2,66,Normal
2026-04-29 20:54:21.518955,Paris-04f3,-12,97,Normal
2026-04-29 20:54:22.518955,Paris-04f3,4,93,Normal
2026-04-29 20:54:23.518955,Paris-04f3,44,47,Normal
2026-04-29 20:54:24.518955,Paris-04f3,23,82,Normal
2026-04-29 20:54:25.518955,Paris-04f3,-23,24,Normal
2026-04-29 20:54:26.518955,Paris-04f3,11,75,Normal
2026-04-29 20:54:27.518955,Paris-04f3,26,76,Normal
2026-04-29 20:54:28.518955,Paris-04f3,-2,13,Normal
2026-04-29 20:54:29.518955,Paris-04f3,25,20,Normal
2026-04-29 20:54:30.518955,Paris-04f3,8,96,Normal
2026-04-29 20:54:31.518955,Paris-04f3,46,38,Normal
2026-04-29 20:54:32.518955,Paris-04f3,14,97,Normal
2026-04-29 20:54:33.518955,Paris-04f3,25,13,Normal
2026-04-29 20:54:34.518955,Paris-04f3,-16,9,Normal
2026-04-29 20:54:35.518955,Paris-04f3,-21,76,Normal
2026-04-29 20:54:36.518955,Paris-04f3,24,63,Normal
2026-04-29 20:54:37.518955,Paris-04f3,-9,7,Normal
2026-04-29 20:54:38.518955,Paris-04f3,-1,11,Normal
2026-04-29 20:54:39.518955,Paris-04f3,-10,49,Normal
2026-04-29 20:54:40.518955,Paris-04f3,15,68,Normal
2026-04-29 20:54:41.518955,Paris-04f3,39,100,Normal
2026-04-29 20:54:42.518955,Paris-04f3,20,49,Normal
2026-04-29 20:54:43.518955,Paris-04f3,41,40,Normal
2026-04-29 20:54:44.518955,Paris-04f3,47,24,Normal
2026-04-29 20:54:45.518955,Paris-04f3,22,37,Normal
2026-04-29 20:54:46.518955,Paris-04f3,46,22,Normal
2026-04-29 20:54:47.518955,Paris-04f3,39,43,Normal
2026-04-29 20:54:48.518955,Paris-04f3,-19,74,Normal
2026-04-29 20:54:49.518955,Paris-04f3,-7,9,Normal
2026-04-29 20:54:50.518955,Paris-04f3,33,2,Normal
2026-04-29 20:54:51.518955,Paris-04f3,-21,31,Normal
2026-04-29 20:54:52.518955,Paris-04f3,33,4,Normal
2026-04-29 20:54:53.518955,Paris-04f3,11,27,Normal
2026-04-29 20:54:54.518955,Paris-04f3,-23,88,Normal
2026-04-29 20:54:55.518955,Paris-04f3,50,94,Normal
2026-04-29 20:54:56.518955,Paris-04f3,-5,84,Normal
2026-04-29 20:54:57.518955,Paris-04f3,-7,30,Normal
2026-04-29 20:54:58.518955,Paris-04f3,37,76,Normal
2026-04-29 20:54:59.518955,Paris-04f3,-20,67,Normal
2026-04-29 20:55:00.518955,Paris-04f3,7,62,Normal
2026-04-29 20:55:01.518955,Paris-04f3,40,44,Normal
2026-04-29 20:55:02.518955,Paris-04f3,18,49,Normal
2026-04-29 20:55:03.518955,Paris-04f3,10,24,Normal
2026-04-29 20:55:04.518955,Paris-04f3,-17,64,Normal
2026-04-29 20:55:05.518955,Paris-04f3,10,74,Normal
2026-04-29 20:55:06.518955,Paris-04f3,-22,41,Normal
2026-04-29 20:55:07.518955,Paris-04f3,3,23,Normal
2026-04-29 20:55:08.518955,Paris-04f3,-30,69,Normal
2026-04-29 20:55:09.518955,Paris-04f3,22,59,Normal
2026-04-29 20:55:10.518955,Paris-04f3,17,94,Normal
2026-04-29 20:55:11.518955,Paris-04f3,29,61,Normal
2026-04-29 20:55:12.518955,Paris-04f3,4,71,Normal
2026-04-29 20:55:13.518955,Paris-04f3,-10,94,Normal
2026-04-29 20:55:14.518955,Paris-04f3,-5,33,Normal
2026-04-29 20:55:15.518955,Paris-04f3,34,41,Normal
2026-04-29 20:55:16.518955,Paris-04f3,-3,58,Normal
2026-04-29 20:55:17.518955,Paris-04f3,14,74,Normal
2026-04-29 20:55:18.518955,Paris-04f3,-21,11,Normal
2026-04-29 20:55:19.518955,Paris-04f3,-6,25,Normal
2026-04-29 20:55:20.518955,Paris-04f3,16,67,Normal
2026-04-29 20:55:21.518955,Paris-04f3,24,26,Normal
2026-04-29 20:55:22.518955,Paris-04f3,-15,44,Normal
2026-04-29 20:55:23.518955,Paris-04f3,-26,83,Normal
2026-04-29 20:55:24.518955,Paris-04f3,31,37,Normal
2026-04-29 20:55:25.518955,Paris-04f3,4,59,Normal
2026-04-29 20:55:26.518955,Paris-04f3,-19,27,Normal
2026-04-29 20:55:27.518955,Paris-04f3,35,21,Normal
2026-04-29 20:55:28.518955,Paris-04f3,-21,68,Normal
2026-04-29 20:55:29.518955,Paris-04f3,45,0,Normal
2026-04-29 20:55:30.518955,Paris-04f3,-11,94,Normal
2026-04-29 20:55:31.518955,Paris-04f3,-16,51,Normal
2026-04-29 20:55:32.518955,Paris-04f3,39,45,Normal
2026-04-29 20:55:33.518955,Paris-04f3,-19,38,Normal
2026-04-29 20:55:34.518955,Paris-04f3,-2,3,Normal
2026-04-29 20:55:35.518955,Paris-04f3,-23,39,Normal
2026-04-29 20:55:36.518955,Paris-04f3,-23,13,Normal
2026-04-29 20:55:37.518955,Paris-04f3,41,38,Normal
2026-04-29 20:55:38.518955,Paris-04f3,16,1,Normal
2026-04-29 20:55:39.518955,Paris-04f3,-20,58,Normal
2026-04-29 20:55:40.518955,Paris-04f3,-8,76,Normal
2026-04-29 20:55:41.518955,Paris-04f3,41,36,Normal
2026-04-29 20:55:42.518955,Paris-04f3,35,70,Normal
2026-04-29 20:55:43.518955,Paris-04f3,-15,18,Normal
2026-04-29 20:55:44.518955,Paris-04f3,49,90,Normal
2026-04-29 20:55:45.518955,Paris-04f3,26,3,Normal
2026-04-29 20:55:46.518955,Paris-04f3,25,22,Normal
2026-04-29 20:55:47.518955,Paris-04f3,39,100,Normal
2026-04-29 20:55:48.518955,Paris-04f3,-16,23,Normal
2026-04-29 20:55:49.518955,Paris-04f3,30,96,Normal
2026-04-29 20:55:50.518955,Paris-04f3,-26,17,Normal
2026-04-29 20:55:51.518955,Paris-04f3,45,53,Normal
2026-04-29 20:55:52.518955,Paris-04f3,27,94,Normal
2026-04-29 20:55:53.518955,Paris-04f3,-29,14,Normal
2026-04-29 20:55:54.518955,Paris-04f3,26,29,Normal
2026-04-29 20:55:55.518955,Paris-04f3,-22,41,Normal
2026-04-29 20:55:56.518955,Paris-04f3,22,55,Normal
2026-04-29 20:55:57.518955,Paris-04f3,18,30,Normal
2026-04-29 20:55:58.518955,Paris-04f3,-29,4,Normal
2026-04-29 20:55:59.518955,Paris-04f3,29,59,Normal
2026-04-29 20:56:00.518955,Paris-04f3,18,28,Normal
2026-04-29 20:56:01.518955,Paris-04f3,8,81,Normal
2026-04-29 20:56:02.518955,Paris-04f3,35,19,Normal
2026-04-29 20:56:03.518955,Paris-04f3,42,37,Normal
2026-04-29 20:56:04.518955,Paris-04f3,31,7,Normal
2026-04-29 20:56:05.518955,Paris-04f3,-30,51,Normal
2026-04-29 20:56:06.518955,Paris-04f3,32,98,Normal
2026-04-29 20:56:07.518955,Paris-04f3,1,41,Normal
2026-04-29 20:56:08.518955,Paris-04f3,12,44,Normal
2026-04-29 20:56:09.518955,Paris-04f3,0,34,Normal
2026-04-29 20:56:10.518955,Paris-04f3,-9,78,Normal
2026-04-29 20:56:11.518955,Paris-04f3,17,16,Normal
2026-04-29 20:56:12.518955,Paris-04f3,47,63,Normal
2026-04-29 20:56:13.518955,Paris-04f3,-22,68,Normal
2026-04-29 20:56:14.518955,Paris-04f3,36,1,Normal
2026-04-29 20:56:15.518955,Paris-04f3,9,91,Normal
2026-04-29 20:56:16.518955,Paris-04f3,6,35,Normal
2026-04-29 20:56:17.518955,Paris-04f3,35,40,Normal
2026-04-29 20:56:18.518955,Paris-04f3,4,44,Normal
2026-04-29 20:56:19.518955,Paris-04f3,27,25,Normal
2026-04-29 20:56:20.518955,Paris-04f3,6,54,Normal
2026-04-29 20:56:21.518955,Paris-04f3,-16,2,Normal
2026-04-29 20:56:22.518955,Paris-04f3,21,58,Normal
2026-04-29 20:56:23.518955,Paris-04f3,-2,96,Normal
2026-04-29 20:56:24.518955,Paris-04f3,43,62,Normal
2026-04-29 20:56:25.518955,Paris-04f3,1,70,Normal
2026-04-29 20:56:26.518955,Paris-04f3,29,55,Normal
2026-04-29 20:56:27.518955,Paris-04f3,43,37,Normal
2026-04-29 20:56:28.518955,Paris-04f3,-12,27,Normal
2026-04-29 20:56:29.518955,Paris-04f3,-12,97,Normal
2026-04-29 20:56:30.518955,Paris-04f3,20,21,Normal
2026-04-29 20:56:31.518955,Paris-04f3,-8,91,Normal
2026-04-29 20:56:32.518955,Paris-04f3,-3,15,Normal
2026-04-29 20:56:33.518955,Paris-04f3,4,41,Normal
2026-04-29 20:56:34.518955,Paris-04f3,20,76,Normal
2026-04-29 20:56:35.518955,Paris-04f3,-29,59,Normal
2026-04-29 20:56:36.518955,Paris-04f3,-24,59,Normal
2026-04-29 20:56:37.518955,Paris-04f3,10,52,Normal
2026-04-29 20:56:38.518955,Paris-04f3,-25,81,Normal
2026-04-29 20:56:39.518955,Paris-04f3,-7,0,Normal
2026-04-29 20:56:40.518955,Paris-04f3,42,93,Normal
2026-04-29 20:56:41.518955,Paris-04f3,13,47,Normal
2026-04-29 20:56:42.518955,Paris-04f3,-15,96,Normal
2026-04-29 20:56:43.518955,Paris-04f3,24,77,Normal
2026-04-29 20:56:44.518955,Paris-04f3,18,8,Normal
2026-04-29 20:56:45.518955,Paris-04f3,16,73,Normal
2026-04-29 20:56:46.518955,Paris-04f3,33,54,Normal
2026-04-29 20:56:47.518955,Paris-04f3,-8,4,Normal
2026-04-29 20:56:48.518955,Paris-04f3,-6,5,Normal
2026-04-29 20:56:49.518955,Paris-04f3,32,84,Normal
2026-04-29 20:56:50.518955,Paris-04f3,47,85,Normal
2026-04-29 20:56:51.518955,Paris-04f3,49,67,Normal
2026-04-29 20:56:52.518955,Paris-04f3,4,83,Normal
2026-04-29 20:56:53.518955,Paris-04f3,50,0,Normal
2026-04-29 20:56:54.518955,Paris-04f3,36,28,Normal
2026-04-29 20:56:55.518955,Paris-04f3,-5,38,Normal
2026-04-29 20:56:56.518955,Paris-04f3,-26,66,Normal
2026-04-29 20:56:57.518955,Paris-04f3,24,59,Normal
2026-04-29 20:56:58.518955,Paris-04f3,-16,40,Normal
2026-04-29 20:56:59.518955,Paris-04f3,29,63,Normal
2026-04-29 20:57:00.518955,Paris-04f3,24,62,Normal
2026-04-29 20:57:01.518955,Paris-04f3,1,77,Normal
2026-04-29 20:57:02.518955,Paris-04f3,-15,24,Normal
2026-04-29 20:57:03.518955,Paris-04f3,50,23,Normal
2026-04-29 20:57:04.518955,Paris-04f3,6,52,Normal
2026-04-29 20:57:05.518955,Paris-04f3,37,81,Normal
2026-04-29 20:57:06.518955,Paris-04f3,24,92,Normal
2026-04-29 20:57:07.518955,Paris-04f3,-4,60,Normal
2026-04-29 20:57:08.518955,Paris-04f3,-12,88,Normal
2026-04-29 20:57:09.518955,Paris-04f3,43,21,Normal
2026-04-29 20:57:10.518955,Paris-04f3,43,99,Normal
2026-04-29 20:57:11.518955,Paris-04f3,50,95,Normal
2026-04-29 20:57:12.518955,Paris-04f3,11,1,Normal
2026-04-29 20:57:13.518955,Paris-04f3,-14,49,Normal
2026-04-29 20:57:14.518955,Paris-04f3,-25,65,Normal
2026-04-29 20:57:15.518955,Paris-04f3,32,45,Normal
2026-04-29 20:57:16.518955,Paris-04f3,10,83,Normal
2026-04-29 20:57:17.518955,Paris-04f3,12,16,Normal
2026-04-29 20:57:18.518955,Paris-04f3,31,61,Normal
2026-04-29 20:57:19.518955,Paris-04f3,-18,80,Normal
2026-04-29 20:57:20.518955,Paris-04f3,37,9,Normal
2026-04-29 20:57:21.518955,Paris-04f3,13,30,Normal
2026-04-29 20:57:22.518955,Paris-04f3,31,12,Normal
2026-04-29 20:57:23.518955,Paris-04f3,-13,7,Normal
2026-04-29 20:57:24.518955,Paris-04f3,-6,44,Normal
2026-04-29 20:57:25.518955,Paris-04f3,36,86,Normal
2026-04-29 20:57:26.518955,Paris-04f3,40,78,Normal
2026-04-29 20:57:27.518955,Paris-04f3,9,95,Normal
2026-04-29 20:57:28.518955,Paris-04f3,24,85,Normal
2026-04-29 20:57:29.518955,Paris-04f3,-30,41,Normal
2026-04-29 20:57:30.518955,Paris-04f3,10,56,Normal
2026-04-29 20:57:31.518955,Paris-04f3,-12,6,Normal
2026-04-29 20:57:32.518955,Paris-04f3,34,40,Normal
2026-04-29 20:57:33.518955,Paris-04f3,-19,88,Normal
2026-04-29 20:57:34.518955,Paris-04f3,-26,24,Normal
2026-04-29 20:57:35.518955,Paris-04f3,43,93,Normal
2026-04-29 20:57:36.518955,Paris-04f3,44,21,Normal
2026-04-29 20:57:37.518955,Paris-04f3,3,50,Normal
2026-04-29 20:57:38.518955,Paris-04f3,-23,49,Normal
2026-04-29 20:57:39.518955,Paris-04f3,0,71,Normal
2026-04-29 20:57:40.518955,Paris-04f3,-30,68,Normal
2026-04-29 20:57:41.518955,Paris-04f3,-29,62,Normal
2026-04-29 20:57:42.518955,Paris-04f3,18,50,Normal
2026-04-29 20:57:43.518955,Paris-04f3,41,49,Normal
2026-04-29 20:57:44.518955,Paris-04f3,19,80,Normal
2026-04-29 20:57:45.518955,Paris-04f3,33,76,Normal
2026-04-29 20:57:46.518955,Paris-04f3,44,16,Normal
2026-04-29 20:57:47.518955,Paris-04f3,31,67,Normal
2026-04-29 20:57:48.518955,Paris-04f3,22,39,Normal
2026-04-29 20:57:49.518955,Paris-04f3,-30,15,Normal
2026-04-29 20:57:50.518955,Paris-04f3,44,68,Normal
2026-04-29 20:57:51.518955,Paris-04f3,50,12,Normal
2026-04-29 20:57:52.518955,Paris-04f3,7,36,Normal
2026-04-29 20:57:53.518955,Paris-04f3,-9,50,Normal
2026-04-29 20:57:54.518955,Paris-04f3,-18,36,Normal
2026-04-29 20:57:55.518955,Paris-04f3,25,25,Normal
2026-04-29 20:57:56.518955,Paris-04f3,-11,75,Normal
2026-04-29 20:57:57.518955,Paris-04f3,-16,63,Normal
2026-04-29 20:57:58.518955,Paris-04f3,39,36,Normal
2026-04-29 20:57:59.518955,Paris-04f3,-11,3,Normal
2026-04-29 20:58:00.518955,Paris-04f3,9,34,Normal
2026-04-29 20:58:01.518955,Paris-04f3,-30,81,Normal
2026-04-29 20:58:02.518955,Paris-04f3,44,53,Normal
2026-04-29 20:58:03.518955,Paris-04f3,-21,87,Normal
2026-04-29 20:58:04.518955,Paris-04f3,-23,74,Normal
2026-04-29 20:58:05.518955,Paris-04f3,30,76,Normal
2026-04-29 20:58:06.518955,Paris-04f3,26,35,Normal
2026-04-29 20:58:07.518955,Paris-04f3,42,41,Normal
2026-04-29 20:58:08.518955,Paris-04f3,-9,42,Normal
2026-04-29 20:58:09.518955,Paris-04f3,-21,0,Normal
2026-04-29 20:58:10.518955,Paris-04f3,-17,20,Normal
2026-04-29 20:58:11.518955,Paris-04f3,13,72,Normal
2026-04-29 20:58:12.518955,Paris-04f3,27,41,Normal
2026-04-29 20:58:13.518955,Paris-04f3,25,27,Normal
2026-04-29 20:58:14.518955,Paris-04f3,16,39,Normal
2026-04-29 20:58:15.518955,Paris-04f3,24,98,Normal
2026-04-29 20:58:16.518955,Paris-04f3,13,30,Normal
2026-04-29 20:58:17.518955,Paris-04f3,29,8,Normal
2026-04-29 20:58:18.518955,Paris-04f3,33,6,Normal
2026-04-29 20:58:19.518955,Paris-04f3,23,57,Normal
2026-04-29 20:58:20.518955,Paris-04f3,-17,5,Normal
2026-04-29 20:58:21.518955,Paris-04f3,32,2,Normal
2026-04-29 20:58:22.518955,Paris-04f3,0,72,Normal
2026-04-29 20:58:23.518955,Paris-04f3,13,43,Normal
2026-04-29 20:58:24.518955,Paris-04f3,46,75,Normal
2026-04-29 20:58:25.518955,Paris-04f3,-11,25,Normal
2026-04-29 20:58:26.518955,Paris-04f3,29,94,Normal
2026-04-29 20:58:27.518955,Paris-04f3,0,5,Normal
2026-04-29 20:58:28.518955,Paris-04f3,42,7,Normal
2026-04-29 20:58:29.518955,Paris-04f3,-24,81,Normal
2026-04-29 20:58:30.518955,Paris-04f3,-7,54,Normal
2026-04-29 20:58:31.518955,Paris-04f3,37,99,Normal
2026-04-29 20:58:32.518955,Paris-04f3,-30,69,Normal
2026-04-29 20:58:33.518955,Paris-04f3,42,11,Normal
2026-04-29 20:58:34.518955,Paris-04f3,16,39,Normal
2026-04-29 20:58:35.518955,Paris-04f3,-20,22,Normal
2026-04-29 20:58:36.518955,Paris-04f3,14,99,Normal
2026-04-29 20:58:37.518955,Paris-04f3,25,63,Normal
2026-04-29 20:58:38.518955,Paris-04f3,-5,100,Normal
2026-04-29 20:58:39.518955,Paris-04f3,10,76,Normal
2026-04-29 20:58:40.518955,Paris-04f3,1,68,Normal
2026-04-29 20:58:41.518955,Paris-04f3,11,15,Normal
2026-04-29 20:58:42.518955,Paris-04f3,21,16,Normal
2026-04-29 20:58:43.518955,Paris-04f3,38,84,Normal
2026-04-29 20:58:44.518955,Paris-04f3,40,72,Normal
2026-04-29 20:58:45.518955,Paris-04f3,29,23,Normal
2026-04-29 20:58:46.518955,Paris-04f3,0,1,Normal
2026-04-29 20:58:47.518955,Paris-04f3,-21,77,Normal
2026-04-29 20:58:48.518955,Paris-04f3,18,69,Normal
2026-04-29 20:58:49.518955,Paris-04f3,-20,3,Normal
2026-04-29 20:58:50.518955,Paris-04f3,30,69,Normal
2026-04-29 20:58:51.518955,Paris-04f3,48,88,Normal
2026-04-29 20:58:52.518955,Paris-04f3,11,48,Normal
2026-04-29 20:58:53.518955,Paris-04f3,24,28,Normal
2026-04-29 20:58:54.518955,Paris-04f3,-13,91,Normal
2026-04-29 20:58:55.518955,Paris-04f3,-14,17,Normal
2026-04-29 20:58:56.518955,Paris-04f3,47,24,Normal
2026-04-29 20:58:57.518955,Paris-04f3,19,54,Normal
2026-04-29 20:58:58.518955,Paris-04f3,9,23,Normal
2026-04-29 20:58:59.518955,Paris-04f3,-8,23,Normal
2026-04-29 20:59:00.518955,Paris-04f3,2,67,Normal
2026-04-29 20:59:01.518955,Paris-04f3,1,20,Normal
2026-04-29 20:59:02.518955,Paris-04f3,-13,12,Normal
2026-04-29 20:59:03.518955,Paris-04f3,32,45,Normal
2026-04-29 20:59:04.518955,Paris-04f3,50,10,Normal
2026-04-29 20:59:05.518955,Paris-04f3,23,69,Normal
2026-04-29 20:59:06.518955,Paris-04f3,-30,86,Normal
2026-04-29 20:59:07.518955,Paris-04f3,49,2,Normal
2026-04-29 20:59:08.518955,Paris-04f3,2,69,Normal
2026-04-29 20:59:09.518955,Paris-04f3,14,4,Normal
2026-04-29 20:59:10.518955,Paris-04f3,3,100,Normal
2026-04-29 20:59:11.518955,Paris-04f3,10,81,Normal
2026-04-29 20:59:12.518955,Paris-04f3,43,83,Normal
2026-04-29 20:59:13.518955,Paris-04f3,-21,28,Normal
2026-04-29 20:59:14.518955,Paris-04f3,-20,41,Normal
2026-04-29 20:59:15.518955,Paris-04f3,-17,13,Normal
2026-04-29 20:59:16.518955,Paris-04f3,17,78,Normal
2026-04-29 20:59:17.518955,Paris-04f3,18,94,Normal
2026-04-29 20:59:18.518955,Paris-04f3,41,89,Normal
2026-04-29 20:59:19.518955,Paris-04f3,-25,39,Normal
2026-04-29 20:59:20.518955,Paris-04f3,-20,3,Normal
2026-04-29 20:59:21.518955,Paris-04f3,24,58,Normal
2026-04-29 20:59:22.518955,Paris-04f3,8,19,Normal
2026-04-29 20:59:23.518955,Paris-04f3,5,88,Normal
2026-04-29 20:59:24.518955,Paris-04f3,-12,47,Normal
2026-04-29 20:59:25.518955,Paris-04f3,44,8,Normal
2026-04-29 20:59:26.518955,Paris-04f3,-22,14,Normal
2026-04-29 20:59:27.518955,Paris-04f3,17,47,Normal
2026-04-29 20:59:28.518955,Paris-04f3,17,65,Normal
2026-04-29 20:59:29.518955,Paris-04f3,-14,33,Normal
2026-04-29 20:59:30.518955,Paris-04f3,-7,63,Normal
2026-04-29 20:59:31.518955,Paris-04f3,-12,15,Normal
2026-04-29 20:59:32.518955,Paris-04f3,-3,52,Normal
2026-04-29 20:59:33.518955,Paris-04f3,45,33,Normal
2026-04-29 20:59:34.518955,Paris-04f3,-27,1,Normal
2026-04-29 20:59:35.518955,Paris-04f3,21,63,Normal
2026-04-29 20:59:36.518955,Paris-04f3,8,92,Normal
2026-04-29 20:59:37.518955,Paris-04f3,25,4,Normal
2026-04-29 20:59:38.518955,Paris-04f3,-10,87,Normal
2026-04-29 20:59:39.518955,Paris-04f3,-23,92,Normal
2026-04-29 20:59:40.518955,Paris-04f3,36,41,Normal
2026-04-29 20:59:41.518955,Paris-04f3,14,24,Normal
2026-04-29 20:59:42.518955,Paris-04f3,17,35,Normal
2026-04-29 20:59:43.518955,Paris-04f3,45,82,Normal
2026-04-29 20:59:44.518955,Paris-04f3,-28,24,Normal
2026-04-29 20:59:45.518955,Paris-04f3,43,62,Normal
2026-04-29 20:59:46.518955,Paris-04f3,-24,75,Normal
2026-04-29 20:59:47.518955,Paris-04f3,-11,92,Normal
2026-04-29 20:59:48.518955,Paris-04f3,-14,49,Normal
2026-04-29 20:59:49.518955,Paris-04f3,-9,14,Normal
2026-04-29 20:59:50.518955,Paris-04f3,43,52,Normal
2026-04-29 20:59:51.518955,Paris-04f3,50,65,Normal
2026-04-29 20:59:52.518955,Paris-04f3,15,58,Normal
2026-04-29 20:59:53.518955,Paris-04f3,45,42,Normal
2026-04-29 20:59:54.518955,Paris-04f3,-29,19,Normal
2026-04-29 20:59:55.518955,Paris-04f3,-18,9,Normal
2026-04-29 20:59:56.518955,Paris-04f3,-13,7,Normal
2026-04-29 20:59:57.518955,Paris-04f3,17,3,Normal
2026-04-29 20:59:58.518955,Paris-04f3,-16,35,Normal
2026-04-29 20:59:59.518955,Paris-04f3,6,62,Normal
2026-04-29 21:00:00.518955,Paris-04f3,11,18,Normal
2026-04-29 21:00:01.518955,Paris-04f3,-5,49,Normal
2026-04-29 21:00:02.518955,Paris-04f3,-12,98,Normal
2026-04-29 21:00:03.518955,Paris-04f3,-1,2,Normal
2026-04-29 21:00:04.518955,Paris-04f3,48,50,Normal
2026-04-29 21:00:05.518955,Paris-04f3,-26,68,Normal
2026-04-29 21:00:06.518955,Paris-04f3,-5,32,Normal
2026-04-29 21:00:07.518955,Paris-04f3,-25,4,Normal
2026-04-29 21:00:08.518955,Paris-04f3,39,89,Normal
2026-04-29 21:00:09.518955,Paris-04f3,23,51,Normal
2026-04-29 21:00:10.518955,Paris-04f3,18,40,Normal
2026-04-29 21:00:11.518955,Paris-04f3,-20,46,Normal
2026-04-29 21:00:12.518955,Paris-04f3,42,14,Normal
2026-04-29 21:00:13.518955,Paris-04f3,42,80,Normal
2026-04-29 21:00:14.518955,Paris-04f3,-25,34,Normal
2026-04-29 21:00:15.518955,Paris-04f3,44,30,Normal
2026-04-29 21:00:16.518955,Paris-04f3,41,74,Normal
2026-04-29 21:00:17.518955,Paris-04f3,29,91,Normal
2026-04-29 21:00:18.518955,Paris-04f3,31,28,Normal
2026-04-29 21:00:19.518955,Paris-04f3,21,51,Normal
2026-04-29 21:00:20.518955,Paris-04f3,44,61,Normal
2026-04-29 21:00:21.518955,Paris-04f3,-28,75,Normal
2026-04-29 21:00:22.518955,Paris-04f3,5,46,Normal
2026-04-29 21:00:23.518955,Paris-04f3,28,55,Normal
2026-04-29 21:00:24.518955,Paris-04f3,36,97,Normal
2026-04-29 21:00:25.518955,Paris-04f3,-3,76,Normal
2026-04-29 21:00:26.518955,Paris-04f3,-4,94,Normal
2026-04-29 21:00:27.518955,Paris-04f3,6,66,Normal
2026-04-29 21:00:28.518955,Paris-04f3,-1,6,Normal
2026-04-29 21:00:29.518955,Paris-04f3,-28,21,Normal
2026-04-29 21:00:30.518955,Paris-04f3,-27,36,Normal
2026-04-29 21:00:31.518955,Paris-04f3,42,76,Normal
2026-04-29 21:00:32.518955,Paris-04f3,16,42,Normal
2026-04-29 21:00:33.518955,Paris-04f3,7,32,Normal
2026-04-29 21:00:34.518955,Paris-04f3,19,92,Normal
2026-04-29 21:00:35.518955,Paris-04f3,45,46,Normal
2026-04-29 21:00:36.518955,Paris-04f3,-1,74,Normal
2026-04-29 21:00:37.518955,Paris-04f3,39,31,Normal
2026-04-29 21:00:38.518955,Paris-04f3,-26,16,Normal
2026-04-29 21:00:39.518955,Paris-04f3,38,70,Normal
2026-04-29 21:00:40.518955,Paris-04f3,3,26,Normal
2026-04-29 21:00:41.518955,Paris-04f3,-17,33,Normal
2026-04-29 21:00:42.518955,Paris-04f3,2,27,Normal
2026-04-29 21:00:43.518955,Paris-04f3,11,94,Normal
2026-04-29 21:00:44.518955,Paris-04f3,34,8,Normal
2026-04-29 21:00:45.518955,Paris-04f3,41,24,Normal
2026-04-29 21:00:46.518955,Paris-04f3,50,41,Normal
2026-04-29 21:00:47.518955,Paris-04f3,18,18,Normal
2026-04-29 21:00:48.518955,Paris-04f3,46,70,Normal
2026-04-29 21:00:49.518955,Paris-04f3,19,16,Normal
2026-04-29 21:00:50.518955,Paris-04f3,40,55,Normal
2026-04-29 21:00:51.518955,Paris-04f3,27,100,Normal
2026-04-29 21:00:52.518955,Paris-04f3,47,44,Normal
2026-04-29 21:00:53.518955,Paris-04f3,29,90,Normal
2026-04-29 21:00:54.518955,Paris-04f3,31,16,Normal
2026-04-29 21:00:55.518955,Paris-04f3,-19,77,Normal
2026-04-29 21:00:56.518955,Paris-04f3,36,52,Normal
2026-04-29 21:00:57.518955,Paris-04f3,-15,68,Normal
2026-04-29 21:00:58.518955,Paris-04f3,3,8,Normal
2026-04-29 21:00:59.518955,Paris-04f3,48,82,Normal
2026-04-29 21:01:00.518955,Paris-04f3,-1,64,Normal
2026-04-29 21:01:01.518955,Paris-04f3,-7,94,Normal
2026-04-29 21:01:02.518955,Paris-04f3,23,69,Normal
2026-04-29 21:01:03.518955,Paris-04f3,42,96,Normal
2026-04-29 21:01:04.518955,Paris-04f3,17,45,Normal
2026-04-29 21:01:05.518955,Paris-04f3,-2,39,Normal
2026-04-29 21:01:06.518955,Paris-04f3,47,75,Normal
2026-04-29 21:01:07.518955,Paris-04f3,-3,37,Normal
2026-04-29 21:01:08.518955,Paris-04f3,39,78,Normal
2026-04-29 21:01:09.518955,Paris-04f3,37,95,Normal
2026-04-29 21:01:10.518955,Paris-04f3,30,95,Normal
2026-04-29 21:01:11.518955,Paris-04f3,-22,72,Normal
2026-04-29 21:01:12.518955,Paris-04f3,-10,62,Normal
2026-04-29 21:01:13.518955,Paris-04f3,10,74,Normal
2026-04-29 21:01:14.518955,Paris-04f3,41,62,Normal
2026-04-29 21:01:15.518955,Paris-04f3,-4,63,Normal
2026-04-29 21:01:16.518955,Paris-04f3,-19,11,Normal
2026-04-29 21:01:17.518955,Paris-04f3,47,73,Normal
2026-04-29 21:01:18.518955,Paris-04f3,36,39,Normal
2026-04-29 21:01:19.518955,Paris-04f3,-2,95,Normal
2026-04-29 21:01:20.518955,Paris-04f3,42,86,Normal
2026-04-29 21:01:21.518955,Paris-04f3,6,0,Normal
2026-04-29 21:01:22.518955,Paris-04f3,-10,2,Normal
2026-04-29 21:01:23.518955,Paris-04f3,16,37,Normal
2026-04-29 21:01:24.518955,Paris-04f3,44,17,Normal
2026-04-29 21:01:25.518955,Paris-04f3,-15,69,Normal
2026-04-29 21:01:26.518955,Paris-04f3,-14,68,Normal
2026-04-29 21:01:27.518955,Paris-04f3,22,3,Normal
2026-04-29 21:01:28.518955,Paris-04f3,50,87,Normal
2026-04-29 21:01:29.518955,Paris-04f3,-5,69,Normal
2026-04-29 21:01:30.518955,Paris-04f3,11,76,Normal
2026-04-29 21:01:31.518955,Paris-04f3,26,73,Normal
2026-04-29 21:01:32.518955,Paris-04f3,11,99,Normal
2026-04-29 21:01:33.518955,Paris-04f3,-26,63,Normal
2026-04-29 21:01:34.518955,Paris-04f3,-15,86,Normal
2026-04-29 21:01:35.518955,Paris-04f3,20,67,Normal
2026-04-29 21:01:36.518955,Paris-04f3,4,6,Normal
2026-04-29 21:01:37.518955,Paris-04f3,19,96,Normal
2026-04-29 21:01:38.518955,Paris-04f3,2,52,Normal
2026-04-29 21:01:39.518955,Paris-04f3,-21,89,Normal
2026-04-29 21:01:40.518955,Paris-04f3,36,45,Normal
2026-04-29 21:01:41.518955,Paris-04f3,49,93,Normal
2026-04-29 21:01:42.518955,Paris-04f3,-22,98,Normal
2026-04-29 21:01:43.518955,Paris-04f3,6,41,Normal
2026-04-29 21:01:44.518955,Paris-04f3,-18,85,Normal
2026-04-29 21:01:45.518955,Paris-04f3,23,72,Normal
2026-04-29 21:01:46.518955,Paris-04f3,25,45,Normal
2026-04-29 21:01:47.518955,Paris-04f3,20,84,Normal
2026-04-29 21:01:48.518955,Paris-04f3,37,34,Normal
2026-04-29 21:01:49.518955,Paris-04f3,-27,9,Normal
2026-04-29 21:01:50.518955,Paris-04f3,-24,57,Normal
2026-04-29 21:01:51.518955,Paris-04f3,1,25,Normal
2026-04-29 21:01:52.518955,Paris-04f3,29,99,Normal
2026-04-29 21:01:53.518955,Paris-04f3,49,22,Normal
2026-04-29 21:01:54.518955,Paris-04f3,-28,43,Normal
2026-04-29 21:01:55.518955,Paris-04f3,29,88,Normal
2026-04-29 21:01:56.518955,Paris-04f3,5,87,Normal
2026-04-29 21:01:57.518955,Paris-04f3,-17,85,Normal
2026-04-29 21:01:58.518955,Paris-04f3,19,41,Normal
2026-04-29 21:01:59.518955,Paris-04f3,-1,4,Normal
2026-04-29 21:02:00.518955,Paris-04f3,27,72,Normal
2026-04-29 21:02:01.518955,Paris-04f3,39,81,Normal
2026-04-29 21:02:02.518955,Paris-04f3,-9,95,Normal
2026-04-29 21:02:03.518955,Paris-04f3,11,36,Normal
2026-04-29 21:02:04.518955,Paris-04f3,-27,2,Normal
2026-04-29 21:02:05.518955,Paris-04f3,15,71,Normal
2026-04-29 21:02:06.518955,Paris-04f3,23,26,Normal
2026-04-29 21:02:07.518955,Paris-04f3,38,46,Normal
2026-04-29 21:02:08.518955,Paris-04f3,4,62,Normal
2026-04-29 21:02:09.518955,Paris-04f3,30,95,Normal
2026-04-29 21:02:10.518955,Paris-04f3,-14,94,Normal
2026-04-29 21:02:11.518955,Paris-04f3,-21,56,Normal
2026-04-29 21:02:12.518955,Paris-04f3,-7,32,Normal
2026-04-29 21:02:13.518955,Paris-04f3,49,81,Normal
2026-04-29 21:02:14.518955,Paris-04f3,-19,34,Normal
2026-04-29 21:02:15.518955,Paris-04f3,13,76,Normal
2026-04-29 21:02:16.518955,Paris-04f3,-26,65,Normal
2026-04-29 21:02:17.518955,Paris-04f3,44,42,Normal
2026-04-29 21:02:18.518955,Paris-04f3,21,68,Normal
2026-04-29 21:02:19.518955,Paris-04f3,23,6,Normal
2026-04-29 21:02:20.518955,Paris-04f3,19,20,Normal
2026-04-29 21:02:21.518955,Paris-04f3,42,92,Normal
2026-04-29 21:02:22.518955,Paris-04f3,2,30,Normal
2026-04-29 21:02:23.518955,Paris-04f3,-2,86,Normal
2026-04-29 21:02:24.518955,Paris-04f3,1,58,Normal
2026-04-29 21:02:25.518955,Paris-04f3,-6,38,Normal
2026-04-29 21:02:26.518955,Paris-04f3,-26,22,Normal
2026-04-29 21:02:27.518955,Paris-04f3,38,42,Normal
2026-04-29 21:02:28.518955,Paris-04f3,-2,3,Normal
2026-04-29 21:02:29.518955,Paris-04f3,-6,15,Normal
2026-04-29 21:02:30.518955,Paris-04f3,3,85,Normal
2026-04-29 21:02:31.518955,Paris-04f3,-10,84,Normal
2026-04-29 21:02:32.518955,Paris-04f3,15,47,Normal
2026-04-29 21:02:33.518955,Paris-04f3,8,100,Normal
2026-04-29 21:02:34.518955,Paris-04f3,-3,29,Normal
2026-04-29 21:02:35.518955,Paris-04f3,23,74,Normal
2026-04-29 21:02:36.518955,Paris-04f3,-5,90,Normal
2026-04-29 21:02:37.518955,Paris-04f3,9,55,Normal
2026-04-29 21:02:38.518955,Paris-04f3,21,6,Normal
2026-04-29 21:02:39.518955,Paris-04f3,-13,94,Normal
2026-04-29 21:02:40.518955,Paris-04f3,-23,8,Normal
2026-04-29 21:02:41.518955,Paris-04f3,-8,89,Normal
2026-04-29 21:02:42.518955,Paris-04f3,8,14,Normal
2026-04-29 21:02:43.518955,Paris-04f3,-20,81,Normal
2026-04-29 21:02:44.518955,Paris-04f3,-16,53,Normal
2026-04-29 21:02:45.518955,Paris-04f3,12,99,Normal
2026-04-29 21:02:46.518955,Paris-04f3,19,67,Normal
2026-04-29 21:02:47.518955,Paris-04f3,-29,97,Normal
2026-04-29 21:02:48.518955,Paris-04f3,47,48,Normal
2026-04-29 21:02:49.518955,Paris-04f3,24,73,Normal
2026-04-29 21:02:50.518955,Paris-04f3,45,39,Normal
2026-04-29 21:02:51.518955,Paris-04f3,-12,73,Normal
2026-04-29 21:02:52.518955,Paris-04f3,-6,97,Normal
2026-04-29 21:02:53.518955,Paris-04f3,0,14,Normal
2026-04-29 21:02:54.518955,Paris-04f3,-1,33,Normal
2026-04-29 21:02:55.518955,Paris-04f3,-6,56,Normal
2026-04-29 21:02:56.518955,Paris-04f3,30,83,Normal
2026-04-29 21:02:57.518955,Paris-04f3,-15,45,Normal
2026-04-29 21:02:58.518955,Paris-04f3,10,84,Normal
2026-04-29 21:02:59.518955,Paris-04f3,-23,79,Normal
2026-04-29 21:03:00.518955,Paris-04f3,13,31,Normal
2026-04-29 21:03:01.518955,Paris-04f3,-14,24,Normal
2026-04-29 21:03:02.518955,Paris-04f3,36,91,Normal
2026-04-29 21:03:03.518955,Paris-04f3,36,99,Normal
2026-04-29 21:03:04.518955,Paris-04f3,-21,3,Normal
2026-04-29 21:03:05.518955,Paris-04f3,9,86,Normal
2026-04-29 21:03:06.518955,Paris-04f3,13,39,Normal
2026-04-29 21:03:07.518955,Paris-04f3,29,91,Normal
2026-04-29 21:03:08.518955,Paris-04f3,18,98,Normal
2026-04-29 21:03:09.518955,Paris-04f3,-2,80,Normal
2026-04-29 21:03:10.518955,Paris-04f3,41,60,Normal
2026-04-29 21:03:11.518955,Paris-04f3,-17,83,Normal
2026-04-29 21:03:12.518955,Paris-04f3,-14,22,Normal
2026-04-29 21:03:13.518955,Paris-04f3,-16,60,Normal
2026-04-29 21:03:14.518955,Paris-04f3,19,46,Normal
2026-04-29 21:03:15.518955,Paris-04f3,32,22,Normal
2026-04-29 21:03:16.518955,Paris-04f3,17,53,Normal
2026-04-29 21:03:17.518955,Paris-04f3,-18,53,Normal
2026-04-29 21:03:18.518955,Paris-04f3,3,1,Normal
2026-04-29 21:03:19.518955,Paris-04f3,-6,37,Normal
2026-04-29 21:03:20.518955,Paris-04f3,-20,82,Normal
2026-04-29 21:03:21.518955,Paris-04f3,50,55,Normal
2026-04-29 21:03:22.518955,Paris-04f3,-20,43,Normal
2026-04-29 21:03:23.518955,Paris-04f3,35,38,Normal
2026-04-29 21:03:24.518955,Paris-04f3,-17,15,Normal
2026-04-29 21:03:25.518955,Paris-04f3,21,67,Normal
2026-04-29 21:03:26.518955,Paris-04f3,46,26,Normal
2026-04-29 21:03:27.518955,Paris-04f3,4,82,Normal
2026-04-29 21:03:28.518955,Paris-04f3,49,19,Normal
2026-04-29 21:03:29.518955,Paris-04f3,9,59,Normal
2026-04-29 21:03:30.518955,Paris-04f3,14,37,Normal
2026-04-29 21:03:31.518955,Paris-04f3,-14,61,Normal
2026-04-29 21:03:32.518955,Paris-04f3,-2,79,Normal
2026-04-29 21:03:33.518955,Paris-04f3,7,33,Normal
2026-04-29 21:03:34.518955,Paris-04f3,34,90,Normal
2026-04-29 21:03:35.518955,Paris-04f3,30,97,Normal
2026-04-29 21:03:36.518955,Paris-04f3,10,93,Normal
2026-04-29 21:03:37.518955,Paris-04f3,47,55,Normal
2026-04-29 21:03:38.518955,Paris-04f3,50,10,Normal
2026-04-29 21:03:39.518955,Paris-04f3,-14,53,Normal
2026-04-29 21:03:40.518955,Paris-04f3,4,56,Normal
2026-04-29 21:03:41.518955,Paris-04f3,-17,70,Normal
2026-04-29 21:03:42.518955,Paris-04f3,-8,25,Normal
2026-04-29 21:03:43.518955,Paris-04f3,24,27,Normal
2026-04-29 21:03:44.518955,Paris-04f3,15,49,Normal
2026-04-29 21:03:45.518955,Paris-04f3,-3,39,Normal
2026-04-29 21:03:46.518955,Paris-04f3,11,85,Normal
2026-04-29 21:03:47.518955,Paris-04f3,16,46,Normal
2026-04-29 21:03:48.518955,Paris-04f3,26,9,Normal
2026-04-29 21:03:49.518955,Paris-04f3,17,42,Normal
2026-04-29 21:03:50.518955,Paris-04f3,5,64,Normal
2026-04-29 21:03:51.518955,Paris-04f3,-15,19,Normal
2026-04-29 21:03:52.518955,Paris-04f3,30,6,Normal
2026-04-29 21:03:53.518955,Paris-04f3,19,75,Normal
2026-04-29 21:03:54.518955,Paris-04f3,48,89,Normal
2026-04-29 21:03:55.518955,Paris-04f3,14,9,Normal
2026-04-29 21:03:56.518955,Paris-04f3,-7,43,Normal
2026-04-29 21:03:57.518955,Paris-04f3,19,59,Normal
2026-04-29 21:03:58.518955,Paris-04f3,-7,33,Normal
2026-04-29 21:03:59.518955,Paris-04f3,16,83,Normal
2026-04-29 21:04:00.518955,Paris-04f3,-5,59,Normal
2026-04-29 21:04:01.518955,Paris-04f3,6,69,Normal
2026-04-29 21:04:02.518955,Paris-04f3,14,92,Normal
2026-04-29 21:04:03.518955,Paris-04f3,32,40,Normal
2026-04-29 21:04:04.518955,Paris-04f3,19,33,Normal
2026-04-29 21:04:05.518955,Paris-04f3,27,72,Normal
2026-04-29 21:04:06.518955,Paris-04f3,33,99,Normal
2026-04-29 21:04:07.518955,Paris-04f3,-6,10,Normal
2026-04-29 21:04:08.518955,Paris-04f3,-8,20,Normal
2026-04-29 21:04:09.518955,Paris-04f3,12,35,Normal
2026-04-29 21:04:10.518955,Paris-04f3,-6,32,Normal
2026-04-29 21:04:11.518955,Paris-04f3,5,29,Normal
2026-04-29 21:04:12.518955,Paris-04f3,34,86,Normal
2026-04-29 21:04:13.518955,Paris-04f3,43,19,Normal
2026-04-29 21:04:14.518955,Paris-04f3,2,56,Normal
2026-04-29 21:04:15.518955,Paris-04f3,-23,93,Normal
2026-04-29 21:04:16.518955,Paris-04f3,29,76,Normal
2026-04-29 21:04:17.518955,Paris-04f3,3,5,Normal
2026-04-29 21:04:18.518955,Paris-04f3,-9,60,Normal
2026-04-29 21:04:19.518955,Paris-04f3,-30,89,Normal
2026-04-29 21:04:20.518955,Paris-04f3,22,91,Normal
2026-04-29 21:04:21.518955,Paris-04f3,-8,74,Normal
2026-04-29 21:04:22.518955,Paris-04f3,-24,54,Normal
2026-04-29 21:04:23.518955,Paris-04f3,14,67,Normal
2026-04-29 21:04:24.518955,Paris-04f3,10,11,Normal
2026-04-29 21:04:25.518955,Paris-04f3,44,47,Normal
2026-04-29 21:04:26.518955,Paris-04f3,26,6,Normal
2026-04-29 21:04:27.518955,Paris-04f3,-18,16,Normal
2026-04-29 21:04:28.518955,Paris-04f3,-6,48,Normal
2026-04-29 21:04:29.518955,Paris-04f3,17,20,Normal
2026-04-29 21:04:30.518955,Paris-04f3,41,8,Normal
2026-04-29 21:04:31.518955,Paris-04f3,39,89,Normal
2026-04-29 21:04:32.518955,Paris-04f3,18,17,Normal
2026-04-29 21:04:33.518955,Paris-04f3,-1,4,Normal
2026-04-29 21:04:34.518955,Paris-04f3,-18,7,Normal
2026-04-29 21:04:35.518955,Paris-04f3,-5,70,Normal
2026-04-29 21:04:36.518955,Paris-04f3,6,88,Normal
2026-04-29 21:04:37.518955,Paris-04f3,17,5,Normal
2026-04-29 21:04:38.518955,Paris-04f3,29,61,Normal
2026-04-29 21:04:39.518955,Paris-04f3,3,90,Normal
2026-04-29 21:04:40.518955,Paris-04f3,-6,18,Normal
2026-04-29 21:04:41.518955,Paris-04f3,-21,85,Normal
2026-04-29 21:04:42.518955,Paris-04f3,-7,96,Normal
2026-04-29 21:04:43.518955,Paris-04f3,33,3,Normal
2026-04-29 21:04:44.518955,Paris-04f3,45,10,Normal
2026-04-29 21:04:45.518955,Paris-04f3,34,3,Normal
2026-04-29 21:04:46.518955,Paris-04f3,14,0,Normal
2026-04-29 21:04:47.518955,Paris-04f3,32,61,Normal
2026-04-29 21:04:48.518955,Paris-04f3,33,81,Normal
2026-04-29 21:04:49.518955,Paris-04f3,-17,24,Normal
2026-04-29 21:04:50.518955,Paris-04f3,46,60,Normal
2026-04-29 21:04:51.518955,Paris-04f3,-30,33,Normal
2026-04-29 21:04:52.518955,Paris-04f3,-28,51,Normal
2026-04-29 21:04:53.518955,Paris-04f3,42,52,Normal
2026-04-29 21:04:54.518955,Paris-04f3,13,61,Normal
2026-04-29 21:04:55.518955,Paris-04f3,-2,19,Normal
2026-04-29 21:04:56.518955,Paris-04f3,20,88,Normal
2026-04-29 21:04:57.518955,Paris-04f3,10,89,Normal
2026-04-29 21:04:58.518955,Paris-04f3,-26,6,Normal
2026-04-29 21:04:59.518955,Paris-04f3,-7,47,Normal
2026-04-29 21:05:00.518955,Paris-04f3,-30,19,Normal
2026-04-29 21:05:01.518955,Paris-04f3,29,79,Normal
2026-04-29 21:05:02.518955,Paris-04f3,9,81,Normal
2026-04-29 21:05:03.518955,Paris-04f3,45,20,Normal
2026-04-29 21:05:04.518955,Paris-04f3,46,56,Normal
2026-04-29 21:05:05.518955,Paris-04f3,-3,13,Normal
2026-04-29 21:05:06.518955,Paris-04f3,31,80,Normal
2026-04-29 21:05:07.518955,Paris-04f3,7,29,Normal
2026-04-29 21:05:08.518955,Paris-04f3,-26,83,Normal
2026-04-29 21:05:09.518955,Paris-04f3,25,70,Normal
2026-04-29 21:05:10.518955,Paris-04f3,-11,46,Normal
2026-04-29 21:05:11.518955,Paris-04f3,0,81,Normal
2026-04-29 21:05:12.518955,Paris-04f3,11,17,Normal
2026-04-29 21:05:13.518955,Paris-04f3,33,66,Normal
2026-04-29 21:05:14.518955,Paris-04f3,6,52,Normal
2026-04-29 21:05:15.518955,Paris-04f3,-13,40,Normal
2026-04-29 21:05:16.518955,Paris-04f3,17,33,Normal
2026-04-29 21:05:17.518955,Paris-04f3,47,35,Normal
2026-04-29 21:05:18.518955,Paris-04f3,-9,27,Normal
2026-04-29 21:05:19.518955,Paris-04f3,33,21,Normal
2026-04-29 21:05:20.518955,Paris-04f3,31,59,Normal
2026-04-29 21:05:21.518955,Paris-04f3,6,60,Normal
2026-04-29 21:05:22.518955,Paris-04f3,38,30,Normal
2026-04-29 21:05:23.518955,Paris-04f3,50,45,Normal
2026-04-29 21:05:24.518955,Paris-04f3,48,41,Normal
2026-04-29 21:05:25.518955,Paris-04f3,42,56,Normal
2026-04-29 21:05:26.518955,Paris-04f3,24,25,Normal
2026-04-29 21:05:27.518955,Paris-04f3,3,49,Normal
2026-04-29 21:05:28.518955,Paris-04f3,-16,41,Normal
2026-04-29 21:05:29.518955,Paris-04f3,-3,50,Normal
2026-04-29 21:05:30.518955,Paris-04f3,17,48,Normal
2026-04-29 21:05:31.518955,Paris-04f3,-22,41,Normal
2026-04-29 21:05:32.518955,Paris-04f3,26,42,Normal
2026-04-29 21:05:33.518955,Paris-04f3,-15,86,Normal
2026-04-29 21:05:34.518955,Paris-04f3,18,6,Normal
2026-04-29 21:05:35.518955,Paris-04f3,-8,41,Normal
2026-04-29 21:05:36.518955,Paris-04f3,50,66,Normal
2026-04-29 21:05:37.518955,Paris-04f3,45,42,Normal
2026-04-29 21:05:38.518955,Paris-04f3,-25,79,Normal
2026-04-29 21:05:39.518955,Paris-04f3,34,6,Normal
2026-04-29 21:05:40.518955,Paris-04f3,-8,71,Normal
2026-04-29 21:05:41.518955,Paris-04f3,26,92,Normal
2026-04-29 21:05:42.518955,Paris-04f3,-1,22,Normal
2026-04-29 21:05:43.518955,Paris-04f3,12,17,Normal
2026-04-29 21:05:44.518955,Paris-04f3,17,19,Normal
2026-04-29 21:05:45.518955,Paris-04f3,39,3,Normal
2026-04-29 21:05:46.518955,Paris-04f3,23,52,Normal
2026-04-29 21:05:47.518955,Paris-04f3,8,44,Normal
2026-04-29 21:05:48.518955,Paris-04f3,16,22,Normal
2026-04-29 21:05:49.518955,Paris-04f3,42,90,Normal
2026-04-29 21:05:50.518955,Paris-04f3,7,3,Normal
2026-04-29 21:05:51.518955,Paris-04f3,31,26,Normal
2026-04-29 21:05:52.518955,Paris-04f3,-12,36,Normal
2026-04-29 21:05:53.518955,Paris-04f3,-30,23,Normal
2026-04-29 21:05:54.518955,Paris-04f3,4,60,Normal
2026-04-29 21:05:55.518955,Paris-04f3,-7,68,Normal
2026-04-29 21:05:56.518955,Paris-04f3,49,27,Normal
2026-04-29 21:05:57.518955,Paris-04f3,4,74,Normal
2026-04-29 21:05:58.518955,Paris-04f3,-27,5,Normal
2026-04-29 21:05:59.518955,Paris-04f3,-6,73,Normal
2026-04-29 21:06:00.518955,Paris-04f3,35,6,Normal
2026-04-29 21:06:01.518955,Paris-04f3,-13,78,Normal
2026-04-29 21:06:02.518955,Paris-04f3,-16,54,Normal
2026-04-29 21:06:03.518955,Paris-04f3,29,11,Normal
2026-04-29 21:06:04.518955,Paris-04f3,27,1,Normal
2026-04-29 21:06:05.518955,Paris-04f3,35,88,Normal
2026-04-29 21:06:06.518955,Paris-04f3,38,59,Normal
2026-04-29 21:06:07.518955,Paris-04f3,13,15,Normal
2026-04-29 21:06:08.518955,Paris-04f3,19,97,Normal
2026-04-29 21:06:09.518955,Paris-04f3,19,73,Normal
2026-04-29 21:06:10.518955,Paris-04f3,42,73,Normal
2026-04-29 21:06:11.518955,Paris-04f3,-17,75,Normal
2026-04-29 21:06:12.518955,Paris-04f3,41,25,Normal
2026-04-29 21:06:13.518955,Paris-04f3,20,17,Normal
2026-04-29 21:06:14.518955,Paris-04f3,0,77,Normal
2026-04-29 21:06:15.518955,Paris-04f3,21,91,Normal
2026-04-29 21:06:16.518955,Paris-04f3,-24,81,Normal
2026-04-29 21:06:17.518955,Paris-04f3,-30,47,Normal
2026-04-29 21:06:18.518955,Paris-04f3,43,53,Normal
2026-04-29 21:06:19.518955,Paris-04f3,39,61,Normal
2026-04-29 21:06:20.518955,Paris-04f3,-23,11,Normal
2026-04-29 21:06:21.518955,Paris-04f3,31,75,Normal
2026-04-29 21:06:22.518955,Paris-04f3,-14,93,Normal
2026-04-29 21:06:23.518955,Paris-04f3,42,94,Normal
2026-04-29 21:06:24.518955,Paris-04f3,-4,16,Normal
2026-04-29 21:06:25.518955,Paris-04f3,-26,92,Normal
2026-04-29 21:06:26.518955,Paris-04f3,-17,31,Normal
2026-04-29 21:06:27.518955,Paris-04f3,-8,10,Normal
2026-04-29 21:06:28.518955,Paris-04f3,-26,36,Normal
2026-04-29 21:06:29.518955,Paris-04f3,-26,35,Normal
2026-04-29 21:06:30.518955,Paris-04f3,10,98,Normal
2026-04-29 21:06:31.518955,Paris-04f3,16,3,Normal
2026-04-29 21:06:32.518955,Paris-04f3,36,57,Normal
2026-04-29 21:06:33.518955,Paris-04f3,27,78,Normal
2026-04-29 21:06:34.518955,Paris-04f3,25,8,Normal
2026-04-29 21:06:35.518955,Paris-04f3,-13,16,Normal
2026-04-29 21:06:36.518955,Paris-04f3,-21,76,Normal
2026-04-29 21:06:37.518955,Paris-04f3,33,43,Normal
2026-04-29 21:06:38.518955,Paris-04f3,32,14,Normal
2026-04-29 21:06:39.518955,Paris-04f3,11,56,Normal
2026-04-29 21:06:40.518955,Paris-04f3,35,58,Normal
2026-04-29 21:06:41.518955,Paris-04f3,16,59,Normal
2026-04-29 21:06:42.518955,Paris-04f3,18,8,Normal
2026-04-29 21:06:43.518955,Paris-04f3,26,51,Normal
2026-04-29 21:06:44.518955,Paris-04f3,10,55,Normal
2026-04-29 21:06:45.518955,Paris-04f3,30,24,Normal
2026-04-29 21:06:46.518955,Paris-04f3,-16,59,Normal
2026-04-29 21:06:47.518955,Paris-04f3,-3,49,Normal
2026-04-29 21:06:48.518955,Paris-04f3,-21,50,Normal
2026-04-29 21:06:49.518955,Paris-04f3,-23,83,Normal
2026-04-29 21:06:50.518955,Paris-04f3,15,24,Normal
2026-04-29 21:06:51.518955,Paris-04f3,31,88,Normal
2026-04-29 21:06:52.518955,Paris-04f3,50,100,Normal
2026-04-29 21:06:53.518955,Paris-04f3,-22,96,Normal
2026-04-29 21:06:54.518955,Paris-04f3,-4,6,Normal
2026-04-29 21:06:55.518955,Paris-04f3,17,7,Normal
2026-04-29 21:06:56.518955,Paris-04f3,32,57,Normal
2026-04-29 21:06:57.518955,Paris-04f3,33,74,Normal
2026-04-29 21:06:58.518955,Paris-04f3,-24,38,Normal
2026-04-29 21:06:59.518955,Paris-04f3,-6,20,Normal
2026-04-29 21:07:00.518955,Paris-04f3,24,59,Normal
2026-04-29 21:07:01.518955,Paris-04f3,45,93,Normal
2026-04-29 21:07:02.518955,Paris-04f3,-20,63,Normal
2026-04-29 21:07:03.518955,Paris-04f3,12,49,Normal
2026-04-29 21:07:04.518955,Paris-04f3,-19,29,Normal
2026-04-29 21:07:05.518955,Paris-04f3,21,15,Normal
2026-04-29 21:07:06.518955,Paris-04f3,26,3,Normal
2026-04-29 21:07:07.518955,Paris-04f3,17,65,Normal
2026-04-29 21:07:08.518955,Paris-04f3,45,73,Normal
2026-04-29 21:07:09.518955,Paris-04f3,15,21,Normal
2026-04-29 21:07:10.518955,Paris-04f3,35,50,Normal
2026-04-29 21:07:11.518955,Paris-04f3,11,59,Normal
2026-04-29 21:07:12.518955,Paris-04f3,9,27,Normal
2026-04-29 21:07:13.518955,Paris-04f3,-12,100,Normal
2026-04-29 21:07:14.518955,Paris-04f3,-14,0,Normal
2026-04-29 21:07:15.518955,Paris-04f3,26,44,Normal
2026-04-29 21:07:16.518955,Paris-04f3,-10,65,Normal
2026-04-29 21:07:17.518955,Paris-04f3,16,55,Normal
2026-04-29 21:07:18.518955,Paris-04f3,12,80,Normal
2026-04-29 21:07:19.518955,Paris-04f3,-8,33,Normal
2026-04-29 21:07:20.518955,Paris-04f3,4,0,Normal
2026-04-29 21:07:21.518955,Paris-04f3,22,3,Normal
2026-04-29 21:07:22.518955,Paris-04f3,13,63,Normal
2026-04-29 21:07:23.518955,Paris-04f3,49,60,Normal
2026-04-29 21:07:24.518955,Paris-04f3,0,0,Normal
2026-04-29 21:07:25.518955,Paris-04f3,10,22,Normal
2026-04-29 21:07:26.518955,Paris-04f3,-28,57,Normal
2026-04-29 21:07:27.518955,Paris-04f3,31,82,Normal
2026-04-29 21:07:28.518955,Paris-04f3,11,35,Normal
2026-04-29 21:07:29.518955,Paris-04f3,46,43,Normal
2026-04-29 21:07:30.518955,Paris-04f3,41,71,Normal
2026-04-29 21:07:31.518955,Paris-04f3,-15,37,Normal
2026-04-29 21:07:32.518955,Paris-04f3,-13,91,Normal
2026-04-29 21:07:33.518955,Paris-04f3,6,85,Normal
2026-04-29 21:07:34.518955,Paris-04f3,35,57,Normal
2026-04-29 21:07:35.518955,Paris-04f3,23,60,Normal
2026-04-29 21:07:36.518955,Paris-04f3,29,26,Normal
2026-04-29 21:07:37.518955,Paris-04f3,4,51,Normal
2026-04-29 21:07:38.518955,Paris-04f3,30,66,Normal
2026-04-29 21:07:39.518955,Paris-04f3,9,51,Normal
2026-04-29 21:07:40.518955,Paris-04f3,20,29,Normal
2026-04-29 21:07:41.518955,Paris-04f3,-26,100,Normal
2026-04-29 21:07:42.518955,Paris-04f3,2,22,Normal
2026-04-29 21:07:43.518955,Paris-04f3,47,40,Normal
2026-04-29 21:07:44.518955,Paris-04f3,-21,10,Normal
2026-04-29 21:07:45.518955,Paris-04f3,41,13,Normal
2026-04-29 21:07:46.518955,Paris-04f3,-25,31,Normal
2026-04-29 21:07:47.518955,Paris-04f3,38,84,Normal
2026-04-29 21:07:48.518955,Paris-04f3,9,82,Normal
2026-04-29 21:07:49.518955,Paris-04f3,22,54,Normal
2026-04-29 21:07:50.518955,Paris-04f3,-30,47,Normal
2026-04-29 21:07:51.518955,Paris-04f3,-23,36,Normal
2026-04-29 21:07:52.518955,Paris-04f3,23,96,Normal
2026-04-29 21:07:53.518955,Paris-04f3,-4,29,Normal
2026-04-29 21:07:54.518955,Paris-04f3,25,32,Normal
2026-04-29 21:07:55.518955,Paris-04f3,-15,3,Normal
2026-04-29 21:07:56.518955,Paris-04f3,-10,51,Normal
2026-04-29 21:07:57.518955,Paris-04f3,-1,98,Normal
2026-04-29 21:07:58.518955,Paris-04f3,26,90,Normal
2026-04-29 21:07:59.518955,Paris-04f3,12,79,Normal
2026-04-29 21:08:00.518955,Paris-04f3,8,63,Normal
2026-04-29 21:08:01.518955,Paris-04f3,26,3,Normal
2026-04-29 21:08:02.518955,Paris-04f3,-12,58,Normal
2026-04-29 21:08:03.518955,Paris-04f3,-22,56,Normal
2026-04-29 21:08:04.518955,Paris-04f3,32,88,Normal
2026-04-29 21:08:05.518955,Paris-04f3,31,29,Normal
2026-04-29 21:08:06.518955,Paris-04f3,40,79,Normal
2026-04-29 21:08:07.518955,Paris-04f3,-16,25,Normal
2026-04-29 21:08:08.518955,Paris-04f3,1,5,Normal
2026-04-29 21:08:09.518955,Paris-04f3,39,42,Normal
2026-04-29 21:08:10.518955,Paris-04f3,31,56,Normal
2026-04-29 21:08:11.518955,Paris-04f3,-29,0,Normal
2026-04-29 21:08:12.518955,Paris-04f3,45,21,Normal
2026-04-29 21:08:13.518955,Paris-04f3,34,94,Normal
2026-04-29 21:08:14.518955,Paris-04f3,0,91,Normal
2026-04-29 21:08:15.518955,Paris-04f3,31,53,Normal
2026-04-29 21:08:16.518955,Paris-04f3,15,40,Normal
2026-04-29 21:08:17.518955,Paris-04f3,-1,53,Normal
2026-04-29 21:08:18.518955,Paris-04f3,-8,41,Normal
2026-04-29 21:08:19.518955,Paris-04f3,30,55,Normal
2026-04-29 21:08:20.518955,Paris-04f3,27,11,Normal
2026-04-29 21:08:21.518955,Paris-04f3,33,11,Normal
2026-04-29 21:08:22.518955,Paris-04f3,-16,6,Normal
2026-04-29 21:08:23.518955,Paris-04f3,40,56,Normal
2026-04-29 21:08:24.518955,Paris-04f3,17,38,Normal
2026-04-29 21:08:25.518955,Paris-04f3,24,4,Normal
2026-04-29 21:08:26.518955,Paris-04f3,50,90,Normal
2026-04-29 21:08:27.518955,Paris-04f3,-30,36,Normal
2026-04-29 21:08:28.518955,Paris-04f3,2,16,Normal
2026-04-29 21:08:29.518955,Paris-04f3,40,64,Normal
2026-04-29 21:08:30.518955,Paris-04f3,46,50,Normal
2026-04-29 21:08:31.518955,Paris-04f3,45,19,Normal
2026-04-29 21:08:32.518955,Paris-04f3,36,39,Normal
2026-04-29 21:08:33.518955,Paris-04f3,23,98,Normal
2026-04-29 21:08:34.518955,Paris-04f3,-12,7,Normal
2026-04-29 21:08:35.518955,Paris-04f3,44,53,Normal
2026-04-29 21:08:36.518955,Paris-04f3,42,6,Normal
2026-04-29 21:08:37.518955,Paris-04f3,18,97,Normal
2026-04-29 21:08:38.518955,Paris-04f3,-10,92,Normal
2026-04-29 21:08:39.518955,Paris-04f3,35,15,Normal
2026-04-29 21:08:40.518955,Paris-04f3,40,70,Normal
2026-04-29 21:08:41.518955,Paris-04f3,47,4,Normal
2026-04-29 21:08:42.518955,Paris-04f3,23,4,Normal
2026-04-29 21:08:43.518955,Paris-04f3,36,68,Normal
2026-04-29 21:08:44.518955,Paris-04f3,30,50,Normal
2026-04-29 21:08:45.518955,Paris-04f3,-24,58,Normal
2026-04-29 21:08:46.518955,Paris-04f3,-23,43,Normal
2026-04-29 21:08:47.518955,Paris-04f3,-19,67,Normal
2026-04-29 21:08:48.518955,Paris-04f3,8,69,Normal
2026-04-29 21:08:49.518955,Paris-04f3,-19,8,Normal
2026-04-29 21:08:50.518955,Paris-04f3,-14,78,Normal
2026-04-29 21:08:51.518955,Paris-04f3,-15,23,Normal
2026-04-29 21:08:52.518955,Paris-04f3,24,38,Normal
2026-04-29 21:08:53.518955,Paris-04f3,14,46,Normal
2026-04-29 21:08:54.518955,Paris-04f3,44,58,Normal
2026-04-29 21:08:55.518955,Paris-04f3,6,83,Normal
2026-04-29 21:08:56.518955,Paris-04f3,-23,3,Normal
2026-04-29 21:08:57.518955,Paris-04f3,50,58,Normal
2026-04-29 21:08:58.518955,Paris-04f3,46,88,Normal
2026-04-29 21:08:59.518955,Paris-04f3,23,98,Normal
2026-04-29 21:09:00.518955,Paris-04f3,46,88,Normal
2026-04-29 21:09:01.518955,Paris-04f3,11,74,Normal
2026-04-29 21:09:02.518955,Paris-04f3,47,2,Normal
2026-04-29 21:09:03.518955,Paris-04f3,-20,7,Normal
2026-04-29 21:09:04.518955,Paris-04f3,6,3,Normal
2026-04-29 21:09:05.518955,Paris-04f3,-25,67,Normal
2026-04-29 21:09:06.518955,Paris-04f3,-3,26,Normal
2026-04-29 21:09:07.518955,Paris-04f3,-7,78,Normal
2026-04-29 21:09:08.518955,Paris-04f3,-23,23,Normal
2026-04-29 21:09:09.518955,Paris-04f3,50,47,Normal
2026-04-29 21:09:10.518955,Paris-04f3,32,71,Normal
2026-04-29 21:09:11.518955,Paris-04f3,1,21,Normal
2026-04-29 21:09:12.518955,Paris-04f3,15,35,Normal
2026-04-29 21:09:13.518955,Paris-04f3,-7,24,Normal
2026-04-29 21:09:14.518955,Paris-04f3,-21,31,Normal
2026-04-29 21:09:15.518955,Paris-04f3,-29,35,Normal
2026-04-29 21:09:16.518955,Paris-04f3,-16,77,Normal
2026-04-29 21:09:17.518955,Paris-04f3,46,27,Normal
2026-04-29 21:09:18.518955,Paris-04f3,23,79,Normal
2026-04-29 21:09:19.518955,Paris-04f3,-28,57,Normal
2026-04-29 21:09:20.518955,Paris-04f3,-14,37,Normal
2026-04-29 21:09:21.518955,Paris-04f3,-1,40,Normal
2026-04-29 21:09:22.518955,Paris-04f3,-19,38,Normal
2026-04-29 21:09:23.518955,Paris-04f3,38,50,Normal
2026-04-29 21:09:24.518955,Paris-04f3,-22,43,Normal
2026-04-29 21:09:25.518955,Paris-04f3,32,55,Normal
2026-04-29 21:09:26.518955,Paris-04f3,27,79,Normal
2026-04-29 21:09:27.518955,Paris-04f3,5,98,Normal
2026-04-29 21:09:28.518955,Paris-04f3,1,93,Normal
2026-04-29 21:09:29.518955,Paris-04f3,16,46,Normal
2026-04-29 21:09:30.518955,Paris-04f3,15,59,Normal
2026-04-29 21:09:31.518955,Paris-04f3,-12,24,Normal
2026-04-29 21:09:32.518955,Paris-04f3,-29,13,Normal
2026-04-29 21:09:33.518955,Paris-04f3,-21,46,Normal
2026-04-29 21:09:34.518955,Paris-04f3,45,20,Normal
2026-04-29 21:09:35.518955,Paris-04f3,-9,74,Normal
2026-04-29 21:09:36.518955,Paris-04f3,45,38,Normal
2026-04-29 21:09:37.518955,Paris-04f3,42,49,Normal
2026-04-29 21:09:38.518955,Paris-04f3,-17,99,Normal
2026-04-29 21:09:39.518955,Paris-04f3,-28,16,Normal
2026-04-29 21:09:40.518955,Paris-04f3,42,12,Normal
2026-04-29 21:09:41.518955,Paris-04f3,21,39,Normal
2026-04-29 21:09:42.518955,Paris-04f3,31,95,Normal
2026-04-29 21:09:43.518955,Paris-04f3,43,39,Normal
2026-04-29 21:09:44.518955,Paris-04f3,-18,39,Normal
2026-04-29 21:09:45.518955,Paris-04f3,50,85,Normal
2026-04-29 21:09:46.518955,Paris-04f3,21,32,Normal
2026-04-29 21:09:47.518955,Paris-04f3,-27,5,Normal
2026-04-29 21:09:48.518955,Paris-04f3,36,32,Normal
2026-04-29 21:09:49.518955,Paris-04f3,3,21,Normal
2026-04-29 21:09:50.518955,Paris-04f3,34,1,Normal
2026-04-29 21:09:51.518955,Paris-04f3,19,26,Normal
2026-04-29 21:09:52.518955,Paris-04f3,30,51,Normal
2026-04-29 21:09:53.518955,Paris-04f3,33,38,Normal
2026-04-29 21:09:54.518955,Paris-04f3,29,14,Normal
2026-04-29 21:09:55.518955,Paris-04f3,-29,7,Normal
2026-04-29 21:09:56.518955,Paris-04f3,40,70,Normal
2026-04-29 21:09:57.518955,Paris-04f3,32,22,Normal
2026-04-29 21:09:58.518955,Paris-04f3,49,53,Normal
2026-04-29 21:09:59.518955,Paris-04f3,6,31,Normal
2026-04-29 21:10:00.518955,Paris-04f3,16,79,Normal
2026-04-29 21:10:01.518955,Paris-04f3,26,71,Normal
2026-04-29 21:10:02.518955,Paris-04f3,41,79,Normal
2026-04-29 21:10:03.518955,Paris-04f3,-7,44,Normal
2026-04-29 21:10:04.518955,Paris-04f3,28,35,Normal
2026-04-29 21:10:05.518955,Paris-04f3,23,90,Normal
2026-04-29 21:10:06.518955,Paris-04f3,-6,100,Normal
2026-04-29 21:10:07.518955,Paris-04f3,-30,70,Normal
2026-04-29 21:10:08.518955,Paris-04f3,25,29,Normal
2026-04-29 21:10:09.518955,Paris-04f3,49,85,Normal
2026-04-29 21:10:10.518955,Paris-04f3,15,25,Normal
2026-04-29 21:10:11.518955,Paris-04f3,6,67,Normal
2026-04-29 21:10:12.518955,Paris-04f3,14,56,Normal
2026-04-29 21:10:13.518955,Paris-04f3,50,16,Normal
2026-04-29 21:10:14.518955,Paris-04f3,22,25,Normal
2026-04-29 21:10:15.518955,Paris-04f3,33,60,Normal
2026-04-29 21:10:16.518955,Paris-04f3,-15,16,Normal
2026-04-29 21:10:17.518955,Paris-04f3,6,26,Normal
2026-04-29 21:10:18.518955,Paris-04f3,3,51,Normal
2026-04-29 21:10:19.518955,Paris-04f3,-14,45,Normal
2026-04-29 21:10:20.518955,Paris-04f3,39,85,Normal
2026-04-29 21:10:21.518955,Paris-04f3,45,60,Normal
2026-04-29 21:10:22.518955,Paris-04f3,-22,14,Normal
2026-04-29 21:10:23.518955,Paris-04f3,-7,80,Normal
2026-04-29 21:10:24.518955,Paris-04f3,4,10,Normal
2026-04-29 21:10:25.518955,Paris-04f3,27,85,Normal
2026-04-29 21:10:26.518955,Paris-04f3,-12,100,Normal
2026-04-29 21:10:27.518955,Paris-04f3,-14,79,Normal
2026-04-29 21:10:28.518955,Paris-04f3,-3,36,Normal
2026-04-29 21:10:29.518955,Paris-04f3,0,27,Normal
2026-04-29 21:10:30.518955,Paris-04f3,-21,42,Normal
2026-04-29 21:10:31.518955,Paris-04f3,17,38,Normal
2026-04-29 21:10:32.518955,Paris-04f3,-23,48,Normal
2026-04-29 21:10:33.518955,Paris-04f3,32,74,Normal
2026-04-29 21:10:34.518955,Paris-04f3,45,0,Normal
2026-04-29 21:10:35.518955,Paris-04f3,39,71,Normal
2026-04-29 21:10:36.518955,Paris-04f3,46,67,Normal
2026-04-29 21:10:37.518955,Paris-04f3,23,10,Normal
2026-04-29 21:10:38.518955,Paris-04f3,39,69,Normal
2026-04-29 21:10:39.518955,Paris-04f3,-8,67,Normal
2026-04-29 21:10:40.518955,Paris-04f3,46,69,Normal
2026-04-29 21:10:41.518955,Paris-04f3,39,47,Normal
2026-04-29 21:10:42.518955,Paris-04f3,-15,51,Normal
2026-04-29 21:10:43.518955,Paris-04f3,19,11,Normal
2026-04-29 21:10:44.518955,Paris-04f3,-27,38,Normal
2026-04-29 21:10:45.518955,Paris-04f3,-14,0,Normal
2026-04-29 21:10:46.518955,Paris-04f3,49,21,Normal
2026-04-29 21:10:47.518955,Paris-04f3,38,94,Normal
2026-04-29 21:10:48.518955,Paris-04f3,-20,76,Normal
2026-04-29 21:10:49.518955,Paris-04f3,44,78,Normal
2026-04-29 21:10:50.518955,Paris-04f3,11,1,Normal
2026-04-29 21:10:51.518955,Paris-04f3,-30,82,Normal
2026-04-29 21:10:52.518955,Paris-04f3,6,46,Normal
2026-04-29 21:10:53.518955,Paris-04f3,38,23,Normal
2026-04-29 21:10:54.518955,Paris-04f3,10,63,Normal
2026-04-29 21:10:55.518955,Paris-04f3,-7,5,Normal
2026-04-29 21:10:56.518955,Paris-04f3,18,43,Normal
2026-04-29 21:10:57.518955,Paris-04f3,-8,5,Normal
2026-04-29 21:10:58.518955,Paris-04f3,3,36,Normal
2026-04-29 21:10:59.518955,Paris-04f3,3,60,Normal
2026-04-29 21:11:00.518955,Paris-04f3,-4,93,Normal
2026-04-29 21:11:01.518955,Paris-04f3,14,65,Normal
2026-04-29 21:11:02.518955,Paris-04f3,1,68,Normal
2026-04-29 21:11:03.518955,Paris-04f3,11,12,Normal
2026-04-29 21:11:04.518955,Paris-04f3,-2,40,Normal
2026-04-29 21:11:05.518955,Paris-04f3,-17,3,Normal
2026-04-29 21:11:06.518955,Paris-04f3,-17,73,Normal
2026-04-29 21:11:07.518955,Paris-04f3,-30,42,Normal
2026-04-29 21:11:08.518955,Paris-04f3,-26,68,Normal
2026-04-29 21:11:09.518955,Paris-04f3,23,34,Normal
2026-04-29 21:11:10.518955,Paris-04f3,-17,68,Normal
2026-04-29 21:11:11.518955,Paris-04f3,8,55,Normal
2026-04-29 21:11:12.518955,Paris-04f3,3,83,Normal
2026-04-29 21:11:13.518955,Paris-04f3,-18,18,Normal
2026-04-29 21:11:14.518955,Paris-04f3,48,39,Normal
2026-04-29 21:11:15.518955,Paris-04f3,35,19,Normal
2026-04-29 21:11:16.518955,Paris-04f3,-26,15,Normal
2026-04-29 21:11:17.518955,Paris-04f3,-25,21,Normal
2026-04-29 21:11:18.518955,Paris-04f3,28,82,Normal
2026-04-29 21:11:19.518955,Paris-04f3,14,74,Normal
2026-04-29 21:11:20.518955,Paris-04f3,-24,81,Normal
2026-04-29 21:11:21.518955,Paris-04f3,36,31,Normal
2026-04-29 21:11:22.518955,Paris-04f3,16,13,Normal
2026-04-29 21:11:23.518955,Paris-04f3,0,52,Normal
2026-04-29 21:11:24.518955,Paris-04f3,-3,66,Normal
2026-04-29 21:11:25.518955,Paris-04f3,17,32,Normal
2026-04-29 21:11:26.518955,Paris-04f3,0,29,Normal
2026-04-29 21:11:27.518955,Paris-04f3,-15,81,Normal
2026-04-29 21:11:28.518955,Paris-04f3,-12,70,Normal
2026-04-29 21:11:29.518955,Paris-04f3,42,5,Normal
2026-04-29 21:11:30.518955,Paris-04f3,9,82,Normal
2026-04-29 21:11:31.518955,Paris-04f3,-23,58,Normal
2026-04-29 21:11:32.518955,Paris-04f3,33,79,Normal
2026-04-29 21:11:33.518955,Paris-04f3,4,66,Normal
2026-04-29 21:11:34.518955,Paris-04f3,-30,37,Normal
2026-04-29 21:11:35.518955,Paris-04f3,7,7,Normal
2026-04-29 21:11:36.518955,Paris-04f3,22,55,Normal
2026-04-29 21:11:37.518955,Paris-04f3,-16,55,Normal
2026-04-29 21:11:38.518955,Paris-04f3,-5,29,Normal
2026-04-29 21:11:39.518955,Paris-04f3,47,88,Normal
2026-04-29 21:11:40.518955,Paris-04f3,47,97,Normal
2026-04-29 21:11:41.518955,Paris-04f3,15,77,Normal
2026-04-29 21:11:42.518955,Paris-04f3,0,65,Normal
2026-04-29 21:11:43.518955,Paris-04f3,20,33,Normal
2026-04-29 21:11:44.518955,Paris-04f3,4,23,Normal
2026-04-29 21:11:45.518955,Paris-04f3,-4,52,Normal
2026-04-29 21:11:46.518955,Paris-04f3,46,100,Normal
2026-04-29 21:11:47.518955,Paris-04f3,-13,95,Normal
2026-04-29 21:11:48.518955,Paris-04f3,-21,63,Normal
2026-04-29 21:11:49.518955,Paris-04f3,-19,9,Normal
2026-04-29 21:11:50.518955,Paris-04f3,18,83,Normal
2026-04-29 21:11:51.518955,Paris-04f3,8,14,Normal
2026-04-29 21:11:52.518955,Paris-04f3,37,93,Normal
2026-04-29 21:11:53.518955,Paris-04f3,-3,29,Normal
2026-04-29 21:11:54.518955,Paris-04f3,50,23,Normal
2026-04-29 21:11:55.518955,Paris-04f3,10,85,Normal
2026-04-29 21:11:56.518955,Paris-04f3,-9,92,Normal
2026-04-29 21:11:57.518955,Paris-04f3,1,50,Normal
2026-04-29 21:11:58.518955,Paris-04f3,47,13,Normal
2026-04-29 21:11:59.518955,Paris-04f3,-17,35,Normal
2026-04-29 21:12:00.518955,Paris-04f3,-30,4,Normal
2026-04-29 21:12:01.518955,Paris-04f3,-16,14,Normal
2026-04-29 21:12:02.518955,Paris-04f3,19,25,Normal
2026-04-29 21:12:03.518955,Paris-04f3,-21,48,Normal
2026-04-29 21:12:04.518955,Paris-04f3,-12,11,Normal
2026-04-29 21:12:05.518955,Paris-04f3,11,33,Normal
2026-04-29 21:12:06.518955,Paris-04f3,-4,78,Normal
2026-04-29 21:12:07.518955,Paris-04f3,31,65,Normal
2026-04-29 21:12:08.518955,Paris-04f3,18,48,Normal
2026-04-29 21:12:09.518955,Paris-04f3,29,83,Normal
2026-04-29 21:12:10.518955,Paris-04f3,-23,35,Normal
2026-04-29 21:12:11.518955,Paris-04f3,34,80,Normal
2026-04-29 21:12:12.518955,Paris-04f3,-18,40,Normal
2026-04-29 21:12:13.518955,Paris-04f3,38,31,Normal
2026-04-29 21:12:14.518955,Paris-04f3,-27,81,Normal
2026-04-29 21:12:15.518955,Paris-04f3,13,41,Normal
2026-04-29 21:12:16.518955,Paris-04f3,-25,73,Normal
2026-04-29 21:12:17.518955,Paris-04f3,46,32,Normal
2026-04-29 21:12:18.518955,Paris-04f3,8,83,Normal
2026-04-29 21:12:19.518955,Paris-04f3,-13,76,Normal
2026-04-29 21:12:20.518955,Paris-04f3,-18,93,Normal
2026-04-29 21:12:21.518955,Paris-04f3,-19,20,Normal
2026-04-29 21:12:22.518955,Paris-04f3,-20,15,Normal
2026-04-29 21:12:23.518955,Paris-04f3,11,46,Normal
2026-04-29 21:12:24.518955,Paris-04f3,8,68,Normal
2026-04-29 21:12:25.518955,Paris-04f3,25,92,Normal
2026-04-29 21:12:26.518955,Paris-04f3,37,63,Normal
2026-04-29 21:12:27.518955,Paris-04f3,33,37,Normal
2026-04-29 21:12:28.518955,Paris-04f3,-19,67,Normal
2026-04-29 21:12:29.518955,Paris-04f3,7,73,Normal
2026-04-29 21:12:30.518955,Paris-04f3,24,98,Normal
2026-04-29 21:12:31.518955,Paris-04f3,34,93,Normal
2026-04-29 21:12:32.518955,Paris-04f3,27,61,Normal
2026-04-29 21:12:33.518955,Paris-04f3,34,82,Normal
2026-04-29 21:12:34.518955,Paris-04f3,4,36,Normal
2026-04-29 21:12:35.518955,Paris-04f3,-13,9,Normal
2026-04-29 21:12:36.518955,Paris-04f3,-14,7,Normal
2026-04-29 21:12:37.518955,Paris-04f3,27,77,Normal
2026-04-29 21:12:38.518955,Paris-04f3,18,7,Normal
2026-04-29 21:12:39.518955,Paris-04f3,38,24,Normal
2026-04-29 21:12:40.518955,Paris-04f3,-18,42,Normal
2026-04-29 21:12:41.518955,Paris-04f3,40,28,Normal
2026-04-29 21:12:42.518955,Paris-04f3,43,84,Normal
2026-04-29 21:12:43.518955,Paris-04f3,11,61,Normal
2026-04-29 21:12:44.518955,Paris-04f3,7,36,Normal
2026-04-29 21:12:45.518955,Paris-04f3,-24,91,Normal
2026-04-29 21:12:46.518955,Paris-04f3,15,46,Normal
2026-04-29 21:12:47.518955,Paris-04f3,33,21,Normal
2026-04-29 21:12:48.518955,Paris-04f3,16,61,Normal
2026-04-29 21:12:49.518955,Paris-04f3,43,75,Normal
2026-04-29 21:12:50.518955,Paris-04f3,-30,65,Normal
2026-04-29 21:12:51.518955,Paris-04f3,36,7,Normal
2026-04-29 21:12:52.518955,Paris-04f3,2,20,Normal
2026-04-29 21:12:53.518955,Paris-04f3,-4,90,Normal
2026-04-29 21:12:54.518955,Paris-04f3,-13,94,Normal
2026-04-29 21:12:55.518955,Paris-04f3,49,71,Normal
2026-04-29 21:12:56.518955,Paris-04f3,35,67,Normal
2026-04-29 21:12:57.518955,Paris-04f3,-25,51,Normal
2026-04-29 21:12:58.518955,Paris-04f3,11,44,Normal
2026-04-29 21:12:59.518955,Paris-04f3,-22,41,Normal
2026-04-29 21:13:00.518955,Paris-04f3,44,32,Normal
2026-04-29 21:13:01.518955,Paris-04f3,-21,16,Normal
2026-04-29 21:13:02.518955,Paris-04f3,-3,6,Normal
2026-04-29 21:13:03.518955,Paris-04f3,5,62,Normal
2026-04-29 21:13:04.518955,Paris-04f3,30,8,Normal
2026-04-29 21:13:05.518955,Paris-04f3,42,83,Normal
2026-04-29 21:13:06.518955,Paris-04f3,47,57,Normal
2026-04-29 21:13:07.518955,Paris-04f3,-15,78,Normal
2026-04-29 21:13:08.518955,Paris-04f3,4,15,Normal
2026-04-29 21:13:09.518955,Paris-04f3,-28,43,Normal
2026-04-29 21:13:10.518955,Paris-04f3,9,68,Normal
2026-04-29 21:13:11.518955,Paris-04f3,7,93,Normal
2026-04-29 21:13:12.518955,Paris-04f3,30,13,Normal
2026-04-29 21:13:13.518955,Paris-04f3,44,70,Normal
2026-04-29 21:13:14.518955,Paris-04f3,-29,53,Normal
2026-04-29 21:13:15.518955,Paris-04f3,39,99,Normal
2026-04-29 21:13:16.518955,Paris-04f3,28,59,Normal
2026-04-29 21:13:17.518955,Paris-04f3,26,81,Normal
2026-04-29 21:13:18.518955,Paris-04f3,49,51,Normal
2026-04-29 21:13:19.518955,Paris-04f3,39,17,Normal
2026-04-29 21:13:20.518955,Paris-04f3,7,26,Normal
2026-04-29 21:13:21.518955,Paris-04f3,15,39,Normal
2026-04-29 21:13:22.518955,Paris-04f3,-4,34,Normal
2026-04-29 21:13:23.518955,Paris-04f3,5,88,Normal
2026-04-29 21:13:24.518955,Paris-04f3,50,59,Normal
2026-04-29 21:13:25.518955,Paris-04f3,34,23,Normal
2026-04-29 21:13:26.518955,Paris-04f3,1,31,Normal
2026-04-29 21:13:27.518955,Paris-04f3,15,55,Normal
2026-04-29 21:13:28.518955,Paris-04f3,11,5,Normal
2026-04-29 21:13:29.518955,Paris-04f3,46,63,Normal
2026-04-29 21:13:30.518955,Paris-04f3,35,100,Normal
2026-04-29 21:13:31.518955,Paris-04f3,42,81,Normal
2026-04-29 21:13:32.518955,Paris-04f3,29,37,Normal
2026-04-29 21:13:33.518955,Paris-04f3,6,49,Normal
2026-04-29 21:13:34.518955,Paris-04f3,12,68,Normal
2026-04-29 21:13:35.518955,Paris-04f3,-16,11,Normal
2026-04-29 21:13:36.518955,Paris-04f3,-26,99,Normal
2026-04-29 21:13:37.518955,Paris-04f3,22,62,Normal
2026-04-29 21:13:38.518955,Paris-04f3,46,51,Normal
2026-04-29 21:13:39.518955,Paris-04f3,35,69,Normal
2026-04-29 21:13:40.518955,Paris-04f3,-29,9,Normal
2026-04-29 21:13:41.518955,Paris-04f3,10,15,Normal
2026-04-29 21:13:42.518955,Paris-04f3,0,53,Normal
2026-04-29 21:13:43.518955,Paris-04f3,9,32,Normal
2026-04-29 21:13:44.518955,Paris-04f3,20,70,Normal
2026-04-29 21:13:45.518955,Paris-04f3,-24,87,Normal
2026-04-29 21:13:46.518955,Paris-04f3,16,60,Normal
2026-04-29 21:13:47.518955,Paris-04f3,-17,75,Normal
2026-04-29 21:13:48.518955,Paris-04f3,26,15,Normal
2026-04-29 21:13:49.518955,Paris-04f3,19,37,Normal
2026-04-29 21:13:50.518955,Paris-04f3,17,74,Normal
2026-04-29 21:13:51.518955,Paris-04f3,50,78,Normal
2026-04-29 21:13:52.518955,Paris-04f3,19,25,Normal
2026-04-29 21:13:53.518955,Paris-04f3,-29,16,Normal
2026-04-29 21:13:54.518955,Paris-04f3,-10,24,Normal
2026-04-29 21:13:55.518955,Paris-04f3,8,79,Normal
2026-04-29 21:13:56.518955,Paris-04f3,23,56,Normal
2026-04-29 21:13:57.518955,Paris-04f3,5,65,Normal
2026-04-29 21:13:58.518955,Paris-04f3,-22,82,Normal
2026-04-29 21:13:59.518955,Paris-04f3,-21,46,Normal
2026-04-29 21:14:00.518955,Paris-04f3,-22,45,Normal
2026-04-29 21:14:01.518955,Paris-04f3,20,2,Normal
2026-04-29 21:14:02.518955,Paris-04f3,32,37,Normal
2026-04-29 21:14:03.518955,Paris-04f3,-2,35,Normal
2026-04-29 21:14:04.518955,Paris-04f3,24,33,Normal
2026-04-29 21:14:05.518955,Paris-04f3,44,21,Normal
2026-04-29 21:14:06.518955,Paris-04f3,-18,18,Normal
2026-04-29 21:14:07.518955,Paris-04f3,0,42,Normal
2026-04-29 21:14:08.518955,Paris-04f3,22,80,Normal
2026-04-29 21:14:09.518955,Paris-04f3,29,35,Normal
2026-04-29 21:14:10.518955,Paris-04f3,-24,95,Normal
2026-04-29 21:14:11.518955,Paris-04f3,-2,16,Normal
2026-04-29 21:14:12.518955,Paris-04f3,15,28,Normal
2026-04-29 21:14:13.518955,Paris-04f3,-12,98,Normal
2026-04-29 21:14:14.518955,Paris-04f3,13,89,Normal
2026-04-29 21:14:15.518955,Paris-04f3,-16,15,Normal
2026-04-29 21:14:16.518955,Paris-04f3,-16,81,Normal
2026-04-29 21:14:17.518955,Paris-04f3,24,1,Normal
2026-04-29 21:14:18.518955,Paris-04f3,49,88,Normal
2026-04-29 21:14:19.518955,Paris-04f3,39,7,Normal
2026-04-29 21:14:20.518955,Paris-04f3,19,13,Normal
2026-04-29 21:14:21.518955,Paris-04f3,-12,22,Normal
2026-04-29 21:14:22.518955,Paris-04f3,-6,9,Normal
2026-04-29 21:14:23.518955,Paris-04f3,-14,1,Normal
2026-04-29 21:14:24.518955,Paris-04f3,-24,60,Normal
2026-04-29 21:14:25.518955,Paris-04f3,10,62,Normal
2026-04-29 21:14:26.518955,Paris-04f3,-5,77,Normal
2026-04-29 21:14:27.518955,Paris-04f3,-16,1,Normal
2026-04-29 21:14:28.518955,Paris-04f3,-11,37,Normal
2026-04-29 21:14:29.518955,Paris-04f3,49,39,Normal
2026-04-29 21:14:30.518955,Paris-04f3,-1,90,Normal
2026-04-29 21:14:31.518955,Paris-04f3,24,77,Normal
2026-04-29 21:14:32.518955,Paris-04f3,-14,83,Normal
2026-04-29 21:14:33.518955,Paris-04f3,9,3,Normal
2026-04-29 21:14:34.518955,Paris-04f3,-24,52,Normal
2026-04-29 21:14:35.518955,Paris-04f3,-5,62,Normal
2026-04-29 21:14:36.518955,Paris-04f3,36,30,Normal
2026-04-29 21:14:37.518955,Paris-04f3,7,32,Normal
2026-04-29 21:14:38.518955,Paris-04f3,30,31,Normal
2026-04-29 21:14:39.518955,Paris-04f3,-7,22,Normal
2026-04-29 21:14:40.518955,Paris-04f3,-12,84,Normal
2026-04-29 21:14:41.518955,Paris-04f3,-4,45,Normal
2026-04-29 21:14:42.518955,Paris-04f3,-12,56,Normal
2026-04-29 21:14:43.518955,Paris-04f3,19,71,Normal
2026-04-29 21:14:44.518955,Paris-04f3,49,61,Normal
2026-04-29 21:14:45.518955,Paris-04f3,38,54,Normal
2026-04-29 21:14:46.518955,Paris-04f3,5,99,Normal
2026-04-29 21:14:47.518955,Paris-04f3,8,93,Normal
2026-04-29 21:14:48.518955,Paris-04f3,42,17,Normal
2026-04-29 21:14:49.518955,Paris-04f3,27,27,Normal
2026-04-29 21:14:50.518955,Paris-04f3,-30,52,Normal
2026-04-29 21:14:51.518955,Paris-04f3,47,72,Normal
2026-04-29 21:14:52.518955,Paris-04f3,41,0,Normal
2026-04-29 21:14:53.518955,Paris-04f3,26,89,Normal
2026-04-29 21:14:54.518955,Paris-04f3,-21,87,Normal
2026-04-29 21:14:55.518955,Paris-04f3,4,89,Normal
2026-04-29 21:14:56.518955,Paris-04f3,35,57,Normal
2026-04-29 21:14:57.518955,Paris-04f3,18,100,Normal
2026-04-29 21:14:58.518955,Paris-04f3,-19,31,Normal
2026-04-29 21:14:59.518955,Paris-04f3,26,70,Normal
2026-04-29 21:15:00.518955,Paris-04f3,48,47,Normal
2026-04-29 21:15:01.518955,Paris-04f3,27,64,Normal
2026-04-29 21:15:02.518955,Paris-04f3,40,92,Normal
2026-04-29 21:15:03.518955,Paris-04f3,-2,51,Normal
2026-04-29 21:15:04.518955,Paris-04f3,7,29,Normal
2026-04-29 21:15:05.518955,Paris-04f3,0,22,Normal
2026-04-29 21:15:06.518955,Paris-04f3,-2,17,Normal
2026-04-29 21:15:07.518955,Paris-04f3,-7,61,Normal
2026-04-29 21:15:08.518955,Paris-04f3,20,82,Normal
2026-04-29 21:15:09.518955,Paris-04f3,20,0,Normal
2026-04-29 21:15:10.518955,Paris-04f3,5,33,Normal
2026-04-29 21:15:11.518955,Paris-04f3,25,62,Normal
2026-04-29 21:15:12.518955,Paris-04f3,-4,0,Normal
2026-04-29 21:15:13.518955,Paris-04f3,45,58,Normal
2026-04-29 21:15:14.518955,Paris-04f3,41,81,Normal
2026-04-29 21:15:15.518955,Paris-04f3,16,3,Normal
2026-04-29 21:15:16.518955,Paris-04f3,25,70,Normal
2026-04-29 21:15:17.518955,Paris-04f3,-22,50,Normal
2026-04-29 21:15:18.518955,Paris-04f3,-17,20,Normal
2026-04-29 21:15:19.518955,Paris-04f3,-6,13,Normal
2026-04-29 21:15:20.518955,Paris-04f3,-11,55,Normal
2026-04-29 21:15:21.518955,Paris-04f3,21,90,Normal
2026-04-29 21:15:22.518955,Paris-04f3,7,66,Normal
2026-04-29 21:15:23.518955,Paris-04f3,-20,45,Normal
2026-04-29 21:15:24.518955,Paris-04f3,49,12,Normal
2026-04-29 21:15:25.518955,Paris-04f3,25,12,Normal
2026-04-29 21:15:26.518955,Paris-04f3,-28,94,Normal
2026-04-29 21:15:27.518955,Paris-04f3,9,38,Normal
2026-04-29 21:15:28.518955,Paris-04f3,-5,42,Normal
2026-04-29 21:15:29.518955,Paris-04f3,-3,50,Normal
2026-04-29 21:15:30.518955,Paris-04f3,-15,94,Normal
2026-04-29 21:15:31.518955,Paris-04f3,-21,58,Normal
2026-04-29 21:15:32.518955,Paris-04f3,44,14,Normal
2026-04-29 21:15:33.518955,Paris-04f3,2,17,Normal
2026-04-29 21:15:34.518955,Paris-04f3,-7,57,Normal
2026-04-29 21:15:35.518955,Paris-04f3,-28,38,Normal
2026-04-29 21:15:36.518955,Paris-04f3,25,69,Normal
2026-04-29 21:15:37.518955,Paris-04f3,10,5,Normal
2026-04-29 21:15:38.518955,Paris-04f3,-20,14,Normal
2026-04-29 21:15:39.518955,Paris-04f3,-9,9,Normal
2026-04-29 21:15:40.518955,Paris-04f3,34,65,Normal
2026-04-29 21:15:41.518955,Paris-04f3,23,75,Normal
2026-04-29 21:15:42.518955,Paris-04f3,2,13,Normal
2026-04-29 21:15:43.518955,Paris-04f3,50,78,Normal
2026-04-29 21:15:44.518955,Paris-04f3,12,71,Normal
2026-04-29 21:15:45.518955,Paris-04f3,40,57,Normal
2026-04-29 21:15:46.518955,Paris-04f3,-8,42,Normal
2026-04-29 21:15:47.518955,Paris-04f3,-16,52,Normal
2026-04-29 21:15:48.518955,Paris-04f3,-10,50,Normal
2026-04-29 21:15:49.518955,Paris-04f3,26,27,Normal
2026-04-29 21:15:50.518955,Paris-04f3,-2,66,Normal
2026-04-29 21:15:51.518955,Paris-04f3,12,62,Normal
2026-04-29 21:15:52.518955,Paris-04f3,2,14,Normal
2026-04-29 21:15:53.518955,Paris-04f3,-5,37,Normal
2026-04-29 21:15:54.518955,Paris-04f3,13,26,Normal
2026-04-29 21:15:55.518955,Paris-04f3,30,32,Normal
2026-04-29 21:15:56.518955,Paris-04f3,-16,20,Normal
2026-04-29 21:15:57.518955,Paris-04f3,-7,1,Normal
2026-04-29 21:15:58.518955,Paris-04f3,34,88,Normal
2026-04-29 21:15:59.518955,Paris-04f3,18,79,Normal
2026-04-29 21:16:00.518955,Paris-04f3,47,79,Normal
2026-04-29 21:16:01.518955,Paris-04f3,-26,3,Normal
2026-04-29 21:16:02.518955,Paris-04f3,-17,100,Normal
2026-04-29 21:16:03.518955,Paris-04f3,24,66,Normal
2026-04-29 21:16:04.518955,Paris-04f3,-21,19,Normal
2026-04-29 21:16:05.518955,Paris-04f3,7,14,Normal
2026-04-29 21:16:06.518955,Paris-04f3,6,67,Normal
2026-04-29 21:16:07.518955,Paris-04f3,-27,10,Normal
2026-04-29 21:16:08.518955,Paris-04f3,37,60,Normal
2026-04-29 21:16:09.518955,Paris-04f3,-1,90,Normal
2026-04-29 21:16:10.518955,Paris-04f3,27,24,Normal
2026-04-29 21:16:11.518955,Paris-04f3,-7,91,Normal
2026-04-29 21:16:12.518955,Paris-04f3,23,90,Normal
2026-04-29 21:16:13.518955,Paris-04f3,40,33,Normal
2026-04-29 21:16:14.518955,Paris-04f3,14,52,Normal
2026-04-29 21:16:15.518955,Paris-04f3,37,64,Normal
2026-04-29 21:16:16.518955,Paris-04f3,5,69,Normal
2026-04-29 21:16:17.518955,Paris-04f3,-28,88,Normal
2026-04-29 21:16:18.518955,Paris-04f3,5,76,Normal
2026-04-29 21:16:19.518955,Paris-04f3,-12,17,Normal
2026-04-29 21:16:20.518955,Paris-04f3,3,30,Normal
2026-04-29 21:16:21.518955,Paris-04f3,-15,47,Normal
2026-04-29 21:16:22.518955,Paris-04f3,-11,52,Normal
2026-04-29 21:16:23.518955,Paris-04f3,38,78,Normal
2026-04-29 21:16:24.518955,Paris-04f3,-23,20,Normal
2026-04-29 21:16:25.518955,Paris-04f3,31,1,Normal
2026-04-29 21:16:26.518955,Paris-04f3,-23,26,Normal
2026-04-29 21:16:27.518955,Paris-04f3,2,77,Normal
2026-04-29 21:16:28.518955,Paris-04f3,34,69,Normal
2026-04-29 21:16:29.518955,Paris-04f3,45,50,Normal
2026-04-29 21:16:30.518955,Paris-04f3,30,55,Normal
2026-04-29 21:16:31.518955,Paris-04f3,15,10,Normal
2026-04-29 21:16:32.518955,Paris-04f3,25,76,Normal
2026-04-29 21:16:33.518955,Paris-04f3,32,20,Normal
2026-04-29 21:16:34.518955,Paris-04f3,37,14,Normal
2026-04-29 21:16:35.518955,Paris-04f3,3,74,Normal
2026-04-29 21:16:36.518955,Paris-04f3,-6,67,Normal
2026-04-29 21:16:37.518955,Paris-04f3,22,85,Normal
2026-04-29 21:16:38.518955,Paris-04f3,-2,6,Normal
2026-04-29 21:16:39.518955,Paris-04f3,7,36,Normal
2026-04-29 21:16:40.518955,Paris-04f3,-2,95,Normal
2026-04-29 21:16:41.518955,Paris-04f3,45,41,Normal
2026-04-29 21:16:42.518955,Paris-04f3,-20,8,Normal
2026-04-29 21:16:43.518955,Paris-04f3,24,96,Normal
2026-04-29 21:16:44.518955,Paris-04f3,1,21,Normal
2026-04-29 21:16:45.518955,Paris-04f3,0,94,Normal
2026-04-29 21:16:46.518955,Paris-04f3,25,10,Normal
2026-04-29 21:16:47.518955,Paris-04f3,46,99,Normal
2026-04-29 21:16:48.518955,Paris-04f3,47,45,Normal
2026-04-29 21:16:49.518955,Paris-04f3,36,98,Normal
2026-04-29 21:16:50.518955,Paris-04f3,34,19,Normal
2026-04-29 21:16:51.518955,Paris-04f3,-10,41,Normal
2026-04-29 21:16:52.518955,Paris-04f3,-21,62,Normal
2026-04-29 21:16:53.518955,Paris-04f3,5,52,Normal
2026-04-29 21:16:54.518955,Paris-04f3,16,67,Normal
2026-04-29 21:16:55.518955,Paris-04f3,19,59,Normal
2026-04-29 21:16:56.518955,Paris-04f3,27,2,Normal
2026-04-29 21:16:57.518955,Paris-04f3,3,16,Normal
2026-04-29 21:16:58.518955,Paris-04f3,13,96,Normal
2026-04-29 21:16:59.518955,Paris-04f3,-5,25,Normal
2026-04-29 21:17:00.518955,Paris-04f3,-30,35,Normal
2026-04-29 21:17:01.518955,Paris-04f3,18,9,Normal
2026-04-29 21:17:02.518955,Paris-04f3,40,54,Normal
2026-04-29 21:17:03.518955,Paris-04f3,-9,74,Normal
2026-04-29 21:17:04.518955,Paris-04f3,42,6,Normal
2026-04-29 21:17:05.518955,Paris-04f3,27,72,Normal
2026-04-29 21:17:06.518955,Paris-04f3,37,87,Normal
2026-04-29 21:17:07.518955,Paris-04f3,37,0,Normal
2026-04-29 21:17:08.518955,Paris-04f3,24,40,Normal
2026-04-29 21:17:09.518955,Paris-04f3,-9,23,Normal
2026-04-29 21:17:10.518955,Paris-04f3,17,45,Normal
2026-04-29 21:17:11.518955,Paris-04f3,-29,49,Normal
2026-04-29 21:17:12.518955,Paris-04f3,-13,90,Normal
2026-04-29 21:17:13.518955,Paris-04f3,0,37,Normal
2026-04-29 21:17:14.518955,Paris-04f3,33,16,Normal
2026-04-29 21:17:15.518955,Paris-04f3,-8,74,Normal
2026-04-29 21:17:16.518955,Paris-04f3,28,11,Normal
2026-04-29 21:17:17.518955,Paris-04f3,26,85,Normal
2026-04-29 21:17:18.518955,Paris-04f3,49,66,Normal
2026-04-29 21:17:19.518955,Paris-04f3,-17,50,Normal
2026-04-29 21:17:20.518955,Paris-04f3,-20,94,Normal
2026-04-29 21:17:21.518955,Paris-04f3,23,38,Normal
2026-04-29 21:17:22.518955,Paris-04f3,1,84,Normal
2026-04-29 21:17:23.518955,Paris-04f3,0,15,Normal
2026-04-29 21:17:24.518955,Paris-04f3,-24,64,Normal
2026-04-29 21:17:25.518955,Paris-04f3,-29,22,Normal
2026-04-29 21:17:26.518955,Paris-04f3,25,36,Normal
2026-04-29 21:17:27.518955,Paris-04f3,-15,26,Normal
2026-04-29 21:17:28.518955,Paris-04f3,27,60,Normal
2026-04-29 21:17:29.518955,Paris-04f3,39,44,Normal
2026-04-29 21:17:30.518955,Paris-04f3,9,60,Normal
2026-04-29 21:17:31.518955,Paris-04f3,-1,39,Normal
2026-04-29 21:17:32.518955,Paris-04f3,-4,56,Normal
2026-04-29 21:17:33.518955,Paris-04f3,49,61,Normal
2026-04-29 21:17:34.518955,Paris-04f3,17,71,Normal
2026-04-29 21:17:35.518955,Paris-04f3,11,62,Normal
2026-04-29 21:17:36.518955,Paris-04f3,-7,7,Normal
2026-04-29 21:17:37.518955,Paris-04f3,-27,48,Normal
2026-04-29 21:17:38.518955,Paris-04f3,-10,46,Normal
2026-04-29 21:17:39.518955,Paris-04f3,-13,98,Normal
2026-04-29 21:17:40.518955,Paris-04f3,-19,35,Normal
2026-04-29 21:17:41.518955,Paris-04f3,-3,9,Normal
2026-04-29 21:17:42.518955,Paris-04f3,17,82,Normal
2026-04-29 21:17:43.518955,Paris-04f3,-12,91,Normal
2026-04-29 21:17:44.518955,Paris-04f3,-7,37,Normal
2026-04-29 21:17:45.518955,Paris-04f3,32,85,Normal
2026-04-29 21:17:46.518955,Paris-04f3,6,47,Normal
2026-04-29 21:17:47.518955,Paris-04f3,27,82,Normal
2026-04-29 21:17:48.518955,Paris-04f3,50,3,Normal
2026-04-29 21:17:49.518955,Paris-04f3,-5,65,Normal
2026-04-29 21:17:50.518955,Paris-04f3,0,60,Normal
2026-04-29 21:17:51.518955,Paris-04f3,14,88,Normal
2026-04-29 21:17:52.518955,Paris-04f3,22,86,Normal
2026-04-29 21:17:53.518955,Paris-04f3,-21,33,Normal
2026-04-29 21:17:54.518955,Paris-04f3,-11,79,Normal
2026-04-29 21:17:55.518955,Paris-04f3,39,86,Normal
2026-04-29 21:17:56.518955,Paris-04f3,38,31,Normal
2026-04-29 21:17:57.518955,Paris-04f3,32,47,Normal
2026-04-29 21:17:58.518955,Paris-04f3,-3,69,Normal
2026-04-29 21:17:59.518955,Paris-04f3,11,61,Normal
2026-04-29 21:18:00.518955,Paris-04f3,40,61,Normal
2026-04-29 21:18:01.518955,Paris-04f3,5,31,Normal
2026-04-29 21:18:02.518955,Paris-04f3,-21,17,Normal
2026-04-29 21:18:03.518955,Paris-04f3,-12,52,Normal
2026-04-29 21:18:04.518955,Paris-04f3,8,26,Normal
2026-04-29 21:18:05.518955,Paris-04f3,7,26,Normal
2026-04-29 21:18:06.518955,Paris-04f3,37,98,Normal
2026-04-29 21:18:07.518955,Paris-04f3,-16,30,Normal
2026-04-29 21:18:08.518955,Paris-04f3,38,82,Normal
2026-04-29 21:18:09.518955,Paris-04f3,23,7,Normal
2026-04-29 21:18:10.518955,Paris-04f3,28,74,Normal
2026-04-29 21:18:11.518955,Paris-04f3,38,13,Normal
2026-04-29 21:18:12.518955,Paris-04f3,40,65,Normal
2026-04-29 21:18:13.518955,Paris-04f3,-2,60,Normal
2026-04-29 21:18:14.518955,Paris-04f3,41,18,Normal
2026-04-29 21:18:15.518955,Paris-04f3,30,11,Normal
2026-04-29 21:18:16.518955,Paris-04f3,45,16,Normal
2026-04-29 21:18:17.518955,Paris-04f3,48,83,Normal
2026-04-29 21:18:18.518955,Paris-04f3,-27,77,Normal
2026-04-29 21:18:19.518955,Paris-04f3,30,39,Normal
2026-04-29 21:18:20.518955,Paris-04f3,14,40,Normal
2026-04-29 21:18:21.518955,Paris-04f3,-1,27,Normal
2026-04-29 21:18:22.518955,Paris-04f3,19,84,Normal
2026-04-29 21:18:23.518955,Paris-04f3,22,25,Normal
2026-04-29 21:18:24.518955,Paris-04f3,11,33,Normal
2026-04-29 21:18:25.518955,Paris-04f3,29,62,Normal
2026-04-29 21:18:26.518955,Paris-04f3,42,50,Normal
2026-04-29 21:18:27.518955,Paris-04f3,1,7,Normal
2026-04-29 21:18:28.518955,Paris-04f3,25,79,Normal
2026-04-29 21:18:29.518955,Paris-04f3,-14,89,Normal
2026-04-29 21:18:30.518955,Paris-04f3,45,84,Normal
2026-04-29 21:18:31.518955,Paris-04f3,-1,60,Normal
2026-04-29 21:18:32.518955,Paris-04f3,-27,70,Normal
2026-04-29 21:18:33.518955,Paris-04f3,34,83,Normal
2026-04-29 21:18:34.518955,Paris-04f3,2,83,Normal
2026-04-29 21:18:35.518955,Paris-04f3,0,49,Normal
2026-04-29 21:18:36.518955,Paris-04f3,-14,88,Normal
2026-04-29 21:18:37.518955,Paris-04f3,-22,73,Normal
2026-04-29 21:18:38.518955,Paris-04f3,31,61,Normal
2026-04-29 21:18:39.518955,Paris-04f3,-15,7,Normal
2026-04-29 21:18:40.518955,Paris-04f3,13,24,Normal
2026-04-29 21:18:41.518955,Paris-04f3,26,40,Normal
2026-04-29 21:18:42.518955,Paris-04f3,20,55,Normal
2026-04-29 21:18:43.518955,Paris-04f3,-28,49,Normal
2026-04-29 21:18:44.518955,Paris-04f3,44,19,Normal
2026-04-29 21:18:45.518955,Paris-04f3,2,69,Normal
2026-04-29 21:18:46.518955,Paris-04f3,2,54,Normal
2026-04-29 21:18:47.518955,Paris-04f3,1,60,Normal
2026-04-29 21:18:48.518955,Paris-04f3,20,27,Normal
2026-04-29 21:18:49.518955,Paris-04f3,-19,27,Normal
2026-04-29 21:18:50.518955,Paris-04f3,33,23,Normal
2026-04-29 21:18:51.518955,Paris-04f3,-5,35,Normal
2026-04-29 21:18:52.518955,Paris-04f3,6,78,Normal
2026-04-29 21:18:53.518955,Paris-04f3,30,72,Normal
2026-04-29 21:18:54.518955,Paris-04f3,8,18,Normal
2026-04-29 21:18:55.518955,Paris-04f3,43,94,Normal
2026-04-29 21:18:56.518955,Paris-04f3,22,24,Normal
2026-04-29 21:18:57.518955,Paris-04f3,5,76,Normal
2026-04-29 21:18:58.518955,Paris-04f3,14,56,Normal
2026-04-29 21:18:59.518955,Paris-04f3,21,31,Normal
2026-04-29 21:19:00.518955,Paris-04f3,-24,37,Normal
2026-04-29 21:19:01.518955,Paris-04f3,-14,55,Normal
2026-04-29 21:19:02.518955,Paris-04f3,16,20,Normal
2026-04-29 21:19:03.518955,Paris-04f3,-17,21,Normal
2026-04-29 21:19:04.518955,Paris-04f3,49,91,Normal
2026-04-29 21:19:05.518955,Paris-04f3,39,6,Normal
2026-04-29 21:19:06.518955,Paris-04f3,15,95,Normal
2026-04-29 21:19:07.518955,Paris-04f3,24,59,Normal
2026-04-29 21:19:08.518955,Paris-04f3,-7,100,Normal
2026-04-29 21:19:09.518955,Paris-04f3,-24,6,Normal
2026-04-29 21:19:10.518955,Paris-04f3,4,4,Normal
2026-04-29 21:19:11.518955,Paris-04f3,17,8,Normal
2026-04-29 21:19:12.518955,Paris-04f3,2,0,Normal
2026-04-29 21:19:13.518955,Paris-04f3,-11,74,Normal
2026-04-29 21:19:14.518955,Paris-04f3,7,86,Normal
2026-04-29 21:19:15.518955,Paris-04f3,37,30,Normal
2026-04-29 21:19:16.518955,Paris-04f3,46,71,Normal
2026-04-29 21:19:17.518955,Paris-04f3,33,18,Normal
2026-04-29 21:19:18.518955,Paris-04f3,-16,60,Normal
2026-04-29 21:19:19.518955,Paris-04f3,-24,57,Normal
2026-04-29 21:19:20.518955,Paris-04f3,15,54,Normal
2026-04-29 21:19:21.518955,Paris-04f3,33,55,Normal
2026-04-29 21:19:22.518955,Paris-04f3,27,55,Normal
2026-04-29 21:19:23.518955,Paris-04f3,-30,98,Normal
2026-04-29 21:19:24.518955,Paris-04f3,-9,79,Normal
2026-04-29 21:19:25.518955,Paris-04f3,-5,81,Normal
2026-04-29 21:19:26.518955,Paris-04f3,44,29,Normal
2026-04-29 21:19:27.518955,Paris-04f3,-7,41,Normal
2026-04-29 21:19:28.518955,Paris-04f3,43,34,Normal
2026-04-29 21:19:29.518955,Paris-04f3,35,50,Normal
2026-04-29 21:19:30.518955,Paris-04f3,31,24,Normal
2026-04-29 21:19:31.518955,Paris-04f3,2,100,Normal
2026-04-29 21:19:32.518955,Paris-04f3,22,54,Normal
2026-04-29 21:19:33.518955,Paris-04f3,-10,76,Normal
2026-04-29 21:19:34.518955,Paris-04f3,-12,67,Normal
2026-04-29 21:19:35.518955,Paris-04f3,2,12,Normal
2026-04-29 21:19:36.518955,Paris-04f3,41,80,Normal
2026-04-29 21:19:37.518955,Paris-04f3,38,44,Normal
2026-04-29 21:19:38.518955,Paris-04f3,28,30,Normal
2026-04-29 21:19:39.518955,Paris-04f3,-15,63,Normal
2026-04-29 21:19:40.518955,Paris-04f3,50,74,Normal
2026-04-29 21:19:41.518955,Paris-04f3,46,78,Normal
2026-04-29 21:19:42.518955,Paris-04f3,-29,53,Normal
2026-04-29 21:19:43.518955,Paris-04f3,27,33,Normal
2026-04-29 21:19:44.518955,Paris-04f3,-4,7,Normal
2026-04-29 21:19:45.518955,Paris-04f3,-30,70,Normal
2026-04-29 21:19:46.518955,Paris-04f3,15,13,Normal
2026-04-29 21:19:47.518955,Paris-04f3,28,89,Normal
2026-04-29 21:19:48.518955,Paris-04f3,8,45,Normal
2026-04-29 21:19:49.518955,Paris-04f3,-24,97,Normal
2026-04-29 21:19:50.518955,Paris-04f3,-20,20,Normal
2026-04-29 21:19:51.518955,Paris-04f3,5,81,Normal
2026-04-29 21:19:52.518955,Paris-04f3,18,25,Normal
2026-04-29 21:19:53.518955,Paris-04f3,-27,22,Normal
2026-04-29 21:19:54.518955,Paris-04f3,24,73,Normal
2026-04-29 21:19:55.518955,Paris-04f3,15,90,Normal
2026-04-29 21:19:56.518955,Paris-04f3,-1,47,Normal
2026-04-29 21:19:57.518955,Paris-04f3,26,88,Normal
2026-04-29 21:19:58.518955,Paris-04f3,5,1,Normal
2026-04-29 21:19:59.518955,Paris-04f3,-14,96,Normal
2026-04-29 21:20:00.518955,Paris-04f3,10,10,Normal
2026-04-29 21:20:01.518955,Paris-04f3,36,26,Normal
2026-04-29 21:20:02.518955,Paris-04f3,-12,73,Normal
2026-04-29 21:20:03.518955,Paris-04f3,-12,10,Normal
2026-04-29 21:20:04.518955,Paris-04f3,-15,69,Normal
2026-04-29 21:20:05.518955,Paris-04f3,46,22,Normal
2026-04-29 21:20:06.518955,Paris-04f3,-4,74,Normal
2026-04-29 21:20:07.518955,Paris-04f3,-24,97,Normal
2026-04-29 21:20:08.518955,Paris-04f3,-18,76,Normal
2026-04-29 21:20:09.518955,Paris-04f3,-13,83,Normal
2026-04-29 21:20:10.518955,Paris-04f3,35,95,Normal
2026-04-29 21:20:11.518955,Paris-04f3,-11,1,Normal
2026-04-29 21:20:12.518955,Paris-04f3,-16,39,Normal
2026-04-29 21:20:13.518955,Paris-04f3,40,38,Normal
2026-04-29 21:20:14.518955,Paris-04f3,-11,59,Normal
2026-04-29 21:20:15.518955,Paris-04f3,30,83,Normal
2026-04-29 21:20:16.518955,Paris-04f3,-25,61,Normal
2026-04-29 21:20:17.518955,Paris-04f3,32,21,Normal
2026-04-29 21:20:18.518955,Paris-04f3,36,19,Normal
2026-04-29 21:20:19.518955,Paris-04f3,24,58,Normal
2026-04-29 21:20:20.518955,Paris-04f3,-21,2,Normal
2026-04-29 21:20:21.518955,Paris-04f3,-13,55,Normal
2026-04-29 21:20:22.518955,Paris-04f3,22,66,Normal
2026-04-29 21:20:23.518955,Paris-04f3,-20,86,Normal
2026-04-29 21:20:24.518955,Paris-04f3,20,62,Normal
2026-04-29 21:20:25.518955,Paris-04f3,-29,47,Normal
2026-04-29 21:20:26.518955,Paris-04f3,-22,10,Normal
2026-04-29 21:20:27.518955,Paris-04f3,37,9,Normal
2026-04-29 21:20:28.518955,Paris-04f3,9,32,Normal
2026-04-29 21:20:29.518955,Paris-04f3,47,73,Normal
2026-04-29 21:20:30.518955,Paris-04f3,9,99,Normal
2026-04-29 21:20:31.518955,Paris-04f3,-13,52,Normal
2026-04-29 21:20:32.518955,Paris-04f3,29,52,Normal
2026-04-29 21:20:33.518955,Paris-04f3,-27,86,Normal
2026-04-29 21:20:34.518955,Paris-04f3,-26,60,Normal
2026-04-29 21:20:35.518955,Paris-04f3,45,53,Normal
2026-04-29 21:20:36.518955,Paris-04f3,-11,10,Normal
2026-04-29 21:20:37.518955,Paris-04f3,10,80,Normal
2026-04-29 21:20:38.518955,Paris-04f3,-18,46,Normal
2026-04-29 21:20:39.518955,Paris-04f3,25,85,Normal
2026-04-29 21:20:40.518955,Paris-04f3,24,37,Normal
2026-04-29 21:20:41.518955,Paris-04f3,5,27,Normal
2026-04-29 21:20:42.518955,Paris-04f3,30,52,Normal
2026-04-29 21:20:43.518955,Paris-04f3,14,75,Normal
2026-04-29 21:20:44.518955,Paris-04f3,5,45,Normal
2026-04-29 21:20:45.518955,Paris-04f3,31,73,Normal
2026-04-29 21:20:46.518955,Paris-04f3,22,68,Normal
2026-04-29 21:20:47.518955,Paris-04f3,45,0,Normal
2026-04-29 21:20:48.518955,Paris-04f3,-12,41,Normal
2026-04-29 21:20:49.518955,Paris-04f3,9,14,Normal
2026-04-29 21:20:50.518955,Paris-04f3,2,50,Normal
2026-04-29 21:20:51.518955,Paris-04f3,16,54,Normal
2026-04-29 21:20:52.518955,Paris-04f3,19,24,Normal
2026-04-29 21:20:53.518955,Paris-04f3,9,13,Normal
2026-04-29 21:20:54.518955,Paris-04f3,-10,5,Normal
2026-04-29 21:20:55.518955,Paris-04f3,4,23,Normal
2026-04-29 21:20:56.518955,Paris-04f3,31,80,Normal
2026-04-29 21:20:57.518955,Paris-04f3,47,37,Normal
2026-04-29 21:20:58.518955,Paris-04f3,-30,89,Normal
2026-04-29 21:20:59.518955,Paris-04f3,-15,41,Normal
2026-04-29 21:21:00.518955,Paris-04f3,38,84,Normal
2026-04-29 21:21:01.518955,Paris-04f3,-15,81,Normal
2026-04-29 21:21:02.518955,Paris-04f3,2,9,Normal
2026-04-29 21:21:03.518955,Paris-04f3,24,4,Normal
2026-04-29 21:21:04.518955,Paris-04f3,25,59,Normal
2026-04-29 21:21:05.518955,Paris-04f3,42,21,Normal
2026-04-29 21:21:06.518955,Paris-04f3,-17,35,Normal
2026-04-29 21:21:07.518955,Paris-04f3,47,31,Normal
2026-04-29 21:21:08.518955,Paris-04f3,-14,10,Normal
2026-04-29 21:21:09.518955,Paris-04f3,1,93,Normal
2026-04-29 21:21:10.518955,Paris-04f3,11,59,Normal
2026-04-29 21:21:11.518955,Paris-04f3,-29,28,Normal
2026-04-29 21:21:12.518955,Paris-04f3,45,6,Normal
2026-04-29 21:21:13.518955,Paris-04f3,7,98,Normal
2026-04-29 21:21:14.518955,Paris-04f3,14,54,Normal
2026-04-29 21:21:15.518955,Paris-04f3,14,15,Normal
2026-04-29 21:21:16.518955,Paris-04f3,25,5,Normal
2026-04-29 21:21:17.518955,Paris-04f3,30,36,Normal
2026-04-29 21:21:18.518955,Paris-04f3,46,72,Normal
2026-04-29 21:21:19.518955,Paris-04f3,12,18,Normal
2026-04-29 21:21:20.518955,Paris-04f3,31,86,Normal
2026-04-29 21:21:21.518955,Paris-04f3,3,46,Normal
2026-04-29 21:21:22.518955,Paris-04f3,-2,24,Normal
2026-04-29 21:21:23.518955,Paris-04f3,42,77,Normal
2026-04-29 21:21:24.518955,Paris-04f3,23,36,Normal
2026-04-29 21:21:25.518955,Paris-04f3,7,1,Normal
2026-04-29 21:21:26.518955,Paris-04f3,-20,87,Normal
2026-04-29 21:21:27.518955,Paris-04f3,-18,2,Normal
2026-04-29 21:21:28.518955,Paris-04f3,2,95,Normal
2026-04-29 21:21:29.518955,Paris-04f3,-19,27,Normal
2026-04-29 21:21:30.518955,Paris-04f3,-4,95,Normal
2026-04-29 21:21:31.518955,Paris-04f3,46,1,Normal
2026-04-29 21:21:32.518955,Paris-04f3,-18,27,Normal
2026-04-29 21:21:33.518955,Paris-04f3,11,1,Normal
2026-04-29 21:21:34.518955,Paris-04f3,-7,14,Normal
2026-04-29 21:21:35.518955,Paris-04f3,26,59,Normal
2026-04-29 21:21:36.518955,Paris-04f3,26,89,Normal
2026-04-29 21:21:37.518955,Paris-04f3,20,46,Normal
2026-04-29 21:21:38.518955,Paris-04f3,-3,30,Normal
2026-04-29 21:21:39.518955,Paris-04f3,-24,23,Normal
2026-04-29 21:21:40.518955,Paris-04f3,-9,80,Normal
2026-04-29 21:21:41.518955,Paris-04f3,13,49,Normal
2026-04-29 21:21:42.518955,Paris-04f3,-23,34,Normal
2026-04-29 21:21:43.518955,Paris-04f3,24,48,Normal
2026-04-29 21:21:44.518955,Paris-04f3,13,49,Normal
2026-04-29 21:21:45.518955,Paris-04f3,22,68,Normal
2026-04-29 21:21:46.518955,Paris-04f3,4,34,Normal
2026-04-29 21:21:47.518955,Paris-04f3,-22,54,Normal
2026-04-29 21:21:48.518955,Paris-04f3,16,84,Normal
2026-04-29 21:21:49.518955,Paris-04f3,-8,78,Normal
2026-04-29 21:21:50.518955,Paris-04f3,17,11,Normal
2026-04-29 21:21:51.518955,Paris-04f3,50,27,Normal
2026-04-29 21:21:52.518955,Paris-04f3,36,80,Normal
2026-04-29 21:21:53.518955,Paris-04f3,-30,34,Normal
2026-04-29 21:21:54.518955,Paris-04f3,-5,63,Normal
2026-04-29 21:21:55.518955,Paris-04f3,-4,4,Normal
2026-04-29 21:21:56.518955,Paris-04f3,18,75,Normal
2026-04-29 21:21:57.518955,Paris-04f3,-21,87,Normal
2026-04-29 21:21:58.518955,Paris-04f3,10,91,Normal
2026-04-29 21:21:59.518955,Paris-04f3,-3,53,Normal
2026-04-29 21:22:00.518955,Paris-04f3,8,48,Normal
2026-04-29 21:22:01.518955,Paris-04f3,14,91,Normal
2026-04-29 21:22:02.518955,Paris-04f3,47,56,Normal
2026-04-29 21:22:03.518955,Paris-04f3,-14,73,Normal
2026-04-29 21:22:04.518955,Paris-04f3,-1,14,Normal
2026-04-29 21:22:05.518955,Paris-04f3,5,20,Normal
2026-04-29 21:22:06.518955,Paris-04f3,-9,46,Normal
2026-04-29 21:22:07.518955,Paris-04f3,-23,79,Normal
2026-04-29 21:22:08.518955,Paris-04f3,-30,73,Normal
2026-04-29 21:22:09.518955,Paris-04f3,9,46,Normal
2026-04-29 21:22:10.518955,Paris-04f3,39,42,Normal
2026-04-29 21:22:11.518955,Paris-04f3,-13,20,Normal
2026-04-29 21:22:12.518955,Paris-04f3,45,56,Normal
2026-04-29 21:22:13.518955,Paris-04f3,-8,59,Normal
2026-04-29 21:22:14.518955,Paris-04f3,2,48,Normal
2026-04-29 21:22:15.518955,Paris-04f3,20,48,Normal
2026-04-29 21:22:16.518955,Paris-04f3,11,88,Normal
2026-04-29 21:22:17.518955,Paris-04f3,38,82,Normal
2026-04-29 21:22:18.518955,Paris-04f3,-19,92,Normal
2026-04-29 21:22:19.518955,Paris-04f3,-14,93,Normal
2026-04-29 21:22:20.518955,Paris-04f3,41,26,Normal
2026-04-29 21:22:21.518955,Paris-04f3,-10,4,Normal
2026-04-29 21:22:22.518955,Paris-04f3,20,34,Normal
2026-04-29 21:22:23.518955,Paris-04f3,50,14,Normal
2026-04-29 21:22:24.518955,Paris-04f3,-17,15,Normal
2026-04-29 21:22:25.518955,Paris-04f3,40,79,Normal
2026-04-29 21:22:26.518955,Paris-04f3,9,71,Normal
2026-04-29 21:22:27.518955,Paris-04f3,17,3,Normal
2026-04-29 21:22:28.518955,Paris-04f3,-16,83,Normal
2026-04-29 21:22:29.518955,Paris-04f3,-7,27,Normal
2026-04-29 21:22:30.518955,Paris-04f3,-27,86,Normal
2026-04-29 21:22:31.518955,Paris-04f3,40,28,Normal
2026-04-29 21:22:32.518955,Paris-04f3,-25,51,Normal
2026-04-29 21:22:33.518955,Paris-04f3,41,43,Normal
2026-04-29 21:22:34.518955,Paris-04f3,32,4,Normal
2026-04-29 21:22:35.518955,Paris-04f3,-3,16,Normal
2026-04-29 21:22:36.518955,Paris-04f3,32,93,Normal
2026-04-29 21:22:37.518955,Paris-04f3,11,40,Normal
2026-04-29 21:22:38.518955,Paris-04f3,3,32,Normal
2026-04-29 21:22:39.518955,Paris-04f3,47,47,Normal
2026-04-29 21:22:40.518955,Paris-04f3,20,87,Normal
2026-04-29 21:22:41.518955,Paris-04f3,-9,60,Normal
2026-04-29 21:22:42.518955,Paris-04f3,-15,100,Normal
2026-04-29 21:22:43.518955,Paris-04f3,29,2,Normal
2026-04-29 21:22:44.518955,Paris-04f3,13,1,Normal
2026-04-29 21:22:45.518955,Paris-04f3,19,72,Normal
2026-04-29 21:22:46.518955,Paris-04f3,-19,12,Normal
2026-04-29 21:22:47.518955,Paris-04f3,13,81,Normal
2026-04-29 21:22:48.518955,Paris-04f3,44,4,Normal
2026-04-29 21:22:49.518955,Paris-04f3,-9,73,Normal
2026-04-29 21:22:50.518955,Paris-04f3,-18,21,Normal
2026-04-29 21:22:51.518955,Paris-04f3,32,67,Normal
2026-04-29 21:22:52.518955,Paris-04f3,27,67,Normal
2026-04-29 21:22:53.518955,Paris-04f3,9,20,Normal
2026-04-29 21:22:54.518955,Paris-04f3,47,25,Normal
2026-04-29 21:22:55.518955,Paris-04f3,-26,6,Normal
2026-04-29 21:22:56.518955,Paris-04f3,-13,80,Normal
2026-04-29 21:22:57.518955,Paris-04f3,13,69,Normal
2026-04-29 21:22:58.518955,Paris-04f3,-11,86,Normal
2026-04-29 21:22:59.518955,Paris-04f3,12,81,Normal
2026-04-29 21:23:00.518955,Paris-04f3,7,13,Normal
2026-04-29 21:23:01.518955,Paris-04f3,-18,98,Normal
2026-04-29 21:23:02.518955,Paris-04f3,-6,26,Normal
2026-04-29 21:23:03.518955,Paris-04f3,-17,57,Normal
2026-04-29 21:23:04.518955,Paris-04f3,-10,63,Normal
2026-04-29 21:23:05.518955,Paris-04f3,41,3,Normal
2026-04-29 21:23:06.518955,Paris-04f3,-30,79,Normal
2026-04-29 21:23:07.518955,Paris-04f3,15,22,Normal
2026-04-29 21:23:08.518955,Paris-04f3,-19,33,Normal
2026-04-29 21:23:09.518955,Paris-04f3,-18,13,Normal
2026-04-29 21:23:10.518955,Paris-04f3,6,41,Normal
2026-04-29 21:23:11.518955,Paris-04f3,50,24,Normal
2026-04-29 21:23:12.518955,Paris-04f3,47,66,Normal
2026-04-29 21:23:13.518955,Paris-04f3,31,55,Normal
2026-04-29 21:23:14.518955,Paris-04f3,-3,21,Normal
2026-04-29 21:23:15.518955,Paris-04f3,17,19,Normal
2026-04-29 21:23:16.518955,Paris-04f3,-26,64,Normal
2026-04-29 21:23:17.518955,Paris-04f3,35,77,Normal
2026-04-29 21:23:18.518955,Paris-04f3,2,17,Normal
2026-04-29 21:23:19.518955,Paris-04f3,0,45,Normal
2026-04-29 21:23:20.518955,Paris-04f3,14,24,Normal
2026-04-29 21:23:21.518955,Paris-04f3,32,63,Normal
2026-04-29 21:23:22.518955,Paris-04f3,-8,43,Normal
