timestamp,station_id,temp,humid,condition
2026-02-14 14:53:22.197504,Seoul-5d1c,1,98,Normal
2026-02-14 14:53:23.197504,Seoul-5d1c,-22,72,Normal
2026-02-14 14:53:24.197504,Seoul-5d1c,14,43,Normal
2026-02-14 14:53:25.197504,Seoul-5d1c,32,81,Normal
2026-02-14 14:53:26.197504,Seoul-5d1c,2,73,Normal
2026-02-14 14:53:27.197504,Seoul-5d1c,25,8,Normal
2026-02-14 14:53:28.197504,Seoul-5d1c,-9,98,Normal
2026-02-14 14:53:29.197504,Seoul-5d1c,-4,11,Normal
2026-02-14 14:53:30.197504,Seoul-5d1c,16,2,Normal
2026-02-14 14:53:31.197504,Seoul-5d1c,9,1,Normal
2026-02-14 14:53:32.197504,Seoul-5d1c,25,56,Normal
2026-02-14 14:53:33.197504,Seoul-5d1c,-11,50,Normal
2026-02-14 14:53:34.197504,Seoul-5d1c,11,89,Normal
2026-02-14 14:53:35.197504,Seoul-5d1c,27,28,Normal
2026-02-14 14:53:36.197504,Seoul-5d1c,42,16,Normal
2026-02-14 14:53:37.197504,Seoul-5d1c,34,36,Normal
2026-02-14 14:53:38.197504,Seoul-5d1c,2,23,Normal
2026-02-14 14:53:39.197504,Seoul-5d1c,32,16,Normal
2026-02-14 14:53:40.197504,Seoul-5d1c,-25,49,Normal
2026-02-14 14:53:41.197504,Seoul-5d1c,35,47,Normal
2026-02-14 14:53:42.197504,Seoul-5d1c,-16,32,Normal
2026-02-14 14:53:43.197504,Seoul-5d1c,-28,81,Normal
2026-02-14 14:53:44.197504,Seoul-5d1c,39,33,Normal
2026-02-14 14:53:45.197504,Seoul-5d1c,13,67,Normal
2026-02-14 14:53:46.197504,Seoul-5d1c,2,28,Normal
2026-02-14 14:53:47.197504,Seoul-5d1c,18,79,Normal
2026-02-14 14:53:48.197504,Seoul-5d1c,-16,7,Normal
2026-02-14 14:53:49.197504,Seoul-5d1c,43,19,Normal
2026-02-14 14:53:50.197504,Seoul-5d1c,-23,78,Normal
2026-02-14 14:53:51.197504,Seoul-5d1c,49,10,Normal
2026-02-14 14:53:52.197504,Seoul-5d1c,-27,53,Normal
2026-02-14 14:53:53.197504,Seoul-5d1c,9,12,Normal
2026-02-14 14:53:54.197504,Seoul-5d1c,-28,45,Normal
2026-02-14 14:53:55.197504,Seoul-5d1c,8,55,Normal
2026-02-14 14:53:56.197504,Seoul-5d1c,48,54,Normal
2026-02-14 14:53:57.197504,Seoul-5d1c,46,2,Normal
2026-02-14 14:53:58.197504,Seoul-5d1c,26,12,Normal
2026-02-14 14:53:59.197504,Seoul-5d1c,35,52,Normal
2026-02-14 14:54:00.197504,Seoul-5d1c,-16,73,Normal
2026-02-14 14:54:01.197504,Seoul-5d1c,44,37,Normal
2026-02-14 14:54:02.197504,Seoul-5d1c,44,38,Normal
2026-02-14 14:54:03.197504,Seoul-5d1c,3,13,Normal
2026-02-14 14:54:04.197504,Seoul-5d1c,-29,17,Normal
2026-02-14 14:54:05.197504,Seoul-5d1c,47,33,Normal
2026-02-14 14:54:06.197504,Seoul-5d1c,47,55,Normal
2026-02-14 14:54:07.197504,Seoul-5d1c,-29,46,Normal
2026-02-14 14:54:08.197504,Seoul-5d1c,3,66,Normal
2026-02-14 14:54:09.197504,Seoul-5d1c,-22,11,Normal
2026-02-14 14:54:10.197504,Seoul-5d1c,25,83,Normal
2026-02-14 14:54:11.197504,Seoul-5d1c,-14,29,Normal
2026-02-14 14:54:12.197504,Seoul-5d1c,12,11,Normal
2026-02-14 14:54:13.197504,Seoul-5d1c,32,66,Normal
2026-02-14 14:54:14.197504,Seoul-5d1c,30,58,Normal
2026-02-14 14:54:15.197504,Seoul-5d1c,9,18,Normal
2026-02-14 14:54:16.197504,Seoul-5d1c,15,80,Normal
2026-02-14 14:54:17.197504,Seoul-5d1c,6,12,Normal
2026-02-14 14:54:18.197504,Seoul-5d1c,3,38,Normal
2026-02-14 14:54:19.197504,Seoul-5d1c,35,76,Normal
2026-02-14 14:54:20.197504,Seoul-5d1c,34,6,Normal
2026-02-14 14:54:21.197504,Seoul-5d1c,49,58,Normal
2026-02-14 14:54:22.197504,Seoul-5d1c,-10,42,Normal
2026-02-14 14:54:23.197504,Seoul-5d1c,-7,71,Normal
2026-02-14 14:54:24.197504,Seoul-5d1c,33,44,Normal
2026-02-14 14:54:25.197504,Seoul-5d1c,-18,27,Normal
2026-02-14 14:54:26.197504,Seoul-5d1c,29,94,Normal
2026-02-14 14:54:27.197504,Seoul-5d1c,6,98,Normal
2026-02-14 14:54:28.197504,Seoul-5d1c,-6,64,Normal
2026-02-14 14:54:29.197504,Seoul-5d1c,19,31,Normal
2026-02-14 14:54:30.197504,Seoul-5d1c,23,80,Normal
2026-02-14 14:54:31.197504,Seoul-5d1c,20,45,Normal
2026-02-14 14:54:32.197504,Seoul-5d1c,48,90,Normal
2026-02-14 14:54:33.197504,Seoul-5d1c,6,61,Normal
2026-02-14 14:54:34.197504,Seoul-5d1c,25,10,Normal
2026-02-14 14:54:35.197504,Seoul-5d1c,16,22,Normal
2026-02-14 14:54:36.197504,Seoul-5d1c,17,64,Normal
2026-02-14 14:54:37.197504,Seoul-5d1c,27,9,Normal
2026-02-14 14:54:38.197504,Seoul-5d1c,13,100,Normal
2026-02-14 14:54:39.197504,Seoul-5d1c,35,72,Normal
2026-02-14 14:54:40.197504,Seoul-5d1c,-2,44,Normal
2026-02-14 14:54:41.197504,Seoul-5d1c,38,97,Normal
2026-02-14 14:54:42.197504,Seoul-5d1c,-28,100,Normal
2026-02-14 14:54:43.197504,Seoul-5d1c,4,3,Normal
2026-02-14 14:54:44.197504,Seoul-5d1c,-7,64,Normal
2026-02-14 14:54:45.197504,Seoul-5d1c,-8,86,Normal
2026-02-14 14:54:46.197504,Seoul-5d1c,31,69,Normal
2026-02-14 14:54:47.197504,Seoul-5d1c,-15,8,Normal
2026-02-14 14:54:48.197504,Seoul-5d1c,18,24,Normal
2026-02-14 14:54:49.197504,Seoul-5d1c,6,8,Normal
2026-02-14 14:54:50.197504,Seoul-5d1c,38,54,Normal
2026-02-14 14:54:51.197504,Seoul-5d1c,-20,95,Normal
2026-02-14 14:54:52.197504,Seoul-5d1c,-11,98,Normal
2026-02-14 14:54:53.197504,Seoul-5d1c,43,10,Normal
2026-02-14 14:54:54.197504,Seoul-5d1c,36,14,Normal
2026-02-14 14:54:55.197504,Seoul-5d1c,47,49,Normal
2026-02-14 14:54:56.197504,Seoul-5d1c,-30,5,Normal
2026-02-14 14:54:57.197504,Seoul-5d1c,32,12,Normal
2026-02-14 14:54:58.197504,Seoul-5d1c,-26,29,Normal
2026-02-14 14:54:59.197504,Seoul-5d1c,23,89,Normal
2026-02-14 14:55:00.197504,Seoul-5d1c,34,96,Normal
2026-02-14 14:55:01.197504,Seoul-5d1c,45,16,Normal
2026-02-14 14:55:02.197504,Seoul-5d1c,0,63,Normal
2026-02-14 14:55:03.197504,Seoul-5d1c,32,12,Normal
2026-02-14 14:55:04.197504,Seoul-5d1c,-30,86,Normal
2026-02-14 14:55:05.197504,Seoul-5d1c,-16,21,Normal
2026-02-14 14:55:06.197504,Seoul-5d1c,38,33,Normal
2026-02-14 14:55:07.197504,Seoul-5d1c,2,89,Normal
2026-02-14 14:55:08.197504,Seoul-5d1c,-4,24,Normal
2026-02-14 14:55:09.197504,Seoul-5d1c,35,76,Normal
2026-02-14 14:55:10.197504,Seoul-5d1c,44,24,Normal
2026-02-14 14:55:11.197504,Seoul-5d1c,-8,79,Normal
2026-02-14 14:55:12.197504,Seoul-5d1c,11,35,Normal
2026-02-14 14:55:13.197504,Seoul-5d1c,13,62,Normal
2026-02-14 14:55:14.197504,Seoul-5d1c,27,36,Normal
2026-02-14 14:55:15.197504,Seoul-5d1c,45,83,Normal
2026-02-14 14:55:16.197504,Seoul-5d1c,45,43,Normal
2026-02-14 14:55:17.197504,Seoul-5d1c,45,67,Normal
2026-02-14 14:55:18.197504,Seoul-5d1c,25,58,Normal
2026-02-14 14:55:19.197504,Seoul-5d1c,36,64,Normal
2026-02-14 14:55:20.197504,Seoul-5d1c,-8,83,Normal
2026-02-14 14:55:21.197504,Seoul-5d1c,21,26,Normal
2026-02-14 14:55:22.197504,Seoul-5d1c,4,48,Normal
2026-02-14 14:55:23.197504,Seoul-5d1c,39,82,Normal
2026-02-14 14:55:24.197504,Seoul-5d1c,21,97,Normal
2026-02-14 14:55:25.197504,Seoul-5d1c,6,80,Normal
2026-02-14 14:55:26.197504,Seoul-5d1c,34,8,Normal
2026-02-14 14:55:27.197504,Seoul-5d1c,-13,48,Normal
2026-02-14 14:55:28.197504,Seoul-5d1c,-2,29,Normal
2026-02-14 14:55:29.197504,Seoul-5d1c,18,63,Normal
2026-02-14 14:55:30.197504,Seoul-5d1c,39,38,Normal
2026-02-14 14:55:31.197504,Seoul-5d1c,15,51,Normal
2026-02-14 14:55:32.197504,Seoul-5d1c,27,1,Normal
2026-02-14 14:55:33.197504,Seoul-5d1c,48,72,Normal
2026-02-14 14:55:34.197504,Seoul-5d1c,38,72,Normal
2026-02-14 14:55:35.197504,Seoul-5d1c,38,92,Normal
2026-02-14 14:55:36.197504,Seoul-5d1c,43,33,Normal
2026-02-14 14:55:37.197504,Seoul-5d1c,18,48,Normal
2026-02-14 14:55:38.197504,Seoul-5d1c,-24,39,Normal
2026-02-14 14:55:39.197504,Seoul-5d1c,37,51,Normal
2026-02-14 14:55:40.197504,Seoul-5d1c,37,76,Normal
2026-02-14 14:55:41.197504,Seoul-5d1c,48,21,Normal
2026-02-14 14:55:42.197504,Seoul-5d1c,19,81,Normal
2026-02-14 14:55:43.197504,Seoul-5d1c,39,38,Normal
2026-02-14 14:55:44.197504,Seoul-5d1c,0,48,Normal
2026-02-14 14:55:45.197504,Seoul-5d1c,18,82,Normal
2026-02-14 14:55:46.197504,Seoul-5d1c,24,99,Normal
2026-02-14 14:55:47.197504,Seoul-5d1c,3,6,Normal
2026-02-14 14:55:48.197504,Seoul-5d1c,11,33,Normal
2026-02-14 14:55:49.197504,Seoul-5d1c,-9,24,Normal
2026-02-14 14:55:50.197504,Seoul-5d1c,-21,38,Normal
2026-02-14 14:55:51.197504,Seoul-5d1c,17,10,Normal
2026-02-14 14:55:52.197504,Seoul-5d1c,-9,74,Normal
2026-02-14 14:55:53.197504,Seoul-5d1c,-24,75,Normal
2026-02-14 14:55:54.197504,Seoul-5d1c,-2,53,Normal
2026-02-14 14:55:55.197504,Seoul-5d1c,-5,78,Normal
2026-02-14 14:55:56.197504,Seoul-5d1c,31,48,Normal
2026-02-14 14:55:57.197504,Seoul-5d1c,37,93,Normal
2026-02-14 14:55:58.197504,Seoul-5d1c,39,82,Normal
2026-02-14 14:55:59.197504,Seoul-5d1c,-21,7,Normal
2026-02-14 14:56:00.197504,Seoul-5d1c,27,35,Normal
2026-02-14 14:56:01.197504,Seoul-5d1c,33,93,Normal
2026-02-14 14:56:02.197504,Seoul-5d1c,-3,98,Normal
2026-02-14 14:56:03.197504,Seoul-5d1c,-1,97,Normal
2026-02-14 14:56:04.197504,Seoul-5d1c,22,82,Normal
2026-02-14 14:56:05.197504,Seoul-5d1c,-4,50,Normal
2026-02-14 14:56:06.197504,Seoul-5d1c,-29,56,Normal
2026-02-14 14:56:07.197504,Seoul-5d1c,-23,71,Normal
2026-02-14 14:56:08.197504,Seoul-5d1c,27,63,Normal
2026-02-14 14:56:09.197504,Seoul-5d1c,-3,28,Normal
2026-02-14 14:56:10.197504,Seoul-5d1c,38,100,Normal
2026-02-14 14:56:11.197504,Seoul-5d1c,22,8,Normal
2026-02-14 14:56:12.197504,Seoul-5d1c,48,61,Normal
2026-02-14 14:56:13.197504,Seoul-5d1c,43,90,Normal
2026-02-14 14:56:14.197504,Seoul-5d1c,6,80,Normal
2026-02-14 14:56:15.197504,Seoul-5d1c,-22,77,Normal
2026-02-14 14:56:16.197504,Seoul-5d1c,16,52,Normal
2026-02-14 14:56:17.197504,Seoul-5d1c,21,44,Normal
2026-02-14 14:56:18.197504,Seoul-5d1c,33,82,Normal
2026-02-14 14:56:19.197504,Seoul-5d1c,21,70,Normal
2026-02-14 14:56:20.197504,Seoul-5d1c,24,1,Normal
2026-02-14 14:56:21.197504,Seoul-5d1c,-27,78,Normal
2026-02-14 14:56:22.197504,Seoul-5d1c,33,66,Normal
2026-02-14 14:56:23.197504,Seoul-5d1c,-14,60,Normal
2026-02-14 14:56:24.197504,Seoul-5d1c,-23,44,Normal
2026-02-14 14:56:25.197504,Seoul-5d1c,36,52,Normal
2026-02-14 14:56:26.197504,Seoul-5d1c,13,72,Normal
2026-02-14 14:56:27.197504,Seoul-5d1c,-12,67,Normal
2026-02-14 14:56:28.197504,Seoul-5d1c,5,73,Normal
2026-02-14 14:56:29.197504,Seoul-5d1c,1,78,Normal
2026-02-14 14:56:30.197504,Seoul-5d1c,-21,15,Normal
2026-02-14 14:56:31.197504,Seoul-5d1c,26,96,Normal
2026-02-14 14:56:32.197504,Seoul-5d1c,13,67,Normal
2026-02-14 14:56:33.197504,Seoul-5d1c,-25,8,Normal
2026-02-14 14:56:34.197504,Seoul-5d1c,-6,84,Normal
2026-02-14 14:56:35.197504,Seoul-5d1c,28,6,Normal
2026-02-14 14:56:36.197504,Seoul-5d1c,37,40,Normal
2026-02-14 14:56:37.197504,Seoul-5d1c,-29,88,Normal
2026-02-14 14:56:38.197504,Seoul-5d1c,-24,77,Normal
2026-02-14 14:56:39.197504,Seoul-5d1c,-30,38,Normal
2026-02-14 14:56:40.197504,Seoul-5d1c,-15,36,Normal
2026-02-14 14:56:41.197504,Seoul-5d1c,44,99,Normal
2026-02-14 14:56:42.197504,Seoul-5d1c,25,98,Normal
2026-02-14 14:56:43.197504,Seoul-5d1c,42,20,Normal
2026-02-14 14:56:44.197504,Seoul-5d1c,50,89,Normal
2026-02-14 14:56:45.197504,Seoul-5d1c,-15,69,Normal
2026-02-14 14:56:46.197504,Seoul-5d1c,-13,68,Normal
2026-02-14 14:56:47.197504,Seoul-5d1c,-8,29,Normal
2026-02-14 14:56:48.197504,Seoul-5d1c,-27,2,Normal
2026-02-14 14:56:49.197504,Seoul-5d1c,-27,54,Normal
2026-02-14 14:56:50.197504,Seoul-5d1c,9,48,Normal
2026-02-14 14:56:51.197504,Seoul-5d1c,-11,61,Normal
2026-02-14 14:56:52.197504,Seoul-5d1c,0,84,Normal
2026-02-14 14:56:53.197504,Seoul-5d1c,-2,17,Normal
2026-02-14 14:56:54.197504,Seoul-5d1c,-6,47,Normal
2026-02-14 14:56:55.197504,Seoul-5d1c,9,28,Normal
2026-02-14 14:56:56.197504,Seoul-5d1c,50,66,Normal
2026-02-14 14:56:57.197504,Seoul-5d1c,37,11,Normal
2026-02-14 14:56:58.197504,Seoul-5d1c,22,9,Normal
2026-02-14 14:56:59.197504,Seoul-5d1c,48,37,Normal
2026-02-14 14:57:00.197504,Seoul-5d1c,1,90,Normal
2026-02-14 14:57:01.197504,Seoul-5d1c,17,48,Normal
2026-02-14 14:57:02.197504,Seoul-5d1c,16,19,Normal
2026-02-14 14:57:03.197504,Seoul-5d1c,23,1,Normal
2026-02-14 14:57:04.197504,Seoul-5d1c,4,41,Normal
2026-02-14 14:57:05.197504,Seoul-5d1c,19,7,Normal
2026-02-14 14:57:06.197504,Seoul-5d1c,-3,49,Normal
2026-02-14 14:57:07.197504,Seoul-5d1c,-14,39,Normal
2026-02-14 14:57:08.197504,Seoul-5d1c,-19,48,Normal
2026-02-14 14:57:09.197504,Seoul-5d1c,28,99,Normal
2026-02-14 14:57:10.197504,Seoul-5d1c,15,95,Normal
2026-02-14 14:57:11.197504,Seoul-5d1c,29,42,Normal
2026-02-14 14:57:12.197504,Seoul-5d1c,5,45,Normal
2026-02-14 14:57:13.197504,Seoul-5d1c,12,37,Normal
2026-02-14 14:57:14.197504,Seoul-5d1c,-23,1,Normal
2026-02-14 14:57:15.197504,Seoul-5d1c,18,40,Normal
2026-02-14 14:57:16.197504,Seoul-5d1c,32,73,Normal
2026-02-14 14:57:17.197504,Seoul-5d1c,-22,49,Normal
2026-02-14 14:57:18.197504,Seoul-5d1c,-8,71,Normal
2026-02-14 14:57:19.197504,Seoul-5d1c,2,85,Normal
2026-02-14 14:57:20.197504,Seoul-5d1c,32,18,Normal
2026-02-14 14:57:21.197504,Seoul-5d1c,-11,84,Normal
2026-02-14 14:57:22.197504,Seoul-5d1c,27,100,Normal
2026-02-14 14:57:23.197504,Seoul-5d1c,19,25,Normal
2026-02-14 14:57:24.197504,Seoul-5d1c,8,18,Normal
2026-02-14 14:57:25.197504,Seoul-5d1c,11,11,Normal
2026-02-14 14:57:26.197504,Seoul-5d1c,4,55,Normal
2026-02-14 14:57:27.197504,Seoul-5d1c,10,10,Normal
2026-02-14 14:57:28.197504,Seoul-5d1c,15,9,Normal
2026-02-14 14:57:29.197504,Seoul-5d1c,2,32,Normal
2026-02-14 14:57:30.197504,Seoul-5d1c,4,37,Normal
2026-02-14 14:57:31.197504,Seoul-5d1c,-8,7,Normal
2026-02-14 14:57:32.197504,Seoul-5d1c,-19,80,Normal
2026-02-14 14:57:33.197504,Seoul-5d1c,-22,26,Normal
2026-02-14 14:57:34.197504,Seoul-5d1c,5,70,Normal
2026-02-14 14:57:35.197504,Seoul-5d1c,-17,31,Normal
2026-02-14 14:57:36.197504,Seoul-5d1c,-19,7,Normal
2026-02-14 14:57:37.197504,Seoul-5d1c,3,6,Normal
2026-02-14 14:57:38.197504,Seoul-5d1c,4,87,Normal
2026-02-14 14:57:39.197504,Seoul-5d1c,13,53,Normal
2026-02-14 14:57:40.197504,Seoul-5d1c,-12,41,Normal
2026-02-14 14:57:41.197504,Seoul-5d1c,2,74,Normal
2026-02-14 14:57:42.197504,Seoul-5d1c,-26,17,Normal
2026-02-14 14:57:43.197504,Seoul-5d1c,28,59,Normal
2026-02-14 14:57:44.197504,Seoul-5d1c,-12,49,Normal
2026-02-14 14:57:45.197504,Seoul-5d1c,-17,51,Normal
2026-02-14 14:57:46.197504,Seoul-5d1c,14,91,Normal
2026-02-14 14:57:47.197504,Seoul-5d1c,21,39,Normal
2026-02-14 14:57:48.197504,Seoul-5d1c,50,79,Normal
2026-02-14 14:57:49.197504,Seoul-5d1c,28,86,Normal
2026-02-14 14:57:50.197504,Seoul-5d1c,34,24,Normal
2026-02-14 14:57:51.197504,Seoul-5d1c,49,23,Normal
2026-02-14 14:57:52.197504,Seoul-5d1c,-26,54,Normal
2026-02-14 14:57:53.197504,Seoul-5d1c,-17,41,Normal
2026-02-14 14:57:54.197504,Seoul-5d1c,34,18,Normal
2026-02-14 14:57:55.197504,Seoul-5d1c,34,30,Normal
2026-02-14 14:57:56.197504,Seoul-5d1c,-17,76,Normal
2026-02-14 14:57:57.197504,Seoul-5d1c,12,69,Normal
2026-02-14 14:57:58.197504,Seoul-5d1c,-1,86,Normal
2026-02-14 14:57:59.197504,Seoul-5d1c,-19,58,Normal
2026-02-14 14:58:00.197504,Seoul-5d1c,20,18,Normal
2026-02-14 14:58:01.197504,Seoul-5d1c,28,69,Normal
2026-02-14 14:58:02.197504,Seoul-5d1c,7,14,Normal
2026-02-14 14:58:03.197504,Seoul-5d1c,20,9,Normal
2026-02-14 14:58:04.197504,Seoul-5d1c,33,96,Normal
2026-02-14 14:58:05.197504,Seoul-5d1c,39,4,Normal
2026-02-14 14:58:06.197504,Seoul-5d1c,31,83,Normal
2026-02-14 14:58:07.197504,Seoul-5d1c,39,16,Normal
2026-02-14 14:58:08.197504,Seoul-5d1c,22,92,Normal
2026-02-14 14:58:09.197504,Seoul-5d1c,37,88,Normal
2026-02-14 14:58:10.197504,Seoul-5d1c,-28,6,Normal
2026-02-14 14:58:11.197504,Seoul-5d1c,-27,88,Normal
2026-02-14 14:58:12.197504,Seoul-5d1c,45,59,Normal
2026-02-14 14:58:13.197504,Seoul-5d1c,-25,94,Normal
2026-02-14 14:58:14.197504,Seoul-5d1c,-12,34,Normal
2026-02-14 14:58:15.197504,Seoul-5d1c,-15,79,Normal
2026-02-14 14:58:16.197504,Seoul-5d1c,29,25,Normal
2026-02-14 14:58:17.197504,Seoul-5d1c,26,46,Normal
2026-02-14 14:58:18.197504,Seoul-5d1c,-28,31,Normal
2026-02-14 14:58:19.197504,Seoul-5d1c,-15,64,Normal
2026-02-14 14:58:20.197504,Seoul-5d1c,-14,0,Normal
2026-02-14 14:58:21.197504,Seoul-5d1c,2,95,Normal
2026-02-14 14:58:22.197504,Seoul-5d1c,44,38,Normal
2026-02-14 14:58:23.197504,Seoul-5d1c,4,25,Normal
2026-02-14 14:58:24.197504,Seoul-5d1c,48,92,Normal
2026-02-14 14:58:25.197504,Seoul-5d1c,17,21,Normal
2026-02-14 14:58:26.197504,Seoul-5d1c,-30,66,Normal
2026-02-14 14:58:27.197504,Seoul-5d1c,-27,4,Normal
2026-02-14 14:58:28.197504,Seoul-5d1c,8,92,Normal
2026-02-14 14:58:29.197504,Seoul-5d1c,12,43,Normal
2026-02-14 14:58:30.197504,Seoul-5d1c,28,57,Normal
2026-02-14 14:58:31.197504,Seoul-5d1c,35,1,Normal
2026-02-14 14:58:32.197504,Seoul-5d1c,7,49,Normal
2026-02-14 14:58:33.197504,Seoul-5d1c,-20,82,Normal
2026-02-14 14:58:34.197504,Seoul-5d1c,-30,66,Normal
2026-02-14 14:58:35.197504,Seoul-5d1c,50,62,Normal
2026-02-14 14:58:36.197504,Seoul-5d1c,-3,76,Normal
2026-02-14 14:58:37.197504,Seoul-5d1c,-26,98,Normal
2026-02-14 14:58:38.197504,Seoul-5d1c,-2,52,Normal
2026-02-14 14:58:39.197504,Seoul-5d1c,0,1,Normal
2026-02-14 14:58:40.197504,Seoul-5d1c,-21,4,Normal
2026-02-14 14:58:41.197504,Seoul-5d1c,-13,33,Normal
2026-02-14 14:58:42.197504,Seoul-5d1c,-9,93,Normal
2026-02-14 14:58:43.197504,Seoul-5d1c,1,66,Normal
2026-02-14 14:58:44.197504,Seoul-5d1c,-30,68,Normal
2026-02-14 14:58:45.197504,Seoul-5d1c,-29,74,Normal
2026-02-14 14:58:46.197504,Seoul-5d1c,16,91,Normal
2026-02-14 14:58:47.197504,Seoul-5d1c,41,98,Normal
2026-02-14 14:58:48.197504,Seoul-5d1c,-13,3,Normal
2026-02-14 14:58:49.197504,Seoul-5d1c,12,33,Normal
2026-02-14 14:58:50.197504,Seoul-5d1c,-2,29,Normal
2026-02-14 14:58:51.197504,Seoul-5d1c,-3,66,Normal
2026-02-14 14:58:52.197504,Seoul-5d1c,1,43,Normal
2026-02-14 14:58:53.197504,Seoul-5d1c,11,11,Normal
2026-02-14 14:58:54.197504,Seoul-5d1c,22,18,Normal
2026-02-14 14:58:55.197504,Seoul-5d1c,45,31,Normal
2026-02-14 14:58:56.197504,Seoul-5d1c,46,83,Normal
2026-02-14 14:58:57.197504,Seoul-5d1c,14,83,Normal
2026-02-14 14:58:58.197504,Seoul-5d1c,-2,1,Normal
2026-02-14 14:58:59.197504,Seoul-5d1c,47,62,Normal
2026-02-14 14:59:00.197504,Seoul-5d1c,21,15,Normal
2026-02-14 14:59:01.197504,Seoul-5d1c,48,29,Normal
2026-02-14 14:59:02.197504,Seoul-5d1c,-24,32,Normal
2026-02-14 14:59:03.197504,Seoul-5d1c,-1,94,Normal
2026-02-14 14:59:04.197504,Seoul-5d1c,9,69,Normal
2026-02-14 14:59:05.197504,Seoul-5d1c,39,6,Normal
2026-02-14 14:59:06.197504,Seoul-5d1c,6,58,Normal
2026-02-14 14:59:07.197504,Seoul-5d1c,26,6,Normal
2026-02-14 14:59:08.197504,Seoul-5d1c,-1,23,Normal
2026-02-14 14:59:09.197504,Seoul-5d1c,39,59,Normal
2026-02-14 14:59:10.197504,Seoul-5d1c,-7,9,Normal
2026-02-14 14:59:11.197504,Seoul-5d1c,16,25,Normal
2026-02-14 14:59:12.197504,Seoul-5d1c,-24,20,Normal
2026-02-14 14:59:13.197504,Seoul-5d1c,49,33,Normal
2026-02-14 14:59:14.197504,Seoul-5d1c,43,48,Normal
2026-02-14 14:59:15.197504,Seoul-5d1c,7,61,Normal
2026-02-14 14:59:16.197504,Seoul-5d1c,33,5,Normal
2026-02-14 14:59:17.197504,Seoul-5d1c,-15,63,Normal
2026-02-14 14:59:18.197504,Seoul-5d1c,-6,40,Normal
2026-02-14 14:59:19.197504,Seoul-5d1c,-19,70,Normal
2026-02-14 14:59:20.197504,Seoul-5d1c,44,53,Normal
2026-02-14 14:59:21.197504,Seoul-5d1c,14,37,Normal
2026-02-14 14:59:22.197504,Seoul-5d1c,40,76,Normal
2026-02-14 14:59:23.197504,Seoul-5d1c,49,39,Normal
2026-02-14 14:59:24.197504,Seoul-5d1c,14,79,Normal
2026-02-14 14:59:25.197504,Seoul-5d1c,31,10,Normal
2026-02-14 14:59:26.197504,Seoul-5d1c,39,49,Normal
2026-02-14 14:59:27.197504,Seoul-5d1c,39,40,Normal
2026-02-14 14:59:28.197504,Seoul-5d1c,46,0,Normal
2026-02-14 14:59:29.197504,Seoul-5d1c,32,9,Normal
2026-02-14 14:59:30.197504,Seoul-5d1c,-14,100,Normal
2026-02-14 14:59:31.197504,Seoul-5d1c,29,63,Normal
2026-02-14 14:59:32.197504,Seoul-5d1c,18,78,Normal
2026-02-14 14:59:33.197504,Seoul-5d1c,36,85,Normal
2026-02-14 14:59:34.197504,Seoul-5d1c,-27,1,Normal
2026-02-14 14:59:35.197504,Seoul-5d1c,33,50,Normal
2026-02-14 14:59:36.197504,Seoul-5d1c,43,55,Normal
2026-02-14 14:59:37.197504,Seoul-5d1c,18,17,Normal
2026-02-14 14:59:38.197504,Seoul-5d1c,14,3,Normal
2026-02-14 14:59:39.197504,Seoul-5d1c,12,42,Normal
2026-02-14 14:59:40.197504,Seoul-5d1c,-3,35,Normal
2026-02-14 14:59:41.197504,Seoul-5d1c,17,22,Normal
2026-02-14 14:59:42.197504,Seoul-5d1c,2,21,Normal
2026-02-14 14:59:43.197504,Seoul-5d1c,7,94,Normal
2026-02-14 14:59:44.197504,Seoul-5d1c,-18,100,Normal
2026-02-14 14:59:45.197504,Seoul-5d1c,27,13,Normal
2026-02-14 14:59:46.197504,Seoul-5d1c,-21,85,Normal
2026-02-14 14:59:47.197504,Seoul-5d1c,-13,76,Normal
2026-02-14 14:59:48.197504,Seoul-5d1c,-25,41,Normal
2026-02-14 14:59:49.197504,Seoul-5d1c,-21,82,Normal
2026-02-14 14:59:50.197504,Seoul-5d1c,-9,18,Normal
2026-02-14 14:59:51.197504,Seoul-5d1c,-11,1,Normal
2026-02-14 14:59:52.197504,Seoul-5d1c,-22,12,Normal
2026-02-14 14:59:53.197504,Seoul-5d1c,-25,78,Normal
2026-02-14 14:59:54.197504,Seoul-5d1c,-21,64,Normal
2026-02-14 14:59:55.197504,Seoul-5d1c,-9,60,Normal
2026-02-14 14:59:56.197504,Seoul-5d1c,6,7,Normal
2026-02-14 14:59:57.197504,Seoul-5d1c,0,86,Normal
2026-02-14 14:59:58.197504,Seoul-5d1c,-15,58,Normal
2026-02-14 14:59:59.197504,Seoul-5d1c,24,88,Normal
2026-02-14 15:00:00.197504,Seoul-5d1c,-23,47,Normal
2026-02-14 15:00:01.197504,Seoul-5d1c,27,65,Normal
2026-02-14 15:00:02.197504,Seoul-5d1c,19,54,Normal
2026-02-14 15:00:03.197504,Seoul-5d1c,20,65,Normal
2026-02-14 15:00:04.197504,Seoul-5d1c,17,86,Normal
2026-02-14 15:00:05.197504,Seoul-5d1c,37,43,Normal
2026-02-14 15:00:06.197504,Seoul-5d1c,-10,67,Normal
2026-02-14 15:00:07.197504,Seoul-5d1c,9,85,Normal
2026-02-14 15:00:08.197504,Seoul-5d1c,-2,11,Normal
2026-02-14 15:00:09.197504,Seoul-5d1c,15,74,Normal
2026-02-14 15:00:10.197504,Seoul-5d1c,-24,6,Normal
2026-02-14 15:00:11.197504,Seoul-5d1c,27,51,Normal
2026-02-14 15:00:12.197504,Seoul-5d1c,-11,45,Normal
2026-02-14 15:00:13.197504,Seoul-5d1c,23,98,Normal
2026-02-14 15:00:14.197504,Seoul-5d1c,9,31,Normal
2026-02-14 15:00:15.197504,Seoul-5d1c,28,58,Normal
2026-02-14 15:00:16.197504,Seoul-5d1c,-9,70,Normal
2026-02-14 15:00:17.197504,Seoul-5d1c,38,43,Normal
2026-02-14 15:00:18.197504,Seoul-5d1c,-23,98,Normal
2026-02-14 15:00:19.197504,Seoul-5d1c,26,22,Normal
2026-02-14 15:00:20.197504,Seoul-5d1c,40,18,Normal
2026-02-14 15:00:21.197504,Seoul-5d1c,32,63,Normal
2026-02-14 15:00:22.197504,Seoul-5d1c,20,29,Normal
2026-02-14 15:00:23.197504,Seoul-5d1c,21,50,Normal
2026-02-14 15:00:24.197504,Seoul-5d1c,30,89,Normal
2026-02-14 15:00:25.197504,Seoul-5d1c,11,20,Normal
2026-02-14 15:00:26.197504,Seoul-5d1c,-30,58,Normal
2026-02-14 15:00:27.197504,Seoul-5d1c,20,45,Normal
2026-02-14 15:00:28.197504,Seoul-5d1c,7,49,Normal
2026-02-14 15:00:29.197504,Seoul-5d1c,-22,44,Normal
2026-02-14 15:00:30.197504,Seoul-5d1c,31,30,Normal
2026-02-14 15:00:31.197504,Seoul-5d1c,50,63,Normal
2026-02-14 15:00:32.197504,Seoul-5d1c,-29,38,Normal
2026-02-14 15:00:33.197504,Seoul-5d1c,43,63,Normal
2026-02-14 15:00:34.197504,Seoul-5d1c,24,73,Normal
2026-02-14 15:00:35.197504,Seoul-5d1c,-8,96,Normal
2026-02-14 15:00:36.197504,Seoul-5d1c,11,59,Normal
2026-02-14 15:00:37.197504,Seoul-5d1c,17,62,Normal
2026-02-14 15:00:38.197504,Seoul-5d1c,-17,51,Normal
2026-02-14 15:00:39.197504,Seoul-5d1c,14,1,Normal
2026-02-14 15:00:40.197504,Seoul-5d1c,0,84,Normal
2026-02-14 15:00:41.197504,Seoul-5d1c,-29,26,Normal
2026-02-14 15:00:42.197504,Seoul-5d1c,-13,79,Normal
2026-02-14 15:00:43.197504,Seoul-5d1c,2,14,Normal
2026-02-14 15:00:44.197504,Seoul-5d1c,-10,21,Normal
2026-02-14 15:00:45.197504,Seoul-5d1c,13,0,Normal
2026-02-14 15:00:46.197504,Seoul-5d1c,11,100,Normal
2026-02-14 15:00:47.197504,Seoul-5d1c,-24,89,Normal
2026-02-14 15:00:48.197504,Seoul-5d1c,20,60,Normal
2026-02-14 15:00:49.197504,Seoul-5d1c,48,94,Normal
2026-02-14 15:00:50.197504,Seoul-5d1c,-23,33,Normal
2026-02-14 15:00:51.197504,Seoul-5d1c,27,30,Normal
2026-02-14 15:00:52.197504,Seoul-5d1c,-24,73,Normal
2026-02-14 15:00:53.197504,Seoul-5d1c,2,44,Normal
2026-02-14 15:00:54.197504,Seoul-5d1c,-21,45,Normal
2026-02-14 15:00:55.197504,Seoul-5d1c,42,14,Normal
2026-02-14 15:00:56.197504,Seoul-5d1c,46,38,Normal
2026-02-14 15:00:57.197504,Seoul-5d1c,24,56,Normal
2026-02-14 15:00:58.197504,Seoul-5d1c,23,65,Normal
2026-02-14 15:00:59.197504,Seoul-5d1c,11,91,Normal
2026-02-14 15:01:00.197504,Seoul-5d1c,12,74,Normal
2026-02-14 15:01:01.197504,Seoul-5d1c,26,95,Normal
2026-02-14 15:01:02.197504,Seoul-5d1c,-25,76,Normal
2026-02-14 15:01:03.197504,Seoul-5d1c,33,38,Normal
2026-02-14 15:01:04.197504,Seoul-5d1c,23,98,Normal
2026-02-14 15:01:05.197504,Seoul-5d1c,38,5,Normal
2026-02-14 15:01:06.197504,Seoul-5d1c,-14,8,Normal
2026-02-14 15:01:07.197504,Seoul-5d1c,4,64,Normal
2026-02-14 15:01:08.197504,Seoul-5d1c,4,81,Normal
2026-02-14 15:01:09.197504,Seoul-5d1c,11,88,Normal
2026-02-14 15:01:10.197504,Seoul-5d1c,46,40,Normal
2026-02-14 15:01:11.197504,Seoul-5d1c,30,30,Normal
2026-02-14 15:01:12.197504,Seoul-5d1c,-21,29,Normal
2026-02-14 15:01:13.197504,Seoul-5d1c,-5,81,Normal
2026-02-14 15:01:14.197504,Seoul-5d1c,-13,7,Normal
2026-02-14 15:01:15.197504,Seoul-5d1c,8,61,Normal
2026-02-14 15:01:16.197504,Seoul-5d1c,31,23,Normal
2026-02-14 15:01:17.197504,Seoul-5d1c,-3,99,Normal
2026-02-14 15:01:18.197504,Seoul-5d1c,9,53,Normal
2026-02-14 15:01:19.197504,Seoul-5d1c,24,89,Normal
2026-02-14 15:01:20.197504,Seoul-5d1c,9,29,Normal
2026-02-14 15:01:21.197504,Seoul-5d1c,27,34,Normal
2026-02-14 15:01:22.197504,Seoul-5d1c,-6,53,Normal
2026-02-14 15:01:23.197504,Seoul-5d1c,-4,7,Normal
2026-02-14 15:01:24.197504,Seoul-5d1c,0,89,Normal
2026-02-14 15:01:25.197504,Seoul-5d1c,50,59,Normal
2026-02-14 15:01:26.197504,Seoul-5d1c,12,63,Normal
2026-02-14 15:01:27.197504,Seoul-5d1c,47,4,Normal
2026-02-14 15:01:28.197504,Seoul-5d1c,-15,38,Normal
2026-02-14 15:01:29.197504,Seoul-5d1c,6,73,Normal
2026-02-14 15:01:30.197504,Seoul-5d1c,-20,1,Normal
2026-02-14 15:01:31.197504,Seoul-5d1c,43,73,Normal
2026-02-14 15:01:32.197504,Seoul-5d1c,45,25,Normal
2026-02-14 15:01:33.197504,Seoul-5d1c,28,17,Normal
2026-02-14 15:01:34.197504,Seoul-5d1c,22,27,Normal
2026-02-14 15:01:35.197504,Seoul-5d1c,9,94,Normal
2026-02-14 15:01:36.197504,Seoul-5d1c,39,79,Normal
2026-02-14 15:01:37.197504,Seoul-5d1c,48,35,Normal
2026-02-14 15:01:38.197504,Seoul-5d1c,27,22,Normal
2026-02-14 15:01:39.197504,Seoul-5d1c,-6,33,Normal
2026-02-14 15:01:40.197504,Seoul-5d1c,41,99,Normal
2026-02-14 15:01:41.197504,Seoul-5d1c,10,5,Normal
2026-02-14 15:01:42.197504,Seoul-5d1c,2,32,Normal
2026-02-14 15:01:43.197504,Seoul-5d1c,43,53,Normal
2026-02-14 15:01:44.197504,Seoul-5d1c,17,26,Normal
2026-02-14 15:01:45.197504,Seoul-5d1c,-5,99,Normal
2026-02-14 15:01:46.197504,Seoul-5d1c,12,40,Normal
2026-02-14 15:01:47.197504,Seoul-5d1c,4,9,Normal
2026-02-14 15:01:48.197504,Seoul-5d1c,50,100,Normal
2026-02-14 15:01:49.197504,Seoul-5d1c,-15,90,Normal
2026-02-14 15:01:50.197504,Seoul-5d1c,34,27,Normal
2026-02-14 15:01:51.197504,Seoul-5d1c,35,76,Normal
2026-02-14 15:01:52.197504,Seoul-5d1c,-28,64,Normal
2026-02-14 15:01:53.197504,Seoul-5d1c,-9,14,Normal
2026-02-14 15:01:54.197504,Seoul-5d1c,-22,43,Normal
2026-02-14 15:01:55.197504,Seoul-5d1c,49,59,Normal
2026-02-14 15:01:56.197504,Seoul-5d1c,-3,31,Normal
2026-02-14 15:01:57.197504,Seoul-5d1c,-22,32,Normal
2026-02-14 15:01:58.197504,Seoul-5d1c,13,44,Normal
2026-02-14 15:01:59.197504,Seoul-5d1c,12,66,Normal
2026-02-14 15:02:00.197504,Seoul-5d1c,5,64,Normal
2026-02-14 15:02:01.197504,Seoul-5d1c,10,85,Normal
2026-02-14 15:02:02.197504,Seoul-5d1c,28,0,Normal
2026-02-14 15:02:03.197504,Seoul-5d1c,-3,57,Normal
2026-02-14 15:02:04.197504,Seoul-5d1c,49,99,Normal
2026-02-14 15:02:05.197504,Seoul-5d1c,16,30,Normal
2026-02-14 15:02:06.197504,Seoul-5d1c,-23,33,Normal
2026-02-14 15:02:07.197504,Seoul-5d1c,44,23,Normal
2026-02-14 15:02:08.197504,Seoul-5d1c,-22,67,Normal
2026-02-14 15:02:09.197504,Seoul-5d1c,39,82,Normal
2026-02-14 15:02:10.197504,Seoul-5d1c,-19,26,Normal
2026-02-14 15:02:11.197504,Seoul-5d1c,-28,78,Normal
2026-02-14 15:02:12.197504,Seoul-5d1c,15,33,Normal
2026-02-14 15:02:13.197504,Seoul-5d1c,-11,50,Normal
2026-02-14 15:02:14.197504,Seoul-5d1c,42,100,Normal
2026-02-14 15:02:15.197504,Seoul-5d1c,-9,6,Normal
2026-02-14 15:02:16.197504,Seoul-5d1c,26,8,Normal
2026-02-14 15:02:17.197504,Seoul-5d1c,44,78,Normal
2026-02-14 15:02:18.197504,Seoul-5d1c,-16,93,Normal
2026-02-14 15:02:19.197504,Seoul-5d1c,-12,94,Normal
2026-02-14 15:02:20.197504,Seoul-5d1c,-3,86,Normal
2026-02-14 15:02:21.197504,Seoul-5d1c,-12,49,Normal
2026-02-14 15:02:22.197504,Seoul-5d1c,-28,74,Normal
2026-02-14 15:02:23.197504,Seoul-5d1c,47,44,Normal
2026-02-14 15:02:24.197504,Seoul-5d1c,-12,20,Normal
2026-02-14 15:02:25.197504,Seoul-5d1c,4,66,Normal
2026-02-14 15:02:26.197504,Seoul-5d1c,38,21,Normal
2026-02-14 15:02:27.197504,Seoul-5d1c,-24,92,Normal
2026-02-14 15:02:28.197504,Seoul-5d1c,-28,48,Normal
2026-02-14 15:02:29.197504,Seoul-5d1c,14,20,Normal
2026-02-14 15:02:30.197504,Seoul-5d1c,-19,33,Normal
2026-02-14 15:02:31.197504,Seoul-5d1c,45,5,Normal
2026-02-14 15:02:32.197504,Seoul-5d1c,3,100,Normal
2026-02-14 15:02:33.197504,Seoul-5d1c,1,44,Normal
2026-02-14 15:02:34.197504,Seoul-5d1c,35,77,Normal
2026-02-14 15:02:35.197504,Seoul-5d1c,37,80,Normal
2026-02-14 15:02:36.197504,Seoul-5d1c,38,47,Normal
2026-02-14 15:02:37.197504,Seoul-5d1c,0,78,Normal
2026-02-14 15:02:38.197504,Seoul-5d1c,29,81,Normal
2026-02-14 15:02:39.197504,Seoul-5d1c,34,66,Normal
2026-02-14 15:02:40.197504,Seoul-5d1c,-20,94,Normal
2026-02-14 15:02:41.197504,Seoul-5d1c,-8,19,Normal
2026-02-14 15:02:42.197504,Seoul-5d1c,49,52,Normal
2026-02-14 15:02:43.197504,Seoul-5d1c,-21,20,Normal
2026-02-14 15:02:44.197504,Seoul-5d1c,-7,76,Normal
2026-02-14 15:02:45.197504,Seoul-5d1c,3,0,Normal
2026-02-14 15:02:46.197504,Seoul-5d1c,-16,90,Normal
2026-02-14 15:02:47.197504,Seoul-5d1c,46,59,Normal
2026-02-14 15:02:48.197504,Seoul-5d1c,1,52,Normal
2026-02-14 15:02:49.197504,Seoul-5d1c,-6,7,Normal
2026-02-14 15:02:50.197504,Seoul-5d1c,-24,0,Normal
2026-02-14 15:02:51.197504,Seoul-5d1c,-17,30,Normal
2026-02-14 15:02:52.197504,Seoul-5d1c,5,62,Normal
2026-02-14 15:02:53.197504,Seoul-5d1c,28,55,Normal
2026-02-14 15:02:54.197504,Seoul-5d1c,-25,14,Normal
2026-02-14 15:02:55.197504,Seoul-5d1c,28,46,Normal
2026-02-14 15:02:56.197504,Seoul-5d1c,45,70,Normal
2026-02-14 15:02:57.197504,Seoul-5d1c,44,35,Normal
2026-02-14 15:02:58.197504,Seoul-5d1c,12,82,Normal
2026-02-14 15:02:59.197504,Seoul-5d1c,19,44,Normal
2026-02-14 15:03:00.197504,Seoul-5d1c,11,87,Normal
2026-02-14 15:03:01.197504,Seoul-5d1c,9,48,Normal
2026-02-14 15:03:02.197504,Seoul-5d1c,21,28,Normal
2026-02-14 15:03:03.197504,Seoul-5d1c,3,4,Normal
2026-02-14 15:03:04.197504,Seoul-5d1c,42,98,Normal
2026-02-14 15:03:05.197504,Seoul-5d1c,-25,33,Normal
2026-02-14 15:03:06.197504,Seoul-5d1c,-18,85,Normal
2026-02-14 15:03:07.197504,Seoul-5d1c,2,10,Normal
2026-02-14 15:03:08.197504,Seoul-5d1c,48,74,Normal
2026-02-14 15:03:09.197504,Seoul-5d1c,-13,68,Normal
2026-02-14 15:03:10.197504,Seoul-5d1c,-7,18,Normal
2026-02-14 15:03:11.197504,Seoul-5d1c,35,11,Normal
2026-02-14 15:03:12.197504,Seoul-5d1c,44,71,Normal
2026-02-14 15:03:13.197504,Seoul-5d1c,25,52,Normal
2026-02-14 15:03:14.197504,Seoul-5d1c,3,45,Normal
2026-02-14 15:03:15.197504,Seoul-5d1c,-28,82,Normal
2026-02-14 15:03:16.197504,Seoul-5d1c,19,30,Normal
2026-02-14 15:03:17.197504,Seoul-5d1c,32,89,Normal
2026-02-14 15:03:18.197504,Seoul-5d1c,40,58,Normal
2026-02-14 15:03:19.197504,Seoul-5d1c,28,45,Normal
2026-02-14 15:03:20.197504,Seoul-5d1c,-14,46,Normal
2026-02-14 15:03:21.197504,Seoul-5d1c,22,38,Normal
2026-02-14 15:03:22.197504,Seoul-5d1c,-25,100,Normal
2026-02-14 15:03:23.197504,Seoul-5d1c,0,31,Normal
2026-02-14 15:03:24.197504,Seoul-5d1c,15,44,Normal
2026-02-14 15:03:25.197504,Seoul-5d1c,-29,5,Normal
2026-02-14 15:03:26.197504,Seoul-5d1c,48,15,Normal
2026-02-14 15:03:27.197504,Seoul-5d1c,-28,85,Normal
2026-02-14 15:03:28.197504,Seoul-5d1c,-23,8,Normal
2026-02-14 15:03:29.197504,Seoul-5d1c,27,2,Normal
2026-02-14 15:03:30.197504,Seoul-5d1c,-5,33,Normal
2026-02-14 15:03:31.197504,Seoul-5d1c,46,64,Normal
2026-02-14 15:03:32.197504,Seoul-5d1c,-23,71,Normal
2026-02-14 15:03:33.197504,Seoul-5d1c,-7,96,Normal
2026-02-14 15:03:34.197504,Seoul-5d1c,-2,5,Normal
2026-02-14 15:03:35.197504,Seoul-5d1c,30,54,Normal
2026-02-14 15:03:36.197504,Seoul-5d1c,-30,87,Normal
2026-02-14 15:03:37.197504,Seoul-5d1c,-23,19,Normal
2026-02-14 15:03:38.197504,Seoul-5d1c,20,89,Normal
2026-02-14 15:03:39.197504,Seoul-5d1c,31,29,Normal
2026-02-14 15:03:40.197504,Seoul-5d1c,42,64,Normal
2026-02-14 15:03:41.197504,Seoul-5d1c,15,36,Normal
2026-02-14 15:03:42.197504,Seoul-5d1c,6,56,Normal
2026-02-14 15:03:43.197504,Seoul-5d1c,-3,35,Normal
2026-02-14 15:03:44.197504,Seoul-5d1c,49,48,Normal
2026-02-14 15:03:45.197504,Seoul-5d1c,-29,53,Normal
2026-02-14 15:03:46.197504,Seoul-5d1c,21,61,Normal
2026-02-14 15:03:47.197504,Seoul-5d1c,-6,5,Normal
2026-02-14 15:03:48.197504,Seoul-5d1c,32,11,Normal
2026-02-14 15:03:49.197504,Seoul-5d1c,-19,1,Normal
2026-02-14 15:03:50.197504,Seoul-5d1c,-9,41,Normal
2026-02-14 15:03:51.197504,Seoul-5d1c,-13,24,Normal
2026-02-14 15:03:52.197504,Seoul-5d1c,42,59,Normal
2026-02-14 15:03:53.197504,Seoul-5d1c,-8,56,Normal
2026-02-14 15:03:54.197504,Seoul-5d1c,-30,14,Normal
2026-02-14 15:03:55.197504,Seoul-5d1c,4,59,Normal
2026-02-14 15:03:56.197504,Seoul-5d1c,27,19,Normal
2026-02-14 15:03:57.197504,Seoul-5d1c,43,97,Normal
2026-02-14 15:03:58.197504,Seoul-5d1c,6,32,Normal
2026-02-14 15:03:59.197504,Seoul-5d1c,0,90,Normal
2026-02-14 15:04:00.197504,Seoul-5d1c,36,43,Normal
2026-02-14 15:04:01.197504,Seoul-5d1c,-20,44,Normal
2026-02-14 15:04:02.197504,Seoul-5d1c,46,70,Normal
2026-02-14 15:04:03.197504,Seoul-5d1c,-25,16,Normal
2026-02-14 15:04:04.197504,Seoul-5d1c,-14,37,Normal
2026-02-14 15:04:05.197504,Seoul-5d1c,31,60,Normal
2026-02-14 15:04:06.197504,Seoul-5d1c,48,33,Normal
2026-02-14 15:04:07.197504,Seoul-5d1c,-30,54,Normal
2026-02-14 15:04:08.197504,Seoul-5d1c,28,58,Normal
2026-02-14 15:04:09.197504,Seoul-5d1c,-3,73,Normal
2026-02-14 15:04:10.197504,Seoul-5d1c,-19,82,Normal
2026-02-14 15:04:11.197504,Seoul-5d1c,15,40,Normal
2026-02-14 15:04:12.197504,Seoul-5d1c,7,41,Normal
2026-02-14 15:04:13.197504,Seoul-5d1c,44,84,Normal
2026-02-14 15:04:14.197504,Seoul-5d1c,44,9,Normal
2026-02-14 15:04:15.197504,Seoul-5d1c,10,19,Normal
2026-02-14 15:04:16.197504,Seoul-5d1c,37,93,Normal
2026-02-14 15:04:17.197504,Seoul-5d1c,30,60,Normal
2026-02-14 15:04:18.197504,Seoul-5d1c,47,79,Normal
2026-02-14 15:04:19.197504,Seoul-5d1c,13,38,Normal
2026-02-14 15:04:20.197504,Seoul-5d1c,-8,7,Normal
2026-02-14 15:04:21.197504,Seoul-5d1c,-13,33,Normal
2026-02-14 15:04:22.197504,Seoul-5d1c,-11,3,Normal
2026-02-14 15:04:23.197504,Seoul-5d1c,-8,2,Normal
2026-02-14 15:04:24.197504,Seoul-5d1c,0,2,Normal
2026-02-14 15:04:25.197504,Seoul-5d1c,-26,88,Normal
2026-02-14 15:04:26.197504,Seoul-5d1c,41,20,Normal
2026-02-14 15:04:27.197504,Seoul-5d1c,14,64,Normal
2026-02-14 15:04:28.197504,Seoul-5d1c,14,43,Normal
2026-02-14 15:04:29.197504,Seoul-5d1c,10,15,Normal
2026-02-14 15:04:30.197504,Seoul-5d1c,13,71,Normal
2026-02-14 15:04:31.197504,Seoul-5d1c,13,34,Normal
2026-02-14 15:04:32.197504,Seoul-5d1c,-25,99,Normal
2026-02-14 15:04:33.197504,Seoul-5d1c,-18,8,Normal
2026-02-14 15:04:34.197504,Seoul-5d1c,7,84,Normal
2026-02-14 15:04:35.197504,Seoul-5d1c,22,80,Normal
2026-02-14 15:04:36.197504,Seoul-5d1c,5,63,Normal
2026-02-14 15:04:37.197504,Seoul-5d1c,22,77,Normal
2026-02-14 15:04:38.197504,Seoul-5d1c,36,5,Normal
2026-02-14 15:04:39.197504,Seoul-5d1c,29,38,Normal
2026-02-14 15:04:40.197504,Seoul-5d1c,35,90,Normal
2026-02-14 15:04:41.197504,Seoul-5d1c,43,9,Normal
2026-02-14 15:04:42.197504,Seoul-5d1c,36,59,Normal
2026-02-14 15:04:43.197504,Seoul-5d1c,-25,10,Normal
2026-02-14 15:04:44.197504,Seoul-5d1c,-6,56,Normal
2026-02-14 15:04:45.197504,Seoul-5d1c,12,49,Normal
2026-02-14 15:04:46.197504,Seoul-5d1c,50,12,Normal
2026-02-14 15:04:47.197504,Seoul-5d1c,-12,69,Normal
2026-02-14 15:04:48.197504,Seoul-5d1c,-10,88,Normal
2026-02-14 15:04:49.197504,Seoul-5d1c,8,1,Normal
2026-02-14 15:04:50.197504,Seoul-5d1c,1,72,Normal
2026-02-14 15:04:51.197504,Seoul-5d1c,-29,64,Normal
2026-02-14 15:04:52.197504,Seoul-5d1c,-1,3,Normal
2026-02-14 15:04:53.197504,Seoul-5d1c,39,86,Normal
2026-02-14 15:04:54.197504,Seoul-5d1c,16,89,Normal
2026-02-14 15:04:55.197504,Seoul-5d1c,49,16,Normal
2026-02-14 15:04:56.197504,Seoul-5d1c,15,68,Normal
2026-02-14 15:04:57.197504,Seoul-5d1c,45,58,Normal
2026-02-14 15:04:58.197504,Seoul-5d1c,41,73,Normal
2026-02-14 15:04:59.197504,Seoul-5d1c,-5,48,Normal
2026-02-14 15:05:00.197504,Seoul-5d1c,-8,43,Normal
2026-02-14 15:05:01.197504,Seoul-5d1c,-9,83,Normal
2026-02-14 15:05:02.197504,Seoul-5d1c,45,21,Normal
2026-02-14 15:05:03.197504,Seoul-5d1c,14,14,Normal
2026-02-14 15:05:04.197504,Seoul-5d1c,8,33,Normal
2026-02-14 15:05:05.197504,Seoul-5d1c,-13,85,Normal
2026-02-14 15:05:06.197504,Seoul-5d1c,-9,67,Normal
2026-02-14 15:05:07.197504,Seoul-5d1c,8,99,Normal
2026-02-14 15:05:08.197504,Seoul-5d1c,25,60,Normal
2026-02-14 15:05:09.197504,Seoul-5d1c,22,50,Normal
2026-02-14 15:05:10.197504,Seoul-5d1c,-6,1,Normal
2026-02-14 15:05:11.197504,Seoul-5d1c,11,22,Normal
2026-02-14 15:05:12.197504,Seoul-5d1c,20,82,Normal
2026-02-14 15:05:13.197504,Seoul-5d1c,1,90,Normal
2026-02-14 15:05:14.197504,Seoul-5d1c,-1,32,Normal
2026-02-14 15:05:15.197504,Seoul-5d1c,-14,11,Normal
2026-02-14 15:05:16.197504,Seoul-5d1c,32,74,Normal
2026-02-14 15:05:17.197504,Seoul-5d1c,19,17,Normal
2026-02-14 15:05:18.197504,Seoul-5d1c,20,44,Normal
2026-02-14 15:05:19.197504,Seoul-5d1c,35,60,Normal
2026-02-14 15:05:20.197504,Seoul-5d1c,19,77,Normal
2026-02-14 15:05:21.197504,Seoul-5d1c,15,13,Normal
2026-02-14 15:05:22.197504,Seoul-5d1c,18,0,Normal
2026-02-14 15:05:23.197504,Seoul-5d1c,-19,60,Normal
2026-02-14 15:05:24.197504,Seoul-5d1c,-18,56,Normal
2026-02-14 15:05:25.197504,Seoul-5d1c,44,31,Normal
2026-02-14 15:05:26.197504,Seoul-5d1c,-8,42,Normal
2026-02-14 15:05:27.197504,Seoul-5d1c,30,36,Normal
2026-02-14 15:05:28.197504,Seoul-5d1c,27,37,Normal
2026-02-14 15:05:29.197504,Seoul-5d1c,27,28,Normal
2026-02-14 15:05:30.197504,Seoul-5d1c,9,78,Normal
2026-02-14 15:05:31.197504,Seoul-5d1c,-7,28,Normal
2026-02-14 15:05:32.197504,Seoul-5d1c,-10,48,Normal
2026-02-14 15:05:33.197504,Seoul-5d1c,-16,26,Normal
2026-02-14 15:05:34.197504,Seoul-5d1c,30,4,Normal
2026-02-14 15:05:35.197504,Seoul-5d1c,-6,23,Normal
2026-02-14 15:05:36.197504,Seoul-5d1c,-7,14,Normal
2026-02-14 15:05:37.197504,Seoul-5d1c,23,21,Normal
2026-02-14 15:05:38.197504,Seoul-5d1c,18,24,Normal
2026-02-14 15:05:39.197504,Seoul-5d1c,-10,14,Normal
2026-02-14 15:05:40.197504,Seoul-5d1c,23,23,Normal
2026-02-14 15:05:41.197504,Seoul-5d1c,16,71,Normal
2026-02-14 15:05:42.197504,Seoul-5d1c,-21,12,Normal
2026-02-14 15:05:43.197504,Seoul-5d1c,19,36,Normal
2026-02-14 15:05:44.197504,Seoul-5d1c,-17,87,Normal
2026-02-14 15:05:45.197504,Seoul-5d1c,47,3,Normal
2026-02-14 15:05:46.197504,Seoul-5d1c,-20,51,Normal
2026-02-14 15:05:47.197504,Seoul-5d1c,1,63,Normal
2026-02-14 15:05:48.197504,Seoul-5d1c,-24,22,Normal
2026-02-14 15:05:49.197504,Seoul-5d1c,33,11,Normal
2026-02-14 15:05:50.197504,Seoul-5d1c,11,100,Normal
2026-02-14 15:05:51.197504,Seoul-5d1c,-14,84,Normal
2026-02-14 15:05:52.197504,Seoul-5d1c,-27,6,Normal
2026-02-14 15:05:53.197504,Seoul-5d1c,6,98,Normal
2026-02-14 15:05:54.197504,Seoul-5d1c,-9,67,Normal
2026-02-14 15:05:55.197504,Seoul-5d1c,21,89,Normal
2026-02-14 15:05:56.197504,Seoul-5d1c,-14,31,Normal
2026-02-14 15:05:57.197504,Seoul-5d1c,44,2,Normal
2026-02-14 15:05:58.197504,Seoul-5d1c,12,95,Normal
2026-02-14 15:05:59.197504,Seoul-5d1c,-13,24,Normal
2026-02-14 15:06:00.197504,Seoul-5d1c,21,18,Normal
2026-02-14 15:06:01.197504,Seoul-5d1c,5,89,Normal
2026-02-14 15:06:02.197504,Seoul-5d1c,35,25,Normal
2026-02-14 15:06:03.197504,Seoul-5d1c,16,42,Normal
2026-02-14 15:06:04.197504,Seoul-5d1c,13,30,Normal
2026-02-14 15:06:05.197504,Seoul-5d1c,43,98,Normal
2026-02-14 15:06:06.197504,Seoul-5d1c,-10,95,Normal
2026-02-14 15:06:07.197504,Seoul-5d1c,18,33,Normal
2026-02-14 15:06:08.197504,Seoul-5d1c,6,86,Normal
2026-02-14 15:06:09.197504,Seoul-5d1c,32,14,Normal
2026-02-14 15:06:10.197504,Seoul-5d1c,10,99,Normal
2026-02-14 15:06:11.197504,Seoul-5d1c,-7,64,Normal
2026-02-14 15:06:12.197504,Seoul-5d1c,-7,54,Normal
2026-02-14 15:06:13.197504,Seoul-5d1c,-18,21,Normal
2026-02-14 15:06:14.197504,Seoul-5d1c,24,35,Normal
2026-02-14 15:06:15.197504,Seoul-5d1c,34,82,Normal
2026-02-14 15:06:16.197504,Seoul-5d1c,-14,73,Normal
2026-02-14 15:06:17.197504,Seoul-5d1c,-8,51,Normal
2026-02-14 15:06:18.197504,Seoul-5d1c,-11,46,Normal
2026-02-14 15:06:19.197504,Seoul-5d1c,10,89,Normal
2026-02-14 15:06:20.197504,Seoul-5d1c,-18,81,Normal
2026-02-14 15:06:21.197504,Seoul-5d1c,2,16,Normal
2026-02-14 15:06:22.197504,Seoul-5d1c,-17,54,Normal
2026-02-14 15:06:23.197504,Seoul-5d1c,-16,17,Normal
2026-02-14 15:06:24.197504,Seoul-5d1c,23,41,Normal
2026-02-14 15:06:25.197504,Seoul-5d1c,-23,21,Normal
2026-02-14 15:06:26.197504,Seoul-5d1c,40,19,Normal
2026-02-14 15:06:27.197504,Seoul-5d1c,9,25,Normal
2026-02-14 15:06:28.197504,Seoul-5d1c,-19,7,Normal
2026-02-14 15:06:29.197504,Seoul-5d1c,-21,52,Normal
2026-02-14 15:06:30.197504,Seoul-5d1c,-4,88,Normal
2026-02-14 15:06:31.197504,Seoul-5d1c,10,16,Normal
2026-02-14 15:06:32.197504,Seoul-5d1c,-19,29,Normal
2026-02-14 15:06:33.197504,Seoul-5d1c,-12,24,Normal
2026-02-14 15:06:34.197504,Seoul-5d1c,-12,67,Normal
2026-02-14 15:06:35.197504,Seoul-5d1c,0,4,Normal
2026-02-14 15:06:36.197504,Seoul-5d1c,5,0,Normal
2026-02-14 15:06:37.197504,Seoul-5d1c,10,3,Normal
2026-02-14 15:06:38.197504,Seoul-5d1c,30,16,Normal
2026-02-14 15:06:39.197504,Seoul-5d1c,-18,54,Normal
2026-02-14 15:06:40.197504,Seoul-5d1c,12,39,Normal
2026-02-14 15:06:41.197504,Seoul-5d1c,9,82,Normal
2026-02-14 15:06:42.197504,Seoul-5d1c,-30,91,Normal
2026-02-14 15:06:43.197504,Seoul-5d1c,-22,27,Normal
2026-02-14 15:06:44.197504,Seoul-5d1c,12,11,Normal
2026-02-14 15:06:45.197504,Seoul-5d1c,-18,24,Normal
2026-02-14 15:06:46.197504,Seoul-5d1c,38,62,Normal
2026-02-14 15:06:47.197504,Seoul-5d1c,-9,45,Normal
2026-02-14 15:06:48.197504,Seoul-5d1c,4,65,Normal
2026-02-14 15:06:49.197504,Seoul-5d1c,23,57,Normal
2026-02-14 15:06:50.197504,Seoul-5d1c,22,55,Normal
2026-02-14 15:06:51.197504,Seoul-5d1c,-10,88,Normal
2026-02-14 15:06:52.197504,Seoul-5d1c,44,58,Normal
2026-02-14 15:06:53.197504,Seoul-5d1c,28,22,Normal
2026-02-14 15:06:54.197504,Seoul-5d1c,10,62,Normal
2026-02-14 15:06:55.197504,Seoul-5d1c,-3,81,Normal
2026-02-14 15:06:56.197504,Seoul-5d1c,-3,61,Normal
2026-02-14 15:06:57.197504,Seoul-5d1c,43,33,Normal
2026-02-14 15:06:58.197504,Seoul-5d1c,-17,49,Normal
2026-02-14 15:06:59.197504,Seoul-5d1c,28,60,Normal
2026-02-14 15:07:00.197504,Seoul-5d1c,48,68,Normal
2026-02-14 15:07:01.197504,Seoul-5d1c,-16,97,Normal
2026-02-14 15:07:02.197504,Seoul-5d1c,49,88,Normal
2026-02-14 15:07:03.197504,Seoul-5d1c,22,8,Normal
2026-02-14 15:07:04.197504,Seoul-5d1c,-10,88,Normal
2026-02-14 15:07:05.197504,Seoul-5d1c,-4,48,Normal
2026-02-14 15:07:06.197504,Seoul-5d1c,-26,42,Normal
2026-02-14 15:07:07.197504,Seoul-5d1c,-9,22,Normal
2026-02-14 15:07:08.197504,Seoul-5d1c,46,7,Normal
2026-02-14 15:07:09.197504,Seoul-5d1c,-9,47,Normal
2026-02-14 15:07:10.197504,Seoul-5d1c,17,31,Normal
2026-02-14 15:07:11.197504,Seoul-5d1c,-17,17,Normal
2026-02-14 15:07:12.197504,Seoul-5d1c,41,64,Normal
2026-02-14 15:07:13.197504,Seoul-5d1c,13,46,Normal
2026-02-14 15:07:14.197504,Seoul-5d1c,-1,7,Normal
2026-02-14 15:07:15.197504,Seoul-5d1c,0,19,Normal
2026-02-14 15:07:16.197504,Seoul-5d1c,-26,67,Normal
2026-02-14 15:07:17.197504,Seoul-5d1c,36,38,Normal
2026-02-14 15:07:18.197504,Seoul-5d1c,-1,36,Normal
2026-02-14 15:07:19.197504,Seoul-5d1c,-15,44,Normal
2026-02-14 15:07:20.197504,Seoul-5d1c,49,100,Normal
2026-02-14 15:07:21.197504,Seoul-5d1c,-19,1,Normal
2026-02-14 15:07:22.197504,Seoul-5d1c,-19,62,Normal
2026-02-14 15:07:23.197504,Seoul-5d1c,15,27,Normal
2026-02-14 15:07:24.197504,Seoul-5d1c,35,31,Normal
2026-02-14 15:07:25.197504,Seoul-5d1c,49,100,Normal
2026-02-14 15:07:26.197504,Seoul-5d1c,15,59,Normal
2026-02-14 15:07:27.197504,Seoul-5d1c,23,29,Normal
2026-02-14 15:07:28.197504,Seoul-5d1c,35,35,Normal
2026-02-14 15:07:29.197504,Seoul-5d1c,-14,3,Normal
2026-02-14 15:07:30.197504,Seoul-5d1c,26,62,Normal
2026-02-14 15:07:31.197504,Seoul-5d1c,-14,62,Normal
2026-02-14 15:07:32.197504,Seoul-5d1c,-16,36,Normal
2026-02-14 15:07:33.197504,Seoul-5d1c,-7,0,Normal
2026-02-14 15:07:34.197504,Seoul-5d1c,-28,54,Normal
2026-02-14 15:07:35.197504,Seoul-5d1c,-29,77,Normal
2026-02-14 15:07:36.197504,Seoul-5d1c,1,69,Normal
2026-02-14 15:07:37.197504,Seoul-5d1c,-8,16,Normal
2026-02-14 15:07:38.197504,Seoul-5d1c,-16,48,Normal
2026-02-14 15:07:39.197504,Seoul-5d1c,12,32,Normal
2026-02-14 15:07:40.197504,Seoul-5d1c,26,89,Normal
2026-02-14 15:07:41.197504,Seoul-5d1c,30,10,Normal
2026-02-14 15:07:42.197504,Seoul-5d1c,26,39,Normal
2026-02-14 15:07:43.197504,Seoul-5d1c,-25,18,Normal
2026-02-14 15:07:44.197504,Seoul-5d1c,-23,57,Normal
2026-02-14 15:07:45.197504,Seoul-5d1c,17,97,Normal
2026-02-14 15:07:46.197504,Seoul-5d1c,-23,85,Normal
2026-02-14 15:07:47.197504,Seoul-5d1c,22,65,Normal
2026-02-14 15:07:48.197504,Seoul-5d1c,-4,24,Normal
2026-02-14 15:07:49.197504,Seoul-5d1c,-26,94,Normal
2026-02-14 15:07:50.197504,Seoul-5d1c,-5,49,Normal
2026-02-14 15:07:51.197504,Seoul-5d1c,50,80,Normal
2026-02-14 15:07:52.197504,Seoul-5d1c,-18,55,Normal
2026-02-14 15:07:53.197504,Seoul-5d1c,-6,72,Normal
2026-02-14 15:07:54.197504,Seoul-5d1c,43,87,Normal
2026-02-14 15:07:55.197504,Seoul-5d1c,2,33,Normal
2026-02-14 15:07:56.197504,Seoul-5d1c,-26,2,Normal
2026-02-14 15:07:57.197504,Seoul-5d1c,23,77,Normal
2026-02-14 15:07:58.197504,Seoul-5d1c,-16,71,Normal
2026-02-14 15:07:59.197504,Seoul-5d1c,27,84,Normal
2026-02-14 15:08:00.197504,Seoul-5d1c,-8,33,Normal
2026-02-14 15:08:01.197504,Seoul-5d1c,9,11,Normal
2026-02-14 15:08:02.197504,Seoul-5d1c,45,40,Normal
2026-02-14 15:08:03.197504,Seoul-5d1c,-14,49,Normal
2026-02-14 15:08:04.197504,Seoul-5d1c,8,57,Normal
2026-02-14 15:08:05.197504,Seoul-5d1c,-29,57,Normal
2026-02-14 15:08:06.197504,Seoul-5d1c,-1,12,Normal
2026-02-14 15:08:07.197504,Seoul-5d1c,-16,89,Normal
2026-02-14 15:08:08.197504,Seoul-5d1c,22,3,Normal
2026-02-14 15:08:09.197504,Seoul-5d1c,-3,92,Normal
2026-02-14 15:08:10.197504,Seoul-5d1c,36,66,Normal
2026-02-14 15:08:11.197504,Seoul-5d1c,-2,91,Normal
2026-02-14 15:08:12.197504,Seoul-5d1c,-18,30,Normal
2026-02-14 15:08:13.197504,Seoul-5d1c,-21,62,Normal
2026-02-14 15:08:14.197504,Seoul-5d1c,0,49,Normal
2026-02-14 15:08:15.197504,Seoul-5d1c,-30,47,Normal
2026-02-14 15:08:16.197504,Seoul-5d1c,-23,90,Normal
2026-02-14 15:08:17.197504,Seoul-5d1c,34,10,Normal
2026-02-14 15:08:18.197504,Seoul-5d1c,14,21,Normal
2026-02-14 15:08:19.197504,Seoul-5d1c,40,76,Normal
2026-02-14 15:08:20.197504,Seoul-5d1c,-29,50,Normal
2026-02-14 15:08:21.197504,Seoul-5d1c,10,14,Normal
2026-02-14 15:08:22.197504,Seoul-5d1c,18,66,Normal
2026-02-14 15:08:23.197504,Seoul-5d1c,-6,60,Normal
2026-02-14 15:08:24.197504,Seoul-5d1c,-20,51,Normal
2026-02-14 15:08:25.197504,Seoul-5d1c,20,55,Normal
2026-02-14 15:08:26.197504,Seoul-5d1c,49,16,Normal
2026-02-14 15:08:27.197504,Seoul-5d1c,33,70,Normal
2026-02-14 15:08:28.197504,Seoul-5d1c,29,30,Normal
2026-02-14 15:08:29.197504,Seoul-5d1c,-30,19,Normal
2026-02-14 15:08:30.197504,Seoul-5d1c,8,96,Normal
2026-02-14 15:08:31.197504,Seoul-5d1c,38,96,Normal
2026-02-14 15:08:32.197504,Seoul-5d1c,40,39,Normal
2026-02-14 15:08:33.197504,Seoul-5d1c,-7,10,Normal
2026-02-14 15:08:34.197504,Seoul-5d1c,12,89,Normal
2026-02-14 15:08:35.197504,Seoul-5d1c,5,10,Normal
2026-02-14 15:08:36.197504,Seoul-5d1c,27,34,Normal
2026-02-14 15:08:37.197504,Seoul-5d1c,7,46,Normal
2026-02-14 15:08:38.197504,Seoul-5d1c,-22,83,Normal
2026-02-14 15:08:39.197504,Seoul-5d1c,50,97,Normal
2026-02-14 15:08:40.197504,Seoul-5d1c,-29,85,Normal
2026-02-14 15:08:41.197504,Seoul-5d1c,13,28,Normal
2026-02-14 15:08:42.197504,Seoul-5d1c,13,13,Normal
2026-02-14 15:08:43.197504,Seoul-5d1c,-14,87,Normal
2026-02-14 15:08:44.197504,Seoul-5d1c,37,56,Normal
2026-02-14 15:08:45.197504,Seoul-5d1c,29,83,Normal
2026-02-14 15:08:46.197504,Seoul-5d1c,-20,72,Normal
2026-02-14 15:08:47.197504,Seoul-5d1c,49,39,Normal
2026-02-14 15:08:48.197504,Seoul-5d1c,35,51,Normal
2026-02-14 15:08:49.197504,Seoul-5d1c,25,46,Normal
2026-02-14 15:08:50.197504,Seoul-5d1c,-2,46,Normal
2026-02-14 15:08:51.197504,Seoul-5d1c,20,58,Normal
2026-02-14 15:08:52.197504,Seoul-5d1c,-13,24,Normal
2026-02-14 15:08:53.197504,Seoul-5d1c,18,73,Normal
2026-02-14 15:08:54.197504,Seoul-5d1c,14,10,Normal
2026-02-14 15:08:55.197504,Seoul-5d1c,4,30,Normal
2026-02-14 15:08:56.197504,Seoul-5d1c,22,50,Normal
2026-02-14 15:08:57.197504,Seoul-5d1c,33,90,Normal
2026-02-14 15:08:58.197504,Seoul-5d1c,-11,71,Normal
2026-02-14 15:08:59.197504,Seoul-5d1c,22,51,Normal
2026-02-14 15:09:00.197504,Seoul-5d1c,30,31,Normal
2026-02-14 15:09:01.197504,Seoul-5d1c,-14,23,Normal
2026-02-14 15:09:02.197504,Seoul-5d1c,-4,42,Normal
2026-02-14 15:09:03.197504,Seoul-5d1c,50,52,Normal
2026-02-14 15:09:04.197504,Seoul-5d1c,7,73,Normal
2026-02-14 15:09:05.197504,Seoul-5d1c,14,19,Normal
2026-02-14 15:09:06.197504,Seoul-5d1c,6,91,Normal
2026-02-14 15:09:07.197504,Seoul-5d1c,-4,38,Normal
2026-02-14 15:09:08.197504,Seoul-5d1c,-1,62,Normal
2026-02-14 15:09:09.197504,Seoul-5d1c,43,48,Normal
2026-02-14 15:09:10.197504,Seoul-5d1c,1,52,Normal
2026-02-14 15:09:11.197504,Seoul-5d1c,7,68,Normal
2026-02-14 15:09:12.197504,Seoul-5d1c,50,99,Normal
2026-02-14 15:09:13.197504,Seoul-5d1c,12,78,Normal
2026-02-14 15:09:14.197504,Seoul-5d1c,-22,43,Normal
2026-02-14 15:09:15.197504,Seoul-5d1c,44,18,Normal
2026-02-14 15:09:16.197504,Seoul-5d1c,33,11,Normal
2026-02-14 15:09:17.197504,Seoul-5d1c,0,63,Normal
2026-02-14 15:09:18.197504,Seoul-5d1c,-24,75,Normal
2026-02-14 15:09:19.197504,Seoul-5d1c,38,100,Normal
2026-02-14 15:09:20.197504,Seoul-5d1c,32,12,Normal
2026-02-14 15:09:21.197504,Seoul-5d1c,27,38,Normal
2026-02-14 15:09:22.197504,Seoul-5d1c,45,51,Normal
2026-02-14 15:09:23.197504,Seoul-5d1c,-1,49,Normal
2026-02-14 15:09:24.197504,Seoul-5d1c,32,73,Normal
2026-02-14 15:09:25.197504,Seoul-5d1c,49,52,Normal
2026-02-14 15:09:26.197504,Seoul-5d1c,40,68,Normal
2026-02-14 15:09:27.197504,Seoul-5d1c,-30,19,Normal
2026-02-14 15:09:28.197504,Seoul-5d1c,45,67,Normal
2026-02-14 15:09:29.197504,Seoul-5d1c,-4,72,Normal
2026-02-14 15:09:30.197504,Seoul-5d1c,21,72,Normal
2026-02-14 15:09:31.197504,Seoul-5d1c,38,84,Normal
2026-02-14 15:09:32.197504,Seoul-5d1c,-23,69,Normal
2026-02-14 15:09:33.197504,Seoul-5d1c,-21,3,Normal
2026-02-14 15:09:34.197504,Seoul-5d1c,31,90,Normal
2026-02-14 15:09:35.197504,Seoul-5d1c,45,46,Normal
2026-02-14 15:09:36.197504,Seoul-5d1c,48,44,Normal
2026-02-14 15:09:37.197504,Seoul-5d1c,20,64,Normal
2026-02-14 15:09:38.197504,Seoul-5d1c,24,40,Normal
2026-02-14 15:09:39.197504,Seoul-5d1c,-30,80,Normal
2026-02-14 15:09:40.197504,Seoul-5d1c,26,33,Normal
2026-02-14 15:09:41.197504,Seoul-5d1c,48,14,Normal
2026-02-14 15:09:42.197504,Seoul-5d1c,49,33,Normal
2026-02-14 15:09:43.197504,Seoul-5d1c,34,87,Normal
2026-02-14 15:09:44.197504,Seoul-5d1c,-20,37,Normal
2026-02-14 15:09:45.197504,Seoul-5d1c,-27,50,Normal
2026-02-14 15:09:46.197504,Seoul-5d1c,48,82,Normal
2026-02-14 15:09:47.197504,Seoul-5d1c,36,9,Normal
2026-02-14 15:09:48.197504,Seoul-5d1c,14,96,Normal
2026-02-14 15:09:49.197504,Seoul-5d1c,11,93,Normal
2026-02-14 15:09:50.197504,Seoul-5d1c,17,39,Normal
2026-02-14 15:09:51.197504,Seoul-5d1c,-18,31,Normal
2026-02-14 15:09:52.197504,Seoul-5d1c,18,59,Normal
2026-02-14 15:09:53.197504,Seoul-5d1c,-22,28,Normal
2026-02-14 15:09:54.197504,Seoul-5d1c,34,98,Normal
2026-02-14 15:09:55.197504,Seoul-5d1c,-8,79,Normal
2026-02-14 15:09:56.197504,Seoul-5d1c,31,84,Normal
2026-02-14 15:09:57.197504,Seoul-5d1c,21,56,Normal
2026-02-14 15:09:58.197504,Seoul-5d1c,-17,90,Normal
2026-02-14 15:09:59.197504,Seoul-5d1c,39,1,Normal
2026-02-14 15:10:00.197504,Seoul-5d1c,13,88,Normal
2026-02-14 15:10:01.197504,Seoul-5d1c,-9,55,Normal
2026-02-14 15:10:02.197504,Seoul-5d1c,25,16,Normal
2026-02-14 15:10:03.197504,Seoul-5d1c,50,34,Normal
2026-02-14 15:10:04.197504,Seoul-5d1c,20,57,Normal
2026-02-14 15:10:05.197504,Seoul-5d1c,16,58,Normal
2026-02-14 15:10:06.197504,Seoul-5d1c,0,27,Normal
2026-02-14 15:10:07.197504,Seoul-5d1c,11,83,Normal
2026-02-14 15:10:08.197504,Seoul-5d1c,5,95,Normal
2026-02-14 15:10:09.197504,Seoul-5d1c,-17,81,Normal
2026-02-14 15:10:10.197504,Seoul-5d1c,14,82,Normal
2026-02-14 15:10:11.197504,Seoul-5d1c,7,70,Normal
2026-02-14 15:10:12.197504,Seoul-5d1c,6,68,Normal
2026-02-14 15:10:13.197504,Seoul-5d1c,41,17,Normal
2026-02-14 15:10:14.197504,Seoul-5d1c,-27,14,Normal
2026-02-14 15:10:15.197504,Seoul-5d1c,37,81,Normal
2026-02-14 15:10:16.197504,Seoul-5d1c,26,73,Normal
2026-02-14 15:10:17.197504,Seoul-5d1c,-14,9,Normal
2026-02-14 15:10:18.197504,Seoul-5d1c,27,24,Normal
2026-02-14 15:10:19.197504,Seoul-5d1c,5,74,Normal
2026-02-14 15:10:20.197504,Seoul-5d1c,-26,52,Normal
2026-02-14 15:10:21.197504,Seoul-5d1c,-6,4,Normal
2026-02-14 15:10:22.197504,Seoul-5d1c,16,73,Normal
2026-02-14 15:10:23.197504,Seoul-5d1c,25,45,Normal
2026-02-14 15:10:24.197504,Seoul-5d1c,39,56,Normal
2026-02-14 15:10:25.197504,Seoul-5d1c,32,83,Normal
2026-02-14 15:10:26.197504,Seoul-5d1c,23,42,Normal
2026-02-14 15:10:27.197504,Seoul-5d1c,50,25,Normal
2026-02-14 15:10:28.197504,Seoul-5d1c,16,38,Normal
2026-02-14 15:10:29.197504,Seoul-5d1c,-18,98,Normal
2026-02-14 15:10:30.197504,Seoul-5d1c,31,57,Normal
2026-02-14 15:10:31.197504,Seoul-5d1c,-29,48,Normal
2026-02-14 15:10:32.197504,Seoul-5d1c,-16,64,Normal
2026-02-14 15:10:33.197504,Seoul-5d1c,24,64,Normal
2026-02-14 15:10:34.197504,Seoul-5d1c,14,2,Normal
2026-02-14 15:10:35.197504,Seoul-5d1c,49,68,Normal
2026-02-14 15:10:36.197504,Seoul-5d1c,7,6,Normal
2026-02-14 15:10:37.197504,Seoul-5d1c,-20,78,Normal
2026-02-14 15:10:38.197504,Seoul-5d1c,-6,76,Normal
2026-02-14 15:10:39.197504,Seoul-5d1c,-25,94,Normal
2026-02-14 15:10:40.197504,Seoul-5d1c,47,64,Normal
2026-02-14 15:10:41.197504,Seoul-5d1c,-1,26,Normal
2026-02-14 15:10:42.197504,Seoul-5d1c,15,92,Normal
2026-02-14 15:10:43.197504,Seoul-5d1c,-11,13,Normal
2026-02-14 15:10:44.197504,Seoul-5d1c,25,48,Normal
2026-02-14 15:10:45.197504,Seoul-5d1c,40,6,Normal
2026-02-14 15:10:46.197504,Seoul-5d1c,0,31,Normal
2026-02-14 15:10:47.197504,Seoul-5d1c,39,7,Normal
2026-02-14 15:10:48.197504,Seoul-5d1c,-3,49,Normal
2026-02-14 15:10:49.197504,Seoul-5d1c,29,28,Normal
2026-02-14 15:10:50.197504,Seoul-5d1c,-14,73,Normal
2026-02-14 15:10:51.197504,Seoul-5d1c,48,42,Normal
2026-02-14 15:10:52.197504,Seoul-5d1c,-23,81,Normal
2026-02-14 15:10:53.197504,Seoul-5d1c,12,97,Normal
2026-02-14 15:10:54.197504,Seoul-5d1c,13,89,Normal
2026-02-14 15:10:55.197504,Seoul-5d1c,-4,55,Normal
2026-02-14 15:10:56.197504,Seoul-5d1c,26,11,Normal
2026-02-14 15:10:57.197504,Seoul-5d1c,38,51,Normal
2026-02-14 15:10:58.197504,Seoul-5d1c,13,17,Normal
2026-02-14 15:10:59.197504,Seoul-5d1c,16,13,Normal
2026-02-14 15:11:00.197504,Seoul-5d1c,5,37,Normal
2026-02-14 15:11:01.197504,Seoul-5d1c,48,47,Normal
2026-02-14 15:11:02.197504,Seoul-5d1c,13,44,Normal
2026-02-14 15:11:03.197504,Seoul-5d1c,36,65,Normal
2026-02-14 15:11:04.197504,Seoul-5d1c,11,13,Normal
2026-02-14 15:11:05.197504,Seoul-5d1c,-24,77,Normal
2026-02-14 15:11:06.197504,Seoul-5d1c,35,54,Normal
2026-02-14 15:11:07.197504,Seoul-5d1c,39,39,Normal
2026-02-14 15:11:08.197504,Seoul-5d1c,-4,6,Normal
2026-02-14 15:11:09.197504,Seoul-5d1c,-28,13,Normal
2026-02-14 15:11:10.197504,Seoul-5d1c,-1,56,Normal
2026-02-14 15:11:11.197504,Seoul-5d1c,-6,89,Normal
2026-02-14 15:11:12.197504,Seoul-5d1c,2,64,Normal
2026-02-14 15:11:13.197504,Seoul-5d1c,44,65,Normal
2026-02-14 15:11:14.197504,Seoul-5d1c,-28,55,Normal
2026-02-14 15:11:15.197504,Seoul-5d1c,46,58,Normal
2026-02-14 15:11:16.197504,Seoul-5d1c,-26,6,Normal
2026-02-14 15:11:17.197504,Seoul-5d1c,47,87,Normal
2026-02-14 15:11:18.197504,Seoul-5d1c,47,3,Normal
2026-02-14 15:11:19.197504,Seoul-5d1c,-14,86,Normal
2026-02-14 15:11:20.197504,Seoul-5d1c,31,38,Normal
2026-02-14 15:11:21.197504,Seoul-5d1c,-29,35,Normal
2026-02-14 15:11:22.197504,Seoul-5d1c,34,56,Normal
2026-02-14 15:11:23.197504,Seoul-5d1c,3,15,Normal
2026-02-14 15:11:24.197504,Seoul-5d1c,20,74,Normal
2026-02-14 15:11:25.197504,Seoul-5d1c,6,81,Normal
2026-02-14 15:11:26.197504,Seoul-5d1c,35,8,Normal
2026-02-14 15:11:27.197504,Seoul-5d1c,30,68,Normal
2026-02-14 15:11:28.197504,Seoul-5d1c,48,85,Normal
2026-02-14 15:11:29.197504,Seoul-5d1c,-6,11,Normal
2026-02-14 15:11:30.197504,Seoul-5d1c,-24,62,Normal
2026-02-14 15:11:31.197504,Seoul-5d1c,35,44,Normal
2026-02-14 15:11:32.197504,Seoul-5d1c,-3,89,Normal
2026-02-14 15:11:33.197504,Seoul-5d1c,-25,51,Normal
2026-02-14 15:11:34.197504,Seoul-5d1c,-12,84,Normal
2026-02-14 15:11:35.197504,Seoul-5d1c,14,25,Normal
2026-02-14 15:11:36.197504,Seoul-5d1c,11,8,Normal
2026-02-14 15:11:37.197504,Seoul-5d1c,-17,98,Normal
2026-02-14 15:11:38.197504,Seoul-5d1c,33,56,Normal
2026-02-14 15:11:39.197504,Seoul-5d1c,6,19,Normal
2026-02-14 15:11:40.197504,Seoul-5d1c,18,53,Normal
2026-02-14 15:11:41.197504,Seoul-5d1c,19,82,Normal
2026-02-14 15:11:42.197504,Seoul-5d1c,-22,96,Normal
2026-02-14 15:11:43.197504,Seoul-5d1c,27,32,Normal
2026-02-14 15:11:44.197504,Seoul-5d1c,39,10,Normal
2026-02-14 15:11:45.197504,Seoul-5d1c,-3,35,Normal
2026-02-14 15:11:46.197504,Seoul-5d1c,13,28,Normal
2026-02-14 15:11:47.197504,Seoul-5d1c,32,49,Normal
2026-02-14 15:11:48.197504,Seoul-5d1c,-15,35,Normal
2026-02-14 15:11:49.197504,Seoul-5d1c,34,29,Normal
2026-02-14 15:11:50.197504,Seoul-5d1c,-3,5,Normal
2026-02-14 15:11:51.197504,Seoul-5d1c,-29,35,Normal
2026-02-14 15:11:52.197504,Seoul-5d1c,10,57,Normal
2026-02-14 15:11:53.197504,Seoul-5d1c,10,16,Normal
2026-02-14 15:11:54.197504,Seoul-5d1c,50,80,Normal
2026-02-14 15:11:55.197504,Seoul-5d1c,-12,66,Normal
2026-02-14 15:11:56.197504,Seoul-5d1c,-19,70,Normal
2026-02-14 15:11:57.197504,Seoul-5d1c,-16,85,Normal
2026-02-14 15:11:58.197504,Seoul-5d1c,30,30,Normal
2026-02-14 15:11:59.197504,Seoul-5d1c,-1,9,Normal
2026-02-14 15:12:00.197504,Seoul-5d1c,-30,52,Normal
2026-02-14 15:12:01.197504,Seoul-5d1c,39,39,Normal
2026-02-14 15:12:02.197504,Seoul-5d1c,47,60,Normal
2026-02-14 15:12:03.197504,Seoul-5d1c,19,8,Normal
2026-02-14 15:12:04.197504,Seoul-5d1c,35,59,Normal
2026-02-14 15:12:05.197504,Seoul-5d1c,44,94,Normal
2026-02-14 15:12:06.197504,Seoul-5d1c,42,56,Normal
2026-02-14 15:12:07.197504,Seoul-5d1c,-24,34,Normal
2026-02-14 15:12:08.197504,Seoul-5d1c,-24,76,Normal
2026-02-14 15:12:09.197504,Seoul-5d1c,-13,37,Normal
2026-02-14 15:12:10.197504,Seoul-5d1c,-28,16,Normal
2026-02-14 15:12:11.197504,Seoul-5d1c,-27,87,Normal
2026-02-14 15:12:12.197504,Seoul-5d1c,14,1,Normal
2026-02-14 15:12:13.197504,Seoul-5d1c,34,29,Normal
2026-02-14 15:12:14.197504,Seoul-5d1c,7,6,Normal
2026-02-14 15:12:15.197504,Seoul-5d1c,-22,23,Normal
2026-02-14 15:12:16.197504,Seoul-5d1c,33,74,Normal
2026-02-14 15:12:17.197504,Seoul-5d1c,24,32,Normal
2026-02-14 15:12:18.197504,Seoul-5d1c,16,79,Normal
2026-02-14 15:12:19.197504,Seoul-5d1c,-16,98,Normal
2026-02-14 15:12:20.197504,Seoul-5d1c,48,16,Normal
2026-02-14 15:12:21.197504,Seoul-5d1c,43,18,Normal
2026-02-14 15:12:22.197504,Seoul-5d1c,19,32,Normal
2026-02-14 15:12:23.197504,Seoul-5d1c,37,86,Normal
2026-02-14 15:12:24.197504,Seoul-5d1c,21,73,Normal
2026-02-14 15:12:25.197504,Seoul-5d1c,12,7,Normal
2026-02-14 15:12:26.197504,Seoul-5d1c,29,26,Normal
2026-02-14 15:12:27.197504,Seoul-5d1c,10,39,Normal
2026-02-14 15:12:28.197504,Seoul-5d1c,10,43,Normal
2026-02-14 15:12:29.197504,Seoul-5d1c,20,25,Normal
2026-02-14 15:12:30.197504,Seoul-5d1c,6,65,Normal
2026-02-14 15:12:31.197504,Seoul-5d1c,23,26,Normal
2026-02-14 15:12:32.197504,Seoul-5d1c,14,88,Normal
2026-02-14 15:12:33.197504,Seoul-5d1c,-23,28,Normal
2026-02-14 15:12:34.197504,Seoul-5d1c,40,65,Normal
2026-02-14 15:12:35.197504,Seoul-5d1c,-6,17,Normal
2026-02-14 15:12:36.197504,Seoul-5d1c,-5,94,Normal
2026-02-14 15:12:37.197504,Seoul-5d1c,10,8,Normal
2026-02-14 15:12:38.197504,Seoul-5d1c,-27,96,Normal
2026-02-14 15:12:39.197504,Seoul-5d1c,-29,12,Normal
2026-02-14 15:12:40.197504,Seoul-5d1c,-5,87,Normal
2026-02-14 15:12:41.197504,Seoul-5d1c,-22,11,Normal
2026-02-14 15:12:42.197504,Seoul-5d1c,27,0,Normal
2026-02-14 15:12:43.197504,Seoul-5d1c,19,98,Normal
2026-02-14 15:12:44.197504,Seoul-5d1c,-7,100,Normal
2026-02-14 15:12:45.197504,Seoul-5d1c,0,45,Normal
2026-02-14 15:12:46.197504,Seoul-5d1c,46,71,Normal
2026-02-14 15:12:47.197504,Seoul-5d1c,-6,19,Normal
2026-02-14 15:12:48.197504,Seoul-5d1c,41,14,Normal
2026-02-14 15:12:49.197504,Seoul-5d1c,-16,76,Normal
2026-02-14 15:12:50.197504,Seoul-5d1c,-16,26,Normal
2026-02-14 15:12:51.197504,Seoul-5d1c,38,86,Normal
2026-02-14 15:12:52.197504,Seoul-5d1c,-14,99,Normal
2026-02-14 15:12:53.197504,Seoul-5d1c,20,68,Normal
2026-02-14 15:12:54.197504,Seoul-5d1c,-17,6,Normal
2026-02-14 15:12:55.197504,Seoul-5d1c,-9,54,Normal
2026-02-14 15:12:56.197504,Seoul-5d1c,-15,48,Normal
2026-02-14 15:12:57.197504,Seoul-5d1c,-7,91,Normal
2026-02-14 15:12:58.197504,Seoul-5d1c,18,69,Normal
2026-02-14 15:12:59.197504,Seoul-5d1c,-17,9,Normal
2026-02-14 15:13:00.197504,Seoul-5d1c,28,74,Normal
2026-02-14 15:13:01.197504,Seoul-5d1c,-8,0,Normal
2026-02-14 15:13:02.197504,Seoul-5d1c,-25,88,Normal
2026-02-14 15:13:03.197504,Seoul-5d1c,26,23,Normal
2026-02-14 15:13:04.197504,Seoul-5d1c,27,2,Normal
2026-02-14 15:13:05.197504,Seoul-5d1c,21,50,Normal
2026-02-14 15:13:06.197504,Seoul-5d1c,19,78,Normal
2026-02-14 15:13:07.197504,Seoul-5d1c,9,5,Normal
2026-02-14 15:13:08.197504,Seoul-5d1c,-15,35,Normal
2026-02-14 15:13:09.197504,Seoul-5d1c,-30,28,Normal
2026-02-14 15:13:10.197504,Seoul-5d1c,36,16,Normal
2026-02-14 15:13:11.197504,Seoul-5d1c,25,68,Normal
2026-02-14 15:13:12.197504,Seoul-5d1c,25,28,Normal
2026-02-14 15:13:13.197504,Seoul-5d1c,-1,58,Normal
2026-02-14 15:13:14.197504,Seoul-5d1c,44,75,Normal
2026-02-14 15:13:15.197504,Seoul-5d1c,19,100,Normal
2026-02-14 15:13:16.197504,Seoul-5d1c,37,3,Normal
2026-02-14 15:13:17.197504,Seoul-5d1c,15,18,Normal
2026-02-14 15:13:18.197504,Seoul-5d1c,50,16,Normal
2026-02-14 15:13:19.197504,Seoul-5d1c,9,92,Normal
2026-02-14 15:13:20.197504,Seoul-5d1c,-20,51,Normal
2026-02-14 15:13:21.197504,Seoul-5d1c,1,34,Normal
2026-02-14 15:13:22.197504,Seoul-5d1c,29,95,Normal
2026-02-14 15:13:23.197504,Seoul-5d1c,-5,89,Normal
2026-02-14 15:13:24.197504,Seoul-5d1c,-10,52,Normal
2026-02-14 15:13:25.197504,Seoul-5d1c,31,17,Normal
2026-02-14 15:13:26.197504,Seoul-5d1c,-4,1,Normal
2026-02-14 15:13:27.197504,Seoul-5d1c,42,27,Normal
2026-02-14 15:13:28.197504,Seoul-5d1c,12,28,Normal
2026-02-14 15:13:29.197504,Seoul-5d1c,5,93,Normal
2026-02-14 15:13:30.197504,Seoul-5d1c,45,51,Normal
2026-02-14 15:13:31.197504,Seoul-5d1c,0,17,Normal
2026-02-14 15:13:32.197504,Seoul-5d1c,38,79,Normal
2026-02-14 15:13:33.197504,Seoul-5d1c,7,84,Normal
2026-02-14 15:13:34.197504,Seoul-5d1c,0,48,Normal
2026-02-14 15:13:35.197504,Seoul-5d1c,-8,41,Normal
2026-02-14 15:13:36.197504,Seoul-5d1c,30,61,Normal
2026-02-14 15:13:37.197504,Seoul-5d1c,14,25,Normal
2026-02-14 15:13:38.197504,Seoul-5d1c,-1,18,Normal
2026-02-14 15:13:39.197504,Seoul-5d1c,49,92,Normal
2026-02-14 15:13:40.197504,Seoul-5d1c,-2,10,Normal
2026-02-14 15:13:41.197504,Seoul-5d1c,-18,10,Normal
2026-02-14 15:13:42.197504,Seoul-5d1c,-3,77,Normal
2026-02-14 15:13:43.197504,Seoul-5d1c,-7,90,Normal
2026-02-14 15:13:44.197504,Seoul-5d1c,-6,88,Normal
2026-02-14 15:13:45.197504,Seoul-5d1c,44,73,Normal
2026-02-14 15:13:46.197504,Seoul-5d1c,50,10,Normal
2026-02-14 15:13:47.197504,Seoul-5d1c,-26,86,Normal
2026-02-14 15:13:48.197504,Seoul-5d1c,-3,46,Normal
2026-02-14 15:13:49.197504,Seoul-5d1c,5,25,Normal
2026-02-14 15:13:50.197504,Seoul-5d1c,-21,76,Normal
2026-02-14 15:13:51.197504,Seoul-5d1c,38,44,Normal
2026-02-14 15:13:52.197504,Seoul-5d1c,11,15,Normal
2026-02-14 15:13:53.197504,Seoul-5d1c,-1,92,Normal
2026-02-14 15:13:54.197504,Seoul-5d1c,14,67,Normal
2026-02-14 15:13:55.197504,Seoul-5d1c,37,99,Normal
2026-02-14 15:13:56.197504,Seoul-5d1c,37,8,Normal
2026-02-14 15:13:57.197504,Seoul-5d1c,31,48,Normal
2026-02-14 15:13:58.197504,Seoul-5d1c,43,29,Normal
2026-02-14 15:13:59.197504,Seoul-5d1c,29,1,Normal
2026-02-14 15:14:00.197504,Seoul-5d1c,-21,100,Normal
2026-02-14 15:14:01.197504,Seoul-5d1c,-29,56,Normal
2026-02-14 15:14:02.197504,Seoul-5d1c,15,6,Normal
2026-02-14 15:14:03.197504,Seoul-5d1c,-22,45,Normal
2026-02-14 15:14:04.197504,Seoul-5d1c,33,41,Normal
2026-02-14 15:14:05.197504,Seoul-5d1c,17,51,Normal
2026-02-14 15:14:06.197504,Seoul-5d1c,13,39,Normal
2026-02-14 15:14:07.197504,Seoul-5d1c,-1,91,Normal
2026-02-14 15:14:08.197504,Seoul-5d1c,14,16,Normal
2026-02-14 15:14:09.197504,Seoul-5d1c,25,73,Normal
2026-02-14 15:14:10.197504,Seoul-5d1c,-24,37,Normal
2026-02-14 15:14:11.197504,Seoul-5d1c,43,73,Normal
2026-02-14 15:14:12.197504,Seoul-5d1c,11,92,Normal
2026-02-14 15:14:13.197504,Seoul-5d1c,31,28,Normal
2026-02-14 15:14:14.197504,Seoul-5d1c,21,83,Normal
2026-02-14 15:14:15.197504,Seoul-5d1c,48,80,Normal
2026-02-14 15:14:16.197504,Seoul-5d1c,-20,57,Normal
2026-02-14 15:14:17.197504,Seoul-5d1c,-23,88,Normal
2026-02-14 15:14:18.197504,Seoul-5d1c,19,98,Normal
2026-02-14 15:14:19.197504,Seoul-5d1c,50,65,Normal
2026-02-14 15:14:20.197504,Seoul-5d1c,-18,73,Normal
2026-02-14 15:14:21.197504,Seoul-5d1c,49,52,Normal
2026-02-14 15:14:22.197504,Seoul-5d1c,-17,0,Normal
2026-02-14 15:14:23.197504,Seoul-5d1c,5,61,Normal
2026-02-14 15:14:24.197504,Seoul-5d1c,-16,79,Normal
2026-02-14 15:14:25.197504,Seoul-5d1c,50,44,Normal
2026-02-14 15:14:26.197504,Seoul-5d1c,-21,13,Normal
2026-02-14 15:14:27.197504,Seoul-5d1c,34,86,Normal
2026-02-14 15:14:28.197504,Seoul-5d1c,23,5,Normal
2026-02-14 15:14:29.197504,Seoul-5d1c,6,13,Normal
2026-02-14 15:14:30.197504,Seoul-5d1c,5,34,Normal
2026-02-14 15:14:31.197504,Seoul-5d1c,13,97,Normal
2026-02-14 15:14:32.197504,Seoul-5d1c,3,25,Normal
2026-02-14 15:14:33.197504,Seoul-5d1c,-24,94,Normal
2026-02-14 15:14:34.197504,Seoul-5d1c,3,13,Normal
2026-02-14 15:14:35.197504,Seoul-5d1c,13,47,Normal
2026-02-14 15:14:36.197504,Seoul-5d1c,9,62,Normal
2026-02-14 15:14:37.197504,Seoul-5d1c,-6,16,Normal
2026-02-14 15:14:38.197504,Seoul-5d1c,31,49,Normal
2026-02-14 15:14:39.197504,Seoul-5d1c,-12,69,Normal
2026-02-14 15:14:40.197504,Seoul-5d1c,1,74,Normal
2026-02-14 15:14:41.197504,Seoul-5d1c,2,86,Normal
2026-02-14 15:14:42.197504,Seoul-5d1c,-17,85,Normal
2026-02-14 15:14:43.197504,Seoul-5d1c,13,35,Normal
2026-02-14 15:14:44.197504,Seoul-5d1c,25,63,Normal
2026-02-14 15:14:45.197504,Seoul-5d1c,-2,48,Normal
2026-02-14 15:14:46.197504,Seoul-5d1c,47,51,Normal
2026-02-14 15:14:47.197504,Seoul-5d1c,38,91,Normal
2026-02-14 15:14:48.197504,Seoul-5d1c,43,37,Normal
2026-02-14 15:14:49.197504,Seoul-5d1c,35,85,Normal
2026-02-14 15:14:50.197504,Seoul-5d1c,-26,25,Normal
2026-02-14 15:14:51.197504,Seoul-5d1c,44,3,Normal
2026-02-14 15:14:52.197504,Seoul-5d1c,8,88,Normal
2026-02-14 15:14:53.197504,Seoul-5d1c,-8,4,Normal
2026-02-14 15:14:54.197504,Seoul-5d1c,33,17,Normal
2026-02-14 15:14:55.197504,Seoul-5d1c,6,23,Normal
2026-02-14 15:14:56.197504,Seoul-5d1c,37,1,Normal
2026-02-14 15:14:57.197504,Seoul-5d1c,-21,60,Normal
2026-02-14 15:14:58.197504,Seoul-5d1c,31,86,Normal
2026-02-14 15:14:59.197504,Seoul-5d1c,30,3,Normal
2026-02-14 15:15:00.197504,Seoul-5d1c,21,4,Normal
2026-02-14 15:15:01.197504,Seoul-5d1c,22,76,Normal
2026-02-14 15:15:02.197504,Seoul-5d1c,17,4,Normal
2026-02-14 15:15:03.197504,Seoul-5d1c,34,99,Normal
2026-02-14 15:15:04.197504,Seoul-5d1c,23,68,Normal
2026-02-14 15:15:05.197504,Seoul-5d1c,-13,22,Normal
2026-02-14 15:15:06.197504,Seoul-5d1c,-15,61,Normal
2026-02-14 15:15:07.197504,Seoul-5d1c,-10,85,Normal
2026-02-14 15:15:08.197504,Seoul-5d1c,16,88,Normal
2026-02-14 15:15:09.197504,Seoul-5d1c,-15,33,Normal
2026-02-14 15:15:10.197504,Seoul-5d1c,-10,47,Normal
2026-02-14 15:15:11.197504,Seoul-5d1c,18,18,Normal
2026-02-14 15:15:12.197504,Seoul-5d1c,-27,70,Normal
2026-02-14 15:15:13.197504,Seoul-5d1c,-18,56,Normal
2026-02-14 15:15:14.197504,Seoul-5d1c,-5,22,Normal
2026-02-14 15:15:15.197504,Seoul-5d1c,25,98,Normal
2026-02-14 15:15:16.197504,Seoul-5d1c,-23,32,Normal
2026-02-14 15:15:17.197504,Seoul-5d1c,-12,91,Normal
2026-02-14 15:15:18.197504,Seoul-5d1c,-1,52,Normal
2026-02-14 15:15:19.197504,Seoul-5d1c,-6,86,Normal
2026-02-14 15:15:20.197504,Seoul-5d1c,-15,0,Normal
2026-02-14 15:15:21.197504,Seoul-5d1c,-8,45,Normal
2026-02-14 15:15:22.197504,Seoul-5d1c,3,19,Normal
2026-02-14 15:15:23.197504,Seoul-5d1c,23,94,Normal
2026-02-14 15:15:24.197504,Seoul-5d1c,41,74,Normal
2026-02-14 15:15:25.197504,Seoul-5d1c,-28,63,Normal
2026-02-14 15:15:26.197504,Seoul-5d1c,20,64,Normal
2026-02-14 15:15:27.197504,Seoul-5d1c,0,15,Normal
2026-02-14 15:15:28.197504,Seoul-5d1c,18,26,Normal
2026-02-14 15:15:29.197504,Seoul-5d1c,-26,61,Normal
2026-02-14 15:15:30.197504,Seoul-5d1c,-19,88,Normal
2026-02-14 15:15:31.197504,Seoul-5d1c,-23,79,Normal
2026-02-14 15:15:32.197504,Seoul-5d1c,36,74,Normal
2026-02-14 15:15:33.197504,Seoul-5d1c,-10,9,Normal
2026-02-14 15:15:34.197504,Seoul-5d1c,35,31,Normal
2026-02-14 15:15:35.197504,Seoul-5d1c,5,85,Normal
2026-02-14 15:15:36.197504,Seoul-5d1c,20,9,Normal
2026-02-14 15:15:37.197504,Seoul-5d1c,-6,8,Normal
2026-02-14 15:15:38.197504,Seoul-5d1c,14,26,Normal
2026-02-14 15:15:39.197504,Seoul-5d1c,31,1,Normal
2026-02-14 15:15:40.197504,Seoul-5d1c,29,59,Normal
2026-02-14 15:15:41.197504,Seoul-5d1c,-8,3,Normal
2026-02-14 15:15:42.197504,Seoul-5d1c,22,19,Normal
2026-02-14 15:15:43.197504,Seoul-5d1c,-2,46,Normal
2026-02-14 15:15:44.197504,Seoul-5d1c,-2,26,Normal
2026-02-14 15:15:45.197504,Seoul-5d1c,33,25,Normal
2026-02-14 15:15:46.197504,Seoul-5d1c,22,16,Normal
2026-02-14 15:15:47.197504,Seoul-5d1c,-13,14,Normal
2026-02-14 15:15:48.197504,Seoul-5d1c,10,23,Normal
2026-02-14 15:15:49.197504,Seoul-5d1c,-3,4,Normal
2026-02-14 15:15:50.197504,Seoul-5d1c,-29,40,Normal
2026-02-14 15:15:51.197504,Seoul-5d1c,8,50,Normal
2026-02-14 15:15:52.197504,Seoul-5d1c,42,65,Normal
2026-02-14 15:15:53.197504,Seoul-5d1c,-14,74,Normal
2026-02-14 15:15:54.197504,Seoul-5d1c,-16,55,Normal
2026-02-14 15:15:55.197504,Seoul-5d1c,-9,98,Normal
2026-02-14 15:15:56.197504,Seoul-5d1c,26,9,Normal
2026-02-14 15:15:57.197504,Seoul-5d1c,-12,3,Normal
2026-02-14 15:15:58.197504,Seoul-5d1c,6,89,Normal
2026-02-14 15:15:59.197504,Seoul-5d1c,-14,77,Normal
2026-02-14 15:16:00.197504,Seoul-5d1c,24,42,Normal
2026-02-14 15:16:01.197504,Seoul-5d1c,8,81,Normal
2026-02-14 15:16:02.197504,Seoul-5d1c,38,50,Normal
2026-02-14 15:16:03.197504,Seoul-5d1c,38,51,Normal
2026-02-14 15:16:04.197504,Seoul-5d1c,-1,95,Normal
2026-02-14 15:16:05.197504,Seoul-5d1c,50,48,Normal
2026-02-14 15:16:06.197504,Seoul-5d1c,6,65,Normal
2026-02-14 15:16:07.197504,Seoul-5d1c,15,100,Normal
2026-02-14 15:16:08.197504,Seoul-5d1c,-26,15,Normal
2026-02-14 15:16:09.197504,Seoul-5d1c,-29,33,Normal
2026-02-14 15:16:10.197504,Seoul-5d1c,-20,51,Normal
2026-02-14 15:16:11.197504,Seoul-5d1c,23,53,Normal
2026-02-14 15:16:12.197504,Seoul-5d1c,4,97,Normal
2026-02-14 15:16:13.197504,Seoul-5d1c,45,47,Normal
2026-02-14 15:16:14.197504,Seoul-5d1c,1,35,Normal
2026-02-14 15:16:15.197504,Seoul-5d1c,-22,33,Normal
2026-02-14 15:16:16.197504,Seoul-5d1c,48,30,Normal
2026-02-14 15:16:17.197504,Seoul-5d1c,-27,75,Normal
2026-02-14 15:16:18.197504,Seoul-5d1c,-15,72,Normal
2026-02-14 15:16:19.197504,Seoul-5d1c,4,41,Normal
2026-02-14 15:16:20.197504,Seoul-5d1c,-16,43,Normal
2026-02-14 15:16:21.197504,Seoul-5d1c,14,25,Normal
2026-02-14 15:16:22.197504,Seoul-5d1c,-2,79,Normal
2026-02-14 15:16:23.197504,Seoul-5d1c,42,42,Normal
2026-02-14 15:16:24.197504,Seoul-5d1c,23,31,Normal
2026-02-14 15:16:25.197504,Seoul-5d1c,23,98,Normal
2026-02-14 15:16:26.197504,Seoul-5d1c,32,86,Normal
2026-02-14 15:16:27.197504,Seoul-5d1c,7,97,Normal
2026-02-14 15:16:28.197504,Seoul-5d1c,20,27,Normal
2026-02-14 15:16:29.197504,Seoul-5d1c,-26,0,Normal
2026-02-14 15:16:30.197504,Seoul-5d1c,32,74,Normal
2026-02-14 15:16:31.197504,Seoul-5d1c,16,95,Normal
2026-02-14 15:16:32.197504,Seoul-5d1c,-29,88,Normal
2026-02-14 15:16:33.197504,Seoul-5d1c,-30,42,Normal
2026-02-14 15:16:34.197504,Seoul-5d1c,49,36,Normal
2026-02-14 15:16:35.197504,Seoul-5d1c,-30,86,Normal
2026-02-14 15:16:36.197504,Seoul-5d1c,-2,28,Normal
2026-02-14 15:16:37.197504,Seoul-5d1c,-7,15,Normal
2026-02-14 15:16:38.197504,Seoul-5d1c,19,72,Normal
2026-02-14 15:16:39.197504,Seoul-5d1c,12,43,Normal
2026-02-14 15:16:40.197504,Seoul-5d1c,-9,46,Normal
2026-02-14 15:16:41.197504,Seoul-5d1c,15,94,Normal
2026-02-14 15:16:42.197504,Seoul-5d1c,-11,26,Normal
2026-02-14 15:16:43.197504,Seoul-5d1c,-4,93,Normal
2026-02-14 15:16:44.197504,Seoul-5d1c,-17,76,Normal
2026-02-14 15:16:45.197504,Seoul-5d1c,0,83,Normal
2026-02-14 15:16:46.197504,Seoul-5d1c,47,46,Normal
2026-02-14 15:16:47.197504,Seoul-5d1c,3,48,Normal
2026-02-14 15:16:48.197504,Seoul-5d1c,-22,23,Normal
2026-02-14 15:16:49.197504,Seoul-5d1c,-18,62,Normal
2026-02-14 15:16:50.197504,Seoul-5d1c,28,89,Normal
2026-02-14 15:16:51.197504,Seoul-5d1c,21,43,Normal
2026-02-14 15:16:52.197504,Seoul-5d1c,28,48,Normal
2026-02-14 15:16:53.197504,Seoul-5d1c,-30,33,Normal
2026-02-14 15:16:54.197504,Seoul-5d1c,-8,90,Normal
2026-02-14 15:16:55.197504,Seoul-5d1c,40,58,Normal
2026-02-14 15:16:56.197504,Seoul-5d1c,-15,42,Normal
2026-02-14 15:16:57.197504,Seoul-5d1c,-1,17,Normal
2026-02-14 15:16:58.197504,Seoul-5d1c,36,40,Normal
2026-02-14 15:16:59.197504,Seoul-5d1c,21,31,Normal
2026-02-14 15:17:00.197504,Seoul-5d1c,32,31,Normal
2026-02-14 15:17:01.197504,Seoul-5d1c,36,50,Normal
2026-02-14 15:17:02.197504,Seoul-5d1c,-23,46,Normal
2026-02-14 15:17:03.197504,Seoul-5d1c,9,7,Normal
2026-02-14 15:17:04.197504,Seoul-5d1c,24,32,Normal
2026-02-14 15:17:05.197504,Seoul-5d1c,-11,94,Normal
2026-02-14 15:17:06.197504,Seoul-5d1c,-15,18,Normal
2026-02-14 15:17:07.197504,Seoul-5d1c,-27,44,Normal
2026-02-14 15:17:08.197504,Seoul-5d1c,6,1,Normal
2026-02-14 15:17:09.197504,Seoul-5d1c,-17,54,Normal
2026-02-14 15:17:10.197504,Seoul-5d1c,46,50,Normal
2026-02-14 15:17:11.197504,Seoul-5d1c,-20,70,Normal
2026-02-14 15:17:12.197504,Seoul-5d1c,50,85,Normal
2026-02-14 15:17:13.197504,Seoul-5d1c,46,100,Normal
2026-02-14 15:17:14.197504,Seoul-5d1c,43,58,Normal
2026-02-14 15:17:15.197504,Seoul-5d1c,21,16,Normal
2026-02-14 15:17:16.197504,Seoul-5d1c,30,74,Normal
2026-02-14 15:17:17.197504,Seoul-5d1c,48,82,Normal
2026-02-14 15:17:18.197504,Seoul-5d1c,-9,19,Normal
2026-02-14 15:17:19.197504,Seoul-5d1c,12,92,Normal
2026-02-14 15:17:20.197504,Seoul-5d1c,-26,50,Normal
2026-02-14 15:17:21.197504,Seoul-5d1c,-2,30,Normal
2026-02-14 15:17:22.197504,Seoul-5d1c,-26,26,Normal
2026-02-14 15:17:23.197504,Seoul-5d1c,7,97,Normal
2026-02-14 15:17:24.197504,Seoul-5d1c,-27,91,Normal
2026-02-14 15:17:25.197504,Seoul-5d1c,11,98,Normal
2026-02-14 15:17:26.197504,Seoul-5d1c,40,4,Normal
2026-02-14 15:17:27.197504,Seoul-5d1c,38,97,Normal
2026-02-14 15:17:28.197504,Seoul-5d1c,44,21,Normal
2026-02-14 15:17:29.197504,Seoul-5d1c,5,82,Normal
2026-02-14 15:17:30.197504,Seoul-5d1c,-16,18,Normal
2026-02-14 15:17:31.197504,Seoul-5d1c,21,63,Normal
2026-02-14 15:17:32.197504,Seoul-5d1c,20,16,Normal
2026-02-14 15:17:33.197504,Seoul-5d1c,3,55,Normal
2026-02-14 15:17:34.197504,Seoul-5d1c,4,87,Normal
2026-02-14 15:17:35.197504,Seoul-5d1c,5,4,Normal
2026-02-14 15:17:36.197504,Seoul-5d1c,40,88,Normal
2026-02-14 15:17:37.197504,Seoul-5d1c,0,70,Normal
2026-02-14 15:17:38.197504,Seoul-5d1c,-25,20,Normal
2026-02-14 15:17:39.197504,Seoul-5d1c,2,86,Normal
2026-02-14 15:17:40.197504,Seoul-5d1c,50,89,Normal
2026-02-14 15:17:41.197504,Seoul-5d1c,20,88,Normal
2026-02-14 15:17:42.197504,Seoul-5d1c,-1,20,Normal
2026-02-14 15:17:43.197504,Seoul-5d1c,24,85,Normal
2026-02-14 15:17:44.197504,Seoul-5d1c,2,51,Normal
2026-02-14 15:17:45.197504,Seoul-5d1c,-4,46,Normal
2026-02-14 15:17:46.197504,Seoul-5d1c,32,71,Normal
2026-02-14 15:17:47.197504,Seoul-5d1c,12,65,Normal
2026-02-14 15:17:48.197504,Seoul-5d1c,8,77,Normal
2026-02-14 15:17:49.197504,Seoul-5d1c,-21,14,Normal
2026-02-14 15:17:50.197504,Seoul-5d1c,-14,0,Normal
2026-02-14 15:17:51.197504,Seoul-5d1c,37,100,Normal
2026-02-14 15:17:52.197504,Seoul-5d1c,14,43,Normal
2026-02-14 15:17:53.197504,Seoul-5d1c,28,4,Normal
2026-02-14 15:17:54.197504,Seoul-5d1c,13,96,Normal
2026-02-14 15:17:55.197504,Seoul-5d1c,21,37,Normal
2026-02-14 15:17:56.197504,Seoul-5d1c,-18,76,Normal
2026-02-14 15:17:57.197504,Seoul-5d1c,31,12,Normal
2026-02-14 15:17:58.197504,Seoul-5d1c,8,59,Normal
2026-02-14 15:17:59.197504,Seoul-5d1c,31,99,Normal
2026-02-14 15:18:00.197504,Seoul-5d1c,7,21,Normal
2026-02-14 15:18:01.197504,Seoul-5d1c,49,57,Normal
2026-02-14 15:18:02.197504,Seoul-5d1c,-13,94,Normal
2026-02-14 15:18:03.197504,Seoul-5d1c,-25,77,Normal
2026-02-14 15:18:04.197504,Seoul-5d1c,5,87,Normal
2026-02-14 15:18:05.197504,Seoul-5d1c,36,38,Normal
2026-02-14 15:18:06.197504,Seoul-5d1c,-7,49,Normal
2026-02-14 15:18:07.197504,Seoul-5d1c,26,20,Normal
2026-02-14 15:18:08.197504,Seoul-5d1c,10,79,Normal
2026-02-14 15:18:09.197504,Seoul-5d1c,33,89,Normal
2026-02-14 15:18:10.197504,Seoul-5d1c,50,94,Normal
2026-02-14 15:18:11.197504,Seoul-5d1c,-25,0,Normal
2026-02-14 15:18:12.197504,Seoul-5d1c,28,66,Normal
2026-02-14 15:18:13.197504,Seoul-5d1c,-22,21,Normal
2026-02-14 15:18:14.197504,Seoul-5d1c,17,59,Normal
2026-02-14 15:18:15.197504,Seoul-5d1c,38,9,Normal
2026-02-14 15:18:16.197504,Seoul-5d1c,46,89,Normal
2026-02-14 15:18:17.197504,Seoul-5d1c,50,97,Normal
2026-02-14 15:18:18.197504,Seoul-5d1c,23,33,Normal
2026-02-14 15:18:19.197504,Seoul-5d1c,41,65,Normal
2026-02-14 15:18:20.197504,Seoul-5d1c,3,59,Normal
2026-02-14 15:18:21.197504,Seoul-5d1c,48,42,Normal
2026-02-14 15:18:22.197504,Seoul-5d1c,7,96,Normal
2026-02-14 15:18:23.197504,Seoul-5d1c,-9,88,Normal
2026-02-14 15:18:24.197504,Seoul-5d1c,17,29,Normal
2026-02-14 15:18:25.197504,Seoul-5d1c,-17,42,Normal
2026-02-14 15:18:26.197504,Seoul-5d1c,-17,54,Normal
2026-02-14 15:18:27.197504,Seoul-5d1c,-23,61,Normal
2026-02-14 15:18:28.197504,Seoul-5d1c,-22,9,Normal
2026-02-14 15:18:29.197504,Seoul-5d1c,45,83,Normal
2026-02-14 15:18:30.197504,Seoul-5d1c,-15,25,Normal
2026-02-14 15:18:31.197504,Seoul-5d1c,34,66,Normal
2026-02-14 15:18:32.197504,Seoul-5d1c,14,2,Normal
2026-02-14 15:18:33.197504,Seoul-5d1c,-9,67,Normal
2026-02-14 15:18:34.197504,Seoul-5d1c,45,48,Normal
2026-02-14 15:18:35.197504,Seoul-5d1c,50,32,Normal
2026-02-14 15:18:36.197504,Seoul-5d1c,29,87,Normal
2026-02-14 15:18:37.197504,Seoul-5d1c,-25,54,Normal
2026-02-14 15:18:38.197504,Seoul-5d1c,-11,58,Normal
2026-02-14 15:18:39.197504,Seoul-5d1c,-24,94,Normal
2026-02-14 15:18:40.197504,Seoul-5d1c,36,2,Normal
2026-02-14 15:18:41.197504,Seoul-5d1c,-1,92,Normal
2026-02-14 15:18:42.197504,Seoul-5d1c,50,42,Normal
2026-02-14 15:18:43.197504,Seoul-5d1c,-15,0,Normal
2026-02-14 15:18:44.197504,Seoul-5d1c,29,37,Normal
2026-02-14 15:18:45.197504,Seoul-5d1c,-6,32,Normal
2026-02-14 15:18:46.197504,Seoul-5d1c,29,97,Normal
2026-02-14 15:18:47.197504,Seoul-5d1c,-13,30,Normal
2026-02-14 15:18:48.197504,Seoul-5d1c,-17,25,Normal
2026-02-14 15:18:49.197504,Seoul-5d1c,-28,88,Normal
2026-02-14 15:18:50.197504,Seoul-5d1c,19,8,Normal
2026-02-14 15:18:51.197504,Seoul-5d1c,-23,78,Normal
2026-02-14 15:18:52.197504,Seoul-5d1c,18,28,Normal
2026-02-14 15:18:53.197504,Seoul-5d1c,-13,96,Normal
2026-02-14 15:18:54.197504,Seoul-5d1c,-13,29,Normal
2026-02-14 15:18:55.197504,Seoul-5d1c,39,80,Normal
2026-02-14 15:18:56.197504,Seoul-5d1c,-10,54,Normal
2026-02-14 15:18:57.197504,Seoul-5d1c,-23,62,Normal
2026-02-14 15:18:58.197504,Seoul-5d1c,-8,90,Normal
2026-02-14 15:18:59.197504,Seoul-5d1c,6,97,Normal
2026-02-14 15:19:00.197504,Seoul-5d1c,6,92,Normal
2026-02-14 15:19:01.197504,Seoul-5d1c,25,53,Normal
2026-02-14 15:19:02.197504,Seoul-5d1c,27,44,Normal
2026-02-14 15:19:03.197504,Seoul-5d1c,45,60,Normal
2026-02-14 15:19:04.197504,Seoul-5d1c,-12,48,Normal
2026-02-14 15:19:05.197504,Seoul-5d1c,49,60,Normal
2026-02-14 15:19:06.197504,Seoul-5d1c,28,28,Normal
2026-02-14 15:19:07.197504,Seoul-5d1c,7,95,Normal
2026-02-14 15:19:08.197504,Seoul-5d1c,47,31,Normal
2026-02-14 15:19:09.197504,Seoul-5d1c,-7,51,Normal
2026-02-14 15:19:10.197504,Seoul-5d1c,-2,34,Normal
2026-02-14 15:19:11.197504,Seoul-5d1c,-13,95,Normal
2026-02-14 15:19:12.197504,Seoul-5d1c,29,1,Normal
2026-02-14 15:19:13.197504,Seoul-5d1c,-17,44,Normal
2026-02-14 15:19:14.197504,Seoul-5d1c,-9,41,Normal
2026-02-14 15:19:15.197504,Seoul-5d1c,-6,44,Normal
2026-02-14 15:19:16.197504,Seoul-5d1c,-27,34,Normal
2026-02-14 15:19:17.197504,Seoul-5d1c,-16,66,Normal
2026-02-14 15:19:18.197504,Seoul-5d1c,50,94,Normal
2026-02-14 15:19:19.197504,Seoul-5d1c,40,7,Normal
2026-02-14 15:19:20.197504,Seoul-5d1c,50,73,Normal
2026-02-14 15:19:21.197504,Seoul-5d1c,24,59,Normal
2026-02-14 15:19:22.197504,Seoul-5d1c,44,44,Normal
2026-02-14 15:19:23.197504,Seoul-5d1c,-26,2,Normal
2026-02-14 15:19:24.197504,Seoul-5d1c,-2,83,Normal
2026-02-14 15:19:25.197504,Seoul-5d1c,-14,92,Normal
2026-02-14 15:19:26.197504,Seoul-5d1c,44,18,Normal
2026-02-14 15:19:27.197504,Seoul-5d1c,-5,18,Normal
2026-02-14 15:19:28.197504,Seoul-5d1c,32,76,Normal
2026-02-14 15:19:29.197504,Seoul-5d1c,14,23,Normal
2026-02-14 15:19:30.197504,Seoul-5d1c,20,23,Normal
2026-02-14 15:19:31.197504,Seoul-5d1c,24,86,Normal
2026-02-14 15:19:32.197504,Seoul-5d1c,42,56,Normal
2026-02-14 15:19:33.197504,Seoul-5d1c,-21,39,Normal
2026-02-14 15:19:34.197504,Seoul-5d1c,-23,77,Normal
2026-02-14 15:19:35.197504,Seoul-5d1c,8,42,Normal
2026-02-14 15:19:36.197504,Seoul-5d1c,-10,44,Normal
2026-02-14 15:19:37.197504,Seoul-5d1c,32,47,Normal
2026-02-14 15:19:38.197504,Seoul-5d1c,49,70,Normal
2026-02-14 15:19:39.197504,Seoul-5d1c,36,96,Normal
2026-02-14 15:19:40.197504,Seoul-5d1c,40,49,Normal
2026-02-14 15:19:41.197504,Seoul-5d1c,9,55,Normal
2026-02-14 15:19:42.197504,Seoul-5d1c,4,41,Normal
2026-02-14 15:19:43.197504,Seoul-5d1c,-5,47,Normal
2026-02-14 15:19:44.197504,Seoul-5d1c,50,82,Normal
2026-02-14 15:19:45.197504,Seoul-5d1c,14,1,Normal
2026-02-14 15:19:46.197504,Seoul-5d1c,23,78,Normal
2026-02-14 15:19:47.197504,Seoul-5d1c,2,22,Normal
2026-02-14 15:19:48.197504,Seoul-5d1c,33,56,Normal
2026-02-14 15:19:49.197504,Seoul-5d1c,19,37,Normal
2026-02-14 15:19:50.197504,Seoul-5d1c,27,34,Normal
2026-02-14 15:19:51.197504,Seoul-5d1c,-11,35,Normal
2026-02-14 15:19:52.197504,Seoul-5d1c,9,1,Normal
2026-02-14 15:19:53.197504,Seoul-5d1c,48,87,Normal
2026-02-14 15:19:54.197504,Seoul-5d1c,40,44,Normal
2026-02-14 15:19:55.197504,Seoul-5d1c,-7,75,Normal
2026-02-14 15:19:56.197504,Seoul-5d1c,-17,92,Normal
2026-02-14 15:19:57.197504,Seoul-5d1c,9,83,Normal
2026-02-14 15:19:58.197504,Seoul-5d1c,-17,73,Normal
2026-02-14 15:19:59.197504,Seoul-5d1c,4,31,Normal
2026-02-14 15:20:00.197504,Seoul-5d1c,1,65,Normal
2026-02-14 15:20:01.197504,Seoul-5d1c,-28,86,Normal
2026-02-14 15:20:02.197504,Seoul-5d1c,13,27,Normal
2026-02-14 15:20:03.197504,Seoul-5d1c,2,40,Normal
2026-02-14 15:20:04.197504,Seoul-5d1c,26,56,Normal
2026-02-14 15:20:05.197504,Seoul-5d1c,-9,49,Normal
2026-02-14 15:20:06.197504,Seoul-5d1c,43,62,Normal
2026-02-14 15:20:07.197504,Seoul-5d1c,1,59,Normal
2026-02-14 15:20:08.197504,Seoul-5d1c,9,8,Normal
2026-02-14 15:20:09.197504,Seoul-5d1c,-26,26,Normal
2026-02-14 15:20:10.197504,Seoul-5d1c,-21,37,Normal
2026-02-14 15:20:11.197504,Seoul-5d1c,-30,19,Normal
2026-02-14 15:20:12.197504,Seoul-5d1c,20,74,Normal
2026-02-14 15:20:13.197504,Seoul-5d1c,-22,35,Normal
2026-02-14 15:20:14.197504,Seoul-5d1c,15,52,Normal
2026-02-14 15:20:15.197504,Seoul-5d1c,-19,47,Normal
2026-02-14 15:20:16.197504,Seoul-5d1c,-10,33,Normal
2026-02-14 15:20:17.197504,Seoul-5d1c,2,27,Normal
2026-02-14 15:20:18.197504,Seoul-5d1c,-30,30,Normal
2026-02-14 15:20:19.197504,Seoul-5d1c,-3,90,Normal
2026-02-14 15:20:20.197504,Seoul-5d1c,-2,40,Normal
2026-02-14 15:20:21.197504,Seoul-5d1c,-20,18,Normal
2026-02-14 15:20:22.197504,Seoul-5d1c,29,87,Normal
2026-02-14 15:20:23.197504,Seoul-5d1c,13,100,Normal
2026-02-14 15:20:24.197504,Seoul-5d1c,13,27,Normal
2026-02-14 15:20:25.197504,Seoul-5d1c,-26,3,Normal
2026-02-14 15:20:26.197504,Seoul-5d1c,46,17,Normal
2026-02-14 15:20:27.197504,Seoul-5d1c,-11,73,Normal
2026-02-14 15:20:28.197504,Seoul-5d1c,8,36,Normal
2026-02-14 15:20:29.197504,Seoul-5d1c,4,98,Normal
2026-02-14 15:20:30.197504,Seoul-5d1c,46,17,Normal
2026-02-14 15:20:31.197504,Seoul-5d1c,9,25,Normal
2026-02-14 15:20:32.197504,Seoul-5d1c,8,36,Normal
2026-02-14 15:20:33.197504,Seoul-5d1c,13,75,Normal
2026-02-14 15:20:34.197504,Seoul-5d1c,-22,27,Normal
2026-02-14 15:20:35.197504,Seoul-5d1c,-15,55,Normal
2026-02-14 15:20:36.197504,Seoul-5d1c,41,25,Normal
2026-02-14 15:20:37.197504,Seoul-5d1c,-11,59,Normal
2026-02-14 15:20:38.197504,Seoul-5d1c,23,39,Normal
2026-02-14 15:20:39.197504,Seoul-5d1c,23,68,Normal
2026-02-14 15:20:40.197504,Seoul-5d1c,4,4,Normal
2026-02-14 15:20:41.197504,Seoul-5d1c,4,44,Normal
2026-02-14 15:20:42.197504,Seoul-5d1c,9,50,Normal
2026-02-14 15:20:43.197504,Seoul-5d1c,-8,44,Normal
2026-02-14 15:20:44.197504,Seoul-5d1c,-15,42,Normal
2026-02-14 15:20:45.197504,Seoul-5d1c,-26,0,Normal
2026-02-14 15:20:46.197504,Seoul-5d1c,31,33,Normal
2026-02-14 15:20:47.197504,Seoul-5d1c,-15,55,Normal
2026-02-14 15:20:48.197504,Seoul-5d1c,-9,56,Normal
2026-02-14 15:20:49.197504,Seoul-5d1c,-13,34,Normal
2026-02-14 15:20:50.197504,Seoul-5d1c,19,62,Normal
2026-02-14 15:20:51.197504,Seoul-5d1c,5,2,Normal
2026-02-14 15:20:52.197504,Seoul-5d1c,19,35,Normal
2026-02-14 15:20:53.197504,Seoul-5d1c,2,37,Normal
2026-02-14 15:20:54.197504,Seoul-5d1c,25,93,Normal
2026-02-14 15:20:55.197504,Seoul-5d1c,-15,34,Normal
2026-02-14 15:20:56.197504,Seoul-5d1c,-26,82,Normal
2026-02-14 15:20:57.197504,Seoul-5d1c,-20,82,Normal
2026-02-14 15:20:58.197504,Seoul-5d1c,-5,82,Normal
2026-02-14 15:20:59.197504,Seoul-5d1c,28,82,Normal
2026-02-14 15:21:00.197504,Seoul-5d1c,22,80,Normal
2026-02-14 15:21:01.197504,Seoul-5d1c,18,77,Normal
2026-02-14 15:21:02.197504,Seoul-5d1c,-30,79,Normal
2026-02-14 15:21:03.197504,Seoul-5d1c,29,82,Normal
2026-02-14 15:21:04.197504,Seoul-5d1c,-19,28,Normal
2026-02-14 15:21:05.197504,Seoul-5d1c,5,89,Normal
2026-02-14 15:21:06.197504,Seoul-5d1c,-5,9,Normal
2026-02-14 15:21:07.197504,Seoul-5d1c,-13,22,Normal
2026-02-14 15:21:08.197504,Seoul-5d1c,-17,99,Normal
2026-02-14 15:21:09.197504,Seoul-5d1c,-27,100,Normal
2026-02-14 15:21:10.197504,Seoul-5d1c,28,93,Normal
2026-02-14 15:21:11.197504,Seoul-5d1c,27,2,Normal
2026-02-14 15:21:12.197504,Seoul-5d1c,-17,94,Normal
2026-02-14 15:21:13.197504,Seoul-5d1c,-26,87,Normal
2026-02-14 15:21:14.197504,Seoul-5d1c,-24,80,Normal
2026-02-14 15:21:15.197504,Seoul-5d1c,33,34,Normal
2026-02-14 15:21:16.197504,Seoul-5d1c,-20,59,Normal
2026-02-14 15:21:17.197504,Seoul-5d1c,0,88,Normal
2026-02-14 15:21:18.197504,Seoul-5d1c,43,59,Normal
2026-02-14 15:21:19.197504,Seoul-5d1c,-5,34,Normal
2026-02-14 15:21:20.197504,Seoul-5d1c,13,15,Normal
2026-02-14 15:21:21.197504,Seoul-5d1c,32,3,Normal
2026-02-14 15:21:22.197504,Seoul-5d1c,8,24,Normal
2026-02-14 15:21:23.197504,Seoul-5d1c,3,71,Normal
2026-02-14 15:21:24.197504,Seoul-5d1c,46,62,Normal
2026-02-14 15:21:25.197504,Seoul-5d1c,-26,12,Normal
2026-02-14 15:21:26.197504,Seoul-5d1c,5,13,Normal
2026-02-14 15:21:27.197504,Seoul-5d1c,8,43,Normal
2026-02-14 15:21:28.197504,Seoul-5d1c,-9,90,Normal
2026-02-14 15:21:29.197504,Seoul-5d1c,25,4,Normal
2026-02-14 15:21:30.197504,Seoul-5d1c,-20,8,Normal
2026-02-14 15:21:31.197504,Seoul-5d1c,-3,92,Normal
2026-02-14 15:21:32.197504,Seoul-5d1c,-6,10,Normal
2026-02-14 15:21:33.197504,Seoul-5d1c,41,80,Normal
2026-02-14 15:21:34.197504,Seoul-5d1c,24,79,Normal
2026-02-14 15:21:35.197504,Seoul-5d1c,35,18,Normal
2026-02-14 15:21:36.197504,Seoul-5d1c,29,60,Normal
2026-02-14 15:21:37.197504,Seoul-5d1c,24,52,Normal
2026-02-14 15:21:38.197504,Seoul-5d1c,21,89,Normal
2026-02-14 15:21:39.197504,Seoul-5d1c,8,70,Normal
2026-02-14 15:21:40.197504,Seoul-5d1c,-26,100,Normal
2026-02-14 15:21:41.197504,Seoul-5d1c,44,99,Normal
2026-02-14 15:21:42.197504,Seoul-5d1c,31,97,Normal
2026-02-14 15:21:43.197504,Seoul-5d1c,-27,97,Normal
2026-02-14 15:21:44.197504,Seoul-5d1c,-28,94,Normal
2026-02-14 15:21:45.197504,Seoul-5d1c,33,18,Normal
2026-02-14 15:21:46.197504,Seoul-5d1c,45,52,Normal
2026-02-14 15:21:47.197504,Seoul-5d1c,15,87,Normal
2026-02-14 15:21:48.197504,Seoul-5d1c,38,13,Normal
2026-02-14 15:21:49.197504,Seoul-5d1c,31,87,Normal
2026-02-14 15:21:50.197504,Seoul-5d1c,50,21,Normal
2026-02-14 15:21:51.197504,Seoul-5d1c,-19,13,Normal
2026-02-14 15:21:52.197504,Seoul-5d1c,-29,26,Normal
2026-02-14 15:21:53.197504,Seoul-5d1c,42,22,Normal
2026-02-14 15:21:54.197504,Seoul-5d1c,0,22,Normal
2026-02-14 15:21:55.197504,Seoul-5d1c,33,30,Normal
2026-02-14 15:21:56.197504,Seoul-5d1c,16,17,Normal
2026-02-14 15:21:57.197504,Seoul-5d1c,0,25,Normal
2026-02-14 15:21:58.197504,Seoul-5d1c,44,43,Normal
2026-02-14 15:21:59.197504,Seoul-5d1c,30,85,Normal
2026-02-14 15:22:00.197504,Seoul-5d1c,2,31,Normal
2026-02-14 15:22:01.197504,Seoul-5d1c,18,43,Normal
2026-02-14 15:22:02.197504,Seoul-5d1c,-12,80,Normal
2026-02-14 15:22:03.197504,Seoul-5d1c,49,84,Normal
2026-02-14 15:22:04.197504,Seoul-5d1c,25,65,Normal
2026-02-14 15:22:05.197504,Seoul-5d1c,-11,73,Normal
2026-02-14 15:22:06.197504,Seoul-5d1c,-16,51,Normal
2026-02-14 15:22:07.197504,Seoul-5d1c,-16,62,Normal
2026-02-14 15:22:08.197504,Seoul-5d1c,4,33,Normal
2026-02-14 15:22:09.197504,Seoul-5d1c,-17,32,Normal
2026-02-14 15:22:10.197504,Seoul-5d1c,37,50,Normal
2026-02-14 15:22:11.197504,Seoul-5d1c,28,51,Normal
2026-02-14 15:22:12.197504,Seoul-5d1c,40,57,Normal
2026-02-14 15:22:13.197504,Seoul-5d1c,-16,68,Normal
2026-02-14 15:22:14.197504,Seoul-5d1c,-20,95,Normal
2026-02-14 15:22:15.197504,Seoul-5d1c,-1,27,Normal
2026-02-14 15:22:16.197504,Seoul-5d1c,10,15,Normal
2026-02-14 15:22:17.197504,Seoul-5d1c,33,1,Normal
2026-02-14 15:22:18.197504,Seoul-5d1c,12,99,Normal
2026-02-14 15:22:19.197504,Seoul-5d1c,0,63,Normal
2026-02-14 15:22:20.197504,Seoul-5d1c,5,40,Normal
2026-02-14 15:22:21.197504,Seoul-5d1c,-5,40,Normal
2026-02-14 15:22:22.197504,Seoul-5d1c,7,20,Normal
2026-02-14 15:22:23.197504,Seoul-5d1c,43,5,Normal
2026-02-14 15:22:24.197504,Seoul-5d1c,20,41,Normal
2026-02-14 15:22:25.197504,Seoul-5d1c,-23,66,Normal
2026-02-14 15:22:26.197504,Seoul-5d1c,40,33,Normal
2026-02-14 15:22:27.197504,Seoul-5d1c,-4,83,Normal
2026-02-14 15:22:28.197504,Seoul-5d1c,25,50,Normal
2026-02-14 15:22:29.197504,Seoul-5d1c,-6,29,Normal
2026-02-14 15:22:30.197504,Seoul-5d1c,19,61,Normal
2026-02-14 15:22:31.197504,Seoul-5d1c,24,49,Normal
2026-02-14 15:22:32.197504,Seoul-5d1c,-23,91,Normal
2026-02-14 15:22:33.197504,Seoul-5d1c,25,26,Normal
2026-02-14 15:22:34.197504,Seoul-5d1c,50,16,Normal
2026-02-14 15:22:35.197504,Seoul-5d1c,11,27,Normal
2026-02-14 15:22:36.197504,Seoul-5d1c,42,40,Normal
2026-02-14 15:22:37.197504,Seoul-5d1c,50,63,Normal
2026-02-14 15:22:38.197504,Seoul-5d1c,27,79,Normal
2026-02-14 15:22:39.197504,Seoul-5d1c,17,59,Normal
2026-02-14 15:22:40.197504,Seoul-5d1c,27,60,Normal
2026-02-14 15:22:41.197504,Seoul-5d1c,7,30,Normal
2026-02-14 15:22:42.197504,Seoul-5d1c,25,14,Normal
2026-02-14 15:22:43.197504,Seoul-5d1c,-28,96,Normal
2026-02-14 15:22:44.197504,Seoul-5d1c,-28,30,Normal
2026-02-14 15:22:45.197504,Seoul-5d1c,30,41,Normal
2026-02-14 15:22:46.197504,Seoul-5d1c,-3,43,Normal
2026-02-14 15:22:47.197504,Seoul-5d1c,33,0,Normal
2026-02-14 15:22:48.197504,Seoul-5d1c,-11,57,Normal
2026-02-14 15:22:49.197504,Seoul-5d1c,-23,87,Normal
2026-02-14 15:22:50.197504,Seoul-5d1c,28,57,Normal
2026-02-14 15:22:51.197504,Seoul-5d1c,31,53,Normal
2026-02-14 15:22:52.197504,Seoul-5d1c,32,36,Normal
2026-02-14 15:22:53.197504,Seoul-5d1c,-27,98,Normal
2026-02-14 15:22:54.197504,Seoul-5d1c,-29,3,Normal
2026-02-14 15:22:55.197504,Seoul-5d1c,-13,75,Normal
2026-02-14 15:22:56.197504,Seoul-5d1c,-21,50,Normal
2026-02-14 15:22:57.197504,Seoul-5d1c,34,70,Normal
2026-02-14 15:22:58.197504,Seoul-5d1c,47,44,Normal
2026-02-14 15:22:59.197504,Seoul-5d1c,26,70,Normal
2026-02-14 15:23:00.197504,Seoul-5d1c,46,17,Normal
2026-02-14 15:23:01.197504,Seoul-5d1c,21,0,Normal
2026-02-14 15:23:02.197504,Seoul-5d1c,37,18,Normal
2026-02-14 15:23:03.197504,Seoul-5d1c,-24,35,Normal
2026-02-14 15:23:04.197504,Seoul-5d1c,12,57,Normal
2026-02-14 15:23:05.197504,Seoul-5d1c,45,42,Normal
2026-02-14 15:23:06.197504,Seoul-5d1c,20,17,Normal
2026-02-14 15:23:07.197504,Seoul-5d1c,40,44,Normal
2026-02-14 15:23:08.197504,Seoul-5d1c,-2,21,Normal
2026-02-14 15:23:09.197504,Seoul-5d1c,33,75,Normal
2026-02-14 15:23:10.197504,Seoul-5d1c,-3,67,Normal
2026-02-14 15:23:11.197504,Seoul-5d1c,5,28,Normal
2026-02-14 15:23:12.197504,Seoul-5d1c,50,73,Normal
2026-02-14 15:23:13.197504,Seoul-5d1c,17,30,Normal
2026-02-14 15:23:14.197504,Seoul-5d1c,-25,90,Normal
2026-02-14 15:23:15.197504,Seoul-5d1c,-8,1,Normal
2026-02-14 15:23:16.197504,Seoul-5d1c,15,43,Normal
2026-02-14 15:23:17.197504,Seoul-5d1c,26,38,Normal
2026-02-14 15:23:18.197504,Seoul-5d1c,-24,6,Normal
2026-02-14 15:23:19.197504,Seoul-5d1c,-25,6,Normal
2026-02-14 15:23:20.197504,Seoul-5d1c,-18,100,Normal
2026-02-14 15:23:21.197504,Seoul-5d1c,-20,9,Normal
2026-02-14 15:23:22.197504,Seoul-5d1c,-27,77,Normal
2026-02-14 15:23:23.197504,Seoul-5d1c,17,98,Normal
2026-02-14 15:23:24.197504,Seoul-5d1c,41,73,Normal
2026-02-14 15:23:25.197504,Seoul-5d1c,1,27,Normal
2026-02-14 15:23:26.197504,Seoul-5d1c,-4,1,Normal
2026-02-14 15:23:27.197504,Seoul-5d1c,46,71,Normal
2026-02-14 15:23:28.197504,Seoul-5d1c,2,72,Normal
2026-02-14 15:23:29.197504,Seoul-5d1c,18,98,Normal
2026-02-14 15:23:30.197504,Seoul-5d1c,28,4,Normal
2026-02-14 15:23:31.197504,Seoul-5d1c,-25,18,Normal
2026-02-14 15:23:32.197504,Seoul-5d1c,-25,39,Normal
2026-02-14 15:23:33.197504,Seoul-5d1c,38,10,Normal
2026-02-14 15:23:34.197504,Seoul-5d1c,3,17,Normal
2026-02-14 15:23:35.197504,Seoul-5d1c,41,20,Normal
2026-02-14 15:23:36.197504,Seoul-5d1c,22,73,Normal
2026-02-14 15:23:37.197504,Seoul-5d1c,29,13,Normal
2026-02-14 15:23:38.197504,Seoul-5d1c,12,15,Normal
2026-02-14 15:23:39.197504,Seoul-5d1c,14,11,Normal
2026-02-14 15:23:40.197504,Seoul-5d1c,16,44,Normal
2026-02-14 15:23:41.197504,Seoul-5d1c,8,55,Normal
2026-02-14 15:23:42.197504,Seoul-5d1c,-3,84,Normal
2026-02-14 15:23:43.197504,Seoul-5d1c,0,86,Normal
2026-02-14 15:23:44.197504,Seoul-5d1c,40,11,Normal
2026-02-14 15:23:45.197504,Seoul-5d1c,5,16,Normal
2026-02-14 15:23:46.197504,Seoul-5d1c,47,45,Normal
2026-02-14 15:23:47.197504,Seoul-5d1c,40,69,Normal
2026-02-14 15:23:48.197504,Seoul-5d1c,-19,51,Normal
2026-02-14 15:23:49.197504,Seoul-5d1c,14,70,Normal
2026-02-14 15:23:50.197504,Seoul-5d1c,11,47,Normal
2026-02-14 15:23:51.197504,Seoul-5d1c,29,51,Normal
2026-02-14 15:23:52.197504,Seoul-5d1c,15,6,Normal
2026-02-14 15:23:53.197504,Seoul-5d1c,-22,19,Normal
2026-02-14 15:23:54.197504,Seoul-5d1c,-6,16,Normal
2026-02-14 15:23:55.197504,Seoul-5d1c,34,23,Normal
2026-02-14 15:23:56.197504,Seoul-5d1c,-14,20,Normal
2026-02-14 15:23:57.197504,Seoul-5d1c,-6,94,Normal
2026-02-14 15:23:58.197504,Seoul-5d1c,50,80,Normal
2026-02-14 15:23:59.197504,Seoul-5d1c,20,73,Normal
2026-02-14 15:24:00.197504,Seoul-5d1c,-10,78,Normal
2026-02-14 15:24:01.197504,Seoul-5d1c,13,89,Normal
2026-02-14 15:24:02.197504,Seoul-5d1c,40,13,Normal
2026-02-14 15:24:03.197504,Seoul-5d1c,35,40,Normal
2026-02-14 15:24:04.197504,Seoul-5d1c,25,69,Normal
2026-02-14 15:24:05.197504,Seoul-5d1c,-15,15,Normal
2026-02-14 15:24:06.197504,Seoul-5d1c,22,29,Normal
2026-02-14 15:24:07.197504,Seoul-5d1c,-13,50,Normal
2026-02-14 15:24:08.197504,Seoul-5d1c,-16,47,Normal
2026-02-14 15:24:09.197504,Seoul-5d1c,48,37,Normal
2026-02-14 15:24:10.197504,Seoul-5d1c,-24,58,Normal
2026-02-14 15:24:11.197504,Seoul-5d1c,4,26,Normal
2026-02-14 15:24:12.197504,Seoul-5d1c,-8,63,Normal
2026-02-14 15:24:13.197504,Seoul-5d1c,31,26,Normal
2026-02-14 15:24:14.197504,Seoul-5d1c,-12,36,Normal
2026-02-14 15:24:15.197504,Seoul-5d1c,-11,77,Normal
2026-02-14 15:24:16.197504,Seoul-5d1c,28,7,Normal
2026-02-14 15:24:17.197504,Seoul-5d1c,-14,60,Normal
2026-02-14 15:24:18.197504,Seoul-5d1c,-3,56,Normal
2026-02-14 15:24:19.197504,Seoul-5d1c,46,85,Normal
2026-02-14 15:24:20.197504,Seoul-5d1c,19,23,Normal
2026-02-14 15:24:21.197504,Seoul-5d1c,0,70,Normal
2026-02-14 15:24:22.197504,Seoul-5d1c,-1,80,Normal
2026-02-14 15:24:23.197504,Seoul-5d1c,32,53,Normal
2026-02-14 15:24:24.197504,Seoul-5d1c,29,58,Normal
2026-02-14 15:24:25.197504,Seoul-5d1c,-4,94,Normal
2026-02-14 15:24:26.197504,Seoul-5d1c,13,85,Normal
2026-02-14 15:24:27.197504,Seoul-5d1c,45,54,Normal
2026-02-14 15:24:28.197504,Seoul-5d1c,-17,64,Normal
2026-02-14 15:24:29.197504,Seoul-5d1c,-28,77,Normal
2026-02-14 15:24:30.197504,Seoul-5d1c,-18,46,Normal
2026-02-14 15:24:31.197504,Seoul-5d1c,2,91,Normal
2026-02-14 15:24:32.197504,Seoul-5d1c,46,81,Normal
2026-02-14 15:24:33.197504,Seoul-5d1c,32,53,Normal
2026-02-14 15:24:34.197504,Seoul-5d1c,42,37,Normal
2026-02-14 15:24:35.197504,Seoul-5d1c,28,15,Normal
2026-02-14 15:24:36.197504,Seoul-5d1c,-19,38,Normal
2026-02-14 15:24:37.197504,Seoul-5d1c,25,89,Normal
2026-02-14 15:24:38.197504,Seoul-5d1c,-25,63,Normal
2026-02-14 15:24:39.197504,Seoul-5d1c,8,69,Normal
2026-02-14 15:24:40.197504,Seoul-5d1c,-15,81,Normal
2026-02-14 15:24:41.197504,Seoul-5d1c,-5,93,Normal
2026-02-14 15:24:42.197504,Seoul-5d1c,-7,33,Normal
2026-02-14 15:24:43.197504,Seoul-5d1c,38,51,Normal
2026-02-14 15:24:44.197504,Seoul-5d1c,23,11,Normal
2026-02-14 15:24:45.197504,Seoul-5d1c,26,9,Normal
2026-02-14 15:24:46.197504,Seoul-5d1c,7,50,Normal
2026-02-14 15:24:47.197504,Seoul-5d1c,-24,18,Normal
2026-02-14 15:24:48.197504,Seoul-5d1c,0,42,Normal
2026-02-14 15:24:49.197504,Seoul-5d1c,4,1,Normal
2026-02-14 15:24:50.197504,Seoul-5d1c,-8,24,Normal
2026-02-14 15:24:51.197504,Seoul-5d1c,45,6,Normal
2026-02-14 15:24:52.197504,Seoul-5d1c,2,7,Normal
2026-02-14 15:24:53.197504,Seoul-5d1c,49,96,Normal
2026-02-14 15:24:54.197504,Seoul-5d1c,36,35,Normal
2026-02-14 15:24:55.197504,Seoul-5d1c,6,18,Normal
2026-02-14 15:24:56.197504,Seoul-5d1c,-4,54,Normal
2026-02-14 15:24:57.197504,Seoul-5d1c,10,74,Normal
2026-02-14 15:24:58.197504,Seoul-5d1c,-13,97,Normal
2026-02-14 15:24:59.197504,Seoul-5d1c,-8,42,Normal
2026-02-14 15:25:00.197504,Seoul-5d1c,17,66,Normal
2026-02-14 15:25:01.197504,Seoul-5d1c,4,85,Normal
2026-02-14 15:25:02.197504,Seoul-5d1c,36,17,Normal
2026-02-14 15:25:03.197504,Seoul-5d1c,-10,88,Normal
2026-02-14 15:25:04.197504,Seoul-5d1c,13,10,Normal
2026-02-14 15:25:05.197504,Seoul-5d1c,-7,72,Normal
2026-02-14 15:25:06.197504,Seoul-5d1c,32,8,Normal
2026-02-14 15:25:07.197504,Seoul-5d1c,49,16,Normal
2026-02-14 15:25:08.197504,Seoul-5d1c,1,92,Normal
2026-02-14 15:25:09.197504,Seoul-5d1c,13,32,Normal
2026-02-14 15:25:10.197504,Seoul-5d1c,0,83,Normal
2026-02-14 15:25:11.197504,Seoul-5d1c,-6,61,Normal
2026-02-14 15:25:12.197504,Seoul-5d1c,-5,20,Normal
2026-02-14 15:25:13.197504,Seoul-5d1c,-7,71,Normal
2026-02-14 15:25:14.197504,Seoul-5d1c,28,32,Normal
2026-02-14 15:25:15.197504,Seoul-5d1c,20,78,Normal
2026-02-14 15:25:16.197504,Seoul-5d1c,-19,46,Normal
2026-02-14 15:25:17.197504,Seoul-5d1c,-4,25,Normal
2026-02-14 15:25:18.197504,Seoul-5d1c,31,45,Normal
2026-02-14 15:25:19.197504,Seoul-5d1c,20,92,Normal
2026-02-14 15:25:20.197504,Seoul-5d1c,-23,62,Normal
2026-02-14 15:25:21.197504,Seoul-5d1c,11,17,Normal
2026-02-14 15:25:22.197504,Seoul-5d1c,-7,14,Normal
2026-02-14 15:25:23.197504,Seoul-5d1c,-12,62,Normal
2026-02-14 15:25:24.197504,Seoul-5d1c,21,89,Normal
2026-02-14 15:25:25.197504,Seoul-5d1c,-6,41,Normal
2026-02-14 15:25:26.197504,Seoul-5d1c,23,64,Normal
2026-02-14 15:25:27.197504,Seoul-5d1c,10,71,Normal
2026-02-14 15:25:28.197504,Seoul-5d1c,-27,23,Normal
2026-02-14 15:25:29.197504,Seoul-5d1c,-19,65,Normal
2026-02-14 15:25:30.197504,Seoul-5d1c,4,3,Normal
2026-02-14 15:25:31.197504,Seoul-5d1c,6,52,Normal
2026-02-14 15:25:32.197504,Seoul-5d1c,-6,29,Normal
2026-02-14 15:25:33.197504,Seoul-5d1c,0,56,Normal
2026-02-14 15:25:34.197504,Seoul-5d1c,-10,92,Normal
2026-02-14 15:25:35.197504,Seoul-5d1c,38,42,Normal
2026-02-14 15:25:36.197504,Seoul-5d1c,24,1,Normal
2026-02-14 15:25:37.197504,Seoul-5d1c,-3,39,Normal
2026-02-14 15:25:38.197504,Seoul-5d1c,45,6,Normal
2026-02-14 15:25:39.197504,Seoul-5d1c,16,63,Normal
2026-02-14 15:25:40.197504,Seoul-5d1c,31,25,Normal
2026-02-14 15:25:41.197504,Seoul-5d1c,-14,48,Normal
2026-02-14 15:25:42.197504,Seoul-5d1c,13,51,Normal
2026-02-14 15:25:43.197504,Seoul-5d1c,46,13,Normal
2026-02-14 15:25:44.197504,Seoul-5d1c,19,25,Normal
2026-02-14 15:25:45.197504,Seoul-5d1c,-10,46,Normal
2026-02-14 15:25:46.197504,Seoul-5d1c,-5,90,Normal
2026-02-14 15:25:47.197504,Seoul-5d1c,4,68,Normal
2026-02-14 15:25:48.197504,Seoul-5d1c,18,44,Normal
2026-02-14 15:25:49.197504,Seoul-5d1c,50,9,Normal
2026-02-14 15:25:50.197504,Seoul-5d1c,27,30,Normal
2026-02-14 15:25:51.197504,Seoul-5d1c,40,73,Normal
2026-02-14 15:25:52.197504,Seoul-5d1c,-11,63,Normal
2026-02-14 15:25:53.197504,Seoul-5d1c,7,58,Normal
2026-02-14 15:25:54.197504,Seoul-5d1c,-27,100,Normal
2026-02-14 15:25:55.197504,Seoul-5d1c,44,32,Normal
2026-02-14 15:25:56.197504,Seoul-5d1c,36,47,Normal
2026-02-14 15:25:57.197504,Seoul-5d1c,46,62,Normal
2026-02-14 15:25:58.197504,Seoul-5d1c,26,58,Normal
2026-02-14 15:25:59.197504,Seoul-5d1c,25,92,Normal
2026-02-14 15:26:00.197504,Seoul-5d1c,34,29,Normal
2026-02-14 15:26:01.197504,Seoul-5d1c,-5,78,Normal
2026-02-14 15:26:02.197504,Seoul-5d1c,47,93,Normal
2026-02-14 15:26:03.197504,Seoul-5d1c,3,53,Normal
2026-02-14 15:26:04.197504,Seoul-5d1c,-10,52,Normal
2026-02-14 15:26:05.197504,Seoul-5d1c,2,86,Normal
2026-02-14 15:26:06.197504,Seoul-5d1c,47,62,Normal
2026-02-14 15:26:07.197504,Seoul-5d1c,25,42,Normal
2026-02-14 15:26:08.197504,Seoul-5d1c,-17,89,Normal
2026-02-14 15:26:09.197504,Seoul-5d1c,18,36,Normal
2026-02-14 15:26:10.197504,Seoul-5d1c,-7,4,Normal
2026-02-14 15:26:11.197504,Seoul-5d1c,25,40,Normal
2026-02-14 15:26:12.197504,Seoul-5d1c,-13,48,Normal
2026-02-14 15:26:13.197504,Seoul-5d1c,-29,50,Normal
2026-02-14 15:26:14.197504,Seoul-5d1c,6,96,Normal
2026-02-14 15:26:15.197504,Seoul-5d1c,42,24,Normal
2026-02-14 15:26:16.197504,Seoul-5d1c,45,74,Normal
2026-02-14 15:26:17.197504,Seoul-5d1c,26,99,Normal
2026-02-14 15:26:18.197504,Seoul-5d1c,30,88,Normal
2026-02-14 15:26:19.197504,Seoul-5d1c,33,71,Normal
2026-02-14 15:26:20.197504,Seoul-5d1c,-16,86,Normal
2026-02-14 15:26:21.197504,Seoul-5d1c,30,43,Normal
2026-02-14 15:26:22.197504,Seoul-5d1c,-28,38,Normal
2026-02-14 15:26:23.197504,Seoul-5d1c,5,46,Normal
2026-02-14 15:26:24.197504,Seoul-5d1c,32,13,Normal
2026-02-14 15:26:25.197504,Seoul-5d1c,18,27,Normal
2026-02-14 15:26:26.197504,Seoul-5d1c,12,41,Normal
2026-02-14 15:26:27.197504,Seoul-5d1c,-25,4,Normal
2026-02-14 15:26:28.197504,Seoul-5d1c,35,95,Normal
2026-02-14 15:26:29.197504,Seoul-5d1c,-23,21,Normal
2026-02-14 15:26:30.197504,Seoul-5d1c,6,32,Normal
2026-02-14 15:26:31.197504,Seoul-5d1c,-28,77,Normal
2026-02-14 15:26:32.197504,Seoul-5d1c,-23,64,Normal
2026-02-14 15:26:33.197504,Seoul-5d1c,-7,77,Normal
2026-02-14 15:26:34.197504,Seoul-5d1c,27,51,Normal
2026-02-14 15:26:35.197504,Seoul-5d1c,34,48,Normal
2026-02-14 15:26:36.197504,Seoul-5d1c,42,11,Normal
2026-02-14 15:26:37.197504,Seoul-5d1c,-5,47,Normal
2026-02-14 15:26:38.197504,Seoul-5d1c,-24,33,Normal
2026-02-14 15:26:39.197504,Seoul-5d1c,-17,1,Normal
2026-02-14 15:26:40.197504,Seoul-5d1c,43,75,Normal
2026-02-14 15:26:41.197504,Seoul-5d1c,23,8,Normal
