timestamp,station_id,temp,humid,condition
2026-02-11 10:35:09.260285,NewYork-b491,30,52,Normal
2026-02-11 10:35:10.260285,NewYork-b491,41,46,Normal
2026-02-11 10:35:11.260285,NewYork-b491,-7,56,Normal
2026-02-11 10:35:12.260285,NewYork-b491,16,46,Normal
2026-02-11 10:35:13.260285,NewYork-b491,44,21,Normal
2026-02-11 10:35:14.260285,NewYork-b491,18,13,Normal
2026-02-11 10:35:15.260285,NewYork-b491,13,81,Normal
2026-02-11 10:35:16.260285,NewYork-b491,-6,0,Normal
2026-02-11 10:35:17.260285,NewYork-b491,7,67,Normal
2026-02-11 10:35:18.260285,NewYork-b491,5,14,Normal
2026-02-11 10:35:19.260285,NewYork-b491,24,35,Normal
2026-02-11 10:35:20.260285,NewYork-b491,-19,18,Normal
2026-02-11 10:35:21.260285,NewYork-b491,-18,5,Normal
2026-02-11 10:35:22.260285,NewYork-b491,29,45,Normal
2026-02-11 10:35:23.260285,NewYork-b491,-21,82,Normal
2026-02-11 10:35:24.260285,NewYork-b491,27,78,Normal
2026-02-11 10:35:25.260285,NewYork-b491,4,34,Normal
2026-02-11 10:35:26.260285,NewYork-b491,22,38,Normal
2026-02-11 10:35:27.260285,NewYork-b491,26,51,Normal
2026-02-11 10:35:28.260285,NewYork-b491,46,86,Normal
2026-02-11 10:35:29.260285,NewYork-b491,25,71,Normal
2026-02-11 10:35:30.260285,NewYork-b491,26,66,Normal
2026-02-11 10:35:31.260285,NewYork-b491,43,88,Normal
2026-02-11 10:35:32.260285,NewYork-b491,3,73,Normal
2026-02-11 10:35:33.260285,NewYork-b491,-27,59,Normal
2026-02-11 10:35:34.260285,NewYork-b491,47,45,Normal
2026-02-11 10:35:35.260285,NewYork-b491,0,56,Normal
2026-02-11 10:35:36.260285,NewYork-b491,1,48,Normal
2026-02-11 10:35:37.260285,NewYork-b491,27,22,Normal
2026-02-11 10:35:38.260285,NewYork-b491,-19,93,Normal
2026-02-11 10:35:39.260285,NewYork-b491,24,33,Normal
2026-02-11 10:35:40.260285,NewYork-b491,-8,27,Normal
2026-02-11 10:35:41.260285,NewYork-b491,-17,72,Normal
2026-02-11 10:35:42.260285,NewYork-b491,-13,26,Normal
2026-02-11 10:35:43.260285,NewYork-b491,9,57,Normal
2026-02-11 10:35:44.260285,NewYork-b491,-3,77,Normal
2026-02-11 10:35:45.260285,NewYork-b491,27,83,Normal
2026-02-11 10:35:46.260285,NewYork-b491,-23,75,Normal
2026-02-11 10:35:47.260285,NewYork-b491,33,99,Normal
2026-02-11 10:35:48.260285,NewYork-b491,16,58,Normal
2026-02-11 10:35:49.260285,NewYork-b491,-27,80,Normal
2026-02-11 10:35:50.260285,NewYork-b491,43,26,Normal
2026-02-11 10:35:51.260285,NewYork-b491,1,55,Normal
2026-02-11 10:35:52.260285,NewYork-b491,7,72,Normal
2026-02-11 10:35:53.260285,NewYork-b491,7,52,Normal
2026-02-11 10:35:54.260285,NewYork-b491,6,77,Normal
2026-02-11 10:35:55.260285,NewYork-b491,15,41,Normal
2026-02-11 10:35:56.260285,NewYork-b491,-28,81,Normal
2026-02-11 10:35:57.260285,NewYork-b491,21,36,Normal
2026-02-11 10:35:58.260285,NewYork-b491,-4,51,Normal
2026-02-11 10:35:59.260285,NewYork-b491,43,50,Normal
2026-02-11 10:36:00.260285,NewYork-b491,42,32,Normal
2026-02-11 10:36:01.260285,NewYork-b491,-11,50,Normal
2026-02-11 10:36:02.260285,NewYork-b491,-3,6,Normal
2026-02-11 10:36:03.260285,NewYork-b491,-20,94,Normal
2026-02-11 10:36:04.260285,NewYork-b491,36,56,Normal
2026-02-11 10:36:05.260285,NewYork-b491,48,39,Normal
2026-02-11 10:36:06.260285,NewYork-b491,3,43,Normal
2026-02-11 10:36:07.260285,NewYork-b491,17,30,Normal
2026-02-11 10:36:08.260285,NewYork-b491,34,14,Normal
2026-02-11 10:36:09.260285,NewYork-b491,-17,54,Normal
2026-02-11 10:36:10.260285,NewYork-b491,-6,37,Normal
2026-02-11 10:36:11.260285,NewYork-b491,16,15,Normal
2026-02-11 10:36:12.260285,NewYork-b491,-29,15,Normal
2026-02-11 10:36:13.260285,NewYork-b491,40,21,Normal
2026-02-11 10:36:14.260285,NewYork-b491,34,88,Normal
2026-02-11 10:36:15.260285,NewYork-b491,45,99,Normal
2026-02-11 10:36:16.260285,NewYork-b491,-26,5,Normal
2026-02-11 10:36:17.260285,NewYork-b491,16,2,Normal
2026-02-11 10:36:18.260285,NewYork-b491,-7,70,Normal
2026-02-11 10:36:19.260285,NewYork-b491,-3,27,Normal
2026-02-11 10:36:20.260285,NewYork-b491,39,29,Normal
2026-02-11 10:36:21.260285,NewYork-b491,-20,55,Normal
2026-02-11 10:36:22.260285,NewYork-b491,-21,67,Normal
2026-02-11 10:36:23.260285,NewYork-b491,-16,3,Normal
2026-02-11 10:36:24.260285,NewYork-b491,11,55,Normal
2026-02-11 10:36:25.260285,NewYork-b491,-19,89,Normal
2026-02-11 10:36:26.260285,NewYork-b491,19,39,Normal
2026-02-11 10:36:27.260285,NewYork-b491,-18,44,Normal
2026-02-11 10:36:28.260285,NewYork-b491,40,17,Normal
2026-02-11 10:36:29.260285,NewYork-b491,-13,25,Normal
2026-02-11 10:36:30.260285,NewYork-b491,33,24,Normal
2026-02-11 10:36:31.260285,NewYork-b491,33,61,Normal
2026-02-11 10:36:32.260285,NewYork-b491,12,19,Normal
2026-02-11 10:36:33.260285,NewYork-b491,-15,27,Normal
2026-02-11 10:36:34.260285,NewYork-b491,25,45,Normal
2026-02-11 10:36:35.260285,NewYork-b491,-4,67,Normal
2026-02-11 10:36:36.260285,NewYork-b491,26,54,Normal
2026-02-11 10:36:37.260285,NewYork-b491,15,43,Normal
2026-02-11 10:36:38.260285,NewYork-b491,10,10,Normal
2026-02-11 10:36:39.260285,NewYork-b491,35,79,Normal
2026-02-11 10:36:40.260285,NewYork-b491,27,69,Normal
2026-02-11 10:36:41.260285,NewYork-b491,35,90,Normal
2026-02-11 10:36:42.260285,NewYork-b491,-8,70,Normal
2026-02-11 10:36:43.260285,NewYork-b491,-26,28,Normal
2026-02-11 10:36:44.260285,NewYork-b491,49,38,Normal
2026-02-11 10:36:45.260285,NewYork-b491,11,57,Normal
2026-02-11 10:36:46.260285,NewYork-b491,5,89,Normal
2026-02-11 10:36:47.260285,NewYork-b491,28,14,Normal
2026-02-11 10:36:48.260285,NewYork-b491,46,38,Normal
2026-02-11 10:36:49.260285,NewYork-b491,-22,58,Normal
2026-02-11 10:36:50.260285,NewYork-b491,23,71,Normal
2026-02-11 10:36:51.260285,NewYork-b491,-28,19,Normal
2026-02-11 10:36:52.260285,NewYork-b491,-19,43,Normal
2026-02-11 10:36:53.260285,NewYork-b491,17,71,Normal
2026-02-11 10:36:54.260285,NewYork-b491,10,40,Normal
2026-02-11 10:36:55.260285,NewYork-b491,9,97,Normal
2026-02-11 10:36:56.260285,NewYork-b491,5,27,Normal
2026-02-11 10:36:57.260285,NewYork-b491,-29,70,Normal
2026-02-11 10:36:58.260285,NewYork-b491,-2,57,Normal
2026-02-11 10:36:59.260285,NewYork-b491,50,69,Normal
2026-02-11 10:37:00.260285,NewYork-b491,47,96,Normal
2026-02-11 10:37:01.260285,NewYork-b491,13,15,Normal
2026-02-11 10:37:02.260285,NewYork-b491,47,35,Normal
2026-02-11 10:37:03.260285,NewYork-b491,-13,51,Normal
2026-02-11 10:37:04.260285,NewYork-b491,44,35,Normal
2026-02-11 10:37:05.260285,NewYork-b491,5,85,Normal
2026-02-11 10:37:06.260285,NewYork-b491,11,48,Normal
2026-02-11 10:37:07.260285,NewYork-b491,-9,23,Normal
2026-02-11 10:37:08.260285,NewYork-b491,16,60,Normal
2026-02-11 10:37:09.260285,NewYork-b491,20,62,Normal
2026-02-11 10:37:10.260285,NewYork-b491,-16,28,Normal
2026-02-11 10:37:11.260285,NewYork-b491,-29,86,Normal
2026-02-11 10:37:12.260285,NewYork-b491,-4,54,Normal
2026-02-11 10:37:13.260285,NewYork-b491,47,39,Normal
2026-02-11 10:37:14.260285,NewYork-b491,23,21,Normal
2026-02-11 10:37:15.260285,NewYork-b491,50,56,Normal
2026-02-11 10:37:16.260285,NewYork-b491,20,81,Normal
2026-02-11 10:37:17.260285,NewYork-b491,-2,15,Normal
2026-02-11 10:37:18.260285,NewYork-b491,-2,66,Normal
2026-02-11 10:37:19.260285,NewYork-b491,31,70,Normal
2026-02-11 10:37:20.260285,NewYork-b491,-14,78,Normal
2026-02-11 10:37:21.260285,NewYork-b491,-3,27,Normal
2026-02-11 10:37:22.260285,NewYork-b491,27,84,Normal
2026-02-11 10:37:23.260285,NewYork-b491,-13,88,Normal
2026-02-11 10:37:24.260285,NewYork-b491,45,33,Normal
2026-02-11 10:37:25.260285,NewYork-b491,37,79,Normal
2026-02-11 10:37:26.260285,NewYork-b491,-24,63,Normal
2026-02-11 10:37:27.260285,NewYork-b491,11,83,Normal
2026-02-11 10:37:28.260285,NewYork-b491,21,25,Normal
2026-02-11 10:37:29.260285,NewYork-b491,-21,59,Normal
2026-02-11 10:37:30.260285,NewYork-b491,23,38,Normal
2026-02-11 10:37:31.260285,NewYork-b491,-6,96,Normal
2026-02-11 10:37:32.260285,NewYork-b491,39,8,Normal
2026-02-11 10:37:33.260285,NewYork-b491,3,78,Normal
2026-02-11 10:37:34.260285,NewYork-b491,-2,93,Normal
2026-02-11 10:37:35.260285,NewYork-b491,22,54,Normal
2026-02-11 10:37:36.260285,NewYork-b491,39,32,Normal
2026-02-11 10:37:37.260285,NewYork-b491,9,46,Normal
2026-02-11 10:37:38.260285,NewYork-b491,21,97,Normal
2026-02-11 10:37:39.260285,NewYork-b491,23,84,Normal
2026-02-11 10:37:40.260285,NewYork-b491,-13,10,Normal
2026-02-11 10:37:41.260285,NewYork-b491,43,42,Normal
2026-02-11 10:37:42.260285,NewYork-b491,14,52,Normal
2026-02-11 10:37:43.260285,NewYork-b491,-16,29,Normal
2026-02-11 10:37:44.260285,NewYork-b491,-24,40,Normal
2026-02-11 10:37:45.260285,NewYork-b491,30,9,Normal
2026-02-11 10:37:46.260285,NewYork-b491,-29,24,Normal
2026-02-11 10:37:47.260285,NewYork-b491,45,87,Normal
2026-02-11 10:37:48.260285,NewYork-b491,26,2,Normal
2026-02-11 10:37:49.260285,NewYork-b491,0,4,Normal
2026-02-11 10:37:50.260285,NewYork-b491,-3,59,Normal
2026-02-11 10:37:51.260285,NewYork-b491,-15,21,Normal
2026-02-11 10:37:52.260285,NewYork-b491,3,71,Normal
2026-02-11 10:37:53.260285,NewYork-b491,-22,59,Normal
2026-02-11 10:37:54.260285,NewYork-b491,4,76,Normal
2026-02-11 10:37:55.260285,NewYork-b491,25,49,Normal
2026-02-11 10:37:56.260285,NewYork-b491,15,27,Normal
2026-02-11 10:37:57.260285,NewYork-b491,49,3,Normal
2026-02-11 10:37:58.260285,NewYork-b491,-17,62,Normal
2026-02-11 10:37:59.260285,NewYork-b491,-23,29,Normal
2026-02-11 10:38:00.260285,NewYork-b491,-4,33,Normal
2026-02-11 10:38:01.260285,NewYork-b491,-1,50,Normal
2026-02-11 10:38:02.260285,NewYork-b491,6,74,Normal
2026-02-11 10:38:03.260285,NewYork-b491,12,23,Normal
2026-02-11 10:38:04.260285,NewYork-b491,-29,89,Normal
2026-02-11 10:38:05.260285,NewYork-b491,42,17,Normal
2026-02-11 10:38:06.260285,NewYork-b491,-24,36,Normal
2026-02-11 10:38:07.260285,NewYork-b491,17,21,Normal
2026-02-11 10:38:08.260285,NewYork-b491,-28,59,Normal
2026-02-11 10:38:09.260285,NewYork-b491,-3,28,Normal
2026-02-11 10:38:10.260285,NewYork-b491,2,2,Normal
2026-02-11 10:38:11.260285,NewYork-b491,-29,59,Normal
2026-02-11 10:38:12.260285,NewYork-b491,-11,91,Normal
2026-02-11 10:38:13.260285,NewYork-b491,13,46,Normal
2026-02-11 10:38:14.260285,NewYork-b491,25,24,Normal
2026-02-11 10:38:15.260285,NewYork-b491,21,82,Normal
2026-02-11 10:38:16.260285,NewYork-b491,49,53,Normal
2026-02-11 10:38:17.260285,NewYork-b491,6,74,Normal
2026-02-11 10:38:18.260285,NewYork-b491,29,65,Normal
2026-02-11 10:38:19.260285,NewYork-b491,-26,35,Normal
2026-02-11 10:38:20.260285,NewYork-b491,27,64,Normal
2026-02-11 10:38:21.260285,NewYork-b491,39,29,Normal
2026-02-11 10:38:22.260285,NewYork-b491,-5,1,Normal
2026-02-11 10:38:23.260285,NewYork-b491,-13,45,Normal
2026-02-11 10:38:24.260285,NewYork-b491,30,39,Normal
2026-02-11 10:38:25.260285,NewYork-b491,-25,29,Normal
2026-02-11 10:38:26.260285,NewYork-b491,-22,11,Normal
2026-02-11 10:38:27.260285,NewYork-b491,38,76,Normal
2026-02-11 10:38:28.260285,NewYork-b491,-2,2,Normal
2026-02-11 10:38:29.260285,NewYork-b491,2,24,Normal
2026-02-11 10:38:30.260285,NewYork-b491,2,54,Normal
2026-02-11 10:38:31.260285,NewYork-b491,36,75,Normal
2026-02-11 10:38:32.260285,NewYork-b491,-22,24,Normal
2026-02-11 10:38:33.260285,NewYork-b491,-16,30,Normal
2026-02-11 10:38:34.260285,NewYork-b491,-12,64,Normal
2026-02-11 10:38:35.260285,NewYork-b491,11,92,Normal
2026-02-11 10:38:36.260285,NewYork-b491,35,55,Normal
2026-02-11 10:38:37.260285,NewYork-b491,-27,3,Normal
2026-02-11 10:38:38.260285,NewYork-b491,47,54,Normal
2026-02-11 10:38:39.260285,NewYork-b491,-20,67,Normal
2026-02-11 10:38:40.260285,NewYork-b491,-30,60,Normal
2026-02-11 10:38:41.260285,NewYork-b491,40,7,Normal
2026-02-11 10:38:42.260285,NewYork-b491,34,19,Normal
2026-02-11 10:38:43.260285,NewYork-b491,7,10,Normal
2026-02-11 10:38:44.260285,NewYork-b491,-23,80,Normal
2026-02-11 10:38:45.260285,NewYork-b491,-4,43,Normal
2026-02-11 10:38:46.260285,NewYork-b491,-28,11,Normal
2026-02-11 10:38:47.260285,NewYork-b491,25,17,Normal
2026-02-11 10:38:48.260285,NewYork-b491,16,20,Normal
2026-02-11 10:38:49.260285,NewYork-b491,43,24,Normal
2026-02-11 10:38:50.260285,NewYork-b491,17,47,Normal
2026-02-11 10:38:51.260285,NewYork-b491,-4,2,Normal
2026-02-11 10:38:52.260285,NewYork-b491,32,67,Normal
2026-02-11 10:38:53.260285,NewYork-b491,12,34,Normal
2026-02-11 10:38:54.260285,NewYork-b491,48,92,Normal
2026-02-11 10:38:55.260285,NewYork-b491,-16,36,Normal
2026-02-11 10:38:56.260285,NewYork-b491,47,8,Normal
2026-02-11 10:38:57.260285,NewYork-b491,10,30,Normal
2026-02-11 10:38:58.260285,NewYork-b491,47,88,Normal
2026-02-11 10:38:59.260285,NewYork-b491,44,17,Normal
2026-02-11 10:39:00.260285,NewYork-b491,28,39,Normal
2026-02-11 10:39:01.260285,NewYork-b491,-19,29,Normal
2026-02-11 10:39:02.260285,NewYork-b491,-1,64,Normal
2026-02-11 10:39:03.260285,NewYork-b491,-12,44,Normal
2026-02-11 10:39:04.260285,NewYork-b491,14,16,Normal
2026-02-11 10:39:05.260285,NewYork-b491,-22,82,Normal
2026-02-11 10:39:06.260285,NewYork-b491,-15,81,Normal
2026-02-11 10:39:07.260285,NewYork-b491,-2,65,Normal
2026-02-11 10:39:08.260285,NewYork-b491,-1,38,Normal
2026-02-11 10:39:09.260285,NewYork-b491,18,33,Normal
2026-02-11 10:39:10.260285,NewYork-b491,-1,93,Normal
2026-02-11 10:39:11.260285,NewYork-b491,14,76,Normal
2026-02-11 10:39:12.260285,NewYork-b491,38,18,Normal
2026-02-11 10:39:13.260285,NewYork-b491,-9,95,Normal
2026-02-11 10:39:14.260285,NewYork-b491,-9,76,Normal
2026-02-11 10:39:15.260285,NewYork-b491,2,31,Normal
2026-02-11 10:39:16.260285,NewYork-b491,1,81,Normal
2026-02-11 10:39:17.260285,NewYork-b491,-3,62,Normal
2026-02-11 10:39:18.260285,NewYork-b491,44,2,Normal
2026-02-11 10:39:19.260285,NewYork-b491,32,99,Normal
2026-02-11 10:39:20.260285,NewYork-b491,42,94,Normal
2026-02-11 10:39:21.260285,NewYork-b491,7,8,Normal
2026-02-11 10:39:22.260285,NewYork-b491,-24,60,Normal
2026-02-11 10:39:23.260285,NewYork-b491,32,84,Normal
2026-02-11 10:39:24.260285,NewYork-b491,46,17,Normal
2026-02-11 10:39:25.260285,NewYork-b491,10,72,Normal
2026-02-11 10:39:26.260285,NewYork-b491,-30,66,Normal
2026-02-11 10:39:27.260285,NewYork-b491,10,62,Normal
2026-02-11 10:39:28.260285,NewYork-b491,-11,52,Normal
2026-02-11 10:39:29.260285,NewYork-b491,45,77,Normal
2026-02-11 10:39:30.260285,NewYork-b491,28,45,Normal
2026-02-11 10:39:31.260285,NewYork-b491,-11,24,Normal
2026-02-11 10:39:32.260285,NewYork-b491,41,56,Normal
2026-02-11 10:39:33.260285,NewYork-b491,42,10,Normal
2026-02-11 10:39:34.260285,NewYork-b491,18,59,Normal
2026-02-11 10:39:35.260285,NewYork-b491,50,99,Normal
2026-02-11 10:39:36.260285,NewYork-b491,0,16,Normal
2026-02-11 10:39:37.260285,NewYork-b491,22,31,Normal
2026-02-11 10:39:38.260285,NewYork-b491,-11,72,Normal
2026-02-11 10:39:39.260285,NewYork-b491,37,64,Normal
2026-02-11 10:39:40.260285,NewYork-b491,44,73,Normal
2026-02-11 10:39:41.260285,NewYork-b491,-7,13,Normal
2026-02-11 10:39:42.260285,NewYork-b491,6,70,Normal
2026-02-11 10:39:43.260285,NewYork-b491,36,68,Normal
2026-02-11 10:39:44.260285,NewYork-b491,-16,29,Normal
2026-02-11 10:39:45.260285,NewYork-b491,25,42,Normal
2026-02-11 10:39:46.260285,NewYork-b491,50,9,Normal
2026-02-11 10:39:47.260285,NewYork-b491,15,19,Normal
2026-02-11 10:39:48.260285,NewYork-b491,-15,82,Normal
2026-02-11 10:39:49.260285,NewYork-b491,-24,81,Normal
2026-02-11 10:39:50.260285,NewYork-b491,10,53,Normal
2026-02-11 10:39:51.260285,NewYork-b491,50,77,Normal
2026-02-11 10:39:52.260285,NewYork-b491,24,43,Normal
2026-02-11 10:39:53.260285,NewYork-b491,-28,17,Normal
2026-02-11 10:39:54.260285,NewYork-b491,18,99,Normal
2026-02-11 10:39:55.260285,NewYork-b491,-1,20,Normal
2026-02-11 10:39:56.260285,NewYork-b491,18,76,Normal
2026-02-11 10:39:57.260285,NewYork-b491,-20,22,Normal
2026-02-11 10:39:58.260285,NewYork-b491,37,18,Normal
2026-02-11 10:39:59.260285,NewYork-b491,6,47,Normal
2026-02-11 10:40:00.260285,NewYork-b491,49,17,Normal
2026-02-11 10:40:01.260285,NewYork-b491,36,3,Normal
2026-02-11 10:40:02.260285,NewYork-b491,11,64,Normal
2026-02-11 10:40:03.260285,NewYork-b491,34,55,Normal
2026-02-11 10:40:04.260285,NewYork-b491,-19,15,Normal
2026-02-11 10:40:05.260285,NewYork-b491,47,85,Normal
2026-02-11 10:40:06.260285,NewYork-b491,-27,27,Normal
2026-02-11 10:40:07.260285,NewYork-b491,-11,35,Normal
2026-02-11 10:40:08.260285,NewYork-b491,26,75,Normal
2026-02-11 10:40:09.260285,NewYork-b491,18,73,Normal
2026-02-11 10:40:10.260285,NewYork-b491,-16,52,Normal
2026-02-11 10:40:11.260285,NewYork-b491,36,25,Normal
2026-02-11 10:40:12.260285,NewYork-b491,41,50,Normal
2026-02-11 10:40:13.260285,NewYork-b491,3,23,Normal
2026-02-11 10:40:14.260285,NewYork-b491,12,77,Normal
2026-02-11 10:40:15.260285,NewYork-b491,25,26,Normal
2026-02-11 10:40:16.260285,NewYork-b491,21,8,Normal
2026-02-11 10:40:17.260285,NewYork-b491,31,64,Normal
2026-02-11 10:40:18.260285,NewYork-b491,32,35,Normal
2026-02-11 10:40:19.260285,NewYork-b491,-19,77,Normal
2026-02-11 10:40:20.260285,NewYork-b491,14,66,Normal
2026-02-11 10:40:21.260285,NewYork-b491,-11,4,Normal
2026-02-11 10:40:22.260285,NewYork-b491,19,74,Normal
2026-02-11 10:40:23.260285,NewYork-b491,42,19,Normal
2026-02-11 10:40:24.260285,NewYork-b491,-29,91,Normal
2026-02-11 10:40:25.260285,NewYork-b491,-5,0,Normal
2026-02-11 10:40:26.260285,NewYork-b491,-28,7,Normal
2026-02-11 10:40:27.260285,NewYork-b491,43,65,Normal
2026-02-11 10:40:28.260285,NewYork-b491,4,99,Normal
2026-02-11 10:40:29.260285,NewYork-b491,36,96,Normal
2026-02-11 10:40:30.260285,NewYork-b491,-7,61,Normal
2026-02-11 10:40:31.260285,NewYork-b491,0,96,Normal
2026-02-11 10:40:32.260285,NewYork-b491,46,46,Normal
2026-02-11 10:40:33.260285,NewYork-b491,40,78,Normal
2026-02-11 10:40:34.260285,NewYork-b491,-22,35,Normal
2026-02-11 10:40:35.260285,NewYork-b491,-14,9,Normal
2026-02-11 10:40:36.260285,NewYork-b491,46,71,Normal
2026-02-11 10:40:37.260285,NewYork-b491,2,46,Normal
2026-02-11 10:40:38.260285,NewYork-b491,-10,26,Normal
2026-02-11 10:40:39.260285,NewYork-b491,17,47,Normal
2026-02-11 10:40:40.260285,NewYork-b491,12,20,Normal
2026-02-11 10:40:41.260285,NewYork-b491,36,25,Normal
2026-02-11 10:40:42.260285,NewYork-b491,14,93,Normal
2026-02-11 10:40:43.260285,NewYork-b491,8,12,Normal
2026-02-11 10:40:44.260285,NewYork-b491,5,56,Normal
2026-02-11 10:40:45.260285,NewYork-b491,30,64,Normal
2026-02-11 10:40:46.260285,NewYork-b491,-29,96,Normal
2026-02-11 10:40:47.260285,NewYork-b491,-16,31,Normal
2026-02-11 10:40:48.260285,NewYork-b491,-27,35,Normal
2026-02-11 10:40:49.260285,NewYork-b491,41,2,Normal
2026-02-11 10:40:50.260285,NewYork-b491,46,40,Normal
2026-02-11 10:40:51.260285,NewYork-b491,-28,10,Normal
2026-02-11 10:40:52.260285,NewYork-b491,5,38,Normal
2026-02-11 10:40:53.260285,NewYork-b491,44,2,Normal
2026-02-11 10:40:54.260285,NewYork-b491,47,31,Normal
2026-02-11 10:40:55.260285,NewYork-b491,-4,81,Normal
2026-02-11 10:40:56.260285,NewYork-b491,-22,92,Normal
2026-02-11 10:40:57.260285,NewYork-b491,-26,55,Normal
2026-02-11 10:40:58.260285,NewYork-b491,40,96,Normal
2026-02-11 10:40:59.260285,NewYork-b491,33,12,Normal
2026-02-11 10:41:00.260285,NewYork-b491,-29,87,Normal
2026-02-11 10:41:01.260285,NewYork-b491,-29,12,Normal
2026-02-11 10:41:02.260285,NewYork-b491,-20,13,Normal
2026-02-11 10:41:03.260285,NewYork-b491,8,58,Normal
2026-02-11 10:41:04.260285,NewYork-b491,50,17,Normal
2026-02-11 10:41:05.260285,NewYork-b491,26,85,Normal
2026-02-11 10:41:06.260285,NewYork-b491,9,63,Normal
2026-02-11 10:41:07.260285,NewYork-b491,33,58,Normal
2026-02-11 10:41:08.260285,NewYork-b491,22,79,Normal
2026-02-11 10:41:09.260285,NewYork-b491,17,48,Normal
2026-02-11 10:41:10.260285,NewYork-b491,-2,66,Normal
2026-02-11 10:41:11.260285,NewYork-b491,43,59,Normal
2026-02-11 10:41:12.260285,NewYork-b491,16,5,Normal
2026-02-11 10:41:13.260285,NewYork-b491,10,40,Normal
2026-02-11 10:41:14.260285,NewYork-b491,4,91,Normal
2026-02-11 10:41:15.260285,NewYork-b491,46,42,Normal
2026-02-11 10:41:16.260285,NewYork-b491,-2,78,Normal
2026-02-11 10:41:17.260285,NewYork-b491,41,1,Normal
2026-02-11 10:41:18.260285,NewYork-b491,31,80,Normal
2026-02-11 10:41:19.260285,NewYork-b491,38,80,Normal
2026-02-11 10:41:20.260285,NewYork-b491,-14,44,Normal
2026-02-11 10:41:21.260285,NewYork-b491,-17,84,Normal
2026-02-11 10:41:22.260285,NewYork-b491,-24,35,Normal
2026-02-11 10:41:23.260285,NewYork-b491,20,14,Normal
2026-02-11 10:41:24.260285,NewYork-b491,-13,34,Normal
2026-02-11 10:41:25.260285,NewYork-b491,33,77,Normal
2026-02-11 10:41:26.260285,NewYork-b491,-10,22,Normal
2026-02-11 10:41:27.260285,NewYork-b491,-12,61,Normal
2026-02-11 10:41:28.260285,NewYork-b491,29,48,Normal
2026-02-11 10:41:29.260285,NewYork-b491,14,14,Normal
2026-02-11 10:41:30.260285,NewYork-b491,-30,86,Normal
2026-02-11 10:41:31.260285,NewYork-b491,29,2,Normal
2026-02-11 10:41:32.260285,NewYork-b491,-18,2,Normal
2026-02-11 10:41:33.260285,NewYork-b491,40,66,Normal
2026-02-11 10:41:34.260285,NewYork-b491,35,7,Normal
2026-02-11 10:41:35.260285,NewYork-b491,-7,19,Normal
2026-02-11 10:41:36.260285,NewYork-b491,15,88,Normal
2026-02-11 10:41:37.260285,NewYork-b491,20,68,Normal
2026-02-11 10:41:38.260285,NewYork-b491,38,48,Normal
2026-02-11 10:41:39.260285,NewYork-b491,15,44,Normal
2026-02-11 10:41:40.260285,NewYork-b491,36,14,Normal
2026-02-11 10:41:41.260285,NewYork-b491,44,71,Normal
2026-02-11 10:41:42.260285,NewYork-b491,-12,91,Normal
2026-02-11 10:41:43.260285,NewYork-b491,0,1,Normal
2026-02-11 10:41:44.260285,NewYork-b491,40,0,Normal
2026-02-11 10:41:45.260285,NewYork-b491,49,50,Normal
2026-02-11 10:41:46.260285,NewYork-b491,-28,6,Normal
2026-02-11 10:41:47.260285,NewYork-b491,-30,97,Normal
2026-02-11 10:41:48.260285,NewYork-b491,-28,23,Normal
2026-02-11 10:41:49.260285,NewYork-b491,-4,89,Normal
2026-02-11 10:41:50.260285,NewYork-b491,47,25,Normal
2026-02-11 10:41:51.260285,NewYork-b491,27,97,Normal
2026-02-11 10:41:52.260285,NewYork-b491,15,47,Normal
2026-02-11 10:41:53.260285,NewYork-b491,32,92,Normal
2026-02-11 10:41:54.260285,NewYork-b491,-15,90,Normal
2026-02-11 10:41:55.260285,NewYork-b491,48,75,Normal
2026-02-11 10:41:56.260285,NewYork-b491,0,14,Normal
2026-02-11 10:41:57.260285,NewYork-b491,-8,67,Normal
2026-02-11 10:41:58.260285,NewYork-b491,35,2,Normal
2026-02-11 10:41:59.260285,NewYork-b491,-1,1,Normal
2026-02-11 10:42:00.260285,NewYork-b491,-21,80,Normal
2026-02-11 10:42:01.260285,NewYork-b491,25,24,Normal
2026-02-11 10:42:02.260285,NewYork-b491,15,2,Normal
2026-02-11 10:42:03.260285,NewYork-b491,41,72,Normal
2026-02-11 10:42:04.260285,NewYork-b491,50,82,Normal
2026-02-11 10:42:05.260285,NewYork-b491,28,9,Normal
2026-02-11 10:42:06.260285,NewYork-b491,-18,95,Normal
2026-02-11 10:42:07.260285,NewYork-b491,39,79,Normal
2026-02-11 10:42:08.260285,NewYork-b491,6,42,Normal
2026-02-11 10:42:09.260285,NewYork-b491,-29,99,Normal
2026-02-11 10:42:10.260285,NewYork-b491,-14,10,Normal
2026-02-11 10:42:11.260285,NewYork-b491,-11,40,Normal
2026-02-11 10:42:12.260285,NewYork-b491,22,63,Normal
2026-02-11 10:42:13.260285,NewYork-b491,5,36,Normal
2026-02-11 10:42:14.260285,NewYork-b491,49,43,Normal
2026-02-11 10:42:15.260285,NewYork-b491,23,62,Normal
2026-02-11 10:42:16.260285,NewYork-b491,1,82,Normal
2026-02-11 10:42:17.260285,NewYork-b491,45,73,Normal
2026-02-11 10:42:18.260285,NewYork-b491,-22,100,Normal
2026-02-11 10:42:19.260285,NewYork-b491,45,79,Normal
2026-02-11 10:42:20.260285,NewYork-b491,-10,53,Normal
2026-02-11 10:42:21.260285,NewYork-b491,18,78,Normal
2026-02-11 10:42:22.260285,NewYork-b491,-30,53,Normal
2026-02-11 10:42:23.260285,NewYork-b491,33,54,Normal
2026-02-11 10:42:24.260285,NewYork-b491,-26,100,Normal
2026-02-11 10:42:25.260285,NewYork-b491,-20,68,Normal
2026-02-11 10:42:26.260285,NewYork-b491,25,63,Normal
2026-02-11 10:42:27.260285,NewYork-b491,22,81,Normal
2026-02-11 10:42:28.260285,NewYork-b491,6,29,Normal
2026-02-11 10:42:29.260285,NewYork-b491,35,50,Normal
2026-02-11 10:42:30.260285,NewYork-b491,-25,62,Normal
2026-02-11 10:42:31.260285,NewYork-b491,-15,64,Normal
2026-02-11 10:42:32.260285,NewYork-b491,-26,96,Normal
2026-02-11 10:42:33.260285,NewYork-b491,-29,61,Normal
2026-02-11 10:42:34.260285,NewYork-b491,5,31,Normal
2026-02-11 10:42:35.260285,NewYork-b491,15,36,Normal
2026-02-11 10:42:36.260285,NewYork-b491,11,24,Normal
2026-02-11 10:42:37.260285,NewYork-b491,-24,35,Normal
2026-02-11 10:42:38.260285,NewYork-b491,-11,79,Normal
2026-02-11 10:42:39.260285,NewYork-b491,0,65,Normal
2026-02-11 10:42:40.260285,NewYork-b491,35,28,Normal
2026-02-11 10:42:41.260285,NewYork-b491,-17,63,Normal
2026-02-11 10:42:42.260285,NewYork-b491,-12,71,Normal
2026-02-11 10:42:43.260285,NewYork-b491,28,77,Normal
2026-02-11 10:42:44.260285,NewYork-b491,34,54,Normal
2026-02-11 10:42:45.260285,NewYork-b491,0,82,Normal
2026-02-11 10:42:46.260285,NewYork-b491,-10,92,Normal
2026-02-11 10:42:47.260285,NewYork-b491,7,16,Normal
2026-02-11 10:42:48.260285,NewYork-b491,15,43,Normal
2026-02-11 10:42:49.260285,NewYork-b491,-16,66,Normal
2026-02-11 10:42:50.260285,NewYork-b491,30,76,Normal
2026-02-11 10:42:51.260285,NewYork-b491,26,81,Normal
2026-02-11 10:42:52.260285,NewYork-b491,36,76,Normal
2026-02-11 10:42:53.260285,NewYork-b491,50,47,Normal
2026-02-11 10:42:54.260285,NewYork-b491,-2,41,Normal
2026-02-11 10:42:55.260285,NewYork-b491,16,0,Normal
2026-02-11 10:42:56.260285,NewYork-b491,-15,11,Normal
2026-02-11 10:42:57.260285,NewYork-b491,26,4,Normal
2026-02-11 10:42:58.260285,NewYork-b491,12,73,Normal
2026-02-11 10:42:59.260285,NewYork-b491,32,1,Normal
2026-02-11 10:43:00.260285,NewYork-b491,3,11,Normal
2026-02-11 10:43:01.260285,NewYork-b491,31,81,Normal
2026-02-11 10:43:02.260285,NewYork-b491,5,12,Normal
2026-02-11 10:43:03.260285,NewYork-b491,5,87,Normal
2026-02-11 10:43:04.260285,NewYork-b491,10,22,Normal
2026-02-11 10:43:05.260285,NewYork-b491,11,19,Normal
2026-02-11 10:43:06.260285,NewYork-b491,-28,6,Normal
2026-02-11 10:43:07.260285,NewYork-b491,-20,89,Normal
2026-02-11 10:43:08.260285,NewYork-b491,-2,4,Normal
2026-02-11 10:43:09.260285,NewYork-b491,11,45,Normal
2026-02-11 10:43:10.260285,NewYork-b491,43,43,Normal
2026-02-11 10:43:11.260285,NewYork-b491,-3,62,Normal
2026-02-11 10:43:12.260285,NewYork-b491,50,71,Normal
2026-02-11 10:43:13.260285,NewYork-b491,0,6,Normal
2026-02-11 10:43:14.260285,NewYork-b491,20,36,Normal
2026-02-11 10:43:15.260285,NewYork-b491,2,51,Normal
2026-02-11 10:43:16.260285,NewYork-b491,12,98,Normal
2026-02-11 10:43:17.260285,NewYork-b491,-14,13,Normal
2026-02-11 10:43:18.260285,NewYork-b491,49,32,Normal
2026-02-11 10:43:19.260285,NewYork-b491,11,46,Normal
2026-02-11 10:43:20.260285,NewYork-b491,-22,40,Normal
2026-02-11 10:43:21.260285,NewYork-b491,17,82,Normal
2026-02-11 10:43:22.260285,NewYork-b491,29,44,Normal
2026-02-11 10:43:23.260285,NewYork-b491,-26,39,Normal
2026-02-11 10:43:24.260285,NewYork-b491,-12,73,Normal
2026-02-11 10:43:25.260285,NewYork-b491,-6,47,Normal
2026-02-11 10:43:26.260285,NewYork-b491,29,100,Normal
2026-02-11 10:43:27.260285,NewYork-b491,45,19,Normal
2026-02-11 10:43:28.260285,NewYork-b491,-4,98,Normal
2026-02-11 10:43:29.260285,NewYork-b491,18,4,Normal
2026-02-11 10:43:30.260285,NewYork-b491,3,51,Normal
2026-02-11 10:43:31.260285,NewYork-b491,-19,7,Normal
2026-02-11 10:43:32.260285,NewYork-b491,39,94,Normal
2026-02-11 10:43:33.260285,NewYork-b491,-2,44,Normal
2026-02-11 10:43:34.260285,NewYork-b491,36,77,Normal
2026-02-11 10:43:35.260285,NewYork-b491,35,52,Normal
2026-02-11 10:43:36.260285,NewYork-b491,-16,6,Normal
2026-02-11 10:43:37.260285,NewYork-b491,44,98,Normal
2026-02-11 10:43:38.260285,NewYork-b491,31,13,Normal
2026-02-11 10:43:39.260285,NewYork-b491,33,2,Normal
2026-02-11 10:43:40.260285,NewYork-b491,48,17,Normal
2026-02-11 10:43:41.260285,NewYork-b491,-26,28,Normal
2026-02-11 10:43:42.260285,NewYork-b491,-25,59,Normal
2026-02-11 10:43:43.260285,NewYork-b491,42,32,Normal
2026-02-11 10:43:44.260285,NewYork-b491,-25,8,Normal
2026-02-11 10:43:45.260285,NewYork-b491,35,79,Normal
2026-02-11 10:43:46.260285,NewYork-b491,-2,90,Normal
2026-02-11 10:43:47.260285,NewYork-b491,-16,100,Normal
2026-02-11 10:43:48.260285,NewYork-b491,25,68,Normal
2026-02-11 10:43:49.260285,NewYork-b491,-7,17,Normal
2026-02-11 10:43:50.260285,NewYork-b491,34,81,Normal
2026-02-11 10:43:51.260285,NewYork-b491,49,29,Normal
2026-02-11 10:43:52.260285,NewYork-b491,-10,47,Normal
2026-02-11 10:43:53.260285,NewYork-b491,-1,43,Normal
2026-02-11 10:43:54.260285,NewYork-b491,42,83,Normal
2026-02-11 10:43:55.260285,NewYork-b491,17,61,Normal
2026-02-11 10:43:56.260285,NewYork-b491,50,74,Normal
2026-02-11 10:43:57.260285,NewYork-b491,34,1,Normal
2026-02-11 10:43:58.260285,NewYork-b491,-14,87,Normal
2026-02-11 10:43:59.260285,NewYork-b491,-1,89,Normal
2026-02-11 10:44:00.260285,NewYork-b491,0,49,Normal
2026-02-11 10:44:01.260285,NewYork-b491,50,18,Normal
2026-02-11 10:44:02.260285,NewYork-b491,37,69,Normal
2026-02-11 10:44:03.260285,NewYork-b491,10,52,Normal
2026-02-11 10:44:04.260285,NewYork-b491,2,56,Normal
2026-02-11 10:44:05.260285,NewYork-b491,39,23,Normal
2026-02-11 10:44:06.260285,NewYork-b491,6,13,Normal
2026-02-11 10:44:07.260285,NewYork-b491,25,49,Normal
2026-02-11 10:44:08.260285,NewYork-b491,41,42,Normal
2026-02-11 10:44:09.260285,NewYork-b491,20,29,Normal
2026-02-11 10:44:10.260285,NewYork-b491,9,4,Normal
2026-02-11 10:44:11.260285,NewYork-b491,-2,25,Normal
2026-02-11 10:44:12.260285,NewYork-b491,31,87,Normal
2026-02-11 10:44:13.260285,NewYork-b491,-25,76,Normal
2026-02-11 10:44:14.260285,NewYork-b491,7,12,Normal
2026-02-11 10:44:15.260285,NewYork-b491,31,47,Normal
2026-02-11 10:44:16.260285,NewYork-b491,-6,57,Normal
2026-02-11 10:44:17.260285,NewYork-b491,15,100,Normal
2026-02-11 10:44:18.260285,NewYork-b491,47,78,Normal
2026-02-11 10:44:19.260285,NewYork-b491,1,63,Normal
2026-02-11 10:44:20.260285,NewYork-b491,30,40,Normal
2026-02-11 10:44:21.260285,NewYork-b491,44,2,Normal
2026-02-11 10:44:22.260285,NewYork-b491,47,80,Normal
2026-02-11 10:44:23.260285,NewYork-b491,-24,86,Normal
2026-02-11 10:44:24.260285,NewYork-b491,35,30,Normal
2026-02-11 10:44:25.260285,NewYork-b491,-26,25,Normal
2026-02-11 10:44:26.260285,NewYork-b491,29,63,Normal
2026-02-11 10:44:27.260285,NewYork-b491,-15,38,Normal
2026-02-11 10:44:28.260285,NewYork-b491,31,100,Normal
2026-02-11 10:44:29.260285,NewYork-b491,-19,48,Normal
2026-02-11 10:44:30.260285,NewYork-b491,33,93,Normal
2026-02-11 10:44:31.260285,NewYork-b491,18,94,Normal
2026-02-11 10:44:32.260285,NewYork-b491,4,100,Normal
2026-02-11 10:44:33.260285,NewYork-b491,16,61,Normal
2026-02-11 10:44:34.260285,NewYork-b491,-15,53,Normal
2026-02-11 10:44:35.260285,NewYork-b491,27,68,Normal
2026-02-11 10:44:36.260285,NewYork-b491,-2,48,Normal
2026-02-11 10:44:37.260285,NewYork-b491,-11,40,Normal
2026-02-11 10:44:38.260285,NewYork-b491,-17,6,Normal
2026-02-11 10:44:39.260285,NewYork-b491,41,59,Normal
2026-02-11 10:44:40.260285,NewYork-b491,-6,96,Normal
2026-02-11 10:44:41.260285,NewYork-b491,-18,36,Normal
2026-02-11 10:44:42.260285,NewYork-b491,10,88,Normal
2026-02-11 10:44:43.260285,NewYork-b491,29,48,Normal
2026-02-11 10:44:44.260285,NewYork-b491,26,73,Normal
2026-02-11 10:44:45.260285,NewYork-b491,26,65,Normal
2026-02-11 10:44:46.260285,NewYork-b491,-17,65,Normal
2026-02-11 10:44:47.260285,NewYork-b491,0,31,Normal
2026-02-11 10:44:48.260285,NewYork-b491,44,74,Normal
2026-02-11 10:44:49.260285,NewYork-b491,-17,19,Normal
2026-02-11 10:44:50.260285,NewYork-b491,9,28,Normal
2026-02-11 10:44:51.260285,NewYork-b491,20,18,Normal
2026-02-11 10:44:52.260285,NewYork-b491,8,37,Normal
2026-02-11 10:44:53.260285,NewYork-b491,-14,99,Normal
2026-02-11 10:44:54.260285,NewYork-b491,9,28,Normal
2026-02-11 10:44:55.260285,NewYork-b491,36,96,Normal
2026-02-11 10:44:56.260285,NewYork-b491,-21,19,Normal
2026-02-11 10:44:57.260285,NewYork-b491,44,32,Normal
2026-02-11 10:44:58.260285,NewYork-b491,18,31,Normal
2026-02-11 10:44:59.260285,NewYork-b491,31,0,Normal
2026-02-11 10:45:00.260285,NewYork-b491,9,96,Normal
2026-02-11 10:45:01.260285,NewYork-b491,-17,58,Normal
2026-02-11 10:45:02.260285,NewYork-b491,48,34,Normal
2026-02-11 10:45:03.260285,NewYork-b491,37,80,Normal
2026-02-11 10:45:04.260285,NewYork-b491,27,88,Normal
2026-02-11 10:45:05.260285,NewYork-b491,-10,97,Normal
2026-02-11 10:45:06.260285,NewYork-b491,30,87,Normal
2026-02-11 10:45:07.260285,NewYork-b491,-29,70,Normal
2026-02-11 10:45:08.260285,NewYork-b491,-26,63,Normal
2026-02-11 10:45:09.260285,NewYork-b491,-29,93,Normal
2026-02-11 10:45:10.260285,NewYork-b491,27,71,Normal
2026-02-11 10:45:11.260285,NewYork-b491,37,95,Normal
2026-02-11 10:45:12.260285,NewYork-b491,21,100,Normal
2026-02-11 10:45:13.260285,NewYork-b491,-5,96,Normal
2026-02-11 10:45:14.260285,NewYork-b491,6,93,Normal
2026-02-11 10:45:15.260285,NewYork-b491,-9,14,Normal
2026-02-11 10:45:16.260285,NewYork-b491,28,70,Normal
2026-02-11 10:45:17.260285,NewYork-b491,0,6,Normal
2026-02-11 10:45:18.260285,NewYork-b491,36,15,Normal
2026-02-11 10:45:19.260285,NewYork-b491,10,18,Normal
2026-02-11 10:45:20.260285,NewYork-b491,41,64,Normal
2026-02-11 10:45:21.260285,NewYork-b491,-5,21,Normal
2026-02-11 10:45:22.260285,NewYork-b491,-30,5,Normal
2026-02-11 10:45:23.260285,NewYork-b491,21,77,Normal
2026-02-11 10:45:24.260285,NewYork-b491,-19,72,Normal
2026-02-11 10:45:25.260285,NewYork-b491,-28,100,Normal
2026-02-11 10:45:26.260285,NewYork-b491,18,51,Normal
2026-02-11 10:45:27.260285,NewYork-b491,-19,5,Normal
2026-02-11 10:45:28.260285,NewYork-b491,28,32,Normal
2026-02-11 10:45:29.260285,NewYork-b491,-20,95,Normal
2026-02-11 10:45:30.260285,NewYork-b491,-19,87,Normal
2026-02-11 10:45:31.260285,NewYork-b491,22,83,Normal
2026-02-11 10:45:32.260285,NewYork-b491,33,32,Normal
2026-02-11 10:45:33.260285,NewYork-b491,-9,22,Normal
2026-02-11 10:45:34.260285,NewYork-b491,38,33,Normal
2026-02-11 10:45:35.260285,NewYork-b491,47,52,Normal
2026-02-11 10:45:36.260285,NewYork-b491,31,1,Normal
2026-02-11 10:45:37.260285,NewYork-b491,47,4,Normal
2026-02-11 10:45:38.260285,NewYork-b491,-21,42,Normal
2026-02-11 10:45:39.260285,NewYork-b491,22,89,Normal
2026-02-11 10:45:40.260285,NewYork-b491,27,97,Normal
2026-02-11 10:45:41.260285,NewYork-b491,-15,42,Normal
2026-02-11 10:45:42.260285,NewYork-b491,-11,62,Normal
2026-02-11 10:45:43.260285,NewYork-b491,46,81,Normal
2026-02-11 10:45:44.260285,NewYork-b491,25,83,Normal
2026-02-11 10:45:45.260285,NewYork-b491,10,96,Normal
2026-02-11 10:45:46.260285,NewYork-b491,24,32,Normal
2026-02-11 10:45:47.260285,NewYork-b491,49,13,Normal
2026-02-11 10:45:48.260285,NewYork-b491,37,88,Normal
2026-02-11 10:45:49.260285,NewYork-b491,6,7,Normal
2026-02-11 10:45:50.260285,NewYork-b491,39,57,Normal
2026-02-11 10:45:51.260285,NewYork-b491,-20,7,Normal
2026-02-11 10:45:52.260285,NewYork-b491,-6,64,Normal
2026-02-11 10:45:53.260285,NewYork-b491,49,50,Normal
2026-02-11 10:45:54.260285,NewYork-b491,44,17,Normal
2026-02-11 10:45:55.260285,NewYork-b491,-16,6,Normal
2026-02-11 10:45:56.260285,NewYork-b491,-13,18,Normal
2026-02-11 10:45:57.260285,NewYork-b491,17,32,Normal
2026-02-11 10:45:58.260285,NewYork-b491,32,17,Normal
2026-02-11 10:45:59.260285,NewYork-b491,-18,66,Normal
2026-02-11 10:46:00.260285,NewYork-b491,-20,47,Normal
2026-02-11 10:46:01.260285,NewYork-b491,-16,59,Normal
2026-02-11 10:46:02.260285,NewYork-b491,29,13,Normal
2026-02-11 10:46:03.260285,NewYork-b491,-19,22,Normal
2026-02-11 10:46:04.260285,NewYork-b491,2,32,Normal
2026-02-11 10:46:05.260285,NewYork-b491,-19,18,Normal
2026-02-11 10:46:06.260285,NewYork-b491,5,88,Normal
2026-02-11 10:46:07.260285,NewYork-b491,15,43,Normal
2026-02-11 10:46:08.260285,NewYork-b491,12,92,Normal
2026-02-11 10:46:09.260285,NewYork-b491,43,40,Normal
2026-02-11 10:46:10.260285,NewYork-b491,12,86,Normal
2026-02-11 10:46:11.260285,NewYork-b491,16,78,Normal
2026-02-11 10:46:12.260285,NewYork-b491,13,65,Normal
2026-02-11 10:46:13.260285,NewYork-b491,34,82,Normal
2026-02-11 10:46:14.260285,NewYork-b491,37,46,Normal
2026-02-11 10:46:15.260285,NewYork-b491,-6,84,Normal
2026-02-11 10:46:16.260285,NewYork-b491,50,51,Normal
2026-02-11 10:46:17.260285,NewYork-b491,-11,2,Normal
2026-02-11 10:46:18.260285,NewYork-b491,37,19,Normal
2026-02-11 10:46:19.260285,NewYork-b491,21,98,Normal
2026-02-11 10:46:20.260285,NewYork-b491,-6,13,Normal
2026-02-11 10:46:21.260285,NewYork-b491,38,32,Normal
2026-02-11 10:46:22.260285,NewYork-b491,43,30,Normal
2026-02-11 10:46:23.260285,NewYork-b491,-7,77,Normal
2026-02-11 10:46:24.260285,NewYork-b491,-20,89,Normal
2026-02-11 10:46:25.260285,NewYork-b491,50,78,Normal
2026-02-11 10:46:26.260285,NewYork-b491,7,53,Normal
2026-02-11 10:46:27.260285,NewYork-b491,48,88,Normal
2026-02-11 10:46:28.260285,NewYork-b491,18,90,Normal
2026-02-11 10:46:29.260285,NewYork-b491,-29,94,Normal
2026-02-11 10:46:30.260285,NewYork-b491,-7,14,Normal
2026-02-11 10:46:31.260285,NewYork-b491,-17,9,Normal
2026-02-11 10:46:32.260285,NewYork-b491,44,83,Normal
2026-02-11 10:46:33.260285,NewYork-b491,19,8,Normal
2026-02-11 10:46:34.260285,NewYork-b491,27,64,Normal
2026-02-11 10:46:35.260285,NewYork-b491,-27,88,Normal
2026-02-11 10:46:36.260285,NewYork-b491,11,88,Normal
2026-02-11 10:46:37.260285,NewYork-b491,0,16,Normal
2026-02-11 10:46:38.260285,NewYork-b491,46,26,Normal
2026-02-11 10:46:39.260285,NewYork-b491,-23,42,Normal
2026-02-11 10:46:40.260285,NewYork-b491,-23,58,Normal
2026-02-11 10:46:41.260285,NewYork-b491,38,10,Normal
2026-02-11 10:46:42.260285,NewYork-b491,27,47,Normal
2026-02-11 10:46:43.260285,NewYork-b491,-12,14,Normal
2026-02-11 10:46:44.260285,NewYork-b491,8,99,Normal
2026-02-11 10:46:45.260285,NewYork-b491,-5,88,Normal
2026-02-11 10:46:46.260285,NewYork-b491,48,90,Normal
2026-02-11 10:46:47.260285,NewYork-b491,40,20,Normal
2026-02-11 10:46:48.260285,NewYork-b491,-11,100,Normal
2026-02-11 10:46:49.260285,NewYork-b491,50,5,Normal
2026-02-11 10:46:50.260285,NewYork-b491,26,27,Normal
2026-02-11 10:46:51.260285,NewYork-b491,-30,55,Normal
2026-02-11 10:46:52.260285,NewYork-b491,-7,67,Normal
2026-02-11 10:46:53.260285,NewYork-b491,-6,9,Normal
2026-02-11 10:46:54.260285,NewYork-b491,14,71,Normal
2026-02-11 10:46:55.260285,NewYork-b491,24,75,Normal
2026-02-11 10:46:56.260285,NewYork-b491,5,9,Normal
2026-02-11 10:46:57.260285,NewYork-b491,18,24,Normal
2026-02-11 10:46:58.260285,NewYork-b491,22,27,Normal
2026-02-11 10:46:59.260285,NewYork-b491,44,1,Normal
2026-02-11 10:47:00.260285,NewYork-b491,-30,44,Normal
2026-02-11 10:47:01.260285,NewYork-b491,20,22,Normal
2026-02-11 10:47:02.260285,NewYork-b491,16,98,Normal
2026-02-11 10:47:03.260285,NewYork-b491,-4,67,Normal
2026-02-11 10:47:04.260285,NewYork-b491,-17,4,Normal
2026-02-11 10:47:05.260285,NewYork-b491,33,61,Normal
2026-02-11 10:47:06.260285,NewYork-b491,9,86,Normal
2026-02-11 10:47:07.260285,NewYork-b491,-28,23,Normal
2026-02-11 10:47:08.260285,NewYork-b491,-30,17,Normal
2026-02-11 10:47:09.260285,NewYork-b491,-19,46,Normal
2026-02-11 10:47:10.260285,NewYork-b491,7,66,Normal
2026-02-11 10:47:11.260285,NewYork-b491,46,52,Normal
2026-02-11 10:47:12.260285,NewYork-b491,-3,55,Normal
2026-02-11 10:47:13.260285,NewYork-b491,27,32,Normal
2026-02-11 10:47:14.260285,NewYork-b491,37,23,Normal
2026-02-11 10:47:15.260285,NewYork-b491,20,90,Normal
2026-02-11 10:47:16.260285,NewYork-b491,-13,48,Normal
2026-02-11 10:47:17.260285,NewYork-b491,19,91,Normal
2026-02-11 10:47:18.260285,NewYork-b491,13,26,Normal
2026-02-11 10:47:19.260285,NewYork-b491,-3,9,Normal
2026-02-11 10:47:20.260285,NewYork-b491,27,68,Normal
2026-02-11 10:47:21.260285,NewYork-b491,20,55,Normal
2026-02-11 10:47:22.260285,NewYork-b491,-21,77,Normal
2026-02-11 10:47:23.260285,NewYork-b491,-15,58,Normal
2026-02-11 10:47:24.260285,NewYork-b491,9,67,Normal
2026-02-11 10:47:25.260285,NewYork-b491,11,18,Normal
2026-02-11 10:47:26.260285,NewYork-b491,8,98,Normal
2026-02-11 10:47:27.260285,NewYork-b491,-30,84,Normal
2026-02-11 10:47:28.260285,NewYork-b491,-9,84,Normal
2026-02-11 10:47:29.260285,NewYork-b491,-9,74,Normal
2026-02-11 10:47:30.260285,NewYork-b491,-25,23,Normal
2026-02-11 10:47:31.260285,NewYork-b491,27,1,Normal
2026-02-11 10:47:32.260285,NewYork-b491,-18,51,Normal
2026-02-11 10:47:33.260285,NewYork-b491,30,21,Normal
2026-02-11 10:47:34.260285,NewYork-b491,-19,28,Normal
2026-02-11 10:47:35.260285,NewYork-b491,-14,67,Normal
2026-02-11 10:47:36.260285,NewYork-b491,15,29,Normal
2026-02-11 10:47:37.260285,NewYork-b491,-29,61,Normal
2026-02-11 10:47:38.260285,NewYork-b491,-5,21,Normal
2026-02-11 10:47:39.260285,NewYork-b491,-24,17,Normal
2026-02-11 10:47:40.260285,NewYork-b491,-21,22,Normal
2026-02-11 10:47:41.260285,NewYork-b491,-8,60,Normal
2026-02-11 10:47:42.260285,NewYork-b491,-29,87,Normal
2026-02-11 10:47:43.260285,NewYork-b491,14,22,Normal
2026-02-11 10:47:44.260285,NewYork-b491,-14,77,Normal
2026-02-11 10:47:45.260285,NewYork-b491,-3,60,Normal
2026-02-11 10:47:46.260285,NewYork-b491,-23,71,Normal
2026-02-11 10:47:47.260285,NewYork-b491,43,23,Normal
2026-02-11 10:47:48.260285,NewYork-b491,4,71,Normal
2026-02-11 10:47:49.260285,NewYork-b491,-9,91,Normal
2026-02-11 10:47:50.260285,NewYork-b491,-13,65,Normal
2026-02-11 10:47:51.260285,NewYork-b491,44,80,Normal
2026-02-11 10:47:52.260285,NewYork-b491,-10,20,Normal
2026-02-11 10:47:53.260285,NewYork-b491,40,69,Normal
2026-02-11 10:47:54.260285,NewYork-b491,-6,64,Normal
2026-02-11 10:47:55.260285,NewYork-b491,-17,37,Normal
2026-02-11 10:47:56.260285,NewYork-b491,42,100,Normal
2026-02-11 10:47:57.260285,NewYork-b491,43,64,Normal
2026-02-11 10:47:58.260285,NewYork-b491,20,47,Normal
2026-02-11 10:47:59.260285,NewYork-b491,-16,89,Normal
2026-02-11 10:48:00.260285,NewYork-b491,42,48,Normal
2026-02-11 10:48:01.260285,NewYork-b491,21,87,Normal
2026-02-11 10:48:02.260285,NewYork-b491,37,42,Normal
2026-02-11 10:48:03.260285,NewYork-b491,-13,27,Normal
2026-02-11 10:48:04.260285,NewYork-b491,-29,10,Normal
2026-02-11 10:48:05.260285,NewYork-b491,-11,87,Normal
2026-02-11 10:48:06.260285,NewYork-b491,22,72,Normal
2026-02-11 10:48:07.260285,NewYork-b491,-24,14,Normal
2026-02-11 10:48:08.260285,NewYork-b491,26,21,Normal
2026-02-11 10:48:09.260285,NewYork-b491,-27,27,Normal
2026-02-11 10:48:10.260285,NewYork-b491,47,77,Normal
2026-02-11 10:48:11.260285,NewYork-b491,3,22,Normal
2026-02-11 10:48:12.260285,NewYork-b491,5,82,Normal
2026-02-11 10:48:13.260285,NewYork-b491,9,67,Normal
2026-02-11 10:48:14.260285,NewYork-b491,46,83,Normal
2026-02-11 10:48:15.260285,NewYork-b491,13,18,Normal
2026-02-11 10:48:16.260285,NewYork-b491,-17,86,Normal
2026-02-11 10:48:17.260285,NewYork-b491,-4,95,Normal
2026-02-11 10:48:18.260285,NewYork-b491,31,12,Normal
2026-02-11 10:48:19.260285,NewYork-b491,4,60,Normal
2026-02-11 10:48:20.260285,NewYork-b491,-30,37,Normal
2026-02-11 10:48:21.260285,NewYork-b491,42,77,Normal
2026-02-11 10:48:22.260285,NewYork-b491,-29,57,Normal
2026-02-11 10:48:23.260285,NewYork-b491,-20,4,Normal
2026-02-11 10:48:24.260285,NewYork-b491,-10,58,Normal
2026-02-11 10:48:25.260285,NewYork-b491,-19,21,Normal
2026-02-11 10:48:26.260285,NewYork-b491,34,87,Normal
2026-02-11 10:48:27.260285,NewYork-b491,-16,94,Normal
2026-02-11 10:48:28.260285,NewYork-b491,26,90,Normal
2026-02-11 10:48:29.260285,NewYork-b491,-29,87,Normal
2026-02-11 10:48:30.260285,NewYork-b491,13,1,Normal
2026-02-11 10:48:31.260285,NewYork-b491,27,64,Normal
2026-02-11 10:48:32.260285,NewYork-b491,45,10,Normal
2026-02-11 10:48:33.260285,NewYork-b491,10,85,Normal
2026-02-11 10:48:34.260285,NewYork-b491,15,3,Normal
2026-02-11 10:48:35.260285,NewYork-b491,41,64,Normal
2026-02-11 10:48:36.260285,NewYork-b491,-16,12,Normal
2026-02-11 10:48:37.260285,NewYork-b491,48,26,Normal
2026-02-11 10:48:38.260285,NewYork-b491,8,99,Normal
2026-02-11 10:48:39.260285,NewYork-b491,36,95,Normal
2026-02-11 10:48:40.260285,NewYork-b491,-18,86,Normal
2026-02-11 10:48:41.260285,NewYork-b491,-19,37,Normal
2026-02-11 10:48:42.260285,NewYork-b491,-1,41,Normal
2026-02-11 10:48:43.260285,NewYork-b491,-30,67,Normal
2026-02-11 10:48:44.260285,NewYork-b491,43,19,Normal
2026-02-11 10:48:45.260285,NewYork-b491,-22,8,Normal
2026-02-11 10:48:46.260285,NewYork-b491,32,76,Normal
2026-02-11 10:48:47.260285,NewYork-b491,32,97,Normal
2026-02-11 10:48:48.260285,NewYork-b491,-24,0,Normal
2026-02-11 10:48:49.260285,NewYork-b491,6,6,Normal
2026-02-11 10:48:50.260285,NewYork-b491,20,61,Normal
2026-02-11 10:48:51.260285,NewYork-b491,18,11,Normal
2026-02-11 10:48:52.260285,NewYork-b491,46,27,Normal
2026-02-11 10:48:53.260285,NewYork-b491,0,94,Normal
2026-02-11 10:48:54.260285,NewYork-b491,37,38,Normal
2026-02-11 10:48:55.260285,NewYork-b491,-1,7,Normal
2026-02-11 10:48:56.260285,NewYork-b491,-6,70,Normal
2026-02-11 10:48:57.260285,NewYork-b491,-11,79,Normal
2026-02-11 10:48:58.260285,NewYork-b491,-9,13,Normal
2026-02-11 10:48:59.260285,NewYork-b491,-16,100,Normal
2026-02-11 10:49:00.260285,NewYork-b491,40,68,Normal
2026-02-11 10:49:01.260285,NewYork-b491,-12,96,Normal
2026-02-11 10:49:02.260285,NewYork-b491,36,57,Normal
2026-02-11 10:49:03.260285,NewYork-b491,31,43,Normal
2026-02-11 10:49:04.260285,NewYork-b491,16,35,Normal
2026-02-11 10:49:05.260285,NewYork-b491,-19,58,Normal
2026-02-11 10:49:06.260285,NewYork-b491,12,63,Normal
2026-02-11 10:49:07.260285,NewYork-b491,7,0,Normal
2026-02-11 10:49:08.260285,NewYork-b491,-30,93,Normal
2026-02-11 10:49:09.260285,NewYork-b491,-24,49,Normal
2026-02-11 10:49:10.260285,NewYork-b491,-13,50,Normal
2026-02-11 10:49:11.260285,NewYork-b491,32,62,Normal
2026-02-11 10:49:12.260285,NewYork-b491,11,78,Normal
2026-02-11 10:49:13.260285,NewYork-b491,46,37,Normal
2026-02-11 10:49:14.260285,NewYork-b491,36,56,Normal
2026-02-11 10:49:15.260285,NewYork-b491,-29,34,Normal
2026-02-11 10:49:16.260285,NewYork-b491,-5,54,Normal
2026-02-11 10:49:17.260285,NewYork-b491,48,79,Normal
2026-02-11 10:49:18.260285,NewYork-b491,-5,21,Normal
2026-02-11 10:49:19.260285,NewYork-b491,8,63,Normal
2026-02-11 10:49:20.260285,NewYork-b491,7,20,Normal
2026-02-11 10:49:21.260285,NewYork-b491,47,45,Normal
2026-02-11 10:49:22.260285,NewYork-b491,36,37,Normal
2026-02-11 10:49:23.260285,NewYork-b491,18,36,Normal
2026-02-11 10:49:24.260285,NewYork-b491,45,69,Normal
2026-02-11 10:49:25.260285,NewYork-b491,25,42,Normal
2026-02-11 10:49:26.260285,NewYork-b491,34,15,Normal
2026-02-11 10:49:27.260285,NewYork-b491,-6,57,Normal
2026-02-11 10:49:28.260285,NewYork-b491,35,62,Normal
2026-02-11 10:49:29.260285,NewYork-b491,16,9,Normal
2026-02-11 10:49:30.260285,NewYork-b491,8,55,Normal
2026-02-11 10:49:31.260285,NewYork-b491,-8,90,Normal
2026-02-11 10:49:32.260285,NewYork-b491,36,75,Normal
2026-02-11 10:49:33.260285,NewYork-b491,8,56,Normal
2026-02-11 10:49:34.260285,NewYork-b491,7,38,Normal
2026-02-11 10:49:35.260285,NewYork-b491,42,65,Normal
2026-02-11 10:49:36.260285,NewYork-b491,13,10,Normal
2026-02-11 10:49:37.260285,NewYork-b491,-30,64,Normal
2026-02-11 10:49:38.260285,NewYork-b491,-28,29,Normal
2026-02-11 10:49:39.260285,NewYork-b491,-10,7,Normal
2026-02-11 10:49:40.260285,NewYork-b491,11,70,Normal
2026-02-11 10:49:41.260285,NewYork-b491,0,87,Normal
2026-02-11 10:49:42.260285,NewYork-b491,32,79,Normal
2026-02-11 10:49:43.260285,NewYork-b491,21,96,Normal
2026-02-11 10:49:44.260285,NewYork-b491,14,77,Normal
2026-02-11 10:49:45.260285,NewYork-b491,1,92,Normal
2026-02-11 10:49:46.260285,NewYork-b491,-1,40,Normal
2026-02-11 10:49:47.260285,NewYork-b491,-26,49,Normal
2026-02-11 10:49:48.260285,NewYork-b491,38,9,Normal
2026-02-11 10:49:49.260285,NewYork-b491,36,47,Normal
2026-02-11 10:49:50.260285,NewYork-b491,41,95,Normal
2026-02-11 10:49:51.260285,NewYork-b491,27,75,Normal
2026-02-11 10:49:52.260285,NewYork-b491,26,41,Normal
2026-02-11 10:49:53.260285,NewYork-b491,22,33,Normal
2026-02-11 10:49:54.260285,NewYork-b491,-30,19,Normal
2026-02-11 10:49:55.260285,NewYork-b491,-18,93,Normal
2026-02-11 10:49:56.260285,NewYork-b491,40,35,Normal
2026-02-11 10:49:57.260285,NewYork-b491,17,74,Normal
2026-02-11 10:49:58.260285,NewYork-b491,-18,49,Normal
2026-02-11 10:49:59.260285,NewYork-b491,49,8,Normal
2026-02-11 10:50:00.260285,NewYork-b491,32,92,Normal
2026-02-11 10:50:01.260285,NewYork-b491,43,60,Normal
2026-02-11 10:50:02.260285,NewYork-b491,29,7,Normal
2026-02-11 10:50:03.260285,NewYork-b491,6,79,Normal
2026-02-11 10:50:04.260285,NewYork-b491,12,18,Normal
2026-02-11 10:50:05.260285,NewYork-b491,-17,24,Normal
2026-02-11 10:50:06.260285,NewYork-b491,-17,24,Normal
2026-02-11 10:50:07.260285,NewYork-b491,41,86,Normal
2026-02-11 10:50:08.260285,NewYork-b491,-29,13,Normal
2026-02-11 10:50:09.260285,NewYork-b491,29,50,Normal
2026-02-11 10:50:10.260285,NewYork-b491,18,7,Normal
2026-02-11 10:50:11.260285,NewYork-b491,36,28,Normal
2026-02-11 10:50:12.260285,NewYork-b491,-4,65,Normal
2026-02-11 10:50:13.260285,NewYork-b491,33,44,Normal
2026-02-11 10:50:14.260285,NewYork-b491,26,1,Normal
2026-02-11 10:50:15.260285,NewYork-b491,21,95,Normal
2026-02-11 10:50:16.260285,NewYork-b491,-29,83,Normal
2026-02-11 10:50:17.260285,NewYork-b491,-16,63,Normal
2026-02-11 10:50:18.260285,NewYork-b491,31,57,Normal
2026-02-11 10:50:19.260285,NewYork-b491,49,64,Normal
2026-02-11 10:50:20.260285,NewYork-b491,-26,9,Normal
2026-02-11 10:50:21.260285,NewYork-b491,31,96,Normal
2026-02-11 10:50:22.260285,NewYork-b491,15,88,Normal
2026-02-11 10:50:23.260285,NewYork-b491,6,53,Normal
2026-02-11 10:50:24.260285,NewYork-b491,-26,70,Normal
2026-02-11 10:50:25.260285,NewYork-b491,-23,13,Normal
2026-02-11 10:50:26.260285,NewYork-b491,-24,92,Normal
2026-02-11 10:50:27.260285,NewYork-b491,39,95,Normal
2026-02-11 10:50:28.260285,NewYork-b491,-25,10,Normal
2026-02-11 10:50:29.260285,NewYork-b491,34,59,Normal
2026-02-11 10:50:30.260285,NewYork-b491,6,83,Normal
2026-02-11 10:50:31.260285,NewYork-b491,-11,16,Normal
2026-02-11 10:50:32.260285,NewYork-b491,40,24,Normal
2026-02-11 10:50:33.260285,NewYork-b491,-13,62,Normal
2026-02-11 10:50:34.260285,NewYork-b491,26,42,Normal
2026-02-11 10:50:35.260285,NewYork-b491,44,99,Normal
2026-02-11 10:50:36.260285,NewYork-b491,-30,55,Normal
2026-02-11 10:50:37.260285,NewYork-b491,42,12,Normal
2026-02-11 10:50:38.260285,NewYork-b491,-24,82,Normal
2026-02-11 10:50:39.260285,NewYork-b491,7,48,Normal
2026-02-11 10:50:40.260285,NewYork-b491,28,59,Normal
2026-02-11 10:50:41.260285,NewYork-b491,-15,97,Normal
2026-02-11 10:50:42.260285,NewYork-b491,11,22,Normal
2026-02-11 10:50:43.260285,NewYork-b491,-29,52,Normal
2026-02-11 10:50:44.260285,NewYork-b491,23,18,Normal
2026-02-11 10:50:45.260285,NewYork-b491,29,78,Normal
2026-02-11 10:50:46.260285,NewYork-b491,-2,90,Normal
2026-02-11 10:50:47.260285,NewYork-b491,7,6,Normal
2026-02-11 10:50:48.260285,NewYork-b491,5,75,Normal
2026-02-11 10:50:49.260285,NewYork-b491,39,5,Normal
2026-02-11 10:50:50.260285,NewYork-b491,33,75,Normal
2026-02-11 10:50:51.260285,NewYork-b491,43,13,Normal
2026-02-11 10:50:52.260285,NewYork-b491,39,70,Normal
2026-02-11 10:50:53.260285,NewYork-b491,-8,73,Normal
2026-02-11 10:50:54.260285,NewYork-b491,-23,0,Normal
2026-02-11 10:50:55.260285,NewYork-b491,-19,6,Normal
2026-02-11 10:50:56.260285,NewYork-b491,-19,57,Normal
2026-02-11 10:50:57.260285,NewYork-b491,21,96,Normal
2026-02-11 10:50:58.260285,NewYork-b491,42,58,Normal
2026-02-11 10:50:59.260285,NewYork-b491,20,89,Normal
2026-02-11 10:51:00.260285,NewYork-b491,40,69,Normal
2026-02-11 10:51:01.260285,NewYork-b491,7,88,Normal
2026-02-11 10:51:02.260285,NewYork-b491,-30,62,Normal
2026-02-11 10:51:03.260285,NewYork-b491,37,98,Normal
2026-02-11 10:51:04.260285,NewYork-b491,26,53,Normal
2026-02-11 10:51:05.260285,NewYork-b491,25,41,Normal
2026-02-11 10:51:06.260285,NewYork-b491,30,97,Normal
2026-02-11 10:51:07.260285,NewYork-b491,4,49,Normal
2026-02-11 10:51:08.260285,NewYork-b491,-16,32,Normal
2026-02-11 10:51:09.260285,NewYork-b491,33,33,Normal
2026-02-11 10:51:10.260285,NewYork-b491,20,50,Normal
2026-02-11 10:51:11.260285,NewYork-b491,0,93,Normal
2026-02-11 10:51:12.260285,NewYork-b491,-23,13,Normal
2026-02-11 10:51:13.260285,NewYork-b491,29,87,Normal
2026-02-11 10:51:14.260285,NewYork-b491,-1,31,Normal
2026-02-11 10:51:15.260285,NewYork-b491,-7,9,Normal
2026-02-11 10:51:16.260285,NewYork-b491,3,18,Normal
2026-02-11 10:51:17.260285,NewYork-b491,9,64,Normal
2026-02-11 10:51:18.260285,NewYork-b491,44,35,Normal
2026-02-11 10:51:19.260285,NewYork-b491,9,6,Normal
2026-02-11 10:51:20.260285,NewYork-b491,-15,83,Normal
2026-02-11 10:51:21.260285,NewYork-b491,-8,71,Normal
2026-02-11 10:51:22.260285,NewYork-b491,-20,13,Normal
2026-02-11 10:51:23.260285,NewYork-b491,34,10,Normal
2026-02-11 10:51:24.260285,NewYork-b491,11,71,Normal
2026-02-11 10:51:25.260285,NewYork-b491,22,59,Normal
2026-02-11 10:51:26.260285,NewYork-b491,0,50,Normal
2026-02-11 10:51:27.260285,NewYork-b491,13,66,Normal
2026-02-11 10:51:28.260285,NewYork-b491,-10,77,Normal
2026-02-11 10:51:29.260285,NewYork-b491,25,99,Normal
2026-02-11 10:51:30.260285,NewYork-b491,32,13,Normal
2026-02-11 10:51:31.260285,NewYork-b491,-16,5,Normal
2026-02-11 10:51:32.260285,NewYork-b491,-30,24,Normal
2026-02-11 10:51:33.260285,NewYork-b491,46,76,Normal
2026-02-11 10:51:34.260285,NewYork-b491,-15,46,Normal
2026-02-11 10:51:35.260285,NewYork-b491,34,33,Normal
2026-02-11 10:51:36.260285,NewYork-b491,8,70,Normal
2026-02-11 10:51:37.260285,NewYork-b491,-4,2,Normal
2026-02-11 10:51:38.260285,NewYork-b491,-25,20,Normal
2026-02-11 10:51:39.260285,NewYork-b491,17,47,Normal
2026-02-11 10:51:40.260285,NewYork-b491,26,52,Normal
2026-02-11 10:51:41.260285,NewYork-b491,-10,42,Normal
2026-02-11 10:51:42.260285,NewYork-b491,50,93,Normal
2026-02-11 10:51:43.260285,NewYork-b491,13,5,Normal
2026-02-11 10:51:44.260285,NewYork-b491,-7,32,Normal
2026-02-11 10:51:45.260285,NewYork-b491,-29,50,Normal
2026-02-11 10:51:46.260285,NewYork-b491,0,93,Normal
2026-02-11 10:51:47.260285,NewYork-b491,-24,71,Normal
2026-02-11 10:51:48.260285,NewYork-b491,-20,25,Normal
2026-02-11 10:51:49.260285,NewYork-b491,-30,1,Normal
2026-02-11 10:51:50.260285,NewYork-b491,1,56,Normal
2026-02-11 10:51:51.260285,NewYork-b491,29,7,Normal
2026-02-11 10:51:52.260285,NewYork-b491,19,15,Normal
2026-02-11 10:51:53.260285,NewYork-b491,-30,17,Normal
2026-02-11 10:51:54.260285,NewYork-b491,-1,100,Normal
2026-02-11 10:51:55.260285,NewYork-b491,-29,70,Normal
2026-02-11 10:51:56.260285,NewYork-b491,24,67,Normal
2026-02-11 10:51:57.260285,NewYork-b491,44,68,Normal
2026-02-11 10:51:58.260285,NewYork-b491,25,54,Normal
2026-02-11 10:51:59.260285,NewYork-b491,42,86,Normal
2026-02-11 10:52:00.260285,NewYork-b491,-28,94,Normal
2026-02-11 10:52:01.260285,NewYork-b491,21,37,Normal
2026-02-11 10:52:02.260285,NewYork-b491,46,95,Normal
2026-02-11 10:52:03.260285,NewYork-b491,3,100,Normal
2026-02-11 10:52:04.260285,NewYork-b491,35,57,Normal
2026-02-11 10:52:05.260285,NewYork-b491,-27,63,Normal
2026-02-11 10:52:06.260285,NewYork-b491,-1,87,Normal
2026-02-11 10:52:07.260285,NewYork-b491,15,23,Normal
2026-02-11 10:52:08.260285,NewYork-b491,18,21,Normal
2026-02-11 10:52:09.260285,NewYork-b491,5,76,Normal
2026-02-11 10:52:10.260285,NewYork-b491,-19,1,Normal
2026-02-11 10:52:11.260285,NewYork-b491,27,11,Normal
2026-02-11 10:52:12.260285,NewYork-b491,9,17,Normal
2026-02-11 10:52:13.260285,NewYork-b491,17,88,Normal
2026-02-11 10:52:14.260285,NewYork-b491,17,68,Normal
2026-02-11 10:52:15.260285,NewYork-b491,33,0,Normal
2026-02-11 10:52:16.260285,NewYork-b491,5,41,Normal
2026-02-11 10:52:17.260285,NewYork-b491,-20,35,Normal
2026-02-11 10:52:18.260285,NewYork-b491,33,6,Normal
2026-02-11 10:52:19.260285,NewYork-b491,0,56,Normal
2026-02-11 10:52:20.260285,NewYork-b491,10,20,Normal
2026-02-11 10:52:21.260285,NewYork-b491,-25,30,Normal
2026-02-11 10:52:22.260285,NewYork-b491,33,89,Normal
2026-02-11 10:52:23.260285,NewYork-b491,35,35,Normal
2026-02-11 10:52:24.260285,NewYork-b491,23,20,Normal
2026-02-11 10:52:25.260285,NewYork-b491,11,81,Normal
2026-02-11 10:52:26.260285,NewYork-b491,-11,28,Normal
2026-02-11 10:52:27.260285,NewYork-b491,32,47,Normal
2026-02-11 10:52:28.260285,NewYork-b491,45,1,Normal
2026-02-11 10:52:29.260285,NewYork-b491,44,22,Normal
2026-02-11 10:52:30.260285,NewYork-b491,46,73,Normal
2026-02-11 10:52:31.260285,NewYork-b491,12,96,Normal
2026-02-11 10:52:32.260285,NewYork-b491,-17,63,Normal
2026-02-11 10:52:33.260285,NewYork-b491,20,32,Normal
2026-02-11 10:52:34.260285,NewYork-b491,-23,62,Normal
2026-02-11 10:52:35.260285,NewYork-b491,24,72,Normal
2026-02-11 10:52:36.260285,NewYork-b491,37,22,Normal
2026-02-11 10:52:37.260285,NewYork-b491,-10,30,Normal
2026-02-11 10:52:38.260285,NewYork-b491,-15,40,Normal
2026-02-11 10:52:39.260285,NewYork-b491,48,54,Normal
2026-02-11 10:52:40.260285,NewYork-b491,-25,8,Normal
2026-02-11 10:52:41.260285,NewYork-b491,1,90,Normal
2026-02-11 10:52:42.260285,NewYork-b491,49,66,Normal
2026-02-11 10:52:43.260285,NewYork-b491,20,99,Normal
2026-02-11 10:52:44.260285,NewYork-b491,-14,5,Normal
2026-02-11 10:52:45.260285,NewYork-b491,-6,68,Normal
2026-02-11 10:52:46.260285,NewYork-b491,-19,91,Normal
2026-02-11 10:52:47.260285,NewYork-b491,11,60,Normal
2026-02-11 10:52:48.260285,NewYork-b491,-6,16,Normal
2026-02-11 10:52:49.260285,NewYork-b491,-12,35,Normal
2026-02-11 10:52:50.260285,NewYork-b491,36,80,Normal
2026-02-11 10:52:51.260285,NewYork-b491,9,7,Normal
2026-02-11 10:52:52.260285,NewYork-b491,-30,93,Normal
2026-02-11 10:52:53.260285,NewYork-b491,-16,97,Normal
2026-02-11 10:52:54.260285,NewYork-b491,38,74,Normal
2026-02-11 10:52:55.260285,NewYork-b491,41,48,Normal
2026-02-11 10:52:56.260285,NewYork-b491,-27,48,Normal
2026-02-11 10:52:57.260285,NewYork-b491,35,43,Normal
2026-02-11 10:52:58.260285,NewYork-b491,-18,54,Normal
2026-02-11 10:52:59.260285,NewYork-b491,-3,21,Normal
2026-02-11 10:53:00.260285,NewYork-b491,46,62,Normal
2026-02-11 10:53:01.260285,NewYork-b491,45,51,Normal
2026-02-11 10:53:02.260285,NewYork-b491,39,89,Normal
2026-02-11 10:53:03.260285,NewYork-b491,40,65,Normal
2026-02-11 10:53:04.260285,NewYork-b491,0,7,Normal
2026-02-11 10:53:05.260285,NewYork-b491,-30,60,Normal
2026-02-11 10:53:06.260285,NewYork-b491,34,57,Normal
2026-02-11 10:53:07.260285,NewYork-b491,17,67,Normal
2026-02-11 10:53:08.260285,NewYork-b491,34,44,Normal
2026-02-11 10:53:09.260285,NewYork-b491,-30,20,Normal
2026-02-11 10:53:10.260285,NewYork-b491,0,20,Normal
2026-02-11 10:53:11.260285,NewYork-b491,-14,13,Normal
2026-02-11 10:53:12.260285,NewYork-b491,-4,60,Normal
2026-02-11 10:53:13.260285,NewYork-b491,7,3,Normal
2026-02-11 10:53:14.260285,NewYork-b491,17,50,Normal
2026-02-11 10:53:15.260285,NewYork-b491,29,40,Normal
2026-02-11 10:53:16.260285,NewYork-b491,-20,48,Normal
2026-02-11 10:53:17.260285,NewYork-b491,14,87,Normal
2026-02-11 10:53:18.260285,NewYork-b491,6,66,Normal
2026-02-11 10:53:19.260285,NewYork-b491,-3,73,Normal
2026-02-11 10:53:20.260285,NewYork-b491,28,22,Normal
2026-02-11 10:53:21.260285,NewYork-b491,-11,22,Normal
2026-02-11 10:53:22.260285,NewYork-b491,21,9,Normal
2026-02-11 10:53:23.260285,NewYork-b491,5,32,Normal
2026-02-11 10:53:24.260285,NewYork-b491,9,57,Normal
2026-02-11 10:53:25.260285,NewYork-b491,-15,73,Normal
2026-02-11 10:53:26.260285,NewYork-b491,8,48,Normal
2026-02-11 10:53:27.260285,NewYork-b491,23,55,Normal
2026-02-11 10:53:28.260285,NewYork-b491,-22,15,Normal
2026-02-11 10:53:29.260285,NewYork-b491,21,44,Normal
2026-02-11 10:53:30.260285,NewYork-b491,40,63,Normal
2026-02-11 10:53:31.260285,NewYork-b491,46,97,Normal
2026-02-11 10:53:32.260285,NewYork-b491,46,20,Normal
2026-02-11 10:53:33.260285,NewYork-b491,34,38,Normal
2026-02-11 10:53:34.260285,NewYork-b491,26,16,Normal
2026-02-11 10:53:35.260285,NewYork-b491,20,67,Normal
2026-02-11 10:53:36.260285,NewYork-b491,31,87,Normal
2026-02-11 10:53:37.260285,NewYork-b491,-30,39,Normal
2026-02-11 10:53:38.260285,NewYork-b491,20,43,Normal
2026-02-11 10:53:39.260285,NewYork-b491,49,17,Normal
2026-02-11 10:53:40.260285,NewYork-b491,-20,37,Normal
2026-02-11 10:53:41.260285,NewYork-b491,-18,52,Normal
2026-02-11 10:53:42.260285,NewYork-b491,-2,40,Normal
2026-02-11 10:53:43.260285,NewYork-b491,-11,85,Normal
2026-02-11 10:53:44.260285,NewYork-b491,18,34,Normal
2026-02-11 10:53:45.260285,NewYork-b491,24,59,Normal
2026-02-11 10:53:46.260285,NewYork-b491,37,9,Normal
2026-02-11 10:53:47.260285,NewYork-b491,23,79,Normal
2026-02-11 10:53:48.260285,NewYork-b491,-4,8,Normal
2026-02-11 10:53:49.260285,NewYork-b491,-9,89,Normal
2026-02-11 10:53:50.260285,NewYork-b491,44,45,Normal
2026-02-11 10:53:51.260285,NewYork-b491,-10,79,Normal
2026-02-11 10:53:52.260285,NewYork-b491,-9,97,Normal
2026-02-11 10:53:53.260285,NewYork-b491,27,56,Normal
2026-02-11 10:53:54.260285,NewYork-b491,20,43,Normal
2026-02-11 10:53:55.260285,NewYork-b491,12,58,Normal
2026-02-11 10:53:56.260285,NewYork-b491,13,57,Normal
2026-02-11 10:53:57.260285,NewYork-b491,-16,43,Normal
2026-02-11 10:53:58.260285,NewYork-b491,-24,81,Normal
2026-02-11 10:53:59.260285,NewYork-b491,1,64,Normal
2026-02-11 10:54:00.260285,NewYork-b491,-26,76,Normal
2026-02-11 10:54:01.260285,NewYork-b491,21,48,Normal
2026-02-11 10:54:02.260285,NewYork-b491,26,29,Normal
2026-02-11 10:54:03.260285,NewYork-b491,-2,90,Normal
2026-02-11 10:54:04.260285,NewYork-b491,-19,83,Normal
2026-02-11 10:54:05.260285,NewYork-b491,-17,40,Normal
2026-02-11 10:54:06.260285,NewYork-b491,40,46,Normal
2026-02-11 10:54:07.260285,NewYork-b491,-9,33,Normal
2026-02-11 10:54:08.260285,NewYork-b491,-11,16,Normal
2026-02-11 10:54:09.260285,NewYork-b491,-19,94,Normal
2026-02-11 10:54:10.260285,NewYork-b491,6,79,Normal
2026-02-11 10:54:11.260285,NewYork-b491,37,29,Normal
2026-02-11 10:54:12.260285,NewYork-b491,22,26,Normal
2026-02-11 10:54:13.260285,NewYork-b491,-18,42,Normal
2026-02-11 10:54:14.260285,NewYork-b491,-17,47,Normal
2026-02-11 10:54:15.260285,NewYork-b491,40,42,Normal
2026-02-11 10:54:16.260285,NewYork-b491,10,19,Normal
2026-02-11 10:54:17.260285,NewYork-b491,41,98,Normal
2026-02-11 10:54:18.260285,NewYork-b491,45,41,Normal
2026-02-11 10:54:19.260285,NewYork-b491,50,0,Normal
2026-02-11 10:54:20.260285,NewYork-b491,-18,37,Normal
2026-02-11 10:54:21.260285,NewYork-b491,-18,11,Normal
2026-02-11 10:54:22.260285,NewYork-b491,-8,5,Normal
2026-02-11 10:54:23.260285,NewYork-b491,-3,30,Normal
2026-02-11 10:54:24.260285,NewYork-b491,41,73,Normal
2026-02-11 10:54:25.260285,NewYork-b491,-7,90,Normal
2026-02-11 10:54:26.260285,NewYork-b491,13,36,Normal
2026-02-11 10:54:27.260285,NewYork-b491,14,87,Normal
2026-02-11 10:54:28.260285,NewYork-b491,-7,20,Normal
2026-02-11 10:54:29.260285,NewYork-b491,-17,43,Normal
2026-02-11 10:54:30.260285,NewYork-b491,-26,38,Normal
2026-02-11 10:54:31.260285,NewYork-b491,14,81,Normal
2026-02-11 10:54:32.260285,NewYork-b491,26,28,Normal
2026-02-11 10:54:33.260285,NewYork-b491,-30,37,Normal
2026-02-11 10:54:34.260285,NewYork-b491,22,52,Normal
2026-02-11 10:54:35.260285,NewYork-b491,41,92,Normal
2026-02-11 10:54:36.260285,NewYork-b491,21,81,Normal
2026-02-11 10:54:37.260285,NewYork-b491,31,23,Normal
2026-02-11 10:54:38.260285,NewYork-b491,37,80,Normal
2026-02-11 10:54:39.260285,NewYork-b491,7,38,Normal
2026-02-11 10:54:40.260285,NewYork-b491,-16,25,Normal
2026-02-11 10:54:41.260285,NewYork-b491,16,45,Normal
2026-02-11 10:54:42.260285,NewYork-b491,50,94,Normal
2026-02-11 10:54:43.260285,NewYork-b491,-6,76,Normal
2026-02-11 10:54:44.260285,NewYork-b491,12,27,Normal
2026-02-11 10:54:45.260285,NewYork-b491,-26,84,Normal
2026-02-11 10:54:46.260285,NewYork-b491,16,13,Normal
2026-02-11 10:54:47.260285,NewYork-b491,11,17,Normal
2026-02-11 10:54:48.260285,NewYork-b491,-16,20,Normal
2026-02-11 10:54:49.260285,NewYork-b491,6,69,Normal
2026-02-11 10:54:50.260285,NewYork-b491,9,97,Normal
2026-02-11 10:54:51.260285,NewYork-b491,11,99,Normal
2026-02-11 10:54:52.260285,NewYork-b491,19,92,Normal
2026-02-11 10:54:53.260285,NewYork-b491,8,21,Normal
2026-02-11 10:54:54.260285,NewYork-b491,31,79,Normal
2026-02-11 10:54:55.260285,NewYork-b491,-2,20,Normal
2026-02-11 10:54:56.260285,NewYork-b491,39,84,Normal
2026-02-11 10:54:57.260285,NewYork-b491,-24,74,Normal
2026-02-11 10:54:58.260285,NewYork-b491,4,42,Normal
2026-02-11 10:54:59.260285,NewYork-b491,-22,82,Normal
2026-02-11 10:55:00.260285,NewYork-b491,-28,68,Normal
2026-02-11 10:55:01.260285,NewYork-b491,34,94,Normal
2026-02-11 10:55:02.260285,NewYork-b491,49,28,Normal
2026-02-11 10:55:03.260285,NewYork-b491,38,1,Normal
2026-02-11 10:55:04.260285,NewYork-b491,-9,33,Normal
2026-02-11 10:55:05.260285,NewYork-b491,3,3,Normal
2026-02-11 10:55:06.260285,NewYork-b491,34,20,Normal
2026-02-11 10:55:07.260285,NewYork-b491,33,37,Normal
2026-02-11 10:55:08.260285,NewYork-b491,35,81,Normal
2026-02-11 10:55:09.260285,NewYork-b491,26,23,Normal
2026-02-11 10:55:10.260285,NewYork-b491,22,2,Normal
2026-02-11 10:55:11.260285,NewYork-b491,-5,36,Normal
2026-02-11 10:55:12.260285,NewYork-b491,-18,3,Normal
2026-02-11 10:55:13.260285,NewYork-b491,10,85,Normal
2026-02-11 10:55:14.260285,NewYork-b491,20,62,Normal
2026-02-11 10:55:15.260285,NewYork-b491,34,20,Normal
2026-02-11 10:55:16.260285,NewYork-b491,27,52,Normal
2026-02-11 10:55:17.260285,NewYork-b491,12,11,Normal
2026-02-11 10:55:18.260285,NewYork-b491,50,40,Normal
2026-02-11 10:55:19.260285,NewYork-b491,4,69,Normal
2026-02-11 10:55:20.260285,NewYork-b491,9,74,Normal
2026-02-11 10:55:21.260285,NewYork-b491,18,55,Normal
2026-02-11 10:55:22.260285,NewYork-b491,14,30,Normal
2026-02-11 10:55:23.260285,NewYork-b491,33,21,Normal
2026-02-11 10:55:24.260285,NewYork-b491,8,67,Normal
2026-02-11 10:55:25.260285,NewYork-b491,35,11,Normal
2026-02-11 10:55:26.260285,NewYork-b491,-12,53,Normal
2026-02-11 10:55:27.260285,NewYork-b491,2,65,Normal
2026-02-11 10:55:28.260285,NewYork-b491,-6,56,Normal
2026-02-11 10:55:29.260285,NewYork-b491,19,86,Normal
2026-02-11 10:55:30.260285,NewYork-b491,22,82,Normal
2026-02-11 10:55:31.260285,NewYork-b491,16,33,Normal
2026-02-11 10:55:32.260285,NewYork-b491,24,56,Normal
2026-02-11 10:55:33.260285,NewYork-b491,-1,98,Normal
2026-02-11 10:55:34.260285,NewYork-b491,-6,38,Normal
2026-02-11 10:55:35.260285,NewYork-b491,2,44,Normal
2026-02-11 10:55:36.260285,NewYork-b491,30,83,Normal
2026-02-11 10:55:37.260285,NewYork-b491,10,43,Normal
2026-02-11 10:55:38.260285,NewYork-b491,-23,6,Normal
2026-02-11 10:55:39.260285,NewYork-b491,18,90,Normal
2026-02-11 10:55:40.260285,NewYork-b491,-26,7,Normal
2026-02-11 10:55:41.260285,NewYork-b491,-15,42,Normal
2026-02-11 10:55:42.260285,NewYork-b491,-27,8,Normal
2026-02-11 10:55:43.260285,NewYork-b491,-22,31,Normal
2026-02-11 10:55:44.260285,NewYork-b491,-5,13,Normal
2026-02-11 10:55:45.260285,NewYork-b491,-16,64,Normal
2026-02-11 10:55:46.260285,NewYork-b491,17,88,Normal
2026-02-11 10:55:47.260285,NewYork-b491,11,2,Normal
2026-02-11 10:55:48.260285,NewYork-b491,21,15,Normal
2026-02-11 10:55:49.260285,NewYork-b491,-8,56,Normal
2026-02-11 10:55:50.260285,NewYork-b491,30,82,Normal
2026-02-11 10:55:51.260285,NewYork-b491,28,68,Normal
2026-02-11 10:55:52.260285,NewYork-b491,28,86,Normal
2026-02-11 10:55:53.260285,NewYork-b491,-29,60,Normal
2026-02-11 10:55:54.260285,NewYork-b491,35,11,Normal
2026-02-11 10:55:55.260285,NewYork-b491,20,98,Normal
2026-02-11 10:55:56.260285,NewYork-b491,5,25,Normal
2026-02-11 10:55:57.260285,NewYork-b491,14,88,Normal
2026-02-11 10:55:58.260285,NewYork-b491,6,78,Normal
2026-02-11 10:55:59.260285,NewYork-b491,33,64,Normal
2026-02-11 10:56:00.260285,NewYork-b491,-28,16,Normal
2026-02-11 10:56:01.260285,NewYork-b491,19,97,Normal
2026-02-11 10:56:02.260285,NewYork-b491,-26,32,Normal
2026-02-11 10:56:03.260285,NewYork-b491,27,2,Normal
2026-02-11 10:56:04.260285,NewYork-b491,1,44,Normal
2026-02-11 10:56:05.260285,NewYork-b491,-25,85,Normal
2026-02-11 10:56:06.260285,NewYork-b491,42,74,Normal
2026-02-11 10:56:07.260285,NewYork-b491,29,65,Normal
2026-02-11 10:56:08.260285,NewYork-b491,44,77,Normal
2026-02-11 10:56:09.260285,NewYork-b491,21,93,Normal
2026-02-11 10:56:10.260285,NewYork-b491,13,28,Normal
2026-02-11 10:56:11.260285,NewYork-b491,18,80,Normal
2026-02-11 10:56:12.260285,NewYork-b491,14,90,Normal
2026-02-11 10:56:13.260285,NewYork-b491,38,40,Normal
2026-02-11 10:56:14.260285,NewYork-b491,28,79,Normal
2026-02-11 10:56:15.260285,NewYork-b491,24,68,Normal
2026-02-11 10:56:16.260285,NewYork-b491,16,94,Normal
2026-02-11 10:56:17.260285,NewYork-b491,18,59,Normal
2026-02-11 10:56:18.260285,NewYork-b491,6,90,Normal
2026-02-11 10:56:19.260285,NewYork-b491,30,57,Normal
2026-02-11 10:56:20.260285,NewYork-b491,-1,78,Normal
2026-02-11 10:56:21.260285,NewYork-b491,23,64,Normal
2026-02-11 10:56:22.260285,NewYork-b491,-22,41,Normal
2026-02-11 10:56:23.260285,NewYork-b491,-1,53,Normal
2026-02-11 10:56:24.260285,NewYork-b491,45,2,Normal
2026-02-11 10:56:25.260285,NewYork-b491,23,100,Normal
2026-02-11 10:56:26.260285,NewYork-b491,-12,59,Normal
2026-02-11 10:56:27.260285,NewYork-b491,2,90,Normal
2026-02-11 10:56:28.260285,NewYork-b491,-13,15,Normal
2026-02-11 10:56:29.260285,NewYork-b491,-16,90,Normal
2026-02-11 10:56:30.260285,NewYork-b491,-17,77,Normal
2026-02-11 10:56:31.260285,NewYork-b491,-17,69,Normal
2026-02-11 10:56:32.260285,NewYork-b491,42,42,Normal
2026-02-11 10:56:33.260285,NewYork-b491,10,27,Normal
2026-02-11 10:56:34.260285,NewYork-b491,41,29,Normal
2026-02-11 10:56:35.260285,NewYork-b491,-1,38,Normal
2026-02-11 10:56:36.260285,NewYork-b491,44,41,Normal
2026-02-11 10:56:37.260285,NewYork-b491,20,41,Normal
2026-02-11 10:56:38.260285,NewYork-b491,33,12,Normal
2026-02-11 10:56:39.260285,NewYork-b491,-22,63,Normal
2026-02-11 10:56:40.260285,NewYork-b491,48,56,Normal
2026-02-11 10:56:41.260285,NewYork-b491,-2,43,Normal
2026-02-11 10:56:42.260285,NewYork-b491,27,53,Normal
2026-02-11 10:56:43.260285,NewYork-b491,24,92,Normal
2026-02-11 10:56:44.260285,NewYork-b491,3,87,Normal
2026-02-11 10:56:45.260285,NewYork-b491,16,68,Normal
2026-02-11 10:56:46.260285,NewYork-b491,10,79,Normal
2026-02-11 10:56:47.260285,NewYork-b491,11,6,Normal
2026-02-11 10:56:48.260285,NewYork-b491,6,77,Normal
2026-02-11 10:56:49.260285,NewYork-b491,46,20,Normal
2026-02-11 10:56:50.260285,NewYork-b491,-30,3,Normal
2026-02-11 10:56:51.260285,NewYork-b491,-21,30,Normal
2026-02-11 10:56:52.260285,NewYork-b491,4,52,Normal
2026-02-11 10:56:53.260285,NewYork-b491,-7,75,Normal
2026-02-11 10:56:54.260285,NewYork-b491,42,94,Normal
2026-02-11 10:56:55.260285,NewYork-b491,26,3,Normal
2026-02-11 10:56:56.260285,NewYork-b491,16,57,Normal
2026-02-11 10:56:57.260285,NewYork-b491,-28,2,Normal
2026-02-11 10:56:58.260285,NewYork-b491,16,41,Normal
2026-02-11 10:56:59.260285,NewYork-b491,-11,4,Normal
2026-02-11 10:57:00.260285,NewYork-b491,14,52,Normal
2026-02-11 10:57:01.260285,NewYork-b491,29,47,Normal
2026-02-11 10:57:02.260285,NewYork-b491,31,53,Normal
2026-02-11 10:57:03.260285,NewYork-b491,37,29,Normal
2026-02-11 10:57:04.260285,NewYork-b491,47,43,Normal
2026-02-11 10:57:05.260285,NewYork-b491,24,92,Normal
2026-02-11 10:57:06.260285,NewYork-b491,-26,94,Normal
2026-02-11 10:57:07.260285,NewYork-b491,27,92,Normal
2026-02-11 10:57:08.260285,NewYork-b491,18,71,Normal
2026-02-11 10:57:09.260285,NewYork-b491,36,58,Normal
2026-02-11 10:57:10.260285,NewYork-b491,43,68,Normal
2026-02-11 10:57:11.260285,NewYork-b491,37,77,Normal
2026-02-11 10:57:12.260285,NewYork-b491,1,30,Normal
2026-02-11 10:57:13.260285,NewYork-b491,44,6,Normal
2026-02-11 10:57:14.260285,NewYork-b491,-30,87,Normal
2026-02-11 10:57:15.260285,NewYork-b491,-3,3,Normal
2026-02-11 10:57:16.260285,NewYork-b491,-23,36,Normal
2026-02-11 10:57:17.260285,NewYork-b491,-8,2,Normal
2026-02-11 10:57:18.260285,NewYork-b491,9,88,Normal
2026-02-11 10:57:19.260285,NewYork-b491,8,58,Normal
2026-02-11 10:57:20.260285,NewYork-b491,42,50,Normal
2026-02-11 10:57:21.260285,NewYork-b491,-29,87,Normal
2026-02-11 10:57:22.260285,NewYork-b491,9,13,Normal
2026-02-11 10:57:23.260285,NewYork-b491,-5,22,Normal
2026-02-11 10:57:24.260285,NewYork-b491,3,6,Normal
2026-02-11 10:57:25.260285,NewYork-b491,14,45,Normal
2026-02-11 10:57:26.260285,NewYork-b491,-2,31,Normal
2026-02-11 10:57:27.260285,NewYork-b491,18,22,Normal
2026-02-11 10:57:28.260285,NewYork-b491,15,21,Normal
2026-02-11 10:57:29.260285,NewYork-b491,-8,98,Normal
2026-02-11 10:57:30.260285,NewYork-b491,32,14,Normal
2026-02-11 10:57:31.260285,NewYork-b491,36,20,Normal
2026-02-11 10:57:32.260285,NewYork-b491,43,3,Normal
2026-02-11 10:57:33.260285,NewYork-b491,34,86,Normal
2026-02-11 10:57:34.260285,NewYork-b491,3,30,Normal
2026-02-11 10:57:35.260285,NewYork-b491,-1,79,Normal
2026-02-11 10:57:36.260285,NewYork-b491,28,38,Normal
2026-02-11 10:57:37.260285,NewYork-b491,47,84,Normal
2026-02-11 10:57:38.260285,NewYork-b491,43,46,Normal
2026-02-11 10:57:39.260285,NewYork-b491,-22,48,Normal
2026-02-11 10:57:40.260285,NewYork-b491,-5,61,Normal
2026-02-11 10:57:41.260285,NewYork-b491,17,95,Normal
2026-02-11 10:57:42.260285,NewYork-b491,-20,80,Normal
2026-02-11 10:57:43.260285,NewYork-b491,-3,23,Normal
2026-02-11 10:57:44.260285,NewYork-b491,-27,98,Normal
2026-02-11 10:57:45.260285,NewYork-b491,38,51,Normal
2026-02-11 10:57:46.260285,NewYork-b491,-5,61,Normal
2026-02-11 10:57:47.260285,NewYork-b491,-8,63,Normal
2026-02-11 10:57:48.260285,NewYork-b491,-25,42,Normal
2026-02-11 10:57:49.260285,NewYork-b491,25,34,Normal
2026-02-11 10:57:50.260285,NewYork-b491,13,41,Normal
2026-02-11 10:57:51.260285,NewYork-b491,-16,16,Normal
2026-02-11 10:57:52.260285,NewYork-b491,-11,65,Normal
2026-02-11 10:57:53.260285,NewYork-b491,22,84,Normal
2026-02-11 10:57:54.260285,NewYork-b491,-16,5,Normal
2026-02-11 10:57:55.260285,NewYork-b491,0,1,Normal
2026-02-11 10:57:56.260285,NewYork-b491,-20,96,Normal
2026-02-11 10:57:57.260285,NewYork-b491,-21,34,Normal
2026-02-11 10:57:58.260285,NewYork-b491,38,25,Normal
2026-02-11 10:57:59.260285,NewYork-b491,-16,46,Normal
2026-02-11 10:58:00.260285,NewYork-b491,-10,83,Normal
2026-02-11 10:58:01.260285,NewYork-b491,12,55,Normal
2026-02-11 10:58:02.260285,NewYork-b491,-28,78,Normal
2026-02-11 10:58:03.260285,NewYork-b491,42,67,Normal
2026-02-11 10:58:04.260285,NewYork-b491,42,72,Normal
2026-02-11 10:58:05.260285,NewYork-b491,14,81,Normal
2026-02-11 10:58:06.260285,NewYork-b491,48,48,Normal
2026-02-11 10:58:07.260285,NewYork-b491,27,44,Normal
2026-02-11 10:58:08.260285,NewYork-b491,-23,74,Normal
2026-02-11 10:58:09.260285,NewYork-b491,40,38,Normal
2026-02-11 10:58:10.260285,NewYork-b491,-23,16,Normal
2026-02-11 10:58:11.260285,NewYork-b491,-18,97,Normal
2026-02-11 10:58:12.260285,NewYork-b491,40,67,Normal
2026-02-11 10:58:13.260285,NewYork-b491,23,5,Normal
2026-02-11 10:58:14.260285,NewYork-b491,5,21,Normal
2026-02-11 10:58:15.260285,NewYork-b491,33,88,Normal
2026-02-11 10:58:16.260285,NewYork-b491,0,46,Normal
2026-02-11 10:58:17.260285,NewYork-b491,32,83,Normal
2026-02-11 10:58:18.260285,NewYork-b491,-15,17,Normal
2026-02-11 10:58:19.260285,NewYork-b491,26,99,Normal
2026-02-11 10:58:20.260285,NewYork-b491,37,19,Normal
2026-02-11 10:58:21.260285,NewYork-b491,50,44,Normal
2026-02-11 10:58:22.260285,NewYork-b491,25,59,Normal
2026-02-11 10:58:23.260285,NewYork-b491,24,37,Normal
2026-02-11 10:58:24.260285,NewYork-b491,4,30,Normal
2026-02-11 10:58:25.260285,NewYork-b491,47,1,Normal
2026-02-11 10:58:26.260285,NewYork-b491,15,62,Normal
2026-02-11 10:58:27.260285,NewYork-b491,8,28,Normal
2026-02-11 10:58:28.260285,NewYork-b491,17,49,Normal
2026-02-11 10:58:29.260285,NewYork-b491,35,47,Normal
2026-02-11 10:58:30.260285,NewYork-b491,-13,72,Normal
2026-02-11 10:58:31.260285,NewYork-b491,9,71,Normal
2026-02-11 10:58:32.260285,NewYork-b491,13,87,Normal
2026-02-11 10:58:33.260285,NewYork-b491,-24,16,Normal
2026-02-11 10:58:34.260285,NewYork-b491,34,53,Normal
2026-02-11 10:58:35.260285,NewYork-b491,31,91,Normal
2026-02-11 10:58:36.260285,NewYork-b491,34,50,Normal
2026-02-11 10:58:37.260285,NewYork-b491,24,45,Normal
2026-02-11 10:58:38.260285,NewYork-b491,-27,95,Normal
2026-02-11 10:58:39.260285,NewYork-b491,43,65,Normal
2026-02-11 10:58:40.260285,NewYork-b491,-9,48,Normal
2026-02-11 10:58:41.260285,NewYork-b491,16,37,Normal
2026-02-11 10:58:42.260285,NewYork-b491,7,100,Normal
2026-02-11 10:58:43.260285,NewYork-b491,-8,53,Normal
2026-02-11 10:58:44.260285,NewYork-b491,-24,68,Normal
2026-02-11 10:58:45.260285,NewYork-b491,14,86,Normal
2026-02-11 10:58:46.260285,NewYork-b491,-3,71,Normal
2026-02-11 10:58:47.260285,NewYork-b491,31,100,Normal
2026-02-11 10:58:48.260285,NewYork-b491,-28,30,Normal
2026-02-11 10:58:49.260285,NewYork-b491,8,43,Normal
2026-02-11 10:58:50.260285,NewYork-b491,-19,67,Normal
2026-02-11 10:58:51.260285,NewYork-b491,34,49,Normal
2026-02-11 10:58:52.260285,NewYork-b491,-27,49,Normal
2026-02-11 10:58:53.260285,NewYork-b491,7,40,Normal
2026-02-11 10:58:54.260285,NewYork-b491,43,66,Normal
2026-02-11 10:58:55.260285,NewYork-b491,-19,12,Normal
2026-02-11 10:58:56.260285,NewYork-b491,42,16,Normal
2026-02-11 10:58:57.260285,NewYork-b491,-12,65,Normal
2026-02-11 10:58:58.260285,NewYork-b491,18,58,Normal
2026-02-11 10:58:59.260285,NewYork-b491,-13,75,Normal
2026-02-11 10:59:00.260285,NewYork-b491,-30,62,Normal
2026-02-11 10:59:01.260285,NewYork-b491,39,94,Normal
2026-02-11 10:59:02.260285,NewYork-b491,35,78,Normal
2026-02-11 10:59:03.260285,NewYork-b491,3,15,Normal
2026-02-11 10:59:04.260285,NewYork-b491,28,70,Normal
2026-02-11 10:59:05.260285,NewYork-b491,39,99,Normal
2026-02-11 10:59:06.260285,NewYork-b491,-7,34,Normal
2026-02-11 10:59:07.260285,NewYork-b491,-30,84,Normal
2026-02-11 10:59:08.260285,NewYork-b491,20,44,Normal
2026-02-11 10:59:09.260285,NewYork-b491,-19,83,Normal
2026-02-11 10:59:10.260285,NewYork-b491,-6,99,Normal
2026-02-11 10:59:11.260285,NewYork-b491,28,5,Normal
2026-02-11 10:59:12.260285,NewYork-b491,38,44,Normal
2026-02-11 10:59:13.260285,NewYork-b491,-25,20,Normal
2026-02-11 10:59:14.260285,NewYork-b491,34,68,Normal
2026-02-11 10:59:15.260285,NewYork-b491,13,51,Normal
2026-02-11 10:59:16.260285,NewYork-b491,-14,93,Normal
2026-02-11 10:59:17.260285,NewYork-b491,37,38,Normal
2026-02-11 10:59:18.260285,NewYork-b491,19,63,Normal
2026-02-11 10:59:19.260285,NewYork-b491,-13,58,Normal
2026-02-11 10:59:20.260285,NewYork-b491,-17,31,Normal
2026-02-11 10:59:21.260285,NewYork-b491,40,76,Normal
2026-02-11 10:59:22.260285,NewYork-b491,-11,27,Normal
2026-02-11 10:59:23.260285,NewYork-b491,-21,62,Normal
2026-02-11 10:59:24.260285,NewYork-b491,-13,84,Normal
2026-02-11 10:59:25.260285,NewYork-b491,-9,20,Normal
2026-02-11 10:59:26.260285,NewYork-b491,34,76,Normal
2026-02-11 10:59:27.260285,NewYork-b491,13,92,Normal
2026-02-11 10:59:28.260285,NewYork-b491,42,39,Normal
2026-02-11 10:59:29.260285,NewYork-b491,12,29,Normal
2026-02-11 10:59:30.260285,NewYork-b491,-13,75,Normal
2026-02-11 10:59:31.260285,NewYork-b491,-6,91,Normal
2026-02-11 10:59:32.260285,NewYork-b491,-8,57,Normal
2026-02-11 10:59:33.260285,NewYork-b491,-12,62,Normal
2026-02-11 10:59:34.260285,NewYork-b491,-11,61,Normal
2026-02-11 10:59:35.260285,NewYork-b491,1,65,Normal
2026-02-11 10:59:36.260285,NewYork-b491,-23,31,Normal
2026-02-11 10:59:37.260285,NewYork-b491,45,30,Normal
2026-02-11 10:59:38.260285,NewYork-b491,-16,93,Normal
2026-02-11 10:59:39.260285,NewYork-b491,39,4,Normal
2026-02-11 10:59:40.260285,NewYork-b491,20,35,Normal
2026-02-11 10:59:41.260285,NewYork-b491,16,83,Normal
2026-02-11 10:59:42.260285,NewYork-b491,-17,5,Normal
2026-02-11 10:59:43.260285,NewYork-b491,-29,77,Normal
2026-02-11 10:59:44.260285,NewYork-b491,19,5,Normal
2026-02-11 10:59:45.260285,NewYork-b491,22,59,Normal
2026-02-11 10:59:46.260285,NewYork-b491,7,23,Normal
2026-02-11 10:59:47.260285,NewYork-b491,-11,18,Normal
2026-02-11 10:59:48.260285,NewYork-b491,24,25,Normal
2026-02-11 10:59:49.260285,NewYork-b491,19,20,Normal
2026-02-11 10:59:50.260285,NewYork-b491,-19,69,Normal
2026-02-11 10:59:51.260285,NewYork-b491,45,61,Normal
2026-02-11 10:59:52.260285,NewYork-b491,22,71,Normal
2026-02-11 10:59:53.260285,NewYork-b491,11,61,Normal
2026-02-11 10:59:54.260285,NewYork-b491,9,7,Normal
2026-02-11 10:59:55.260285,NewYork-b491,34,8,Normal
2026-02-11 10:59:56.260285,NewYork-b491,19,92,Normal
2026-02-11 10:59:57.260285,NewYork-b491,-28,1,Normal
2026-02-11 10:59:58.260285,NewYork-b491,39,47,Normal
2026-02-11 10:59:59.260285,NewYork-b491,-1,46,Normal
2026-02-11 11:00:00.260285,NewYork-b491,3,3,Normal
2026-02-11 11:00:01.260285,NewYork-b491,41,91,Normal
2026-02-11 11:00:02.260285,NewYork-b491,-18,24,Normal
2026-02-11 11:00:03.260285,NewYork-b491,-22,79,Normal
2026-02-11 11:00:04.260285,NewYork-b491,23,28,Normal
2026-02-11 11:00:05.260285,NewYork-b491,33,84,Normal
2026-02-11 11:00:06.260285,NewYork-b491,39,89,Normal
2026-02-11 11:00:07.260285,NewYork-b491,-6,25,Normal
2026-02-11 11:00:08.260285,NewYork-b491,32,84,Normal
2026-02-11 11:00:09.260285,NewYork-b491,26,46,Normal
2026-02-11 11:00:10.260285,NewYork-b491,-29,31,Normal
2026-02-11 11:00:11.260285,NewYork-b491,46,77,Normal
2026-02-11 11:00:12.260285,NewYork-b491,10,51,Normal
2026-02-11 11:00:13.260285,NewYork-b491,-30,35,Normal
2026-02-11 11:00:14.260285,NewYork-b491,-26,71,Normal
2026-02-11 11:00:15.260285,NewYork-b491,20,65,Normal
2026-02-11 11:00:16.260285,NewYork-b491,45,92,Normal
2026-02-11 11:00:17.260285,NewYork-b491,-7,6,Normal
2026-02-11 11:00:18.260285,NewYork-b491,48,65,Normal
2026-02-11 11:00:19.260285,NewYork-b491,8,95,Normal
2026-02-11 11:00:20.260285,NewYork-b491,26,75,Normal
2026-02-11 11:00:21.260285,NewYork-b491,-5,44,Normal
2026-02-11 11:00:22.260285,NewYork-b491,24,85,Normal
2026-02-11 11:00:23.260285,NewYork-b491,27,0,Normal
2026-02-11 11:00:24.260285,NewYork-b491,-5,7,Normal
2026-02-11 11:00:25.260285,NewYork-b491,-1,65,Normal
2026-02-11 11:00:26.260285,NewYork-b491,11,52,Normal
2026-02-11 11:00:27.260285,NewYork-b491,16,24,Normal
2026-02-11 11:00:28.260285,NewYork-b491,21,73,Normal
2026-02-11 11:00:29.260285,NewYork-b491,-25,73,Normal
2026-02-11 11:00:30.260285,NewYork-b491,-10,78,Normal
2026-02-11 11:00:31.260285,NewYork-b491,25,43,Normal
2026-02-11 11:00:32.260285,NewYork-b491,3,50,Normal
2026-02-11 11:00:33.260285,NewYork-b491,-18,85,Normal
2026-02-11 11:00:34.260285,NewYork-b491,3,33,Normal
2026-02-11 11:00:35.260285,NewYork-b491,39,15,Normal
2026-02-11 11:00:36.260285,NewYork-b491,38,9,Normal
2026-02-11 11:00:37.260285,NewYork-b491,15,55,Normal
2026-02-11 11:00:38.260285,NewYork-b491,12,67,Normal
2026-02-11 11:00:39.260285,NewYork-b491,39,92,Normal
2026-02-11 11:00:40.260285,NewYork-b491,-29,86,Normal
2026-02-11 11:00:41.260285,NewYork-b491,49,58,Normal
2026-02-11 11:00:42.260285,NewYork-b491,36,31,Normal
2026-02-11 11:00:43.260285,NewYork-b491,29,64,Normal
2026-02-11 11:00:44.260285,NewYork-b491,45,46,Normal
2026-02-11 11:00:45.260285,NewYork-b491,20,99,Normal
2026-02-11 11:00:46.260285,NewYork-b491,-25,22,Normal
2026-02-11 11:00:47.260285,NewYork-b491,-10,13,Normal
2026-02-11 11:00:48.260285,NewYork-b491,4,94,Normal
2026-02-11 11:00:49.260285,NewYork-b491,20,21,Normal
2026-02-11 11:00:50.260285,NewYork-b491,33,26,Normal
2026-02-11 11:00:51.260285,NewYork-b491,50,35,Normal
2026-02-11 11:00:52.260285,NewYork-b491,-16,9,Normal
2026-02-11 11:00:53.260285,NewYork-b491,50,28,Normal
2026-02-11 11:00:54.260285,NewYork-b491,49,28,Normal
2026-02-11 11:00:55.260285,NewYork-b491,43,16,Normal
2026-02-11 11:00:56.260285,NewYork-b491,10,56,Normal
2026-02-11 11:00:57.260285,NewYork-b491,-30,74,Normal
2026-02-11 11:00:58.260285,NewYork-b491,46,72,Normal
2026-02-11 11:00:59.260285,NewYork-b491,32,57,Normal
2026-02-11 11:01:00.260285,NewYork-b491,14,61,Normal
2026-02-11 11:01:01.260285,NewYork-b491,18,21,Normal
2026-02-11 11:01:02.260285,NewYork-b491,-15,33,Normal
2026-02-11 11:01:03.260285,NewYork-b491,9,86,Normal
2026-02-11 11:01:04.260285,NewYork-b491,13,65,Normal
2026-02-11 11:01:05.260285,NewYork-b491,17,80,Normal
2026-02-11 11:01:06.260285,NewYork-b491,25,84,Normal
2026-02-11 11:01:07.260285,NewYork-b491,-30,12,Normal
2026-02-11 11:01:08.260285,NewYork-b491,31,80,Normal
2026-02-11 11:01:09.260285,NewYork-b491,-15,86,Normal
2026-02-11 11:01:10.260285,NewYork-b491,-14,89,Normal
2026-02-11 11:01:11.260285,NewYork-b491,-12,38,Normal
2026-02-11 11:01:12.260285,NewYork-b491,-7,54,Normal
2026-02-11 11:01:13.260285,NewYork-b491,46,8,Normal
2026-02-11 11:01:14.260285,NewYork-b491,11,44,Normal
2026-02-11 11:01:15.260285,NewYork-b491,3,10,Normal
2026-02-11 11:01:16.260285,NewYork-b491,45,94,Normal
2026-02-11 11:01:17.260285,NewYork-b491,-13,66,Normal
2026-02-11 11:01:18.260285,NewYork-b491,-13,42,Normal
2026-02-11 11:01:19.260285,NewYork-b491,-30,61,Normal
2026-02-11 11:01:20.260285,NewYork-b491,-5,85,Normal
2026-02-11 11:01:21.260285,NewYork-b491,-20,3,Normal
2026-02-11 11:01:22.260285,NewYork-b491,16,83,Normal
2026-02-11 11:01:23.260285,NewYork-b491,23,95,Normal
2026-02-11 11:01:24.260285,NewYork-b491,32,5,Normal
2026-02-11 11:01:25.260285,NewYork-b491,22,90,Normal
2026-02-11 11:01:26.260285,NewYork-b491,5,15,Normal
2026-02-11 11:01:27.260285,NewYork-b491,-3,93,Normal
2026-02-11 11:01:28.260285,NewYork-b491,-21,78,Normal
2026-02-11 11:01:29.260285,NewYork-b491,-14,97,Normal
2026-02-11 11:01:30.260285,NewYork-b491,46,59,Normal
2026-02-11 11:01:31.260285,NewYork-b491,27,97,Normal
2026-02-11 11:01:32.260285,NewYork-b491,8,39,Normal
2026-02-11 11:01:33.260285,NewYork-b491,-25,27,Normal
2026-02-11 11:01:34.260285,NewYork-b491,50,100,Normal
2026-02-11 11:01:35.260285,NewYork-b491,16,96,Normal
2026-02-11 11:01:36.260285,NewYork-b491,11,36,Normal
2026-02-11 11:01:37.260285,NewYork-b491,5,45,Normal
2026-02-11 11:01:38.260285,NewYork-b491,3,100,Normal
2026-02-11 11:01:39.260285,NewYork-b491,17,82,Normal
2026-02-11 11:01:40.260285,NewYork-b491,21,66,Normal
2026-02-11 11:01:41.260285,NewYork-b491,33,84,Normal
2026-02-11 11:01:42.260285,NewYork-b491,49,74,Normal
2026-02-11 11:01:43.260285,NewYork-b491,43,49,Normal
2026-02-11 11:01:44.260285,NewYork-b491,-23,81,Normal
2026-02-11 11:01:45.260285,NewYork-b491,25,52,Normal
2026-02-11 11:01:46.260285,NewYork-b491,13,40,Normal
2026-02-11 11:01:47.260285,NewYork-b491,-24,22,Normal
2026-02-11 11:01:48.260285,NewYork-b491,25,43,Normal
2026-02-11 11:01:49.260285,NewYork-b491,6,13,Normal
2026-02-11 11:01:50.260285,NewYork-b491,-9,59,Normal
2026-02-11 11:01:51.260285,NewYork-b491,26,16,Normal
2026-02-11 11:01:52.260285,NewYork-b491,-17,97,Normal
2026-02-11 11:01:53.260285,NewYork-b491,25,80,Normal
2026-02-11 11:01:54.260285,NewYork-b491,11,23,Normal
2026-02-11 11:01:55.260285,NewYork-b491,5,30,Normal
2026-02-11 11:01:56.260285,NewYork-b491,-14,94,Normal
2026-02-11 11:01:57.260285,NewYork-b491,4,82,Normal
2026-02-11 11:01:58.260285,NewYork-b491,-30,71,Normal
2026-02-11 11:01:59.260285,NewYork-b491,-29,21,Normal
2026-02-11 11:02:00.260285,NewYork-b491,30,20,Normal
2026-02-11 11:02:01.260285,NewYork-b491,-16,17,Normal
2026-02-11 11:02:02.260285,NewYork-b491,6,95,Normal
2026-02-11 11:02:03.260285,NewYork-b491,26,76,Normal
2026-02-11 11:02:04.260285,NewYork-b491,8,92,Normal
2026-02-11 11:02:05.260285,NewYork-b491,5,47,Normal
2026-02-11 11:02:06.260285,NewYork-b491,-11,96,Normal
2026-02-11 11:02:07.260285,NewYork-b491,36,35,Normal
2026-02-11 11:02:08.260285,NewYork-b491,-5,20,Normal
2026-02-11 11:02:09.260285,NewYork-b491,12,9,Normal
2026-02-11 11:02:10.260285,NewYork-b491,-4,44,Normal
2026-02-11 11:02:11.260285,NewYork-b491,-30,97,Normal
2026-02-11 11:02:12.260285,NewYork-b491,-28,62,Normal
2026-02-11 11:02:13.260285,NewYork-b491,29,56,Normal
2026-02-11 11:02:14.260285,NewYork-b491,15,97,Normal
2026-02-11 11:02:15.260285,NewYork-b491,-28,60,Normal
2026-02-11 11:02:16.260285,NewYork-b491,-30,100,Normal
2026-02-11 11:02:17.260285,NewYork-b491,9,69,Normal
2026-02-11 11:02:18.260285,NewYork-b491,-5,83,Normal
2026-02-11 11:02:19.260285,NewYork-b491,41,85,Normal
2026-02-11 11:02:20.260285,NewYork-b491,38,23,Normal
2026-02-11 11:02:21.260285,NewYork-b491,16,36,Normal
2026-02-11 11:02:22.260285,NewYork-b491,-13,15,Normal
2026-02-11 11:02:23.260285,NewYork-b491,7,1,Normal
2026-02-11 11:02:24.260285,NewYork-b491,36,29,Normal
2026-02-11 11:02:25.260285,NewYork-b491,-19,93,Normal
2026-02-11 11:02:26.260285,NewYork-b491,7,44,Normal
2026-02-11 11:02:27.260285,NewYork-b491,-20,90,Normal
2026-02-11 11:02:28.260285,NewYork-b491,13,0,Normal
2026-02-11 11:02:29.260285,NewYork-b491,42,58,Normal
2026-02-11 11:02:30.260285,NewYork-b491,15,9,Normal
2026-02-11 11:02:31.260285,NewYork-b491,19,17,Normal
2026-02-11 11:02:32.260285,NewYork-b491,44,48,Normal
2026-02-11 11:02:33.260285,NewYork-b491,18,57,Normal
2026-02-11 11:02:34.260285,NewYork-b491,46,5,Normal
2026-02-11 11:02:35.260285,NewYork-b491,-8,43,Normal
2026-02-11 11:02:36.260285,NewYork-b491,6,50,Normal
2026-02-11 11:02:37.260285,NewYork-b491,-21,36,Normal
2026-02-11 11:02:38.260285,NewYork-b491,-15,14,Normal
2026-02-11 11:02:39.260285,NewYork-b491,-22,16,Normal
2026-02-11 11:02:40.260285,NewYork-b491,-28,27,Normal
2026-02-11 11:02:41.260285,NewYork-b491,-18,28,Normal
2026-02-11 11:02:42.260285,NewYork-b491,-10,84,Normal
2026-02-11 11:02:43.260285,NewYork-b491,12,88,Normal
2026-02-11 11:02:44.260285,NewYork-b491,35,31,Normal
2026-02-11 11:02:45.260285,NewYork-b491,43,58,Normal
2026-02-11 11:02:46.260285,NewYork-b491,32,81,Normal
2026-02-11 11:02:47.260285,NewYork-b491,46,25,Normal
2026-02-11 11:02:48.260285,NewYork-b491,-7,89,Normal
2026-02-11 11:02:49.260285,NewYork-b491,34,42,Normal
2026-02-11 11:02:50.260285,NewYork-b491,3,55,Normal
2026-02-11 11:02:51.260285,NewYork-b491,-22,1,Normal
2026-02-11 11:02:52.260285,NewYork-b491,0,95,Normal
2026-02-11 11:02:53.260285,NewYork-b491,-13,91,Normal
2026-02-11 11:02:54.260285,NewYork-b491,-23,0,Normal
2026-02-11 11:02:55.260285,NewYork-b491,6,61,Normal
2026-02-11 11:02:56.260285,NewYork-b491,13,79,Normal
2026-02-11 11:02:57.260285,NewYork-b491,-2,26,Normal
2026-02-11 11:02:58.260285,NewYork-b491,24,25,Normal
2026-02-11 11:02:59.260285,NewYork-b491,-11,32,Normal
2026-02-11 11:03:00.260285,NewYork-b491,-19,0,Normal
2026-02-11 11:03:01.260285,NewYork-b491,1,32,Normal
2026-02-11 11:03:02.260285,NewYork-b491,15,3,Normal
2026-02-11 11:03:03.260285,NewYork-b491,-26,71,Normal
2026-02-11 11:03:04.260285,NewYork-b491,-19,75,Normal
2026-02-11 11:03:05.260285,NewYork-b491,18,6,Normal
2026-02-11 11:03:06.260285,NewYork-b491,38,37,Normal
2026-02-11 11:03:07.260285,NewYork-b491,3,88,Normal
2026-02-11 11:03:08.260285,NewYork-b491,11,89,Normal
2026-02-11 11:03:09.260285,NewYork-b491,-1,4,Normal
2026-02-11 11:03:10.260285,NewYork-b491,-24,97,Normal
2026-02-11 11:03:11.260285,NewYork-b491,6,9,Normal
2026-02-11 11:03:12.260285,NewYork-b491,38,85,Normal
2026-02-11 11:03:13.260285,NewYork-b491,-16,41,Normal
2026-02-11 11:03:14.260285,NewYork-b491,-21,14,Normal
2026-02-11 11:03:15.260285,NewYork-b491,-14,79,Normal
2026-02-11 11:03:16.260285,NewYork-b491,37,62,Normal
2026-02-11 11:03:17.260285,NewYork-b491,-7,74,Normal
2026-02-11 11:03:18.260285,NewYork-b491,-22,39,Normal
2026-02-11 11:03:19.260285,NewYork-b491,32,63,Normal
2026-02-11 11:03:20.260285,NewYork-b491,10,97,Normal
2026-02-11 11:03:21.260285,NewYork-b491,40,7,Normal
2026-02-11 11:03:22.260285,NewYork-b491,25,32,Normal
2026-02-11 11:03:23.260285,NewYork-b491,8,32,Normal
2026-02-11 11:03:24.260285,NewYork-b491,13,83,Normal
2026-02-11 11:03:25.260285,NewYork-b491,46,65,Normal
2026-02-11 11:03:26.260285,NewYork-b491,47,52,Normal
2026-02-11 11:03:27.260285,NewYork-b491,-27,58,Normal
2026-02-11 11:03:28.260285,NewYork-b491,18,47,Normal
2026-02-11 11:03:29.260285,NewYork-b491,38,87,Normal
2026-02-11 11:03:30.260285,NewYork-b491,39,10,Normal
2026-02-11 11:03:31.260285,NewYork-b491,1,27,Normal
2026-02-11 11:03:32.260285,NewYork-b491,0,12,Normal
2026-02-11 11:03:33.260285,NewYork-b491,49,55,Normal
2026-02-11 11:03:34.260285,NewYork-b491,2,13,Normal
2026-02-11 11:03:35.260285,NewYork-b491,16,59,Normal
2026-02-11 11:03:36.260285,NewYork-b491,49,56,Normal
2026-02-11 11:03:37.260285,NewYork-b491,23,38,Normal
2026-02-11 11:03:38.260285,NewYork-b491,2,63,Normal
2026-02-11 11:03:39.260285,NewYork-b491,35,27,Normal
2026-02-11 11:03:40.260285,NewYork-b491,9,83,Normal
2026-02-11 11:03:41.260285,NewYork-b491,-2,16,Normal
2026-02-11 11:03:42.260285,NewYork-b491,-6,100,Normal
2026-02-11 11:03:43.260285,NewYork-b491,26,1,Normal
2026-02-11 11:03:44.260285,NewYork-b491,9,6,Normal
2026-02-11 11:03:45.260285,NewYork-b491,17,90,Normal
2026-02-11 11:03:46.260285,NewYork-b491,40,3,Normal
2026-02-11 11:03:47.260285,NewYork-b491,-28,30,Normal
2026-02-11 11:03:48.260285,NewYork-b491,17,7,Normal
2026-02-11 11:03:49.260285,NewYork-b491,18,9,Normal
2026-02-11 11:03:50.260285,NewYork-b491,-4,4,Normal
2026-02-11 11:03:51.260285,NewYork-b491,23,56,Normal
2026-02-11 11:03:52.260285,NewYork-b491,-23,14,Normal
2026-02-11 11:03:53.260285,NewYork-b491,2,80,Normal
2026-02-11 11:03:54.260285,NewYork-b491,-26,76,Normal
2026-02-11 11:03:55.260285,NewYork-b491,40,22,Normal
2026-02-11 11:03:56.260285,NewYork-b491,-16,11,Normal
2026-02-11 11:03:57.260285,NewYork-b491,0,1,Normal
2026-02-11 11:03:58.260285,NewYork-b491,50,57,Normal
2026-02-11 11:03:59.260285,NewYork-b491,-29,51,Normal
2026-02-11 11:04:00.260285,NewYork-b491,21,75,Normal
2026-02-11 11:04:01.260285,NewYork-b491,49,95,Normal
2026-02-11 11:04:02.260285,NewYork-b491,39,37,Normal
2026-02-11 11:04:03.260285,NewYork-b491,-11,82,Normal
2026-02-11 11:04:04.260285,NewYork-b491,-15,77,Normal
2026-02-11 11:04:05.260285,NewYork-b491,-28,45,Normal
2026-02-11 11:04:06.260285,NewYork-b491,-1,0,Normal
2026-02-11 11:04:07.260285,NewYork-b491,33,33,Normal
2026-02-11 11:04:08.260285,NewYork-b491,43,19,Normal
2026-02-11 11:04:09.260285,NewYork-b491,-11,50,Normal
2026-02-11 11:04:10.260285,NewYork-b491,4,36,Normal
2026-02-11 11:04:11.260285,NewYork-b491,-21,96,Normal
2026-02-11 11:04:12.260285,NewYork-b491,-12,63,Normal
2026-02-11 11:04:13.260285,NewYork-b491,17,14,Normal
2026-02-11 11:04:14.260285,NewYork-b491,37,30,Normal
2026-02-11 11:04:15.260285,NewYork-b491,50,28,Normal
2026-02-11 11:04:16.260285,NewYork-b491,4,34,Normal
2026-02-11 11:04:17.260285,NewYork-b491,5,66,Normal
2026-02-11 11:04:18.260285,NewYork-b491,15,23,Normal
2026-02-11 11:04:19.260285,NewYork-b491,46,61,Normal
2026-02-11 11:04:20.260285,NewYork-b491,11,89,Normal
2026-02-11 11:04:21.260285,NewYork-b491,27,76,Normal
2026-02-11 11:04:22.260285,NewYork-b491,14,80,Normal
2026-02-11 11:04:23.260285,NewYork-b491,-17,13,Normal
2026-02-11 11:04:24.260285,NewYork-b491,46,78,Normal
2026-02-11 11:04:25.260285,NewYork-b491,-25,97,Normal
2026-02-11 11:04:26.260285,NewYork-b491,47,100,Normal
2026-02-11 11:04:27.260285,NewYork-b491,41,36,Normal
2026-02-11 11:04:28.260285,NewYork-b491,30,40,Normal
2026-02-11 11:04:29.260285,NewYork-b491,1,43,Normal
2026-02-11 11:04:30.260285,NewYork-b491,1,64,Normal
2026-02-11 11:04:31.260285,NewYork-b491,-10,76,Normal
2026-02-11 11:04:32.260285,NewYork-b491,-22,45,Normal
2026-02-11 11:04:33.260285,NewYork-b491,19,13,Normal
2026-02-11 11:04:34.260285,NewYork-b491,-22,38,Normal
2026-02-11 11:04:35.260285,NewYork-b491,47,51,Normal
2026-02-11 11:04:36.260285,NewYork-b491,-30,74,Normal
2026-02-11 11:04:37.260285,NewYork-b491,-12,26,Normal
2026-02-11 11:04:38.260285,NewYork-b491,47,70,Normal
2026-02-11 11:04:39.260285,NewYork-b491,13,33,Normal
2026-02-11 11:04:40.260285,NewYork-b491,-30,56,Normal
2026-02-11 11:04:41.260285,NewYork-b491,49,5,Normal
2026-02-11 11:04:42.260285,NewYork-b491,-18,97,Normal
2026-02-11 11:04:43.260285,NewYork-b491,16,94,Normal
2026-02-11 11:04:44.260285,NewYork-b491,44,45,Normal
2026-02-11 11:04:45.260285,NewYork-b491,-26,28,Normal
2026-02-11 11:04:46.260285,NewYork-b491,13,0,Normal
2026-02-11 11:04:47.260285,NewYork-b491,6,53,Normal
2026-02-11 11:04:48.260285,NewYork-b491,35,49,Normal
2026-02-11 11:04:49.260285,NewYork-b491,-1,68,Normal
2026-02-11 11:04:50.260285,NewYork-b491,-23,40,Normal
2026-02-11 11:04:51.260285,NewYork-b491,-1,87,Normal
2026-02-11 11:04:52.260285,NewYork-b491,46,37,Normal
2026-02-11 11:04:53.260285,NewYork-b491,25,87,Normal
2026-02-11 11:04:54.260285,NewYork-b491,-17,84,Normal
2026-02-11 11:04:55.260285,NewYork-b491,12,66,Normal
2026-02-11 11:04:56.260285,NewYork-b491,45,19,Normal
2026-02-11 11:04:57.260285,NewYork-b491,25,45,Normal
2026-02-11 11:04:58.260285,NewYork-b491,5,98,Normal
2026-02-11 11:04:59.260285,NewYork-b491,-26,13,Normal
2026-02-11 11:05:00.260285,NewYork-b491,-19,21,Normal
2026-02-11 11:05:01.260285,NewYork-b491,12,76,Normal
2026-02-11 11:05:02.260285,NewYork-b491,-2,65,Normal
2026-02-11 11:05:03.260285,NewYork-b491,-15,67,Normal
2026-02-11 11:05:04.260285,NewYork-b491,39,99,Normal
2026-02-11 11:05:05.260285,NewYork-b491,42,25,Normal
2026-02-11 11:05:06.260285,NewYork-b491,46,32,Normal
2026-02-11 11:05:07.260285,NewYork-b491,11,81,Normal
2026-02-11 11:05:08.260285,NewYork-b491,-4,94,Normal
2026-02-11 11:05:09.260285,NewYork-b491,49,64,Normal
2026-02-11 11:05:10.260285,NewYork-b491,-17,43,Normal
2026-02-11 11:05:11.260285,NewYork-b491,-27,74,Normal
2026-02-11 11:05:12.260285,NewYork-b491,-29,91,Normal
2026-02-11 11:05:13.260285,NewYork-b491,-18,0,Normal
2026-02-11 11:05:14.260285,NewYork-b491,-26,31,Normal
2026-02-11 11:05:15.260285,NewYork-b491,16,18,Normal
2026-02-11 11:05:16.260285,NewYork-b491,9,68,Normal
2026-02-11 11:05:17.260285,NewYork-b491,8,81,Normal
2026-02-11 11:05:18.260285,NewYork-b491,26,49,Normal
2026-02-11 11:05:19.260285,NewYork-b491,0,65,Normal
2026-02-11 11:05:20.260285,NewYork-b491,-28,71,Normal
2026-02-11 11:05:21.260285,NewYork-b491,21,59,Normal
2026-02-11 11:05:22.260285,NewYork-b491,-20,92,Normal
2026-02-11 11:05:23.260285,NewYork-b491,24,17,Normal
2026-02-11 11:05:24.260285,NewYork-b491,39,43,Normal
2026-02-11 11:05:25.260285,NewYork-b491,11,48,Normal
2026-02-11 11:05:26.260285,NewYork-b491,16,96,Normal
2026-02-11 11:05:27.260285,NewYork-b491,24,83,Normal
2026-02-11 11:05:28.260285,NewYork-b491,-20,47,Normal
2026-02-11 11:05:29.260285,NewYork-b491,-6,75,Normal
2026-02-11 11:05:30.260285,NewYork-b491,-7,69,Normal
2026-02-11 11:05:31.260285,NewYork-b491,-19,34,Normal
2026-02-11 11:05:32.260285,NewYork-b491,27,74,Normal
2026-02-11 11:05:33.260285,NewYork-b491,33,18,Normal
2026-02-11 11:05:34.260285,NewYork-b491,28,0,Normal
2026-02-11 11:05:35.260285,NewYork-b491,18,23,Normal
2026-02-11 11:05:36.260285,NewYork-b491,-22,72,Normal
2026-02-11 11:05:37.260285,NewYork-b491,-2,90,Normal
2026-02-11 11:05:38.260285,NewYork-b491,-6,43,Normal
2026-02-11 11:05:39.260285,NewYork-b491,-11,63,Normal
2026-02-11 11:05:40.260285,NewYork-b491,12,86,Normal
2026-02-11 11:05:41.260285,NewYork-b491,1,100,Normal
2026-02-11 11:05:42.260285,NewYork-b491,34,20,Normal
2026-02-11 11:05:43.260285,NewYork-b491,16,94,Normal
2026-02-11 11:05:44.260285,NewYork-b491,-17,85,Normal
2026-02-11 11:05:45.260285,NewYork-b491,-24,0,Normal
2026-02-11 11:05:46.260285,NewYork-b491,7,73,Normal
2026-02-11 11:05:47.260285,NewYork-b491,1,52,Normal
2026-02-11 11:05:48.260285,NewYork-b491,-27,79,Normal
2026-02-11 11:05:49.260285,NewYork-b491,-11,79,Normal
2026-02-11 11:05:50.260285,NewYork-b491,-23,32,Normal
2026-02-11 11:05:51.260285,NewYork-b491,45,59,Normal
2026-02-11 11:05:52.260285,NewYork-b491,5,3,Normal
2026-02-11 11:05:53.260285,NewYork-b491,19,34,Normal
2026-02-11 11:05:54.260285,NewYork-b491,-17,38,Normal
2026-02-11 11:05:55.260285,NewYork-b491,21,50,Normal
2026-02-11 11:05:56.260285,NewYork-b491,2,22,Normal
2026-02-11 11:05:57.260285,NewYork-b491,5,22,Normal
2026-02-11 11:05:58.260285,NewYork-b491,42,41,Normal
2026-02-11 11:05:59.260285,NewYork-b491,1,70,Normal
2026-02-11 11:06:00.260285,NewYork-b491,34,22,Normal
2026-02-11 11:06:01.260285,NewYork-b491,17,1,Normal
2026-02-11 11:06:02.260285,NewYork-b491,36,11,Normal
2026-02-11 11:06:03.260285,NewYork-b491,3,50,Normal
2026-02-11 11:06:04.260285,NewYork-b491,48,13,Normal
2026-02-11 11:06:05.260285,NewYork-b491,-11,80,Normal
2026-02-11 11:06:06.260285,NewYork-b491,31,70,Normal
2026-02-11 11:06:07.260285,NewYork-b491,-17,45,Normal
2026-02-11 11:06:08.260285,NewYork-b491,-8,70,Normal
2026-02-11 11:06:09.260285,NewYork-b491,27,28,Normal
2026-02-11 11:06:10.260285,NewYork-b491,50,52,Normal
2026-02-11 11:06:11.260285,NewYork-b491,-28,70,Normal
2026-02-11 11:06:12.260285,NewYork-b491,31,53,Normal
2026-02-11 11:06:13.260285,NewYork-b491,-22,26,Normal
2026-02-11 11:06:14.260285,NewYork-b491,-28,15,Normal
2026-02-11 11:06:15.260285,NewYork-b491,47,76,Normal
2026-02-11 11:06:16.260285,NewYork-b491,-3,2,Normal
2026-02-11 11:06:17.260285,NewYork-b491,-17,93,Normal
2026-02-11 11:06:18.260285,NewYork-b491,6,47,Normal
2026-02-11 11:06:19.260285,NewYork-b491,-24,34,Normal
2026-02-11 11:06:20.260285,NewYork-b491,0,26,Normal
2026-02-11 11:06:21.260285,NewYork-b491,12,98,Normal
2026-02-11 11:06:22.260285,NewYork-b491,46,85,Normal
2026-02-11 11:06:23.260285,NewYork-b491,41,74,Normal
2026-02-11 11:06:24.260285,NewYork-b491,-29,40,Normal
2026-02-11 11:06:25.260285,NewYork-b491,33,86,Normal
2026-02-11 11:06:26.260285,NewYork-b491,-4,5,Normal
2026-02-11 11:06:27.260285,NewYork-b491,44,82,Normal
2026-02-11 11:06:28.260285,NewYork-b491,-27,41,Normal
2026-02-11 11:06:29.260285,NewYork-b491,30,4,Normal
2026-02-11 11:06:30.260285,NewYork-b491,44,29,Normal
2026-02-11 11:06:31.260285,NewYork-b491,43,79,Normal
2026-02-11 11:06:32.260285,NewYork-b491,40,84,Normal
2026-02-11 11:06:33.260285,NewYork-b491,-1,77,Normal
2026-02-11 11:06:34.260285,NewYork-b491,-4,83,Normal
2026-02-11 11:06:35.260285,NewYork-b491,27,18,Normal
2026-02-11 11:06:36.260285,NewYork-b491,40,53,Normal
2026-02-11 11:06:37.260285,NewYork-b491,-8,67,Normal
2026-02-11 11:06:38.260285,NewYork-b491,-16,40,Normal
2026-02-11 11:06:39.260285,NewYork-b491,29,29,Normal
2026-02-11 11:06:40.260285,NewYork-b491,-10,74,Normal
2026-02-11 11:06:41.260285,NewYork-b491,22,93,Normal
2026-02-11 11:06:42.260285,NewYork-b491,43,87,Normal
2026-02-11 11:06:43.260285,NewYork-b491,25,74,Normal
2026-02-11 11:06:44.260285,NewYork-b491,26,72,Normal
2026-02-11 11:06:45.260285,NewYork-b491,-18,13,Normal
2026-02-11 11:06:46.260285,NewYork-b491,-6,27,Normal
2026-02-11 11:06:47.260285,NewYork-b491,17,64,Normal
2026-02-11 11:06:48.260285,NewYork-b491,12,95,Normal
2026-02-11 11:06:49.260285,NewYork-b491,36,3,Normal
2026-02-11 11:06:50.260285,NewYork-b491,10,81,Normal
2026-02-11 11:06:51.260285,NewYork-b491,-13,8,Normal
2026-02-11 11:06:52.260285,NewYork-b491,27,21,Normal
2026-02-11 11:06:53.260285,NewYork-b491,4,42,Normal
2026-02-11 11:06:54.260285,NewYork-b491,16,6,Normal
2026-02-11 11:06:55.260285,NewYork-b491,38,63,Normal
2026-02-11 11:06:56.260285,NewYork-b491,-15,93,Normal
2026-02-11 11:06:57.260285,NewYork-b491,-11,58,Normal
2026-02-11 11:06:58.260285,NewYork-b491,20,17,Normal
2026-02-11 11:06:59.260285,NewYork-b491,9,82,Normal
2026-02-11 11:07:00.260285,NewYork-b491,30,51,Normal
2026-02-11 11:07:01.260285,NewYork-b491,23,24,Normal
2026-02-11 11:07:02.260285,NewYork-b491,33,40,Normal
2026-02-11 11:07:03.260285,NewYork-b491,36,37,Normal
2026-02-11 11:07:04.260285,NewYork-b491,-6,38,Normal
2026-02-11 11:07:05.260285,NewYork-b491,15,24,Normal
2026-02-11 11:07:06.260285,NewYork-b491,-12,38,Normal
2026-02-11 11:07:07.260285,NewYork-b491,24,69,Normal
2026-02-11 11:07:08.260285,NewYork-b491,9,10,Normal
2026-02-11 11:07:09.260285,NewYork-b491,-23,64,Normal
2026-02-11 11:07:10.260285,NewYork-b491,1,86,Normal
2026-02-11 11:07:11.260285,NewYork-b491,-26,76,Normal
2026-02-11 11:07:12.260285,NewYork-b491,-22,58,Normal
2026-02-11 11:07:13.260285,NewYork-b491,40,77,Normal
2026-02-11 11:07:14.260285,NewYork-b491,-25,21,Normal
2026-02-11 11:07:15.260285,NewYork-b491,11,7,Normal
2026-02-11 11:07:16.260285,NewYork-b491,-12,80,Normal
2026-02-11 11:07:17.260285,NewYork-b491,-30,54,Normal
2026-02-11 11:07:18.260285,NewYork-b491,12,81,Normal
2026-02-11 11:07:19.260285,NewYork-b491,36,37,Normal
2026-02-11 11:07:20.260285,NewYork-b491,-14,80,Normal
2026-02-11 11:07:21.260285,NewYork-b491,-7,61,Normal
2026-02-11 11:07:22.260285,NewYork-b491,40,24,Normal
2026-02-11 11:07:23.260285,NewYork-b491,26,45,Normal
2026-02-11 11:07:24.260285,NewYork-b491,-18,83,Normal
2026-02-11 11:07:25.260285,NewYork-b491,2,54,Normal
2026-02-11 11:07:26.260285,NewYork-b491,48,39,Normal
2026-02-11 11:07:27.260285,NewYork-b491,-18,20,Normal
2026-02-11 11:07:28.260285,NewYork-b491,3,0,Normal
2026-02-11 11:07:29.260285,NewYork-b491,44,73,Normal
2026-02-11 11:07:30.260285,NewYork-b491,-6,7,Normal
2026-02-11 11:07:31.260285,NewYork-b491,40,27,Normal
2026-02-11 11:07:32.260285,NewYork-b491,44,4,Normal
2026-02-11 11:07:33.260285,NewYork-b491,-27,18,Normal
2026-02-11 11:07:34.260285,NewYork-b491,26,21,Normal
2026-02-11 11:07:35.260285,NewYork-b491,28,84,Normal
2026-02-11 11:07:36.260285,NewYork-b491,-5,69,Normal
2026-02-11 11:07:37.260285,NewYork-b491,-3,55,Normal
2026-02-11 11:07:38.260285,NewYork-b491,-11,44,Normal
2026-02-11 11:07:39.260285,NewYork-b491,43,65,Normal
2026-02-11 11:07:40.260285,NewYork-b491,47,44,Normal
2026-02-11 11:07:41.260285,NewYork-b491,-22,13,Normal
2026-02-11 11:07:42.260285,NewYork-b491,-1,64,Normal
2026-02-11 11:07:43.260285,NewYork-b491,17,85,Normal
2026-02-11 11:07:44.260285,NewYork-b491,24,79,Normal
2026-02-11 11:07:45.260285,NewYork-b491,-24,72,Normal
2026-02-11 11:07:46.260285,NewYork-b491,45,74,Normal
2026-02-11 11:07:47.260285,NewYork-b491,12,45,Normal
2026-02-11 11:07:48.260285,NewYork-b491,47,0,Normal
2026-02-11 11:07:49.260285,NewYork-b491,13,93,Normal
2026-02-11 11:07:50.260285,NewYork-b491,-26,17,Normal
2026-02-11 11:07:51.260285,NewYork-b491,11,69,Normal
2026-02-11 11:07:52.260285,NewYork-b491,-5,62,Normal
2026-02-11 11:07:53.260285,NewYork-b491,-18,69,Normal
2026-02-11 11:07:54.260285,NewYork-b491,16,12,Normal
2026-02-11 11:07:55.260285,NewYork-b491,14,22,Normal
2026-02-11 11:07:56.260285,NewYork-b491,44,52,Normal
2026-02-11 11:07:57.260285,NewYork-b491,-1,91,Normal
2026-02-11 11:07:58.260285,NewYork-b491,45,52,Normal
2026-02-11 11:07:59.260285,NewYork-b491,16,69,Normal
2026-02-11 11:08:00.260285,NewYork-b491,26,64,Normal
2026-02-11 11:08:01.260285,NewYork-b491,-2,73,Normal
2026-02-11 11:08:02.260285,NewYork-b491,14,57,Normal
2026-02-11 11:08:03.260285,NewYork-b491,-8,3,Normal
2026-02-11 11:08:04.260285,NewYork-b491,36,21,Normal
2026-02-11 11:08:05.260285,NewYork-b491,0,56,Normal
2026-02-11 11:08:06.260285,NewYork-b491,-26,24,Normal
2026-02-11 11:08:07.260285,NewYork-b491,-9,79,Normal
2026-02-11 11:08:08.260285,NewYork-b491,16,20,Normal
2026-02-11 11:08:09.260285,NewYork-b491,-23,86,Normal
2026-02-11 11:08:10.260285,NewYork-b491,-14,69,Normal
2026-02-11 11:08:11.260285,NewYork-b491,-25,18,Normal
2026-02-11 11:08:12.260285,NewYork-b491,7,99,Normal
2026-02-11 11:08:13.260285,NewYork-b491,-30,94,Normal
2026-02-11 11:08:14.260285,NewYork-b491,-16,48,Normal
2026-02-11 11:08:15.260285,NewYork-b491,9,50,Normal
2026-02-11 11:08:16.260285,NewYork-b491,41,37,Normal
2026-02-11 11:08:17.260285,NewYork-b491,14,17,Normal
2026-02-11 11:08:18.260285,NewYork-b491,-12,1,Normal
2026-02-11 11:08:19.260285,NewYork-b491,24,45,Normal
2026-02-11 11:08:20.260285,NewYork-b491,23,86,Normal
2026-02-11 11:08:21.260285,NewYork-b491,-30,73,Normal
2026-02-11 11:08:22.260285,NewYork-b491,-17,46,Normal
2026-02-11 11:08:23.260285,NewYork-b491,-23,88,Normal
2026-02-11 11:08:24.260285,NewYork-b491,31,79,Normal
2026-02-11 11:08:25.260285,NewYork-b491,-17,64,Normal
2026-02-11 11:08:26.260285,NewYork-b491,-25,11,Normal
2026-02-11 11:08:27.260285,NewYork-b491,29,37,Normal
2026-02-11 11:08:28.260285,NewYork-b491,6,77,Normal
