timestamp,station_id,temp,humid,condition
2026-02-14 20:52:42.855727,Seoul-d08a,43,99,Normal
2026-02-14 20:52:43.855727,Seoul-d08a,16,99,Normal
2026-02-14 20:52:44.855727,Seoul-d08a,-11,43,Normal
2026-02-14 20:52:45.855727,Seoul-d08a,5,23,Normal
2026-02-14 20:52:46.855727,Seoul-d08a,33,85,Normal
2026-02-14 20:52:47.855727,Seoul-d08a,3,24,Normal
2026-02-14 20:52:48.855727,Seoul-d08a,18,66,Normal
2026-02-14 20:52:49.855727,Seoul-d08a,46,80,Normal
2026-02-14 20:52:50.855727,Seoul-d08a,-3,78,Normal
2026-02-14 20:52:51.855727,Seoul-d08a,-11,24,Normal
2026-02-14 20:52:52.855727,Seoul-d08a,-14,54,Normal
2026-02-14 20:52:53.855727,Seoul-d08a,-12,27,Normal
2026-02-14 20:52:54.855727,Seoul-d08a,-26,79,Normal
2026-02-14 20:52:55.855727,Seoul-d08a,-20,44,Normal
2026-02-14 20:52:56.855727,Seoul-d08a,45,72,Normal
2026-02-14 20:52:57.855727,Seoul-d08a,26,91,Normal
2026-02-14 20:52:58.855727,Seoul-d08a,-15,4,Normal
2026-02-14 20:52:59.855727,Seoul-d08a,25,61,Normal
2026-02-14 20:53:00.855727,Seoul-d08a,-9,34,Normal
2026-02-14 20:53:01.855727,Seoul-d08a,-8,79,Normal
2026-02-14 20:53:02.855727,Seoul-d08a,-29,77,Normal
2026-02-14 20:53:03.855727,Seoul-d08a,-26,6,Normal
2026-02-14 20:53:04.855727,Seoul-d08a,36,79,Normal
2026-02-14 20:53:05.855727,Seoul-d08a,24,50,Normal
2026-02-14 20:53:06.855727,Seoul-d08a,33,30,Normal
2026-02-14 20:53:07.855727,Seoul-d08a,32,72,Normal
2026-02-14 20:53:08.855727,Seoul-d08a,36,38,Normal
2026-02-14 20:53:09.855727,Seoul-d08a,-28,32,Normal
2026-02-14 20:53:10.855727,Seoul-d08a,18,30,Normal
2026-02-14 20:53:11.855727,Seoul-d08a,33,95,Normal
2026-02-14 20:53:12.855727,Seoul-d08a,46,54,Normal
2026-02-14 20:53:13.855727,Seoul-d08a,-1,83,Normal
2026-02-14 20:53:14.855727,Seoul-d08a,23,43,Normal
2026-02-14 20:53:15.855727,Seoul-d08a,-11,34,Normal
2026-02-14 20:53:16.855727,Seoul-d08a,23,31,Normal
2026-02-14 20:53:17.855727,Seoul-d08a,47,70,Normal
2026-02-14 20:53:18.855727,Seoul-d08a,33,28,Normal
2026-02-14 20:53:19.855727,Seoul-d08a,-3,47,Normal
2026-02-14 20:53:20.855727,Seoul-d08a,-11,32,Normal
2026-02-14 20:53:21.855727,Seoul-d08a,-5,5,Normal
2026-02-14 20:53:22.855727,Seoul-d08a,30,85,Normal
2026-02-14 20:53:23.855727,Seoul-d08a,13,14,Normal
2026-02-14 20:53:24.855727,Seoul-d08a,30,0,Normal
2026-02-14 20:53:25.855727,Seoul-d08a,35,17,Normal
2026-02-14 20:53:26.855727,Seoul-d08a,-23,58,Normal
2026-02-14 20:53:27.855727,Seoul-d08a,25,15,Normal
2026-02-14 20:53:28.855727,Seoul-d08a,14,65,Normal
2026-02-14 20:53:29.855727,Seoul-d08a,17,99,Normal
2026-02-14 20:53:30.855727,Seoul-d08a,27,55,Normal
2026-02-14 20:53:31.855727,Seoul-d08a,13,26,Normal
2026-02-14 20:53:32.855727,Seoul-d08a,-4,27,Normal
2026-02-14 20:53:33.855727,Seoul-d08a,35,65,Normal
2026-02-14 20:53:34.855727,Seoul-d08a,32,24,Normal
2026-02-14 20:53:35.855727,Seoul-d08a,29,88,Normal
2026-02-14 20:53:36.855727,Seoul-d08a,35,1,Normal
2026-02-14 20:53:37.855727,Seoul-d08a,17,8,Normal
2026-02-14 20:53:38.855727,Seoul-d08a,-23,14,Normal
2026-02-14 20:53:39.855727,Seoul-d08a,-19,60,Normal
2026-02-14 20:53:40.855727,Seoul-d08a,15,39,Normal
2026-02-14 20:53:41.855727,Seoul-d08a,19,7,Normal
2026-02-14 20:53:42.855727,Seoul-d08a,34,3,Normal
2026-02-14 20:53:43.855727,Seoul-d08a,9,52,Normal
2026-02-14 20:53:44.855727,Seoul-d08a,-13,68,Normal
2026-02-14 20:53:45.855727,Seoul-d08a,39,75,Normal
2026-02-14 20:53:46.855727,Seoul-d08a,13,42,Normal
2026-02-14 20:53:47.855727,Seoul-d08a,11,34,Normal
2026-02-14 20:53:48.855727,Seoul-d08a,-12,45,Normal
2026-02-14 20:53:49.855727,Seoul-d08a,22,87,Normal
2026-02-14 20:53:50.855727,Seoul-d08a,10,63,Normal
2026-02-14 20:53:51.855727,Seoul-d08a,6,97,Normal
2026-02-14 20:53:52.855727,Seoul-d08a,-22,86,Normal
2026-02-14 20:53:53.855727,Seoul-d08a,23,42,Normal
2026-02-14 20:53:54.855727,Seoul-d08a,14,63,Normal
2026-02-14 20:53:55.855727,Seoul-d08a,-22,16,Normal
2026-02-14 20:53:56.855727,Seoul-d08a,12,8,Normal
2026-02-14 20:53:57.855727,Seoul-d08a,-29,74,Normal
2026-02-14 20:53:58.855727,Seoul-d08a,1,74,Normal
2026-02-14 20:53:59.855727,Seoul-d08a,-20,76,Normal
2026-02-14 20:54:00.855727,Seoul-d08a,-23,37,Normal
2026-02-14 20:54:01.855727,Seoul-d08a,-12,40,Normal
2026-02-14 20:54:02.855727,Seoul-d08a,-7,39,Normal
2026-02-14 20:54:03.855727,Seoul-d08a,11,64,Normal
2026-02-14 20:54:04.855727,Seoul-d08a,42,87,Normal
2026-02-14 20:54:05.855727,Seoul-d08a,-20,73,Normal
2026-02-14 20:54:06.855727,Seoul-d08a,-7,11,Normal
2026-02-14 20:54:07.855727,Seoul-d08a,-14,98,Normal
2026-02-14 20:54:08.855727,Seoul-d08a,-1,69,Normal
2026-02-14 20:54:09.855727,Seoul-d08a,-26,96,Normal
2026-02-14 20:54:10.855727,Seoul-d08a,35,46,Normal
2026-02-14 20:54:11.855727,Seoul-d08a,16,18,Normal
2026-02-14 20:54:12.855727,Seoul-d08a,2,24,Normal
2026-02-14 20:54:13.855727,Seoul-d08a,23,82,Normal
2026-02-14 20:54:14.855727,Seoul-d08a,1,49,Normal
2026-02-14 20:54:15.855727,Seoul-d08a,3,83,Normal
2026-02-14 20:54:16.855727,Seoul-d08a,39,14,Normal
2026-02-14 20:54:17.855727,Seoul-d08a,-7,36,Normal
2026-02-14 20:54:18.855727,Seoul-d08a,-16,71,Normal
2026-02-14 20:54:19.855727,Seoul-d08a,-27,31,Normal
2026-02-14 20:54:20.855727,Seoul-d08a,-23,91,Normal
2026-02-14 20:54:21.855727,Seoul-d08a,45,79,Normal
2026-02-14 20:54:22.855727,Seoul-d08a,8,49,Normal
2026-02-14 20:54:23.855727,Seoul-d08a,-14,75,Normal
2026-02-14 20:54:24.855727,Seoul-d08a,-2,76,Normal
2026-02-14 20:54:25.855727,Seoul-d08a,2,17,Normal
2026-02-14 20:54:26.855727,Seoul-d08a,2,19,Normal
2026-02-14 20:54:27.855727,Seoul-d08a,2,84,Normal
2026-02-14 20:54:28.855727,Seoul-d08a,24,5,Normal
2026-02-14 20:54:29.855727,Seoul-d08a,22,85,Normal
2026-02-14 20:54:30.855727,Seoul-d08a,34,96,Normal
2026-02-14 20:54:31.855727,Seoul-d08a,15,27,Normal
2026-02-14 20:54:32.855727,Seoul-d08a,6,99,Normal
2026-02-14 20:54:33.855727,Seoul-d08a,-27,18,Normal
2026-02-14 20:54:34.855727,Seoul-d08a,-28,48,Normal
2026-02-14 20:54:35.855727,Seoul-d08a,-11,94,Normal
2026-02-14 20:54:36.855727,Seoul-d08a,-26,100,Normal
2026-02-14 20:54:37.855727,Seoul-d08a,16,0,Normal
2026-02-14 20:54:38.855727,Seoul-d08a,26,47,Normal
2026-02-14 20:54:39.855727,Seoul-d08a,-22,97,Normal
2026-02-14 20:54:40.855727,Seoul-d08a,-16,87,Normal
2026-02-14 20:54:41.855727,Seoul-d08a,9,38,Normal
2026-02-14 20:54:42.855727,Seoul-d08a,0,39,Normal
2026-02-14 20:54:43.855727,Seoul-d08a,37,9,Normal
2026-02-14 20:54:44.855727,Seoul-d08a,36,62,Normal
2026-02-14 20:54:45.855727,Seoul-d08a,16,93,Normal
2026-02-14 20:54:46.855727,Seoul-d08a,28,84,Normal
2026-02-14 20:54:47.855727,Seoul-d08a,49,26,Normal
2026-02-14 20:54:48.855727,Seoul-d08a,34,26,Normal
2026-02-14 20:54:49.855727,Seoul-d08a,6,46,Normal
2026-02-14 20:54:50.855727,Seoul-d08a,-13,18,Normal
2026-02-14 20:54:51.855727,Seoul-d08a,44,65,Normal
2026-02-14 20:54:52.855727,Seoul-d08a,-7,48,Normal
2026-02-14 20:54:53.855727,Seoul-d08a,30,95,Normal
2026-02-14 20:54:54.855727,Seoul-d08a,16,67,Normal
2026-02-14 20:54:55.855727,Seoul-d08a,37,99,Normal
2026-02-14 20:54:56.855727,Seoul-d08a,49,23,Normal
2026-02-14 20:54:57.855727,Seoul-d08a,42,42,Normal
2026-02-14 20:54:58.855727,Seoul-d08a,-14,64,Normal
2026-02-14 20:54:59.855727,Seoul-d08a,32,92,Normal
2026-02-14 20:55:00.855727,Seoul-d08a,-27,30,Normal
2026-02-14 20:55:01.855727,Seoul-d08a,-19,2,Normal
2026-02-14 20:55:02.855727,Seoul-d08a,-10,92,Normal
2026-02-14 20:55:03.855727,Seoul-d08a,38,26,Normal
2026-02-14 20:55:04.855727,Seoul-d08a,0,95,Normal
2026-02-14 20:55:05.855727,Seoul-d08a,32,28,Normal
2026-02-14 20:55:06.855727,Seoul-d08a,23,30,Normal
2026-02-14 20:55:07.855727,Seoul-d08a,-22,5,Normal
2026-02-14 20:55:08.855727,Seoul-d08a,-27,31,Normal
2026-02-14 20:55:09.855727,Seoul-d08a,15,73,Normal
2026-02-14 20:55:10.855727,Seoul-d08a,-19,70,Normal
2026-02-14 20:55:11.855727,Seoul-d08a,28,35,Normal
2026-02-14 20:55:12.855727,Seoul-d08a,-19,49,Normal
2026-02-14 20:55:13.855727,Seoul-d08a,-4,92,Normal
2026-02-14 20:55:14.855727,Seoul-d08a,-14,89,Normal
2026-02-14 20:55:15.855727,Seoul-d08a,-21,48,Normal
2026-02-14 20:55:16.855727,Seoul-d08a,32,98,Normal
2026-02-14 20:55:17.855727,Seoul-d08a,-30,95,Normal
2026-02-14 20:55:18.855727,Seoul-d08a,20,60,Normal
2026-02-14 20:55:19.855727,Seoul-d08a,36,28,Normal
2026-02-14 20:55:20.855727,Seoul-d08a,18,69,Normal
2026-02-14 20:55:21.855727,Seoul-d08a,-8,82,Normal
2026-02-14 20:55:22.855727,Seoul-d08a,37,70,Normal
2026-02-14 20:55:23.855727,Seoul-d08a,14,89,Normal
2026-02-14 20:55:24.855727,Seoul-d08a,-25,74,Normal
2026-02-14 20:55:25.855727,Seoul-d08a,41,14,Normal
2026-02-14 20:55:26.855727,Seoul-d08a,-6,53,Normal
2026-02-14 20:55:27.855727,Seoul-d08a,-18,4,Normal
2026-02-14 20:55:28.855727,Seoul-d08a,18,80,Normal
2026-02-14 20:55:29.855727,Seoul-d08a,-10,2,Normal
2026-02-14 20:55:30.855727,Seoul-d08a,-24,66,Normal
2026-02-14 20:55:31.855727,Seoul-d08a,3,39,Normal
2026-02-14 20:55:32.855727,Seoul-d08a,14,44,Normal
2026-02-14 20:55:33.855727,Seoul-d08a,34,77,Normal
2026-02-14 20:55:34.855727,Seoul-d08a,-12,30,Normal
2026-02-14 20:55:35.855727,Seoul-d08a,39,69,Normal
2026-02-14 20:55:36.855727,Seoul-d08a,-25,91,Normal
2026-02-14 20:55:37.855727,Seoul-d08a,-3,63,Normal
2026-02-14 20:55:38.855727,Seoul-d08a,-29,39,Normal
2026-02-14 20:55:39.855727,Seoul-d08a,-16,29,Normal
2026-02-14 20:55:40.855727,Seoul-d08a,32,93,Normal
2026-02-14 20:55:41.855727,Seoul-d08a,-13,0,Normal
2026-02-14 20:55:42.855727,Seoul-d08a,33,55,Normal
2026-02-14 20:55:43.855727,Seoul-d08a,48,44,Normal
2026-02-14 20:55:44.855727,Seoul-d08a,-10,94,Normal
2026-02-14 20:55:45.855727,Seoul-d08a,-28,57,Normal
2026-02-14 20:55:46.855727,Seoul-d08a,12,7,Normal
2026-02-14 20:55:47.855727,Seoul-d08a,14,12,Normal
2026-02-14 20:55:48.855727,Seoul-d08a,-21,50,Normal
2026-02-14 20:55:49.855727,Seoul-d08a,-21,43,Normal
2026-02-14 20:55:50.855727,Seoul-d08a,-21,2,Normal
2026-02-14 20:55:51.855727,Seoul-d08a,-28,58,Normal
2026-02-14 20:55:52.855727,Seoul-d08a,-9,81,Normal
2026-02-14 20:55:53.855727,Seoul-d08a,25,2,Normal
2026-02-14 20:55:54.855727,Seoul-d08a,13,92,Normal
2026-02-14 20:55:55.855727,Seoul-d08a,47,70,Normal
2026-02-14 20:55:56.855727,Seoul-d08a,-1,17,Normal
2026-02-14 20:55:57.855727,Seoul-d08a,16,92,Normal
2026-02-14 20:55:58.855727,Seoul-d08a,-3,60,Normal
2026-02-14 20:55:59.855727,Seoul-d08a,1,62,Normal
2026-02-14 20:56:00.855727,Seoul-d08a,22,48,Normal
2026-02-14 20:56:01.855727,Seoul-d08a,29,40,Normal
2026-02-14 20:56:02.855727,Seoul-d08a,19,8,Normal
2026-02-14 20:56:03.855727,Seoul-d08a,-29,98,Normal
2026-02-14 20:56:04.855727,Seoul-d08a,48,83,Normal
2026-02-14 20:56:05.855727,Seoul-d08a,40,81,Normal
2026-02-14 20:56:06.855727,Seoul-d08a,2,34,Normal
2026-02-14 20:56:07.855727,Seoul-d08a,-23,63,Normal
2026-02-14 20:56:08.855727,Seoul-d08a,-15,68,Normal
2026-02-14 20:56:09.855727,Seoul-d08a,26,10,Normal
2026-02-14 20:56:10.855727,Seoul-d08a,-4,61,Normal
2026-02-14 20:56:11.855727,Seoul-d08a,7,95,Normal
2026-02-14 20:56:12.855727,Seoul-d08a,0,42,Normal
2026-02-14 20:56:13.855727,Seoul-d08a,24,75,Normal
2026-02-14 20:56:14.855727,Seoul-d08a,34,14,Normal
2026-02-14 20:56:15.855727,Seoul-d08a,9,40,Normal
2026-02-14 20:56:16.855727,Seoul-d08a,50,90,Normal
2026-02-14 20:56:17.855727,Seoul-d08a,49,85,Normal
2026-02-14 20:56:18.855727,Seoul-d08a,-2,77,Normal
2026-02-14 20:56:19.855727,Seoul-d08a,43,89,Normal
2026-02-14 20:56:20.855727,Seoul-d08a,-27,61,Normal
2026-02-14 20:56:21.855727,Seoul-d08a,20,17,Normal
2026-02-14 20:56:22.855727,Seoul-d08a,31,40,Normal
2026-02-14 20:56:23.855727,Seoul-d08a,26,70,Normal
2026-02-14 20:56:24.855727,Seoul-d08a,33,64,Normal
2026-02-14 20:56:25.855727,Seoul-d08a,-18,67,Normal
2026-02-14 20:56:26.855727,Seoul-d08a,3,62,Normal
2026-02-14 20:56:27.855727,Seoul-d08a,-23,45,Normal
2026-02-14 20:56:28.855727,Seoul-d08a,11,12,Normal
2026-02-14 20:56:29.855727,Seoul-d08a,-14,15,Normal
2026-02-14 20:56:30.855727,Seoul-d08a,-11,22,Normal
2026-02-14 20:56:31.855727,Seoul-d08a,-5,28,Normal
2026-02-14 20:56:32.855727,Seoul-d08a,50,5,Normal
2026-02-14 20:56:33.855727,Seoul-d08a,-3,29,Normal
2026-02-14 20:56:34.855727,Seoul-d08a,-20,13,Normal
2026-02-14 20:56:35.855727,Seoul-d08a,-24,76,Normal
2026-02-14 20:56:36.855727,Seoul-d08a,-26,57,Normal
2026-02-14 20:56:37.855727,Seoul-d08a,29,41,Normal
2026-02-14 20:56:38.855727,Seoul-d08a,-27,0,Normal
2026-02-14 20:56:39.855727,Seoul-d08a,22,44,Normal
2026-02-14 20:56:40.855727,Seoul-d08a,-26,51,Normal
2026-02-14 20:56:41.855727,Seoul-d08a,31,97,Normal
2026-02-14 20:56:42.855727,Seoul-d08a,-6,90,Normal
2026-02-14 20:56:43.855727,Seoul-d08a,47,23,Normal
2026-02-14 20:56:44.855727,Seoul-d08a,11,10,Normal
2026-02-14 20:56:45.855727,Seoul-d08a,22,61,Normal
2026-02-14 20:56:46.855727,Seoul-d08a,44,55,Normal
2026-02-14 20:56:47.855727,Seoul-d08a,-2,15,Normal
2026-02-14 20:56:48.855727,Seoul-d08a,20,61,Normal
2026-02-14 20:56:49.855727,Seoul-d08a,-16,77,Normal
2026-02-14 20:56:50.855727,Seoul-d08a,0,50,Normal
2026-02-14 20:56:51.855727,Seoul-d08a,-20,82,Normal
2026-02-14 20:56:52.855727,Seoul-d08a,14,21,Normal
2026-02-14 20:56:53.855727,Seoul-d08a,40,76,Normal
2026-02-14 20:56:54.855727,Seoul-d08a,-3,40,Normal
2026-02-14 20:56:55.855727,Seoul-d08a,31,12,Normal
2026-02-14 20:56:56.855727,Seoul-d08a,21,6,Normal
2026-02-14 20:56:57.855727,Seoul-d08a,33,82,Normal
2026-02-14 20:56:58.855727,Seoul-d08a,32,55,Normal
2026-02-14 20:56:59.855727,Seoul-d08a,17,58,Normal
2026-02-14 20:57:00.855727,Seoul-d08a,-10,31,Normal
2026-02-14 20:57:01.855727,Seoul-d08a,-19,5,Normal
2026-02-14 20:57:02.855727,Seoul-d08a,-13,67,Normal
2026-02-14 20:57:03.855727,Seoul-d08a,24,74,Normal
2026-02-14 20:57:04.855727,Seoul-d08a,0,60,Normal
2026-02-14 20:57:05.855727,Seoul-d08a,19,17,Normal
2026-02-14 20:57:06.855727,Seoul-d08a,-2,36,Normal
2026-02-14 20:57:07.855727,Seoul-d08a,-29,13,Normal
2026-02-14 20:57:08.855727,Seoul-d08a,-16,26,Normal
2026-02-14 20:57:09.855727,Seoul-d08a,-3,79,Normal
2026-02-14 20:57:10.855727,Seoul-d08a,-4,53,Normal
2026-02-14 20:57:11.855727,Seoul-d08a,4,56,Normal
2026-02-14 20:57:12.855727,Seoul-d08a,-24,7,Normal
2026-02-14 20:57:13.855727,Seoul-d08a,5,65,Normal
2026-02-14 20:57:14.855727,Seoul-d08a,50,48,Normal
2026-02-14 20:57:15.855727,Seoul-d08a,-7,34,Normal
2026-02-14 20:57:16.855727,Seoul-d08a,22,33,Normal
2026-02-14 20:57:17.855727,Seoul-d08a,-19,15,Normal
2026-02-14 20:57:18.855727,Seoul-d08a,-26,20,Normal
2026-02-14 20:57:19.855727,Seoul-d08a,42,44,Normal
2026-02-14 20:57:20.855727,Seoul-d08a,2,80,Normal
2026-02-14 20:57:21.855727,Seoul-d08a,17,44,Normal
2026-02-14 20:57:22.855727,Seoul-d08a,40,74,Normal
2026-02-14 20:57:23.855727,Seoul-d08a,-3,10,Normal
2026-02-14 20:57:24.855727,Seoul-d08a,-1,72,Normal
2026-02-14 20:57:25.855727,Seoul-d08a,1,72,Normal
2026-02-14 20:57:26.855727,Seoul-d08a,7,49,Normal
2026-02-14 20:57:27.855727,Seoul-d08a,13,67,Normal
2026-02-14 20:57:28.855727,Seoul-d08a,35,64,Normal
2026-02-14 20:57:29.855727,Seoul-d08a,46,65,Normal
2026-02-14 20:57:30.855727,Seoul-d08a,-12,70,Normal
2026-02-14 20:57:31.855727,Seoul-d08a,-10,72,Normal
2026-02-14 20:57:32.855727,Seoul-d08a,-9,34,Normal
2026-02-14 20:57:33.855727,Seoul-d08a,48,30,Normal
2026-02-14 20:57:34.855727,Seoul-d08a,46,41,Normal
2026-02-14 20:57:35.855727,Seoul-d08a,-16,25,Normal
2026-02-14 20:57:36.855727,Seoul-d08a,32,30,Normal
2026-02-14 20:57:37.855727,Seoul-d08a,45,65,Normal
2026-02-14 20:57:38.855727,Seoul-d08a,3,5,Normal
2026-02-14 20:57:39.855727,Seoul-d08a,-15,12,Normal
2026-02-14 20:57:40.855727,Seoul-d08a,47,22,Normal
2026-02-14 20:57:41.855727,Seoul-d08a,1,12,Normal
2026-02-14 20:57:42.855727,Seoul-d08a,38,68,Normal
2026-02-14 20:57:43.855727,Seoul-d08a,-23,26,Normal
2026-02-14 20:57:44.855727,Seoul-d08a,-8,65,Normal
2026-02-14 20:57:45.855727,Seoul-d08a,-23,83,Normal
2026-02-14 20:57:46.855727,Seoul-d08a,20,51,Normal
2026-02-14 20:57:47.855727,Seoul-d08a,24,81,Normal
2026-02-14 20:57:48.855727,Seoul-d08a,40,68,Normal
2026-02-14 20:57:49.855727,Seoul-d08a,48,40,Normal
2026-02-14 20:57:50.855727,Seoul-d08a,7,5,Normal
2026-02-14 20:57:51.855727,Seoul-d08a,37,24,Normal
2026-02-14 20:57:52.855727,Seoul-d08a,-20,7,Normal
2026-02-14 20:57:53.855727,Seoul-d08a,13,84,Normal
2026-02-14 20:57:54.855727,Seoul-d08a,48,63,Normal
2026-02-14 20:57:55.855727,Seoul-d08a,19,67,Normal
2026-02-14 20:57:56.855727,Seoul-d08a,-20,75,Normal
2026-02-14 20:57:57.855727,Seoul-d08a,-3,54,Normal
2026-02-14 20:57:58.855727,Seoul-d08a,39,24,Normal
2026-02-14 20:57:59.855727,Seoul-d08a,40,56,Normal
2026-02-14 20:58:00.855727,Seoul-d08a,-17,52,Normal
2026-02-14 20:58:01.855727,Seoul-d08a,-5,15,Normal
2026-02-14 20:58:02.855727,Seoul-d08a,-10,47,Normal
2026-02-14 20:58:03.855727,Seoul-d08a,3,24,Normal
2026-02-14 20:58:04.855727,Seoul-d08a,0,7,Normal
2026-02-14 20:58:05.855727,Seoul-d08a,21,27,Normal
2026-02-14 20:58:06.855727,Seoul-d08a,-20,61,Normal
2026-02-14 20:58:07.855727,Seoul-d08a,6,76,Normal
2026-02-14 20:58:08.855727,Seoul-d08a,24,78,Normal
2026-02-14 20:58:09.855727,Seoul-d08a,-13,53,Normal
2026-02-14 20:58:10.855727,Seoul-d08a,28,96,Normal
2026-02-14 20:58:11.855727,Seoul-d08a,11,21,Normal
2026-02-14 20:58:12.855727,Seoul-d08a,-4,9,Normal
2026-02-14 20:58:13.855727,Seoul-d08a,-14,0,Normal
2026-02-14 20:58:14.855727,Seoul-d08a,27,57,Normal
2026-02-14 20:58:15.855727,Seoul-d08a,38,35,Normal
2026-02-14 20:58:16.855727,Seoul-d08a,-10,42,Normal
2026-02-14 20:58:17.855727,Seoul-d08a,-3,38,Normal
2026-02-14 20:58:18.855727,Seoul-d08a,44,35,Normal
2026-02-14 20:58:19.855727,Seoul-d08a,13,66,Normal
2026-02-14 20:58:20.855727,Seoul-d08a,-30,11,Normal
2026-02-14 20:58:21.855727,Seoul-d08a,-8,100,Normal
2026-02-14 20:58:22.855727,Seoul-d08a,35,35,Normal
2026-02-14 20:58:23.855727,Seoul-d08a,-21,1,Normal
2026-02-14 20:58:24.855727,Seoul-d08a,-12,90,Normal
2026-02-14 20:58:25.855727,Seoul-d08a,-23,39,Normal
2026-02-14 20:58:26.855727,Seoul-d08a,2,63,Normal
2026-02-14 20:58:27.855727,Seoul-d08a,13,39,Normal
2026-02-14 20:58:28.855727,Seoul-d08a,-28,24,Normal
2026-02-14 20:58:29.855727,Seoul-d08a,2,100,Normal
2026-02-14 20:58:30.855727,Seoul-d08a,-24,86,Normal
2026-02-14 20:58:31.855727,Seoul-d08a,-14,47,Normal
2026-02-14 20:58:32.855727,Seoul-d08a,37,69,Normal
2026-02-14 20:58:33.855727,Seoul-d08a,4,89,Normal
2026-02-14 20:58:34.855727,Seoul-d08a,40,4,Normal
2026-02-14 20:58:35.855727,Seoul-d08a,-16,12,Normal
2026-02-14 20:58:36.855727,Seoul-d08a,32,40,Normal
2026-02-14 20:58:37.855727,Seoul-d08a,-9,63,Normal
2026-02-14 20:58:38.855727,Seoul-d08a,-20,52,Normal
2026-02-14 20:58:39.855727,Seoul-d08a,-6,55,Normal
2026-02-14 20:58:40.855727,Seoul-d08a,-28,53,Normal
2026-02-14 20:58:41.855727,Seoul-d08a,12,100,Normal
2026-02-14 20:58:42.855727,Seoul-d08a,35,91,Normal
2026-02-14 20:58:43.855727,Seoul-d08a,27,36,Normal
2026-02-14 20:58:44.855727,Seoul-d08a,9,18,Normal
2026-02-14 20:58:45.855727,Seoul-d08a,2,72,Normal
2026-02-14 20:58:46.855727,Seoul-d08a,-11,92,Normal
2026-02-14 20:58:47.855727,Seoul-d08a,-21,85,Normal
2026-02-14 20:58:48.855727,Seoul-d08a,-24,50,Normal
2026-02-14 20:58:49.855727,Seoul-d08a,-30,21,Normal
2026-02-14 20:58:50.855727,Seoul-d08a,15,98,Normal
2026-02-14 20:58:51.855727,Seoul-d08a,44,61,Normal
2026-02-14 20:58:52.855727,Seoul-d08a,-22,1,Normal
2026-02-14 20:58:53.855727,Seoul-d08a,-19,43,Normal
2026-02-14 20:58:54.855727,Seoul-d08a,-1,72,Normal
2026-02-14 20:58:55.855727,Seoul-d08a,10,23,Normal
2026-02-14 20:58:56.855727,Seoul-d08a,14,94,Normal
2026-02-14 20:58:57.855727,Seoul-d08a,50,58,Normal
2026-02-14 20:58:58.855727,Seoul-d08a,22,36,Normal
2026-02-14 20:58:59.855727,Seoul-d08a,-18,88,Normal
2026-02-14 20:59:00.855727,Seoul-d08a,-3,65,Normal
2026-02-14 20:59:01.855727,Seoul-d08a,35,7,Normal
2026-02-14 20:59:02.855727,Seoul-d08a,-10,69,Normal
2026-02-14 20:59:03.855727,Seoul-d08a,-16,74,Normal
2026-02-14 20:59:04.855727,Seoul-d08a,-27,47,Normal
2026-02-14 20:59:05.855727,Seoul-d08a,11,75,Normal
2026-02-14 20:59:06.855727,Seoul-d08a,-23,21,Normal
2026-02-14 20:59:07.855727,Seoul-d08a,-11,46,Normal
2026-02-14 20:59:08.855727,Seoul-d08a,43,98,Normal
2026-02-14 20:59:09.855727,Seoul-d08a,45,91,Normal
2026-02-14 20:59:10.855727,Seoul-d08a,-26,23,Normal
2026-02-14 20:59:11.855727,Seoul-d08a,31,40,Normal
2026-02-14 20:59:12.855727,Seoul-d08a,-2,35,Normal
2026-02-14 20:59:13.855727,Seoul-d08a,23,80,Normal
2026-02-14 20:59:14.855727,Seoul-d08a,31,22,Normal
2026-02-14 20:59:15.855727,Seoul-d08a,27,92,Normal
2026-02-14 20:59:16.855727,Seoul-d08a,-19,27,Normal
2026-02-14 20:59:17.855727,Seoul-d08a,-30,84,Normal
2026-02-14 20:59:18.855727,Seoul-d08a,-12,43,Normal
2026-02-14 20:59:19.855727,Seoul-d08a,50,88,Normal
2026-02-14 20:59:20.855727,Seoul-d08a,-18,74,Normal
2026-02-14 20:59:21.855727,Seoul-d08a,15,4,Normal
2026-02-14 20:59:22.855727,Seoul-d08a,-28,42,Normal
2026-02-14 20:59:23.855727,Seoul-d08a,8,72,Normal
2026-02-14 20:59:24.855727,Seoul-d08a,-24,50,Normal
2026-02-14 20:59:25.855727,Seoul-d08a,3,21,Normal
2026-02-14 20:59:26.855727,Seoul-d08a,9,72,Normal
2026-02-14 20:59:27.855727,Seoul-d08a,39,35,Normal
2026-02-14 20:59:28.855727,Seoul-d08a,48,60,Normal
2026-02-14 20:59:29.855727,Seoul-d08a,45,23,Normal
2026-02-14 20:59:30.855727,Seoul-d08a,-27,45,Normal
2026-02-14 20:59:31.855727,Seoul-d08a,20,40,Normal
2026-02-14 20:59:32.855727,Seoul-d08a,39,11,Normal
2026-02-14 20:59:33.855727,Seoul-d08a,1,35,Normal
2026-02-14 20:59:34.855727,Seoul-d08a,22,74,Normal
2026-02-14 20:59:35.855727,Seoul-d08a,22,75,Normal
2026-02-14 20:59:36.855727,Seoul-d08a,-8,46,Normal
2026-02-14 20:59:37.855727,Seoul-d08a,-16,74,Normal
2026-02-14 20:59:38.855727,Seoul-d08a,50,100,Normal
2026-02-14 20:59:39.855727,Seoul-d08a,12,18,Normal
2026-02-14 20:59:40.855727,Seoul-d08a,32,13,Normal
2026-02-14 20:59:41.855727,Seoul-d08a,29,45,Normal
2026-02-14 20:59:42.855727,Seoul-d08a,-3,75,Normal
2026-02-14 20:59:43.855727,Seoul-d08a,42,75,Normal
2026-02-14 20:59:44.855727,Seoul-d08a,-6,4,Normal
2026-02-14 20:59:45.855727,Seoul-d08a,44,87,Normal
2026-02-14 20:59:46.855727,Seoul-d08a,31,24,Normal
2026-02-14 20:59:47.855727,Seoul-d08a,31,33,Normal
2026-02-14 20:59:48.855727,Seoul-d08a,-21,5,Normal
2026-02-14 20:59:49.855727,Seoul-d08a,-16,45,Normal
2026-02-14 20:59:50.855727,Seoul-d08a,36,80,Normal
2026-02-14 20:59:51.855727,Seoul-d08a,39,14,Normal
2026-02-14 20:59:52.855727,Seoul-d08a,36,40,Normal
2026-02-14 20:59:53.855727,Seoul-d08a,37,21,Normal
2026-02-14 20:59:54.855727,Seoul-d08a,48,30,Normal
2026-02-14 20:59:55.855727,Seoul-d08a,-5,89,Normal
2026-02-14 20:59:56.855727,Seoul-d08a,-19,74,Normal
2026-02-14 20:59:57.855727,Seoul-d08a,26,70,Normal
2026-02-14 20:59:58.855727,Seoul-d08a,38,35,Normal
2026-02-14 20:59:59.855727,Seoul-d08a,18,57,Normal
2026-02-14 21:00:00.855727,Seoul-d08a,-11,3,Normal
2026-02-14 21:00:01.855727,Seoul-d08a,3,89,Normal
2026-02-14 21:00:02.855727,Seoul-d08a,9,31,Normal
2026-02-14 21:00:03.855727,Seoul-d08a,36,95,Normal
2026-02-14 21:00:04.855727,Seoul-d08a,-3,25,Normal
2026-02-14 21:00:05.855727,Seoul-d08a,-20,53,Normal
2026-02-14 21:00:06.855727,Seoul-d08a,36,81,Normal
2026-02-14 21:00:07.855727,Seoul-d08a,-15,7,Normal
2026-02-14 21:00:08.855727,Seoul-d08a,-2,92,Normal
2026-02-14 21:00:09.855727,Seoul-d08a,6,69,Normal
2026-02-14 21:00:10.855727,Seoul-d08a,18,49,Normal
2026-02-14 21:00:11.855727,Seoul-d08a,-14,96,Normal
2026-02-14 21:00:12.855727,Seoul-d08a,40,34,Normal
2026-02-14 21:00:13.855727,Seoul-d08a,26,32,Normal
2026-02-14 21:00:14.855727,Seoul-d08a,-29,96,Normal
2026-02-14 21:00:15.855727,Seoul-d08a,4,58,Normal
2026-02-14 21:00:16.855727,Seoul-d08a,-5,4,Normal
2026-02-14 21:00:17.855727,Seoul-d08a,42,83,Normal
2026-02-14 21:00:18.855727,Seoul-d08a,29,66,Normal
2026-02-14 21:00:19.855727,Seoul-d08a,14,77,Normal
2026-02-14 21:00:20.855727,Seoul-d08a,-25,58,Normal
2026-02-14 21:00:21.855727,Seoul-d08a,-25,38,Normal
2026-02-14 21:00:22.855727,Seoul-d08a,21,35,Normal
2026-02-14 21:00:23.855727,Seoul-d08a,38,76,Normal
2026-02-14 21:00:24.855727,Seoul-d08a,45,62,Normal
2026-02-14 21:00:25.855727,Seoul-d08a,-27,17,Normal
2026-02-14 21:00:26.855727,Seoul-d08a,18,47,Normal
2026-02-14 21:00:27.855727,Seoul-d08a,-26,59,Normal
2026-02-14 21:00:28.855727,Seoul-d08a,-29,69,Normal
2026-02-14 21:00:29.855727,Seoul-d08a,3,40,Normal
2026-02-14 21:00:30.855727,Seoul-d08a,7,39,Normal
2026-02-14 21:00:31.855727,Seoul-d08a,17,37,Normal
2026-02-14 21:00:32.855727,Seoul-d08a,15,23,Normal
2026-02-14 21:00:33.855727,Seoul-d08a,5,16,Normal
2026-02-14 21:00:34.855727,Seoul-d08a,-24,31,Normal
2026-02-14 21:00:35.855727,Seoul-d08a,29,71,Normal
2026-02-14 21:00:36.855727,Seoul-d08a,-25,37,Normal
2026-02-14 21:00:37.855727,Seoul-d08a,16,54,Normal
2026-02-14 21:00:38.855727,Seoul-d08a,-30,19,Normal
2026-02-14 21:00:39.855727,Seoul-d08a,-7,68,Normal
2026-02-14 21:00:40.855727,Seoul-d08a,21,83,Normal
2026-02-14 21:00:41.855727,Seoul-d08a,3,96,Normal
2026-02-14 21:00:42.855727,Seoul-d08a,-21,52,Normal
2026-02-14 21:00:43.855727,Seoul-d08a,23,25,Normal
2026-02-14 21:00:44.855727,Seoul-d08a,-24,60,Normal
2026-02-14 21:00:45.855727,Seoul-d08a,-27,69,Normal
2026-02-14 21:00:46.855727,Seoul-d08a,41,4,Normal
2026-02-14 21:00:47.855727,Seoul-d08a,33,20,Normal
2026-02-14 21:00:48.855727,Seoul-d08a,16,45,Normal
2026-02-14 21:00:49.855727,Seoul-d08a,7,55,Normal
2026-02-14 21:00:50.855727,Seoul-d08a,-16,97,Normal
2026-02-14 21:00:51.855727,Seoul-d08a,-29,14,Normal
2026-02-14 21:00:52.855727,Seoul-d08a,25,2,Normal
2026-02-14 21:00:53.855727,Seoul-d08a,34,59,Normal
2026-02-14 21:00:54.855727,Seoul-d08a,30,98,Normal
2026-02-14 21:00:55.855727,Seoul-d08a,-16,70,Normal
2026-02-14 21:00:56.855727,Seoul-d08a,35,17,Normal
2026-02-14 21:00:57.855727,Seoul-d08a,20,8,Normal
2026-02-14 21:00:58.855727,Seoul-d08a,24,100,Normal
2026-02-14 21:00:59.855727,Seoul-d08a,15,81,Normal
2026-02-14 21:01:00.855727,Seoul-d08a,4,48,Normal
2026-02-14 21:01:01.855727,Seoul-d08a,42,29,Normal
2026-02-14 21:01:02.855727,Seoul-d08a,45,8,Normal
2026-02-14 21:01:03.855727,Seoul-d08a,-15,14,Normal
2026-02-14 21:01:04.855727,Seoul-d08a,22,12,Normal
2026-02-14 21:01:05.855727,Seoul-d08a,15,30,Normal
2026-02-14 21:01:06.855727,Seoul-d08a,17,59,Normal
2026-02-14 21:01:07.855727,Seoul-d08a,21,44,Normal
2026-02-14 21:01:08.855727,Seoul-d08a,15,25,Normal
2026-02-14 21:01:09.855727,Seoul-d08a,20,24,Normal
2026-02-14 21:01:10.855727,Seoul-d08a,-8,15,Normal
2026-02-14 21:01:11.855727,Seoul-d08a,20,98,Normal
2026-02-14 21:01:12.855727,Seoul-d08a,-16,46,Normal
2026-02-14 21:01:13.855727,Seoul-d08a,-2,42,Normal
2026-02-14 21:01:14.855727,Seoul-d08a,4,82,Normal
2026-02-14 21:01:15.855727,Seoul-d08a,-26,12,Normal
2026-02-14 21:01:16.855727,Seoul-d08a,-23,71,Normal
2026-02-14 21:01:17.855727,Seoul-d08a,14,12,Normal
2026-02-14 21:01:18.855727,Seoul-d08a,39,33,Normal
2026-02-14 21:01:19.855727,Seoul-d08a,1,92,Normal
2026-02-14 21:01:20.855727,Seoul-d08a,-19,97,Normal
2026-02-14 21:01:21.855727,Seoul-d08a,13,100,Normal
2026-02-14 21:01:22.855727,Seoul-d08a,28,18,Normal
2026-02-14 21:01:23.855727,Seoul-d08a,16,52,Normal
2026-02-14 21:01:24.855727,Seoul-d08a,15,29,Normal
2026-02-14 21:01:25.855727,Seoul-d08a,-19,56,Normal
2026-02-14 21:01:26.855727,Seoul-d08a,12,69,Normal
2026-02-14 21:01:27.855727,Seoul-d08a,-13,37,Normal
2026-02-14 21:01:28.855727,Seoul-d08a,-17,78,Normal
2026-02-14 21:01:29.855727,Seoul-d08a,-4,41,Normal
2026-02-14 21:01:30.855727,Seoul-d08a,41,72,Normal
2026-02-14 21:01:31.855727,Seoul-d08a,42,75,Normal
2026-02-14 21:01:32.855727,Seoul-d08a,9,47,Normal
2026-02-14 21:01:33.855727,Seoul-d08a,31,46,Normal
2026-02-14 21:01:34.855727,Seoul-d08a,41,7,Normal
2026-02-14 21:01:35.855727,Seoul-d08a,30,27,Normal
2026-02-14 21:01:36.855727,Seoul-d08a,20,68,Normal
2026-02-14 21:01:37.855727,Seoul-d08a,-11,45,Normal
2026-02-14 21:01:38.855727,Seoul-d08a,-27,2,Normal
2026-02-14 21:01:39.855727,Seoul-d08a,22,18,Normal
2026-02-14 21:01:40.855727,Seoul-d08a,-4,96,Normal
2026-02-14 21:01:41.855727,Seoul-d08a,-4,97,Normal
2026-02-14 21:01:42.855727,Seoul-d08a,40,59,Normal
2026-02-14 21:01:43.855727,Seoul-d08a,26,67,Normal
2026-02-14 21:01:44.855727,Seoul-d08a,21,8,Normal
2026-02-14 21:01:45.855727,Seoul-d08a,19,13,Normal
2026-02-14 21:01:46.855727,Seoul-d08a,-23,95,Normal
2026-02-14 21:01:47.855727,Seoul-d08a,41,20,Normal
2026-02-14 21:01:48.855727,Seoul-d08a,47,25,Normal
2026-02-14 21:01:49.855727,Seoul-d08a,16,78,Normal
2026-02-14 21:01:50.855727,Seoul-d08a,8,94,Normal
2026-02-14 21:01:51.855727,Seoul-d08a,26,50,Normal
2026-02-14 21:01:52.855727,Seoul-d08a,21,91,Normal
2026-02-14 21:01:53.855727,Seoul-d08a,34,82,Normal
2026-02-14 21:01:54.855727,Seoul-d08a,-16,49,Normal
2026-02-14 21:01:55.855727,Seoul-d08a,4,90,Normal
2026-02-14 21:01:56.855727,Seoul-d08a,49,8,Normal
2026-02-14 21:01:57.855727,Seoul-d08a,14,50,Normal
2026-02-14 21:01:58.855727,Seoul-d08a,-3,36,Normal
2026-02-14 21:01:59.855727,Seoul-d08a,31,2,Normal
2026-02-14 21:02:00.855727,Seoul-d08a,4,20,Normal
2026-02-14 21:02:01.855727,Seoul-d08a,21,73,Normal
2026-02-14 21:02:02.855727,Seoul-d08a,47,81,Normal
2026-02-14 21:02:03.855727,Seoul-d08a,12,49,Normal
2026-02-14 21:02:04.855727,Seoul-d08a,38,12,Normal
2026-02-14 21:02:05.855727,Seoul-d08a,20,79,Normal
2026-02-14 21:02:06.855727,Seoul-d08a,45,19,Normal
2026-02-14 21:02:07.855727,Seoul-d08a,14,30,Normal
2026-02-14 21:02:08.855727,Seoul-d08a,-18,37,Normal
2026-02-14 21:02:09.855727,Seoul-d08a,9,91,Normal
2026-02-14 21:02:10.855727,Seoul-d08a,-9,97,Normal
2026-02-14 21:02:11.855727,Seoul-d08a,10,24,Normal
2026-02-14 21:02:12.855727,Seoul-d08a,9,71,Normal
2026-02-14 21:02:13.855727,Seoul-d08a,8,64,Normal
2026-02-14 21:02:14.855727,Seoul-d08a,14,19,Normal
2026-02-14 21:02:15.855727,Seoul-d08a,32,15,Normal
2026-02-14 21:02:16.855727,Seoul-d08a,-6,14,Normal
2026-02-14 21:02:17.855727,Seoul-d08a,26,11,Normal
2026-02-14 21:02:18.855727,Seoul-d08a,14,47,Normal
2026-02-14 21:02:19.855727,Seoul-d08a,1,91,Normal
2026-02-14 21:02:20.855727,Seoul-d08a,21,46,Normal
2026-02-14 21:02:21.855727,Seoul-d08a,31,71,Normal
2026-02-14 21:02:22.855727,Seoul-d08a,43,61,Normal
2026-02-14 21:02:23.855727,Seoul-d08a,2,61,Normal
2026-02-14 21:02:24.855727,Seoul-d08a,-14,69,Normal
2026-02-14 21:02:25.855727,Seoul-d08a,20,71,Normal
2026-02-14 21:02:26.855727,Seoul-d08a,41,90,Normal
2026-02-14 21:02:27.855727,Seoul-d08a,40,26,Normal
2026-02-14 21:02:28.855727,Seoul-d08a,7,52,Normal
2026-02-14 21:02:29.855727,Seoul-d08a,3,44,Normal
2026-02-14 21:02:30.855727,Seoul-d08a,-13,54,Normal
2026-02-14 21:02:31.855727,Seoul-d08a,49,11,Normal
2026-02-14 21:02:32.855727,Seoul-d08a,23,12,Normal
2026-02-14 21:02:33.855727,Seoul-d08a,48,54,Normal
2026-02-14 21:02:34.855727,Seoul-d08a,37,82,Normal
2026-02-14 21:02:35.855727,Seoul-d08a,26,32,Normal
2026-02-14 21:02:36.855727,Seoul-d08a,-22,12,Normal
2026-02-14 21:02:37.855727,Seoul-d08a,-11,63,Normal
2026-02-14 21:02:38.855727,Seoul-d08a,-24,39,Normal
2026-02-14 21:02:39.855727,Seoul-d08a,20,32,Normal
2026-02-14 21:02:40.855727,Seoul-d08a,48,21,Normal
2026-02-14 21:02:41.855727,Seoul-d08a,21,33,Normal
2026-02-14 21:02:42.855727,Seoul-d08a,34,83,Normal
2026-02-14 21:02:43.855727,Seoul-d08a,14,46,Normal
2026-02-14 21:02:44.855727,Seoul-d08a,18,56,Normal
2026-02-14 21:02:45.855727,Seoul-d08a,-29,93,Normal
2026-02-14 21:02:46.855727,Seoul-d08a,-4,23,Normal
2026-02-14 21:02:47.855727,Seoul-d08a,-15,79,Normal
2026-02-14 21:02:48.855727,Seoul-d08a,-27,61,Normal
2026-02-14 21:02:49.855727,Seoul-d08a,47,52,Normal
2026-02-14 21:02:50.855727,Seoul-d08a,34,85,Normal
2026-02-14 21:02:51.855727,Seoul-d08a,-5,51,Normal
2026-02-14 21:02:52.855727,Seoul-d08a,-14,1,Normal
2026-02-14 21:02:53.855727,Seoul-d08a,38,72,Normal
2026-02-14 21:02:54.855727,Seoul-d08a,-15,88,Normal
2026-02-14 21:02:55.855727,Seoul-d08a,12,40,Normal
2026-02-14 21:02:56.855727,Seoul-d08a,-27,96,Normal
2026-02-14 21:02:57.855727,Seoul-d08a,8,25,Normal
2026-02-14 21:02:58.855727,Seoul-d08a,23,42,Normal
2026-02-14 21:02:59.855727,Seoul-d08a,1,33,Normal
2026-02-14 21:03:00.855727,Seoul-d08a,-5,68,Normal
2026-02-14 21:03:01.855727,Seoul-d08a,42,0,Normal
2026-02-14 21:03:02.855727,Seoul-d08a,35,3,Normal
2026-02-14 21:03:03.855727,Seoul-d08a,-13,66,Normal
2026-02-14 21:03:04.855727,Seoul-d08a,-8,28,Normal
2026-02-14 21:03:05.855727,Seoul-d08a,7,89,Normal
2026-02-14 21:03:06.855727,Seoul-d08a,4,89,Normal
2026-02-14 21:03:07.855727,Seoul-d08a,0,56,Normal
2026-02-14 21:03:08.855727,Seoul-d08a,17,74,Normal
2026-02-14 21:03:09.855727,Seoul-d08a,8,33,Normal
2026-02-14 21:03:10.855727,Seoul-d08a,20,100,Normal
2026-02-14 21:03:11.855727,Seoul-d08a,-7,61,Normal
2026-02-14 21:03:12.855727,Seoul-d08a,45,49,Normal
2026-02-14 21:03:13.855727,Seoul-d08a,33,98,Normal
2026-02-14 21:03:14.855727,Seoul-d08a,-30,8,Normal
2026-02-14 21:03:15.855727,Seoul-d08a,4,6,Normal
2026-02-14 21:03:16.855727,Seoul-d08a,-2,94,Normal
2026-02-14 21:03:17.855727,Seoul-d08a,17,36,Normal
2026-02-14 21:03:18.855727,Seoul-d08a,48,75,Normal
2026-02-14 21:03:19.855727,Seoul-d08a,15,9,Normal
2026-02-14 21:03:20.855727,Seoul-d08a,42,62,Normal
2026-02-14 21:03:21.855727,Seoul-d08a,11,70,Normal
2026-02-14 21:03:22.855727,Seoul-d08a,-22,16,Normal
2026-02-14 21:03:23.855727,Seoul-d08a,43,57,Normal
2026-02-14 21:03:24.855727,Seoul-d08a,17,43,Normal
2026-02-14 21:03:25.855727,Seoul-d08a,-22,74,Normal
2026-02-14 21:03:26.855727,Seoul-d08a,24,72,Normal
2026-02-14 21:03:27.855727,Seoul-d08a,-6,54,Normal
2026-02-14 21:03:28.855727,Seoul-d08a,9,49,Normal
2026-02-14 21:03:29.855727,Seoul-d08a,30,11,Normal
2026-02-14 21:03:30.855727,Seoul-d08a,-27,54,Normal
2026-02-14 21:03:31.855727,Seoul-d08a,15,73,Normal
2026-02-14 21:03:32.855727,Seoul-d08a,37,100,Normal
2026-02-14 21:03:33.855727,Seoul-d08a,12,22,Normal
2026-02-14 21:03:34.855727,Seoul-d08a,35,36,Normal
2026-02-14 21:03:35.855727,Seoul-d08a,2,19,Normal
2026-02-14 21:03:36.855727,Seoul-d08a,32,7,Normal
2026-02-14 21:03:37.855727,Seoul-d08a,-15,35,Normal
2026-02-14 21:03:38.855727,Seoul-d08a,-25,16,Normal
2026-02-14 21:03:39.855727,Seoul-d08a,5,60,Normal
2026-02-14 21:03:40.855727,Seoul-d08a,-25,76,Normal
2026-02-14 21:03:41.855727,Seoul-d08a,4,40,Normal
2026-02-14 21:03:42.855727,Seoul-d08a,-26,81,Normal
2026-02-14 21:03:43.855727,Seoul-d08a,16,56,Normal
2026-02-14 21:03:44.855727,Seoul-d08a,5,54,Normal
2026-02-14 21:03:45.855727,Seoul-d08a,-13,99,Normal
2026-02-14 21:03:46.855727,Seoul-d08a,6,50,Normal
2026-02-14 21:03:47.855727,Seoul-d08a,2,35,Normal
2026-02-14 21:03:48.855727,Seoul-d08a,5,55,Normal
2026-02-14 21:03:49.855727,Seoul-d08a,23,58,Normal
2026-02-14 21:03:50.855727,Seoul-d08a,-7,74,Normal
2026-02-14 21:03:51.855727,Seoul-d08a,29,99,Normal
2026-02-14 21:03:52.855727,Seoul-d08a,-5,24,Normal
2026-02-14 21:03:53.855727,Seoul-d08a,47,84,Normal
2026-02-14 21:03:54.855727,Seoul-d08a,4,39,Normal
2026-02-14 21:03:55.855727,Seoul-d08a,-13,9,Normal
2026-02-14 21:03:56.855727,Seoul-d08a,-25,72,Normal
2026-02-14 21:03:57.855727,Seoul-d08a,46,31,Normal
2026-02-14 21:03:58.855727,Seoul-d08a,-6,36,Normal
2026-02-14 21:03:59.855727,Seoul-d08a,46,27,Normal
2026-02-14 21:04:00.855727,Seoul-d08a,25,46,Normal
2026-02-14 21:04:01.855727,Seoul-d08a,-21,42,Normal
2026-02-14 21:04:02.855727,Seoul-d08a,0,91,Normal
2026-02-14 21:04:03.855727,Seoul-d08a,8,33,Normal
2026-02-14 21:04:04.855727,Seoul-d08a,37,60,Normal
2026-02-14 21:04:05.855727,Seoul-d08a,-30,15,Normal
2026-02-14 21:04:06.855727,Seoul-d08a,23,21,Normal
2026-02-14 21:04:07.855727,Seoul-d08a,34,5,Normal
2026-02-14 21:04:08.855727,Seoul-d08a,48,98,Normal
2026-02-14 21:04:09.855727,Seoul-d08a,40,49,Normal
2026-02-14 21:04:10.855727,Seoul-d08a,50,38,Normal
2026-02-14 21:04:11.855727,Seoul-d08a,-10,96,Normal
2026-02-14 21:04:12.855727,Seoul-d08a,-9,34,Normal
2026-02-14 21:04:13.855727,Seoul-d08a,25,33,Normal
2026-02-14 21:04:14.855727,Seoul-d08a,17,53,Normal
2026-02-14 21:04:15.855727,Seoul-d08a,-24,36,Normal
2026-02-14 21:04:16.855727,Seoul-d08a,-12,72,Normal
2026-02-14 21:04:17.855727,Seoul-d08a,31,45,Normal
2026-02-14 21:04:18.855727,Seoul-d08a,19,47,Normal
2026-02-14 21:04:19.855727,Seoul-d08a,-23,99,Normal
2026-02-14 21:04:20.855727,Seoul-d08a,5,6,Normal
2026-02-14 21:04:21.855727,Seoul-d08a,13,58,Normal
2026-02-14 21:04:22.855727,Seoul-d08a,-13,83,Normal
2026-02-14 21:04:23.855727,Seoul-d08a,27,97,Normal
2026-02-14 21:04:24.855727,Seoul-d08a,28,5,Normal
2026-02-14 21:04:25.855727,Seoul-d08a,13,79,Normal
2026-02-14 21:04:26.855727,Seoul-d08a,4,51,Normal
2026-02-14 21:04:27.855727,Seoul-d08a,-24,85,Normal
2026-02-14 21:04:28.855727,Seoul-d08a,29,31,Normal
2026-02-14 21:04:29.855727,Seoul-d08a,-21,30,Normal
2026-02-14 21:04:30.855727,Seoul-d08a,-20,68,Normal
2026-02-14 21:04:31.855727,Seoul-d08a,-23,45,Normal
2026-02-14 21:04:32.855727,Seoul-d08a,-25,61,Normal
2026-02-14 21:04:33.855727,Seoul-d08a,-8,79,Normal
2026-02-14 21:04:34.855727,Seoul-d08a,34,43,Normal
2026-02-14 21:04:35.855727,Seoul-d08a,-18,64,Normal
2026-02-14 21:04:36.855727,Seoul-d08a,50,94,Normal
2026-02-14 21:04:37.855727,Seoul-d08a,9,21,Normal
2026-02-14 21:04:38.855727,Seoul-d08a,1,45,Normal
2026-02-14 21:04:39.855727,Seoul-d08a,-12,46,Normal
2026-02-14 21:04:40.855727,Seoul-d08a,12,34,Normal
2026-02-14 21:04:41.855727,Seoul-d08a,-19,18,Normal
2026-02-14 21:04:42.855727,Seoul-d08a,-18,51,Normal
2026-02-14 21:04:43.855727,Seoul-d08a,44,94,Normal
2026-02-14 21:04:44.855727,Seoul-d08a,-1,54,Normal
2026-02-14 21:04:45.855727,Seoul-d08a,35,81,Normal
2026-02-14 21:04:46.855727,Seoul-d08a,-12,84,Normal
2026-02-14 21:04:47.855727,Seoul-d08a,5,41,Normal
2026-02-14 21:04:48.855727,Seoul-d08a,6,70,Normal
2026-02-14 21:04:49.855727,Seoul-d08a,10,37,Normal
2026-02-14 21:04:50.855727,Seoul-d08a,20,42,Normal
2026-02-14 21:04:51.855727,Seoul-d08a,-8,17,Normal
2026-02-14 21:04:52.855727,Seoul-d08a,29,27,Normal
2026-02-14 21:04:53.855727,Seoul-d08a,37,27,Normal
2026-02-14 21:04:54.855727,Seoul-d08a,26,76,Normal
2026-02-14 21:04:55.855727,Seoul-d08a,-19,77,Normal
2026-02-14 21:04:56.855727,Seoul-d08a,3,14,Normal
2026-02-14 21:04:57.855727,Seoul-d08a,-20,25,Normal
2026-02-14 21:04:58.855727,Seoul-d08a,-28,32,Normal
2026-02-14 21:04:59.855727,Seoul-d08a,24,96,Normal
2026-02-14 21:05:00.855727,Seoul-d08a,46,9,Normal
2026-02-14 21:05:01.855727,Seoul-d08a,-1,52,Normal
2026-02-14 21:05:02.855727,Seoul-d08a,23,76,Normal
2026-02-14 21:05:03.855727,Seoul-d08a,-13,63,Normal
2026-02-14 21:05:04.855727,Seoul-d08a,-6,54,Normal
2026-02-14 21:05:05.855727,Seoul-d08a,-8,38,Normal
2026-02-14 21:05:06.855727,Seoul-d08a,-6,61,Normal
2026-02-14 21:05:07.855727,Seoul-d08a,-12,7,Normal
2026-02-14 21:05:08.855727,Seoul-d08a,14,25,Normal
2026-02-14 21:05:09.855727,Seoul-d08a,-1,58,Normal
2026-02-14 21:05:10.855727,Seoul-d08a,-26,59,Normal
2026-02-14 21:05:11.855727,Seoul-d08a,-14,92,Normal
2026-02-14 21:05:12.855727,Seoul-d08a,20,74,Normal
2026-02-14 21:05:13.855727,Seoul-d08a,28,59,Normal
2026-02-14 21:05:14.855727,Seoul-d08a,24,62,Normal
2026-02-14 21:05:15.855727,Seoul-d08a,-14,18,Normal
2026-02-14 21:05:16.855727,Seoul-d08a,29,76,Normal
2026-02-14 21:05:17.855727,Seoul-d08a,-7,96,Normal
2026-02-14 21:05:18.855727,Seoul-d08a,29,43,Normal
2026-02-14 21:05:19.855727,Seoul-d08a,17,90,Normal
2026-02-14 21:05:20.855727,Seoul-d08a,29,35,Normal
2026-02-14 21:05:21.855727,Seoul-d08a,5,79,Normal
2026-02-14 21:05:22.855727,Seoul-d08a,19,0,Normal
2026-02-14 21:05:23.855727,Seoul-d08a,23,81,Normal
2026-02-14 21:05:24.855727,Seoul-d08a,43,79,Normal
2026-02-14 21:05:25.855727,Seoul-d08a,22,67,Normal
2026-02-14 21:05:26.855727,Seoul-d08a,1,84,Normal
2026-02-14 21:05:27.855727,Seoul-d08a,47,10,Normal
2026-02-14 21:05:28.855727,Seoul-d08a,38,45,Normal
2026-02-14 21:05:29.855727,Seoul-d08a,16,50,Normal
2026-02-14 21:05:30.855727,Seoul-d08a,5,60,Normal
2026-02-14 21:05:31.855727,Seoul-d08a,-26,34,Normal
2026-02-14 21:05:32.855727,Seoul-d08a,-6,28,Normal
2026-02-14 21:05:33.855727,Seoul-d08a,-22,45,Normal
2026-02-14 21:05:34.855727,Seoul-d08a,33,87,Normal
2026-02-14 21:05:35.855727,Seoul-d08a,50,69,Normal
2026-02-14 21:05:36.855727,Seoul-d08a,38,82,Normal
2026-02-14 21:05:37.855727,Seoul-d08a,14,40,Normal
2026-02-14 21:05:38.855727,Seoul-d08a,26,96,Normal
2026-02-14 21:05:39.855727,Seoul-d08a,-27,89,Normal
2026-02-14 21:05:40.855727,Seoul-d08a,-5,69,Normal
2026-02-14 21:05:41.855727,Seoul-d08a,-9,46,Normal
2026-02-14 21:05:42.855727,Seoul-d08a,1,38,Normal
2026-02-14 21:05:43.855727,Seoul-d08a,-7,5,Normal
2026-02-14 21:05:44.855727,Seoul-d08a,24,44,Normal
2026-02-14 21:05:45.855727,Seoul-d08a,2,67,Normal
2026-02-14 21:05:46.855727,Seoul-d08a,43,62,Normal
2026-02-14 21:05:47.855727,Seoul-d08a,43,86,Normal
2026-02-14 21:05:48.855727,Seoul-d08a,40,97,Normal
2026-02-14 21:05:49.855727,Seoul-d08a,-24,28,Normal
2026-02-14 21:05:50.855727,Seoul-d08a,-17,21,Normal
2026-02-14 21:05:51.855727,Seoul-d08a,25,84,Normal
2026-02-14 21:05:52.855727,Seoul-d08a,-5,16,Normal
2026-02-14 21:05:53.855727,Seoul-d08a,11,92,Normal
2026-02-14 21:05:54.855727,Seoul-d08a,32,67,Normal
2026-02-14 21:05:55.855727,Seoul-d08a,48,99,Normal
2026-02-14 21:05:56.855727,Seoul-d08a,24,95,Normal
2026-02-14 21:05:57.855727,Seoul-d08a,11,97,Normal
2026-02-14 21:05:58.855727,Seoul-d08a,-15,30,Normal
2026-02-14 21:05:59.855727,Seoul-d08a,36,36,Normal
2026-02-14 21:06:00.855727,Seoul-d08a,10,27,Normal
2026-02-14 21:06:01.855727,Seoul-d08a,-11,46,Normal
2026-02-14 21:06:02.855727,Seoul-d08a,0,79,Normal
2026-02-14 21:06:03.855727,Seoul-d08a,15,90,Normal
2026-02-14 21:06:04.855727,Seoul-d08a,28,3,Normal
2026-02-14 21:06:05.855727,Seoul-d08a,14,69,Normal
2026-02-14 21:06:06.855727,Seoul-d08a,10,46,Normal
2026-02-14 21:06:07.855727,Seoul-d08a,-11,69,Normal
2026-02-14 21:06:08.855727,Seoul-d08a,36,34,Normal
2026-02-14 21:06:09.855727,Seoul-d08a,-4,35,Normal
2026-02-14 21:06:10.855727,Seoul-d08a,14,56,Normal
2026-02-14 21:06:11.855727,Seoul-d08a,27,28,Normal
2026-02-14 21:06:12.855727,Seoul-d08a,-27,28,Normal
2026-02-14 21:06:13.855727,Seoul-d08a,31,45,Normal
2026-02-14 21:06:14.855727,Seoul-d08a,37,16,Normal
2026-02-14 21:06:15.855727,Seoul-d08a,41,68,Normal
2026-02-14 21:06:16.855727,Seoul-d08a,-28,43,Normal
2026-02-14 21:06:17.855727,Seoul-d08a,40,52,Normal
2026-02-14 21:06:18.855727,Seoul-d08a,5,74,Normal
2026-02-14 21:06:19.855727,Seoul-d08a,-15,67,Normal
2026-02-14 21:06:20.855727,Seoul-d08a,14,10,Normal
2026-02-14 21:06:21.855727,Seoul-d08a,-21,94,Normal
2026-02-14 21:06:22.855727,Seoul-d08a,12,85,Normal
2026-02-14 21:06:23.855727,Seoul-d08a,-4,100,Normal
2026-02-14 21:06:24.855727,Seoul-d08a,3,25,Normal
2026-02-14 21:06:25.855727,Seoul-d08a,-11,43,Normal
2026-02-14 21:06:26.855727,Seoul-d08a,3,49,Normal
2026-02-14 21:06:27.855727,Seoul-d08a,14,25,Normal
2026-02-14 21:06:28.855727,Seoul-d08a,7,5,Normal
2026-02-14 21:06:29.855727,Seoul-d08a,-24,27,Normal
2026-02-14 21:06:30.855727,Seoul-d08a,-28,96,Normal
2026-02-14 21:06:31.855727,Seoul-d08a,3,79,Normal
2026-02-14 21:06:32.855727,Seoul-d08a,36,72,Normal
2026-02-14 21:06:33.855727,Seoul-d08a,-23,57,Normal
2026-02-14 21:06:34.855727,Seoul-d08a,44,10,Normal
2026-02-14 21:06:35.855727,Seoul-d08a,-22,66,Normal
2026-02-14 21:06:36.855727,Seoul-d08a,8,13,Normal
2026-02-14 21:06:37.855727,Seoul-d08a,15,35,Normal
2026-02-14 21:06:38.855727,Seoul-d08a,-26,98,Normal
2026-02-14 21:06:39.855727,Seoul-d08a,-5,84,Normal
2026-02-14 21:06:40.855727,Seoul-d08a,-13,61,Normal
2026-02-14 21:06:41.855727,Seoul-d08a,26,49,Normal
2026-02-14 21:06:42.855727,Seoul-d08a,42,32,Normal
2026-02-14 21:06:43.855727,Seoul-d08a,-23,15,Normal
2026-02-14 21:06:44.855727,Seoul-d08a,25,17,Normal
2026-02-14 21:06:45.855727,Seoul-d08a,30,11,Normal
2026-02-14 21:06:46.855727,Seoul-d08a,20,46,Normal
2026-02-14 21:06:47.855727,Seoul-d08a,20,60,Normal
2026-02-14 21:06:48.855727,Seoul-d08a,9,78,Normal
2026-02-14 21:06:49.855727,Seoul-d08a,17,53,Normal
2026-02-14 21:06:50.855727,Seoul-d08a,31,35,Normal
2026-02-14 21:06:51.855727,Seoul-d08a,20,12,Normal
2026-02-14 21:06:52.855727,Seoul-d08a,-8,41,Normal
2026-02-14 21:06:53.855727,Seoul-d08a,7,28,Normal
2026-02-14 21:06:54.855727,Seoul-d08a,12,31,Normal
2026-02-14 21:06:55.855727,Seoul-d08a,24,84,Normal
2026-02-14 21:06:56.855727,Seoul-d08a,3,66,Normal
2026-02-14 21:06:57.855727,Seoul-d08a,7,12,Normal
2026-02-14 21:06:58.855727,Seoul-d08a,31,61,Normal
2026-02-14 21:06:59.855727,Seoul-d08a,-29,66,Normal
2026-02-14 21:07:00.855727,Seoul-d08a,37,63,Normal
2026-02-14 21:07:01.855727,Seoul-d08a,8,31,Normal
2026-02-14 21:07:02.855727,Seoul-d08a,-2,22,Normal
2026-02-14 21:07:03.855727,Seoul-d08a,-3,35,Normal
2026-02-14 21:07:04.855727,Seoul-d08a,45,32,Normal
2026-02-14 21:07:05.855727,Seoul-d08a,4,62,Normal
2026-02-14 21:07:06.855727,Seoul-d08a,31,8,Normal
2026-02-14 21:07:07.855727,Seoul-d08a,26,35,Normal
2026-02-14 21:07:08.855727,Seoul-d08a,37,63,Normal
2026-02-14 21:07:09.855727,Seoul-d08a,19,73,Normal
2026-02-14 21:07:10.855727,Seoul-d08a,11,55,Normal
2026-02-14 21:07:11.855727,Seoul-d08a,-1,16,Normal
2026-02-14 21:07:12.855727,Seoul-d08a,32,27,Normal
2026-02-14 21:07:13.855727,Seoul-d08a,32,60,Normal
2026-02-14 21:07:14.855727,Seoul-d08a,34,28,Normal
2026-02-14 21:07:15.855727,Seoul-d08a,45,76,Normal
2026-02-14 21:07:16.855727,Seoul-d08a,-7,27,Normal
2026-02-14 21:07:17.855727,Seoul-d08a,-8,91,Normal
2026-02-14 21:07:18.855727,Seoul-d08a,37,4,Normal
2026-02-14 21:07:19.855727,Seoul-d08a,30,52,Normal
2026-02-14 21:07:20.855727,Seoul-d08a,9,27,Normal
2026-02-14 21:07:21.855727,Seoul-d08a,36,9,Normal
2026-02-14 21:07:22.855727,Seoul-d08a,29,83,Normal
2026-02-14 21:07:23.855727,Seoul-d08a,14,45,Normal
2026-02-14 21:07:24.855727,Seoul-d08a,-10,69,Normal
2026-02-14 21:07:25.855727,Seoul-d08a,32,23,Normal
2026-02-14 21:07:26.855727,Seoul-d08a,-14,16,Normal
2026-02-14 21:07:27.855727,Seoul-d08a,-1,65,Normal
2026-02-14 21:07:28.855727,Seoul-d08a,23,51,Normal
2026-02-14 21:07:29.855727,Seoul-d08a,4,19,Normal
2026-02-14 21:07:30.855727,Seoul-d08a,42,38,Normal
2026-02-14 21:07:31.855727,Seoul-d08a,-23,22,Normal
2026-02-14 21:07:32.855727,Seoul-d08a,50,19,Normal
2026-02-14 21:07:33.855727,Seoul-d08a,35,19,Normal
2026-02-14 21:07:34.855727,Seoul-d08a,16,10,Normal
2026-02-14 21:07:35.855727,Seoul-d08a,6,35,Normal
2026-02-14 21:07:36.855727,Seoul-d08a,-15,18,Normal
2026-02-14 21:07:37.855727,Seoul-d08a,10,76,Normal
2026-02-14 21:07:38.855727,Seoul-d08a,44,29,Normal
2026-02-14 21:07:39.855727,Seoul-d08a,3,20,Normal
2026-02-14 21:07:40.855727,Seoul-d08a,34,21,Normal
2026-02-14 21:07:41.855727,Seoul-d08a,9,3,Normal
2026-02-14 21:07:42.855727,Seoul-d08a,-23,37,Normal
2026-02-14 21:07:43.855727,Seoul-d08a,29,12,Normal
2026-02-14 21:07:44.855727,Seoul-d08a,-16,78,Normal
2026-02-14 21:07:45.855727,Seoul-d08a,-2,13,Normal
2026-02-14 21:07:46.855727,Seoul-d08a,-5,87,Normal
2026-02-14 21:07:47.855727,Seoul-d08a,13,42,Normal
2026-02-14 21:07:48.855727,Seoul-d08a,-9,6,Normal
2026-02-14 21:07:49.855727,Seoul-d08a,-28,41,Normal
2026-02-14 21:07:50.855727,Seoul-d08a,27,93,Normal
2026-02-14 21:07:51.855727,Seoul-d08a,-11,18,Normal
2026-02-14 21:07:52.855727,Seoul-d08a,36,59,Normal
2026-02-14 21:07:53.855727,Seoul-d08a,11,8,Normal
2026-02-14 21:07:54.855727,Seoul-d08a,5,19,Normal
2026-02-14 21:07:55.855727,Seoul-d08a,45,19,Normal
2026-02-14 21:07:56.855727,Seoul-d08a,-29,8,Normal
2026-02-14 21:07:57.855727,Seoul-d08a,-25,27,Normal
2026-02-14 21:07:58.855727,Seoul-d08a,1,77,Normal
2026-02-14 21:07:59.855727,Seoul-d08a,32,70,Normal
2026-02-14 21:08:00.855727,Seoul-d08a,-28,89,Normal
2026-02-14 21:08:01.855727,Seoul-d08a,45,76,Normal
2026-02-14 21:08:02.855727,Seoul-d08a,45,32,Normal
2026-02-14 21:08:03.855727,Seoul-d08a,-12,16,Normal
2026-02-14 21:08:04.855727,Seoul-d08a,21,81,Normal
2026-02-14 21:08:05.855727,Seoul-d08a,-12,46,Normal
2026-02-14 21:08:06.855727,Seoul-d08a,41,82,Normal
2026-02-14 21:08:07.855727,Seoul-d08a,42,51,Normal
2026-02-14 21:08:08.855727,Seoul-d08a,-21,36,Normal
2026-02-14 21:08:09.855727,Seoul-d08a,-20,46,Normal
2026-02-14 21:08:10.855727,Seoul-d08a,38,52,Normal
2026-02-14 21:08:11.855727,Seoul-d08a,19,23,Normal
2026-02-14 21:08:12.855727,Seoul-d08a,33,1,Normal
2026-02-14 21:08:13.855727,Seoul-d08a,-23,61,Normal
2026-02-14 21:08:14.855727,Seoul-d08a,14,25,Normal
2026-02-14 21:08:15.855727,Seoul-d08a,2,50,Normal
2026-02-14 21:08:16.855727,Seoul-d08a,-23,55,Normal
2026-02-14 21:08:17.855727,Seoul-d08a,-1,66,Normal
2026-02-14 21:08:18.855727,Seoul-d08a,19,57,Normal
2026-02-14 21:08:19.855727,Seoul-d08a,33,66,Normal
2026-02-14 21:08:20.855727,Seoul-d08a,50,89,Normal
2026-02-14 21:08:21.855727,Seoul-d08a,41,99,Normal
2026-02-14 21:08:22.855727,Seoul-d08a,-18,67,Normal
2026-02-14 21:08:23.855727,Seoul-d08a,-14,99,Normal
2026-02-14 21:08:24.855727,Seoul-d08a,20,96,Normal
2026-02-14 21:08:25.855727,Seoul-d08a,-3,48,Normal
2026-02-14 21:08:26.855727,Seoul-d08a,44,32,Normal
2026-02-14 21:08:27.855727,Seoul-d08a,-2,83,Normal
2026-02-14 21:08:28.855727,Seoul-d08a,39,37,Normal
2026-02-14 21:08:29.855727,Seoul-d08a,47,83,Normal
2026-02-14 21:08:30.855727,Seoul-d08a,20,82,Normal
2026-02-14 21:08:31.855727,Seoul-d08a,-21,33,Normal
2026-02-14 21:08:32.855727,Seoul-d08a,50,19,Normal
2026-02-14 21:08:33.855727,Seoul-d08a,27,46,Normal
2026-02-14 21:08:34.855727,Seoul-d08a,26,25,Normal
2026-02-14 21:08:35.855727,Seoul-d08a,12,34,Normal
2026-02-14 21:08:36.855727,Seoul-d08a,-19,34,Normal
2026-02-14 21:08:37.855727,Seoul-d08a,-17,26,Normal
2026-02-14 21:08:38.855727,Seoul-d08a,17,61,Normal
2026-02-14 21:08:39.855727,Seoul-d08a,20,12,Normal
2026-02-14 21:08:40.855727,Seoul-d08a,-24,58,Normal
2026-02-14 21:08:41.855727,Seoul-d08a,16,22,Normal
2026-02-14 21:08:42.855727,Seoul-d08a,-24,15,Normal
2026-02-14 21:08:43.855727,Seoul-d08a,-14,32,Normal
2026-02-14 21:08:44.855727,Seoul-d08a,-24,34,Normal
2026-02-14 21:08:45.855727,Seoul-d08a,-10,96,Normal
2026-02-14 21:08:46.855727,Seoul-d08a,20,28,Normal
2026-02-14 21:08:47.855727,Seoul-d08a,4,41,Normal
2026-02-14 21:08:48.855727,Seoul-d08a,49,93,Normal
2026-02-14 21:08:49.855727,Seoul-d08a,49,29,Normal
2026-02-14 21:08:50.855727,Seoul-d08a,49,53,Normal
2026-02-14 21:08:51.855727,Seoul-d08a,41,36,Normal
2026-02-14 21:08:52.855727,Seoul-d08a,25,37,Normal
2026-02-14 21:08:53.855727,Seoul-d08a,3,77,Normal
2026-02-14 21:08:54.855727,Seoul-d08a,35,61,Normal
2026-02-14 21:08:55.855727,Seoul-d08a,18,99,Normal
2026-02-14 21:08:56.855727,Seoul-d08a,-7,39,Normal
2026-02-14 21:08:57.855727,Seoul-d08a,39,93,Normal
2026-02-14 21:08:58.855727,Seoul-d08a,43,45,Normal
2026-02-14 21:08:59.855727,Seoul-d08a,32,98,Normal
2026-02-14 21:09:00.855727,Seoul-d08a,19,35,Normal
2026-02-14 21:09:01.855727,Seoul-d08a,50,3,Normal
2026-02-14 21:09:02.855727,Seoul-d08a,-19,74,Normal
2026-02-14 21:09:03.855727,Seoul-d08a,42,51,Normal
2026-02-14 21:09:04.855727,Seoul-d08a,30,12,Normal
2026-02-14 21:09:05.855727,Seoul-d08a,-8,3,Normal
2026-02-14 21:09:06.855727,Seoul-d08a,-9,87,Normal
2026-02-14 21:09:07.855727,Seoul-d08a,-30,3,Normal
2026-02-14 21:09:08.855727,Seoul-d08a,-20,18,Normal
2026-02-14 21:09:09.855727,Seoul-d08a,31,50,Normal
2026-02-14 21:09:10.855727,Seoul-d08a,-14,25,Normal
2026-02-14 21:09:11.855727,Seoul-d08a,8,39,Normal
2026-02-14 21:09:12.855727,Seoul-d08a,-13,42,Normal
2026-02-14 21:09:13.855727,Seoul-d08a,26,8,Normal
2026-02-14 21:09:14.855727,Seoul-d08a,0,78,Normal
2026-02-14 21:09:15.855727,Seoul-d08a,17,87,Normal
2026-02-14 21:09:16.855727,Seoul-d08a,28,50,Normal
2026-02-14 21:09:17.855727,Seoul-d08a,4,70,Normal
2026-02-14 21:09:18.855727,Seoul-d08a,-4,68,Normal
2026-02-14 21:09:19.855727,Seoul-d08a,11,39,Normal
2026-02-14 21:09:20.855727,Seoul-d08a,48,25,Normal
2026-02-14 21:09:21.855727,Seoul-d08a,42,35,Normal
2026-02-14 21:09:22.855727,Seoul-d08a,14,15,Normal
2026-02-14 21:09:23.855727,Seoul-d08a,30,88,Normal
2026-02-14 21:09:24.855727,Seoul-d08a,-13,22,Normal
2026-02-14 21:09:25.855727,Seoul-d08a,18,94,Normal
2026-02-14 21:09:26.855727,Seoul-d08a,-22,76,Normal
2026-02-14 21:09:27.855727,Seoul-d08a,-17,69,Normal
2026-02-14 21:09:28.855727,Seoul-d08a,32,87,Normal
2026-02-14 21:09:29.855727,Seoul-d08a,28,27,Normal
2026-02-14 21:09:30.855727,Seoul-d08a,42,96,Normal
2026-02-14 21:09:31.855727,Seoul-d08a,-29,60,Normal
2026-02-14 21:09:32.855727,Seoul-d08a,-11,98,Normal
2026-02-14 21:09:33.855727,Seoul-d08a,-21,56,Normal
2026-02-14 21:09:34.855727,Seoul-d08a,16,74,Normal
2026-02-14 21:09:35.855727,Seoul-d08a,-20,60,Normal
2026-02-14 21:09:36.855727,Seoul-d08a,38,29,Normal
2026-02-14 21:09:37.855727,Seoul-d08a,44,65,Normal
2026-02-14 21:09:38.855727,Seoul-d08a,-29,49,Normal
2026-02-14 21:09:39.855727,Seoul-d08a,32,26,Normal
2026-02-14 21:09:40.855727,Seoul-d08a,43,42,Normal
2026-02-14 21:09:41.855727,Seoul-d08a,12,87,Normal
2026-02-14 21:09:42.855727,Seoul-d08a,50,62,Normal
2026-02-14 21:09:43.855727,Seoul-d08a,17,99,Normal
2026-02-14 21:09:44.855727,Seoul-d08a,-25,15,Normal
2026-02-14 21:09:45.855727,Seoul-d08a,20,75,Normal
2026-02-14 21:09:46.855727,Seoul-d08a,-14,64,Normal
2026-02-14 21:09:47.855727,Seoul-d08a,-25,19,Normal
2026-02-14 21:09:48.855727,Seoul-d08a,-16,94,Normal
2026-02-14 21:09:49.855727,Seoul-d08a,7,23,Normal
2026-02-14 21:09:50.855727,Seoul-d08a,-1,40,Normal
2026-02-14 21:09:51.855727,Seoul-d08a,32,36,Normal
2026-02-14 21:09:52.855727,Seoul-d08a,-15,20,Normal
2026-02-14 21:09:53.855727,Seoul-d08a,16,38,Normal
2026-02-14 21:09:54.855727,Seoul-d08a,45,75,Normal
2026-02-14 21:09:55.855727,Seoul-d08a,41,39,Normal
2026-02-14 21:09:56.855727,Seoul-d08a,2,92,Normal
2026-02-14 21:09:57.855727,Seoul-d08a,12,28,Normal
2026-02-14 21:09:58.855727,Seoul-d08a,12,24,Normal
2026-02-14 21:09:59.855727,Seoul-d08a,33,73,Normal
2026-02-14 21:10:00.855727,Seoul-d08a,37,36,Normal
2026-02-14 21:10:01.855727,Seoul-d08a,39,99,Normal
2026-02-14 21:10:02.855727,Seoul-d08a,-9,81,Normal
2026-02-14 21:10:03.855727,Seoul-d08a,5,57,Normal
2026-02-14 21:10:04.855727,Seoul-d08a,1,10,Normal
2026-02-14 21:10:05.855727,Seoul-d08a,2,24,Normal
2026-02-14 21:10:06.855727,Seoul-d08a,11,45,Normal
2026-02-14 21:10:07.855727,Seoul-d08a,-29,68,Normal
2026-02-14 21:10:08.855727,Seoul-d08a,39,57,Normal
2026-02-14 21:10:09.855727,Seoul-d08a,20,31,Normal
2026-02-14 21:10:10.855727,Seoul-d08a,32,4,Normal
2026-02-14 21:10:11.855727,Seoul-d08a,10,12,Normal
2026-02-14 21:10:12.855727,Seoul-d08a,0,14,Normal
2026-02-14 21:10:13.855727,Seoul-d08a,46,35,Normal
2026-02-14 21:10:14.855727,Seoul-d08a,44,23,Normal
2026-02-14 21:10:15.855727,Seoul-d08a,-30,87,Normal
2026-02-14 21:10:16.855727,Seoul-d08a,-6,34,Normal
2026-02-14 21:10:17.855727,Seoul-d08a,29,66,Normal
2026-02-14 21:10:18.855727,Seoul-d08a,-3,39,Normal
2026-02-14 21:10:19.855727,Seoul-d08a,18,81,Normal
2026-02-14 21:10:20.855727,Seoul-d08a,45,90,Normal
2026-02-14 21:10:21.855727,Seoul-d08a,35,48,Normal
2026-02-14 21:10:22.855727,Seoul-d08a,-1,74,Normal
2026-02-14 21:10:23.855727,Seoul-d08a,50,3,Normal
2026-02-14 21:10:24.855727,Seoul-d08a,49,56,Normal
2026-02-14 21:10:25.855727,Seoul-d08a,-19,38,Normal
2026-02-14 21:10:26.855727,Seoul-d08a,39,21,Normal
2026-02-14 21:10:27.855727,Seoul-d08a,16,32,Normal
2026-02-14 21:10:28.855727,Seoul-d08a,32,69,Normal
2026-02-14 21:10:29.855727,Seoul-d08a,-21,23,Normal
2026-02-14 21:10:30.855727,Seoul-d08a,-25,80,Normal
2026-02-14 21:10:31.855727,Seoul-d08a,48,47,Normal
2026-02-14 21:10:32.855727,Seoul-d08a,43,55,Normal
2026-02-14 21:10:33.855727,Seoul-d08a,-7,30,Normal
2026-02-14 21:10:34.855727,Seoul-d08a,22,8,Normal
2026-02-14 21:10:35.855727,Seoul-d08a,2,76,Normal
2026-02-14 21:10:36.855727,Seoul-d08a,40,15,Normal
2026-02-14 21:10:37.855727,Seoul-d08a,-12,39,Normal
2026-02-14 21:10:38.855727,Seoul-d08a,46,8,Normal
2026-02-14 21:10:39.855727,Seoul-d08a,10,79,Normal
2026-02-14 21:10:40.855727,Seoul-d08a,43,92,Normal
2026-02-14 21:10:41.855727,Seoul-d08a,38,35,Normal
2026-02-14 21:10:42.855727,Seoul-d08a,47,19,Normal
2026-02-14 21:10:43.855727,Seoul-d08a,9,22,Normal
2026-02-14 21:10:44.855727,Seoul-d08a,35,13,Normal
2026-02-14 21:10:45.855727,Seoul-d08a,12,16,Normal
2026-02-14 21:10:46.855727,Seoul-d08a,-2,8,Normal
2026-02-14 21:10:47.855727,Seoul-d08a,44,32,Normal
2026-02-14 21:10:48.855727,Seoul-d08a,36,19,Normal
2026-02-14 21:10:49.855727,Seoul-d08a,-5,92,Normal
2026-02-14 21:10:50.855727,Seoul-d08a,49,9,Normal
2026-02-14 21:10:51.855727,Seoul-d08a,25,94,Normal
2026-02-14 21:10:52.855727,Seoul-d08a,36,67,Normal
2026-02-14 21:10:53.855727,Seoul-d08a,49,4,Normal
2026-02-14 21:10:54.855727,Seoul-d08a,19,84,Normal
2026-02-14 21:10:55.855727,Seoul-d08a,39,65,Normal
2026-02-14 21:10:56.855727,Seoul-d08a,43,21,Normal
2026-02-14 21:10:57.855727,Seoul-d08a,-5,91,Normal
2026-02-14 21:10:58.855727,Seoul-d08a,-15,23,Normal
2026-02-14 21:10:59.855727,Seoul-d08a,-8,51,Normal
2026-02-14 21:11:00.855727,Seoul-d08a,28,78,Normal
2026-02-14 21:11:01.855727,Seoul-d08a,34,68,Normal
2026-02-14 21:11:02.855727,Seoul-d08a,49,35,Normal
2026-02-14 21:11:03.855727,Seoul-d08a,11,44,Normal
2026-02-14 21:11:04.855727,Seoul-d08a,7,45,Normal
2026-02-14 21:11:05.855727,Seoul-d08a,-28,17,Normal
2026-02-14 21:11:06.855727,Seoul-d08a,-4,51,Normal
2026-02-14 21:11:07.855727,Seoul-d08a,4,31,Normal
2026-02-14 21:11:08.855727,Seoul-d08a,8,57,Normal
2026-02-14 21:11:09.855727,Seoul-d08a,25,49,Normal
2026-02-14 21:11:10.855727,Seoul-d08a,36,52,Normal
2026-02-14 21:11:11.855727,Seoul-d08a,-16,6,Normal
2026-02-14 21:11:12.855727,Seoul-d08a,32,99,Normal
2026-02-14 21:11:13.855727,Seoul-d08a,39,64,Normal
2026-02-14 21:11:14.855727,Seoul-d08a,-28,28,Normal
2026-02-14 21:11:15.855727,Seoul-d08a,-24,85,Normal
2026-02-14 21:11:16.855727,Seoul-d08a,43,7,Normal
2026-02-14 21:11:17.855727,Seoul-d08a,38,29,Normal
2026-02-14 21:11:18.855727,Seoul-d08a,-9,62,Normal
2026-02-14 21:11:19.855727,Seoul-d08a,10,55,Normal
2026-02-14 21:11:20.855727,Seoul-d08a,44,73,Normal
2026-02-14 21:11:21.855727,Seoul-d08a,-10,14,Normal
2026-02-14 21:11:22.855727,Seoul-d08a,11,85,Normal
2026-02-14 21:11:23.855727,Seoul-d08a,-22,18,Normal
2026-02-14 21:11:24.855727,Seoul-d08a,28,70,Normal
2026-02-14 21:11:25.855727,Seoul-d08a,-17,66,Normal
2026-02-14 21:11:26.855727,Seoul-d08a,50,39,Normal
2026-02-14 21:11:27.855727,Seoul-d08a,12,24,Normal
2026-02-14 21:11:28.855727,Seoul-d08a,31,96,Normal
2026-02-14 21:11:29.855727,Seoul-d08a,31,65,Normal
2026-02-14 21:11:30.855727,Seoul-d08a,-16,89,Normal
2026-02-14 21:11:31.855727,Seoul-d08a,-9,98,Normal
2026-02-14 21:11:32.855727,Seoul-d08a,-3,82,Normal
2026-02-14 21:11:33.855727,Seoul-d08a,32,39,Normal
2026-02-14 21:11:34.855727,Seoul-d08a,22,89,Normal
2026-02-14 21:11:35.855727,Seoul-d08a,-24,4,Normal
2026-02-14 21:11:36.855727,Seoul-d08a,12,71,Normal
2026-02-14 21:11:37.855727,Seoul-d08a,21,78,Normal
2026-02-14 21:11:38.855727,Seoul-d08a,-26,22,Normal
2026-02-14 21:11:39.855727,Seoul-d08a,-10,19,Normal
2026-02-14 21:11:40.855727,Seoul-d08a,-14,98,Normal
2026-02-14 21:11:41.855727,Seoul-d08a,-6,88,Normal
2026-02-14 21:11:42.855727,Seoul-d08a,-12,11,Normal
2026-02-14 21:11:43.855727,Seoul-d08a,5,50,Normal
2026-02-14 21:11:44.855727,Seoul-d08a,17,48,Normal
2026-02-14 21:11:45.855727,Seoul-d08a,-26,28,Normal
2026-02-14 21:11:46.855727,Seoul-d08a,-28,77,Normal
2026-02-14 21:11:47.855727,Seoul-d08a,-23,28,Normal
2026-02-14 21:11:48.855727,Seoul-d08a,43,95,Normal
2026-02-14 21:11:49.855727,Seoul-d08a,9,43,Normal
2026-02-14 21:11:50.855727,Seoul-d08a,-16,75,Normal
2026-02-14 21:11:51.855727,Seoul-d08a,-25,70,Normal
2026-02-14 21:11:52.855727,Seoul-d08a,-23,20,Normal
2026-02-14 21:11:53.855727,Seoul-d08a,-20,84,Normal
2026-02-14 21:11:54.855727,Seoul-d08a,9,19,Normal
2026-02-14 21:11:55.855727,Seoul-d08a,43,14,Normal
2026-02-14 21:11:56.855727,Seoul-d08a,14,68,Normal
2026-02-14 21:11:57.855727,Seoul-d08a,43,86,Normal
2026-02-14 21:11:58.855727,Seoul-d08a,42,50,Normal
2026-02-14 21:11:59.855727,Seoul-d08a,3,1,Normal
2026-02-14 21:12:00.855727,Seoul-d08a,0,29,Normal
2026-02-14 21:12:01.855727,Seoul-d08a,-14,100,Normal
2026-02-14 21:12:02.855727,Seoul-d08a,34,3,Normal
2026-02-14 21:12:03.855727,Seoul-d08a,4,32,Normal
2026-02-14 21:12:04.855727,Seoul-d08a,4,94,Normal
2026-02-14 21:12:05.855727,Seoul-d08a,-24,79,Normal
2026-02-14 21:12:06.855727,Seoul-d08a,-18,19,Normal
2026-02-14 21:12:07.855727,Seoul-d08a,22,44,Normal
2026-02-14 21:12:08.855727,Seoul-d08a,-23,92,Normal
2026-02-14 21:12:09.855727,Seoul-d08a,-13,78,Normal
2026-02-14 21:12:10.855727,Seoul-d08a,22,60,Normal
2026-02-14 21:12:11.855727,Seoul-d08a,37,28,Normal
2026-02-14 21:12:12.855727,Seoul-d08a,32,75,Normal
2026-02-14 21:12:13.855727,Seoul-d08a,2,75,Normal
2026-02-14 21:12:14.855727,Seoul-d08a,5,65,Normal
2026-02-14 21:12:15.855727,Seoul-d08a,28,81,Normal
2026-02-14 21:12:16.855727,Seoul-d08a,18,38,Normal
2026-02-14 21:12:17.855727,Seoul-d08a,41,34,Normal
2026-02-14 21:12:18.855727,Seoul-d08a,22,30,Normal
2026-02-14 21:12:19.855727,Seoul-d08a,26,43,Normal
2026-02-14 21:12:20.855727,Seoul-d08a,-19,68,Normal
2026-02-14 21:12:21.855727,Seoul-d08a,-17,72,Normal
2026-02-14 21:12:22.855727,Seoul-d08a,43,100,Normal
2026-02-14 21:12:23.855727,Seoul-d08a,-25,65,Normal
2026-02-14 21:12:24.855727,Seoul-d08a,25,67,Normal
2026-02-14 21:12:25.855727,Seoul-d08a,46,9,Normal
2026-02-14 21:12:26.855727,Seoul-d08a,-24,74,Normal
2026-02-14 21:12:27.855727,Seoul-d08a,-28,55,Normal
2026-02-14 21:12:28.855727,Seoul-d08a,49,35,Normal
2026-02-14 21:12:29.855727,Seoul-d08a,15,3,Normal
2026-02-14 21:12:30.855727,Seoul-d08a,20,44,Normal
2026-02-14 21:12:31.855727,Seoul-d08a,16,50,Normal
2026-02-14 21:12:32.855727,Seoul-d08a,28,97,Normal
2026-02-14 21:12:33.855727,Seoul-d08a,12,96,Normal
2026-02-14 21:12:34.855727,Seoul-d08a,13,61,Normal
2026-02-14 21:12:35.855727,Seoul-d08a,26,93,Normal
2026-02-14 21:12:36.855727,Seoul-d08a,-13,23,Normal
2026-02-14 21:12:37.855727,Seoul-d08a,13,80,Normal
2026-02-14 21:12:38.855727,Seoul-d08a,18,6,Normal
2026-02-14 21:12:39.855727,Seoul-d08a,3,17,Normal
2026-02-14 21:12:40.855727,Seoul-d08a,19,46,Normal
2026-02-14 21:12:41.855727,Seoul-d08a,-20,0,Normal
2026-02-14 21:12:42.855727,Seoul-d08a,4,52,Normal
2026-02-14 21:12:43.855727,Seoul-d08a,39,95,Normal
2026-02-14 21:12:44.855727,Seoul-d08a,5,91,Normal
2026-02-14 21:12:45.855727,Seoul-d08a,45,89,Normal
2026-02-14 21:12:46.855727,Seoul-d08a,-1,79,Normal
2026-02-14 21:12:47.855727,Seoul-d08a,-18,62,Normal
2026-02-14 21:12:48.855727,Seoul-d08a,-16,100,Normal
2026-02-14 21:12:49.855727,Seoul-d08a,2,37,Normal
2026-02-14 21:12:50.855727,Seoul-d08a,27,50,Normal
2026-02-14 21:12:51.855727,Seoul-d08a,-6,3,Normal
2026-02-14 21:12:52.855727,Seoul-d08a,-10,80,Normal
2026-02-14 21:12:53.855727,Seoul-d08a,33,91,Normal
2026-02-14 21:12:54.855727,Seoul-d08a,-7,54,Normal
2026-02-14 21:12:55.855727,Seoul-d08a,33,39,Normal
2026-02-14 21:12:56.855727,Seoul-d08a,26,41,Normal
2026-02-14 21:12:57.855727,Seoul-d08a,17,49,Normal
2026-02-14 21:12:58.855727,Seoul-d08a,15,62,Normal
2026-02-14 21:12:59.855727,Seoul-d08a,-14,52,Normal
2026-02-14 21:13:00.855727,Seoul-d08a,49,70,Normal
2026-02-14 21:13:01.855727,Seoul-d08a,-27,72,Normal
2026-02-14 21:13:02.855727,Seoul-d08a,38,14,Normal
2026-02-14 21:13:03.855727,Seoul-d08a,-2,31,Normal
2026-02-14 21:13:04.855727,Seoul-d08a,-10,85,Normal
2026-02-14 21:13:05.855727,Seoul-d08a,-4,59,Normal
2026-02-14 21:13:06.855727,Seoul-d08a,8,41,Normal
2026-02-14 21:13:07.855727,Seoul-d08a,-25,83,Normal
2026-02-14 21:13:08.855727,Seoul-d08a,19,66,Normal
2026-02-14 21:13:09.855727,Seoul-d08a,41,55,Normal
2026-02-14 21:13:10.855727,Seoul-d08a,-23,4,Normal
2026-02-14 21:13:11.855727,Seoul-d08a,30,23,Normal
2026-02-14 21:13:12.855727,Seoul-d08a,13,85,Normal
2026-02-14 21:13:13.855727,Seoul-d08a,-30,8,Normal
2026-02-14 21:13:14.855727,Seoul-d08a,-16,31,Normal
2026-02-14 21:13:15.855727,Seoul-d08a,-30,98,Normal
2026-02-14 21:13:16.855727,Seoul-d08a,-19,14,Normal
2026-02-14 21:13:17.855727,Seoul-d08a,40,6,Normal
2026-02-14 21:13:18.855727,Seoul-d08a,46,52,Normal
2026-02-14 21:13:19.855727,Seoul-d08a,-22,7,Normal
2026-02-14 21:13:20.855727,Seoul-d08a,32,59,Normal
2026-02-14 21:13:21.855727,Seoul-d08a,23,26,Normal
2026-02-14 21:13:22.855727,Seoul-d08a,14,66,Normal
2026-02-14 21:13:23.855727,Seoul-d08a,6,31,Normal
2026-02-14 21:13:24.855727,Seoul-d08a,45,62,Normal
2026-02-14 21:13:25.855727,Seoul-d08a,-2,18,Normal
2026-02-14 21:13:26.855727,Seoul-d08a,5,8,Normal
2026-02-14 21:13:27.855727,Seoul-d08a,9,4,Normal
2026-02-14 21:13:28.855727,Seoul-d08a,9,19,Normal
2026-02-14 21:13:29.855727,Seoul-d08a,-6,5,Normal
2026-02-14 21:13:30.855727,Seoul-d08a,15,59,Normal
2026-02-14 21:13:31.855727,Seoul-d08a,13,58,Normal
2026-02-14 21:13:32.855727,Seoul-d08a,-5,96,Normal
2026-02-14 21:13:33.855727,Seoul-d08a,25,47,Normal
2026-02-14 21:13:34.855727,Seoul-d08a,-6,90,Normal
2026-02-14 21:13:35.855727,Seoul-d08a,37,59,Normal
2026-02-14 21:13:36.855727,Seoul-d08a,50,42,Normal
2026-02-14 21:13:37.855727,Seoul-d08a,37,91,Normal
2026-02-14 21:13:38.855727,Seoul-d08a,-12,72,Normal
2026-02-14 21:13:39.855727,Seoul-d08a,13,75,Normal
2026-02-14 21:13:40.855727,Seoul-d08a,43,48,Normal
2026-02-14 21:13:41.855727,Seoul-d08a,12,1,Normal
2026-02-14 21:13:42.855727,Seoul-d08a,9,40,Normal
2026-02-14 21:13:43.855727,Seoul-d08a,1,87,Normal
2026-02-14 21:13:44.855727,Seoul-d08a,35,38,Normal
2026-02-14 21:13:45.855727,Seoul-d08a,-7,27,Normal
2026-02-14 21:13:46.855727,Seoul-d08a,34,54,Normal
2026-02-14 21:13:47.855727,Seoul-d08a,36,50,Normal
2026-02-14 21:13:48.855727,Seoul-d08a,-2,49,Normal
2026-02-14 21:13:49.855727,Seoul-d08a,-4,65,Normal
2026-02-14 21:13:50.855727,Seoul-d08a,-5,97,Normal
2026-02-14 21:13:51.855727,Seoul-d08a,14,14,Normal
2026-02-14 21:13:52.855727,Seoul-d08a,45,67,Normal
2026-02-14 21:13:53.855727,Seoul-d08a,-21,14,Normal
2026-02-14 21:13:54.855727,Seoul-d08a,11,89,Normal
2026-02-14 21:13:55.855727,Seoul-d08a,14,20,Normal
2026-02-14 21:13:56.855727,Seoul-d08a,21,26,Normal
2026-02-14 21:13:57.855727,Seoul-d08a,-18,56,Normal
2026-02-14 21:13:58.855727,Seoul-d08a,36,15,Normal
2026-02-14 21:13:59.855727,Seoul-d08a,-16,33,Normal
2026-02-14 21:14:00.855727,Seoul-d08a,6,16,Normal
2026-02-14 21:14:01.855727,Seoul-d08a,-18,89,Normal
2026-02-14 21:14:02.855727,Seoul-d08a,-26,81,Normal
2026-02-14 21:14:03.855727,Seoul-d08a,20,48,Normal
2026-02-14 21:14:04.855727,Seoul-d08a,-6,70,Normal
2026-02-14 21:14:05.855727,Seoul-d08a,-24,82,Normal
2026-02-14 21:14:06.855727,Seoul-d08a,-4,24,Normal
2026-02-14 21:14:07.855727,Seoul-d08a,11,96,Normal
2026-02-14 21:14:08.855727,Seoul-d08a,40,50,Normal
2026-02-14 21:14:09.855727,Seoul-d08a,30,98,Normal
2026-02-14 21:14:10.855727,Seoul-d08a,-15,98,Normal
2026-02-14 21:14:11.855727,Seoul-d08a,12,59,Normal
2026-02-14 21:14:12.855727,Seoul-d08a,44,80,Normal
2026-02-14 21:14:13.855727,Seoul-d08a,27,72,Normal
2026-02-14 21:14:14.855727,Seoul-d08a,32,19,Normal
2026-02-14 21:14:15.855727,Seoul-d08a,44,16,Normal
2026-02-14 21:14:16.855727,Seoul-d08a,-22,99,Normal
2026-02-14 21:14:17.855727,Seoul-d08a,0,59,Normal
2026-02-14 21:14:18.855727,Seoul-d08a,24,67,Normal
2026-02-14 21:14:19.855727,Seoul-d08a,37,45,Normal
2026-02-14 21:14:20.855727,Seoul-d08a,38,10,Normal
2026-02-14 21:14:21.855727,Seoul-d08a,-11,79,Normal
2026-02-14 21:14:22.855727,Seoul-d08a,10,10,Normal
2026-02-14 21:14:23.855727,Seoul-d08a,-16,87,Normal
2026-02-14 21:14:24.855727,Seoul-d08a,-19,45,Normal
2026-02-14 21:14:25.855727,Seoul-d08a,16,5,Normal
2026-02-14 21:14:26.855727,Seoul-d08a,-8,34,Normal
2026-02-14 21:14:27.855727,Seoul-d08a,48,27,Normal
2026-02-14 21:14:28.855727,Seoul-d08a,27,7,Normal
2026-02-14 21:14:29.855727,Seoul-d08a,-26,67,Normal
2026-02-14 21:14:30.855727,Seoul-d08a,-26,78,Normal
2026-02-14 21:14:31.855727,Seoul-d08a,8,12,Normal
2026-02-14 21:14:32.855727,Seoul-d08a,-12,3,Normal
2026-02-14 21:14:33.855727,Seoul-d08a,2,46,Normal
2026-02-14 21:14:34.855727,Seoul-d08a,22,63,Normal
2026-02-14 21:14:35.855727,Seoul-d08a,-16,20,Normal
2026-02-14 21:14:36.855727,Seoul-d08a,-8,45,Normal
2026-02-14 21:14:37.855727,Seoul-d08a,41,43,Normal
2026-02-14 21:14:38.855727,Seoul-d08a,10,62,Normal
2026-02-14 21:14:39.855727,Seoul-d08a,-23,45,Normal
2026-02-14 21:14:40.855727,Seoul-d08a,26,0,Normal
2026-02-14 21:14:41.855727,Seoul-d08a,-8,60,Normal
2026-02-14 21:14:42.855727,Seoul-d08a,13,78,Normal
2026-02-14 21:14:43.855727,Seoul-d08a,-13,33,Normal
2026-02-14 21:14:44.855727,Seoul-d08a,-7,22,Normal
2026-02-14 21:14:45.855727,Seoul-d08a,20,76,Normal
2026-02-14 21:14:46.855727,Seoul-d08a,43,40,Normal
2026-02-14 21:14:47.855727,Seoul-d08a,27,70,Normal
2026-02-14 21:14:48.855727,Seoul-d08a,13,28,Normal
2026-02-14 21:14:49.855727,Seoul-d08a,20,6,Normal
2026-02-14 21:14:50.855727,Seoul-d08a,38,34,Normal
2026-02-14 21:14:51.855727,Seoul-d08a,-8,48,Normal
2026-02-14 21:14:52.855727,Seoul-d08a,24,94,Normal
2026-02-14 21:14:53.855727,Seoul-d08a,-6,53,Normal
2026-02-14 21:14:54.855727,Seoul-d08a,-3,14,Normal
2026-02-14 21:14:55.855727,Seoul-d08a,-16,60,Normal
2026-02-14 21:14:56.855727,Seoul-d08a,40,34,Normal
2026-02-14 21:14:57.855727,Seoul-d08a,27,37,Normal
2026-02-14 21:14:58.855727,Seoul-d08a,33,39,Normal
2026-02-14 21:14:59.855727,Seoul-d08a,-27,45,Normal
2026-02-14 21:15:00.855727,Seoul-d08a,-8,63,Normal
2026-02-14 21:15:01.855727,Seoul-d08a,14,80,Normal
2026-02-14 21:15:02.855727,Seoul-d08a,-11,75,Normal
2026-02-14 21:15:03.855727,Seoul-d08a,1,49,Normal
2026-02-14 21:15:04.855727,Seoul-d08a,12,98,Normal
2026-02-14 21:15:05.855727,Seoul-d08a,41,72,Normal
2026-02-14 21:15:06.855727,Seoul-d08a,-14,74,Normal
2026-02-14 21:15:07.855727,Seoul-d08a,-17,68,Normal
2026-02-14 21:15:08.855727,Seoul-d08a,11,95,Normal
2026-02-14 21:15:09.855727,Seoul-d08a,-10,60,Normal
2026-02-14 21:15:10.855727,Seoul-d08a,37,10,Normal
2026-02-14 21:15:11.855727,Seoul-d08a,16,54,Normal
2026-02-14 21:15:12.855727,Seoul-d08a,49,1,Normal
2026-02-14 21:15:13.855727,Seoul-d08a,0,6,Normal
2026-02-14 21:15:14.855727,Seoul-d08a,33,36,Normal
2026-02-14 21:15:15.855727,Seoul-d08a,43,56,Normal
2026-02-14 21:15:16.855727,Seoul-d08a,11,69,Normal
2026-02-14 21:15:17.855727,Seoul-d08a,-22,35,Normal
2026-02-14 21:15:18.855727,Seoul-d08a,11,83,Normal
2026-02-14 21:15:19.855727,Seoul-d08a,-30,14,Normal
2026-02-14 21:15:20.855727,Seoul-d08a,36,19,Normal
2026-02-14 21:15:21.855727,Seoul-d08a,8,58,Normal
2026-02-14 21:15:22.855727,Seoul-d08a,25,35,Normal
2026-02-14 21:15:23.855727,Seoul-d08a,-1,27,Normal
2026-02-14 21:15:24.855727,Seoul-d08a,9,59,Normal
2026-02-14 21:15:25.855727,Seoul-d08a,-2,74,Normal
2026-02-14 21:15:26.855727,Seoul-d08a,45,22,Normal
2026-02-14 21:15:27.855727,Seoul-d08a,-7,4,Normal
2026-02-14 21:15:28.855727,Seoul-d08a,-6,13,Normal
2026-02-14 21:15:29.855727,Seoul-d08a,43,36,Normal
2026-02-14 21:15:30.855727,Seoul-d08a,-18,92,Normal
2026-02-14 21:15:31.855727,Seoul-d08a,28,52,Normal
2026-02-14 21:15:32.855727,Seoul-d08a,20,27,Normal
2026-02-14 21:15:33.855727,Seoul-d08a,49,72,Normal
2026-02-14 21:15:34.855727,Seoul-d08a,-10,36,Normal
2026-02-14 21:15:35.855727,Seoul-d08a,46,27,Normal
2026-02-14 21:15:36.855727,Seoul-d08a,47,65,Normal
2026-02-14 21:15:37.855727,Seoul-d08a,40,46,Normal
2026-02-14 21:15:38.855727,Seoul-d08a,43,83,Normal
2026-02-14 21:15:39.855727,Seoul-d08a,4,92,Normal
2026-02-14 21:15:40.855727,Seoul-d08a,7,7,Normal
2026-02-14 21:15:41.855727,Seoul-d08a,28,21,Normal
2026-02-14 21:15:42.855727,Seoul-d08a,-12,62,Normal
2026-02-14 21:15:43.855727,Seoul-d08a,46,1,Normal
2026-02-14 21:15:44.855727,Seoul-d08a,-18,37,Normal
2026-02-14 21:15:45.855727,Seoul-d08a,15,77,Normal
2026-02-14 21:15:46.855727,Seoul-d08a,11,46,Normal
2026-02-14 21:15:47.855727,Seoul-d08a,27,2,Normal
2026-02-14 21:15:48.855727,Seoul-d08a,45,66,Normal
2026-02-14 21:15:49.855727,Seoul-d08a,-19,24,Normal
2026-02-14 21:15:50.855727,Seoul-d08a,28,93,Normal
2026-02-14 21:15:51.855727,Seoul-d08a,28,43,Normal
2026-02-14 21:15:52.855727,Seoul-d08a,-16,17,Normal
2026-02-14 21:15:53.855727,Seoul-d08a,24,70,Normal
2026-02-14 21:15:54.855727,Seoul-d08a,-9,38,Normal
2026-02-14 21:15:55.855727,Seoul-d08a,32,46,Normal
2026-02-14 21:15:56.855727,Seoul-d08a,-27,86,Normal
2026-02-14 21:15:57.855727,Seoul-d08a,21,71,Normal
2026-02-14 21:15:58.855727,Seoul-d08a,14,14,Normal
2026-02-14 21:15:59.855727,Seoul-d08a,-20,28,Normal
2026-02-14 21:16:00.855727,Seoul-d08a,28,52,Normal
2026-02-14 21:16:01.855727,Seoul-d08a,8,75,Normal
2026-02-14 21:16:02.855727,Seoul-d08a,7,73,Normal
2026-02-14 21:16:03.855727,Seoul-d08a,-25,19,Normal
2026-02-14 21:16:04.855727,Seoul-d08a,46,46,Normal
2026-02-14 21:16:05.855727,Seoul-d08a,26,69,Normal
2026-02-14 21:16:06.855727,Seoul-d08a,2,94,Normal
2026-02-14 21:16:07.855727,Seoul-d08a,38,40,Normal
2026-02-14 21:16:08.855727,Seoul-d08a,-24,43,Normal
2026-02-14 21:16:09.855727,Seoul-d08a,9,49,Normal
2026-02-14 21:16:10.855727,Seoul-d08a,-1,28,Normal
2026-02-14 21:16:11.855727,Seoul-d08a,-28,9,Normal
2026-02-14 21:16:12.855727,Seoul-d08a,-5,50,Normal
2026-02-14 21:16:13.855727,Seoul-d08a,-7,88,Normal
2026-02-14 21:16:14.855727,Seoul-d08a,42,66,Normal
2026-02-14 21:16:15.855727,Seoul-d08a,44,46,Normal
2026-02-14 21:16:16.855727,Seoul-d08a,41,1,Normal
2026-02-14 21:16:17.855727,Seoul-d08a,7,54,Normal
2026-02-14 21:16:18.855727,Seoul-d08a,-14,77,Normal
2026-02-14 21:16:19.855727,Seoul-d08a,0,66,Normal
2026-02-14 21:16:20.855727,Seoul-d08a,27,16,Normal
2026-02-14 21:16:21.855727,Seoul-d08a,34,75,Normal
2026-02-14 21:16:22.855727,Seoul-d08a,50,46,Normal
2026-02-14 21:16:23.855727,Seoul-d08a,-14,51,Normal
2026-02-14 21:16:24.855727,Seoul-d08a,28,67,Normal
2026-02-14 21:16:25.855727,Seoul-d08a,-29,66,Normal
2026-02-14 21:16:26.855727,Seoul-d08a,-27,53,Normal
2026-02-14 21:16:27.855727,Seoul-d08a,39,31,Normal
2026-02-14 21:16:28.855727,Seoul-d08a,29,3,Normal
2026-02-14 21:16:29.855727,Seoul-d08a,13,73,Normal
2026-02-14 21:16:30.855727,Seoul-d08a,-22,44,Normal
2026-02-14 21:16:31.855727,Seoul-d08a,42,23,Normal
2026-02-14 21:16:32.855727,Seoul-d08a,-8,49,Normal
2026-02-14 21:16:33.855727,Seoul-d08a,12,34,Normal
2026-02-14 21:16:34.855727,Seoul-d08a,-5,1,Normal
2026-02-14 21:16:35.855727,Seoul-d08a,21,9,Normal
2026-02-14 21:16:36.855727,Seoul-d08a,-3,75,Normal
2026-02-14 21:16:37.855727,Seoul-d08a,-30,67,Normal
2026-02-14 21:16:38.855727,Seoul-d08a,40,76,Normal
2026-02-14 21:16:39.855727,Seoul-d08a,26,2,Normal
2026-02-14 21:16:40.855727,Seoul-d08a,-5,4,Normal
2026-02-14 21:16:41.855727,Seoul-d08a,-28,17,Normal
2026-02-14 21:16:42.855727,Seoul-d08a,2,51,Normal
2026-02-14 21:16:43.855727,Seoul-d08a,10,26,Normal
2026-02-14 21:16:44.855727,Seoul-d08a,-4,79,Normal
2026-02-14 21:16:45.855727,Seoul-d08a,29,7,Normal
2026-02-14 21:16:46.855727,Seoul-d08a,24,77,Normal
2026-02-14 21:16:47.855727,Seoul-d08a,-26,1,Normal
2026-02-14 21:16:48.855727,Seoul-d08a,-8,98,Normal
2026-02-14 21:16:49.855727,Seoul-d08a,-11,10,Normal
2026-02-14 21:16:50.855727,Seoul-d08a,-17,32,Normal
2026-02-14 21:16:51.855727,Seoul-d08a,-23,8,Normal
2026-02-14 21:16:52.855727,Seoul-d08a,-15,45,Normal
2026-02-14 21:16:53.855727,Seoul-d08a,29,89,Normal
2026-02-14 21:16:54.855727,Seoul-d08a,-28,25,Normal
2026-02-14 21:16:55.855727,Seoul-d08a,33,48,Normal
2026-02-14 21:16:56.855727,Seoul-d08a,33,48,Normal
2026-02-14 21:16:57.855727,Seoul-d08a,-10,31,Normal
2026-02-14 21:16:58.855727,Seoul-d08a,10,1,Normal
2026-02-14 21:16:59.855727,Seoul-d08a,47,82,Normal
2026-02-14 21:17:00.855727,Seoul-d08a,14,36,Normal
2026-02-14 21:17:01.855727,Seoul-d08a,8,60,Normal
2026-02-14 21:17:02.855727,Seoul-d08a,17,16,Normal
2026-02-14 21:17:03.855727,Seoul-d08a,9,76,Normal
2026-02-14 21:17:04.855727,Seoul-d08a,-11,57,Normal
2026-02-14 21:17:05.855727,Seoul-d08a,33,27,Normal
2026-02-14 21:17:06.855727,Seoul-d08a,49,98,Normal
2026-02-14 21:17:07.855727,Seoul-d08a,-30,90,Normal
2026-02-14 21:17:08.855727,Seoul-d08a,-5,62,Normal
2026-02-14 21:17:09.855727,Seoul-d08a,33,39,Normal
2026-02-14 21:17:10.855727,Seoul-d08a,21,89,Normal
2026-02-14 21:17:11.855727,Seoul-d08a,-1,57,Normal
2026-02-14 21:17:12.855727,Seoul-d08a,-4,78,Normal
2026-02-14 21:17:13.855727,Seoul-d08a,45,76,Normal
2026-02-14 21:17:14.855727,Seoul-d08a,9,3,Normal
2026-02-14 21:17:15.855727,Seoul-d08a,24,44,Normal
2026-02-14 21:17:16.855727,Seoul-d08a,10,82,Normal
2026-02-14 21:17:17.855727,Seoul-d08a,27,82,Normal
2026-02-14 21:17:18.855727,Seoul-d08a,-25,67,Normal
2026-02-14 21:17:19.855727,Seoul-d08a,14,32,Normal
2026-02-14 21:17:20.855727,Seoul-d08a,4,63,Normal
2026-02-14 21:17:21.855727,Seoul-d08a,8,28,Normal
2026-02-14 21:17:22.855727,Seoul-d08a,39,60,Normal
2026-02-14 21:17:23.855727,Seoul-d08a,2,37,Normal
2026-02-14 21:17:24.855727,Seoul-d08a,50,69,Normal
2026-02-14 21:17:25.855727,Seoul-d08a,17,28,Normal
2026-02-14 21:17:26.855727,Seoul-d08a,5,41,Normal
2026-02-14 21:17:27.855727,Seoul-d08a,18,94,Normal
2026-02-14 21:17:28.855727,Seoul-d08a,33,34,Normal
2026-02-14 21:17:29.855727,Seoul-d08a,42,54,Normal
2026-02-14 21:17:30.855727,Seoul-d08a,-18,92,Normal
2026-02-14 21:17:31.855727,Seoul-d08a,-10,57,Normal
2026-02-14 21:17:32.855727,Seoul-d08a,-12,14,Normal
2026-02-14 21:17:33.855727,Seoul-d08a,22,34,Normal
2026-02-14 21:17:34.855727,Seoul-d08a,-23,46,Normal
2026-02-14 21:17:35.855727,Seoul-d08a,-18,48,Normal
2026-02-14 21:17:36.855727,Seoul-d08a,-22,17,Normal
2026-02-14 21:17:37.855727,Seoul-d08a,43,65,Normal
2026-02-14 21:17:38.855727,Seoul-d08a,-8,81,Normal
2026-02-14 21:17:39.855727,Seoul-d08a,-4,35,Normal
2026-02-14 21:17:40.855727,Seoul-d08a,47,7,Normal
2026-02-14 21:17:41.855727,Seoul-d08a,35,7,Normal
2026-02-14 21:17:42.855727,Seoul-d08a,25,59,Normal
2026-02-14 21:17:43.855727,Seoul-d08a,30,0,Normal
2026-02-14 21:17:44.855727,Seoul-d08a,36,69,Normal
2026-02-14 21:17:45.855727,Seoul-d08a,44,65,Normal
2026-02-14 21:17:46.855727,Seoul-d08a,43,37,Normal
2026-02-14 21:17:47.855727,Seoul-d08a,46,83,Normal
2026-02-14 21:17:48.855727,Seoul-d08a,-9,36,Normal
2026-02-14 21:17:49.855727,Seoul-d08a,-30,90,Normal
2026-02-14 21:17:50.855727,Seoul-d08a,49,82,Normal
2026-02-14 21:17:51.855727,Seoul-d08a,-9,6,Normal
2026-02-14 21:17:52.855727,Seoul-d08a,22,41,Normal
2026-02-14 21:17:53.855727,Seoul-d08a,-4,52,Normal
2026-02-14 21:17:54.855727,Seoul-d08a,9,23,Normal
2026-02-14 21:17:55.855727,Seoul-d08a,36,36,Normal
2026-02-14 21:17:56.855727,Seoul-d08a,12,87,Normal
2026-02-14 21:17:57.855727,Seoul-d08a,-17,30,Normal
2026-02-14 21:17:58.855727,Seoul-d08a,-29,41,Normal
2026-02-14 21:17:59.855727,Seoul-d08a,-12,9,Normal
2026-02-14 21:18:00.855727,Seoul-d08a,44,41,Normal
2026-02-14 21:18:01.855727,Seoul-d08a,-9,20,Normal
2026-02-14 21:18:02.855727,Seoul-d08a,25,91,Normal
2026-02-14 21:18:03.855727,Seoul-d08a,41,35,Normal
2026-02-14 21:18:04.855727,Seoul-d08a,-8,76,Normal
2026-02-14 21:18:05.855727,Seoul-d08a,6,3,Normal
2026-02-14 21:18:06.855727,Seoul-d08a,9,3,Normal
2026-02-14 21:18:07.855727,Seoul-d08a,5,89,Normal
2026-02-14 21:18:08.855727,Seoul-d08a,17,81,Normal
2026-02-14 21:18:09.855727,Seoul-d08a,1,56,Normal
2026-02-14 21:18:10.855727,Seoul-d08a,4,5,Normal
2026-02-14 21:18:11.855727,Seoul-d08a,11,66,Normal
2026-02-14 21:18:12.855727,Seoul-d08a,-1,13,Normal
2026-02-14 21:18:13.855727,Seoul-d08a,-28,78,Normal
2026-02-14 21:18:14.855727,Seoul-d08a,-28,55,Normal
2026-02-14 21:18:15.855727,Seoul-d08a,2,36,Normal
2026-02-14 21:18:16.855727,Seoul-d08a,-16,30,Normal
2026-02-14 21:18:17.855727,Seoul-d08a,15,80,Normal
2026-02-14 21:18:18.855727,Seoul-d08a,-28,19,Normal
2026-02-14 21:18:19.855727,Seoul-d08a,3,39,Normal
2026-02-14 21:18:20.855727,Seoul-d08a,-4,98,Normal
2026-02-14 21:18:21.855727,Seoul-d08a,6,31,Normal
2026-02-14 21:18:22.855727,Seoul-d08a,47,48,Normal
2026-02-14 21:18:23.855727,Seoul-d08a,34,27,Normal
2026-02-14 21:18:24.855727,Seoul-d08a,34,68,Normal
2026-02-14 21:18:25.855727,Seoul-d08a,-12,83,Normal
2026-02-14 21:18:26.855727,Seoul-d08a,-7,18,Normal
2026-02-14 21:18:27.855727,Seoul-d08a,-5,15,Normal
2026-02-14 21:18:28.855727,Seoul-d08a,-15,97,Normal
2026-02-14 21:18:29.855727,Seoul-d08a,-9,66,Normal
2026-02-14 21:18:30.855727,Seoul-d08a,37,34,Normal
2026-02-14 21:18:31.855727,Seoul-d08a,-27,73,Normal
2026-02-14 21:18:32.855727,Seoul-d08a,7,44,Normal
2026-02-14 21:18:33.855727,Seoul-d08a,-14,10,Normal
2026-02-14 21:18:34.855727,Seoul-d08a,46,73,Normal
2026-02-14 21:18:35.855727,Seoul-d08a,18,29,Normal
2026-02-14 21:18:36.855727,Seoul-d08a,34,60,Normal
2026-02-14 21:18:37.855727,Seoul-d08a,12,76,Normal
2026-02-14 21:18:38.855727,Seoul-d08a,-19,97,Normal
2026-02-14 21:18:39.855727,Seoul-d08a,0,23,Normal
2026-02-14 21:18:40.855727,Seoul-d08a,0,6,Normal
2026-02-14 21:18:41.855727,Seoul-d08a,-17,41,Normal
2026-02-14 21:18:42.855727,Seoul-d08a,24,64,Normal
2026-02-14 21:18:43.855727,Seoul-d08a,26,40,Normal
2026-02-14 21:18:44.855727,Seoul-d08a,40,5,Normal
2026-02-14 21:18:45.855727,Seoul-d08a,-22,50,Normal
2026-02-14 21:18:46.855727,Seoul-d08a,-18,63,Normal
2026-02-14 21:18:47.855727,Seoul-d08a,-29,77,Normal
2026-02-14 21:18:48.855727,Seoul-d08a,30,54,Normal
2026-02-14 21:18:49.855727,Seoul-d08a,31,74,Normal
2026-02-14 21:18:50.855727,Seoul-d08a,49,23,Normal
2026-02-14 21:18:51.855727,Seoul-d08a,1,14,Normal
2026-02-14 21:18:52.855727,Seoul-d08a,3,0,Normal
2026-02-14 21:18:53.855727,Seoul-d08a,-8,88,Normal
2026-02-14 21:18:54.855727,Seoul-d08a,7,69,Normal
2026-02-14 21:18:55.855727,Seoul-d08a,42,26,Normal
2026-02-14 21:18:56.855727,Seoul-d08a,3,94,Normal
2026-02-14 21:18:57.855727,Seoul-d08a,7,48,Normal
2026-02-14 21:18:58.855727,Seoul-d08a,-1,54,Normal
2026-02-14 21:18:59.855727,Seoul-d08a,18,42,Normal
2026-02-14 21:19:00.855727,Seoul-d08a,-28,39,Normal
2026-02-14 21:19:01.855727,Seoul-d08a,32,72,Normal
2026-02-14 21:19:02.855727,Seoul-d08a,9,37,Normal
2026-02-14 21:19:03.855727,Seoul-d08a,49,38,Normal
2026-02-14 21:19:04.855727,Seoul-d08a,1,68,Normal
2026-02-14 21:19:05.855727,Seoul-d08a,24,92,Normal
2026-02-14 21:19:06.855727,Seoul-d08a,10,82,Normal
2026-02-14 21:19:07.855727,Seoul-d08a,6,97,Normal
2026-02-14 21:19:08.855727,Seoul-d08a,30,11,Normal
2026-02-14 21:19:09.855727,Seoul-d08a,-26,78,Normal
2026-02-14 21:19:10.855727,Seoul-d08a,-4,8,Normal
2026-02-14 21:19:11.855727,Seoul-d08a,8,86,Normal
2026-02-14 21:19:12.855727,Seoul-d08a,-22,91,Normal
2026-02-14 21:19:13.855727,Seoul-d08a,5,21,Normal
2026-02-14 21:19:14.855727,Seoul-d08a,17,11,Normal
2026-02-14 21:19:15.855727,Seoul-d08a,39,81,Normal
2026-02-14 21:19:16.855727,Seoul-d08a,45,17,Normal
2026-02-14 21:19:17.855727,Seoul-d08a,10,28,Normal
2026-02-14 21:19:18.855727,Seoul-d08a,-27,1,Normal
2026-02-14 21:19:19.855727,Seoul-d08a,-21,7,Normal
2026-02-14 21:19:20.855727,Seoul-d08a,1,57,Normal
2026-02-14 21:19:21.855727,Seoul-d08a,-11,64,Normal
2026-02-14 21:19:22.855727,Seoul-d08a,29,79,Normal
2026-02-14 21:19:23.855727,Seoul-d08a,21,86,Normal
2026-02-14 21:19:24.855727,Seoul-d08a,9,56,Normal
2026-02-14 21:19:25.855727,Seoul-d08a,-25,9,Normal
2026-02-14 21:19:26.855727,Seoul-d08a,21,53,Normal
2026-02-14 21:19:27.855727,Seoul-d08a,39,62,Normal
2026-02-14 21:19:28.855727,Seoul-d08a,-30,51,Normal
2026-02-14 21:19:29.855727,Seoul-d08a,25,62,Normal
2026-02-14 21:19:30.855727,Seoul-d08a,-14,1,Normal
2026-02-14 21:19:31.855727,Seoul-d08a,-17,76,Normal
2026-02-14 21:19:32.855727,Seoul-d08a,-2,12,Normal
2026-02-14 21:19:33.855727,Seoul-d08a,23,18,Normal
2026-02-14 21:19:34.855727,Seoul-d08a,-2,67,Normal
2026-02-14 21:19:35.855727,Seoul-d08a,10,59,Normal
2026-02-14 21:19:36.855727,Seoul-d08a,-6,84,Normal
2026-02-14 21:19:37.855727,Seoul-d08a,27,27,Normal
2026-02-14 21:19:38.855727,Seoul-d08a,16,27,Normal
2026-02-14 21:19:39.855727,Seoul-d08a,38,82,Normal
2026-02-14 21:19:40.855727,Seoul-d08a,30,22,Normal
2026-02-14 21:19:41.855727,Seoul-d08a,-21,83,Normal
2026-02-14 21:19:42.855727,Seoul-d08a,22,32,Normal
2026-02-14 21:19:43.855727,Seoul-d08a,31,12,Normal
2026-02-14 21:19:44.855727,Seoul-d08a,-19,26,Normal
2026-02-14 21:19:45.855727,Seoul-d08a,1,65,Normal
2026-02-14 21:19:46.855727,Seoul-d08a,4,29,Normal
2026-02-14 21:19:47.855727,Seoul-d08a,10,11,Normal
2026-02-14 21:19:48.855727,Seoul-d08a,-3,30,Normal
2026-02-14 21:19:49.855727,Seoul-d08a,10,95,Normal
2026-02-14 21:19:50.855727,Seoul-d08a,-17,18,Normal
2026-02-14 21:19:51.855727,Seoul-d08a,33,39,Normal
2026-02-14 21:19:52.855727,Seoul-d08a,-5,45,Normal
2026-02-14 21:19:53.855727,Seoul-d08a,39,66,Normal
2026-02-14 21:19:54.855727,Seoul-d08a,-7,39,Normal
2026-02-14 21:19:55.855727,Seoul-d08a,-5,8,Normal
2026-02-14 21:19:56.855727,Seoul-d08a,29,20,Normal
2026-02-14 21:19:57.855727,Seoul-d08a,-27,22,Normal
2026-02-14 21:19:58.855727,Seoul-d08a,17,89,Normal
2026-02-14 21:19:59.855727,Seoul-d08a,-11,9,Normal
2026-02-14 21:20:00.855727,Seoul-d08a,-2,1,Normal
2026-02-14 21:20:01.855727,Seoul-d08a,-11,48,Normal
2026-02-14 21:20:02.855727,Seoul-d08a,9,37,Normal
2026-02-14 21:20:03.855727,Seoul-d08a,-8,68,Normal
2026-02-14 21:20:04.855727,Seoul-d08a,23,38,Normal
2026-02-14 21:20:05.855727,Seoul-d08a,20,1,Normal
2026-02-14 21:20:06.855727,Seoul-d08a,-28,63,Normal
2026-02-14 21:20:07.855727,Seoul-d08a,-5,11,Normal
2026-02-14 21:20:08.855727,Seoul-d08a,-3,21,Normal
2026-02-14 21:20:09.855727,Seoul-d08a,-16,8,Normal
2026-02-14 21:20:10.855727,Seoul-d08a,48,89,Normal
2026-02-14 21:20:11.855727,Seoul-d08a,-12,23,Normal
2026-02-14 21:20:12.855727,Seoul-d08a,2,27,Normal
2026-02-14 21:20:13.855727,Seoul-d08a,-18,44,Normal
2026-02-14 21:20:14.855727,Seoul-d08a,-15,50,Normal
2026-02-14 21:20:15.855727,Seoul-d08a,34,16,Normal
2026-02-14 21:20:16.855727,Seoul-d08a,10,19,Normal
2026-02-14 21:20:17.855727,Seoul-d08a,21,76,Normal
2026-02-14 21:20:18.855727,Seoul-d08a,32,19,Normal
2026-02-14 21:20:19.855727,Seoul-d08a,-29,45,Normal
2026-02-14 21:20:20.855727,Seoul-d08a,36,83,Normal
2026-02-14 21:20:21.855727,Seoul-d08a,50,96,Normal
2026-02-14 21:20:22.855727,Seoul-d08a,-4,15,Normal
2026-02-14 21:20:23.855727,Seoul-d08a,-15,47,Normal
2026-02-14 21:20:24.855727,Seoul-d08a,18,28,Normal
2026-02-14 21:20:25.855727,Seoul-d08a,40,57,Normal
2026-02-14 21:20:26.855727,Seoul-d08a,10,11,Normal
2026-02-14 21:20:27.855727,Seoul-d08a,8,40,Normal
2026-02-14 21:20:28.855727,Seoul-d08a,-4,85,Normal
2026-02-14 21:20:29.855727,Seoul-d08a,22,22,Normal
2026-02-14 21:20:30.855727,Seoul-d08a,31,52,Normal
2026-02-14 21:20:31.855727,Seoul-d08a,-23,7,Normal
2026-02-14 21:20:32.855727,Seoul-d08a,-17,12,Normal
2026-02-14 21:20:33.855727,Seoul-d08a,-4,34,Normal
2026-02-14 21:20:34.855727,Seoul-d08a,40,64,Normal
2026-02-14 21:20:35.855727,Seoul-d08a,27,19,Normal
2026-02-14 21:20:36.855727,Seoul-d08a,24,47,Normal
2026-02-14 21:20:37.855727,Seoul-d08a,-1,64,Normal
2026-02-14 21:20:38.855727,Seoul-d08a,-12,44,Normal
2026-02-14 21:20:39.855727,Seoul-d08a,-7,92,Normal
2026-02-14 21:20:40.855727,Seoul-d08a,-11,53,Normal
2026-02-14 21:20:41.855727,Seoul-d08a,14,90,Normal
2026-02-14 21:20:42.855727,Seoul-d08a,-21,74,Normal
2026-02-14 21:20:43.855727,Seoul-d08a,24,1,Normal
2026-02-14 21:20:44.855727,Seoul-d08a,18,36,Normal
2026-02-14 21:20:45.855727,Seoul-d08a,-19,5,Normal
2026-02-14 21:20:46.855727,Seoul-d08a,9,4,Normal
2026-02-14 21:20:47.855727,Seoul-d08a,-16,39,Normal
2026-02-14 21:20:48.855727,Seoul-d08a,-4,57,Normal
2026-02-14 21:20:49.855727,Seoul-d08a,-21,83,Normal
2026-02-14 21:20:50.855727,Seoul-d08a,-1,26,Normal
2026-02-14 21:20:51.855727,Seoul-d08a,-4,9,Normal
2026-02-14 21:20:52.855727,Seoul-d08a,30,20,Normal
2026-02-14 21:20:53.855727,Seoul-d08a,6,94,Normal
2026-02-14 21:20:54.855727,Seoul-d08a,-17,95,Normal
2026-02-14 21:20:55.855727,Seoul-d08a,-6,69,Normal
2026-02-14 21:20:56.855727,Seoul-d08a,38,8,Normal
2026-02-14 21:20:57.855727,Seoul-d08a,-21,32,Normal
2026-02-14 21:20:58.855727,Seoul-d08a,-15,25,Normal
2026-02-14 21:20:59.855727,Seoul-d08a,20,91,Normal
2026-02-14 21:21:00.855727,Seoul-d08a,35,94,Normal
2026-02-14 21:21:01.855727,Seoul-d08a,-3,17,Normal
2026-02-14 21:21:02.855727,Seoul-d08a,-30,95,Normal
2026-02-14 21:21:03.855727,Seoul-d08a,-11,65,Normal
2026-02-14 21:21:04.855727,Seoul-d08a,28,78,Normal
2026-02-14 21:21:05.855727,Seoul-d08a,1,30,Normal
2026-02-14 21:21:06.855727,Seoul-d08a,33,20,Normal
2026-02-14 21:21:07.855727,Seoul-d08a,23,90,Normal
2026-02-14 21:21:08.855727,Seoul-d08a,-21,58,Normal
2026-02-14 21:21:09.855727,Seoul-d08a,6,98,Normal
2026-02-14 21:21:10.855727,Seoul-d08a,4,57,Normal
2026-02-14 21:21:11.855727,Seoul-d08a,40,87,Normal
2026-02-14 21:21:12.855727,Seoul-d08a,19,52,Normal
2026-02-14 21:21:13.855727,Seoul-d08a,45,56,Normal
2026-02-14 21:21:14.855727,Seoul-d08a,28,16,Normal
2026-02-14 21:21:15.855727,Seoul-d08a,22,62,Normal
2026-02-14 21:21:16.855727,Seoul-d08a,-15,5,Normal
2026-02-14 21:21:17.855727,Seoul-d08a,36,78,Normal
2026-02-14 21:21:18.855727,Seoul-d08a,28,90,Normal
2026-02-14 21:21:19.855727,Seoul-d08a,18,97,Normal
2026-02-14 21:21:20.855727,Seoul-d08a,49,34,Normal
2026-02-14 21:21:21.855727,Seoul-d08a,46,9,Normal
2026-02-14 21:21:22.855727,Seoul-d08a,-3,62,Normal
2026-02-14 21:21:23.855727,Seoul-d08a,-29,37,Normal
2026-02-14 21:21:24.855727,Seoul-d08a,36,94,Normal
2026-02-14 21:21:25.855727,Seoul-d08a,1,7,Normal
2026-02-14 21:21:26.855727,Seoul-d08a,-8,85,Normal
2026-02-14 21:21:27.855727,Seoul-d08a,14,38,Normal
2026-02-14 21:21:28.855727,Seoul-d08a,22,75,Normal
2026-02-14 21:21:29.855727,Seoul-d08a,36,30,Normal
2026-02-14 21:21:30.855727,Seoul-d08a,-30,45,Normal
2026-02-14 21:21:31.855727,Seoul-d08a,34,91,Normal
2026-02-14 21:21:32.855727,Seoul-d08a,40,99,Normal
2026-02-14 21:21:33.855727,Seoul-d08a,16,79,Normal
2026-02-14 21:21:34.855727,Seoul-d08a,43,62,Normal
2026-02-14 21:21:35.855727,Seoul-d08a,-27,87,Normal
2026-02-14 21:21:36.855727,Seoul-d08a,-13,68,Normal
2026-02-14 21:21:37.855727,Seoul-d08a,13,26,Normal
2026-02-14 21:21:38.855727,Seoul-d08a,49,79,Normal
2026-02-14 21:21:39.855727,Seoul-d08a,14,87,Normal
2026-02-14 21:21:40.855727,Seoul-d08a,2,81,Normal
2026-02-14 21:21:41.855727,Seoul-d08a,33,12,Normal
2026-02-14 21:21:42.855727,Seoul-d08a,-29,97,Normal
2026-02-14 21:21:43.855727,Seoul-d08a,48,10,Normal
2026-02-14 21:21:44.855727,Seoul-d08a,27,18,Normal
2026-02-14 21:21:45.855727,Seoul-d08a,0,89,Normal
2026-02-14 21:21:46.855727,Seoul-d08a,33,92,Normal
2026-02-14 21:21:47.855727,Seoul-d08a,47,75,Normal
2026-02-14 21:21:48.855727,Seoul-d08a,37,14,Normal
2026-02-14 21:21:49.855727,Seoul-d08a,25,38,Normal
2026-02-14 21:21:50.855727,Seoul-d08a,-16,46,Normal
2026-02-14 21:21:51.855727,Seoul-d08a,7,62,Normal
2026-02-14 21:21:52.855727,Seoul-d08a,20,62,Normal
2026-02-14 21:21:53.855727,Seoul-d08a,31,54,Normal
2026-02-14 21:21:54.855727,Seoul-d08a,-16,13,Normal
2026-02-14 21:21:55.855727,Seoul-d08a,20,13,Normal
2026-02-14 21:21:56.855727,Seoul-d08a,29,31,Normal
2026-02-14 21:21:57.855727,Seoul-d08a,3,89,Normal
2026-02-14 21:21:58.855727,Seoul-d08a,0,74,Normal
2026-02-14 21:21:59.855727,Seoul-d08a,39,93,Normal
2026-02-14 21:22:00.855727,Seoul-d08a,6,90,Normal
2026-02-14 21:22:01.855727,Seoul-d08a,7,21,Normal
2026-02-14 21:22:02.855727,Seoul-d08a,6,85,Normal
2026-02-14 21:22:03.855727,Seoul-d08a,21,14,Normal
2026-02-14 21:22:04.855727,Seoul-d08a,18,26,Normal
2026-02-14 21:22:05.855727,Seoul-d08a,-28,95,Normal
2026-02-14 21:22:06.855727,Seoul-d08a,24,30,Normal
2026-02-14 21:22:07.855727,Seoul-d08a,-19,65,Normal
2026-02-14 21:22:08.855727,Seoul-d08a,13,0,Normal
2026-02-14 21:22:09.855727,Seoul-d08a,14,96,Normal
2026-02-14 21:22:10.855727,Seoul-d08a,-28,38,Normal
2026-02-14 21:22:11.855727,Seoul-d08a,-18,39,Normal
2026-02-14 21:22:12.855727,Seoul-d08a,0,29,Normal
2026-02-14 21:22:13.855727,Seoul-d08a,-3,3,Normal
2026-02-14 21:22:14.855727,Seoul-d08a,-7,41,Normal
2026-02-14 21:22:15.855727,Seoul-d08a,25,74,Normal
2026-02-14 21:22:16.855727,Seoul-d08a,-29,44,Normal
2026-02-14 21:22:17.855727,Seoul-d08a,-17,37,Normal
2026-02-14 21:22:18.855727,Seoul-d08a,-10,69,Normal
2026-02-14 21:22:19.855727,Seoul-d08a,21,38,Normal
2026-02-14 21:22:20.855727,Seoul-d08a,3,52,Normal
2026-02-14 21:22:21.855727,Seoul-d08a,-11,81,Normal
2026-02-14 21:22:22.855727,Seoul-d08a,-6,33,Normal
2026-02-14 21:22:23.855727,Seoul-d08a,44,89,Normal
2026-02-14 21:22:24.855727,Seoul-d08a,-16,100,Normal
2026-02-14 21:22:25.855727,Seoul-d08a,18,70,Normal
2026-02-14 21:22:26.855727,Seoul-d08a,38,31,Normal
2026-02-14 21:22:27.855727,Seoul-d08a,-8,87,Normal
2026-02-14 21:22:28.855727,Seoul-d08a,25,56,Normal
2026-02-14 21:22:29.855727,Seoul-d08a,-16,35,Normal
2026-02-14 21:22:30.855727,Seoul-d08a,-22,74,Normal
2026-02-14 21:22:31.855727,Seoul-d08a,14,59,Normal
2026-02-14 21:22:32.855727,Seoul-d08a,-17,79,Normal
2026-02-14 21:22:33.855727,Seoul-d08a,9,21,Normal
2026-02-14 21:22:34.855727,Seoul-d08a,-18,42,Normal
2026-02-14 21:22:35.855727,Seoul-d08a,23,45,Normal
2026-02-14 21:22:36.855727,Seoul-d08a,34,96,Normal
2026-02-14 21:22:37.855727,Seoul-d08a,23,48,Normal
2026-02-14 21:22:38.855727,Seoul-d08a,37,2,Normal
2026-02-14 21:22:39.855727,Seoul-d08a,-7,7,Normal
2026-02-14 21:22:40.855727,Seoul-d08a,-21,97,Normal
2026-02-14 21:22:41.855727,Seoul-d08a,16,91,Normal
2026-02-14 21:22:42.855727,Seoul-d08a,28,84,Normal
2026-02-14 21:22:43.855727,Seoul-d08a,-10,50,Normal
2026-02-14 21:22:44.855727,Seoul-d08a,48,77,Normal
2026-02-14 21:22:45.855727,Seoul-d08a,35,3,Normal
2026-02-14 21:22:46.855727,Seoul-d08a,-26,50,Normal
2026-02-14 21:22:47.855727,Seoul-d08a,3,59,Normal
2026-02-14 21:22:48.855727,Seoul-d08a,12,20,Normal
2026-02-14 21:22:49.855727,Seoul-d08a,-10,15,Normal
2026-02-14 21:22:50.855727,Seoul-d08a,16,69,Normal
2026-02-14 21:22:51.855727,Seoul-d08a,3,67,Normal
2026-02-14 21:22:52.855727,Seoul-d08a,-6,70,Normal
2026-02-14 21:22:53.855727,Seoul-d08a,5,56,Normal
2026-02-14 21:22:54.855727,Seoul-d08a,24,87,Normal
2026-02-14 21:22:55.855727,Seoul-d08a,8,87,Normal
2026-02-14 21:22:56.855727,Seoul-d08a,30,84,Normal
2026-02-14 21:22:57.855727,Seoul-d08a,38,12,Normal
2026-02-14 21:22:58.855727,Seoul-d08a,-22,44,Normal
2026-02-14 21:22:59.855727,Seoul-d08a,31,38,Normal
2026-02-14 21:23:00.855727,Seoul-d08a,20,74,Normal
2026-02-14 21:23:01.855727,Seoul-d08a,-24,55,Normal
2026-02-14 21:23:02.855727,Seoul-d08a,18,33,Normal
2026-02-14 21:23:03.855727,Seoul-d08a,38,49,Normal
2026-02-14 21:23:04.855727,Seoul-d08a,-19,14,Normal
2026-02-14 21:23:05.855727,Seoul-d08a,13,96,Normal
2026-02-14 21:23:06.855727,Seoul-d08a,34,17,Normal
2026-02-14 21:23:07.855727,Seoul-d08a,32,53,Normal
2026-02-14 21:23:08.855727,Seoul-d08a,2,89,Normal
2026-02-14 21:23:09.855727,Seoul-d08a,25,26,Normal
2026-02-14 21:23:10.855727,Seoul-d08a,-29,17,Normal
2026-02-14 21:23:11.855727,Seoul-d08a,36,73,Normal
2026-02-14 21:23:12.855727,Seoul-d08a,-7,95,Normal
2026-02-14 21:23:13.855727,Seoul-d08a,12,75,Normal
2026-02-14 21:23:14.855727,Seoul-d08a,9,98,Normal
2026-02-14 21:23:15.855727,Seoul-d08a,33,71,Normal
2026-02-14 21:23:16.855727,Seoul-d08a,-16,18,Normal
2026-02-14 21:23:17.855727,Seoul-d08a,21,90,Normal
2026-02-14 21:23:18.855727,Seoul-d08a,14,63,Normal
2026-02-14 21:23:19.855727,Seoul-d08a,32,64,Normal
2026-02-14 21:23:20.855727,Seoul-d08a,12,34,Normal
2026-02-14 21:23:21.855727,Seoul-d08a,22,87,Normal
2026-02-14 21:23:22.855727,Seoul-d08a,43,75,Normal
2026-02-14 21:23:23.855727,Seoul-d08a,-21,64,Normal
2026-02-14 21:23:24.855727,Seoul-d08a,1,15,Normal
2026-02-14 21:23:25.855727,Seoul-d08a,48,76,Normal
2026-02-14 21:23:26.855727,Seoul-d08a,39,58,Normal
2026-02-14 21:23:27.855727,Seoul-d08a,12,77,Normal
2026-02-14 21:23:28.855727,Seoul-d08a,35,93,Normal
2026-02-14 21:23:29.855727,Seoul-d08a,44,11,Normal
2026-02-14 21:23:30.855727,Seoul-d08a,7,5,Normal
2026-02-14 21:23:31.855727,Seoul-d08a,1,71,Normal
2026-02-14 21:23:32.855727,Seoul-d08a,49,52,Normal
2026-02-14 21:23:33.855727,Seoul-d08a,37,30,Normal
2026-02-14 21:23:34.855727,Seoul-d08a,34,26,Normal
2026-02-14 21:23:35.855727,Seoul-d08a,-11,8,Normal
2026-02-14 21:23:36.855727,Seoul-d08a,46,1,Normal
2026-02-14 21:23:37.855727,Seoul-d08a,-3,56,Normal
2026-02-14 21:23:38.855727,Seoul-d08a,-6,20,Normal
2026-02-14 21:23:39.855727,Seoul-d08a,39,77,Normal
2026-02-14 21:23:40.855727,Seoul-d08a,16,89,Normal
2026-02-14 21:23:41.855727,Seoul-d08a,-8,90,Normal
2026-02-14 21:23:42.855727,Seoul-d08a,-16,85,Normal
2026-02-14 21:23:43.855727,Seoul-d08a,24,91,Normal
2026-02-14 21:23:44.855727,Seoul-d08a,-23,75,Normal
2026-02-14 21:23:45.855727,Seoul-d08a,-6,65,Normal
2026-02-14 21:23:46.855727,Seoul-d08a,-24,51,Normal
2026-02-14 21:23:47.855727,Seoul-d08a,40,45,Normal
2026-02-14 21:23:48.855727,Seoul-d08a,26,98,Normal
2026-02-14 21:23:49.855727,Seoul-d08a,13,14,Normal
2026-02-14 21:23:50.855727,Seoul-d08a,-17,71,Normal
2026-02-14 21:23:51.855727,Seoul-d08a,36,69,Normal
2026-02-14 21:23:52.855727,Seoul-d08a,32,1,Normal
2026-02-14 21:23:53.855727,Seoul-d08a,21,28,Normal
2026-02-14 21:23:54.855727,Seoul-d08a,49,97,Normal
2026-02-14 21:23:55.855727,Seoul-d08a,-16,4,Normal
2026-02-14 21:23:56.855727,Seoul-d08a,-25,96,Normal
2026-02-14 21:23:57.855727,Seoul-d08a,49,81,Normal
2026-02-14 21:23:58.855727,Seoul-d08a,2,14,Normal
2026-02-14 21:23:59.855727,Seoul-d08a,-22,49,Normal
2026-02-14 21:24:00.855727,Seoul-d08a,-7,61,Normal
2026-02-14 21:24:01.855727,Seoul-d08a,-21,65,Normal
2026-02-14 21:24:02.855727,Seoul-d08a,22,28,Normal
2026-02-14 21:24:03.855727,Seoul-d08a,43,24,Normal
2026-02-14 21:24:04.855727,Seoul-d08a,-10,34,Normal
2026-02-14 21:24:05.855727,Seoul-d08a,8,19,Normal
2026-02-14 21:24:06.855727,Seoul-d08a,39,0,Normal
2026-02-14 21:24:07.855727,Seoul-d08a,8,92,Normal
2026-02-14 21:24:08.855727,Seoul-d08a,-29,89,Normal
2026-02-14 21:24:09.855727,Seoul-d08a,-6,41,Normal
2026-02-14 21:24:10.855727,Seoul-d08a,6,58,Normal
2026-02-14 21:24:11.855727,Seoul-d08a,45,73,Normal
2026-02-14 21:24:12.855727,Seoul-d08a,-1,0,Normal
2026-02-14 21:24:13.855727,Seoul-d08a,-19,32,Normal
2026-02-14 21:24:14.855727,Seoul-d08a,43,61,Normal
2026-02-14 21:24:15.855727,Seoul-d08a,4,80,Normal
2026-02-14 21:24:16.855727,Seoul-d08a,21,83,Normal
2026-02-14 21:24:17.855727,Seoul-d08a,-1,26,Normal
2026-02-14 21:24:18.855727,Seoul-d08a,42,93,Normal
2026-02-14 21:24:19.855727,Seoul-d08a,-24,49,Normal
2026-02-14 21:24:20.855727,Seoul-d08a,-14,45,Normal
2026-02-14 21:24:21.855727,Seoul-d08a,-22,48,Normal
2026-02-14 21:24:22.855727,Seoul-d08a,16,38,Normal
2026-02-14 21:24:23.855727,Seoul-d08a,41,78,Normal
2026-02-14 21:24:24.855727,Seoul-d08a,40,76,Normal
2026-02-14 21:24:25.855727,Seoul-d08a,45,78,Normal
2026-02-14 21:24:26.855727,Seoul-d08a,10,83,Normal
2026-02-14 21:24:27.855727,Seoul-d08a,37,2,Normal
2026-02-14 21:24:28.855727,Seoul-d08a,33,80,Normal
2026-02-14 21:24:29.855727,Seoul-d08a,17,90,Normal
2026-02-14 21:24:30.855727,Seoul-d08a,1,6,Normal
2026-02-14 21:24:31.855727,Seoul-d08a,-18,70,Normal
2026-02-14 21:24:32.855727,Seoul-d08a,2,45,Normal
2026-02-14 21:24:33.855727,Seoul-d08a,43,11,Normal
2026-02-14 21:24:34.855727,Seoul-d08a,-22,32,Normal
2026-02-14 21:24:35.855727,Seoul-d08a,43,56,Normal
2026-02-14 21:24:36.855727,Seoul-d08a,0,63,Normal
2026-02-14 21:24:37.855727,Seoul-d08a,33,91,Normal
2026-02-14 21:24:38.855727,Seoul-d08a,36,37,Normal
2026-02-14 21:24:39.855727,Seoul-d08a,32,20,Normal
2026-02-14 21:24:40.855727,Seoul-d08a,-22,70,Normal
2026-02-14 21:24:41.855727,Seoul-d08a,14,36,Normal
2026-02-14 21:24:42.855727,Seoul-d08a,39,67,Normal
2026-02-14 21:24:43.855727,Seoul-d08a,21,98,Normal
2026-02-14 21:24:44.855727,Seoul-d08a,15,11,Normal
2026-02-14 21:24:45.855727,Seoul-d08a,-4,18,Normal
2026-02-14 21:24:46.855727,Seoul-d08a,-26,11,Normal
2026-02-14 21:24:47.855727,Seoul-d08a,-1,3,Normal
2026-02-14 21:24:48.855727,Seoul-d08a,40,41,Normal
2026-02-14 21:24:49.855727,Seoul-d08a,23,73,Normal
2026-02-14 21:24:50.855727,Seoul-d08a,-23,66,Normal
2026-02-14 21:24:51.855727,Seoul-d08a,-29,87,Normal
2026-02-14 21:24:52.855727,Seoul-d08a,-28,93,Normal
2026-02-14 21:24:53.855727,Seoul-d08a,-20,66,Normal
2026-02-14 21:24:54.855727,Seoul-d08a,26,54,Normal
2026-02-14 21:24:55.855727,Seoul-d08a,-2,99,Normal
2026-02-14 21:24:56.855727,Seoul-d08a,28,10,Normal
2026-02-14 21:24:57.855727,Seoul-d08a,45,31,Normal
2026-02-14 21:24:58.855727,Seoul-d08a,28,85,Normal
2026-02-14 21:24:59.855727,Seoul-d08a,28,5,Normal
2026-02-14 21:25:00.855727,Seoul-d08a,-16,49,Normal
2026-02-14 21:25:01.855727,Seoul-d08a,21,40,Normal
2026-02-14 21:25:02.855727,Seoul-d08a,8,99,Normal
2026-02-14 21:25:03.855727,Seoul-d08a,16,24,Normal
2026-02-14 21:25:04.855727,Seoul-d08a,2,35,Normal
2026-02-14 21:25:05.855727,Seoul-d08a,50,74,Normal
2026-02-14 21:25:06.855727,Seoul-d08a,-16,58,Normal
2026-02-14 21:25:07.855727,Seoul-d08a,-25,85,Normal
2026-02-14 21:25:08.855727,Seoul-d08a,47,84,Normal
2026-02-14 21:25:09.855727,Seoul-d08a,-14,24,Normal
2026-02-14 21:25:10.855727,Seoul-d08a,27,19,Normal
2026-02-14 21:25:11.855727,Seoul-d08a,-19,84,Normal
2026-02-14 21:25:12.855727,Seoul-d08a,16,3,Normal
2026-02-14 21:25:13.855727,Seoul-d08a,-25,10,Normal
2026-02-14 21:25:14.855727,Seoul-d08a,50,12,Normal
2026-02-14 21:25:15.855727,Seoul-d08a,30,68,Normal
2026-02-14 21:25:16.855727,Seoul-d08a,38,51,Normal
2026-02-14 21:25:17.855727,Seoul-d08a,-25,34,Normal
2026-02-14 21:25:18.855727,Seoul-d08a,6,57,Normal
2026-02-14 21:25:19.855727,Seoul-d08a,30,39,Normal
2026-02-14 21:25:20.855727,Seoul-d08a,25,72,Normal
2026-02-14 21:25:21.855727,Seoul-d08a,39,58,Normal
2026-02-14 21:25:22.855727,Seoul-d08a,36,95,Normal
2026-02-14 21:25:23.855727,Seoul-d08a,0,7,Normal
2026-02-14 21:25:24.855727,Seoul-d08a,42,59,Normal
2026-02-14 21:25:25.855727,Seoul-d08a,18,51,Normal
2026-02-14 21:25:26.855727,Seoul-d08a,31,97,Normal
2026-02-14 21:25:27.855727,Seoul-d08a,-13,42,Normal
2026-02-14 21:25:28.855727,Seoul-d08a,40,33,Normal
2026-02-14 21:25:29.855727,Seoul-d08a,-2,28,Normal
2026-02-14 21:25:30.855727,Seoul-d08a,20,56,Normal
2026-02-14 21:25:31.855727,Seoul-d08a,18,41,Normal
2026-02-14 21:25:32.855727,Seoul-d08a,10,98,Normal
2026-02-14 21:25:33.855727,Seoul-d08a,-19,9,Normal
2026-02-14 21:25:34.855727,Seoul-d08a,-4,9,Normal
2026-02-14 21:25:35.855727,Seoul-d08a,-16,63,Normal
2026-02-14 21:25:36.855727,Seoul-d08a,-13,21,Normal
2026-02-14 21:25:37.855727,Seoul-d08a,37,95,Normal
2026-02-14 21:25:38.855727,Seoul-d08a,-8,3,Normal
2026-02-14 21:25:39.855727,Seoul-d08a,-4,27,Normal
2026-02-14 21:25:40.855727,Seoul-d08a,1,1,Normal
2026-02-14 21:25:41.855727,Seoul-d08a,-14,85,Normal
2026-02-14 21:25:42.855727,Seoul-d08a,42,62,Normal
2026-02-14 21:25:43.855727,Seoul-d08a,-9,63,Normal
2026-02-14 21:25:44.855727,Seoul-d08a,18,42,Normal
2026-02-14 21:25:45.855727,Seoul-d08a,25,17,Normal
2026-02-14 21:25:46.855727,Seoul-d08a,-3,30,Normal
2026-02-14 21:25:47.855727,Seoul-d08a,15,18,Normal
2026-02-14 21:25:48.855727,Seoul-d08a,9,60,Normal
2026-02-14 21:25:49.855727,Seoul-d08a,-25,6,Normal
2026-02-14 21:25:50.855727,Seoul-d08a,-28,51,Normal
2026-02-14 21:25:51.855727,Seoul-d08a,25,85,Normal
2026-02-14 21:25:52.855727,Seoul-d08a,-20,71,Normal
2026-02-14 21:25:53.855727,Seoul-d08a,45,89,Normal
2026-02-14 21:25:54.855727,Seoul-d08a,2,7,Normal
2026-02-14 21:25:55.855727,Seoul-d08a,-4,24,Normal
2026-02-14 21:25:56.855727,Seoul-d08a,46,77,Normal
2026-02-14 21:25:57.855727,Seoul-d08a,18,12,Normal
2026-02-14 21:25:58.855727,Seoul-d08a,21,17,Normal
2026-02-14 21:25:59.855727,Seoul-d08a,46,86,Normal
2026-02-14 21:26:00.855727,Seoul-d08a,-30,17,Normal
2026-02-14 21:26:01.855727,Seoul-d08a,6,3,Normal
