timestamp,station_id,temp,humid,condition
2026-02-13 18:56:52.277981,London-db6e,46,10,Normal
2026-02-13 18:56:53.277981,London-db6e,26,41,Normal
2026-02-13 18:56:54.277981,London-db6e,-9,75,Normal
2026-02-13 18:56:55.277981,London-db6e,39,95,Normal
2026-02-13 18:56:56.277981,London-db6e,-18,84,Normal
2026-02-13 18:56:57.277981,London-db6e,-1,100,Normal
2026-02-13 18:56:58.277981,London-db6e,29,11,Normal
2026-02-13 18:56:59.277981,London-db6e,-13,78,Normal
2026-02-13 18:57:00.277981,London-db6e,-24,23,Normal
2026-02-13 18:57:01.277981,London-db6e,-6,7,Normal
2026-02-13 18:57:02.277981,London-db6e,35,20,Normal
2026-02-13 18:57:03.277981,London-db6e,13,75,Normal
2026-02-13 18:57:04.277981,London-db6e,-28,21,Normal
2026-02-13 18:57:05.277981,London-db6e,34,66,Normal
2026-02-13 18:57:06.277981,London-db6e,16,88,Normal
2026-02-13 18:57:07.277981,London-db6e,10,58,Normal
2026-02-13 18:57:08.277981,London-db6e,36,37,Normal
2026-02-13 18:57:09.277981,London-db6e,13,27,Normal
2026-02-13 18:57:10.277981,London-db6e,-8,3,Normal
2026-02-13 18:57:11.277981,London-db6e,45,93,Normal
2026-02-13 18:57:12.277981,London-db6e,35,68,Normal
2026-02-13 18:57:13.277981,London-db6e,32,4,Normal
2026-02-13 18:57:14.277981,London-db6e,42,12,Normal
2026-02-13 18:57:15.277981,London-db6e,47,18,Normal
2026-02-13 18:57:16.277981,London-db6e,-12,39,Normal
2026-02-13 18:57:17.277981,London-db6e,-28,18,Normal
2026-02-13 18:57:18.277981,London-db6e,8,67,Normal
2026-02-13 18:57:19.277981,London-db6e,34,87,Normal
2026-02-13 18:57:20.277981,London-db6e,36,85,Normal
2026-02-13 18:57:21.277981,London-db6e,-19,68,Normal
2026-02-13 18:57:22.277981,London-db6e,-12,19,Normal
2026-02-13 18:57:23.277981,London-db6e,14,90,Normal
2026-02-13 18:57:24.277981,London-db6e,28,97,Normal
2026-02-13 18:57:25.277981,London-db6e,-11,35,Normal
2026-02-13 18:57:26.277981,London-db6e,2,92,Normal
2026-02-13 18:57:27.277981,London-db6e,-14,3,Normal
2026-02-13 18:57:28.277981,London-db6e,-5,50,Normal
2026-02-13 18:57:29.277981,London-db6e,-14,87,Normal
2026-02-13 18:57:30.277981,London-db6e,-7,88,Normal
2026-02-13 18:57:31.277981,London-db6e,11,66,Normal
2026-02-13 18:57:32.277981,London-db6e,-12,49,Normal
2026-02-13 18:57:33.277981,London-db6e,41,43,Normal
2026-02-13 18:57:34.277981,London-db6e,27,6,Normal
2026-02-13 18:57:35.277981,London-db6e,-19,95,Normal
2026-02-13 18:57:36.277981,London-db6e,22,7,Normal
2026-02-13 18:57:37.277981,London-db6e,45,62,Normal
2026-02-13 18:57:38.277981,London-db6e,39,65,Normal
2026-02-13 18:57:39.277981,London-db6e,-22,35,Normal
2026-02-13 18:57:40.277981,London-db6e,-1,83,Normal
2026-02-13 18:57:41.277981,London-db6e,8,74,Normal
2026-02-13 18:57:42.277981,London-db6e,-23,49,Normal
2026-02-13 18:57:43.277981,London-db6e,32,2,Normal
2026-02-13 18:57:44.277981,London-db6e,-26,51,Normal
2026-02-13 18:57:45.277981,London-db6e,-2,29,Normal
2026-02-13 18:57:46.277981,London-db6e,-6,2,Normal
2026-02-13 18:57:47.277981,London-db6e,30,92,Normal
2026-02-13 18:57:48.277981,London-db6e,26,2,Normal
2026-02-13 18:57:49.277981,London-db6e,-30,36,Normal
2026-02-13 18:57:50.277981,London-db6e,8,100,Normal
2026-02-13 18:57:51.277981,London-db6e,8,91,Normal
2026-02-13 18:57:52.277981,London-db6e,31,84,Normal
2026-02-13 18:57:53.277981,London-db6e,-19,36,Normal
2026-02-13 18:57:54.277981,London-db6e,42,72,Normal
2026-02-13 18:57:55.277981,London-db6e,14,72,Normal
2026-02-13 18:57:56.277981,London-db6e,15,38,Normal
2026-02-13 18:57:57.277981,London-db6e,28,86,Normal
2026-02-13 18:57:58.277981,London-db6e,-7,48,Normal
2026-02-13 18:57:59.277981,London-db6e,-14,87,Normal
2026-02-13 18:58:00.277981,London-db6e,16,67,Normal
2026-02-13 18:58:01.277981,London-db6e,-20,31,Normal
2026-02-13 18:58:02.277981,London-db6e,-19,96,Normal
2026-02-13 18:58:03.277981,London-db6e,34,32,Normal
2026-02-13 18:58:04.277981,London-db6e,-25,28,Normal
2026-02-13 18:58:05.277981,London-db6e,45,30,Normal
2026-02-13 18:58:06.277981,London-db6e,50,58,Normal
2026-02-13 18:58:07.277981,London-db6e,-30,3,Normal
2026-02-13 18:58:08.277981,London-db6e,37,2,Normal
2026-02-13 18:58:09.277981,London-db6e,-15,12,Normal
2026-02-13 18:58:10.277981,London-db6e,-6,54,Normal
2026-02-13 18:58:11.277981,London-db6e,27,50,Normal
2026-02-13 18:58:12.277981,London-db6e,47,34,Normal
2026-02-13 18:58:13.277981,London-db6e,33,76,Normal
2026-02-13 18:58:14.277981,London-db6e,12,65,Normal
2026-02-13 18:58:15.277981,London-db6e,32,96,Normal
2026-02-13 18:58:16.277981,London-db6e,7,55,Normal
2026-02-13 18:58:17.277981,London-db6e,48,87,Normal
2026-02-13 18:58:18.277981,London-db6e,4,34,Normal
2026-02-13 18:58:19.277981,London-db6e,6,21,Normal
2026-02-13 18:58:20.277981,London-db6e,-4,87,Normal
2026-02-13 18:58:21.277981,London-db6e,-21,35,Normal
2026-02-13 18:58:22.277981,London-db6e,15,29,Normal
2026-02-13 18:58:23.277981,London-db6e,10,85,Normal
2026-02-13 18:58:24.277981,London-db6e,26,34,Normal
2026-02-13 18:58:25.277981,London-db6e,7,13,Normal
2026-02-13 18:58:26.277981,London-db6e,-17,5,Normal
2026-02-13 18:58:27.277981,London-db6e,9,26,Normal
2026-02-13 18:58:28.277981,London-db6e,-5,77,Normal
2026-02-13 18:58:29.277981,London-db6e,48,2,Normal
2026-02-13 18:58:30.277981,London-db6e,13,83,Normal
2026-02-13 18:58:31.277981,London-db6e,36,37,Normal
2026-02-13 18:58:32.277981,London-db6e,-1,52,Normal
2026-02-13 18:58:33.277981,London-db6e,10,91,Normal
2026-02-13 18:58:34.277981,London-db6e,26,86,Normal
2026-02-13 18:58:35.277981,London-db6e,1,9,Normal
2026-02-13 18:58:36.277981,London-db6e,-27,67,Normal
2026-02-13 18:58:37.277981,London-db6e,19,75,Normal
2026-02-13 18:58:38.277981,London-db6e,30,8,Normal
2026-02-13 18:58:39.277981,London-db6e,16,25,Normal
2026-02-13 18:58:40.277981,London-db6e,-6,85,Normal
2026-02-13 18:58:41.277981,London-db6e,6,77,Normal
2026-02-13 18:58:42.277981,London-db6e,-8,50,Normal
2026-02-13 18:58:43.277981,London-db6e,-27,72,Normal
2026-02-13 18:58:44.277981,London-db6e,-24,95,Normal
2026-02-13 18:58:45.277981,London-db6e,12,72,Normal
2026-02-13 18:58:46.277981,London-db6e,-5,21,Normal
2026-02-13 18:58:47.277981,London-db6e,-28,14,Normal
2026-02-13 18:58:48.277981,London-db6e,41,47,Normal
2026-02-13 18:58:49.277981,London-db6e,-27,17,Normal
2026-02-13 18:58:50.277981,London-db6e,-23,45,Normal
2026-02-13 18:58:51.277981,London-db6e,29,58,Normal
2026-02-13 18:58:52.277981,London-db6e,21,1,Normal
2026-02-13 18:58:53.277981,London-db6e,-19,25,Normal
2026-02-13 18:58:54.277981,London-db6e,-19,91,Normal
2026-02-13 18:58:55.277981,London-db6e,-15,41,Normal
2026-02-13 18:58:56.277981,London-db6e,20,84,Normal
2026-02-13 18:58:57.277981,London-db6e,-22,16,Normal
2026-02-13 18:58:58.277981,London-db6e,-17,35,Normal
2026-02-13 18:58:59.277981,London-db6e,2,80,Normal
2026-02-13 18:59:00.277981,London-db6e,-4,78,Normal
2026-02-13 18:59:01.277981,London-db6e,-22,100,Normal
2026-02-13 18:59:02.277981,London-db6e,-18,95,Normal
2026-02-13 18:59:03.277981,London-db6e,30,61,Normal
2026-02-13 18:59:04.277981,London-db6e,-24,68,Normal
2026-02-13 18:59:05.277981,London-db6e,15,74,Normal
2026-02-13 18:59:06.277981,London-db6e,4,0,Normal
2026-02-13 18:59:07.277981,London-db6e,44,24,Normal
2026-02-13 18:59:08.277981,London-db6e,42,74,Normal
2026-02-13 18:59:09.277981,London-db6e,9,63,Normal
2026-02-13 18:59:10.277981,London-db6e,33,56,Normal
2026-02-13 18:59:11.277981,London-db6e,-23,61,Normal
2026-02-13 18:59:12.277981,London-db6e,16,38,Normal
2026-02-13 18:59:13.277981,London-db6e,4,23,Normal
2026-02-13 18:59:14.277981,London-db6e,-8,43,Normal
2026-02-13 18:59:15.277981,London-db6e,-25,91,Normal
2026-02-13 18:59:16.277981,London-db6e,36,68,Normal
2026-02-13 18:59:17.277981,London-db6e,-5,23,Normal
2026-02-13 18:59:18.277981,London-db6e,-4,1,Normal
2026-02-13 18:59:19.277981,London-db6e,42,78,Normal
2026-02-13 18:59:20.277981,London-db6e,34,84,Normal
2026-02-13 18:59:21.277981,London-db6e,17,94,Normal
2026-02-13 18:59:22.277981,London-db6e,0,45,Normal
2026-02-13 18:59:23.277981,London-db6e,-20,33,Normal
2026-02-13 18:59:24.277981,London-db6e,-30,89,Normal
2026-02-13 18:59:25.277981,London-db6e,31,21,Normal
2026-02-13 18:59:26.277981,London-db6e,36,31,Normal
2026-02-13 18:59:27.277981,London-db6e,46,7,Normal
2026-02-13 18:59:28.277981,London-db6e,-19,54,Normal
2026-02-13 18:59:29.277981,London-db6e,20,20,Normal
2026-02-13 18:59:30.277981,London-db6e,12,91,Normal
2026-02-13 18:59:31.277981,London-db6e,38,3,Normal
2026-02-13 18:59:32.277981,London-db6e,32,52,Normal
2026-02-13 18:59:33.277981,London-db6e,42,73,Normal
2026-02-13 18:59:34.277981,London-db6e,3,44,Normal
2026-02-13 18:59:35.277981,London-db6e,10,53,Normal
2026-02-13 18:59:36.277981,London-db6e,0,46,Normal
2026-02-13 18:59:37.277981,London-db6e,39,64,Normal
2026-02-13 18:59:38.277981,London-db6e,-27,89,Normal
2026-02-13 18:59:39.277981,London-db6e,5,12,Normal
2026-02-13 18:59:40.277981,London-db6e,11,80,Normal
2026-02-13 18:59:41.277981,London-db6e,2,89,Normal
2026-02-13 18:59:42.277981,London-db6e,20,67,Normal
2026-02-13 18:59:43.277981,London-db6e,-30,24,Normal
2026-02-13 18:59:44.277981,London-db6e,40,0,Normal
2026-02-13 18:59:45.277981,London-db6e,-5,79,Normal
2026-02-13 18:59:46.277981,London-db6e,20,64,Normal
2026-02-13 18:59:47.277981,London-db6e,29,99,Normal
2026-02-13 18:59:48.277981,London-db6e,4,62,Normal
2026-02-13 18:59:49.277981,London-db6e,-1,54,Normal
2026-02-13 18:59:50.277981,London-db6e,25,90,Normal
2026-02-13 18:59:51.277981,London-db6e,-13,35,Normal
2026-02-13 18:59:52.277981,London-db6e,-5,53,Normal
2026-02-13 18:59:53.277981,London-db6e,17,73,Normal
2026-02-13 18:59:54.277981,London-db6e,-6,67,Normal
2026-02-13 18:59:55.277981,London-db6e,44,29,Normal
2026-02-13 18:59:56.277981,London-db6e,-10,56,Normal
2026-02-13 18:59:57.277981,London-db6e,-14,2,Normal
2026-02-13 18:59:58.277981,London-db6e,42,91,Normal
2026-02-13 18:59:59.277981,London-db6e,-23,3,Normal
2026-02-13 19:00:00.277981,London-db6e,15,20,Normal
2026-02-13 19:00:01.277981,London-db6e,11,59,Normal
2026-02-13 19:00:02.277981,London-db6e,34,74,Normal
2026-02-13 19:00:03.277981,London-db6e,-24,25,Normal
2026-02-13 19:00:04.277981,London-db6e,10,60,Normal
2026-02-13 19:00:05.277981,London-db6e,35,54,Normal
2026-02-13 19:00:06.277981,London-db6e,-8,96,Normal
2026-02-13 19:00:07.277981,London-db6e,15,72,Normal
2026-02-13 19:00:08.277981,London-db6e,-29,25,Normal
2026-02-13 19:00:09.277981,London-db6e,39,17,Normal
2026-02-13 19:00:10.277981,London-db6e,-10,15,Normal
2026-02-13 19:00:11.277981,London-db6e,13,9,Normal
2026-02-13 19:00:12.277981,London-db6e,39,80,Normal
2026-02-13 19:00:13.277981,London-db6e,9,1,Normal
2026-02-13 19:00:14.277981,London-db6e,-27,88,Normal
2026-02-13 19:00:15.277981,London-db6e,-4,82,Normal
2026-02-13 19:00:16.277981,London-db6e,20,3,Normal
2026-02-13 19:00:17.277981,London-db6e,26,52,Normal
2026-02-13 19:00:18.277981,London-db6e,-30,23,Normal
2026-02-13 19:00:19.277981,London-db6e,-15,11,Normal
2026-02-13 19:00:20.277981,London-db6e,4,74,Normal
2026-02-13 19:00:21.277981,London-db6e,-13,82,Normal
2026-02-13 19:00:22.277981,London-db6e,-14,5,Normal
2026-02-13 19:00:23.277981,London-db6e,47,50,Normal
2026-02-13 19:00:24.277981,London-db6e,-20,40,Normal
2026-02-13 19:00:25.277981,London-db6e,30,41,Normal
2026-02-13 19:00:26.277981,London-db6e,-27,1,Normal
2026-02-13 19:00:27.277981,London-db6e,29,80,Normal
2026-02-13 19:00:28.277981,London-db6e,25,50,Normal
2026-02-13 19:00:29.277981,London-db6e,-18,61,Normal
2026-02-13 19:00:30.277981,London-db6e,17,22,Normal
2026-02-13 19:00:31.277981,London-db6e,-18,35,Normal
2026-02-13 19:00:32.277981,London-db6e,6,11,Normal
2026-02-13 19:00:33.277981,London-db6e,-16,94,Normal
2026-02-13 19:00:34.277981,London-db6e,47,13,Normal
2026-02-13 19:00:35.277981,London-db6e,-13,79,Normal
2026-02-13 19:00:36.277981,London-db6e,-19,66,Normal
2026-02-13 19:00:37.277981,London-db6e,-11,8,Normal
2026-02-13 19:00:38.277981,London-db6e,36,68,Normal
2026-02-13 19:00:39.277981,London-db6e,38,2,Normal
2026-02-13 19:00:40.277981,London-db6e,6,98,Normal
2026-02-13 19:00:41.277981,London-db6e,30,21,Normal
2026-02-13 19:00:42.277981,London-db6e,-2,23,Normal
2026-02-13 19:00:43.277981,London-db6e,12,25,Normal
2026-02-13 19:00:44.277981,London-db6e,-22,22,Normal
2026-02-13 19:00:45.277981,London-db6e,20,69,Normal
2026-02-13 19:00:46.277981,London-db6e,29,66,Normal
2026-02-13 19:00:47.277981,London-db6e,33,67,Normal
2026-02-13 19:00:48.277981,London-db6e,35,5,Normal
2026-02-13 19:00:49.277981,London-db6e,-3,39,Normal
2026-02-13 19:00:50.277981,London-db6e,35,11,Normal
2026-02-13 19:00:51.277981,London-db6e,38,53,Normal
2026-02-13 19:00:52.277981,London-db6e,-19,16,Normal
2026-02-13 19:00:53.277981,London-db6e,46,31,Normal
2026-02-13 19:00:54.277981,London-db6e,48,73,Normal
2026-02-13 19:00:55.277981,London-db6e,42,44,Normal
2026-02-13 19:00:56.277981,London-db6e,-17,28,Normal
2026-02-13 19:00:57.277981,London-db6e,36,75,Normal
2026-02-13 19:00:58.277981,London-db6e,20,44,Normal
2026-02-13 19:00:59.277981,London-db6e,24,13,Normal
2026-02-13 19:01:00.277981,London-db6e,33,39,Normal
2026-02-13 19:01:01.277981,London-db6e,2,3,Normal
2026-02-13 19:01:02.277981,London-db6e,29,8,Normal
2026-02-13 19:01:03.277981,London-db6e,2,21,Normal
2026-02-13 19:01:04.277981,London-db6e,19,83,Normal
2026-02-13 19:01:05.277981,London-db6e,36,61,Normal
2026-02-13 19:01:06.277981,London-db6e,-7,65,Normal
2026-02-13 19:01:07.277981,London-db6e,3,93,Normal
2026-02-13 19:01:08.277981,London-db6e,5,22,Normal
2026-02-13 19:01:09.277981,London-db6e,-19,40,Normal
2026-02-13 19:01:10.277981,London-db6e,22,76,Normal
2026-02-13 19:01:11.277981,London-db6e,-17,6,Normal
2026-02-13 19:01:12.277981,London-db6e,16,9,Normal
2026-02-13 19:01:13.277981,London-db6e,-15,16,Normal
2026-02-13 19:01:14.277981,London-db6e,-23,88,Normal
2026-02-13 19:01:15.277981,London-db6e,-28,96,Normal
2026-02-13 19:01:16.277981,London-db6e,-4,62,Normal
2026-02-13 19:01:17.277981,London-db6e,10,96,Normal
2026-02-13 19:01:18.277981,London-db6e,-20,11,Normal
2026-02-13 19:01:19.277981,London-db6e,-9,4,Normal
2026-02-13 19:01:20.277981,London-db6e,-29,43,Normal
2026-02-13 19:01:21.277981,London-db6e,2,58,Normal
2026-02-13 19:01:22.277981,London-db6e,5,84,Normal
2026-02-13 19:01:23.277981,London-db6e,-23,73,Normal
2026-02-13 19:01:24.277981,London-db6e,-27,96,Normal
2026-02-13 19:01:25.277981,London-db6e,-4,80,Normal
2026-02-13 19:01:26.277981,London-db6e,8,0,Normal
2026-02-13 19:01:27.277981,London-db6e,3,73,Normal
2026-02-13 19:01:28.277981,London-db6e,-25,94,Normal
2026-02-13 19:01:29.277981,London-db6e,-16,91,Normal
2026-02-13 19:01:30.277981,London-db6e,-6,94,Normal
2026-02-13 19:01:31.277981,London-db6e,30,33,Normal
2026-02-13 19:01:32.277981,London-db6e,3,67,Normal
2026-02-13 19:01:33.277981,London-db6e,40,30,Normal
2026-02-13 19:01:34.277981,London-db6e,-5,66,Normal
2026-02-13 19:01:35.277981,London-db6e,44,21,Normal
2026-02-13 19:01:36.277981,London-db6e,46,48,Normal
2026-02-13 19:01:37.277981,London-db6e,-3,9,Normal
2026-02-13 19:01:38.277981,London-db6e,-23,82,Normal
2026-02-13 19:01:39.277981,London-db6e,-17,83,Normal
2026-02-13 19:01:40.277981,London-db6e,-3,99,Normal
2026-02-13 19:01:41.277981,London-db6e,-24,20,Normal
2026-02-13 19:01:42.277981,London-db6e,-5,41,Normal
2026-02-13 19:01:43.277981,London-db6e,-11,3,Normal
2026-02-13 19:01:44.277981,London-db6e,-21,75,Normal
2026-02-13 19:01:45.277981,London-db6e,32,53,Normal
2026-02-13 19:01:46.277981,London-db6e,-20,24,Normal
2026-02-13 19:01:47.277981,London-db6e,13,91,Normal
2026-02-13 19:01:48.277981,London-db6e,-26,9,Normal
2026-02-13 19:01:49.277981,London-db6e,33,16,Normal
2026-02-13 19:01:50.277981,London-db6e,-24,47,Normal
2026-02-13 19:01:51.277981,London-db6e,22,97,Normal
2026-02-13 19:01:52.277981,London-db6e,28,23,Normal
2026-02-13 19:01:53.277981,London-db6e,48,40,Normal
2026-02-13 19:01:54.277981,London-db6e,-26,40,Normal
2026-02-13 19:01:55.277981,London-db6e,-29,47,Normal
2026-02-13 19:01:56.277981,London-db6e,47,26,Normal
2026-02-13 19:01:57.277981,London-db6e,-17,81,Normal
2026-02-13 19:01:58.277981,London-db6e,-18,47,Normal
2026-02-13 19:01:59.277981,London-db6e,48,85,Normal
2026-02-13 19:02:00.277981,London-db6e,-22,3,Normal
2026-02-13 19:02:01.277981,London-db6e,-18,9,Normal
2026-02-13 19:02:02.277981,London-db6e,0,7,Normal
2026-02-13 19:02:03.277981,London-db6e,-23,51,Normal
2026-02-13 19:02:04.277981,London-db6e,-23,20,Normal
2026-02-13 19:02:05.277981,London-db6e,36,29,Normal
2026-02-13 19:02:06.277981,London-db6e,-18,75,Normal
2026-02-13 19:02:07.277981,London-db6e,14,81,Normal
2026-02-13 19:02:08.277981,London-db6e,17,57,Normal
2026-02-13 19:02:09.277981,London-db6e,22,78,Normal
2026-02-13 19:02:10.277981,London-db6e,-5,90,Normal
2026-02-13 19:02:11.277981,London-db6e,11,47,Normal
2026-02-13 19:02:12.277981,London-db6e,-10,90,Normal
2026-02-13 19:02:13.277981,London-db6e,23,48,Normal
2026-02-13 19:02:14.277981,London-db6e,23,29,Normal
2026-02-13 19:02:15.277981,London-db6e,-27,90,Normal
2026-02-13 19:02:16.277981,London-db6e,7,94,Normal
2026-02-13 19:02:17.277981,London-db6e,-19,94,Normal
2026-02-13 19:02:18.277981,London-db6e,-29,40,Normal
2026-02-13 19:02:19.277981,London-db6e,-20,53,Normal
2026-02-13 19:02:20.277981,London-db6e,48,97,Normal
2026-02-13 19:02:21.277981,London-db6e,37,25,Normal
2026-02-13 19:02:22.277981,London-db6e,31,51,Normal
2026-02-13 19:02:23.277981,London-db6e,35,58,Normal
2026-02-13 19:02:24.277981,London-db6e,-20,42,Normal
2026-02-13 19:02:25.277981,London-db6e,7,33,Normal
2026-02-13 19:02:26.277981,London-db6e,-12,19,Normal
2026-02-13 19:02:27.277981,London-db6e,10,45,Normal
2026-02-13 19:02:28.277981,London-db6e,35,70,Normal
2026-02-13 19:02:29.277981,London-db6e,43,24,Normal
2026-02-13 19:02:30.277981,London-db6e,35,98,Normal
2026-02-13 19:02:31.277981,London-db6e,2,92,Normal
2026-02-13 19:02:32.277981,London-db6e,43,84,Normal
2026-02-13 19:02:33.277981,London-db6e,32,62,Normal
2026-02-13 19:02:34.277981,London-db6e,30,25,Normal
2026-02-13 19:02:35.277981,London-db6e,-14,24,Normal
2026-02-13 19:02:36.277981,London-db6e,1,9,Normal
2026-02-13 19:02:37.277981,London-db6e,50,78,Normal
2026-02-13 19:02:38.277981,London-db6e,42,34,Normal
2026-02-13 19:02:39.277981,London-db6e,-27,63,Normal
2026-02-13 19:02:40.277981,London-db6e,-12,100,Normal
2026-02-13 19:02:41.277981,London-db6e,-20,22,Normal
2026-02-13 19:02:42.277981,London-db6e,-9,26,Normal
2026-02-13 19:02:43.277981,London-db6e,-15,76,Normal
2026-02-13 19:02:44.277981,London-db6e,-26,31,Normal
2026-02-13 19:02:45.277981,London-db6e,-16,67,Normal
2026-02-13 19:02:46.277981,London-db6e,24,77,Normal
2026-02-13 19:02:47.277981,London-db6e,22,85,Normal
2026-02-13 19:02:48.277981,London-db6e,17,62,Normal
2026-02-13 19:02:49.277981,London-db6e,12,7,Normal
2026-02-13 19:02:50.277981,London-db6e,30,65,Normal
2026-02-13 19:02:51.277981,London-db6e,16,69,Normal
2026-02-13 19:02:52.277981,London-db6e,9,56,Normal
2026-02-13 19:02:53.277981,London-db6e,-3,45,Normal
2026-02-13 19:02:54.277981,London-db6e,-23,34,Normal
2026-02-13 19:02:55.277981,London-db6e,21,96,Normal
2026-02-13 19:02:56.277981,London-db6e,21,34,Normal
2026-02-13 19:02:57.277981,London-db6e,33,49,Normal
2026-02-13 19:02:58.277981,London-db6e,-28,78,Normal
2026-02-13 19:02:59.277981,London-db6e,-14,20,Normal
2026-02-13 19:03:00.277981,London-db6e,33,97,Normal
2026-02-13 19:03:01.277981,London-db6e,1,70,Normal
2026-02-13 19:03:02.277981,London-db6e,-6,60,Normal
2026-02-13 19:03:03.277981,London-db6e,-15,19,Normal
2026-02-13 19:03:04.277981,London-db6e,15,91,Normal
2026-02-13 19:03:05.277981,London-db6e,-24,25,Normal
2026-02-13 19:03:06.277981,London-db6e,43,52,Normal
2026-02-13 19:03:07.277981,London-db6e,-19,92,Normal
2026-02-13 19:03:08.277981,London-db6e,-20,33,Normal
2026-02-13 19:03:09.277981,London-db6e,38,52,Normal
2026-02-13 19:03:10.277981,London-db6e,-17,83,Normal
2026-02-13 19:03:11.277981,London-db6e,11,59,Normal
2026-02-13 19:03:12.277981,London-db6e,46,65,Normal
2026-02-13 19:03:13.277981,London-db6e,-3,54,Normal
2026-02-13 19:03:14.277981,London-db6e,37,86,Normal
2026-02-13 19:03:15.277981,London-db6e,28,48,Normal
2026-02-13 19:03:16.277981,London-db6e,-6,74,Normal
2026-02-13 19:03:17.277981,London-db6e,46,13,Normal
2026-02-13 19:03:18.277981,London-db6e,-9,37,Normal
2026-02-13 19:03:19.277981,London-db6e,-17,13,Normal
2026-02-13 19:03:20.277981,London-db6e,36,60,Normal
2026-02-13 19:03:21.277981,London-db6e,3,18,Normal
2026-02-13 19:03:22.277981,London-db6e,13,74,Normal
2026-02-13 19:03:23.277981,London-db6e,41,87,Normal
2026-02-13 19:03:24.277981,London-db6e,-23,22,Normal
2026-02-13 19:03:25.277981,London-db6e,11,86,Normal
2026-02-13 19:03:26.277981,London-db6e,2,53,Normal
2026-02-13 19:03:27.277981,London-db6e,27,5,Normal
2026-02-13 19:03:28.277981,London-db6e,29,17,Normal
2026-02-13 19:03:29.277981,London-db6e,43,44,Normal
2026-02-13 19:03:30.277981,London-db6e,4,75,Normal
2026-02-13 19:03:31.277981,London-db6e,13,58,Normal
2026-02-13 19:03:32.277981,London-db6e,44,76,Normal
2026-02-13 19:03:33.277981,London-db6e,-26,85,Normal
2026-02-13 19:03:34.277981,London-db6e,3,44,Normal
2026-02-13 19:03:35.277981,London-db6e,-13,60,Normal
2026-02-13 19:03:36.277981,London-db6e,37,97,Normal
2026-02-13 19:03:37.277981,London-db6e,-12,82,Normal
2026-02-13 19:03:38.277981,London-db6e,9,64,Normal
2026-02-13 19:03:39.277981,London-db6e,-16,80,Normal
2026-02-13 19:03:40.277981,London-db6e,8,81,Normal
2026-02-13 19:03:41.277981,London-db6e,-14,68,Normal
2026-02-13 19:03:42.277981,London-db6e,-3,16,Normal
2026-02-13 19:03:43.277981,London-db6e,0,67,Normal
2026-02-13 19:03:44.277981,London-db6e,-13,23,Normal
2026-02-13 19:03:45.277981,London-db6e,31,90,Normal
2026-02-13 19:03:46.277981,London-db6e,-8,89,Normal
2026-02-13 19:03:47.277981,London-db6e,-24,88,Normal
2026-02-13 19:03:48.277981,London-db6e,50,28,Normal
2026-02-13 19:03:49.277981,London-db6e,48,20,Normal
2026-02-13 19:03:50.277981,London-db6e,19,33,Normal
2026-02-13 19:03:51.277981,London-db6e,24,98,Normal
2026-02-13 19:03:52.277981,London-db6e,-25,93,Normal
2026-02-13 19:03:53.277981,London-db6e,0,10,Normal
2026-02-13 19:03:54.277981,London-db6e,3,4,Normal
2026-02-13 19:03:55.277981,London-db6e,-21,27,Normal
2026-02-13 19:03:56.277981,London-db6e,20,89,Normal
2026-02-13 19:03:57.277981,London-db6e,-21,99,Normal
2026-02-13 19:03:58.277981,London-db6e,6,70,Normal
2026-02-13 19:03:59.277981,London-db6e,-21,28,Normal
2026-02-13 19:04:00.277981,London-db6e,44,16,Normal
2026-02-13 19:04:01.277981,London-db6e,-3,9,Normal
2026-02-13 19:04:02.277981,London-db6e,42,44,Normal
2026-02-13 19:04:03.277981,London-db6e,-4,90,Normal
2026-02-13 19:04:04.277981,London-db6e,38,72,Normal
2026-02-13 19:04:05.277981,London-db6e,4,53,Normal
2026-02-13 19:04:06.277981,London-db6e,-8,45,Normal
2026-02-13 19:04:07.277981,London-db6e,24,35,Normal
2026-02-13 19:04:08.277981,London-db6e,10,16,Normal
2026-02-13 19:04:09.277981,London-db6e,41,44,Normal
2026-02-13 19:04:10.277981,London-db6e,18,63,Normal
2026-02-13 19:04:11.277981,London-db6e,-28,71,Normal
2026-02-13 19:04:12.277981,London-db6e,10,82,Normal
2026-02-13 19:04:13.277981,London-db6e,-9,59,Normal
2026-02-13 19:04:14.277981,London-db6e,41,60,Normal
2026-02-13 19:04:15.277981,London-db6e,4,25,Normal
2026-02-13 19:04:16.277981,London-db6e,11,71,Normal
2026-02-13 19:04:17.277981,London-db6e,-12,23,Normal
2026-02-13 19:04:18.277981,London-db6e,-25,84,Normal
2026-02-13 19:04:19.277981,London-db6e,50,16,Normal
2026-02-13 19:04:20.277981,London-db6e,-21,88,Normal
2026-02-13 19:04:21.277981,London-db6e,-4,59,Normal
2026-02-13 19:04:22.277981,London-db6e,49,13,Normal
2026-02-13 19:04:23.277981,London-db6e,7,76,Normal
2026-02-13 19:04:24.277981,London-db6e,42,80,Normal
2026-02-13 19:04:25.277981,London-db6e,21,50,Normal
2026-02-13 19:04:26.277981,London-db6e,20,49,Normal
2026-02-13 19:04:27.277981,London-db6e,17,97,Normal
2026-02-13 19:04:28.277981,London-db6e,50,23,Normal
2026-02-13 19:04:29.277981,London-db6e,40,25,Normal
2026-02-13 19:04:30.277981,London-db6e,-11,83,Normal
2026-02-13 19:04:31.277981,London-db6e,36,23,Normal
2026-02-13 19:04:32.277981,London-db6e,11,58,Normal
2026-02-13 19:04:33.277981,London-db6e,15,65,Normal
2026-02-13 19:04:34.277981,London-db6e,34,98,Normal
2026-02-13 19:04:35.277981,London-db6e,17,67,Normal
2026-02-13 19:04:36.277981,London-db6e,-22,90,Normal
2026-02-13 19:04:37.277981,London-db6e,48,81,Normal
2026-02-13 19:04:38.277981,London-db6e,5,81,Normal
2026-02-13 19:04:39.277981,London-db6e,-26,87,Normal
2026-02-13 19:04:40.277981,London-db6e,42,80,Normal
2026-02-13 19:04:41.277981,London-db6e,-2,76,Normal
2026-02-13 19:04:42.277981,London-db6e,4,18,Normal
2026-02-13 19:04:43.277981,London-db6e,-24,8,Normal
2026-02-13 19:04:44.277981,London-db6e,5,34,Normal
2026-02-13 19:04:45.277981,London-db6e,-30,44,Normal
2026-02-13 19:04:46.277981,London-db6e,-19,1,Normal
2026-02-13 19:04:47.277981,London-db6e,42,61,Normal
2026-02-13 19:04:48.277981,London-db6e,-23,86,Normal
2026-02-13 19:04:49.277981,London-db6e,-5,97,Normal
2026-02-13 19:04:50.277981,London-db6e,45,18,Normal
2026-02-13 19:04:51.277981,London-db6e,24,23,Normal
2026-02-13 19:04:52.277981,London-db6e,30,97,Normal
2026-02-13 19:04:53.277981,London-db6e,-29,61,Normal
2026-02-13 19:04:54.277981,London-db6e,23,56,Normal
2026-02-13 19:04:55.277981,London-db6e,-11,11,Normal
2026-02-13 19:04:56.277981,London-db6e,8,88,Normal
2026-02-13 19:04:57.277981,London-db6e,25,32,Normal
2026-02-13 19:04:58.277981,London-db6e,-2,19,Normal
2026-02-13 19:04:59.277981,London-db6e,44,79,Normal
2026-02-13 19:05:00.277981,London-db6e,-16,87,Normal
2026-02-13 19:05:01.277981,London-db6e,35,20,Normal
2026-02-13 19:05:02.277981,London-db6e,18,26,Normal
2026-02-13 19:05:03.277981,London-db6e,-15,40,Normal
2026-02-13 19:05:04.277981,London-db6e,21,72,Normal
2026-02-13 19:05:05.277981,London-db6e,22,75,Normal
2026-02-13 19:05:06.277981,London-db6e,28,61,Normal
2026-02-13 19:05:07.277981,London-db6e,-19,7,Normal
2026-02-13 19:05:08.277981,London-db6e,-28,58,Normal
2026-02-13 19:05:09.277981,London-db6e,14,95,Normal
2026-02-13 19:05:10.277981,London-db6e,33,57,Normal
2026-02-13 19:05:11.277981,London-db6e,-22,69,Normal
2026-02-13 19:05:12.277981,London-db6e,37,29,Normal
2026-02-13 19:05:13.277981,London-db6e,-17,61,Normal
2026-02-13 19:05:14.277981,London-db6e,-16,60,Normal
2026-02-13 19:05:15.277981,London-db6e,12,61,Normal
2026-02-13 19:05:16.277981,London-db6e,13,58,Normal
2026-02-13 19:05:17.277981,London-db6e,47,99,Normal
2026-02-13 19:05:18.277981,London-db6e,-10,50,Normal
2026-02-13 19:05:19.277981,London-db6e,27,89,Normal
2026-02-13 19:05:20.277981,London-db6e,-9,45,Normal
2026-02-13 19:05:21.277981,London-db6e,26,83,Normal
2026-02-13 19:05:22.277981,London-db6e,-8,26,Normal
2026-02-13 19:05:23.277981,London-db6e,45,7,Normal
2026-02-13 19:05:24.277981,London-db6e,40,54,Normal
2026-02-13 19:05:25.277981,London-db6e,20,91,Normal
2026-02-13 19:05:26.277981,London-db6e,43,82,Normal
2026-02-13 19:05:27.277981,London-db6e,-6,7,Normal
2026-02-13 19:05:28.277981,London-db6e,8,41,Normal
2026-02-13 19:05:29.277981,London-db6e,34,93,Normal
2026-02-13 19:05:30.277981,London-db6e,-20,0,Normal
2026-02-13 19:05:31.277981,London-db6e,33,44,Normal
2026-02-13 19:05:32.277981,London-db6e,-1,56,Normal
2026-02-13 19:05:33.277981,London-db6e,13,57,Normal
2026-02-13 19:05:34.277981,London-db6e,47,39,Normal
2026-02-13 19:05:35.277981,London-db6e,34,43,Normal
2026-02-13 19:05:36.277981,London-db6e,35,43,Normal
2026-02-13 19:05:37.277981,London-db6e,4,65,Normal
2026-02-13 19:05:38.277981,London-db6e,37,83,Normal
2026-02-13 19:05:39.277981,London-db6e,39,38,Normal
2026-02-13 19:05:40.277981,London-db6e,-10,55,Normal
2026-02-13 19:05:41.277981,London-db6e,37,88,Normal
2026-02-13 19:05:42.277981,London-db6e,-17,90,Normal
2026-02-13 19:05:43.277981,London-db6e,9,87,Normal
2026-02-13 19:05:44.277981,London-db6e,-16,56,Normal
2026-02-13 19:05:45.277981,London-db6e,-12,31,Normal
2026-02-13 19:05:46.277981,London-db6e,-14,97,Normal
2026-02-13 19:05:47.277981,London-db6e,33,79,Normal
2026-02-13 19:05:48.277981,London-db6e,45,31,Normal
2026-02-13 19:05:49.277981,London-db6e,-4,58,Normal
2026-02-13 19:05:50.277981,London-db6e,33,36,Normal
2026-02-13 19:05:51.277981,London-db6e,23,37,Normal
2026-02-13 19:05:52.277981,London-db6e,-23,11,Normal
2026-02-13 19:05:53.277981,London-db6e,-30,81,Normal
2026-02-13 19:05:54.277981,London-db6e,-15,98,Normal
2026-02-13 19:05:55.277981,London-db6e,-3,96,Normal
2026-02-13 19:05:56.277981,London-db6e,-25,43,Normal
2026-02-13 19:05:57.277981,London-db6e,5,13,Normal
2026-02-13 19:05:58.277981,London-db6e,8,78,Normal
2026-02-13 19:05:59.277981,London-db6e,-20,43,Normal
2026-02-13 19:06:00.277981,London-db6e,-27,63,Normal
2026-02-13 19:06:01.277981,London-db6e,41,38,Normal
2026-02-13 19:06:02.277981,London-db6e,13,7,Normal
2026-02-13 19:06:03.277981,London-db6e,-4,48,Normal
2026-02-13 19:06:04.277981,London-db6e,10,1,Normal
2026-02-13 19:06:05.277981,London-db6e,8,13,Normal
2026-02-13 19:06:06.277981,London-db6e,23,28,Normal
2026-02-13 19:06:07.277981,London-db6e,34,32,Normal
2026-02-13 19:06:08.277981,London-db6e,-22,7,Normal
2026-02-13 19:06:09.277981,London-db6e,34,23,Normal
2026-02-13 19:06:10.277981,London-db6e,9,81,Normal
2026-02-13 19:06:11.277981,London-db6e,-24,94,Normal
2026-02-13 19:06:12.277981,London-db6e,2,26,Normal
2026-02-13 19:06:13.277981,London-db6e,10,86,Normal
2026-02-13 19:06:14.277981,London-db6e,35,62,Normal
2026-02-13 19:06:15.277981,London-db6e,-25,8,Normal
2026-02-13 19:06:16.277981,London-db6e,24,73,Normal
2026-02-13 19:06:17.277981,London-db6e,-8,12,Normal
2026-02-13 19:06:18.277981,London-db6e,5,20,Normal
2026-02-13 19:06:19.277981,London-db6e,32,53,Normal
2026-02-13 19:06:20.277981,London-db6e,15,28,Normal
2026-02-13 19:06:21.277981,London-db6e,-14,18,Normal
2026-02-13 19:06:22.277981,London-db6e,48,48,Normal
2026-02-13 19:06:23.277981,London-db6e,-21,34,Normal
2026-02-13 19:06:24.277981,London-db6e,12,56,Normal
2026-02-13 19:06:25.277981,London-db6e,7,66,Normal
2026-02-13 19:06:26.277981,London-db6e,-30,57,Normal
2026-02-13 19:06:27.277981,London-db6e,9,87,Normal
2026-02-13 19:06:28.277981,London-db6e,-4,23,Normal
2026-02-13 19:06:29.277981,London-db6e,18,22,Normal
2026-02-13 19:06:30.277981,London-db6e,11,47,Normal
2026-02-13 19:06:31.277981,London-db6e,-2,25,Normal
2026-02-13 19:06:32.277981,London-db6e,1,27,Normal
2026-02-13 19:06:33.277981,London-db6e,28,99,Normal
2026-02-13 19:06:34.277981,London-db6e,37,30,Normal
2026-02-13 19:06:35.277981,London-db6e,14,36,Normal
2026-02-13 19:06:36.277981,London-db6e,17,10,Normal
2026-02-13 19:06:37.277981,London-db6e,-6,52,Normal
2026-02-13 19:06:38.277981,London-db6e,30,29,Normal
2026-02-13 19:06:39.277981,London-db6e,13,47,Normal
2026-02-13 19:06:40.277981,London-db6e,-22,23,Normal
2026-02-13 19:06:41.277981,London-db6e,-14,56,Normal
2026-02-13 19:06:42.277981,London-db6e,-27,86,Normal
2026-02-13 19:06:43.277981,London-db6e,21,20,Normal
2026-02-13 19:06:44.277981,London-db6e,-28,81,Normal
2026-02-13 19:06:45.277981,London-db6e,-12,97,Normal
2026-02-13 19:06:46.277981,London-db6e,-13,70,Normal
2026-02-13 19:06:47.277981,London-db6e,-23,45,Normal
2026-02-13 19:06:48.277981,London-db6e,-10,90,Normal
2026-02-13 19:06:49.277981,London-db6e,-15,29,Normal
2026-02-13 19:06:50.277981,London-db6e,-12,4,Normal
2026-02-13 19:06:51.277981,London-db6e,39,98,Normal
2026-02-13 19:06:52.277981,London-db6e,23,40,Normal
2026-02-13 19:06:53.277981,London-db6e,34,19,Normal
2026-02-13 19:06:54.277981,London-db6e,0,40,Normal
2026-02-13 19:06:55.277981,London-db6e,18,57,Normal
2026-02-13 19:06:56.277981,London-db6e,11,75,Normal
2026-02-13 19:06:57.277981,London-db6e,32,87,Normal
2026-02-13 19:06:58.277981,London-db6e,16,73,Normal
2026-02-13 19:06:59.277981,London-db6e,28,70,Normal
2026-02-13 19:07:00.277981,London-db6e,18,87,Normal
2026-02-13 19:07:01.277981,London-db6e,28,42,Normal
2026-02-13 19:07:02.277981,London-db6e,-11,60,Normal
2026-02-13 19:07:03.277981,London-db6e,23,19,Normal
2026-02-13 19:07:04.277981,London-db6e,-8,25,Normal
2026-02-13 19:07:05.277981,London-db6e,-27,93,Normal
2026-02-13 19:07:06.277981,London-db6e,18,96,Normal
2026-02-13 19:07:07.277981,London-db6e,17,61,Normal
2026-02-13 19:07:08.277981,London-db6e,-16,18,Normal
2026-02-13 19:07:09.277981,London-db6e,43,72,Normal
2026-02-13 19:07:10.277981,London-db6e,39,68,Normal
2026-02-13 19:07:11.277981,London-db6e,-1,14,Normal
2026-02-13 19:07:12.277981,London-db6e,9,79,Normal
2026-02-13 19:07:13.277981,London-db6e,17,65,Normal
2026-02-13 19:07:14.277981,London-db6e,-30,24,Normal
2026-02-13 19:07:15.277981,London-db6e,33,38,Normal
2026-02-13 19:07:16.277981,London-db6e,32,35,Normal
2026-02-13 19:07:17.277981,London-db6e,-6,62,Normal
2026-02-13 19:07:18.277981,London-db6e,50,94,Normal
2026-02-13 19:07:19.277981,London-db6e,8,26,Normal
2026-02-13 19:07:20.277981,London-db6e,19,19,Normal
2026-02-13 19:07:21.277981,London-db6e,14,17,Normal
2026-02-13 19:07:22.277981,London-db6e,39,79,Normal
2026-02-13 19:07:23.277981,London-db6e,43,47,Normal
2026-02-13 19:07:24.277981,London-db6e,-2,12,Normal
2026-02-13 19:07:25.277981,London-db6e,47,29,Normal
2026-02-13 19:07:26.277981,London-db6e,21,90,Normal
2026-02-13 19:07:27.277981,London-db6e,32,82,Normal
2026-02-13 19:07:28.277981,London-db6e,15,17,Normal
2026-02-13 19:07:29.277981,London-db6e,50,60,Normal
2026-02-13 19:07:30.277981,London-db6e,16,75,Normal
2026-02-13 19:07:31.277981,London-db6e,40,86,Normal
2026-02-13 19:07:32.277981,London-db6e,-24,6,Normal
2026-02-13 19:07:33.277981,London-db6e,25,43,Normal
2026-02-13 19:07:34.277981,London-db6e,16,88,Normal
2026-02-13 19:07:35.277981,London-db6e,17,27,Normal
2026-02-13 19:07:36.277981,London-db6e,1,24,Normal
2026-02-13 19:07:37.277981,London-db6e,9,98,Normal
2026-02-13 19:07:38.277981,London-db6e,35,88,Normal
2026-02-13 19:07:39.277981,London-db6e,28,41,Normal
2026-02-13 19:07:40.277981,London-db6e,5,58,Normal
2026-02-13 19:07:41.277981,London-db6e,-16,12,Normal
2026-02-13 19:07:42.277981,London-db6e,20,33,Normal
2026-02-13 19:07:43.277981,London-db6e,18,9,Normal
2026-02-13 19:07:44.277981,London-db6e,12,4,Normal
2026-02-13 19:07:45.277981,London-db6e,2,36,Normal
2026-02-13 19:07:46.277981,London-db6e,-9,82,Normal
2026-02-13 19:07:47.277981,London-db6e,3,73,Normal
2026-02-13 19:07:48.277981,London-db6e,4,97,Normal
2026-02-13 19:07:49.277981,London-db6e,42,52,Normal
2026-02-13 19:07:50.277981,London-db6e,34,22,Normal
2026-02-13 19:07:51.277981,London-db6e,21,40,Normal
2026-02-13 19:07:52.277981,London-db6e,5,73,Normal
2026-02-13 19:07:53.277981,London-db6e,2,14,Normal
2026-02-13 19:07:54.277981,London-db6e,-21,62,Normal
2026-02-13 19:07:55.277981,London-db6e,48,68,Normal
2026-02-13 19:07:56.277981,London-db6e,29,3,Normal
2026-02-13 19:07:57.277981,London-db6e,49,81,Normal
2026-02-13 19:07:58.277981,London-db6e,43,81,Normal
2026-02-13 19:07:59.277981,London-db6e,-16,20,Normal
2026-02-13 19:08:00.277981,London-db6e,12,47,Normal
2026-02-13 19:08:01.277981,London-db6e,-8,85,Normal
2026-02-13 19:08:02.277981,London-db6e,16,34,Normal
2026-02-13 19:08:03.277981,London-db6e,13,29,Normal
2026-02-13 19:08:04.277981,London-db6e,8,30,Normal
2026-02-13 19:08:05.277981,London-db6e,39,63,Normal
2026-02-13 19:08:06.277981,London-db6e,50,11,Normal
2026-02-13 19:08:07.277981,London-db6e,12,7,Normal
2026-02-13 19:08:08.277981,London-db6e,4,69,Normal
2026-02-13 19:08:09.277981,London-db6e,-19,7,Normal
2026-02-13 19:08:10.277981,London-db6e,-29,93,Normal
2026-02-13 19:08:11.277981,London-db6e,18,10,Normal
2026-02-13 19:08:12.277981,London-db6e,-27,44,Normal
2026-02-13 19:08:13.277981,London-db6e,48,62,Normal
2026-02-13 19:08:14.277981,London-db6e,-14,59,Normal
2026-02-13 19:08:15.277981,London-db6e,-26,54,Normal
2026-02-13 19:08:16.277981,London-db6e,40,90,Normal
2026-02-13 19:08:17.277981,London-db6e,-3,93,Normal
2026-02-13 19:08:18.277981,London-db6e,-10,28,Normal
2026-02-13 19:08:19.277981,London-db6e,38,60,Normal
2026-02-13 19:08:20.277981,London-db6e,49,12,Normal
2026-02-13 19:08:21.277981,London-db6e,-8,18,Normal
2026-02-13 19:08:22.277981,London-db6e,18,89,Normal
2026-02-13 19:08:23.277981,London-db6e,8,2,Normal
2026-02-13 19:08:24.277981,London-db6e,-22,45,Normal
2026-02-13 19:08:25.277981,London-db6e,-2,31,Normal
2026-02-13 19:08:26.277981,London-db6e,-14,12,Normal
2026-02-13 19:08:27.277981,London-db6e,50,90,Normal
2026-02-13 19:08:28.277981,London-db6e,-15,10,Normal
2026-02-13 19:08:29.277981,London-db6e,-13,35,Normal
2026-02-13 19:08:30.277981,London-db6e,40,39,Normal
2026-02-13 19:08:31.277981,London-db6e,-28,37,Normal
2026-02-13 19:08:32.277981,London-db6e,20,90,Normal
2026-02-13 19:08:33.277981,London-db6e,0,1,Normal
2026-02-13 19:08:34.277981,London-db6e,-22,97,Normal
2026-02-13 19:08:35.277981,London-db6e,12,89,Normal
2026-02-13 19:08:36.277981,London-db6e,50,14,Normal
2026-02-13 19:08:37.277981,London-db6e,19,21,Normal
2026-02-13 19:08:38.277981,London-db6e,-23,71,Normal
2026-02-13 19:08:39.277981,London-db6e,28,98,Normal
2026-02-13 19:08:40.277981,London-db6e,5,49,Normal
2026-02-13 19:08:41.277981,London-db6e,37,25,Normal
2026-02-13 19:08:42.277981,London-db6e,28,7,Normal
2026-02-13 19:08:43.277981,London-db6e,11,74,Normal
2026-02-13 19:08:44.277981,London-db6e,4,51,Normal
2026-02-13 19:08:45.277981,London-db6e,21,81,Normal
2026-02-13 19:08:46.277981,London-db6e,-25,83,Normal
2026-02-13 19:08:47.277981,London-db6e,34,4,Normal
2026-02-13 19:08:48.277981,London-db6e,39,77,Normal
2026-02-13 19:08:49.277981,London-db6e,39,17,Normal
2026-02-13 19:08:50.277981,London-db6e,21,66,Normal
2026-02-13 19:08:51.277981,London-db6e,49,27,Normal
2026-02-13 19:08:52.277981,London-db6e,9,44,Normal
2026-02-13 19:08:53.277981,London-db6e,48,76,Normal
2026-02-13 19:08:54.277981,London-db6e,25,35,Normal
2026-02-13 19:08:55.277981,London-db6e,50,94,Normal
2026-02-13 19:08:56.277981,London-db6e,36,98,Normal
2026-02-13 19:08:57.277981,London-db6e,-24,52,Normal
2026-02-13 19:08:58.277981,London-db6e,32,10,Normal
2026-02-13 19:08:59.277981,London-db6e,39,50,Normal
2026-02-13 19:09:00.277981,London-db6e,44,67,Normal
2026-02-13 19:09:01.277981,London-db6e,-19,82,Normal
2026-02-13 19:09:02.277981,London-db6e,-3,38,Normal
2026-02-13 19:09:03.277981,London-db6e,-23,62,Normal
2026-02-13 19:09:04.277981,London-db6e,-7,44,Normal
2026-02-13 19:09:05.277981,London-db6e,8,42,Normal
2026-02-13 19:09:06.277981,London-db6e,2,2,Normal
2026-02-13 19:09:07.277981,London-db6e,42,82,Normal
2026-02-13 19:09:08.277981,London-db6e,-9,55,Normal
2026-02-13 19:09:09.277981,London-db6e,0,38,Normal
2026-02-13 19:09:10.277981,London-db6e,-2,51,Normal
2026-02-13 19:09:11.277981,London-db6e,40,20,Normal
2026-02-13 19:09:12.277981,London-db6e,18,3,Normal
2026-02-13 19:09:13.277981,London-db6e,5,100,Normal
2026-02-13 19:09:14.277981,London-db6e,-4,77,Normal
2026-02-13 19:09:15.277981,London-db6e,-1,95,Normal
2026-02-13 19:09:16.277981,London-db6e,7,90,Normal
2026-02-13 19:09:17.277981,London-db6e,30,83,Normal
2026-02-13 19:09:18.277981,London-db6e,-21,64,Normal
2026-02-13 19:09:19.277981,London-db6e,18,95,Normal
2026-02-13 19:09:20.277981,London-db6e,-25,17,Normal
2026-02-13 19:09:21.277981,London-db6e,39,62,Normal
2026-02-13 19:09:22.277981,London-db6e,49,79,Normal
2026-02-13 19:09:23.277981,London-db6e,-15,88,Normal
2026-02-13 19:09:24.277981,London-db6e,47,21,Normal
2026-02-13 19:09:25.277981,London-db6e,24,33,Normal
2026-02-13 19:09:26.277981,London-db6e,-5,7,Normal
2026-02-13 19:09:27.277981,London-db6e,41,36,Normal
2026-02-13 19:09:28.277981,London-db6e,-7,1,Normal
2026-02-13 19:09:29.277981,London-db6e,12,85,Normal
2026-02-13 19:09:30.277981,London-db6e,-2,40,Normal
2026-02-13 19:09:31.277981,London-db6e,41,61,Normal
2026-02-13 19:09:32.277981,London-db6e,-10,17,Normal
2026-02-13 19:09:33.277981,London-db6e,-5,68,Normal
2026-02-13 19:09:34.277981,London-db6e,17,6,Normal
2026-02-13 19:09:35.277981,London-db6e,-24,46,Normal
2026-02-13 19:09:36.277981,London-db6e,3,92,Normal
2026-02-13 19:09:37.277981,London-db6e,16,74,Normal
2026-02-13 19:09:38.277981,London-db6e,2,47,Normal
2026-02-13 19:09:39.277981,London-db6e,14,87,Normal
2026-02-13 19:09:40.277981,London-db6e,-17,2,Normal
2026-02-13 19:09:41.277981,London-db6e,1,74,Normal
2026-02-13 19:09:42.277981,London-db6e,24,83,Normal
2026-02-13 19:09:43.277981,London-db6e,-21,54,Normal
2026-02-13 19:09:44.277981,London-db6e,42,94,Normal
2026-02-13 19:09:45.277981,London-db6e,12,16,Normal
2026-02-13 19:09:46.277981,London-db6e,47,21,Normal
2026-02-13 19:09:47.277981,London-db6e,26,95,Normal
2026-02-13 19:09:48.277981,London-db6e,-5,32,Normal
2026-02-13 19:09:49.277981,London-db6e,-30,16,Normal
2026-02-13 19:09:50.277981,London-db6e,36,62,Normal
2026-02-13 19:09:51.277981,London-db6e,-21,21,Normal
2026-02-13 19:09:52.277981,London-db6e,49,58,Normal
2026-02-13 19:09:53.277981,London-db6e,-30,43,Normal
2026-02-13 19:09:54.277981,London-db6e,-12,64,Normal
2026-02-13 19:09:55.277981,London-db6e,-11,61,Normal
2026-02-13 19:09:56.277981,London-db6e,3,84,Normal
2026-02-13 19:09:57.277981,London-db6e,15,82,Normal
2026-02-13 19:09:58.277981,London-db6e,-16,35,Normal
2026-02-13 19:09:59.277981,London-db6e,33,58,Normal
2026-02-13 19:10:00.277981,London-db6e,-28,98,Normal
2026-02-13 19:10:01.277981,London-db6e,50,35,Normal
2026-02-13 19:10:02.277981,London-db6e,9,90,Normal
2026-02-13 19:10:03.277981,London-db6e,10,57,Normal
2026-02-13 19:10:04.277981,London-db6e,6,53,Normal
2026-02-13 19:10:05.277981,London-db6e,32,53,Normal
2026-02-13 19:10:06.277981,London-db6e,5,34,Normal
2026-02-13 19:10:07.277981,London-db6e,-27,8,Normal
2026-02-13 19:10:08.277981,London-db6e,-22,86,Normal
2026-02-13 19:10:09.277981,London-db6e,-1,17,Normal
2026-02-13 19:10:10.277981,London-db6e,10,61,Normal
2026-02-13 19:10:11.277981,London-db6e,20,53,Normal
2026-02-13 19:10:12.277981,London-db6e,15,36,Normal
2026-02-13 19:10:13.277981,London-db6e,39,99,Normal
2026-02-13 19:10:14.277981,London-db6e,-25,36,Normal
2026-02-13 19:10:15.277981,London-db6e,43,88,Normal
2026-02-13 19:10:16.277981,London-db6e,30,79,Normal
2026-02-13 19:10:17.277981,London-db6e,48,92,Normal
2026-02-13 19:10:18.277981,London-db6e,13,10,Normal
2026-02-13 19:10:19.277981,London-db6e,-8,44,Normal
2026-02-13 19:10:20.277981,London-db6e,23,82,Normal
2026-02-13 19:10:21.277981,London-db6e,-5,51,Normal
2026-02-13 19:10:22.277981,London-db6e,-19,1,Normal
2026-02-13 19:10:23.277981,London-db6e,50,12,Normal
2026-02-13 19:10:24.277981,London-db6e,21,90,Normal
2026-02-13 19:10:25.277981,London-db6e,30,100,Normal
2026-02-13 19:10:26.277981,London-db6e,-18,49,Normal
2026-02-13 19:10:27.277981,London-db6e,-27,52,Normal
2026-02-13 19:10:28.277981,London-db6e,-23,20,Normal
2026-02-13 19:10:29.277981,London-db6e,8,99,Normal
2026-02-13 19:10:30.277981,London-db6e,35,94,Normal
2026-02-13 19:10:31.277981,London-db6e,-17,69,Normal
2026-02-13 19:10:32.277981,London-db6e,12,4,Normal
2026-02-13 19:10:33.277981,London-db6e,-4,87,Normal
2026-02-13 19:10:34.277981,London-db6e,46,100,Normal
2026-02-13 19:10:35.277981,London-db6e,33,92,Normal
2026-02-13 19:10:36.277981,London-db6e,-4,27,Normal
2026-02-13 19:10:37.277981,London-db6e,8,42,Normal
2026-02-13 19:10:38.277981,London-db6e,28,39,Normal
2026-02-13 19:10:39.277981,London-db6e,-5,63,Normal
2026-02-13 19:10:40.277981,London-db6e,29,45,Normal
2026-02-13 19:10:41.277981,London-db6e,-14,47,Normal
2026-02-13 19:10:42.277981,London-db6e,28,43,Normal
2026-02-13 19:10:43.277981,London-db6e,-28,80,Normal
2026-02-13 19:10:44.277981,London-db6e,-8,3,Normal
2026-02-13 19:10:45.277981,London-db6e,-20,100,Normal
2026-02-13 19:10:46.277981,London-db6e,41,100,Normal
2026-02-13 19:10:47.277981,London-db6e,24,52,Normal
2026-02-13 19:10:48.277981,London-db6e,-10,9,Normal
2026-02-13 19:10:49.277981,London-db6e,-17,20,Normal
2026-02-13 19:10:50.277981,London-db6e,45,65,Normal
2026-02-13 19:10:51.277981,London-db6e,-4,99,Normal
2026-02-13 19:10:52.277981,London-db6e,24,30,Normal
2026-02-13 19:10:53.277981,London-db6e,-1,83,Normal
2026-02-13 19:10:54.277981,London-db6e,11,20,Normal
2026-02-13 19:10:55.277981,London-db6e,5,89,Normal
2026-02-13 19:10:56.277981,London-db6e,8,90,Normal
2026-02-13 19:10:57.277981,London-db6e,-22,14,Normal
2026-02-13 19:10:58.277981,London-db6e,-17,16,Normal
2026-02-13 19:10:59.277981,London-db6e,19,14,Normal
2026-02-13 19:11:00.277981,London-db6e,-4,83,Normal
2026-02-13 19:11:01.277981,London-db6e,31,73,Normal
2026-02-13 19:11:02.277981,London-db6e,-5,9,Normal
2026-02-13 19:11:03.277981,London-db6e,44,90,Normal
2026-02-13 19:11:04.277981,London-db6e,47,40,Normal
2026-02-13 19:11:05.277981,London-db6e,7,98,Normal
2026-02-13 19:11:06.277981,London-db6e,25,29,Normal
2026-02-13 19:11:07.277981,London-db6e,-6,39,Normal
2026-02-13 19:11:08.277981,London-db6e,-3,100,Normal
2026-02-13 19:11:09.277981,London-db6e,49,69,Normal
2026-02-13 19:11:10.277981,London-db6e,46,73,Normal
2026-02-13 19:11:11.277981,London-db6e,-20,60,Normal
2026-02-13 19:11:12.277981,London-db6e,-8,4,Normal
2026-02-13 19:11:13.277981,London-db6e,-26,72,Normal
2026-02-13 19:11:14.277981,London-db6e,45,78,Normal
2026-02-13 19:11:15.277981,London-db6e,-18,94,Normal
2026-02-13 19:11:16.277981,London-db6e,5,10,Normal
2026-02-13 19:11:17.277981,London-db6e,2,72,Normal
2026-02-13 19:11:18.277981,London-db6e,50,44,Normal
2026-02-13 19:11:19.277981,London-db6e,-29,75,Normal
2026-02-13 19:11:20.277981,London-db6e,2,30,Normal
2026-02-13 19:11:21.277981,London-db6e,-5,12,Normal
2026-02-13 19:11:22.277981,London-db6e,-1,69,Normal
2026-02-13 19:11:23.277981,London-db6e,30,75,Normal
2026-02-13 19:11:24.277981,London-db6e,34,29,Normal
2026-02-13 19:11:25.277981,London-db6e,43,22,Normal
2026-02-13 19:11:26.277981,London-db6e,34,46,Normal
2026-02-13 19:11:27.277981,London-db6e,34,43,Normal
2026-02-13 19:11:28.277981,London-db6e,25,34,Normal
2026-02-13 19:11:29.277981,London-db6e,47,35,Normal
2026-02-13 19:11:30.277981,London-db6e,28,85,Normal
2026-02-13 19:11:31.277981,London-db6e,-2,88,Normal
2026-02-13 19:11:32.277981,London-db6e,48,19,Normal
2026-02-13 19:11:33.277981,London-db6e,-30,7,Normal
2026-02-13 19:11:34.277981,London-db6e,17,49,Normal
2026-02-13 19:11:35.277981,London-db6e,-16,96,Normal
2026-02-13 19:11:36.277981,London-db6e,-6,57,Normal
2026-02-13 19:11:37.277981,London-db6e,13,61,Normal
2026-02-13 19:11:38.277981,London-db6e,38,94,Normal
2026-02-13 19:11:39.277981,London-db6e,-17,26,Normal
2026-02-13 19:11:40.277981,London-db6e,-3,49,Normal
2026-02-13 19:11:41.277981,London-db6e,-7,4,Normal
2026-02-13 19:11:42.277981,London-db6e,34,86,Normal
2026-02-13 19:11:43.277981,London-db6e,35,43,Normal
2026-02-13 19:11:44.277981,London-db6e,31,45,Normal
2026-02-13 19:11:45.277981,London-db6e,30,58,Normal
2026-02-13 19:11:46.277981,London-db6e,20,41,Normal
2026-02-13 19:11:47.277981,London-db6e,-25,0,Normal
2026-02-13 19:11:48.277981,London-db6e,12,65,Normal
2026-02-13 19:11:49.277981,London-db6e,37,8,Normal
2026-02-13 19:11:50.277981,London-db6e,18,71,Normal
2026-02-13 19:11:51.277981,London-db6e,50,0,Normal
2026-02-13 19:11:52.277981,London-db6e,30,35,Normal
2026-02-13 19:11:53.277981,London-db6e,14,13,Normal
2026-02-13 19:11:54.277981,London-db6e,40,63,Normal
2026-02-13 19:11:55.277981,London-db6e,17,77,Normal
2026-02-13 19:11:56.277981,London-db6e,-1,76,Normal
2026-02-13 19:11:57.277981,London-db6e,16,0,Normal
2026-02-13 19:11:58.277981,London-db6e,-22,36,Normal
2026-02-13 19:11:59.277981,London-db6e,29,37,Normal
2026-02-13 19:12:00.277981,London-db6e,47,55,Normal
2026-02-13 19:12:01.277981,London-db6e,-14,92,Normal
2026-02-13 19:12:02.277981,London-db6e,30,69,Normal
2026-02-13 19:12:03.277981,London-db6e,-27,70,Normal
2026-02-13 19:12:04.277981,London-db6e,23,38,Normal
2026-02-13 19:12:05.277981,London-db6e,-21,76,Normal
2026-02-13 19:12:06.277981,London-db6e,-24,45,Normal
2026-02-13 19:12:07.277981,London-db6e,7,22,Normal
2026-02-13 19:12:08.277981,London-db6e,23,30,Normal
2026-02-13 19:12:09.277981,London-db6e,12,66,Normal
2026-02-13 19:12:10.277981,London-db6e,-19,19,Normal
2026-02-13 19:12:11.277981,London-db6e,41,48,Normal
2026-02-13 19:12:12.277981,London-db6e,17,77,Normal
2026-02-13 19:12:13.277981,London-db6e,-7,37,Normal
2026-02-13 19:12:14.277981,London-db6e,21,29,Normal
2026-02-13 19:12:15.277981,London-db6e,-23,44,Normal
2026-02-13 19:12:16.277981,London-db6e,-6,5,Normal
2026-02-13 19:12:17.277981,London-db6e,22,32,Normal
2026-02-13 19:12:18.277981,London-db6e,21,100,Normal
2026-02-13 19:12:19.277981,London-db6e,-20,25,Normal
2026-02-13 19:12:20.277981,London-db6e,-29,49,Normal
2026-02-13 19:12:21.277981,London-db6e,39,38,Normal
2026-02-13 19:12:22.277981,London-db6e,40,9,Normal
2026-02-13 19:12:23.277981,London-db6e,33,75,Normal
2026-02-13 19:12:24.277981,London-db6e,-4,15,Normal
2026-02-13 19:12:25.277981,London-db6e,4,34,Normal
2026-02-13 19:12:26.277981,London-db6e,50,70,Normal
2026-02-13 19:12:27.277981,London-db6e,-29,54,Normal
2026-02-13 19:12:28.277981,London-db6e,-4,58,Normal
2026-02-13 19:12:29.277981,London-db6e,37,47,Normal
2026-02-13 19:12:30.277981,London-db6e,-11,33,Normal
2026-02-13 19:12:31.277981,London-db6e,-21,67,Normal
2026-02-13 19:12:32.277981,London-db6e,-19,96,Normal
2026-02-13 19:12:33.277981,London-db6e,-10,35,Normal
2026-02-13 19:12:34.277981,London-db6e,25,95,Normal
2026-02-13 19:12:35.277981,London-db6e,35,97,Normal
2026-02-13 19:12:36.277981,London-db6e,33,44,Normal
2026-02-13 19:12:37.277981,London-db6e,44,35,Normal
2026-02-13 19:12:38.277981,London-db6e,-12,30,Normal
2026-02-13 19:12:39.277981,London-db6e,-4,4,Normal
2026-02-13 19:12:40.277981,London-db6e,3,83,Normal
2026-02-13 19:12:41.277981,London-db6e,-26,99,Normal
2026-02-13 19:12:42.277981,London-db6e,19,92,Normal
2026-02-13 19:12:43.277981,London-db6e,-13,45,Normal
2026-02-13 19:12:44.277981,London-db6e,39,63,Normal
2026-02-13 19:12:45.277981,London-db6e,50,9,Normal
2026-02-13 19:12:46.277981,London-db6e,6,39,Normal
2026-02-13 19:12:47.277981,London-db6e,34,34,Normal
2026-02-13 19:12:48.277981,London-db6e,8,100,Normal
2026-02-13 19:12:49.277981,London-db6e,35,19,Normal
2026-02-13 19:12:50.277981,London-db6e,45,54,Normal
2026-02-13 19:12:51.277981,London-db6e,46,34,Normal
2026-02-13 19:12:52.277981,London-db6e,40,49,Normal
2026-02-13 19:12:53.277981,London-db6e,37,66,Normal
2026-02-13 19:12:54.277981,London-db6e,7,26,Normal
2026-02-13 19:12:55.277981,London-db6e,46,37,Normal
2026-02-13 19:12:56.277981,London-db6e,49,76,Normal
2026-02-13 19:12:57.277981,London-db6e,-7,93,Normal
2026-02-13 19:12:58.277981,London-db6e,-5,13,Normal
2026-02-13 19:12:59.277981,London-db6e,-30,51,Normal
2026-02-13 19:13:00.277981,London-db6e,36,80,Normal
2026-02-13 19:13:01.277981,London-db6e,-1,36,Normal
2026-02-13 19:13:02.277981,London-db6e,-3,18,Normal
2026-02-13 19:13:03.277981,London-db6e,36,84,Normal
2026-02-13 19:13:04.277981,London-db6e,16,96,Normal
2026-02-13 19:13:05.277981,London-db6e,-26,60,Normal
2026-02-13 19:13:06.277981,London-db6e,0,99,Normal
2026-02-13 19:13:07.277981,London-db6e,16,95,Normal
2026-02-13 19:13:08.277981,London-db6e,25,72,Normal
2026-02-13 19:13:09.277981,London-db6e,31,67,Normal
2026-02-13 19:13:10.277981,London-db6e,-13,90,Normal
2026-02-13 19:13:11.277981,London-db6e,-29,47,Normal
2026-02-13 19:13:12.277981,London-db6e,25,25,Normal
2026-02-13 19:13:13.277981,London-db6e,48,88,Normal
2026-02-13 19:13:14.277981,London-db6e,10,2,Normal
2026-02-13 19:13:15.277981,London-db6e,44,56,Normal
2026-02-13 19:13:16.277981,London-db6e,9,35,Normal
2026-02-13 19:13:17.277981,London-db6e,31,77,Normal
2026-02-13 19:13:18.277981,London-db6e,-17,12,Normal
2026-02-13 19:13:19.277981,London-db6e,31,84,Normal
2026-02-13 19:13:20.277981,London-db6e,-7,100,Normal
2026-02-13 19:13:21.277981,London-db6e,-21,42,Normal
2026-02-13 19:13:22.277981,London-db6e,31,32,Normal
2026-02-13 19:13:23.277981,London-db6e,50,21,Normal
2026-02-13 19:13:24.277981,London-db6e,16,77,Normal
2026-02-13 19:13:25.277981,London-db6e,4,27,Normal
2026-02-13 19:13:26.277981,London-db6e,3,42,Normal
2026-02-13 19:13:27.277981,London-db6e,-24,63,Normal
2026-02-13 19:13:28.277981,London-db6e,-11,10,Normal
2026-02-13 19:13:29.277981,London-db6e,37,84,Normal
2026-02-13 19:13:30.277981,London-db6e,-1,22,Normal
2026-02-13 19:13:31.277981,London-db6e,-22,29,Normal
2026-02-13 19:13:32.277981,London-db6e,6,66,Normal
2026-02-13 19:13:33.277981,London-db6e,37,20,Normal
2026-02-13 19:13:34.277981,London-db6e,-22,75,Normal
2026-02-13 19:13:35.277981,London-db6e,30,26,Normal
2026-02-13 19:13:36.277981,London-db6e,31,65,Normal
2026-02-13 19:13:37.277981,London-db6e,-4,51,Normal
2026-02-13 19:13:38.277981,London-db6e,9,84,Normal
2026-02-13 19:13:39.277981,London-db6e,32,69,Normal
2026-02-13 19:13:40.277981,London-db6e,-24,15,Normal
2026-02-13 19:13:41.277981,London-db6e,36,49,Normal
2026-02-13 19:13:42.277981,London-db6e,17,40,Normal
2026-02-13 19:13:43.277981,London-db6e,-2,37,Normal
2026-02-13 19:13:44.277981,London-db6e,-23,44,Normal
2026-02-13 19:13:45.277981,London-db6e,26,55,Normal
2026-02-13 19:13:46.277981,London-db6e,-16,63,Normal
2026-02-13 19:13:47.277981,London-db6e,-26,76,Normal
2026-02-13 19:13:48.277981,London-db6e,-17,57,Normal
2026-02-13 19:13:49.277981,London-db6e,0,25,Normal
2026-02-13 19:13:50.277981,London-db6e,-23,13,Normal
2026-02-13 19:13:51.277981,London-db6e,-2,44,Normal
2026-02-13 19:13:52.277981,London-db6e,24,52,Normal
2026-02-13 19:13:53.277981,London-db6e,48,100,Normal
2026-02-13 19:13:54.277981,London-db6e,-24,61,Normal
2026-02-13 19:13:55.277981,London-db6e,12,30,Normal
2026-02-13 19:13:56.277981,London-db6e,31,87,Normal
2026-02-13 19:13:57.277981,London-db6e,-20,35,Normal
2026-02-13 19:13:58.277981,London-db6e,-1,95,Normal
2026-02-13 19:13:59.277981,London-db6e,17,92,Normal
2026-02-13 19:14:00.277981,London-db6e,-27,96,Normal
2026-02-13 19:14:01.277981,London-db6e,-6,98,Normal
2026-02-13 19:14:02.277981,London-db6e,17,4,Normal
2026-02-13 19:14:03.277981,London-db6e,-27,57,Normal
2026-02-13 19:14:04.277981,London-db6e,-1,70,Normal
2026-02-13 19:14:05.277981,London-db6e,-22,69,Normal
2026-02-13 19:14:06.277981,London-db6e,21,11,Normal
2026-02-13 19:14:07.277981,London-db6e,48,27,Normal
2026-02-13 19:14:08.277981,London-db6e,15,3,Normal
2026-02-13 19:14:09.277981,London-db6e,26,97,Normal
2026-02-13 19:14:10.277981,London-db6e,13,42,Normal
2026-02-13 19:14:11.277981,London-db6e,14,39,Normal
2026-02-13 19:14:12.277981,London-db6e,-24,82,Normal
2026-02-13 19:14:13.277981,London-db6e,-16,70,Normal
2026-02-13 19:14:14.277981,London-db6e,-19,80,Normal
2026-02-13 19:14:15.277981,London-db6e,-9,47,Normal
2026-02-13 19:14:16.277981,London-db6e,14,23,Normal
2026-02-13 19:14:17.277981,London-db6e,46,6,Normal
2026-02-13 19:14:18.277981,London-db6e,10,94,Normal
2026-02-13 19:14:19.277981,London-db6e,28,6,Normal
2026-02-13 19:14:20.277981,London-db6e,31,71,Normal
2026-02-13 19:14:21.277981,London-db6e,-24,21,Normal
2026-02-13 19:14:22.277981,London-db6e,5,62,Normal
2026-02-13 19:14:23.277981,London-db6e,-4,83,Normal
2026-02-13 19:14:24.277981,London-db6e,25,16,Normal
2026-02-13 19:14:25.277981,London-db6e,-19,100,Normal
2026-02-13 19:14:26.277981,London-db6e,22,60,Normal
2026-02-13 19:14:27.277981,London-db6e,-15,100,Normal
2026-02-13 19:14:28.277981,London-db6e,-15,42,Normal
2026-02-13 19:14:29.277981,London-db6e,30,29,Normal
2026-02-13 19:14:30.277981,London-db6e,45,59,Normal
2026-02-13 19:14:31.277981,London-db6e,-22,88,Normal
2026-02-13 19:14:32.277981,London-db6e,-29,97,Normal
2026-02-13 19:14:33.277981,London-db6e,40,86,Normal
2026-02-13 19:14:34.277981,London-db6e,2,87,Normal
2026-02-13 19:14:35.277981,London-db6e,37,12,Normal
2026-02-13 19:14:36.277981,London-db6e,16,85,Normal
2026-02-13 19:14:37.277981,London-db6e,-8,80,Normal
2026-02-13 19:14:38.277981,London-db6e,7,54,Normal
2026-02-13 19:14:39.277981,London-db6e,44,100,Normal
2026-02-13 19:14:40.277981,London-db6e,-15,29,Normal
2026-02-13 19:14:41.277981,London-db6e,46,61,Normal
2026-02-13 19:14:42.277981,London-db6e,49,52,Normal
2026-02-13 19:14:43.277981,London-db6e,-30,89,Normal
2026-02-13 19:14:44.277981,London-db6e,-4,44,Normal
2026-02-13 19:14:45.277981,London-db6e,25,17,Normal
2026-02-13 19:14:46.277981,London-db6e,-9,62,Normal
2026-02-13 19:14:47.277981,London-db6e,4,97,Normal
2026-02-13 19:14:48.277981,London-db6e,30,14,Normal
2026-02-13 19:14:49.277981,London-db6e,19,77,Normal
2026-02-13 19:14:50.277981,London-db6e,-6,54,Normal
2026-02-13 19:14:51.277981,London-db6e,43,94,Normal
2026-02-13 19:14:52.277981,London-db6e,-15,12,Normal
2026-02-13 19:14:53.277981,London-db6e,-3,22,Normal
2026-02-13 19:14:54.277981,London-db6e,44,45,Normal
2026-02-13 19:14:55.277981,London-db6e,-30,71,Normal
2026-02-13 19:14:56.277981,London-db6e,28,37,Normal
2026-02-13 19:14:57.277981,London-db6e,45,82,Normal
2026-02-13 19:14:58.277981,London-db6e,33,57,Normal
2026-02-13 19:14:59.277981,London-db6e,-22,63,Normal
2026-02-13 19:15:00.277981,London-db6e,50,16,Normal
2026-02-13 19:15:01.277981,London-db6e,0,89,Normal
2026-02-13 19:15:02.277981,London-db6e,34,100,Normal
2026-02-13 19:15:03.277981,London-db6e,34,5,Normal
2026-02-13 19:15:04.277981,London-db6e,11,35,Normal
2026-02-13 19:15:05.277981,London-db6e,-2,99,Normal
2026-02-13 19:15:06.277981,London-db6e,48,47,Normal
2026-02-13 19:15:07.277981,London-db6e,6,9,Normal
2026-02-13 19:15:08.277981,London-db6e,4,62,Normal
2026-02-13 19:15:09.277981,London-db6e,26,76,Normal
2026-02-13 19:15:10.277981,London-db6e,-26,71,Normal
2026-02-13 19:15:11.277981,London-db6e,41,59,Normal
2026-02-13 19:15:12.277981,London-db6e,5,35,Normal
2026-02-13 19:15:13.277981,London-db6e,-27,15,Normal
2026-02-13 19:15:14.277981,London-db6e,26,96,Normal
2026-02-13 19:15:15.277981,London-db6e,-22,83,Normal
2026-02-13 19:15:16.277981,London-db6e,46,37,Normal
2026-02-13 19:15:17.277981,London-db6e,-24,79,Normal
2026-02-13 19:15:18.277981,London-db6e,33,54,Normal
2026-02-13 19:15:19.277981,London-db6e,-14,91,Normal
2026-02-13 19:15:20.277981,London-db6e,6,84,Normal
2026-02-13 19:15:21.277981,London-db6e,-19,22,Normal
2026-02-13 19:15:22.277981,London-db6e,-1,45,Normal
2026-02-13 19:15:23.277981,London-db6e,37,47,Normal
2026-02-13 19:15:24.277981,London-db6e,33,25,Normal
2026-02-13 19:15:25.277981,London-db6e,-22,87,Normal
2026-02-13 19:15:26.277981,London-db6e,44,11,Normal
2026-02-13 19:15:27.277981,London-db6e,-27,12,Normal
2026-02-13 19:15:28.277981,London-db6e,-5,75,Normal
2026-02-13 19:15:29.277981,London-db6e,34,100,Normal
2026-02-13 19:15:30.277981,London-db6e,31,66,Normal
2026-02-13 19:15:31.277981,London-db6e,8,94,Normal
2026-02-13 19:15:32.277981,London-db6e,12,32,Normal
2026-02-13 19:15:33.277981,London-db6e,43,18,Normal
2026-02-13 19:15:34.277981,London-db6e,5,96,Normal
2026-02-13 19:15:35.277981,London-db6e,-7,2,Normal
2026-02-13 19:15:36.277981,London-db6e,50,72,Normal
2026-02-13 19:15:37.277981,London-db6e,-9,74,Normal
2026-02-13 19:15:38.277981,London-db6e,-26,19,Normal
2026-02-13 19:15:39.277981,London-db6e,17,1,Normal
2026-02-13 19:15:40.277981,London-db6e,8,63,Normal
2026-02-13 19:15:41.277981,London-db6e,48,17,Normal
2026-02-13 19:15:42.277981,London-db6e,32,27,Normal
2026-02-13 19:15:43.277981,London-db6e,-4,77,Normal
2026-02-13 19:15:44.277981,London-db6e,-19,41,Normal
2026-02-13 19:15:45.277981,London-db6e,-22,52,Normal
2026-02-13 19:15:46.277981,London-db6e,23,46,Normal
2026-02-13 19:15:47.277981,London-db6e,-26,12,Normal
2026-02-13 19:15:48.277981,London-db6e,-11,18,Normal
2026-02-13 19:15:49.277981,London-db6e,24,78,Normal
2026-02-13 19:15:50.277981,London-db6e,9,32,Normal
2026-02-13 19:15:51.277981,London-db6e,33,28,Normal
2026-02-13 19:15:52.277981,London-db6e,7,55,Normal
2026-02-13 19:15:53.277981,London-db6e,-4,46,Normal
2026-02-13 19:15:54.277981,London-db6e,-29,61,Normal
2026-02-13 19:15:55.277981,London-db6e,42,80,Normal
2026-02-13 19:15:56.277981,London-db6e,15,0,Normal
2026-02-13 19:15:57.277981,London-db6e,15,21,Normal
2026-02-13 19:15:58.277981,London-db6e,30,66,Normal
2026-02-13 19:15:59.277981,London-db6e,35,44,Normal
2026-02-13 19:16:00.277981,London-db6e,17,7,Normal
2026-02-13 19:16:01.277981,London-db6e,-19,92,Normal
2026-02-13 19:16:02.277981,London-db6e,6,100,Normal
2026-02-13 19:16:03.277981,London-db6e,32,41,Normal
2026-02-13 19:16:04.277981,London-db6e,0,64,Normal
2026-02-13 19:16:05.277981,London-db6e,36,69,Normal
2026-02-13 19:16:06.277981,London-db6e,-30,32,Normal
2026-02-13 19:16:07.277981,London-db6e,39,49,Normal
2026-02-13 19:16:08.277981,London-db6e,-30,88,Normal
2026-02-13 19:16:09.277981,London-db6e,-9,15,Normal
2026-02-13 19:16:10.277981,London-db6e,38,55,Normal
2026-02-13 19:16:11.277981,London-db6e,10,37,Normal
2026-02-13 19:16:12.277981,London-db6e,4,88,Normal
2026-02-13 19:16:13.277981,London-db6e,2,20,Normal
2026-02-13 19:16:14.277981,London-db6e,-12,97,Normal
2026-02-13 19:16:15.277981,London-db6e,-2,46,Normal
2026-02-13 19:16:16.277981,London-db6e,-20,63,Normal
2026-02-13 19:16:17.277981,London-db6e,47,80,Normal
2026-02-13 19:16:18.277981,London-db6e,13,58,Normal
2026-02-13 19:16:19.277981,London-db6e,21,50,Normal
2026-02-13 19:16:20.277981,London-db6e,26,37,Normal
2026-02-13 19:16:21.277981,London-db6e,-4,60,Normal
2026-02-13 19:16:22.277981,London-db6e,26,16,Normal
2026-02-13 19:16:23.277981,London-db6e,-13,72,Normal
2026-02-13 19:16:24.277981,London-db6e,-16,35,Normal
2026-02-13 19:16:25.277981,London-db6e,47,37,Normal
2026-02-13 19:16:26.277981,London-db6e,34,25,Normal
2026-02-13 19:16:27.277981,London-db6e,34,69,Normal
2026-02-13 19:16:28.277981,London-db6e,-30,50,Normal
2026-02-13 19:16:29.277981,London-db6e,-1,94,Normal
2026-02-13 19:16:30.277981,London-db6e,-13,47,Normal
2026-02-13 19:16:31.277981,London-db6e,20,98,Normal
2026-02-13 19:16:32.277981,London-db6e,-23,13,Normal
2026-02-13 19:16:33.277981,London-db6e,22,22,Normal
2026-02-13 19:16:34.277981,London-db6e,18,18,Normal
2026-02-13 19:16:35.277981,London-db6e,45,86,Normal
2026-02-13 19:16:36.277981,London-db6e,0,87,Normal
2026-02-13 19:16:37.277981,London-db6e,-22,57,Normal
2026-02-13 19:16:38.277981,London-db6e,48,94,Normal
2026-02-13 19:16:39.277981,London-db6e,49,84,Normal
2026-02-13 19:16:40.277981,London-db6e,37,66,Normal
2026-02-13 19:16:41.277981,London-db6e,41,67,Normal
2026-02-13 19:16:42.277981,London-db6e,18,43,Normal
2026-02-13 19:16:43.277981,London-db6e,-18,89,Normal
2026-02-13 19:16:44.277981,London-db6e,-27,9,Normal
2026-02-13 19:16:45.277981,London-db6e,10,9,Normal
2026-02-13 19:16:46.277981,London-db6e,-3,16,Normal
2026-02-13 19:16:47.277981,London-db6e,-11,98,Normal
2026-02-13 19:16:48.277981,London-db6e,20,87,Normal
2026-02-13 19:16:49.277981,London-db6e,-17,34,Normal
2026-02-13 19:16:50.277981,London-db6e,37,4,Normal
2026-02-13 19:16:51.277981,London-db6e,4,27,Normal
2026-02-13 19:16:52.277981,London-db6e,-1,84,Normal
2026-02-13 19:16:53.277981,London-db6e,38,75,Normal
2026-02-13 19:16:54.277981,London-db6e,17,37,Normal
2026-02-13 19:16:55.277981,London-db6e,18,96,Normal
2026-02-13 19:16:56.277981,London-db6e,47,57,Normal
2026-02-13 19:16:57.277981,London-db6e,33,62,Normal
2026-02-13 19:16:58.277981,London-db6e,13,85,Normal
2026-02-13 19:16:59.277981,London-db6e,8,27,Normal
2026-02-13 19:17:00.277981,London-db6e,-14,16,Normal
2026-02-13 19:17:01.277981,London-db6e,19,18,Normal
2026-02-13 19:17:02.277981,London-db6e,-2,86,Normal
2026-02-13 19:17:03.277981,London-db6e,47,48,Normal
2026-02-13 19:17:04.277981,London-db6e,-17,15,Normal
2026-02-13 19:17:05.277981,London-db6e,-9,98,Normal
2026-02-13 19:17:06.277981,London-db6e,30,82,Normal
2026-02-13 19:17:07.277981,London-db6e,-14,81,Normal
2026-02-13 19:17:08.277981,London-db6e,36,9,Normal
2026-02-13 19:17:09.277981,London-db6e,-29,41,Normal
2026-02-13 19:17:10.277981,London-db6e,-17,72,Normal
2026-02-13 19:17:11.277981,London-db6e,36,13,Normal
2026-02-13 19:17:12.277981,London-db6e,-17,30,Normal
2026-02-13 19:17:13.277981,London-db6e,-13,67,Normal
2026-02-13 19:17:14.277981,London-db6e,-23,9,Normal
2026-02-13 19:17:15.277981,London-db6e,11,9,Normal
2026-02-13 19:17:16.277981,London-db6e,34,58,Normal
2026-02-13 19:17:17.277981,London-db6e,15,45,Normal
2026-02-13 19:17:18.277981,London-db6e,23,36,Normal
2026-02-13 19:17:19.277981,London-db6e,-13,41,Normal
2026-02-13 19:17:20.277981,London-db6e,14,50,Normal
2026-02-13 19:17:21.277981,London-db6e,15,12,Normal
2026-02-13 19:17:22.277981,London-db6e,-13,59,Normal
2026-02-13 19:17:23.277981,London-db6e,31,59,Normal
2026-02-13 19:17:24.277981,London-db6e,-13,31,Normal
2026-02-13 19:17:25.277981,London-db6e,-8,16,Normal
2026-02-13 19:17:26.277981,London-db6e,46,2,Normal
2026-02-13 19:17:27.277981,London-db6e,-19,30,Normal
2026-02-13 19:17:28.277981,London-db6e,-28,95,Normal
2026-02-13 19:17:29.277981,London-db6e,-17,1,Normal
2026-02-13 19:17:30.277981,London-db6e,-10,32,Normal
2026-02-13 19:17:31.277981,London-db6e,7,37,Normal
2026-02-13 19:17:32.277981,London-db6e,34,72,Normal
2026-02-13 19:17:33.277981,London-db6e,-2,48,Normal
2026-02-13 19:17:34.277981,London-db6e,41,78,Normal
2026-02-13 19:17:35.277981,London-db6e,-4,27,Normal
2026-02-13 19:17:36.277981,London-db6e,44,94,Normal
2026-02-13 19:17:37.277981,London-db6e,-26,18,Normal
2026-02-13 19:17:38.277981,London-db6e,-7,89,Normal
2026-02-13 19:17:39.277981,London-db6e,40,17,Normal
2026-02-13 19:17:40.277981,London-db6e,50,32,Normal
2026-02-13 19:17:41.277981,London-db6e,-25,18,Normal
2026-02-13 19:17:42.277981,London-db6e,39,66,Normal
2026-02-13 19:17:43.277981,London-db6e,5,95,Normal
2026-02-13 19:17:44.277981,London-db6e,-13,67,Normal
2026-02-13 19:17:45.277981,London-db6e,-14,73,Normal
2026-02-13 19:17:46.277981,London-db6e,19,43,Normal
2026-02-13 19:17:47.277981,London-db6e,38,43,Normal
2026-02-13 19:17:48.277981,London-db6e,31,19,Normal
2026-02-13 19:17:49.277981,London-db6e,-30,19,Normal
2026-02-13 19:17:50.277981,London-db6e,-14,8,Normal
2026-02-13 19:17:51.277981,London-db6e,36,91,Normal
2026-02-13 19:17:52.277981,London-db6e,33,3,Normal
2026-02-13 19:17:53.277981,London-db6e,-8,60,Normal
2026-02-13 19:17:54.277981,London-db6e,-27,53,Normal
2026-02-13 19:17:55.277981,London-db6e,23,68,Normal
2026-02-13 19:17:56.277981,London-db6e,-18,19,Normal
2026-02-13 19:17:57.277981,London-db6e,-24,41,Normal
2026-02-13 19:17:58.277981,London-db6e,-17,74,Normal
2026-02-13 19:17:59.277981,London-db6e,9,26,Normal
2026-02-13 19:18:00.277981,London-db6e,-25,36,Normal
2026-02-13 19:18:01.277981,London-db6e,-23,75,Normal
2026-02-13 19:18:02.277981,London-db6e,2,96,Normal
2026-02-13 19:18:03.277981,London-db6e,1,34,Normal
2026-02-13 19:18:04.277981,London-db6e,12,33,Normal
2026-02-13 19:18:05.277981,London-db6e,14,20,Normal
2026-02-13 19:18:06.277981,London-db6e,-10,23,Normal
2026-02-13 19:18:07.277981,London-db6e,5,14,Normal
2026-02-13 19:18:08.277981,London-db6e,-7,75,Normal
2026-02-13 19:18:09.277981,London-db6e,22,69,Normal
2026-02-13 19:18:10.277981,London-db6e,9,86,Normal
2026-02-13 19:18:11.277981,London-db6e,14,91,Normal
2026-02-13 19:18:12.277981,London-db6e,3,81,Normal
2026-02-13 19:18:13.277981,London-db6e,37,58,Normal
2026-02-13 19:18:14.277981,London-db6e,4,36,Normal
2026-02-13 19:18:15.277981,London-db6e,-11,45,Normal
2026-02-13 19:18:16.277981,London-db6e,-26,69,Normal
2026-02-13 19:18:17.277981,London-db6e,42,56,Normal
2026-02-13 19:18:18.277981,London-db6e,-4,36,Normal
2026-02-13 19:18:19.277981,London-db6e,-28,46,Normal
2026-02-13 19:18:20.277981,London-db6e,30,31,Normal
2026-02-13 19:18:21.277981,London-db6e,41,35,Normal
2026-02-13 19:18:22.277981,London-db6e,45,17,Normal
2026-02-13 19:18:23.277981,London-db6e,50,50,Normal
2026-02-13 19:18:24.277981,London-db6e,-15,95,Normal
2026-02-13 19:18:25.277981,London-db6e,22,3,Normal
2026-02-13 19:18:26.277981,London-db6e,-21,25,Normal
2026-02-13 19:18:27.277981,London-db6e,-6,61,Normal
2026-02-13 19:18:28.277981,London-db6e,-30,14,Normal
2026-02-13 19:18:29.277981,London-db6e,26,22,Normal
2026-02-13 19:18:30.277981,London-db6e,-1,77,Normal
2026-02-13 19:18:31.277981,London-db6e,-26,14,Normal
2026-02-13 19:18:32.277981,London-db6e,-26,65,Normal
2026-02-13 19:18:33.277981,London-db6e,0,82,Normal
2026-02-13 19:18:34.277981,London-db6e,48,73,Normal
2026-02-13 19:18:35.277981,London-db6e,12,59,Normal
2026-02-13 19:18:36.277981,London-db6e,41,93,Normal
2026-02-13 19:18:37.277981,London-db6e,-25,32,Normal
2026-02-13 19:18:38.277981,London-db6e,18,47,Normal
2026-02-13 19:18:39.277981,London-db6e,47,10,Normal
2026-02-13 19:18:40.277981,London-db6e,22,13,Normal
2026-02-13 19:18:41.277981,London-db6e,36,87,Normal
2026-02-13 19:18:42.277981,London-db6e,-10,97,Normal
2026-02-13 19:18:43.277981,London-db6e,-12,53,Normal
2026-02-13 19:18:44.277981,London-db6e,12,4,Normal
2026-02-13 19:18:45.277981,London-db6e,13,28,Normal
2026-02-13 19:18:46.277981,London-db6e,15,48,Normal
2026-02-13 19:18:47.277981,London-db6e,43,91,Normal
2026-02-13 19:18:48.277981,London-db6e,46,38,Normal
2026-02-13 19:18:49.277981,London-db6e,-15,87,Normal
2026-02-13 19:18:50.277981,London-db6e,13,98,Normal
2026-02-13 19:18:51.277981,London-db6e,31,18,Normal
2026-02-13 19:18:52.277981,London-db6e,35,73,Normal
2026-02-13 19:18:53.277981,London-db6e,1,46,Normal
2026-02-13 19:18:54.277981,London-db6e,0,43,Normal
2026-02-13 19:18:55.277981,London-db6e,27,43,Normal
2026-02-13 19:18:56.277981,London-db6e,48,80,Normal
2026-02-13 19:18:57.277981,London-db6e,10,87,Normal
2026-02-13 19:18:58.277981,London-db6e,35,96,Normal
2026-02-13 19:18:59.277981,London-db6e,27,52,Normal
2026-02-13 19:19:00.277981,London-db6e,21,33,Normal
2026-02-13 19:19:01.277981,London-db6e,-24,67,Normal
2026-02-13 19:19:02.277981,London-db6e,45,31,Normal
2026-02-13 19:19:03.277981,London-db6e,34,36,Normal
2026-02-13 19:19:04.277981,London-db6e,29,24,Normal
2026-02-13 19:19:05.277981,London-db6e,47,15,Normal
2026-02-13 19:19:06.277981,London-db6e,4,67,Normal
2026-02-13 19:19:07.277981,London-db6e,38,54,Normal
2026-02-13 19:19:08.277981,London-db6e,50,49,Normal
2026-02-13 19:19:09.277981,London-db6e,-16,72,Normal
2026-02-13 19:19:10.277981,London-db6e,5,75,Normal
2026-02-13 19:19:11.277981,London-db6e,10,88,Normal
2026-02-13 19:19:12.277981,London-db6e,2,73,Normal
2026-02-13 19:19:13.277981,London-db6e,-15,80,Normal
2026-02-13 19:19:14.277981,London-db6e,-5,89,Normal
2026-02-13 19:19:15.277981,London-db6e,18,60,Normal
2026-02-13 19:19:16.277981,London-db6e,11,10,Normal
2026-02-13 19:19:17.277981,London-db6e,26,20,Normal
2026-02-13 19:19:18.277981,London-db6e,-21,89,Normal
2026-02-13 19:19:19.277981,London-db6e,31,73,Normal
2026-02-13 19:19:20.277981,London-db6e,-29,57,Normal
2026-02-13 19:19:21.277981,London-db6e,-7,24,Normal
2026-02-13 19:19:22.277981,London-db6e,21,34,Normal
2026-02-13 19:19:23.277981,London-db6e,7,18,Normal
2026-02-13 19:19:24.277981,London-db6e,36,34,Normal
2026-02-13 19:19:25.277981,London-db6e,-29,77,Normal
2026-02-13 19:19:26.277981,London-db6e,4,45,Normal
2026-02-13 19:19:27.277981,London-db6e,16,47,Normal
2026-02-13 19:19:28.277981,London-db6e,-20,70,Normal
2026-02-13 19:19:29.277981,London-db6e,-8,46,Normal
2026-02-13 19:19:30.277981,London-db6e,39,56,Normal
2026-02-13 19:19:31.277981,London-db6e,42,8,Normal
2026-02-13 19:19:32.277981,London-db6e,25,59,Normal
2026-02-13 19:19:33.277981,London-db6e,28,89,Normal
2026-02-13 19:19:34.277981,London-db6e,-19,86,Normal
2026-02-13 19:19:35.277981,London-db6e,11,67,Normal
2026-02-13 19:19:36.277981,London-db6e,46,12,Normal
2026-02-13 19:19:37.277981,London-db6e,0,75,Normal
2026-02-13 19:19:38.277981,London-db6e,29,35,Normal
2026-02-13 19:19:39.277981,London-db6e,47,26,Normal
2026-02-13 19:19:40.277981,London-db6e,25,47,Normal
2026-02-13 19:19:41.277981,London-db6e,15,81,Normal
2026-02-13 19:19:42.277981,London-db6e,-18,77,Normal
2026-02-13 19:19:43.277981,London-db6e,33,37,Normal
2026-02-13 19:19:44.277981,London-db6e,36,12,Normal
2026-02-13 19:19:45.277981,London-db6e,-17,41,Normal
2026-02-13 19:19:46.277981,London-db6e,-26,4,Normal
2026-02-13 19:19:47.277981,London-db6e,-9,91,Normal
2026-02-13 19:19:48.277981,London-db6e,12,62,Normal
2026-02-13 19:19:49.277981,London-db6e,42,51,Normal
2026-02-13 19:19:50.277981,London-db6e,33,43,Normal
2026-02-13 19:19:51.277981,London-db6e,-24,13,Normal
2026-02-13 19:19:52.277981,London-db6e,16,89,Normal
2026-02-13 19:19:53.277981,London-db6e,21,32,Normal
2026-02-13 19:19:54.277981,London-db6e,48,5,Normal
2026-02-13 19:19:55.277981,London-db6e,1,88,Normal
2026-02-13 19:19:56.277981,London-db6e,16,78,Normal
2026-02-13 19:19:57.277981,London-db6e,23,47,Normal
2026-02-13 19:19:58.277981,London-db6e,1,63,Normal
2026-02-13 19:19:59.277981,London-db6e,-24,11,Normal
2026-02-13 19:20:00.277981,London-db6e,3,39,Normal
2026-02-13 19:20:01.277981,London-db6e,4,32,Normal
2026-02-13 19:20:02.277981,London-db6e,41,46,Normal
2026-02-13 19:20:03.277981,London-db6e,18,24,Normal
2026-02-13 19:20:04.277981,London-db6e,40,85,Normal
2026-02-13 19:20:05.277981,London-db6e,-16,86,Normal
2026-02-13 19:20:06.277981,London-db6e,49,34,Normal
2026-02-13 19:20:07.277981,London-db6e,21,37,Normal
2026-02-13 19:20:08.277981,London-db6e,35,54,Normal
2026-02-13 19:20:09.277981,London-db6e,34,9,Normal
2026-02-13 19:20:10.277981,London-db6e,10,46,Normal
2026-02-13 19:20:11.277981,London-db6e,-16,33,Normal
2026-02-13 19:20:12.277981,London-db6e,-21,27,Normal
2026-02-13 19:20:13.277981,London-db6e,-3,83,Normal
2026-02-13 19:20:14.277981,London-db6e,9,75,Normal
2026-02-13 19:20:15.277981,London-db6e,24,63,Normal
2026-02-13 19:20:16.277981,London-db6e,41,52,Normal
2026-02-13 19:20:17.277981,London-db6e,36,44,Normal
2026-02-13 19:20:18.277981,London-db6e,-6,64,Normal
2026-02-13 19:20:19.277981,London-db6e,-30,100,Normal
2026-02-13 19:20:20.277981,London-db6e,-23,71,Normal
2026-02-13 19:20:21.277981,London-db6e,22,13,Normal
2026-02-13 19:20:22.277981,London-db6e,-8,80,Normal
2026-02-13 19:20:23.277981,London-db6e,-6,67,Normal
2026-02-13 19:20:24.277981,London-db6e,-9,86,Normal
2026-02-13 19:20:25.277981,London-db6e,49,6,Normal
2026-02-13 19:20:26.277981,London-db6e,44,9,Normal
2026-02-13 19:20:27.277981,London-db6e,25,82,Normal
2026-02-13 19:20:28.277981,London-db6e,17,3,Normal
2026-02-13 19:20:29.277981,London-db6e,42,46,Normal
2026-02-13 19:20:30.277981,London-db6e,-25,8,Normal
2026-02-13 19:20:31.277981,London-db6e,6,19,Normal
2026-02-13 19:20:32.277981,London-db6e,18,68,Normal
2026-02-13 19:20:33.277981,London-db6e,36,56,Normal
2026-02-13 19:20:34.277981,London-db6e,-7,91,Normal
2026-02-13 19:20:35.277981,London-db6e,6,6,Normal
2026-02-13 19:20:36.277981,London-db6e,4,29,Normal
2026-02-13 19:20:37.277981,London-db6e,42,53,Normal
2026-02-13 19:20:38.277981,London-db6e,11,20,Normal
2026-02-13 19:20:39.277981,London-db6e,44,27,Normal
2026-02-13 19:20:40.277981,London-db6e,38,95,Normal
2026-02-13 19:20:41.277981,London-db6e,50,49,Normal
2026-02-13 19:20:42.277981,London-db6e,-11,14,Normal
2026-02-13 19:20:43.277981,London-db6e,35,14,Normal
2026-02-13 19:20:44.277981,London-db6e,40,73,Normal
2026-02-13 19:20:45.277981,London-db6e,-10,61,Normal
2026-02-13 19:20:46.277981,London-db6e,2,94,Normal
2026-02-13 19:20:47.277981,London-db6e,14,4,Normal
2026-02-13 19:20:48.277981,London-db6e,30,40,Normal
2026-02-13 19:20:49.277981,London-db6e,5,70,Normal
2026-02-13 19:20:50.277981,London-db6e,-26,12,Normal
2026-02-13 19:20:51.277981,London-db6e,13,60,Normal
2026-02-13 19:20:52.277981,London-db6e,-8,51,Normal
2026-02-13 19:20:53.277981,London-db6e,3,69,Normal
2026-02-13 19:20:54.277981,London-db6e,21,78,Normal
2026-02-13 19:20:55.277981,London-db6e,40,44,Normal
2026-02-13 19:20:56.277981,London-db6e,-26,36,Normal
2026-02-13 19:20:57.277981,London-db6e,-25,34,Normal
2026-02-13 19:20:58.277981,London-db6e,30,99,Normal
2026-02-13 19:20:59.277981,London-db6e,-4,17,Normal
2026-02-13 19:21:00.277981,London-db6e,10,63,Normal
2026-02-13 19:21:01.277981,London-db6e,5,48,Normal
2026-02-13 19:21:02.277981,London-db6e,1,15,Normal
2026-02-13 19:21:03.277981,London-db6e,-29,66,Normal
2026-02-13 19:21:04.277981,London-db6e,-15,73,Normal
2026-02-13 19:21:05.277981,London-db6e,22,63,Normal
2026-02-13 19:21:06.277981,London-db6e,32,61,Normal
2026-02-13 19:21:07.277981,London-db6e,-21,43,Normal
2026-02-13 19:21:08.277981,London-db6e,5,79,Normal
2026-02-13 19:21:09.277981,London-db6e,32,57,Normal
2026-02-13 19:21:10.277981,London-db6e,46,92,Normal
2026-02-13 19:21:11.277981,London-db6e,5,69,Normal
2026-02-13 19:21:12.277981,London-db6e,-6,30,Normal
2026-02-13 19:21:13.277981,London-db6e,1,28,Normal
2026-02-13 19:21:14.277981,London-db6e,12,35,Normal
2026-02-13 19:21:15.277981,London-db6e,31,36,Normal
2026-02-13 19:21:16.277981,London-db6e,-15,84,Normal
2026-02-13 19:21:17.277981,London-db6e,36,79,Normal
2026-02-13 19:21:18.277981,London-db6e,3,93,Normal
2026-02-13 19:21:19.277981,London-db6e,5,59,Normal
2026-02-13 19:21:20.277981,London-db6e,1,43,Normal
2026-02-13 19:21:21.277981,London-db6e,-22,77,Normal
2026-02-13 19:21:22.277981,London-db6e,10,68,Normal
2026-02-13 19:21:23.277981,London-db6e,47,100,Normal
2026-02-13 19:21:24.277981,London-db6e,-22,90,Normal
2026-02-13 19:21:25.277981,London-db6e,-17,42,Normal
2026-02-13 19:21:26.277981,London-db6e,-10,22,Normal
2026-02-13 19:21:27.277981,London-db6e,-5,93,Normal
2026-02-13 19:21:28.277981,London-db6e,-22,54,Normal
2026-02-13 19:21:29.277981,London-db6e,-14,84,Normal
2026-02-13 19:21:30.277981,London-db6e,33,90,Normal
2026-02-13 19:21:31.277981,London-db6e,19,46,Normal
2026-02-13 19:21:32.277981,London-db6e,-9,97,Normal
2026-02-13 19:21:33.277981,London-db6e,-19,54,Normal
2026-02-13 19:21:34.277981,London-db6e,46,97,Normal
2026-02-13 19:21:35.277981,London-db6e,32,85,Normal
2026-02-13 19:21:36.277981,London-db6e,21,49,Normal
2026-02-13 19:21:37.277981,London-db6e,-8,72,Normal
2026-02-13 19:21:38.277981,London-db6e,21,59,Normal
2026-02-13 19:21:39.277981,London-db6e,-20,0,Normal
2026-02-13 19:21:40.277981,London-db6e,19,86,Normal
2026-02-13 19:21:41.277981,London-db6e,-4,57,Normal
2026-02-13 19:21:42.277981,London-db6e,-21,29,Normal
2026-02-13 19:21:43.277981,London-db6e,0,26,Normal
2026-02-13 19:21:44.277981,London-db6e,14,23,Normal
2026-02-13 19:21:45.277981,London-db6e,5,91,Normal
2026-02-13 19:21:46.277981,London-db6e,9,29,Normal
2026-02-13 19:21:47.277981,London-db6e,1,25,Normal
2026-02-13 19:21:48.277981,London-db6e,-7,87,Normal
2026-02-13 19:21:49.277981,London-db6e,-7,78,Normal
2026-02-13 19:21:50.277981,London-db6e,25,100,Normal
2026-02-13 19:21:51.277981,London-db6e,31,98,Normal
2026-02-13 19:21:52.277981,London-db6e,22,89,Normal
2026-02-13 19:21:53.277981,London-db6e,20,44,Normal
2026-02-13 19:21:54.277981,London-db6e,-12,94,Normal
2026-02-13 19:21:55.277981,London-db6e,-17,72,Normal
2026-02-13 19:21:56.277981,London-db6e,-11,78,Normal
2026-02-13 19:21:57.277981,London-db6e,-9,6,Normal
2026-02-13 19:21:58.277981,London-db6e,-6,9,Normal
2026-02-13 19:21:59.277981,London-db6e,14,69,Normal
2026-02-13 19:22:00.277981,London-db6e,18,60,Normal
2026-02-13 19:22:01.277981,London-db6e,49,80,Normal
2026-02-13 19:22:02.277981,London-db6e,17,74,Normal
2026-02-13 19:22:03.277981,London-db6e,-22,47,Normal
2026-02-13 19:22:04.277981,London-db6e,41,4,Normal
2026-02-13 19:22:05.277981,London-db6e,13,41,Normal
2026-02-13 19:22:06.277981,London-db6e,-5,94,Normal
2026-02-13 19:22:07.277981,London-db6e,17,50,Normal
2026-02-13 19:22:08.277981,London-db6e,3,9,Normal
2026-02-13 19:22:09.277981,London-db6e,-25,55,Normal
2026-02-13 19:22:10.277981,London-db6e,47,85,Normal
2026-02-13 19:22:11.277981,London-db6e,18,28,Normal
2026-02-13 19:22:12.277981,London-db6e,48,28,Normal
2026-02-13 19:22:13.277981,London-db6e,7,72,Normal
2026-02-13 19:22:14.277981,London-db6e,6,12,Normal
2026-02-13 19:22:15.277981,London-db6e,27,24,Normal
2026-02-13 19:22:16.277981,London-db6e,-23,81,Normal
2026-02-13 19:22:17.277981,London-db6e,49,65,Normal
2026-02-13 19:22:18.277981,London-db6e,-13,71,Normal
2026-02-13 19:22:19.277981,London-db6e,-27,24,Normal
2026-02-13 19:22:20.277981,London-db6e,32,73,Normal
2026-02-13 19:22:21.277981,London-db6e,12,74,Normal
2026-02-13 19:22:22.277981,London-db6e,-4,26,Normal
2026-02-13 19:22:23.277981,London-db6e,-22,67,Normal
2026-02-13 19:22:24.277981,London-db6e,-14,71,Normal
2026-02-13 19:22:25.277981,London-db6e,26,86,Normal
2026-02-13 19:22:26.277981,London-db6e,-28,11,Normal
2026-02-13 19:22:27.277981,London-db6e,-26,50,Normal
2026-02-13 19:22:28.277981,London-db6e,24,92,Normal
2026-02-13 19:22:29.277981,London-db6e,45,87,Normal
2026-02-13 19:22:30.277981,London-db6e,43,51,Normal
2026-02-13 19:22:31.277981,London-db6e,29,19,Normal
2026-02-13 19:22:32.277981,London-db6e,49,31,Normal
2026-02-13 19:22:33.277981,London-db6e,10,80,Normal
2026-02-13 19:22:34.277981,London-db6e,38,9,Normal
2026-02-13 19:22:35.277981,London-db6e,-1,70,Normal
2026-02-13 19:22:36.277981,London-db6e,20,51,Normal
2026-02-13 19:22:37.277981,London-db6e,6,3,Normal
2026-02-13 19:22:38.277981,London-db6e,35,55,Normal
2026-02-13 19:22:39.277981,London-db6e,42,16,Normal
2026-02-13 19:22:40.277981,London-db6e,16,53,Normal
2026-02-13 19:22:41.277981,London-db6e,39,58,Normal
2026-02-13 19:22:42.277981,London-db6e,-13,91,Normal
2026-02-13 19:22:43.277981,London-db6e,17,2,Normal
2026-02-13 19:22:44.277981,London-db6e,31,65,Normal
2026-02-13 19:22:45.277981,London-db6e,-2,46,Normal
2026-02-13 19:22:46.277981,London-db6e,37,63,Normal
2026-02-13 19:22:47.277981,London-db6e,14,4,Normal
2026-02-13 19:22:48.277981,London-db6e,-11,31,Normal
2026-02-13 19:22:49.277981,London-db6e,39,13,Normal
2026-02-13 19:22:50.277981,London-db6e,47,14,Normal
2026-02-13 19:22:51.277981,London-db6e,33,44,Normal
2026-02-13 19:22:52.277981,London-db6e,44,22,Normal
2026-02-13 19:22:53.277981,London-db6e,7,81,Normal
2026-02-13 19:22:54.277981,London-db6e,-6,16,Normal
2026-02-13 19:22:55.277981,London-db6e,-8,96,Normal
2026-02-13 19:22:56.277981,London-db6e,2,32,Normal
2026-02-13 19:22:57.277981,London-db6e,-29,41,Normal
2026-02-13 19:22:58.277981,London-db6e,-13,66,Normal
2026-02-13 19:22:59.277981,London-db6e,46,99,Normal
2026-02-13 19:23:00.277981,London-db6e,15,92,Normal
2026-02-13 19:23:01.277981,London-db6e,43,87,Normal
2026-02-13 19:23:02.277981,London-db6e,8,61,Normal
2026-02-13 19:23:03.277981,London-db6e,2,22,Normal
2026-02-13 19:23:04.277981,London-db6e,2,11,Normal
2026-02-13 19:23:05.277981,London-db6e,40,42,Normal
2026-02-13 19:23:06.277981,London-db6e,-20,29,Normal
2026-02-13 19:23:07.277981,London-db6e,-1,22,Normal
2026-02-13 19:23:08.277981,London-db6e,9,84,Normal
2026-02-13 19:23:09.277981,London-db6e,34,24,Normal
2026-02-13 19:23:10.277981,London-db6e,36,85,Normal
2026-02-13 19:23:11.277981,London-db6e,-5,29,Normal
2026-02-13 19:23:12.277981,London-db6e,16,69,Normal
2026-02-13 19:23:13.277981,London-db6e,6,13,Normal
2026-02-13 19:23:14.277981,London-db6e,-22,13,Normal
2026-02-13 19:23:15.277981,London-db6e,-29,82,Normal
2026-02-13 19:23:16.277981,London-db6e,50,59,Normal
2026-02-13 19:23:17.277981,London-db6e,-15,75,Normal
2026-02-13 19:23:18.277981,London-db6e,-24,9,Normal
2026-02-13 19:23:19.277981,London-db6e,38,96,Normal
2026-02-13 19:23:20.277981,London-db6e,25,31,Normal
2026-02-13 19:23:21.277981,London-db6e,21,79,Normal
2026-02-13 19:23:22.277981,London-db6e,10,0,Normal
2026-02-13 19:23:23.277981,London-db6e,49,4,Normal
2026-02-13 19:23:24.277981,London-db6e,36,2,Normal
2026-02-13 19:23:25.277981,London-db6e,3,95,Normal
2026-02-13 19:23:26.277981,London-db6e,29,72,Normal
2026-02-13 19:23:27.277981,London-db6e,25,67,Normal
2026-02-13 19:23:28.277981,London-db6e,39,47,Normal
2026-02-13 19:23:29.277981,London-db6e,34,92,Normal
2026-02-13 19:23:30.277981,London-db6e,-20,6,Normal
2026-02-13 19:23:31.277981,London-db6e,-28,69,Normal
2026-02-13 19:23:32.277981,London-db6e,7,24,Normal
2026-02-13 19:23:33.277981,London-db6e,-6,86,Normal
2026-02-13 19:23:34.277981,London-db6e,3,99,Normal
2026-02-13 19:23:35.277981,London-db6e,6,68,Normal
2026-02-13 19:23:36.277981,London-db6e,7,87,Normal
2026-02-13 19:23:37.277981,London-db6e,-3,10,Normal
2026-02-13 19:23:38.277981,London-db6e,11,3,Normal
2026-02-13 19:23:39.277981,London-db6e,23,76,Normal
2026-02-13 19:23:40.277981,London-db6e,48,13,Normal
2026-02-13 19:23:41.277981,London-db6e,33,82,Normal
2026-02-13 19:23:42.277981,London-db6e,16,44,Normal
2026-02-13 19:23:43.277981,London-db6e,40,47,Normal
2026-02-13 19:23:44.277981,London-db6e,-6,20,Normal
2026-02-13 19:23:45.277981,London-db6e,-7,4,Normal
2026-02-13 19:23:46.277981,London-db6e,0,93,Normal
2026-02-13 19:23:47.277981,London-db6e,-22,87,Normal
2026-02-13 19:23:48.277981,London-db6e,33,37,Normal
2026-02-13 19:23:49.277981,London-db6e,39,81,Normal
2026-02-13 19:23:50.277981,London-db6e,44,60,Normal
2026-02-13 19:23:51.277981,London-db6e,-2,30,Normal
2026-02-13 19:23:52.277981,London-db6e,24,74,Normal
2026-02-13 19:23:53.277981,London-db6e,30,54,Normal
2026-02-13 19:23:54.277981,London-db6e,5,8,Normal
2026-02-13 19:23:55.277981,London-db6e,13,30,Normal
2026-02-13 19:23:56.277981,London-db6e,18,99,Normal
2026-02-13 19:23:57.277981,London-db6e,-13,67,Normal
2026-02-13 19:23:58.277981,London-db6e,48,47,Normal
2026-02-13 19:23:59.277981,London-db6e,-29,18,Normal
2026-02-13 19:24:00.277981,London-db6e,25,88,Normal
2026-02-13 19:24:01.277981,London-db6e,-24,41,Normal
2026-02-13 19:24:02.277981,London-db6e,-13,18,Normal
2026-02-13 19:24:03.277981,London-db6e,13,71,Normal
2026-02-13 19:24:04.277981,London-db6e,32,70,Normal
2026-02-13 19:24:05.277981,London-db6e,42,44,Normal
2026-02-13 19:24:06.277981,London-db6e,9,16,Normal
2026-02-13 19:24:07.277981,London-db6e,15,99,Normal
2026-02-13 19:24:08.277981,London-db6e,38,97,Normal
2026-02-13 19:24:09.277981,London-db6e,-8,48,Normal
2026-02-13 19:24:10.277981,London-db6e,3,23,Normal
2026-02-13 19:24:11.277981,London-db6e,39,95,Normal
2026-02-13 19:24:12.277981,London-db6e,47,88,Normal
2026-02-13 19:24:13.277981,London-db6e,-15,63,Normal
2026-02-13 19:24:14.277981,London-db6e,19,97,Normal
2026-02-13 19:24:15.277981,London-db6e,-24,60,Normal
2026-02-13 19:24:16.277981,London-db6e,46,11,Normal
2026-02-13 19:24:17.277981,London-db6e,21,46,Normal
2026-02-13 19:24:18.277981,London-db6e,17,99,Normal
2026-02-13 19:24:19.277981,London-db6e,27,90,Normal
2026-02-13 19:24:20.277981,London-db6e,-13,88,Normal
2026-02-13 19:24:21.277981,London-db6e,44,37,Normal
2026-02-13 19:24:22.277981,London-db6e,-11,36,Normal
2026-02-13 19:24:23.277981,London-db6e,-17,55,Normal
2026-02-13 19:24:24.277981,London-db6e,0,75,Normal
2026-02-13 19:24:25.277981,London-db6e,50,7,Normal
2026-02-13 19:24:26.277981,London-db6e,24,87,Normal
2026-02-13 19:24:27.277981,London-db6e,17,53,Normal
2026-02-13 19:24:28.277981,London-db6e,-2,48,Normal
2026-02-13 19:24:29.277981,London-db6e,36,3,Normal
2026-02-13 19:24:30.277981,London-db6e,-21,60,Normal
2026-02-13 19:24:31.277981,London-db6e,40,63,Normal
2026-02-13 19:24:32.277981,London-db6e,8,9,Normal
2026-02-13 19:24:33.277981,London-db6e,9,65,Normal
2026-02-13 19:24:34.277981,London-db6e,42,22,Normal
2026-02-13 19:24:35.277981,London-db6e,11,52,Normal
2026-02-13 19:24:36.277981,London-db6e,33,62,Normal
2026-02-13 19:24:37.277981,London-db6e,35,66,Normal
2026-02-13 19:24:38.277981,London-db6e,-25,55,Normal
2026-02-13 19:24:39.277981,London-db6e,29,38,Normal
2026-02-13 19:24:40.277981,London-db6e,23,60,Normal
2026-02-13 19:24:41.277981,London-db6e,5,23,Normal
2026-02-13 19:24:42.277981,London-db6e,48,93,Normal
2026-02-13 19:24:43.277981,London-db6e,4,63,Normal
2026-02-13 19:24:44.277981,London-db6e,24,69,Normal
2026-02-13 19:24:45.277981,London-db6e,13,66,Normal
2026-02-13 19:24:46.277981,London-db6e,9,29,Normal
2026-02-13 19:24:47.277981,London-db6e,-6,53,Normal
2026-02-13 19:24:48.277981,London-db6e,46,80,Normal
2026-02-13 19:24:49.277981,London-db6e,17,42,Normal
2026-02-13 19:24:50.277981,London-db6e,23,72,Normal
2026-02-13 19:24:51.277981,London-db6e,24,84,Normal
2026-02-13 19:24:52.277981,London-db6e,48,37,Normal
2026-02-13 19:24:53.277981,London-db6e,13,61,Normal
2026-02-13 19:24:54.277981,London-db6e,-19,18,Normal
2026-02-13 19:24:55.277981,London-db6e,-19,35,Normal
2026-02-13 19:24:56.277981,London-db6e,30,73,Normal
2026-02-13 19:24:57.277981,London-db6e,-21,41,Normal
2026-02-13 19:24:58.277981,London-db6e,-4,4,Normal
2026-02-13 19:24:59.277981,London-db6e,23,8,Normal
2026-02-13 19:25:00.277981,London-db6e,-6,41,Normal
2026-02-13 19:25:01.277981,London-db6e,36,89,Normal
2026-02-13 19:25:02.277981,London-db6e,-24,80,Normal
2026-02-13 19:25:03.277981,London-db6e,-7,52,Normal
2026-02-13 19:25:04.277981,London-db6e,12,55,Normal
2026-02-13 19:25:05.277981,London-db6e,22,94,Normal
2026-02-13 19:25:06.277981,London-db6e,1,85,Normal
2026-02-13 19:25:07.277981,London-db6e,-24,52,Normal
2026-02-13 19:25:08.277981,London-db6e,-16,23,Normal
2026-02-13 19:25:09.277981,London-db6e,23,35,Normal
2026-02-13 19:25:10.277981,London-db6e,39,45,Normal
2026-02-13 19:25:11.277981,London-db6e,43,6,Normal
2026-02-13 19:25:12.277981,London-db6e,-2,1,Normal
2026-02-13 19:25:13.277981,London-db6e,40,45,Normal
2026-02-13 19:25:14.277981,London-db6e,-30,95,Normal
2026-02-13 19:25:15.277981,London-db6e,-3,64,Normal
2026-02-13 19:25:16.277981,London-db6e,1,87,Normal
2026-02-13 19:25:17.277981,London-db6e,6,4,Normal
2026-02-13 19:25:18.277981,London-db6e,10,4,Normal
2026-02-13 19:25:19.277981,London-db6e,12,33,Normal
2026-02-13 19:25:20.277981,London-db6e,15,13,Normal
2026-02-13 19:25:21.277981,London-db6e,15,35,Normal
2026-02-13 19:25:22.277981,London-db6e,50,69,Normal
2026-02-13 19:25:23.277981,London-db6e,46,64,Normal
2026-02-13 19:25:24.277981,London-db6e,-29,78,Normal
2026-02-13 19:25:25.277981,London-db6e,0,18,Normal
2026-02-13 19:25:26.277981,London-db6e,35,99,Normal
2026-02-13 19:25:27.277981,London-db6e,12,61,Normal
2026-02-13 19:25:28.277981,London-db6e,22,99,Normal
2026-02-13 19:25:29.277981,London-db6e,14,47,Normal
2026-02-13 19:25:30.277981,London-db6e,-22,38,Normal
2026-02-13 19:25:31.277981,London-db6e,-4,100,Normal
2026-02-13 19:25:32.277981,London-db6e,-18,73,Normal
2026-02-13 19:25:33.277981,London-db6e,39,98,Normal
2026-02-13 19:25:34.277981,London-db6e,-8,96,Normal
2026-02-13 19:25:35.277981,London-db6e,38,3,Normal
2026-02-13 19:25:36.277981,London-db6e,38,70,Normal
2026-02-13 19:25:37.277981,London-db6e,15,0,Normal
2026-02-13 19:25:38.277981,London-db6e,45,23,Normal
2026-02-13 19:25:39.277981,London-db6e,-20,17,Normal
2026-02-13 19:25:40.277981,London-db6e,24,98,Normal
2026-02-13 19:25:41.277981,London-db6e,-18,71,Normal
2026-02-13 19:25:42.277981,London-db6e,-15,76,Normal
2026-02-13 19:25:43.277981,London-db6e,9,50,Normal
2026-02-13 19:25:44.277981,London-db6e,18,59,Normal
2026-02-13 19:25:45.277981,London-db6e,6,36,Normal
2026-02-13 19:25:46.277981,London-db6e,37,16,Normal
2026-02-13 19:25:47.277981,London-db6e,14,78,Normal
2026-02-13 19:25:48.277981,London-db6e,-29,51,Normal
2026-02-13 19:25:49.277981,London-db6e,-22,99,Normal
2026-02-13 19:25:50.277981,London-db6e,-15,25,Normal
2026-02-13 19:25:51.277981,London-db6e,-16,25,Normal
2026-02-13 19:25:52.277981,London-db6e,-10,97,Normal
2026-02-13 19:25:53.277981,London-db6e,36,95,Normal
2026-02-13 19:25:54.277981,London-db6e,18,54,Normal
2026-02-13 19:25:55.277981,London-db6e,44,86,Normal
2026-02-13 19:25:56.277981,London-db6e,44,64,Normal
2026-02-13 19:25:57.277981,London-db6e,30,1,Normal
2026-02-13 19:25:58.277981,London-db6e,11,82,Normal
2026-02-13 19:25:59.277981,London-db6e,-27,52,Normal
2026-02-13 19:26:00.277981,London-db6e,23,23,Normal
2026-02-13 19:26:01.277981,London-db6e,-7,68,Normal
2026-02-13 19:26:02.277981,London-db6e,40,45,Normal
2026-02-13 19:26:03.277981,London-db6e,-3,49,Normal
2026-02-13 19:26:04.277981,London-db6e,24,45,Normal
2026-02-13 19:26:05.277981,London-db6e,1,61,Normal
2026-02-13 19:26:06.277981,London-db6e,25,22,Normal
2026-02-13 19:26:07.277981,London-db6e,-17,23,Normal
2026-02-13 19:26:08.277981,London-db6e,35,1,Normal
2026-02-13 19:26:09.277981,London-db6e,19,66,Normal
2026-02-13 19:26:10.277981,London-db6e,4,65,Normal
2026-02-13 19:26:11.277981,London-db6e,32,30,Normal
2026-02-13 19:26:12.277981,London-db6e,17,15,Normal
2026-02-13 19:26:13.277981,London-db6e,16,44,Normal
2026-02-13 19:26:14.277981,London-db6e,34,48,Normal
2026-02-13 19:26:15.277981,London-db6e,-30,41,Normal
2026-02-13 19:26:16.277981,London-db6e,-18,39,Normal
2026-02-13 19:26:17.277981,London-db6e,39,17,Normal
2026-02-13 19:26:18.277981,London-db6e,-11,56,Normal
2026-02-13 19:26:19.277981,London-db6e,-1,71,Normal
2026-02-13 19:26:20.277981,London-db6e,34,70,Normal
2026-02-13 19:26:21.277981,London-db6e,-16,55,Normal
2026-02-13 19:26:22.277981,London-db6e,21,60,Normal
2026-02-13 19:26:23.277981,London-db6e,-19,84,Normal
2026-02-13 19:26:24.277981,London-db6e,29,85,Normal
2026-02-13 19:26:25.277981,London-db6e,19,66,Normal
2026-02-13 19:26:26.277981,London-db6e,31,98,Normal
2026-02-13 19:26:27.277981,London-db6e,-6,99,Normal
2026-02-13 19:26:28.277981,London-db6e,19,47,Normal
2026-02-13 19:26:29.277981,London-db6e,18,43,Normal
2026-02-13 19:26:30.277981,London-db6e,8,97,Normal
2026-02-13 19:26:31.277981,London-db6e,17,57,Normal
2026-02-13 19:26:32.277981,London-db6e,14,87,Normal
2026-02-13 19:26:33.277981,London-db6e,36,53,Normal
2026-02-13 19:26:34.277981,London-db6e,-20,60,Normal
2026-02-13 19:26:35.277981,London-db6e,-25,94,Normal
2026-02-13 19:26:36.277981,London-db6e,-6,66,Normal
2026-02-13 19:26:37.277981,London-db6e,38,58,Normal
2026-02-13 19:26:38.277981,London-db6e,13,62,Normal
2026-02-13 19:26:39.277981,London-db6e,-9,81,Normal
2026-02-13 19:26:40.277981,London-db6e,-17,16,Normal
2026-02-13 19:26:41.277981,London-db6e,40,92,Normal
2026-02-13 19:26:42.277981,London-db6e,18,46,Normal
2026-02-13 19:26:43.277981,London-db6e,16,43,Normal
2026-02-13 19:26:44.277981,London-db6e,3,72,Normal
2026-02-13 19:26:45.277981,London-db6e,-6,100,Normal
2026-02-13 19:26:46.277981,London-db6e,11,71,Normal
2026-02-13 19:26:47.277981,London-db6e,46,39,Normal
2026-02-13 19:26:48.277981,London-db6e,1,24,Normal
2026-02-13 19:26:49.277981,London-db6e,46,40,Normal
2026-02-13 19:26:50.277981,London-db6e,22,35,Normal
2026-02-13 19:26:51.277981,London-db6e,-19,69,Normal
2026-02-13 19:26:52.277981,London-db6e,-13,76,Normal
2026-02-13 19:26:53.277981,London-db6e,6,52,Normal
2026-02-13 19:26:54.277981,London-db6e,40,42,Normal
2026-02-13 19:26:55.277981,London-db6e,46,20,Normal
2026-02-13 19:26:56.277981,London-db6e,30,99,Normal
2026-02-13 19:26:57.277981,London-db6e,39,74,Normal
2026-02-13 19:26:58.277981,London-db6e,8,32,Normal
2026-02-13 19:26:59.277981,London-db6e,-14,34,Normal
2026-02-13 19:27:00.277981,London-db6e,31,47,Normal
2026-02-13 19:27:01.277981,London-db6e,-22,35,Normal
2026-02-13 19:27:02.277981,London-db6e,-4,60,Normal
2026-02-13 19:27:03.277981,London-db6e,43,50,Normal
2026-02-13 19:27:04.277981,London-db6e,48,58,Normal
2026-02-13 19:27:05.277981,London-db6e,-7,52,Normal
2026-02-13 19:27:06.277981,London-db6e,-2,89,Normal
2026-02-13 19:27:07.277981,London-db6e,-29,8,Normal
2026-02-13 19:27:08.277981,London-db6e,-30,61,Normal
2026-02-13 19:27:09.277981,London-db6e,36,86,Normal
2026-02-13 19:27:10.277981,London-db6e,19,63,Normal
2026-02-13 19:27:11.277981,London-db6e,11,89,Normal
2026-02-13 19:27:12.277981,London-db6e,-19,78,Normal
2026-02-13 19:27:13.277981,London-db6e,-25,69,Normal
2026-02-13 19:27:14.277981,London-db6e,7,0,Normal
2026-02-13 19:27:15.277981,London-db6e,-16,92,Normal
2026-02-13 19:27:16.277981,London-db6e,47,52,Normal
2026-02-13 19:27:17.277981,London-db6e,41,70,Normal
2026-02-13 19:27:18.277981,London-db6e,29,90,Normal
2026-02-13 19:27:19.277981,London-db6e,46,41,Normal
2026-02-13 19:27:20.277981,London-db6e,48,26,Normal
2026-02-13 19:27:21.277981,London-db6e,28,42,Normal
2026-02-13 19:27:22.277981,London-db6e,-8,24,Normal
2026-02-13 19:27:23.277981,London-db6e,38,84,Normal
2026-02-13 19:27:24.277981,London-db6e,46,33,Normal
2026-02-13 19:27:25.277981,London-db6e,-2,35,Normal
2026-02-13 19:27:26.277981,London-db6e,-2,50,Normal
2026-02-13 19:27:27.277981,London-db6e,-30,42,Normal
2026-02-13 19:27:28.277981,London-db6e,-21,93,Normal
2026-02-13 19:27:29.277981,London-db6e,-13,73,Normal
2026-02-13 19:27:30.277981,London-db6e,10,55,Normal
2026-02-13 19:27:31.277981,London-db6e,19,22,Normal
2026-02-13 19:27:32.277981,London-db6e,46,55,Normal
2026-02-13 19:27:33.277981,London-db6e,-11,0,Normal
2026-02-13 19:27:34.277981,London-db6e,14,15,Normal
2026-02-13 19:27:35.277981,London-db6e,-16,16,Normal
2026-02-13 19:27:36.277981,London-db6e,27,9,Normal
2026-02-13 19:27:37.277981,London-db6e,31,98,Normal
2026-02-13 19:27:38.277981,London-db6e,2,82,Normal
2026-02-13 19:27:39.277981,London-db6e,30,26,Normal
2026-02-13 19:27:40.277981,London-db6e,-10,58,Normal
2026-02-13 19:27:41.277981,London-db6e,-8,64,Normal
2026-02-13 19:27:42.277981,London-db6e,29,67,Normal
2026-02-13 19:27:43.277981,London-db6e,11,42,Normal
2026-02-13 19:27:44.277981,London-db6e,18,41,Normal
2026-02-13 19:27:45.277981,London-db6e,26,0,Normal
2026-02-13 19:27:46.277981,London-db6e,32,71,Normal
2026-02-13 19:27:47.277981,London-db6e,30,4,Normal
2026-02-13 19:27:48.277981,London-db6e,39,99,Normal
2026-02-13 19:27:49.277981,London-db6e,-30,55,Normal
2026-02-13 19:27:50.277981,London-db6e,-7,78,Normal
2026-02-13 19:27:51.277981,London-db6e,-18,42,Normal
2026-02-13 19:27:52.277981,London-db6e,50,71,Normal
2026-02-13 19:27:53.277981,London-db6e,-28,50,Normal
2026-02-13 19:27:54.277981,London-db6e,-6,79,Normal
2026-02-13 19:27:55.277981,London-db6e,-4,72,Normal
2026-02-13 19:27:56.277981,London-db6e,13,26,Normal
2026-02-13 19:27:57.277981,London-db6e,21,18,Normal
2026-02-13 19:27:58.277981,London-db6e,17,37,Normal
2026-02-13 19:27:59.277981,London-db6e,3,85,Normal
2026-02-13 19:28:00.277981,London-db6e,15,25,Normal
2026-02-13 19:28:01.277981,London-db6e,48,9,Normal
2026-02-13 19:28:02.277981,London-db6e,8,90,Normal
2026-02-13 19:28:03.277981,London-db6e,-2,72,Normal
2026-02-13 19:28:04.277981,London-db6e,5,82,Normal
2026-02-13 19:28:05.277981,London-db6e,-11,68,Normal
2026-02-13 19:28:06.277981,London-db6e,47,65,Normal
2026-02-13 19:28:07.277981,London-db6e,-5,6,Normal
2026-02-13 19:28:08.277981,London-db6e,44,3,Normal
2026-02-13 19:28:09.277981,London-db6e,-14,30,Normal
2026-02-13 19:28:10.277981,London-db6e,23,0,Normal
2026-02-13 19:28:11.277981,London-db6e,-17,69,Normal
2026-02-13 19:28:12.277981,London-db6e,-23,45,Normal
2026-02-13 19:28:13.277981,London-db6e,-9,88,Normal
2026-02-13 19:28:14.277981,London-db6e,-23,61,Normal
2026-02-13 19:28:15.277981,London-db6e,-13,76,Normal
2026-02-13 19:28:16.277981,London-db6e,50,92,Normal
2026-02-13 19:28:17.277981,London-db6e,44,47,Normal
2026-02-13 19:28:18.277981,London-db6e,11,2,Normal
2026-02-13 19:28:19.277981,London-db6e,-9,0,Normal
2026-02-13 19:28:20.277981,London-db6e,5,77,Normal
2026-02-13 19:28:21.277981,London-db6e,29,61,Normal
2026-02-13 19:28:22.277981,London-db6e,-15,96,Normal
2026-02-13 19:28:23.277981,London-db6e,6,83,Normal
2026-02-13 19:28:24.277981,London-db6e,-13,74,Normal
2026-02-13 19:28:25.277981,London-db6e,21,79,Normal
2026-02-13 19:28:26.277981,London-db6e,-27,65,Normal
2026-02-13 19:28:27.277981,London-db6e,31,76,Normal
2026-02-13 19:28:28.277981,London-db6e,45,22,Normal
2026-02-13 19:28:29.277981,London-db6e,38,77,Normal
2026-02-13 19:28:30.277981,London-db6e,-21,88,Normal
2026-02-13 19:28:31.277981,London-db6e,37,56,Normal
2026-02-13 19:28:32.277981,London-db6e,11,30,Normal
2026-02-13 19:28:33.277981,London-db6e,-28,61,Normal
2026-02-13 19:28:34.277981,London-db6e,28,86,Normal
2026-02-13 19:28:35.277981,London-db6e,1,11,Normal
2026-02-13 19:28:36.277981,London-db6e,-4,80,Normal
2026-02-13 19:28:37.277981,London-db6e,-2,35,Normal
2026-02-13 19:28:38.277981,London-db6e,5,54,Normal
2026-02-13 19:28:39.277981,London-db6e,4,100,Normal
2026-02-13 19:28:40.277981,London-db6e,33,100,Normal
2026-02-13 19:28:41.277981,London-db6e,0,12,Normal
2026-02-13 19:28:42.277981,London-db6e,-18,18,Normal
2026-02-13 19:28:43.277981,London-db6e,22,52,Normal
2026-02-13 19:28:44.277981,London-db6e,14,30,Normal
2026-02-13 19:28:45.277981,London-db6e,32,39,Normal
2026-02-13 19:28:46.277981,London-db6e,40,25,Normal
2026-02-13 19:28:47.277981,London-db6e,-20,25,Normal
2026-02-13 19:28:48.277981,London-db6e,48,20,Normal
2026-02-13 19:28:49.277981,London-db6e,37,77,Normal
2026-02-13 19:28:50.277981,London-db6e,-5,0,Normal
2026-02-13 19:28:51.277981,London-db6e,-17,58,Normal
2026-02-13 19:28:52.277981,London-db6e,47,3,Normal
2026-02-13 19:28:53.277981,London-db6e,32,62,Normal
2026-02-13 19:28:54.277981,London-db6e,18,78,Normal
2026-02-13 19:28:55.277981,London-db6e,-26,88,Normal
2026-02-13 19:28:56.277981,London-db6e,-18,11,Normal
2026-02-13 19:28:57.277981,London-db6e,31,23,Normal
2026-02-13 19:28:58.277981,London-db6e,30,83,Normal
2026-02-13 19:28:59.277981,London-db6e,47,63,Normal
2026-02-13 19:29:00.277981,London-db6e,-21,27,Normal
2026-02-13 19:29:01.277981,London-db6e,15,4,Normal
2026-02-13 19:29:02.277981,London-db6e,-23,6,Normal
2026-02-13 19:29:03.277981,London-db6e,10,46,Normal
2026-02-13 19:29:04.277981,London-db6e,3,1,Normal
2026-02-13 19:29:05.277981,London-db6e,20,4,Normal
2026-02-13 19:29:06.277981,London-db6e,20,26,Normal
2026-02-13 19:29:07.277981,London-db6e,4,86,Normal
2026-02-13 19:29:08.277981,London-db6e,-23,49,Normal
2026-02-13 19:29:09.277981,London-db6e,50,99,Normal
2026-02-13 19:29:10.277981,London-db6e,29,2,Normal
2026-02-13 19:29:11.277981,London-db6e,7,69,Normal
2026-02-13 19:29:12.277981,London-db6e,-5,96,Normal
2026-02-13 19:29:13.277981,London-db6e,-17,82,Normal
2026-02-13 19:29:14.277981,London-db6e,-20,75,Normal
2026-02-13 19:29:15.277981,London-db6e,40,60,Normal
2026-02-13 19:29:16.277981,London-db6e,42,40,Normal
2026-02-13 19:29:17.277981,London-db6e,-9,66,Normal
2026-02-13 19:29:18.277981,London-db6e,24,29,Normal
2026-02-13 19:29:19.277981,London-db6e,2,25,Normal
2026-02-13 19:29:20.277981,London-db6e,23,79,Normal
2026-02-13 19:29:21.277981,London-db6e,-17,77,Normal
2026-02-13 19:29:22.277981,London-db6e,4,46,Normal
2026-02-13 19:29:23.277981,London-db6e,-7,11,Normal
2026-02-13 19:29:24.277981,London-db6e,22,97,Normal
2026-02-13 19:29:25.277981,London-db6e,28,92,Normal
2026-02-13 19:29:26.277981,London-db6e,-18,65,Normal
2026-02-13 19:29:27.277981,London-db6e,-15,92,Normal
2026-02-13 19:29:28.277981,London-db6e,3,87,Normal
2026-02-13 19:29:29.277981,London-db6e,-24,93,Normal
2026-02-13 19:29:30.277981,London-db6e,14,89,Normal
2026-02-13 19:29:31.277981,London-db6e,28,83,Normal
2026-02-13 19:29:32.277981,London-db6e,-6,36,Normal
2026-02-13 19:29:33.277981,London-db6e,11,1,Normal
2026-02-13 19:29:34.277981,London-db6e,-27,82,Normal
2026-02-13 19:29:35.277981,London-db6e,18,74,Normal
2026-02-13 19:29:36.277981,London-db6e,36,87,Normal
2026-02-13 19:29:37.277981,London-db6e,28,4,Normal
2026-02-13 19:29:38.277981,London-db6e,44,23,Normal
2026-02-13 19:29:39.277981,London-db6e,28,6,Normal
2026-02-13 19:29:40.277981,London-db6e,-23,65,Normal
2026-02-13 19:29:41.277981,London-db6e,-21,7,Normal
2026-02-13 19:29:42.277981,London-db6e,37,88,Normal
2026-02-13 19:29:43.277981,London-db6e,-4,16,Normal
2026-02-13 19:29:44.277981,London-db6e,-3,71,Normal
2026-02-13 19:29:45.277981,London-db6e,-6,70,Normal
2026-02-13 19:29:46.277981,London-db6e,24,100,Normal
2026-02-13 19:29:47.277981,London-db6e,35,90,Normal
2026-02-13 19:29:48.277981,London-db6e,22,71,Normal
2026-02-13 19:29:49.277981,London-db6e,49,92,Normal
2026-02-13 19:29:50.277981,London-db6e,-9,96,Normal
2026-02-13 19:29:51.277981,London-db6e,-20,40,Normal
2026-02-13 19:29:52.277981,London-db6e,27,39,Normal
2026-02-13 19:29:53.277981,London-db6e,26,53,Normal
2026-02-13 19:29:54.277981,London-db6e,12,96,Normal
2026-02-13 19:29:55.277981,London-db6e,28,22,Normal
2026-02-13 19:29:56.277981,London-db6e,16,52,Normal
2026-02-13 19:29:57.277981,London-db6e,-24,1,Normal
2026-02-13 19:29:58.277981,London-db6e,-27,62,Normal
2026-02-13 19:29:59.277981,London-db6e,12,26,Normal
2026-02-13 19:30:00.277981,London-db6e,8,37,Normal
2026-02-13 19:30:01.277981,London-db6e,28,51,Normal
2026-02-13 19:30:02.277981,London-db6e,30,98,Normal
2026-02-13 19:30:03.277981,London-db6e,10,48,Normal
2026-02-13 19:30:04.277981,London-db6e,41,40,Normal
2026-02-13 19:30:05.277981,London-db6e,-27,3,Normal
2026-02-13 19:30:06.277981,London-db6e,16,79,Normal
2026-02-13 19:30:07.277981,London-db6e,8,20,Normal
2026-02-13 19:30:08.277981,London-db6e,25,20,Normal
2026-02-13 19:30:09.277981,London-db6e,11,98,Normal
2026-02-13 19:30:10.277981,London-db6e,4,93,Normal
2026-02-13 19:30:11.277981,London-db6e,38,14,Normal
