timestamp,station_id,temp,humid,condition
2026-02-12 00:00:03.380867,Berlin-d6c0,10,70,Normal
2026-02-12 00:00:04.380867,Berlin-d6c0,25,5,Normal
2026-02-12 00:00:05.380867,Berlin-d6c0,35,13,Normal
2026-02-12 00:00:06.380867,Berlin-d6c0,21,56,Normal
2026-02-12 00:00:07.380867,Berlin-d6c0,-30,1,Normal
2026-02-12 00:00:08.380867,Berlin-d6c0,4,31,Normal
2026-02-12 00:00:09.380867,Berlin-d6c0,-3,6,Normal
2026-02-12 00:00:10.380867,Berlin-d6c0,-27,15,Normal
2026-02-12 00:00:11.380867,Berlin-d6c0,44,22,Normal
2026-02-12 00:00:12.380867,Berlin-d6c0,-21,3,Normal
2026-02-12 00:00:13.380867,Berlin-d6c0,26,23,Normal
2026-02-12 00:00:14.380867,Berlin-d6c0,14,67,Normal
2026-02-12 00:00:15.380867,Berlin-d6c0,45,12,Normal
2026-02-12 00:00:16.380867,Berlin-d6c0,-2,42,Normal
2026-02-12 00:00:17.380867,Berlin-d6c0,14,45,Normal
2026-02-12 00:00:18.380867,Berlin-d6c0,39,72,Normal
2026-02-12 00:00:19.380867,Berlin-d6c0,19,97,Normal
2026-02-12 00:00:20.380867,Berlin-d6c0,-1,64,Normal
2026-02-12 00:00:21.380867,Berlin-d6c0,-16,77,Normal
2026-02-12 00:00:22.380867,Berlin-d6c0,18,100,Normal
2026-02-12 00:00:23.380867,Berlin-d6c0,-1,12,Normal
2026-02-12 00:00:24.380867,Berlin-d6c0,-15,24,Normal
2026-02-12 00:00:25.380867,Berlin-d6c0,-16,57,Normal
2026-02-12 00:00:26.380867,Berlin-d6c0,14,78,Normal
2026-02-12 00:00:27.380867,Berlin-d6c0,18,98,Normal
2026-02-12 00:00:28.380867,Berlin-d6c0,30,43,Normal
2026-02-12 00:00:29.380867,Berlin-d6c0,42,65,Normal
2026-02-12 00:00:30.380867,Berlin-d6c0,5,94,Normal
2026-02-12 00:00:31.380867,Berlin-d6c0,9,86,Normal
2026-02-12 00:00:32.380867,Berlin-d6c0,15,45,Normal
2026-02-12 00:00:33.380867,Berlin-d6c0,5,95,Normal
2026-02-12 00:00:34.380867,Berlin-d6c0,15,19,Normal
2026-02-12 00:00:35.380867,Berlin-d6c0,8,60,Normal
2026-02-12 00:00:36.380867,Berlin-d6c0,5,80,Normal
2026-02-12 00:00:37.380867,Berlin-d6c0,17,67,Normal
2026-02-12 00:00:38.380867,Berlin-d6c0,7,96,Normal
2026-02-12 00:00:39.380867,Berlin-d6c0,21,99,Normal
2026-02-12 00:00:40.380867,Berlin-d6c0,35,93,Normal
2026-02-12 00:00:41.380867,Berlin-d6c0,46,45,Normal
2026-02-12 00:00:42.380867,Berlin-d6c0,-13,75,Normal
2026-02-12 00:00:43.380867,Berlin-d6c0,-16,100,Normal
2026-02-12 00:00:44.380867,Berlin-d6c0,-16,57,Normal
2026-02-12 00:00:45.380867,Berlin-d6c0,-4,92,Normal
2026-02-12 00:00:46.380867,Berlin-d6c0,-11,96,Normal
2026-02-12 00:00:47.380867,Berlin-d6c0,35,51,Normal
2026-02-12 00:00:48.380867,Berlin-d6c0,35,87,Normal
2026-02-12 00:00:49.380867,Berlin-d6c0,-29,45,Normal
2026-02-12 00:00:50.380867,Berlin-d6c0,11,86,Normal
2026-02-12 00:00:51.380867,Berlin-d6c0,17,69,Normal
2026-02-12 00:00:52.380867,Berlin-d6c0,-2,98,Normal
2026-02-12 00:00:53.380867,Berlin-d6c0,-9,86,Normal
2026-02-12 00:00:54.380867,Berlin-d6c0,-28,85,Normal
2026-02-12 00:00:55.380867,Berlin-d6c0,41,15,Normal
2026-02-12 00:00:56.380867,Berlin-d6c0,-5,85,Normal
2026-02-12 00:00:57.380867,Berlin-d6c0,-30,31,Normal
2026-02-12 00:00:58.380867,Berlin-d6c0,-17,7,Normal
2026-02-12 00:00:59.380867,Berlin-d6c0,42,88,Normal
2026-02-12 00:01:00.380867,Berlin-d6c0,17,25,Normal
2026-02-12 00:01:01.380867,Berlin-d6c0,32,68,Normal
2026-02-12 00:01:02.380867,Berlin-d6c0,20,32,Normal
2026-02-12 00:01:03.380867,Berlin-d6c0,45,9,Normal
2026-02-12 00:01:04.380867,Berlin-d6c0,9,53,Normal
2026-02-12 00:01:05.380867,Berlin-d6c0,19,15,Normal
2026-02-12 00:01:06.380867,Berlin-d6c0,23,91,Normal
2026-02-12 00:01:07.380867,Berlin-d6c0,8,62,Normal
2026-02-12 00:01:08.380867,Berlin-d6c0,40,65,Normal
2026-02-12 00:01:09.380867,Berlin-d6c0,7,86,Normal
2026-02-12 00:01:10.380867,Berlin-d6c0,4,64,Normal
2026-02-12 00:01:11.380867,Berlin-d6c0,-11,86,Normal
2026-02-12 00:01:12.380867,Berlin-d6c0,22,67,Normal
2026-02-12 00:01:13.380867,Berlin-d6c0,34,6,Normal
2026-02-12 00:01:14.380867,Berlin-d6c0,-10,21,Normal
2026-02-12 00:01:15.380867,Berlin-d6c0,0,45,Normal
2026-02-12 00:01:16.380867,Berlin-d6c0,20,49,Normal
2026-02-12 00:01:17.380867,Berlin-d6c0,0,77,Normal
2026-02-12 00:01:18.380867,Berlin-d6c0,49,21,Normal
2026-02-12 00:01:19.380867,Berlin-d6c0,41,40,Normal
2026-02-12 00:01:20.380867,Berlin-d6c0,5,53,Normal
2026-02-12 00:01:21.380867,Berlin-d6c0,11,31,Normal
2026-02-12 00:01:22.380867,Berlin-d6c0,-25,78,Normal
2026-02-12 00:01:23.380867,Berlin-d6c0,39,12,Normal
2026-02-12 00:01:24.380867,Berlin-d6c0,17,38,Normal
2026-02-12 00:01:25.380867,Berlin-d6c0,-26,53,Normal
2026-02-12 00:01:26.380867,Berlin-d6c0,1,34,Normal
2026-02-12 00:01:27.380867,Berlin-d6c0,-3,92,Normal
2026-02-12 00:01:28.380867,Berlin-d6c0,17,50,Normal
2026-02-12 00:01:29.380867,Berlin-d6c0,45,75,Normal
2026-02-12 00:01:30.380867,Berlin-d6c0,45,22,Normal
2026-02-12 00:01:31.380867,Berlin-d6c0,50,10,Normal
2026-02-12 00:01:32.380867,Berlin-d6c0,-12,17,Normal
2026-02-12 00:01:33.380867,Berlin-d6c0,10,16,Normal
2026-02-12 00:01:34.380867,Berlin-d6c0,-7,9,Normal
2026-02-12 00:01:35.380867,Berlin-d6c0,4,63,Normal
2026-02-12 00:01:36.380867,Berlin-d6c0,28,91,Normal
2026-02-12 00:01:37.380867,Berlin-d6c0,25,92,Normal
2026-02-12 00:01:38.380867,Berlin-d6c0,7,2,Normal
2026-02-12 00:01:39.380867,Berlin-d6c0,46,25,Normal
2026-02-12 00:01:40.380867,Berlin-d6c0,2,97,Normal
2026-02-12 00:01:41.380867,Berlin-d6c0,7,28,Normal
2026-02-12 00:01:42.380867,Berlin-d6c0,-30,51,Normal
2026-02-12 00:01:43.380867,Berlin-d6c0,38,70,Normal
2026-02-12 00:01:44.380867,Berlin-d6c0,26,85,Normal
2026-02-12 00:01:45.380867,Berlin-d6c0,26,22,Normal
2026-02-12 00:01:46.380867,Berlin-d6c0,4,1,Normal
2026-02-12 00:01:47.380867,Berlin-d6c0,10,78,Normal
2026-02-12 00:01:48.380867,Berlin-d6c0,3,67,Normal
2026-02-12 00:01:49.380867,Berlin-d6c0,-13,29,Normal
2026-02-12 00:01:50.380867,Berlin-d6c0,7,81,Normal
2026-02-12 00:01:51.380867,Berlin-d6c0,30,67,Normal
2026-02-12 00:01:52.380867,Berlin-d6c0,-26,2,Normal
2026-02-12 00:01:53.380867,Berlin-d6c0,-27,17,Normal
2026-02-12 00:01:54.380867,Berlin-d6c0,-1,13,Normal
2026-02-12 00:01:55.380867,Berlin-d6c0,-11,13,Normal
2026-02-12 00:01:56.380867,Berlin-d6c0,11,48,Normal
2026-02-12 00:01:57.380867,Berlin-d6c0,-28,45,Normal
2026-02-12 00:01:58.380867,Berlin-d6c0,43,59,Normal
2026-02-12 00:01:59.380867,Berlin-d6c0,36,90,Normal
2026-02-12 00:02:00.380867,Berlin-d6c0,39,29,Normal
2026-02-12 00:02:01.380867,Berlin-d6c0,-21,47,Normal
2026-02-12 00:02:02.380867,Berlin-d6c0,-7,55,Normal
2026-02-12 00:02:03.380867,Berlin-d6c0,29,79,Normal
2026-02-12 00:02:04.380867,Berlin-d6c0,25,94,Normal
2026-02-12 00:02:05.380867,Berlin-d6c0,-28,41,Normal
2026-02-12 00:02:06.380867,Berlin-d6c0,-20,93,Normal
2026-02-12 00:02:07.380867,Berlin-d6c0,31,73,Normal
2026-02-12 00:02:08.380867,Berlin-d6c0,23,48,Normal
2026-02-12 00:02:09.380867,Berlin-d6c0,35,2,Normal
2026-02-12 00:02:10.380867,Berlin-d6c0,23,50,Normal
2026-02-12 00:02:11.380867,Berlin-d6c0,38,23,Normal
2026-02-12 00:02:12.380867,Berlin-d6c0,13,66,Normal
2026-02-12 00:02:13.380867,Berlin-d6c0,4,68,Normal
2026-02-12 00:02:14.380867,Berlin-d6c0,-24,49,Normal
2026-02-12 00:02:15.380867,Berlin-d6c0,17,11,Normal
2026-02-12 00:02:16.380867,Berlin-d6c0,20,7,Normal
2026-02-12 00:02:17.380867,Berlin-d6c0,8,84,Normal
2026-02-12 00:02:18.380867,Berlin-d6c0,1,62,Normal
2026-02-12 00:02:19.380867,Berlin-d6c0,-5,31,Normal
2026-02-12 00:02:20.380867,Berlin-d6c0,12,38,Normal
2026-02-12 00:02:21.380867,Berlin-d6c0,36,17,Normal
2026-02-12 00:02:22.380867,Berlin-d6c0,21,70,Normal
2026-02-12 00:02:23.380867,Berlin-d6c0,39,35,Normal
2026-02-12 00:02:24.380867,Berlin-d6c0,-28,61,Normal
2026-02-12 00:02:25.380867,Berlin-d6c0,26,17,Normal
2026-02-12 00:02:26.380867,Berlin-d6c0,24,75,Normal
2026-02-12 00:02:27.380867,Berlin-d6c0,0,7,Normal
2026-02-12 00:02:28.380867,Berlin-d6c0,-10,65,Normal
2026-02-12 00:02:29.380867,Berlin-d6c0,47,74,Normal
2026-02-12 00:02:30.380867,Berlin-d6c0,-30,91,Normal
2026-02-12 00:02:31.380867,Berlin-d6c0,44,3,Normal
2026-02-12 00:02:32.380867,Berlin-d6c0,16,97,Normal
2026-02-12 00:02:33.380867,Berlin-d6c0,-20,95,Normal
2026-02-12 00:02:34.380867,Berlin-d6c0,-23,66,Normal
2026-02-12 00:02:35.380867,Berlin-d6c0,-10,97,Normal
2026-02-12 00:02:36.380867,Berlin-d6c0,25,21,Normal
2026-02-12 00:02:37.380867,Berlin-d6c0,-29,56,Normal
2026-02-12 00:02:38.380867,Berlin-d6c0,34,93,Normal
2026-02-12 00:02:39.380867,Berlin-d6c0,12,72,Normal
2026-02-12 00:02:40.380867,Berlin-d6c0,14,7,Normal
2026-02-12 00:02:41.380867,Berlin-d6c0,-27,6,Normal
2026-02-12 00:02:42.380867,Berlin-d6c0,26,13,Normal
2026-02-12 00:02:43.380867,Berlin-d6c0,-18,18,Normal
2026-02-12 00:02:44.380867,Berlin-d6c0,-29,82,Normal
2026-02-12 00:02:45.380867,Berlin-d6c0,33,96,Normal
2026-02-12 00:02:46.380867,Berlin-d6c0,30,100,Normal
2026-02-12 00:02:47.380867,Berlin-d6c0,6,77,Normal
2026-02-12 00:02:48.380867,Berlin-d6c0,1,53,Normal
2026-02-12 00:02:49.380867,Berlin-d6c0,29,71,Normal
2026-02-12 00:02:50.380867,Berlin-d6c0,48,37,Normal
2026-02-12 00:02:51.380867,Berlin-d6c0,37,28,Normal
2026-02-12 00:02:52.380867,Berlin-d6c0,10,17,Normal
2026-02-12 00:02:53.380867,Berlin-d6c0,11,39,Normal
2026-02-12 00:02:54.380867,Berlin-d6c0,-1,79,Normal
2026-02-12 00:02:55.380867,Berlin-d6c0,-22,58,Normal
2026-02-12 00:02:56.380867,Berlin-d6c0,32,46,Normal
2026-02-12 00:02:57.380867,Berlin-d6c0,41,41,Normal
2026-02-12 00:02:58.380867,Berlin-d6c0,20,18,Normal
2026-02-12 00:02:59.380867,Berlin-d6c0,34,56,Normal
2026-02-12 00:03:00.380867,Berlin-d6c0,-17,68,Normal
2026-02-12 00:03:01.380867,Berlin-d6c0,25,60,Normal
2026-02-12 00:03:02.380867,Berlin-d6c0,-16,44,Normal
2026-02-12 00:03:03.380867,Berlin-d6c0,2,47,Normal
2026-02-12 00:03:04.380867,Berlin-d6c0,41,25,Normal
2026-02-12 00:03:05.380867,Berlin-d6c0,-25,98,Normal
2026-02-12 00:03:06.380867,Berlin-d6c0,12,42,Normal
2026-02-12 00:03:07.380867,Berlin-d6c0,18,58,Normal
2026-02-12 00:03:08.380867,Berlin-d6c0,-2,2,Normal
2026-02-12 00:03:09.380867,Berlin-d6c0,19,50,Normal
2026-02-12 00:03:10.380867,Berlin-d6c0,41,58,Normal
2026-02-12 00:03:11.380867,Berlin-d6c0,8,38,Normal
2026-02-12 00:03:12.380867,Berlin-d6c0,44,76,Normal
2026-02-12 00:03:13.380867,Berlin-d6c0,1,20,Normal
2026-02-12 00:03:14.380867,Berlin-d6c0,-6,38,Normal
2026-02-12 00:03:15.380867,Berlin-d6c0,32,80,Normal
2026-02-12 00:03:16.380867,Berlin-d6c0,-8,62,Normal
2026-02-12 00:03:17.380867,Berlin-d6c0,0,42,Normal
2026-02-12 00:03:18.380867,Berlin-d6c0,-6,98,Normal
2026-02-12 00:03:19.380867,Berlin-d6c0,44,6,Normal
2026-02-12 00:03:20.380867,Berlin-d6c0,5,16,Normal
2026-02-12 00:03:21.380867,Berlin-d6c0,-21,84,Normal
2026-02-12 00:03:22.380867,Berlin-d6c0,17,11,Normal
2026-02-12 00:03:23.380867,Berlin-d6c0,22,95,Normal
2026-02-12 00:03:24.380867,Berlin-d6c0,49,33,Normal
2026-02-12 00:03:25.380867,Berlin-d6c0,32,52,Normal
2026-02-12 00:03:26.380867,Berlin-d6c0,43,35,Normal
2026-02-12 00:03:27.380867,Berlin-d6c0,28,95,Normal
2026-02-12 00:03:28.380867,Berlin-d6c0,16,7,Normal
2026-02-12 00:03:29.380867,Berlin-d6c0,-3,35,Normal
2026-02-12 00:03:30.380867,Berlin-d6c0,32,33,Normal
2026-02-12 00:03:31.380867,Berlin-d6c0,-2,6,Normal
2026-02-12 00:03:32.380867,Berlin-d6c0,-30,74,Normal
2026-02-12 00:03:33.380867,Berlin-d6c0,19,12,Normal
2026-02-12 00:03:34.380867,Berlin-d6c0,-1,43,Normal
2026-02-12 00:03:35.380867,Berlin-d6c0,6,89,Normal
2026-02-12 00:03:36.380867,Berlin-d6c0,-19,39,Normal
2026-02-12 00:03:37.380867,Berlin-d6c0,33,10,Normal
2026-02-12 00:03:38.380867,Berlin-d6c0,9,26,Normal
2026-02-12 00:03:39.380867,Berlin-d6c0,22,67,Normal
2026-02-12 00:03:40.380867,Berlin-d6c0,46,16,Normal
2026-02-12 00:03:41.380867,Berlin-d6c0,-12,15,Normal
2026-02-12 00:03:42.380867,Berlin-d6c0,-8,10,Normal
2026-02-12 00:03:43.380867,Berlin-d6c0,39,60,Normal
2026-02-12 00:03:44.380867,Berlin-d6c0,30,49,Normal
2026-02-12 00:03:45.380867,Berlin-d6c0,-28,11,Normal
2026-02-12 00:03:46.380867,Berlin-d6c0,45,3,Normal
2026-02-12 00:03:47.380867,Berlin-d6c0,19,47,Normal
2026-02-12 00:03:48.380867,Berlin-d6c0,45,34,Normal
2026-02-12 00:03:49.380867,Berlin-d6c0,-18,50,Normal
2026-02-12 00:03:50.380867,Berlin-d6c0,-30,7,Normal
2026-02-12 00:03:51.380867,Berlin-d6c0,21,53,Normal
2026-02-12 00:03:52.380867,Berlin-d6c0,-25,54,Normal
2026-02-12 00:03:53.380867,Berlin-d6c0,16,62,Normal
2026-02-12 00:03:54.380867,Berlin-d6c0,23,13,Normal
2026-02-12 00:03:55.380867,Berlin-d6c0,5,35,Normal
2026-02-12 00:03:56.380867,Berlin-d6c0,22,21,Normal
2026-02-12 00:03:57.380867,Berlin-d6c0,2,91,Normal
2026-02-12 00:03:58.380867,Berlin-d6c0,47,73,Normal
2026-02-12 00:03:59.380867,Berlin-d6c0,-6,2,Normal
2026-02-12 00:04:00.380867,Berlin-d6c0,-28,45,Normal
2026-02-12 00:04:01.380867,Berlin-d6c0,10,63,Normal
2026-02-12 00:04:02.380867,Berlin-d6c0,34,22,Normal
2026-02-12 00:04:03.380867,Berlin-d6c0,-2,55,Normal
2026-02-12 00:04:04.380867,Berlin-d6c0,-7,69,Normal
2026-02-12 00:04:05.380867,Berlin-d6c0,-20,1,Normal
2026-02-12 00:04:06.380867,Berlin-d6c0,-10,28,Normal
2026-02-12 00:04:07.380867,Berlin-d6c0,36,13,Normal
2026-02-12 00:04:08.380867,Berlin-d6c0,0,69,Normal
2026-02-12 00:04:09.380867,Berlin-d6c0,8,82,Normal
2026-02-12 00:04:10.380867,Berlin-d6c0,48,65,Normal
2026-02-12 00:04:11.380867,Berlin-d6c0,25,90,Normal
2026-02-12 00:04:12.380867,Berlin-d6c0,36,69,Normal
2026-02-12 00:04:13.380867,Berlin-d6c0,11,52,Normal
2026-02-12 00:04:14.380867,Berlin-d6c0,48,90,Normal
2026-02-12 00:04:15.380867,Berlin-d6c0,-9,89,Normal
2026-02-12 00:04:16.380867,Berlin-d6c0,-3,100,Normal
2026-02-12 00:04:17.380867,Berlin-d6c0,-5,53,Normal
2026-02-12 00:04:18.380867,Berlin-d6c0,3,57,Normal
2026-02-12 00:04:19.380867,Berlin-d6c0,48,58,Normal
2026-02-12 00:04:20.380867,Berlin-d6c0,-22,87,Normal
2026-02-12 00:04:21.380867,Berlin-d6c0,-28,4,Normal
2026-02-12 00:04:22.380867,Berlin-d6c0,43,1,Normal
2026-02-12 00:04:23.380867,Berlin-d6c0,-25,66,Normal
2026-02-12 00:04:24.380867,Berlin-d6c0,12,10,Normal
2026-02-12 00:04:25.380867,Berlin-d6c0,15,38,Normal
2026-02-12 00:04:26.380867,Berlin-d6c0,39,8,Normal
2026-02-12 00:04:27.380867,Berlin-d6c0,-2,91,Normal
2026-02-12 00:04:28.380867,Berlin-d6c0,1,15,Normal
2026-02-12 00:04:29.380867,Berlin-d6c0,0,20,Normal
2026-02-12 00:04:30.380867,Berlin-d6c0,37,42,Normal
2026-02-12 00:04:31.380867,Berlin-d6c0,37,42,Normal
2026-02-12 00:04:32.380867,Berlin-d6c0,-30,81,Normal
2026-02-12 00:04:33.380867,Berlin-d6c0,10,64,Normal
2026-02-12 00:04:34.380867,Berlin-d6c0,27,85,Normal
2026-02-12 00:04:35.380867,Berlin-d6c0,-27,52,Normal
2026-02-12 00:04:36.380867,Berlin-d6c0,-26,73,Normal
2026-02-12 00:04:37.380867,Berlin-d6c0,43,64,Normal
2026-02-12 00:04:38.380867,Berlin-d6c0,-29,77,Normal
2026-02-12 00:04:39.380867,Berlin-d6c0,42,28,Normal
2026-02-12 00:04:40.380867,Berlin-d6c0,25,46,Normal
2026-02-12 00:04:41.380867,Berlin-d6c0,-14,47,Normal
2026-02-12 00:04:42.380867,Berlin-d6c0,4,49,Normal
2026-02-12 00:04:43.380867,Berlin-d6c0,-16,23,Normal
2026-02-12 00:04:44.380867,Berlin-d6c0,-3,84,Normal
2026-02-12 00:04:45.380867,Berlin-d6c0,50,47,Normal
2026-02-12 00:04:46.380867,Berlin-d6c0,42,14,Normal
2026-02-12 00:04:47.380867,Berlin-d6c0,7,82,Normal
2026-02-12 00:04:48.380867,Berlin-d6c0,-8,68,Normal
2026-02-12 00:04:49.380867,Berlin-d6c0,40,95,Normal
2026-02-12 00:04:50.380867,Berlin-d6c0,13,50,Normal
2026-02-12 00:04:51.380867,Berlin-d6c0,9,60,Normal
2026-02-12 00:04:52.380867,Berlin-d6c0,38,37,Normal
2026-02-12 00:04:53.380867,Berlin-d6c0,7,98,Normal
2026-02-12 00:04:54.380867,Berlin-d6c0,36,30,Normal
2026-02-12 00:04:55.380867,Berlin-d6c0,18,5,Normal
2026-02-12 00:04:56.380867,Berlin-d6c0,40,60,Normal
2026-02-12 00:04:57.380867,Berlin-d6c0,43,68,Normal
2026-02-12 00:04:58.380867,Berlin-d6c0,4,78,Normal
2026-02-12 00:04:59.380867,Berlin-d6c0,49,64,Normal
2026-02-12 00:05:00.380867,Berlin-d6c0,0,43,Normal
2026-02-12 00:05:01.380867,Berlin-d6c0,30,20,Normal
2026-02-12 00:05:02.380867,Berlin-d6c0,26,36,Normal
2026-02-12 00:05:03.380867,Berlin-d6c0,-4,51,Normal
2026-02-12 00:05:04.380867,Berlin-d6c0,49,54,Normal
2026-02-12 00:05:05.380867,Berlin-d6c0,23,28,Normal
2026-02-12 00:05:06.380867,Berlin-d6c0,-15,12,Normal
2026-02-12 00:05:07.380867,Berlin-d6c0,35,77,Normal
2026-02-12 00:05:08.380867,Berlin-d6c0,28,21,Normal
2026-02-12 00:05:09.380867,Berlin-d6c0,41,42,Normal
2026-02-12 00:05:10.380867,Berlin-d6c0,24,20,Normal
2026-02-12 00:05:11.380867,Berlin-d6c0,35,80,Normal
2026-02-12 00:05:12.380867,Berlin-d6c0,11,0,Normal
2026-02-12 00:05:13.380867,Berlin-d6c0,26,60,Normal
2026-02-12 00:05:14.380867,Berlin-d6c0,30,46,Normal
2026-02-12 00:05:15.380867,Berlin-d6c0,42,53,Normal
2026-02-12 00:05:16.380867,Berlin-d6c0,-26,16,Normal
2026-02-12 00:05:17.380867,Berlin-d6c0,45,88,Normal
2026-02-12 00:05:18.380867,Berlin-d6c0,-19,26,Normal
2026-02-12 00:05:19.380867,Berlin-d6c0,24,84,Normal
2026-02-12 00:05:20.380867,Berlin-d6c0,18,72,Normal
2026-02-12 00:05:21.380867,Berlin-d6c0,-2,4,Normal
2026-02-12 00:05:22.380867,Berlin-d6c0,33,57,Normal
2026-02-12 00:05:23.380867,Berlin-d6c0,-1,61,Normal
2026-02-12 00:05:24.380867,Berlin-d6c0,18,5,Normal
2026-02-12 00:05:25.380867,Berlin-d6c0,-3,44,Normal
2026-02-12 00:05:26.380867,Berlin-d6c0,21,84,Normal
2026-02-12 00:05:27.380867,Berlin-d6c0,15,65,Normal
2026-02-12 00:05:28.380867,Berlin-d6c0,0,44,Normal
2026-02-12 00:05:29.380867,Berlin-d6c0,-17,35,Normal
2026-02-12 00:05:30.380867,Berlin-d6c0,41,100,Normal
2026-02-12 00:05:31.380867,Berlin-d6c0,-11,8,Normal
2026-02-12 00:05:32.380867,Berlin-d6c0,-5,24,Normal
2026-02-12 00:05:33.380867,Berlin-d6c0,39,15,Normal
2026-02-12 00:05:34.380867,Berlin-d6c0,7,13,Normal
2026-02-12 00:05:35.380867,Berlin-d6c0,5,52,Normal
2026-02-12 00:05:36.380867,Berlin-d6c0,-25,48,Normal
2026-02-12 00:05:37.380867,Berlin-d6c0,1,71,Normal
2026-02-12 00:05:38.380867,Berlin-d6c0,10,75,Normal
2026-02-12 00:05:39.380867,Berlin-d6c0,3,44,Normal
2026-02-12 00:05:40.380867,Berlin-d6c0,-24,20,Normal
2026-02-12 00:05:41.380867,Berlin-d6c0,-9,0,Normal
2026-02-12 00:05:42.380867,Berlin-d6c0,8,14,Normal
2026-02-12 00:05:43.380867,Berlin-d6c0,24,34,Normal
2026-02-12 00:05:44.380867,Berlin-d6c0,41,87,Normal
2026-02-12 00:05:45.380867,Berlin-d6c0,-28,93,Normal
2026-02-12 00:05:46.380867,Berlin-d6c0,38,67,Normal
2026-02-12 00:05:47.380867,Berlin-d6c0,46,95,Normal
2026-02-12 00:05:48.380867,Berlin-d6c0,-3,16,Normal
2026-02-12 00:05:49.380867,Berlin-d6c0,-28,7,Normal
2026-02-12 00:05:50.380867,Berlin-d6c0,11,100,Normal
2026-02-12 00:05:51.380867,Berlin-d6c0,8,8,Normal
2026-02-12 00:05:52.380867,Berlin-d6c0,-8,35,Normal
2026-02-12 00:05:53.380867,Berlin-d6c0,-16,91,Normal
2026-02-12 00:05:54.380867,Berlin-d6c0,8,34,Normal
2026-02-12 00:05:55.380867,Berlin-d6c0,47,12,Normal
2026-02-12 00:05:56.380867,Berlin-d6c0,-8,15,Normal
2026-02-12 00:05:57.380867,Berlin-d6c0,24,15,Normal
2026-02-12 00:05:58.380867,Berlin-d6c0,33,88,Normal
2026-02-12 00:05:59.380867,Berlin-d6c0,-17,7,Normal
2026-02-12 00:06:00.380867,Berlin-d6c0,-30,92,Normal
2026-02-12 00:06:01.380867,Berlin-d6c0,-5,71,Normal
2026-02-12 00:06:02.380867,Berlin-d6c0,28,38,Normal
2026-02-12 00:06:03.380867,Berlin-d6c0,16,42,Normal
2026-02-12 00:06:04.380867,Berlin-d6c0,-30,64,Normal
2026-02-12 00:06:05.380867,Berlin-d6c0,-28,74,Normal
2026-02-12 00:06:06.380867,Berlin-d6c0,-26,5,Normal
2026-02-12 00:06:07.380867,Berlin-d6c0,35,17,Normal
2026-02-12 00:06:08.380867,Berlin-d6c0,43,49,Normal
2026-02-12 00:06:09.380867,Berlin-d6c0,9,80,Normal
2026-02-12 00:06:10.380867,Berlin-d6c0,7,89,Normal
2026-02-12 00:06:11.380867,Berlin-d6c0,-4,53,Normal
2026-02-12 00:06:12.380867,Berlin-d6c0,32,92,Normal
2026-02-12 00:06:13.380867,Berlin-d6c0,-30,62,Normal
2026-02-12 00:06:14.380867,Berlin-d6c0,2,27,Normal
2026-02-12 00:06:15.380867,Berlin-d6c0,6,66,Normal
2026-02-12 00:06:16.380867,Berlin-d6c0,26,8,Normal
2026-02-12 00:06:17.380867,Berlin-d6c0,0,41,Normal
2026-02-12 00:06:18.380867,Berlin-d6c0,12,64,Normal
2026-02-12 00:06:19.380867,Berlin-d6c0,9,45,Normal
2026-02-12 00:06:20.380867,Berlin-d6c0,16,25,Normal
2026-02-12 00:06:21.380867,Berlin-d6c0,-11,48,Normal
2026-02-12 00:06:22.380867,Berlin-d6c0,1,63,Normal
2026-02-12 00:06:23.380867,Berlin-d6c0,-4,84,Normal
2026-02-12 00:06:24.380867,Berlin-d6c0,25,78,Normal
2026-02-12 00:06:25.380867,Berlin-d6c0,-14,60,Normal
2026-02-12 00:06:26.380867,Berlin-d6c0,-5,17,Normal
2026-02-12 00:06:27.380867,Berlin-d6c0,-17,92,Normal
2026-02-12 00:06:28.380867,Berlin-d6c0,-15,11,Normal
2026-02-12 00:06:29.380867,Berlin-d6c0,-1,80,Normal
2026-02-12 00:06:30.380867,Berlin-d6c0,-28,42,Normal
2026-02-12 00:06:31.380867,Berlin-d6c0,-24,48,Normal
2026-02-12 00:06:32.380867,Berlin-d6c0,-10,17,Normal
2026-02-12 00:06:33.380867,Berlin-d6c0,40,21,Normal
2026-02-12 00:06:34.380867,Berlin-d6c0,38,63,Normal
2026-02-12 00:06:35.380867,Berlin-d6c0,9,1,Normal
2026-02-12 00:06:36.380867,Berlin-d6c0,43,4,Normal
2026-02-12 00:06:37.380867,Berlin-d6c0,5,57,Normal
2026-02-12 00:06:38.380867,Berlin-d6c0,-3,42,Normal
2026-02-12 00:06:39.380867,Berlin-d6c0,-19,34,Normal
2026-02-12 00:06:40.380867,Berlin-d6c0,-23,15,Normal
2026-02-12 00:06:41.380867,Berlin-d6c0,-12,16,Normal
2026-02-12 00:06:42.380867,Berlin-d6c0,28,100,Normal
2026-02-12 00:06:43.380867,Berlin-d6c0,-24,56,Normal
2026-02-12 00:06:44.380867,Berlin-d6c0,20,74,Normal
2026-02-12 00:06:45.380867,Berlin-d6c0,4,75,Normal
2026-02-12 00:06:46.380867,Berlin-d6c0,3,65,Normal
2026-02-12 00:06:47.380867,Berlin-d6c0,-6,21,Normal
2026-02-12 00:06:48.380867,Berlin-d6c0,47,45,Normal
2026-02-12 00:06:49.380867,Berlin-d6c0,47,50,Normal
2026-02-12 00:06:50.380867,Berlin-d6c0,10,52,Normal
2026-02-12 00:06:51.380867,Berlin-d6c0,-4,43,Normal
2026-02-12 00:06:52.380867,Berlin-d6c0,31,97,Normal
2026-02-12 00:06:53.380867,Berlin-d6c0,18,63,Normal
2026-02-12 00:06:54.380867,Berlin-d6c0,42,60,Normal
2026-02-12 00:06:55.380867,Berlin-d6c0,50,53,Normal
2026-02-12 00:06:56.380867,Berlin-d6c0,13,73,Normal
2026-02-12 00:06:57.380867,Berlin-d6c0,34,84,Normal
2026-02-12 00:06:58.380867,Berlin-d6c0,38,45,Normal
2026-02-12 00:06:59.380867,Berlin-d6c0,-12,16,Normal
2026-02-12 00:07:00.380867,Berlin-d6c0,10,11,Normal
2026-02-12 00:07:01.380867,Berlin-d6c0,25,23,Normal
2026-02-12 00:07:02.380867,Berlin-d6c0,-18,22,Normal
2026-02-12 00:07:03.380867,Berlin-d6c0,35,51,Normal
2026-02-12 00:07:04.380867,Berlin-d6c0,-18,49,Normal
2026-02-12 00:07:05.380867,Berlin-d6c0,31,57,Normal
2026-02-12 00:07:06.380867,Berlin-d6c0,-5,97,Normal
2026-02-12 00:07:07.380867,Berlin-d6c0,16,55,Normal
2026-02-12 00:07:08.380867,Berlin-d6c0,-18,42,Normal
2026-02-12 00:07:09.380867,Berlin-d6c0,30,7,Normal
2026-02-12 00:07:10.380867,Berlin-d6c0,0,25,Normal
2026-02-12 00:07:11.380867,Berlin-d6c0,-20,52,Normal
2026-02-12 00:07:12.380867,Berlin-d6c0,6,62,Normal
2026-02-12 00:07:13.380867,Berlin-d6c0,11,75,Normal
2026-02-12 00:07:14.380867,Berlin-d6c0,3,76,Normal
2026-02-12 00:07:15.380867,Berlin-d6c0,18,44,Normal
2026-02-12 00:07:16.380867,Berlin-d6c0,-12,98,Normal
2026-02-12 00:07:17.380867,Berlin-d6c0,-8,53,Normal
2026-02-12 00:07:18.380867,Berlin-d6c0,19,6,Normal
2026-02-12 00:07:19.380867,Berlin-d6c0,-29,5,Normal
2026-02-12 00:07:20.380867,Berlin-d6c0,40,24,Normal
2026-02-12 00:07:21.380867,Berlin-d6c0,-10,60,Normal
2026-02-12 00:07:22.380867,Berlin-d6c0,13,3,Normal
2026-02-12 00:07:23.380867,Berlin-d6c0,-3,11,Normal
2026-02-12 00:07:24.380867,Berlin-d6c0,-24,91,Normal
2026-02-12 00:07:25.380867,Berlin-d6c0,4,39,Normal
2026-02-12 00:07:26.380867,Berlin-d6c0,14,94,Normal
2026-02-12 00:07:27.380867,Berlin-d6c0,-2,48,Normal
2026-02-12 00:07:28.380867,Berlin-d6c0,-15,81,Normal
2026-02-12 00:07:29.380867,Berlin-d6c0,29,6,Normal
2026-02-12 00:07:30.380867,Berlin-d6c0,47,6,Normal
2026-02-12 00:07:31.380867,Berlin-d6c0,25,38,Normal
2026-02-12 00:07:32.380867,Berlin-d6c0,-30,78,Normal
2026-02-12 00:07:33.380867,Berlin-d6c0,32,11,Normal
2026-02-12 00:07:34.380867,Berlin-d6c0,44,45,Normal
2026-02-12 00:07:35.380867,Berlin-d6c0,-20,48,Normal
2026-02-12 00:07:36.380867,Berlin-d6c0,-8,15,Normal
2026-02-12 00:07:37.380867,Berlin-d6c0,-10,26,Normal
2026-02-12 00:07:38.380867,Berlin-d6c0,12,30,Normal
2026-02-12 00:07:39.380867,Berlin-d6c0,49,41,Normal
2026-02-12 00:07:40.380867,Berlin-d6c0,-8,28,Normal
2026-02-12 00:07:41.380867,Berlin-d6c0,24,28,Normal
2026-02-12 00:07:42.380867,Berlin-d6c0,48,35,Normal
2026-02-12 00:07:43.380867,Berlin-d6c0,21,10,Normal
2026-02-12 00:07:44.380867,Berlin-d6c0,43,31,Normal
2026-02-12 00:07:45.380867,Berlin-d6c0,32,39,Normal
2026-02-12 00:07:46.380867,Berlin-d6c0,-17,47,Normal
2026-02-12 00:07:47.380867,Berlin-d6c0,-12,21,Normal
2026-02-12 00:07:48.380867,Berlin-d6c0,47,39,Normal
2026-02-12 00:07:49.380867,Berlin-d6c0,50,92,Normal
2026-02-12 00:07:50.380867,Berlin-d6c0,15,100,Normal
2026-02-12 00:07:51.380867,Berlin-d6c0,-2,17,Normal
2026-02-12 00:07:52.380867,Berlin-d6c0,-25,46,Normal
2026-02-12 00:07:53.380867,Berlin-d6c0,10,43,Normal
2026-02-12 00:07:54.380867,Berlin-d6c0,6,14,Normal
2026-02-12 00:07:55.380867,Berlin-d6c0,20,95,Normal
2026-02-12 00:07:56.380867,Berlin-d6c0,36,57,Normal
2026-02-12 00:07:57.380867,Berlin-d6c0,31,20,Normal
2026-02-12 00:07:58.380867,Berlin-d6c0,47,88,Normal
2026-02-12 00:07:59.380867,Berlin-d6c0,-26,84,Normal
2026-02-12 00:08:00.380867,Berlin-d6c0,-22,60,Normal
2026-02-12 00:08:01.380867,Berlin-d6c0,34,25,Normal
2026-02-12 00:08:02.380867,Berlin-d6c0,16,63,Normal
2026-02-12 00:08:03.380867,Berlin-d6c0,-4,37,Normal
2026-02-12 00:08:04.380867,Berlin-d6c0,7,65,Normal
2026-02-12 00:08:05.380867,Berlin-d6c0,34,63,Normal
2026-02-12 00:08:06.380867,Berlin-d6c0,-9,66,Normal
2026-02-12 00:08:07.380867,Berlin-d6c0,-6,11,Normal
2026-02-12 00:08:08.380867,Berlin-d6c0,7,15,Normal
2026-02-12 00:08:09.380867,Berlin-d6c0,-8,37,Normal
2026-02-12 00:08:10.380867,Berlin-d6c0,34,84,Normal
2026-02-12 00:08:11.380867,Berlin-d6c0,31,27,Normal
2026-02-12 00:08:12.380867,Berlin-d6c0,6,17,Normal
2026-02-12 00:08:13.380867,Berlin-d6c0,34,37,Normal
2026-02-12 00:08:14.380867,Berlin-d6c0,8,49,Normal
2026-02-12 00:08:15.380867,Berlin-d6c0,27,85,Normal
2026-02-12 00:08:16.380867,Berlin-d6c0,-15,49,Normal
2026-02-12 00:08:17.380867,Berlin-d6c0,38,18,Normal
2026-02-12 00:08:18.380867,Berlin-d6c0,-15,95,Normal
2026-02-12 00:08:19.380867,Berlin-d6c0,22,11,Normal
2026-02-12 00:08:20.380867,Berlin-d6c0,-11,50,Normal
2026-02-12 00:08:21.380867,Berlin-d6c0,-28,76,Normal
2026-02-12 00:08:22.380867,Berlin-d6c0,39,49,Normal
2026-02-12 00:08:23.380867,Berlin-d6c0,33,48,Normal
2026-02-12 00:08:24.380867,Berlin-d6c0,29,99,Normal
2026-02-12 00:08:25.380867,Berlin-d6c0,33,87,Normal
2026-02-12 00:08:26.380867,Berlin-d6c0,-25,64,Normal
2026-02-12 00:08:27.380867,Berlin-d6c0,39,46,Normal
2026-02-12 00:08:28.380867,Berlin-d6c0,31,22,Normal
2026-02-12 00:08:29.380867,Berlin-d6c0,38,27,Normal
2026-02-12 00:08:30.380867,Berlin-d6c0,38,4,Normal
2026-02-12 00:08:31.380867,Berlin-d6c0,39,2,Normal
2026-02-12 00:08:32.380867,Berlin-d6c0,38,67,Normal
2026-02-12 00:08:33.380867,Berlin-d6c0,34,87,Normal
2026-02-12 00:08:34.380867,Berlin-d6c0,3,10,Normal
2026-02-12 00:08:35.380867,Berlin-d6c0,33,42,Normal
2026-02-12 00:08:36.380867,Berlin-d6c0,-13,12,Normal
2026-02-12 00:08:37.380867,Berlin-d6c0,38,29,Normal
2026-02-12 00:08:38.380867,Berlin-d6c0,20,89,Normal
2026-02-12 00:08:39.380867,Berlin-d6c0,5,95,Normal
2026-02-12 00:08:40.380867,Berlin-d6c0,-5,44,Normal
2026-02-12 00:08:41.380867,Berlin-d6c0,47,41,Normal
2026-02-12 00:08:42.380867,Berlin-d6c0,46,70,Normal
2026-02-12 00:08:43.380867,Berlin-d6c0,50,88,Normal
2026-02-12 00:08:44.380867,Berlin-d6c0,30,24,Normal
2026-02-12 00:08:45.380867,Berlin-d6c0,30,59,Normal
2026-02-12 00:08:46.380867,Berlin-d6c0,-20,11,Normal
2026-02-12 00:08:47.380867,Berlin-d6c0,10,2,Normal
2026-02-12 00:08:48.380867,Berlin-d6c0,11,58,Normal
2026-02-12 00:08:49.380867,Berlin-d6c0,-8,64,Normal
2026-02-12 00:08:50.380867,Berlin-d6c0,14,5,Normal
2026-02-12 00:08:51.380867,Berlin-d6c0,48,12,Normal
2026-02-12 00:08:52.380867,Berlin-d6c0,43,26,Normal
2026-02-12 00:08:53.380867,Berlin-d6c0,48,81,Normal
2026-02-12 00:08:54.380867,Berlin-d6c0,-14,8,Normal
2026-02-12 00:08:55.380867,Berlin-d6c0,8,98,Normal
2026-02-12 00:08:56.380867,Berlin-d6c0,-2,97,Normal
2026-02-12 00:08:57.380867,Berlin-d6c0,-1,37,Normal
2026-02-12 00:08:58.380867,Berlin-d6c0,1,27,Normal
2026-02-12 00:08:59.380867,Berlin-d6c0,46,45,Normal
2026-02-12 00:09:00.380867,Berlin-d6c0,-5,28,Normal
2026-02-12 00:09:01.380867,Berlin-d6c0,9,45,Normal
2026-02-12 00:09:02.380867,Berlin-d6c0,-3,0,Normal
2026-02-12 00:09:03.380867,Berlin-d6c0,15,70,Normal
2026-02-12 00:09:04.380867,Berlin-d6c0,27,22,Normal
2026-02-12 00:09:05.380867,Berlin-d6c0,17,90,Normal
2026-02-12 00:09:06.380867,Berlin-d6c0,-28,29,Normal
2026-02-12 00:09:07.380867,Berlin-d6c0,-27,54,Normal
2026-02-12 00:09:08.380867,Berlin-d6c0,13,78,Normal
2026-02-12 00:09:09.380867,Berlin-d6c0,49,79,Normal
2026-02-12 00:09:10.380867,Berlin-d6c0,5,15,Normal
2026-02-12 00:09:11.380867,Berlin-d6c0,-22,27,Normal
2026-02-12 00:09:12.380867,Berlin-d6c0,-12,57,Normal
2026-02-12 00:09:13.380867,Berlin-d6c0,19,9,Normal
2026-02-12 00:09:14.380867,Berlin-d6c0,-18,50,Normal
2026-02-12 00:09:15.380867,Berlin-d6c0,45,80,Normal
2026-02-12 00:09:16.380867,Berlin-d6c0,-1,76,Normal
2026-02-12 00:09:17.380867,Berlin-d6c0,16,66,Normal
2026-02-12 00:09:18.380867,Berlin-d6c0,21,51,Normal
2026-02-12 00:09:19.380867,Berlin-d6c0,49,67,Normal
2026-02-12 00:09:20.380867,Berlin-d6c0,24,26,Normal
2026-02-12 00:09:21.380867,Berlin-d6c0,48,74,Normal
2026-02-12 00:09:22.380867,Berlin-d6c0,15,96,Normal
2026-02-12 00:09:23.380867,Berlin-d6c0,-19,21,Normal
2026-02-12 00:09:24.380867,Berlin-d6c0,-18,89,Normal
2026-02-12 00:09:25.380867,Berlin-d6c0,-25,73,Normal
2026-02-12 00:09:26.380867,Berlin-d6c0,-15,13,Normal
2026-02-12 00:09:27.380867,Berlin-d6c0,-3,83,Normal
2026-02-12 00:09:28.380867,Berlin-d6c0,23,13,Normal
2026-02-12 00:09:29.380867,Berlin-d6c0,14,69,Normal
2026-02-12 00:09:30.380867,Berlin-d6c0,16,16,Normal
2026-02-12 00:09:31.380867,Berlin-d6c0,-23,9,Normal
2026-02-12 00:09:32.380867,Berlin-d6c0,10,97,Normal
2026-02-12 00:09:33.380867,Berlin-d6c0,-3,50,Normal
2026-02-12 00:09:34.380867,Berlin-d6c0,35,83,Normal
2026-02-12 00:09:35.380867,Berlin-d6c0,-13,47,Normal
2026-02-12 00:09:36.380867,Berlin-d6c0,-5,96,Normal
2026-02-12 00:09:37.380867,Berlin-d6c0,49,3,Normal
2026-02-12 00:09:38.380867,Berlin-d6c0,41,26,Normal
2026-02-12 00:09:39.380867,Berlin-d6c0,42,59,Normal
2026-02-12 00:09:40.380867,Berlin-d6c0,4,40,Normal
2026-02-12 00:09:41.380867,Berlin-d6c0,-9,23,Normal
2026-02-12 00:09:42.380867,Berlin-d6c0,36,91,Normal
2026-02-12 00:09:43.380867,Berlin-d6c0,-9,45,Normal
2026-02-12 00:09:44.380867,Berlin-d6c0,49,45,Normal
2026-02-12 00:09:45.380867,Berlin-d6c0,-18,2,Normal
2026-02-12 00:09:46.380867,Berlin-d6c0,-17,1,Normal
2026-02-12 00:09:47.380867,Berlin-d6c0,33,22,Normal
2026-02-12 00:09:48.380867,Berlin-d6c0,-18,60,Normal
2026-02-12 00:09:49.380867,Berlin-d6c0,41,53,Normal
2026-02-12 00:09:50.380867,Berlin-d6c0,48,86,Normal
2026-02-12 00:09:51.380867,Berlin-d6c0,43,12,Normal
2026-02-12 00:09:52.380867,Berlin-d6c0,37,8,Normal
2026-02-12 00:09:53.380867,Berlin-d6c0,34,36,Normal
2026-02-12 00:09:54.380867,Berlin-d6c0,42,23,Normal
2026-02-12 00:09:55.380867,Berlin-d6c0,17,67,Normal
2026-02-12 00:09:56.380867,Berlin-d6c0,20,54,Normal
2026-02-12 00:09:57.380867,Berlin-d6c0,-11,41,Normal
2026-02-12 00:09:58.380867,Berlin-d6c0,-4,97,Normal
2026-02-12 00:09:59.380867,Berlin-d6c0,-30,51,Normal
2026-02-12 00:10:00.380867,Berlin-d6c0,-14,55,Normal
2026-02-12 00:10:01.380867,Berlin-d6c0,-21,92,Normal
2026-02-12 00:10:02.380867,Berlin-d6c0,-19,8,Normal
2026-02-12 00:10:03.380867,Berlin-d6c0,-15,17,Normal
2026-02-12 00:10:04.380867,Berlin-d6c0,-2,84,Normal
2026-02-12 00:10:05.380867,Berlin-d6c0,-13,40,Normal
2026-02-12 00:10:06.380867,Berlin-d6c0,-29,87,Normal
2026-02-12 00:10:07.380867,Berlin-d6c0,41,16,Normal
2026-02-12 00:10:08.380867,Berlin-d6c0,-14,34,Normal
2026-02-12 00:10:09.380867,Berlin-d6c0,25,34,Normal
2026-02-12 00:10:10.380867,Berlin-d6c0,12,18,Normal
2026-02-12 00:10:11.380867,Berlin-d6c0,-14,0,Normal
2026-02-12 00:10:12.380867,Berlin-d6c0,-9,17,Normal
2026-02-12 00:10:13.380867,Berlin-d6c0,-1,34,Normal
2026-02-12 00:10:14.380867,Berlin-d6c0,10,51,Normal
2026-02-12 00:10:15.380867,Berlin-d6c0,8,78,Normal
2026-02-12 00:10:16.380867,Berlin-d6c0,46,37,Normal
2026-02-12 00:10:17.380867,Berlin-d6c0,-28,84,Normal
2026-02-12 00:10:18.380867,Berlin-d6c0,48,67,Normal
2026-02-12 00:10:19.380867,Berlin-d6c0,11,37,Normal
2026-02-12 00:10:20.380867,Berlin-d6c0,1,67,Normal
2026-02-12 00:10:21.380867,Berlin-d6c0,14,80,Normal
2026-02-12 00:10:22.380867,Berlin-d6c0,-5,52,Normal
2026-02-12 00:10:23.380867,Berlin-d6c0,8,53,Normal
2026-02-12 00:10:24.380867,Berlin-d6c0,21,87,Normal
2026-02-12 00:10:25.380867,Berlin-d6c0,18,38,Normal
2026-02-12 00:10:26.380867,Berlin-d6c0,36,27,Normal
2026-02-12 00:10:27.380867,Berlin-d6c0,50,19,Normal
2026-02-12 00:10:28.380867,Berlin-d6c0,0,10,Normal
2026-02-12 00:10:29.380867,Berlin-d6c0,47,72,Normal
2026-02-12 00:10:30.380867,Berlin-d6c0,25,12,Normal
2026-02-12 00:10:31.380867,Berlin-d6c0,32,44,Normal
2026-02-12 00:10:32.380867,Berlin-d6c0,1,76,Normal
2026-02-12 00:10:33.380867,Berlin-d6c0,-27,95,Normal
2026-02-12 00:10:34.380867,Berlin-d6c0,-27,46,Normal
2026-02-12 00:10:35.380867,Berlin-d6c0,-3,1,Normal
2026-02-12 00:10:36.380867,Berlin-d6c0,32,75,Normal
2026-02-12 00:10:37.380867,Berlin-d6c0,12,29,Normal
2026-02-12 00:10:38.380867,Berlin-d6c0,-6,23,Normal
2026-02-12 00:10:39.380867,Berlin-d6c0,30,76,Normal
2026-02-12 00:10:40.380867,Berlin-d6c0,40,81,Normal
2026-02-12 00:10:41.380867,Berlin-d6c0,42,48,Normal
2026-02-12 00:10:42.380867,Berlin-d6c0,21,53,Normal
2026-02-12 00:10:43.380867,Berlin-d6c0,5,13,Normal
2026-02-12 00:10:44.380867,Berlin-d6c0,18,60,Normal
2026-02-12 00:10:45.380867,Berlin-d6c0,-27,13,Normal
2026-02-12 00:10:46.380867,Berlin-d6c0,-1,22,Normal
2026-02-12 00:10:47.380867,Berlin-d6c0,48,38,Normal
2026-02-12 00:10:48.380867,Berlin-d6c0,16,19,Normal
2026-02-12 00:10:49.380867,Berlin-d6c0,6,32,Normal
2026-02-12 00:10:50.380867,Berlin-d6c0,35,55,Normal
2026-02-12 00:10:51.380867,Berlin-d6c0,-17,55,Normal
2026-02-12 00:10:52.380867,Berlin-d6c0,46,98,Normal
2026-02-12 00:10:53.380867,Berlin-d6c0,-3,38,Normal
2026-02-12 00:10:54.380867,Berlin-d6c0,35,50,Normal
2026-02-12 00:10:55.380867,Berlin-d6c0,-21,4,Normal
2026-02-12 00:10:56.380867,Berlin-d6c0,50,57,Normal
2026-02-12 00:10:57.380867,Berlin-d6c0,40,85,Normal
2026-02-12 00:10:58.380867,Berlin-d6c0,33,40,Normal
2026-02-12 00:10:59.380867,Berlin-d6c0,12,85,Normal
2026-02-12 00:11:00.380867,Berlin-d6c0,47,92,Normal
2026-02-12 00:11:01.380867,Berlin-d6c0,-1,16,Normal
2026-02-12 00:11:02.380867,Berlin-d6c0,16,78,Normal
2026-02-12 00:11:03.380867,Berlin-d6c0,16,89,Normal
2026-02-12 00:11:04.380867,Berlin-d6c0,6,25,Normal
2026-02-12 00:11:05.380867,Berlin-d6c0,-15,51,Normal
2026-02-12 00:11:06.380867,Berlin-d6c0,43,37,Normal
2026-02-12 00:11:07.380867,Berlin-d6c0,48,9,Normal
2026-02-12 00:11:08.380867,Berlin-d6c0,31,44,Normal
2026-02-12 00:11:09.380867,Berlin-d6c0,-12,0,Normal
2026-02-12 00:11:10.380867,Berlin-d6c0,33,87,Normal
2026-02-12 00:11:11.380867,Berlin-d6c0,-14,8,Normal
2026-02-12 00:11:12.380867,Berlin-d6c0,-27,52,Normal
2026-02-12 00:11:13.380867,Berlin-d6c0,22,66,Normal
2026-02-12 00:11:14.380867,Berlin-d6c0,27,51,Normal
2026-02-12 00:11:15.380867,Berlin-d6c0,-20,27,Normal
2026-02-12 00:11:16.380867,Berlin-d6c0,-17,16,Normal
2026-02-12 00:11:17.380867,Berlin-d6c0,17,26,Normal
2026-02-12 00:11:18.380867,Berlin-d6c0,1,68,Normal
2026-02-12 00:11:19.380867,Berlin-d6c0,20,85,Normal
2026-02-12 00:11:20.380867,Berlin-d6c0,27,62,Normal
2026-02-12 00:11:21.380867,Berlin-d6c0,-17,8,Normal
2026-02-12 00:11:22.380867,Berlin-d6c0,40,23,Normal
2026-02-12 00:11:23.380867,Berlin-d6c0,22,19,Normal
2026-02-12 00:11:24.380867,Berlin-d6c0,21,86,Normal
2026-02-12 00:11:25.380867,Berlin-d6c0,30,40,Normal
2026-02-12 00:11:26.380867,Berlin-d6c0,42,85,Normal
2026-02-12 00:11:27.380867,Berlin-d6c0,-16,73,Normal
2026-02-12 00:11:28.380867,Berlin-d6c0,8,79,Normal
2026-02-12 00:11:29.380867,Berlin-d6c0,17,90,Normal
2026-02-12 00:11:30.380867,Berlin-d6c0,-24,83,Normal
2026-02-12 00:11:31.380867,Berlin-d6c0,-6,76,Normal
2026-02-12 00:11:32.380867,Berlin-d6c0,14,33,Normal
2026-02-12 00:11:33.380867,Berlin-d6c0,-15,90,Normal
2026-02-12 00:11:34.380867,Berlin-d6c0,10,44,Normal
2026-02-12 00:11:35.380867,Berlin-d6c0,-1,30,Normal
2026-02-12 00:11:36.380867,Berlin-d6c0,-21,60,Normal
2026-02-12 00:11:37.380867,Berlin-d6c0,44,21,Normal
2026-02-12 00:11:38.380867,Berlin-d6c0,2,59,Normal
2026-02-12 00:11:39.380867,Berlin-d6c0,16,54,Normal
2026-02-12 00:11:40.380867,Berlin-d6c0,26,46,Normal
2026-02-12 00:11:41.380867,Berlin-d6c0,12,31,Normal
2026-02-12 00:11:42.380867,Berlin-d6c0,34,59,Normal
2026-02-12 00:11:43.380867,Berlin-d6c0,-8,81,Normal
2026-02-12 00:11:44.380867,Berlin-d6c0,-17,88,Normal
2026-02-12 00:11:45.380867,Berlin-d6c0,-29,70,Normal
2026-02-12 00:11:46.380867,Berlin-d6c0,-7,80,Normal
2026-02-12 00:11:47.380867,Berlin-d6c0,-2,95,Normal
2026-02-12 00:11:48.380867,Berlin-d6c0,-4,25,Normal
2026-02-12 00:11:49.380867,Berlin-d6c0,28,29,Normal
2026-02-12 00:11:50.380867,Berlin-d6c0,46,19,Normal
2026-02-12 00:11:51.380867,Berlin-d6c0,-4,76,Normal
2026-02-12 00:11:52.380867,Berlin-d6c0,13,32,Normal
2026-02-12 00:11:53.380867,Berlin-d6c0,30,75,Normal
2026-02-12 00:11:54.380867,Berlin-d6c0,-16,93,Normal
2026-02-12 00:11:55.380867,Berlin-d6c0,0,56,Normal
2026-02-12 00:11:56.380867,Berlin-d6c0,12,34,Normal
2026-02-12 00:11:57.380867,Berlin-d6c0,-26,48,Normal
2026-02-12 00:11:58.380867,Berlin-d6c0,-29,100,Normal
2026-02-12 00:11:59.380867,Berlin-d6c0,-2,45,Normal
2026-02-12 00:12:00.380867,Berlin-d6c0,-25,25,Normal
2026-02-12 00:12:01.380867,Berlin-d6c0,33,92,Normal
2026-02-12 00:12:02.380867,Berlin-d6c0,-26,59,Normal
2026-02-12 00:12:03.380867,Berlin-d6c0,-13,33,Normal
2026-02-12 00:12:04.380867,Berlin-d6c0,23,38,Normal
2026-02-12 00:12:05.380867,Berlin-d6c0,-20,51,Normal
2026-02-12 00:12:06.380867,Berlin-d6c0,33,81,Normal
2026-02-12 00:12:07.380867,Berlin-d6c0,-24,66,Normal
2026-02-12 00:12:08.380867,Berlin-d6c0,16,36,Normal
2026-02-12 00:12:09.380867,Berlin-d6c0,46,4,Normal
2026-02-12 00:12:10.380867,Berlin-d6c0,4,68,Normal
2026-02-12 00:12:11.380867,Berlin-d6c0,40,71,Normal
2026-02-12 00:12:12.380867,Berlin-d6c0,3,14,Normal
2026-02-12 00:12:13.380867,Berlin-d6c0,-10,7,Normal
2026-02-12 00:12:14.380867,Berlin-d6c0,-30,13,Normal
2026-02-12 00:12:15.380867,Berlin-d6c0,-4,74,Normal
2026-02-12 00:12:16.380867,Berlin-d6c0,-26,13,Normal
2026-02-12 00:12:17.380867,Berlin-d6c0,9,56,Normal
2026-02-12 00:12:18.380867,Berlin-d6c0,31,24,Normal
2026-02-12 00:12:19.380867,Berlin-d6c0,5,92,Normal
2026-02-12 00:12:20.380867,Berlin-d6c0,12,36,Normal
2026-02-12 00:12:21.380867,Berlin-d6c0,40,88,Normal
2026-02-12 00:12:22.380867,Berlin-d6c0,-25,95,Normal
2026-02-12 00:12:23.380867,Berlin-d6c0,11,17,Normal
2026-02-12 00:12:24.380867,Berlin-d6c0,-21,76,Normal
2026-02-12 00:12:25.380867,Berlin-d6c0,0,87,Normal
2026-02-12 00:12:26.380867,Berlin-d6c0,32,97,Normal
2026-02-12 00:12:27.380867,Berlin-d6c0,19,40,Normal
2026-02-12 00:12:28.380867,Berlin-d6c0,-25,92,Normal
2026-02-12 00:12:29.380867,Berlin-d6c0,11,74,Normal
2026-02-12 00:12:30.380867,Berlin-d6c0,11,61,Normal
2026-02-12 00:12:31.380867,Berlin-d6c0,3,32,Normal
2026-02-12 00:12:32.380867,Berlin-d6c0,48,19,Normal
2026-02-12 00:12:33.380867,Berlin-d6c0,16,48,Normal
2026-02-12 00:12:34.380867,Berlin-d6c0,-15,86,Normal
2026-02-12 00:12:35.380867,Berlin-d6c0,-26,99,Normal
2026-02-12 00:12:36.380867,Berlin-d6c0,28,70,Normal
2026-02-12 00:12:37.380867,Berlin-d6c0,13,13,Normal
2026-02-12 00:12:38.380867,Berlin-d6c0,44,97,Normal
2026-02-12 00:12:39.380867,Berlin-d6c0,5,93,Normal
2026-02-12 00:12:40.380867,Berlin-d6c0,4,64,Normal
2026-02-12 00:12:41.380867,Berlin-d6c0,-13,13,Normal
2026-02-12 00:12:42.380867,Berlin-d6c0,29,45,Normal
2026-02-12 00:12:43.380867,Berlin-d6c0,37,90,Normal
2026-02-12 00:12:44.380867,Berlin-d6c0,-11,66,Normal
2026-02-12 00:12:45.380867,Berlin-d6c0,5,47,Normal
2026-02-12 00:12:46.380867,Berlin-d6c0,20,67,Normal
2026-02-12 00:12:47.380867,Berlin-d6c0,-12,36,Normal
2026-02-12 00:12:48.380867,Berlin-d6c0,47,10,Normal
2026-02-12 00:12:49.380867,Berlin-d6c0,6,67,Normal
2026-02-12 00:12:50.380867,Berlin-d6c0,-8,100,Normal
2026-02-12 00:12:51.380867,Berlin-d6c0,-1,3,Normal
2026-02-12 00:12:52.380867,Berlin-d6c0,27,17,Normal
2026-02-12 00:12:53.380867,Berlin-d6c0,17,30,Normal
2026-02-12 00:12:54.380867,Berlin-d6c0,30,82,Normal
2026-02-12 00:12:55.380867,Berlin-d6c0,31,5,Normal
2026-02-12 00:12:56.380867,Berlin-d6c0,33,82,Normal
2026-02-12 00:12:57.380867,Berlin-d6c0,-5,96,Normal
2026-02-12 00:12:58.380867,Berlin-d6c0,-11,17,Normal
2026-02-12 00:12:59.380867,Berlin-d6c0,-7,99,Normal
2026-02-12 00:13:00.380867,Berlin-d6c0,25,44,Normal
2026-02-12 00:13:01.380867,Berlin-d6c0,-17,79,Normal
2026-02-12 00:13:02.380867,Berlin-d6c0,-17,41,Normal
2026-02-12 00:13:03.380867,Berlin-d6c0,-30,16,Normal
2026-02-12 00:13:04.380867,Berlin-d6c0,19,33,Normal
2026-02-12 00:13:05.380867,Berlin-d6c0,46,86,Normal
2026-02-12 00:13:06.380867,Berlin-d6c0,18,95,Normal
2026-02-12 00:13:07.380867,Berlin-d6c0,-24,7,Normal
2026-02-12 00:13:08.380867,Berlin-d6c0,33,65,Normal
2026-02-12 00:13:09.380867,Berlin-d6c0,-18,88,Normal
2026-02-12 00:13:10.380867,Berlin-d6c0,-9,18,Normal
2026-02-12 00:13:11.380867,Berlin-d6c0,7,20,Normal
2026-02-12 00:13:12.380867,Berlin-d6c0,16,4,Normal
2026-02-12 00:13:13.380867,Berlin-d6c0,-30,72,Normal
2026-02-12 00:13:14.380867,Berlin-d6c0,4,21,Normal
2026-02-12 00:13:15.380867,Berlin-d6c0,30,44,Normal
2026-02-12 00:13:16.380867,Berlin-d6c0,-23,30,Normal
2026-02-12 00:13:17.380867,Berlin-d6c0,45,85,Normal
2026-02-12 00:13:18.380867,Berlin-d6c0,24,94,Normal
2026-02-12 00:13:19.380867,Berlin-d6c0,27,60,Normal
2026-02-12 00:13:20.380867,Berlin-d6c0,47,78,Normal
2026-02-12 00:13:21.380867,Berlin-d6c0,18,2,Normal
2026-02-12 00:13:22.380867,Berlin-d6c0,7,47,Normal
2026-02-12 00:13:23.380867,Berlin-d6c0,-1,3,Normal
2026-02-12 00:13:24.380867,Berlin-d6c0,-27,59,Normal
2026-02-12 00:13:25.380867,Berlin-d6c0,0,46,Normal
2026-02-12 00:13:26.380867,Berlin-d6c0,-16,93,Normal
2026-02-12 00:13:27.380867,Berlin-d6c0,-3,43,Normal
2026-02-12 00:13:28.380867,Berlin-d6c0,-1,39,Normal
2026-02-12 00:13:29.380867,Berlin-d6c0,-28,14,Normal
2026-02-12 00:13:30.380867,Berlin-d6c0,25,76,Normal
2026-02-12 00:13:31.380867,Berlin-d6c0,1,37,Normal
2026-02-12 00:13:32.380867,Berlin-d6c0,5,1,Normal
2026-02-12 00:13:33.380867,Berlin-d6c0,26,75,Normal
2026-02-12 00:13:34.380867,Berlin-d6c0,15,2,Normal
2026-02-12 00:13:35.380867,Berlin-d6c0,26,37,Normal
2026-02-12 00:13:36.380867,Berlin-d6c0,14,36,Normal
2026-02-12 00:13:37.380867,Berlin-d6c0,-11,71,Normal
2026-02-12 00:13:38.380867,Berlin-d6c0,-19,11,Normal
2026-02-12 00:13:39.380867,Berlin-d6c0,9,32,Normal
2026-02-12 00:13:40.380867,Berlin-d6c0,22,16,Normal
2026-02-12 00:13:41.380867,Berlin-d6c0,-7,89,Normal
2026-02-12 00:13:42.380867,Berlin-d6c0,46,52,Normal
2026-02-12 00:13:43.380867,Berlin-d6c0,-6,83,Normal
2026-02-12 00:13:44.380867,Berlin-d6c0,2,0,Normal
2026-02-12 00:13:45.380867,Berlin-d6c0,34,77,Normal
2026-02-12 00:13:46.380867,Berlin-d6c0,13,50,Normal
2026-02-12 00:13:47.380867,Berlin-d6c0,44,29,Normal
2026-02-12 00:13:48.380867,Berlin-d6c0,-15,69,Normal
2026-02-12 00:13:49.380867,Berlin-d6c0,-24,63,Normal
2026-02-12 00:13:50.380867,Berlin-d6c0,-10,12,Normal
2026-02-12 00:13:51.380867,Berlin-d6c0,49,49,Normal
2026-02-12 00:13:52.380867,Berlin-d6c0,25,26,Normal
2026-02-12 00:13:53.380867,Berlin-d6c0,41,1,Normal
2026-02-12 00:13:54.380867,Berlin-d6c0,-14,100,Normal
2026-02-12 00:13:55.380867,Berlin-d6c0,14,62,Normal
2026-02-12 00:13:56.380867,Berlin-d6c0,29,92,Normal
2026-02-12 00:13:57.380867,Berlin-d6c0,-25,37,Normal
2026-02-12 00:13:58.380867,Berlin-d6c0,-12,11,Normal
2026-02-12 00:13:59.380867,Berlin-d6c0,41,8,Normal
2026-02-12 00:14:00.380867,Berlin-d6c0,-30,53,Normal
2026-02-12 00:14:01.380867,Berlin-d6c0,47,28,Normal
2026-02-12 00:14:02.380867,Berlin-d6c0,-15,73,Normal
2026-02-12 00:14:03.380867,Berlin-d6c0,-11,48,Normal
2026-02-12 00:14:04.380867,Berlin-d6c0,27,76,Normal
2026-02-12 00:14:05.380867,Berlin-d6c0,-21,6,Normal
2026-02-12 00:14:06.380867,Berlin-d6c0,19,0,Normal
2026-02-12 00:14:07.380867,Berlin-d6c0,2,9,Normal
2026-02-12 00:14:08.380867,Berlin-d6c0,3,76,Normal
2026-02-12 00:14:09.380867,Berlin-d6c0,21,77,Normal
2026-02-12 00:14:10.380867,Berlin-d6c0,41,90,Normal
2026-02-12 00:14:11.380867,Berlin-d6c0,0,23,Normal
2026-02-12 00:14:12.380867,Berlin-d6c0,-18,97,Normal
2026-02-12 00:14:13.380867,Berlin-d6c0,43,47,Normal
2026-02-12 00:14:14.380867,Berlin-d6c0,2,68,Normal
2026-02-12 00:14:15.380867,Berlin-d6c0,40,26,Normal
2026-02-12 00:14:16.380867,Berlin-d6c0,39,99,Normal
2026-02-12 00:14:17.380867,Berlin-d6c0,13,87,Normal
2026-02-12 00:14:18.380867,Berlin-d6c0,48,94,Normal
2026-02-12 00:14:19.380867,Berlin-d6c0,34,71,Normal
2026-02-12 00:14:20.380867,Berlin-d6c0,-7,18,Normal
2026-02-12 00:14:21.380867,Berlin-d6c0,-17,28,Normal
2026-02-12 00:14:22.380867,Berlin-d6c0,-18,7,Normal
2026-02-12 00:14:23.380867,Berlin-d6c0,43,43,Normal
2026-02-12 00:14:24.380867,Berlin-d6c0,3,14,Normal
2026-02-12 00:14:25.380867,Berlin-d6c0,-1,57,Normal
2026-02-12 00:14:26.380867,Berlin-d6c0,-27,86,Normal
2026-02-12 00:14:27.380867,Berlin-d6c0,-3,61,Normal
2026-02-12 00:14:28.380867,Berlin-d6c0,42,2,Normal
2026-02-12 00:14:29.380867,Berlin-d6c0,17,37,Normal
2026-02-12 00:14:30.380867,Berlin-d6c0,-2,32,Normal
2026-02-12 00:14:31.380867,Berlin-d6c0,40,46,Normal
2026-02-12 00:14:32.380867,Berlin-d6c0,6,54,Normal
2026-02-12 00:14:33.380867,Berlin-d6c0,8,42,Normal
2026-02-12 00:14:34.380867,Berlin-d6c0,-20,2,Normal
2026-02-12 00:14:35.380867,Berlin-d6c0,2,74,Normal
2026-02-12 00:14:36.380867,Berlin-d6c0,39,66,Normal
2026-02-12 00:14:37.380867,Berlin-d6c0,45,75,Normal
2026-02-12 00:14:38.380867,Berlin-d6c0,-3,83,Normal
2026-02-12 00:14:39.380867,Berlin-d6c0,-20,31,Normal
2026-02-12 00:14:40.380867,Berlin-d6c0,-21,76,Normal
2026-02-12 00:14:41.380867,Berlin-d6c0,-29,78,Normal
2026-02-12 00:14:42.380867,Berlin-d6c0,-21,98,Normal
2026-02-12 00:14:43.380867,Berlin-d6c0,0,79,Normal
2026-02-12 00:14:44.380867,Berlin-d6c0,47,5,Normal
2026-02-12 00:14:45.380867,Berlin-d6c0,-21,12,Normal
2026-02-12 00:14:46.380867,Berlin-d6c0,-30,88,Normal
2026-02-12 00:14:47.380867,Berlin-d6c0,41,83,Normal
2026-02-12 00:14:48.380867,Berlin-d6c0,3,87,Normal
2026-02-12 00:14:49.380867,Berlin-d6c0,27,17,Normal
2026-02-12 00:14:50.380867,Berlin-d6c0,25,44,Normal
2026-02-12 00:14:51.380867,Berlin-d6c0,30,1,Normal
2026-02-12 00:14:52.380867,Berlin-d6c0,27,4,Normal
2026-02-12 00:14:53.380867,Berlin-d6c0,1,99,Normal
2026-02-12 00:14:54.380867,Berlin-d6c0,9,2,Normal
2026-02-12 00:14:55.380867,Berlin-d6c0,46,51,Normal
2026-02-12 00:14:56.380867,Berlin-d6c0,-15,82,Normal
2026-02-12 00:14:57.380867,Berlin-d6c0,-28,21,Normal
2026-02-12 00:14:58.380867,Berlin-d6c0,-2,1,Normal
2026-02-12 00:14:59.380867,Berlin-d6c0,-29,68,Normal
2026-02-12 00:15:00.380867,Berlin-d6c0,17,14,Normal
2026-02-12 00:15:01.380867,Berlin-d6c0,2,3,Normal
2026-02-12 00:15:02.380867,Berlin-d6c0,12,14,Normal
2026-02-12 00:15:03.380867,Berlin-d6c0,19,90,Normal
2026-02-12 00:15:04.380867,Berlin-d6c0,-4,46,Normal
2026-02-12 00:15:05.380867,Berlin-d6c0,29,90,Normal
2026-02-12 00:15:06.380867,Berlin-d6c0,-18,47,Normal
2026-02-12 00:15:07.380867,Berlin-d6c0,-2,80,Normal
2026-02-12 00:15:08.380867,Berlin-d6c0,17,37,Normal
2026-02-12 00:15:09.380867,Berlin-d6c0,-4,27,Normal
2026-02-12 00:15:10.380867,Berlin-d6c0,-11,85,Normal
2026-02-12 00:15:11.380867,Berlin-d6c0,11,92,Normal
2026-02-12 00:15:12.380867,Berlin-d6c0,2,35,Normal
2026-02-12 00:15:13.380867,Berlin-d6c0,-1,92,Normal
2026-02-12 00:15:14.380867,Berlin-d6c0,23,99,Normal
2026-02-12 00:15:15.380867,Berlin-d6c0,37,77,Normal
2026-02-12 00:15:16.380867,Berlin-d6c0,29,30,Normal
2026-02-12 00:15:17.380867,Berlin-d6c0,25,1,Normal
2026-02-12 00:15:18.380867,Berlin-d6c0,-29,15,Normal
2026-02-12 00:15:19.380867,Berlin-d6c0,-7,7,Normal
2026-02-12 00:15:20.380867,Berlin-d6c0,32,81,Normal
2026-02-12 00:15:21.380867,Berlin-d6c0,16,12,Normal
2026-02-12 00:15:22.380867,Berlin-d6c0,35,80,Normal
2026-02-12 00:15:23.380867,Berlin-d6c0,-21,82,Normal
2026-02-12 00:15:24.380867,Berlin-d6c0,39,34,Normal
2026-02-12 00:15:25.380867,Berlin-d6c0,7,69,Normal
2026-02-12 00:15:26.380867,Berlin-d6c0,-15,13,Normal
2026-02-12 00:15:27.380867,Berlin-d6c0,-5,31,Normal
2026-02-12 00:15:28.380867,Berlin-d6c0,-19,10,Normal
2026-02-12 00:15:29.380867,Berlin-d6c0,3,64,Normal
2026-02-12 00:15:30.380867,Berlin-d6c0,3,11,Normal
2026-02-12 00:15:31.380867,Berlin-d6c0,4,73,Normal
2026-02-12 00:15:32.380867,Berlin-d6c0,-4,41,Normal
2026-02-12 00:15:33.380867,Berlin-d6c0,4,16,Normal
2026-02-12 00:15:34.380867,Berlin-d6c0,-21,100,Normal
2026-02-12 00:15:35.380867,Berlin-d6c0,15,89,Normal
2026-02-12 00:15:36.380867,Berlin-d6c0,-19,27,Normal
2026-02-12 00:15:37.380867,Berlin-d6c0,8,65,Normal
2026-02-12 00:15:38.380867,Berlin-d6c0,27,96,Normal
2026-02-12 00:15:39.380867,Berlin-d6c0,-16,43,Normal
2026-02-12 00:15:40.380867,Berlin-d6c0,26,60,Normal
2026-02-12 00:15:41.380867,Berlin-d6c0,-5,73,Normal
2026-02-12 00:15:42.380867,Berlin-d6c0,30,91,Normal
2026-02-12 00:15:43.380867,Berlin-d6c0,37,81,Normal
2026-02-12 00:15:44.380867,Berlin-d6c0,-27,96,Normal
2026-02-12 00:15:45.380867,Berlin-d6c0,15,14,Normal
2026-02-12 00:15:46.380867,Berlin-d6c0,-16,90,Normal
2026-02-12 00:15:47.380867,Berlin-d6c0,12,97,Normal
2026-02-12 00:15:48.380867,Berlin-d6c0,-23,31,Normal
2026-02-12 00:15:49.380867,Berlin-d6c0,8,84,Normal
2026-02-12 00:15:50.380867,Berlin-d6c0,41,47,Normal
2026-02-12 00:15:51.380867,Berlin-d6c0,-25,44,Normal
2026-02-12 00:15:52.380867,Berlin-d6c0,16,1,Normal
2026-02-12 00:15:53.380867,Berlin-d6c0,45,27,Normal
2026-02-12 00:15:54.380867,Berlin-d6c0,-29,58,Normal
2026-02-12 00:15:55.380867,Berlin-d6c0,49,34,Normal
2026-02-12 00:15:56.380867,Berlin-d6c0,-13,12,Normal
2026-02-12 00:15:57.380867,Berlin-d6c0,-15,22,Normal
2026-02-12 00:15:58.380867,Berlin-d6c0,43,92,Normal
2026-02-12 00:15:59.380867,Berlin-d6c0,22,36,Normal
2026-02-12 00:16:00.380867,Berlin-d6c0,20,76,Normal
2026-02-12 00:16:01.380867,Berlin-d6c0,34,68,Normal
2026-02-12 00:16:02.380867,Berlin-d6c0,4,91,Normal
2026-02-12 00:16:03.380867,Berlin-d6c0,-22,59,Normal
2026-02-12 00:16:04.380867,Berlin-d6c0,-16,76,Normal
2026-02-12 00:16:05.380867,Berlin-d6c0,-2,6,Normal
2026-02-12 00:16:06.380867,Berlin-d6c0,14,60,Normal
2026-02-12 00:16:07.380867,Berlin-d6c0,-28,76,Normal
2026-02-12 00:16:08.380867,Berlin-d6c0,-24,61,Normal
2026-02-12 00:16:09.380867,Berlin-d6c0,-24,99,Normal
2026-02-12 00:16:10.380867,Berlin-d6c0,27,16,Normal
2026-02-12 00:16:11.380867,Berlin-d6c0,3,0,Normal
2026-02-12 00:16:12.380867,Berlin-d6c0,-27,78,Normal
2026-02-12 00:16:13.380867,Berlin-d6c0,-20,25,Normal
2026-02-12 00:16:14.380867,Berlin-d6c0,24,54,Normal
2026-02-12 00:16:15.380867,Berlin-d6c0,44,43,Normal
2026-02-12 00:16:16.380867,Berlin-d6c0,8,72,Normal
2026-02-12 00:16:17.380867,Berlin-d6c0,-10,16,Normal
2026-02-12 00:16:18.380867,Berlin-d6c0,-10,6,Normal
2026-02-12 00:16:19.380867,Berlin-d6c0,-18,58,Normal
2026-02-12 00:16:20.380867,Berlin-d6c0,22,89,Normal
2026-02-12 00:16:21.380867,Berlin-d6c0,-30,60,Normal
2026-02-12 00:16:22.380867,Berlin-d6c0,37,9,Normal
2026-02-12 00:16:23.380867,Berlin-d6c0,4,85,Normal
2026-02-12 00:16:24.380867,Berlin-d6c0,-29,20,Normal
2026-02-12 00:16:25.380867,Berlin-d6c0,-25,50,Normal
2026-02-12 00:16:26.380867,Berlin-d6c0,-24,43,Normal
2026-02-12 00:16:27.380867,Berlin-d6c0,12,94,Normal
2026-02-12 00:16:28.380867,Berlin-d6c0,-11,93,Normal
2026-02-12 00:16:29.380867,Berlin-d6c0,4,79,Normal
2026-02-12 00:16:30.380867,Berlin-d6c0,21,49,Normal
2026-02-12 00:16:31.380867,Berlin-d6c0,40,9,Normal
2026-02-12 00:16:32.380867,Berlin-d6c0,21,36,Normal
2026-02-12 00:16:33.380867,Berlin-d6c0,41,64,Normal
2026-02-12 00:16:34.380867,Berlin-d6c0,-1,79,Normal
2026-02-12 00:16:35.380867,Berlin-d6c0,21,95,Normal
2026-02-12 00:16:36.380867,Berlin-d6c0,21,23,Normal
2026-02-12 00:16:37.380867,Berlin-d6c0,-7,94,Normal
2026-02-12 00:16:38.380867,Berlin-d6c0,-23,98,Normal
2026-02-12 00:16:39.380867,Berlin-d6c0,-26,85,Normal
2026-02-12 00:16:40.380867,Berlin-d6c0,45,94,Normal
2026-02-12 00:16:41.380867,Berlin-d6c0,21,86,Normal
2026-02-12 00:16:42.380867,Berlin-d6c0,1,48,Normal
2026-02-12 00:16:43.380867,Berlin-d6c0,2,9,Normal
2026-02-12 00:16:44.380867,Berlin-d6c0,41,68,Normal
2026-02-12 00:16:45.380867,Berlin-d6c0,13,4,Normal
2026-02-12 00:16:46.380867,Berlin-d6c0,30,59,Normal
2026-02-12 00:16:47.380867,Berlin-d6c0,3,42,Normal
2026-02-12 00:16:48.380867,Berlin-d6c0,36,47,Normal
2026-02-12 00:16:49.380867,Berlin-d6c0,34,28,Normal
2026-02-12 00:16:50.380867,Berlin-d6c0,-23,47,Normal
2026-02-12 00:16:51.380867,Berlin-d6c0,3,25,Normal
2026-02-12 00:16:52.380867,Berlin-d6c0,18,84,Normal
2026-02-12 00:16:53.380867,Berlin-d6c0,21,61,Normal
2026-02-12 00:16:54.380867,Berlin-d6c0,15,32,Normal
2026-02-12 00:16:55.380867,Berlin-d6c0,50,49,Normal
2026-02-12 00:16:56.380867,Berlin-d6c0,41,43,Normal
2026-02-12 00:16:57.380867,Berlin-d6c0,-6,53,Normal
2026-02-12 00:16:58.380867,Berlin-d6c0,-1,3,Normal
2026-02-12 00:16:59.380867,Berlin-d6c0,40,57,Normal
2026-02-12 00:17:00.380867,Berlin-d6c0,15,54,Normal
2026-02-12 00:17:01.380867,Berlin-d6c0,3,8,Normal
2026-02-12 00:17:02.380867,Berlin-d6c0,-20,20,Normal
2026-02-12 00:17:03.380867,Berlin-d6c0,3,8,Normal
2026-02-12 00:17:04.380867,Berlin-d6c0,-9,32,Normal
2026-02-12 00:17:05.380867,Berlin-d6c0,-27,36,Normal
2026-02-12 00:17:06.380867,Berlin-d6c0,6,36,Normal
2026-02-12 00:17:07.380867,Berlin-d6c0,46,46,Normal
2026-02-12 00:17:08.380867,Berlin-d6c0,-19,80,Normal
2026-02-12 00:17:09.380867,Berlin-d6c0,-15,87,Normal
2026-02-12 00:17:10.380867,Berlin-d6c0,38,54,Normal
2026-02-12 00:17:11.380867,Berlin-d6c0,37,30,Normal
2026-02-12 00:17:12.380867,Berlin-d6c0,45,7,Normal
2026-02-12 00:17:13.380867,Berlin-d6c0,34,26,Normal
2026-02-12 00:17:14.380867,Berlin-d6c0,20,8,Normal
2026-02-12 00:17:15.380867,Berlin-d6c0,8,15,Normal
2026-02-12 00:17:16.380867,Berlin-d6c0,32,5,Normal
2026-02-12 00:17:17.380867,Berlin-d6c0,-10,28,Normal
2026-02-12 00:17:18.380867,Berlin-d6c0,-18,6,Normal
2026-02-12 00:17:19.380867,Berlin-d6c0,-9,57,Normal
2026-02-12 00:17:20.380867,Berlin-d6c0,-5,56,Normal
2026-02-12 00:17:21.380867,Berlin-d6c0,43,27,Normal
2026-02-12 00:17:22.380867,Berlin-d6c0,-10,43,Normal
2026-02-12 00:17:23.380867,Berlin-d6c0,24,56,Normal
2026-02-12 00:17:24.380867,Berlin-d6c0,37,58,Normal
2026-02-12 00:17:25.380867,Berlin-d6c0,37,93,Normal
2026-02-12 00:17:26.380867,Berlin-d6c0,-12,42,Normal
2026-02-12 00:17:27.380867,Berlin-d6c0,10,84,Normal
2026-02-12 00:17:28.380867,Berlin-d6c0,-30,46,Normal
2026-02-12 00:17:29.380867,Berlin-d6c0,18,89,Normal
2026-02-12 00:17:30.380867,Berlin-d6c0,24,47,Normal
2026-02-12 00:17:31.380867,Berlin-d6c0,-7,38,Normal
2026-02-12 00:17:32.380867,Berlin-d6c0,48,19,Normal
2026-02-12 00:17:33.380867,Berlin-d6c0,2,38,Normal
2026-02-12 00:17:34.380867,Berlin-d6c0,31,94,Normal
2026-02-12 00:17:35.380867,Berlin-d6c0,49,73,Normal
2026-02-12 00:17:36.380867,Berlin-d6c0,-28,14,Normal
2026-02-12 00:17:37.380867,Berlin-d6c0,-23,55,Normal
2026-02-12 00:17:38.380867,Berlin-d6c0,8,48,Normal
2026-02-12 00:17:39.380867,Berlin-d6c0,13,48,Normal
2026-02-12 00:17:40.380867,Berlin-d6c0,-27,26,Normal
2026-02-12 00:17:41.380867,Berlin-d6c0,-24,11,Normal
2026-02-12 00:17:42.380867,Berlin-d6c0,-18,9,Normal
2026-02-12 00:17:43.380867,Berlin-d6c0,30,29,Normal
2026-02-12 00:17:44.380867,Berlin-d6c0,-17,59,Normal
2026-02-12 00:17:45.380867,Berlin-d6c0,5,38,Normal
2026-02-12 00:17:46.380867,Berlin-d6c0,-7,6,Normal
2026-02-12 00:17:47.380867,Berlin-d6c0,36,72,Normal
2026-02-12 00:17:48.380867,Berlin-d6c0,-1,28,Normal
2026-02-12 00:17:49.380867,Berlin-d6c0,50,76,Normal
2026-02-12 00:17:50.380867,Berlin-d6c0,42,36,Normal
2026-02-12 00:17:51.380867,Berlin-d6c0,-13,33,Normal
2026-02-12 00:17:52.380867,Berlin-d6c0,49,21,Normal
2026-02-12 00:17:53.380867,Berlin-d6c0,-12,19,Normal
2026-02-12 00:17:54.380867,Berlin-d6c0,15,8,Normal
2026-02-12 00:17:55.380867,Berlin-d6c0,-9,47,Normal
2026-02-12 00:17:56.380867,Berlin-d6c0,-20,94,Normal
2026-02-12 00:17:57.380867,Berlin-d6c0,11,26,Normal
2026-02-12 00:17:58.380867,Berlin-d6c0,-21,57,Normal
2026-02-12 00:17:59.380867,Berlin-d6c0,34,32,Normal
2026-02-12 00:18:00.380867,Berlin-d6c0,-9,27,Normal
2026-02-12 00:18:01.380867,Berlin-d6c0,35,13,Normal
2026-02-12 00:18:02.380867,Berlin-d6c0,32,18,Normal
2026-02-12 00:18:03.380867,Berlin-d6c0,-19,36,Normal
2026-02-12 00:18:04.380867,Berlin-d6c0,26,53,Normal
2026-02-12 00:18:05.380867,Berlin-d6c0,-16,82,Normal
2026-02-12 00:18:06.380867,Berlin-d6c0,49,39,Normal
2026-02-12 00:18:07.380867,Berlin-d6c0,10,3,Normal
2026-02-12 00:18:08.380867,Berlin-d6c0,26,19,Normal
2026-02-12 00:18:09.380867,Berlin-d6c0,-5,14,Normal
2026-02-12 00:18:10.380867,Berlin-d6c0,44,29,Normal
2026-02-12 00:18:11.380867,Berlin-d6c0,37,39,Normal
2026-02-12 00:18:12.380867,Berlin-d6c0,28,31,Normal
2026-02-12 00:18:13.380867,Berlin-d6c0,-10,63,Normal
2026-02-12 00:18:14.380867,Berlin-d6c0,49,21,Normal
2026-02-12 00:18:15.380867,Berlin-d6c0,-15,26,Normal
2026-02-12 00:18:16.380867,Berlin-d6c0,45,69,Normal
2026-02-12 00:18:17.380867,Berlin-d6c0,6,21,Normal
2026-02-12 00:18:18.380867,Berlin-d6c0,-28,94,Normal
2026-02-12 00:18:19.380867,Berlin-d6c0,1,12,Normal
2026-02-12 00:18:20.380867,Berlin-d6c0,30,6,Normal
2026-02-12 00:18:21.380867,Berlin-d6c0,37,60,Normal
2026-02-12 00:18:22.380867,Berlin-d6c0,17,1,Normal
2026-02-12 00:18:23.380867,Berlin-d6c0,-22,33,Normal
2026-02-12 00:18:24.380867,Berlin-d6c0,19,82,Normal
2026-02-12 00:18:25.380867,Berlin-d6c0,8,19,Normal
2026-02-12 00:18:26.380867,Berlin-d6c0,30,18,Normal
2026-02-12 00:18:27.380867,Berlin-d6c0,-4,7,Normal
2026-02-12 00:18:28.380867,Berlin-d6c0,14,32,Normal
2026-02-12 00:18:29.380867,Berlin-d6c0,26,0,Normal
2026-02-12 00:18:30.380867,Berlin-d6c0,13,45,Normal
2026-02-12 00:18:31.380867,Berlin-d6c0,1,96,Normal
2026-02-12 00:18:32.380867,Berlin-d6c0,33,20,Normal
2026-02-12 00:18:33.380867,Berlin-d6c0,-20,37,Normal
2026-02-12 00:18:34.380867,Berlin-d6c0,34,79,Normal
2026-02-12 00:18:35.380867,Berlin-d6c0,2,60,Normal
2026-02-12 00:18:36.380867,Berlin-d6c0,-2,22,Normal
2026-02-12 00:18:37.380867,Berlin-d6c0,5,23,Normal
2026-02-12 00:18:38.380867,Berlin-d6c0,-7,3,Normal
2026-02-12 00:18:39.380867,Berlin-d6c0,2,29,Normal
2026-02-12 00:18:40.380867,Berlin-d6c0,-30,53,Normal
2026-02-12 00:18:41.380867,Berlin-d6c0,-12,64,Normal
2026-02-12 00:18:42.380867,Berlin-d6c0,43,12,Normal
2026-02-12 00:18:43.380867,Berlin-d6c0,-11,47,Normal
2026-02-12 00:18:44.380867,Berlin-d6c0,-28,22,Normal
2026-02-12 00:18:45.380867,Berlin-d6c0,-28,89,Normal
2026-02-12 00:18:46.380867,Berlin-d6c0,-27,33,Normal
2026-02-12 00:18:47.380867,Berlin-d6c0,44,55,Normal
2026-02-12 00:18:48.380867,Berlin-d6c0,-3,45,Normal
2026-02-12 00:18:49.380867,Berlin-d6c0,-30,40,Normal
2026-02-12 00:18:50.380867,Berlin-d6c0,-18,59,Normal
2026-02-12 00:18:51.380867,Berlin-d6c0,27,92,Normal
2026-02-12 00:18:52.380867,Berlin-d6c0,-4,24,Normal
2026-02-12 00:18:53.380867,Berlin-d6c0,-4,62,Normal
2026-02-12 00:18:54.380867,Berlin-d6c0,1,65,Normal
2026-02-12 00:18:55.380867,Berlin-d6c0,21,48,Normal
2026-02-12 00:18:56.380867,Berlin-d6c0,-24,21,Normal
2026-02-12 00:18:57.380867,Berlin-d6c0,4,7,Normal
2026-02-12 00:18:58.380867,Berlin-d6c0,5,30,Normal
2026-02-12 00:18:59.380867,Berlin-d6c0,8,64,Normal
2026-02-12 00:19:00.380867,Berlin-d6c0,29,42,Normal
2026-02-12 00:19:01.380867,Berlin-d6c0,47,75,Normal
2026-02-12 00:19:02.380867,Berlin-d6c0,-23,0,Normal
2026-02-12 00:19:03.380867,Berlin-d6c0,-26,27,Normal
2026-02-12 00:19:04.380867,Berlin-d6c0,6,54,Normal
2026-02-12 00:19:05.380867,Berlin-d6c0,-7,10,Normal
2026-02-12 00:19:06.380867,Berlin-d6c0,20,63,Normal
2026-02-12 00:19:07.380867,Berlin-d6c0,36,73,Normal
2026-02-12 00:19:08.380867,Berlin-d6c0,7,48,Normal
2026-02-12 00:19:09.380867,Berlin-d6c0,-24,15,Normal
2026-02-12 00:19:10.380867,Berlin-d6c0,12,71,Normal
2026-02-12 00:19:11.380867,Berlin-d6c0,21,60,Normal
2026-02-12 00:19:12.380867,Berlin-d6c0,-16,24,Normal
2026-02-12 00:19:13.380867,Berlin-d6c0,30,50,Normal
2026-02-12 00:19:14.380867,Berlin-d6c0,22,2,Normal
2026-02-12 00:19:15.380867,Berlin-d6c0,11,79,Normal
2026-02-12 00:19:16.380867,Berlin-d6c0,37,32,Normal
2026-02-12 00:19:17.380867,Berlin-d6c0,40,90,Normal
2026-02-12 00:19:18.380867,Berlin-d6c0,2,73,Normal
2026-02-12 00:19:19.380867,Berlin-d6c0,-28,28,Normal
2026-02-12 00:19:20.380867,Berlin-d6c0,30,66,Normal
2026-02-12 00:19:21.380867,Berlin-d6c0,-26,92,Normal
2026-02-12 00:19:22.380867,Berlin-d6c0,13,93,Normal
2026-02-12 00:19:23.380867,Berlin-d6c0,19,70,Normal
2026-02-12 00:19:24.380867,Berlin-d6c0,-21,12,Normal
2026-02-12 00:19:25.380867,Berlin-d6c0,-13,0,Normal
2026-02-12 00:19:26.380867,Berlin-d6c0,35,11,Normal
2026-02-12 00:19:27.380867,Berlin-d6c0,45,86,Normal
2026-02-12 00:19:28.380867,Berlin-d6c0,44,100,Normal
2026-02-12 00:19:29.380867,Berlin-d6c0,7,80,Normal
2026-02-12 00:19:30.380867,Berlin-d6c0,30,31,Normal
2026-02-12 00:19:31.380867,Berlin-d6c0,27,39,Normal
2026-02-12 00:19:32.380867,Berlin-d6c0,0,56,Normal
2026-02-12 00:19:33.380867,Berlin-d6c0,-16,58,Normal
2026-02-12 00:19:34.380867,Berlin-d6c0,37,54,Normal
2026-02-12 00:19:35.380867,Berlin-d6c0,50,97,Normal
2026-02-12 00:19:36.380867,Berlin-d6c0,45,76,Normal
2026-02-12 00:19:37.380867,Berlin-d6c0,-30,69,Normal
2026-02-12 00:19:38.380867,Berlin-d6c0,9,35,Normal
2026-02-12 00:19:39.380867,Berlin-d6c0,45,91,Normal
2026-02-12 00:19:40.380867,Berlin-d6c0,-14,88,Normal
2026-02-12 00:19:41.380867,Berlin-d6c0,12,5,Normal
2026-02-12 00:19:42.380867,Berlin-d6c0,32,22,Normal
2026-02-12 00:19:43.380867,Berlin-d6c0,9,29,Normal
2026-02-12 00:19:44.380867,Berlin-d6c0,5,14,Normal
2026-02-12 00:19:45.380867,Berlin-d6c0,6,40,Normal
2026-02-12 00:19:46.380867,Berlin-d6c0,-13,7,Normal
2026-02-12 00:19:47.380867,Berlin-d6c0,19,46,Normal
2026-02-12 00:19:48.380867,Berlin-d6c0,38,41,Normal
2026-02-12 00:19:49.380867,Berlin-d6c0,10,55,Normal
2026-02-12 00:19:50.380867,Berlin-d6c0,12,95,Normal
2026-02-12 00:19:51.380867,Berlin-d6c0,-11,64,Normal
2026-02-12 00:19:52.380867,Berlin-d6c0,-7,100,Normal
2026-02-12 00:19:53.380867,Berlin-d6c0,-1,47,Normal
2026-02-12 00:19:54.380867,Berlin-d6c0,39,55,Normal
2026-02-12 00:19:55.380867,Berlin-d6c0,7,83,Normal
2026-02-12 00:19:56.380867,Berlin-d6c0,-14,74,Normal
2026-02-12 00:19:57.380867,Berlin-d6c0,-28,16,Normal
2026-02-12 00:19:58.380867,Berlin-d6c0,47,90,Normal
2026-02-12 00:19:59.380867,Berlin-d6c0,29,75,Normal
2026-02-12 00:20:00.380867,Berlin-d6c0,-19,25,Normal
2026-02-12 00:20:01.380867,Berlin-d6c0,-20,4,Normal
2026-02-12 00:20:02.380867,Berlin-d6c0,-6,56,Normal
2026-02-12 00:20:03.380867,Berlin-d6c0,16,98,Normal
2026-02-12 00:20:04.380867,Berlin-d6c0,29,22,Normal
2026-02-12 00:20:05.380867,Berlin-d6c0,36,98,Normal
2026-02-12 00:20:06.380867,Berlin-d6c0,-11,87,Normal
2026-02-12 00:20:07.380867,Berlin-d6c0,-24,10,Normal
2026-02-12 00:20:08.380867,Berlin-d6c0,40,15,Normal
2026-02-12 00:20:09.380867,Berlin-d6c0,-9,19,Normal
2026-02-12 00:20:10.380867,Berlin-d6c0,-11,53,Normal
2026-02-12 00:20:11.380867,Berlin-d6c0,48,39,Normal
2026-02-12 00:20:12.380867,Berlin-d6c0,-14,14,Normal
2026-02-12 00:20:13.380867,Berlin-d6c0,-10,79,Normal
2026-02-12 00:20:14.380867,Berlin-d6c0,35,28,Normal
2026-02-12 00:20:15.380867,Berlin-d6c0,24,68,Normal
2026-02-12 00:20:16.380867,Berlin-d6c0,-25,55,Normal
2026-02-12 00:20:17.380867,Berlin-d6c0,4,0,Normal
2026-02-12 00:20:18.380867,Berlin-d6c0,33,30,Normal
2026-02-12 00:20:19.380867,Berlin-d6c0,-23,17,Normal
2026-02-12 00:20:20.380867,Berlin-d6c0,38,59,Normal
2026-02-12 00:20:21.380867,Berlin-d6c0,3,84,Normal
2026-02-12 00:20:22.380867,Berlin-d6c0,50,14,Normal
2026-02-12 00:20:23.380867,Berlin-d6c0,-8,65,Normal
2026-02-12 00:20:24.380867,Berlin-d6c0,-9,21,Normal
2026-02-12 00:20:25.380867,Berlin-d6c0,33,95,Normal
2026-02-12 00:20:26.380867,Berlin-d6c0,44,31,Normal
2026-02-12 00:20:27.380867,Berlin-d6c0,-11,10,Normal
2026-02-12 00:20:28.380867,Berlin-d6c0,23,78,Normal
2026-02-12 00:20:29.380867,Berlin-d6c0,45,33,Normal
2026-02-12 00:20:30.380867,Berlin-d6c0,20,96,Normal
2026-02-12 00:20:31.380867,Berlin-d6c0,30,63,Normal
2026-02-12 00:20:32.380867,Berlin-d6c0,25,78,Normal
2026-02-12 00:20:33.380867,Berlin-d6c0,-1,96,Normal
2026-02-12 00:20:34.380867,Berlin-d6c0,-1,14,Normal
2026-02-12 00:20:35.380867,Berlin-d6c0,27,23,Normal
2026-02-12 00:20:36.380867,Berlin-d6c0,43,79,Normal
2026-02-12 00:20:37.380867,Berlin-d6c0,-5,28,Normal
2026-02-12 00:20:38.380867,Berlin-d6c0,36,35,Normal
2026-02-12 00:20:39.380867,Berlin-d6c0,16,56,Normal
2026-02-12 00:20:40.380867,Berlin-d6c0,-7,89,Normal
2026-02-12 00:20:41.380867,Berlin-d6c0,-22,64,Normal
2026-02-12 00:20:42.380867,Berlin-d6c0,-12,6,Normal
2026-02-12 00:20:43.380867,Berlin-d6c0,8,25,Normal
2026-02-12 00:20:44.380867,Berlin-d6c0,-8,81,Normal
2026-02-12 00:20:45.380867,Berlin-d6c0,9,49,Normal
2026-02-12 00:20:46.380867,Berlin-d6c0,22,54,Normal
2026-02-12 00:20:47.380867,Berlin-d6c0,12,36,Normal
2026-02-12 00:20:48.380867,Berlin-d6c0,10,71,Normal
2026-02-12 00:20:49.380867,Berlin-d6c0,41,74,Normal
2026-02-12 00:20:50.380867,Berlin-d6c0,13,2,Normal
2026-02-12 00:20:51.380867,Berlin-d6c0,-8,13,Normal
2026-02-12 00:20:52.380867,Berlin-d6c0,21,97,Normal
2026-02-12 00:20:53.380867,Berlin-d6c0,10,95,Normal
2026-02-12 00:20:54.380867,Berlin-d6c0,-7,32,Normal
2026-02-12 00:20:55.380867,Berlin-d6c0,16,67,Normal
2026-02-12 00:20:56.380867,Berlin-d6c0,2,43,Normal
2026-02-12 00:20:57.380867,Berlin-d6c0,-3,38,Normal
2026-02-12 00:20:58.380867,Berlin-d6c0,50,68,Normal
2026-02-12 00:20:59.380867,Berlin-d6c0,16,9,Normal
2026-02-12 00:21:00.380867,Berlin-d6c0,4,11,Normal
2026-02-12 00:21:01.380867,Berlin-d6c0,22,85,Normal
2026-02-12 00:21:02.380867,Berlin-d6c0,37,78,Normal
2026-02-12 00:21:03.380867,Berlin-d6c0,43,69,Normal
2026-02-12 00:21:04.380867,Berlin-d6c0,32,64,Normal
2026-02-12 00:21:05.380867,Berlin-d6c0,0,49,Normal
2026-02-12 00:21:06.380867,Berlin-d6c0,5,53,Normal
2026-02-12 00:21:07.380867,Berlin-d6c0,-1,68,Normal
2026-02-12 00:21:08.380867,Berlin-d6c0,40,66,Normal
2026-02-12 00:21:09.380867,Berlin-d6c0,45,73,Normal
2026-02-12 00:21:10.380867,Berlin-d6c0,3,16,Normal
2026-02-12 00:21:11.380867,Berlin-d6c0,41,19,Normal
2026-02-12 00:21:12.380867,Berlin-d6c0,-14,91,Normal
2026-02-12 00:21:13.380867,Berlin-d6c0,23,2,Normal
2026-02-12 00:21:14.380867,Berlin-d6c0,-20,38,Normal
2026-02-12 00:21:15.380867,Berlin-d6c0,11,72,Normal
2026-02-12 00:21:16.380867,Berlin-d6c0,11,89,Normal
2026-02-12 00:21:17.380867,Berlin-d6c0,45,10,Normal
2026-02-12 00:21:18.380867,Berlin-d6c0,-25,65,Normal
2026-02-12 00:21:19.380867,Berlin-d6c0,29,53,Normal
2026-02-12 00:21:20.380867,Berlin-d6c0,19,78,Normal
2026-02-12 00:21:21.380867,Berlin-d6c0,-25,42,Normal
2026-02-12 00:21:22.380867,Berlin-d6c0,9,53,Normal
2026-02-12 00:21:23.380867,Berlin-d6c0,-22,42,Normal
2026-02-12 00:21:24.380867,Berlin-d6c0,-14,21,Normal
2026-02-12 00:21:25.380867,Berlin-d6c0,2,38,Normal
2026-02-12 00:21:26.380867,Berlin-d6c0,-17,19,Normal
2026-02-12 00:21:27.380867,Berlin-d6c0,-9,26,Normal
2026-02-12 00:21:28.380867,Berlin-d6c0,1,30,Normal
2026-02-12 00:21:29.380867,Berlin-d6c0,6,84,Normal
2026-02-12 00:21:30.380867,Berlin-d6c0,-1,28,Normal
2026-02-12 00:21:31.380867,Berlin-d6c0,46,20,Normal
2026-02-12 00:21:32.380867,Berlin-d6c0,-21,37,Normal
2026-02-12 00:21:33.380867,Berlin-d6c0,-16,10,Normal
2026-02-12 00:21:34.380867,Berlin-d6c0,7,80,Normal
2026-02-12 00:21:35.380867,Berlin-d6c0,-19,72,Normal
2026-02-12 00:21:36.380867,Berlin-d6c0,-15,67,Normal
2026-02-12 00:21:37.380867,Berlin-d6c0,10,39,Normal
2026-02-12 00:21:38.380867,Berlin-d6c0,-30,27,Normal
2026-02-12 00:21:39.380867,Berlin-d6c0,49,11,Normal
2026-02-12 00:21:40.380867,Berlin-d6c0,-13,28,Normal
2026-02-12 00:21:41.380867,Berlin-d6c0,19,84,Normal
2026-02-12 00:21:42.380867,Berlin-d6c0,21,21,Normal
2026-02-12 00:21:43.380867,Berlin-d6c0,-10,97,Normal
2026-02-12 00:21:44.380867,Berlin-d6c0,44,13,Normal
2026-02-12 00:21:45.380867,Berlin-d6c0,13,52,Normal
2026-02-12 00:21:46.380867,Berlin-d6c0,44,27,Normal
2026-02-12 00:21:47.380867,Berlin-d6c0,50,14,Normal
2026-02-12 00:21:48.380867,Berlin-d6c0,2,80,Normal
2026-02-12 00:21:49.380867,Berlin-d6c0,4,39,Normal
2026-02-12 00:21:50.380867,Berlin-d6c0,20,23,Normal
2026-02-12 00:21:51.380867,Berlin-d6c0,33,99,Normal
2026-02-12 00:21:52.380867,Berlin-d6c0,21,45,Normal
2026-02-12 00:21:53.380867,Berlin-d6c0,9,65,Normal
2026-02-12 00:21:54.380867,Berlin-d6c0,-7,99,Normal
2026-02-12 00:21:55.380867,Berlin-d6c0,-10,58,Normal
2026-02-12 00:21:56.380867,Berlin-d6c0,-25,36,Normal
2026-02-12 00:21:57.380867,Berlin-d6c0,-19,49,Normal
2026-02-12 00:21:58.380867,Berlin-d6c0,6,67,Normal
2026-02-12 00:21:59.380867,Berlin-d6c0,26,30,Normal
2026-02-12 00:22:00.380867,Berlin-d6c0,46,53,Normal
2026-02-12 00:22:01.380867,Berlin-d6c0,40,62,Normal
2026-02-12 00:22:02.380867,Berlin-d6c0,-23,56,Normal
2026-02-12 00:22:03.380867,Berlin-d6c0,8,27,Normal
2026-02-12 00:22:04.380867,Berlin-d6c0,17,45,Normal
2026-02-12 00:22:05.380867,Berlin-d6c0,-19,70,Normal
2026-02-12 00:22:06.380867,Berlin-d6c0,3,51,Normal
2026-02-12 00:22:07.380867,Berlin-d6c0,13,58,Normal
2026-02-12 00:22:08.380867,Berlin-d6c0,-20,86,Normal
2026-02-12 00:22:09.380867,Berlin-d6c0,22,35,Normal
2026-02-12 00:22:10.380867,Berlin-d6c0,42,79,Normal
2026-02-12 00:22:11.380867,Berlin-d6c0,-17,45,Normal
2026-02-12 00:22:12.380867,Berlin-d6c0,41,28,Normal
2026-02-12 00:22:13.380867,Berlin-d6c0,-25,12,Normal
2026-02-12 00:22:14.380867,Berlin-d6c0,30,57,Normal
2026-02-12 00:22:15.380867,Berlin-d6c0,42,28,Normal
2026-02-12 00:22:16.380867,Berlin-d6c0,19,37,Normal
2026-02-12 00:22:17.380867,Berlin-d6c0,-11,10,Normal
2026-02-12 00:22:18.380867,Berlin-d6c0,-13,12,Normal
2026-02-12 00:22:19.380867,Berlin-d6c0,-24,0,Normal
2026-02-12 00:22:20.380867,Berlin-d6c0,31,27,Normal
2026-02-12 00:22:21.380867,Berlin-d6c0,14,27,Normal
2026-02-12 00:22:22.380867,Berlin-d6c0,6,74,Normal
2026-02-12 00:22:23.380867,Berlin-d6c0,37,9,Normal
2026-02-12 00:22:24.380867,Berlin-d6c0,37,23,Normal
2026-02-12 00:22:25.380867,Berlin-d6c0,2,91,Normal
2026-02-12 00:22:26.380867,Berlin-d6c0,27,74,Normal
2026-02-12 00:22:27.380867,Berlin-d6c0,-16,13,Normal
2026-02-12 00:22:28.380867,Berlin-d6c0,-17,57,Normal
2026-02-12 00:22:29.380867,Berlin-d6c0,10,98,Normal
2026-02-12 00:22:30.380867,Berlin-d6c0,-1,66,Normal
2026-02-12 00:22:31.380867,Berlin-d6c0,39,73,Normal
2026-02-12 00:22:32.380867,Berlin-d6c0,12,0,Normal
2026-02-12 00:22:33.380867,Berlin-d6c0,-20,85,Normal
2026-02-12 00:22:34.380867,Berlin-d6c0,1,43,Normal
2026-02-12 00:22:35.380867,Berlin-d6c0,40,43,Normal
2026-02-12 00:22:36.380867,Berlin-d6c0,-24,33,Normal
2026-02-12 00:22:37.380867,Berlin-d6c0,2,69,Normal
2026-02-12 00:22:38.380867,Berlin-d6c0,-25,5,Normal
2026-02-12 00:22:39.380867,Berlin-d6c0,17,16,Normal
2026-02-12 00:22:40.380867,Berlin-d6c0,-10,31,Normal
2026-02-12 00:22:41.380867,Berlin-d6c0,24,45,Normal
2026-02-12 00:22:42.380867,Berlin-d6c0,46,10,Normal
2026-02-12 00:22:43.380867,Berlin-d6c0,40,92,Normal
2026-02-12 00:22:44.380867,Berlin-d6c0,-11,78,Normal
2026-02-12 00:22:45.380867,Berlin-d6c0,13,53,Normal
2026-02-12 00:22:46.380867,Berlin-d6c0,46,58,Normal
2026-02-12 00:22:47.380867,Berlin-d6c0,39,47,Normal
2026-02-12 00:22:48.380867,Berlin-d6c0,-2,19,Normal
2026-02-12 00:22:49.380867,Berlin-d6c0,22,97,Normal
2026-02-12 00:22:50.380867,Berlin-d6c0,-7,57,Normal
2026-02-12 00:22:51.380867,Berlin-d6c0,-6,58,Normal
2026-02-12 00:22:52.380867,Berlin-d6c0,37,71,Normal
2026-02-12 00:22:53.380867,Berlin-d6c0,26,56,Normal
2026-02-12 00:22:54.380867,Berlin-d6c0,4,99,Normal
2026-02-12 00:22:55.380867,Berlin-d6c0,-23,97,Normal
2026-02-12 00:22:56.380867,Berlin-d6c0,-25,53,Normal
2026-02-12 00:22:57.380867,Berlin-d6c0,17,66,Normal
2026-02-12 00:22:58.380867,Berlin-d6c0,-9,56,Normal
2026-02-12 00:22:59.380867,Berlin-d6c0,48,29,Normal
2026-02-12 00:23:00.380867,Berlin-d6c0,-7,57,Normal
2026-02-12 00:23:01.380867,Berlin-d6c0,-27,53,Normal
2026-02-12 00:23:02.380867,Berlin-d6c0,6,70,Normal
2026-02-12 00:23:03.380867,Berlin-d6c0,-17,54,Normal
2026-02-12 00:23:04.380867,Berlin-d6c0,9,62,Normal
2026-02-12 00:23:05.380867,Berlin-d6c0,4,54,Normal
2026-02-12 00:23:06.380867,Berlin-d6c0,6,33,Normal
2026-02-12 00:23:07.380867,Berlin-d6c0,-8,47,Normal
2026-02-12 00:23:08.380867,Berlin-d6c0,-1,84,Normal
2026-02-12 00:23:09.380867,Berlin-d6c0,18,94,Normal
2026-02-12 00:23:10.380867,Berlin-d6c0,10,2,Normal
2026-02-12 00:23:11.380867,Berlin-d6c0,4,93,Normal
2026-02-12 00:23:12.380867,Berlin-d6c0,4,32,Normal
2026-02-12 00:23:13.380867,Berlin-d6c0,22,70,Normal
2026-02-12 00:23:14.380867,Berlin-d6c0,28,45,Normal
2026-02-12 00:23:15.380867,Berlin-d6c0,24,93,Normal
2026-02-12 00:23:16.380867,Berlin-d6c0,34,40,Normal
2026-02-12 00:23:17.380867,Berlin-d6c0,-2,83,Normal
2026-02-12 00:23:18.380867,Berlin-d6c0,14,74,Normal
2026-02-12 00:23:19.380867,Berlin-d6c0,-4,51,Normal
2026-02-12 00:23:20.380867,Berlin-d6c0,-15,91,Normal
2026-02-12 00:23:21.380867,Berlin-d6c0,-24,32,Normal
2026-02-12 00:23:22.380867,Berlin-d6c0,2,89,Normal
2026-02-12 00:23:23.380867,Berlin-d6c0,16,47,Normal
2026-02-12 00:23:24.380867,Berlin-d6c0,-8,20,Normal
2026-02-12 00:23:25.380867,Berlin-d6c0,9,87,Normal
2026-02-12 00:23:26.380867,Berlin-d6c0,14,53,Normal
2026-02-12 00:23:27.380867,Berlin-d6c0,36,84,Normal
2026-02-12 00:23:28.380867,Berlin-d6c0,21,87,Normal
2026-02-12 00:23:29.380867,Berlin-d6c0,3,67,Normal
2026-02-12 00:23:30.380867,Berlin-d6c0,-5,57,Normal
2026-02-12 00:23:31.380867,Berlin-d6c0,41,2,Normal
2026-02-12 00:23:32.380867,Berlin-d6c0,30,95,Normal
2026-02-12 00:23:33.380867,Berlin-d6c0,16,59,Normal
2026-02-12 00:23:34.380867,Berlin-d6c0,-10,36,Normal
2026-02-12 00:23:35.380867,Berlin-d6c0,16,11,Normal
2026-02-12 00:23:36.380867,Berlin-d6c0,11,18,Normal
2026-02-12 00:23:37.380867,Berlin-d6c0,45,97,Normal
2026-02-12 00:23:38.380867,Berlin-d6c0,21,7,Normal
2026-02-12 00:23:39.380867,Berlin-d6c0,-15,49,Normal
2026-02-12 00:23:40.380867,Berlin-d6c0,2,95,Normal
2026-02-12 00:23:41.380867,Berlin-d6c0,-9,71,Normal
2026-02-12 00:23:42.380867,Berlin-d6c0,14,40,Normal
2026-02-12 00:23:43.380867,Berlin-d6c0,29,59,Normal
2026-02-12 00:23:44.380867,Berlin-d6c0,36,26,Normal
2026-02-12 00:23:45.380867,Berlin-d6c0,-29,21,Normal
2026-02-12 00:23:46.380867,Berlin-d6c0,-27,62,Normal
2026-02-12 00:23:47.380867,Berlin-d6c0,35,9,Normal
2026-02-12 00:23:48.380867,Berlin-d6c0,-10,21,Normal
2026-02-12 00:23:49.380867,Berlin-d6c0,-2,19,Normal
2026-02-12 00:23:50.380867,Berlin-d6c0,0,81,Normal
2026-02-12 00:23:51.380867,Berlin-d6c0,31,36,Normal
2026-02-12 00:23:52.380867,Berlin-d6c0,20,22,Normal
2026-02-12 00:23:53.380867,Berlin-d6c0,32,4,Normal
2026-02-12 00:23:54.380867,Berlin-d6c0,30,37,Normal
2026-02-12 00:23:55.380867,Berlin-d6c0,12,3,Normal
2026-02-12 00:23:56.380867,Berlin-d6c0,46,8,Normal
2026-02-12 00:23:57.380867,Berlin-d6c0,36,26,Normal
2026-02-12 00:23:58.380867,Berlin-d6c0,7,76,Normal
2026-02-12 00:23:59.380867,Berlin-d6c0,-10,28,Normal
2026-02-12 00:24:00.380867,Berlin-d6c0,-28,44,Normal
2026-02-12 00:24:01.380867,Berlin-d6c0,-20,22,Normal
2026-02-12 00:24:02.380867,Berlin-d6c0,16,100,Normal
2026-02-12 00:24:03.380867,Berlin-d6c0,-9,90,Normal
2026-02-12 00:24:04.380867,Berlin-d6c0,2,81,Normal
2026-02-12 00:24:05.380867,Berlin-d6c0,-7,38,Normal
2026-02-12 00:24:06.380867,Berlin-d6c0,21,40,Normal
2026-02-12 00:24:07.380867,Berlin-d6c0,0,80,Normal
2026-02-12 00:24:08.380867,Berlin-d6c0,13,41,Normal
2026-02-12 00:24:09.380867,Berlin-d6c0,44,18,Normal
2026-02-12 00:24:10.380867,Berlin-d6c0,-14,8,Normal
2026-02-12 00:24:11.380867,Berlin-d6c0,39,18,Normal
2026-02-12 00:24:12.380867,Berlin-d6c0,31,73,Normal
2026-02-12 00:24:13.380867,Berlin-d6c0,23,37,Normal
2026-02-12 00:24:14.380867,Berlin-d6c0,-26,96,Normal
2026-02-12 00:24:15.380867,Berlin-d6c0,15,79,Normal
2026-02-12 00:24:16.380867,Berlin-d6c0,-4,47,Normal
2026-02-12 00:24:17.380867,Berlin-d6c0,44,57,Normal
2026-02-12 00:24:18.380867,Berlin-d6c0,23,3,Normal
2026-02-12 00:24:19.380867,Berlin-d6c0,25,55,Normal
2026-02-12 00:24:20.380867,Berlin-d6c0,46,23,Normal
2026-02-12 00:24:21.380867,Berlin-d6c0,45,79,Normal
2026-02-12 00:24:22.380867,Berlin-d6c0,-8,90,Normal
2026-02-12 00:24:23.380867,Berlin-d6c0,47,82,Normal
2026-02-12 00:24:24.380867,Berlin-d6c0,-29,71,Normal
2026-02-12 00:24:25.380867,Berlin-d6c0,-22,58,Normal
2026-02-12 00:24:26.380867,Berlin-d6c0,36,52,Normal
2026-02-12 00:24:27.380867,Berlin-d6c0,34,8,Normal
2026-02-12 00:24:28.380867,Berlin-d6c0,10,77,Normal
2026-02-12 00:24:29.380867,Berlin-d6c0,-22,38,Normal
2026-02-12 00:24:30.380867,Berlin-d6c0,-20,39,Normal
2026-02-12 00:24:31.380867,Berlin-d6c0,7,84,Normal
2026-02-12 00:24:32.380867,Berlin-d6c0,35,84,Normal
2026-02-12 00:24:33.380867,Berlin-d6c0,12,10,Normal
2026-02-12 00:24:34.380867,Berlin-d6c0,33,54,Normal
2026-02-12 00:24:35.380867,Berlin-d6c0,36,21,Normal
2026-02-12 00:24:36.380867,Berlin-d6c0,2,31,Normal
2026-02-12 00:24:37.380867,Berlin-d6c0,2,4,Normal
2026-02-12 00:24:38.380867,Berlin-d6c0,29,51,Normal
2026-02-12 00:24:39.380867,Berlin-d6c0,22,21,Normal
2026-02-12 00:24:40.380867,Berlin-d6c0,-25,44,Normal
2026-02-12 00:24:41.380867,Berlin-d6c0,43,91,Normal
2026-02-12 00:24:42.380867,Berlin-d6c0,-28,24,Normal
2026-02-12 00:24:43.380867,Berlin-d6c0,47,18,Normal
2026-02-12 00:24:44.380867,Berlin-d6c0,6,24,Normal
2026-02-12 00:24:45.380867,Berlin-d6c0,3,68,Normal
2026-02-12 00:24:46.380867,Berlin-d6c0,-23,8,Normal
2026-02-12 00:24:47.380867,Berlin-d6c0,-19,18,Normal
2026-02-12 00:24:48.380867,Berlin-d6c0,11,68,Normal
2026-02-12 00:24:49.380867,Berlin-d6c0,21,96,Normal
2026-02-12 00:24:50.380867,Berlin-d6c0,25,83,Normal
2026-02-12 00:24:51.380867,Berlin-d6c0,-17,94,Normal
2026-02-12 00:24:52.380867,Berlin-d6c0,46,56,Normal
2026-02-12 00:24:53.380867,Berlin-d6c0,0,82,Normal
2026-02-12 00:24:54.380867,Berlin-d6c0,12,10,Normal
2026-02-12 00:24:55.380867,Berlin-d6c0,-10,76,Normal
2026-02-12 00:24:56.380867,Berlin-d6c0,2,46,Normal
2026-02-12 00:24:57.380867,Berlin-d6c0,20,33,Normal
2026-02-12 00:24:58.380867,Berlin-d6c0,40,37,Normal
2026-02-12 00:24:59.380867,Berlin-d6c0,4,97,Normal
2026-02-12 00:25:00.380867,Berlin-d6c0,-15,8,Normal
2026-02-12 00:25:01.380867,Berlin-d6c0,6,27,Normal
2026-02-12 00:25:02.380867,Berlin-d6c0,29,56,Normal
2026-02-12 00:25:03.380867,Berlin-d6c0,36,35,Normal
2026-02-12 00:25:04.380867,Berlin-d6c0,24,21,Normal
2026-02-12 00:25:05.380867,Berlin-d6c0,-1,91,Normal
2026-02-12 00:25:06.380867,Berlin-d6c0,46,56,Normal
2026-02-12 00:25:07.380867,Berlin-d6c0,42,68,Normal
2026-02-12 00:25:08.380867,Berlin-d6c0,5,24,Normal
2026-02-12 00:25:09.380867,Berlin-d6c0,2,58,Normal
2026-02-12 00:25:10.380867,Berlin-d6c0,40,42,Normal
2026-02-12 00:25:11.380867,Berlin-d6c0,10,92,Normal
2026-02-12 00:25:12.380867,Berlin-d6c0,27,80,Normal
2026-02-12 00:25:13.380867,Berlin-d6c0,20,27,Normal
2026-02-12 00:25:14.380867,Berlin-d6c0,40,42,Normal
2026-02-12 00:25:15.380867,Berlin-d6c0,19,22,Normal
2026-02-12 00:25:16.380867,Berlin-d6c0,17,99,Normal
2026-02-12 00:25:17.380867,Berlin-d6c0,11,58,Normal
2026-02-12 00:25:18.380867,Berlin-d6c0,26,7,Normal
2026-02-12 00:25:19.380867,Berlin-d6c0,-24,39,Normal
2026-02-12 00:25:20.380867,Berlin-d6c0,15,44,Normal
2026-02-12 00:25:21.380867,Berlin-d6c0,50,26,Normal
2026-02-12 00:25:22.380867,Berlin-d6c0,17,39,Normal
2026-02-12 00:25:23.380867,Berlin-d6c0,-6,24,Normal
2026-02-12 00:25:24.380867,Berlin-d6c0,5,79,Normal
2026-02-12 00:25:25.380867,Berlin-d6c0,17,19,Normal
2026-02-12 00:25:26.380867,Berlin-d6c0,37,14,Normal
2026-02-12 00:25:27.380867,Berlin-d6c0,-16,63,Normal
2026-02-12 00:25:28.380867,Berlin-d6c0,-25,26,Normal
2026-02-12 00:25:29.380867,Berlin-d6c0,45,70,Normal
2026-02-12 00:25:30.380867,Berlin-d6c0,-26,67,Normal
2026-02-12 00:25:31.380867,Berlin-d6c0,42,37,Normal
2026-02-12 00:25:32.380867,Berlin-d6c0,-20,19,Normal
2026-02-12 00:25:33.380867,Berlin-d6c0,-11,14,Normal
2026-02-12 00:25:34.380867,Berlin-d6c0,41,64,Normal
2026-02-12 00:25:35.380867,Berlin-d6c0,-14,66,Normal
2026-02-12 00:25:36.380867,Berlin-d6c0,19,12,Normal
2026-02-12 00:25:37.380867,Berlin-d6c0,26,17,Normal
2026-02-12 00:25:38.380867,Berlin-d6c0,2,22,Normal
2026-02-12 00:25:39.380867,Berlin-d6c0,43,94,Normal
2026-02-12 00:25:40.380867,Berlin-d6c0,-12,80,Normal
2026-02-12 00:25:41.380867,Berlin-d6c0,44,38,Normal
2026-02-12 00:25:42.380867,Berlin-d6c0,18,74,Normal
2026-02-12 00:25:43.380867,Berlin-d6c0,-6,39,Normal
2026-02-12 00:25:44.380867,Berlin-d6c0,-20,44,Normal
2026-02-12 00:25:45.380867,Berlin-d6c0,-20,48,Normal
2026-02-12 00:25:46.380867,Berlin-d6c0,48,65,Normal
2026-02-12 00:25:47.380867,Berlin-d6c0,18,85,Normal
2026-02-12 00:25:48.380867,Berlin-d6c0,44,64,Normal
2026-02-12 00:25:49.380867,Berlin-d6c0,42,100,Normal
2026-02-12 00:25:50.380867,Berlin-d6c0,-25,15,Normal
2026-02-12 00:25:51.380867,Berlin-d6c0,46,56,Normal
2026-02-12 00:25:52.380867,Berlin-d6c0,2,70,Normal
2026-02-12 00:25:53.380867,Berlin-d6c0,-17,33,Normal
2026-02-12 00:25:54.380867,Berlin-d6c0,22,1,Normal
2026-02-12 00:25:55.380867,Berlin-d6c0,33,13,Normal
2026-02-12 00:25:56.380867,Berlin-d6c0,-6,90,Normal
2026-02-12 00:25:57.380867,Berlin-d6c0,19,33,Normal
2026-02-12 00:25:58.380867,Berlin-d6c0,-25,11,Normal
2026-02-12 00:25:59.380867,Berlin-d6c0,48,79,Normal
2026-02-12 00:26:00.380867,Berlin-d6c0,-1,7,Normal
2026-02-12 00:26:01.380867,Berlin-d6c0,8,85,Normal
2026-02-12 00:26:02.380867,Berlin-d6c0,-15,0,Normal
2026-02-12 00:26:03.380867,Berlin-d6c0,-6,95,Normal
2026-02-12 00:26:04.380867,Berlin-d6c0,41,4,Normal
2026-02-12 00:26:05.380867,Berlin-d6c0,45,26,Normal
2026-02-12 00:26:06.380867,Berlin-d6c0,43,28,Normal
2026-02-12 00:26:07.380867,Berlin-d6c0,-10,99,Normal
2026-02-12 00:26:08.380867,Berlin-d6c0,0,43,Normal
2026-02-12 00:26:09.380867,Berlin-d6c0,21,68,Normal
2026-02-12 00:26:10.380867,Berlin-d6c0,36,32,Normal
2026-02-12 00:26:11.380867,Berlin-d6c0,34,43,Normal
2026-02-12 00:26:12.380867,Berlin-d6c0,-8,96,Normal
2026-02-12 00:26:13.380867,Berlin-d6c0,18,13,Normal
2026-02-12 00:26:14.380867,Berlin-d6c0,46,73,Normal
2026-02-12 00:26:15.380867,Berlin-d6c0,12,93,Normal
2026-02-12 00:26:16.380867,Berlin-d6c0,44,40,Normal
2026-02-12 00:26:17.380867,Berlin-d6c0,19,49,Normal
2026-02-12 00:26:18.380867,Berlin-d6c0,9,14,Normal
2026-02-12 00:26:19.380867,Berlin-d6c0,34,39,Normal
2026-02-12 00:26:20.380867,Berlin-d6c0,-7,62,Normal
2026-02-12 00:26:21.380867,Berlin-d6c0,-22,22,Normal
2026-02-12 00:26:22.380867,Berlin-d6c0,23,34,Normal
2026-02-12 00:26:23.380867,Berlin-d6c0,27,22,Normal
2026-02-12 00:26:24.380867,Berlin-d6c0,-2,70,Normal
2026-02-12 00:26:25.380867,Berlin-d6c0,20,2,Normal
2026-02-12 00:26:26.380867,Berlin-d6c0,22,76,Normal
2026-02-12 00:26:27.380867,Berlin-d6c0,-1,47,Normal
2026-02-12 00:26:28.380867,Berlin-d6c0,44,26,Normal
2026-02-12 00:26:29.380867,Berlin-d6c0,8,53,Normal
2026-02-12 00:26:30.380867,Berlin-d6c0,-20,51,Normal
2026-02-12 00:26:31.380867,Berlin-d6c0,28,33,Normal
2026-02-12 00:26:32.380867,Berlin-d6c0,-26,52,Normal
2026-02-12 00:26:33.380867,Berlin-d6c0,-3,84,Normal
2026-02-12 00:26:34.380867,Berlin-d6c0,29,35,Normal
2026-02-12 00:26:35.380867,Berlin-d6c0,45,70,Normal
2026-02-12 00:26:36.380867,Berlin-d6c0,-15,68,Normal
2026-02-12 00:26:37.380867,Berlin-d6c0,-1,71,Normal
2026-02-12 00:26:38.380867,Berlin-d6c0,32,87,Normal
2026-02-12 00:26:39.380867,Berlin-d6c0,2,67,Normal
2026-02-12 00:26:40.380867,Berlin-d6c0,1,30,Normal
2026-02-12 00:26:41.380867,Berlin-d6c0,-26,30,Normal
2026-02-12 00:26:42.380867,Berlin-d6c0,14,32,Normal
2026-02-12 00:26:43.380867,Berlin-d6c0,45,13,Normal
2026-02-12 00:26:44.380867,Berlin-d6c0,-12,18,Normal
2026-02-12 00:26:45.380867,Berlin-d6c0,49,53,Normal
2026-02-12 00:26:46.380867,Berlin-d6c0,-2,50,Normal
2026-02-12 00:26:47.380867,Berlin-d6c0,1,43,Normal
2026-02-12 00:26:48.380867,Berlin-d6c0,-6,52,Normal
2026-02-12 00:26:49.380867,Berlin-d6c0,49,55,Normal
2026-02-12 00:26:50.380867,Berlin-d6c0,10,25,Normal
2026-02-12 00:26:51.380867,Berlin-d6c0,36,14,Normal
2026-02-12 00:26:52.380867,Berlin-d6c0,50,25,Normal
2026-02-12 00:26:53.380867,Berlin-d6c0,2,48,Normal
2026-02-12 00:26:54.380867,Berlin-d6c0,39,52,Normal
2026-02-12 00:26:55.380867,Berlin-d6c0,29,76,Normal
2026-02-12 00:26:56.380867,Berlin-d6c0,-7,65,Normal
2026-02-12 00:26:57.380867,Berlin-d6c0,22,61,Normal
2026-02-12 00:26:58.380867,Berlin-d6c0,-5,51,Normal
2026-02-12 00:26:59.380867,Berlin-d6c0,20,22,Normal
2026-02-12 00:27:00.380867,Berlin-d6c0,21,38,Normal
2026-02-12 00:27:01.380867,Berlin-d6c0,22,97,Normal
2026-02-12 00:27:02.380867,Berlin-d6c0,5,48,Normal
2026-02-12 00:27:03.380867,Berlin-d6c0,21,91,Normal
2026-02-12 00:27:04.380867,Berlin-d6c0,-5,40,Normal
2026-02-12 00:27:05.380867,Berlin-d6c0,11,82,Normal
2026-02-12 00:27:06.380867,Berlin-d6c0,14,7,Normal
2026-02-12 00:27:07.380867,Berlin-d6c0,-30,44,Normal
2026-02-12 00:27:08.380867,Berlin-d6c0,2,90,Normal
2026-02-12 00:27:09.380867,Berlin-d6c0,2,30,Normal
2026-02-12 00:27:10.380867,Berlin-d6c0,11,44,Normal
2026-02-12 00:27:11.380867,Berlin-d6c0,-21,7,Normal
2026-02-12 00:27:12.380867,Berlin-d6c0,6,52,Normal
2026-02-12 00:27:13.380867,Berlin-d6c0,33,99,Normal
2026-02-12 00:27:14.380867,Berlin-d6c0,-21,8,Normal
2026-02-12 00:27:15.380867,Berlin-d6c0,32,69,Normal
2026-02-12 00:27:16.380867,Berlin-d6c0,31,68,Normal
2026-02-12 00:27:17.380867,Berlin-d6c0,24,24,Normal
2026-02-12 00:27:18.380867,Berlin-d6c0,6,36,Normal
2026-02-12 00:27:19.380867,Berlin-d6c0,31,94,Normal
2026-02-12 00:27:20.380867,Berlin-d6c0,-6,24,Normal
2026-02-12 00:27:21.380867,Berlin-d6c0,-26,61,Normal
2026-02-12 00:27:22.380867,Berlin-d6c0,46,61,Normal
2026-02-12 00:27:23.380867,Berlin-d6c0,23,99,Normal
2026-02-12 00:27:24.380867,Berlin-d6c0,10,91,Normal
2026-02-12 00:27:25.380867,Berlin-d6c0,-28,78,Normal
2026-02-12 00:27:26.380867,Berlin-d6c0,46,11,Normal
2026-02-12 00:27:27.380867,Berlin-d6c0,29,42,Normal
2026-02-12 00:27:28.380867,Berlin-d6c0,30,37,Normal
2026-02-12 00:27:29.380867,Berlin-d6c0,11,95,Normal
2026-02-12 00:27:30.380867,Berlin-d6c0,5,26,Normal
2026-02-12 00:27:31.380867,Berlin-d6c0,-26,73,Normal
2026-02-12 00:27:32.380867,Berlin-d6c0,-17,86,Normal
2026-02-12 00:27:33.380867,Berlin-d6c0,27,73,Normal
2026-02-12 00:27:34.380867,Berlin-d6c0,-21,58,Normal
2026-02-12 00:27:35.380867,Berlin-d6c0,39,84,Normal
2026-02-12 00:27:36.380867,Berlin-d6c0,1,56,Normal
2026-02-12 00:27:37.380867,Berlin-d6c0,-8,13,Normal
2026-02-12 00:27:38.380867,Berlin-d6c0,37,57,Normal
2026-02-12 00:27:39.380867,Berlin-d6c0,-13,75,Normal
2026-02-12 00:27:40.380867,Berlin-d6c0,13,41,Normal
2026-02-12 00:27:41.380867,Berlin-d6c0,37,95,Normal
2026-02-12 00:27:42.380867,Berlin-d6c0,-23,2,Normal
2026-02-12 00:27:43.380867,Berlin-d6c0,-4,19,Normal
2026-02-12 00:27:44.380867,Berlin-d6c0,-6,91,Normal
2026-02-12 00:27:45.380867,Berlin-d6c0,32,53,Normal
2026-02-12 00:27:46.380867,Berlin-d6c0,23,9,Normal
2026-02-12 00:27:47.380867,Berlin-d6c0,36,82,Normal
2026-02-12 00:27:48.380867,Berlin-d6c0,26,0,Normal
2026-02-12 00:27:49.380867,Berlin-d6c0,9,14,Normal
2026-02-12 00:27:50.380867,Berlin-d6c0,29,89,Normal
2026-02-12 00:27:51.380867,Berlin-d6c0,-11,96,Normal
2026-02-12 00:27:52.380867,Berlin-d6c0,1,73,Normal
2026-02-12 00:27:53.380867,Berlin-d6c0,-6,14,Normal
2026-02-12 00:27:54.380867,Berlin-d6c0,36,66,Normal
2026-02-12 00:27:55.380867,Berlin-d6c0,-1,28,Normal
2026-02-12 00:27:56.380867,Berlin-d6c0,0,33,Normal
2026-02-12 00:27:57.380867,Berlin-d6c0,48,76,Normal
2026-02-12 00:27:58.380867,Berlin-d6c0,-16,82,Normal
2026-02-12 00:27:59.380867,Berlin-d6c0,39,53,Normal
2026-02-12 00:28:00.380867,Berlin-d6c0,2,5,Normal
2026-02-12 00:28:01.380867,Berlin-d6c0,10,98,Normal
2026-02-12 00:28:02.380867,Berlin-d6c0,-9,54,Normal
2026-02-12 00:28:03.380867,Berlin-d6c0,-29,14,Normal
2026-02-12 00:28:04.380867,Berlin-d6c0,-15,38,Normal
2026-02-12 00:28:05.380867,Berlin-d6c0,-30,28,Normal
2026-02-12 00:28:06.380867,Berlin-d6c0,-13,83,Normal
2026-02-12 00:28:07.380867,Berlin-d6c0,6,41,Normal
2026-02-12 00:28:08.380867,Berlin-d6c0,4,23,Normal
2026-02-12 00:28:09.380867,Berlin-d6c0,29,19,Normal
2026-02-12 00:28:10.380867,Berlin-d6c0,25,41,Normal
2026-02-12 00:28:11.380867,Berlin-d6c0,28,35,Normal
2026-02-12 00:28:12.380867,Berlin-d6c0,-9,64,Normal
2026-02-12 00:28:13.380867,Berlin-d6c0,3,38,Normal
2026-02-12 00:28:14.380867,Berlin-d6c0,47,87,Normal
2026-02-12 00:28:15.380867,Berlin-d6c0,-15,72,Normal
2026-02-12 00:28:16.380867,Berlin-d6c0,39,90,Normal
2026-02-12 00:28:17.380867,Berlin-d6c0,10,4,Normal
2026-02-12 00:28:18.380867,Berlin-d6c0,-28,40,Normal
2026-02-12 00:28:19.380867,Berlin-d6c0,35,75,Normal
2026-02-12 00:28:20.380867,Berlin-d6c0,0,13,Normal
2026-02-12 00:28:21.380867,Berlin-d6c0,9,74,Normal
2026-02-12 00:28:22.380867,Berlin-d6c0,-13,24,Normal
2026-02-12 00:28:23.380867,Berlin-d6c0,35,9,Normal
2026-02-12 00:28:24.380867,Berlin-d6c0,3,27,Normal
2026-02-12 00:28:25.380867,Berlin-d6c0,-20,87,Normal
2026-02-12 00:28:26.380867,Berlin-d6c0,38,10,Normal
2026-02-12 00:28:27.380867,Berlin-d6c0,-26,87,Normal
2026-02-12 00:28:28.380867,Berlin-d6c0,8,73,Normal
2026-02-12 00:28:29.380867,Berlin-d6c0,-11,100,Normal
2026-02-12 00:28:30.380867,Berlin-d6c0,26,61,Normal
2026-02-12 00:28:31.380867,Berlin-d6c0,13,32,Normal
2026-02-12 00:28:32.380867,Berlin-d6c0,32,41,Normal
2026-02-12 00:28:33.380867,Berlin-d6c0,-13,29,Normal
2026-02-12 00:28:34.380867,Berlin-d6c0,-15,9,Normal
2026-02-12 00:28:35.380867,Berlin-d6c0,-18,65,Normal
2026-02-12 00:28:36.380867,Berlin-d6c0,10,72,Normal
2026-02-12 00:28:37.380867,Berlin-d6c0,18,46,Normal
2026-02-12 00:28:38.380867,Berlin-d6c0,-16,36,Normal
2026-02-12 00:28:39.380867,Berlin-d6c0,-15,84,Normal
2026-02-12 00:28:40.380867,Berlin-d6c0,1,96,Normal
2026-02-12 00:28:41.380867,Berlin-d6c0,-19,31,Normal
2026-02-12 00:28:42.380867,Berlin-d6c0,21,52,Normal
2026-02-12 00:28:43.380867,Berlin-d6c0,12,69,Normal
2026-02-12 00:28:44.380867,Berlin-d6c0,-6,70,Normal
2026-02-12 00:28:45.380867,Berlin-d6c0,41,84,Normal
2026-02-12 00:28:46.380867,Berlin-d6c0,41,100,Normal
2026-02-12 00:28:47.380867,Berlin-d6c0,6,14,Normal
2026-02-12 00:28:48.380867,Berlin-d6c0,24,60,Normal
2026-02-12 00:28:49.380867,Berlin-d6c0,13,1,Normal
2026-02-12 00:28:50.380867,Berlin-d6c0,-29,42,Normal
2026-02-12 00:28:51.380867,Berlin-d6c0,44,60,Normal
2026-02-12 00:28:52.380867,Berlin-d6c0,28,83,Normal
2026-02-12 00:28:53.380867,Berlin-d6c0,-18,85,Normal
2026-02-12 00:28:54.380867,Berlin-d6c0,-17,72,Normal
2026-02-12 00:28:55.380867,Berlin-d6c0,33,71,Normal
2026-02-12 00:28:56.380867,Berlin-d6c0,-2,77,Normal
2026-02-12 00:28:57.380867,Berlin-d6c0,-12,44,Normal
2026-02-12 00:28:58.380867,Berlin-d6c0,23,70,Normal
2026-02-12 00:28:59.380867,Berlin-d6c0,11,16,Normal
2026-02-12 00:29:00.380867,Berlin-d6c0,-30,38,Normal
2026-02-12 00:29:01.380867,Berlin-d6c0,19,42,Normal
2026-02-12 00:29:02.380867,Berlin-d6c0,10,13,Normal
2026-02-12 00:29:03.380867,Berlin-d6c0,-27,11,Normal
2026-02-12 00:29:04.380867,Berlin-d6c0,-9,32,Normal
2026-02-12 00:29:05.380867,Berlin-d6c0,-13,44,Normal
2026-02-12 00:29:06.380867,Berlin-d6c0,25,93,Normal
2026-02-12 00:29:07.380867,Berlin-d6c0,-20,74,Normal
2026-02-12 00:29:08.380867,Berlin-d6c0,50,28,Normal
2026-02-12 00:29:09.380867,Berlin-d6c0,-19,93,Normal
2026-02-12 00:29:10.380867,Berlin-d6c0,-22,1,Normal
2026-02-12 00:29:11.380867,Berlin-d6c0,40,80,Normal
2026-02-12 00:29:12.380867,Berlin-d6c0,-6,9,Normal
2026-02-12 00:29:13.380867,Berlin-d6c0,-23,70,Normal
2026-02-12 00:29:14.380867,Berlin-d6c0,-15,32,Normal
2026-02-12 00:29:15.380867,Berlin-d6c0,31,6,Normal
2026-02-12 00:29:16.380867,Berlin-d6c0,36,75,Normal
2026-02-12 00:29:17.380867,Berlin-d6c0,-3,94,Normal
2026-02-12 00:29:18.380867,Berlin-d6c0,30,28,Normal
2026-02-12 00:29:19.380867,Berlin-d6c0,17,51,Normal
2026-02-12 00:29:20.380867,Berlin-d6c0,-20,0,Normal
2026-02-12 00:29:21.380867,Berlin-d6c0,-6,37,Normal
2026-02-12 00:29:22.380867,Berlin-d6c0,-5,17,Normal
2026-02-12 00:29:23.380867,Berlin-d6c0,-24,6,Normal
2026-02-12 00:29:24.380867,Berlin-d6c0,16,82,Normal
2026-02-12 00:29:25.380867,Berlin-d6c0,37,53,Normal
2026-02-12 00:29:26.380867,Berlin-d6c0,20,28,Normal
2026-02-12 00:29:27.380867,Berlin-d6c0,-5,69,Normal
2026-02-12 00:29:28.380867,Berlin-d6c0,25,47,Normal
2026-02-12 00:29:29.380867,Berlin-d6c0,34,40,Normal
2026-02-12 00:29:30.380867,Berlin-d6c0,-19,3,Normal
2026-02-12 00:29:31.380867,Berlin-d6c0,49,18,Normal
2026-02-12 00:29:32.380867,Berlin-d6c0,-15,99,Normal
2026-02-12 00:29:33.380867,Berlin-d6c0,-11,77,Normal
2026-02-12 00:29:34.380867,Berlin-d6c0,2,22,Normal
2026-02-12 00:29:35.380867,Berlin-d6c0,-27,24,Normal
2026-02-12 00:29:36.380867,Berlin-d6c0,9,11,Normal
2026-02-12 00:29:37.380867,Berlin-d6c0,9,87,Normal
2026-02-12 00:29:38.380867,Berlin-d6c0,34,11,Normal
2026-02-12 00:29:39.380867,Berlin-d6c0,-9,39,Normal
2026-02-12 00:29:40.380867,Berlin-d6c0,-26,19,Normal
2026-02-12 00:29:41.380867,Berlin-d6c0,14,27,Normal
2026-02-12 00:29:42.380867,Berlin-d6c0,33,45,Normal
2026-02-12 00:29:43.380867,Berlin-d6c0,48,65,Normal
2026-02-12 00:29:44.380867,Berlin-d6c0,-15,23,Normal
2026-02-12 00:29:45.380867,Berlin-d6c0,21,55,Normal
2026-02-12 00:29:46.380867,Berlin-d6c0,9,52,Normal
2026-02-12 00:29:47.380867,Berlin-d6c0,15,17,Normal
2026-02-12 00:29:48.380867,Berlin-d6c0,0,51,Normal
2026-02-12 00:29:49.380867,Berlin-d6c0,31,46,Normal
2026-02-12 00:29:50.380867,Berlin-d6c0,47,50,Normal
2026-02-12 00:29:51.380867,Berlin-d6c0,-27,38,Normal
2026-02-12 00:29:52.380867,Berlin-d6c0,-19,49,Normal
2026-02-12 00:29:53.380867,Berlin-d6c0,-14,22,Normal
2026-02-12 00:29:54.380867,Berlin-d6c0,-27,13,Normal
2026-02-12 00:29:55.380867,Berlin-d6c0,-5,35,Normal
2026-02-12 00:29:56.380867,Berlin-d6c0,11,70,Normal
2026-02-12 00:29:57.380867,Berlin-d6c0,30,38,Normal
2026-02-12 00:29:58.380867,Berlin-d6c0,50,76,Normal
2026-02-12 00:29:59.380867,Berlin-d6c0,1,20,Normal
2026-02-12 00:30:00.380867,Berlin-d6c0,-30,18,Normal
2026-02-12 00:30:01.380867,Berlin-d6c0,-3,30,Normal
2026-02-12 00:30:02.380867,Berlin-d6c0,34,99,Normal
2026-02-12 00:30:03.380867,Berlin-d6c0,-26,33,Normal
2026-02-12 00:30:04.380867,Berlin-d6c0,6,30,Normal
2026-02-12 00:30:05.380867,Berlin-d6c0,49,29,Normal
2026-02-12 00:30:06.380867,Berlin-d6c0,-22,72,Normal
2026-02-12 00:30:07.380867,Berlin-d6c0,-19,83,Normal
2026-02-12 00:30:08.380867,Berlin-d6c0,4,99,Normal
2026-02-12 00:30:09.380867,Berlin-d6c0,3,68,Normal
2026-02-12 00:30:10.380867,Berlin-d6c0,22,68,Normal
2026-02-12 00:30:11.380867,Berlin-d6c0,17,93,Normal
2026-02-12 00:30:12.380867,Berlin-d6c0,-9,81,Normal
2026-02-12 00:30:13.380867,Berlin-d6c0,1,17,Normal
2026-02-12 00:30:14.380867,Berlin-d6c0,27,77,Normal
2026-02-12 00:30:15.380867,Berlin-d6c0,11,56,Normal
2026-02-12 00:30:16.380867,Berlin-d6c0,8,5,Normal
2026-02-12 00:30:17.380867,Berlin-d6c0,30,6,Normal
2026-02-12 00:30:18.380867,Berlin-d6c0,18,31,Normal
2026-02-12 00:30:19.380867,Berlin-d6c0,28,58,Normal
2026-02-12 00:30:20.380867,Berlin-d6c0,25,49,Normal
2026-02-12 00:30:21.380867,Berlin-d6c0,-10,8,Normal
2026-02-12 00:30:22.380867,Berlin-d6c0,34,76,Normal
2026-02-12 00:30:23.380867,Berlin-d6c0,21,8,Normal
2026-02-12 00:30:24.380867,Berlin-d6c0,50,13,Normal
2026-02-12 00:30:25.380867,Berlin-d6c0,13,57,Normal
2026-02-12 00:30:26.380867,Berlin-d6c0,0,46,Normal
2026-02-12 00:30:27.380867,Berlin-d6c0,-30,80,Normal
2026-02-12 00:30:28.380867,Berlin-d6c0,17,50,Normal
2026-02-12 00:30:29.380867,Berlin-d6c0,-22,9,Normal
2026-02-12 00:30:30.380867,Berlin-d6c0,35,6,Normal
2026-02-12 00:30:31.380867,Berlin-d6c0,-23,11,Normal
2026-02-12 00:30:32.380867,Berlin-d6c0,-18,43,Normal
2026-02-12 00:30:33.380867,Berlin-d6c0,13,69,Normal
2026-02-12 00:30:34.380867,Berlin-d6c0,-2,93,Normal
2026-02-12 00:30:35.380867,Berlin-d6c0,-22,43,Normal
2026-02-12 00:30:36.380867,Berlin-d6c0,-5,50,Normal
2026-02-12 00:30:37.380867,Berlin-d6c0,29,41,Normal
2026-02-12 00:30:38.380867,Berlin-d6c0,9,75,Normal
2026-02-12 00:30:39.380867,Berlin-d6c0,1,56,Normal
2026-02-12 00:30:40.380867,Berlin-d6c0,6,41,Normal
2026-02-12 00:30:41.380867,Berlin-d6c0,-10,46,Normal
2026-02-12 00:30:42.380867,Berlin-d6c0,-26,45,Normal
2026-02-12 00:30:43.380867,Berlin-d6c0,-2,21,Normal
2026-02-12 00:30:44.380867,Berlin-d6c0,41,45,Normal
2026-02-12 00:30:45.380867,Berlin-d6c0,46,26,Normal
2026-02-12 00:30:46.380867,Berlin-d6c0,-5,84,Normal
2026-02-12 00:30:47.380867,Berlin-d6c0,-12,58,Normal
2026-02-12 00:30:48.380867,Berlin-d6c0,34,80,Normal
2026-02-12 00:30:49.380867,Berlin-d6c0,14,77,Normal
2026-02-12 00:30:50.380867,Berlin-d6c0,-26,41,Normal
2026-02-12 00:30:51.380867,Berlin-d6c0,-24,9,Normal
2026-02-12 00:30:52.380867,Berlin-d6c0,5,94,Normal
2026-02-12 00:30:53.380867,Berlin-d6c0,4,92,Normal
2026-02-12 00:30:54.380867,Berlin-d6c0,41,23,Normal
2026-02-12 00:30:55.380867,Berlin-d6c0,-2,64,Normal
2026-02-12 00:30:56.380867,Berlin-d6c0,9,12,Normal
2026-02-12 00:30:57.380867,Berlin-d6c0,45,35,Normal
2026-02-12 00:30:58.380867,Berlin-d6c0,-17,11,Normal
2026-02-12 00:30:59.380867,Berlin-d6c0,-26,97,Normal
2026-02-12 00:31:00.380867,Berlin-d6c0,27,78,Normal
2026-02-12 00:31:01.380867,Berlin-d6c0,22,69,Normal
2026-02-12 00:31:02.380867,Berlin-d6c0,-26,75,Normal
2026-02-12 00:31:03.380867,Berlin-d6c0,28,76,Normal
2026-02-12 00:31:04.380867,Berlin-d6c0,40,43,Normal
2026-02-12 00:31:05.380867,Berlin-d6c0,-27,8,Normal
2026-02-12 00:31:06.380867,Berlin-d6c0,25,86,Normal
2026-02-12 00:31:07.380867,Berlin-d6c0,43,64,Normal
2026-02-12 00:31:08.380867,Berlin-d6c0,4,44,Normal
2026-02-12 00:31:09.380867,Berlin-d6c0,42,55,Normal
2026-02-12 00:31:10.380867,Berlin-d6c0,-8,3,Normal
2026-02-12 00:31:11.380867,Berlin-d6c0,9,27,Normal
2026-02-12 00:31:12.380867,Berlin-d6c0,2,69,Normal
2026-02-12 00:31:13.380867,Berlin-d6c0,7,71,Normal
2026-02-12 00:31:14.380867,Berlin-d6c0,33,86,Normal
2026-02-12 00:31:15.380867,Berlin-d6c0,-6,42,Normal
2026-02-12 00:31:16.380867,Berlin-d6c0,3,88,Normal
2026-02-12 00:31:17.380867,Berlin-d6c0,9,84,Normal
2026-02-12 00:31:18.380867,Berlin-d6c0,25,24,Normal
2026-02-12 00:31:19.380867,Berlin-d6c0,40,3,Normal
2026-02-12 00:31:20.380867,Berlin-d6c0,36,40,Normal
2026-02-12 00:31:21.380867,Berlin-d6c0,-4,83,Normal
2026-02-12 00:31:22.380867,Berlin-d6c0,-20,55,Normal
2026-02-12 00:31:23.380867,Berlin-d6c0,-2,30,Normal
2026-02-12 00:31:24.380867,Berlin-d6c0,-13,81,Normal
2026-02-12 00:31:25.380867,Berlin-d6c0,-13,82,Normal
2026-02-12 00:31:26.380867,Berlin-d6c0,-21,50,Normal
2026-02-12 00:31:27.380867,Berlin-d6c0,-11,45,Normal
2026-02-12 00:31:28.380867,Berlin-d6c0,39,76,Normal
2026-02-12 00:31:29.380867,Berlin-d6c0,1,84,Normal
2026-02-12 00:31:30.380867,Berlin-d6c0,18,4,Normal
2026-02-12 00:31:31.380867,Berlin-d6c0,-6,40,Normal
2026-02-12 00:31:32.380867,Berlin-d6c0,49,31,Normal
2026-02-12 00:31:33.380867,Berlin-d6c0,48,54,Normal
2026-02-12 00:31:34.380867,Berlin-d6c0,20,26,Normal
2026-02-12 00:31:35.380867,Berlin-d6c0,-7,99,Normal
2026-02-12 00:31:36.380867,Berlin-d6c0,13,95,Normal
2026-02-12 00:31:37.380867,Berlin-d6c0,-2,89,Normal
2026-02-12 00:31:38.380867,Berlin-d6c0,-9,84,Normal
2026-02-12 00:31:39.380867,Berlin-d6c0,45,25,Normal
2026-02-12 00:31:40.380867,Berlin-d6c0,26,82,Normal
2026-02-12 00:31:41.380867,Berlin-d6c0,31,89,Normal
2026-02-12 00:31:42.380867,Berlin-d6c0,-24,36,Normal
2026-02-12 00:31:43.380867,Berlin-d6c0,-10,52,Normal
2026-02-12 00:31:44.380867,Berlin-d6c0,-25,75,Normal
2026-02-12 00:31:45.380867,Berlin-d6c0,-29,69,Normal
2026-02-12 00:31:46.380867,Berlin-d6c0,-9,95,Normal
2026-02-12 00:31:47.380867,Berlin-d6c0,17,37,Normal
2026-02-12 00:31:48.380867,Berlin-d6c0,38,24,Normal
2026-02-12 00:31:49.380867,Berlin-d6c0,25,9,Normal
2026-02-12 00:31:50.380867,Berlin-d6c0,-11,55,Normal
2026-02-12 00:31:51.380867,Berlin-d6c0,38,70,Normal
2026-02-12 00:31:52.380867,Berlin-d6c0,8,100,Normal
2026-02-12 00:31:53.380867,Berlin-d6c0,-13,16,Normal
2026-02-12 00:31:54.380867,Berlin-d6c0,-9,26,Normal
2026-02-12 00:31:55.380867,Berlin-d6c0,37,25,Normal
2026-02-12 00:31:56.380867,Berlin-d6c0,-27,29,Normal
2026-02-12 00:31:57.380867,Berlin-d6c0,-22,84,Normal
2026-02-12 00:31:58.380867,Berlin-d6c0,10,42,Normal
2026-02-12 00:31:59.380867,Berlin-d6c0,23,40,Normal
2026-02-12 00:32:00.380867,Berlin-d6c0,34,81,Normal
2026-02-12 00:32:01.380867,Berlin-d6c0,29,66,Normal
2026-02-12 00:32:02.380867,Berlin-d6c0,8,51,Normal
2026-02-12 00:32:03.380867,Berlin-d6c0,24,61,Normal
2026-02-12 00:32:04.380867,Berlin-d6c0,0,32,Normal
2026-02-12 00:32:05.380867,Berlin-d6c0,41,99,Normal
2026-02-12 00:32:06.380867,Berlin-d6c0,12,72,Normal
2026-02-12 00:32:07.380867,Berlin-d6c0,11,16,Normal
2026-02-12 00:32:08.380867,Berlin-d6c0,-20,51,Normal
2026-02-12 00:32:09.380867,Berlin-d6c0,11,50,Normal
2026-02-12 00:32:10.380867,Berlin-d6c0,1,85,Normal
2026-02-12 00:32:11.380867,Berlin-d6c0,-1,90,Normal
2026-02-12 00:32:12.380867,Berlin-d6c0,7,70,Normal
2026-02-12 00:32:13.380867,Berlin-d6c0,18,7,Normal
2026-02-12 00:32:14.380867,Berlin-d6c0,-18,58,Normal
2026-02-12 00:32:15.380867,Berlin-d6c0,4,75,Normal
2026-02-12 00:32:16.380867,Berlin-d6c0,-5,34,Normal
2026-02-12 00:32:17.380867,Berlin-d6c0,12,59,Normal
2026-02-12 00:32:18.380867,Berlin-d6c0,38,34,Normal
2026-02-12 00:32:19.380867,Berlin-d6c0,-1,38,Normal
2026-02-12 00:32:20.380867,Berlin-d6c0,30,67,Normal
2026-02-12 00:32:21.380867,Berlin-d6c0,21,88,Normal
2026-02-12 00:32:22.380867,Berlin-d6c0,33,26,Normal
2026-02-12 00:32:23.380867,Berlin-d6c0,33,74,Normal
2026-02-12 00:32:24.380867,Berlin-d6c0,-8,58,Normal
2026-02-12 00:32:25.380867,Berlin-d6c0,41,52,Normal
2026-02-12 00:32:26.380867,Berlin-d6c0,-21,7,Normal
2026-02-12 00:32:27.380867,Berlin-d6c0,18,73,Normal
2026-02-12 00:32:28.380867,Berlin-d6c0,15,51,Normal
2026-02-12 00:32:29.380867,Berlin-d6c0,30,53,Normal
2026-02-12 00:32:30.380867,Berlin-d6c0,-3,26,Normal
2026-02-12 00:32:31.380867,Berlin-d6c0,43,21,Normal
2026-02-12 00:32:32.380867,Berlin-d6c0,-17,54,Normal
2026-02-12 00:32:33.380867,Berlin-d6c0,-10,2,Normal
2026-02-12 00:32:34.380867,Berlin-d6c0,48,50,Normal
2026-02-12 00:32:35.380867,Berlin-d6c0,39,2,Normal
2026-02-12 00:32:36.380867,Berlin-d6c0,44,39,Normal
2026-02-12 00:32:37.380867,Berlin-d6c0,35,20,Normal
2026-02-12 00:32:38.380867,Berlin-d6c0,36,8,Normal
2026-02-12 00:32:39.380867,Berlin-d6c0,10,24,Normal
2026-02-12 00:32:40.380867,Berlin-d6c0,43,76,Normal
2026-02-12 00:32:41.380867,Berlin-d6c0,-29,61,Normal
2026-02-12 00:32:42.380867,Berlin-d6c0,50,87,Normal
2026-02-12 00:32:43.380867,Berlin-d6c0,41,15,Normal
2026-02-12 00:32:44.380867,Berlin-d6c0,39,32,Normal
2026-02-12 00:32:45.380867,Berlin-d6c0,45,40,Normal
2026-02-12 00:32:46.380867,Berlin-d6c0,30,72,Normal
2026-02-12 00:32:47.380867,Berlin-d6c0,-15,98,Normal
2026-02-12 00:32:48.380867,Berlin-d6c0,28,8,Normal
2026-02-12 00:32:49.380867,Berlin-d6c0,22,46,Normal
2026-02-12 00:32:50.380867,Berlin-d6c0,-29,40,Normal
2026-02-12 00:32:51.380867,Berlin-d6c0,43,71,Normal
2026-02-12 00:32:52.380867,Berlin-d6c0,35,10,Normal
2026-02-12 00:32:53.380867,Berlin-d6c0,50,12,Normal
2026-02-12 00:32:54.380867,Berlin-d6c0,-8,87,Normal
2026-02-12 00:32:55.380867,Berlin-d6c0,8,70,Normal
2026-02-12 00:32:56.380867,Berlin-d6c0,8,13,Normal
2026-02-12 00:32:57.380867,Berlin-d6c0,9,63,Normal
2026-02-12 00:32:58.380867,Berlin-d6c0,-19,0,Normal
2026-02-12 00:32:59.380867,Berlin-d6c0,49,76,Normal
2026-02-12 00:33:00.380867,Berlin-d6c0,5,32,Normal
2026-02-12 00:33:01.380867,Berlin-d6c0,18,59,Normal
2026-02-12 00:33:02.380867,Berlin-d6c0,34,22,Normal
2026-02-12 00:33:03.380867,Berlin-d6c0,-5,82,Normal
2026-02-12 00:33:04.380867,Berlin-d6c0,21,27,Normal
2026-02-12 00:33:05.380867,Berlin-d6c0,8,54,Normal
2026-02-12 00:33:06.380867,Berlin-d6c0,-8,96,Normal
2026-02-12 00:33:07.380867,Berlin-d6c0,27,30,Normal
2026-02-12 00:33:08.380867,Berlin-d6c0,-4,33,Normal
2026-02-12 00:33:09.380867,Berlin-d6c0,4,28,Normal
2026-02-12 00:33:10.380867,Berlin-d6c0,39,47,Normal
2026-02-12 00:33:11.380867,Berlin-d6c0,-11,37,Normal
2026-02-12 00:33:12.380867,Berlin-d6c0,12,8,Normal
2026-02-12 00:33:13.380867,Berlin-d6c0,-27,78,Normal
2026-02-12 00:33:14.380867,Berlin-d6c0,39,3,Normal
2026-02-12 00:33:15.380867,Berlin-d6c0,15,60,Normal
2026-02-12 00:33:16.380867,Berlin-d6c0,15,20,Normal
2026-02-12 00:33:17.380867,Berlin-d6c0,-27,10,Normal
2026-02-12 00:33:18.380867,Berlin-d6c0,9,50,Normal
2026-02-12 00:33:19.380867,Berlin-d6c0,-8,8,Normal
2026-02-12 00:33:20.380867,Berlin-d6c0,22,56,Normal
2026-02-12 00:33:21.380867,Berlin-d6c0,-12,36,Normal
2026-02-12 00:33:22.380867,Berlin-d6c0,14,65,Normal
