timestamp,station_id,temp,humid,condition
2026-02-08 12:31:43.967364,Tokyo-a509,-26,79,Normal
2026-02-08 12:31:44.967364,Tokyo-a509,25,81,Normal
2026-02-08 12:31:45.967364,Tokyo-a509,1,31,Normal
2026-02-08 12:31:46.967364,Tokyo-a509,9,55,Normal
2026-02-08 12:31:47.967364,Tokyo-a509,1,25,Normal
2026-02-08 12:31:48.967364,Tokyo-a509,-1,100,Normal
2026-02-08 12:31:49.967364,Tokyo-a509,-23,29,Normal
2026-02-08 12:31:50.967364,Tokyo-a509,-25,85,Normal
2026-02-08 12:31:51.967364,Tokyo-a509,-28,81,Normal
2026-02-08 12:31:52.967364,Tokyo-a509,36,82,Normal
2026-02-08 12:31:53.967364,Tokyo-a509,-29,60,Normal
2026-02-08 12:31:54.967364,Tokyo-a509,-24,47,Normal
2026-02-08 12:31:55.967364,Tokyo-a509,31,74,Normal
2026-02-08 12:31:56.967364,Tokyo-a509,45,66,Normal
2026-02-08 12:31:57.967364,Tokyo-a509,23,95,Normal
2026-02-08 12:31:58.967364,Tokyo-a509,37,95,Normal
2026-02-08 12:31:59.967364,Tokyo-a509,18,25,Normal
2026-02-08 12:32:00.967364,Tokyo-a509,49,24,Normal
2026-02-08 12:32:01.967364,Tokyo-a509,13,86,Normal
2026-02-08 12:32:02.967364,Tokyo-a509,-2,20,Normal
2026-02-08 12:32:03.967364,Tokyo-a509,-4,87,Normal
2026-02-08 12:32:04.967364,Tokyo-a509,20,23,Normal
2026-02-08 12:32:05.967364,Tokyo-a509,18,49,Normal
2026-02-08 12:32:06.967364,Tokyo-a509,11,53,Normal
2026-02-08 12:32:07.967364,Tokyo-a509,11,0,Normal
2026-02-08 12:32:08.967364,Tokyo-a509,50,76,Normal
2026-02-08 12:32:09.967364,Tokyo-a509,50,39,Normal
2026-02-08 12:32:10.967364,Tokyo-a509,-27,59,Normal
2026-02-08 12:32:11.967364,Tokyo-a509,-23,50,Normal
2026-02-08 12:32:12.967364,Tokyo-a509,7,11,Normal
2026-02-08 12:32:13.967364,Tokyo-a509,44,10,Normal
2026-02-08 12:32:14.967364,Tokyo-a509,-25,9,Normal
2026-02-08 12:32:15.967364,Tokyo-a509,1,44,Normal
2026-02-08 12:32:16.967364,Tokyo-a509,36,68,Normal
2026-02-08 12:32:17.967364,Tokyo-a509,-3,20,Normal
2026-02-08 12:32:18.967364,Tokyo-a509,21,76,Normal
2026-02-08 12:32:19.967364,Tokyo-a509,-18,36,Normal
2026-02-08 12:32:20.967364,Tokyo-a509,20,35,Normal
2026-02-08 12:32:21.967364,Tokyo-a509,-3,43,Normal
2026-02-08 12:32:22.967364,Tokyo-a509,45,94,Normal
2026-02-08 12:32:23.967364,Tokyo-a509,45,71,Normal
2026-02-08 12:32:24.967364,Tokyo-a509,26,68,Normal
2026-02-08 12:32:25.967364,Tokyo-a509,23,76,Normal
2026-02-08 12:32:26.967364,Tokyo-a509,-16,63,Normal
2026-02-08 12:32:27.967364,Tokyo-a509,38,24,Normal
2026-02-08 12:32:28.967364,Tokyo-a509,-11,58,Normal
2026-02-08 12:32:29.967364,Tokyo-a509,19,40,Normal
2026-02-08 12:32:30.967364,Tokyo-a509,-20,9,Normal
2026-02-08 12:32:31.967364,Tokyo-a509,-24,23,Normal
2026-02-08 12:32:32.967364,Tokyo-a509,30,87,Normal
2026-02-08 12:32:33.967364,Tokyo-a509,21,47,Normal
2026-02-08 12:32:34.967364,Tokyo-a509,38,66,Normal
2026-02-08 12:32:35.967364,Tokyo-a509,28,7,Normal
2026-02-08 12:32:36.967364,Tokyo-a509,18,88,Normal
2026-02-08 12:32:37.967364,Tokyo-a509,-28,36,Normal
2026-02-08 12:32:38.967364,Tokyo-a509,24,83,Normal
2026-02-08 12:32:39.967364,Tokyo-a509,49,65,Normal
2026-02-08 12:32:40.967364,Tokyo-a509,5,18,Normal
2026-02-08 12:32:41.967364,Tokyo-a509,15,86,Normal
2026-02-08 12:32:42.967364,Tokyo-a509,49,42,Normal
2026-02-08 12:32:43.967364,Tokyo-a509,0,18,Normal
2026-02-08 12:32:44.967364,Tokyo-a509,41,20,Normal
2026-02-08 12:32:45.967364,Tokyo-a509,42,32,Normal
2026-02-08 12:32:46.967364,Tokyo-a509,28,47,Normal
2026-02-08 12:32:47.967364,Tokyo-a509,31,54,Normal
2026-02-08 12:32:48.967364,Tokyo-a509,10,3,Normal
2026-02-08 12:32:49.967364,Tokyo-a509,-20,99,Normal
2026-02-08 12:32:50.967364,Tokyo-a509,13,86,Normal
2026-02-08 12:32:51.967364,Tokyo-a509,-12,64,Normal
2026-02-08 12:32:52.967364,Tokyo-a509,-1,1,Normal
2026-02-08 12:32:53.967364,Tokyo-a509,48,29,Normal
2026-02-08 12:32:54.967364,Tokyo-a509,-2,92,Normal
2026-02-08 12:32:55.967364,Tokyo-a509,39,26,Normal
2026-02-08 12:32:56.967364,Tokyo-a509,-29,61,Normal
2026-02-08 12:32:57.967364,Tokyo-a509,43,54,Normal
2026-02-08 12:32:58.967364,Tokyo-a509,4,28,Normal
2026-02-08 12:32:59.967364,Tokyo-a509,-7,38,Normal
2026-02-08 12:33:00.967364,Tokyo-a509,32,17,Normal
2026-02-08 12:33:01.967364,Tokyo-a509,46,81,Normal
2026-02-08 12:33:02.967364,Tokyo-a509,-14,89,Normal
2026-02-08 12:33:03.967364,Tokyo-a509,-1,67,Normal
2026-02-08 12:33:04.967364,Tokyo-a509,-1,23,Normal
2026-02-08 12:33:05.967364,Tokyo-a509,12,82,Normal
2026-02-08 12:33:06.967364,Tokyo-a509,-16,9,Normal
2026-02-08 12:33:07.967364,Tokyo-a509,-17,7,Normal
2026-02-08 12:33:08.967364,Tokyo-a509,45,55,Normal
2026-02-08 12:33:09.967364,Tokyo-a509,-24,51,Normal
2026-02-08 12:33:10.967364,Tokyo-a509,37,28,Normal
2026-02-08 12:33:11.967364,Tokyo-a509,-23,26,Normal
2026-02-08 12:33:12.967364,Tokyo-a509,47,81,Normal
2026-02-08 12:33:13.967364,Tokyo-a509,2,45,Normal
2026-02-08 12:33:14.967364,Tokyo-a509,28,84,Normal
2026-02-08 12:33:15.967364,Tokyo-a509,2,74,Normal
2026-02-08 12:33:16.967364,Tokyo-a509,11,54,Normal
2026-02-08 12:33:17.967364,Tokyo-a509,1,21,Normal
2026-02-08 12:33:18.967364,Tokyo-a509,46,66,Normal
2026-02-08 12:33:19.967364,Tokyo-a509,19,11,Normal
2026-02-08 12:33:20.967364,Tokyo-a509,32,26,Normal
2026-02-08 12:33:21.967364,Tokyo-a509,-3,9,Normal
2026-02-08 12:33:22.967364,Tokyo-a509,44,24,Normal
2026-02-08 12:33:23.967364,Tokyo-a509,22,21,Normal
2026-02-08 12:33:24.967364,Tokyo-a509,29,47,Normal
2026-02-08 12:33:25.967364,Tokyo-a509,47,28,Normal
2026-02-08 12:33:26.967364,Tokyo-a509,39,85,Normal
2026-02-08 12:33:27.967364,Tokyo-a509,31,100,Normal
2026-02-08 12:33:28.967364,Tokyo-a509,41,59,Normal
2026-02-08 12:33:29.967364,Tokyo-a509,-4,5,Normal
2026-02-08 12:33:30.967364,Tokyo-a509,2,4,Normal
2026-02-08 12:33:31.967364,Tokyo-a509,49,65,Normal
2026-02-08 12:33:32.967364,Tokyo-a509,16,72,Normal
2026-02-08 12:33:33.967364,Tokyo-a509,41,85,Normal
2026-02-08 12:33:34.967364,Tokyo-a509,28,30,Normal
2026-02-08 12:33:35.967364,Tokyo-a509,-7,30,Normal
2026-02-08 12:33:36.967364,Tokyo-a509,-24,54,Normal
2026-02-08 12:33:37.967364,Tokyo-a509,-6,18,Normal
2026-02-08 12:33:38.967364,Tokyo-a509,-12,30,Normal
2026-02-08 12:33:39.967364,Tokyo-a509,36,14,Normal
2026-02-08 12:33:40.967364,Tokyo-a509,3,28,Normal
2026-02-08 12:33:41.967364,Tokyo-a509,-16,91,Normal
2026-02-08 12:33:42.967364,Tokyo-a509,-24,80,Normal
2026-02-08 12:33:43.967364,Tokyo-a509,-29,86,Normal
2026-02-08 12:33:44.967364,Tokyo-a509,27,97,Normal
2026-02-08 12:33:45.967364,Tokyo-a509,-5,87,Normal
2026-02-08 12:33:46.967364,Tokyo-a509,-26,65,Normal
2026-02-08 12:33:47.967364,Tokyo-a509,29,59,Normal
2026-02-08 12:33:48.967364,Tokyo-a509,-8,28,Normal
2026-02-08 12:33:49.967364,Tokyo-a509,15,45,Normal
2026-02-08 12:33:50.967364,Tokyo-a509,27,96,Normal
2026-02-08 12:33:51.967364,Tokyo-a509,-6,97,Normal
2026-02-08 12:33:52.967364,Tokyo-a509,47,39,Normal
2026-02-08 12:33:53.967364,Tokyo-a509,30,33,Normal
2026-02-08 12:33:54.967364,Tokyo-a509,19,31,Normal
2026-02-08 12:33:55.967364,Tokyo-a509,-23,74,Normal
2026-02-08 12:33:56.967364,Tokyo-a509,-27,96,Normal
2026-02-08 12:33:57.967364,Tokyo-a509,18,21,Normal
2026-02-08 12:33:58.967364,Tokyo-a509,-2,24,Normal
2026-02-08 12:33:59.967364,Tokyo-a509,22,79,Normal
2026-02-08 12:34:00.967364,Tokyo-a509,37,86,Normal
2026-02-08 12:34:01.967364,Tokyo-a509,48,36,Normal
2026-02-08 12:34:02.967364,Tokyo-a509,29,25,Normal
2026-02-08 12:34:03.967364,Tokyo-a509,-15,32,Normal
2026-02-08 12:34:04.967364,Tokyo-a509,-22,59,Normal
2026-02-08 12:34:05.967364,Tokyo-a509,5,62,Normal
2026-02-08 12:34:06.967364,Tokyo-a509,-6,66,Normal
2026-02-08 12:34:07.967364,Tokyo-a509,-15,62,Normal
2026-02-08 12:34:08.967364,Tokyo-a509,-15,86,Normal
2026-02-08 12:34:09.967364,Tokyo-a509,33,26,Normal
2026-02-08 12:34:10.967364,Tokyo-a509,-21,5,Normal
2026-02-08 12:34:11.967364,Tokyo-a509,18,57,Normal
2026-02-08 12:34:12.967364,Tokyo-a509,3,94,Normal
2026-02-08 12:34:13.967364,Tokyo-a509,34,94,Normal
2026-02-08 12:34:14.967364,Tokyo-a509,14,26,Normal
2026-02-08 12:34:15.967364,Tokyo-a509,-22,98,Normal
2026-02-08 12:34:16.967364,Tokyo-a509,-30,28,Normal
2026-02-08 12:34:17.967364,Tokyo-a509,24,7,Normal
2026-02-08 12:34:18.967364,Tokyo-a509,23,71,Normal
2026-02-08 12:34:19.967364,Tokyo-a509,37,53,Normal
2026-02-08 12:34:20.967364,Tokyo-a509,-4,85,Normal
2026-02-08 12:34:21.967364,Tokyo-a509,27,66,Normal
2026-02-08 12:34:22.967364,Tokyo-a509,3,4,Normal
2026-02-08 12:34:23.967364,Tokyo-a509,1,25,Normal
2026-02-08 12:34:24.967364,Tokyo-a509,0,6,Normal
2026-02-08 12:34:25.967364,Tokyo-a509,27,94,Normal
2026-02-08 12:34:26.967364,Tokyo-a509,43,61,Normal
2026-02-08 12:34:27.967364,Tokyo-a509,-27,18,Normal
2026-02-08 12:34:28.967364,Tokyo-a509,-24,85,Normal
2026-02-08 12:34:29.967364,Tokyo-a509,45,29,Normal
2026-02-08 12:34:30.967364,Tokyo-a509,24,75,Normal
2026-02-08 12:34:31.967364,Tokyo-a509,-10,53,Normal
2026-02-08 12:34:32.967364,Tokyo-a509,12,80,Normal
2026-02-08 12:34:33.967364,Tokyo-a509,29,100,Normal
2026-02-08 12:34:34.967364,Tokyo-a509,25,51,Normal
2026-02-08 12:34:35.967364,Tokyo-a509,-2,63,Normal
2026-02-08 12:34:36.967364,Tokyo-a509,-26,9,Normal
2026-02-08 12:34:37.967364,Tokyo-a509,50,50,Normal
2026-02-08 12:34:38.967364,Tokyo-a509,34,96,Normal
2026-02-08 12:34:39.967364,Tokyo-a509,5,73,Normal
2026-02-08 12:34:40.967364,Tokyo-a509,5,77,Normal
2026-02-08 12:34:41.967364,Tokyo-a509,6,63,Normal
2026-02-08 12:34:42.967364,Tokyo-a509,-3,89,Normal
2026-02-08 12:34:43.967364,Tokyo-a509,-24,16,Normal
2026-02-08 12:34:44.967364,Tokyo-a509,16,26,Normal
2026-02-08 12:34:45.967364,Tokyo-a509,2,94,Normal
2026-02-08 12:34:46.967364,Tokyo-a509,6,68,Normal
2026-02-08 12:34:47.967364,Tokyo-a509,-11,31,Normal
2026-02-08 12:34:48.967364,Tokyo-a509,27,47,Normal
2026-02-08 12:34:49.967364,Tokyo-a509,45,61,Normal
2026-02-08 12:34:50.967364,Tokyo-a509,-14,47,Normal
2026-02-08 12:34:51.967364,Tokyo-a509,8,67,Normal
2026-02-08 12:34:52.967364,Tokyo-a509,16,20,Normal
2026-02-08 12:34:53.967364,Tokyo-a509,-21,53,Normal
2026-02-08 12:34:54.967364,Tokyo-a509,31,82,Normal
2026-02-08 12:34:55.967364,Tokyo-a509,43,34,Normal
2026-02-08 12:34:56.967364,Tokyo-a509,23,84,Normal
2026-02-08 12:34:57.967364,Tokyo-a509,-19,36,Normal
2026-02-08 12:34:58.967364,Tokyo-a509,-21,4,Normal
2026-02-08 12:34:59.967364,Tokyo-a509,-4,95,Normal
2026-02-08 12:35:00.967364,Tokyo-a509,13,32,Normal
2026-02-08 12:35:01.967364,Tokyo-a509,-4,46,Normal
2026-02-08 12:35:02.967364,Tokyo-a509,-5,87,Normal
2026-02-08 12:35:03.967364,Tokyo-a509,46,90,Normal
2026-02-08 12:35:04.967364,Tokyo-a509,32,28,Normal
2026-02-08 12:35:05.967364,Tokyo-a509,-25,98,Normal
2026-02-08 12:35:06.967364,Tokyo-a509,-26,52,Normal
2026-02-08 12:35:07.967364,Tokyo-a509,24,78,Normal
2026-02-08 12:35:08.967364,Tokyo-a509,-15,78,Normal
2026-02-08 12:35:09.967364,Tokyo-a509,-15,13,Normal
2026-02-08 12:35:10.967364,Tokyo-a509,-2,44,Normal
2026-02-08 12:35:11.967364,Tokyo-a509,15,35,Normal
2026-02-08 12:35:12.967364,Tokyo-a509,-20,92,Normal
2026-02-08 12:35:13.967364,Tokyo-a509,50,51,Normal
2026-02-08 12:35:14.967364,Tokyo-a509,-20,65,Normal
2026-02-08 12:35:15.967364,Tokyo-a509,-10,15,Normal
2026-02-08 12:35:16.967364,Tokyo-a509,32,55,Normal
2026-02-08 12:35:17.967364,Tokyo-a509,-6,76,Normal
2026-02-08 12:35:18.967364,Tokyo-a509,6,88,Normal
2026-02-08 12:35:19.967364,Tokyo-a509,37,87,Normal
2026-02-08 12:35:20.967364,Tokyo-a509,35,25,Normal
2026-02-08 12:35:21.967364,Tokyo-a509,-1,41,Normal
2026-02-08 12:35:22.967364,Tokyo-a509,19,12,Normal
2026-02-08 12:35:23.967364,Tokyo-a509,40,89,Normal
2026-02-08 12:35:24.967364,Tokyo-a509,-10,38,Normal
2026-02-08 12:35:25.967364,Tokyo-a509,-4,47,Normal
2026-02-08 12:35:26.967364,Tokyo-a509,-30,84,Normal
2026-02-08 12:35:27.967364,Tokyo-a509,-29,91,Normal
2026-02-08 12:35:28.967364,Tokyo-a509,1,57,Normal
2026-02-08 12:35:29.967364,Tokyo-a509,-7,82,Normal
2026-02-08 12:35:30.967364,Tokyo-a509,12,86,Normal
2026-02-08 12:35:31.967364,Tokyo-a509,-8,41,Normal
2026-02-08 12:35:32.967364,Tokyo-a509,17,43,Normal
2026-02-08 12:35:33.967364,Tokyo-a509,46,70,Normal
2026-02-08 12:35:34.967364,Tokyo-a509,-7,32,Normal
2026-02-08 12:35:35.967364,Tokyo-a509,48,58,Normal
2026-02-08 12:35:36.967364,Tokyo-a509,14,95,Normal
2026-02-08 12:35:37.967364,Tokyo-a509,7,54,Normal
2026-02-08 12:35:38.967364,Tokyo-a509,-30,3,Normal
2026-02-08 12:35:39.967364,Tokyo-a509,-7,86,Normal
2026-02-08 12:35:40.967364,Tokyo-a509,-24,83,Normal
2026-02-08 12:35:41.967364,Tokyo-a509,47,66,Normal
2026-02-08 12:35:42.967364,Tokyo-a509,28,38,Normal
2026-02-08 12:35:43.967364,Tokyo-a509,17,53,Normal
2026-02-08 12:35:44.967364,Tokyo-a509,11,18,Normal
2026-02-08 12:35:45.967364,Tokyo-a509,-11,87,Normal
2026-02-08 12:35:46.967364,Tokyo-a509,32,67,Normal
2026-02-08 12:35:47.967364,Tokyo-a509,48,62,Normal
2026-02-08 12:35:48.967364,Tokyo-a509,28,95,Normal
2026-02-08 12:35:49.967364,Tokyo-a509,-25,81,Normal
2026-02-08 12:35:50.967364,Tokyo-a509,18,77,Normal
2026-02-08 12:35:51.967364,Tokyo-a509,-27,87,Normal
2026-02-08 12:35:52.967364,Tokyo-a509,8,15,Normal
2026-02-08 12:35:53.967364,Tokyo-a509,-29,47,Normal
2026-02-08 12:35:54.967364,Tokyo-a509,4,77,Normal
2026-02-08 12:35:55.967364,Tokyo-a509,-10,14,Normal
2026-02-08 12:35:56.967364,Tokyo-a509,32,100,Normal
2026-02-08 12:35:57.967364,Tokyo-a509,1,49,Normal
2026-02-08 12:35:58.967364,Tokyo-a509,3,91,Normal
2026-02-08 12:35:59.967364,Tokyo-a509,-25,77,Normal
2026-02-08 12:36:00.967364,Tokyo-a509,30,68,Normal
2026-02-08 12:36:01.967364,Tokyo-a509,-30,10,Normal
2026-02-08 12:36:02.967364,Tokyo-a509,10,44,Normal
2026-02-08 12:36:03.967364,Tokyo-a509,5,7,Normal
2026-02-08 12:36:04.967364,Tokyo-a509,8,55,Normal
2026-02-08 12:36:05.967364,Tokyo-a509,25,88,Normal
2026-02-08 12:36:06.967364,Tokyo-a509,-19,37,Normal
2026-02-08 12:36:07.967364,Tokyo-a509,42,66,Normal
2026-02-08 12:36:08.967364,Tokyo-a509,-28,67,Normal
2026-02-08 12:36:09.967364,Tokyo-a509,-24,25,Normal
2026-02-08 12:36:10.967364,Tokyo-a509,-5,4,Normal
2026-02-08 12:36:11.967364,Tokyo-a509,14,87,Normal
2026-02-08 12:36:12.967364,Tokyo-a509,-18,28,Normal
2026-02-08 12:36:13.967364,Tokyo-a509,27,90,Normal
2026-02-08 12:36:14.967364,Tokyo-a509,7,56,Normal
2026-02-08 12:36:15.967364,Tokyo-a509,-10,44,Normal
2026-02-08 12:36:16.967364,Tokyo-a509,-22,84,Normal
2026-02-08 12:36:17.967364,Tokyo-a509,43,23,Normal
2026-02-08 12:36:18.967364,Tokyo-a509,-16,3,Normal
2026-02-08 12:36:19.967364,Tokyo-a509,22,90,Normal
2026-02-08 12:36:20.967364,Tokyo-a509,14,27,Normal
2026-02-08 12:36:21.967364,Tokyo-a509,34,68,Normal
2026-02-08 12:36:22.967364,Tokyo-a509,36,57,Normal
2026-02-08 12:36:23.967364,Tokyo-a509,3,53,Normal
2026-02-08 12:36:24.967364,Tokyo-a509,48,83,Normal
2026-02-08 12:36:25.967364,Tokyo-a509,42,19,Normal
2026-02-08 12:36:26.967364,Tokyo-a509,-4,24,Normal
2026-02-08 12:36:27.967364,Tokyo-a509,50,34,Normal
2026-02-08 12:36:28.967364,Tokyo-a509,34,77,Normal
2026-02-08 12:36:29.967364,Tokyo-a509,37,49,Normal
2026-02-08 12:36:30.967364,Tokyo-a509,-14,58,Normal
2026-02-08 12:36:31.967364,Tokyo-a509,-27,58,Normal
2026-02-08 12:36:32.967364,Tokyo-a509,-27,85,Normal
2026-02-08 12:36:33.967364,Tokyo-a509,-10,18,Normal
2026-02-08 12:36:34.967364,Tokyo-a509,0,12,Normal
2026-02-08 12:36:35.967364,Tokyo-a509,-17,90,Normal
2026-02-08 12:36:36.967364,Tokyo-a509,-29,37,Normal
2026-02-08 12:36:37.967364,Tokyo-a509,11,22,Normal
2026-02-08 12:36:38.967364,Tokyo-a509,47,88,Normal
2026-02-08 12:36:39.967364,Tokyo-a509,49,15,Normal
2026-02-08 12:36:40.967364,Tokyo-a509,5,10,Normal
2026-02-08 12:36:41.967364,Tokyo-a509,-2,33,Normal
2026-02-08 12:36:42.967364,Tokyo-a509,-30,36,Normal
2026-02-08 12:36:43.967364,Tokyo-a509,36,51,Normal
2026-02-08 12:36:44.967364,Tokyo-a509,49,63,Normal
2026-02-08 12:36:45.967364,Tokyo-a509,38,86,Normal
2026-02-08 12:36:46.967364,Tokyo-a509,38,64,Normal
2026-02-08 12:36:47.967364,Tokyo-a509,0,8,Normal
2026-02-08 12:36:48.967364,Tokyo-a509,-19,14,Normal
2026-02-08 12:36:49.967364,Tokyo-a509,-3,27,Normal
2026-02-08 12:36:50.967364,Tokyo-a509,42,33,Normal
2026-02-08 12:36:51.967364,Tokyo-a509,-2,31,Normal
2026-02-08 12:36:52.967364,Tokyo-a509,-16,17,Normal
2026-02-08 12:36:53.967364,Tokyo-a509,-1,4,Normal
2026-02-08 12:36:54.967364,Tokyo-a509,30,16,Normal
2026-02-08 12:36:55.967364,Tokyo-a509,4,66,Normal
2026-02-08 12:36:56.967364,Tokyo-a509,41,95,Normal
2026-02-08 12:36:57.967364,Tokyo-a509,-20,48,Normal
2026-02-08 12:36:58.967364,Tokyo-a509,46,54,Normal
2026-02-08 12:36:59.967364,Tokyo-a509,35,63,Normal
2026-02-08 12:37:00.967364,Tokyo-a509,32,67,Normal
2026-02-08 12:37:01.967364,Tokyo-a509,41,96,Normal
2026-02-08 12:37:02.967364,Tokyo-a509,-3,67,Normal
2026-02-08 12:37:03.967364,Tokyo-a509,-9,57,Normal
2026-02-08 12:37:04.967364,Tokyo-a509,-3,50,Normal
2026-02-08 12:37:05.967364,Tokyo-a509,-8,11,Normal
2026-02-08 12:37:06.967364,Tokyo-a509,-13,89,Normal
2026-02-08 12:37:07.967364,Tokyo-a509,-17,77,Normal
2026-02-08 12:37:08.967364,Tokyo-a509,33,46,Normal
2026-02-08 12:37:09.967364,Tokyo-a509,19,1,Normal
2026-02-08 12:37:10.967364,Tokyo-a509,-23,82,Normal
2026-02-08 12:37:11.967364,Tokyo-a509,40,87,Normal
2026-02-08 12:37:12.967364,Tokyo-a509,36,36,Normal
2026-02-08 12:37:13.967364,Tokyo-a509,17,88,Normal
2026-02-08 12:37:14.967364,Tokyo-a509,40,56,Normal
2026-02-08 12:37:15.967364,Tokyo-a509,16,16,Normal
2026-02-08 12:37:16.967364,Tokyo-a509,18,25,Normal
2026-02-08 12:37:17.967364,Tokyo-a509,49,63,Normal
2026-02-08 12:37:18.967364,Tokyo-a509,-4,63,Normal
2026-02-08 12:37:19.967364,Tokyo-a509,-30,100,Normal
2026-02-08 12:37:20.967364,Tokyo-a509,-16,53,Normal
2026-02-08 12:37:21.967364,Tokyo-a509,19,67,Normal
2026-02-08 12:37:22.967364,Tokyo-a509,-28,62,Normal
2026-02-08 12:37:23.967364,Tokyo-a509,29,40,Normal
2026-02-08 12:37:24.967364,Tokyo-a509,49,45,Normal
2026-02-08 12:37:25.967364,Tokyo-a509,1,23,Normal
2026-02-08 12:37:26.967364,Tokyo-a509,4,31,Normal
2026-02-08 12:37:27.967364,Tokyo-a509,-30,58,Normal
2026-02-08 12:37:28.967364,Tokyo-a509,-2,3,Normal
2026-02-08 12:37:29.967364,Tokyo-a509,-21,80,Normal
2026-02-08 12:37:30.967364,Tokyo-a509,1,44,Normal
2026-02-08 12:37:31.967364,Tokyo-a509,39,60,Normal
2026-02-08 12:37:32.967364,Tokyo-a509,20,96,Normal
2026-02-08 12:37:33.967364,Tokyo-a509,36,26,Normal
2026-02-08 12:37:34.967364,Tokyo-a509,4,65,Normal
2026-02-08 12:37:35.967364,Tokyo-a509,-11,16,Normal
2026-02-08 12:37:36.967364,Tokyo-a509,50,83,Normal
2026-02-08 12:37:37.967364,Tokyo-a509,28,19,Normal
2026-02-08 12:37:38.967364,Tokyo-a509,5,69,Normal
2026-02-08 12:37:39.967364,Tokyo-a509,7,76,Normal
2026-02-08 12:37:40.967364,Tokyo-a509,-4,93,Normal
2026-02-08 12:37:41.967364,Tokyo-a509,50,68,Normal
2026-02-08 12:37:42.967364,Tokyo-a509,1,32,Normal
2026-02-08 12:37:43.967364,Tokyo-a509,-23,97,Normal
2026-02-08 12:37:44.967364,Tokyo-a509,-14,19,Normal
2026-02-08 12:37:45.967364,Tokyo-a509,-28,17,Normal
2026-02-08 12:37:46.967364,Tokyo-a509,17,43,Normal
2026-02-08 12:37:47.967364,Tokyo-a509,14,13,Normal
2026-02-08 12:37:48.967364,Tokyo-a509,-3,11,Normal
2026-02-08 12:37:49.967364,Tokyo-a509,-10,37,Normal
2026-02-08 12:37:50.967364,Tokyo-a509,-25,41,Normal
2026-02-08 12:37:51.967364,Tokyo-a509,-24,25,Normal
2026-02-08 12:37:52.967364,Tokyo-a509,43,84,Normal
2026-02-08 12:37:53.967364,Tokyo-a509,-22,58,Normal
2026-02-08 12:37:54.967364,Tokyo-a509,1,99,Normal
2026-02-08 12:37:55.967364,Tokyo-a509,-14,15,Normal
2026-02-08 12:37:56.967364,Tokyo-a509,6,71,Normal
2026-02-08 12:37:57.967364,Tokyo-a509,46,14,Normal
2026-02-08 12:37:58.967364,Tokyo-a509,-18,68,Normal
2026-02-08 12:37:59.967364,Tokyo-a509,33,35,Normal
2026-02-08 12:38:00.967364,Tokyo-a509,-22,79,Normal
2026-02-08 12:38:01.967364,Tokyo-a509,0,42,Normal
2026-02-08 12:38:02.967364,Tokyo-a509,28,62,Normal
2026-02-08 12:38:03.967364,Tokyo-a509,-6,7,Normal
2026-02-08 12:38:04.967364,Tokyo-a509,28,52,Normal
2026-02-08 12:38:05.967364,Tokyo-a509,19,30,Normal
2026-02-08 12:38:06.967364,Tokyo-a509,38,33,Normal
2026-02-08 12:38:07.967364,Tokyo-a509,22,53,Normal
2026-02-08 12:38:08.967364,Tokyo-a509,36,18,Normal
2026-02-08 12:38:09.967364,Tokyo-a509,-9,3,Normal
2026-02-08 12:38:10.967364,Tokyo-a509,37,62,Normal
2026-02-08 12:38:11.967364,Tokyo-a509,44,84,Normal
2026-02-08 12:38:12.967364,Tokyo-a509,5,70,Normal
2026-02-08 12:38:13.967364,Tokyo-a509,-29,55,Normal
2026-02-08 12:38:14.967364,Tokyo-a509,-9,95,Normal
2026-02-08 12:38:15.967364,Tokyo-a509,41,5,Normal
2026-02-08 12:38:16.967364,Tokyo-a509,-15,75,Normal
2026-02-08 12:38:17.967364,Tokyo-a509,40,59,Normal
2026-02-08 12:38:18.967364,Tokyo-a509,-4,50,Normal
2026-02-08 12:38:19.967364,Tokyo-a509,16,96,Normal
2026-02-08 12:38:20.967364,Tokyo-a509,45,17,Normal
2026-02-08 12:38:21.967364,Tokyo-a509,15,14,Normal
2026-02-08 12:38:22.967364,Tokyo-a509,22,9,Normal
2026-02-08 12:38:23.967364,Tokyo-a509,-11,77,Normal
2026-02-08 12:38:24.967364,Tokyo-a509,-3,76,Normal
2026-02-08 12:38:25.967364,Tokyo-a509,38,57,Normal
2026-02-08 12:38:26.967364,Tokyo-a509,33,22,Normal
2026-02-08 12:38:27.967364,Tokyo-a509,-2,43,Normal
2026-02-08 12:38:28.967364,Tokyo-a509,-17,9,Normal
2026-02-08 12:38:29.967364,Tokyo-a509,-8,23,Normal
2026-02-08 12:38:30.967364,Tokyo-a509,-22,84,Normal
2026-02-08 12:38:31.967364,Tokyo-a509,27,70,Normal
2026-02-08 12:38:32.967364,Tokyo-a509,-23,68,Normal
2026-02-08 12:38:33.967364,Tokyo-a509,-1,61,Normal
2026-02-08 12:38:34.967364,Tokyo-a509,12,99,Normal
2026-02-08 12:38:35.967364,Tokyo-a509,24,24,Normal
2026-02-08 12:38:36.967364,Tokyo-a509,29,14,Normal
2026-02-08 12:38:37.967364,Tokyo-a509,45,55,Normal
2026-02-08 12:38:38.967364,Tokyo-a509,-11,87,Normal
2026-02-08 12:38:39.967364,Tokyo-a509,26,25,Normal
2026-02-08 12:38:40.967364,Tokyo-a509,-26,89,Normal
2026-02-08 12:38:41.967364,Tokyo-a509,-23,72,Normal
2026-02-08 12:38:42.967364,Tokyo-a509,-14,98,Normal
2026-02-08 12:38:43.967364,Tokyo-a509,-21,56,Normal
2026-02-08 12:38:44.967364,Tokyo-a509,14,91,Normal
2026-02-08 12:38:45.967364,Tokyo-a509,34,32,Normal
2026-02-08 12:38:46.967364,Tokyo-a509,23,62,Normal
2026-02-08 12:38:47.967364,Tokyo-a509,-2,34,Normal
2026-02-08 12:38:48.967364,Tokyo-a509,22,72,Normal
2026-02-08 12:38:49.967364,Tokyo-a509,-18,6,Normal
2026-02-08 12:38:50.967364,Tokyo-a509,34,66,Normal
2026-02-08 12:38:51.967364,Tokyo-a509,38,84,Normal
2026-02-08 12:38:52.967364,Tokyo-a509,-25,94,Normal
2026-02-08 12:38:53.967364,Tokyo-a509,-19,99,Normal
2026-02-08 12:38:54.967364,Tokyo-a509,49,19,Normal
2026-02-08 12:38:55.967364,Tokyo-a509,-30,32,Normal
2026-02-08 12:38:56.967364,Tokyo-a509,20,45,Normal
2026-02-08 12:38:57.967364,Tokyo-a509,5,2,Normal
2026-02-08 12:38:58.967364,Tokyo-a509,5,98,Normal
2026-02-08 12:38:59.967364,Tokyo-a509,-12,94,Normal
2026-02-08 12:39:00.967364,Tokyo-a509,34,20,Normal
2026-02-08 12:39:01.967364,Tokyo-a509,-27,5,Normal
2026-02-08 12:39:02.967364,Tokyo-a509,20,72,Normal
2026-02-08 12:39:03.967364,Tokyo-a509,15,99,Normal
2026-02-08 12:39:04.967364,Tokyo-a509,36,21,Normal
2026-02-08 12:39:05.967364,Tokyo-a509,19,60,Normal
2026-02-08 12:39:06.967364,Tokyo-a509,-27,72,Normal
2026-02-08 12:39:07.967364,Tokyo-a509,33,38,Normal
2026-02-08 12:39:08.967364,Tokyo-a509,24,39,Normal
2026-02-08 12:39:09.967364,Tokyo-a509,-27,56,Normal
2026-02-08 12:39:10.967364,Tokyo-a509,34,100,Normal
2026-02-08 12:39:11.967364,Tokyo-a509,-8,63,Normal
2026-02-08 12:39:12.967364,Tokyo-a509,-5,94,Normal
2026-02-08 12:39:13.967364,Tokyo-a509,48,35,Normal
2026-02-08 12:39:14.967364,Tokyo-a509,-3,68,Normal
2026-02-08 12:39:15.967364,Tokyo-a509,-12,80,Normal
2026-02-08 12:39:16.967364,Tokyo-a509,-4,13,Normal
2026-02-08 12:39:17.967364,Tokyo-a509,16,7,Normal
2026-02-08 12:39:18.967364,Tokyo-a509,25,50,Normal
2026-02-08 12:39:19.967364,Tokyo-a509,41,73,Normal
2026-02-08 12:39:20.967364,Tokyo-a509,-26,18,Normal
2026-02-08 12:39:21.967364,Tokyo-a509,20,55,Normal
2026-02-08 12:39:22.967364,Tokyo-a509,-7,16,Normal
2026-02-08 12:39:23.967364,Tokyo-a509,-6,75,Normal
2026-02-08 12:39:24.967364,Tokyo-a509,41,76,Normal
2026-02-08 12:39:25.967364,Tokyo-a509,-6,29,Normal
2026-02-08 12:39:26.967364,Tokyo-a509,-3,41,Normal
2026-02-08 12:39:27.967364,Tokyo-a509,27,94,Normal
2026-02-08 12:39:28.967364,Tokyo-a509,-11,14,Normal
2026-02-08 12:39:29.967364,Tokyo-a509,24,33,Normal
2026-02-08 12:39:30.967364,Tokyo-a509,32,93,Normal
2026-02-08 12:39:31.967364,Tokyo-a509,-20,55,Normal
2026-02-08 12:39:32.967364,Tokyo-a509,-27,40,Normal
2026-02-08 12:39:33.967364,Tokyo-a509,-16,42,Normal
2026-02-08 12:39:34.967364,Tokyo-a509,-23,13,Normal
2026-02-08 12:39:35.967364,Tokyo-a509,29,66,Normal
2026-02-08 12:39:36.967364,Tokyo-a509,22,82,Normal
2026-02-08 12:39:37.967364,Tokyo-a509,28,10,Normal
2026-02-08 12:39:38.967364,Tokyo-a509,-9,74,Normal
2026-02-08 12:39:39.967364,Tokyo-a509,1,68,Normal
2026-02-08 12:39:40.967364,Tokyo-a509,27,97,Normal
2026-02-08 12:39:41.967364,Tokyo-a509,13,13,Normal
2026-02-08 12:39:42.967364,Tokyo-a509,-8,69,Normal
2026-02-08 12:39:43.967364,Tokyo-a509,49,91,Normal
2026-02-08 12:39:44.967364,Tokyo-a509,41,16,Normal
2026-02-08 12:39:45.967364,Tokyo-a509,-25,56,Normal
2026-02-08 12:39:46.967364,Tokyo-a509,11,21,Normal
2026-02-08 12:39:47.967364,Tokyo-a509,-30,80,Normal
2026-02-08 12:39:48.967364,Tokyo-a509,27,70,Normal
2026-02-08 12:39:49.967364,Tokyo-a509,-18,14,Normal
2026-02-08 12:39:50.967364,Tokyo-a509,50,78,Normal
2026-02-08 12:39:51.967364,Tokyo-a509,-29,55,Normal
2026-02-08 12:39:52.967364,Tokyo-a509,-22,51,Normal
2026-02-08 12:39:53.967364,Tokyo-a509,24,31,Normal
2026-02-08 12:39:54.967364,Tokyo-a509,8,52,Normal
2026-02-08 12:39:55.967364,Tokyo-a509,23,25,Normal
2026-02-08 12:39:56.967364,Tokyo-a509,-15,65,Normal
2026-02-08 12:39:57.967364,Tokyo-a509,19,91,Normal
2026-02-08 12:39:58.967364,Tokyo-a509,46,50,Normal
2026-02-08 12:39:59.967364,Tokyo-a509,43,46,Normal
2026-02-08 12:40:00.967364,Tokyo-a509,11,88,Normal
2026-02-08 12:40:01.967364,Tokyo-a509,47,95,Normal
2026-02-08 12:40:02.967364,Tokyo-a509,4,99,Normal
2026-02-08 12:40:03.967364,Tokyo-a509,28,36,Normal
2026-02-08 12:40:04.967364,Tokyo-a509,20,27,Normal
2026-02-08 12:40:05.967364,Tokyo-a509,34,78,Normal
2026-02-08 12:40:06.967364,Tokyo-a509,44,39,Normal
2026-02-08 12:40:07.967364,Tokyo-a509,11,10,Normal
2026-02-08 12:40:08.967364,Tokyo-a509,19,66,Normal
2026-02-08 12:40:09.967364,Tokyo-a509,3,27,Normal
2026-02-08 12:40:10.967364,Tokyo-a509,-24,41,Normal
2026-02-08 12:40:11.967364,Tokyo-a509,1,89,Normal
2026-02-08 12:40:12.967364,Tokyo-a509,29,45,Normal
2026-02-08 12:40:13.967364,Tokyo-a509,-15,19,Normal
2026-02-08 12:40:14.967364,Tokyo-a509,-8,34,Normal
2026-02-08 12:40:15.967364,Tokyo-a509,48,99,Normal
2026-02-08 12:40:16.967364,Tokyo-a509,-18,31,Normal
2026-02-08 12:40:17.967364,Tokyo-a509,-22,79,Normal
2026-02-08 12:40:18.967364,Tokyo-a509,6,64,Normal
2026-02-08 12:40:19.967364,Tokyo-a509,15,99,Normal
2026-02-08 12:40:20.967364,Tokyo-a509,28,84,Normal
2026-02-08 12:40:21.967364,Tokyo-a509,-10,46,Normal
2026-02-08 12:40:22.967364,Tokyo-a509,-22,82,Normal
2026-02-08 12:40:23.967364,Tokyo-a509,41,0,Normal
2026-02-08 12:40:24.967364,Tokyo-a509,-4,92,Normal
2026-02-08 12:40:25.967364,Tokyo-a509,-12,52,Normal
2026-02-08 12:40:26.967364,Tokyo-a509,-11,87,Normal
2026-02-08 12:40:27.967364,Tokyo-a509,-13,59,Normal
2026-02-08 12:40:28.967364,Tokyo-a509,44,68,Normal
2026-02-08 12:40:29.967364,Tokyo-a509,32,37,Normal
2026-02-08 12:40:30.967364,Tokyo-a509,-8,79,Normal
2026-02-08 12:40:31.967364,Tokyo-a509,-27,64,Normal
2026-02-08 12:40:32.967364,Tokyo-a509,0,70,Normal
2026-02-08 12:40:33.967364,Tokyo-a509,-2,23,Normal
2026-02-08 12:40:34.967364,Tokyo-a509,34,88,Normal
2026-02-08 12:40:35.967364,Tokyo-a509,31,57,Normal
2026-02-08 12:40:36.967364,Tokyo-a509,41,0,Normal
2026-02-08 12:40:37.967364,Tokyo-a509,-23,82,Normal
2026-02-08 12:40:38.967364,Tokyo-a509,46,57,Normal
2026-02-08 12:40:39.967364,Tokyo-a509,-8,60,Normal
2026-02-08 12:40:40.967364,Tokyo-a509,5,20,Normal
2026-02-08 12:40:41.967364,Tokyo-a509,-23,71,Normal
2026-02-08 12:40:42.967364,Tokyo-a509,2,57,Normal
2026-02-08 12:40:43.967364,Tokyo-a509,-1,49,Normal
2026-02-08 12:40:44.967364,Tokyo-a509,-25,42,Normal
2026-02-08 12:40:45.967364,Tokyo-a509,-24,68,Normal
2026-02-08 12:40:46.967364,Tokyo-a509,-6,89,Normal
2026-02-08 12:40:47.967364,Tokyo-a509,30,4,Normal
2026-02-08 12:40:48.967364,Tokyo-a509,8,5,Normal
2026-02-08 12:40:49.967364,Tokyo-a509,39,2,Normal
2026-02-08 12:40:50.967364,Tokyo-a509,46,27,Normal
2026-02-08 12:40:51.967364,Tokyo-a509,47,77,Normal
2026-02-08 12:40:52.967364,Tokyo-a509,37,86,Normal
2026-02-08 12:40:53.967364,Tokyo-a509,7,45,Normal
2026-02-08 12:40:54.967364,Tokyo-a509,22,99,Normal
2026-02-08 12:40:55.967364,Tokyo-a509,38,34,Normal
2026-02-08 12:40:56.967364,Tokyo-a509,10,26,Normal
2026-02-08 12:40:57.967364,Tokyo-a509,17,98,Normal
2026-02-08 12:40:58.967364,Tokyo-a509,22,51,Normal
2026-02-08 12:40:59.967364,Tokyo-a509,-30,61,Normal
2026-02-08 12:41:00.967364,Tokyo-a509,20,83,Normal
2026-02-08 12:41:01.967364,Tokyo-a509,-3,85,Normal
2026-02-08 12:41:02.967364,Tokyo-a509,30,24,Normal
2026-02-08 12:41:03.967364,Tokyo-a509,18,47,Normal
2026-02-08 12:41:04.967364,Tokyo-a509,35,27,Normal
2026-02-08 12:41:05.967364,Tokyo-a509,-2,25,Normal
2026-02-08 12:41:06.967364,Tokyo-a509,-27,42,Normal
2026-02-08 12:41:07.967364,Tokyo-a509,16,13,Normal
2026-02-08 12:41:08.967364,Tokyo-a509,27,0,Normal
2026-02-08 12:41:09.967364,Tokyo-a509,-6,28,Normal
2026-02-08 12:41:10.967364,Tokyo-a509,-17,34,Normal
2026-02-08 12:41:11.967364,Tokyo-a509,28,25,Normal
2026-02-08 12:41:12.967364,Tokyo-a509,33,74,Normal
2026-02-08 12:41:13.967364,Tokyo-a509,12,62,Normal
2026-02-08 12:41:14.967364,Tokyo-a509,40,7,Normal
2026-02-08 12:41:15.967364,Tokyo-a509,18,94,Normal
2026-02-08 12:41:16.967364,Tokyo-a509,-15,75,Normal
2026-02-08 12:41:17.967364,Tokyo-a509,4,26,Normal
2026-02-08 12:41:18.967364,Tokyo-a509,-3,90,Normal
2026-02-08 12:41:19.967364,Tokyo-a509,-16,21,Normal
2026-02-08 12:41:20.967364,Tokyo-a509,-3,15,Normal
2026-02-08 12:41:21.967364,Tokyo-a509,17,12,Normal
2026-02-08 12:41:22.967364,Tokyo-a509,48,8,Normal
2026-02-08 12:41:23.967364,Tokyo-a509,47,5,Normal
2026-02-08 12:41:24.967364,Tokyo-a509,-9,72,Normal
2026-02-08 12:41:25.967364,Tokyo-a509,-8,83,Normal
2026-02-08 12:41:26.967364,Tokyo-a509,-7,97,Normal
2026-02-08 12:41:27.967364,Tokyo-a509,-5,55,Normal
2026-02-08 12:41:28.967364,Tokyo-a509,17,98,Normal
2026-02-08 12:41:29.967364,Tokyo-a509,-4,1,Normal
2026-02-08 12:41:30.967364,Tokyo-a509,28,76,Normal
2026-02-08 12:41:31.967364,Tokyo-a509,22,83,Normal
2026-02-08 12:41:32.967364,Tokyo-a509,45,32,Normal
2026-02-08 12:41:33.967364,Tokyo-a509,32,85,Normal
2026-02-08 12:41:34.967364,Tokyo-a509,-25,40,Normal
2026-02-08 12:41:35.967364,Tokyo-a509,30,80,Normal
2026-02-08 12:41:36.967364,Tokyo-a509,-11,5,Normal
2026-02-08 12:41:37.967364,Tokyo-a509,29,99,Normal
2026-02-08 12:41:38.967364,Tokyo-a509,17,37,Normal
2026-02-08 12:41:39.967364,Tokyo-a509,15,36,Normal
2026-02-08 12:41:40.967364,Tokyo-a509,-2,11,Normal
2026-02-08 12:41:41.967364,Tokyo-a509,20,24,Normal
2026-02-08 12:41:42.967364,Tokyo-a509,49,56,Normal
2026-02-08 12:41:43.967364,Tokyo-a509,27,93,Normal
2026-02-08 12:41:44.967364,Tokyo-a509,40,74,Normal
2026-02-08 12:41:45.967364,Tokyo-a509,12,57,Normal
2026-02-08 12:41:46.967364,Tokyo-a509,6,94,Normal
2026-02-08 12:41:47.967364,Tokyo-a509,-25,77,Normal
2026-02-08 12:41:48.967364,Tokyo-a509,24,95,Normal
2026-02-08 12:41:49.967364,Tokyo-a509,45,36,Normal
2026-02-08 12:41:50.967364,Tokyo-a509,-8,91,Normal
2026-02-08 12:41:51.967364,Tokyo-a509,24,0,Normal
2026-02-08 12:41:52.967364,Tokyo-a509,-14,51,Normal
2026-02-08 12:41:53.967364,Tokyo-a509,35,58,Normal
2026-02-08 12:41:54.967364,Tokyo-a509,-16,15,Normal
2026-02-08 12:41:55.967364,Tokyo-a509,50,11,Normal
2026-02-08 12:41:56.967364,Tokyo-a509,-12,84,Normal
2026-02-08 12:41:57.967364,Tokyo-a509,50,12,Normal
2026-02-08 12:41:58.967364,Tokyo-a509,-2,6,Normal
2026-02-08 12:41:59.967364,Tokyo-a509,-30,24,Normal
2026-02-08 12:42:00.967364,Tokyo-a509,-15,47,Normal
2026-02-08 12:42:01.967364,Tokyo-a509,33,13,Normal
2026-02-08 12:42:02.967364,Tokyo-a509,-2,44,Normal
2026-02-08 12:42:03.967364,Tokyo-a509,27,90,Normal
2026-02-08 12:42:04.967364,Tokyo-a509,-22,81,Normal
2026-02-08 12:42:05.967364,Tokyo-a509,0,31,Normal
2026-02-08 12:42:06.967364,Tokyo-a509,1,79,Normal
2026-02-08 12:42:07.967364,Tokyo-a509,31,72,Normal
2026-02-08 12:42:08.967364,Tokyo-a509,-22,39,Normal
2026-02-08 12:42:09.967364,Tokyo-a509,45,63,Normal
2026-02-08 12:42:10.967364,Tokyo-a509,47,44,Normal
2026-02-08 12:42:11.967364,Tokyo-a509,28,56,Normal
2026-02-08 12:42:12.967364,Tokyo-a509,37,53,Normal
2026-02-08 12:42:13.967364,Tokyo-a509,11,22,Normal
2026-02-08 12:42:14.967364,Tokyo-a509,-29,25,Normal
2026-02-08 12:42:15.967364,Tokyo-a509,15,75,Normal
2026-02-08 12:42:16.967364,Tokyo-a509,45,85,Normal
2026-02-08 12:42:17.967364,Tokyo-a509,47,1,Normal
2026-02-08 12:42:18.967364,Tokyo-a509,49,85,Normal
2026-02-08 12:42:19.967364,Tokyo-a509,-1,75,Normal
2026-02-08 12:42:20.967364,Tokyo-a509,-21,39,Normal
2026-02-08 12:42:21.967364,Tokyo-a509,42,64,Normal
2026-02-08 12:42:22.967364,Tokyo-a509,46,18,Normal
2026-02-08 12:42:23.967364,Tokyo-a509,-17,37,Normal
2026-02-08 12:42:24.967364,Tokyo-a509,48,55,Normal
2026-02-08 12:42:25.967364,Tokyo-a509,9,22,Normal
2026-02-08 12:42:26.967364,Tokyo-a509,-26,14,Normal
2026-02-08 12:42:27.967364,Tokyo-a509,-5,56,Normal
2026-02-08 12:42:28.967364,Tokyo-a509,-11,93,Normal
2026-02-08 12:42:29.967364,Tokyo-a509,49,34,Normal
2026-02-08 12:42:30.967364,Tokyo-a509,4,47,Normal
2026-02-08 12:42:31.967364,Tokyo-a509,48,5,Normal
2026-02-08 12:42:32.967364,Tokyo-a509,26,75,Normal
2026-02-08 12:42:33.967364,Tokyo-a509,45,91,Normal
2026-02-08 12:42:34.967364,Tokyo-a509,-19,83,Normal
2026-02-08 12:42:35.967364,Tokyo-a509,8,28,Normal
2026-02-08 12:42:36.967364,Tokyo-a509,23,38,Normal
2026-02-08 12:42:37.967364,Tokyo-a509,42,42,Normal
2026-02-08 12:42:38.967364,Tokyo-a509,35,24,Normal
2026-02-08 12:42:39.967364,Tokyo-a509,-24,13,Normal
2026-02-08 12:42:40.967364,Tokyo-a509,1,59,Normal
2026-02-08 12:42:41.967364,Tokyo-a509,3,72,Normal
2026-02-08 12:42:42.967364,Tokyo-a509,-5,62,Normal
2026-02-08 12:42:43.967364,Tokyo-a509,-13,85,Normal
2026-02-08 12:42:44.967364,Tokyo-a509,-8,98,Normal
2026-02-08 12:42:45.967364,Tokyo-a509,-4,94,Normal
2026-02-08 12:42:46.967364,Tokyo-a509,41,60,Normal
2026-02-08 12:42:47.967364,Tokyo-a509,33,88,Normal
2026-02-08 12:42:48.967364,Tokyo-a509,0,75,Normal
2026-02-08 12:42:49.967364,Tokyo-a509,41,12,Normal
2026-02-08 12:42:50.967364,Tokyo-a509,-28,67,Normal
2026-02-08 12:42:51.967364,Tokyo-a509,48,18,Normal
2026-02-08 12:42:52.967364,Tokyo-a509,-26,62,Normal
2026-02-08 12:42:53.967364,Tokyo-a509,17,48,Normal
2026-02-08 12:42:54.967364,Tokyo-a509,-28,21,Normal
2026-02-08 12:42:55.967364,Tokyo-a509,12,18,Normal
2026-02-08 12:42:56.967364,Tokyo-a509,9,6,Normal
2026-02-08 12:42:57.967364,Tokyo-a509,18,45,Normal
2026-02-08 12:42:58.967364,Tokyo-a509,38,16,Normal
2026-02-08 12:42:59.967364,Tokyo-a509,-23,74,Normal
2026-02-08 12:43:00.967364,Tokyo-a509,17,71,Normal
2026-02-08 12:43:01.967364,Tokyo-a509,-14,25,Normal
2026-02-08 12:43:02.967364,Tokyo-a509,42,56,Normal
2026-02-08 12:43:03.967364,Tokyo-a509,35,42,Normal
2026-02-08 12:43:04.967364,Tokyo-a509,-15,18,Normal
2026-02-08 12:43:05.967364,Tokyo-a509,50,13,Normal
2026-02-08 12:43:06.967364,Tokyo-a509,-19,41,Normal
2026-02-08 12:43:07.967364,Tokyo-a509,37,55,Normal
2026-02-08 12:43:08.967364,Tokyo-a509,-16,0,Normal
2026-02-08 12:43:09.967364,Tokyo-a509,-24,72,Normal
2026-02-08 12:43:10.967364,Tokyo-a509,-21,61,Normal
2026-02-08 12:43:11.967364,Tokyo-a509,-11,52,Normal
2026-02-08 12:43:12.967364,Tokyo-a509,32,16,Normal
2026-02-08 12:43:13.967364,Tokyo-a509,47,8,Normal
2026-02-08 12:43:14.967364,Tokyo-a509,-12,15,Normal
2026-02-08 12:43:15.967364,Tokyo-a509,36,48,Normal
2026-02-08 12:43:16.967364,Tokyo-a509,30,79,Normal
2026-02-08 12:43:17.967364,Tokyo-a509,34,70,Normal
2026-02-08 12:43:18.967364,Tokyo-a509,6,71,Normal
2026-02-08 12:43:19.967364,Tokyo-a509,-5,88,Normal
2026-02-08 12:43:20.967364,Tokyo-a509,21,33,Normal
2026-02-08 12:43:21.967364,Tokyo-a509,7,65,Normal
2026-02-08 12:43:22.967364,Tokyo-a509,7,74,Normal
2026-02-08 12:43:23.967364,Tokyo-a509,19,5,Normal
2026-02-08 12:43:24.967364,Tokyo-a509,-26,49,Normal
2026-02-08 12:43:25.967364,Tokyo-a509,-5,86,Normal
2026-02-08 12:43:26.967364,Tokyo-a509,42,47,Normal
2026-02-08 12:43:27.967364,Tokyo-a509,-8,31,Normal
2026-02-08 12:43:28.967364,Tokyo-a509,-25,41,Normal
2026-02-08 12:43:29.967364,Tokyo-a509,-14,58,Normal
2026-02-08 12:43:30.967364,Tokyo-a509,34,4,Normal
2026-02-08 12:43:31.967364,Tokyo-a509,-12,72,Normal
2026-02-08 12:43:32.967364,Tokyo-a509,-15,28,Normal
2026-02-08 12:43:33.967364,Tokyo-a509,-13,22,Normal
2026-02-08 12:43:34.967364,Tokyo-a509,-16,70,Normal
2026-02-08 12:43:35.967364,Tokyo-a509,23,0,Normal
2026-02-08 12:43:36.967364,Tokyo-a509,35,80,Normal
2026-02-08 12:43:37.967364,Tokyo-a509,21,100,Normal
2026-02-08 12:43:38.967364,Tokyo-a509,39,0,Normal
2026-02-08 12:43:39.967364,Tokyo-a509,-1,51,Normal
2026-02-08 12:43:40.967364,Tokyo-a509,-26,58,Normal
2026-02-08 12:43:41.967364,Tokyo-a509,-21,13,Normal
2026-02-08 12:43:42.967364,Tokyo-a509,39,36,Normal
2026-02-08 12:43:43.967364,Tokyo-a509,5,19,Normal
2026-02-08 12:43:44.967364,Tokyo-a509,27,63,Normal
2026-02-08 12:43:45.967364,Tokyo-a509,5,49,Normal
2026-02-08 12:43:46.967364,Tokyo-a509,18,4,Normal
2026-02-08 12:43:47.967364,Tokyo-a509,25,99,Normal
2026-02-08 12:43:48.967364,Tokyo-a509,-18,5,Normal
2026-02-08 12:43:49.967364,Tokyo-a509,20,85,Normal
2026-02-08 12:43:50.967364,Tokyo-a509,-16,67,Normal
2026-02-08 12:43:51.967364,Tokyo-a509,-5,76,Normal
2026-02-08 12:43:52.967364,Tokyo-a509,27,41,Normal
2026-02-08 12:43:53.967364,Tokyo-a509,-30,36,Normal
2026-02-08 12:43:54.967364,Tokyo-a509,-27,51,Normal
2026-02-08 12:43:55.967364,Tokyo-a509,50,64,Normal
2026-02-08 12:43:56.967364,Tokyo-a509,30,94,Normal
2026-02-08 12:43:57.967364,Tokyo-a509,21,73,Normal
2026-02-08 12:43:58.967364,Tokyo-a509,-28,90,Normal
2026-02-08 12:43:59.967364,Tokyo-a509,11,31,Normal
2026-02-08 12:44:00.967364,Tokyo-a509,-6,61,Normal
2026-02-08 12:44:01.967364,Tokyo-a509,18,38,Normal
2026-02-08 12:44:02.967364,Tokyo-a509,-28,35,Normal
2026-02-08 12:44:03.967364,Tokyo-a509,9,98,Normal
2026-02-08 12:44:04.967364,Tokyo-a509,36,23,Normal
2026-02-08 12:44:05.967364,Tokyo-a509,-8,96,Normal
2026-02-08 12:44:06.967364,Tokyo-a509,16,28,Normal
2026-02-08 12:44:07.967364,Tokyo-a509,10,28,Normal
2026-02-08 12:44:08.967364,Tokyo-a509,-4,14,Normal
2026-02-08 12:44:09.967364,Tokyo-a509,7,36,Normal
2026-02-08 12:44:10.967364,Tokyo-a509,3,20,Normal
2026-02-08 12:44:11.967364,Tokyo-a509,-29,28,Normal
2026-02-08 12:44:12.967364,Tokyo-a509,-12,56,Normal
2026-02-08 12:44:13.967364,Tokyo-a509,0,1,Normal
2026-02-08 12:44:14.967364,Tokyo-a509,22,5,Normal
2026-02-08 12:44:15.967364,Tokyo-a509,35,89,Normal
2026-02-08 12:44:16.967364,Tokyo-a509,3,35,Normal
2026-02-08 12:44:17.967364,Tokyo-a509,-15,90,Normal
2026-02-08 12:44:18.967364,Tokyo-a509,-7,55,Normal
2026-02-08 12:44:19.967364,Tokyo-a509,-1,81,Normal
2026-02-08 12:44:20.967364,Tokyo-a509,43,89,Normal
2026-02-08 12:44:21.967364,Tokyo-a509,50,98,Normal
2026-02-08 12:44:22.967364,Tokyo-a509,1,5,Normal
2026-02-08 12:44:23.967364,Tokyo-a509,5,67,Normal
2026-02-08 12:44:24.967364,Tokyo-a509,23,86,Normal
2026-02-08 12:44:25.967364,Tokyo-a509,-9,71,Normal
2026-02-08 12:44:26.967364,Tokyo-a509,32,83,Normal
2026-02-08 12:44:27.967364,Tokyo-a509,20,97,Normal
2026-02-08 12:44:28.967364,Tokyo-a509,-29,49,Normal
2026-02-08 12:44:29.967364,Tokyo-a509,49,68,Normal
2026-02-08 12:44:30.967364,Tokyo-a509,-14,64,Normal
2026-02-08 12:44:31.967364,Tokyo-a509,49,28,Normal
2026-02-08 12:44:32.967364,Tokyo-a509,11,46,Normal
2026-02-08 12:44:33.967364,Tokyo-a509,-5,25,Normal
2026-02-08 12:44:34.967364,Tokyo-a509,0,27,Normal
2026-02-08 12:44:35.967364,Tokyo-a509,45,67,Normal
2026-02-08 12:44:36.967364,Tokyo-a509,1,70,Normal
2026-02-08 12:44:37.967364,Tokyo-a509,-27,98,Normal
2026-02-08 12:44:38.967364,Tokyo-a509,23,20,Normal
2026-02-08 12:44:39.967364,Tokyo-a509,38,25,Normal
2026-02-08 12:44:40.967364,Tokyo-a509,-4,7,Normal
2026-02-08 12:44:41.967364,Tokyo-a509,17,21,Normal
2026-02-08 12:44:42.967364,Tokyo-a509,-24,11,Normal
2026-02-08 12:44:43.967364,Tokyo-a509,-14,58,Normal
2026-02-08 12:44:44.967364,Tokyo-a509,-13,4,Normal
2026-02-08 12:44:45.967364,Tokyo-a509,36,42,Normal
2026-02-08 12:44:46.967364,Tokyo-a509,-29,60,Normal
2026-02-08 12:44:47.967364,Tokyo-a509,6,95,Normal
2026-02-08 12:44:48.967364,Tokyo-a509,35,68,Normal
2026-02-08 12:44:49.967364,Tokyo-a509,49,90,Normal
2026-02-08 12:44:50.967364,Tokyo-a509,-14,53,Normal
2026-02-08 12:44:51.967364,Tokyo-a509,10,33,Normal
2026-02-08 12:44:52.967364,Tokyo-a509,-15,71,Normal
2026-02-08 12:44:53.967364,Tokyo-a509,12,31,Normal
2026-02-08 12:44:54.967364,Tokyo-a509,-5,68,Normal
2026-02-08 12:44:55.967364,Tokyo-a509,31,63,Normal
2026-02-08 12:44:56.967364,Tokyo-a509,-24,12,Normal
2026-02-08 12:44:57.967364,Tokyo-a509,33,39,Normal
2026-02-08 12:44:58.967364,Tokyo-a509,-19,84,Normal
2026-02-08 12:44:59.967364,Tokyo-a509,-12,64,Normal
2026-02-08 12:45:00.967364,Tokyo-a509,40,100,Normal
2026-02-08 12:45:01.967364,Tokyo-a509,-3,17,Normal
2026-02-08 12:45:02.967364,Tokyo-a509,-24,27,Normal
2026-02-08 12:45:03.967364,Tokyo-a509,5,90,Normal
2026-02-08 12:45:04.967364,Tokyo-a509,-11,35,Normal
2026-02-08 12:45:05.967364,Tokyo-a509,34,34,Normal
2026-02-08 12:45:06.967364,Tokyo-a509,10,78,Normal
2026-02-08 12:45:07.967364,Tokyo-a509,40,3,Normal
2026-02-08 12:45:08.967364,Tokyo-a509,49,38,Normal
2026-02-08 12:45:09.967364,Tokyo-a509,5,14,Normal
2026-02-08 12:45:10.967364,Tokyo-a509,-20,9,Normal
2026-02-08 12:45:11.967364,Tokyo-a509,-10,17,Normal
2026-02-08 12:45:12.967364,Tokyo-a509,-11,93,Normal
2026-02-08 12:45:13.967364,Tokyo-a509,-12,13,Normal
2026-02-08 12:45:14.967364,Tokyo-a509,-21,28,Normal
2026-02-08 12:45:15.967364,Tokyo-a509,-24,12,Normal
2026-02-08 12:45:16.967364,Tokyo-a509,21,30,Normal
2026-02-08 12:45:17.967364,Tokyo-a509,-22,46,Normal
2026-02-08 12:45:18.967364,Tokyo-a509,15,6,Normal
2026-02-08 12:45:19.967364,Tokyo-a509,-27,88,Normal
2026-02-08 12:45:20.967364,Tokyo-a509,6,12,Normal
2026-02-08 12:45:21.967364,Tokyo-a509,11,83,Normal
2026-02-08 12:45:22.967364,Tokyo-a509,-28,97,Normal
2026-02-08 12:45:23.967364,Tokyo-a509,50,48,Normal
2026-02-08 12:45:24.967364,Tokyo-a509,50,72,Normal
2026-02-08 12:45:25.967364,Tokyo-a509,-25,11,Normal
2026-02-08 12:45:26.967364,Tokyo-a509,-7,99,Normal
2026-02-08 12:45:27.967364,Tokyo-a509,-9,50,Normal
2026-02-08 12:45:28.967364,Tokyo-a509,-26,73,Normal
2026-02-08 12:45:29.967364,Tokyo-a509,-8,71,Normal
2026-02-08 12:45:30.967364,Tokyo-a509,47,50,Normal
2026-02-08 12:45:31.967364,Tokyo-a509,31,93,Normal
2026-02-08 12:45:32.967364,Tokyo-a509,9,44,Normal
2026-02-08 12:45:33.967364,Tokyo-a509,7,99,Normal
2026-02-08 12:45:34.967364,Tokyo-a509,-11,4,Normal
2026-02-08 12:45:35.967364,Tokyo-a509,-5,44,Normal
2026-02-08 12:45:36.967364,Tokyo-a509,43,39,Normal
2026-02-08 12:45:37.967364,Tokyo-a509,-19,29,Normal
2026-02-08 12:45:38.967364,Tokyo-a509,-2,53,Normal
2026-02-08 12:45:39.967364,Tokyo-a509,30,52,Normal
2026-02-08 12:45:40.967364,Tokyo-a509,22,88,Normal
2026-02-08 12:45:41.967364,Tokyo-a509,16,15,Normal
2026-02-08 12:45:42.967364,Tokyo-a509,17,89,Normal
2026-02-08 12:45:43.967364,Tokyo-a509,39,57,Normal
2026-02-08 12:45:44.967364,Tokyo-a509,23,1,Normal
2026-02-08 12:45:45.967364,Tokyo-a509,-1,23,Normal
2026-02-08 12:45:46.967364,Tokyo-a509,45,32,Normal
2026-02-08 12:45:47.967364,Tokyo-a509,37,50,Normal
2026-02-08 12:45:48.967364,Tokyo-a509,-1,98,Normal
2026-02-08 12:45:49.967364,Tokyo-a509,12,6,Normal
2026-02-08 12:45:50.967364,Tokyo-a509,34,85,Normal
2026-02-08 12:45:51.967364,Tokyo-a509,5,58,Normal
2026-02-08 12:45:52.967364,Tokyo-a509,29,58,Normal
2026-02-08 12:45:53.967364,Tokyo-a509,7,30,Normal
2026-02-08 12:45:54.967364,Tokyo-a509,24,99,Normal
2026-02-08 12:45:55.967364,Tokyo-a509,10,6,Normal
2026-02-08 12:45:56.967364,Tokyo-a509,8,46,Normal
2026-02-08 12:45:57.967364,Tokyo-a509,16,46,Normal
2026-02-08 12:45:58.967364,Tokyo-a509,-20,50,Normal
2026-02-08 12:45:59.967364,Tokyo-a509,21,20,Normal
2026-02-08 12:46:00.967364,Tokyo-a509,6,4,Normal
2026-02-08 12:46:01.967364,Tokyo-a509,-21,78,Normal
2026-02-08 12:46:02.967364,Tokyo-a509,41,48,Normal
2026-02-08 12:46:03.967364,Tokyo-a509,2,85,Normal
2026-02-08 12:46:04.967364,Tokyo-a509,6,48,Normal
2026-02-08 12:46:05.967364,Tokyo-a509,41,69,Normal
2026-02-08 12:46:06.967364,Tokyo-a509,40,14,Normal
2026-02-08 12:46:07.967364,Tokyo-a509,22,27,Normal
2026-02-08 12:46:08.967364,Tokyo-a509,35,80,Normal
2026-02-08 12:46:09.967364,Tokyo-a509,48,100,Normal
2026-02-08 12:46:10.967364,Tokyo-a509,-16,8,Normal
2026-02-08 12:46:11.967364,Tokyo-a509,-7,41,Normal
2026-02-08 12:46:12.967364,Tokyo-a509,-14,36,Normal
2026-02-08 12:46:13.967364,Tokyo-a509,37,76,Normal
2026-02-08 12:46:14.967364,Tokyo-a509,-4,31,Normal
2026-02-08 12:46:15.967364,Tokyo-a509,35,35,Normal
2026-02-08 12:46:16.967364,Tokyo-a509,-16,10,Normal
2026-02-08 12:46:17.967364,Tokyo-a509,8,93,Normal
2026-02-08 12:46:18.967364,Tokyo-a509,38,47,Normal
2026-02-08 12:46:19.967364,Tokyo-a509,35,42,Normal
2026-02-08 12:46:20.967364,Tokyo-a509,-10,37,Normal
2026-02-08 12:46:21.967364,Tokyo-a509,-13,7,Normal
2026-02-08 12:46:22.967364,Tokyo-a509,25,21,Normal
2026-02-08 12:46:23.967364,Tokyo-a509,-4,51,Normal
2026-02-08 12:46:24.967364,Tokyo-a509,-23,4,Normal
2026-02-08 12:46:25.967364,Tokyo-a509,-2,73,Normal
2026-02-08 12:46:26.967364,Tokyo-a509,31,59,Normal
2026-02-08 12:46:27.967364,Tokyo-a509,43,17,Normal
2026-02-08 12:46:28.967364,Tokyo-a509,38,59,Normal
2026-02-08 12:46:29.967364,Tokyo-a509,-27,28,Normal
2026-02-08 12:46:30.967364,Tokyo-a509,5,17,Normal
2026-02-08 12:46:31.967364,Tokyo-a509,-20,57,Normal
2026-02-08 12:46:32.967364,Tokyo-a509,29,67,Normal
2026-02-08 12:46:33.967364,Tokyo-a509,10,28,Normal
2026-02-08 12:46:34.967364,Tokyo-a509,-11,77,Normal
2026-02-08 12:46:35.967364,Tokyo-a509,-27,25,Normal
2026-02-08 12:46:36.967364,Tokyo-a509,-7,53,Normal
2026-02-08 12:46:37.967364,Tokyo-a509,-26,6,Normal
2026-02-08 12:46:38.967364,Tokyo-a509,-12,72,Normal
2026-02-08 12:46:39.967364,Tokyo-a509,-21,32,Normal
2026-02-08 12:46:40.967364,Tokyo-a509,35,41,Normal
2026-02-08 12:46:41.967364,Tokyo-a509,-23,21,Normal
2026-02-08 12:46:42.967364,Tokyo-a509,5,27,Normal
2026-02-08 12:46:43.967364,Tokyo-a509,37,98,Normal
2026-02-08 12:46:44.967364,Tokyo-a509,-21,13,Normal
2026-02-08 12:46:45.967364,Tokyo-a509,36,25,Normal
2026-02-08 12:46:46.967364,Tokyo-a509,50,97,Normal
2026-02-08 12:46:47.967364,Tokyo-a509,-26,22,Normal
2026-02-08 12:46:48.967364,Tokyo-a509,-2,17,Normal
2026-02-08 12:46:49.967364,Tokyo-a509,37,49,Normal
2026-02-08 12:46:50.967364,Tokyo-a509,5,47,Normal
2026-02-08 12:46:51.967364,Tokyo-a509,24,22,Normal
2026-02-08 12:46:52.967364,Tokyo-a509,45,61,Normal
2026-02-08 12:46:53.967364,Tokyo-a509,-14,71,Normal
2026-02-08 12:46:54.967364,Tokyo-a509,30,41,Normal
2026-02-08 12:46:55.967364,Tokyo-a509,-6,89,Normal
2026-02-08 12:46:56.967364,Tokyo-a509,-25,35,Normal
2026-02-08 12:46:57.967364,Tokyo-a509,49,36,Normal
2026-02-08 12:46:58.967364,Tokyo-a509,21,74,Normal
2026-02-08 12:46:59.967364,Tokyo-a509,-13,94,Normal
2026-02-08 12:47:00.967364,Tokyo-a509,-1,69,Normal
2026-02-08 12:47:01.967364,Tokyo-a509,14,65,Normal
2026-02-08 12:47:02.967364,Tokyo-a509,12,49,Normal
2026-02-08 12:47:03.967364,Tokyo-a509,-26,16,Normal
2026-02-08 12:47:04.967364,Tokyo-a509,39,25,Normal
2026-02-08 12:47:05.967364,Tokyo-a509,0,24,Normal
2026-02-08 12:47:06.967364,Tokyo-a509,12,46,Normal
2026-02-08 12:47:07.967364,Tokyo-a509,49,53,Normal
2026-02-08 12:47:08.967364,Tokyo-a509,-13,97,Normal
2026-02-08 12:47:09.967364,Tokyo-a509,-27,97,Normal
2026-02-08 12:47:10.967364,Tokyo-a509,-8,24,Normal
2026-02-08 12:47:11.967364,Tokyo-a509,32,4,Normal
2026-02-08 12:47:12.967364,Tokyo-a509,-1,53,Normal
2026-02-08 12:47:13.967364,Tokyo-a509,13,40,Normal
2026-02-08 12:47:14.967364,Tokyo-a509,15,14,Normal
2026-02-08 12:47:15.967364,Tokyo-a509,-20,41,Normal
2026-02-08 12:47:16.967364,Tokyo-a509,48,40,Normal
2026-02-08 12:47:17.967364,Tokyo-a509,11,97,Normal
2026-02-08 12:47:18.967364,Tokyo-a509,-6,42,Normal
2026-02-08 12:47:19.967364,Tokyo-a509,-1,60,Normal
2026-02-08 12:47:20.967364,Tokyo-a509,-13,59,Normal
2026-02-08 12:47:21.967364,Tokyo-a509,41,52,Normal
2026-02-08 12:47:22.967364,Tokyo-a509,15,12,Normal
2026-02-08 12:47:23.967364,Tokyo-a509,44,30,Normal
2026-02-08 12:47:24.967364,Tokyo-a509,-11,5,Normal
2026-02-08 12:47:25.967364,Tokyo-a509,-20,75,Normal
2026-02-08 12:47:26.967364,Tokyo-a509,9,97,Normal
2026-02-08 12:47:27.967364,Tokyo-a509,29,33,Normal
2026-02-08 12:47:28.967364,Tokyo-a509,6,53,Normal
2026-02-08 12:47:29.967364,Tokyo-a509,1,70,Normal
2026-02-08 12:47:30.967364,Tokyo-a509,2,88,Normal
2026-02-08 12:47:31.967364,Tokyo-a509,14,89,Normal
2026-02-08 12:47:32.967364,Tokyo-a509,33,45,Normal
2026-02-08 12:47:33.967364,Tokyo-a509,7,35,Normal
2026-02-08 12:47:34.967364,Tokyo-a509,-30,96,Normal
2026-02-08 12:47:35.967364,Tokyo-a509,45,38,Normal
2026-02-08 12:47:36.967364,Tokyo-a509,26,68,Normal
2026-02-08 12:47:37.967364,Tokyo-a509,14,94,Normal
2026-02-08 12:47:38.967364,Tokyo-a509,25,9,Normal
2026-02-08 12:47:39.967364,Tokyo-a509,-20,87,Normal
2026-02-08 12:47:40.967364,Tokyo-a509,-7,91,Normal
2026-02-08 12:47:41.967364,Tokyo-a509,21,30,Normal
2026-02-08 12:47:42.967364,Tokyo-a509,15,1,Normal
2026-02-08 12:47:43.967364,Tokyo-a509,43,41,Normal
2026-02-08 12:47:44.967364,Tokyo-a509,31,77,Normal
2026-02-08 12:47:45.967364,Tokyo-a509,11,87,Normal
2026-02-08 12:47:46.967364,Tokyo-a509,31,72,Normal
2026-02-08 12:47:47.967364,Tokyo-a509,-15,19,Normal
2026-02-08 12:47:48.967364,Tokyo-a509,27,77,Normal
2026-02-08 12:47:49.967364,Tokyo-a509,2,41,Normal
2026-02-08 12:47:50.967364,Tokyo-a509,1,81,Normal
2026-02-08 12:47:51.967364,Tokyo-a509,-12,26,Normal
2026-02-08 12:47:52.967364,Tokyo-a509,-30,29,Normal
2026-02-08 12:47:53.967364,Tokyo-a509,48,52,Normal
2026-02-08 12:47:54.967364,Tokyo-a509,42,92,Normal
2026-02-08 12:47:55.967364,Tokyo-a509,7,86,Normal
2026-02-08 12:47:56.967364,Tokyo-a509,42,67,Normal
2026-02-08 12:47:57.967364,Tokyo-a509,-16,50,Normal
2026-02-08 12:47:58.967364,Tokyo-a509,14,81,Normal
2026-02-08 12:47:59.967364,Tokyo-a509,37,45,Normal
2026-02-08 12:48:00.967364,Tokyo-a509,-26,37,Normal
2026-02-08 12:48:01.967364,Tokyo-a509,17,5,Normal
2026-02-08 12:48:02.967364,Tokyo-a509,18,45,Normal
2026-02-08 12:48:03.967364,Tokyo-a509,-15,80,Normal
2026-02-08 12:48:04.967364,Tokyo-a509,-30,81,Normal
2026-02-08 12:48:05.967364,Tokyo-a509,-28,38,Normal
2026-02-08 12:48:06.967364,Tokyo-a509,36,56,Normal
2026-02-08 12:48:07.967364,Tokyo-a509,-5,16,Normal
2026-02-08 12:48:08.967364,Tokyo-a509,20,92,Normal
2026-02-08 12:48:09.967364,Tokyo-a509,-19,63,Normal
2026-02-08 12:48:10.967364,Tokyo-a509,-1,12,Normal
2026-02-08 12:48:11.967364,Tokyo-a509,9,49,Normal
2026-02-08 12:48:12.967364,Tokyo-a509,38,58,Normal
2026-02-08 12:48:13.967364,Tokyo-a509,2,56,Normal
2026-02-08 12:48:14.967364,Tokyo-a509,23,53,Normal
2026-02-08 12:48:15.967364,Tokyo-a509,-28,59,Normal
2026-02-08 12:48:16.967364,Tokyo-a509,-19,36,Normal
2026-02-08 12:48:17.967364,Tokyo-a509,5,98,Normal
2026-02-08 12:48:18.967364,Tokyo-a509,-11,47,Normal
2026-02-08 12:48:19.967364,Tokyo-a509,5,70,Normal
2026-02-08 12:48:20.967364,Tokyo-a509,33,76,Normal
2026-02-08 12:48:21.967364,Tokyo-a509,10,38,Normal
2026-02-08 12:48:22.967364,Tokyo-a509,-22,95,Normal
2026-02-08 12:48:23.967364,Tokyo-a509,27,68,Normal
2026-02-08 12:48:24.967364,Tokyo-a509,-23,5,Normal
2026-02-08 12:48:25.967364,Tokyo-a509,43,97,Normal
2026-02-08 12:48:26.967364,Tokyo-a509,5,24,Normal
2026-02-08 12:48:27.967364,Tokyo-a509,43,92,Normal
2026-02-08 12:48:28.967364,Tokyo-a509,42,19,Normal
2026-02-08 12:48:29.967364,Tokyo-a509,9,64,Normal
2026-02-08 12:48:30.967364,Tokyo-a509,49,66,Normal
2026-02-08 12:48:31.967364,Tokyo-a509,-23,35,Normal
2026-02-08 12:48:32.967364,Tokyo-a509,48,69,Normal
2026-02-08 12:48:33.967364,Tokyo-a509,-20,12,Normal
2026-02-08 12:48:34.967364,Tokyo-a509,16,71,Normal
2026-02-08 12:48:35.967364,Tokyo-a509,-19,42,Normal
2026-02-08 12:48:36.967364,Tokyo-a509,29,35,Normal
2026-02-08 12:48:37.967364,Tokyo-a509,-14,29,Normal
2026-02-08 12:48:38.967364,Tokyo-a509,8,25,Normal
2026-02-08 12:48:39.967364,Tokyo-a509,39,20,Normal
2026-02-08 12:48:40.967364,Tokyo-a509,40,36,Normal
2026-02-08 12:48:41.967364,Tokyo-a509,26,31,Normal
2026-02-08 12:48:42.967364,Tokyo-a509,0,52,Normal
2026-02-08 12:48:43.967364,Tokyo-a509,-8,81,Normal
2026-02-08 12:48:44.967364,Tokyo-a509,-10,95,Normal
2026-02-08 12:48:45.967364,Tokyo-a509,26,29,Normal
2026-02-08 12:48:46.967364,Tokyo-a509,-22,25,Normal
2026-02-08 12:48:47.967364,Tokyo-a509,-28,38,Normal
2026-02-08 12:48:48.967364,Tokyo-a509,-7,61,Normal
2026-02-08 12:48:49.967364,Tokyo-a509,9,60,Normal
2026-02-08 12:48:50.967364,Tokyo-a509,-9,10,Normal
2026-02-08 12:48:51.967364,Tokyo-a509,26,93,Normal
2026-02-08 12:48:52.967364,Tokyo-a509,-29,5,Normal
2026-02-08 12:48:53.967364,Tokyo-a509,22,48,Normal
2026-02-08 12:48:54.967364,Tokyo-a509,26,93,Normal
2026-02-08 12:48:55.967364,Tokyo-a509,22,59,Normal
2026-02-08 12:48:56.967364,Tokyo-a509,26,99,Normal
2026-02-08 12:48:57.967364,Tokyo-a509,20,80,Normal
2026-02-08 12:48:58.967364,Tokyo-a509,46,5,Normal
2026-02-08 12:48:59.967364,Tokyo-a509,-25,50,Normal
2026-02-08 12:49:00.967364,Tokyo-a509,-5,58,Normal
2026-02-08 12:49:01.967364,Tokyo-a509,-1,40,Normal
2026-02-08 12:49:02.967364,Tokyo-a509,-16,20,Normal
2026-02-08 12:49:03.967364,Tokyo-a509,50,51,Normal
2026-02-08 12:49:04.967364,Tokyo-a509,-9,60,Normal
2026-02-08 12:49:05.967364,Tokyo-a509,49,67,Normal
2026-02-08 12:49:06.967364,Tokyo-a509,-25,99,Normal
2026-02-08 12:49:07.967364,Tokyo-a509,-17,66,Normal
2026-02-08 12:49:08.967364,Tokyo-a509,43,2,Normal
2026-02-08 12:49:09.967364,Tokyo-a509,-21,96,Normal
2026-02-08 12:49:10.967364,Tokyo-a509,37,41,Normal
2026-02-08 12:49:11.967364,Tokyo-a509,-12,50,Normal
2026-02-08 12:49:12.967364,Tokyo-a509,9,69,Normal
2026-02-08 12:49:13.967364,Tokyo-a509,-1,96,Normal
2026-02-08 12:49:14.967364,Tokyo-a509,49,78,Normal
2026-02-08 12:49:15.967364,Tokyo-a509,49,34,Normal
2026-02-08 12:49:16.967364,Tokyo-a509,27,41,Normal
2026-02-08 12:49:17.967364,Tokyo-a509,20,39,Normal
2026-02-08 12:49:18.967364,Tokyo-a509,32,94,Normal
2026-02-08 12:49:19.967364,Tokyo-a509,-12,71,Normal
2026-02-08 12:49:20.967364,Tokyo-a509,45,46,Normal
2026-02-08 12:49:21.967364,Tokyo-a509,23,21,Normal
2026-02-08 12:49:22.967364,Tokyo-a509,-24,39,Normal
2026-02-08 12:49:23.967364,Tokyo-a509,37,25,Normal
2026-02-08 12:49:24.967364,Tokyo-a509,23,98,Normal
2026-02-08 12:49:25.967364,Tokyo-a509,41,2,Normal
2026-02-08 12:49:26.967364,Tokyo-a509,7,73,Normal
2026-02-08 12:49:27.967364,Tokyo-a509,25,19,Normal
2026-02-08 12:49:28.967364,Tokyo-a509,-28,15,Normal
2026-02-08 12:49:29.967364,Tokyo-a509,-17,41,Normal
2026-02-08 12:49:30.967364,Tokyo-a509,-13,37,Normal
2026-02-08 12:49:31.967364,Tokyo-a509,6,58,Normal
2026-02-08 12:49:32.967364,Tokyo-a509,7,58,Normal
2026-02-08 12:49:33.967364,Tokyo-a509,5,81,Normal
2026-02-08 12:49:34.967364,Tokyo-a509,3,21,Normal
2026-02-08 12:49:35.967364,Tokyo-a509,43,76,Normal
2026-02-08 12:49:36.967364,Tokyo-a509,43,65,Normal
2026-02-08 12:49:37.967364,Tokyo-a509,-13,35,Normal
2026-02-08 12:49:38.967364,Tokyo-a509,30,97,Normal
2026-02-08 12:49:39.967364,Tokyo-a509,50,71,Normal
2026-02-08 12:49:40.967364,Tokyo-a509,-5,59,Normal
2026-02-08 12:49:41.967364,Tokyo-a509,13,16,Normal
2026-02-08 12:49:42.967364,Tokyo-a509,9,2,Normal
2026-02-08 12:49:43.967364,Tokyo-a509,-27,25,Normal
2026-02-08 12:49:44.967364,Tokyo-a509,36,34,Normal
2026-02-08 12:49:45.967364,Tokyo-a509,32,13,Normal
2026-02-08 12:49:46.967364,Tokyo-a509,22,76,Normal
2026-02-08 12:49:47.967364,Tokyo-a509,14,4,Normal
2026-02-08 12:49:48.967364,Tokyo-a509,48,53,Normal
2026-02-08 12:49:49.967364,Tokyo-a509,-23,23,Normal
2026-02-08 12:49:50.967364,Tokyo-a509,43,17,Normal
2026-02-08 12:49:51.967364,Tokyo-a509,19,94,Normal
2026-02-08 12:49:52.967364,Tokyo-a509,-9,72,Normal
2026-02-08 12:49:53.967364,Tokyo-a509,-24,61,Normal
2026-02-08 12:49:54.967364,Tokyo-a509,47,75,Normal
2026-02-08 12:49:55.967364,Tokyo-a509,-26,57,Normal
2026-02-08 12:49:56.967364,Tokyo-a509,-6,51,Normal
2026-02-08 12:49:57.967364,Tokyo-a509,41,57,Normal
2026-02-08 12:49:58.967364,Tokyo-a509,20,16,Normal
2026-02-08 12:49:59.967364,Tokyo-a509,-30,37,Normal
2026-02-08 12:50:00.967364,Tokyo-a509,-17,0,Normal
2026-02-08 12:50:01.967364,Tokyo-a509,37,14,Normal
2026-02-08 12:50:02.967364,Tokyo-a509,-28,91,Normal
2026-02-08 12:50:03.967364,Tokyo-a509,50,53,Normal
2026-02-08 12:50:04.967364,Tokyo-a509,-7,56,Normal
2026-02-08 12:50:05.967364,Tokyo-a509,9,54,Normal
2026-02-08 12:50:06.967364,Tokyo-a509,-17,14,Normal
2026-02-08 12:50:07.967364,Tokyo-a509,-5,65,Normal
2026-02-08 12:50:08.967364,Tokyo-a509,43,44,Normal
2026-02-08 12:50:09.967364,Tokyo-a509,22,96,Normal
2026-02-08 12:50:10.967364,Tokyo-a509,25,7,Normal
2026-02-08 12:50:11.967364,Tokyo-a509,23,34,Normal
2026-02-08 12:50:12.967364,Tokyo-a509,-19,6,Normal
2026-02-08 12:50:13.967364,Tokyo-a509,24,27,Normal
2026-02-08 12:50:14.967364,Tokyo-a509,29,41,Normal
2026-02-08 12:50:15.967364,Tokyo-a509,-18,49,Normal
2026-02-08 12:50:16.967364,Tokyo-a509,2,14,Normal
2026-02-08 12:50:17.967364,Tokyo-a509,1,93,Normal
2026-02-08 12:50:18.967364,Tokyo-a509,-20,81,Normal
2026-02-08 12:50:19.967364,Tokyo-a509,-10,0,Normal
2026-02-08 12:50:20.967364,Tokyo-a509,16,66,Normal
2026-02-08 12:50:21.967364,Tokyo-a509,36,23,Normal
2026-02-08 12:50:22.967364,Tokyo-a509,-24,22,Normal
2026-02-08 12:50:23.967364,Tokyo-a509,42,70,Normal
2026-02-08 12:50:24.967364,Tokyo-a509,43,88,Normal
2026-02-08 12:50:25.967364,Tokyo-a509,42,16,Normal
2026-02-08 12:50:26.967364,Tokyo-a509,45,25,Normal
2026-02-08 12:50:27.967364,Tokyo-a509,9,76,Normal
2026-02-08 12:50:28.967364,Tokyo-a509,-22,35,Normal
2026-02-08 12:50:29.967364,Tokyo-a509,26,92,Normal
2026-02-08 12:50:30.967364,Tokyo-a509,30,97,Normal
2026-02-08 12:50:31.967364,Tokyo-a509,9,27,Normal
2026-02-08 12:50:32.967364,Tokyo-a509,25,61,Normal
2026-02-08 12:50:33.967364,Tokyo-a509,-1,8,Normal
2026-02-08 12:50:34.967364,Tokyo-a509,-6,84,Normal
2026-02-08 12:50:35.967364,Tokyo-a509,40,39,Normal
2026-02-08 12:50:36.967364,Tokyo-a509,22,43,Normal
2026-02-08 12:50:37.967364,Tokyo-a509,-8,100,Normal
2026-02-08 12:50:38.967364,Tokyo-a509,-27,83,Normal
2026-02-08 12:50:39.967364,Tokyo-a509,-24,48,Normal
2026-02-08 12:50:40.967364,Tokyo-a509,44,49,Normal
2026-02-08 12:50:41.967364,Tokyo-a509,46,32,Normal
2026-02-08 12:50:42.967364,Tokyo-a509,0,79,Normal
2026-02-08 12:50:43.967364,Tokyo-a509,18,27,Normal
2026-02-08 12:50:44.967364,Tokyo-a509,-19,22,Normal
2026-02-08 12:50:45.967364,Tokyo-a509,12,65,Normal
2026-02-08 12:50:46.967364,Tokyo-a509,-21,96,Normal
2026-02-08 12:50:47.967364,Tokyo-a509,-21,34,Normal
2026-02-08 12:50:48.967364,Tokyo-a509,-22,67,Normal
2026-02-08 12:50:49.967364,Tokyo-a509,17,58,Normal
2026-02-08 12:50:50.967364,Tokyo-a509,0,83,Normal
2026-02-08 12:50:51.967364,Tokyo-a509,-20,75,Normal
2026-02-08 12:50:52.967364,Tokyo-a509,16,34,Normal
2026-02-08 12:50:53.967364,Tokyo-a509,10,66,Normal
2026-02-08 12:50:54.967364,Tokyo-a509,-30,93,Normal
2026-02-08 12:50:55.967364,Tokyo-a509,38,32,Normal
2026-02-08 12:50:56.967364,Tokyo-a509,10,43,Normal
2026-02-08 12:50:57.967364,Tokyo-a509,13,0,Normal
2026-02-08 12:50:58.967364,Tokyo-a509,49,44,Normal
2026-02-08 12:50:59.967364,Tokyo-a509,1,68,Normal
2026-02-08 12:51:00.967364,Tokyo-a509,2,2,Normal
2026-02-08 12:51:01.967364,Tokyo-a509,31,4,Normal
2026-02-08 12:51:02.967364,Tokyo-a509,49,4,Normal
2026-02-08 12:51:03.967364,Tokyo-a509,33,48,Normal
2026-02-08 12:51:04.967364,Tokyo-a509,33,100,Normal
2026-02-08 12:51:05.967364,Tokyo-a509,16,12,Normal
2026-02-08 12:51:06.967364,Tokyo-a509,22,30,Normal
2026-02-08 12:51:07.967364,Tokyo-a509,15,23,Normal
2026-02-08 12:51:08.967364,Tokyo-a509,-7,75,Normal
2026-02-08 12:51:09.967364,Tokyo-a509,-12,59,Normal
2026-02-08 12:51:10.967364,Tokyo-a509,37,50,Normal
2026-02-08 12:51:11.967364,Tokyo-a509,38,14,Normal
2026-02-08 12:51:12.967364,Tokyo-a509,22,61,Normal
2026-02-08 12:51:13.967364,Tokyo-a509,49,0,Normal
2026-02-08 12:51:14.967364,Tokyo-a509,-23,83,Normal
2026-02-08 12:51:15.967364,Tokyo-a509,13,24,Normal
2026-02-08 12:51:16.967364,Tokyo-a509,50,0,Normal
2026-02-08 12:51:17.967364,Tokyo-a509,36,90,Normal
2026-02-08 12:51:18.967364,Tokyo-a509,33,33,Normal
2026-02-08 12:51:19.967364,Tokyo-a509,-17,93,Normal
2026-02-08 12:51:20.967364,Tokyo-a509,46,91,Normal
2026-02-08 12:51:21.967364,Tokyo-a509,-11,80,Normal
2026-02-08 12:51:22.967364,Tokyo-a509,18,20,Normal
2026-02-08 12:51:23.967364,Tokyo-a509,-19,7,Normal
2026-02-08 12:51:24.967364,Tokyo-a509,-20,68,Normal
2026-02-08 12:51:25.967364,Tokyo-a509,37,62,Normal
2026-02-08 12:51:26.967364,Tokyo-a509,43,31,Normal
2026-02-08 12:51:27.967364,Tokyo-a509,19,7,Normal
2026-02-08 12:51:28.967364,Tokyo-a509,-18,34,Normal
2026-02-08 12:51:29.967364,Tokyo-a509,40,64,Normal
2026-02-08 12:51:30.967364,Tokyo-a509,24,58,Normal
2026-02-08 12:51:31.967364,Tokyo-a509,1,59,Normal
2026-02-08 12:51:32.967364,Tokyo-a509,12,38,Normal
2026-02-08 12:51:33.967364,Tokyo-a509,42,9,Normal
2026-02-08 12:51:34.967364,Tokyo-a509,4,11,Normal
2026-02-08 12:51:35.967364,Tokyo-a509,24,55,Normal
2026-02-08 12:51:36.967364,Tokyo-a509,-29,92,Normal
2026-02-08 12:51:37.967364,Tokyo-a509,3,55,Normal
2026-02-08 12:51:38.967364,Tokyo-a509,-4,44,Normal
2026-02-08 12:51:39.967364,Tokyo-a509,-3,44,Normal
2026-02-08 12:51:40.967364,Tokyo-a509,14,62,Normal
2026-02-08 12:51:41.967364,Tokyo-a509,21,59,Normal
2026-02-08 12:51:42.967364,Tokyo-a509,34,63,Normal
2026-02-08 12:51:43.967364,Tokyo-a509,-16,76,Normal
2026-02-08 12:51:44.967364,Tokyo-a509,41,34,Normal
2026-02-08 12:51:45.967364,Tokyo-a509,-17,100,Normal
2026-02-08 12:51:46.967364,Tokyo-a509,14,10,Normal
2026-02-08 12:51:47.967364,Tokyo-a509,17,30,Normal
2026-02-08 12:51:48.967364,Tokyo-a509,-3,68,Normal
2026-02-08 12:51:49.967364,Tokyo-a509,46,45,Normal
2026-02-08 12:51:50.967364,Tokyo-a509,9,81,Normal
2026-02-08 12:51:51.967364,Tokyo-a509,-10,33,Normal
2026-02-08 12:51:52.967364,Tokyo-a509,19,9,Normal
2026-02-08 12:51:53.967364,Tokyo-a509,25,24,Normal
2026-02-08 12:51:54.967364,Tokyo-a509,-18,35,Normal
2026-02-08 12:51:55.967364,Tokyo-a509,7,38,Normal
2026-02-08 12:51:56.967364,Tokyo-a509,2,78,Normal
2026-02-08 12:51:57.967364,Tokyo-a509,16,62,Normal
2026-02-08 12:51:58.967364,Tokyo-a509,16,82,Normal
2026-02-08 12:51:59.967364,Tokyo-a509,0,61,Normal
2026-02-08 12:52:00.967364,Tokyo-a509,38,7,Normal
2026-02-08 12:52:01.967364,Tokyo-a509,50,55,Normal
2026-02-08 12:52:02.967364,Tokyo-a509,-17,6,Normal
2026-02-08 12:52:03.967364,Tokyo-a509,43,32,Normal
2026-02-08 12:52:04.967364,Tokyo-a509,-27,38,Normal
2026-02-08 12:52:05.967364,Tokyo-a509,47,26,Normal
2026-02-08 12:52:06.967364,Tokyo-a509,-1,16,Normal
2026-02-08 12:52:07.967364,Tokyo-a509,7,13,Normal
2026-02-08 12:52:08.967364,Tokyo-a509,-2,17,Normal
2026-02-08 12:52:09.967364,Tokyo-a509,13,73,Normal
2026-02-08 12:52:10.967364,Tokyo-a509,-10,17,Normal
2026-02-08 12:52:11.967364,Tokyo-a509,44,15,Normal
2026-02-08 12:52:12.967364,Tokyo-a509,-2,9,Normal
2026-02-08 12:52:13.967364,Tokyo-a509,-11,84,Normal
2026-02-08 12:52:14.967364,Tokyo-a509,48,64,Normal
2026-02-08 12:52:15.967364,Tokyo-a509,-20,39,Normal
2026-02-08 12:52:16.967364,Tokyo-a509,-12,35,Normal
2026-02-08 12:52:17.967364,Tokyo-a509,37,55,Normal
2026-02-08 12:52:18.967364,Tokyo-a509,30,100,Normal
2026-02-08 12:52:19.967364,Tokyo-a509,34,32,Normal
2026-02-08 12:52:20.967364,Tokyo-a509,32,82,Normal
2026-02-08 12:52:21.967364,Tokyo-a509,-22,18,Normal
2026-02-08 12:52:22.967364,Tokyo-a509,11,52,Normal
2026-02-08 12:52:23.967364,Tokyo-a509,-26,44,Normal
2026-02-08 12:52:24.967364,Tokyo-a509,44,37,Normal
2026-02-08 12:52:25.967364,Tokyo-a509,24,99,Normal
2026-02-08 12:52:26.967364,Tokyo-a509,8,89,Normal
2026-02-08 12:52:27.967364,Tokyo-a509,30,89,Normal
2026-02-08 12:52:28.967364,Tokyo-a509,40,3,Normal
2026-02-08 12:52:29.967364,Tokyo-a509,-27,81,Normal
2026-02-08 12:52:30.967364,Tokyo-a509,0,29,Normal
2026-02-08 12:52:31.967364,Tokyo-a509,-17,10,Normal
2026-02-08 12:52:32.967364,Tokyo-a509,23,99,Normal
2026-02-08 12:52:33.967364,Tokyo-a509,25,42,Normal
2026-02-08 12:52:34.967364,Tokyo-a509,-12,42,Normal
2026-02-08 12:52:35.967364,Tokyo-a509,15,22,Normal
2026-02-08 12:52:36.967364,Tokyo-a509,15,17,Normal
2026-02-08 12:52:37.967364,Tokyo-a509,38,22,Normal
2026-02-08 12:52:38.967364,Tokyo-a509,-19,30,Normal
2026-02-08 12:52:39.967364,Tokyo-a509,-2,54,Normal
2026-02-08 12:52:40.967364,Tokyo-a509,29,32,Normal
2026-02-08 12:52:41.967364,Tokyo-a509,29,15,Normal
2026-02-08 12:52:42.967364,Tokyo-a509,40,100,Normal
2026-02-08 12:52:43.967364,Tokyo-a509,-23,4,Normal
2026-02-08 12:52:44.967364,Tokyo-a509,18,30,Normal
2026-02-08 12:52:45.967364,Tokyo-a509,40,96,Normal
2026-02-08 12:52:46.967364,Tokyo-a509,27,57,Normal
2026-02-08 12:52:47.967364,Tokyo-a509,45,69,Normal
2026-02-08 12:52:48.967364,Tokyo-a509,-1,44,Normal
2026-02-08 12:52:49.967364,Tokyo-a509,12,33,Normal
2026-02-08 12:52:50.967364,Tokyo-a509,-11,22,Normal
2026-02-08 12:52:51.967364,Tokyo-a509,-5,45,Normal
2026-02-08 12:52:52.967364,Tokyo-a509,-9,4,Normal
2026-02-08 12:52:53.967364,Tokyo-a509,2,77,Normal
2026-02-08 12:52:54.967364,Tokyo-a509,35,4,Normal
2026-02-08 12:52:55.967364,Tokyo-a509,-17,100,Normal
2026-02-08 12:52:56.967364,Tokyo-a509,40,86,Normal
2026-02-08 12:52:57.967364,Tokyo-a509,-7,16,Normal
2026-02-08 12:52:58.967364,Tokyo-a509,31,15,Normal
2026-02-08 12:52:59.967364,Tokyo-a509,-16,53,Normal
2026-02-08 12:53:00.967364,Tokyo-a509,44,94,Normal
2026-02-08 12:53:01.967364,Tokyo-a509,-10,5,Normal
2026-02-08 12:53:02.967364,Tokyo-a509,10,0,Normal
2026-02-08 12:53:03.967364,Tokyo-a509,-7,73,Normal
2026-02-08 12:53:04.967364,Tokyo-a509,-30,69,Normal
2026-02-08 12:53:05.967364,Tokyo-a509,26,68,Normal
2026-02-08 12:53:06.967364,Tokyo-a509,12,93,Normal
2026-02-08 12:53:07.967364,Tokyo-a509,5,89,Normal
2026-02-08 12:53:08.967364,Tokyo-a509,-16,62,Normal
2026-02-08 12:53:09.967364,Tokyo-a509,30,91,Normal
2026-02-08 12:53:10.967364,Tokyo-a509,18,11,Normal
2026-02-08 12:53:11.967364,Tokyo-a509,2,62,Normal
2026-02-08 12:53:12.967364,Tokyo-a509,45,60,Normal
2026-02-08 12:53:13.967364,Tokyo-a509,6,13,Normal
2026-02-08 12:53:14.967364,Tokyo-a509,-16,4,Normal
2026-02-08 12:53:15.967364,Tokyo-a509,12,61,Normal
2026-02-08 12:53:16.967364,Tokyo-a509,37,19,Normal
2026-02-08 12:53:17.967364,Tokyo-a509,-4,75,Normal
2026-02-08 12:53:18.967364,Tokyo-a509,22,83,Normal
2026-02-08 12:53:19.967364,Tokyo-a509,46,20,Normal
2026-02-08 12:53:20.967364,Tokyo-a509,49,79,Normal
2026-02-08 12:53:21.967364,Tokyo-a509,18,60,Normal
2026-02-08 12:53:22.967364,Tokyo-a509,21,76,Normal
2026-02-08 12:53:23.967364,Tokyo-a509,9,93,Normal
2026-02-08 12:53:24.967364,Tokyo-a509,-26,85,Normal
2026-02-08 12:53:25.967364,Tokyo-a509,43,87,Normal
2026-02-08 12:53:26.967364,Tokyo-a509,15,56,Normal
2026-02-08 12:53:27.967364,Tokyo-a509,-21,79,Normal
2026-02-08 12:53:28.967364,Tokyo-a509,19,35,Normal
2026-02-08 12:53:29.967364,Tokyo-a509,4,47,Normal
2026-02-08 12:53:30.967364,Tokyo-a509,-25,89,Normal
2026-02-08 12:53:31.967364,Tokyo-a509,34,71,Normal
2026-02-08 12:53:32.967364,Tokyo-a509,-1,5,Normal
2026-02-08 12:53:33.967364,Tokyo-a509,5,80,Normal
2026-02-08 12:53:34.967364,Tokyo-a509,27,57,Normal
2026-02-08 12:53:35.967364,Tokyo-a509,9,36,Normal
2026-02-08 12:53:36.967364,Tokyo-a509,-29,93,Normal
2026-02-08 12:53:37.967364,Tokyo-a509,45,5,Normal
2026-02-08 12:53:38.967364,Tokyo-a509,-19,68,Normal
2026-02-08 12:53:39.967364,Tokyo-a509,-19,99,Normal
2026-02-08 12:53:40.967364,Tokyo-a509,22,79,Normal
2026-02-08 12:53:41.967364,Tokyo-a509,42,98,Normal
2026-02-08 12:53:42.967364,Tokyo-a509,40,31,Normal
2026-02-08 12:53:43.967364,Tokyo-a509,24,21,Normal
2026-02-08 12:53:44.967364,Tokyo-a509,36,1,Normal
2026-02-08 12:53:45.967364,Tokyo-a509,45,11,Normal
2026-02-08 12:53:46.967364,Tokyo-a509,-11,14,Normal
2026-02-08 12:53:47.967364,Tokyo-a509,35,30,Normal
2026-02-08 12:53:48.967364,Tokyo-a509,11,17,Normal
2026-02-08 12:53:49.967364,Tokyo-a509,35,6,Normal
2026-02-08 12:53:50.967364,Tokyo-a509,-13,32,Normal
2026-02-08 12:53:51.967364,Tokyo-a509,16,67,Normal
2026-02-08 12:53:52.967364,Tokyo-a509,20,50,Normal
2026-02-08 12:53:53.967364,Tokyo-a509,-24,69,Normal
2026-02-08 12:53:54.967364,Tokyo-a509,-17,91,Normal
2026-02-08 12:53:55.967364,Tokyo-a509,19,33,Normal
2026-02-08 12:53:56.967364,Tokyo-a509,47,21,Normal
2026-02-08 12:53:57.967364,Tokyo-a509,32,95,Normal
2026-02-08 12:53:58.967364,Tokyo-a509,-29,59,Normal
2026-02-08 12:53:59.967364,Tokyo-a509,47,70,Normal
2026-02-08 12:54:00.967364,Tokyo-a509,23,61,Normal
2026-02-08 12:54:01.967364,Tokyo-a509,5,50,Normal
2026-02-08 12:54:02.967364,Tokyo-a509,21,4,Normal
2026-02-08 12:54:03.967364,Tokyo-a509,-6,4,Normal
2026-02-08 12:54:04.967364,Tokyo-a509,-18,74,Normal
2026-02-08 12:54:05.967364,Tokyo-a509,28,25,Normal
2026-02-08 12:54:06.967364,Tokyo-a509,14,36,Normal
2026-02-08 12:54:07.967364,Tokyo-a509,20,66,Normal
2026-02-08 12:54:08.967364,Tokyo-a509,-29,52,Normal
2026-02-08 12:54:09.967364,Tokyo-a509,-30,42,Normal
2026-02-08 12:54:10.967364,Tokyo-a509,12,12,Normal
2026-02-08 12:54:11.967364,Tokyo-a509,-9,67,Normal
2026-02-08 12:54:12.967364,Tokyo-a509,20,75,Normal
2026-02-08 12:54:13.967364,Tokyo-a509,4,48,Normal
2026-02-08 12:54:14.967364,Tokyo-a509,-22,49,Normal
2026-02-08 12:54:15.967364,Tokyo-a509,20,14,Normal
2026-02-08 12:54:16.967364,Tokyo-a509,42,44,Normal
2026-02-08 12:54:17.967364,Tokyo-a509,-28,91,Normal
2026-02-08 12:54:18.967364,Tokyo-a509,15,4,Normal
2026-02-08 12:54:19.967364,Tokyo-a509,-12,54,Normal
2026-02-08 12:54:20.967364,Tokyo-a509,-5,30,Normal
2026-02-08 12:54:21.967364,Tokyo-a509,-8,81,Normal
2026-02-08 12:54:22.967364,Tokyo-a509,50,29,Normal
2026-02-08 12:54:23.967364,Tokyo-a509,24,66,Normal
2026-02-08 12:54:24.967364,Tokyo-a509,-15,51,Normal
2026-02-08 12:54:25.967364,Tokyo-a509,25,84,Normal
2026-02-08 12:54:26.967364,Tokyo-a509,13,16,Normal
2026-02-08 12:54:27.967364,Tokyo-a509,37,100,Normal
2026-02-08 12:54:28.967364,Tokyo-a509,6,9,Normal
2026-02-08 12:54:29.967364,Tokyo-a509,22,65,Normal
2026-02-08 12:54:30.967364,Tokyo-a509,43,17,Normal
2026-02-08 12:54:31.967364,Tokyo-a509,10,37,Normal
2026-02-08 12:54:32.967364,Tokyo-a509,-1,25,Normal
2026-02-08 12:54:33.967364,Tokyo-a509,6,46,Normal
2026-02-08 12:54:34.967364,Tokyo-a509,-14,74,Normal
2026-02-08 12:54:35.967364,Tokyo-a509,-16,63,Normal
2026-02-08 12:54:36.967364,Tokyo-a509,39,34,Normal
2026-02-08 12:54:37.967364,Tokyo-a509,30,58,Normal
2026-02-08 12:54:38.967364,Tokyo-a509,-24,59,Normal
2026-02-08 12:54:39.967364,Tokyo-a509,43,100,Normal
2026-02-08 12:54:40.967364,Tokyo-a509,26,17,Normal
2026-02-08 12:54:41.967364,Tokyo-a509,-1,60,Normal
2026-02-08 12:54:42.967364,Tokyo-a509,23,51,Normal
2026-02-08 12:54:43.967364,Tokyo-a509,-6,35,Normal
2026-02-08 12:54:44.967364,Tokyo-a509,-3,52,Normal
2026-02-08 12:54:45.967364,Tokyo-a509,14,57,Normal
2026-02-08 12:54:46.967364,Tokyo-a509,21,11,Normal
2026-02-08 12:54:47.967364,Tokyo-a509,-1,87,Normal
2026-02-08 12:54:48.967364,Tokyo-a509,17,36,Normal
2026-02-08 12:54:49.967364,Tokyo-a509,26,74,Normal
2026-02-08 12:54:50.967364,Tokyo-a509,0,8,Normal
2026-02-08 12:54:51.967364,Tokyo-a509,42,3,Normal
2026-02-08 12:54:52.967364,Tokyo-a509,-6,38,Normal
2026-02-08 12:54:53.967364,Tokyo-a509,10,89,Normal
2026-02-08 12:54:54.967364,Tokyo-a509,-30,31,Normal
2026-02-08 12:54:55.967364,Tokyo-a509,-18,20,Normal
2026-02-08 12:54:56.967364,Tokyo-a509,44,13,Normal
2026-02-08 12:54:57.967364,Tokyo-a509,9,46,Normal
2026-02-08 12:54:58.967364,Tokyo-a509,22,59,Normal
2026-02-08 12:54:59.967364,Tokyo-a509,27,71,Normal
2026-02-08 12:55:00.967364,Tokyo-a509,-9,62,Normal
2026-02-08 12:55:01.967364,Tokyo-a509,12,33,Normal
2026-02-08 12:55:02.967364,Tokyo-a509,38,88,Normal
2026-02-08 12:55:03.967364,Tokyo-a509,-25,54,Normal
2026-02-08 12:55:04.967364,Tokyo-a509,-7,32,Normal
2026-02-08 12:55:05.967364,Tokyo-a509,40,41,Normal
2026-02-08 12:55:06.967364,Tokyo-a509,-11,18,Normal
2026-02-08 12:55:07.967364,Tokyo-a509,-23,70,Normal
2026-02-08 12:55:08.967364,Tokyo-a509,44,36,Normal
2026-02-08 12:55:09.967364,Tokyo-a509,41,62,Normal
2026-02-08 12:55:10.967364,Tokyo-a509,1,97,Normal
2026-02-08 12:55:11.967364,Tokyo-a509,23,17,Normal
2026-02-08 12:55:12.967364,Tokyo-a509,6,41,Normal
2026-02-08 12:55:13.967364,Tokyo-a509,18,74,Normal
2026-02-08 12:55:14.967364,Tokyo-a509,34,45,Normal
2026-02-08 12:55:15.967364,Tokyo-a509,14,3,Normal
2026-02-08 12:55:16.967364,Tokyo-a509,28,17,Normal
2026-02-08 12:55:17.967364,Tokyo-a509,29,43,Normal
2026-02-08 12:55:18.967364,Tokyo-a509,-13,85,Normal
2026-02-08 12:55:19.967364,Tokyo-a509,20,75,Normal
2026-02-08 12:55:20.967364,Tokyo-a509,32,60,Normal
2026-02-08 12:55:21.967364,Tokyo-a509,-9,55,Normal
2026-02-08 12:55:22.967364,Tokyo-a509,-22,48,Normal
2026-02-08 12:55:23.967364,Tokyo-a509,-15,71,Normal
2026-02-08 12:55:24.967364,Tokyo-a509,30,49,Normal
2026-02-08 12:55:25.967364,Tokyo-a509,3,42,Normal
2026-02-08 12:55:26.967364,Tokyo-a509,12,77,Normal
2026-02-08 12:55:27.967364,Tokyo-a509,16,50,Normal
2026-02-08 12:55:28.967364,Tokyo-a509,-9,82,Normal
2026-02-08 12:55:29.967364,Tokyo-a509,49,78,Normal
2026-02-08 12:55:30.967364,Tokyo-a509,-12,32,Normal
2026-02-08 12:55:31.967364,Tokyo-a509,-9,29,Normal
2026-02-08 12:55:32.967364,Tokyo-a509,41,42,Normal
2026-02-08 12:55:33.967364,Tokyo-a509,-22,22,Normal
2026-02-08 12:55:34.967364,Tokyo-a509,43,29,Normal
2026-02-08 12:55:35.967364,Tokyo-a509,-6,50,Normal
2026-02-08 12:55:36.967364,Tokyo-a509,47,64,Normal
2026-02-08 12:55:37.967364,Tokyo-a509,-28,51,Normal
2026-02-08 12:55:38.967364,Tokyo-a509,-15,94,Normal
2026-02-08 12:55:39.967364,Tokyo-a509,-28,2,Normal
2026-02-08 12:55:40.967364,Tokyo-a509,47,98,Normal
2026-02-08 12:55:41.967364,Tokyo-a509,44,42,Normal
2026-02-08 12:55:42.967364,Tokyo-a509,-11,49,Normal
2026-02-08 12:55:43.967364,Tokyo-a509,24,72,Normal
2026-02-08 12:55:44.967364,Tokyo-a509,38,30,Normal
2026-02-08 12:55:45.967364,Tokyo-a509,24,93,Normal
2026-02-08 12:55:46.967364,Tokyo-a509,13,32,Normal
2026-02-08 12:55:47.967364,Tokyo-a509,-8,73,Normal
2026-02-08 12:55:48.967364,Tokyo-a509,42,2,Normal
2026-02-08 12:55:49.967364,Tokyo-a509,-28,45,Normal
2026-02-08 12:55:50.967364,Tokyo-a509,10,55,Normal
2026-02-08 12:55:51.967364,Tokyo-a509,21,83,Normal
2026-02-08 12:55:52.967364,Tokyo-a509,-28,41,Normal
2026-02-08 12:55:53.967364,Tokyo-a509,1,17,Normal
2026-02-08 12:55:54.967364,Tokyo-a509,-10,22,Normal
2026-02-08 12:55:55.967364,Tokyo-a509,-8,52,Normal
2026-02-08 12:55:56.967364,Tokyo-a509,-25,25,Normal
2026-02-08 12:55:57.967364,Tokyo-a509,4,59,Normal
2026-02-08 12:55:58.967364,Tokyo-a509,21,26,Normal
2026-02-08 12:55:59.967364,Tokyo-a509,34,60,Normal
2026-02-08 12:56:00.967364,Tokyo-a509,-29,69,Normal
2026-02-08 12:56:01.967364,Tokyo-a509,50,33,Normal
2026-02-08 12:56:02.967364,Tokyo-a509,-23,63,Normal
2026-02-08 12:56:03.967364,Tokyo-a509,7,42,Normal
2026-02-08 12:56:04.967364,Tokyo-a509,11,44,Normal
2026-02-08 12:56:05.967364,Tokyo-a509,22,9,Normal
2026-02-08 12:56:06.967364,Tokyo-a509,35,8,Normal
2026-02-08 12:56:07.967364,Tokyo-a509,23,17,Normal
2026-02-08 12:56:08.967364,Tokyo-a509,17,99,Normal
2026-02-08 12:56:09.967364,Tokyo-a509,39,87,Normal
2026-02-08 12:56:10.967364,Tokyo-a509,-28,100,Normal
2026-02-08 12:56:11.967364,Tokyo-a509,48,88,Normal
2026-02-08 12:56:12.967364,Tokyo-a509,18,51,Normal
2026-02-08 12:56:13.967364,Tokyo-a509,-22,88,Normal
2026-02-08 12:56:14.967364,Tokyo-a509,17,19,Normal
2026-02-08 12:56:15.967364,Tokyo-a509,-24,68,Normal
2026-02-08 12:56:16.967364,Tokyo-a509,38,74,Normal
2026-02-08 12:56:17.967364,Tokyo-a509,-17,72,Normal
2026-02-08 12:56:18.967364,Tokyo-a509,-22,48,Normal
2026-02-08 12:56:19.967364,Tokyo-a509,-3,26,Normal
2026-02-08 12:56:20.967364,Tokyo-a509,38,80,Normal
2026-02-08 12:56:21.967364,Tokyo-a509,0,31,Normal
2026-02-08 12:56:22.967364,Tokyo-a509,35,13,Normal
2026-02-08 12:56:23.967364,Tokyo-a509,37,2,Normal
2026-02-08 12:56:24.967364,Tokyo-a509,-29,61,Normal
2026-02-08 12:56:25.967364,Tokyo-a509,11,2,Normal
2026-02-08 12:56:26.967364,Tokyo-a509,-28,17,Normal
2026-02-08 12:56:27.967364,Tokyo-a509,28,49,Normal
2026-02-08 12:56:28.967364,Tokyo-a509,16,90,Normal
2026-02-08 12:56:29.967364,Tokyo-a509,22,23,Normal
2026-02-08 12:56:30.967364,Tokyo-a509,43,20,Normal
2026-02-08 12:56:31.967364,Tokyo-a509,-8,60,Normal
2026-02-08 12:56:32.967364,Tokyo-a509,-5,45,Normal
2026-02-08 12:56:33.967364,Tokyo-a509,-12,67,Normal
2026-02-08 12:56:34.967364,Tokyo-a509,15,29,Normal
2026-02-08 12:56:35.967364,Tokyo-a509,15,51,Normal
2026-02-08 12:56:36.967364,Tokyo-a509,28,71,Normal
2026-02-08 12:56:37.967364,Tokyo-a509,-19,59,Normal
2026-02-08 12:56:38.967364,Tokyo-a509,40,95,Normal
2026-02-08 12:56:39.967364,Tokyo-a509,-25,94,Normal
2026-02-08 12:56:40.967364,Tokyo-a509,26,14,Normal
2026-02-08 12:56:41.967364,Tokyo-a509,-25,64,Normal
2026-02-08 12:56:42.967364,Tokyo-a509,-23,11,Normal
2026-02-08 12:56:43.967364,Tokyo-a509,14,23,Normal
2026-02-08 12:56:44.967364,Tokyo-a509,50,96,Normal
2026-02-08 12:56:45.967364,Tokyo-a509,-27,54,Normal
2026-02-08 12:56:46.967364,Tokyo-a509,11,63,Normal
2026-02-08 12:56:47.967364,Tokyo-a509,-20,17,Normal
2026-02-08 12:56:48.967364,Tokyo-a509,12,31,Normal
2026-02-08 12:56:49.967364,Tokyo-a509,4,65,Normal
2026-02-08 12:56:50.967364,Tokyo-a509,-7,69,Normal
2026-02-08 12:56:51.967364,Tokyo-a509,22,82,Normal
2026-02-08 12:56:52.967364,Tokyo-a509,12,79,Normal
2026-02-08 12:56:53.967364,Tokyo-a509,-4,29,Normal
2026-02-08 12:56:54.967364,Tokyo-a509,27,31,Normal
2026-02-08 12:56:55.967364,Tokyo-a509,41,31,Normal
2026-02-08 12:56:56.967364,Tokyo-a509,0,59,Normal
2026-02-08 12:56:57.967364,Tokyo-a509,-29,76,Normal
2026-02-08 12:56:58.967364,Tokyo-a509,3,84,Normal
2026-02-08 12:56:59.967364,Tokyo-a509,22,49,Normal
2026-02-08 12:57:00.967364,Tokyo-a509,2,49,Normal
2026-02-08 12:57:01.967364,Tokyo-a509,0,61,Normal
2026-02-08 12:57:02.967364,Tokyo-a509,22,56,Normal
2026-02-08 12:57:03.967364,Tokyo-a509,2,97,Normal
2026-02-08 12:57:04.967364,Tokyo-a509,38,56,Normal
2026-02-08 12:57:05.967364,Tokyo-a509,0,87,Normal
2026-02-08 12:57:06.967364,Tokyo-a509,47,49,Normal
2026-02-08 12:57:07.967364,Tokyo-a509,26,58,Normal
2026-02-08 12:57:08.967364,Tokyo-a509,16,49,Normal
2026-02-08 12:57:09.967364,Tokyo-a509,-21,84,Normal
2026-02-08 12:57:10.967364,Tokyo-a509,-13,17,Normal
2026-02-08 12:57:11.967364,Tokyo-a509,40,54,Normal
2026-02-08 12:57:12.967364,Tokyo-a509,-14,54,Normal
2026-02-08 12:57:13.967364,Tokyo-a509,24,95,Normal
2026-02-08 12:57:14.967364,Tokyo-a509,-2,83,Normal
2026-02-08 12:57:15.967364,Tokyo-a509,-10,85,Normal
2026-02-08 12:57:16.967364,Tokyo-a509,36,64,Normal
2026-02-08 12:57:17.967364,Tokyo-a509,34,0,Normal
2026-02-08 12:57:18.967364,Tokyo-a509,43,89,Normal
2026-02-08 12:57:19.967364,Tokyo-a509,48,4,Normal
2026-02-08 12:57:20.967364,Tokyo-a509,0,99,Normal
2026-02-08 12:57:21.967364,Tokyo-a509,0,93,Normal
2026-02-08 12:57:22.967364,Tokyo-a509,22,73,Normal
2026-02-08 12:57:23.967364,Tokyo-a509,36,95,Normal
2026-02-08 12:57:24.967364,Tokyo-a509,15,80,Normal
2026-02-08 12:57:25.967364,Tokyo-a509,44,93,Normal
2026-02-08 12:57:26.967364,Tokyo-a509,-11,73,Normal
2026-02-08 12:57:27.967364,Tokyo-a509,-27,29,Normal
2026-02-08 12:57:28.967364,Tokyo-a509,-26,56,Normal
2026-02-08 12:57:29.967364,Tokyo-a509,0,16,Normal
2026-02-08 12:57:30.967364,Tokyo-a509,-11,98,Normal
2026-02-08 12:57:31.967364,Tokyo-a509,25,79,Normal
2026-02-08 12:57:32.967364,Tokyo-a509,38,50,Normal
2026-02-08 12:57:33.967364,Tokyo-a509,38,46,Normal
2026-02-08 12:57:34.967364,Tokyo-a509,29,100,Normal
2026-02-08 12:57:35.967364,Tokyo-a509,4,74,Normal
2026-02-08 12:57:36.967364,Tokyo-a509,25,34,Normal
2026-02-08 12:57:37.967364,Tokyo-a509,-3,28,Normal
2026-02-08 12:57:38.967364,Tokyo-a509,6,13,Normal
2026-02-08 12:57:39.967364,Tokyo-a509,-16,36,Normal
2026-02-08 12:57:40.967364,Tokyo-a509,50,39,Normal
2026-02-08 12:57:41.967364,Tokyo-a509,-7,6,Normal
2026-02-08 12:57:42.967364,Tokyo-a509,14,60,Normal
2026-02-08 12:57:43.967364,Tokyo-a509,8,62,Normal
2026-02-08 12:57:44.967364,Tokyo-a509,-19,1,Normal
2026-02-08 12:57:45.967364,Tokyo-a509,11,73,Normal
2026-02-08 12:57:46.967364,Tokyo-a509,-22,70,Normal
2026-02-08 12:57:47.967364,Tokyo-a509,-23,56,Normal
2026-02-08 12:57:48.967364,Tokyo-a509,24,92,Normal
2026-02-08 12:57:49.967364,Tokyo-a509,29,65,Normal
2026-02-08 12:57:50.967364,Tokyo-a509,43,86,Normal
2026-02-08 12:57:51.967364,Tokyo-a509,-13,79,Normal
2026-02-08 12:57:52.967364,Tokyo-a509,48,74,Normal
2026-02-08 12:57:53.967364,Tokyo-a509,1,55,Normal
2026-02-08 12:57:54.967364,Tokyo-a509,16,19,Normal
2026-02-08 12:57:55.967364,Tokyo-a509,-24,89,Normal
2026-02-08 12:57:56.967364,Tokyo-a509,40,27,Normal
2026-02-08 12:57:57.967364,Tokyo-a509,-19,68,Normal
2026-02-08 12:57:58.967364,Tokyo-a509,-1,9,Normal
2026-02-08 12:57:59.967364,Tokyo-a509,17,21,Normal
2026-02-08 12:58:00.967364,Tokyo-a509,30,62,Normal
2026-02-08 12:58:01.967364,Tokyo-a509,17,14,Normal
2026-02-08 12:58:02.967364,Tokyo-a509,38,9,Normal
2026-02-08 12:58:03.967364,Tokyo-a509,26,16,Normal
2026-02-08 12:58:04.967364,Tokyo-a509,-16,71,Normal
2026-02-08 12:58:05.967364,Tokyo-a509,42,97,Normal
2026-02-08 12:58:06.967364,Tokyo-a509,-19,87,Normal
2026-02-08 12:58:07.967364,Tokyo-a509,20,28,Normal
2026-02-08 12:58:08.967364,Tokyo-a509,19,35,Normal
2026-02-08 12:58:09.967364,Tokyo-a509,-27,96,Normal
2026-02-08 12:58:10.967364,Tokyo-a509,-13,91,Normal
2026-02-08 12:58:11.967364,Tokyo-a509,27,0,Normal
2026-02-08 12:58:12.967364,Tokyo-a509,23,30,Normal
2026-02-08 12:58:13.967364,Tokyo-a509,41,0,Normal
2026-02-08 12:58:14.967364,Tokyo-a509,30,97,Normal
2026-02-08 12:58:15.967364,Tokyo-a509,14,14,Normal
2026-02-08 12:58:16.967364,Tokyo-a509,40,55,Normal
2026-02-08 12:58:17.967364,Tokyo-a509,50,7,Normal
2026-02-08 12:58:18.967364,Tokyo-a509,-13,43,Normal
2026-02-08 12:58:19.967364,Tokyo-a509,-10,79,Normal
2026-02-08 12:58:20.967364,Tokyo-a509,50,53,Normal
2026-02-08 12:58:21.967364,Tokyo-a509,46,89,Normal
2026-02-08 12:58:22.967364,Tokyo-a509,6,34,Normal
2026-02-08 12:58:23.967364,Tokyo-a509,-11,64,Normal
2026-02-08 12:58:24.967364,Tokyo-a509,6,42,Normal
2026-02-08 12:58:25.967364,Tokyo-a509,-30,69,Normal
2026-02-08 12:58:26.967364,Tokyo-a509,20,94,Normal
2026-02-08 12:58:27.967364,Tokyo-a509,-13,40,Normal
2026-02-08 12:58:28.967364,Tokyo-a509,0,5,Normal
2026-02-08 12:58:29.967364,Tokyo-a509,-24,56,Normal
2026-02-08 12:58:30.967364,Tokyo-a509,-17,96,Normal
2026-02-08 12:58:31.967364,Tokyo-a509,-4,26,Normal
2026-02-08 12:58:32.967364,Tokyo-a509,-27,77,Normal
2026-02-08 12:58:33.967364,Tokyo-a509,-29,73,Normal
2026-02-08 12:58:34.967364,Tokyo-a509,-28,96,Normal
2026-02-08 12:58:35.967364,Tokyo-a509,41,41,Normal
2026-02-08 12:58:36.967364,Tokyo-a509,-3,2,Normal
2026-02-08 12:58:37.967364,Tokyo-a509,35,36,Normal
2026-02-08 12:58:38.967364,Tokyo-a509,8,25,Normal
2026-02-08 12:58:39.967364,Tokyo-a509,-28,89,Normal
2026-02-08 12:58:40.967364,Tokyo-a509,-2,40,Normal
2026-02-08 12:58:41.967364,Tokyo-a509,17,77,Normal
2026-02-08 12:58:42.967364,Tokyo-a509,13,33,Normal
2026-02-08 12:58:43.967364,Tokyo-a509,2,59,Normal
2026-02-08 12:58:44.967364,Tokyo-a509,-29,51,Normal
2026-02-08 12:58:45.967364,Tokyo-a509,-22,25,Normal
2026-02-08 12:58:46.967364,Tokyo-a509,17,74,Normal
2026-02-08 12:58:47.967364,Tokyo-a509,2,71,Normal
2026-02-08 12:58:48.967364,Tokyo-a509,29,89,Normal
2026-02-08 12:58:49.967364,Tokyo-a509,26,72,Normal
2026-02-08 12:58:50.967364,Tokyo-a509,23,99,Normal
2026-02-08 12:58:51.967364,Tokyo-a509,45,92,Normal
2026-02-08 12:58:52.967364,Tokyo-a509,-18,56,Normal
2026-02-08 12:58:53.967364,Tokyo-a509,33,19,Normal
2026-02-08 12:58:54.967364,Tokyo-a509,5,48,Normal
2026-02-08 12:58:55.967364,Tokyo-a509,39,44,Normal
2026-02-08 12:58:56.967364,Tokyo-a509,50,91,Normal
2026-02-08 12:58:57.967364,Tokyo-a509,0,95,Normal
2026-02-08 12:58:58.967364,Tokyo-a509,-13,50,Normal
2026-02-08 12:58:59.967364,Tokyo-a509,1,94,Normal
2026-02-08 12:59:00.967364,Tokyo-a509,-11,56,Normal
2026-02-08 12:59:01.967364,Tokyo-a509,-16,59,Normal
2026-02-08 12:59:02.967364,Tokyo-a509,1,86,Normal
2026-02-08 12:59:03.967364,Tokyo-a509,22,26,Normal
2026-02-08 12:59:04.967364,Tokyo-a509,22,83,Normal
2026-02-08 12:59:05.967364,Tokyo-a509,-4,15,Normal
2026-02-08 12:59:06.967364,Tokyo-a509,-9,70,Normal
2026-02-08 12:59:07.967364,Tokyo-a509,-24,0,Normal
2026-02-08 12:59:08.967364,Tokyo-a509,-1,78,Normal
2026-02-08 12:59:09.967364,Tokyo-a509,14,3,Normal
2026-02-08 12:59:10.967364,Tokyo-a509,36,39,Normal
2026-02-08 12:59:11.967364,Tokyo-a509,6,52,Normal
2026-02-08 12:59:12.967364,Tokyo-a509,-1,32,Normal
2026-02-08 12:59:13.967364,Tokyo-a509,-28,47,Normal
2026-02-08 12:59:14.967364,Tokyo-a509,-15,82,Normal
2026-02-08 12:59:15.967364,Tokyo-a509,6,41,Normal
2026-02-08 12:59:16.967364,Tokyo-a509,9,71,Normal
2026-02-08 12:59:17.967364,Tokyo-a509,34,9,Normal
2026-02-08 12:59:18.967364,Tokyo-a509,-1,47,Normal
2026-02-08 12:59:19.967364,Tokyo-a509,-4,53,Normal
2026-02-08 12:59:20.967364,Tokyo-a509,35,23,Normal
2026-02-08 12:59:21.967364,Tokyo-a509,29,97,Normal
2026-02-08 12:59:22.967364,Tokyo-a509,-11,97,Normal
2026-02-08 12:59:23.967364,Tokyo-a509,12,12,Normal
2026-02-08 12:59:24.967364,Tokyo-a509,39,99,Normal
2026-02-08 12:59:25.967364,Tokyo-a509,14,80,Normal
2026-02-08 12:59:26.967364,Tokyo-a509,-14,16,Normal
2026-02-08 12:59:27.967364,Tokyo-a509,21,15,Normal
2026-02-08 12:59:28.967364,Tokyo-a509,-27,49,Normal
2026-02-08 12:59:29.967364,Tokyo-a509,-26,2,Normal
2026-02-08 12:59:30.967364,Tokyo-a509,38,45,Normal
2026-02-08 12:59:31.967364,Tokyo-a509,-7,34,Normal
2026-02-08 12:59:32.967364,Tokyo-a509,38,13,Normal
2026-02-08 12:59:33.967364,Tokyo-a509,26,86,Normal
2026-02-08 12:59:34.967364,Tokyo-a509,41,25,Normal
2026-02-08 12:59:35.967364,Tokyo-a509,37,5,Normal
2026-02-08 12:59:36.967364,Tokyo-a509,50,45,Normal
2026-02-08 12:59:37.967364,Tokyo-a509,-19,65,Normal
2026-02-08 12:59:38.967364,Tokyo-a509,-15,81,Normal
2026-02-08 12:59:39.967364,Tokyo-a509,47,54,Normal
2026-02-08 12:59:40.967364,Tokyo-a509,27,50,Normal
2026-02-08 12:59:41.967364,Tokyo-a509,37,91,Normal
2026-02-08 12:59:42.967364,Tokyo-a509,34,54,Normal
2026-02-08 12:59:43.967364,Tokyo-a509,47,62,Normal
2026-02-08 12:59:44.967364,Tokyo-a509,14,68,Normal
2026-02-08 12:59:45.967364,Tokyo-a509,48,38,Normal
2026-02-08 12:59:46.967364,Tokyo-a509,7,91,Normal
2026-02-08 12:59:47.967364,Tokyo-a509,-15,37,Normal
2026-02-08 12:59:48.967364,Tokyo-a509,-22,62,Normal
2026-02-08 12:59:49.967364,Tokyo-a509,49,96,Normal
2026-02-08 12:59:50.967364,Tokyo-a509,-10,17,Normal
2026-02-08 12:59:51.967364,Tokyo-a509,-10,1,Normal
2026-02-08 12:59:52.967364,Tokyo-a509,7,75,Normal
2026-02-08 12:59:53.967364,Tokyo-a509,11,4,Normal
2026-02-08 12:59:54.967364,Tokyo-a509,42,51,Normal
2026-02-08 12:59:55.967364,Tokyo-a509,-29,3,Normal
2026-02-08 12:59:56.967364,Tokyo-a509,-2,7,Normal
2026-02-08 12:59:57.967364,Tokyo-a509,31,81,Normal
2026-02-08 12:59:58.967364,Tokyo-a509,44,56,Normal
2026-02-08 12:59:59.967364,Tokyo-a509,-1,50,Normal
2026-02-08 13:00:00.967364,Tokyo-a509,39,78,Normal
2026-02-08 13:00:01.967364,Tokyo-a509,3,51,Normal
2026-02-08 13:00:02.967364,Tokyo-a509,7,31,Normal
2026-02-08 13:00:03.967364,Tokyo-a509,25,80,Normal
2026-02-08 13:00:04.967364,Tokyo-a509,34,18,Normal
2026-02-08 13:00:05.967364,Tokyo-a509,27,99,Normal
2026-02-08 13:00:06.967364,Tokyo-a509,-17,63,Normal
2026-02-08 13:00:07.967364,Tokyo-a509,-28,5,Normal
2026-02-08 13:00:08.967364,Tokyo-a509,1,96,Normal
2026-02-08 13:00:09.967364,Tokyo-a509,-22,76,Normal
2026-02-08 13:00:10.967364,Tokyo-a509,30,72,Normal
2026-02-08 13:00:11.967364,Tokyo-a509,11,68,Normal
2026-02-08 13:00:12.967364,Tokyo-a509,35,22,Normal
2026-02-08 13:00:13.967364,Tokyo-a509,-7,91,Normal
2026-02-08 13:00:14.967364,Tokyo-a509,-8,14,Normal
2026-02-08 13:00:15.967364,Tokyo-a509,24,14,Normal
2026-02-08 13:00:16.967364,Tokyo-a509,23,44,Normal
2026-02-08 13:00:17.967364,Tokyo-a509,3,74,Normal
2026-02-08 13:00:18.967364,Tokyo-a509,29,47,Normal
2026-02-08 13:00:19.967364,Tokyo-a509,9,75,Normal
2026-02-08 13:00:20.967364,Tokyo-a509,-3,17,Normal
2026-02-08 13:00:21.967364,Tokyo-a509,27,32,Normal
2026-02-08 13:00:22.967364,Tokyo-a509,-4,92,Normal
2026-02-08 13:00:23.967364,Tokyo-a509,-16,60,Normal
2026-02-08 13:00:24.967364,Tokyo-a509,0,50,Normal
2026-02-08 13:00:25.967364,Tokyo-a509,-24,44,Normal
2026-02-08 13:00:26.967364,Tokyo-a509,25,87,Normal
2026-02-08 13:00:27.967364,Tokyo-a509,29,68,Normal
2026-02-08 13:00:28.967364,Tokyo-a509,28,8,Normal
2026-02-08 13:00:29.967364,Tokyo-a509,17,93,Normal
2026-02-08 13:00:30.967364,Tokyo-a509,29,5,Normal
2026-02-08 13:00:31.967364,Tokyo-a509,32,35,Normal
2026-02-08 13:00:32.967364,Tokyo-a509,15,54,Normal
2026-02-08 13:00:33.967364,Tokyo-a509,45,51,Normal
2026-02-08 13:00:34.967364,Tokyo-a509,24,42,Normal
2026-02-08 13:00:35.967364,Tokyo-a509,24,1,Normal
2026-02-08 13:00:36.967364,Tokyo-a509,32,80,Normal
2026-02-08 13:00:37.967364,Tokyo-a509,16,52,Normal
2026-02-08 13:00:38.967364,Tokyo-a509,20,49,Normal
2026-02-08 13:00:39.967364,Tokyo-a509,27,89,Normal
2026-02-08 13:00:40.967364,Tokyo-a509,24,43,Normal
2026-02-08 13:00:41.967364,Tokyo-a509,-9,38,Normal
2026-02-08 13:00:42.967364,Tokyo-a509,12,93,Normal
2026-02-08 13:00:43.967364,Tokyo-a509,20,94,Normal
2026-02-08 13:00:44.967364,Tokyo-a509,43,79,Normal
2026-02-08 13:00:45.967364,Tokyo-a509,36,2,Normal
2026-02-08 13:00:46.967364,Tokyo-a509,-10,73,Normal
2026-02-08 13:00:47.967364,Tokyo-a509,-26,55,Normal
2026-02-08 13:00:48.967364,Tokyo-a509,28,95,Normal
2026-02-08 13:00:49.967364,Tokyo-a509,32,35,Normal
2026-02-08 13:00:50.967364,Tokyo-a509,28,57,Normal
2026-02-08 13:00:51.967364,Tokyo-a509,10,95,Normal
2026-02-08 13:00:52.967364,Tokyo-a509,12,25,Normal
2026-02-08 13:00:53.967364,Tokyo-a509,8,99,Normal
2026-02-08 13:00:54.967364,Tokyo-a509,-23,68,Normal
2026-02-08 13:00:55.967364,Tokyo-a509,3,7,Normal
2026-02-08 13:00:56.967364,Tokyo-a509,7,65,Normal
2026-02-08 13:00:57.967364,Tokyo-a509,38,62,Normal
2026-02-08 13:00:58.967364,Tokyo-a509,44,12,Normal
2026-02-08 13:00:59.967364,Tokyo-a509,-10,49,Normal
2026-02-08 13:01:00.967364,Tokyo-a509,0,37,Normal
2026-02-08 13:01:01.967364,Tokyo-a509,2,76,Normal
2026-02-08 13:01:02.967364,Tokyo-a509,-14,52,Normal
2026-02-08 13:01:03.967364,Tokyo-a509,0,92,Normal
2026-02-08 13:01:04.967364,Tokyo-a509,2,11,Normal
2026-02-08 13:01:05.967364,Tokyo-a509,46,6,Normal
2026-02-08 13:01:06.967364,Tokyo-a509,37,87,Normal
2026-02-08 13:01:07.967364,Tokyo-a509,-4,49,Normal
2026-02-08 13:01:08.967364,Tokyo-a509,-12,96,Normal
2026-02-08 13:01:09.967364,Tokyo-a509,11,35,Normal
2026-02-08 13:01:10.967364,Tokyo-a509,23,71,Normal
2026-02-08 13:01:11.967364,Tokyo-a509,18,11,Normal
2026-02-08 13:01:12.967364,Tokyo-a509,-25,42,Normal
2026-02-08 13:01:13.967364,Tokyo-a509,2,21,Normal
2026-02-08 13:01:14.967364,Tokyo-a509,21,55,Normal
2026-02-08 13:01:15.967364,Tokyo-a509,25,64,Normal
2026-02-08 13:01:16.967364,Tokyo-a509,-28,45,Normal
2026-02-08 13:01:17.967364,Tokyo-a509,27,94,Normal
2026-02-08 13:01:18.967364,Tokyo-a509,8,62,Normal
2026-02-08 13:01:19.967364,Tokyo-a509,-2,12,Normal
2026-02-08 13:01:20.967364,Tokyo-a509,-4,61,Normal
2026-02-08 13:01:21.967364,Tokyo-a509,45,28,Normal
2026-02-08 13:01:22.967364,Tokyo-a509,-13,43,Normal
2026-02-08 13:01:23.967364,Tokyo-a509,-22,26,Normal
2026-02-08 13:01:24.967364,Tokyo-a509,-20,56,Normal
2026-02-08 13:01:25.967364,Tokyo-a509,17,91,Normal
2026-02-08 13:01:26.967364,Tokyo-a509,42,32,Normal
2026-02-08 13:01:27.967364,Tokyo-a509,5,87,Normal
2026-02-08 13:01:28.967364,Tokyo-a509,-19,31,Normal
2026-02-08 13:01:29.967364,Tokyo-a509,-4,22,Normal
2026-02-08 13:01:30.967364,Tokyo-a509,-14,16,Normal
2026-02-08 13:01:31.967364,Tokyo-a509,40,6,Normal
2026-02-08 13:01:32.967364,Tokyo-a509,38,85,Normal
2026-02-08 13:01:33.967364,Tokyo-a509,-2,25,Normal
2026-02-08 13:01:34.967364,Tokyo-a509,41,92,Normal
2026-02-08 13:01:35.967364,Tokyo-a509,26,95,Normal
2026-02-08 13:01:36.967364,Tokyo-a509,23,8,Normal
2026-02-08 13:01:37.967364,Tokyo-a509,-15,27,Normal
2026-02-08 13:01:38.967364,Tokyo-a509,48,23,Normal
2026-02-08 13:01:39.967364,Tokyo-a509,-19,1,Normal
2026-02-08 13:01:40.967364,Tokyo-a509,16,77,Normal
2026-02-08 13:01:41.967364,Tokyo-a509,16,56,Normal
2026-02-08 13:01:42.967364,Tokyo-a509,-16,92,Normal
2026-02-08 13:01:43.967364,Tokyo-a509,-25,16,Normal
2026-02-08 13:01:44.967364,Tokyo-a509,50,36,Normal
2026-02-08 13:01:45.967364,Tokyo-a509,37,65,Normal
2026-02-08 13:01:46.967364,Tokyo-a509,-24,18,Normal
2026-02-08 13:01:47.967364,Tokyo-a509,-4,14,Normal
2026-02-08 13:01:48.967364,Tokyo-a509,16,53,Normal
2026-02-08 13:01:49.967364,Tokyo-a509,37,13,Normal
2026-02-08 13:01:50.967364,Tokyo-a509,4,69,Normal
2026-02-08 13:01:51.967364,Tokyo-a509,48,35,Normal
2026-02-08 13:01:52.967364,Tokyo-a509,-22,34,Normal
2026-02-08 13:01:53.967364,Tokyo-a509,41,84,Normal
2026-02-08 13:01:54.967364,Tokyo-a509,1,41,Normal
2026-02-08 13:01:55.967364,Tokyo-a509,-14,11,Normal
2026-02-08 13:01:56.967364,Tokyo-a509,12,30,Normal
2026-02-08 13:01:57.967364,Tokyo-a509,33,15,Normal
2026-02-08 13:01:58.967364,Tokyo-a509,-18,35,Normal
2026-02-08 13:01:59.967364,Tokyo-a509,14,94,Normal
2026-02-08 13:02:00.967364,Tokyo-a509,12,67,Normal
2026-02-08 13:02:01.967364,Tokyo-a509,13,59,Normal
2026-02-08 13:02:02.967364,Tokyo-a509,0,6,Normal
2026-02-08 13:02:03.967364,Tokyo-a509,-17,38,Normal
2026-02-08 13:02:04.967364,Tokyo-a509,46,64,Normal
2026-02-08 13:02:05.967364,Tokyo-a509,47,0,Normal
2026-02-08 13:02:06.967364,Tokyo-a509,18,33,Normal
2026-02-08 13:02:07.967364,Tokyo-a509,21,90,Normal
2026-02-08 13:02:08.967364,Tokyo-a509,45,25,Normal
2026-02-08 13:02:09.967364,Tokyo-a509,48,7,Normal
2026-02-08 13:02:10.967364,Tokyo-a509,2,66,Normal
2026-02-08 13:02:11.967364,Tokyo-a509,-18,31,Normal
2026-02-08 13:02:12.967364,Tokyo-a509,22,57,Normal
2026-02-08 13:02:13.967364,Tokyo-a509,19,63,Normal
2026-02-08 13:02:14.967364,Tokyo-a509,4,46,Normal
2026-02-08 13:02:15.967364,Tokyo-a509,-20,4,Normal
2026-02-08 13:02:16.967364,Tokyo-a509,-7,2,Normal
2026-02-08 13:02:17.967364,Tokyo-a509,10,89,Normal
2026-02-08 13:02:18.967364,Tokyo-a509,48,5,Normal
2026-02-08 13:02:19.967364,Tokyo-a509,-18,83,Normal
2026-02-08 13:02:20.967364,Tokyo-a509,22,100,Normal
2026-02-08 13:02:21.967364,Tokyo-a509,24,71,Normal
2026-02-08 13:02:22.967364,Tokyo-a509,2,32,Normal
2026-02-08 13:02:23.967364,Tokyo-a509,20,58,Normal
2026-02-08 13:02:24.967364,Tokyo-a509,31,60,Normal
2026-02-08 13:02:25.967364,Tokyo-a509,36,37,Normal
2026-02-08 13:02:26.967364,Tokyo-a509,40,38,Normal
2026-02-08 13:02:27.967364,Tokyo-a509,45,31,Normal
2026-02-08 13:02:28.967364,Tokyo-a509,37,48,Normal
2026-02-08 13:02:29.967364,Tokyo-a509,-22,14,Normal
2026-02-08 13:02:30.967364,Tokyo-a509,13,97,Normal
2026-02-08 13:02:31.967364,Tokyo-a509,10,21,Normal
2026-02-08 13:02:32.967364,Tokyo-a509,-16,66,Normal
2026-02-08 13:02:33.967364,Tokyo-a509,-13,3,Normal
2026-02-08 13:02:34.967364,Tokyo-a509,41,74,Normal
2026-02-08 13:02:35.967364,Tokyo-a509,-15,28,Normal
2026-02-08 13:02:36.967364,Tokyo-a509,21,46,Normal
2026-02-08 13:02:37.967364,Tokyo-a509,-29,46,Normal
2026-02-08 13:02:38.967364,Tokyo-a509,-23,65,Normal
2026-02-08 13:02:39.967364,Tokyo-a509,-12,83,Normal
2026-02-08 13:02:40.967364,Tokyo-a509,11,60,Normal
2026-02-08 13:02:41.967364,Tokyo-a509,41,13,Normal
2026-02-08 13:02:42.967364,Tokyo-a509,32,46,Normal
2026-02-08 13:02:43.967364,Tokyo-a509,41,94,Normal
2026-02-08 13:02:44.967364,Tokyo-a509,-11,38,Normal
2026-02-08 13:02:45.967364,Tokyo-a509,-1,69,Normal
2026-02-08 13:02:46.967364,Tokyo-a509,14,3,Normal
2026-02-08 13:02:47.967364,Tokyo-a509,-15,28,Normal
2026-02-08 13:02:48.967364,Tokyo-a509,10,78,Normal
2026-02-08 13:02:49.967364,Tokyo-a509,8,1,Normal
2026-02-08 13:02:50.967364,Tokyo-a509,-1,24,Normal
2026-02-08 13:02:51.967364,Tokyo-a509,30,92,Normal
2026-02-08 13:02:52.967364,Tokyo-a509,13,74,Normal
2026-02-08 13:02:53.967364,Tokyo-a509,-1,76,Normal
2026-02-08 13:02:54.967364,Tokyo-a509,10,88,Normal
2026-02-08 13:02:55.967364,Tokyo-a509,-25,85,Normal
2026-02-08 13:02:56.967364,Tokyo-a509,-20,11,Normal
2026-02-08 13:02:57.967364,Tokyo-a509,49,53,Normal
2026-02-08 13:02:58.967364,Tokyo-a509,39,72,Normal
2026-02-08 13:02:59.967364,Tokyo-a509,-1,64,Normal
2026-02-08 13:03:00.967364,Tokyo-a509,6,96,Normal
2026-02-08 13:03:01.967364,Tokyo-a509,8,67,Normal
2026-02-08 13:03:02.967364,Tokyo-a509,33,4,Normal
2026-02-08 13:03:03.967364,Tokyo-a509,44,63,Normal
2026-02-08 13:03:04.967364,Tokyo-a509,43,29,Normal
2026-02-08 13:03:05.967364,Tokyo-a509,-30,66,Normal
2026-02-08 13:03:06.967364,Tokyo-a509,-3,10,Normal
2026-02-08 13:03:07.967364,Tokyo-a509,-2,2,Normal
2026-02-08 13:03:08.967364,Tokyo-a509,4,51,Normal
2026-02-08 13:03:09.967364,Tokyo-a509,49,26,Normal
2026-02-08 13:03:10.967364,Tokyo-a509,41,1,Normal
2026-02-08 13:03:11.967364,Tokyo-a509,34,61,Normal
2026-02-08 13:03:12.967364,Tokyo-a509,46,32,Normal
2026-02-08 13:03:13.967364,Tokyo-a509,-29,60,Normal
2026-02-08 13:03:14.967364,Tokyo-a509,-29,61,Normal
2026-02-08 13:03:15.967364,Tokyo-a509,-19,92,Normal
2026-02-08 13:03:16.967364,Tokyo-a509,29,14,Normal
2026-02-08 13:03:17.967364,Tokyo-a509,19,60,Normal
2026-02-08 13:03:18.967364,Tokyo-a509,-16,79,Normal
2026-02-08 13:03:19.967364,Tokyo-a509,12,53,Normal
2026-02-08 13:03:20.967364,Tokyo-a509,-2,98,Normal
2026-02-08 13:03:21.967364,Tokyo-a509,28,26,Normal
2026-02-08 13:03:22.967364,Tokyo-a509,32,58,Normal
2026-02-08 13:03:23.967364,Tokyo-a509,2,0,Normal
2026-02-08 13:03:24.967364,Tokyo-a509,-2,83,Normal
2026-02-08 13:03:25.967364,Tokyo-a509,-30,6,Normal
2026-02-08 13:03:26.967364,Tokyo-a509,34,7,Normal
2026-02-08 13:03:27.967364,Tokyo-a509,11,5,Normal
2026-02-08 13:03:28.967364,Tokyo-a509,24,70,Normal
2026-02-08 13:03:29.967364,Tokyo-a509,-2,53,Normal
2026-02-08 13:03:30.967364,Tokyo-a509,0,39,Normal
2026-02-08 13:03:31.967364,Tokyo-a509,17,32,Normal
2026-02-08 13:03:32.967364,Tokyo-a509,-3,64,Normal
2026-02-08 13:03:33.967364,Tokyo-a509,9,97,Normal
2026-02-08 13:03:34.967364,Tokyo-a509,-3,44,Normal
2026-02-08 13:03:35.967364,Tokyo-a509,14,83,Normal
2026-02-08 13:03:36.967364,Tokyo-a509,4,28,Normal
2026-02-08 13:03:37.967364,Tokyo-a509,23,80,Normal
2026-02-08 13:03:38.967364,Tokyo-a509,-15,83,Normal
2026-02-08 13:03:39.967364,Tokyo-a509,22,0,Normal
2026-02-08 13:03:40.967364,Tokyo-a509,-1,24,Normal
2026-02-08 13:03:41.967364,Tokyo-a509,19,62,Normal
2026-02-08 13:03:42.967364,Tokyo-a509,-6,64,Normal
2026-02-08 13:03:43.967364,Tokyo-a509,-11,81,Normal
2026-02-08 13:03:44.967364,Tokyo-a509,2,22,Normal
2026-02-08 13:03:45.967364,Tokyo-a509,12,50,Normal
2026-02-08 13:03:46.967364,Tokyo-a509,48,56,Normal
2026-02-08 13:03:47.967364,Tokyo-a509,37,21,Normal
2026-02-08 13:03:48.967364,Tokyo-a509,-21,57,Normal
2026-02-08 13:03:49.967364,Tokyo-a509,6,39,Normal
2026-02-08 13:03:50.967364,Tokyo-a509,31,62,Normal
2026-02-08 13:03:51.967364,Tokyo-a509,-24,2,Normal
2026-02-08 13:03:52.967364,Tokyo-a509,24,53,Normal
2026-02-08 13:03:53.967364,Tokyo-a509,-13,61,Normal
2026-02-08 13:03:54.967364,Tokyo-a509,-13,63,Normal
2026-02-08 13:03:55.967364,Tokyo-a509,4,77,Normal
2026-02-08 13:03:56.967364,Tokyo-a509,-27,56,Normal
2026-02-08 13:03:57.967364,Tokyo-a509,3,78,Normal
2026-02-08 13:03:58.967364,Tokyo-a509,36,35,Normal
2026-02-08 13:03:59.967364,Tokyo-a509,5,11,Normal
2026-02-08 13:04:00.967364,Tokyo-a509,43,21,Normal
2026-02-08 13:04:01.967364,Tokyo-a509,-30,29,Normal
2026-02-08 13:04:02.967364,Tokyo-a509,-26,81,Normal
2026-02-08 13:04:03.967364,Tokyo-a509,-27,16,Normal
2026-02-08 13:04:04.967364,Tokyo-a509,-21,43,Normal
2026-02-08 13:04:05.967364,Tokyo-a509,48,14,Normal
2026-02-08 13:04:06.967364,Tokyo-a509,-14,59,Normal
2026-02-08 13:04:07.967364,Tokyo-a509,-6,4,Normal
2026-02-08 13:04:08.967364,Tokyo-a509,18,73,Normal
2026-02-08 13:04:09.967364,Tokyo-a509,-14,57,Normal
2026-02-08 13:04:10.967364,Tokyo-a509,30,66,Normal
2026-02-08 13:04:11.967364,Tokyo-a509,41,47,Normal
2026-02-08 13:04:12.967364,Tokyo-a509,35,93,Normal
2026-02-08 13:04:13.967364,Tokyo-a509,28,72,Normal
2026-02-08 13:04:14.967364,Tokyo-a509,-2,64,Normal
2026-02-08 13:04:15.967364,Tokyo-a509,46,43,Normal
2026-02-08 13:04:16.967364,Tokyo-a509,11,26,Normal
2026-02-08 13:04:17.967364,Tokyo-a509,38,46,Normal
2026-02-08 13:04:18.967364,Tokyo-a509,-12,68,Normal
2026-02-08 13:04:19.967364,Tokyo-a509,5,33,Normal
2026-02-08 13:04:20.967364,Tokyo-a509,37,47,Normal
2026-02-08 13:04:21.967364,Tokyo-a509,50,70,Normal
2026-02-08 13:04:22.967364,Tokyo-a509,43,70,Normal
2026-02-08 13:04:23.967364,Tokyo-a509,-5,87,Normal
2026-02-08 13:04:24.967364,Tokyo-a509,49,37,Normal
2026-02-08 13:04:25.967364,Tokyo-a509,13,60,Normal
2026-02-08 13:04:26.967364,Tokyo-a509,30,11,Normal
2026-02-08 13:04:27.967364,Tokyo-a509,40,51,Normal
2026-02-08 13:04:28.967364,Tokyo-a509,-22,24,Normal
2026-02-08 13:04:29.967364,Tokyo-a509,-17,29,Normal
2026-02-08 13:04:30.967364,Tokyo-a509,33,62,Normal
2026-02-08 13:04:31.967364,Tokyo-a509,42,93,Normal
2026-02-08 13:04:32.967364,Tokyo-a509,49,75,Normal
2026-02-08 13:04:33.967364,Tokyo-a509,3,83,Normal
2026-02-08 13:04:34.967364,Tokyo-a509,5,10,Normal
2026-02-08 13:04:35.967364,Tokyo-a509,-5,48,Normal
2026-02-08 13:04:36.967364,Tokyo-a509,22,86,Normal
2026-02-08 13:04:37.967364,Tokyo-a509,-6,65,Normal
2026-02-08 13:04:38.967364,Tokyo-a509,-5,9,Normal
2026-02-08 13:04:39.967364,Tokyo-a509,-17,0,Normal
2026-02-08 13:04:40.967364,Tokyo-a509,-23,58,Normal
2026-02-08 13:04:41.967364,Tokyo-a509,-4,75,Normal
2026-02-08 13:04:42.967364,Tokyo-a509,13,99,Normal
2026-02-08 13:04:43.967364,Tokyo-a509,-6,30,Normal
2026-02-08 13:04:44.967364,Tokyo-a509,-15,12,Normal
2026-02-08 13:04:45.967364,Tokyo-a509,10,74,Normal
2026-02-08 13:04:46.967364,Tokyo-a509,43,22,Normal
2026-02-08 13:04:47.967364,Tokyo-a509,11,60,Normal
2026-02-08 13:04:48.967364,Tokyo-a509,33,97,Normal
2026-02-08 13:04:49.967364,Tokyo-a509,24,48,Normal
2026-02-08 13:04:50.967364,Tokyo-a509,-17,39,Normal
2026-02-08 13:04:51.967364,Tokyo-a509,12,74,Normal
2026-02-08 13:04:52.967364,Tokyo-a509,28,88,Normal
2026-02-08 13:04:53.967364,Tokyo-a509,28,14,Normal
2026-02-08 13:04:54.967364,Tokyo-a509,3,100,Normal
2026-02-08 13:04:55.967364,Tokyo-a509,-10,9,Normal
2026-02-08 13:04:56.967364,Tokyo-a509,-23,25,Normal
2026-02-08 13:04:57.967364,Tokyo-a509,19,80,Normal
2026-02-08 13:04:58.967364,Tokyo-a509,45,73,Normal
2026-02-08 13:04:59.967364,Tokyo-a509,44,49,Normal
2026-02-08 13:05:00.967364,Tokyo-a509,19,63,Normal
2026-02-08 13:05:01.967364,Tokyo-a509,17,92,Normal
2026-02-08 13:05:02.967364,Tokyo-a509,7,100,Normal
