timestamp,station_id,temp,humid,condition
2026-02-15 23:24:41.093287,Tokyo-1387,11,9,Normal
2026-02-15 23:24:42.093287,Tokyo-1387,13,61,Normal
2026-02-15 23:24:43.093287,Tokyo-1387,46,62,Normal
2026-02-15 23:24:44.093287,Tokyo-1387,-26,32,Normal
2026-02-15 23:24:45.093287,Tokyo-1387,32,28,Normal
2026-02-15 23:24:46.093287,Tokyo-1387,3,87,Normal
2026-02-15 23:24:47.093287,Tokyo-1387,15,34,Normal
2026-02-15 23:24:48.093287,Tokyo-1387,23,51,Normal
2026-02-15 23:24:49.093287,Tokyo-1387,18,35,Normal
2026-02-15 23:24:50.093287,Tokyo-1387,-10,52,Normal
2026-02-15 23:24:51.093287,Tokyo-1387,4,51,Normal
2026-02-15 23:24:52.093287,Tokyo-1387,38,84,Normal
2026-02-15 23:24:53.093287,Tokyo-1387,1,98,Normal
2026-02-15 23:24:54.093287,Tokyo-1387,29,13,Normal
2026-02-15 23:24:55.093287,Tokyo-1387,18,96,Normal
2026-02-15 23:24:56.093287,Tokyo-1387,-27,52,Normal
2026-02-15 23:24:57.093287,Tokyo-1387,8,61,Normal
2026-02-15 23:24:58.093287,Tokyo-1387,21,7,Normal
2026-02-15 23:24:59.093287,Tokyo-1387,42,49,Normal
2026-02-15 23:25:00.093287,Tokyo-1387,19,25,Normal
2026-02-15 23:25:01.093287,Tokyo-1387,29,100,Normal
2026-02-15 23:25:02.093287,Tokyo-1387,28,79,Normal
2026-02-15 23:25:03.093287,Tokyo-1387,6,95,Normal
2026-02-15 23:25:04.093287,Tokyo-1387,7,73,Normal
2026-02-15 23:25:05.093287,Tokyo-1387,15,95,Normal
2026-02-15 23:25:06.093287,Tokyo-1387,43,43,Normal
2026-02-15 23:25:07.093287,Tokyo-1387,32,18,Normal
2026-02-15 23:25:08.093287,Tokyo-1387,-6,49,Normal
2026-02-15 23:25:09.093287,Tokyo-1387,-29,29,Normal
2026-02-15 23:25:10.093287,Tokyo-1387,48,82,Normal
2026-02-15 23:25:11.093287,Tokyo-1387,28,22,Normal
2026-02-15 23:25:12.093287,Tokyo-1387,-6,44,Normal
2026-02-15 23:25:13.093287,Tokyo-1387,8,49,Normal
2026-02-15 23:25:14.093287,Tokyo-1387,27,14,Normal
2026-02-15 23:25:15.093287,Tokyo-1387,3,43,Normal
2026-02-15 23:25:16.093287,Tokyo-1387,36,68,Normal
2026-02-15 23:25:17.093287,Tokyo-1387,37,53,Normal
2026-02-15 23:25:18.093287,Tokyo-1387,-4,21,Normal
2026-02-15 23:25:19.093287,Tokyo-1387,38,53,Normal
2026-02-15 23:25:20.093287,Tokyo-1387,-17,33,Normal
2026-02-15 23:25:21.093287,Tokyo-1387,-23,11,Normal
2026-02-15 23:25:22.093287,Tokyo-1387,-8,85,Normal
2026-02-15 23:25:23.093287,Tokyo-1387,17,78,Normal
2026-02-15 23:25:24.093287,Tokyo-1387,7,18,Normal
2026-02-15 23:25:25.093287,Tokyo-1387,39,61,Normal
2026-02-15 23:25:26.093287,Tokyo-1387,14,62,Normal
2026-02-15 23:25:27.093287,Tokyo-1387,-3,96,Normal
2026-02-15 23:25:28.093287,Tokyo-1387,21,35,Normal
2026-02-15 23:25:29.093287,Tokyo-1387,23,88,Normal
2026-02-15 23:25:30.093287,Tokyo-1387,24,0,Normal
2026-02-15 23:25:31.093287,Tokyo-1387,32,80,Normal
2026-02-15 23:25:32.093287,Tokyo-1387,38,8,Normal
2026-02-15 23:25:33.093287,Tokyo-1387,49,31,Normal
2026-02-15 23:25:34.093287,Tokyo-1387,27,53,Normal
2026-02-15 23:25:35.093287,Tokyo-1387,18,16,Normal
2026-02-15 23:25:36.093287,Tokyo-1387,-10,57,Normal
2026-02-15 23:25:37.093287,Tokyo-1387,4,69,Normal
2026-02-15 23:25:38.093287,Tokyo-1387,42,1,Normal
2026-02-15 23:25:39.093287,Tokyo-1387,40,16,Normal
2026-02-15 23:25:40.093287,Tokyo-1387,48,77,Normal
2026-02-15 23:25:41.093287,Tokyo-1387,-18,91,Normal
2026-02-15 23:25:42.093287,Tokyo-1387,-22,48,Normal
2026-02-15 23:25:43.093287,Tokyo-1387,-5,42,Normal
2026-02-15 23:25:44.093287,Tokyo-1387,26,47,Normal
2026-02-15 23:25:45.093287,Tokyo-1387,-17,87,Normal
2026-02-15 23:25:46.093287,Tokyo-1387,1,37,Normal
2026-02-15 23:25:47.093287,Tokyo-1387,14,11,Normal
2026-02-15 23:25:48.093287,Tokyo-1387,-26,75,Normal
2026-02-15 23:25:49.093287,Tokyo-1387,-3,17,Normal
2026-02-15 23:25:50.093287,Tokyo-1387,-2,25,Normal
2026-02-15 23:25:51.093287,Tokyo-1387,25,10,Normal
2026-02-15 23:25:52.093287,Tokyo-1387,21,75,Normal
2026-02-15 23:25:53.093287,Tokyo-1387,16,88,Normal
2026-02-15 23:25:54.093287,Tokyo-1387,-3,52,Normal
2026-02-15 23:25:55.093287,Tokyo-1387,32,89,Normal
2026-02-15 23:25:56.093287,Tokyo-1387,12,1,Normal
2026-02-15 23:25:57.093287,Tokyo-1387,26,99,Normal
2026-02-15 23:25:58.093287,Tokyo-1387,23,37,Normal
2026-02-15 23:25:59.093287,Tokyo-1387,50,80,Normal
2026-02-15 23:26:00.093287,Tokyo-1387,-12,24,Normal
2026-02-15 23:26:01.093287,Tokyo-1387,-1,94,Normal
2026-02-15 23:26:02.093287,Tokyo-1387,-25,76,Normal
2026-02-15 23:26:03.093287,Tokyo-1387,12,66,Normal
2026-02-15 23:26:04.093287,Tokyo-1387,-23,43,Normal
2026-02-15 23:26:05.093287,Tokyo-1387,-3,81,Normal
2026-02-15 23:26:06.093287,Tokyo-1387,12,49,Normal
2026-02-15 23:26:07.093287,Tokyo-1387,-10,71,Normal
2026-02-15 23:26:08.093287,Tokyo-1387,26,47,Normal
2026-02-15 23:26:09.093287,Tokyo-1387,-15,22,Normal
2026-02-15 23:26:10.093287,Tokyo-1387,8,59,Normal
2026-02-15 23:26:11.093287,Tokyo-1387,-14,90,Normal
2026-02-15 23:26:12.093287,Tokyo-1387,-17,25,Normal
2026-02-15 23:26:13.093287,Tokyo-1387,16,32,Normal
2026-02-15 23:26:14.093287,Tokyo-1387,4,97,Normal
2026-02-15 23:26:15.093287,Tokyo-1387,29,66,Normal
2026-02-15 23:26:16.093287,Tokyo-1387,-7,22,Normal
2026-02-15 23:26:17.093287,Tokyo-1387,-8,23,Normal
2026-02-15 23:26:18.093287,Tokyo-1387,-8,10,Normal
2026-02-15 23:26:19.093287,Tokyo-1387,31,84,Normal
2026-02-15 23:26:20.093287,Tokyo-1387,24,90,Normal
2026-02-15 23:26:21.093287,Tokyo-1387,38,34,Normal
2026-02-15 23:26:22.093287,Tokyo-1387,37,4,Normal
2026-02-15 23:26:23.093287,Tokyo-1387,4,30,Normal
2026-02-15 23:26:24.093287,Tokyo-1387,13,54,Normal
2026-02-15 23:26:25.093287,Tokyo-1387,38,32,Normal
2026-02-15 23:26:26.093287,Tokyo-1387,41,38,Normal
2026-02-15 23:26:27.093287,Tokyo-1387,13,19,Normal
2026-02-15 23:26:28.093287,Tokyo-1387,0,15,Normal
2026-02-15 23:26:29.093287,Tokyo-1387,-17,83,Normal
2026-02-15 23:26:30.093287,Tokyo-1387,-5,22,Normal
2026-02-15 23:26:31.093287,Tokyo-1387,-7,83,Normal
2026-02-15 23:26:32.093287,Tokyo-1387,11,63,Normal
2026-02-15 23:26:33.093287,Tokyo-1387,-25,99,Normal
2026-02-15 23:26:34.093287,Tokyo-1387,11,9,Normal
2026-02-15 23:26:35.093287,Tokyo-1387,-29,65,Normal
2026-02-15 23:26:36.093287,Tokyo-1387,49,7,Normal
2026-02-15 23:26:37.093287,Tokyo-1387,37,85,Normal
2026-02-15 23:26:38.093287,Tokyo-1387,-9,87,Normal
2026-02-15 23:26:39.093287,Tokyo-1387,35,29,Normal
2026-02-15 23:26:40.093287,Tokyo-1387,50,15,Normal
2026-02-15 23:26:41.093287,Tokyo-1387,41,48,Normal
2026-02-15 23:26:42.093287,Tokyo-1387,17,13,Normal
2026-02-15 23:26:43.093287,Tokyo-1387,23,53,Normal
2026-02-15 23:26:44.093287,Tokyo-1387,19,18,Normal
2026-02-15 23:26:45.093287,Tokyo-1387,-22,69,Normal
2026-02-15 23:26:46.093287,Tokyo-1387,-13,40,Normal
2026-02-15 23:26:47.093287,Tokyo-1387,37,28,Normal
2026-02-15 23:26:48.093287,Tokyo-1387,37,12,Normal
2026-02-15 23:26:49.093287,Tokyo-1387,12,24,Normal
2026-02-15 23:26:50.093287,Tokyo-1387,28,56,Normal
2026-02-15 23:26:51.093287,Tokyo-1387,-14,78,Normal
2026-02-15 23:26:52.093287,Tokyo-1387,20,75,Normal
2026-02-15 23:26:53.093287,Tokyo-1387,-1,53,Normal
2026-02-15 23:26:54.093287,Tokyo-1387,-28,2,Normal
2026-02-15 23:26:55.093287,Tokyo-1387,37,72,Normal
2026-02-15 23:26:56.093287,Tokyo-1387,-22,57,Normal
2026-02-15 23:26:57.093287,Tokyo-1387,32,60,Normal
2026-02-15 23:26:58.093287,Tokyo-1387,13,1,Normal
2026-02-15 23:26:59.093287,Tokyo-1387,1,67,Normal
2026-02-15 23:27:00.093287,Tokyo-1387,46,67,Normal
2026-02-15 23:27:01.093287,Tokyo-1387,8,50,Normal
2026-02-15 23:27:02.093287,Tokyo-1387,-8,52,Normal
2026-02-15 23:27:03.093287,Tokyo-1387,24,48,Normal
2026-02-15 23:27:04.093287,Tokyo-1387,-2,54,Normal
2026-02-15 23:27:05.093287,Tokyo-1387,-28,65,Normal
2026-02-15 23:27:06.093287,Tokyo-1387,14,46,Normal
2026-02-15 23:27:07.093287,Tokyo-1387,12,75,Normal
2026-02-15 23:27:08.093287,Tokyo-1387,40,18,Normal
2026-02-15 23:27:09.093287,Tokyo-1387,30,39,Normal
2026-02-15 23:27:10.093287,Tokyo-1387,-6,12,Normal
2026-02-15 23:27:11.093287,Tokyo-1387,32,0,Normal
2026-02-15 23:27:12.093287,Tokyo-1387,47,18,Normal
2026-02-15 23:27:13.093287,Tokyo-1387,-14,25,Normal
2026-02-15 23:27:14.093287,Tokyo-1387,5,11,Normal
2026-02-15 23:27:15.093287,Tokyo-1387,4,7,Normal
2026-02-15 23:27:16.093287,Tokyo-1387,25,4,Normal
2026-02-15 23:27:17.093287,Tokyo-1387,16,81,Normal
2026-02-15 23:27:18.093287,Tokyo-1387,35,61,Normal
2026-02-15 23:27:19.093287,Tokyo-1387,27,3,Normal
2026-02-15 23:27:20.093287,Tokyo-1387,22,90,Normal
2026-02-15 23:27:21.093287,Tokyo-1387,22,28,Normal
2026-02-15 23:27:22.093287,Tokyo-1387,15,40,Normal
2026-02-15 23:27:23.093287,Tokyo-1387,24,46,Normal
2026-02-15 23:27:24.093287,Tokyo-1387,50,24,Normal
2026-02-15 23:27:25.093287,Tokyo-1387,44,84,Normal
2026-02-15 23:27:26.093287,Tokyo-1387,45,70,Normal
2026-02-15 23:27:27.093287,Tokyo-1387,41,100,Normal
2026-02-15 23:27:28.093287,Tokyo-1387,9,63,Normal
2026-02-15 23:27:29.093287,Tokyo-1387,-18,36,Normal
2026-02-15 23:27:30.093287,Tokyo-1387,-9,81,Normal
2026-02-15 23:27:31.093287,Tokyo-1387,-24,5,Normal
2026-02-15 23:27:32.093287,Tokyo-1387,37,27,Normal
2026-02-15 23:27:33.093287,Tokyo-1387,-21,11,Normal
2026-02-15 23:27:34.093287,Tokyo-1387,-8,59,Normal
2026-02-15 23:27:35.093287,Tokyo-1387,21,62,Normal
2026-02-15 23:27:36.093287,Tokyo-1387,-24,89,Normal
2026-02-15 23:27:37.093287,Tokyo-1387,27,8,Normal
2026-02-15 23:27:38.093287,Tokyo-1387,-4,70,Normal
2026-02-15 23:27:39.093287,Tokyo-1387,-24,96,Normal
2026-02-15 23:27:40.093287,Tokyo-1387,44,46,Normal
2026-02-15 23:27:41.093287,Tokyo-1387,49,10,Normal
2026-02-15 23:27:42.093287,Tokyo-1387,45,62,Normal
2026-02-15 23:27:43.093287,Tokyo-1387,40,69,Normal
2026-02-15 23:27:44.093287,Tokyo-1387,13,16,Normal
2026-02-15 23:27:45.093287,Tokyo-1387,-14,87,Normal
2026-02-15 23:27:46.093287,Tokyo-1387,49,67,Normal
2026-02-15 23:27:47.093287,Tokyo-1387,-25,54,Normal
2026-02-15 23:27:48.093287,Tokyo-1387,21,44,Normal
2026-02-15 23:27:49.093287,Tokyo-1387,4,47,Normal
2026-02-15 23:27:50.093287,Tokyo-1387,45,66,Normal
2026-02-15 23:27:51.093287,Tokyo-1387,-25,61,Normal
2026-02-15 23:27:52.093287,Tokyo-1387,-20,45,Normal
2026-02-15 23:27:53.093287,Tokyo-1387,35,35,Normal
2026-02-15 23:27:54.093287,Tokyo-1387,41,67,Normal
2026-02-15 23:27:55.093287,Tokyo-1387,37,57,Normal
2026-02-15 23:27:56.093287,Tokyo-1387,23,42,Normal
2026-02-15 23:27:57.093287,Tokyo-1387,22,57,Normal
2026-02-15 23:27:58.093287,Tokyo-1387,50,35,Normal
2026-02-15 23:27:59.093287,Tokyo-1387,31,55,Normal
2026-02-15 23:28:00.093287,Tokyo-1387,17,55,Normal
2026-02-15 23:28:01.093287,Tokyo-1387,38,12,Normal
2026-02-15 23:28:02.093287,Tokyo-1387,-26,93,Normal
2026-02-15 23:28:03.093287,Tokyo-1387,0,59,Normal
2026-02-15 23:28:04.093287,Tokyo-1387,24,44,Normal
2026-02-15 23:28:05.093287,Tokyo-1387,-7,71,Normal
2026-02-15 23:28:06.093287,Tokyo-1387,38,17,Normal
2026-02-15 23:28:07.093287,Tokyo-1387,3,45,Normal
2026-02-15 23:28:08.093287,Tokyo-1387,9,18,Normal
2026-02-15 23:28:09.093287,Tokyo-1387,15,42,Normal
2026-02-15 23:28:10.093287,Tokyo-1387,41,4,Normal
2026-02-15 23:28:11.093287,Tokyo-1387,25,19,Normal
2026-02-15 23:28:12.093287,Tokyo-1387,47,82,Normal
2026-02-15 23:28:13.093287,Tokyo-1387,17,82,Normal
2026-02-15 23:28:14.093287,Tokyo-1387,40,33,Normal
2026-02-15 23:28:15.093287,Tokyo-1387,0,84,Normal
2026-02-15 23:28:16.093287,Tokyo-1387,22,51,Normal
2026-02-15 23:28:17.093287,Tokyo-1387,-20,34,Normal
2026-02-15 23:28:18.093287,Tokyo-1387,-22,83,Normal
2026-02-15 23:28:19.093287,Tokyo-1387,-7,4,Normal
2026-02-15 23:28:20.093287,Tokyo-1387,-1,37,Normal
2026-02-15 23:28:21.093287,Tokyo-1387,-29,19,Normal
2026-02-15 23:28:22.093287,Tokyo-1387,-7,45,Normal
2026-02-15 23:28:23.093287,Tokyo-1387,32,61,Normal
2026-02-15 23:28:24.093287,Tokyo-1387,-13,60,Normal
2026-02-15 23:28:25.093287,Tokyo-1387,38,52,Normal
2026-02-15 23:28:26.093287,Tokyo-1387,4,41,Normal
2026-02-15 23:28:27.093287,Tokyo-1387,-12,79,Normal
2026-02-15 23:28:28.093287,Tokyo-1387,36,63,Normal
2026-02-15 23:28:29.093287,Tokyo-1387,42,95,Normal
2026-02-15 23:28:30.093287,Tokyo-1387,-24,16,Normal
2026-02-15 23:28:31.093287,Tokyo-1387,36,29,Normal
2026-02-15 23:28:32.093287,Tokyo-1387,-22,1,Normal
2026-02-15 23:28:33.093287,Tokyo-1387,9,99,Normal
2026-02-15 23:28:34.093287,Tokyo-1387,30,100,Normal
2026-02-15 23:28:35.093287,Tokyo-1387,28,88,Normal
2026-02-15 23:28:36.093287,Tokyo-1387,-19,98,Normal
2026-02-15 23:28:37.093287,Tokyo-1387,13,39,Normal
2026-02-15 23:28:38.093287,Tokyo-1387,27,33,Normal
2026-02-15 23:28:39.093287,Tokyo-1387,26,73,Normal
2026-02-15 23:28:40.093287,Tokyo-1387,-1,48,Normal
2026-02-15 23:28:41.093287,Tokyo-1387,0,66,Normal
2026-02-15 23:28:42.093287,Tokyo-1387,21,15,Normal
2026-02-15 23:28:43.093287,Tokyo-1387,-15,39,Normal
2026-02-15 23:28:44.093287,Tokyo-1387,-25,48,Normal
2026-02-15 23:28:45.093287,Tokyo-1387,5,90,Normal
2026-02-15 23:28:46.093287,Tokyo-1387,-29,51,Normal
2026-02-15 23:28:47.093287,Tokyo-1387,-11,86,Normal
2026-02-15 23:28:48.093287,Tokyo-1387,-12,40,Normal
2026-02-15 23:28:49.093287,Tokyo-1387,-9,4,Normal
2026-02-15 23:28:50.093287,Tokyo-1387,2,8,Normal
2026-02-15 23:28:51.093287,Tokyo-1387,-20,15,Normal
2026-02-15 23:28:52.093287,Tokyo-1387,46,68,Normal
2026-02-15 23:28:53.093287,Tokyo-1387,12,28,Normal
2026-02-15 23:28:54.093287,Tokyo-1387,-21,64,Normal
2026-02-15 23:28:55.093287,Tokyo-1387,-27,59,Normal
2026-02-15 23:28:56.093287,Tokyo-1387,-14,100,Normal
2026-02-15 23:28:57.093287,Tokyo-1387,30,71,Normal
2026-02-15 23:28:58.093287,Tokyo-1387,41,83,Normal
2026-02-15 23:28:59.093287,Tokyo-1387,8,80,Normal
2026-02-15 23:29:00.093287,Tokyo-1387,-23,75,Normal
2026-02-15 23:29:01.093287,Tokyo-1387,49,17,Normal
2026-02-15 23:29:02.093287,Tokyo-1387,50,35,Normal
2026-02-15 23:29:03.093287,Tokyo-1387,13,73,Normal
2026-02-15 23:29:04.093287,Tokyo-1387,18,97,Normal
2026-02-15 23:29:05.093287,Tokyo-1387,-6,27,Normal
2026-02-15 23:29:06.093287,Tokyo-1387,-15,21,Normal
2026-02-15 23:29:07.093287,Tokyo-1387,-19,26,Normal
2026-02-15 23:29:08.093287,Tokyo-1387,27,99,Normal
2026-02-15 23:29:09.093287,Tokyo-1387,32,45,Normal
2026-02-15 23:29:10.093287,Tokyo-1387,45,9,Normal
2026-02-15 23:29:11.093287,Tokyo-1387,26,72,Normal
2026-02-15 23:29:12.093287,Tokyo-1387,28,50,Normal
2026-02-15 23:29:13.093287,Tokyo-1387,-29,84,Normal
2026-02-15 23:29:14.093287,Tokyo-1387,19,63,Normal
2026-02-15 23:29:15.093287,Tokyo-1387,-29,94,Normal
2026-02-15 23:29:16.093287,Tokyo-1387,-30,7,Normal
2026-02-15 23:29:17.093287,Tokyo-1387,23,77,Normal
2026-02-15 23:29:18.093287,Tokyo-1387,45,44,Normal
2026-02-15 23:29:19.093287,Tokyo-1387,-13,55,Normal
2026-02-15 23:29:20.093287,Tokyo-1387,36,55,Normal
2026-02-15 23:29:21.093287,Tokyo-1387,5,39,Normal
2026-02-15 23:29:22.093287,Tokyo-1387,19,4,Normal
2026-02-15 23:29:23.093287,Tokyo-1387,-29,54,Normal
2026-02-15 23:29:24.093287,Tokyo-1387,-11,6,Normal
2026-02-15 23:29:25.093287,Tokyo-1387,23,80,Normal
2026-02-15 23:29:26.093287,Tokyo-1387,-18,13,Normal
2026-02-15 23:29:27.093287,Tokyo-1387,36,28,Normal
2026-02-15 23:29:28.093287,Tokyo-1387,36,65,Normal
2026-02-15 23:29:29.093287,Tokyo-1387,27,85,Normal
2026-02-15 23:29:30.093287,Tokyo-1387,4,98,Normal
2026-02-15 23:29:31.093287,Tokyo-1387,19,25,Normal
2026-02-15 23:29:32.093287,Tokyo-1387,-5,85,Normal
2026-02-15 23:29:33.093287,Tokyo-1387,20,91,Normal
2026-02-15 23:29:34.093287,Tokyo-1387,-16,73,Normal
2026-02-15 23:29:35.093287,Tokyo-1387,17,61,Normal
2026-02-15 23:29:36.093287,Tokyo-1387,10,30,Normal
2026-02-15 23:29:37.093287,Tokyo-1387,0,44,Normal
2026-02-15 23:29:38.093287,Tokyo-1387,-23,56,Normal
2026-02-15 23:29:39.093287,Tokyo-1387,19,53,Normal
2026-02-15 23:29:40.093287,Tokyo-1387,17,100,Normal
2026-02-15 23:29:41.093287,Tokyo-1387,34,79,Normal
2026-02-15 23:29:42.093287,Tokyo-1387,-19,73,Normal
2026-02-15 23:29:43.093287,Tokyo-1387,-15,8,Normal
2026-02-15 23:29:44.093287,Tokyo-1387,-14,48,Normal
2026-02-15 23:29:45.093287,Tokyo-1387,50,33,Normal
2026-02-15 23:29:46.093287,Tokyo-1387,10,28,Normal
2026-02-15 23:29:47.093287,Tokyo-1387,1,43,Normal
2026-02-15 23:29:48.093287,Tokyo-1387,-18,39,Normal
2026-02-15 23:29:49.093287,Tokyo-1387,49,33,Normal
2026-02-15 23:29:50.093287,Tokyo-1387,25,69,Normal
2026-02-15 23:29:51.093287,Tokyo-1387,31,56,Normal
2026-02-15 23:29:52.093287,Tokyo-1387,47,63,Normal
2026-02-15 23:29:53.093287,Tokyo-1387,13,100,Normal
2026-02-15 23:29:54.093287,Tokyo-1387,-15,94,Normal
2026-02-15 23:29:55.093287,Tokyo-1387,12,79,Normal
2026-02-15 23:29:56.093287,Tokyo-1387,29,64,Normal
2026-02-15 23:29:57.093287,Tokyo-1387,-29,27,Normal
2026-02-15 23:29:58.093287,Tokyo-1387,25,19,Normal
2026-02-15 23:29:59.093287,Tokyo-1387,47,20,Normal
2026-02-15 23:30:00.093287,Tokyo-1387,-16,65,Normal
2026-02-15 23:30:01.093287,Tokyo-1387,35,96,Normal
2026-02-15 23:30:02.093287,Tokyo-1387,16,18,Normal
2026-02-15 23:30:03.093287,Tokyo-1387,48,22,Normal
2026-02-15 23:30:04.093287,Tokyo-1387,-21,51,Normal
2026-02-15 23:30:05.093287,Tokyo-1387,1,55,Normal
2026-02-15 23:30:06.093287,Tokyo-1387,23,46,Normal
2026-02-15 23:30:07.093287,Tokyo-1387,16,37,Normal
2026-02-15 23:30:08.093287,Tokyo-1387,24,30,Normal
2026-02-15 23:30:09.093287,Tokyo-1387,-30,29,Normal
2026-02-15 23:30:10.093287,Tokyo-1387,42,58,Normal
2026-02-15 23:30:11.093287,Tokyo-1387,4,46,Normal
2026-02-15 23:30:12.093287,Tokyo-1387,-20,81,Normal
2026-02-15 23:30:13.093287,Tokyo-1387,27,94,Normal
2026-02-15 23:30:14.093287,Tokyo-1387,-24,18,Normal
2026-02-15 23:30:15.093287,Tokyo-1387,-25,10,Normal
2026-02-15 23:30:16.093287,Tokyo-1387,-15,5,Normal
2026-02-15 23:30:17.093287,Tokyo-1387,-24,21,Normal
2026-02-15 23:30:18.093287,Tokyo-1387,36,48,Normal
2026-02-15 23:30:19.093287,Tokyo-1387,14,67,Normal
2026-02-15 23:30:20.093287,Tokyo-1387,-16,92,Normal
2026-02-15 23:30:21.093287,Tokyo-1387,17,7,Normal
2026-02-15 23:30:22.093287,Tokyo-1387,47,16,Normal
2026-02-15 23:30:23.093287,Tokyo-1387,46,63,Normal
2026-02-15 23:30:24.093287,Tokyo-1387,41,25,Normal
2026-02-15 23:30:25.093287,Tokyo-1387,35,50,Normal
2026-02-15 23:30:26.093287,Tokyo-1387,-26,35,Normal
2026-02-15 23:30:27.093287,Tokyo-1387,33,99,Normal
2026-02-15 23:30:28.093287,Tokyo-1387,-26,36,Normal
2026-02-15 23:30:29.093287,Tokyo-1387,-9,6,Normal
2026-02-15 23:30:30.093287,Tokyo-1387,42,47,Normal
2026-02-15 23:30:31.093287,Tokyo-1387,32,83,Normal
2026-02-15 23:30:32.093287,Tokyo-1387,3,29,Normal
2026-02-15 23:30:33.093287,Tokyo-1387,8,51,Normal
2026-02-15 23:30:34.093287,Tokyo-1387,-9,75,Normal
2026-02-15 23:30:35.093287,Tokyo-1387,13,88,Normal
2026-02-15 23:30:36.093287,Tokyo-1387,-6,9,Normal
2026-02-15 23:30:37.093287,Tokyo-1387,18,15,Normal
2026-02-15 23:30:38.093287,Tokyo-1387,36,87,Normal
2026-02-15 23:30:39.093287,Tokyo-1387,-16,1,Normal
2026-02-15 23:30:40.093287,Tokyo-1387,25,76,Normal
2026-02-15 23:30:41.093287,Tokyo-1387,46,39,Normal
2026-02-15 23:30:42.093287,Tokyo-1387,22,79,Normal
2026-02-15 23:30:43.093287,Tokyo-1387,0,30,Normal
2026-02-15 23:30:44.093287,Tokyo-1387,-12,73,Normal
2026-02-15 23:30:45.093287,Tokyo-1387,-27,30,Normal
2026-02-15 23:30:46.093287,Tokyo-1387,6,96,Normal
2026-02-15 23:30:47.093287,Tokyo-1387,47,9,Normal
2026-02-15 23:30:48.093287,Tokyo-1387,-13,36,Normal
2026-02-15 23:30:49.093287,Tokyo-1387,-11,22,Normal
2026-02-15 23:30:50.093287,Tokyo-1387,-5,62,Normal
2026-02-15 23:30:51.093287,Tokyo-1387,-6,23,Normal
2026-02-15 23:30:52.093287,Tokyo-1387,12,62,Normal
2026-02-15 23:30:53.093287,Tokyo-1387,42,67,Normal
2026-02-15 23:30:54.093287,Tokyo-1387,29,15,Normal
2026-02-15 23:30:55.093287,Tokyo-1387,-24,1,Normal
2026-02-15 23:30:56.093287,Tokyo-1387,3,89,Normal
2026-02-15 23:30:57.093287,Tokyo-1387,-3,30,Normal
2026-02-15 23:30:58.093287,Tokyo-1387,36,86,Normal
2026-02-15 23:30:59.093287,Tokyo-1387,34,6,Normal
2026-02-15 23:31:00.093287,Tokyo-1387,-21,51,Normal
2026-02-15 23:31:01.093287,Tokyo-1387,36,84,Normal
2026-02-15 23:31:02.093287,Tokyo-1387,-9,17,Normal
2026-02-15 23:31:03.093287,Tokyo-1387,-21,14,Normal
2026-02-15 23:31:04.093287,Tokyo-1387,-14,94,Normal
2026-02-15 23:31:05.093287,Tokyo-1387,16,50,Normal
2026-02-15 23:31:06.093287,Tokyo-1387,46,74,Normal
2026-02-15 23:31:07.093287,Tokyo-1387,3,45,Normal
2026-02-15 23:31:08.093287,Tokyo-1387,-12,17,Normal
2026-02-15 23:31:09.093287,Tokyo-1387,-5,32,Normal
2026-02-15 23:31:10.093287,Tokyo-1387,-11,26,Normal
2026-02-15 23:31:11.093287,Tokyo-1387,8,57,Normal
2026-02-15 23:31:12.093287,Tokyo-1387,0,55,Normal
2026-02-15 23:31:13.093287,Tokyo-1387,16,34,Normal
2026-02-15 23:31:14.093287,Tokyo-1387,25,54,Normal
2026-02-15 23:31:15.093287,Tokyo-1387,-28,74,Normal
2026-02-15 23:31:16.093287,Tokyo-1387,8,17,Normal
2026-02-15 23:31:17.093287,Tokyo-1387,-24,22,Normal
2026-02-15 23:31:18.093287,Tokyo-1387,12,32,Normal
2026-02-15 23:31:19.093287,Tokyo-1387,-21,36,Normal
2026-02-15 23:31:20.093287,Tokyo-1387,-12,37,Normal
2026-02-15 23:31:21.093287,Tokyo-1387,26,93,Normal
2026-02-15 23:31:22.093287,Tokyo-1387,8,35,Normal
2026-02-15 23:31:23.093287,Tokyo-1387,12,71,Normal
2026-02-15 23:31:24.093287,Tokyo-1387,-5,99,Normal
2026-02-15 23:31:25.093287,Tokyo-1387,30,65,Normal
2026-02-15 23:31:26.093287,Tokyo-1387,9,38,Normal
2026-02-15 23:31:27.093287,Tokyo-1387,33,84,Normal
2026-02-15 23:31:28.093287,Tokyo-1387,9,15,Normal
2026-02-15 23:31:29.093287,Tokyo-1387,-21,68,Normal
2026-02-15 23:31:30.093287,Tokyo-1387,-25,59,Normal
2026-02-15 23:31:31.093287,Tokyo-1387,-5,9,Normal
2026-02-15 23:31:32.093287,Tokyo-1387,-16,21,Normal
2026-02-15 23:31:33.093287,Tokyo-1387,8,27,Normal
2026-02-15 23:31:34.093287,Tokyo-1387,30,6,Normal
2026-02-15 23:31:35.093287,Tokyo-1387,-24,86,Normal
2026-02-15 23:31:36.093287,Tokyo-1387,33,68,Normal
2026-02-15 23:31:37.093287,Tokyo-1387,38,25,Normal
2026-02-15 23:31:38.093287,Tokyo-1387,-16,16,Normal
2026-02-15 23:31:39.093287,Tokyo-1387,3,80,Normal
2026-02-15 23:31:40.093287,Tokyo-1387,40,83,Normal
2026-02-15 23:31:41.093287,Tokyo-1387,25,50,Normal
2026-02-15 23:31:42.093287,Tokyo-1387,-16,83,Normal
2026-02-15 23:31:43.093287,Tokyo-1387,20,68,Normal
2026-02-15 23:31:44.093287,Tokyo-1387,-28,46,Normal
2026-02-15 23:31:45.093287,Tokyo-1387,50,87,Normal
2026-02-15 23:31:46.093287,Tokyo-1387,29,15,Normal
2026-02-15 23:31:47.093287,Tokyo-1387,-22,29,Normal
2026-02-15 23:31:48.093287,Tokyo-1387,19,13,Normal
2026-02-15 23:31:49.093287,Tokyo-1387,-4,29,Normal
2026-02-15 23:31:50.093287,Tokyo-1387,46,3,Normal
2026-02-15 23:31:51.093287,Tokyo-1387,43,19,Normal
2026-02-15 23:31:52.093287,Tokyo-1387,-9,54,Normal
2026-02-15 23:31:53.093287,Tokyo-1387,-4,79,Normal
2026-02-15 23:31:54.093287,Tokyo-1387,0,16,Normal
2026-02-15 23:31:55.093287,Tokyo-1387,47,3,Normal
2026-02-15 23:31:56.093287,Tokyo-1387,6,47,Normal
2026-02-15 23:31:57.093287,Tokyo-1387,-3,100,Normal
2026-02-15 23:31:58.093287,Tokyo-1387,45,39,Normal
2026-02-15 23:31:59.093287,Tokyo-1387,7,80,Normal
2026-02-15 23:32:00.093287,Tokyo-1387,-7,45,Normal
2026-02-15 23:32:01.093287,Tokyo-1387,34,8,Normal
2026-02-15 23:32:02.093287,Tokyo-1387,3,23,Normal
2026-02-15 23:32:03.093287,Tokyo-1387,-21,57,Normal
2026-02-15 23:32:04.093287,Tokyo-1387,-8,82,Normal
2026-02-15 23:32:05.093287,Tokyo-1387,49,25,Normal
2026-02-15 23:32:06.093287,Tokyo-1387,44,27,Normal
2026-02-15 23:32:07.093287,Tokyo-1387,38,7,Normal
2026-02-15 23:32:08.093287,Tokyo-1387,22,90,Normal
2026-02-15 23:32:09.093287,Tokyo-1387,43,73,Normal
2026-02-15 23:32:10.093287,Tokyo-1387,-23,18,Normal
2026-02-15 23:32:11.093287,Tokyo-1387,3,7,Normal
2026-02-15 23:32:12.093287,Tokyo-1387,35,58,Normal
2026-02-15 23:32:13.093287,Tokyo-1387,45,47,Normal
2026-02-15 23:32:14.093287,Tokyo-1387,10,31,Normal
2026-02-15 23:32:15.093287,Tokyo-1387,-22,28,Normal
2026-02-15 23:32:16.093287,Tokyo-1387,4,85,Normal
2026-02-15 23:32:17.093287,Tokyo-1387,-29,54,Normal
2026-02-15 23:32:18.093287,Tokyo-1387,33,35,Normal
2026-02-15 23:32:19.093287,Tokyo-1387,32,81,Normal
2026-02-15 23:32:20.093287,Tokyo-1387,18,93,Normal
2026-02-15 23:32:21.093287,Tokyo-1387,22,43,Normal
2026-02-15 23:32:22.093287,Tokyo-1387,5,43,Normal
2026-02-15 23:32:23.093287,Tokyo-1387,-19,95,Normal
2026-02-15 23:32:24.093287,Tokyo-1387,2,11,Normal
2026-02-15 23:32:25.093287,Tokyo-1387,29,34,Normal
2026-02-15 23:32:26.093287,Tokyo-1387,46,30,Normal
2026-02-15 23:32:27.093287,Tokyo-1387,8,10,Normal
2026-02-15 23:32:28.093287,Tokyo-1387,20,1,Normal
2026-02-15 23:32:29.093287,Tokyo-1387,2,21,Normal
2026-02-15 23:32:30.093287,Tokyo-1387,1,23,Normal
2026-02-15 23:32:31.093287,Tokyo-1387,40,55,Normal
2026-02-15 23:32:32.093287,Tokyo-1387,29,8,Normal
2026-02-15 23:32:33.093287,Tokyo-1387,-28,34,Normal
2026-02-15 23:32:34.093287,Tokyo-1387,24,8,Normal
2026-02-15 23:32:35.093287,Tokyo-1387,-21,31,Normal
2026-02-15 23:32:36.093287,Tokyo-1387,48,81,Normal
2026-02-15 23:32:37.093287,Tokyo-1387,31,31,Normal
2026-02-15 23:32:38.093287,Tokyo-1387,5,4,Normal
2026-02-15 23:32:39.093287,Tokyo-1387,30,36,Normal
2026-02-15 23:32:40.093287,Tokyo-1387,45,72,Normal
2026-02-15 23:32:41.093287,Tokyo-1387,50,57,Normal
2026-02-15 23:32:42.093287,Tokyo-1387,-29,49,Normal
2026-02-15 23:32:43.093287,Tokyo-1387,37,61,Normal
2026-02-15 23:32:44.093287,Tokyo-1387,-10,62,Normal
2026-02-15 23:32:45.093287,Tokyo-1387,-20,14,Normal
2026-02-15 23:32:46.093287,Tokyo-1387,-5,30,Normal
2026-02-15 23:32:47.093287,Tokyo-1387,26,42,Normal
2026-02-15 23:32:48.093287,Tokyo-1387,-16,78,Normal
2026-02-15 23:32:49.093287,Tokyo-1387,-25,73,Normal
2026-02-15 23:32:50.093287,Tokyo-1387,20,95,Normal
2026-02-15 23:32:51.093287,Tokyo-1387,27,16,Normal
2026-02-15 23:32:52.093287,Tokyo-1387,15,16,Normal
2026-02-15 23:32:53.093287,Tokyo-1387,28,34,Normal
2026-02-15 23:32:54.093287,Tokyo-1387,-20,94,Normal
2026-02-15 23:32:55.093287,Tokyo-1387,0,61,Normal
2026-02-15 23:32:56.093287,Tokyo-1387,35,85,Normal
2026-02-15 23:32:57.093287,Tokyo-1387,3,91,Normal
2026-02-15 23:32:58.093287,Tokyo-1387,13,1,Normal
2026-02-15 23:32:59.093287,Tokyo-1387,24,85,Normal
2026-02-15 23:33:00.093287,Tokyo-1387,22,59,Normal
2026-02-15 23:33:01.093287,Tokyo-1387,-19,81,Normal
2026-02-15 23:33:02.093287,Tokyo-1387,-1,46,Normal
2026-02-15 23:33:03.093287,Tokyo-1387,39,64,Normal
2026-02-15 23:33:04.093287,Tokyo-1387,29,79,Normal
2026-02-15 23:33:05.093287,Tokyo-1387,27,0,Normal
2026-02-15 23:33:06.093287,Tokyo-1387,-6,2,Normal
2026-02-15 23:33:07.093287,Tokyo-1387,20,76,Normal
2026-02-15 23:33:08.093287,Tokyo-1387,-18,92,Normal
2026-02-15 23:33:09.093287,Tokyo-1387,0,89,Normal
2026-02-15 23:33:10.093287,Tokyo-1387,35,88,Normal
2026-02-15 23:33:11.093287,Tokyo-1387,-21,96,Normal
2026-02-15 23:33:12.093287,Tokyo-1387,11,93,Normal
2026-02-15 23:33:13.093287,Tokyo-1387,-11,50,Normal
2026-02-15 23:33:14.093287,Tokyo-1387,48,64,Normal
2026-02-15 23:33:15.093287,Tokyo-1387,47,45,Normal
2026-02-15 23:33:16.093287,Tokyo-1387,-5,40,Normal
2026-02-15 23:33:17.093287,Tokyo-1387,46,65,Normal
2026-02-15 23:33:18.093287,Tokyo-1387,10,78,Normal
2026-02-15 23:33:19.093287,Tokyo-1387,7,43,Normal
2026-02-15 23:33:20.093287,Tokyo-1387,-24,93,Normal
2026-02-15 23:33:21.093287,Tokyo-1387,-1,40,Normal
2026-02-15 23:33:22.093287,Tokyo-1387,17,57,Normal
2026-02-15 23:33:23.093287,Tokyo-1387,2,82,Normal
2026-02-15 23:33:24.093287,Tokyo-1387,29,50,Normal
2026-02-15 23:33:25.093287,Tokyo-1387,3,18,Normal
2026-02-15 23:33:26.093287,Tokyo-1387,-29,22,Normal
2026-02-15 23:33:27.093287,Tokyo-1387,-30,89,Normal
2026-02-15 23:33:28.093287,Tokyo-1387,20,65,Normal
2026-02-15 23:33:29.093287,Tokyo-1387,8,92,Normal
2026-02-15 23:33:30.093287,Tokyo-1387,40,60,Normal
2026-02-15 23:33:31.093287,Tokyo-1387,-18,18,Normal
2026-02-15 23:33:32.093287,Tokyo-1387,-18,91,Normal
2026-02-15 23:33:33.093287,Tokyo-1387,6,22,Normal
2026-02-15 23:33:34.093287,Tokyo-1387,12,98,Normal
2026-02-15 23:33:35.093287,Tokyo-1387,-15,16,Normal
2026-02-15 23:33:36.093287,Tokyo-1387,-13,95,Normal
2026-02-15 23:33:37.093287,Tokyo-1387,-22,3,Normal
2026-02-15 23:33:38.093287,Tokyo-1387,45,94,Normal
2026-02-15 23:33:39.093287,Tokyo-1387,-17,9,Normal
2026-02-15 23:33:40.093287,Tokyo-1387,-6,19,Normal
2026-02-15 23:33:41.093287,Tokyo-1387,8,25,Normal
2026-02-15 23:33:42.093287,Tokyo-1387,0,80,Normal
2026-02-15 23:33:43.093287,Tokyo-1387,-11,98,Normal
2026-02-15 23:33:44.093287,Tokyo-1387,5,40,Normal
2026-02-15 23:33:45.093287,Tokyo-1387,0,88,Normal
2026-02-15 23:33:46.093287,Tokyo-1387,-3,67,Normal
2026-02-15 23:33:47.093287,Tokyo-1387,5,20,Normal
2026-02-15 23:33:48.093287,Tokyo-1387,1,61,Normal
2026-02-15 23:33:49.093287,Tokyo-1387,13,68,Normal
2026-02-15 23:33:50.093287,Tokyo-1387,48,3,Normal
2026-02-15 23:33:51.093287,Tokyo-1387,-14,87,Normal
2026-02-15 23:33:52.093287,Tokyo-1387,38,8,Normal
2026-02-15 23:33:53.093287,Tokyo-1387,46,9,Normal
2026-02-15 23:33:54.093287,Tokyo-1387,-14,69,Normal
2026-02-15 23:33:55.093287,Tokyo-1387,4,69,Normal
2026-02-15 23:33:56.093287,Tokyo-1387,38,59,Normal
2026-02-15 23:33:57.093287,Tokyo-1387,-27,22,Normal
2026-02-15 23:33:58.093287,Tokyo-1387,5,65,Normal
2026-02-15 23:33:59.093287,Tokyo-1387,40,19,Normal
2026-02-15 23:34:00.093287,Tokyo-1387,4,71,Normal
2026-02-15 23:34:01.093287,Tokyo-1387,10,99,Normal
2026-02-15 23:34:02.093287,Tokyo-1387,-17,37,Normal
2026-02-15 23:34:03.093287,Tokyo-1387,9,65,Normal
2026-02-15 23:34:04.093287,Tokyo-1387,-24,77,Normal
2026-02-15 23:34:05.093287,Tokyo-1387,-19,92,Normal
2026-02-15 23:34:06.093287,Tokyo-1387,-20,32,Normal
2026-02-15 23:34:07.093287,Tokyo-1387,-22,37,Normal
2026-02-15 23:34:08.093287,Tokyo-1387,-11,43,Normal
2026-02-15 23:34:09.093287,Tokyo-1387,18,41,Normal
2026-02-15 23:34:10.093287,Tokyo-1387,-12,78,Normal
2026-02-15 23:34:11.093287,Tokyo-1387,-19,2,Normal
2026-02-15 23:34:12.093287,Tokyo-1387,-7,8,Normal
2026-02-15 23:34:13.093287,Tokyo-1387,35,80,Normal
2026-02-15 23:34:14.093287,Tokyo-1387,-3,3,Normal
2026-02-15 23:34:15.093287,Tokyo-1387,36,1,Normal
2026-02-15 23:34:16.093287,Tokyo-1387,-11,65,Normal
2026-02-15 23:34:17.093287,Tokyo-1387,-16,45,Normal
2026-02-15 23:34:18.093287,Tokyo-1387,37,72,Normal
2026-02-15 23:34:19.093287,Tokyo-1387,-10,74,Normal
2026-02-15 23:34:20.093287,Tokyo-1387,22,33,Normal
2026-02-15 23:34:21.093287,Tokyo-1387,35,59,Normal
2026-02-15 23:34:22.093287,Tokyo-1387,26,26,Normal
2026-02-15 23:34:23.093287,Tokyo-1387,0,97,Normal
2026-02-15 23:34:24.093287,Tokyo-1387,-18,41,Normal
2026-02-15 23:34:25.093287,Tokyo-1387,43,61,Normal
2026-02-15 23:34:26.093287,Tokyo-1387,-24,59,Normal
2026-02-15 23:34:27.093287,Tokyo-1387,44,41,Normal
2026-02-15 23:34:28.093287,Tokyo-1387,-25,6,Normal
2026-02-15 23:34:29.093287,Tokyo-1387,-29,33,Normal
2026-02-15 23:34:30.093287,Tokyo-1387,4,15,Normal
2026-02-15 23:34:31.093287,Tokyo-1387,-10,64,Normal
2026-02-15 23:34:32.093287,Tokyo-1387,-17,96,Normal
2026-02-15 23:34:33.093287,Tokyo-1387,21,74,Normal
2026-02-15 23:34:34.093287,Tokyo-1387,42,20,Normal
2026-02-15 23:34:35.093287,Tokyo-1387,12,63,Normal
2026-02-15 23:34:36.093287,Tokyo-1387,-18,14,Normal
2026-02-15 23:34:37.093287,Tokyo-1387,21,75,Normal
2026-02-15 23:34:38.093287,Tokyo-1387,48,13,Normal
2026-02-15 23:34:39.093287,Tokyo-1387,33,7,Normal
2026-02-15 23:34:40.093287,Tokyo-1387,14,70,Normal
2026-02-15 23:34:41.093287,Tokyo-1387,12,57,Normal
2026-02-15 23:34:42.093287,Tokyo-1387,13,14,Normal
2026-02-15 23:34:43.093287,Tokyo-1387,-30,13,Normal
2026-02-15 23:34:44.093287,Tokyo-1387,-14,25,Normal
2026-02-15 23:34:45.093287,Tokyo-1387,8,43,Normal
2026-02-15 23:34:46.093287,Tokyo-1387,-22,94,Normal
2026-02-15 23:34:47.093287,Tokyo-1387,42,85,Normal
2026-02-15 23:34:48.093287,Tokyo-1387,-16,91,Normal
2026-02-15 23:34:49.093287,Tokyo-1387,-24,100,Normal
2026-02-15 23:34:50.093287,Tokyo-1387,34,94,Normal
2026-02-15 23:34:51.093287,Tokyo-1387,40,65,Normal
2026-02-15 23:34:52.093287,Tokyo-1387,3,29,Normal
2026-02-15 23:34:53.093287,Tokyo-1387,-12,10,Normal
2026-02-15 23:34:54.093287,Tokyo-1387,1,83,Normal
2026-02-15 23:34:55.093287,Tokyo-1387,3,16,Normal
2026-02-15 23:34:56.093287,Tokyo-1387,5,55,Normal
2026-02-15 23:34:57.093287,Tokyo-1387,-4,25,Normal
2026-02-15 23:34:58.093287,Tokyo-1387,15,96,Normal
2026-02-15 23:34:59.093287,Tokyo-1387,13,13,Normal
2026-02-15 23:35:00.093287,Tokyo-1387,26,87,Normal
2026-02-15 23:35:01.093287,Tokyo-1387,44,53,Normal
2026-02-15 23:35:02.093287,Tokyo-1387,34,36,Normal
2026-02-15 23:35:03.093287,Tokyo-1387,29,97,Normal
2026-02-15 23:35:04.093287,Tokyo-1387,45,2,Normal
2026-02-15 23:35:05.093287,Tokyo-1387,0,33,Normal
2026-02-15 23:35:06.093287,Tokyo-1387,8,99,Normal
2026-02-15 23:35:07.093287,Tokyo-1387,-21,78,Normal
2026-02-15 23:35:08.093287,Tokyo-1387,-26,26,Normal
2026-02-15 23:35:09.093287,Tokyo-1387,-8,69,Normal
2026-02-15 23:35:10.093287,Tokyo-1387,8,68,Normal
2026-02-15 23:35:11.093287,Tokyo-1387,48,36,Normal
2026-02-15 23:35:12.093287,Tokyo-1387,39,65,Normal
2026-02-15 23:35:13.093287,Tokyo-1387,-30,100,Normal
2026-02-15 23:35:14.093287,Tokyo-1387,2,49,Normal
2026-02-15 23:35:15.093287,Tokyo-1387,8,72,Normal
2026-02-15 23:35:16.093287,Tokyo-1387,28,75,Normal
2026-02-15 23:35:17.093287,Tokyo-1387,-30,41,Normal
2026-02-15 23:35:18.093287,Tokyo-1387,5,15,Normal
2026-02-15 23:35:19.093287,Tokyo-1387,-18,47,Normal
2026-02-15 23:35:20.093287,Tokyo-1387,49,8,Normal
2026-02-15 23:35:21.093287,Tokyo-1387,-4,6,Normal
2026-02-15 23:35:22.093287,Tokyo-1387,27,34,Normal
2026-02-15 23:35:23.093287,Tokyo-1387,-1,44,Normal
2026-02-15 23:35:24.093287,Tokyo-1387,48,70,Normal
2026-02-15 23:35:25.093287,Tokyo-1387,-9,40,Normal
2026-02-15 23:35:26.093287,Tokyo-1387,21,93,Normal
2026-02-15 23:35:27.093287,Tokyo-1387,12,80,Normal
2026-02-15 23:35:28.093287,Tokyo-1387,-4,5,Normal
2026-02-15 23:35:29.093287,Tokyo-1387,-11,7,Normal
2026-02-15 23:35:30.093287,Tokyo-1387,7,40,Normal
2026-02-15 23:35:31.093287,Tokyo-1387,3,73,Normal
2026-02-15 23:35:32.093287,Tokyo-1387,-23,14,Normal
2026-02-15 23:35:33.093287,Tokyo-1387,30,64,Normal
2026-02-15 23:35:34.093287,Tokyo-1387,22,23,Normal
2026-02-15 23:35:35.093287,Tokyo-1387,12,53,Normal
2026-02-15 23:35:36.093287,Tokyo-1387,-18,2,Normal
2026-02-15 23:35:37.093287,Tokyo-1387,12,60,Normal
2026-02-15 23:35:38.093287,Tokyo-1387,32,81,Normal
2026-02-15 23:35:39.093287,Tokyo-1387,-26,88,Normal
2026-02-15 23:35:40.093287,Tokyo-1387,46,57,Normal
2026-02-15 23:35:41.093287,Tokyo-1387,-22,30,Normal
2026-02-15 23:35:42.093287,Tokyo-1387,34,77,Normal
2026-02-15 23:35:43.093287,Tokyo-1387,28,1,Normal
2026-02-15 23:35:44.093287,Tokyo-1387,34,88,Normal
2026-02-15 23:35:45.093287,Tokyo-1387,-30,56,Normal
2026-02-15 23:35:46.093287,Tokyo-1387,-10,3,Normal
2026-02-15 23:35:47.093287,Tokyo-1387,32,19,Normal
2026-02-15 23:35:48.093287,Tokyo-1387,3,99,Normal
2026-02-15 23:35:49.093287,Tokyo-1387,-24,23,Normal
2026-02-15 23:35:50.093287,Tokyo-1387,45,42,Normal
2026-02-15 23:35:51.093287,Tokyo-1387,-25,7,Normal
2026-02-15 23:35:52.093287,Tokyo-1387,33,30,Normal
2026-02-15 23:35:53.093287,Tokyo-1387,-28,42,Normal
2026-02-15 23:35:54.093287,Tokyo-1387,-7,92,Normal
2026-02-15 23:35:55.093287,Tokyo-1387,-19,9,Normal
2026-02-15 23:35:56.093287,Tokyo-1387,18,7,Normal
2026-02-15 23:35:57.093287,Tokyo-1387,-25,66,Normal
2026-02-15 23:35:58.093287,Tokyo-1387,-9,23,Normal
2026-02-15 23:35:59.093287,Tokyo-1387,-27,21,Normal
2026-02-15 23:36:00.093287,Tokyo-1387,-9,20,Normal
2026-02-15 23:36:01.093287,Tokyo-1387,44,10,Normal
2026-02-15 23:36:02.093287,Tokyo-1387,-25,61,Normal
2026-02-15 23:36:03.093287,Tokyo-1387,26,2,Normal
2026-02-15 23:36:04.093287,Tokyo-1387,-24,32,Normal
2026-02-15 23:36:05.093287,Tokyo-1387,-27,58,Normal
2026-02-15 23:36:06.093287,Tokyo-1387,-15,70,Normal
2026-02-15 23:36:07.093287,Tokyo-1387,12,43,Normal
2026-02-15 23:36:08.093287,Tokyo-1387,16,27,Normal
2026-02-15 23:36:09.093287,Tokyo-1387,17,99,Normal
2026-02-15 23:36:10.093287,Tokyo-1387,45,64,Normal
2026-02-15 23:36:11.093287,Tokyo-1387,45,70,Normal
2026-02-15 23:36:12.093287,Tokyo-1387,9,64,Normal
2026-02-15 23:36:13.093287,Tokyo-1387,-21,88,Normal
2026-02-15 23:36:14.093287,Tokyo-1387,-10,9,Normal
2026-02-15 23:36:15.093287,Tokyo-1387,29,46,Normal
2026-02-15 23:36:16.093287,Tokyo-1387,14,91,Normal
2026-02-15 23:36:17.093287,Tokyo-1387,31,66,Normal
2026-02-15 23:36:18.093287,Tokyo-1387,40,32,Normal
2026-02-15 23:36:19.093287,Tokyo-1387,18,8,Normal
2026-02-15 23:36:20.093287,Tokyo-1387,-24,21,Normal
2026-02-15 23:36:21.093287,Tokyo-1387,37,58,Normal
2026-02-15 23:36:22.093287,Tokyo-1387,-3,63,Normal
2026-02-15 23:36:23.093287,Tokyo-1387,38,96,Normal
2026-02-15 23:36:24.093287,Tokyo-1387,10,66,Normal
2026-02-15 23:36:25.093287,Tokyo-1387,10,0,Normal
2026-02-15 23:36:26.093287,Tokyo-1387,38,93,Normal
2026-02-15 23:36:27.093287,Tokyo-1387,50,36,Normal
2026-02-15 23:36:28.093287,Tokyo-1387,-11,37,Normal
2026-02-15 23:36:29.093287,Tokyo-1387,41,68,Normal
2026-02-15 23:36:30.093287,Tokyo-1387,42,53,Normal
2026-02-15 23:36:31.093287,Tokyo-1387,0,57,Normal
2026-02-15 23:36:32.093287,Tokyo-1387,11,25,Normal
2026-02-15 23:36:33.093287,Tokyo-1387,44,87,Normal
2026-02-15 23:36:34.093287,Tokyo-1387,9,63,Normal
2026-02-15 23:36:35.093287,Tokyo-1387,-17,76,Normal
2026-02-15 23:36:36.093287,Tokyo-1387,15,21,Normal
2026-02-15 23:36:37.093287,Tokyo-1387,42,26,Normal
2026-02-15 23:36:38.093287,Tokyo-1387,17,99,Normal
2026-02-15 23:36:39.093287,Tokyo-1387,23,85,Normal
2026-02-15 23:36:40.093287,Tokyo-1387,40,39,Normal
2026-02-15 23:36:41.093287,Tokyo-1387,46,62,Normal
2026-02-15 23:36:42.093287,Tokyo-1387,17,2,Normal
2026-02-15 23:36:43.093287,Tokyo-1387,-6,34,Normal
2026-02-15 23:36:44.093287,Tokyo-1387,15,42,Normal
2026-02-15 23:36:45.093287,Tokyo-1387,35,19,Normal
2026-02-15 23:36:46.093287,Tokyo-1387,1,48,Normal
2026-02-15 23:36:47.093287,Tokyo-1387,29,99,Normal
2026-02-15 23:36:48.093287,Tokyo-1387,1,17,Normal
2026-02-15 23:36:49.093287,Tokyo-1387,42,5,Normal
2026-02-15 23:36:50.093287,Tokyo-1387,-15,24,Normal
2026-02-15 23:36:51.093287,Tokyo-1387,-18,66,Normal
2026-02-15 23:36:52.093287,Tokyo-1387,22,57,Normal
2026-02-15 23:36:53.093287,Tokyo-1387,-9,87,Normal
2026-02-15 23:36:54.093287,Tokyo-1387,33,82,Normal
2026-02-15 23:36:55.093287,Tokyo-1387,-28,27,Normal
2026-02-15 23:36:56.093287,Tokyo-1387,-3,36,Normal
2026-02-15 23:36:57.093287,Tokyo-1387,-17,81,Normal
2026-02-15 23:36:58.093287,Tokyo-1387,0,77,Normal
2026-02-15 23:36:59.093287,Tokyo-1387,0,42,Normal
2026-02-15 23:37:00.093287,Tokyo-1387,28,66,Normal
2026-02-15 23:37:01.093287,Tokyo-1387,38,48,Normal
2026-02-15 23:37:02.093287,Tokyo-1387,-7,17,Normal
2026-02-15 23:37:03.093287,Tokyo-1387,0,96,Normal
2026-02-15 23:37:04.093287,Tokyo-1387,7,59,Normal
2026-02-15 23:37:05.093287,Tokyo-1387,-15,38,Normal
2026-02-15 23:37:06.093287,Tokyo-1387,29,25,Normal
2026-02-15 23:37:07.093287,Tokyo-1387,5,73,Normal
2026-02-15 23:37:08.093287,Tokyo-1387,3,24,Normal
2026-02-15 23:37:09.093287,Tokyo-1387,26,15,Normal
2026-02-15 23:37:10.093287,Tokyo-1387,-12,78,Normal
2026-02-15 23:37:11.093287,Tokyo-1387,-14,52,Normal
2026-02-15 23:37:12.093287,Tokyo-1387,20,75,Normal
2026-02-15 23:37:13.093287,Tokyo-1387,-25,50,Normal
2026-02-15 23:37:14.093287,Tokyo-1387,17,48,Normal
2026-02-15 23:37:15.093287,Tokyo-1387,-13,1,Normal
2026-02-15 23:37:16.093287,Tokyo-1387,23,97,Normal
2026-02-15 23:37:17.093287,Tokyo-1387,22,49,Normal
2026-02-15 23:37:18.093287,Tokyo-1387,1,57,Normal
2026-02-15 23:37:19.093287,Tokyo-1387,-28,64,Normal
2026-02-15 23:37:20.093287,Tokyo-1387,-26,19,Normal
2026-02-15 23:37:21.093287,Tokyo-1387,25,78,Normal
2026-02-15 23:37:22.093287,Tokyo-1387,23,8,Normal
2026-02-15 23:37:23.093287,Tokyo-1387,-7,33,Normal
2026-02-15 23:37:24.093287,Tokyo-1387,27,60,Normal
2026-02-15 23:37:25.093287,Tokyo-1387,0,25,Normal
2026-02-15 23:37:26.093287,Tokyo-1387,-8,79,Normal
2026-02-15 23:37:27.093287,Tokyo-1387,9,70,Normal
2026-02-15 23:37:28.093287,Tokyo-1387,25,13,Normal
2026-02-15 23:37:29.093287,Tokyo-1387,-10,41,Normal
2026-02-15 23:37:30.093287,Tokyo-1387,18,1,Normal
2026-02-15 23:37:31.093287,Tokyo-1387,-20,1,Normal
2026-02-15 23:37:32.093287,Tokyo-1387,21,77,Normal
2026-02-15 23:37:33.093287,Tokyo-1387,-1,3,Normal
2026-02-15 23:37:34.093287,Tokyo-1387,28,24,Normal
2026-02-15 23:37:35.093287,Tokyo-1387,-11,88,Normal
2026-02-15 23:37:36.093287,Tokyo-1387,25,45,Normal
2026-02-15 23:37:37.093287,Tokyo-1387,49,78,Normal
2026-02-15 23:37:38.093287,Tokyo-1387,-19,68,Normal
2026-02-15 23:37:39.093287,Tokyo-1387,-28,78,Normal
2026-02-15 23:37:40.093287,Tokyo-1387,-30,65,Normal
2026-02-15 23:37:41.093287,Tokyo-1387,-14,57,Normal
2026-02-15 23:37:42.093287,Tokyo-1387,9,5,Normal
2026-02-15 23:37:43.093287,Tokyo-1387,-26,58,Normal
2026-02-15 23:37:44.093287,Tokyo-1387,13,12,Normal
2026-02-15 23:37:45.093287,Tokyo-1387,-1,73,Normal
2026-02-15 23:37:46.093287,Tokyo-1387,-15,49,Normal
2026-02-15 23:37:47.093287,Tokyo-1387,13,20,Normal
2026-02-15 23:37:48.093287,Tokyo-1387,9,48,Normal
2026-02-15 23:37:49.093287,Tokyo-1387,7,90,Normal
2026-02-15 23:37:50.093287,Tokyo-1387,18,60,Normal
2026-02-15 23:37:51.093287,Tokyo-1387,-5,99,Normal
2026-02-15 23:37:52.093287,Tokyo-1387,16,59,Normal
2026-02-15 23:37:53.093287,Tokyo-1387,-23,23,Normal
2026-02-15 23:37:54.093287,Tokyo-1387,-27,73,Normal
2026-02-15 23:37:55.093287,Tokyo-1387,47,81,Normal
2026-02-15 23:37:56.093287,Tokyo-1387,-18,96,Normal
2026-02-15 23:37:57.093287,Tokyo-1387,19,45,Normal
2026-02-15 23:37:58.093287,Tokyo-1387,-15,1,Normal
2026-02-15 23:37:59.093287,Tokyo-1387,49,74,Normal
2026-02-15 23:38:00.093287,Tokyo-1387,38,90,Normal
2026-02-15 23:38:01.093287,Tokyo-1387,-10,75,Normal
2026-02-15 23:38:02.093287,Tokyo-1387,29,91,Normal
2026-02-15 23:38:03.093287,Tokyo-1387,-20,17,Normal
2026-02-15 23:38:04.093287,Tokyo-1387,42,72,Normal
2026-02-15 23:38:05.093287,Tokyo-1387,6,60,Normal
2026-02-15 23:38:06.093287,Tokyo-1387,37,30,Normal
2026-02-15 23:38:07.093287,Tokyo-1387,49,73,Normal
2026-02-15 23:38:08.093287,Tokyo-1387,3,27,Normal
2026-02-15 23:38:09.093287,Tokyo-1387,-21,67,Normal
2026-02-15 23:38:10.093287,Tokyo-1387,-4,23,Normal
2026-02-15 23:38:11.093287,Tokyo-1387,-23,45,Normal
2026-02-15 23:38:12.093287,Tokyo-1387,33,59,Normal
2026-02-15 23:38:13.093287,Tokyo-1387,-1,68,Normal
2026-02-15 23:38:14.093287,Tokyo-1387,-13,38,Normal
2026-02-15 23:38:15.093287,Tokyo-1387,8,58,Normal
2026-02-15 23:38:16.093287,Tokyo-1387,-17,56,Normal
2026-02-15 23:38:17.093287,Tokyo-1387,4,46,Normal
2026-02-15 23:38:18.093287,Tokyo-1387,25,27,Normal
2026-02-15 23:38:19.093287,Tokyo-1387,-6,57,Normal
2026-02-15 23:38:20.093287,Tokyo-1387,32,63,Normal
2026-02-15 23:38:21.093287,Tokyo-1387,-17,60,Normal
2026-02-15 23:38:22.093287,Tokyo-1387,-13,39,Normal
2026-02-15 23:38:23.093287,Tokyo-1387,-1,20,Normal
2026-02-15 23:38:24.093287,Tokyo-1387,-3,21,Normal
2026-02-15 23:38:25.093287,Tokyo-1387,33,4,Normal
2026-02-15 23:38:26.093287,Tokyo-1387,31,44,Normal
2026-02-15 23:38:27.093287,Tokyo-1387,49,6,Normal
2026-02-15 23:38:28.093287,Tokyo-1387,-25,39,Normal
2026-02-15 23:38:29.093287,Tokyo-1387,5,0,Normal
2026-02-15 23:38:30.093287,Tokyo-1387,15,10,Normal
2026-02-15 23:38:31.093287,Tokyo-1387,14,62,Normal
2026-02-15 23:38:32.093287,Tokyo-1387,7,14,Normal
2026-02-15 23:38:33.093287,Tokyo-1387,17,37,Normal
2026-02-15 23:38:34.093287,Tokyo-1387,33,57,Normal
2026-02-15 23:38:35.093287,Tokyo-1387,-6,26,Normal
2026-02-15 23:38:36.093287,Tokyo-1387,42,13,Normal
2026-02-15 23:38:37.093287,Tokyo-1387,26,47,Normal
2026-02-15 23:38:38.093287,Tokyo-1387,37,32,Normal
2026-02-15 23:38:39.093287,Tokyo-1387,-9,75,Normal
2026-02-15 23:38:40.093287,Tokyo-1387,-4,66,Normal
2026-02-15 23:38:41.093287,Tokyo-1387,-15,59,Normal
2026-02-15 23:38:42.093287,Tokyo-1387,-30,51,Normal
2026-02-15 23:38:43.093287,Tokyo-1387,39,82,Normal
2026-02-15 23:38:44.093287,Tokyo-1387,12,50,Normal
2026-02-15 23:38:45.093287,Tokyo-1387,38,81,Normal
2026-02-15 23:38:46.093287,Tokyo-1387,-26,15,Normal
2026-02-15 23:38:47.093287,Tokyo-1387,-17,71,Normal
2026-02-15 23:38:48.093287,Tokyo-1387,-3,98,Normal
2026-02-15 23:38:49.093287,Tokyo-1387,38,85,Normal
2026-02-15 23:38:50.093287,Tokyo-1387,-17,48,Normal
2026-02-15 23:38:51.093287,Tokyo-1387,-2,35,Normal
2026-02-15 23:38:52.093287,Tokyo-1387,10,2,Normal
2026-02-15 23:38:53.093287,Tokyo-1387,45,24,Normal
2026-02-15 23:38:54.093287,Tokyo-1387,-29,16,Normal
2026-02-15 23:38:55.093287,Tokyo-1387,-27,40,Normal
2026-02-15 23:38:56.093287,Tokyo-1387,-4,98,Normal
2026-02-15 23:38:57.093287,Tokyo-1387,-8,15,Normal
2026-02-15 23:38:58.093287,Tokyo-1387,26,19,Normal
2026-02-15 23:38:59.093287,Tokyo-1387,-28,100,Normal
2026-02-15 23:39:00.093287,Tokyo-1387,-20,91,Normal
2026-02-15 23:39:01.093287,Tokyo-1387,2,55,Normal
2026-02-15 23:39:02.093287,Tokyo-1387,32,58,Normal
2026-02-15 23:39:03.093287,Tokyo-1387,-28,84,Normal
2026-02-15 23:39:04.093287,Tokyo-1387,-15,28,Normal
2026-02-15 23:39:05.093287,Tokyo-1387,7,89,Normal
2026-02-15 23:39:06.093287,Tokyo-1387,27,61,Normal
2026-02-15 23:39:07.093287,Tokyo-1387,1,6,Normal
2026-02-15 23:39:08.093287,Tokyo-1387,-29,0,Normal
2026-02-15 23:39:09.093287,Tokyo-1387,14,19,Normal
2026-02-15 23:39:10.093287,Tokyo-1387,24,82,Normal
2026-02-15 23:39:11.093287,Tokyo-1387,-21,29,Normal
2026-02-15 23:39:12.093287,Tokyo-1387,-30,37,Normal
2026-02-15 23:39:13.093287,Tokyo-1387,-6,67,Normal
2026-02-15 23:39:14.093287,Tokyo-1387,-16,3,Normal
2026-02-15 23:39:15.093287,Tokyo-1387,25,90,Normal
2026-02-15 23:39:16.093287,Tokyo-1387,48,27,Normal
2026-02-15 23:39:17.093287,Tokyo-1387,-9,31,Normal
2026-02-15 23:39:18.093287,Tokyo-1387,36,70,Normal
2026-02-15 23:39:19.093287,Tokyo-1387,44,82,Normal
2026-02-15 23:39:20.093287,Tokyo-1387,1,79,Normal
2026-02-15 23:39:21.093287,Tokyo-1387,-6,16,Normal
2026-02-15 23:39:22.093287,Tokyo-1387,29,32,Normal
2026-02-15 23:39:23.093287,Tokyo-1387,35,46,Normal
2026-02-15 23:39:24.093287,Tokyo-1387,25,66,Normal
2026-02-15 23:39:25.093287,Tokyo-1387,-9,58,Normal
2026-02-15 23:39:26.093287,Tokyo-1387,14,42,Normal
2026-02-15 23:39:27.093287,Tokyo-1387,-30,5,Normal
2026-02-15 23:39:28.093287,Tokyo-1387,-16,97,Normal
2026-02-15 23:39:29.093287,Tokyo-1387,10,9,Normal
2026-02-15 23:39:30.093287,Tokyo-1387,44,96,Normal
2026-02-15 23:39:31.093287,Tokyo-1387,-29,40,Normal
2026-02-15 23:39:32.093287,Tokyo-1387,-24,31,Normal
2026-02-15 23:39:33.093287,Tokyo-1387,-17,99,Normal
2026-02-15 23:39:34.093287,Tokyo-1387,-21,2,Normal
2026-02-15 23:39:35.093287,Tokyo-1387,36,82,Normal
2026-02-15 23:39:36.093287,Tokyo-1387,49,31,Normal
2026-02-15 23:39:37.093287,Tokyo-1387,28,91,Normal
2026-02-15 23:39:38.093287,Tokyo-1387,-23,22,Normal
2026-02-15 23:39:39.093287,Tokyo-1387,46,6,Normal
2026-02-15 23:39:40.093287,Tokyo-1387,-2,38,Normal
2026-02-15 23:39:41.093287,Tokyo-1387,-28,88,Normal
2026-02-15 23:39:42.093287,Tokyo-1387,-18,61,Normal
2026-02-15 23:39:43.093287,Tokyo-1387,-5,70,Normal
2026-02-15 23:39:44.093287,Tokyo-1387,34,65,Normal
2026-02-15 23:39:45.093287,Tokyo-1387,-25,48,Normal
2026-02-15 23:39:46.093287,Tokyo-1387,-4,23,Normal
2026-02-15 23:39:47.093287,Tokyo-1387,-21,3,Normal
2026-02-15 23:39:48.093287,Tokyo-1387,-23,56,Normal
2026-02-15 23:39:49.093287,Tokyo-1387,-22,24,Normal
2026-02-15 23:39:50.093287,Tokyo-1387,-28,88,Normal
2026-02-15 23:39:51.093287,Tokyo-1387,8,70,Normal
2026-02-15 23:39:52.093287,Tokyo-1387,-29,22,Normal
2026-02-15 23:39:53.093287,Tokyo-1387,5,46,Normal
2026-02-15 23:39:54.093287,Tokyo-1387,-4,80,Normal
2026-02-15 23:39:55.093287,Tokyo-1387,27,63,Normal
2026-02-15 23:39:56.093287,Tokyo-1387,22,13,Normal
2026-02-15 23:39:57.093287,Tokyo-1387,7,49,Normal
2026-02-15 23:39:58.093287,Tokyo-1387,17,79,Normal
2026-02-15 23:39:59.093287,Tokyo-1387,21,47,Normal
2026-02-15 23:40:00.093287,Tokyo-1387,26,27,Normal
2026-02-15 23:40:01.093287,Tokyo-1387,6,5,Normal
2026-02-15 23:40:02.093287,Tokyo-1387,-12,55,Normal
2026-02-15 23:40:03.093287,Tokyo-1387,30,73,Normal
2026-02-15 23:40:04.093287,Tokyo-1387,-9,51,Normal
2026-02-15 23:40:05.093287,Tokyo-1387,20,34,Normal
2026-02-15 23:40:06.093287,Tokyo-1387,44,17,Normal
2026-02-15 23:40:07.093287,Tokyo-1387,-20,44,Normal
2026-02-15 23:40:08.093287,Tokyo-1387,25,11,Normal
2026-02-15 23:40:09.093287,Tokyo-1387,47,73,Normal
2026-02-15 23:40:10.093287,Tokyo-1387,-12,66,Normal
2026-02-15 23:40:11.093287,Tokyo-1387,20,81,Normal
2026-02-15 23:40:12.093287,Tokyo-1387,10,2,Normal
2026-02-15 23:40:13.093287,Tokyo-1387,14,35,Normal
2026-02-15 23:40:14.093287,Tokyo-1387,39,65,Normal
2026-02-15 23:40:15.093287,Tokyo-1387,-1,20,Normal
2026-02-15 23:40:16.093287,Tokyo-1387,-17,27,Normal
2026-02-15 23:40:17.093287,Tokyo-1387,19,29,Normal
2026-02-15 23:40:18.093287,Tokyo-1387,41,42,Normal
2026-02-15 23:40:19.093287,Tokyo-1387,-28,35,Normal
2026-02-15 23:40:20.093287,Tokyo-1387,28,15,Normal
2026-02-15 23:40:21.093287,Tokyo-1387,44,62,Normal
2026-02-15 23:40:22.093287,Tokyo-1387,-24,64,Normal
2026-02-15 23:40:23.093287,Tokyo-1387,13,1,Normal
2026-02-15 23:40:24.093287,Tokyo-1387,37,3,Normal
2026-02-15 23:40:25.093287,Tokyo-1387,-21,92,Normal
2026-02-15 23:40:26.093287,Tokyo-1387,38,14,Normal
2026-02-15 23:40:27.093287,Tokyo-1387,5,78,Normal
2026-02-15 23:40:28.093287,Tokyo-1387,-30,20,Normal
2026-02-15 23:40:29.093287,Tokyo-1387,35,47,Normal
2026-02-15 23:40:30.093287,Tokyo-1387,18,80,Normal
2026-02-15 23:40:31.093287,Tokyo-1387,5,19,Normal
2026-02-15 23:40:32.093287,Tokyo-1387,0,5,Normal
2026-02-15 23:40:33.093287,Tokyo-1387,44,88,Normal
2026-02-15 23:40:34.093287,Tokyo-1387,6,5,Normal
2026-02-15 23:40:35.093287,Tokyo-1387,-11,60,Normal
2026-02-15 23:40:36.093287,Tokyo-1387,18,71,Normal
2026-02-15 23:40:37.093287,Tokyo-1387,31,51,Normal
2026-02-15 23:40:38.093287,Tokyo-1387,21,70,Normal
2026-02-15 23:40:39.093287,Tokyo-1387,-1,67,Normal
2026-02-15 23:40:40.093287,Tokyo-1387,22,87,Normal
2026-02-15 23:40:41.093287,Tokyo-1387,33,27,Normal
2026-02-15 23:40:42.093287,Tokyo-1387,-15,7,Normal
2026-02-15 23:40:43.093287,Tokyo-1387,43,37,Normal
2026-02-15 23:40:44.093287,Tokyo-1387,37,7,Normal
2026-02-15 23:40:45.093287,Tokyo-1387,-1,28,Normal
2026-02-15 23:40:46.093287,Tokyo-1387,13,36,Normal
2026-02-15 23:40:47.093287,Tokyo-1387,-16,91,Normal
2026-02-15 23:40:48.093287,Tokyo-1387,29,57,Normal
2026-02-15 23:40:49.093287,Tokyo-1387,34,44,Normal
2026-02-15 23:40:50.093287,Tokyo-1387,-23,14,Normal
2026-02-15 23:40:51.093287,Tokyo-1387,45,38,Normal
2026-02-15 23:40:52.093287,Tokyo-1387,18,50,Normal
2026-02-15 23:40:53.093287,Tokyo-1387,-23,62,Normal
2026-02-15 23:40:54.093287,Tokyo-1387,50,69,Normal
2026-02-15 23:40:55.093287,Tokyo-1387,3,88,Normal
2026-02-15 23:40:56.093287,Tokyo-1387,-15,22,Normal
2026-02-15 23:40:57.093287,Tokyo-1387,10,25,Normal
2026-02-15 23:40:58.093287,Tokyo-1387,-16,24,Normal
2026-02-15 23:40:59.093287,Tokyo-1387,-14,60,Normal
2026-02-15 23:41:00.093287,Tokyo-1387,-20,36,Normal
2026-02-15 23:41:01.093287,Tokyo-1387,50,96,Normal
2026-02-15 23:41:02.093287,Tokyo-1387,-7,81,Normal
2026-02-15 23:41:03.093287,Tokyo-1387,-22,9,Normal
2026-02-15 23:41:04.093287,Tokyo-1387,-26,42,Normal
2026-02-15 23:41:05.093287,Tokyo-1387,33,39,Normal
2026-02-15 23:41:06.093287,Tokyo-1387,27,85,Normal
2026-02-15 23:41:07.093287,Tokyo-1387,-11,78,Normal
2026-02-15 23:41:08.093287,Tokyo-1387,34,10,Normal
2026-02-15 23:41:09.093287,Tokyo-1387,42,38,Normal
2026-02-15 23:41:10.093287,Tokyo-1387,12,58,Normal
2026-02-15 23:41:11.093287,Tokyo-1387,10,70,Normal
2026-02-15 23:41:12.093287,Tokyo-1387,-27,19,Normal
2026-02-15 23:41:13.093287,Tokyo-1387,29,98,Normal
2026-02-15 23:41:14.093287,Tokyo-1387,11,8,Normal
2026-02-15 23:41:15.093287,Tokyo-1387,7,63,Normal
2026-02-15 23:41:16.093287,Tokyo-1387,48,68,Normal
2026-02-15 23:41:17.093287,Tokyo-1387,45,58,Normal
2026-02-15 23:41:18.093287,Tokyo-1387,16,15,Normal
2026-02-15 23:41:19.093287,Tokyo-1387,7,52,Normal
2026-02-15 23:41:20.093287,Tokyo-1387,46,97,Normal
2026-02-15 23:41:21.093287,Tokyo-1387,16,97,Normal
2026-02-15 23:41:22.093287,Tokyo-1387,4,89,Normal
2026-02-15 23:41:23.093287,Tokyo-1387,22,49,Normal
2026-02-15 23:41:24.093287,Tokyo-1387,-18,26,Normal
2026-02-15 23:41:25.093287,Tokyo-1387,1,79,Normal
2026-02-15 23:41:26.093287,Tokyo-1387,49,20,Normal
2026-02-15 23:41:27.093287,Tokyo-1387,-6,78,Normal
2026-02-15 23:41:28.093287,Tokyo-1387,2,39,Normal
2026-02-15 23:41:29.093287,Tokyo-1387,33,20,Normal
2026-02-15 23:41:30.093287,Tokyo-1387,45,47,Normal
2026-02-15 23:41:31.093287,Tokyo-1387,-9,24,Normal
2026-02-15 23:41:32.093287,Tokyo-1387,-18,37,Normal
2026-02-15 23:41:33.093287,Tokyo-1387,-5,14,Normal
2026-02-15 23:41:34.093287,Tokyo-1387,-12,25,Normal
2026-02-15 23:41:35.093287,Tokyo-1387,38,57,Normal
2026-02-15 23:41:36.093287,Tokyo-1387,43,40,Normal
2026-02-15 23:41:37.093287,Tokyo-1387,9,64,Normal
2026-02-15 23:41:38.093287,Tokyo-1387,47,83,Normal
2026-02-15 23:41:39.093287,Tokyo-1387,35,26,Normal
2026-02-15 23:41:40.093287,Tokyo-1387,28,45,Normal
2026-02-15 23:41:41.093287,Tokyo-1387,12,83,Normal
2026-02-15 23:41:42.093287,Tokyo-1387,-26,99,Normal
2026-02-15 23:41:43.093287,Tokyo-1387,13,33,Normal
2026-02-15 23:41:44.093287,Tokyo-1387,-25,20,Normal
2026-02-15 23:41:45.093287,Tokyo-1387,49,29,Normal
2026-02-15 23:41:46.093287,Tokyo-1387,9,11,Normal
2026-02-15 23:41:47.093287,Tokyo-1387,-16,24,Normal
2026-02-15 23:41:48.093287,Tokyo-1387,-5,66,Normal
2026-02-15 23:41:49.093287,Tokyo-1387,-10,59,Normal
2026-02-15 23:41:50.093287,Tokyo-1387,22,78,Normal
2026-02-15 23:41:51.093287,Tokyo-1387,31,96,Normal
2026-02-15 23:41:52.093287,Tokyo-1387,20,70,Normal
2026-02-15 23:41:53.093287,Tokyo-1387,6,75,Normal
2026-02-15 23:41:54.093287,Tokyo-1387,-20,13,Normal
2026-02-15 23:41:55.093287,Tokyo-1387,27,96,Normal
2026-02-15 23:41:56.093287,Tokyo-1387,40,41,Normal
2026-02-15 23:41:57.093287,Tokyo-1387,3,14,Normal
2026-02-15 23:41:58.093287,Tokyo-1387,46,92,Normal
2026-02-15 23:41:59.093287,Tokyo-1387,-10,23,Normal
2026-02-15 23:42:00.093287,Tokyo-1387,27,21,Normal
2026-02-15 23:42:01.093287,Tokyo-1387,-15,15,Normal
2026-02-15 23:42:02.093287,Tokyo-1387,16,29,Normal
2026-02-15 23:42:03.093287,Tokyo-1387,-4,85,Normal
2026-02-15 23:42:04.093287,Tokyo-1387,45,16,Normal
2026-02-15 23:42:05.093287,Tokyo-1387,35,21,Normal
2026-02-15 23:42:06.093287,Tokyo-1387,0,55,Normal
2026-02-15 23:42:07.093287,Tokyo-1387,47,3,Normal
2026-02-15 23:42:08.093287,Tokyo-1387,-30,9,Normal
2026-02-15 23:42:09.093287,Tokyo-1387,-1,81,Normal
2026-02-15 23:42:10.093287,Tokyo-1387,-20,28,Normal
2026-02-15 23:42:11.093287,Tokyo-1387,-19,23,Normal
2026-02-15 23:42:12.093287,Tokyo-1387,-21,28,Normal
2026-02-15 23:42:13.093287,Tokyo-1387,-10,24,Normal
2026-02-15 23:42:14.093287,Tokyo-1387,47,21,Normal
2026-02-15 23:42:15.093287,Tokyo-1387,-14,2,Normal
2026-02-15 23:42:16.093287,Tokyo-1387,22,44,Normal
2026-02-15 23:42:17.093287,Tokyo-1387,-1,53,Normal
2026-02-15 23:42:18.093287,Tokyo-1387,28,28,Normal
2026-02-15 23:42:19.093287,Tokyo-1387,-26,74,Normal
2026-02-15 23:42:20.093287,Tokyo-1387,15,33,Normal
2026-02-15 23:42:21.093287,Tokyo-1387,-2,86,Normal
2026-02-15 23:42:22.093287,Tokyo-1387,42,34,Normal
2026-02-15 23:42:23.093287,Tokyo-1387,15,44,Normal
2026-02-15 23:42:24.093287,Tokyo-1387,49,83,Normal
2026-02-15 23:42:25.093287,Tokyo-1387,0,51,Normal
2026-02-15 23:42:26.093287,Tokyo-1387,16,28,Normal
2026-02-15 23:42:27.093287,Tokyo-1387,-24,92,Normal
2026-02-15 23:42:28.093287,Tokyo-1387,13,17,Normal
2026-02-15 23:42:29.093287,Tokyo-1387,-11,78,Normal
2026-02-15 23:42:30.093287,Tokyo-1387,30,52,Normal
2026-02-15 23:42:31.093287,Tokyo-1387,7,59,Normal
2026-02-15 23:42:32.093287,Tokyo-1387,8,70,Normal
2026-02-15 23:42:33.093287,Tokyo-1387,-18,28,Normal
2026-02-15 23:42:34.093287,Tokyo-1387,-28,81,Normal
2026-02-15 23:42:35.093287,Tokyo-1387,38,13,Normal
2026-02-15 23:42:36.093287,Tokyo-1387,30,20,Normal
2026-02-15 23:42:37.093287,Tokyo-1387,39,73,Normal
2026-02-15 23:42:38.093287,Tokyo-1387,27,77,Normal
2026-02-15 23:42:39.093287,Tokyo-1387,-26,6,Normal
2026-02-15 23:42:40.093287,Tokyo-1387,-18,44,Normal
2026-02-15 23:42:41.093287,Tokyo-1387,-1,54,Normal
2026-02-15 23:42:42.093287,Tokyo-1387,7,30,Normal
2026-02-15 23:42:43.093287,Tokyo-1387,14,78,Normal
2026-02-15 23:42:44.093287,Tokyo-1387,49,26,Normal
2026-02-15 23:42:45.093287,Tokyo-1387,19,77,Normal
2026-02-15 23:42:46.093287,Tokyo-1387,-19,11,Normal
2026-02-15 23:42:47.093287,Tokyo-1387,46,51,Normal
2026-02-15 23:42:48.093287,Tokyo-1387,-15,10,Normal
2026-02-15 23:42:49.093287,Tokyo-1387,-14,81,Normal
2026-02-15 23:42:50.093287,Tokyo-1387,6,98,Normal
2026-02-15 23:42:51.093287,Tokyo-1387,-24,89,Normal
2026-02-15 23:42:52.093287,Tokyo-1387,-6,39,Normal
2026-02-15 23:42:53.093287,Tokyo-1387,0,57,Normal
2026-02-15 23:42:54.093287,Tokyo-1387,-8,41,Normal
2026-02-15 23:42:55.093287,Tokyo-1387,-28,46,Normal
2026-02-15 23:42:56.093287,Tokyo-1387,3,38,Normal
2026-02-15 23:42:57.093287,Tokyo-1387,45,83,Normal
2026-02-15 23:42:58.093287,Tokyo-1387,-4,69,Normal
2026-02-15 23:42:59.093287,Tokyo-1387,27,19,Normal
2026-02-15 23:43:00.093287,Tokyo-1387,48,78,Normal
2026-02-15 23:43:01.093287,Tokyo-1387,3,93,Normal
2026-02-15 23:43:02.093287,Tokyo-1387,33,91,Normal
2026-02-15 23:43:03.093287,Tokyo-1387,43,88,Normal
2026-02-15 23:43:04.093287,Tokyo-1387,-12,20,Normal
2026-02-15 23:43:05.093287,Tokyo-1387,49,16,Normal
2026-02-15 23:43:06.093287,Tokyo-1387,-29,76,Normal
2026-02-15 23:43:07.093287,Tokyo-1387,34,22,Normal
2026-02-15 23:43:08.093287,Tokyo-1387,36,93,Normal
2026-02-15 23:43:09.093287,Tokyo-1387,5,31,Normal
2026-02-15 23:43:10.093287,Tokyo-1387,-1,8,Normal
2026-02-15 23:43:11.093287,Tokyo-1387,-9,94,Normal
2026-02-15 23:43:12.093287,Tokyo-1387,-22,62,Normal
2026-02-15 23:43:13.093287,Tokyo-1387,-20,21,Normal
2026-02-15 23:43:14.093287,Tokyo-1387,10,0,Normal
2026-02-15 23:43:15.093287,Tokyo-1387,-16,59,Normal
2026-02-15 23:43:16.093287,Tokyo-1387,19,22,Normal
2026-02-15 23:43:17.093287,Tokyo-1387,-30,92,Normal
2026-02-15 23:43:18.093287,Tokyo-1387,-16,30,Normal
2026-02-15 23:43:19.093287,Tokyo-1387,-8,32,Normal
2026-02-15 23:43:20.093287,Tokyo-1387,0,32,Normal
2026-02-15 23:43:21.093287,Tokyo-1387,-20,62,Normal
2026-02-15 23:43:22.093287,Tokyo-1387,18,11,Normal
2026-02-15 23:43:23.093287,Tokyo-1387,10,75,Normal
2026-02-15 23:43:24.093287,Tokyo-1387,4,14,Normal
2026-02-15 23:43:25.093287,Tokyo-1387,-19,98,Normal
2026-02-15 23:43:26.093287,Tokyo-1387,-30,5,Normal
2026-02-15 23:43:27.093287,Tokyo-1387,33,53,Normal
2026-02-15 23:43:28.093287,Tokyo-1387,-8,85,Normal
2026-02-15 23:43:29.093287,Tokyo-1387,-29,85,Normal
2026-02-15 23:43:30.093287,Tokyo-1387,-21,26,Normal
2026-02-15 23:43:31.093287,Tokyo-1387,-14,13,Normal
2026-02-15 23:43:32.093287,Tokyo-1387,46,11,Normal
2026-02-15 23:43:33.093287,Tokyo-1387,14,90,Normal
2026-02-15 23:43:34.093287,Tokyo-1387,-16,97,Normal
2026-02-15 23:43:35.093287,Tokyo-1387,41,95,Normal
2026-02-15 23:43:36.093287,Tokyo-1387,36,80,Normal
2026-02-15 23:43:37.093287,Tokyo-1387,-16,6,Normal
2026-02-15 23:43:38.093287,Tokyo-1387,-28,9,Normal
2026-02-15 23:43:39.093287,Tokyo-1387,-29,30,Normal
2026-02-15 23:43:40.093287,Tokyo-1387,-10,64,Normal
2026-02-15 23:43:41.093287,Tokyo-1387,9,96,Normal
2026-02-15 23:43:42.093287,Tokyo-1387,15,9,Normal
2026-02-15 23:43:43.093287,Tokyo-1387,-19,35,Normal
2026-02-15 23:43:44.093287,Tokyo-1387,39,36,Normal
2026-02-15 23:43:45.093287,Tokyo-1387,23,63,Normal
2026-02-15 23:43:46.093287,Tokyo-1387,15,12,Normal
2026-02-15 23:43:47.093287,Tokyo-1387,35,4,Normal
2026-02-15 23:43:48.093287,Tokyo-1387,-10,4,Normal
2026-02-15 23:43:49.093287,Tokyo-1387,-10,75,Normal
2026-02-15 23:43:50.093287,Tokyo-1387,-20,23,Normal
2026-02-15 23:43:51.093287,Tokyo-1387,6,99,Normal
2026-02-15 23:43:52.093287,Tokyo-1387,3,83,Normal
2026-02-15 23:43:53.093287,Tokyo-1387,-13,85,Normal
2026-02-15 23:43:54.093287,Tokyo-1387,-24,50,Normal
2026-02-15 23:43:55.093287,Tokyo-1387,-9,81,Normal
2026-02-15 23:43:56.093287,Tokyo-1387,-27,95,Normal
2026-02-15 23:43:57.093287,Tokyo-1387,20,47,Normal
2026-02-15 23:43:58.093287,Tokyo-1387,16,60,Normal
2026-02-15 23:43:59.093287,Tokyo-1387,27,57,Normal
2026-02-15 23:44:00.093287,Tokyo-1387,-15,6,Normal
2026-02-15 23:44:01.093287,Tokyo-1387,35,44,Normal
2026-02-15 23:44:02.093287,Tokyo-1387,-28,9,Normal
2026-02-15 23:44:03.093287,Tokyo-1387,-28,89,Normal
2026-02-15 23:44:04.093287,Tokyo-1387,47,81,Normal
2026-02-15 23:44:05.093287,Tokyo-1387,-17,48,Normal
2026-02-15 23:44:06.093287,Tokyo-1387,-17,32,Normal
2026-02-15 23:44:07.093287,Tokyo-1387,17,12,Normal
2026-02-15 23:44:08.093287,Tokyo-1387,-27,5,Normal
2026-02-15 23:44:09.093287,Tokyo-1387,1,26,Normal
2026-02-15 23:44:10.093287,Tokyo-1387,34,11,Normal
2026-02-15 23:44:11.093287,Tokyo-1387,-7,98,Normal
2026-02-15 23:44:12.093287,Tokyo-1387,-9,16,Normal
2026-02-15 23:44:13.093287,Tokyo-1387,7,31,Normal
2026-02-15 23:44:14.093287,Tokyo-1387,-12,89,Normal
2026-02-15 23:44:15.093287,Tokyo-1387,7,79,Normal
2026-02-15 23:44:16.093287,Tokyo-1387,16,76,Normal
2026-02-15 23:44:17.093287,Tokyo-1387,16,24,Normal
2026-02-15 23:44:18.093287,Tokyo-1387,30,79,Normal
2026-02-15 23:44:19.093287,Tokyo-1387,-17,8,Normal
2026-02-15 23:44:20.093287,Tokyo-1387,-14,82,Normal
2026-02-15 23:44:21.093287,Tokyo-1387,-15,71,Normal
2026-02-15 23:44:22.093287,Tokyo-1387,28,35,Normal
2026-02-15 23:44:23.093287,Tokyo-1387,-6,48,Normal
2026-02-15 23:44:24.093287,Tokyo-1387,17,16,Normal
2026-02-15 23:44:25.093287,Tokyo-1387,3,89,Normal
2026-02-15 23:44:26.093287,Tokyo-1387,39,7,Normal
2026-02-15 23:44:27.093287,Tokyo-1387,-26,70,Normal
2026-02-15 23:44:28.093287,Tokyo-1387,-2,56,Normal
2026-02-15 23:44:29.093287,Tokyo-1387,24,17,Normal
2026-02-15 23:44:30.093287,Tokyo-1387,48,61,Normal
2026-02-15 23:44:31.093287,Tokyo-1387,-29,8,Normal
2026-02-15 23:44:32.093287,Tokyo-1387,7,4,Normal
2026-02-15 23:44:33.093287,Tokyo-1387,-15,13,Normal
2026-02-15 23:44:34.093287,Tokyo-1387,39,94,Normal
2026-02-15 23:44:35.093287,Tokyo-1387,39,17,Normal
2026-02-15 23:44:36.093287,Tokyo-1387,31,31,Normal
2026-02-15 23:44:37.093287,Tokyo-1387,23,40,Normal
2026-02-15 23:44:38.093287,Tokyo-1387,-5,73,Normal
2026-02-15 23:44:39.093287,Tokyo-1387,26,51,Normal
2026-02-15 23:44:40.093287,Tokyo-1387,47,79,Normal
2026-02-15 23:44:41.093287,Tokyo-1387,47,93,Normal
2026-02-15 23:44:42.093287,Tokyo-1387,-21,31,Normal
2026-02-15 23:44:43.093287,Tokyo-1387,10,65,Normal
2026-02-15 23:44:44.093287,Tokyo-1387,44,53,Normal
2026-02-15 23:44:45.093287,Tokyo-1387,-17,86,Normal
2026-02-15 23:44:46.093287,Tokyo-1387,40,13,Normal
2026-02-15 23:44:47.093287,Tokyo-1387,29,100,Normal
2026-02-15 23:44:48.093287,Tokyo-1387,27,5,Normal
2026-02-15 23:44:49.093287,Tokyo-1387,47,33,Normal
2026-02-15 23:44:50.093287,Tokyo-1387,42,75,Normal
2026-02-15 23:44:51.093287,Tokyo-1387,40,94,Normal
2026-02-15 23:44:52.093287,Tokyo-1387,-26,63,Normal
2026-02-15 23:44:53.093287,Tokyo-1387,11,66,Normal
2026-02-15 23:44:54.093287,Tokyo-1387,-17,58,Normal
2026-02-15 23:44:55.093287,Tokyo-1387,28,28,Normal
2026-02-15 23:44:56.093287,Tokyo-1387,19,34,Normal
2026-02-15 23:44:57.093287,Tokyo-1387,21,54,Normal
2026-02-15 23:44:58.093287,Tokyo-1387,22,84,Normal
2026-02-15 23:44:59.093287,Tokyo-1387,-26,17,Normal
2026-02-15 23:45:00.093287,Tokyo-1387,1,68,Normal
2026-02-15 23:45:01.093287,Tokyo-1387,-29,83,Normal
2026-02-15 23:45:02.093287,Tokyo-1387,33,94,Normal
2026-02-15 23:45:03.093287,Tokyo-1387,-14,21,Normal
2026-02-15 23:45:04.093287,Tokyo-1387,14,49,Normal
2026-02-15 23:45:05.093287,Tokyo-1387,28,80,Normal
2026-02-15 23:45:06.093287,Tokyo-1387,49,80,Normal
2026-02-15 23:45:07.093287,Tokyo-1387,-6,32,Normal
2026-02-15 23:45:08.093287,Tokyo-1387,46,57,Normal
2026-02-15 23:45:09.093287,Tokyo-1387,42,70,Normal
2026-02-15 23:45:10.093287,Tokyo-1387,29,77,Normal
2026-02-15 23:45:11.093287,Tokyo-1387,28,6,Normal
2026-02-15 23:45:12.093287,Tokyo-1387,-3,37,Normal
2026-02-15 23:45:13.093287,Tokyo-1387,26,26,Normal
2026-02-15 23:45:14.093287,Tokyo-1387,-7,44,Normal
2026-02-15 23:45:15.093287,Tokyo-1387,26,48,Normal
2026-02-15 23:45:16.093287,Tokyo-1387,-11,10,Normal
2026-02-15 23:45:17.093287,Tokyo-1387,-7,98,Normal
2026-02-15 23:45:18.093287,Tokyo-1387,-15,94,Normal
2026-02-15 23:45:19.093287,Tokyo-1387,50,84,Normal
2026-02-15 23:45:20.093287,Tokyo-1387,0,47,Normal
2026-02-15 23:45:21.093287,Tokyo-1387,14,32,Normal
2026-02-15 23:45:22.093287,Tokyo-1387,1,19,Normal
2026-02-15 23:45:23.093287,Tokyo-1387,-27,49,Normal
2026-02-15 23:45:24.093287,Tokyo-1387,-18,28,Normal
2026-02-15 23:45:25.093287,Tokyo-1387,-27,55,Normal
2026-02-15 23:45:26.093287,Tokyo-1387,30,78,Normal
2026-02-15 23:45:27.093287,Tokyo-1387,-11,17,Normal
2026-02-15 23:45:28.093287,Tokyo-1387,37,80,Normal
2026-02-15 23:45:29.093287,Tokyo-1387,27,14,Normal
2026-02-15 23:45:30.093287,Tokyo-1387,-30,42,Normal
2026-02-15 23:45:31.093287,Tokyo-1387,0,65,Normal
2026-02-15 23:45:32.093287,Tokyo-1387,37,18,Normal
2026-02-15 23:45:33.093287,Tokyo-1387,-7,52,Normal
2026-02-15 23:45:34.093287,Tokyo-1387,0,60,Normal
2026-02-15 23:45:35.093287,Tokyo-1387,16,34,Normal
2026-02-15 23:45:36.093287,Tokyo-1387,26,24,Normal
2026-02-15 23:45:37.093287,Tokyo-1387,14,46,Normal
2026-02-15 23:45:38.093287,Tokyo-1387,18,62,Normal
2026-02-15 23:45:39.093287,Tokyo-1387,37,44,Normal
2026-02-15 23:45:40.093287,Tokyo-1387,6,11,Normal
2026-02-15 23:45:41.093287,Tokyo-1387,42,33,Normal
2026-02-15 23:45:42.093287,Tokyo-1387,3,87,Normal
2026-02-15 23:45:43.093287,Tokyo-1387,-26,65,Normal
2026-02-15 23:45:44.093287,Tokyo-1387,-9,29,Normal
2026-02-15 23:45:45.093287,Tokyo-1387,34,98,Normal
2026-02-15 23:45:46.093287,Tokyo-1387,-7,61,Normal
2026-02-15 23:45:47.093287,Tokyo-1387,47,41,Normal
2026-02-15 23:45:48.093287,Tokyo-1387,19,49,Normal
2026-02-15 23:45:49.093287,Tokyo-1387,-21,27,Normal
2026-02-15 23:45:50.093287,Tokyo-1387,-15,46,Normal
2026-02-15 23:45:51.093287,Tokyo-1387,-27,78,Normal
2026-02-15 23:45:52.093287,Tokyo-1387,-17,18,Normal
2026-02-15 23:45:53.093287,Tokyo-1387,-3,92,Normal
2026-02-15 23:45:54.093287,Tokyo-1387,50,8,Normal
2026-02-15 23:45:55.093287,Tokyo-1387,45,10,Normal
2026-02-15 23:45:56.093287,Tokyo-1387,17,11,Normal
2026-02-15 23:45:57.093287,Tokyo-1387,-8,84,Normal
2026-02-15 23:45:58.093287,Tokyo-1387,25,62,Normal
2026-02-15 23:45:59.093287,Tokyo-1387,2,75,Normal
2026-02-15 23:46:00.093287,Tokyo-1387,48,37,Normal
2026-02-15 23:46:01.093287,Tokyo-1387,40,18,Normal
2026-02-15 23:46:02.093287,Tokyo-1387,20,46,Normal
2026-02-15 23:46:03.093287,Tokyo-1387,13,50,Normal
2026-02-15 23:46:04.093287,Tokyo-1387,25,80,Normal
2026-02-15 23:46:05.093287,Tokyo-1387,-8,29,Normal
2026-02-15 23:46:06.093287,Tokyo-1387,-18,72,Normal
2026-02-15 23:46:07.093287,Tokyo-1387,43,15,Normal
2026-02-15 23:46:08.093287,Tokyo-1387,10,69,Normal
2026-02-15 23:46:09.093287,Tokyo-1387,41,95,Normal
2026-02-15 23:46:10.093287,Tokyo-1387,41,62,Normal
2026-02-15 23:46:11.093287,Tokyo-1387,10,38,Normal
2026-02-15 23:46:12.093287,Tokyo-1387,-29,91,Normal
2026-02-15 23:46:13.093287,Tokyo-1387,25,11,Normal
2026-02-15 23:46:14.093287,Tokyo-1387,1,4,Normal
2026-02-15 23:46:15.093287,Tokyo-1387,-20,27,Normal
2026-02-15 23:46:16.093287,Tokyo-1387,49,45,Normal
2026-02-15 23:46:17.093287,Tokyo-1387,10,11,Normal
2026-02-15 23:46:18.093287,Tokyo-1387,-27,73,Normal
2026-02-15 23:46:19.093287,Tokyo-1387,-15,97,Normal
2026-02-15 23:46:20.093287,Tokyo-1387,18,55,Normal
2026-02-15 23:46:21.093287,Tokyo-1387,10,86,Normal
2026-02-15 23:46:22.093287,Tokyo-1387,-9,65,Normal
2026-02-15 23:46:23.093287,Tokyo-1387,4,86,Normal
2026-02-15 23:46:24.093287,Tokyo-1387,-1,27,Normal
2026-02-15 23:46:25.093287,Tokyo-1387,15,68,Normal
2026-02-15 23:46:26.093287,Tokyo-1387,-2,82,Normal
2026-02-15 23:46:27.093287,Tokyo-1387,31,77,Normal
2026-02-15 23:46:28.093287,Tokyo-1387,-6,16,Normal
2026-02-15 23:46:29.093287,Tokyo-1387,-27,13,Normal
2026-02-15 23:46:30.093287,Tokyo-1387,35,34,Normal
2026-02-15 23:46:31.093287,Tokyo-1387,-10,53,Normal
2026-02-15 23:46:32.093287,Tokyo-1387,5,88,Normal
2026-02-15 23:46:33.093287,Tokyo-1387,29,1,Normal
2026-02-15 23:46:34.093287,Tokyo-1387,5,28,Normal
2026-02-15 23:46:35.093287,Tokyo-1387,27,24,Normal
2026-02-15 23:46:36.093287,Tokyo-1387,44,86,Normal
2026-02-15 23:46:37.093287,Tokyo-1387,50,1,Normal
2026-02-15 23:46:38.093287,Tokyo-1387,-17,93,Normal
2026-02-15 23:46:39.093287,Tokyo-1387,-17,28,Normal
2026-02-15 23:46:40.093287,Tokyo-1387,14,95,Normal
2026-02-15 23:46:41.093287,Tokyo-1387,-19,53,Normal
2026-02-15 23:46:42.093287,Tokyo-1387,12,30,Normal
2026-02-15 23:46:43.093287,Tokyo-1387,-20,31,Normal
2026-02-15 23:46:44.093287,Tokyo-1387,13,84,Normal
2026-02-15 23:46:45.093287,Tokyo-1387,-9,0,Normal
2026-02-15 23:46:46.093287,Tokyo-1387,7,60,Normal
2026-02-15 23:46:47.093287,Tokyo-1387,5,34,Normal
2026-02-15 23:46:48.093287,Tokyo-1387,-12,88,Normal
2026-02-15 23:46:49.093287,Tokyo-1387,2,76,Normal
2026-02-15 23:46:50.093287,Tokyo-1387,-6,87,Normal
2026-02-15 23:46:51.093287,Tokyo-1387,-4,68,Normal
2026-02-15 23:46:52.093287,Tokyo-1387,44,35,Normal
2026-02-15 23:46:53.093287,Tokyo-1387,7,4,Normal
2026-02-15 23:46:54.093287,Tokyo-1387,49,57,Normal
2026-02-15 23:46:55.093287,Tokyo-1387,27,100,Normal
2026-02-15 23:46:56.093287,Tokyo-1387,27,13,Normal
2026-02-15 23:46:57.093287,Tokyo-1387,-28,3,Normal
2026-02-15 23:46:58.093287,Tokyo-1387,44,66,Normal
2026-02-15 23:46:59.093287,Tokyo-1387,-7,42,Normal
2026-02-15 23:47:00.093287,Tokyo-1387,13,3,Normal
2026-02-15 23:47:01.093287,Tokyo-1387,-16,41,Normal
2026-02-15 23:47:02.093287,Tokyo-1387,2,84,Normal
2026-02-15 23:47:03.093287,Tokyo-1387,29,45,Normal
2026-02-15 23:47:04.093287,Tokyo-1387,41,20,Normal
2026-02-15 23:47:05.093287,Tokyo-1387,6,10,Normal
2026-02-15 23:47:06.093287,Tokyo-1387,-18,17,Normal
2026-02-15 23:47:07.093287,Tokyo-1387,5,21,Normal
2026-02-15 23:47:08.093287,Tokyo-1387,-6,42,Normal
2026-02-15 23:47:09.093287,Tokyo-1387,-11,38,Normal
2026-02-15 23:47:10.093287,Tokyo-1387,43,55,Normal
2026-02-15 23:47:11.093287,Tokyo-1387,20,100,Normal
2026-02-15 23:47:12.093287,Tokyo-1387,15,85,Normal
2026-02-15 23:47:13.093287,Tokyo-1387,17,79,Normal
2026-02-15 23:47:14.093287,Tokyo-1387,31,23,Normal
2026-02-15 23:47:15.093287,Tokyo-1387,-21,60,Normal
2026-02-15 23:47:16.093287,Tokyo-1387,-13,84,Normal
2026-02-15 23:47:17.093287,Tokyo-1387,23,53,Normal
2026-02-15 23:47:18.093287,Tokyo-1387,37,1,Normal
2026-02-15 23:47:19.093287,Tokyo-1387,15,65,Normal
2026-02-15 23:47:20.093287,Tokyo-1387,-17,19,Normal
2026-02-15 23:47:21.093287,Tokyo-1387,10,19,Normal
2026-02-15 23:47:22.093287,Tokyo-1387,37,75,Normal
2026-02-15 23:47:23.093287,Tokyo-1387,48,53,Normal
2026-02-15 23:47:24.093287,Tokyo-1387,-23,55,Normal
2026-02-15 23:47:25.093287,Tokyo-1387,-5,58,Normal
2026-02-15 23:47:26.093287,Tokyo-1387,28,95,Normal
2026-02-15 23:47:27.093287,Tokyo-1387,-22,23,Normal
2026-02-15 23:47:28.093287,Tokyo-1387,-29,90,Normal
2026-02-15 23:47:29.093287,Tokyo-1387,35,79,Normal
2026-02-15 23:47:30.093287,Tokyo-1387,30,94,Normal
2026-02-15 23:47:31.093287,Tokyo-1387,38,42,Normal
2026-02-15 23:47:32.093287,Tokyo-1387,49,50,Normal
2026-02-15 23:47:33.093287,Tokyo-1387,-30,34,Normal
2026-02-15 23:47:34.093287,Tokyo-1387,43,38,Normal
2026-02-15 23:47:35.093287,Tokyo-1387,-27,35,Normal
2026-02-15 23:47:36.093287,Tokyo-1387,-3,18,Normal
2026-02-15 23:47:37.093287,Tokyo-1387,30,13,Normal
2026-02-15 23:47:38.093287,Tokyo-1387,25,19,Normal
2026-02-15 23:47:39.093287,Tokyo-1387,46,50,Normal
2026-02-15 23:47:40.093287,Tokyo-1387,43,38,Normal
2026-02-15 23:47:41.093287,Tokyo-1387,-28,67,Normal
2026-02-15 23:47:42.093287,Tokyo-1387,26,48,Normal
2026-02-15 23:47:43.093287,Tokyo-1387,-30,16,Normal
2026-02-15 23:47:44.093287,Tokyo-1387,-6,83,Normal
2026-02-15 23:47:45.093287,Tokyo-1387,12,76,Normal
2026-02-15 23:47:46.093287,Tokyo-1387,35,68,Normal
2026-02-15 23:47:47.093287,Tokyo-1387,6,24,Normal
2026-02-15 23:47:48.093287,Tokyo-1387,18,99,Normal
2026-02-15 23:47:49.093287,Tokyo-1387,27,8,Normal
2026-02-15 23:47:50.093287,Tokyo-1387,-19,32,Normal
2026-02-15 23:47:51.093287,Tokyo-1387,11,24,Normal
2026-02-15 23:47:52.093287,Tokyo-1387,17,66,Normal
2026-02-15 23:47:53.093287,Tokyo-1387,49,3,Normal
2026-02-15 23:47:54.093287,Tokyo-1387,36,18,Normal
2026-02-15 23:47:55.093287,Tokyo-1387,46,2,Normal
2026-02-15 23:47:56.093287,Tokyo-1387,20,56,Normal
2026-02-15 23:47:57.093287,Tokyo-1387,43,43,Normal
2026-02-15 23:47:58.093287,Tokyo-1387,44,89,Normal
2026-02-15 23:47:59.093287,Tokyo-1387,-1,31,Normal
2026-02-15 23:48:00.093287,Tokyo-1387,47,85,Normal
2026-02-15 23:48:01.093287,Tokyo-1387,39,76,Normal
2026-02-15 23:48:02.093287,Tokyo-1387,-7,79,Normal
2026-02-15 23:48:03.093287,Tokyo-1387,3,82,Normal
2026-02-15 23:48:04.093287,Tokyo-1387,23,32,Normal
2026-02-15 23:48:05.093287,Tokyo-1387,-24,14,Normal
2026-02-15 23:48:06.093287,Tokyo-1387,3,16,Normal
2026-02-15 23:48:07.093287,Tokyo-1387,-15,100,Normal
2026-02-15 23:48:08.093287,Tokyo-1387,11,52,Normal
2026-02-15 23:48:09.093287,Tokyo-1387,25,56,Normal
2026-02-15 23:48:10.093287,Tokyo-1387,-29,82,Normal
2026-02-15 23:48:11.093287,Tokyo-1387,1,45,Normal
2026-02-15 23:48:12.093287,Tokyo-1387,33,66,Normal
2026-02-15 23:48:13.093287,Tokyo-1387,45,100,Normal
2026-02-15 23:48:14.093287,Tokyo-1387,23,69,Normal
2026-02-15 23:48:15.093287,Tokyo-1387,38,70,Normal
2026-02-15 23:48:16.093287,Tokyo-1387,46,27,Normal
2026-02-15 23:48:17.093287,Tokyo-1387,-17,51,Normal
2026-02-15 23:48:18.093287,Tokyo-1387,27,44,Normal
2026-02-15 23:48:19.093287,Tokyo-1387,2,77,Normal
2026-02-15 23:48:20.093287,Tokyo-1387,42,69,Normal
2026-02-15 23:48:21.093287,Tokyo-1387,-23,17,Normal
2026-02-15 23:48:22.093287,Tokyo-1387,45,34,Normal
2026-02-15 23:48:23.093287,Tokyo-1387,10,5,Normal
2026-02-15 23:48:24.093287,Tokyo-1387,-3,45,Normal
2026-02-15 23:48:25.093287,Tokyo-1387,9,41,Normal
2026-02-15 23:48:26.093287,Tokyo-1387,8,32,Normal
2026-02-15 23:48:27.093287,Tokyo-1387,35,100,Normal
2026-02-15 23:48:28.093287,Tokyo-1387,-26,36,Normal
2026-02-15 23:48:29.093287,Tokyo-1387,4,86,Normal
2026-02-15 23:48:30.093287,Tokyo-1387,41,19,Normal
2026-02-15 23:48:31.093287,Tokyo-1387,22,99,Normal
2026-02-15 23:48:32.093287,Tokyo-1387,20,14,Normal
2026-02-15 23:48:33.093287,Tokyo-1387,25,97,Normal
2026-02-15 23:48:34.093287,Tokyo-1387,42,95,Normal
2026-02-15 23:48:35.093287,Tokyo-1387,32,86,Normal
2026-02-15 23:48:36.093287,Tokyo-1387,-19,91,Normal
2026-02-15 23:48:37.093287,Tokyo-1387,31,41,Normal
2026-02-15 23:48:38.093287,Tokyo-1387,19,17,Normal
2026-02-15 23:48:39.093287,Tokyo-1387,-27,58,Normal
2026-02-15 23:48:40.093287,Tokyo-1387,19,93,Normal
2026-02-15 23:48:41.093287,Tokyo-1387,8,45,Normal
2026-02-15 23:48:42.093287,Tokyo-1387,9,76,Normal
2026-02-15 23:48:43.093287,Tokyo-1387,15,48,Normal
2026-02-15 23:48:44.093287,Tokyo-1387,-22,33,Normal
2026-02-15 23:48:45.093287,Tokyo-1387,40,32,Normal
2026-02-15 23:48:46.093287,Tokyo-1387,-5,38,Normal
2026-02-15 23:48:47.093287,Tokyo-1387,45,44,Normal
2026-02-15 23:48:48.093287,Tokyo-1387,-5,10,Normal
2026-02-15 23:48:49.093287,Tokyo-1387,25,77,Normal
2026-02-15 23:48:50.093287,Tokyo-1387,-4,60,Normal
2026-02-15 23:48:51.093287,Tokyo-1387,-5,100,Normal
2026-02-15 23:48:52.093287,Tokyo-1387,-19,64,Normal
2026-02-15 23:48:53.093287,Tokyo-1387,-18,18,Normal
2026-02-15 23:48:54.093287,Tokyo-1387,-15,10,Normal
2026-02-15 23:48:55.093287,Tokyo-1387,39,93,Normal
2026-02-15 23:48:56.093287,Tokyo-1387,40,1,Normal
2026-02-15 23:48:57.093287,Tokyo-1387,47,15,Normal
2026-02-15 23:48:58.093287,Tokyo-1387,-5,85,Normal
2026-02-15 23:48:59.093287,Tokyo-1387,40,19,Normal
2026-02-15 23:49:00.093287,Tokyo-1387,40,66,Normal
2026-02-15 23:49:01.093287,Tokyo-1387,23,51,Normal
2026-02-15 23:49:02.093287,Tokyo-1387,14,6,Normal
2026-02-15 23:49:03.093287,Tokyo-1387,2,42,Normal
2026-02-15 23:49:04.093287,Tokyo-1387,-11,21,Normal
2026-02-15 23:49:05.093287,Tokyo-1387,-24,77,Normal
2026-02-15 23:49:06.093287,Tokyo-1387,18,19,Normal
2026-02-15 23:49:07.093287,Tokyo-1387,21,83,Normal
2026-02-15 23:49:08.093287,Tokyo-1387,-13,90,Normal
2026-02-15 23:49:09.093287,Tokyo-1387,3,29,Normal
2026-02-15 23:49:10.093287,Tokyo-1387,18,99,Normal
2026-02-15 23:49:11.093287,Tokyo-1387,7,20,Normal
2026-02-15 23:49:12.093287,Tokyo-1387,-13,57,Normal
2026-02-15 23:49:13.093287,Tokyo-1387,-1,9,Normal
2026-02-15 23:49:14.093287,Tokyo-1387,32,68,Normal
2026-02-15 23:49:15.093287,Tokyo-1387,-21,22,Normal
2026-02-15 23:49:16.093287,Tokyo-1387,17,60,Normal
2026-02-15 23:49:17.093287,Tokyo-1387,2,32,Normal
2026-02-15 23:49:18.093287,Tokyo-1387,31,5,Normal
2026-02-15 23:49:19.093287,Tokyo-1387,48,39,Normal
2026-02-15 23:49:20.093287,Tokyo-1387,13,67,Normal
2026-02-15 23:49:21.093287,Tokyo-1387,50,35,Normal
2026-02-15 23:49:22.093287,Tokyo-1387,20,86,Normal
2026-02-15 23:49:23.093287,Tokyo-1387,42,98,Normal
2026-02-15 23:49:24.093287,Tokyo-1387,21,93,Normal
2026-02-15 23:49:25.093287,Tokyo-1387,-29,26,Normal
2026-02-15 23:49:26.093287,Tokyo-1387,-17,33,Normal
2026-02-15 23:49:27.093287,Tokyo-1387,26,80,Normal
2026-02-15 23:49:28.093287,Tokyo-1387,34,95,Normal
2026-02-15 23:49:29.093287,Tokyo-1387,-18,54,Normal
2026-02-15 23:49:30.093287,Tokyo-1387,39,67,Normal
2026-02-15 23:49:31.093287,Tokyo-1387,43,64,Normal
2026-02-15 23:49:32.093287,Tokyo-1387,30,41,Normal
2026-02-15 23:49:33.093287,Tokyo-1387,41,18,Normal
2026-02-15 23:49:34.093287,Tokyo-1387,34,85,Normal
2026-02-15 23:49:35.093287,Tokyo-1387,-18,74,Normal
2026-02-15 23:49:36.093287,Tokyo-1387,21,5,Normal
2026-02-15 23:49:37.093287,Tokyo-1387,24,57,Normal
2026-02-15 23:49:38.093287,Tokyo-1387,5,85,Normal
2026-02-15 23:49:39.093287,Tokyo-1387,29,7,Normal
2026-02-15 23:49:40.093287,Tokyo-1387,42,7,Normal
2026-02-15 23:49:41.093287,Tokyo-1387,20,70,Normal
2026-02-15 23:49:42.093287,Tokyo-1387,-23,90,Normal
2026-02-15 23:49:43.093287,Tokyo-1387,25,65,Normal
2026-02-15 23:49:44.093287,Tokyo-1387,-22,97,Normal
2026-02-15 23:49:45.093287,Tokyo-1387,-25,10,Normal
2026-02-15 23:49:46.093287,Tokyo-1387,-8,92,Normal
2026-02-15 23:49:47.093287,Tokyo-1387,-3,48,Normal
2026-02-15 23:49:48.093287,Tokyo-1387,33,55,Normal
2026-02-15 23:49:49.093287,Tokyo-1387,38,66,Normal
2026-02-15 23:49:50.093287,Tokyo-1387,2,3,Normal
2026-02-15 23:49:51.093287,Tokyo-1387,37,14,Normal
2026-02-15 23:49:52.093287,Tokyo-1387,42,79,Normal
2026-02-15 23:49:53.093287,Tokyo-1387,41,10,Normal
2026-02-15 23:49:54.093287,Tokyo-1387,-22,5,Normal
2026-02-15 23:49:55.093287,Tokyo-1387,21,70,Normal
2026-02-15 23:49:56.093287,Tokyo-1387,-30,63,Normal
2026-02-15 23:49:57.093287,Tokyo-1387,35,54,Normal
2026-02-15 23:49:58.093287,Tokyo-1387,8,50,Normal
2026-02-15 23:49:59.093287,Tokyo-1387,45,19,Normal
2026-02-15 23:50:00.093287,Tokyo-1387,13,52,Normal
2026-02-15 23:50:01.093287,Tokyo-1387,28,69,Normal
2026-02-15 23:50:02.093287,Tokyo-1387,-18,31,Normal
2026-02-15 23:50:03.093287,Tokyo-1387,12,84,Normal
2026-02-15 23:50:04.093287,Tokyo-1387,20,72,Normal
2026-02-15 23:50:05.093287,Tokyo-1387,31,79,Normal
2026-02-15 23:50:06.093287,Tokyo-1387,49,92,Normal
2026-02-15 23:50:07.093287,Tokyo-1387,2,23,Normal
2026-02-15 23:50:08.093287,Tokyo-1387,35,58,Normal
2026-02-15 23:50:09.093287,Tokyo-1387,30,63,Normal
2026-02-15 23:50:10.093287,Tokyo-1387,30,88,Normal
2026-02-15 23:50:11.093287,Tokyo-1387,-26,12,Normal
2026-02-15 23:50:12.093287,Tokyo-1387,27,6,Normal
2026-02-15 23:50:13.093287,Tokyo-1387,46,57,Normal
2026-02-15 23:50:14.093287,Tokyo-1387,12,1,Normal
2026-02-15 23:50:15.093287,Tokyo-1387,10,14,Normal
2026-02-15 23:50:16.093287,Tokyo-1387,6,28,Normal
2026-02-15 23:50:17.093287,Tokyo-1387,-13,9,Normal
2026-02-15 23:50:18.093287,Tokyo-1387,-20,27,Normal
2026-02-15 23:50:19.093287,Tokyo-1387,23,87,Normal
2026-02-15 23:50:20.093287,Tokyo-1387,21,93,Normal
2026-02-15 23:50:21.093287,Tokyo-1387,-3,66,Normal
2026-02-15 23:50:22.093287,Tokyo-1387,14,85,Normal
2026-02-15 23:50:23.093287,Tokyo-1387,50,40,Normal
2026-02-15 23:50:24.093287,Tokyo-1387,-11,97,Normal
2026-02-15 23:50:25.093287,Tokyo-1387,-30,77,Normal
2026-02-15 23:50:26.093287,Tokyo-1387,28,56,Normal
2026-02-15 23:50:27.093287,Tokyo-1387,31,67,Normal
2026-02-15 23:50:28.093287,Tokyo-1387,24,67,Normal
2026-02-15 23:50:29.093287,Tokyo-1387,26,92,Normal
2026-02-15 23:50:30.093287,Tokyo-1387,7,56,Normal
2026-02-15 23:50:31.093287,Tokyo-1387,-20,66,Normal
2026-02-15 23:50:32.093287,Tokyo-1387,-19,82,Normal
2026-02-15 23:50:33.093287,Tokyo-1387,47,43,Normal
2026-02-15 23:50:34.093287,Tokyo-1387,-10,63,Normal
2026-02-15 23:50:35.093287,Tokyo-1387,8,89,Normal
2026-02-15 23:50:36.093287,Tokyo-1387,20,29,Normal
2026-02-15 23:50:37.093287,Tokyo-1387,1,30,Normal
2026-02-15 23:50:38.093287,Tokyo-1387,46,15,Normal
2026-02-15 23:50:39.093287,Tokyo-1387,30,43,Normal
2026-02-15 23:50:40.093287,Tokyo-1387,28,47,Normal
2026-02-15 23:50:41.093287,Tokyo-1387,37,89,Normal
2026-02-15 23:50:42.093287,Tokyo-1387,-18,66,Normal
2026-02-15 23:50:43.093287,Tokyo-1387,11,18,Normal
2026-02-15 23:50:44.093287,Tokyo-1387,-22,30,Normal
2026-02-15 23:50:45.093287,Tokyo-1387,-23,90,Normal
2026-02-15 23:50:46.093287,Tokyo-1387,-13,60,Normal
2026-02-15 23:50:47.093287,Tokyo-1387,3,64,Normal
2026-02-15 23:50:48.093287,Tokyo-1387,32,49,Normal
2026-02-15 23:50:49.093287,Tokyo-1387,-22,73,Normal
2026-02-15 23:50:50.093287,Tokyo-1387,43,43,Normal
2026-02-15 23:50:51.093287,Tokyo-1387,18,32,Normal
2026-02-15 23:50:52.093287,Tokyo-1387,36,60,Normal
2026-02-15 23:50:53.093287,Tokyo-1387,-25,40,Normal
2026-02-15 23:50:54.093287,Tokyo-1387,-2,79,Normal
2026-02-15 23:50:55.093287,Tokyo-1387,8,69,Normal
2026-02-15 23:50:56.093287,Tokyo-1387,29,6,Normal
2026-02-15 23:50:57.093287,Tokyo-1387,12,46,Normal
2026-02-15 23:50:58.093287,Tokyo-1387,-13,14,Normal
2026-02-15 23:50:59.093287,Tokyo-1387,50,30,Normal
2026-02-15 23:51:00.093287,Tokyo-1387,50,29,Normal
2026-02-15 23:51:01.093287,Tokyo-1387,11,55,Normal
2026-02-15 23:51:02.093287,Tokyo-1387,43,32,Normal
2026-02-15 23:51:03.093287,Tokyo-1387,19,22,Normal
2026-02-15 23:51:04.093287,Tokyo-1387,36,97,Normal
2026-02-15 23:51:05.093287,Tokyo-1387,27,48,Normal
2026-02-15 23:51:06.093287,Tokyo-1387,-14,16,Normal
2026-02-15 23:51:07.093287,Tokyo-1387,22,92,Normal
2026-02-15 23:51:08.093287,Tokyo-1387,23,34,Normal
2026-02-15 23:51:09.093287,Tokyo-1387,46,97,Normal
2026-02-15 23:51:10.093287,Tokyo-1387,-11,60,Normal
2026-02-15 23:51:11.093287,Tokyo-1387,-2,53,Normal
2026-02-15 23:51:12.093287,Tokyo-1387,13,11,Normal
2026-02-15 23:51:13.093287,Tokyo-1387,16,57,Normal
2026-02-15 23:51:14.093287,Tokyo-1387,-2,32,Normal
2026-02-15 23:51:15.093287,Tokyo-1387,-23,56,Normal
2026-02-15 23:51:16.093287,Tokyo-1387,-2,22,Normal
2026-02-15 23:51:17.093287,Tokyo-1387,42,58,Normal
2026-02-15 23:51:18.093287,Tokyo-1387,-8,98,Normal
2026-02-15 23:51:19.093287,Tokyo-1387,27,56,Normal
2026-02-15 23:51:20.093287,Tokyo-1387,-3,56,Normal
2026-02-15 23:51:21.093287,Tokyo-1387,37,55,Normal
2026-02-15 23:51:22.093287,Tokyo-1387,26,74,Normal
2026-02-15 23:51:23.093287,Tokyo-1387,31,35,Normal
2026-02-15 23:51:24.093287,Tokyo-1387,-28,41,Normal
2026-02-15 23:51:25.093287,Tokyo-1387,10,78,Normal
2026-02-15 23:51:26.093287,Tokyo-1387,1,68,Normal
2026-02-15 23:51:27.093287,Tokyo-1387,-1,93,Normal
2026-02-15 23:51:28.093287,Tokyo-1387,26,63,Normal
2026-02-15 23:51:29.093287,Tokyo-1387,31,61,Normal
2026-02-15 23:51:30.093287,Tokyo-1387,35,9,Normal
2026-02-15 23:51:31.093287,Tokyo-1387,-18,87,Normal
2026-02-15 23:51:32.093287,Tokyo-1387,23,54,Normal
2026-02-15 23:51:33.093287,Tokyo-1387,-19,58,Normal
2026-02-15 23:51:34.093287,Tokyo-1387,43,75,Normal
2026-02-15 23:51:35.093287,Tokyo-1387,47,13,Normal
2026-02-15 23:51:36.093287,Tokyo-1387,-25,2,Normal
2026-02-15 23:51:37.093287,Tokyo-1387,43,71,Normal
2026-02-15 23:51:38.093287,Tokyo-1387,16,92,Normal
2026-02-15 23:51:39.093287,Tokyo-1387,-21,85,Normal
2026-02-15 23:51:40.093287,Tokyo-1387,-5,20,Normal
2026-02-15 23:51:41.093287,Tokyo-1387,-1,84,Normal
2026-02-15 23:51:42.093287,Tokyo-1387,37,5,Normal
2026-02-15 23:51:43.093287,Tokyo-1387,-20,22,Normal
2026-02-15 23:51:44.093287,Tokyo-1387,50,25,Normal
2026-02-15 23:51:45.093287,Tokyo-1387,44,89,Normal
2026-02-15 23:51:46.093287,Tokyo-1387,-1,65,Normal
2026-02-15 23:51:47.093287,Tokyo-1387,-13,99,Normal
2026-02-15 23:51:48.093287,Tokyo-1387,44,44,Normal
2026-02-15 23:51:49.093287,Tokyo-1387,-26,26,Normal
2026-02-15 23:51:50.093287,Tokyo-1387,40,8,Normal
2026-02-15 23:51:51.093287,Tokyo-1387,-23,26,Normal
2026-02-15 23:51:52.093287,Tokyo-1387,11,89,Normal
2026-02-15 23:51:53.093287,Tokyo-1387,37,80,Normal
2026-02-15 23:51:54.093287,Tokyo-1387,-11,16,Normal
2026-02-15 23:51:55.093287,Tokyo-1387,8,34,Normal
2026-02-15 23:51:56.093287,Tokyo-1387,14,84,Normal
2026-02-15 23:51:57.093287,Tokyo-1387,41,100,Normal
2026-02-15 23:51:58.093287,Tokyo-1387,7,77,Normal
2026-02-15 23:51:59.093287,Tokyo-1387,-15,66,Normal
2026-02-15 23:52:00.093287,Tokyo-1387,36,11,Normal
2026-02-15 23:52:01.093287,Tokyo-1387,-30,81,Normal
2026-02-15 23:52:02.093287,Tokyo-1387,-14,54,Normal
2026-02-15 23:52:03.093287,Tokyo-1387,15,80,Normal
2026-02-15 23:52:04.093287,Tokyo-1387,-19,9,Normal
2026-02-15 23:52:05.093287,Tokyo-1387,9,76,Normal
2026-02-15 23:52:06.093287,Tokyo-1387,8,20,Normal
2026-02-15 23:52:07.093287,Tokyo-1387,48,66,Normal
2026-02-15 23:52:08.093287,Tokyo-1387,48,74,Normal
2026-02-15 23:52:09.093287,Tokyo-1387,49,59,Normal
2026-02-15 23:52:10.093287,Tokyo-1387,-8,61,Normal
2026-02-15 23:52:11.093287,Tokyo-1387,10,61,Normal
2026-02-15 23:52:12.093287,Tokyo-1387,25,94,Normal
2026-02-15 23:52:13.093287,Tokyo-1387,49,62,Normal
2026-02-15 23:52:14.093287,Tokyo-1387,32,36,Normal
2026-02-15 23:52:15.093287,Tokyo-1387,29,18,Normal
2026-02-15 23:52:16.093287,Tokyo-1387,47,19,Normal
2026-02-15 23:52:17.093287,Tokyo-1387,30,81,Normal
2026-02-15 23:52:18.093287,Tokyo-1387,-30,100,Normal
2026-02-15 23:52:19.093287,Tokyo-1387,38,2,Normal
2026-02-15 23:52:20.093287,Tokyo-1387,-19,57,Normal
2026-02-15 23:52:21.093287,Tokyo-1387,27,33,Normal
2026-02-15 23:52:22.093287,Tokyo-1387,28,57,Normal
2026-02-15 23:52:23.093287,Tokyo-1387,26,56,Normal
2026-02-15 23:52:24.093287,Tokyo-1387,38,0,Normal
2026-02-15 23:52:25.093287,Tokyo-1387,-14,74,Normal
2026-02-15 23:52:26.093287,Tokyo-1387,42,72,Normal
2026-02-15 23:52:27.093287,Tokyo-1387,-2,12,Normal
2026-02-15 23:52:28.093287,Tokyo-1387,-5,13,Normal
2026-02-15 23:52:29.093287,Tokyo-1387,20,58,Normal
2026-02-15 23:52:30.093287,Tokyo-1387,29,48,Normal
2026-02-15 23:52:31.093287,Tokyo-1387,38,45,Normal
2026-02-15 23:52:32.093287,Tokyo-1387,-3,70,Normal
2026-02-15 23:52:33.093287,Tokyo-1387,38,75,Normal
2026-02-15 23:52:34.093287,Tokyo-1387,40,0,Normal
2026-02-15 23:52:35.093287,Tokyo-1387,-27,16,Normal
2026-02-15 23:52:36.093287,Tokyo-1387,15,60,Normal
2026-02-15 23:52:37.093287,Tokyo-1387,-14,44,Normal
2026-02-15 23:52:38.093287,Tokyo-1387,-6,46,Normal
2026-02-15 23:52:39.093287,Tokyo-1387,12,13,Normal
2026-02-15 23:52:40.093287,Tokyo-1387,17,84,Normal
2026-02-15 23:52:41.093287,Tokyo-1387,42,11,Normal
2026-02-15 23:52:42.093287,Tokyo-1387,-16,13,Normal
2026-02-15 23:52:43.093287,Tokyo-1387,33,98,Normal
2026-02-15 23:52:44.093287,Tokyo-1387,3,61,Normal
2026-02-15 23:52:45.093287,Tokyo-1387,-21,48,Normal
2026-02-15 23:52:46.093287,Tokyo-1387,-25,61,Normal
2026-02-15 23:52:47.093287,Tokyo-1387,-17,67,Normal
2026-02-15 23:52:48.093287,Tokyo-1387,10,15,Normal
2026-02-15 23:52:49.093287,Tokyo-1387,14,52,Normal
2026-02-15 23:52:50.093287,Tokyo-1387,35,80,Normal
2026-02-15 23:52:51.093287,Tokyo-1387,43,73,Normal
2026-02-15 23:52:52.093287,Tokyo-1387,-3,76,Normal
2026-02-15 23:52:53.093287,Tokyo-1387,18,97,Normal
2026-02-15 23:52:54.093287,Tokyo-1387,-30,14,Normal
2026-02-15 23:52:55.093287,Tokyo-1387,43,14,Normal
2026-02-15 23:52:56.093287,Tokyo-1387,-30,21,Normal
2026-02-15 23:52:57.093287,Tokyo-1387,36,15,Normal
2026-02-15 23:52:58.093287,Tokyo-1387,-18,45,Normal
2026-02-15 23:52:59.093287,Tokyo-1387,3,18,Normal
2026-02-15 23:53:00.093287,Tokyo-1387,10,27,Normal
2026-02-15 23:53:01.093287,Tokyo-1387,20,18,Normal
2026-02-15 23:53:02.093287,Tokyo-1387,40,23,Normal
2026-02-15 23:53:03.093287,Tokyo-1387,28,54,Normal
2026-02-15 23:53:04.093287,Tokyo-1387,46,12,Normal
2026-02-15 23:53:05.093287,Tokyo-1387,13,61,Normal
2026-02-15 23:53:06.093287,Tokyo-1387,-9,25,Normal
2026-02-15 23:53:07.093287,Tokyo-1387,-5,75,Normal
2026-02-15 23:53:08.093287,Tokyo-1387,6,19,Normal
2026-02-15 23:53:09.093287,Tokyo-1387,22,20,Normal
2026-02-15 23:53:10.093287,Tokyo-1387,42,36,Normal
2026-02-15 23:53:11.093287,Tokyo-1387,15,24,Normal
2026-02-15 23:53:12.093287,Tokyo-1387,-19,5,Normal
2026-02-15 23:53:13.093287,Tokyo-1387,-13,83,Normal
2026-02-15 23:53:14.093287,Tokyo-1387,-26,60,Normal
2026-02-15 23:53:15.093287,Tokyo-1387,42,36,Normal
2026-02-15 23:53:16.093287,Tokyo-1387,32,14,Normal
2026-02-15 23:53:17.093287,Tokyo-1387,49,26,Normal
2026-02-15 23:53:18.093287,Tokyo-1387,1,72,Normal
2026-02-15 23:53:19.093287,Tokyo-1387,39,48,Normal
2026-02-15 23:53:20.093287,Tokyo-1387,40,6,Normal
2026-02-15 23:53:21.093287,Tokyo-1387,-22,21,Normal
2026-02-15 23:53:22.093287,Tokyo-1387,-4,84,Normal
2026-02-15 23:53:23.093287,Tokyo-1387,46,14,Normal
2026-02-15 23:53:24.093287,Tokyo-1387,7,11,Normal
2026-02-15 23:53:25.093287,Tokyo-1387,34,61,Normal
2026-02-15 23:53:26.093287,Tokyo-1387,-8,9,Normal
2026-02-15 23:53:27.093287,Tokyo-1387,-25,69,Normal
2026-02-15 23:53:28.093287,Tokyo-1387,-10,82,Normal
2026-02-15 23:53:29.093287,Tokyo-1387,13,70,Normal
2026-02-15 23:53:30.093287,Tokyo-1387,25,67,Normal
2026-02-15 23:53:31.093287,Tokyo-1387,25,81,Normal
2026-02-15 23:53:32.093287,Tokyo-1387,49,33,Normal
2026-02-15 23:53:33.093287,Tokyo-1387,-6,14,Normal
2026-02-15 23:53:34.093287,Tokyo-1387,-28,56,Normal
2026-02-15 23:53:35.093287,Tokyo-1387,15,8,Normal
2026-02-15 23:53:36.093287,Tokyo-1387,-6,4,Normal
2026-02-15 23:53:37.093287,Tokyo-1387,-1,74,Normal
2026-02-15 23:53:38.093287,Tokyo-1387,50,65,Normal
2026-02-15 23:53:39.093287,Tokyo-1387,21,45,Normal
2026-02-15 23:53:40.093287,Tokyo-1387,46,13,Normal
2026-02-15 23:53:41.093287,Tokyo-1387,-13,100,Normal
2026-02-15 23:53:42.093287,Tokyo-1387,-19,41,Normal
2026-02-15 23:53:43.093287,Tokyo-1387,-19,71,Normal
2026-02-15 23:53:44.093287,Tokyo-1387,21,21,Normal
2026-02-15 23:53:45.093287,Tokyo-1387,-1,95,Normal
2026-02-15 23:53:46.093287,Tokyo-1387,43,39,Normal
2026-02-15 23:53:47.093287,Tokyo-1387,37,51,Normal
2026-02-15 23:53:48.093287,Tokyo-1387,11,20,Normal
2026-02-15 23:53:49.093287,Tokyo-1387,0,5,Normal
2026-02-15 23:53:50.093287,Tokyo-1387,-17,87,Normal
2026-02-15 23:53:51.093287,Tokyo-1387,1,52,Normal
2026-02-15 23:53:52.093287,Tokyo-1387,-2,85,Normal
2026-02-15 23:53:53.093287,Tokyo-1387,-22,23,Normal
2026-02-15 23:53:54.093287,Tokyo-1387,5,54,Normal
2026-02-15 23:53:55.093287,Tokyo-1387,28,93,Normal
2026-02-15 23:53:56.093287,Tokyo-1387,46,3,Normal
2026-02-15 23:53:57.093287,Tokyo-1387,-19,27,Normal
2026-02-15 23:53:58.093287,Tokyo-1387,-9,29,Normal
2026-02-15 23:53:59.093287,Tokyo-1387,-25,13,Normal
2026-02-15 23:54:00.093287,Tokyo-1387,-20,1,Normal
2026-02-15 23:54:01.093287,Tokyo-1387,46,81,Normal
2026-02-15 23:54:02.093287,Tokyo-1387,11,73,Normal
2026-02-15 23:54:03.093287,Tokyo-1387,12,30,Normal
2026-02-15 23:54:04.093287,Tokyo-1387,-29,82,Normal
2026-02-15 23:54:05.093287,Tokyo-1387,21,56,Normal
2026-02-15 23:54:06.093287,Tokyo-1387,22,65,Normal
2026-02-15 23:54:07.093287,Tokyo-1387,20,18,Normal
2026-02-15 23:54:08.093287,Tokyo-1387,24,4,Normal
2026-02-15 23:54:09.093287,Tokyo-1387,44,21,Normal
2026-02-15 23:54:10.093287,Tokyo-1387,24,37,Normal
2026-02-15 23:54:11.093287,Tokyo-1387,-3,78,Normal
2026-02-15 23:54:12.093287,Tokyo-1387,17,56,Normal
2026-02-15 23:54:13.093287,Tokyo-1387,19,77,Normal
2026-02-15 23:54:14.093287,Tokyo-1387,22,73,Normal
2026-02-15 23:54:15.093287,Tokyo-1387,-9,83,Normal
2026-02-15 23:54:16.093287,Tokyo-1387,-11,88,Normal
2026-02-15 23:54:17.093287,Tokyo-1387,-16,46,Normal
2026-02-15 23:54:18.093287,Tokyo-1387,-16,14,Normal
2026-02-15 23:54:19.093287,Tokyo-1387,1,0,Normal
2026-02-15 23:54:20.093287,Tokyo-1387,-24,67,Normal
2026-02-15 23:54:21.093287,Tokyo-1387,19,82,Normal
2026-02-15 23:54:22.093287,Tokyo-1387,-17,35,Normal
2026-02-15 23:54:23.093287,Tokyo-1387,46,26,Normal
2026-02-15 23:54:24.093287,Tokyo-1387,-6,21,Normal
2026-02-15 23:54:25.093287,Tokyo-1387,-15,52,Normal
2026-02-15 23:54:26.093287,Tokyo-1387,17,69,Normal
2026-02-15 23:54:27.093287,Tokyo-1387,42,1,Normal
2026-02-15 23:54:28.093287,Tokyo-1387,12,76,Normal
2026-02-15 23:54:29.093287,Tokyo-1387,8,71,Normal
2026-02-15 23:54:30.093287,Tokyo-1387,36,43,Normal
2026-02-15 23:54:31.093287,Tokyo-1387,-16,62,Normal
2026-02-15 23:54:32.093287,Tokyo-1387,10,75,Normal
2026-02-15 23:54:33.093287,Tokyo-1387,42,58,Normal
2026-02-15 23:54:34.093287,Tokyo-1387,-1,15,Normal
2026-02-15 23:54:35.093287,Tokyo-1387,48,92,Normal
2026-02-15 23:54:36.093287,Tokyo-1387,6,78,Normal
2026-02-15 23:54:37.093287,Tokyo-1387,10,17,Normal
2026-02-15 23:54:38.093287,Tokyo-1387,50,6,Normal
2026-02-15 23:54:39.093287,Tokyo-1387,5,48,Normal
2026-02-15 23:54:40.093287,Tokyo-1387,29,98,Normal
2026-02-15 23:54:41.093287,Tokyo-1387,-30,78,Normal
2026-02-15 23:54:42.093287,Tokyo-1387,36,18,Normal
2026-02-15 23:54:43.093287,Tokyo-1387,32,1,Normal
2026-02-15 23:54:44.093287,Tokyo-1387,17,68,Normal
2026-02-15 23:54:45.093287,Tokyo-1387,7,44,Normal
2026-02-15 23:54:46.093287,Tokyo-1387,21,94,Normal
2026-02-15 23:54:47.093287,Tokyo-1387,-3,27,Normal
2026-02-15 23:54:48.093287,Tokyo-1387,28,44,Normal
2026-02-15 23:54:49.093287,Tokyo-1387,8,96,Normal
2026-02-15 23:54:50.093287,Tokyo-1387,-28,86,Normal
2026-02-15 23:54:51.093287,Tokyo-1387,24,12,Normal
2026-02-15 23:54:52.093287,Tokyo-1387,35,28,Normal
2026-02-15 23:54:53.093287,Tokyo-1387,38,99,Normal
2026-02-15 23:54:54.093287,Tokyo-1387,35,90,Normal
2026-02-15 23:54:55.093287,Tokyo-1387,0,67,Normal
2026-02-15 23:54:56.093287,Tokyo-1387,13,99,Normal
2026-02-15 23:54:57.093287,Tokyo-1387,30,37,Normal
2026-02-15 23:54:58.093287,Tokyo-1387,1,53,Normal
2026-02-15 23:54:59.093287,Tokyo-1387,49,56,Normal
2026-02-15 23:55:00.093287,Tokyo-1387,40,81,Normal
2026-02-15 23:55:01.093287,Tokyo-1387,-12,99,Normal
2026-02-15 23:55:02.093287,Tokyo-1387,19,1,Normal
2026-02-15 23:55:03.093287,Tokyo-1387,20,2,Normal
2026-02-15 23:55:04.093287,Tokyo-1387,-12,97,Normal
2026-02-15 23:55:05.093287,Tokyo-1387,-29,70,Normal
2026-02-15 23:55:06.093287,Tokyo-1387,-2,42,Normal
2026-02-15 23:55:07.093287,Tokyo-1387,5,49,Normal
2026-02-15 23:55:08.093287,Tokyo-1387,0,15,Normal
2026-02-15 23:55:09.093287,Tokyo-1387,-27,66,Normal
2026-02-15 23:55:10.093287,Tokyo-1387,8,57,Normal
2026-02-15 23:55:11.093287,Tokyo-1387,-17,64,Normal
2026-02-15 23:55:12.093287,Tokyo-1387,1,17,Normal
2026-02-15 23:55:13.093287,Tokyo-1387,29,5,Normal
2026-02-15 23:55:14.093287,Tokyo-1387,45,24,Normal
2026-02-15 23:55:15.093287,Tokyo-1387,39,48,Normal
2026-02-15 23:55:16.093287,Tokyo-1387,-5,90,Normal
2026-02-15 23:55:17.093287,Tokyo-1387,-29,66,Normal
2026-02-15 23:55:18.093287,Tokyo-1387,21,86,Normal
2026-02-15 23:55:19.093287,Tokyo-1387,41,86,Normal
2026-02-15 23:55:20.093287,Tokyo-1387,-28,86,Normal
2026-02-15 23:55:21.093287,Tokyo-1387,14,62,Normal
2026-02-15 23:55:22.093287,Tokyo-1387,-21,43,Normal
2026-02-15 23:55:23.093287,Tokyo-1387,-10,38,Normal
2026-02-15 23:55:24.093287,Tokyo-1387,31,1,Normal
2026-02-15 23:55:25.093287,Tokyo-1387,29,61,Normal
2026-02-15 23:55:26.093287,Tokyo-1387,30,74,Normal
2026-02-15 23:55:27.093287,Tokyo-1387,-3,16,Normal
2026-02-15 23:55:28.093287,Tokyo-1387,-28,55,Normal
2026-02-15 23:55:29.093287,Tokyo-1387,-9,12,Normal
2026-02-15 23:55:30.093287,Tokyo-1387,9,11,Normal
2026-02-15 23:55:31.093287,Tokyo-1387,40,5,Normal
2026-02-15 23:55:32.093287,Tokyo-1387,-28,0,Normal
2026-02-15 23:55:33.093287,Tokyo-1387,-30,76,Normal
2026-02-15 23:55:34.093287,Tokyo-1387,49,77,Normal
2026-02-15 23:55:35.093287,Tokyo-1387,-18,10,Normal
2026-02-15 23:55:36.093287,Tokyo-1387,-14,81,Normal
2026-02-15 23:55:37.093287,Tokyo-1387,-7,6,Normal
2026-02-15 23:55:38.093287,Tokyo-1387,28,53,Normal
2026-02-15 23:55:39.093287,Tokyo-1387,41,79,Normal
2026-02-15 23:55:40.093287,Tokyo-1387,46,11,Normal
2026-02-15 23:55:41.093287,Tokyo-1387,46,56,Normal
2026-02-15 23:55:42.093287,Tokyo-1387,-9,42,Normal
2026-02-15 23:55:43.093287,Tokyo-1387,-1,85,Normal
2026-02-15 23:55:44.093287,Tokyo-1387,13,11,Normal
2026-02-15 23:55:45.093287,Tokyo-1387,17,73,Normal
2026-02-15 23:55:46.093287,Tokyo-1387,-6,91,Normal
2026-02-15 23:55:47.093287,Tokyo-1387,-11,89,Normal
2026-02-15 23:55:48.093287,Tokyo-1387,13,51,Normal
2026-02-15 23:55:49.093287,Tokyo-1387,22,12,Normal
2026-02-15 23:55:50.093287,Tokyo-1387,-5,53,Normal
2026-02-15 23:55:51.093287,Tokyo-1387,24,6,Normal
2026-02-15 23:55:52.093287,Tokyo-1387,10,34,Normal
2026-02-15 23:55:53.093287,Tokyo-1387,10,14,Normal
2026-02-15 23:55:54.093287,Tokyo-1387,49,31,Normal
2026-02-15 23:55:55.093287,Tokyo-1387,-30,46,Normal
2026-02-15 23:55:56.093287,Tokyo-1387,21,72,Normal
2026-02-15 23:55:57.093287,Tokyo-1387,-30,59,Normal
2026-02-15 23:55:58.093287,Tokyo-1387,30,95,Normal
2026-02-15 23:55:59.093287,Tokyo-1387,-10,40,Normal
2026-02-15 23:56:00.093287,Tokyo-1387,-29,65,Normal
2026-02-15 23:56:01.093287,Tokyo-1387,17,12,Normal
2026-02-15 23:56:02.093287,Tokyo-1387,17,41,Normal
2026-02-15 23:56:03.093287,Tokyo-1387,-1,85,Normal
2026-02-15 23:56:04.093287,Tokyo-1387,5,95,Normal
2026-02-15 23:56:05.093287,Tokyo-1387,-17,76,Normal
2026-02-15 23:56:06.093287,Tokyo-1387,-6,8,Normal
2026-02-15 23:56:07.093287,Tokyo-1387,5,25,Normal
2026-02-15 23:56:08.093287,Tokyo-1387,-4,58,Normal
2026-02-15 23:56:09.093287,Tokyo-1387,28,92,Normal
2026-02-15 23:56:10.093287,Tokyo-1387,13,28,Normal
2026-02-15 23:56:11.093287,Tokyo-1387,-4,78,Normal
2026-02-15 23:56:12.093287,Tokyo-1387,17,5,Normal
2026-02-15 23:56:13.093287,Tokyo-1387,18,39,Normal
2026-02-15 23:56:14.093287,Tokyo-1387,21,29,Normal
2026-02-15 23:56:15.093287,Tokyo-1387,8,48,Normal
2026-02-15 23:56:16.093287,Tokyo-1387,9,13,Normal
2026-02-15 23:56:17.093287,Tokyo-1387,33,58,Normal
2026-02-15 23:56:18.093287,Tokyo-1387,-16,87,Normal
2026-02-15 23:56:19.093287,Tokyo-1387,12,27,Normal
2026-02-15 23:56:20.093287,Tokyo-1387,32,38,Normal
2026-02-15 23:56:21.093287,Tokyo-1387,30,40,Normal
2026-02-15 23:56:22.093287,Tokyo-1387,-16,41,Normal
2026-02-15 23:56:23.093287,Tokyo-1387,-26,16,Normal
2026-02-15 23:56:24.093287,Tokyo-1387,33,39,Normal
2026-02-15 23:56:25.093287,Tokyo-1387,17,50,Normal
2026-02-15 23:56:26.093287,Tokyo-1387,-11,27,Normal
2026-02-15 23:56:27.093287,Tokyo-1387,41,78,Normal
2026-02-15 23:56:28.093287,Tokyo-1387,15,58,Normal
2026-02-15 23:56:29.093287,Tokyo-1387,-23,11,Normal
2026-02-15 23:56:30.093287,Tokyo-1387,1,2,Normal
2026-02-15 23:56:31.093287,Tokyo-1387,0,14,Normal
2026-02-15 23:56:32.093287,Tokyo-1387,13,92,Normal
2026-02-15 23:56:33.093287,Tokyo-1387,-1,33,Normal
2026-02-15 23:56:34.093287,Tokyo-1387,32,52,Normal
2026-02-15 23:56:35.093287,Tokyo-1387,17,3,Normal
2026-02-15 23:56:36.093287,Tokyo-1387,44,0,Normal
2026-02-15 23:56:37.093287,Tokyo-1387,33,60,Normal
2026-02-15 23:56:38.093287,Tokyo-1387,-5,29,Normal
2026-02-15 23:56:39.093287,Tokyo-1387,-26,26,Normal
2026-02-15 23:56:40.093287,Tokyo-1387,-19,62,Normal
2026-02-15 23:56:41.093287,Tokyo-1387,-11,58,Normal
2026-02-15 23:56:42.093287,Tokyo-1387,33,2,Normal
2026-02-15 23:56:43.093287,Tokyo-1387,20,3,Normal
2026-02-15 23:56:44.093287,Tokyo-1387,-17,56,Normal
2026-02-15 23:56:45.093287,Tokyo-1387,-15,80,Normal
2026-02-15 23:56:46.093287,Tokyo-1387,22,92,Normal
2026-02-15 23:56:47.093287,Tokyo-1387,48,36,Normal
2026-02-15 23:56:48.093287,Tokyo-1387,30,76,Normal
2026-02-15 23:56:49.093287,Tokyo-1387,23,35,Normal
2026-02-15 23:56:50.093287,Tokyo-1387,-7,99,Normal
2026-02-15 23:56:51.093287,Tokyo-1387,-10,83,Normal
2026-02-15 23:56:52.093287,Tokyo-1387,-21,30,Normal
2026-02-15 23:56:53.093287,Tokyo-1387,12,52,Normal
2026-02-15 23:56:54.093287,Tokyo-1387,8,29,Normal
2026-02-15 23:56:55.093287,Tokyo-1387,17,99,Normal
2026-02-15 23:56:56.093287,Tokyo-1387,38,87,Normal
2026-02-15 23:56:57.093287,Tokyo-1387,0,25,Normal
2026-02-15 23:56:58.093287,Tokyo-1387,8,32,Normal
2026-02-15 23:56:59.093287,Tokyo-1387,44,57,Normal
2026-02-15 23:57:00.093287,Tokyo-1387,32,3,Normal
2026-02-15 23:57:01.093287,Tokyo-1387,24,72,Normal
2026-02-15 23:57:02.093287,Tokyo-1387,10,7,Normal
2026-02-15 23:57:03.093287,Tokyo-1387,-10,76,Normal
2026-02-15 23:57:04.093287,Tokyo-1387,11,69,Normal
2026-02-15 23:57:05.093287,Tokyo-1387,6,91,Normal
2026-02-15 23:57:06.093287,Tokyo-1387,24,34,Normal
2026-02-15 23:57:07.093287,Tokyo-1387,6,76,Normal
2026-02-15 23:57:08.093287,Tokyo-1387,46,48,Normal
2026-02-15 23:57:09.093287,Tokyo-1387,14,69,Normal
2026-02-15 23:57:10.093287,Tokyo-1387,27,48,Normal
2026-02-15 23:57:11.093287,Tokyo-1387,-10,7,Normal
2026-02-15 23:57:12.093287,Tokyo-1387,-12,24,Normal
2026-02-15 23:57:13.093287,Tokyo-1387,-15,94,Normal
2026-02-15 23:57:14.093287,Tokyo-1387,-24,75,Normal
2026-02-15 23:57:15.093287,Tokyo-1387,36,31,Normal
2026-02-15 23:57:16.093287,Tokyo-1387,11,5,Normal
2026-02-15 23:57:17.093287,Tokyo-1387,17,13,Normal
2026-02-15 23:57:18.093287,Tokyo-1387,32,7,Normal
2026-02-15 23:57:19.093287,Tokyo-1387,42,18,Normal
2026-02-15 23:57:20.093287,Tokyo-1387,-24,6,Normal
2026-02-15 23:57:21.093287,Tokyo-1387,3,35,Normal
2026-02-15 23:57:22.093287,Tokyo-1387,44,58,Normal
2026-02-15 23:57:23.093287,Tokyo-1387,-19,7,Normal
2026-02-15 23:57:24.093287,Tokyo-1387,6,14,Normal
2026-02-15 23:57:25.093287,Tokyo-1387,-2,50,Normal
2026-02-15 23:57:26.093287,Tokyo-1387,28,42,Normal
2026-02-15 23:57:27.093287,Tokyo-1387,4,100,Normal
2026-02-15 23:57:28.093287,Tokyo-1387,38,64,Normal
2026-02-15 23:57:29.093287,Tokyo-1387,-5,3,Normal
2026-02-15 23:57:30.093287,Tokyo-1387,38,26,Normal
2026-02-15 23:57:31.093287,Tokyo-1387,5,55,Normal
2026-02-15 23:57:32.093287,Tokyo-1387,-20,84,Normal
2026-02-15 23:57:33.093287,Tokyo-1387,-23,12,Normal
2026-02-15 23:57:34.093287,Tokyo-1387,-6,83,Normal
2026-02-15 23:57:35.093287,Tokyo-1387,29,59,Normal
2026-02-15 23:57:36.093287,Tokyo-1387,-16,49,Normal
2026-02-15 23:57:37.093287,Tokyo-1387,12,100,Normal
2026-02-15 23:57:38.093287,Tokyo-1387,29,25,Normal
2026-02-15 23:57:39.093287,Tokyo-1387,-30,25,Normal
2026-02-15 23:57:40.093287,Tokyo-1387,-20,93,Normal
2026-02-15 23:57:41.093287,Tokyo-1387,3,2,Normal
2026-02-15 23:57:42.093287,Tokyo-1387,28,96,Normal
2026-02-15 23:57:43.093287,Tokyo-1387,-20,85,Normal
2026-02-15 23:57:44.093287,Tokyo-1387,-30,14,Normal
2026-02-15 23:57:45.093287,Tokyo-1387,-3,33,Normal
2026-02-15 23:57:46.093287,Tokyo-1387,25,64,Normal
2026-02-15 23:57:47.093287,Tokyo-1387,-14,9,Normal
2026-02-15 23:57:48.093287,Tokyo-1387,15,93,Normal
2026-02-15 23:57:49.093287,Tokyo-1387,29,14,Normal
2026-02-15 23:57:50.093287,Tokyo-1387,-4,4,Normal
2026-02-15 23:57:51.093287,Tokyo-1387,49,47,Normal
2026-02-15 23:57:52.093287,Tokyo-1387,28,15,Normal
2026-02-15 23:57:53.093287,Tokyo-1387,-3,26,Normal
2026-02-15 23:57:54.093287,Tokyo-1387,46,35,Normal
2026-02-15 23:57:55.093287,Tokyo-1387,18,95,Normal
2026-02-15 23:57:56.093287,Tokyo-1387,2,88,Normal
2026-02-15 23:57:57.093287,Tokyo-1387,46,59,Normal
2026-02-15 23:57:58.093287,Tokyo-1387,50,27,Normal
2026-02-15 23:57:59.093287,Tokyo-1387,31,71,Normal
2026-02-15 23:58:00.093287,Tokyo-1387,45,30,Normal
