timestamp,station_id,temp,humid,condition
2026-02-16 10:23:46.451372,Seoul-f01a,-21,59,Normal
2026-02-16 10:23:47.451372,Seoul-f01a,39,12,Normal
2026-02-16 10:23:48.451372,Seoul-f01a,40,37,Normal
2026-02-16 10:23:49.451372,Seoul-f01a,50,50,Normal
2026-02-16 10:23:50.451372,Seoul-f01a,-8,45,Normal
2026-02-16 10:23:51.451372,Seoul-f01a,-23,33,Normal
2026-02-16 10:23:52.451372,Seoul-f01a,42,42,Normal
2026-02-16 10:23:53.451372,Seoul-f01a,23,26,Normal
2026-02-16 10:23:54.451372,Seoul-f01a,9,67,Normal
2026-02-16 10:23:55.451372,Seoul-f01a,-4,81,Normal
2026-02-16 10:23:56.451372,Seoul-f01a,23,49,Normal
2026-02-16 10:23:57.451372,Seoul-f01a,-21,74,Normal
2026-02-16 10:23:58.451372,Seoul-f01a,1,51,Normal
2026-02-16 10:23:59.451372,Seoul-f01a,35,87,Normal
2026-02-16 10:24:00.451372,Seoul-f01a,-13,25,Normal
2026-02-16 10:24:01.451372,Seoul-f01a,45,47,Normal
2026-02-16 10:24:02.451372,Seoul-f01a,-17,43,Normal
2026-02-16 10:24:03.451372,Seoul-f01a,-7,82,Normal
2026-02-16 10:24:04.451372,Seoul-f01a,27,93,Normal
2026-02-16 10:24:05.451372,Seoul-f01a,32,84,Normal
2026-02-16 10:24:06.451372,Seoul-f01a,-17,78,Normal
2026-02-16 10:24:07.451372,Seoul-f01a,-20,83,Normal
2026-02-16 10:24:08.451372,Seoul-f01a,2,7,Normal
2026-02-16 10:24:09.451372,Seoul-f01a,15,76,Normal
2026-02-16 10:24:10.451372,Seoul-f01a,24,17,Normal
2026-02-16 10:24:11.451372,Seoul-f01a,2,56,Normal
2026-02-16 10:24:12.451372,Seoul-f01a,-4,33,Normal
2026-02-16 10:24:13.451372,Seoul-f01a,-30,94,Normal
2026-02-16 10:24:14.451372,Seoul-f01a,34,7,Normal
2026-02-16 10:24:15.451372,Seoul-f01a,-15,51,Normal
2026-02-16 10:24:16.451372,Seoul-f01a,25,73,Normal
2026-02-16 10:24:17.451372,Seoul-f01a,38,93,Normal
2026-02-16 10:24:18.451372,Seoul-f01a,16,67,Normal
2026-02-16 10:24:19.451372,Seoul-f01a,-22,17,Normal
2026-02-16 10:24:20.451372,Seoul-f01a,-2,58,Normal
2026-02-16 10:24:21.451372,Seoul-f01a,-4,49,Normal
2026-02-16 10:24:22.451372,Seoul-f01a,-21,34,Normal
2026-02-16 10:24:23.451372,Seoul-f01a,9,84,Normal
2026-02-16 10:24:24.451372,Seoul-f01a,7,31,Normal
2026-02-16 10:24:25.451372,Seoul-f01a,34,58,Normal
2026-02-16 10:24:26.451372,Seoul-f01a,39,98,Normal
2026-02-16 10:24:27.451372,Seoul-f01a,2,68,Normal
2026-02-16 10:24:28.451372,Seoul-f01a,-23,49,Normal
2026-02-16 10:24:29.451372,Seoul-f01a,-7,51,Normal
2026-02-16 10:24:30.451372,Seoul-f01a,37,9,Normal
2026-02-16 10:24:31.451372,Seoul-f01a,-3,39,Normal
2026-02-16 10:24:32.451372,Seoul-f01a,43,96,Normal
2026-02-16 10:24:33.451372,Seoul-f01a,7,59,Normal
2026-02-16 10:24:34.451372,Seoul-f01a,-8,38,Normal
2026-02-16 10:24:35.451372,Seoul-f01a,-13,17,Normal
2026-02-16 10:24:36.451372,Seoul-f01a,48,41,Normal
2026-02-16 10:24:37.451372,Seoul-f01a,6,15,Normal
2026-02-16 10:24:38.451372,Seoul-f01a,-9,43,Normal
2026-02-16 10:24:39.451372,Seoul-f01a,38,25,Normal
2026-02-16 10:24:40.451372,Seoul-f01a,-24,3,Normal
2026-02-16 10:24:41.451372,Seoul-f01a,43,95,Normal
2026-02-16 10:24:42.451372,Seoul-f01a,-19,84,Normal
2026-02-16 10:24:43.451372,Seoul-f01a,-17,36,Normal
2026-02-16 10:24:44.451372,Seoul-f01a,44,66,Normal
2026-02-16 10:24:45.451372,Seoul-f01a,41,89,Normal
2026-02-16 10:24:46.451372,Seoul-f01a,11,33,Normal
2026-02-16 10:24:47.451372,Seoul-f01a,-15,24,Normal
2026-02-16 10:24:48.451372,Seoul-f01a,36,2,Normal
2026-02-16 10:24:49.451372,Seoul-f01a,8,6,Normal
2026-02-16 10:24:50.451372,Seoul-f01a,32,60,Normal
2026-02-16 10:24:51.451372,Seoul-f01a,-1,41,Normal
2026-02-16 10:24:52.451372,Seoul-f01a,13,36,Normal
2026-02-16 10:24:53.451372,Seoul-f01a,-28,81,Normal
2026-02-16 10:24:54.451372,Seoul-f01a,-20,35,Normal
2026-02-16 10:24:55.451372,Seoul-f01a,-1,69,Normal
2026-02-16 10:24:56.451372,Seoul-f01a,35,33,Normal
2026-02-16 10:24:57.451372,Seoul-f01a,-12,59,Normal
2026-02-16 10:24:58.451372,Seoul-f01a,13,38,Normal
2026-02-16 10:24:59.451372,Seoul-f01a,21,21,Normal
2026-02-16 10:25:00.451372,Seoul-f01a,39,40,Normal
2026-02-16 10:25:01.451372,Seoul-f01a,11,40,Normal
2026-02-16 10:25:02.451372,Seoul-f01a,40,91,Normal
2026-02-16 10:25:03.451372,Seoul-f01a,6,23,Normal
2026-02-16 10:25:04.451372,Seoul-f01a,12,28,Normal
2026-02-16 10:25:05.451372,Seoul-f01a,-23,80,Normal
2026-02-16 10:25:06.451372,Seoul-f01a,24,81,Normal
2026-02-16 10:25:07.451372,Seoul-f01a,-3,89,Normal
2026-02-16 10:25:08.451372,Seoul-f01a,2,17,Normal
2026-02-16 10:25:09.451372,Seoul-f01a,2,35,Normal
2026-02-16 10:25:10.451372,Seoul-f01a,13,94,Normal
2026-02-16 10:25:11.451372,Seoul-f01a,-15,22,Normal
2026-02-16 10:25:12.451372,Seoul-f01a,22,99,Normal
2026-02-16 10:25:13.451372,Seoul-f01a,13,84,Normal
2026-02-16 10:25:14.451372,Seoul-f01a,-22,9,Normal
2026-02-16 10:25:15.451372,Seoul-f01a,24,78,Normal
2026-02-16 10:25:16.451372,Seoul-f01a,-11,64,Normal
2026-02-16 10:25:17.451372,Seoul-f01a,19,76,Normal
2026-02-16 10:25:18.451372,Seoul-f01a,30,44,Normal
2026-02-16 10:25:19.451372,Seoul-f01a,25,42,Normal
2026-02-16 10:25:20.451372,Seoul-f01a,7,45,Normal
2026-02-16 10:25:21.451372,Seoul-f01a,6,26,Normal
2026-02-16 10:25:22.451372,Seoul-f01a,-16,24,Normal
2026-02-16 10:25:23.451372,Seoul-f01a,21,15,Normal
2026-02-16 10:25:24.451372,Seoul-f01a,45,6,Normal
2026-02-16 10:25:25.451372,Seoul-f01a,42,61,Normal
2026-02-16 10:25:26.451372,Seoul-f01a,4,74,Normal
2026-02-16 10:25:27.451372,Seoul-f01a,9,35,Normal
2026-02-16 10:25:28.451372,Seoul-f01a,26,94,Normal
2026-02-16 10:25:29.451372,Seoul-f01a,-8,91,Normal
2026-02-16 10:25:30.451372,Seoul-f01a,-26,56,Normal
2026-02-16 10:25:31.451372,Seoul-f01a,-5,15,Normal
2026-02-16 10:25:32.451372,Seoul-f01a,37,16,Normal
2026-02-16 10:25:33.451372,Seoul-f01a,45,80,Normal
2026-02-16 10:25:34.451372,Seoul-f01a,37,55,Normal
2026-02-16 10:25:35.451372,Seoul-f01a,18,96,Normal
2026-02-16 10:25:36.451372,Seoul-f01a,-11,66,Normal
2026-02-16 10:25:37.451372,Seoul-f01a,-6,8,Normal
2026-02-16 10:25:38.451372,Seoul-f01a,-1,51,Normal
2026-02-16 10:25:39.451372,Seoul-f01a,15,88,Normal
2026-02-16 10:25:40.451372,Seoul-f01a,-28,44,Normal
2026-02-16 10:25:41.451372,Seoul-f01a,43,81,Normal
2026-02-16 10:25:42.451372,Seoul-f01a,33,86,Normal
2026-02-16 10:25:43.451372,Seoul-f01a,-4,97,Normal
2026-02-16 10:25:44.451372,Seoul-f01a,26,21,Normal
2026-02-16 10:25:45.451372,Seoul-f01a,-27,68,Normal
2026-02-16 10:25:46.451372,Seoul-f01a,-25,0,Normal
2026-02-16 10:25:47.451372,Seoul-f01a,-17,48,Normal
2026-02-16 10:25:48.451372,Seoul-f01a,-19,31,Normal
2026-02-16 10:25:49.451372,Seoul-f01a,21,19,Normal
2026-02-16 10:25:50.451372,Seoul-f01a,2,13,Normal
2026-02-16 10:25:51.451372,Seoul-f01a,13,97,Normal
2026-02-16 10:25:52.451372,Seoul-f01a,4,36,Normal
2026-02-16 10:25:53.451372,Seoul-f01a,29,47,Normal
2026-02-16 10:25:54.451372,Seoul-f01a,-13,35,Normal
2026-02-16 10:25:55.451372,Seoul-f01a,49,30,Normal
2026-02-16 10:25:56.451372,Seoul-f01a,47,76,Normal
2026-02-16 10:25:57.451372,Seoul-f01a,22,84,Normal
2026-02-16 10:25:58.451372,Seoul-f01a,-5,28,Normal
2026-02-16 10:25:59.451372,Seoul-f01a,-7,37,Normal
2026-02-16 10:26:00.451372,Seoul-f01a,23,36,Normal
2026-02-16 10:26:01.451372,Seoul-f01a,25,29,Normal
2026-02-16 10:26:02.451372,Seoul-f01a,14,49,Normal
2026-02-16 10:26:03.451372,Seoul-f01a,20,3,Normal
2026-02-16 10:26:04.451372,Seoul-f01a,27,72,Normal
2026-02-16 10:26:05.451372,Seoul-f01a,-29,70,Normal
2026-02-16 10:26:06.451372,Seoul-f01a,43,91,Normal
2026-02-16 10:26:07.451372,Seoul-f01a,-4,69,Normal
2026-02-16 10:26:08.451372,Seoul-f01a,-29,34,Normal
2026-02-16 10:26:09.451372,Seoul-f01a,31,39,Normal
2026-02-16 10:26:10.451372,Seoul-f01a,1,40,Normal
2026-02-16 10:26:11.451372,Seoul-f01a,-12,72,Normal
2026-02-16 10:26:12.451372,Seoul-f01a,36,92,Normal
2026-02-16 10:26:13.451372,Seoul-f01a,28,32,Normal
2026-02-16 10:26:14.451372,Seoul-f01a,33,58,Normal
2026-02-16 10:26:15.451372,Seoul-f01a,15,76,Normal
2026-02-16 10:26:16.451372,Seoul-f01a,-3,75,Normal
2026-02-16 10:26:17.451372,Seoul-f01a,41,84,Normal
2026-02-16 10:26:18.451372,Seoul-f01a,-10,7,Normal
2026-02-16 10:26:19.451372,Seoul-f01a,47,22,Normal
2026-02-16 10:26:20.451372,Seoul-f01a,-22,94,Normal
2026-02-16 10:26:21.451372,Seoul-f01a,36,38,Normal
2026-02-16 10:26:22.451372,Seoul-f01a,-17,27,Normal
2026-02-16 10:26:23.451372,Seoul-f01a,46,33,Normal
2026-02-16 10:26:24.451372,Seoul-f01a,37,18,Normal
2026-02-16 10:26:25.451372,Seoul-f01a,24,33,Normal
2026-02-16 10:26:26.451372,Seoul-f01a,29,37,Normal
2026-02-16 10:26:27.451372,Seoul-f01a,-19,84,Normal
2026-02-16 10:26:28.451372,Seoul-f01a,28,38,Normal
2026-02-16 10:26:29.451372,Seoul-f01a,30,56,Normal
2026-02-16 10:26:30.451372,Seoul-f01a,-6,98,Normal
2026-02-16 10:26:31.451372,Seoul-f01a,-28,60,Normal
2026-02-16 10:26:32.451372,Seoul-f01a,-20,80,Normal
2026-02-16 10:26:33.451372,Seoul-f01a,-8,26,Normal
2026-02-16 10:26:34.451372,Seoul-f01a,-20,34,Normal
2026-02-16 10:26:35.451372,Seoul-f01a,50,29,Normal
2026-02-16 10:26:36.451372,Seoul-f01a,28,4,Normal
2026-02-16 10:26:37.451372,Seoul-f01a,-4,1,Normal
2026-02-16 10:26:38.451372,Seoul-f01a,41,12,Normal
2026-02-16 10:26:39.451372,Seoul-f01a,14,48,Normal
2026-02-16 10:26:40.451372,Seoul-f01a,-16,65,Normal
2026-02-16 10:26:41.451372,Seoul-f01a,34,70,Normal
2026-02-16 10:26:42.451372,Seoul-f01a,27,6,Normal
2026-02-16 10:26:43.451372,Seoul-f01a,-12,88,Normal
2026-02-16 10:26:44.451372,Seoul-f01a,22,46,Normal
2026-02-16 10:26:45.451372,Seoul-f01a,12,76,Normal
2026-02-16 10:26:46.451372,Seoul-f01a,-27,5,Normal
2026-02-16 10:26:47.451372,Seoul-f01a,17,39,Normal
2026-02-16 10:26:48.451372,Seoul-f01a,34,82,Normal
2026-02-16 10:26:49.451372,Seoul-f01a,-30,73,Normal
2026-02-16 10:26:50.451372,Seoul-f01a,4,51,Normal
2026-02-16 10:26:51.451372,Seoul-f01a,23,29,Normal
2026-02-16 10:26:52.451372,Seoul-f01a,29,77,Normal
2026-02-16 10:26:53.451372,Seoul-f01a,-7,62,Normal
2026-02-16 10:26:54.451372,Seoul-f01a,47,15,Normal
2026-02-16 10:26:55.451372,Seoul-f01a,-6,39,Normal
2026-02-16 10:26:56.451372,Seoul-f01a,8,21,Normal
2026-02-16 10:26:57.451372,Seoul-f01a,41,53,Normal
2026-02-16 10:26:58.451372,Seoul-f01a,13,66,Normal
2026-02-16 10:26:59.451372,Seoul-f01a,8,65,Normal
2026-02-16 10:27:00.451372,Seoul-f01a,20,73,Normal
2026-02-16 10:27:01.451372,Seoul-f01a,9,9,Normal
2026-02-16 10:27:02.451372,Seoul-f01a,25,41,Normal
2026-02-16 10:27:03.451372,Seoul-f01a,36,30,Normal
2026-02-16 10:27:04.451372,Seoul-f01a,-19,78,Normal
2026-02-16 10:27:05.451372,Seoul-f01a,-11,43,Normal
2026-02-16 10:27:06.451372,Seoul-f01a,26,32,Normal
2026-02-16 10:27:07.451372,Seoul-f01a,28,78,Normal
2026-02-16 10:27:08.451372,Seoul-f01a,-20,11,Normal
2026-02-16 10:27:09.451372,Seoul-f01a,-27,4,Normal
2026-02-16 10:27:10.451372,Seoul-f01a,0,46,Normal
2026-02-16 10:27:11.451372,Seoul-f01a,44,22,Normal
2026-02-16 10:27:12.451372,Seoul-f01a,44,40,Normal
2026-02-16 10:27:13.451372,Seoul-f01a,16,88,Normal
2026-02-16 10:27:14.451372,Seoul-f01a,1,59,Normal
2026-02-16 10:27:15.451372,Seoul-f01a,50,79,Normal
2026-02-16 10:27:16.451372,Seoul-f01a,44,21,Normal
2026-02-16 10:27:17.451372,Seoul-f01a,16,45,Normal
2026-02-16 10:27:18.451372,Seoul-f01a,23,34,Normal
2026-02-16 10:27:19.451372,Seoul-f01a,43,31,Normal
2026-02-16 10:27:20.451372,Seoul-f01a,-26,99,Normal
2026-02-16 10:27:21.451372,Seoul-f01a,-21,49,Normal
2026-02-16 10:27:22.451372,Seoul-f01a,-20,48,Normal
2026-02-16 10:27:23.451372,Seoul-f01a,21,6,Normal
2026-02-16 10:27:24.451372,Seoul-f01a,30,23,Normal
2026-02-16 10:27:25.451372,Seoul-f01a,30,28,Normal
2026-02-16 10:27:26.451372,Seoul-f01a,-28,74,Normal
2026-02-16 10:27:27.451372,Seoul-f01a,28,96,Normal
2026-02-16 10:27:28.451372,Seoul-f01a,7,14,Normal
2026-02-16 10:27:29.451372,Seoul-f01a,-13,67,Normal
2026-02-16 10:27:30.451372,Seoul-f01a,-6,33,Normal
2026-02-16 10:27:31.451372,Seoul-f01a,11,80,Normal
2026-02-16 10:27:32.451372,Seoul-f01a,-28,73,Normal
2026-02-16 10:27:33.451372,Seoul-f01a,-26,32,Normal
2026-02-16 10:27:34.451372,Seoul-f01a,-30,57,Normal
2026-02-16 10:27:35.451372,Seoul-f01a,28,62,Normal
2026-02-16 10:27:36.451372,Seoul-f01a,28,93,Normal
2026-02-16 10:27:37.451372,Seoul-f01a,-25,36,Normal
2026-02-16 10:27:38.451372,Seoul-f01a,-12,55,Normal
2026-02-16 10:27:39.451372,Seoul-f01a,12,68,Normal
2026-02-16 10:27:40.451372,Seoul-f01a,10,35,Normal
2026-02-16 10:27:41.451372,Seoul-f01a,25,27,Normal
2026-02-16 10:27:42.451372,Seoul-f01a,-12,89,Normal
2026-02-16 10:27:43.451372,Seoul-f01a,40,34,Normal
2026-02-16 10:27:44.451372,Seoul-f01a,1,12,Normal
2026-02-16 10:27:45.451372,Seoul-f01a,45,39,Normal
2026-02-16 10:27:46.451372,Seoul-f01a,47,50,Normal
2026-02-16 10:27:47.451372,Seoul-f01a,-29,70,Normal
2026-02-16 10:27:48.451372,Seoul-f01a,45,18,Normal
2026-02-16 10:27:49.451372,Seoul-f01a,-26,86,Normal
2026-02-16 10:27:50.451372,Seoul-f01a,16,66,Normal
2026-02-16 10:27:51.451372,Seoul-f01a,44,69,Normal
2026-02-16 10:27:52.451372,Seoul-f01a,-3,30,Normal
2026-02-16 10:27:53.451372,Seoul-f01a,-27,90,Normal
2026-02-16 10:27:54.451372,Seoul-f01a,-14,2,Normal
2026-02-16 10:27:55.451372,Seoul-f01a,20,1,Normal
2026-02-16 10:27:56.451372,Seoul-f01a,-29,49,Normal
2026-02-16 10:27:57.451372,Seoul-f01a,-5,8,Normal
2026-02-16 10:27:58.451372,Seoul-f01a,-7,99,Normal
2026-02-16 10:27:59.451372,Seoul-f01a,32,1,Normal
2026-02-16 10:28:00.451372,Seoul-f01a,8,6,Normal
2026-02-16 10:28:01.451372,Seoul-f01a,36,47,Normal
2026-02-16 10:28:02.451372,Seoul-f01a,31,14,Normal
2026-02-16 10:28:03.451372,Seoul-f01a,27,3,Normal
2026-02-16 10:28:04.451372,Seoul-f01a,22,66,Normal
2026-02-16 10:28:05.451372,Seoul-f01a,27,5,Normal
2026-02-16 10:28:06.451372,Seoul-f01a,26,39,Normal
2026-02-16 10:28:07.451372,Seoul-f01a,49,22,Normal
2026-02-16 10:28:08.451372,Seoul-f01a,28,85,Normal
2026-02-16 10:28:09.451372,Seoul-f01a,-10,81,Normal
2026-02-16 10:28:10.451372,Seoul-f01a,-25,26,Normal
2026-02-16 10:28:11.451372,Seoul-f01a,31,68,Normal
2026-02-16 10:28:12.451372,Seoul-f01a,48,74,Normal
2026-02-16 10:28:13.451372,Seoul-f01a,-15,92,Normal
2026-02-16 10:28:14.451372,Seoul-f01a,38,87,Normal
2026-02-16 10:28:15.451372,Seoul-f01a,28,31,Normal
2026-02-16 10:28:16.451372,Seoul-f01a,-18,74,Normal
2026-02-16 10:28:17.451372,Seoul-f01a,-21,71,Normal
2026-02-16 10:28:18.451372,Seoul-f01a,15,1,Normal
2026-02-16 10:28:19.451372,Seoul-f01a,46,82,Normal
2026-02-16 10:28:20.451372,Seoul-f01a,5,44,Normal
2026-02-16 10:28:21.451372,Seoul-f01a,-1,16,Normal
2026-02-16 10:28:22.451372,Seoul-f01a,-14,4,Normal
2026-02-16 10:28:23.451372,Seoul-f01a,-15,80,Normal
2026-02-16 10:28:24.451372,Seoul-f01a,-21,87,Normal
2026-02-16 10:28:25.451372,Seoul-f01a,-2,80,Normal
2026-02-16 10:28:26.451372,Seoul-f01a,-15,33,Normal
2026-02-16 10:28:27.451372,Seoul-f01a,-19,92,Normal
2026-02-16 10:28:28.451372,Seoul-f01a,-16,95,Normal
2026-02-16 10:28:29.451372,Seoul-f01a,16,32,Normal
2026-02-16 10:28:30.451372,Seoul-f01a,-19,99,Normal
2026-02-16 10:28:31.451372,Seoul-f01a,27,17,Normal
2026-02-16 10:28:32.451372,Seoul-f01a,-1,8,Normal
2026-02-16 10:28:33.451372,Seoul-f01a,46,63,Normal
2026-02-16 10:28:34.451372,Seoul-f01a,18,92,Normal
2026-02-16 10:28:35.451372,Seoul-f01a,2,64,Normal
2026-02-16 10:28:36.451372,Seoul-f01a,21,16,Normal
2026-02-16 10:28:37.451372,Seoul-f01a,21,60,Normal
2026-02-16 10:28:38.451372,Seoul-f01a,24,30,Normal
2026-02-16 10:28:39.451372,Seoul-f01a,17,50,Normal
2026-02-16 10:28:40.451372,Seoul-f01a,3,26,Normal
2026-02-16 10:28:41.451372,Seoul-f01a,26,20,Normal
2026-02-16 10:28:42.451372,Seoul-f01a,48,93,Normal
2026-02-16 10:28:43.451372,Seoul-f01a,20,67,Normal
2026-02-16 10:28:44.451372,Seoul-f01a,39,60,Normal
2026-02-16 10:28:45.451372,Seoul-f01a,-22,28,Normal
2026-02-16 10:28:46.451372,Seoul-f01a,-8,54,Normal
2026-02-16 10:28:47.451372,Seoul-f01a,-25,55,Normal
2026-02-16 10:28:48.451372,Seoul-f01a,36,12,Normal
2026-02-16 10:28:49.451372,Seoul-f01a,11,71,Normal
2026-02-16 10:28:50.451372,Seoul-f01a,38,49,Normal
2026-02-16 10:28:51.451372,Seoul-f01a,39,89,Normal
2026-02-16 10:28:52.451372,Seoul-f01a,0,93,Normal
2026-02-16 10:28:53.451372,Seoul-f01a,-9,57,Normal
2026-02-16 10:28:54.451372,Seoul-f01a,23,31,Normal
2026-02-16 10:28:55.451372,Seoul-f01a,-30,44,Normal
2026-02-16 10:28:56.451372,Seoul-f01a,-15,63,Normal
2026-02-16 10:28:57.451372,Seoul-f01a,4,27,Normal
2026-02-16 10:28:58.451372,Seoul-f01a,-10,33,Normal
2026-02-16 10:28:59.451372,Seoul-f01a,24,45,Normal
2026-02-16 10:29:00.451372,Seoul-f01a,-26,65,Normal
2026-02-16 10:29:01.451372,Seoul-f01a,40,70,Normal
2026-02-16 10:29:02.451372,Seoul-f01a,-17,21,Normal
2026-02-16 10:29:03.451372,Seoul-f01a,50,78,Normal
2026-02-16 10:29:04.451372,Seoul-f01a,29,34,Normal
2026-02-16 10:29:05.451372,Seoul-f01a,0,96,Normal
2026-02-16 10:29:06.451372,Seoul-f01a,5,84,Normal
2026-02-16 10:29:07.451372,Seoul-f01a,-22,10,Normal
2026-02-16 10:29:08.451372,Seoul-f01a,-16,15,Normal
2026-02-16 10:29:09.451372,Seoul-f01a,17,55,Normal
2026-02-16 10:29:10.451372,Seoul-f01a,9,1,Normal
2026-02-16 10:29:11.451372,Seoul-f01a,12,80,Normal
2026-02-16 10:29:12.451372,Seoul-f01a,-8,56,Normal
2026-02-16 10:29:13.451372,Seoul-f01a,-9,12,Normal
2026-02-16 10:29:14.451372,Seoul-f01a,25,37,Normal
2026-02-16 10:29:15.451372,Seoul-f01a,42,77,Normal
2026-02-16 10:29:16.451372,Seoul-f01a,18,79,Normal
2026-02-16 10:29:17.451372,Seoul-f01a,-3,35,Normal
2026-02-16 10:29:18.451372,Seoul-f01a,10,69,Normal
2026-02-16 10:29:19.451372,Seoul-f01a,2,80,Normal
2026-02-16 10:29:20.451372,Seoul-f01a,32,83,Normal
2026-02-16 10:29:21.451372,Seoul-f01a,31,41,Normal
2026-02-16 10:29:22.451372,Seoul-f01a,2,86,Normal
2026-02-16 10:29:23.451372,Seoul-f01a,-14,94,Normal
2026-02-16 10:29:24.451372,Seoul-f01a,39,71,Normal
2026-02-16 10:29:25.451372,Seoul-f01a,26,100,Normal
2026-02-16 10:29:26.451372,Seoul-f01a,41,73,Normal
2026-02-16 10:29:27.451372,Seoul-f01a,6,62,Normal
2026-02-16 10:29:28.451372,Seoul-f01a,43,18,Normal
2026-02-16 10:29:29.451372,Seoul-f01a,-23,55,Normal
2026-02-16 10:29:30.451372,Seoul-f01a,-20,39,Normal
2026-02-16 10:29:31.451372,Seoul-f01a,16,26,Normal
2026-02-16 10:29:32.451372,Seoul-f01a,-12,75,Normal
2026-02-16 10:29:33.451372,Seoul-f01a,-15,59,Normal
2026-02-16 10:29:34.451372,Seoul-f01a,2,36,Normal
2026-02-16 10:29:35.451372,Seoul-f01a,-29,23,Normal
2026-02-16 10:29:36.451372,Seoul-f01a,23,84,Normal
2026-02-16 10:29:37.451372,Seoul-f01a,49,79,Normal
2026-02-16 10:29:38.451372,Seoul-f01a,43,17,Normal
2026-02-16 10:29:39.451372,Seoul-f01a,43,94,Normal
2026-02-16 10:29:40.451372,Seoul-f01a,-2,100,Normal
2026-02-16 10:29:41.451372,Seoul-f01a,-3,59,Normal
2026-02-16 10:29:42.451372,Seoul-f01a,11,62,Normal
2026-02-16 10:29:43.451372,Seoul-f01a,31,99,Normal
2026-02-16 10:29:44.451372,Seoul-f01a,26,89,Normal
2026-02-16 10:29:45.451372,Seoul-f01a,-13,91,Normal
2026-02-16 10:29:46.451372,Seoul-f01a,40,43,Normal
2026-02-16 10:29:47.451372,Seoul-f01a,7,50,Normal
2026-02-16 10:29:48.451372,Seoul-f01a,-27,74,Normal
2026-02-16 10:29:49.451372,Seoul-f01a,-26,61,Normal
2026-02-16 10:29:50.451372,Seoul-f01a,22,59,Normal
2026-02-16 10:29:51.451372,Seoul-f01a,-25,64,Normal
2026-02-16 10:29:52.451372,Seoul-f01a,-11,13,Normal
2026-02-16 10:29:53.451372,Seoul-f01a,43,97,Normal
2026-02-16 10:29:54.451372,Seoul-f01a,42,99,Normal
2026-02-16 10:29:55.451372,Seoul-f01a,5,3,Normal
2026-02-16 10:29:56.451372,Seoul-f01a,-8,10,Normal
2026-02-16 10:29:57.451372,Seoul-f01a,25,3,Normal
2026-02-16 10:29:58.451372,Seoul-f01a,19,6,Normal
2026-02-16 10:29:59.451372,Seoul-f01a,-14,99,Normal
2026-02-16 10:30:00.451372,Seoul-f01a,-9,51,Normal
2026-02-16 10:30:01.451372,Seoul-f01a,45,89,Normal
2026-02-16 10:30:02.451372,Seoul-f01a,-25,83,Normal
2026-02-16 10:30:03.451372,Seoul-f01a,22,36,Normal
2026-02-16 10:30:04.451372,Seoul-f01a,42,30,Normal
2026-02-16 10:30:05.451372,Seoul-f01a,34,58,Normal
2026-02-16 10:30:06.451372,Seoul-f01a,-29,39,Normal
2026-02-16 10:30:07.451372,Seoul-f01a,50,97,Normal
2026-02-16 10:30:08.451372,Seoul-f01a,-9,65,Normal
2026-02-16 10:30:09.451372,Seoul-f01a,50,61,Normal
2026-02-16 10:30:10.451372,Seoul-f01a,30,58,Normal
2026-02-16 10:30:11.451372,Seoul-f01a,40,92,Normal
2026-02-16 10:30:12.451372,Seoul-f01a,17,9,Normal
2026-02-16 10:30:13.451372,Seoul-f01a,7,74,Normal
2026-02-16 10:30:14.451372,Seoul-f01a,0,28,Normal
2026-02-16 10:30:15.451372,Seoul-f01a,-5,66,Normal
2026-02-16 10:30:16.451372,Seoul-f01a,-4,23,Normal
2026-02-16 10:30:17.451372,Seoul-f01a,2,75,Normal
2026-02-16 10:30:18.451372,Seoul-f01a,-8,84,Normal
2026-02-16 10:30:19.451372,Seoul-f01a,38,76,Normal
2026-02-16 10:30:20.451372,Seoul-f01a,16,59,Normal
2026-02-16 10:30:21.451372,Seoul-f01a,-12,32,Normal
2026-02-16 10:30:22.451372,Seoul-f01a,25,28,Normal
2026-02-16 10:30:23.451372,Seoul-f01a,29,41,Normal
2026-02-16 10:30:24.451372,Seoul-f01a,49,97,Normal
2026-02-16 10:30:25.451372,Seoul-f01a,42,29,Normal
2026-02-16 10:30:26.451372,Seoul-f01a,44,62,Normal
2026-02-16 10:30:27.451372,Seoul-f01a,-14,47,Normal
2026-02-16 10:30:28.451372,Seoul-f01a,16,39,Normal
2026-02-16 10:30:29.451372,Seoul-f01a,-7,70,Normal
2026-02-16 10:30:30.451372,Seoul-f01a,-28,77,Normal
2026-02-16 10:30:31.451372,Seoul-f01a,42,22,Normal
2026-02-16 10:30:32.451372,Seoul-f01a,27,75,Normal
2026-02-16 10:30:33.451372,Seoul-f01a,-24,16,Normal
2026-02-16 10:30:34.451372,Seoul-f01a,12,4,Normal
2026-02-16 10:30:35.451372,Seoul-f01a,-9,71,Normal
2026-02-16 10:30:36.451372,Seoul-f01a,11,31,Normal
2026-02-16 10:30:37.451372,Seoul-f01a,3,98,Normal
2026-02-16 10:30:38.451372,Seoul-f01a,24,96,Normal
2026-02-16 10:30:39.451372,Seoul-f01a,-18,64,Normal
2026-02-16 10:30:40.451372,Seoul-f01a,1,93,Normal
2026-02-16 10:30:41.451372,Seoul-f01a,45,22,Normal
2026-02-16 10:30:42.451372,Seoul-f01a,-11,56,Normal
2026-02-16 10:30:43.451372,Seoul-f01a,27,8,Normal
2026-02-16 10:30:44.451372,Seoul-f01a,-9,95,Normal
2026-02-16 10:30:45.451372,Seoul-f01a,-15,56,Normal
2026-02-16 10:30:46.451372,Seoul-f01a,26,23,Normal
2026-02-16 10:30:47.451372,Seoul-f01a,14,88,Normal
2026-02-16 10:30:48.451372,Seoul-f01a,35,62,Normal
2026-02-16 10:30:49.451372,Seoul-f01a,38,54,Normal
2026-02-16 10:30:50.451372,Seoul-f01a,0,49,Normal
2026-02-16 10:30:51.451372,Seoul-f01a,31,78,Normal
2026-02-16 10:30:52.451372,Seoul-f01a,-16,48,Normal
2026-02-16 10:30:53.451372,Seoul-f01a,-29,38,Normal
2026-02-16 10:30:54.451372,Seoul-f01a,5,94,Normal
2026-02-16 10:30:55.451372,Seoul-f01a,-1,41,Normal
2026-02-16 10:30:56.451372,Seoul-f01a,-15,90,Normal
2026-02-16 10:30:57.451372,Seoul-f01a,49,72,Normal
2026-02-16 10:30:58.451372,Seoul-f01a,-6,4,Normal
2026-02-16 10:30:59.451372,Seoul-f01a,21,15,Normal
2026-02-16 10:31:00.451372,Seoul-f01a,-29,82,Normal
2026-02-16 10:31:01.451372,Seoul-f01a,20,71,Normal
2026-02-16 10:31:02.451372,Seoul-f01a,-29,61,Normal
2026-02-16 10:31:03.451372,Seoul-f01a,33,56,Normal
2026-02-16 10:31:04.451372,Seoul-f01a,50,92,Normal
2026-02-16 10:31:05.451372,Seoul-f01a,-8,2,Normal
2026-02-16 10:31:06.451372,Seoul-f01a,2,43,Normal
2026-02-16 10:31:07.451372,Seoul-f01a,20,47,Normal
2026-02-16 10:31:08.451372,Seoul-f01a,-9,28,Normal
2026-02-16 10:31:09.451372,Seoul-f01a,46,15,Normal
2026-02-16 10:31:10.451372,Seoul-f01a,17,94,Normal
2026-02-16 10:31:11.451372,Seoul-f01a,41,75,Normal
2026-02-16 10:31:12.451372,Seoul-f01a,-7,68,Normal
2026-02-16 10:31:13.451372,Seoul-f01a,-22,44,Normal
2026-02-16 10:31:14.451372,Seoul-f01a,33,22,Normal
2026-02-16 10:31:15.451372,Seoul-f01a,18,2,Normal
2026-02-16 10:31:16.451372,Seoul-f01a,41,3,Normal
2026-02-16 10:31:17.451372,Seoul-f01a,20,30,Normal
2026-02-16 10:31:18.451372,Seoul-f01a,28,48,Normal
2026-02-16 10:31:19.451372,Seoul-f01a,18,78,Normal
2026-02-16 10:31:20.451372,Seoul-f01a,-13,52,Normal
2026-02-16 10:31:21.451372,Seoul-f01a,44,44,Normal
2026-02-16 10:31:22.451372,Seoul-f01a,-26,98,Normal
2026-02-16 10:31:23.451372,Seoul-f01a,-26,91,Normal
2026-02-16 10:31:24.451372,Seoul-f01a,-16,14,Normal
2026-02-16 10:31:25.451372,Seoul-f01a,-14,99,Normal
2026-02-16 10:31:26.451372,Seoul-f01a,0,16,Normal
2026-02-16 10:31:27.451372,Seoul-f01a,20,23,Normal
2026-02-16 10:31:28.451372,Seoul-f01a,0,76,Normal
2026-02-16 10:31:29.451372,Seoul-f01a,-8,91,Normal
2026-02-16 10:31:30.451372,Seoul-f01a,44,44,Normal
2026-02-16 10:31:31.451372,Seoul-f01a,-28,15,Normal
2026-02-16 10:31:32.451372,Seoul-f01a,49,45,Normal
2026-02-16 10:31:33.451372,Seoul-f01a,32,35,Normal
2026-02-16 10:31:34.451372,Seoul-f01a,16,36,Normal
2026-02-16 10:31:35.451372,Seoul-f01a,11,88,Normal
2026-02-16 10:31:36.451372,Seoul-f01a,15,5,Normal
2026-02-16 10:31:37.451372,Seoul-f01a,-22,44,Normal
2026-02-16 10:31:38.451372,Seoul-f01a,-19,30,Normal
2026-02-16 10:31:39.451372,Seoul-f01a,-23,39,Normal
2026-02-16 10:31:40.451372,Seoul-f01a,41,95,Normal
2026-02-16 10:31:41.451372,Seoul-f01a,6,68,Normal
2026-02-16 10:31:42.451372,Seoul-f01a,-10,31,Normal
2026-02-16 10:31:43.451372,Seoul-f01a,-29,97,Normal
2026-02-16 10:31:44.451372,Seoul-f01a,43,90,Normal
2026-02-16 10:31:45.451372,Seoul-f01a,26,37,Normal
2026-02-16 10:31:46.451372,Seoul-f01a,-6,99,Normal
2026-02-16 10:31:47.451372,Seoul-f01a,44,45,Normal
2026-02-16 10:31:48.451372,Seoul-f01a,28,100,Normal
2026-02-16 10:31:49.451372,Seoul-f01a,-29,33,Normal
2026-02-16 10:31:50.451372,Seoul-f01a,-21,7,Normal
2026-02-16 10:31:51.451372,Seoul-f01a,-20,16,Normal
2026-02-16 10:31:52.451372,Seoul-f01a,29,72,Normal
2026-02-16 10:31:53.451372,Seoul-f01a,8,87,Normal
2026-02-16 10:31:54.451372,Seoul-f01a,-25,35,Normal
2026-02-16 10:31:55.451372,Seoul-f01a,3,45,Normal
2026-02-16 10:31:56.451372,Seoul-f01a,1,20,Normal
2026-02-16 10:31:57.451372,Seoul-f01a,24,98,Normal
2026-02-16 10:31:58.451372,Seoul-f01a,-20,92,Normal
2026-02-16 10:31:59.451372,Seoul-f01a,39,46,Normal
2026-02-16 10:32:00.451372,Seoul-f01a,-14,25,Normal
2026-02-16 10:32:01.451372,Seoul-f01a,-20,10,Normal
2026-02-16 10:32:02.451372,Seoul-f01a,4,20,Normal
2026-02-16 10:32:03.451372,Seoul-f01a,-10,39,Normal
2026-02-16 10:32:04.451372,Seoul-f01a,45,45,Normal
2026-02-16 10:32:05.451372,Seoul-f01a,-25,51,Normal
2026-02-16 10:32:06.451372,Seoul-f01a,29,28,Normal
2026-02-16 10:32:07.451372,Seoul-f01a,-12,2,Normal
2026-02-16 10:32:08.451372,Seoul-f01a,15,24,Normal
2026-02-16 10:32:09.451372,Seoul-f01a,5,16,Normal
2026-02-16 10:32:10.451372,Seoul-f01a,7,98,Normal
2026-02-16 10:32:11.451372,Seoul-f01a,15,5,Normal
2026-02-16 10:32:12.451372,Seoul-f01a,3,7,Normal
2026-02-16 10:32:13.451372,Seoul-f01a,42,75,Normal
2026-02-16 10:32:14.451372,Seoul-f01a,-14,43,Normal
2026-02-16 10:32:15.451372,Seoul-f01a,-18,28,Normal
2026-02-16 10:32:16.451372,Seoul-f01a,42,82,Normal
2026-02-16 10:32:17.451372,Seoul-f01a,18,53,Normal
2026-02-16 10:32:18.451372,Seoul-f01a,-5,61,Normal
2026-02-16 10:32:19.451372,Seoul-f01a,33,2,Normal
2026-02-16 10:32:20.451372,Seoul-f01a,1,96,Normal
2026-02-16 10:32:21.451372,Seoul-f01a,25,96,Normal
2026-02-16 10:32:22.451372,Seoul-f01a,-13,43,Normal
2026-02-16 10:32:23.451372,Seoul-f01a,18,3,Normal
2026-02-16 10:32:24.451372,Seoul-f01a,24,20,Normal
2026-02-16 10:32:25.451372,Seoul-f01a,12,85,Normal
2026-02-16 10:32:26.451372,Seoul-f01a,29,93,Normal
2026-02-16 10:32:27.451372,Seoul-f01a,9,58,Normal
2026-02-16 10:32:28.451372,Seoul-f01a,10,47,Normal
2026-02-16 10:32:29.451372,Seoul-f01a,37,27,Normal
2026-02-16 10:32:30.451372,Seoul-f01a,45,68,Normal
2026-02-16 10:32:31.451372,Seoul-f01a,32,35,Normal
2026-02-16 10:32:32.451372,Seoul-f01a,18,25,Normal
2026-02-16 10:32:33.451372,Seoul-f01a,-15,60,Normal
2026-02-16 10:32:34.451372,Seoul-f01a,-10,23,Normal
2026-02-16 10:32:35.451372,Seoul-f01a,24,98,Normal
2026-02-16 10:32:36.451372,Seoul-f01a,24,7,Normal
2026-02-16 10:32:37.451372,Seoul-f01a,25,52,Normal
2026-02-16 10:32:38.451372,Seoul-f01a,18,93,Normal
2026-02-16 10:32:39.451372,Seoul-f01a,-30,12,Normal
2026-02-16 10:32:40.451372,Seoul-f01a,24,89,Normal
2026-02-16 10:32:41.451372,Seoul-f01a,32,38,Normal
2026-02-16 10:32:42.451372,Seoul-f01a,2,12,Normal
2026-02-16 10:32:43.451372,Seoul-f01a,-28,16,Normal
2026-02-16 10:32:44.451372,Seoul-f01a,33,71,Normal
2026-02-16 10:32:45.451372,Seoul-f01a,-27,70,Normal
2026-02-16 10:32:46.451372,Seoul-f01a,38,69,Normal
2026-02-16 10:32:47.451372,Seoul-f01a,44,61,Normal
2026-02-16 10:32:48.451372,Seoul-f01a,-16,100,Normal
2026-02-16 10:32:49.451372,Seoul-f01a,42,16,Normal
2026-02-16 10:32:50.451372,Seoul-f01a,41,32,Normal
2026-02-16 10:32:51.451372,Seoul-f01a,15,43,Normal
2026-02-16 10:32:52.451372,Seoul-f01a,47,56,Normal
2026-02-16 10:32:53.451372,Seoul-f01a,10,48,Normal
2026-02-16 10:32:54.451372,Seoul-f01a,30,87,Normal
2026-02-16 10:32:55.451372,Seoul-f01a,-5,89,Normal
2026-02-16 10:32:56.451372,Seoul-f01a,45,49,Normal
2026-02-16 10:32:57.451372,Seoul-f01a,15,18,Normal
2026-02-16 10:32:58.451372,Seoul-f01a,36,84,Normal
2026-02-16 10:32:59.451372,Seoul-f01a,14,70,Normal
2026-02-16 10:33:00.451372,Seoul-f01a,-10,30,Normal
2026-02-16 10:33:01.451372,Seoul-f01a,-15,28,Normal
2026-02-16 10:33:02.451372,Seoul-f01a,4,84,Normal
2026-02-16 10:33:03.451372,Seoul-f01a,35,57,Normal
2026-02-16 10:33:04.451372,Seoul-f01a,47,71,Normal
2026-02-16 10:33:05.451372,Seoul-f01a,-22,52,Normal
2026-02-16 10:33:06.451372,Seoul-f01a,31,70,Normal
2026-02-16 10:33:07.451372,Seoul-f01a,-3,52,Normal
2026-02-16 10:33:08.451372,Seoul-f01a,-30,11,Normal
2026-02-16 10:33:09.451372,Seoul-f01a,45,16,Normal
2026-02-16 10:33:10.451372,Seoul-f01a,38,44,Normal
2026-02-16 10:33:11.451372,Seoul-f01a,-2,96,Normal
2026-02-16 10:33:12.451372,Seoul-f01a,48,44,Normal
2026-02-16 10:33:13.451372,Seoul-f01a,47,50,Normal
2026-02-16 10:33:14.451372,Seoul-f01a,16,63,Normal
2026-02-16 10:33:15.451372,Seoul-f01a,7,53,Normal
2026-02-16 10:33:16.451372,Seoul-f01a,40,98,Normal
2026-02-16 10:33:17.451372,Seoul-f01a,17,100,Normal
2026-02-16 10:33:18.451372,Seoul-f01a,17,69,Normal
2026-02-16 10:33:19.451372,Seoul-f01a,27,24,Normal
2026-02-16 10:33:20.451372,Seoul-f01a,-2,92,Normal
2026-02-16 10:33:21.451372,Seoul-f01a,10,28,Normal
2026-02-16 10:33:22.451372,Seoul-f01a,-1,1,Normal
2026-02-16 10:33:23.451372,Seoul-f01a,43,0,Normal
2026-02-16 10:33:24.451372,Seoul-f01a,-17,55,Normal
2026-02-16 10:33:25.451372,Seoul-f01a,49,46,Normal
2026-02-16 10:33:26.451372,Seoul-f01a,-19,13,Normal
2026-02-16 10:33:27.451372,Seoul-f01a,-18,83,Normal
2026-02-16 10:33:28.451372,Seoul-f01a,-23,24,Normal
2026-02-16 10:33:29.451372,Seoul-f01a,-11,66,Normal
2026-02-16 10:33:30.451372,Seoul-f01a,-30,100,Normal
2026-02-16 10:33:31.451372,Seoul-f01a,10,99,Normal
2026-02-16 10:33:32.451372,Seoul-f01a,13,46,Normal
2026-02-16 10:33:33.451372,Seoul-f01a,5,65,Normal
2026-02-16 10:33:34.451372,Seoul-f01a,32,65,Normal
2026-02-16 10:33:35.451372,Seoul-f01a,-1,25,Normal
2026-02-16 10:33:36.451372,Seoul-f01a,9,18,Normal
2026-02-16 10:33:37.451372,Seoul-f01a,26,20,Normal
2026-02-16 10:33:38.451372,Seoul-f01a,-10,92,Normal
2026-02-16 10:33:39.451372,Seoul-f01a,13,12,Normal
2026-02-16 10:33:40.451372,Seoul-f01a,-20,72,Normal
2026-02-16 10:33:41.451372,Seoul-f01a,19,30,Normal
2026-02-16 10:33:42.451372,Seoul-f01a,-17,23,Normal
2026-02-16 10:33:43.451372,Seoul-f01a,0,56,Normal
2026-02-16 10:33:44.451372,Seoul-f01a,50,97,Normal
2026-02-16 10:33:45.451372,Seoul-f01a,-3,42,Normal
2026-02-16 10:33:46.451372,Seoul-f01a,10,96,Normal
2026-02-16 10:33:47.451372,Seoul-f01a,33,12,Normal
2026-02-16 10:33:48.451372,Seoul-f01a,-14,72,Normal
2026-02-16 10:33:49.451372,Seoul-f01a,-24,91,Normal
2026-02-16 10:33:50.451372,Seoul-f01a,33,11,Normal
2026-02-16 10:33:51.451372,Seoul-f01a,37,19,Normal
2026-02-16 10:33:52.451372,Seoul-f01a,42,97,Normal
2026-02-16 10:33:53.451372,Seoul-f01a,-11,0,Normal
2026-02-16 10:33:54.451372,Seoul-f01a,7,88,Normal
2026-02-16 10:33:55.451372,Seoul-f01a,-2,82,Normal
2026-02-16 10:33:56.451372,Seoul-f01a,17,36,Normal
2026-02-16 10:33:57.451372,Seoul-f01a,-24,91,Normal
2026-02-16 10:33:58.451372,Seoul-f01a,44,89,Normal
2026-02-16 10:33:59.451372,Seoul-f01a,49,80,Normal
2026-02-16 10:34:00.451372,Seoul-f01a,-16,15,Normal
2026-02-16 10:34:01.451372,Seoul-f01a,-23,10,Normal
2026-02-16 10:34:02.451372,Seoul-f01a,-27,5,Normal
2026-02-16 10:34:03.451372,Seoul-f01a,-14,59,Normal
2026-02-16 10:34:04.451372,Seoul-f01a,-4,37,Normal
2026-02-16 10:34:05.451372,Seoul-f01a,34,22,Normal
2026-02-16 10:34:06.451372,Seoul-f01a,43,4,Normal
2026-02-16 10:34:07.451372,Seoul-f01a,-18,54,Normal
2026-02-16 10:34:08.451372,Seoul-f01a,21,62,Normal
2026-02-16 10:34:09.451372,Seoul-f01a,27,45,Normal
2026-02-16 10:34:10.451372,Seoul-f01a,-23,75,Normal
2026-02-16 10:34:11.451372,Seoul-f01a,-19,84,Normal
2026-02-16 10:34:12.451372,Seoul-f01a,49,34,Normal
2026-02-16 10:34:13.451372,Seoul-f01a,-10,100,Normal
2026-02-16 10:34:14.451372,Seoul-f01a,26,99,Normal
2026-02-16 10:34:15.451372,Seoul-f01a,6,18,Normal
2026-02-16 10:34:16.451372,Seoul-f01a,-9,58,Normal
2026-02-16 10:34:17.451372,Seoul-f01a,17,45,Normal
2026-02-16 10:34:18.451372,Seoul-f01a,-22,43,Normal
2026-02-16 10:34:19.451372,Seoul-f01a,-2,4,Normal
2026-02-16 10:34:20.451372,Seoul-f01a,-28,35,Normal
2026-02-16 10:34:21.451372,Seoul-f01a,41,60,Normal
2026-02-16 10:34:22.451372,Seoul-f01a,-26,33,Normal
2026-02-16 10:34:23.451372,Seoul-f01a,41,26,Normal
2026-02-16 10:34:24.451372,Seoul-f01a,30,77,Normal
2026-02-16 10:34:25.451372,Seoul-f01a,0,1,Normal
2026-02-16 10:34:26.451372,Seoul-f01a,47,57,Normal
2026-02-16 10:34:27.451372,Seoul-f01a,9,67,Normal
2026-02-16 10:34:28.451372,Seoul-f01a,2,65,Normal
2026-02-16 10:34:29.451372,Seoul-f01a,25,45,Normal
2026-02-16 10:34:30.451372,Seoul-f01a,21,7,Normal
2026-02-16 10:34:31.451372,Seoul-f01a,42,26,Normal
2026-02-16 10:34:32.451372,Seoul-f01a,27,33,Normal
2026-02-16 10:34:33.451372,Seoul-f01a,-11,23,Normal
2026-02-16 10:34:34.451372,Seoul-f01a,-2,18,Normal
2026-02-16 10:34:35.451372,Seoul-f01a,7,68,Normal
2026-02-16 10:34:36.451372,Seoul-f01a,-3,97,Normal
2026-02-16 10:34:37.451372,Seoul-f01a,-12,20,Normal
2026-02-16 10:34:38.451372,Seoul-f01a,-22,54,Normal
2026-02-16 10:34:39.451372,Seoul-f01a,-27,1,Normal
2026-02-16 10:34:40.451372,Seoul-f01a,26,49,Normal
2026-02-16 10:34:41.451372,Seoul-f01a,20,81,Normal
2026-02-16 10:34:42.451372,Seoul-f01a,36,49,Normal
2026-02-16 10:34:43.451372,Seoul-f01a,19,87,Normal
2026-02-16 10:34:44.451372,Seoul-f01a,23,95,Normal
2026-02-16 10:34:45.451372,Seoul-f01a,15,96,Normal
2026-02-16 10:34:46.451372,Seoul-f01a,-23,0,Normal
2026-02-16 10:34:47.451372,Seoul-f01a,-2,37,Normal
2026-02-16 10:34:48.451372,Seoul-f01a,-13,64,Normal
2026-02-16 10:34:49.451372,Seoul-f01a,-3,81,Normal
2026-02-16 10:34:50.451372,Seoul-f01a,-12,37,Normal
2026-02-16 10:34:51.451372,Seoul-f01a,6,83,Normal
2026-02-16 10:34:52.451372,Seoul-f01a,3,6,Normal
2026-02-16 10:34:53.451372,Seoul-f01a,25,65,Normal
2026-02-16 10:34:54.451372,Seoul-f01a,-20,50,Normal
2026-02-16 10:34:55.451372,Seoul-f01a,41,2,Normal
2026-02-16 10:34:56.451372,Seoul-f01a,4,35,Normal
2026-02-16 10:34:57.451372,Seoul-f01a,12,39,Normal
2026-02-16 10:34:58.451372,Seoul-f01a,1,84,Normal
2026-02-16 10:34:59.451372,Seoul-f01a,-27,87,Normal
2026-02-16 10:35:00.451372,Seoul-f01a,-25,86,Normal
2026-02-16 10:35:01.451372,Seoul-f01a,-17,96,Normal
2026-02-16 10:35:02.451372,Seoul-f01a,27,9,Normal
2026-02-16 10:35:03.451372,Seoul-f01a,19,87,Normal
2026-02-16 10:35:04.451372,Seoul-f01a,4,23,Normal
2026-02-16 10:35:05.451372,Seoul-f01a,27,92,Normal
2026-02-16 10:35:06.451372,Seoul-f01a,10,99,Normal
2026-02-16 10:35:07.451372,Seoul-f01a,38,24,Normal
2026-02-16 10:35:08.451372,Seoul-f01a,-12,50,Normal
2026-02-16 10:35:09.451372,Seoul-f01a,17,18,Normal
2026-02-16 10:35:10.451372,Seoul-f01a,-9,30,Normal
2026-02-16 10:35:11.451372,Seoul-f01a,8,59,Normal
2026-02-16 10:35:12.451372,Seoul-f01a,-30,69,Normal
2026-02-16 10:35:13.451372,Seoul-f01a,-10,44,Normal
2026-02-16 10:35:14.451372,Seoul-f01a,-11,44,Normal
2026-02-16 10:35:15.451372,Seoul-f01a,-5,14,Normal
2026-02-16 10:35:16.451372,Seoul-f01a,29,9,Normal
2026-02-16 10:35:17.451372,Seoul-f01a,31,62,Normal
2026-02-16 10:35:18.451372,Seoul-f01a,17,25,Normal
2026-02-16 10:35:19.451372,Seoul-f01a,2,46,Normal
2026-02-16 10:35:20.451372,Seoul-f01a,16,65,Normal
2026-02-16 10:35:21.451372,Seoul-f01a,25,29,Normal
2026-02-16 10:35:22.451372,Seoul-f01a,37,85,Normal
2026-02-16 10:35:23.451372,Seoul-f01a,49,62,Normal
2026-02-16 10:35:24.451372,Seoul-f01a,5,63,Normal
2026-02-16 10:35:25.451372,Seoul-f01a,-30,87,Normal
2026-02-16 10:35:26.451372,Seoul-f01a,-26,76,Normal
2026-02-16 10:35:27.451372,Seoul-f01a,2,93,Normal
2026-02-16 10:35:28.451372,Seoul-f01a,-13,51,Normal
2026-02-16 10:35:29.451372,Seoul-f01a,27,99,Normal
2026-02-16 10:35:30.451372,Seoul-f01a,-9,51,Normal
2026-02-16 10:35:31.451372,Seoul-f01a,-16,58,Normal
2026-02-16 10:35:32.451372,Seoul-f01a,20,29,Normal
2026-02-16 10:35:33.451372,Seoul-f01a,-14,88,Normal
2026-02-16 10:35:34.451372,Seoul-f01a,24,93,Normal
2026-02-16 10:35:35.451372,Seoul-f01a,3,65,Normal
2026-02-16 10:35:36.451372,Seoul-f01a,16,78,Normal
2026-02-16 10:35:37.451372,Seoul-f01a,5,69,Normal
2026-02-16 10:35:38.451372,Seoul-f01a,28,47,Normal
2026-02-16 10:35:39.451372,Seoul-f01a,-16,36,Normal
2026-02-16 10:35:40.451372,Seoul-f01a,-26,3,Normal
2026-02-16 10:35:41.451372,Seoul-f01a,-2,40,Normal
2026-02-16 10:35:42.451372,Seoul-f01a,-26,69,Normal
2026-02-16 10:35:43.451372,Seoul-f01a,-27,59,Normal
2026-02-16 10:35:44.451372,Seoul-f01a,29,18,Normal
2026-02-16 10:35:45.451372,Seoul-f01a,18,36,Normal
2026-02-16 10:35:46.451372,Seoul-f01a,11,42,Normal
2026-02-16 10:35:47.451372,Seoul-f01a,25,0,Normal
2026-02-16 10:35:48.451372,Seoul-f01a,24,70,Normal
2026-02-16 10:35:49.451372,Seoul-f01a,29,4,Normal
2026-02-16 10:35:50.451372,Seoul-f01a,37,71,Normal
2026-02-16 10:35:51.451372,Seoul-f01a,-23,69,Normal
2026-02-16 10:35:52.451372,Seoul-f01a,-26,48,Normal
2026-02-16 10:35:53.451372,Seoul-f01a,47,96,Normal
2026-02-16 10:35:54.451372,Seoul-f01a,40,18,Normal
2026-02-16 10:35:55.451372,Seoul-f01a,4,91,Normal
2026-02-16 10:35:56.451372,Seoul-f01a,4,20,Normal
2026-02-16 10:35:57.451372,Seoul-f01a,-17,24,Normal
2026-02-16 10:35:58.451372,Seoul-f01a,45,51,Normal
2026-02-16 10:35:59.451372,Seoul-f01a,-1,88,Normal
2026-02-16 10:36:00.451372,Seoul-f01a,10,93,Normal
2026-02-16 10:36:01.451372,Seoul-f01a,-28,49,Normal
2026-02-16 10:36:02.451372,Seoul-f01a,0,32,Normal
2026-02-16 10:36:03.451372,Seoul-f01a,24,61,Normal
2026-02-16 10:36:04.451372,Seoul-f01a,4,86,Normal
2026-02-16 10:36:05.451372,Seoul-f01a,13,84,Normal
2026-02-16 10:36:06.451372,Seoul-f01a,0,19,Normal
2026-02-16 10:36:07.451372,Seoul-f01a,41,1,Normal
2026-02-16 10:36:08.451372,Seoul-f01a,50,50,Normal
2026-02-16 10:36:09.451372,Seoul-f01a,47,87,Normal
2026-02-16 10:36:10.451372,Seoul-f01a,-22,92,Normal
2026-02-16 10:36:11.451372,Seoul-f01a,14,70,Normal
2026-02-16 10:36:12.451372,Seoul-f01a,43,6,Normal
2026-02-16 10:36:13.451372,Seoul-f01a,4,94,Normal
2026-02-16 10:36:14.451372,Seoul-f01a,-28,99,Normal
2026-02-16 10:36:15.451372,Seoul-f01a,44,70,Normal
2026-02-16 10:36:16.451372,Seoul-f01a,40,65,Normal
2026-02-16 10:36:17.451372,Seoul-f01a,49,44,Normal
2026-02-16 10:36:18.451372,Seoul-f01a,-15,18,Normal
2026-02-16 10:36:19.451372,Seoul-f01a,21,72,Normal
2026-02-16 10:36:20.451372,Seoul-f01a,4,48,Normal
2026-02-16 10:36:21.451372,Seoul-f01a,28,100,Normal
2026-02-16 10:36:22.451372,Seoul-f01a,28,41,Normal
2026-02-16 10:36:23.451372,Seoul-f01a,31,24,Normal
2026-02-16 10:36:24.451372,Seoul-f01a,31,68,Normal
2026-02-16 10:36:25.451372,Seoul-f01a,-6,4,Normal
2026-02-16 10:36:26.451372,Seoul-f01a,35,61,Normal
2026-02-16 10:36:27.451372,Seoul-f01a,-17,29,Normal
2026-02-16 10:36:28.451372,Seoul-f01a,32,49,Normal
2026-02-16 10:36:29.451372,Seoul-f01a,37,69,Normal
2026-02-16 10:36:30.451372,Seoul-f01a,20,55,Normal
2026-02-16 10:36:31.451372,Seoul-f01a,-6,19,Normal
2026-02-16 10:36:32.451372,Seoul-f01a,-24,39,Normal
2026-02-16 10:36:33.451372,Seoul-f01a,-17,53,Normal
2026-02-16 10:36:34.451372,Seoul-f01a,50,66,Normal
2026-02-16 10:36:35.451372,Seoul-f01a,23,28,Normal
2026-02-16 10:36:36.451372,Seoul-f01a,-18,19,Normal
2026-02-16 10:36:37.451372,Seoul-f01a,21,99,Normal
2026-02-16 10:36:38.451372,Seoul-f01a,22,36,Normal
2026-02-16 10:36:39.451372,Seoul-f01a,5,43,Normal
2026-02-16 10:36:40.451372,Seoul-f01a,19,38,Normal
2026-02-16 10:36:41.451372,Seoul-f01a,-21,95,Normal
2026-02-16 10:36:42.451372,Seoul-f01a,9,89,Normal
2026-02-16 10:36:43.451372,Seoul-f01a,14,79,Normal
2026-02-16 10:36:44.451372,Seoul-f01a,12,71,Normal
2026-02-16 10:36:45.451372,Seoul-f01a,-25,62,Normal
2026-02-16 10:36:46.451372,Seoul-f01a,5,27,Normal
2026-02-16 10:36:47.451372,Seoul-f01a,-11,44,Normal
2026-02-16 10:36:48.451372,Seoul-f01a,-9,89,Normal
2026-02-16 10:36:49.451372,Seoul-f01a,-27,31,Normal
2026-02-16 10:36:50.451372,Seoul-f01a,27,90,Normal
2026-02-16 10:36:51.451372,Seoul-f01a,-16,93,Normal
2026-02-16 10:36:52.451372,Seoul-f01a,-28,34,Normal
2026-02-16 10:36:53.451372,Seoul-f01a,19,87,Normal
2026-02-16 10:36:54.451372,Seoul-f01a,-30,6,Normal
2026-02-16 10:36:55.451372,Seoul-f01a,42,69,Normal
2026-02-16 10:36:56.451372,Seoul-f01a,48,89,Normal
2026-02-16 10:36:57.451372,Seoul-f01a,-29,63,Normal
2026-02-16 10:36:58.451372,Seoul-f01a,38,92,Normal
2026-02-16 10:36:59.451372,Seoul-f01a,34,5,Normal
2026-02-16 10:37:00.451372,Seoul-f01a,-27,19,Normal
2026-02-16 10:37:01.451372,Seoul-f01a,36,24,Normal
2026-02-16 10:37:02.451372,Seoul-f01a,-24,1,Normal
2026-02-16 10:37:03.451372,Seoul-f01a,32,92,Normal
2026-02-16 10:37:04.451372,Seoul-f01a,0,87,Normal
2026-02-16 10:37:05.451372,Seoul-f01a,41,9,Normal
2026-02-16 10:37:06.451372,Seoul-f01a,48,74,Normal
2026-02-16 10:37:07.451372,Seoul-f01a,-3,68,Normal
2026-02-16 10:37:08.451372,Seoul-f01a,6,45,Normal
2026-02-16 10:37:09.451372,Seoul-f01a,18,96,Normal
2026-02-16 10:37:10.451372,Seoul-f01a,-19,36,Normal
2026-02-16 10:37:11.451372,Seoul-f01a,-26,58,Normal
2026-02-16 10:37:12.451372,Seoul-f01a,1,42,Normal
2026-02-16 10:37:13.451372,Seoul-f01a,-5,39,Normal
2026-02-16 10:37:14.451372,Seoul-f01a,-5,3,Normal
2026-02-16 10:37:15.451372,Seoul-f01a,4,24,Normal
2026-02-16 10:37:16.451372,Seoul-f01a,-25,27,Normal
2026-02-16 10:37:17.451372,Seoul-f01a,41,39,Normal
2026-02-16 10:37:18.451372,Seoul-f01a,33,28,Normal
2026-02-16 10:37:19.451372,Seoul-f01a,-19,40,Normal
2026-02-16 10:37:20.451372,Seoul-f01a,32,53,Normal
2026-02-16 10:37:21.451372,Seoul-f01a,-24,16,Normal
2026-02-16 10:37:22.451372,Seoul-f01a,-27,41,Normal
2026-02-16 10:37:23.451372,Seoul-f01a,6,100,Normal
2026-02-16 10:37:24.451372,Seoul-f01a,29,46,Normal
2026-02-16 10:37:25.451372,Seoul-f01a,50,22,Normal
2026-02-16 10:37:26.451372,Seoul-f01a,-10,88,Normal
2026-02-16 10:37:27.451372,Seoul-f01a,-1,93,Normal
2026-02-16 10:37:28.451372,Seoul-f01a,27,26,Normal
2026-02-16 10:37:29.451372,Seoul-f01a,9,78,Normal
2026-02-16 10:37:30.451372,Seoul-f01a,-19,16,Normal
2026-02-16 10:37:31.451372,Seoul-f01a,20,7,Normal
2026-02-16 10:37:32.451372,Seoul-f01a,-15,25,Normal
2026-02-16 10:37:33.451372,Seoul-f01a,-5,65,Normal
2026-02-16 10:37:34.451372,Seoul-f01a,30,41,Normal
2026-02-16 10:37:35.451372,Seoul-f01a,10,12,Normal
2026-02-16 10:37:36.451372,Seoul-f01a,25,29,Normal
2026-02-16 10:37:37.451372,Seoul-f01a,12,58,Normal
2026-02-16 10:37:38.451372,Seoul-f01a,-29,56,Normal
2026-02-16 10:37:39.451372,Seoul-f01a,26,51,Normal
2026-02-16 10:37:40.451372,Seoul-f01a,-10,17,Normal
2026-02-16 10:37:41.451372,Seoul-f01a,14,71,Normal
2026-02-16 10:37:42.451372,Seoul-f01a,33,78,Normal
2026-02-16 10:37:43.451372,Seoul-f01a,-13,71,Normal
2026-02-16 10:37:44.451372,Seoul-f01a,37,92,Normal
2026-02-16 10:37:45.451372,Seoul-f01a,45,33,Normal
2026-02-16 10:37:46.451372,Seoul-f01a,-20,71,Normal
2026-02-16 10:37:47.451372,Seoul-f01a,13,17,Normal
2026-02-16 10:37:48.451372,Seoul-f01a,50,16,Normal
2026-02-16 10:37:49.451372,Seoul-f01a,-9,8,Normal
2026-02-16 10:37:50.451372,Seoul-f01a,45,95,Normal
2026-02-16 10:37:51.451372,Seoul-f01a,18,67,Normal
2026-02-16 10:37:52.451372,Seoul-f01a,36,57,Normal
2026-02-16 10:37:53.451372,Seoul-f01a,-25,37,Normal
2026-02-16 10:37:54.451372,Seoul-f01a,-11,34,Normal
2026-02-16 10:37:55.451372,Seoul-f01a,-1,94,Normal
2026-02-16 10:37:56.451372,Seoul-f01a,29,39,Normal
2026-02-16 10:37:57.451372,Seoul-f01a,-27,19,Normal
2026-02-16 10:37:58.451372,Seoul-f01a,24,28,Normal
2026-02-16 10:37:59.451372,Seoul-f01a,-5,37,Normal
2026-02-16 10:38:00.451372,Seoul-f01a,37,49,Normal
2026-02-16 10:38:01.451372,Seoul-f01a,40,19,Normal
2026-02-16 10:38:02.451372,Seoul-f01a,5,32,Normal
2026-02-16 10:38:03.451372,Seoul-f01a,-21,26,Normal
2026-02-16 10:38:04.451372,Seoul-f01a,-16,5,Normal
2026-02-16 10:38:05.451372,Seoul-f01a,6,98,Normal
2026-02-16 10:38:06.451372,Seoul-f01a,32,80,Normal
2026-02-16 10:38:07.451372,Seoul-f01a,35,64,Normal
2026-02-16 10:38:08.451372,Seoul-f01a,49,65,Normal
2026-02-16 10:38:09.451372,Seoul-f01a,12,84,Normal
2026-02-16 10:38:10.451372,Seoul-f01a,-27,28,Normal
2026-02-16 10:38:11.451372,Seoul-f01a,-18,99,Normal
2026-02-16 10:38:12.451372,Seoul-f01a,16,47,Normal
2026-02-16 10:38:13.451372,Seoul-f01a,-24,35,Normal
2026-02-16 10:38:14.451372,Seoul-f01a,39,29,Normal
2026-02-16 10:38:15.451372,Seoul-f01a,25,26,Normal
2026-02-16 10:38:16.451372,Seoul-f01a,-20,59,Normal
2026-02-16 10:38:17.451372,Seoul-f01a,23,87,Normal
2026-02-16 10:38:18.451372,Seoul-f01a,9,68,Normal
2026-02-16 10:38:19.451372,Seoul-f01a,-1,30,Normal
2026-02-16 10:38:20.451372,Seoul-f01a,23,34,Normal
2026-02-16 10:38:21.451372,Seoul-f01a,-10,30,Normal
2026-02-16 10:38:22.451372,Seoul-f01a,32,8,Normal
2026-02-16 10:38:23.451372,Seoul-f01a,40,33,Normal
2026-02-16 10:38:24.451372,Seoul-f01a,-16,26,Normal
2026-02-16 10:38:25.451372,Seoul-f01a,2,40,Normal
2026-02-16 10:38:26.451372,Seoul-f01a,-2,44,Normal
2026-02-16 10:38:27.451372,Seoul-f01a,-5,28,Normal
2026-02-16 10:38:28.451372,Seoul-f01a,-10,84,Normal
2026-02-16 10:38:29.451372,Seoul-f01a,-20,80,Normal
2026-02-16 10:38:30.451372,Seoul-f01a,24,24,Normal
2026-02-16 10:38:31.451372,Seoul-f01a,40,43,Normal
2026-02-16 10:38:32.451372,Seoul-f01a,13,96,Normal
2026-02-16 10:38:33.451372,Seoul-f01a,-20,14,Normal
2026-02-16 10:38:34.451372,Seoul-f01a,-23,54,Normal
2026-02-16 10:38:35.451372,Seoul-f01a,-28,21,Normal
2026-02-16 10:38:36.451372,Seoul-f01a,10,63,Normal
2026-02-16 10:38:37.451372,Seoul-f01a,-15,21,Normal
2026-02-16 10:38:38.451372,Seoul-f01a,13,52,Normal
2026-02-16 10:38:39.451372,Seoul-f01a,50,81,Normal
2026-02-16 10:38:40.451372,Seoul-f01a,-1,96,Normal
2026-02-16 10:38:41.451372,Seoul-f01a,-6,14,Normal
2026-02-16 10:38:42.451372,Seoul-f01a,-22,62,Normal
2026-02-16 10:38:43.451372,Seoul-f01a,37,57,Normal
2026-02-16 10:38:44.451372,Seoul-f01a,29,39,Normal
2026-02-16 10:38:45.451372,Seoul-f01a,-4,93,Normal
2026-02-16 10:38:46.451372,Seoul-f01a,30,31,Normal
2026-02-16 10:38:47.451372,Seoul-f01a,18,41,Normal
2026-02-16 10:38:48.451372,Seoul-f01a,19,14,Normal
2026-02-16 10:38:49.451372,Seoul-f01a,-8,40,Normal
2026-02-16 10:38:50.451372,Seoul-f01a,-7,44,Normal
2026-02-16 10:38:51.451372,Seoul-f01a,11,17,Normal
2026-02-16 10:38:52.451372,Seoul-f01a,10,28,Normal
2026-02-16 10:38:53.451372,Seoul-f01a,41,64,Normal
2026-02-16 10:38:54.451372,Seoul-f01a,38,87,Normal
2026-02-16 10:38:55.451372,Seoul-f01a,14,42,Normal
2026-02-16 10:38:56.451372,Seoul-f01a,37,49,Normal
2026-02-16 10:38:57.451372,Seoul-f01a,46,67,Normal
2026-02-16 10:38:58.451372,Seoul-f01a,34,81,Normal
2026-02-16 10:38:59.451372,Seoul-f01a,-14,65,Normal
2026-02-16 10:39:00.451372,Seoul-f01a,25,63,Normal
2026-02-16 10:39:01.451372,Seoul-f01a,20,75,Normal
2026-02-16 10:39:02.451372,Seoul-f01a,12,68,Normal
2026-02-16 10:39:03.451372,Seoul-f01a,19,63,Normal
2026-02-16 10:39:04.451372,Seoul-f01a,40,52,Normal
2026-02-16 10:39:05.451372,Seoul-f01a,25,1,Normal
2026-02-16 10:39:06.451372,Seoul-f01a,-19,78,Normal
2026-02-16 10:39:07.451372,Seoul-f01a,9,44,Normal
2026-02-16 10:39:08.451372,Seoul-f01a,25,89,Normal
2026-02-16 10:39:09.451372,Seoul-f01a,20,88,Normal
2026-02-16 10:39:10.451372,Seoul-f01a,20,83,Normal
2026-02-16 10:39:11.451372,Seoul-f01a,9,4,Normal
2026-02-16 10:39:12.451372,Seoul-f01a,-13,63,Normal
2026-02-16 10:39:13.451372,Seoul-f01a,17,35,Normal
2026-02-16 10:39:14.451372,Seoul-f01a,25,89,Normal
2026-02-16 10:39:15.451372,Seoul-f01a,21,63,Normal
2026-02-16 10:39:16.451372,Seoul-f01a,21,42,Normal
2026-02-16 10:39:17.451372,Seoul-f01a,0,76,Normal
2026-02-16 10:39:18.451372,Seoul-f01a,-24,20,Normal
2026-02-16 10:39:19.451372,Seoul-f01a,-30,16,Normal
2026-02-16 10:39:20.451372,Seoul-f01a,3,26,Normal
2026-02-16 10:39:21.451372,Seoul-f01a,-8,38,Normal
2026-02-16 10:39:22.451372,Seoul-f01a,32,97,Normal
2026-02-16 10:39:23.451372,Seoul-f01a,21,94,Normal
2026-02-16 10:39:24.451372,Seoul-f01a,27,1,Normal
2026-02-16 10:39:25.451372,Seoul-f01a,2,98,Normal
2026-02-16 10:39:26.451372,Seoul-f01a,22,43,Normal
2026-02-16 10:39:27.451372,Seoul-f01a,-3,42,Normal
2026-02-16 10:39:28.451372,Seoul-f01a,36,60,Normal
2026-02-16 10:39:29.451372,Seoul-f01a,16,4,Normal
2026-02-16 10:39:30.451372,Seoul-f01a,18,15,Normal
2026-02-16 10:39:31.451372,Seoul-f01a,2,56,Normal
2026-02-16 10:39:32.451372,Seoul-f01a,-24,95,Normal
2026-02-16 10:39:33.451372,Seoul-f01a,5,9,Normal
2026-02-16 10:39:34.451372,Seoul-f01a,-5,75,Normal
2026-02-16 10:39:35.451372,Seoul-f01a,24,59,Normal
2026-02-16 10:39:36.451372,Seoul-f01a,37,40,Normal
2026-02-16 10:39:37.451372,Seoul-f01a,17,85,Normal
2026-02-16 10:39:38.451372,Seoul-f01a,-28,39,Normal
2026-02-16 10:39:39.451372,Seoul-f01a,50,8,Normal
2026-02-16 10:39:40.451372,Seoul-f01a,-22,21,Normal
2026-02-16 10:39:41.451372,Seoul-f01a,48,41,Normal
2026-02-16 10:39:42.451372,Seoul-f01a,41,73,Normal
2026-02-16 10:39:43.451372,Seoul-f01a,33,94,Normal
2026-02-16 10:39:44.451372,Seoul-f01a,31,55,Normal
2026-02-16 10:39:45.451372,Seoul-f01a,7,70,Normal
2026-02-16 10:39:46.451372,Seoul-f01a,7,83,Normal
2026-02-16 10:39:47.451372,Seoul-f01a,49,21,Normal
2026-02-16 10:39:48.451372,Seoul-f01a,2,26,Normal
2026-02-16 10:39:49.451372,Seoul-f01a,12,77,Normal
2026-02-16 10:39:50.451372,Seoul-f01a,9,69,Normal
2026-02-16 10:39:51.451372,Seoul-f01a,20,22,Normal
2026-02-16 10:39:52.451372,Seoul-f01a,23,25,Normal
2026-02-16 10:39:53.451372,Seoul-f01a,-9,34,Normal
2026-02-16 10:39:54.451372,Seoul-f01a,11,51,Normal
2026-02-16 10:39:55.451372,Seoul-f01a,26,62,Normal
2026-02-16 10:39:56.451372,Seoul-f01a,5,35,Normal
2026-02-16 10:39:57.451372,Seoul-f01a,11,32,Normal
2026-02-16 10:39:58.451372,Seoul-f01a,31,16,Normal
2026-02-16 10:39:59.451372,Seoul-f01a,14,29,Normal
2026-02-16 10:40:00.451372,Seoul-f01a,26,36,Normal
2026-02-16 10:40:01.451372,Seoul-f01a,13,17,Normal
2026-02-16 10:40:02.451372,Seoul-f01a,12,24,Normal
2026-02-16 10:40:03.451372,Seoul-f01a,-5,81,Normal
2026-02-16 10:40:04.451372,Seoul-f01a,37,1,Normal
2026-02-16 10:40:05.451372,Seoul-f01a,-2,100,Normal
2026-02-16 10:40:06.451372,Seoul-f01a,26,35,Normal
2026-02-16 10:40:07.451372,Seoul-f01a,-17,70,Normal
2026-02-16 10:40:08.451372,Seoul-f01a,17,52,Normal
2026-02-16 10:40:09.451372,Seoul-f01a,6,35,Normal
2026-02-16 10:40:10.451372,Seoul-f01a,-28,61,Normal
2026-02-16 10:40:11.451372,Seoul-f01a,28,1,Normal
2026-02-16 10:40:12.451372,Seoul-f01a,-30,15,Normal
2026-02-16 10:40:13.451372,Seoul-f01a,12,89,Normal
2026-02-16 10:40:14.451372,Seoul-f01a,41,91,Normal
2026-02-16 10:40:15.451372,Seoul-f01a,-18,12,Normal
2026-02-16 10:40:16.451372,Seoul-f01a,45,74,Normal
2026-02-16 10:40:17.451372,Seoul-f01a,0,67,Normal
2026-02-16 10:40:18.451372,Seoul-f01a,-23,17,Normal
2026-02-16 10:40:19.451372,Seoul-f01a,0,59,Normal
2026-02-16 10:40:20.451372,Seoul-f01a,-29,5,Normal
2026-02-16 10:40:21.451372,Seoul-f01a,-2,67,Normal
2026-02-16 10:40:22.451372,Seoul-f01a,-5,92,Normal
2026-02-16 10:40:23.451372,Seoul-f01a,26,67,Normal
2026-02-16 10:40:24.451372,Seoul-f01a,48,36,Normal
2026-02-16 10:40:25.451372,Seoul-f01a,23,71,Normal
2026-02-16 10:40:26.451372,Seoul-f01a,34,30,Normal
2026-02-16 10:40:27.451372,Seoul-f01a,4,22,Normal
2026-02-16 10:40:28.451372,Seoul-f01a,-13,4,Normal
2026-02-16 10:40:29.451372,Seoul-f01a,47,33,Normal
2026-02-16 10:40:30.451372,Seoul-f01a,22,6,Normal
2026-02-16 10:40:31.451372,Seoul-f01a,21,58,Normal
2026-02-16 10:40:32.451372,Seoul-f01a,31,7,Normal
2026-02-16 10:40:33.451372,Seoul-f01a,37,44,Normal
2026-02-16 10:40:34.451372,Seoul-f01a,40,87,Normal
2026-02-16 10:40:35.451372,Seoul-f01a,10,64,Normal
2026-02-16 10:40:36.451372,Seoul-f01a,-21,95,Normal
2026-02-16 10:40:37.451372,Seoul-f01a,-30,0,Normal
2026-02-16 10:40:38.451372,Seoul-f01a,19,21,Normal
2026-02-16 10:40:39.451372,Seoul-f01a,45,29,Normal
2026-02-16 10:40:40.451372,Seoul-f01a,-14,80,Normal
2026-02-16 10:40:41.451372,Seoul-f01a,4,69,Normal
2026-02-16 10:40:42.451372,Seoul-f01a,47,57,Normal
2026-02-16 10:40:43.451372,Seoul-f01a,35,89,Normal
2026-02-16 10:40:44.451372,Seoul-f01a,-20,75,Normal
2026-02-16 10:40:45.451372,Seoul-f01a,-16,88,Normal
2026-02-16 10:40:46.451372,Seoul-f01a,-19,25,Normal
2026-02-16 10:40:47.451372,Seoul-f01a,-3,52,Normal
2026-02-16 10:40:48.451372,Seoul-f01a,50,44,Normal
2026-02-16 10:40:49.451372,Seoul-f01a,37,91,Normal
2026-02-16 10:40:50.451372,Seoul-f01a,32,82,Normal
2026-02-16 10:40:51.451372,Seoul-f01a,42,69,Normal
2026-02-16 10:40:52.451372,Seoul-f01a,41,25,Normal
2026-02-16 10:40:53.451372,Seoul-f01a,-8,57,Normal
2026-02-16 10:40:54.451372,Seoul-f01a,-18,91,Normal
2026-02-16 10:40:55.451372,Seoul-f01a,19,28,Normal
2026-02-16 10:40:56.451372,Seoul-f01a,24,73,Normal
2026-02-16 10:40:57.451372,Seoul-f01a,-24,29,Normal
2026-02-16 10:40:58.451372,Seoul-f01a,-1,66,Normal
2026-02-16 10:40:59.451372,Seoul-f01a,15,74,Normal
2026-02-16 10:41:00.451372,Seoul-f01a,42,69,Normal
2026-02-16 10:41:01.451372,Seoul-f01a,-30,99,Normal
2026-02-16 10:41:02.451372,Seoul-f01a,27,25,Normal
2026-02-16 10:41:03.451372,Seoul-f01a,-16,42,Normal
2026-02-16 10:41:04.451372,Seoul-f01a,49,70,Normal
2026-02-16 10:41:05.451372,Seoul-f01a,-30,13,Normal
2026-02-16 10:41:06.451372,Seoul-f01a,-11,22,Normal
2026-02-16 10:41:07.451372,Seoul-f01a,-27,64,Normal
2026-02-16 10:41:08.451372,Seoul-f01a,4,98,Normal
2026-02-16 10:41:09.451372,Seoul-f01a,23,44,Normal
2026-02-16 10:41:10.451372,Seoul-f01a,-25,2,Normal
2026-02-16 10:41:11.451372,Seoul-f01a,24,94,Normal
2026-02-16 10:41:12.451372,Seoul-f01a,-20,27,Normal
2026-02-16 10:41:13.451372,Seoul-f01a,35,50,Normal
2026-02-16 10:41:14.451372,Seoul-f01a,-5,32,Normal
2026-02-16 10:41:15.451372,Seoul-f01a,-10,1,Normal
2026-02-16 10:41:16.451372,Seoul-f01a,6,21,Normal
2026-02-16 10:41:17.451372,Seoul-f01a,-2,17,Normal
2026-02-16 10:41:18.451372,Seoul-f01a,-12,19,Normal
2026-02-16 10:41:19.451372,Seoul-f01a,26,87,Normal
2026-02-16 10:41:20.451372,Seoul-f01a,31,69,Normal
2026-02-16 10:41:21.451372,Seoul-f01a,50,19,Normal
2026-02-16 10:41:22.451372,Seoul-f01a,38,65,Normal
2026-02-16 10:41:23.451372,Seoul-f01a,-9,60,Normal
2026-02-16 10:41:24.451372,Seoul-f01a,-11,98,Normal
2026-02-16 10:41:25.451372,Seoul-f01a,-9,43,Normal
2026-02-16 10:41:26.451372,Seoul-f01a,5,50,Normal
2026-02-16 10:41:27.451372,Seoul-f01a,-20,2,Normal
2026-02-16 10:41:28.451372,Seoul-f01a,27,22,Normal
2026-02-16 10:41:29.451372,Seoul-f01a,5,19,Normal
2026-02-16 10:41:30.451372,Seoul-f01a,21,87,Normal
2026-02-16 10:41:31.451372,Seoul-f01a,26,88,Normal
2026-02-16 10:41:32.451372,Seoul-f01a,18,87,Normal
2026-02-16 10:41:33.451372,Seoul-f01a,43,59,Normal
2026-02-16 10:41:34.451372,Seoul-f01a,10,54,Normal
2026-02-16 10:41:35.451372,Seoul-f01a,32,46,Normal
2026-02-16 10:41:36.451372,Seoul-f01a,39,93,Normal
2026-02-16 10:41:37.451372,Seoul-f01a,-2,0,Normal
2026-02-16 10:41:38.451372,Seoul-f01a,31,1,Normal
2026-02-16 10:41:39.451372,Seoul-f01a,49,58,Normal
2026-02-16 10:41:40.451372,Seoul-f01a,14,27,Normal
2026-02-16 10:41:41.451372,Seoul-f01a,-26,9,Normal
2026-02-16 10:41:42.451372,Seoul-f01a,-10,71,Normal
2026-02-16 10:41:43.451372,Seoul-f01a,47,44,Normal
2026-02-16 10:41:44.451372,Seoul-f01a,35,64,Normal
2026-02-16 10:41:45.451372,Seoul-f01a,46,56,Normal
2026-02-16 10:41:46.451372,Seoul-f01a,5,99,Normal
2026-02-16 10:41:47.451372,Seoul-f01a,4,40,Normal
2026-02-16 10:41:48.451372,Seoul-f01a,-28,16,Normal
2026-02-16 10:41:49.451372,Seoul-f01a,-22,3,Normal
2026-02-16 10:41:50.451372,Seoul-f01a,26,7,Normal
2026-02-16 10:41:51.451372,Seoul-f01a,17,45,Normal
2026-02-16 10:41:52.451372,Seoul-f01a,-1,62,Normal
2026-02-16 10:41:53.451372,Seoul-f01a,14,71,Normal
2026-02-16 10:41:54.451372,Seoul-f01a,11,18,Normal
2026-02-16 10:41:55.451372,Seoul-f01a,18,56,Normal
2026-02-16 10:41:56.451372,Seoul-f01a,46,47,Normal
2026-02-16 10:41:57.451372,Seoul-f01a,49,10,Normal
2026-02-16 10:41:58.451372,Seoul-f01a,31,11,Normal
2026-02-16 10:41:59.451372,Seoul-f01a,48,52,Normal
2026-02-16 10:42:00.451372,Seoul-f01a,-15,13,Normal
2026-02-16 10:42:01.451372,Seoul-f01a,13,7,Normal
2026-02-16 10:42:02.451372,Seoul-f01a,39,43,Normal
2026-02-16 10:42:03.451372,Seoul-f01a,3,13,Normal
2026-02-16 10:42:04.451372,Seoul-f01a,45,56,Normal
2026-02-16 10:42:05.451372,Seoul-f01a,43,63,Normal
2026-02-16 10:42:06.451372,Seoul-f01a,4,0,Normal
2026-02-16 10:42:07.451372,Seoul-f01a,-10,82,Normal
2026-02-16 10:42:08.451372,Seoul-f01a,27,99,Normal
2026-02-16 10:42:09.451372,Seoul-f01a,-13,92,Normal
2026-02-16 10:42:10.451372,Seoul-f01a,35,63,Normal
2026-02-16 10:42:11.451372,Seoul-f01a,44,53,Normal
2026-02-16 10:42:12.451372,Seoul-f01a,41,81,Normal
2026-02-16 10:42:13.451372,Seoul-f01a,12,48,Normal
2026-02-16 10:42:14.451372,Seoul-f01a,-29,78,Normal
2026-02-16 10:42:15.451372,Seoul-f01a,46,86,Normal
2026-02-16 10:42:16.451372,Seoul-f01a,38,76,Normal
2026-02-16 10:42:17.451372,Seoul-f01a,24,80,Normal
2026-02-16 10:42:18.451372,Seoul-f01a,-25,53,Normal
2026-02-16 10:42:19.451372,Seoul-f01a,15,71,Normal
2026-02-16 10:42:20.451372,Seoul-f01a,-7,54,Normal
2026-02-16 10:42:21.451372,Seoul-f01a,-27,43,Normal
2026-02-16 10:42:22.451372,Seoul-f01a,14,100,Normal
2026-02-16 10:42:23.451372,Seoul-f01a,-19,54,Normal
2026-02-16 10:42:24.451372,Seoul-f01a,-21,63,Normal
2026-02-16 10:42:25.451372,Seoul-f01a,39,39,Normal
2026-02-16 10:42:26.451372,Seoul-f01a,18,82,Normal
2026-02-16 10:42:27.451372,Seoul-f01a,25,53,Normal
2026-02-16 10:42:28.451372,Seoul-f01a,-29,31,Normal
2026-02-16 10:42:29.451372,Seoul-f01a,19,51,Normal
2026-02-16 10:42:30.451372,Seoul-f01a,30,88,Normal
2026-02-16 10:42:31.451372,Seoul-f01a,-21,9,Normal
2026-02-16 10:42:32.451372,Seoul-f01a,29,62,Normal
2026-02-16 10:42:33.451372,Seoul-f01a,19,50,Normal
2026-02-16 10:42:34.451372,Seoul-f01a,43,24,Normal
2026-02-16 10:42:35.451372,Seoul-f01a,5,6,Normal
2026-02-16 10:42:36.451372,Seoul-f01a,11,79,Normal
2026-02-16 10:42:37.451372,Seoul-f01a,20,26,Normal
2026-02-16 10:42:38.451372,Seoul-f01a,-28,34,Normal
2026-02-16 10:42:39.451372,Seoul-f01a,40,95,Normal
2026-02-16 10:42:40.451372,Seoul-f01a,-14,73,Normal
2026-02-16 10:42:41.451372,Seoul-f01a,50,3,Normal
2026-02-16 10:42:42.451372,Seoul-f01a,-16,40,Normal
2026-02-16 10:42:43.451372,Seoul-f01a,15,68,Normal
2026-02-16 10:42:44.451372,Seoul-f01a,41,19,Normal
2026-02-16 10:42:45.451372,Seoul-f01a,-26,85,Normal
2026-02-16 10:42:46.451372,Seoul-f01a,23,82,Normal
2026-02-16 10:42:47.451372,Seoul-f01a,41,55,Normal
2026-02-16 10:42:48.451372,Seoul-f01a,-26,43,Normal
2026-02-16 10:42:49.451372,Seoul-f01a,42,57,Normal
2026-02-16 10:42:50.451372,Seoul-f01a,-8,79,Normal
2026-02-16 10:42:51.451372,Seoul-f01a,-29,43,Normal
2026-02-16 10:42:52.451372,Seoul-f01a,-6,54,Normal
2026-02-16 10:42:53.451372,Seoul-f01a,26,0,Normal
2026-02-16 10:42:54.451372,Seoul-f01a,-23,51,Normal
2026-02-16 10:42:55.451372,Seoul-f01a,0,32,Normal
2026-02-16 10:42:56.451372,Seoul-f01a,31,27,Normal
2026-02-16 10:42:57.451372,Seoul-f01a,-18,19,Normal
2026-02-16 10:42:58.451372,Seoul-f01a,-2,88,Normal
2026-02-16 10:42:59.451372,Seoul-f01a,31,0,Normal
2026-02-16 10:43:00.451372,Seoul-f01a,25,91,Normal
2026-02-16 10:43:01.451372,Seoul-f01a,-20,6,Normal
2026-02-16 10:43:02.451372,Seoul-f01a,30,46,Normal
2026-02-16 10:43:03.451372,Seoul-f01a,2,10,Normal
2026-02-16 10:43:04.451372,Seoul-f01a,34,40,Normal
2026-02-16 10:43:05.451372,Seoul-f01a,3,30,Normal
2026-02-16 10:43:06.451372,Seoul-f01a,40,27,Normal
2026-02-16 10:43:07.451372,Seoul-f01a,27,21,Normal
2026-02-16 10:43:08.451372,Seoul-f01a,42,39,Normal
2026-02-16 10:43:09.451372,Seoul-f01a,41,92,Normal
2026-02-16 10:43:10.451372,Seoul-f01a,-3,71,Normal
2026-02-16 10:43:11.451372,Seoul-f01a,48,63,Normal
2026-02-16 10:43:12.451372,Seoul-f01a,12,26,Normal
2026-02-16 10:43:13.451372,Seoul-f01a,11,48,Normal
2026-02-16 10:43:14.451372,Seoul-f01a,11,61,Normal
2026-02-16 10:43:15.451372,Seoul-f01a,42,56,Normal
2026-02-16 10:43:16.451372,Seoul-f01a,28,94,Normal
2026-02-16 10:43:17.451372,Seoul-f01a,20,74,Normal
2026-02-16 10:43:18.451372,Seoul-f01a,-21,69,Normal
2026-02-16 10:43:19.451372,Seoul-f01a,-3,25,Normal
2026-02-16 10:43:20.451372,Seoul-f01a,2,17,Normal
2026-02-16 10:43:21.451372,Seoul-f01a,8,13,Normal
2026-02-16 10:43:22.451372,Seoul-f01a,-10,8,Normal
2026-02-16 10:43:23.451372,Seoul-f01a,22,42,Normal
2026-02-16 10:43:24.451372,Seoul-f01a,21,21,Normal
2026-02-16 10:43:25.451372,Seoul-f01a,38,62,Normal
2026-02-16 10:43:26.451372,Seoul-f01a,4,4,Normal
2026-02-16 10:43:27.451372,Seoul-f01a,-10,90,Normal
2026-02-16 10:43:28.451372,Seoul-f01a,35,36,Normal
2026-02-16 10:43:29.451372,Seoul-f01a,43,93,Normal
2026-02-16 10:43:30.451372,Seoul-f01a,15,26,Normal
2026-02-16 10:43:31.451372,Seoul-f01a,39,35,Normal
2026-02-16 10:43:32.451372,Seoul-f01a,-24,33,Normal
2026-02-16 10:43:33.451372,Seoul-f01a,-2,28,Normal
2026-02-16 10:43:34.451372,Seoul-f01a,34,30,Normal
2026-02-16 10:43:35.451372,Seoul-f01a,27,59,Normal
2026-02-16 10:43:36.451372,Seoul-f01a,17,57,Normal
2026-02-16 10:43:37.451372,Seoul-f01a,33,11,Normal
2026-02-16 10:43:38.451372,Seoul-f01a,-6,87,Normal
2026-02-16 10:43:39.451372,Seoul-f01a,-29,81,Normal
2026-02-16 10:43:40.451372,Seoul-f01a,38,75,Normal
2026-02-16 10:43:41.451372,Seoul-f01a,-30,6,Normal
2026-02-16 10:43:42.451372,Seoul-f01a,-27,79,Normal
2026-02-16 10:43:43.451372,Seoul-f01a,31,48,Normal
2026-02-16 10:43:44.451372,Seoul-f01a,-6,93,Normal
2026-02-16 10:43:45.451372,Seoul-f01a,-5,40,Normal
2026-02-16 10:43:46.451372,Seoul-f01a,1,22,Normal
2026-02-16 10:43:47.451372,Seoul-f01a,28,63,Normal
2026-02-16 10:43:48.451372,Seoul-f01a,-10,37,Normal
2026-02-16 10:43:49.451372,Seoul-f01a,2,66,Normal
2026-02-16 10:43:50.451372,Seoul-f01a,10,59,Normal
2026-02-16 10:43:51.451372,Seoul-f01a,1,49,Normal
2026-02-16 10:43:52.451372,Seoul-f01a,50,98,Normal
2026-02-16 10:43:53.451372,Seoul-f01a,37,62,Normal
2026-02-16 10:43:54.451372,Seoul-f01a,10,58,Normal
2026-02-16 10:43:55.451372,Seoul-f01a,1,88,Normal
2026-02-16 10:43:56.451372,Seoul-f01a,28,95,Normal
2026-02-16 10:43:57.451372,Seoul-f01a,6,31,Normal
2026-02-16 10:43:58.451372,Seoul-f01a,47,8,Normal
2026-02-16 10:43:59.451372,Seoul-f01a,42,99,Normal
2026-02-16 10:44:00.451372,Seoul-f01a,23,9,Normal
2026-02-16 10:44:01.451372,Seoul-f01a,-27,58,Normal
2026-02-16 10:44:02.451372,Seoul-f01a,17,25,Normal
2026-02-16 10:44:03.451372,Seoul-f01a,10,18,Normal
2026-02-16 10:44:04.451372,Seoul-f01a,38,31,Normal
2026-02-16 10:44:05.451372,Seoul-f01a,-6,73,Normal
2026-02-16 10:44:06.451372,Seoul-f01a,3,45,Normal
2026-02-16 10:44:07.451372,Seoul-f01a,-30,49,Normal
2026-02-16 10:44:08.451372,Seoul-f01a,40,52,Normal
2026-02-16 10:44:09.451372,Seoul-f01a,27,23,Normal
2026-02-16 10:44:10.451372,Seoul-f01a,20,87,Normal
2026-02-16 10:44:11.451372,Seoul-f01a,-22,32,Normal
2026-02-16 10:44:12.451372,Seoul-f01a,15,27,Normal
2026-02-16 10:44:13.451372,Seoul-f01a,33,22,Normal
2026-02-16 10:44:14.451372,Seoul-f01a,18,12,Normal
2026-02-16 10:44:15.451372,Seoul-f01a,22,44,Normal
2026-02-16 10:44:16.451372,Seoul-f01a,27,10,Normal
2026-02-16 10:44:17.451372,Seoul-f01a,9,10,Normal
2026-02-16 10:44:18.451372,Seoul-f01a,-28,18,Normal
2026-02-16 10:44:19.451372,Seoul-f01a,21,8,Normal
2026-02-16 10:44:20.451372,Seoul-f01a,6,67,Normal
2026-02-16 10:44:21.451372,Seoul-f01a,-25,22,Normal
2026-02-16 10:44:22.451372,Seoul-f01a,-30,16,Normal
2026-02-16 10:44:23.451372,Seoul-f01a,25,66,Normal
2026-02-16 10:44:24.451372,Seoul-f01a,7,52,Normal
2026-02-16 10:44:25.451372,Seoul-f01a,-30,97,Normal
2026-02-16 10:44:26.451372,Seoul-f01a,46,4,Normal
2026-02-16 10:44:27.451372,Seoul-f01a,-12,82,Normal
2026-02-16 10:44:28.451372,Seoul-f01a,31,43,Normal
2026-02-16 10:44:29.451372,Seoul-f01a,-17,90,Normal
2026-02-16 10:44:30.451372,Seoul-f01a,35,74,Normal
2026-02-16 10:44:31.451372,Seoul-f01a,-11,67,Normal
2026-02-16 10:44:32.451372,Seoul-f01a,17,55,Normal
2026-02-16 10:44:33.451372,Seoul-f01a,11,48,Normal
2026-02-16 10:44:34.451372,Seoul-f01a,31,72,Normal
2026-02-16 10:44:35.451372,Seoul-f01a,-26,83,Normal
2026-02-16 10:44:36.451372,Seoul-f01a,43,57,Normal
2026-02-16 10:44:37.451372,Seoul-f01a,41,12,Normal
2026-02-16 10:44:38.451372,Seoul-f01a,-16,49,Normal
2026-02-16 10:44:39.451372,Seoul-f01a,49,81,Normal
2026-02-16 10:44:40.451372,Seoul-f01a,6,2,Normal
2026-02-16 10:44:41.451372,Seoul-f01a,-8,82,Normal
2026-02-16 10:44:42.451372,Seoul-f01a,5,33,Normal
2026-02-16 10:44:43.451372,Seoul-f01a,45,5,Normal
2026-02-16 10:44:44.451372,Seoul-f01a,32,13,Normal
2026-02-16 10:44:45.451372,Seoul-f01a,-7,78,Normal
2026-02-16 10:44:46.451372,Seoul-f01a,6,13,Normal
2026-02-16 10:44:47.451372,Seoul-f01a,10,4,Normal
2026-02-16 10:44:48.451372,Seoul-f01a,15,52,Normal
2026-02-16 10:44:49.451372,Seoul-f01a,41,50,Normal
2026-02-16 10:44:50.451372,Seoul-f01a,20,23,Normal
2026-02-16 10:44:51.451372,Seoul-f01a,10,80,Normal
2026-02-16 10:44:52.451372,Seoul-f01a,-2,59,Normal
2026-02-16 10:44:53.451372,Seoul-f01a,-12,45,Normal
2026-02-16 10:44:54.451372,Seoul-f01a,22,13,Normal
2026-02-16 10:44:55.451372,Seoul-f01a,43,24,Normal
2026-02-16 10:44:56.451372,Seoul-f01a,-27,64,Normal
2026-02-16 10:44:57.451372,Seoul-f01a,-10,39,Normal
2026-02-16 10:44:58.451372,Seoul-f01a,27,34,Normal
2026-02-16 10:44:59.451372,Seoul-f01a,22,28,Normal
2026-02-16 10:45:00.451372,Seoul-f01a,33,41,Normal
2026-02-16 10:45:01.451372,Seoul-f01a,-24,64,Normal
2026-02-16 10:45:02.451372,Seoul-f01a,33,49,Normal
2026-02-16 10:45:03.451372,Seoul-f01a,-8,49,Normal
2026-02-16 10:45:04.451372,Seoul-f01a,40,57,Normal
2026-02-16 10:45:05.451372,Seoul-f01a,32,43,Normal
2026-02-16 10:45:06.451372,Seoul-f01a,41,50,Normal
2026-02-16 10:45:07.451372,Seoul-f01a,12,100,Normal
2026-02-16 10:45:08.451372,Seoul-f01a,7,63,Normal
2026-02-16 10:45:09.451372,Seoul-f01a,8,36,Normal
2026-02-16 10:45:10.451372,Seoul-f01a,23,38,Normal
2026-02-16 10:45:11.451372,Seoul-f01a,-16,66,Normal
2026-02-16 10:45:12.451372,Seoul-f01a,-28,61,Normal
2026-02-16 10:45:13.451372,Seoul-f01a,40,21,Normal
2026-02-16 10:45:14.451372,Seoul-f01a,14,4,Normal
2026-02-16 10:45:15.451372,Seoul-f01a,42,73,Normal
2026-02-16 10:45:16.451372,Seoul-f01a,27,84,Normal
2026-02-16 10:45:17.451372,Seoul-f01a,35,20,Normal
2026-02-16 10:45:18.451372,Seoul-f01a,27,34,Normal
2026-02-16 10:45:19.451372,Seoul-f01a,34,75,Normal
2026-02-16 10:45:20.451372,Seoul-f01a,35,53,Normal
2026-02-16 10:45:21.451372,Seoul-f01a,-14,17,Normal
2026-02-16 10:45:22.451372,Seoul-f01a,35,36,Normal
2026-02-16 10:45:23.451372,Seoul-f01a,35,35,Normal
2026-02-16 10:45:24.451372,Seoul-f01a,25,98,Normal
2026-02-16 10:45:25.451372,Seoul-f01a,47,41,Normal
2026-02-16 10:45:26.451372,Seoul-f01a,19,87,Normal
2026-02-16 10:45:27.451372,Seoul-f01a,-5,76,Normal
2026-02-16 10:45:28.451372,Seoul-f01a,-7,2,Normal
2026-02-16 10:45:29.451372,Seoul-f01a,43,95,Normal
2026-02-16 10:45:30.451372,Seoul-f01a,30,56,Normal
2026-02-16 10:45:31.451372,Seoul-f01a,13,44,Normal
2026-02-16 10:45:32.451372,Seoul-f01a,4,41,Normal
2026-02-16 10:45:33.451372,Seoul-f01a,43,76,Normal
2026-02-16 10:45:34.451372,Seoul-f01a,-25,47,Normal
2026-02-16 10:45:35.451372,Seoul-f01a,-21,35,Normal
2026-02-16 10:45:36.451372,Seoul-f01a,-11,46,Normal
2026-02-16 10:45:37.451372,Seoul-f01a,-30,11,Normal
2026-02-16 10:45:38.451372,Seoul-f01a,-28,61,Normal
2026-02-16 10:45:39.451372,Seoul-f01a,38,39,Normal
2026-02-16 10:45:40.451372,Seoul-f01a,37,67,Normal
2026-02-16 10:45:41.451372,Seoul-f01a,20,1,Normal
2026-02-16 10:45:42.451372,Seoul-f01a,-13,80,Normal
2026-02-16 10:45:43.451372,Seoul-f01a,-27,63,Normal
2026-02-16 10:45:44.451372,Seoul-f01a,47,56,Normal
2026-02-16 10:45:45.451372,Seoul-f01a,44,90,Normal
2026-02-16 10:45:46.451372,Seoul-f01a,11,37,Normal
2026-02-16 10:45:47.451372,Seoul-f01a,34,15,Normal
2026-02-16 10:45:48.451372,Seoul-f01a,-17,100,Normal
2026-02-16 10:45:49.451372,Seoul-f01a,-1,74,Normal
2026-02-16 10:45:50.451372,Seoul-f01a,33,63,Normal
2026-02-16 10:45:51.451372,Seoul-f01a,-6,72,Normal
2026-02-16 10:45:52.451372,Seoul-f01a,40,50,Normal
2026-02-16 10:45:53.451372,Seoul-f01a,-21,25,Normal
2026-02-16 10:45:54.451372,Seoul-f01a,35,40,Normal
2026-02-16 10:45:55.451372,Seoul-f01a,34,6,Normal
2026-02-16 10:45:56.451372,Seoul-f01a,25,83,Normal
2026-02-16 10:45:57.451372,Seoul-f01a,-21,94,Normal
2026-02-16 10:45:58.451372,Seoul-f01a,-16,99,Normal
2026-02-16 10:45:59.451372,Seoul-f01a,18,36,Normal
2026-02-16 10:46:00.451372,Seoul-f01a,33,7,Normal
2026-02-16 10:46:01.451372,Seoul-f01a,18,98,Normal
2026-02-16 10:46:02.451372,Seoul-f01a,-13,1,Normal
2026-02-16 10:46:03.451372,Seoul-f01a,25,5,Normal
2026-02-16 10:46:04.451372,Seoul-f01a,7,16,Normal
2026-02-16 10:46:05.451372,Seoul-f01a,-7,42,Normal
2026-02-16 10:46:06.451372,Seoul-f01a,38,80,Normal
2026-02-16 10:46:07.451372,Seoul-f01a,-10,60,Normal
2026-02-16 10:46:08.451372,Seoul-f01a,-28,50,Normal
2026-02-16 10:46:09.451372,Seoul-f01a,-29,86,Normal
2026-02-16 10:46:10.451372,Seoul-f01a,18,97,Normal
2026-02-16 10:46:11.451372,Seoul-f01a,30,16,Normal
2026-02-16 10:46:12.451372,Seoul-f01a,31,20,Normal
2026-02-16 10:46:13.451372,Seoul-f01a,48,17,Normal
2026-02-16 10:46:14.451372,Seoul-f01a,16,6,Normal
2026-02-16 10:46:15.451372,Seoul-f01a,12,87,Normal
2026-02-16 10:46:16.451372,Seoul-f01a,19,40,Normal
2026-02-16 10:46:17.451372,Seoul-f01a,16,95,Normal
2026-02-16 10:46:18.451372,Seoul-f01a,47,41,Normal
2026-02-16 10:46:19.451372,Seoul-f01a,33,45,Normal
2026-02-16 10:46:20.451372,Seoul-f01a,12,6,Normal
2026-02-16 10:46:21.451372,Seoul-f01a,-24,14,Normal
2026-02-16 10:46:22.451372,Seoul-f01a,47,42,Normal
2026-02-16 10:46:23.451372,Seoul-f01a,47,83,Normal
2026-02-16 10:46:24.451372,Seoul-f01a,0,46,Normal
2026-02-16 10:46:25.451372,Seoul-f01a,-20,59,Normal
2026-02-16 10:46:26.451372,Seoul-f01a,37,98,Normal
2026-02-16 10:46:27.451372,Seoul-f01a,22,49,Normal
2026-02-16 10:46:28.451372,Seoul-f01a,42,59,Normal
2026-02-16 10:46:29.451372,Seoul-f01a,-30,44,Normal
2026-02-16 10:46:30.451372,Seoul-f01a,-12,73,Normal
2026-02-16 10:46:31.451372,Seoul-f01a,31,44,Normal
2026-02-16 10:46:32.451372,Seoul-f01a,27,71,Normal
2026-02-16 10:46:33.451372,Seoul-f01a,-2,100,Normal
2026-02-16 10:46:34.451372,Seoul-f01a,48,63,Normal
2026-02-16 10:46:35.451372,Seoul-f01a,-24,59,Normal
2026-02-16 10:46:36.451372,Seoul-f01a,10,67,Normal
2026-02-16 10:46:37.451372,Seoul-f01a,-13,31,Normal
2026-02-16 10:46:38.451372,Seoul-f01a,-22,92,Normal
2026-02-16 10:46:39.451372,Seoul-f01a,24,76,Normal
2026-02-16 10:46:40.451372,Seoul-f01a,-4,47,Normal
2026-02-16 10:46:41.451372,Seoul-f01a,6,22,Normal
2026-02-16 10:46:42.451372,Seoul-f01a,4,23,Normal
2026-02-16 10:46:43.451372,Seoul-f01a,20,88,Normal
2026-02-16 10:46:44.451372,Seoul-f01a,-14,67,Normal
2026-02-16 10:46:45.451372,Seoul-f01a,-14,70,Normal
2026-02-16 10:46:46.451372,Seoul-f01a,5,46,Normal
2026-02-16 10:46:47.451372,Seoul-f01a,37,60,Normal
2026-02-16 10:46:48.451372,Seoul-f01a,-12,53,Normal
2026-02-16 10:46:49.451372,Seoul-f01a,37,20,Normal
2026-02-16 10:46:50.451372,Seoul-f01a,1,94,Normal
2026-02-16 10:46:51.451372,Seoul-f01a,27,90,Normal
2026-02-16 10:46:52.451372,Seoul-f01a,33,96,Normal
2026-02-16 10:46:53.451372,Seoul-f01a,50,76,Normal
2026-02-16 10:46:54.451372,Seoul-f01a,-5,99,Normal
2026-02-16 10:46:55.451372,Seoul-f01a,33,51,Normal
2026-02-16 10:46:56.451372,Seoul-f01a,2,75,Normal
2026-02-16 10:46:57.451372,Seoul-f01a,45,23,Normal
2026-02-16 10:46:58.451372,Seoul-f01a,-25,89,Normal
2026-02-16 10:46:59.451372,Seoul-f01a,11,38,Normal
2026-02-16 10:47:00.451372,Seoul-f01a,-14,22,Normal
2026-02-16 10:47:01.451372,Seoul-f01a,34,10,Normal
2026-02-16 10:47:02.451372,Seoul-f01a,26,38,Normal
2026-02-16 10:47:03.451372,Seoul-f01a,17,86,Normal
2026-02-16 10:47:04.451372,Seoul-f01a,35,52,Normal
2026-02-16 10:47:05.451372,Seoul-f01a,3,10,Normal
2026-02-16 10:47:06.451372,Seoul-f01a,-24,94,Normal
2026-02-16 10:47:07.451372,Seoul-f01a,-26,45,Normal
2026-02-16 10:47:08.451372,Seoul-f01a,-25,6,Normal
2026-02-16 10:47:09.451372,Seoul-f01a,27,22,Normal
2026-02-16 10:47:10.451372,Seoul-f01a,7,64,Normal
2026-02-16 10:47:11.451372,Seoul-f01a,26,48,Normal
2026-02-16 10:47:12.451372,Seoul-f01a,-15,26,Normal
2026-02-16 10:47:13.451372,Seoul-f01a,43,22,Normal
2026-02-16 10:47:14.451372,Seoul-f01a,1,92,Normal
2026-02-16 10:47:15.451372,Seoul-f01a,-3,11,Normal
2026-02-16 10:47:16.451372,Seoul-f01a,13,21,Normal
2026-02-16 10:47:17.451372,Seoul-f01a,1,53,Normal
2026-02-16 10:47:18.451372,Seoul-f01a,2,85,Normal
2026-02-16 10:47:19.451372,Seoul-f01a,11,43,Normal
2026-02-16 10:47:20.451372,Seoul-f01a,17,98,Normal
2026-02-16 10:47:21.451372,Seoul-f01a,-28,14,Normal
2026-02-16 10:47:22.451372,Seoul-f01a,-20,45,Normal
2026-02-16 10:47:23.451372,Seoul-f01a,37,96,Normal
2026-02-16 10:47:24.451372,Seoul-f01a,37,26,Normal
2026-02-16 10:47:25.451372,Seoul-f01a,28,71,Normal
2026-02-16 10:47:26.451372,Seoul-f01a,-11,90,Normal
2026-02-16 10:47:27.451372,Seoul-f01a,10,98,Normal
2026-02-16 10:47:28.451372,Seoul-f01a,5,67,Normal
2026-02-16 10:47:29.451372,Seoul-f01a,-26,86,Normal
2026-02-16 10:47:30.451372,Seoul-f01a,-1,47,Normal
2026-02-16 10:47:31.451372,Seoul-f01a,16,48,Normal
2026-02-16 10:47:32.451372,Seoul-f01a,47,38,Normal
2026-02-16 10:47:33.451372,Seoul-f01a,33,94,Normal
2026-02-16 10:47:34.451372,Seoul-f01a,0,14,Normal
2026-02-16 10:47:35.451372,Seoul-f01a,-8,6,Normal
2026-02-16 10:47:36.451372,Seoul-f01a,-8,79,Normal
2026-02-16 10:47:37.451372,Seoul-f01a,46,45,Normal
2026-02-16 10:47:38.451372,Seoul-f01a,24,66,Normal
2026-02-16 10:47:39.451372,Seoul-f01a,-14,98,Normal
2026-02-16 10:47:40.451372,Seoul-f01a,45,98,Normal
2026-02-16 10:47:41.451372,Seoul-f01a,26,22,Normal
2026-02-16 10:47:42.451372,Seoul-f01a,-30,64,Normal
2026-02-16 10:47:43.451372,Seoul-f01a,24,51,Normal
2026-02-16 10:47:44.451372,Seoul-f01a,27,40,Normal
2026-02-16 10:47:45.451372,Seoul-f01a,-3,34,Normal
2026-02-16 10:47:46.451372,Seoul-f01a,-25,13,Normal
2026-02-16 10:47:47.451372,Seoul-f01a,23,9,Normal
2026-02-16 10:47:48.451372,Seoul-f01a,3,89,Normal
2026-02-16 10:47:49.451372,Seoul-f01a,34,8,Normal
2026-02-16 10:47:50.451372,Seoul-f01a,11,3,Normal
2026-02-16 10:47:51.451372,Seoul-f01a,-4,14,Normal
2026-02-16 10:47:52.451372,Seoul-f01a,6,75,Normal
2026-02-16 10:47:53.451372,Seoul-f01a,11,28,Normal
2026-02-16 10:47:54.451372,Seoul-f01a,41,58,Normal
2026-02-16 10:47:55.451372,Seoul-f01a,7,13,Normal
2026-02-16 10:47:56.451372,Seoul-f01a,20,82,Normal
2026-02-16 10:47:57.451372,Seoul-f01a,-5,20,Normal
2026-02-16 10:47:58.451372,Seoul-f01a,30,66,Normal
2026-02-16 10:47:59.451372,Seoul-f01a,4,52,Normal
2026-02-16 10:48:00.451372,Seoul-f01a,-19,63,Normal
2026-02-16 10:48:01.451372,Seoul-f01a,47,64,Normal
2026-02-16 10:48:02.451372,Seoul-f01a,-19,28,Normal
2026-02-16 10:48:03.451372,Seoul-f01a,28,4,Normal
2026-02-16 10:48:04.451372,Seoul-f01a,-9,6,Normal
2026-02-16 10:48:05.451372,Seoul-f01a,-11,73,Normal
2026-02-16 10:48:06.451372,Seoul-f01a,17,11,Normal
2026-02-16 10:48:07.451372,Seoul-f01a,32,49,Normal
2026-02-16 10:48:08.451372,Seoul-f01a,16,79,Normal
2026-02-16 10:48:09.451372,Seoul-f01a,4,44,Normal
2026-02-16 10:48:10.451372,Seoul-f01a,8,28,Normal
2026-02-16 10:48:11.451372,Seoul-f01a,19,30,Normal
2026-02-16 10:48:12.451372,Seoul-f01a,45,73,Normal
2026-02-16 10:48:13.451372,Seoul-f01a,22,23,Normal
2026-02-16 10:48:14.451372,Seoul-f01a,21,36,Normal
2026-02-16 10:48:15.451372,Seoul-f01a,0,43,Normal
2026-02-16 10:48:16.451372,Seoul-f01a,-13,75,Normal
2026-02-16 10:48:17.451372,Seoul-f01a,-16,43,Normal
2026-02-16 10:48:18.451372,Seoul-f01a,-3,92,Normal
2026-02-16 10:48:19.451372,Seoul-f01a,-3,72,Normal
2026-02-16 10:48:20.451372,Seoul-f01a,-3,47,Normal
2026-02-16 10:48:21.451372,Seoul-f01a,27,50,Normal
2026-02-16 10:48:22.451372,Seoul-f01a,-1,65,Normal
2026-02-16 10:48:23.451372,Seoul-f01a,-23,77,Normal
2026-02-16 10:48:24.451372,Seoul-f01a,-18,60,Normal
2026-02-16 10:48:25.451372,Seoul-f01a,-12,55,Normal
2026-02-16 10:48:26.451372,Seoul-f01a,-10,64,Normal
2026-02-16 10:48:27.451372,Seoul-f01a,-20,90,Normal
2026-02-16 10:48:28.451372,Seoul-f01a,-7,63,Normal
2026-02-16 10:48:29.451372,Seoul-f01a,-22,99,Normal
2026-02-16 10:48:30.451372,Seoul-f01a,50,47,Normal
2026-02-16 10:48:31.451372,Seoul-f01a,16,76,Normal
2026-02-16 10:48:32.451372,Seoul-f01a,47,87,Normal
2026-02-16 10:48:33.451372,Seoul-f01a,-29,82,Normal
2026-02-16 10:48:34.451372,Seoul-f01a,-6,40,Normal
2026-02-16 10:48:35.451372,Seoul-f01a,12,100,Normal
2026-02-16 10:48:36.451372,Seoul-f01a,18,13,Normal
2026-02-16 10:48:37.451372,Seoul-f01a,-20,85,Normal
2026-02-16 10:48:38.451372,Seoul-f01a,27,19,Normal
2026-02-16 10:48:39.451372,Seoul-f01a,5,1,Normal
2026-02-16 10:48:40.451372,Seoul-f01a,41,59,Normal
2026-02-16 10:48:41.451372,Seoul-f01a,37,11,Normal
2026-02-16 10:48:42.451372,Seoul-f01a,4,9,Normal
2026-02-16 10:48:43.451372,Seoul-f01a,-16,48,Normal
2026-02-16 10:48:44.451372,Seoul-f01a,17,82,Normal
2026-02-16 10:48:45.451372,Seoul-f01a,4,37,Normal
2026-02-16 10:48:46.451372,Seoul-f01a,-3,11,Normal
2026-02-16 10:48:47.451372,Seoul-f01a,-24,67,Normal
2026-02-16 10:48:48.451372,Seoul-f01a,41,60,Normal
2026-02-16 10:48:49.451372,Seoul-f01a,-10,42,Normal
2026-02-16 10:48:50.451372,Seoul-f01a,-4,57,Normal
2026-02-16 10:48:51.451372,Seoul-f01a,-5,71,Normal
2026-02-16 10:48:52.451372,Seoul-f01a,43,18,Normal
2026-02-16 10:48:53.451372,Seoul-f01a,3,23,Normal
2026-02-16 10:48:54.451372,Seoul-f01a,50,27,Normal
2026-02-16 10:48:55.451372,Seoul-f01a,-26,11,Normal
2026-02-16 10:48:56.451372,Seoul-f01a,-18,9,Normal
2026-02-16 10:48:57.451372,Seoul-f01a,-28,8,Normal
2026-02-16 10:48:58.451372,Seoul-f01a,42,4,Normal
2026-02-16 10:48:59.451372,Seoul-f01a,30,95,Normal
2026-02-16 10:49:00.451372,Seoul-f01a,16,8,Normal
2026-02-16 10:49:01.451372,Seoul-f01a,47,96,Normal
2026-02-16 10:49:02.451372,Seoul-f01a,10,53,Normal
2026-02-16 10:49:03.451372,Seoul-f01a,4,3,Normal
2026-02-16 10:49:04.451372,Seoul-f01a,-28,21,Normal
2026-02-16 10:49:05.451372,Seoul-f01a,50,14,Normal
2026-02-16 10:49:06.451372,Seoul-f01a,8,66,Normal
2026-02-16 10:49:07.451372,Seoul-f01a,46,68,Normal
2026-02-16 10:49:08.451372,Seoul-f01a,49,55,Normal
2026-02-16 10:49:09.451372,Seoul-f01a,15,98,Normal
2026-02-16 10:49:10.451372,Seoul-f01a,12,56,Normal
2026-02-16 10:49:11.451372,Seoul-f01a,-29,56,Normal
2026-02-16 10:49:12.451372,Seoul-f01a,38,70,Normal
2026-02-16 10:49:13.451372,Seoul-f01a,38,8,Normal
2026-02-16 10:49:14.451372,Seoul-f01a,8,47,Normal
2026-02-16 10:49:15.451372,Seoul-f01a,-30,47,Normal
2026-02-16 10:49:16.451372,Seoul-f01a,27,0,Normal
2026-02-16 10:49:17.451372,Seoul-f01a,19,20,Normal
2026-02-16 10:49:18.451372,Seoul-f01a,-2,39,Normal
2026-02-16 10:49:19.451372,Seoul-f01a,41,64,Normal
2026-02-16 10:49:20.451372,Seoul-f01a,-27,25,Normal
2026-02-16 10:49:21.451372,Seoul-f01a,-19,33,Normal
2026-02-16 10:49:22.451372,Seoul-f01a,35,99,Normal
2026-02-16 10:49:23.451372,Seoul-f01a,-22,41,Normal
2026-02-16 10:49:24.451372,Seoul-f01a,-5,31,Normal
2026-02-16 10:49:25.451372,Seoul-f01a,-12,54,Normal
2026-02-16 10:49:26.451372,Seoul-f01a,26,73,Normal
2026-02-16 10:49:27.451372,Seoul-f01a,25,80,Normal
2026-02-16 10:49:28.451372,Seoul-f01a,-26,78,Normal
2026-02-16 10:49:29.451372,Seoul-f01a,-8,42,Normal
2026-02-16 10:49:30.451372,Seoul-f01a,-13,47,Normal
2026-02-16 10:49:31.451372,Seoul-f01a,20,10,Normal
2026-02-16 10:49:32.451372,Seoul-f01a,28,100,Normal
2026-02-16 10:49:33.451372,Seoul-f01a,-23,17,Normal
2026-02-16 10:49:34.451372,Seoul-f01a,47,84,Normal
2026-02-16 10:49:35.451372,Seoul-f01a,12,75,Normal
2026-02-16 10:49:36.451372,Seoul-f01a,-14,21,Normal
2026-02-16 10:49:37.451372,Seoul-f01a,13,6,Normal
2026-02-16 10:49:38.451372,Seoul-f01a,34,43,Normal
2026-02-16 10:49:39.451372,Seoul-f01a,47,64,Normal
2026-02-16 10:49:40.451372,Seoul-f01a,-28,41,Normal
2026-02-16 10:49:41.451372,Seoul-f01a,16,93,Normal
2026-02-16 10:49:42.451372,Seoul-f01a,-13,61,Normal
2026-02-16 10:49:43.451372,Seoul-f01a,1,25,Normal
2026-02-16 10:49:44.451372,Seoul-f01a,28,44,Normal
2026-02-16 10:49:45.451372,Seoul-f01a,1,38,Normal
2026-02-16 10:49:46.451372,Seoul-f01a,48,86,Normal
2026-02-16 10:49:47.451372,Seoul-f01a,24,21,Normal
2026-02-16 10:49:48.451372,Seoul-f01a,30,4,Normal
2026-02-16 10:49:49.451372,Seoul-f01a,12,78,Normal
2026-02-16 10:49:50.451372,Seoul-f01a,28,28,Normal
2026-02-16 10:49:51.451372,Seoul-f01a,-14,6,Normal
2026-02-16 10:49:52.451372,Seoul-f01a,-10,48,Normal
2026-02-16 10:49:53.451372,Seoul-f01a,40,32,Normal
2026-02-16 10:49:54.451372,Seoul-f01a,7,32,Normal
2026-02-16 10:49:55.451372,Seoul-f01a,14,83,Normal
2026-02-16 10:49:56.451372,Seoul-f01a,48,96,Normal
2026-02-16 10:49:57.451372,Seoul-f01a,16,33,Normal
2026-02-16 10:49:58.451372,Seoul-f01a,19,89,Normal
2026-02-16 10:49:59.451372,Seoul-f01a,16,47,Normal
2026-02-16 10:50:00.451372,Seoul-f01a,-3,50,Normal
2026-02-16 10:50:01.451372,Seoul-f01a,-7,23,Normal
2026-02-16 10:50:02.451372,Seoul-f01a,31,60,Normal
2026-02-16 10:50:03.451372,Seoul-f01a,-13,4,Normal
2026-02-16 10:50:04.451372,Seoul-f01a,-15,25,Normal
2026-02-16 10:50:05.451372,Seoul-f01a,27,78,Normal
2026-02-16 10:50:06.451372,Seoul-f01a,36,46,Normal
2026-02-16 10:50:07.451372,Seoul-f01a,40,20,Normal
2026-02-16 10:50:08.451372,Seoul-f01a,17,78,Normal
2026-02-16 10:50:09.451372,Seoul-f01a,21,89,Normal
2026-02-16 10:50:10.451372,Seoul-f01a,23,13,Normal
2026-02-16 10:50:11.451372,Seoul-f01a,-12,15,Normal
2026-02-16 10:50:12.451372,Seoul-f01a,44,52,Normal
2026-02-16 10:50:13.451372,Seoul-f01a,24,64,Normal
2026-02-16 10:50:14.451372,Seoul-f01a,49,34,Normal
2026-02-16 10:50:15.451372,Seoul-f01a,28,42,Normal
2026-02-16 10:50:16.451372,Seoul-f01a,41,94,Normal
2026-02-16 10:50:17.451372,Seoul-f01a,14,63,Normal
2026-02-16 10:50:18.451372,Seoul-f01a,19,40,Normal
2026-02-16 10:50:19.451372,Seoul-f01a,12,89,Normal
2026-02-16 10:50:20.451372,Seoul-f01a,44,57,Normal
2026-02-16 10:50:21.451372,Seoul-f01a,23,23,Normal
2026-02-16 10:50:22.451372,Seoul-f01a,20,76,Normal
2026-02-16 10:50:23.451372,Seoul-f01a,-15,19,Normal
2026-02-16 10:50:24.451372,Seoul-f01a,-30,46,Normal
2026-02-16 10:50:25.451372,Seoul-f01a,27,75,Normal
2026-02-16 10:50:26.451372,Seoul-f01a,3,0,Normal
2026-02-16 10:50:27.451372,Seoul-f01a,40,23,Normal
2026-02-16 10:50:28.451372,Seoul-f01a,-7,54,Normal
2026-02-16 10:50:29.451372,Seoul-f01a,45,37,Normal
2026-02-16 10:50:30.451372,Seoul-f01a,-27,99,Normal
2026-02-16 10:50:31.451372,Seoul-f01a,39,7,Normal
2026-02-16 10:50:32.451372,Seoul-f01a,-12,55,Normal
2026-02-16 10:50:33.451372,Seoul-f01a,3,74,Normal
2026-02-16 10:50:34.451372,Seoul-f01a,20,25,Normal
2026-02-16 10:50:35.451372,Seoul-f01a,-23,81,Normal
2026-02-16 10:50:36.451372,Seoul-f01a,16,49,Normal
2026-02-16 10:50:37.451372,Seoul-f01a,-11,83,Normal
2026-02-16 10:50:38.451372,Seoul-f01a,40,42,Normal
2026-02-16 10:50:39.451372,Seoul-f01a,-8,49,Normal
2026-02-16 10:50:40.451372,Seoul-f01a,14,99,Normal
2026-02-16 10:50:41.451372,Seoul-f01a,-3,41,Normal
2026-02-16 10:50:42.451372,Seoul-f01a,25,23,Normal
2026-02-16 10:50:43.451372,Seoul-f01a,-5,89,Normal
2026-02-16 10:50:44.451372,Seoul-f01a,11,69,Normal
2026-02-16 10:50:45.451372,Seoul-f01a,27,99,Normal
2026-02-16 10:50:46.451372,Seoul-f01a,-6,63,Normal
2026-02-16 10:50:47.451372,Seoul-f01a,33,2,Normal
2026-02-16 10:50:48.451372,Seoul-f01a,-6,50,Normal
2026-02-16 10:50:49.451372,Seoul-f01a,38,40,Normal
2026-02-16 10:50:50.451372,Seoul-f01a,46,96,Normal
2026-02-16 10:50:51.451372,Seoul-f01a,34,94,Normal
2026-02-16 10:50:52.451372,Seoul-f01a,-24,77,Normal
2026-02-16 10:50:53.451372,Seoul-f01a,-7,63,Normal
2026-02-16 10:50:54.451372,Seoul-f01a,-3,82,Normal
2026-02-16 10:50:55.451372,Seoul-f01a,-14,15,Normal
2026-02-16 10:50:56.451372,Seoul-f01a,34,47,Normal
2026-02-16 10:50:57.451372,Seoul-f01a,-25,56,Normal
2026-02-16 10:50:58.451372,Seoul-f01a,2,95,Normal
2026-02-16 10:50:59.451372,Seoul-f01a,-12,58,Normal
2026-02-16 10:51:00.451372,Seoul-f01a,43,41,Normal
2026-02-16 10:51:01.451372,Seoul-f01a,13,12,Normal
2026-02-16 10:51:02.451372,Seoul-f01a,-3,2,Normal
2026-02-16 10:51:03.451372,Seoul-f01a,45,61,Normal
2026-02-16 10:51:04.451372,Seoul-f01a,7,29,Normal
2026-02-16 10:51:05.451372,Seoul-f01a,-13,89,Normal
2026-02-16 10:51:06.451372,Seoul-f01a,-11,9,Normal
2026-02-16 10:51:07.451372,Seoul-f01a,13,57,Normal
2026-02-16 10:51:08.451372,Seoul-f01a,41,1,Normal
2026-02-16 10:51:09.451372,Seoul-f01a,21,35,Normal
2026-02-16 10:51:10.451372,Seoul-f01a,13,17,Normal
2026-02-16 10:51:11.451372,Seoul-f01a,-19,81,Normal
2026-02-16 10:51:12.451372,Seoul-f01a,49,61,Normal
2026-02-16 10:51:13.451372,Seoul-f01a,41,26,Normal
2026-02-16 10:51:14.451372,Seoul-f01a,-22,13,Normal
2026-02-16 10:51:15.451372,Seoul-f01a,-24,70,Normal
2026-02-16 10:51:16.451372,Seoul-f01a,-3,52,Normal
2026-02-16 10:51:17.451372,Seoul-f01a,42,29,Normal
2026-02-16 10:51:18.451372,Seoul-f01a,3,89,Normal
2026-02-16 10:51:19.451372,Seoul-f01a,12,60,Normal
2026-02-16 10:51:20.451372,Seoul-f01a,28,51,Normal
2026-02-16 10:51:21.451372,Seoul-f01a,44,39,Normal
2026-02-16 10:51:22.451372,Seoul-f01a,20,13,Normal
2026-02-16 10:51:23.451372,Seoul-f01a,-1,76,Normal
2026-02-16 10:51:24.451372,Seoul-f01a,-19,22,Normal
2026-02-16 10:51:25.451372,Seoul-f01a,14,29,Normal
2026-02-16 10:51:26.451372,Seoul-f01a,7,56,Normal
2026-02-16 10:51:27.451372,Seoul-f01a,21,19,Normal
2026-02-16 10:51:28.451372,Seoul-f01a,-25,20,Normal
2026-02-16 10:51:29.451372,Seoul-f01a,40,40,Normal
2026-02-16 10:51:30.451372,Seoul-f01a,44,1,Normal
2026-02-16 10:51:31.451372,Seoul-f01a,-9,63,Normal
2026-02-16 10:51:32.451372,Seoul-f01a,18,83,Normal
2026-02-16 10:51:33.451372,Seoul-f01a,49,68,Normal
2026-02-16 10:51:34.451372,Seoul-f01a,43,96,Normal
2026-02-16 10:51:35.451372,Seoul-f01a,8,40,Normal
2026-02-16 10:51:36.451372,Seoul-f01a,6,65,Normal
2026-02-16 10:51:37.451372,Seoul-f01a,4,47,Normal
2026-02-16 10:51:38.451372,Seoul-f01a,12,92,Normal
2026-02-16 10:51:39.451372,Seoul-f01a,24,74,Normal
2026-02-16 10:51:40.451372,Seoul-f01a,18,52,Normal
2026-02-16 10:51:41.451372,Seoul-f01a,39,66,Normal
2026-02-16 10:51:42.451372,Seoul-f01a,35,55,Normal
2026-02-16 10:51:43.451372,Seoul-f01a,39,49,Normal
2026-02-16 10:51:44.451372,Seoul-f01a,27,71,Normal
2026-02-16 10:51:45.451372,Seoul-f01a,25,53,Normal
2026-02-16 10:51:46.451372,Seoul-f01a,-12,27,Normal
2026-02-16 10:51:47.451372,Seoul-f01a,-23,37,Normal
2026-02-16 10:51:48.451372,Seoul-f01a,17,23,Normal
2026-02-16 10:51:49.451372,Seoul-f01a,-26,24,Normal
2026-02-16 10:51:50.451372,Seoul-f01a,41,10,Normal
2026-02-16 10:51:51.451372,Seoul-f01a,14,56,Normal
2026-02-16 10:51:52.451372,Seoul-f01a,-11,73,Normal
2026-02-16 10:51:53.451372,Seoul-f01a,17,9,Normal
2026-02-16 10:51:54.451372,Seoul-f01a,41,34,Normal
2026-02-16 10:51:55.451372,Seoul-f01a,30,43,Normal
2026-02-16 10:51:56.451372,Seoul-f01a,27,32,Normal
2026-02-16 10:51:57.451372,Seoul-f01a,22,57,Normal
2026-02-16 10:51:58.451372,Seoul-f01a,49,30,Normal
2026-02-16 10:51:59.451372,Seoul-f01a,0,11,Normal
2026-02-16 10:52:00.451372,Seoul-f01a,9,26,Normal
2026-02-16 10:52:01.451372,Seoul-f01a,-27,55,Normal
2026-02-16 10:52:02.451372,Seoul-f01a,-9,79,Normal
2026-02-16 10:52:03.451372,Seoul-f01a,5,64,Normal
2026-02-16 10:52:04.451372,Seoul-f01a,36,50,Normal
2026-02-16 10:52:05.451372,Seoul-f01a,31,90,Normal
2026-02-16 10:52:06.451372,Seoul-f01a,15,60,Normal
2026-02-16 10:52:07.451372,Seoul-f01a,49,71,Normal
2026-02-16 10:52:08.451372,Seoul-f01a,33,35,Normal
2026-02-16 10:52:09.451372,Seoul-f01a,25,3,Normal
2026-02-16 10:52:10.451372,Seoul-f01a,-1,67,Normal
2026-02-16 10:52:11.451372,Seoul-f01a,-2,59,Normal
2026-02-16 10:52:12.451372,Seoul-f01a,33,100,Normal
2026-02-16 10:52:13.451372,Seoul-f01a,47,30,Normal
2026-02-16 10:52:14.451372,Seoul-f01a,37,2,Normal
2026-02-16 10:52:15.451372,Seoul-f01a,29,67,Normal
2026-02-16 10:52:16.451372,Seoul-f01a,-9,72,Normal
2026-02-16 10:52:17.451372,Seoul-f01a,29,65,Normal
2026-02-16 10:52:18.451372,Seoul-f01a,-26,0,Normal
2026-02-16 10:52:19.451372,Seoul-f01a,21,21,Normal
2026-02-16 10:52:20.451372,Seoul-f01a,-2,53,Normal
2026-02-16 10:52:21.451372,Seoul-f01a,-2,67,Normal
2026-02-16 10:52:22.451372,Seoul-f01a,-10,32,Normal
2026-02-16 10:52:23.451372,Seoul-f01a,17,29,Normal
2026-02-16 10:52:24.451372,Seoul-f01a,-11,83,Normal
2026-02-16 10:52:25.451372,Seoul-f01a,46,25,Normal
2026-02-16 10:52:26.451372,Seoul-f01a,2,60,Normal
2026-02-16 10:52:27.451372,Seoul-f01a,23,47,Normal
2026-02-16 10:52:28.451372,Seoul-f01a,30,57,Normal
2026-02-16 10:52:29.451372,Seoul-f01a,16,76,Normal
2026-02-16 10:52:30.451372,Seoul-f01a,-5,98,Normal
2026-02-16 10:52:31.451372,Seoul-f01a,24,62,Normal
2026-02-16 10:52:32.451372,Seoul-f01a,36,97,Normal
2026-02-16 10:52:33.451372,Seoul-f01a,-7,47,Normal
2026-02-16 10:52:34.451372,Seoul-f01a,-14,43,Normal
2026-02-16 10:52:35.451372,Seoul-f01a,43,58,Normal
2026-02-16 10:52:36.451372,Seoul-f01a,20,46,Normal
2026-02-16 10:52:37.451372,Seoul-f01a,17,93,Normal
2026-02-16 10:52:38.451372,Seoul-f01a,-25,15,Normal
2026-02-16 10:52:39.451372,Seoul-f01a,-13,79,Normal
2026-02-16 10:52:40.451372,Seoul-f01a,1,6,Normal
2026-02-16 10:52:41.451372,Seoul-f01a,-22,6,Normal
2026-02-16 10:52:42.451372,Seoul-f01a,-18,49,Normal
2026-02-16 10:52:43.451372,Seoul-f01a,22,39,Normal
2026-02-16 10:52:44.451372,Seoul-f01a,-19,6,Normal
2026-02-16 10:52:45.451372,Seoul-f01a,0,10,Normal
2026-02-16 10:52:46.451372,Seoul-f01a,29,86,Normal
2026-02-16 10:52:47.451372,Seoul-f01a,14,28,Normal
2026-02-16 10:52:48.451372,Seoul-f01a,38,50,Normal
2026-02-16 10:52:49.451372,Seoul-f01a,5,67,Normal
2026-02-16 10:52:50.451372,Seoul-f01a,-24,40,Normal
2026-02-16 10:52:51.451372,Seoul-f01a,12,64,Normal
2026-02-16 10:52:52.451372,Seoul-f01a,-21,28,Normal
2026-02-16 10:52:53.451372,Seoul-f01a,7,37,Normal
2026-02-16 10:52:54.451372,Seoul-f01a,40,17,Normal
2026-02-16 10:52:55.451372,Seoul-f01a,49,6,Normal
2026-02-16 10:52:56.451372,Seoul-f01a,25,68,Normal
2026-02-16 10:52:57.451372,Seoul-f01a,-18,14,Normal
2026-02-16 10:52:58.451372,Seoul-f01a,-8,37,Normal
2026-02-16 10:52:59.451372,Seoul-f01a,-22,93,Normal
2026-02-16 10:53:00.451372,Seoul-f01a,-13,68,Normal
2026-02-16 10:53:01.451372,Seoul-f01a,7,43,Normal
2026-02-16 10:53:02.451372,Seoul-f01a,12,84,Normal
2026-02-16 10:53:03.451372,Seoul-f01a,40,21,Normal
2026-02-16 10:53:04.451372,Seoul-f01a,-27,58,Normal
2026-02-16 10:53:05.451372,Seoul-f01a,46,41,Normal
2026-02-16 10:53:06.451372,Seoul-f01a,50,65,Normal
2026-02-16 10:53:07.451372,Seoul-f01a,26,60,Normal
2026-02-16 10:53:08.451372,Seoul-f01a,6,58,Normal
2026-02-16 10:53:09.451372,Seoul-f01a,31,81,Normal
2026-02-16 10:53:10.451372,Seoul-f01a,15,90,Normal
2026-02-16 10:53:11.451372,Seoul-f01a,-12,100,Normal
2026-02-16 10:53:12.451372,Seoul-f01a,37,24,Normal
2026-02-16 10:53:13.451372,Seoul-f01a,45,67,Normal
2026-02-16 10:53:14.451372,Seoul-f01a,31,11,Normal
2026-02-16 10:53:15.451372,Seoul-f01a,1,59,Normal
2026-02-16 10:53:16.451372,Seoul-f01a,-11,32,Normal
2026-02-16 10:53:17.451372,Seoul-f01a,-4,83,Normal
2026-02-16 10:53:18.451372,Seoul-f01a,47,47,Normal
2026-02-16 10:53:19.451372,Seoul-f01a,-24,9,Normal
2026-02-16 10:53:20.451372,Seoul-f01a,43,50,Normal
2026-02-16 10:53:21.451372,Seoul-f01a,16,62,Normal
2026-02-16 10:53:22.451372,Seoul-f01a,42,67,Normal
2026-02-16 10:53:23.451372,Seoul-f01a,38,73,Normal
2026-02-16 10:53:24.451372,Seoul-f01a,14,37,Normal
2026-02-16 10:53:25.451372,Seoul-f01a,33,92,Normal
2026-02-16 10:53:26.451372,Seoul-f01a,13,90,Normal
2026-02-16 10:53:27.451372,Seoul-f01a,36,1,Normal
2026-02-16 10:53:28.451372,Seoul-f01a,7,68,Normal
2026-02-16 10:53:29.451372,Seoul-f01a,-18,24,Normal
2026-02-16 10:53:30.451372,Seoul-f01a,-25,95,Normal
2026-02-16 10:53:31.451372,Seoul-f01a,44,14,Normal
2026-02-16 10:53:32.451372,Seoul-f01a,-9,3,Normal
2026-02-16 10:53:33.451372,Seoul-f01a,-16,83,Normal
2026-02-16 10:53:34.451372,Seoul-f01a,39,85,Normal
2026-02-16 10:53:35.451372,Seoul-f01a,-9,46,Normal
2026-02-16 10:53:36.451372,Seoul-f01a,-9,89,Normal
2026-02-16 10:53:37.451372,Seoul-f01a,-19,19,Normal
2026-02-16 10:53:38.451372,Seoul-f01a,32,48,Normal
2026-02-16 10:53:39.451372,Seoul-f01a,48,93,Normal
2026-02-16 10:53:40.451372,Seoul-f01a,11,57,Normal
2026-02-16 10:53:41.451372,Seoul-f01a,-11,45,Normal
2026-02-16 10:53:42.451372,Seoul-f01a,-3,0,Normal
2026-02-16 10:53:43.451372,Seoul-f01a,24,47,Normal
2026-02-16 10:53:44.451372,Seoul-f01a,26,21,Normal
2026-02-16 10:53:45.451372,Seoul-f01a,42,48,Normal
2026-02-16 10:53:46.451372,Seoul-f01a,10,22,Normal
2026-02-16 10:53:47.451372,Seoul-f01a,12,12,Normal
2026-02-16 10:53:48.451372,Seoul-f01a,13,95,Normal
2026-02-16 10:53:49.451372,Seoul-f01a,-11,2,Normal
2026-02-16 10:53:50.451372,Seoul-f01a,17,16,Normal
2026-02-16 10:53:51.451372,Seoul-f01a,48,16,Normal
2026-02-16 10:53:52.451372,Seoul-f01a,49,36,Normal
2026-02-16 10:53:53.451372,Seoul-f01a,-1,48,Normal
2026-02-16 10:53:54.451372,Seoul-f01a,-20,66,Normal
2026-02-16 10:53:55.451372,Seoul-f01a,-18,77,Normal
2026-02-16 10:53:56.451372,Seoul-f01a,-3,23,Normal
2026-02-16 10:53:57.451372,Seoul-f01a,-9,17,Normal
2026-02-16 10:53:58.451372,Seoul-f01a,18,19,Normal
2026-02-16 10:53:59.451372,Seoul-f01a,48,66,Normal
2026-02-16 10:54:00.451372,Seoul-f01a,48,23,Normal
2026-02-16 10:54:01.451372,Seoul-f01a,-1,93,Normal
2026-02-16 10:54:02.451372,Seoul-f01a,41,95,Normal
2026-02-16 10:54:03.451372,Seoul-f01a,45,99,Normal
2026-02-16 10:54:04.451372,Seoul-f01a,12,59,Normal
2026-02-16 10:54:05.451372,Seoul-f01a,13,100,Normal
2026-02-16 10:54:06.451372,Seoul-f01a,29,63,Normal
2026-02-16 10:54:07.451372,Seoul-f01a,14,13,Normal
2026-02-16 10:54:08.451372,Seoul-f01a,7,42,Normal
2026-02-16 10:54:09.451372,Seoul-f01a,-20,97,Normal
2026-02-16 10:54:10.451372,Seoul-f01a,-8,74,Normal
2026-02-16 10:54:11.451372,Seoul-f01a,0,8,Normal
2026-02-16 10:54:12.451372,Seoul-f01a,-28,76,Normal
2026-02-16 10:54:13.451372,Seoul-f01a,-8,4,Normal
2026-02-16 10:54:14.451372,Seoul-f01a,40,68,Normal
2026-02-16 10:54:15.451372,Seoul-f01a,32,43,Normal
2026-02-16 10:54:16.451372,Seoul-f01a,-12,62,Normal
2026-02-16 10:54:17.451372,Seoul-f01a,33,42,Normal
2026-02-16 10:54:18.451372,Seoul-f01a,-30,63,Normal
2026-02-16 10:54:19.451372,Seoul-f01a,-27,45,Normal
2026-02-16 10:54:20.451372,Seoul-f01a,23,47,Normal
2026-02-16 10:54:21.451372,Seoul-f01a,-17,99,Normal
2026-02-16 10:54:22.451372,Seoul-f01a,23,91,Normal
2026-02-16 10:54:23.451372,Seoul-f01a,38,16,Normal
2026-02-16 10:54:24.451372,Seoul-f01a,-12,5,Normal
2026-02-16 10:54:25.451372,Seoul-f01a,27,51,Normal
2026-02-16 10:54:26.451372,Seoul-f01a,-10,37,Normal
2026-02-16 10:54:27.451372,Seoul-f01a,-29,65,Normal
2026-02-16 10:54:28.451372,Seoul-f01a,-14,43,Normal
2026-02-16 10:54:29.451372,Seoul-f01a,3,96,Normal
2026-02-16 10:54:30.451372,Seoul-f01a,0,88,Normal
2026-02-16 10:54:31.451372,Seoul-f01a,-8,12,Normal
2026-02-16 10:54:32.451372,Seoul-f01a,7,33,Normal
2026-02-16 10:54:33.451372,Seoul-f01a,-15,42,Normal
2026-02-16 10:54:34.451372,Seoul-f01a,29,13,Normal
2026-02-16 10:54:35.451372,Seoul-f01a,11,2,Normal
2026-02-16 10:54:36.451372,Seoul-f01a,4,55,Normal
2026-02-16 10:54:37.451372,Seoul-f01a,22,79,Normal
2026-02-16 10:54:38.451372,Seoul-f01a,44,95,Normal
2026-02-16 10:54:39.451372,Seoul-f01a,-11,46,Normal
2026-02-16 10:54:40.451372,Seoul-f01a,-6,11,Normal
2026-02-16 10:54:41.451372,Seoul-f01a,7,5,Normal
2026-02-16 10:54:42.451372,Seoul-f01a,21,90,Normal
2026-02-16 10:54:43.451372,Seoul-f01a,-29,12,Normal
2026-02-16 10:54:44.451372,Seoul-f01a,46,94,Normal
2026-02-16 10:54:45.451372,Seoul-f01a,17,36,Normal
2026-02-16 10:54:46.451372,Seoul-f01a,48,78,Normal
2026-02-16 10:54:47.451372,Seoul-f01a,24,38,Normal
2026-02-16 10:54:48.451372,Seoul-f01a,-15,56,Normal
2026-02-16 10:54:49.451372,Seoul-f01a,15,49,Normal
2026-02-16 10:54:50.451372,Seoul-f01a,8,87,Normal
2026-02-16 10:54:51.451372,Seoul-f01a,10,67,Normal
2026-02-16 10:54:52.451372,Seoul-f01a,29,0,Normal
2026-02-16 10:54:53.451372,Seoul-f01a,-6,83,Normal
2026-02-16 10:54:54.451372,Seoul-f01a,43,81,Normal
2026-02-16 10:54:55.451372,Seoul-f01a,-14,64,Normal
2026-02-16 10:54:56.451372,Seoul-f01a,37,48,Normal
2026-02-16 10:54:57.451372,Seoul-f01a,-27,43,Normal
2026-02-16 10:54:58.451372,Seoul-f01a,20,20,Normal
2026-02-16 10:54:59.451372,Seoul-f01a,-29,48,Normal
2026-02-16 10:55:00.451372,Seoul-f01a,12,70,Normal
2026-02-16 10:55:01.451372,Seoul-f01a,-15,48,Normal
2026-02-16 10:55:02.451372,Seoul-f01a,37,22,Normal
2026-02-16 10:55:03.451372,Seoul-f01a,2,84,Normal
2026-02-16 10:55:04.451372,Seoul-f01a,47,90,Normal
2026-02-16 10:55:05.451372,Seoul-f01a,-10,61,Normal
2026-02-16 10:55:06.451372,Seoul-f01a,19,78,Normal
2026-02-16 10:55:07.451372,Seoul-f01a,-5,25,Normal
2026-02-16 10:55:08.451372,Seoul-f01a,-14,12,Normal
2026-02-16 10:55:09.451372,Seoul-f01a,-29,54,Normal
2026-02-16 10:55:10.451372,Seoul-f01a,-26,76,Normal
2026-02-16 10:55:11.451372,Seoul-f01a,17,19,Normal
2026-02-16 10:55:12.451372,Seoul-f01a,1,53,Normal
2026-02-16 10:55:13.451372,Seoul-f01a,-3,64,Normal
2026-02-16 10:55:14.451372,Seoul-f01a,-9,96,Normal
2026-02-16 10:55:15.451372,Seoul-f01a,37,87,Normal
2026-02-16 10:55:16.451372,Seoul-f01a,-18,53,Normal
2026-02-16 10:55:17.451372,Seoul-f01a,46,50,Normal
2026-02-16 10:55:18.451372,Seoul-f01a,47,84,Normal
2026-02-16 10:55:19.451372,Seoul-f01a,23,15,Normal
2026-02-16 10:55:20.451372,Seoul-f01a,-30,69,Normal
2026-02-16 10:55:21.451372,Seoul-f01a,48,43,Normal
2026-02-16 10:55:22.451372,Seoul-f01a,18,12,Normal
2026-02-16 10:55:23.451372,Seoul-f01a,39,42,Normal
2026-02-16 10:55:24.451372,Seoul-f01a,-17,75,Normal
2026-02-16 10:55:25.451372,Seoul-f01a,8,98,Normal
2026-02-16 10:55:26.451372,Seoul-f01a,23,55,Normal
2026-02-16 10:55:27.451372,Seoul-f01a,13,97,Normal
2026-02-16 10:55:28.451372,Seoul-f01a,46,97,Normal
2026-02-16 10:55:29.451372,Seoul-f01a,32,28,Normal
2026-02-16 10:55:30.451372,Seoul-f01a,15,89,Normal
2026-02-16 10:55:31.451372,Seoul-f01a,0,73,Normal
2026-02-16 10:55:32.451372,Seoul-f01a,-5,41,Normal
2026-02-16 10:55:33.451372,Seoul-f01a,43,4,Normal
2026-02-16 10:55:34.451372,Seoul-f01a,-25,21,Normal
2026-02-16 10:55:35.451372,Seoul-f01a,22,49,Normal
2026-02-16 10:55:36.451372,Seoul-f01a,-19,3,Normal
2026-02-16 10:55:37.451372,Seoul-f01a,39,48,Normal
2026-02-16 10:55:38.451372,Seoul-f01a,35,86,Normal
2026-02-16 10:55:39.451372,Seoul-f01a,-14,49,Normal
2026-02-16 10:55:40.451372,Seoul-f01a,43,58,Normal
2026-02-16 10:55:41.451372,Seoul-f01a,8,50,Normal
2026-02-16 10:55:42.451372,Seoul-f01a,11,11,Normal
2026-02-16 10:55:43.451372,Seoul-f01a,31,14,Normal
2026-02-16 10:55:44.451372,Seoul-f01a,14,60,Normal
2026-02-16 10:55:45.451372,Seoul-f01a,-11,90,Normal
2026-02-16 10:55:46.451372,Seoul-f01a,4,96,Normal
2026-02-16 10:55:47.451372,Seoul-f01a,-9,25,Normal
2026-02-16 10:55:48.451372,Seoul-f01a,45,84,Normal
2026-02-16 10:55:49.451372,Seoul-f01a,5,59,Normal
2026-02-16 10:55:50.451372,Seoul-f01a,7,34,Normal
2026-02-16 10:55:51.451372,Seoul-f01a,18,89,Normal
2026-02-16 10:55:52.451372,Seoul-f01a,39,84,Normal
2026-02-16 10:55:53.451372,Seoul-f01a,-16,53,Normal
2026-02-16 10:55:54.451372,Seoul-f01a,-8,40,Normal
2026-02-16 10:55:55.451372,Seoul-f01a,-24,86,Normal
2026-02-16 10:55:56.451372,Seoul-f01a,29,18,Normal
2026-02-16 10:55:57.451372,Seoul-f01a,23,89,Normal
2026-02-16 10:55:58.451372,Seoul-f01a,-14,21,Normal
2026-02-16 10:55:59.451372,Seoul-f01a,35,76,Normal
2026-02-16 10:56:00.451372,Seoul-f01a,4,95,Normal
2026-02-16 10:56:01.451372,Seoul-f01a,-15,51,Normal
2026-02-16 10:56:02.451372,Seoul-f01a,37,36,Normal
2026-02-16 10:56:03.451372,Seoul-f01a,-6,43,Normal
2026-02-16 10:56:04.451372,Seoul-f01a,-4,72,Normal
2026-02-16 10:56:05.451372,Seoul-f01a,-29,11,Normal
2026-02-16 10:56:06.451372,Seoul-f01a,-30,5,Normal
2026-02-16 10:56:07.451372,Seoul-f01a,2,30,Normal
2026-02-16 10:56:08.451372,Seoul-f01a,44,85,Normal
2026-02-16 10:56:09.451372,Seoul-f01a,22,40,Normal
2026-02-16 10:56:10.451372,Seoul-f01a,31,86,Normal
2026-02-16 10:56:11.451372,Seoul-f01a,-8,51,Normal
2026-02-16 10:56:12.451372,Seoul-f01a,29,49,Normal
2026-02-16 10:56:13.451372,Seoul-f01a,45,64,Normal
2026-02-16 10:56:14.451372,Seoul-f01a,14,90,Normal
2026-02-16 10:56:15.451372,Seoul-f01a,27,37,Normal
2026-02-16 10:56:16.451372,Seoul-f01a,17,87,Normal
2026-02-16 10:56:17.451372,Seoul-f01a,26,2,Normal
2026-02-16 10:56:18.451372,Seoul-f01a,-11,45,Normal
2026-02-16 10:56:19.451372,Seoul-f01a,39,53,Normal
2026-02-16 10:56:20.451372,Seoul-f01a,35,89,Normal
2026-02-16 10:56:21.451372,Seoul-f01a,22,11,Normal
2026-02-16 10:56:22.451372,Seoul-f01a,44,40,Normal
2026-02-16 10:56:23.451372,Seoul-f01a,0,49,Normal
2026-02-16 10:56:24.451372,Seoul-f01a,9,29,Normal
2026-02-16 10:56:25.451372,Seoul-f01a,6,37,Normal
2026-02-16 10:56:26.451372,Seoul-f01a,-29,95,Normal
2026-02-16 10:56:27.451372,Seoul-f01a,-2,63,Normal
2026-02-16 10:56:28.451372,Seoul-f01a,50,6,Normal
2026-02-16 10:56:29.451372,Seoul-f01a,8,52,Normal
2026-02-16 10:56:30.451372,Seoul-f01a,39,30,Normal
2026-02-16 10:56:31.451372,Seoul-f01a,13,20,Normal
2026-02-16 10:56:32.451372,Seoul-f01a,-28,96,Normal
2026-02-16 10:56:33.451372,Seoul-f01a,22,61,Normal
2026-02-16 10:56:34.451372,Seoul-f01a,-30,64,Normal
2026-02-16 10:56:35.451372,Seoul-f01a,-20,9,Normal
2026-02-16 10:56:36.451372,Seoul-f01a,-20,46,Normal
2026-02-16 10:56:37.451372,Seoul-f01a,-7,62,Normal
2026-02-16 10:56:38.451372,Seoul-f01a,-15,50,Normal
2026-02-16 10:56:39.451372,Seoul-f01a,18,94,Normal
2026-02-16 10:56:40.451372,Seoul-f01a,11,98,Normal
2026-02-16 10:56:41.451372,Seoul-f01a,-5,47,Normal
2026-02-16 10:56:42.451372,Seoul-f01a,6,91,Normal
2026-02-16 10:56:43.451372,Seoul-f01a,30,34,Normal
2026-02-16 10:56:44.451372,Seoul-f01a,23,38,Normal
2026-02-16 10:56:45.451372,Seoul-f01a,17,35,Normal
2026-02-16 10:56:46.451372,Seoul-f01a,45,54,Normal
2026-02-16 10:56:47.451372,Seoul-f01a,5,36,Normal
2026-02-16 10:56:48.451372,Seoul-f01a,4,32,Normal
2026-02-16 10:56:49.451372,Seoul-f01a,10,53,Normal
2026-02-16 10:56:50.451372,Seoul-f01a,-11,26,Normal
2026-02-16 10:56:51.451372,Seoul-f01a,50,59,Normal
2026-02-16 10:56:52.451372,Seoul-f01a,-25,22,Normal
2026-02-16 10:56:53.451372,Seoul-f01a,-16,85,Normal
2026-02-16 10:56:54.451372,Seoul-f01a,34,33,Normal
2026-02-16 10:56:55.451372,Seoul-f01a,46,58,Normal
2026-02-16 10:56:56.451372,Seoul-f01a,37,8,Normal
2026-02-16 10:56:57.451372,Seoul-f01a,48,100,Normal
2026-02-16 10:56:58.451372,Seoul-f01a,-13,71,Normal
2026-02-16 10:56:59.451372,Seoul-f01a,7,83,Normal
2026-02-16 10:57:00.451372,Seoul-f01a,39,17,Normal
2026-02-16 10:57:01.451372,Seoul-f01a,41,97,Normal
2026-02-16 10:57:02.451372,Seoul-f01a,6,81,Normal
2026-02-16 10:57:03.451372,Seoul-f01a,-16,7,Normal
2026-02-16 10:57:04.451372,Seoul-f01a,15,64,Normal
2026-02-16 10:57:05.451372,Seoul-f01a,-28,68,Normal
