timestamp,station_id,temp,humid,condition
2026-02-16 17:05:35.816696,Toronto-c8c6,-25,17,Normal
2026-02-16 17:05:36.816696,Toronto-c8c6,2,25,Normal
2026-02-16 17:05:37.816696,Toronto-c8c6,36,12,Normal
2026-02-16 17:05:38.816696,Toronto-c8c6,-30,90,Normal
2026-02-16 17:05:39.816696,Toronto-c8c6,-18,46,Normal
2026-02-16 17:05:40.816696,Toronto-c8c6,-13,26,Normal
2026-02-16 17:05:41.816696,Toronto-c8c6,21,38,Normal
2026-02-16 17:05:42.816696,Toronto-c8c6,-18,62,Normal
2026-02-16 17:05:43.816696,Toronto-c8c6,12,55,Normal
2026-02-16 17:05:44.816696,Toronto-c8c6,10,95,Normal
2026-02-16 17:05:45.816696,Toronto-c8c6,-26,67,Normal
2026-02-16 17:05:46.816696,Toronto-c8c6,49,91,Normal
2026-02-16 17:05:47.816696,Toronto-c8c6,17,20,Normal
2026-02-16 17:05:48.816696,Toronto-c8c6,49,91,Normal
2026-02-16 17:05:49.816696,Toronto-c8c6,42,36,Normal
2026-02-16 17:05:50.816696,Toronto-c8c6,43,60,Normal
2026-02-16 17:05:51.816696,Toronto-c8c6,41,96,Normal
2026-02-16 17:05:52.816696,Toronto-c8c6,30,24,Normal
2026-02-16 17:05:53.816696,Toronto-c8c6,-10,67,Normal
2026-02-16 17:05:54.816696,Toronto-c8c6,-2,37,Normal
2026-02-16 17:05:55.816696,Toronto-c8c6,45,73,Normal
2026-02-16 17:05:56.816696,Toronto-c8c6,32,95,Normal
2026-02-16 17:05:57.816696,Toronto-c8c6,29,2,Normal
2026-02-16 17:05:58.816696,Toronto-c8c6,43,30,Normal
2026-02-16 17:05:59.816696,Toronto-c8c6,33,28,Normal
2026-02-16 17:06:00.816696,Toronto-c8c6,10,81,Normal
2026-02-16 17:06:01.816696,Toronto-c8c6,-23,13,Normal
2026-02-16 17:06:02.816696,Toronto-c8c6,38,31,Normal
2026-02-16 17:06:03.816696,Toronto-c8c6,-18,29,Normal
2026-02-16 17:06:04.816696,Toronto-c8c6,-14,12,Normal
2026-02-16 17:06:05.816696,Toronto-c8c6,6,27,Normal
2026-02-16 17:06:06.816696,Toronto-c8c6,-19,24,Normal
2026-02-16 17:06:07.816696,Toronto-c8c6,36,50,Normal
2026-02-16 17:06:08.816696,Toronto-c8c6,20,43,Normal
2026-02-16 17:06:09.816696,Toronto-c8c6,-23,12,Normal
2026-02-16 17:06:10.816696,Toronto-c8c6,6,70,Normal
2026-02-16 17:06:11.816696,Toronto-c8c6,10,20,Normal
2026-02-16 17:06:12.816696,Toronto-c8c6,-11,1,Normal
2026-02-16 17:06:13.816696,Toronto-c8c6,-22,74,Normal
2026-02-16 17:06:14.816696,Toronto-c8c6,0,75,Normal
2026-02-16 17:06:15.816696,Toronto-c8c6,10,83,Normal
2026-02-16 17:06:16.816696,Toronto-c8c6,7,23,Normal
2026-02-16 17:06:17.816696,Toronto-c8c6,26,44,Normal
2026-02-16 17:06:18.816696,Toronto-c8c6,24,48,Normal
2026-02-16 17:06:19.816696,Toronto-c8c6,-24,45,Normal
2026-02-16 17:06:20.816696,Toronto-c8c6,37,55,Normal
2026-02-16 17:06:21.816696,Toronto-c8c6,-16,87,Normal
2026-02-16 17:06:22.816696,Toronto-c8c6,-13,52,Normal
2026-02-16 17:06:23.816696,Toronto-c8c6,-1,35,Normal
2026-02-16 17:06:24.816696,Toronto-c8c6,-10,0,Normal
2026-02-16 17:06:25.816696,Toronto-c8c6,-8,91,Normal
2026-02-16 17:06:26.816696,Toronto-c8c6,40,62,Normal
2026-02-16 17:06:27.816696,Toronto-c8c6,49,24,Normal
2026-02-16 17:06:28.816696,Toronto-c8c6,-12,3,Normal
2026-02-16 17:06:29.816696,Toronto-c8c6,27,97,Normal
2026-02-16 17:06:30.816696,Toronto-c8c6,-6,100,Normal
2026-02-16 17:06:31.816696,Toronto-c8c6,32,79,Normal
2026-02-16 17:06:32.816696,Toronto-c8c6,18,41,Normal
2026-02-16 17:06:33.816696,Toronto-c8c6,39,88,Normal
2026-02-16 17:06:34.816696,Toronto-c8c6,10,1,Normal
2026-02-16 17:06:35.816696,Toronto-c8c6,-22,38,Normal
2026-02-16 17:06:36.816696,Toronto-c8c6,-19,21,Normal
2026-02-16 17:06:37.816696,Toronto-c8c6,49,33,Normal
2026-02-16 17:06:38.816696,Toronto-c8c6,14,55,Normal
2026-02-16 17:06:39.816696,Toronto-c8c6,5,66,Normal
2026-02-16 17:06:40.816696,Toronto-c8c6,31,93,Normal
2026-02-16 17:06:41.816696,Toronto-c8c6,4,17,Normal
2026-02-16 17:06:42.816696,Toronto-c8c6,-22,64,Normal
2026-02-16 17:06:43.816696,Toronto-c8c6,30,38,Normal
2026-02-16 17:06:44.816696,Toronto-c8c6,-19,93,Normal
2026-02-16 17:06:45.816696,Toronto-c8c6,35,59,Normal
2026-02-16 17:06:46.816696,Toronto-c8c6,5,91,Normal
2026-02-16 17:06:47.816696,Toronto-c8c6,-1,68,Normal
2026-02-16 17:06:48.816696,Toronto-c8c6,19,36,Normal
2026-02-16 17:06:49.816696,Toronto-c8c6,30,91,Normal
2026-02-16 17:06:50.816696,Toronto-c8c6,0,4,Normal
2026-02-16 17:06:51.816696,Toronto-c8c6,47,16,Normal
2026-02-16 17:06:52.816696,Toronto-c8c6,37,6,Normal
2026-02-16 17:06:53.816696,Toronto-c8c6,36,48,Normal
2026-02-16 17:06:54.816696,Toronto-c8c6,42,61,Normal
2026-02-16 17:06:55.816696,Toronto-c8c6,-23,33,Normal
2026-02-16 17:06:56.816696,Toronto-c8c6,-11,12,Normal
2026-02-16 17:06:57.816696,Toronto-c8c6,41,98,Normal
2026-02-16 17:06:58.816696,Toronto-c8c6,-6,98,Normal
2026-02-16 17:06:59.816696,Toronto-c8c6,-25,74,Normal
2026-02-16 17:07:00.816696,Toronto-c8c6,27,6,Normal
2026-02-16 17:07:01.816696,Toronto-c8c6,-8,77,Normal
2026-02-16 17:07:02.816696,Toronto-c8c6,-7,37,Normal
2026-02-16 17:07:03.816696,Toronto-c8c6,-16,3,Normal
2026-02-16 17:07:04.816696,Toronto-c8c6,21,7,Normal
2026-02-16 17:07:05.816696,Toronto-c8c6,47,30,Normal
2026-02-16 17:07:06.816696,Toronto-c8c6,49,66,Normal
2026-02-16 17:07:07.816696,Toronto-c8c6,38,96,Normal
2026-02-16 17:07:08.816696,Toronto-c8c6,43,2,Normal
2026-02-16 17:07:09.816696,Toronto-c8c6,47,13,Normal
2026-02-16 17:07:10.816696,Toronto-c8c6,2,11,Normal
2026-02-16 17:07:11.816696,Toronto-c8c6,17,60,Normal
2026-02-16 17:07:12.816696,Toronto-c8c6,-16,6,Normal
2026-02-16 17:07:13.816696,Toronto-c8c6,50,73,Normal
2026-02-16 17:07:14.816696,Toronto-c8c6,0,2,Normal
2026-02-16 17:07:15.816696,Toronto-c8c6,27,4,Normal
2026-02-16 17:07:16.816696,Toronto-c8c6,-19,10,Normal
2026-02-16 17:07:17.816696,Toronto-c8c6,-19,1,Normal
2026-02-16 17:07:18.816696,Toronto-c8c6,4,24,Normal
2026-02-16 17:07:19.816696,Toronto-c8c6,38,93,Normal
2026-02-16 17:07:20.816696,Toronto-c8c6,-7,3,Normal
2026-02-16 17:07:21.816696,Toronto-c8c6,10,89,Normal
2026-02-16 17:07:22.816696,Toronto-c8c6,-26,16,Normal
2026-02-16 17:07:23.816696,Toronto-c8c6,-8,49,Normal
2026-02-16 17:07:24.816696,Toronto-c8c6,-28,38,Normal
2026-02-16 17:07:25.816696,Toronto-c8c6,-10,1,Normal
2026-02-16 17:07:26.816696,Toronto-c8c6,34,62,Normal
2026-02-16 17:07:27.816696,Toronto-c8c6,-5,21,Normal
2026-02-16 17:07:28.816696,Toronto-c8c6,46,6,Normal
2026-02-16 17:07:29.816696,Toronto-c8c6,42,99,Normal
2026-02-16 17:07:30.816696,Toronto-c8c6,36,71,Normal
2026-02-16 17:07:31.816696,Toronto-c8c6,2,37,Normal
2026-02-16 17:07:32.816696,Toronto-c8c6,-17,28,Normal
2026-02-16 17:07:33.816696,Toronto-c8c6,-20,56,Normal
2026-02-16 17:07:34.816696,Toronto-c8c6,18,55,Normal
2026-02-16 17:07:35.816696,Toronto-c8c6,12,92,Normal
2026-02-16 17:07:36.816696,Toronto-c8c6,-11,76,Normal
2026-02-16 17:07:37.816696,Toronto-c8c6,39,98,Normal
2026-02-16 17:07:38.816696,Toronto-c8c6,50,1,Normal
2026-02-16 17:07:39.816696,Toronto-c8c6,18,17,Normal
2026-02-16 17:07:40.816696,Toronto-c8c6,13,80,Normal
2026-02-16 17:07:41.816696,Toronto-c8c6,-15,58,Normal
2026-02-16 17:07:42.816696,Toronto-c8c6,50,63,Normal
2026-02-16 17:07:43.816696,Toronto-c8c6,13,92,Normal
2026-02-16 17:07:44.816696,Toronto-c8c6,37,48,Normal
2026-02-16 17:07:45.816696,Toronto-c8c6,45,82,Normal
2026-02-16 17:07:46.816696,Toronto-c8c6,38,20,Normal
2026-02-16 17:07:47.816696,Toronto-c8c6,-28,66,Normal
2026-02-16 17:07:48.816696,Toronto-c8c6,22,27,Normal
2026-02-16 17:07:49.816696,Toronto-c8c6,36,65,Normal
2026-02-16 17:07:50.816696,Toronto-c8c6,31,19,Normal
2026-02-16 17:07:51.816696,Toronto-c8c6,0,44,Normal
2026-02-16 17:07:52.816696,Toronto-c8c6,-10,93,Normal
2026-02-16 17:07:53.816696,Toronto-c8c6,29,50,Normal
2026-02-16 17:07:54.816696,Toronto-c8c6,-18,38,Normal
2026-02-16 17:07:55.816696,Toronto-c8c6,-14,26,Normal
2026-02-16 17:07:56.816696,Toronto-c8c6,31,96,Normal
2026-02-16 17:07:57.816696,Toronto-c8c6,16,88,Normal
2026-02-16 17:07:58.816696,Toronto-c8c6,-10,35,Normal
2026-02-16 17:07:59.816696,Toronto-c8c6,24,61,Normal
2026-02-16 17:08:00.816696,Toronto-c8c6,-15,46,Normal
2026-02-16 17:08:01.816696,Toronto-c8c6,12,27,Normal
2026-02-16 17:08:02.816696,Toronto-c8c6,18,5,Normal
2026-02-16 17:08:03.816696,Toronto-c8c6,13,4,Normal
2026-02-16 17:08:04.816696,Toronto-c8c6,50,80,Normal
2026-02-16 17:08:05.816696,Toronto-c8c6,6,36,Normal
2026-02-16 17:08:06.816696,Toronto-c8c6,33,3,Normal
2026-02-16 17:08:07.816696,Toronto-c8c6,12,57,Normal
2026-02-16 17:08:08.816696,Toronto-c8c6,6,10,Normal
2026-02-16 17:08:09.816696,Toronto-c8c6,13,48,Normal
2026-02-16 17:08:10.816696,Toronto-c8c6,49,54,Normal
2026-02-16 17:08:11.816696,Toronto-c8c6,25,38,Normal
2026-02-16 17:08:12.816696,Toronto-c8c6,26,78,Normal
2026-02-16 17:08:13.816696,Toronto-c8c6,49,4,Normal
2026-02-16 17:08:14.816696,Toronto-c8c6,34,74,Normal
2026-02-16 17:08:15.816696,Toronto-c8c6,45,41,Normal
2026-02-16 17:08:16.816696,Toronto-c8c6,46,98,Normal
2026-02-16 17:08:17.816696,Toronto-c8c6,46,17,Normal
2026-02-16 17:08:18.816696,Toronto-c8c6,1,22,Normal
2026-02-16 17:08:19.816696,Toronto-c8c6,-10,39,Normal
2026-02-16 17:08:20.816696,Toronto-c8c6,-2,51,Normal
2026-02-16 17:08:21.816696,Toronto-c8c6,18,68,Normal
2026-02-16 17:08:22.816696,Toronto-c8c6,-18,0,Normal
2026-02-16 17:08:23.816696,Toronto-c8c6,-21,1,Normal
2026-02-16 17:08:24.816696,Toronto-c8c6,21,8,Normal
2026-02-16 17:08:25.816696,Toronto-c8c6,34,68,Normal
2026-02-16 17:08:26.816696,Toronto-c8c6,-21,42,Normal
2026-02-16 17:08:27.816696,Toronto-c8c6,41,89,Normal
2026-02-16 17:08:28.816696,Toronto-c8c6,-26,20,Normal
2026-02-16 17:08:29.816696,Toronto-c8c6,4,24,Normal
2026-02-16 17:08:30.816696,Toronto-c8c6,-21,41,Normal
2026-02-16 17:08:31.816696,Toronto-c8c6,34,35,Normal
2026-02-16 17:08:32.816696,Toronto-c8c6,-1,64,Normal
2026-02-16 17:08:33.816696,Toronto-c8c6,40,100,Normal
2026-02-16 17:08:34.816696,Toronto-c8c6,9,98,Normal
2026-02-16 17:08:35.816696,Toronto-c8c6,13,9,Normal
2026-02-16 17:08:36.816696,Toronto-c8c6,36,40,Normal
2026-02-16 17:08:37.816696,Toronto-c8c6,11,5,Normal
2026-02-16 17:08:38.816696,Toronto-c8c6,0,33,Normal
2026-02-16 17:08:39.816696,Toronto-c8c6,3,2,Normal
2026-02-16 17:08:40.816696,Toronto-c8c6,7,47,Normal
2026-02-16 17:08:41.816696,Toronto-c8c6,23,50,Normal
2026-02-16 17:08:42.816696,Toronto-c8c6,-12,51,Normal
2026-02-16 17:08:43.816696,Toronto-c8c6,18,16,Normal
2026-02-16 17:08:44.816696,Toronto-c8c6,-2,12,Normal
2026-02-16 17:08:45.816696,Toronto-c8c6,4,77,Normal
2026-02-16 17:08:46.816696,Toronto-c8c6,-10,51,Normal
2026-02-16 17:08:47.816696,Toronto-c8c6,23,35,Normal
2026-02-16 17:08:48.816696,Toronto-c8c6,-30,60,Normal
2026-02-16 17:08:49.816696,Toronto-c8c6,40,53,Normal
2026-02-16 17:08:50.816696,Toronto-c8c6,23,42,Normal
2026-02-16 17:08:51.816696,Toronto-c8c6,-29,43,Normal
2026-02-16 17:08:52.816696,Toronto-c8c6,-27,11,Normal
2026-02-16 17:08:53.816696,Toronto-c8c6,14,63,Normal
2026-02-16 17:08:54.816696,Toronto-c8c6,36,90,Normal
2026-02-16 17:08:55.816696,Toronto-c8c6,28,43,Normal
2026-02-16 17:08:56.816696,Toronto-c8c6,20,87,Normal
2026-02-16 17:08:57.816696,Toronto-c8c6,-4,52,Normal
2026-02-16 17:08:58.816696,Toronto-c8c6,-12,36,Normal
2026-02-16 17:08:59.816696,Toronto-c8c6,28,16,Normal
2026-02-16 17:09:00.816696,Toronto-c8c6,-8,16,Normal
2026-02-16 17:09:01.816696,Toronto-c8c6,34,2,Normal
2026-02-16 17:09:02.816696,Toronto-c8c6,-22,67,Normal
2026-02-16 17:09:03.816696,Toronto-c8c6,32,25,Normal
2026-02-16 17:09:04.816696,Toronto-c8c6,41,90,Normal
2026-02-16 17:09:05.816696,Toronto-c8c6,15,26,Normal
2026-02-16 17:09:06.816696,Toronto-c8c6,32,58,Normal
2026-02-16 17:09:07.816696,Toronto-c8c6,2,18,Normal
2026-02-16 17:09:08.816696,Toronto-c8c6,24,53,Normal
2026-02-16 17:09:09.816696,Toronto-c8c6,3,16,Normal
2026-02-16 17:09:10.816696,Toronto-c8c6,42,32,Normal
2026-02-16 17:09:11.816696,Toronto-c8c6,17,2,Normal
2026-02-16 17:09:12.816696,Toronto-c8c6,-16,65,Normal
2026-02-16 17:09:13.816696,Toronto-c8c6,23,10,Normal
2026-02-16 17:09:14.816696,Toronto-c8c6,-26,1,Normal
2026-02-16 17:09:15.816696,Toronto-c8c6,40,65,Normal
2026-02-16 17:09:16.816696,Toronto-c8c6,-30,99,Normal
2026-02-16 17:09:17.816696,Toronto-c8c6,11,53,Normal
2026-02-16 17:09:18.816696,Toronto-c8c6,23,2,Normal
2026-02-16 17:09:19.816696,Toronto-c8c6,-19,8,Normal
2026-02-16 17:09:20.816696,Toronto-c8c6,-14,38,Normal
2026-02-16 17:09:21.816696,Toronto-c8c6,-14,82,Normal
2026-02-16 17:09:22.816696,Toronto-c8c6,35,73,Normal
2026-02-16 17:09:23.816696,Toronto-c8c6,-27,57,Normal
2026-02-16 17:09:24.816696,Toronto-c8c6,26,17,Normal
2026-02-16 17:09:25.816696,Toronto-c8c6,32,94,Normal
2026-02-16 17:09:26.816696,Toronto-c8c6,13,49,Normal
2026-02-16 17:09:27.816696,Toronto-c8c6,45,50,Normal
2026-02-16 17:09:28.816696,Toronto-c8c6,36,60,Normal
2026-02-16 17:09:29.816696,Toronto-c8c6,46,88,Normal
2026-02-16 17:09:30.816696,Toronto-c8c6,36,55,Normal
2026-02-16 17:09:31.816696,Toronto-c8c6,-28,98,Normal
2026-02-16 17:09:32.816696,Toronto-c8c6,9,32,Normal
2026-02-16 17:09:33.816696,Toronto-c8c6,24,77,Normal
2026-02-16 17:09:34.816696,Toronto-c8c6,22,3,Normal
2026-02-16 17:09:35.816696,Toronto-c8c6,-17,6,Normal
2026-02-16 17:09:36.816696,Toronto-c8c6,30,89,Normal
2026-02-16 17:09:37.816696,Toronto-c8c6,-26,78,Normal
2026-02-16 17:09:38.816696,Toronto-c8c6,49,5,Normal
2026-02-16 17:09:39.816696,Toronto-c8c6,1,9,Normal
2026-02-16 17:09:40.816696,Toronto-c8c6,-22,50,Normal
2026-02-16 17:09:41.816696,Toronto-c8c6,2,7,Normal
2026-02-16 17:09:42.816696,Toronto-c8c6,-14,78,Normal
2026-02-16 17:09:43.816696,Toronto-c8c6,33,1,Normal
2026-02-16 17:09:44.816696,Toronto-c8c6,-2,26,Normal
2026-02-16 17:09:45.816696,Toronto-c8c6,2,97,Normal
2026-02-16 17:09:46.816696,Toronto-c8c6,-11,50,Normal
2026-02-16 17:09:47.816696,Toronto-c8c6,27,6,Normal
2026-02-16 17:09:48.816696,Toronto-c8c6,45,48,Normal
2026-02-16 17:09:49.816696,Toronto-c8c6,27,24,Normal
2026-02-16 17:09:50.816696,Toronto-c8c6,10,10,Normal
2026-02-16 17:09:51.816696,Toronto-c8c6,11,82,Normal
2026-02-16 17:09:52.816696,Toronto-c8c6,-26,26,Normal
2026-02-16 17:09:53.816696,Toronto-c8c6,-5,65,Normal
2026-02-16 17:09:54.816696,Toronto-c8c6,13,61,Normal
2026-02-16 17:09:55.816696,Toronto-c8c6,29,33,Normal
2026-02-16 17:09:56.816696,Toronto-c8c6,-1,2,Normal
2026-02-16 17:09:57.816696,Toronto-c8c6,-28,37,Normal
2026-02-16 17:09:58.816696,Toronto-c8c6,24,35,Normal
2026-02-16 17:09:59.816696,Toronto-c8c6,36,25,Normal
2026-02-16 17:10:00.816696,Toronto-c8c6,22,84,Normal
2026-02-16 17:10:01.816696,Toronto-c8c6,-9,0,Normal
2026-02-16 17:10:02.816696,Toronto-c8c6,-9,32,Normal
2026-02-16 17:10:03.816696,Toronto-c8c6,49,46,Normal
2026-02-16 17:10:04.816696,Toronto-c8c6,45,1,Normal
2026-02-16 17:10:05.816696,Toronto-c8c6,12,33,Normal
2026-02-16 17:10:06.816696,Toronto-c8c6,37,43,Normal
2026-02-16 17:10:07.816696,Toronto-c8c6,-29,35,Normal
2026-02-16 17:10:08.816696,Toronto-c8c6,-10,83,Normal
2026-02-16 17:10:09.816696,Toronto-c8c6,7,8,Normal
2026-02-16 17:10:10.816696,Toronto-c8c6,-24,31,Normal
2026-02-16 17:10:11.816696,Toronto-c8c6,-19,49,Normal
2026-02-16 17:10:12.816696,Toronto-c8c6,15,15,Normal
2026-02-16 17:10:13.816696,Toronto-c8c6,-27,77,Normal
2026-02-16 17:10:14.816696,Toronto-c8c6,-21,72,Normal
2026-02-16 17:10:15.816696,Toronto-c8c6,11,41,Normal
2026-02-16 17:10:16.816696,Toronto-c8c6,26,44,Normal
2026-02-16 17:10:17.816696,Toronto-c8c6,27,42,Normal
2026-02-16 17:10:18.816696,Toronto-c8c6,-8,34,Normal
2026-02-16 17:10:19.816696,Toronto-c8c6,22,70,Normal
2026-02-16 17:10:20.816696,Toronto-c8c6,-1,34,Normal
2026-02-16 17:10:21.816696,Toronto-c8c6,33,26,Normal
2026-02-16 17:10:22.816696,Toronto-c8c6,-1,31,Normal
2026-02-16 17:10:23.816696,Toronto-c8c6,-2,22,Normal
2026-02-16 17:10:24.816696,Toronto-c8c6,1,19,Normal
2026-02-16 17:10:25.816696,Toronto-c8c6,-25,64,Normal
2026-02-16 17:10:26.816696,Toronto-c8c6,-19,11,Normal
2026-02-16 17:10:27.816696,Toronto-c8c6,31,46,Normal
2026-02-16 17:10:28.816696,Toronto-c8c6,-22,93,Normal
2026-02-16 17:10:29.816696,Toronto-c8c6,25,28,Normal
2026-02-16 17:10:30.816696,Toronto-c8c6,39,96,Normal
2026-02-16 17:10:31.816696,Toronto-c8c6,-4,11,Normal
2026-02-16 17:10:32.816696,Toronto-c8c6,9,63,Normal
2026-02-16 17:10:33.816696,Toronto-c8c6,-22,47,Normal
2026-02-16 17:10:34.816696,Toronto-c8c6,1,62,Normal
2026-02-16 17:10:35.816696,Toronto-c8c6,23,70,Normal
2026-02-16 17:10:36.816696,Toronto-c8c6,41,57,Normal
2026-02-16 17:10:37.816696,Toronto-c8c6,13,46,Normal
2026-02-16 17:10:38.816696,Toronto-c8c6,26,75,Normal
2026-02-16 17:10:39.816696,Toronto-c8c6,25,51,Normal
2026-02-16 17:10:40.816696,Toronto-c8c6,21,40,Normal
2026-02-16 17:10:41.816696,Toronto-c8c6,-27,46,Normal
2026-02-16 17:10:42.816696,Toronto-c8c6,42,54,Normal
2026-02-16 17:10:43.816696,Toronto-c8c6,28,1,Normal
2026-02-16 17:10:44.816696,Toronto-c8c6,27,27,Normal
2026-02-16 17:10:45.816696,Toronto-c8c6,-10,42,Normal
2026-02-16 17:10:46.816696,Toronto-c8c6,15,99,Normal
2026-02-16 17:10:47.816696,Toronto-c8c6,-3,45,Normal
2026-02-16 17:10:48.816696,Toronto-c8c6,17,0,Normal
2026-02-16 17:10:49.816696,Toronto-c8c6,31,96,Normal
2026-02-16 17:10:50.816696,Toronto-c8c6,12,52,Normal
2026-02-16 17:10:51.816696,Toronto-c8c6,-3,33,Normal
2026-02-16 17:10:52.816696,Toronto-c8c6,43,30,Normal
2026-02-16 17:10:53.816696,Toronto-c8c6,9,79,Normal
2026-02-16 17:10:54.816696,Toronto-c8c6,50,18,Normal
2026-02-16 17:10:55.816696,Toronto-c8c6,40,61,Normal
2026-02-16 17:10:56.816696,Toronto-c8c6,-30,22,Normal
2026-02-16 17:10:57.816696,Toronto-c8c6,-9,45,Normal
2026-02-16 17:10:58.816696,Toronto-c8c6,21,87,Normal
2026-02-16 17:10:59.816696,Toronto-c8c6,-24,88,Normal
2026-02-16 17:11:00.816696,Toronto-c8c6,-24,81,Normal
2026-02-16 17:11:01.816696,Toronto-c8c6,38,88,Normal
2026-02-16 17:11:02.816696,Toronto-c8c6,-17,54,Normal
2026-02-16 17:11:03.816696,Toronto-c8c6,35,78,Normal
2026-02-16 17:11:04.816696,Toronto-c8c6,44,12,Normal
2026-02-16 17:11:05.816696,Toronto-c8c6,-30,81,Normal
2026-02-16 17:11:06.816696,Toronto-c8c6,-5,2,Normal
2026-02-16 17:11:07.816696,Toronto-c8c6,44,98,Normal
2026-02-16 17:11:08.816696,Toronto-c8c6,4,94,Normal
2026-02-16 17:11:09.816696,Toronto-c8c6,-19,18,Normal
2026-02-16 17:11:10.816696,Toronto-c8c6,44,26,Normal
2026-02-16 17:11:11.816696,Toronto-c8c6,-16,9,Normal
2026-02-16 17:11:12.816696,Toronto-c8c6,-23,5,Normal
2026-02-16 17:11:13.816696,Toronto-c8c6,-24,84,Normal
2026-02-16 17:11:14.816696,Toronto-c8c6,49,83,Normal
2026-02-16 17:11:15.816696,Toronto-c8c6,45,36,Normal
2026-02-16 17:11:16.816696,Toronto-c8c6,27,20,Normal
2026-02-16 17:11:17.816696,Toronto-c8c6,34,56,Normal
2026-02-16 17:11:18.816696,Toronto-c8c6,41,70,Normal
2026-02-16 17:11:19.816696,Toronto-c8c6,4,55,Normal
2026-02-16 17:11:20.816696,Toronto-c8c6,25,96,Normal
2026-02-16 17:11:21.816696,Toronto-c8c6,-28,86,Normal
2026-02-16 17:11:22.816696,Toronto-c8c6,13,39,Normal
2026-02-16 17:11:23.816696,Toronto-c8c6,26,47,Normal
2026-02-16 17:11:24.816696,Toronto-c8c6,36,21,Normal
2026-02-16 17:11:25.816696,Toronto-c8c6,47,34,Normal
2026-02-16 17:11:26.816696,Toronto-c8c6,39,88,Normal
2026-02-16 17:11:27.816696,Toronto-c8c6,29,96,Normal
2026-02-16 17:11:28.816696,Toronto-c8c6,1,100,Normal
2026-02-16 17:11:29.816696,Toronto-c8c6,3,48,Normal
2026-02-16 17:11:30.816696,Toronto-c8c6,-3,73,Normal
2026-02-16 17:11:31.816696,Toronto-c8c6,44,1,Normal
2026-02-16 17:11:32.816696,Toronto-c8c6,46,54,Normal
2026-02-16 17:11:33.816696,Toronto-c8c6,49,48,Normal
2026-02-16 17:11:34.816696,Toronto-c8c6,-6,8,Normal
2026-02-16 17:11:35.816696,Toronto-c8c6,20,50,Normal
2026-02-16 17:11:36.816696,Toronto-c8c6,14,32,Normal
2026-02-16 17:11:37.816696,Toronto-c8c6,-7,99,Normal
2026-02-16 17:11:38.816696,Toronto-c8c6,40,3,Normal
2026-02-16 17:11:39.816696,Toronto-c8c6,7,4,Normal
2026-02-16 17:11:40.816696,Toronto-c8c6,4,48,Normal
2026-02-16 17:11:41.816696,Toronto-c8c6,10,2,Normal
2026-02-16 17:11:42.816696,Toronto-c8c6,50,24,Normal
2026-02-16 17:11:43.816696,Toronto-c8c6,35,49,Normal
2026-02-16 17:11:44.816696,Toronto-c8c6,24,68,Normal
2026-02-16 17:11:45.816696,Toronto-c8c6,40,59,Normal
2026-02-16 17:11:46.816696,Toronto-c8c6,-16,41,Normal
2026-02-16 17:11:47.816696,Toronto-c8c6,10,91,Normal
2026-02-16 17:11:48.816696,Toronto-c8c6,-23,80,Normal
2026-02-16 17:11:49.816696,Toronto-c8c6,48,88,Normal
2026-02-16 17:11:50.816696,Toronto-c8c6,3,31,Normal
2026-02-16 17:11:51.816696,Toronto-c8c6,15,5,Normal
2026-02-16 17:11:52.816696,Toronto-c8c6,-26,62,Normal
2026-02-16 17:11:53.816696,Toronto-c8c6,46,67,Normal
2026-02-16 17:11:54.816696,Toronto-c8c6,-22,38,Normal
2026-02-16 17:11:55.816696,Toronto-c8c6,1,60,Normal
2026-02-16 17:11:56.816696,Toronto-c8c6,-4,14,Normal
2026-02-16 17:11:57.816696,Toronto-c8c6,27,90,Normal
2026-02-16 17:11:58.816696,Toronto-c8c6,18,33,Normal
2026-02-16 17:11:59.816696,Toronto-c8c6,4,10,Normal
2026-02-16 17:12:00.816696,Toronto-c8c6,50,25,Normal
2026-02-16 17:12:01.816696,Toronto-c8c6,18,62,Normal
2026-02-16 17:12:02.816696,Toronto-c8c6,15,7,Normal
2026-02-16 17:12:03.816696,Toronto-c8c6,39,100,Normal
2026-02-16 17:12:04.816696,Toronto-c8c6,-21,88,Normal
2026-02-16 17:12:05.816696,Toronto-c8c6,-10,26,Normal
2026-02-16 17:12:06.816696,Toronto-c8c6,30,14,Normal
2026-02-16 17:12:07.816696,Toronto-c8c6,-25,23,Normal
2026-02-16 17:12:08.816696,Toronto-c8c6,46,57,Normal
2026-02-16 17:12:09.816696,Toronto-c8c6,29,1,Normal
2026-02-16 17:12:10.816696,Toronto-c8c6,25,63,Normal
2026-02-16 17:12:11.816696,Toronto-c8c6,19,5,Normal
2026-02-16 17:12:12.816696,Toronto-c8c6,48,93,Normal
2026-02-16 17:12:13.816696,Toronto-c8c6,14,62,Normal
2026-02-16 17:12:14.816696,Toronto-c8c6,41,38,Normal
2026-02-16 17:12:15.816696,Toronto-c8c6,-5,47,Normal
2026-02-16 17:12:16.816696,Toronto-c8c6,14,38,Normal
2026-02-16 17:12:17.816696,Toronto-c8c6,-21,7,Normal
2026-02-16 17:12:18.816696,Toronto-c8c6,28,1,Normal
2026-02-16 17:12:19.816696,Toronto-c8c6,14,8,Normal
2026-02-16 17:12:20.816696,Toronto-c8c6,26,91,Normal
2026-02-16 17:12:21.816696,Toronto-c8c6,11,1,Normal
2026-02-16 17:12:22.816696,Toronto-c8c6,23,70,Normal
2026-02-16 17:12:23.816696,Toronto-c8c6,13,64,Normal
2026-02-16 17:12:24.816696,Toronto-c8c6,-3,78,Normal
2026-02-16 17:12:25.816696,Toronto-c8c6,26,31,Normal
2026-02-16 17:12:26.816696,Toronto-c8c6,15,17,Normal
2026-02-16 17:12:27.816696,Toronto-c8c6,23,80,Normal
2026-02-16 17:12:28.816696,Toronto-c8c6,32,76,Normal
2026-02-16 17:12:29.816696,Toronto-c8c6,-15,91,Normal
2026-02-16 17:12:30.816696,Toronto-c8c6,32,31,Normal
2026-02-16 17:12:31.816696,Toronto-c8c6,-29,62,Normal
2026-02-16 17:12:32.816696,Toronto-c8c6,48,61,Normal
2026-02-16 17:12:33.816696,Toronto-c8c6,-19,50,Normal
2026-02-16 17:12:34.816696,Toronto-c8c6,49,29,Normal
2026-02-16 17:12:35.816696,Toronto-c8c6,2,52,Normal
2026-02-16 17:12:36.816696,Toronto-c8c6,42,56,Normal
2026-02-16 17:12:37.816696,Toronto-c8c6,-24,55,Normal
2026-02-16 17:12:38.816696,Toronto-c8c6,6,72,Normal
2026-02-16 17:12:39.816696,Toronto-c8c6,37,15,Normal
2026-02-16 17:12:40.816696,Toronto-c8c6,6,77,Normal
2026-02-16 17:12:41.816696,Toronto-c8c6,50,95,Normal
2026-02-16 17:12:42.816696,Toronto-c8c6,-4,98,Normal
2026-02-16 17:12:43.816696,Toronto-c8c6,27,40,Normal
2026-02-16 17:12:44.816696,Toronto-c8c6,-15,8,Normal
2026-02-16 17:12:45.816696,Toronto-c8c6,39,64,Normal
2026-02-16 17:12:46.816696,Toronto-c8c6,33,4,Normal
2026-02-16 17:12:47.816696,Toronto-c8c6,-26,56,Normal
2026-02-16 17:12:48.816696,Toronto-c8c6,-6,29,Normal
2026-02-16 17:12:49.816696,Toronto-c8c6,40,18,Normal
2026-02-16 17:12:50.816696,Toronto-c8c6,37,89,Normal
2026-02-16 17:12:51.816696,Toronto-c8c6,-15,11,Normal
2026-02-16 17:12:52.816696,Toronto-c8c6,-7,10,Normal
2026-02-16 17:12:53.816696,Toronto-c8c6,42,27,Normal
2026-02-16 17:12:54.816696,Toronto-c8c6,3,82,Normal
2026-02-16 17:12:55.816696,Toronto-c8c6,-11,32,Normal
2026-02-16 17:12:56.816696,Toronto-c8c6,-29,78,Normal
2026-02-16 17:12:57.816696,Toronto-c8c6,29,4,Normal
2026-02-16 17:12:58.816696,Toronto-c8c6,32,87,Normal
2026-02-16 17:12:59.816696,Toronto-c8c6,50,39,Normal
2026-02-16 17:13:00.816696,Toronto-c8c6,24,62,Normal
2026-02-16 17:13:01.816696,Toronto-c8c6,-10,76,Normal
2026-02-16 17:13:02.816696,Toronto-c8c6,31,38,Normal
2026-02-16 17:13:03.816696,Toronto-c8c6,4,65,Normal
2026-02-16 17:13:04.816696,Toronto-c8c6,7,18,Normal
2026-02-16 17:13:05.816696,Toronto-c8c6,-18,74,Normal
2026-02-16 17:13:06.816696,Toronto-c8c6,-11,7,Normal
2026-02-16 17:13:07.816696,Toronto-c8c6,12,91,Normal
2026-02-16 17:13:08.816696,Toronto-c8c6,34,72,Normal
2026-02-16 17:13:09.816696,Toronto-c8c6,15,99,Normal
2026-02-16 17:13:10.816696,Toronto-c8c6,30,38,Normal
2026-02-16 17:13:11.816696,Toronto-c8c6,-30,89,Normal
2026-02-16 17:13:12.816696,Toronto-c8c6,12,95,Normal
2026-02-16 17:13:13.816696,Toronto-c8c6,16,82,Normal
2026-02-16 17:13:14.816696,Toronto-c8c6,-21,88,Normal
2026-02-16 17:13:15.816696,Toronto-c8c6,45,85,Normal
2026-02-16 17:13:16.816696,Toronto-c8c6,-10,63,Normal
2026-02-16 17:13:17.816696,Toronto-c8c6,19,96,Normal
2026-02-16 17:13:18.816696,Toronto-c8c6,3,32,Normal
2026-02-16 17:13:19.816696,Toronto-c8c6,-23,23,Normal
2026-02-16 17:13:20.816696,Toronto-c8c6,-13,76,Normal
2026-02-16 17:13:21.816696,Toronto-c8c6,41,98,Normal
2026-02-16 17:13:22.816696,Toronto-c8c6,36,33,Normal
2026-02-16 17:13:23.816696,Toronto-c8c6,-13,4,Normal
2026-02-16 17:13:24.816696,Toronto-c8c6,-13,7,Normal
2026-02-16 17:13:25.816696,Toronto-c8c6,47,95,Normal
2026-02-16 17:13:26.816696,Toronto-c8c6,2,36,Normal
2026-02-16 17:13:27.816696,Toronto-c8c6,-3,59,Normal
2026-02-16 17:13:28.816696,Toronto-c8c6,-25,4,Normal
2026-02-16 17:13:29.816696,Toronto-c8c6,-5,65,Normal
2026-02-16 17:13:30.816696,Toronto-c8c6,1,40,Normal
2026-02-16 17:13:31.816696,Toronto-c8c6,-20,32,Normal
2026-02-16 17:13:32.816696,Toronto-c8c6,-17,2,Normal
2026-02-16 17:13:33.816696,Toronto-c8c6,19,99,Normal
2026-02-16 17:13:34.816696,Toronto-c8c6,33,56,Normal
2026-02-16 17:13:35.816696,Toronto-c8c6,18,9,Normal
2026-02-16 17:13:36.816696,Toronto-c8c6,43,51,Normal
2026-02-16 17:13:37.816696,Toronto-c8c6,10,71,Normal
2026-02-16 17:13:38.816696,Toronto-c8c6,45,85,Normal
2026-02-16 17:13:39.816696,Toronto-c8c6,37,29,Normal
2026-02-16 17:13:40.816696,Toronto-c8c6,-22,0,Normal
2026-02-16 17:13:41.816696,Toronto-c8c6,-2,50,Normal
2026-02-16 17:13:42.816696,Toronto-c8c6,29,95,Normal
2026-02-16 17:13:43.816696,Toronto-c8c6,5,2,Normal
2026-02-16 17:13:44.816696,Toronto-c8c6,-21,15,Normal
2026-02-16 17:13:45.816696,Toronto-c8c6,-28,56,Normal
2026-02-16 17:13:46.816696,Toronto-c8c6,22,90,Normal
2026-02-16 17:13:47.816696,Toronto-c8c6,1,72,Normal
2026-02-16 17:13:48.816696,Toronto-c8c6,50,75,Normal
2026-02-16 17:13:49.816696,Toronto-c8c6,13,56,Normal
2026-02-16 17:13:50.816696,Toronto-c8c6,3,66,Normal
2026-02-16 17:13:51.816696,Toronto-c8c6,22,12,Normal
2026-02-16 17:13:52.816696,Toronto-c8c6,23,35,Normal
2026-02-16 17:13:53.816696,Toronto-c8c6,28,48,Normal
2026-02-16 17:13:54.816696,Toronto-c8c6,26,67,Normal
2026-02-16 17:13:55.816696,Toronto-c8c6,29,82,Normal
2026-02-16 17:13:56.816696,Toronto-c8c6,-21,86,Normal
2026-02-16 17:13:57.816696,Toronto-c8c6,35,7,Normal
2026-02-16 17:13:58.816696,Toronto-c8c6,40,38,Normal
2026-02-16 17:13:59.816696,Toronto-c8c6,6,17,Normal
2026-02-16 17:14:00.816696,Toronto-c8c6,45,80,Normal
2026-02-16 17:14:01.816696,Toronto-c8c6,10,1,Normal
2026-02-16 17:14:02.816696,Toronto-c8c6,-11,19,Normal
2026-02-16 17:14:03.816696,Toronto-c8c6,7,34,Normal
2026-02-16 17:14:04.816696,Toronto-c8c6,-5,12,Normal
2026-02-16 17:14:05.816696,Toronto-c8c6,23,7,Normal
2026-02-16 17:14:06.816696,Toronto-c8c6,14,69,Normal
2026-02-16 17:14:07.816696,Toronto-c8c6,49,0,Normal
2026-02-16 17:14:08.816696,Toronto-c8c6,8,8,Normal
2026-02-16 17:14:09.816696,Toronto-c8c6,-25,92,Normal
2026-02-16 17:14:10.816696,Toronto-c8c6,-13,87,Normal
2026-02-16 17:14:11.816696,Toronto-c8c6,-18,50,Normal
2026-02-16 17:14:12.816696,Toronto-c8c6,-21,99,Normal
2026-02-16 17:14:13.816696,Toronto-c8c6,1,82,Normal
2026-02-16 17:14:14.816696,Toronto-c8c6,-4,32,Normal
2026-02-16 17:14:15.816696,Toronto-c8c6,-29,88,Normal
2026-02-16 17:14:16.816696,Toronto-c8c6,36,60,Normal
2026-02-16 17:14:17.816696,Toronto-c8c6,-25,77,Normal
2026-02-16 17:14:18.816696,Toronto-c8c6,-7,37,Normal
2026-02-16 17:14:19.816696,Toronto-c8c6,47,27,Normal
2026-02-16 17:14:20.816696,Toronto-c8c6,-21,26,Normal
2026-02-16 17:14:21.816696,Toronto-c8c6,11,70,Normal
2026-02-16 17:14:22.816696,Toronto-c8c6,33,14,Normal
2026-02-16 17:14:23.816696,Toronto-c8c6,29,54,Normal
2026-02-16 17:14:24.816696,Toronto-c8c6,50,60,Normal
2026-02-16 17:14:25.816696,Toronto-c8c6,37,38,Normal
2026-02-16 17:14:26.816696,Toronto-c8c6,-6,98,Normal
2026-02-16 17:14:27.816696,Toronto-c8c6,-25,89,Normal
2026-02-16 17:14:28.816696,Toronto-c8c6,-13,32,Normal
2026-02-16 17:14:29.816696,Toronto-c8c6,-6,93,Normal
2026-02-16 17:14:30.816696,Toronto-c8c6,13,99,Normal
2026-02-16 17:14:31.816696,Toronto-c8c6,41,94,Normal
2026-02-16 17:14:32.816696,Toronto-c8c6,28,19,Normal
2026-02-16 17:14:33.816696,Toronto-c8c6,4,78,Normal
2026-02-16 17:14:34.816696,Toronto-c8c6,27,91,Normal
2026-02-16 17:14:35.816696,Toronto-c8c6,35,67,Normal
2026-02-16 17:14:36.816696,Toronto-c8c6,-21,58,Normal
2026-02-16 17:14:37.816696,Toronto-c8c6,41,5,Normal
2026-02-16 17:14:38.816696,Toronto-c8c6,38,38,Normal
2026-02-16 17:14:39.816696,Toronto-c8c6,28,35,Normal
2026-02-16 17:14:40.816696,Toronto-c8c6,46,68,Normal
2026-02-16 17:14:41.816696,Toronto-c8c6,19,67,Normal
2026-02-16 17:14:42.816696,Toronto-c8c6,32,76,Normal
2026-02-16 17:14:43.816696,Toronto-c8c6,-27,82,Normal
2026-02-16 17:14:44.816696,Toronto-c8c6,-3,58,Normal
2026-02-16 17:14:45.816696,Toronto-c8c6,-18,39,Normal
2026-02-16 17:14:46.816696,Toronto-c8c6,2,8,Normal
2026-02-16 17:14:47.816696,Toronto-c8c6,24,11,Normal
2026-02-16 17:14:48.816696,Toronto-c8c6,8,48,Normal
2026-02-16 17:14:49.816696,Toronto-c8c6,13,41,Normal
2026-02-16 17:14:50.816696,Toronto-c8c6,22,88,Normal
2026-02-16 17:14:51.816696,Toronto-c8c6,20,97,Normal
2026-02-16 17:14:52.816696,Toronto-c8c6,-2,83,Normal
2026-02-16 17:14:53.816696,Toronto-c8c6,9,10,Normal
2026-02-16 17:14:54.816696,Toronto-c8c6,48,99,Normal
2026-02-16 17:14:55.816696,Toronto-c8c6,-28,52,Normal
2026-02-16 17:14:56.816696,Toronto-c8c6,38,86,Normal
2026-02-16 17:14:57.816696,Toronto-c8c6,24,39,Normal
2026-02-16 17:14:58.816696,Toronto-c8c6,49,10,Normal
2026-02-16 17:14:59.816696,Toronto-c8c6,-30,3,Normal
2026-02-16 17:15:00.816696,Toronto-c8c6,-11,92,Normal
2026-02-16 17:15:01.816696,Toronto-c8c6,33,17,Normal
2026-02-16 17:15:02.816696,Toronto-c8c6,35,6,Normal
2026-02-16 17:15:03.816696,Toronto-c8c6,-5,80,Normal
2026-02-16 17:15:04.816696,Toronto-c8c6,-1,35,Normal
2026-02-16 17:15:05.816696,Toronto-c8c6,16,44,Normal
2026-02-16 17:15:06.816696,Toronto-c8c6,33,86,Normal
2026-02-16 17:15:07.816696,Toronto-c8c6,32,64,Normal
2026-02-16 17:15:08.816696,Toronto-c8c6,36,21,Normal
2026-02-16 17:15:09.816696,Toronto-c8c6,-19,91,Normal
2026-02-16 17:15:10.816696,Toronto-c8c6,31,80,Normal
2026-02-16 17:15:11.816696,Toronto-c8c6,-15,4,Normal
2026-02-16 17:15:12.816696,Toronto-c8c6,19,20,Normal
2026-02-16 17:15:13.816696,Toronto-c8c6,8,94,Normal
2026-02-16 17:15:14.816696,Toronto-c8c6,14,76,Normal
2026-02-16 17:15:15.816696,Toronto-c8c6,-19,100,Normal
2026-02-16 17:15:16.816696,Toronto-c8c6,-6,4,Normal
2026-02-16 17:15:17.816696,Toronto-c8c6,44,48,Normal
2026-02-16 17:15:18.816696,Toronto-c8c6,28,68,Normal
2026-02-16 17:15:19.816696,Toronto-c8c6,31,13,Normal
2026-02-16 17:15:20.816696,Toronto-c8c6,29,39,Normal
2026-02-16 17:15:21.816696,Toronto-c8c6,20,69,Normal
2026-02-16 17:15:22.816696,Toronto-c8c6,26,92,Normal
2026-02-16 17:15:23.816696,Toronto-c8c6,-9,67,Normal
2026-02-16 17:15:24.816696,Toronto-c8c6,-15,89,Normal
2026-02-16 17:15:25.816696,Toronto-c8c6,37,83,Normal
2026-02-16 17:15:26.816696,Toronto-c8c6,2,38,Normal
2026-02-16 17:15:27.816696,Toronto-c8c6,-13,7,Normal
2026-02-16 17:15:28.816696,Toronto-c8c6,-16,35,Normal
2026-02-16 17:15:29.816696,Toronto-c8c6,9,60,Normal
2026-02-16 17:15:30.816696,Toronto-c8c6,11,15,Normal
2026-02-16 17:15:31.816696,Toronto-c8c6,-19,50,Normal
2026-02-16 17:15:32.816696,Toronto-c8c6,23,11,Normal
2026-02-16 17:15:33.816696,Toronto-c8c6,21,55,Normal
2026-02-16 17:15:34.816696,Toronto-c8c6,-20,83,Normal
2026-02-16 17:15:35.816696,Toronto-c8c6,-8,39,Normal
2026-02-16 17:15:36.816696,Toronto-c8c6,-10,81,Normal
2026-02-16 17:15:37.816696,Toronto-c8c6,45,83,Normal
2026-02-16 17:15:38.816696,Toronto-c8c6,16,20,Normal
2026-02-16 17:15:39.816696,Toronto-c8c6,20,43,Normal
2026-02-16 17:15:40.816696,Toronto-c8c6,-16,64,Normal
2026-02-16 17:15:41.816696,Toronto-c8c6,3,64,Normal
2026-02-16 17:15:42.816696,Toronto-c8c6,7,10,Normal
2026-02-16 17:15:43.816696,Toronto-c8c6,-18,23,Normal
2026-02-16 17:15:44.816696,Toronto-c8c6,23,58,Normal
2026-02-16 17:15:45.816696,Toronto-c8c6,16,78,Normal
2026-02-16 17:15:46.816696,Toronto-c8c6,14,26,Normal
2026-02-16 17:15:47.816696,Toronto-c8c6,33,48,Normal
2026-02-16 17:15:48.816696,Toronto-c8c6,-30,35,Normal
2026-02-16 17:15:49.816696,Toronto-c8c6,48,28,Normal
2026-02-16 17:15:50.816696,Toronto-c8c6,-1,55,Normal
2026-02-16 17:15:51.816696,Toronto-c8c6,43,99,Normal
2026-02-16 17:15:52.816696,Toronto-c8c6,36,24,Normal
2026-02-16 17:15:53.816696,Toronto-c8c6,29,97,Normal
2026-02-16 17:15:54.816696,Toronto-c8c6,-19,17,Normal
2026-02-16 17:15:55.816696,Toronto-c8c6,-24,35,Normal
2026-02-16 17:15:56.816696,Toronto-c8c6,24,83,Normal
2026-02-16 17:15:57.816696,Toronto-c8c6,42,6,Normal
2026-02-16 17:15:58.816696,Toronto-c8c6,5,89,Normal
2026-02-16 17:15:59.816696,Toronto-c8c6,-5,93,Normal
2026-02-16 17:16:00.816696,Toronto-c8c6,45,7,Normal
2026-02-16 17:16:01.816696,Toronto-c8c6,9,82,Normal
2026-02-16 17:16:02.816696,Toronto-c8c6,17,23,Normal
2026-02-16 17:16:03.816696,Toronto-c8c6,32,53,Normal
2026-02-16 17:16:04.816696,Toronto-c8c6,2,69,Normal
2026-02-16 17:16:05.816696,Toronto-c8c6,38,20,Normal
2026-02-16 17:16:06.816696,Toronto-c8c6,-28,36,Normal
2026-02-16 17:16:07.816696,Toronto-c8c6,33,65,Normal
2026-02-16 17:16:08.816696,Toronto-c8c6,22,34,Normal
2026-02-16 17:16:09.816696,Toronto-c8c6,30,94,Normal
2026-02-16 17:16:10.816696,Toronto-c8c6,28,77,Normal
2026-02-16 17:16:11.816696,Toronto-c8c6,-28,46,Normal
2026-02-16 17:16:12.816696,Toronto-c8c6,45,46,Normal
2026-02-16 17:16:13.816696,Toronto-c8c6,-23,8,Normal
2026-02-16 17:16:14.816696,Toronto-c8c6,-18,35,Normal
2026-02-16 17:16:15.816696,Toronto-c8c6,16,4,Normal
2026-02-16 17:16:16.816696,Toronto-c8c6,2,82,Normal
2026-02-16 17:16:17.816696,Toronto-c8c6,0,66,Normal
2026-02-16 17:16:18.816696,Toronto-c8c6,-12,44,Normal
2026-02-16 17:16:19.816696,Toronto-c8c6,8,9,Normal
2026-02-16 17:16:20.816696,Toronto-c8c6,-2,12,Normal
2026-02-16 17:16:21.816696,Toronto-c8c6,-7,3,Normal
2026-02-16 17:16:22.816696,Toronto-c8c6,27,50,Normal
2026-02-16 17:16:23.816696,Toronto-c8c6,14,96,Normal
2026-02-16 17:16:24.816696,Toronto-c8c6,-3,11,Normal
2026-02-16 17:16:25.816696,Toronto-c8c6,-15,31,Normal
2026-02-16 17:16:26.816696,Toronto-c8c6,-13,27,Normal
2026-02-16 17:16:27.816696,Toronto-c8c6,-9,40,Normal
2026-02-16 17:16:28.816696,Toronto-c8c6,-19,78,Normal
2026-02-16 17:16:29.816696,Toronto-c8c6,9,16,Normal
2026-02-16 17:16:30.816696,Toronto-c8c6,-18,27,Normal
2026-02-16 17:16:31.816696,Toronto-c8c6,-6,12,Normal
2026-02-16 17:16:32.816696,Toronto-c8c6,-10,47,Normal
2026-02-16 17:16:33.816696,Toronto-c8c6,22,75,Normal
2026-02-16 17:16:34.816696,Toronto-c8c6,20,93,Normal
2026-02-16 17:16:35.816696,Toronto-c8c6,45,49,Normal
2026-02-16 17:16:36.816696,Toronto-c8c6,-23,50,Normal
2026-02-16 17:16:37.816696,Toronto-c8c6,-27,4,Normal
2026-02-16 17:16:38.816696,Toronto-c8c6,38,10,Normal
2026-02-16 17:16:39.816696,Toronto-c8c6,-26,41,Normal
2026-02-16 17:16:40.816696,Toronto-c8c6,11,21,Normal
2026-02-16 17:16:41.816696,Toronto-c8c6,-22,66,Normal
2026-02-16 17:16:42.816696,Toronto-c8c6,3,9,Normal
2026-02-16 17:16:43.816696,Toronto-c8c6,5,84,Normal
2026-02-16 17:16:44.816696,Toronto-c8c6,7,68,Normal
2026-02-16 17:16:45.816696,Toronto-c8c6,28,95,Normal
2026-02-16 17:16:46.816696,Toronto-c8c6,-3,96,Normal
2026-02-16 17:16:47.816696,Toronto-c8c6,-18,7,Normal
2026-02-16 17:16:48.816696,Toronto-c8c6,14,26,Normal
2026-02-16 17:16:49.816696,Toronto-c8c6,29,62,Normal
2026-02-16 17:16:50.816696,Toronto-c8c6,29,33,Normal
2026-02-16 17:16:51.816696,Toronto-c8c6,20,74,Normal
2026-02-16 17:16:52.816696,Toronto-c8c6,-25,15,Normal
2026-02-16 17:16:53.816696,Toronto-c8c6,-1,72,Normal
2026-02-16 17:16:54.816696,Toronto-c8c6,-22,3,Normal
2026-02-16 17:16:55.816696,Toronto-c8c6,-19,26,Normal
2026-02-16 17:16:56.816696,Toronto-c8c6,-21,73,Normal
2026-02-16 17:16:57.816696,Toronto-c8c6,-17,38,Normal
2026-02-16 17:16:58.816696,Toronto-c8c6,7,100,Normal
2026-02-16 17:16:59.816696,Toronto-c8c6,-25,95,Normal
2026-02-16 17:17:00.816696,Toronto-c8c6,22,82,Normal
2026-02-16 17:17:01.816696,Toronto-c8c6,-6,66,Normal
2026-02-16 17:17:02.816696,Toronto-c8c6,-18,18,Normal
2026-02-16 17:17:03.816696,Toronto-c8c6,43,91,Normal
2026-02-16 17:17:04.816696,Toronto-c8c6,-14,50,Normal
2026-02-16 17:17:05.816696,Toronto-c8c6,33,65,Normal
2026-02-16 17:17:06.816696,Toronto-c8c6,36,20,Normal
2026-02-16 17:17:07.816696,Toronto-c8c6,24,3,Normal
2026-02-16 17:17:08.816696,Toronto-c8c6,31,79,Normal
2026-02-16 17:17:09.816696,Toronto-c8c6,22,75,Normal
2026-02-16 17:17:10.816696,Toronto-c8c6,40,69,Normal
2026-02-16 17:17:11.816696,Toronto-c8c6,-4,79,Normal
2026-02-16 17:17:12.816696,Toronto-c8c6,32,28,Normal
2026-02-16 17:17:13.816696,Toronto-c8c6,41,48,Normal
2026-02-16 17:17:14.816696,Toronto-c8c6,23,57,Normal
2026-02-16 17:17:15.816696,Toronto-c8c6,-4,40,Normal
2026-02-16 17:17:16.816696,Toronto-c8c6,30,93,Normal
2026-02-16 17:17:17.816696,Toronto-c8c6,-20,48,Normal
2026-02-16 17:17:18.816696,Toronto-c8c6,-16,91,Normal
2026-02-16 17:17:19.816696,Toronto-c8c6,28,68,Normal
2026-02-16 17:17:20.816696,Toronto-c8c6,20,77,Normal
2026-02-16 17:17:21.816696,Toronto-c8c6,8,84,Normal
2026-02-16 17:17:22.816696,Toronto-c8c6,27,21,Normal
2026-02-16 17:17:23.816696,Toronto-c8c6,26,0,Normal
2026-02-16 17:17:24.816696,Toronto-c8c6,3,86,Normal
2026-02-16 17:17:25.816696,Toronto-c8c6,15,89,Normal
2026-02-16 17:17:26.816696,Toronto-c8c6,-25,21,Normal
2026-02-16 17:17:27.816696,Toronto-c8c6,41,67,Normal
2026-02-16 17:17:28.816696,Toronto-c8c6,29,69,Normal
2026-02-16 17:17:29.816696,Toronto-c8c6,-9,38,Normal
2026-02-16 17:17:30.816696,Toronto-c8c6,24,87,Normal
2026-02-16 17:17:31.816696,Toronto-c8c6,6,4,Normal
2026-02-16 17:17:32.816696,Toronto-c8c6,44,41,Normal
2026-02-16 17:17:33.816696,Toronto-c8c6,21,20,Normal
2026-02-16 17:17:34.816696,Toronto-c8c6,-27,46,Normal
2026-02-16 17:17:35.816696,Toronto-c8c6,39,4,Normal
2026-02-16 17:17:36.816696,Toronto-c8c6,11,40,Normal
2026-02-16 17:17:37.816696,Toronto-c8c6,-14,84,Normal
2026-02-16 17:17:38.816696,Toronto-c8c6,44,99,Normal
2026-02-16 17:17:39.816696,Toronto-c8c6,20,82,Normal
2026-02-16 17:17:40.816696,Toronto-c8c6,-25,26,Normal
2026-02-16 17:17:41.816696,Toronto-c8c6,38,10,Normal
2026-02-16 17:17:42.816696,Toronto-c8c6,10,28,Normal
2026-02-16 17:17:43.816696,Toronto-c8c6,-13,50,Normal
2026-02-16 17:17:44.816696,Toronto-c8c6,-6,89,Normal
2026-02-16 17:17:45.816696,Toronto-c8c6,-21,27,Normal
2026-02-16 17:17:46.816696,Toronto-c8c6,-30,40,Normal
2026-02-16 17:17:47.816696,Toronto-c8c6,12,9,Normal
2026-02-16 17:17:48.816696,Toronto-c8c6,-15,61,Normal
2026-02-16 17:17:49.816696,Toronto-c8c6,-17,11,Normal
2026-02-16 17:17:50.816696,Toronto-c8c6,18,10,Normal
2026-02-16 17:17:51.816696,Toronto-c8c6,6,6,Normal
2026-02-16 17:17:52.816696,Toronto-c8c6,34,48,Normal
2026-02-16 17:17:53.816696,Toronto-c8c6,35,65,Normal
2026-02-16 17:17:54.816696,Toronto-c8c6,25,18,Normal
2026-02-16 17:17:55.816696,Toronto-c8c6,-5,62,Normal
2026-02-16 17:17:56.816696,Toronto-c8c6,41,25,Normal
2026-02-16 17:17:57.816696,Toronto-c8c6,30,99,Normal
2026-02-16 17:17:58.816696,Toronto-c8c6,-8,88,Normal
2026-02-16 17:17:59.816696,Toronto-c8c6,49,9,Normal
2026-02-16 17:18:00.816696,Toronto-c8c6,19,8,Normal
2026-02-16 17:18:01.816696,Toronto-c8c6,12,51,Normal
2026-02-16 17:18:02.816696,Toronto-c8c6,-13,100,Normal
2026-02-16 17:18:03.816696,Toronto-c8c6,-7,59,Normal
2026-02-16 17:18:04.816696,Toronto-c8c6,35,5,Normal
2026-02-16 17:18:05.816696,Toronto-c8c6,44,65,Normal
2026-02-16 17:18:06.816696,Toronto-c8c6,-11,46,Normal
2026-02-16 17:18:07.816696,Toronto-c8c6,31,26,Normal
2026-02-16 17:18:08.816696,Toronto-c8c6,-3,8,Normal
2026-02-16 17:18:09.816696,Toronto-c8c6,-28,12,Normal
2026-02-16 17:18:10.816696,Toronto-c8c6,20,68,Normal
2026-02-16 17:18:11.816696,Toronto-c8c6,8,65,Normal
2026-02-16 17:18:12.816696,Toronto-c8c6,23,84,Normal
2026-02-16 17:18:13.816696,Toronto-c8c6,40,80,Normal
2026-02-16 17:18:14.816696,Toronto-c8c6,22,33,Normal
2026-02-16 17:18:15.816696,Toronto-c8c6,17,10,Normal
2026-02-16 17:18:16.816696,Toronto-c8c6,7,16,Normal
2026-02-16 17:18:17.816696,Toronto-c8c6,29,35,Normal
2026-02-16 17:18:18.816696,Toronto-c8c6,2,75,Normal
2026-02-16 17:18:19.816696,Toronto-c8c6,41,99,Normal
2026-02-16 17:18:20.816696,Toronto-c8c6,-1,54,Normal
2026-02-16 17:18:21.816696,Toronto-c8c6,-10,87,Normal
2026-02-16 17:18:22.816696,Toronto-c8c6,-8,40,Normal
2026-02-16 17:18:23.816696,Toronto-c8c6,-18,1,Normal
2026-02-16 17:18:24.816696,Toronto-c8c6,-8,46,Normal
2026-02-16 17:18:25.816696,Toronto-c8c6,22,59,Normal
2026-02-16 17:18:26.816696,Toronto-c8c6,41,26,Normal
2026-02-16 17:18:27.816696,Toronto-c8c6,-12,72,Normal
2026-02-16 17:18:28.816696,Toronto-c8c6,-16,69,Normal
2026-02-16 17:18:29.816696,Toronto-c8c6,-8,82,Normal
2026-02-16 17:18:30.816696,Toronto-c8c6,-12,71,Normal
2026-02-16 17:18:31.816696,Toronto-c8c6,-23,3,Normal
2026-02-16 17:18:32.816696,Toronto-c8c6,17,17,Normal
2026-02-16 17:18:33.816696,Toronto-c8c6,17,81,Normal
2026-02-16 17:18:34.816696,Toronto-c8c6,-4,35,Normal
2026-02-16 17:18:35.816696,Toronto-c8c6,-18,52,Normal
2026-02-16 17:18:36.816696,Toronto-c8c6,-12,1,Normal
2026-02-16 17:18:37.816696,Toronto-c8c6,5,6,Normal
2026-02-16 17:18:38.816696,Toronto-c8c6,39,98,Normal
2026-02-16 17:18:39.816696,Toronto-c8c6,43,20,Normal
2026-02-16 17:18:40.816696,Toronto-c8c6,28,24,Normal
2026-02-16 17:18:41.816696,Toronto-c8c6,-16,67,Normal
2026-02-16 17:18:42.816696,Toronto-c8c6,22,6,Normal
2026-02-16 17:18:43.816696,Toronto-c8c6,-14,80,Normal
2026-02-16 17:18:44.816696,Toronto-c8c6,-28,39,Normal
2026-02-16 17:18:45.816696,Toronto-c8c6,-21,63,Normal
2026-02-16 17:18:46.816696,Toronto-c8c6,15,61,Normal
2026-02-16 17:18:47.816696,Toronto-c8c6,36,74,Normal
2026-02-16 17:18:48.816696,Toronto-c8c6,-29,32,Normal
2026-02-16 17:18:49.816696,Toronto-c8c6,-30,77,Normal
2026-02-16 17:18:50.816696,Toronto-c8c6,32,59,Normal
2026-02-16 17:18:51.816696,Toronto-c8c6,45,26,Normal
2026-02-16 17:18:52.816696,Toronto-c8c6,47,10,Normal
2026-02-16 17:18:53.816696,Toronto-c8c6,30,70,Normal
2026-02-16 17:18:54.816696,Toronto-c8c6,17,86,Normal
2026-02-16 17:18:55.816696,Toronto-c8c6,46,15,Normal
2026-02-16 17:18:56.816696,Toronto-c8c6,-9,65,Normal
2026-02-16 17:18:57.816696,Toronto-c8c6,30,13,Normal
2026-02-16 17:18:58.816696,Toronto-c8c6,27,14,Normal
2026-02-16 17:18:59.816696,Toronto-c8c6,-7,10,Normal
2026-02-16 17:19:00.816696,Toronto-c8c6,-24,31,Normal
2026-02-16 17:19:01.816696,Toronto-c8c6,36,89,Normal
2026-02-16 17:19:02.816696,Toronto-c8c6,-12,7,Normal
2026-02-16 17:19:03.816696,Toronto-c8c6,36,40,Normal
2026-02-16 17:19:04.816696,Toronto-c8c6,33,79,Normal
2026-02-16 17:19:05.816696,Toronto-c8c6,30,16,Normal
2026-02-16 17:19:06.816696,Toronto-c8c6,23,14,Normal
2026-02-16 17:19:07.816696,Toronto-c8c6,44,38,Normal
2026-02-16 17:19:08.816696,Toronto-c8c6,39,79,Normal
2026-02-16 17:19:09.816696,Toronto-c8c6,9,29,Normal
2026-02-16 17:19:10.816696,Toronto-c8c6,50,48,Normal
2026-02-16 17:19:11.816696,Toronto-c8c6,29,66,Normal
2026-02-16 17:19:12.816696,Toronto-c8c6,0,92,Normal
2026-02-16 17:19:13.816696,Toronto-c8c6,19,33,Normal
2026-02-16 17:19:14.816696,Toronto-c8c6,-15,12,Normal
2026-02-16 17:19:15.816696,Toronto-c8c6,7,91,Normal
2026-02-16 17:19:16.816696,Toronto-c8c6,36,27,Normal
2026-02-16 17:19:17.816696,Toronto-c8c6,49,66,Normal
2026-02-16 17:19:18.816696,Toronto-c8c6,31,49,Normal
2026-02-16 17:19:19.816696,Toronto-c8c6,3,46,Normal
2026-02-16 17:19:20.816696,Toronto-c8c6,-9,75,Normal
2026-02-16 17:19:21.816696,Toronto-c8c6,18,24,Normal
2026-02-16 17:19:22.816696,Toronto-c8c6,21,87,Normal
2026-02-16 17:19:23.816696,Toronto-c8c6,33,86,Normal
2026-02-16 17:19:24.816696,Toronto-c8c6,-25,1,Normal
2026-02-16 17:19:25.816696,Toronto-c8c6,-23,86,Normal
2026-02-16 17:19:26.816696,Toronto-c8c6,36,68,Normal
2026-02-16 17:19:27.816696,Toronto-c8c6,39,63,Normal
2026-02-16 17:19:28.816696,Toronto-c8c6,11,55,Normal
2026-02-16 17:19:29.816696,Toronto-c8c6,-30,4,Normal
2026-02-16 17:19:30.816696,Toronto-c8c6,7,13,Normal
2026-02-16 17:19:31.816696,Toronto-c8c6,11,62,Normal
2026-02-16 17:19:32.816696,Toronto-c8c6,0,42,Normal
2026-02-16 17:19:33.816696,Toronto-c8c6,-23,21,Normal
2026-02-16 17:19:34.816696,Toronto-c8c6,35,98,Normal
2026-02-16 17:19:35.816696,Toronto-c8c6,-12,60,Normal
2026-02-16 17:19:36.816696,Toronto-c8c6,11,45,Normal
2026-02-16 17:19:37.816696,Toronto-c8c6,23,8,Normal
2026-02-16 17:19:38.816696,Toronto-c8c6,-20,33,Normal
2026-02-16 17:19:39.816696,Toronto-c8c6,42,88,Normal
2026-02-16 17:19:40.816696,Toronto-c8c6,-12,80,Normal
2026-02-16 17:19:41.816696,Toronto-c8c6,3,95,Normal
2026-02-16 17:19:42.816696,Toronto-c8c6,29,98,Normal
2026-02-16 17:19:43.816696,Toronto-c8c6,3,80,Normal
2026-02-16 17:19:44.816696,Toronto-c8c6,20,91,Normal
2026-02-16 17:19:45.816696,Toronto-c8c6,41,12,Normal
2026-02-16 17:19:46.816696,Toronto-c8c6,-14,4,Normal
2026-02-16 17:19:47.816696,Toronto-c8c6,-14,11,Normal
2026-02-16 17:19:48.816696,Toronto-c8c6,-30,57,Normal
2026-02-16 17:19:49.816696,Toronto-c8c6,-5,47,Normal
2026-02-16 17:19:50.816696,Toronto-c8c6,22,5,Normal
2026-02-16 17:19:51.816696,Toronto-c8c6,-10,70,Normal
2026-02-16 17:19:52.816696,Toronto-c8c6,42,51,Normal
2026-02-16 17:19:53.816696,Toronto-c8c6,4,43,Normal
2026-02-16 17:19:54.816696,Toronto-c8c6,22,50,Normal
2026-02-16 17:19:55.816696,Toronto-c8c6,13,13,Normal
2026-02-16 17:19:56.816696,Toronto-c8c6,3,96,Normal
2026-02-16 17:19:57.816696,Toronto-c8c6,19,7,Normal
2026-02-16 17:19:58.816696,Toronto-c8c6,-10,96,Normal
2026-02-16 17:19:59.816696,Toronto-c8c6,25,23,Normal
2026-02-16 17:20:00.816696,Toronto-c8c6,-27,43,Normal
2026-02-16 17:20:01.816696,Toronto-c8c6,-1,17,Normal
2026-02-16 17:20:02.816696,Toronto-c8c6,15,87,Normal
2026-02-16 17:20:03.816696,Toronto-c8c6,-19,32,Normal
2026-02-16 17:20:04.816696,Toronto-c8c6,-9,66,Normal
2026-02-16 17:20:05.816696,Toronto-c8c6,11,92,Normal
2026-02-16 17:20:06.816696,Toronto-c8c6,36,32,Normal
2026-02-16 17:20:07.816696,Toronto-c8c6,15,4,Normal
2026-02-16 17:20:08.816696,Toronto-c8c6,44,72,Normal
2026-02-16 17:20:09.816696,Toronto-c8c6,10,27,Normal
2026-02-16 17:20:10.816696,Toronto-c8c6,-25,82,Normal
2026-02-16 17:20:11.816696,Toronto-c8c6,46,45,Normal
2026-02-16 17:20:12.816696,Toronto-c8c6,-7,4,Normal
2026-02-16 17:20:13.816696,Toronto-c8c6,28,55,Normal
2026-02-16 17:20:14.816696,Toronto-c8c6,-15,45,Normal
2026-02-16 17:20:15.816696,Toronto-c8c6,-6,62,Normal
2026-02-16 17:20:16.816696,Toronto-c8c6,-8,15,Normal
2026-02-16 17:20:17.816696,Toronto-c8c6,-4,0,Normal
2026-02-16 17:20:18.816696,Toronto-c8c6,-13,14,Normal
2026-02-16 17:20:19.816696,Toronto-c8c6,11,94,Normal
2026-02-16 17:20:20.816696,Toronto-c8c6,37,77,Normal
2026-02-16 17:20:21.816696,Toronto-c8c6,50,70,Normal
2026-02-16 17:20:22.816696,Toronto-c8c6,-18,11,Normal
2026-02-16 17:20:23.816696,Toronto-c8c6,46,38,Normal
2026-02-16 17:20:24.816696,Toronto-c8c6,6,33,Normal
2026-02-16 17:20:25.816696,Toronto-c8c6,-2,99,Normal
2026-02-16 17:20:26.816696,Toronto-c8c6,32,19,Normal
2026-02-16 17:20:27.816696,Toronto-c8c6,-11,96,Normal
2026-02-16 17:20:28.816696,Toronto-c8c6,49,54,Normal
2026-02-16 17:20:29.816696,Toronto-c8c6,29,62,Normal
2026-02-16 17:20:30.816696,Toronto-c8c6,7,21,Normal
2026-02-16 17:20:31.816696,Toronto-c8c6,35,53,Normal
2026-02-16 17:20:32.816696,Toronto-c8c6,18,69,Normal
2026-02-16 17:20:33.816696,Toronto-c8c6,17,13,Normal
2026-02-16 17:20:34.816696,Toronto-c8c6,8,52,Normal
2026-02-16 17:20:35.816696,Toronto-c8c6,12,91,Normal
2026-02-16 17:20:36.816696,Toronto-c8c6,8,27,Normal
2026-02-16 17:20:37.816696,Toronto-c8c6,6,24,Normal
2026-02-16 17:20:38.816696,Toronto-c8c6,2,71,Normal
2026-02-16 17:20:39.816696,Toronto-c8c6,22,97,Normal
2026-02-16 17:20:40.816696,Toronto-c8c6,-22,70,Normal
2026-02-16 17:20:41.816696,Toronto-c8c6,2,14,Normal
2026-02-16 17:20:42.816696,Toronto-c8c6,11,37,Normal
2026-02-16 17:20:43.816696,Toronto-c8c6,27,0,Normal
2026-02-16 17:20:44.816696,Toronto-c8c6,-26,100,Normal
2026-02-16 17:20:45.816696,Toronto-c8c6,29,39,Normal
2026-02-16 17:20:46.816696,Toronto-c8c6,11,43,Normal
2026-02-16 17:20:47.816696,Toronto-c8c6,10,73,Normal
2026-02-16 17:20:48.816696,Toronto-c8c6,45,4,Normal
2026-02-16 17:20:49.816696,Toronto-c8c6,-27,84,Normal
2026-02-16 17:20:50.816696,Toronto-c8c6,18,84,Normal
2026-02-16 17:20:51.816696,Toronto-c8c6,39,52,Normal
2026-02-16 17:20:52.816696,Toronto-c8c6,-29,76,Normal
2026-02-16 17:20:53.816696,Toronto-c8c6,20,90,Normal
2026-02-16 17:20:54.816696,Toronto-c8c6,34,41,Normal
2026-02-16 17:20:55.816696,Toronto-c8c6,11,92,Normal
2026-02-16 17:20:56.816696,Toronto-c8c6,-20,88,Normal
2026-02-16 17:20:57.816696,Toronto-c8c6,36,32,Normal
2026-02-16 17:20:58.816696,Toronto-c8c6,8,55,Normal
2026-02-16 17:20:59.816696,Toronto-c8c6,1,53,Normal
2026-02-16 17:21:00.816696,Toronto-c8c6,43,82,Normal
2026-02-16 17:21:01.816696,Toronto-c8c6,-12,11,Normal
2026-02-16 17:21:02.816696,Toronto-c8c6,-6,59,Normal
2026-02-16 17:21:03.816696,Toronto-c8c6,-6,66,Normal
2026-02-16 17:21:04.816696,Toronto-c8c6,8,52,Normal
2026-02-16 17:21:05.816696,Toronto-c8c6,-27,77,Normal
2026-02-16 17:21:06.816696,Toronto-c8c6,-11,34,Normal
2026-02-16 17:21:07.816696,Toronto-c8c6,-10,39,Normal
2026-02-16 17:21:08.816696,Toronto-c8c6,-16,36,Normal
2026-02-16 17:21:09.816696,Toronto-c8c6,46,26,Normal
2026-02-16 17:21:10.816696,Toronto-c8c6,16,97,Normal
2026-02-16 17:21:11.816696,Toronto-c8c6,-2,63,Normal
2026-02-16 17:21:12.816696,Toronto-c8c6,14,54,Normal
2026-02-16 17:21:13.816696,Toronto-c8c6,12,26,Normal
2026-02-16 17:21:14.816696,Toronto-c8c6,21,90,Normal
2026-02-16 17:21:15.816696,Toronto-c8c6,49,87,Normal
2026-02-16 17:21:16.816696,Toronto-c8c6,30,88,Normal
2026-02-16 17:21:17.816696,Toronto-c8c6,41,38,Normal
2026-02-16 17:21:18.816696,Toronto-c8c6,14,6,Normal
2026-02-16 17:21:19.816696,Toronto-c8c6,29,91,Normal
2026-02-16 17:21:20.816696,Toronto-c8c6,-6,31,Normal
2026-02-16 17:21:21.816696,Toronto-c8c6,10,93,Normal
2026-02-16 17:21:22.816696,Toronto-c8c6,25,31,Normal
2026-02-16 17:21:23.816696,Toronto-c8c6,36,26,Normal
2026-02-16 17:21:24.816696,Toronto-c8c6,43,81,Normal
2026-02-16 17:21:25.816696,Toronto-c8c6,2,7,Normal
2026-02-16 17:21:26.816696,Toronto-c8c6,-19,50,Normal
2026-02-16 17:21:27.816696,Toronto-c8c6,-18,58,Normal
2026-02-16 17:21:28.816696,Toronto-c8c6,39,2,Normal
2026-02-16 17:21:29.816696,Toronto-c8c6,49,33,Normal
2026-02-16 17:21:30.816696,Toronto-c8c6,28,72,Normal
2026-02-16 17:21:31.816696,Toronto-c8c6,34,4,Normal
2026-02-16 17:21:32.816696,Toronto-c8c6,-17,62,Normal
2026-02-16 17:21:33.816696,Toronto-c8c6,20,84,Normal
2026-02-16 17:21:34.816696,Toronto-c8c6,-5,37,Normal
2026-02-16 17:21:35.816696,Toronto-c8c6,43,5,Normal
2026-02-16 17:21:36.816696,Toronto-c8c6,18,52,Normal
2026-02-16 17:21:37.816696,Toronto-c8c6,-10,39,Normal
2026-02-16 17:21:38.816696,Toronto-c8c6,8,86,Normal
2026-02-16 17:21:39.816696,Toronto-c8c6,25,91,Normal
2026-02-16 17:21:40.816696,Toronto-c8c6,27,12,Normal
2026-02-16 17:21:41.816696,Toronto-c8c6,-12,5,Normal
2026-02-16 17:21:42.816696,Toronto-c8c6,-20,57,Normal
2026-02-16 17:21:43.816696,Toronto-c8c6,3,57,Normal
2026-02-16 17:21:44.816696,Toronto-c8c6,35,99,Normal
2026-02-16 17:21:45.816696,Toronto-c8c6,38,85,Normal
2026-02-16 17:21:46.816696,Toronto-c8c6,45,13,Normal
2026-02-16 17:21:47.816696,Toronto-c8c6,48,90,Normal
2026-02-16 17:21:48.816696,Toronto-c8c6,23,8,Normal
2026-02-16 17:21:49.816696,Toronto-c8c6,33,45,Normal
2026-02-16 17:21:50.816696,Toronto-c8c6,36,7,Normal
2026-02-16 17:21:51.816696,Toronto-c8c6,6,73,Normal
2026-02-16 17:21:52.816696,Toronto-c8c6,49,17,Normal
2026-02-16 17:21:53.816696,Toronto-c8c6,39,33,Normal
2026-02-16 17:21:54.816696,Toronto-c8c6,42,67,Normal
2026-02-16 17:21:55.816696,Toronto-c8c6,-29,67,Normal
2026-02-16 17:21:56.816696,Toronto-c8c6,-17,83,Normal
2026-02-16 17:21:57.816696,Toronto-c8c6,1,54,Normal
2026-02-16 17:21:58.816696,Toronto-c8c6,2,30,Normal
2026-02-16 17:21:59.816696,Toronto-c8c6,-14,100,Normal
2026-02-16 17:22:00.816696,Toronto-c8c6,25,42,Normal
2026-02-16 17:22:01.816696,Toronto-c8c6,-19,72,Normal
2026-02-16 17:22:02.816696,Toronto-c8c6,-9,78,Normal
2026-02-16 17:22:03.816696,Toronto-c8c6,-25,92,Normal
2026-02-16 17:22:04.816696,Toronto-c8c6,47,97,Normal
2026-02-16 17:22:05.816696,Toronto-c8c6,49,62,Normal
2026-02-16 17:22:06.816696,Toronto-c8c6,22,11,Normal
2026-02-16 17:22:07.816696,Toronto-c8c6,32,16,Normal
2026-02-16 17:22:08.816696,Toronto-c8c6,15,24,Normal
2026-02-16 17:22:09.816696,Toronto-c8c6,-10,74,Normal
2026-02-16 17:22:10.816696,Toronto-c8c6,-10,9,Normal
2026-02-16 17:22:11.816696,Toronto-c8c6,-10,12,Normal
2026-02-16 17:22:12.816696,Toronto-c8c6,37,36,Normal
2026-02-16 17:22:13.816696,Toronto-c8c6,33,75,Normal
2026-02-16 17:22:14.816696,Toronto-c8c6,3,33,Normal
2026-02-16 17:22:15.816696,Toronto-c8c6,-12,47,Normal
2026-02-16 17:22:16.816696,Toronto-c8c6,9,6,Normal
2026-02-16 17:22:17.816696,Toronto-c8c6,-13,60,Normal
2026-02-16 17:22:18.816696,Toronto-c8c6,17,73,Normal
2026-02-16 17:22:19.816696,Toronto-c8c6,-28,45,Normal
2026-02-16 17:22:20.816696,Toronto-c8c6,28,76,Normal
2026-02-16 17:22:21.816696,Toronto-c8c6,12,28,Normal
2026-02-16 17:22:22.816696,Toronto-c8c6,49,21,Normal
2026-02-16 17:22:23.816696,Toronto-c8c6,26,21,Normal
2026-02-16 17:22:24.816696,Toronto-c8c6,-22,91,Normal
2026-02-16 17:22:25.816696,Toronto-c8c6,-16,15,Normal
2026-02-16 17:22:26.816696,Toronto-c8c6,-6,28,Normal
2026-02-16 17:22:27.816696,Toronto-c8c6,-6,37,Normal
2026-02-16 17:22:28.816696,Toronto-c8c6,-15,100,Normal
2026-02-16 17:22:29.816696,Toronto-c8c6,-14,66,Normal
2026-02-16 17:22:30.816696,Toronto-c8c6,9,16,Normal
2026-02-16 17:22:31.816696,Toronto-c8c6,10,25,Normal
2026-02-16 17:22:32.816696,Toronto-c8c6,-2,52,Normal
2026-02-16 17:22:33.816696,Toronto-c8c6,8,64,Normal
2026-02-16 17:22:34.816696,Toronto-c8c6,10,91,Normal
2026-02-16 17:22:35.816696,Toronto-c8c6,30,10,Normal
2026-02-16 17:22:36.816696,Toronto-c8c6,-11,57,Normal
2026-02-16 17:22:37.816696,Toronto-c8c6,14,18,Normal
2026-02-16 17:22:38.816696,Toronto-c8c6,6,87,Normal
2026-02-16 17:22:39.816696,Toronto-c8c6,-28,38,Normal
2026-02-16 17:22:40.816696,Toronto-c8c6,43,55,Normal
2026-02-16 17:22:41.816696,Toronto-c8c6,46,50,Normal
2026-02-16 17:22:42.816696,Toronto-c8c6,-26,23,Normal
2026-02-16 17:22:43.816696,Toronto-c8c6,46,16,Normal
2026-02-16 17:22:44.816696,Toronto-c8c6,44,69,Normal
2026-02-16 17:22:45.816696,Toronto-c8c6,-14,41,Normal
2026-02-16 17:22:46.816696,Toronto-c8c6,44,57,Normal
2026-02-16 17:22:47.816696,Toronto-c8c6,-16,22,Normal
2026-02-16 17:22:48.816696,Toronto-c8c6,23,67,Normal
2026-02-16 17:22:49.816696,Toronto-c8c6,-24,75,Normal
2026-02-16 17:22:50.816696,Toronto-c8c6,8,9,Normal
2026-02-16 17:22:51.816696,Toronto-c8c6,42,4,Normal
2026-02-16 17:22:52.816696,Toronto-c8c6,3,24,Normal
2026-02-16 17:22:53.816696,Toronto-c8c6,23,39,Normal
2026-02-16 17:22:54.816696,Toronto-c8c6,27,61,Normal
2026-02-16 17:22:55.816696,Toronto-c8c6,44,32,Normal
2026-02-16 17:22:56.816696,Toronto-c8c6,-4,97,Normal
2026-02-16 17:22:57.816696,Toronto-c8c6,40,22,Normal
2026-02-16 17:22:58.816696,Toronto-c8c6,27,26,Normal
2026-02-16 17:22:59.816696,Toronto-c8c6,29,17,Normal
2026-02-16 17:23:00.816696,Toronto-c8c6,-7,61,Normal
2026-02-16 17:23:01.816696,Toronto-c8c6,35,2,Normal
2026-02-16 17:23:02.816696,Toronto-c8c6,8,67,Normal
2026-02-16 17:23:03.816696,Toronto-c8c6,48,58,Normal
2026-02-16 17:23:04.816696,Toronto-c8c6,0,71,Normal
2026-02-16 17:23:05.816696,Toronto-c8c6,-4,82,Normal
2026-02-16 17:23:06.816696,Toronto-c8c6,32,72,Normal
2026-02-16 17:23:07.816696,Toronto-c8c6,39,24,Normal
2026-02-16 17:23:08.816696,Toronto-c8c6,-30,92,Normal
2026-02-16 17:23:09.816696,Toronto-c8c6,28,75,Normal
2026-02-16 17:23:10.816696,Toronto-c8c6,22,77,Normal
2026-02-16 17:23:11.816696,Toronto-c8c6,-5,22,Normal
2026-02-16 17:23:12.816696,Toronto-c8c6,18,81,Normal
2026-02-16 17:23:13.816696,Toronto-c8c6,-30,1,Normal
2026-02-16 17:23:14.816696,Toronto-c8c6,-16,45,Normal
2026-02-16 17:23:15.816696,Toronto-c8c6,-2,24,Normal
2026-02-16 17:23:16.816696,Toronto-c8c6,28,47,Normal
2026-02-16 17:23:17.816696,Toronto-c8c6,7,1,Normal
2026-02-16 17:23:18.816696,Toronto-c8c6,44,8,Normal
2026-02-16 17:23:19.816696,Toronto-c8c6,-8,88,Normal
2026-02-16 17:23:20.816696,Toronto-c8c6,41,65,Normal
2026-02-16 17:23:21.816696,Toronto-c8c6,8,29,Normal
2026-02-16 17:23:22.816696,Toronto-c8c6,48,65,Normal
2026-02-16 17:23:23.816696,Toronto-c8c6,-4,17,Normal
2026-02-16 17:23:24.816696,Toronto-c8c6,37,60,Normal
2026-02-16 17:23:25.816696,Toronto-c8c6,36,64,Normal
2026-02-16 17:23:26.816696,Toronto-c8c6,-6,43,Normal
2026-02-16 17:23:27.816696,Toronto-c8c6,17,88,Normal
2026-02-16 17:23:28.816696,Toronto-c8c6,18,74,Normal
2026-02-16 17:23:29.816696,Toronto-c8c6,32,89,Normal
2026-02-16 17:23:30.816696,Toronto-c8c6,-16,95,Normal
2026-02-16 17:23:31.816696,Toronto-c8c6,4,72,Normal
2026-02-16 17:23:32.816696,Toronto-c8c6,27,57,Normal
2026-02-16 17:23:33.816696,Toronto-c8c6,5,33,Normal
2026-02-16 17:23:34.816696,Toronto-c8c6,-28,84,Normal
2026-02-16 17:23:35.816696,Toronto-c8c6,-18,79,Normal
2026-02-16 17:23:36.816696,Toronto-c8c6,0,20,Normal
2026-02-16 17:23:37.816696,Toronto-c8c6,40,51,Normal
2026-02-16 17:23:38.816696,Toronto-c8c6,35,71,Normal
2026-02-16 17:23:39.816696,Toronto-c8c6,27,83,Normal
2026-02-16 17:23:40.816696,Toronto-c8c6,-25,64,Normal
2026-02-16 17:23:41.816696,Toronto-c8c6,-17,75,Normal
2026-02-16 17:23:42.816696,Toronto-c8c6,14,60,Normal
2026-02-16 17:23:43.816696,Toronto-c8c6,3,7,Normal
2026-02-16 17:23:44.816696,Toronto-c8c6,22,40,Normal
2026-02-16 17:23:45.816696,Toronto-c8c6,17,92,Normal
2026-02-16 17:23:46.816696,Toronto-c8c6,-29,92,Normal
2026-02-16 17:23:47.816696,Toronto-c8c6,-24,55,Normal
2026-02-16 17:23:48.816696,Toronto-c8c6,39,60,Normal
2026-02-16 17:23:49.816696,Toronto-c8c6,37,71,Normal
2026-02-16 17:23:50.816696,Toronto-c8c6,49,39,Normal
2026-02-16 17:23:51.816696,Toronto-c8c6,-10,69,Normal
2026-02-16 17:23:52.816696,Toronto-c8c6,-4,4,Normal
2026-02-16 17:23:53.816696,Toronto-c8c6,41,37,Normal
2026-02-16 17:23:54.816696,Toronto-c8c6,37,6,Normal
2026-02-16 17:23:55.816696,Toronto-c8c6,6,10,Normal
2026-02-16 17:23:56.816696,Toronto-c8c6,9,31,Normal
2026-02-16 17:23:57.816696,Toronto-c8c6,5,84,Normal
2026-02-16 17:23:58.816696,Toronto-c8c6,42,46,Normal
2026-02-16 17:23:59.816696,Toronto-c8c6,-23,28,Normal
2026-02-16 17:24:00.816696,Toronto-c8c6,44,63,Normal
2026-02-16 17:24:01.816696,Toronto-c8c6,37,92,Normal
2026-02-16 17:24:02.816696,Toronto-c8c6,10,7,Normal
2026-02-16 17:24:03.816696,Toronto-c8c6,-6,65,Normal
2026-02-16 17:24:04.816696,Toronto-c8c6,16,97,Normal
2026-02-16 17:24:05.816696,Toronto-c8c6,29,8,Normal
2026-02-16 17:24:06.816696,Toronto-c8c6,22,30,Normal
2026-02-16 17:24:07.816696,Toronto-c8c6,13,33,Normal
2026-02-16 17:24:08.816696,Toronto-c8c6,-21,57,Normal
2026-02-16 17:24:09.816696,Toronto-c8c6,-17,75,Normal
2026-02-16 17:24:10.816696,Toronto-c8c6,-14,24,Normal
2026-02-16 17:24:11.816696,Toronto-c8c6,-4,71,Normal
2026-02-16 17:24:12.816696,Toronto-c8c6,27,33,Normal
2026-02-16 17:24:13.816696,Toronto-c8c6,-14,40,Normal
2026-02-16 17:24:14.816696,Toronto-c8c6,-4,35,Normal
2026-02-16 17:24:15.816696,Toronto-c8c6,38,7,Normal
2026-02-16 17:24:16.816696,Toronto-c8c6,-6,90,Normal
2026-02-16 17:24:17.816696,Toronto-c8c6,-5,67,Normal
2026-02-16 17:24:18.816696,Toronto-c8c6,-25,48,Normal
2026-02-16 17:24:19.816696,Toronto-c8c6,29,69,Normal
2026-02-16 17:24:20.816696,Toronto-c8c6,-1,5,Normal
2026-02-16 17:24:21.816696,Toronto-c8c6,-10,28,Normal
2026-02-16 17:24:22.816696,Toronto-c8c6,37,17,Normal
2026-02-16 17:24:23.816696,Toronto-c8c6,2,37,Normal
2026-02-16 17:24:24.816696,Toronto-c8c6,5,96,Normal
2026-02-16 17:24:25.816696,Toronto-c8c6,-26,65,Normal
2026-02-16 17:24:26.816696,Toronto-c8c6,-28,69,Normal
2026-02-16 17:24:27.816696,Toronto-c8c6,36,76,Normal
2026-02-16 17:24:28.816696,Toronto-c8c6,-9,86,Normal
2026-02-16 17:24:29.816696,Toronto-c8c6,-18,9,Normal
2026-02-16 17:24:30.816696,Toronto-c8c6,44,0,Normal
2026-02-16 17:24:31.816696,Toronto-c8c6,-9,82,Normal
2026-02-16 17:24:32.816696,Toronto-c8c6,49,27,Normal
2026-02-16 17:24:33.816696,Toronto-c8c6,-18,15,Normal
2026-02-16 17:24:34.816696,Toronto-c8c6,-8,9,Normal
2026-02-16 17:24:35.816696,Toronto-c8c6,-25,16,Normal
2026-02-16 17:24:36.816696,Toronto-c8c6,16,17,Normal
2026-02-16 17:24:37.816696,Toronto-c8c6,-23,11,Normal
2026-02-16 17:24:38.816696,Toronto-c8c6,-4,89,Normal
2026-02-16 17:24:39.816696,Toronto-c8c6,-29,98,Normal
2026-02-16 17:24:40.816696,Toronto-c8c6,-17,42,Normal
2026-02-16 17:24:41.816696,Toronto-c8c6,43,46,Normal
2026-02-16 17:24:42.816696,Toronto-c8c6,-4,100,Normal
2026-02-16 17:24:43.816696,Toronto-c8c6,16,52,Normal
2026-02-16 17:24:44.816696,Toronto-c8c6,-17,9,Normal
2026-02-16 17:24:45.816696,Toronto-c8c6,45,46,Normal
2026-02-16 17:24:46.816696,Toronto-c8c6,-4,35,Normal
2026-02-16 17:24:47.816696,Toronto-c8c6,-30,99,Normal
2026-02-16 17:24:48.816696,Toronto-c8c6,20,90,Normal
2026-02-16 17:24:49.816696,Toronto-c8c6,6,69,Normal
2026-02-16 17:24:50.816696,Toronto-c8c6,-12,2,Normal
2026-02-16 17:24:51.816696,Toronto-c8c6,-12,94,Normal
2026-02-16 17:24:52.816696,Toronto-c8c6,1,38,Normal
2026-02-16 17:24:53.816696,Toronto-c8c6,34,2,Normal
2026-02-16 17:24:54.816696,Toronto-c8c6,10,87,Normal
2026-02-16 17:24:55.816696,Toronto-c8c6,24,39,Normal
2026-02-16 17:24:56.816696,Toronto-c8c6,10,73,Normal
2026-02-16 17:24:57.816696,Toronto-c8c6,14,78,Normal
2026-02-16 17:24:58.816696,Toronto-c8c6,37,9,Normal
2026-02-16 17:24:59.816696,Toronto-c8c6,1,20,Normal
2026-02-16 17:25:00.816696,Toronto-c8c6,-15,7,Normal
2026-02-16 17:25:01.816696,Toronto-c8c6,35,4,Normal
2026-02-16 17:25:02.816696,Toronto-c8c6,14,54,Normal
2026-02-16 17:25:03.816696,Toronto-c8c6,-23,32,Normal
2026-02-16 17:25:04.816696,Toronto-c8c6,-26,90,Normal
2026-02-16 17:25:05.816696,Toronto-c8c6,33,0,Normal
2026-02-16 17:25:06.816696,Toronto-c8c6,-4,43,Normal
2026-02-16 17:25:07.816696,Toronto-c8c6,-22,16,Normal
2026-02-16 17:25:08.816696,Toronto-c8c6,31,68,Normal
2026-02-16 17:25:09.816696,Toronto-c8c6,-30,95,Normal
2026-02-16 17:25:10.816696,Toronto-c8c6,20,33,Normal
2026-02-16 17:25:11.816696,Toronto-c8c6,43,17,Normal
2026-02-16 17:25:12.816696,Toronto-c8c6,7,77,Normal
2026-02-16 17:25:13.816696,Toronto-c8c6,6,46,Normal
2026-02-16 17:25:14.816696,Toronto-c8c6,3,52,Normal
2026-02-16 17:25:15.816696,Toronto-c8c6,-8,40,Normal
2026-02-16 17:25:16.816696,Toronto-c8c6,-29,71,Normal
2026-02-16 17:25:17.816696,Toronto-c8c6,-4,26,Normal
2026-02-16 17:25:18.816696,Toronto-c8c6,-11,28,Normal
2026-02-16 17:25:19.816696,Toronto-c8c6,-25,44,Normal
2026-02-16 17:25:20.816696,Toronto-c8c6,-1,47,Normal
2026-02-16 17:25:21.816696,Toronto-c8c6,-11,83,Normal
2026-02-16 17:25:22.816696,Toronto-c8c6,33,50,Normal
2026-02-16 17:25:23.816696,Toronto-c8c6,-29,6,Normal
2026-02-16 17:25:24.816696,Toronto-c8c6,9,77,Normal
2026-02-16 17:25:25.816696,Toronto-c8c6,-25,69,Normal
2026-02-16 17:25:26.816696,Toronto-c8c6,-8,66,Normal
2026-02-16 17:25:27.816696,Toronto-c8c6,48,77,Normal
2026-02-16 17:25:28.816696,Toronto-c8c6,46,6,Normal
2026-02-16 17:25:29.816696,Toronto-c8c6,21,22,Normal
2026-02-16 17:25:30.816696,Toronto-c8c6,-4,47,Normal
2026-02-16 17:25:31.816696,Toronto-c8c6,9,88,Normal
2026-02-16 17:25:32.816696,Toronto-c8c6,0,61,Normal
2026-02-16 17:25:33.816696,Toronto-c8c6,-13,46,Normal
2026-02-16 17:25:34.816696,Toronto-c8c6,21,12,Normal
2026-02-16 17:25:35.816696,Toronto-c8c6,44,92,Normal
2026-02-16 17:25:36.816696,Toronto-c8c6,36,70,Normal
2026-02-16 17:25:37.816696,Toronto-c8c6,-27,20,Normal
2026-02-16 17:25:38.816696,Toronto-c8c6,13,19,Normal
2026-02-16 17:25:39.816696,Toronto-c8c6,-27,0,Normal
2026-02-16 17:25:40.816696,Toronto-c8c6,3,35,Normal
2026-02-16 17:25:41.816696,Toronto-c8c6,3,11,Normal
2026-02-16 17:25:42.816696,Toronto-c8c6,24,54,Normal
2026-02-16 17:25:43.816696,Toronto-c8c6,-27,94,Normal
2026-02-16 17:25:44.816696,Toronto-c8c6,-18,33,Normal
2026-02-16 17:25:45.816696,Toronto-c8c6,12,89,Normal
2026-02-16 17:25:46.816696,Toronto-c8c6,14,58,Normal
2026-02-16 17:25:47.816696,Toronto-c8c6,40,51,Normal
2026-02-16 17:25:48.816696,Toronto-c8c6,-22,94,Normal
2026-02-16 17:25:49.816696,Toronto-c8c6,29,67,Normal
2026-02-16 17:25:50.816696,Toronto-c8c6,10,38,Normal
2026-02-16 17:25:51.816696,Toronto-c8c6,-9,49,Normal
2026-02-16 17:25:52.816696,Toronto-c8c6,27,64,Normal
2026-02-16 17:25:53.816696,Toronto-c8c6,-4,31,Normal
2026-02-16 17:25:54.816696,Toronto-c8c6,35,35,Normal
2026-02-16 17:25:55.816696,Toronto-c8c6,4,62,Normal
2026-02-16 17:25:56.816696,Toronto-c8c6,22,46,Normal
2026-02-16 17:25:57.816696,Toronto-c8c6,16,26,Normal
2026-02-16 17:25:58.816696,Toronto-c8c6,25,74,Normal
2026-02-16 17:25:59.816696,Toronto-c8c6,0,76,Normal
2026-02-16 17:26:00.816696,Toronto-c8c6,7,56,Normal
2026-02-16 17:26:01.816696,Toronto-c8c6,-22,89,Normal
2026-02-16 17:26:02.816696,Toronto-c8c6,-13,12,Normal
2026-02-16 17:26:03.816696,Toronto-c8c6,-15,67,Normal
2026-02-16 17:26:04.816696,Toronto-c8c6,-29,73,Normal
2026-02-16 17:26:05.816696,Toronto-c8c6,37,90,Normal
2026-02-16 17:26:06.816696,Toronto-c8c6,28,81,Normal
2026-02-16 17:26:07.816696,Toronto-c8c6,20,9,Normal
2026-02-16 17:26:08.816696,Toronto-c8c6,-13,86,Normal
2026-02-16 17:26:09.816696,Toronto-c8c6,3,85,Normal
2026-02-16 17:26:10.816696,Toronto-c8c6,-5,0,Normal
2026-02-16 17:26:11.816696,Toronto-c8c6,35,85,Normal
2026-02-16 17:26:12.816696,Toronto-c8c6,38,85,Normal
2026-02-16 17:26:13.816696,Toronto-c8c6,-9,21,Normal
2026-02-16 17:26:14.816696,Toronto-c8c6,13,66,Normal
2026-02-16 17:26:15.816696,Toronto-c8c6,-30,100,Normal
2026-02-16 17:26:16.816696,Toronto-c8c6,-23,85,Normal
2026-02-16 17:26:17.816696,Toronto-c8c6,15,72,Normal
2026-02-16 17:26:18.816696,Toronto-c8c6,38,78,Normal
2026-02-16 17:26:19.816696,Toronto-c8c6,-13,25,Normal
2026-02-16 17:26:20.816696,Toronto-c8c6,6,47,Normal
2026-02-16 17:26:21.816696,Toronto-c8c6,-4,21,Normal
2026-02-16 17:26:22.816696,Toronto-c8c6,38,45,Normal
2026-02-16 17:26:23.816696,Toronto-c8c6,-14,46,Normal
2026-02-16 17:26:24.816696,Toronto-c8c6,7,70,Normal
2026-02-16 17:26:25.816696,Toronto-c8c6,-2,52,Normal
2026-02-16 17:26:26.816696,Toronto-c8c6,48,11,Normal
2026-02-16 17:26:27.816696,Toronto-c8c6,-18,4,Normal
2026-02-16 17:26:28.816696,Toronto-c8c6,-4,41,Normal
2026-02-16 17:26:29.816696,Toronto-c8c6,-2,17,Normal
2026-02-16 17:26:30.816696,Toronto-c8c6,-21,36,Normal
2026-02-16 17:26:31.816696,Toronto-c8c6,0,79,Normal
2026-02-16 17:26:32.816696,Toronto-c8c6,48,92,Normal
2026-02-16 17:26:33.816696,Toronto-c8c6,39,51,Normal
2026-02-16 17:26:34.816696,Toronto-c8c6,-12,95,Normal
2026-02-16 17:26:35.816696,Toronto-c8c6,-14,65,Normal
2026-02-16 17:26:36.816696,Toronto-c8c6,-13,28,Normal
2026-02-16 17:26:37.816696,Toronto-c8c6,46,53,Normal
2026-02-16 17:26:38.816696,Toronto-c8c6,-27,37,Normal
2026-02-16 17:26:39.816696,Toronto-c8c6,8,2,Normal
2026-02-16 17:26:40.816696,Toronto-c8c6,29,71,Normal
2026-02-16 17:26:41.816696,Toronto-c8c6,4,91,Normal
2026-02-16 17:26:42.816696,Toronto-c8c6,41,85,Normal
2026-02-16 17:26:43.816696,Toronto-c8c6,19,98,Normal
2026-02-16 17:26:44.816696,Toronto-c8c6,-9,15,Normal
2026-02-16 17:26:45.816696,Toronto-c8c6,10,98,Normal
2026-02-16 17:26:46.816696,Toronto-c8c6,-27,59,Normal
2026-02-16 17:26:47.816696,Toronto-c8c6,36,41,Normal
2026-02-16 17:26:48.816696,Toronto-c8c6,-2,66,Normal
2026-02-16 17:26:49.816696,Toronto-c8c6,46,32,Normal
2026-02-16 17:26:50.816696,Toronto-c8c6,10,54,Normal
2026-02-16 17:26:51.816696,Toronto-c8c6,-19,40,Normal
2026-02-16 17:26:52.816696,Toronto-c8c6,-13,64,Normal
2026-02-16 17:26:53.816696,Toronto-c8c6,44,85,Normal
2026-02-16 17:26:54.816696,Toronto-c8c6,17,19,Normal
2026-02-16 17:26:55.816696,Toronto-c8c6,32,100,Normal
2026-02-16 17:26:56.816696,Toronto-c8c6,41,88,Normal
2026-02-16 17:26:57.816696,Toronto-c8c6,17,73,Normal
2026-02-16 17:26:58.816696,Toronto-c8c6,10,7,Normal
2026-02-16 17:26:59.816696,Toronto-c8c6,13,52,Normal
2026-02-16 17:27:00.816696,Toronto-c8c6,-27,18,Normal
2026-02-16 17:27:01.816696,Toronto-c8c6,40,33,Normal
2026-02-16 17:27:02.816696,Toronto-c8c6,-7,71,Normal
2026-02-16 17:27:03.816696,Toronto-c8c6,6,53,Normal
2026-02-16 17:27:04.816696,Toronto-c8c6,8,44,Normal
2026-02-16 17:27:05.816696,Toronto-c8c6,-24,32,Normal
2026-02-16 17:27:06.816696,Toronto-c8c6,24,50,Normal
2026-02-16 17:27:07.816696,Toronto-c8c6,43,34,Normal
2026-02-16 17:27:08.816696,Toronto-c8c6,-23,27,Normal
2026-02-16 17:27:09.816696,Toronto-c8c6,-3,90,Normal
2026-02-16 17:27:10.816696,Toronto-c8c6,-10,67,Normal
2026-02-16 17:27:11.816696,Toronto-c8c6,-4,74,Normal
2026-02-16 17:27:12.816696,Toronto-c8c6,38,43,Normal
2026-02-16 17:27:13.816696,Toronto-c8c6,26,25,Normal
2026-02-16 17:27:14.816696,Toronto-c8c6,5,73,Normal
2026-02-16 17:27:15.816696,Toronto-c8c6,46,16,Normal
2026-02-16 17:27:16.816696,Toronto-c8c6,9,74,Normal
2026-02-16 17:27:17.816696,Toronto-c8c6,-5,12,Normal
2026-02-16 17:27:18.816696,Toronto-c8c6,16,57,Normal
2026-02-16 17:27:19.816696,Toronto-c8c6,3,37,Normal
2026-02-16 17:27:20.816696,Toronto-c8c6,-4,41,Normal
2026-02-16 17:27:21.816696,Toronto-c8c6,-6,39,Normal
2026-02-16 17:27:22.816696,Toronto-c8c6,21,94,Normal
2026-02-16 17:27:23.816696,Toronto-c8c6,-27,29,Normal
2026-02-16 17:27:24.816696,Toronto-c8c6,1,15,Normal
2026-02-16 17:27:25.816696,Toronto-c8c6,29,34,Normal
2026-02-16 17:27:26.816696,Toronto-c8c6,16,42,Normal
2026-02-16 17:27:27.816696,Toronto-c8c6,-18,14,Normal
2026-02-16 17:27:28.816696,Toronto-c8c6,19,3,Normal
2026-02-16 17:27:29.816696,Toronto-c8c6,40,6,Normal
2026-02-16 17:27:30.816696,Toronto-c8c6,4,81,Normal
2026-02-16 17:27:31.816696,Toronto-c8c6,40,58,Normal
2026-02-16 17:27:32.816696,Toronto-c8c6,-14,58,Normal
2026-02-16 17:27:33.816696,Toronto-c8c6,19,58,Normal
2026-02-16 17:27:34.816696,Toronto-c8c6,-5,49,Normal
2026-02-16 17:27:35.816696,Toronto-c8c6,-19,38,Normal
2026-02-16 17:27:36.816696,Toronto-c8c6,6,85,Normal
2026-02-16 17:27:37.816696,Toronto-c8c6,-20,16,Normal
2026-02-16 17:27:38.816696,Toronto-c8c6,20,41,Normal
2026-02-16 17:27:39.816696,Toronto-c8c6,6,0,Normal
2026-02-16 17:27:40.816696,Toronto-c8c6,16,56,Normal
2026-02-16 17:27:41.816696,Toronto-c8c6,-17,65,Normal
2026-02-16 17:27:42.816696,Toronto-c8c6,28,73,Normal
2026-02-16 17:27:43.816696,Toronto-c8c6,21,97,Normal
2026-02-16 17:27:44.816696,Toronto-c8c6,-16,2,Normal
2026-02-16 17:27:45.816696,Toronto-c8c6,-19,8,Normal
2026-02-16 17:27:46.816696,Toronto-c8c6,18,14,Normal
2026-02-16 17:27:47.816696,Toronto-c8c6,45,40,Normal
2026-02-16 17:27:48.816696,Toronto-c8c6,-26,24,Normal
2026-02-16 17:27:49.816696,Toronto-c8c6,-5,48,Normal
2026-02-16 17:27:50.816696,Toronto-c8c6,-17,47,Normal
2026-02-16 17:27:51.816696,Toronto-c8c6,24,17,Normal
2026-02-16 17:27:52.816696,Toronto-c8c6,27,42,Normal
2026-02-16 17:27:53.816696,Toronto-c8c6,-23,62,Normal
2026-02-16 17:27:54.816696,Toronto-c8c6,17,29,Normal
2026-02-16 17:27:55.816696,Toronto-c8c6,-28,9,Normal
2026-02-16 17:27:56.816696,Toronto-c8c6,-13,65,Normal
2026-02-16 17:27:57.816696,Toronto-c8c6,-3,85,Normal
2026-02-16 17:27:58.816696,Toronto-c8c6,-3,97,Normal
2026-02-16 17:27:59.816696,Toronto-c8c6,11,21,Normal
2026-02-16 17:28:00.816696,Toronto-c8c6,-14,39,Normal
2026-02-16 17:28:01.816696,Toronto-c8c6,1,56,Normal
2026-02-16 17:28:02.816696,Toronto-c8c6,46,89,Normal
2026-02-16 17:28:03.816696,Toronto-c8c6,-28,98,Normal
2026-02-16 17:28:04.816696,Toronto-c8c6,45,76,Normal
2026-02-16 17:28:05.816696,Toronto-c8c6,44,73,Normal
2026-02-16 17:28:06.816696,Toronto-c8c6,36,96,Normal
2026-02-16 17:28:07.816696,Toronto-c8c6,1,81,Normal
2026-02-16 17:28:08.816696,Toronto-c8c6,41,58,Normal
2026-02-16 17:28:09.816696,Toronto-c8c6,-27,54,Normal
2026-02-16 17:28:10.816696,Toronto-c8c6,-1,9,Normal
2026-02-16 17:28:11.816696,Toronto-c8c6,-9,59,Normal
2026-02-16 17:28:12.816696,Toronto-c8c6,9,83,Normal
2026-02-16 17:28:13.816696,Toronto-c8c6,28,89,Normal
2026-02-16 17:28:14.816696,Toronto-c8c6,29,25,Normal
2026-02-16 17:28:15.816696,Toronto-c8c6,-30,77,Normal
2026-02-16 17:28:16.816696,Toronto-c8c6,32,48,Normal
2026-02-16 17:28:17.816696,Toronto-c8c6,40,6,Normal
2026-02-16 17:28:18.816696,Toronto-c8c6,16,0,Normal
2026-02-16 17:28:19.816696,Toronto-c8c6,-28,4,Normal
2026-02-16 17:28:20.816696,Toronto-c8c6,3,31,Normal
2026-02-16 17:28:21.816696,Toronto-c8c6,16,19,Normal
2026-02-16 17:28:22.816696,Toronto-c8c6,47,62,Normal
2026-02-16 17:28:23.816696,Toronto-c8c6,23,32,Normal
2026-02-16 17:28:24.816696,Toronto-c8c6,31,70,Normal
2026-02-16 17:28:25.816696,Toronto-c8c6,0,87,Normal
2026-02-16 17:28:26.816696,Toronto-c8c6,-28,31,Normal
2026-02-16 17:28:27.816696,Toronto-c8c6,-12,83,Normal
2026-02-16 17:28:28.816696,Toronto-c8c6,13,36,Normal
2026-02-16 17:28:29.816696,Toronto-c8c6,-5,64,Normal
2026-02-16 17:28:30.816696,Toronto-c8c6,47,79,Normal
2026-02-16 17:28:31.816696,Toronto-c8c6,44,22,Normal
2026-02-16 17:28:32.816696,Toronto-c8c6,4,5,Normal
2026-02-16 17:28:33.816696,Toronto-c8c6,1,19,Normal
2026-02-16 17:28:34.816696,Toronto-c8c6,7,72,Normal
2026-02-16 17:28:35.816696,Toronto-c8c6,9,13,Normal
2026-02-16 17:28:36.816696,Toronto-c8c6,-22,15,Normal
2026-02-16 17:28:37.816696,Toronto-c8c6,46,50,Normal
2026-02-16 17:28:38.816696,Toronto-c8c6,-18,54,Normal
2026-02-16 17:28:39.816696,Toronto-c8c6,26,13,Normal
2026-02-16 17:28:40.816696,Toronto-c8c6,-8,81,Normal
2026-02-16 17:28:41.816696,Toronto-c8c6,38,10,Normal
2026-02-16 17:28:42.816696,Toronto-c8c6,-15,91,Normal
2026-02-16 17:28:43.816696,Toronto-c8c6,3,51,Normal
2026-02-16 17:28:44.816696,Toronto-c8c6,32,27,Normal
2026-02-16 17:28:45.816696,Toronto-c8c6,47,55,Normal
2026-02-16 17:28:46.816696,Toronto-c8c6,-7,26,Normal
2026-02-16 17:28:47.816696,Toronto-c8c6,43,100,Normal
2026-02-16 17:28:48.816696,Toronto-c8c6,49,45,Normal
2026-02-16 17:28:49.816696,Toronto-c8c6,-24,85,Normal
2026-02-16 17:28:50.816696,Toronto-c8c6,12,25,Normal
2026-02-16 17:28:51.816696,Toronto-c8c6,9,64,Normal
2026-02-16 17:28:52.816696,Toronto-c8c6,14,93,Normal
2026-02-16 17:28:53.816696,Toronto-c8c6,-5,78,Normal
2026-02-16 17:28:54.816696,Toronto-c8c6,23,54,Normal
2026-02-16 17:28:55.816696,Toronto-c8c6,31,92,Normal
2026-02-16 17:28:56.816696,Toronto-c8c6,47,81,Normal
2026-02-16 17:28:57.816696,Toronto-c8c6,14,1,Normal
2026-02-16 17:28:58.816696,Toronto-c8c6,25,62,Normal
2026-02-16 17:28:59.816696,Toronto-c8c6,22,50,Normal
2026-02-16 17:29:00.816696,Toronto-c8c6,-24,69,Normal
2026-02-16 17:29:01.816696,Toronto-c8c6,43,30,Normal
2026-02-16 17:29:02.816696,Toronto-c8c6,7,95,Normal
2026-02-16 17:29:03.816696,Toronto-c8c6,38,21,Normal
2026-02-16 17:29:04.816696,Toronto-c8c6,42,22,Normal
2026-02-16 17:29:05.816696,Toronto-c8c6,27,55,Normal
2026-02-16 17:29:06.816696,Toronto-c8c6,9,99,Normal
2026-02-16 17:29:07.816696,Toronto-c8c6,14,45,Normal
2026-02-16 17:29:08.816696,Toronto-c8c6,-15,24,Normal
2026-02-16 17:29:09.816696,Toronto-c8c6,41,12,Normal
2026-02-16 17:29:10.816696,Toronto-c8c6,8,49,Normal
2026-02-16 17:29:11.816696,Toronto-c8c6,23,99,Normal
2026-02-16 17:29:12.816696,Toronto-c8c6,-7,23,Normal
2026-02-16 17:29:13.816696,Toronto-c8c6,24,38,Normal
2026-02-16 17:29:14.816696,Toronto-c8c6,-22,9,Normal
2026-02-16 17:29:15.816696,Toronto-c8c6,29,17,Normal
2026-02-16 17:29:16.816696,Toronto-c8c6,12,94,Normal
2026-02-16 17:29:17.816696,Toronto-c8c6,1,3,Normal
2026-02-16 17:29:18.816696,Toronto-c8c6,39,33,Normal
2026-02-16 17:29:19.816696,Toronto-c8c6,19,9,Normal
2026-02-16 17:29:20.816696,Toronto-c8c6,-10,70,Normal
2026-02-16 17:29:21.816696,Toronto-c8c6,26,5,Normal
2026-02-16 17:29:22.816696,Toronto-c8c6,-3,51,Normal
2026-02-16 17:29:23.816696,Toronto-c8c6,7,27,Normal
2026-02-16 17:29:24.816696,Toronto-c8c6,-25,83,Normal
2026-02-16 17:29:25.816696,Toronto-c8c6,-6,95,Normal
2026-02-16 17:29:26.816696,Toronto-c8c6,37,78,Normal
2026-02-16 17:29:27.816696,Toronto-c8c6,38,45,Normal
2026-02-16 17:29:28.816696,Toronto-c8c6,5,91,Normal
2026-02-16 17:29:29.816696,Toronto-c8c6,1,67,Normal
2026-02-16 17:29:30.816696,Toronto-c8c6,3,3,Normal
2026-02-16 17:29:31.816696,Toronto-c8c6,38,3,Normal
2026-02-16 17:29:32.816696,Toronto-c8c6,1,18,Normal
2026-02-16 17:29:33.816696,Toronto-c8c6,-18,32,Normal
2026-02-16 17:29:34.816696,Toronto-c8c6,38,12,Normal
2026-02-16 17:29:35.816696,Toronto-c8c6,8,80,Normal
2026-02-16 17:29:36.816696,Toronto-c8c6,36,11,Normal
2026-02-16 17:29:37.816696,Toronto-c8c6,-27,15,Normal
2026-02-16 17:29:38.816696,Toronto-c8c6,29,58,Normal
2026-02-16 17:29:39.816696,Toronto-c8c6,11,72,Normal
2026-02-16 17:29:40.816696,Toronto-c8c6,31,56,Normal
2026-02-16 17:29:41.816696,Toronto-c8c6,22,41,Normal
2026-02-16 17:29:42.816696,Toronto-c8c6,1,33,Normal
2026-02-16 17:29:43.816696,Toronto-c8c6,-5,47,Normal
2026-02-16 17:29:44.816696,Toronto-c8c6,22,1,Normal
2026-02-16 17:29:45.816696,Toronto-c8c6,38,87,Normal
2026-02-16 17:29:46.816696,Toronto-c8c6,-12,67,Normal
2026-02-16 17:29:47.816696,Toronto-c8c6,-19,67,Normal
2026-02-16 17:29:48.816696,Toronto-c8c6,-3,95,Normal
2026-02-16 17:29:49.816696,Toronto-c8c6,47,23,Normal
2026-02-16 17:29:50.816696,Toronto-c8c6,-25,82,Normal
2026-02-16 17:29:51.816696,Toronto-c8c6,-22,96,Normal
2026-02-16 17:29:52.816696,Toronto-c8c6,4,26,Normal
2026-02-16 17:29:53.816696,Toronto-c8c6,17,33,Normal
2026-02-16 17:29:54.816696,Toronto-c8c6,-21,19,Normal
2026-02-16 17:29:55.816696,Toronto-c8c6,9,76,Normal
2026-02-16 17:29:56.816696,Toronto-c8c6,-27,69,Normal
2026-02-16 17:29:57.816696,Toronto-c8c6,12,39,Normal
2026-02-16 17:29:58.816696,Toronto-c8c6,-6,30,Normal
2026-02-16 17:29:59.816696,Toronto-c8c6,20,47,Normal
2026-02-16 17:30:00.816696,Toronto-c8c6,-29,56,Normal
2026-02-16 17:30:01.816696,Toronto-c8c6,8,16,Normal
2026-02-16 17:30:02.816696,Toronto-c8c6,-21,66,Normal
2026-02-16 17:30:03.816696,Toronto-c8c6,8,14,Normal
2026-02-16 17:30:04.816696,Toronto-c8c6,35,63,Normal
2026-02-16 17:30:05.816696,Toronto-c8c6,-25,26,Normal
2026-02-16 17:30:06.816696,Toronto-c8c6,33,24,Normal
2026-02-16 17:30:07.816696,Toronto-c8c6,39,36,Normal
2026-02-16 17:30:08.816696,Toronto-c8c6,28,50,Normal
2026-02-16 17:30:09.816696,Toronto-c8c6,11,76,Normal
2026-02-16 17:30:10.816696,Toronto-c8c6,21,12,Normal
2026-02-16 17:30:11.816696,Toronto-c8c6,49,12,Normal
2026-02-16 17:30:12.816696,Toronto-c8c6,48,63,Normal
2026-02-16 17:30:13.816696,Toronto-c8c6,5,89,Normal
2026-02-16 17:30:14.816696,Toronto-c8c6,9,22,Normal
2026-02-16 17:30:15.816696,Toronto-c8c6,27,40,Normal
2026-02-16 17:30:16.816696,Toronto-c8c6,14,55,Normal
2026-02-16 17:30:17.816696,Toronto-c8c6,15,82,Normal
2026-02-16 17:30:18.816696,Toronto-c8c6,-15,23,Normal
2026-02-16 17:30:19.816696,Toronto-c8c6,23,67,Normal
2026-02-16 17:30:20.816696,Toronto-c8c6,-13,5,Normal
2026-02-16 17:30:21.816696,Toronto-c8c6,-26,0,Normal
2026-02-16 17:30:22.816696,Toronto-c8c6,12,55,Normal
2026-02-16 17:30:23.816696,Toronto-c8c6,-12,88,Normal
2026-02-16 17:30:24.816696,Toronto-c8c6,-5,40,Normal
2026-02-16 17:30:25.816696,Toronto-c8c6,24,24,Normal
2026-02-16 17:30:26.816696,Toronto-c8c6,-28,89,Normal
2026-02-16 17:30:27.816696,Toronto-c8c6,-17,66,Normal
2026-02-16 17:30:28.816696,Toronto-c8c6,-14,14,Normal
2026-02-16 17:30:29.816696,Toronto-c8c6,13,70,Normal
2026-02-16 17:30:30.816696,Toronto-c8c6,50,32,Normal
2026-02-16 17:30:31.816696,Toronto-c8c6,12,80,Normal
2026-02-16 17:30:32.816696,Toronto-c8c6,25,23,Normal
2026-02-16 17:30:33.816696,Toronto-c8c6,-2,13,Normal
2026-02-16 17:30:34.816696,Toronto-c8c6,-5,87,Normal
2026-02-16 17:30:35.816696,Toronto-c8c6,37,38,Normal
2026-02-16 17:30:36.816696,Toronto-c8c6,-29,26,Normal
2026-02-16 17:30:37.816696,Toronto-c8c6,41,31,Normal
2026-02-16 17:30:38.816696,Toronto-c8c6,7,11,Normal
2026-02-16 17:30:39.816696,Toronto-c8c6,37,37,Normal
2026-02-16 17:30:40.816696,Toronto-c8c6,33,50,Normal
2026-02-16 17:30:41.816696,Toronto-c8c6,7,42,Normal
2026-02-16 17:30:42.816696,Toronto-c8c6,0,81,Normal
2026-02-16 17:30:43.816696,Toronto-c8c6,-1,93,Normal
2026-02-16 17:30:44.816696,Toronto-c8c6,47,90,Normal
2026-02-16 17:30:45.816696,Toronto-c8c6,-2,92,Normal
2026-02-16 17:30:46.816696,Toronto-c8c6,32,66,Normal
2026-02-16 17:30:47.816696,Toronto-c8c6,-30,59,Normal
2026-02-16 17:30:48.816696,Toronto-c8c6,-14,94,Normal
2026-02-16 17:30:49.816696,Toronto-c8c6,-28,88,Normal
2026-02-16 17:30:50.816696,Toronto-c8c6,-15,29,Normal
2026-02-16 17:30:51.816696,Toronto-c8c6,-14,89,Normal
2026-02-16 17:30:52.816696,Toronto-c8c6,-25,70,Normal
2026-02-16 17:30:53.816696,Toronto-c8c6,17,66,Normal
2026-02-16 17:30:54.816696,Toronto-c8c6,45,19,Normal
2026-02-16 17:30:55.816696,Toronto-c8c6,39,33,Normal
2026-02-16 17:30:56.816696,Toronto-c8c6,31,30,Normal
2026-02-16 17:30:57.816696,Toronto-c8c6,8,95,Normal
2026-02-16 17:30:58.816696,Toronto-c8c6,29,47,Normal
2026-02-16 17:30:59.816696,Toronto-c8c6,17,91,Normal
2026-02-16 17:31:00.816696,Toronto-c8c6,27,98,Normal
2026-02-16 17:31:01.816696,Toronto-c8c6,46,71,Normal
2026-02-16 17:31:02.816696,Toronto-c8c6,38,80,Normal
2026-02-16 17:31:03.816696,Toronto-c8c6,3,23,Normal
2026-02-16 17:31:04.816696,Toronto-c8c6,22,0,Normal
2026-02-16 17:31:05.816696,Toronto-c8c6,38,30,Normal
2026-02-16 17:31:06.816696,Toronto-c8c6,47,91,Normal
2026-02-16 17:31:07.816696,Toronto-c8c6,-17,91,Normal
2026-02-16 17:31:08.816696,Toronto-c8c6,-11,65,Normal
2026-02-16 17:31:09.816696,Toronto-c8c6,2,38,Normal
2026-02-16 17:31:10.816696,Toronto-c8c6,30,59,Normal
2026-02-16 17:31:11.816696,Toronto-c8c6,-25,15,Normal
2026-02-16 17:31:12.816696,Toronto-c8c6,38,21,Normal
2026-02-16 17:31:13.816696,Toronto-c8c6,-1,50,Normal
2026-02-16 17:31:14.816696,Toronto-c8c6,-23,82,Normal
2026-02-16 17:31:15.816696,Toronto-c8c6,-11,51,Normal
2026-02-16 17:31:16.816696,Toronto-c8c6,38,54,Normal
2026-02-16 17:31:17.816696,Toronto-c8c6,-2,89,Normal
2026-02-16 17:31:18.816696,Toronto-c8c6,2,33,Normal
2026-02-16 17:31:19.816696,Toronto-c8c6,-5,16,Normal
2026-02-16 17:31:20.816696,Toronto-c8c6,-24,93,Normal
2026-02-16 17:31:21.816696,Toronto-c8c6,45,71,Normal
2026-02-16 17:31:22.816696,Toronto-c8c6,40,86,Normal
2026-02-16 17:31:23.816696,Toronto-c8c6,31,3,Normal
2026-02-16 17:31:24.816696,Toronto-c8c6,-18,49,Normal
2026-02-16 17:31:25.816696,Toronto-c8c6,30,97,Normal
2026-02-16 17:31:26.816696,Toronto-c8c6,44,0,Normal
2026-02-16 17:31:27.816696,Toronto-c8c6,15,10,Normal
2026-02-16 17:31:28.816696,Toronto-c8c6,31,29,Normal
2026-02-16 17:31:29.816696,Toronto-c8c6,33,36,Normal
2026-02-16 17:31:30.816696,Toronto-c8c6,3,88,Normal
2026-02-16 17:31:31.816696,Toronto-c8c6,34,55,Normal
2026-02-16 17:31:32.816696,Toronto-c8c6,43,55,Normal
2026-02-16 17:31:33.816696,Toronto-c8c6,1,29,Normal
2026-02-16 17:31:34.816696,Toronto-c8c6,49,51,Normal
2026-02-16 17:31:35.816696,Toronto-c8c6,37,49,Normal
2026-02-16 17:31:36.816696,Toronto-c8c6,5,81,Normal
2026-02-16 17:31:37.816696,Toronto-c8c6,-6,9,Normal
2026-02-16 17:31:38.816696,Toronto-c8c6,-26,63,Normal
2026-02-16 17:31:39.816696,Toronto-c8c6,36,8,Normal
2026-02-16 17:31:40.816696,Toronto-c8c6,39,28,Normal
2026-02-16 17:31:41.816696,Toronto-c8c6,1,3,Normal
2026-02-16 17:31:42.816696,Toronto-c8c6,31,87,Normal
2026-02-16 17:31:43.816696,Toronto-c8c6,24,7,Normal
2026-02-16 17:31:44.816696,Toronto-c8c6,-15,77,Normal
2026-02-16 17:31:45.816696,Toronto-c8c6,-26,40,Normal
2026-02-16 17:31:46.816696,Toronto-c8c6,36,25,Normal
2026-02-16 17:31:47.816696,Toronto-c8c6,31,71,Normal
2026-02-16 17:31:48.816696,Toronto-c8c6,13,16,Normal
2026-02-16 17:31:49.816696,Toronto-c8c6,27,76,Normal
2026-02-16 17:31:50.816696,Toronto-c8c6,2,61,Normal
2026-02-16 17:31:51.816696,Toronto-c8c6,20,24,Normal
2026-02-16 17:31:52.816696,Toronto-c8c6,10,33,Normal
2026-02-16 17:31:53.816696,Toronto-c8c6,13,34,Normal
2026-02-16 17:31:54.816696,Toronto-c8c6,16,23,Normal
2026-02-16 17:31:55.816696,Toronto-c8c6,36,90,Normal
2026-02-16 17:31:56.816696,Toronto-c8c6,-6,60,Normal
2026-02-16 17:31:57.816696,Toronto-c8c6,31,97,Normal
2026-02-16 17:31:58.816696,Toronto-c8c6,47,39,Normal
2026-02-16 17:31:59.816696,Toronto-c8c6,-5,30,Normal
2026-02-16 17:32:00.816696,Toronto-c8c6,21,29,Normal
2026-02-16 17:32:01.816696,Toronto-c8c6,18,34,Normal
2026-02-16 17:32:02.816696,Toronto-c8c6,-8,25,Normal
2026-02-16 17:32:03.816696,Toronto-c8c6,49,22,Normal
2026-02-16 17:32:04.816696,Toronto-c8c6,-27,5,Normal
2026-02-16 17:32:05.816696,Toronto-c8c6,1,53,Normal
2026-02-16 17:32:06.816696,Toronto-c8c6,3,56,Normal
2026-02-16 17:32:07.816696,Toronto-c8c6,-7,67,Normal
2026-02-16 17:32:08.816696,Toronto-c8c6,17,17,Normal
2026-02-16 17:32:09.816696,Toronto-c8c6,-10,43,Normal
2026-02-16 17:32:10.816696,Toronto-c8c6,-9,18,Normal
2026-02-16 17:32:11.816696,Toronto-c8c6,38,63,Normal
2026-02-16 17:32:12.816696,Toronto-c8c6,29,85,Normal
2026-02-16 17:32:13.816696,Toronto-c8c6,36,15,Normal
2026-02-16 17:32:14.816696,Toronto-c8c6,6,73,Normal
2026-02-16 17:32:15.816696,Toronto-c8c6,44,74,Normal
2026-02-16 17:32:16.816696,Toronto-c8c6,47,29,Normal
2026-02-16 17:32:17.816696,Toronto-c8c6,20,46,Normal
2026-02-16 17:32:18.816696,Toronto-c8c6,-18,55,Normal
2026-02-16 17:32:19.816696,Toronto-c8c6,33,84,Normal
2026-02-16 17:32:20.816696,Toronto-c8c6,-7,67,Normal
2026-02-16 17:32:21.816696,Toronto-c8c6,15,41,Normal
2026-02-16 17:32:22.816696,Toronto-c8c6,-24,66,Normal
2026-02-16 17:32:23.816696,Toronto-c8c6,-20,13,Normal
2026-02-16 17:32:24.816696,Toronto-c8c6,34,50,Normal
2026-02-16 17:32:25.816696,Toronto-c8c6,16,84,Normal
2026-02-16 17:32:26.816696,Toronto-c8c6,-26,30,Normal
2026-02-16 17:32:27.816696,Toronto-c8c6,11,56,Normal
2026-02-16 17:32:28.816696,Toronto-c8c6,20,27,Normal
2026-02-16 17:32:29.816696,Toronto-c8c6,-14,24,Normal
2026-02-16 17:32:30.816696,Toronto-c8c6,28,22,Normal
2026-02-16 17:32:31.816696,Toronto-c8c6,36,76,Normal
2026-02-16 17:32:32.816696,Toronto-c8c6,17,84,Normal
2026-02-16 17:32:33.816696,Toronto-c8c6,47,8,Normal
2026-02-16 17:32:34.816696,Toronto-c8c6,-14,6,Normal
2026-02-16 17:32:35.816696,Toronto-c8c6,19,43,Normal
2026-02-16 17:32:36.816696,Toronto-c8c6,-2,55,Normal
2026-02-16 17:32:37.816696,Toronto-c8c6,17,99,Normal
2026-02-16 17:32:38.816696,Toronto-c8c6,23,39,Normal
2026-02-16 17:32:39.816696,Toronto-c8c6,-18,39,Normal
2026-02-16 17:32:40.816696,Toronto-c8c6,-12,18,Normal
2026-02-16 17:32:41.816696,Toronto-c8c6,-14,63,Normal
2026-02-16 17:32:42.816696,Toronto-c8c6,-19,92,Normal
2026-02-16 17:32:43.816696,Toronto-c8c6,-9,27,Normal
2026-02-16 17:32:44.816696,Toronto-c8c6,30,33,Normal
2026-02-16 17:32:45.816696,Toronto-c8c6,27,20,Normal
2026-02-16 17:32:46.816696,Toronto-c8c6,25,49,Normal
2026-02-16 17:32:47.816696,Toronto-c8c6,21,51,Normal
2026-02-16 17:32:48.816696,Toronto-c8c6,23,50,Normal
2026-02-16 17:32:49.816696,Toronto-c8c6,-18,53,Normal
2026-02-16 17:32:50.816696,Toronto-c8c6,-19,16,Normal
2026-02-16 17:32:51.816696,Toronto-c8c6,13,6,Normal
2026-02-16 17:32:52.816696,Toronto-c8c6,38,89,Normal
2026-02-16 17:32:53.816696,Toronto-c8c6,-5,30,Normal
2026-02-16 17:32:54.816696,Toronto-c8c6,8,36,Normal
2026-02-16 17:32:55.816696,Toronto-c8c6,-14,7,Normal
2026-02-16 17:32:56.816696,Toronto-c8c6,-23,100,Normal
2026-02-16 17:32:57.816696,Toronto-c8c6,36,66,Normal
2026-02-16 17:32:58.816696,Toronto-c8c6,12,21,Normal
2026-02-16 17:32:59.816696,Toronto-c8c6,-21,39,Normal
2026-02-16 17:33:00.816696,Toronto-c8c6,28,24,Normal
2026-02-16 17:33:01.816696,Toronto-c8c6,-28,97,Normal
2026-02-16 17:33:02.816696,Toronto-c8c6,18,52,Normal
2026-02-16 17:33:03.816696,Toronto-c8c6,9,92,Normal
2026-02-16 17:33:04.816696,Toronto-c8c6,-27,51,Normal
2026-02-16 17:33:05.816696,Toronto-c8c6,44,88,Normal
2026-02-16 17:33:06.816696,Toronto-c8c6,46,60,Normal
2026-02-16 17:33:07.816696,Toronto-c8c6,-29,38,Normal
2026-02-16 17:33:08.816696,Toronto-c8c6,-10,70,Normal
2026-02-16 17:33:09.816696,Toronto-c8c6,12,37,Normal
2026-02-16 17:33:10.816696,Toronto-c8c6,45,35,Normal
2026-02-16 17:33:11.816696,Toronto-c8c6,43,78,Normal
2026-02-16 17:33:12.816696,Toronto-c8c6,27,46,Normal
2026-02-16 17:33:13.816696,Toronto-c8c6,14,50,Normal
2026-02-16 17:33:14.816696,Toronto-c8c6,-28,77,Normal
2026-02-16 17:33:15.816696,Toronto-c8c6,21,28,Normal
2026-02-16 17:33:16.816696,Toronto-c8c6,-22,3,Normal
2026-02-16 17:33:17.816696,Toronto-c8c6,38,30,Normal
2026-02-16 17:33:18.816696,Toronto-c8c6,-7,66,Normal
2026-02-16 17:33:19.816696,Toronto-c8c6,-2,9,Normal
2026-02-16 17:33:20.816696,Toronto-c8c6,-12,23,Normal
2026-02-16 17:33:21.816696,Toronto-c8c6,15,56,Normal
2026-02-16 17:33:22.816696,Toronto-c8c6,39,62,Normal
2026-02-16 17:33:23.816696,Toronto-c8c6,8,9,Normal
2026-02-16 17:33:24.816696,Toronto-c8c6,31,2,Normal
2026-02-16 17:33:25.816696,Toronto-c8c6,41,3,Normal
2026-02-16 17:33:26.816696,Toronto-c8c6,-9,66,Normal
2026-02-16 17:33:27.816696,Toronto-c8c6,20,42,Normal
2026-02-16 17:33:28.816696,Toronto-c8c6,16,82,Normal
2026-02-16 17:33:29.816696,Toronto-c8c6,43,14,Normal
2026-02-16 17:33:30.816696,Toronto-c8c6,-14,7,Normal
2026-02-16 17:33:31.816696,Toronto-c8c6,27,91,Normal
2026-02-16 17:33:32.816696,Toronto-c8c6,5,66,Normal
2026-02-16 17:33:33.816696,Toronto-c8c6,50,67,Normal
2026-02-16 17:33:34.816696,Toronto-c8c6,20,57,Normal
2026-02-16 17:33:35.816696,Toronto-c8c6,-4,59,Normal
2026-02-16 17:33:36.816696,Toronto-c8c6,-16,7,Normal
2026-02-16 17:33:37.816696,Toronto-c8c6,37,85,Normal
2026-02-16 17:33:38.816696,Toronto-c8c6,19,51,Normal
2026-02-16 17:33:39.816696,Toronto-c8c6,-16,7,Normal
2026-02-16 17:33:40.816696,Toronto-c8c6,-23,99,Normal
2026-02-16 17:33:41.816696,Toronto-c8c6,32,44,Normal
2026-02-16 17:33:42.816696,Toronto-c8c6,25,89,Normal
2026-02-16 17:33:43.816696,Toronto-c8c6,19,78,Normal
2026-02-16 17:33:44.816696,Toronto-c8c6,5,73,Normal
2026-02-16 17:33:45.816696,Toronto-c8c6,17,66,Normal
2026-02-16 17:33:46.816696,Toronto-c8c6,29,35,Normal
2026-02-16 17:33:47.816696,Toronto-c8c6,-22,2,Normal
2026-02-16 17:33:48.816696,Toronto-c8c6,-28,36,Normal
2026-02-16 17:33:49.816696,Toronto-c8c6,-16,26,Normal
2026-02-16 17:33:50.816696,Toronto-c8c6,-14,37,Normal
2026-02-16 17:33:51.816696,Toronto-c8c6,19,76,Normal
2026-02-16 17:33:52.816696,Toronto-c8c6,-28,55,Normal
2026-02-16 17:33:53.816696,Toronto-c8c6,15,69,Normal
2026-02-16 17:33:54.816696,Toronto-c8c6,1,36,Normal
2026-02-16 17:33:55.816696,Toronto-c8c6,-6,45,Normal
2026-02-16 17:33:56.816696,Toronto-c8c6,48,74,Normal
2026-02-16 17:33:57.816696,Toronto-c8c6,-14,85,Normal
2026-02-16 17:33:58.816696,Toronto-c8c6,-26,59,Normal
2026-02-16 17:33:59.816696,Toronto-c8c6,47,9,Normal
2026-02-16 17:34:00.816696,Toronto-c8c6,-18,6,Normal
2026-02-16 17:34:01.816696,Toronto-c8c6,-9,65,Normal
2026-02-16 17:34:02.816696,Toronto-c8c6,-24,65,Normal
2026-02-16 17:34:03.816696,Toronto-c8c6,32,71,Normal
2026-02-16 17:34:04.816696,Toronto-c8c6,30,96,Normal
2026-02-16 17:34:05.816696,Toronto-c8c6,28,13,Normal
2026-02-16 17:34:06.816696,Toronto-c8c6,-23,76,Normal
2026-02-16 17:34:07.816696,Toronto-c8c6,-7,78,Normal
2026-02-16 17:34:08.816696,Toronto-c8c6,41,15,Normal
2026-02-16 17:34:09.816696,Toronto-c8c6,13,67,Normal
2026-02-16 17:34:10.816696,Toronto-c8c6,42,64,Normal
2026-02-16 17:34:11.816696,Toronto-c8c6,43,49,Normal
2026-02-16 17:34:12.816696,Toronto-c8c6,44,39,Normal
2026-02-16 17:34:13.816696,Toronto-c8c6,-5,75,Normal
2026-02-16 17:34:14.816696,Toronto-c8c6,0,42,Normal
2026-02-16 17:34:15.816696,Toronto-c8c6,5,28,Normal
2026-02-16 17:34:16.816696,Toronto-c8c6,3,31,Normal
2026-02-16 17:34:17.816696,Toronto-c8c6,21,0,Normal
2026-02-16 17:34:18.816696,Toronto-c8c6,18,35,Normal
2026-02-16 17:34:19.816696,Toronto-c8c6,22,51,Normal
2026-02-16 17:34:20.816696,Toronto-c8c6,33,56,Normal
2026-02-16 17:34:21.816696,Toronto-c8c6,13,42,Normal
2026-02-16 17:34:22.816696,Toronto-c8c6,-6,1,Normal
2026-02-16 17:34:23.816696,Toronto-c8c6,-28,5,Normal
2026-02-16 17:34:24.816696,Toronto-c8c6,35,100,Normal
2026-02-16 17:34:25.816696,Toronto-c8c6,26,92,Normal
2026-02-16 17:34:26.816696,Toronto-c8c6,22,16,Normal
2026-02-16 17:34:27.816696,Toronto-c8c6,26,35,Normal
2026-02-16 17:34:28.816696,Toronto-c8c6,47,90,Normal
2026-02-16 17:34:29.816696,Toronto-c8c6,-2,54,Normal
2026-02-16 17:34:30.816696,Toronto-c8c6,28,51,Normal
2026-02-16 17:34:31.816696,Toronto-c8c6,38,51,Normal
2026-02-16 17:34:32.816696,Toronto-c8c6,-17,100,Normal
2026-02-16 17:34:33.816696,Toronto-c8c6,-11,3,Normal
2026-02-16 17:34:34.816696,Toronto-c8c6,35,88,Normal
2026-02-16 17:34:35.816696,Toronto-c8c6,38,21,Normal
2026-02-16 17:34:36.816696,Toronto-c8c6,-4,57,Normal
2026-02-16 17:34:37.816696,Toronto-c8c6,14,97,Normal
2026-02-16 17:34:38.816696,Toronto-c8c6,-22,27,Normal
2026-02-16 17:34:39.816696,Toronto-c8c6,-14,24,Normal
2026-02-16 17:34:40.816696,Toronto-c8c6,-19,13,Normal
2026-02-16 17:34:41.816696,Toronto-c8c6,40,95,Normal
2026-02-16 17:34:42.816696,Toronto-c8c6,-2,52,Normal
2026-02-16 17:34:43.816696,Toronto-c8c6,6,31,Normal
2026-02-16 17:34:44.816696,Toronto-c8c6,-27,75,Normal
2026-02-16 17:34:45.816696,Toronto-c8c6,-20,4,Normal
2026-02-16 17:34:46.816696,Toronto-c8c6,32,41,Normal
2026-02-16 17:34:47.816696,Toronto-c8c6,44,16,Normal
2026-02-16 17:34:48.816696,Toronto-c8c6,-4,48,Normal
2026-02-16 17:34:49.816696,Toronto-c8c6,12,99,Normal
2026-02-16 17:34:50.816696,Toronto-c8c6,-2,79,Normal
2026-02-16 17:34:51.816696,Toronto-c8c6,-21,93,Normal
2026-02-16 17:34:52.816696,Toronto-c8c6,27,0,Normal
2026-02-16 17:34:53.816696,Toronto-c8c6,42,92,Normal
2026-02-16 17:34:54.816696,Toronto-c8c6,15,74,Normal
2026-02-16 17:34:55.816696,Toronto-c8c6,49,34,Normal
2026-02-16 17:34:56.816696,Toronto-c8c6,32,61,Normal
2026-02-16 17:34:57.816696,Toronto-c8c6,50,52,Normal
2026-02-16 17:34:58.816696,Toronto-c8c6,-11,9,Normal
2026-02-16 17:34:59.816696,Toronto-c8c6,2,34,Normal
2026-02-16 17:35:00.816696,Toronto-c8c6,-13,21,Normal
2026-02-16 17:35:01.816696,Toronto-c8c6,0,5,Normal
2026-02-16 17:35:02.816696,Toronto-c8c6,-3,7,Normal
2026-02-16 17:35:03.816696,Toronto-c8c6,21,9,Normal
2026-02-16 17:35:04.816696,Toronto-c8c6,-14,94,Normal
2026-02-16 17:35:05.816696,Toronto-c8c6,-20,87,Normal
2026-02-16 17:35:06.816696,Toronto-c8c6,37,99,Normal
2026-02-16 17:35:07.816696,Toronto-c8c6,16,56,Normal
2026-02-16 17:35:08.816696,Toronto-c8c6,29,7,Normal
2026-02-16 17:35:09.816696,Toronto-c8c6,-23,79,Normal
2026-02-16 17:35:10.816696,Toronto-c8c6,-29,13,Normal
2026-02-16 17:35:11.816696,Toronto-c8c6,7,30,Normal
2026-02-16 17:35:12.816696,Toronto-c8c6,-22,4,Normal
2026-02-16 17:35:13.816696,Toronto-c8c6,13,79,Normal
2026-02-16 17:35:14.816696,Toronto-c8c6,31,33,Normal
2026-02-16 17:35:15.816696,Toronto-c8c6,-14,99,Normal
2026-02-16 17:35:16.816696,Toronto-c8c6,-17,0,Normal
2026-02-16 17:35:17.816696,Toronto-c8c6,8,33,Normal
2026-02-16 17:35:18.816696,Toronto-c8c6,21,64,Normal
2026-02-16 17:35:19.816696,Toronto-c8c6,-9,17,Normal
2026-02-16 17:35:20.816696,Toronto-c8c6,10,94,Normal
2026-02-16 17:35:21.816696,Toronto-c8c6,12,44,Normal
2026-02-16 17:35:22.816696,Toronto-c8c6,42,90,Normal
2026-02-16 17:35:23.816696,Toronto-c8c6,-24,78,Normal
2026-02-16 17:35:24.816696,Toronto-c8c6,31,70,Normal
2026-02-16 17:35:25.816696,Toronto-c8c6,-9,72,Normal
2026-02-16 17:35:26.816696,Toronto-c8c6,-20,95,Normal
2026-02-16 17:35:27.816696,Toronto-c8c6,-15,30,Normal
2026-02-16 17:35:28.816696,Toronto-c8c6,29,53,Normal
2026-02-16 17:35:29.816696,Toronto-c8c6,30,44,Normal
2026-02-16 17:35:30.816696,Toronto-c8c6,-18,83,Normal
2026-02-16 17:35:31.816696,Toronto-c8c6,-21,24,Normal
2026-02-16 17:35:32.816696,Toronto-c8c6,-13,13,Normal
2026-02-16 17:35:33.816696,Toronto-c8c6,-27,71,Normal
2026-02-16 17:35:34.816696,Toronto-c8c6,-16,40,Normal
2026-02-16 17:35:35.816696,Toronto-c8c6,-3,31,Normal
2026-02-16 17:35:36.816696,Toronto-c8c6,37,54,Normal
2026-02-16 17:35:37.816696,Toronto-c8c6,46,13,Normal
2026-02-16 17:35:38.816696,Toronto-c8c6,-2,92,Normal
2026-02-16 17:35:39.816696,Toronto-c8c6,-10,29,Normal
2026-02-16 17:35:40.816696,Toronto-c8c6,-6,43,Normal
2026-02-16 17:35:41.816696,Toronto-c8c6,-10,22,Normal
2026-02-16 17:35:42.816696,Toronto-c8c6,-19,10,Normal
2026-02-16 17:35:43.816696,Toronto-c8c6,-17,81,Normal
2026-02-16 17:35:44.816696,Toronto-c8c6,12,85,Normal
2026-02-16 17:35:45.816696,Toronto-c8c6,29,10,Normal
2026-02-16 17:35:46.816696,Toronto-c8c6,20,75,Normal
2026-02-16 17:35:47.816696,Toronto-c8c6,12,70,Normal
2026-02-16 17:35:48.816696,Toronto-c8c6,-6,35,Normal
2026-02-16 17:35:49.816696,Toronto-c8c6,-18,33,Normal
2026-02-16 17:35:50.816696,Toronto-c8c6,8,49,Normal
2026-02-16 17:35:51.816696,Toronto-c8c6,16,11,Normal
2026-02-16 17:35:52.816696,Toronto-c8c6,-5,6,Normal
2026-02-16 17:35:53.816696,Toronto-c8c6,4,68,Normal
2026-02-16 17:35:54.816696,Toronto-c8c6,-26,63,Normal
2026-02-16 17:35:55.816696,Toronto-c8c6,17,60,Normal
2026-02-16 17:35:56.816696,Toronto-c8c6,8,61,Normal
2026-02-16 17:35:57.816696,Toronto-c8c6,4,70,Normal
2026-02-16 17:35:58.816696,Toronto-c8c6,29,79,Normal
2026-02-16 17:35:59.816696,Toronto-c8c6,24,51,Normal
2026-02-16 17:36:00.816696,Toronto-c8c6,-1,76,Normal
2026-02-16 17:36:01.816696,Toronto-c8c6,21,45,Normal
2026-02-16 17:36:02.816696,Toronto-c8c6,-8,4,Normal
2026-02-16 17:36:03.816696,Toronto-c8c6,13,70,Normal
2026-02-16 17:36:04.816696,Toronto-c8c6,12,55,Normal
2026-02-16 17:36:05.816696,Toronto-c8c6,-21,20,Normal
2026-02-16 17:36:06.816696,Toronto-c8c6,-10,84,Normal
2026-02-16 17:36:07.816696,Toronto-c8c6,32,68,Normal
2026-02-16 17:36:08.816696,Toronto-c8c6,30,91,Normal
2026-02-16 17:36:09.816696,Toronto-c8c6,24,73,Normal
2026-02-16 17:36:10.816696,Toronto-c8c6,-22,96,Normal
2026-02-16 17:36:11.816696,Toronto-c8c6,-18,15,Normal
2026-02-16 17:36:12.816696,Toronto-c8c6,-3,51,Normal
2026-02-16 17:36:13.816696,Toronto-c8c6,-7,64,Normal
2026-02-16 17:36:14.816696,Toronto-c8c6,-24,77,Normal
2026-02-16 17:36:15.816696,Toronto-c8c6,-29,17,Normal
2026-02-16 17:36:16.816696,Toronto-c8c6,-12,61,Normal
2026-02-16 17:36:17.816696,Toronto-c8c6,14,99,Normal
2026-02-16 17:36:18.816696,Toronto-c8c6,-9,78,Normal
2026-02-16 17:36:19.816696,Toronto-c8c6,-11,33,Normal
2026-02-16 17:36:20.816696,Toronto-c8c6,39,81,Normal
2026-02-16 17:36:21.816696,Toronto-c8c6,-10,59,Normal
2026-02-16 17:36:22.816696,Toronto-c8c6,-9,34,Normal
2026-02-16 17:36:23.816696,Toronto-c8c6,-5,98,Normal
2026-02-16 17:36:24.816696,Toronto-c8c6,-18,94,Normal
2026-02-16 17:36:25.816696,Toronto-c8c6,-8,10,Normal
2026-02-16 17:36:26.816696,Toronto-c8c6,2,72,Normal
2026-02-16 17:36:27.816696,Toronto-c8c6,-17,37,Normal
2026-02-16 17:36:28.816696,Toronto-c8c6,25,63,Normal
2026-02-16 17:36:29.816696,Toronto-c8c6,19,21,Normal
2026-02-16 17:36:30.816696,Toronto-c8c6,2,33,Normal
2026-02-16 17:36:31.816696,Toronto-c8c6,-27,83,Normal
2026-02-16 17:36:32.816696,Toronto-c8c6,-4,31,Normal
2026-02-16 17:36:33.816696,Toronto-c8c6,2,14,Normal
2026-02-16 17:36:34.816696,Toronto-c8c6,0,37,Normal
2026-02-16 17:36:35.816696,Toronto-c8c6,45,9,Normal
2026-02-16 17:36:36.816696,Toronto-c8c6,36,57,Normal
2026-02-16 17:36:37.816696,Toronto-c8c6,30,66,Normal
2026-02-16 17:36:38.816696,Toronto-c8c6,25,76,Normal
2026-02-16 17:36:39.816696,Toronto-c8c6,39,2,Normal
2026-02-16 17:36:40.816696,Toronto-c8c6,18,69,Normal
2026-02-16 17:36:41.816696,Toronto-c8c6,24,25,Normal
2026-02-16 17:36:42.816696,Toronto-c8c6,33,27,Normal
2026-02-16 17:36:43.816696,Toronto-c8c6,-15,11,Normal
2026-02-16 17:36:44.816696,Toronto-c8c6,-8,73,Normal
2026-02-16 17:36:45.816696,Toronto-c8c6,-12,95,Normal
2026-02-16 17:36:46.816696,Toronto-c8c6,36,18,Normal
2026-02-16 17:36:47.816696,Toronto-c8c6,3,98,Normal
2026-02-16 17:36:48.816696,Toronto-c8c6,10,30,Normal
2026-02-16 17:36:49.816696,Toronto-c8c6,-26,84,Normal
2026-02-16 17:36:50.816696,Toronto-c8c6,23,12,Normal
2026-02-16 17:36:51.816696,Toronto-c8c6,49,81,Normal
2026-02-16 17:36:52.816696,Toronto-c8c6,-8,65,Normal
2026-02-16 17:36:53.816696,Toronto-c8c6,27,69,Normal
2026-02-16 17:36:54.816696,Toronto-c8c6,17,76,Normal
2026-02-16 17:36:55.816696,Toronto-c8c6,1,21,Normal
2026-02-16 17:36:56.816696,Toronto-c8c6,4,32,Normal
2026-02-16 17:36:57.816696,Toronto-c8c6,38,0,Normal
2026-02-16 17:36:58.816696,Toronto-c8c6,43,79,Normal
2026-02-16 17:36:59.816696,Toronto-c8c6,30,84,Normal
2026-02-16 17:37:00.816696,Toronto-c8c6,-2,43,Normal
2026-02-16 17:37:01.816696,Toronto-c8c6,37,76,Normal
2026-02-16 17:37:02.816696,Toronto-c8c6,-8,93,Normal
2026-02-16 17:37:03.816696,Toronto-c8c6,-2,87,Normal
2026-02-16 17:37:04.816696,Toronto-c8c6,42,77,Normal
2026-02-16 17:37:05.816696,Toronto-c8c6,49,88,Normal
2026-02-16 17:37:06.816696,Toronto-c8c6,22,19,Normal
2026-02-16 17:37:07.816696,Toronto-c8c6,46,86,Normal
2026-02-16 17:37:08.816696,Toronto-c8c6,10,90,Normal
2026-02-16 17:37:09.816696,Toronto-c8c6,-14,90,Normal
2026-02-16 17:37:10.816696,Toronto-c8c6,-9,90,Normal
2026-02-16 17:37:11.816696,Toronto-c8c6,39,24,Normal
2026-02-16 17:37:12.816696,Toronto-c8c6,-26,60,Normal
2026-02-16 17:37:13.816696,Toronto-c8c6,46,82,Normal
2026-02-16 17:37:14.816696,Toronto-c8c6,-18,24,Normal
2026-02-16 17:37:15.816696,Toronto-c8c6,29,49,Normal
2026-02-16 17:37:16.816696,Toronto-c8c6,-28,21,Normal
2026-02-16 17:37:17.816696,Toronto-c8c6,28,32,Normal
2026-02-16 17:37:18.816696,Toronto-c8c6,-26,89,Normal
2026-02-16 17:37:19.816696,Toronto-c8c6,-8,73,Normal
2026-02-16 17:37:20.816696,Toronto-c8c6,4,94,Normal
2026-02-16 17:37:21.816696,Toronto-c8c6,-23,26,Normal
2026-02-16 17:37:22.816696,Toronto-c8c6,-3,5,Normal
2026-02-16 17:37:23.816696,Toronto-c8c6,-18,39,Normal
2026-02-16 17:37:24.816696,Toronto-c8c6,-27,7,Normal
2026-02-16 17:37:25.816696,Toronto-c8c6,6,36,Normal
2026-02-16 17:37:26.816696,Toronto-c8c6,19,84,Normal
2026-02-16 17:37:27.816696,Toronto-c8c6,9,98,Normal
2026-02-16 17:37:28.816696,Toronto-c8c6,-16,77,Normal
2026-02-16 17:37:29.816696,Toronto-c8c6,-24,5,Normal
2026-02-16 17:37:30.816696,Toronto-c8c6,14,27,Normal
2026-02-16 17:37:31.816696,Toronto-c8c6,21,34,Normal
2026-02-16 17:37:32.816696,Toronto-c8c6,45,75,Normal
2026-02-16 17:37:33.816696,Toronto-c8c6,39,48,Normal
2026-02-16 17:37:34.816696,Toronto-c8c6,-22,50,Normal
2026-02-16 17:37:35.816696,Toronto-c8c6,34,26,Normal
2026-02-16 17:37:36.816696,Toronto-c8c6,17,24,Normal
2026-02-16 17:37:37.816696,Toronto-c8c6,46,0,Normal
2026-02-16 17:37:38.816696,Toronto-c8c6,14,4,Normal
2026-02-16 17:37:39.816696,Toronto-c8c6,16,61,Normal
2026-02-16 17:37:40.816696,Toronto-c8c6,-17,42,Normal
2026-02-16 17:37:41.816696,Toronto-c8c6,24,68,Normal
2026-02-16 17:37:42.816696,Toronto-c8c6,-28,23,Normal
2026-02-16 17:37:43.816696,Toronto-c8c6,-1,89,Normal
2026-02-16 17:37:44.816696,Toronto-c8c6,15,14,Normal
2026-02-16 17:37:45.816696,Toronto-c8c6,-4,28,Normal
2026-02-16 17:37:46.816696,Toronto-c8c6,-22,28,Normal
2026-02-16 17:37:47.816696,Toronto-c8c6,-25,8,Normal
2026-02-16 17:37:48.816696,Toronto-c8c6,43,2,Normal
2026-02-16 17:37:49.816696,Toronto-c8c6,20,69,Normal
2026-02-16 17:37:50.816696,Toronto-c8c6,-7,35,Normal
2026-02-16 17:37:51.816696,Toronto-c8c6,42,92,Normal
2026-02-16 17:37:52.816696,Toronto-c8c6,-4,15,Normal
2026-02-16 17:37:53.816696,Toronto-c8c6,16,39,Normal
2026-02-16 17:37:54.816696,Toronto-c8c6,-8,58,Normal
2026-02-16 17:37:55.816696,Toronto-c8c6,29,70,Normal
2026-02-16 17:37:56.816696,Toronto-c8c6,-8,24,Normal
2026-02-16 17:37:57.816696,Toronto-c8c6,22,82,Normal
2026-02-16 17:37:58.816696,Toronto-c8c6,-23,0,Normal
2026-02-16 17:37:59.816696,Toronto-c8c6,18,0,Normal
2026-02-16 17:38:00.816696,Toronto-c8c6,25,35,Normal
2026-02-16 17:38:01.816696,Toronto-c8c6,7,75,Normal
2026-02-16 17:38:02.816696,Toronto-c8c6,28,16,Normal
2026-02-16 17:38:03.816696,Toronto-c8c6,41,2,Normal
2026-02-16 17:38:04.816696,Toronto-c8c6,48,83,Normal
2026-02-16 17:38:05.816696,Toronto-c8c6,6,56,Normal
2026-02-16 17:38:06.816696,Toronto-c8c6,25,14,Normal
2026-02-16 17:38:07.816696,Toronto-c8c6,-14,37,Normal
2026-02-16 17:38:08.816696,Toronto-c8c6,8,16,Normal
2026-02-16 17:38:09.816696,Toronto-c8c6,32,9,Normal
2026-02-16 17:38:10.816696,Toronto-c8c6,-9,35,Normal
2026-02-16 17:38:11.816696,Toronto-c8c6,-10,76,Normal
2026-02-16 17:38:12.816696,Toronto-c8c6,14,6,Normal
2026-02-16 17:38:13.816696,Toronto-c8c6,-19,6,Normal
2026-02-16 17:38:14.816696,Toronto-c8c6,-26,35,Normal
2026-02-16 17:38:15.816696,Toronto-c8c6,-10,20,Normal
2026-02-16 17:38:16.816696,Toronto-c8c6,49,6,Normal
2026-02-16 17:38:17.816696,Toronto-c8c6,-8,44,Normal
2026-02-16 17:38:18.816696,Toronto-c8c6,43,41,Normal
2026-02-16 17:38:19.816696,Toronto-c8c6,-8,80,Normal
2026-02-16 17:38:20.816696,Toronto-c8c6,35,38,Normal
2026-02-16 17:38:21.816696,Toronto-c8c6,50,39,Normal
2026-02-16 17:38:22.816696,Toronto-c8c6,9,67,Normal
2026-02-16 17:38:23.816696,Toronto-c8c6,-20,36,Normal
2026-02-16 17:38:24.816696,Toronto-c8c6,13,77,Normal
2026-02-16 17:38:25.816696,Toronto-c8c6,28,90,Normal
2026-02-16 17:38:26.816696,Toronto-c8c6,-18,90,Normal
2026-02-16 17:38:27.816696,Toronto-c8c6,31,46,Normal
2026-02-16 17:38:28.816696,Toronto-c8c6,-28,31,Normal
2026-02-16 17:38:29.816696,Toronto-c8c6,6,19,Normal
2026-02-16 17:38:30.816696,Toronto-c8c6,-23,15,Normal
2026-02-16 17:38:31.816696,Toronto-c8c6,-3,40,Normal
2026-02-16 17:38:32.816696,Toronto-c8c6,-29,20,Normal
2026-02-16 17:38:33.816696,Toronto-c8c6,-29,8,Normal
2026-02-16 17:38:34.816696,Toronto-c8c6,25,22,Normal
2026-02-16 17:38:35.816696,Toronto-c8c6,-27,27,Normal
2026-02-16 17:38:36.816696,Toronto-c8c6,-20,50,Normal
2026-02-16 17:38:37.816696,Toronto-c8c6,-24,47,Normal
2026-02-16 17:38:38.816696,Toronto-c8c6,2,17,Normal
2026-02-16 17:38:39.816696,Toronto-c8c6,-3,5,Normal
2026-02-16 17:38:40.816696,Toronto-c8c6,-15,98,Normal
2026-02-16 17:38:41.816696,Toronto-c8c6,30,42,Normal
2026-02-16 17:38:42.816696,Toronto-c8c6,-25,70,Normal
2026-02-16 17:38:43.816696,Toronto-c8c6,36,46,Normal
2026-02-16 17:38:44.816696,Toronto-c8c6,-15,4,Normal
2026-02-16 17:38:45.816696,Toronto-c8c6,40,38,Normal
2026-02-16 17:38:46.816696,Toronto-c8c6,45,6,Normal
2026-02-16 17:38:47.816696,Toronto-c8c6,29,62,Normal
2026-02-16 17:38:48.816696,Toronto-c8c6,28,56,Normal
2026-02-16 17:38:49.816696,Toronto-c8c6,12,30,Normal
2026-02-16 17:38:50.816696,Toronto-c8c6,50,56,Normal
2026-02-16 17:38:51.816696,Toronto-c8c6,-27,10,Normal
2026-02-16 17:38:52.816696,Toronto-c8c6,38,38,Normal
2026-02-16 17:38:53.816696,Toronto-c8c6,32,18,Normal
2026-02-16 17:38:54.816696,Toronto-c8c6,29,2,Normal
