timestamp,station_id,temp,humid,condition
2026-02-13 20:56:26.589755,Seoul-30b4,38,90,Normal
2026-02-13 20:56:27.589755,Seoul-30b4,49,27,Normal
2026-02-13 20:56:28.589755,Seoul-30b4,38,14,Normal
2026-02-13 20:56:29.589755,Seoul-30b4,-6,16,Normal
2026-02-13 20:56:30.589755,Seoul-30b4,11,37,Normal
2026-02-13 20:56:31.589755,Seoul-30b4,43,81,Normal
2026-02-13 20:56:32.589755,Seoul-30b4,14,69,Normal
2026-02-13 20:56:33.589755,Seoul-30b4,46,65,Normal
2026-02-13 20:56:34.589755,Seoul-30b4,23,12,Normal
2026-02-13 20:56:35.589755,Seoul-30b4,-6,63,Normal
2026-02-13 20:56:36.589755,Seoul-30b4,-30,27,Normal
2026-02-13 20:56:37.589755,Seoul-30b4,7,33,Normal
2026-02-13 20:56:38.589755,Seoul-30b4,40,50,Normal
2026-02-13 20:56:39.589755,Seoul-30b4,10,23,Normal
2026-02-13 20:56:40.589755,Seoul-30b4,-6,89,Normal
2026-02-13 20:56:41.589755,Seoul-30b4,-25,83,Normal
2026-02-13 20:56:42.589755,Seoul-30b4,-5,0,Normal
2026-02-13 20:56:43.589755,Seoul-30b4,-12,22,Normal
2026-02-13 20:56:44.589755,Seoul-30b4,18,90,Normal
2026-02-13 20:56:45.589755,Seoul-30b4,-30,5,Normal
2026-02-13 20:56:46.589755,Seoul-30b4,-20,7,Normal
2026-02-13 20:56:47.589755,Seoul-30b4,36,20,Normal
2026-02-13 20:56:48.589755,Seoul-30b4,32,44,Normal
2026-02-13 20:56:49.589755,Seoul-30b4,-12,98,Normal
2026-02-13 20:56:50.589755,Seoul-30b4,42,9,Normal
2026-02-13 20:56:51.589755,Seoul-30b4,6,69,Normal
2026-02-13 20:56:52.589755,Seoul-30b4,41,33,Normal
2026-02-13 20:56:53.589755,Seoul-30b4,50,93,Normal
2026-02-13 20:56:54.589755,Seoul-30b4,47,21,Normal
2026-02-13 20:56:55.589755,Seoul-30b4,-13,36,Normal
2026-02-13 20:56:56.589755,Seoul-30b4,-21,89,Normal
2026-02-13 20:56:57.589755,Seoul-30b4,45,20,Normal
2026-02-13 20:56:58.589755,Seoul-30b4,1,40,Normal
2026-02-13 20:56:59.589755,Seoul-30b4,-9,33,Normal
2026-02-13 20:57:00.589755,Seoul-30b4,-22,41,Normal
2026-02-13 20:57:01.589755,Seoul-30b4,-3,100,Normal
2026-02-13 20:57:02.589755,Seoul-30b4,9,19,Normal
2026-02-13 20:57:03.589755,Seoul-30b4,47,39,Normal
2026-02-13 20:57:04.589755,Seoul-30b4,33,81,Normal
2026-02-13 20:57:05.589755,Seoul-30b4,8,17,Normal
2026-02-13 20:57:06.589755,Seoul-30b4,-9,45,Normal
2026-02-13 20:57:07.589755,Seoul-30b4,48,39,Normal
2026-02-13 20:57:08.589755,Seoul-30b4,6,69,Normal
2026-02-13 20:57:09.589755,Seoul-30b4,43,44,Normal
2026-02-13 20:57:10.589755,Seoul-30b4,36,91,Normal
2026-02-13 20:57:11.589755,Seoul-30b4,40,86,Normal
2026-02-13 20:57:12.589755,Seoul-30b4,2,67,Normal
2026-02-13 20:57:13.589755,Seoul-30b4,14,60,Normal
2026-02-13 20:57:14.589755,Seoul-30b4,-15,65,Normal
2026-02-13 20:57:15.589755,Seoul-30b4,37,74,Normal
2026-02-13 20:57:16.589755,Seoul-30b4,8,13,Normal
2026-02-13 20:57:17.589755,Seoul-30b4,26,92,Normal
2026-02-13 20:57:18.589755,Seoul-30b4,17,9,Normal
2026-02-13 20:57:19.589755,Seoul-30b4,-18,37,Normal
2026-02-13 20:57:20.589755,Seoul-30b4,33,85,Normal
2026-02-13 20:57:21.589755,Seoul-30b4,36,70,Normal
2026-02-13 20:57:22.589755,Seoul-30b4,-4,43,Normal
2026-02-13 20:57:23.589755,Seoul-30b4,-7,82,Normal
2026-02-13 20:57:24.589755,Seoul-30b4,-5,18,Normal
2026-02-13 20:57:25.589755,Seoul-30b4,-3,14,Normal
2026-02-13 20:57:26.589755,Seoul-30b4,32,92,Normal
2026-02-13 20:57:27.589755,Seoul-30b4,-21,11,Normal
2026-02-13 20:57:28.589755,Seoul-30b4,39,66,Normal
2026-02-13 20:57:29.589755,Seoul-30b4,33,79,Normal
2026-02-13 20:57:30.589755,Seoul-30b4,50,25,Normal
2026-02-13 20:57:31.589755,Seoul-30b4,-2,3,Normal
2026-02-13 20:57:32.589755,Seoul-30b4,22,62,Normal
2026-02-13 20:57:33.589755,Seoul-30b4,27,6,Normal
2026-02-13 20:57:34.589755,Seoul-30b4,6,98,Normal
2026-02-13 20:57:35.589755,Seoul-30b4,-13,0,Normal
2026-02-13 20:57:36.589755,Seoul-30b4,-16,18,Normal
2026-02-13 20:57:37.589755,Seoul-30b4,43,10,Normal
2026-02-13 20:57:38.589755,Seoul-30b4,5,84,Normal
2026-02-13 20:57:39.589755,Seoul-30b4,5,100,Normal
2026-02-13 20:57:40.589755,Seoul-30b4,-1,23,Normal
2026-02-13 20:57:41.589755,Seoul-30b4,-26,97,Normal
2026-02-13 20:57:42.589755,Seoul-30b4,36,57,Normal
2026-02-13 20:57:43.589755,Seoul-30b4,18,26,Normal
2026-02-13 20:57:44.589755,Seoul-30b4,43,55,Normal
2026-02-13 20:57:45.589755,Seoul-30b4,-25,55,Normal
2026-02-13 20:57:46.589755,Seoul-30b4,15,31,Normal
2026-02-13 20:57:47.589755,Seoul-30b4,-1,77,Normal
2026-02-13 20:57:48.589755,Seoul-30b4,20,22,Normal
2026-02-13 20:57:49.589755,Seoul-30b4,-6,42,Normal
2026-02-13 20:57:50.589755,Seoul-30b4,29,67,Normal
2026-02-13 20:57:51.589755,Seoul-30b4,0,93,Normal
2026-02-13 20:57:52.589755,Seoul-30b4,-28,80,Normal
2026-02-13 20:57:53.589755,Seoul-30b4,-10,100,Normal
2026-02-13 20:57:54.589755,Seoul-30b4,-10,79,Normal
2026-02-13 20:57:55.589755,Seoul-30b4,-4,93,Normal
2026-02-13 20:57:56.589755,Seoul-30b4,22,29,Normal
2026-02-13 20:57:57.589755,Seoul-30b4,26,75,Normal
2026-02-13 20:57:58.589755,Seoul-30b4,26,93,Normal
2026-02-13 20:57:59.589755,Seoul-30b4,8,16,Normal
2026-02-13 20:58:00.589755,Seoul-30b4,38,66,Normal
2026-02-13 20:58:01.589755,Seoul-30b4,-4,89,Normal
2026-02-13 20:58:02.589755,Seoul-30b4,-28,37,Normal
2026-02-13 20:58:03.589755,Seoul-30b4,21,75,Normal
2026-02-13 20:58:04.589755,Seoul-30b4,41,87,Normal
2026-02-13 20:58:05.589755,Seoul-30b4,10,50,Normal
2026-02-13 20:58:06.589755,Seoul-30b4,49,9,Normal
2026-02-13 20:58:07.589755,Seoul-30b4,12,66,Normal
2026-02-13 20:58:08.589755,Seoul-30b4,-30,94,Normal
2026-02-13 20:58:09.589755,Seoul-30b4,23,79,Normal
2026-02-13 20:58:10.589755,Seoul-30b4,-26,85,Normal
2026-02-13 20:58:11.589755,Seoul-30b4,-28,16,Normal
2026-02-13 20:58:12.589755,Seoul-30b4,-5,91,Normal
2026-02-13 20:58:13.589755,Seoul-30b4,32,40,Normal
2026-02-13 20:58:14.589755,Seoul-30b4,33,5,Normal
2026-02-13 20:58:15.589755,Seoul-30b4,32,4,Normal
2026-02-13 20:58:16.589755,Seoul-30b4,40,58,Normal
2026-02-13 20:58:17.589755,Seoul-30b4,11,37,Normal
2026-02-13 20:58:18.589755,Seoul-30b4,24,57,Normal
2026-02-13 20:58:19.589755,Seoul-30b4,8,83,Normal
2026-02-13 20:58:20.589755,Seoul-30b4,16,82,Normal
2026-02-13 20:58:21.589755,Seoul-30b4,29,51,Normal
2026-02-13 20:58:22.589755,Seoul-30b4,40,37,Normal
2026-02-13 20:58:23.589755,Seoul-30b4,-24,44,Normal
2026-02-13 20:58:24.589755,Seoul-30b4,27,34,Normal
2026-02-13 20:58:25.589755,Seoul-30b4,6,56,Normal
2026-02-13 20:58:26.589755,Seoul-30b4,15,32,Normal
2026-02-13 20:58:27.589755,Seoul-30b4,45,76,Normal
2026-02-13 20:58:28.589755,Seoul-30b4,-29,76,Normal
2026-02-13 20:58:29.589755,Seoul-30b4,7,43,Normal
2026-02-13 20:58:30.589755,Seoul-30b4,45,44,Normal
2026-02-13 20:58:31.589755,Seoul-30b4,-18,36,Normal
2026-02-13 20:58:32.589755,Seoul-30b4,13,41,Normal
2026-02-13 20:58:33.589755,Seoul-30b4,47,99,Normal
2026-02-13 20:58:34.589755,Seoul-30b4,41,83,Normal
2026-02-13 20:58:35.589755,Seoul-30b4,-20,2,Normal
2026-02-13 20:58:36.589755,Seoul-30b4,14,16,Normal
2026-02-13 20:58:37.589755,Seoul-30b4,-11,65,Normal
2026-02-13 20:58:38.589755,Seoul-30b4,27,30,Normal
2026-02-13 20:58:39.589755,Seoul-30b4,-12,36,Normal
2026-02-13 20:58:40.589755,Seoul-30b4,-16,59,Normal
2026-02-13 20:58:41.589755,Seoul-30b4,-21,52,Normal
2026-02-13 20:58:42.589755,Seoul-30b4,36,95,Normal
2026-02-13 20:58:43.589755,Seoul-30b4,35,8,Normal
2026-02-13 20:58:44.589755,Seoul-30b4,25,49,Normal
2026-02-13 20:58:45.589755,Seoul-30b4,23,59,Normal
2026-02-13 20:58:46.589755,Seoul-30b4,28,95,Normal
2026-02-13 20:58:47.589755,Seoul-30b4,28,57,Normal
2026-02-13 20:58:48.589755,Seoul-30b4,36,48,Normal
2026-02-13 20:58:49.589755,Seoul-30b4,17,95,Normal
2026-02-13 20:58:50.589755,Seoul-30b4,11,8,Normal
2026-02-13 20:58:51.589755,Seoul-30b4,-10,91,Normal
2026-02-13 20:58:52.589755,Seoul-30b4,34,9,Normal
2026-02-13 20:58:53.589755,Seoul-30b4,-5,53,Normal
2026-02-13 20:58:54.589755,Seoul-30b4,42,74,Normal
2026-02-13 20:58:55.589755,Seoul-30b4,16,79,Normal
2026-02-13 20:58:56.589755,Seoul-30b4,49,7,Normal
2026-02-13 20:58:57.589755,Seoul-30b4,-2,54,Normal
2026-02-13 20:58:58.589755,Seoul-30b4,34,61,Normal
2026-02-13 20:58:59.589755,Seoul-30b4,-25,89,Normal
2026-02-13 20:59:00.589755,Seoul-30b4,19,66,Normal
2026-02-13 20:59:01.589755,Seoul-30b4,18,87,Normal
2026-02-13 20:59:02.589755,Seoul-30b4,-9,90,Normal
2026-02-13 20:59:03.589755,Seoul-30b4,-16,42,Normal
2026-02-13 20:59:04.589755,Seoul-30b4,24,31,Normal
2026-02-13 20:59:05.589755,Seoul-30b4,15,34,Normal
2026-02-13 20:59:06.589755,Seoul-30b4,16,65,Normal
2026-02-13 20:59:07.589755,Seoul-30b4,42,58,Normal
2026-02-13 20:59:08.589755,Seoul-30b4,-22,43,Normal
2026-02-13 20:59:09.589755,Seoul-30b4,7,78,Normal
2026-02-13 20:59:10.589755,Seoul-30b4,-22,47,Normal
2026-02-13 20:59:11.589755,Seoul-30b4,-30,54,Normal
2026-02-13 20:59:12.589755,Seoul-30b4,43,49,Normal
2026-02-13 20:59:13.589755,Seoul-30b4,20,24,Normal
2026-02-13 20:59:14.589755,Seoul-30b4,-12,85,Normal
2026-02-13 20:59:15.589755,Seoul-30b4,1,51,Normal
2026-02-13 20:59:16.589755,Seoul-30b4,26,19,Normal
2026-02-13 20:59:17.589755,Seoul-30b4,49,58,Normal
2026-02-13 20:59:18.589755,Seoul-30b4,34,89,Normal
2026-02-13 20:59:19.589755,Seoul-30b4,3,70,Normal
2026-02-13 20:59:20.589755,Seoul-30b4,4,51,Normal
2026-02-13 20:59:21.589755,Seoul-30b4,-19,63,Normal
2026-02-13 20:59:22.589755,Seoul-30b4,-17,40,Normal
2026-02-13 20:59:23.589755,Seoul-30b4,-1,43,Normal
2026-02-13 20:59:24.589755,Seoul-30b4,-26,28,Normal
2026-02-13 20:59:25.589755,Seoul-30b4,-2,1,Normal
2026-02-13 20:59:26.589755,Seoul-30b4,34,43,Normal
2026-02-13 20:59:27.589755,Seoul-30b4,11,98,Normal
2026-02-13 20:59:28.589755,Seoul-30b4,29,21,Normal
2026-02-13 20:59:29.589755,Seoul-30b4,29,48,Normal
2026-02-13 20:59:30.589755,Seoul-30b4,-13,95,Normal
2026-02-13 20:59:31.589755,Seoul-30b4,-20,96,Normal
2026-02-13 20:59:32.589755,Seoul-30b4,8,72,Normal
2026-02-13 20:59:33.589755,Seoul-30b4,26,46,Normal
2026-02-13 20:59:34.589755,Seoul-30b4,46,61,Normal
2026-02-13 20:59:35.589755,Seoul-30b4,12,36,Normal
2026-02-13 20:59:36.589755,Seoul-30b4,-19,8,Normal
2026-02-13 20:59:37.589755,Seoul-30b4,-20,99,Normal
2026-02-13 20:59:38.589755,Seoul-30b4,37,53,Normal
2026-02-13 20:59:39.589755,Seoul-30b4,29,52,Normal
2026-02-13 20:59:40.589755,Seoul-30b4,47,18,Normal
2026-02-13 20:59:41.589755,Seoul-30b4,-1,90,Normal
2026-02-13 20:59:42.589755,Seoul-30b4,1,18,Normal
2026-02-13 20:59:43.589755,Seoul-30b4,-19,21,Normal
2026-02-13 20:59:44.589755,Seoul-30b4,20,93,Normal
2026-02-13 20:59:45.589755,Seoul-30b4,-2,75,Normal
2026-02-13 20:59:46.589755,Seoul-30b4,45,54,Normal
2026-02-13 20:59:47.589755,Seoul-30b4,-9,12,Normal
2026-02-13 20:59:48.589755,Seoul-30b4,4,5,Normal
2026-02-13 20:59:49.589755,Seoul-30b4,-12,30,Normal
2026-02-13 20:59:50.589755,Seoul-30b4,-16,53,Normal
2026-02-13 20:59:51.589755,Seoul-30b4,3,37,Normal
2026-02-13 20:59:52.589755,Seoul-30b4,-8,94,Normal
2026-02-13 20:59:53.589755,Seoul-30b4,30,64,Normal
2026-02-13 20:59:54.589755,Seoul-30b4,50,61,Normal
2026-02-13 20:59:55.589755,Seoul-30b4,2,31,Normal
2026-02-13 20:59:56.589755,Seoul-30b4,12,88,Normal
2026-02-13 20:59:57.589755,Seoul-30b4,-30,29,Normal
2026-02-13 20:59:58.589755,Seoul-30b4,36,91,Normal
2026-02-13 20:59:59.589755,Seoul-30b4,49,2,Normal
2026-02-13 21:00:00.589755,Seoul-30b4,-24,2,Normal
2026-02-13 21:00:01.589755,Seoul-30b4,20,30,Normal
2026-02-13 21:00:02.589755,Seoul-30b4,-25,50,Normal
2026-02-13 21:00:03.589755,Seoul-30b4,34,73,Normal
2026-02-13 21:00:04.589755,Seoul-30b4,-24,87,Normal
2026-02-13 21:00:05.589755,Seoul-30b4,-22,59,Normal
2026-02-13 21:00:06.589755,Seoul-30b4,-5,35,Normal
2026-02-13 21:00:07.589755,Seoul-30b4,38,44,Normal
2026-02-13 21:00:08.589755,Seoul-30b4,36,99,Normal
2026-02-13 21:00:09.589755,Seoul-30b4,11,78,Normal
2026-02-13 21:00:10.589755,Seoul-30b4,-21,30,Normal
2026-02-13 21:00:11.589755,Seoul-30b4,-23,95,Normal
2026-02-13 21:00:12.589755,Seoul-30b4,3,75,Normal
2026-02-13 21:00:13.589755,Seoul-30b4,-18,51,Normal
2026-02-13 21:00:14.589755,Seoul-30b4,-10,50,Normal
2026-02-13 21:00:15.589755,Seoul-30b4,-16,61,Normal
2026-02-13 21:00:16.589755,Seoul-30b4,29,29,Normal
2026-02-13 21:00:17.589755,Seoul-30b4,7,66,Normal
2026-02-13 21:00:18.589755,Seoul-30b4,-4,27,Normal
2026-02-13 21:00:19.589755,Seoul-30b4,39,20,Normal
2026-02-13 21:00:20.589755,Seoul-30b4,44,36,Normal
2026-02-13 21:00:21.589755,Seoul-30b4,-13,88,Normal
2026-02-13 21:00:22.589755,Seoul-30b4,40,35,Normal
2026-02-13 21:00:23.589755,Seoul-30b4,-17,30,Normal
2026-02-13 21:00:24.589755,Seoul-30b4,-26,52,Normal
2026-02-13 21:00:25.589755,Seoul-30b4,1,93,Normal
2026-02-13 21:00:26.589755,Seoul-30b4,-16,27,Normal
2026-02-13 21:00:27.589755,Seoul-30b4,-26,73,Normal
2026-02-13 21:00:28.589755,Seoul-30b4,-29,90,Normal
2026-02-13 21:00:29.589755,Seoul-30b4,49,75,Normal
2026-02-13 21:00:30.589755,Seoul-30b4,-28,60,Normal
2026-02-13 21:00:31.589755,Seoul-30b4,5,37,Normal
2026-02-13 21:00:32.589755,Seoul-30b4,49,54,Normal
2026-02-13 21:00:33.589755,Seoul-30b4,-11,39,Normal
2026-02-13 21:00:34.589755,Seoul-30b4,43,49,Normal
2026-02-13 21:00:35.589755,Seoul-30b4,-3,34,Normal
2026-02-13 21:00:36.589755,Seoul-30b4,36,79,Normal
2026-02-13 21:00:37.589755,Seoul-30b4,11,58,Normal
2026-02-13 21:00:38.589755,Seoul-30b4,44,99,Normal
2026-02-13 21:00:39.589755,Seoul-30b4,30,49,Normal
2026-02-13 21:00:40.589755,Seoul-30b4,17,50,Normal
2026-02-13 21:00:41.589755,Seoul-30b4,-1,80,Normal
2026-02-13 21:00:42.589755,Seoul-30b4,-5,63,Normal
2026-02-13 21:00:43.589755,Seoul-30b4,45,88,Normal
2026-02-13 21:00:44.589755,Seoul-30b4,-22,49,Normal
2026-02-13 21:00:45.589755,Seoul-30b4,13,1,Normal
2026-02-13 21:00:46.589755,Seoul-30b4,-6,60,Normal
2026-02-13 21:00:47.589755,Seoul-30b4,34,11,Normal
2026-02-13 21:00:48.589755,Seoul-30b4,20,18,Normal
2026-02-13 21:00:49.589755,Seoul-30b4,-22,83,Normal
2026-02-13 21:00:50.589755,Seoul-30b4,-13,49,Normal
2026-02-13 21:00:51.589755,Seoul-30b4,45,31,Normal
2026-02-13 21:00:52.589755,Seoul-30b4,29,5,Normal
2026-02-13 21:00:53.589755,Seoul-30b4,-11,18,Normal
2026-02-13 21:00:54.589755,Seoul-30b4,25,2,Normal
2026-02-13 21:00:55.589755,Seoul-30b4,44,24,Normal
2026-02-13 21:00:56.589755,Seoul-30b4,45,26,Normal
2026-02-13 21:00:57.589755,Seoul-30b4,15,83,Normal
2026-02-13 21:00:58.589755,Seoul-30b4,-6,71,Normal
2026-02-13 21:00:59.589755,Seoul-30b4,13,64,Normal
2026-02-13 21:01:00.589755,Seoul-30b4,-26,81,Normal
2026-02-13 21:01:01.589755,Seoul-30b4,-23,68,Normal
2026-02-13 21:01:02.589755,Seoul-30b4,-19,49,Normal
2026-02-13 21:01:03.589755,Seoul-30b4,29,79,Normal
2026-02-13 21:01:04.589755,Seoul-30b4,-9,36,Normal
2026-02-13 21:01:05.589755,Seoul-30b4,-26,98,Normal
2026-02-13 21:01:06.589755,Seoul-30b4,6,100,Normal
2026-02-13 21:01:07.589755,Seoul-30b4,-18,64,Normal
2026-02-13 21:01:08.589755,Seoul-30b4,-23,38,Normal
2026-02-13 21:01:09.589755,Seoul-30b4,50,32,Normal
2026-02-13 21:01:10.589755,Seoul-30b4,24,59,Normal
2026-02-13 21:01:11.589755,Seoul-30b4,38,68,Normal
2026-02-13 21:01:12.589755,Seoul-30b4,9,89,Normal
2026-02-13 21:01:13.589755,Seoul-30b4,-3,72,Normal
2026-02-13 21:01:14.589755,Seoul-30b4,22,49,Normal
2026-02-13 21:01:15.589755,Seoul-30b4,-13,38,Normal
2026-02-13 21:01:16.589755,Seoul-30b4,-1,5,Normal
2026-02-13 21:01:17.589755,Seoul-30b4,28,50,Normal
2026-02-13 21:01:18.589755,Seoul-30b4,-20,77,Normal
2026-02-13 21:01:19.589755,Seoul-30b4,8,14,Normal
2026-02-13 21:01:20.589755,Seoul-30b4,24,35,Normal
2026-02-13 21:01:21.589755,Seoul-30b4,14,70,Normal
2026-02-13 21:01:22.589755,Seoul-30b4,47,70,Normal
2026-02-13 21:01:23.589755,Seoul-30b4,-30,8,Normal
2026-02-13 21:01:24.589755,Seoul-30b4,31,70,Normal
2026-02-13 21:01:25.589755,Seoul-30b4,-24,96,Normal
2026-02-13 21:01:26.589755,Seoul-30b4,-20,22,Normal
2026-02-13 21:01:27.589755,Seoul-30b4,18,65,Normal
2026-02-13 21:01:28.589755,Seoul-30b4,50,7,Normal
2026-02-13 21:01:29.589755,Seoul-30b4,7,7,Normal
2026-02-13 21:01:30.589755,Seoul-30b4,-10,14,Normal
2026-02-13 21:01:31.589755,Seoul-30b4,-3,37,Normal
2026-02-13 21:01:32.589755,Seoul-30b4,31,50,Normal
2026-02-13 21:01:33.589755,Seoul-30b4,28,84,Normal
2026-02-13 21:01:34.589755,Seoul-30b4,-11,4,Normal
2026-02-13 21:01:35.589755,Seoul-30b4,41,90,Normal
2026-02-13 21:01:36.589755,Seoul-30b4,47,27,Normal
2026-02-13 21:01:37.589755,Seoul-30b4,-1,66,Normal
2026-02-13 21:01:38.589755,Seoul-30b4,45,52,Normal
2026-02-13 21:01:39.589755,Seoul-30b4,32,69,Normal
2026-02-13 21:01:40.589755,Seoul-30b4,-20,19,Normal
2026-02-13 21:01:41.589755,Seoul-30b4,-27,84,Normal
2026-02-13 21:01:42.589755,Seoul-30b4,27,17,Normal
2026-02-13 21:01:43.589755,Seoul-30b4,-12,75,Normal
2026-02-13 21:01:44.589755,Seoul-30b4,40,30,Normal
2026-02-13 21:01:45.589755,Seoul-30b4,-1,36,Normal
2026-02-13 21:01:46.589755,Seoul-30b4,42,24,Normal
2026-02-13 21:01:47.589755,Seoul-30b4,14,49,Normal
2026-02-13 21:01:48.589755,Seoul-30b4,-27,11,Normal
2026-02-13 21:01:49.589755,Seoul-30b4,30,27,Normal
2026-02-13 21:01:50.589755,Seoul-30b4,15,92,Normal
2026-02-13 21:01:51.589755,Seoul-30b4,-21,55,Normal
2026-02-13 21:01:52.589755,Seoul-30b4,22,56,Normal
2026-02-13 21:01:53.589755,Seoul-30b4,23,27,Normal
2026-02-13 21:01:54.589755,Seoul-30b4,0,20,Normal
2026-02-13 21:01:55.589755,Seoul-30b4,16,9,Normal
2026-02-13 21:01:56.589755,Seoul-30b4,30,68,Normal
2026-02-13 21:01:57.589755,Seoul-30b4,8,81,Normal
2026-02-13 21:01:58.589755,Seoul-30b4,1,87,Normal
2026-02-13 21:01:59.589755,Seoul-30b4,-5,22,Normal
2026-02-13 21:02:00.589755,Seoul-30b4,-1,51,Normal
2026-02-13 21:02:01.589755,Seoul-30b4,-21,45,Normal
2026-02-13 21:02:02.589755,Seoul-30b4,45,13,Normal
2026-02-13 21:02:03.589755,Seoul-30b4,-27,22,Normal
2026-02-13 21:02:04.589755,Seoul-30b4,27,37,Normal
2026-02-13 21:02:05.589755,Seoul-30b4,-24,38,Normal
2026-02-13 21:02:06.589755,Seoul-30b4,23,35,Normal
2026-02-13 21:02:07.589755,Seoul-30b4,8,63,Normal
2026-02-13 21:02:08.589755,Seoul-30b4,-23,69,Normal
2026-02-13 21:02:09.589755,Seoul-30b4,-17,2,Normal
2026-02-13 21:02:10.589755,Seoul-30b4,37,46,Normal
2026-02-13 21:02:11.589755,Seoul-30b4,-14,29,Normal
2026-02-13 21:02:12.589755,Seoul-30b4,-6,100,Normal
2026-02-13 21:02:13.589755,Seoul-30b4,-12,75,Normal
2026-02-13 21:02:14.589755,Seoul-30b4,34,41,Normal
2026-02-13 21:02:15.589755,Seoul-30b4,-3,13,Normal
2026-02-13 21:02:16.589755,Seoul-30b4,21,58,Normal
2026-02-13 21:02:17.589755,Seoul-30b4,38,88,Normal
2026-02-13 21:02:18.589755,Seoul-30b4,37,38,Normal
2026-02-13 21:02:19.589755,Seoul-30b4,-21,61,Normal
2026-02-13 21:02:20.589755,Seoul-30b4,-21,2,Normal
2026-02-13 21:02:21.589755,Seoul-30b4,2,73,Normal
2026-02-13 21:02:22.589755,Seoul-30b4,45,30,Normal
2026-02-13 21:02:23.589755,Seoul-30b4,31,41,Normal
2026-02-13 21:02:24.589755,Seoul-30b4,-10,26,Normal
2026-02-13 21:02:25.589755,Seoul-30b4,-21,37,Normal
2026-02-13 21:02:26.589755,Seoul-30b4,22,50,Normal
2026-02-13 21:02:27.589755,Seoul-30b4,-30,16,Normal
2026-02-13 21:02:28.589755,Seoul-30b4,-4,79,Normal
2026-02-13 21:02:29.589755,Seoul-30b4,14,15,Normal
2026-02-13 21:02:30.589755,Seoul-30b4,-16,21,Normal
2026-02-13 21:02:31.589755,Seoul-30b4,35,93,Normal
2026-02-13 21:02:32.589755,Seoul-30b4,37,23,Normal
2026-02-13 21:02:33.589755,Seoul-30b4,26,91,Normal
2026-02-13 21:02:34.589755,Seoul-30b4,4,97,Normal
2026-02-13 21:02:35.589755,Seoul-30b4,22,80,Normal
2026-02-13 21:02:36.589755,Seoul-30b4,-21,29,Normal
2026-02-13 21:02:37.589755,Seoul-30b4,32,85,Normal
2026-02-13 21:02:38.589755,Seoul-30b4,41,92,Normal
2026-02-13 21:02:39.589755,Seoul-30b4,-12,3,Normal
2026-02-13 21:02:40.589755,Seoul-30b4,30,99,Normal
2026-02-13 21:02:41.589755,Seoul-30b4,-30,17,Normal
2026-02-13 21:02:42.589755,Seoul-30b4,32,94,Normal
2026-02-13 21:02:43.589755,Seoul-30b4,27,61,Normal
2026-02-13 21:02:44.589755,Seoul-30b4,-24,23,Normal
2026-02-13 21:02:45.589755,Seoul-30b4,-25,51,Normal
2026-02-13 21:02:46.589755,Seoul-30b4,-3,98,Normal
2026-02-13 21:02:47.589755,Seoul-30b4,19,30,Normal
2026-02-13 21:02:48.589755,Seoul-30b4,49,30,Normal
2026-02-13 21:02:49.589755,Seoul-30b4,21,58,Normal
2026-02-13 21:02:50.589755,Seoul-30b4,20,28,Normal
2026-02-13 21:02:51.589755,Seoul-30b4,49,95,Normal
2026-02-13 21:02:52.589755,Seoul-30b4,18,73,Normal
2026-02-13 21:02:53.589755,Seoul-30b4,26,48,Normal
2026-02-13 21:02:54.589755,Seoul-30b4,36,86,Normal
2026-02-13 21:02:55.589755,Seoul-30b4,-25,74,Normal
2026-02-13 21:02:56.589755,Seoul-30b4,-1,88,Normal
2026-02-13 21:02:57.589755,Seoul-30b4,-27,32,Normal
2026-02-13 21:02:58.589755,Seoul-30b4,49,51,Normal
2026-02-13 21:02:59.589755,Seoul-30b4,45,50,Normal
2026-02-13 21:03:00.589755,Seoul-30b4,-21,17,Normal
2026-02-13 21:03:01.589755,Seoul-30b4,41,29,Normal
2026-02-13 21:03:02.589755,Seoul-30b4,24,8,Normal
2026-02-13 21:03:03.589755,Seoul-30b4,16,88,Normal
2026-02-13 21:03:04.589755,Seoul-30b4,-2,95,Normal
2026-02-13 21:03:05.589755,Seoul-30b4,10,1,Normal
2026-02-13 21:03:06.589755,Seoul-30b4,43,45,Normal
2026-02-13 21:03:07.589755,Seoul-30b4,44,66,Normal
2026-02-13 21:03:08.589755,Seoul-30b4,-22,53,Normal
2026-02-13 21:03:09.589755,Seoul-30b4,50,45,Normal
2026-02-13 21:03:10.589755,Seoul-30b4,5,3,Normal
2026-02-13 21:03:11.589755,Seoul-30b4,39,70,Normal
2026-02-13 21:03:12.589755,Seoul-30b4,-30,69,Normal
2026-02-13 21:03:13.589755,Seoul-30b4,26,64,Normal
2026-02-13 21:03:14.589755,Seoul-30b4,-24,49,Normal
2026-02-13 21:03:15.589755,Seoul-30b4,-25,15,Normal
2026-02-13 21:03:16.589755,Seoul-30b4,17,28,Normal
2026-02-13 21:03:17.589755,Seoul-30b4,-18,7,Normal
2026-02-13 21:03:18.589755,Seoul-30b4,-8,7,Normal
2026-02-13 21:03:19.589755,Seoul-30b4,-11,17,Normal
2026-02-13 21:03:20.589755,Seoul-30b4,-22,80,Normal
2026-02-13 21:03:21.589755,Seoul-30b4,12,3,Normal
2026-02-13 21:03:22.589755,Seoul-30b4,11,26,Normal
2026-02-13 21:03:23.589755,Seoul-30b4,-10,23,Normal
2026-02-13 21:03:24.589755,Seoul-30b4,40,96,Normal
2026-02-13 21:03:25.589755,Seoul-30b4,-11,87,Normal
2026-02-13 21:03:26.589755,Seoul-30b4,-16,24,Normal
2026-02-13 21:03:27.589755,Seoul-30b4,-3,4,Normal
2026-02-13 21:03:28.589755,Seoul-30b4,-16,81,Normal
2026-02-13 21:03:29.589755,Seoul-30b4,21,49,Normal
2026-02-13 21:03:30.589755,Seoul-30b4,0,59,Normal
2026-02-13 21:03:31.589755,Seoul-30b4,4,16,Normal
2026-02-13 21:03:32.589755,Seoul-30b4,15,65,Normal
2026-02-13 21:03:33.589755,Seoul-30b4,-18,54,Normal
2026-02-13 21:03:34.589755,Seoul-30b4,42,59,Normal
2026-02-13 21:03:35.589755,Seoul-30b4,10,51,Normal
2026-02-13 21:03:36.589755,Seoul-30b4,-30,86,Normal
2026-02-13 21:03:37.589755,Seoul-30b4,-6,10,Normal
2026-02-13 21:03:38.589755,Seoul-30b4,33,58,Normal
2026-02-13 21:03:39.589755,Seoul-30b4,34,19,Normal
2026-02-13 21:03:40.589755,Seoul-30b4,-19,79,Normal
2026-02-13 21:03:41.589755,Seoul-30b4,9,4,Normal
2026-02-13 21:03:42.589755,Seoul-30b4,15,2,Normal
2026-02-13 21:03:43.589755,Seoul-30b4,0,100,Normal
2026-02-13 21:03:44.589755,Seoul-30b4,-9,35,Normal
2026-02-13 21:03:45.589755,Seoul-30b4,17,5,Normal
2026-02-13 21:03:46.589755,Seoul-30b4,45,14,Normal
2026-02-13 21:03:47.589755,Seoul-30b4,6,12,Normal
2026-02-13 21:03:48.589755,Seoul-30b4,20,11,Normal
2026-02-13 21:03:49.589755,Seoul-30b4,47,94,Normal
2026-02-13 21:03:50.589755,Seoul-30b4,33,93,Normal
2026-02-13 21:03:51.589755,Seoul-30b4,7,50,Normal
2026-02-13 21:03:52.589755,Seoul-30b4,8,51,Normal
2026-02-13 21:03:53.589755,Seoul-30b4,29,37,Normal
2026-02-13 21:03:54.589755,Seoul-30b4,6,52,Normal
2026-02-13 21:03:55.589755,Seoul-30b4,-7,25,Normal
2026-02-13 21:03:56.589755,Seoul-30b4,23,39,Normal
2026-02-13 21:03:57.589755,Seoul-30b4,47,26,Normal
2026-02-13 21:03:58.589755,Seoul-30b4,20,48,Normal
2026-02-13 21:03:59.589755,Seoul-30b4,19,57,Normal
2026-02-13 21:04:00.589755,Seoul-30b4,24,59,Normal
2026-02-13 21:04:01.589755,Seoul-30b4,-11,68,Normal
2026-02-13 21:04:02.589755,Seoul-30b4,4,42,Normal
2026-02-13 21:04:03.589755,Seoul-30b4,47,0,Normal
2026-02-13 21:04:04.589755,Seoul-30b4,-26,2,Normal
2026-02-13 21:04:05.589755,Seoul-30b4,2,57,Normal
2026-02-13 21:04:06.589755,Seoul-30b4,-25,4,Normal
2026-02-13 21:04:07.589755,Seoul-30b4,6,64,Normal
2026-02-13 21:04:08.589755,Seoul-30b4,-2,38,Normal
2026-02-13 21:04:09.589755,Seoul-30b4,-21,88,Normal
2026-02-13 21:04:10.589755,Seoul-30b4,1,15,Normal
2026-02-13 21:04:11.589755,Seoul-30b4,31,86,Normal
2026-02-13 21:04:12.589755,Seoul-30b4,-7,21,Normal
2026-02-13 21:04:13.589755,Seoul-30b4,-6,14,Normal
2026-02-13 21:04:14.589755,Seoul-30b4,11,11,Normal
2026-02-13 21:04:15.589755,Seoul-30b4,30,4,Normal
2026-02-13 21:04:16.589755,Seoul-30b4,-16,78,Normal
2026-02-13 21:04:17.589755,Seoul-30b4,12,30,Normal
2026-02-13 21:04:18.589755,Seoul-30b4,-25,30,Normal
2026-02-13 21:04:19.589755,Seoul-30b4,-16,89,Normal
2026-02-13 21:04:20.589755,Seoul-30b4,5,39,Normal
2026-02-13 21:04:21.589755,Seoul-30b4,9,8,Normal
2026-02-13 21:04:22.589755,Seoul-30b4,-12,5,Normal
2026-02-13 21:04:23.589755,Seoul-30b4,-8,40,Normal
2026-02-13 21:04:24.589755,Seoul-30b4,-27,20,Normal
2026-02-13 21:04:25.589755,Seoul-30b4,-25,82,Normal
2026-02-13 21:04:26.589755,Seoul-30b4,-6,49,Normal
2026-02-13 21:04:27.589755,Seoul-30b4,0,19,Normal
2026-02-13 21:04:28.589755,Seoul-30b4,38,65,Normal
2026-02-13 21:04:29.589755,Seoul-30b4,-27,56,Normal
2026-02-13 21:04:30.589755,Seoul-30b4,13,31,Normal
2026-02-13 21:04:31.589755,Seoul-30b4,50,49,Normal
2026-02-13 21:04:32.589755,Seoul-30b4,-4,9,Normal
2026-02-13 21:04:33.589755,Seoul-30b4,-12,5,Normal
2026-02-13 21:04:34.589755,Seoul-30b4,-24,61,Normal
2026-02-13 21:04:35.589755,Seoul-30b4,47,41,Normal
2026-02-13 21:04:36.589755,Seoul-30b4,23,50,Normal
2026-02-13 21:04:37.589755,Seoul-30b4,22,1,Normal
2026-02-13 21:04:38.589755,Seoul-30b4,-22,52,Normal
2026-02-13 21:04:39.589755,Seoul-30b4,7,32,Normal
2026-02-13 21:04:40.589755,Seoul-30b4,12,72,Normal
2026-02-13 21:04:41.589755,Seoul-30b4,-29,3,Normal
2026-02-13 21:04:42.589755,Seoul-30b4,-16,41,Normal
2026-02-13 21:04:43.589755,Seoul-30b4,-23,75,Normal
2026-02-13 21:04:44.589755,Seoul-30b4,-2,1,Normal
2026-02-13 21:04:45.589755,Seoul-30b4,36,80,Normal
2026-02-13 21:04:46.589755,Seoul-30b4,12,39,Normal
2026-02-13 21:04:47.589755,Seoul-30b4,-13,96,Normal
2026-02-13 21:04:48.589755,Seoul-30b4,41,82,Normal
2026-02-13 21:04:49.589755,Seoul-30b4,35,50,Normal
2026-02-13 21:04:50.589755,Seoul-30b4,31,4,Normal
2026-02-13 21:04:51.589755,Seoul-30b4,21,86,Normal
2026-02-13 21:04:52.589755,Seoul-30b4,23,82,Normal
2026-02-13 21:04:53.589755,Seoul-30b4,-28,94,Normal
2026-02-13 21:04:54.589755,Seoul-30b4,-16,67,Normal
2026-02-13 21:04:55.589755,Seoul-30b4,41,55,Normal
2026-02-13 21:04:56.589755,Seoul-30b4,-15,0,Normal
2026-02-13 21:04:57.589755,Seoul-30b4,31,47,Normal
2026-02-13 21:04:58.589755,Seoul-30b4,-18,4,Normal
2026-02-13 21:04:59.589755,Seoul-30b4,-23,23,Normal
2026-02-13 21:05:00.589755,Seoul-30b4,-25,19,Normal
2026-02-13 21:05:01.589755,Seoul-30b4,48,35,Normal
2026-02-13 21:05:02.589755,Seoul-30b4,41,94,Normal
2026-02-13 21:05:03.589755,Seoul-30b4,43,76,Normal
2026-02-13 21:05:04.589755,Seoul-30b4,-22,1,Normal
2026-02-13 21:05:05.589755,Seoul-30b4,7,84,Normal
2026-02-13 21:05:06.589755,Seoul-30b4,24,35,Normal
2026-02-13 21:05:07.589755,Seoul-30b4,8,85,Normal
2026-02-13 21:05:08.589755,Seoul-30b4,10,83,Normal
2026-02-13 21:05:09.589755,Seoul-30b4,29,76,Normal
2026-02-13 21:05:10.589755,Seoul-30b4,25,15,Normal
2026-02-13 21:05:11.589755,Seoul-30b4,-14,8,Normal
2026-02-13 21:05:12.589755,Seoul-30b4,27,0,Normal
2026-02-13 21:05:13.589755,Seoul-30b4,-18,12,Normal
2026-02-13 21:05:14.589755,Seoul-30b4,-7,22,Normal
2026-02-13 21:05:15.589755,Seoul-30b4,1,65,Normal
2026-02-13 21:05:16.589755,Seoul-30b4,-7,92,Normal
2026-02-13 21:05:17.589755,Seoul-30b4,15,86,Normal
2026-02-13 21:05:18.589755,Seoul-30b4,46,78,Normal
2026-02-13 21:05:19.589755,Seoul-30b4,31,81,Normal
2026-02-13 21:05:20.589755,Seoul-30b4,10,42,Normal
2026-02-13 21:05:21.589755,Seoul-30b4,5,11,Normal
2026-02-13 21:05:22.589755,Seoul-30b4,3,9,Normal
2026-02-13 21:05:23.589755,Seoul-30b4,32,34,Normal
2026-02-13 21:05:24.589755,Seoul-30b4,37,86,Normal
2026-02-13 21:05:25.589755,Seoul-30b4,19,7,Normal
2026-02-13 21:05:26.589755,Seoul-30b4,-7,23,Normal
2026-02-13 21:05:27.589755,Seoul-30b4,-4,4,Normal
2026-02-13 21:05:28.589755,Seoul-30b4,33,55,Normal
2026-02-13 21:05:29.589755,Seoul-30b4,-9,76,Normal
2026-02-13 21:05:30.589755,Seoul-30b4,10,35,Normal
2026-02-13 21:05:31.589755,Seoul-30b4,0,95,Normal
2026-02-13 21:05:32.589755,Seoul-30b4,3,20,Normal
2026-02-13 21:05:33.589755,Seoul-30b4,49,15,Normal
2026-02-13 21:05:34.589755,Seoul-30b4,16,100,Normal
2026-02-13 21:05:35.589755,Seoul-30b4,-5,86,Normal
2026-02-13 21:05:36.589755,Seoul-30b4,-8,61,Normal
2026-02-13 21:05:37.589755,Seoul-30b4,1,21,Normal
2026-02-13 21:05:38.589755,Seoul-30b4,19,12,Normal
2026-02-13 21:05:39.589755,Seoul-30b4,-27,100,Normal
2026-02-13 21:05:40.589755,Seoul-30b4,-25,0,Normal
2026-02-13 21:05:41.589755,Seoul-30b4,31,38,Normal
2026-02-13 21:05:42.589755,Seoul-30b4,23,31,Normal
2026-02-13 21:05:43.589755,Seoul-30b4,-17,67,Normal
2026-02-13 21:05:44.589755,Seoul-30b4,-14,73,Normal
2026-02-13 21:05:45.589755,Seoul-30b4,-11,4,Normal
2026-02-13 21:05:46.589755,Seoul-30b4,-26,83,Normal
2026-02-13 21:05:47.589755,Seoul-30b4,-11,83,Normal
2026-02-13 21:05:48.589755,Seoul-30b4,25,0,Normal
2026-02-13 21:05:49.589755,Seoul-30b4,-7,11,Normal
2026-02-13 21:05:50.589755,Seoul-30b4,-3,92,Normal
2026-02-13 21:05:51.589755,Seoul-30b4,-6,87,Normal
2026-02-13 21:05:52.589755,Seoul-30b4,25,92,Normal
2026-02-13 21:05:53.589755,Seoul-30b4,-13,73,Normal
2026-02-13 21:05:54.589755,Seoul-30b4,-23,46,Normal
2026-02-13 21:05:55.589755,Seoul-30b4,-16,88,Normal
2026-02-13 21:05:56.589755,Seoul-30b4,35,44,Normal
2026-02-13 21:05:57.589755,Seoul-30b4,-24,100,Normal
2026-02-13 21:05:58.589755,Seoul-30b4,43,58,Normal
2026-02-13 21:05:59.589755,Seoul-30b4,34,25,Normal
2026-02-13 21:06:00.589755,Seoul-30b4,23,27,Normal
2026-02-13 21:06:01.589755,Seoul-30b4,15,87,Normal
2026-02-13 21:06:02.589755,Seoul-30b4,14,13,Normal
2026-02-13 21:06:03.589755,Seoul-30b4,-21,32,Normal
2026-02-13 21:06:04.589755,Seoul-30b4,-14,36,Normal
2026-02-13 21:06:05.589755,Seoul-30b4,-4,61,Normal
2026-02-13 21:06:06.589755,Seoul-30b4,40,62,Normal
2026-02-13 21:06:07.589755,Seoul-30b4,13,31,Normal
2026-02-13 21:06:08.589755,Seoul-30b4,-5,53,Normal
2026-02-13 21:06:09.589755,Seoul-30b4,-14,64,Normal
2026-02-13 21:06:10.589755,Seoul-30b4,-8,99,Normal
2026-02-13 21:06:11.589755,Seoul-30b4,-12,74,Normal
2026-02-13 21:06:12.589755,Seoul-30b4,39,75,Normal
2026-02-13 21:06:13.589755,Seoul-30b4,34,99,Normal
2026-02-13 21:06:14.589755,Seoul-30b4,-21,86,Normal
2026-02-13 21:06:15.589755,Seoul-30b4,23,46,Normal
2026-02-13 21:06:16.589755,Seoul-30b4,15,6,Normal
2026-02-13 21:06:17.589755,Seoul-30b4,39,84,Normal
2026-02-13 21:06:18.589755,Seoul-30b4,-17,74,Normal
2026-02-13 21:06:19.589755,Seoul-30b4,49,62,Normal
2026-02-13 21:06:20.589755,Seoul-30b4,3,80,Normal
2026-02-13 21:06:21.589755,Seoul-30b4,-27,97,Normal
2026-02-13 21:06:22.589755,Seoul-30b4,-25,50,Normal
2026-02-13 21:06:23.589755,Seoul-30b4,9,92,Normal
2026-02-13 21:06:24.589755,Seoul-30b4,35,20,Normal
2026-02-13 21:06:25.589755,Seoul-30b4,40,42,Normal
2026-02-13 21:06:26.589755,Seoul-30b4,-6,59,Normal
2026-02-13 21:06:27.589755,Seoul-30b4,7,27,Normal
2026-02-13 21:06:28.589755,Seoul-30b4,-11,90,Normal
2026-02-13 21:06:29.589755,Seoul-30b4,19,90,Normal
2026-02-13 21:06:30.589755,Seoul-30b4,43,52,Normal
2026-02-13 21:06:31.589755,Seoul-30b4,-19,5,Normal
2026-02-13 21:06:32.589755,Seoul-30b4,21,11,Normal
2026-02-13 21:06:33.589755,Seoul-30b4,-8,13,Normal
2026-02-13 21:06:34.589755,Seoul-30b4,1,79,Normal
2026-02-13 21:06:35.589755,Seoul-30b4,28,5,Normal
2026-02-13 21:06:36.589755,Seoul-30b4,48,74,Normal
2026-02-13 21:06:37.589755,Seoul-30b4,5,42,Normal
2026-02-13 21:06:38.589755,Seoul-30b4,4,88,Normal
2026-02-13 21:06:39.589755,Seoul-30b4,22,53,Normal
2026-02-13 21:06:40.589755,Seoul-30b4,6,66,Normal
2026-02-13 21:06:41.589755,Seoul-30b4,38,50,Normal
2026-02-13 21:06:42.589755,Seoul-30b4,14,1,Normal
2026-02-13 21:06:43.589755,Seoul-30b4,3,50,Normal
2026-02-13 21:06:44.589755,Seoul-30b4,41,71,Normal
2026-02-13 21:06:45.589755,Seoul-30b4,43,43,Normal
2026-02-13 21:06:46.589755,Seoul-30b4,-15,87,Normal
2026-02-13 21:06:47.589755,Seoul-30b4,17,38,Normal
2026-02-13 21:06:48.589755,Seoul-30b4,8,12,Normal
2026-02-13 21:06:49.589755,Seoul-30b4,-9,73,Normal
2026-02-13 21:06:50.589755,Seoul-30b4,-26,65,Normal
2026-02-13 21:06:51.589755,Seoul-30b4,28,25,Normal
2026-02-13 21:06:52.589755,Seoul-30b4,46,8,Normal
2026-02-13 21:06:53.589755,Seoul-30b4,-22,32,Normal
2026-02-13 21:06:54.589755,Seoul-30b4,-14,48,Normal
2026-02-13 21:06:55.589755,Seoul-30b4,42,55,Normal
2026-02-13 21:06:56.589755,Seoul-30b4,23,0,Normal
2026-02-13 21:06:57.589755,Seoul-30b4,50,90,Normal
2026-02-13 21:06:58.589755,Seoul-30b4,6,84,Normal
2026-02-13 21:06:59.589755,Seoul-30b4,-24,71,Normal
2026-02-13 21:07:00.589755,Seoul-30b4,12,31,Normal
2026-02-13 21:07:01.589755,Seoul-30b4,18,57,Normal
2026-02-13 21:07:02.589755,Seoul-30b4,20,69,Normal
2026-02-13 21:07:03.589755,Seoul-30b4,11,4,Normal
2026-02-13 21:07:04.589755,Seoul-30b4,-4,87,Normal
2026-02-13 21:07:05.589755,Seoul-30b4,29,28,Normal
2026-02-13 21:07:06.589755,Seoul-30b4,-15,8,Normal
2026-02-13 21:07:07.589755,Seoul-30b4,-10,4,Normal
2026-02-13 21:07:08.589755,Seoul-30b4,3,6,Normal
2026-02-13 21:07:09.589755,Seoul-30b4,50,66,Normal
2026-02-13 21:07:10.589755,Seoul-30b4,47,92,Normal
2026-02-13 21:07:11.589755,Seoul-30b4,34,11,Normal
2026-02-13 21:07:12.589755,Seoul-30b4,21,70,Normal
2026-02-13 21:07:13.589755,Seoul-30b4,-6,91,Normal
2026-02-13 21:07:14.589755,Seoul-30b4,-10,39,Normal
2026-02-13 21:07:15.589755,Seoul-30b4,16,97,Normal
2026-02-13 21:07:16.589755,Seoul-30b4,-2,39,Normal
2026-02-13 21:07:17.589755,Seoul-30b4,32,63,Normal
2026-02-13 21:07:18.589755,Seoul-30b4,26,3,Normal
2026-02-13 21:07:19.589755,Seoul-30b4,2,67,Normal
2026-02-13 21:07:20.589755,Seoul-30b4,26,65,Normal
2026-02-13 21:07:21.589755,Seoul-30b4,-26,72,Normal
2026-02-13 21:07:22.589755,Seoul-30b4,30,72,Normal
2026-02-13 21:07:23.589755,Seoul-30b4,15,96,Normal
2026-02-13 21:07:24.589755,Seoul-30b4,-4,28,Normal
2026-02-13 21:07:25.589755,Seoul-30b4,-27,74,Normal
2026-02-13 21:07:26.589755,Seoul-30b4,49,33,Normal
2026-02-13 21:07:27.589755,Seoul-30b4,31,76,Normal
2026-02-13 21:07:28.589755,Seoul-30b4,24,35,Normal
2026-02-13 21:07:29.589755,Seoul-30b4,40,64,Normal
2026-02-13 21:07:30.589755,Seoul-30b4,-26,92,Normal
2026-02-13 21:07:31.589755,Seoul-30b4,7,89,Normal
2026-02-13 21:07:32.589755,Seoul-30b4,42,90,Normal
2026-02-13 21:07:33.589755,Seoul-30b4,-6,19,Normal
2026-02-13 21:07:34.589755,Seoul-30b4,44,48,Normal
2026-02-13 21:07:35.589755,Seoul-30b4,45,11,Normal
2026-02-13 21:07:36.589755,Seoul-30b4,10,53,Normal
2026-02-13 21:07:37.589755,Seoul-30b4,-27,46,Normal
2026-02-13 21:07:38.589755,Seoul-30b4,31,10,Normal
2026-02-13 21:07:39.589755,Seoul-30b4,-20,83,Normal
2026-02-13 21:07:40.589755,Seoul-30b4,-5,42,Normal
2026-02-13 21:07:41.589755,Seoul-30b4,-15,7,Normal
2026-02-13 21:07:42.589755,Seoul-30b4,-7,7,Normal
2026-02-13 21:07:43.589755,Seoul-30b4,-28,8,Normal
2026-02-13 21:07:44.589755,Seoul-30b4,45,36,Normal
2026-02-13 21:07:45.589755,Seoul-30b4,19,28,Normal
2026-02-13 21:07:46.589755,Seoul-30b4,12,9,Normal
2026-02-13 21:07:47.589755,Seoul-30b4,5,100,Normal
2026-02-13 21:07:48.589755,Seoul-30b4,13,28,Normal
2026-02-13 21:07:49.589755,Seoul-30b4,-19,16,Normal
2026-02-13 21:07:50.589755,Seoul-30b4,28,76,Normal
2026-02-13 21:07:51.589755,Seoul-30b4,42,51,Normal
2026-02-13 21:07:52.589755,Seoul-30b4,36,37,Normal
2026-02-13 21:07:53.589755,Seoul-30b4,33,26,Normal
2026-02-13 21:07:54.589755,Seoul-30b4,50,22,Normal
2026-02-13 21:07:55.589755,Seoul-30b4,20,76,Normal
2026-02-13 21:07:56.589755,Seoul-30b4,31,32,Normal
2026-02-13 21:07:57.589755,Seoul-30b4,-21,49,Normal
2026-02-13 21:07:58.589755,Seoul-30b4,-17,76,Normal
2026-02-13 21:07:59.589755,Seoul-30b4,-15,100,Normal
2026-02-13 21:08:00.589755,Seoul-30b4,48,98,Normal
2026-02-13 21:08:01.589755,Seoul-30b4,20,72,Normal
2026-02-13 21:08:02.589755,Seoul-30b4,22,78,Normal
2026-02-13 21:08:03.589755,Seoul-30b4,22,15,Normal
2026-02-13 21:08:04.589755,Seoul-30b4,30,65,Normal
2026-02-13 21:08:05.589755,Seoul-30b4,-18,13,Normal
2026-02-13 21:08:06.589755,Seoul-30b4,13,93,Normal
2026-02-13 21:08:07.589755,Seoul-30b4,46,15,Normal
2026-02-13 21:08:08.589755,Seoul-30b4,-21,0,Normal
2026-02-13 21:08:09.589755,Seoul-30b4,9,53,Normal
2026-02-13 21:08:10.589755,Seoul-30b4,44,10,Normal
2026-02-13 21:08:11.589755,Seoul-30b4,-16,1,Normal
2026-02-13 21:08:12.589755,Seoul-30b4,2,98,Normal
2026-02-13 21:08:13.589755,Seoul-30b4,22,21,Normal
2026-02-13 21:08:14.589755,Seoul-30b4,12,2,Normal
2026-02-13 21:08:15.589755,Seoul-30b4,-12,57,Normal
2026-02-13 21:08:16.589755,Seoul-30b4,-13,56,Normal
2026-02-13 21:08:17.589755,Seoul-30b4,37,46,Normal
2026-02-13 21:08:18.589755,Seoul-30b4,-24,100,Normal
2026-02-13 21:08:19.589755,Seoul-30b4,-20,39,Normal
2026-02-13 21:08:20.589755,Seoul-30b4,-3,0,Normal
2026-02-13 21:08:21.589755,Seoul-30b4,1,63,Normal
2026-02-13 21:08:22.589755,Seoul-30b4,7,74,Normal
2026-02-13 21:08:23.589755,Seoul-30b4,-30,98,Normal
2026-02-13 21:08:24.589755,Seoul-30b4,26,31,Normal
2026-02-13 21:08:25.589755,Seoul-30b4,-26,71,Normal
2026-02-13 21:08:26.589755,Seoul-30b4,34,29,Normal
2026-02-13 21:08:27.589755,Seoul-30b4,-26,79,Normal
2026-02-13 21:08:28.589755,Seoul-30b4,6,24,Normal
2026-02-13 21:08:29.589755,Seoul-30b4,-15,63,Normal
2026-02-13 21:08:30.589755,Seoul-30b4,-29,72,Normal
2026-02-13 21:08:31.589755,Seoul-30b4,41,87,Normal
2026-02-13 21:08:32.589755,Seoul-30b4,16,56,Normal
2026-02-13 21:08:33.589755,Seoul-30b4,37,28,Normal
2026-02-13 21:08:34.589755,Seoul-30b4,38,6,Normal
2026-02-13 21:08:35.589755,Seoul-30b4,-14,1,Normal
2026-02-13 21:08:36.589755,Seoul-30b4,22,75,Normal
2026-02-13 21:08:37.589755,Seoul-30b4,47,82,Normal
2026-02-13 21:08:38.589755,Seoul-30b4,25,50,Normal
2026-02-13 21:08:39.589755,Seoul-30b4,-8,83,Normal
2026-02-13 21:08:40.589755,Seoul-30b4,35,81,Normal
2026-02-13 21:08:41.589755,Seoul-30b4,30,60,Normal
2026-02-13 21:08:42.589755,Seoul-30b4,-22,63,Normal
2026-02-13 21:08:43.589755,Seoul-30b4,16,66,Normal
2026-02-13 21:08:44.589755,Seoul-30b4,22,41,Normal
2026-02-13 21:08:45.589755,Seoul-30b4,45,29,Normal
2026-02-13 21:08:46.589755,Seoul-30b4,-25,25,Normal
2026-02-13 21:08:47.589755,Seoul-30b4,-17,10,Normal
2026-02-13 21:08:48.589755,Seoul-30b4,13,84,Normal
2026-02-13 21:08:49.589755,Seoul-30b4,-30,89,Normal
2026-02-13 21:08:50.589755,Seoul-30b4,5,40,Normal
2026-02-13 21:08:51.589755,Seoul-30b4,31,14,Normal
2026-02-13 21:08:52.589755,Seoul-30b4,12,84,Normal
2026-02-13 21:08:53.589755,Seoul-30b4,4,66,Normal
2026-02-13 21:08:54.589755,Seoul-30b4,2,33,Normal
2026-02-13 21:08:55.589755,Seoul-30b4,34,100,Normal
2026-02-13 21:08:56.589755,Seoul-30b4,24,81,Normal
2026-02-13 21:08:57.589755,Seoul-30b4,41,62,Normal
2026-02-13 21:08:58.589755,Seoul-30b4,35,17,Normal
2026-02-13 21:08:59.589755,Seoul-30b4,4,44,Normal
2026-02-13 21:09:00.589755,Seoul-30b4,-11,71,Normal
2026-02-13 21:09:01.589755,Seoul-30b4,35,28,Normal
2026-02-13 21:09:02.589755,Seoul-30b4,10,93,Normal
2026-02-13 21:09:03.589755,Seoul-30b4,21,64,Normal
2026-02-13 21:09:04.589755,Seoul-30b4,4,46,Normal
2026-02-13 21:09:05.589755,Seoul-30b4,43,91,Normal
2026-02-13 21:09:06.589755,Seoul-30b4,47,58,Normal
2026-02-13 21:09:07.589755,Seoul-30b4,35,20,Normal
2026-02-13 21:09:08.589755,Seoul-30b4,18,80,Normal
2026-02-13 21:09:09.589755,Seoul-30b4,47,81,Normal
2026-02-13 21:09:10.589755,Seoul-30b4,14,61,Normal
2026-02-13 21:09:11.589755,Seoul-30b4,20,15,Normal
2026-02-13 21:09:12.589755,Seoul-30b4,-20,4,Normal
2026-02-13 21:09:13.589755,Seoul-30b4,-12,44,Normal
2026-02-13 21:09:14.589755,Seoul-30b4,19,55,Normal
2026-02-13 21:09:15.589755,Seoul-30b4,0,23,Normal
2026-02-13 21:09:16.589755,Seoul-30b4,6,37,Normal
2026-02-13 21:09:17.589755,Seoul-30b4,-30,83,Normal
2026-02-13 21:09:18.589755,Seoul-30b4,48,50,Normal
2026-02-13 21:09:19.589755,Seoul-30b4,20,41,Normal
2026-02-13 21:09:20.589755,Seoul-30b4,21,1,Normal
2026-02-13 21:09:21.589755,Seoul-30b4,-15,57,Normal
2026-02-13 21:09:22.589755,Seoul-30b4,26,41,Normal
2026-02-13 21:09:23.589755,Seoul-30b4,28,6,Normal
2026-02-13 21:09:24.589755,Seoul-30b4,45,82,Normal
2026-02-13 21:09:25.589755,Seoul-30b4,22,9,Normal
2026-02-13 21:09:26.589755,Seoul-30b4,4,57,Normal
2026-02-13 21:09:27.589755,Seoul-30b4,0,48,Normal
2026-02-13 21:09:28.589755,Seoul-30b4,32,19,Normal
2026-02-13 21:09:29.589755,Seoul-30b4,-2,18,Normal
2026-02-13 21:09:30.589755,Seoul-30b4,48,89,Normal
2026-02-13 21:09:31.589755,Seoul-30b4,41,19,Normal
2026-02-13 21:09:32.589755,Seoul-30b4,50,81,Normal
2026-02-13 21:09:33.589755,Seoul-30b4,43,52,Normal
2026-02-13 21:09:34.589755,Seoul-30b4,1,85,Normal
2026-02-13 21:09:35.589755,Seoul-30b4,8,59,Normal
2026-02-13 21:09:36.589755,Seoul-30b4,-11,47,Normal
2026-02-13 21:09:37.589755,Seoul-30b4,27,19,Normal
2026-02-13 21:09:38.589755,Seoul-30b4,-23,61,Normal
2026-02-13 21:09:39.589755,Seoul-30b4,26,60,Normal
2026-02-13 21:09:40.589755,Seoul-30b4,-7,51,Normal
2026-02-13 21:09:41.589755,Seoul-30b4,-5,89,Normal
2026-02-13 21:09:42.589755,Seoul-30b4,-24,3,Normal
2026-02-13 21:09:43.589755,Seoul-30b4,-21,31,Normal
2026-02-13 21:09:44.589755,Seoul-30b4,-6,53,Normal
2026-02-13 21:09:45.589755,Seoul-30b4,6,34,Normal
2026-02-13 21:09:46.589755,Seoul-30b4,-25,44,Normal
2026-02-13 21:09:47.589755,Seoul-30b4,15,79,Normal
2026-02-13 21:09:48.589755,Seoul-30b4,19,55,Normal
2026-02-13 21:09:49.589755,Seoul-30b4,-4,30,Normal
2026-02-13 21:09:50.589755,Seoul-30b4,8,18,Normal
2026-02-13 21:09:51.589755,Seoul-30b4,-23,66,Normal
2026-02-13 21:09:52.589755,Seoul-30b4,-12,34,Normal
2026-02-13 21:09:53.589755,Seoul-30b4,21,79,Normal
2026-02-13 21:09:54.589755,Seoul-30b4,34,49,Normal
2026-02-13 21:09:55.589755,Seoul-30b4,50,50,Normal
2026-02-13 21:09:56.589755,Seoul-30b4,16,86,Normal
2026-02-13 21:09:57.589755,Seoul-30b4,49,37,Normal
2026-02-13 21:09:58.589755,Seoul-30b4,40,80,Normal
2026-02-13 21:09:59.589755,Seoul-30b4,44,18,Normal
2026-02-13 21:10:00.589755,Seoul-30b4,9,62,Normal
2026-02-13 21:10:01.589755,Seoul-30b4,0,93,Normal
2026-02-13 21:10:02.589755,Seoul-30b4,-4,36,Normal
2026-02-13 21:10:03.589755,Seoul-30b4,44,31,Normal
2026-02-13 21:10:04.589755,Seoul-30b4,31,22,Normal
2026-02-13 21:10:05.589755,Seoul-30b4,43,27,Normal
2026-02-13 21:10:06.589755,Seoul-30b4,39,80,Normal
2026-02-13 21:10:07.589755,Seoul-30b4,-5,18,Normal
2026-02-13 21:10:08.589755,Seoul-30b4,-28,16,Normal
2026-02-13 21:10:09.589755,Seoul-30b4,-4,76,Normal
2026-02-13 21:10:10.589755,Seoul-30b4,45,29,Normal
2026-02-13 21:10:11.589755,Seoul-30b4,6,84,Normal
2026-02-13 21:10:12.589755,Seoul-30b4,8,37,Normal
2026-02-13 21:10:13.589755,Seoul-30b4,-3,87,Normal
2026-02-13 21:10:14.589755,Seoul-30b4,-19,42,Normal
2026-02-13 21:10:15.589755,Seoul-30b4,-10,50,Normal
2026-02-13 21:10:16.589755,Seoul-30b4,-1,60,Normal
2026-02-13 21:10:17.589755,Seoul-30b4,23,25,Normal
2026-02-13 21:10:18.589755,Seoul-30b4,-30,21,Normal
2026-02-13 21:10:19.589755,Seoul-30b4,34,83,Normal
2026-02-13 21:10:20.589755,Seoul-30b4,-27,6,Normal
2026-02-13 21:10:21.589755,Seoul-30b4,-6,18,Normal
2026-02-13 21:10:22.589755,Seoul-30b4,39,39,Normal
2026-02-13 21:10:23.589755,Seoul-30b4,39,26,Normal
2026-02-13 21:10:24.589755,Seoul-30b4,4,89,Normal
2026-02-13 21:10:25.589755,Seoul-30b4,41,74,Normal
2026-02-13 21:10:26.589755,Seoul-30b4,42,54,Normal
2026-02-13 21:10:27.589755,Seoul-30b4,36,78,Normal
2026-02-13 21:10:28.589755,Seoul-30b4,50,26,Normal
2026-02-13 21:10:29.589755,Seoul-30b4,17,50,Normal
2026-02-13 21:10:30.589755,Seoul-30b4,47,3,Normal
2026-02-13 21:10:31.589755,Seoul-30b4,47,3,Normal
2026-02-13 21:10:32.589755,Seoul-30b4,37,23,Normal
2026-02-13 21:10:33.589755,Seoul-30b4,31,70,Normal
2026-02-13 21:10:34.589755,Seoul-30b4,8,88,Normal
2026-02-13 21:10:35.589755,Seoul-30b4,44,92,Normal
2026-02-13 21:10:36.589755,Seoul-30b4,-20,21,Normal
2026-02-13 21:10:37.589755,Seoul-30b4,44,79,Normal
2026-02-13 21:10:38.589755,Seoul-30b4,20,24,Normal
2026-02-13 21:10:39.589755,Seoul-30b4,-1,78,Normal
2026-02-13 21:10:40.589755,Seoul-30b4,-18,34,Normal
2026-02-13 21:10:41.589755,Seoul-30b4,44,45,Normal
2026-02-13 21:10:42.589755,Seoul-30b4,28,50,Normal
2026-02-13 21:10:43.589755,Seoul-30b4,39,51,Normal
2026-02-13 21:10:44.589755,Seoul-30b4,0,55,Normal
2026-02-13 21:10:45.589755,Seoul-30b4,15,56,Normal
2026-02-13 21:10:46.589755,Seoul-30b4,-6,92,Normal
2026-02-13 21:10:47.589755,Seoul-30b4,49,67,Normal
2026-02-13 21:10:48.589755,Seoul-30b4,20,9,Normal
2026-02-13 21:10:49.589755,Seoul-30b4,21,5,Normal
2026-02-13 21:10:50.589755,Seoul-30b4,-16,74,Normal
2026-02-13 21:10:51.589755,Seoul-30b4,-30,72,Normal
2026-02-13 21:10:52.589755,Seoul-30b4,-6,59,Normal
2026-02-13 21:10:53.589755,Seoul-30b4,35,4,Normal
2026-02-13 21:10:54.589755,Seoul-30b4,-18,23,Normal
2026-02-13 21:10:55.589755,Seoul-30b4,20,69,Normal
2026-02-13 21:10:56.589755,Seoul-30b4,40,13,Normal
2026-02-13 21:10:57.589755,Seoul-30b4,14,22,Normal
2026-02-13 21:10:58.589755,Seoul-30b4,-26,9,Normal
2026-02-13 21:10:59.589755,Seoul-30b4,20,93,Normal
2026-02-13 21:11:00.589755,Seoul-30b4,49,48,Normal
2026-02-13 21:11:01.589755,Seoul-30b4,28,62,Normal
2026-02-13 21:11:02.589755,Seoul-30b4,31,51,Normal
2026-02-13 21:11:03.589755,Seoul-30b4,44,66,Normal
2026-02-13 21:11:04.589755,Seoul-30b4,36,44,Normal
2026-02-13 21:11:05.589755,Seoul-30b4,-14,15,Normal
2026-02-13 21:11:06.589755,Seoul-30b4,45,76,Normal
2026-02-13 21:11:07.589755,Seoul-30b4,45,52,Normal
2026-02-13 21:11:08.589755,Seoul-30b4,42,7,Normal
2026-02-13 21:11:09.589755,Seoul-30b4,-20,32,Normal
2026-02-13 21:11:10.589755,Seoul-30b4,47,8,Normal
2026-02-13 21:11:11.589755,Seoul-30b4,34,18,Normal
2026-02-13 21:11:12.589755,Seoul-30b4,17,9,Normal
2026-02-13 21:11:13.589755,Seoul-30b4,43,78,Normal
2026-02-13 21:11:14.589755,Seoul-30b4,-7,92,Normal
2026-02-13 21:11:15.589755,Seoul-30b4,28,99,Normal
2026-02-13 21:11:16.589755,Seoul-30b4,2,97,Normal
2026-02-13 21:11:17.589755,Seoul-30b4,4,35,Normal
2026-02-13 21:11:18.589755,Seoul-30b4,-23,55,Normal
2026-02-13 21:11:19.589755,Seoul-30b4,-4,56,Normal
2026-02-13 21:11:20.589755,Seoul-30b4,15,96,Normal
2026-02-13 21:11:21.589755,Seoul-30b4,-8,1,Normal
2026-02-13 21:11:22.589755,Seoul-30b4,-22,66,Normal
2026-02-13 21:11:23.589755,Seoul-30b4,-4,37,Normal
2026-02-13 21:11:24.589755,Seoul-30b4,39,10,Normal
2026-02-13 21:11:25.589755,Seoul-30b4,50,25,Normal
2026-02-13 21:11:26.589755,Seoul-30b4,-7,8,Normal
2026-02-13 21:11:27.589755,Seoul-30b4,6,92,Normal
2026-02-13 21:11:28.589755,Seoul-30b4,27,63,Normal
2026-02-13 21:11:29.589755,Seoul-30b4,1,81,Normal
2026-02-13 21:11:30.589755,Seoul-30b4,-20,2,Normal
2026-02-13 21:11:31.589755,Seoul-30b4,4,46,Normal
2026-02-13 21:11:32.589755,Seoul-30b4,33,77,Normal
2026-02-13 21:11:33.589755,Seoul-30b4,-6,46,Normal
2026-02-13 21:11:34.589755,Seoul-30b4,-25,45,Normal
2026-02-13 21:11:35.589755,Seoul-30b4,40,45,Normal
2026-02-13 21:11:36.589755,Seoul-30b4,50,73,Normal
2026-02-13 21:11:37.589755,Seoul-30b4,-5,10,Normal
2026-02-13 21:11:38.589755,Seoul-30b4,18,99,Normal
2026-02-13 21:11:39.589755,Seoul-30b4,39,44,Normal
2026-02-13 21:11:40.589755,Seoul-30b4,7,89,Normal
2026-02-13 21:11:41.589755,Seoul-30b4,-11,42,Normal
2026-02-13 21:11:42.589755,Seoul-30b4,5,23,Normal
2026-02-13 21:11:43.589755,Seoul-30b4,-26,70,Normal
2026-02-13 21:11:44.589755,Seoul-30b4,14,39,Normal
2026-02-13 21:11:45.589755,Seoul-30b4,38,76,Normal
2026-02-13 21:11:46.589755,Seoul-30b4,-24,43,Normal
2026-02-13 21:11:47.589755,Seoul-30b4,18,43,Normal
2026-02-13 21:11:48.589755,Seoul-30b4,-20,0,Normal
2026-02-13 21:11:49.589755,Seoul-30b4,0,40,Normal
2026-02-13 21:11:50.589755,Seoul-30b4,10,22,Normal
2026-02-13 21:11:51.589755,Seoul-30b4,41,90,Normal
2026-02-13 21:11:52.589755,Seoul-30b4,35,88,Normal
2026-02-13 21:11:53.589755,Seoul-30b4,39,69,Normal
2026-02-13 21:11:54.589755,Seoul-30b4,18,43,Normal
2026-02-13 21:11:55.589755,Seoul-30b4,-1,51,Normal
2026-02-13 21:11:56.589755,Seoul-30b4,18,87,Normal
2026-02-13 21:11:57.589755,Seoul-30b4,17,97,Normal
2026-02-13 21:11:58.589755,Seoul-30b4,22,82,Normal
2026-02-13 21:11:59.589755,Seoul-30b4,-15,88,Normal
2026-02-13 21:12:00.589755,Seoul-30b4,-13,73,Normal
2026-02-13 21:12:01.589755,Seoul-30b4,45,79,Normal
2026-02-13 21:12:02.589755,Seoul-30b4,7,99,Normal
2026-02-13 21:12:03.589755,Seoul-30b4,-1,89,Normal
2026-02-13 21:12:04.589755,Seoul-30b4,-14,5,Normal
2026-02-13 21:12:05.589755,Seoul-30b4,-27,11,Normal
2026-02-13 21:12:06.589755,Seoul-30b4,4,7,Normal
2026-02-13 21:12:07.589755,Seoul-30b4,12,1,Normal
2026-02-13 21:12:08.589755,Seoul-30b4,-4,28,Normal
2026-02-13 21:12:09.589755,Seoul-30b4,37,19,Normal
2026-02-13 21:12:10.589755,Seoul-30b4,-14,98,Normal
2026-02-13 21:12:11.589755,Seoul-30b4,49,7,Normal
2026-02-13 21:12:12.589755,Seoul-30b4,13,12,Normal
2026-02-13 21:12:13.589755,Seoul-30b4,39,38,Normal
2026-02-13 21:12:14.589755,Seoul-30b4,2,8,Normal
2026-02-13 21:12:15.589755,Seoul-30b4,13,84,Normal
2026-02-13 21:12:16.589755,Seoul-30b4,49,63,Normal
2026-02-13 21:12:17.589755,Seoul-30b4,4,89,Normal
2026-02-13 21:12:18.589755,Seoul-30b4,-30,96,Normal
2026-02-13 21:12:19.589755,Seoul-30b4,-6,58,Normal
2026-02-13 21:12:20.589755,Seoul-30b4,8,84,Normal
2026-02-13 21:12:21.589755,Seoul-30b4,21,100,Normal
2026-02-13 21:12:22.589755,Seoul-30b4,44,99,Normal
2026-02-13 21:12:23.589755,Seoul-30b4,-28,73,Normal
2026-02-13 21:12:24.589755,Seoul-30b4,-10,5,Normal
2026-02-13 21:12:25.589755,Seoul-30b4,-3,58,Normal
2026-02-13 21:12:26.589755,Seoul-30b4,18,82,Normal
2026-02-13 21:12:27.589755,Seoul-30b4,-26,16,Normal
2026-02-13 21:12:28.589755,Seoul-30b4,28,39,Normal
2026-02-13 21:12:29.589755,Seoul-30b4,-30,68,Normal
2026-02-13 21:12:30.589755,Seoul-30b4,10,3,Normal
2026-02-13 21:12:31.589755,Seoul-30b4,36,56,Normal
2026-02-13 21:12:32.589755,Seoul-30b4,11,83,Normal
2026-02-13 21:12:33.589755,Seoul-30b4,49,48,Normal
2026-02-13 21:12:34.589755,Seoul-30b4,23,2,Normal
2026-02-13 21:12:35.589755,Seoul-30b4,-15,17,Normal
2026-02-13 21:12:36.589755,Seoul-30b4,-17,92,Normal
2026-02-13 21:12:37.589755,Seoul-30b4,10,57,Normal
2026-02-13 21:12:38.589755,Seoul-30b4,47,49,Normal
2026-02-13 21:12:39.589755,Seoul-30b4,-6,22,Normal
2026-02-13 21:12:40.589755,Seoul-30b4,45,18,Normal
2026-02-13 21:12:41.589755,Seoul-30b4,34,96,Normal
2026-02-13 21:12:42.589755,Seoul-30b4,-26,87,Normal
2026-02-13 21:12:43.589755,Seoul-30b4,43,90,Normal
2026-02-13 21:12:44.589755,Seoul-30b4,-18,9,Normal
2026-02-13 21:12:45.589755,Seoul-30b4,37,65,Normal
2026-02-13 21:12:46.589755,Seoul-30b4,7,90,Normal
2026-02-13 21:12:47.589755,Seoul-30b4,12,50,Normal
2026-02-13 21:12:48.589755,Seoul-30b4,-26,95,Normal
2026-02-13 21:12:49.589755,Seoul-30b4,46,53,Normal
2026-02-13 21:12:50.589755,Seoul-30b4,7,53,Normal
2026-02-13 21:12:51.589755,Seoul-30b4,42,44,Normal
2026-02-13 21:12:52.589755,Seoul-30b4,28,41,Normal
2026-02-13 21:12:53.589755,Seoul-30b4,45,82,Normal
2026-02-13 21:12:54.589755,Seoul-30b4,22,33,Normal
2026-02-13 21:12:55.589755,Seoul-30b4,13,69,Normal
2026-02-13 21:12:56.589755,Seoul-30b4,35,96,Normal
2026-02-13 21:12:57.589755,Seoul-30b4,-9,10,Normal
2026-02-13 21:12:58.589755,Seoul-30b4,41,5,Normal
2026-02-13 21:12:59.589755,Seoul-30b4,-22,38,Normal
2026-02-13 21:13:00.589755,Seoul-30b4,9,31,Normal
2026-02-13 21:13:01.589755,Seoul-30b4,5,38,Normal
2026-02-13 21:13:02.589755,Seoul-30b4,1,3,Normal
2026-02-13 21:13:03.589755,Seoul-30b4,-22,24,Normal
2026-02-13 21:13:04.589755,Seoul-30b4,27,56,Normal
2026-02-13 21:13:05.589755,Seoul-30b4,18,88,Normal
2026-02-13 21:13:06.589755,Seoul-30b4,49,69,Normal
2026-02-13 21:13:07.589755,Seoul-30b4,-11,36,Normal
2026-02-13 21:13:08.589755,Seoul-30b4,-29,36,Normal
2026-02-13 21:13:09.589755,Seoul-30b4,44,45,Normal
2026-02-13 21:13:10.589755,Seoul-30b4,-28,48,Normal
2026-02-13 21:13:11.589755,Seoul-30b4,22,70,Normal
2026-02-13 21:13:12.589755,Seoul-30b4,-29,47,Normal
2026-02-13 21:13:13.589755,Seoul-30b4,-13,4,Normal
2026-02-13 21:13:14.589755,Seoul-30b4,-11,21,Normal
2026-02-13 21:13:15.589755,Seoul-30b4,22,90,Normal
2026-02-13 21:13:16.589755,Seoul-30b4,46,42,Normal
2026-02-13 21:13:17.589755,Seoul-30b4,-9,4,Normal
2026-02-13 21:13:18.589755,Seoul-30b4,47,90,Normal
2026-02-13 21:13:19.589755,Seoul-30b4,-3,20,Normal
2026-02-13 21:13:20.589755,Seoul-30b4,-6,88,Normal
2026-02-13 21:13:21.589755,Seoul-30b4,-11,34,Normal
2026-02-13 21:13:22.589755,Seoul-30b4,43,39,Normal
2026-02-13 21:13:23.589755,Seoul-30b4,-16,30,Normal
2026-02-13 21:13:24.589755,Seoul-30b4,36,2,Normal
2026-02-13 21:13:25.589755,Seoul-30b4,-14,76,Normal
2026-02-13 21:13:26.589755,Seoul-30b4,-15,55,Normal
2026-02-13 21:13:27.589755,Seoul-30b4,33,18,Normal
2026-02-13 21:13:28.589755,Seoul-30b4,15,86,Normal
2026-02-13 21:13:29.589755,Seoul-30b4,-27,2,Normal
2026-02-13 21:13:30.589755,Seoul-30b4,42,33,Normal
2026-02-13 21:13:31.589755,Seoul-30b4,-8,65,Normal
2026-02-13 21:13:32.589755,Seoul-30b4,-26,77,Normal
2026-02-13 21:13:33.589755,Seoul-30b4,50,39,Normal
2026-02-13 21:13:34.589755,Seoul-30b4,30,0,Normal
2026-02-13 21:13:35.589755,Seoul-30b4,42,30,Normal
2026-02-13 21:13:36.589755,Seoul-30b4,35,51,Normal
2026-02-13 21:13:37.589755,Seoul-30b4,-1,87,Normal
2026-02-13 21:13:38.589755,Seoul-30b4,-27,79,Normal
2026-02-13 21:13:39.589755,Seoul-30b4,13,51,Normal
2026-02-13 21:13:40.589755,Seoul-30b4,-17,93,Normal
2026-02-13 21:13:41.589755,Seoul-30b4,8,98,Normal
2026-02-13 21:13:42.589755,Seoul-30b4,3,86,Normal
2026-02-13 21:13:43.589755,Seoul-30b4,45,38,Normal
2026-02-13 21:13:44.589755,Seoul-30b4,-20,71,Normal
2026-02-13 21:13:45.589755,Seoul-30b4,-30,65,Normal
2026-02-13 21:13:46.589755,Seoul-30b4,19,54,Normal
2026-02-13 21:13:47.589755,Seoul-30b4,41,82,Normal
2026-02-13 21:13:48.589755,Seoul-30b4,-1,53,Normal
2026-02-13 21:13:49.589755,Seoul-30b4,-23,47,Normal
2026-02-13 21:13:50.589755,Seoul-30b4,46,96,Normal
2026-02-13 21:13:51.589755,Seoul-30b4,47,98,Normal
2026-02-13 21:13:52.589755,Seoul-30b4,-19,28,Normal
2026-02-13 21:13:53.589755,Seoul-30b4,11,34,Normal
2026-02-13 21:13:54.589755,Seoul-30b4,36,21,Normal
2026-02-13 21:13:55.589755,Seoul-30b4,43,32,Normal
2026-02-13 21:13:56.589755,Seoul-30b4,-16,98,Normal
2026-02-13 21:13:57.589755,Seoul-30b4,-14,12,Normal
2026-02-13 21:13:58.589755,Seoul-30b4,32,36,Normal
2026-02-13 21:13:59.589755,Seoul-30b4,-8,56,Normal
2026-02-13 21:14:00.589755,Seoul-30b4,24,49,Normal
2026-02-13 21:14:01.589755,Seoul-30b4,-22,39,Normal
2026-02-13 21:14:02.589755,Seoul-30b4,11,61,Normal
2026-02-13 21:14:03.589755,Seoul-30b4,28,39,Normal
2026-02-13 21:14:04.589755,Seoul-30b4,-21,71,Normal
2026-02-13 21:14:05.589755,Seoul-30b4,-16,19,Normal
2026-02-13 21:14:06.589755,Seoul-30b4,-12,83,Normal
2026-02-13 21:14:07.589755,Seoul-30b4,-22,71,Normal
2026-02-13 21:14:08.589755,Seoul-30b4,35,42,Normal
2026-02-13 21:14:09.589755,Seoul-30b4,-22,47,Normal
2026-02-13 21:14:10.589755,Seoul-30b4,4,46,Normal
2026-02-13 21:14:11.589755,Seoul-30b4,-10,12,Normal
2026-02-13 21:14:12.589755,Seoul-30b4,-22,100,Normal
2026-02-13 21:14:13.589755,Seoul-30b4,32,70,Normal
2026-02-13 21:14:14.589755,Seoul-30b4,-18,24,Normal
2026-02-13 21:14:15.589755,Seoul-30b4,-7,7,Normal
2026-02-13 21:14:16.589755,Seoul-30b4,30,72,Normal
2026-02-13 21:14:17.589755,Seoul-30b4,18,17,Normal
2026-02-13 21:14:18.589755,Seoul-30b4,31,56,Normal
2026-02-13 21:14:19.589755,Seoul-30b4,-13,44,Normal
2026-02-13 21:14:20.589755,Seoul-30b4,20,48,Normal
2026-02-13 21:14:21.589755,Seoul-30b4,34,48,Normal
2026-02-13 21:14:22.589755,Seoul-30b4,15,75,Normal
2026-02-13 21:14:23.589755,Seoul-30b4,-7,29,Normal
2026-02-13 21:14:24.589755,Seoul-30b4,17,96,Normal
2026-02-13 21:14:25.589755,Seoul-30b4,16,11,Normal
2026-02-13 21:14:26.589755,Seoul-30b4,-4,85,Normal
2026-02-13 21:14:27.589755,Seoul-30b4,42,43,Normal
2026-02-13 21:14:28.589755,Seoul-30b4,38,12,Normal
2026-02-13 21:14:29.589755,Seoul-30b4,-1,15,Normal
2026-02-13 21:14:30.589755,Seoul-30b4,-5,64,Normal
2026-02-13 21:14:31.589755,Seoul-30b4,33,56,Normal
2026-02-13 21:14:32.589755,Seoul-30b4,-18,44,Normal
2026-02-13 21:14:33.589755,Seoul-30b4,13,37,Normal
2026-02-13 21:14:34.589755,Seoul-30b4,23,94,Normal
2026-02-13 21:14:35.589755,Seoul-30b4,-13,31,Normal
2026-02-13 21:14:36.589755,Seoul-30b4,17,36,Normal
2026-02-13 21:14:37.589755,Seoul-30b4,27,2,Normal
2026-02-13 21:14:38.589755,Seoul-30b4,-25,59,Normal
2026-02-13 21:14:39.589755,Seoul-30b4,2,93,Normal
2026-02-13 21:14:40.589755,Seoul-30b4,-3,25,Normal
2026-02-13 21:14:41.589755,Seoul-30b4,-30,45,Normal
2026-02-13 21:14:42.589755,Seoul-30b4,31,65,Normal
2026-02-13 21:14:43.589755,Seoul-30b4,-2,19,Normal
2026-02-13 21:14:44.589755,Seoul-30b4,-1,23,Normal
2026-02-13 21:14:45.589755,Seoul-30b4,-20,3,Normal
2026-02-13 21:14:46.589755,Seoul-30b4,17,61,Normal
2026-02-13 21:14:47.589755,Seoul-30b4,19,76,Normal
2026-02-13 21:14:48.589755,Seoul-30b4,35,48,Normal
2026-02-13 21:14:49.589755,Seoul-30b4,37,42,Normal
2026-02-13 21:14:50.589755,Seoul-30b4,24,11,Normal
2026-02-13 21:14:51.589755,Seoul-30b4,16,88,Normal
2026-02-13 21:14:52.589755,Seoul-30b4,38,23,Normal
2026-02-13 21:14:53.589755,Seoul-30b4,50,73,Normal
2026-02-13 21:14:54.589755,Seoul-30b4,-12,78,Normal
2026-02-13 21:14:55.589755,Seoul-30b4,27,54,Normal
2026-02-13 21:14:56.589755,Seoul-30b4,13,87,Normal
2026-02-13 21:14:57.589755,Seoul-30b4,3,41,Normal
2026-02-13 21:14:58.589755,Seoul-30b4,26,82,Normal
2026-02-13 21:14:59.589755,Seoul-30b4,40,42,Normal
2026-02-13 21:15:00.589755,Seoul-30b4,-7,13,Normal
2026-02-13 21:15:01.589755,Seoul-30b4,24,29,Normal
2026-02-13 21:15:02.589755,Seoul-30b4,-6,99,Normal
2026-02-13 21:15:03.589755,Seoul-30b4,12,1,Normal
2026-02-13 21:15:04.589755,Seoul-30b4,16,76,Normal
2026-02-13 21:15:05.589755,Seoul-30b4,9,63,Normal
2026-02-13 21:15:06.589755,Seoul-30b4,36,78,Normal
2026-02-13 21:15:07.589755,Seoul-30b4,36,96,Normal
2026-02-13 21:15:08.589755,Seoul-30b4,4,32,Normal
2026-02-13 21:15:09.589755,Seoul-30b4,37,75,Normal
2026-02-13 21:15:10.589755,Seoul-30b4,24,26,Normal
2026-02-13 21:15:11.589755,Seoul-30b4,39,18,Normal
2026-02-13 21:15:12.589755,Seoul-30b4,17,32,Normal
2026-02-13 21:15:13.589755,Seoul-30b4,21,45,Normal
2026-02-13 21:15:14.589755,Seoul-30b4,47,47,Normal
2026-02-13 21:15:15.589755,Seoul-30b4,41,82,Normal
2026-02-13 21:15:16.589755,Seoul-30b4,21,29,Normal
2026-02-13 21:15:17.589755,Seoul-30b4,27,47,Normal
2026-02-13 21:15:18.589755,Seoul-30b4,-18,84,Normal
2026-02-13 21:15:19.589755,Seoul-30b4,2,76,Normal
2026-02-13 21:15:20.589755,Seoul-30b4,-27,81,Normal
2026-02-13 21:15:21.589755,Seoul-30b4,-21,19,Normal
2026-02-13 21:15:22.589755,Seoul-30b4,2,10,Normal
2026-02-13 21:15:23.589755,Seoul-30b4,17,87,Normal
2026-02-13 21:15:24.589755,Seoul-30b4,13,67,Normal
2026-02-13 21:15:25.589755,Seoul-30b4,43,50,Normal
2026-02-13 21:15:26.589755,Seoul-30b4,-4,2,Normal
2026-02-13 21:15:27.589755,Seoul-30b4,26,48,Normal
2026-02-13 21:15:28.589755,Seoul-30b4,41,87,Normal
2026-02-13 21:15:29.589755,Seoul-30b4,47,93,Normal
2026-02-13 21:15:30.589755,Seoul-30b4,8,59,Normal
2026-02-13 21:15:31.589755,Seoul-30b4,-21,55,Normal
2026-02-13 21:15:32.589755,Seoul-30b4,0,42,Normal
2026-02-13 21:15:33.589755,Seoul-30b4,30,0,Normal
2026-02-13 21:15:34.589755,Seoul-30b4,-8,77,Normal
2026-02-13 21:15:35.589755,Seoul-30b4,50,0,Normal
2026-02-13 21:15:36.589755,Seoul-30b4,32,30,Normal
2026-02-13 21:15:37.589755,Seoul-30b4,21,59,Normal
2026-02-13 21:15:38.589755,Seoul-30b4,-18,35,Normal
2026-02-13 21:15:39.589755,Seoul-30b4,-8,74,Normal
2026-02-13 21:15:40.589755,Seoul-30b4,-26,84,Normal
2026-02-13 21:15:41.589755,Seoul-30b4,-27,71,Normal
2026-02-13 21:15:42.589755,Seoul-30b4,31,62,Normal
2026-02-13 21:15:43.589755,Seoul-30b4,13,38,Normal
2026-02-13 21:15:44.589755,Seoul-30b4,34,1,Normal
2026-02-13 21:15:45.589755,Seoul-30b4,33,69,Normal
2026-02-13 21:15:46.589755,Seoul-30b4,1,95,Normal
2026-02-13 21:15:47.589755,Seoul-30b4,34,40,Normal
2026-02-13 21:15:48.589755,Seoul-30b4,26,77,Normal
2026-02-13 21:15:49.589755,Seoul-30b4,45,16,Normal
2026-02-13 21:15:50.589755,Seoul-30b4,20,24,Normal
2026-02-13 21:15:51.589755,Seoul-30b4,46,68,Normal
2026-02-13 21:15:52.589755,Seoul-30b4,-21,43,Normal
2026-02-13 21:15:53.589755,Seoul-30b4,30,91,Normal
2026-02-13 21:15:54.589755,Seoul-30b4,11,43,Normal
2026-02-13 21:15:55.589755,Seoul-30b4,6,18,Normal
2026-02-13 21:15:56.589755,Seoul-30b4,21,72,Normal
2026-02-13 21:15:57.589755,Seoul-30b4,18,48,Normal
2026-02-13 21:15:58.589755,Seoul-30b4,32,53,Normal
2026-02-13 21:15:59.589755,Seoul-30b4,-21,46,Normal
2026-02-13 21:16:00.589755,Seoul-30b4,-24,78,Normal
2026-02-13 21:16:01.589755,Seoul-30b4,3,8,Normal
2026-02-13 21:16:02.589755,Seoul-30b4,11,59,Normal
2026-02-13 21:16:03.589755,Seoul-30b4,13,32,Normal
2026-02-13 21:16:04.589755,Seoul-30b4,21,74,Normal
2026-02-13 21:16:05.589755,Seoul-30b4,-21,13,Normal
2026-02-13 21:16:06.589755,Seoul-30b4,14,8,Normal
2026-02-13 21:16:07.589755,Seoul-30b4,-16,8,Normal
2026-02-13 21:16:08.589755,Seoul-30b4,8,42,Normal
2026-02-13 21:16:09.589755,Seoul-30b4,-13,98,Normal
2026-02-13 21:16:10.589755,Seoul-30b4,14,37,Normal
2026-02-13 21:16:11.589755,Seoul-30b4,15,98,Normal
2026-02-13 21:16:12.589755,Seoul-30b4,45,100,Normal
2026-02-13 21:16:13.589755,Seoul-30b4,-30,14,Normal
2026-02-13 21:16:14.589755,Seoul-30b4,40,29,Normal
2026-02-13 21:16:15.589755,Seoul-30b4,50,29,Normal
2026-02-13 21:16:16.589755,Seoul-30b4,-2,9,Normal
2026-02-13 21:16:17.589755,Seoul-30b4,44,23,Normal
2026-02-13 21:16:18.589755,Seoul-30b4,37,24,Normal
2026-02-13 21:16:19.589755,Seoul-30b4,23,54,Normal
2026-02-13 21:16:20.589755,Seoul-30b4,11,30,Normal
2026-02-13 21:16:21.589755,Seoul-30b4,11,94,Normal
2026-02-13 21:16:22.589755,Seoul-30b4,44,58,Normal
2026-02-13 21:16:23.589755,Seoul-30b4,-15,1,Normal
2026-02-13 21:16:24.589755,Seoul-30b4,32,45,Normal
2026-02-13 21:16:25.589755,Seoul-30b4,-23,68,Normal
2026-02-13 21:16:26.589755,Seoul-30b4,-10,25,Normal
2026-02-13 21:16:27.589755,Seoul-30b4,20,49,Normal
2026-02-13 21:16:28.589755,Seoul-30b4,-22,49,Normal
2026-02-13 21:16:29.589755,Seoul-30b4,10,71,Normal
2026-02-13 21:16:30.589755,Seoul-30b4,-24,35,Normal
2026-02-13 21:16:31.589755,Seoul-30b4,-3,2,Normal
2026-02-13 21:16:32.589755,Seoul-30b4,45,20,Normal
2026-02-13 21:16:33.589755,Seoul-30b4,-19,37,Normal
2026-02-13 21:16:34.589755,Seoul-30b4,35,44,Normal
2026-02-13 21:16:35.589755,Seoul-30b4,-17,96,Normal
2026-02-13 21:16:36.589755,Seoul-30b4,40,73,Normal
2026-02-13 21:16:37.589755,Seoul-30b4,50,8,Normal
2026-02-13 21:16:38.589755,Seoul-30b4,41,79,Normal
2026-02-13 21:16:39.589755,Seoul-30b4,25,91,Normal
2026-02-13 21:16:40.589755,Seoul-30b4,-23,66,Normal
2026-02-13 21:16:41.589755,Seoul-30b4,-27,83,Normal
2026-02-13 21:16:42.589755,Seoul-30b4,39,75,Normal
2026-02-13 21:16:43.589755,Seoul-30b4,16,20,Normal
2026-02-13 21:16:44.589755,Seoul-30b4,48,65,Normal
2026-02-13 21:16:45.589755,Seoul-30b4,33,54,Normal
2026-02-13 21:16:46.589755,Seoul-30b4,9,22,Normal
2026-02-13 21:16:47.589755,Seoul-30b4,29,43,Normal
2026-02-13 21:16:48.589755,Seoul-30b4,13,91,Normal
2026-02-13 21:16:49.589755,Seoul-30b4,-6,81,Normal
2026-02-13 21:16:50.589755,Seoul-30b4,-14,24,Normal
2026-02-13 21:16:51.589755,Seoul-30b4,25,19,Normal
2026-02-13 21:16:52.589755,Seoul-30b4,-19,89,Normal
2026-02-13 21:16:53.589755,Seoul-30b4,15,81,Normal
2026-02-13 21:16:54.589755,Seoul-30b4,-22,78,Normal
2026-02-13 21:16:55.589755,Seoul-30b4,26,15,Normal
2026-02-13 21:16:56.589755,Seoul-30b4,12,88,Normal
2026-02-13 21:16:57.589755,Seoul-30b4,23,93,Normal
2026-02-13 21:16:58.589755,Seoul-30b4,-17,94,Normal
2026-02-13 21:16:59.589755,Seoul-30b4,45,55,Normal
2026-02-13 21:17:00.589755,Seoul-30b4,-5,100,Normal
2026-02-13 21:17:01.589755,Seoul-30b4,13,63,Normal
2026-02-13 21:17:02.589755,Seoul-30b4,6,3,Normal
2026-02-13 21:17:03.589755,Seoul-30b4,45,40,Normal
2026-02-13 21:17:04.589755,Seoul-30b4,44,84,Normal
2026-02-13 21:17:05.589755,Seoul-30b4,13,87,Normal
2026-02-13 21:17:06.589755,Seoul-30b4,-26,83,Normal
2026-02-13 21:17:07.589755,Seoul-30b4,16,39,Normal
2026-02-13 21:17:08.589755,Seoul-30b4,0,13,Normal
2026-02-13 21:17:09.589755,Seoul-30b4,23,53,Normal
2026-02-13 21:17:10.589755,Seoul-30b4,44,39,Normal
2026-02-13 21:17:11.589755,Seoul-30b4,-23,63,Normal
2026-02-13 21:17:12.589755,Seoul-30b4,10,82,Normal
2026-02-13 21:17:13.589755,Seoul-30b4,22,70,Normal
2026-02-13 21:17:14.589755,Seoul-30b4,42,60,Normal
2026-02-13 21:17:15.589755,Seoul-30b4,43,40,Normal
2026-02-13 21:17:16.589755,Seoul-30b4,31,49,Normal
2026-02-13 21:17:17.589755,Seoul-30b4,34,59,Normal
2026-02-13 21:17:18.589755,Seoul-30b4,12,28,Normal
2026-02-13 21:17:19.589755,Seoul-30b4,-6,21,Normal
2026-02-13 21:17:20.589755,Seoul-30b4,11,3,Normal
2026-02-13 21:17:21.589755,Seoul-30b4,27,49,Normal
2026-02-13 21:17:22.589755,Seoul-30b4,-27,100,Normal
2026-02-13 21:17:23.589755,Seoul-30b4,28,4,Normal
2026-02-13 21:17:24.589755,Seoul-30b4,-5,22,Normal
2026-02-13 21:17:25.589755,Seoul-30b4,-20,47,Normal
2026-02-13 21:17:26.589755,Seoul-30b4,24,37,Normal
2026-02-13 21:17:27.589755,Seoul-30b4,-1,40,Normal
2026-02-13 21:17:28.589755,Seoul-30b4,38,77,Normal
2026-02-13 21:17:29.589755,Seoul-30b4,28,50,Normal
2026-02-13 21:17:30.589755,Seoul-30b4,16,94,Normal
2026-02-13 21:17:31.589755,Seoul-30b4,11,6,Normal
2026-02-13 21:17:32.589755,Seoul-30b4,19,2,Normal
2026-02-13 21:17:33.589755,Seoul-30b4,-2,50,Normal
2026-02-13 21:17:34.589755,Seoul-30b4,-22,66,Normal
2026-02-13 21:17:35.589755,Seoul-30b4,-28,52,Normal
2026-02-13 21:17:36.589755,Seoul-30b4,-9,55,Normal
2026-02-13 21:17:37.589755,Seoul-30b4,11,22,Normal
2026-02-13 21:17:38.589755,Seoul-30b4,22,72,Normal
2026-02-13 21:17:39.589755,Seoul-30b4,47,74,Normal
2026-02-13 21:17:40.589755,Seoul-30b4,22,46,Normal
2026-02-13 21:17:41.589755,Seoul-30b4,20,21,Normal
2026-02-13 21:17:42.589755,Seoul-30b4,-16,31,Normal
2026-02-13 21:17:43.589755,Seoul-30b4,-23,78,Normal
2026-02-13 21:17:44.589755,Seoul-30b4,-13,39,Normal
2026-02-13 21:17:45.589755,Seoul-30b4,15,58,Normal
2026-02-13 21:17:46.589755,Seoul-30b4,32,46,Normal
2026-02-13 21:17:47.589755,Seoul-30b4,-19,10,Normal
2026-02-13 21:17:48.589755,Seoul-30b4,11,6,Normal
2026-02-13 21:17:49.589755,Seoul-30b4,18,58,Normal
2026-02-13 21:17:50.589755,Seoul-30b4,11,78,Normal
2026-02-13 21:17:51.589755,Seoul-30b4,11,13,Normal
2026-02-13 21:17:52.589755,Seoul-30b4,-9,39,Normal
2026-02-13 21:17:53.589755,Seoul-30b4,37,35,Normal
2026-02-13 21:17:54.589755,Seoul-30b4,41,36,Normal
2026-02-13 21:17:55.589755,Seoul-30b4,4,86,Normal
2026-02-13 21:17:56.589755,Seoul-30b4,28,43,Normal
2026-02-13 21:17:57.589755,Seoul-30b4,-9,29,Normal
2026-02-13 21:17:58.589755,Seoul-30b4,32,93,Normal
2026-02-13 21:17:59.589755,Seoul-30b4,11,40,Normal
2026-02-13 21:18:00.589755,Seoul-30b4,-4,96,Normal
2026-02-13 21:18:01.589755,Seoul-30b4,-29,79,Normal
2026-02-13 21:18:02.589755,Seoul-30b4,-8,67,Normal
2026-02-13 21:18:03.589755,Seoul-30b4,38,77,Normal
2026-02-13 21:18:04.589755,Seoul-30b4,50,14,Normal
2026-02-13 21:18:05.589755,Seoul-30b4,-18,83,Normal
2026-02-13 21:18:06.589755,Seoul-30b4,19,5,Normal
2026-02-13 21:18:07.589755,Seoul-30b4,40,21,Normal
2026-02-13 21:18:08.589755,Seoul-30b4,45,68,Normal
2026-02-13 21:18:09.589755,Seoul-30b4,-28,32,Normal
2026-02-13 21:18:10.589755,Seoul-30b4,20,81,Normal
2026-02-13 21:18:11.589755,Seoul-30b4,-12,8,Normal
2026-02-13 21:18:12.589755,Seoul-30b4,44,25,Normal
2026-02-13 21:18:13.589755,Seoul-30b4,22,47,Normal
2026-02-13 21:18:14.589755,Seoul-30b4,23,16,Normal
2026-02-13 21:18:15.589755,Seoul-30b4,-20,51,Normal
2026-02-13 21:18:16.589755,Seoul-30b4,-25,73,Normal
2026-02-13 21:18:17.589755,Seoul-30b4,24,7,Normal
2026-02-13 21:18:18.589755,Seoul-30b4,16,41,Normal
2026-02-13 21:18:19.589755,Seoul-30b4,2,34,Normal
2026-02-13 21:18:20.589755,Seoul-30b4,-19,72,Normal
2026-02-13 21:18:21.589755,Seoul-30b4,8,10,Normal
2026-02-13 21:18:22.589755,Seoul-30b4,36,95,Normal
2026-02-13 21:18:23.589755,Seoul-30b4,1,78,Normal
2026-02-13 21:18:24.589755,Seoul-30b4,32,54,Normal
2026-02-13 21:18:25.589755,Seoul-30b4,-13,35,Normal
2026-02-13 21:18:26.589755,Seoul-30b4,25,20,Normal
2026-02-13 21:18:27.589755,Seoul-30b4,-1,33,Normal
2026-02-13 21:18:28.589755,Seoul-30b4,16,77,Normal
2026-02-13 21:18:29.589755,Seoul-30b4,3,21,Normal
2026-02-13 21:18:30.589755,Seoul-30b4,0,58,Normal
2026-02-13 21:18:31.589755,Seoul-30b4,12,48,Normal
2026-02-13 21:18:32.589755,Seoul-30b4,48,12,Normal
2026-02-13 21:18:33.589755,Seoul-30b4,17,71,Normal
2026-02-13 21:18:34.589755,Seoul-30b4,-2,35,Normal
2026-02-13 21:18:35.589755,Seoul-30b4,33,73,Normal
2026-02-13 21:18:36.589755,Seoul-30b4,-18,79,Normal
2026-02-13 21:18:37.589755,Seoul-30b4,-29,44,Normal
2026-02-13 21:18:38.589755,Seoul-30b4,3,14,Normal
2026-02-13 21:18:39.589755,Seoul-30b4,-10,93,Normal
2026-02-13 21:18:40.589755,Seoul-30b4,11,16,Normal
2026-02-13 21:18:41.589755,Seoul-30b4,20,91,Normal
2026-02-13 21:18:42.589755,Seoul-30b4,-11,66,Normal
2026-02-13 21:18:43.589755,Seoul-30b4,-28,25,Normal
2026-02-13 21:18:44.589755,Seoul-30b4,-11,55,Normal
2026-02-13 21:18:45.589755,Seoul-30b4,50,26,Normal
2026-02-13 21:18:46.589755,Seoul-30b4,-15,38,Normal
2026-02-13 21:18:47.589755,Seoul-30b4,21,94,Normal
2026-02-13 21:18:48.589755,Seoul-30b4,5,88,Normal
2026-02-13 21:18:49.589755,Seoul-30b4,44,100,Normal
2026-02-13 21:18:50.589755,Seoul-30b4,-16,33,Normal
2026-02-13 21:18:51.589755,Seoul-30b4,-25,48,Normal
2026-02-13 21:18:52.589755,Seoul-30b4,17,90,Normal
2026-02-13 21:18:53.589755,Seoul-30b4,-15,90,Normal
2026-02-13 21:18:54.589755,Seoul-30b4,21,29,Normal
2026-02-13 21:18:55.589755,Seoul-30b4,37,90,Normal
2026-02-13 21:18:56.589755,Seoul-30b4,24,68,Normal
2026-02-13 21:18:57.589755,Seoul-30b4,49,81,Normal
2026-02-13 21:18:58.589755,Seoul-30b4,-30,62,Normal
2026-02-13 21:18:59.589755,Seoul-30b4,10,84,Normal
2026-02-13 21:19:00.589755,Seoul-30b4,45,15,Normal
2026-02-13 21:19:01.589755,Seoul-30b4,43,31,Normal
2026-02-13 21:19:02.589755,Seoul-30b4,8,1,Normal
2026-02-13 21:19:03.589755,Seoul-30b4,-14,40,Normal
2026-02-13 21:19:04.589755,Seoul-30b4,32,75,Normal
2026-02-13 21:19:05.589755,Seoul-30b4,34,58,Normal
2026-02-13 21:19:06.589755,Seoul-30b4,9,40,Normal
2026-02-13 21:19:07.589755,Seoul-30b4,9,50,Normal
2026-02-13 21:19:08.589755,Seoul-30b4,-5,6,Normal
2026-02-13 21:19:09.589755,Seoul-30b4,19,0,Normal
2026-02-13 21:19:10.589755,Seoul-30b4,4,32,Normal
2026-02-13 21:19:11.589755,Seoul-30b4,-27,94,Normal
2026-02-13 21:19:12.589755,Seoul-30b4,-13,91,Normal
2026-02-13 21:19:13.589755,Seoul-30b4,36,66,Normal
2026-02-13 21:19:14.589755,Seoul-30b4,23,42,Normal
2026-02-13 21:19:15.589755,Seoul-30b4,21,78,Normal
2026-02-13 21:19:16.589755,Seoul-30b4,10,25,Normal
2026-02-13 21:19:17.589755,Seoul-30b4,29,99,Normal
2026-02-13 21:19:18.589755,Seoul-30b4,-6,76,Normal
2026-02-13 21:19:19.589755,Seoul-30b4,-23,4,Normal
2026-02-13 21:19:20.589755,Seoul-30b4,-14,83,Normal
2026-02-13 21:19:21.589755,Seoul-30b4,44,83,Normal
2026-02-13 21:19:22.589755,Seoul-30b4,17,99,Normal
2026-02-13 21:19:23.589755,Seoul-30b4,-5,38,Normal
2026-02-13 21:19:24.589755,Seoul-30b4,2,63,Normal
2026-02-13 21:19:25.589755,Seoul-30b4,-3,90,Normal
2026-02-13 21:19:26.589755,Seoul-30b4,18,73,Normal
2026-02-13 21:19:27.589755,Seoul-30b4,-20,92,Normal
2026-02-13 21:19:28.589755,Seoul-30b4,43,23,Normal
2026-02-13 21:19:29.589755,Seoul-30b4,25,6,Normal
2026-02-13 21:19:30.589755,Seoul-30b4,48,4,Normal
2026-02-13 21:19:31.589755,Seoul-30b4,-14,6,Normal
2026-02-13 21:19:32.589755,Seoul-30b4,2,17,Normal
2026-02-13 21:19:33.589755,Seoul-30b4,-22,40,Normal
2026-02-13 21:19:34.589755,Seoul-30b4,15,14,Normal
2026-02-13 21:19:35.589755,Seoul-30b4,-24,25,Normal
2026-02-13 21:19:36.589755,Seoul-30b4,10,92,Normal
2026-02-13 21:19:37.589755,Seoul-30b4,5,53,Normal
2026-02-13 21:19:38.589755,Seoul-30b4,14,55,Normal
2026-02-13 21:19:39.589755,Seoul-30b4,-1,72,Normal
2026-02-13 21:19:40.589755,Seoul-30b4,49,1,Normal
2026-02-13 21:19:41.589755,Seoul-30b4,20,73,Normal
2026-02-13 21:19:42.589755,Seoul-30b4,38,0,Normal
2026-02-13 21:19:43.589755,Seoul-30b4,41,100,Normal
2026-02-13 21:19:44.589755,Seoul-30b4,19,38,Normal
2026-02-13 21:19:45.589755,Seoul-30b4,46,67,Normal
2026-02-13 21:19:46.589755,Seoul-30b4,-21,79,Normal
2026-02-13 21:19:47.589755,Seoul-30b4,-17,62,Normal
2026-02-13 21:19:48.589755,Seoul-30b4,7,49,Normal
2026-02-13 21:19:49.589755,Seoul-30b4,-27,72,Normal
2026-02-13 21:19:50.589755,Seoul-30b4,-10,97,Normal
2026-02-13 21:19:51.589755,Seoul-30b4,-29,69,Normal
2026-02-13 21:19:52.589755,Seoul-30b4,33,65,Normal
2026-02-13 21:19:53.589755,Seoul-30b4,13,41,Normal
2026-02-13 21:19:54.589755,Seoul-30b4,-7,20,Normal
2026-02-13 21:19:55.589755,Seoul-30b4,12,83,Normal
2026-02-13 21:19:56.589755,Seoul-30b4,4,97,Normal
2026-02-13 21:19:57.589755,Seoul-30b4,-30,19,Normal
2026-02-13 21:19:58.589755,Seoul-30b4,29,25,Normal
2026-02-13 21:19:59.589755,Seoul-30b4,-27,86,Normal
2026-02-13 21:20:00.589755,Seoul-30b4,34,13,Normal
2026-02-13 21:20:01.589755,Seoul-30b4,13,45,Normal
2026-02-13 21:20:02.589755,Seoul-30b4,36,26,Normal
2026-02-13 21:20:03.589755,Seoul-30b4,13,66,Normal
2026-02-13 21:20:04.589755,Seoul-30b4,-11,86,Normal
2026-02-13 21:20:05.589755,Seoul-30b4,-21,56,Normal
2026-02-13 21:20:06.589755,Seoul-30b4,43,3,Normal
2026-02-13 21:20:07.589755,Seoul-30b4,15,41,Normal
2026-02-13 21:20:08.589755,Seoul-30b4,22,84,Normal
2026-02-13 21:20:09.589755,Seoul-30b4,37,53,Normal
2026-02-13 21:20:10.589755,Seoul-30b4,38,52,Normal
2026-02-13 21:20:11.589755,Seoul-30b4,15,24,Normal
2026-02-13 21:20:12.589755,Seoul-30b4,-14,83,Normal
2026-02-13 21:20:13.589755,Seoul-30b4,30,34,Normal
2026-02-13 21:20:14.589755,Seoul-30b4,34,7,Normal
2026-02-13 21:20:15.589755,Seoul-30b4,31,50,Normal
2026-02-13 21:20:16.589755,Seoul-30b4,47,38,Normal
2026-02-13 21:20:17.589755,Seoul-30b4,9,43,Normal
2026-02-13 21:20:18.589755,Seoul-30b4,-10,70,Normal
2026-02-13 21:20:19.589755,Seoul-30b4,-29,57,Normal
2026-02-13 21:20:20.589755,Seoul-30b4,30,26,Normal
2026-02-13 21:20:21.589755,Seoul-30b4,45,53,Normal
2026-02-13 21:20:22.589755,Seoul-30b4,26,28,Normal
2026-02-13 21:20:23.589755,Seoul-30b4,-24,5,Normal
2026-02-13 21:20:24.589755,Seoul-30b4,-23,51,Normal
2026-02-13 21:20:25.589755,Seoul-30b4,22,16,Normal
2026-02-13 21:20:26.589755,Seoul-30b4,43,50,Normal
2026-02-13 21:20:27.589755,Seoul-30b4,17,18,Normal
2026-02-13 21:20:28.589755,Seoul-30b4,10,47,Normal
2026-02-13 21:20:29.589755,Seoul-30b4,8,10,Normal
2026-02-13 21:20:30.589755,Seoul-30b4,45,61,Normal
2026-02-13 21:20:31.589755,Seoul-30b4,43,75,Normal
2026-02-13 21:20:32.589755,Seoul-30b4,28,97,Normal
2026-02-13 21:20:33.589755,Seoul-30b4,-19,23,Normal
2026-02-13 21:20:34.589755,Seoul-30b4,37,96,Normal
2026-02-13 21:20:35.589755,Seoul-30b4,24,93,Normal
2026-02-13 21:20:36.589755,Seoul-30b4,-14,32,Normal
2026-02-13 21:20:37.589755,Seoul-30b4,5,26,Normal
2026-02-13 21:20:38.589755,Seoul-30b4,11,87,Normal
2026-02-13 21:20:39.589755,Seoul-30b4,17,48,Normal
2026-02-13 21:20:40.589755,Seoul-30b4,-28,9,Normal
2026-02-13 21:20:41.589755,Seoul-30b4,45,42,Normal
2026-02-13 21:20:42.589755,Seoul-30b4,12,12,Normal
2026-02-13 21:20:43.589755,Seoul-30b4,34,62,Normal
2026-02-13 21:20:44.589755,Seoul-30b4,8,81,Normal
2026-02-13 21:20:45.589755,Seoul-30b4,-11,75,Normal
2026-02-13 21:20:46.589755,Seoul-30b4,16,34,Normal
2026-02-13 21:20:47.589755,Seoul-30b4,10,37,Normal
2026-02-13 21:20:48.589755,Seoul-30b4,-6,59,Normal
2026-02-13 21:20:49.589755,Seoul-30b4,-10,100,Normal
2026-02-13 21:20:50.589755,Seoul-30b4,46,86,Normal
2026-02-13 21:20:51.589755,Seoul-30b4,10,74,Normal
2026-02-13 21:20:52.589755,Seoul-30b4,-9,85,Normal
2026-02-13 21:20:53.589755,Seoul-30b4,-14,48,Normal
2026-02-13 21:20:54.589755,Seoul-30b4,31,58,Normal
2026-02-13 21:20:55.589755,Seoul-30b4,2,34,Normal
2026-02-13 21:20:56.589755,Seoul-30b4,-13,35,Normal
2026-02-13 21:20:57.589755,Seoul-30b4,14,95,Normal
2026-02-13 21:20:58.589755,Seoul-30b4,29,54,Normal
2026-02-13 21:20:59.589755,Seoul-30b4,4,96,Normal
2026-02-13 21:21:00.589755,Seoul-30b4,8,62,Normal
2026-02-13 21:21:01.589755,Seoul-30b4,-24,80,Normal
2026-02-13 21:21:02.589755,Seoul-30b4,-6,58,Normal
2026-02-13 21:21:03.589755,Seoul-30b4,21,81,Normal
2026-02-13 21:21:04.589755,Seoul-30b4,16,84,Normal
2026-02-13 21:21:05.589755,Seoul-30b4,48,50,Normal
2026-02-13 21:21:06.589755,Seoul-30b4,27,44,Normal
2026-02-13 21:21:07.589755,Seoul-30b4,28,97,Normal
2026-02-13 21:21:08.589755,Seoul-30b4,3,96,Normal
2026-02-13 21:21:09.589755,Seoul-30b4,-18,15,Normal
2026-02-13 21:21:10.589755,Seoul-30b4,37,6,Normal
2026-02-13 21:21:11.589755,Seoul-30b4,-27,85,Normal
2026-02-13 21:21:12.589755,Seoul-30b4,30,64,Normal
2026-02-13 21:21:13.589755,Seoul-30b4,50,14,Normal
2026-02-13 21:21:14.589755,Seoul-30b4,-18,46,Normal
2026-02-13 21:21:15.589755,Seoul-30b4,37,57,Normal
2026-02-13 21:21:16.589755,Seoul-30b4,32,63,Normal
2026-02-13 21:21:17.589755,Seoul-30b4,13,76,Normal
2026-02-13 21:21:18.589755,Seoul-30b4,-10,33,Normal
2026-02-13 21:21:19.589755,Seoul-30b4,10,70,Normal
2026-02-13 21:21:20.589755,Seoul-30b4,-25,83,Normal
2026-02-13 21:21:21.589755,Seoul-30b4,-4,8,Normal
2026-02-13 21:21:22.589755,Seoul-30b4,14,65,Normal
2026-02-13 21:21:23.589755,Seoul-30b4,-2,78,Normal
2026-02-13 21:21:24.589755,Seoul-30b4,13,25,Normal
2026-02-13 21:21:25.589755,Seoul-30b4,25,20,Normal
2026-02-13 21:21:26.589755,Seoul-30b4,10,85,Normal
2026-02-13 21:21:27.589755,Seoul-30b4,22,44,Normal
2026-02-13 21:21:28.589755,Seoul-30b4,33,74,Normal
2026-02-13 21:21:29.589755,Seoul-30b4,43,24,Normal
2026-02-13 21:21:30.589755,Seoul-30b4,6,95,Normal
2026-02-13 21:21:31.589755,Seoul-30b4,41,3,Normal
2026-02-13 21:21:32.589755,Seoul-30b4,33,55,Normal
2026-02-13 21:21:33.589755,Seoul-30b4,16,18,Normal
2026-02-13 21:21:34.589755,Seoul-30b4,22,64,Normal
2026-02-13 21:21:35.589755,Seoul-30b4,-14,35,Normal
2026-02-13 21:21:36.589755,Seoul-30b4,-10,83,Normal
2026-02-13 21:21:37.589755,Seoul-30b4,18,80,Normal
2026-02-13 21:21:38.589755,Seoul-30b4,-11,2,Normal
2026-02-13 21:21:39.589755,Seoul-30b4,-13,70,Normal
2026-02-13 21:21:40.589755,Seoul-30b4,14,53,Normal
2026-02-13 21:21:41.589755,Seoul-30b4,1,94,Normal
2026-02-13 21:21:42.589755,Seoul-30b4,37,100,Normal
2026-02-13 21:21:43.589755,Seoul-30b4,-10,41,Normal
2026-02-13 21:21:44.589755,Seoul-30b4,39,97,Normal
2026-02-13 21:21:45.589755,Seoul-30b4,47,88,Normal
2026-02-13 21:21:46.589755,Seoul-30b4,37,91,Normal
2026-02-13 21:21:47.589755,Seoul-30b4,-5,39,Normal
2026-02-13 21:21:48.589755,Seoul-30b4,42,47,Normal
2026-02-13 21:21:49.589755,Seoul-30b4,22,76,Normal
2026-02-13 21:21:50.589755,Seoul-30b4,20,76,Normal
2026-02-13 21:21:51.589755,Seoul-30b4,-22,48,Normal
2026-02-13 21:21:52.589755,Seoul-30b4,-24,36,Normal
2026-02-13 21:21:53.589755,Seoul-30b4,3,5,Normal
2026-02-13 21:21:54.589755,Seoul-30b4,4,7,Normal
2026-02-13 21:21:55.589755,Seoul-30b4,29,82,Normal
2026-02-13 21:21:56.589755,Seoul-30b4,41,70,Normal
2026-02-13 21:21:57.589755,Seoul-30b4,-29,74,Normal
2026-02-13 21:21:58.589755,Seoul-30b4,-24,53,Normal
2026-02-13 21:21:59.589755,Seoul-30b4,42,44,Normal
2026-02-13 21:22:00.589755,Seoul-30b4,-10,6,Normal
2026-02-13 21:22:01.589755,Seoul-30b4,1,45,Normal
2026-02-13 21:22:02.589755,Seoul-30b4,36,49,Normal
2026-02-13 21:22:03.589755,Seoul-30b4,-10,4,Normal
2026-02-13 21:22:04.589755,Seoul-30b4,-19,85,Normal
2026-02-13 21:22:05.589755,Seoul-30b4,-29,60,Normal
2026-02-13 21:22:06.589755,Seoul-30b4,2,20,Normal
2026-02-13 21:22:07.589755,Seoul-30b4,41,93,Normal
2026-02-13 21:22:08.589755,Seoul-30b4,36,17,Normal
2026-02-13 21:22:09.589755,Seoul-30b4,-11,89,Normal
2026-02-13 21:22:10.589755,Seoul-30b4,-25,21,Normal
2026-02-13 21:22:11.589755,Seoul-30b4,3,78,Normal
2026-02-13 21:22:12.589755,Seoul-30b4,21,84,Normal
2026-02-13 21:22:13.589755,Seoul-30b4,8,76,Normal
2026-02-13 21:22:14.589755,Seoul-30b4,12,59,Normal
2026-02-13 21:22:15.589755,Seoul-30b4,-22,93,Normal
2026-02-13 21:22:16.589755,Seoul-30b4,43,5,Normal
2026-02-13 21:22:17.589755,Seoul-30b4,49,13,Normal
2026-02-13 21:22:18.589755,Seoul-30b4,46,76,Normal
2026-02-13 21:22:19.589755,Seoul-30b4,32,67,Normal
2026-02-13 21:22:20.589755,Seoul-30b4,47,17,Normal
2026-02-13 21:22:21.589755,Seoul-30b4,49,91,Normal
2026-02-13 21:22:22.589755,Seoul-30b4,40,19,Normal
2026-02-13 21:22:23.589755,Seoul-30b4,20,98,Normal
2026-02-13 21:22:24.589755,Seoul-30b4,-26,87,Normal
2026-02-13 21:22:25.589755,Seoul-30b4,0,88,Normal
2026-02-13 21:22:26.589755,Seoul-30b4,2,38,Normal
2026-02-13 21:22:27.589755,Seoul-30b4,-6,11,Normal
2026-02-13 21:22:28.589755,Seoul-30b4,10,95,Normal
2026-02-13 21:22:29.589755,Seoul-30b4,35,81,Normal
2026-02-13 21:22:30.589755,Seoul-30b4,28,6,Normal
2026-02-13 21:22:31.589755,Seoul-30b4,20,37,Normal
2026-02-13 21:22:32.589755,Seoul-30b4,41,68,Normal
2026-02-13 21:22:33.589755,Seoul-30b4,-16,86,Normal
2026-02-13 21:22:34.589755,Seoul-30b4,-23,55,Normal
2026-02-13 21:22:35.589755,Seoul-30b4,23,73,Normal
2026-02-13 21:22:36.589755,Seoul-30b4,-2,19,Normal
2026-02-13 21:22:37.589755,Seoul-30b4,20,79,Normal
2026-02-13 21:22:38.589755,Seoul-30b4,43,89,Normal
2026-02-13 21:22:39.589755,Seoul-30b4,35,54,Normal
2026-02-13 21:22:40.589755,Seoul-30b4,-21,74,Normal
2026-02-13 21:22:41.589755,Seoul-30b4,49,57,Normal
2026-02-13 21:22:42.589755,Seoul-30b4,15,60,Normal
2026-02-13 21:22:43.589755,Seoul-30b4,36,17,Normal
2026-02-13 21:22:44.589755,Seoul-30b4,-8,66,Normal
2026-02-13 21:22:45.589755,Seoul-30b4,17,0,Normal
2026-02-13 21:22:46.589755,Seoul-30b4,31,70,Normal
2026-02-13 21:22:47.589755,Seoul-30b4,27,35,Normal
2026-02-13 21:22:48.589755,Seoul-30b4,49,100,Normal
2026-02-13 21:22:49.589755,Seoul-30b4,-13,37,Normal
2026-02-13 21:22:50.589755,Seoul-30b4,15,92,Normal
2026-02-13 21:22:51.589755,Seoul-30b4,-8,42,Normal
2026-02-13 21:22:52.589755,Seoul-30b4,26,24,Normal
2026-02-13 21:22:53.589755,Seoul-30b4,-5,19,Normal
2026-02-13 21:22:54.589755,Seoul-30b4,-3,66,Normal
2026-02-13 21:22:55.589755,Seoul-30b4,8,54,Normal
2026-02-13 21:22:56.589755,Seoul-30b4,43,77,Normal
2026-02-13 21:22:57.589755,Seoul-30b4,31,46,Normal
2026-02-13 21:22:58.589755,Seoul-30b4,41,16,Normal
2026-02-13 21:22:59.589755,Seoul-30b4,45,52,Normal
2026-02-13 21:23:00.589755,Seoul-30b4,24,57,Normal
2026-02-13 21:23:01.589755,Seoul-30b4,12,73,Normal
2026-02-13 21:23:02.589755,Seoul-30b4,31,28,Normal
2026-02-13 21:23:03.589755,Seoul-30b4,17,81,Normal
2026-02-13 21:23:04.589755,Seoul-30b4,42,28,Normal
2026-02-13 21:23:05.589755,Seoul-30b4,26,49,Normal
2026-02-13 21:23:06.589755,Seoul-30b4,42,58,Normal
2026-02-13 21:23:07.589755,Seoul-30b4,-2,17,Normal
2026-02-13 21:23:08.589755,Seoul-30b4,21,20,Normal
2026-02-13 21:23:09.589755,Seoul-30b4,-14,55,Normal
2026-02-13 21:23:10.589755,Seoul-30b4,30,18,Normal
2026-02-13 21:23:11.589755,Seoul-30b4,-25,34,Normal
2026-02-13 21:23:12.589755,Seoul-30b4,-15,58,Normal
2026-02-13 21:23:13.589755,Seoul-30b4,-9,22,Normal
2026-02-13 21:23:14.589755,Seoul-30b4,11,96,Normal
2026-02-13 21:23:15.589755,Seoul-30b4,-24,36,Normal
2026-02-13 21:23:16.589755,Seoul-30b4,-23,44,Normal
2026-02-13 21:23:17.589755,Seoul-30b4,22,76,Normal
2026-02-13 21:23:18.589755,Seoul-30b4,7,51,Normal
2026-02-13 21:23:19.589755,Seoul-30b4,33,19,Normal
2026-02-13 21:23:20.589755,Seoul-30b4,-28,27,Normal
2026-02-13 21:23:21.589755,Seoul-30b4,44,50,Normal
2026-02-13 21:23:22.589755,Seoul-30b4,-12,1,Normal
2026-02-13 21:23:23.589755,Seoul-30b4,4,56,Normal
2026-02-13 21:23:24.589755,Seoul-30b4,37,90,Normal
2026-02-13 21:23:25.589755,Seoul-30b4,32,30,Normal
2026-02-13 21:23:26.589755,Seoul-30b4,10,8,Normal
2026-02-13 21:23:27.589755,Seoul-30b4,11,43,Normal
2026-02-13 21:23:28.589755,Seoul-30b4,25,92,Normal
2026-02-13 21:23:29.589755,Seoul-30b4,5,56,Normal
2026-02-13 21:23:30.589755,Seoul-30b4,-18,25,Normal
2026-02-13 21:23:31.589755,Seoul-30b4,36,21,Normal
2026-02-13 21:23:32.589755,Seoul-30b4,-2,55,Normal
2026-02-13 21:23:33.589755,Seoul-30b4,-14,27,Normal
2026-02-13 21:23:34.589755,Seoul-30b4,-2,40,Normal
2026-02-13 21:23:35.589755,Seoul-30b4,20,96,Normal
2026-02-13 21:23:36.589755,Seoul-30b4,5,31,Normal
2026-02-13 21:23:37.589755,Seoul-30b4,-15,39,Normal
2026-02-13 21:23:38.589755,Seoul-30b4,9,92,Normal
2026-02-13 21:23:39.589755,Seoul-30b4,14,60,Normal
2026-02-13 21:23:40.589755,Seoul-30b4,-21,15,Normal
2026-02-13 21:23:41.589755,Seoul-30b4,-25,59,Normal
2026-02-13 21:23:42.589755,Seoul-30b4,50,89,Normal
2026-02-13 21:23:43.589755,Seoul-30b4,33,35,Normal
2026-02-13 21:23:44.589755,Seoul-30b4,-30,71,Normal
2026-02-13 21:23:45.589755,Seoul-30b4,-25,61,Normal
2026-02-13 21:23:46.589755,Seoul-30b4,-10,5,Normal
2026-02-13 21:23:47.589755,Seoul-30b4,-30,16,Normal
2026-02-13 21:23:48.589755,Seoul-30b4,-13,34,Normal
2026-02-13 21:23:49.589755,Seoul-30b4,45,47,Normal
2026-02-13 21:23:50.589755,Seoul-30b4,-19,36,Normal
2026-02-13 21:23:51.589755,Seoul-30b4,-25,15,Normal
2026-02-13 21:23:52.589755,Seoul-30b4,-23,62,Normal
2026-02-13 21:23:53.589755,Seoul-30b4,29,13,Normal
2026-02-13 21:23:54.589755,Seoul-30b4,3,93,Normal
2026-02-13 21:23:55.589755,Seoul-30b4,-15,62,Normal
2026-02-13 21:23:56.589755,Seoul-30b4,-29,28,Normal
2026-02-13 21:23:57.589755,Seoul-30b4,-20,41,Normal
2026-02-13 21:23:58.589755,Seoul-30b4,30,15,Normal
2026-02-13 21:23:59.589755,Seoul-30b4,-16,71,Normal
2026-02-13 21:24:00.589755,Seoul-30b4,26,32,Normal
2026-02-13 21:24:01.589755,Seoul-30b4,-29,99,Normal
2026-02-13 21:24:02.589755,Seoul-30b4,3,99,Normal
2026-02-13 21:24:03.589755,Seoul-30b4,-28,73,Normal
2026-02-13 21:24:04.589755,Seoul-30b4,-5,80,Normal
2026-02-13 21:24:05.589755,Seoul-30b4,32,96,Normal
2026-02-13 21:24:06.589755,Seoul-30b4,4,7,Normal
2026-02-13 21:24:07.589755,Seoul-30b4,50,77,Normal
2026-02-13 21:24:08.589755,Seoul-30b4,21,19,Normal
2026-02-13 21:24:09.589755,Seoul-30b4,23,26,Normal
2026-02-13 21:24:10.589755,Seoul-30b4,-17,39,Normal
2026-02-13 21:24:11.589755,Seoul-30b4,-19,35,Normal
2026-02-13 21:24:12.589755,Seoul-30b4,40,22,Normal
2026-02-13 21:24:13.589755,Seoul-30b4,38,93,Normal
2026-02-13 21:24:14.589755,Seoul-30b4,41,91,Normal
2026-02-13 21:24:15.589755,Seoul-30b4,29,11,Normal
2026-02-13 21:24:16.589755,Seoul-30b4,6,16,Normal
2026-02-13 21:24:17.589755,Seoul-30b4,11,57,Normal
2026-02-13 21:24:18.589755,Seoul-30b4,13,14,Normal
2026-02-13 21:24:19.589755,Seoul-30b4,42,20,Normal
2026-02-13 21:24:20.589755,Seoul-30b4,30,37,Normal
2026-02-13 21:24:21.589755,Seoul-30b4,-29,15,Normal
2026-02-13 21:24:22.589755,Seoul-30b4,26,41,Normal
2026-02-13 21:24:23.589755,Seoul-30b4,20,53,Normal
2026-02-13 21:24:24.589755,Seoul-30b4,28,82,Normal
2026-02-13 21:24:25.589755,Seoul-30b4,28,16,Normal
2026-02-13 21:24:26.589755,Seoul-30b4,11,40,Normal
2026-02-13 21:24:27.589755,Seoul-30b4,11,58,Normal
2026-02-13 21:24:28.589755,Seoul-30b4,-30,14,Normal
2026-02-13 21:24:29.589755,Seoul-30b4,7,84,Normal
2026-02-13 21:24:30.589755,Seoul-30b4,48,97,Normal
2026-02-13 21:24:31.589755,Seoul-30b4,-11,39,Normal
2026-02-13 21:24:32.589755,Seoul-30b4,46,37,Normal
2026-02-13 21:24:33.589755,Seoul-30b4,21,30,Normal
2026-02-13 21:24:34.589755,Seoul-30b4,8,15,Normal
2026-02-13 21:24:35.589755,Seoul-30b4,36,62,Normal
2026-02-13 21:24:36.589755,Seoul-30b4,16,60,Normal
2026-02-13 21:24:37.589755,Seoul-30b4,18,59,Normal
2026-02-13 21:24:38.589755,Seoul-30b4,2,50,Normal
2026-02-13 21:24:39.589755,Seoul-30b4,14,85,Normal
2026-02-13 21:24:40.589755,Seoul-30b4,-21,44,Normal
2026-02-13 21:24:41.589755,Seoul-30b4,16,56,Normal
2026-02-13 21:24:42.589755,Seoul-30b4,14,20,Normal
2026-02-13 21:24:43.589755,Seoul-30b4,-11,23,Normal
2026-02-13 21:24:44.589755,Seoul-30b4,-6,39,Normal
2026-02-13 21:24:45.589755,Seoul-30b4,22,80,Normal
2026-02-13 21:24:46.589755,Seoul-30b4,26,47,Normal
2026-02-13 21:24:47.589755,Seoul-30b4,-3,71,Normal
2026-02-13 21:24:48.589755,Seoul-30b4,41,9,Normal
2026-02-13 21:24:49.589755,Seoul-30b4,5,85,Normal
2026-02-13 21:24:50.589755,Seoul-30b4,-27,52,Normal
2026-02-13 21:24:51.589755,Seoul-30b4,7,10,Normal
2026-02-13 21:24:52.589755,Seoul-30b4,-13,60,Normal
2026-02-13 21:24:53.589755,Seoul-30b4,48,67,Normal
2026-02-13 21:24:54.589755,Seoul-30b4,21,89,Normal
2026-02-13 21:24:55.589755,Seoul-30b4,15,97,Normal
2026-02-13 21:24:56.589755,Seoul-30b4,-16,21,Normal
2026-02-13 21:24:57.589755,Seoul-30b4,-26,58,Normal
2026-02-13 21:24:58.589755,Seoul-30b4,-16,7,Normal
2026-02-13 21:24:59.589755,Seoul-30b4,46,29,Normal
2026-02-13 21:25:00.589755,Seoul-30b4,-5,90,Normal
2026-02-13 21:25:01.589755,Seoul-30b4,-3,23,Normal
2026-02-13 21:25:02.589755,Seoul-30b4,40,68,Normal
2026-02-13 21:25:03.589755,Seoul-30b4,2,33,Normal
2026-02-13 21:25:04.589755,Seoul-30b4,-14,12,Normal
2026-02-13 21:25:05.589755,Seoul-30b4,-6,31,Normal
2026-02-13 21:25:06.589755,Seoul-30b4,36,49,Normal
2026-02-13 21:25:07.589755,Seoul-30b4,41,96,Normal
2026-02-13 21:25:08.589755,Seoul-30b4,20,42,Normal
2026-02-13 21:25:09.589755,Seoul-30b4,48,69,Normal
2026-02-13 21:25:10.589755,Seoul-30b4,37,90,Normal
2026-02-13 21:25:11.589755,Seoul-30b4,-24,97,Normal
2026-02-13 21:25:12.589755,Seoul-30b4,16,91,Normal
2026-02-13 21:25:13.589755,Seoul-30b4,-26,81,Normal
2026-02-13 21:25:14.589755,Seoul-30b4,27,23,Normal
2026-02-13 21:25:15.589755,Seoul-30b4,-22,54,Normal
2026-02-13 21:25:16.589755,Seoul-30b4,13,22,Normal
2026-02-13 21:25:17.589755,Seoul-30b4,4,16,Normal
2026-02-13 21:25:18.589755,Seoul-30b4,-3,10,Normal
2026-02-13 21:25:19.589755,Seoul-30b4,-11,57,Normal
2026-02-13 21:25:20.589755,Seoul-30b4,16,0,Normal
2026-02-13 21:25:21.589755,Seoul-30b4,-21,61,Normal
2026-02-13 21:25:22.589755,Seoul-30b4,4,49,Normal
2026-02-13 21:25:23.589755,Seoul-30b4,6,58,Normal
2026-02-13 21:25:24.589755,Seoul-30b4,3,56,Normal
2026-02-13 21:25:25.589755,Seoul-30b4,35,85,Normal
2026-02-13 21:25:26.589755,Seoul-30b4,41,28,Normal
2026-02-13 21:25:27.589755,Seoul-30b4,49,47,Normal
2026-02-13 21:25:28.589755,Seoul-30b4,-30,12,Normal
2026-02-13 21:25:29.589755,Seoul-30b4,-11,100,Normal
2026-02-13 21:25:30.589755,Seoul-30b4,20,75,Normal
2026-02-13 21:25:31.589755,Seoul-30b4,45,53,Normal
2026-02-13 21:25:32.589755,Seoul-30b4,32,87,Normal
2026-02-13 21:25:33.589755,Seoul-30b4,5,67,Normal
2026-02-13 21:25:34.589755,Seoul-30b4,3,4,Normal
2026-02-13 21:25:35.589755,Seoul-30b4,-26,71,Normal
2026-02-13 21:25:36.589755,Seoul-30b4,3,78,Normal
2026-02-13 21:25:37.589755,Seoul-30b4,49,77,Normal
2026-02-13 21:25:38.589755,Seoul-30b4,-23,2,Normal
2026-02-13 21:25:39.589755,Seoul-30b4,26,58,Normal
2026-02-13 21:25:40.589755,Seoul-30b4,19,43,Normal
2026-02-13 21:25:41.589755,Seoul-30b4,46,37,Normal
2026-02-13 21:25:42.589755,Seoul-30b4,-22,83,Normal
2026-02-13 21:25:43.589755,Seoul-30b4,-7,17,Normal
2026-02-13 21:25:44.589755,Seoul-30b4,33,43,Normal
2026-02-13 21:25:45.589755,Seoul-30b4,6,56,Normal
2026-02-13 21:25:46.589755,Seoul-30b4,5,28,Normal
2026-02-13 21:25:47.589755,Seoul-30b4,6,48,Normal
2026-02-13 21:25:48.589755,Seoul-30b4,-20,32,Normal
2026-02-13 21:25:49.589755,Seoul-30b4,13,15,Normal
2026-02-13 21:25:50.589755,Seoul-30b4,35,66,Normal
2026-02-13 21:25:51.589755,Seoul-30b4,47,33,Normal
2026-02-13 21:25:52.589755,Seoul-30b4,48,57,Normal
2026-02-13 21:25:53.589755,Seoul-30b4,24,58,Normal
2026-02-13 21:25:54.589755,Seoul-30b4,13,70,Normal
2026-02-13 21:25:55.589755,Seoul-30b4,-13,44,Normal
2026-02-13 21:25:56.589755,Seoul-30b4,-24,29,Normal
2026-02-13 21:25:57.589755,Seoul-30b4,24,41,Normal
2026-02-13 21:25:58.589755,Seoul-30b4,32,81,Normal
2026-02-13 21:25:59.589755,Seoul-30b4,27,32,Normal
2026-02-13 21:26:00.589755,Seoul-30b4,12,9,Normal
2026-02-13 21:26:01.589755,Seoul-30b4,20,29,Normal
2026-02-13 21:26:02.589755,Seoul-30b4,-6,56,Normal
2026-02-13 21:26:03.589755,Seoul-30b4,35,79,Normal
2026-02-13 21:26:04.589755,Seoul-30b4,37,81,Normal
2026-02-13 21:26:05.589755,Seoul-30b4,-18,71,Normal
2026-02-13 21:26:06.589755,Seoul-30b4,0,2,Normal
2026-02-13 21:26:07.589755,Seoul-30b4,15,35,Normal
2026-02-13 21:26:08.589755,Seoul-30b4,13,8,Normal
2026-02-13 21:26:09.589755,Seoul-30b4,-21,79,Normal
2026-02-13 21:26:10.589755,Seoul-30b4,18,17,Normal
2026-02-13 21:26:11.589755,Seoul-30b4,37,11,Normal
2026-02-13 21:26:12.589755,Seoul-30b4,14,34,Normal
2026-02-13 21:26:13.589755,Seoul-30b4,21,0,Normal
2026-02-13 21:26:14.589755,Seoul-30b4,-8,70,Normal
2026-02-13 21:26:15.589755,Seoul-30b4,22,57,Normal
2026-02-13 21:26:16.589755,Seoul-30b4,-11,69,Normal
2026-02-13 21:26:17.589755,Seoul-30b4,18,47,Normal
2026-02-13 21:26:18.589755,Seoul-30b4,-2,7,Normal
2026-02-13 21:26:19.589755,Seoul-30b4,-4,16,Normal
2026-02-13 21:26:20.589755,Seoul-30b4,21,18,Normal
2026-02-13 21:26:21.589755,Seoul-30b4,7,61,Normal
2026-02-13 21:26:22.589755,Seoul-30b4,29,18,Normal
2026-02-13 21:26:23.589755,Seoul-30b4,-24,23,Normal
2026-02-13 21:26:24.589755,Seoul-30b4,-8,47,Normal
2026-02-13 21:26:25.589755,Seoul-30b4,33,85,Normal
2026-02-13 21:26:26.589755,Seoul-30b4,-29,86,Normal
2026-02-13 21:26:27.589755,Seoul-30b4,9,4,Normal
2026-02-13 21:26:28.589755,Seoul-30b4,-27,33,Normal
2026-02-13 21:26:29.589755,Seoul-30b4,-24,30,Normal
2026-02-13 21:26:30.589755,Seoul-30b4,35,78,Normal
2026-02-13 21:26:31.589755,Seoul-30b4,48,94,Normal
2026-02-13 21:26:32.589755,Seoul-30b4,-17,82,Normal
2026-02-13 21:26:33.589755,Seoul-30b4,16,14,Normal
2026-02-13 21:26:34.589755,Seoul-30b4,43,43,Normal
2026-02-13 21:26:35.589755,Seoul-30b4,44,56,Normal
2026-02-13 21:26:36.589755,Seoul-30b4,22,66,Normal
2026-02-13 21:26:37.589755,Seoul-30b4,46,4,Normal
2026-02-13 21:26:38.589755,Seoul-30b4,19,88,Normal
2026-02-13 21:26:39.589755,Seoul-30b4,26,8,Normal
2026-02-13 21:26:40.589755,Seoul-30b4,23,46,Normal
2026-02-13 21:26:41.589755,Seoul-30b4,-12,54,Normal
2026-02-13 21:26:42.589755,Seoul-30b4,-3,30,Normal
2026-02-13 21:26:43.589755,Seoul-30b4,43,95,Normal
2026-02-13 21:26:44.589755,Seoul-30b4,-27,80,Normal
2026-02-13 21:26:45.589755,Seoul-30b4,0,45,Normal
2026-02-13 21:26:46.589755,Seoul-30b4,-18,59,Normal
2026-02-13 21:26:47.589755,Seoul-30b4,-14,81,Normal
2026-02-13 21:26:48.589755,Seoul-30b4,3,46,Normal
2026-02-13 21:26:49.589755,Seoul-30b4,-23,47,Normal
2026-02-13 21:26:50.589755,Seoul-30b4,0,86,Normal
2026-02-13 21:26:51.589755,Seoul-30b4,-9,26,Normal
2026-02-13 21:26:52.589755,Seoul-30b4,14,85,Normal
2026-02-13 21:26:53.589755,Seoul-30b4,11,82,Normal
2026-02-13 21:26:54.589755,Seoul-30b4,-25,2,Normal
2026-02-13 21:26:55.589755,Seoul-30b4,38,51,Normal
2026-02-13 21:26:56.589755,Seoul-30b4,3,3,Normal
2026-02-13 21:26:57.589755,Seoul-30b4,40,15,Normal
2026-02-13 21:26:58.589755,Seoul-30b4,-6,25,Normal
2026-02-13 21:26:59.589755,Seoul-30b4,-27,66,Normal
2026-02-13 21:27:00.589755,Seoul-30b4,-17,18,Normal
2026-02-13 21:27:01.589755,Seoul-30b4,1,50,Normal
2026-02-13 21:27:02.589755,Seoul-30b4,23,89,Normal
2026-02-13 21:27:03.589755,Seoul-30b4,-25,90,Normal
2026-02-13 21:27:04.589755,Seoul-30b4,-4,88,Normal
2026-02-13 21:27:05.589755,Seoul-30b4,-23,33,Normal
2026-02-13 21:27:06.589755,Seoul-30b4,31,7,Normal
2026-02-13 21:27:07.589755,Seoul-30b4,1,66,Normal
2026-02-13 21:27:08.589755,Seoul-30b4,-30,42,Normal
2026-02-13 21:27:09.589755,Seoul-30b4,15,77,Normal
2026-02-13 21:27:10.589755,Seoul-30b4,16,67,Normal
2026-02-13 21:27:11.589755,Seoul-30b4,-18,92,Normal
2026-02-13 21:27:12.589755,Seoul-30b4,29,80,Normal
2026-02-13 21:27:13.589755,Seoul-30b4,-13,22,Normal
2026-02-13 21:27:14.589755,Seoul-30b4,40,13,Normal
2026-02-13 21:27:15.589755,Seoul-30b4,-16,3,Normal
2026-02-13 21:27:16.589755,Seoul-30b4,-14,3,Normal
2026-02-13 21:27:17.589755,Seoul-30b4,-23,28,Normal
2026-02-13 21:27:18.589755,Seoul-30b4,-1,32,Normal
2026-02-13 21:27:19.589755,Seoul-30b4,-8,61,Normal
2026-02-13 21:27:20.589755,Seoul-30b4,7,8,Normal
2026-02-13 21:27:21.589755,Seoul-30b4,50,33,Normal
2026-02-13 21:27:22.589755,Seoul-30b4,-8,3,Normal
2026-02-13 21:27:23.589755,Seoul-30b4,45,70,Normal
2026-02-13 21:27:24.589755,Seoul-30b4,2,30,Normal
2026-02-13 21:27:25.589755,Seoul-30b4,-25,82,Normal
2026-02-13 21:27:26.589755,Seoul-30b4,-13,86,Normal
2026-02-13 21:27:27.589755,Seoul-30b4,29,47,Normal
2026-02-13 21:27:28.589755,Seoul-30b4,9,45,Normal
2026-02-13 21:27:29.589755,Seoul-30b4,49,13,Normal
2026-02-13 21:27:30.589755,Seoul-30b4,-5,91,Normal
2026-02-13 21:27:31.589755,Seoul-30b4,-19,3,Normal
2026-02-13 21:27:32.589755,Seoul-30b4,-16,14,Normal
2026-02-13 21:27:33.589755,Seoul-30b4,8,29,Normal
2026-02-13 21:27:34.589755,Seoul-30b4,32,84,Normal
2026-02-13 21:27:35.589755,Seoul-30b4,-9,84,Normal
2026-02-13 21:27:36.589755,Seoul-30b4,47,54,Normal
2026-02-13 21:27:37.589755,Seoul-30b4,3,68,Normal
2026-02-13 21:27:38.589755,Seoul-30b4,2,60,Normal
2026-02-13 21:27:39.589755,Seoul-30b4,-4,37,Normal
2026-02-13 21:27:40.589755,Seoul-30b4,39,83,Normal
2026-02-13 21:27:41.589755,Seoul-30b4,9,49,Normal
2026-02-13 21:27:42.589755,Seoul-30b4,16,60,Normal
2026-02-13 21:27:43.589755,Seoul-30b4,24,34,Normal
2026-02-13 21:27:44.589755,Seoul-30b4,7,21,Normal
2026-02-13 21:27:45.589755,Seoul-30b4,22,65,Normal
2026-02-13 21:27:46.589755,Seoul-30b4,6,17,Normal
2026-02-13 21:27:47.589755,Seoul-30b4,14,21,Normal
2026-02-13 21:27:48.589755,Seoul-30b4,42,43,Normal
2026-02-13 21:27:49.589755,Seoul-30b4,36,52,Normal
2026-02-13 21:27:50.589755,Seoul-30b4,-5,97,Normal
2026-02-13 21:27:51.589755,Seoul-30b4,31,10,Normal
2026-02-13 21:27:52.589755,Seoul-30b4,34,16,Normal
2026-02-13 21:27:53.589755,Seoul-30b4,-19,21,Normal
2026-02-13 21:27:54.589755,Seoul-30b4,-28,66,Normal
2026-02-13 21:27:55.589755,Seoul-30b4,-23,69,Normal
2026-02-13 21:27:56.589755,Seoul-30b4,-6,82,Normal
2026-02-13 21:27:57.589755,Seoul-30b4,-11,52,Normal
2026-02-13 21:27:58.589755,Seoul-30b4,44,74,Normal
2026-02-13 21:27:59.589755,Seoul-30b4,34,83,Normal
2026-02-13 21:28:00.589755,Seoul-30b4,44,47,Normal
2026-02-13 21:28:01.589755,Seoul-30b4,-17,52,Normal
2026-02-13 21:28:02.589755,Seoul-30b4,40,1,Normal
2026-02-13 21:28:03.589755,Seoul-30b4,6,67,Normal
2026-02-13 21:28:04.589755,Seoul-30b4,4,67,Normal
2026-02-13 21:28:05.589755,Seoul-30b4,38,14,Normal
2026-02-13 21:28:06.589755,Seoul-30b4,-13,79,Normal
2026-02-13 21:28:07.589755,Seoul-30b4,-4,83,Normal
2026-02-13 21:28:08.589755,Seoul-30b4,-24,62,Normal
2026-02-13 21:28:09.589755,Seoul-30b4,-14,42,Normal
2026-02-13 21:28:10.589755,Seoul-30b4,16,40,Normal
2026-02-13 21:28:11.589755,Seoul-30b4,-10,42,Normal
2026-02-13 21:28:12.589755,Seoul-30b4,7,49,Normal
2026-02-13 21:28:13.589755,Seoul-30b4,-11,48,Normal
2026-02-13 21:28:14.589755,Seoul-30b4,43,12,Normal
2026-02-13 21:28:15.589755,Seoul-30b4,-24,15,Normal
2026-02-13 21:28:16.589755,Seoul-30b4,-3,62,Normal
2026-02-13 21:28:17.589755,Seoul-30b4,44,31,Normal
2026-02-13 21:28:18.589755,Seoul-30b4,46,38,Normal
2026-02-13 21:28:19.589755,Seoul-30b4,-23,38,Normal
2026-02-13 21:28:20.589755,Seoul-30b4,-6,36,Normal
2026-02-13 21:28:21.589755,Seoul-30b4,13,100,Normal
2026-02-13 21:28:22.589755,Seoul-30b4,28,81,Normal
2026-02-13 21:28:23.589755,Seoul-30b4,-2,50,Normal
2026-02-13 21:28:24.589755,Seoul-30b4,9,91,Normal
2026-02-13 21:28:25.589755,Seoul-30b4,-3,53,Normal
2026-02-13 21:28:26.589755,Seoul-30b4,14,45,Normal
2026-02-13 21:28:27.589755,Seoul-30b4,-24,35,Normal
2026-02-13 21:28:28.589755,Seoul-30b4,-10,20,Normal
2026-02-13 21:28:29.589755,Seoul-30b4,-23,94,Normal
2026-02-13 21:28:30.589755,Seoul-30b4,-5,10,Normal
2026-02-13 21:28:31.589755,Seoul-30b4,17,80,Normal
2026-02-13 21:28:32.589755,Seoul-30b4,-3,31,Normal
2026-02-13 21:28:33.589755,Seoul-30b4,21,37,Normal
2026-02-13 21:28:34.589755,Seoul-30b4,40,80,Normal
2026-02-13 21:28:35.589755,Seoul-30b4,31,59,Normal
2026-02-13 21:28:36.589755,Seoul-30b4,32,87,Normal
2026-02-13 21:28:37.589755,Seoul-30b4,30,64,Normal
2026-02-13 21:28:38.589755,Seoul-30b4,2,45,Normal
2026-02-13 21:28:39.589755,Seoul-30b4,27,6,Normal
2026-02-13 21:28:40.589755,Seoul-30b4,50,71,Normal
2026-02-13 21:28:41.589755,Seoul-30b4,38,7,Normal
2026-02-13 21:28:42.589755,Seoul-30b4,35,13,Normal
2026-02-13 21:28:43.589755,Seoul-30b4,30,8,Normal
2026-02-13 21:28:44.589755,Seoul-30b4,28,33,Normal
2026-02-13 21:28:45.589755,Seoul-30b4,25,29,Normal
2026-02-13 21:28:46.589755,Seoul-30b4,18,5,Normal
2026-02-13 21:28:47.589755,Seoul-30b4,0,95,Normal
2026-02-13 21:28:48.589755,Seoul-30b4,0,87,Normal
2026-02-13 21:28:49.589755,Seoul-30b4,38,74,Normal
2026-02-13 21:28:50.589755,Seoul-30b4,-27,30,Normal
2026-02-13 21:28:51.589755,Seoul-30b4,-8,19,Normal
2026-02-13 21:28:52.589755,Seoul-30b4,44,3,Normal
2026-02-13 21:28:53.589755,Seoul-30b4,33,88,Normal
2026-02-13 21:28:54.589755,Seoul-30b4,-14,22,Normal
2026-02-13 21:28:55.589755,Seoul-30b4,-30,21,Normal
2026-02-13 21:28:56.589755,Seoul-30b4,41,66,Normal
2026-02-13 21:28:57.589755,Seoul-30b4,-26,84,Normal
2026-02-13 21:28:58.589755,Seoul-30b4,8,68,Normal
2026-02-13 21:28:59.589755,Seoul-30b4,19,57,Normal
2026-02-13 21:29:00.589755,Seoul-30b4,18,60,Normal
2026-02-13 21:29:01.589755,Seoul-30b4,-29,97,Normal
2026-02-13 21:29:02.589755,Seoul-30b4,7,76,Normal
2026-02-13 21:29:03.589755,Seoul-30b4,-2,6,Normal
2026-02-13 21:29:04.589755,Seoul-30b4,-23,84,Normal
2026-02-13 21:29:05.589755,Seoul-30b4,22,68,Normal
2026-02-13 21:29:06.589755,Seoul-30b4,41,72,Normal
2026-02-13 21:29:07.589755,Seoul-30b4,-19,17,Normal
2026-02-13 21:29:08.589755,Seoul-30b4,-7,27,Normal
2026-02-13 21:29:09.589755,Seoul-30b4,-18,74,Normal
2026-02-13 21:29:10.589755,Seoul-30b4,33,53,Normal
2026-02-13 21:29:11.589755,Seoul-30b4,2,20,Normal
2026-02-13 21:29:12.589755,Seoul-30b4,48,87,Normal
2026-02-13 21:29:13.589755,Seoul-30b4,-29,0,Normal
2026-02-13 21:29:14.589755,Seoul-30b4,-29,0,Normal
2026-02-13 21:29:15.589755,Seoul-30b4,46,46,Normal
2026-02-13 21:29:16.589755,Seoul-30b4,4,33,Normal
2026-02-13 21:29:17.589755,Seoul-30b4,45,18,Normal
2026-02-13 21:29:18.589755,Seoul-30b4,-8,79,Normal
2026-02-13 21:29:19.589755,Seoul-30b4,-19,98,Normal
2026-02-13 21:29:20.589755,Seoul-30b4,-11,23,Normal
2026-02-13 21:29:21.589755,Seoul-30b4,1,44,Normal
2026-02-13 21:29:22.589755,Seoul-30b4,-17,43,Normal
2026-02-13 21:29:23.589755,Seoul-30b4,34,46,Normal
2026-02-13 21:29:24.589755,Seoul-30b4,0,47,Normal
2026-02-13 21:29:25.589755,Seoul-30b4,6,92,Normal
2026-02-13 21:29:26.589755,Seoul-30b4,37,34,Normal
2026-02-13 21:29:27.589755,Seoul-30b4,9,77,Normal
2026-02-13 21:29:28.589755,Seoul-30b4,46,44,Normal
2026-02-13 21:29:29.589755,Seoul-30b4,18,30,Normal
2026-02-13 21:29:30.589755,Seoul-30b4,13,72,Normal
2026-02-13 21:29:31.589755,Seoul-30b4,37,86,Normal
2026-02-13 21:29:32.589755,Seoul-30b4,38,76,Normal
2026-02-13 21:29:33.589755,Seoul-30b4,19,93,Normal
2026-02-13 21:29:34.589755,Seoul-30b4,-11,71,Normal
2026-02-13 21:29:35.589755,Seoul-30b4,50,72,Normal
2026-02-13 21:29:36.589755,Seoul-30b4,-3,49,Normal
2026-02-13 21:29:37.589755,Seoul-30b4,1,7,Normal
2026-02-13 21:29:38.589755,Seoul-30b4,-30,68,Normal
2026-02-13 21:29:39.589755,Seoul-30b4,50,17,Normal
2026-02-13 21:29:40.589755,Seoul-30b4,-7,23,Normal
2026-02-13 21:29:41.589755,Seoul-30b4,13,86,Normal
2026-02-13 21:29:42.589755,Seoul-30b4,-10,51,Normal
2026-02-13 21:29:43.589755,Seoul-30b4,35,71,Normal
2026-02-13 21:29:44.589755,Seoul-30b4,0,78,Normal
2026-02-13 21:29:45.589755,Seoul-30b4,2,37,Normal
