timestamp,station_id,temp,humid,condition
2026-02-14 18:57:46.338384,Seoul-9141,45,69,Normal
2026-02-14 18:57:47.338384,Seoul-9141,9,99,Normal
2026-02-14 18:57:48.338384,Seoul-9141,9,98,Normal
2026-02-14 18:57:49.338384,Seoul-9141,37,53,Normal
2026-02-14 18:57:50.338384,Seoul-9141,-14,32,Normal
2026-02-14 18:57:51.338384,Seoul-9141,39,71,Normal
2026-02-14 18:57:52.338384,Seoul-9141,-1,70,Normal
2026-02-14 18:57:53.338384,Seoul-9141,24,79,Normal
2026-02-14 18:57:54.338384,Seoul-9141,31,39,Normal
2026-02-14 18:57:55.338384,Seoul-9141,-14,11,Normal
2026-02-14 18:57:56.338384,Seoul-9141,5,89,Normal
2026-02-14 18:57:57.338384,Seoul-9141,49,16,Normal
2026-02-14 18:57:58.338384,Seoul-9141,1,25,Normal
2026-02-14 18:57:59.338384,Seoul-9141,16,24,Normal
2026-02-14 18:58:00.338384,Seoul-9141,-25,83,Normal
2026-02-14 18:58:01.338384,Seoul-9141,35,77,Normal
2026-02-14 18:58:02.338384,Seoul-9141,25,60,Normal
2026-02-14 18:58:03.338384,Seoul-9141,-10,99,Normal
2026-02-14 18:58:04.338384,Seoul-9141,25,83,Normal
2026-02-14 18:58:05.338384,Seoul-9141,-16,13,Normal
2026-02-14 18:58:06.338384,Seoul-9141,-25,43,Normal
2026-02-14 18:58:07.338384,Seoul-9141,36,15,Normal
2026-02-14 18:58:08.338384,Seoul-9141,47,92,Normal
2026-02-14 18:58:09.338384,Seoul-9141,29,48,Normal
2026-02-14 18:58:10.338384,Seoul-9141,18,1,Normal
2026-02-14 18:58:11.338384,Seoul-9141,-21,71,Normal
2026-02-14 18:58:12.338384,Seoul-9141,37,47,Normal
2026-02-14 18:58:13.338384,Seoul-9141,16,33,Normal
2026-02-14 18:58:14.338384,Seoul-9141,19,51,Normal
2026-02-14 18:58:15.338384,Seoul-9141,49,77,Normal
2026-02-14 18:58:16.338384,Seoul-9141,-26,85,Normal
2026-02-14 18:58:17.338384,Seoul-9141,-2,53,Normal
2026-02-14 18:58:18.338384,Seoul-9141,-21,73,Normal
2026-02-14 18:58:19.338384,Seoul-9141,-20,13,Normal
2026-02-14 18:58:20.338384,Seoul-9141,20,54,Normal
2026-02-14 18:58:21.338384,Seoul-9141,-29,42,Normal
2026-02-14 18:58:22.338384,Seoul-9141,22,2,Normal
2026-02-14 18:58:23.338384,Seoul-9141,31,93,Normal
2026-02-14 18:58:24.338384,Seoul-9141,2,0,Normal
2026-02-14 18:58:25.338384,Seoul-9141,-14,12,Normal
2026-02-14 18:58:26.338384,Seoul-9141,-5,49,Normal
2026-02-14 18:58:27.338384,Seoul-9141,14,28,Normal
2026-02-14 18:58:28.338384,Seoul-9141,21,73,Normal
2026-02-14 18:58:29.338384,Seoul-9141,30,23,Normal
2026-02-14 18:58:30.338384,Seoul-9141,8,30,Normal
2026-02-14 18:58:31.338384,Seoul-9141,29,54,Normal
2026-02-14 18:58:32.338384,Seoul-9141,-15,35,Normal
2026-02-14 18:58:33.338384,Seoul-9141,26,91,Normal
2026-02-14 18:58:34.338384,Seoul-9141,18,37,Normal
2026-02-14 18:58:35.338384,Seoul-9141,30,5,Normal
2026-02-14 18:58:36.338384,Seoul-9141,6,32,Normal
2026-02-14 18:58:37.338384,Seoul-9141,-9,67,Normal
2026-02-14 18:58:38.338384,Seoul-9141,-20,36,Normal
2026-02-14 18:58:39.338384,Seoul-9141,2,73,Normal
2026-02-14 18:58:40.338384,Seoul-9141,-25,96,Normal
2026-02-14 18:58:41.338384,Seoul-9141,35,20,Normal
2026-02-14 18:58:42.338384,Seoul-9141,22,3,Normal
2026-02-14 18:58:43.338384,Seoul-9141,-18,24,Normal
2026-02-14 18:58:44.338384,Seoul-9141,6,6,Normal
2026-02-14 18:58:45.338384,Seoul-9141,-1,95,Normal
2026-02-14 18:58:46.338384,Seoul-9141,-19,8,Normal
2026-02-14 18:58:47.338384,Seoul-9141,33,37,Normal
2026-02-14 18:58:48.338384,Seoul-9141,0,51,Normal
2026-02-14 18:58:49.338384,Seoul-9141,-14,82,Normal
2026-02-14 18:58:50.338384,Seoul-9141,-20,82,Normal
2026-02-14 18:58:51.338384,Seoul-9141,10,83,Normal
2026-02-14 18:58:52.338384,Seoul-9141,32,31,Normal
2026-02-14 18:58:53.338384,Seoul-9141,14,38,Normal
2026-02-14 18:58:54.338384,Seoul-9141,-14,99,Normal
2026-02-14 18:58:55.338384,Seoul-9141,24,18,Normal
2026-02-14 18:58:56.338384,Seoul-9141,-18,98,Normal
2026-02-14 18:58:57.338384,Seoul-9141,-25,86,Normal
2026-02-14 18:58:58.338384,Seoul-9141,41,43,Normal
2026-02-14 18:58:59.338384,Seoul-9141,-21,40,Normal
2026-02-14 18:59:00.338384,Seoul-9141,36,8,Normal
2026-02-14 18:59:01.338384,Seoul-9141,-3,28,Normal
2026-02-14 18:59:02.338384,Seoul-9141,-26,68,Normal
2026-02-14 18:59:03.338384,Seoul-9141,49,54,Normal
2026-02-14 18:59:04.338384,Seoul-9141,-28,49,Normal
2026-02-14 18:59:05.338384,Seoul-9141,-26,89,Normal
2026-02-14 18:59:06.338384,Seoul-9141,-13,23,Normal
2026-02-14 18:59:07.338384,Seoul-9141,24,40,Normal
2026-02-14 18:59:08.338384,Seoul-9141,5,32,Normal
2026-02-14 18:59:09.338384,Seoul-9141,48,74,Normal
2026-02-14 18:59:10.338384,Seoul-9141,29,36,Normal
2026-02-14 18:59:11.338384,Seoul-9141,-1,57,Normal
2026-02-14 18:59:12.338384,Seoul-9141,-17,8,Normal
2026-02-14 18:59:13.338384,Seoul-9141,20,63,Normal
2026-02-14 18:59:14.338384,Seoul-9141,15,67,Normal
2026-02-14 18:59:15.338384,Seoul-9141,39,93,Normal
2026-02-14 18:59:16.338384,Seoul-9141,25,15,Normal
2026-02-14 18:59:17.338384,Seoul-9141,40,91,Normal
2026-02-14 18:59:18.338384,Seoul-9141,31,88,Normal
2026-02-14 18:59:19.338384,Seoul-9141,-23,15,Normal
2026-02-14 18:59:20.338384,Seoul-9141,31,93,Normal
2026-02-14 18:59:21.338384,Seoul-9141,37,88,Normal
2026-02-14 18:59:22.338384,Seoul-9141,2,72,Normal
2026-02-14 18:59:23.338384,Seoul-9141,-19,0,Normal
2026-02-14 18:59:24.338384,Seoul-9141,-3,78,Normal
2026-02-14 18:59:25.338384,Seoul-9141,-3,27,Normal
2026-02-14 18:59:26.338384,Seoul-9141,46,9,Normal
2026-02-14 18:59:27.338384,Seoul-9141,-3,77,Normal
2026-02-14 18:59:28.338384,Seoul-9141,-2,35,Normal
2026-02-14 18:59:29.338384,Seoul-9141,0,23,Normal
2026-02-14 18:59:30.338384,Seoul-9141,-13,8,Normal
2026-02-14 18:59:31.338384,Seoul-9141,-4,48,Normal
2026-02-14 18:59:32.338384,Seoul-9141,31,93,Normal
2026-02-14 18:59:33.338384,Seoul-9141,0,65,Normal
2026-02-14 18:59:34.338384,Seoul-9141,3,3,Normal
2026-02-14 18:59:35.338384,Seoul-9141,-10,51,Normal
2026-02-14 18:59:36.338384,Seoul-9141,-26,41,Normal
2026-02-14 18:59:37.338384,Seoul-9141,34,31,Normal
2026-02-14 18:59:38.338384,Seoul-9141,26,10,Normal
2026-02-14 18:59:39.338384,Seoul-9141,-21,67,Normal
2026-02-14 18:59:40.338384,Seoul-9141,-1,82,Normal
2026-02-14 18:59:41.338384,Seoul-9141,-19,74,Normal
2026-02-14 18:59:42.338384,Seoul-9141,49,59,Normal
2026-02-14 18:59:43.338384,Seoul-9141,-10,77,Normal
2026-02-14 18:59:44.338384,Seoul-9141,-1,68,Normal
2026-02-14 18:59:45.338384,Seoul-9141,17,78,Normal
2026-02-14 18:59:46.338384,Seoul-9141,46,12,Normal
2026-02-14 18:59:47.338384,Seoul-9141,3,82,Normal
2026-02-14 18:59:48.338384,Seoul-9141,17,86,Normal
2026-02-14 18:59:49.338384,Seoul-9141,28,60,Normal
2026-02-14 18:59:50.338384,Seoul-9141,29,47,Normal
2026-02-14 18:59:51.338384,Seoul-9141,34,87,Normal
2026-02-14 18:59:52.338384,Seoul-9141,32,87,Normal
2026-02-14 18:59:53.338384,Seoul-9141,44,98,Normal
2026-02-14 18:59:54.338384,Seoul-9141,25,49,Normal
2026-02-14 18:59:55.338384,Seoul-9141,3,87,Normal
2026-02-14 18:59:56.338384,Seoul-9141,30,99,Normal
2026-02-14 18:59:57.338384,Seoul-9141,-5,23,Normal
2026-02-14 18:59:58.338384,Seoul-9141,33,44,Normal
2026-02-14 18:59:59.338384,Seoul-9141,20,74,Normal
2026-02-14 19:00:00.338384,Seoul-9141,36,84,Normal
2026-02-14 19:00:01.338384,Seoul-9141,23,29,Normal
2026-02-14 19:00:02.338384,Seoul-9141,47,66,Normal
2026-02-14 19:00:03.338384,Seoul-9141,34,49,Normal
2026-02-14 19:00:04.338384,Seoul-9141,38,87,Normal
2026-02-14 19:00:05.338384,Seoul-9141,-29,27,Normal
2026-02-14 19:00:06.338384,Seoul-9141,31,39,Normal
2026-02-14 19:00:07.338384,Seoul-9141,23,74,Normal
2026-02-14 19:00:08.338384,Seoul-9141,35,44,Normal
2026-02-14 19:00:09.338384,Seoul-9141,-17,17,Normal
2026-02-14 19:00:10.338384,Seoul-9141,47,45,Normal
2026-02-14 19:00:11.338384,Seoul-9141,10,15,Normal
2026-02-14 19:00:12.338384,Seoul-9141,35,42,Normal
2026-02-14 19:00:13.338384,Seoul-9141,12,46,Normal
2026-02-14 19:00:14.338384,Seoul-9141,19,58,Normal
2026-02-14 19:00:15.338384,Seoul-9141,34,6,Normal
2026-02-14 19:00:16.338384,Seoul-9141,43,25,Normal
2026-02-14 19:00:17.338384,Seoul-9141,-5,62,Normal
2026-02-14 19:00:18.338384,Seoul-9141,28,1,Normal
2026-02-14 19:00:19.338384,Seoul-9141,8,73,Normal
2026-02-14 19:00:20.338384,Seoul-9141,-7,82,Normal
2026-02-14 19:00:21.338384,Seoul-9141,-12,31,Normal
2026-02-14 19:00:22.338384,Seoul-9141,36,80,Normal
2026-02-14 19:00:23.338384,Seoul-9141,27,39,Normal
2026-02-14 19:00:24.338384,Seoul-9141,27,10,Normal
2026-02-14 19:00:25.338384,Seoul-9141,22,1,Normal
2026-02-14 19:00:26.338384,Seoul-9141,-13,92,Normal
2026-02-14 19:00:27.338384,Seoul-9141,12,71,Normal
2026-02-14 19:00:28.338384,Seoul-9141,16,67,Normal
2026-02-14 19:00:29.338384,Seoul-9141,32,44,Normal
2026-02-14 19:00:30.338384,Seoul-9141,-29,80,Normal
2026-02-14 19:00:31.338384,Seoul-9141,-21,76,Normal
2026-02-14 19:00:32.338384,Seoul-9141,45,99,Normal
2026-02-14 19:00:33.338384,Seoul-9141,-23,30,Normal
2026-02-14 19:00:34.338384,Seoul-9141,18,79,Normal
2026-02-14 19:00:35.338384,Seoul-9141,9,45,Normal
2026-02-14 19:00:36.338384,Seoul-9141,18,96,Normal
2026-02-14 19:00:37.338384,Seoul-9141,8,20,Normal
2026-02-14 19:00:38.338384,Seoul-9141,31,89,Normal
2026-02-14 19:00:39.338384,Seoul-9141,0,18,Normal
2026-02-14 19:00:40.338384,Seoul-9141,10,87,Normal
2026-02-14 19:00:41.338384,Seoul-9141,38,0,Normal
2026-02-14 19:00:42.338384,Seoul-9141,28,62,Normal
2026-02-14 19:00:43.338384,Seoul-9141,-17,68,Normal
2026-02-14 19:00:44.338384,Seoul-9141,23,2,Normal
2026-02-14 19:00:45.338384,Seoul-9141,-9,24,Normal
2026-02-14 19:00:46.338384,Seoul-9141,38,81,Normal
2026-02-14 19:00:47.338384,Seoul-9141,43,26,Normal
2026-02-14 19:00:48.338384,Seoul-9141,-25,3,Normal
2026-02-14 19:00:49.338384,Seoul-9141,-1,8,Normal
2026-02-14 19:00:50.338384,Seoul-9141,5,86,Normal
2026-02-14 19:00:51.338384,Seoul-9141,34,27,Normal
2026-02-14 19:00:52.338384,Seoul-9141,-16,29,Normal
2026-02-14 19:00:53.338384,Seoul-9141,27,100,Normal
2026-02-14 19:00:54.338384,Seoul-9141,8,88,Normal
2026-02-14 19:00:55.338384,Seoul-9141,39,22,Normal
2026-02-14 19:00:56.338384,Seoul-9141,-23,48,Normal
2026-02-14 19:00:57.338384,Seoul-9141,13,19,Normal
2026-02-14 19:00:58.338384,Seoul-9141,17,31,Normal
2026-02-14 19:00:59.338384,Seoul-9141,7,59,Normal
2026-02-14 19:01:00.338384,Seoul-9141,12,17,Normal
2026-02-14 19:01:01.338384,Seoul-9141,48,45,Normal
2026-02-14 19:01:02.338384,Seoul-9141,18,12,Normal
2026-02-14 19:01:03.338384,Seoul-9141,23,68,Normal
2026-02-14 19:01:04.338384,Seoul-9141,-30,23,Normal
2026-02-14 19:01:05.338384,Seoul-9141,26,45,Normal
2026-02-14 19:01:06.338384,Seoul-9141,13,28,Normal
2026-02-14 19:01:07.338384,Seoul-9141,-22,90,Normal
2026-02-14 19:01:08.338384,Seoul-9141,36,19,Normal
2026-02-14 19:01:09.338384,Seoul-9141,6,27,Normal
2026-02-14 19:01:10.338384,Seoul-9141,15,35,Normal
2026-02-14 19:01:11.338384,Seoul-9141,16,1,Normal
2026-02-14 19:01:12.338384,Seoul-9141,39,50,Normal
2026-02-14 19:01:13.338384,Seoul-9141,22,15,Normal
2026-02-14 19:01:14.338384,Seoul-9141,-29,46,Normal
2026-02-14 19:01:15.338384,Seoul-9141,47,71,Normal
2026-02-14 19:01:16.338384,Seoul-9141,-25,58,Normal
2026-02-14 19:01:17.338384,Seoul-9141,38,26,Normal
2026-02-14 19:01:18.338384,Seoul-9141,32,8,Normal
2026-02-14 19:01:19.338384,Seoul-9141,15,82,Normal
2026-02-14 19:01:20.338384,Seoul-9141,-7,48,Normal
2026-02-14 19:01:21.338384,Seoul-9141,31,62,Normal
2026-02-14 19:01:22.338384,Seoul-9141,17,59,Normal
2026-02-14 19:01:23.338384,Seoul-9141,-6,20,Normal
2026-02-14 19:01:24.338384,Seoul-9141,34,52,Normal
2026-02-14 19:01:25.338384,Seoul-9141,-2,16,Normal
2026-02-14 19:01:26.338384,Seoul-9141,-14,21,Normal
2026-02-14 19:01:27.338384,Seoul-9141,-20,93,Normal
2026-02-14 19:01:28.338384,Seoul-9141,9,51,Normal
2026-02-14 19:01:29.338384,Seoul-9141,-3,52,Normal
2026-02-14 19:01:30.338384,Seoul-9141,20,31,Normal
2026-02-14 19:01:31.338384,Seoul-9141,-16,95,Normal
2026-02-14 19:01:32.338384,Seoul-9141,-11,93,Normal
2026-02-14 19:01:33.338384,Seoul-9141,-24,3,Normal
2026-02-14 19:01:34.338384,Seoul-9141,33,68,Normal
2026-02-14 19:01:35.338384,Seoul-9141,15,73,Normal
2026-02-14 19:01:36.338384,Seoul-9141,-11,52,Normal
2026-02-14 19:01:37.338384,Seoul-9141,-12,90,Normal
2026-02-14 19:01:38.338384,Seoul-9141,-21,39,Normal
2026-02-14 19:01:39.338384,Seoul-9141,41,53,Normal
2026-02-14 19:01:40.338384,Seoul-9141,43,90,Normal
2026-02-14 19:01:41.338384,Seoul-9141,-2,48,Normal
2026-02-14 19:01:42.338384,Seoul-9141,-4,63,Normal
2026-02-14 19:01:43.338384,Seoul-9141,34,22,Normal
2026-02-14 19:01:44.338384,Seoul-9141,18,8,Normal
2026-02-14 19:01:45.338384,Seoul-9141,-19,20,Normal
2026-02-14 19:01:46.338384,Seoul-9141,1,1,Normal
2026-02-14 19:01:47.338384,Seoul-9141,-15,85,Normal
2026-02-14 19:01:48.338384,Seoul-9141,15,14,Normal
2026-02-14 19:01:49.338384,Seoul-9141,43,5,Normal
2026-02-14 19:01:50.338384,Seoul-9141,21,57,Normal
2026-02-14 19:01:51.338384,Seoul-9141,6,5,Normal
2026-02-14 19:01:52.338384,Seoul-9141,43,44,Normal
2026-02-14 19:01:53.338384,Seoul-9141,-3,7,Normal
2026-02-14 19:01:54.338384,Seoul-9141,29,16,Normal
2026-02-14 19:01:55.338384,Seoul-9141,-3,0,Normal
2026-02-14 19:01:56.338384,Seoul-9141,10,62,Normal
2026-02-14 19:01:57.338384,Seoul-9141,-8,96,Normal
2026-02-14 19:01:58.338384,Seoul-9141,-17,87,Normal
2026-02-14 19:01:59.338384,Seoul-9141,50,15,Normal
2026-02-14 19:02:00.338384,Seoul-9141,50,13,Normal
2026-02-14 19:02:01.338384,Seoul-9141,31,88,Normal
2026-02-14 19:02:02.338384,Seoul-9141,14,50,Normal
2026-02-14 19:02:03.338384,Seoul-9141,19,59,Normal
2026-02-14 19:02:04.338384,Seoul-9141,8,95,Normal
2026-02-14 19:02:05.338384,Seoul-9141,-1,63,Normal
2026-02-14 19:02:06.338384,Seoul-9141,30,70,Normal
2026-02-14 19:02:07.338384,Seoul-9141,11,22,Normal
2026-02-14 19:02:08.338384,Seoul-9141,23,61,Normal
2026-02-14 19:02:09.338384,Seoul-9141,50,95,Normal
2026-02-14 19:02:10.338384,Seoul-9141,-14,29,Normal
2026-02-14 19:02:11.338384,Seoul-9141,-22,65,Normal
2026-02-14 19:02:12.338384,Seoul-9141,-23,63,Normal
2026-02-14 19:02:13.338384,Seoul-9141,6,82,Normal
2026-02-14 19:02:14.338384,Seoul-9141,47,60,Normal
2026-02-14 19:02:15.338384,Seoul-9141,6,6,Normal
2026-02-14 19:02:16.338384,Seoul-9141,24,84,Normal
2026-02-14 19:02:17.338384,Seoul-9141,-23,67,Normal
2026-02-14 19:02:18.338384,Seoul-9141,-10,40,Normal
2026-02-14 19:02:19.338384,Seoul-9141,25,48,Normal
2026-02-14 19:02:20.338384,Seoul-9141,-21,82,Normal
2026-02-14 19:02:21.338384,Seoul-9141,50,64,Normal
2026-02-14 19:02:22.338384,Seoul-9141,-15,20,Normal
2026-02-14 19:02:23.338384,Seoul-9141,-11,98,Normal
2026-02-14 19:02:24.338384,Seoul-9141,6,64,Normal
2026-02-14 19:02:25.338384,Seoul-9141,8,48,Normal
2026-02-14 19:02:26.338384,Seoul-9141,-27,62,Normal
2026-02-14 19:02:27.338384,Seoul-9141,12,99,Normal
2026-02-14 19:02:28.338384,Seoul-9141,2,100,Normal
2026-02-14 19:02:29.338384,Seoul-9141,-9,53,Normal
2026-02-14 19:02:30.338384,Seoul-9141,-14,41,Normal
2026-02-14 19:02:31.338384,Seoul-9141,37,61,Normal
2026-02-14 19:02:32.338384,Seoul-9141,-22,53,Normal
2026-02-14 19:02:33.338384,Seoul-9141,44,13,Normal
2026-02-14 19:02:34.338384,Seoul-9141,-17,28,Normal
2026-02-14 19:02:35.338384,Seoul-9141,-14,70,Normal
2026-02-14 19:02:36.338384,Seoul-9141,9,99,Normal
2026-02-14 19:02:37.338384,Seoul-9141,43,66,Normal
2026-02-14 19:02:38.338384,Seoul-9141,33,17,Normal
2026-02-14 19:02:39.338384,Seoul-9141,6,44,Normal
2026-02-14 19:02:40.338384,Seoul-9141,36,51,Normal
2026-02-14 19:02:41.338384,Seoul-9141,47,18,Normal
2026-02-14 19:02:42.338384,Seoul-9141,45,88,Normal
2026-02-14 19:02:43.338384,Seoul-9141,18,6,Normal
2026-02-14 19:02:44.338384,Seoul-9141,-9,9,Normal
2026-02-14 19:02:45.338384,Seoul-9141,45,63,Normal
2026-02-14 19:02:46.338384,Seoul-9141,-10,23,Normal
2026-02-14 19:02:47.338384,Seoul-9141,0,63,Normal
2026-02-14 19:02:48.338384,Seoul-9141,50,82,Normal
2026-02-14 19:02:49.338384,Seoul-9141,5,43,Normal
2026-02-14 19:02:50.338384,Seoul-9141,29,84,Normal
2026-02-14 19:02:51.338384,Seoul-9141,15,99,Normal
2026-02-14 19:02:52.338384,Seoul-9141,24,35,Normal
2026-02-14 19:02:53.338384,Seoul-9141,16,97,Normal
2026-02-14 19:02:54.338384,Seoul-9141,-27,46,Normal
2026-02-14 19:02:55.338384,Seoul-9141,-5,100,Normal
2026-02-14 19:02:56.338384,Seoul-9141,-7,81,Normal
2026-02-14 19:02:57.338384,Seoul-9141,13,25,Normal
2026-02-14 19:02:58.338384,Seoul-9141,-30,98,Normal
2026-02-14 19:02:59.338384,Seoul-9141,41,11,Normal
2026-02-14 19:03:00.338384,Seoul-9141,16,45,Normal
2026-02-14 19:03:01.338384,Seoul-9141,37,13,Normal
2026-02-14 19:03:02.338384,Seoul-9141,32,23,Normal
2026-02-14 19:03:03.338384,Seoul-9141,40,59,Normal
2026-02-14 19:03:04.338384,Seoul-9141,-5,9,Normal
2026-02-14 19:03:05.338384,Seoul-9141,50,95,Normal
2026-02-14 19:03:06.338384,Seoul-9141,0,8,Normal
2026-02-14 19:03:07.338384,Seoul-9141,-9,99,Normal
2026-02-14 19:03:08.338384,Seoul-9141,-27,12,Normal
2026-02-14 19:03:09.338384,Seoul-9141,12,36,Normal
2026-02-14 19:03:10.338384,Seoul-9141,-1,49,Normal
2026-02-14 19:03:11.338384,Seoul-9141,26,46,Normal
2026-02-14 19:03:12.338384,Seoul-9141,-14,70,Normal
2026-02-14 19:03:13.338384,Seoul-9141,28,28,Normal
2026-02-14 19:03:14.338384,Seoul-9141,9,24,Normal
2026-02-14 19:03:15.338384,Seoul-9141,-9,94,Normal
2026-02-14 19:03:16.338384,Seoul-9141,-24,6,Normal
2026-02-14 19:03:17.338384,Seoul-9141,-14,24,Normal
2026-02-14 19:03:18.338384,Seoul-9141,29,74,Normal
2026-02-14 19:03:19.338384,Seoul-9141,48,45,Normal
2026-02-14 19:03:20.338384,Seoul-9141,-1,23,Normal
2026-02-14 19:03:21.338384,Seoul-9141,-9,83,Normal
2026-02-14 19:03:22.338384,Seoul-9141,-6,16,Normal
2026-02-14 19:03:23.338384,Seoul-9141,8,80,Normal
2026-02-14 19:03:24.338384,Seoul-9141,-14,58,Normal
2026-02-14 19:03:25.338384,Seoul-9141,-11,90,Normal
2026-02-14 19:03:26.338384,Seoul-9141,-16,40,Normal
2026-02-14 19:03:27.338384,Seoul-9141,40,53,Normal
2026-02-14 19:03:28.338384,Seoul-9141,-2,13,Normal
2026-02-14 19:03:29.338384,Seoul-9141,-17,19,Normal
2026-02-14 19:03:30.338384,Seoul-9141,44,4,Normal
2026-02-14 19:03:31.338384,Seoul-9141,19,6,Normal
2026-02-14 19:03:32.338384,Seoul-9141,13,35,Normal
2026-02-14 19:03:33.338384,Seoul-9141,-11,60,Normal
2026-02-14 19:03:34.338384,Seoul-9141,26,17,Normal
2026-02-14 19:03:35.338384,Seoul-9141,29,93,Normal
2026-02-14 19:03:36.338384,Seoul-9141,-12,97,Normal
2026-02-14 19:03:37.338384,Seoul-9141,32,44,Normal
2026-02-14 19:03:38.338384,Seoul-9141,11,89,Normal
2026-02-14 19:03:39.338384,Seoul-9141,32,100,Normal
2026-02-14 19:03:40.338384,Seoul-9141,-1,23,Normal
2026-02-14 19:03:41.338384,Seoul-9141,-19,87,Normal
2026-02-14 19:03:42.338384,Seoul-9141,-6,60,Normal
2026-02-14 19:03:43.338384,Seoul-9141,36,73,Normal
2026-02-14 19:03:44.338384,Seoul-9141,-24,76,Normal
2026-02-14 19:03:45.338384,Seoul-9141,-5,46,Normal
2026-02-14 19:03:46.338384,Seoul-9141,26,35,Normal
2026-02-14 19:03:47.338384,Seoul-9141,-20,31,Normal
2026-02-14 19:03:48.338384,Seoul-9141,26,69,Normal
2026-02-14 19:03:49.338384,Seoul-9141,10,57,Normal
2026-02-14 19:03:50.338384,Seoul-9141,-21,13,Normal
2026-02-14 19:03:51.338384,Seoul-9141,3,88,Normal
2026-02-14 19:03:52.338384,Seoul-9141,25,5,Normal
2026-02-14 19:03:53.338384,Seoul-9141,42,17,Normal
2026-02-14 19:03:54.338384,Seoul-9141,31,15,Normal
2026-02-14 19:03:55.338384,Seoul-9141,-1,71,Normal
2026-02-14 19:03:56.338384,Seoul-9141,-14,10,Normal
2026-02-14 19:03:57.338384,Seoul-9141,37,61,Normal
2026-02-14 19:03:58.338384,Seoul-9141,2,17,Normal
2026-02-14 19:03:59.338384,Seoul-9141,4,27,Normal
2026-02-14 19:04:00.338384,Seoul-9141,7,31,Normal
2026-02-14 19:04:01.338384,Seoul-9141,-4,51,Normal
2026-02-14 19:04:02.338384,Seoul-9141,-24,67,Normal
2026-02-14 19:04:03.338384,Seoul-9141,-14,72,Normal
2026-02-14 19:04:04.338384,Seoul-9141,24,3,Normal
2026-02-14 19:04:05.338384,Seoul-9141,-22,56,Normal
2026-02-14 19:04:06.338384,Seoul-9141,20,96,Normal
2026-02-14 19:04:07.338384,Seoul-9141,-1,69,Normal
2026-02-14 19:04:08.338384,Seoul-9141,-4,28,Normal
2026-02-14 19:04:09.338384,Seoul-9141,-28,71,Normal
2026-02-14 19:04:10.338384,Seoul-9141,11,7,Normal
2026-02-14 19:04:11.338384,Seoul-9141,-24,5,Normal
2026-02-14 19:04:12.338384,Seoul-9141,22,14,Normal
2026-02-14 19:04:13.338384,Seoul-9141,8,10,Normal
2026-02-14 19:04:14.338384,Seoul-9141,25,83,Normal
2026-02-14 19:04:15.338384,Seoul-9141,34,48,Normal
2026-02-14 19:04:16.338384,Seoul-9141,-19,41,Normal
2026-02-14 19:04:17.338384,Seoul-9141,46,7,Normal
2026-02-14 19:04:18.338384,Seoul-9141,-6,53,Normal
2026-02-14 19:04:19.338384,Seoul-9141,5,38,Normal
2026-02-14 19:04:20.338384,Seoul-9141,13,61,Normal
2026-02-14 19:04:21.338384,Seoul-9141,38,49,Normal
2026-02-14 19:04:22.338384,Seoul-9141,-19,2,Normal
2026-02-14 19:04:23.338384,Seoul-9141,16,76,Normal
2026-02-14 19:04:24.338384,Seoul-9141,-23,58,Normal
2026-02-14 19:04:25.338384,Seoul-9141,23,84,Normal
2026-02-14 19:04:26.338384,Seoul-9141,16,96,Normal
2026-02-14 19:04:27.338384,Seoul-9141,-12,46,Normal
2026-02-14 19:04:28.338384,Seoul-9141,4,13,Normal
2026-02-14 19:04:29.338384,Seoul-9141,21,7,Normal
2026-02-14 19:04:30.338384,Seoul-9141,41,0,Normal
2026-02-14 19:04:31.338384,Seoul-9141,-10,46,Normal
2026-02-14 19:04:32.338384,Seoul-9141,-18,57,Normal
2026-02-14 19:04:33.338384,Seoul-9141,-7,55,Normal
2026-02-14 19:04:34.338384,Seoul-9141,20,15,Normal
2026-02-14 19:04:35.338384,Seoul-9141,23,97,Normal
2026-02-14 19:04:36.338384,Seoul-9141,-18,27,Normal
2026-02-14 19:04:37.338384,Seoul-9141,13,9,Normal
2026-02-14 19:04:38.338384,Seoul-9141,48,39,Normal
2026-02-14 19:04:39.338384,Seoul-9141,32,17,Normal
2026-02-14 19:04:40.338384,Seoul-9141,-29,87,Normal
2026-02-14 19:04:41.338384,Seoul-9141,38,95,Normal
2026-02-14 19:04:42.338384,Seoul-9141,-23,4,Normal
2026-02-14 19:04:43.338384,Seoul-9141,37,38,Normal
2026-02-14 19:04:44.338384,Seoul-9141,-11,0,Normal
2026-02-14 19:04:45.338384,Seoul-9141,-3,82,Normal
2026-02-14 19:04:46.338384,Seoul-9141,47,50,Normal
2026-02-14 19:04:47.338384,Seoul-9141,25,46,Normal
2026-02-14 19:04:48.338384,Seoul-9141,30,66,Normal
2026-02-14 19:04:49.338384,Seoul-9141,25,1,Normal
2026-02-14 19:04:50.338384,Seoul-9141,-21,46,Normal
2026-02-14 19:04:51.338384,Seoul-9141,-23,73,Normal
2026-02-14 19:04:52.338384,Seoul-9141,43,88,Normal
2026-02-14 19:04:53.338384,Seoul-9141,5,100,Normal
2026-02-14 19:04:54.338384,Seoul-9141,44,63,Normal
2026-02-14 19:04:55.338384,Seoul-9141,39,20,Normal
2026-02-14 19:04:56.338384,Seoul-9141,-23,95,Normal
2026-02-14 19:04:57.338384,Seoul-9141,25,31,Normal
2026-02-14 19:04:58.338384,Seoul-9141,35,47,Normal
2026-02-14 19:04:59.338384,Seoul-9141,24,88,Normal
2026-02-14 19:05:00.338384,Seoul-9141,23,96,Normal
2026-02-14 19:05:01.338384,Seoul-9141,11,10,Normal
2026-02-14 19:05:02.338384,Seoul-9141,6,60,Normal
2026-02-14 19:05:03.338384,Seoul-9141,24,68,Normal
2026-02-14 19:05:04.338384,Seoul-9141,44,96,Normal
2026-02-14 19:05:05.338384,Seoul-9141,-21,51,Normal
2026-02-14 19:05:06.338384,Seoul-9141,-24,39,Normal
2026-02-14 19:05:07.338384,Seoul-9141,22,54,Normal
2026-02-14 19:05:08.338384,Seoul-9141,36,10,Normal
2026-02-14 19:05:09.338384,Seoul-9141,30,92,Normal
2026-02-14 19:05:10.338384,Seoul-9141,-3,72,Normal
2026-02-14 19:05:11.338384,Seoul-9141,21,90,Normal
2026-02-14 19:05:12.338384,Seoul-9141,0,92,Normal
2026-02-14 19:05:13.338384,Seoul-9141,21,62,Normal
2026-02-14 19:05:14.338384,Seoul-9141,14,65,Normal
2026-02-14 19:05:15.338384,Seoul-9141,-28,80,Normal
2026-02-14 19:05:16.338384,Seoul-9141,15,19,Normal
2026-02-14 19:05:17.338384,Seoul-9141,35,27,Normal
2026-02-14 19:05:18.338384,Seoul-9141,13,7,Normal
2026-02-14 19:05:19.338384,Seoul-9141,1,48,Normal
2026-02-14 19:05:20.338384,Seoul-9141,32,76,Normal
2026-02-14 19:05:21.338384,Seoul-9141,21,24,Normal
2026-02-14 19:05:22.338384,Seoul-9141,22,40,Normal
2026-02-14 19:05:23.338384,Seoul-9141,18,23,Normal
2026-02-14 19:05:24.338384,Seoul-9141,-6,71,Normal
2026-02-14 19:05:25.338384,Seoul-9141,-14,68,Normal
2026-02-14 19:05:26.338384,Seoul-9141,15,64,Normal
2026-02-14 19:05:27.338384,Seoul-9141,-6,73,Normal
2026-02-14 19:05:28.338384,Seoul-9141,-27,90,Normal
2026-02-14 19:05:29.338384,Seoul-9141,48,20,Normal
2026-02-14 19:05:30.338384,Seoul-9141,17,45,Normal
2026-02-14 19:05:31.338384,Seoul-9141,-6,100,Normal
2026-02-14 19:05:32.338384,Seoul-9141,35,33,Normal
2026-02-14 19:05:33.338384,Seoul-9141,0,9,Normal
2026-02-14 19:05:34.338384,Seoul-9141,42,5,Normal
2026-02-14 19:05:35.338384,Seoul-9141,-30,75,Normal
2026-02-14 19:05:36.338384,Seoul-9141,-13,49,Normal
2026-02-14 19:05:37.338384,Seoul-9141,-29,11,Normal
2026-02-14 19:05:38.338384,Seoul-9141,3,33,Normal
2026-02-14 19:05:39.338384,Seoul-9141,-21,26,Normal
2026-02-14 19:05:40.338384,Seoul-9141,43,87,Normal
2026-02-14 19:05:41.338384,Seoul-9141,33,100,Normal
2026-02-14 19:05:42.338384,Seoul-9141,-10,96,Normal
2026-02-14 19:05:43.338384,Seoul-9141,20,96,Normal
2026-02-14 19:05:44.338384,Seoul-9141,-12,91,Normal
2026-02-14 19:05:45.338384,Seoul-9141,31,21,Normal
2026-02-14 19:05:46.338384,Seoul-9141,-5,2,Normal
2026-02-14 19:05:47.338384,Seoul-9141,16,22,Normal
2026-02-14 19:05:48.338384,Seoul-9141,6,28,Normal
2026-02-14 19:05:49.338384,Seoul-9141,-2,11,Normal
2026-02-14 19:05:50.338384,Seoul-9141,47,5,Normal
2026-02-14 19:05:51.338384,Seoul-9141,38,12,Normal
2026-02-14 19:05:52.338384,Seoul-9141,33,24,Normal
2026-02-14 19:05:53.338384,Seoul-9141,-23,89,Normal
2026-02-14 19:05:54.338384,Seoul-9141,5,47,Normal
2026-02-14 19:05:55.338384,Seoul-9141,-26,99,Normal
2026-02-14 19:05:56.338384,Seoul-9141,-4,87,Normal
2026-02-14 19:05:57.338384,Seoul-9141,3,35,Normal
2026-02-14 19:05:58.338384,Seoul-9141,26,1,Normal
2026-02-14 19:05:59.338384,Seoul-9141,16,95,Normal
2026-02-14 19:06:00.338384,Seoul-9141,35,32,Normal
2026-02-14 19:06:01.338384,Seoul-9141,45,59,Normal
2026-02-14 19:06:02.338384,Seoul-9141,7,98,Normal
2026-02-14 19:06:03.338384,Seoul-9141,-24,91,Normal
2026-02-14 19:06:04.338384,Seoul-9141,3,29,Normal
2026-02-14 19:06:05.338384,Seoul-9141,18,64,Normal
2026-02-14 19:06:06.338384,Seoul-9141,7,43,Normal
2026-02-14 19:06:07.338384,Seoul-9141,-6,66,Normal
2026-02-14 19:06:08.338384,Seoul-9141,1,22,Normal
2026-02-14 19:06:09.338384,Seoul-9141,-3,63,Normal
2026-02-14 19:06:10.338384,Seoul-9141,40,52,Normal
2026-02-14 19:06:11.338384,Seoul-9141,-23,35,Normal
2026-02-14 19:06:12.338384,Seoul-9141,-14,18,Normal
2026-02-14 19:06:13.338384,Seoul-9141,22,85,Normal
2026-02-14 19:06:14.338384,Seoul-9141,34,87,Normal
2026-02-14 19:06:15.338384,Seoul-9141,-18,27,Normal
2026-02-14 19:06:16.338384,Seoul-9141,32,44,Normal
2026-02-14 19:06:17.338384,Seoul-9141,9,95,Normal
2026-02-14 19:06:18.338384,Seoul-9141,38,84,Normal
2026-02-14 19:06:19.338384,Seoul-9141,46,29,Normal
2026-02-14 19:06:20.338384,Seoul-9141,10,82,Normal
2026-02-14 19:06:21.338384,Seoul-9141,40,0,Normal
2026-02-14 19:06:22.338384,Seoul-9141,43,36,Normal
2026-02-14 19:06:23.338384,Seoul-9141,-27,87,Normal
2026-02-14 19:06:24.338384,Seoul-9141,-20,91,Normal
2026-02-14 19:06:25.338384,Seoul-9141,44,81,Normal
2026-02-14 19:06:26.338384,Seoul-9141,-17,84,Normal
2026-02-14 19:06:27.338384,Seoul-9141,29,33,Normal
2026-02-14 19:06:28.338384,Seoul-9141,16,85,Normal
2026-02-14 19:06:29.338384,Seoul-9141,-6,56,Normal
2026-02-14 19:06:30.338384,Seoul-9141,19,80,Normal
2026-02-14 19:06:31.338384,Seoul-9141,5,86,Normal
2026-02-14 19:06:32.338384,Seoul-9141,-23,77,Normal
2026-02-14 19:06:33.338384,Seoul-9141,46,88,Normal
2026-02-14 19:06:34.338384,Seoul-9141,-28,11,Normal
2026-02-14 19:06:35.338384,Seoul-9141,28,48,Normal
2026-02-14 19:06:36.338384,Seoul-9141,39,89,Normal
2026-02-14 19:06:37.338384,Seoul-9141,-29,49,Normal
2026-02-14 19:06:38.338384,Seoul-9141,-19,58,Normal
2026-02-14 19:06:39.338384,Seoul-9141,5,64,Normal
2026-02-14 19:06:40.338384,Seoul-9141,-2,72,Normal
2026-02-14 19:06:41.338384,Seoul-9141,37,50,Normal
2026-02-14 19:06:42.338384,Seoul-9141,3,59,Normal
2026-02-14 19:06:43.338384,Seoul-9141,29,66,Normal
2026-02-14 19:06:44.338384,Seoul-9141,-20,25,Normal
2026-02-14 19:06:45.338384,Seoul-9141,20,97,Normal
2026-02-14 19:06:46.338384,Seoul-9141,20,18,Normal
2026-02-14 19:06:47.338384,Seoul-9141,-12,23,Normal
2026-02-14 19:06:48.338384,Seoul-9141,-15,57,Normal
2026-02-14 19:06:49.338384,Seoul-9141,20,4,Normal
2026-02-14 19:06:50.338384,Seoul-9141,-29,1,Normal
2026-02-14 19:06:51.338384,Seoul-9141,13,97,Normal
2026-02-14 19:06:52.338384,Seoul-9141,-15,20,Normal
2026-02-14 19:06:53.338384,Seoul-9141,24,46,Normal
2026-02-14 19:06:54.338384,Seoul-9141,45,46,Normal
2026-02-14 19:06:55.338384,Seoul-9141,6,88,Normal
2026-02-14 19:06:56.338384,Seoul-9141,49,18,Normal
2026-02-14 19:06:57.338384,Seoul-9141,-21,52,Normal
2026-02-14 19:06:58.338384,Seoul-9141,-13,70,Normal
2026-02-14 19:06:59.338384,Seoul-9141,24,68,Normal
2026-02-14 19:07:00.338384,Seoul-9141,1,25,Normal
2026-02-14 19:07:01.338384,Seoul-9141,-15,75,Normal
2026-02-14 19:07:02.338384,Seoul-9141,35,15,Normal
2026-02-14 19:07:03.338384,Seoul-9141,-27,17,Normal
2026-02-14 19:07:04.338384,Seoul-9141,-7,8,Normal
2026-02-14 19:07:05.338384,Seoul-9141,11,53,Normal
2026-02-14 19:07:06.338384,Seoul-9141,23,52,Normal
2026-02-14 19:07:07.338384,Seoul-9141,-25,46,Normal
2026-02-14 19:07:08.338384,Seoul-9141,19,20,Normal
2026-02-14 19:07:09.338384,Seoul-9141,3,86,Normal
2026-02-14 19:07:10.338384,Seoul-9141,16,27,Normal
2026-02-14 19:07:11.338384,Seoul-9141,48,88,Normal
2026-02-14 19:07:12.338384,Seoul-9141,-27,14,Normal
2026-02-14 19:07:13.338384,Seoul-9141,-2,15,Normal
2026-02-14 19:07:14.338384,Seoul-9141,22,82,Normal
2026-02-14 19:07:15.338384,Seoul-9141,20,64,Normal
2026-02-14 19:07:16.338384,Seoul-9141,15,5,Normal
2026-02-14 19:07:17.338384,Seoul-9141,9,72,Normal
2026-02-14 19:07:18.338384,Seoul-9141,34,45,Normal
2026-02-14 19:07:19.338384,Seoul-9141,39,25,Normal
2026-02-14 19:07:20.338384,Seoul-9141,-18,87,Normal
2026-02-14 19:07:21.338384,Seoul-9141,26,18,Normal
2026-02-14 19:07:22.338384,Seoul-9141,14,79,Normal
2026-02-14 19:07:23.338384,Seoul-9141,0,52,Normal
2026-02-14 19:07:24.338384,Seoul-9141,44,85,Normal
2026-02-14 19:07:25.338384,Seoul-9141,28,1,Normal
2026-02-14 19:07:26.338384,Seoul-9141,-25,5,Normal
2026-02-14 19:07:27.338384,Seoul-9141,43,58,Normal
2026-02-14 19:07:28.338384,Seoul-9141,-14,16,Normal
2026-02-14 19:07:29.338384,Seoul-9141,26,59,Normal
2026-02-14 19:07:30.338384,Seoul-9141,-20,49,Normal
2026-02-14 19:07:31.338384,Seoul-9141,27,53,Normal
2026-02-14 19:07:32.338384,Seoul-9141,-6,78,Normal
2026-02-14 19:07:33.338384,Seoul-9141,-30,78,Normal
2026-02-14 19:07:34.338384,Seoul-9141,46,97,Normal
2026-02-14 19:07:35.338384,Seoul-9141,21,4,Normal
2026-02-14 19:07:36.338384,Seoul-9141,50,78,Normal
2026-02-14 19:07:37.338384,Seoul-9141,-4,97,Normal
2026-02-14 19:07:38.338384,Seoul-9141,-15,32,Normal
2026-02-14 19:07:39.338384,Seoul-9141,42,37,Normal
2026-02-14 19:07:40.338384,Seoul-9141,39,99,Normal
2026-02-14 19:07:41.338384,Seoul-9141,-15,40,Normal
2026-02-14 19:07:42.338384,Seoul-9141,-28,0,Normal
2026-02-14 19:07:43.338384,Seoul-9141,-24,20,Normal
2026-02-14 19:07:44.338384,Seoul-9141,-5,50,Normal
2026-02-14 19:07:45.338384,Seoul-9141,15,92,Normal
2026-02-14 19:07:46.338384,Seoul-9141,41,19,Normal
2026-02-14 19:07:47.338384,Seoul-9141,-22,84,Normal
2026-02-14 19:07:48.338384,Seoul-9141,-20,32,Normal
2026-02-14 19:07:49.338384,Seoul-9141,-8,2,Normal
2026-02-14 19:07:50.338384,Seoul-9141,48,31,Normal
2026-02-14 19:07:51.338384,Seoul-9141,24,38,Normal
2026-02-14 19:07:52.338384,Seoul-9141,1,28,Normal
2026-02-14 19:07:53.338384,Seoul-9141,28,56,Normal
2026-02-14 19:07:54.338384,Seoul-9141,-12,56,Normal
2026-02-14 19:07:55.338384,Seoul-9141,-18,90,Normal
2026-02-14 19:07:56.338384,Seoul-9141,24,83,Normal
2026-02-14 19:07:57.338384,Seoul-9141,-22,82,Normal
2026-02-14 19:07:58.338384,Seoul-9141,-26,51,Normal
2026-02-14 19:07:59.338384,Seoul-9141,28,65,Normal
2026-02-14 19:08:00.338384,Seoul-9141,-24,34,Normal
2026-02-14 19:08:01.338384,Seoul-9141,-7,55,Normal
2026-02-14 19:08:02.338384,Seoul-9141,-9,34,Normal
2026-02-14 19:08:03.338384,Seoul-9141,46,99,Normal
2026-02-14 19:08:04.338384,Seoul-9141,39,30,Normal
2026-02-14 19:08:05.338384,Seoul-9141,-27,96,Normal
2026-02-14 19:08:06.338384,Seoul-9141,26,75,Normal
2026-02-14 19:08:07.338384,Seoul-9141,24,64,Normal
2026-02-14 19:08:08.338384,Seoul-9141,-15,11,Normal
2026-02-14 19:08:09.338384,Seoul-9141,46,18,Normal
2026-02-14 19:08:10.338384,Seoul-9141,-3,81,Normal
2026-02-14 19:08:11.338384,Seoul-9141,-5,44,Normal
2026-02-14 19:08:12.338384,Seoul-9141,-22,26,Normal
2026-02-14 19:08:13.338384,Seoul-9141,11,94,Normal
2026-02-14 19:08:14.338384,Seoul-9141,29,21,Normal
2026-02-14 19:08:15.338384,Seoul-9141,24,88,Normal
2026-02-14 19:08:16.338384,Seoul-9141,-23,74,Normal
2026-02-14 19:08:17.338384,Seoul-9141,27,63,Normal
2026-02-14 19:08:18.338384,Seoul-9141,48,20,Normal
2026-02-14 19:08:19.338384,Seoul-9141,26,66,Normal
2026-02-14 19:08:20.338384,Seoul-9141,28,82,Normal
2026-02-14 19:08:21.338384,Seoul-9141,42,76,Normal
2026-02-14 19:08:22.338384,Seoul-9141,3,5,Normal
2026-02-14 19:08:23.338384,Seoul-9141,8,94,Normal
2026-02-14 19:08:24.338384,Seoul-9141,1,85,Normal
2026-02-14 19:08:25.338384,Seoul-9141,-6,68,Normal
2026-02-14 19:08:26.338384,Seoul-9141,22,57,Normal
2026-02-14 19:08:27.338384,Seoul-9141,40,41,Normal
2026-02-14 19:08:28.338384,Seoul-9141,27,69,Normal
2026-02-14 19:08:29.338384,Seoul-9141,27,82,Normal
2026-02-14 19:08:30.338384,Seoul-9141,2,67,Normal
2026-02-14 19:08:31.338384,Seoul-9141,12,35,Normal
2026-02-14 19:08:32.338384,Seoul-9141,-15,43,Normal
2026-02-14 19:08:33.338384,Seoul-9141,-25,53,Normal
2026-02-14 19:08:34.338384,Seoul-9141,-13,12,Normal
2026-02-14 19:08:35.338384,Seoul-9141,25,92,Normal
2026-02-14 19:08:36.338384,Seoul-9141,-25,39,Normal
2026-02-14 19:08:37.338384,Seoul-9141,45,17,Normal
2026-02-14 19:08:38.338384,Seoul-9141,-28,23,Normal
2026-02-14 19:08:39.338384,Seoul-9141,50,48,Normal
2026-02-14 19:08:40.338384,Seoul-9141,35,85,Normal
2026-02-14 19:08:41.338384,Seoul-9141,-6,97,Normal
2026-02-14 19:08:42.338384,Seoul-9141,16,23,Normal
2026-02-14 19:08:43.338384,Seoul-9141,45,96,Normal
2026-02-14 19:08:44.338384,Seoul-9141,30,34,Normal
2026-02-14 19:08:45.338384,Seoul-9141,22,0,Normal
2026-02-14 19:08:46.338384,Seoul-9141,49,17,Normal
2026-02-14 19:08:47.338384,Seoul-9141,-4,60,Normal
2026-02-14 19:08:48.338384,Seoul-9141,16,59,Normal
2026-02-14 19:08:49.338384,Seoul-9141,2,47,Normal
2026-02-14 19:08:50.338384,Seoul-9141,42,82,Normal
2026-02-14 19:08:51.338384,Seoul-9141,18,89,Normal
2026-02-14 19:08:52.338384,Seoul-9141,2,51,Normal
2026-02-14 19:08:53.338384,Seoul-9141,47,9,Normal
2026-02-14 19:08:54.338384,Seoul-9141,9,37,Normal
2026-02-14 19:08:55.338384,Seoul-9141,20,24,Normal
2026-02-14 19:08:56.338384,Seoul-9141,45,12,Normal
2026-02-14 19:08:57.338384,Seoul-9141,-9,56,Normal
2026-02-14 19:08:58.338384,Seoul-9141,11,22,Normal
2026-02-14 19:08:59.338384,Seoul-9141,14,30,Normal
2026-02-14 19:09:00.338384,Seoul-9141,-18,72,Normal
2026-02-14 19:09:01.338384,Seoul-9141,-3,84,Normal
2026-02-14 19:09:02.338384,Seoul-9141,-28,75,Normal
2026-02-14 19:09:03.338384,Seoul-9141,-3,80,Normal
2026-02-14 19:09:04.338384,Seoul-9141,42,8,Normal
2026-02-14 19:09:05.338384,Seoul-9141,-16,94,Normal
2026-02-14 19:09:06.338384,Seoul-9141,-15,35,Normal
2026-02-14 19:09:07.338384,Seoul-9141,-21,42,Normal
2026-02-14 19:09:08.338384,Seoul-9141,44,73,Normal
2026-02-14 19:09:09.338384,Seoul-9141,-22,85,Normal
2026-02-14 19:09:10.338384,Seoul-9141,35,45,Normal
2026-02-14 19:09:11.338384,Seoul-9141,7,50,Normal
2026-02-14 19:09:12.338384,Seoul-9141,34,15,Normal
2026-02-14 19:09:13.338384,Seoul-9141,1,8,Normal
2026-02-14 19:09:14.338384,Seoul-9141,41,70,Normal
2026-02-14 19:09:15.338384,Seoul-9141,5,9,Normal
2026-02-14 19:09:16.338384,Seoul-9141,-8,44,Normal
2026-02-14 19:09:17.338384,Seoul-9141,-16,62,Normal
2026-02-14 19:09:18.338384,Seoul-9141,-26,21,Normal
2026-02-14 19:09:19.338384,Seoul-9141,46,42,Normal
2026-02-14 19:09:20.338384,Seoul-9141,48,21,Normal
2026-02-14 19:09:21.338384,Seoul-9141,-30,30,Normal
2026-02-14 19:09:22.338384,Seoul-9141,-9,41,Normal
2026-02-14 19:09:23.338384,Seoul-9141,0,23,Normal
2026-02-14 19:09:24.338384,Seoul-9141,-27,24,Normal
2026-02-14 19:09:25.338384,Seoul-9141,29,12,Normal
2026-02-14 19:09:26.338384,Seoul-9141,16,3,Normal
2026-02-14 19:09:27.338384,Seoul-9141,20,85,Normal
2026-02-14 19:09:28.338384,Seoul-9141,17,34,Normal
2026-02-14 19:09:29.338384,Seoul-9141,40,63,Normal
2026-02-14 19:09:30.338384,Seoul-9141,45,20,Normal
2026-02-14 19:09:31.338384,Seoul-9141,48,73,Normal
2026-02-14 19:09:32.338384,Seoul-9141,-13,93,Normal
2026-02-14 19:09:33.338384,Seoul-9141,44,49,Normal
2026-02-14 19:09:34.338384,Seoul-9141,16,80,Normal
2026-02-14 19:09:35.338384,Seoul-9141,40,93,Normal
2026-02-14 19:09:36.338384,Seoul-9141,23,17,Normal
2026-02-14 19:09:37.338384,Seoul-9141,21,56,Normal
2026-02-14 19:09:38.338384,Seoul-9141,27,39,Normal
2026-02-14 19:09:39.338384,Seoul-9141,-15,69,Normal
2026-02-14 19:09:40.338384,Seoul-9141,-24,80,Normal
2026-02-14 19:09:41.338384,Seoul-9141,8,95,Normal
2026-02-14 19:09:42.338384,Seoul-9141,-14,99,Normal
2026-02-14 19:09:43.338384,Seoul-9141,28,94,Normal
2026-02-14 19:09:44.338384,Seoul-9141,14,12,Normal
2026-02-14 19:09:45.338384,Seoul-9141,-5,49,Normal
2026-02-14 19:09:46.338384,Seoul-9141,45,30,Normal
2026-02-14 19:09:47.338384,Seoul-9141,-4,22,Normal
2026-02-14 19:09:48.338384,Seoul-9141,-6,53,Normal
2026-02-14 19:09:49.338384,Seoul-9141,46,45,Normal
2026-02-14 19:09:50.338384,Seoul-9141,-4,3,Normal
2026-02-14 19:09:51.338384,Seoul-9141,-11,58,Normal
2026-02-14 19:09:52.338384,Seoul-9141,11,3,Normal
2026-02-14 19:09:53.338384,Seoul-9141,-16,70,Normal
2026-02-14 19:09:54.338384,Seoul-9141,49,52,Normal
2026-02-14 19:09:55.338384,Seoul-9141,49,45,Normal
2026-02-14 19:09:56.338384,Seoul-9141,42,45,Normal
2026-02-14 19:09:57.338384,Seoul-9141,-19,51,Normal
2026-02-14 19:09:58.338384,Seoul-9141,-12,24,Normal
2026-02-14 19:09:59.338384,Seoul-9141,31,92,Normal
2026-02-14 19:10:00.338384,Seoul-9141,-5,83,Normal
2026-02-14 19:10:01.338384,Seoul-9141,23,95,Normal
2026-02-14 19:10:02.338384,Seoul-9141,-25,19,Normal
2026-02-14 19:10:03.338384,Seoul-9141,36,100,Normal
2026-02-14 19:10:04.338384,Seoul-9141,17,93,Normal
2026-02-14 19:10:05.338384,Seoul-9141,20,94,Normal
2026-02-14 19:10:06.338384,Seoul-9141,33,85,Normal
2026-02-14 19:10:07.338384,Seoul-9141,-27,85,Normal
2026-02-14 19:10:08.338384,Seoul-9141,4,16,Normal
2026-02-14 19:10:09.338384,Seoul-9141,-5,83,Normal
2026-02-14 19:10:10.338384,Seoul-9141,37,23,Normal
2026-02-14 19:10:11.338384,Seoul-9141,-24,79,Normal
2026-02-14 19:10:12.338384,Seoul-9141,-9,21,Normal
2026-02-14 19:10:13.338384,Seoul-9141,43,70,Normal
2026-02-14 19:10:14.338384,Seoul-9141,29,0,Normal
2026-02-14 19:10:15.338384,Seoul-9141,-5,16,Normal
2026-02-14 19:10:16.338384,Seoul-9141,32,13,Normal
2026-02-14 19:10:17.338384,Seoul-9141,15,50,Normal
2026-02-14 19:10:18.338384,Seoul-9141,29,2,Normal
2026-02-14 19:10:19.338384,Seoul-9141,28,1,Normal
2026-02-14 19:10:20.338384,Seoul-9141,12,69,Normal
2026-02-14 19:10:21.338384,Seoul-9141,-16,2,Normal
2026-02-14 19:10:22.338384,Seoul-9141,-12,99,Normal
2026-02-14 19:10:23.338384,Seoul-9141,-29,70,Normal
2026-02-14 19:10:24.338384,Seoul-9141,4,51,Normal
2026-02-14 19:10:25.338384,Seoul-9141,-15,18,Normal
2026-02-14 19:10:26.338384,Seoul-9141,-26,50,Normal
2026-02-14 19:10:27.338384,Seoul-9141,47,12,Normal
2026-02-14 19:10:28.338384,Seoul-9141,11,92,Normal
2026-02-14 19:10:29.338384,Seoul-9141,23,44,Normal
2026-02-14 19:10:30.338384,Seoul-9141,-5,68,Normal
2026-02-14 19:10:31.338384,Seoul-9141,37,13,Normal
2026-02-14 19:10:32.338384,Seoul-9141,44,95,Normal
2026-02-14 19:10:33.338384,Seoul-9141,26,10,Normal
2026-02-14 19:10:34.338384,Seoul-9141,40,30,Normal
2026-02-14 19:10:35.338384,Seoul-9141,-19,45,Normal
2026-02-14 19:10:36.338384,Seoul-9141,-1,16,Normal
2026-02-14 19:10:37.338384,Seoul-9141,11,66,Normal
2026-02-14 19:10:38.338384,Seoul-9141,-18,0,Normal
2026-02-14 19:10:39.338384,Seoul-9141,17,7,Normal
2026-02-14 19:10:40.338384,Seoul-9141,25,11,Normal
2026-02-14 19:10:41.338384,Seoul-9141,-29,30,Normal
2026-02-14 19:10:42.338384,Seoul-9141,25,0,Normal
2026-02-14 19:10:43.338384,Seoul-9141,-7,36,Normal
2026-02-14 19:10:44.338384,Seoul-9141,30,50,Normal
2026-02-14 19:10:45.338384,Seoul-9141,36,83,Normal
2026-02-14 19:10:46.338384,Seoul-9141,18,15,Normal
2026-02-14 19:10:47.338384,Seoul-9141,18,42,Normal
2026-02-14 19:10:48.338384,Seoul-9141,15,30,Normal
2026-02-14 19:10:49.338384,Seoul-9141,43,59,Normal
2026-02-14 19:10:50.338384,Seoul-9141,14,40,Normal
2026-02-14 19:10:51.338384,Seoul-9141,45,73,Normal
2026-02-14 19:10:52.338384,Seoul-9141,50,9,Normal
2026-02-14 19:10:53.338384,Seoul-9141,40,78,Normal
2026-02-14 19:10:54.338384,Seoul-9141,-24,16,Normal
2026-02-14 19:10:55.338384,Seoul-9141,44,96,Normal
2026-02-14 19:10:56.338384,Seoul-9141,23,55,Normal
2026-02-14 19:10:57.338384,Seoul-9141,-16,98,Normal
2026-02-14 19:10:58.338384,Seoul-9141,6,1,Normal
2026-02-14 19:10:59.338384,Seoul-9141,-26,56,Normal
2026-02-14 19:11:00.338384,Seoul-9141,33,37,Normal
2026-02-14 19:11:01.338384,Seoul-9141,45,44,Normal
2026-02-14 19:11:02.338384,Seoul-9141,28,33,Normal
2026-02-14 19:11:03.338384,Seoul-9141,40,6,Normal
2026-02-14 19:11:04.338384,Seoul-9141,-15,68,Normal
2026-02-14 19:11:05.338384,Seoul-9141,-2,40,Normal
2026-02-14 19:11:06.338384,Seoul-9141,45,5,Normal
2026-02-14 19:11:07.338384,Seoul-9141,24,68,Normal
2026-02-14 19:11:08.338384,Seoul-9141,-19,16,Normal
2026-02-14 19:11:09.338384,Seoul-9141,-5,13,Normal
2026-02-14 19:11:10.338384,Seoul-9141,-20,43,Normal
2026-02-14 19:11:11.338384,Seoul-9141,40,56,Normal
2026-02-14 19:11:12.338384,Seoul-9141,45,14,Normal
2026-02-14 19:11:13.338384,Seoul-9141,10,4,Normal
2026-02-14 19:11:14.338384,Seoul-9141,26,54,Normal
2026-02-14 19:11:15.338384,Seoul-9141,6,1,Normal
2026-02-14 19:11:16.338384,Seoul-9141,10,47,Normal
2026-02-14 19:11:17.338384,Seoul-9141,39,68,Normal
2026-02-14 19:11:18.338384,Seoul-9141,14,20,Normal
2026-02-14 19:11:19.338384,Seoul-9141,21,13,Normal
2026-02-14 19:11:20.338384,Seoul-9141,-13,27,Normal
2026-02-14 19:11:21.338384,Seoul-9141,-11,13,Normal
2026-02-14 19:11:22.338384,Seoul-9141,44,6,Normal
2026-02-14 19:11:23.338384,Seoul-9141,6,23,Normal
2026-02-14 19:11:24.338384,Seoul-9141,20,84,Normal
2026-02-14 19:11:25.338384,Seoul-9141,-30,84,Normal
2026-02-14 19:11:26.338384,Seoul-9141,35,31,Normal
2026-02-14 19:11:27.338384,Seoul-9141,9,47,Normal
2026-02-14 19:11:28.338384,Seoul-9141,-16,92,Normal
2026-02-14 19:11:29.338384,Seoul-9141,-20,96,Normal
2026-02-14 19:11:30.338384,Seoul-9141,-23,36,Normal
2026-02-14 19:11:31.338384,Seoul-9141,8,76,Normal
2026-02-14 19:11:32.338384,Seoul-9141,-8,10,Normal
2026-02-14 19:11:33.338384,Seoul-9141,-4,37,Normal
2026-02-14 19:11:34.338384,Seoul-9141,-3,81,Normal
2026-02-14 19:11:35.338384,Seoul-9141,-8,81,Normal
2026-02-14 19:11:36.338384,Seoul-9141,-26,82,Normal
2026-02-14 19:11:37.338384,Seoul-9141,20,50,Normal
2026-02-14 19:11:38.338384,Seoul-9141,-7,22,Normal
2026-02-14 19:11:39.338384,Seoul-9141,8,32,Normal
2026-02-14 19:11:40.338384,Seoul-9141,35,68,Normal
2026-02-14 19:11:41.338384,Seoul-9141,-26,92,Normal
2026-02-14 19:11:42.338384,Seoul-9141,13,10,Normal
2026-02-14 19:11:43.338384,Seoul-9141,-14,94,Normal
2026-02-14 19:11:44.338384,Seoul-9141,11,15,Normal
2026-02-14 19:11:45.338384,Seoul-9141,38,82,Normal
2026-02-14 19:11:46.338384,Seoul-9141,31,26,Normal
2026-02-14 19:11:47.338384,Seoul-9141,0,73,Normal
2026-02-14 19:11:48.338384,Seoul-9141,22,61,Normal
2026-02-14 19:11:49.338384,Seoul-9141,16,55,Normal
2026-02-14 19:11:50.338384,Seoul-9141,46,99,Normal
2026-02-14 19:11:51.338384,Seoul-9141,-25,34,Normal
2026-02-14 19:11:52.338384,Seoul-9141,11,5,Normal
2026-02-14 19:11:53.338384,Seoul-9141,17,23,Normal
2026-02-14 19:11:54.338384,Seoul-9141,37,78,Normal
2026-02-14 19:11:55.338384,Seoul-9141,40,16,Normal
2026-02-14 19:11:56.338384,Seoul-9141,-14,57,Normal
2026-02-14 19:11:57.338384,Seoul-9141,36,82,Normal
2026-02-14 19:11:58.338384,Seoul-9141,12,43,Normal
2026-02-14 19:11:59.338384,Seoul-9141,-24,79,Normal
2026-02-14 19:12:00.338384,Seoul-9141,-12,50,Normal
2026-02-14 19:12:01.338384,Seoul-9141,-13,98,Normal
2026-02-14 19:12:02.338384,Seoul-9141,29,41,Normal
2026-02-14 19:12:03.338384,Seoul-9141,32,27,Normal
2026-02-14 19:12:04.338384,Seoul-9141,-22,9,Normal
2026-02-14 19:12:05.338384,Seoul-9141,16,84,Normal
2026-02-14 19:12:06.338384,Seoul-9141,28,62,Normal
2026-02-14 19:12:07.338384,Seoul-9141,26,26,Normal
2026-02-14 19:12:08.338384,Seoul-9141,-16,32,Normal
2026-02-14 19:12:09.338384,Seoul-9141,37,44,Normal
2026-02-14 19:12:10.338384,Seoul-9141,2,84,Normal
2026-02-14 19:12:11.338384,Seoul-9141,37,32,Normal
2026-02-14 19:12:12.338384,Seoul-9141,-24,82,Normal
2026-02-14 19:12:13.338384,Seoul-9141,-12,98,Normal
2026-02-14 19:12:14.338384,Seoul-9141,41,51,Normal
2026-02-14 19:12:15.338384,Seoul-9141,49,25,Normal
2026-02-14 19:12:16.338384,Seoul-9141,-12,75,Normal
2026-02-14 19:12:17.338384,Seoul-9141,2,6,Normal
2026-02-14 19:12:18.338384,Seoul-9141,50,33,Normal
2026-02-14 19:12:19.338384,Seoul-9141,23,51,Normal
2026-02-14 19:12:20.338384,Seoul-9141,30,9,Normal
2026-02-14 19:12:21.338384,Seoul-9141,-16,62,Normal
2026-02-14 19:12:22.338384,Seoul-9141,-4,41,Normal
2026-02-14 19:12:23.338384,Seoul-9141,21,93,Normal
2026-02-14 19:12:24.338384,Seoul-9141,11,4,Normal
2026-02-14 19:12:25.338384,Seoul-9141,50,76,Normal
2026-02-14 19:12:26.338384,Seoul-9141,-1,20,Normal
2026-02-14 19:12:27.338384,Seoul-9141,5,35,Normal
2026-02-14 19:12:28.338384,Seoul-9141,38,97,Normal
2026-02-14 19:12:29.338384,Seoul-9141,-26,86,Normal
2026-02-14 19:12:30.338384,Seoul-9141,36,1,Normal
2026-02-14 19:12:31.338384,Seoul-9141,-26,46,Normal
2026-02-14 19:12:32.338384,Seoul-9141,50,63,Normal
2026-02-14 19:12:33.338384,Seoul-9141,-17,9,Normal
2026-02-14 19:12:34.338384,Seoul-9141,-25,62,Normal
2026-02-14 19:12:35.338384,Seoul-9141,11,93,Normal
2026-02-14 19:12:36.338384,Seoul-9141,6,23,Normal
2026-02-14 19:12:37.338384,Seoul-9141,39,61,Normal
2026-02-14 19:12:38.338384,Seoul-9141,-5,84,Normal
2026-02-14 19:12:39.338384,Seoul-9141,-9,2,Normal
2026-02-14 19:12:40.338384,Seoul-9141,34,80,Normal
2026-02-14 19:12:41.338384,Seoul-9141,31,85,Normal
2026-02-14 19:12:42.338384,Seoul-9141,37,46,Normal
2026-02-14 19:12:43.338384,Seoul-9141,14,48,Normal
2026-02-14 19:12:44.338384,Seoul-9141,-18,1,Normal
2026-02-14 19:12:45.338384,Seoul-9141,-11,70,Normal
2026-02-14 19:12:46.338384,Seoul-9141,-30,36,Normal
2026-02-14 19:12:47.338384,Seoul-9141,25,43,Normal
2026-02-14 19:12:48.338384,Seoul-9141,23,2,Normal
2026-02-14 19:12:49.338384,Seoul-9141,27,54,Normal
2026-02-14 19:12:50.338384,Seoul-9141,-5,46,Normal
2026-02-14 19:12:51.338384,Seoul-9141,23,94,Normal
2026-02-14 19:12:52.338384,Seoul-9141,0,77,Normal
2026-02-14 19:12:53.338384,Seoul-9141,10,4,Normal
2026-02-14 19:12:54.338384,Seoul-9141,19,89,Normal
2026-02-14 19:12:55.338384,Seoul-9141,38,76,Normal
2026-02-14 19:12:56.338384,Seoul-9141,49,83,Normal
2026-02-14 19:12:57.338384,Seoul-9141,-18,64,Normal
2026-02-14 19:12:58.338384,Seoul-9141,-3,37,Normal
2026-02-14 19:12:59.338384,Seoul-9141,0,69,Normal
2026-02-14 19:13:00.338384,Seoul-9141,45,56,Normal
2026-02-14 19:13:01.338384,Seoul-9141,39,6,Normal
2026-02-14 19:13:02.338384,Seoul-9141,-20,70,Normal
2026-02-14 19:13:03.338384,Seoul-9141,24,39,Normal
2026-02-14 19:13:04.338384,Seoul-9141,16,7,Normal
2026-02-14 19:13:05.338384,Seoul-9141,32,80,Normal
2026-02-14 19:13:06.338384,Seoul-9141,36,99,Normal
2026-02-14 19:13:07.338384,Seoul-9141,15,75,Normal
2026-02-14 19:13:08.338384,Seoul-9141,6,59,Normal
2026-02-14 19:13:09.338384,Seoul-9141,20,50,Normal
2026-02-14 19:13:10.338384,Seoul-9141,16,41,Normal
2026-02-14 19:13:11.338384,Seoul-9141,7,89,Normal
2026-02-14 19:13:12.338384,Seoul-9141,-14,97,Normal
2026-02-14 19:13:13.338384,Seoul-9141,-14,64,Normal
2026-02-14 19:13:14.338384,Seoul-9141,-19,21,Normal
2026-02-14 19:13:15.338384,Seoul-9141,29,3,Normal
2026-02-14 19:13:16.338384,Seoul-9141,14,16,Normal
2026-02-14 19:13:17.338384,Seoul-9141,50,23,Normal
2026-02-14 19:13:18.338384,Seoul-9141,41,55,Normal
2026-02-14 19:13:19.338384,Seoul-9141,20,7,Normal
2026-02-14 19:13:20.338384,Seoul-9141,-17,29,Normal
2026-02-14 19:13:21.338384,Seoul-9141,-13,75,Normal
2026-02-14 19:13:22.338384,Seoul-9141,-10,70,Normal
2026-02-14 19:13:23.338384,Seoul-9141,-17,88,Normal
2026-02-14 19:13:24.338384,Seoul-9141,13,88,Normal
2026-02-14 19:13:25.338384,Seoul-9141,2,73,Normal
2026-02-14 19:13:26.338384,Seoul-9141,-24,94,Normal
2026-02-14 19:13:27.338384,Seoul-9141,15,28,Normal
2026-02-14 19:13:28.338384,Seoul-9141,-18,31,Normal
2026-02-14 19:13:29.338384,Seoul-9141,-27,69,Normal
2026-02-14 19:13:30.338384,Seoul-9141,-3,27,Normal
2026-02-14 19:13:31.338384,Seoul-9141,-1,22,Normal
2026-02-14 19:13:32.338384,Seoul-9141,26,31,Normal
2026-02-14 19:13:33.338384,Seoul-9141,17,54,Normal
2026-02-14 19:13:34.338384,Seoul-9141,28,17,Normal
2026-02-14 19:13:35.338384,Seoul-9141,-8,53,Normal
2026-02-14 19:13:36.338384,Seoul-9141,-21,66,Normal
2026-02-14 19:13:37.338384,Seoul-9141,14,89,Normal
2026-02-14 19:13:38.338384,Seoul-9141,27,20,Normal
2026-02-14 19:13:39.338384,Seoul-9141,34,36,Normal
2026-02-14 19:13:40.338384,Seoul-9141,33,6,Normal
2026-02-14 19:13:41.338384,Seoul-9141,50,44,Normal
2026-02-14 19:13:42.338384,Seoul-9141,26,39,Normal
2026-02-14 19:13:43.338384,Seoul-9141,-6,40,Normal
2026-02-14 19:13:44.338384,Seoul-9141,20,30,Normal
2026-02-14 19:13:45.338384,Seoul-9141,41,20,Normal
2026-02-14 19:13:46.338384,Seoul-9141,-26,67,Normal
2026-02-14 19:13:47.338384,Seoul-9141,41,25,Normal
2026-02-14 19:13:48.338384,Seoul-9141,34,22,Normal
2026-02-14 19:13:49.338384,Seoul-9141,-10,21,Normal
2026-02-14 19:13:50.338384,Seoul-9141,42,19,Normal
2026-02-14 19:13:51.338384,Seoul-9141,25,60,Normal
2026-02-14 19:13:52.338384,Seoul-9141,2,21,Normal
2026-02-14 19:13:53.338384,Seoul-9141,-7,29,Normal
2026-02-14 19:13:54.338384,Seoul-9141,-13,7,Normal
2026-02-14 19:13:55.338384,Seoul-9141,30,60,Normal
2026-02-14 19:13:56.338384,Seoul-9141,10,37,Normal
2026-02-14 19:13:57.338384,Seoul-9141,-23,5,Normal
2026-02-14 19:13:58.338384,Seoul-9141,-7,48,Normal
2026-02-14 19:13:59.338384,Seoul-9141,14,34,Normal
2026-02-14 19:14:00.338384,Seoul-9141,25,75,Normal
2026-02-14 19:14:01.338384,Seoul-9141,19,58,Normal
2026-02-14 19:14:02.338384,Seoul-9141,15,83,Normal
2026-02-14 19:14:03.338384,Seoul-9141,-16,75,Normal
2026-02-14 19:14:04.338384,Seoul-9141,-26,60,Normal
2026-02-14 19:14:05.338384,Seoul-9141,6,79,Normal
2026-02-14 19:14:06.338384,Seoul-9141,38,95,Normal
2026-02-14 19:14:07.338384,Seoul-9141,16,22,Normal
2026-02-14 19:14:08.338384,Seoul-9141,50,57,Normal
2026-02-14 19:14:09.338384,Seoul-9141,39,32,Normal
2026-02-14 19:14:10.338384,Seoul-9141,-26,56,Normal
2026-02-14 19:14:11.338384,Seoul-9141,3,43,Normal
2026-02-14 19:14:12.338384,Seoul-9141,-16,100,Normal
2026-02-14 19:14:13.338384,Seoul-9141,2,92,Normal
2026-02-14 19:14:14.338384,Seoul-9141,28,74,Normal
2026-02-14 19:14:15.338384,Seoul-9141,0,22,Normal
2026-02-14 19:14:16.338384,Seoul-9141,-11,67,Normal
2026-02-14 19:14:17.338384,Seoul-9141,16,50,Normal
2026-02-14 19:14:18.338384,Seoul-9141,4,2,Normal
2026-02-14 19:14:19.338384,Seoul-9141,14,32,Normal
2026-02-14 19:14:20.338384,Seoul-9141,28,19,Normal
2026-02-14 19:14:21.338384,Seoul-9141,31,96,Normal
2026-02-14 19:14:22.338384,Seoul-9141,29,25,Normal
2026-02-14 19:14:23.338384,Seoul-9141,0,84,Normal
2026-02-14 19:14:24.338384,Seoul-9141,28,35,Normal
2026-02-14 19:14:25.338384,Seoul-9141,26,99,Normal
2026-02-14 19:14:26.338384,Seoul-9141,32,14,Normal
2026-02-14 19:14:27.338384,Seoul-9141,-11,22,Normal
2026-02-14 19:14:28.338384,Seoul-9141,45,32,Normal
2026-02-14 19:14:29.338384,Seoul-9141,50,48,Normal
2026-02-14 19:14:30.338384,Seoul-9141,17,53,Normal
2026-02-14 19:14:31.338384,Seoul-9141,10,21,Normal
2026-02-14 19:14:32.338384,Seoul-9141,30,81,Normal
2026-02-14 19:14:33.338384,Seoul-9141,-5,76,Normal
2026-02-14 19:14:34.338384,Seoul-9141,-25,36,Normal
2026-02-14 19:14:35.338384,Seoul-9141,30,74,Normal
2026-02-14 19:14:36.338384,Seoul-9141,-13,73,Normal
2026-02-14 19:14:37.338384,Seoul-9141,-12,50,Normal
2026-02-14 19:14:38.338384,Seoul-9141,-24,6,Normal
2026-02-14 19:14:39.338384,Seoul-9141,21,86,Normal
2026-02-14 19:14:40.338384,Seoul-9141,-2,40,Normal
2026-02-14 19:14:41.338384,Seoul-9141,-24,27,Normal
2026-02-14 19:14:42.338384,Seoul-9141,28,19,Normal
2026-02-14 19:14:43.338384,Seoul-9141,-16,73,Normal
2026-02-14 19:14:44.338384,Seoul-9141,4,45,Normal
2026-02-14 19:14:45.338384,Seoul-9141,2,20,Normal
2026-02-14 19:14:46.338384,Seoul-9141,43,11,Normal
2026-02-14 19:14:47.338384,Seoul-9141,-13,54,Normal
2026-02-14 19:14:48.338384,Seoul-9141,9,31,Normal
2026-02-14 19:14:49.338384,Seoul-9141,22,47,Normal
2026-02-14 19:14:50.338384,Seoul-9141,47,98,Normal
2026-02-14 19:14:51.338384,Seoul-9141,31,41,Normal
2026-02-14 19:14:52.338384,Seoul-9141,22,4,Normal
2026-02-14 19:14:53.338384,Seoul-9141,26,78,Normal
2026-02-14 19:14:54.338384,Seoul-9141,41,75,Normal
2026-02-14 19:14:55.338384,Seoul-9141,12,30,Normal
2026-02-14 19:14:56.338384,Seoul-9141,-28,25,Normal
2026-02-14 19:14:57.338384,Seoul-9141,-24,10,Normal
2026-02-14 19:14:58.338384,Seoul-9141,49,8,Normal
2026-02-14 19:14:59.338384,Seoul-9141,-21,2,Normal
2026-02-14 19:15:00.338384,Seoul-9141,-29,13,Normal
2026-02-14 19:15:01.338384,Seoul-9141,-13,9,Normal
2026-02-14 19:15:02.338384,Seoul-9141,47,89,Normal
2026-02-14 19:15:03.338384,Seoul-9141,24,38,Normal
2026-02-14 19:15:04.338384,Seoul-9141,-20,34,Normal
2026-02-14 19:15:05.338384,Seoul-9141,21,52,Normal
2026-02-14 19:15:06.338384,Seoul-9141,2,59,Normal
2026-02-14 19:15:07.338384,Seoul-9141,-24,66,Normal
2026-02-14 19:15:08.338384,Seoul-9141,-21,79,Normal
2026-02-14 19:15:09.338384,Seoul-9141,4,71,Normal
2026-02-14 19:15:10.338384,Seoul-9141,33,94,Normal
2026-02-14 19:15:11.338384,Seoul-9141,44,55,Normal
2026-02-14 19:15:12.338384,Seoul-9141,-7,63,Normal
2026-02-14 19:15:13.338384,Seoul-9141,36,46,Normal
2026-02-14 19:15:14.338384,Seoul-9141,-14,14,Normal
2026-02-14 19:15:15.338384,Seoul-9141,-10,95,Normal
2026-02-14 19:15:16.338384,Seoul-9141,3,49,Normal
2026-02-14 19:15:17.338384,Seoul-9141,-16,36,Normal
2026-02-14 19:15:18.338384,Seoul-9141,3,56,Normal
2026-02-14 19:15:19.338384,Seoul-9141,42,3,Normal
2026-02-14 19:15:20.338384,Seoul-9141,42,91,Normal
2026-02-14 19:15:21.338384,Seoul-9141,31,90,Normal
2026-02-14 19:15:22.338384,Seoul-9141,-7,19,Normal
2026-02-14 19:15:23.338384,Seoul-9141,-8,11,Normal
2026-02-14 19:15:24.338384,Seoul-9141,26,88,Normal
2026-02-14 19:15:25.338384,Seoul-9141,42,11,Normal
2026-02-14 19:15:26.338384,Seoul-9141,32,61,Normal
2026-02-14 19:15:27.338384,Seoul-9141,13,15,Normal
2026-02-14 19:15:28.338384,Seoul-9141,-10,11,Normal
2026-02-14 19:15:29.338384,Seoul-9141,25,29,Normal
2026-02-14 19:15:30.338384,Seoul-9141,20,71,Normal
2026-02-14 19:15:31.338384,Seoul-9141,-26,99,Normal
2026-02-14 19:15:32.338384,Seoul-9141,-3,80,Normal
2026-02-14 19:15:33.338384,Seoul-9141,-22,90,Normal
2026-02-14 19:15:34.338384,Seoul-9141,46,31,Normal
2026-02-14 19:15:35.338384,Seoul-9141,11,5,Normal
2026-02-14 19:15:36.338384,Seoul-9141,31,31,Normal
2026-02-14 19:15:37.338384,Seoul-9141,30,41,Normal
2026-02-14 19:15:38.338384,Seoul-9141,19,35,Normal
2026-02-14 19:15:39.338384,Seoul-9141,40,6,Normal
2026-02-14 19:15:40.338384,Seoul-9141,30,15,Normal
2026-02-14 19:15:41.338384,Seoul-9141,-9,87,Normal
2026-02-14 19:15:42.338384,Seoul-9141,-21,53,Normal
2026-02-14 19:15:43.338384,Seoul-9141,42,77,Normal
2026-02-14 19:15:44.338384,Seoul-9141,-27,69,Normal
2026-02-14 19:15:45.338384,Seoul-9141,-27,25,Normal
2026-02-14 19:15:46.338384,Seoul-9141,7,74,Normal
2026-02-14 19:15:47.338384,Seoul-9141,17,76,Normal
2026-02-14 19:15:48.338384,Seoul-9141,46,45,Normal
2026-02-14 19:15:49.338384,Seoul-9141,-6,56,Normal
2026-02-14 19:15:50.338384,Seoul-9141,46,51,Normal
2026-02-14 19:15:51.338384,Seoul-9141,-25,48,Normal
2026-02-14 19:15:52.338384,Seoul-9141,43,77,Normal
2026-02-14 19:15:53.338384,Seoul-9141,28,4,Normal
2026-02-14 19:15:54.338384,Seoul-9141,9,58,Normal
2026-02-14 19:15:55.338384,Seoul-9141,37,61,Normal
2026-02-14 19:15:56.338384,Seoul-9141,15,55,Normal
2026-02-14 19:15:57.338384,Seoul-9141,49,43,Normal
2026-02-14 19:15:58.338384,Seoul-9141,-20,54,Normal
2026-02-14 19:15:59.338384,Seoul-9141,-1,90,Normal
2026-02-14 19:16:00.338384,Seoul-9141,12,35,Normal
2026-02-14 19:16:01.338384,Seoul-9141,-15,89,Normal
2026-02-14 19:16:02.338384,Seoul-9141,-27,42,Normal
2026-02-14 19:16:03.338384,Seoul-9141,25,4,Normal
2026-02-14 19:16:04.338384,Seoul-9141,-18,94,Normal
2026-02-14 19:16:05.338384,Seoul-9141,-25,76,Normal
2026-02-14 19:16:06.338384,Seoul-9141,17,40,Normal
2026-02-14 19:16:07.338384,Seoul-9141,38,32,Normal
2026-02-14 19:16:08.338384,Seoul-9141,42,49,Normal
2026-02-14 19:16:09.338384,Seoul-9141,-6,8,Normal
2026-02-14 19:16:10.338384,Seoul-9141,14,49,Normal
2026-02-14 19:16:11.338384,Seoul-9141,40,96,Normal
2026-02-14 19:16:12.338384,Seoul-9141,42,42,Normal
2026-02-14 19:16:13.338384,Seoul-9141,-22,23,Normal
2026-02-14 19:16:14.338384,Seoul-9141,41,32,Normal
2026-02-14 19:16:15.338384,Seoul-9141,-29,90,Normal
2026-02-14 19:16:16.338384,Seoul-9141,33,6,Normal
2026-02-14 19:16:17.338384,Seoul-9141,37,31,Normal
2026-02-14 19:16:18.338384,Seoul-9141,15,44,Normal
2026-02-14 19:16:19.338384,Seoul-9141,50,16,Normal
2026-02-14 19:16:20.338384,Seoul-9141,-5,68,Normal
2026-02-14 19:16:21.338384,Seoul-9141,-28,6,Normal
2026-02-14 19:16:22.338384,Seoul-9141,15,28,Normal
2026-02-14 19:16:23.338384,Seoul-9141,41,20,Normal
2026-02-14 19:16:24.338384,Seoul-9141,11,68,Normal
2026-02-14 19:16:25.338384,Seoul-9141,-12,4,Normal
2026-02-14 19:16:26.338384,Seoul-9141,-15,3,Normal
2026-02-14 19:16:27.338384,Seoul-9141,4,85,Normal
2026-02-14 19:16:28.338384,Seoul-9141,-10,93,Normal
2026-02-14 19:16:29.338384,Seoul-9141,8,46,Normal
2026-02-14 19:16:30.338384,Seoul-9141,39,53,Normal
2026-02-14 19:16:31.338384,Seoul-9141,-1,81,Normal
2026-02-14 19:16:32.338384,Seoul-9141,18,24,Normal
2026-02-14 19:16:33.338384,Seoul-9141,-30,35,Normal
2026-02-14 19:16:34.338384,Seoul-9141,-10,90,Normal
2026-02-14 19:16:35.338384,Seoul-9141,0,72,Normal
2026-02-14 19:16:36.338384,Seoul-9141,4,83,Normal
2026-02-14 19:16:37.338384,Seoul-9141,-25,84,Normal
2026-02-14 19:16:38.338384,Seoul-9141,-1,56,Normal
2026-02-14 19:16:39.338384,Seoul-9141,-27,87,Normal
2026-02-14 19:16:40.338384,Seoul-9141,17,88,Normal
2026-02-14 19:16:41.338384,Seoul-9141,-29,41,Normal
2026-02-14 19:16:42.338384,Seoul-9141,43,7,Normal
2026-02-14 19:16:43.338384,Seoul-9141,29,99,Normal
2026-02-14 19:16:44.338384,Seoul-9141,48,38,Normal
2026-02-14 19:16:45.338384,Seoul-9141,16,13,Normal
2026-02-14 19:16:46.338384,Seoul-9141,-2,48,Normal
2026-02-14 19:16:47.338384,Seoul-9141,-25,29,Normal
2026-02-14 19:16:48.338384,Seoul-9141,28,2,Normal
2026-02-14 19:16:49.338384,Seoul-9141,-14,74,Normal
2026-02-14 19:16:50.338384,Seoul-9141,12,45,Normal
2026-02-14 19:16:51.338384,Seoul-9141,32,99,Normal
2026-02-14 19:16:52.338384,Seoul-9141,-23,98,Normal
2026-02-14 19:16:53.338384,Seoul-9141,27,100,Normal
2026-02-14 19:16:54.338384,Seoul-9141,5,29,Normal
2026-02-14 19:16:55.338384,Seoul-9141,33,38,Normal
2026-02-14 19:16:56.338384,Seoul-9141,18,15,Normal
2026-02-14 19:16:57.338384,Seoul-9141,25,77,Normal
2026-02-14 19:16:58.338384,Seoul-9141,17,56,Normal
2026-02-14 19:16:59.338384,Seoul-9141,-8,54,Normal
2026-02-14 19:17:00.338384,Seoul-9141,49,72,Normal
2026-02-14 19:17:01.338384,Seoul-9141,46,14,Normal
2026-02-14 19:17:02.338384,Seoul-9141,11,1,Normal
2026-02-14 19:17:03.338384,Seoul-9141,0,0,Normal
2026-02-14 19:17:04.338384,Seoul-9141,15,44,Normal
2026-02-14 19:17:05.338384,Seoul-9141,41,88,Normal
2026-02-14 19:17:06.338384,Seoul-9141,23,22,Normal
2026-02-14 19:17:07.338384,Seoul-9141,13,93,Normal
2026-02-14 19:17:08.338384,Seoul-9141,22,93,Normal
2026-02-14 19:17:09.338384,Seoul-9141,-4,46,Normal
2026-02-14 19:17:10.338384,Seoul-9141,50,61,Normal
2026-02-14 19:17:11.338384,Seoul-9141,-2,63,Normal
2026-02-14 19:17:12.338384,Seoul-9141,3,21,Normal
2026-02-14 19:17:13.338384,Seoul-9141,48,69,Normal
2026-02-14 19:17:14.338384,Seoul-9141,-5,10,Normal
2026-02-14 19:17:15.338384,Seoul-9141,46,41,Normal
2026-02-14 19:17:16.338384,Seoul-9141,37,87,Normal
2026-02-14 19:17:17.338384,Seoul-9141,29,8,Normal
2026-02-14 19:17:18.338384,Seoul-9141,7,25,Normal
2026-02-14 19:17:19.338384,Seoul-9141,48,48,Normal
2026-02-14 19:17:20.338384,Seoul-9141,-4,15,Normal
2026-02-14 19:17:21.338384,Seoul-9141,37,89,Normal
2026-02-14 19:17:22.338384,Seoul-9141,5,12,Normal
2026-02-14 19:17:23.338384,Seoul-9141,28,99,Normal
2026-02-14 19:17:24.338384,Seoul-9141,-15,9,Normal
2026-02-14 19:17:25.338384,Seoul-9141,-7,23,Normal
2026-02-14 19:17:26.338384,Seoul-9141,34,12,Normal
2026-02-14 19:17:27.338384,Seoul-9141,30,94,Normal
2026-02-14 19:17:28.338384,Seoul-9141,42,26,Normal
2026-02-14 19:17:29.338384,Seoul-9141,46,29,Normal
2026-02-14 19:17:30.338384,Seoul-9141,0,87,Normal
2026-02-14 19:17:31.338384,Seoul-9141,-10,73,Normal
2026-02-14 19:17:32.338384,Seoul-9141,28,97,Normal
2026-02-14 19:17:33.338384,Seoul-9141,40,21,Normal
2026-02-14 19:17:34.338384,Seoul-9141,-4,32,Normal
2026-02-14 19:17:35.338384,Seoul-9141,-18,45,Normal
2026-02-14 19:17:36.338384,Seoul-9141,36,22,Normal
2026-02-14 19:17:37.338384,Seoul-9141,1,62,Normal
2026-02-14 19:17:38.338384,Seoul-9141,12,44,Normal
2026-02-14 19:17:39.338384,Seoul-9141,42,95,Normal
2026-02-14 19:17:40.338384,Seoul-9141,8,45,Normal
2026-02-14 19:17:41.338384,Seoul-9141,47,40,Normal
2026-02-14 19:17:42.338384,Seoul-9141,42,74,Normal
2026-02-14 19:17:43.338384,Seoul-9141,-12,52,Normal
2026-02-14 19:17:44.338384,Seoul-9141,30,34,Normal
2026-02-14 19:17:45.338384,Seoul-9141,22,32,Normal
2026-02-14 19:17:46.338384,Seoul-9141,24,36,Normal
2026-02-14 19:17:47.338384,Seoul-9141,21,16,Normal
2026-02-14 19:17:48.338384,Seoul-9141,3,95,Normal
2026-02-14 19:17:49.338384,Seoul-9141,-1,19,Normal
2026-02-14 19:17:50.338384,Seoul-9141,2,78,Normal
2026-02-14 19:17:51.338384,Seoul-9141,0,64,Normal
2026-02-14 19:17:52.338384,Seoul-9141,19,15,Normal
2026-02-14 19:17:53.338384,Seoul-9141,-30,63,Normal
2026-02-14 19:17:54.338384,Seoul-9141,34,43,Normal
2026-02-14 19:17:55.338384,Seoul-9141,24,43,Normal
2026-02-14 19:17:56.338384,Seoul-9141,-9,29,Normal
2026-02-14 19:17:57.338384,Seoul-9141,39,93,Normal
2026-02-14 19:17:58.338384,Seoul-9141,-29,77,Normal
2026-02-14 19:17:59.338384,Seoul-9141,19,90,Normal
2026-02-14 19:18:00.338384,Seoul-9141,-18,11,Normal
2026-02-14 19:18:01.338384,Seoul-9141,-12,15,Normal
2026-02-14 19:18:02.338384,Seoul-9141,21,95,Normal
2026-02-14 19:18:03.338384,Seoul-9141,5,52,Normal
2026-02-14 19:18:04.338384,Seoul-9141,29,71,Normal
2026-02-14 19:18:05.338384,Seoul-9141,18,17,Normal
2026-02-14 19:18:06.338384,Seoul-9141,0,29,Normal
2026-02-14 19:18:07.338384,Seoul-9141,-13,55,Normal
2026-02-14 19:18:08.338384,Seoul-9141,3,88,Normal
2026-02-14 19:18:09.338384,Seoul-9141,10,10,Normal
2026-02-14 19:18:10.338384,Seoul-9141,-3,80,Normal
2026-02-14 19:18:11.338384,Seoul-9141,10,50,Normal
2026-02-14 19:18:12.338384,Seoul-9141,-20,66,Normal
2026-02-14 19:18:13.338384,Seoul-9141,12,34,Normal
2026-02-14 19:18:14.338384,Seoul-9141,12,45,Normal
2026-02-14 19:18:15.338384,Seoul-9141,7,53,Normal
2026-02-14 19:18:16.338384,Seoul-9141,44,55,Normal
2026-02-14 19:18:17.338384,Seoul-9141,-25,55,Normal
2026-02-14 19:18:18.338384,Seoul-9141,-29,55,Normal
2026-02-14 19:18:19.338384,Seoul-9141,13,83,Normal
2026-02-14 19:18:20.338384,Seoul-9141,3,9,Normal
2026-02-14 19:18:21.338384,Seoul-9141,37,16,Normal
2026-02-14 19:18:22.338384,Seoul-9141,49,3,Normal
2026-02-14 19:18:23.338384,Seoul-9141,11,2,Normal
2026-02-14 19:18:24.338384,Seoul-9141,0,56,Normal
2026-02-14 19:18:25.338384,Seoul-9141,28,37,Normal
2026-02-14 19:18:26.338384,Seoul-9141,36,59,Normal
2026-02-14 19:18:27.338384,Seoul-9141,-15,16,Normal
2026-02-14 19:18:28.338384,Seoul-9141,-27,98,Normal
2026-02-14 19:18:29.338384,Seoul-9141,0,23,Normal
2026-02-14 19:18:30.338384,Seoul-9141,-21,37,Normal
2026-02-14 19:18:31.338384,Seoul-9141,11,85,Normal
2026-02-14 19:18:32.338384,Seoul-9141,-3,81,Normal
2026-02-14 19:18:33.338384,Seoul-9141,48,70,Normal
2026-02-14 19:18:34.338384,Seoul-9141,-28,66,Normal
2026-02-14 19:18:35.338384,Seoul-9141,-13,50,Normal
2026-02-14 19:18:36.338384,Seoul-9141,16,36,Normal
2026-02-14 19:18:37.338384,Seoul-9141,7,73,Normal
2026-02-14 19:18:38.338384,Seoul-9141,11,14,Normal
2026-02-14 19:18:39.338384,Seoul-9141,18,60,Normal
2026-02-14 19:18:40.338384,Seoul-9141,9,95,Normal
2026-02-14 19:18:41.338384,Seoul-9141,-27,28,Normal
2026-02-14 19:18:42.338384,Seoul-9141,-5,95,Normal
2026-02-14 19:18:43.338384,Seoul-9141,-5,88,Normal
2026-02-14 19:18:44.338384,Seoul-9141,33,12,Normal
2026-02-14 19:18:45.338384,Seoul-9141,10,26,Normal
2026-02-14 19:18:46.338384,Seoul-9141,14,96,Normal
2026-02-14 19:18:47.338384,Seoul-9141,31,19,Normal
2026-02-14 19:18:48.338384,Seoul-9141,50,0,Normal
2026-02-14 19:18:49.338384,Seoul-9141,29,79,Normal
2026-02-14 19:18:50.338384,Seoul-9141,-16,22,Normal
2026-02-14 19:18:51.338384,Seoul-9141,28,38,Normal
2026-02-14 19:18:52.338384,Seoul-9141,18,49,Normal
2026-02-14 19:18:53.338384,Seoul-9141,23,13,Normal
2026-02-14 19:18:54.338384,Seoul-9141,22,85,Normal
2026-02-14 19:18:55.338384,Seoul-9141,11,1,Normal
2026-02-14 19:18:56.338384,Seoul-9141,8,83,Normal
2026-02-14 19:18:57.338384,Seoul-9141,43,83,Normal
2026-02-14 19:18:58.338384,Seoul-9141,25,60,Normal
2026-02-14 19:18:59.338384,Seoul-9141,25,26,Normal
2026-02-14 19:19:00.338384,Seoul-9141,47,33,Normal
2026-02-14 19:19:01.338384,Seoul-9141,26,1,Normal
2026-02-14 19:19:02.338384,Seoul-9141,-18,87,Normal
2026-02-14 19:19:03.338384,Seoul-9141,43,31,Normal
2026-02-14 19:19:04.338384,Seoul-9141,-7,22,Normal
2026-02-14 19:19:05.338384,Seoul-9141,33,89,Normal
2026-02-14 19:19:06.338384,Seoul-9141,-25,81,Normal
2026-02-14 19:19:07.338384,Seoul-9141,5,81,Normal
2026-02-14 19:19:08.338384,Seoul-9141,-27,58,Normal
2026-02-14 19:19:09.338384,Seoul-9141,-14,26,Normal
2026-02-14 19:19:10.338384,Seoul-9141,39,62,Normal
2026-02-14 19:19:11.338384,Seoul-9141,-28,48,Normal
2026-02-14 19:19:12.338384,Seoul-9141,-25,14,Normal
2026-02-14 19:19:13.338384,Seoul-9141,19,11,Normal
2026-02-14 19:19:14.338384,Seoul-9141,44,69,Normal
2026-02-14 19:19:15.338384,Seoul-9141,9,1,Normal
2026-02-14 19:19:16.338384,Seoul-9141,12,28,Normal
2026-02-14 19:19:17.338384,Seoul-9141,29,13,Normal
2026-02-14 19:19:18.338384,Seoul-9141,19,7,Normal
2026-02-14 19:19:19.338384,Seoul-9141,38,5,Normal
2026-02-14 19:19:20.338384,Seoul-9141,8,25,Normal
2026-02-14 19:19:21.338384,Seoul-9141,27,34,Normal
2026-02-14 19:19:22.338384,Seoul-9141,-2,19,Normal
2026-02-14 19:19:23.338384,Seoul-9141,39,86,Normal
2026-02-14 19:19:24.338384,Seoul-9141,31,42,Normal
2026-02-14 19:19:25.338384,Seoul-9141,35,16,Normal
2026-02-14 19:19:26.338384,Seoul-9141,16,29,Normal
2026-02-14 19:19:27.338384,Seoul-9141,23,27,Normal
2026-02-14 19:19:28.338384,Seoul-9141,34,70,Normal
2026-02-14 19:19:29.338384,Seoul-9141,6,99,Normal
2026-02-14 19:19:30.338384,Seoul-9141,23,83,Normal
2026-02-14 19:19:31.338384,Seoul-9141,-8,71,Normal
2026-02-14 19:19:32.338384,Seoul-9141,47,73,Normal
2026-02-14 19:19:33.338384,Seoul-9141,-5,19,Normal
2026-02-14 19:19:34.338384,Seoul-9141,2,79,Normal
2026-02-14 19:19:35.338384,Seoul-9141,30,8,Normal
2026-02-14 19:19:36.338384,Seoul-9141,24,16,Normal
2026-02-14 19:19:37.338384,Seoul-9141,6,29,Normal
2026-02-14 19:19:38.338384,Seoul-9141,18,50,Normal
2026-02-14 19:19:39.338384,Seoul-9141,11,51,Normal
2026-02-14 19:19:40.338384,Seoul-9141,-30,10,Normal
2026-02-14 19:19:41.338384,Seoul-9141,48,3,Normal
2026-02-14 19:19:42.338384,Seoul-9141,-18,47,Normal
2026-02-14 19:19:43.338384,Seoul-9141,30,47,Normal
2026-02-14 19:19:44.338384,Seoul-9141,24,52,Normal
2026-02-14 19:19:45.338384,Seoul-9141,28,45,Normal
2026-02-14 19:19:46.338384,Seoul-9141,49,65,Normal
2026-02-14 19:19:47.338384,Seoul-9141,6,50,Normal
2026-02-14 19:19:48.338384,Seoul-9141,4,22,Normal
2026-02-14 19:19:49.338384,Seoul-9141,-23,93,Normal
2026-02-14 19:19:50.338384,Seoul-9141,24,82,Normal
2026-02-14 19:19:51.338384,Seoul-9141,-17,66,Normal
2026-02-14 19:19:52.338384,Seoul-9141,41,81,Normal
2026-02-14 19:19:53.338384,Seoul-9141,14,73,Normal
2026-02-14 19:19:54.338384,Seoul-9141,-11,87,Normal
2026-02-14 19:19:55.338384,Seoul-9141,17,28,Normal
2026-02-14 19:19:56.338384,Seoul-9141,14,6,Normal
2026-02-14 19:19:57.338384,Seoul-9141,-20,84,Normal
2026-02-14 19:19:58.338384,Seoul-9141,-15,71,Normal
2026-02-14 19:19:59.338384,Seoul-9141,-25,35,Normal
2026-02-14 19:20:00.338384,Seoul-9141,-24,99,Normal
2026-02-14 19:20:01.338384,Seoul-9141,44,94,Normal
2026-02-14 19:20:02.338384,Seoul-9141,-12,94,Normal
2026-02-14 19:20:03.338384,Seoul-9141,2,79,Normal
2026-02-14 19:20:04.338384,Seoul-9141,2,24,Normal
2026-02-14 19:20:05.338384,Seoul-9141,15,9,Normal
2026-02-14 19:20:06.338384,Seoul-9141,17,29,Normal
2026-02-14 19:20:07.338384,Seoul-9141,-27,19,Normal
2026-02-14 19:20:08.338384,Seoul-9141,8,6,Normal
2026-02-14 19:20:09.338384,Seoul-9141,-22,97,Normal
2026-02-14 19:20:10.338384,Seoul-9141,-15,29,Normal
2026-02-14 19:20:11.338384,Seoul-9141,22,83,Normal
2026-02-14 19:20:12.338384,Seoul-9141,27,3,Normal
2026-02-14 19:20:13.338384,Seoul-9141,46,93,Normal
2026-02-14 19:20:14.338384,Seoul-9141,44,45,Normal
2026-02-14 19:20:15.338384,Seoul-9141,-13,64,Normal
2026-02-14 19:20:16.338384,Seoul-9141,23,52,Normal
2026-02-14 19:20:17.338384,Seoul-9141,-27,52,Normal
2026-02-14 19:20:18.338384,Seoul-9141,-25,84,Normal
2026-02-14 19:20:19.338384,Seoul-9141,45,9,Normal
2026-02-14 19:20:20.338384,Seoul-9141,42,86,Normal
2026-02-14 19:20:21.338384,Seoul-9141,-14,53,Normal
2026-02-14 19:20:22.338384,Seoul-9141,-19,14,Normal
2026-02-14 19:20:23.338384,Seoul-9141,10,27,Normal
2026-02-14 19:20:24.338384,Seoul-9141,-14,99,Normal
2026-02-14 19:20:25.338384,Seoul-9141,36,80,Normal
2026-02-14 19:20:26.338384,Seoul-9141,-3,23,Normal
2026-02-14 19:20:27.338384,Seoul-9141,15,18,Normal
2026-02-14 19:20:28.338384,Seoul-9141,18,27,Normal
2026-02-14 19:20:29.338384,Seoul-9141,-20,49,Normal
2026-02-14 19:20:30.338384,Seoul-9141,-11,98,Normal
2026-02-14 19:20:31.338384,Seoul-9141,7,72,Normal
2026-02-14 19:20:32.338384,Seoul-9141,39,79,Normal
2026-02-14 19:20:33.338384,Seoul-9141,-23,98,Normal
2026-02-14 19:20:34.338384,Seoul-9141,-26,76,Normal
2026-02-14 19:20:35.338384,Seoul-9141,32,56,Normal
2026-02-14 19:20:36.338384,Seoul-9141,19,64,Normal
2026-02-14 19:20:37.338384,Seoul-9141,50,28,Normal
2026-02-14 19:20:38.338384,Seoul-9141,4,10,Normal
2026-02-14 19:20:39.338384,Seoul-9141,-27,67,Normal
2026-02-14 19:20:40.338384,Seoul-9141,6,94,Normal
2026-02-14 19:20:41.338384,Seoul-9141,-17,39,Normal
2026-02-14 19:20:42.338384,Seoul-9141,-28,41,Normal
2026-02-14 19:20:43.338384,Seoul-9141,28,99,Normal
2026-02-14 19:20:44.338384,Seoul-9141,-18,63,Normal
2026-02-14 19:20:45.338384,Seoul-9141,-19,10,Normal
2026-02-14 19:20:46.338384,Seoul-9141,33,66,Normal
2026-02-14 19:20:47.338384,Seoul-9141,9,74,Normal
2026-02-14 19:20:48.338384,Seoul-9141,21,59,Normal
2026-02-14 19:20:49.338384,Seoul-9141,39,91,Normal
2026-02-14 19:20:50.338384,Seoul-9141,-3,86,Normal
2026-02-14 19:20:51.338384,Seoul-9141,-13,48,Normal
2026-02-14 19:20:52.338384,Seoul-9141,39,51,Normal
2026-02-14 19:20:53.338384,Seoul-9141,9,5,Normal
2026-02-14 19:20:54.338384,Seoul-9141,25,75,Normal
2026-02-14 19:20:55.338384,Seoul-9141,15,7,Normal
2026-02-14 19:20:56.338384,Seoul-9141,47,11,Normal
2026-02-14 19:20:57.338384,Seoul-9141,19,0,Normal
2026-02-14 19:20:58.338384,Seoul-9141,23,58,Normal
2026-02-14 19:20:59.338384,Seoul-9141,-27,35,Normal
2026-02-14 19:21:00.338384,Seoul-9141,-16,66,Normal
2026-02-14 19:21:01.338384,Seoul-9141,48,30,Normal
2026-02-14 19:21:02.338384,Seoul-9141,39,35,Normal
2026-02-14 19:21:03.338384,Seoul-9141,18,90,Normal
2026-02-14 19:21:04.338384,Seoul-9141,35,91,Normal
2026-02-14 19:21:05.338384,Seoul-9141,4,43,Normal
2026-02-14 19:21:06.338384,Seoul-9141,15,25,Normal
2026-02-14 19:21:07.338384,Seoul-9141,9,48,Normal
2026-02-14 19:21:08.338384,Seoul-9141,40,40,Normal
2026-02-14 19:21:09.338384,Seoul-9141,18,22,Normal
2026-02-14 19:21:10.338384,Seoul-9141,-24,35,Normal
2026-02-14 19:21:11.338384,Seoul-9141,-10,26,Normal
2026-02-14 19:21:12.338384,Seoul-9141,29,11,Normal
2026-02-14 19:21:13.338384,Seoul-9141,-26,85,Normal
2026-02-14 19:21:14.338384,Seoul-9141,20,10,Normal
2026-02-14 19:21:15.338384,Seoul-9141,-20,70,Normal
2026-02-14 19:21:16.338384,Seoul-9141,14,3,Normal
2026-02-14 19:21:17.338384,Seoul-9141,11,53,Normal
2026-02-14 19:21:18.338384,Seoul-9141,30,85,Normal
2026-02-14 19:21:19.338384,Seoul-9141,47,12,Normal
2026-02-14 19:21:20.338384,Seoul-9141,-11,64,Normal
2026-02-14 19:21:21.338384,Seoul-9141,-30,71,Normal
2026-02-14 19:21:22.338384,Seoul-9141,35,54,Normal
2026-02-14 19:21:23.338384,Seoul-9141,24,30,Normal
2026-02-14 19:21:24.338384,Seoul-9141,-17,71,Normal
2026-02-14 19:21:25.338384,Seoul-9141,30,0,Normal
2026-02-14 19:21:26.338384,Seoul-9141,36,92,Normal
2026-02-14 19:21:27.338384,Seoul-9141,-14,84,Normal
2026-02-14 19:21:28.338384,Seoul-9141,-3,66,Normal
2026-02-14 19:21:29.338384,Seoul-9141,-10,11,Normal
2026-02-14 19:21:30.338384,Seoul-9141,8,97,Normal
2026-02-14 19:21:31.338384,Seoul-9141,31,76,Normal
2026-02-14 19:21:32.338384,Seoul-9141,-4,49,Normal
2026-02-14 19:21:33.338384,Seoul-9141,30,87,Normal
2026-02-14 19:21:34.338384,Seoul-9141,10,48,Normal
2026-02-14 19:21:35.338384,Seoul-9141,19,24,Normal
2026-02-14 19:21:36.338384,Seoul-9141,1,48,Normal
2026-02-14 19:21:37.338384,Seoul-9141,-28,71,Normal
2026-02-14 19:21:38.338384,Seoul-9141,15,5,Normal
2026-02-14 19:21:39.338384,Seoul-9141,17,88,Normal
2026-02-14 19:21:40.338384,Seoul-9141,-1,1,Normal
2026-02-14 19:21:41.338384,Seoul-9141,-30,39,Normal
2026-02-14 19:21:42.338384,Seoul-9141,42,60,Normal
2026-02-14 19:21:43.338384,Seoul-9141,-13,33,Normal
2026-02-14 19:21:44.338384,Seoul-9141,41,19,Normal
2026-02-14 19:21:45.338384,Seoul-9141,-5,30,Normal
2026-02-14 19:21:46.338384,Seoul-9141,-26,52,Normal
2026-02-14 19:21:47.338384,Seoul-9141,31,16,Normal
2026-02-14 19:21:48.338384,Seoul-9141,-28,2,Normal
2026-02-14 19:21:49.338384,Seoul-9141,-7,91,Normal
2026-02-14 19:21:50.338384,Seoul-9141,-15,55,Normal
2026-02-14 19:21:51.338384,Seoul-9141,-14,72,Normal
2026-02-14 19:21:52.338384,Seoul-9141,37,61,Normal
2026-02-14 19:21:53.338384,Seoul-9141,5,10,Normal
2026-02-14 19:21:54.338384,Seoul-9141,22,85,Normal
2026-02-14 19:21:55.338384,Seoul-9141,1,24,Normal
2026-02-14 19:21:56.338384,Seoul-9141,-14,22,Normal
2026-02-14 19:21:57.338384,Seoul-9141,-26,92,Normal
2026-02-14 19:21:58.338384,Seoul-9141,37,32,Normal
2026-02-14 19:21:59.338384,Seoul-9141,-28,99,Normal
2026-02-14 19:22:00.338384,Seoul-9141,6,49,Normal
2026-02-14 19:22:01.338384,Seoul-9141,45,30,Normal
2026-02-14 19:22:02.338384,Seoul-9141,33,80,Normal
2026-02-14 19:22:03.338384,Seoul-9141,-20,58,Normal
2026-02-14 19:22:04.338384,Seoul-9141,6,4,Normal
2026-02-14 19:22:05.338384,Seoul-9141,-6,17,Normal
2026-02-14 19:22:06.338384,Seoul-9141,25,95,Normal
2026-02-14 19:22:07.338384,Seoul-9141,-4,100,Normal
2026-02-14 19:22:08.338384,Seoul-9141,43,45,Normal
2026-02-14 19:22:09.338384,Seoul-9141,50,60,Normal
2026-02-14 19:22:10.338384,Seoul-9141,44,53,Normal
2026-02-14 19:22:11.338384,Seoul-9141,39,35,Normal
2026-02-14 19:22:12.338384,Seoul-9141,-23,48,Normal
2026-02-14 19:22:13.338384,Seoul-9141,-18,99,Normal
2026-02-14 19:22:14.338384,Seoul-9141,-23,3,Normal
2026-02-14 19:22:15.338384,Seoul-9141,47,87,Normal
2026-02-14 19:22:16.338384,Seoul-9141,5,80,Normal
2026-02-14 19:22:17.338384,Seoul-9141,19,82,Normal
2026-02-14 19:22:18.338384,Seoul-9141,18,90,Normal
2026-02-14 19:22:19.338384,Seoul-9141,14,63,Normal
2026-02-14 19:22:20.338384,Seoul-9141,29,48,Normal
2026-02-14 19:22:21.338384,Seoul-9141,-7,21,Normal
2026-02-14 19:22:22.338384,Seoul-9141,38,14,Normal
2026-02-14 19:22:23.338384,Seoul-9141,-13,28,Normal
2026-02-14 19:22:24.338384,Seoul-9141,36,96,Normal
2026-02-14 19:22:25.338384,Seoul-9141,1,28,Normal
2026-02-14 19:22:26.338384,Seoul-9141,44,76,Normal
2026-02-14 19:22:27.338384,Seoul-9141,22,27,Normal
2026-02-14 19:22:28.338384,Seoul-9141,34,79,Normal
2026-02-14 19:22:29.338384,Seoul-9141,31,35,Normal
2026-02-14 19:22:30.338384,Seoul-9141,0,45,Normal
2026-02-14 19:22:31.338384,Seoul-9141,-27,15,Normal
2026-02-14 19:22:32.338384,Seoul-9141,14,57,Normal
2026-02-14 19:22:33.338384,Seoul-9141,8,99,Normal
2026-02-14 19:22:34.338384,Seoul-9141,34,1,Normal
2026-02-14 19:22:35.338384,Seoul-9141,-6,24,Normal
2026-02-14 19:22:36.338384,Seoul-9141,19,74,Normal
2026-02-14 19:22:37.338384,Seoul-9141,13,3,Normal
2026-02-14 19:22:38.338384,Seoul-9141,-22,87,Normal
2026-02-14 19:22:39.338384,Seoul-9141,-30,10,Normal
2026-02-14 19:22:40.338384,Seoul-9141,0,27,Normal
2026-02-14 19:22:41.338384,Seoul-9141,13,89,Normal
2026-02-14 19:22:42.338384,Seoul-9141,19,70,Normal
2026-02-14 19:22:43.338384,Seoul-9141,-12,14,Normal
2026-02-14 19:22:44.338384,Seoul-9141,-27,87,Normal
2026-02-14 19:22:45.338384,Seoul-9141,14,84,Normal
2026-02-14 19:22:46.338384,Seoul-9141,-30,35,Normal
2026-02-14 19:22:47.338384,Seoul-9141,40,7,Normal
2026-02-14 19:22:48.338384,Seoul-9141,-14,37,Normal
2026-02-14 19:22:49.338384,Seoul-9141,-12,56,Normal
2026-02-14 19:22:50.338384,Seoul-9141,0,65,Normal
2026-02-14 19:22:51.338384,Seoul-9141,21,26,Normal
2026-02-14 19:22:52.338384,Seoul-9141,16,26,Normal
2026-02-14 19:22:53.338384,Seoul-9141,18,0,Normal
2026-02-14 19:22:54.338384,Seoul-9141,10,60,Normal
2026-02-14 19:22:55.338384,Seoul-9141,26,72,Normal
2026-02-14 19:22:56.338384,Seoul-9141,2,17,Normal
2026-02-14 19:22:57.338384,Seoul-9141,16,32,Normal
2026-02-14 19:22:58.338384,Seoul-9141,10,25,Normal
2026-02-14 19:22:59.338384,Seoul-9141,19,30,Normal
2026-02-14 19:23:00.338384,Seoul-9141,18,62,Normal
2026-02-14 19:23:01.338384,Seoul-9141,-9,74,Normal
2026-02-14 19:23:02.338384,Seoul-9141,27,51,Normal
2026-02-14 19:23:03.338384,Seoul-9141,45,100,Normal
2026-02-14 19:23:04.338384,Seoul-9141,10,33,Normal
2026-02-14 19:23:05.338384,Seoul-9141,34,38,Normal
2026-02-14 19:23:06.338384,Seoul-9141,13,90,Normal
2026-02-14 19:23:07.338384,Seoul-9141,9,34,Normal
2026-02-14 19:23:08.338384,Seoul-9141,27,21,Normal
2026-02-14 19:23:09.338384,Seoul-9141,3,0,Normal
2026-02-14 19:23:10.338384,Seoul-9141,33,23,Normal
2026-02-14 19:23:11.338384,Seoul-9141,-22,40,Normal
2026-02-14 19:23:12.338384,Seoul-9141,27,7,Normal
2026-02-14 19:23:13.338384,Seoul-9141,-6,75,Normal
2026-02-14 19:23:14.338384,Seoul-9141,46,82,Normal
2026-02-14 19:23:15.338384,Seoul-9141,-22,82,Normal
2026-02-14 19:23:16.338384,Seoul-9141,20,91,Normal
2026-02-14 19:23:17.338384,Seoul-9141,-4,52,Normal
2026-02-14 19:23:18.338384,Seoul-9141,0,85,Normal
2026-02-14 19:23:19.338384,Seoul-9141,25,86,Normal
2026-02-14 19:23:20.338384,Seoul-9141,39,47,Normal
2026-02-14 19:23:21.338384,Seoul-9141,-2,86,Normal
2026-02-14 19:23:22.338384,Seoul-9141,50,23,Normal
2026-02-14 19:23:23.338384,Seoul-9141,17,32,Normal
2026-02-14 19:23:24.338384,Seoul-9141,-16,56,Normal
2026-02-14 19:23:25.338384,Seoul-9141,-10,50,Normal
2026-02-14 19:23:26.338384,Seoul-9141,13,11,Normal
2026-02-14 19:23:27.338384,Seoul-9141,17,87,Normal
2026-02-14 19:23:28.338384,Seoul-9141,4,94,Normal
2026-02-14 19:23:29.338384,Seoul-9141,-17,43,Normal
2026-02-14 19:23:30.338384,Seoul-9141,32,70,Normal
2026-02-14 19:23:31.338384,Seoul-9141,24,95,Normal
2026-02-14 19:23:32.338384,Seoul-9141,2,71,Normal
2026-02-14 19:23:33.338384,Seoul-9141,-2,5,Normal
2026-02-14 19:23:34.338384,Seoul-9141,16,5,Normal
2026-02-14 19:23:35.338384,Seoul-9141,50,25,Normal
2026-02-14 19:23:36.338384,Seoul-9141,-20,96,Normal
2026-02-14 19:23:37.338384,Seoul-9141,50,55,Normal
2026-02-14 19:23:38.338384,Seoul-9141,-23,7,Normal
2026-02-14 19:23:39.338384,Seoul-9141,44,54,Normal
2026-02-14 19:23:40.338384,Seoul-9141,48,81,Normal
2026-02-14 19:23:41.338384,Seoul-9141,16,44,Normal
2026-02-14 19:23:42.338384,Seoul-9141,17,59,Normal
2026-02-14 19:23:43.338384,Seoul-9141,-14,3,Normal
2026-02-14 19:23:44.338384,Seoul-9141,23,96,Normal
2026-02-14 19:23:45.338384,Seoul-9141,2,70,Normal
2026-02-14 19:23:46.338384,Seoul-9141,7,14,Normal
2026-02-14 19:23:47.338384,Seoul-9141,6,96,Normal
2026-02-14 19:23:48.338384,Seoul-9141,-7,30,Normal
2026-02-14 19:23:49.338384,Seoul-9141,37,83,Normal
2026-02-14 19:23:50.338384,Seoul-9141,-19,44,Normal
2026-02-14 19:23:51.338384,Seoul-9141,-9,77,Normal
2026-02-14 19:23:52.338384,Seoul-9141,39,26,Normal
2026-02-14 19:23:53.338384,Seoul-9141,5,98,Normal
2026-02-14 19:23:54.338384,Seoul-9141,24,84,Normal
2026-02-14 19:23:55.338384,Seoul-9141,-30,39,Normal
2026-02-14 19:23:56.338384,Seoul-9141,-19,53,Normal
2026-02-14 19:23:57.338384,Seoul-9141,36,15,Normal
2026-02-14 19:23:58.338384,Seoul-9141,-12,98,Normal
2026-02-14 19:23:59.338384,Seoul-9141,16,47,Normal
2026-02-14 19:24:00.338384,Seoul-9141,-1,18,Normal
2026-02-14 19:24:01.338384,Seoul-9141,4,65,Normal
2026-02-14 19:24:02.338384,Seoul-9141,-19,28,Normal
2026-02-14 19:24:03.338384,Seoul-9141,13,30,Normal
2026-02-14 19:24:04.338384,Seoul-9141,-10,41,Normal
2026-02-14 19:24:05.338384,Seoul-9141,18,44,Normal
2026-02-14 19:24:06.338384,Seoul-9141,50,2,Normal
2026-02-14 19:24:07.338384,Seoul-9141,-20,45,Normal
2026-02-14 19:24:08.338384,Seoul-9141,22,19,Normal
2026-02-14 19:24:09.338384,Seoul-9141,23,40,Normal
2026-02-14 19:24:10.338384,Seoul-9141,49,69,Normal
2026-02-14 19:24:11.338384,Seoul-9141,43,18,Normal
2026-02-14 19:24:12.338384,Seoul-9141,36,2,Normal
2026-02-14 19:24:13.338384,Seoul-9141,43,68,Normal
2026-02-14 19:24:14.338384,Seoul-9141,-17,92,Normal
2026-02-14 19:24:15.338384,Seoul-9141,15,50,Normal
2026-02-14 19:24:16.338384,Seoul-9141,-21,0,Normal
2026-02-14 19:24:17.338384,Seoul-9141,-3,38,Normal
2026-02-14 19:24:18.338384,Seoul-9141,-9,35,Normal
2026-02-14 19:24:19.338384,Seoul-9141,-13,17,Normal
2026-02-14 19:24:20.338384,Seoul-9141,-28,31,Normal
2026-02-14 19:24:21.338384,Seoul-9141,40,14,Normal
2026-02-14 19:24:22.338384,Seoul-9141,35,47,Normal
2026-02-14 19:24:23.338384,Seoul-9141,39,39,Normal
2026-02-14 19:24:24.338384,Seoul-9141,-23,53,Normal
2026-02-14 19:24:25.338384,Seoul-9141,44,62,Normal
2026-02-14 19:24:26.338384,Seoul-9141,5,68,Normal
2026-02-14 19:24:27.338384,Seoul-9141,45,21,Normal
2026-02-14 19:24:28.338384,Seoul-9141,-18,95,Normal
2026-02-14 19:24:29.338384,Seoul-9141,9,64,Normal
2026-02-14 19:24:30.338384,Seoul-9141,-8,53,Normal
2026-02-14 19:24:31.338384,Seoul-9141,14,93,Normal
2026-02-14 19:24:32.338384,Seoul-9141,-18,54,Normal
2026-02-14 19:24:33.338384,Seoul-9141,7,37,Normal
2026-02-14 19:24:34.338384,Seoul-9141,-18,26,Normal
2026-02-14 19:24:35.338384,Seoul-9141,-4,75,Normal
2026-02-14 19:24:36.338384,Seoul-9141,13,95,Normal
2026-02-14 19:24:37.338384,Seoul-9141,35,16,Normal
2026-02-14 19:24:38.338384,Seoul-9141,41,29,Normal
2026-02-14 19:24:39.338384,Seoul-9141,26,10,Normal
2026-02-14 19:24:40.338384,Seoul-9141,27,10,Normal
2026-02-14 19:24:41.338384,Seoul-9141,-6,87,Normal
2026-02-14 19:24:42.338384,Seoul-9141,-29,65,Normal
2026-02-14 19:24:43.338384,Seoul-9141,3,27,Normal
2026-02-14 19:24:44.338384,Seoul-9141,-11,90,Normal
2026-02-14 19:24:45.338384,Seoul-9141,38,2,Normal
2026-02-14 19:24:46.338384,Seoul-9141,29,39,Normal
2026-02-14 19:24:47.338384,Seoul-9141,-2,41,Normal
2026-02-14 19:24:48.338384,Seoul-9141,16,88,Normal
2026-02-14 19:24:49.338384,Seoul-9141,46,77,Normal
2026-02-14 19:24:50.338384,Seoul-9141,5,12,Normal
2026-02-14 19:24:51.338384,Seoul-9141,13,63,Normal
2026-02-14 19:24:52.338384,Seoul-9141,42,73,Normal
2026-02-14 19:24:53.338384,Seoul-9141,2,19,Normal
2026-02-14 19:24:54.338384,Seoul-9141,0,86,Normal
2026-02-14 19:24:55.338384,Seoul-9141,0,65,Normal
2026-02-14 19:24:56.338384,Seoul-9141,-21,64,Normal
2026-02-14 19:24:57.338384,Seoul-9141,37,64,Normal
2026-02-14 19:24:58.338384,Seoul-9141,2,44,Normal
2026-02-14 19:24:59.338384,Seoul-9141,-8,97,Normal
2026-02-14 19:25:00.338384,Seoul-9141,43,7,Normal
2026-02-14 19:25:01.338384,Seoul-9141,-1,6,Normal
2026-02-14 19:25:02.338384,Seoul-9141,-14,26,Normal
2026-02-14 19:25:03.338384,Seoul-9141,4,36,Normal
2026-02-14 19:25:04.338384,Seoul-9141,10,92,Normal
2026-02-14 19:25:05.338384,Seoul-9141,-12,44,Normal
2026-02-14 19:25:06.338384,Seoul-9141,37,68,Normal
2026-02-14 19:25:07.338384,Seoul-9141,43,29,Normal
2026-02-14 19:25:08.338384,Seoul-9141,-27,8,Normal
2026-02-14 19:25:09.338384,Seoul-9141,5,49,Normal
2026-02-14 19:25:10.338384,Seoul-9141,40,47,Normal
2026-02-14 19:25:11.338384,Seoul-9141,37,86,Normal
2026-02-14 19:25:12.338384,Seoul-9141,47,88,Normal
2026-02-14 19:25:13.338384,Seoul-9141,-28,17,Normal
2026-02-14 19:25:14.338384,Seoul-9141,35,92,Normal
2026-02-14 19:25:15.338384,Seoul-9141,-14,38,Normal
2026-02-14 19:25:16.338384,Seoul-9141,47,23,Normal
2026-02-14 19:25:17.338384,Seoul-9141,1,10,Normal
2026-02-14 19:25:18.338384,Seoul-9141,30,77,Normal
2026-02-14 19:25:19.338384,Seoul-9141,49,25,Normal
2026-02-14 19:25:20.338384,Seoul-9141,-1,36,Normal
2026-02-14 19:25:21.338384,Seoul-9141,27,97,Normal
2026-02-14 19:25:22.338384,Seoul-9141,0,57,Normal
2026-02-14 19:25:23.338384,Seoul-9141,3,9,Normal
2026-02-14 19:25:24.338384,Seoul-9141,27,50,Normal
2026-02-14 19:25:25.338384,Seoul-9141,15,21,Normal
2026-02-14 19:25:26.338384,Seoul-9141,21,30,Normal
2026-02-14 19:25:27.338384,Seoul-9141,42,27,Normal
2026-02-14 19:25:28.338384,Seoul-9141,25,21,Normal
2026-02-14 19:25:29.338384,Seoul-9141,-28,93,Normal
2026-02-14 19:25:30.338384,Seoul-9141,-27,84,Normal
2026-02-14 19:25:31.338384,Seoul-9141,-9,6,Normal
2026-02-14 19:25:32.338384,Seoul-9141,0,53,Normal
2026-02-14 19:25:33.338384,Seoul-9141,24,59,Normal
2026-02-14 19:25:34.338384,Seoul-9141,-20,65,Normal
2026-02-14 19:25:35.338384,Seoul-9141,30,50,Normal
2026-02-14 19:25:36.338384,Seoul-9141,-16,70,Normal
2026-02-14 19:25:37.338384,Seoul-9141,-5,30,Normal
2026-02-14 19:25:38.338384,Seoul-9141,42,37,Normal
2026-02-14 19:25:39.338384,Seoul-9141,17,14,Normal
2026-02-14 19:25:40.338384,Seoul-9141,-12,91,Normal
2026-02-14 19:25:41.338384,Seoul-9141,-9,21,Normal
2026-02-14 19:25:42.338384,Seoul-9141,-4,78,Normal
2026-02-14 19:25:43.338384,Seoul-9141,5,20,Normal
2026-02-14 19:25:44.338384,Seoul-9141,-2,91,Normal
2026-02-14 19:25:45.338384,Seoul-9141,-12,14,Normal
2026-02-14 19:25:46.338384,Seoul-9141,-14,60,Normal
2026-02-14 19:25:47.338384,Seoul-9141,-26,54,Normal
2026-02-14 19:25:48.338384,Seoul-9141,34,54,Normal
2026-02-14 19:25:49.338384,Seoul-9141,-22,98,Normal
2026-02-14 19:25:50.338384,Seoul-9141,38,61,Normal
2026-02-14 19:25:51.338384,Seoul-9141,36,54,Normal
2026-02-14 19:25:52.338384,Seoul-9141,-12,27,Normal
2026-02-14 19:25:53.338384,Seoul-9141,5,61,Normal
2026-02-14 19:25:54.338384,Seoul-9141,-9,32,Normal
2026-02-14 19:25:55.338384,Seoul-9141,-20,86,Normal
2026-02-14 19:25:56.338384,Seoul-9141,21,88,Normal
2026-02-14 19:25:57.338384,Seoul-9141,40,49,Normal
2026-02-14 19:25:58.338384,Seoul-9141,0,22,Normal
2026-02-14 19:25:59.338384,Seoul-9141,44,67,Normal
2026-02-14 19:26:00.338384,Seoul-9141,28,32,Normal
2026-02-14 19:26:01.338384,Seoul-9141,47,74,Normal
2026-02-14 19:26:02.338384,Seoul-9141,-19,6,Normal
2026-02-14 19:26:03.338384,Seoul-9141,-24,80,Normal
2026-02-14 19:26:04.338384,Seoul-9141,-10,0,Normal
2026-02-14 19:26:05.338384,Seoul-9141,-29,3,Normal
2026-02-14 19:26:06.338384,Seoul-9141,-10,7,Normal
2026-02-14 19:26:07.338384,Seoul-9141,27,33,Normal
2026-02-14 19:26:08.338384,Seoul-9141,48,33,Normal
2026-02-14 19:26:09.338384,Seoul-9141,45,86,Normal
2026-02-14 19:26:10.338384,Seoul-9141,22,40,Normal
2026-02-14 19:26:11.338384,Seoul-9141,-2,6,Normal
2026-02-14 19:26:12.338384,Seoul-9141,0,17,Normal
2026-02-14 19:26:13.338384,Seoul-9141,32,92,Normal
2026-02-14 19:26:14.338384,Seoul-9141,-5,1,Normal
2026-02-14 19:26:15.338384,Seoul-9141,-23,24,Normal
2026-02-14 19:26:16.338384,Seoul-9141,18,100,Normal
2026-02-14 19:26:17.338384,Seoul-9141,50,29,Normal
2026-02-14 19:26:18.338384,Seoul-9141,-2,22,Normal
2026-02-14 19:26:19.338384,Seoul-9141,-21,68,Normal
2026-02-14 19:26:20.338384,Seoul-9141,-15,10,Normal
2026-02-14 19:26:21.338384,Seoul-9141,38,11,Normal
2026-02-14 19:26:22.338384,Seoul-9141,3,70,Normal
2026-02-14 19:26:23.338384,Seoul-9141,30,58,Normal
2026-02-14 19:26:24.338384,Seoul-9141,10,67,Normal
2026-02-14 19:26:25.338384,Seoul-9141,47,96,Normal
2026-02-14 19:26:26.338384,Seoul-9141,-16,84,Normal
2026-02-14 19:26:27.338384,Seoul-9141,38,76,Normal
2026-02-14 19:26:28.338384,Seoul-9141,34,53,Normal
2026-02-14 19:26:29.338384,Seoul-9141,26,90,Normal
2026-02-14 19:26:30.338384,Seoul-9141,20,80,Normal
2026-02-14 19:26:31.338384,Seoul-9141,35,18,Normal
2026-02-14 19:26:32.338384,Seoul-9141,46,32,Normal
2026-02-14 19:26:33.338384,Seoul-9141,50,40,Normal
2026-02-14 19:26:34.338384,Seoul-9141,43,48,Normal
2026-02-14 19:26:35.338384,Seoul-9141,0,11,Normal
2026-02-14 19:26:36.338384,Seoul-9141,38,14,Normal
2026-02-14 19:26:37.338384,Seoul-9141,6,8,Normal
2026-02-14 19:26:38.338384,Seoul-9141,9,96,Normal
2026-02-14 19:26:39.338384,Seoul-9141,29,7,Normal
2026-02-14 19:26:40.338384,Seoul-9141,35,55,Normal
2026-02-14 19:26:41.338384,Seoul-9141,25,55,Normal
2026-02-14 19:26:42.338384,Seoul-9141,19,91,Normal
2026-02-14 19:26:43.338384,Seoul-9141,38,72,Normal
2026-02-14 19:26:44.338384,Seoul-9141,34,1,Normal
2026-02-14 19:26:45.338384,Seoul-9141,-18,35,Normal
2026-02-14 19:26:46.338384,Seoul-9141,-29,52,Normal
2026-02-14 19:26:47.338384,Seoul-9141,-21,28,Normal
2026-02-14 19:26:48.338384,Seoul-9141,39,22,Normal
2026-02-14 19:26:49.338384,Seoul-9141,9,66,Normal
2026-02-14 19:26:50.338384,Seoul-9141,26,99,Normal
2026-02-14 19:26:51.338384,Seoul-9141,10,69,Normal
2026-02-14 19:26:52.338384,Seoul-9141,-11,27,Normal
2026-02-14 19:26:53.338384,Seoul-9141,31,14,Normal
2026-02-14 19:26:54.338384,Seoul-9141,34,22,Normal
2026-02-14 19:26:55.338384,Seoul-9141,48,27,Normal
2026-02-14 19:26:56.338384,Seoul-9141,0,8,Normal
2026-02-14 19:26:57.338384,Seoul-9141,6,54,Normal
2026-02-14 19:26:58.338384,Seoul-9141,-19,66,Normal
2026-02-14 19:26:59.338384,Seoul-9141,-10,23,Normal
2026-02-14 19:27:00.338384,Seoul-9141,-15,7,Normal
2026-02-14 19:27:01.338384,Seoul-9141,21,37,Normal
2026-02-14 19:27:02.338384,Seoul-9141,-10,92,Normal
2026-02-14 19:27:03.338384,Seoul-9141,-25,99,Normal
2026-02-14 19:27:04.338384,Seoul-9141,16,0,Normal
2026-02-14 19:27:05.338384,Seoul-9141,17,71,Normal
2026-02-14 19:27:06.338384,Seoul-9141,17,16,Normal
2026-02-14 19:27:07.338384,Seoul-9141,-12,70,Normal
2026-02-14 19:27:08.338384,Seoul-9141,32,13,Normal
2026-02-14 19:27:09.338384,Seoul-9141,42,79,Normal
2026-02-14 19:27:10.338384,Seoul-9141,-18,83,Normal
2026-02-14 19:27:11.338384,Seoul-9141,43,85,Normal
2026-02-14 19:27:12.338384,Seoul-9141,32,90,Normal
2026-02-14 19:27:13.338384,Seoul-9141,-16,67,Normal
2026-02-14 19:27:14.338384,Seoul-9141,43,52,Normal
2026-02-14 19:27:15.338384,Seoul-9141,-23,12,Normal
2026-02-14 19:27:16.338384,Seoul-9141,-21,31,Normal
2026-02-14 19:27:17.338384,Seoul-9141,8,96,Normal
2026-02-14 19:27:18.338384,Seoul-9141,28,6,Normal
2026-02-14 19:27:19.338384,Seoul-9141,-2,44,Normal
2026-02-14 19:27:20.338384,Seoul-9141,19,85,Normal
2026-02-14 19:27:21.338384,Seoul-9141,-29,71,Normal
2026-02-14 19:27:22.338384,Seoul-9141,-13,62,Normal
2026-02-14 19:27:23.338384,Seoul-9141,-16,12,Normal
2026-02-14 19:27:24.338384,Seoul-9141,16,76,Normal
2026-02-14 19:27:25.338384,Seoul-9141,-20,36,Normal
2026-02-14 19:27:26.338384,Seoul-9141,20,27,Normal
2026-02-14 19:27:27.338384,Seoul-9141,-21,88,Normal
2026-02-14 19:27:28.338384,Seoul-9141,7,81,Normal
2026-02-14 19:27:29.338384,Seoul-9141,41,7,Normal
2026-02-14 19:27:30.338384,Seoul-9141,29,84,Normal
2026-02-14 19:27:31.338384,Seoul-9141,-1,99,Normal
2026-02-14 19:27:32.338384,Seoul-9141,8,72,Normal
2026-02-14 19:27:33.338384,Seoul-9141,41,10,Normal
2026-02-14 19:27:34.338384,Seoul-9141,15,42,Normal
2026-02-14 19:27:35.338384,Seoul-9141,-16,48,Normal
2026-02-14 19:27:36.338384,Seoul-9141,-8,92,Normal
2026-02-14 19:27:37.338384,Seoul-9141,-21,81,Normal
2026-02-14 19:27:38.338384,Seoul-9141,46,68,Normal
2026-02-14 19:27:39.338384,Seoul-9141,44,46,Normal
2026-02-14 19:27:40.338384,Seoul-9141,34,1,Normal
2026-02-14 19:27:41.338384,Seoul-9141,15,72,Normal
2026-02-14 19:27:42.338384,Seoul-9141,-14,82,Normal
2026-02-14 19:27:43.338384,Seoul-9141,9,88,Normal
2026-02-14 19:27:44.338384,Seoul-9141,50,99,Normal
2026-02-14 19:27:45.338384,Seoul-9141,13,95,Normal
2026-02-14 19:27:46.338384,Seoul-9141,50,58,Normal
2026-02-14 19:27:47.338384,Seoul-9141,42,67,Normal
2026-02-14 19:27:48.338384,Seoul-9141,28,90,Normal
2026-02-14 19:27:49.338384,Seoul-9141,-20,90,Normal
2026-02-14 19:27:50.338384,Seoul-9141,-28,29,Normal
2026-02-14 19:27:51.338384,Seoul-9141,48,33,Normal
2026-02-14 19:27:52.338384,Seoul-9141,25,50,Normal
2026-02-14 19:27:53.338384,Seoul-9141,48,36,Normal
2026-02-14 19:27:54.338384,Seoul-9141,29,98,Normal
2026-02-14 19:27:55.338384,Seoul-9141,46,67,Normal
2026-02-14 19:27:56.338384,Seoul-9141,-1,67,Normal
2026-02-14 19:27:57.338384,Seoul-9141,-1,82,Normal
2026-02-14 19:27:58.338384,Seoul-9141,17,89,Normal
2026-02-14 19:27:59.338384,Seoul-9141,-21,15,Normal
2026-02-14 19:28:00.338384,Seoul-9141,-9,71,Normal
2026-02-14 19:28:01.338384,Seoul-9141,-12,34,Normal
2026-02-14 19:28:02.338384,Seoul-9141,-9,41,Normal
2026-02-14 19:28:03.338384,Seoul-9141,-15,39,Normal
2026-02-14 19:28:04.338384,Seoul-9141,20,33,Normal
2026-02-14 19:28:05.338384,Seoul-9141,-8,92,Normal
2026-02-14 19:28:06.338384,Seoul-9141,-20,82,Normal
2026-02-14 19:28:07.338384,Seoul-9141,21,35,Normal
2026-02-14 19:28:08.338384,Seoul-9141,-21,64,Normal
2026-02-14 19:28:09.338384,Seoul-9141,35,9,Normal
2026-02-14 19:28:10.338384,Seoul-9141,-26,46,Normal
2026-02-14 19:28:11.338384,Seoul-9141,30,69,Normal
2026-02-14 19:28:12.338384,Seoul-9141,18,99,Normal
2026-02-14 19:28:13.338384,Seoul-9141,23,35,Normal
2026-02-14 19:28:14.338384,Seoul-9141,29,63,Normal
2026-02-14 19:28:15.338384,Seoul-9141,-5,35,Normal
2026-02-14 19:28:16.338384,Seoul-9141,29,68,Normal
2026-02-14 19:28:17.338384,Seoul-9141,14,93,Normal
2026-02-14 19:28:18.338384,Seoul-9141,1,18,Normal
2026-02-14 19:28:19.338384,Seoul-9141,-11,35,Normal
2026-02-14 19:28:20.338384,Seoul-9141,13,28,Normal
2026-02-14 19:28:21.338384,Seoul-9141,17,62,Normal
2026-02-14 19:28:22.338384,Seoul-9141,40,90,Normal
2026-02-14 19:28:23.338384,Seoul-9141,41,57,Normal
2026-02-14 19:28:24.338384,Seoul-9141,-9,3,Normal
2026-02-14 19:28:25.338384,Seoul-9141,22,30,Normal
2026-02-14 19:28:26.338384,Seoul-9141,-20,71,Normal
2026-02-14 19:28:27.338384,Seoul-9141,-27,48,Normal
2026-02-14 19:28:28.338384,Seoul-9141,11,53,Normal
2026-02-14 19:28:29.338384,Seoul-9141,-28,82,Normal
2026-02-14 19:28:30.338384,Seoul-9141,-6,13,Normal
2026-02-14 19:28:31.338384,Seoul-9141,10,67,Normal
2026-02-14 19:28:32.338384,Seoul-9141,5,57,Normal
2026-02-14 19:28:33.338384,Seoul-9141,42,78,Normal
2026-02-14 19:28:34.338384,Seoul-9141,23,9,Normal
2026-02-14 19:28:35.338384,Seoul-9141,-1,44,Normal
2026-02-14 19:28:36.338384,Seoul-9141,16,9,Normal
2026-02-14 19:28:37.338384,Seoul-9141,27,77,Normal
2026-02-14 19:28:38.338384,Seoul-9141,25,76,Normal
2026-02-14 19:28:39.338384,Seoul-9141,49,92,Normal
2026-02-14 19:28:40.338384,Seoul-9141,-10,73,Normal
2026-02-14 19:28:41.338384,Seoul-9141,14,0,Normal
2026-02-14 19:28:42.338384,Seoul-9141,49,90,Normal
2026-02-14 19:28:43.338384,Seoul-9141,24,16,Normal
2026-02-14 19:28:44.338384,Seoul-9141,40,21,Normal
2026-02-14 19:28:45.338384,Seoul-9141,45,27,Normal
2026-02-14 19:28:46.338384,Seoul-9141,8,42,Normal
2026-02-14 19:28:47.338384,Seoul-9141,-13,2,Normal
2026-02-14 19:28:48.338384,Seoul-9141,44,65,Normal
2026-02-14 19:28:49.338384,Seoul-9141,0,53,Normal
2026-02-14 19:28:50.338384,Seoul-9141,-19,34,Normal
2026-02-14 19:28:51.338384,Seoul-9141,-26,67,Normal
2026-02-14 19:28:52.338384,Seoul-9141,-22,40,Normal
2026-02-14 19:28:53.338384,Seoul-9141,-11,22,Normal
2026-02-14 19:28:54.338384,Seoul-9141,50,28,Normal
2026-02-14 19:28:55.338384,Seoul-9141,26,21,Normal
2026-02-14 19:28:56.338384,Seoul-9141,-1,40,Normal
2026-02-14 19:28:57.338384,Seoul-9141,30,16,Normal
2026-02-14 19:28:58.338384,Seoul-9141,-20,34,Normal
2026-02-14 19:28:59.338384,Seoul-9141,4,66,Normal
2026-02-14 19:29:00.338384,Seoul-9141,-26,55,Normal
2026-02-14 19:29:01.338384,Seoul-9141,-15,57,Normal
2026-02-14 19:29:02.338384,Seoul-9141,21,30,Normal
2026-02-14 19:29:03.338384,Seoul-9141,-5,51,Normal
2026-02-14 19:29:04.338384,Seoul-9141,33,15,Normal
2026-02-14 19:29:05.338384,Seoul-9141,-11,31,Normal
2026-02-14 19:29:06.338384,Seoul-9141,-6,28,Normal
2026-02-14 19:29:07.338384,Seoul-9141,-23,45,Normal
2026-02-14 19:29:08.338384,Seoul-9141,-30,15,Normal
2026-02-14 19:29:09.338384,Seoul-9141,36,98,Normal
2026-02-14 19:29:10.338384,Seoul-9141,27,13,Normal
2026-02-14 19:29:11.338384,Seoul-9141,-16,42,Normal
2026-02-14 19:29:12.338384,Seoul-9141,-17,17,Normal
2026-02-14 19:29:13.338384,Seoul-9141,-3,59,Normal
2026-02-14 19:29:14.338384,Seoul-9141,42,1,Normal
2026-02-14 19:29:15.338384,Seoul-9141,17,54,Normal
2026-02-14 19:29:16.338384,Seoul-9141,-22,28,Normal
2026-02-14 19:29:17.338384,Seoul-9141,24,27,Normal
2026-02-14 19:29:18.338384,Seoul-9141,46,60,Normal
2026-02-14 19:29:19.338384,Seoul-9141,14,27,Normal
2026-02-14 19:29:20.338384,Seoul-9141,-27,25,Normal
2026-02-14 19:29:21.338384,Seoul-9141,13,15,Normal
2026-02-14 19:29:22.338384,Seoul-9141,-16,52,Normal
2026-02-14 19:29:23.338384,Seoul-9141,5,79,Normal
2026-02-14 19:29:24.338384,Seoul-9141,-11,55,Normal
2026-02-14 19:29:25.338384,Seoul-9141,36,96,Normal
2026-02-14 19:29:26.338384,Seoul-9141,9,45,Normal
2026-02-14 19:29:27.338384,Seoul-9141,11,36,Normal
2026-02-14 19:29:28.338384,Seoul-9141,27,32,Normal
2026-02-14 19:29:29.338384,Seoul-9141,-12,48,Normal
2026-02-14 19:29:30.338384,Seoul-9141,17,69,Normal
2026-02-14 19:29:31.338384,Seoul-9141,0,87,Normal
2026-02-14 19:29:32.338384,Seoul-9141,-28,41,Normal
2026-02-14 19:29:33.338384,Seoul-9141,12,1,Normal
2026-02-14 19:29:34.338384,Seoul-9141,29,34,Normal
2026-02-14 19:29:35.338384,Seoul-9141,6,44,Normal
2026-02-14 19:29:36.338384,Seoul-9141,-12,67,Normal
2026-02-14 19:29:37.338384,Seoul-9141,-20,45,Normal
2026-02-14 19:29:38.338384,Seoul-9141,-11,81,Normal
2026-02-14 19:29:39.338384,Seoul-9141,13,96,Normal
2026-02-14 19:29:40.338384,Seoul-9141,-17,16,Normal
2026-02-14 19:29:41.338384,Seoul-9141,-25,18,Normal
2026-02-14 19:29:42.338384,Seoul-9141,6,3,Normal
2026-02-14 19:29:43.338384,Seoul-9141,24,64,Normal
2026-02-14 19:29:44.338384,Seoul-9141,4,70,Normal
2026-02-14 19:29:45.338384,Seoul-9141,48,43,Normal
2026-02-14 19:29:46.338384,Seoul-9141,42,9,Normal
2026-02-14 19:29:47.338384,Seoul-9141,21,41,Normal
2026-02-14 19:29:48.338384,Seoul-9141,8,59,Normal
2026-02-14 19:29:49.338384,Seoul-9141,-23,92,Normal
2026-02-14 19:29:50.338384,Seoul-9141,-28,46,Normal
2026-02-14 19:29:51.338384,Seoul-9141,35,46,Normal
2026-02-14 19:29:52.338384,Seoul-9141,-21,68,Normal
2026-02-14 19:29:53.338384,Seoul-9141,-30,71,Normal
2026-02-14 19:29:54.338384,Seoul-9141,23,89,Normal
2026-02-14 19:29:55.338384,Seoul-9141,25,53,Normal
2026-02-14 19:29:56.338384,Seoul-9141,13,11,Normal
2026-02-14 19:29:57.338384,Seoul-9141,32,79,Normal
2026-02-14 19:29:58.338384,Seoul-9141,-6,51,Normal
2026-02-14 19:29:59.338384,Seoul-9141,34,49,Normal
2026-02-14 19:30:00.338384,Seoul-9141,14,15,Normal
2026-02-14 19:30:01.338384,Seoul-9141,-27,6,Normal
2026-02-14 19:30:02.338384,Seoul-9141,5,28,Normal
2026-02-14 19:30:03.338384,Seoul-9141,29,60,Normal
2026-02-14 19:30:04.338384,Seoul-9141,-3,5,Normal
2026-02-14 19:30:05.338384,Seoul-9141,3,28,Normal
2026-02-14 19:30:06.338384,Seoul-9141,49,6,Normal
2026-02-14 19:30:07.338384,Seoul-9141,-21,80,Normal
2026-02-14 19:30:08.338384,Seoul-9141,-14,18,Normal
2026-02-14 19:30:09.338384,Seoul-9141,44,44,Normal
2026-02-14 19:30:10.338384,Seoul-9141,10,26,Normal
2026-02-14 19:30:11.338384,Seoul-9141,7,69,Normal
2026-02-14 19:30:12.338384,Seoul-9141,24,37,Normal
2026-02-14 19:30:13.338384,Seoul-9141,-28,61,Normal
2026-02-14 19:30:14.338384,Seoul-9141,-26,95,Normal
2026-02-14 19:30:15.338384,Seoul-9141,-4,26,Normal
2026-02-14 19:30:16.338384,Seoul-9141,36,24,Normal
2026-02-14 19:30:17.338384,Seoul-9141,21,32,Normal
2026-02-14 19:30:18.338384,Seoul-9141,-4,42,Normal
2026-02-14 19:30:19.338384,Seoul-9141,46,28,Normal
2026-02-14 19:30:20.338384,Seoul-9141,20,6,Normal
2026-02-14 19:30:21.338384,Seoul-9141,-14,14,Normal
2026-02-14 19:30:22.338384,Seoul-9141,-21,9,Normal
2026-02-14 19:30:23.338384,Seoul-9141,28,63,Normal
2026-02-14 19:30:24.338384,Seoul-9141,-21,95,Normal
2026-02-14 19:30:25.338384,Seoul-9141,-9,16,Normal
2026-02-14 19:30:26.338384,Seoul-9141,26,89,Normal
2026-02-14 19:30:27.338384,Seoul-9141,-4,79,Normal
2026-02-14 19:30:28.338384,Seoul-9141,-7,97,Normal
2026-02-14 19:30:29.338384,Seoul-9141,2,98,Normal
2026-02-14 19:30:30.338384,Seoul-9141,-27,93,Normal
2026-02-14 19:30:31.338384,Seoul-9141,42,55,Normal
2026-02-14 19:30:32.338384,Seoul-9141,-24,70,Normal
2026-02-14 19:30:33.338384,Seoul-9141,28,6,Normal
2026-02-14 19:30:34.338384,Seoul-9141,-11,53,Normal
2026-02-14 19:30:35.338384,Seoul-9141,4,93,Normal
2026-02-14 19:30:36.338384,Seoul-9141,25,32,Normal
2026-02-14 19:30:37.338384,Seoul-9141,-20,63,Normal
2026-02-14 19:30:38.338384,Seoul-9141,-23,48,Normal
2026-02-14 19:30:39.338384,Seoul-9141,11,81,Normal
2026-02-14 19:30:40.338384,Seoul-9141,-26,33,Normal
2026-02-14 19:30:41.338384,Seoul-9141,-6,96,Normal
2026-02-14 19:30:42.338384,Seoul-9141,49,22,Normal
2026-02-14 19:30:43.338384,Seoul-9141,21,48,Normal
2026-02-14 19:30:44.338384,Seoul-9141,-13,42,Normal
2026-02-14 19:30:45.338384,Seoul-9141,34,50,Normal
2026-02-14 19:30:46.338384,Seoul-9141,46,22,Normal
2026-02-14 19:30:47.338384,Seoul-9141,49,12,Normal
2026-02-14 19:30:48.338384,Seoul-9141,19,69,Normal
2026-02-14 19:30:49.338384,Seoul-9141,22,58,Normal
2026-02-14 19:30:50.338384,Seoul-9141,29,94,Normal
2026-02-14 19:30:51.338384,Seoul-9141,16,59,Normal
2026-02-14 19:30:52.338384,Seoul-9141,-2,78,Normal
2026-02-14 19:30:53.338384,Seoul-9141,-1,26,Normal
2026-02-14 19:30:54.338384,Seoul-9141,-29,40,Normal
2026-02-14 19:30:55.338384,Seoul-9141,0,97,Normal
2026-02-14 19:30:56.338384,Seoul-9141,-26,86,Normal
2026-02-14 19:30:57.338384,Seoul-9141,26,80,Normal
2026-02-14 19:30:58.338384,Seoul-9141,28,3,Normal
2026-02-14 19:30:59.338384,Seoul-9141,-24,38,Normal
2026-02-14 19:31:00.338384,Seoul-9141,-12,57,Normal
2026-02-14 19:31:01.338384,Seoul-9141,-6,78,Normal
2026-02-14 19:31:02.338384,Seoul-9141,6,64,Normal
2026-02-14 19:31:03.338384,Seoul-9141,23,9,Normal
2026-02-14 19:31:04.338384,Seoul-9141,43,60,Normal
2026-02-14 19:31:05.338384,Seoul-9141,35,10,Normal
