timestamp,station_id,temp,humid,condition
2026-04-28 00:06:59.335623,London-af75,-30,87,Normal
2026-04-28 00:07:00.335623,London-af75,-13,81,Normal
2026-04-28 00:07:01.335623,London-af75,-26,4,Normal
2026-04-28 00:07:02.335623,London-af75,14,0,Normal
2026-04-28 00:07:03.335623,London-af75,24,11,Normal
2026-04-28 00:07:04.335623,London-af75,25,13,Normal
2026-04-28 00:07:05.335623,London-af75,6,63,Normal
2026-04-28 00:07:06.335623,London-af75,17,49,Normal
2026-04-28 00:07:07.335623,London-af75,1,76,Normal
2026-04-28 00:07:08.335623,London-af75,40,31,Normal
2026-04-28 00:07:09.335623,London-af75,15,98,Normal
2026-04-28 00:07:10.335623,London-af75,33,86,Normal
2026-04-28 00:07:11.335623,London-af75,-12,58,Normal
2026-04-28 00:07:12.335623,London-af75,25,44,Normal
2026-04-28 00:07:13.335623,London-af75,-13,44,Normal
2026-04-28 00:07:14.335623,London-af75,-6,11,Normal
2026-04-28 00:07:15.335623,London-af75,7,71,Normal
2026-04-28 00:07:16.335623,London-af75,40,37,Normal
2026-04-28 00:07:17.335623,London-af75,-1,38,Normal
2026-04-28 00:07:18.335623,London-af75,31,82,Normal
2026-04-28 00:07:19.335623,London-af75,-21,54,Normal
2026-04-28 00:07:20.335623,London-af75,50,29,Normal
2026-04-28 00:07:21.335623,London-af75,-12,61,Normal
2026-04-28 00:07:22.335623,London-af75,50,76,Normal
2026-04-28 00:07:23.335623,London-af75,26,42,Normal
2026-04-28 00:07:24.335623,London-af75,-8,15,Normal
2026-04-28 00:07:25.335623,London-af75,-20,79,Normal
2026-04-28 00:07:26.335623,London-af75,6,63,Normal
2026-04-28 00:07:27.335623,London-af75,38,58,Normal
2026-04-28 00:07:28.335623,London-af75,2,38,Normal
2026-04-28 00:07:29.335623,London-af75,5,4,Normal
2026-04-28 00:07:30.335623,London-af75,-8,93,Normal
2026-04-28 00:07:31.335623,London-af75,37,3,Normal
2026-04-28 00:07:32.335623,London-af75,9,47,Normal
2026-04-28 00:07:33.335623,London-af75,3,79,Normal
2026-04-28 00:07:34.335623,London-af75,16,98,Normal
2026-04-28 00:07:35.335623,London-af75,45,6,Normal
2026-04-28 00:07:36.335623,London-af75,5,91,Normal
2026-04-28 00:07:37.335623,London-af75,25,93,Normal
2026-04-28 00:07:38.335623,London-af75,13,14,Normal
2026-04-28 00:07:39.335623,London-af75,9,36,Normal
2026-04-28 00:07:40.335623,London-af75,-15,54,Normal
2026-04-28 00:07:41.335623,London-af75,40,49,Normal
2026-04-28 00:07:42.335623,London-af75,40,4,Normal
2026-04-28 00:07:43.335623,London-af75,0,81,Normal
2026-04-28 00:07:44.335623,London-af75,-21,62,Normal
2026-04-28 00:07:45.335623,London-af75,42,93,Normal
2026-04-28 00:07:46.335623,London-af75,-30,40,Normal
2026-04-28 00:07:47.335623,London-af75,43,96,Normal
2026-04-28 00:07:48.335623,London-af75,48,65,Normal
2026-04-28 00:07:49.335623,London-af75,19,33,Normal
2026-04-28 00:07:50.335623,London-af75,-14,67,Normal
2026-04-28 00:07:51.335623,London-af75,20,83,Normal
2026-04-28 00:07:52.335623,London-af75,28,29,Normal
2026-04-28 00:07:53.335623,London-af75,49,36,Normal
2026-04-28 00:07:54.335623,London-af75,4,5,Normal
2026-04-28 00:07:55.335623,London-af75,28,100,Normal
2026-04-28 00:07:56.335623,London-af75,10,31,Normal
2026-04-28 00:07:57.335623,London-af75,1,53,Normal
2026-04-28 00:07:58.335623,London-af75,-4,6,Normal
2026-04-28 00:07:59.335623,London-af75,-11,83,Normal
2026-04-28 00:08:00.335623,London-af75,14,73,Normal
2026-04-28 00:08:01.335623,London-af75,0,10,Normal
2026-04-28 00:08:02.335623,London-af75,-8,8,Normal
2026-04-28 00:08:03.335623,London-af75,-2,11,Normal
2026-04-28 00:08:04.335623,London-af75,-18,48,Normal
2026-04-28 00:08:05.335623,London-af75,-6,54,Normal
2026-04-28 00:08:06.335623,London-af75,25,55,Normal
2026-04-28 00:08:07.335623,London-af75,24,4,Normal
2026-04-28 00:08:08.335623,London-af75,25,79,Normal
2026-04-28 00:08:09.335623,London-af75,23,43,Normal
2026-04-28 00:08:10.335623,London-af75,-30,77,Normal
2026-04-28 00:08:11.335623,London-af75,11,99,Normal
2026-04-28 00:08:12.335623,London-af75,-5,60,Normal
2026-04-28 00:08:13.335623,London-af75,-15,55,Normal
2026-04-28 00:08:14.335623,London-af75,23,45,Normal
2026-04-28 00:08:15.335623,London-af75,-16,76,Normal
2026-04-28 00:08:16.335623,London-af75,-12,60,Normal
2026-04-28 00:08:17.335623,London-af75,39,42,Normal
2026-04-28 00:08:18.335623,London-af75,11,1,Normal
2026-04-28 00:08:19.335623,London-af75,-13,35,Normal
2026-04-28 00:08:20.335623,London-af75,22,83,Normal
2026-04-28 00:08:21.335623,London-af75,13,87,Normal
2026-04-28 00:08:22.335623,London-af75,19,19,Normal
2026-04-28 00:08:23.335623,London-af75,44,14,Normal
2026-04-28 00:08:24.335623,London-af75,-22,32,Normal
2026-04-28 00:08:25.335623,London-af75,0,43,Normal
2026-04-28 00:08:26.335623,London-af75,36,55,Normal
2026-04-28 00:08:27.335623,London-af75,10,58,Normal
2026-04-28 00:08:28.335623,London-af75,24,1,Normal
2026-04-28 00:08:29.335623,London-af75,29,76,Normal
2026-04-28 00:08:30.335623,London-af75,-7,20,Normal
2026-04-28 00:08:31.335623,London-af75,9,60,Normal
2026-04-28 00:08:32.335623,London-af75,15,20,Normal
2026-04-28 00:08:33.335623,London-af75,6,62,Normal
2026-04-28 00:08:34.335623,London-af75,45,56,Normal
2026-04-28 00:08:35.335623,London-af75,-19,29,Normal
2026-04-28 00:08:36.335623,London-af75,8,28,Normal
2026-04-28 00:08:37.335623,London-af75,-25,70,Normal
2026-04-28 00:08:38.335623,London-af75,-12,4,Normal
2026-04-28 00:08:39.335623,London-af75,-22,71,Normal
2026-04-28 00:08:40.335623,London-af75,-6,55,Normal
2026-04-28 00:08:41.335623,London-af75,38,17,Normal
2026-04-28 00:08:42.335623,London-af75,21,16,Normal
2026-04-28 00:08:43.335623,London-af75,5,18,Normal
2026-04-28 00:08:44.335623,London-af75,26,97,Normal
2026-04-28 00:08:45.335623,London-af75,16,45,Normal
2026-04-28 00:08:46.335623,London-af75,44,2,Normal
2026-04-28 00:08:47.335623,London-af75,12,99,Normal
2026-04-28 00:08:48.335623,London-af75,32,20,Normal
2026-04-28 00:08:49.335623,London-af75,15,25,Normal
2026-04-28 00:08:50.335623,London-af75,-2,43,Normal
2026-04-28 00:08:51.335623,London-af75,18,47,Normal
2026-04-28 00:08:52.335623,London-af75,28,91,Normal
2026-04-28 00:08:53.335623,London-af75,11,37,Normal
2026-04-28 00:08:54.335623,London-af75,10,8,Normal
2026-04-28 00:08:55.335623,London-af75,-2,49,Normal
2026-04-28 00:08:56.335623,London-af75,42,86,Normal
2026-04-28 00:08:57.335623,London-af75,32,11,Normal
2026-04-28 00:08:58.335623,London-af75,29,77,Normal
2026-04-28 00:08:59.335623,London-af75,39,60,Normal
2026-04-28 00:09:00.335623,London-af75,22,90,Normal
2026-04-28 00:09:01.335623,London-af75,-13,2,Normal
2026-04-28 00:09:02.335623,London-af75,40,16,Normal
2026-04-28 00:09:03.335623,London-af75,-3,72,Normal
2026-04-28 00:09:04.335623,London-af75,13,49,Normal
2026-04-28 00:09:05.335623,London-af75,11,32,Normal
2026-04-28 00:09:06.335623,London-af75,-15,5,Normal
2026-04-28 00:09:07.335623,London-af75,-10,5,Normal
2026-04-28 00:09:08.335623,London-af75,33,36,Normal
2026-04-28 00:09:09.335623,London-af75,36,76,Normal
2026-04-28 00:09:10.335623,London-af75,41,32,Normal
2026-04-28 00:09:11.335623,London-af75,8,21,Normal
2026-04-28 00:09:12.335623,London-af75,24,41,Normal
2026-04-28 00:09:13.335623,London-af75,-21,68,Normal
2026-04-28 00:09:14.335623,London-af75,25,69,Normal
2026-04-28 00:09:15.335623,London-af75,29,11,Normal
2026-04-28 00:09:16.335623,London-af75,49,8,Normal
2026-04-28 00:09:17.335623,London-af75,47,89,Normal
2026-04-28 00:09:18.335623,London-af75,-12,55,Normal
2026-04-28 00:09:19.335623,London-af75,21,23,Normal
2026-04-28 00:09:20.335623,London-af75,40,72,Normal
2026-04-28 00:09:21.335623,London-af75,9,63,Normal
2026-04-28 00:09:22.335623,London-af75,-8,73,Normal
2026-04-28 00:09:23.335623,London-af75,18,80,Normal
2026-04-28 00:09:24.335623,London-af75,3,63,Normal
2026-04-28 00:09:25.335623,London-af75,12,70,Normal
2026-04-28 00:09:26.335623,London-af75,-4,1,Normal
2026-04-28 00:09:27.335623,London-af75,-3,43,Normal
2026-04-28 00:09:28.335623,London-af75,11,32,Normal
2026-04-28 00:09:29.335623,London-af75,-14,56,Normal
2026-04-28 00:09:30.335623,London-af75,33,1,Normal
2026-04-28 00:09:31.335623,London-af75,11,15,Normal
2026-04-28 00:09:32.335623,London-af75,-3,60,Normal
2026-04-28 00:09:33.335623,London-af75,6,14,Normal
2026-04-28 00:09:34.335623,London-af75,-1,91,Normal
2026-04-28 00:09:35.335623,London-af75,9,29,Normal
2026-04-28 00:09:36.335623,London-af75,-15,90,Normal
2026-04-28 00:09:37.335623,London-af75,26,40,Normal
2026-04-28 00:09:38.335623,London-af75,0,21,Normal
2026-04-28 00:09:39.335623,London-af75,-30,54,Normal
2026-04-28 00:09:40.335623,London-af75,23,99,Normal
2026-04-28 00:09:41.335623,London-af75,8,3,Normal
2026-04-28 00:09:42.335623,London-af75,2,93,Normal
2026-04-28 00:09:43.335623,London-af75,34,17,Normal
2026-04-28 00:09:44.335623,London-af75,14,78,Normal
2026-04-28 00:09:45.335623,London-af75,40,22,Normal
2026-04-28 00:09:46.335623,London-af75,31,65,Normal
2026-04-28 00:09:47.335623,London-af75,-27,58,Normal
2026-04-28 00:09:48.335623,London-af75,-17,69,Normal
2026-04-28 00:09:49.335623,London-af75,-26,5,Normal
2026-04-28 00:09:50.335623,London-af75,-2,89,Normal
2026-04-28 00:09:51.335623,London-af75,25,54,Normal
2026-04-28 00:09:52.335623,London-af75,-17,10,Normal
2026-04-28 00:09:53.335623,London-af75,-11,10,Normal
2026-04-28 00:09:54.335623,London-af75,18,7,Normal
2026-04-28 00:09:55.335623,London-af75,-2,46,Normal
2026-04-28 00:09:56.335623,London-af75,11,95,Normal
2026-04-28 00:09:57.335623,London-af75,49,11,Normal
2026-04-28 00:09:58.335623,London-af75,-11,84,Normal
2026-04-28 00:09:59.335623,London-af75,21,81,Normal
2026-04-28 00:10:00.335623,London-af75,45,52,Normal
2026-04-28 00:10:01.335623,London-af75,-24,53,Normal
2026-04-28 00:10:02.335623,London-af75,-26,22,Normal
2026-04-28 00:10:03.335623,London-af75,41,4,Normal
2026-04-28 00:10:04.335623,London-af75,3,55,Normal
2026-04-28 00:10:05.335623,London-af75,0,40,Normal
2026-04-28 00:10:06.335623,London-af75,20,60,Normal
2026-04-28 00:10:07.335623,London-af75,35,24,Normal
2026-04-28 00:10:08.335623,London-af75,27,89,Normal
2026-04-28 00:10:09.335623,London-af75,-12,14,Normal
2026-04-28 00:10:10.335623,London-af75,48,4,Normal
2026-04-28 00:10:11.335623,London-af75,-20,74,Normal
2026-04-28 00:10:12.335623,London-af75,40,0,Normal
2026-04-28 00:10:13.335623,London-af75,-28,93,Normal
2026-04-28 00:10:14.335623,London-af75,42,25,Normal
2026-04-28 00:10:15.335623,London-af75,34,97,Normal
2026-04-28 00:10:16.335623,London-af75,14,92,Normal
2026-04-28 00:10:17.335623,London-af75,2,72,Normal
2026-04-28 00:10:18.335623,London-af75,26,39,Normal
2026-04-28 00:10:19.335623,London-af75,6,25,Normal
2026-04-28 00:10:20.335623,London-af75,4,99,Normal
2026-04-28 00:10:21.335623,London-af75,6,62,Normal
2026-04-28 00:10:22.335623,London-af75,38,75,Normal
2026-04-28 00:10:23.335623,London-af75,11,7,Normal
2026-04-28 00:10:24.335623,London-af75,-15,100,Normal
2026-04-28 00:10:25.335623,London-af75,-29,60,Normal
2026-04-28 00:10:26.335623,London-af75,10,88,Normal
2026-04-28 00:10:27.335623,London-af75,20,39,Normal
2026-04-28 00:10:28.335623,London-af75,30,22,Normal
2026-04-28 00:10:29.335623,London-af75,31,36,Normal
2026-04-28 00:10:30.335623,London-af75,25,44,Normal
2026-04-28 00:10:31.335623,London-af75,-9,56,Normal
2026-04-28 00:10:32.335623,London-af75,4,74,Normal
2026-04-28 00:10:33.335623,London-af75,-18,92,Normal
2026-04-28 00:10:34.335623,London-af75,26,90,Normal
2026-04-28 00:10:35.335623,London-af75,38,3,Normal
2026-04-28 00:10:36.335623,London-af75,46,97,Normal
2026-04-28 00:10:37.335623,London-af75,28,42,Normal
2026-04-28 00:10:38.335623,London-af75,25,71,Normal
2026-04-28 00:10:39.335623,London-af75,16,57,Normal
2026-04-28 00:10:40.335623,London-af75,-22,47,Normal
2026-04-28 00:10:41.335623,London-af75,-5,44,Normal
2026-04-28 00:10:42.335623,London-af75,-25,19,Normal
2026-04-28 00:10:43.335623,London-af75,-10,71,Normal
2026-04-28 00:10:44.335623,London-af75,-27,3,Normal
2026-04-28 00:10:45.335623,London-af75,2,56,Normal
2026-04-28 00:10:46.335623,London-af75,-25,42,Normal
2026-04-28 00:10:47.335623,London-af75,6,40,Normal
2026-04-28 00:10:48.335623,London-af75,8,89,Normal
2026-04-28 00:10:49.335623,London-af75,-9,5,Normal
2026-04-28 00:10:50.335623,London-af75,22,91,Normal
2026-04-28 00:10:51.335623,London-af75,-6,42,Normal
2026-04-28 00:10:52.335623,London-af75,-1,89,Normal
2026-04-28 00:10:53.335623,London-af75,10,12,Normal
2026-04-28 00:10:54.335623,London-af75,37,33,Normal
2026-04-28 00:10:55.335623,London-af75,27,79,Normal
2026-04-28 00:10:56.335623,London-af75,45,18,Normal
2026-04-28 00:10:57.335623,London-af75,-5,40,Normal
2026-04-28 00:10:58.335623,London-af75,-18,81,Normal
2026-04-28 00:10:59.335623,London-af75,-21,69,Normal
2026-04-28 00:11:00.335623,London-af75,-30,74,Normal
2026-04-28 00:11:01.335623,London-af75,32,45,Normal
2026-04-28 00:11:02.335623,London-af75,10,7,Normal
2026-04-28 00:11:03.335623,London-af75,-19,51,Normal
2026-04-28 00:11:04.335623,London-af75,-3,49,Normal
2026-04-28 00:11:05.335623,London-af75,44,16,Normal
2026-04-28 00:11:06.335623,London-af75,-8,5,Normal
2026-04-28 00:11:07.335623,London-af75,13,44,Normal
2026-04-28 00:11:08.335623,London-af75,-10,22,Normal
2026-04-28 00:11:09.335623,London-af75,-4,80,Normal
2026-04-28 00:11:10.335623,London-af75,49,91,Normal
2026-04-28 00:11:11.335623,London-af75,27,91,Normal
2026-04-28 00:11:12.335623,London-af75,5,92,Normal
2026-04-28 00:11:13.335623,London-af75,28,51,Normal
2026-04-28 00:11:14.335623,London-af75,-24,0,Normal
2026-04-28 00:11:15.335623,London-af75,-9,3,Normal
2026-04-28 00:11:16.335623,London-af75,29,32,Normal
2026-04-28 00:11:17.335623,London-af75,33,31,Normal
2026-04-28 00:11:18.335623,London-af75,31,100,Normal
2026-04-28 00:11:19.335623,London-af75,-12,1,Normal
2026-04-28 00:11:20.335623,London-af75,49,34,Normal
2026-04-28 00:11:21.335623,London-af75,28,82,Normal
2026-04-28 00:11:22.335623,London-af75,21,30,Normal
2026-04-28 00:11:23.335623,London-af75,46,42,Normal
2026-04-28 00:11:24.335623,London-af75,49,26,Normal
2026-04-28 00:11:25.335623,London-af75,36,90,Normal
2026-04-28 00:11:26.335623,London-af75,33,50,Normal
2026-04-28 00:11:27.335623,London-af75,29,78,Normal
2026-04-28 00:11:28.335623,London-af75,14,5,Normal
2026-04-28 00:11:29.335623,London-af75,21,69,Normal
2026-04-28 00:11:30.335623,London-af75,20,68,Normal
2026-04-28 00:11:31.335623,London-af75,27,91,Normal
2026-04-28 00:11:32.335623,London-af75,-16,52,Normal
2026-04-28 00:11:33.335623,London-af75,-22,15,Normal
2026-04-28 00:11:34.335623,London-af75,8,90,Normal
2026-04-28 00:11:35.335623,London-af75,14,88,Normal
2026-04-28 00:11:36.335623,London-af75,13,65,Normal
2026-04-28 00:11:37.335623,London-af75,-15,53,Normal
2026-04-28 00:11:38.335623,London-af75,41,89,Normal
2026-04-28 00:11:39.335623,London-af75,4,14,Normal
2026-04-28 00:11:40.335623,London-af75,14,7,Normal
2026-04-28 00:11:41.335623,London-af75,39,19,Normal
2026-04-28 00:11:42.335623,London-af75,8,38,Normal
2026-04-28 00:11:43.335623,London-af75,38,97,Normal
2026-04-28 00:11:44.335623,London-af75,1,94,Normal
2026-04-28 00:11:45.335623,London-af75,-8,93,Normal
2026-04-28 00:11:46.335623,London-af75,27,15,Normal
2026-04-28 00:11:47.335623,London-af75,36,83,Normal
2026-04-28 00:11:48.335623,London-af75,1,40,Normal
2026-04-28 00:11:49.335623,London-af75,12,40,Normal
2026-04-28 00:11:50.335623,London-af75,34,19,Normal
2026-04-28 00:11:51.335623,London-af75,21,84,Normal
2026-04-28 00:11:52.335623,London-af75,4,41,Normal
2026-04-28 00:11:53.335623,London-af75,39,31,Normal
2026-04-28 00:11:54.335623,London-af75,-3,13,Normal
2026-04-28 00:11:55.335623,London-af75,-24,86,Normal
2026-04-28 00:11:56.335623,London-af75,23,0,Normal
2026-04-28 00:11:57.335623,London-af75,44,17,Normal
2026-04-28 00:11:58.335623,London-af75,39,72,Normal
2026-04-28 00:11:59.335623,London-af75,2,17,Normal
2026-04-28 00:12:00.335623,London-af75,25,72,Normal
2026-04-28 00:12:01.335623,London-af75,5,89,Normal
2026-04-28 00:12:02.335623,London-af75,41,95,Normal
2026-04-28 00:12:03.335623,London-af75,29,60,Normal
2026-04-28 00:12:04.335623,London-af75,14,5,Normal
2026-04-28 00:12:05.335623,London-af75,-19,62,Normal
2026-04-28 00:12:06.335623,London-af75,37,41,Normal
2026-04-28 00:12:07.335623,London-af75,42,29,Normal
2026-04-28 00:12:08.335623,London-af75,49,58,Normal
2026-04-28 00:12:09.335623,London-af75,27,26,Normal
2026-04-28 00:12:10.335623,London-af75,20,0,Normal
2026-04-28 00:12:11.335623,London-af75,4,44,Normal
2026-04-28 00:12:12.335623,London-af75,39,79,Normal
2026-04-28 00:12:13.335623,London-af75,-26,29,Normal
2026-04-28 00:12:14.335623,London-af75,43,21,Normal
2026-04-28 00:12:15.335623,London-af75,9,97,Normal
2026-04-28 00:12:16.335623,London-af75,5,34,Normal
2026-04-28 00:12:17.335623,London-af75,-21,73,Normal
2026-04-28 00:12:18.335623,London-af75,3,99,Normal
2026-04-28 00:12:19.335623,London-af75,38,92,Normal
2026-04-28 00:12:20.335623,London-af75,-23,40,Normal
2026-04-28 00:12:21.335623,London-af75,13,4,Normal
2026-04-28 00:12:22.335623,London-af75,5,47,Normal
2026-04-28 00:12:23.335623,London-af75,-3,40,Normal
2026-04-28 00:12:24.335623,London-af75,-25,49,Normal
2026-04-28 00:12:25.335623,London-af75,-26,64,Normal
2026-04-28 00:12:26.335623,London-af75,-21,100,Normal
2026-04-28 00:12:27.335623,London-af75,17,42,Normal
2026-04-28 00:12:28.335623,London-af75,8,94,Normal
2026-04-28 00:12:29.335623,London-af75,-22,49,Normal
2026-04-28 00:12:30.335623,London-af75,-2,32,Normal
2026-04-28 00:12:31.335623,London-af75,-26,73,Normal
2026-04-28 00:12:32.335623,London-af75,47,21,Normal
2026-04-28 00:12:33.335623,London-af75,-10,74,Normal
2026-04-28 00:12:34.335623,London-af75,-16,34,Normal
2026-04-28 00:12:35.335623,London-af75,11,59,Normal
2026-04-28 00:12:36.335623,London-af75,27,49,Normal
2026-04-28 00:12:37.335623,London-af75,40,18,Normal
2026-04-28 00:12:38.335623,London-af75,12,47,Normal
2026-04-28 00:12:39.335623,London-af75,-25,5,Normal
2026-04-28 00:12:40.335623,London-af75,-30,64,Normal
2026-04-28 00:12:41.335623,London-af75,8,99,Normal
2026-04-28 00:12:42.335623,London-af75,13,80,Normal
2026-04-28 00:12:43.335623,London-af75,-16,82,Normal
2026-04-28 00:12:44.335623,London-af75,36,95,Normal
2026-04-28 00:12:45.335623,London-af75,-17,63,Normal
2026-04-28 00:12:46.335623,London-af75,4,4,Normal
2026-04-28 00:12:47.335623,London-af75,-16,50,Normal
2026-04-28 00:12:48.335623,London-af75,-10,82,Normal
2026-04-28 00:12:49.335623,London-af75,-20,19,Normal
2026-04-28 00:12:50.335623,London-af75,0,43,Normal
2026-04-28 00:12:51.335623,London-af75,-7,97,Normal
2026-04-28 00:12:52.335623,London-af75,-11,2,Normal
2026-04-28 00:12:53.335623,London-af75,8,59,Normal
2026-04-28 00:12:54.335623,London-af75,1,99,Normal
2026-04-28 00:12:55.335623,London-af75,0,62,Normal
2026-04-28 00:12:56.335623,London-af75,12,28,Normal
2026-04-28 00:12:57.335623,London-af75,11,5,Normal
2026-04-28 00:12:58.335623,London-af75,47,11,Normal
2026-04-28 00:12:59.335623,London-af75,-11,24,Normal
2026-04-28 00:13:00.335623,London-af75,-1,26,Normal
2026-04-28 00:13:01.335623,London-af75,-27,0,Normal
2026-04-28 00:13:02.335623,London-af75,24,9,Normal
2026-04-28 00:13:03.335623,London-af75,-25,16,Normal
2026-04-28 00:13:04.335623,London-af75,37,52,Normal
2026-04-28 00:13:05.335623,London-af75,-21,42,Normal
2026-04-28 00:13:06.335623,London-af75,24,52,Normal
2026-04-28 00:13:07.335623,London-af75,8,43,Normal
2026-04-28 00:13:08.335623,London-af75,13,72,Normal
2026-04-28 00:13:09.335623,London-af75,-30,42,Normal
2026-04-28 00:13:10.335623,London-af75,-17,80,Normal
2026-04-28 00:13:11.335623,London-af75,2,50,Normal
2026-04-28 00:13:12.335623,London-af75,38,93,Normal
2026-04-28 00:13:13.335623,London-af75,-28,61,Normal
2026-04-28 00:13:14.335623,London-af75,25,74,Normal
2026-04-28 00:13:15.335623,London-af75,14,62,Normal
2026-04-28 00:13:16.335623,London-af75,38,35,Normal
2026-04-28 00:13:17.335623,London-af75,11,10,Normal
2026-04-28 00:13:18.335623,London-af75,6,93,Normal
2026-04-28 00:13:19.335623,London-af75,12,38,Normal
2026-04-28 00:13:20.335623,London-af75,10,65,Normal
2026-04-28 00:13:21.335623,London-af75,-24,83,Normal
2026-04-28 00:13:22.335623,London-af75,-15,71,Normal
2026-04-28 00:13:23.335623,London-af75,-23,60,Normal
2026-04-28 00:13:24.335623,London-af75,3,75,Normal
2026-04-28 00:13:25.335623,London-af75,37,4,Normal
2026-04-28 00:13:26.335623,London-af75,-20,100,Normal
2026-04-28 00:13:27.335623,London-af75,43,45,Normal
2026-04-28 00:13:28.335623,London-af75,-21,0,Normal
2026-04-28 00:13:29.335623,London-af75,22,19,Normal
2026-04-28 00:13:30.335623,London-af75,7,20,Normal
2026-04-28 00:13:31.335623,London-af75,19,9,Normal
2026-04-28 00:13:32.335623,London-af75,-3,40,Normal
2026-04-28 00:13:33.335623,London-af75,-19,41,Normal
2026-04-28 00:13:34.335623,London-af75,6,53,Normal
2026-04-28 00:13:35.335623,London-af75,-16,38,Normal
2026-04-28 00:13:36.335623,London-af75,15,37,Normal
2026-04-28 00:13:37.335623,London-af75,11,93,Normal
2026-04-28 00:13:38.335623,London-af75,-27,64,Normal
2026-04-28 00:13:39.335623,London-af75,15,52,Normal
2026-04-28 00:13:40.335623,London-af75,22,40,Normal
2026-04-28 00:13:41.335623,London-af75,9,42,Normal
2026-04-28 00:13:42.335623,London-af75,1,96,Normal
2026-04-28 00:13:43.335623,London-af75,41,90,Normal
2026-04-28 00:13:44.335623,London-af75,35,68,Normal
2026-04-28 00:13:45.335623,London-af75,20,21,Normal
2026-04-28 00:13:46.335623,London-af75,-26,13,Normal
2026-04-28 00:13:47.335623,London-af75,12,29,Normal
2026-04-28 00:13:48.335623,London-af75,15,75,Normal
2026-04-28 00:13:49.335623,London-af75,16,72,Normal
2026-04-28 00:13:50.335623,London-af75,22,53,Normal
2026-04-28 00:13:51.335623,London-af75,-13,65,Normal
2026-04-28 00:13:52.335623,London-af75,-23,78,Normal
2026-04-28 00:13:53.335623,London-af75,-2,42,Normal
2026-04-28 00:13:54.335623,London-af75,-21,86,Normal
2026-04-28 00:13:55.335623,London-af75,47,97,Normal
2026-04-28 00:13:56.335623,London-af75,-22,12,Normal
2026-04-28 00:13:57.335623,London-af75,14,0,Normal
2026-04-28 00:13:58.335623,London-af75,17,89,Normal
2026-04-28 00:13:59.335623,London-af75,34,58,Normal
2026-04-28 00:14:00.335623,London-af75,-28,69,Normal
2026-04-28 00:14:01.335623,London-af75,21,91,Normal
2026-04-28 00:14:02.335623,London-af75,30,90,Normal
2026-04-28 00:14:03.335623,London-af75,13,91,Normal
2026-04-28 00:14:04.335623,London-af75,47,80,Normal
2026-04-28 00:14:05.335623,London-af75,-24,7,Normal
2026-04-28 00:14:06.335623,London-af75,-19,57,Normal
2026-04-28 00:14:07.335623,London-af75,-12,62,Normal
2026-04-28 00:14:08.335623,London-af75,-24,49,Normal
2026-04-28 00:14:09.335623,London-af75,15,35,Normal
2026-04-28 00:14:10.335623,London-af75,31,67,Normal
2026-04-28 00:14:11.335623,London-af75,-1,61,Normal
2026-04-28 00:14:12.335623,London-af75,-30,64,Normal
2026-04-28 00:14:13.335623,London-af75,-26,90,Normal
2026-04-28 00:14:14.335623,London-af75,18,6,Normal
2026-04-28 00:14:15.335623,London-af75,-21,75,Normal
2026-04-28 00:14:16.335623,London-af75,-30,73,Normal
2026-04-28 00:14:17.335623,London-af75,3,94,Normal
2026-04-28 00:14:18.335623,London-af75,-22,38,Normal
2026-04-28 00:14:19.335623,London-af75,-17,43,Normal
2026-04-28 00:14:20.335623,London-af75,-18,71,Normal
2026-04-28 00:14:21.335623,London-af75,39,95,Normal
2026-04-28 00:14:22.335623,London-af75,-25,43,Normal
2026-04-28 00:14:23.335623,London-af75,29,66,Normal
2026-04-28 00:14:24.335623,London-af75,34,54,Normal
2026-04-28 00:14:25.335623,London-af75,-18,56,Normal
2026-04-28 00:14:26.335623,London-af75,14,47,Normal
2026-04-28 00:14:27.335623,London-af75,26,4,Normal
2026-04-28 00:14:28.335623,London-af75,26,74,Normal
2026-04-28 00:14:29.335623,London-af75,-18,75,Normal
2026-04-28 00:14:30.335623,London-af75,3,84,Normal
2026-04-28 00:14:31.335623,London-af75,47,7,Normal
2026-04-28 00:14:32.335623,London-af75,-16,69,Normal
2026-04-28 00:14:33.335623,London-af75,19,79,Normal
2026-04-28 00:14:34.335623,London-af75,17,50,Normal
2026-04-28 00:14:35.335623,London-af75,46,42,Normal
2026-04-28 00:14:36.335623,London-af75,-17,70,Normal
2026-04-28 00:14:37.335623,London-af75,5,35,Normal
2026-04-28 00:14:38.335623,London-af75,30,69,Normal
2026-04-28 00:14:39.335623,London-af75,10,64,Normal
2026-04-28 00:14:40.335623,London-af75,-15,66,Normal
2026-04-28 00:14:41.335623,London-af75,22,8,Normal
2026-04-28 00:14:42.335623,London-af75,-23,77,Normal
2026-04-28 00:14:43.335623,London-af75,-11,81,Normal
2026-04-28 00:14:44.335623,London-af75,32,24,Normal
2026-04-28 00:14:45.335623,London-af75,-16,2,Normal
2026-04-28 00:14:46.335623,London-af75,-25,54,Normal
2026-04-28 00:14:47.335623,London-af75,35,15,Normal
2026-04-28 00:14:48.335623,London-af75,6,68,Normal
2026-04-28 00:14:49.335623,London-af75,26,2,Normal
2026-04-28 00:14:50.335623,London-af75,14,7,Normal
2026-04-28 00:14:51.335623,London-af75,-12,0,Normal
2026-04-28 00:14:52.335623,London-af75,21,47,Normal
2026-04-28 00:14:53.335623,London-af75,44,60,Normal
2026-04-28 00:14:54.335623,London-af75,-19,78,Normal
2026-04-28 00:14:55.335623,London-af75,-30,60,Normal
2026-04-28 00:14:56.335623,London-af75,-12,100,Normal
2026-04-28 00:14:57.335623,London-af75,10,64,Normal
2026-04-28 00:14:58.335623,London-af75,8,90,Normal
2026-04-28 00:14:59.335623,London-af75,12,5,Normal
2026-04-28 00:15:00.335623,London-af75,-12,49,Normal
2026-04-28 00:15:01.335623,London-af75,-17,39,Normal
2026-04-28 00:15:02.335623,London-af75,-26,5,Normal
2026-04-28 00:15:03.335623,London-af75,45,90,Normal
2026-04-28 00:15:04.335623,London-af75,-23,53,Normal
2026-04-28 00:15:05.335623,London-af75,-23,29,Normal
2026-04-28 00:15:06.335623,London-af75,-7,84,Normal
2026-04-28 00:15:07.335623,London-af75,-6,73,Normal
2026-04-28 00:15:08.335623,London-af75,11,75,Normal
2026-04-28 00:15:09.335623,London-af75,23,79,Normal
2026-04-28 00:15:10.335623,London-af75,16,24,Normal
2026-04-28 00:15:11.335623,London-af75,46,32,Normal
2026-04-28 00:15:12.335623,London-af75,-7,64,Normal
2026-04-28 00:15:13.335623,London-af75,16,11,Normal
2026-04-28 00:15:14.335623,London-af75,-2,16,Normal
2026-04-28 00:15:15.335623,London-af75,-7,3,Normal
2026-04-28 00:15:16.335623,London-af75,4,21,Normal
2026-04-28 00:15:17.335623,London-af75,1,68,Normal
2026-04-28 00:15:18.335623,London-af75,-2,40,Normal
2026-04-28 00:15:19.335623,London-af75,43,93,Normal
2026-04-28 00:15:20.335623,London-af75,-12,8,Normal
2026-04-28 00:15:21.335623,London-af75,37,85,Normal
2026-04-28 00:15:22.335623,London-af75,34,41,Normal
2026-04-28 00:15:23.335623,London-af75,-27,26,Normal
2026-04-28 00:15:24.335623,London-af75,48,23,Normal
2026-04-28 00:15:25.335623,London-af75,39,52,Normal
2026-04-28 00:15:26.335623,London-af75,34,72,Normal
2026-04-28 00:15:27.335623,London-af75,-9,47,Normal
2026-04-28 00:15:28.335623,London-af75,-8,16,Normal
2026-04-28 00:15:29.335623,London-af75,34,57,Normal
2026-04-28 00:15:30.335623,London-af75,-4,95,Normal
2026-04-28 00:15:31.335623,London-af75,18,72,Normal
2026-04-28 00:15:32.335623,London-af75,-19,73,Normal
2026-04-28 00:15:33.335623,London-af75,-10,86,Normal
2026-04-28 00:15:34.335623,London-af75,41,2,Normal
2026-04-28 00:15:35.335623,London-af75,-21,21,Normal
2026-04-28 00:15:36.335623,London-af75,-27,15,Normal
2026-04-28 00:15:37.335623,London-af75,16,51,Normal
2026-04-28 00:15:38.335623,London-af75,38,32,Normal
2026-04-28 00:15:39.335623,London-af75,27,18,Normal
2026-04-28 00:15:40.335623,London-af75,6,33,Normal
2026-04-28 00:15:41.335623,London-af75,38,36,Normal
2026-04-28 00:15:42.335623,London-af75,-26,3,Normal
2026-04-28 00:15:43.335623,London-af75,-10,70,Normal
2026-04-28 00:15:44.335623,London-af75,11,59,Normal
2026-04-28 00:15:45.335623,London-af75,-26,10,Normal
2026-04-28 00:15:46.335623,London-af75,48,97,Normal
2026-04-28 00:15:47.335623,London-af75,12,5,Normal
2026-04-28 00:15:48.335623,London-af75,18,37,Normal
2026-04-28 00:15:49.335623,London-af75,4,89,Normal
2026-04-28 00:15:50.335623,London-af75,2,90,Normal
2026-04-28 00:15:51.335623,London-af75,-16,58,Normal
2026-04-28 00:15:52.335623,London-af75,21,2,Normal
2026-04-28 00:15:53.335623,London-af75,28,3,Normal
2026-04-28 00:15:54.335623,London-af75,-23,14,Normal
2026-04-28 00:15:55.335623,London-af75,-22,2,Normal
2026-04-28 00:15:56.335623,London-af75,47,49,Normal
2026-04-28 00:15:57.335623,London-af75,3,25,Normal
2026-04-28 00:15:58.335623,London-af75,47,64,Normal
2026-04-28 00:15:59.335623,London-af75,47,39,Normal
2026-04-28 00:16:00.335623,London-af75,-9,72,Normal
2026-04-28 00:16:01.335623,London-af75,-5,30,Normal
2026-04-28 00:16:02.335623,London-af75,-4,91,Normal
2026-04-28 00:16:03.335623,London-af75,1,83,Normal
2026-04-28 00:16:04.335623,London-af75,23,21,Normal
2026-04-28 00:16:05.335623,London-af75,39,82,Normal
2026-04-28 00:16:06.335623,London-af75,-21,10,Normal
2026-04-28 00:16:07.335623,London-af75,44,9,Normal
2026-04-28 00:16:08.335623,London-af75,-15,79,Normal
2026-04-28 00:16:09.335623,London-af75,22,83,Normal
2026-04-28 00:16:10.335623,London-af75,14,63,Normal
2026-04-28 00:16:11.335623,London-af75,43,100,Normal
2026-04-28 00:16:12.335623,London-af75,-20,80,Normal
2026-04-28 00:16:13.335623,London-af75,2,69,Normal
2026-04-28 00:16:14.335623,London-af75,48,9,Normal
2026-04-28 00:16:15.335623,London-af75,28,17,Normal
2026-04-28 00:16:16.335623,London-af75,0,55,Normal
2026-04-28 00:16:17.335623,London-af75,38,75,Normal
2026-04-28 00:16:18.335623,London-af75,29,58,Normal
2026-04-28 00:16:19.335623,London-af75,-15,51,Normal
2026-04-28 00:16:20.335623,London-af75,2,37,Normal
2026-04-28 00:16:21.335623,London-af75,-18,36,Normal
2026-04-28 00:16:22.335623,London-af75,13,88,Normal
2026-04-28 00:16:23.335623,London-af75,19,41,Normal
2026-04-28 00:16:24.335623,London-af75,27,28,Normal
2026-04-28 00:16:25.335623,London-af75,-14,76,Normal
2026-04-28 00:16:26.335623,London-af75,-18,27,Normal
2026-04-28 00:16:27.335623,London-af75,24,38,Normal
2026-04-28 00:16:28.335623,London-af75,35,91,Normal
2026-04-28 00:16:29.335623,London-af75,24,3,Normal
2026-04-28 00:16:30.335623,London-af75,2,74,Normal
2026-04-28 00:16:31.335623,London-af75,-17,16,Normal
2026-04-28 00:16:32.335623,London-af75,-8,7,Normal
2026-04-28 00:16:33.335623,London-af75,19,16,Normal
2026-04-28 00:16:34.335623,London-af75,-29,44,Normal
2026-04-28 00:16:35.335623,London-af75,6,21,Normal
2026-04-28 00:16:36.335623,London-af75,-22,24,Normal
2026-04-28 00:16:37.335623,London-af75,6,68,Normal
2026-04-28 00:16:38.335623,London-af75,1,17,Normal
2026-04-28 00:16:39.335623,London-af75,33,19,Normal
2026-04-28 00:16:40.335623,London-af75,-12,20,Normal
2026-04-28 00:16:41.335623,London-af75,-3,94,Normal
2026-04-28 00:16:42.335623,London-af75,-24,88,Normal
2026-04-28 00:16:43.335623,London-af75,-18,64,Normal
2026-04-28 00:16:44.335623,London-af75,33,49,Normal
2026-04-28 00:16:45.335623,London-af75,44,87,Normal
2026-04-28 00:16:46.335623,London-af75,-7,32,Normal
2026-04-28 00:16:47.335623,London-af75,-7,13,Normal
2026-04-28 00:16:48.335623,London-af75,10,11,Normal
2026-04-28 00:16:49.335623,London-af75,48,51,Normal
2026-04-28 00:16:50.335623,London-af75,22,10,Normal
2026-04-28 00:16:51.335623,London-af75,-3,43,Normal
2026-04-28 00:16:52.335623,London-af75,-25,92,Normal
2026-04-28 00:16:53.335623,London-af75,-6,98,Normal
2026-04-28 00:16:54.335623,London-af75,15,10,Normal
2026-04-28 00:16:55.335623,London-af75,-15,73,Normal
2026-04-28 00:16:56.335623,London-af75,-11,81,Normal
2026-04-28 00:16:57.335623,London-af75,25,70,Normal
2026-04-28 00:16:58.335623,London-af75,45,64,Normal
2026-04-28 00:16:59.335623,London-af75,45,13,Normal
2026-04-28 00:17:00.335623,London-af75,41,73,Normal
2026-04-28 00:17:01.335623,London-af75,19,29,Normal
2026-04-28 00:17:02.335623,London-af75,34,52,Normal
2026-04-28 00:17:03.335623,London-af75,50,88,Normal
2026-04-28 00:17:04.335623,London-af75,23,34,Normal
2026-04-28 00:17:05.335623,London-af75,-17,26,Normal
2026-04-28 00:17:06.335623,London-af75,32,19,Normal
2026-04-28 00:17:07.335623,London-af75,38,88,Normal
2026-04-28 00:17:08.335623,London-af75,7,39,Normal
2026-04-28 00:17:09.335623,London-af75,-22,87,Normal
2026-04-28 00:17:10.335623,London-af75,26,64,Normal
2026-04-28 00:17:11.335623,London-af75,8,88,Normal
2026-04-28 00:17:12.335623,London-af75,-19,82,Normal
2026-04-28 00:17:13.335623,London-af75,14,69,Normal
2026-04-28 00:17:14.335623,London-af75,-4,94,Normal
2026-04-28 00:17:15.335623,London-af75,-8,100,Normal
2026-04-28 00:17:16.335623,London-af75,45,4,Normal
2026-04-28 00:17:17.335623,London-af75,38,68,Normal
2026-04-28 00:17:18.335623,London-af75,39,93,Normal
2026-04-28 00:17:19.335623,London-af75,-19,88,Normal
2026-04-28 00:17:20.335623,London-af75,-5,39,Normal
2026-04-28 00:17:21.335623,London-af75,-16,83,Normal
2026-04-28 00:17:22.335623,London-af75,-25,60,Normal
2026-04-28 00:17:23.335623,London-af75,-8,81,Normal
2026-04-28 00:17:24.335623,London-af75,23,95,Normal
2026-04-28 00:17:25.335623,London-af75,-5,22,Normal
2026-04-28 00:17:26.335623,London-af75,50,9,Normal
2026-04-28 00:17:27.335623,London-af75,50,60,Normal
2026-04-28 00:17:28.335623,London-af75,-13,59,Normal
2026-04-28 00:17:29.335623,London-af75,31,90,Normal
2026-04-28 00:17:30.335623,London-af75,38,38,Normal
2026-04-28 00:17:31.335623,London-af75,46,31,Normal
2026-04-28 00:17:32.335623,London-af75,46,27,Normal
2026-04-28 00:17:33.335623,London-af75,-18,16,Normal
2026-04-28 00:17:34.335623,London-af75,12,34,Normal
2026-04-28 00:17:35.335623,London-af75,31,3,Normal
2026-04-28 00:17:36.335623,London-af75,2,87,Normal
2026-04-28 00:17:37.335623,London-af75,19,97,Normal
2026-04-28 00:17:38.335623,London-af75,24,49,Normal
2026-04-28 00:17:39.335623,London-af75,25,52,Normal
2026-04-28 00:17:40.335623,London-af75,23,34,Normal
2026-04-28 00:17:41.335623,London-af75,-27,57,Normal
2026-04-28 00:17:42.335623,London-af75,8,69,Normal
2026-04-28 00:17:43.335623,London-af75,28,53,Normal
2026-04-28 00:17:44.335623,London-af75,-2,82,Normal
2026-04-28 00:17:45.335623,London-af75,-8,9,Normal
2026-04-28 00:17:46.335623,London-af75,11,62,Normal
2026-04-28 00:17:47.335623,London-af75,-12,25,Normal
2026-04-28 00:17:48.335623,London-af75,45,32,Normal
2026-04-28 00:17:49.335623,London-af75,-15,31,Normal
2026-04-28 00:17:50.335623,London-af75,10,62,Normal
2026-04-28 00:17:51.335623,London-af75,-10,96,Normal
2026-04-28 00:17:52.335623,London-af75,46,60,Normal
2026-04-28 00:17:53.335623,London-af75,1,80,Normal
2026-04-28 00:17:54.335623,London-af75,-29,1,Normal
2026-04-28 00:17:55.335623,London-af75,2,81,Normal
2026-04-28 00:17:56.335623,London-af75,-9,81,Normal
2026-04-28 00:17:57.335623,London-af75,-24,17,Normal
2026-04-28 00:17:58.335623,London-af75,-20,88,Normal
2026-04-28 00:17:59.335623,London-af75,26,69,Normal
2026-04-28 00:18:00.335623,London-af75,27,10,Normal
2026-04-28 00:18:01.335623,London-af75,-23,80,Normal
2026-04-28 00:18:02.335623,London-af75,43,4,Normal
2026-04-28 00:18:03.335623,London-af75,-2,0,Normal
2026-04-28 00:18:04.335623,London-af75,33,30,Normal
2026-04-28 00:18:05.335623,London-af75,-27,98,Normal
2026-04-28 00:18:06.335623,London-af75,17,79,Normal
2026-04-28 00:18:07.335623,London-af75,-27,79,Normal
2026-04-28 00:18:08.335623,London-af75,35,46,Normal
2026-04-28 00:18:09.335623,London-af75,-13,38,Normal
2026-04-28 00:18:10.335623,London-af75,4,17,Normal
2026-04-28 00:18:11.335623,London-af75,-30,7,Normal
2026-04-28 00:18:12.335623,London-af75,46,49,Normal
2026-04-28 00:18:13.335623,London-af75,31,5,Normal
2026-04-28 00:18:14.335623,London-af75,-10,62,Normal
2026-04-28 00:18:15.335623,London-af75,12,64,Normal
2026-04-28 00:18:16.335623,London-af75,-16,94,Normal
2026-04-28 00:18:17.335623,London-af75,-17,26,Normal
2026-04-28 00:18:18.335623,London-af75,43,72,Normal
2026-04-28 00:18:19.335623,London-af75,50,79,Normal
2026-04-28 00:18:20.335623,London-af75,47,5,Normal
2026-04-28 00:18:21.335623,London-af75,21,38,Normal
2026-04-28 00:18:22.335623,London-af75,-14,52,Normal
2026-04-28 00:18:23.335623,London-af75,34,74,Normal
2026-04-28 00:18:24.335623,London-af75,-9,88,Normal
2026-04-28 00:18:25.335623,London-af75,17,3,Normal
2026-04-28 00:18:26.335623,London-af75,46,90,Normal
2026-04-28 00:18:27.335623,London-af75,-3,86,Normal
2026-04-28 00:18:28.335623,London-af75,-10,30,Normal
2026-04-28 00:18:29.335623,London-af75,-10,57,Normal
2026-04-28 00:18:30.335623,London-af75,37,8,Normal
2026-04-28 00:18:31.335623,London-af75,1,58,Normal
2026-04-28 00:18:32.335623,London-af75,48,10,Normal
2026-04-28 00:18:33.335623,London-af75,-26,40,Normal
2026-04-28 00:18:34.335623,London-af75,-28,86,Normal
2026-04-28 00:18:35.335623,London-af75,35,19,Normal
2026-04-28 00:18:36.335623,London-af75,11,81,Normal
2026-04-28 00:18:37.335623,London-af75,45,3,Normal
2026-04-28 00:18:38.335623,London-af75,-30,28,Normal
2026-04-28 00:18:39.335623,London-af75,-14,40,Normal
2026-04-28 00:18:40.335623,London-af75,-2,49,Normal
2026-04-28 00:18:41.335623,London-af75,-15,48,Normal
2026-04-28 00:18:42.335623,London-af75,19,67,Normal
2026-04-28 00:18:43.335623,London-af75,10,78,Normal
2026-04-28 00:18:44.335623,London-af75,26,21,Normal
2026-04-28 00:18:45.335623,London-af75,47,12,Normal
2026-04-28 00:18:46.335623,London-af75,3,76,Normal
2026-04-28 00:18:47.335623,London-af75,44,9,Normal
2026-04-28 00:18:48.335623,London-af75,41,96,Normal
2026-04-28 00:18:49.335623,London-af75,-21,89,Normal
2026-04-28 00:18:50.335623,London-af75,10,1,Normal
2026-04-28 00:18:51.335623,London-af75,43,7,Normal
2026-04-28 00:18:52.335623,London-af75,2,29,Normal
2026-04-28 00:18:53.335623,London-af75,13,29,Normal
2026-04-28 00:18:54.335623,London-af75,-29,44,Normal
2026-04-28 00:18:55.335623,London-af75,5,47,Normal
2026-04-28 00:18:56.335623,London-af75,-6,86,Normal
2026-04-28 00:18:57.335623,London-af75,25,85,Normal
2026-04-28 00:18:58.335623,London-af75,33,2,Normal
2026-04-28 00:18:59.335623,London-af75,40,51,Normal
2026-04-28 00:19:00.335623,London-af75,24,82,Normal
2026-04-28 00:19:01.335623,London-af75,37,67,Normal
2026-04-28 00:19:02.335623,London-af75,-27,99,Normal
2026-04-28 00:19:03.335623,London-af75,-1,60,Normal
2026-04-28 00:19:04.335623,London-af75,-21,57,Normal
2026-04-28 00:19:05.335623,London-af75,27,55,Normal
2026-04-28 00:19:06.335623,London-af75,-10,96,Normal
2026-04-28 00:19:07.335623,London-af75,28,87,Normal
2026-04-28 00:19:08.335623,London-af75,-3,20,Normal
2026-04-28 00:19:09.335623,London-af75,-8,34,Normal
2026-04-28 00:19:10.335623,London-af75,29,38,Normal
2026-04-28 00:19:11.335623,London-af75,-15,73,Normal
2026-04-28 00:19:12.335623,London-af75,7,47,Normal
2026-04-28 00:19:13.335623,London-af75,32,21,Normal
2026-04-28 00:19:14.335623,London-af75,39,31,Normal
2026-04-28 00:19:15.335623,London-af75,26,48,Normal
2026-04-28 00:19:16.335623,London-af75,-4,12,Normal
2026-04-28 00:19:17.335623,London-af75,11,45,Normal
2026-04-28 00:19:18.335623,London-af75,-16,69,Normal
2026-04-28 00:19:19.335623,London-af75,12,78,Normal
2026-04-28 00:19:20.335623,London-af75,24,5,Normal
2026-04-28 00:19:21.335623,London-af75,-29,43,Normal
2026-04-28 00:19:22.335623,London-af75,16,58,Normal
2026-04-28 00:19:23.335623,London-af75,21,4,Normal
2026-04-28 00:19:24.335623,London-af75,41,90,Normal
2026-04-28 00:19:25.335623,London-af75,44,68,Normal
2026-04-28 00:19:26.335623,London-af75,28,16,Normal
2026-04-28 00:19:27.335623,London-af75,10,43,Normal
2026-04-28 00:19:28.335623,London-af75,40,11,Normal
2026-04-28 00:19:29.335623,London-af75,-24,51,Normal
2026-04-28 00:19:30.335623,London-af75,-7,9,Normal
2026-04-28 00:19:31.335623,London-af75,42,91,Normal
2026-04-28 00:19:32.335623,London-af75,16,58,Normal
2026-04-28 00:19:33.335623,London-af75,26,30,Normal
2026-04-28 00:19:34.335623,London-af75,31,21,Normal
2026-04-28 00:19:35.335623,London-af75,36,14,Normal
2026-04-28 00:19:36.335623,London-af75,-20,59,Normal
2026-04-28 00:19:37.335623,London-af75,-6,64,Normal
2026-04-28 00:19:38.335623,London-af75,-3,3,Normal
2026-04-28 00:19:39.335623,London-af75,21,44,Normal
2026-04-28 00:19:40.335623,London-af75,38,40,Normal
2026-04-28 00:19:41.335623,London-af75,0,0,Normal
2026-04-28 00:19:42.335623,London-af75,15,96,Normal
2026-04-28 00:19:43.335623,London-af75,40,88,Normal
2026-04-28 00:19:44.335623,London-af75,1,29,Normal
2026-04-28 00:19:45.335623,London-af75,-18,62,Normal
2026-04-28 00:19:46.335623,London-af75,2,32,Normal
2026-04-28 00:19:47.335623,London-af75,1,42,Normal
2026-04-28 00:19:48.335623,London-af75,36,41,Normal
2026-04-28 00:19:49.335623,London-af75,23,37,Normal
2026-04-28 00:19:50.335623,London-af75,-25,34,Normal
2026-04-28 00:19:51.335623,London-af75,28,61,Normal
2026-04-28 00:19:52.335623,London-af75,-10,62,Normal
2026-04-28 00:19:53.335623,London-af75,-6,61,Normal
2026-04-28 00:19:54.335623,London-af75,30,57,Normal
2026-04-28 00:19:55.335623,London-af75,39,51,Normal
2026-04-28 00:19:56.335623,London-af75,41,43,Normal
2026-04-28 00:19:57.335623,London-af75,15,71,Normal
2026-04-28 00:19:58.335623,London-af75,38,1,Normal
2026-04-28 00:19:59.335623,London-af75,-26,40,Normal
2026-04-28 00:20:00.335623,London-af75,-9,57,Normal
2026-04-28 00:20:01.335623,London-af75,3,35,Normal
2026-04-28 00:20:02.335623,London-af75,39,2,Normal
2026-04-28 00:20:03.335623,London-af75,-19,56,Normal
2026-04-28 00:20:04.335623,London-af75,-8,13,Normal
2026-04-28 00:20:05.335623,London-af75,0,71,Normal
2026-04-28 00:20:06.335623,London-af75,-4,28,Normal
2026-04-28 00:20:07.335623,London-af75,44,19,Normal
2026-04-28 00:20:08.335623,London-af75,-23,91,Normal
2026-04-28 00:20:09.335623,London-af75,24,1,Normal
2026-04-28 00:20:10.335623,London-af75,3,8,Normal
2026-04-28 00:20:11.335623,London-af75,31,41,Normal
2026-04-28 00:20:12.335623,London-af75,-28,16,Normal
2026-04-28 00:20:13.335623,London-af75,2,74,Normal
2026-04-28 00:20:14.335623,London-af75,-10,67,Normal
2026-04-28 00:20:15.335623,London-af75,-11,27,Normal
2026-04-28 00:20:16.335623,London-af75,-1,54,Normal
2026-04-28 00:20:17.335623,London-af75,-30,8,Normal
2026-04-28 00:20:18.335623,London-af75,-9,58,Normal
2026-04-28 00:20:19.335623,London-af75,-22,56,Normal
2026-04-28 00:20:20.335623,London-af75,-9,83,Normal
2026-04-28 00:20:21.335623,London-af75,39,99,Normal
2026-04-28 00:20:22.335623,London-af75,32,52,Normal
2026-04-28 00:20:23.335623,London-af75,4,72,Normal
2026-04-28 00:20:24.335623,London-af75,13,68,Normal
2026-04-28 00:20:25.335623,London-af75,46,71,Normal
2026-04-28 00:20:26.335623,London-af75,0,32,Normal
2026-04-28 00:20:27.335623,London-af75,-11,92,Normal
2026-04-28 00:20:28.335623,London-af75,4,58,Normal
2026-04-28 00:20:29.335623,London-af75,37,44,Normal
2026-04-28 00:20:30.335623,London-af75,-25,67,Normal
2026-04-28 00:20:31.335623,London-af75,29,44,Normal
2026-04-28 00:20:32.335623,London-af75,45,62,Normal
2026-04-28 00:20:33.335623,London-af75,-27,38,Normal
2026-04-28 00:20:34.335623,London-af75,27,56,Normal
2026-04-28 00:20:35.335623,London-af75,-22,39,Normal
2026-04-28 00:20:36.335623,London-af75,-5,100,Normal
2026-04-28 00:20:37.335623,London-af75,29,24,Normal
2026-04-28 00:20:38.335623,London-af75,8,98,Normal
2026-04-28 00:20:39.335623,London-af75,-6,97,Normal
2026-04-28 00:20:40.335623,London-af75,45,52,Normal
2026-04-28 00:20:41.335623,London-af75,44,92,Normal
2026-04-28 00:20:42.335623,London-af75,-9,25,Normal
2026-04-28 00:20:43.335623,London-af75,3,32,Normal
2026-04-28 00:20:44.335623,London-af75,4,12,Normal
2026-04-28 00:20:45.335623,London-af75,16,33,Normal
2026-04-28 00:20:46.335623,London-af75,-26,51,Normal
2026-04-28 00:20:47.335623,London-af75,49,74,Normal
2026-04-28 00:20:48.335623,London-af75,1,35,Normal
2026-04-28 00:20:49.335623,London-af75,19,11,Normal
2026-04-28 00:20:50.335623,London-af75,23,45,Normal
2026-04-28 00:20:51.335623,London-af75,-13,38,Normal
2026-04-28 00:20:52.335623,London-af75,49,18,Normal
2026-04-28 00:20:53.335623,London-af75,17,13,Normal
2026-04-28 00:20:54.335623,London-af75,7,17,Normal
2026-04-28 00:20:55.335623,London-af75,-21,21,Normal
2026-04-28 00:20:56.335623,London-af75,27,91,Normal
2026-04-28 00:20:57.335623,London-af75,15,51,Normal
2026-04-28 00:20:58.335623,London-af75,33,45,Normal
2026-04-28 00:20:59.335623,London-af75,31,73,Normal
2026-04-28 00:21:00.335623,London-af75,20,52,Normal
2026-04-28 00:21:01.335623,London-af75,1,69,Normal
2026-04-28 00:21:02.335623,London-af75,20,84,Normal
2026-04-28 00:21:03.335623,London-af75,7,84,Normal
2026-04-28 00:21:04.335623,London-af75,11,23,Normal
2026-04-28 00:21:05.335623,London-af75,50,22,Normal
2026-04-28 00:21:06.335623,London-af75,-25,93,Normal
2026-04-28 00:21:07.335623,London-af75,24,75,Normal
2026-04-28 00:21:08.335623,London-af75,18,36,Normal
2026-04-28 00:21:09.335623,London-af75,-11,70,Normal
2026-04-28 00:21:10.335623,London-af75,21,42,Normal
2026-04-28 00:21:11.335623,London-af75,-30,72,Normal
2026-04-28 00:21:12.335623,London-af75,18,2,Normal
2026-04-28 00:21:13.335623,London-af75,17,77,Normal
2026-04-28 00:21:14.335623,London-af75,13,54,Normal
2026-04-28 00:21:15.335623,London-af75,6,92,Normal
2026-04-28 00:21:16.335623,London-af75,37,58,Normal
2026-04-28 00:21:17.335623,London-af75,47,76,Normal
2026-04-28 00:21:18.335623,London-af75,45,15,Normal
2026-04-28 00:21:19.335623,London-af75,44,89,Normal
2026-04-28 00:21:20.335623,London-af75,50,55,Normal
2026-04-28 00:21:21.335623,London-af75,-28,92,Normal
2026-04-28 00:21:22.335623,London-af75,6,73,Normal
2026-04-28 00:21:23.335623,London-af75,-6,32,Normal
2026-04-28 00:21:24.335623,London-af75,-22,61,Normal
2026-04-28 00:21:25.335623,London-af75,-19,65,Normal
2026-04-28 00:21:26.335623,London-af75,7,97,Normal
2026-04-28 00:21:27.335623,London-af75,26,31,Normal
2026-04-28 00:21:28.335623,London-af75,22,97,Normal
2026-04-28 00:21:29.335623,London-af75,-9,38,Normal
2026-04-28 00:21:30.335623,London-af75,42,29,Normal
2026-04-28 00:21:31.335623,London-af75,25,63,Normal
2026-04-28 00:21:32.335623,London-af75,-3,19,Normal
2026-04-28 00:21:33.335623,London-af75,14,50,Normal
2026-04-28 00:21:34.335623,London-af75,33,37,Normal
2026-04-28 00:21:35.335623,London-af75,48,24,Normal
2026-04-28 00:21:36.335623,London-af75,27,67,Normal
2026-04-28 00:21:37.335623,London-af75,19,14,Normal
2026-04-28 00:21:38.335623,London-af75,47,98,Normal
2026-04-28 00:21:39.335623,London-af75,50,23,Normal
2026-04-28 00:21:40.335623,London-af75,-3,36,Normal
2026-04-28 00:21:41.335623,London-af75,-26,10,Normal
2026-04-28 00:21:42.335623,London-af75,39,18,Normal
2026-04-28 00:21:43.335623,London-af75,-24,67,Normal
2026-04-28 00:21:44.335623,London-af75,9,70,Normal
2026-04-28 00:21:45.335623,London-af75,13,8,Normal
2026-04-28 00:21:46.335623,London-af75,-18,51,Normal
2026-04-28 00:21:47.335623,London-af75,42,14,Normal
2026-04-28 00:21:48.335623,London-af75,-17,39,Normal
2026-04-28 00:21:49.335623,London-af75,25,23,Normal
2026-04-28 00:21:50.335623,London-af75,7,33,Normal
2026-04-28 00:21:51.335623,London-af75,28,26,Normal
2026-04-28 00:21:52.335623,London-af75,9,14,Normal
2026-04-28 00:21:53.335623,London-af75,9,92,Normal
2026-04-28 00:21:54.335623,London-af75,7,79,Normal
2026-04-28 00:21:55.335623,London-af75,32,64,Normal
2026-04-28 00:21:56.335623,London-af75,-28,31,Normal
2026-04-28 00:21:57.335623,London-af75,7,8,Normal
2026-04-28 00:21:58.335623,London-af75,16,27,Normal
2026-04-28 00:21:59.335623,London-af75,-22,8,Normal
2026-04-28 00:22:00.335623,London-af75,21,83,Normal
2026-04-28 00:22:01.335623,London-af75,-23,62,Normal
2026-04-28 00:22:02.335623,London-af75,7,30,Normal
2026-04-28 00:22:03.335623,London-af75,7,71,Normal
2026-04-28 00:22:04.335623,London-af75,37,78,Normal
2026-04-28 00:22:05.335623,London-af75,-27,30,Normal
2026-04-28 00:22:06.335623,London-af75,4,94,Normal
2026-04-28 00:22:07.335623,London-af75,33,17,Normal
2026-04-28 00:22:08.335623,London-af75,-10,21,Normal
2026-04-28 00:22:09.335623,London-af75,2,22,Normal
2026-04-28 00:22:10.335623,London-af75,37,3,Normal
2026-04-28 00:22:11.335623,London-af75,2,78,Normal
2026-04-28 00:22:12.335623,London-af75,21,82,Normal
2026-04-28 00:22:13.335623,London-af75,-3,95,Normal
2026-04-28 00:22:14.335623,London-af75,46,70,Normal
2026-04-28 00:22:15.335623,London-af75,-8,84,Normal
2026-04-28 00:22:16.335623,London-af75,27,50,Normal
2026-04-28 00:22:17.335623,London-af75,14,98,Normal
2026-04-28 00:22:18.335623,London-af75,32,85,Normal
2026-04-28 00:22:19.335623,London-af75,8,44,Normal
2026-04-28 00:22:20.335623,London-af75,8,77,Normal
2026-04-28 00:22:21.335623,London-af75,-18,43,Normal
2026-04-28 00:22:22.335623,London-af75,-25,46,Normal
2026-04-28 00:22:23.335623,London-af75,-22,33,Normal
2026-04-28 00:22:24.335623,London-af75,2,89,Normal
2026-04-28 00:22:25.335623,London-af75,-2,8,Normal
2026-04-28 00:22:26.335623,London-af75,10,100,Normal
2026-04-28 00:22:27.335623,London-af75,10,85,Normal
2026-04-28 00:22:28.335623,London-af75,11,61,Normal
2026-04-28 00:22:29.335623,London-af75,28,82,Normal
2026-04-28 00:22:30.335623,London-af75,-23,39,Normal
2026-04-28 00:22:31.335623,London-af75,-3,23,Normal
2026-04-28 00:22:32.335623,London-af75,4,30,Normal
2026-04-28 00:22:33.335623,London-af75,-16,84,Normal
2026-04-28 00:22:34.335623,London-af75,44,82,Normal
2026-04-28 00:22:35.335623,London-af75,38,33,Normal
2026-04-28 00:22:36.335623,London-af75,-3,23,Normal
2026-04-28 00:22:37.335623,London-af75,-2,10,Normal
2026-04-28 00:22:38.335623,London-af75,-12,73,Normal
2026-04-28 00:22:39.335623,London-af75,27,61,Normal
2026-04-28 00:22:40.335623,London-af75,2,18,Normal
2026-04-28 00:22:41.335623,London-af75,41,21,Normal
2026-04-28 00:22:42.335623,London-af75,19,34,Normal
2026-04-28 00:22:43.335623,London-af75,-25,38,Normal
2026-04-28 00:22:44.335623,London-af75,11,50,Normal
2026-04-28 00:22:45.335623,London-af75,-14,53,Normal
2026-04-28 00:22:46.335623,London-af75,-6,29,Normal
2026-04-28 00:22:47.335623,London-af75,24,80,Normal
2026-04-28 00:22:48.335623,London-af75,32,45,Normal
2026-04-28 00:22:49.335623,London-af75,36,90,Normal
2026-04-28 00:22:50.335623,London-af75,5,65,Normal
2026-04-28 00:22:51.335623,London-af75,21,55,Normal
2026-04-28 00:22:52.335623,London-af75,-15,50,Normal
2026-04-28 00:22:53.335623,London-af75,15,85,Normal
2026-04-28 00:22:54.335623,London-af75,14,48,Normal
2026-04-28 00:22:55.335623,London-af75,-17,8,Normal
2026-04-28 00:22:56.335623,London-af75,-16,34,Normal
2026-04-28 00:22:57.335623,London-af75,-24,92,Normal
2026-04-28 00:22:58.335623,London-af75,17,48,Normal
2026-04-28 00:22:59.335623,London-af75,30,77,Normal
2026-04-28 00:23:00.335623,London-af75,-9,96,Normal
2026-04-28 00:23:01.335623,London-af75,15,84,Normal
2026-04-28 00:23:02.335623,London-af75,21,90,Normal
2026-04-28 00:23:03.335623,London-af75,18,42,Normal
2026-04-28 00:23:04.335623,London-af75,-26,0,Normal
2026-04-28 00:23:05.335623,London-af75,3,6,Normal
2026-04-28 00:23:06.335623,London-af75,18,43,Normal
2026-04-28 00:23:07.335623,London-af75,8,80,Normal
2026-04-28 00:23:08.335623,London-af75,44,33,Normal
2026-04-28 00:23:09.335623,London-af75,34,51,Normal
2026-04-28 00:23:10.335623,London-af75,38,99,Normal
2026-04-28 00:23:11.335623,London-af75,-21,35,Normal
2026-04-28 00:23:12.335623,London-af75,36,44,Normal
2026-04-28 00:23:13.335623,London-af75,10,2,Normal
2026-04-28 00:23:14.335623,London-af75,21,83,Normal
2026-04-28 00:23:15.335623,London-af75,50,25,Normal
2026-04-28 00:23:16.335623,London-af75,44,29,Normal
2026-04-28 00:23:17.335623,London-af75,23,79,Normal
2026-04-28 00:23:18.335623,London-af75,40,37,Normal
2026-04-28 00:23:19.335623,London-af75,34,96,Normal
2026-04-28 00:23:20.335623,London-af75,27,1,Normal
2026-04-28 00:23:21.335623,London-af75,29,4,Normal
2026-04-28 00:23:22.335623,London-af75,-20,62,Normal
2026-04-28 00:23:23.335623,London-af75,50,93,Normal
2026-04-28 00:23:24.335623,London-af75,-29,48,Normal
2026-04-28 00:23:25.335623,London-af75,9,37,Normal
2026-04-28 00:23:26.335623,London-af75,17,75,Normal
2026-04-28 00:23:27.335623,London-af75,-26,70,Normal
2026-04-28 00:23:28.335623,London-af75,-27,77,Normal
2026-04-28 00:23:29.335623,London-af75,-24,35,Normal
2026-04-28 00:23:30.335623,London-af75,20,17,Normal
2026-04-28 00:23:31.335623,London-af75,-21,91,Normal
2026-04-28 00:23:32.335623,London-af75,40,89,Normal
2026-04-28 00:23:33.335623,London-af75,-18,94,Normal
2026-04-28 00:23:34.335623,London-af75,19,18,Normal
2026-04-28 00:23:35.335623,London-af75,-1,46,Normal
2026-04-28 00:23:36.335623,London-af75,5,100,Normal
2026-04-28 00:23:37.335623,London-af75,7,6,Normal
2026-04-28 00:23:38.335623,London-af75,10,53,Normal
2026-04-28 00:23:39.335623,London-af75,15,27,Normal
2026-04-28 00:23:40.335623,London-af75,39,63,Normal
2026-04-28 00:23:41.335623,London-af75,-2,90,Normal
2026-04-28 00:23:42.335623,London-af75,-6,51,Normal
2026-04-28 00:23:43.335623,London-af75,-12,0,Normal
2026-04-28 00:23:44.335623,London-af75,-23,49,Normal
2026-04-28 00:23:45.335623,London-af75,42,35,Normal
2026-04-28 00:23:46.335623,London-af75,2,72,Normal
2026-04-28 00:23:47.335623,London-af75,37,5,Normal
2026-04-28 00:23:48.335623,London-af75,17,1,Normal
2026-04-28 00:23:49.335623,London-af75,-9,79,Normal
2026-04-28 00:23:50.335623,London-af75,46,52,Normal
2026-04-28 00:23:51.335623,London-af75,-20,18,Normal
2026-04-28 00:23:52.335623,London-af75,26,71,Normal
2026-04-28 00:23:53.335623,London-af75,25,15,Normal
2026-04-28 00:23:54.335623,London-af75,-21,39,Normal
2026-04-28 00:23:55.335623,London-af75,30,78,Normal
2026-04-28 00:23:56.335623,London-af75,7,65,Normal
2026-04-28 00:23:57.335623,London-af75,-12,15,Normal
2026-04-28 00:23:58.335623,London-af75,-27,0,Normal
2026-04-28 00:23:59.335623,London-af75,24,62,Normal
2026-04-28 00:24:00.335623,London-af75,36,40,Normal
2026-04-28 00:24:01.335623,London-af75,20,61,Normal
2026-04-28 00:24:02.335623,London-af75,26,1,Normal
2026-04-28 00:24:03.335623,London-af75,31,93,Normal
2026-04-28 00:24:04.335623,London-af75,-20,55,Normal
2026-04-28 00:24:05.335623,London-af75,13,26,Normal
2026-04-28 00:24:06.335623,London-af75,19,0,Normal
2026-04-28 00:24:07.335623,London-af75,34,94,Normal
2026-04-28 00:24:08.335623,London-af75,-11,44,Normal
2026-04-28 00:24:09.335623,London-af75,-30,58,Normal
2026-04-28 00:24:10.335623,London-af75,8,54,Normal
2026-04-28 00:24:11.335623,London-af75,20,12,Normal
2026-04-28 00:24:12.335623,London-af75,33,71,Normal
2026-04-28 00:24:13.335623,London-af75,-30,34,Normal
2026-04-28 00:24:14.335623,London-af75,2,42,Normal
2026-04-28 00:24:15.335623,London-af75,24,23,Normal
2026-04-28 00:24:16.335623,London-af75,42,96,Normal
2026-04-28 00:24:17.335623,London-af75,40,77,Normal
2026-04-28 00:24:18.335623,London-af75,5,62,Normal
2026-04-28 00:24:19.335623,London-af75,11,15,Normal
2026-04-28 00:24:20.335623,London-af75,23,10,Normal
2026-04-28 00:24:21.335623,London-af75,-30,54,Normal
2026-04-28 00:24:22.335623,London-af75,14,90,Normal
2026-04-28 00:24:23.335623,London-af75,17,97,Normal
2026-04-28 00:24:24.335623,London-af75,0,14,Normal
2026-04-28 00:24:25.335623,London-af75,5,14,Normal
2026-04-28 00:24:26.335623,London-af75,5,35,Normal
2026-04-28 00:24:27.335623,London-af75,29,80,Normal
2026-04-28 00:24:28.335623,London-af75,16,89,Normal
2026-04-28 00:24:29.335623,London-af75,11,26,Normal
2026-04-28 00:24:30.335623,London-af75,-19,7,Normal
2026-04-28 00:24:31.335623,London-af75,20,38,Normal
2026-04-28 00:24:32.335623,London-af75,1,39,Normal
2026-04-28 00:24:33.335623,London-af75,35,16,Normal
2026-04-28 00:24:34.335623,London-af75,-18,40,Normal
2026-04-28 00:24:35.335623,London-af75,50,83,Normal
2026-04-28 00:24:36.335623,London-af75,10,84,Normal
2026-04-28 00:24:37.335623,London-af75,10,56,Normal
2026-04-28 00:24:38.335623,London-af75,-9,86,Normal
2026-04-28 00:24:39.335623,London-af75,-4,22,Normal
2026-04-28 00:24:40.335623,London-af75,21,50,Normal
2026-04-28 00:24:41.335623,London-af75,-2,58,Normal
2026-04-28 00:24:42.335623,London-af75,-6,23,Normal
2026-04-28 00:24:43.335623,London-af75,38,62,Normal
2026-04-28 00:24:44.335623,London-af75,-18,93,Normal
2026-04-28 00:24:45.335623,London-af75,2,60,Normal
2026-04-28 00:24:46.335623,London-af75,48,80,Normal
2026-04-28 00:24:47.335623,London-af75,33,99,Normal
2026-04-28 00:24:48.335623,London-af75,-27,80,Normal
2026-04-28 00:24:49.335623,London-af75,28,96,Normal
2026-04-28 00:24:50.335623,London-af75,-29,74,Normal
2026-04-28 00:24:51.335623,London-af75,22,0,Normal
2026-04-28 00:24:52.335623,London-af75,-6,71,Normal
2026-04-28 00:24:53.335623,London-af75,-29,67,Normal
2026-04-28 00:24:54.335623,London-af75,12,50,Normal
2026-04-28 00:24:55.335623,London-af75,21,82,Normal
2026-04-28 00:24:56.335623,London-af75,20,41,Normal
2026-04-28 00:24:57.335623,London-af75,12,99,Normal
2026-04-28 00:24:58.335623,London-af75,31,8,Normal
2026-04-28 00:24:59.335623,London-af75,13,58,Normal
2026-04-28 00:25:00.335623,London-af75,-8,77,Normal
2026-04-28 00:25:01.335623,London-af75,-27,82,Normal
2026-04-28 00:25:02.335623,London-af75,9,92,Normal
2026-04-28 00:25:03.335623,London-af75,-19,53,Normal
2026-04-28 00:25:04.335623,London-af75,42,51,Normal
2026-04-28 00:25:05.335623,London-af75,4,85,Normal
2026-04-28 00:25:06.335623,London-af75,-6,85,Normal
2026-04-28 00:25:07.335623,London-af75,-1,100,Normal
2026-04-28 00:25:08.335623,London-af75,17,85,Normal
2026-04-28 00:25:09.335623,London-af75,32,64,Normal
2026-04-28 00:25:10.335623,London-af75,-22,78,Normal
2026-04-28 00:25:11.335623,London-af75,-26,46,Normal
2026-04-28 00:25:12.335623,London-af75,16,26,Normal
2026-04-28 00:25:13.335623,London-af75,18,69,Normal
2026-04-28 00:25:14.335623,London-af75,43,61,Normal
2026-04-28 00:25:15.335623,London-af75,-19,0,Normal
2026-04-28 00:25:16.335623,London-af75,17,72,Normal
2026-04-28 00:25:17.335623,London-af75,16,57,Normal
2026-04-28 00:25:18.335623,London-af75,42,31,Normal
2026-04-28 00:25:19.335623,London-af75,-15,66,Normal
2026-04-28 00:25:20.335623,London-af75,7,42,Normal
2026-04-28 00:25:21.335623,London-af75,39,70,Normal
2026-04-28 00:25:22.335623,London-af75,5,43,Normal
2026-04-28 00:25:23.335623,London-af75,35,37,Normal
2026-04-28 00:25:24.335623,London-af75,42,97,Normal
2026-04-28 00:25:25.335623,London-af75,49,75,Normal
2026-04-28 00:25:26.335623,London-af75,-26,46,Normal
2026-04-28 00:25:27.335623,London-af75,45,79,Normal
2026-04-28 00:25:28.335623,London-af75,3,23,Normal
2026-04-28 00:25:29.335623,London-af75,9,44,Normal
2026-04-28 00:25:30.335623,London-af75,-27,40,Normal
2026-04-28 00:25:31.335623,London-af75,17,14,Normal
2026-04-28 00:25:32.335623,London-af75,15,74,Normal
2026-04-28 00:25:33.335623,London-af75,-15,51,Normal
2026-04-28 00:25:34.335623,London-af75,-5,10,Normal
2026-04-28 00:25:35.335623,London-af75,-3,25,Normal
2026-04-28 00:25:36.335623,London-af75,21,45,Normal
2026-04-28 00:25:37.335623,London-af75,-24,29,Normal
2026-04-28 00:25:38.335623,London-af75,20,86,Normal
2026-04-28 00:25:39.335623,London-af75,-23,11,Normal
2026-04-28 00:25:40.335623,London-af75,-27,14,Normal
2026-04-28 00:25:41.335623,London-af75,-23,50,Normal
2026-04-28 00:25:42.335623,London-af75,26,46,Normal
2026-04-28 00:25:43.335623,London-af75,-6,27,Normal
2026-04-28 00:25:44.335623,London-af75,-4,53,Normal
2026-04-28 00:25:45.335623,London-af75,36,3,Normal
2026-04-28 00:25:46.335623,London-af75,3,83,Normal
2026-04-28 00:25:47.335623,London-af75,1,1,Normal
2026-04-28 00:25:48.335623,London-af75,-6,39,Normal
2026-04-28 00:25:49.335623,London-af75,33,14,Normal
2026-04-28 00:25:50.335623,London-af75,-10,94,Normal
2026-04-28 00:25:51.335623,London-af75,-21,75,Normal
2026-04-28 00:25:52.335623,London-af75,-4,15,Normal
2026-04-28 00:25:53.335623,London-af75,36,71,Normal
2026-04-28 00:25:54.335623,London-af75,-2,46,Normal
2026-04-28 00:25:55.335623,London-af75,5,79,Normal
2026-04-28 00:25:56.335623,London-af75,-2,46,Normal
2026-04-28 00:25:57.335623,London-af75,38,13,Normal
2026-04-28 00:25:58.335623,London-af75,33,75,Normal
2026-04-28 00:25:59.335623,London-af75,-2,57,Normal
2026-04-28 00:26:00.335623,London-af75,50,66,Normal
2026-04-28 00:26:01.335623,London-af75,-12,74,Normal
2026-04-28 00:26:02.335623,London-af75,-6,50,Normal
2026-04-28 00:26:03.335623,London-af75,10,3,Normal
2026-04-28 00:26:04.335623,London-af75,13,78,Normal
2026-04-28 00:26:05.335623,London-af75,0,59,Normal
2026-04-28 00:26:06.335623,London-af75,35,27,Normal
2026-04-28 00:26:07.335623,London-af75,-15,61,Normal
2026-04-28 00:26:08.335623,London-af75,40,57,Normal
2026-04-28 00:26:09.335623,London-af75,-29,44,Normal
2026-04-28 00:26:10.335623,London-af75,15,71,Normal
2026-04-28 00:26:11.335623,London-af75,38,76,Normal
2026-04-28 00:26:12.335623,London-af75,44,86,Normal
2026-04-28 00:26:13.335623,London-af75,21,71,Normal
2026-04-28 00:26:14.335623,London-af75,-1,97,Normal
2026-04-28 00:26:15.335623,London-af75,-10,16,Normal
2026-04-28 00:26:16.335623,London-af75,22,9,Normal
2026-04-28 00:26:17.335623,London-af75,-17,47,Normal
2026-04-28 00:26:18.335623,London-af75,-19,59,Normal
2026-04-28 00:26:19.335623,London-af75,6,98,Normal
2026-04-28 00:26:20.335623,London-af75,18,38,Normal
2026-04-28 00:26:21.335623,London-af75,8,82,Normal
2026-04-28 00:26:22.335623,London-af75,14,95,Normal
2026-04-28 00:26:23.335623,London-af75,30,95,Normal
2026-04-28 00:26:24.335623,London-af75,25,98,Normal
2026-04-28 00:26:25.335623,London-af75,12,69,Normal
2026-04-28 00:26:26.335623,London-af75,-4,93,Normal
2026-04-28 00:26:27.335623,London-af75,-7,77,Normal
2026-04-28 00:26:28.335623,London-af75,-24,17,Normal
2026-04-28 00:26:29.335623,London-af75,7,100,Normal
2026-04-28 00:26:30.335623,London-af75,43,7,Normal
2026-04-28 00:26:31.335623,London-af75,41,71,Normal
2026-04-28 00:26:32.335623,London-af75,-21,70,Normal
2026-04-28 00:26:33.335623,London-af75,-12,28,Normal
2026-04-28 00:26:34.335623,London-af75,47,27,Normal
2026-04-28 00:26:35.335623,London-af75,30,97,Normal
2026-04-28 00:26:36.335623,London-af75,38,1,Normal
2026-04-28 00:26:37.335623,London-af75,21,94,Normal
2026-04-28 00:26:38.335623,London-af75,-25,88,Normal
2026-04-28 00:26:39.335623,London-af75,-16,86,Normal
2026-04-28 00:26:40.335623,London-af75,4,63,Normal
2026-04-28 00:26:41.335623,London-af75,40,19,Normal
2026-04-28 00:26:42.335623,London-af75,31,60,Normal
2026-04-28 00:26:43.335623,London-af75,36,68,Normal
2026-04-28 00:26:44.335623,London-af75,-12,23,Normal
2026-04-28 00:26:45.335623,London-af75,32,1,Normal
2026-04-28 00:26:46.335623,London-af75,48,48,Normal
2026-04-28 00:26:47.335623,London-af75,4,77,Normal
2026-04-28 00:26:48.335623,London-af75,-27,74,Normal
2026-04-28 00:26:49.335623,London-af75,-25,31,Normal
2026-04-28 00:26:50.335623,London-af75,47,31,Normal
2026-04-28 00:26:51.335623,London-af75,3,68,Normal
2026-04-28 00:26:52.335623,London-af75,20,8,Normal
2026-04-28 00:26:53.335623,London-af75,-26,74,Normal
2026-04-28 00:26:54.335623,London-af75,-24,50,Normal
2026-04-28 00:26:55.335623,London-af75,-2,16,Normal
2026-04-28 00:26:56.335623,London-af75,4,57,Normal
2026-04-28 00:26:57.335623,London-af75,9,49,Normal
2026-04-28 00:26:58.335623,London-af75,-15,53,Normal
2026-04-28 00:26:59.335623,London-af75,-3,100,Normal
2026-04-28 00:27:00.335623,London-af75,-4,2,Normal
2026-04-28 00:27:01.335623,London-af75,-1,19,Normal
2026-04-28 00:27:02.335623,London-af75,24,96,Normal
2026-04-28 00:27:03.335623,London-af75,11,41,Normal
2026-04-28 00:27:04.335623,London-af75,8,13,Normal
2026-04-28 00:27:05.335623,London-af75,16,5,Normal
2026-04-28 00:27:06.335623,London-af75,49,55,Normal
2026-04-28 00:27:07.335623,London-af75,29,31,Normal
2026-04-28 00:27:08.335623,London-af75,13,48,Normal
2026-04-28 00:27:09.335623,London-af75,-30,86,Normal
2026-04-28 00:27:10.335623,London-af75,34,22,Normal
2026-04-28 00:27:11.335623,London-af75,-9,1,Normal
2026-04-28 00:27:12.335623,London-af75,26,46,Normal
2026-04-28 00:27:13.335623,London-af75,-7,87,Normal
2026-04-28 00:27:14.335623,London-af75,26,41,Normal
2026-04-28 00:27:15.335623,London-af75,45,2,Normal
2026-04-28 00:27:16.335623,London-af75,10,49,Normal
2026-04-28 00:27:17.335623,London-af75,32,22,Normal
2026-04-28 00:27:18.335623,London-af75,24,28,Normal
2026-04-28 00:27:19.335623,London-af75,39,71,Normal
2026-04-28 00:27:20.335623,London-af75,-16,26,Normal
2026-04-28 00:27:21.335623,London-af75,34,96,Normal
2026-04-28 00:27:22.335623,London-af75,-11,43,Normal
2026-04-28 00:27:23.335623,London-af75,17,77,Normal
2026-04-28 00:27:24.335623,London-af75,25,12,Normal
2026-04-28 00:27:25.335623,London-af75,24,52,Normal
2026-04-28 00:27:26.335623,London-af75,-21,68,Normal
2026-04-28 00:27:27.335623,London-af75,16,84,Normal
2026-04-28 00:27:28.335623,London-af75,-10,36,Normal
2026-04-28 00:27:29.335623,London-af75,45,2,Normal
2026-04-28 00:27:30.335623,London-af75,33,75,Normal
2026-04-28 00:27:31.335623,London-af75,24,31,Normal
2026-04-28 00:27:32.335623,London-af75,-21,37,Normal
2026-04-28 00:27:33.335623,London-af75,-22,16,Normal
2026-04-28 00:27:34.335623,London-af75,16,52,Normal
2026-04-28 00:27:35.335623,London-af75,20,65,Normal
2026-04-28 00:27:36.335623,London-af75,-29,9,Normal
2026-04-28 00:27:37.335623,London-af75,-22,81,Normal
2026-04-28 00:27:38.335623,London-af75,-6,76,Normal
2026-04-28 00:27:39.335623,London-af75,0,17,Normal
2026-04-28 00:27:40.335623,London-af75,8,11,Normal
2026-04-28 00:27:41.335623,London-af75,-17,57,Normal
2026-04-28 00:27:42.335623,London-af75,-15,24,Normal
2026-04-28 00:27:43.335623,London-af75,-14,81,Normal
2026-04-28 00:27:44.335623,London-af75,19,4,Normal
2026-04-28 00:27:45.335623,London-af75,27,3,Normal
2026-04-28 00:27:46.335623,London-af75,25,78,Normal
2026-04-28 00:27:47.335623,London-af75,26,38,Normal
2026-04-28 00:27:48.335623,London-af75,-26,13,Normal
2026-04-28 00:27:49.335623,London-af75,17,61,Normal
2026-04-28 00:27:50.335623,London-af75,-27,14,Normal
2026-04-28 00:27:51.335623,London-af75,29,48,Normal
2026-04-28 00:27:52.335623,London-af75,21,34,Normal
2026-04-28 00:27:53.335623,London-af75,0,32,Normal
2026-04-28 00:27:54.335623,London-af75,-17,50,Normal
2026-04-28 00:27:55.335623,London-af75,-20,20,Normal
2026-04-28 00:27:56.335623,London-af75,-11,72,Normal
2026-04-28 00:27:57.335623,London-af75,29,88,Normal
2026-04-28 00:27:58.335623,London-af75,14,51,Normal
2026-04-28 00:27:59.335623,London-af75,28,41,Normal
2026-04-28 00:28:00.335623,London-af75,30,8,Normal
2026-04-28 00:28:01.335623,London-af75,25,53,Normal
2026-04-28 00:28:02.335623,London-af75,-3,85,Normal
2026-04-28 00:28:03.335623,London-af75,12,57,Normal
2026-04-28 00:28:04.335623,London-af75,4,68,Normal
2026-04-28 00:28:05.335623,London-af75,25,1,Normal
2026-04-28 00:28:06.335623,London-af75,16,89,Normal
2026-04-28 00:28:07.335623,London-af75,-26,60,Normal
2026-04-28 00:28:08.335623,London-af75,9,1,Normal
2026-04-28 00:28:09.335623,London-af75,48,64,Normal
2026-04-28 00:28:10.335623,London-af75,-14,25,Normal
2026-04-28 00:28:11.335623,London-af75,48,85,Normal
2026-04-28 00:28:12.335623,London-af75,14,47,Normal
2026-04-28 00:28:13.335623,London-af75,-3,95,Normal
2026-04-28 00:28:14.335623,London-af75,13,71,Normal
2026-04-28 00:28:15.335623,London-af75,-16,57,Normal
2026-04-28 00:28:16.335623,London-af75,-26,47,Normal
2026-04-28 00:28:17.335623,London-af75,30,1,Normal
2026-04-28 00:28:18.335623,London-af75,21,80,Normal
2026-04-28 00:28:19.335623,London-af75,20,63,Normal
2026-04-28 00:28:20.335623,London-af75,37,60,Normal
2026-04-28 00:28:21.335623,London-af75,14,32,Normal
2026-04-28 00:28:22.335623,London-af75,12,8,Normal
2026-04-28 00:28:23.335623,London-af75,3,6,Normal
2026-04-28 00:28:24.335623,London-af75,-7,91,Normal
2026-04-28 00:28:25.335623,London-af75,8,90,Normal
2026-04-28 00:28:26.335623,London-af75,49,65,Normal
2026-04-28 00:28:27.335623,London-af75,33,29,Normal
2026-04-28 00:28:28.335623,London-af75,-9,74,Normal
2026-04-28 00:28:29.335623,London-af75,19,99,Normal
2026-04-28 00:28:30.335623,London-af75,38,89,Normal
2026-04-28 00:28:31.335623,London-af75,24,80,Normal
2026-04-28 00:28:32.335623,London-af75,12,35,Normal
2026-04-28 00:28:33.335623,London-af75,15,80,Normal
2026-04-28 00:28:34.335623,London-af75,36,4,Normal
2026-04-28 00:28:35.335623,London-af75,-30,9,Normal
2026-04-28 00:28:36.335623,London-af75,-29,34,Normal
2026-04-28 00:28:37.335623,London-af75,-23,71,Normal
2026-04-28 00:28:38.335623,London-af75,42,28,Normal
2026-04-28 00:28:39.335623,London-af75,3,5,Normal
2026-04-28 00:28:40.335623,London-af75,-25,65,Normal
2026-04-28 00:28:41.335623,London-af75,30,96,Normal
2026-04-28 00:28:42.335623,London-af75,24,87,Normal
2026-04-28 00:28:43.335623,London-af75,11,52,Normal
2026-04-28 00:28:44.335623,London-af75,18,84,Normal
2026-04-28 00:28:45.335623,London-af75,-11,71,Normal
2026-04-28 00:28:46.335623,London-af75,-10,85,Normal
2026-04-28 00:28:47.335623,London-af75,50,66,Normal
2026-04-28 00:28:48.335623,London-af75,-27,13,Normal
2026-04-28 00:28:49.335623,London-af75,32,98,Normal
2026-04-28 00:28:50.335623,London-af75,47,63,Normal
2026-04-28 00:28:51.335623,London-af75,-14,10,Normal
2026-04-28 00:28:52.335623,London-af75,-27,69,Normal
2026-04-28 00:28:53.335623,London-af75,20,6,Normal
2026-04-28 00:28:54.335623,London-af75,49,16,Normal
2026-04-28 00:28:55.335623,London-af75,-22,58,Normal
2026-04-28 00:28:56.335623,London-af75,-18,5,Normal
2026-04-28 00:28:57.335623,London-af75,-21,32,Normal
2026-04-28 00:28:58.335623,London-af75,1,60,Normal
2026-04-28 00:28:59.335623,London-af75,25,66,Normal
2026-04-28 00:29:00.335623,London-af75,13,90,Normal
2026-04-28 00:29:01.335623,London-af75,12,67,Normal
2026-04-28 00:29:02.335623,London-af75,-28,8,Normal
2026-04-28 00:29:03.335623,London-af75,22,59,Normal
2026-04-28 00:29:04.335623,London-af75,-25,11,Normal
2026-04-28 00:29:05.335623,London-af75,25,63,Normal
2026-04-28 00:29:06.335623,London-af75,36,41,Normal
2026-04-28 00:29:07.335623,London-af75,28,40,Normal
2026-04-28 00:29:08.335623,London-af75,44,93,Normal
2026-04-28 00:29:09.335623,London-af75,44,25,Normal
2026-04-28 00:29:10.335623,London-af75,0,99,Normal
2026-04-28 00:29:11.335623,London-af75,22,80,Normal
2026-04-28 00:29:12.335623,London-af75,-23,34,Normal
2026-04-28 00:29:13.335623,London-af75,-2,28,Normal
2026-04-28 00:29:14.335623,London-af75,18,36,Normal
2026-04-28 00:29:15.335623,London-af75,3,28,Normal
2026-04-28 00:29:16.335623,London-af75,-1,80,Normal
2026-04-28 00:29:17.335623,London-af75,34,41,Normal
2026-04-28 00:29:18.335623,London-af75,8,16,Normal
2026-04-28 00:29:19.335623,London-af75,-15,58,Normal
2026-04-28 00:29:20.335623,London-af75,36,53,Normal
2026-04-28 00:29:21.335623,London-af75,-27,34,Normal
2026-04-28 00:29:22.335623,London-af75,39,44,Normal
2026-04-28 00:29:23.335623,London-af75,3,44,Normal
2026-04-28 00:29:24.335623,London-af75,30,17,Normal
2026-04-28 00:29:25.335623,London-af75,29,82,Normal
2026-04-28 00:29:26.335623,London-af75,27,70,Normal
2026-04-28 00:29:27.335623,London-af75,36,34,Normal
2026-04-28 00:29:28.335623,London-af75,-21,14,Normal
2026-04-28 00:29:29.335623,London-af75,-17,90,Normal
2026-04-28 00:29:30.335623,London-af75,37,34,Normal
2026-04-28 00:29:31.335623,London-af75,-21,2,Normal
2026-04-28 00:29:32.335623,London-af75,-28,48,Normal
2026-04-28 00:29:33.335623,London-af75,15,61,Normal
2026-04-28 00:29:34.335623,London-af75,-28,77,Normal
2026-04-28 00:29:35.335623,London-af75,17,52,Normal
2026-04-28 00:29:36.335623,London-af75,36,49,Normal
2026-04-28 00:29:37.335623,London-af75,-29,93,Normal
2026-04-28 00:29:38.335623,London-af75,16,86,Normal
2026-04-28 00:29:39.335623,London-af75,27,34,Normal
2026-04-28 00:29:40.335623,London-af75,45,52,Normal
2026-04-28 00:29:41.335623,London-af75,5,83,Normal
2026-04-28 00:29:42.335623,London-af75,-9,13,Normal
2026-04-28 00:29:43.335623,London-af75,31,25,Normal
2026-04-28 00:29:44.335623,London-af75,-3,71,Normal
2026-04-28 00:29:45.335623,London-af75,48,76,Normal
2026-04-28 00:29:46.335623,London-af75,-26,9,Normal
2026-04-28 00:29:47.335623,London-af75,-10,73,Normal
2026-04-28 00:29:48.335623,London-af75,47,89,Normal
2026-04-28 00:29:49.335623,London-af75,23,42,Normal
2026-04-28 00:29:50.335623,London-af75,34,99,Normal
2026-04-28 00:29:51.335623,London-af75,13,45,Normal
2026-04-28 00:29:52.335623,London-af75,0,24,Normal
2026-04-28 00:29:53.335623,London-af75,32,12,Normal
2026-04-28 00:29:54.335623,London-af75,21,20,Normal
2026-04-28 00:29:55.335623,London-af75,-14,25,Normal
2026-04-28 00:29:56.335623,London-af75,13,36,Normal
2026-04-28 00:29:57.335623,London-af75,-10,27,Normal
2026-04-28 00:29:58.335623,London-af75,44,85,Normal
2026-04-28 00:29:59.335623,London-af75,9,57,Normal
2026-04-28 00:30:00.335623,London-af75,-12,92,Normal
2026-04-28 00:30:01.335623,London-af75,8,51,Normal
2026-04-28 00:30:02.335623,London-af75,-23,50,Normal
2026-04-28 00:30:03.335623,London-af75,30,47,Normal
2026-04-28 00:30:04.335623,London-af75,-29,8,Normal
2026-04-28 00:30:05.335623,London-af75,32,26,Normal
2026-04-28 00:30:06.335623,London-af75,25,45,Normal
2026-04-28 00:30:07.335623,London-af75,-23,28,Normal
2026-04-28 00:30:08.335623,London-af75,6,31,Normal
2026-04-28 00:30:09.335623,London-af75,-27,94,Normal
2026-04-28 00:30:10.335623,London-af75,16,45,Normal
2026-04-28 00:30:11.335623,London-af75,-20,43,Normal
2026-04-28 00:30:12.335623,London-af75,-30,86,Normal
2026-04-28 00:30:13.335623,London-af75,5,47,Normal
2026-04-28 00:30:14.335623,London-af75,31,78,Normal
2026-04-28 00:30:15.335623,London-af75,-1,57,Normal
2026-04-28 00:30:16.335623,London-af75,-1,72,Normal
2026-04-28 00:30:17.335623,London-af75,-1,61,Normal
2026-04-28 00:30:18.335623,London-af75,-11,37,Normal
2026-04-28 00:30:19.335623,London-af75,-30,70,Normal
2026-04-28 00:30:20.335623,London-af75,39,12,Normal
2026-04-28 00:30:21.335623,London-af75,-20,26,Normal
2026-04-28 00:30:22.335623,London-af75,24,90,Normal
2026-04-28 00:30:23.335623,London-af75,0,43,Normal
2026-04-28 00:30:24.335623,London-af75,-6,43,Normal
2026-04-28 00:30:25.335623,London-af75,-8,25,Normal
2026-04-28 00:30:26.335623,London-af75,-12,14,Normal
2026-04-28 00:30:27.335623,London-af75,7,0,Normal
2026-04-28 00:30:28.335623,London-af75,-30,21,Normal
2026-04-28 00:30:29.335623,London-af75,17,45,Normal
2026-04-28 00:30:30.335623,London-af75,-18,9,Normal
2026-04-28 00:30:31.335623,London-af75,33,22,Normal
2026-04-28 00:30:32.335623,London-af75,31,18,Normal
2026-04-28 00:30:33.335623,London-af75,-28,65,Normal
2026-04-28 00:30:34.335623,London-af75,7,91,Normal
2026-04-28 00:30:35.335623,London-af75,-15,66,Normal
2026-04-28 00:30:36.335623,London-af75,-15,2,Normal
2026-04-28 00:30:37.335623,London-af75,-9,89,Normal
2026-04-28 00:30:38.335623,London-af75,3,54,Normal
2026-04-28 00:30:39.335623,London-af75,-14,24,Normal
2026-04-28 00:30:40.335623,London-af75,1,76,Normal
2026-04-28 00:30:41.335623,London-af75,39,34,Normal
2026-04-28 00:30:42.335623,London-af75,46,47,Normal
2026-04-28 00:30:43.335623,London-af75,46,87,Normal
2026-04-28 00:30:44.335623,London-af75,18,100,Normal
2026-04-28 00:30:45.335623,London-af75,-21,28,Normal
2026-04-28 00:30:46.335623,London-af75,-30,89,Normal
2026-04-28 00:30:47.335623,London-af75,-22,34,Normal
2026-04-28 00:30:48.335623,London-af75,-11,74,Normal
2026-04-28 00:30:49.335623,London-af75,-19,19,Normal
2026-04-28 00:30:50.335623,London-af75,8,42,Normal
2026-04-28 00:30:51.335623,London-af75,26,75,Normal
2026-04-28 00:30:52.335623,London-af75,-27,31,Normal
2026-04-28 00:30:53.335623,London-af75,-28,94,Normal
2026-04-28 00:30:54.335623,London-af75,13,42,Normal
2026-04-28 00:30:55.335623,London-af75,50,85,Normal
2026-04-28 00:30:56.335623,London-af75,11,31,Normal
2026-04-28 00:30:57.335623,London-af75,17,74,Normal
2026-04-28 00:30:58.335623,London-af75,-24,14,Normal
2026-04-28 00:30:59.335623,London-af75,-17,80,Normal
2026-04-28 00:31:00.335623,London-af75,41,34,Normal
2026-04-28 00:31:01.335623,London-af75,8,56,Normal
2026-04-28 00:31:02.335623,London-af75,46,52,Normal
2026-04-28 00:31:03.335623,London-af75,49,61,Normal
2026-04-28 00:31:04.335623,London-af75,-12,74,Normal
2026-04-28 00:31:05.335623,London-af75,-15,71,Normal
2026-04-28 00:31:06.335623,London-af75,-7,49,Normal
2026-04-28 00:31:07.335623,London-af75,38,50,Normal
2026-04-28 00:31:08.335623,London-af75,-6,8,Normal
2026-04-28 00:31:09.335623,London-af75,16,12,Normal
2026-04-28 00:31:10.335623,London-af75,47,85,Normal
2026-04-28 00:31:11.335623,London-af75,27,37,Normal
2026-04-28 00:31:12.335623,London-af75,-3,72,Normal
2026-04-28 00:31:13.335623,London-af75,44,17,Normal
2026-04-28 00:31:14.335623,London-af75,47,22,Normal
2026-04-28 00:31:15.335623,London-af75,32,76,Normal
2026-04-28 00:31:16.335623,London-af75,1,32,Normal
2026-04-28 00:31:17.335623,London-af75,-18,44,Normal
2026-04-28 00:31:18.335623,London-af75,21,57,Normal
2026-04-28 00:31:19.335623,London-af75,-9,40,Normal
2026-04-28 00:31:20.335623,London-af75,13,62,Normal
2026-04-28 00:31:21.335623,London-af75,7,79,Normal
2026-04-28 00:31:22.335623,London-af75,-16,37,Normal
2026-04-28 00:31:23.335623,London-af75,-23,74,Normal
2026-04-28 00:31:24.335623,London-af75,41,0,Normal
2026-04-28 00:31:25.335623,London-af75,3,84,Normal
2026-04-28 00:31:26.335623,London-af75,7,74,Normal
2026-04-28 00:31:27.335623,London-af75,26,87,Normal
2026-04-28 00:31:28.335623,London-af75,-29,10,Normal
2026-04-28 00:31:29.335623,London-af75,6,14,Normal
2026-04-28 00:31:30.335623,London-af75,-21,24,Normal
2026-04-28 00:31:31.335623,London-af75,37,22,Normal
2026-04-28 00:31:32.335623,London-af75,31,44,Normal
2026-04-28 00:31:33.335623,London-af75,44,55,Normal
2026-04-28 00:31:34.335623,London-af75,34,38,Normal
2026-04-28 00:31:35.335623,London-af75,-30,46,Normal
2026-04-28 00:31:36.335623,London-af75,7,11,Normal
2026-04-28 00:31:37.335623,London-af75,47,72,Normal
2026-04-28 00:31:38.335623,London-af75,48,86,Normal
2026-04-28 00:31:39.335623,London-af75,26,7,Normal
2026-04-28 00:31:40.335623,London-af75,-28,38,Normal
2026-04-28 00:31:41.335623,London-af75,-22,6,Normal
2026-04-28 00:31:42.335623,London-af75,12,57,Normal
2026-04-28 00:31:43.335623,London-af75,20,100,Normal
2026-04-28 00:31:44.335623,London-af75,-4,96,Normal
2026-04-28 00:31:45.335623,London-af75,7,83,Normal
2026-04-28 00:31:46.335623,London-af75,5,71,Normal
2026-04-28 00:31:47.335623,London-af75,20,27,Normal
2026-04-28 00:31:48.335623,London-af75,11,85,Normal
2026-04-28 00:31:49.335623,London-af75,48,100,Normal
2026-04-28 00:31:50.335623,London-af75,-6,30,Normal
2026-04-28 00:31:51.335623,London-af75,-5,87,Normal
2026-04-28 00:31:52.335623,London-af75,12,38,Normal
2026-04-28 00:31:53.335623,London-af75,24,87,Normal
2026-04-28 00:31:54.335623,London-af75,42,85,Normal
2026-04-28 00:31:55.335623,London-af75,39,26,Normal
2026-04-28 00:31:56.335623,London-af75,21,26,Normal
2026-04-28 00:31:57.335623,London-af75,-30,82,Normal
2026-04-28 00:31:58.335623,London-af75,38,69,Normal
2026-04-28 00:31:59.335623,London-af75,31,47,Normal
2026-04-28 00:32:00.335623,London-af75,40,58,Normal
2026-04-28 00:32:01.335623,London-af75,-2,86,Normal
2026-04-28 00:32:02.335623,London-af75,37,6,Normal
2026-04-28 00:32:03.335623,London-af75,48,94,Normal
2026-04-28 00:32:04.335623,London-af75,24,12,Normal
2026-04-28 00:32:05.335623,London-af75,-29,6,Normal
2026-04-28 00:32:06.335623,London-af75,11,19,Normal
2026-04-28 00:32:07.335623,London-af75,6,36,Normal
2026-04-28 00:32:08.335623,London-af75,9,92,Normal
2026-04-28 00:32:09.335623,London-af75,-24,41,Normal
2026-04-28 00:32:10.335623,London-af75,5,86,Normal
2026-04-28 00:32:11.335623,London-af75,-27,15,Normal
2026-04-28 00:32:12.335623,London-af75,18,7,Normal
2026-04-28 00:32:13.335623,London-af75,-4,41,Normal
2026-04-28 00:32:14.335623,London-af75,15,45,Normal
2026-04-28 00:32:15.335623,London-af75,15,12,Normal
2026-04-28 00:32:16.335623,London-af75,9,37,Normal
2026-04-28 00:32:17.335623,London-af75,4,38,Normal
2026-04-28 00:32:18.335623,London-af75,15,18,Normal
2026-04-28 00:32:19.335623,London-af75,9,42,Normal
2026-04-28 00:32:20.335623,London-af75,40,79,Normal
2026-04-28 00:32:21.335623,London-af75,30,90,Normal
2026-04-28 00:32:22.335623,London-af75,39,1,Normal
2026-04-28 00:32:23.335623,London-af75,-12,80,Normal
2026-04-28 00:32:24.335623,London-af75,50,59,Normal
2026-04-28 00:32:25.335623,London-af75,42,45,Normal
2026-04-28 00:32:26.335623,London-af75,43,31,Normal
2026-04-28 00:32:27.335623,London-af75,2,18,Normal
2026-04-28 00:32:28.335623,London-af75,-7,82,Normal
2026-04-28 00:32:29.335623,London-af75,34,9,Normal
2026-04-28 00:32:30.335623,London-af75,25,6,Normal
2026-04-28 00:32:31.335623,London-af75,23,62,Normal
2026-04-28 00:32:32.335623,London-af75,-1,22,Normal
2026-04-28 00:32:33.335623,London-af75,-14,52,Normal
2026-04-28 00:32:34.335623,London-af75,9,59,Normal
2026-04-28 00:32:35.335623,London-af75,29,90,Normal
2026-04-28 00:32:36.335623,London-af75,5,0,Normal
2026-04-28 00:32:37.335623,London-af75,28,40,Normal
2026-04-28 00:32:38.335623,London-af75,1,30,Normal
2026-04-28 00:32:39.335623,London-af75,-14,94,Normal
2026-04-28 00:32:40.335623,London-af75,-11,61,Normal
2026-04-28 00:32:41.335623,London-af75,50,86,Normal
2026-04-28 00:32:42.335623,London-af75,18,47,Normal
2026-04-28 00:32:43.335623,London-af75,14,80,Normal
2026-04-28 00:32:44.335623,London-af75,12,28,Normal
2026-04-28 00:32:45.335623,London-af75,26,56,Normal
2026-04-28 00:32:46.335623,London-af75,6,94,Normal
2026-04-28 00:32:47.335623,London-af75,49,1,Normal
2026-04-28 00:32:48.335623,London-af75,6,38,Normal
2026-04-28 00:32:49.335623,London-af75,31,59,Normal
2026-04-28 00:32:50.335623,London-af75,5,62,Normal
2026-04-28 00:32:51.335623,London-af75,18,24,Normal
2026-04-28 00:32:52.335623,London-af75,34,57,Normal
2026-04-28 00:32:53.335623,London-af75,22,59,Normal
2026-04-28 00:32:54.335623,London-af75,11,41,Normal
2026-04-28 00:32:55.335623,London-af75,9,58,Normal
2026-04-28 00:32:56.335623,London-af75,46,100,Normal
2026-04-28 00:32:57.335623,London-af75,10,17,Normal
2026-04-28 00:32:58.335623,London-af75,14,76,Normal
2026-04-28 00:32:59.335623,London-af75,29,89,Normal
2026-04-28 00:33:00.335623,London-af75,6,26,Normal
2026-04-28 00:33:01.335623,London-af75,35,40,Normal
2026-04-28 00:33:02.335623,London-af75,-28,12,Normal
2026-04-28 00:33:03.335623,London-af75,-25,75,Normal
2026-04-28 00:33:04.335623,London-af75,35,55,Normal
2026-04-28 00:33:05.335623,London-af75,-13,78,Normal
2026-04-28 00:33:06.335623,London-af75,41,80,Normal
2026-04-28 00:33:07.335623,London-af75,-26,99,Normal
2026-04-28 00:33:08.335623,London-af75,-30,14,Normal
2026-04-28 00:33:09.335623,London-af75,48,66,Normal
2026-04-28 00:33:10.335623,London-af75,11,50,Normal
2026-04-28 00:33:11.335623,London-af75,40,59,Normal
2026-04-28 00:33:12.335623,London-af75,47,28,Normal
2026-04-28 00:33:13.335623,London-af75,3,89,Normal
2026-04-28 00:33:14.335623,London-af75,10,4,Normal
2026-04-28 00:33:15.335623,London-af75,-16,22,Normal
2026-04-28 00:33:16.335623,London-af75,7,80,Normal
2026-04-28 00:33:17.335623,London-af75,-8,46,Normal
2026-04-28 00:33:18.335623,London-af75,9,64,Normal
2026-04-28 00:33:19.335623,London-af75,28,96,Normal
2026-04-28 00:33:20.335623,London-af75,-3,65,Normal
2026-04-28 00:33:21.335623,London-af75,21,61,Normal
2026-04-28 00:33:22.335623,London-af75,-13,75,Normal
2026-04-28 00:33:23.335623,London-af75,3,99,Normal
2026-04-28 00:33:24.335623,London-af75,4,57,Normal
2026-04-28 00:33:25.335623,London-af75,46,26,Normal
2026-04-28 00:33:26.335623,London-af75,22,47,Normal
2026-04-28 00:33:27.335623,London-af75,47,94,Normal
2026-04-28 00:33:28.335623,London-af75,42,14,Normal
2026-04-28 00:33:29.335623,London-af75,40,39,Normal
2026-04-28 00:33:30.335623,London-af75,14,67,Normal
2026-04-28 00:33:31.335623,London-af75,28,22,Normal
2026-04-28 00:33:32.335623,London-af75,-11,17,Normal
2026-04-28 00:33:33.335623,London-af75,-4,74,Normal
2026-04-28 00:33:34.335623,London-af75,26,96,Normal
2026-04-28 00:33:35.335623,London-af75,2,8,Normal
2026-04-28 00:33:36.335623,London-af75,31,45,Normal
2026-04-28 00:33:37.335623,London-af75,-9,67,Normal
2026-04-28 00:33:38.335623,London-af75,-20,18,Normal
2026-04-28 00:33:39.335623,London-af75,19,16,Normal
2026-04-28 00:33:40.335623,London-af75,-30,99,Normal
2026-04-28 00:33:41.335623,London-af75,-8,60,Normal
2026-04-28 00:33:42.335623,London-af75,-10,77,Normal
2026-04-28 00:33:43.335623,London-af75,-3,14,Normal
2026-04-28 00:33:44.335623,London-af75,0,9,Normal
2026-04-28 00:33:45.335623,London-af75,36,62,Normal
2026-04-28 00:33:46.335623,London-af75,23,70,Normal
2026-04-28 00:33:47.335623,London-af75,28,31,Normal
2026-04-28 00:33:48.335623,London-af75,-18,80,Normal
2026-04-28 00:33:49.335623,London-af75,8,20,Normal
2026-04-28 00:33:50.335623,London-af75,-22,80,Normal
2026-04-28 00:33:51.335623,London-af75,32,37,Normal
2026-04-28 00:33:52.335623,London-af75,-6,4,Normal
2026-04-28 00:33:53.335623,London-af75,35,9,Normal
2026-04-28 00:33:54.335623,London-af75,8,54,Normal
2026-04-28 00:33:55.335623,London-af75,-7,84,Normal
2026-04-28 00:33:56.335623,London-af75,-11,41,Normal
2026-04-28 00:33:57.335623,London-af75,24,77,Normal
2026-04-28 00:33:58.335623,London-af75,-9,96,Normal
2026-04-28 00:33:59.335623,London-af75,-9,51,Normal
2026-04-28 00:34:00.335623,London-af75,-4,55,Normal
2026-04-28 00:34:01.335623,London-af75,26,77,Normal
2026-04-28 00:34:02.335623,London-af75,0,2,Normal
2026-04-28 00:34:03.335623,London-af75,-7,11,Normal
2026-04-28 00:34:04.335623,London-af75,-8,98,Normal
2026-04-28 00:34:05.335623,London-af75,-19,65,Normal
2026-04-28 00:34:06.335623,London-af75,-11,8,Normal
2026-04-28 00:34:07.335623,London-af75,-7,29,Normal
2026-04-28 00:34:08.335623,London-af75,-25,32,Normal
2026-04-28 00:34:09.335623,London-af75,-1,24,Normal
2026-04-28 00:34:10.335623,London-af75,-20,8,Normal
2026-04-28 00:34:11.335623,London-af75,35,43,Normal
2026-04-28 00:34:12.335623,London-af75,-27,13,Normal
2026-04-28 00:34:13.335623,London-af75,6,70,Normal
2026-04-28 00:34:14.335623,London-af75,42,79,Normal
2026-04-28 00:34:15.335623,London-af75,49,7,Normal
2026-04-28 00:34:16.335623,London-af75,19,54,Normal
2026-04-28 00:34:17.335623,London-af75,-26,11,Normal
2026-04-28 00:34:18.335623,London-af75,12,98,Normal
2026-04-28 00:34:19.335623,London-af75,18,29,Normal
2026-04-28 00:34:20.335623,London-af75,-18,51,Normal
2026-04-28 00:34:21.335623,London-af75,7,4,Normal
2026-04-28 00:34:22.335623,London-af75,-14,16,Normal
2026-04-28 00:34:23.335623,London-af75,-9,58,Normal
2026-04-28 00:34:24.335623,London-af75,15,63,Normal
2026-04-28 00:34:25.335623,London-af75,-7,13,Normal
2026-04-28 00:34:26.335623,London-af75,50,9,Normal
2026-04-28 00:34:27.335623,London-af75,9,36,Normal
2026-04-28 00:34:28.335623,London-af75,23,29,Normal
2026-04-28 00:34:29.335623,London-af75,48,8,Normal
2026-04-28 00:34:30.335623,London-af75,5,87,Normal
2026-04-28 00:34:31.335623,London-af75,-12,19,Normal
2026-04-28 00:34:32.335623,London-af75,9,83,Normal
2026-04-28 00:34:33.335623,London-af75,26,1,Normal
2026-04-28 00:34:34.335623,London-af75,-12,81,Normal
2026-04-28 00:34:35.335623,London-af75,0,29,Normal
2026-04-28 00:34:36.335623,London-af75,-13,27,Normal
2026-04-28 00:34:37.335623,London-af75,11,14,Normal
2026-04-28 00:34:38.335623,London-af75,-10,92,Normal
2026-04-28 00:34:39.335623,London-af75,-28,89,Normal
2026-04-28 00:34:40.335623,London-af75,-10,50,Normal
2026-04-28 00:34:41.335623,London-af75,47,65,Normal
2026-04-28 00:34:42.335623,London-af75,1,59,Normal
2026-04-28 00:34:43.335623,London-af75,-13,42,Normal
2026-04-28 00:34:44.335623,London-af75,40,21,Normal
2026-04-28 00:34:45.335623,London-af75,49,4,Normal
2026-04-28 00:34:46.335623,London-af75,-17,32,Normal
2026-04-28 00:34:47.335623,London-af75,6,27,Normal
2026-04-28 00:34:48.335623,London-af75,-16,11,Normal
2026-04-28 00:34:49.335623,London-af75,-12,43,Normal
2026-04-28 00:34:50.335623,London-af75,20,8,Normal
2026-04-28 00:34:51.335623,London-af75,18,14,Normal
2026-04-28 00:34:52.335623,London-af75,39,100,Normal
2026-04-28 00:34:53.335623,London-af75,9,51,Normal
2026-04-28 00:34:54.335623,London-af75,7,26,Normal
2026-04-28 00:34:55.335623,London-af75,-27,80,Normal
2026-04-28 00:34:56.335623,London-af75,-6,11,Normal
2026-04-28 00:34:57.335623,London-af75,42,8,Normal
2026-04-28 00:34:58.335623,London-af75,35,23,Normal
2026-04-28 00:34:59.335623,London-af75,14,64,Normal
2026-04-28 00:35:00.335623,London-af75,-15,36,Normal
2026-04-28 00:35:01.335623,London-af75,-17,16,Normal
2026-04-28 00:35:02.335623,London-af75,-4,67,Normal
2026-04-28 00:35:03.335623,London-af75,27,0,Normal
2026-04-28 00:35:04.335623,London-af75,-14,36,Normal
2026-04-28 00:35:05.335623,London-af75,43,18,Normal
2026-04-28 00:35:06.335623,London-af75,49,79,Normal
2026-04-28 00:35:07.335623,London-af75,-14,39,Normal
2026-04-28 00:35:08.335623,London-af75,23,28,Normal
2026-04-28 00:35:09.335623,London-af75,14,2,Normal
2026-04-28 00:35:10.335623,London-af75,33,62,Normal
2026-04-28 00:35:11.335623,London-af75,50,85,Normal
2026-04-28 00:35:12.335623,London-af75,-8,31,Normal
2026-04-28 00:35:13.335623,London-af75,-17,75,Normal
2026-04-28 00:35:14.335623,London-af75,12,66,Normal
2026-04-28 00:35:15.335623,London-af75,34,85,Normal
2026-04-28 00:35:16.335623,London-af75,3,95,Normal
2026-04-28 00:35:17.335623,London-af75,9,2,Normal
2026-04-28 00:35:18.335623,London-af75,-16,75,Normal
2026-04-28 00:35:19.335623,London-af75,28,24,Normal
2026-04-28 00:35:20.335623,London-af75,-7,40,Normal
2026-04-28 00:35:21.335623,London-af75,15,35,Normal
2026-04-28 00:35:22.335623,London-af75,-10,30,Normal
2026-04-28 00:35:23.335623,London-af75,-28,87,Normal
2026-04-28 00:35:24.335623,London-af75,-1,51,Normal
2026-04-28 00:35:25.335623,London-af75,24,82,Normal
2026-04-28 00:35:26.335623,London-af75,-24,59,Normal
2026-04-28 00:35:27.335623,London-af75,-10,59,Normal
2026-04-28 00:35:28.335623,London-af75,1,46,Normal
2026-04-28 00:35:29.335623,London-af75,24,60,Normal
2026-04-28 00:35:30.335623,London-af75,-7,5,Normal
2026-04-28 00:35:31.335623,London-af75,40,22,Normal
2026-04-28 00:35:32.335623,London-af75,-14,21,Normal
2026-04-28 00:35:33.335623,London-af75,37,32,Normal
2026-04-28 00:35:34.335623,London-af75,22,23,Normal
2026-04-28 00:35:35.335623,London-af75,-23,65,Normal
2026-04-28 00:35:36.335623,London-af75,-15,42,Normal
2026-04-28 00:35:37.335623,London-af75,49,68,Normal
2026-04-28 00:35:38.335623,London-af75,49,35,Normal
2026-04-28 00:35:39.335623,London-af75,15,11,Normal
2026-04-28 00:35:40.335623,London-af75,28,19,Normal
2026-04-28 00:35:41.335623,London-af75,11,46,Normal
2026-04-28 00:35:42.335623,London-af75,-25,77,Normal
2026-04-28 00:35:43.335623,London-af75,-7,83,Normal
2026-04-28 00:35:44.335623,London-af75,38,69,Normal
2026-04-28 00:35:45.335623,London-af75,38,75,Normal
2026-04-28 00:35:46.335623,London-af75,24,94,Normal
2026-04-28 00:35:47.335623,London-af75,13,60,Normal
2026-04-28 00:35:48.335623,London-af75,37,31,Normal
2026-04-28 00:35:49.335623,London-af75,-2,88,Normal
2026-04-28 00:35:50.335623,London-af75,46,37,Normal
2026-04-28 00:35:51.335623,London-af75,48,73,Normal
2026-04-28 00:35:52.335623,London-af75,4,21,Normal
2026-04-28 00:35:53.335623,London-af75,-24,39,Normal
2026-04-28 00:35:54.335623,London-af75,21,51,Normal
2026-04-28 00:35:55.335623,London-af75,-19,70,Normal
2026-04-28 00:35:56.335623,London-af75,14,92,Normal
2026-04-28 00:35:57.335623,London-af75,30,76,Normal
2026-04-28 00:35:58.335623,London-af75,-16,19,Normal
2026-04-28 00:35:59.335623,London-af75,37,53,Normal
2026-04-28 00:36:00.335623,London-af75,24,46,Normal
2026-04-28 00:36:01.335623,London-af75,29,83,Normal
2026-04-28 00:36:02.335623,London-af75,39,95,Normal
2026-04-28 00:36:03.335623,London-af75,-26,66,Normal
2026-04-28 00:36:04.335623,London-af75,31,22,Normal
2026-04-28 00:36:05.335623,London-af75,35,58,Normal
2026-04-28 00:36:06.335623,London-af75,-28,73,Normal
2026-04-28 00:36:07.335623,London-af75,48,48,Normal
2026-04-28 00:36:08.335623,London-af75,41,74,Normal
2026-04-28 00:36:09.335623,London-af75,-4,94,Normal
2026-04-28 00:36:10.335623,London-af75,-4,32,Normal
2026-04-28 00:36:11.335623,London-af75,-2,78,Normal
2026-04-28 00:36:12.335623,London-af75,-9,74,Normal
2026-04-28 00:36:13.335623,London-af75,-25,62,Normal
2026-04-28 00:36:14.335623,London-af75,26,61,Normal
2026-04-28 00:36:15.335623,London-af75,3,0,Normal
2026-04-28 00:36:16.335623,London-af75,13,44,Normal
2026-04-28 00:36:17.335623,London-af75,-25,25,Normal
2026-04-28 00:36:18.335623,London-af75,29,8,Normal
2026-04-28 00:36:19.335623,London-af75,20,48,Normal
2026-04-28 00:36:20.335623,London-af75,40,99,Normal
2026-04-28 00:36:21.335623,London-af75,20,46,Normal
2026-04-28 00:36:22.335623,London-af75,17,77,Normal
2026-04-28 00:36:23.335623,London-af75,2,88,Normal
2026-04-28 00:36:24.335623,London-af75,-19,95,Normal
2026-04-28 00:36:25.335623,London-af75,24,20,Normal
2026-04-28 00:36:26.335623,London-af75,36,31,Normal
2026-04-28 00:36:27.335623,London-af75,-4,1,Normal
2026-04-28 00:36:28.335623,London-af75,-8,50,Normal
2026-04-28 00:36:29.335623,London-af75,-15,37,Normal
2026-04-28 00:36:30.335623,London-af75,12,70,Normal
2026-04-28 00:36:31.335623,London-af75,44,23,Normal
2026-04-28 00:36:32.335623,London-af75,-25,58,Normal
2026-04-28 00:36:33.335623,London-af75,7,50,Normal
2026-04-28 00:36:34.335623,London-af75,47,9,Normal
2026-04-28 00:36:35.335623,London-af75,-21,28,Normal
2026-04-28 00:36:36.335623,London-af75,-24,100,Normal
2026-04-28 00:36:37.335623,London-af75,-22,5,Normal
2026-04-28 00:36:38.335623,London-af75,-30,50,Normal
2026-04-28 00:36:39.335623,London-af75,43,15,Normal
2026-04-28 00:36:40.335623,London-af75,-7,0,Normal
2026-04-28 00:36:41.335623,London-af75,-29,69,Normal
2026-04-28 00:36:42.335623,London-af75,40,84,Normal
2026-04-28 00:36:43.335623,London-af75,3,2,Normal
2026-04-28 00:36:44.335623,London-af75,13,87,Normal
2026-04-28 00:36:45.335623,London-af75,-6,65,Normal
2026-04-28 00:36:46.335623,London-af75,-18,70,Normal
2026-04-28 00:36:47.335623,London-af75,-3,66,Normal
2026-04-28 00:36:48.335623,London-af75,18,40,Normal
2026-04-28 00:36:49.335623,London-af75,8,26,Normal
2026-04-28 00:36:50.335623,London-af75,47,6,Normal
2026-04-28 00:36:51.335623,London-af75,48,89,Normal
2026-04-28 00:36:52.335623,London-af75,-17,95,Normal
2026-04-28 00:36:53.335623,London-af75,-13,12,Normal
2026-04-28 00:36:54.335623,London-af75,-9,84,Normal
2026-04-28 00:36:55.335623,London-af75,50,38,Normal
2026-04-28 00:36:56.335623,London-af75,-19,56,Normal
2026-04-28 00:36:57.335623,London-af75,42,84,Normal
2026-04-28 00:36:58.335623,London-af75,-5,84,Normal
2026-04-28 00:36:59.335623,London-af75,41,43,Normal
2026-04-28 00:37:00.335623,London-af75,41,65,Normal
2026-04-28 00:37:01.335623,London-af75,26,42,Normal
2026-04-28 00:37:02.335623,London-af75,43,15,Normal
2026-04-28 00:37:03.335623,London-af75,36,97,Normal
2026-04-28 00:37:04.335623,London-af75,-12,82,Normal
2026-04-28 00:37:05.335623,London-af75,-13,34,Normal
2026-04-28 00:37:06.335623,London-af75,-9,19,Normal
2026-04-28 00:37:07.335623,London-af75,43,14,Normal
2026-04-28 00:37:08.335623,London-af75,24,61,Normal
2026-04-28 00:37:09.335623,London-af75,19,96,Normal
2026-04-28 00:37:10.335623,London-af75,2,18,Normal
2026-04-28 00:37:11.335623,London-af75,-27,30,Normal
2026-04-28 00:37:12.335623,London-af75,30,36,Normal
2026-04-28 00:37:13.335623,London-af75,10,81,Normal
2026-04-28 00:37:14.335623,London-af75,-27,72,Normal
2026-04-28 00:37:15.335623,London-af75,50,94,Normal
2026-04-28 00:37:16.335623,London-af75,-17,59,Normal
2026-04-28 00:37:17.335623,London-af75,23,21,Normal
2026-04-28 00:37:18.335623,London-af75,1,52,Normal
2026-04-28 00:37:19.335623,London-af75,-18,58,Normal
2026-04-28 00:37:20.335623,London-af75,28,79,Normal
2026-04-28 00:37:21.335623,London-af75,10,62,Normal
2026-04-28 00:37:22.335623,London-af75,-2,54,Normal
2026-04-28 00:37:23.335623,London-af75,36,15,Normal
2026-04-28 00:37:24.335623,London-af75,49,56,Normal
2026-04-28 00:37:25.335623,London-af75,17,86,Normal
2026-04-28 00:37:26.335623,London-af75,-1,17,Normal
2026-04-28 00:37:27.335623,London-af75,-16,88,Normal
2026-04-28 00:37:28.335623,London-af75,-29,88,Normal
2026-04-28 00:37:29.335623,London-af75,9,90,Normal
2026-04-28 00:37:30.335623,London-af75,8,78,Normal
2026-04-28 00:37:31.335623,London-af75,-28,46,Normal
2026-04-28 00:37:32.335623,London-af75,27,87,Normal
2026-04-28 00:37:33.335623,London-af75,31,88,Normal
2026-04-28 00:37:34.335623,London-af75,-9,22,Normal
2026-04-28 00:37:35.335623,London-af75,2,41,Normal
2026-04-28 00:37:36.335623,London-af75,40,45,Normal
2026-04-28 00:37:37.335623,London-af75,33,86,Normal
2026-04-28 00:37:38.335623,London-af75,-19,78,Normal
2026-04-28 00:37:39.335623,London-af75,-15,67,Normal
2026-04-28 00:37:40.335623,London-af75,28,25,Normal
2026-04-28 00:37:41.335623,London-af75,-6,59,Normal
2026-04-28 00:37:42.335623,London-af75,-5,53,Normal
2026-04-28 00:37:43.335623,London-af75,47,76,Normal
2026-04-28 00:37:44.335623,London-af75,7,69,Normal
2026-04-28 00:37:45.335623,London-af75,43,97,Normal
2026-04-28 00:37:46.335623,London-af75,5,35,Normal
2026-04-28 00:37:47.335623,London-af75,26,91,Normal
2026-04-28 00:37:48.335623,London-af75,34,87,Normal
2026-04-28 00:37:49.335623,London-af75,3,69,Normal
2026-04-28 00:37:50.335623,London-af75,29,63,Normal
2026-04-28 00:37:51.335623,London-af75,-18,88,Normal
2026-04-28 00:37:52.335623,London-af75,-12,70,Normal
2026-04-28 00:37:53.335623,London-af75,6,46,Normal
2026-04-28 00:37:54.335623,London-af75,38,14,Normal
2026-04-28 00:37:55.335623,London-af75,-1,55,Normal
2026-04-28 00:37:56.335623,London-af75,-18,68,Normal
2026-04-28 00:37:57.335623,London-af75,2,6,Normal
2026-04-28 00:37:58.335623,London-af75,4,78,Normal
2026-04-28 00:37:59.335623,London-af75,-5,18,Normal
2026-04-28 00:38:00.335623,London-af75,12,47,Normal
2026-04-28 00:38:01.335623,London-af75,39,2,Normal
2026-04-28 00:38:02.335623,London-af75,45,30,Normal
2026-04-28 00:38:03.335623,London-af75,45,4,Normal
2026-04-28 00:38:04.335623,London-af75,-28,26,Normal
2026-04-28 00:38:05.335623,London-af75,-5,47,Normal
2026-04-28 00:38:06.335623,London-af75,-15,8,Normal
2026-04-28 00:38:07.335623,London-af75,36,75,Normal
2026-04-28 00:38:08.335623,London-af75,50,8,Normal
2026-04-28 00:38:09.335623,London-af75,36,36,Normal
2026-04-28 00:38:10.335623,London-af75,34,18,Normal
2026-04-28 00:38:11.335623,London-af75,-5,5,Normal
2026-04-28 00:38:12.335623,London-af75,1,30,Normal
2026-04-28 00:38:13.335623,London-af75,6,22,Normal
2026-04-28 00:38:14.335623,London-af75,-21,81,Normal
2026-04-28 00:38:15.335623,London-af75,26,81,Normal
2026-04-28 00:38:16.335623,London-af75,3,30,Normal
2026-04-28 00:38:17.335623,London-af75,5,9,Normal
2026-04-28 00:38:18.335623,London-af75,-10,5,Normal
2026-04-28 00:38:19.335623,London-af75,50,40,Normal
2026-04-28 00:38:20.335623,London-af75,17,19,Normal
2026-04-28 00:38:21.335623,London-af75,16,85,Normal
2026-04-28 00:38:22.335623,London-af75,-14,36,Normal
2026-04-28 00:38:23.335623,London-af75,-9,13,Normal
2026-04-28 00:38:24.335623,London-af75,-18,42,Normal
2026-04-28 00:38:25.335623,London-af75,49,25,Normal
2026-04-28 00:38:26.335623,London-af75,0,61,Normal
2026-04-28 00:38:27.335623,London-af75,4,96,Normal
2026-04-28 00:38:28.335623,London-af75,47,74,Normal
2026-04-28 00:38:29.335623,London-af75,-3,38,Normal
2026-04-28 00:38:30.335623,London-af75,26,20,Normal
2026-04-28 00:38:31.335623,London-af75,2,6,Normal
2026-04-28 00:38:32.335623,London-af75,-14,24,Normal
2026-04-28 00:38:33.335623,London-af75,9,9,Normal
2026-04-28 00:38:34.335623,London-af75,23,52,Normal
2026-04-28 00:38:35.335623,London-af75,50,33,Normal
2026-04-28 00:38:36.335623,London-af75,27,13,Normal
2026-04-28 00:38:37.335623,London-af75,-24,95,Normal
2026-04-28 00:38:38.335623,London-af75,-6,92,Normal
2026-04-28 00:38:39.335623,London-af75,-26,6,Normal
2026-04-28 00:38:40.335623,London-af75,6,23,Normal
2026-04-28 00:38:41.335623,London-af75,28,46,Normal
2026-04-28 00:38:42.335623,London-af75,31,45,Normal
2026-04-28 00:38:43.335623,London-af75,27,85,Normal
2026-04-28 00:38:44.335623,London-af75,34,10,Normal
2026-04-28 00:38:45.335623,London-af75,-7,48,Normal
2026-04-28 00:38:46.335623,London-af75,37,44,Normal
2026-04-28 00:38:47.335623,London-af75,16,66,Normal
2026-04-28 00:38:48.335623,London-af75,-28,20,Normal
2026-04-28 00:38:49.335623,London-af75,42,23,Normal
2026-04-28 00:38:50.335623,London-af75,-19,87,Normal
2026-04-28 00:38:51.335623,London-af75,41,12,Normal
2026-04-28 00:38:52.335623,London-af75,4,25,Normal
2026-04-28 00:38:53.335623,London-af75,-25,8,Normal
2026-04-28 00:38:54.335623,London-af75,-20,63,Normal
2026-04-28 00:38:55.335623,London-af75,-19,68,Normal
2026-04-28 00:38:56.335623,London-af75,48,75,Normal
2026-04-28 00:38:57.335623,London-af75,34,13,Normal
2026-04-28 00:38:58.335623,London-af75,-2,8,Normal
2026-04-28 00:38:59.335623,London-af75,-22,26,Normal
2026-04-28 00:39:00.335623,London-af75,-26,92,Normal
2026-04-28 00:39:01.335623,London-af75,-14,26,Normal
2026-04-28 00:39:02.335623,London-af75,35,74,Normal
2026-04-28 00:39:03.335623,London-af75,45,59,Normal
2026-04-28 00:39:04.335623,London-af75,27,88,Normal
2026-04-28 00:39:05.335623,London-af75,44,39,Normal
2026-04-28 00:39:06.335623,London-af75,47,67,Normal
2026-04-28 00:39:07.335623,London-af75,41,79,Normal
2026-04-28 00:39:08.335623,London-af75,49,55,Normal
2026-04-28 00:39:09.335623,London-af75,1,2,Normal
2026-04-28 00:39:10.335623,London-af75,26,82,Normal
2026-04-28 00:39:11.335623,London-af75,40,92,Normal
2026-04-28 00:39:12.335623,London-af75,40,100,Normal
2026-04-28 00:39:13.335623,London-af75,38,81,Normal
2026-04-28 00:39:14.335623,London-af75,-3,30,Normal
2026-04-28 00:39:15.335623,London-af75,-4,27,Normal
2026-04-28 00:39:16.335623,London-af75,-25,93,Normal
2026-04-28 00:39:17.335623,London-af75,44,80,Normal
2026-04-28 00:39:18.335623,London-af75,43,73,Normal
2026-04-28 00:39:19.335623,London-af75,45,46,Normal
2026-04-28 00:39:20.335623,London-af75,34,28,Normal
2026-04-28 00:39:21.335623,London-af75,-3,55,Normal
2026-04-28 00:39:22.335623,London-af75,15,26,Normal
2026-04-28 00:39:23.335623,London-af75,-13,61,Normal
2026-04-28 00:39:24.335623,London-af75,-11,17,Normal
2026-04-28 00:39:25.335623,London-af75,25,7,Normal
2026-04-28 00:39:26.335623,London-af75,-7,73,Normal
2026-04-28 00:39:27.335623,London-af75,15,77,Normal
2026-04-28 00:39:28.335623,London-af75,5,30,Normal
2026-04-28 00:39:29.335623,London-af75,16,68,Normal
2026-04-28 00:39:30.335623,London-af75,-20,58,Normal
2026-04-28 00:39:31.335623,London-af75,33,81,Normal
2026-04-28 00:39:32.335623,London-af75,-11,8,Normal
2026-04-28 00:39:33.335623,London-af75,-4,79,Normal
2026-04-28 00:39:34.335623,London-af75,9,42,Normal
2026-04-28 00:39:35.335623,London-af75,16,1,Normal
2026-04-28 00:39:36.335623,London-af75,-22,75,Normal
2026-04-28 00:39:37.335623,London-af75,24,65,Normal
2026-04-28 00:39:38.335623,London-af75,23,64,Normal
2026-04-28 00:39:39.335623,London-af75,-9,9,Normal
2026-04-28 00:39:40.335623,London-af75,48,63,Normal
2026-04-28 00:39:41.335623,London-af75,26,26,Normal
2026-04-28 00:39:42.335623,London-af75,-3,88,Normal
2026-04-28 00:39:43.335623,London-af75,-5,42,Normal
2026-04-28 00:39:44.335623,London-af75,-28,32,Normal
2026-04-28 00:39:45.335623,London-af75,-17,38,Normal
2026-04-28 00:39:46.335623,London-af75,3,42,Normal
2026-04-28 00:39:47.335623,London-af75,-12,40,Normal
2026-04-28 00:39:48.335623,London-af75,45,41,Normal
2026-04-28 00:39:49.335623,London-af75,18,5,Normal
2026-04-28 00:39:50.335623,London-af75,21,27,Normal
2026-04-28 00:39:51.335623,London-af75,8,21,Normal
2026-04-28 00:39:52.335623,London-af75,31,33,Normal
2026-04-28 00:39:53.335623,London-af75,-3,74,Normal
2026-04-28 00:39:54.335623,London-af75,1,22,Normal
2026-04-28 00:39:55.335623,London-af75,27,11,Normal
2026-04-28 00:39:56.335623,London-af75,19,83,Normal
2026-04-28 00:39:57.335623,London-af75,-1,4,Normal
2026-04-28 00:39:58.335623,London-af75,23,85,Normal
2026-04-28 00:39:59.335623,London-af75,-3,81,Normal
2026-04-28 00:40:00.335623,London-af75,-15,88,Normal
2026-04-28 00:40:01.335623,London-af75,2,44,Normal
2026-04-28 00:40:02.335623,London-af75,40,83,Normal
2026-04-28 00:40:03.335623,London-af75,21,15,Normal
2026-04-28 00:40:04.335623,London-af75,24,13,Normal
2026-04-28 00:40:05.335623,London-af75,-20,7,Normal
2026-04-28 00:40:06.335623,London-af75,-3,47,Normal
2026-04-28 00:40:07.335623,London-af75,-28,48,Normal
2026-04-28 00:40:08.335623,London-af75,31,73,Normal
2026-04-28 00:40:09.335623,London-af75,48,64,Normal
2026-04-28 00:40:10.335623,London-af75,13,11,Normal
2026-04-28 00:40:11.335623,London-af75,22,16,Normal
2026-04-28 00:40:12.335623,London-af75,-16,31,Normal
2026-04-28 00:40:13.335623,London-af75,-26,22,Normal
2026-04-28 00:40:14.335623,London-af75,2,72,Normal
2026-04-28 00:40:15.335623,London-af75,18,82,Normal
2026-04-28 00:40:16.335623,London-af75,36,72,Normal
2026-04-28 00:40:17.335623,London-af75,18,96,Normal
2026-04-28 00:40:18.335623,London-af75,-7,80,Normal
