timestamp,station_id,temp,humid,condition
2026-02-14 19:49:47.014742,Berlin-0a39,-19,82,Normal
2026-02-14 19:49:48.014742,Berlin-0a39,-11,2,Normal
2026-02-14 19:49:49.014742,Berlin-0a39,2,95,Normal
2026-02-14 19:49:50.014742,Berlin-0a39,-30,27,Normal
2026-02-14 19:49:51.014742,Berlin-0a39,-19,84,Normal
2026-02-14 19:49:52.014742,Berlin-0a39,48,54,Normal
2026-02-14 19:49:53.014742,Berlin-0a39,3,99,Normal
2026-02-14 19:49:54.014742,Berlin-0a39,-24,87,Normal
2026-02-14 19:49:55.014742,Berlin-0a39,1,77,Normal
2026-02-14 19:49:56.014742,Berlin-0a39,-26,45,Normal
2026-02-14 19:49:57.014742,Berlin-0a39,-27,67,Normal
2026-02-14 19:49:58.014742,Berlin-0a39,-23,29,Normal
2026-02-14 19:49:59.014742,Berlin-0a39,-26,30,Normal
2026-02-14 19:50:00.014742,Berlin-0a39,8,0,Normal
2026-02-14 19:50:01.014742,Berlin-0a39,28,80,Normal
2026-02-14 19:50:02.014742,Berlin-0a39,31,44,Normal
2026-02-14 19:50:03.014742,Berlin-0a39,-27,56,Normal
2026-02-14 19:50:04.014742,Berlin-0a39,-18,11,Normal
2026-02-14 19:50:05.014742,Berlin-0a39,25,77,Normal
2026-02-14 19:50:06.014742,Berlin-0a39,-7,10,Normal
2026-02-14 19:50:07.014742,Berlin-0a39,37,15,Normal
2026-02-14 19:50:08.014742,Berlin-0a39,39,87,Normal
2026-02-14 19:50:09.014742,Berlin-0a39,11,78,Normal
2026-02-14 19:50:10.014742,Berlin-0a39,27,61,Normal
2026-02-14 19:50:11.014742,Berlin-0a39,-15,21,Normal
2026-02-14 19:50:12.014742,Berlin-0a39,-22,67,Normal
2026-02-14 19:50:13.014742,Berlin-0a39,19,11,Normal
2026-02-14 19:50:14.014742,Berlin-0a39,-21,25,Normal
2026-02-14 19:50:15.014742,Berlin-0a39,31,19,Normal
2026-02-14 19:50:16.014742,Berlin-0a39,36,78,Normal
2026-02-14 19:50:17.014742,Berlin-0a39,43,23,Normal
2026-02-14 19:50:18.014742,Berlin-0a39,42,3,Normal
2026-02-14 19:50:19.014742,Berlin-0a39,5,69,Normal
2026-02-14 19:50:20.014742,Berlin-0a39,48,93,Normal
2026-02-14 19:50:21.014742,Berlin-0a39,-16,99,Normal
2026-02-14 19:50:22.014742,Berlin-0a39,13,46,Normal
2026-02-14 19:50:23.014742,Berlin-0a39,-20,36,Normal
2026-02-14 19:50:24.014742,Berlin-0a39,-11,43,Normal
2026-02-14 19:50:25.014742,Berlin-0a39,5,52,Normal
2026-02-14 19:50:26.014742,Berlin-0a39,34,5,Normal
2026-02-14 19:50:27.014742,Berlin-0a39,3,73,Normal
2026-02-14 19:50:28.014742,Berlin-0a39,7,36,Normal
2026-02-14 19:50:29.014742,Berlin-0a39,25,62,Normal
2026-02-14 19:50:30.014742,Berlin-0a39,16,85,Normal
2026-02-14 19:50:31.014742,Berlin-0a39,-4,95,Normal
2026-02-14 19:50:32.014742,Berlin-0a39,49,39,Normal
2026-02-14 19:50:33.014742,Berlin-0a39,16,7,Normal
2026-02-14 19:50:34.014742,Berlin-0a39,3,50,Normal
2026-02-14 19:50:35.014742,Berlin-0a39,40,69,Normal
2026-02-14 19:50:36.014742,Berlin-0a39,40,1,Normal
2026-02-14 19:50:37.014742,Berlin-0a39,19,90,Normal
2026-02-14 19:50:38.014742,Berlin-0a39,6,35,Normal
2026-02-14 19:50:39.014742,Berlin-0a39,38,68,Normal
2026-02-14 19:50:40.014742,Berlin-0a39,16,26,Normal
2026-02-14 19:50:41.014742,Berlin-0a39,8,7,Normal
2026-02-14 19:50:42.014742,Berlin-0a39,31,9,Normal
2026-02-14 19:50:43.014742,Berlin-0a39,39,13,Normal
2026-02-14 19:50:44.014742,Berlin-0a39,48,65,Normal
2026-02-14 19:50:45.014742,Berlin-0a39,6,9,Normal
2026-02-14 19:50:46.014742,Berlin-0a39,10,14,Normal
2026-02-14 19:50:47.014742,Berlin-0a39,-29,80,Normal
2026-02-14 19:50:48.014742,Berlin-0a39,44,65,Normal
2026-02-14 19:50:49.014742,Berlin-0a39,-26,73,Normal
2026-02-14 19:50:50.014742,Berlin-0a39,28,53,Normal
2026-02-14 19:50:51.014742,Berlin-0a39,37,42,Normal
2026-02-14 19:50:52.014742,Berlin-0a39,1,43,Normal
2026-02-14 19:50:53.014742,Berlin-0a39,41,14,Normal
2026-02-14 19:50:54.014742,Berlin-0a39,-8,79,Normal
2026-02-14 19:50:55.014742,Berlin-0a39,-20,56,Normal
2026-02-14 19:50:56.014742,Berlin-0a39,-6,34,Normal
2026-02-14 19:50:57.014742,Berlin-0a39,-23,2,Normal
2026-02-14 19:50:58.014742,Berlin-0a39,34,88,Normal
2026-02-14 19:50:59.014742,Berlin-0a39,27,8,Normal
2026-02-14 19:51:00.014742,Berlin-0a39,-11,40,Normal
2026-02-14 19:51:01.014742,Berlin-0a39,-29,13,Normal
2026-02-14 19:51:02.014742,Berlin-0a39,12,35,Normal
2026-02-14 19:51:03.014742,Berlin-0a39,40,37,Normal
2026-02-14 19:51:04.014742,Berlin-0a39,35,87,Normal
2026-02-14 19:51:05.014742,Berlin-0a39,0,6,Normal
2026-02-14 19:51:06.014742,Berlin-0a39,-5,47,Normal
2026-02-14 19:51:07.014742,Berlin-0a39,25,70,Normal
2026-02-14 19:51:08.014742,Berlin-0a39,48,34,Normal
2026-02-14 19:51:09.014742,Berlin-0a39,24,29,Normal
2026-02-14 19:51:10.014742,Berlin-0a39,-18,63,Normal
2026-02-14 19:51:11.014742,Berlin-0a39,38,88,Normal
2026-02-14 19:51:12.014742,Berlin-0a39,42,51,Normal
2026-02-14 19:51:13.014742,Berlin-0a39,9,43,Normal
2026-02-14 19:51:14.014742,Berlin-0a39,27,14,Normal
2026-02-14 19:51:15.014742,Berlin-0a39,5,4,Normal
2026-02-14 19:51:16.014742,Berlin-0a39,-2,76,Normal
2026-02-14 19:51:17.014742,Berlin-0a39,40,86,Normal
2026-02-14 19:51:18.014742,Berlin-0a39,43,91,Normal
2026-02-14 19:51:19.014742,Berlin-0a39,41,21,Normal
2026-02-14 19:51:20.014742,Berlin-0a39,42,41,Normal
2026-02-14 19:51:21.014742,Berlin-0a39,-17,17,Normal
2026-02-14 19:51:22.014742,Berlin-0a39,25,67,Normal
2026-02-14 19:51:23.014742,Berlin-0a39,26,0,Normal
2026-02-14 19:51:24.014742,Berlin-0a39,39,87,Normal
2026-02-14 19:51:25.014742,Berlin-0a39,12,86,Normal
2026-02-14 19:51:26.014742,Berlin-0a39,14,34,Normal
2026-02-14 19:51:27.014742,Berlin-0a39,4,79,Normal
2026-02-14 19:51:28.014742,Berlin-0a39,47,38,Normal
2026-02-14 19:51:29.014742,Berlin-0a39,43,56,Normal
2026-02-14 19:51:30.014742,Berlin-0a39,42,44,Normal
2026-02-14 19:51:31.014742,Berlin-0a39,-12,49,Normal
2026-02-14 19:51:32.014742,Berlin-0a39,31,97,Normal
2026-02-14 19:51:33.014742,Berlin-0a39,7,50,Normal
2026-02-14 19:51:34.014742,Berlin-0a39,14,87,Normal
2026-02-14 19:51:35.014742,Berlin-0a39,37,11,Normal
2026-02-14 19:51:36.014742,Berlin-0a39,-28,61,Normal
2026-02-14 19:51:37.014742,Berlin-0a39,-22,26,Normal
2026-02-14 19:51:38.014742,Berlin-0a39,-30,62,Normal
2026-02-14 19:51:39.014742,Berlin-0a39,-13,70,Normal
2026-02-14 19:51:40.014742,Berlin-0a39,-29,2,Normal
2026-02-14 19:51:41.014742,Berlin-0a39,33,10,Normal
2026-02-14 19:51:42.014742,Berlin-0a39,12,59,Normal
2026-02-14 19:51:43.014742,Berlin-0a39,-29,33,Normal
2026-02-14 19:51:44.014742,Berlin-0a39,-20,28,Normal
2026-02-14 19:51:45.014742,Berlin-0a39,4,21,Normal
2026-02-14 19:51:46.014742,Berlin-0a39,-26,57,Normal
2026-02-14 19:51:47.014742,Berlin-0a39,24,62,Normal
2026-02-14 19:51:48.014742,Berlin-0a39,6,63,Normal
2026-02-14 19:51:49.014742,Berlin-0a39,49,45,Normal
2026-02-14 19:51:50.014742,Berlin-0a39,50,90,Normal
2026-02-14 19:51:51.014742,Berlin-0a39,39,73,Normal
2026-02-14 19:51:52.014742,Berlin-0a39,35,18,Normal
2026-02-14 19:51:53.014742,Berlin-0a39,21,85,Normal
2026-02-14 19:51:54.014742,Berlin-0a39,-25,27,Normal
2026-02-14 19:51:55.014742,Berlin-0a39,45,46,Normal
2026-02-14 19:51:56.014742,Berlin-0a39,-2,63,Normal
2026-02-14 19:51:57.014742,Berlin-0a39,-10,76,Normal
2026-02-14 19:51:58.014742,Berlin-0a39,37,27,Normal
2026-02-14 19:51:59.014742,Berlin-0a39,-3,96,Normal
2026-02-14 19:52:00.014742,Berlin-0a39,-27,94,Normal
2026-02-14 19:52:01.014742,Berlin-0a39,32,83,Normal
2026-02-14 19:52:02.014742,Berlin-0a39,-26,22,Normal
2026-02-14 19:52:03.014742,Berlin-0a39,47,69,Normal
2026-02-14 19:52:04.014742,Berlin-0a39,-24,47,Normal
2026-02-14 19:52:05.014742,Berlin-0a39,-13,97,Normal
2026-02-14 19:52:06.014742,Berlin-0a39,-10,87,Normal
2026-02-14 19:52:07.014742,Berlin-0a39,16,59,Normal
2026-02-14 19:52:08.014742,Berlin-0a39,-2,56,Normal
2026-02-14 19:52:09.014742,Berlin-0a39,-16,64,Normal
2026-02-14 19:52:10.014742,Berlin-0a39,-6,98,Normal
2026-02-14 19:52:11.014742,Berlin-0a39,29,83,Normal
2026-02-14 19:52:12.014742,Berlin-0a39,31,86,Normal
2026-02-14 19:52:13.014742,Berlin-0a39,-30,85,Normal
2026-02-14 19:52:14.014742,Berlin-0a39,13,11,Normal
2026-02-14 19:52:15.014742,Berlin-0a39,-26,41,Normal
2026-02-14 19:52:16.014742,Berlin-0a39,35,60,Normal
2026-02-14 19:52:17.014742,Berlin-0a39,40,19,Normal
2026-02-14 19:52:18.014742,Berlin-0a39,10,22,Normal
2026-02-14 19:52:19.014742,Berlin-0a39,-3,28,Normal
2026-02-14 19:52:20.014742,Berlin-0a39,-26,98,Normal
2026-02-14 19:52:21.014742,Berlin-0a39,33,45,Normal
2026-02-14 19:52:22.014742,Berlin-0a39,-20,57,Normal
2026-02-14 19:52:23.014742,Berlin-0a39,-1,53,Normal
2026-02-14 19:52:24.014742,Berlin-0a39,-26,74,Normal
2026-02-14 19:52:25.014742,Berlin-0a39,25,16,Normal
2026-02-14 19:52:26.014742,Berlin-0a39,-24,62,Normal
2026-02-14 19:52:27.014742,Berlin-0a39,-26,83,Normal
2026-02-14 19:52:28.014742,Berlin-0a39,-18,4,Normal
2026-02-14 19:52:29.014742,Berlin-0a39,-28,92,Normal
2026-02-14 19:52:30.014742,Berlin-0a39,-15,55,Normal
2026-02-14 19:52:31.014742,Berlin-0a39,38,75,Normal
2026-02-14 19:52:32.014742,Berlin-0a39,45,95,Normal
2026-02-14 19:52:33.014742,Berlin-0a39,42,64,Normal
2026-02-14 19:52:34.014742,Berlin-0a39,37,63,Normal
2026-02-14 19:52:35.014742,Berlin-0a39,-12,6,Normal
2026-02-14 19:52:36.014742,Berlin-0a39,-6,11,Normal
2026-02-14 19:52:37.014742,Berlin-0a39,4,96,Normal
2026-02-14 19:52:38.014742,Berlin-0a39,1,2,Normal
2026-02-14 19:52:39.014742,Berlin-0a39,-2,35,Normal
2026-02-14 19:52:40.014742,Berlin-0a39,-27,20,Normal
2026-02-14 19:52:41.014742,Berlin-0a39,-22,57,Normal
2026-02-14 19:52:42.014742,Berlin-0a39,-6,8,Normal
2026-02-14 19:52:43.014742,Berlin-0a39,-5,78,Normal
2026-02-14 19:52:44.014742,Berlin-0a39,-23,14,Normal
2026-02-14 19:52:45.014742,Berlin-0a39,13,68,Normal
2026-02-14 19:52:46.014742,Berlin-0a39,-23,40,Normal
2026-02-14 19:52:47.014742,Berlin-0a39,-5,43,Normal
2026-02-14 19:52:48.014742,Berlin-0a39,-6,7,Normal
2026-02-14 19:52:49.014742,Berlin-0a39,1,89,Normal
2026-02-14 19:52:50.014742,Berlin-0a39,-2,75,Normal
2026-02-14 19:52:51.014742,Berlin-0a39,-4,91,Normal
2026-02-14 19:52:52.014742,Berlin-0a39,25,26,Normal
2026-02-14 19:52:53.014742,Berlin-0a39,-17,9,Normal
2026-02-14 19:52:54.014742,Berlin-0a39,1,91,Normal
2026-02-14 19:52:55.014742,Berlin-0a39,-27,49,Normal
2026-02-14 19:52:56.014742,Berlin-0a39,13,76,Normal
2026-02-14 19:52:57.014742,Berlin-0a39,14,22,Normal
2026-02-14 19:52:58.014742,Berlin-0a39,-2,33,Normal
2026-02-14 19:52:59.014742,Berlin-0a39,-6,92,Normal
2026-02-14 19:53:00.014742,Berlin-0a39,30,50,Normal
2026-02-14 19:53:01.014742,Berlin-0a39,45,76,Normal
2026-02-14 19:53:02.014742,Berlin-0a39,25,96,Normal
2026-02-14 19:53:03.014742,Berlin-0a39,40,7,Normal
2026-02-14 19:53:04.014742,Berlin-0a39,21,9,Normal
2026-02-14 19:53:05.014742,Berlin-0a39,10,83,Normal
2026-02-14 19:53:06.014742,Berlin-0a39,5,23,Normal
2026-02-14 19:53:07.014742,Berlin-0a39,-8,1,Normal
2026-02-14 19:53:08.014742,Berlin-0a39,50,9,Normal
2026-02-14 19:53:09.014742,Berlin-0a39,-21,30,Normal
2026-02-14 19:53:10.014742,Berlin-0a39,5,14,Normal
2026-02-14 19:53:11.014742,Berlin-0a39,8,52,Normal
2026-02-14 19:53:12.014742,Berlin-0a39,39,48,Normal
2026-02-14 19:53:13.014742,Berlin-0a39,38,12,Normal
2026-02-14 19:53:14.014742,Berlin-0a39,46,95,Normal
2026-02-14 19:53:15.014742,Berlin-0a39,44,71,Normal
2026-02-14 19:53:16.014742,Berlin-0a39,19,99,Normal
2026-02-14 19:53:17.014742,Berlin-0a39,37,23,Normal
2026-02-14 19:53:18.014742,Berlin-0a39,26,22,Normal
2026-02-14 19:53:19.014742,Berlin-0a39,-19,90,Normal
2026-02-14 19:53:20.014742,Berlin-0a39,-24,55,Normal
2026-02-14 19:53:21.014742,Berlin-0a39,0,11,Normal
2026-02-14 19:53:22.014742,Berlin-0a39,45,35,Normal
2026-02-14 19:53:23.014742,Berlin-0a39,-2,26,Normal
2026-02-14 19:53:24.014742,Berlin-0a39,40,43,Normal
2026-02-14 19:53:25.014742,Berlin-0a39,-5,67,Normal
2026-02-14 19:53:26.014742,Berlin-0a39,6,35,Normal
2026-02-14 19:53:27.014742,Berlin-0a39,50,53,Normal
2026-02-14 19:53:28.014742,Berlin-0a39,-21,18,Normal
2026-02-14 19:53:29.014742,Berlin-0a39,-4,89,Normal
2026-02-14 19:53:30.014742,Berlin-0a39,-22,63,Normal
2026-02-14 19:53:31.014742,Berlin-0a39,15,33,Normal
2026-02-14 19:53:32.014742,Berlin-0a39,1,57,Normal
2026-02-14 19:53:33.014742,Berlin-0a39,-8,71,Normal
2026-02-14 19:53:34.014742,Berlin-0a39,-23,31,Normal
2026-02-14 19:53:35.014742,Berlin-0a39,44,41,Normal
2026-02-14 19:53:36.014742,Berlin-0a39,4,86,Normal
2026-02-14 19:53:37.014742,Berlin-0a39,12,18,Normal
2026-02-14 19:53:38.014742,Berlin-0a39,11,30,Normal
2026-02-14 19:53:39.014742,Berlin-0a39,-14,75,Normal
2026-02-14 19:53:40.014742,Berlin-0a39,9,70,Normal
2026-02-14 19:53:41.014742,Berlin-0a39,-2,88,Normal
2026-02-14 19:53:42.014742,Berlin-0a39,-27,10,Normal
2026-02-14 19:53:43.014742,Berlin-0a39,22,16,Normal
2026-02-14 19:53:44.014742,Berlin-0a39,21,20,Normal
2026-02-14 19:53:45.014742,Berlin-0a39,-15,71,Normal
2026-02-14 19:53:46.014742,Berlin-0a39,-29,36,Normal
2026-02-14 19:53:47.014742,Berlin-0a39,46,64,Normal
2026-02-14 19:53:48.014742,Berlin-0a39,28,51,Normal
2026-02-14 19:53:49.014742,Berlin-0a39,18,24,Normal
2026-02-14 19:53:50.014742,Berlin-0a39,47,58,Normal
2026-02-14 19:53:51.014742,Berlin-0a39,-7,25,Normal
2026-02-14 19:53:52.014742,Berlin-0a39,16,25,Normal
2026-02-14 19:53:53.014742,Berlin-0a39,22,4,Normal
2026-02-14 19:53:54.014742,Berlin-0a39,47,99,Normal
2026-02-14 19:53:55.014742,Berlin-0a39,26,22,Normal
2026-02-14 19:53:56.014742,Berlin-0a39,-19,35,Normal
2026-02-14 19:53:57.014742,Berlin-0a39,10,56,Normal
2026-02-14 19:53:58.014742,Berlin-0a39,17,19,Normal
2026-02-14 19:53:59.014742,Berlin-0a39,-16,31,Normal
2026-02-14 19:54:00.014742,Berlin-0a39,35,68,Normal
2026-02-14 19:54:01.014742,Berlin-0a39,39,36,Normal
2026-02-14 19:54:02.014742,Berlin-0a39,18,82,Normal
2026-02-14 19:54:03.014742,Berlin-0a39,-28,98,Normal
2026-02-14 19:54:04.014742,Berlin-0a39,-11,75,Normal
2026-02-14 19:54:05.014742,Berlin-0a39,12,91,Normal
2026-02-14 19:54:06.014742,Berlin-0a39,26,78,Normal
2026-02-14 19:54:07.014742,Berlin-0a39,-29,97,Normal
2026-02-14 19:54:08.014742,Berlin-0a39,-17,4,Normal
2026-02-14 19:54:09.014742,Berlin-0a39,35,83,Normal
2026-02-14 19:54:10.014742,Berlin-0a39,42,72,Normal
2026-02-14 19:54:11.014742,Berlin-0a39,12,46,Normal
2026-02-14 19:54:12.014742,Berlin-0a39,15,2,Normal
2026-02-14 19:54:13.014742,Berlin-0a39,40,14,Normal
2026-02-14 19:54:14.014742,Berlin-0a39,14,94,Normal
2026-02-14 19:54:15.014742,Berlin-0a39,43,37,Normal
2026-02-14 19:54:16.014742,Berlin-0a39,-25,87,Normal
2026-02-14 19:54:17.014742,Berlin-0a39,-24,75,Normal
2026-02-14 19:54:18.014742,Berlin-0a39,27,43,Normal
2026-02-14 19:54:19.014742,Berlin-0a39,2,18,Normal
2026-02-14 19:54:20.014742,Berlin-0a39,32,68,Normal
2026-02-14 19:54:21.014742,Berlin-0a39,8,45,Normal
2026-02-14 19:54:22.014742,Berlin-0a39,-30,11,Normal
2026-02-14 19:54:23.014742,Berlin-0a39,16,15,Normal
2026-02-14 19:54:24.014742,Berlin-0a39,38,61,Normal
2026-02-14 19:54:25.014742,Berlin-0a39,28,45,Normal
2026-02-14 19:54:26.014742,Berlin-0a39,-18,81,Normal
2026-02-14 19:54:27.014742,Berlin-0a39,43,93,Normal
2026-02-14 19:54:28.014742,Berlin-0a39,-30,68,Normal
2026-02-14 19:54:29.014742,Berlin-0a39,15,44,Normal
2026-02-14 19:54:30.014742,Berlin-0a39,23,67,Normal
2026-02-14 19:54:31.014742,Berlin-0a39,-1,76,Normal
2026-02-14 19:54:32.014742,Berlin-0a39,12,49,Normal
2026-02-14 19:54:33.014742,Berlin-0a39,-28,80,Normal
2026-02-14 19:54:34.014742,Berlin-0a39,6,20,Normal
2026-02-14 19:54:35.014742,Berlin-0a39,30,14,Normal
2026-02-14 19:54:36.014742,Berlin-0a39,16,34,Normal
2026-02-14 19:54:37.014742,Berlin-0a39,42,24,Normal
2026-02-14 19:54:38.014742,Berlin-0a39,46,84,Normal
2026-02-14 19:54:39.014742,Berlin-0a39,-17,15,Normal
2026-02-14 19:54:40.014742,Berlin-0a39,29,57,Normal
2026-02-14 19:54:41.014742,Berlin-0a39,7,90,Normal
2026-02-14 19:54:42.014742,Berlin-0a39,12,13,Normal
2026-02-14 19:54:43.014742,Berlin-0a39,-15,25,Normal
2026-02-14 19:54:44.014742,Berlin-0a39,15,47,Normal
2026-02-14 19:54:45.014742,Berlin-0a39,47,23,Normal
2026-02-14 19:54:46.014742,Berlin-0a39,-9,13,Normal
2026-02-14 19:54:47.014742,Berlin-0a39,-4,6,Normal
2026-02-14 19:54:48.014742,Berlin-0a39,36,59,Normal
2026-02-14 19:54:49.014742,Berlin-0a39,2,84,Normal
2026-02-14 19:54:50.014742,Berlin-0a39,-23,37,Normal
2026-02-14 19:54:51.014742,Berlin-0a39,-30,28,Normal
2026-02-14 19:54:52.014742,Berlin-0a39,-2,39,Normal
2026-02-14 19:54:53.014742,Berlin-0a39,-11,39,Normal
2026-02-14 19:54:54.014742,Berlin-0a39,13,9,Normal
2026-02-14 19:54:55.014742,Berlin-0a39,10,81,Normal
2026-02-14 19:54:56.014742,Berlin-0a39,-2,76,Normal
2026-02-14 19:54:57.014742,Berlin-0a39,39,39,Normal
2026-02-14 19:54:58.014742,Berlin-0a39,-15,78,Normal
2026-02-14 19:54:59.014742,Berlin-0a39,47,32,Normal
2026-02-14 19:55:00.014742,Berlin-0a39,-12,14,Normal
2026-02-14 19:55:01.014742,Berlin-0a39,46,84,Normal
2026-02-14 19:55:02.014742,Berlin-0a39,-4,4,Normal
2026-02-14 19:55:03.014742,Berlin-0a39,41,34,Normal
2026-02-14 19:55:04.014742,Berlin-0a39,-30,69,Normal
2026-02-14 19:55:05.014742,Berlin-0a39,25,39,Normal
2026-02-14 19:55:06.014742,Berlin-0a39,-25,82,Normal
2026-02-14 19:55:07.014742,Berlin-0a39,-20,74,Normal
2026-02-14 19:55:08.014742,Berlin-0a39,38,23,Normal
2026-02-14 19:55:09.014742,Berlin-0a39,37,36,Normal
2026-02-14 19:55:10.014742,Berlin-0a39,29,17,Normal
2026-02-14 19:55:11.014742,Berlin-0a39,-7,3,Normal
2026-02-14 19:55:12.014742,Berlin-0a39,-27,12,Normal
2026-02-14 19:55:13.014742,Berlin-0a39,12,86,Normal
2026-02-14 19:55:14.014742,Berlin-0a39,-13,71,Normal
2026-02-14 19:55:15.014742,Berlin-0a39,31,67,Normal
2026-02-14 19:55:16.014742,Berlin-0a39,13,50,Normal
2026-02-14 19:55:17.014742,Berlin-0a39,32,89,Normal
2026-02-14 19:55:18.014742,Berlin-0a39,37,92,Normal
2026-02-14 19:55:19.014742,Berlin-0a39,39,30,Normal
2026-02-14 19:55:20.014742,Berlin-0a39,42,35,Normal
2026-02-14 19:55:21.014742,Berlin-0a39,16,88,Normal
2026-02-14 19:55:22.014742,Berlin-0a39,50,35,Normal
2026-02-14 19:55:23.014742,Berlin-0a39,-6,89,Normal
2026-02-14 19:55:24.014742,Berlin-0a39,36,70,Normal
2026-02-14 19:55:25.014742,Berlin-0a39,36,4,Normal
2026-02-14 19:55:26.014742,Berlin-0a39,-20,45,Normal
2026-02-14 19:55:27.014742,Berlin-0a39,12,87,Normal
2026-02-14 19:55:28.014742,Berlin-0a39,26,23,Normal
2026-02-14 19:55:29.014742,Berlin-0a39,25,55,Normal
2026-02-14 19:55:30.014742,Berlin-0a39,47,22,Normal
2026-02-14 19:55:31.014742,Berlin-0a39,23,15,Normal
2026-02-14 19:55:32.014742,Berlin-0a39,6,70,Normal
2026-02-14 19:55:33.014742,Berlin-0a39,25,94,Normal
2026-02-14 19:55:34.014742,Berlin-0a39,4,51,Normal
2026-02-14 19:55:35.014742,Berlin-0a39,4,79,Normal
2026-02-14 19:55:36.014742,Berlin-0a39,-6,61,Normal
2026-02-14 19:55:37.014742,Berlin-0a39,28,43,Normal
2026-02-14 19:55:38.014742,Berlin-0a39,1,6,Normal
2026-02-14 19:55:39.014742,Berlin-0a39,37,15,Normal
2026-02-14 19:55:40.014742,Berlin-0a39,-18,16,Normal
2026-02-14 19:55:41.014742,Berlin-0a39,23,9,Normal
2026-02-14 19:55:42.014742,Berlin-0a39,5,7,Normal
2026-02-14 19:55:43.014742,Berlin-0a39,19,5,Normal
2026-02-14 19:55:44.014742,Berlin-0a39,6,26,Normal
2026-02-14 19:55:45.014742,Berlin-0a39,-13,49,Normal
2026-02-14 19:55:46.014742,Berlin-0a39,17,15,Normal
2026-02-14 19:55:47.014742,Berlin-0a39,10,12,Normal
2026-02-14 19:55:48.014742,Berlin-0a39,19,36,Normal
2026-02-14 19:55:49.014742,Berlin-0a39,31,87,Normal
2026-02-14 19:55:50.014742,Berlin-0a39,10,34,Normal
2026-02-14 19:55:51.014742,Berlin-0a39,-28,94,Normal
2026-02-14 19:55:52.014742,Berlin-0a39,23,21,Normal
2026-02-14 19:55:53.014742,Berlin-0a39,-23,56,Normal
2026-02-14 19:55:54.014742,Berlin-0a39,43,53,Normal
2026-02-14 19:55:55.014742,Berlin-0a39,41,84,Normal
2026-02-14 19:55:56.014742,Berlin-0a39,48,36,Normal
2026-02-14 19:55:57.014742,Berlin-0a39,2,38,Normal
2026-02-14 19:55:58.014742,Berlin-0a39,-6,78,Normal
2026-02-14 19:55:59.014742,Berlin-0a39,21,32,Normal
2026-02-14 19:56:00.014742,Berlin-0a39,7,33,Normal
2026-02-14 19:56:01.014742,Berlin-0a39,-8,87,Normal
2026-02-14 19:56:02.014742,Berlin-0a39,-24,89,Normal
2026-02-14 19:56:03.014742,Berlin-0a39,-17,10,Normal
2026-02-14 19:56:04.014742,Berlin-0a39,-10,9,Normal
2026-02-14 19:56:05.014742,Berlin-0a39,24,77,Normal
2026-02-14 19:56:06.014742,Berlin-0a39,-5,18,Normal
2026-02-14 19:56:07.014742,Berlin-0a39,44,39,Normal
2026-02-14 19:56:08.014742,Berlin-0a39,19,6,Normal
2026-02-14 19:56:09.014742,Berlin-0a39,3,13,Normal
2026-02-14 19:56:10.014742,Berlin-0a39,38,46,Normal
2026-02-14 19:56:11.014742,Berlin-0a39,5,24,Normal
2026-02-14 19:56:12.014742,Berlin-0a39,43,64,Normal
2026-02-14 19:56:13.014742,Berlin-0a39,27,99,Normal
2026-02-14 19:56:14.014742,Berlin-0a39,12,72,Normal
2026-02-14 19:56:15.014742,Berlin-0a39,27,97,Normal
2026-02-14 19:56:16.014742,Berlin-0a39,32,42,Normal
2026-02-14 19:56:17.014742,Berlin-0a39,41,88,Normal
2026-02-14 19:56:18.014742,Berlin-0a39,24,61,Normal
2026-02-14 19:56:19.014742,Berlin-0a39,7,56,Normal
2026-02-14 19:56:20.014742,Berlin-0a39,48,9,Normal
2026-02-14 19:56:21.014742,Berlin-0a39,-22,73,Normal
2026-02-14 19:56:22.014742,Berlin-0a39,39,1,Normal
2026-02-14 19:56:23.014742,Berlin-0a39,-28,80,Normal
2026-02-14 19:56:24.014742,Berlin-0a39,0,74,Normal
2026-02-14 19:56:25.014742,Berlin-0a39,42,21,Normal
2026-02-14 19:56:26.014742,Berlin-0a39,-9,9,Normal
2026-02-14 19:56:27.014742,Berlin-0a39,31,66,Normal
2026-02-14 19:56:28.014742,Berlin-0a39,-25,100,Normal
2026-02-14 19:56:29.014742,Berlin-0a39,36,22,Normal
2026-02-14 19:56:30.014742,Berlin-0a39,-13,28,Normal
2026-02-14 19:56:31.014742,Berlin-0a39,-27,91,Normal
2026-02-14 19:56:32.014742,Berlin-0a39,44,90,Normal
2026-02-14 19:56:33.014742,Berlin-0a39,24,32,Normal
2026-02-14 19:56:34.014742,Berlin-0a39,42,1,Normal
2026-02-14 19:56:35.014742,Berlin-0a39,-17,95,Normal
2026-02-14 19:56:36.014742,Berlin-0a39,-14,14,Normal
2026-02-14 19:56:37.014742,Berlin-0a39,26,94,Normal
2026-02-14 19:56:38.014742,Berlin-0a39,18,11,Normal
2026-02-14 19:56:39.014742,Berlin-0a39,-16,84,Normal
2026-02-14 19:56:40.014742,Berlin-0a39,37,90,Normal
2026-02-14 19:56:41.014742,Berlin-0a39,-25,25,Normal
2026-02-14 19:56:42.014742,Berlin-0a39,21,63,Normal
2026-02-14 19:56:43.014742,Berlin-0a39,12,36,Normal
2026-02-14 19:56:44.014742,Berlin-0a39,46,97,Normal
2026-02-14 19:56:45.014742,Berlin-0a39,-11,80,Normal
2026-02-14 19:56:46.014742,Berlin-0a39,-21,72,Normal
2026-02-14 19:56:47.014742,Berlin-0a39,3,12,Normal
2026-02-14 19:56:48.014742,Berlin-0a39,32,56,Normal
2026-02-14 19:56:49.014742,Berlin-0a39,-9,92,Normal
2026-02-14 19:56:50.014742,Berlin-0a39,-15,68,Normal
2026-02-14 19:56:51.014742,Berlin-0a39,31,16,Normal
2026-02-14 19:56:52.014742,Berlin-0a39,42,19,Normal
2026-02-14 19:56:53.014742,Berlin-0a39,3,79,Normal
2026-02-14 19:56:54.014742,Berlin-0a39,-17,65,Normal
2026-02-14 19:56:55.014742,Berlin-0a39,37,68,Normal
2026-02-14 19:56:56.014742,Berlin-0a39,2,88,Normal
2026-02-14 19:56:57.014742,Berlin-0a39,16,75,Normal
2026-02-14 19:56:58.014742,Berlin-0a39,-17,51,Normal
2026-02-14 19:56:59.014742,Berlin-0a39,-23,5,Normal
2026-02-14 19:57:00.014742,Berlin-0a39,23,76,Normal
2026-02-14 19:57:01.014742,Berlin-0a39,21,78,Normal
2026-02-14 19:57:02.014742,Berlin-0a39,39,98,Normal
2026-02-14 19:57:03.014742,Berlin-0a39,46,3,Normal
2026-02-14 19:57:04.014742,Berlin-0a39,39,40,Normal
2026-02-14 19:57:05.014742,Berlin-0a39,13,80,Normal
2026-02-14 19:57:06.014742,Berlin-0a39,34,61,Normal
2026-02-14 19:57:07.014742,Berlin-0a39,22,98,Normal
2026-02-14 19:57:08.014742,Berlin-0a39,-30,25,Normal
2026-02-14 19:57:09.014742,Berlin-0a39,-2,21,Normal
2026-02-14 19:57:10.014742,Berlin-0a39,-3,41,Normal
2026-02-14 19:57:11.014742,Berlin-0a39,12,11,Normal
2026-02-14 19:57:12.014742,Berlin-0a39,-17,9,Normal
2026-02-14 19:57:13.014742,Berlin-0a39,-10,74,Normal
2026-02-14 19:57:14.014742,Berlin-0a39,25,7,Normal
2026-02-14 19:57:15.014742,Berlin-0a39,9,56,Normal
2026-02-14 19:57:16.014742,Berlin-0a39,-20,19,Normal
2026-02-14 19:57:17.014742,Berlin-0a39,16,60,Normal
2026-02-14 19:57:18.014742,Berlin-0a39,30,6,Normal
2026-02-14 19:57:19.014742,Berlin-0a39,43,89,Normal
2026-02-14 19:57:20.014742,Berlin-0a39,0,23,Normal
2026-02-14 19:57:21.014742,Berlin-0a39,47,11,Normal
2026-02-14 19:57:22.014742,Berlin-0a39,15,26,Normal
2026-02-14 19:57:23.014742,Berlin-0a39,29,56,Normal
2026-02-14 19:57:24.014742,Berlin-0a39,-25,22,Normal
2026-02-14 19:57:25.014742,Berlin-0a39,-6,26,Normal
2026-02-14 19:57:26.014742,Berlin-0a39,-9,91,Normal
2026-02-14 19:57:27.014742,Berlin-0a39,-20,24,Normal
2026-02-14 19:57:28.014742,Berlin-0a39,-8,77,Normal
2026-02-14 19:57:29.014742,Berlin-0a39,32,20,Normal
2026-02-14 19:57:30.014742,Berlin-0a39,-12,8,Normal
2026-02-14 19:57:31.014742,Berlin-0a39,-9,76,Normal
2026-02-14 19:57:32.014742,Berlin-0a39,2,46,Normal
2026-02-14 19:57:33.014742,Berlin-0a39,3,62,Normal
2026-02-14 19:57:34.014742,Berlin-0a39,49,2,Normal
2026-02-14 19:57:35.014742,Berlin-0a39,45,56,Normal
2026-02-14 19:57:36.014742,Berlin-0a39,26,100,Normal
2026-02-14 19:57:37.014742,Berlin-0a39,4,26,Normal
2026-02-14 19:57:38.014742,Berlin-0a39,25,66,Normal
2026-02-14 19:57:39.014742,Berlin-0a39,-6,81,Normal
2026-02-14 19:57:40.014742,Berlin-0a39,-11,57,Normal
2026-02-14 19:57:41.014742,Berlin-0a39,4,36,Normal
2026-02-14 19:57:42.014742,Berlin-0a39,9,11,Normal
2026-02-14 19:57:43.014742,Berlin-0a39,-5,73,Normal
2026-02-14 19:57:44.014742,Berlin-0a39,40,6,Normal
2026-02-14 19:57:45.014742,Berlin-0a39,42,69,Normal
2026-02-14 19:57:46.014742,Berlin-0a39,33,3,Normal
2026-02-14 19:57:47.014742,Berlin-0a39,32,4,Normal
2026-02-14 19:57:48.014742,Berlin-0a39,38,9,Normal
2026-02-14 19:57:49.014742,Berlin-0a39,15,12,Normal
2026-02-14 19:57:50.014742,Berlin-0a39,-4,53,Normal
2026-02-14 19:57:51.014742,Berlin-0a39,10,89,Normal
2026-02-14 19:57:52.014742,Berlin-0a39,46,56,Normal
2026-02-14 19:57:53.014742,Berlin-0a39,50,97,Normal
2026-02-14 19:57:54.014742,Berlin-0a39,8,77,Normal
2026-02-14 19:57:55.014742,Berlin-0a39,16,93,Normal
2026-02-14 19:57:56.014742,Berlin-0a39,-22,84,Normal
2026-02-14 19:57:57.014742,Berlin-0a39,43,21,Normal
2026-02-14 19:57:58.014742,Berlin-0a39,-2,80,Normal
2026-02-14 19:57:59.014742,Berlin-0a39,-17,4,Normal
2026-02-14 19:58:00.014742,Berlin-0a39,36,29,Normal
2026-02-14 19:58:01.014742,Berlin-0a39,-22,56,Normal
2026-02-14 19:58:02.014742,Berlin-0a39,8,3,Normal
2026-02-14 19:58:03.014742,Berlin-0a39,-29,98,Normal
2026-02-14 19:58:04.014742,Berlin-0a39,-19,60,Normal
2026-02-14 19:58:05.014742,Berlin-0a39,8,85,Normal
2026-02-14 19:58:06.014742,Berlin-0a39,-22,25,Normal
2026-02-14 19:58:07.014742,Berlin-0a39,-21,62,Normal
2026-02-14 19:58:08.014742,Berlin-0a39,-26,83,Normal
2026-02-14 19:58:09.014742,Berlin-0a39,-26,83,Normal
2026-02-14 19:58:10.014742,Berlin-0a39,31,39,Normal
2026-02-14 19:58:11.014742,Berlin-0a39,12,9,Normal
2026-02-14 19:58:12.014742,Berlin-0a39,29,46,Normal
2026-02-14 19:58:13.014742,Berlin-0a39,42,20,Normal
2026-02-14 19:58:14.014742,Berlin-0a39,41,46,Normal
2026-02-14 19:58:15.014742,Berlin-0a39,22,79,Normal
2026-02-14 19:58:16.014742,Berlin-0a39,34,39,Normal
2026-02-14 19:58:17.014742,Berlin-0a39,-26,51,Normal
2026-02-14 19:58:18.014742,Berlin-0a39,48,32,Normal
2026-02-14 19:58:19.014742,Berlin-0a39,-12,58,Normal
2026-02-14 19:58:20.014742,Berlin-0a39,34,70,Normal
2026-02-14 19:58:21.014742,Berlin-0a39,14,29,Normal
2026-02-14 19:58:22.014742,Berlin-0a39,10,35,Normal
2026-02-14 19:58:23.014742,Berlin-0a39,22,59,Normal
2026-02-14 19:58:24.014742,Berlin-0a39,8,34,Normal
2026-02-14 19:58:25.014742,Berlin-0a39,20,42,Normal
2026-02-14 19:58:26.014742,Berlin-0a39,43,86,Normal
2026-02-14 19:58:27.014742,Berlin-0a39,9,66,Normal
2026-02-14 19:58:28.014742,Berlin-0a39,7,66,Normal
2026-02-14 19:58:29.014742,Berlin-0a39,-3,12,Normal
2026-02-14 19:58:30.014742,Berlin-0a39,38,13,Normal
2026-02-14 19:58:31.014742,Berlin-0a39,-3,88,Normal
2026-02-14 19:58:32.014742,Berlin-0a39,27,27,Normal
2026-02-14 19:58:33.014742,Berlin-0a39,23,48,Normal
2026-02-14 19:58:34.014742,Berlin-0a39,13,78,Normal
2026-02-14 19:58:35.014742,Berlin-0a39,0,53,Normal
2026-02-14 19:58:36.014742,Berlin-0a39,5,99,Normal
2026-02-14 19:58:37.014742,Berlin-0a39,27,26,Normal
2026-02-14 19:58:38.014742,Berlin-0a39,3,72,Normal
2026-02-14 19:58:39.014742,Berlin-0a39,-19,17,Normal
2026-02-14 19:58:40.014742,Berlin-0a39,-1,94,Normal
2026-02-14 19:58:41.014742,Berlin-0a39,16,85,Normal
2026-02-14 19:58:42.014742,Berlin-0a39,-6,16,Normal
2026-02-14 19:58:43.014742,Berlin-0a39,15,58,Normal
2026-02-14 19:58:44.014742,Berlin-0a39,2,26,Normal
2026-02-14 19:58:45.014742,Berlin-0a39,2,95,Normal
2026-02-14 19:58:46.014742,Berlin-0a39,-3,36,Normal
2026-02-14 19:58:47.014742,Berlin-0a39,24,98,Normal
2026-02-14 19:58:48.014742,Berlin-0a39,47,8,Normal
2026-02-14 19:58:49.014742,Berlin-0a39,12,81,Normal
2026-02-14 19:58:50.014742,Berlin-0a39,39,65,Normal
2026-02-14 19:58:51.014742,Berlin-0a39,-15,38,Normal
2026-02-14 19:58:52.014742,Berlin-0a39,-13,37,Normal
2026-02-14 19:58:53.014742,Berlin-0a39,-9,41,Normal
2026-02-14 19:58:54.014742,Berlin-0a39,22,73,Normal
2026-02-14 19:58:55.014742,Berlin-0a39,41,35,Normal
2026-02-14 19:58:56.014742,Berlin-0a39,-1,8,Normal
2026-02-14 19:58:57.014742,Berlin-0a39,43,23,Normal
2026-02-14 19:58:58.014742,Berlin-0a39,23,28,Normal
2026-02-14 19:58:59.014742,Berlin-0a39,39,94,Normal
2026-02-14 19:59:00.014742,Berlin-0a39,-23,71,Normal
2026-02-14 19:59:01.014742,Berlin-0a39,4,95,Normal
2026-02-14 19:59:02.014742,Berlin-0a39,-28,43,Normal
2026-02-14 19:59:03.014742,Berlin-0a39,9,98,Normal
2026-02-14 19:59:04.014742,Berlin-0a39,25,64,Normal
2026-02-14 19:59:05.014742,Berlin-0a39,-19,80,Normal
2026-02-14 19:59:06.014742,Berlin-0a39,-1,59,Normal
2026-02-14 19:59:07.014742,Berlin-0a39,5,89,Normal
2026-02-14 19:59:08.014742,Berlin-0a39,13,8,Normal
2026-02-14 19:59:09.014742,Berlin-0a39,0,82,Normal
2026-02-14 19:59:10.014742,Berlin-0a39,0,49,Normal
2026-02-14 19:59:11.014742,Berlin-0a39,-20,48,Normal
2026-02-14 19:59:12.014742,Berlin-0a39,34,54,Normal
2026-02-14 19:59:13.014742,Berlin-0a39,-1,64,Normal
2026-02-14 19:59:14.014742,Berlin-0a39,42,34,Normal
2026-02-14 19:59:15.014742,Berlin-0a39,-5,5,Normal
2026-02-14 19:59:16.014742,Berlin-0a39,-6,9,Normal
2026-02-14 19:59:17.014742,Berlin-0a39,42,20,Normal
2026-02-14 19:59:18.014742,Berlin-0a39,6,8,Normal
2026-02-14 19:59:19.014742,Berlin-0a39,17,95,Normal
2026-02-14 19:59:20.014742,Berlin-0a39,-12,93,Normal
2026-02-14 19:59:21.014742,Berlin-0a39,28,55,Normal
2026-02-14 19:59:22.014742,Berlin-0a39,-17,79,Normal
2026-02-14 19:59:23.014742,Berlin-0a39,49,92,Normal
2026-02-14 19:59:24.014742,Berlin-0a39,44,83,Normal
2026-02-14 19:59:25.014742,Berlin-0a39,38,74,Normal
2026-02-14 19:59:26.014742,Berlin-0a39,23,31,Normal
2026-02-14 19:59:27.014742,Berlin-0a39,19,53,Normal
2026-02-14 19:59:28.014742,Berlin-0a39,-26,82,Normal
2026-02-14 19:59:29.014742,Berlin-0a39,48,16,Normal
2026-02-14 19:59:30.014742,Berlin-0a39,-2,68,Normal
2026-02-14 19:59:31.014742,Berlin-0a39,32,15,Normal
2026-02-14 19:59:32.014742,Berlin-0a39,23,9,Normal
2026-02-14 19:59:33.014742,Berlin-0a39,1,35,Normal
2026-02-14 19:59:34.014742,Berlin-0a39,-29,64,Normal
2026-02-14 19:59:35.014742,Berlin-0a39,43,27,Normal
2026-02-14 19:59:36.014742,Berlin-0a39,39,58,Normal
2026-02-14 19:59:37.014742,Berlin-0a39,8,71,Normal
2026-02-14 19:59:38.014742,Berlin-0a39,-20,46,Normal
2026-02-14 19:59:39.014742,Berlin-0a39,-15,73,Normal
2026-02-14 19:59:40.014742,Berlin-0a39,-13,76,Normal
2026-02-14 19:59:41.014742,Berlin-0a39,1,85,Normal
2026-02-14 19:59:42.014742,Berlin-0a39,-13,5,Normal
2026-02-14 19:59:43.014742,Berlin-0a39,19,65,Normal
2026-02-14 19:59:44.014742,Berlin-0a39,36,70,Normal
2026-02-14 19:59:45.014742,Berlin-0a39,0,19,Normal
2026-02-14 19:59:46.014742,Berlin-0a39,20,6,Normal
2026-02-14 19:59:47.014742,Berlin-0a39,38,6,Normal
2026-02-14 19:59:48.014742,Berlin-0a39,1,87,Normal
2026-02-14 19:59:49.014742,Berlin-0a39,36,76,Normal
2026-02-14 19:59:50.014742,Berlin-0a39,41,37,Normal
2026-02-14 19:59:51.014742,Berlin-0a39,23,18,Normal
2026-02-14 19:59:52.014742,Berlin-0a39,29,48,Normal
2026-02-14 19:59:53.014742,Berlin-0a39,15,89,Normal
2026-02-14 19:59:54.014742,Berlin-0a39,3,89,Normal
2026-02-14 19:59:55.014742,Berlin-0a39,-6,65,Normal
2026-02-14 19:59:56.014742,Berlin-0a39,1,87,Normal
2026-02-14 19:59:57.014742,Berlin-0a39,45,88,Normal
2026-02-14 19:59:58.014742,Berlin-0a39,-25,65,Normal
2026-02-14 19:59:59.014742,Berlin-0a39,31,43,Normal
2026-02-14 20:00:00.014742,Berlin-0a39,2,33,Normal
2026-02-14 20:00:01.014742,Berlin-0a39,7,13,Normal
2026-02-14 20:00:02.014742,Berlin-0a39,3,98,Normal
2026-02-14 20:00:03.014742,Berlin-0a39,-4,56,Normal
2026-02-14 20:00:04.014742,Berlin-0a39,32,26,Normal
2026-02-14 20:00:05.014742,Berlin-0a39,16,50,Normal
2026-02-14 20:00:06.014742,Berlin-0a39,44,62,Normal
2026-02-14 20:00:07.014742,Berlin-0a39,45,50,Normal
2026-02-14 20:00:08.014742,Berlin-0a39,14,49,Normal
2026-02-14 20:00:09.014742,Berlin-0a39,42,97,Normal
2026-02-14 20:00:10.014742,Berlin-0a39,-18,75,Normal
2026-02-14 20:00:11.014742,Berlin-0a39,-8,75,Normal
2026-02-14 20:00:12.014742,Berlin-0a39,30,16,Normal
2026-02-14 20:00:13.014742,Berlin-0a39,31,52,Normal
2026-02-14 20:00:14.014742,Berlin-0a39,-29,41,Normal
2026-02-14 20:00:15.014742,Berlin-0a39,32,43,Normal
2026-02-14 20:00:16.014742,Berlin-0a39,16,87,Normal
2026-02-14 20:00:17.014742,Berlin-0a39,28,32,Normal
2026-02-14 20:00:18.014742,Berlin-0a39,11,17,Normal
2026-02-14 20:00:19.014742,Berlin-0a39,-3,23,Normal
2026-02-14 20:00:20.014742,Berlin-0a39,-4,30,Normal
2026-02-14 20:00:21.014742,Berlin-0a39,-27,92,Normal
2026-02-14 20:00:22.014742,Berlin-0a39,1,68,Normal
2026-02-14 20:00:23.014742,Berlin-0a39,18,71,Normal
2026-02-14 20:00:24.014742,Berlin-0a39,15,61,Normal
2026-02-14 20:00:25.014742,Berlin-0a39,33,24,Normal
2026-02-14 20:00:26.014742,Berlin-0a39,30,6,Normal
2026-02-14 20:00:27.014742,Berlin-0a39,-2,81,Normal
2026-02-14 20:00:28.014742,Berlin-0a39,-7,65,Normal
2026-02-14 20:00:29.014742,Berlin-0a39,-27,60,Normal
2026-02-14 20:00:30.014742,Berlin-0a39,36,44,Normal
2026-02-14 20:00:31.014742,Berlin-0a39,-29,39,Normal
2026-02-14 20:00:32.014742,Berlin-0a39,-14,57,Normal
2026-02-14 20:00:33.014742,Berlin-0a39,-25,20,Normal
2026-02-14 20:00:34.014742,Berlin-0a39,44,26,Normal
2026-02-14 20:00:35.014742,Berlin-0a39,-12,63,Normal
2026-02-14 20:00:36.014742,Berlin-0a39,-24,79,Normal
2026-02-14 20:00:37.014742,Berlin-0a39,4,88,Normal
2026-02-14 20:00:38.014742,Berlin-0a39,25,6,Normal
2026-02-14 20:00:39.014742,Berlin-0a39,38,78,Normal
2026-02-14 20:00:40.014742,Berlin-0a39,-23,68,Normal
2026-02-14 20:00:41.014742,Berlin-0a39,22,59,Normal
2026-02-14 20:00:42.014742,Berlin-0a39,13,57,Normal
2026-02-14 20:00:43.014742,Berlin-0a39,16,60,Normal
2026-02-14 20:00:44.014742,Berlin-0a39,22,53,Normal
2026-02-14 20:00:45.014742,Berlin-0a39,24,85,Normal
2026-02-14 20:00:46.014742,Berlin-0a39,15,33,Normal
2026-02-14 20:00:47.014742,Berlin-0a39,-24,4,Normal
2026-02-14 20:00:48.014742,Berlin-0a39,18,39,Normal
2026-02-14 20:00:49.014742,Berlin-0a39,-24,43,Normal
2026-02-14 20:00:50.014742,Berlin-0a39,44,37,Normal
2026-02-14 20:00:51.014742,Berlin-0a39,-29,63,Normal
2026-02-14 20:00:52.014742,Berlin-0a39,-13,9,Normal
2026-02-14 20:00:53.014742,Berlin-0a39,11,76,Normal
2026-02-14 20:00:54.014742,Berlin-0a39,47,86,Normal
2026-02-14 20:00:55.014742,Berlin-0a39,-7,47,Normal
2026-02-14 20:00:56.014742,Berlin-0a39,28,53,Normal
2026-02-14 20:00:57.014742,Berlin-0a39,1,18,Normal
2026-02-14 20:00:58.014742,Berlin-0a39,11,56,Normal
2026-02-14 20:00:59.014742,Berlin-0a39,21,19,Normal
2026-02-14 20:01:00.014742,Berlin-0a39,45,20,Normal
2026-02-14 20:01:01.014742,Berlin-0a39,10,51,Normal
2026-02-14 20:01:02.014742,Berlin-0a39,-27,54,Normal
2026-02-14 20:01:03.014742,Berlin-0a39,-5,26,Normal
2026-02-14 20:01:04.014742,Berlin-0a39,-26,12,Normal
2026-02-14 20:01:05.014742,Berlin-0a39,-11,46,Normal
2026-02-14 20:01:06.014742,Berlin-0a39,49,19,Normal
2026-02-14 20:01:07.014742,Berlin-0a39,48,86,Normal
2026-02-14 20:01:08.014742,Berlin-0a39,30,16,Normal
2026-02-14 20:01:09.014742,Berlin-0a39,-4,89,Normal
2026-02-14 20:01:10.014742,Berlin-0a39,8,25,Normal
2026-02-14 20:01:11.014742,Berlin-0a39,-23,62,Normal
2026-02-14 20:01:12.014742,Berlin-0a39,41,4,Normal
2026-02-14 20:01:13.014742,Berlin-0a39,-12,40,Normal
2026-02-14 20:01:14.014742,Berlin-0a39,-11,71,Normal
2026-02-14 20:01:15.014742,Berlin-0a39,-19,45,Normal
2026-02-14 20:01:16.014742,Berlin-0a39,-19,43,Normal
2026-02-14 20:01:17.014742,Berlin-0a39,6,85,Normal
2026-02-14 20:01:18.014742,Berlin-0a39,17,47,Normal
2026-02-14 20:01:19.014742,Berlin-0a39,25,22,Normal
2026-02-14 20:01:20.014742,Berlin-0a39,-29,0,Normal
2026-02-14 20:01:21.014742,Berlin-0a39,-21,13,Normal
2026-02-14 20:01:22.014742,Berlin-0a39,-6,3,Normal
2026-02-14 20:01:23.014742,Berlin-0a39,26,29,Normal
2026-02-14 20:01:24.014742,Berlin-0a39,-9,27,Normal
2026-02-14 20:01:25.014742,Berlin-0a39,26,84,Normal
2026-02-14 20:01:26.014742,Berlin-0a39,-13,28,Normal
2026-02-14 20:01:27.014742,Berlin-0a39,-20,28,Normal
2026-02-14 20:01:28.014742,Berlin-0a39,29,56,Normal
2026-02-14 20:01:29.014742,Berlin-0a39,10,70,Normal
2026-02-14 20:01:30.014742,Berlin-0a39,47,25,Normal
2026-02-14 20:01:31.014742,Berlin-0a39,45,32,Normal
2026-02-14 20:01:32.014742,Berlin-0a39,36,32,Normal
2026-02-14 20:01:33.014742,Berlin-0a39,-9,97,Normal
2026-02-14 20:01:34.014742,Berlin-0a39,21,44,Normal
2026-02-14 20:01:35.014742,Berlin-0a39,17,94,Normal
2026-02-14 20:01:36.014742,Berlin-0a39,-2,63,Normal
2026-02-14 20:01:37.014742,Berlin-0a39,1,80,Normal
2026-02-14 20:01:38.014742,Berlin-0a39,16,74,Normal
2026-02-14 20:01:39.014742,Berlin-0a39,-4,8,Normal
2026-02-14 20:01:40.014742,Berlin-0a39,12,18,Normal
2026-02-14 20:01:41.014742,Berlin-0a39,32,72,Normal
2026-02-14 20:01:42.014742,Berlin-0a39,19,82,Normal
2026-02-14 20:01:43.014742,Berlin-0a39,-17,53,Normal
2026-02-14 20:01:44.014742,Berlin-0a39,47,19,Normal
2026-02-14 20:01:45.014742,Berlin-0a39,-23,13,Normal
2026-02-14 20:01:46.014742,Berlin-0a39,10,4,Normal
2026-02-14 20:01:47.014742,Berlin-0a39,-13,64,Normal
2026-02-14 20:01:48.014742,Berlin-0a39,-25,78,Normal
2026-02-14 20:01:49.014742,Berlin-0a39,36,13,Normal
2026-02-14 20:01:50.014742,Berlin-0a39,16,65,Normal
2026-02-14 20:01:51.014742,Berlin-0a39,13,17,Normal
2026-02-14 20:01:52.014742,Berlin-0a39,26,20,Normal
2026-02-14 20:01:53.014742,Berlin-0a39,-25,93,Normal
2026-02-14 20:01:54.014742,Berlin-0a39,2,33,Normal
2026-02-14 20:01:55.014742,Berlin-0a39,44,15,Normal
2026-02-14 20:01:56.014742,Berlin-0a39,-7,86,Normal
2026-02-14 20:01:57.014742,Berlin-0a39,19,57,Normal
2026-02-14 20:01:58.014742,Berlin-0a39,10,47,Normal
2026-02-14 20:01:59.014742,Berlin-0a39,14,68,Normal
2026-02-14 20:02:00.014742,Berlin-0a39,1,71,Normal
2026-02-14 20:02:01.014742,Berlin-0a39,15,54,Normal
2026-02-14 20:02:02.014742,Berlin-0a39,19,30,Normal
2026-02-14 20:02:03.014742,Berlin-0a39,41,7,Normal
2026-02-14 20:02:04.014742,Berlin-0a39,-15,65,Normal
2026-02-14 20:02:05.014742,Berlin-0a39,31,5,Normal
2026-02-14 20:02:06.014742,Berlin-0a39,26,38,Normal
2026-02-14 20:02:07.014742,Berlin-0a39,-12,89,Normal
2026-02-14 20:02:08.014742,Berlin-0a39,4,46,Normal
2026-02-14 20:02:09.014742,Berlin-0a39,28,17,Normal
2026-02-14 20:02:10.014742,Berlin-0a39,34,36,Normal
2026-02-14 20:02:11.014742,Berlin-0a39,39,45,Normal
2026-02-14 20:02:12.014742,Berlin-0a39,28,22,Normal
2026-02-14 20:02:13.014742,Berlin-0a39,40,27,Normal
2026-02-14 20:02:14.014742,Berlin-0a39,-24,31,Normal
2026-02-14 20:02:15.014742,Berlin-0a39,25,55,Normal
2026-02-14 20:02:16.014742,Berlin-0a39,40,52,Normal
2026-02-14 20:02:17.014742,Berlin-0a39,21,54,Normal
2026-02-14 20:02:18.014742,Berlin-0a39,48,45,Normal
2026-02-14 20:02:19.014742,Berlin-0a39,31,87,Normal
2026-02-14 20:02:20.014742,Berlin-0a39,-15,98,Normal
2026-02-14 20:02:21.014742,Berlin-0a39,-13,80,Normal
2026-02-14 20:02:22.014742,Berlin-0a39,-20,82,Normal
2026-02-14 20:02:23.014742,Berlin-0a39,8,26,Normal
2026-02-14 20:02:24.014742,Berlin-0a39,-23,50,Normal
2026-02-14 20:02:25.014742,Berlin-0a39,40,63,Normal
2026-02-14 20:02:26.014742,Berlin-0a39,-17,21,Normal
2026-02-14 20:02:27.014742,Berlin-0a39,10,8,Normal
2026-02-14 20:02:28.014742,Berlin-0a39,4,9,Normal
2026-02-14 20:02:29.014742,Berlin-0a39,49,7,Normal
2026-02-14 20:02:30.014742,Berlin-0a39,-4,59,Normal
2026-02-14 20:02:31.014742,Berlin-0a39,10,79,Normal
2026-02-14 20:02:32.014742,Berlin-0a39,-7,27,Normal
2026-02-14 20:02:33.014742,Berlin-0a39,1,81,Normal
2026-02-14 20:02:34.014742,Berlin-0a39,-15,27,Normal
2026-02-14 20:02:35.014742,Berlin-0a39,2,22,Normal
2026-02-14 20:02:36.014742,Berlin-0a39,38,16,Normal
2026-02-14 20:02:37.014742,Berlin-0a39,-24,82,Normal
2026-02-14 20:02:38.014742,Berlin-0a39,31,25,Normal
2026-02-14 20:02:39.014742,Berlin-0a39,-12,94,Normal
2026-02-14 20:02:40.014742,Berlin-0a39,17,37,Normal
2026-02-14 20:02:41.014742,Berlin-0a39,39,83,Normal
2026-02-14 20:02:42.014742,Berlin-0a39,42,0,Normal
2026-02-14 20:02:43.014742,Berlin-0a39,-5,0,Normal
2026-02-14 20:02:44.014742,Berlin-0a39,39,45,Normal
2026-02-14 20:02:45.014742,Berlin-0a39,49,60,Normal
2026-02-14 20:02:46.014742,Berlin-0a39,-1,2,Normal
2026-02-14 20:02:47.014742,Berlin-0a39,-13,92,Normal
2026-02-14 20:02:48.014742,Berlin-0a39,43,92,Normal
2026-02-14 20:02:49.014742,Berlin-0a39,-25,97,Normal
2026-02-14 20:02:50.014742,Berlin-0a39,26,77,Normal
2026-02-14 20:02:51.014742,Berlin-0a39,27,41,Normal
2026-02-14 20:02:52.014742,Berlin-0a39,21,11,Normal
2026-02-14 20:02:53.014742,Berlin-0a39,34,61,Normal
2026-02-14 20:02:54.014742,Berlin-0a39,-1,28,Normal
2026-02-14 20:02:55.014742,Berlin-0a39,20,100,Normal
2026-02-14 20:02:56.014742,Berlin-0a39,25,74,Normal
2026-02-14 20:02:57.014742,Berlin-0a39,4,53,Normal
2026-02-14 20:02:58.014742,Berlin-0a39,-21,95,Normal
2026-02-14 20:02:59.014742,Berlin-0a39,31,24,Normal
2026-02-14 20:03:00.014742,Berlin-0a39,-13,35,Normal
2026-02-14 20:03:01.014742,Berlin-0a39,46,97,Normal
2026-02-14 20:03:02.014742,Berlin-0a39,26,17,Normal
2026-02-14 20:03:03.014742,Berlin-0a39,-7,6,Normal
2026-02-14 20:03:04.014742,Berlin-0a39,-1,40,Normal
2026-02-14 20:03:05.014742,Berlin-0a39,-19,85,Normal
2026-02-14 20:03:06.014742,Berlin-0a39,14,22,Normal
2026-02-14 20:03:07.014742,Berlin-0a39,-17,43,Normal
2026-02-14 20:03:08.014742,Berlin-0a39,42,79,Normal
2026-02-14 20:03:09.014742,Berlin-0a39,5,36,Normal
2026-02-14 20:03:10.014742,Berlin-0a39,-11,7,Normal
2026-02-14 20:03:11.014742,Berlin-0a39,24,53,Normal
2026-02-14 20:03:12.014742,Berlin-0a39,8,29,Normal
2026-02-14 20:03:13.014742,Berlin-0a39,-16,38,Normal
2026-02-14 20:03:14.014742,Berlin-0a39,1,91,Normal
2026-02-14 20:03:15.014742,Berlin-0a39,-30,26,Normal
2026-02-14 20:03:16.014742,Berlin-0a39,-20,62,Normal
2026-02-14 20:03:17.014742,Berlin-0a39,-6,23,Normal
2026-02-14 20:03:18.014742,Berlin-0a39,-13,75,Normal
2026-02-14 20:03:19.014742,Berlin-0a39,-29,26,Normal
2026-02-14 20:03:20.014742,Berlin-0a39,27,8,Normal
2026-02-14 20:03:21.014742,Berlin-0a39,-23,86,Normal
2026-02-14 20:03:22.014742,Berlin-0a39,-17,24,Normal
2026-02-14 20:03:23.014742,Berlin-0a39,-1,89,Normal
2026-02-14 20:03:24.014742,Berlin-0a39,36,69,Normal
2026-02-14 20:03:25.014742,Berlin-0a39,47,11,Normal
2026-02-14 20:03:26.014742,Berlin-0a39,-27,21,Normal
2026-02-14 20:03:27.014742,Berlin-0a39,14,43,Normal
2026-02-14 20:03:28.014742,Berlin-0a39,11,78,Normal
2026-02-14 20:03:29.014742,Berlin-0a39,45,80,Normal
2026-02-14 20:03:30.014742,Berlin-0a39,-10,90,Normal
2026-02-14 20:03:31.014742,Berlin-0a39,41,82,Normal
2026-02-14 20:03:32.014742,Berlin-0a39,21,95,Normal
2026-02-14 20:03:33.014742,Berlin-0a39,45,32,Normal
2026-02-14 20:03:34.014742,Berlin-0a39,-21,41,Normal
2026-02-14 20:03:35.014742,Berlin-0a39,-14,61,Normal
2026-02-14 20:03:36.014742,Berlin-0a39,-8,34,Normal
2026-02-14 20:03:37.014742,Berlin-0a39,1,48,Normal
2026-02-14 20:03:38.014742,Berlin-0a39,28,9,Normal
2026-02-14 20:03:39.014742,Berlin-0a39,38,83,Normal
2026-02-14 20:03:40.014742,Berlin-0a39,22,23,Normal
2026-02-14 20:03:41.014742,Berlin-0a39,10,23,Normal
2026-02-14 20:03:42.014742,Berlin-0a39,17,96,Normal
2026-02-14 20:03:43.014742,Berlin-0a39,-11,2,Normal
2026-02-14 20:03:44.014742,Berlin-0a39,36,9,Normal
2026-02-14 20:03:45.014742,Berlin-0a39,38,47,Normal
2026-02-14 20:03:46.014742,Berlin-0a39,-30,19,Normal
2026-02-14 20:03:47.014742,Berlin-0a39,46,31,Normal
2026-02-14 20:03:48.014742,Berlin-0a39,-15,51,Normal
2026-02-14 20:03:49.014742,Berlin-0a39,30,86,Normal
2026-02-14 20:03:50.014742,Berlin-0a39,-25,72,Normal
2026-02-14 20:03:51.014742,Berlin-0a39,-13,35,Normal
2026-02-14 20:03:52.014742,Berlin-0a39,9,44,Normal
2026-02-14 20:03:53.014742,Berlin-0a39,-11,75,Normal
2026-02-14 20:03:54.014742,Berlin-0a39,25,62,Normal
2026-02-14 20:03:55.014742,Berlin-0a39,15,14,Normal
2026-02-14 20:03:56.014742,Berlin-0a39,-13,89,Normal
2026-02-14 20:03:57.014742,Berlin-0a39,-11,21,Normal
2026-02-14 20:03:58.014742,Berlin-0a39,2,46,Normal
2026-02-14 20:03:59.014742,Berlin-0a39,-21,97,Normal
2026-02-14 20:04:00.014742,Berlin-0a39,3,63,Normal
2026-02-14 20:04:01.014742,Berlin-0a39,-19,2,Normal
2026-02-14 20:04:02.014742,Berlin-0a39,39,58,Normal
2026-02-14 20:04:03.014742,Berlin-0a39,18,37,Normal
2026-02-14 20:04:04.014742,Berlin-0a39,-13,96,Normal
2026-02-14 20:04:05.014742,Berlin-0a39,37,18,Normal
2026-02-14 20:04:06.014742,Berlin-0a39,-29,58,Normal
2026-02-14 20:04:07.014742,Berlin-0a39,-7,19,Normal
2026-02-14 20:04:08.014742,Berlin-0a39,7,37,Normal
2026-02-14 20:04:09.014742,Berlin-0a39,23,9,Normal
2026-02-14 20:04:10.014742,Berlin-0a39,-28,99,Normal
2026-02-14 20:04:11.014742,Berlin-0a39,-12,24,Normal
2026-02-14 20:04:12.014742,Berlin-0a39,26,10,Normal
2026-02-14 20:04:13.014742,Berlin-0a39,50,100,Normal
2026-02-14 20:04:14.014742,Berlin-0a39,24,54,Normal
2026-02-14 20:04:15.014742,Berlin-0a39,-29,18,Normal
2026-02-14 20:04:16.014742,Berlin-0a39,-27,94,Normal
2026-02-14 20:04:17.014742,Berlin-0a39,46,94,Normal
2026-02-14 20:04:18.014742,Berlin-0a39,-13,8,Normal
2026-02-14 20:04:19.014742,Berlin-0a39,-14,31,Normal
2026-02-14 20:04:20.014742,Berlin-0a39,45,20,Normal
2026-02-14 20:04:21.014742,Berlin-0a39,14,28,Normal
2026-02-14 20:04:22.014742,Berlin-0a39,29,93,Normal
2026-02-14 20:04:23.014742,Berlin-0a39,-26,49,Normal
2026-02-14 20:04:24.014742,Berlin-0a39,-8,68,Normal
2026-02-14 20:04:25.014742,Berlin-0a39,-8,81,Normal
2026-02-14 20:04:26.014742,Berlin-0a39,41,53,Normal
2026-02-14 20:04:27.014742,Berlin-0a39,24,60,Normal
2026-02-14 20:04:28.014742,Berlin-0a39,-14,89,Normal
2026-02-14 20:04:29.014742,Berlin-0a39,42,80,Normal
2026-02-14 20:04:30.014742,Berlin-0a39,-25,32,Normal
2026-02-14 20:04:31.014742,Berlin-0a39,8,9,Normal
2026-02-14 20:04:32.014742,Berlin-0a39,14,29,Normal
2026-02-14 20:04:33.014742,Berlin-0a39,-18,22,Normal
2026-02-14 20:04:34.014742,Berlin-0a39,-12,63,Normal
2026-02-14 20:04:35.014742,Berlin-0a39,8,78,Normal
2026-02-14 20:04:36.014742,Berlin-0a39,34,52,Normal
2026-02-14 20:04:37.014742,Berlin-0a39,-5,62,Normal
2026-02-14 20:04:38.014742,Berlin-0a39,-28,58,Normal
2026-02-14 20:04:39.014742,Berlin-0a39,27,59,Normal
2026-02-14 20:04:40.014742,Berlin-0a39,-12,53,Normal
2026-02-14 20:04:41.014742,Berlin-0a39,38,56,Normal
2026-02-14 20:04:42.014742,Berlin-0a39,18,40,Normal
2026-02-14 20:04:43.014742,Berlin-0a39,12,47,Normal
2026-02-14 20:04:44.014742,Berlin-0a39,-19,42,Normal
2026-02-14 20:04:45.014742,Berlin-0a39,45,18,Normal
2026-02-14 20:04:46.014742,Berlin-0a39,48,70,Normal
2026-02-14 20:04:47.014742,Berlin-0a39,31,64,Normal
2026-02-14 20:04:48.014742,Berlin-0a39,32,39,Normal
2026-02-14 20:04:49.014742,Berlin-0a39,48,56,Normal
2026-02-14 20:04:50.014742,Berlin-0a39,-3,64,Normal
2026-02-14 20:04:51.014742,Berlin-0a39,37,11,Normal
2026-02-14 20:04:52.014742,Berlin-0a39,-11,82,Normal
2026-02-14 20:04:53.014742,Berlin-0a39,-30,89,Normal
2026-02-14 20:04:54.014742,Berlin-0a39,-9,52,Normal
2026-02-14 20:04:55.014742,Berlin-0a39,30,18,Normal
2026-02-14 20:04:56.014742,Berlin-0a39,2,45,Normal
2026-02-14 20:04:57.014742,Berlin-0a39,34,64,Normal
2026-02-14 20:04:58.014742,Berlin-0a39,-18,29,Normal
2026-02-14 20:04:59.014742,Berlin-0a39,49,42,Normal
2026-02-14 20:05:00.014742,Berlin-0a39,6,13,Normal
2026-02-14 20:05:01.014742,Berlin-0a39,1,79,Normal
2026-02-14 20:05:02.014742,Berlin-0a39,6,85,Normal
2026-02-14 20:05:03.014742,Berlin-0a39,-6,77,Normal
2026-02-14 20:05:04.014742,Berlin-0a39,-29,22,Normal
2026-02-14 20:05:05.014742,Berlin-0a39,34,28,Normal
2026-02-14 20:05:06.014742,Berlin-0a39,-29,88,Normal
2026-02-14 20:05:07.014742,Berlin-0a39,-13,25,Normal
2026-02-14 20:05:08.014742,Berlin-0a39,5,40,Normal
2026-02-14 20:05:09.014742,Berlin-0a39,17,69,Normal
2026-02-14 20:05:10.014742,Berlin-0a39,1,12,Normal
2026-02-14 20:05:11.014742,Berlin-0a39,12,26,Normal
2026-02-14 20:05:12.014742,Berlin-0a39,-21,36,Normal
2026-02-14 20:05:13.014742,Berlin-0a39,-14,72,Normal
2026-02-14 20:05:14.014742,Berlin-0a39,-16,87,Normal
2026-02-14 20:05:15.014742,Berlin-0a39,-13,36,Normal
2026-02-14 20:05:16.014742,Berlin-0a39,12,69,Normal
2026-02-14 20:05:17.014742,Berlin-0a39,47,93,Normal
2026-02-14 20:05:18.014742,Berlin-0a39,38,28,Normal
2026-02-14 20:05:19.014742,Berlin-0a39,20,90,Normal
2026-02-14 20:05:20.014742,Berlin-0a39,-8,40,Normal
2026-02-14 20:05:21.014742,Berlin-0a39,45,53,Normal
2026-02-14 20:05:22.014742,Berlin-0a39,11,66,Normal
2026-02-14 20:05:23.014742,Berlin-0a39,-1,19,Normal
2026-02-14 20:05:24.014742,Berlin-0a39,24,95,Normal
2026-02-14 20:05:25.014742,Berlin-0a39,20,57,Normal
2026-02-14 20:05:26.014742,Berlin-0a39,3,77,Normal
2026-02-14 20:05:27.014742,Berlin-0a39,-29,56,Normal
2026-02-14 20:05:28.014742,Berlin-0a39,30,34,Normal
2026-02-14 20:05:29.014742,Berlin-0a39,45,71,Normal
2026-02-14 20:05:30.014742,Berlin-0a39,42,52,Normal
2026-02-14 20:05:31.014742,Berlin-0a39,3,5,Normal
2026-02-14 20:05:32.014742,Berlin-0a39,34,92,Normal
2026-02-14 20:05:33.014742,Berlin-0a39,2,95,Normal
2026-02-14 20:05:34.014742,Berlin-0a39,-23,26,Normal
2026-02-14 20:05:35.014742,Berlin-0a39,36,46,Normal
2026-02-14 20:05:36.014742,Berlin-0a39,-9,96,Normal
2026-02-14 20:05:37.014742,Berlin-0a39,13,1,Normal
2026-02-14 20:05:38.014742,Berlin-0a39,30,27,Normal
2026-02-14 20:05:39.014742,Berlin-0a39,25,62,Normal
2026-02-14 20:05:40.014742,Berlin-0a39,-5,50,Normal
2026-02-14 20:05:41.014742,Berlin-0a39,-23,64,Normal
2026-02-14 20:05:42.014742,Berlin-0a39,-7,56,Normal
2026-02-14 20:05:43.014742,Berlin-0a39,-5,10,Normal
2026-02-14 20:05:44.014742,Berlin-0a39,10,99,Normal
2026-02-14 20:05:45.014742,Berlin-0a39,19,15,Normal
2026-02-14 20:05:46.014742,Berlin-0a39,-4,99,Normal
2026-02-14 20:05:47.014742,Berlin-0a39,17,11,Normal
2026-02-14 20:05:48.014742,Berlin-0a39,45,98,Normal
2026-02-14 20:05:49.014742,Berlin-0a39,2,68,Normal
2026-02-14 20:05:50.014742,Berlin-0a39,8,61,Normal
2026-02-14 20:05:51.014742,Berlin-0a39,-3,97,Normal
2026-02-14 20:05:52.014742,Berlin-0a39,1,90,Normal
2026-02-14 20:05:53.014742,Berlin-0a39,5,0,Normal
2026-02-14 20:05:54.014742,Berlin-0a39,34,61,Normal
2026-02-14 20:05:55.014742,Berlin-0a39,-5,83,Normal
2026-02-14 20:05:56.014742,Berlin-0a39,18,97,Normal
2026-02-14 20:05:57.014742,Berlin-0a39,36,33,Normal
2026-02-14 20:05:58.014742,Berlin-0a39,-9,95,Normal
2026-02-14 20:05:59.014742,Berlin-0a39,-8,6,Normal
2026-02-14 20:06:00.014742,Berlin-0a39,-17,80,Normal
2026-02-14 20:06:01.014742,Berlin-0a39,31,15,Normal
2026-02-14 20:06:02.014742,Berlin-0a39,26,90,Normal
2026-02-14 20:06:03.014742,Berlin-0a39,6,23,Normal
2026-02-14 20:06:04.014742,Berlin-0a39,-30,94,Normal
2026-02-14 20:06:05.014742,Berlin-0a39,-22,88,Normal
2026-02-14 20:06:06.014742,Berlin-0a39,23,64,Normal
2026-02-14 20:06:07.014742,Berlin-0a39,-29,57,Normal
2026-02-14 20:06:08.014742,Berlin-0a39,-10,31,Normal
2026-02-14 20:06:09.014742,Berlin-0a39,-4,60,Normal
2026-02-14 20:06:10.014742,Berlin-0a39,-10,35,Normal
2026-02-14 20:06:11.014742,Berlin-0a39,44,97,Normal
2026-02-14 20:06:12.014742,Berlin-0a39,24,53,Normal
2026-02-14 20:06:13.014742,Berlin-0a39,-26,98,Normal
2026-02-14 20:06:14.014742,Berlin-0a39,4,59,Normal
2026-02-14 20:06:15.014742,Berlin-0a39,-24,99,Normal
2026-02-14 20:06:16.014742,Berlin-0a39,-2,55,Normal
2026-02-14 20:06:17.014742,Berlin-0a39,36,21,Normal
2026-02-14 20:06:18.014742,Berlin-0a39,-6,40,Normal
2026-02-14 20:06:19.014742,Berlin-0a39,34,97,Normal
2026-02-14 20:06:20.014742,Berlin-0a39,13,52,Normal
2026-02-14 20:06:21.014742,Berlin-0a39,-26,53,Normal
2026-02-14 20:06:22.014742,Berlin-0a39,9,72,Normal
2026-02-14 20:06:23.014742,Berlin-0a39,46,22,Normal
2026-02-14 20:06:24.014742,Berlin-0a39,50,10,Normal
2026-02-14 20:06:25.014742,Berlin-0a39,-15,63,Normal
2026-02-14 20:06:26.014742,Berlin-0a39,-19,53,Normal
2026-02-14 20:06:27.014742,Berlin-0a39,-19,6,Normal
2026-02-14 20:06:28.014742,Berlin-0a39,33,33,Normal
2026-02-14 20:06:29.014742,Berlin-0a39,-13,45,Normal
2026-02-14 20:06:30.014742,Berlin-0a39,11,55,Normal
2026-02-14 20:06:31.014742,Berlin-0a39,42,33,Normal
2026-02-14 20:06:32.014742,Berlin-0a39,16,1,Normal
2026-02-14 20:06:33.014742,Berlin-0a39,-6,77,Normal
2026-02-14 20:06:34.014742,Berlin-0a39,-28,47,Normal
2026-02-14 20:06:35.014742,Berlin-0a39,3,59,Normal
2026-02-14 20:06:36.014742,Berlin-0a39,36,76,Normal
2026-02-14 20:06:37.014742,Berlin-0a39,-30,71,Normal
2026-02-14 20:06:38.014742,Berlin-0a39,31,59,Normal
2026-02-14 20:06:39.014742,Berlin-0a39,-10,36,Normal
2026-02-14 20:06:40.014742,Berlin-0a39,35,87,Normal
2026-02-14 20:06:41.014742,Berlin-0a39,13,25,Normal
2026-02-14 20:06:42.014742,Berlin-0a39,16,56,Normal
2026-02-14 20:06:43.014742,Berlin-0a39,29,65,Normal
2026-02-14 20:06:44.014742,Berlin-0a39,6,15,Normal
2026-02-14 20:06:45.014742,Berlin-0a39,5,79,Normal
2026-02-14 20:06:46.014742,Berlin-0a39,23,43,Normal
2026-02-14 20:06:47.014742,Berlin-0a39,-6,63,Normal
2026-02-14 20:06:48.014742,Berlin-0a39,26,95,Normal
2026-02-14 20:06:49.014742,Berlin-0a39,-18,25,Normal
2026-02-14 20:06:50.014742,Berlin-0a39,17,88,Normal
2026-02-14 20:06:51.014742,Berlin-0a39,-19,38,Normal
2026-02-14 20:06:52.014742,Berlin-0a39,15,58,Normal
2026-02-14 20:06:53.014742,Berlin-0a39,17,26,Normal
2026-02-14 20:06:54.014742,Berlin-0a39,-29,1,Normal
2026-02-14 20:06:55.014742,Berlin-0a39,-9,88,Normal
2026-02-14 20:06:56.014742,Berlin-0a39,4,73,Normal
2026-02-14 20:06:57.014742,Berlin-0a39,-20,2,Normal
2026-02-14 20:06:58.014742,Berlin-0a39,13,10,Normal
2026-02-14 20:06:59.014742,Berlin-0a39,-16,16,Normal
2026-02-14 20:07:00.014742,Berlin-0a39,19,32,Normal
2026-02-14 20:07:01.014742,Berlin-0a39,26,82,Normal
2026-02-14 20:07:02.014742,Berlin-0a39,42,40,Normal
2026-02-14 20:07:03.014742,Berlin-0a39,-4,36,Normal
2026-02-14 20:07:04.014742,Berlin-0a39,7,90,Normal
2026-02-14 20:07:05.014742,Berlin-0a39,-22,80,Normal
2026-02-14 20:07:06.014742,Berlin-0a39,21,31,Normal
2026-02-14 20:07:07.014742,Berlin-0a39,-14,6,Normal
2026-02-14 20:07:08.014742,Berlin-0a39,-19,39,Normal
2026-02-14 20:07:09.014742,Berlin-0a39,-14,71,Normal
2026-02-14 20:07:10.014742,Berlin-0a39,-20,46,Normal
2026-02-14 20:07:11.014742,Berlin-0a39,-27,99,Normal
2026-02-14 20:07:12.014742,Berlin-0a39,44,81,Normal
2026-02-14 20:07:13.014742,Berlin-0a39,-2,99,Normal
2026-02-14 20:07:14.014742,Berlin-0a39,13,16,Normal
2026-02-14 20:07:15.014742,Berlin-0a39,43,72,Normal
2026-02-14 20:07:16.014742,Berlin-0a39,-25,44,Normal
2026-02-14 20:07:17.014742,Berlin-0a39,31,98,Normal
2026-02-14 20:07:18.014742,Berlin-0a39,25,54,Normal
2026-02-14 20:07:19.014742,Berlin-0a39,49,13,Normal
2026-02-14 20:07:20.014742,Berlin-0a39,0,0,Normal
2026-02-14 20:07:21.014742,Berlin-0a39,44,38,Normal
2026-02-14 20:07:22.014742,Berlin-0a39,9,58,Normal
2026-02-14 20:07:23.014742,Berlin-0a39,18,25,Normal
2026-02-14 20:07:24.014742,Berlin-0a39,-3,42,Normal
2026-02-14 20:07:25.014742,Berlin-0a39,20,62,Normal
2026-02-14 20:07:26.014742,Berlin-0a39,-30,90,Normal
2026-02-14 20:07:27.014742,Berlin-0a39,0,91,Normal
2026-02-14 20:07:28.014742,Berlin-0a39,-21,53,Normal
2026-02-14 20:07:29.014742,Berlin-0a39,41,42,Normal
2026-02-14 20:07:30.014742,Berlin-0a39,8,2,Normal
2026-02-14 20:07:31.014742,Berlin-0a39,42,13,Normal
2026-02-14 20:07:32.014742,Berlin-0a39,41,19,Normal
2026-02-14 20:07:33.014742,Berlin-0a39,14,40,Normal
2026-02-14 20:07:34.014742,Berlin-0a39,-13,61,Normal
2026-02-14 20:07:35.014742,Berlin-0a39,26,78,Normal
2026-02-14 20:07:36.014742,Berlin-0a39,25,16,Normal
2026-02-14 20:07:37.014742,Berlin-0a39,16,98,Normal
2026-02-14 20:07:38.014742,Berlin-0a39,6,63,Normal
2026-02-14 20:07:39.014742,Berlin-0a39,-7,44,Normal
2026-02-14 20:07:40.014742,Berlin-0a39,4,35,Normal
2026-02-14 20:07:41.014742,Berlin-0a39,32,55,Normal
2026-02-14 20:07:42.014742,Berlin-0a39,-22,65,Normal
2026-02-14 20:07:43.014742,Berlin-0a39,-24,95,Normal
2026-02-14 20:07:44.014742,Berlin-0a39,-12,44,Normal
2026-02-14 20:07:45.014742,Berlin-0a39,-7,33,Normal
2026-02-14 20:07:46.014742,Berlin-0a39,15,55,Normal
2026-02-14 20:07:47.014742,Berlin-0a39,26,41,Normal
2026-02-14 20:07:48.014742,Berlin-0a39,10,10,Normal
2026-02-14 20:07:49.014742,Berlin-0a39,21,4,Normal
2026-02-14 20:07:50.014742,Berlin-0a39,0,46,Normal
2026-02-14 20:07:51.014742,Berlin-0a39,-19,29,Normal
2026-02-14 20:07:52.014742,Berlin-0a39,17,53,Normal
2026-02-14 20:07:53.014742,Berlin-0a39,49,34,Normal
2026-02-14 20:07:54.014742,Berlin-0a39,-11,48,Normal
2026-02-14 20:07:55.014742,Berlin-0a39,37,58,Normal
2026-02-14 20:07:56.014742,Berlin-0a39,44,87,Normal
2026-02-14 20:07:57.014742,Berlin-0a39,33,85,Normal
2026-02-14 20:07:58.014742,Berlin-0a39,6,66,Normal
2026-02-14 20:07:59.014742,Berlin-0a39,-25,37,Normal
2026-02-14 20:08:00.014742,Berlin-0a39,50,68,Normal
2026-02-14 20:08:01.014742,Berlin-0a39,-26,80,Normal
2026-02-14 20:08:02.014742,Berlin-0a39,14,26,Normal
2026-02-14 20:08:03.014742,Berlin-0a39,19,43,Normal
2026-02-14 20:08:04.014742,Berlin-0a39,19,33,Normal
2026-02-14 20:08:05.014742,Berlin-0a39,-2,89,Normal
2026-02-14 20:08:06.014742,Berlin-0a39,-16,77,Normal
2026-02-14 20:08:07.014742,Berlin-0a39,-25,73,Normal
2026-02-14 20:08:08.014742,Berlin-0a39,16,71,Normal
2026-02-14 20:08:09.014742,Berlin-0a39,-24,80,Normal
2026-02-14 20:08:10.014742,Berlin-0a39,41,76,Normal
2026-02-14 20:08:11.014742,Berlin-0a39,-28,21,Normal
2026-02-14 20:08:12.014742,Berlin-0a39,5,89,Normal
2026-02-14 20:08:13.014742,Berlin-0a39,39,56,Normal
2026-02-14 20:08:14.014742,Berlin-0a39,41,96,Normal
2026-02-14 20:08:15.014742,Berlin-0a39,-23,66,Normal
2026-02-14 20:08:16.014742,Berlin-0a39,-12,11,Normal
2026-02-14 20:08:17.014742,Berlin-0a39,26,35,Normal
2026-02-14 20:08:18.014742,Berlin-0a39,-14,78,Normal
2026-02-14 20:08:19.014742,Berlin-0a39,-3,3,Normal
2026-02-14 20:08:20.014742,Berlin-0a39,25,76,Normal
2026-02-14 20:08:21.014742,Berlin-0a39,30,34,Normal
2026-02-14 20:08:22.014742,Berlin-0a39,-7,97,Normal
2026-02-14 20:08:23.014742,Berlin-0a39,-27,21,Normal
2026-02-14 20:08:24.014742,Berlin-0a39,-3,79,Normal
2026-02-14 20:08:25.014742,Berlin-0a39,-2,25,Normal
2026-02-14 20:08:26.014742,Berlin-0a39,45,99,Normal
2026-02-14 20:08:27.014742,Berlin-0a39,40,24,Normal
2026-02-14 20:08:28.014742,Berlin-0a39,12,30,Normal
2026-02-14 20:08:29.014742,Berlin-0a39,49,52,Normal
2026-02-14 20:08:30.014742,Berlin-0a39,44,45,Normal
2026-02-14 20:08:31.014742,Berlin-0a39,29,73,Normal
2026-02-14 20:08:32.014742,Berlin-0a39,45,23,Normal
2026-02-14 20:08:33.014742,Berlin-0a39,-8,49,Normal
2026-02-14 20:08:34.014742,Berlin-0a39,-8,19,Normal
2026-02-14 20:08:35.014742,Berlin-0a39,-12,15,Normal
2026-02-14 20:08:36.014742,Berlin-0a39,-19,89,Normal
2026-02-14 20:08:37.014742,Berlin-0a39,-18,25,Normal
2026-02-14 20:08:38.014742,Berlin-0a39,46,47,Normal
2026-02-14 20:08:39.014742,Berlin-0a39,-12,82,Normal
2026-02-14 20:08:40.014742,Berlin-0a39,42,52,Normal
2026-02-14 20:08:41.014742,Berlin-0a39,32,28,Normal
2026-02-14 20:08:42.014742,Berlin-0a39,-4,57,Normal
2026-02-14 20:08:43.014742,Berlin-0a39,-17,39,Normal
2026-02-14 20:08:44.014742,Berlin-0a39,0,7,Normal
2026-02-14 20:08:45.014742,Berlin-0a39,3,4,Normal
2026-02-14 20:08:46.014742,Berlin-0a39,-4,3,Normal
2026-02-14 20:08:47.014742,Berlin-0a39,45,89,Normal
2026-02-14 20:08:48.014742,Berlin-0a39,-4,17,Normal
2026-02-14 20:08:49.014742,Berlin-0a39,46,73,Normal
2026-02-14 20:08:50.014742,Berlin-0a39,-10,47,Normal
2026-02-14 20:08:51.014742,Berlin-0a39,-17,61,Normal
2026-02-14 20:08:52.014742,Berlin-0a39,48,79,Normal
2026-02-14 20:08:53.014742,Berlin-0a39,-18,66,Normal
2026-02-14 20:08:54.014742,Berlin-0a39,-15,22,Normal
2026-02-14 20:08:55.014742,Berlin-0a39,-17,87,Normal
2026-02-14 20:08:56.014742,Berlin-0a39,13,1,Normal
2026-02-14 20:08:57.014742,Berlin-0a39,-5,71,Normal
2026-02-14 20:08:58.014742,Berlin-0a39,-16,29,Normal
2026-02-14 20:08:59.014742,Berlin-0a39,41,80,Normal
2026-02-14 20:09:00.014742,Berlin-0a39,24,96,Normal
2026-02-14 20:09:01.014742,Berlin-0a39,42,51,Normal
2026-02-14 20:09:02.014742,Berlin-0a39,27,27,Normal
2026-02-14 20:09:03.014742,Berlin-0a39,13,28,Normal
2026-02-14 20:09:04.014742,Berlin-0a39,-22,23,Normal
2026-02-14 20:09:05.014742,Berlin-0a39,-1,58,Normal
2026-02-14 20:09:06.014742,Berlin-0a39,0,36,Normal
2026-02-14 20:09:07.014742,Berlin-0a39,19,22,Normal
2026-02-14 20:09:08.014742,Berlin-0a39,23,27,Normal
2026-02-14 20:09:09.014742,Berlin-0a39,-30,99,Normal
2026-02-14 20:09:10.014742,Berlin-0a39,43,25,Normal
2026-02-14 20:09:11.014742,Berlin-0a39,20,62,Normal
2026-02-14 20:09:12.014742,Berlin-0a39,-27,53,Normal
2026-02-14 20:09:13.014742,Berlin-0a39,-5,93,Normal
2026-02-14 20:09:14.014742,Berlin-0a39,40,46,Normal
2026-02-14 20:09:15.014742,Berlin-0a39,50,29,Normal
2026-02-14 20:09:16.014742,Berlin-0a39,8,3,Normal
2026-02-14 20:09:17.014742,Berlin-0a39,40,10,Normal
2026-02-14 20:09:18.014742,Berlin-0a39,37,62,Normal
2026-02-14 20:09:19.014742,Berlin-0a39,-8,72,Normal
2026-02-14 20:09:20.014742,Berlin-0a39,38,35,Normal
2026-02-14 20:09:21.014742,Berlin-0a39,7,9,Normal
2026-02-14 20:09:22.014742,Berlin-0a39,-13,69,Normal
2026-02-14 20:09:23.014742,Berlin-0a39,19,66,Normal
2026-02-14 20:09:24.014742,Berlin-0a39,30,8,Normal
2026-02-14 20:09:25.014742,Berlin-0a39,10,83,Normal
2026-02-14 20:09:26.014742,Berlin-0a39,-22,95,Normal
2026-02-14 20:09:27.014742,Berlin-0a39,37,83,Normal
2026-02-14 20:09:28.014742,Berlin-0a39,40,71,Normal
2026-02-14 20:09:29.014742,Berlin-0a39,50,5,Normal
2026-02-14 20:09:30.014742,Berlin-0a39,14,6,Normal
2026-02-14 20:09:31.014742,Berlin-0a39,37,11,Normal
2026-02-14 20:09:32.014742,Berlin-0a39,-20,27,Normal
2026-02-14 20:09:33.014742,Berlin-0a39,-23,41,Normal
2026-02-14 20:09:34.014742,Berlin-0a39,10,88,Normal
2026-02-14 20:09:35.014742,Berlin-0a39,39,14,Normal
2026-02-14 20:09:36.014742,Berlin-0a39,21,57,Normal
2026-02-14 20:09:37.014742,Berlin-0a39,39,54,Normal
2026-02-14 20:09:38.014742,Berlin-0a39,42,51,Normal
2026-02-14 20:09:39.014742,Berlin-0a39,-11,13,Normal
2026-02-14 20:09:40.014742,Berlin-0a39,-8,84,Normal
2026-02-14 20:09:41.014742,Berlin-0a39,9,18,Normal
2026-02-14 20:09:42.014742,Berlin-0a39,45,6,Normal
2026-02-14 20:09:43.014742,Berlin-0a39,-4,35,Normal
2026-02-14 20:09:44.014742,Berlin-0a39,-12,80,Normal
2026-02-14 20:09:45.014742,Berlin-0a39,-18,48,Normal
2026-02-14 20:09:46.014742,Berlin-0a39,11,83,Normal
2026-02-14 20:09:47.014742,Berlin-0a39,45,25,Normal
2026-02-14 20:09:48.014742,Berlin-0a39,-7,78,Normal
2026-02-14 20:09:49.014742,Berlin-0a39,-19,97,Normal
2026-02-14 20:09:50.014742,Berlin-0a39,28,69,Normal
2026-02-14 20:09:51.014742,Berlin-0a39,24,73,Normal
2026-02-14 20:09:52.014742,Berlin-0a39,7,31,Normal
2026-02-14 20:09:53.014742,Berlin-0a39,46,36,Normal
2026-02-14 20:09:54.014742,Berlin-0a39,-11,32,Normal
2026-02-14 20:09:55.014742,Berlin-0a39,49,53,Normal
2026-02-14 20:09:56.014742,Berlin-0a39,-14,59,Normal
2026-02-14 20:09:57.014742,Berlin-0a39,7,22,Normal
2026-02-14 20:09:58.014742,Berlin-0a39,0,37,Normal
2026-02-14 20:09:59.014742,Berlin-0a39,-30,28,Normal
2026-02-14 20:10:00.014742,Berlin-0a39,-10,78,Normal
2026-02-14 20:10:01.014742,Berlin-0a39,29,62,Normal
2026-02-14 20:10:02.014742,Berlin-0a39,-11,75,Normal
2026-02-14 20:10:03.014742,Berlin-0a39,-4,76,Normal
2026-02-14 20:10:04.014742,Berlin-0a39,48,41,Normal
2026-02-14 20:10:05.014742,Berlin-0a39,-18,99,Normal
2026-02-14 20:10:06.014742,Berlin-0a39,26,33,Normal
2026-02-14 20:10:07.014742,Berlin-0a39,27,59,Normal
2026-02-14 20:10:08.014742,Berlin-0a39,6,12,Normal
2026-02-14 20:10:09.014742,Berlin-0a39,32,72,Normal
2026-02-14 20:10:10.014742,Berlin-0a39,-21,63,Normal
2026-02-14 20:10:11.014742,Berlin-0a39,16,94,Normal
2026-02-14 20:10:12.014742,Berlin-0a39,-12,92,Normal
2026-02-14 20:10:13.014742,Berlin-0a39,-14,15,Normal
2026-02-14 20:10:14.014742,Berlin-0a39,12,5,Normal
2026-02-14 20:10:15.014742,Berlin-0a39,28,91,Normal
2026-02-14 20:10:16.014742,Berlin-0a39,47,27,Normal
2026-02-14 20:10:17.014742,Berlin-0a39,-12,6,Normal
2026-02-14 20:10:18.014742,Berlin-0a39,-25,5,Normal
2026-02-14 20:10:19.014742,Berlin-0a39,-16,95,Normal
2026-02-14 20:10:20.014742,Berlin-0a39,10,35,Normal
2026-02-14 20:10:21.014742,Berlin-0a39,38,85,Normal
2026-02-14 20:10:22.014742,Berlin-0a39,-3,76,Normal
2026-02-14 20:10:23.014742,Berlin-0a39,34,40,Normal
2026-02-14 20:10:24.014742,Berlin-0a39,50,27,Normal
2026-02-14 20:10:25.014742,Berlin-0a39,-1,44,Normal
2026-02-14 20:10:26.014742,Berlin-0a39,-6,34,Normal
2026-02-14 20:10:27.014742,Berlin-0a39,-14,51,Normal
2026-02-14 20:10:28.014742,Berlin-0a39,-7,45,Normal
2026-02-14 20:10:29.014742,Berlin-0a39,31,0,Normal
2026-02-14 20:10:30.014742,Berlin-0a39,6,32,Normal
2026-02-14 20:10:31.014742,Berlin-0a39,-26,43,Normal
2026-02-14 20:10:32.014742,Berlin-0a39,45,38,Normal
2026-02-14 20:10:33.014742,Berlin-0a39,32,67,Normal
2026-02-14 20:10:34.014742,Berlin-0a39,-2,42,Normal
2026-02-14 20:10:35.014742,Berlin-0a39,-11,33,Normal
2026-02-14 20:10:36.014742,Berlin-0a39,-28,60,Normal
2026-02-14 20:10:37.014742,Berlin-0a39,-20,55,Normal
2026-02-14 20:10:38.014742,Berlin-0a39,-5,49,Normal
2026-02-14 20:10:39.014742,Berlin-0a39,-24,87,Normal
2026-02-14 20:10:40.014742,Berlin-0a39,-12,63,Normal
2026-02-14 20:10:41.014742,Berlin-0a39,40,94,Normal
2026-02-14 20:10:42.014742,Berlin-0a39,21,66,Normal
2026-02-14 20:10:43.014742,Berlin-0a39,26,53,Normal
2026-02-14 20:10:44.014742,Berlin-0a39,14,14,Normal
2026-02-14 20:10:45.014742,Berlin-0a39,28,6,Normal
2026-02-14 20:10:46.014742,Berlin-0a39,-30,23,Normal
2026-02-14 20:10:47.014742,Berlin-0a39,-14,59,Normal
2026-02-14 20:10:48.014742,Berlin-0a39,7,14,Normal
2026-02-14 20:10:49.014742,Berlin-0a39,-26,48,Normal
2026-02-14 20:10:50.014742,Berlin-0a39,32,13,Normal
2026-02-14 20:10:51.014742,Berlin-0a39,-8,4,Normal
2026-02-14 20:10:52.014742,Berlin-0a39,36,4,Normal
2026-02-14 20:10:53.014742,Berlin-0a39,40,72,Normal
2026-02-14 20:10:54.014742,Berlin-0a39,-2,98,Normal
2026-02-14 20:10:55.014742,Berlin-0a39,-25,81,Normal
2026-02-14 20:10:56.014742,Berlin-0a39,-16,60,Normal
2026-02-14 20:10:57.014742,Berlin-0a39,49,92,Normal
2026-02-14 20:10:58.014742,Berlin-0a39,39,100,Normal
2026-02-14 20:10:59.014742,Berlin-0a39,-25,64,Normal
2026-02-14 20:11:00.014742,Berlin-0a39,8,75,Normal
2026-02-14 20:11:01.014742,Berlin-0a39,24,21,Normal
2026-02-14 20:11:02.014742,Berlin-0a39,-27,24,Normal
2026-02-14 20:11:03.014742,Berlin-0a39,49,40,Normal
2026-02-14 20:11:04.014742,Berlin-0a39,12,53,Normal
2026-02-14 20:11:05.014742,Berlin-0a39,20,45,Normal
2026-02-14 20:11:06.014742,Berlin-0a39,39,71,Normal
2026-02-14 20:11:07.014742,Berlin-0a39,26,36,Normal
2026-02-14 20:11:08.014742,Berlin-0a39,-14,28,Normal
2026-02-14 20:11:09.014742,Berlin-0a39,5,23,Normal
2026-02-14 20:11:10.014742,Berlin-0a39,22,5,Normal
2026-02-14 20:11:11.014742,Berlin-0a39,2,79,Normal
2026-02-14 20:11:12.014742,Berlin-0a39,-26,70,Normal
2026-02-14 20:11:13.014742,Berlin-0a39,-16,89,Normal
2026-02-14 20:11:14.014742,Berlin-0a39,50,64,Normal
2026-02-14 20:11:15.014742,Berlin-0a39,24,31,Normal
2026-02-14 20:11:16.014742,Berlin-0a39,49,23,Normal
2026-02-14 20:11:17.014742,Berlin-0a39,11,96,Normal
2026-02-14 20:11:18.014742,Berlin-0a39,38,95,Normal
2026-02-14 20:11:19.014742,Berlin-0a39,-24,37,Normal
2026-02-14 20:11:20.014742,Berlin-0a39,-6,19,Normal
2026-02-14 20:11:21.014742,Berlin-0a39,-7,48,Normal
2026-02-14 20:11:22.014742,Berlin-0a39,3,82,Normal
2026-02-14 20:11:23.014742,Berlin-0a39,15,72,Normal
2026-02-14 20:11:24.014742,Berlin-0a39,-10,4,Normal
2026-02-14 20:11:25.014742,Berlin-0a39,-9,98,Normal
2026-02-14 20:11:26.014742,Berlin-0a39,-5,13,Normal
2026-02-14 20:11:27.014742,Berlin-0a39,-30,33,Normal
2026-02-14 20:11:28.014742,Berlin-0a39,1,39,Normal
2026-02-14 20:11:29.014742,Berlin-0a39,24,31,Normal
2026-02-14 20:11:30.014742,Berlin-0a39,42,9,Normal
2026-02-14 20:11:31.014742,Berlin-0a39,-26,71,Normal
2026-02-14 20:11:32.014742,Berlin-0a39,0,38,Normal
2026-02-14 20:11:33.014742,Berlin-0a39,-1,37,Normal
2026-02-14 20:11:34.014742,Berlin-0a39,28,10,Normal
2026-02-14 20:11:35.014742,Berlin-0a39,-23,44,Normal
2026-02-14 20:11:36.014742,Berlin-0a39,47,68,Normal
2026-02-14 20:11:37.014742,Berlin-0a39,30,58,Normal
2026-02-14 20:11:38.014742,Berlin-0a39,39,53,Normal
2026-02-14 20:11:39.014742,Berlin-0a39,-27,33,Normal
2026-02-14 20:11:40.014742,Berlin-0a39,28,81,Normal
2026-02-14 20:11:41.014742,Berlin-0a39,-16,46,Normal
2026-02-14 20:11:42.014742,Berlin-0a39,-12,39,Normal
2026-02-14 20:11:43.014742,Berlin-0a39,-6,41,Normal
2026-02-14 20:11:44.014742,Berlin-0a39,16,68,Normal
2026-02-14 20:11:45.014742,Berlin-0a39,6,25,Normal
2026-02-14 20:11:46.014742,Berlin-0a39,-21,68,Normal
2026-02-14 20:11:47.014742,Berlin-0a39,-22,25,Normal
2026-02-14 20:11:48.014742,Berlin-0a39,2,85,Normal
2026-02-14 20:11:49.014742,Berlin-0a39,-24,26,Normal
2026-02-14 20:11:50.014742,Berlin-0a39,23,64,Normal
2026-02-14 20:11:51.014742,Berlin-0a39,-11,57,Normal
2026-02-14 20:11:52.014742,Berlin-0a39,11,74,Normal
2026-02-14 20:11:53.014742,Berlin-0a39,39,40,Normal
2026-02-14 20:11:54.014742,Berlin-0a39,34,95,Normal
2026-02-14 20:11:55.014742,Berlin-0a39,9,42,Normal
2026-02-14 20:11:56.014742,Berlin-0a39,-4,65,Normal
2026-02-14 20:11:57.014742,Berlin-0a39,40,35,Normal
2026-02-14 20:11:58.014742,Berlin-0a39,36,36,Normal
2026-02-14 20:11:59.014742,Berlin-0a39,-21,15,Normal
2026-02-14 20:12:00.014742,Berlin-0a39,15,58,Normal
2026-02-14 20:12:01.014742,Berlin-0a39,-21,63,Normal
2026-02-14 20:12:02.014742,Berlin-0a39,2,96,Normal
2026-02-14 20:12:03.014742,Berlin-0a39,48,60,Normal
2026-02-14 20:12:04.014742,Berlin-0a39,29,6,Normal
2026-02-14 20:12:05.014742,Berlin-0a39,-8,11,Normal
2026-02-14 20:12:06.014742,Berlin-0a39,33,31,Normal
2026-02-14 20:12:07.014742,Berlin-0a39,-28,90,Normal
2026-02-14 20:12:08.014742,Berlin-0a39,26,3,Normal
2026-02-14 20:12:09.014742,Berlin-0a39,33,48,Normal
2026-02-14 20:12:10.014742,Berlin-0a39,-10,75,Normal
2026-02-14 20:12:11.014742,Berlin-0a39,-22,0,Normal
2026-02-14 20:12:12.014742,Berlin-0a39,-15,57,Normal
2026-02-14 20:12:13.014742,Berlin-0a39,47,71,Normal
2026-02-14 20:12:14.014742,Berlin-0a39,-25,30,Normal
2026-02-14 20:12:15.014742,Berlin-0a39,7,16,Normal
2026-02-14 20:12:16.014742,Berlin-0a39,3,71,Normal
2026-02-14 20:12:17.014742,Berlin-0a39,34,80,Normal
2026-02-14 20:12:18.014742,Berlin-0a39,-18,42,Normal
2026-02-14 20:12:19.014742,Berlin-0a39,16,61,Normal
2026-02-14 20:12:20.014742,Berlin-0a39,42,85,Normal
2026-02-14 20:12:21.014742,Berlin-0a39,27,93,Normal
2026-02-14 20:12:22.014742,Berlin-0a39,-5,36,Normal
2026-02-14 20:12:23.014742,Berlin-0a39,-16,77,Normal
2026-02-14 20:12:24.014742,Berlin-0a39,42,86,Normal
2026-02-14 20:12:25.014742,Berlin-0a39,15,97,Normal
2026-02-14 20:12:26.014742,Berlin-0a39,41,9,Normal
2026-02-14 20:12:27.014742,Berlin-0a39,-4,9,Normal
2026-02-14 20:12:28.014742,Berlin-0a39,47,20,Normal
2026-02-14 20:12:29.014742,Berlin-0a39,9,47,Normal
2026-02-14 20:12:30.014742,Berlin-0a39,44,7,Normal
2026-02-14 20:12:31.014742,Berlin-0a39,21,3,Normal
2026-02-14 20:12:32.014742,Berlin-0a39,29,65,Normal
2026-02-14 20:12:33.014742,Berlin-0a39,49,73,Normal
2026-02-14 20:12:34.014742,Berlin-0a39,46,16,Normal
2026-02-14 20:12:35.014742,Berlin-0a39,40,31,Normal
2026-02-14 20:12:36.014742,Berlin-0a39,3,95,Normal
2026-02-14 20:12:37.014742,Berlin-0a39,8,70,Normal
2026-02-14 20:12:38.014742,Berlin-0a39,4,40,Normal
2026-02-14 20:12:39.014742,Berlin-0a39,18,41,Normal
2026-02-14 20:12:40.014742,Berlin-0a39,14,49,Normal
2026-02-14 20:12:41.014742,Berlin-0a39,9,12,Normal
2026-02-14 20:12:42.014742,Berlin-0a39,9,0,Normal
2026-02-14 20:12:43.014742,Berlin-0a39,-9,48,Normal
2026-02-14 20:12:44.014742,Berlin-0a39,16,16,Normal
2026-02-14 20:12:45.014742,Berlin-0a39,25,74,Normal
2026-02-14 20:12:46.014742,Berlin-0a39,9,22,Normal
2026-02-14 20:12:47.014742,Berlin-0a39,-4,95,Normal
2026-02-14 20:12:48.014742,Berlin-0a39,25,8,Normal
2026-02-14 20:12:49.014742,Berlin-0a39,-20,12,Normal
2026-02-14 20:12:50.014742,Berlin-0a39,50,75,Normal
2026-02-14 20:12:51.014742,Berlin-0a39,-3,86,Normal
2026-02-14 20:12:52.014742,Berlin-0a39,-6,80,Normal
2026-02-14 20:12:53.014742,Berlin-0a39,-8,15,Normal
2026-02-14 20:12:54.014742,Berlin-0a39,-6,93,Normal
2026-02-14 20:12:55.014742,Berlin-0a39,-4,85,Normal
2026-02-14 20:12:56.014742,Berlin-0a39,21,80,Normal
2026-02-14 20:12:57.014742,Berlin-0a39,49,25,Normal
2026-02-14 20:12:58.014742,Berlin-0a39,-21,78,Normal
2026-02-14 20:12:59.014742,Berlin-0a39,-25,54,Normal
2026-02-14 20:13:00.014742,Berlin-0a39,19,36,Normal
2026-02-14 20:13:01.014742,Berlin-0a39,27,54,Normal
2026-02-14 20:13:02.014742,Berlin-0a39,17,98,Normal
2026-02-14 20:13:03.014742,Berlin-0a39,48,96,Normal
2026-02-14 20:13:04.014742,Berlin-0a39,-12,37,Normal
2026-02-14 20:13:05.014742,Berlin-0a39,-9,5,Normal
2026-02-14 20:13:06.014742,Berlin-0a39,1,30,Normal
2026-02-14 20:13:07.014742,Berlin-0a39,43,71,Normal
2026-02-14 20:13:08.014742,Berlin-0a39,12,68,Normal
2026-02-14 20:13:09.014742,Berlin-0a39,8,73,Normal
2026-02-14 20:13:10.014742,Berlin-0a39,49,29,Normal
2026-02-14 20:13:11.014742,Berlin-0a39,21,7,Normal
2026-02-14 20:13:12.014742,Berlin-0a39,36,12,Normal
2026-02-14 20:13:13.014742,Berlin-0a39,-4,96,Normal
2026-02-14 20:13:14.014742,Berlin-0a39,-23,30,Normal
2026-02-14 20:13:15.014742,Berlin-0a39,11,89,Normal
2026-02-14 20:13:16.014742,Berlin-0a39,34,85,Normal
2026-02-14 20:13:17.014742,Berlin-0a39,-28,33,Normal
2026-02-14 20:13:18.014742,Berlin-0a39,20,32,Normal
2026-02-14 20:13:19.014742,Berlin-0a39,18,12,Normal
2026-02-14 20:13:20.014742,Berlin-0a39,5,86,Normal
2026-02-14 20:13:21.014742,Berlin-0a39,5,56,Normal
2026-02-14 20:13:22.014742,Berlin-0a39,21,85,Normal
2026-02-14 20:13:23.014742,Berlin-0a39,-28,34,Normal
2026-02-14 20:13:24.014742,Berlin-0a39,6,15,Normal
2026-02-14 20:13:25.014742,Berlin-0a39,-6,9,Normal
2026-02-14 20:13:26.014742,Berlin-0a39,18,47,Normal
2026-02-14 20:13:27.014742,Berlin-0a39,40,10,Normal
2026-02-14 20:13:28.014742,Berlin-0a39,-6,37,Normal
2026-02-14 20:13:29.014742,Berlin-0a39,-17,66,Normal
2026-02-14 20:13:30.014742,Berlin-0a39,29,8,Normal
2026-02-14 20:13:31.014742,Berlin-0a39,28,34,Normal
2026-02-14 20:13:32.014742,Berlin-0a39,48,99,Normal
2026-02-14 20:13:33.014742,Berlin-0a39,0,93,Normal
2026-02-14 20:13:34.014742,Berlin-0a39,18,67,Normal
2026-02-14 20:13:35.014742,Berlin-0a39,-6,28,Normal
2026-02-14 20:13:36.014742,Berlin-0a39,48,16,Normal
2026-02-14 20:13:37.014742,Berlin-0a39,-9,14,Normal
2026-02-14 20:13:38.014742,Berlin-0a39,-26,50,Normal
2026-02-14 20:13:39.014742,Berlin-0a39,21,29,Normal
2026-02-14 20:13:40.014742,Berlin-0a39,-8,26,Normal
2026-02-14 20:13:41.014742,Berlin-0a39,25,27,Normal
2026-02-14 20:13:42.014742,Berlin-0a39,-13,74,Normal
2026-02-14 20:13:43.014742,Berlin-0a39,14,41,Normal
2026-02-14 20:13:44.014742,Berlin-0a39,7,15,Normal
2026-02-14 20:13:45.014742,Berlin-0a39,19,90,Normal
2026-02-14 20:13:46.014742,Berlin-0a39,48,25,Normal
2026-02-14 20:13:47.014742,Berlin-0a39,43,0,Normal
2026-02-14 20:13:48.014742,Berlin-0a39,47,54,Normal
2026-02-14 20:13:49.014742,Berlin-0a39,20,20,Normal
2026-02-14 20:13:50.014742,Berlin-0a39,48,86,Normal
2026-02-14 20:13:51.014742,Berlin-0a39,40,45,Normal
2026-02-14 20:13:52.014742,Berlin-0a39,44,38,Normal
2026-02-14 20:13:53.014742,Berlin-0a39,29,77,Normal
2026-02-14 20:13:54.014742,Berlin-0a39,47,88,Normal
2026-02-14 20:13:55.014742,Berlin-0a39,19,82,Normal
2026-02-14 20:13:56.014742,Berlin-0a39,-18,61,Normal
2026-02-14 20:13:57.014742,Berlin-0a39,45,30,Normal
2026-02-14 20:13:58.014742,Berlin-0a39,29,22,Normal
2026-02-14 20:13:59.014742,Berlin-0a39,50,50,Normal
2026-02-14 20:14:00.014742,Berlin-0a39,37,88,Normal
2026-02-14 20:14:01.014742,Berlin-0a39,-12,91,Normal
2026-02-14 20:14:02.014742,Berlin-0a39,-28,87,Normal
2026-02-14 20:14:03.014742,Berlin-0a39,-19,45,Normal
2026-02-14 20:14:04.014742,Berlin-0a39,-19,7,Normal
2026-02-14 20:14:05.014742,Berlin-0a39,-4,78,Normal
2026-02-14 20:14:06.014742,Berlin-0a39,-5,100,Normal
2026-02-14 20:14:07.014742,Berlin-0a39,29,95,Normal
2026-02-14 20:14:08.014742,Berlin-0a39,8,68,Normal
2026-02-14 20:14:09.014742,Berlin-0a39,-9,11,Normal
2026-02-14 20:14:10.014742,Berlin-0a39,-26,27,Normal
2026-02-14 20:14:11.014742,Berlin-0a39,11,78,Normal
2026-02-14 20:14:12.014742,Berlin-0a39,-24,0,Normal
2026-02-14 20:14:13.014742,Berlin-0a39,-27,60,Normal
2026-02-14 20:14:14.014742,Berlin-0a39,12,17,Normal
2026-02-14 20:14:15.014742,Berlin-0a39,2,29,Normal
2026-02-14 20:14:16.014742,Berlin-0a39,45,35,Normal
2026-02-14 20:14:17.014742,Berlin-0a39,36,89,Normal
2026-02-14 20:14:18.014742,Berlin-0a39,44,89,Normal
2026-02-14 20:14:19.014742,Berlin-0a39,-27,62,Normal
2026-02-14 20:14:20.014742,Berlin-0a39,-30,60,Normal
2026-02-14 20:14:21.014742,Berlin-0a39,-20,60,Normal
2026-02-14 20:14:22.014742,Berlin-0a39,28,56,Normal
2026-02-14 20:14:23.014742,Berlin-0a39,28,7,Normal
2026-02-14 20:14:24.014742,Berlin-0a39,17,6,Normal
2026-02-14 20:14:25.014742,Berlin-0a39,-20,98,Normal
2026-02-14 20:14:26.014742,Berlin-0a39,38,85,Normal
2026-02-14 20:14:27.014742,Berlin-0a39,-14,76,Normal
2026-02-14 20:14:28.014742,Berlin-0a39,39,62,Normal
2026-02-14 20:14:29.014742,Berlin-0a39,38,65,Normal
2026-02-14 20:14:30.014742,Berlin-0a39,32,79,Normal
2026-02-14 20:14:31.014742,Berlin-0a39,-10,72,Normal
2026-02-14 20:14:32.014742,Berlin-0a39,38,88,Normal
2026-02-14 20:14:33.014742,Berlin-0a39,4,10,Normal
2026-02-14 20:14:34.014742,Berlin-0a39,15,62,Normal
2026-02-14 20:14:35.014742,Berlin-0a39,24,55,Normal
2026-02-14 20:14:36.014742,Berlin-0a39,-24,90,Normal
2026-02-14 20:14:37.014742,Berlin-0a39,-11,60,Normal
2026-02-14 20:14:38.014742,Berlin-0a39,43,25,Normal
2026-02-14 20:14:39.014742,Berlin-0a39,13,36,Normal
2026-02-14 20:14:40.014742,Berlin-0a39,-30,96,Normal
2026-02-14 20:14:41.014742,Berlin-0a39,50,73,Normal
2026-02-14 20:14:42.014742,Berlin-0a39,-13,63,Normal
2026-02-14 20:14:43.014742,Berlin-0a39,39,42,Normal
2026-02-14 20:14:44.014742,Berlin-0a39,50,33,Normal
2026-02-14 20:14:45.014742,Berlin-0a39,49,22,Normal
2026-02-14 20:14:46.014742,Berlin-0a39,-28,3,Normal
2026-02-14 20:14:47.014742,Berlin-0a39,-22,80,Normal
2026-02-14 20:14:48.014742,Berlin-0a39,-23,24,Normal
2026-02-14 20:14:49.014742,Berlin-0a39,-30,13,Normal
2026-02-14 20:14:50.014742,Berlin-0a39,22,60,Normal
2026-02-14 20:14:51.014742,Berlin-0a39,28,60,Normal
2026-02-14 20:14:52.014742,Berlin-0a39,27,80,Normal
2026-02-14 20:14:53.014742,Berlin-0a39,-17,82,Normal
2026-02-14 20:14:54.014742,Berlin-0a39,4,83,Normal
2026-02-14 20:14:55.014742,Berlin-0a39,50,5,Normal
2026-02-14 20:14:56.014742,Berlin-0a39,-8,88,Normal
2026-02-14 20:14:57.014742,Berlin-0a39,33,10,Normal
2026-02-14 20:14:58.014742,Berlin-0a39,48,28,Normal
2026-02-14 20:14:59.014742,Berlin-0a39,34,39,Normal
2026-02-14 20:15:00.014742,Berlin-0a39,4,99,Normal
2026-02-14 20:15:01.014742,Berlin-0a39,-29,52,Normal
2026-02-14 20:15:02.014742,Berlin-0a39,38,25,Normal
2026-02-14 20:15:03.014742,Berlin-0a39,41,26,Normal
2026-02-14 20:15:04.014742,Berlin-0a39,-15,10,Normal
2026-02-14 20:15:05.014742,Berlin-0a39,-24,90,Normal
2026-02-14 20:15:06.014742,Berlin-0a39,34,72,Normal
2026-02-14 20:15:07.014742,Berlin-0a39,38,91,Normal
2026-02-14 20:15:08.014742,Berlin-0a39,0,34,Normal
2026-02-14 20:15:09.014742,Berlin-0a39,-29,15,Normal
2026-02-14 20:15:10.014742,Berlin-0a39,35,80,Normal
2026-02-14 20:15:11.014742,Berlin-0a39,-11,73,Normal
2026-02-14 20:15:12.014742,Berlin-0a39,50,61,Normal
2026-02-14 20:15:13.014742,Berlin-0a39,-5,67,Normal
2026-02-14 20:15:14.014742,Berlin-0a39,27,72,Normal
2026-02-14 20:15:15.014742,Berlin-0a39,5,18,Normal
2026-02-14 20:15:16.014742,Berlin-0a39,-6,73,Normal
2026-02-14 20:15:17.014742,Berlin-0a39,-8,65,Normal
2026-02-14 20:15:18.014742,Berlin-0a39,-26,18,Normal
2026-02-14 20:15:19.014742,Berlin-0a39,25,67,Normal
2026-02-14 20:15:20.014742,Berlin-0a39,-27,72,Normal
2026-02-14 20:15:21.014742,Berlin-0a39,-23,3,Normal
2026-02-14 20:15:22.014742,Berlin-0a39,25,90,Normal
2026-02-14 20:15:23.014742,Berlin-0a39,-11,49,Normal
2026-02-14 20:15:24.014742,Berlin-0a39,22,63,Normal
2026-02-14 20:15:25.014742,Berlin-0a39,40,49,Normal
2026-02-14 20:15:26.014742,Berlin-0a39,16,62,Normal
2026-02-14 20:15:27.014742,Berlin-0a39,-19,48,Normal
2026-02-14 20:15:28.014742,Berlin-0a39,34,50,Normal
2026-02-14 20:15:29.014742,Berlin-0a39,-28,27,Normal
2026-02-14 20:15:30.014742,Berlin-0a39,16,84,Normal
2026-02-14 20:15:31.014742,Berlin-0a39,-21,31,Normal
2026-02-14 20:15:32.014742,Berlin-0a39,33,71,Normal
2026-02-14 20:15:33.014742,Berlin-0a39,30,13,Normal
2026-02-14 20:15:34.014742,Berlin-0a39,-22,40,Normal
2026-02-14 20:15:35.014742,Berlin-0a39,1,41,Normal
2026-02-14 20:15:36.014742,Berlin-0a39,31,35,Normal
2026-02-14 20:15:37.014742,Berlin-0a39,-27,14,Normal
2026-02-14 20:15:38.014742,Berlin-0a39,-7,30,Normal
2026-02-14 20:15:39.014742,Berlin-0a39,32,4,Normal
2026-02-14 20:15:40.014742,Berlin-0a39,-7,65,Normal
2026-02-14 20:15:41.014742,Berlin-0a39,15,18,Normal
2026-02-14 20:15:42.014742,Berlin-0a39,18,4,Normal
2026-02-14 20:15:43.014742,Berlin-0a39,6,44,Normal
2026-02-14 20:15:44.014742,Berlin-0a39,15,35,Normal
2026-02-14 20:15:45.014742,Berlin-0a39,30,62,Normal
2026-02-14 20:15:46.014742,Berlin-0a39,-4,37,Normal
2026-02-14 20:15:47.014742,Berlin-0a39,-6,91,Normal
2026-02-14 20:15:48.014742,Berlin-0a39,-3,82,Normal
2026-02-14 20:15:49.014742,Berlin-0a39,3,80,Normal
2026-02-14 20:15:50.014742,Berlin-0a39,0,82,Normal
2026-02-14 20:15:51.014742,Berlin-0a39,24,70,Normal
2026-02-14 20:15:52.014742,Berlin-0a39,23,50,Normal
2026-02-14 20:15:53.014742,Berlin-0a39,1,65,Normal
2026-02-14 20:15:54.014742,Berlin-0a39,4,89,Normal
2026-02-14 20:15:55.014742,Berlin-0a39,20,70,Normal
2026-02-14 20:15:56.014742,Berlin-0a39,-10,20,Normal
2026-02-14 20:15:57.014742,Berlin-0a39,36,62,Normal
2026-02-14 20:15:58.014742,Berlin-0a39,4,61,Normal
2026-02-14 20:15:59.014742,Berlin-0a39,36,87,Normal
2026-02-14 20:16:00.014742,Berlin-0a39,23,81,Normal
2026-02-14 20:16:01.014742,Berlin-0a39,26,51,Normal
2026-02-14 20:16:02.014742,Berlin-0a39,36,38,Normal
2026-02-14 20:16:03.014742,Berlin-0a39,47,88,Normal
2026-02-14 20:16:04.014742,Berlin-0a39,37,6,Normal
2026-02-14 20:16:05.014742,Berlin-0a39,23,82,Normal
2026-02-14 20:16:06.014742,Berlin-0a39,-22,40,Normal
2026-02-14 20:16:07.014742,Berlin-0a39,36,98,Normal
2026-02-14 20:16:08.014742,Berlin-0a39,26,96,Normal
2026-02-14 20:16:09.014742,Berlin-0a39,11,65,Normal
2026-02-14 20:16:10.014742,Berlin-0a39,31,68,Normal
2026-02-14 20:16:11.014742,Berlin-0a39,49,10,Normal
2026-02-14 20:16:12.014742,Berlin-0a39,29,95,Normal
2026-02-14 20:16:13.014742,Berlin-0a39,31,9,Normal
2026-02-14 20:16:14.014742,Berlin-0a39,31,23,Normal
2026-02-14 20:16:15.014742,Berlin-0a39,41,24,Normal
2026-02-14 20:16:16.014742,Berlin-0a39,17,44,Normal
2026-02-14 20:16:17.014742,Berlin-0a39,-11,5,Normal
2026-02-14 20:16:18.014742,Berlin-0a39,-19,23,Normal
2026-02-14 20:16:19.014742,Berlin-0a39,9,67,Normal
2026-02-14 20:16:20.014742,Berlin-0a39,-5,77,Normal
2026-02-14 20:16:21.014742,Berlin-0a39,-16,22,Normal
2026-02-14 20:16:22.014742,Berlin-0a39,49,92,Normal
2026-02-14 20:16:23.014742,Berlin-0a39,34,4,Normal
2026-02-14 20:16:24.014742,Berlin-0a39,-13,17,Normal
2026-02-14 20:16:25.014742,Berlin-0a39,-24,74,Normal
2026-02-14 20:16:26.014742,Berlin-0a39,22,94,Normal
2026-02-14 20:16:27.014742,Berlin-0a39,36,74,Normal
2026-02-14 20:16:28.014742,Berlin-0a39,-23,51,Normal
2026-02-14 20:16:29.014742,Berlin-0a39,5,75,Normal
2026-02-14 20:16:30.014742,Berlin-0a39,24,25,Normal
2026-02-14 20:16:31.014742,Berlin-0a39,36,30,Normal
2026-02-14 20:16:32.014742,Berlin-0a39,-5,27,Normal
2026-02-14 20:16:33.014742,Berlin-0a39,-10,85,Normal
2026-02-14 20:16:34.014742,Berlin-0a39,37,82,Normal
2026-02-14 20:16:35.014742,Berlin-0a39,7,1,Normal
2026-02-14 20:16:36.014742,Berlin-0a39,-21,19,Normal
2026-02-14 20:16:37.014742,Berlin-0a39,-25,62,Normal
2026-02-14 20:16:38.014742,Berlin-0a39,13,93,Normal
2026-02-14 20:16:39.014742,Berlin-0a39,2,43,Normal
2026-02-14 20:16:40.014742,Berlin-0a39,-19,46,Normal
2026-02-14 20:16:41.014742,Berlin-0a39,46,80,Normal
2026-02-14 20:16:42.014742,Berlin-0a39,18,45,Normal
2026-02-14 20:16:43.014742,Berlin-0a39,38,37,Normal
2026-02-14 20:16:44.014742,Berlin-0a39,-3,7,Normal
2026-02-14 20:16:45.014742,Berlin-0a39,-3,65,Normal
2026-02-14 20:16:46.014742,Berlin-0a39,34,26,Normal
2026-02-14 20:16:47.014742,Berlin-0a39,17,39,Normal
2026-02-14 20:16:48.014742,Berlin-0a39,-26,72,Normal
2026-02-14 20:16:49.014742,Berlin-0a39,39,39,Normal
2026-02-14 20:16:50.014742,Berlin-0a39,2,6,Normal
2026-02-14 20:16:51.014742,Berlin-0a39,5,79,Normal
2026-02-14 20:16:52.014742,Berlin-0a39,17,44,Normal
2026-02-14 20:16:53.014742,Berlin-0a39,46,57,Normal
2026-02-14 20:16:54.014742,Berlin-0a39,-26,68,Normal
2026-02-14 20:16:55.014742,Berlin-0a39,33,41,Normal
2026-02-14 20:16:56.014742,Berlin-0a39,-18,27,Normal
2026-02-14 20:16:57.014742,Berlin-0a39,7,34,Normal
2026-02-14 20:16:58.014742,Berlin-0a39,0,17,Normal
2026-02-14 20:16:59.014742,Berlin-0a39,19,39,Normal
2026-02-14 20:17:00.014742,Berlin-0a39,47,33,Normal
2026-02-14 20:17:01.014742,Berlin-0a39,-3,79,Normal
2026-02-14 20:17:02.014742,Berlin-0a39,33,33,Normal
2026-02-14 20:17:03.014742,Berlin-0a39,38,19,Normal
2026-02-14 20:17:04.014742,Berlin-0a39,27,64,Normal
2026-02-14 20:17:05.014742,Berlin-0a39,-30,22,Normal
2026-02-14 20:17:06.014742,Berlin-0a39,19,95,Normal
2026-02-14 20:17:07.014742,Berlin-0a39,-15,35,Normal
2026-02-14 20:17:08.014742,Berlin-0a39,19,1,Normal
2026-02-14 20:17:09.014742,Berlin-0a39,50,19,Normal
2026-02-14 20:17:10.014742,Berlin-0a39,16,18,Normal
2026-02-14 20:17:11.014742,Berlin-0a39,4,90,Normal
2026-02-14 20:17:12.014742,Berlin-0a39,42,74,Normal
2026-02-14 20:17:13.014742,Berlin-0a39,49,6,Normal
2026-02-14 20:17:14.014742,Berlin-0a39,8,7,Normal
2026-02-14 20:17:15.014742,Berlin-0a39,2,23,Normal
2026-02-14 20:17:16.014742,Berlin-0a39,-21,87,Normal
2026-02-14 20:17:17.014742,Berlin-0a39,-30,63,Normal
2026-02-14 20:17:18.014742,Berlin-0a39,20,49,Normal
2026-02-14 20:17:19.014742,Berlin-0a39,32,80,Normal
2026-02-14 20:17:20.014742,Berlin-0a39,-27,88,Normal
2026-02-14 20:17:21.014742,Berlin-0a39,2,96,Normal
2026-02-14 20:17:22.014742,Berlin-0a39,24,97,Normal
2026-02-14 20:17:23.014742,Berlin-0a39,21,39,Normal
2026-02-14 20:17:24.014742,Berlin-0a39,37,0,Normal
2026-02-14 20:17:25.014742,Berlin-0a39,47,57,Normal
2026-02-14 20:17:26.014742,Berlin-0a39,0,6,Normal
2026-02-14 20:17:27.014742,Berlin-0a39,45,13,Normal
2026-02-14 20:17:28.014742,Berlin-0a39,26,96,Normal
2026-02-14 20:17:29.014742,Berlin-0a39,-3,70,Normal
2026-02-14 20:17:30.014742,Berlin-0a39,11,57,Normal
2026-02-14 20:17:31.014742,Berlin-0a39,4,21,Normal
2026-02-14 20:17:32.014742,Berlin-0a39,-4,37,Normal
2026-02-14 20:17:33.014742,Berlin-0a39,16,75,Normal
2026-02-14 20:17:34.014742,Berlin-0a39,17,14,Normal
2026-02-14 20:17:35.014742,Berlin-0a39,-9,68,Normal
2026-02-14 20:17:36.014742,Berlin-0a39,5,24,Normal
2026-02-14 20:17:37.014742,Berlin-0a39,50,47,Normal
2026-02-14 20:17:38.014742,Berlin-0a39,38,80,Normal
2026-02-14 20:17:39.014742,Berlin-0a39,50,87,Normal
2026-02-14 20:17:40.014742,Berlin-0a39,-15,85,Normal
2026-02-14 20:17:41.014742,Berlin-0a39,-27,55,Normal
2026-02-14 20:17:42.014742,Berlin-0a39,50,35,Normal
2026-02-14 20:17:43.014742,Berlin-0a39,-22,76,Normal
2026-02-14 20:17:44.014742,Berlin-0a39,9,40,Normal
2026-02-14 20:17:45.014742,Berlin-0a39,46,6,Normal
2026-02-14 20:17:46.014742,Berlin-0a39,6,28,Normal
2026-02-14 20:17:47.014742,Berlin-0a39,2,100,Normal
2026-02-14 20:17:48.014742,Berlin-0a39,2,6,Normal
2026-02-14 20:17:49.014742,Berlin-0a39,-20,15,Normal
2026-02-14 20:17:50.014742,Berlin-0a39,50,8,Normal
2026-02-14 20:17:51.014742,Berlin-0a39,12,45,Normal
2026-02-14 20:17:52.014742,Berlin-0a39,26,48,Normal
2026-02-14 20:17:53.014742,Berlin-0a39,5,16,Normal
2026-02-14 20:17:54.014742,Berlin-0a39,6,49,Normal
2026-02-14 20:17:55.014742,Berlin-0a39,2,100,Normal
2026-02-14 20:17:56.014742,Berlin-0a39,33,88,Normal
2026-02-14 20:17:57.014742,Berlin-0a39,44,84,Normal
2026-02-14 20:17:58.014742,Berlin-0a39,37,60,Normal
2026-02-14 20:17:59.014742,Berlin-0a39,22,34,Normal
2026-02-14 20:18:00.014742,Berlin-0a39,-3,5,Normal
2026-02-14 20:18:01.014742,Berlin-0a39,7,87,Normal
2026-02-14 20:18:02.014742,Berlin-0a39,-5,22,Normal
2026-02-14 20:18:03.014742,Berlin-0a39,-21,65,Normal
2026-02-14 20:18:04.014742,Berlin-0a39,0,40,Normal
2026-02-14 20:18:05.014742,Berlin-0a39,27,4,Normal
2026-02-14 20:18:06.014742,Berlin-0a39,-4,56,Normal
2026-02-14 20:18:07.014742,Berlin-0a39,25,59,Normal
2026-02-14 20:18:08.014742,Berlin-0a39,6,82,Normal
2026-02-14 20:18:09.014742,Berlin-0a39,35,92,Normal
2026-02-14 20:18:10.014742,Berlin-0a39,19,49,Normal
2026-02-14 20:18:11.014742,Berlin-0a39,5,93,Normal
2026-02-14 20:18:12.014742,Berlin-0a39,1,62,Normal
2026-02-14 20:18:13.014742,Berlin-0a39,-8,100,Normal
2026-02-14 20:18:14.014742,Berlin-0a39,8,50,Normal
2026-02-14 20:18:15.014742,Berlin-0a39,49,43,Normal
2026-02-14 20:18:16.014742,Berlin-0a39,8,4,Normal
2026-02-14 20:18:17.014742,Berlin-0a39,-1,75,Normal
2026-02-14 20:18:18.014742,Berlin-0a39,17,11,Normal
2026-02-14 20:18:19.014742,Berlin-0a39,37,19,Normal
2026-02-14 20:18:20.014742,Berlin-0a39,-13,92,Normal
2026-02-14 20:18:21.014742,Berlin-0a39,15,42,Normal
2026-02-14 20:18:22.014742,Berlin-0a39,-7,27,Normal
2026-02-14 20:18:23.014742,Berlin-0a39,27,62,Normal
2026-02-14 20:18:24.014742,Berlin-0a39,20,31,Normal
2026-02-14 20:18:25.014742,Berlin-0a39,44,80,Normal
2026-02-14 20:18:26.014742,Berlin-0a39,-6,16,Normal
2026-02-14 20:18:27.014742,Berlin-0a39,-26,28,Normal
2026-02-14 20:18:28.014742,Berlin-0a39,-30,97,Normal
2026-02-14 20:18:29.014742,Berlin-0a39,-19,44,Normal
2026-02-14 20:18:30.014742,Berlin-0a39,-12,41,Normal
2026-02-14 20:18:31.014742,Berlin-0a39,-7,70,Normal
2026-02-14 20:18:32.014742,Berlin-0a39,22,72,Normal
2026-02-14 20:18:33.014742,Berlin-0a39,26,99,Normal
2026-02-14 20:18:34.014742,Berlin-0a39,-24,84,Normal
2026-02-14 20:18:35.014742,Berlin-0a39,-2,75,Normal
2026-02-14 20:18:36.014742,Berlin-0a39,-10,27,Normal
2026-02-14 20:18:37.014742,Berlin-0a39,40,60,Normal
2026-02-14 20:18:38.014742,Berlin-0a39,34,14,Normal
2026-02-14 20:18:39.014742,Berlin-0a39,35,91,Normal
2026-02-14 20:18:40.014742,Berlin-0a39,-8,51,Normal
2026-02-14 20:18:41.014742,Berlin-0a39,-16,10,Normal
2026-02-14 20:18:42.014742,Berlin-0a39,-29,92,Normal
2026-02-14 20:18:43.014742,Berlin-0a39,30,8,Normal
2026-02-14 20:18:44.014742,Berlin-0a39,-3,61,Normal
2026-02-14 20:18:45.014742,Berlin-0a39,4,34,Normal
2026-02-14 20:18:46.014742,Berlin-0a39,-1,32,Normal
2026-02-14 20:18:47.014742,Berlin-0a39,10,46,Normal
2026-02-14 20:18:48.014742,Berlin-0a39,43,76,Normal
2026-02-14 20:18:49.014742,Berlin-0a39,30,57,Normal
2026-02-14 20:18:50.014742,Berlin-0a39,-24,66,Normal
2026-02-14 20:18:51.014742,Berlin-0a39,21,30,Normal
2026-02-14 20:18:52.014742,Berlin-0a39,-22,16,Normal
2026-02-14 20:18:53.014742,Berlin-0a39,23,18,Normal
2026-02-14 20:18:54.014742,Berlin-0a39,-30,37,Normal
2026-02-14 20:18:55.014742,Berlin-0a39,15,73,Normal
2026-02-14 20:18:56.014742,Berlin-0a39,-13,77,Normal
2026-02-14 20:18:57.014742,Berlin-0a39,4,60,Normal
2026-02-14 20:18:58.014742,Berlin-0a39,12,67,Normal
2026-02-14 20:18:59.014742,Berlin-0a39,-21,35,Normal
2026-02-14 20:19:00.014742,Berlin-0a39,31,54,Normal
2026-02-14 20:19:01.014742,Berlin-0a39,-16,33,Normal
2026-02-14 20:19:02.014742,Berlin-0a39,41,100,Normal
2026-02-14 20:19:03.014742,Berlin-0a39,-19,4,Normal
2026-02-14 20:19:04.014742,Berlin-0a39,19,74,Normal
2026-02-14 20:19:05.014742,Berlin-0a39,42,89,Normal
2026-02-14 20:19:06.014742,Berlin-0a39,-24,96,Normal
2026-02-14 20:19:07.014742,Berlin-0a39,-29,57,Normal
2026-02-14 20:19:08.014742,Berlin-0a39,-22,47,Normal
2026-02-14 20:19:09.014742,Berlin-0a39,28,64,Normal
2026-02-14 20:19:10.014742,Berlin-0a39,25,74,Normal
2026-02-14 20:19:11.014742,Berlin-0a39,36,58,Normal
2026-02-14 20:19:12.014742,Berlin-0a39,11,37,Normal
2026-02-14 20:19:13.014742,Berlin-0a39,-1,25,Normal
2026-02-14 20:19:14.014742,Berlin-0a39,46,93,Normal
2026-02-14 20:19:15.014742,Berlin-0a39,47,75,Normal
2026-02-14 20:19:16.014742,Berlin-0a39,-28,46,Normal
2026-02-14 20:19:17.014742,Berlin-0a39,19,47,Normal
2026-02-14 20:19:18.014742,Berlin-0a39,2,68,Normal
2026-02-14 20:19:19.014742,Berlin-0a39,-9,34,Normal
2026-02-14 20:19:20.014742,Berlin-0a39,-5,4,Normal
2026-02-14 20:19:21.014742,Berlin-0a39,-16,60,Normal
2026-02-14 20:19:22.014742,Berlin-0a39,-2,60,Normal
2026-02-14 20:19:23.014742,Berlin-0a39,-2,9,Normal
2026-02-14 20:19:24.014742,Berlin-0a39,26,88,Normal
2026-02-14 20:19:25.014742,Berlin-0a39,-1,72,Normal
2026-02-14 20:19:26.014742,Berlin-0a39,-5,46,Normal
2026-02-14 20:19:27.014742,Berlin-0a39,-29,27,Normal
2026-02-14 20:19:28.014742,Berlin-0a39,-2,98,Normal
2026-02-14 20:19:29.014742,Berlin-0a39,46,57,Normal
2026-02-14 20:19:30.014742,Berlin-0a39,-21,39,Normal
2026-02-14 20:19:31.014742,Berlin-0a39,48,100,Normal
2026-02-14 20:19:32.014742,Berlin-0a39,0,71,Normal
2026-02-14 20:19:33.014742,Berlin-0a39,-2,38,Normal
2026-02-14 20:19:34.014742,Berlin-0a39,-21,84,Normal
2026-02-14 20:19:35.014742,Berlin-0a39,41,25,Normal
2026-02-14 20:19:36.014742,Berlin-0a39,26,58,Normal
2026-02-14 20:19:37.014742,Berlin-0a39,9,35,Normal
2026-02-14 20:19:38.014742,Berlin-0a39,27,82,Normal
2026-02-14 20:19:39.014742,Berlin-0a39,-17,38,Normal
2026-02-14 20:19:40.014742,Berlin-0a39,-23,54,Normal
2026-02-14 20:19:41.014742,Berlin-0a39,-22,40,Normal
2026-02-14 20:19:42.014742,Berlin-0a39,33,83,Normal
2026-02-14 20:19:43.014742,Berlin-0a39,-21,36,Normal
2026-02-14 20:19:44.014742,Berlin-0a39,25,100,Normal
2026-02-14 20:19:45.014742,Berlin-0a39,-21,43,Normal
2026-02-14 20:19:46.014742,Berlin-0a39,33,41,Normal
2026-02-14 20:19:47.014742,Berlin-0a39,-17,94,Normal
2026-02-14 20:19:48.014742,Berlin-0a39,4,58,Normal
2026-02-14 20:19:49.014742,Berlin-0a39,7,34,Normal
2026-02-14 20:19:50.014742,Berlin-0a39,7,3,Normal
2026-02-14 20:19:51.014742,Berlin-0a39,7,55,Normal
2026-02-14 20:19:52.014742,Berlin-0a39,24,92,Normal
2026-02-14 20:19:53.014742,Berlin-0a39,44,8,Normal
2026-02-14 20:19:54.014742,Berlin-0a39,-9,39,Normal
2026-02-14 20:19:55.014742,Berlin-0a39,4,60,Normal
2026-02-14 20:19:56.014742,Berlin-0a39,-26,71,Normal
2026-02-14 20:19:57.014742,Berlin-0a39,-11,87,Normal
2026-02-14 20:19:58.014742,Berlin-0a39,-2,56,Normal
2026-02-14 20:19:59.014742,Berlin-0a39,29,56,Normal
2026-02-14 20:20:00.014742,Berlin-0a39,43,93,Normal
2026-02-14 20:20:01.014742,Berlin-0a39,25,60,Normal
2026-02-14 20:20:02.014742,Berlin-0a39,16,7,Normal
2026-02-14 20:20:03.014742,Berlin-0a39,-4,50,Normal
2026-02-14 20:20:04.014742,Berlin-0a39,-8,21,Normal
2026-02-14 20:20:05.014742,Berlin-0a39,-29,58,Normal
2026-02-14 20:20:06.014742,Berlin-0a39,36,77,Normal
2026-02-14 20:20:07.014742,Berlin-0a39,40,13,Normal
2026-02-14 20:20:08.014742,Berlin-0a39,43,5,Normal
2026-02-14 20:20:09.014742,Berlin-0a39,26,30,Normal
2026-02-14 20:20:10.014742,Berlin-0a39,-20,23,Normal
2026-02-14 20:20:11.014742,Berlin-0a39,7,29,Normal
2026-02-14 20:20:12.014742,Berlin-0a39,13,3,Normal
2026-02-14 20:20:13.014742,Berlin-0a39,39,27,Normal
2026-02-14 20:20:14.014742,Berlin-0a39,36,43,Normal
2026-02-14 20:20:15.014742,Berlin-0a39,20,72,Normal
2026-02-14 20:20:16.014742,Berlin-0a39,24,90,Normal
2026-02-14 20:20:17.014742,Berlin-0a39,26,4,Normal
2026-02-14 20:20:18.014742,Berlin-0a39,14,97,Normal
2026-02-14 20:20:19.014742,Berlin-0a39,-21,26,Normal
2026-02-14 20:20:20.014742,Berlin-0a39,38,21,Normal
2026-02-14 20:20:21.014742,Berlin-0a39,-26,1,Normal
2026-02-14 20:20:22.014742,Berlin-0a39,42,67,Normal
2026-02-14 20:20:23.014742,Berlin-0a39,24,19,Normal
2026-02-14 20:20:24.014742,Berlin-0a39,41,19,Normal
2026-02-14 20:20:25.014742,Berlin-0a39,19,71,Normal
2026-02-14 20:20:26.014742,Berlin-0a39,39,75,Normal
2026-02-14 20:20:27.014742,Berlin-0a39,50,2,Normal
2026-02-14 20:20:28.014742,Berlin-0a39,33,96,Normal
2026-02-14 20:20:29.014742,Berlin-0a39,16,44,Normal
2026-02-14 20:20:30.014742,Berlin-0a39,12,10,Normal
2026-02-14 20:20:31.014742,Berlin-0a39,22,7,Normal
2026-02-14 20:20:32.014742,Berlin-0a39,-12,34,Normal
2026-02-14 20:20:33.014742,Berlin-0a39,31,62,Normal
2026-02-14 20:20:34.014742,Berlin-0a39,43,59,Normal
2026-02-14 20:20:35.014742,Berlin-0a39,-13,80,Normal
2026-02-14 20:20:36.014742,Berlin-0a39,18,88,Normal
2026-02-14 20:20:37.014742,Berlin-0a39,22,44,Normal
2026-02-14 20:20:38.014742,Berlin-0a39,9,56,Normal
2026-02-14 20:20:39.014742,Berlin-0a39,8,77,Normal
2026-02-14 20:20:40.014742,Berlin-0a39,48,17,Normal
2026-02-14 20:20:41.014742,Berlin-0a39,-27,34,Normal
2026-02-14 20:20:42.014742,Berlin-0a39,40,26,Normal
2026-02-14 20:20:43.014742,Berlin-0a39,2,63,Normal
2026-02-14 20:20:44.014742,Berlin-0a39,5,29,Normal
2026-02-14 20:20:45.014742,Berlin-0a39,18,58,Normal
2026-02-14 20:20:46.014742,Berlin-0a39,-30,59,Normal
2026-02-14 20:20:47.014742,Berlin-0a39,0,33,Normal
2026-02-14 20:20:48.014742,Berlin-0a39,1,12,Normal
2026-02-14 20:20:49.014742,Berlin-0a39,26,98,Normal
2026-02-14 20:20:50.014742,Berlin-0a39,-12,11,Normal
2026-02-14 20:20:51.014742,Berlin-0a39,38,16,Normal
2026-02-14 20:20:52.014742,Berlin-0a39,-5,45,Normal
2026-02-14 20:20:53.014742,Berlin-0a39,-13,21,Normal
2026-02-14 20:20:54.014742,Berlin-0a39,44,76,Normal
2026-02-14 20:20:55.014742,Berlin-0a39,2,74,Normal
2026-02-14 20:20:56.014742,Berlin-0a39,0,70,Normal
2026-02-14 20:20:57.014742,Berlin-0a39,-27,39,Normal
2026-02-14 20:20:58.014742,Berlin-0a39,-16,86,Normal
2026-02-14 20:20:59.014742,Berlin-0a39,24,84,Normal
2026-02-14 20:21:00.014742,Berlin-0a39,-25,50,Normal
2026-02-14 20:21:01.014742,Berlin-0a39,17,36,Normal
2026-02-14 20:21:02.014742,Berlin-0a39,-2,42,Normal
2026-02-14 20:21:03.014742,Berlin-0a39,19,22,Normal
2026-02-14 20:21:04.014742,Berlin-0a39,23,100,Normal
2026-02-14 20:21:05.014742,Berlin-0a39,22,45,Normal
2026-02-14 20:21:06.014742,Berlin-0a39,-11,78,Normal
2026-02-14 20:21:07.014742,Berlin-0a39,20,61,Normal
2026-02-14 20:21:08.014742,Berlin-0a39,-4,64,Normal
2026-02-14 20:21:09.014742,Berlin-0a39,2,34,Normal
2026-02-14 20:21:10.014742,Berlin-0a39,-18,28,Normal
2026-02-14 20:21:11.014742,Berlin-0a39,-28,43,Normal
2026-02-14 20:21:12.014742,Berlin-0a39,27,10,Normal
2026-02-14 20:21:13.014742,Berlin-0a39,-14,60,Normal
2026-02-14 20:21:14.014742,Berlin-0a39,36,55,Normal
2026-02-14 20:21:15.014742,Berlin-0a39,15,10,Normal
2026-02-14 20:21:16.014742,Berlin-0a39,-2,22,Normal
2026-02-14 20:21:17.014742,Berlin-0a39,38,99,Normal
2026-02-14 20:21:18.014742,Berlin-0a39,5,43,Normal
2026-02-14 20:21:19.014742,Berlin-0a39,-4,79,Normal
2026-02-14 20:21:20.014742,Berlin-0a39,45,25,Normal
2026-02-14 20:21:21.014742,Berlin-0a39,-25,28,Normal
2026-02-14 20:21:22.014742,Berlin-0a39,8,34,Normal
2026-02-14 20:21:23.014742,Berlin-0a39,-4,24,Normal
2026-02-14 20:21:24.014742,Berlin-0a39,19,86,Normal
2026-02-14 20:21:25.014742,Berlin-0a39,-6,12,Normal
2026-02-14 20:21:26.014742,Berlin-0a39,7,94,Normal
2026-02-14 20:21:27.014742,Berlin-0a39,49,12,Normal
2026-02-14 20:21:28.014742,Berlin-0a39,2,74,Normal
2026-02-14 20:21:29.014742,Berlin-0a39,42,7,Normal
2026-02-14 20:21:30.014742,Berlin-0a39,6,32,Normal
2026-02-14 20:21:31.014742,Berlin-0a39,26,15,Normal
2026-02-14 20:21:32.014742,Berlin-0a39,-10,54,Normal
2026-02-14 20:21:33.014742,Berlin-0a39,7,87,Normal
2026-02-14 20:21:34.014742,Berlin-0a39,50,97,Normal
2026-02-14 20:21:35.014742,Berlin-0a39,-15,94,Normal
2026-02-14 20:21:36.014742,Berlin-0a39,26,12,Normal
2026-02-14 20:21:37.014742,Berlin-0a39,2,67,Normal
2026-02-14 20:21:38.014742,Berlin-0a39,-9,46,Normal
2026-02-14 20:21:39.014742,Berlin-0a39,-3,66,Normal
2026-02-14 20:21:40.014742,Berlin-0a39,0,35,Normal
2026-02-14 20:21:41.014742,Berlin-0a39,1,33,Normal
2026-02-14 20:21:42.014742,Berlin-0a39,-3,66,Normal
2026-02-14 20:21:43.014742,Berlin-0a39,33,98,Normal
2026-02-14 20:21:44.014742,Berlin-0a39,8,59,Normal
2026-02-14 20:21:45.014742,Berlin-0a39,15,37,Normal
2026-02-14 20:21:46.014742,Berlin-0a39,4,57,Normal
2026-02-14 20:21:47.014742,Berlin-0a39,44,74,Normal
2026-02-14 20:21:48.014742,Berlin-0a39,42,23,Normal
2026-02-14 20:21:49.014742,Berlin-0a39,46,27,Normal
2026-02-14 20:21:50.014742,Berlin-0a39,18,4,Normal
2026-02-14 20:21:51.014742,Berlin-0a39,45,76,Normal
2026-02-14 20:21:52.014742,Berlin-0a39,-12,60,Normal
2026-02-14 20:21:53.014742,Berlin-0a39,-3,100,Normal
2026-02-14 20:21:54.014742,Berlin-0a39,21,46,Normal
2026-02-14 20:21:55.014742,Berlin-0a39,38,77,Normal
2026-02-14 20:21:56.014742,Berlin-0a39,30,15,Normal
2026-02-14 20:21:57.014742,Berlin-0a39,-25,53,Normal
2026-02-14 20:21:58.014742,Berlin-0a39,26,69,Normal
2026-02-14 20:21:59.014742,Berlin-0a39,6,48,Normal
2026-02-14 20:22:00.014742,Berlin-0a39,50,40,Normal
2026-02-14 20:22:01.014742,Berlin-0a39,6,36,Normal
2026-02-14 20:22:02.014742,Berlin-0a39,47,27,Normal
2026-02-14 20:22:03.014742,Berlin-0a39,-19,83,Normal
2026-02-14 20:22:04.014742,Berlin-0a39,-29,98,Normal
2026-02-14 20:22:05.014742,Berlin-0a39,3,27,Normal
2026-02-14 20:22:06.014742,Berlin-0a39,26,77,Normal
2026-02-14 20:22:07.014742,Berlin-0a39,24,71,Normal
2026-02-14 20:22:08.014742,Berlin-0a39,15,20,Normal
2026-02-14 20:22:09.014742,Berlin-0a39,16,3,Normal
2026-02-14 20:22:10.014742,Berlin-0a39,-25,97,Normal
2026-02-14 20:22:11.014742,Berlin-0a39,40,73,Normal
2026-02-14 20:22:12.014742,Berlin-0a39,43,68,Normal
2026-02-14 20:22:13.014742,Berlin-0a39,-25,13,Normal
2026-02-14 20:22:14.014742,Berlin-0a39,-17,61,Normal
2026-02-14 20:22:15.014742,Berlin-0a39,33,74,Normal
2026-02-14 20:22:16.014742,Berlin-0a39,-24,81,Normal
2026-02-14 20:22:17.014742,Berlin-0a39,-9,66,Normal
2026-02-14 20:22:18.014742,Berlin-0a39,33,6,Normal
2026-02-14 20:22:19.014742,Berlin-0a39,35,59,Normal
2026-02-14 20:22:20.014742,Berlin-0a39,-1,27,Normal
2026-02-14 20:22:21.014742,Berlin-0a39,39,62,Normal
2026-02-14 20:22:22.014742,Berlin-0a39,47,66,Normal
2026-02-14 20:22:23.014742,Berlin-0a39,2,36,Normal
2026-02-14 20:22:24.014742,Berlin-0a39,23,59,Normal
2026-02-14 20:22:25.014742,Berlin-0a39,-12,73,Normal
2026-02-14 20:22:26.014742,Berlin-0a39,-3,9,Normal
2026-02-14 20:22:27.014742,Berlin-0a39,41,79,Normal
2026-02-14 20:22:28.014742,Berlin-0a39,-20,89,Normal
2026-02-14 20:22:29.014742,Berlin-0a39,-10,84,Normal
2026-02-14 20:22:30.014742,Berlin-0a39,23,27,Normal
2026-02-14 20:22:31.014742,Berlin-0a39,4,93,Normal
2026-02-14 20:22:32.014742,Berlin-0a39,10,90,Normal
2026-02-14 20:22:33.014742,Berlin-0a39,-30,16,Normal
2026-02-14 20:22:34.014742,Berlin-0a39,42,0,Normal
2026-02-14 20:22:35.014742,Berlin-0a39,24,25,Normal
2026-02-14 20:22:36.014742,Berlin-0a39,50,34,Normal
2026-02-14 20:22:37.014742,Berlin-0a39,-4,32,Normal
2026-02-14 20:22:38.014742,Berlin-0a39,12,4,Normal
2026-02-14 20:22:39.014742,Berlin-0a39,-1,73,Normal
2026-02-14 20:22:40.014742,Berlin-0a39,-6,63,Normal
2026-02-14 20:22:41.014742,Berlin-0a39,3,1,Normal
2026-02-14 20:22:42.014742,Berlin-0a39,32,97,Normal
2026-02-14 20:22:43.014742,Berlin-0a39,4,85,Normal
2026-02-14 20:22:44.014742,Berlin-0a39,-18,19,Normal
2026-02-14 20:22:45.014742,Berlin-0a39,-1,83,Normal
2026-02-14 20:22:46.014742,Berlin-0a39,35,64,Normal
2026-02-14 20:22:47.014742,Berlin-0a39,38,69,Normal
2026-02-14 20:22:48.014742,Berlin-0a39,-8,98,Normal
2026-02-14 20:22:49.014742,Berlin-0a39,-12,39,Normal
2026-02-14 20:22:50.014742,Berlin-0a39,-5,44,Normal
2026-02-14 20:22:51.014742,Berlin-0a39,-6,93,Normal
2026-02-14 20:22:52.014742,Berlin-0a39,17,11,Normal
2026-02-14 20:22:53.014742,Berlin-0a39,29,78,Normal
2026-02-14 20:22:54.014742,Berlin-0a39,-15,12,Normal
2026-02-14 20:22:55.014742,Berlin-0a39,-13,65,Normal
2026-02-14 20:22:56.014742,Berlin-0a39,27,65,Normal
2026-02-14 20:22:57.014742,Berlin-0a39,8,9,Normal
2026-02-14 20:22:58.014742,Berlin-0a39,40,12,Normal
2026-02-14 20:22:59.014742,Berlin-0a39,18,98,Normal
2026-02-14 20:23:00.014742,Berlin-0a39,-28,8,Normal
2026-02-14 20:23:01.014742,Berlin-0a39,32,90,Normal
2026-02-14 20:23:02.014742,Berlin-0a39,-10,52,Normal
2026-02-14 20:23:03.014742,Berlin-0a39,-20,41,Normal
2026-02-14 20:23:04.014742,Berlin-0a39,6,29,Normal
2026-02-14 20:23:05.014742,Berlin-0a39,-4,74,Normal
2026-02-14 20:23:06.014742,Berlin-0a39,47,80,Normal
