timestamp,station_id,temp,humid,condition
2026-02-10 15:48:41.268924,Toronto-8edb,-9,99,Normal
2026-02-10 15:48:42.268924,Toronto-8edb,7,73,Normal
2026-02-10 15:48:43.268924,Toronto-8edb,-11,8,Normal
2026-02-10 15:48:44.268924,Toronto-8edb,50,97,Normal
2026-02-10 15:48:45.268924,Toronto-8edb,36,11,Normal
2026-02-10 15:48:46.268924,Toronto-8edb,-12,37,Normal
2026-02-10 15:48:47.268924,Toronto-8edb,39,93,Normal
2026-02-10 15:48:48.268924,Toronto-8edb,-19,16,Normal
2026-02-10 15:48:49.268924,Toronto-8edb,-13,44,Normal
2026-02-10 15:48:50.268924,Toronto-8edb,13,93,Normal
2026-02-10 15:48:51.268924,Toronto-8edb,33,29,Normal
2026-02-10 15:48:52.268924,Toronto-8edb,-9,61,Normal
2026-02-10 15:48:53.268924,Toronto-8edb,16,22,Normal
2026-02-10 15:48:54.268924,Toronto-8edb,25,10,Normal
2026-02-10 15:48:55.268924,Toronto-8edb,42,6,Normal
2026-02-10 15:48:56.268924,Toronto-8edb,19,51,Normal
2026-02-10 15:48:57.268924,Toronto-8edb,-13,93,Normal
2026-02-10 15:48:58.268924,Toronto-8edb,-11,33,Normal
2026-02-10 15:48:59.268924,Toronto-8edb,37,99,Normal
2026-02-10 15:49:00.268924,Toronto-8edb,16,98,Normal
2026-02-10 15:49:01.268924,Toronto-8edb,29,39,Normal
2026-02-10 15:49:02.268924,Toronto-8edb,29,42,Normal
2026-02-10 15:49:03.268924,Toronto-8edb,10,10,Normal
2026-02-10 15:49:04.268924,Toronto-8edb,11,83,Normal
2026-02-10 15:49:05.268924,Toronto-8edb,48,100,Normal
2026-02-10 15:49:06.268924,Toronto-8edb,49,67,Normal
2026-02-10 15:49:07.268924,Toronto-8edb,-1,4,Normal
2026-02-10 15:49:08.268924,Toronto-8edb,34,29,Normal
2026-02-10 15:49:09.268924,Toronto-8edb,1,59,Normal
2026-02-10 15:49:10.268924,Toronto-8edb,-13,71,Normal
2026-02-10 15:49:11.268924,Toronto-8edb,-21,2,Normal
2026-02-10 15:49:12.268924,Toronto-8edb,-12,71,Normal
2026-02-10 15:49:13.268924,Toronto-8edb,-8,88,Normal
2026-02-10 15:49:14.268924,Toronto-8edb,-12,22,Normal
2026-02-10 15:49:15.268924,Toronto-8edb,9,4,Normal
2026-02-10 15:49:16.268924,Toronto-8edb,-19,49,Normal
2026-02-10 15:49:17.268924,Toronto-8edb,-18,98,Normal
2026-02-10 15:49:18.268924,Toronto-8edb,-5,61,Normal
2026-02-10 15:49:19.268924,Toronto-8edb,-10,8,Normal
2026-02-10 15:49:20.268924,Toronto-8edb,-20,68,Normal
2026-02-10 15:49:21.268924,Toronto-8edb,-22,61,Normal
2026-02-10 15:49:22.268924,Toronto-8edb,8,61,Normal
2026-02-10 15:49:23.268924,Toronto-8edb,-29,64,Normal
2026-02-10 15:49:24.268924,Toronto-8edb,-22,98,Normal
2026-02-10 15:49:25.268924,Toronto-8edb,-6,95,Normal
2026-02-10 15:49:26.268924,Toronto-8edb,-12,43,Normal
2026-02-10 15:49:27.268924,Toronto-8edb,9,31,Normal
2026-02-10 15:49:28.268924,Toronto-8edb,30,11,Normal
2026-02-10 15:49:29.268924,Toronto-8edb,26,52,Normal
2026-02-10 15:49:30.268924,Toronto-8edb,-10,91,Normal
2026-02-10 15:49:31.268924,Toronto-8edb,-10,88,Normal
2026-02-10 15:49:32.268924,Toronto-8edb,-23,13,Normal
2026-02-10 15:49:33.268924,Toronto-8edb,9,66,Normal
2026-02-10 15:49:34.268924,Toronto-8edb,11,25,Normal
2026-02-10 15:49:35.268924,Toronto-8edb,-14,29,Normal
2026-02-10 15:49:36.268924,Toronto-8edb,4,22,Normal
2026-02-10 15:49:37.268924,Toronto-8edb,29,11,Normal
2026-02-10 15:49:38.268924,Toronto-8edb,0,12,Normal
2026-02-10 15:49:39.268924,Toronto-8edb,35,35,Normal
2026-02-10 15:49:40.268924,Toronto-8edb,34,47,Normal
2026-02-10 15:49:41.268924,Toronto-8edb,-18,0,Normal
2026-02-10 15:49:42.268924,Toronto-8edb,-28,56,Normal
2026-02-10 15:49:43.268924,Toronto-8edb,-14,44,Normal
2026-02-10 15:49:44.268924,Toronto-8edb,17,63,Normal
2026-02-10 15:49:45.268924,Toronto-8edb,42,18,Normal
2026-02-10 15:49:46.268924,Toronto-8edb,0,39,Normal
2026-02-10 15:49:47.268924,Toronto-8edb,35,37,Normal
2026-02-10 15:49:48.268924,Toronto-8edb,42,11,Normal
2026-02-10 15:49:49.268924,Toronto-8edb,44,37,Normal
2026-02-10 15:49:50.268924,Toronto-8edb,-16,26,Normal
2026-02-10 15:49:51.268924,Toronto-8edb,21,86,Normal
2026-02-10 15:49:52.268924,Toronto-8edb,-9,21,Normal
2026-02-10 15:49:53.268924,Toronto-8edb,-29,61,Normal
2026-02-10 15:49:54.268924,Toronto-8edb,-12,31,Normal
2026-02-10 15:49:55.268924,Toronto-8edb,20,77,Normal
2026-02-10 15:49:56.268924,Toronto-8edb,-1,84,Normal
2026-02-10 15:49:57.268924,Toronto-8edb,-10,84,Normal
2026-02-10 15:49:58.268924,Toronto-8edb,-10,58,Normal
2026-02-10 15:49:59.268924,Toronto-8edb,19,36,Normal
2026-02-10 15:50:00.268924,Toronto-8edb,39,15,Normal
2026-02-10 15:50:01.268924,Toronto-8edb,19,39,Normal
2026-02-10 15:50:02.268924,Toronto-8edb,-3,95,Normal
2026-02-10 15:50:03.268924,Toronto-8edb,-5,76,Normal
2026-02-10 15:50:04.268924,Toronto-8edb,-1,36,Normal
2026-02-10 15:50:05.268924,Toronto-8edb,13,4,Normal
2026-02-10 15:50:06.268924,Toronto-8edb,24,2,Normal
2026-02-10 15:50:07.268924,Toronto-8edb,-7,92,Normal
2026-02-10 15:50:08.268924,Toronto-8edb,48,43,Normal
2026-02-10 15:50:09.268924,Toronto-8edb,-20,80,Normal
2026-02-10 15:50:10.268924,Toronto-8edb,27,14,Normal
2026-02-10 15:50:11.268924,Toronto-8edb,17,40,Normal
2026-02-10 15:50:12.268924,Toronto-8edb,49,100,Normal
2026-02-10 15:50:13.268924,Toronto-8edb,35,86,Normal
2026-02-10 15:50:14.268924,Toronto-8edb,7,33,Normal
2026-02-10 15:50:15.268924,Toronto-8edb,6,77,Normal
2026-02-10 15:50:16.268924,Toronto-8edb,-5,60,Normal
2026-02-10 15:50:17.268924,Toronto-8edb,35,11,Normal
2026-02-10 15:50:18.268924,Toronto-8edb,7,29,Normal
2026-02-10 15:50:19.268924,Toronto-8edb,6,9,Normal
2026-02-10 15:50:20.268924,Toronto-8edb,-24,67,Normal
2026-02-10 15:50:21.268924,Toronto-8edb,-13,53,Normal
2026-02-10 15:50:22.268924,Toronto-8edb,26,6,Normal
2026-02-10 15:50:23.268924,Toronto-8edb,-24,18,Normal
2026-02-10 15:50:24.268924,Toronto-8edb,3,71,Normal
2026-02-10 15:50:25.268924,Toronto-8edb,-29,61,Normal
2026-02-10 15:50:26.268924,Toronto-8edb,40,66,Normal
2026-02-10 15:50:27.268924,Toronto-8edb,16,87,Normal
2026-02-10 15:50:28.268924,Toronto-8edb,15,16,Normal
2026-02-10 15:50:29.268924,Toronto-8edb,24,24,Normal
2026-02-10 15:50:30.268924,Toronto-8edb,39,55,Normal
2026-02-10 15:50:31.268924,Toronto-8edb,2,48,Normal
2026-02-10 15:50:32.268924,Toronto-8edb,50,53,Normal
2026-02-10 15:50:33.268924,Toronto-8edb,-9,84,Normal
2026-02-10 15:50:34.268924,Toronto-8edb,0,94,Normal
2026-02-10 15:50:35.268924,Toronto-8edb,21,62,Normal
2026-02-10 15:50:36.268924,Toronto-8edb,-18,58,Normal
2026-02-10 15:50:37.268924,Toronto-8edb,-18,24,Normal
2026-02-10 15:50:38.268924,Toronto-8edb,0,51,Normal
2026-02-10 15:50:39.268924,Toronto-8edb,-13,83,Normal
2026-02-10 15:50:40.268924,Toronto-8edb,-8,65,Normal
2026-02-10 15:50:41.268924,Toronto-8edb,-8,23,Normal
2026-02-10 15:50:42.268924,Toronto-8edb,-9,53,Normal
2026-02-10 15:50:43.268924,Toronto-8edb,-12,36,Normal
2026-02-10 15:50:44.268924,Toronto-8edb,-18,10,Normal
2026-02-10 15:50:45.268924,Toronto-8edb,0,90,Normal
2026-02-10 15:50:46.268924,Toronto-8edb,-25,49,Normal
2026-02-10 15:50:47.268924,Toronto-8edb,-4,95,Normal
2026-02-10 15:50:48.268924,Toronto-8edb,34,99,Normal
2026-02-10 15:50:49.268924,Toronto-8edb,30,5,Normal
2026-02-10 15:50:50.268924,Toronto-8edb,-6,22,Normal
2026-02-10 15:50:51.268924,Toronto-8edb,27,43,Normal
2026-02-10 15:50:52.268924,Toronto-8edb,-15,61,Normal
2026-02-10 15:50:53.268924,Toronto-8edb,31,46,Normal
2026-02-10 15:50:54.268924,Toronto-8edb,-13,18,Normal
2026-02-10 15:50:55.268924,Toronto-8edb,-5,55,Normal
2026-02-10 15:50:56.268924,Toronto-8edb,15,10,Normal
2026-02-10 15:50:57.268924,Toronto-8edb,31,15,Normal
2026-02-10 15:50:58.268924,Toronto-8edb,-25,34,Normal
2026-02-10 15:50:59.268924,Toronto-8edb,26,50,Normal
2026-02-10 15:51:00.268924,Toronto-8edb,-15,37,Normal
2026-02-10 15:51:01.268924,Toronto-8edb,7,40,Normal
2026-02-10 15:51:02.268924,Toronto-8edb,33,90,Normal
2026-02-10 15:51:03.268924,Toronto-8edb,-24,83,Normal
2026-02-10 15:51:04.268924,Toronto-8edb,-23,85,Normal
2026-02-10 15:51:05.268924,Toronto-8edb,14,15,Normal
2026-02-10 15:51:06.268924,Toronto-8edb,5,57,Normal
2026-02-10 15:51:07.268924,Toronto-8edb,2,66,Normal
2026-02-10 15:51:08.268924,Toronto-8edb,23,81,Normal
2026-02-10 15:51:09.268924,Toronto-8edb,46,38,Normal
2026-02-10 15:51:10.268924,Toronto-8edb,-21,51,Normal
2026-02-10 15:51:11.268924,Toronto-8edb,50,94,Normal
2026-02-10 15:51:12.268924,Toronto-8edb,12,42,Normal
2026-02-10 15:51:13.268924,Toronto-8edb,39,74,Normal
2026-02-10 15:51:14.268924,Toronto-8edb,22,69,Normal
2026-02-10 15:51:15.268924,Toronto-8edb,50,38,Normal
2026-02-10 15:51:16.268924,Toronto-8edb,-7,71,Normal
2026-02-10 15:51:17.268924,Toronto-8edb,-5,43,Normal
2026-02-10 15:51:18.268924,Toronto-8edb,-10,24,Normal
2026-02-10 15:51:19.268924,Toronto-8edb,-8,17,Normal
2026-02-10 15:51:20.268924,Toronto-8edb,30,34,Normal
2026-02-10 15:51:21.268924,Toronto-8edb,42,97,Normal
2026-02-10 15:51:22.268924,Toronto-8edb,-9,61,Normal
2026-02-10 15:51:23.268924,Toronto-8edb,-9,9,Normal
2026-02-10 15:51:24.268924,Toronto-8edb,41,1,Normal
2026-02-10 15:51:25.268924,Toronto-8edb,44,10,Normal
2026-02-10 15:51:26.268924,Toronto-8edb,25,68,Normal
2026-02-10 15:51:27.268924,Toronto-8edb,-11,30,Normal
2026-02-10 15:51:28.268924,Toronto-8edb,40,90,Normal
2026-02-10 15:51:29.268924,Toronto-8edb,-8,65,Normal
2026-02-10 15:51:30.268924,Toronto-8edb,-6,57,Normal
2026-02-10 15:51:31.268924,Toronto-8edb,34,89,Normal
2026-02-10 15:51:32.268924,Toronto-8edb,16,81,Normal
2026-02-10 15:51:33.268924,Toronto-8edb,-16,95,Normal
2026-02-10 15:51:34.268924,Toronto-8edb,17,52,Normal
2026-02-10 15:51:35.268924,Toronto-8edb,-17,67,Normal
2026-02-10 15:51:36.268924,Toronto-8edb,-5,0,Normal
2026-02-10 15:51:37.268924,Toronto-8edb,28,5,Normal
2026-02-10 15:51:38.268924,Toronto-8edb,18,57,Normal
2026-02-10 15:51:39.268924,Toronto-8edb,24,27,Normal
2026-02-10 15:51:40.268924,Toronto-8edb,5,80,Normal
2026-02-10 15:51:41.268924,Toronto-8edb,49,45,Normal
2026-02-10 15:51:42.268924,Toronto-8edb,-28,90,Normal
2026-02-10 15:51:43.268924,Toronto-8edb,-11,42,Normal
2026-02-10 15:51:44.268924,Toronto-8edb,-29,29,Normal
2026-02-10 15:51:45.268924,Toronto-8edb,30,73,Normal
2026-02-10 15:51:46.268924,Toronto-8edb,29,47,Normal
2026-02-10 15:51:47.268924,Toronto-8edb,-1,99,Normal
2026-02-10 15:51:48.268924,Toronto-8edb,27,5,Normal
2026-02-10 15:51:49.268924,Toronto-8edb,4,56,Normal
2026-02-10 15:51:50.268924,Toronto-8edb,15,84,Normal
2026-02-10 15:51:51.268924,Toronto-8edb,-22,76,Normal
2026-02-10 15:51:52.268924,Toronto-8edb,-20,43,Normal
2026-02-10 15:51:53.268924,Toronto-8edb,3,7,Normal
2026-02-10 15:51:54.268924,Toronto-8edb,15,15,Normal
2026-02-10 15:51:55.268924,Toronto-8edb,-13,91,Normal
2026-02-10 15:51:56.268924,Toronto-8edb,-10,72,Normal
2026-02-10 15:51:57.268924,Toronto-8edb,32,68,Normal
2026-02-10 15:51:58.268924,Toronto-8edb,-3,39,Normal
2026-02-10 15:51:59.268924,Toronto-8edb,37,7,Normal
2026-02-10 15:52:00.268924,Toronto-8edb,-7,57,Normal
2026-02-10 15:52:01.268924,Toronto-8edb,1,19,Normal
2026-02-10 15:52:02.268924,Toronto-8edb,-25,67,Normal
2026-02-10 15:52:03.268924,Toronto-8edb,-6,40,Normal
2026-02-10 15:52:04.268924,Toronto-8edb,49,57,Normal
2026-02-10 15:52:05.268924,Toronto-8edb,-2,4,Normal
2026-02-10 15:52:06.268924,Toronto-8edb,-21,12,Normal
2026-02-10 15:52:07.268924,Toronto-8edb,48,15,Normal
2026-02-10 15:52:08.268924,Toronto-8edb,20,77,Normal
2026-02-10 15:52:09.268924,Toronto-8edb,5,5,Normal
2026-02-10 15:52:10.268924,Toronto-8edb,-19,62,Normal
2026-02-10 15:52:11.268924,Toronto-8edb,22,1,Normal
2026-02-10 15:52:12.268924,Toronto-8edb,20,46,Normal
2026-02-10 15:52:13.268924,Toronto-8edb,-22,97,Normal
2026-02-10 15:52:14.268924,Toronto-8edb,46,32,Normal
2026-02-10 15:52:15.268924,Toronto-8edb,48,9,Normal
2026-02-10 15:52:16.268924,Toronto-8edb,24,6,Normal
2026-02-10 15:52:17.268924,Toronto-8edb,30,75,Normal
2026-02-10 15:52:18.268924,Toronto-8edb,-29,28,Normal
2026-02-10 15:52:19.268924,Toronto-8edb,18,35,Normal
2026-02-10 15:52:20.268924,Toronto-8edb,17,25,Normal
2026-02-10 15:52:21.268924,Toronto-8edb,47,1,Normal
2026-02-10 15:52:22.268924,Toronto-8edb,28,96,Normal
2026-02-10 15:52:23.268924,Toronto-8edb,46,36,Normal
2026-02-10 15:52:24.268924,Toronto-8edb,-11,65,Normal
2026-02-10 15:52:25.268924,Toronto-8edb,-6,93,Normal
2026-02-10 15:52:26.268924,Toronto-8edb,-19,43,Normal
2026-02-10 15:52:27.268924,Toronto-8edb,-4,21,Normal
2026-02-10 15:52:28.268924,Toronto-8edb,41,81,Normal
2026-02-10 15:52:29.268924,Toronto-8edb,35,92,Normal
2026-02-10 15:52:30.268924,Toronto-8edb,4,12,Normal
2026-02-10 15:52:31.268924,Toronto-8edb,-29,3,Normal
2026-02-10 15:52:32.268924,Toronto-8edb,43,79,Normal
2026-02-10 15:52:33.268924,Toronto-8edb,-10,74,Normal
2026-02-10 15:52:34.268924,Toronto-8edb,-25,43,Normal
2026-02-10 15:52:35.268924,Toronto-8edb,8,29,Normal
2026-02-10 15:52:36.268924,Toronto-8edb,-11,34,Normal
2026-02-10 15:52:37.268924,Toronto-8edb,42,30,Normal
2026-02-10 15:52:38.268924,Toronto-8edb,24,29,Normal
2026-02-10 15:52:39.268924,Toronto-8edb,11,48,Normal
2026-02-10 15:52:40.268924,Toronto-8edb,50,16,Normal
2026-02-10 15:52:41.268924,Toronto-8edb,4,73,Normal
2026-02-10 15:52:42.268924,Toronto-8edb,22,79,Normal
2026-02-10 15:52:43.268924,Toronto-8edb,-23,41,Normal
2026-02-10 15:52:44.268924,Toronto-8edb,-12,79,Normal
2026-02-10 15:52:45.268924,Toronto-8edb,18,68,Normal
2026-02-10 15:52:46.268924,Toronto-8edb,-4,12,Normal
2026-02-10 15:52:47.268924,Toronto-8edb,9,11,Normal
2026-02-10 15:52:48.268924,Toronto-8edb,-24,48,Normal
2026-02-10 15:52:49.268924,Toronto-8edb,-20,31,Normal
2026-02-10 15:52:50.268924,Toronto-8edb,-21,7,Normal
2026-02-10 15:52:51.268924,Toronto-8edb,23,24,Normal
2026-02-10 15:52:52.268924,Toronto-8edb,30,39,Normal
2026-02-10 15:52:53.268924,Toronto-8edb,-4,75,Normal
2026-02-10 15:52:54.268924,Toronto-8edb,-20,54,Normal
2026-02-10 15:52:55.268924,Toronto-8edb,13,12,Normal
2026-02-10 15:52:56.268924,Toronto-8edb,20,54,Normal
2026-02-10 15:52:57.268924,Toronto-8edb,-25,88,Normal
2026-02-10 15:52:58.268924,Toronto-8edb,38,87,Normal
2026-02-10 15:52:59.268924,Toronto-8edb,0,78,Normal
2026-02-10 15:53:00.268924,Toronto-8edb,1,71,Normal
2026-02-10 15:53:01.268924,Toronto-8edb,7,55,Normal
2026-02-10 15:53:02.268924,Toronto-8edb,11,63,Normal
2026-02-10 15:53:03.268924,Toronto-8edb,12,10,Normal
2026-02-10 15:53:04.268924,Toronto-8edb,3,23,Normal
2026-02-10 15:53:05.268924,Toronto-8edb,27,20,Normal
2026-02-10 15:53:06.268924,Toronto-8edb,-14,60,Normal
2026-02-10 15:53:07.268924,Toronto-8edb,11,42,Normal
2026-02-10 15:53:08.268924,Toronto-8edb,7,70,Normal
2026-02-10 15:53:09.268924,Toronto-8edb,38,36,Normal
2026-02-10 15:53:10.268924,Toronto-8edb,30,56,Normal
2026-02-10 15:53:11.268924,Toronto-8edb,35,82,Normal
2026-02-10 15:53:12.268924,Toronto-8edb,18,86,Normal
2026-02-10 15:53:13.268924,Toronto-8edb,29,25,Normal
2026-02-10 15:53:14.268924,Toronto-8edb,-12,69,Normal
2026-02-10 15:53:15.268924,Toronto-8edb,-25,17,Normal
2026-02-10 15:53:16.268924,Toronto-8edb,17,2,Normal
2026-02-10 15:53:17.268924,Toronto-8edb,6,44,Normal
2026-02-10 15:53:18.268924,Toronto-8edb,-13,22,Normal
2026-02-10 15:53:19.268924,Toronto-8edb,43,4,Normal
2026-02-10 15:53:20.268924,Toronto-8edb,36,55,Normal
2026-02-10 15:53:21.268924,Toronto-8edb,32,98,Normal
2026-02-10 15:53:22.268924,Toronto-8edb,-6,9,Normal
2026-02-10 15:53:23.268924,Toronto-8edb,-1,83,Normal
2026-02-10 15:53:24.268924,Toronto-8edb,22,36,Normal
2026-02-10 15:53:25.268924,Toronto-8edb,43,36,Normal
2026-02-10 15:53:26.268924,Toronto-8edb,31,82,Normal
2026-02-10 15:53:27.268924,Toronto-8edb,33,47,Normal
2026-02-10 15:53:28.268924,Toronto-8edb,-20,30,Normal
2026-02-10 15:53:29.268924,Toronto-8edb,10,22,Normal
2026-02-10 15:53:30.268924,Toronto-8edb,41,61,Normal
2026-02-10 15:53:31.268924,Toronto-8edb,9,71,Normal
2026-02-10 15:53:32.268924,Toronto-8edb,38,39,Normal
2026-02-10 15:53:33.268924,Toronto-8edb,-29,81,Normal
2026-02-10 15:53:34.268924,Toronto-8edb,-8,0,Normal
2026-02-10 15:53:35.268924,Toronto-8edb,37,58,Normal
2026-02-10 15:53:36.268924,Toronto-8edb,-4,4,Normal
2026-02-10 15:53:37.268924,Toronto-8edb,-30,53,Normal
2026-02-10 15:53:38.268924,Toronto-8edb,1,86,Normal
2026-02-10 15:53:39.268924,Toronto-8edb,-12,62,Normal
2026-02-10 15:53:40.268924,Toronto-8edb,24,35,Normal
2026-02-10 15:53:41.268924,Toronto-8edb,32,98,Normal
2026-02-10 15:53:42.268924,Toronto-8edb,-11,2,Normal
2026-02-10 15:53:43.268924,Toronto-8edb,34,100,Normal
2026-02-10 15:53:44.268924,Toronto-8edb,20,99,Normal
2026-02-10 15:53:45.268924,Toronto-8edb,32,41,Normal
2026-02-10 15:53:46.268924,Toronto-8edb,-7,21,Normal
2026-02-10 15:53:47.268924,Toronto-8edb,25,82,Normal
2026-02-10 15:53:48.268924,Toronto-8edb,-15,15,Normal
2026-02-10 15:53:49.268924,Toronto-8edb,-4,61,Normal
2026-02-10 15:53:50.268924,Toronto-8edb,4,8,Normal
2026-02-10 15:53:51.268924,Toronto-8edb,34,72,Normal
2026-02-10 15:53:52.268924,Toronto-8edb,10,92,Normal
2026-02-10 15:53:53.268924,Toronto-8edb,20,82,Normal
2026-02-10 15:53:54.268924,Toronto-8edb,38,0,Normal
2026-02-10 15:53:55.268924,Toronto-8edb,-17,15,Normal
2026-02-10 15:53:56.268924,Toronto-8edb,1,95,Normal
2026-02-10 15:53:57.268924,Toronto-8edb,-10,6,Normal
2026-02-10 15:53:58.268924,Toronto-8edb,-23,88,Normal
2026-02-10 15:53:59.268924,Toronto-8edb,7,46,Normal
2026-02-10 15:54:00.268924,Toronto-8edb,9,45,Normal
2026-02-10 15:54:01.268924,Toronto-8edb,48,89,Normal
2026-02-10 15:54:02.268924,Toronto-8edb,27,4,Normal
2026-02-10 15:54:03.268924,Toronto-8edb,33,47,Normal
2026-02-10 15:54:04.268924,Toronto-8edb,-29,44,Normal
2026-02-10 15:54:05.268924,Toronto-8edb,-25,86,Normal
2026-02-10 15:54:06.268924,Toronto-8edb,44,92,Normal
2026-02-10 15:54:07.268924,Toronto-8edb,15,35,Normal
2026-02-10 15:54:08.268924,Toronto-8edb,-9,29,Normal
2026-02-10 15:54:09.268924,Toronto-8edb,-15,41,Normal
2026-02-10 15:54:10.268924,Toronto-8edb,-11,70,Normal
2026-02-10 15:54:11.268924,Toronto-8edb,17,56,Normal
2026-02-10 15:54:12.268924,Toronto-8edb,-3,73,Normal
2026-02-10 15:54:13.268924,Toronto-8edb,25,92,Normal
2026-02-10 15:54:14.268924,Toronto-8edb,18,94,Normal
2026-02-10 15:54:15.268924,Toronto-8edb,4,65,Normal
2026-02-10 15:54:16.268924,Toronto-8edb,-24,55,Normal
2026-02-10 15:54:17.268924,Toronto-8edb,49,32,Normal
2026-02-10 15:54:18.268924,Toronto-8edb,46,29,Normal
2026-02-10 15:54:19.268924,Toronto-8edb,31,95,Normal
2026-02-10 15:54:20.268924,Toronto-8edb,-3,39,Normal
2026-02-10 15:54:21.268924,Toronto-8edb,34,61,Normal
2026-02-10 15:54:22.268924,Toronto-8edb,18,43,Normal
2026-02-10 15:54:23.268924,Toronto-8edb,-17,82,Normal
2026-02-10 15:54:24.268924,Toronto-8edb,1,27,Normal
2026-02-10 15:54:25.268924,Toronto-8edb,-4,33,Normal
2026-02-10 15:54:26.268924,Toronto-8edb,39,59,Normal
2026-02-10 15:54:27.268924,Toronto-8edb,34,25,Normal
2026-02-10 15:54:28.268924,Toronto-8edb,-11,44,Normal
2026-02-10 15:54:29.268924,Toronto-8edb,35,90,Normal
2026-02-10 15:54:30.268924,Toronto-8edb,18,3,Normal
2026-02-10 15:54:31.268924,Toronto-8edb,23,47,Normal
2026-02-10 15:54:32.268924,Toronto-8edb,47,8,Normal
2026-02-10 15:54:33.268924,Toronto-8edb,6,18,Normal
2026-02-10 15:54:34.268924,Toronto-8edb,17,17,Normal
2026-02-10 15:54:35.268924,Toronto-8edb,43,25,Normal
2026-02-10 15:54:36.268924,Toronto-8edb,43,97,Normal
2026-02-10 15:54:37.268924,Toronto-8edb,24,84,Normal
2026-02-10 15:54:38.268924,Toronto-8edb,43,20,Normal
2026-02-10 15:54:39.268924,Toronto-8edb,-7,76,Normal
2026-02-10 15:54:40.268924,Toronto-8edb,46,68,Normal
2026-02-10 15:54:41.268924,Toronto-8edb,-23,12,Normal
2026-02-10 15:54:42.268924,Toronto-8edb,-25,86,Normal
2026-02-10 15:54:43.268924,Toronto-8edb,0,61,Normal
2026-02-10 15:54:44.268924,Toronto-8edb,33,70,Normal
2026-02-10 15:54:45.268924,Toronto-8edb,6,53,Normal
2026-02-10 15:54:46.268924,Toronto-8edb,30,59,Normal
2026-02-10 15:54:47.268924,Toronto-8edb,-14,34,Normal
2026-02-10 15:54:48.268924,Toronto-8edb,37,8,Normal
2026-02-10 15:54:49.268924,Toronto-8edb,11,6,Normal
2026-02-10 15:54:50.268924,Toronto-8edb,41,4,Normal
2026-02-10 15:54:51.268924,Toronto-8edb,9,76,Normal
2026-02-10 15:54:52.268924,Toronto-8edb,-22,90,Normal
2026-02-10 15:54:53.268924,Toronto-8edb,-5,69,Normal
2026-02-10 15:54:54.268924,Toronto-8edb,45,83,Normal
2026-02-10 15:54:55.268924,Toronto-8edb,40,96,Normal
2026-02-10 15:54:56.268924,Toronto-8edb,4,77,Normal
2026-02-10 15:54:57.268924,Toronto-8edb,20,47,Normal
2026-02-10 15:54:58.268924,Toronto-8edb,20,40,Normal
2026-02-10 15:54:59.268924,Toronto-8edb,37,99,Normal
2026-02-10 15:55:00.268924,Toronto-8edb,17,9,Normal
2026-02-10 15:55:01.268924,Toronto-8edb,19,74,Normal
2026-02-10 15:55:02.268924,Toronto-8edb,8,69,Normal
2026-02-10 15:55:03.268924,Toronto-8edb,-13,56,Normal
2026-02-10 15:55:04.268924,Toronto-8edb,29,20,Normal
2026-02-10 15:55:05.268924,Toronto-8edb,40,42,Normal
2026-02-10 15:55:06.268924,Toronto-8edb,-24,48,Normal
2026-02-10 15:55:07.268924,Toronto-8edb,9,25,Normal
2026-02-10 15:55:08.268924,Toronto-8edb,12,97,Normal
2026-02-10 15:55:09.268924,Toronto-8edb,-11,2,Normal
2026-02-10 15:55:10.268924,Toronto-8edb,28,33,Normal
2026-02-10 15:55:11.268924,Toronto-8edb,-3,92,Normal
2026-02-10 15:55:12.268924,Toronto-8edb,11,93,Normal
2026-02-10 15:55:13.268924,Toronto-8edb,-25,42,Normal
2026-02-10 15:55:14.268924,Toronto-8edb,5,37,Normal
2026-02-10 15:55:15.268924,Toronto-8edb,16,36,Normal
2026-02-10 15:55:16.268924,Toronto-8edb,-12,3,Normal
2026-02-10 15:55:17.268924,Toronto-8edb,-9,60,Normal
2026-02-10 15:55:18.268924,Toronto-8edb,-22,50,Normal
2026-02-10 15:55:19.268924,Toronto-8edb,16,67,Normal
2026-02-10 15:55:20.268924,Toronto-8edb,14,58,Normal
2026-02-10 15:55:21.268924,Toronto-8edb,12,44,Normal
2026-02-10 15:55:22.268924,Toronto-8edb,44,70,Normal
2026-02-10 15:55:23.268924,Toronto-8edb,41,91,Normal
2026-02-10 15:55:24.268924,Toronto-8edb,-20,95,Normal
2026-02-10 15:55:25.268924,Toronto-8edb,-20,7,Normal
2026-02-10 15:55:26.268924,Toronto-8edb,44,57,Normal
2026-02-10 15:55:27.268924,Toronto-8edb,-19,47,Normal
2026-02-10 15:55:28.268924,Toronto-8edb,45,30,Normal
2026-02-10 15:55:29.268924,Toronto-8edb,47,9,Normal
2026-02-10 15:55:30.268924,Toronto-8edb,37,27,Normal
2026-02-10 15:55:31.268924,Toronto-8edb,-4,12,Normal
2026-02-10 15:55:32.268924,Toronto-8edb,-4,26,Normal
2026-02-10 15:55:33.268924,Toronto-8edb,47,62,Normal
2026-02-10 15:55:34.268924,Toronto-8edb,-8,33,Normal
2026-02-10 15:55:35.268924,Toronto-8edb,6,18,Normal
2026-02-10 15:55:36.268924,Toronto-8edb,-14,58,Normal
2026-02-10 15:55:37.268924,Toronto-8edb,-6,19,Normal
2026-02-10 15:55:38.268924,Toronto-8edb,45,64,Normal
2026-02-10 15:55:39.268924,Toronto-8edb,30,100,Normal
2026-02-10 15:55:40.268924,Toronto-8edb,-13,69,Normal
2026-02-10 15:55:41.268924,Toronto-8edb,18,18,Normal
2026-02-10 15:55:42.268924,Toronto-8edb,2,60,Normal
2026-02-10 15:55:43.268924,Toronto-8edb,26,2,Normal
2026-02-10 15:55:44.268924,Toronto-8edb,29,7,Normal
2026-02-10 15:55:45.268924,Toronto-8edb,-24,24,Normal
2026-02-10 15:55:46.268924,Toronto-8edb,21,9,Normal
2026-02-10 15:55:47.268924,Toronto-8edb,49,37,Normal
2026-02-10 15:55:48.268924,Toronto-8edb,14,63,Normal
2026-02-10 15:55:49.268924,Toronto-8edb,41,80,Normal
2026-02-10 15:55:50.268924,Toronto-8edb,-8,14,Normal
2026-02-10 15:55:51.268924,Toronto-8edb,2,21,Normal
2026-02-10 15:55:52.268924,Toronto-8edb,9,84,Normal
2026-02-10 15:55:53.268924,Toronto-8edb,6,9,Normal
2026-02-10 15:55:54.268924,Toronto-8edb,18,99,Normal
2026-02-10 15:55:55.268924,Toronto-8edb,-10,25,Normal
2026-02-10 15:55:56.268924,Toronto-8edb,-15,63,Normal
2026-02-10 15:55:57.268924,Toronto-8edb,22,89,Normal
2026-02-10 15:55:58.268924,Toronto-8edb,2,95,Normal
2026-02-10 15:55:59.268924,Toronto-8edb,25,29,Normal
2026-02-10 15:56:00.268924,Toronto-8edb,3,59,Normal
2026-02-10 15:56:01.268924,Toronto-8edb,48,63,Normal
2026-02-10 15:56:02.268924,Toronto-8edb,-23,61,Normal
2026-02-10 15:56:03.268924,Toronto-8edb,4,83,Normal
2026-02-10 15:56:04.268924,Toronto-8edb,28,23,Normal
2026-02-10 15:56:05.268924,Toronto-8edb,21,58,Normal
2026-02-10 15:56:06.268924,Toronto-8edb,-11,66,Normal
2026-02-10 15:56:07.268924,Toronto-8edb,27,78,Normal
2026-02-10 15:56:08.268924,Toronto-8edb,27,96,Normal
2026-02-10 15:56:09.268924,Toronto-8edb,38,76,Normal
2026-02-10 15:56:10.268924,Toronto-8edb,34,96,Normal
2026-02-10 15:56:11.268924,Toronto-8edb,-26,0,Normal
2026-02-10 15:56:12.268924,Toronto-8edb,21,2,Normal
2026-02-10 15:56:13.268924,Toronto-8edb,-17,64,Normal
2026-02-10 15:56:14.268924,Toronto-8edb,-28,98,Normal
2026-02-10 15:56:15.268924,Toronto-8edb,36,54,Normal
2026-02-10 15:56:16.268924,Toronto-8edb,-24,86,Normal
2026-02-10 15:56:17.268924,Toronto-8edb,26,68,Normal
2026-02-10 15:56:18.268924,Toronto-8edb,23,6,Normal
2026-02-10 15:56:19.268924,Toronto-8edb,-16,9,Normal
2026-02-10 15:56:20.268924,Toronto-8edb,-20,56,Normal
2026-02-10 15:56:21.268924,Toronto-8edb,-18,76,Normal
2026-02-10 15:56:22.268924,Toronto-8edb,39,17,Normal
2026-02-10 15:56:23.268924,Toronto-8edb,-19,90,Normal
2026-02-10 15:56:24.268924,Toronto-8edb,7,100,Normal
2026-02-10 15:56:25.268924,Toronto-8edb,37,94,Normal
2026-02-10 15:56:26.268924,Toronto-8edb,1,86,Normal
2026-02-10 15:56:27.268924,Toronto-8edb,-3,54,Normal
2026-02-10 15:56:28.268924,Toronto-8edb,-16,23,Normal
2026-02-10 15:56:29.268924,Toronto-8edb,-24,47,Normal
2026-02-10 15:56:30.268924,Toronto-8edb,22,68,Normal
2026-02-10 15:56:31.268924,Toronto-8edb,-1,0,Normal
2026-02-10 15:56:32.268924,Toronto-8edb,-4,27,Normal
2026-02-10 15:56:33.268924,Toronto-8edb,-22,71,Normal
2026-02-10 15:56:34.268924,Toronto-8edb,-7,8,Normal
2026-02-10 15:56:35.268924,Toronto-8edb,-2,0,Normal
2026-02-10 15:56:36.268924,Toronto-8edb,-27,20,Normal
2026-02-10 15:56:37.268924,Toronto-8edb,41,51,Normal
2026-02-10 15:56:38.268924,Toronto-8edb,-7,19,Normal
2026-02-10 15:56:39.268924,Toronto-8edb,-16,0,Normal
2026-02-10 15:56:40.268924,Toronto-8edb,25,11,Normal
2026-02-10 15:56:41.268924,Toronto-8edb,-8,9,Normal
2026-02-10 15:56:42.268924,Toronto-8edb,-5,3,Normal
2026-02-10 15:56:43.268924,Toronto-8edb,2,38,Normal
2026-02-10 15:56:44.268924,Toronto-8edb,31,78,Normal
2026-02-10 15:56:45.268924,Toronto-8edb,1,23,Normal
2026-02-10 15:56:46.268924,Toronto-8edb,-9,81,Normal
2026-02-10 15:56:47.268924,Toronto-8edb,-25,95,Normal
2026-02-10 15:56:48.268924,Toronto-8edb,-28,74,Normal
2026-02-10 15:56:49.268924,Toronto-8edb,27,85,Normal
2026-02-10 15:56:50.268924,Toronto-8edb,-9,83,Normal
2026-02-10 15:56:51.268924,Toronto-8edb,-10,11,Normal
2026-02-10 15:56:52.268924,Toronto-8edb,-17,8,Normal
2026-02-10 15:56:53.268924,Toronto-8edb,42,27,Normal
2026-02-10 15:56:54.268924,Toronto-8edb,-10,81,Normal
2026-02-10 15:56:55.268924,Toronto-8edb,-10,81,Normal
2026-02-10 15:56:56.268924,Toronto-8edb,32,68,Normal
2026-02-10 15:56:57.268924,Toronto-8edb,8,62,Normal
2026-02-10 15:56:58.268924,Toronto-8edb,23,85,Normal
2026-02-10 15:56:59.268924,Toronto-8edb,44,67,Normal
2026-02-10 15:57:00.268924,Toronto-8edb,34,8,Normal
2026-02-10 15:57:01.268924,Toronto-8edb,-15,90,Normal
2026-02-10 15:57:02.268924,Toronto-8edb,39,77,Normal
2026-02-10 15:57:03.268924,Toronto-8edb,13,0,Normal
2026-02-10 15:57:04.268924,Toronto-8edb,-16,89,Normal
2026-02-10 15:57:05.268924,Toronto-8edb,-17,82,Normal
2026-02-10 15:57:06.268924,Toronto-8edb,48,91,Normal
2026-02-10 15:57:07.268924,Toronto-8edb,-21,23,Normal
2026-02-10 15:57:08.268924,Toronto-8edb,13,45,Normal
2026-02-10 15:57:09.268924,Toronto-8edb,27,67,Normal
2026-02-10 15:57:10.268924,Toronto-8edb,-8,29,Normal
2026-02-10 15:57:11.268924,Toronto-8edb,-18,53,Normal
2026-02-10 15:57:12.268924,Toronto-8edb,-8,34,Normal
2026-02-10 15:57:13.268924,Toronto-8edb,-23,31,Normal
2026-02-10 15:57:14.268924,Toronto-8edb,37,94,Normal
2026-02-10 15:57:15.268924,Toronto-8edb,-13,70,Normal
2026-02-10 15:57:16.268924,Toronto-8edb,30,24,Normal
2026-02-10 15:57:17.268924,Toronto-8edb,45,2,Normal
2026-02-10 15:57:18.268924,Toronto-8edb,13,38,Normal
2026-02-10 15:57:19.268924,Toronto-8edb,46,51,Normal
2026-02-10 15:57:20.268924,Toronto-8edb,30,78,Normal
2026-02-10 15:57:21.268924,Toronto-8edb,-4,33,Normal
2026-02-10 15:57:22.268924,Toronto-8edb,28,77,Normal
2026-02-10 15:57:23.268924,Toronto-8edb,-23,13,Normal
2026-02-10 15:57:24.268924,Toronto-8edb,6,83,Normal
2026-02-10 15:57:25.268924,Toronto-8edb,29,49,Normal
2026-02-10 15:57:26.268924,Toronto-8edb,-24,15,Normal
2026-02-10 15:57:27.268924,Toronto-8edb,49,5,Normal
2026-02-10 15:57:28.268924,Toronto-8edb,33,33,Normal
2026-02-10 15:57:29.268924,Toronto-8edb,45,82,Normal
2026-02-10 15:57:30.268924,Toronto-8edb,32,51,Normal
2026-02-10 15:57:31.268924,Toronto-8edb,3,8,Normal
2026-02-10 15:57:32.268924,Toronto-8edb,45,90,Normal
2026-02-10 15:57:33.268924,Toronto-8edb,35,60,Normal
2026-02-10 15:57:34.268924,Toronto-8edb,10,61,Normal
2026-02-10 15:57:35.268924,Toronto-8edb,-4,20,Normal
2026-02-10 15:57:36.268924,Toronto-8edb,7,100,Normal
2026-02-10 15:57:37.268924,Toronto-8edb,31,56,Normal
2026-02-10 15:57:38.268924,Toronto-8edb,32,82,Normal
2026-02-10 15:57:39.268924,Toronto-8edb,44,5,Normal
2026-02-10 15:57:40.268924,Toronto-8edb,-5,95,Normal
2026-02-10 15:57:41.268924,Toronto-8edb,28,27,Normal
2026-02-10 15:57:42.268924,Toronto-8edb,37,24,Normal
2026-02-10 15:57:43.268924,Toronto-8edb,-29,87,Normal
2026-02-10 15:57:44.268924,Toronto-8edb,17,73,Normal
2026-02-10 15:57:45.268924,Toronto-8edb,-4,27,Normal
2026-02-10 15:57:46.268924,Toronto-8edb,18,48,Normal
2026-02-10 15:57:47.268924,Toronto-8edb,35,4,Normal
2026-02-10 15:57:48.268924,Toronto-8edb,-12,58,Normal
2026-02-10 15:57:49.268924,Toronto-8edb,17,45,Normal
2026-02-10 15:57:50.268924,Toronto-8edb,28,3,Normal
2026-02-10 15:57:51.268924,Toronto-8edb,21,68,Normal
2026-02-10 15:57:52.268924,Toronto-8edb,-7,96,Normal
2026-02-10 15:57:53.268924,Toronto-8edb,12,50,Normal
2026-02-10 15:57:54.268924,Toronto-8edb,46,55,Normal
2026-02-10 15:57:55.268924,Toronto-8edb,3,51,Normal
2026-02-10 15:57:56.268924,Toronto-8edb,-16,36,Normal
2026-02-10 15:57:57.268924,Toronto-8edb,33,97,Normal
2026-02-10 15:57:58.268924,Toronto-8edb,46,26,Normal
2026-02-10 15:57:59.268924,Toronto-8edb,-28,15,Normal
2026-02-10 15:58:00.268924,Toronto-8edb,-15,79,Normal
2026-02-10 15:58:01.268924,Toronto-8edb,0,11,Normal
2026-02-10 15:58:02.268924,Toronto-8edb,14,93,Normal
2026-02-10 15:58:03.268924,Toronto-8edb,26,15,Normal
2026-02-10 15:58:04.268924,Toronto-8edb,27,49,Normal
2026-02-10 15:58:05.268924,Toronto-8edb,-1,20,Normal
2026-02-10 15:58:06.268924,Toronto-8edb,-1,10,Normal
2026-02-10 15:58:07.268924,Toronto-8edb,1,89,Normal
2026-02-10 15:58:08.268924,Toronto-8edb,-22,68,Normal
2026-02-10 15:58:09.268924,Toronto-8edb,28,87,Normal
2026-02-10 15:58:10.268924,Toronto-8edb,-12,63,Normal
2026-02-10 15:58:11.268924,Toronto-8edb,32,71,Normal
2026-02-10 15:58:12.268924,Toronto-8edb,21,44,Normal
2026-02-10 15:58:13.268924,Toronto-8edb,1,78,Normal
2026-02-10 15:58:14.268924,Toronto-8edb,11,8,Normal
2026-02-10 15:58:15.268924,Toronto-8edb,-23,95,Normal
2026-02-10 15:58:16.268924,Toronto-8edb,22,32,Normal
2026-02-10 15:58:17.268924,Toronto-8edb,-6,95,Normal
2026-02-10 15:58:18.268924,Toronto-8edb,3,79,Normal
2026-02-10 15:58:19.268924,Toronto-8edb,48,97,Normal
2026-02-10 15:58:20.268924,Toronto-8edb,18,43,Normal
2026-02-10 15:58:21.268924,Toronto-8edb,40,96,Normal
2026-02-10 15:58:22.268924,Toronto-8edb,12,47,Normal
2026-02-10 15:58:23.268924,Toronto-8edb,22,27,Normal
2026-02-10 15:58:24.268924,Toronto-8edb,-10,62,Normal
2026-02-10 15:58:25.268924,Toronto-8edb,31,19,Normal
2026-02-10 15:58:26.268924,Toronto-8edb,43,91,Normal
2026-02-10 15:58:27.268924,Toronto-8edb,-14,59,Normal
2026-02-10 15:58:28.268924,Toronto-8edb,17,42,Normal
2026-02-10 15:58:29.268924,Toronto-8edb,-3,29,Normal
2026-02-10 15:58:30.268924,Toronto-8edb,-5,46,Normal
2026-02-10 15:58:31.268924,Toronto-8edb,-8,75,Normal
2026-02-10 15:58:32.268924,Toronto-8edb,-1,52,Normal
2026-02-10 15:58:33.268924,Toronto-8edb,-6,48,Normal
2026-02-10 15:58:34.268924,Toronto-8edb,40,15,Normal
2026-02-10 15:58:35.268924,Toronto-8edb,34,1,Normal
2026-02-10 15:58:36.268924,Toronto-8edb,22,68,Normal
2026-02-10 15:58:37.268924,Toronto-8edb,-3,92,Normal
2026-02-10 15:58:38.268924,Toronto-8edb,48,100,Normal
2026-02-10 15:58:39.268924,Toronto-8edb,-13,58,Normal
2026-02-10 15:58:40.268924,Toronto-8edb,48,87,Normal
2026-02-10 15:58:41.268924,Toronto-8edb,41,16,Normal
2026-02-10 15:58:42.268924,Toronto-8edb,13,46,Normal
2026-02-10 15:58:43.268924,Toronto-8edb,2,91,Normal
2026-02-10 15:58:44.268924,Toronto-8edb,27,12,Normal
2026-02-10 15:58:45.268924,Toronto-8edb,31,74,Normal
2026-02-10 15:58:46.268924,Toronto-8edb,9,81,Normal
2026-02-10 15:58:47.268924,Toronto-8edb,-13,53,Normal
2026-02-10 15:58:48.268924,Toronto-8edb,17,54,Normal
2026-02-10 15:58:49.268924,Toronto-8edb,41,65,Normal
2026-02-10 15:58:50.268924,Toronto-8edb,29,62,Normal
2026-02-10 15:58:51.268924,Toronto-8edb,49,77,Normal
2026-02-10 15:58:52.268924,Toronto-8edb,45,78,Normal
2026-02-10 15:58:53.268924,Toronto-8edb,41,28,Normal
2026-02-10 15:58:54.268924,Toronto-8edb,-5,100,Normal
2026-02-10 15:58:55.268924,Toronto-8edb,34,16,Normal
2026-02-10 15:58:56.268924,Toronto-8edb,-12,8,Normal
2026-02-10 15:58:57.268924,Toronto-8edb,25,92,Normal
2026-02-10 15:58:58.268924,Toronto-8edb,22,43,Normal
2026-02-10 15:58:59.268924,Toronto-8edb,34,42,Normal
2026-02-10 15:59:00.268924,Toronto-8edb,-8,94,Normal
2026-02-10 15:59:01.268924,Toronto-8edb,6,86,Normal
2026-02-10 15:59:02.268924,Toronto-8edb,45,13,Normal
2026-02-10 15:59:03.268924,Toronto-8edb,28,27,Normal
2026-02-10 15:59:04.268924,Toronto-8edb,-11,76,Normal
2026-02-10 15:59:05.268924,Toronto-8edb,-9,5,Normal
2026-02-10 15:59:06.268924,Toronto-8edb,21,51,Normal
2026-02-10 15:59:07.268924,Toronto-8edb,43,29,Normal
2026-02-10 15:59:08.268924,Toronto-8edb,-22,85,Normal
2026-02-10 15:59:09.268924,Toronto-8edb,-17,9,Normal
2026-02-10 15:59:10.268924,Toronto-8edb,45,3,Normal
2026-02-10 15:59:11.268924,Toronto-8edb,36,27,Normal
2026-02-10 15:59:12.268924,Toronto-8edb,47,36,Normal
2026-02-10 15:59:13.268924,Toronto-8edb,10,0,Normal
2026-02-10 15:59:14.268924,Toronto-8edb,11,27,Normal
2026-02-10 15:59:15.268924,Toronto-8edb,-18,77,Normal
2026-02-10 15:59:16.268924,Toronto-8edb,-24,34,Normal
2026-02-10 15:59:17.268924,Toronto-8edb,14,2,Normal
2026-02-10 15:59:18.268924,Toronto-8edb,30,20,Normal
2026-02-10 15:59:19.268924,Toronto-8edb,14,44,Normal
2026-02-10 15:59:20.268924,Toronto-8edb,19,65,Normal
2026-02-10 15:59:21.268924,Toronto-8edb,-27,57,Normal
2026-02-10 15:59:22.268924,Toronto-8edb,-20,68,Normal
2026-02-10 15:59:23.268924,Toronto-8edb,-16,11,Normal
2026-02-10 15:59:24.268924,Toronto-8edb,23,92,Normal
2026-02-10 15:59:25.268924,Toronto-8edb,46,14,Normal
2026-02-10 15:59:26.268924,Toronto-8edb,-22,59,Normal
2026-02-10 15:59:27.268924,Toronto-8edb,-16,32,Normal
2026-02-10 15:59:28.268924,Toronto-8edb,37,56,Normal
2026-02-10 15:59:29.268924,Toronto-8edb,-28,31,Normal
2026-02-10 15:59:30.268924,Toronto-8edb,19,49,Normal
2026-02-10 15:59:31.268924,Toronto-8edb,-10,2,Normal
2026-02-10 15:59:32.268924,Toronto-8edb,43,56,Normal
2026-02-10 15:59:33.268924,Toronto-8edb,-16,76,Normal
2026-02-10 15:59:34.268924,Toronto-8edb,-30,64,Normal
2026-02-10 15:59:35.268924,Toronto-8edb,20,69,Normal
2026-02-10 15:59:36.268924,Toronto-8edb,-24,94,Normal
2026-02-10 15:59:37.268924,Toronto-8edb,-2,70,Normal
2026-02-10 15:59:38.268924,Toronto-8edb,22,6,Normal
2026-02-10 15:59:39.268924,Toronto-8edb,-4,85,Normal
2026-02-10 15:59:40.268924,Toronto-8edb,38,48,Normal
2026-02-10 15:59:41.268924,Toronto-8edb,30,44,Normal
2026-02-10 15:59:42.268924,Toronto-8edb,3,33,Normal
2026-02-10 15:59:43.268924,Toronto-8edb,34,83,Normal
2026-02-10 15:59:44.268924,Toronto-8edb,-16,88,Normal
2026-02-10 15:59:45.268924,Toronto-8edb,46,56,Normal
2026-02-10 15:59:46.268924,Toronto-8edb,37,39,Normal
2026-02-10 15:59:47.268924,Toronto-8edb,-14,62,Normal
2026-02-10 15:59:48.268924,Toronto-8edb,32,67,Normal
2026-02-10 15:59:49.268924,Toronto-8edb,-20,41,Normal
2026-02-10 15:59:50.268924,Toronto-8edb,38,86,Normal
2026-02-10 15:59:51.268924,Toronto-8edb,-9,49,Normal
2026-02-10 15:59:52.268924,Toronto-8edb,-24,9,Normal
2026-02-10 15:59:53.268924,Toronto-8edb,12,7,Normal
2026-02-10 15:59:54.268924,Toronto-8edb,20,35,Normal
2026-02-10 15:59:55.268924,Toronto-8edb,49,3,Normal
2026-02-10 15:59:56.268924,Toronto-8edb,-16,76,Normal
2026-02-10 15:59:57.268924,Toronto-8edb,9,54,Normal
2026-02-10 15:59:58.268924,Toronto-8edb,-15,44,Normal
2026-02-10 15:59:59.268924,Toronto-8edb,12,28,Normal
2026-02-10 16:00:00.268924,Toronto-8edb,-20,85,Normal
2026-02-10 16:00:01.268924,Toronto-8edb,5,49,Normal
2026-02-10 16:00:02.268924,Toronto-8edb,-3,37,Normal
2026-02-10 16:00:03.268924,Toronto-8edb,19,61,Normal
2026-02-10 16:00:04.268924,Toronto-8edb,33,65,Normal
2026-02-10 16:00:05.268924,Toronto-8edb,34,51,Normal
2026-02-10 16:00:06.268924,Toronto-8edb,4,15,Normal
2026-02-10 16:00:07.268924,Toronto-8edb,25,79,Normal
2026-02-10 16:00:08.268924,Toronto-8edb,-3,14,Normal
2026-02-10 16:00:09.268924,Toronto-8edb,-10,9,Normal
2026-02-10 16:00:10.268924,Toronto-8edb,-17,21,Normal
2026-02-10 16:00:11.268924,Toronto-8edb,9,80,Normal
2026-02-10 16:00:12.268924,Toronto-8edb,7,32,Normal
2026-02-10 16:00:13.268924,Toronto-8edb,8,51,Normal
2026-02-10 16:00:14.268924,Toronto-8edb,20,45,Normal
2026-02-10 16:00:15.268924,Toronto-8edb,-2,23,Normal
2026-02-10 16:00:16.268924,Toronto-8edb,-1,77,Normal
2026-02-10 16:00:17.268924,Toronto-8edb,-8,59,Normal
2026-02-10 16:00:18.268924,Toronto-8edb,-19,65,Normal
2026-02-10 16:00:19.268924,Toronto-8edb,-24,6,Normal
2026-02-10 16:00:20.268924,Toronto-8edb,50,55,Normal
2026-02-10 16:00:21.268924,Toronto-8edb,-21,72,Normal
2026-02-10 16:00:22.268924,Toronto-8edb,15,89,Normal
2026-02-10 16:00:23.268924,Toronto-8edb,44,72,Normal
2026-02-10 16:00:24.268924,Toronto-8edb,-6,100,Normal
2026-02-10 16:00:25.268924,Toronto-8edb,-22,81,Normal
2026-02-10 16:00:26.268924,Toronto-8edb,23,60,Normal
2026-02-10 16:00:27.268924,Toronto-8edb,23,19,Normal
2026-02-10 16:00:28.268924,Toronto-8edb,6,73,Normal
2026-02-10 16:00:29.268924,Toronto-8edb,42,1,Normal
2026-02-10 16:00:30.268924,Toronto-8edb,-4,11,Normal
2026-02-10 16:00:31.268924,Toronto-8edb,38,40,Normal
2026-02-10 16:00:32.268924,Toronto-8edb,45,31,Normal
2026-02-10 16:00:33.268924,Toronto-8edb,-9,23,Normal
2026-02-10 16:00:34.268924,Toronto-8edb,39,0,Normal
2026-02-10 16:00:35.268924,Toronto-8edb,-29,79,Normal
2026-02-10 16:00:36.268924,Toronto-8edb,-1,41,Normal
2026-02-10 16:00:37.268924,Toronto-8edb,-18,25,Normal
2026-02-10 16:00:38.268924,Toronto-8edb,-5,63,Normal
2026-02-10 16:00:39.268924,Toronto-8edb,5,77,Normal
2026-02-10 16:00:40.268924,Toronto-8edb,-13,95,Normal
2026-02-10 16:00:41.268924,Toronto-8edb,4,62,Normal
2026-02-10 16:00:42.268924,Toronto-8edb,41,31,Normal
2026-02-10 16:00:43.268924,Toronto-8edb,-15,86,Normal
2026-02-10 16:00:44.268924,Toronto-8edb,-26,47,Normal
2026-02-10 16:00:45.268924,Toronto-8edb,26,73,Normal
2026-02-10 16:00:46.268924,Toronto-8edb,-29,97,Normal
2026-02-10 16:00:47.268924,Toronto-8edb,5,20,Normal
2026-02-10 16:00:48.268924,Toronto-8edb,34,10,Normal
2026-02-10 16:00:49.268924,Toronto-8edb,2,18,Normal
2026-02-10 16:00:50.268924,Toronto-8edb,21,92,Normal
2026-02-10 16:00:51.268924,Toronto-8edb,-8,66,Normal
2026-02-10 16:00:52.268924,Toronto-8edb,6,79,Normal
2026-02-10 16:00:53.268924,Toronto-8edb,45,43,Normal
2026-02-10 16:00:54.268924,Toronto-8edb,-29,95,Normal
2026-02-10 16:00:55.268924,Toronto-8edb,6,94,Normal
2026-02-10 16:00:56.268924,Toronto-8edb,13,55,Normal
2026-02-10 16:00:57.268924,Toronto-8edb,5,17,Normal
2026-02-10 16:00:58.268924,Toronto-8edb,-25,62,Normal
2026-02-10 16:00:59.268924,Toronto-8edb,0,38,Normal
2026-02-10 16:01:00.268924,Toronto-8edb,-1,56,Normal
2026-02-10 16:01:01.268924,Toronto-8edb,-16,15,Normal
2026-02-10 16:01:02.268924,Toronto-8edb,-18,63,Normal
2026-02-10 16:01:03.268924,Toronto-8edb,30,15,Normal
2026-02-10 16:01:04.268924,Toronto-8edb,-7,10,Normal
2026-02-10 16:01:05.268924,Toronto-8edb,-23,39,Normal
2026-02-10 16:01:06.268924,Toronto-8edb,-22,29,Normal
2026-02-10 16:01:07.268924,Toronto-8edb,16,22,Normal
2026-02-10 16:01:08.268924,Toronto-8edb,18,50,Normal
2026-02-10 16:01:09.268924,Toronto-8edb,26,54,Normal
2026-02-10 16:01:10.268924,Toronto-8edb,32,18,Normal
2026-02-10 16:01:11.268924,Toronto-8edb,-24,81,Normal
2026-02-10 16:01:12.268924,Toronto-8edb,-7,86,Normal
2026-02-10 16:01:13.268924,Toronto-8edb,12,13,Normal
2026-02-10 16:01:14.268924,Toronto-8edb,-24,37,Normal
2026-02-10 16:01:15.268924,Toronto-8edb,14,17,Normal
2026-02-10 16:01:16.268924,Toronto-8edb,30,79,Normal
2026-02-10 16:01:17.268924,Toronto-8edb,48,98,Normal
2026-02-10 16:01:18.268924,Toronto-8edb,39,83,Normal
2026-02-10 16:01:19.268924,Toronto-8edb,4,91,Normal
2026-02-10 16:01:20.268924,Toronto-8edb,20,68,Normal
2026-02-10 16:01:21.268924,Toronto-8edb,50,95,Normal
2026-02-10 16:01:22.268924,Toronto-8edb,49,4,Normal
2026-02-10 16:01:23.268924,Toronto-8edb,-11,41,Normal
2026-02-10 16:01:24.268924,Toronto-8edb,29,16,Normal
2026-02-10 16:01:25.268924,Toronto-8edb,8,5,Normal
2026-02-10 16:01:26.268924,Toronto-8edb,20,57,Normal
2026-02-10 16:01:27.268924,Toronto-8edb,43,80,Normal
2026-02-10 16:01:28.268924,Toronto-8edb,37,89,Normal
2026-02-10 16:01:29.268924,Toronto-8edb,6,51,Normal
2026-02-10 16:01:30.268924,Toronto-8edb,-14,39,Normal
2026-02-10 16:01:31.268924,Toronto-8edb,40,97,Normal
2026-02-10 16:01:32.268924,Toronto-8edb,31,25,Normal
2026-02-10 16:01:33.268924,Toronto-8edb,-17,5,Normal
2026-02-10 16:01:34.268924,Toronto-8edb,11,51,Normal
2026-02-10 16:01:35.268924,Toronto-8edb,-27,51,Normal
2026-02-10 16:01:36.268924,Toronto-8edb,8,79,Normal
2026-02-10 16:01:37.268924,Toronto-8edb,1,47,Normal
2026-02-10 16:01:38.268924,Toronto-8edb,18,64,Normal
2026-02-10 16:01:39.268924,Toronto-8edb,2,9,Normal
2026-02-10 16:01:40.268924,Toronto-8edb,48,76,Normal
2026-02-10 16:01:41.268924,Toronto-8edb,25,1,Normal
2026-02-10 16:01:42.268924,Toronto-8edb,35,90,Normal
2026-02-10 16:01:43.268924,Toronto-8edb,-14,40,Normal
2026-02-10 16:01:44.268924,Toronto-8edb,25,0,Normal
2026-02-10 16:01:45.268924,Toronto-8edb,-28,69,Normal
2026-02-10 16:01:46.268924,Toronto-8edb,12,8,Normal
2026-02-10 16:01:47.268924,Toronto-8edb,-27,57,Normal
2026-02-10 16:01:48.268924,Toronto-8edb,5,13,Normal
2026-02-10 16:01:49.268924,Toronto-8edb,15,90,Normal
2026-02-10 16:01:50.268924,Toronto-8edb,-24,23,Normal
2026-02-10 16:01:51.268924,Toronto-8edb,36,63,Normal
2026-02-10 16:01:52.268924,Toronto-8edb,50,30,Normal
2026-02-10 16:01:53.268924,Toronto-8edb,17,31,Normal
2026-02-10 16:01:54.268924,Toronto-8edb,49,89,Normal
2026-02-10 16:01:55.268924,Toronto-8edb,17,82,Normal
2026-02-10 16:01:56.268924,Toronto-8edb,-8,3,Normal
2026-02-10 16:01:57.268924,Toronto-8edb,18,100,Normal
2026-02-10 16:01:58.268924,Toronto-8edb,-18,42,Normal
2026-02-10 16:01:59.268924,Toronto-8edb,4,28,Normal
2026-02-10 16:02:00.268924,Toronto-8edb,-8,64,Normal
2026-02-10 16:02:01.268924,Toronto-8edb,-26,47,Normal
2026-02-10 16:02:02.268924,Toronto-8edb,23,7,Normal
2026-02-10 16:02:03.268924,Toronto-8edb,-1,46,Normal
2026-02-10 16:02:04.268924,Toronto-8edb,-29,48,Normal
2026-02-10 16:02:05.268924,Toronto-8edb,-18,18,Normal
2026-02-10 16:02:06.268924,Toronto-8edb,13,65,Normal
2026-02-10 16:02:07.268924,Toronto-8edb,46,37,Normal
2026-02-10 16:02:08.268924,Toronto-8edb,17,53,Normal
2026-02-10 16:02:09.268924,Toronto-8edb,-9,78,Normal
2026-02-10 16:02:10.268924,Toronto-8edb,49,37,Normal
2026-02-10 16:02:11.268924,Toronto-8edb,-25,35,Normal
2026-02-10 16:02:12.268924,Toronto-8edb,47,37,Normal
2026-02-10 16:02:13.268924,Toronto-8edb,13,9,Normal
2026-02-10 16:02:14.268924,Toronto-8edb,-20,75,Normal
2026-02-10 16:02:15.268924,Toronto-8edb,44,49,Normal
2026-02-10 16:02:16.268924,Toronto-8edb,1,25,Normal
2026-02-10 16:02:17.268924,Toronto-8edb,-9,46,Normal
2026-02-10 16:02:18.268924,Toronto-8edb,44,61,Normal
2026-02-10 16:02:19.268924,Toronto-8edb,38,77,Normal
2026-02-10 16:02:20.268924,Toronto-8edb,38,64,Normal
2026-02-10 16:02:21.268924,Toronto-8edb,21,97,Normal
2026-02-10 16:02:22.268924,Toronto-8edb,4,22,Normal
2026-02-10 16:02:23.268924,Toronto-8edb,3,24,Normal
2026-02-10 16:02:24.268924,Toronto-8edb,31,76,Normal
2026-02-10 16:02:25.268924,Toronto-8edb,-23,53,Normal
2026-02-10 16:02:26.268924,Toronto-8edb,42,60,Normal
2026-02-10 16:02:27.268924,Toronto-8edb,49,4,Normal
2026-02-10 16:02:28.268924,Toronto-8edb,20,62,Normal
2026-02-10 16:02:29.268924,Toronto-8edb,12,86,Normal
2026-02-10 16:02:30.268924,Toronto-8edb,23,26,Normal
2026-02-10 16:02:31.268924,Toronto-8edb,45,24,Normal
2026-02-10 16:02:32.268924,Toronto-8edb,-26,4,Normal
2026-02-10 16:02:33.268924,Toronto-8edb,20,2,Normal
2026-02-10 16:02:34.268924,Toronto-8edb,11,26,Normal
2026-02-10 16:02:35.268924,Toronto-8edb,-21,16,Normal
2026-02-10 16:02:36.268924,Toronto-8edb,-9,89,Normal
2026-02-10 16:02:37.268924,Toronto-8edb,-1,91,Normal
2026-02-10 16:02:38.268924,Toronto-8edb,-20,9,Normal
2026-02-10 16:02:39.268924,Toronto-8edb,37,51,Normal
2026-02-10 16:02:40.268924,Toronto-8edb,-8,10,Normal
2026-02-10 16:02:41.268924,Toronto-8edb,49,83,Normal
2026-02-10 16:02:42.268924,Toronto-8edb,-20,31,Normal
2026-02-10 16:02:43.268924,Toronto-8edb,41,66,Normal
2026-02-10 16:02:44.268924,Toronto-8edb,3,42,Normal
2026-02-10 16:02:45.268924,Toronto-8edb,50,76,Normal
2026-02-10 16:02:46.268924,Toronto-8edb,49,8,Normal
2026-02-10 16:02:47.268924,Toronto-8edb,2,6,Normal
2026-02-10 16:02:48.268924,Toronto-8edb,-12,21,Normal
2026-02-10 16:02:49.268924,Toronto-8edb,29,62,Normal
2026-02-10 16:02:50.268924,Toronto-8edb,21,60,Normal
2026-02-10 16:02:51.268924,Toronto-8edb,42,98,Normal
2026-02-10 16:02:52.268924,Toronto-8edb,-2,36,Normal
2026-02-10 16:02:53.268924,Toronto-8edb,35,86,Normal
2026-02-10 16:02:54.268924,Toronto-8edb,-14,77,Normal
2026-02-10 16:02:55.268924,Toronto-8edb,32,91,Normal
2026-02-10 16:02:56.268924,Toronto-8edb,-3,20,Normal
2026-02-10 16:02:57.268924,Toronto-8edb,46,92,Normal
2026-02-10 16:02:58.268924,Toronto-8edb,-25,54,Normal
2026-02-10 16:02:59.268924,Toronto-8edb,-6,72,Normal
2026-02-10 16:03:00.268924,Toronto-8edb,-7,66,Normal
2026-02-10 16:03:01.268924,Toronto-8edb,39,11,Normal
2026-02-10 16:03:02.268924,Toronto-8edb,50,95,Normal
2026-02-10 16:03:03.268924,Toronto-8edb,-27,44,Normal
2026-02-10 16:03:04.268924,Toronto-8edb,-28,6,Normal
2026-02-10 16:03:05.268924,Toronto-8edb,13,16,Normal
2026-02-10 16:03:06.268924,Toronto-8edb,-16,10,Normal
2026-02-10 16:03:07.268924,Toronto-8edb,-30,48,Normal
2026-02-10 16:03:08.268924,Toronto-8edb,18,2,Normal
2026-02-10 16:03:09.268924,Toronto-8edb,48,43,Normal
2026-02-10 16:03:10.268924,Toronto-8edb,-16,73,Normal
2026-02-10 16:03:11.268924,Toronto-8edb,41,72,Normal
2026-02-10 16:03:12.268924,Toronto-8edb,15,9,Normal
2026-02-10 16:03:13.268924,Toronto-8edb,2,49,Normal
2026-02-10 16:03:14.268924,Toronto-8edb,-4,58,Normal
2026-02-10 16:03:15.268924,Toronto-8edb,-11,39,Normal
2026-02-10 16:03:16.268924,Toronto-8edb,36,89,Normal
2026-02-10 16:03:17.268924,Toronto-8edb,44,72,Normal
2026-02-10 16:03:18.268924,Toronto-8edb,-3,88,Normal
2026-02-10 16:03:19.268924,Toronto-8edb,-10,69,Normal
2026-02-10 16:03:20.268924,Toronto-8edb,15,73,Normal
2026-02-10 16:03:21.268924,Toronto-8edb,47,24,Normal
2026-02-10 16:03:22.268924,Toronto-8edb,-26,68,Normal
2026-02-10 16:03:23.268924,Toronto-8edb,-2,81,Normal
2026-02-10 16:03:24.268924,Toronto-8edb,7,71,Normal
2026-02-10 16:03:25.268924,Toronto-8edb,1,76,Normal
2026-02-10 16:03:26.268924,Toronto-8edb,36,85,Normal
2026-02-10 16:03:27.268924,Toronto-8edb,17,42,Normal
2026-02-10 16:03:28.268924,Toronto-8edb,-30,62,Normal
2026-02-10 16:03:29.268924,Toronto-8edb,-10,19,Normal
2026-02-10 16:03:30.268924,Toronto-8edb,22,59,Normal
2026-02-10 16:03:31.268924,Toronto-8edb,31,80,Normal
2026-02-10 16:03:32.268924,Toronto-8edb,16,37,Normal
2026-02-10 16:03:33.268924,Toronto-8edb,35,40,Normal
2026-02-10 16:03:34.268924,Toronto-8edb,4,41,Normal
2026-02-10 16:03:35.268924,Toronto-8edb,33,47,Normal
2026-02-10 16:03:36.268924,Toronto-8edb,14,44,Normal
2026-02-10 16:03:37.268924,Toronto-8edb,11,79,Normal
2026-02-10 16:03:38.268924,Toronto-8edb,29,5,Normal
2026-02-10 16:03:39.268924,Toronto-8edb,33,84,Normal
2026-02-10 16:03:40.268924,Toronto-8edb,49,88,Normal
2026-02-10 16:03:41.268924,Toronto-8edb,15,71,Normal
2026-02-10 16:03:42.268924,Toronto-8edb,25,28,Normal
2026-02-10 16:03:43.268924,Toronto-8edb,1,81,Normal
2026-02-10 16:03:44.268924,Toronto-8edb,15,65,Normal
2026-02-10 16:03:45.268924,Toronto-8edb,-29,34,Normal
2026-02-10 16:03:46.268924,Toronto-8edb,22,32,Normal
2026-02-10 16:03:47.268924,Toronto-8edb,10,3,Normal
2026-02-10 16:03:48.268924,Toronto-8edb,26,15,Normal
2026-02-10 16:03:49.268924,Toronto-8edb,-12,2,Normal
2026-02-10 16:03:50.268924,Toronto-8edb,8,87,Normal
2026-02-10 16:03:51.268924,Toronto-8edb,2,88,Normal
2026-02-10 16:03:52.268924,Toronto-8edb,-13,37,Normal
2026-02-10 16:03:53.268924,Toronto-8edb,-26,42,Normal
2026-02-10 16:03:54.268924,Toronto-8edb,-18,59,Normal
2026-02-10 16:03:55.268924,Toronto-8edb,35,44,Normal
2026-02-10 16:03:56.268924,Toronto-8edb,41,44,Normal
2026-02-10 16:03:57.268924,Toronto-8edb,25,10,Normal
2026-02-10 16:03:58.268924,Toronto-8edb,-19,100,Normal
2026-02-10 16:03:59.268924,Toronto-8edb,46,65,Normal
2026-02-10 16:04:00.268924,Toronto-8edb,-14,93,Normal
2026-02-10 16:04:01.268924,Toronto-8edb,6,94,Normal
2026-02-10 16:04:02.268924,Toronto-8edb,25,46,Normal
2026-02-10 16:04:03.268924,Toronto-8edb,27,66,Normal
2026-02-10 16:04:04.268924,Toronto-8edb,19,83,Normal
2026-02-10 16:04:05.268924,Toronto-8edb,43,73,Normal
2026-02-10 16:04:06.268924,Toronto-8edb,5,75,Normal
2026-02-10 16:04:07.268924,Toronto-8edb,45,57,Normal
2026-02-10 16:04:08.268924,Toronto-8edb,19,8,Normal
2026-02-10 16:04:09.268924,Toronto-8edb,41,2,Normal
2026-02-10 16:04:10.268924,Toronto-8edb,31,67,Normal
2026-02-10 16:04:11.268924,Toronto-8edb,18,59,Normal
2026-02-10 16:04:12.268924,Toronto-8edb,12,4,Normal
2026-02-10 16:04:13.268924,Toronto-8edb,16,47,Normal
2026-02-10 16:04:14.268924,Toronto-8edb,11,72,Normal
2026-02-10 16:04:15.268924,Toronto-8edb,31,14,Normal
2026-02-10 16:04:16.268924,Toronto-8edb,9,11,Normal
2026-02-10 16:04:17.268924,Toronto-8edb,41,11,Normal
2026-02-10 16:04:18.268924,Toronto-8edb,29,19,Normal
2026-02-10 16:04:19.268924,Toronto-8edb,40,72,Normal
2026-02-10 16:04:20.268924,Toronto-8edb,12,20,Normal
2026-02-10 16:04:21.268924,Toronto-8edb,-2,48,Normal
2026-02-10 16:04:22.268924,Toronto-8edb,-14,31,Normal
2026-02-10 16:04:23.268924,Toronto-8edb,-1,25,Normal
2026-02-10 16:04:24.268924,Toronto-8edb,20,57,Normal
2026-02-10 16:04:25.268924,Toronto-8edb,21,99,Normal
2026-02-10 16:04:26.268924,Toronto-8edb,11,52,Normal
2026-02-10 16:04:27.268924,Toronto-8edb,11,28,Normal
2026-02-10 16:04:28.268924,Toronto-8edb,-12,22,Normal
2026-02-10 16:04:29.268924,Toronto-8edb,-7,13,Normal
2026-02-10 16:04:30.268924,Toronto-8edb,16,64,Normal
2026-02-10 16:04:31.268924,Toronto-8edb,49,81,Normal
2026-02-10 16:04:32.268924,Toronto-8edb,24,38,Normal
2026-02-10 16:04:33.268924,Toronto-8edb,37,44,Normal
2026-02-10 16:04:34.268924,Toronto-8edb,2,45,Normal
2026-02-10 16:04:35.268924,Toronto-8edb,6,73,Normal
2026-02-10 16:04:36.268924,Toronto-8edb,21,6,Normal
2026-02-10 16:04:37.268924,Toronto-8edb,25,96,Normal
2026-02-10 16:04:38.268924,Toronto-8edb,-24,67,Normal
2026-02-10 16:04:39.268924,Toronto-8edb,47,3,Normal
2026-02-10 16:04:40.268924,Toronto-8edb,-16,60,Normal
2026-02-10 16:04:41.268924,Toronto-8edb,50,7,Normal
2026-02-10 16:04:42.268924,Toronto-8edb,-15,16,Normal
2026-02-10 16:04:43.268924,Toronto-8edb,-20,66,Normal
2026-02-10 16:04:44.268924,Toronto-8edb,-18,14,Normal
2026-02-10 16:04:45.268924,Toronto-8edb,40,56,Normal
2026-02-10 16:04:46.268924,Toronto-8edb,15,94,Normal
2026-02-10 16:04:47.268924,Toronto-8edb,14,78,Normal
2026-02-10 16:04:48.268924,Toronto-8edb,-8,78,Normal
2026-02-10 16:04:49.268924,Toronto-8edb,40,10,Normal
2026-02-10 16:04:50.268924,Toronto-8edb,35,38,Normal
2026-02-10 16:04:51.268924,Toronto-8edb,-3,19,Normal
2026-02-10 16:04:52.268924,Toronto-8edb,24,10,Normal
2026-02-10 16:04:53.268924,Toronto-8edb,-25,53,Normal
2026-02-10 16:04:54.268924,Toronto-8edb,-29,39,Normal
2026-02-10 16:04:55.268924,Toronto-8edb,-28,21,Normal
2026-02-10 16:04:56.268924,Toronto-8edb,6,95,Normal
2026-02-10 16:04:57.268924,Toronto-8edb,21,22,Normal
2026-02-10 16:04:58.268924,Toronto-8edb,-1,10,Normal
2026-02-10 16:04:59.268924,Toronto-8edb,16,57,Normal
2026-02-10 16:05:00.268924,Toronto-8edb,44,32,Normal
2026-02-10 16:05:01.268924,Toronto-8edb,33,66,Normal
2026-02-10 16:05:02.268924,Toronto-8edb,-27,85,Normal
2026-02-10 16:05:03.268924,Toronto-8edb,16,55,Normal
2026-02-10 16:05:04.268924,Toronto-8edb,3,27,Normal
2026-02-10 16:05:05.268924,Toronto-8edb,-27,59,Normal
2026-02-10 16:05:06.268924,Toronto-8edb,-24,78,Normal
2026-02-10 16:05:07.268924,Toronto-8edb,50,46,Normal
2026-02-10 16:05:08.268924,Toronto-8edb,5,27,Normal
2026-02-10 16:05:09.268924,Toronto-8edb,-6,39,Normal
2026-02-10 16:05:10.268924,Toronto-8edb,1,48,Normal
2026-02-10 16:05:11.268924,Toronto-8edb,-22,58,Normal
2026-02-10 16:05:12.268924,Toronto-8edb,33,100,Normal
2026-02-10 16:05:13.268924,Toronto-8edb,26,17,Normal
2026-02-10 16:05:14.268924,Toronto-8edb,39,86,Normal
2026-02-10 16:05:15.268924,Toronto-8edb,20,11,Normal
2026-02-10 16:05:16.268924,Toronto-8edb,29,89,Normal
2026-02-10 16:05:17.268924,Toronto-8edb,42,82,Normal
2026-02-10 16:05:18.268924,Toronto-8edb,-23,24,Normal
2026-02-10 16:05:19.268924,Toronto-8edb,34,23,Normal
2026-02-10 16:05:20.268924,Toronto-8edb,3,54,Normal
2026-02-10 16:05:21.268924,Toronto-8edb,39,11,Normal
2026-02-10 16:05:22.268924,Toronto-8edb,22,3,Normal
2026-02-10 16:05:23.268924,Toronto-8edb,5,97,Normal
2026-02-10 16:05:24.268924,Toronto-8edb,50,20,Normal
2026-02-10 16:05:25.268924,Toronto-8edb,22,23,Normal
2026-02-10 16:05:26.268924,Toronto-8edb,14,98,Normal
2026-02-10 16:05:27.268924,Toronto-8edb,2,90,Normal
2026-02-10 16:05:28.268924,Toronto-8edb,42,89,Normal
2026-02-10 16:05:29.268924,Toronto-8edb,19,4,Normal
2026-02-10 16:05:30.268924,Toronto-8edb,17,41,Normal
2026-02-10 16:05:31.268924,Toronto-8edb,0,37,Normal
2026-02-10 16:05:32.268924,Toronto-8edb,32,10,Normal
2026-02-10 16:05:33.268924,Toronto-8edb,46,6,Normal
2026-02-10 16:05:34.268924,Toronto-8edb,-8,86,Normal
2026-02-10 16:05:35.268924,Toronto-8edb,34,47,Normal
2026-02-10 16:05:36.268924,Toronto-8edb,41,84,Normal
2026-02-10 16:05:37.268924,Toronto-8edb,26,20,Normal
2026-02-10 16:05:38.268924,Toronto-8edb,15,16,Normal
2026-02-10 16:05:39.268924,Toronto-8edb,-6,6,Normal
2026-02-10 16:05:40.268924,Toronto-8edb,-23,17,Normal
2026-02-10 16:05:41.268924,Toronto-8edb,-16,82,Normal
2026-02-10 16:05:42.268924,Toronto-8edb,41,20,Normal
2026-02-10 16:05:43.268924,Toronto-8edb,44,85,Normal
2026-02-10 16:05:44.268924,Toronto-8edb,-13,68,Normal
2026-02-10 16:05:45.268924,Toronto-8edb,24,14,Normal
2026-02-10 16:05:46.268924,Toronto-8edb,-4,51,Normal
2026-02-10 16:05:47.268924,Toronto-8edb,41,10,Normal
2026-02-10 16:05:48.268924,Toronto-8edb,16,89,Normal
2026-02-10 16:05:49.268924,Toronto-8edb,27,49,Normal
2026-02-10 16:05:50.268924,Toronto-8edb,8,90,Normal
2026-02-10 16:05:51.268924,Toronto-8edb,21,21,Normal
2026-02-10 16:05:52.268924,Toronto-8edb,-15,94,Normal
2026-02-10 16:05:53.268924,Toronto-8edb,-16,15,Normal
2026-02-10 16:05:54.268924,Toronto-8edb,44,14,Normal
2026-02-10 16:05:55.268924,Toronto-8edb,3,97,Normal
2026-02-10 16:05:56.268924,Toronto-8edb,50,41,Normal
2026-02-10 16:05:57.268924,Toronto-8edb,50,65,Normal
2026-02-10 16:05:58.268924,Toronto-8edb,46,28,Normal
2026-02-10 16:05:59.268924,Toronto-8edb,-6,33,Normal
2026-02-10 16:06:00.268924,Toronto-8edb,-29,10,Normal
2026-02-10 16:06:01.268924,Toronto-8edb,-24,4,Normal
2026-02-10 16:06:02.268924,Toronto-8edb,34,59,Normal
2026-02-10 16:06:03.268924,Toronto-8edb,-10,34,Normal
2026-02-10 16:06:04.268924,Toronto-8edb,49,46,Normal
2026-02-10 16:06:05.268924,Toronto-8edb,26,19,Normal
2026-02-10 16:06:06.268924,Toronto-8edb,25,62,Normal
2026-02-10 16:06:07.268924,Toronto-8edb,41,81,Normal
2026-02-10 16:06:08.268924,Toronto-8edb,50,37,Normal
2026-02-10 16:06:09.268924,Toronto-8edb,4,97,Normal
2026-02-10 16:06:10.268924,Toronto-8edb,-6,21,Normal
2026-02-10 16:06:11.268924,Toronto-8edb,-7,89,Normal
2026-02-10 16:06:12.268924,Toronto-8edb,-15,61,Normal
2026-02-10 16:06:13.268924,Toronto-8edb,-27,63,Normal
2026-02-10 16:06:14.268924,Toronto-8edb,28,58,Normal
2026-02-10 16:06:15.268924,Toronto-8edb,22,0,Normal
2026-02-10 16:06:16.268924,Toronto-8edb,-29,95,Normal
2026-02-10 16:06:17.268924,Toronto-8edb,-22,30,Normal
2026-02-10 16:06:18.268924,Toronto-8edb,1,3,Normal
2026-02-10 16:06:19.268924,Toronto-8edb,-7,97,Normal
2026-02-10 16:06:20.268924,Toronto-8edb,34,16,Normal
2026-02-10 16:06:21.268924,Toronto-8edb,43,66,Normal
2026-02-10 16:06:22.268924,Toronto-8edb,-23,79,Normal
2026-02-10 16:06:23.268924,Toronto-8edb,35,10,Normal
2026-02-10 16:06:24.268924,Toronto-8edb,-29,17,Normal
2026-02-10 16:06:25.268924,Toronto-8edb,-24,93,Normal
2026-02-10 16:06:26.268924,Toronto-8edb,6,17,Normal
2026-02-10 16:06:27.268924,Toronto-8edb,28,44,Normal
2026-02-10 16:06:28.268924,Toronto-8edb,2,0,Normal
2026-02-10 16:06:29.268924,Toronto-8edb,-24,86,Normal
2026-02-10 16:06:30.268924,Toronto-8edb,15,51,Normal
2026-02-10 16:06:31.268924,Toronto-8edb,-13,46,Normal
2026-02-10 16:06:32.268924,Toronto-8edb,48,0,Normal
2026-02-10 16:06:33.268924,Toronto-8edb,15,56,Normal
2026-02-10 16:06:34.268924,Toronto-8edb,13,36,Normal
2026-02-10 16:06:35.268924,Toronto-8edb,24,20,Normal
2026-02-10 16:06:36.268924,Toronto-8edb,-5,10,Normal
2026-02-10 16:06:37.268924,Toronto-8edb,-12,38,Normal
2026-02-10 16:06:38.268924,Toronto-8edb,-19,39,Normal
2026-02-10 16:06:39.268924,Toronto-8edb,-26,100,Normal
2026-02-10 16:06:40.268924,Toronto-8edb,-27,100,Normal
2026-02-10 16:06:41.268924,Toronto-8edb,26,54,Normal
2026-02-10 16:06:42.268924,Toronto-8edb,29,80,Normal
2026-02-10 16:06:43.268924,Toronto-8edb,30,43,Normal
2026-02-10 16:06:44.268924,Toronto-8edb,-9,5,Normal
2026-02-10 16:06:45.268924,Toronto-8edb,16,30,Normal
2026-02-10 16:06:46.268924,Toronto-8edb,-29,19,Normal
2026-02-10 16:06:47.268924,Toronto-8edb,12,62,Normal
2026-02-10 16:06:48.268924,Toronto-8edb,39,70,Normal
2026-02-10 16:06:49.268924,Toronto-8edb,-1,67,Normal
2026-02-10 16:06:50.268924,Toronto-8edb,31,17,Normal
2026-02-10 16:06:51.268924,Toronto-8edb,-26,9,Normal
2026-02-10 16:06:52.268924,Toronto-8edb,33,58,Normal
2026-02-10 16:06:53.268924,Toronto-8edb,-16,80,Normal
2026-02-10 16:06:54.268924,Toronto-8edb,42,54,Normal
2026-02-10 16:06:55.268924,Toronto-8edb,17,7,Normal
2026-02-10 16:06:56.268924,Toronto-8edb,10,98,Normal
2026-02-10 16:06:57.268924,Toronto-8edb,-20,61,Normal
2026-02-10 16:06:58.268924,Toronto-8edb,0,43,Normal
2026-02-10 16:06:59.268924,Toronto-8edb,15,73,Normal
2026-02-10 16:07:00.268924,Toronto-8edb,-14,63,Normal
2026-02-10 16:07:01.268924,Toronto-8edb,-15,32,Normal
2026-02-10 16:07:02.268924,Toronto-8edb,-25,80,Normal
2026-02-10 16:07:03.268924,Toronto-8edb,13,5,Normal
2026-02-10 16:07:04.268924,Toronto-8edb,9,36,Normal
2026-02-10 16:07:05.268924,Toronto-8edb,-11,61,Normal
2026-02-10 16:07:06.268924,Toronto-8edb,1,5,Normal
2026-02-10 16:07:07.268924,Toronto-8edb,3,75,Normal
2026-02-10 16:07:08.268924,Toronto-8edb,46,98,Normal
2026-02-10 16:07:09.268924,Toronto-8edb,46,40,Normal
2026-02-10 16:07:10.268924,Toronto-8edb,-22,44,Normal
2026-02-10 16:07:11.268924,Toronto-8edb,-15,5,Normal
2026-02-10 16:07:12.268924,Toronto-8edb,23,72,Normal
2026-02-10 16:07:13.268924,Toronto-8edb,-10,89,Normal
2026-02-10 16:07:14.268924,Toronto-8edb,-27,29,Normal
2026-02-10 16:07:15.268924,Toronto-8edb,11,55,Normal
2026-02-10 16:07:16.268924,Toronto-8edb,40,64,Normal
2026-02-10 16:07:17.268924,Toronto-8edb,30,91,Normal
2026-02-10 16:07:18.268924,Toronto-8edb,-20,20,Normal
2026-02-10 16:07:19.268924,Toronto-8edb,-4,9,Normal
2026-02-10 16:07:20.268924,Toronto-8edb,-26,68,Normal
2026-02-10 16:07:21.268924,Toronto-8edb,-13,30,Normal
2026-02-10 16:07:22.268924,Toronto-8edb,-28,11,Normal
2026-02-10 16:07:23.268924,Toronto-8edb,-1,57,Normal
2026-02-10 16:07:24.268924,Toronto-8edb,-5,95,Normal
2026-02-10 16:07:25.268924,Toronto-8edb,43,86,Normal
2026-02-10 16:07:26.268924,Toronto-8edb,-25,67,Normal
2026-02-10 16:07:27.268924,Toronto-8edb,16,26,Normal
2026-02-10 16:07:28.268924,Toronto-8edb,19,94,Normal
2026-02-10 16:07:29.268924,Toronto-8edb,33,99,Normal
2026-02-10 16:07:30.268924,Toronto-8edb,36,49,Normal
2026-02-10 16:07:31.268924,Toronto-8edb,-10,26,Normal
2026-02-10 16:07:32.268924,Toronto-8edb,-9,17,Normal
2026-02-10 16:07:33.268924,Toronto-8edb,-3,25,Normal
2026-02-10 16:07:34.268924,Toronto-8edb,32,87,Normal
2026-02-10 16:07:35.268924,Toronto-8edb,23,21,Normal
2026-02-10 16:07:36.268924,Toronto-8edb,1,43,Normal
2026-02-10 16:07:37.268924,Toronto-8edb,16,39,Normal
2026-02-10 16:07:38.268924,Toronto-8edb,15,77,Normal
2026-02-10 16:07:39.268924,Toronto-8edb,26,12,Normal
2026-02-10 16:07:40.268924,Toronto-8edb,-25,30,Normal
2026-02-10 16:07:41.268924,Toronto-8edb,1,40,Normal
2026-02-10 16:07:42.268924,Toronto-8edb,42,15,Normal
2026-02-10 16:07:43.268924,Toronto-8edb,50,37,Normal
2026-02-10 16:07:44.268924,Toronto-8edb,-13,8,Normal
2026-02-10 16:07:45.268924,Toronto-8edb,-29,21,Normal
2026-02-10 16:07:46.268924,Toronto-8edb,-3,84,Normal
2026-02-10 16:07:47.268924,Toronto-8edb,-21,12,Normal
2026-02-10 16:07:48.268924,Toronto-8edb,34,99,Normal
2026-02-10 16:07:49.268924,Toronto-8edb,36,94,Normal
2026-02-10 16:07:50.268924,Toronto-8edb,18,99,Normal
2026-02-10 16:07:51.268924,Toronto-8edb,30,49,Normal
2026-02-10 16:07:52.268924,Toronto-8edb,49,47,Normal
2026-02-10 16:07:53.268924,Toronto-8edb,-6,34,Normal
2026-02-10 16:07:54.268924,Toronto-8edb,14,46,Normal
2026-02-10 16:07:55.268924,Toronto-8edb,-23,59,Normal
2026-02-10 16:07:56.268924,Toronto-8edb,-15,37,Normal
2026-02-10 16:07:57.268924,Toronto-8edb,-1,43,Normal
2026-02-10 16:07:58.268924,Toronto-8edb,16,12,Normal
2026-02-10 16:07:59.268924,Toronto-8edb,49,30,Normal
2026-02-10 16:08:00.268924,Toronto-8edb,38,25,Normal
2026-02-10 16:08:01.268924,Toronto-8edb,12,77,Normal
2026-02-10 16:08:02.268924,Toronto-8edb,27,31,Normal
2026-02-10 16:08:03.268924,Toronto-8edb,43,51,Normal
2026-02-10 16:08:04.268924,Toronto-8edb,-20,70,Normal
2026-02-10 16:08:05.268924,Toronto-8edb,-2,69,Normal
2026-02-10 16:08:06.268924,Toronto-8edb,50,87,Normal
2026-02-10 16:08:07.268924,Toronto-8edb,5,84,Normal
2026-02-10 16:08:08.268924,Toronto-8edb,22,52,Normal
2026-02-10 16:08:09.268924,Toronto-8edb,0,92,Normal
2026-02-10 16:08:10.268924,Toronto-8edb,27,47,Normal
2026-02-10 16:08:11.268924,Toronto-8edb,39,48,Normal
2026-02-10 16:08:12.268924,Toronto-8edb,41,54,Normal
2026-02-10 16:08:13.268924,Toronto-8edb,36,70,Normal
2026-02-10 16:08:14.268924,Toronto-8edb,-9,29,Normal
2026-02-10 16:08:15.268924,Toronto-8edb,50,97,Normal
2026-02-10 16:08:16.268924,Toronto-8edb,2,39,Normal
2026-02-10 16:08:17.268924,Toronto-8edb,13,10,Normal
2026-02-10 16:08:18.268924,Toronto-8edb,-17,99,Normal
2026-02-10 16:08:19.268924,Toronto-8edb,-9,58,Normal
2026-02-10 16:08:20.268924,Toronto-8edb,-26,95,Normal
2026-02-10 16:08:21.268924,Toronto-8edb,38,12,Normal
2026-02-10 16:08:22.268924,Toronto-8edb,13,45,Normal
2026-02-10 16:08:23.268924,Toronto-8edb,-14,70,Normal
2026-02-10 16:08:24.268924,Toronto-8edb,24,74,Normal
2026-02-10 16:08:25.268924,Toronto-8edb,21,96,Normal
2026-02-10 16:08:26.268924,Toronto-8edb,31,44,Normal
2026-02-10 16:08:27.268924,Toronto-8edb,47,89,Normal
2026-02-10 16:08:28.268924,Toronto-8edb,-12,68,Normal
2026-02-10 16:08:29.268924,Toronto-8edb,50,60,Normal
2026-02-10 16:08:30.268924,Toronto-8edb,25,81,Normal
2026-02-10 16:08:31.268924,Toronto-8edb,-8,89,Normal
2026-02-10 16:08:32.268924,Toronto-8edb,-27,12,Normal
2026-02-10 16:08:33.268924,Toronto-8edb,21,49,Normal
2026-02-10 16:08:34.268924,Toronto-8edb,27,14,Normal
2026-02-10 16:08:35.268924,Toronto-8edb,3,57,Normal
2026-02-10 16:08:36.268924,Toronto-8edb,-18,32,Normal
2026-02-10 16:08:37.268924,Toronto-8edb,-2,3,Normal
2026-02-10 16:08:38.268924,Toronto-8edb,14,66,Normal
2026-02-10 16:08:39.268924,Toronto-8edb,40,71,Normal
2026-02-10 16:08:40.268924,Toronto-8edb,-30,87,Normal
2026-02-10 16:08:41.268924,Toronto-8edb,-18,69,Normal
2026-02-10 16:08:42.268924,Toronto-8edb,22,10,Normal
2026-02-10 16:08:43.268924,Toronto-8edb,34,16,Normal
2026-02-10 16:08:44.268924,Toronto-8edb,26,22,Normal
2026-02-10 16:08:45.268924,Toronto-8edb,-30,26,Normal
2026-02-10 16:08:46.268924,Toronto-8edb,46,10,Normal
2026-02-10 16:08:47.268924,Toronto-8edb,39,23,Normal
2026-02-10 16:08:48.268924,Toronto-8edb,-14,54,Normal
2026-02-10 16:08:49.268924,Toronto-8edb,-30,97,Normal
2026-02-10 16:08:50.268924,Toronto-8edb,6,56,Normal
2026-02-10 16:08:51.268924,Toronto-8edb,-8,34,Normal
2026-02-10 16:08:52.268924,Toronto-8edb,-8,80,Normal
2026-02-10 16:08:53.268924,Toronto-8edb,45,76,Normal
2026-02-10 16:08:54.268924,Toronto-8edb,-26,23,Normal
2026-02-10 16:08:55.268924,Toronto-8edb,33,96,Normal
2026-02-10 16:08:56.268924,Toronto-8edb,-18,70,Normal
2026-02-10 16:08:57.268924,Toronto-8edb,-5,87,Normal
2026-02-10 16:08:58.268924,Toronto-8edb,-14,43,Normal
2026-02-10 16:08:59.268924,Toronto-8edb,22,20,Normal
2026-02-10 16:09:00.268924,Toronto-8edb,48,23,Normal
2026-02-10 16:09:01.268924,Toronto-8edb,41,85,Normal
2026-02-10 16:09:02.268924,Toronto-8edb,8,53,Normal
2026-02-10 16:09:03.268924,Toronto-8edb,35,90,Normal
2026-02-10 16:09:04.268924,Toronto-8edb,8,49,Normal
2026-02-10 16:09:05.268924,Toronto-8edb,6,17,Normal
2026-02-10 16:09:06.268924,Toronto-8edb,4,97,Normal
2026-02-10 16:09:07.268924,Toronto-8edb,-24,70,Normal
2026-02-10 16:09:08.268924,Toronto-8edb,5,81,Normal
2026-02-10 16:09:09.268924,Toronto-8edb,-22,12,Normal
2026-02-10 16:09:10.268924,Toronto-8edb,-27,24,Normal
2026-02-10 16:09:11.268924,Toronto-8edb,14,80,Normal
2026-02-10 16:09:12.268924,Toronto-8edb,-28,83,Normal
2026-02-10 16:09:13.268924,Toronto-8edb,-23,33,Normal
2026-02-10 16:09:14.268924,Toronto-8edb,-23,63,Normal
2026-02-10 16:09:15.268924,Toronto-8edb,-28,60,Normal
2026-02-10 16:09:16.268924,Toronto-8edb,32,95,Normal
2026-02-10 16:09:17.268924,Toronto-8edb,-9,49,Normal
2026-02-10 16:09:18.268924,Toronto-8edb,-5,14,Normal
2026-02-10 16:09:19.268924,Toronto-8edb,38,52,Normal
2026-02-10 16:09:20.268924,Toronto-8edb,45,26,Normal
2026-02-10 16:09:21.268924,Toronto-8edb,32,51,Normal
2026-02-10 16:09:22.268924,Toronto-8edb,48,79,Normal
2026-02-10 16:09:23.268924,Toronto-8edb,49,98,Normal
2026-02-10 16:09:24.268924,Toronto-8edb,12,51,Normal
2026-02-10 16:09:25.268924,Toronto-8edb,-17,11,Normal
2026-02-10 16:09:26.268924,Toronto-8edb,23,22,Normal
2026-02-10 16:09:27.268924,Toronto-8edb,6,63,Normal
2026-02-10 16:09:28.268924,Toronto-8edb,13,97,Normal
2026-02-10 16:09:29.268924,Toronto-8edb,-3,11,Normal
2026-02-10 16:09:30.268924,Toronto-8edb,-11,28,Normal
2026-02-10 16:09:31.268924,Toronto-8edb,-16,39,Normal
2026-02-10 16:09:32.268924,Toronto-8edb,-15,91,Normal
2026-02-10 16:09:33.268924,Toronto-8edb,-19,43,Normal
2026-02-10 16:09:34.268924,Toronto-8edb,-30,84,Normal
2026-02-10 16:09:35.268924,Toronto-8edb,28,35,Normal
2026-02-10 16:09:36.268924,Toronto-8edb,-18,51,Normal
2026-02-10 16:09:37.268924,Toronto-8edb,47,15,Normal
2026-02-10 16:09:38.268924,Toronto-8edb,-16,51,Normal
2026-02-10 16:09:39.268924,Toronto-8edb,8,78,Normal
2026-02-10 16:09:40.268924,Toronto-8edb,46,19,Normal
2026-02-10 16:09:41.268924,Toronto-8edb,-26,86,Normal
2026-02-10 16:09:42.268924,Toronto-8edb,23,92,Normal
2026-02-10 16:09:43.268924,Toronto-8edb,45,11,Normal
2026-02-10 16:09:44.268924,Toronto-8edb,-25,34,Normal
2026-02-10 16:09:45.268924,Toronto-8edb,3,94,Normal
2026-02-10 16:09:46.268924,Toronto-8edb,-9,84,Normal
2026-02-10 16:09:47.268924,Toronto-8edb,-14,31,Normal
2026-02-10 16:09:48.268924,Toronto-8edb,-5,1,Normal
2026-02-10 16:09:49.268924,Toronto-8edb,-25,28,Normal
2026-02-10 16:09:50.268924,Toronto-8edb,3,17,Normal
2026-02-10 16:09:51.268924,Toronto-8edb,5,100,Normal
2026-02-10 16:09:52.268924,Toronto-8edb,-7,65,Normal
2026-02-10 16:09:53.268924,Toronto-8edb,-5,45,Normal
2026-02-10 16:09:54.268924,Toronto-8edb,-25,83,Normal
2026-02-10 16:09:55.268924,Toronto-8edb,-27,61,Normal
2026-02-10 16:09:56.268924,Toronto-8edb,19,33,Normal
2026-02-10 16:09:57.268924,Toronto-8edb,26,69,Normal
2026-02-10 16:09:58.268924,Toronto-8edb,8,35,Normal
2026-02-10 16:09:59.268924,Toronto-8edb,50,83,Normal
2026-02-10 16:10:00.268924,Toronto-8edb,26,80,Normal
2026-02-10 16:10:01.268924,Toronto-8edb,17,54,Normal
2026-02-10 16:10:02.268924,Toronto-8edb,4,79,Normal
2026-02-10 16:10:03.268924,Toronto-8edb,5,33,Normal
2026-02-10 16:10:04.268924,Toronto-8edb,5,37,Normal
2026-02-10 16:10:05.268924,Toronto-8edb,0,81,Normal
2026-02-10 16:10:06.268924,Toronto-8edb,-14,11,Normal
2026-02-10 16:10:07.268924,Toronto-8edb,-13,48,Normal
2026-02-10 16:10:08.268924,Toronto-8edb,-26,32,Normal
2026-02-10 16:10:09.268924,Toronto-8edb,-29,88,Normal
2026-02-10 16:10:10.268924,Toronto-8edb,-1,47,Normal
2026-02-10 16:10:11.268924,Toronto-8edb,13,61,Normal
2026-02-10 16:10:12.268924,Toronto-8edb,1,94,Normal
2026-02-10 16:10:13.268924,Toronto-8edb,39,64,Normal
2026-02-10 16:10:14.268924,Toronto-8edb,35,41,Normal
2026-02-10 16:10:15.268924,Toronto-8edb,35,33,Normal
2026-02-10 16:10:16.268924,Toronto-8edb,6,13,Normal
2026-02-10 16:10:17.268924,Toronto-8edb,-26,4,Normal
2026-02-10 16:10:18.268924,Toronto-8edb,-7,57,Normal
2026-02-10 16:10:19.268924,Toronto-8edb,36,40,Normal
2026-02-10 16:10:20.268924,Toronto-8edb,4,0,Normal
2026-02-10 16:10:21.268924,Toronto-8edb,13,68,Normal
2026-02-10 16:10:22.268924,Toronto-8edb,30,35,Normal
2026-02-10 16:10:23.268924,Toronto-8edb,49,28,Normal
2026-02-10 16:10:24.268924,Toronto-8edb,-3,25,Normal
2026-02-10 16:10:25.268924,Toronto-8edb,46,42,Normal
2026-02-10 16:10:26.268924,Toronto-8edb,16,88,Normal
2026-02-10 16:10:27.268924,Toronto-8edb,50,25,Normal
2026-02-10 16:10:28.268924,Toronto-8edb,43,99,Normal
2026-02-10 16:10:29.268924,Toronto-8edb,43,86,Normal
2026-02-10 16:10:30.268924,Toronto-8edb,37,95,Normal
2026-02-10 16:10:31.268924,Toronto-8edb,21,36,Normal
2026-02-10 16:10:32.268924,Toronto-8edb,-24,88,Normal
2026-02-10 16:10:33.268924,Toronto-8edb,-22,67,Normal
2026-02-10 16:10:34.268924,Toronto-8edb,44,26,Normal
2026-02-10 16:10:35.268924,Toronto-8edb,-14,7,Normal
2026-02-10 16:10:36.268924,Toronto-8edb,45,61,Normal
2026-02-10 16:10:37.268924,Toronto-8edb,3,5,Normal
2026-02-10 16:10:38.268924,Toronto-8edb,-5,45,Normal
2026-02-10 16:10:39.268924,Toronto-8edb,29,54,Normal
2026-02-10 16:10:40.268924,Toronto-8edb,-17,15,Normal
2026-02-10 16:10:41.268924,Toronto-8edb,16,42,Normal
2026-02-10 16:10:42.268924,Toronto-8edb,-28,28,Normal
2026-02-10 16:10:43.268924,Toronto-8edb,13,91,Normal
2026-02-10 16:10:44.268924,Toronto-8edb,10,81,Normal
2026-02-10 16:10:45.268924,Toronto-8edb,31,57,Normal
2026-02-10 16:10:46.268924,Toronto-8edb,-29,28,Normal
2026-02-10 16:10:47.268924,Toronto-8edb,-5,24,Normal
2026-02-10 16:10:48.268924,Toronto-8edb,11,26,Normal
2026-02-10 16:10:49.268924,Toronto-8edb,-2,81,Normal
2026-02-10 16:10:50.268924,Toronto-8edb,44,27,Normal
2026-02-10 16:10:51.268924,Toronto-8edb,2,73,Normal
2026-02-10 16:10:52.268924,Toronto-8edb,33,71,Normal
2026-02-10 16:10:53.268924,Toronto-8edb,-2,53,Normal
2026-02-10 16:10:54.268924,Toronto-8edb,43,81,Normal
2026-02-10 16:10:55.268924,Toronto-8edb,30,3,Normal
2026-02-10 16:10:56.268924,Toronto-8edb,36,68,Normal
2026-02-10 16:10:57.268924,Toronto-8edb,1,81,Normal
2026-02-10 16:10:58.268924,Toronto-8edb,17,31,Normal
2026-02-10 16:10:59.268924,Toronto-8edb,38,89,Normal
2026-02-10 16:11:00.268924,Toronto-8edb,29,90,Normal
2026-02-10 16:11:01.268924,Toronto-8edb,33,48,Normal
2026-02-10 16:11:02.268924,Toronto-8edb,39,16,Normal
2026-02-10 16:11:03.268924,Toronto-8edb,48,66,Normal
2026-02-10 16:11:04.268924,Toronto-8edb,28,48,Normal
2026-02-10 16:11:05.268924,Toronto-8edb,20,28,Normal
2026-02-10 16:11:06.268924,Toronto-8edb,-3,47,Normal
2026-02-10 16:11:07.268924,Toronto-8edb,-19,7,Normal
2026-02-10 16:11:08.268924,Toronto-8edb,-16,88,Normal
2026-02-10 16:11:09.268924,Toronto-8edb,43,44,Normal
2026-02-10 16:11:10.268924,Toronto-8edb,18,6,Normal
2026-02-10 16:11:11.268924,Toronto-8edb,-17,50,Normal
2026-02-10 16:11:12.268924,Toronto-8edb,3,29,Normal
2026-02-10 16:11:13.268924,Toronto-8edb,14,16,Normal
2026-02-10 16:11:14.268924,Toronto-8edb,48,75,Normal
2026-02-10 16:11:15.268924,Toronto-8edb,41,31,Normal
2026-02-10 16:11:16.268924,Toronto-8edb,0,24,Normal
2026-02-10 16:11:17.268924,Toronto-8edb,-30,53,Normal
2026-02-10 16:11:18.268924,Toronto-8edb,43,58,Normal
2026-02-10 16:11:19.268924,Toronto-8edb,-10,62,Normal
2026-02-10 16:11:20.268924,Toronto-8edb,24,3,Normal
2026-02-10 16:11:21.268924,Toronto-8edb,25,86,Normal
2026-02-10 16:11:22.268924,Toronto-8edb,32,84,Normal
2026-02-10 16:11:23.268924,Toronto-8edb,7,74,Normal
2026-02-10 16:11:24.268924,Toronto-8edb,-13,61,Normal
2026-02-10 16:11:25.268924,Toronto-8edb,-18,15,Normal
2026-02-10 16:11:26.268924,Toronto-8edb,13,35,Normal
2026-02-10 16:11:27.268924,Toronto-8edb,-19,11,Normal
2026-02-10 16:11:28.268924,Toronto-8edb,-16,86,Normal
2026-02-10 16:11:29.268924,Toronto-8edb,8,74,Normal
2026-02-10 16:11:30.268924,Toronto-8edb,32,89,Normal
2026-02-10 16:11:31.268924,Toronto-8edb,-22,93,Normal
2026-02-10 16:11:32.268924,Toronto-8edb,-15,30,Normal
2026-02-10 16:11:33.268924,Toronto-8edb,28,1,Normal
2026-02-10 16:11:34.268924,Toronto-8edb,-3,4,Normal
2026-02-10 16:11:35.268924,Toronto-8edb,18,76,Normal
2026-02-10 16:11:36.268924,Toronto-8edb,36,3,Normal
2026-02-10 16:11:37.268924,Toronto-8edb,37,52,Normal
2026-02-10 16:11:38.268924,Toronto-8edb,20,4,Normal
2026-02-10 16:11:39.268924,Toronto-8edb,-1,87,Normal
2026-02-10 16:11:40.268924,Toronto-8edb,30,43,Normal
2026-02-10 16:11:41.268924,Toronto-8edb,21,9,Normal
2026-02-10 16:11:42.268924,Toronto-8edb,-21,24,Normal
2026-02-10 16:11:43.268924,Toronto-8edb,33,22,Normal
2026-02-10 16:11:44.268924,Toronto-8edb,-1,83,Normal
2026-02-10 16:11:45.268924,Toronto-8edb,8,31,Normal
2026-02-10 16:11:46.268924,Toronto-8edb,37,87,Normal
2026-02-10 16:11:47.268924,Toronto-8edb,37,39,Normal
2026-02-10 16:11:48.268924,Toronto-8edb,-21,65,Normal
2026-02-10 16:11:49.268924,Toronto-8edb,6,54,Normal
2026-02-10 16:11:50.268924,Toronto-8edb,24,38,Normal
2026-02-10 16:11:51.268924,Toronto-8edb,-27,33,Normal
2026-02-10 16:11:52.268924,Toronto-8edb,10,55,Normal
2026-02-10 16:11:53.268924,Toronto-8edb,-23,0,Normal
2026-02-10 16:11:54.268924,Toronto-8edb,49,53,Normal
2026-02-10 16:11:55.268924,Toronto-8edb,24,61,Normal
2026-02-10 16:11:56.268924,Toronto-8edb,0,27,Normal
2026-02-10 16:11:57.268924,Toronto-8edb,4,53,Normal
2026-02-10 16:11:58.268924,Toronto-8edb,-9,92,Normal
2026-02-10 16:11:59.268924,Toronto-8edb,-27,48,Normal
2026-02-10 16:12:00.268924,Toronto-8edb,-6,22,Normal
2026-02-10 16:12:01.268924,Toronto-8edb,29,60,Normal
2026-02-10 16:12:02.268924,Toronto-8edb,13,67,Normal
2026-02-10 16:12:03.268924,Toronto-8edb,50,41,Normal
2026-02-10 16:12:04.268924,Toronto-8edb,50,14,Normal
2026-02-10 16:12:05.268924,Toronto-8edb,37,75,Normal
2026-02-10 16:12:06.268924,Toronto-8edb,37,16,Normal
2026-02-10 16:12:07.268924,Toronto-8edb,49,64,Normal
2026-02-10 16:12:08.268924,Toronto-8edb,-27,82,Normal
2026-02-10 16:12:09.268924,Toronto-8edb,21,54,Normal
2026-02-10 16:12:10.268924,Toronto-8edb,22,4,Normal
2026-02-10 16:12:11.268924,Toronto-8edb,24,49,Normal
2026-02-10 16:12:12.268924,Toronto-8edb,16,86,Normal
2026-02-10 16:12:13.268924,Toronto-8edb,5,4,Normal
2026-02-10 16:12:14.268924,Toronto-8edb,-5,73,Normal
2026-02-10 16:12:15.268924,Toronto-8edb,44,93,Normal
2026-02-10 16:12:16.268924,Toronto-8edb,-7,61,Normal
2026-02-10 16:12:17.268924,Toronto-8edb,20,75,Normal
2026-02-10 16:12:18.268924,Toronto-8edb,-27,86,Normal
2026-02-10 16:12:19.268924,Toronto-8edb,14,23,Normal
2026-02-10 16:12:20.268924,Toronto-8edb,15,24,Normal
2026-02-10 16:12:21.268924,Toronto-8edb,30,97,Normal
2026-02-10 16:12:22.268924,Toronto-8edb,9,52,Normal
2026-02-10 16:12:23.268924,Toronto-8edb,6,41,Normal
2026-02-10 16:12:24.268924,Toronto-8edb,22,50,Normal
2026-02-10 16:12:25.268924,Toronto-8edb,-24,50,Normal
2026-02-10 16:12:26.268924,Toronto-8edb,42,57,Normal
2026-02-10 16:12:27.268924,Toronto-8edb,8,79,Normal
2026-02-10 16:12:28.268924,Toronto-8edb,-20,27,Normal
2026-02-10 16:12:29.268924,Toronto-8edb,-19,51,Normal
2026-02-10 16:12:30.268924,Toronto-8edb,39,82,Normal
2026-02-10 16:12:31.268924,Toronto-8edb,24,86,Normal
2026-02-10 16:12:32.268924,Toronto-8edb,-20,55,Normal
2026-02-10 16:12:33.268924,Toronto-8edb,-26,85,Normal
2026-02-10 16:12:34.268924,Toronto-8edb,37,24,Normal
2026-02-10 16:12:35.268924,Toronto-8edb,31,90,Normal
2026-02-10 16:12:36.268924,Toronto-8edb,-12,24,Normal
2026-02-10 16:12:37.268924,Toronto-8edb,-6,87,Normal
2026-02-10 16:12:38.268924,Toronto-8edb,36,67,Normal
2026-02-10 16:12:39.268924,Toronto-8edb,33,37,Normal
2026-02-10 16:12:40.268924,Toronto-8edb,36,53,Normal
2026-02-10 16:12:41.268924,Toronto-8edb,35,11,Normal
2026-02-10 16:12:42.268924,Toronto-8edb,1,49,Normal
2026-02-10 16:12:43.268924,Toronto-8edb,-3,56,Normal
2026-02-10 16:12:44.268924,Toronto-8edb,48,83,Normal
2026-02-10 16:12:45.268924,Toronto-8edb,23,84,Normal
2026-02-10 16:12:46.268924,Toronto-8edb,35,56,Normal
2026-02-10 16:12:47.268924,Toronto-8edb,-25,53,Normal
2026-02-10 16:12:48.268924,Toronto-8edb,16,90,Normal
2026-02-10 16:12:49.268924,Toronto-8edb,49,43,Normal
2026-02-10 16:12:50.268924,Toronto-8edb,43,55,Normal
2026-02-10 16:12:51.268924,Toronto-8edb,-14,100,Normal
2026-02-10 16:12:52.268924,Toronto-8edb,-18,37,Normal
2026-02-10 16:12:53.268924,Toronto-8edb,40,70,Normal
2026-02-10 16:12:54.268924,Toronto-8edb,37,27,Normal
2026-02-10 16:12:55.268924,Toronto-8edb,23,60,Normal
2026-02-10 16:12:56.268924,Toronto-8edb,-24,10,Normal
2026-02-10 16:12:57.268924,Toronto-8edb,41,16,Normal
2026-02-10 16:12:58.268924,Toronto-8edb,5,68,Normal
2026-02-10 16:12:59.268924,Toronto-8edb,35,68,Normal
2026-02-10 16:13:00.268924,Toronto-8edb,-1,78,Normal
2026-02-10 16:13:01.268924,Toronto-8edb,-12,50,Normal
2026-02-10 16:13:02.268924,Toronto-8edb,-17,92,Normal
2026-02-10 16:13:03.268924,Toronto-8edb,38,35,Normal
2026-02-10 16:13:04.268924,Toronto-8edb,40,53,Normal
2026-02-10 16:13:05.268924,Toronto-8edb,37,67,Normal
2026-02-10 16:13:06.268924,Toronto-8edb,-23,92,Normal
2026-02-10 16:13:07.268924,Toronto-8edb,-22,17,Normal
2026-02-10 16:13:08.268924,Toronto-8edb,44,48,Normal
2026-02-10 16:13:09.268924,Toronto-8edb,15,10,Normal
2026-02-10 16:13:10.268924,Toronto-8edb,32,81,Normal
2026-02-10 16:13:11.268924,Toronto-8edb,-16,31,Normal
2026-02-10 16:13:12.268924,Toronto-8edb,1,24,Normal
2026-02-10 16:13:13.268924,Toronto-8edb,23,41,Normal
2026-02-10 16:13:14.268924,Toronto-8edb,-14,16,Normal
2026-02-10 16:13:15.268924,Toronto-8edb,5,32,Normal
2026-02-10 16:13:16.268924,Toronto-8edb,28,74,Normal
2026-02-10 16:13:17.268924,Toronto-8edb,41,69,Normal
2026-02-10 16:13:18.268924,Toronto-8edb,40,39,Normal
2026-02-10 16:13:19.268924,Toronto-8edb,29,96,Normal
2026-02-10 16:13:20.268924,Toronto-8edb,29,16,Normal
2026-02-10 16:13:21.268924,Toronto-8edb,13,17,Normal
2026-02-10 16:13:22.268924,Toronto-8edb,24,7,Normal
2026-02-10 16:13:23.268924,Toronto-8edb,-3,18,Normal
2026-02-10 16:13:24.268924,Toronto-8edb,32,8,Normal
2026-02-10 16:13:25.268924,Toronto-8edb,41,3,Normal
2026-02-10 16:13:26.268924,Toronto-8edb,8,99,Normal
2026-02-10 16:13:27.268924,Toronto-8edb,41,54,Normal
2026-02-10 16:13:28.268924,Toronto-8edb,9,48,Normal
2026-02-10 16:13:29.268924,Toronto-8edb,-14,99,Normal
2026-02-10 16:13:30.268924,Toronto-8edb,2,75,Normal
2026-02-10 16:13:31.268924,Toronto-8edb,23,14,Normal
2026-02-10 16:13:32.268924,Toronto-8edb,-7,90,Normal
2026-02-10 16:13:33.268924,Toronto-8edb,43,82,Normal
2026-02-10 16:13:34.268924,Toronto-8edb,1,80,Normal
2026-02-10 16:13:35.268924,Toronto-8edb,8,24,Normal
2026-02-10 16:13:36.268924,Toronto-8edb,25,59,Normal
2026-02-10 16:13:37.268924,Toronto-8edb,8,7,Normal
2026-02-10 16:13:38.268924,Toronto-8edb,-14,19,Normal
2026-02-10 16:13:39.268924,Toronto-8edb,49,46,Normal
2026-02-10 16:13:40.268924,Toronto-8edb,-9,50,Normal
2026-02-10 16:13:41.268924,Toronto-8edb,-3,36,Normal
2026-02-10 16:13:42.268924,Toronto-8edb,13,0,Normal
2026-02-10 16:13:43.268924,Toronto-8edb,-14,86,Normal
2026-02-10 16:13:44.268924,Toronto-8edb,-29,26,Normal
2026-02-10 16:13:45.268924,Toronto-8edb,-14,50,Normal
2026-02-10 16:13:46.268924,Toronto-8edb,47,94,Normal
2026-02-10 16:13:47.268924,Toronto-8edb,30,41,Normal
2026-02-10 16:13:48.268924,Toronto-8edb,28,35,Normal
2026-02-10 16:13:49.268924,Toronto-8edb,3,16,Normal
2026-02-10 16:13:50.268924,Toronto-8edb,22,82,Normal
2026-02-10 16:13:51.268924,Toronto-8edb,21,72,Normal
2026-02-10 16:13:52.268924,Toronto-8edb,18,44,Normal
2026-02-10 16:13:53.268924,Toronto-8edb,22,94,Normal
2026-02-10 16:13:54.268924,Toronto-8edb,5,55,Normal
2026-02-10 16:13:55.268924,Toronto-8edb,-22,71,Normal
2026-02-10 16:13:56.268924,Toronto-8edb,21,31,Normal
2026-02-10 16:13:57.268924,Toronto-8edb,-21,53,Normal
2026-02-10 16:13:58.268924,Toronto-8edb,8,69,Normal
2026-02-10 16:13:59.268924,Toronto-8edb,30,1,Normal
2026-02-10 16:14:00.268924,Toronto-8edb,25,4,Normal
2026-02-10 16:14:01.268924,Toronto-8edb,40,40,Normal
2026-02-10 16:14:02.268924,Toronto-8edb,-25,97,Normal
2026-02-10 16:14:03.268924,Toronto-8edb,-21,80,Normal
2026-02-10 16:14:04.268924,Toronto-8edb,12,91,Normal
2026-02-10 16:14:05.268924,Toronto-8edb,-16,32,Normal
2026-02-10 16:14:06.268924,Toronto-8edb,-10,4,Normal
2026-02-10 16:14:07.268924,Toronto-8edb,5,39,Normal
2026-02-10 16:14:08.268924,Toronto-8edb,-18,27,Normal
2026-02-10 16:14:09.268924,Toronto-8edb,-30,84,Normal
2026-02-10 16:14:10.268924,Toronto-8edb,36,78,Normal
2026-02-10 16:14:11.268924,Toronto-8edb,31,61,Normal
2026-02-10 16:14:12.268924,Toronto-8edb,0,40,Normal
2026-02-10 16:14:13.268924,Toronto-8edb,10,51,Normal
2026-02-10 16:14:14.268924,Toronto-8edb,39,45,Normal
2026-02-10 16:14:15.268924,Toronto-8edb,31,15,Normal
2026-02-10 16:14:16.268924,Toronto-8edb,28,35,Normal
2026-02-10 16:14:17.268924,Toronto-8edb,15,14,Normal
2026-02-10 16:14:18.268924,Toronto-8edb,1,5,Normal
2026-02-10 16:14:19.268924,Toronto-8edb,-21,16,Normal
2026-02-10 16:14:20.268924,Toronto-8edb,-23,24,Normal
2026-02-10 16:14:21.268924,Toronto-8edb,42,57,Normal
2026-02-10 16:14:22.268924,Toronto-8edb,27,4,Normal
2026-02-10 16:14:23.268924,Toronto-8edb,23,65,Normal
2026-02-10 16:14:24.268924,Toronto-8edb,-30,6,Normal
2026-02-10 16:14:25.268924,Toronto-8edb,-30,51,Normal
2026-02-10 16:14:26.268924,Toronto-8edb,-1,28,Normal
2026-02-10 16:14:27.268924,Toronto-8edb,13,54,Normal
2026-02-10 16:14:28.268924,Toronto-8edb,-10,34,Normal
2026-02-10 16:14:29.268924,Toronto-8edb,-19,95,Normal
2026-02-10 16:14:30.268924,Toronto-8edb,35,13,Normal
2026-02-10 16:14:31.268924,Toronto-8edb,-26,29,Normal
2026-02-10 16:14:32.268924,Toronto-8edb,30,26,Normal
2026-02-10 16:14:33.268924,Toronto-8edb,-9,14,Normal
2026-02-10 16:14:34.268924,Toronto-8edb,13,19,Normal
2026-02-10 16:14:35.268924,Toronto-8edb,45,37,Normal
2026-02-10 16:14:36.268924,Toronto-8edb,14,100,Normal
2026-02-10 16:14:37.268924,Toronto-8edb,-29,64,Normal
2026-02-10 16:14:38.268924,Toronto-8edb,-27,28,Normal
2026-02-10 16:14:39.268924,Toronto-8edb,9,44,Normal
2026-02-10 16:14:40.268924,Toronto-8edb,38,9,Normal
2026-02-10 16:14:41.268924,Toronto-8edb,21,84,Normal
2026-02-10 16:14:42.268924,Toronto-8edb,18,19,Normal
2026-02-10 16:14:43.268924,Toronto-8edb,-29,53,Normal
2026-02-10 16:14:44.268924,Toronto-8edb,36,12,Normal
2026-02-10 16:14:45.268924,Toronto-8edb,33,9,Normal
2026-02-10 16:14:46.268924,Toronto-8edb,-29,92,Normal
2026-02-10 16:14:47.268924,Toronto-8edb,50,98,Normal
2026-02-10 16:14:48.268924,Toronto-8edb,-8,64,Normal
2026-02-10 16:14:49.268924,Toronto-8edb,7,7,Normal
2026-02-10 16:14:50.268924,Toronto-8edb,16,53,Normal
2026-02-10 16:14:51.268924,Toronto-8edb,-8,25,Normal
2026-02-10 16:14:52.268924,Toronto-8edb,-5,25,Normal
2026-02-10 16:14:53.268924,Toronto-8edb,21,99,Normal
2026-02-10 16:14:54.268924,Toronto-8edb,-12,70,Normal
2026-02-10 16:14:55.268924,Toronto-8edb,-24,72,Normal
2026-02-10 16:14:56.268924,Toronto-8edb,18,51,Normal
2026-02-10 16:14:57.268924,Toronto-8edb,-11,41,Normal
2026-02-10 16:14:58.268924,Toronto-8edb,14,69,Normal
2026-02-10 16:14:59.268924,Toronto-8edb,8,98,Normal
2026-02-10 16:15:00.268924,Toronto-8edb,35,69,Normal
2026-02-10 16:15:01.268924,Toronto-8edb,-8,16,Normal
2026-02-10 16:15:02.268924,Toronto-8edb,33,22,Normal
2026-02-10 16:15:03.268924,Toronto-8edb,26,89,Normal
2026-02-10 16:15:04.268924,Toronto-8edb,40,36,Normal
2026-02-10 16:15:05.268924,Toronto-8edb,-13,28,Normal
2026-02-10 16:15:06.268924,Toronto-8edb,21,27,Normal
2026-02-10 16:15:07.268924,Toronto-8edb,48,50,Normal
2026-02-10 16:15:08.268924,Toronto-8edb,-2,78,Normal
2026-02-10 16:15:09.268924,Toronto-8edb,-16,64,Normal
2026-02-10 16:15:10.268924,Toronto-8edb,-23,11,Normal
2026-02-10 16:15:11.268924,Toronto-8edb,-13,90,Normal
2026-02-10 16:15:12.268924,Toronto-8edb,45,78,Normal
2026-02-10 16:15:13.268924,Toronto-8edb,-1,3,Normal
2026-02-10 16:15:14.268924,Toronto-8edb,43,40,Normal
2026-02-10 16:15:15.268924,Toronto-8edb,33,29,Normal
2026-02-10 16:15:16.268924,Toronto-8edb,-12,23,Normal
2026-02-10 16:15:17.268924,Toronto-8edb,32,21,Normal
2026-02-10 16:15:18.268924,Toronto-8edb,-17,19,Normal
2026-02-10 16:15:19.268924,Toronto-8edb,-30,26,Normal
2026-02-10 16:15:20.268924,Toronto-8edb,45,55,Normal
2026-02-10 16:15:21.268924,Toronto-8edb,-12,93,Normal
2026-02-10 16:15:22.268924,Toronto-8edb,-10,11,Normal
2026-02-10 16:15:23.268924,Toronto-8edb,6,11,Normal
2026-02-10 16:15:24.268924,Toronto-8edb,-8,20,Normal
2026-02-10 16:15:25.268924,Toronto-8edb,-7,10,Normal
2026-02-10 16:15:26.268924,Toronto-8edb,-2,43,Normal
2026-02-10 16:15:27.268924,Toronto-8edb,26,35,Normal
2026-02-10 16:15:28.268924,Toronto-8edb,-23,88,Normal
2026-02-10 16:15:29.268924,Toronto-8edb,16,17,Normal
2026-02-10 16:15:30.268924,Toronto-8edb,-3,58,Normal
2026-02-10 16:15:31.268924,Toronto-8edb,33,1,Normal
2026-02-10 16:15:32.268924,Toronto-8edb,-27,29,Normal
2026-02-10 16:15:33.268924,Toronto-8edb,48,95,Normal
2026-02-10 16:15:34.268924,Toronto-8edb,35,31,Normal
2026-02-10 16:15:35.268924,Toronto-8edb,49,40,Normal
2026-02-10 16:15:36.268924,Toronto-8edb,23,3,Normal
2026-02-10 16:15:37.268924,Toronto-8edb,2,57,Normal
2026-02-10 16:15:38.268924,Toronto-8edb,-30,0,Normal
2026-02-10 16:15:39.268924,Toronto-8edb,9,6,Normal
2026-02-10 16:15:40.268924,Toronto-8edb,24,82,Normal
2026-02-10 16:15:41.268924,Toronto-8edb,20,28,Normal
2026-02-10 16:15:42.268924,Toronto-8edb,27,84,Normal
2026-02-10 16:15:43.268924,Toronto-8edb,16,1,Normal
2026-02-10 16:15:44.268924,Toronto-8edb,48,38,Normal
2026-02-10 16:15:45.268924,Toronto-8edb,-3,30,Normal
2026-02-10 16:15:46.268924,Toronto-8edb,9,19,Normal
2026-02-10 16:15:47.268924,Toronto-8edb,-22,84,Normal
2026-02-10 16:15:48.268924,Toronto-8edb,-7,26,Normal
2026-02-10 16:15:49.268924,Toronto-8edb,3,89,Normal
2026-02-10 16:15:50.268924,Toronto-8edb,17,55,Normal
2026-02-10 16:15:51.268924,Toronto-8edb,5,2,Normal
2026-02-10 16:15:52.268924,Toronto-8edb,32,45,Normal
2026-02-10 16:15:53.268924,Toronto-8edb,22,73,Normal
2026-02-10 16:15:54.268924,Toronto-8edb,16,61,Normal
2026-02-10 16:15:55.268924,Toronto-8edb,49,21,Normal
2026-02-10 16:15:56.268924,Toronto-8edb,49,85,Normal
2026-02-10 16:15:57.268924,Toronto-8edb,32,41,Normal
2026-02-10 16:15:58.268924,Toronto-8edb,-20,55,Normal
2026-02-10 16:15:59.268924,Toronto-8edb,40,95,Normal
2026-02-10 16:16:00.268924,Toronto-8edb,46,40,Normal
2026-02-10 16:16:01.268924,Toronto-8edb,28,13,Normal
2026-02-10 16:16:02.268924,Toronto-8edb,8,23,Normal
2026-02-10 16:16:03.268924,Toronto-8edb,-5,64,Normal
2026-02-10 16:16:04.268924,Toronto-8edb,16,30,Normal
2026-02-10 16:16:05.268924,Toronto-8edb,27,68,Normal
2026-02-10 16:16:06.268924,Toronto-8edb,43,97,Normal
2026-02-10 16:16:07.268924,Toronto-8edb,-5,93,Normal
2026-02-10 16:16:08.268924,Toronto-8edb,46,6,Normal
2026-02-10 16:16:09.268924,Toronto-8edb,33,100,Normal
2026-02-10 16:16:10.268924,Toronto-8edb,0,65,Normal
2026-02-10 16:16:11.268924,Toronto-8edb,-26,13,Normal
2026-02-10 16:16:12.268924,Toronto-8edb,-14,90,Normal
2026-02-10 16:16:13.268924,Toronto-8edb,18,91,Normal
2026-02-10 16:16:14.268924,Toronto-8edb,24,12,Normal
2026-02-10 16:16:15.268924,Toronto-8edb,-29,16,Normal
2026-02-10 16:16:16.268924,Toronto-8edb,41,47,Normal
2026-02-10 16:16:17.268924,Toronto-8edb,15,24,Normal
2026-02-10 16:16:18.268924,Toronto-8edb,-6,32,Normal
2026-02-10 16:16:19.268924,Toronto-8edb,-5,52,Normal
2026-02-10 16:16:20.268924,Toronto-8edb,26,83,Normal
2026-02-10 16:16:21.268924,Toronto-8edb,1,68,Normal
2026-02-10 16:16:22.268924,Toronto-8edb,7,54,Normal
2026-02-10 16:16:23.268924,Toronto-8edb,33,1,Normal
2026-02-10 16:16:24.268924,Toronto-8edb,41,71,Normal
2026-02-10 16:16:25.268924,Toronto-8edb,47,66,Normal
2026-02-10 16:16:26.268924,Toronto-8edb,-12,3,Normal
2026-02-10 16:16:27.268924,Toronto-8edb,19,68,Normal
2026-02-10 16:16:28.268924,Toronto-8edb,31,2,Normal
2026-02-10 16:16:29.268924,Toronto-8edb,-19,66,Normal
2026-02-10 16:16:30.268924,Toronto-8edb,-27,28,Normal
2026-02-10 16:16:31.268924,Toronto-8edb,16,55,Normal
2026-02-10 16:16:32.268924,Toronto-8edb,-19,28,Normal
2026-02-10 16:16:33.268924,Toronto-8edb,-4,48,Normal
2026-02-10 16:16:34.268924,Toronto-8edb,-27,9,Normal
2026-02-10 16:16:35.268924,Toronto-8edb,-7,12,Normal
2026-02-10 16:16:36.268924,Toronto-8edb,6,37,Normal
2026-02-10 16:16:37.268924,Toronto-8edb,18,16,Normal
2026-02-10 16:16:38.268924,Toronto-8edb,-13,30,Normal
2026-02-10 16:16:39.268924,Toronto-8edb,-3,50,Normal
2026-02-10 16:16:40.268924,Toronto-8edb,2,14,Normal
2026-02-10 16:16:41.268924,Toronto-8edb,9,73,Normal
2026-02-10 16:16:42.268924,Toronto-8edb,14,83,Normal
2026-02-10 16:16:43.268924,Toronto-8edb,40,68,Normal
2026-02-10 16:16:44.268924,Toronto-8edb,2,15,Normal
2026-02-10 16:16:45.268924,Toronto-8edb,-21,44,Normal
2026-02-10 16:16:46.268924,Toronto-8edb,41,21,Normal
2026-02-10 16:16:47.268924,Toronto-8edb,9,34,Normal
2026-02-10 16:16:48.268924,Toronto-8edb,-10,1,Normal
2026-02-10 16:16:49.268924,Toronto-8edb,5,56,Normal
2026-02-10 16:16:50.268924,Toronto-8edb,46,4,Normal
2026-02-10 16:16:51.268924,Toronto-8edb,-26,53,Normal
2026-02-10 16:16:52.268924,Toronto-8edb,-22,53,Normal
2026-02-10 16:16:53.268924,Toronto-8edb,-2,22,Normal
2026-02-10 16:16:54.268924,Toronto-8edb,1,31,Normal
2026-02-10 16:16:55.268924,Toronto-8edb,-27,82,Normal
2026-02-10 16:16:56.268924,Toronto-8edb,-3,78,Normal
2026-02-10 16:16:57.268924,Toronto-8edb,7,76,Normal
2026-02-10 16:16:58.268924,Toronto-8edb,3,23,Normal
2026-02-10 16:16:59.268924,Toronto-8edb,12,92,Normal
2026-02-10 16:17:00.268924,Toronto-8edb,18,28,Normal
2026-02-10 16:17:01.268924,Toronto-8edb,-19,23,Normal
2026-02-10 16:17:02.268924,Toronto-8edb,-2,98,Normal
2026-02-10 16:17:03.268924,Toronto-8edb,38,98,Normal
2026-02-10 16:17:04.268924,Toronto-8edb,28,19,Normal
2026-02-10 16:17:05.268924,Toronto-8edb,27,61,Normal
2026-02-10 16:17:06.268924,Toronto-8edb,18,36,Normal
2026-02-10 16:17:07.268924,Toronto-8edb,-5,15,Normal
2026-02-10 16:17:08.268924,Toronto-8edb,-29,58,Normal
2026-02-10 16:17:09.268924,Toronto-8edb,-17,92,Normal
2026-02-10 16:17:10.268924,Toronto-8edb,30,26,Normal
2026-02-10 16:17:11.268924,Toronto-8edb,4,86,Normal
2026-02-10 16:17:12.268924,Toronto-8edb,7,33,Normal
2026-02-10 16:17:13.268924,Toronto-8edb,32,9,Normal
2026-02-10 16:17:14.268924,Toronto-8edb,26,70,Normal
2026-02-10 16:17:15.268924,Toronto-8edb,-20,61,Normal
2026-02-10 16:17:16.268924,Toronto-8edb,49,67,Normal
2026-02-10 16:17:17.268924,Toronto-8edb,1,36,Normal
2026-02-10 16:17:18.268924,Toronto-8edb,-4,83,Normal
2026-02-10 16:17:19.268924,Toronto-8edb,14,55,Normal
2026-02-10 16:17:20.268924,Toronto-8edb,-18,43,Normal
2026-02-10 16:17:21.268924,Toronto-8edb,-20,54,Normal
2026-02-10 16:17:22.268924,Toronto-8edb,15,84,Normal
2026-02-10 16:17:23.268924,Toronto-8edb,-21,6,Normal
2026-02-10 16:17:24.268924,Toronto-8edb,45,73,Normal
2026-02-10 16:17:25.268924,Toronto-8edb,27,3,Normal
2026-02-10 16:17:26.268924,Toronto-8edb,43,77,Normal
2026-02-10 16:17:27.268924,Toronto-8edb,26,11,Normal
2026-02-10 16:17:28.268924,Toronto-8edb,50,83,Normal
2026-02-10 16:17:29.268924,Toronto-8edb,45,77,Normal
2026-02-10 16:17:30.268924,Toronto-8edb,-14,38,Normal
2026-02-10 16:17:31.268924,Toronto-8edb,-12,35,Normal
2026-02-10 16:17:32.268924,Toronto-8edb,22,84,Normal
2026-02-10 16:17:33.268924,Toronto-8edb,22,30,Normal
2026-02-10 16:17:34.268924,Toronto-8edb,-13,96,Normal
2026-02-10 16:17:35.268924,Toronto-8edb,-29,30,Normal
2026-02-10 16:17:36.268924,Toronto-8edb,-20,23,Normal
2026-02-10 16:17:37.268924,Toronto-8edb,28,19,Normal
2026-02-10 16:17:38.268924,Toronto-8edb,19,87,Normal
2026-02-10 16:17:39.268924,Toronto-8edb,4,50,Normal
2026-02-10 16:17:40.268924,Toronto-8edb,-27,54,Normal
2026-02-10 16:17:41.268924,Toronto-8edb,-6,55,Normal
2026-02-10 16:17:42.268924,Toronto-8edb,17,44,Normal
2026-02-10 16:17:43.268924,Toronto-8edb,9,3,Normal
2026-02-10 16:17:44.268924,Toronto-8edb,21,15,Normal
2026-02-10 16:17:45.268924,Toronto-8edb,-3,91,Normal
2026-02-10 16:17:46.268924,Toronto-8edb,37,36,Normal
2026-02-10 16:17:47.268924,Toronto-8edb,9,43,Normal
2026-02-10 16:17:48.268924,Toronto-8edb,19,6,Normal
2026-02-10 16:17:49.268924,Toronto-8edb,10,68,Normal
2026-02-10 16:17:50.268924,Toronto-8edb,-29,66,Normal
2026-02-10 16:17:51.268924,Toronto-8edb,19,40,Normal
2026-02-10 16:17:52.268924,Toronto-8edb,20,29,Normal
2026-02-10 16:17:53.268924,Toronto-8edb,-9,92,Normal
2026-02-10 16:17:54.268924,Toronto-8edb,11,82,Normal
2026-02-10 16:17:55.268924,Toronto-8edb,-2,40,Normal
2026-02-10 16:17:56.268924,Toronto-8edb,-1,21,Normal
2026-02-10 16:17:57.268924,Toronto-8edb,-8,20,Normal
2026-02-10 16:17:58.268924,Toronto-8edb,16,89,Normal
2026-02-10 16:17:59.268924,Toronto-8edb,38,73,Normal
2026-02-10 16:18:00.268924,Toronto-8edb,44,95,Normal
2026-02-10 16:18:01.268924,Toronto-8edb,48,35,Normal
2026-02-10 16:18:02.268924,Toronto-8edb,-29,81,Normal
2026-02-10 16:18:03.268924,Toronto-8edb,33,54,Normal
2026-02-10 16:18:04.268924,Toronto-8edb,-27,50,Normal
2026-02-10 16:18:05.268924,Toronto-8edb,17,3,Normal
2026-02-10 16:18:06.268924,Toronto-8edb,-9,16,Normal
2026-02-10 16:18:07.268924,Toronto-8edb,11,18,Normal
2026-02-10 16:18:08.268924,Toronto-8edb,-16,65,Normal
2026-02-10 16:18:09.268924,Toronto-8edb,18,40,Normal
2026-02-10 16:18:10.268924,Toronto-8edb,-27,20,Normal
2026-02-10 16:18:11.268924,Toronto-8edb,23,73,Normal
2026-02-10 16:18:12.268924,Toronto-8edb,26,53,Normal
2026-02-10 16:18:13.268924,Toronto-8edb,-1,11,Normal
2026-02-10 16:18:14.268924,Toronto-8edb,17,57,Normal
2026-02-10 16:18:15.268924,Toronto-8edb,21,68,Normal
2026-02-10 16:18:16.268924,Toronto-8edb,-23,78,Normal
2026-02-10 16:18:17.268924,Toronto-8edb,17,23,Normal
2026-02-10 16:18:18.268924,Toronto-8edb,2,30,Normal
2026-02-10 16:18:19.268924,Toronto-8edb,33,100,Normal
2026-02-10 16:18:20.268924,Toronto-8edb,6,72,Normal
2026-02-10 16:18:21.268924,Toronto-8edb,45,65,Normal
2026-02-10 16:18:22.268924,Toronto-8edb,-6,73,Normal
2026-02-10 16:18:23.268924,Toronto-8edb,-11,31,Normal
2026-02-10 16:18:24.268924,Toronto-8edb,37,85,Normal
2026-02-10 16:18:25.268924,Toronto-8edb,-17,27,Normal
2026-02-10 16:18:26.268924,Toronto-8edb,35,11,Normal
2026-02-10 16:18:27.268924,Toronto-8edb,49,75,Normal
2026-02-10 16:18:28.268924,Toronto-8edb,-28,93,Normal
2026-02-10 16:18:29.268924,Toronto-8edb,-6,71,Normal
2026-02-10 16:18:30.268924,Toronto-8edb,47,85,Normal
2026-02-10 16:18:31.268924,Toronto-8edb,-8,70,Normal
2026-02-10 16:18:32.268924,Toronto-8edb,28,21,Normal
2026-02-10 16:18:33.268924,Toronto-8edb,-4,64,Normal
2026-02-10 16:18:34.268924,Toronto-8edb,33,37,Normal
2026-02-10 16:18:35.268924,Toronto-8edb,7,74,Normal
2026-02-10 16:18:36.268924,Toronto-8edb,-2,75,Normal
2026-02-10 16:18:37.268924,Toronto-8edb,-5,29,Normal
2026-02-10 16:18:38.268924,Toronto-8edb,44,26,Normal
2026-02-10 16:18:39.268924,Toronto-8edb,46,75,Normal
2026-02-10 16:18:40.268924,Toronto-8edb,-30,37,Normal
2026-02-10 16:18:41.268924,Toronto-8edb,-29,84,Normal
2026-02-10 16:18:42.268924,Toronto-8edb,38,25,Normal
2026-02-10 16:18:43.268924,Toronto-8edb,13,55,Normal
2026-02-10 16:18:44.268924,Toronto-8edb,-21,46,Normal
2026-02-10 16:18:45.268924,Toronto-8edb,-23,85,Normal
2026-02-10 16:18:46.268924,Toronto-8edb,-25,41,Normal
2026-02-10 16:18:47.268924,Toronto-8edb,-7,52,Normal
2026-02-10 16:18:48.268924,Toronto-8edb,29,56,Normal
2026-02-10 16:18:49.268924,Toronto-8edb,6,93,Normal
2026-02-10 16:18:50.268924,Toronto-8edb,-9,6,Normal
2026-02-10 16:18:51.268924,Toronto-8edb,38,26,Normal
2026-02-10 16:18:52.268924,Toronto-8edb,-27,6,Normal
2026-02-10 16:18:53.268924,Toronto-8edb,36,63,Normal
2026-02-10 16:18:54.268924,Toronto-8edb,29,36,Normal
2026-02-10 16:18:55.268924,Toronto-8edb,47,9,Normal
2026-02-10 16:18:56.268924,Toronto-8edb,18,96,Normal
2026-02-10 16:18:57.268924,Toronto-8edb,48,68,Normal
2026-02-10 16:18:58.268924,Toronto-8edb,-19,6,Normal
2026-02-10 16:18:59.268924,Toronto-8edb,-23,84,Normal
2026-02-10 16:19:00.268924,Toronto-8edb,18,39,Normal
2026-02-10 16:19:01.268924,Toronto-8edb,-23,8,Normal
2026-02-10 16:19:02.268924,Toronto-8edb,10,29,Normal
2026-02-10 16:19:03.268924,Toronto-8edb,31,76,Normal
2026-02-10 16:19:04.268924,Toronto-8edb,47,56,Normal
2026-02-10 16:19:05.268924,Toronto-8edb,0,77,Normal
2026-02-10 16:19:06.268924,Toronto-8edb,-14,22,Normal
2026-02-10 16:19:07.268924,Toronto-8edb,9,93,Normal
2026-02-10 16:19:08.268924,Toronto-8edb,-11,33,Normal
2026-02-10 16:19:09.268924,Toronto-8edb,-3,50,Normal
2026-02-10 16:19:10.268924,Toronto-8edb,42,79,Normal
2026-02-10 16:19:11.268924,Toronto-8edb,-22,34,Normal
2026-02-10 16:19:12.268924,Toronto-8edb,-2,69,Normal
2026-02-10 16:19:13.268924,Toronto-8edb,20,26,Normal
2026-02-10 16:19:14.268924,Toronto-8edb,1,15,Normal
2026-02-10 16:19:15.268924,Toronto-8edb,7,9,Normal
2026-02-10 16:19:16.268924,Toronto-8edb,28,46,Normal
2026-02-10 16:19:17.268924,Toronto-8edb,23,41,Normal
2026-02-10 16:19:18.268924,Toronto-8edb,-5,66,Normal
2026-02-10 16:19:19.268924,Toronto-8edb,14,29,Normal
2026-02-10 16:19:20.268924,Toronto-8edb,24,61,Normal
2026-02-10 16:19:21.268924,Toronto-8edb,-25,31,Normal
2026-02-10 16:19:22.268924,Toronto-8edb,7,3,Normal
2026-02-10 16:19:23.268924,Toronto-8edb,48,88,Normal
2026-02-10 16:19:24.268924,Toronto-8edb,-29,60,Normal
2026-02-10 16:19:25.268924,Toronto-8edb,-11,72,Normal
2026-02-10 16:19:26.268924,Toronto-8edb,-3,53,Normal
2026-02-10 16:19:27.268924,Toronto-8edb,-13,13,Normal
2026-02-10 16:19:28.268924,Toronto-8edb,-16,1,Normal
2026-02-10 16:19:29.268924,Toronto-8edb,22,98,Normal
2026-02-10 16:19:30.268924,Toronto-8edb,-29,74,Normal
2026-02-10 16:19:31.268924,Toronto-8edb,-5,37,Normal
2026-02-10 16:19:32.268924,Toronto-8edb,28,66,Normal
2026-02-10 16:19:33.268924,Toronto-8edb,0,89,Normal
2026-02-10 16:19:34.268924,Toronto-8edb,9,26,Normal
2026-02-10 16:19:35.268924,Toronto-8edb,-29,68,Normal
2026-02-10 16:19:36.268924,Toronto-8edb,45,28,Normal
2026-02-10 16:19:37.268924,Toronto-8edb,9,36,Normal
2026-02-10 16:19:38.268924,Toronto-8edb,37,91,Normal
2026-02-10 16:19:39.268924,Toronto-8edb,-30,63,Normal
2026-02-10 16:19:40.268924,Toronto-8edb,-9,51,Normal
2026-02-10 16:19:41.268924,Toronto-8edb,48,86,Normal
2026-02-10 16:19:42.268924,Toronto-8edb,18,29,Normal
2026-02-10 16:19:43.268924,Toronto-8edb,1,85,Normal
2026-02-10 16:19:44.268924,Toronto-8edb,-27,58,Normal
2026-02-10 16:19:45.268924,Toronto-8edb,-28,38,Normal
2026-02-10 16:19:46.268924,Toronto-8edb,44,25,Normal
2026-02-10 16:19:47.268924,Toronto-8edb,20,39,Normal
2026-02-10 16:19:48.268924,Toronto-8edb,-10,82,Normal
2026-02-10 16:19:49.268924,Toronto-8edb,-16,63,Normal
2026-02-10 16:19:50.268924,Toronto-8edb,-30,56,Normal
2026-02-10 16:19:51.268924,Toronto-8edb,-22,16,Normal
2026-02-10 16:19:52.268924,Toronto-8edb,24,18,Normal
2026-02-10 16:19:53.268924,Toronto-8edb,40,91,Normal
2026-02-10 16:19:54.268924,Toronto-8edb,40,21,Normal
2026-02-10 16:19:55.268924,Toronto-8edb,11,20,Normal
2026-02-10 16:19:56.268924,Toronto-8edb,25,86,Normal
2026-02-10 16:19:57.268924,Toronto-8edb,21,51,Normal
2026-02-10 16:19:58.268924,Toronto-8edb,37,87,Normal
2026-02-10 16:19:59.268924,Toronto-8edb,43,63,Normal
2026-02-10 16:20:00.268924,Toronto-8edb,0,40,Normal
2026-02-10 16:20:01.268924,Toronto-8edb,29,40,Normal
2026-02-10 16:20:02.268924,Toronto-8edb,6,17,Normal
2026-02-10 16:20:03.268924,Toronto-8edb,39,52,Normal
2026-02-10 16:20:04.268924,Toronto-8edb,15,23,Normal
2026-02-10 16:20:05.268924,Toronto-8edb,-17,46,Normal
2026-02-10 16:20:06.268924,Toronto-8edb,33,57,Normal
2026-02-10 16:20:07.268924,Toronto-8edb,-2,88,Normal
2026-02-10 16:20:08.268924,Toronto-8edb,18,17,Normal
2026-02-10 16:20:09.268924,Toronto-8edb,17,20,Normal
2026-02-10 16:20:10.268924,Toronto-8edb,22,65,Normal
2026-02-10 16:20:11.268924,Toronto-8edb,50,96,Normal
2026-02-10 16:20:12.268924,Toronto-8edb,29,64,Normal
2026-02-10 16:20:13.268924,Toronto-8edb,5,99,Normal
2026-02-10 16:20:14.268924,Toronto-8edb,50,19,Normal
2026-02-10 16:20:15.268924,Toronto-8edb,23,18,Normal
2026-02-10 16:20:16.268924,Toronto-8edb,20,87,Normal
2026-02-10 16:20:17.268924,Toronto-8edb,-3,20,Normal
2026-02-10 16:20:18.268924,Toronto-8edb,49,99,Normal
2026-02-10 16:20:19.268924,Toronto-8edb,22,13,Normal
2026-02-10 16:20:20.268924,Toronto-8edb,45,25,Normal
2026-02-10 16:20:21.268924,Toronto-8edb,21,14,Normal
2026-02-10 16:20:22.268924,Toronto-8edb,38,63,Normal
2026-02-10 16:20:23.268924,Toronto-8edb,-30,46,Normal
2026-02-10 16:20:24.268924,Toronto-8edb,-26,62,Normal
2026-02-10 16:20:25.268924,Toronto-8edb,-16,13,Normal
2026-02-10 16:20:26.268924,Toronto-8edb,49,21,Normal
2026-02-10 16:20:27.268924,Toronto-8edb,36,12,Normal
2026-02-10 16:20:28.268924,Toronto-8edb,21,21,Normal
2026-02-10 16:20:29.268924,Toronto-8edb,28,41,Normal
2026-02-10 16:20:30.268924,Toronto-8edb,-21,99,Normal
2026-02-10 16:20:31.268924,Toronto-8edb,30,34,Normal
2026-02-10 16:20:32.268924,Toronto-8edb,-21,82,Normal
2026-02-10 16:20:33.268924,Toronto-8edb,43,100,Normal
2026-02-10 16:20:34.268924,Toronto-8edb,37,95,Normal
2026-02-10 16:20:35.268924,Toronto-8edb,-28,81,Normal
2026-02-10 16:20:36.268924,Toronto-8edb,40,98,Normal
2026-02-10 16:20:37.268924,Toronto-8edb,42,85,Normal
2026-02-10 16:20:38.268924,Toronto-8edb,-16,71,Normal
2026-02-10 16:20:39.268924,Toronto-8edb,27,49,Normal
2026-02-10 16:20:40.268924,Toronto-8edb,34,69,Normal
2026-02-10 16:20:41.268924,Toronto-8edb,16,92,Normal
2026-02-10 16:20:42.268924,Toronto-8edb,49,1,Normal
2026-02-10 16:20:43.268924,Toronto-8edb,45,99,Normal
2026-02-10 16:20:44.268924,Toronto-8edb,42,34,Normal
2026-02-10 16:20:45.268924,Toronto-8edb,-30,11,Normal
2026-02-10 16:20:46.268924,Toronto-8edb,36,22,Normal
2026-02-10 16:20:47.268924,Toronto-8edb,3,32,Normal
2026-02-10 16:20:48.268924,Toronto-8edb,-10,84,Normal
2026-02-10 16:20:49.268924,Toronto-8edb,22,15,Normal
2026-02-10 16:20:50.268924,Toronto-8edb,20,5,Normal
2026-02-10 16:20:51.268924,Toronto-8edb,35,83,Normal
2026-02-10 16:20:52.268924,Toronto-8edb,-2,58,Normal
2026-02-10 16:20:53.268924,Toronto-8edb,-16,40,Normal
2026-02-10 16:20:54.268924,Toronto-8edb,8,60,Normal
2026-02-10 16:20:55.268924,Toronto-8edb,44,36,Normal
2026-02-10 16:20:56.268924,Toronto-8edb,14,59,Normal
2026-02-10 16:20:57.268924,Toronto-8edb,44,22,Normal
2026-02-10 16:20:58.268924,Toronto-8edb,28,30,Normal
2026-02-10 16:20:59.268924,Toronto-8edb,15,29,Normal
2026-02-10 16:21:00.268924,Toronto-8edb,-8,66,Normal
2026-02-10 16:21:01.268924,Toronto-8edb,43,84,Normal
2026-02-10 16:21:02.268924,Toronto-8edb,0,38,Normal
2026-02-10 16:21:03.268924,Toronto-8edb,-15,25,Normal
2026-02-10 16:21:04.268924,Toronto-8edb,46,38,Normal
2026-02-10 16:21:05.268924,Toronto-8edb,21,57,Normal
2026-02-10 16:21:06.268924,Toronto-8edb,-21,87,Normal
2026-02-10 16:21:07.268924,Toronto-8edb,46,34,Normal
2026-02-10 16:21:08.268924,Toronto-8edb,-30,99,Normal
2026-02-10 16:21:09.268924,Toronto-8edb,-11,33,Normal
2026-02-10 16:21:10.268924,Toronto-8edb,25,25,Normal
2026-02-10 16:21:11.268924,Toronto-8edb,36,68,Normal
2026-02-10 16:21:12.268924,Toronto-8edb,0,75,Normal
2026-02-10 16:21:13.268924,Toronto-8edb,45,29,Normal
2026-02-10 16:21:14.268924,Toronto-8edb,-28,80,Normal
2026-02-10 16:21:15.268924,Toronto-8edb,23,55,Normal
2026-02-10 16:21:16.268924,Toronto-8edb,4,67,Normal
2026-02-10 16:21:17.268924,Toronto-8edb,49,4,Normal
2026-02-10 16:21:18.268924,Toronto-8edb,20,13,Normal
2026-02-10 16:21:19.268924,Toronto-8edb,37,18,Normal
2026-02-10 16:21:20.268924,Toronto-8edb,39,76,Normal
2026-02-10 16:21:21.268924,Toronto-8edb,28,66,Normal
2026-02-10 16:21:22.268924,Toronto-8edb,2,69,Normal
2026-02-10 16:21:23.268924,Toronto-8edb,34,91,Normal
2026-02-10 16:21:24.268924,Toronto-8edb,28,28,Normal
2026-02-10 16:21:25.268924,Toronto-8edb,17,41,Normal
2026-02-10 16:21:26.268924,Toronto-8edb,42,23,Normal
2026-02-10 16:21:27.268924,Toronto-8edb,-30,19,Normal
2026-02-10 16:21:28.268924,Toronto-8edb,4,17,Normal
2026-02-10 16:21:29.268924,Toronto-8edb,0,4,Normal
2026-02-10 16:21:30.268924,Toronto-8edb,-10,76,Normal
2026-02-10 16:21:31.268924,Toronto-8edb,-2,37,Normal
2026-02-10 16:21:32.268924,Toronto-8edb,46,44,Normal
2026-02-10 16:21:33.268924,Toronto-8edb,42,26,Normal
2026-02-10 16:21:34.268924,Toronto-8edb,-13,35,Normal
2026-02-10 16:21:35.268924,Toronto-8edb,-28,19,Normal
2026-02-10 16:21:36.268924,Toronto-8edb,18,86,Normal
2026-02-10 16:21:37.268924,Toronto-8edb,43,46,Normal
2026-02-10 16:21:38.268924,Toronto-8edb,-4,0,Normal
2026-02-10 16:21:39.268924,Toronto-8edb,19,32,Normal
2026-02-10 16:21:40.268924,Toronto-8edb,0,23,Normal
2026-02-10 16:21:41.268924,Toronto-8edb,33,85,Normal
2026-02-10 16:21:42.268924,Toronto-8edb,0,28,Normal
2026-02-10 16:21:43.268924,Toronto-8edb,30,88,Normal
2026-02-10 16:21:44.268924,Toronto-8edb,-28,40,Normal
2026-02-10 16:21:45.268924,Toronto-8edb,33,20,Normal
2026-02-10 16:21:46.268924,Toronto-8edb,-25,14,Normal
2026-02-10 16:21:47.268924,Toronto-8edb,12,62,Normal
2026-02-10 16:21:48.268924,Toronto-8edb,-14,81,Normal
2026-02-10 16:21:49.268924,Toronto-8edb,-6,5,Normal
2026-02-10 16:21:50.268924,Toronto-8edb,40,98,Normal
2026-02-10 16:21:51.268924,Toronto-8edb,21,24,Normal
2026-02-10 16:21:52.268924,Toronto-8edb,42,85,Normal
2026-02-10 16:21:53.268924,Toronto-8edb,9,31,Normal
2026-02-10 16:21:54.268924,Toronto-8edb,-3,43,Normal
2026-02-10 16:21:55.268924,Toronto-8edb,20,38,Normal
2026-02-10 16:21:56.268924,Toronto-8edb,-10,89,Normal
2026-02-10 16:21:57.268924,Toronto-8edb,4,17,Normal
2026-02-10 16:21:58.268924,Toronto-8edb,42,43,Normal
2026-02-10 16:21:59.268924,Toronto-8edb,2,33,Normal
2026-02-10 16:22:00.268924,Toronto-8edb,-29,34,Normal
