timestamp,station_id,temp,humid,condition
2026-02-14 17:52:09.104953,Dubai-6c3d,36,27,Normal
2026-02-14 17:52:10.104953,Dubai-6c3d,43,45,Normal
2026-02-14 17:52:11.104953,Dubai-6c3d,1,72,Normal
2026-02-14 17:52:12.104953,Dubai-6c3d,4,84,Normal
2026-02-14 17:52:13.104953,Dubai-6c3d,-24,29,Normal
2026-02-14 17:52:14.104953,Dubai-6c3d,-6,24,Normal
2026-02-14 17:52:15.104953,Dubai-6c3d,-8,82,Normal
2026-02-14 17:52:16.104953,Dubai-6c3d,-28,83,Normal
2026-02-14 17:52:17.104953,Dubai-6c3d,34,2,Normal
2026-02-14 17:52:18.104953,Dubai-6c3d,43,55,Normal
2026-02-14 17:52:19.104953,Dubai-6c3d,-10,77,Normal
2026-02-14 17:52:20.104953,Dubai-6c3d,26,81,Normal
2026-02-14 17:52:21.104953,Dubai-6c3d,10,42,Normal
2026-02-14 17:52:22.104953,Dubai-6c3d,33,64,Normal
2026-02-14 17:52:23.104953,Dubai-6c3d,31,88,Normal
2026-02-14 17:52:24.104953,Dubai-6c3d,7,56,Normal
2026-02-14 17:52:25.104953,Dubai-6c3d,11,83,Normal
2026-02-14 17:52:26.104953,Dubai-6c3d,-12,42,Normal
2026-02-14 17:52:27.104953,Dubai-6c3d,50,73,Normal
2026-02-14 17:52:28.104953,Dubai-6c3d,49,29,Normal
2026-02-14 17:52:29.104953,Dubai-6c3d,18,32,Normal
2026-02-14 17:52:30.104953,Dubai-6c3d,22,88,Normal
2026-02-14 17:52:31.104953,Dubai-6c3d,3,21,Normal
2026-02-14 17:52:32.104953,Dubai-6c3d,36,63,Normal
2026-02-14 17:52:33.104953,Dubai-6c3d,-30,92,Normal
2026-02-14 17:52:34.104953,Dubai-6c3d,5,37,Normal
2026-02-14 17:52:35.104953,Dubai-6c3d,-23,53,Normal
2026-02-14 17:52:36.104953,Dubai-6c3d,48,7,Normal
2026-02-14 17:52:37.104953,Dubai-6c3d,-27,38,Normal
2026-02-14 17:52:38.104953,Dubai-6c3d,-30,77,Normal
2026-02-14 17:52:39.104953,Dubai-6c3d,34,15,Normal
2026-02-14 17:52:40.104953,Dubai-6c3d,14,31,Normal
2026-02-14 17:52:41.104953,Dubai-6c3d,-15,54,Normal
2026-02-14 17:52:42.104953,Dubai-6c3d,20,86,Normal
2026-02-14 17:52:43.104953,Dubai-6c3d,45,71,Normal
2026-02-14 17:52:44.104953,Dubai-6c3d,21,29,Normal
2026-02-14 17:52:45.104953,Dubai-6c3d,-26,42,Normal
2026-02-14 17:52:46.104953,Dubai-6c3d,-15,95,Normal
2026-02-14 17:52:47.104953,Dubai-6c3d,20,1,Normal
2026-02-14 17:52:48.104953,Dubai-6c3d,2,60,Normal
2026-02-14 17:52:49.104953,Dubai-6c3d,22,30,Normal
2026-02-14 17:52:50.104953,Dubai-6c3d,-26,28,Normal
2026-02-14 17:52:51.104953,Dubai-6c3d,22,81,Normal
2026-02-14 17:52:52.104953,Dubai-6c3d,45,43,Normal
2026-02-14 17:52:53.104953,Dubai-6c3d,39,68,Normal
2026-02-14 17:52:54.104953,Dubai-6c3d,-9,46,Normal
2026-02-14 17:52:55.104953,Dubai-6c3d,26,65,Normal
2026-02-14 17:52:56.104953,Dubai-6c3d,29,2,Normal
2026-02-14 17:52:57.104953,Dubai-6c3d,-4,57,Normal
2026-02-14 17:52:58.104953,Dubai-6c3d,19,79,Normal
2026-02-14 17:52:59.104953,Dubai-6c3d,-14,39,Normal
2026-02-14 17:53:00.104953,Dubai-6c3d,43,53,Normal
2026-02-14 17:53:01.104953,Dubai-6c3d,5,37,Normal
2026-02-14 17:53:02.104953,Dubai-6c3d,50,32,Normal
2026-02-14 17:53:03.104953,Dubai-6c3d,3,36,Normal
2026-02-14 17:53:04.104953,Dubai-6c3d,-9,21,Normal
2026-02-14 17:53:05.104953,Dubai-6c3d,15,53,Normal
2026-02-14 17:53:06.104953,Dubai-6c3d,3,30,Normal
2026-02-14 17:53:07.104953,Dubai-6c3d,4,28,Normal
2026-02-14 17:53:08.104953,Dubai-6c3d,20,96,Normal
2026-02-14 17:53:09.104953,Dubai-6c3d,45,27,Normal
2026-02-14 17:53:10.104953,Dubai-6c3d,30,32,Normal
2026-02-14 17:53:11.104953,Dubai-6c3d,-2,45,Normal
2026-02-14 17:53:12.104953,Dubai-6c3d,-24,26,Normal
2026-02-14 17:53:13.104953,Dubai-6c3d,-3,32,Normal
2026-02-14 17:53:14.104953,Dubai-6c3d,-10,25,Normal
2026-02-14 17:53:15.104953,Dubai-6c3d,-16,16,Normal
2026-02-14 17:53:16.104953,Dubai-6c3d,-20,64,Normal
2026-02-14 17:53:17.104953,Dubai-6c3d,-25,17,Normal
2026-02-14 17:53:18.104953,Dubai-6c3d,7,90,Normal
2026-02-14 17:53:19.104953,Dubai-6c3d,-28,22,Normal
2026-02-14 17:53:20.104953,Dubai-6c3d,2,21,Normal
2026-02-14 17:53:21.104953,Dubai-6c3d,-3,9,Normal
2026-02-14 17:53:22.104953,Dubai-6c3d,26,54,Normal
2026-02-14 17:53:23.104953,Dubai-6c3d,-5,46,Normal
2026-02-14 17:53:24.104953,Dubai-6c3d,9,72,Normal
2026-02-14 17:53:25.104953,Dubai-6c3d,5,70,Normal
2026-02-14 17:53:26.104953,Dubai-6c3d,31,9,Normal
2026-02-14 17:53:27.104953,Dubai-6c3d,-9,6,Normal
2026-02-14 17:53:28.104953,Dubai-6c3d,-1,75,Normal
2026-02-14 17:53:29.104953,Dubai-6c3d,-15,55,Normal
2026-02-14 17:53:30.104953,Dubai-6c3d,26,34,Normal
2026-02-14 17:53:31.104953,Dubai-6c3d,14,30,Normal
2026-02-14 17:53:32.104953,Dubai-6c3d,-6,95,Normal
2026-02-14 17:53:33.104953,Dubai-6c3d,13,53,Normal
2026-02-14 17:53:34.104953,Dubai-6c3d,-27,10,Normal
2026-02-14 17:53:35.104953,Dubai-6c3d,6,12,Normal
2026-02-14 17:53:36.104953,Dubai-6c3d,21,72,Normal
2026-02-14 17:53:37.104953,Dubai-6c3d,-13,85,Normal
2026-02-14 17:53:38.104953,Dubai-6c3d,50,77,Normal
2026-02-14 17:53:39.104953,Dubai-6c3d,1,14,Normal
2026-02-14 17:53:40.104953,Dubai-6c3d,44,86,Normal
2026-02-14 17:53:41.104953,Dubai-6c3d,-14,20,Normal
2026-02-14 17:53:42.104953,Dubai-6c3d,6,69,Normal
2026-02-14 17:53:43.104953,Dubai-6c3d,13,75,Normal
2026-02-14 17:53:44.104953,Dubai-6c3d,39,49,Normal
2026-02-14 17:53:45.104953,Dubai-6c3d,-14,34,Normal
2026-02-14 17:53:46.104953,Dubai-6c3d,42,18,Normal
2026-02-14 17:53:47.104953,Dubai-6c3d,-29,4,Normal
2026-02-14 17:53:48.104953,Dubai-6c3d,-10,38,Normal
2026-02-14 17:53:49.104953,Dubai-6c3d,50,51,Normal
2026-02-14 17:53:50.104953,Dubai-6c3d,-22,11,Normal
2026-02-14 17:53:51.104953,Dubai-6c3d,40,43,Normal
2026-02-14 17:53:52.104953,Dubai-6c3d,13,22,Normal
2026-02-14 17:53:53.104953,Dubai-6c3d,-11,19,Normal
2026-02-14 17:53:54.104953,Dubai-6c3d,-5,41,Normal
2026-02-14 17:53:55.104953,Dubai-6c3d,32,80,Normal
2026-02-14 17:53:56.104953,Dubai-6c3d,9,36,Normal
2026-02-14 17:53:57.104953,Dubai-6c3d,-29,78,Normal
2026-02-14 17:53:58.104953,Dubai-6c3d,-9,43,Normal
2026-02-14 17:53:59.104953,Dubai-6c3d,21,6,Normal
2026-02-14 17:54:00.104953,Dubai-6c3d,-23,9,Normal
2026-02-14 17:54:01.104953,Dubai-6c3d,40,95,Normal
2026-02-14 17:54:02.104953,Dubai-6c3d,45,27,Normal
2026-02-14 17:54:03.104953,Dubai-6c3d,12,44,Normal
2026-02-14 17:54:04.104953,Dubai-6c3d,-28,68,Normal
2026-02-14 17:54:05.104953,Dubai-6c3d,-11,98,Normal
2026-02-14 17:54:06.104953,Dubai-6c3d,21,85,Normal
2026-02-14 17:54:07.104953,Dubai-6c3d,-22,43,Normal
2026-02-14 17:54:08.104953,Dubai-6c3d,-3,81,Normal
2026-02-14 17:54:09.104953,Dubai-6c3d,36,99,Normal
2026-02-14 17:54:10.104953,Dubai-6c3d,15,91,Normal
2026-02-14 17:54:11.104953,Dubai-6c3d,-22,69,Normal
2026-02-14 17:54:12.104953,Dubai-6c3d,19,97,Normal
2026-02-14 17:54:13.104953,Dubai-6c3d,-19,30,Normal
2026-02-14 17:54:14.104953,Dubai-6c3d,34,35,Normal
2026-02-14 17:54:15.104953,Dubai-6c3d,-20,30,Normal
2026-02-14 17:54:16.104953,Dubai-6c3d,-16,10,Normal
2026-02-14 17:54:17.104953,Dubai-6c3d,-13,7,Normal
2026-02-14 17:54:18.104953,Dubai-6c3d,37,81,Normal
2026-02-14 17:54:19.104953,Dubai-6c3d,-19,78,Normal
2026-02-14 17:54:20.104953,Dubai-6c3d,11,65,Normal
2026-02-14 17:54:21.104953,Dubai-6c3d,-21,51,Normal
2026-02-14 17:54:22.104953,Dubai-6c3d,32,20,Normal
2026-02-14 17:54:23.104953,Dubai-6c3d,40,34,Normal
2026-02-14 17:54:24.104953,Dubai-6c3d,50,46,Normal
2026-02-14 17:54:25.104953,Dubai-6c3d,24,67,Normal
2026-02-14 17:54:26.104953,Dubai-6c3d,25,67,Normal
2026-02-14 17:54:27.104953,Dubai-6c3d,-16,4,Normal
2026-02-14 17:54:28.104953,Dubai-6c3d,-20,63,Normal
2026-02-14 17:54:29.104953,Dubai-6c3d,36,19,Normal
2026-02-14 17:54:30.104953,Dubai-6c3d,-14,92,Normal
2026-02-14 17:54:31.104953,Dubai-6c3d,-28,94,Normal
2026-02-14 17:54:32.104953,Dubai-6c3d,23,13,Normal
2026-02-14 17:54:33.104953,Dubai-6c3d,33,92,Normal
2026-02-14 17:54:34.104953,Dubai-6c3d,43,40,Normal
2026-02-14 17:54:35.104953,Dubai-6c3d,-6,27,Normal
2026-02-14 17:54:36.104953,Dubai-6c3d,39,34,Normal
2026-02-14 17:54:37.104953,Dubai-6c3d,20,55,Normal
2026-02-14 17:54:38.104953,Dubai-6c3d,-12,21,Normal
2026-02-14 17:54:39.104953,Dubai-6c3d,-24,40,Normal
2026-02-14 17:54:40.104953,Dubai-6c3d,23,28,Normal
2026-02-14 17:54:41.104953,Dubai-6c3d,5,79,Normal
2026-02-14 17:54:42.104953,Dubai-6c3d,-4,12,Normal
2026-02-14 17:54:43.104953,Dubai-6c3d,-4,3,Normal
2026-02-14 17:54:44.104953,Dubai-6c3d,22,66,Normal
2026-02-14 17:54:45.104953,Dubai-6c3d,-2,48,Normal
2026-02-14 17:54:46.104953,Dubai-6c3d,19,42,Normal
2026-02-14 17:54:47.104953,Dubai-6c3d,-5,89,Normal
2026-02-14 17:54:48.104953,Dubai-6c3d,4,18,Normal
2026-02-14 17:54:49.104953,Dubai-6c3d,16,98,Normal
2026-02-14 17:54:50.104953,Dubai-6c3d,-12,60,Normal
2026-02-14 17:54:51.104953,Dubai-6c3d,23,57,Normal
2026-02-14 17:54:52.104953,Dubai-6c3d,-4,5,Normal
2026-02-14 17:54:53.104953,Dubai-6c3d,19,59,Normal
2026-02-14 17:54:54.104953,Dubai-6c3d,34,88,Normal
2026-02-14 17:54:55.104953,Dubai-6c3d,44,96,Normal
2026-02-14 17:54:56.104953,Dubai-6c3d,34,6,Normal
2026-02-14 17:54:57.104953,Dubai-6c3d,-18,27,Normal
2026-02-14 17:54:58.104953,Dubai-6c3d,23,23,Normal
2026-02-14 17:54:59.104953,Dubai-6c3d,-15,100,Normal
2026-02-14 17:55:00.104953,Dubai-6c3d,34,91,Normal
2026-02-14 17:55:01.104953,Dubai-6c3d,-20,5,Normal
2026-02-14 17:55:02.104953,Dubai-6c3d,11,49,Normal
2026-02-14 17:55:03.104953,Dubai-6c3d,-27,34,Normal
2026-02-14 17:55:04.104953,Dubai-6c3d,-28,50,Normal
2026-02-14 17:55:05.104953,Dubai-6c3d,-18,33,Normal
2026-02-14 17:55:06.104953,Dubai-6c3d,21,47,Normal
2026-02-14 17:55:07.104953,Dubai-6c3d,-19,63,Normal
2026-02-14 17:55:08.104953,Dubai-6c3d,-10,75,Normal
2026-02-14 17:55:09.104953,Dubai-6c3d,45,16,Normal
2026-02-14 17:55:10.104953,Dubai-6c3d,-20,70,Normal
2026-02-14 17:55:11.104953,Dubai-6c3d,34,9,Normal
2026-02-14 17:55:12.104953,Dubai-6c3d,50,98,Normal
2026-02-14 17:55:13.104953,Dubai-6c3d,45,69,Normal
2026-02-14 17:55:14.104953,Dubai-6c3d,9,80,Normal
2026-02-14 17:55:15.104953,Dubai-6c3d,9,7,Normal
2026-02-14 17:55:16.104953,Dubai-6c3d,-5,27,Normal
2026-02-14 17:55:17.104953,Dubai-6c3d,-5,34,Normal
2026-02-14 17:55:18.104953,Dubai-6c3d,-30,9,Normal
2026-02-14 17:55:19.104953,Dubai-6c3d,49,39,Normal
2026-02-14 17:55:20.104953,Dubai-6c3d,12,18,Normal
2026-02-14 17:55:21.104953,Dubai-6c3d,1,19,Normal
2026-02-14 17:55:22.104953,Dubai-6c3d,-29,83,Normal
2026-02-14 17:55:23.104953,Dubai-6c3d,-26,78,Normal
2026-02-14 17:55:24.104953,Dubai-6c3d,44,19,Normal
2026-02-14 17:55:25.104953,Dubai-6c3d,32,81,Normal
2026-02-14 17:55:26.104953,Dubai-6c3d,46,71,Normal
2026-02-14 17:55:27.104953,Dubai-6c3d,18,54,Normal
2026-02-14 17:55:28.104953,Dubai-6c3d,-8,42,Normal
2026-02-14 17:55:29.104953,Dubai-6c3d,11,83,Normal
2026-02-14 17:55:30.104953,Dubai-6c3d,22,4,Normal
2026-02-14 17:55:31.104953,Dubai-6c3d,-23,17,Normal
2026-02-14 17:55:32.104953,Dubai-6c3d,24,67,Normal
2026-02-14 17:55:33.104953,Dubai-6c3d,47,61,Normal
2026-02-14 17:55:34.104953,Dubai-6c3d,8,32,Normal
2026-02-14 17:55:35.104953,Dubai-6c3d,-9,5,Normal
2026-02-14 17:55:36.104953,Dubai-6c3d,-2,8,Normal
2026-02-14 17:55:37.104953,Dubai-6c3d,-14,52,Normal
2026-02-14 17:55:38.104953,Dubai-6c3d,7,71,Normal
2026-02-14 17:55:39.104953,Dubai-6c3d,8,44,Normal
2026-02-14 17:55:40.104953,Dubai-6c3d,-2,57,Normal
2026-02-14 17:55:41.104953,Dubai-6c3d,9,22,Normal
2026-02-14 17:55:42.104953,Dubai-6c3d,16,99,Normal
2026-02-14 17:55:43.104953,Dubai-6c3d,-30,68,Normal
2026-02-14 17:55:44.104953,Dubai-6c3d,40,0,Normal
2026-02-14 17:55:45.104953,Dubai-6c3d,48,83,Normal
2026-02-14 17:55:46.104953,Dubai-6c3d,-9,95,Normal
2026-02-14 17:55:47.104953,Dubai-6c3d,-11,90,Normal
2026-02-14 17:55:48.104953,Dubai-6c3d,31,98,Normal
2026-02-14 17:55:49.104953,Dubai-6c3d,18,13,Normal
2026-02-14 17:55:50.104953,Dubai-6c3d,-10,63,Normal
2026-02-14 17:55:51.104953,Dubai-6c3d,10,49,Normal
2026-02-14 17:55:52.104953,Dubai-6c3d,-2,53,Normal
2026-02-14 17:55:53.104953,Dubai-6c3d,27,42,Normal
2026-02-14 17:55:54.104953,Dubai-6c3d,25,26,Normal
2026-02-14 17:55:55.104953,Dubai-6c3d,-30,90,Normal
2026-02-14 17:55:56.104953,Dubai-6c3d,-12,98,Normal
2026-02-14 17:55:57.104953,Dubai-6c3d,-19,69,Normal
2026-02-14 17:55:58.104953,Dubai-6c3d,-7,27,Normal
2026-02-14 17:55:59.104953,Dubai-6c3d,24,58,Normal
2026-02-14 17:56:00.104953,Dubai-6c3d,1,27,Normal
2026-02-14 17:56:01.104953,Dubai-6c3d,42,70,Normal
2026-02-14 17:56:02.104953,Dubai-6c3d,0,45,Normal
2026-02-14 17:56:03.104953,Dubai-6c3d,16,27,Normal
2026-02-14 17:56:04.104953,Dubai-6c3d,41,49,Normal
2026-02-14 17:56:05.104953,Dubai-6c3d,0,70,Normal
2026-02-14 17:56:06.104953,Dubai-6c3d,-9,68,Normal
2026-02-14 17:56:07.104953,Dubai-6c3d,46,58,Normal
2026-02-14 17:56:08.104953,Dubai-6c3d,-27,63,Normal
2026-02-14 17:56:09.104953,Dubai-6c3d,-28,14,Normal
2026-02-14 17:56:10.104953,Dubai-6c3d,22,36,Normal
2026-02-14 17:56:11.104953,Dubai-6c3d,13,65,Normal
2026-02-14 17:56:12.104953,Dubai-6c3d,47,33,Normal
2026-02-14 17:56:13.104953,Dubai-6c3d,1,30,Normal
2026-02-14 17:56:14.104953,Dubai-6c3d,-10,49,Normal
2026-02-14 17:56:15.104953,Dubai-6c3d,47,57,Normal
2026-02-14 17:56:16.104953,Dubai-6c3d,29,1,Normal
2026-02-14 17:56:17.104953,Dubai-6c3d,17,49,Normal
2026-02-14 17:56:18.104953,Dubai-6c3d,-2,45,Normal
2026-02-14 17:56:19.104953,Dubai-6c3d,24,59,Normal
2026-02-14 17:56:20.104953,Dubai-6c3d,25,98,Normal
2026-02-14 17:56:21.104953,Dubai-6c3d,6,42,Normal
2026-02-14 17:56:22.104953,Dubai-6c3d,-14,83,Normal
2026-02-14 17:56:23.104953,Dubai-6c3d,2,19,Normal
2026-02-14 17:56:24.104953,Dubai-6c3d,-2,88,Normal
2026-02-14 17:56:25.104953,Dubai-6c3d,11,62,Normal
2026-02-14 17:56:26.104953,Dubai-6c3d,-18,33,Normal
2026-02-14 17:56:27.104953,Dubai-6c3d,48,20,Normal
2026-02-14 17:56:28.104953,Dubai-6c3d,34,100,Normal
2026-02-14 17:56:29.104953,Dubai-6c3d,49,29,Normal
2026-02-14 17:56:30.104953,Dubai-6c3d,6,23,Normal
2026-02-14 17:56:31.104953,Dubai-6c3d,46,78,Normal
2026-02-14 17:56:32.104953,Dubai-6c3d,-25,48,Normal
2026-02-14 17:56:33.104953,Dubai-6c3d,18,31,Normal
2026-02-14 17:56:34.104953,Dubai-6c3d,-20,47,Normal
2026-02-14 17:56:35.104953,Dubai-6c3d,46,27,Normal
2026-02-14 17:56:36.104953,Dubai-6c3d,14,73,Normal
2026-02-14 17:56:37.104953,Dubai-6c3d,18,44,Normal
2026-02-14 17:56:38.104953,Dubai-6c3d,-2,10,Normal
2026-02-14 17:56:39.104953,Dubai-6c3d,-25,74,Normal
2026-02-14 17:56:40.104953,Dubai-6c3d,-8,57,Normal
2026-02-14 17:56:41.104953,Dubai-6c3d,11,26,Normal
2026-02-14 17:56:42.104953,Dubai-6c3d,23,23,Normal
2026-02-14 17:56:43.104953,Dubai-6c3d,18,14,Normal
2026-02-14 17:56:44.104953,Dubai-6c3d,5,74,Normal
2026-02-14 17:56:45.104953,Dubai-6c3d,-21,29,Normal
2026-02-14 17:56:46.104953,Dubai-6c3d,-1,85,Normal
2026-02-14 17:56:47.104953,Dubai-6c3d,3,66,Normal
2026-02-14 17:56:48.104953,Dubai-6c3d,13,14,Normal
2026-02-14 17:56:49.104953,Dubai-6c3d,-30,30,Normal
2026-02-14 17:56:50.104953,Dubai-6c3d,31,17,Normal
2026-02-14 17:56:51.104953,Dubai-6c3d,-18,20,Normal
2026-02-14 17:56:52.104953,Dubai-6c3d,9,62,Normal
2026-02-14 17:56:53.104953,Dubai-6c3d,4,23,Normal
2026-02-14 17:56:54.104953,Dubai-6c3d,48,46,Normal
2026-02-14 17:56:55.104953,Dubai-6c3d,7,50,Normal
2026-02-14 17:56:56.104953,Dubai-6c3d,18,44,Normal
2026-02-14 17:56:57.104953,Dubai-6c3d,44,37,Normal
2026-02-14 17:56:58.104953,Dubai-6c3d,-8,2,Normal
2026-02-14 17:56:59.104953,Dubai-6c3d,-6,32,Normal
2026-02-14 17:57:00.104953,Dubai-6c3d,7,76,Normal
2026-02-14 17:57:01.104953,Dubai-6c3d,31,33,Normal
2026-02-14 17:57:02.104953,Dubai-6c3d,29,98,Normal
2026-02-14 17:57:03.104953,Dubai-6c3d,7,7,Normal
2026-02-14 17:57:04.104953,Dubai-6c3d,-28,53,Normal
2026-02-14 17:57:05.104953,Dubai-6c3d,27,75,Normal
2026-02-14 17:57:06.104953,Dubai-6c3d,12,13,Normal
2026-02-14 17:57:07.104953,Dubai-6c3d,49,56,Normal
2026-02-14 17:57:08.104953,Dubai-6c3d,39,36,Normal
2026-02-14 17:57:09.104953,Dubai-6c3d,2,77,Normal
2026-02-14 17:57:10.104953,Dubai-6c3d,1,88,Normal
2026-02-14 17:57:11.104953,Dubai-6c3d,-9,97,Normal
2026-02-14 17:57:12.104953,Dubai-6c3d,45,71,Normal
2026-02-14 17:57:13.104953,Dubai-6c3d,46,89,Normal
2026-02-14 17:57:14.104953,Dubai-6c3d,-25,27,Normal
2026-02-14 17:57:15.104953,Dubai-6c3d,-3,50,Normal
2026-02-14 17:57:16.104953,Dubai-6c3d,-4,1,Normal
2026-02-14 17:57:17.104953,Dubai-6c3d,-20,85,Normal
2026-02-14 17:57:18.104953,Dubai-6c3d,-17,51,Normal
2026-02-14 17:57:19.104953,Dubai-6c3d,38,29,Normal
2026-02-14 17:57:20.104953,Dubai-6c3d,35,12,Normal
2026-02-14 17:57:21.104953,Dubai-6c3d,29,30,Normal
2026-02-14 17:57:22.104953,Dubai-6c3d,41,98,Normal
2026-02-14 17:57:23.104953,Dubai-6c3d,19,92,Normal
2026-02-14 17:57:24.104953,Dubai-6c3d,39,15,Normal
2026-02-14 17:57:25.104953,Dubai-6c3d,39,15,Normal
2026-02-14 17:57:26.104953,Dubai-6c3d,17,72,Normal
2026-02-14 17:57:27.104953,Dubai-6c3d,16,81,Normal
2026-02-14 17:57:28.104953,Dubai-6c3d,-9,25,Normal
2026-02-14 17:57:29.104953,Dubai-6c3d,4,57,Normal
2026-02-14 17:57:30.104953,Dubai-6c3d,40,19,Normal
2026-02-14 17:57:31.104953,Dubai-6c3d,21,96,Normal
2026-02-14 17:57:32.104953,Dubai-6c3d,46,36,Normal
2026-02-14 17:57:33.104953,Dubai-6c3d,22,20,Normal
2026-02-14 17:57:34.104953,Dubai-6c3d,-17,5,Normal
2026-02-14 17:57:35.104953,Dubai-6c3d,-6,93,Normal
2026-02-14 17:57:36.104953,Dubai-6c3d,5,5,Normal
2026-02-14 17:57:37.104953,Dubai-6c3d,-5,23,Normal
2026-02-14 17:57:38.104953,Dubai-6c3d,9,98,Normal
2026-02-14 17:57:39.104953,Dubai-6c3d,-14,100,Normal
2026-02-14 17:57:40.104953,Dubai-6c3d,-21,28,Normal
2026-02-14 17:57:41.104953,Dubai-6c3d,-19,81,Normal
2026-02-14 17:57:42.104953,Dubai-6c3d,42,46,Normal
2026-02-14 17:57:43.104953,Dubai-6c3d,-29,1,Normal
2026-02-14 17:57:44.104953,Dubai-6c3d,46,51,Normal
2026-02-14 17:57:45.104953,Dubai-6c3d,12,9,Normal
2026-02-14 17:57:46.104953,Dubai-6c3d,7,25,Normal
2026-02-14 17:57:47.104953,Dubai-6c3d,-23,14,Normal
2026-02-14 17:57:48.104953,Dubai-6c3d,45,12,Normal
2026-02-14 17:57:49.104953,Dubai-6c3d,-25,31,Normal
2026-02-14 17:57:50.104953,Dubai-6c3d,-6,43,Normal
2026-02-14 17:57:51.104953,Dubai-6c3d,-19,71,Normal
2026-02-14 17:57:52.104953,Dubai-6c3d,4,15,Normal
2026-02-14 17:57:53.104953,Dubai-6c3d,-6,12,Normal
2026-02-14 17:57:54.104953,Dubai-6c3d,5,33,Normal
2026-02-14 17:57:55.104953,Dubai-6c3d,24,12,Normal
2026-02-14 17:57:56.104953,Dubai-6c3d,-20,52,Normal
2026-02-14 17:57:57.104953,Dubai-6c3d,16,53,Normal
2026-02-14 17:57:58.104953,Dubai-6c3d,20,85,Normal
2026-02-14 17:57:59.104953,Dubai-6c3d,-9,0,Normal
2026-02-14 17:58:00.104953,Dubai-6c3d,-4,7,Normal
2026-02-14 17:58:01.104953,Dubai-6c3d,47,65,Normal
2026-02-14 17:58:02.104953,Dubai-6c3d,9,23,Normal
2026-02-14 17:58:03.104953,Dubai-6c3d,45,31,Normal
2026-02-14 17:58:04.104953,Dubai-6c3d,48,66,Normal
2026-02-14 17:58:05.104953,Dubai-6c3d,39,23,Normal
2026-02-14 17:58:06.104953,Dubai-6c3d,-24,15,Normal
2026-02-14 17:58:07.104953,Dubai-6c3d,-4,8,Normal
2026-02-14 17:58:08.104953,Dubai-6c3d,29,20,Normal
2026-02-14 17:58:09.104953,Dubai-6c3d,32,41,Normal
2026-02-14 17:58:10.104953,Dubai-6c3d,-13,87,Normal
2026-02-14 17:58:11.104953,Dubai-6c3d,6,80,Normal
2026-02-14 17:58:12.104953,Dubai-6c3d,17,1,Normal
2026-02-14 17:58:13.104953,Dubai-6c3d,8,82,Normal
2026-02-14 17:58:14.104953,Dubai-6c3d,28,37,Normal
2026-02-14 17:58:15.104953,Dubai-6c3d,44,40,Normal
2026-02-14 17:58:16.104953,Dubai-6c3d,17,25,Normal
2026-02-14 17:58:17.104953,Dubai-6c3d,-4,10,Normal
2026-02-14 17:58:18.104953,Dubai-6c3d,36,36,Normal
2026-02-14 17:58:19.104953,Dubai-6c3d,-2,36,Normal
2026-02-14 17:58:20.104953,Dubai-6c3d,27,47,Normal
2026-02-14 17:58:21.104953,Dubai-6c3d,-18,64,Normal
2026-02-14 17:58:22.104953,Dubai-6c3d,-8,58,Normal
2026-02-14 17:58:23.104953,Dubai-6c3d,-30,74,Normal
2026-02-14 17:58:24.104953,Dubai-6c3d,-5,0,Normal
2026-02-14 17:58:25.104953,Dubai-6c3d,44,85,Normal
2026-02-14 17:58:26.104953,Dubai-6c3d,33,98,Normal
2026-02-14 17:58:27.104953,Dubai-6c3d,13,19,Normal
2026-02-14 17:58:28.104953,Dubai-6c3d,-2,82,Normal
2026-02-14 17:58:29.104953,Dubai-6c3d,16,76,Normal
2026-02-14 17:58:30.104953,Dubai-6c3d,32,74,Normal
2026-02-14 17:58:31.104953,Dubai-6c3d,0,64,Normal
2026-02-14 17:58:32.104953,Dubai-6c3d,16,11,Normal
2026-02-14 17:58:33.104953,Dubai-6c3d,-8,43,Normal
2026-02-14 17:58:34.104953,Dubai-6c3d,-3,27,Normal
2026-02-14 17:58:35.104953,Dubai-6c3d,37,18,Normal
2026-02-14 17:58:36.104953,Dubai-6c3d,6,57,Normal
2026-02-14 17:58:37.104953,Dubai-6c3d,12,20,Normal
2026-02-14 17:58:38.104953,Dubai-6c3d,15,23,Normal
2026-02-14 17:58:39.104953,Dubai-6c3d,47,50,Normal
2026-02-14 17:58:40.104953,Dubai-6c3d,-14,54,Normal
2026-02-14 17:58:41.104953,Dubai-6c3d,44,65,Normal
2026-02-14 17:58:42.104953,Dubai-6c3d,26,56,Normal
2026-02-14 17:58:43.104953,Dubai-6c3d,36,61,Normal
2026-02-14 17:58:44.104953,Dubai-6c3d,35,95,Normal
2026-02-14 17:58:45.104953,Dubai-6c3d,5,63,Normal
2026-02-14 17:58:46.104953,Dubai-6c3d,50,92,Normal
2026-02-14 17:58:47.104953,Dubai-6c3d,39,45,Normal
2026-02-14 17:58:48.104953,Dubai-6c3d,48,42,Normal
2026-02-14 17:58:49.104953,Dubai-6c3d,14,45,Normal
2026-02-14 17:58:50.104953,Dubai-6c3d,33,62,Normal
2026-02-14 17:58:51.104953,Dubai-6c3d,13,38,Normal
2026-02-14 17:58:52.104953,Dubai-6c3d,9,3,Normal
2026-02-14 17:58:53.104953,Dubai-6c3d,42,61,Normal
2026-02-14 17:58:54.104953,Dubai-6c3d,40,1,Normal
2026-02-14 17:58:55.104953,Dubai-6c3d,15,84,Normal
2026-02-14 17:58:56.104953,Dubai-6c3d,9,16,Normal
2026-02-14 17:58:57.104953,Dubai-6c3d,12,14,Normal
2026-02-14 17:58:58.104953,Dubai-6c3d,30,50,Normal
2026-02-14 17:58:59.104953,Dubai-6c3d,-17,68,Normal
2026-02-14 17:59:00.104953,Dubai-6c3d,11,63,Normal
2026-02-14 17:59:01.104953,Dubai-6c3d,19,76,Normal
2026-02-14 17:59:02.104953,Dubai-6c3d,-13,47,Normal
2026-02-14 17:59:03.104953,Dubai-6c3d,21,82,Normal
2026-02-14 17:59:04.104953,Dubai-6c3d,19,79,Normal
2026-02-14 17:59:05.104953,Dubai-6c3d,45,85,Normal
2026-02-14 17:59:06.104953,Dubai-6c3d,-5,55,Normal
2026-02-14 17:59:07.104953,Dubai-6c3d,46,26,Normal
2026-02-14 17:59:08.104953,Dubai-6c3d,44,9,Normal
2026-02-14 17:59:09.104953,Dubai-6c3d,-26,83,Normal
2026-02-14 17:59:10.104953,Dubai-6c3d,49,21,Normal
2026-02-14 17:59:11.104953,Dubai-6c3d,-13,28,Normal
2026-02-14 17:59:12.104953,Dubai-6c3d,-11,69,Normal
2026-02-14 17:59:13.104953,Dubai-6c3d,37,42,Normal
2026-02-14 17:59:14.104953,Dubai-6c3d,-14,64,Normal
2026-02-14 17:59:15.104953,Dubai-6c3d,13,11,Normal
2026-02-14 17:59:16.104953,Dubai-6c3d,-28,67,Normal
2026-02-14 17:59:17.104953,Dubai-6c3d,32,99,Normal
2026-02-14 17:59:18.104953,Dubai-6c3d,35,31,Normal
2026-02-14 17:59:19.104953,Dubai-6c3d,47,31,Normal
2026-02-14 17:59:20.104953,Dubai-6c3d,39,70,Normal
2026-02-14 17:59:21.104953,Dubai-6c3d,10,15,Normal
2026-02-14 17:59:22.104953,Dubai-6c3d,-16,39,Normal
2026-02-14 17:59:23.104953,Dubai-6c3d,32,2,Normal
2026-02-14 17:59:24.104953,Dubai-6c3d,-27,37,Normal
2026-02-14 17:59:25.104953,Dubai-6c3d,34,24,Normal
2026-02-14 17:59:26.104953,Dubai-6c3d,41,2,Normal
2026-02-14 17:59:27.104953,Dubai-6c3d,14,99,Normal
2026-02-14 17:59:28.104953,Dubai-6c3d,24,2,Normal
2026-02-14 17:59:29.104953,Dubai-6c3d,-21,65,Normal
2026-02-14 17:59:30.104953,Dubai-6c3d,-4,16,Normal
2026-02-14 17:59:31.104953,Dubai-6c3d,12,97,Normal
2026-02-14 17:59:32.104953,Dubai-6c3d,-30,26,Normal
2026-02-14 17:59:33.104953,Dubai-6c3d,7,53,Normal
2026-02-14 17:59:34.104953,Dubai-6c3d,13,72,Normal
2026-02-14 17:59:35.104953,Dubai-6c3d,29,52,Normal
2026-02-14 17:59:36.104953,Dubai-6c3d,31,65,Normal
2026-02-14 17:59:37.104953,Dubai-6c3d,49,60,Normal
2026-02-14 17:59:38.104953,Dubai-6c3d,8,41,Normal
2026-02-14 17:59:39.104953,Dubai-6c3d,-19,85,Normal
2026-02-14 17:59:40.104953,Dubai-6c3d,23,9,Normal
2026-02-14 17:59:41.104953,Dubai-6c3d,0,17,Normal
2026-02-14 17:59:42.104953,Dubai-6c3d,-16,0,Normal
2026-02-14 17:59:43.104953,Dubai-6c3d,27,13,Normal
2026-02-14 17:59:44.104953,Dubai-6c3d,-30,15,Normal
2026-02-14 17:59:45.104953,Dubai-6c3d,11,36,Normal
2026-02-14 17:59:46.104953,Dubai-6c3d,-21,61,Normal
2026-02-14 17:59:47.104953,Dubai-6c3d,11,24,Normal
2026-02-14 17:59:48.104953,Dubai-6c3d,46,72,Normal
2026-02-14 17:59:49.104953,Dubai-6c3d,44,100,Normal
2026-02-14 17:59:50.104953,Dubai-6c3d,-25,32,Normal
2026-02-14 17:59:51.104953,Dubai-6c3d,-4,13,Normal
2026-02-14 17:59:52.104953,Dubai-6c3d,8,58,Normal
2026-02-14 17:59:53.104953,Dubai-6c3d,4,84,Normal
2026-02-14 17:59:54.104953,Dubai-6c3d,-3,6,Normal
2026-02-14 17:59:55.104953,Dubai-6c3d,45,32,Normal
2026-02-14 17:59:56.104953,Dubai-6c3d,-28,81,Normal
2026-02-14 17:59:57.104953,Dubai-6c3d,-30,60,Normal
2026-02-14 17:59:58.104953,Dubai-6c3d,50,94,Normal
2026-02-14 17:59:59.104953,Dubai-6c3d,-8,22,Normal
2026-02-14 18:00:00.104953,Dubai-6c3d,-13,48,Normal
2026-02-14 18:00:01.104953,Dubai-6c3d,32,7,Normal
2026-02-14 18:00:02.104953,Dubai-6c3d,10,59,Normal
2026-02-14 18:00:03.104953,Dubai-6c3d,18,8,Normal
2026-02-14 18:00:04.104953,Dubai-6c3d,10,61,Normal
2026-02-14 18:00:05.104953,Dubai-6c3d,-20,71,Normal
2026-02-14 18:00:06.104953,Dubai-6c3d,1,80,Normal
2026-02-14 18:00:07.104953,Dubai-6c3d,15,46,Normal
2026-02-14 18:00:08.104953,Dubai-6c3d,17,14,Normal
2026-02-14 18:00:09.104953,Dubai-6c3d,27,49,Normal
2026-02-14 18:00:10.104953,Dubai-6c3d,-10,81,Normal
2026-02-14 18:00:11.104953,Dubai-6c3d,2,35,Normal
2026-02-14 18:00:12.104953,Dubai-6c3d,-6,87,Normal
2026-02-14 18:00:13.104953,Dubai-6c3d,19,24,Normal
2026-02-14 18:00:14.104953,Dubai-6c3d,-18,26,Normal
2026-02-14 18:00:15.104953,Dubai-6c3d,49,87,Normal
2026-02-14 18:00:16.104953,Dubai-6c3d,-9,21,Normal
2026-02-14 18:00:17.104953,Dubai-6c3d,10,11,Normal
2026-02-14 18:00:18.104953,Dubai-6c3d,26,3,Normal
2026-02-14 18:00:19.104953,Dubai-6c3d,-6,93,Normal
2026-02-14 18:00:20.104953,Dubai-6c3d,49,68,Normal
2026-02-14 18:00:21.104953,Dubai-6c3d,50,42,Normal
2026-02-14 18:00:22.104953,Dubai-6c3d,46,35,Normal
2026-02-14 18:00:23.104953,Dubai-6c3d,-27,98,Normal
2026-02-14 18:00:24.104953,Dubai-6c3d,-17,58,Normal
2026-02-14 18:00:25.104953,Dubai-6c3d,27,45,Normal
2026-02-14 18:00:26.104953,Dubai-6c3d,15,14,Normal
2026-02-14 18:00:27.104953,Dubai-6c3d,-13,11,Normal
2026-02-14 18:00:28.104953,Dubai-6c3d,42,89,Normal
2026-02-14 18:00:29.104953,Dubai-6c3d,19,1,Normal
2026-02-14 18:00:30.104953,Dubai-6c3d,1,31,Normal
2026-02-14 18:00:31.104953,Dubai-6c3d,3,81,Normal
2026-02-14 18:00:32.104953,Dubai-6c3d,25,92,Normal
2026-02-14 18:00:33.104953,Dubai-6c3d,13,38,Normal
2026-02-14 18:00:34.104953,Dubai-6c3d,12,60,Normal
2026-02-14 18:00:35.104953,Dubai-6c3d,-11,13,Normal
2026-02-14 18:00:36.104953,Dubai-6c3d,-5,77,Normal
2026-02-14 18:00:37.104953,Dubai-6c3d,25,77,Normal
2026-02-14 18:00:38.104953,Dubai-6c3d,-9,32,Normal
2026-02-14 18:00:39.104953,Dubai-6c3d,15,2,Normal
2026-02-14 18:00:40.104953,Dubai-6c3d,15,1,Normal
2026-02-14 18:00:41.104953,Dubai-6c3d,-21,42,Normal
2026-02-14 18:00:42.104953,Dubai-6c3d,17,3,Normal
2026-02-14 18:00:43.104953,Dubai-6c3d,50,42,Normal
2026-02-14 18:00:44.104953,Dubai-6c3d,-30,21,Normal
2026-02-14 18:00:45.104953,Dubai-6c3d,33,68,Normal
2026-02-14 18:00:46.104953,Dubai-6c3d,-14,32,Normal
2026-02-14 18:00:47.104953,Dubai-6c3d,5,1,Normal
2026-02-14 18:00:48.104953,Dubai-6c3d,-30,28,Normal
2026-02-14 18:00:49.104953,Dubai-6c3d,23,79,Normal
2026-02-14 18:00:50.104953,Dubai-6c3d,-11,37,Normal
2026-02-14 18:00:51.104953,Dubai-6c3d,8,51,Normal
2026-02-14 18:00:52.104953,Dubai-6c3d,25,75,Normal
2026-02-14 18:00:53.104953,Dubai-6c3d,11,90,Normal
2026-02-14 18:00:54.104953,Dubai-6c3d,-14,20,Normal
2026-02-14 18:00:55.104953,Dubai-6c3d,20,34,Normal
2026-02-14 18:00:56.104953,Dubai-6c3d,49,96,Normal
2026-02-14 18:00:57.104953,Dubai-6c3d,22,96,Normal
2026-02-14 18:00:58.104953,Dubai-6c3d,29,91,Normal
2026-02-14 18:00:59.104953,Dubai-6c3d,-9,38,Normal
2026-02-14 18:01:00.104953,Dubai-6c3d,15,12,Normal
2026-02-14 18:01:01.104953,Dubai-6c3d,16,93,Normal
2026-02-14 18:01:02.104953,Dubai-6c3d,33,8,Normal
2026-02-14 18:01:03.104953,Dubai-6c3d,15,60,Normal
2026-02-14 18:01:04.104953,Dubai-6c3d,-22,76,Normal
2026-02-14 18:01:05.104953,Dubai-6c3d,7,41,Normal
2026-02-14 18:01:06.104953,Dubai-6c3d,18,36,Normal
2026-02-14 18:01:07.104953,Dubai-6c3d,48,95,Normal
2026-02-14 18:01:08.104953,Dubai-6c3d,38,1,Normal
2026-02-14 18:01:09.104953,Dubai-6c3d,-13,78,Normal
2026-02-14 18:01:10.104953,Dubai-6c3d,-14,100,Normal
2026-02-14 18:01:11.104953,Dubai-6c3d,-24,2,Normal
2026-02-14 18:01:12.104953,Dubai-6c3d,-24,24,Normal
2026-02-14 18:01:13.104953,Dubai-6c3d,-9,60,Normal
2026-02-14 18:01:14.104953,Dubai-6c3d,-2,88,Normal
2026-02-14 18:01:15.104953,Dubai-6c3d,39,47,Normal
2026-02-14 18:01:16.104953,Dubai-6c3d,36,2,Normal
2026-02-14 18:01:17.104953,Dubai-6c3d,11,27,Normal
2026-02-14 18:01:18.104953,Dubai-6c3d,-28,4,Normal
2026-02-14 18:01:19.104953,Dubai-6c3d,45,29,Normal
2026-02-14 18:01:20.104953,Dubai-6c3d,4,70,Normal
2026-02-14 18:01:21.104953,Dubai-6c3d,-26,60,Normal
2026-02-14 18:01:22.104953,Dubai-6c3d,15,99,Normal
2026-02-14 18:01:23.104953,Dubai-6c3d,32,41,Normal
2026-02-14 18:01:24.104953,Dubai-6c3d,-26,3,Normal
2026-02-14 18:01:25.104953,Dubai-6c3d,22,81,Normal
2026-02-14 18:01:26.104953,Dubai-6c3d,-14,86,Normal
2026-02-14 18:01:27.104953,Dubai-6c3d,-11,22,Normal
2026-02-14 18:01:28.104953,Dubai-6c3d,-11,84,Normal
2026-02-14 18:01:29.104953,Dubai-6c3d,5,77,Normal
2026-02-14 18:01:30.104953,Dubai-6c3d,49,54,Normal
2026-02-14 18:01:31.104953,Dubai-6c3d,-20,70,Normal
2026-02-14 18:01:32.104953,Dubai-6c3d,-26,15,Normal
2026-02-14 18:01:33.104953,Dubai-6c3d,6,75,Normal
2026-02-14 18:01:34.104953,Dubai-6c3d,-17,80,Normal
2026-02-14 18:01:35.104953,Dubai-6c3d,5,83,Normal
2026-02-14 18:01:36.104953,Dubai-6c3d,-10,7,Normal
2026-02-14 18:01:37.104953,Dubai-6c3d,16,9,Normal
2026-02-14 18:01:38.104953,Dubai-6c3d,-19,54,Normal
2026-02-14 18:01:39.104953,Dubai-6c3d,4,22,Normal
2026-02-14 18:01:40.104953,Dubai-6c3d,-13,12,Normal
2026-02-14 18:01:41.104953,Dubai-6c3d,13,39,Normal
2026-02-14 18:01:42.104953,Dubai-6c3d,-2,57,Normal
2026-02-14 18:01:43.104953,Dubai-6c3d,30,78,Normal
2026-02-14 18:01:44.104953,Dubai-6c3d,14,7,Normal
2026-02-14 18:01:45.104953,Dubai-6c3d,-4,79,Normal
2026-02-14 18:01:46.104953,Dubai-6c3d,-14,85,Normal
2026-02-14 18:01:47.104953,Dubai-6c3d,17,26,Normal
2026-02-14 18:01:48.104953,Dubai-6c3d,31,0,Normal
2026-02-14 18:01:49.104953,Dubai-6c3d,4,67,Normal
2026-02-14 18:01:50.104953,Dubai-6c3d,-11,8,Normal
2026-02-14 18:01:51.104953,Dubai-6c3d,35,51,Normal
2026-02-14 18:01:52.104953,Dubai-6c3d,48,91,Normal
2026-02-14 18:01:53.104953,Dubai-6c3d,-1,40,Normal
2026-02-14 18:01:54.104953,Dubai-6c3d,17,90,Normal
2026-02-14 18:01:55.104953,Dubai-6c3d,-30,4,Normal
2026-02-14 18:01:56.104953,Dubai-6c3d,43,53,Normal
2026-02-14 18:01:57.104953,Dubai-6c3d,35,53,Normal
2026-02-14 18:01:58.104953,Dubai-6c3d,49,2,Normal
2026-02-14 18:01:59.104953,Dubai-6c3d,33,39,Normal
2026-02-14 18:02:00.104953,Dubai-6c3d,50,2,Normal
2026-02-14 18:02:01.104953,Dubai-6c3d,6,61,Normal
2026-02-14 18:02:02.104953,Dubai-6c3d,30,15,Normal
2026-02-14 18:02:03.104953,Dubai-6c3d,27,24,Normal
2026-02-14 18:02:04.104953,Dubai-6c3d,19,26,Normal
2026-02-14 18:02:05.104953,Dubai-6c3d,-5,53,Normal
2026-02-14 18:02:06.104953,Dubai-6c3d,28,6,Normal
2026-02-14 18:02:07.104953,Dubai-6c3d,-1,52,Normal
2026-02-14 18:02:08.104953,Dubai-6c3d,22,77,Normal
2026-02-14 18:02:09.104953,Dubai-6c3d,27,93,Normal
2026-02-14 18:02:10.104953,Dubai-6c3d,0,81,Normal
2026-02-14 18:02:11.104953,Dubai-6c3d,9,96,Normal
2026-02-14 18:02:12.104953,Dubai-6c3d,-24,34,Normal
2026-02-14 18:02:13.104953,Dubai-6c3d,18,31,Normal
2026-02-14 18:02:14.104953,Dubai-6c3d,28,77,Normal
2026-02-14 18:02:15.104953,Dubai-6c3d,-22,7,Normal
2026-02-14 18:02:16.104953,Dubai-6c3d,20,26,Normal
2026-02-14 18:02:17.104953,Dubai-6c3d,5,78,Normal
2026-02-14 18:02:18.104953,Dubai-6c3d,-29,90,Normal
2026-02-14 18:02:19.104953,Dubai-6c3d,41,98,Normal
2026-02-14 18:02:20.104953,Dubai-6c3d,15,8,Normal
2026-02-14 18:02:21.104953,Dubai-6c3d,35,84,Normal
2026-02-14 18:02:22.104953,Dubai-6c3d,1,47,Normal
2026-02-14 18:02:23.104953,Dubai-6c3d,40,87,Normal
2026-02-14 18:02:24.104953,Dubai-6c3d,-14,73,Normal
2026-02-14 18:02:25.104953,Dubai-6c3d,-17,61,Normal
2026-02-14 18:02:26.104953,Dubai-6c3d,44,28,Normal
2026-02-14 18:02:27.104953,Dubai-6c3d,45,88,Normal
2026-02-14 18:02:28.104953,Dubai-6c3d,-20,86,Normal
2026-02-14 18:02:29.104953,Dubai-6c3d,7,14,Normal
2026-02-14 18:02:30.104953,Dubai-6c3d,39,56,Normal
2026-02-14 18:02:31.104953,Dubai-6c3d,-5,6,Normal
2026-02-14 18:02:32.104953,Dubai-6c3d,10,25,Normal
2026-02-14 18:02:33.104953,Dubai-6c3d,-28,31,Normal
2026-02-14 18:02:34.104953,Dubai-6c3d,-23,65,Normal
2026-02-14 18:02:35.104953,Dubai-6c3d,19,44,Normal
2026-02-14 18:02:36.104953,Dubai-6c3d,38,16,Normal
2026-02-14 18:02:37.104953,Dubai-6c3d,-28,80,Normal
2026-02-14 18:02:38.104953,Dubai-6c3d,1,29,Normal
2026-02-14 18:02:39.104953,Dubai-6c3d,37,48,Normal
2026-02-14 18:02:40.104953,Dubai-6c3d,23,41,Normal
2026-02-14 18:02:41.104953,Dubai-6c3d,41,36,Normal
2026-02-14 18:02:42.104953,Dubai-6c3d,24,73,Normal
2026-02-14 18:02:43.104953,Dubai-6c3d,24,78,Normal
2026-02-14 18:02:44.104953,Dubai-6c3d,-13,0,Normal
2026-02-14 18:02:45.104953,Dubai-6c3d,19,42,Normal
2026-02-14 18:02:46.104953,Dubai-6c3d,-30,30,Normal
2026-02-14 18:02:47.104953,Dubai-6c3d,13,60,Normal
2026-02-14 18:02:48.104953,Dubai-6c3d,32,3,Normal
2026-02-14 18:02:49.104953,Dubai-6c3d,23,73,Normal
2026-02-14 18:02:50.104953,Dubai-6c3d,-27,0,Normal
2026-02-14 18:02:51.104953,Dubai-6c3d,3,74,Normal
2026-02-14 18:02:52.104953,Dubai-6c3d,15,12,Normal
2026-02-14 18:02:53.104953,Dubai-6c3d,-28,51,Normal
2026-02-14 18:02:54.104953,Dubai-6c3d,47,32,Normal
2026-02-14 18:02:55.104953,Dubai-6c3d,44,38,Normal
2026-02-14 18:02:56.104953,Dubai-6c3d,3,29,Normal
2026-02-14 18:02:57.104953,Dubai-6c3d,3,43,Normal
2026-02-14 18:02:58.104953,Dubai-6c3d,27,49,Normal
2026-02-14 18:02:59.104953,Dubai-6c3d,50,12,Normal
2026-02-14 18:03:00.104953,Dubai-6c3d,-23,14,Normal
2026-02-14 18:03:01.104953,Dubai-6c3d,37,15,Normal
2026-02-14 18:03:02.104953,Dubai-6c3d,-11,38,Normal
2026-02-14 18:03:03.104953,Dubai-6c3d,25,56,Normal
2026-02-14 18:03:04.104953,Dubai-6c3d,-14,89,Normal
2026-02-14 18:03:05.104953,Dubai-6c3d,35,85,Normal
2026-02-14 18:03:06.104953,Dubai-6c3d,-30,87,Normal
2026-02-14 18:03:07.104953,Dubai-6c3d,28,72,Normal
2026-02-14 18:03:08.104953,Dubai-6c3d,42,23,Normal
2026-02-14 18:03:09.104953,Dubai-6c3d,40,77,Normal
2026-02-14 18:03:10.104953,Dubai-6c3d,-16,55,Normal
2026-02-14 18:03:11.104953,Dubai-6c3d,-22,12,Normal
2026-02-14 18:03:12.104953,Dubai-6c3d,-30,32,Normal
2026-02-14 18:03:13.104953,Dubai-6c3d,38,20,Normal
2026-02-14 18:03:14.104953,Dubai-6c3d,-27,40,Normal
2026-02-14 18:03:15.104953,Dubai-6c3d,-4,71,Normal
2026-02-14 18:03:16.104953,Dubai-6c3d,3,85,Normal
2026-02-14 18:03:17.104953,Dubai-6c3d,33,57,Normal
2026-02-14 18:03:18.104953,Dubai-6c3d,36,12,Normal
2026-02-14 18:03:19.104953,Dubai-6c3d,-30,54,Normal
2026-02-14 18:03:20.104953,Dubai-6c3d,36,31,Normal
2026-02-14 18:03:21.104953,Dubai-6c3d,-3,61,Normal
2026-02-14 18:03:22.104953,Dubai-6c3d,50,38,Normal
2026-02-14 18:03:23.104953,Dubai-6c3d,15,89,Normal
2026-02-14 18:03:24.104953,Dubai-6c3d,-15,19,Normal
2026-02-14 18:03:25.104953,Dubai-6c3d,-22,75,Normal
2026-02-14 18:03:26.104953,Dubai-6c3d,42,59,Normal
2026-02-14 18:03:27.104953,Dubai-6c3d,8,55,Normal
2026-02-14 18:03:28.104953,Dubai-6c3d,49,31,Normal
2026-02-14 18:03:29.104953,Dubai-6c3d,6,67,Normal
2026-02-14 18:03:30.104953,Dubai-6c3d,4,29,Normal
2026-02-14 18:03:31.104953,Dubai-6c3d,-19,21,Normal
2026-02-14 18:03:32.104953,Dubai-6c3d,-9,3,Normal
2026-02-14 18:03:33.104953,Dubai-6c3d,-24,95,Normal
2026-02-14 18:03:34.104953,Dubai-6c3d,-8,39,Normal
2026-02-14 18:03:35.104953,Dubai-6c3d,-15,49,Normal
2026-02-14 18:03:36.104953,Dubai-6c3d,7,71,Normal
2026-02-14 18:03:37.104953,Dubai-6c3d,29,48,Normal
2026-02-14 18:03:38.104953,Dubai-6c3d,10,1,Normal
2026-02-14 18:03:39.104953,Dubai-6c3d,11,22,Normal
2026-02-14 18:03:40.104953,Dubai-6c3d,48,25,Normal
2026-02-14 18:03:41.104953,Dubai-6c3d,35,20,Normal
2026-02-14 18:03:42.104953,Dubai-6c3d,-29,15,Normal
2026-02-14 18:03:43.104953,Dubai-6c3d,49,76,Normal
2026-02-14 18:03:44.104953,Dubai-6c3d,-30,24,Normal
2026-02-14 18:03:45.104953,Dubai-6c3d,49,82,Normal
2026-02-14 18:03:46.104953,Dubai-6c3d,8,97,Normal
2026-02-14 18:03:47.104953,Dubai-6c3d,0,40,Normal
2026-02-14 18:03:48.104953,Dubai-6c3d,-10,37,Normal
2026-02-14 18:03:49.104953,Dubai-6c3d,50,15,Normal
2026-02-14 18:03:50.104953,Dubai-6c3d,6,84,Normal
2026-02-14 18:03:51.104953,Dubai-6c3d,47,95,Normal
2026-02-14 18:03:52.104953,Dubai-6c3d,21,96,Normal
2026-02-14 18:03:53.104953,Dubai-6c3d,21,58,Normal
2026-02-14 18:03:54.104953,Dubai-6c3d,-22,27,Normal
2026-02-14 18:03:55.104953,Dubai-6c3d,35,10,Normal
2026-02-14 18:03:56.104953,Dubai-6c3d,-16,22,Normal
2026-02-14 18:03:57.104953,Dubai-6c3d,-5,50,Normal
2026-02-14 18:03:58.104953,Dubai-6c3d,40,18,Normal
2026-02-14 18:03:59.104953,Dubai-6c3d,0,37,Normal
2026-02-14 18:04:00.104953,Dubai-6c3d,-30,88,Normal
2026-02-14 18:04:01.104953,Dubai-6c3d,24,3,Normal
2026-02-14 18:04:02.104953,Dubai-6c3d,1,26,Normal
2026-02-14 18:04:03.104953,Dubai-6c3d,4,91,Normal
2026-02-14 18:04:04.104953,Dubai-6c3d,33,69,Normal
2026-02-14 18:04:05.104953,Dubai-6c3d,15,12,Normal
2026-02-14 18:04:06.104953,Dubai-6c3d,24,40,Normal
2026-02-14 18:04:07.104953,Dubai-6c3d,18,42,Normal
2026-02-14 18:04:08.104953,Dubai-6c3d,45,72,Normal
2026-02-14 18:04:09.104953,Dubai-6c3d,-5,15,Normal
2026-02-14 18:04:10.104953,Dubai-6c3d,-4,20,Normal
2026-02-14 18:04:11.104953,Dubai-6c3d,23,98,Normal
2026-02-14 18:04:12.104953,Dubai-6c3d,26,6,Normal
2026-02-14 18:04:13.104953,Dubai-6c3d,-2,30,Normal
2026-02-14 18:04:14.104953,Dubai-6c3d,34,29,Normal
2026-02-14 18:04:15.104953,Dubai-6c3d,5,97,Normal
2026-02-14 18:04:16.104953,Dubai-6c3d,-27,82,Normal
2026-02-14 18:04:17.104953,Dubai-6c3d,41,56,Normal
2026-02-14 18:04:18.104953,Dubai-6c3d,8,26,Normal
2026-02-14 18:04:19.104953,Dubai-6c3d,-16,47,Normal
2026-02-14 18:04:20.104953,Dubai-6c3d,1,84,Normal
2026-02-14 18:04:21.104953,Dubai-6c3d,32,81,Normal
2026-02-14 18:04:22.104953,Dubai-6c3d,49,15,Normal
2026-02-14 18:04:23.104953,Dubai-6c3d,-26,55,Normal
2026-02-14 18:04:24.104953,Dubai-6c3d,17,41,Normal
2026-02-14 18:04:25.104953,Dubai-6c3d,42,44,Normal
2026-02-14 18:04:26.104953,Dubai-6c3d,33,2,Normal
2026-02-14 18:04:27.104953,Dubai-6c3d,-5,33,Normal
2026-02-14 18:04:28.104953,Dubai-6c3d,31,60,Normal
2026-02-14 18:04:29.104953,Dubai-6c3d,26,55,Normal
2026-02-14 18:04:30.104953,Dubai-6c3d,-21,85,Normal
2026-02-14 18:04:31.104953,Dubai-6c3d,-9,70,Normal
2026-02-14 18:04:32.104953,Dubai-6c3d,-21,87,Normal
2026-02-14 18:04:33.104953,Dubai-6c3d,45,62,Normal
2026-02-14 18:04:34.104953,Dubai-6c3d,11,83,Normal
2026-02-14 18:04:35.104953,Dubai-6c3d,-6,71,Normal
2026-02-14 18:04:36.104953,Dubai-6c3d,1,22,Normal
2026-02-14 18:04:37.104953,Dubai-6c3d,22,63,Normal
2026-02-14 18:04:38.104953,Dubai-6c3d,-16,97,Normal
2026-02-14 18:04:39.104953,Dubai-6c3d,-25,59,Normal
2026-02-14 18:04:40.104953,Dubai-6c3d,14,80,Normal
2026-02-14 18:04:41.104953,Dubai-6c3d,-14,55,Normal
2026-02-14 18:04:42.104953,Dubai-6c3d,15,36,Normal
2026-02-14 18:04:43.104953,Dubai-6c3d,40,23,Normal
2026-02-14 18:04:44.104953,Dubai-6c3d,-18,56,Normal
2026-02-14 18:04:45.104953,Dubai-6c3d,1,18,Normal
2026-02-14 18:04:46.104953,Dubai-6c3d,42,16,Normal
2026-02-14 18:04:47.104953,Dubai-6c3d,-9,88,Normal
2026-02-14 18:04:48.104953,Dubai-6c3d,-14,70,Normal
2026-02-14 18:04:49.104953,Dubai-6c3d,-22,23,Normal
2026-02-14 18:04:50.104953,Dubai-6c3d,-22,45,Normal
2026-02-14 18:04:51.104953,Dubai-6c3d,-23,36,Normal
2026-02-14 18:04:52.104953,Dubai-6c3d,5,75,Normal
2026-02-14 18:04:53.104953,Dubai-6c3d,-18,86,Normal
2026-02-14 18:04:54.104953,Dubai-6c3d,-25,58,Normal
2026-02-14 18:04:55.104953,Dubai-6c3d,-25,61,Normal
2026-02-14 18:04:56.104953,Dubai-6c3d,-29,68,Normal
2026-02-14 18:04:57.104953,Dubai-6c3d,-19,39,Normal
2026-02-14 18:04:58.104953,Dubai-6c3d,9,92,Normal
2026-02-14 18:04:59.104953,Dubai-6c3d,-9,47,Normal
2026-02-14 18:05:00.104953,Dubai-6c3d,9,51,Normal
2026-02-14 18:05:01.104953,Dubai-6c3d,-26,14,Normal
2026-02-14 18:05:02.104953,Dubai-6c3d,-2,74,Normal
2026-02-14 18:05:03.104953,Dubai-6c3d,-26,32,Normal
2026-02-14 18:05:04.104953,Dubai-6c3d,14,42,Normal
2026-02-14 18:05:05.104953,Dubai-6c3d,-1,47,Normal
2026-02-14 18:05:06.104953,Dubai-6c3d,39,22,Normal
2026-02-14 18:05:07.104953,Dubai-6c3d,46,22,Normal
2026-02-14 18:05:08.104953,Dubai-6c3d,-22,7,Normal
2026-02-14 18:05:09.104953,Dubai-6c3d,20,0,Normal
2026-02-14 18:05:10.104953,Dubai-6c3d,-25,55,Normal
2026-02-14 18:05:11.104953,Dubai-6c3d,13,63,Normal
2026-02-14 18:05:12.104953,Dubai-6c3d,16,72,Normal
2026-02-14 18:05:13.104953,Dubai-6c3d,-3,50,Normal
2026-02-14 18:05:14.104953,Dubai-6c3d,35,39,Normal
2026-02-14 18:05:15.104953,Dubai-6c3d,25,50,Normal
2026-02-14 18:05:16.104953,Dubai-6c3d,5,45,Normal
2026-02-14 18:05:17.104953,Dubai-6c3d,25,52,Normal
2026-02-14 18:05:18.104953,Dubai-6c3d,33,82,Normal
2026-02-14 18:05:19.104953,Dubai-6c3d,47,51,Normal
2026-02-14 18:05:20.104953,Dubai-6c3d,35,10,Normal
2026-02-14 18:05:21.104953,Dubai-6c3d,7,20,Normal
2026-02-14 18:05:22.104953,Dubai-6c3d,-29,63,Normal
2026-02-14 18:05:23.104953,Dubai-6c3d,19,3,Normal
2026-02-14 18:05:24.104953,Dubai-6c3d,29,24,Normal
2026-02-14 18:05:25.104953,Dubai-6c3d,38,91,Normal
2026-02-14 18:05:26.104953,Dubai-6c3d,0,88,Normal
2026-02-14 18:05:27.104953,Dubai-6c3d,-29,92,Normal
2026-02-14 18:05:28.104953,Dubai-6c3d,2,80,Normal
2026-02-14 18:05:29.104953,Dubai-6c3d,1,99,Normal
2026-02-14 18:05:30.104953,Dubai-6c3d,-11,15,Normal
2026-02-14 18:05:31.104953,Dubai-6c3d,3,35,Normal
2026-02-14 18:05:32.104953,Dubai-6c3d,3,38,Normal
2026-02-14 18:05:33.104953,Dubai-6c3d,43,10,Normal
2026-02-14 18:05:34.104953,Dubai-6c3d,-15,81,Normal
2026-02-14 18:05:35.104953,Dubai-6c3d,22,68,Normal
2026-02-14 18:05:36.104953,Dubai-6c3d,-8,36,Normal
2026-02-14 18:05:37.104953,Dubai-6c3d,-30,83,Normal
2026-02-14 18:05:38.104953,Dubai-6c3d,-4,36,Normal
2026-02-14 18:05:39.104953,Dubai-6c3d,15,2,Normal
2026-02-14 18:05:40.104953,Dubai-6c3d,40,33,Normal
2026-02-14 18:05:41.104953,Dubai-6c3d,-17,75,Normal
2026-02-14 18:05:42.104953,Dubai-6c3d,-7,71,Normal
2026-02-14 18:05:43.104953,Dubai-6c3d,25,26,Normal
2026-02-14 18:05:44.104953,Dubai-6c3d,33,18,Normal
2026-02-14 18:05:45.104953,Dubai-6c3d,-21,1,Normal
2026-02-14 18:05:46.104953,Dubai-6c3d,9,19,Normal
2026-02-14 18:05:47.104953,Dubai-6c3d,40,91,Normal
2026-02-14 18:05:48.104953,Dubai-6c3d,28,41,Normal
2026-02-14 18:05:49.104953,Dubai-6c3d,9,96,Normal
2026-02-14 18:05:50.104953,Dubai-6c3d,3,75,Normal
2026-02-14 18:05:51.104953,Dubai-6c3d,-22,75,Normal
2026-02-14 18:05:52.104953,Dubai-6c3d,1,66,Normal
2026-02-14 18:05:53.104953,Dubai-6c3d,10,33,Normal
2026-02-14 18:05:54.104953,Dubai-6c3d,27,94,Normal
2026-02-14 18:05:55.104953,Dubai-6c3d,20,23,Normal
2026-02-14 18:05:56.104953,Dubai-6c3d,8,7,Normal
2026-02-14 18:05:57.104953,Dubai-6c3d,47,40,Normal
2026-02-14 18:05:58.104953,Dubai-6c3d,37,91,Normal
2026-02-14 18:05:59.104953,Dubai-6c3d,10,36,Normal
2026-02-14 18:06:00.104953,Dubai-6c3d,14,86,Normal
2026-02-14 18:06:01.104953,Dubai-6c3d,49,75,Normal
2026-02-14 18:06:02.104953,Dubai-6c3d,-10,44,Normal
2026-02-14 18:06:03.104953,Dubai-6c3d,-10,47,Normal
2026-02-14 18:06:04.104953,Dubai-6c3d,-6,60,Normal
2026-02-14 18:06:05.104953,Dubai-6c3d,-2,33,Normal
2026-02-14 18:06:06.104953,Dubai-6c3d,-25,39,Normal
2026-02-14 18:06:07.104953,Dubai-6c3d,34,79,Normal
2026-02-14 18:06:08.104953,Dubai-6c3d,22,43,Normal
2026-02-14 18:06:09.104953,Dubai-6c3d,12,14,Normal
2026-02-14 18:06:10.104953,Dubai-6c3d,10,18,Normal
2026-02-14 18:06:11.104953,Dubai-6c3d,36,92,Normal
2026-02-14 18:06:12.104953,Dubai-6c3d,-26,52,Normal
2026-02-14 18:06:13.104953,Dubai-6c3d,14,68,Normal
2026-02-14 18:06:14.104953,Dubai-6c3d,10,65,Normal
2026-02-14 18:06:15.104953,Dubai-6c3d,6,88,Normal
2026-02-14 18:06:16.104953,Dubai-6c3d,17,6,Normal
2026-02-14 18:06:17.104953,Dubai-6c3d,-30,8,Normal
2026-02-14 18:06:18.104953,Dubai-6c3d,46,60,Normal
2026-02-14 18:06:19.104953,Dubai-6c3d,14,58,Normal
2026-02-14 18:06:20.104953,Dubai-6c3d,12,56,Normal
2026-02-14 18:06:21.104953,Dubai-6c3d,-2,12,Normal
2026-02-14 18:06:22.104953,Dubai-6c3d,26,22,Normal
2026-02-14 18:06:23.104953,Dubai-6c3d,18,4,Normal
2026-02-14 18:06:24.104953,Dubai-6c3d,45,54,Normal
2026-02-14 18:06:25.104953,Dubai-6c3d,22,20,Normal
2026-02-14 18:06:26.104953,Dubai-6c3d,16,58,Normal
2026-02-14 18:06:27.104953,Dubai-6c3d,-11,24,Normal
2026-02-14 18:06:28.104953,Dubai-6c3d,13,62,Normal
2026-02-14 18:06:29.104953,Dubai-6c3d,23,64,Normal
2026-02-14 18:06:30.104953,Dubai-6c3d,8,65,Normal
2026-02-14 18:06:31.104953,Dubai-6c3d,-29,88,Normal
2026-02-14 18:06:32.104953,Dubai-6c3d,-28,96,Normal
2026-02-14 18:06:33.104953,Dubai-6c3d,9,10,Normal
2026-02-14 18:06:34.104953,Dubai-6c3d,12,9,Normal
2026-02-14 18:06:35.104953,Dubai-6c3d,-14,24,Normal
2026-02-14 18:06:36.104953,Dubai-6c3d,16,83,Normal
2026-02-14 18:06:37.104953,Dubai-6c3d,11,22,Normal
2026-02-14 18:06:38.104953,Dubai-6c3d,14,97,Normal
2026-02-14 18:06:39.104953,Dubai-6c3d,34,95,Normal
2026-02-14 18:06:40.104953,Dubai-6c3d,44,66,Normal
2026-02-14 18:06:41.104953,Dubai-6c3d,33,26,Normal
2026-02-14 18:06:42.104953,Dubai-6c3d,40,79,Normal
2026-02-14 18:06:43.104953,Dubai-6c3d,36,48,Normal
2026-02-14 18:06:44.104953,Dubai-6c3d,27,54,Normal
2026-02-14 18:06:45.104953,Dubai-6c3d,47,71,Normal
2026-02-14 18:06:46.104953,Dubai-6c3d,32,3,Normal
2026-02-14 18:06:47.104953,Dubai-6c3d,-12,99,Normal
2026-02-14 18:06:48.104953,Dubai-6c3d,9,98,Normal
2026-02-14 18:06:49.104953,Dubai-6c3d,14,57,Normal
2026-02-14 18:06:50.104953,Dubai-6c3d,21,73,Normal
2026-02-14 18:06:51.104953,Dubai-6c3d,29,62,Normal
2026-02-14 18:06:52.104953,Dubai-6c3d,9,85,Normal
2026-02-14 18:06:53.104953,Dubai-6c3d,21,31,Normal
2026-02-14 18:06:54.104953,Dubai-6c3d,-20,65,Normal
2026-02-14 18:06:55.104953,Dubai-6c3d,41,29,Normal
2026-02-14 18:06:56.104953,Dubai-6c3d,-15,5,Normal
2026-02-14 18:06:57.104953,Dubai-6c3d,12,38,Normal
2026-02-14 18:06:58.104953,Dubai-6c3d,10,23,Normal
2026-02-14 18:06:59.104953,Dubai-6c3d,23,39,Normal
2026-02-14 18:07:00.104953,Dubai-6c3d,21,90,Normal
2026-02-14 18:07:01.104953,Dubai-6c3d,29,12,Normal
2026-02-14 18:07:02.104953,Dubai-6c3d,-11,64,Normal
2026-02-14 18:07:03.104953,Dubai-6c3d,50,1,Normal
2026-02-14 18:07:04.104953,Dubai-6c3d,15,72,Normal
2026-02-14 18:07:05.104953,Dubai-6c3d,1,71,Normal
2026-02-14 18:07:06.104953,Dubai-6c3d,-13,97,Normal
2026-02-14 18:07:07.104953,Dubai-6c3d,50,52,Normal
2026-02-14 18:07:08.104953,Dubai-6c3d,-11,80,Normal
2026-02-14 18:07:09.104953,Dubai-6c3d,-3,6,Normal
2026-02-14 18:07:10.104953,Dubai-6c3d,-21,27,Normal
2026-02-14 18:07:11.104953,Dubai-6c3d,-6,50,Normal
2026-02-14 18:07:12.104953,Dubai-6c3d,20,74,Normal
2026-02-14 18:07:13.104953,Dubai-6c3d,22,58,Normal
2026-02-14 18:07:14.104953,Dubai-6c3d,20,2,Normal
2026-02-14 18:07:15.104953,Dubai-6c3d,2,18,Normal
2026-02-14 18:07:16.104953,Dubai-6c3d,21,51,Normal
2026-02-14 18:07:17.104953,Dubai-6c3d,16,57,Normal
2026-02-14 18:07:18.104953,Dubai-6c3d,31,91,Normal
2026-02-14 18:07:19.104953,Dubai-6c3d,15,16,Normal
2026-02-14 18:07:20.104953,Dubai-6c3d,24,79,Normal
2026-02-14 18:07:21.104953,Dubai-6c3d,-1,100,Normal
2026-02-14 18:07:22.104953,Dubai-6c3d,45,25,Normal
2026-02-14 18:07:23.104953,Dubai-6c3d,4,100,Normal
2026-02-14 18:07:24.104953,Dubai-6c3d,-22,63,Normal
2026-02-14 18:07:25.104953,Dubai-6c3d,3,96,Normal
2026-02-14 18:07:26.104953,Dubai-6c3d,1,10,Normal
2026-02-14 18:07:27.104953,Dubai-6c3d,6,38,Normal
2026-02-14 18:07:28.104953,Dubai-6c3d,25,17,Normal
2026-02-14 18:07:29.104953,Dubai-6c3d,5,76,Normal
2026-02-14 18:07:30.104953,Dubai-6c3d,26,40,Normal
2026-02-14 18:07:31.104953,Dubai-6c3d,42,9,Normal
2026-02-14 18:07:32.104953,Dubai-6c3d,-26,29,Normal
2026-02-14 18:07:33.104953,Dubai-6c3d,4,15,Normal
2026-02-14 18:07:34.104953,Dubai-6c3d,39,31,Normal
2026-02-14 18:07:35.104953,Dubai-6c3d,47,65,Normal
2026-02-14 18:07:36.104953,Dubai-6c3d,43,78,Normal
2026-02-14 18:07:37.104953,Dubai-6c3d,13,30,Normal
2026-02-14 18:07:38.104953,Dubai-6c3d,45,72,Normal
2026-02-14 18:07:39.104953,Dubai-6c3d,18,37,Normal
2026-02-14 18:07:40.104953,Dubai-6c3d,43,61,Normal
2026-02-14 18:07:41.104953,Dubai-6c3d,33,100,Normal
2026-02-14 18:07:42.104953,Dubai-6c3d,37,32,Normal
2026-02-14 18:07:43.104953,Dubai-6c3d,-24,40,Normal
2026-02-14 18:07:44.104953,Dubai-6c3d,-12,11,Normal
2026-02-14 18:07:45.104953,Dubai-6c3d,47,19,Normal
2026-02-14 18:07:46.104953,Dubai-6c3d,36,38,Normal
2026-02-14 18:07:47.104953,Dubai-6c3d,12,10,Normal
2026-02-14 18:07:48.104953,Dubai-6c3d,-19,18,Normal
2026-02-14 18:07:49.104953,Dubai-6c3d,38,72,Normal
2026-02-14 18:07:50.104953,Dubai-6c3d,11,16,Normal
2026-02-14 18:07:51.104953,Dubai-6c3d,10,42,Normal
2026-02-14 18:07:52.104953,Dubai-6c3d,4,59,Normal
2026-02-14 18:07:53.104953,Dubai-6c3d,34,4,Normal
2026-02-14 18:07:54.104953,Dubai-6c3d,14,63,Normal
2026-02-14 18:07:55.104953,Dubai-6c3d,26,68,Normal
2026-02-14 18:07:56.104953,Dubai-6c3d,48,62,Normal
2026-02-14 18:07:57.104953,Dubai-6c3d,5,72,Normal
2026-02-14 18:07:58.104953,Dubai-6c3d,11,99,Normal
2026-02-14 18:07:59.104953,Dubai-6c3d,1,90,Normal
2026-02-14 18:08:00.104953,Dubai-6c3d,-2,77,Normal
2026-02-14 18:08:01.104953,Dubai-6c3d,29,16,Normal
2026-02-14 18:08:02.104953,Dubai-6c3d,-4,4,Normal
2026-02-14 18:08:03.104953,Dubai-6c3d,49,60,Normal
2026-02-14 18:08:04.104953,Dubai-6c3d,10,76,Normal
2026-02-14 18:08:05.104953,Dubai-6c3d,21,96,Normal
2026-02-14 18:08:06.104953,Dubai-6c3d,-16,86,Normal
2026-02-14 18:08:07.104953,Dubai-6c3d,13,41,Normal
2026-02-14 18:08:08.104953,Dubai-6c3d,50,70,Normal
2026-02-14 18:08:09.104953,Dubai-6c3d,48,95,Normal
2026-02-14 18:08:10.104953,Dubai-6c3d,10,72,Normal
2026-02-14 18:08:11.104953,Dubai-6c3d,29,89,Normal
2026-02-14 18:08:12.104953,Dubai-6c3d,-12,63,Normal
2026-02-14 18:08:13.104953,Dubai-6c3d,31,2,Normal
2026-02-14 18:08:14.104953,Dubai-6c3d,45,64,Normal
2026-02-14 18:08:15.104953,Dubai-6c3d,-25,11,Normal
2026-02-14 18:08:16.104953,Dubai-6c3d,-9,61,Normal
2026-02-14 18:08:17.104953,Dubai-6c3d,-3,37,Normal
2026-02-14 18:08:18.104953,Dubai-6c3d,-22,78,Normal
2026-02-14 18:08:19.104953,Dubai-6c3d,-24,97,Normal
2026-02-14 18:08:20.104953,Dubai-6c3d,-9,23,Normal
2026-02-14 18:08:21.104953,Dubai-6c3d,40,95,Normal
2026-02-14 18:08:22.104953,Dubai-6c3d,35,30,Normal
2026-02-14 18:08:23.104953,Dubai-6c3d,30,66,Normal
2026-02-14 18:08:24.104953,Dubai-6c3d,27,4,Normal
2026-02-14 18:08:25.104953,Dubai-6c3d,50,23,Normal
2026-02-14 18:08:26.104953,Dubai-6c3d,21,57,Normal
2026-02-14 18:08:27.104953,Dubai-6c3d,-3,59,Normal
2026-02-14 18:08:28.104953,Dubai-6c3d,-13,22,Normal
2026-02-14 18:08:29.104953,Dubai-6c3d,35,8,Normal
2026-02-14 18:08:30.104953,Dubai-6c3d,45,46,Normal
2026-02-14 18:08:31.104953,Dubai-6c3d,45,50,Normal
2026-02-14 18:08:32.104953,Dubai-6c3d,-14,50,Normal
2026-02-14 18:08:33.104953,Dubai-6c3d,25,76,Normal
2026-02-14 18:08:34.104953,Dubai-6c3d,-4,35,Normal
2026-02-14 18:08:35.104953,Dubai-6c3d,-10,1,Normal
2026-02-14 18:08:36.104953,Dubai-6c3d,39,35,Normal
2026-02-14 18:08:37.104953,Dubai-6c3d,-30,41,Normal
2026-02-14 18:08:38.104953,Dubai-6c3d,-17,69,Normal
2026-02-14 18:08:39.104953,Dubai-6c3d,35,33,Normal
2026-02-14 18:08:40.104953,Dubai-6c3d,50,31,Normal
2026-02-14 18:08:41.104953,Dubai-6c3d,1,87,Normal
2026-02-14 18:08:42.104953,Dubai-6c3d,-30,47,Normal
2026-02-14 18:08:43.104953,Dubai-6c3d,36,24,Normal
2026-02-14 18:08:44.104953,Dubai-6c3d,-12,94,Normal
2026-02-14 18:08:45.104953,Dubai-6c3d,33,86,Normal
2026-02-14 18:08:46.104953,Dubai-6c3d,-10,68,Normal
2026-02-14 18:08:47.104953,Dubai-6c3d,24,81,Normal
2026-02-14 18:08:48.104953,Dubai-6c3d,37,56,Normal
2026-02-14 18:08:49.104953,Dubai-6c3d,46,43,Normal
2026-02-14 18:08:50.104953,Dubai-6c3d,7,27,Normal
2026-02-14 18:08:51.104953,Dubai-6c3d,38,53,Normal
2026-02-14 18:08:52.104953,Dubai-6c3d,6,49,Normal
2026-02-14 18:08:53.104953,Dubai-6c3d,-27,5,Normal
2026-02-14 18:08:54.104953,Dubai-6c3d,30,45,Normal
2026-02-14 18:08:55.104953,Dubai-6c3d,14,88,Normal
2026-02-14 18:08:56.104953,Dubai-6c3d,-20,20,Normal
2026-02-14 18:08:57.104953,Dubai-6c3d,44,39,Normal
2026-02-14 18:08:58.104953,Dubai-6c3d,-22,42,Normal
2026-02-14 18:08:59.104953,Dubai-6c3d,-3,55,Normal
2026-02-14 18:09:00.104953,Dubai-6c3d,0,71,Normal
2026-02-14 18:09:01.104953,Dubai-6c3d,-10,6,Normal
2026-02-14 18:09:02.104953,Dubai-6c3d,20,23,Normal
2026-02-14 18:09:03.104953,Dubai-6c3d,25,55,Normal
2026-02-14 18:09:04.104953,Dubai-6c3d,17,58,Normal
2026-02-14 18:09:05.104953,Dubai-6c3d,-9,47,Normal
2026-02-14 18:09:06.104953,Dubai-6c3d,9,88,Normal
2026-02-14 18:09:07.104953,Dubai-6c3d,25,87,Normal
2026-02-14 18:09:08.104953,Dubai-6c3d,-13,55,Normal
2026-02-14 18:09:09.104953,Dubai-6c3d,-12,40,Normal
2026-02-14 18:09:10.104953,Dubai-6c3d,-17,72,Normal
2026-02-14 18:09:11.104953,Dubai-6c3d,25,46,Normal
2026-02-14 18:09:12.104953,Dubai-6c3d,42,21,Normal
2026-02-14 18:09:13.104953,Dubai-6c3d,-13,55,Normal
2026-02-14 18:09:14.104953,Dubai-6c3d,-28,54,Normal
2026-02-14 18:09:15.104953,Dubai-6c3d,-17,72,Normal
2026-02-14 18:09:16.104953,Dubai-6c3d,48,93,Normal
2026-02-14 18:09:17.104953,Dubai-6c3d,16,95,Normal
2026-02-14 18:09:18.104953,Dubai-6c3d,12,24,Normal
2026-02-14 18:09:19.104953,Dubai-6c3d,-17,79,Normal
2026-02-14 18:09:20.104953,Dubai-6c3d,29,87,Normal
2026-02-14 18:09:21.104953,Dubai-6c3d,50,78,Normal
2026-02-14 18:09:22.104953,Dubai-6c3d,-19,47,Normal
2026-02-14 18:09:23.104953,Dubai-6c3d,30,59,Normal
2026-02-14 18:09:24.104953,Dubai-6c3d,9,18,Normal
2026-02-14 18:09:25.104953,Dubai-6c3d,42,84,Normal
2026-02-14 18:09:26.104953,Dubai-6c3d,2,42,Normal
2026-02-14 18:09:27.104953,Dubai-6c3d,39,34,Normal
2026-02-14 18:09:28.104953,Dubai-6c3d,-30,83,Normal
2026-02-14 18:09:29.104953,Dubai-6c3d,37,63,Normal
2026-02-14 18:09:30.104953,Dubai-6c3d,0,32,Normal
2026-02-14 18:09:31.104953,Dubai-6c3d,13,72,Normal
2026-02-14 18:09:32.104953,Dubai-6c3d,-28,44,Normal
2026-02-14 18:09:33.104953,Dubai-6c3d,28,56,Normal
2026-02-14 18:09:34.104953,Dubai-6c3d,-5,43,Normal
2026-02-14 18:09:35.104953,Dubai-6c3d,-17,12,Normal
2026-02-14 18:09:36.104953,Dubai-6c3d,-13,59,Normal
2026-02-14 18:09:37.104953,Dubai-6c3d,-21,4,Normal
2026-02-14 18:09:38.104953,Dubai-6c3d,-25,98,Normal
2026-02-14 18:09:39.104953,Dubai-6c3d,-28,4,Normal
2026-02-14 18:09:40.104953,Dubai-6c3d,-25,62,Normal
2026-02-14 18:09:41.104953,Dubai-6c3d,47,14,Normal
2026-02-14 18:09:42.104953,Dubai-6c3d,-2,58,Normal
2026-02-14 18:09:43.104953,Dubai-6c3d,7,79,Normal
2026-02-14 18:09:44.104953,Dubai-6c3d,17,18,Normal
2026-02-14 18:09:45.104953,Dubai-6c3d,49,1,Normal
2026-02-14 18:09:46.104953,Dubai-6c3d,35,70,Normal
2026-02-14 18:09:47.104953,Dubai-6c3d,32,38,Normal
2026-02-14 18:09:48.104953,Dubai-6c3d,45,56,Normal
2026-02-14 18:09:49.104953,Dubai-6c3d,47,81,Normal
2026-02-14 18:09:50.104953,Dubai-6c3d,1,64,Normal
2026-02-14 18:09:51.104953,Dubai-6c3d,40,41,Normal
2026-02-14 18:09:52.104953,Dubai-6c3d,43,9,Normal
2026-02-14 18:09:53.104953,Dubai-6c3d,-28,40,Normal
2026-02-14 18:09:54.104953,Dubai-6c3d,13,86,Normal
2026-02-14 18:09:55.104953,Dubai-6c3d,40,20,Normal
2026-02-14 18:09:56.104953,Dubai-6c3d,-5,0,Normal
2026-02-14 18:09:57.104953,Dubai-6c3d,-30,54,Normal
2026-02-14 18:09:58.104953,Dubai-6c3d,-22,30,Normal
2026-02-14 18:09:59.104953,Dubai-6c3d,43,17,Normal
2026-02-14 18:10:00.104953,Dubai-6c3d,-22,25,Normal
2026-02-14 18:10:01.104953,Dubai-6c3d,39,44,Normal
2026-02-14 18:10:02.104953,Dubai-6c3d,30,59,Normal
2026-02-14 18:10:03.104953,Dubai-6c3d,-2,55,Normal
2026-02-14 18:10:04.104953,Dubai-6c3d,1,35,Normal
2026-02-14 18:10:05.104953,Dubai-6c3d,21,15,Normal
2026-02-14 18:10:06.104953,Dubai-6c3d,-15,78,Normal
2026-02-14 18:10:07.104953,Dubai-6c3d,-16,33,Normal
2026-02-14 18:10:08.104953,Dubai-6c3d,-13,36,Normal
2026-02-14 18:10:09.104953,Dubai-6c3d,46,44,Normal
2026-02-14 18:10:10.104953,Dubai-6c3d,24,60,Normal
2026-02-14 18:10:11.104953,Dubai-6c3d,7,0,Normal
2026-02-14 18:10:12.104953,Dubai-6c3d,25,42,Normal
2026-02-14 18:10:13.104953,Dubai-6c3d,18,83,Normal
2026-02-14 18:10:14.104953,Dubai-6c3d,3,100,Normal
2026-02-14 18:10:15.104953,Dubai-6c3d,50,89,Normal
2026-02-14 18:10:16.104953,Dubai-6c3d,41,8,Normal
2026-02-14 18:10:17.104953,Dubai-6c3d,-20,71,Normal
2026-02-14 18:10:18.104953,Dubai-6c3d,0,68,Normal
2026-02-14 18:10:19.104953,Dubai-6c3d,10,67,Normal
2026-02-14 18:10:20.104953,Dubai-6c3d,-10,52,Normal
2026-02-14 18:10:21.104953,Dubai-6c3d,12,11,Normal
2026-02-14 18:10:22.104953,Dubai-6c3d,22,3,Normal
2026-02-14 18:10:23.104953,Dubai-6c3d,-8,29,Normal
2026-02-14 18:10:24.104953,Dubai-6c3d,23,34,Normal
2026-02-14 18:10:25.104953,Dubai-6c3d,-28,100,Normal
2026-02-14 18:10:26.104953,Dubai-6c3d,6,34,Normal
2026-02-14 18:10:27.104953,Dubai-6c3d,-25,7,Normal
2026-02-14 18:10:28.104953,Dubai-6c3d,6,66,Normal
2026-02-14 18:10:29.104953,Dubai-6c3d,-11,86,Normal
2026-02-14 18:10:30.104953,Dubai-6c3d,14,47,Normal
2026-02-14 18:10:31.104953,Dubai-6c3d,-24,5,Normal
2026-02-14 18:10:32.104953,Dubai-6c3d,48,72,Normal
2026-02-14 18:10:33.104953,Dubai-6c3d,32,96,Normal
2026-02-14 18:10:34.104953,Dubai-6c3d,4,27,Normal
2026-02-14 18:10:35.104953,Dubai-6c3d,27,9,Normal
2026-02-14 18:10:36.104953,Dubai-6c3d,-20,53,Normal
2026-02-14 18:10:37.104953,Dubai-6c3d,26,98,Normal
2026-02-14 18:10:38.104953,Dubai-6c3d,-18,42,Normal
2026-02-14 18:10:39.104953,Dubai-6c3d,-17,80,Normal
2026-02-14 18:10:40.104953,Dubai-6c3d,27,71,Normal
2026-02-14 18:10:41.104953,Dubai-6c3d,37,68,Normal
2026-02-14 18:10:42.104953,Dubai-6c3d,43,47,Normal
2026-02-14 18:10:43.104953,Dubai-6c3d,34,93,Normal
2026-02-14 18:10:44.104953,Dubai-6c3d,-16,14,Normal
2026-02-14 18:10:45.104953,Dubai-6c3d,26,60,Normal
2026-02-14 18:10:46.104953,Dubai-6c3d,-8,71,Normal
2026-02-14 18:10:47.104953,Dubai-6c3d,-17,60,Normal
2026-02-14 18:10:48.104953,Dubai-6c3d,-17,84,Normal
2026-02-14 18:10:49.104953,Dubai-6c3d,-19,23,Normal
2026-02-14 18:10:50.104953,Dubai-6c3d,34,64,Normal
2026-02-14 18:10:51.104953,Dubai-6c3d,23,67,Normal
2026-02-14 18:10:52.104953,Dubai-6c3d,35,86,Normal
2026-02-14 18:10:53.104953,Dubai-6c3d,-30,95,Normal
2026-02-14 18:10:54.104953,Dubai-6c3d,29,31,Normal
2026-02-14 18:10:55.104953,Dubai-6c3d,27,9,Normal
2026-02-14 18:10:56.104953,Dubai-6c3d,-21,97,Normal
2026-02-14 18:10:57.104953,Dubai-6c3d,-26,86,Normal
2026-02-14 18:10:58.104953,Dubai-6c3d,12,68,Normal
2026-02-14 18:10:59.104953,Dubai-6c3d,5,62,Normal
2026-02-14 18:11:00.104953,Dubai-6c3d,-19,10,Normal
2026-02-14 18:11:01.104953,Dubai-6c3d,44,73,Normal
2026-02-14 18:11:02.104953,Dubai-6c3d,-10,1,Normal
2026-02-14 18:11:03.104953,Dubai-6c3d,45,69,Normal
2026-02-14 18:11:04.104953,Dubai-6c3d,46,29,Normal
2026-02-14 18:11:05.104953,Dubai-6c3d,-8,24,Normal
2026-02-14 18:11:06.104953,Dubai-6c3d,12,53,Normal
2026-02-14 18:11:07.104953,Dubai-6c3d,6,50,Normal
2026-02-14 18:11:08.104953,Dubai-6c3d,-3,98,Normal
2026-02-14 18:11:09.104953,Dubai-6c3d,-2,76,Normal
2026-02-14 18:11:10.104953,Dubai-6c3d,14,48,Normal
2026-02-14 18:11:11.104953,Dubai-6c3d,26,24,Normal
2026-02-14 18:11:12.104953,Dubai-6c3d,-28,68,Normal
2026-02-14 18:11:13.104953,Dubai-6c3d,34,71,Normal
2026-02-14 18:11:14.104953,Dubai-6c3d,-10,71,Normal
2026-02-14 18:11:15.104953,Dubai-6c3d,14,19,Normal
2026-02-14 18:11:16.104953,Dubai-6c3d,6,83,Normal
2026-02-14 18:11:17.104953,Dubai-6c3d,-16,88,Normal
2026-02-14 18:11:18.104953,Dubai-6c3d,22,36,Normal
2026-02-14 18:11:19.104953,Dubai-6c3d,19,14,Normal
2026-02-14 18:11:20.104953,Dubai-6c3d,-18,86,Normal
2026-02-14 18:11:21.104953,Dubai-6c3d,-9,6,Normal
2026-02-14 18:11:22.104953,Dubai-6c3d,18,6,Normal
2026-02-14 18:11:23.104953,Dubai-6c3d,-15,49,Normal
2026-02-14 18:11:24.104953,Dubai-6c3d,-1,100,Normal
2026-02-14 18:11:25.104953,Dubai-6c3d,-19,84,Normal
2026-02-14 18:11:26.104953,Dubai-6c3d,4,51,Normal
2026-02-14 18:11:27.104953,Dubai-6c3d,17,34,Normal
2026-02-14 18:11:28.104953,Dubai-6c3d,10,33,Normal
2026-02-14 18:11:29.104953,Dubai-6c3d,48,9,Normal
2026-02-14 18:11:30.104953,Dubai-6c3d,22,4,Normal
2026-02-14 18:11:31.104953,Dubai-6c3d,-3,86,Normal
2026-02-14 18:11:32.104953,Dubai-6c3d,8,13,Normal
2026-02-14 18:11:33.104953,Dubai-6c3d,-3,19,Normal
2026-02-14 18:11:34.104953,Dubai-6c3d,44,87,Normal
2026-02-14 18:11:35.104953,Dubai-6c3d,34,55,Normal
2026-02-14 18:11:36.104953,Dubai-6c3d,27,64,Normal
2026-02-14 18:11:37.104953,Dubai-6c3d,6,21,Normal
2026-02-14 18:11:38.104953,Dubai-6c3d,47,100,Normal
2026-02-14 18:11:39.104953,Dubai-6c3d,31,52,Normal
2026-02-14 18:11:40.104953,Dubai-6c3d,45,22,Normal
2026-02-14 18:11:41.104953,Dubai-6c3d,19,77,Normal
2026-02-14 18:11:42.104953,Dubai-6c3d,41,17,Normal
2026-02-14 18:11:43.104953,Dubai-6c3d,8,78,Normal
2026-02-14 18:11:44.104953,Dubai-6c3d,-12,91,Normal
2026-02-14 18:11:45.104953,Dubai-6c3d,20,92,Normal
2026-02-14 18:11:46.104953,Dubai-6c3d,-20,71,Normal
2026-02-14 18:11:47.104953,Dubai-6c3d,23,2,Normal
2026-02-14 18:11:48.104953,Dubai-6c3d,40,90,Normal
2026-02-14 18:11:49.104953,Dubai-6c3d,48,89,Normal
2026-02-14 18:11:50.104953,Dubai-6c3d,17,39,Normal
2026-02-14 18:11:51.104953,Dubai-6c3d,35,27,Normal
2026-02-14 18:11:52.104953,Dubai-6c3d,-4,45,Normal
2026-02-14 18:11:53.104953,Dubai-6c3d,23,49,Normal
2026-02-14 18:11:54.104953,Dubai-6c3d,19,83,Normal
2026-02-14 18:11:55.104953,Dubai-6c3d,27,70,Normal
2026-02-14 18:11:56.104953,Dubai-6c3d,29,47,Normal
2026-02-14 18:11:57.104953,Dubai-6c3d,-21,23,Normal
2026-02-14 18:11:58.104953,Dubai-6c3d,5,12,Normal
2026-02-14 18:11:59.104953,Dubai-6c3d,-4,31,Normal
2026-02-14 18:12:00.104953,Dubai-6c3d,17,5,Normal
2026-02-14 18:12:01.104953,Dubai-6c3d,-18,27,Normal
2026-02-14 18:12:02.104953,Dubai-6c3d,-15,96,Normal
2026-02-14 18:12:03.104953,Dubai-6c3d,-28,12,Normal
2026-02-14 18:12:04.104953,Dubai-6c3d,-22,62,Normal
2026-02-14 18:12:05.104953,Dubai-6c3d,-17,50,Normal
2026-02-14 18:12:06.104953,Dubai-6c3d,-28,22,Normal
2026-02-14 18:12:07.104953,Dubai-6c3d,-25,88,Normal
2026-02-14 18:12:08.104953,Dubai-6c3d,8,85,Normal
2026-02-14 18:12:09.104953,Dubai-6c3d,-17,60,Normal
2026-02-14 18:12:10.104953,Dubai-6c3d,48,57,Normal
2026-02-14 18:12:11.104953,Dubai-6c3d,42,4,Normal
2026-02-14 18:12:12.104953,Dubai-6c3d,45,3,Normal
2026-02-14 18:12:13.104953,Dubai-6c3d,7,47,Normal
2026-02-14 18:12:14.104953,Dubai-6c3d,1,65,Normal
2026-02-14 18:12:15.104953,Dubai-6c3d,-5,33,Normal
2026-02-14 18:12:16.104953,Dubai-6c3d,-4,95,Normal
2026-02-14 18:12:17.104953,Dubai-6c3d,1,70,Normal
2026-02-14 18:12:18.104953,Dubai-6c3d,16,3,Normal
2026-02-14 18:12:19.104953,Dubai-6c3d,3,86,Normal
2026-02-14 18:12:20.104953,Dubai-6c3d,-18,60,Normal
2026-02-14 18:12:21.104953,Dubai-6c3d,15,85,Normal
2026-02-14 18:12:22.104953,Dubai-6c3d,23,38,Normal
2026-02-14 18:12:23.104953,Dubai-6c3d,38,81,Normal
2026-02-14 18:12:24.104953,Dubai-6c3d,14,30,Normal
2026-02-14 18:12:25.104953,Dubai-6c3d,-21,82,Normal
2026-02-14 18:12:26.104953,Dubai-6c3d,-1,80,Normal
2026-02-14 18:12:27.104953,Dubai-6c3d,27,31,Normal
2026-02-14 18:12:28.104953,Dubai-6c3d,0,33,Normal
2026-02-14 18:12:29.104953,Dubai-6c3d,-16,72,Normal
2026-02-14 18:12:30.104953,Dubai-6c3d,42,58,Normal
2026-02-14 18:12:31.104953,Dubai-6c3d,41,2,Normal
2026-02-14 18:12:32.104953,Dubai-6c3d,-13,37,Normal
2026-02-14 18:12:33.104953,Dubai-6c3d,-20,79,Normal
2026-02-14 18:12:34.104953,Dubai-6c3d,30,2,Normal
2026-02-14 18:12:35.104953,Dubai-6c3d,-29,84,Normal
2026-02-14 18:12:36.104953,Dubai-6c3d,-15,9,Normal
2026-02-14 18:12:37.104953,Dubai-6c3d,12,12,Normal
2026-02-14 18:12:38.104953,Dubai-6c3d,17,48,Normal
2026-02-14 18:12:39.104953,Dubai-6c3d,27,26,Normal
2026-02-14 18:12:40.104953,Dubai-6c3d,-28,98,Normal
2026-02-14 18:12:41.104953,Dubai-6c3d,-30,15,Normal
2026-02-14 18:12:42.104953,Dubai-6c3d,-14,37,Normal
2026-02-14 18:12:43.104953,Dubai-6c3d,23,58,Normal
2026-02-14 18:12:44.104953,Dubai-6c3d,-30,35,Normal
2026-02-14 18:12:45.104953,Dubai-6c3d,-12,56,Normal
2026-02-14 18:12:46.104953,Dubai-6c3d,28,55,Normal
2026-02-14 18:12:47.104953,Dubai-6c3d,27,88,Normal
2026-02-14 18:12:48.104953,Dubai-6c3d,-5,13,Normal
2026-02-14 18:12:49.104953,Dubai-6c3d,22,55,Normal
2026-02-14 18:12:50.104953,Dubai-6c3d,-14,23,Normal
2026-02-14 18:12:51.104953,Dubai-6c3d,-28,58,Normal
2026-02-14 18:12:52.104953,Dubai-6c3d,48,41,Normal
2026-02-14 18:12:53.104953,Dubai-6c3d,-2,87,Normal
2026-02-14 18:12:54.104953,Dubai-6c3d,13,63,Normal
2026-02-14 18:12:55.104953,Dubai-6c3d,50,93,Normal
2026-02-14 18:12:56.104953,Dubai-6c3d,-18,59,Normal
2026-02-14 18:12:57.104953,Dubai-6c3d,36,78,Normal
2026-02-14 18:12:58.104953,Dubai-6c3d,7,15,Normal
2026-02-14 18:12:59.104953,Dubai-6c3d,25,76,Normal
2026-02-14 18:13:00.104953,Dubai-6c3d,-10,86,Normal
2026-02-14 18:13:01.104953,Dubai-6c3d,11,16,Normal
2026-02-14 18:13:02.104953,Dubai-6c3d,31,89,Normal
2026-02-14 18:13:03.104953,Dubai-6c3d,21,63,Normal
2026-02-14 18:13:04.104953,Dubai-6c3d,-2,84,Normal
2026-02-14 18:13:05.104953,Dubai-6c3d,13,16,Normal
2026-02-14 18:13:06.104953,Dubai-6c3d,6,14,Normal
2026-02-14 18:13:07.104953,Dubai-6c3d,-20,26,Normal
2026-02-14 18:13:08.104953,Dubai-6c3d,-9,52,Normal
2026-02-14 18:13:09.104953,Dubai-6c3d,31,42,Normal
2026-02-14 18:13:10.104953,Dubai-6c3d,-1,93,Normal
2026-02-14 18:13:11.104953,Dubai-6c3d,15,48,Normal
2026-02-14 18:13:12.104953,Dubai-6c3d,-23,50,Normal
2026-02-14 18:13:13.104953,Dubai-6c3d,44,28,Normal
2026-02-14 18:13:14.104953,Dubai-6c3d,48,6,Normal
2026-02-14 18:13:15.104953,Dubai-6c3d,-17,71,Normal
2026-02-14 18:13:16.104953,Dubai-6c3d,30,15,Normal
2026-02-14 18:13:17.104953,Dubai-6c3d,23,28,Normal
2026-02-14 18:13:18.104953,Dubai-6c3d,16,94,Normal
2026-02-14 18:13:19.104953,Dubai-6c3d,-28,53,Normal
2026-02-14 18:13:20.104953,Dubai-6c3d,36,63,Normal
2026-02-14 18:13:21.104953,Dubai-6c3d,35,54,Normal
2026-02-14 18:13:22.104953,Dubai-6c3d,23,69,Normal
2026-02-14 18:13:23.104953,Dubai-6c3d,40,16,Normal
2026-02-14 18:13:24.104953,Dubai-6c3d,28,34,Normal
2026-02-14 18:13:25.104953,Dubai-6c3d,47,35,Normal
2026-02-14 18:13:26.104953,Dubai-6c3d,30,83,Normal
2026-02-14 18:13:27.104953,Dubai-6c3d,2,14,Normal
2026-02-14 18:13:28.104953,Dubai-6c3d,34,9,Normal
2026-02-14 18:13:29.104953,Dubai-6c3d,24,42,Normal
2026-02-14 18:13:30.104953,Dubai-6c3d,33,87,Normal
2026-02-14 18:13:31.104953,Dubai-6c3d,49,0,Normal
2026-02-14 18:13:32.104953,Dubai-6c3d,-15,4,Normal
2026-02-14 18:13:33.104953,Dubai-6c3d,-25,18,Normal
2026-02-14 18:13:34.104953,Dubai-6c3d,-25,19,Normal
2026-02-14 18:13:35.104953,Dubai-6c3d,-2,87,Normal
2026-02-14 18:13:36.104953,Dubai-6c3d,18,2,Normal
2026-02-14 18:13:37.104953,Dubai-6c3d,0,80,Normal
2026-02-14 18:13:38.104953,Dubai-6c3d,28,46,Normal
2026-02-14 18:13:39.104953,Dubai-6c3d,-17,5,Normal
2026-02-14 18:13:40.104953,Dubai-6c3d,20,41,Normal
2026-02-14 18:13:41.104953,Dubai-6c3d,-5,74,Normal
2026-02-14 18:13:42.104953,Dubai-6c3d,-22,75,Normal
2026-02-14 18:13:43.104953,Dubai-6c3d,1,21,Normal
2026-02-14 18:13:44.104953,Dubai-6c3d,19,91,Normal
2026-02-14 18:13:45.104953,Dubai-6c3d,47,76,Normal
2026-02-14 18:13:46.104953,Dubai-6c3d,-18,31,Normal
2026-02-14 18:13:47.104953,Dubai-6c3d,47,93,Normal
2026-02-14 18:13:48.104953,Dubai-6c3d,-30,69,Normal
2026-02-14 18:13:49.104953,Dubai-6c3d,-2,11,Normal
2026-02-14 18:13:50.104953,Dubai-6c3d,15,79,Normal
2026-02-14 18:13:51.104953,Dubai-6c3d,1,0,Normal
2026-02-14 18:13:52.104953,Dubai-6c3d,11,87,Normal
2026-02-14 18:13:53.104953,Dubai-6c3d,14,55,Normal
2026-02-14 18:13:54.104953,Dubai-6c3d,33,84,Normal
2026-02-14 18:13:55.104953,Dubai-6c3d,40,100,Normal
2026-02-14 18:13:56.104953,Dubai-6c3d,5,72,Normal
2026-02-14 18:13:57.104953,Dubai-6c3d,-21,41,Normal
2026-02-14 18:13:58.104953,Dubai-6c3d,10,63,Normal
2026-02-14 18:13:59.104953,Dubai-6c3d,33,39,Normal
2026-02-14 18:14:00.104953,Dubai-6c3d,25,69,Normal
2026-02-14 18:14:01.104953,Dubai-6c3d,20,44,Normal
2026-02-14 18:14:02.104953,Dubai-6c3d,11,80,Normal
2026-02-14 18:14:03.104953,Dubai-6c3d,41,92,Normal
2026-02-14 18:14:04.104953,Dubai-6c3d,5,79,Normal
2026-02-14 18:14:05.104953,Dubai-6c3d,33,38,Normal
2026-02-14 18:14:06.104953,Dubai-6c3d,23,12,Normal
2026-02-14 18:14:07.104953,Dubai-6c3d,-17,62,Normal
2026-02-14 18:14:08.104953,Dubai-6c3d,-18,77,Normal
2026-02-14 18:14:09.104953,Dubai-6c3d,12,78,Normal
2026-02-14 18:14:10.104953,Dubai-6c3d,20,53,Normal
2026-02-14 18:14:11.104953,Dubai-6c3d,19,52,Normal
2026-02-14 18:14:12.104953,Dubai-6c3d,30,84,Normal
2026-02-14 18:14:13.104953,Dubai-6c3d,21,87,Normal
2026-02-14 18:14:14.104953,Dubai-6c3d,-3,100,Normal
2026-02-14 18:14:15.104953,Dubai-6c3d,-24,78,Normal
2026-02-14 18:14:16.104953,Dubai-6c3d,-27,94,Normal
2026-02-14 18:14:17.104953,Dubai-6c3d,11,14,Normal
2026-02-14 18:14:18.104953,Dubai-6c3d,-26,36,Normal
2026-02-14 18:14:19.104953,Dubai-6c3d,38,70,Normal
2026-02-14 18:14:20.104953,Dubai-6c3d,-30,22,Normal
2026-02-14 18:14:21.104953,Dubai-6c3d,1,9,Normal
2026-02-14 18:14:22.104953,Dubai-6c3d,-19,79,Normal
2026-02-14 18:14:23.104953,Dubai-6c3d,-3,14,Normal
2026-02-14 18:14:24.104953,Dubai-6c3d,35,24,Normal
2026-02-14 18:14:25.104953,Dubai-6c3d,36,44,Normal
2026-02-14 18:14:26.104953,Dubai-6c3d,0,71,Normal
2026-02-14 18:14:27.104953,Dubai-6c3d,-13,99,Normal
2026-02-14 18:14:28.104953,Dubai-6c3d,15,6,Normal
2026-02-14 18:14:29.104953,Dubai-6c3d,-21,56,Normal
2026-02-14 18:14:30.104953,Dubai-6c3d,17,68,Normal
2026-02-14 18:14:31.104953,Dubai-6c3d,-12,45,Normal
2026-02-14 18:14:32.104953,Dubai-6c3d,47,38,Normal
2026-02-14 18:14:33.104953,Dubai-6c3d,34,96,Normal
2026-02-14 18:14:34.104953,Dubai-6c3d,-1,23,Normal
2026-02-14 18:14:35.104953,Dubai-6c3d,29,81,Normal
2026-02-14 18:14:36.104953,Dubai-6c3d,-15,31,Normal
2026-02-14 18:14:37.104953,Dubai-6c3d,-28,26,Normal
2026-02-14 18:14:38.104953,Dubai-6c3d,4,32,Normal
2026-02-14 18:14:39.104953,Dubai-6c3d,32,28,Normal
2026-02-14 18:14:40.104953,Dubai-6c3d,5,13,Normal
2026-02-14 18:14:41.104953,Dubai-6c3d,-26,1,Normal
2026-02-14 18:14:42.104953,Dubai-6c3d,2,76,Normal
2026-02-14 18:14:43.104953,Dubai-6c3d,-10,51,Normal
2026-02-14 18:14:44.104953,Dubai-6c3d,-14,17,Normal
2026-02-14 18:14:45.104953,Dubai-6c3d,4,89,Normal
2026-02-14 18:14:46.104953,Dubai-6c3d,19,40,Normal
2026-02-14 18:14:47.104953,Dubai-6c3d,22,96,Normal
2026-02-14 18:14:48.104953,Dubai-6c3d,1,77,Normal
2026-02-14 18:14:49.104953,Dubai-6c3d,-16,46,Normal
2026-02-14 18:14:50.104953,Dubai-6c3d,44,0,Normal
2026-02-14 18:14:51.104953,Dubai-6c3d,-24,16,Normal
2026-02-14 18:14:52.104953,Dubai-6c3d,43,96,Normal
2026-02-14 18:14:53.104953,Dubai-6c3d,-21,23,Normal
2026-02-14 18:14:54.104953,Dubai-6c3d,0,44,Normal
2026-02-14 18:14:55.104953,Dubai-6c3d,45,5,Normal
2026-02-14 18:14:56.104953,Dubai-6c3d,49,69,Normal
2026-02-14 18:14:57.104953,Dubai-6c3d,-18,87,Normal
2026-02-14 18:14:58.104953,Dubai-6c3d,17,31,Normal
2026-02-14 18:14:59.104953,Dubai-6c3d,50,31,Normal
2026-02-14 18:15:00.104953,Dubai-6c3d,20,82,Normal
2026-02-14 18:15:01.104953,Dubai-6c3d,36,28,Normal
2026-02-14 18:15:02.104953,Dubai-6c3d,48,100,Normal
2026-02-14 18:15:03.104953,Dubai-6c3d,-21,14,Normal
2026-02-14 18:15:04.104953,Dubai-6c3d,6,73,Normal
2026-02-14 18:15:05.104953,Dubai-6c3d,-26,61,Normal
2026-02-14 18:15:06.104953,Dubai-6c3d,-30,9,Normal
2026-02-14 18:15:07.104953,Dubai-6c3d,6,40,Normal
2026-02-14 18:15:08.104953,Dubai-6c3d,7,63,Normal
2026-02-14 18:15:09.104953,Dubai-6c3d,38,86,Normal
2026-02-14 18:15:10.104953,Dubai-6c3d,-21,93,Normal
2026-02-14 18:15:11.104953,Dubai-6c3d,43,50,Normal
2026-02-14 18:15:12.104953,Dubai-6c3d,33,31,Normal
2026-02-14 18:15:13.104953,Dubai-6c3d,23,18,Normal
2026-02-14 18:15:14.104953,Dubai-6c3d,28,28,Normal
2026-02-14 18:15:15.104953,Dubai-6c3d,23,29,Normal
2026-02-14 18:15:16.104953,Dubai-6c3d,34,3,Normal
2026-02-14 18:15:17.104953,Dubai-6c3d,48,81,Normal
2026-02-14 18:15:18.104953,Dubai-6c3d,-23,16,Normal
2026-02-14 18:15:19.104953,Dubai-6c3d,8,40,Normal
2026-02-14 18:15:20.104953,Dubai-6c3d,4,98,Normal
2026-02-14 18:15:21.104953,Dubai-6c3d,41,51,Normal
2026-02-14 18:15:22.104953,Dubai-6c3d,27,25,Normal
2026-02-14 18:15:23.104953,Dubai-6c3d,-26,99,Normal
2026-02-14 18:15:24.104953,Dubai-6c3d,29,5,Normal
2026-02-14 18:15:25.104953,Dubai-6c3d,32,90,Normal
2026-02-14 18:15:26.104953,Dubai-6c3d,19,97,Normal
2026-02-14 18:15:27.104953,Dubai-6c3d,-12,53,Normal
2026-02-14 18:15:28.104953,Dubai-6c3d,2,42,Normal
2026-02-14 18:15:29.104953,Dubai-6c3d,1,61,Normal
2026-02-14 18:15:30.104953,Dubai-6c3d,34,100,Normal
2026-02-14 18:15:31.104953,Dubai-6c3d,-14,75,Normal
2026-02-14 18:15:32.104953,Dubai-6c3d,-17,11,Normal
2026-02-14 18:15:33.104953,Dubai-6c3d,48,17,Normal
2026-02-14 18:15:34.104953,Dubai-6c3d,12,2,Normal
2026-02-14 18:15:35.104953,Dubai-6c3d,35,4,Normal
2026-02-14 18:15:36.104953,Dubai-6c3d,14,19,Normal
2026-02-14 18:15:37.104953,Dubai-6c3d,27,78,Normal
2026-02-14 18:15:38.104953,Dubai-6c3d,-30,87,Normal
2026-02-14 18:15:39.104953,Dubai-6c3d,-8,82,Normal
2026-02-14 18:15:40.104953,Dubai-6c3d,-14,90,Normal
2026-02-14 18:15:41.104953,Dubai-6c3d,49,36,Normal
2026-02-14 18:15:42.104953,Dubai-6c3d,29,81,Normal
2026-02-14 18:15:43.104953,Dubai-6c3d,-2,82,Normal
2026-02-14 18:15:44.104953,Dubai-6c3d,45,82,Normal
2026-02-14 18:15:45.104953,Dubai-6c3d,-21,15,Normal
2026-02-14 18:15:46.104953,Dubai-6c3d,40,12,Normal
2026-02-14 18:15:47.104953,Dubai-6c3d,40,68,Normal
2026-02-14 18:15:48.104953,Dubai-6c3d,27,41,Normal
2026-02-14 18:15:49.104953,Dubai-6c3d,-16,77,Normal
2026-02-14 18:15:50.104953,Dubai-6c3d,35,14,Normal
2026-02-14 18:15:51.104953,Dubai-6c3d,3,20,Normal
2026-02-14 18:15:52.104953,Dubai-6c3d,-17,10,Normal
2026-02-14 18:15:53.104953,Dubai-6c3d,-3,16,Normal
2026-02-14 18:15:54.104953,Dubai-6c3d,36,45,Normal
2026-02-14 18:15:55.104953,Dubai-6c3d,-25,79,Normal
2026-02-14 18:15:56.104953,Dubai-6c3d,24,14,Normal
2026-02-14 18:15:57.104953,Dubai-6c3d,37,69,Normal
2026-02-14 18:15:58.104953,Dubai-6c3d,5,77,Normal
2026-02-14 18:15:59.104953,Dubai-6c3d,35,23,Normal
2026-02-14 18:16:00.104953,Dubai-6c3d,28,5,Normal
2026-02-14 18:16:01.104953,Dubai-6c3d,-23,48,Normal
2026-02-14 18:16:02.104953,Dubai-6c3d,-11,70,Normal
2026-02-14 18:16:03.104953,Dubai-6c3d,-7,18,Normal
2026-02-14 18:16:04.104953,Dubai-6c3d,-5,1,Normal
2026-02-14 18:16:05.104953,Dubai-6c3d,-12,40,Normal
2026-02-14 18:16:06.104953,Dubai-6c3d,49,60,Normal
2026-02-14 18:16:07.104953,Dubai-6c3d,-24,66,Normal
2026-02-14 18:16:08.104953,Dubai-6c3d,45,83,Normal
2026-02-14 18:16:09.104953,Dubai-6c3d,29,11,Normal
2026-02-14 18:16:10.104953,Dubai-6c3d,8,79,Normal
2026-02-14 18:16:11.104953,Dubai-6c3d,25,84,Normal
2026-02-14 18:16:12.104953,Dubai-6c3d,-8,90,Normal
2026-02-14 18:16:13.104953,Dubai-6c3d,47,53,Normal
2026-02-14 18:16:14.104953,Dubai-6c3d,34,66,Normal
2026-02-14 18:16:15.104953,Dubai-6c3d,-5,18,Normal
2026-02-14 18:16:16.104953,Dubai-6c3d,34,9,Normal
2026-02-14 18:16:17.104953,Dubai-6c3d,9,30,Normal
2026-02-14 18:16:18.104953,Dubai-6c3d,7,69,Normal
2026-02-14 18:16:19.104953,Dubai-6c3d,12,9,Normal
2026-02-14 18:16:20.104953,Dubai-6c3d,45,86,Normal
2026-02-14 18:16:21.104953,Dubai-6c3d,-12,87,Normal
2026-02-14 18:16:22.104953,Dubai-6c3d,-6,87,Normal
2026-02-14 18:16:23.104953,Dubai-6c3d,16,67,Normal
2026-02-14 18:16:24.104953,Dubai-6c3d,14,20,Normal
2026-02-14 18:16:25.104953,Dubai-6c3d,25,88,Normal
2026-02-14 18:16:26.104953,Dubai-6c3d,36,42,Normal
2026-02-14 18:16:27.104953,Dubai-6c3d,15,48,Normal
2026-02-14 18:16:28.104953,Dubai-6c3d,-24,69,Normal
2026-02-14 18:16:29.104953,Dubai-6c3d,43,0,Normal
2026-02-14 18:16:30.104953,Dubai-6c3d,-4,31,Normal
2026-02-14 18:16:31.104953,Dubai-6c3d,17,19,Normal
2026-02-14 18:16:32.104953,Dubai-6c3d,-23,50,Normal
2026-02-14 18:16:33.104953,Dubai-6c3d,26,63,Normal
2026-02-14 18:16:34.104953,Dubai-6c3d,24,19,Normal
2026-02-14 18:16:35.104953,Dubai-6c3d,26,47,Normal
2026-02-14 18:16:36.104953,Dubai-6c3d,-1,63,Normal
2026-02-14 18:16:37.104953,Dubai-6c3d,26,63,Normal
2026-02-14 18:16:38.104953,Dubai-6c3d,20,56,Normal
2026-02-14 18:16:39.104953,Dubai-6c3d,-28,62,Normal
2026-02-14 18:16:40.104953,Dubai-6c3d,-26,15,Normal
2026-02-14 18:16:41.104953,Dubai-6c3d,35,88,Normal
2026-02-14 18:16:42.104953,Dubai-6c3d,9,3,Normal
2026-02-14 18:16:43.104953,Dubai-6c3d,-23,56,Normal
2026-02-14 18:16:44.104953,Dubai-6c3d,-30,78,Normal
2026-02-14 18:16:45.104953,Dubai-6c3d,-15,80,Normal
2026-02-14 18:16:46.104953,Dubai-6c3d,42,27,Normal
2026-02-14 18:16:47.104953,Dubai-6c3d,18,13,Normal
2026-02-14 18:16:48.104953,Dubai-6c3d,25,22,Normal
2026-02-14 18:16:49.104953,Dubai-6c3d,34,92,Normal
2026-02-14 18:16:50.104953,Dubai-6c3d,1,60,Normal
2026-02-14 18:16:51.104953,Dubai-6c3d,3,11,Normal
2026-02-14 18:16:52.104953,Dubai-6c3d,20,32,Normal
2026-02-14 18:16:53.104953,Dubai-6c3d,-21,82,Normal
2026-02-14 18:16:54.104953,Dubai-6c3d,10,25,Normal
2026-02-14 18:16:55.104953,Dubai-6c3d,-8,22,Normal
2026-02-14 18:16:56.104953,Dubai-6c3d,-3,73,Normal
2026-02-14 18:16:57.104953,Dubai-6c3d,-19,93,Normal
2026-02-14 18:16:58.104953,Dubai-6c3d,-11,96,Normal
2026-02-14 18:16:59.104953,Dubai-6c3d,38,15,Normal
2026-02-14 18:17:00.104953,Dubai-6c3d,36,91,Normal
2026-02-14 18:17:01.104953,Dubai-6c3d,-12,56,Normal
2026-02-14 18:17:02.104953,Dubai-6c3d,1,86,Normal
2026-02-14 18:17:03.104953,Dubai-6c3d,-29,48,Normal
2026-02-14 18:17:04.104953,Dubai-6c3d,23,91,Normal
2026-02-14 18:17:05.104953,Dubai-6c3d,14,2,Normal
2026-02-14 18:17:06.104953,Dubai-6c3d,31,41,Normal
2026-02-14 18:17:07.104953,Dubai-6c3d,-4,26,Normal
2026-02-14 18:17:08.104953,Dubai-6c3d,30,51,Normal
2026-02-14 18:17:09.104953,Dubai-6c3d,-8,36,Normal
2026-02-14 18:17:10.104953,Dubai-6c3d,40,27,Normal
2026-02-14 18:17:11.104953,Dubai-6c3d,-25,27,Normal
2026-02-14 18:17:12.104953,Dubai-6c3d,14,6,Normal
2026-02-14 18:17:13.104953,Dubai-6c3d,-20,47,Normal
2026-02-14 18:17:14.104953,Dubai-6c3d,-21,48,Normal
2026-02-14 18:17:15.104953,Dubai-6c3d,1,11,Normal
2026-02-14 18:17:16.104953,Dubai-6c3d,-19,14,Normal
2026-02-14 18:17:17.104953,Dubai-6c3d,8,13,Normal
2026-02-14 18:17:18.104953,Dubai-6c3d,-6,58,Normal
2026-02-14 18:17:19.104953,Dubai-6c3d,-21,49,Normal
2026-02-14 18:17:20.104953,Dubai-6c3d,11,38,Normal
2026-02-14 18:17:21.104953,Dubai-6c3d,-7,94,Normal
2026-02-14 18:17:22.104953,Dubai-6c3d,-3,77,Normal
2026-02-14 18:17:23.104953,Dubai-6c3d,27,28,Normal
2026-02-14 18:17:24.104953,Dubai-6c3d,-4,34,Normal
2026-02-14 18:17:25.104953,Dubai-6c3d,48,81,Normal
2026-02-14 18:17:26.104953,Dubai-6c3d,44,58,Normal
2026-02-14 18:17:27.104953,Dubai-6c3d,12,42,Normal
2026-02-14 18:17:28.104953,Dubai-6c3d,1,10,Normal
2026-02-14 18:17:29.104953,Dubai-6c3d,-29,94,Normal
2026-02-14 18:17:30.104953,Dubai-6c3d,-6,36,Normal
2026-02-14 18:17:31.104953,Dubai-6c3d,50,1,Normal
2026-02-14 18:17:32.104953,Dubai-6c3d,-11,77,Normal
2026-02-14 18:17:33.104953,Dubai-6c3d,35,20,Normal
2026-02-14 18:17:34.104953,Dubai-6c3d,48,100,Normal
2026-02-14 18:17:35.104953,Dubai-6c3d,10,7,Normal
2026-02-14 18:17:36.104953,Dubai-6c3d,26,100,Normal
2026-02-14 18:17:37.104953,Dubai-6c3d,49,70,Normal
2026-02-14 18:17:38.104953,Dubai-6c3d,46,69,Normal
2026-02-14 18:17:39.104953,Dubai-6c3d,-10,35,Normal
2026-02-14 18:17:40.104953,Dubai-6c3d,-24,97,Normal
2026-02-14 18:17:41.104953,Dubai-6c3d,48,97,Normal
2026-02-14 18:17:42.104953,Dubai-6c3d,42,63,Normal
2026-02-14 18:17:43.104953,Dubai-6c3d,25,22,Normal
2026-02-14 18:17:44.104953,Dubai-6c3d,28,24,Normal
2026-02-14 18:17:45.104953,Dubai-6c3d,-26,47,Normal
2026-02-14 18:17:46.104953,Dubai-6c3d,-22,70,Normal
2026-02-14 18:17:47.104953,Dubai-6c3d,18,5,Normal
2026-02-14 18:17:48.104953,Dubai-6c3d,-29,33,Normal
2026-02-14 18:17:49.104953,Dubai-6c3d,31,73,Normal
2026-02-14 18:17:50.104953,Dubai-6c3d,37,27,Normal
2026-02-14 18:17:51.104953,Dubai-6c3d,-7,35,Normal
2026-02-14 18:17:52.104953,Dubai-6c3d,34,51,Normal
2026-02-14 18:17:53.104953,Dubai-6c3d,-11,90,Normal
2026-02-14 18:17:54.104953,Dubai-6c3d,25,10,Normal
2026-02-14 18:17:55.104953,Dubai-6c3d,38,81,Normal
2026-02-14 18:17:56.104953,Dubai-6c3d,-6,59,Normal
2026-02-14 18:17:57.104953,Dubai-6c3d,12,50,Normal
2026-02-14 18:17:58.104953,Dubai-6c3d,-27,93,Normal
2026-02-14 18:17:59.104953,Dubai-6c3d,10,71,Normal
2026-02-14 18:18:00.104953,Dubai-6c3d,11,26,Normal
2026-02-14 18:18:01.104953,Dubai-6c3d,33,13,Normal
2026-02-14 18:18:02.104953,Dubai-6c3d,-5,10,Normal
2026-02-14 18:18:03.104953,Dubai-6c3d,33,65,Normal
2026-02-14 18:18:04.104953,Dubai-6c3d,-24,6,Normal
2026-02-14 18:18:05.104953,Dubai-6c3d,-23,47,Normal
2026-02-14 18:18:06.104953,Dubai-6c3d,42,54,Normal
2026-02-14 18:18:07.104953,Dubai-6c3d,27,7,Normal
2026-02-14 18:18:08.104953,Dubai-6c3d,37,93,Normal
2026-02-14 18:18:09.104953,Dubai-6c3d,-16,33,Normal
2026-02-14 18:18:10.104953,Dubai-6c3d,-25,16,Normal
2026-02-14 18:18:11.104953,Dubai-6c3d,-24,67,Normal
2026-02-14 18:18:12.104953,Dubai-6c3d,44,45,Normal
2026-02-14 18:18:13.104953,Dubai-6c3d,7,63,Normal
2026-02-14 18:18:14.104953,Dubai-6c3d,-8,53,Normal
2026-02-14 18:18:15.104953,Dubai-6c3d,35,67,Normal
2026-02-14 18:18:16.104953,Dubai-6c3d,-20,18,Normal
2026-02-14 18:18:17.104953,Dubai-6c3d,38,23,Normal
2026-02-14 18:18:18.104953,Dubai-6c3d,35,9,Normal
2026-02-14 18:18:19.104953,Dubai-6c3d,22,74,Normal
2026-02-14 18:18:20.104953,Dubai-6c3d,-1,53,Normal
2026-02-14 18:18:21.104953,Dubai-6c3d,11,29,Normal
2026-02-14 18:18:22.104953,Dubai-6c3d,18,26,Normal
2026-02-14 18:18:23.104953,Dubai-6c3d,-6,60,Normal
2026-02-14 18:18:24.104953,Dubai-6c3d,29,2,Normal
2026-02-14 18:18:25.104953,Dubai-6c3d,19,21,Normal
2026-02-14 18:18:26.104953,Dubai-6c3d,42,21,Normal
2026-02-14 18:18:27.104953,Dubai-6c3d,21,6,Normal
2026-02-14 18:18:28.104953,Dubai-6c3d,30,44,Normal
2026-02-14 18:18:29.104953,Dubai-6c3d,24,14,Normal
2026-02-14 18:18:30.104953,Dubai-6c3d,-24,83,Normal
2026-02-14 18:18:31.104953,Dubai-6c3d,13,26,Normal
2026-02-14 18:18:32.104953,Dubai-6c3d,18,51,Normal
2026-02-14 18:18:33.104953,Dubai-6c3d,37,67,Normal
2026-02-14 18:18:34.104953,Dubai-6c3d,9,0,Normal
2026-02-14 18:18:35.104953,Dubai-6c3d,41,29,Normal
2026-02-14 18:18:36.104953,Dubai-6c3d,14,31,Normal
2026-02-14 18:18:37.104953,Dubai-6c3d,24,99,Normal
2026-02-14 18:18:38.104953,Dubai-6c3d,-16,4,Normal
2026-02-14 18:18:39.104953,Dubai-6c3d,-29,43,Normal
2026-02-14 18:18:40.104953,Dubai-6c3d,24,47,Normal
2026-02-14 18:18:41.104953,Dubai-6c3d,50,49,Normal
2026-02-14 18:18:42.104953,Dubai-6c3d,-23,60,Normal
2026-02-14 18:18:43.104953,Dubai-6c3d,-6,40,Normal
2026-02-14 18:18:44.104953,Dubai-6c3d,11,95,Normal
2026-02-14 18:18:45.104953,Dubai-6c3d,-3,89,Normal
2026-02-14 18:18:46.104953,Dubai-6c3d,-25,75,Normal
2026-02-14 18:18:47.104953,Dubai-6c3d,4,81,Normal
2026-02-14 18:18:48.104953,Dubai-6c3d,13,36,Normal
2026-02-14 18:18:49.104953,Dubai-6c3d,-19,81,Normal
2026-02-14 18:18:50.104953,Dubai-6c3d,14,5,Normal
2026-02-14 18:18:51.104953,Dubai-6c3d,-20,91,Normal
2026-02-14 18:18:52.104953,Dubai-6c3d,30,65,Normal
2026-02-14 18:18:53.104953,Dubai-6c3d,0,40,Normal
2026-02-14 18:18:54.104953,Dubai-6c3d,-7,65,Normal
2026-02-14 18:18:55.104953,Dubai-6c3d,22,87,Normal
2026-02-14 18:18:56.104953,Dubai-6c3d,22,63,Normal
2026-02-14 18:18:57.104953,Dubai-6c3d,6,22,Normal
2026-02-14 18:18:58.104953,Dubai-6c3d,32,60,Normal
2026-02-14 18:18:59.104953,Dubai-6c3d,38,85,Normal
2026-02-14 18:19:00.104953,Dubai-6c3d,25,32,Normal
2026-02-14 18:19:01.104953,Dubai-6c3d,29,32,Normal
2026-02-14 18:19:02.104953,Dubai-6c3d,-26,95,Normal
2026-02-14 18:19:03.104953,Dubai-6c3d,14,17,Normal
2026-02-14 18:19:04.104953,Dubai-6c3d,48,76,Normal
2026-02-14 18:19:05.104953,Dubai-6c3d,-15,10,Normal
2026-02-14 18:19:06.104953,Dubai-6c3d,5,60,Normal
2026-02-14 18:19:07.104953,Dubai-6c3d,21,41,Normal
2026-02-14 18:19:08.104953,Dubai-6c3d,40,59,Normal
2026-02-14 18:19:09.104953,Dubai-6c3d,-15,9,Normal
2026-02-14 18:19:10.104953,Dubai-6c3d,33,56,Normal
2026-02-14 18:19:11.104953,Dubai-6c3d,-20,90,Normal
2026-02-14 18:19:12.104953,Dubai-6c3d,28,54,Normal
2026-02-14 18:19:13.104953,Dubai-6c3d,22,8,Normal
2026-02-14 18:19:14.104953,Dubai-6c3d,40,54,Normal
2026-02-14 18:19:15.104953,Dubai-6c3d,-3,82,Normal
2026-02-14 18:19:16.104953,Dubai-6c3d,27,78,Normal
2026-02-14 18:19:17.104953,Dubai-6c3d,-7,85,Normal
2026-02-14 18:19:18.104953,Dubai-6c3d,-6,92,Normal
2026-02-14 18:19:19.104953,Dubai-6c3d,-21,21,Normal
2026-02-14 18:19:20.104953,Dubai-6c3d,39,26,Normal
2026-02-14 18:19:21.104953,Dubai-6c3d,48,61,Normal
2026-02-14 18:19:22.104953,Dubai-6c3d,-22,26,Normal
2026-02-14 18:19:23.104953,Dubai-6c3d,44,27,Normal
2026-02-14 18:19:24.104953,Dubai-6c3d,42,44,Normal
2026-02-14 18:19:25.104953,Dubai-6c3d,37,97,Normal
2026-02-14 18:19:26.104953,Dubai-6c3d,13,46,Normal
2026-02-14 18:19:27.104953,Dubai-6c3d,48,33,Normal
2026-02-14 18:19:28.104953,Dubai-6c3d,-28,49,Normal
2026-02-14 18:19:29.104953,Dubai-6c3d,43,96,Normal
2026-02-14 18:19:30.104953,Dubai-6c3d,11,60,Normal
2026-02-14 18:19:31.104953,Dubai-6c3d,32,16,Normal
2026-02-14 18:19:32.104953,Dubai-6c3d,14,36,Normal
2026-02-14 18:19:33.104953,Dubai-6c3d,-26,27,Normal
2026-02-14 18:19:34.104953,Dubai-6c3d,-12,16,Normal
2026-02-14 18:19:35.104953,Dubai-6c3d,2,34,Normal
2026-02-14 18:19:36.104953,Dubai-6c3d,-12,35,Normal
2026-02-14 18:19:37.104953,Dubai-6c3d,-8,86,Normal
2026-02-14 18:19:38.104953,Dubai-6c3d,41,17,Normal
2026-02-14 18:19:39.104953,Dubai-6c3d,47,14,Normal
2026-02-14 18:19:40.104953,Dubai-6c3d,50,53,Normal
2026-02-14 18:19:41.104953,Dubai-6c3d,-14,91,Normal
2026-02-14 18:19:42.104953,Dubai-6c3d,49,89,Normal
2026-02-14 18:19:43.104953,Dubai-6c3d,24,40,Normal
2026-02-14 18:19:44.104953,Dubai-6c3d,-1,56,Normal
2026-02-14 18:19:45.104953,Dubai-6c3d,-9,78,Normal
2026-02-14 18:19:46.104953,Dubai-6c3d,50,33,Normal
2026-02-14 18:19:47.104953,Dubai-6c3d,29,12,Normal
2026-02-14 18:19:48.104953,Dubai-6c3d,-2,10,Normal
2026-02-14 18:19:49.104953,Dubai-6c3d,6,22,Normal
2026-02-14 18:19:50.104953,Dubai-6c3d,5,7,Normal
2026-02-14 18:19:51.104953,Dubai-6c3d,-6,11,Normal
2026-02-14 18:19:52.104953,Dubai-6c3d,30,60,Normal
2026-02-14 18:19:53.104953,Dubai-6c3d,32,59,Normal
2026-02-14 18:19:54.104953,Dubai-6c3d,-4,26,Normal
2026-02-14 18:19:55.104953,Dubai-6c3d,-10,42,Normal
2026-02-14 18:19:56.104953,Dubai-6c3d,48,50,Normal
2026-02-14 18:19:57.104953,Dubai-6c3d,19,76,Normal
2026-02-14 18:19:58.104953,Dubai-6c3d,13,64,Normal
2026-02-14 18:19:59.104953,Dubai-6c3d,-8,20,Normal
2026-02-14 18:20:00.104953,Dubai-6c3d,-9,7,Normal
2026-02-14 18:20:01.104953,Dubai-6c3d,7,44,Normal
2026-02-14 18:20:02.104953,Dubai-6c3d,-8,65,Normal
2026-02-14 18:20:03.104953,Dubai-6c3d,-22,47,Normal
2026-02-14 18:20:04.104953,Dubai-6c3d,2,69,Normal
2026-02-14 18:20:05.104953,Dubai-6c3d,48,92,Normal
2026-02-14 18:20:06.104953,Dubai-6c3d,-20,20,Normal
2026-02-14 18:20:07.104953,Dubai-6c3d,-29,55,Normal
2026-02-14 18:20:08.104953,Dubai-6c3d,-13,73,Normal
2026-02-14 18:20:09.104953,Dubai-6c3d,20,93,Normal
2026-02-14 18:20:10.104953,Dubai-6c3d,46,30,Normal
2026-02-14 18:20:11.104953,Dubai-6c3d,-11,72,Normal
2026-02-14 18:20:12.104953,Dubai-6c3d,43,55,Normal
2026-02-14 18:20:13.104953,Dubai-6c3d,26,14,Normal
2026-02-14 18:20:14.104953,Dubai-6c3d,37,59,Normal
2026-02-14 18:20:15.104953,Dubai-6c3d,-27,86,Normal
2026-02-14 18:20:16.104953,Dubai-6c3d,41,12,Normal
2026-02-14 18:20:17.104953,Dubai-6c3d,-20,30,Normal
2026-02-14 18:20:18.104953,Dubai-6c3d,6,19,Normal
2026-02-14 18:20:19.104953,Dubai-6c3d,26,15,Normal
2026-02-14 18:20:20.104953,Dubai-6c3d,10,48,Normal
2026-02-14 18:20:21.104953,Dubai-6c3d,-7,0,Normal
2026-02-14 18:20:22.104953,Dubai-6c3d,10,6,Normal
2026-02-14 18:20:23.104953,Dubai-6c3d,37,23,Normal
2026-02-14 18:20:24.104953,Dubai-6c3d,38,74,Normal
2026-02-14 18:20:25.104953,Dubai-6c3d,34,93,Normal
2026-02-14 18:20:26.104953,Dubai-6c3d,2,40,Normal
2026-02-14 18:20:27.104953,Dubai-6c3d,-29,32,Normal
2026-02-14 18:20:28.104953,Dubai-6c3d,-26,49,Normal
2026-02-14 18:20:29.104953,Dubai-6c3d,-10,79,Normal
2026-02-14 18:20:30.104953,Dubai-6c3d,31,38,Normal
2026-02-14 18:20:31.104953,Dubai-6c3d,-3,93,Normal
2026-02-14 18:20:32.104953,Dubai-6c3d,16,30,Normal
2026-02-14 18:20:33.104953,Dubai-6c3d,-6,42,Normal
2026-02-14 18:20:34.104953,Dubai-6c3d,-14,12,Normal
2026-02-14 18:20:35.104953,Dubai-6c3d,0,92,Normal
2026-02-14 18:20:36.104953,Dubai-6c3d,-18,42,Normal
2026-02-14 18:20:37.104953,Dubai-6c3d,23,87,Normal
2026-02-14 18:20:38.104953,Dubai-6c3d,28,11,Normal
2026-02-14 18:20:39.104953,Dubai-6c3d,-5,9,Normal
2026-02-14 18:20:40.104953,Dubai-6c3d,2,56,Normal
2026-02-14 18:20:41.104953,Dubai-6c3d,2,73,Normal
2026-02-14 18:20:42.104953,Dubai-6c3d,31,73,Normal
2026-02-14 18:20:43.104953,Dubai-6c3d,6,48,Normal
2026-02-14 18:20:44.104953,Dubai-6c3d,46,24,Normal
2026-02-14 18:20:45.104953,Dubai-6c3d,27,28,Normal
2026-02-14 18:20:46.104953,Dubai-6c3d,35,65,Normal
2026-02-14 18:20:47.104953,Dubai-6c3d,-20,45,Normal
2026-02-14 18:20:48.104953,Dubai-6c3d,-16,67,Normal
2026-02-14 18:20:49.104953,Dubai-6c3d,41,42,Normal
2026-02-14 18:20:50.104953,Dubai-6c3d,18,55,Normal
2026-02-14 18:20:51.104953,Dubai-6c3d,2,52,Normal
2026-02-14 18:20:52.104953,Dubai-6c3d,-25,51,Normal
2026-02-14 18:20:53.104953,Dubai-6c3d,45,83,Normal
2026-02-14 18:20:54.104953,Dubai-6c3d,44,74,Normal
2026-02-14 18:20:55.104953,Dubai-6c3d,23,62,Normal
2026-02-14 18:20:56.104953,Dubai-6c3d,31,66,Normal
2026-02-14 18:20:57.104953,Dubai-6c3d,41,38,Normal
2026-02-14 18:20:58.104953,Dubai-6c3d,13,41,Normal
2026-02-14 18:20:59.104953,Dubai-6c3d,-3,5,Normal
2026-02-14 18:21:00.104953,Dubai-6c3d,23,25,Normal
2026-02-14 18:21:01.104953,Dubai-6c3d,-14,63,Normal
2026-02-14 18:21:02.104953,Dubai-6c3d,-19,89,Normal
2026-02-14 18:21:03.104953,Dubai-6c3d,45,16,Normal
2026-02-14 18:21:04.104953,Dubai-6c3d,15,48,Normal
2026-02-14 18:21:05.104953,Dubai-6c3d,11,65,Normal
2026-02-14 18:21:06.104953,Dubai-6c3d,41,83,Normal
2026-02-14 18:21:07.104953,Dubai-6c3d,32,43,Normal
2026-02-14 18:21:08.104953,Dubai-6c3d,-3,58,Normal
2026-02-14 18:21:09.104953,Dubai-6c3d,50,80,Normal
2026-02-14 18:21:10.104953,Dubai-6c3d,25,67,Normal
2026-02-14 18:21:11.104953,Dubai-6c3d,-10,10,Normal
2026-02-14 18:21:12.104953,Dubai-6c3d,-11,49,Normal
2026-02-14 18:21:13.104953,Dubai-6c3d,-30,25,Normal
2026-02-14 18:21:14.104953,Dubai-6c3d,17,10,Normal
2026-02-14 18:21:15.104953,Dubai-6c3d,16,4,Normal
2026-02-14 18:21:16.104953,Dubai-6c3d,40,52,Normal
2026-02-14 18:21:17.104953,Dubai-6c3d,-10,45,Normal
2026-02-14 18:21:18.104953,Dubai-6c3d,43,93,Normal
2026-02-14 18:21:19.104953,Dubai-6c3d,-6,7,Normal
2026-02-14 18:21:20.104953,Dubai-6c3d,46,27,Normal
2026-02-14 18:21:21.104953,Dubai-6c3d,44,70,Normal
2026-02-14 18:21:22.104953,Dubai-6c3d,25,51,Normal
2026-02-14 18:21:23.104953,Dubai-6c3d,-20,32,Normal
2026-02-14 18:21:24.104953,Dubai-6c3d,-4,22,Normal
2026-02-14 18:21:25.104953,Dubai-6c3d,-20,66,Normal
2026-02-14 18:21:26.104953,Dubai-6c3d,33,13,Normal
2026-02-14 18:21:27.104953,Dubai-6c3d,47,80,Normal
2026-02-14 18:21:28.104953,Dubai-6c3d,-18,53,Normal
2026-02-14 18:21:29.104953,Dubai-6c3d,-11,79,Normal
2026-02-14 18:21:30.104953,Dubai-6c3d,38,62,Normal
2026-02-14 18:21:31.104953,Dubai-6c3d,-3,43,Normal
2026-02-14 18:21:32.104953,Dubai-6c3d,1,78,Normal
2026-02-14 18:21:33.104953,Dubai-6c3d,-18,59,Normal
2026-02-14 18:21:34.104953,Dubai-6c3d,10,34,Normal
2026-02-14 18:21:35.104953,Dubai-6c3d,23,38,Normal
2026-02-14 18:21:36.104953,Dubai-6c3d,1,36,Normal
2026-02-14 18:21:37.104953,Dubai-6c3d,50,56,Normal
2026-02-14 18:21:38.104953,Dubai-6c3d,48,34,Normal
2026-02-14 18:21:39.104953,Dubai-6c3d,14,9,Normal
2026-02-14 18:21:40.104953,Dubai-6c3d,40,90,Normal
2026-02-14 18:21:41.104953,Dubai-6c3d,-19,69,Normal
2026-02-14 18:21:42.104953,Dubai-6c3d,-12,39,Normal
2026-02-14 18:21:43.104953,Dubai-6c3d,-7,10,Normal
2026-02-14 18:21:44.104953,Dubai-6c3d,22,43,Normal
2026-02-14 18:21:45.104953,Dubai-6c3d,-21,37,Normal
2026-02-14 18:21:46.104953,Dubai-6c3d,33,41,Normal
2026-02-14 18:21:47.104953,Dubai-6c3d,-24,70,Normal
2026-02-14 18:21:48.104953,Dubai-6c3d,-1,31,Normal
2026-02-14 18:21:49.104953,Dubai-6c3d,19,61,Normal
2026-02-14 18:21:50.104953,Dubai-6c3d,4,91,Normal
2026-02-14 18:21:51.104953,Dubai-6c3d,40,75,Normal
2026-02-14 18:21:52.104953,Dubai-6c3d,21,46,Normal
2026-02-14 18:21:53.104953,Dubai-6c3d,32,35,Normal
2026-02-14 18:21:54.104953,Dubai-6c3d,-12,6,Normal
2026-02-14 18:21:55.104953,Dubai-6c3d,-4,24,Normal
2026-02-14 18:21:56.104953,Dubai-6c3d,45,44,Normal
2026-02-14 18:21:57.104953,Dubai-6c3d,50,65,Normal
2026-02-14 18:21:58.104953,Dubai-6c3d,-8,54,Normal
2026-02-14 18:21:59.104953,Dubai-6c3d,-19,54,Normal
2026-02-14 18:22:00.104953,Dubai-6c3d,50,42,Normal
2026-02-14 18:22:01.104953,Dubai-6c3d,37,66,Normal
2026-02-14 18:22:02.104953,Dubai-6c3d,3,79,Normal
2026-02-14 18:22:03.104953,Dubai-6c3d,2,83,Normal
2026-02-14 18:22:04.104953,Dubai-6c3d,-12,63,Normal
2026-02-14 18:22:05.104953,Dubai-6c3d,29,57,Normal
2026-02-14 18:22:06.104953,Dubai-6c3d,-6,40,Normal
2026-02-14 18:22:07.104953,Dubai-6c3d,33,18,Normal
2026-02-14 18:22:08.104953,Dubai-6c3d,15,90,Normal
2026-02-14 18:22:09.104953,Dubai-6c3d,22,98,Normal
2026-02-14 18:22:10.104953,Dubai-6c3d,-23,68,Normal
2026-02-14 18:22:11.104953,Dubai-6c3d,-21,54,Normal
2026-02-14 18:22:12.104953,Dubai-6c3d,-9,58,Normal
2026-02-14 18:22:13.104953,Dubai-6c3d,-22,20,Normal
2026-02-14 18:22:14.104953,Dubai-6c3d,0,10,Normal
2026-02-14 18:22:15.104953,Dubai-6c3d,-10,14,Normal
2026-02-14 18:22:16.104953,Dubai-6c3d,-22,15,Normal
2026-02-14 18:22:17.104953,Dubai-6c3d,40,39,Normal
2026-02-14 18:22:18.104953,Dubai-6c3d,-18,66,Normal
2026-02-14 18:22:19.104953,Dubai-6c3d,-17,82,Normal
2026-02-14 18:22:20.104953,Dubai-6c3d,-10,12,Normal
2026-02-14 18:22:21.104953,Dubai-6c3d,-11,8,Normal
2026-02-14 18:22:22.104953,Dubai-6c3d,40,36,Normal
2026-02-14 18:22:23.104953,Dubai-6c3d,-18,96,Normal
2026-02-14 18:22:24.104953,Dubai-6c3d,-13,4,Normal
2026-02-14 18:22:25.104953,Dubai-6c3d,45,94,Normal
2026-02-14 18:22:26.104953,Dubai-6c3d,-27,3,Normal
2026-02-14 18:22:27.104953,Dubai-6c3d,16,42,Normal
2026-02-14 18:22:28.104953,Dubai-6c3d,2,93,Normal
2026-02-14 18:22:29.104953,Dubai-6c3d,-26,38,Normal
2026-02-14 18:22:30.104953,Dubai-6c3d,-16,45,Normal
2026-02-14 18:22:31.104953,Dubai-6c3d,-20,2,Normal
2026-02-14 18:22:32.104953,Dubai-6c3d,-5,83,Normal
2026-02-14 18:22:33.104953,Dubai-6c3d,36,70,Normal
2026-02-14 18:22:34.104953,Dubai-6c3d,42,92,Normal
2026-02-14 18:22:35.104953,Dubai-6c3d,42,9,Normal
2026-02-14 18:22:36.104953,Dubai-6c3d,-12,62,Normal
2026-02-14 18:22:37.104953,Dubai-6c3d,-27,37,Normal
2026-02-14 18:22:38.104953,Dubai-6c3d,31,10,Normal
2026-02-14 18:22:39.104953,Dubai-6c3d,-25,83,Normal
2026-02-14 18:22:40.104953,Dubai-6c3d,4,5,Normal
2026-02-14 18:22:41.104953,Dubai-6c3d,-27,25,Normal
2026-02-14 18:22:42.104953,Dubai-6c3d,41,11,Normal
2026-02-14 18:22:43.104953,Dubai-6c3d,3,29,Normal
2026-02-14 18:22:44.104953,Dubai-6c3d,23,5,Normal
2026-02-14 18:22:45.104953,Dubai-6c3d,32,87,Normal
2026-02-14 18:22:46.104953,Dubai-6c3d,-20,92,Normal
2026-02-14 18:22:47.104953,Dubai-6c3d,-21,35,Normal
2026-02-14 18:22:48.104953,Dubai-6c3d,1,10,Normal
2026-02-14 18:22:49.104953,Dubai-6c3d,3,87,Normal
2026-02-14 18:22:50.104953,Dubai-6c3d,0,19,Normal
2026-02-14 18:22:51.104953,Dubai-6c3d,21,26,Normal
2026-02-14 18:22:52.104953,Dubai-6c3d,14,55,Normal
2026-02-14 18:22:53.104953,Dubai-6c3d,6,22,Normal
2026-02-14 18:22:54.104953,Dubai-6c3d,-19,43,Normal
2026-02-14 18:22:55.104953,Dubai-6c3d,27,74,Normal
2026-02-14 18:22:56.104953,Dubai-6c3d,2,42,Normal
2026-02-14 18:22:57.104953,Dubai-6c3d,31,32,Normal
2026-02-14 18:22:58.104953,Dubai-6c3d,-29,48,Normal
2026-02-14 18:22:59.104953,Dubai-6c3d,-30,77,Normal
2026-02-14 18:23:00.104953,Dubai-6c3d,47,1,Normal
2026-02-14 18:23:01.104953,Dubai-6c3d,-25,44,Normal
2026-02-14 18:23:02.104953,Dubai-6c3d,3,46,Normal
2026-02-14 18:23:03.104953,Dubai-6c3d,49,25,Normal
2026-02-14 18:23:04.104953,Dubai-6c3d,35,61,Normal
2026-02-14 18:23:05.104953,Dubai-6c3d,-17,79,Normal
2026-02-14 18:23:06.104953,Dubai-6c3d,-16,38,Normal
2026-02-14 18:23:07.104953,Dubai-6c3d,16,21,Normal
2026-02-14 18:23:08.104953,Dubai-6c3d,-24,37,Normal
2026-02-14 18:23:09.104953,Dubai-6c3d,20,35,Normal
2026-02-14 18:23:10.104953,Dubai-6c3d,-19,75,Normal
2026-02-14 18:23:11.104953,Dubai-6c3d,28,48,Normal
2026-02-14 18:23:12.104953,Dubai-6c3d,-26,90,Normal
2026-02-14 18:23:13.104953,Dubai-6c3d,27,37,Normal
2026-02-14 18:23:14.104953,Dubai-6c3d,13,8,Normal
2026-02-14 18:23:15.104953,Dubai-6c3d,20,94,Normal
2026-02-14 18:23:16.104953,Dubai-6c3d,12,10,Normal
2026-02-14 18:23:17.104953,Dubai-6c3d,-5,59,Normal
2026-02-14 18:23:18.104953,Dubai-6c3d,-12,10,Normal
2026-02-14 18:23:19.104953,Dubai-6c3d,23,54,Normal
2026-02-14 18:23:20.104953,Dubai-6c3d,50,93,Normal
2026-02-14 18:23:21.104953,Dubai-6c3d,-12,84,Normal
2026-02-14 18:23:22.104953,Dubai-6c3d,-19,95,Normal
2026-02-14 18:23:23.104953,Dubai-6c3d,25,18,Normal
2026-02-14 18:23:24.104953,Dubai-6c3d,45,84,Normal
2026-02-14 18:23:25.104953,Dubai-6c3d,39,27,Normal
2026-02-14 18:23:26.104953,Dubai-6c3d,34,38,Normal
2026-02-14 18:23:27.104953,Dubai-6c3d,-18,2,Normal
2026-02-14 18:23:28.104953,Dubai-6c3d,-30,29,Normal
2026-02-14 18:23:29.104953,Dubai-6c3d,-14,6,Normal
2026-02-14 18:23:30.104953,Dubai-6c3d,-10,40,Normal
2026-02-14 18:23:31.104953,Dubai-6c3d,-1,33,Normal
2026-02-14 18:23:32.104953,Dubai-6c3d,-18,79,Normal
2026-02-14 18:23:33.104953,Dubai-6c3d,30,18,Normal
2026-02-14 18:23:34.104953,Dubai-6c3d,41,29,Normal
2026-02-14 18:23:35.104953,Dubai-6c3d,-16,85,Normal
2026-02-14 18:23:36.104953,Dubai-6c3d,39,23,Normal
2026-02-14 18:23:37.104953,Dubai-6c3d,49,16,Normal
2026-02-14 18:23:38.104953,Dubai-6c3d,-19,16,Normal
2026-02-14 18:23:39.104953,Dubai-6c3d,46,65,Normal
2026-02-14 18:23:40.104953,Dubai-6c3d,32,88,Normal
2026-02-14 18:23:41.104953,Dubai-6c3d,-16,72,Normal
2026-02-14 18:23:42.104953,Dubai-6c3d,38,53,Normal
2026-02-14 18:23:43.104953,Dubai-6c3d,17,23,Normal
2026-02-14 18:23:44.104953,Dubai-6c3d,-12,80,Normal
2026-02-14 18:23:45.104953,Dubai-6c3d,23,60,Normal
2026-02-14 18:23:46.104953,Dubai-6c3d,40,24,Normal
2026-02-14 18:23:47.104953,Dubai-6c3d,45,12,Normal
2026-02-14 18:23:48.104953,Dubai-6c3d,45,12,Normal
2026-02-14 18:23:49.104953,Dubai-6c3d,13,46,Normal
2026-02-14 18:23:50.104953,Dubai-6c3d,39,88,Normal
2026-02-14 18:23:51.104953,Dubai-6c3d,48,69,Normal
2026-02-14 18:23:52.104953,Dubai-6c3d,-1,73,Normal
2026-02-14 18:23:53.104953,Dubai-6c3d,2,50,Normal
2026-02-14 18:23:54.104953,Dubai-6c3d,32,33,Normal
2026-02-14 18:23:55.104953,Dubai-6c3d,-23,60,Normal
2026-02-14 18:23:56.104953,Dubai-6c3d,-10,10,Normal
2026-02-14 18:23:57.104953,Dubai-6c3d,3,8,Normal
2026-02-14 18:23:58.104953,Dubai-6c3d,5,89,Normal
2026-02-14 18:23:59.104953,Dubai-6c3d,7,39,Normal
2026-02-14 18:24:00.104953,Dubai-6c3d,18,97,Normal
2026-02-14 18:24:01.104953,Dubai-6c3d,-21,27,Normal
2026-02-14 18:24:02.104953,Dubai-6c3d,31,39,Normal
2026-02-14 18:24:03.104953,Dubai-6c3d,-30,84,Normal
2026-02-14 18:24:04.104953,Dubai-6c3d,42,44,Normal
2026-02-14 18:24:05.104953,Dubai-6c3d,41,18,Normal
2026-02-14 18:24:06.104953,Dubai-6c3d,34,30,Normal
2026-02-14 18:24:07.104953,Dubai-6c3d,-17,15,Normal
2026-02-14 18:24:08.104953,Dubai-6c3d,-15,86,Normal
2026-02-14 18:24:09.104953,Dubai-6c3d,19,77,Normal
2026-02-14 18:24:10.104953,Dubai-6c3d,27,81,Normal
2026-02-14 18:24:11.104953,Dubai-6c3d,-28,24,Normal
2026-02-14 18:24:12.104953,Dubai-6c3d,-28,76,Normal
2026-02-14 18:24:13.104953,Dubai-6c3d,-2,25,Normal
2026-02-14 18:24:14.104953,Dubai-6c3d,-24,42,Normal
2026-02-14 18:24:15.104953,Dubai-6c3d,30,89,Normal
2026-02-14 18:24:16.104953,Dubai-6c3d,-10,86,Normal
2026-02-14 18:24:17.104953,Dubai-6c3d,47,36,Normal
2026-02-14 18:24:18.104953,Dubai-6c3d,-15,2,Normal
2026-02-14 18:24:19.104953,Dubai-6c3d,8,33,Normal
2026-02-14 18:24:20.104953,Dubai-6c3d,38,51,Normal
2026-02-14 18:24:21.104953,Dubai-6c3d,48,22,Normal
2026-02-14 18:24:22.104953,Dubai-6c3d,7,74,Normal
2026-02-14 18:24:23.104953,Dubai-6c3d,47,69,Normal
2026-02-14 18:24:24.104953,Dubai-6c3d,45,54,Normal
2026-02-14 18:24:25.104953,Dubai-6c3d,2,76,Normal
2026-02-14 18:24:26.104953,Dubai-6c3d,-12,18,Normal
2026-02-14 18:24:27.104953,Dubai-6c3d,32,66,Normal
2026-02-14 18:24:28.104953,Dubai-6c3d,11,25,Normal
2026-02-14 18:24:29.104953,Dubai-6c3d,39,50,Normal
2026-02-14 18:24:30.104953,Dubai-6c3d,-3,87,Normal
2026-02-14 18:24:31.104953,Dubai-6c3d,30,92,Normal
2026-02-14 18:24:32.104953,Dubai-6c3d,10,68,Normal
2026-02-14 18:24:33.104953,Dubai-6c3d,-6,97,Normal
2026-02-14 18:24:34.104953,Dubai-6c3d,30,4,Normal
2026-02-14 18:24:35.104953,Dubai-6c3d,-20,28,Normal
2026-02-14 18:24:36.104953,Dubai-6c3d,24,72,Normal
2026-02-14 18:24:37.104953,Dubai-6c3d,8,50,Normal
2026-02-14 18:24:38.104953,Dubai-6c3d,34,40,Normal
2026-02-14 18:24:39.104953,Dubai-6c3d,-6,33,Normal
2026-02-14 18:24:40.104953,Dubai-6c3d,-6,57,Normal
2026-02-14 18:24:41.104953,Dubai-6c3d,-1,86,Normal
2026-02-14 18:24:42.104953,Dubai-6c3d,21,59,Normal
2026-02-14 18:24:43.104953,Dubai-6c3d,-22,18,Normal
2026-02-14 18:24:44.104953,Dubai-6c3d,31,81,Normal
2026-02-14 18:24:45.104953,Dubai-6c3d,20,96,Normal
2026-02-14 18:24:46.104953,Dubai-6c3d,20,35,Normal
2026-02-14 18:24:47.104953,Dubai-6c3d,-11,71,Normal
2026-02-14 18:24:48.104953,Dubai-6c3d,3,69,Normal
2026-02-14 18:24:49.104953,Dubai-6c3d,-13,68,Normal
2026-02-14 18:24:50.104953,Dubai-6c3d,28,2,Normal
2026-02-14 18:24:51.104953,Dubai-6c3d,5,67,Normal
2026-02-14 18:24:52.104953,Dubai-6c3d,-23,79,Normal
2026-02-14 18:24:53.104953,Dubai-6c3d,-26,9,Normal
2026-02-14 18:24:54.104953,Dubai-6c3d,-29,46,Normal
2026-02-14 18:24:55.104953,Dubai-6c3d,9,25,Normal
2026-02-14 18:24:56.104953,Dubai-6c3d,21,12,Normal
2026-02-14 18:24:57.104953,Dubai-6c3d,26,19,Normal
2026-02-14 18:24:58.104953,Dubai-6c3d,-17,57,Normal
2026-02-14 18:24:59.104953,Dubai-6c3d,-14,2,Normal
2026-02-14 18:25:00.104953,Dubai-6c3d,37,89,Normal
2026-02-14 18:25:01.104953,Dubai-6c3d,46,1,Normal
2026-02-14 18:25:02.104953,Dubai-6c3d,-17,91,Normal
2026-02-14 18:25:03.104953,Dubai-6c3d,-12,34,Normal
2026-02-14 18:25:04.104953,Dubai-6c3d,-25,26,Normal
2026-02-14 18:25:05.104953,Dubai-6c3d,-14,2,Normal
2026-02-14 18:25:06.104953,Dubai-6c3d,40,77,Normal
2026-02-14 18:25:07.104953,Dubai-6c3d,11,47,Normal
2026-02-14 18:25:08.104953,Dubai-6c3d,22,87,Normal
2026-02-14 18:25:09.104953,Dubai-6c3d,30,64,Normal
2026-02-14 18:25:10.104953,Dubai-6c3d,37,49,Normal
2026-02-14 18:25:11.104953,Dubai-6c3d,38,62,Normal
2026-02-14 18:25:12.104953,Dubai-6c3d,-24,59,Normal
2026-02-14 18:25:13.104953,Dubai-6c3d,-13,25,Normal
2026-02-14 18:25:14.104953,Dubai-6c3d,9,31,Normal
2026-02-14 18:25:15.104953,Dubai-6c3d,-20,13,Normal
2026-02-14 18:25:16.104953,Dubai-6c3d,9,88,Normal
2026-02-14 18:25:17.104953,Dubai-6c3d,-1,62,Normal
2026-02-14 18:25:18.104953,Dubai-6c3d,-19,99,Normal
2026-02-14 18:25:19.104953,Dubai-6c3d,40,5,Normal
2026-02-14 18:25:20.104953,Dubai-6c3d,31,78,Normal
2026-02-14 18:25:21.104953,Dubai-6c3d,44,50,Normal
2026-02-14 18:25:22.104953,Dubai-6c3d,19,26,Normal
2026-02-14 18:25:23.104953,Dubai-6c3d,8,1,Normal
2026-02-14 18:25:24.104953,Dubai-6c3d,21,20,Normal
2026-02-14 18:25:25.104953,Dubai-6c3d,9,32,Normal
2026-02-14 18:25:26.104953,Dubai-6c3d,-23,12,Normal
2026-02-14 18:25:27.104953,Dubai-6c3d,44,79,Normal
2026-02-14 18:25:28.104953,Dubai-6c3d,-6,51,Normal
