timestamp,station_id,temp,humid,condition
2026-02-14 23:51:16.526145,Toronto-af2a,-28,80,Normal
2026-02-14 23:51:17.526145,Toronto-af2a,19,26,Normal
2026-02-14 23:51:18.526145,Toronto-af2a,8,2,Normal
2026-02-14 23:51:19.526145,Toronto-af2a,-25,86,Normal
2026-02-14 23:51:20.526145,Toronto-af2a,27,26,Normal
2026-02-14 23:51:21.526145,Toronto-af2a,-30,39,Normal
2026-02-14 23:51:22.526145,Toronto-af2a,24,64,Normal
2026-02-14 23:51:23.526145,Toronto-af2a,-21,73,Normal
2026-02-14 23:51:24.526145,Toronto-af2a,-26,48,Normal
2026-02-14 23:51:25.526145,Toronto-af2a,12,30,Normal
2026-02-14 23:51:26.526145,Toronto-af2a,-12,93,Normal
2026-02-14 23:51:27.526145,Toronto-af2a,17,100,Normal
2026-02-14 23:51:28.526145,Toronto-af2a,0,32,Normal
2026-02-14 23:51:29.526145,Toronto-af2a,25,11,Normal
2026-02-14 23:51:30.526145,Toronto-af2a,-5,51,Normal
2026-02-14 23:51:31.526145,Toronto-af2a,-16,66,Normal
2026-02-14 23:51:32.526145,Toronto-af2a,-16,52,Normal
2026-02-14 23:51:33.526145,Toronto-af2a,-21,64,Normal
2026-02-14 23:51:34.526145,Toronto-af2a,27,88,Normal
2026-02-14 23:51:35.526145,Toronto-af2a,34,7,Normal
2026-02-14 23:51:36.526145,Toronto-af2a,-9,16,Normal
2026-02-14 23:51:37.526145,Toronto-af2a,32,34,Normal
2026-02-14 23:51:38.526145,Toronto-af2a,29,63,Normal
2026-02-14 23:51:39.526145,Toronto-af2a,11,26,Normal
2026-02-14 23:51:40.526145,Toronto-af2a,15,92,Normal
2026-02-14 23:51:41.526145,Toronto-af2a,28,74,Normal
2026-02-14 23:51:42.526145,Toronto-af2a,-26,75,Normal
2026-02-14 23:51:43.526145,Toronto-af2a,17,27,Normal
2026-02-14 23:51:44.526145,Toronto-af2a,40,94,Normal
2026-02-14 23:51:45.526145,Toronto-af2a,11,8,Normal
2026-02-14 23:51:46.526145,Toronto-af2a,10,99,Normal
2026-02-14 23:51:47.526145,Toronto-af2a,-16,84,Normal
2026-02-14 23:51:48.526145,Toronto-af2a,41,8,Normal
2026-02-14 23:51:49.526145,Toronto-af2a,37,19,Normal
2026-02-14 23:51:50.526145,Toronto-af2a,43,62,Normal
2026-02-14 23:51:51.526145,Toronto-af2a,3,44,Normal
2026-02-14 23:51:52.526145,Toronto-af2a,5,42,Normal
2026-02-14 23:51:53.526145,Toronto-af2a,27,45,Normal
2026-02-14 23:51:54.526145,Toronto-af2a,-28,96,Normal
2026-02-14 23:51:55.526145,Toronto-af2a,39,19,Normal
2026-02-14 23:51:56.526145,Toronto-af2a,10,51,Normal
2026-02-14 23:51:57.526145,Toronto-af2a,8,16,Normal
2026-02-14 23:51:58.526145,Toronto-af2a,-28,81,Normal
2026-02-14 23:51:59.526145,Toronto-af2a,-21,88,Normal
2026-02-14 23:52:00.526145,Toronto-af2a,46,69,Normal
2026-02-14 23:52:01.526145,Toronto-af2a,-15,68,Normal
2026-02-14 23:52:02.526145,Toronto-af2a,17,33,Normal
2026-02-14 23:52:03.526145,Toronto-af2a,26,76,Normal
2026-02-14 23:52:04.526145,Toronto-af2a,34,60,Normal
2026-02-14 23:52:05.526145,Toronto-af2a,-24,11,Normal
2026-02-14 23:52:06.526145,Toronto-af2a,-29,59,Normal
2026-02-14 23:52:07.526145,Toronto-af2a,-21,43,Normal
2026-02-14 23:52:08.526145,Toronto-af2a,10,22,Normal
2026-02-14 23:52:09.526145,Toronto-af2a,11,97,Normal
2026-02-14 23:52:10.526145,Toronto-af2a,43,47,Normal
2026-02-14 23:52:11.526145,Toronto-af2a,21,20,Normal
2026-02-14 23:52:12.526145,Toronto-af2a,-27,43,Normal
2026-02-14 23:52:13.526145,Toronto-af2a,-11,48,Normal
2026-02-14 23:52:14.526145,Toronto-af2a,-17,47,Normal
2026-02-14 23:52:15.526145,Toronto-af2a,-22,81,Normal
2026-02-14 23:52:16.526145,Toronto-af2a,45,81,Normal
2026-02-14 23:52:17.526145,Toronto-af2a,-20,90,Normal
2026-02-14 23:52:18.526145,Toronto-af2a,-29,33,Normal
2026-02-14 23:52:19.526145,Toronto-af2a,48,35,Normal
2026-02-14 23:52:20.526145,Toronto-af2a,9,62,Normal
2026-02-14 23:52:21.526145,Toronto-af2a,-8,85,Normal
2026-02-14 23:52:22.526145,Toronto-af2a,-3,20,Normal
2026-02-14 23:52:23.526145,Toronto-af2a,15,66,Normal
2026-02-14 23:52:24.526145,Toronto-af2a,38,47,Normal
2026-02-14 23:52:25.526145,Toronto-af2a,44,20,Normal
2026-02-14 23:52:26.526145,Toronto-af2a,33,12,Normal
2026-02-14 23:52:27.526145,Toronto-af2a,-15,39,Normal
2026-02-14 23:52:28.526145,Toronto-af2a,47,97,Normal
2026-02-14 23:52:29.526145,Toronto-af2a,0,47,Normal
2026-02-14 23:52:30.526145,Toronto-af2a,16,60,Normal
2026-02-14 23:52:31.526145,Toronto-af2a,41,50,Normal
2026-02-14 23:52:32.526145,Toronto-af2a,1,88,Normal
2026-02-14 23:52:33.526145,Toronto-af2a,12,73,Normal
2026-02-14 23:52:34.526145,Toronto-af2a,-10,6,Normal
2026-02-14 23:52:35.526145,Toronto-af2a,-10,89,Normal
2026-02-14 23:52:36.526145,Toronto-af2a,5,21,Normal
2026-02-14 23:52:37.526145,Toronto-af2a,20,99,Normal
2026-02-14 23:52:38.526145,Toronto-af2a,-1,85,Normal
2026-02-14 23:52:39.526145,Toronto-af2a,-9,65,Normal
2026-02-14 23:52:40.526145,Toronto-af2a,44,78,Normal
2026-02-14 23:52:41.526145,Toronto-af2a,38,83,Normal
2026-02-14 23:52:42.526145,Toronto-af2a,-12,91,Normal
2026-02-14 23:52:43.526145,Toronto-af2a,24,76,Normal
2026-02-14 23:52:44.526145,Toronto-af2a,12,70,Normal
2026-02-14 23:52:45.526145,Toronto-af2a,48,84,Normal
2026-02-14 23:52:46.526145,Toronto-af2a,-28,58,Normal
2026-02-14 23:52:47.526145,Toronto-af2a,30,71,Normal
2026-02-14 23:52:48.526145,Toronto-af2a,39,53,Normal
2026-02-14 23:52:49.526145,Toronto-af2a,42,37,Normal
2026-02-14 23:52:50.526145,Toronto-af2a,3,18,Normal
2026-02-14 23:52:51.526145,Toronto-af2a,16,1,Normal
2026-02-14 23:52:52.526145,Toronto-af2a,-16,64,Normal
2026-02-14 23:52:53.526145,Toronto-af2a,-17,77,Normal
2026-02-14 23:52:54.526145,Toronto-af2a,-17,29,Normal
2026-02-14 23:52:55.526145,Toronto-af2a,15,61,Normal
2026-02-14 23:52:56.526145,Toronto-af2a,40,94,Normal
2026-02-14 23:52:57.526145,Toronto-af2a,34,85,Normal
2026-02-14 23:52:58.526145,Toronto-af2a,-19,95,Normal
2026-02-14 23:52:59.526145,Toronto-af2a,0,77,Normal
2026-02-14 23:53:00.526145,Toronto-af2a,26,15,Normal
2026-02-14 23:53:01.526145,Toronto-af2a,1,54,Normal
2026-02-14 23:53:02.526145,Toronto-af2a,17,16,Normal
2026-02-14 23:53:03.526145,Toronto-af2a,-29,68,Normal
2026-02-14 23:53:04.526145,Toronto-af2a,-30,78,Normal
2026-02-14 23:53:05.526145,Toronto-af2a,-2,71,Normal
2026-02-14 23:53:06.526145,Toronto-af2a,4,14,Normal
2026-02-14 23:53:07.526145,Toronto-af2a,-9,79,Normal
2026-02-14 23:53:08.526145,Toronto-af2a,2,54,Normal
2026-02-14 23:53:09.526145,Toronto-af2a,35,74,Normal
2026-02-14 23:53:10.526145,Toronto-af2a,-18,45,Normal
2026-02-14 23:53:11.526145,Toronto-af2a,7,66,Normal
2026-02-14 23:53:12.526145,Toronto-af2a,46,61,Normal
2026-02-14 23:53:13.526145,Toronto-af2a,-9,17,Normal
2026-02-14 23:53:14.526145,Toronto-af2a,10,58,Normal
2026-02-14 23:53:15.526145,Toronto-af2a,-16,46,Normal
2026-02-14 23:53:16.526145,Toronto-af2a,12,32,Normal
2026-02-14 23:53:17.526145,Toronto-af2a,18,31,Normal
2026-02-14 23:53:18.526145,Toronto-af2a,-7,34,Normal
2026-02-14 23:53:19.526145,Toronto-af2a,19,76,Normal
2026-02-14 23:53:20.526145,Toronto-af2a,10,87,Normal
2026-02-14 23:53:21.526145,Toronto-af2a,44,21,Normal
2026-02-14 23:53:22.526145,Toronto-af2a,-20,99,Normal
2026-02-14 23:53:23.526145,Toronto-af2a,24,85,Normal
2026-02-14 23:53:24.526145,Toronto-af2a,-30,98,Normal
2026-02-14 23:53:25.526145,Toronto-af2a,-17,69,Normal
2026-02-14 23:53:26.526145,Toronto-af2a,28,99,Normal
2026-02-14 23:53:27.526145,Toronto-af2a,17,6,Normal
2026-02-14 23:53:28.526145,Toronto-af2a,0,9,Normal
2026-02-14 23:53:29.526145,Toronto-af2a,18,43,Normal
2026-02-14 23:53:30.526145,Toronto-af2a,23,47,Normal
2026-02-14 23:53:31.526145,Toronto-af2a,-22,27,Normal
2026-02-14 23:53:32.526145,Toronto-af2a,-24,50,Normal
2026-02-14 23:53:33.526145,Toronto-af2a,21,26,Normal
2026-02-14 23:53:34.526145,Toronto-af2a,17,42,Normal
2026-02-14 23:53:35.526145,Toronto-af2a,48,57,Normal
2026-02-14 23:53:36.526145,Toronto-af2a,2,80,Normal
2026-02-14 23:53:37.526145,Toronto-af2a,41,86,Normal
2026-02-14 23:53:38.526145,Toronto-af2a,-14,21,Normal
2026-02-14 23:53:39.526145,Toronto-af2a,-9,10,Normal
2026-02-14 23:53:40.526145,Toronto-af2a,-7,37,Normal
2026-02-14 23:53:41.526145,Toronto-af2a,13,89,Normal
2026-02-14 23:53:42.526145,Toronto-af2a,-4,22,Normal
2026-02-14 23:53:43.526145,Toronto-af2a,16,94,Normal
2026-02-14 23:53:44.526145,Toronto-af2a,-27,76,Normal
2026-02-14 23:53:45.526145,Toronto-af2a,19,87,Normal
2026-02-14 23:53:46.526145,Toronto-af2a,-25,40,Normal
2026-02-14 23:53:47.526145,Toronto-af2a,-23,100,Normal
2026-02-14 23:53:48.526145,Toronto-af2a,-29,21,Normal
2026-02-14 23:53:49.526145,Toronto-af2a,38,95,Normal
2026-02-14 23:53:50.526145,Toronto-af2a,-26,34,Normal
2026-02-14 23:53:51.526145,Toronto-af2a,45,43,Normal
2026-02-14 23:53:52.526145,Toronto-af2a,1,37,Normal
2026-02-14 23:53:53.526145,Toronto-af2a,-9,25,Normal
2026-02-14 23:53:54.526145,Toronto-af2a,11,12,Normal
2026-02-14 23:53:55.526145,Toronto-af2a,9,17,Normal
2026-02-14 23:53:56.526145,Toronto-af2a,18,2,Normal
2026-02-14 23:53:57.526145,Toronto-af2a,-27,39,Normal
2026-02-14 23:53:58.526145,Toronto-af2a,4,100,Normal
2026-02-14 23:53:59.526145,Toronto-af2a,22,46,Normal
2026-02-14 23:54:00.526145,Toronto-af2a,26,34,Normal
2026-02-14 23:54:01.526145,Toronto-af2a,-8,72,Normal
2026-02-14 23:54:02.526145,Toronto-af2a,3,72,Normal
2026-02-14 23:54:03.526145,Toronto-af2a,44,25,Normal
2026-02-14 23:54:04.526145,Toronto-af2a,6,13,Normal
2026-02-14 23:54:05.526145,Toronto-af2a,21,73,Normal
2026-02-14 23:54:06.526145,Toronto-af2a,7,69,Normal
2026-02-14 23:54:07.526145,Toronto-af2a,47,56,Normal
2026-02-14 23:54:08.526145,Toronto-af2a,-20,86,Normal
2026-02-14 23:54:09.526145,Toronto-af2a,37,40,Normal
2026-02-14 23:54:10.526145,Toronto-af2a,-5,40,Normal
2026-02-14 23:54:11.526145,Toronto-af2a,-13,7,Normal
2026-02-14 23:54:12.526145,Toronto-af2a,-21,92,Normal
2026-02-14 23:54:13.526145,Toronto-af2a,-16,29,Normal
2026-02-14 23:54:14.526145,Toronto-af2a,47,25,Normal
2026-02-14 23:54:15.526145,Toronto-af2a,-10,9,Normal
2026-02-14 23:54:16.526145,Toronto-af2a,-15,100,Normal
2026-02-14 23:54:17.526145,Toronto-af2a,26,80,Normal
2026-02-14 23:54:18.526145,Toronto-af2a,-8,15,Normal
2026-02-14 23:54:19.526145,Toronto-af2a,-7,69,Normal
2026-02-14 23:54:20.526145,Toronto-af2a,16,22,Normal
2026-02-14 23:54:21.526145,Toronto-af2a,13,20,Normal
2026-02-14 23:54:22.526145,Toronto-af2a,8,38,Normal
2026-02-14 23:54:23.526145,Toronto-af2a,9,4,Normal
2026-02-14 23:54:24.526145,Toronto-af2a,46,6,Normal
2026-02-14 23:54:25.526145,Toronto-af2a,-8,22,Normal
2026-02-14 23:54:26.526145,Toronto-af2a,24,31,Normal
2026-02-14 23:54:27.526145,Toronto-af2a,44,33,Normal
2026-02-14 23:54:28.526145,Toronto-af2a,-22,94,Normal
2026-02-14 23:54:29.526145,Toronto-af2a,33,56,Normal
2026-02-14 23:54:30.526145,Toronto-af2a,1,48,Normal
2026-02-14 23:54:31.526145,Toronto-af2a,-28,48,Normal
2026-02-14 23:54:32.526145,Toronto-af2a,7,33,Normal
2026-02-14 23:54:33.526145,Toronto-af2a,18,85,Normal
2026-02-14 23:54:34.526145,Toronto-af2a,24,78,Normal
2026-02-14 23:54:35.526145,Toronto-af2a,18,83,Normal
2026-02-14 23:54:36.526145,Toronto-af2a,50,83,Normal
2026-02-14 23:54:37.526145,Toronto-af2a,17,11,Normal
2026-02-14 23:54:38.526145,Toronto-af2a,49,83,Normal
2026-02-14 23:54:39.526145,Toronto-af2a,3,74,Normal
2026-02-14 23:54:40.526145,Toronto-af2a,-30,4,Normal
2026-02-14 23:54:41.526145,Toronto-af2a,-1,40,Normal
2026-02-14 23:54:42.526145,Toronto-af2a,-20,38,Normal
2026-02-14 23:54:43.526145,Toronto-af2a,19,62,Normal
2026-02-14 23:54:44.526145,Toronto-af2a,19,79,Normal
2026-02-14 23:54:45.526145,Toronto-af2a,10,46,Normal
2026-02-14 23:54:46.526145,Toronto-af2a,2,80,Normal
2026-02-14 23:54:47.526145,Toronto-af2a,-29,95,Normal
2026-02-14 23:54:48.526145,Toronto-af2a,1,22,Normal
2026-02-14 23:54:49.526145,Toronto-af2a,24,9,Normal
2026-02-14 23:54:50.526145,Toronto-af2a,26,85,Normal
2026-02-14 23:54:51.526145,Toronto-af2a,43,34,Normal
2026-02-14 23:54:52.526145,Toronto-af2a,-24,71,Normal
2026-02-14 23:54:53.526145,Toronto-af2a,20,4,Normal
2026-02-14 23:54:54.526145,Toronto-af2a,35,69,Normal
2026-02-14 23:54:55.526145,Toronto-af2a,7,10,Normal
2026-02-14 23:54:56.526145,Toronto-af2a,47,32,Normal
2026-02-14 23:54:57.526145,Toronto-af2a,3,3,Normal
2026-02-14 23:54:58.526145,Toronto-af2a,22,10,Normal
2026-02-14 23:54:59.526145,Toronto-af2a,14,26,Normal
2026-02-14 23:55:00.526145,Toronto-af2a,-29,84,Normal
2026-02-14 23:55:01.526145,Toronto-af2a,-28,93,Normal
2026-02-14 23:55:02.526145,Toronto-af2a,21,42,Normal
2026-02-14 23:55:03.526145,Toronto-af2a,-10,96,Normal
2026-02-14 23:55:04.526145,Toronto-af2a,-2,68,Normal
2026-02-14 23:55:05.526145,Toronto-af2a,14,49,Normal
2026-02-14 23:55:06.526145,Toronto-af2a,31,6,Normal
2026-02-14 23:55:07.526145,Toronto-af2a,-18,75,Normal
2026-02-14 23:55:08.526145,Toronto-af2a,31,51,Normal
2026-02-14 23:55:09.526145,Toronto-af2a,-1,28,Normal
2026-02-14 23:55:10.526145,Toronto-af2a,13,91,Normal
2026-02-14 23:55:11.526145,Toronto-af2a,6,26,Normal
2026-02-14 23:55:12.526145,Toronto-af2a,10,61,Normal
2026-02-14 23:55:13.526145,Toronto-af2a,7,95,Normal
2026-02-14 23:55:14.526145,Toronto-af2a,38,41,Normal
2026-02-14 23:55:15.526145,Toronto-af2a,13,90,Normal
2026-02-14 23:55:16.526145,Toronto-af2a,-10,49,Normal
2026-02-14 23:55:17.526145,Toronto-af2a,39,62,Normal
2026-02-14 23:55:18.526145,Toronto-af2a,19,68,Normal
2026-02-14 23:55:19.526145,Toronto-af2a,-4,83,Normal
2026-02-14 23:55:20.526145,Toronto-af2a,47,56,Normal
2026-02-14 23:55:21.526145,Toronto-af2a,-22,32,Normal
2026-02-14 23:55:22.526145,Toronto-af2a,-21,5,Normal
2026-02-14 23:55:23.526145,Toronto-af2a,41,12,Normal
2026-02-14 23:55:24.526145,Toronto-af2a,28,84,Normal
2026-02-14 23:55:25.526145,Toronto-af2a,48,66,Normal
2026-02-14 23:55:26.526145,Toronto-af2a,3,59,Normal
2026-02-14 23:55:27.526145,Toronto-af2a,42,72,Normal
2026-02-14 23:55:28.526145,Toronto-af2a,23,44,Normal
2026-02-14 23:55:29.526145,Toronto-af2a,31,63,Normal
2026-02-14 23:55:30.526145,Toronto-af2a,36,15,Normal
2026-02-14 23:55:31.526145,Toronto-af2a,-30,27,Normal
2026-02-14 23:55:32.526145,Toronto-af2a,45,96,Normal
2026-02-14 23:55:33.526145,Toronto-af2a,19,10,Normal
2026-02-14 23:55:34.526145,Toronto-af2a,40,60,Normal
2026-02-14 23:55:35.526145,Toronto-af2a,30,61,Normal
2026-02-14 23:55:36.526145,Toronto-af2a,-13,8,Normal
2026-02-14 23:55:37.526145,Toronto-af2a,8,73,Normal
2026-02-14 23:55:38.526145,Toronto-af2a,37,79,Normal
2026-02-14 23:55:39.526145,Toronto-af2a,-5,32,Normal
2026-02-14 23:55:40.526145,Toronto-af2a,8,2,Normal
2026-02-14 23:55:41.526145,Toronto-af2a,35,83,Normal
2026-02-14 23:55:42.526145,Toronto-af2a,-6,33,Normal
2026-02-14 23:55:43.526145,Toronto-af2a,16,42,Normal
2026-02-14 23:55:44.526145,Toronto-af2a,36,20,Normal
2026-02-14 23:55:45.526145,Toronto-af2a,-11,23,Normal
2026-02-14 23:55:46.526145,Toronto-af2a,-10,68,Normal
2026-02-14 23:55:47.526145,Toronto-af2a,23,41,Normal
2026-02-14 23:55:48.526145,Toronto-af2a,43,8,Normal
2026-02-14 23:55:49.526145,Toronto-af2a,-11,18,Normal
2026-02-14 23:55:50.526145,Toronto-af2a,-23,88,Normal
2026-02-14 23:55:51.526145,Toronto-af2a,40,11,Normal
2026-02-14 23:55:52.526145,Toronto-af2a,-3,95,Normal
2026-02-14 23:55:53.526145,Toronto-af2a,47,69,Normal
2026-02-14 23:55:54.526145,Toronto-af2a,39,66,Normal
2026-02-14 23:55:55.526145,Toronto-af2a,20,6,Normal
2026-02-14 23:55:56.526145,Toronto-af2a,20,96,Normal
2026-02-14 23:55:57.526145,Toronto-af2a,35,68,Normal
2026-02-14 23:55:58.526145,Toronto-af2a,38,2,Normal
2026-02-14 23:55:59.526145,Toronto-af2a,15,89,Normal
2026-02-14 23:56:00.526145,Toronto-af2a,18,72,Normal
2026-02-14 23:56:01.526145,Toronto-af2a,7,49,Normal
2026-02-14 23:56:02.526145,Toronto-af2a,-17,80,Normal
2026-02-14 23:56:03.526145,Toronto-af2a,-25,28,Normal
2026-02-14 23:56:04.526145,Toronto-af2a,2,0,Normal
2026-02-14 23:56:05.526145,Toronto-af2a,-17,67,Normal
2026-02-14 23:56:06.526145,Toronto-af2a,-24,70,Normal
2026-02-14 23:56:07.526145,Toronto-af2a,-1,39,Normal
2026-02-14 23:56:08.526145,Toronto-af2a,42,27,Normal
2026-02-14 23:56:09.526145,Toronto-af2a,42,52,Normal
2026-02-14 23:56:10.526145,Toronto-af2a,6,59,Normal
2026-02-14 23:56:11.526145,Toronto-af2a,0,78,Normal
2026-02-14 23:56:12.526145,Toronto-af2a,19,100,Normal
2026-02-14 23:56:13.526145,Toronto-af2a,21,97,Normal
2026-02-14 23:56:14.526145,Toronto-af2a,29,47,Normal
2026-02-14 23:56:15.526145,Toronto-af2a,47,8,Normal
2026-02-14 23:56:16.526145,Toronto-af2a,-25,68,Normal
2026-02-14 23:56:17.526145,Toronto-af2a,23,47,Normal
2026-02-14 23:56:18.526145,Toronto-af2a,33,73,Normal
2026-02-14 23:56:19.526145,Toronto-af2a,-29,31,Normal
2026-02-14 23:56:20.526145,Toronto-af2a,1,48,Normal
2026-02-14 23:56:21.526145,Toronto-af2a,46,5,Normal
2026-02-14 23:56:22.526145,Toronto-af2a,9,37,Normal
2026-02-14 23:56:23.526145,Toronto-af2a,16,4,Normal
2026-02-14 23:56:24.526145,Toronto-af2a,50,28,Normal
2026-02-14 23:56:25.526145,Toronto-af2a,8,12,Normal
2026-02-14 23:56:26.526145,Toronto-af2a,-16,55,Normal
2026-02-14 23:56:27.526145,Toronto-af2a,-25,65,Normal
2026-02-14 23:56:28.526145,Toronto-af2a,11,39,Normal
2026-02-14 23:56:29.526145,Toronto-af2a,-13,55,Normal
2026-02-14 23:56:30.526145,Toronto-af2a,-18,79,Normal
2026-02-14 23:56:31.526145,Toronto-af2a,46,29,Normal
2026-02-14 23:56:32.526145,Toronto-af2a,18,37,Normal
2026-02-14 23:56:33.526145,Toronto-af2a,-21,97,Normal
2026-02-14 23:56:34.526145,Toronto-af2a,-15,67,Normal
2026-02-14 23:56:35.526145,Toronto-af2a,-8,39,Normal
2026-02-14 23:56:36.526145,Toronto-af2a,39,83,Normal
2026-02-14 23:56:37.526145,Toronto-af2a,37,16,Normal
2026-02-14 23:56:38.526145,Toronto-af2a,37,48,Normal
2026-02-14 23:56:39.526145,Toronto-af2a,35,87,Normal
2026-02-14 23:56:40.526145,Toronto-af2a,42,43,Normal
2026-02-14 23:56:41.526145,Toronto-af2a,15,94,Normal
2026-02-14 23:56:42.526145,Toronto-af2a,-25,49,Normal
2026-02-14 23:56:43.526145,Toronto-af2a,21,4,Normal
2026-02-14 23:56:44.526145,Toronto-af2a,46,51,Normal
2026-02-14 23:56:45.526145,Toronto-af2a,-8,97,Normal
2026-02-14 23:56:46.526145,Toronto-af2a,8,56,Normal
2026-02-14 23:56:47.526145,Toronto-af2a,-30,47,Normal
2026-02-14 23:56:48.526145,Toronto-af2a,2,39,Normal
2026-02-14 23:56:49.526145,Toronto-af2a,-26,40,Normal
2026-02-14 23:56:50.526145,Toronto-af2a,-12,93,Normal
2026-02-14 23:56:51.526145,Toronto-af2a,1,44,Normal
2026-02-14 23:56:52.526145,Toronto-af2a,-3,24,Normal
2026-02-14 23:56:53.526145,Toronto-af2a,16,74,Normal
2026-02-14 23:56:54.526145,Toronto-af2a,16,55,Normal
2026-02-14 23:56:55.526145,Toronto-af2a,21,14,Normal
2026-02-14 23:56:56.526145,Toronto-af2a,9,77,Normal
2026-02-14 23:56:57.526145,Toronto-af2a,-21,94,Normal
2026-02-14 23:56:58.526145,Toronto-af2a,-27,48,Normal
2026-02-14 23:56:59.526145,Toronto-af2a,35,44,Normal
2026-02-14 23:57:00.526145,Toronto-af2a,-7,92,Normal
2026-02-14 23:57:01.526145,Toronto-af2a,0,93,Normal
2026-02-14 23:57:02.526145,Toronto-af2a,-2,88,Normal
2026-02-14 23:57:03.526145,Toronto-af2a,36,82,Normal
2026-02-14 23:57:04.526145,Toronto-af2a,-27,2,Normal
2026-02-14 23:57:05.526145,Toronto-af2a,-2,65,Normal
2026-02-14 23:57:06.526145,Toronto-af2a,-20,59,Normal
2026-02-14 23:57:07.526145,Toronto-af2a,4,6,Normal
2026-02-14 23:57:08.526145,Toronto-af2a,-11,64,Normal
2026-02-14 23:57:09.526145,Toronto-af2a,41,85,Normal
2026-02-14 23:57:10.526145,Toronto-af2a,0,68,Normal
2026-02-14 23:57:11.526145,Toronto-af2a,16,41,Normal
2026-02-14 23:57:12.526145,Toronto-af2a,43,31,Normal
2026-02-14 23:57:13.526145,Toronto-af2a,-22,1,Normal
2026-02-14 23:57:14.526145,Toronto-af2a,23,79,Normal
2026-02-14 23:57:15.526145,Toronto-af2a,37,71,Normal
2026-02-14 23:57:16.526145,Toronto-af2a,26,46,Normal
2026-02-14 23:57:17.526145,Toronto-af2a,50,71,Normal
2026-02-14 23:57:18.526145,Toronto-af2a,0,0,Normal
2026-02-14 23:57:19.526145,Toronto-af2a,44,31,Normal
2026-02-14 23:57:20.526145,Toronto-af2a,41,34,Normal
2026-02-14 23:57:21.526145,Toronto-af2a,19,32,Normal
2026-02-14 23:57:22.526145,Toronto-af2a,31,29,Normal
2026-02-14 23:57:23.526145,Toronto-af2a,33,37,Normal
2026-02-14 23:57:24.526145,Toronto-af2a,24,66,Normal
2026-02-14 23:57:25.526145,Toronto-af2a,34,86,Normal
2026-02-14 23:57:26.526145,Toronto-af2a,36,84,Normal
2026-02-14 23:57:27.526145,Toronto-af2a,19,39,Normal
2026-02-14 23:57:28.526145,Toronto-af2a,-20,61,Normal
2026-02-14 23:57:29.526145,Toronto-af2a,13,22,Normal
2026-02-14 23:57:30.526145,Toronto-af2a,-22,64,Normal
2026-02-14 23:57:31.526145,Toronto-af2a,9,39,Normal
2026-02-14 23:57:32.526145,Toronto-af2a,-16,13,Normal
2026-02-14 23:57:33.526145,Toronto-af2a,44,77,Normal
2026-02-14 23:57:34.526145,Toronto-af2a,37,67,Normal
2026-02-14 23:57:35.526145,Toronto-af2a,42,39,Normal
2026-02-14 23:57:36.526145,Toronto-af2a,39,77,Normal
2026-02-14 23:57:37.526145,Toronto-af2a,-2,45,Normal
2026-02-14 23:57:38.526145,Toronto-af2a,30,95,Normal
2026-02-14 23:57:39.526145,Toronto-af2a,-22,51,Normal
2026-02-14 23:57:40.526145,Toronto-af2a,16,73,Normal
2026-02-14 23:57:41.526145,Toronto-af2a,-26,44,Normal
2026-02-14 23:57:42.526145,Toronto-af2a,11,82,Normal
2026-02-14 23:57:43.526145,Toronto-af2a,13,29,Normal
2026-02-14 23:57:44.526145,Toronto-af2a,-22,76,Normal
2026-02-14 23:57:45.526145,Toronto-af2a,6,10,Normal
2026-02-14 23:57:46.526145,Toronto-af2a,7,95,Normal
2026-02-14 23:57:47.526145,Toronto-af2a,38,18,Normal
2026-02-14 23:57:48.526145,Toronto-af2a,6,41,Normal
2026-02-14 23:57:49.526145,Toronto-af2a,-16,24,Normal
2026-02-14 23:57:50.526145,Toronto-af2a,49,17,Normal
2026-02-14 23:57:51.526145,Toronto-af2a,-14,33,Normal
2026-02-14 23:57:52.526145,Toronto-af2a,43,22,Normal
2026-02-14 23:57:53.526145,Toronto-af2a,-6,9,Normal
2026-02-14 23:57:54.526145,Toronto-af2a,2,58,Normal
2026-02-14 23:57:55.526145,Toronto-af2a,-19,77,Normal
2026-02-14 23:57:56.526145,Toronto-af2a,15,96,Normal
2026-02-14 23:57:57.526145,Toronto-af2a,0,97,Normal
2026-02-14 23:57:58.526145,Toronto-af2a,-10,33,Normal
2026-02-14 23:57:59.526145,Toronto-af2a,26,25,Normal
2026-02-14 23:58:00.526145,Toronto-af2a,-26,85,Normal
2026-02-14 23:58:01.526145,Toronto-af2a,16,12,Normal
2026-02-14 23:58:02.526145,Toronto-af2a,20,99,Normal
2026-02-14 23:58:03.526145,Toronto-af2a,-21,20,Normal
2026-02-14 23:58:04.526145,Toronto-af2a,41,25,Normal
2026-02-14 23:58:05.526145,Toronto-af2a,22,8,Normal
2026-02-14 23:58:06.526145,Toronto-af2a,-15,70,Normal
2026-02-14 23:58:07.526145,Toronto-af2a,24,24,Normal
2026-02-14 23:58:08.526145,Toronto-af2a,-5,62,Normal
2026-02-14 23:58:09.526145,Toronto-af2a,19,39,Normal
2026-02-14 23:58:10.526145,Toronto-af2a,-7,7,Normal
2026-02-14 23:58:11.526145,Toronto-af2a,37,20,Normal
2026-02-14 23:58:12.526145,Toronto-af2a,0,61,Normal
2026-02-14 23:58:13.526145,Toronto-af2a,37,66,Normal
2026-02-14 23:58:14.526145,Toronto-af2a,25,19,Normal
2026-02-14 23:58:15.526145,Toronto-af2a,-18,98,Normal
2026-02-14 23:58:16.526145,Toronto-af2a,-28,98,Normal
2026-02-14 23:58:17.526145,Toronto-af2a,17,46,Normal
2026-02-14 23:58:18.526145,Toronto-af2a,-5,56,Normal
2026-02-14 23:58:19.526145,Toronto-af2a,44,64,Normal
2026-02-14 23:58:20.526145,Toronto-af2a,11,25,Normal
2026-02-14 23:58:21.526145,Toronto-af2a,30,17,Normal
2026-02-14 23:58:22.526145,Toronto-af2a,33,94,Normal
2026-02-14 23:58:23.526145,Toronto-af2a,-16,49,Normal
2026-02-14 23:58:24.526145,Toronto-af2a,-11,3,Normal
2026-02-14 23:58:25.526145,Toronto-af2a,17,37,Normal
2026-02-14 23:58:26.526145,Toronto-af2a,36,80,Normal
2026-02-14 23:58:27.526145,Toronto-af2a,10,34,Normal
2026-02-14 23:58:28.526145,Toronto-af2a,27,73,Normal
2026-02-14 23:58:29.526145,Toronto-af2a,37,0,Normal
2026-02-14 23:58:30.526145,Toronto-af2a,33,25,Normal
2026-02-14 23:58:31.526145,Toronto-af2a,0,43,Normal
2026-02-14 23:58:32.526145,Toronto-af2a,36,80,Normal
2026-02-14 23:58:33.526145,Toronto-af2a,8,57,Normal
2026-02-14 23:58:34.526145,Toronto-af2a,-1,79,Normal
2026-02-14 23:58:35.526145,Toronto-af2a,-25,38,Normal
2026-02-14 23:58:36.526145,Toronto-af2a,-18,41,Normal
2026-02-14 23:58:37.526145,Toronto-af2a,31,76,Normal
2026-02-14 23:58:38.526145,Toronto-af2a,-19,83,Normal
2026-02-14 23:58:39.526145,Toronto-af2a,-18,1,Normal
2026-02-14 23:58:40.526145,Toronto-af2a,39,89,Normal
2026-02-14 23:58:41.526145,Toronto-af2a,3,12,Normal
2026-02-14 23:58:42.526145,Toronto-af2a,34,7,Normal
2026-02-14 23:58:43.526145,Toronto-af2a,19,77,Normal
2026-02-14 23:58:44.526145,Toronto-af2a,20,56,Normal
2026-02-14 23:58:45.526145,Toronto-af2a,-29,23,Normal
2026-02-14 23:58:46.526145,Toronto-af2a,23,64,Normal
2026-02-14 23:58:47.526145,Toronto-af2a,-29,100,Normal
2026-02-14 23:58:48.526145,Toronto-af2a,9,39,Normal
2026-02-14 23:58:49.526145,Toronto-af2a,43,96,Normal
2026-02-14 23:58:50.526145,Toronto-af2a,44,82,Normal
2026-02-14 23:58:51.526145,Toronto-af2a,-29,44,Normal
2026-02-14 23:58:52.526145,Toronto-af2a,28,21,Normal
2026-02-14 23:58:53.526145,Toronto-af2a,-13,32,Normal
2026-02-14 23:58:54.526145,Toronto-af2a,23,51,Normal
2026-02-14 23:58:55.526145,Toronto-af2a,-16,48,Normal
2026-02-14 23:58:56.526145,Toronto-af2a,31,31,Normal
2026-02-14 23:58:57.526145,Toronto-af2a,0,97,Normal
2026-02-14 23:58:58.526145,Toronto-af2a,46,7,Normal
2026-02-14 23:58:59.526145,Toronto-af2a,13,8,Normal
2026-02-14 23:59:00.526145,Toronto-af2a,-21,97,Normal
2026-02-14 23:59:01.526145,Toronto-af2a,9,17,Normal
2026-02-14 23:59:02.526145,Toronto-af2a,21,77,Normal
2026-02-14 23:59:03.526145,Toronto-af2a,30,91,Normal
2026-02-14 23:59:04.526145,Toronto-af2a,17,48,Normal
2026-02-14 23:59:05.526145,Toronto-af2a,5,21,Normal
2026-02-14 23:59:06.526145,Toronto-af2a,22,10,Normal
2026-02-14 23:59:07.526145,Toronto-af2a,1,1,Normal
2026-02-14 23:59:08.526145,Toronto-af2a,31,63,Normal
2026-02-14 23:59:09.526145,Toronto-af2a,-1,74,Normal
2026-02-14 23:59:10.526145,Toronto-af2a,-11,60,Normal
2026-02-14 23:59:11.526145,Toronto-af2a,10,87,Normal
2026-02-14 23:59:12.526145,Toronto-af2a,49,100,Normal
2026-02-14 23:59:13.526145,Toronto-af2a,-22,9,Normal
2026-02-14 23:59:14.526145,Toronto-af2a,40,68,Normal
2026-02-14 23:59:15.526145,Toronto-af2a,44,6,Normal
2026-02-14 23:59:16.526145,Toronto-af2a,-29,9,Normal
2026-02-14 23:59:17.526145,Toronto-af2a,27,59,Normal
2026-02-14 23:59:18.526145,Toronto-af2a,-25,80,Normal
2026-02-14 23:59:19.526145,Toronto-af2a,0,0,Normal
2026-02-14 23:59:20.526145,Toronto-af2a,35,80,Normal
2026-02-14 23:59:21.526145,Toronto-af2a,12,38,Normal
2026-02-14 23:59:22.526145,Toronto-af2a,-4,36,Normal
2026-02-14 23:59:23.526145,Toronto-af2a,-30,86,Normal
2026-02-14 23:59:24.526145,Toronto-af2a,-28,90,Normal
2026-02-14 23:59:25.526145,Toronto-af2a,-3,21,Normal
2026-02-14 23:59:26.526145,Toronto-af2a,-26,27,Normal
2026-02-14 23:59:27.526145,Toronto-af2a,-8,5,Normal
2026-02-14 23:59:28.526145,Toronto-af2a,27,50,Normal
2026-02-14 23:59:29.526145,Toronto-af2a,12,42,Normal
2026-02-14 23:59:30.526145,Toronto-af2a,-18,21,Normal
2026-02-14 23:59:31.526145,Toronto-af2a,8,9,Normal
2026-02-14 23:59:32.526145,Toronto-af2a,41,82,Normal
2026-02-14 23:59:33.526145,Toronto-af2a,-15,31,Normal
2026-02-14 23:59:34.526145,Toronto-af2a,3,96,Normal
2026-02-14 23:59:35.526145,Toronto-af2a,12,100,Normal
2026-02-14 23:59:36.526145,Toronto-af2a,12,32,Normal
2026-02-14 23:59:37.526145,Toronto-af2a,31,84,Normal
2026-02-14 23:59:38.526145,Toronto-af2a,22,62,Normal
2026-02-14 23:59:39.526145,Toronto-af2a,2,35,Normal
2026-02-14 23:59:40.526145,Toronto-af2a,21,35,Normal
2026-02-14 23:59:41.526145,Toronto-af2a,34,21,Normal
2026-02-14 23:59:42.526145,Toronto-af2a,27,29,Normal
2026-02-14 23:59:43.526145,Toronto-af2a,36,49,Normal
2026-02-14 23:59:44.526145,Toronto-af2a,10,44,Normal
2026-02-14 23:59:45.526145,Toronto-af2a,12,91,Normal
2026-02-14 23:59:46.526145,Toronto-af2a,-22,99,Normal
2026-02-14 23:59:47.526145,Toronto-af2a,14,9,Normal
2026-02-14 23:59:48.526145,Toronto-af2a,11,81,Normal
2026-02-14 23:59:49.526145,Toronto-af2a,14,46,Normal
2026-02-14 23:59:50.526145,Toronto-af2a,1,82,Normal
2026-02-14 23:59:51.526145,Toronto-af2a,20,45,Normal
2026-02-14 23:59:52.526145,Toronto-af2a,43,43,Normal
2026-02-14 23:59:53.526145,Toronto-af2a,-19,13,Normal
2026-02-14 23:59:54.526145,Toronto-af2a,29,14,Normal
2026-02-14 23:59:55.526145,Toronto-af2a,34,49,Normal
2026-02-14 23:59:56.526145,Toronto-af2a,-11,48,Normal
2026-02-14 23:59:57.526145,Toronto-af2a,-11,31,Normal
2026-02-14 23:59:58.526145,Toronto-af2a,-2,35,Normal
2026-02-14 23:59:59.526145,Toronto-af2a,-24,88,Normal
2026-02-15 00:00:00.526145,Toronto-af2a,30,0,Normal
2026-02-15 00:00:01.526145,Toronto-af2a,1,96,Normal
2026-02-15 00:00:02.526145,Toronto-af2a,50,95,Normal
2026-02-15 00:00:03.526145,Toronto-af2a,27,47,Normal
2026-02-15 00:00:04.526145,Toronto-af2a,26,42,Normal
2026-02-15 00:00:05.526145,Toronto-af2a,-29,8,Normal
2026-02-15 00:00:06.526145,Toronto-af2a,30,85,Normal
2026-02-15 00:00:07.526145,Toronto-af2a,33,10,Normal
2026-02-15 00:00:08.526145,Toronto-af2a,40,68,Normal
2026-02-15 00:00:09.526145,Toronto-af2a,28,96,Normal
2026-02-15 00:00:10.526145,Toronto-af2a,30,71,Normal
2026-02-15 00:00:11.526145,Toronto-af2a,-29,74,Normal
2026-02-15 00:00:12.526145,Toronto-af2a,-11,75,Normal
2026-02-15 00:00:13.526145,Toronto-af2a,-30,61,Normal
2026-02-15 00:00:14.526145,Toronto-af2a,45,71,Normal
2026-02-15 00:00:15.526145,Toronto-af2a,-15,30,Normal
2026-02-15 00:00:16.526145,Toronto-af2a,6,98,Normal
2026-02-15 00:00:17.526145,Toronto-af2a,-12,8,Normal
2026-02-15 00:00:18.526145,Toronto-af2a,8,94,Normal
2026-02-15 00:00:19.526145,Toronto-af2a,18,95,Normal
2026-02-15 00:00:20.526145,Toronto-af2a,4,15,Normal
2026-02-15 00:00:21.526145,Toronto-af2a,-5,48,Normal
2026-02-15 00:00:22.526145,Toronto-af2a,-17,5,Normal
2026-02-15 00:00:23.526145,Toronto-af2a,3,24,Normal
2026-02-15 00:00:24.526145,Toronto-af2a,35,61,Normal
2026-02-15 00:00:25.526145,Toronto-af2a,-22,85,Normal
2026-02-15 00:00:26.526145,Toronto-af2a,-27,59,Normal
2026-02-15 00:00:27.526145,Toronto-af2a,-7,66,Normal
2026-02-15 00:00:28.526145,Toronto-af2a,37,46,Normal
2026-02-15 00:00:29.526145,Toronto-af2a,-26,42,Normal
2026-02-15 00:00:30.526145,Toronto-af2a,21,37,Normal
2026-02-15 00:00:31.526145,Toronto-af2a,-21,29,Normal
2026-02-15 00:00:32.526145,Toronto-af2a,-23,21,Normal
2026-02-15 00:00:33.526145,Toronto-af2a,-29,88,Normal
2026-02-15 00:00:34.526145,Toronto-af2a,-21,11,Normal
2026-02-15 00:00:35.526145,Toronto-af2a,-28,11,Normal
2026-02-15 00:00:36.526145,Toronto-af2a,-6,6,Normal
2026-02-15 00:00:37.526145,Toronto-af2a,-25,69,Normal
2026-02-15 00:00:38.526145,Toronto-af2a,-6,69,Normal
2026-02-15 00:00:39.526145,Toronto-af2a,44,15,Normal
2026-02-15 00:00:40.526145,Toronto-af2a,46,74,Normal
2026-02-15 00:00:41.526145,Toronto-af2a,3,54,Normal
2026-02-15 00:00:42.526145,Toronto-af2a,46,62,Normal
2026-02-15 00:00:43.526145,Toronto-af2a,-26,52,Normal
2026-02-15 00:00:44.526145,Toronto-af2a,42,90,Normal
2026-02-15 00:00:45.526145,Toronto-af2a,18,21,Normal
2026-02-15 00:00:46.526145,Toronto-af2a,-23,92,Normal
2026-02-15 00:00:47.526145,Toronto-af2a,42,83,Normal
2026-02-15 00:00:48.526145,Toronto-af2a,-9,81,Normal
2026-02-15 00:00:49.526145,Toronto-af2a,12,73,Normal
2026-02-15 00:00:50.526145,Toronto-af2a,8,93,Normal
2026-02-15 00:00:51.526145,Toronto-af2a,-29,53,Normal
2026-02-15 00:00:52.526145,Toronto-af2a,7,62,Normal
2026-02-15 00:00:53.526145,Toronto-af2a,1,37,Normal
2026-02-15 00:00:54.526145,Toronto-af2a,28,9,Normal
2026-02-15 00:00:55.526145,Toronto-af2a,34,97,Normal
2026-02-15 00:00:56.526145,Toronto-af2a,6,43,Normal
2026-02-15 00:00:57.526145,Toronto-af2a,-26,32,Normal
2026-02-15 00:00:58.526145,Toronto-af2a,36,5,Normal
2026-02-15 00:00:59.526145,Toronto-af2a,29,68,Normal
2026-02-15 00:01:00.526145,Toronto-af2a,9,45,Normal
2026-02-15 00:01:01.526145,Toronto-af2a,-20,81,Normal
2026-02-15 00:01:02.526145,Toronto-af2a,2,10,Normal
2026-02-15 00:01:03.526145,Toronto-af2a,30,2,Normal
2026-02-15 00:01:04.526145,Toronto-af2a,17,38,Normal
2026-02-15 00:01:05.526145,Toronto-af2a,13,77,Normal
2026-02-15 00:01:06.526145,Toronto-af2a,38,98,Normal
2026-02-15 00:01:07.526145,Toronto-af2a,-9,92,Normal
2026-02-15 00:01:08.526145,Toronto-af2a,-3,50,Normal
2026-02-15 00:01:09.526145,Toronto-af2a,43,85,Normal
2026-02-15 00:01:10.526145,Toronto-af2a,43,59,Normal
2026-02-15 00:01:11.526145,Toronto-af2a,42,73,Normal
2026-02-15 00:01:12.526145,Toronto-af2a,38,48,Normal
2026-02-15 00:01:13.526145,Toronto-af2a,49,83,Normal
2026-02-15 00:01:14.526145,Toronto-af2a,46,21,Normal
2026-02-15 00:01:15.526145,Toronto-af2a,42,2,Normal
2026-02-15 00:01:16.526145,Toronto-af2a,1,95,Normal
2026-02-15 00:01:17.526145,Toronto-af2a,-30,46,Normal
2026-02-15 00:01:18.526145,Toronto-af2a,9,44,Normal
2026-02-15 00:01:19.526145,Toronto-af2a,20,29,Normal
2026-02-15 00:01:20.526145,Toronto-af2a,2,46,Normal
2026-02-15 00:01:21.526145,Toronto-af2a,43,22,Normal
2026-02-15 00:01:22.526145,Toronto-af2a,-23,62,Normal
2026-02-15 00:01:23.526145,Toronto-af2a,35,16,Normal
2026-02-15 00:01:24.526145,Toronto-af2a,21,42,Normal
2026-02-15 00:01:25.526145,Toronto-af2a,7,11,Normal
2026-02-15 00:01:26.526145,Toronto-af2a,50,42,Normal
2026-02-15 00:01:27.526145,Toronto-af2a,41,32,Normal
2026-02-15 00:01:28.526145,Toronto-af2a,-7,43,Normal
2026-02-15 00:01:29.526145,Toronto-af2a,39,14,Normal
2026-02-15 00:01:30.526145,Toronto-af2a,49,24,Normal
2026-02-15 00:01:31.526145,Toronto-af2a,-15,73,Normal
2026-02-15 00:01:32.526145,Toronto-af2a,-17,71,Normal
2026-02-15 00:01:33.526145,Toronto-af2a,2,65,Normal
2026-02-15 00:01:34.526145,Toronto-af2a,5,77,Normal
2026-02-15 00:01:35.526145,Toronto-af2a,15,23,Normal
2026-02-15 00:01:36.526145,Toronto-af2a,44,98,Normal
2026-02-15 00:01:37.526145,Toronto-af2a,-17,75,Normal
2026-02-15 00:01:38.526145,Toronto-af2a,27,9,Normal
2026-02-15 00:01:39.526145,Toronto-af2a,-7,46,Normal
2026-02-15 00:01:40.526145,Toronto-af2a,36,57,Normal
2026-02-15 00:01:41.526145,Toronto-af2a,4,17,Normal
2026-02-15 00:01:42.526145,Toronto-af2a,0,39,Normal
2026-02-15 00:01:43.526145,Toronto-af2a,-22,78,Normal
2026-02-15 00:01:44.526145,Toronto-af2a,-30,62,Normal
2026-02-15 00:01:45.526145,Toronto-af2a,37,22,Normal
2026-02-15 00:01:46.526145,Toronto-af2a,-27,59,Normal
2026-02-15 00:01:47.526145,Toronto-af2a,24,69,Normal
2026-02-15 00:01:48.526145,Toronto-af2a,-17,17,Normal
2026-02-15 00:01:49.526145,Toronto-af2a,19,15,Normal
2026-02-15 00:01:50.526145,Toronto-af2a,-28,74,Normal
2026-02-15 00:01:51.526145,Toronto-af2a,3,70,Normal
2026-02-15 00:01:52.526145,Toronto-af2a,42,64,Normal
2026-02-15 00:01:53.526145,Toronto-af2a,2,89,Normal
2026-02-15 00:01:54.526145,Toronto-af2a,17,44,Normal
2026-02-15 00:01:55.526145,Toronto-af2a,40,24,Normal
2026-02-15 00:01:56.526145,Toronto-af2a,-23,78,Normal
2026-02-15 00:01:57.526145,Toronto-af2a,19,22,Normal
2026-02-15 00:01:58.526145,Toronto-af2a,21,76,Normal
2026-02-15 00:01:59.526145,Toronto-af2a,50,6,Normal
2026-02-15 00:02:00.526145,Toronto-af2a,-1,51,Normal
2026-02-15 00:02:01.526145,Toronto-af2a,50,25,Normal
2026-02-15 00:02:02.526145,Toronto-af2a,50,57,Normal
2026-02-15 00:02:03.526145,Toronto-af2a,-5,50,Normal
2026-02-15 00:02:04.526145,Toronto-af2a,-11,24,Normal
2026-02-15 00:02:05.526145,Toronto-af2a,25,28,Normal
2026-02-15 00:02:06.526145,Toronto-af2a,6,93,Normal
2026-02-15 00:02:07.526145,Toronto-af2a,-10,39,Normal
2026-02-15 00:02:08.526145,Toronto-af2a,-15,72,Normal
2026-02-15 00:02:09.526145,Toronto-af2a,-28,25,Normal
2026-02-15 00:02:10.526145,Toronto-af2a,25,24,Normal
2026-02-15 00:02:11.526145,Toronto-af2a,17,65,Normal
2026-02-15 00:02:12.526145,Toronto-af2a,45,12,Normal
2026-02-15 00:02:13.526145,Toronto-af2a,7,95,Normal
2026-02-15 00:02:14.526145,Toronto-af2a,-23,58,Normal
2026-02-15 00:02:15.526145,Toronto-af2a,-5,85,Normal
2026-02-15 00:02:16.526145,Toronto-af2a,-24,58,Normal
2026-02-15 00:02:17.526145,Toronto-af2a,35,71,Normal
2026-02-15 00:02:18.526145,Toronto-af2a,29,38,Normal
2026-02-15 00:02:19.526145,Toronto-af2a,18,13,Normal
2026-02-15 00:02:20.526145,Toronto-af2a,27,9,Normal
2026-02-15 00:02:21.526145,Toronto-af2a,40,70,Normal
2026-02-15 00:02:22.526145,Toronto-af2a,-16,87,Normal
2026-02-15 00:02:23.526145,Toronto-af2a,-2,23,Normal
2026-02-15 00:02:24.526145,Toronto-af2a,-15,3,Normal
2026-02-15 00:02:25.526145,Toronto-af2a,17,10,Normal
2026-02-15 00:02:26.526145,Toronto-af2a,-16,79,Normal
2026-02-15 00:02:27.526145,Toronto-af2a,18,19,Normal
2026-02-15 00:02:28.526145,Toronto-af2a,29,30,Normal
2026-02-15 00:02:29.526145,Toronto-af2a,-9,98,Normal
2026-02-15 00:02:30.526145,Toronto-af2a,44,67,Normal
2026-02-15 00:02:31.526145,Toronto-af2a,21,4,Normal
2026-02-15 00:02:32.526145,Toronto-af2a,36,3,Normal
2026-02-15 00:02:33.526145,Toronto-af2a,40,87,Normal
2026-02-15 00:02:34.526145,Toronto-af2a,17,52,Normal
2026-02-15 00:02:35.526145,Toronto-af2a,46,50,Normal
2026-02-15 00:02:36.526145,Toronto-af2a,13,17,Normal
2026-02-15 00:02:37.526145,Toronto-af2a,7,69,Normal
2026-02-15 00:02:38.526145,Toronto-af2a,-22,85,Normal
2026-02-15 00:02:39.526145,Toronto-af2a,32,57,Normal
2026-02-15 00:02:40.526145,Toronto-af2a,1,29,Normal
2026-02-15 00:02:41.526145,Toronto-af2a,8,14,Normal
2026-02-15 00:02:42.526145,Toronto-af2a,35,96,Normal
2026-02-15 00:02:43.526145,Toronto-af2a,36,98,Normal
2026-02-15 00:02:44.526145,Toronto-af2a,44,62,Normal
2026-02-15 00:02:45.526145,Toronto-af2a,50,14,Normal
2026-02-15 00:02:46.526145,Toronto-af2a,-16,13,Normal
2026-02-15 00:02:47.526145,Toronto-af2a,42,35,Normal
2026-02-15 00:02:48.526145,Toronto-af2a,37,60,Normal
2026-02-15 00:02:49.526145,Toronto-af2a,48,64,Normal
2026-02-15 00:02:50.526145,Toronto-af2a,-29,81,Normal
2026-02-15 00:02:51.526145,Toronto-af2a,43,75,Normal
2026-02-15 00:02:52.526145,Toronto-af2a,-10,75,Normal
2026-02-15 00:02:53.526145,Toronto-af2a,-16,90,Normal
2026-02-15 00:02:54.526145,Toronto-af2a,22,81,Normal
2026-02-15 00:02:55.526145,Toronto-af2a,-17,23,Normal
2026-02-15 00:02:56.526145,Toronto-af2a,12,37,Normal
2026-02-15 00:02:57.526145,Toronto-af2a,18,33,Normal
2026-02-15 00:02:58.526145,Toronto-af2a,26,40,Normal
2026-02-15 00:02:59.526145,Toronto-af2a,35,62,Normal
2026-02-15 00:03:00.526145,Toronto-af2a,37,10,Normal
2026-02-15 00:03:01.526145,Toronto-af2a,-12,90,Normal
2026-02-15 00:03:02.526145,Toronto-af2a,-29,73,Normal
2026-02-15 00:03:03.526145,Toronto-af2a,-20,72,Normal
2026-02-15 00:03:04.526145,Toronto-af2a,38,73,Normal
2026-02-15 00:03:05.526145,Toronto-af2a,4,26,Normal
2026-02-15 00:03:06.526145,Toronto-af2a,38,41,Normal
2026-02-15 00:03:07.526145,Toronto-af2a,28,1,Normal
2026-02-15 00:03:08.526145,Toronto-af2a,6,70,Normal
2026-02-15 00:03:09.526145,Toronto-af2a,25,38,Normal
2026-02-15 00:03:10.526145,Toronto-af2a,1,78,Normal
2026-02-15 00:03:11.526145,Toronto-af2a,-7,70,Normal
2026-02-15 00:03:12.526145,Toronto-af2a,1,94,Normal
2026-02-15 00:03:13.526145,Toronto-af2a,14,54,Normal
2026-02-15 00:03:14.526145,Toronto-af2a,17,55,Normal
2026-02-15 00:03:15.526145,Toronto-af2a,-20,5,Normal
2026-02-15 00:03:16.526145,Toronto-af2a,20,20,Normal
2026-02-15 00:03:17.526145,Toronto-af2a,24,23,Normal
2026-02-15 00:03:18.526145,Toronto-af2a,18,95,Normal
2026-02-15 00:03:19.526145,Toronto-af2a,44,40,Normal
2026-02-15 00:03:20.526145,Toronto-af2a,34,6,Normal
2026-02-15 00:03:21.526145,Toronto-af2a,26,24,Normal
2026-02-15 00:03:22.526145,Toronto-af2a,21,68,Normal
2026-02-15 00:03:23.526145,Toronto-af2a,30,17,Normal
2026-02-15 00:03:24.526145,Toronto-af2a,22,60,Normal
2026-02-15 00:03:25.526145,Toronto-af2a,32,62,Normal
2026-02-15 00:03:26.526145,Toronto-af2a,10,85,Normal
2026-02-15 00:03:27.526145,Toronto-af2a,2,71,Normal
2026-02-15 00:03:28.526145,Toronto-af2a,7,84,Normal
2026-02-15 00:03:29.526145,Toronto-af2a,27,70,Normal
2026-02-15 00:03:30.526145,Toronto-af2a,-5,45,Normal
2026-02-15 00:03:31.526145,Toronto-af2a,-29,92,Normal
2026-02-15 00:03:32.526145,Toronto-af2a,7,0,Normal
2026-02-15 00:03:33.526145,Toronto-af2a,-29,44,Normal
2026-02-15 00:03:34.526145,Toronto-af2a,-29,29,Normal
2026-02-15 00:03:35.526145,Toronto-af2a,50,79,Normal
2026-02-15 00:03:36.526145,Toronto-af2a,21,5,Normal
2026-02-15 00:03:37.526145,Toronto-af2a,43,29,Normal
2026-02-15 00:03:38.526145,Toronto-af2a,43,71,Normal
2026-02-15 00:03:39.526145,Toronto-af2a,29,54,Normal
2026-02-15 00:03:40.526145,Toronto-af2a,-13,49,Normal
2026-02-15 00:03:41.526145,Toronto-af2a,28,44,Normal
2026-02-15 00:03:42.526145,Toronto-af2a,41,55,Normal
2026-02-15 00:03:43.526145,Toronto-af2a,-8,1,Normal
2026-02-15 00:03:44.526145,Toronto-af2a,46,56,Normal
2026-02-15 00:03:45.526145,Toronto-af2a,27,38,Normal
2026-02-15 00:03:46.526145,Toronto-af2a,-22,39,Normal
2026-02-15 00:03:47.526145,Toronto-af2a,29,89,Normal
2026-02-15 00:03:48.526145,Toronto-af2a,-8,17,Normal
2026-02-15 00:03:49.526145,Toronto-af2a,-16,9,Normal
2026-02-15 00:03:50.526145,Toronto-af2a,-13,31,Normal
2026-02-15 00:03:51.526145,Toronto-af2a,25,60,Normal
2026-02-15 00:03:52.526145,Toronto-af2a,48,50,Normal
2026-02-15 00:03:53.526145,Toronto-af2a,-16,34,Normal
2026-02-15 00:03:54.526145,Toronto-af2a,-5,41,Normal
2026-02-15 00:03:55.526145,Toronto-af2a,-21,26,Normal
2026-02-15 00:03:56.526145,Toronto-af2a,-3,62,Normal
2026-02-15 00:03:57.526145,Toronto-af2a,20,89,Normal
2026-02-15 00:03:58.526145,Toronto-af2a,37,15,Normal
2026-02-15 00:03:59.526145,Toronto-af2a,22,34,Normal
2026-02-15 00:04:00.526145,Toronto-af2a,50,55,Normal
2026-02-15 00:04:01.526145,Toronto-af2a,32,64,Normal
2026-02-15 00:04:02.526145,Toronto-af2a,47,13,Normal
2026-02-15 00:04:03.526145,Toronto-af2a,10,77,Normal
2026-02-15 00:04:04.526145,Toronto-af2a,48,39,Normal
2026-02-15 00:04:05.526145,Toronto-af2a,44,38,Normal
2026-02-15 00:04:06.526145,Toronto-af2a,21,4,Normal
2026-02-15 00:04:07.526145,Toronto-af2a,34,99,Normal
2026-02-15 00:04:08.526145,Toronto-af2a,-18,90,Normal
2026-02-15 00:04:09.526145,Toronto-af2a,8,88,Normal
2026-02-15 00:04:10.526145,Toronto-af2a,28,60,Normal
2026-02-15 00:04:11.526145,Toronto-af2a,36,81,Normal
2026-02-15 00:04:12.526145,Toronto-af2a,50,9,Normal
2026-02-15 00:04:13.526145,Toronto-af2a,20,55,Normal
2026-02-15 00:04:14.526145,Toronto-af2a,33,20,Normal
2026-02-15 00:04:15.526145,Toronto-af2a,37,84,Normal
2026-02-15 00:04:16.526145,Toronto-af2a,4,13,Normal
2026-02-15 00:04:17.526145,Toronto-af2a,-6,26,Normal
2026-02-15 00:04:18.526145,Toronto-af2a,44,25,Normal
2026-02-15 00:04:19.526145,Toronto-af2a,34,90,Normal
2026-02-15 00:04:20.526145,Toronto-af2a,-16,51,Normal
2026-02-15 00:04:21.526145,Toronto-af2a,-9,72,Normal
2026-02-15 00:04:22.526145,Toronto-af2a,31,94,Normal
2026-02-15 00:04:23.526145,Toronto-af2a,7,56,Normal
2026-02-15 00:04:24.526145,Toronto-af2a,-13,83,Normal
2026-02-15 00:04:25.526145,Toronto-af2a,-27,61,Normal
2026-02-15 00:04:26.526145,Toronto-af2a,-29,46,Normal
2026-02-15 00:04:27.526145,Toronto-af2a,-17,40,Normal
2026-02-15 00:04:28.526145,Toronto-af2a,19,54,Normal
2026-02-15 00:04:29.526145,Toronto-af2a,-9,48,Normal
2026-02-15 00:04:30.526145,Toronto-af2a,-25,29,Normal
2026-02-15 00:04:31.526145,Toronto-af2a,10,7,Normal
2026-02-15 00:04:32.526145,Toronto-af2a,0,46,Normal
2026-02-15 00:04:33.526145,Toronto-af2a,15,98,Normal
2026-02-15 00:04:34.526145,Toronto-af2a,42,35,Normal
2026-02-15 00:04:35.526145,Toronto-af2a,40,97,Normal
2026-02-15 00:04:36.526145,Toronto-af2a,-15,75,Normal
2026-02-15 00:04:37.526145,Toronto-af2a,6,8,Normal
2026-02-15 00:04:38.526145,Toronto-af2a,47,8,Normal
2026-02-15 00:04:39.526145,Toronto-af2a,-14,71,Normal
2026-02-15 00:04:40.526145,Toronto-af2a,28,58,Normal
2026-02-15 00:04:41.526145,Toronto-af2a,13,76,Normal
2026-02-15 00:04:42.526145,Toronto-af2a,45,34,Normal
2026-02-15 00:04:43.526145,Toronto-af2a,12,19,Normal
2026-02-15 00:04:44.526145,Toronto-af2a,-20,63,Normal
2026-02-15 00:04:45.526145,Toronto-af2a,15,45,Normal
2026-02-15 00:04:46.526145,Toronto-af2a,27,66,Normal
2026-02-15 00:04:47.526145,Toronto-af2a,-20,46,Normal
2026-02-15 00:04:48.526145,Toronto-af2a,-8,69,Normal
2026-02-15 00:04:49.526145,Toronto-af2a,-4,58,Normal
2026-02-15 00:04:50.526145,Toronto-af2a,12,46,Normal
2026-02-15 00:04:51.526145,Toronto-af2a,4,59,Normal
2026-02-15 00:04:52.526145,Toronto-af2a,23,77,Normal
2026-02-15 00:04:53.526145,Toronto-af2a,22,68,Normal
2026-02-15 00:04:54.526145,Toronto-af2a,-22,27,Normal
2026-02-15 00:04:55.526145,Toronto-af2a,40,98,Normal
2026-02-15 00:04:56.526145,Toronto-af2a,42,78,Normal
2026-02-15 00:04:57.526145,Toronto-af2a,8,13,Normal
2026-02-15 00:04:58.526145,Toronto-af2a,-19,38,Normal
2026-02-15 00:04:59.526145,Toronto-af2a,-25,11,Normal
2026-02-15 00:05:00.526145,Toronto-af2a,-29,41,Normal
2026-02-15 00:05:01.526145,Toronto-af2a,11,51,Normal
2026-02-15 00:05:02.526145,Toronto-af2a,-23,100,Normal
2026-02-15 00:05:03.526145,Toronto-af2a,-14,59,Normal
2026-02-15 00:05:04.526145,Toronto-af2a,34,72,Normal
2026-02-15 00:05:05.526145,Toronto-af2a,-26,0,Normal
2026-02-15 00:05:06.526145,Toronto-af2a,40,19,Normal
2026-02-15 00:05:07.526145,Toronto-af2a,-20,16,Normal
2026-02-15 00:05:08.526145,Toronto-af2a,42,96,Normal
2026-02-15 00:05:09.526145,Toronto-af2a,28,42,Normal
2026-02-15 00:05:10.526145,Toronto-af2a,-28,22,Normal
2026-02-15 00:05:11.526145,Toronto-af2a,22,3,Normal
2026-02-15 00:05:12.526145,Toronto-af2a,33,42,Normal
2026-02-15 00:05:13.526145,Toronto-af2a,25,95,Normal
2026-02-15 00:05:14.526145,Toronto-af2a,27,5,Normal
2026-02-15 00:05:15.526145,Toronto-af2a,41,40,Normal
2026-02-15 00:05:16.526145,Toronto-af2a,14,35,Normal
2026-02-15 00:05:17.526145,Toronto-af2a,19,97,Normal
2026-02-15 00:05:18.526145,Toronto-af2a,6,61,Normal
2026-02-15 00:05:19.526145,Toronto-af2a,6,91,Normal
2026-02-15 00:05:20.526145,Toronto-af2a,35,27,Normal
2026-02-15 00:05:21.526145,Toronto-af2a,35,37,Normal
2026-02-15 00:05:22.526145,Toronto-af2a,14,43,Normal
2026-02-15 00:05:23.526145,Toronto-af2a,47,49,Normal
2026-02-15 00:05:24.526145,Toronto-af2a,17,47,Normal
2026-02-15 00:05:25.526145,Toronto-af2a,-2,90,Normal
2026-02-15 00:05:26.526145,Toronto-af2a,-7,32,Normal
2026-02-15 00:05:27.526145,Toronto-af2a,16,90,Normal
2026-02-15 00:05:28.526145,Toronto-af2a,23,79,Normal
2026-02-15 00:05:29.526145,Toronto-af2a,-1,43,Normal
2026-02-15 00:05:30.526145,Toronto-af2a,-15,70,Normal
2026-02-15 00:05:31.526145,Toronto-af2a,-11,46,Normal
2026-02-15 00:05:32.526145,Toronto-af2a,-13,59,Normal
2026-02-15 00:05:33.526145,Toronto-af2a,-25,14,Normal
2026-02-15 00:05:34.526145,Toronto-af2a,31,76,Normal
2026-02-15 00:05:35.526145,Toronto-af2a,50,21,Normal
2026-02-15 00:05:36.526145,Toronto-af2a,0,93,Normal
2026-02-15 00:05:37.526145,Toronto-af2a,36,47,Normal
2026-02-15 00:05:38.526145,Toronto-af2a,-6,4,Normal
2026-02-15 00:05:39.526145,Toronto-af2a,-29,96,Normal
2026-02-15 00:05:40.526145,Toronto-af2a,17,30,Normal
2026-02-15 00:05:41.526145,Toronto-af2a,16,12,Normal
2026-02-15 00:05:42.526145,Toronto-af2a,43,45,Normal
2026-02-15 00:05:43.526145,Toronto-af2a,7,69,Normal
2026-02-15 00:05:44.526145,Toronto-af2a,18,46,Normal
2026-02-15 00:05:45.526145,Toronto-af2a,35,72,Normal
2026-02-15 00:05:46.526145,Toronto-af2a,21,60,Normal
2026-02-15 00:05:47.526145,Toronto-af2a,12,82,Normal
2026-02-15 00:05:48.526145,Toronto-af2a,-14,79,Normal
2026-02-15 00:05:49.526145,Toronto-af2a,15,100,Normal
2026-02-15 00:05:50.526145,Toronto-af2a,-24,30,Normal
2026-02-15 00:05:51.526145,Toronto-af2a,-14,35,Normal
2026-02-15 00:05:52.526145,Toronto-af2a,39,85,Normal
2026-02-15 00:05:53.526145,Toronto-af2a,28,30,Normal
2026-02-15 00:05:54.526145,Toronto-af2a,37,47,Normal
2026-02-15 00:05:55.526145,Toronto-af2a,21,82,Normal
2026-02-15 00:05:56.526145,Toronto-af2a,14,81,Normal
2026-02-15 00:05:57.526145,Toronto-af2a,-3,56,Normal
2026-02-15 00:05:58.526145,Toronto-af2a,8,62,Normal
2026-02-15 00:05:59.526145,Toronto-af2a,46,82,Normal
2026-02-15 00:06:00.526145,Toronto-af2a,9,0,Normal
2026-02-15 00:06:01.526145,Toronto-af2a,20,80,Normal
2026-02-15 00:06:02.526145,Toronto-af2a,15,74,Normal
2026-02-15 00:06:03.526145,Toronto-af2a,28,88,Normal
2026-02-15 00:06:04.526145,Toronto-af2a,-8,52,Normal
2026-02-15 00:06:05.526145,Toronto-af2a,-15,74,Normal
2026-02-15 00:06:06.526145,Toronto-af2a,24,19,Normal
2026-02-15 00:06:07.526145,Toronto-af2a,44,89,Normal
2026-02-15 00:06:08.526145,Toronto-af2a,-9,25,Normal
2026-02-15 00:06:09.526145,Toronto-af2a,6,97,Normal
2026-02-15 00:06:10.526145,Toronto-af2a,-2,3,Normal
2026-02-15 00:06:11.526145,Toronto-af2a,-10,89,Normal
2026-02-15 00:06:12.526145,Toronto-af2a,3,24,Normal
2026-02-15 00:06:13.526145,Toronto-af2a,16,79,Normal
2026-02-15 00:06:14.526145,Toronto-af2a,-14,64,Normal
2026-02-15 00:06:15.526145,Toronto-af2a,3,16,Normal
2026-02-15 00:06:16.526145,Toronto-af2a,45,54,Normal
2026-02-15 00:06:17.526145,Toronto-af2a,49,58,Normal
2026-02-15 00:06:18.526145,Toronto-af2a,13,58,Normal
2026-02-15 00:06:19.526145,Toronto-af2a,40,3,Normal
2026-02-15 00:06:20.526145,Toronto-af2a,-13,5,Normal
2026-02-15 00:06:21.526145,Toronto-af2a,-11,58,Normal
2026-02-15 00:06:22.526145,Toronto-af2a,20,18,Normal
2026-02-15 00:06:23.526145,Toronto-af2a,12,47,Normal
2026-02-15 00:06:24.526145,Toronto-af2a,-18,23,Normal
2026-02-15 00:06:25.526145,Toronto-af2a,-24,44,Normal
2026-02-15 00:06:26.526145,Toronto-af2a,-23,39,Normal
2026-02-15 00:06:27.526145,Toronto-af2a,3,25,Normal
2026-02-15 00:06:28.526145,Toronto-af2a,34,50,Normal
2026-02-15 00:06:29.526145,Toronto-af2a,19,79,Normal
2026-02-15 00:06:30.526145,Toronto-af2a,6,21,Normal
2026-02-15 00:06:31.526145,Toronto-af2a,33,10,Normal
2026-02-15 00:06:32.526145,Toronto-af2a,27,50,Normal
2026-02-15 00:06:33.526145,Toronto-af2a,18,4,Normal
2026-02-15 00:06:34.526145,Toronto-af2a,-12,21,Normal
2026-02-15 00:06:35.526145,Toronto-af2a,1,75,Normal
2026-02-15 00:06:36.526145,Toronto-af2a,40,45,Normal
2026-02-15 00:06:37.526145,Toronto-af2a,-19,29,Normal
2026-02-15 00:06:38.526145,Toronto-af2a,-11,18,Normal
2026-02-15 00:06:39.526145,Toronto-af2a,19,90,Normal
2026-02-15 00:06:40.526145,Toronto-af2a,27,25,Normal
2026-02-15 00:06:41.526145,Toronto-af2a,46,1,Normal
2026-02-15 00:06:42.526145,Toronto-af2a,27,40,Normal
2026-02-15 00:06:43.526145,Toronto-af2a,-12,24,Normal
2026-02-15 00:06:44.526145,Toronto-af2a,-19,73,Normal
2026-02-15 00:06:45.526145,Toronto-af2a,-17,1,Normal
2026-02-15 00:06:46.526145,Toronto-af2a,48,1,Normal
2026-02-15 00:06:47.526145,Toronto-af2a,44,57,Normal
2026-02-15 00:06:48.526145,Toronto-af2a,-25,75,Normal
2026-02-15 00:06:49.526145,Toronto-af2a,-8,10,Normal
2026-02-15 00:06:50.526145,Toronto-af2a,-21,47,Normal
2026-02-15 00:06:51.526145,Toronto-af2a,15,11,Normal
2026-02-15 00:06:52.526145,Toronto-af2a,-28,94,Normal
2026-02-15 00:06:53.526145,Toronto-af2a,-9,62,Normal
2026-02-15 00:06:54.526145,Toronto-af2a,6,26,Normal
2026-02-15 00:06:55.526145,Toronto-af2a,6,99,Normal
2026-02-15 00:06:56.526145,Toronto-af2a,-8,99,Normal
2026-02-15 00:06:57.526145,Toronto-af2a,-19,59,Normal
2026-02-15 00:06:58.526145,Toronto-af2a,5,64,Normal
2026-02-15 00:06:59.526145,Toronto-af2a,12,94,Normal
2026-02-15 00:07:00.526145,Toronto-af2a,50,24,Normal
2026-02-15 00:07:01.526145,Toronto-af2a,9,45,Normal
2026-02-15 00:07:02.526145,Toronto-af2a,48,91,Normal
2026-02-15 00:07:03.526145,Toronto-af2a,-20,49,Normal
2026-02-15 00:07:04.526145,Toronto-af2a,0,20,Normal
2026-02-15 00:07:05.526145,Toronto-af2a,-19,39,Normal
2026-02-15 00:07:06.526145,Toronto-af2a,47,78,Normal
2026-02-15 00:07:07.526145,Toronto-af2a,-20,53,Normal
2026-02-15 00:07:08.526145,Toronto-af2a,13,7,Normal
2026-02-15 00:07:09.526145,Toronto-af2a,9,79,Normal
2026-02-15 00:07:10.526145,Toronto-af2a,11,98,Normal
2026-02-15 00:07:11.526145,Toronto-af2a,6,58,Normal
2026-02-15 00:07:12.526145,Toronto-af2a,-10,88,Normal
2026-02-15 00:07:13.526145,Toronto-af2a,-1,16,Normal
2026-02-15 00:07:14.526145,Toronto-af2a,16,3,Normal
2026-02-15 00:07:15.526145,Toronto-af2a,50,76,Normal
2026-02-15 00:07:16.526145,Toronto-af2a,22,24,Normal
2026-02-15 00:07:17.526145,Toronto-af2a,18,41,Normal
2026-02-15 00:07:18.526145,Toronto-af2a,9,8,Normal
2026-02-15 00:07:19.526145,Toronto-af2a,8,84,Normal
2026-02-15 00:07:20.526145,Toronto-af2a,16,66,Normal
2026-02-15 00:07:21.526145,Toronto-af2a,47,12,Normal
2026-02-15 00:07:22.526145,Toronto-af2a,15,4,Normal
2026-02-15 00:07:23.526145,Toronto-af2a,40,12,Normal
2026-02-15 00:07:24.526145,Toronto-af2a,15,66,Normal
2026-02-15 00:07:25.526145,Toronto-af2a,7,26,Normal
2026-02-15 00:07:26.526145,Toronto-af2a,-27,16,Normal
2026-02-15 00:07:27.526145,Toronto-af2a,47,2,Normal
2026-02-15 00:07:28.526145,Toronto-af2a,12,53,Normal
2026-02-15 00:07:29.526145,Toronto-af2a,6,56,Normal
2026-02-15 00:07:30.526145,Toronto-af2a,-5,21,Normal
2026-02-15 00:07:31.526145,Toronto-af2a,-28,32,Normal
2026-02-15 00:07:32.526145,Toronto-af2a,-7,57,Normal
2026-02-15 00:07:33.526145,Toronto-af2a,27,7,Normal
2026-02-15 00:07:34.526145,Toronto-af2a,-22,78,Normal
2026-02-15 00:07:35.526145,Toronto-af2a,41,65,Normal
2026-02-15 00:07:36.526145,Toronto-af2a,10,79,Normal
2026-02-15 00:07:37.526145,Toronto-af2a,30,52,Normal
2026-02-15 00:07:38.526145,Toronto-af2a,41,12,Normal
2026-02-15 00:07:39.526145,Toronto-af2a,43,52,Normal
2026-02-15 00:07:40.526145,Toronto-af2a,8,51,Normal
2026-02-15 00:07:41.526145,Toronto-af2a,-2,2,Normal
2026-02-15 00:07:42.526145,Toronto-af2a,17,80,Normal
2026-02-15 00:07:43.526145,Toronto-af2a,-27,2,Normal
2026-02-15 00:07:44.526145,Toronto-af2a,-6,4,Normal
2026-02-15 00:07:45.526145,Toronto-af2a,-15,90,Normal
2026-02-15 00:07:46.526145,Toronto-af2a,48,15,Normal
2026-02-15 00:07:47.526145,Toronto-af2a,45,70,Normal
2026-02-15 00:07:48.526145,Toronto-af2a,10,64,Normal
2026-02-15 00:07:49.526145,Toronto-af2a,-26,6,Normal
2026-02-15 00:07:50.526145,Toronto-af2a,44,77,Normal
2026-02-15 00:07:51.526145,Toronto-af2a,48,74,Normal
2026-02-15 00:07:52.526145,Toronto-af2a,33,63,Normal
2026-02-15 00:07:53.526145,Toronto-af2a,-2,43,Normal
2026-02-15 00:07:54.526145,Toronto-af2a,41,77,Normal
2026-02-15 00:07:55.526145,Toronto-af2a,-1,57,Normal
2026-02-15 00:07:56.526145,Toronto-af2a,-6,89,Normal
2026-02-15 00:07:57.526145,Toronto-af2a,-21,6,Normal
2026-02-15 00:07:58.526145,Toronto-af2a,34,7,Normal
2026-02-15 00:07:59.526145,Toronto-af2a,-14,21,Normal
2026-02-15 00:08:00.526145,Toronto-af2a,-18,0,Normal
2026-02-15 00:08:01.526145,Toronto-af2a,41,34,Normal
2026-02-15 00:08:02.526145,Toronto-af2a,-25,5,Normal
2026-02-15 00:08:03.526145,Toronto-af2a,-6,50,Normal
2026-02-15 00:08:04.526145,Toronto-af2a,-28,48,Normal
2026-02-15 00:08:05.526145,Toronto-af2a,15,62,Normal
2026-02-15 00:08:06.526145,Toronto-af2a,-18,18,Normal
2026-02-15 00:08:07.526145,Toronto-af2a,49,38,Normal
2026-02-15 00:08:08.526145,Toronto-af2a,-7,16,Normal
2026-02-15 00:08:09.526145,Toronto-af2a,-15,22,Normal
2026-02-15 00:08:10.526145,Toronto-af2a,31,44,Normal
2026-02-15 00:08:11.526145,Toronto-af2a,-11,22,Normal
2026-02-15 00:08:12.526145,Toronto-af2a,32,6,Normal
2026-02-15 00:08:13.526145,Toronto-af2a,20,9,Normal
2026-02-15 00:08:14.526145,Toronto-af2a,24,77,Normal
2026-02-15 00:08:15.526145,Toronto-af2a,47,68,Normal
2026-02-15 00:08:16.526145,Toronto-af2a,9,41,Normal
2026-02-15 00:08:17.526145,Toronto-af2a,19,84,Normal
2026-02-15 00:08:18.526145,Toronto-af2a,-11,21,Normal
2026-02-15 00:08:19.526145,Toronto-af2a,37,13,Normal
2026-02-15 00:08:20.526145,Toronto-af2a,9,83,Normal
2026-02-15 00:08:21.526145,Toronto-af2a,27,41,Normal
2026-02-15 00:08:22.526145,Toronto-af2a,15,57,Normal
2026-02-15 00:08:23.526145,Toronto-af2a,36,16,Normal
2026-02-15 00:08:24.526145,Toronto-af2a,36,74,Normal
2026-02-15 00:08:25.526145,Toronto-af2a,27,52,Normal
2026-02-15 00:08:26.526145,Toronto-af2a,48,6,Normal
2026-02-15 00:08:27.526145,Toronto-af2a,48,93,Normal
2026-02-15 00:08:28.526145,Toronto-af2a,19,3,Normal
2026-02-15 00:08:29.526145,Toronto-af2a,36,33,Normal
2026-02-15 00:08:30.526145,Toronto-af2a,29,16,Normal
2026-02-15 00:08:31.526145,Toronto-af2a,-22,14,Normal
2026-02-15 00:08:32.526145,Toronto-af2a,50,78,Normal
2026-02-15 00:08:33.526145,Toronto-af2a,0,33,Normal
2026-02-15 00:08:34.526145,Toronto-af2a,16,30,Normal
2026-02-15 00:08:35.526145,Toronto-af2a,-20,17,Normal
2026-02-15 00:08:36.526145,Toronto-af2a,0,56,Normal
2026-02-15 00:08:37.526145,Toronto-af2a,9,92,Normal
2026-02-15 00:08:38.526145,Toronto-af2a,-16,63,Normal
2026-02-15 00:08:39.526145,Toronto-af2a,47,43,Normal
2026-02-15 00:08:40.526145,Toronto-af2a,29,92,Normal
2026-02-15 00:08:41.526145,Toronto-af2a,-30,4,Normal
2026-02-15 00:08:42.526145,Toronto-af2a,43,66,Normal
2026-02-15 00:08:43.526145,Toronto-af2a,26,0,Normal
2026-02-15 00:08:44.526145,Toronto-af2a,49,44,Normal
2026-02-15 00:08:45.526145,Toronto-af2a,23,97,Normal
2026-02-15 00:08:46.526145,Toronto-af2a,8,14,Normal
2026-02-15 00:08:47.526145,Toronto-af2a,-15,94,Normal
2026-02-15 00:08:48.526145,Toronto-af2a,-2,1,Normal
2026-02-15 00:08:49.526145,Toronto-af2a,-6,84,Normal
2026-02-15 00:08:50.526145,Toronto-af2a,8,21,Normal
2026-02-15 00:08:51.526145,Toronto-af2a,13,17,Normal
2026-02-15 00:08:52.526145,Toronto-af2a,37,29,Normal
2026-02-15 00:08:53.526145,Toronto-af2a,-5,100,Normal
2026-02-15 00:08:54.526145,Toronto-af2a,24,29,Normal
2026-02-15 00:08:55.526145,Toronto-af2a,-27,17,Normal
2026-02-15 00:08:56.526145,Toronto-af2a,30,35,Normal
2026-02-15 00:08:57.526145,Toronto-af2a,4,100,Normal
2026-02-15 00:08:58.526145,Toronto-af2a,47,98,Normal
2026-02-15 00:08:59.526145,Toronto-af2a,-18,54,Normal
2026-02-15 00:09:00.526145,Toronto-af2a,36,61,Normal
2026-02-15 00:09:01.526145,Toronto-af2a,20,33,Normal
2026-02-15 00:09:02.526145,Toronto-af2a,-24,98,Normal
2026-02-15 00:09:03.526145,Toronto-af2a,36,31,Normal
2026-02-15 00:09:04.526145,Toronto-af2a,14,3,Normal
2026-02-15 00:09:05.526145,Toronto-af2a,49,23,Normal
2026-02-15 00:09:06.526145,Toronto-af2a,-28,62,Normal
2026-02-15 00:09:07.526145,Toronto-af2a,49,6,Normal
2026-02-15 00:09:08.526145,Toronto-af2a,33,10,Normal
2026-02-15 00:09:09.526145,Toronto-af2a,31,7,Normal
2026-02-15 00:09:10.526145,Toronto-af2a,46,61,Normal
2026-02-15 00:09:11.526145,Toronto-af2a,50,7,Normal
2026-02-15 00:09:12.526145,Toronto-af2a,35,91,Normal
2026-02-15 00:09:13.526145,Toronto-af2a,3,10,Normal
2026-02-15 00:09:14.526145,Toronto-af2a,-16,8,Normal
2026-02-15 00:09:15.526145,Toronto-af2a,24,21,Normal
2026-02-15 00:09:16.526145,Toronto-af2a,8,19,Normal
2026-02-15 00:09:17.526145,Toronto-af2a,10,25,Normal
2026-02-15 00:09:18.526145,Toronto-af2a,-22,95,Normal
2026-02-15 00:09:19.526145,Toronto-af2a,35,94,Normal
2026-02-15 00:09:20.526145,Toronto-af2a,6,87,Normal
2026-02-15 00:09:21.526145,Toronto-af2a,-20,74,Normal
2026-02-15 00:09:22.526145,Toronto-af2a,32,65,Normal
2026-02-15 00:09:23.526145,Toronto-af2a,-15,96,Normal
2026-02-15 00:09:24.526145,Toronto-af2a,32,95,Normal
2026-02-15 00:09:25.526145,Toronto-af2a,24,32,Normal
2026-02-15 00:09:26.526145,Toronto-af2a,21,90,Normal
2026-02-15 00:09:27.526145,Toronto-af2a,9,89,Normal
2026-02-15 00:09:28.526145,Toronto-af2a,37,39,Normal
2026-02-15 00:09:29.526145,Toronto-af2a,3,69,Normal
2026-02-15 00:09:30.526145,Toronto-af2a,32,99,Normal
2026-02-15 00:09:31.526145,Toronto-af2a,21,86,Normal
2026-02-15 00:09:32.526145,Toronto-af2a,-10,34,Normal
2026-02-15 00:09:33.526145,Toronto-af2a,-20,64,Normal
2026-02-15 00:09:34.526145,Toronto-af2a,18,75,Normal
2026-02-15 00:09:35.526145,Toronto-af2a,29,59,Normal
2026-02-15 00:09:36.526145,Toronto-af2a,-9,75,Normal
2026-02-15 00:09:37.526145,Toronto-af2a,12,20,Normal
2026-02-15 00:09:38.526145,Toronto-af2a,43,98,Normal
2026-02-15 00:09:39.526145,Toronto-af2a,47,38,Normal
2026-02-15 00:09:40.526145,Toronto-af2a,-13,77,Normal
2026-02-15 00:09:41.526145,Toronto-af2a,22,0,Normal
2026-02-15 00:09:42.526145,Toronto-af2a,37,48,Normal
2026-02-15 00:09:43.526145,Toronto-af2a,35,94,Normal
2026-02-15 00:09:44.526145,Toronto-af2a,-3,68,Normal
2026-02-15 00:09:45.526145,Toronto-af2a,50,0,Normal
2026-02-15 00:09:46.526145,Toronto-af2a,49,36,Normal
2026-02-15 00:09:47.526145,Toronto-af2a,-29,92,Normal
2026-02-15 00:09:48.526145,Toronto-af2a,23,56,Normal
2026-02-15 00:09:49.526145,Toronto-af2a,34,17,Normal
2026-02-15 00:09:50.526145,Toronto-af2a,8,23,Normal
2026-02-15 00:09:51.526145,Toronto-af2a,-6,51,Normal
2026-02-15 00:09:52.526145,Toronto-af2a,13,87,Normal
2026-02-15 00:09:53.526145,Toronto-af2a,17,91,Normal
2026-02-15 00:09:54.526145,Toronto-af2a,-4,49,Normal
2026-02-15 00:09:55.526145,Toronto-af2a,10,93,Normal
2026-02-15 00:09:56.526145,Toronto-af2a,20,68,Normal
2026-02-15 00:09:57.526145,Toronto-af2a,46,24,Normal
2026-02-15 00:09:58.526145,Toronto-af2a,34,7,Normal
2026-02-15 00:09:59.526145,Toronto-af2a,-13,29,Normal
2026-02-15 00:10:00.526145,Toronto-af2a,-26,13,Normal
2026-02-15 00:10:01.526145,Toronto-af2a,25,13,Normal
2026-02-15 00:10:02.526145,Toronto-af2a,18,32,Normal
2026-02-15 00:10:03.526145,Toronto-af2a,-10,99,Normal
2026-02-15 00:10:04.526145,Toronto-af2a,8,50,Normal
2026-02-15 00:10:05.526145,Toronto-af2a,4,38,Normal
2026-02-15 00:10:06.526145,Toronto-af2a,6,6,Normal
2026-02-15 00:10:07.526145,Toronto-af2a,20,62,Normal
2026-02-15 00:10:08.526145,Toronto-af2a,34,98,Normal
2026-02-15 00:10:09.526145,Toronto-af2a,11,95,Normal
2026-02-15 00:10:10.526145,Toronto-af2a,29,62,Normal
2026-02-15 00:10:11.526145,Toronto-af2a,38,90,Normal
2026-02-15 00:10:12.526145,Toronto-af2a,34,43,Normal
2026-02-15 00:10:13.526145,Toronto-af2a,19,81,Normal
2026-02-15 00:10:14.526145,Toronto-af2a,11,100,Normal
2026-02-15 00:10:15.526145,Toronto-af2a,23,18,Normal
2026-02-15 00:10:16.526145,Toronto-af2a,32,43,Normal
2026-02-15 00:10:17.526145,Toronto-af2a,-12,19,Normal
2026-02-15 00:10:18.526145,Toronto-af2a,-17,3,Normal
2026-02-15 00:10:19.526145,Toronto-af2a,7,27,Normal
2026-02-15 00:10:20.526145,Toronto-af2a,45,50,Normal
2026-02-15 00:10:21.526145,Toronto-af2a,43,15,Normal
2026-02-15 00:10:22.526145,Toronto-af2a,19,26,Normal
2026-02-15 00:10:23.526145,Toronto-af2a,-5,49,Normal
2026-02-15 00:10:24.526145,Toronto-af2a,7,79,Normal
2026-02-15 00:10:25.526145,Toronto-af2a,38,9,Normal
2026-02-15 00:10:26.526145,Toronto-af2a,44,49,Normal
2026-02-15 00:10:27.526145,Toronto-af2a,-1,86,Normal
2026-02-15 00:10:28.526145,Toronto-af2a,5,99,Normal
2026-02-15 00:10:29.526145,Toronto-af2a,17,1,Normal
2026-02-15 00:10:30.526145,Toronto-af2a,47,95,Normal
2026-02-15 00:10:31.526145,Toronto-af2a,-6,78,Normal
2026-02-15 00:10:32.526145,Toronto-af2a,21,43,Normal
2026-02-15 00:10:33.526145,Toronto-af2a,-8,62,Normal
2026-02-15 00:10:34.526145,Toronto-af2a,10,69,Normal
2026-02-15 00:10:35.526145,Toronto-af2a,-26,46,Normal
2026-02-15 00:10:36.526145,Toronto-af2a,31,67,Normal
2026-02-15 00:10:37.526145,Toronto-af2a,43,40,Normal
2026-02-15 00:10:38.526145,Toronto-af2a,47,63,Normal
2026-02-15 00:10:39.526145,Toronto-af2a,-6,55,Normal
2026-02-15 00:10:40.526145,Toronto-af2a,12,65,Normal
2026-02-15 00:10:41.526145,Toronto-af2a,24,39,Normal
2026-02-15 00:10:42.526145,Toronto-af2a,24,42,Normal
2026-02-15 00:10:43.526145,Toronto-af2a,2,71,Normal
2026-02-15 00:10:44.526145,Toronto-af2a,18,33,Normal
2026-02-15 00:10:45.526145,Toronto-af2a,11,84,Normal
2026-02-15 00:10:46.526145,Toronto-af2a,-9,17,Normal
2026-02-15 00:10:47.526145,Toronto-af2a,13,74,Normal
2026-02-15 00:10:48.526145,Toronto-af2a,9,19,Normal
2026-02-15 00:10:49.526145,Toronto-af2a,48,36,Normal
2026-02-15 00:10:50.526145,Toronto-af2a,30,75,Normal
2026-02-15 00:10:51.526145,Toronto-af2a,-2,9,Normal
2026-02-15 00:10:52.526145,Toronto-af2a,32,98,Normal
2026-02-15 00:10:53.526145,Toronto-af2a,37,50,Normal
2026-02-15 00:10:54.526145,Toronto-af2a,31,96,Normal
2026-02-15 00:10:55.526145,Toronto-af2a,9,63,Normal
2026-02-15 00:10:56.526145,Toronto-af2a,26,93,Normal
2026-02-15 00:10:57.526145,Toronto-af2a,-28,81,Normal
2026-02-15 00:10:58.526145,Toronto-af2a,24,82,Normal
2026-02-15 00:10:59.526145,Toronto-af2a,29,81,Normal
2026-02-15 00:11:00.526145,Toronto-af2a,43,86,Normal
2026-02-15 00:11:01.526145,Toronto-af2a,45,29,Normal
2026-02-15 00:11:02.526145,Toronto-af2a,43,34,Normal
2026-02-15 00:11:03.526145,Toronto-af2a,10,60,Normal
2026-02-15 00:11:04.526145,Toronto-af2a,10,28,Normal
2026-02-15 00:11:05.526145,Toronto-af2a,28,65,Normal
2026-02-15 00:11:06.526145,Toronto-af2a,21,27,Normal
2026-02-15 00:11:07.526145,Toronto-af2a,-21,3,Normal
2026-02-15 00:11:08.526145,Toronto-af2a,1,48,Normal
2026-02-15 00:11:09.526145,Toronto-af2a,25,87,Normal
2026-02-15 00:11:10.526145,Toronto-af2a,22,33,Normal
2026-02-15 00:11:11.526145,Toronto-af2a,22,23,Normal
2026-02-15 00:11:12.526145,Toronto-af2a,-22,95,Normal
2026-02-15 00:11:13.526145,Toronto-af2a,-16,43,Normal
2026-02-15 00:11:14.526145,Toronto-af2a,-16,4,Normal
2026-02-15 00:11:15.526145,Toronto-af2a,-4,87,Normal
2026-02-15 00:11:16.526145,Toronto-af2a,-30,20,Normal
2026-02-15 00:11:17.526145,Toronto-af2a,30,7,Normal
2026-02-15 00:11:18.526145,Toronto-af2a,15,78,Normal
2026-02-15 00:11:19.526145,Toronto-af2a,-16,44,Normal
2026-02-15 00:11:20.526145,Toronto-af2a,-22,68,Normal
2026-02-15 00:11:21.526145,Toronto-af2a,24,66,Normal
2026-02-15 00:11:22.526145,Toronto-af2a,9,87,Normal
2026-02-15 00:11:23.526145,Toronto-af2a,-7,16,Normal
2026-02-15 00:11:24.526145,Toronto-af2a,33,56,Normal
2026-02-15 00:11:25.526145,Toronto-af2a,31,50,Normal
2026-02-15 00:11:26.526145,Toronto-af2a,-19,46,Normal
2026-02-15 00:11:27.526145,Toronto-af2a,-8,29,Normal
2026-02-15 00:11:28.526145,Toronto-af2a,38,91,Normal
2026-02-15 00:11:29.526145,Toronto-af2a,-27,32,Normal
2026-02-15 00:11:30.526145,Toronto-af2a,-21,14,Normal
2026-02-15 00:11:31.526145,Toronto-af2a,48,9,Normal
2026-02-15 00:11:32.526145,Toronto-af2a,24,40,Normal
2026-02-15 00:11:33.526145,Toronto-af2a,-29,74,Normal
2026-02-15 00:11:34.526145,Toronto-af2a,-11,51,Normal
2026-02-15 00:11:35.526145,Toronto-af2a,14,57,Normal
2026-02-15 00:11:36.526145,Toronto-af2a,19,35,Normal
2026-02-15 00:11:37.526145,Toronto-af2a,34,99,Normal
2026-02-15 00:11:38.526145,Toronto-af2a,44,72,Normal
2026-02-15 00:11:39.526145,Toronto-af2a,36,17,Normal
2026-02-15 00:11:40.526145,Toronto-af2a,36,91,Normal
2026-02-15 00:11:41.526145,Toronto-af2a,-14,67,Normal
2026-02-15 00:11:42.526145,Toronto-af2a,3,9,Normal
2026-02-15 00:11:43.526145,Toronto-af2a,-21,48,Normal
2026-02-15 00:11:44.526145,Toronto-af2a,-8,10,Normal
2026-02-15 00:11:45.526145,Toronto-af2a,-1,80,Normal
2026-02-15 00:11:46.526145,Toronto-af2a,36,27,Normal
2026-02-15 00:11:47.526145,Toronto-af2a,25,99,Normal
2026-02-15 00:11:48.526145,Toronto-af2a,2,27,Normal
2026-02-15 00:11:49.526145,Toronto-af2a,34,57,Normal
2026-02-15 00:11:50.526145,Toronto-af2a,-20,80,Normal
2026-02-15 00:11:51.526145,Toronto-af2a,-5,99,Normal
2026-02-15 00:11:52.526145,Toronto-af2a,48,96,Normal
2026-02-15 00:11:53.526145,Toronto-af2a,-1,25,Normal
2026-02-15 00:11:54.526145,Toronto-af2a,-27,34,Normal
2026-02-15 00:11:55.526145,Toronto-af2a,11,28,Normal
2026-02-15 00:11:56.526145,Toronto-af2a,-17,61,Normal
2026-02-15 00:11:57.526145,Toronto-af2a,12,71,Normal
2026-02-15 00:11:58.526145,Toronto-af2a,-18,79,Normal
2026-02-15 00:11:59.526145,Toronto-af2a,18,34,Normal
2026-02-15 00:12:00.526145,Toronto-af2a,1,13,Normal
2026-02-15 00:12:01.526145,Toronto-af2a,46,86,Normal
2026-02-15 00:12:02.526145,Toronto-af2a,-18,22,Normal
2026-02-15 00:12:03.526145,Toronto-af2a,46,37,Normal
2026-02-15 00:12:04.526145,Toronto-af2a,48,21,Normal
2026-02-15 00:12:05.526145,Toronto-af2a,33,47,Normal
2026-02-15 00:12:06.526145,Toronto-af2a,23,36,Normal
2026-02-15 00:12:07.526145,Toronto-af2a,-27,10,Normal
2026-02-15 00:12:08.526145,Toronto-af2a,-16,99,Normal
2026-02-15 00:12:09.526145,Toronto-af2a,-19,86,Normal
2026-02-15 00:12:10.526145,Toronto-af2a,-17,82,Normal
2026-02-15 00:12:11.526145,Toronto-af2a,0,25,Normal
2026-02-15 00:12:12.526145,Toronto-af2a,23,54,Normal
2026-02-15 00:12:13.526145,Toronto-af2a,25,59,Normal
2026-02-15 00:12:14.526145,Toronto-af2a,5,20,Normal
2026-02-15 00:12:15.526145,Toronto-af2a,41,81,Normal
2026-02-15 00:12:16.526145,Toronto-af2a,25,74,Normal
2026-02-15 00:12:17.526145,Toronto-af2a,3,82,Normal
2026-02-15 00:12:18.526145,Toronto-af2a,-27,10,Normal
2026-02-15 00:12:19.526145,Toronto-af2a,20,18,Normal
2026-02-15 00:12:20.526145,Toronto-af2a,-29,75,Normal
2026-02-15 00:12:21.526145,Toronto-af2a,17,41,Normal
2026-02-15 00:12:22.526145,Toronto-af2a,-24,87,Normal
2026-02-15 00:12:23.526145,Toronto-af2a,-27,50,Normal
2026-02-15 00:12:24.526145,Toronto-af2a,38,35,Normal
2026-02-15 00:12:25.526145,Toronto-af2a,-14,95,Normal
2026-02-15 00:12:26.526145,Toronto-af2a,31,42,Normal
2026-02-15 00:12:27.526145,Toronto-af2a,40,68,Normal
2026-02-15 00:12:28.526145,Toronto-af2a,8,83,Normal
2026-02-15 00:12:29.526145,Toronto-af2a,7,71,Normal
2026-02-15 00:12:30.526145,Toronto-af2a,-3,2,Normal
2026-02-15 00:12:31.526145,Toronto-af2a,-20,95,Normal
2026-02-15 00:12:32.526145,Toronto-af2a,2,46,Normal
2026-02-15 00:12:33.526145,Toronto-af2a,-5,57,Normal
2026-02-15 00:12:34.526145,Toronto-af2a,35,9,Normal
2026-02-15 00:12:35.526145,Toronto-af2a,-16,91,Normal
2026-02-15 00:12:36.526145,Toronto-af2a,-12,40,Normal
2026-02-15 00:12:37.526145,Toronto-af2a,41,24,Normal
2026-02-15 00:12:38.526145,Toronto-af2a,-17,7,Normal
2026-02-15 00:12:39.526145,Toronto-af2a,20,22,Normal
2026-02-15 00:12:40.526145,Toronto-af2a,49,13,Normal
2026-02-15 00:12:41.526145,Toronto-af2a,-23,81,Normal
2026-02-15 00:12:42.526145,Toronto-af2a,35,23,Normal
2026-02-15 00:12:43.526145,Toronto-af2a,-15,85,Normal
2026-02-15 00:12:44.526145,Toronto-af2a,-4,74,Normal
2026-02-15 00:12:45.526145,Toronto-af2a,-10,39,Normal
2026-02-15 00:12:46.526145,Toronto-af2a,-14,44,Normal
2026-02-15 00:12:47.526145,Toronto-af2a,-3,61,Normal
2026-02-15 00:12:48.526145,Toronto-af2a,13,35,Normal
2026-02-15 00:12:49.526145,Toronto-af2a,-11,35,Normal
2026-02-15 00:12:50.526145,Toronto-af2a,-29,70,Normal
2026-02-15 00:12:51.526145,Toronto-af2a,21,77,Normal
2026-02-15 00:12:52.526145,Toronto-af2a,-15,68,Normal
2026-02-15 00:12:53.526145,Toronto-af2a,4,37,Normal
2026-02-15 00:12:54.526145,Toronto-af2a,-4,63,Normal
2026-02-15 00:12:55.526145,Toronto-af2a,50,100,Normal
2026-02-15 00:12:56.526145,Toronto-af2a,17,5,Normal
2026-02-15 00:12:57.526145,Toronto-af2a,-2,87,Normal
2026-02-15 00:12:58.526145,Toronto-af2a,-21,12,Normal
2026-02-15 00:12:59.526145,Toronto-af2a,-23,63,Normal
2026-02-15 00:13:00.526145,Toronto-af2a,8,97,Normal
2026-02-15 00:13:01.526145,Toronto-af2a,29,68,Normal
2026-02-15 00:13:02.526145,Toronto-af2a,23,6,Normal
2026-02-15 00:13:03.526145,Toronto-af2a,3,55,Normal
2026-02-15 00:13:04.526145,Toronto-af2a,25,10,Normal
2026-02-15 00:13:05.526145,Toronto-af2a,31,61,Normal
2026-02-15 00:13:06.526145,Toronto-af2a,39,73,Normal
2026-02-15 00:13:07.526145,Toronto-af2a,-27,70,Normal
2026-02-15 00:13:08.526145,Toronto-af2a,3,3,Normal
2026-02-15 00:13:09.526145,Toronto-af2a,21,33,Normal
2026-02-15 00:13:10.526145,Toronto-af2a,-20,11,Normal
2026-02-15 00:13:11.526145,Toronto-af2a,14,55,Normal
2026-02-15 00:13:12.526145,Toronto-af2a,45,38,Normal
2026-02-15 00:13:13.526145,Toronto-af2a,46,33,Normal
2026-02-15 00:13:14.526145,Toronto-af2a,-13,76,Normal
2026-02-15 00:13:15.526145,Toronto-af2a,34,87,Normal
2026-02-15 00:13:16.526145,Toronto-af2a,-9,56,Normal
2026-02-15 00:13:17.526145,Toronto-af2a,-9,70,Normal
2026-02-15 00:13:18.526145,Toronto-af2a,34,69,Normal
2026-02-15 00:13:19.526145,Toronto-af2a,39,83,Normal
2026-02-15 00:13:20.526145,Toronto-af2a,-17,50,Normal
2026-02-15 00:13:21.526145,Toronto-af2a,-19,36,Normal
2026-02-15 00:13:22.526145,Toronto-af2a,13,46,Normal
2026-02-15 00:13:23.526145,Toronto-af2a,48,43,Normal
2026-02-15 00:13:24.526145,Toronto-af2a,43,85,Normal
2026-02-15 00:13:25.526145,Toronto-af2a,36,72,Normal
2026-02-15 00:13:26.526145,Toronto-af2a,-10,19,Normal
2026-02-15 00:13:27.526145,Toronto-af2a,10,27,Normal
2026-02-15 00:13:28.526145,Toronto-af2a,28,49,Normal
2026-02-15 00:13:29.526145,Toronto-af2a,47,53,Normal
2026-02-15 00:13:30.526145,Toronto-af2a,8,71,Normal
2026-02-15 00:13:31.526145,Toronto-af2a,34,23,Normal
2026-02-15 00:13:32.526145,Toronto-af2a,6,44,Normal
2026-02-15 00:13:33.526145,Toronto-af2a,19,53,Normal
2026-02-15 00:13:34.526145,Toronto-af2a,42,29,Normal
2026-02-15 00:13:35.526145,Toronto-af2a,-5,61,Normal
2026-02-15 00:13:36.526145,Toronto-af2a,33,35,Normal
2026-02-15 00:13:37.526145,Toronto-af2a,-8,2,Normal
2026-02-15 00:13:38.526145,Toronto-af2a,0,16,Normal
2026-02-15 00:13:39.526145,Toronto-af2a,19,96,Normal
2026-02-15 00:13:40.526145,Toronto-af2a,11,79,Normal
2026-02-15 00:13:41.526145,Toronto-af2a,28,52,Normal
2026-02-15 00:13:42.526145,Toronto-af2a,42,93,Normal
2026-02-15 00:13:43.526145,Toronto-af2a,-28,93,Normal
2026-02-15 00:13:44.526145,Toronto-af2a,-5,32,Normal
2026-02-15 00:13:45.526145,Toronto-af2a,30,72,Normal
2026-02-15 00:13:46.526145,Toronto-af2a,0,38,Normal
2026-02-15 00:13:47.526145,Toronto-af2a,50,5,Normal
2026-02-15 00:13:48.526145,Toronto-af2a,-20,17,Normal
2026-02-15 00:13:49.526145,Toronto-af2a,-25,10,Normal
2026-02-15 00:13:50.526145,Toronto-af2a,-22,69,Normal
2026-02-15 00:13:51.526145,Toronto-af2a,-19,37,Normal
2026-02-15 00:13:52.526145,Toronto-af2a,20,86,Normal
2026-02-15 00:13:53.526145,Toronto-af2a,27,92,Normal
2026-02-15 00:13:54.526145,Toronto-af2a,-24,31,Normal
2026-02-15 00:13:55.526145,Toronto-af2a,-4,77,Normal
2026-02-15 00:13:56.526145,Toronto-af2a,18,42,Normal
2026-02-15 00:13:57.526145,Toronto-af2a,-20,94,Normal
2026-02-15 00:13:58.526145,Toronto-af2a,47,35,Normal
2026-02-15 00:13:59.526145,Toronto-af2a,-28,6,Normal
2026-02-15 00:14:00.526145,Toronto-af2a,-13,17,Normal
2026-02-15 00:14:01.526145,Toronto-af2a,24,77,Normal
2026-02-15 00:14:02.526145,Toronto-af2a,16,28,Normal
2026-02-15 00:14:03.526145,Toronto-af2a,-15,68,Normal
2026-02-15 00:14:04.526145,Toronto-af2a,-23,8,Normal
2026-02-15 00:14:05.526145,Toronto-af2a,-11,64,Normal
2026-02-15 00:14:06.526145,Toronto-af2a,-3,23,Normal
2026-02-15 00:14:07.526145,Toronto-af2a,28,65,Normal
2026-02-15 00:14:08.526145,Toronto-af2a,-7,46,Normal
2026-02-15 00:14:09.526145,Toronto-af2a,20,29,Normal
2026-02-15 00:14:10.526145,Toronto-af2a,-7,98,Normal
2026-02-15 00:14:11.526145,Toronto-af2a,6,25,Normal
2026-02-15 00:14:12.526145,Toronto-af2a,-23,12,Normal
2026-02-15 00:14:13.526145,Toronto-af2a,-29,74,Normal
2026-02-15 00:14:14.526145,Toronto-af2a,6,97,Normal
2026-02-15 00:14:15.526145,Toronto-af2a,18,11,Normal
2026-02-15 00:14:16.526145,Toronto-af2a,-10,16,Normal
2026-02-15 00:14:17.526145,Toronto-af2a,40,92,Normal
2026-02-15 00:14:18.526145,Toronto-af2a,25,100,Normal
2026-02-15 00:14:19.526145,Toronto-af2a,-21,79,Normal
2026-02-15 00:14:20.526145,Toronto-af2a,3,51,Normal
2026-02-15 00:14:21.526145,Toronto-af2a,-7,23,Normal
2026-02-15 00:14:22.526145,Toronto-af2a,-6,11,Normal
2026-02-15 00:14:23.526145,Toronto-af2a,1,29,Normal
2026-02-15 00:14:24.526145,Toronto-af2a,26,39,Normal
2026-02-15 00:14:25.526145,Toronto-af2a,-2,15,Normal
2026-02-15 00:14:26.526145,Toronto-af2a,-22,63,Normal
2026-02-15 00:14:27.526145,Toronto-af2a,47,14,Normal
2026-02-15 00:14:28.526145,Toronto-af2a,27,73,Normal
2026-02-15 00:14:29.526145,Toronto-af2a,30,60,Normal
2026-02-15 00:14:30.526145,Toronto-af2a,-4,55,Normal
2026-02-15 00:14:31.526145,Toronto-af2a,12,41,Normal
2026-02-15 00:14:32.526145,Toronto-af2a,-30,40,Normal
2026-02-15 00:14:33.526145,Toronto-af2a,36,61,Normal
2026-02-15 00:14:34.526145,Toronto-af2a,0,72,Normal
2026-02-15 00:14:35.526145,Toronto-af2a,12,44,Normal
2026-02-15 00:14:36.526145,Toronto-af2a,8,31,Normal
2026-02-15 00:14:37.526145,Toronto-af2a,16,1,Normal
2026-02-15 00:14:38.526145,Toronto-af2a,14,7,Normal
2026-02-15 00:14:39.526145,Toronto-af2a,39,76,Normal
2026-02-15 00:14:40.526145,Toronto-af2a,3,15,Normal
2026-02-15 00:14:41.526145,Toronto-af2a,-17,91,Normal
2026-02-15 00:14:42.526145,Toronto-af2a,50,23,Normal
2026-02-15 00:14:43.526145,Toronto-af2a,35,0,Normal
2026-02-15 00:14:44.526145,Toronto-af2a,-4,25,Normal
2026-02-15 00:14:45.526145,Toronto-af2a,-29,80,Normal
2026-02-15 00:14:46.526145,Toronto-af2a,-12,68,Normal
2026-02-15 00:14:47.526145,Toronto-af2a,-29,11,Normal
2026-02-15 00:14:48.526145,Toronto-af2a,36,91,Normal
2026-02-15 00:14:49.526145,Toronto-af2a,-9,92,Normal
2026-02-15 00:14:50.526145,Toronto-af2a,-19,76,Normal
2026-02-15 00:14:51.526145,Toronto-af2a,31,93,Normal
2026-02-15 00:14:52.526145,Toronto-af2a,-16,30,Normal
2026-02-15 00:14:53.526145,Toronto-af2a,-20,0,Normal
2026-02-15 00:14:54.526145,Toronto-af2a,32,73,Normal
2026-02-15 00:14:55.526145,Toronto-af2a,46,28,Normal
2026-02-15 00:14:56.526145,Toronto-af2a,2,95,Normal
2026-02-15 00:14:57.526145,Toronto-af2a,41,15,Normal
2026-02-15 00:14:58.526145,Toronto-af2a,8,35,Normal
2026-02-15 00:14:59.526145,Toronto-af2a,-23,85,Normal
2026-02-15 00:15:00.526145,Toronto-af2a,-24,69,Normal
2026-02-15 00:15:01.526145,Toronto-af2a,-26,96,Normal
2026-02-15 00:15:02.526145,Toronto-af2a,2,52,Normal
2026-02-15 00:15:03.526145,Toronto-af2a,38,57,Normal
2026-02-15 00:15:04.526145,Toronto-af2a,13,6,Normal
2026-02-15 00:15:05.526145,Toronto-af2a,-1,62,Normal
2026-02-15 00:15:06.526145,Toronto-af2a,26,29,Normal
2026-02-15 00:15:07.526145,Toronto-af2a,26,49,Normal
2026-02-15 00:15:08.526145,Toronto-af2a,34,85,Normal
2026-02-15 00:15:09.526145,Toronto-af2a,34,14,Normal
2026-02-15 00:15:10.526145,Toronto-af2a,31,95,Normal
2026-02-15 00:15:11.526145,Toronto-af2a,-11,79,Normal
2026-02-15 00:15:12.526145,Toronto-af2a,-21,25,Normal
2026-02-15 00:15:13.526145,Toronto-af2a,2,51,Normal
2026-02-15 00:15:14.526145,Toronto-af2a,33,4,Normal
2026-02-15 00:15:15.526145,Toronto-af2a,14,12,Normal
2026-02-15 00:15:16.526145,Toronto-af2a,2,100,Normal
2026-02-15 00:15:17.526145,Toronto-af2a,34,2,Normal
2026-02-15 00:15:18.526145,Toronto-af2a,-12,15,Normal
2026-02-15 00:15:19.526145,Toronto-af2a,10,66,Normal
2026-02-15 00:15:20.526145,Toronto-af2a,-13,43,Normal
2026-02-15 00:15:21.526145,Toronto-af2a,-1,57,Normal
2026-02-15 00:15:22.526145,Toronto-af2a,34,28,Normal
2026-02-15 00:15:23.526145,Toronto-af2a,50,42,Normal
2026-02-15 00:15:24.526145,Toronto-af2a,32,69,Normal
2026-02-15 00:15:25.526145,Toronto-af2a,33,94,Normal
2026-02-15 00:15:26.526145,Toronto-af2a,-23,65,Normal
2026-02-15 00:15:27.526145,Toronto-af2a,41,45,Normal
2026-02-15 00:15:28.526145,Toronto-af2a,-27,43,Normal
2026-02-15 00:15:29.526145,Toronto-af2a,-18,56,Normal
2026-02-15 00:15:30.526145,Toronto-af2a,-11,81,Normal
2026-02-15 00:15:31.526145,Toronto-af2a,6,94,Normal
2026-02-15 00:15:32.526145,Toronto-af2a,-16,34,Normal
2026-02-15 00:15:33.526145,Toronto-af2a,12,53,Normal
2026-02-15 00:15:34.526145,Toronto-af2a,39,86,Normal
2026-02-15 00:15:35.526145,Toronto-af2a,4,70,Normal
2026-02-15 00:15:36.526145,Toronto-af2a,10,77,Normal
2026-02-15 00:15:37.526145,Toronto-af2a,1,64,Normal
2026-02-15 00:15:38.526145,Toronto-af2a,44,29,Normal
2026-02-15 00:15:39.526145,Toronto-af2a,-15,78,Normal
2026-02-15 00:15:40.526145,Toronto-af2a,36,65,Normal
2026-02-15 00:15:41.526145,Toronto-af2a,46,55,Normal
2026-02-15 00:15:42.526145,Toronto-af2a,-28,8,Normal
2026-02-15 00:15:43.526145,Toronto-af2a,18,86,Normal
2026-02-15 00:15:44.526145,Toronto-af2a,27,83,Normal
2026-02-15 00:15:45.526145,Toronto-af2a,-24,84,Normal
2026-02-15 00:15:46.526145,Toronto-af2a,5,24,Normal
2026-02-15 00:15:47.526145,Toronto-af2a,-19,81,Normal
2026-02-15 00:15:48.526145,Toronto-af2a,33,6,Normal
2026-02-15 00:15:49.526145,Toronto-af2a,-20,66,Normal
2026-02-15 00:15:50.526145,Toronto-af2a,38,67,Normal
2026-02-15 00:15:51.526145,Toronto-af2a,-2,15,Normal
2026-02-15 00:15:52.526145,Toronto-af2a,5,29,Normal
2026-02-15 00:15:53.526145,Toronto-af2a,-18,58,Normal
2026-02-15 00:15:54.526145,Toronto-af2a,17,33,Normal
2026-02-15 00:15:55.526145,Toronto-af2a,9,95,Normal
2026-02-15 00:15:56.526145,Toronto-af2a,19,15,Normal
2026-02-15 00:15:57.526145,Toronto-af2a,-15,91,Normal
2026-02-15 00:15:58.526145,Toronto-af2a,-15,93,Normal
2026-02-15 00:15:59.526145,Toronto-af2a,32,58,Normal
2026-02-15 00:16:00.526145,Toronto-af2a,11,34,Normal
2026-02-15 00:16:01.526145,Toronto-af2a,2,68,Normal
2026-02-15 00:16:02.526145,Toronto-af2a,31,76,Normal
2026-02-15 00:16:03.526145,Toronto-af2a,-19,40,Normal
2026-02-15 00:16:04.526145,Toronto-af2a,8,58,Normal
2026-02-15 00:16:05.526145,Toronto-af2a,-16,28,Normal
2026-02-15 00:16:06.526145,Toronto-af2a,17,3,Normal
2026-02-15 00:16:07.526145,Toronto-af2a,35,77,Normal
2026-02-15 00:16:08.526145,Toronto-af2a,9,19,Normal
2026-02-15 00:16:09.526145,Toronto-af2a,40,16,Normal
2026-02-15 00:16:10.526145,Toronto-af2a,12,85,Normal
2026-02-15 00:16:11.526145,Toronto-af2a,13,99,Normal
2026-02-15 00:16:12.526145,Toronto-af2a,14,86,Normal
2026-02-15 00:16:13.526145,Toronto-af2a,40,54,Normal
2026-02-15 00:16:14.526145,Toronto-af2a,15,62,Normal
2026-02-15 00:16:15.526145,Toronto-af2a,-7,14,Normal
2026-02-15 00:16:16.526145,Toronto-af2a,6,40,Normal
2026-02-15 00:16:17.526145,Toronto-af2a,5,75,Normal
2026-02-15 00:16:18.526145,Toronto-af2a,18,7,Normal
2026-02-15 00:16:19.526145,Toronto-af2a,19,67,Normal
2026-02-15 00:16:20.526145,Toronto-af2a,44,51,Normal
2026-02-15 00:16:21.526145,Toronto-af2a,-2,52,Normal
2026-02-15 00:16:22.526145,Toronto-af2a,-5,80,Normal
2026-02-15 00:16:23.526145,Toronto-af2a,-28,17,Normal
2026-02-15 00:16:24.526145,Toronto-af2a,4,72,Normal
2026-02-15 00:16:25.526145,Toronto-af2a,26,94,Normal
2026-02-15 00:16:26.526145,Toronto-af2a,21,50,Normal
2026-02-15 00:16:27.526145,Toronto-af2a,-26,26,Normal
2026-02-15 00:16:28.526145,Toronto-af2a,-19,65,Normal
2026-02-15 00:16:29.526145,Toronto-af2a,38,89,Normal
2026-02-15 00:16:30.526145,Toronto-af2a,40,13,Normal
2026-02-15 00:16:31.526145,Toronto-af2a,20,47,Normal
2026-02-15 00:16:32.526145,Toronto-af2a,17,87,Normal
2026-02-15 00:16:33.526145,Toronto-af2a,32,49,Normal
2026-02-15 00:16:34.526145,Toronto-af2a,8,97,Normal
2026-02-15 00:16:35.526145,Toronto-af2a,41,51,Normal
2026-02-15 00:16:36.526145,Toronto-af2a,-19,80,Normal
2026-02-15 00:16:37.526145,Toronto-af2a,23,65,Normal
2026-02-15 00:16:38.526145,Toronto-af2a,-29,95,Normal
2026-02-15 00:16:39.526145,Toronto-af2a,44,52,Normal
2026-02-15 00:16:40.526145,Toronto-af2a,16,50,Normal
2026-02-15 00:16:41.526145,Toronto-af2a,32,66,Normal
2026-02-15 00:16:42.526145,Toronto-af2a,29,25,Normal
2026-02-15 00:16:43.526145,Toronto-af2a,45,45,Normal
2026-02-15 00:16:44.526145,Toronto-af2a,-7,47,Normal
2026-02-15 00:16:45.526145,Toronto-af2a,-13,42,Normal
2026-02-15 00:16:46.526145,Toronto-af2a,-22,7,Normal
2026-02-15 00:16:47.526145,Toronto-af2a,37,60,Normal
2026-02-15 00:16:48.526145,Toronto-af2a,-4,49,Normal
2026-02-15 00:16:49.526145,Toronto-af2a,-10,58,Normal
2026-02-15 00:16:50.526145,Toronto-af2a,40,74,Normal
2026-02-15 00:16:51.526145,Toronto-af2a,43,32,Normal
2026-02-15 00:16:52.526145,Toronto-af2a,32,57,Normal
2026-02-15 00:16:53.526145,Toronto-af2a,43,44,Normal
2026-02-15 00:16:54.526145,Toronto-af2a,41,56,Normal
2026-02-15 00:16:55.526145,Toronto-af2a,-25,33,Normal
2026-02-15 00:16:56.526145,Toronto-af2a,-18,17,Normal
2026-02-15 00:16:57.526145,Toronto-af2a,8,68,Normal
2026-02-15 00:16:58.526145,Toronto-af2a,-29,92,Normal
2026-02-15 00:16:59.526145,Toronto-af2a,13,64,Normal
2026-02-15 00:17:00.526145,Toronto-af2a,0,17,Normal
2026-02-15 00:17:01.526145,Toronto-af2a,22,62,Normal
2026-02-15 00:17:02.526145,Toronto-af2a,25,29,Normal
2026-02-15 00:17:03.526145,Toronto-af2a,-15,94,Normal
2026-02-15 00:17:04.526145,Toronto-af2a,26,61,Normal
2026-02-15 00:17:05.526145,Toronto-af2a,14,85,Normal
2026-02-15 00:17:06.526145,Toronto-af2a,39,10,Normal
2026-02-15 00:17:07.526145,Toronto-af2a,-5,92,Normal
2026-02-15 00:17:08.526145,Toronto-af2a,24,37,Normal
2026-02-15 00:17:09.526145,Toronto-af2a,9,69,Normal
2026-02-15 00:17:10.526145,Toronto-af2a,40,7,Normal
2026-02-15 00:17:11.526145,Toronto-af2a,8,12,Normal
2026-02-15 00:17:12.526145,Toronto-af2a,37,6,Normal
2026-02-15 00:17:13.526145,Toronto-af2a,-22,95,Normal
2026-02-15 00:17:14.526145,Toronto-af2a,28,83,Normal
2026-02-15 00:17:15.526145,Toronto-af2a,8,36,Normal
2026-02-15 00:17:16.526145,Toronto-af2a,27,100,Normal
2026-02-15 00:17:17.526145,Toronto-af2a,48,52,Normal
2026-02-15 00:17:18.526145,Toronto-af2a,43,25,Normal
2026-02-15 00:17:19.526145,Toronto-af2a,9,96,Normal
2026-02-15 00:17:20.526145,Toronto-af2a,-20,22,Normal
2026-02-15 00:17:21.526145,Toronto-af2a,-13,43,Normal
2026-02-15 00:17:22.526145,Toronto-af2a,30,79,Normal
2026-02-15 00:17:23.526145,Toronto-af2a,32,95,Normal
2026-02-15 00:17:24.526145,Toronto-af2a,39,100,Normal
2026-02-15 00:17:25.526145,Toronto-af2a,-17,72,Normal
2026-02-15 00:17:26.526145,Toronto-af2a,37,51,Normal
2026-02-15 00:17:27.526145,Toronto-af2a,36,19,Normal
2026-02-15 00:17:28.526145,Toronto-af2a,42,60,Normal
2026-02-15 00:17:29.526145,Toronto-af2a,-27,32,Normal
2026-02-15 00:17:30.526145,Toronto-af2a,44,7,Normal
2026-02-15 00:17:31.526145,Toronto-af2a,28,11,Normal
2026-02-15 00:17:32.526145,Toronto-af2a,17,49,Normal
2026-02-15 00:17:33.526145,Toronto-af2a,-16,15,Normal
2026-02-15 00:17:34.526145,Toronto-af2a,2,89,Normal
2026-02-15 00:17:35.526145,Toronto-af2a,-12,20,Normal
2026-02-15 00:17:36.526145,Toronto-af2a,-10,37,Normal
2026-02-15 00:17:37.526145,Toronto-af2a,-1,92,Normal
2026-02-15 00:17:38.526145,Toronto-af2a,-7,12,Normal
2026-02-15 00:17:39.526145,Toronto-af2a,21,36,Normal
2026-02-15 00:17:40.526145,Toronto-af2a,50,39,Normal
2026-02-15 00:17:41.526145,Toronto-af2a,-23,73,Normal
2026-02-15 00:17:42.526145,Toronto-af2a,-27,51,Normal
2026-02-15 00:17:43.526145,Toronto-af2a,13,80,Normal
2026-02-15 00:17:44.526145,Toronto-af2a,-7,26,Normal
2026-02-15 00:17:45.526145,Toronto-af2a,-25,54,Normal
2026-02-15 00:17:46.526145,Toronto-af2a,0,93,Normal
2026-02-15 00:17:47.526145,Toronto-af2a,18,53,Normal
2026-02-15 00:17:48.526145,Toronto-af2a,22,12,Normal
2026-02-15 00:17:49.526145,Toronto-af2a,-2,36,Normal
2026-02-15 00:17:50.526145,Toronto-af2a,24,79,Normal
2026-02-15 00:17:51.526145,Toronto-af2a,-4,34,Normal
2026-02-15 00:17:52.526145,Toronto-af2a,-2,93,Normal
2026-02-15 00:17:53.526145,Toronto-af2a,18,13,Normal
2026-02-15 00:17:54.526145,Toronto-af2a,16,72,Normal
2026-02-15 00:17:55.526145,Toronto-af2a,40,42,Normal
2026-02-15 00:17:56.526145,Toronto-af2a,15,73,Normal
2026-02-15 00:17:57.526145,Toronto-af2a,6,12,Normal
2026-02-15 00:17:58.526145,Toronto-af2a,-10,84,Normal
2026-02-15 00:17:59.526145,Toronto-af2a,19,88,Normal
2026-02-15 00:18:00.526145,Toronto-af2a,-2,33,Normal
2026-02-15 00:18:01.526145,Toronto-af2a,-16,29,Normal
2026-02-15 00:18:02.526145,Toronto-af2a,-24,61,Normal
2026-02-15 00:18:03.526145,Toronto-af2a,31,34,Normal
2026-02-15 00:18:04.526145,Toronto-af2a,17,74,Normal
2026-02-15 00:18:05.526145,Toronto-af2a,13,100,Normal
2026-02-15 00:18:06.526145,Toronto-af2a,38,10,Normal
2026-02-15 00:18:07.526145,Toronto-af2a,0,58,Normal
2026-02-15 00:18:08.526145,Toronto-af2a,-19,81,Normal
2026-02-15 00:18:09.526145,Toronto-af2a,18,28,Normal
2026-02-15 00:18:10.526145,Toronto-af2a,-18,14,Normal
2026-02-15 00:18:11.526145,Toronto-af2a,34,7,Normal
2026-02-15 00:18:12.526145,Toronto-af2a,24,72,Normal
2026-02-15 00:18:13.526145,Toronto-af2a,23,2,Normal
2026-02-15 00:18:14.526145,Toronto-af2a,9,42,Normal
2026-02-15 00:18:15.526145,Toronto-af2a,-12,18,Normal
2026-02-15 00:18:16.526145,Toronto-af2a,-3,24,Normal
2026-02-15 00:18:17.526145,Toronto-af2a,-18,21,Normal
2026-02-15 00:18:18.526145,Toronto-af2a,5,42,Normal
2026-02-15 00:18:19.526145,Toronto-af2a,28,76,Normal
2026-02-15 00:18:20.526145,Toronto-af2a,23,37,Normal
2026-02-15 00:18:21.526145,Toronto-af2a,50,95,Normal
2026-02-15 00:18:22.526145,Toronto-af2a,-13,99,Normal
2026-02-15 00:18:23.526145,Toronto-af2a,-23,65,Normal
2026-02-15 00:18:24.526145,Toronto-af2a,7,13,Normal
2026-02-15 00:18:25.526145,Toronto-af2a,44,83,Normal
2026-02-15 00:18:26.526145,Toronto-af2a,27,10,Normal
2026-02-15 00:18:27.526145,Toronto-af2a,9,22,Normal
2026-02-15 00:18:28.526145,Toronto-af2a,-6,36,Normal
2026-02-15 00:18:29.526145,Toronto-af2a,2,45,Normal
2026-02-15 00:18:30.526145,Toronto-af2a,3,29,Normal
2026-02-15 00:18:31.526145,Toronto-af2a,-19,73,Normal
2026-02-15 00:18:32.526145,Toronto-af2a,0,33,Normal
2026-02-15 00:18:33.526145,Toronto-af2a,49,10,Normal
2026-02-15 00:18:34.526145,Toronto-af2a,43,64,Normal
2026-02-15 00:18:35.526145,Toronto-af2a,11,22,Normal
2026-02-15 00:18:36.526145,Toronto-af2a,26,84,Normal
2026-02-15 00:18:37.526145,Toronto-af2a,22,22,Normal
2026-02-15 00:18:38.526145,Toronto-af2a,34,37,Normal
2026-02-15 00:18:39.526145,Toronto-af2a,17,14,Normal
2026-02-15 00:18:40.526145,Toronto-af2a,-8,26,Normal
2026-02-15 00:18:41.526145,Toronto-af2a,-20,73,Normal
2026-02-15 00:18:42.526145,Toronto-af2a,-14,90,Normal
2026-02-15 00:18:43.526145,Toronto-af2a,-15,63,Normal
2026-02-15 00:18:44.526145,Toronto-af2a,-8,56,Normal
2026-02-15 00:18:45.526145,Toronto-af2a,-2,10,Normal
2026-02-15 00:18:46.526145,Toronto-af2a,-26,0,Normal
2026-02-15 00:18:47.526145,Toronto-af2a,-2,79,Normal
2026-02-15 00:18:48.526145,Toronto-af2a,49,49,Normal
2026-02-15 00:18:49.526145,Toronto-af2a,9,84,Normal
2026-02-15 00:18:50.526145,Toronto-af2a,-15,3,Normal
2026-02-15 00:18:51.526145,Toronto-af2a,21,31,Normal
2026-02-15 00:18:52.526145,Toronto-af2a,-23,63,Normal
2026-02-15 00:18:53.526145,Toronto-af2a,9,2,Normal
2026-02-15 00:18:54.526145,Toronto-af2a,50,95,Normal
2026-02-15 00:18:55.526145,Toronto-af2a,-4,10,Normal
2026-02-15 00:18:56.526145,Toronto-af2a,28,43,Normal
2026-02-15 00:18:57.526145,Toronto-af2a,31,14,Normal
2026-02-15 00:18:58.526145,Toronto-af2a,36,15,Normal
2026-02-15 00:18:59.526145,Toronto-af2a,-7,26,Normal
2026-02-15 00:19:00.526145,Toronto-af2a,43,2,Normal
2026-02-15 00:19:01.526145,Toronto-af2a,-11,23,Normal
2026-02-15 00:19:02.526145,Toronto-af2a,-19,22,Normal
2026-02-15 00:19:03.526145,Toronto-af2a,16,86,Normal
2026-02-15 00:19:04.526145,Toronto-af2a,-24,28,Normal
2026-02-15 00:19:05.526145,Toronto-af2a,-6,32,Normal
2026-02-15 00:19:06.526145,Toronto-af2a,6,86,Normal
2026-02-15 00:19:07.526145,Toronto-af2a,-2,11,Normal
2026-02-15 00:19:08.526145,Toronto-af2a,19,15,Normal
2026-02-15 00:19:09.526145,Toronto-af2a,-21,46,Normal
2026-02-15 00:19:10.526145,Toronto-af2a,16,37,Normal
2026-02-15 00:19:11.526145,Toronto-af2a,13,18,Normal
2026-02-15 00:19:12.526145,Toronto-af2a,-7,46,Normal
2026-02-15 00:19:13.526145,Toronto-af2a,34,8,Normal
2026-02-15 00:19:14.526145,Toronto-af2a,38,41,Normal
2026-02-15 00:19:15.526145,Toronto-af2a,-14,3,Normal
2026-02-15 00:19:16.526145,Toronto-af2a,-16,17,Normal
2026-02-15 00:19:17.526145,Toronto-af2a,7,65,Normal
2026-02-15 00:19:18.526145,Toronto-af2a,43,65,Normal
2026-02-15 00:19:19.526145,Toronto-af2a,39,30,Normal
2026-02-15 00:19:20.526145,Toronto-af2a,10,24,Normal
2026-02-15 00:19:21.526145,Toronto-af2a,-20,64,Normal
2026-02-15 00:19:22.526145,Toronto-af2a,5,56,Normal
2026-02-15 00:19:23.526145,Toronto-af2a,44,28,Normal
2026-02-15 00:19:24.526145,Toronto-af2a,-12,18,Normal
2026-02-15 00:19:25.526145,Toronto-af2a,-25,52,Normal
2026-02-15 00:19:26.526145,Toronto-af2a,11,100,Normal
2026-02-15 00:19:27.526145,Toronto-af2a,-18,28,Normal
2026-02-15 00:19:28.526145,Toronto-af2a,24,62,Normal
2026-02-15 00:19:29.526145,Toronto-af2a,22,28,Normal
2026-02-15 00:19:30.526145,Toronto-af2a,15,73,Normal
2026-02-15 00:19:31.526145,Toronto-af2a,3,65,Normal
2026-02-15 00:19:32.526145,Toronto-af2a,30,70,Normal
2026-02-15 00:19:33.526145,Toronto-af2a,24,67,Normal
2026-02-15 00:19:34.526145,Toronto-af2a,23,33,Normal
2026-02-15 00:19:35.526145,Toronto-af2a,-29,20,Normal
2026-02-15 00:19:36.526145,Toronto-af2a,-15,83,Normal
2026-02-15 00:19:37.526145,Toronto-af2a,-29,8,Normal
2026-02-15 00:19:38.526145,Toronto-af2a,-15,3,Normal
2026-02-15 00:19:39.526145,Toronto-af2a,-14,99,Normal
2026-02-15 00:19:40.526145,Toronto-af2a,6,30,Normal
2026-02-15 00:19:41.526145,Toronto-af2a,15,20,Normal
2026-02-15 00:19:42.526145,Toronto-af2a,13,25,Normal
2026-02-15 00:19:43.526145,Toronto-af2a,-1,43,Normal
2026-02-15 00:19:44.526145,Toronto-af2a,5,11,Normal
2026-02-15 00:19:45.526145,Toronto-af2a,21,80,Normal
2026-02-15 00:19:46.526145,Toronto-af2a,-28,53,Normal
2026-02-15 00:19:47.526145,Toronto-af2a,35,16,Normal
2026-02-15 00:19:48.526145,Toronto-af2a,-20,44,Normal
2026-02-15 00:19:49.526145,Toronto-af2a,47,3,Normal
2026-02-15 00:19:50.526145,Toronto-af2a,27,66,Normal
2026-02-15 00:19:51.526145,Toronto-af2a,-8,80,Normal
2026-02-15 00:19:52.526145,Toronto-af2a,38,49,Normal
2026-02-15 00:19:53.526145,Toronto-af2a,50,54,Normal
2026-02-15 00:19:54.526145,Toronto-af2a,-1,100,Normal
2026-02-15 00:19:55.526145,Toronto-af2a,36,90,Normal
2026-02-15 00:19:56.526145,Toronto-af2a,1,11,Normal
2026-02-15 00:19:57.526145,Toronto-af2a,-13,78,Normal
2026-02-15 00:19:58.526145,Toronto-af2a,37,37,Normal
2026-02-15 00:19:59.526145,Toronto-af2a,-7,74,Normal
2026-02-15 00:20:00.526145,Toronto-af2a,-5,24,Normal
2026-02-15 00:20:01.526145,Toronto-af2a,41,4,Normal
2026-02-15 00:20:02.526145,Toronto-af2a,25,83,Normal
2026-02-15 00:20:03.526145,Toronto-af2a,-21,64,Normal
2026-02-15 00:20:04.526145,Toronto-af2a,45,70,Normal
2026-02-15 00:20:05.526145,Toronto-af2a,-13,73,Normal
2026-02-15 00:20:06.526145,Toronto-af2a,-9,93,Normal
2026-02-15 00:20:07.526145,Toronto-af2a,-28,98,Normal
2026-02-15 00:20:08.526145,Toronto-af2a,27,4,Normal
2026-02-15 00:20:09.526145,Toronto-af2a,-21,85,Normal
2026-02-15 00:20:10.526145,Toronto-af2a,34,14,Normal
2026-02-15 00:20:11.526145,Toronto-af2a,-24,58,Normal
2026-02-15 00:20:12.526145,Toronto-af2a,16,45,Normal
2026-02-15 00:20:13.526145,Toronto-af2a,47,63,Normal
2026-02-15 00:20:14.526145,Toronto-af2a,-30,74,Normal
2026-02-15 00:20:15.526145,Toronto-af2a,6,88,Normal
2026-02-15 00:20:16.526145,Toronto-af2a,-22,50,Normal
2026-02-15 00:20:17.526145,Toronto-af2a,0,77,Normal
2026-02-15 00:20:18.526145,Toronto-af2a,4,40,Normal
2026-02-15 00:20:19.526145,Toronto-af2a,31,36,Normal
2026-02-15 00:20:20.526145,Toronto-af2a,34,81,Normal
2026-02-15 00:20:21.526145,Toronto-af2a,-5,72,Normal
2026-02-15 00:20:22.526145,Toronto-af2a,38,76,Normal
2026-02-15 00:20:23.526145,Toronto-af2a,17,100,Normal
2026-02-15 00:20:24.526145,Toronto-af2a,-17,28,Normal
2026-02-15 00:20:25.526145,Toronto-af2a,3,98,Normal
2026-02-15 00:20:26.526145,Toronto-af2a,22,47,Normal
2026-02-15 00:20:27.526145,Toronto-af2a,26,11,Normal
2026-02-15 00:20:28.526145,Toronto-af2a,46,52,Normal
2026-02-15 00:20:29.526145,Toronto-af2a,-6,55,Normal
2026-02-15 00:20:30.526145,Toronto-af2a,38,44,Normal
2026-02-15 00:20:31.526145,Toronto-af2a,18,27,Normal
2026-02-15 00:20:32.526145,Toronto-af2a,-19,80,Normal
2026-02-15 00:20:33.526145,Toronto-af2a,9,82,Normal
2026-02-15 00:20:34.526145,Toronto-af2a,-22,5,Normal
2026-02-15 00:20:35.526145,Toronto-af2a,48,7,Normal
2026-02-15 00:20:36.526145,Toronto-af2a,35,63,Normal
2026-02-15 00:20:37.526145,Toronto-af2a,18,3,Normal
2026-02-15 00:20:38.526145,Toronto-af2a,-15,45,Normal
2026-02-15 00:20:39.526145,Toronto-af2a,38,47,Normal
2026-02-15 00:20:40.526145,Toronto-af2a,-30,12,Normal
2026-02-15 00:20:41.526145,Toronto-af2a,41,74,Normal
2026-02-15 00:20:42.526145,Toronto-af2a,45,52,Normal
2026-02-15 00:20:43.526145,Toronto-af2a,0,38,Normal
2026-02-15 00:20:44.526145,Toronto-af2a,48,98,Normal
2026-02-15 00:20:45.526145,Toronto-af2a,-15,31,Normal
2026-02-15 00:20:46.526145,Toronto-af2a,11,66,Normal
2026-02-15 00:20:47.526145,Toronto-af2a,35,20,Normal
2026-02-15 00:20:48.526145,Toronto-af2a,-19,16,Normal
2026-02-15 00:20:49.526145,Toronto-af2a,47,3,Normal
2026-02-15 00:20:50.526145,Toronto-af2a,43,71,Normal
2026-02-15 00:20:51.526145,Toronto-af2a,22,84,Normal
2026-02-15 00:20:52.526145,Toronto-af2a,34,78,Normal
2026-02-15 00:20:53.526145,Toronto-af2a,1,54,Normal
2026-02-15 00:20:54.526145,Toronto-af2a,0,43,Normal
2026-02-15 00:20:55.526145,Toronto-af2a,22,54,Normal
2026-02-15 00:20:56.526145,Toronto-af2a,-20,100,Normal
2026-02-15 00:20:57.526145,Toronto-af2a,42,41,Normal
2026-02-15 00:20:58.526145,Toronto-af2a,-10,39,Normal
2026-02-15 00:20:59.526145,Toronto-af2a,-25,44,Normal
2026-02-15 00:21:00.526145,Toronto-af2a,19,37,Normal
2026-02-15 00:21:01.526145,Toronto-af2a,13,89,Normal
2026-02-15 00:21:02.526145,Toronto-af2a,34,91,Normal
2026-02-15 00:21:03.526145,Toronto-af2a,43,79,Normal
2026-02-15 00:21:04.526145,Toronto-af2a,22,15,Normal
2026-02-15 00:21:05.526145,Toronto-af2a,33,96,Normal
2026-02-15 00:21:06.526145,Toronto-af2a,41,80,Normal
2026-02-15 00:21:07.526145,Toronto-af2a,24,5,Normal
2026-02-15 00:21:08.526145,Toronto-af2a,32,93,Normal
2026-02-15 00:21:09.526145,Toronto-af2a,30,74,Normal
2026-02-15 00:21:10.526145,Toronto-af2a,-5,26,Normal
2026-02-15 00:21:11.526145,Toronto-af2a,33,25,Normal
2026-02-15 00:21:12.526145,Toronto-af2a,19,40,Normal
2026-02-15 00:21:13.526145,Toronto-af2a,-15,95,Normal
2026-02-15 00:21:14.526145,Toronto-af2a,-11,63,Normal
2026-02-15 00:21:15.526145,Toronto-af2a,-28,36,Normal
2026-02-15 00:21:16.526145,Toronto-af2a,33,48,Normal
2026-02-15 00:21:17.526145,Toronto-af2a,44,31,Normal
2026-02-15 00:21:18.526145,Toronto-af2a,31,37,Normal
2026-02-15 00:21:19.526145,Toronto-af2a,47,85,Normal
2026-02-15 00:21:20.526145,Toronto-af2a,46,89,Normal
2026-02-15 00:21:21.526145,Toronto-af2a,-12,5,Normal
2026-02-15 00:21:22.526145,Toronto-af2a,-24,55,Normal
2026-02-15 00:21:23.526145,Toronto-af2a,45,24,Normal
2026-02-15 00:21:24.526145,Toronto-af2a,7,9,Normal
2026-02-15 00:21:25.526145,Toronto-af2a,12,76,Normal
2026-02-15 00:21:26.526145,Toronto-af2a,28,27,Normal
2026-02-15 00:21:27.526145,Toronto-af2a,-27,22,Normal
2026-02-15 00:21:28.526145,Toronto-af2a,27,55,Normal
2026-02-15 00:21:29.526145,Toronto-af2a,33,9,Normal
2026-02-15 00:21:30.526145,Toronto-af2a,37,22,Normal
2026-02-15 00:21:31.526145,Toronto-af2a,-14,19,Normal
2026-02-15 00:21:32.526145,Toronto-af2a,17,63,Normal
2026-02-15 00:21:33.526145,Toronto-af2a,-6,23,Normal
2026-02-15 00:21:34.526145,Toronto-af2a,46,40,Normal
2026-02-15 00:21:35.526145,Toronto-af2a,45,25,Normal
2026-02-15 00:21:36.526145,Toronto-af2a,42,15,Normal
2026-02-15 00:21:37.526145,Toronto-af2a,23,89,Normal
2026-02-15 00:21:38.526145,Toronto-af2a,-27,75,Normal
2026-02-15 00:21:39.526145,Toronto-af2a,15,6,Normal
2026-02-15 00:21:40.526145,Toronto-af2a,-17,53,Normal
2026-02-15 00:21:41.526145,Toronto-af2a,16,81,Normal
2026-02-15 00:21:42.526145,Toronto-af2a,-19,25,Normal
2026-02-15 00:21:43.526145,Toronto-af2a,44,67,Normal
2026-02-15 00:21:44.526145,Toronto-af2a,40,3,Normal
2026-02-15 00:21:45.526145,Toronto-af2a,-29,46,Normal
2026-02-15 00:21:46.526145,Toronto-af2a,10,25,Normal
2026-02-15 00:21:47.526145,Toronto-af2a,0,49,Normal
2026-02-15 00:21:48.526145,Toronto-af2a,22,25,Normal
2026-02-15 00:21:49.526145,Toronto-af2a,20,53,Normal
2026-02-15 00:21:50.526145,Toronto-af2a,26,65,Normal
2026-02-15 00:21:51.526145,Toronto-af2a,17,2,Normal
2026-02-15 00:21:52.526145,Toronto-af2a,42,55,Normal
2026-02-15 00:21:53.526145,Toronto-af2a,9,57,Normal
2026-02-15 00:21:54.526145,Toronto-af2a,-16,95,Normal
2026-02-15 00:21:55.526145,Toronto-af2a,-29,49,Normal
2026-02-15 00:21:56.526145,Toronto-af2a,1,30,Normal
2026-02-15 00:21:57.526145,Toronto-af2a,37,93,Normal
2026-02-15 00:21:58.526145,Toronto-af2a,-14,72,Normal
2026-02-15 00:21:59.526145,Toronto-af2a,-15,90,Normal
2026-02-15 00:22:00.526145,Toronto-af2a,44,13,Normal
2026-02-15 00:22:01.526145,Toronto-af2a,47,4,Normal
2026-02-15 00:22:02.526145,Toronto-af2a,-1,100,Normal
2026-02-15 00:22:03.526145,Toronto-af2a,4,28,Normal
2026-02-15 00:22:04.526145,Toronto-af2a,17,55,Normal
2026-02-15 00:22:05.526145,Toronto-af2a,-17,60,Normal
2026-02-15 00:22:06.526145,Toronto-af2a,-15,33,Normal
2026-02-15 00:22:07.526145,Toronto-af2a,26,62,Normal
2026-02-15 00:22:08.526145,Toronto-af2a,-28,60,Normal
2026-02-15 00:22:09.526145,Toronto-af2a,31,36,Normal
2026-02-15 00:22:10.526145,Toronto-af2a,12,83,Normal
2026-02-15 00:22:11.526145,Toronto-af2a,-19,87,Normal
2026-02-15 00:22:12.526145,Toronto-af2a,-17,30,Normal
2026-02-15 00:22:13.526145,Toronto-af2a,-9,36,Normal
2026-02-15 00:22:14.526145,Toronto-af2a,-16,20,Normal
2026-02-15 00:22:15.526145,Toronto-af2a,-2,17,Normal
2026-02-15 00:22:16.526145,Toronto-af2a,-28,89,Normal
2026-02-15 00:22:17.526145,Toronto-af2a,-28,11,Normal
2026-02-15 00:22:18.526145,Toronto-af2a,14,3,Normal
2026-02-15 00:22:19.526145,Toronto-af2a,17,21,Normal
2026-02-15 00:22:20.526145,Toronto-af2a,36,99,Normal
2026-02-15 00:22:21.526145,Toronto-af2a,-6,51,Normal
2026-02-15 00:22:22.526145,Toronto-af2a,21,38,Normal
2026-02-15 00:22:23.526145,Toronto-af2a,21,46,Normal
2026-02-15 00:22:24.526145,Toronto-af2a,42,27,Normal
2026-02-15 00:22:25.526145,Toronto-af2a,17,65,Normal
2026-02-15 00:22:26.526145,Toronto-af2a,-21,74,Normal
2026-02-15 00:22:27.526145,Toronto-af2a,2,65,Normal
2026-02-15 00:22:28.526145,Toronto-af2a,-13,96,Normal
2026-02-15 00:22:29.526145,Toronto-af2a,33,80,Normal
2026-02-15 00:22:30.526145,Toronto-af2a,7,31,Normal
2026-02-15 00:22:31.526145,Toronto-af2a,35,10,Normal
2026-02-15 00:22:32.526145,Toronto-af2a,31,47,Normal
2026-02-15 00:22:33.526145,Toronto-af2a,-22,16,Normal
2026-02-15 00:22:34.526145,Toronto-af2a,26,56,Normal
2026-02-15 00:22:35.526145,Toronto-af2a,25,55,Normal
2026-02-15 00:22:36.526145,Toronto-af2a,18,47,Normal
2026-02-15 00:22:37.526145,Toronto-af2a,34,87,Normal
2026-02-15 00:22:38.526145,Toronto-af2a,-24,39,Normal
2026-02-15 00:22:39.526145,Toronto-af2a,5,49,Normal
2026-02-15 00:22:40.526145,Toronto-af2a,1,58,Normal
2026-02-15 00:22:41.526145,Toronto-af2a,-13,46,Normal
2026-02-15 00:22:42.526145,Toronto-af2a,-2,47,Normal
2026-02-15 00:22:43.526145,Toronto-af2a,-10,42,Normal
2026-02-15 00:22:44.526145,Toronto-af2a,-27,90,Normal
2026-02-15 00:22:45.526145,Toronto-af2a,32,52,Normal
2026-02-15 00:22:46.526145,Toronto-af2a,25,55,Normal
2026-02-15 00:22:47.526145,Toronto-af2a,-12,0,Normal
2026-02-15 00:22:48.526145,Toronto-af2a,9,0,Normal
2026-02-15 00:22:49.526145,Toronto-af2a,25,80,Normal
2026-02-15 00:22:50.526145,Toronto-af2a,3,25,Normal
2026-02-15 00:22:51.526145,Toronto-af2a,24,44,Normal
2026-02-15 00:22:52.526145,Toronto-af2a,25,51,Normal
2026-02-15 00:22:53.526145,Toronto-af2a,-22,23,Normal
2026-02-15 00:22:54.526145,Toronto-af2a,-21,68,Normal
2026-02-15 00:22:55.526145,Toronto-af2a,1,16,Normal
2026-02-15 00:22:56.526145,Toronto-af2a,-6,78,Normal
2026-02-15 00:22:57.526145,Toronto-af2a,40,30,Normal
2026-02-15 00:22:58.526145,Toronto-af2a,32,91,Normal
2026-02-15 00:22:59.526145,Toronto-af2a,14,83,Normal
2026-02-15 00:23:00.526145,Toronto-af2a,2,66,Normal
2026-02-15 00:23:01.526145,Toronto-af2a,-3,8,Normal
2026-02-15 00:23:02.526145,Toronto-af2a,24,5,Normal
2026-02-15 00:23:03.526145,Toronto-af2a,21,49,Normal
2026-02-15 00:23:04.526145,Toronto-af2a,-13,93,Normal
2026-02-15 00:23:05.526145,Toronto-af2a,34,74,Normal
2026-02-15 00:23:06.526145,Toronto-af2a,46,57,Normal
2026-02-15 00:23:07.526145,Toronto-af2a,45,13,Normal
2026-02-15 00:23:08.526145,Toronto-af2a,40,78,Normal
2026-02-15 00:23:09.526145,Toronto-af2a,24,57,Normal
2026-02-15 00:23:10.526145,Toronto-af2a,30,26,Normal
2026-02-15 00:23:11.526145,Toronto-af2a,38,68,Normal
2026-02-15 00:23:12.526145,Toronto-af2a,31,34,Normal
2026-02-15 00:23:13.526145,Toronto-af2a,-2,65,Normal
2026-02-15 00:23:14.526145,Toronto-af2a,-20,58,Normal
2026-02-15 00:23:15.526145,Toronto-af2a,6,83,Normal
2026-02-15 00:23:16.526145,Toronto-af2a,28,98,Normal
2026-02-15 00:23:17.526145,Toronto-af2a,-17,14,Normal
2026-02-15 00:23:18.526145,Toronto-af2a,3,78,Normal
2026-02-15 00:23:19.526145,Toronto-af2a,-2,20,Normal
2026-02-15 00:23:20.526145,Toronto-af2a,0,0,Normal
2026-02-15 00:23:21.526145,Toronto-af2a,13,48,Normal
2026-02-15 00:23:22.526145,Toronto-af2a,-7,27,Normal
2026-02-15 00:23:23.526145,Toronto-af2a,1,99,Normal
2026-02-15 00:23:24.526145,Toronto-af2a,31,96,Normal
2026-02-15 00:23:25.526145,Toronto-af2a,49,2,Normal
2026-02-15 00:23:26.526145,Toronto-af2a,30,91,Normal
2026-02-15 00:23:27.526145,Toronto-af2a,-13,32,Normal
2026-02-15 00:23:28.526145,Toronto-af2a,36,25,Normal
2026-02-15 00:23:29.526145,Toronto-af2a,-28,12,Normal
2026-02-15 00:23:30.526145,Toronto-af2a,32,69,Normal
2026-02-15 00:23:31.526145,Toronto-af2a,36,68,Normal
2026-02-15 00:23:32.526145,Toronto-af2a,3,40,Normal
2026-02-15 00:23:33.526145,Toronto-af2a,4,81,Normal
2026-02-15 00:23:34.526145,Toronto-af2a,34,14,Normal
2026-02-15 00:23:35.526145,Toronto-af2a,-21,43,Normal
2026-02-15 00:23:36.526145,Toronto-af2a,27,18,Normal
2026-02-15 00:23:37.526145,Toronto-af2a,-13,61,Normal
2026-02-15 00:23:38.526145,Toronto-af2a,-27,71,Normal
2026-02-15 00:23:39.526145,Toronto-af2a,-12,25,Normal
2026-02-15 00:23:40.526145,Toronto-af2a,21,74,Normal
2026-02-15 00:23:41.526145,Toronto-af2a,25,33,Normal
2026-02-15 00:23:42.526145,Toronto-af2a,14,68,Normal
2026-02-15 00:23:43.526145,Toronto-af2a,-15,32,Normal
2026-02-15 00:23:44.526145,Toronto-af2a,47,10,Normal
2026-02-15 00:23:45.526145,Toronto-af2a,-17,32,Normal
2026-02-15 00:23:46.526145,Toronto-af2a,22,5,Normal
2026-02-15 00:23:47.526145,Toronto-af2a,20,96,Normal
2026-02-15 00:23:48.526145,Toronto-af2a,-9,86,Normal
2026-02-15 00:23:49.526145,Toronto-af2a,17,25,Normal
2026-02-15 00:23:50.526145,Toronto-af2a,22,69,Normal
2026-02-15 00:23:51.526145,Toronto-af2a,-21,46,Normal
2026-02-15 00:23:52.526145,Toronto-af2a,-16,24,Normal
2026-02-15 00:23:53.526145,Toronto-af2a,12,65,Normal
2026-02-15 00:23:54.526145,Toronto-af2a,-11,62,Normal
2026-02-15 00:23:55.526145,Toronto-af2a,32,33,Normal
2026-02-15 00:23:56.526145,Toronto-af2a,2,79,Normal
2026-02-15 00:23:57.526145,Toronto-af2a,-6,55,Normal
2026-02-15 00:23:58.526145,Toronto-af2a,25,62,Normal
2026-02-15 00:23:59.526145,Toronto-af2a,6,91,Normal
2026-02-15 00:24:00.526145,Toronto-af2a,21,95,Normal
2026-02-15 00:24:01.526145,Toronto-af2a,-7,35,Normal
2026-02-15 00:24:02.526145,Toronto-af2a,39,43,Normal
2026-02-15 00:24:03.526145,Toronto-af2a,2,35,Normal
2026-02-15 00:24:04.526145,Toronto-af2a,32,69,Normal
2026-02-15 00:24:05.526145,Toronto-af2a,-12,71,Normal
2026-02-15 00:24:06.526145,Toronto-af2a,-30,80,Normal
2026-02-15 00:24:07.526145,Toronto-af2a,-1,5,Normal
2026-02-15 00:24:08.526145,Toronto-af2a,45,99,Normal
2026-02-15 00:24:09.526145,Toronto-af2a,-5,3,Normal
2026-02-15 00:24:10.526145,Toronto-af2a,8,43,Normal
2026-02-15 00:24:11.526145,Toronto-af2a,26,32,Normal
2026-02-15 00:24:12.526145,Toronto-af2a,2,73,Normal
2026-02-15 00:24:13.526145,Toronto-af2a,50,89,Normal
2026-02-15 00:24:14.526145,Toronto-af2a,41,41,Normal
2026-02-15 00:24:15.526145,Toronto-af2a,23,16,Normal
2026-02-15 00:24:16.526145,Toronto-af2a,3,21,Normal
2026-02-15 00:24:17.526145,Toronto-af2a,38,59,Normal
2026-02-15 00:24:18.526145,Toronto-af2a,-8,92,Normal
2026-02-15 00:24:19.526145,Toronto-af2a,39,30,Normal
2026-02-15 00:24:20.526145,Toronto-af2a,16,59,Normal
2026-02-15 00:24:21.526145,Toronto-af2a,40,42,Normal
2026-02-15 00:24:22.526145,Toronto-af2a,-23,9,Normal
2026-02-15 00:24:23.526145,Toronto-af2a,39,23,Normal
2026-02-15 00:24:24.526145,Toronto-af2a,42,9,Normal
2026-02-15 00:24:25.526145,Toronto-af2a,20,93,Normal
2026-02-15 00:24:26.526145,Toronto-af2a,32,82,Normal
2026-02-15 00:24:27.526145,Toronto-af2a,22,33,Normal
2026-02-15 00:24:28.526145,Toronto-af2a,31,86,Normal
2026-02-15 00:24:29.526145,Toronto-af2a,1,66,Normal
2026-02-15 00:24:30.526145,Toronto-af2a,32,47,Normal
2026-02-15 00:24:31.526145,Toronto-af2a,21,78,Normal
2026-02-15 00:24:32.526145,Toronto-af2a,7,56,Normal
2026-02-15 00:24:33.526145,Toronto-af2a,-10,63,Normal
2026-02-15 00:24:34.526145,Toronto-af2a,-28,40,Normal
2026-02-15 00:24:35.526145,Toronto-af2a,-28,8,Normal
