timestamp,station_id,temp,humid,condition
2026-02-13 22:54:56.340320,Dubai-92ba,6,46,Normal
2026-02-13 22:54:57.340320,Dubai-92ba,36,79,Normal
2026-02-13 22:54:58.340320,Dubai-92ba,-10,65,Normal
2026-02-13 22:54:59.340320,Dubai-92ba,-4,13,Normal
2026-02-13 22:55:00.340320,Dubai-92ba,13,59,Normal
2026-02-13 22:55:01.340320,Dubai-92ba,-16,53,Normal
2026-02-13 22:55:02.340320,Dubai-92ba,50,22,Normal
2026-02-13 22:55:03.340320,Dubai-92ba,47,71,Normal
2026-02-13 22:55:04.340320,Dubai-92ba,-4,100,Normal
2026-02-13 22:55:05.340320,Dubai-92ba,-12,66,Normal
2026-02-13 22:55:06.340320,Dubai-92ba,-13,29,Normal
2026-02-13 22:55:07.340320,Dubai-92ba,-4,33,Normal
2026-02-13 22:55:08.340320,Dubai-92ba,24,57,Normal
2026-02-13 22:55:09.340320,Dubai-92ba,-9,23,Normal
2026-02-13 22:55:10.340320,Dubai-92ba,-3,43,Normal
2026-02-13 22:55:11.340320,Dubai-92ba,6,26,Normal
2026-02-13 22:55:12.340320,Dubai-92ba,-3,50,Normal
2026-02-13 22:55:13.340320,Dubai-92ba,-14,7,Normal
2026-02-13 22:55:14.340320,Dubai-92ba,6,65,Normal
2026-02-13 22:55:15.340320,Dubai-92ba,-16,45,Normal
2026-02-13 22:55:16.340320,Dubai-92ba,-26,48,Normal
2026-02-13 22:55:17.340320,Dubai-92ba,-14,31,Normal
2026-02-13 22:55:18.340320,Dubai-92ba,0,74,Normal
2026-02-13 22:55:19.340320,Dubai-92ba,16,26,Normal
2026-02-13 22:55:20.340320,Dubai-92ba,-18,96,Normal
2026-02-13 22:55:21.340320,Dubai-92ba,7,95,Normal
2026-02-13 22:55:22.340320,Dubai-92ba,-15,22,Normal
2026-02-13 22:55:23.340320,Dubai-92ba,10,71,Normal
2026-02-13 22:55:24.340320,Dubai-92ba,-30,20,Normal
2026-02-13 22:55:25.340320,Dubai-92ba,29,54,Normal
2026-02-13 22:55:26.340320,Dubai-92ba,-13,71,Normal
2026-02-13 22:55:27.340320,Dubai-92ba,7,12,Normal
2026-02-13 22:55:28.340320,Dubai-92ba,34,57,Normal
2026-02-13 22:55:29.340320,Dubai-92ba,37,5,Normal
2026-02-13 22:55:30.340320,Dubai-92ba,47,2,Normal
2026-02-13 22:55:31.340320,Dubai-92ba,46,42,Normal
2026-02-13 22:55:32.340320,Dubai-92ba,28,5,Normal
2026-02-13 22:55:33.340320,Dubai-92ba,15,15,Normal
2026-02-13 22:55:34.340320,Dubai-92ba,-24,33,Normal
2026-02-13 22:55:35.340320,Dubai-92ba,-2,81,Normal
2026-02-13 22:55:36.340320,Dubai-92ba,-4,52,Normal
2026-02-13 22:55:37.340320,Dubai-92ba,-30,64,Normal
2026-02-13 22:55:38.340320,Dubai-92ba,12,35,Normal
2026-02-13 22:55:39.340320,Dubai-92ba,17,99,Normal
2026-02-13 22:55:40.340320,Dubai-92ba,42,34,Normal
2026-02-13 22:55:41.340320,Dubai-92ba,45,18,Normal
2026-02-13 22:55:42.340320,Dubai-92ba,47,31,Normal
2026-02-13 22:55:43.340320,Dubai-92ba,47,96,Normal
2026-02-13 22:55:44.340320,Dubai-92ba,2,81,Normal
2026-02-13 22:55:45.340320,Dubai-92ba,16,42,Normal
2026-02-13 22:55:46.340320,Dubai-92ba,38,18,Normal
2026-02-13 22:55:47.340320,Dubai-92ba,31,11,Normal
2026-02-13 22:55:48.340320,Dubai-92ba,21,27,Normal
2026-02-13 22:55:49.340320,Dubai-92ba,-30,5,Normal
2026-02-13 22:55:50.340320,Dubai-92ba,16,21,Normal
2026-02-13 22:55:51.340320,Dubai-92ba,35,96,Normal
2026-02-13 22:55:52.340320,Dubai-92ba,9,96,Normal
2026-02-13 22:55:53.340320,Dubai-92ba,15,16,Normal
2026-02-13 22:55:54.340320,Dubai-92ba,39,83,Normal
2026-02-13 22:55:55.340320,Dubai-92ba,27,61,Normal
2026-02-13 22:55:56.340320,Dubai-92ba,-16,74,Normal
2026-02-13 22:55:57.340320,Dubai-92ba,-11,41,Normal
2026-02-13 22:55:58.340320,Dubai-92ba,-21,53,Normal
2026-02-13 22:55:59.340320,Dubai-92ba,-27,82,Normal
2026-02-13 22:56:00.340320,Dubai-92ba,-2,8,Normal
2026-02-13 22:56:01.340320,Dubai-92ba,-6,5,Normal
2026-02-13 22:56:02.340320,Dubai-92ba,10,85,Normal
2026-02-13 22:56:03.340320,Dubai-92ba,18,51,Normal
2026-02-13 22:56:04.340320,Dubai-92ba,-16,47,Normal
2026-02-13 22:56:05.340320,Dubai-92ba,-14,7,Normal
2026-02-13 22:56:06.340320,Dubai-92ba,37,42,Normal
2026-02-13 22:56:07.340320,Dubai-92ba,21,94,Normal
2026-02-13 22:56:08.340320,Dubai-92ba,37,86,Normal
2026-02-13 22:56:09.340320,Dubai-92ba,-30,32,Normal
2026-02-13 22:56:10.340320,Dubai-92ba,23,49,Normal
2026-02-13 22:56:11.340320,Dubai-92ba,31,8,Normal
2026-02-13 22:56:12.340320,Dubai-92ba,-30,73,Normal
2026-02-13 22:56:13.340320,Dubai-92ba,16,22,Normal
2026-02-13 22:56:14.340320,Dubai-92ba,27,29,Normal
2026-02-13 22:56:15.340320,Dubai-92ba,13,47,Normal
2026-02-13 22:56:16.340320,Dubai-92ba,-21,59,Normal
2026-02-13 22:56:17.340320,Dubai-92ba,-26,68,Normal
2026-02-13 22:56:18.340320,Dubai-92ba,-28,20,Normal
2026-02-13 22:56:19.340320,Dubai-92ba,-2,98,Normal
2026-02-13 22:56:20.340320,Dubai-92ba,-5,58,Normal
2026-02-13 22:56:21.340320,Dubai-92ba,-11,10,Normal
2026-02-13 22:56:22.340320,Dubai-92ba,41,61,Normal
2026-02-13 22:56:23.340320,Dubai-92ba,3,62,Normal
2026-02-13 22:56:24.340320,Dubai-92ba,10,28,Normal
2026-02-13 22:56:25.340320,Dubai-92ba,29,38,Normal
2026-02-13 22:56:26.340320,Dubai-92ba,-20,90,Normal
2026-02-13 22:56:27.340320,Dubai-92ba,10,35,Normal
2026-02-13 22:56:28.340320,Dubai-92ba,-28,96,Normal
2026-02-13 22:56:29.340320,Dubai-92ba,-25,32,Normal
2026-02-13 22:56:30.340320,Dubai-92ba,-12,17,Normal
2026-02-13 22:56:31.340320,Dubai-92ba,-2,5,Normal
2026-02-13 22:56:32.340320,Dubai-92ba,6,87,Normal
2026-02-13 22:56:33.340320,Dubai-92ba,-4,22,Normal
2026-02-13 22:56:34.340320,Dubai-92ba,18,20,Normal
2026-02-13 22:56:35.340320,Dubai-92ba,50,51,Normal
2026-02-13 22:56:36.340320,Dubai-92ba,-28,38,Normal
2026-02-13 22:56:37.340320,Dubai-92ba,14,95,Normal
2026-02-13 22:56:38.340320,Dubai-92ba,-11,44,Normal
2026-02-13 22:56:39.340320,Dubai-92ba,48,6,Normal
2026-02-13 22:56:40.340320,Dubai-92ba,-14,22,Normal
2026-02-13 22:56:41.340320,Dubai-92ba,36,38,Normal
2026-02-13 22:56:42.340320,Dubai-92ba,2,6,Normal
2026-02-13 22:56:43.340320,Dubai-92ba,43,74,Normal
2026-02-13 22:56:44.340320,Dubai-92ba,36,83,Normal
2026-02-13 22:56:45.340320,Dubai-92ba,35,46,Normal
2026-02-13 22:56:46.340320,Dubai-92ba,-21,83,Normal
2026-02-13 22:56:47.340320,Dubai-92ba,-13,53,Normal
2026-02-13 22:56:48.340320,Dubai-92ba,-5,38,Normal
2026-02-13 22:56:49.340320,Dubai-92ba,-3,59,Normal
2026-02-13 22:56:50.340320,Dubai-92ba,6,73,Normal
2026-02-13 22:56:51.340320,Dubai-92ba,4,82,Normal
2026-02-13 22:56:52.340320,Dubai-92ba,31,51,Normal
2026-02-13 22:56:53.340320,Dubai-92ba,9,45,Normal
2026-02-13 22:56:54.340320,Dubai-92ba,-12,78,Normal
2026-02-13 22:56:55.340320,Dubai-92ba,27,72,Normal
2026-02-13 22:56:56.340320,Dubai-92ba,34,88,Normal
2026-02-13 22:56:57.340320,Dubai-92ba,-13,17,Normal
2026-02-13 22:56:58.340320,Dubai-92ba,41,76,Normal
2026-02-13 22:56:59.340320,Dubai-92ba,27,39,Normal
2026-02-13 22:57:00.340320,Dubai-92ba,50,38,Normal
2026-02-13 22:57:01.340320,Dubai-92ba,4,68,Normal
2026-02-13 22:57:02.340320,Dubai-92ba,-9,75,Normal
2026-02-13 22:57:03.340320,Dubai-92ba,26,5,Normal
2026-02-13 22:57:04.340320,Dubai-92ba,-28,66,Normal
2026-02-13 22:57:05.340320,Dubai-92ba,-27,76,Normal
2026-02-13 22:57:06.340320,Dubai-92ba,4,35,Normal
2026-02-13 22:57:07.340320,Dubai-92ba,-7,53,Normal
2026-02-13 22:57:08.340320,Dubai-92ba,24,76,Normal
2026-02-13 22:57:09.340320,Dubai-92ba,-6,17,Normal
2026-02-13 22:57:10.340320,Dubai-92ba,-28,24,Normal
2026-02-13 22:57:11.340320,Dubai-92ba,-4,77,Normal
2026-02-13 22:57:12.340320,Dubai-92ba,-24,27,Normal
2026-02-13 22:57:13.340320,Dubai-92ba,10,27,Normal
2026-02-13 22:57:14.340320,Dubai-92ba,33,2,Normal
2026-02-13 22:57:15.340320,Dubai-92ba,32,27,Normal
2026-02-13 22:57:16.340320,Dubai-92ba,-30,86,Normal
2026-02-13 22:57:17.340320,Dubai-92ba,3,56,Normal
2026-02-13 22:57:18.340320,Dubai-92ba,-13,91,Normal
2026-02-13 22:57:19.340320,Dubai-92ba,-12,55,Normal
2026-02-13 22:57:20.340320,Dubai-92ba,30,29,Normal
2026-02-13 22:57:21.340320,Dubai-92ba,30,54,Normal
2026-02-13 22:57:22.340320,Dubai-92ba,47,32,Normal
2026-02-13 22:57:23.340320,Dubai-92ba,16,78,Normal
2026-02-13 22:57:24.340320,Dubai-92ba,47,87,Normal
2026-02-13 22:57:25.340320,Dubai-92ba,50,81,Normal
2026-02-13 22:57:26.340320,Dubai-92ba,-21,97,Normal
2026-02-13 22:57:27.340320,Dubai-92ba,22,13,Normal
2026-02-13 22:57:28.340320,Dubai-92ba,33,43,Normal
2026-02-13 22:57:29.340320,Dubai-92ba,9,78,Normal
2026-02-13 22:57:30.340320,Dubai-92ba,29,26,Normal
2026-02-13 22:57:31.340320,Dubai-92ba,0,88,Normal
2026-02-13 22:57:32.340320,Dubai-92ba,42,21,Normal
2026-02-13 22:57:33.340320,Dubai-92ba,-19,87,Normal
2026-02-13 22:57:34.340320,Dubai-92ba,36,64,Normal
2026-02-13 22:57:35.340320,Dubai-92ba,-13,45,Normal
2026-02-13 22:57:36.340320,Dubai-92ba,20,46,Normal
2026-02-13 22:57:37.340320,Dubai-92ba,46,23,Normal
2026-02-13 22:57:38.340320,Dubai-92ba,-15,4,Normal
2026-02-13 22:57:39.340320,Dubai-92ba,27,4,Normal
2026-02-13 22:57:40.340320,Dubai-92ba,20,48,Normal
2026-02-13 22:57:41.340320,Dubai-92ba,29,16,Normal
2026-02-13 22:57:42.340320,Dubai-92ba,35,39,Normal
2026-02-13 22:57:43.340320,Dubai-92ba,16,56,Normal
2026-02-13 22:57:44.340320,Dubai-92ba,-13,25,Normal
2026-02-13 22:57:45.340320,Dubai-92ba,-17,82,Normal
2026-02-13 22:57:46.340320,Dubai-92ba,26,75,Normal
2026-02-13 22:57:47.340320,Dubai-92ba,-5,33,Normal
2026-02-13 22:57:48.340320,Dubai-92ba,43,5,Normal
2026-02-13 22:57:49.340320,Dubai-92ba,36,82,Normal
2026-02-13 22:57:50.340320,Dubai-92ba,-29,95,Normal
2026-02-13 22:57:51.340320,Dubai-92ba,-9,89,Normal
2026-02-13 22:57:52.340320,Dubai-92ba,12,50,Normal
2026-02-13 22:57:53.340320,Dubai-92ba,9,90,Normal
2026-02-13 22:57:54.340320,Dubai-92ba,30,91,Normal
2026-02-13 22:57:55.340320,Dubai-92ba,-7,46,Normal
2026-02-13 22:57:56.340320,Dubai-92ba,3,64,Normal
2026-02-13 22:57:57.340320,Dubai-92ba,31,73,Normal
2026-02-13 22:57:58.340320,Dubai-92ba,32,84,Normal
2026-02-13 22:57:59.340320,Dubai-92ba,-30,36,Normal
2026-02-13 22:58:00.340320,Dubai-92ba,14,97,Normal
2026-02-13 22:58:01.340320,Dubai-92ba,26,80,Normal
2026-02-13 22:58:02.340320,Dubai-92ba,44,56,Normal
2026-02-13 22:58:03.340320,Dubai-92ba,29,77,Normal
2026-02-13 22:58:04.340320,Dubai-92ba,-10,60,Normal
2026-02-13 22:58:05.340320,Dubai-92ba,-16,100,Normal
2026-02-13 22:58:06.340320,Dubai-92ba,35,10,Normal
2026-02-13 22:58:07.340320,Dubai-92ba,-14,66,Normal
2026-02-13 22:58:08.340320,Dubai-92ba,41,1,Normal
2026-02-13 22:58:09.340320,Dubai-92ba,26,19,Normal
2026-02-13 22:58:10.340320,Dubai-92ba,39,59,Normal
2026-02-13 22:58:11.340320,Dubai-92ba,28,31,Normal
2026-02-13 22:58:12.340320,Dubai-92ba,-13,98,Normal
2026-02-13 22:58:13.340320,Dubai-92ba,37,31,Normal
2026-02-13 22:58:14.340320,Dubai-92ba,17,74,Normal
2026-02-13 22:58:15.340320,Dubai-92ba,16,72,Normal
2026-02-13 22:58:16.340320,Dubai-92ba,19,67,Normal
2026-02-13 22:58:17.340320,Dubai-92ba,49,89,Normal
2026-02-13 22:58:18.340320,Dubai-92ba,46,66,Normal
2026-02-13 22:58:19.340320,Dubai-92ba,37,29,Normal
2026-02-13 22:58:20.340320,Dubai-92ba,9,1,Normal
2026-02-13 22:58:21.340320,Dubai-92ba,-29,60,Normal
2026-02-13 22:58:22.340320,Dubai-92ba,2,94,Normal
2026-02-13 22:58:23.340320,Dubai-92ba,20,3,Normal
2026-02-13 22:58:24.340320,Dubai-92ba,-6,34,Normal
2026-02-13 22:58:25.340320,Dubai-92ba,-1,9,Normal
2026-02-13 22:58:26.340320,Dubai-92ba,29,38,Normal
2026-02-13 22:58:27.340320,Dubai-92ba,19,41,Normal
2026-02-13 22:58:28.340320,Dubai-92ba,-26,62,Normal
2026-02-13 22:58:29.340320,Dubai-92ba,12,60,Normal
2026-02-13 22:58:30.340320,Dubai-92ba,-25,69,Normal
2026-02-13 22:58:31.340320,Dubai-92ba,28,52,Normal
2026-02-13 22:58:32.340320,Dubai-92ba,-24,36,Normal
2026-02-13 22:58:33.340320,Dubai-92ba,-9,49,Normal
2026-02-13 22:58:34.340320,Dubai-92ba,44,97,Normal
2026-02-13 22:58:35.340320,Dubai-92ba,39,56,Normal
2026-02-13 22:58:36.340320,Dubai-92ba,-9,71,Normal
2026-02-13 22:58:37.340320,Dubai-92ba,2,51,Normal
2026-02-13 22:58:38.340320,Dubai-92ba,-17,48,Normal
2026-02-13 22:58:39.340320,Dubai-92ba,-29,61,Normal
2026-02-13 22:58:40.340320,Dubai-92ba,-30,62,Normal
2026-02-13 22:58:41.340320,Dubai-92ba,-23,36,Normal
2026-02-13 22:58:42.340320,Dubai-92ba,-28,71,Normal
2026-02-13 22:58:43.340320,Dubai-92ba,41,1,Normal
2026-02-13 22:58:44.340320,Dubai-92ba,46,19,Normal
2026-02-13 22:58:45.340320,Dubai-92ba,-25,35,Normal
2026-02-13 22:58:46.340320,Dubai-92ba,33,35,Normal
2026-02-13 22:58:47.340320,Dubai-92ba,50,45,Normal
2026-02-13 22:58:48.340320,Dubai-92ba,17,15,Normal
2026-02-13 22:58:49.340320,Dubai-92ba,-4,51,Normal
2026-02-13 22:58:50.340320,Dubai-92ba,-2,37,Normal
2026-02-13 22:58:51.340320,Dubai-92ba,10,0,Normal
2026-02-13 22:58:52.340320,Dubai-92ba,5,34,Normal
2026-02-13 22:58:53.340320,Dubai-92ba,-28,38,Normal
2026-02-13 22:58:54.340320,Dubai-92ba,18,61,Normal
2026-02-13 22:58:55.340320,Dubai-92ba,-3,24,Normal
2026-02-13 22:58:56.340320,Dubai-92ba,43,36,Normal
2026-02-13 22:58:57.340320,Dubai-92ba,-25,58,Normal
2026-02-13 22:58:58.340320,Dubai-92ba,-25,99,Normal
2026-02-13 22:58:59.340320,Dubai-92ba,-13,25,Normal
2026-02-13 22:59:00.340320,Dubai-92ba,43,38,Normal
2026-02-13 22:59:01.340320,Dubai-92ba,-29,49,Normal
2026-02-13 22:59:02.340320,Dubai-92ba,26,51,Normal
2026-02-13 22:59:03.340320,Dubai-92ba,20,83,Normal
2026-02-13 22:59:04.340320,Dubai-92ba,16,25,Normal
2026-02-13 22:59:05.340320,Dubai-92ba,22,88,Normal
2026-02-13 22:59:06.340320,Dubai-92ba,0,93,Normal
2026-02-13 22:59:07.340320,Dubai-92ba,12,55,Normal
2026-02-13 22:59:08.340320,Dubai-92ba,-15,35,Normal
2026-02-13 22:59:09.340320,Dubai-92ba,30,36,Normal
2026-02-13 22:59:10.340320,Dubai-92ba,42,62,Normal
2026-02-13 22:59:11.340320,Dubai-92ba,-11,48,Normal
2026-02-13 22:59:12.340320,Dubai-92ba,-23,79,Normal
2026-02-13 22:59:13.340320,Dubai-92ba,-18,0,Normal
2026-02-13 22:59:14.340320,Dubai-92ba,17,93,Normal
2026-02-13 22:59:15.340320,Dubai-92ba,-2,45,Normal
2026-02-13 22:59:16.340320,Dubai-92ba,-18,85,Normal
2026-02-13 22:59:17.340320,Dubai-92ba,16,46,Normal
2026-02-13 22:59:18.340320,Dubai-92ba,14,98,Normal
2026-02-13 22:59:19.340320,Dubai-92ba,11,89,Normal
2026-02-13 22:59:20.340320,Dubai-92ba,-11,84,Normal
2026-02-13 22:59:21.340320,Dubai-92ba,-14,4,Normal
2026-02-13 22:59:22.340320,Dubai-92ba,-2,63,Normal
2026-02-13 22:59:23.340320,Dubai-92ba,-27,73,Normal
2026-02-13 22:59:24.340320,Dubai-92ba,40,47,Normal
2026-02-13 22:59:25.340320,Dubai-92ba,-3,30,Normal
2026-02-13 22:59:26.340320,Dubai-92ba,39,15,Normal
2026-02-13 22:59:27.340320,Dubai-92ba,16,74,Normal
2026-02-13 22:59:28.340320,Dubai-92ba,-15,20,Normal
2026-02-13 22:59:29.340320,Dubai-92ba,20,35,Normal
2026-02-13 22:59:30.340320,Dubai-92ba,-9,5,Normal
2026-02-13 22:59:31.340320,Dubai-92ba,28,38,Normal
2026-02-13 22:59:32.340320,Dubai-92ba,18,74,Normal
2026-02-13 22:59:33.340320,Dubai-92ba,7,13,Normal
2026-02-13 22:59:34.340320,Dubai-92ba,42,65,Normal
2026-02-13 22:59:35.340320,Dubai-92ba,20,28,Normal
2026-02-13 22:59:36.340320,Dubai-92ba,-26,78,Normal
2026-02-13 22:59:37.340320,Dubai-92ba,-20,65,Normal
2026-02-13 22:59:38.340320,Dubai-92ba,39,35,Normal
2026-02-13 22:59:39.340320,Dubai-92ba,2,72,Normal
2026-02-13 22:59:40.340320,Dubai-92ba,28,84,Normal
2026-02-13 22:59:41.340320,Dubai-92ba,10,45,Normal
2026-02-13 22:59:42.340320,Dubai-92ba,-15,12,Normal
2026-02-13 22:59:43.340320,Dubai-92ba,30,38,Normal
2026-02-13 22:59:44.340320,Dubai-92ba,-14,18,Normal
2026-02-13 22:59:45.340320,Dubai-92ba,30,70,Normal
2026-02-13 22:59:46.340320,Dubai-92ba,49,19,Normal
2026-02-13 22:59:47.340320,Dubai-92ba,-23,43,Normal
2026-02-13 22:59:48.340320,Dubai-92ba,4,79,Normal
2026-02-13 22:59:49.340320,Dubai-92ba,-14,27,Normal
2026-02-13 22:59:50.340320,Dubai-92ba,3,52,Normal
2026-02-13 22:59:51.340320,Dubai-92ba,42,85,Normal
2026-02-13 22:59:52.340320,Dubai-92ba,44,49,Normal
2026-02-13 22:59:53.340320,Dubai-92ba,13,91,Normal
2026-02-13 22:59:54.340320,Dubai-92ba,-14,99,Normal
2026-02-13 22:59:55.340320,Dubai-92ba,14,26,Normal
2026-02-13 22:59:56.340320,Dubai-92ba,-20,9,Normal
2026-02-13 22:59:57.340320,Dubai-92ba,44,15,Normal
2026-02-13 22:59:58.340320,Dubai-92ba,16,5,Normal
2026-02-13 22:59:59.340320,Dubai-92ba,37,2,Normal
2026-02-13 23:00:00.340320,Dubai-92ba,32,0,Normal
2026-02-13 23:00:01.340320,Dubai-92ba,-20,16,Normal
2026-02-13 23:00:02.340320,Dubai-92ba,34,49,Normal
2026-02-13 23:00:03.340320,Dubai-92ba,-11,72,Normal
2026-02-13 23:00:04.340320,Dubai-92ba,-22,49,Normal
2026-02-13 23:00:05.340320,Dubai-92ba,-25,28,Normal
2026-02-13 23:00:06.340320,Dubai-92ba,15,49,Normal
2026-02-13 23:00:07.340320,Dubai-92ba,36,80,Normal
2026-02-13 23:00:08.340320,Dubai-92ba,-21,96,Normal
2026-02-13 23:00:09.340320,Dubai-92ba,40,30,Normal
2026-02-13 23:00:10.340320,Dubai-92ba,-23,50,Normal
2026-02-13 23:00:11.340320,Dubai-92ba,6,31,Normal
2026-02-13 23:00:12.340320,Dubai-92ba,20,82,Normal
2026-02-13 23:00:13.340320,Dubai-92ba,-19,11,Normal
2026-02-13 23:00:14.340320,Dubai-92ba,7,86,Normal
2026-02-13 23:00:15.340320,Dubai-92ba,47,59,Normal
2026-02-13 23:00:16.340320,Dubai-92ba,-12,31,Normal
2026-02-13 23:00:17.340320,Dubai-92ba,-21,33,Normal
2026-02-13 23:00:18.340320,Dubai-92ba,17,73,Normal
2026-02-13 23:00:19.340320,Dubai-92ba,-25,66,Normal
2026-02-13 23:00:20.340320,Dubai-92ba,27,55,Normal
2026-02-13 23:00:21.340320,Dubai-92ba,30,16,Normal
2026-02-13 23:00:22.340320,Dubai-92ba,-2,11,Normal
2026-02-13 23:00:23.340320,Dubai-92ba,6,42,Normal
2026-02-13 23:00:24.340320,Dubai-92ba,-28,66,Normal
2026-02-13 23:00:25.340320,Dubai-92ba,49,29,Normal
2026-02-13 23:00:26.340320,Dubai-92ba,0,93,Normal
2026-02-13 23:00:27.340320,Dubai-92ba,38,42,Normal
2026-02-13 23:00:28.340320,Dubai-92ba,33,57,Normal
2026-02-13 23:00:29.340320,Dubai-92ba,-27,44,Normal
2026-02-13 23:00:30.340320,Dubai-92ba,27,82,Normal
2026-02-13 23:00:31.340320,Dubai-92ba,-2,22,Normal
2026-02-13 23:00:32.340320,Dubai-92ba,23,19,Normal
2026-02-13 23:00:33.340320,Dubai-92ba,6,50,Normal
2026-02-13 23:00:34.340320,Dubai-92ba,26,50,Normal
2026-02-13 23:00:35.340320,Dubai-92ba,50,41,Normal
2026-02-13 23:00:36.340320,Dubai-92ba,-18,63,Normal
2026-02-13 23:00:37.340320,Dubai-92ba,40,53,Normal
2026-02-13 23:00:38.340320,Dubai-92ba,-13,23,Normal
2026-02-13 23:00:39.340320,Dubai-92ba,19,86,Normal
2026-02-13 23:00:40.340320,Dubai-92ba,42,82,Normal
2026-02-13 23:00:41.340320,Dubai-92ba,-8,35,Normal
2026-02-13 23:00:42.340320,Dubai-92ba,4,87,Normal
2026-02-13 23:00:43.340320,Dubai-92ba,48,43,Normal
2026-02-13 23:00:44.340320,Dubai-92ba,49,2,Normal
2026-02-13 23:00:45.340320,Dubai-92ba,16,78,Normal
2026-02-13 23:00:46.340320,Dubai-92ba,12,25,Normal
2026-02-13 23:00:47.340320,Dubai-92ba,-21,76,Normal
2026-02-13 23:00:48.340320,Dubai-92ba,31,14,Normal
2026-02-13 23:00:49.340320,Dubai-92ba,-26,32,Normal
2026-02-13 23:00:50.340320,Dubai-92ba,49,38,Normal
2026-02-13 23:00:51.340320,Dubai-92ba,7,70,Normal
2026-02-13 23:00:52.340320,Dubai-92ba,13,6,Normal
2026-02-13 23:00:53.340320,Dubai-92ba,13,98,Normal
2026-02-13 23:00:54.340320,Dubai-92ba,20,11,Normal
2026-02-13 23:00:55.340320,Dubai-92ba,19,64,Normal
2026-02-13 23:00:56.340320,Dubai-92ba,42,82,Normal
2026-02-13 23:00:57.340320,Dubai-92ba,47,72,Normal
2026-02-13 23:00:58.340320,Dubai-92ba,4,67,Normal
2026-02-13 23:00:59.340320,Dubai-92ba,-15,68,Normal
2026-02-13 23:01:00.340320,Dubai-92ba,19,1,Normal
2026-02-13 23:01:01.340320,Dubai-92ba,2,63,Normal
2026-02-13 23:01:02.340320,Dubai-92ba,23,84,Normal
2026-02-13 23:01:03.340320,Dubai-92ba,34,48,Normal
2026-02-13 23:01:04.340320,Dubai-92ba,12,62,Normal
2026-02-13 23:01:05.340320,Dubai-92ba,-21,0,Normal
2026-02-13 23:01:06.340320,Dubai-92ba,40,38,Normal
2026-02-13 23:01:07.340320,Dubai-92ba,-18,80,Normal
2026-02-13 23:01:08.340320,Dubai-92ba,41,62,Normal
2026-02-13 23:01:09.340320,Dubai-92ba,13,52,Normal
2026-02-13 23:01:10.340320,Dubai-92ba,-2,52,Normal
2026-02-13 23:01:11.340320,Dubai-92ba,27,20,Normal
2026-02-13 23:01:12.340320,Dubai-92ba,36,50,Normal
2026-02-13 23:01:13.340320,Dubai-92ba,46,71,Normal
2026-02-13 23:01:14.340320,Dubai-92ba,-21,97,Normal
2026-02-13 23:01:15.340320,Dubai-92ba,-14,99,Normal
2026-02-13 23:01:16.340320,Dubai-92ba,20,2,Normal
2026-02-13 23:01:17.340320,Dubai-92ba,-21,18,Normal
2026-02-13 23:01:18.340320,Dubai-92ba,46,93,Normal
2026-02-13 23:01:19.340320,Dubai-92ba,37,79,Normal
2026-02-13 23:01:20.340320,Dubai-92ba,-28,30,Normal
2026-02-13 23:01:21.340320,Dubai-92ba,40,70,Normal
2026-02-13 23:01:22.340320,Dubai-92ba,-15,84,Normal
2026-02-13 23:01:23.340320,Dubai-92ba,-12,26,Normal
2026-02-13 23:01:24.340320,Dubai-92ba,28,89,Normal
2026-02-13 23:01:25.340320,Dubai-92ba,-8,11,Normal
2026-02-13 23:01:26.340320,Dubai-92ba,14,39,Normal
2026-02-13 23:01:27.340320,Dubai-92ba,-10,22,Normal
2026-02-13 23:01:28.340320,Dubai-92ba,-13,42,Normal
2026-02-13 23:01:29.340320,Dubai-92ba,-12,94,Normal
2026-02-13 23:01:30.340320,Dubai-92ba,-7,45,Normal
2026-02-13 23:01:31.340320,Dubai-92ba,-1,78,Normal
2026-02-13 23:01:32.340320,Dubai-92ba,-12,43,Normal
2026-02-13 23:01:33.340320,Dubai-92ba,-5,81,Normal
2026-02-13 23:01:34.340320,Dubai-92ba,-1,43,Normal
2026-02-13 23:01:35.340320,Dubai-92ba,25,15,Normal
2026-02-13 23:01:36.340320,Dubai-92ba,45,92,Normal
2026-02-13 23:01:37.340320,Dubai-92ba,30,99,Normal
2026-02-13 23:01:38.340320,Dubai-92ba,-4,22,Normal
2026-02-13 23:01:39.340320,Dubai-92ba,15,60,Normal
2026-02-13 23:01:40.340320,Dubai-92ba,21,50,Normal
2026-02-13 23:01:41.340320,Dubai-92ba,12,5,Normal
2026-02-13 23:01:42.340320,Dubai-92ba,-30,86,Normal
2026-02-13 23:01:43.340320,Dubai-92ba,27,21,Normal
2026-02-13 23:01:44.340320,Dubai-92ba,-5,26,Normal
2026-02-13 23:01:45.340320,Dubai-92ba,0,88,Normal
2026-02-13 23:01:46.340320,Dubai-92ba,22,94,Normal
2026-02-13 23:01:47.340320,Dubai-92ba,38,31,Normal
2026-02-13 23:01:48.340320,Dubai-92ba,12,10,Normal
2026-02-13 23:01:49.340320,Dubai-92ba,35,12,Normal
2026-02-13 23:01:50.340320,Dubai-92ba,42,44,Normal
2026-02-13 23:01:51.340320,Dubai-92ba,-27,32,Normal
2026-02-13 23:01:52.340320,Dubai-92ba,4,57,Normal
2026-02-13 23:01:53.340320,Dubai-92ba,37,99,Normal
2026-02-13 23:01:54.340320,Dubai-92ba,39,74,Normal
2026-02-13 23:01:55.340320,Dubai-92ba,3,54,Normal
2026-02-13 23:01:56.340320,Dubai-92ba,-15,40,Normal
2026-02-13 23:01:57.340320,Dubai-92ba,-30,54,Normal
2026-02-13 23:01:58.340320,Dubai-92ba,17,38,Normal
2026-02-13 23:01:59.340320,Dubai-92ba,-13,58,Normal
2026-02-13 23:02:00.340320,Dubai-92ba,-22,12,Normal
2026-02-13 23:02:01.340320,Dubai-92ba,35,89,Normal
2026-02-13 23:02:02.340320,Dubai-92ba,-19,44,Normal
2026-02-13 23:02:03.340320,Dubai-92ba,7,89,Normal
2026-02-13 23:02:04.340320,Dubai-92ba,30,86,Normal
2026-02-13 23:02:05.340320,Dubai-92ba,-29,66,Normal
2026-02-13 23:02:06.340320,Dubai-92ba,-5,76,Normal
2026-02-13 23:02:07.340320,Dubai-92ba,14,100,Normal
2026-02-13 23:02:08.340320,Dubai-92ba,48,8,Normal
2026-02-13 23:02:09.340320,Dubai-92ba,-16,25,Normal
2026-02-13 23:02:10.340320,Dubai-92ba,37,68,Normal
2026-02-13 23:02:11.340320,Dubai-92ba,25,10,Normal
2026-02-13 23:02:12.340320,Dubai-92ba,23,55,Normal
2026-02-13 23:02:13.340320,Dubai-92ba,-11,55,Normal
2026-02-13 23:02:14.340320,Dubai-92ba,-3,23,Normal
2026-02-13 23:02:15.340320,Dubai-92ba,10,56,Normal
2026-02-13 23:02:16.340320,Dubai-92ba,49,37,Normal
2026-02-13 23:02:17.340320,Dubai-92ba,-22,61,Normal
2026-02-13 23:02:18.340320,Dubai-92ba,31,31,Normal
2026-02-13 23:02:19.340320,Dubai-92ba,29,52,Normal
2026-02-13 23:02:20.340320,Dubai-92ba,38,53,Normal
2026-02-13 23:02:21.340320,Dubai-92ba,47,84,Normal
2026-02-13 23:02:22.340320,Dubai-92ba,38,55,Normal
2026-02-13 23:02:23.340320,Dubai-92ba,-19,19,Normal
2026-02-13 23:02:24.340320,Dubai-92ba,22,55,Normal
2026-02-13 23:02:25.340320,Dubai-92ba,23,40,Normal
2026-02-13 23:02:26.340320,Dubai-92ba,37,31,Normal
2026-02-13 23:02:27.340320,Dubai-92ba,24,58,Normal
2026-02-13 23:02:28.340320,Dubai-92ba,0,52,Normal
2026-02-13 23:02:29.340320,Dubai-92ba,36,39,Normal
2026-02-13 23:02:30.340320,Dubai-92ba,45,86,Normal
2026-02-13 23:02:31.340320,Dubai-92ba,2,56,Normal
2026-02-13 23:02:32.340320,Dubai-92ba,27,1,Normal
2026-02-13 23:02:33.340320,Dubai-92ba,4,48,Normal
2026-02-13 23:02:34.340320,Dubai-92ba,-27,30,Normal
2026-02-13 23:02:35.340320,Dubai-92ba,22,46,Normal
2026-02-13 23:02:36.340320,Dubai-92ba,14,34,Normal
2026-02-13 23:02:37.340320,Dubai-92ba,-1,38,Normal
2026-02-13 23:02:38.340320,Dubai-92ba,-7,21,Normal
2026-02-13 23:02:39.340320,Dubai-92ba,17,35,Normal
2026-02-13 23:02:40.340320,Dubai-92ba,18,48,Normal
2026-02-13 23:02:41.340320,Dubai-92ba,-15,73,Normal
2026-02-13 23:02:42.340320,Dubai-92ba,48,46,Normal
2026-02-13 23:02:43.340320,Dubai-92ba,-6,35,Normal
2026-02-13 23:02:44.340320,Dubai-92ba,38,82,Normal
2026-02-13 23:02:45.340320,Dubai-92ba,35,83,Normal
2026-02-13 23:02:46.340320,Dubai-92ba,45,69,Normal
2026-02-13 23:02:47.340320,Dubai-92ba,11,60,Normal
2026-02-13 23:02:48.340320,Dubai-92ba,-22,82,Normal
2026-02-13 23:02:49.340320,Dubai-92ba,37,39,Normal
2026-02-13 23:02:50.340320,Dubai-92ba,-28,73,Normal
2026-02-13 23:02:51.340320,Dubai-92ba,8,62,Normal
2026-02-13 23:02:52.340320,Dubai-92ba,-8,81,Normal
2026-02-13 23:02:53.340320,Dubai-92ba,27,41,Normal
2026-02-13 23:02:54.340320,Dubai-92ba,17,17,Normal
2026-02-13 23:02:55.340320,Dubai-92ba,35,4,Normal
2026-02-13 23:02:56.340320,Dubai-92ba,26,87,Normal
2026-02-13 23:02:57.340320,Dubai-92ba,25,28,Normal
2026-02-13 23:02:58.340320,Dubai-92ba,4,8,Normal
2026-02-13 23:02:59.340320,Dubai-92ba,-6,99,Normal
2026-02-13 23:03:00.340320,Dubai-92ba,-11,85,Normal
2026-02-13 23:03:01.340320,Dubai-92ba,-27,15,Normal
2026-02-13 23:03:02.340320,Dubai-92ba,42,87,Normal
2026-02-13 23:03:03.340320,Dubai-92ba,6,54,Normal
2026-02-13 23:03:04.340320,Dubai-92ba,38,68,Normal
2026-02-13 23:03:05.340320,Dubai-92ba,44,9,Normal
2026-02-13 23:03:06.340320,Dubai-92ba,44,59,Normal
2026-02-13 23:03:07.340320,Dubai-92ba,19,34,Normal
2026-02-13 23:03:08.340320,Dubai-92ba,32,47,Normal
2026-02-13 23:03:09.340320,Dubai-92ba,28,90,Normal
2026-02-13 23:03:10.340320,Dubai-92ba,2,96,Normal
2026-02-13 23:03:11.340320,Dubai-92ba,-5,97,Normal
2026-02-13 23:03:12.340320,Dubai-92ba,24,47,Normal
2026-02-13 23:03:13.340320,Dubai-92ba,35,96,Normal
2026-02-13 23:03:14.340320,Dubai-92ba,-18,85,Normal
2026-02-13 23:03:15.340320,Dubai-92ba,22,1,Normal
2026-02-13 23:03:16.340320,Dubai-92ba,-6,83,Normal
2026-02-13 23:03:17.340320,Dubai-92ba,43,68,Normal
2026-02-13 23:03:18.340320,Dubai-92ba,-11,29,Normal
2026-02-13 23:03:19.340320,Dubai-92ba,-27,10,Normal
2026-02-13 23:03:20.340320,Dubai-92ba,43,40,Normal
2026-02-13 23:03:21.340320,Dubai-92ba,-18,57,Normal
2026-02-13 23:03:22.340320,Dubai-92ba,-24,97,Normal
2026-02-13 23:03:23.340320,Dubai-92ba,-19,51,Normal
2026-02-13 23:03:24.340320,Dubai-92ba,16,58,Normal
2026-02-13 23:03:25.340320,Dubai-92ba,23,7,Normal
2026-02-13 23:03:26.340320,Dubai-92ba,15,2,Normal
2026-02-13 23:03:27.340320,Dubai-92ba,21,92,Normal
2026-02-13 23:03:28.340320,Dubai-92ba,26,56,Normal
2026-02-13 23:03:29.340320,Dubai-92ba,-13,39,Normal
2026-02-13 23:03:30.340320,Dubai-92ba,10,15,Normal
2026-02-13 23:03:31.340320,Dubai-92ba,-7,23,Normal
2026-02-13 23:03:32.340320,Dubai-92ba,-19,95,Normal
2026-02-13 23:03:33.340320,Dubai-92ba,28,9,Normal
2026-02-13 23:03:34.340320,Dubai-92ba,8,44,Normal
2026-02-13 23:03:35.340320,Dubai-92ba,37,79,Normal
2026-02-13 23:03:36.340320,Dubai-92ba,-15,81,Normal
2026-02-13 23:03:37.340320,Dubai-92ba,15,93,Normal
2026-02-13 23:03:38.340320,Dubai-92ba,-19,84,Normal
2026-02-13 23:03:39.340320,Dubai-92ba,35,19,Normal
2026-02-13 23:03:40.340320,Dubai-92ba,9,100,Normal
2026-02-13 23:03:41.340320,Dubai-92ba,3,16,Normal
2026-02-13 23:03:42.340320,Dubai-92ba,1,64,Normal
2026-02-13 23:03:43.340320,Dubai-92ba,-10,79,Normal
2026-02-13 23:03:44.340320,Dubai-92ba,-12,55,Normal
2026-02-13 23:03:45.340320,Dubai-92ba,21,36,Normal
2026-02-13 23:03:46.340320,Dubai-92ba,-2,77,Normal
2026-02-13 23:03:47.340320,Dubai-92ba,24,50,Normal
2026-02-13 23:03:48.340320,Dubai-92ba,19,75,Normal
2026-02-13 23:03:49.340320,Dubai-92ba,23,93,Normal
2026-02-13 23:03:50.340320,Dubai-92ba,36,92,Normal
2026-02-13 23:03:51.340320,Dubai-92ba,22,8,Normal
2026-02-13 23:03:52.340320,Dubai-92ba,13,71,Normal
2026-02-13 23:03:53.340320,Dubai-92ba,33,40,Normal
2026-02-13 23:03:54.340320,Dubai-92ba,15,19,Normal
2026-02-13 23:03:55.340320,Dubai-92ba,-15,65,Normal
2026-02-13 23:03:56.340320,Dubai-92ba,12,99,Normal
2026-02-13 23:03:57.340320,Dubai-92ba,9,60,Normal
2026-02-13 23:03:58.340320,Dubai-92ba,43,81,Normal
2026-02-13 23:03:59.340320,Dubai-92ba,36,82,Normal
2026-02-13 23:04:00.340320,Dubai-92ba,32,43,Normal
2026-02-13 23:04:01.340320,Dubai-92ba,15,34,Normal
2026-02-13 23:04:02.340320,Dubai-92ba,-16,81,Normal
2026-02-13 23:04:03.340320,Dubai-92ba,20,41,Normal
2026-02-13 23:04:04.340320,Dubai-92ba,9,88,Normal
2026-02-13 23:04:05.340320,Dubai-92ba,27,59,Normal
2026-02-13 23:04:06.340320,Dubai-92ba,-3,95,Normal
2026-02-13 23:04:07.340320,Dubai-92ba,48,51,Normal
2026-02-13 23:04:08.340320,Dubai-92ba,13,3,Normal
2026-02-13 23:04:09.340320,Dubai-92ba,24,87,Normal
2026-02-13 23:04:10.340320,Dubai-92ba,2,3,Normal
2026-02-13 23:04:11.340320,Dubai-92ba,-23,16,Normal
2026-02-13 23:04:12.340320,Dubai-92ba,41,78,Normal
2026-02-13 23:04:13.340320,Dubai-92ba,-21,53,Normal
2026-02-13 23:04:14.340320,Dubai-92ba,26,13,Normal
2026-02-13 23:04:15.340320,Dubai-92ba,-25,91,Normal
2026-02-13 23:04:16.340320,Dubai-92ba,-7,64,Normal
2026-02-13 23:04:17.340320,Dubai-92ba,44,38,Normal
2026-02-13 23:04:18.340320,Dubai-92ba,23,52,Normal
2026-02-13 23:04:19.340320,Dubai-92ba,-27,65,Normal
2026-02-13 23:04:20.340320,Dubai-92ba,8,40,Normal
2026-02-13 23:04:21.340320,Dubai-92ba,-20,13,Normal
2026-02-13 23:04:22.340320,Dubai-92ba,38,94,Normal
2026-02-13 23:04:23.340320,Dubai-92ba,-21,40,Normal
2026-02-13 23:04:24.340320,Dubai-92ba,46,92,Normal
2026-02-13 23:04:25.340320,Dubai-92ba,-19,18,Normal
2026-02-13 23:04:26.340320,Dubai-92ba,-3,5,Normal
2026-02-13 23:04:27.340320,Dubai-92ba,48,89,Normal
2026-02-13 23:04:28.340320,Dubai-92ba,30,69,Normal
2026-02-13 23:04:29.340320,Dubai-92ba,49,77,Normal
2026-02-13 23:04:30.340320,Dubai-92ba,12,99,Normal
2026-02-13 23:04:31.340320,Dubai-92ba,24,35,Normal
2026-02-13 23:04:32.340320,Dubai-92ba,17,17,Normal
2026-02-13 23:04:33.340320,Dubai-92ba,40,98,Normal
2026-02-13 23:04:34.340320,Dubai-92ba,-17,89,Normal
2026-02-13 23:04:35.340320,Dubai-92ba,41,8,Normal
2026-02-13 23:04:36.340320,Dubai-92ba,29,14,Normal
2026-02-13 23:04:37.340320,Dubai-92ba,34,94,Normal
2026-02-13 23:04:38.340320,Dubai-92ba,-4,23,Normal
2026-02-13 23:04:39.340320,Dubai-92ba,47,27,Normal
2026-02-13 23:04:40.340320,Dubai-92ba,5,14,Normal
2026-02-13 23:04:41.340320,Dubai-92ba,-26,97,Normal
2026-02-13 23:04:42.340320,Dubai-92ba,37,37,Normal
2026-02-13 23:04:43.340320,Dubai-92ba,-20,59,Normal
2026-02-13 23:04:44.340320,Dubai-92ba,13,87,Normal
2026-02-13 23:04:45.340320,Dubai-92ba,41,88,Normal
2026-02-13 23:04:46.340320,Dubai-92ba,-23,15,Normal
2026-02-13 23:04:47.340320,Dubai-92ba,14,73,Normal
2026-02-13 23:04:48.340320,Dubai-92ba,-13,89,Normal
2026-02-13 23:04:49.340320,Dubai-92ba,42,36,Normal
2026-02-13 23:04:50.340320,Dubai-92ba,14,17,Normal
2026-02-13 23:04:51.340320,Dubai-92ba,-30,18,Normal
2026-02-13 23:04:52.340320,Dubai-92ba,8,98,Normal
2026-02-13 23:04:53.340320,Dubai-92ba,10,46,Normal
2026-02-13 23:04:54.340320,Dubai-92ba,-18,84,Normal
2026-02-13 23:04:55.340320,Dubai-92ba,31,60,Normal
2026-02-13 23:04:56.340320,Dubai-92ba,-24,36,Normal
2026-02-13 23:04:57.340320,Dubai-92ba,47,4,Normal
2026-02-13 23:04:58.340320,Dubai-92ba,49,76,Normal
2026-02-13 23:04:59.340320,Dubai-92ba,45,64,Normal
2026-02-13 23:05:00.340320,Dubai-92ba,21,2,Normal
2026-02-13 23:05:01.340320,Dubai-92ba,-20,67,Normal
2026-02-13 23:05:02.340320,Dubai-92ba,20,12,Normal
2026-02-13 23:05:03.340320,Dubai-92ba,21,5,Normal
2026-02-13 23:05:04.340320,Dubai-92ba,35,5,Normal
2026-02-13 23:05:05.340320,Dubai-92ba,4,96,Normal
2026-02-13 23:05:06.340320,Dubai-92ba,45,65,Normal
2026-02-13 23:05:07.340320,Dubai-92ba,-3,45,Normal
2026-02-13 23:05:08.340320,Dubai-92ba,46,82,Normal
2026-02-13 23:05:09.340320,Dubai-92ba,10,89,Normal
2026-02-13 23:05:10.340320,Dubai-92ba,17,43,Normal
2026-02-13 23:05:11.340320,Dubai-92ba,7,21,Normal
2026-02-13 23:05:12.340320,Dubai-92ba,-19,94,Normal
2026-02-13 23:05:13.340320,Dubai-92ba,21,53,Normal
2026-02-13 23:05:14.340320,Dubai-92ba,31,71,Normal
2026-02-13 23:05:15.340320,Dubai-92ba,-2,61,Normal
2026-02-13 23:05:16.340320,Dubai-92ba,0,34,Normal
2026-02-13 23:05:17.340320,Dubai-92ba,46,25,Normal
2026-02-13 23:05:18.340320,Dubai-92ba,32,14,Normal
2026-02-13 23:05:19.340320,Dubai-92ba,-11,13,Normal
2026-02-13 23:05:20.340320,Dubai-92ba,31,40,Normal
2026-02-13 23:05:21.340320,Dubai-92ba,-17,19,Normal
2026-02-13 23:05:22.340320,Dubai-92ba,41,4,Normal
2026-02-13 23:05:23.340320,Dubai-92ba,-14,22,Normal
2026-02-13 23:05:24.340320,Dubai-92ba,26,71,Normal
2026-02-13 23:05:25.340320,Dubai-92ba,49,89,Normal
2026-02-13 23:05:26.340320,Dubai-92ba,24,10,Normal
2026-02-13 23:05:27.340320,Dubai-92ba,-2,21,Normal
2026-02-13 23:05:28.340320,Dubai-92ba,28,29,Normal
2026-02-13 23:05:29.340320,Dubai-92ba,30,73,Normal
2026-02-13 23:05:30.340320,Dubai-92ba,11,20,Normal
2026-02-13 23:05:31.340320,Dubai-92ba,-9,77,Normal
2026-02-13 23:05:32.340320,Dubai-92ba,10,54,Normal
2026-02-13 23:05:33.340320,Dubai-92ba,1,31,Normal
2026-02-13 23:05:34.340320,Dubai-92ba,49,25,Normal
2026-02-13 23:05:35.340320,Dubai-92ba,-11,60,Normal
2026-02-13 23:05:36.340320,Dubai-92ba,-19,74,Normal
2026-02-13 23:05:37.340320,Dubai-92ba,47,66,Normal
2026-02-13 23:05:38.340320,Dubai-92ba,-19,49,Normal
2026-02-13 23:05:39.340320,Dubai-92ba,47,35,Normal
2026-02-13 23:05:40.340320,Dubai-92ba,-29,19,Normal
2026-02-13 23:05:41.340320,Dubai-92ba,-1,79,Normal
2026-02-13 23:05:42.340320,Dubai-92ba,33,81,Normal
2026-02-13 23:05:43.340320,Dubai-92ba,13,76,Normal
2026-02-13 23:05:44.340320,Dubai-92ba,31,10,Normal
2026-02-13 23:05:45.340320,Dubai-92ba,16,20,Normal
2026-02-13 23:05:46.340320,Dubai-92ba,-16,24,Normal
2026-02-13 23:05:47.340320,Dubai-92ba,18,34,Normal
2026-02-13 23:05:48.340320,Dubai-92ba,16,54,Normal
2026-02-13 23:05:49.340320,Dubai-92ba,21,4,Normal
2026-02-13 23:05:50.340320,Dubai-92ba,-6,25,Normal
2026-02-13 23:05:51.340320,Dubai-92ba,32,84,Normal
2026-02-13 23:05:52.340320,Dubai-92ba,-20,33,Normal
2026-02-13 23:05:53.340320,Dubai-92ba,-26,0,Normal
2026-02-13 23:05:54.340320,Dubai-92ba,31,59,Normal
2026-02-13 23:05:55.340320,Dubai-92ba,-20,30,Normal
2026-02-13 23:05:56.340320,Dubai-92ba,-8,21,Normal
2026-02-13 23:05:57.340320,Dubai-92ba,-5,47,Normal
2026-02-13 23:05:58.340320,Dubai-92ba,-17,85,Normal
2026-02-13 23:05:59.340320,Dubai-92ba,44,12,Normal
2026-02-13 23:06:00.340320,Dubai-92ba,8,31,Normal
2026-02-13 23:06:01.340320,Dubai-92ba,5,79,Normal
2026-02-13 23:06:02.340320,Dubai-92ba,12,4,Normal
2026-02-13 23:06:03.340320,Dubai-92ba,36,84,Normal
2026-02-13 23:06:04.340320,Dubai-92ba,21,13,Normal
2026-02-13 23:06:05.340320,Dubai-92ba,-25,18,Normal
2026-02-13 23:06:06.340320,Dubai-92ba,24,94,Normal
2026-02-13 23:06:07.340320,Dubai-92ba,-9,27,Normal
2026-02-13 23:06:08.340320,Dubai-92ba,26,7,Normal
2026-02-13 23:06:09.340320,Dubai-92ba,-22,88,Normal
2026-02-13 23:06:10.340320,Dubai-92ba,-1,97,Normal
2026-02-13 23:06:11.340320,Dubai-92ba,14,3,Normal
2026-02-13 23:06:12.340320,Dubai-92ba,17,47,Normal
2026-02-13 23:06:13.340320,Dubai-92ba,-16,96,Normal
2026-02-13 23:06:14.340320,Dubai-92ba,27,61,Normal
2026-02-13 23:06:15.340320,Dubai-92ba,38,58,Normal
2026-02-13 23:06:16.340320,Dubai-92ba,16,28,Normal
2026-02-13 23:06:17.340320,Dubai-92ba,16,66,Normal
2026-02-13 23:06:18.340320,Dubai-92ba,1,63,Normal
2026-02-13 23:06:19.340320,Dubai-92ba,31,43,Normal
2026-02-13 23:06:20.340320,Dubai-92ba,6,36,Normal
2026-02-13 23:06:21.340320,Dubai-92ba,-25,83,Normal
2026-02-13 23:06:22.340320,Dubai-92ba,-26,45,Normal
2026-02-13 23:06:23.340320,Dubai-92ba,14,89,Normal
2026-02-13 23:06:24.340320,Dubai-92ba,-9,46,Normal
2026-02-13 23:06:25.340320,Dubai-92ba,-28,80,Normal
2026-02-13 23:06:26.340320,Dubai-92ba,46,56,Normal
2026-02-13 23:06:27.340320,Dubai-92ba,8,78,Normal
2026-02-13 23:06:28.340320,Dubai-92ba,32,67,Normal
2026-02-13 23:06:29.340320,Dubai-92ba,-4,1,Normal
2026-02-13 23:06:30.340320,Dubai-92ba,37,46,Normal
2026-02-13 23:06:31.340320,Dubai-92ba,44,24,Normal
2026-02-13 23:06:32.340320,Dubai-92ba,-4,44,Normal
2026-02-13 23:06:33.340320,Dubai-92ba,46,66,Normal
2026-02-13 23:06:34.340320,Dubai-92ba,34,88,Normal
2026-02-13 23:06:35.340320,Dubai-92ba,33,82,Normal
2026-02-13 23:06:36.340320,Dubai-92ba,-24,64,Normal
2026-02-13 23:06:37.340320,Dubai-92ba,-30,43,Normal
2026-02-13 23:06:38.340320,Dubai-92ba,6,23,Normal
2026-02-13 23:06:39.340320,Dubai-92ba,20,24,Normal
2026-02-13 23:06:40.340320,Dubai-92ba,25,91,Normal
2026-02-13 23:06:41.340320,Dubai-92ba,-15,62,Normal
2026-02-13 23:06:42.340320,Dubai-92ba,45,51,Normal
2026-02-13 23:06:43.340320,Dubai-92ba,4,33,Normal
2026-02-13 23:06:44.340320,Dubai-92ba,8,84,Normal
2026-02-13 23:06:45.340320,Dubai-92ba,32,77,Normal
2026-02-13 23:06:46.340320,Dubai-92ba,27,77,Normal
2026-02-13 23:06:47.340320,Dubai-92ba,43,8,Normal
2026-02-13 23:06:48.340320,Dubai-92ba,50,30,Normal
2026-02-13 23:06:49.340320,Dubai-92ba,-1,4,Normal
2026-02-13 23:06:50.340320,Dubai-92ba,15,43,Normal
2026-02-13 23:06:51.340320,Dubai-92ba,40,42,Normal
2026-02-13 23:06:52.340320,Dubai-92ba,-14,96,Normal
2026-02-13 23:06:53.340320,Dubai-92ba,44,83,Normal
2026-02-13 23:06:54.340320,Dubai-92ba,23,67,Normal
2026-02-13 23:06:55.340320,Dubai-92ba,6,36,Normal
2026-02-13 23:06:56.340320,Dubai-92ba,40,1,Normal
2026-02-13 23:06:57.340320,Dubai-92ba,6,23,Normal
2026-02-13 23:06:58.340320,Dubai-92ba,4,7,Normal
2026-02-13 23:06:59.340320,Dubai-92ba,-1,75,Normal
2026-02-13 23:07:00.340320,Dubai-92ba,37,25,Normal
2026-02-13 23:07:01.340320,Dubai-92ba,4,79,Normal
2026-02-13 23:07:02.340320,Dubai-92ba,-4,69,Normal
2026-02-13 23:07:03.340320,Dubai-92ba,47,58,Normal
2026-02-13 23:07:04.340320,Dubai-92ba,10,7,Normal
2026-02-13 23:07:05.340320,Dubai-92ba,-3,45,Normal
2026-02-13 23:07:06.340320,Dubai-92ba,-8,69,Normal
2026-02-13 23:07:07.340320,Dubai-92ba,35,99,Normal
2026-02-13 23:07:08.340320,Dubai-92ba,-11,96,Normal
2026-02-13 23:07:09.340320,Dubai-92ba,14,67,Normal
2026-02-13 23:07:10.340320,Dubai-92ba,19,91,Normal
2026-02-13 23:07:11.340320,Dubai-92ba,-9,100,Normal
2026-02-13 23:07:12.340320,Dubai-92ba,20,12,Normal
2026-02-13 23:07:13.340320,Dubai-92ba,-1,79,Normal
2026-02-13 23:07:14.340320,Dubai-92ba,31,9,Normal
2026-02-13 23:07:15.340320,Dubai-92ba,-26,54,Normal
2026-02-13 23:07:16.340320,Dubai-92ba,33,49,Normal
2026-02-13 23:07:17.340320,Dubai-92ba,-10,50,Normal
2026-02-13 23:07:18.340320,Dubai-92ba,42,98,Normal
2026-02-13 23:07:19.340320,Dubai-92ba,-30,13,Normal
2026-02-13 23:07:20.340320,Dubai-92ba,24,52,Normal
2026-02-13 23:07:21.340320,Dubai-92ba,-16,98,Normal
2026-02-13 23:07:22.340320,Dubai-92ba,-28,11,Normal
2026-02-13 23:07:23.340320,Dubai-92ba,31,18,Normal
2026-02-13 23:07:24.340320,Dubai-92ba,-16,37,Normal
2026-02-13 23:07:25.340320,Dubai-92ba,-13,15,Normal
2026-02-13 23:07:26.340320,Dubai-92ba,15,53,Normal
2026-02-13 23:07:27.340320,Dubai-92ba,49,42,Normal
2026-02-13 23:07:28.340320,Dubai-92ba,23,10,Normal
2026-02-13 23:07:29.340320,Dubai-92ba,-19,38,Normal
2026-02-13 23:07:30.340320,Dubai-92ba,26,100,Normal
2026-02-13 23:07:31.340320,Dubai-92ba,37,94,Normal
2026-02-13 23:07:32.340320,Dubai-92ba,45,36,Normal
2026-02-13 23:07:33.340320,Dubai-92ba,44,29,Normal
2026-02-13 23:07:34.340320,Dubai-92ba,10,88,Normal
2026-02-13 23:07:35.340320,Dubai-92ba,42,85,Normal
2026-02-13 23:07:36.340320,Dubai-92ba,47,38,Normal
2026-02-13 23:07:37.340320,Dubai-92ba,44,45,Normal
2026-02-13 23:07:38.340320,Dubai-92ba,33,28,Normal
2026-02-13 23:07:39.340320,Dubai-92ba,7,33,Normal
2026-02-13 23:07:40.340320,Dubai-92ba,5,31,Normal
2026-02-13 23:07:41.340320,Dubai-92ba,-26,61,Normal
2026-02-13 23:07:42.340320,Dubai-92ba,43,14,Normal
2026-02-13 23:07:43.340320,Dubai-92ba,22,27,Normal
2026-02-13 23:07:44.340320,Dubai-92ba,7,8,Normal
2026-02-13 23:07:45.340320,Dubai-92ba,41,78,Normal
2026-02-13 23:07:46.340320,Dubai-92ba,26,31,Normal
2026-02-13 23:07:47.340320,Dubai-92ba,4,47,Normal
2026-02-13 23:07:48.340320,Dubai-92ba,20,32,Normal
2026-02-13 23:07:49.340320,Dubai-92ba,-21,33,Normal
2026-02-13 23:07:50.340320,Dubai-92ba,29,24,Normal
2026-02-13 23:07:51.340320,Dubai-92ba,1,23,Normal
2026-02-13 23:07:52.340320,Dubai-92ba,2,27,Normal
2026-02-13 23:07:53.340320,Dubai-92ba,5,38,Normal
2026-02-13 23:07:54.340320,Dubai-92ba,32,27,Normal
2026-02-13 23:07:55.340320,Dubai-92ba,43,95,Normal
2026-02-13 23:07:56.340320,Dubai-92ba,-6,50,Normal
2026-02-13 23:07:57.340320,Dubai-92ba,-15,28,Normal
2026-02-13 23:07:58.340320,Dubai-92ba,-28,65,Normal
2026-02-13 23:07:59.340320,Dubai-92ba,40,37,Normal
2026-02-13 23:08:00.340320,Dubai-92ba,10,10,Normal
2026-02-13 23:08:01.340320,Dubai-92ba,-11,19,Normal
2026-02-13 23:08:02.340320,Dubai-92ba,-17,63,Normal
2026-02-13 23:08:03.340320,Dubai-92ba,-16,2,Normal
2026-02-13 23:08:04.340320,Dubai-92ba,34,98,Normal
2026-02-13 23:08:05.340320,Dubai-92ba,6,9,Normal
2026-02-13 23:08:06.340320,Dubai-92ba,10,39,Normal
2026-02-13 23:08:07.340320,Dubai-92ba,9,91,Normal
2026-02-13 23:08:08.340320,Dubai-92ba,29,33,Normal
2026-02-13 23:08:09.340320,Dubai-92ba,-12,45,Normal
2026-02-13 23:08:10.340320,Dubai-92ba,-29,39,Normal
2026-02-13 23:08:11.340320,Dubai-92ba,-30,20,Normal
2026-02-13 23:08:12.340320,Dubai-92ba,40,67,Normal
2026-02-13 23:08:13.340320,Dubai-92ba,5,42,Normal
2026-02-13 23:08:14.340320,Dubai-92ba,25,83,Normal
2026-02-13 23:08:15.340320,Dubai-92ba,31,50,Normal
2026-02-13 23:08:16.340320,Dubai-92ba,5,78,Normal
2026-02-13 23:08:17.340320,Dubai-92ba,-22,98,Normal
2026-02-13 23:08:18.340320,Dubai-92ba,49,70,Normal
2026-02-13 23:08:19.340320,Dubai-92ba,0,76,Normal
2026-02-13 23:08:20.340320,Dubai-92ba,38,81,Normal
2026-02-13 23:08:21.340320,Dubai-92ba,38,92,Normal
2026-02-13 23:08:22.340320,Dubai-92ba,46,28,Normal
2026-02-13 23:08:23.340320,Dubai-92ba,-18,89,Normal
2026-02-13 23:08:24.340320,Dubai-92ba,-19,31,Normal
2026-02-13 23:08:25.340320,Dubai-92ba,4,76,Normal
2026-02-13 23:08:26.340320,Dubai-92ba,-20,13,Normal
2026-02-13 23:08:27.340320,Dubai-92ba,11,80,Normal
2026-02-13 23:08:28.340320,Dubai-92ba,-3,1,Normal
2026-02-13 23:08:29.340320,Dubai-92ba,35,5,Normal
2026-02-13 23:08:30.340320,Dubai-92ba,44,86,Normal
2026-02-13 23:08:31.340320,Dubai-92ba,33,43,Normal
2026-02-13 23:08:32.340320,Dubai-92ba,-14,14,Normal
2026-02-13 23:08:33.340320,Dubai-92ba,35,23,Normal
2026-02-13 23:08:34.340320,Dubai-92ba,1,79,Normal
2026-02-13 23:08:35.340320,Dubai-92ba,-11,96,Normal
2026-02-13 23:08:36.340320,Dubai-92ba,18,82,Normal
2026-02-13 23:08:37.340320,Dubai-92ba,9,99,Normal
2026-02-13 23:08:38.340320,Dubai-92ba,5,63,Normal
2026-02-13 23:08:39.340320,Dubai-92ba,-5,45,Normal
2026-02-13 23:08:40.340320,Dubai-92ba,-19,94,Normal
2026-02-13 23:08:41.340320,Dubai-92ba,-22,29,Normal
2026-02-13 23:08:42.340320,Dubai-92ba,46,79,Normal
2026-02-13 23:08:43.340320,Dubai-92ba,3,22,Normal
2026-02-13 23:08:44.340320,Dubai-92ba,20,55,Normal
2026-02-13 23:08:45.340320,Dubai-92ba,39,94,Normal
2026-02-13 23:08:46.340320,Dubai-92ba,21,63,Normal
2026-02-13 23:08:47.340320,Dubai-92ba,-2,0,Normal
2026-02-13 23:08:48.340320,Dubai-92ba,27,97,Normal
2026-02-13 23:08:49.340320,Dubai-92ba,48,57,Normal
2026-02-13 23:08:50.340320,Dubai-92ba,4,76,Normal
2026-02-13 23:08:51.340320,Dubai-92ba,24,59,Normal
2026-02-13 23:08:52.340320,Dubai-92ba,49,5,Normal
2026-02-13 23:08:53.340320,Dubai-92ba,-14,19,Normal
2026-02-13 23:08:54.340320,Dubai-92ba,48,8,Normal
2026-02-13 23:08:55.340320,Dubai-92ba,38,65,Normal
2026-02-13 23:08:56.340320,Dubai-92ba,41,63,Normal
2026-02-13 23:08:57.340320,Dubai-92ba,-2,73,Normal
2026-02-13 23:08:58.340320,Dubai-92ba,-5,65,Normal
2026-02-13 23:08:59.340320,Dubai-92ba,-9,9,Normal
2026-02-13 23:09:00.340320,Dubai-92ba,-24,49,Normal
2026-02-13 23:09:01.340320,Dubai-92ba,8,88,Normal
2026-02-13 23:09:02.340320,Dubai-92ba,35,3,Normal
2026-02-13 23:09:03.340320,Dubai-92ba,37,86,Normal
2026-02-13 23:09:04.340320,Dubai-92ba,-2,1,Normal
2026-02-13 23:09:05.340320,Dubai-92ba,-13,99,Normal
2026-02-13 23:09:06.340320,Dubai-92ba,-27,28,Normal
2026-02-13 23:09:07.340320,Dubai-92ba,11,88,Normal
2026-02-13 23:09:08.340320,Dubai-92ba,5,18,Normal
2026-02-13 23:09:09.340320,Dubai-92ba,-17,82,Normal
2026-02-13 23:09:10.340320,Dubai-92ba,4,95,Normal
2026-02-13 23:09:11.340320,Dubai-92ba,-18,25,Normal
2026-02-13 23:09:12.340320,Dubai-92ba,1,49,Normal
2026-02-13 23:09:13.340320,Dubai-92ba,30,93,Normal
2026-02-13 23:09:14.340320,Dubai-92ba,26,66,Normal
2026-02-13 23:09:15.340320,Dubai-92ba,23,29,Normal
2026-02-13 23:09:16.340320,Dubai-92ba,-25,54,Normal
2026-02-13 23:09:17.340320,Dubai-92ba,-9,97,Normal
2026-02-13 23:09:18.340320,Dubai-92ba,20,37,Normal
2026-02-13 23:09:19.340320,Dubai-92ba,27,63,Normal
2026-02-13 23:09:20.340320,Dubai-92ba,-10,15,Normal
2026-02-13 23:09:21.340320,Dubai-92ba,17,93,Normal
2026-02-13 23:09:22.340320,Dubai-92ba,27,19,Normal
2026-02-13 23:09:23.340320,Dubai-92ba,46,39,Normal
2026-02-13 23:09:24.340320,Dubai-92ba,15,14,Normal
2026-02-13 23:09:25.340320,Dubai-92ba,-25,94,Normal
2026-02-13 23:09:26.340320,Dubai-92ba,36,61,Normal
2026-02-13 23:09:27.340320,Dubai-92ba,33,69,Normal
2026-02-13 23:09:28.340320,Dubai-92ba,-28,14,Normal
2026-02-13 23:09:29.340320,Dubai-92ba,6,67,Normal
2026-02-13 23:09:30.340320,Dubai-92ba,18,76,Normal
2026-02-13 23:09:31.340320,Dubai-92ba,-9,28,Normal
2026-02-13 23:09:32.340320,Dubai-92ba,13,1,Normal
2026-02-13 23:09:33.340320,Dubai-92ba,3,32,Normal
2026-02-13 23:09:34.340320,Dubai-92ba,-6,19,Normal
2026-02-13 23:09:35.340320,Dubai-92ba,-22,44,Normal
2026-02-13 23:09:36.340320,Dubai-92ba,32,79,Normal
2026-02-13 23:09:37.340320,Dubai-92ba,-22,60,Normal
2026-02-13 23:09:38.340320,Dubai-92ba,-11,27,Normal
2026-02-13 23:09:39.340320,Dubai-92ba,-2,89,Normal
2026-02-13 23:09:40.340320,Dubai-92ba,46,96,Normal
2026-02-13 23:09:41.340320,Dubai-92ba,0,78,Normal
2026-02-13 23:09:42.340320,Dubai-92ba,26,53,Normal
2026-02-13 23:09:43.340320,Dubai-92ba,-23,28,Normal
2026-02-13 23:09:44.340320,Dubai-92ba,-28,65,Normal
2026-02-13 23:09:45.340320,Dubai-92ba,31,65,Normal
2026-02-13 23:09:46.340320,Dubai-92ba,-11,5,Normal
2026-02-13 23:09:47.340320,Dubai-92ba,44,32,Normal
2026-02-13 23:09:48.340320,Dubai-92ba,1,22,Normal
2026-02-13 23:09:49.340320,Dubai-92ba,36,90,Normal
2026-02-13 23:09:50.340320,Dubai-92ba,-13,65,Normal
2026-02-13 23:09:51.340320,Dubai-92ba,-22,64,Normal
2026-02-13 23:09:52.340320,Dubai-92ba,2,84,Normal
2026-02-13 23:09:53.340320,Dubai-92ba,-13,1,Normal
2026-02-13 23:09:54.340320,Dubai-92ba,-3,51,Normal
2026-02-13 23:09:55.340320,Dubai-92ba,40,83,Normal
2026-02-13 23:09:56.340320,Dubai-92ba,27,33,Normal
2026-02-13 23:09:57.340320,Dubai-92ba,-2,39,Normal
2026-02-13 23:09:58.340320,Dubai-92ba,48,81,Normal
2026-02-13 23:09:59.340320,Dubai-92ba,28,55,Normal
2026-02-13 23:10:00.340320,Dubai-92ba,4,41,Normal
2026-02-13 23:10:01.340320,Dubai-92ba,-8,56,Normal
2026-02-13 23:10:02.340320,Dubai-92ba,-3,83,Normal
2026-02-13 23:10:03.340320,Dubai-92ba,39,89,Normal
2026-02-13 23:10:04.340320,Dubai-92ba,-2,3,Normal
2026-02-13 23:10:05.340320,Dubai-92ba,39,16,Normal
2026-02-13 23:10:06.340320,Dubai-92ba,31,88,Normal
2026-02-13 23:10:07.340320,Dubai-92ba,3,3,Normal
2026-02-13 23:10:08.340320,Dubai-92ba,2,60,Normal
2026-02-13 23:10:09.340320,Dubai-92ba,-28,17,Normal
2026-02-13 23:10:10.340320,Dubai-92ba,-26,49,Normal
2026-02-13 23:10:11.340320,Dubai-92ba,15,79,Normal
2026-02-13 23:10:12.340320,Dubai-92ba,23,49,Normal
2026-02-13 23:10:13.340320,Dubai-92ba,-11,49,Normal
2026-02-13 23:10:14.340320,Dubai-92ba,-2,89,Normal
2026-02-13 23:10:15.340320,Dubai-92ba,44,63,Normal
2026-02-13 23:10:16.340320,Dubai-92ba,-16,57,Normal
2026-02-13 23:10:17.340320,Dubai-92ba,29,91,Normal
2026-02-13 23:10:18.340320,Dubai-92ba,8,62,Normal
2026-02-13 23:10:19.340320,Dubai-92ba,24,14,Normal
2026-02-13 23:10:20.340320,Dubai-92ba,48,24,Normal
2026-02-13 23:10:21.340320,Dubai-92ba,-24,4,Normal
2026-02-13 23:10:22.340320,Dubai-92ba,20,36,Normal
2026-02-13 23:10:23.340320,Dubai-92ba,-20,91,Normal
2026-02-13 23:10:24.340320,Dubai-92ba,32,71,Normal
2026-02-13 23:10:25.340320,Dubai-92ba,-17,8,Normal
2026-02-13 23:10:26.340320,Dubai-92ba,38,6,Normal
2026-02-13 23:10:27.340320,Dubai-92ba,42,55,Normal
2026-02-13 23:10:28.340320,Dubai-92ba,-2,4,Normal
2026-02-13 23:10:29.340320,Dubai-92ba,28,68,Normal
2026-02-13 23:10:30.340320,Dubai-92ba,18,36,Normal
2026-02-13 23:10:31.340320,Dubai-92ba,5,45,Normal
2026-02-13 23:10:32.340320,Dubai-92ba,0,85,Normal
2026-02-13 23:10:33.340320,Dubai-92ba,11,61,Normal
2026-02-13 23:10:34.340320,Dubai-92ba,13,0,Normal
2026-02-13 23:10:35.340320,Dubai-92ba,11,49,Normal
2026-02-13 23:10:36.340320,Dubai-92ba,29,62,Normal
2026-02-13 23:10:37.340320,Dubai-92ba,-11,3,Normal
2026-02-13 23:10:38.340320,Dubai-92ba,14,82,Normal
2026-02-13 23:10:39.340320,Dubai-92ba,40,3,Normal
2026-02-13 23:10:40.340320,Dubai-92ba,-22,74,Normal
2026-02-13 23:10:41.340320,Dubai-92ba,16,68,Normal
2026-02-13 23:10:42.340320,Dubai-92ba,4,88,Normal
2026-02-13 23:10:43.340320,Dubai-92ba,-18,26,Normal
2026-02-13 23:10:44.340320,Dubai-92ba,-12,2,Normal
2026-02-13 23:10:45.340320,Dubai-92ba,-30,73,Normal
2026-02-13 23:10:46.340320,Dubai-92ba,-30,14,Normal
2026-02-13 23:10:47.340320,Dubai-92ba,45,75,Normal
2026-02-13 23:10:48.340320,Dubai-92ba,35,45,Normal
2026-02-13 23:10:49.340320,Dubai-92ba,49,17,Normal
2026-02-13 23:10:50.340320,Dubai-92ba,5,43,Normal
2026-02-13 23:10:51.340320,Dubai-92ba,-28,62,Normal
2026-02-13 23:10:52.340320,Dubai-92ba,7,55,Normal
2026-02-13 23:10:53.340320,Dubai-92ba,49,53,Normal
2026-02-13 23:10:54.340320,Dubai-92ba,37,67,Normal
2026-02-13 23:10:55.340320,Dubai-92ba,24,53,Normal
2026-02-13 23:10:56.340320,Dubai-92ba,3,26,Normal
2026-02-13 23:10:57.340320,Dubai-92ba,-11,2,Normal
2026-02-13 23:10:58.340320,Dubai-92ba,12,87,Normal
2026-02-13 23:10:59.340320,Dubai-92ba,21,63,Normal
2026-02-13 23:11:00.340320,Dubai-92ba,15,11,Normal
2026-02-13 23:11:01.340320,Dubai-92ba,44,71,Normal
2026-02-13 23:11:02.340320,Dubai-92ba,46,65,Normal
2026-02-13 23:11:03.340320,Dubai-92ba,-24,22,Normal
2026-02-13 23:11:04.340320,Dubai-92ba,7,36,Normal
2026-02-13 23:11:05.340320,Dubai-92ba,-29,62,Normal
2026-02-13 23:11:06.340320,Dubai-92ba,-3,84,Normal
2026-02-13 23:11:07.340320,Dubai-92ba,-20,18,Normal
2026-02-13 23:11:08.340320,Dubai-92ba,14,19,Normal
2026-02-13 23:11:09.340320,Dubai-92ba,-8,35,Normal
2026-02-13 23:11:10.340320,Dubai-92ba,-24,80,Normal
2026-02-13 23:11:11.340320,Dubai-92ba,5,55,Normal
2026-02-13 23:11:12.340320,Dubai-92ba,-10,21,Normal
2026-02-13 23:11:13.340320,Dubai-92ba,45,15,Normal
2026-02-13 23:11:14.340320,Dubai-92ba,11,44,Normal
2026-02-13 23:11:15.340320,Dubai-92ba,42,1,Normal
2026-02-13 23:11:16.340320,Dubai-92ba,9,96,Normal
2026-02-13 23:11:17.340320,Dubai-92ba,-1,78,Normal
2026-02-13 23:11:18.340320,Dubai-92ba,29,8,Normal
2026-02-13 23:11:19.340320,Dubai-92ba,9,22,Normal
2026-02-13 23:11:20.340320,Dubai-92ba,14,66,Normal
2026-02-13 23:11:21.340320,Dubai-92ba,21,83,Normal
2026-02-13 23:11:22.340320,Dubai-92ba,-13,84,Normal
2026-02-13 23:11:23.340320,Dubai-92ba,47,58,Normal
2026-02-13 23:11:24.340320,Dubai-92ba,27,68,Normal
2026-02-13 23:11:25.340320,Dubai-92ba,22,0,Normal
2026-02-13 23:11:26.340320,Dubai-92ba,43,73,Normal
2026-02-13 23:11:27.340320,Dubai-92ba,9,84,Normal
2026-02-13 23:11:28.340320,Dubai-92ba,-25,46,Normal
2026-02-13 23:11:29.340320,Dubai-92ba,27,26,Normal
2026-02-13 23:11:30.340320,Dubai-92ba,31,13,Normal
2026-02-13 23:11:31.340320,Dubai-92ba,-18,9,Normal
2026-02-13 23:11:32.340320,Dubai-92ba,-26,50,Normal
2026-02-13 23:11:33.340320,Dubai-92ba,23,29,Normal
2026-02-13 23:11:34.340320,Dubai-92ba,-4,10,Normal
2026-02-13 23:11:35.340320,Dubai-92ba,-16,17,Normal
2026-02-13 23:11:36.340320,Dubai-92ba,-26,18,Normal
2026-02-13 23:11:37.340320,Dubai-92ba,9,100,Normal
2026-02-13 23:11:38.340320,Dubai-92ba,42,8,Normal
2026-02-13 23:11:39.340320,Dubai-92ba,-23,81,Normal
2026-02-13 23:11:40.340320,Dubai-92ba,38,57,Normal
2026-02-13 23:11:41.340320,Dubai-92ba,23,100,Normal
2026-02-13 23:11:42.340320,Dubai-92ba,19,83,Normal
2026-02-13 23:11:43.340320,Dubai-92ba,-7,12,Normal
2026-02-13 23:11:44.340320,Dubai-92ba,18,97,Normal
2026-02-13 23:11:45.340320,Dubai-92ba,-5,81,Normal
2026-02-13 23:11:46.340320,Dubai-92ba,44,50,Normal
2026-02-13 23:11:47.340320,Dubai-92ba,-4,83,Normal
2026-02-13 23:11:48.340320,Dubai-92ba,21,1,Normal
2026-02-13 23:11:49.340320,Dubai-92ba,-12,53,Normal
2026-02-13 23:11:50.340320,Dubai-92ba,-8,54,Normal
2026-02-13 23:11:51.340320,Dubai-92ba,27,21,Normal
2026-02-13 23:11:52.340320,Dubai-92ba,38,52,Normal
2026-02-13 23:11:53.340320,Dubai-92ba,21,92,Normal
2026-02-13 23:11:54.340320,Dubai-92ba,-12,11,Normal
2026-02-13 23:11:55.340320,Dubai-92ba,16,92,Normal
2026-02-13 23:11:56.340320,Dubai-92ba,20,69,Normal
2026-02-13 23:11:57.340320,Dubai-92ba,0,94,Normal
2026-02-13 23:11:58.340320,Dubai-92ba,1,76,Normal
2026-02-13 23:11:59.340320,Dubai-92ba,34,45,Normal
2026-02-13 23:12:00.340320,Dubai-92ba,7,30,Normal
2026-02-13 23:12:01.340320,Dubai-92ba,-22,6,Normal
2026-02-13 23:12:02.340320,Dubai-92ba,-3,32,Normal
2026-02-13 23:12:03.340320,Dubai-92ba,41,13,Normal
2026-02-13 23:12:04.340320,Dubai-92ba,7,55,Normal
2026-02-13 23:12:05.340320,Dubai-92ba,-8,44,Normal
2026-02-13 23:12:06.340320,Dubai-92ba,0,89,Normal
2026-02-13 23:12:07.340320,Dubai-92ba,27,98,Normal
2026-02-13 23:12:08.340320,Dubai-92ba,47,46,Normal
2026-02-13 23:12:09.340320,Dubai-92ba,-1,32,Normal
2026-02-13 23:12:10.340320,Dubai-92ba,48,48,Normal
2026-02-13 23:12:11.340320,Dubai-92ba,-18,88,Normal
2026-02-13 23:12:12.340320,Dubai-92ba,23,32,Normal
2026-02-13 23:12:13.340320,Dubai-92ba,4,18,Normal
2026-02-13 23:12:14.340320,Dubai-92ba,39,54,Normal
2026-02-13 23:12:15.340320,Dubai-92ba,29,63,Normal
2026-02-13 23:12:16.340320,Dubai-92ba,14,93,Normal
2026-02-13 23:12:17.340320,Dubai-92ba,-25,82,Normal
2026-02-13 23:12:18.340320,Dubai-92ba,-11,92,Normal
2026-02-13 23:12:19.340320,Dubai-92ba,17,55,Normal
2026-02-13 23:12:20.340320,Dubai-92ba,16,45,Normal
2026-02-13 23:12:21.340320,Dubai-92ba,-4,55,Normal
2026-02-13 23:12:22.340320,Dubai-92ba,31,7,Normal
2026-02-13 23:12:23.340320,Dubai-92ba,0,43,Normal
2026-02-13 23:12:24.340320,Dubai-92ba,24,91,Normal
2026-02-13 23:12:25.340320,Dubai-92ba,-17,90,Normal
2026-02-13 23:12:26.340320,Dubai-92ba,36,43,Normal
2026-02-13 23:12:27.340320,Dubai-92ba,-22,35,Normal
2026-02-13 23:12:28.340320,Dubai-92ba,3,52,Normal
2026-02-13 23:12:29.340320,Dubai-92ba,-26,33,Normal
2026-02-13 23:12:30.340320,Dubai-92ba,18,90,Normal
2026-02-13 23:12:31.340320,Dubai-92ba,35,56,Normal
2026-02-13 23:12:32.340320,Dubai-92ba,-28,1,Normal
2026-02-13 23:12:33.340320,Dubai-92ba,18,11,Normal
2026-02-13 23:12:34.340320,Dubai-92ba,-12,59,Normal
2026-02-13 23:12:35.340320,Dubai-92ba,25,11,Normal
2026-02-13 23:12:36.340320,Dubai-92ba,8,92,Normal
2026-02-13 23:12:37.340320,Dubai-92ba,-1,12,Normal
2026-02-13 23:12:38.340320,Dubai-92ba,47,9,Normal
2026-02-13 23:12:39.340320,Dubai-92ba,33,68,Normal
2026-02-13 23:12:40.340320,Dubai-92ba,16,62,Normal
2026-02-13 23:12:41.340320,Dubai-92ba,-26,89,Normal
2026-02-13 23:12:42.340320,Dubai-92ba,24,97,Normal
2026-02-13 23:12:43.340320,Dubai-92ba,9,96,Normal
2026-02-13 23:12:44.340320,Dubai-92ba,43,59,Normal
2026-02-13 23:12:45.340320,Dubai-92ba,0,30,Normal
2026-02-13 23:12:46.340320,Dubai-92ba,37,7,Normal
2026-02-13 23:12:47.340320,Dubai-92ba,28,41,Normal
2026-02-13 23:12:48.340320,Dubai-92ba,-17,9,Normal
2026-02-13 23:12:49.340320,Dubai-92ba,41,78,Normal
2026-02-13 23:12:50.340320,Dubai-92ba,2,76,Normal
2026-02-13 23:12:51.340320,Dubai-92ba,2,10,Normal
2026-02-13 23:12:52.340320,Dubai-92ba,28,51,Normal
2026-02-13 23:12:53.340320,Dubai-92ba,6,67,Normal
2026-02-13 23:12:54.340320,Dubai-92ba,28,62,Normal
2026-02-13 23:12:55.340320,Dubai-92ba,-25,96,Normal
2026-02-13 23:12:56.340320,Dubai-92ba,21,73,Normal
2026-02-13 23:12:57.340320,Dubai-92ba,2,53,Normal
2026-02-13 23:12:58.340320,Dubai-92ba,33,43,Normal
2026-02-13 23:12:59.340320,Dubai-92ba,8,51,Normal
2026-02-13 23:13:00.340320,Dubai-92ba,-13,68,Normal
2026-02-13 23:13:01.340320,Dubai-92ba,9,43,Normal
2026-02-13 23:13:02.340320,Dubai-92ba,40,49,Normal
2026-02-13 23:13:03.340320,Dubai-92ba,25,82,Normal
2026-02-13 23:13:04.340320,Dubai-92ba,21,10,Normal
2026-02-13 23:13:05.340320,Dubai-92ba,43,60,Normal
2026-02-13 23:13:06.340320,Dubai-92ba,-21,92,Normal
2026-02-13 23:13:07.340320,Dubai-92ba,44,80,Normal
2026-02-13 23:13:08.340320,Dubai-92ba,-18,46,Normal
2026-02-13 23:13:09.340320,Dubai-92ba,-12,74,Normal
2026-02-13 23:13:10.340320,Dubai-92ba,15,23,Normal
2026-02-13 23:13:11.340320,Dubai-92ba,-30,1,Normal
2026-02-13 23:13:12.340320,Dubai-92ba,-29,71,Normal
2026-02-13 23:13:13.340320,Dubai-92ba,-14,74,Normal
2026-02-13 23:13:14.340320,Dubai-92ba,39,2,Normal
2026-02-13 23:13:15.340320,Dubai-92ba,-23,95,Normal
2026-02-13 23:13:16.340320,Dubai-92ba,-8,78,Normal
2026-02-13 23:13:17.340320,Dubai-92ba,-21,24,Normal
2026-02-13 23:13:18.340320,Dubai-92ba,8,34,Normal
2026-02-13 23:13:19.340320,Dubai-92ba,4,1,Normal
2026-02-13 23:13:20.340320,Dubai-92ba,-28,94,Normal
2026-02-13 23:13:21.340320,Dubai-92ba,-12,30,Normal
2026-02-13 23:13:22.340320,Dubai-92ba,17,33,Normal
2026-02-13 23:13:23.340320,Dubai-92ba,8,56,Normal
2026-02-13 23:13:24.340320,Dubai-92ba,2,6,Normal
2026-02-13 23:13:25.340320,Dubai-92ba,37,12,Normal
2026-02-13 23:13:26.340320,Dubai-92ba,-8,74,Normal
2026-02-13 23:13:27.340320,Dubai-92ba,38,75,Normal
2026-02-13 23:13:28.340320,Dubai-92ba,-7,0,Normal
2026-02-13 23:13:29.340320,Dubai-92ba,44,47,Normal
2026-02-13 23:13:30.340320,Dubai-92ba,29,28,Normal
2026-02-13 23:13:31.340320,Dubai-92ba,-5,80,Normal
2026-02-13 23:13:32.340320,Dubai-92ba,-30,85,Normal
2026-02-13 23:13:33.340320,Dubai-92ba,37,20,Normal
2026-02-13 23:13:34.340320,Dubai-92ba,-19,20,Normal
2026-02-13 23:13:35.340320,Dubai-92ba,45,97,Normal
2026-02-13 23:13:36.340320,Dubai-92ba,50,92,Normal
2026-02-13 23:13:37.340320,Dubai-92ba,-30,12,Normal
2026-02-13 23:13:38.340320,Dubai-92ba,0,76,Normal
2026-02-13 23:13:39.340320,Dubai-92ba,1,69,Normal
2026-02-13 23:13:40.340320,Dubai-92ba,-21,43,Normal
2026-02-13 23:13:41.340320,Dubai-92ba,34,32,Normal
2026-02-13 23:13:42.340320,Dubai-92ba,44,72,Normal
2026-02-13 23:13:43.340320,Dubai-92ba,25,59,Normal
2026-02-13 23:13:44.340320,Dubai-92ba,-20,77,Normal
2026-02-13 23:13:45.340320,Dubai-92ba,6,25,Normal
2026-02-13 23:13:46.340320,Dubai-92ba,-23,72,Normal
2026-02-13 23:13:47.340320,Dubai-92ba,18,6,Normal
2026-02-13 23:13:48.340320,Dubai-92ba,-30,61,Normal
2026-02-13 23:13:49.340320,Dubai-92ba,10,13,Normal
2026-02-13 23:13:50.340320,Dubai-92ba,-5,63,Normal
2026-02-13 23:13:51.340320,Dubai-92ba,15,24,Normal
2026-02-13 23:13:52.340320,Dubai-92ba,48,29,Normal
2026-02-13 23:13:53.340320,Dubai-92ba,20,90,Normal
2026-02-13 23:13:54.340320,Dubai-92ba,-12,15,Normal
2026-02-13 23:13:55.340320,Dubai-92ba,-2,13,Normal
2026-02-13 23:13:56.340320,Dubai-92ba,49,36,Normal
2026-02-13 23:13:57.340320,Dubai-92ba,43,25,Normal
2026-02-13 23:13:58.340320,Dubai-92ba,33,3,Normal
2026-02-13 23:13:59.340320,Dubai-92ba,23,46,Normal
2026-02-13 23:14:00.340320,Dubai-92ba,-15,79,Normal
2026-02-13 23:14:01.340320,Dubai-92ba,4,76,Normal
2026-02-13 23:14:02.340320,Dubai-92ba,17,56,Normal
2026-02-13 23:14:03.340320,Dubai-92ba,44,81,Normal
2026-02-13 23:14:04.340320,Dubai-92ba,36,19,Normal
2026-02-13 23:14:05.340320,Dubai-92ba,40,52,Normal
2026-02-13 23:14:06.340320,Dubai-92ba,-2,3,Normal
2026-02-13 23:14:07.340320,Dubai-92ba,42,88,Normal
2026-02-13 23:14:08.340320,Dubai-92ba,-30,26,Normal
2026-02-13 23:14:09.340320,Dubai-92ba,-24,58,Normal
2026-02-13 23:14:10.340320,Dubai-92ba,2,25,Normal
2026-02-13 23:14:11.340320,Dubai-92ba,49,3,Normal
2026-02-13 23:14:12.340320,Dubai-92ba,-28,9,Normal
2026-02-13 23:14:13.340320,Dubai-92ba,10,52,Normal
2026-02-13 23:14:14.340320,Dubai-92ba,17,60,Normal
2026-02-13 23:14:15.340320,Dubai-92ba,14,48,Normal
2026-02-13 23:14:16.340320,Dubai-92ba,32,64,Normal
2026-02-13 23:14:17.340320,Dubai-92ba,13,66,Normal
2026-02-13 23:14:18.340320,Dubai-92ba,5,50,Normal
2026-02-13 23:14:19.340320,Dubai-92ba,-13,91,Normal
2026-02-13 23:14:20.340320,Dubai-92ba,20,96,Normal
2026-02-13 23:14:21.340320,Dubai-92ba,-13,75,Normal
2026-02-13 23:14:22.340320,Dubai-92ba,12,47,Normal
2026-02-13 23:14:23.340320,Dubai-92ba,15,43,Normal
2026-02-13 23:14:24.340320,Dubai-92ba,22,54,Normal
2026-02-13 23:14:25.340320,Dubai-92ba,-30,63,Normal
2026-02-13 23:14:26.340320,Dubai-92ba,42,51,Normal
2026-02-13 23:14:27.340320,Dubai-92ba,-4,35,Normal
2026-02-13 23:14:28.340320,Dubai-92ba,-13,29,Normal
2026-02-13 23:14:29.340320,Dubai-92ba,17,18,Normal
2026-02-13 23:14:30.340320,Dubai-92ba,-23,69,Normal
2026-02-13 23:14:31.340320,Dubai-92ba,-23,85,Normal
2026-02-13 23:14:32.340320,Dubai-92ba,-15,57,Normal
2026-02-13 23:14:33.340320,Dubai-92ba,-23,83,Normal
2026-02-13 23:14:34.340320,Dubai-92ba,39,52,Normal
2026-02-13 23:14:35.340320,Dubai-92ba,-5,22,Normal
2026-02-13 23:14:36.340320,Dubai-92ba,-22,86,Normal
2026-02-13 23:14:37.340320,Dubai-92ba,48,4,Normal
2026-02-13 23:14:38.340320,Dubai-92ba,-12,85,Normal
2026-02-13 23:14:39.340320,Dubai-92ba,1,18,Normal
2026-02-13 23:14:40.340320,Dubai-92ba,37,58,Normal
2026-02-13 23:14:41.340320,Dubai-92ba,24,45,Normal
2026-02-13 23:14:42.340320,Dubai-92ba,-7,95,Normal
2026-02-13 23:14:43.340320,Dubai-92ba,20,53,Normal
2026-02-13 23:14:44.340320,Dubai-92ba,-1,25,Normal
2026-02-13 23:14:45.340320,Dubai-92ba,20,51,Normal
2026-02-13 23:14:46.340320,Dubai-92ba,0,14,Normal
2026-02-13 23:14:47.340320,Dubai-92ba,2,19,Normal
2026-02-13 23:14:48.340320,Dubai-92ba,-25,53,Normal
2026-02-13 23:14:49.340320,Dubai-92ba,35,47,Normal
2026-02-13 23:14:50.340320,Dubai-92ba,9,26,Normal
2026-02-13 23:14:51.340320,Dubai-92ba,39,33,Normal
2026-02-13 23:14:52.340320,Dubai-92ba,21,36,Normal
2026-02-13 23:14:53.340320,Dubai-92ba,-22,44,Normal
2026-02-13 23:14:54.340320,Dubai-92ba,36,100,Normal
2026-02-13 23:14:55.340320,Dubai-92ba,29,8,Normal
2026-02-13 23:14:56.340320,Dubai-92ba,25,44,Normal
2026-02-13 23:14:57.340320,Dubai-92ba,21,63,Normal
2026-02-13 23:14:58.340320,Dubai-92ba,6,98,Normal
2026-02-13 23:14:59.340320,Dubai-92ba,-14,82,Normal
2026-02-13 23:15:00.340320,Dubai-92ba,-27,29,Normal
2026-02-13 23:15:01.340320,Dubai-92ba,40,22,Normal
2026-02-13 23:15:02.340320,Dubai-92ba,-15,67,Normal
2026-02-13 23:15:03.340320,Dubai-92ba,-1,55,Normal
2026-02-13 23:15:04.340320,Dubai-92ba,-27,84,Normal
2026-02-13 23:15:05.340320,Dubai-92ba,-16,30,Normal
2026-02-13 23:15:06.340320,Dubai-92ba,-30,3,Normal
2026-02-13 23:15:07.340320,Dubai-92ba,7,34,Normal
2026-02-13 23:15:08.340320,Dubai-92ba,32,50,Normal
2026-02-13 23:15:09.340320,Dubai-92ba,32,40,Normal
2026-02-13 23:15:10.340320,Dubai-92ba,36,3,Normal
2026-02-13 23:15:11.340320,Dubai-92ba,33,57,Normal
2026-02-13 23:15:12.340320,Dubai-92ba,31,35,Normal
2026-02-13 23:15:13.340320,Dubai-92ba,48,20,Normal
2026-02-13 23:15:14.340320,Dubai-92ba,10,27,Normal
2026-02-13 23:15:15.340320,Dubai-92ba,25,49,Normal
2026-02-13 23:15:16.340320,Dubai-92ba,-11,96,Normal
2026-02-13 23:15:17.340320,Dubai-92ba,-26,82,Normal
2026-02-13 23:15:18.340320,Dubai-92ba,-20,55,Normal
2026-02-13 23:15:19.340320,Dubai-92ba,30,77,Normal
2026-02-13 23:15:20.340320,Dubai-92ba,5,82,Normal
2026-02-13 23:15:21.340320,Dubai-92ba,-3,59,Normal
2026-02-13 23:15:22.340320,Dubai-92ba,43,41,Normal
2026-02-13 23:15:23.340320,Dubai-92ba,21,3,Normal
2026-02-13 23:15:24.340320,Dubai-92ba,32,7,Normal
2026-02-13 23:15:25.340320,Dubai-92ba,21,0,Normal
2026-02-13 23:15:26.340320,Dubai-92ba,40,16,Normal
2026-02-13 23:15:27.340320,Dubai-92ba,-27,59,Normal
2026-02-13 23:15:28.340320,Dubai-92ba,-6,17,Normal
2026-02-13 23:15:29.340320,Dubai-92ba,45,59,Normal
2026-02-13 23:15:30.340320,Dubai-92ba,-5,87,Normal
2026-02-13 23:15:31.340320,Dubai-92ba,-23,35,Normal
2026-02-13 23:15:32.340320,Dubai-92ba,-11,33,Normal
2026-02-13 23:15:33.340320,Dubai-92ba,29,9,Normal
2026-02-13 23:15:34.340320,Dubai-92ba,-20,7,Normal
2026-02-13 23:15:35.340320,Dubai-92ba,25,47,Normal
2026-02-13 23:15:36.340320,Dubai-92ba,25,61,Normal
2026-02-13 23:15:37.340320,Dubai-92ba,29,88,Normal
2026-02-13 23:15:38.340320,Dubai-92ba,-18,72,Normal
2026-02-13 23:15:39.340320,Dubai-92ba,-5,86,Normal
2026-02-13 23:15:40.340320,Dubai-92ba,29,61,Normal
2026-02-13 23:15:41.340320,Dubai-92ba,0,55,Normal
2026-02-13 23:15:42.340320,Dubai-92ba,40,36,Normal
2026-02-13 23:15:43.340320,Dubai-92ba,5,41,Normal
2026-02-13 23:15:44.340320,Dubai-92ba,-30,90,Normal
2026-02-13 23:15:45.340320,Dubai-92ba,27,72,Normal
2026-02-13 23:15:46.340320,Dubai-92ba,-4,21,Normal
2026-02-13 23:15:47.340320,Dubai-92ba,13,34,Normal
2026-02-13 23:15:48.340320,Dubai-92ba,9,91,Normal
2026-02-13 23:15:49.340320,Dubai-92ba,-18,84,Normal
2026-02-13 23:15:50.340320,Dubai-92ba,18,50,Normal
2026-02-13 23:15:51.340320,Dubai-92ba,27,24,Normal
2026-02-13 23:15:52.340320,Dubai-92ba,32,53,Normal
2026-02-13 23:15:53.340320,Dubai-92ba,45,26,Normal
2026-02-13 23:15:54.340320,Dubai-92ba,34,26,Normal
2026-02-13 23:15:55.340320,Dubai-92ba,-13,90,Normal
2026-02-13 23:15:56.340320,Dubai-92ba,24,15,Normal
2026-02-13 23:15:57.340320,Dubai-92ba,-18,46,Normal
2026-02-13 23:15:58.340320,Dubai-92ba,46,12,Normal
2026-02-13 23:15:59.340320,Dubai-92ba,-15,59,Normal
2026-02-13 23:16:00.340320,Dubai-92ba,48,88,Normal
2026-02-13 23:16:01.340320,Dubai-92ba,41,99,Normal
2026-02-13 23:16:02.340320,Dubai-92ba,-1,7,Normal
2026-02-13 23:16:03.340320,Dubai-92ba,-24,76,Normal
2026-02-13 23:16:04.340320,Dubai-92ba,34,77,Normal
2026-02-13 23:16:05.340320,Dubai-92ba,-16,39,Normal
2026-02-13 23:16:06.340320,Dubai-92ba,-29,90,Normal
2026-02-13 23:16:07.340320,Dubai-92ba,-9,61,Normal
2026-02-13 23:16:08.340320,Dubai-92ba,-5,5,Normal
2026-02-13 23:16:09.340320,Dubai-92ba,17,45,Normal
2026-02-13 23:16:10.340320,Dubai-92ba,26,81,Normal
2026-02-13 23:16:11.340320,Dubai-92ba,39,24,Normal
2026-02-13 23:16:12.340320,Dubai-92ba,9,94,Normal
2026-02-13 23:16:13.340320,Dubai-92ba,22,30,Normal
2026-02-13 23:16:14.340320,Dubai-92ba,-10,63,Normal
2026-02-13 23:16:15.340320,Dubai-92ba,9,63,Normal
2026-02-13 23:16:16.340320,Dubai-92ba,23,85,Normal
2026-02-13 23:16:17.340320,Dubai-92ba,-20,46,Normal
2026-02-13 23:16:18.340320,Dubai-92ba,-27,22,Normal
2026-02-13 23:16:19.340320,Dubai-92ba,13,81,Normal
2026-02-13 23:16:20.340320,Dubai-92ba,-21,2,Normal
2026-02-13 23:16:21.340320,Dubai-92ba,-30,47,Normal
2026-02-13 23:16:22.340320,Dubai-92ba,-2,38,Normal
2026-02-13 23:16:23.340320,Dubai-92ba,-22,65,Normal
2026-02-13 23:16:24.340320,Dubai-92ba,49,42,Normal
2026-02-13 23:16:25.340320,Dubai-92ba,-6,97,Normal
2026-02-13 23:16:26.340320,Dubai-92ba,14,11,Normal
2026-02-13 23:16:27.340320,Dubai-92ba,34,44,Normal
2026-02-13 23:16:28.340320,Dubai-92ba,48,43,Normal
2026-02-13 23:16:29.340320,Dubai-92ba,-1,69,Normal
2026-02-13 23:16:30.340320,Dubai-92ba,-17,63,Normal
2026-02-13 23:16:31.340320,Dubai-92ba,-28,27,Normal
2026-02-13 23:16:32.340320,Dubai-92ba,0,12,Normal
2026-02-13 23:16:33.340320,Dubai-92ba,7,94,Normal
2026-02-13 23:16:34.340320,Dubai-92ba,-9,64,Normal
2026-02-13 23:16:35.340320,Dubai-92ba,-24,17,Normal
2026-02-13 23:16:36.340320,Dubai-92ba,-10,37,Normal
2026-02-13 23:16:37.340320,Dubai-92ba,45,33,Normal
2026-02-13 23:16:38.340320,Dubai-92ba,49,99,Normal
2026-02-13 23:16:39.340320,Dubai-92ba,-7,19,Normal
2026-02-13 23:16:40.340320,Dubai-92ba,7,38,Normal
2026-02-13 23:16:41.340320,Dubai-92ba,-1,54,Normal
2026-02-13 23:16:42.340320,Dubai-92ba,48,58,Normal
2026-02-13 23:16:43.340320,Dubai-92ba,29,35,Normal
2026-02-13 23:16:44.340320,Dubai-92ba,42,22,Normal
2026-02-13 23:16:45.340320,Dubai-92ba,27,92,Normal
2026-02-13 23:16:46.340320,Dubai-92ba,-19,63,Normal
2026-02-13 23:16:47.340320,Dubai-92ba,-7,69,Normal
2026-02-13 23:16:48.340320,Dubai-92ba,5,3,Normal
2026-02-13 23:16:49.340320,Dubai-92ba,2,71,Normal
2026-02-13 23:16:50.340320,Dubai-92ba,-6,18,Normal
2026-02-13 23:16:51.340320,Dubai-92ba,28,25,Normal
2026-02-13 23:16:52.340320,Dubai-92ba,38,17,Normal
2026-02-13 23:16:53.340320,Dubai-92ba,16,100,Normal
2026-02-13 23:16:54.340320,Dubai-92ba,42,43,Normal
2026-02-13 23:16:55.340320,Dubai-92ba,1,24,Normal
2026-02-13 23:16:56.340320,Dubai-92ba,-9,4,Normal
2026-02-13 23:16:57.340320,Dubai-92ba,-9,66,Normal
2026-02-13 23:16:58.340320,Dubai-92ba,50,24,Normal
2026-02-13 23:16:59.340320,Dubai-92ba,-4,83,Normal
2026-02-13 23:17:00.340320,Dubai-92ba,31,95,Normal
2026-02-13 23:17:01.340320,Dubai-92ba,40,67,Normal
2026-02-13 23:17:02.340320,Dubai-92ba,50,28,Normal
2026-02-13 23:17:03.340320,Dubai-92ba,13,43,Normal
2026-02-13 23:17:04.340320,Dubai-92ba,5,54,Normal
2026-02-13 23:17:05.340320,Dubai-92ba,36,47,Normal
2026-02-13 23:17:06.340320,Dubai-92ba,26,82,Normal
2026-02-13 23:17:07.340320,Dubai-92ba,48,47,Normal
2026-02-13 23:17:08.340320,Dubai-92ba,25,96,Normal
2026-02-13 23:17:09.340320,Dubai-92ba,21,37,Normal
2026-02-13 23:17:10.340320,Dubai-92ba,39,59,Normal
2026-02-13 23:17:11.340320,Dubai-92ba,7,86,Normal
2026-02-13 23:17:12.340320,Dubai-92ba,11,90,Normal
2026-02-13 23:17:13.340320,Dubai-92ba,36,19,Normal
2026-02-13 23:17:14.340320,Dubai-92ba,35,80,Normal
2026-02-13 23:17:15.340320,Dubai-92ba,2,44,Normal
2026-02-13 23:17:16.340320,Dubai-92ba,7,32,Normal
2026-02-13 23:17:17.340320,Dubai-92ba,36,46,Normal
2026-02-13 23:17:18.340320,Dubai-92ba,-23,75,Normal
2026-02-13 23:17:19.340320,Dubai-92ba,1,76,Normal
2026-02-13 23:17:20.340320,Dubai-92ba,23,84,Normal
2026-02-13 23:17:21.340320,Dubai-92ba,-4,88,Normal
2026-02-13 23:17:22.340320,Dubai-92ba,29,10,Normal
2026-02-13 23:17:23.340320,Dubai-92ba,-24,18,Normal
2026-02-13 23:17:24.340320,Dubai-92ba,-28,45,Normal
2026-02-13 23:17:25.340320,Dubai-92ba,-1,98,Normal
2026-02-13 23:17:26.340320,Dubai-92ba,47,3,Normal
2026-02-13 23:17:27.340320,Dubai-92ba,-3,92,Normal
2026-02-13 23:17:28.340320,Dubai-92ba,48,86,Normal
2026-02-13 23:17:29.340320,Dubai-92ba,16,59,Normal
2026-02-13 23:17:30.340320,Dubai-92ba,25,94,Normal
2026-02-13 23:17:31.340320,Dubai-92ba,-27,78,Normal
2026-02-13 23:17:32.340320,Dubai-92ba,7,30,Normal
2026-02-13 23:17:33.340320,Dubai-92ba,18,47,Normal
2026-02-13 23:17:34.340320,Dubai-92ba,-9,46,Normal
2026-02-13 23:17:35.340320,Dubai-92ba,20,68,Normal
2026-02-13 23:17:36.340320,Dubai-92ba,14,50,Normal
2026-02-13 23:17:37.340320,Dubai-92ba,32,49,Normal
2026-02-13 23:17:38.340320,Dubai-92ba,25,43,Normal
2026-02-13 23:17:39.340320,Dubai-92ba,-9,99,Normal
2026-02-13 23:17:40.340320,Dubai-92ba,5,13,Normal
2026-02-13 23:17:41.340320,Dubai-92ba,26,93,Normal
2026-02-13 23:17:42.340320,Dubai-92ba,4,19,Normal
2026-02-13 23:17:43.340320,Dubai-92ba,-25,43,Normal
2026-02-13 23:17:44.340320,Dubai-92ba,48,69,Normal
2026-02-13 23:17:45.340320,Dubai-92ba,1,68,Normal
2026-02-13 23:17:46.340320,Dubai-92ba,47,21,Normal
2026-02-13 23:17:47.340320,Dubai-92ba,8,34,Normal
2026-02-13 23:17:48.340320,Dubai-92ba,-1,60,Normal
2026-02-13 23:17:49.340320,Dubai-92ba,8,57,Normal
2026-02-13 23:17:50.340320,Dubai-92ba,47,3,Normal
2026-02-13 23:17:51.340320,Dubai-92ba,22,55,Normal
2026-02-13 23:17:52.340320,Dubai-92ba,11,73,Normal
2026-02-13 23:17:53.340320,Dubai-92ba,2,34,Normal
2026-02-13 23:17:54.340320,Dubai-92ba,-30,88,Normal
2026-02-13 23:17:55.340320,Dubai-92ba,-29,13,Normal
2026-02-13 23:17:56.340320,Dubai-92ba,25,84,Normal
2026-02-13 23:17:57.340320,Dubai-92ba,24,36,Normal
2026-02-13 23:17:58.340320,Dubai-92ba,50,56,Normal
2026-02-13 23:17:59.340320,Dubai-92ba,-18,34,Normal
2026-02-13 23:18:00.340320,Dubai-92ba,35,58,Normal
2026-02-13 23:18:01.340320,Dubai-92ba,-29,48,Normal
2026-02-13 23:18:02.340320,Dubai-92ba,32,28,Normal
2026-02-13 23:18:03.340320,Dubai-92ba,23,63,Normal
2026-02-13 23:18:04.340320,Dubai-92ba,13,60,Normal
2026-02-13 23:18:05.340320,Dubai-92ba,37,35,Normal
2026-02-13 23:18:06.340320,Dubai-92ba,46,85,Normal
2026-02-13 23:18:07.340320,Dubai-92ba,46,8,Normal
2026-02-13 23:18:08.340320,Dubai-92ba,25,3,Normal
2026-02-13 23:18:09.340320,Dubai-92ba,14,28,Normal
2026-02-13 23:18:10.340320,Dubai-92ba,13,17,Normal
2026-02-13 23:18:11.340320,Dubai-92ba,19,81,Normal
2026-02-13 23:18:12.340320,Dubai-92ba,-23,48,Normal
2026-02-13 23:18:13.340320,Dubai-92ba,12,60,Normal
2026-02-13 23:18:14.340320,Dubai-92ba,29,36,Normal
2026-02-13 23:18:15.340320,Dubai-92ba,-23,77,Normal
2026-02-13 23:18:16.340320,Dubai-92ba,21,36,Normal
2026-02-13 23:18:17.340320,Dubai-92ba,16,66,Normal
2026-02-13 23:18:18.340320,Dubai-92ba,-14,61,Normal
2026-02-13 23:18:19.340320,Dubai-92ba,25,25,Normal
2026-02-13 23:18:20.340320,Dubai-92ba,49,88,Normal
2026-02-13 23:18:21.340320,Dubai-92ba,0,21,Normal
2026-02-13 23:18:22.340320,Dubai-92ba,7,89,Normal
2026-02-13 23:18:23.340320,Dubai-92ba,-1,3,Normal
2026-02-13 23:18:24.340320,Dubai-92ba,36,42,Normal
2026-02-13 23:18:25.340320,Dubai-92ba,16,69,Normal
2026-02-13 23:18:26.340320,Dubai-92ba,-5,86,Normal
2026-02-13 23:18:27.340320,Dubai-92ba,24,64,Normal
2026-02-13 23:18:28.340320,Dubai-92ba,-5,67,Normal
2026-02-13 23:18:29.340320,Dubai-92ba,30,2,Normal
2026-02-13 23:18:30.340320,Dubai-92ba,35,96,Normal
2026-02-13 23:18:31.340320,Dubai-92ba,34,84,Normal
2026-02-13 23:18:32.340320,Dubai-92ba,-12,82,Normal
2026-02-13 23:18:33.340320,Dubai-92ba,14,19,Normal
2026-02-13 23:18:34.340320,Dubai-92ba,-30,34,Normal
2026-02-13 23:18:35.340320,Dubai-92ba,44,15,Normal
2026-02-13 23:18:36.340320,Dubai-92ba,-28,43,Normal
2026-02-13 23:18:37.340320,Dubai-92ba,8,30,Normal
2026-02-13 23:18:38.340320,Dubai-92ba,15,16,Normal
2026-02-13 23:18:39.340320,Dubai-92ba,35,37,Normal
2026-02-13 23:18:40.340320,Dubai-92ba,-12,22,Normal
2026-02-13 23:18:41.340320,Dubai-92ba,20,64,Normal
2026-02-13 23:18:42.340320,Dubai-92ba,15,64,Normal
2026-02-13 23:18:43.340320,Dubai-92ba,17,30,Normal
2026-02-13 23:18:44.340320,Dubai-92ba,43,3,Normal
2026-02-13 23:18:45.340320,Dubai-92ba,8,60,Normal
2026-02-13 23:18:46.340320,Dubai-92ba,25,43,Normal
2026-02-13 23:18:47.340320,Dubai-92ba,26,64,Normal
2026-02-13 23:18:48.340320,Dubai-92ba,-15,39,Normal
2026-02-13 23:18:49.340320,Dubai-92ba,-1,43,Normal
2026-02-13 23:18:50.340320,Dubai-92ba,-21,77,Normal
2026-02-13 23:18:51.340320,Dubai-92ba,-9,42,Normal
2026-02-13 23:18:52.340320,Dubai-92ba,-25,11,Normal
2026-02-13 23:18:53.340320,Dubai-92ba,-15,75,Normal
2026-02-13 23:18:54.340320,Dubai-92ba,-21,83,Normal
2026-02-13 23:18:55.340320,Dubai-92ba,30,92,Normal
2026-02-13 23:18:56.340320,Dubai-92ba,-21,8,Normal
2026-02-13 23:18:57.340320,Dubai-92ba,-18,5,Normal
2026-02-13 23:18:58.340320,Dubai-92ba,30,97,Normal
2026-02-13 23:18:59.340320,Dubai-92ba,11,97,Normal
2026-02-13 23:19:00.340320,Dubai-92ba,-15,98,Normal
2026-02-13 23:19:01.340320,Dubai-92ba,19,38,Normal
2026-02-13 23:19:02.340320,Dubai-92ba,11,20,Normal
2026-02-13 23:19:03.340320,Dubai-92ba,8,64,Normal
2026-02-13 23:19:04.340320,Dubai-92ba,47,38,Normal
2026-02-13 23:19:05.340320,Dubai-92ba,10,40,Normal
2026-02-13 23:19:06.340320,Dubai-92ba,32,64,Normal
2026-02-13 23:19:07.340320,Dubai-92ba,-23,64,Normal
2026-02-13 23:19:08.340320,Dubai-92ba,-7,7,Normal
2026-02-13 23:19:09.340320,Dubai-92ba,14,95,Normal
2026-02-13 23:19:10.340320,Dubai-92ba,-25,77,Normal
2026-02-13 23:19:11.340320,Dubai-92ba,30,67,Normal
2026-02-13 23:19:12.340320,Dubai-92ba,-2,84,Normal
2026-02-13 23:19:13.340320,Dubai-92ba,24,28,Normal
2026-02-13 23:19:14.340320,Dubai-92ba,30,86,Normal
2026-02-13 23:19:15.340320,Dubai-92ba,32,95,Normal
2026-02-13 23:19:16.340320,Dubai-92ba,10,6,Normal
2026-02-13 23:19:17.340320,Dubai-92ba,35,91,Normal
2026-02-13 23:19:18.340320,Dubai-92ba,48,82,Normal
2026-02-13 23:19:19.340320,Dubai-92ba,-3,8,Normal
2026-02-13 23:19:20.340320,Dubai-92ba,-18,52,Normal
2026-02-13 23:19:21.340320,Dubai-92ba,-9,80,Normal
2026-02-13 23:19:22.340320,Dubai-92ba,10,94,Normal
2026-02-13 23:19:23.340320,Dubai-92ba,1,86,Normal
2026-02-13 23:19:24.340320,Dubai-92ba,-4,54,Normal
2026-02-13 23:19:25.340320,Dubai-92ba,19,89,Normal
2026-02-13 23:19:26.340320,Dubai-92ba,41,83,Normal
2026-02-13 23:19:27.340320,Dubai-92ba,30,51,Normal
2026-02-13 23:19:28.340320,Dubai-92ba,44,100,Normal
2026-02-13 23:19:29.340320,Dubai-92ba,12,69,Normal
2026-02-13 23:19:30.340320,Dubai-92ba,-2,62,Normal
2026-02-13 23:19:31.340320,Dubai-92ba,48,76,Normal
2026-02-13 23:19:32.340320,Dubai-92ba,1,63,Normal
2026-02-13 23:19:33.340320,Dubai-92ba,14,11,Normal
2026-02-13 23:19:34.340320,Dubai-92ba,-1,42,Normal
2026-02-13 23:19:35.340320,Dubai-92ba,31,71,Normal
2026-02-13 23:19:36.340320,Dubai-92ba,3,10,Normal
2026-02-13 23:19:37.340320,Dubai-92ba,49,67,Normal
2026-02-13 23:19:38.340320,Dubai-92ba,5,83,Normal
2026-02-13 23:19:39.340320,Dubai-92ba,-7,62,Normal
2026-02-13 23:19:40.340320,Dubai-92ba,41,23,Normal
2026-02-13 23:19:41.340320,Dubai-92ba,45,24,Normal
2026-02-13 23:19:42.340320,Dubai-92ba,-28,38,Normal
2026-02-13 23:19:43.340320,Dubai-92ba,-20,94,Normal
2026-02-13 23:19:44.340320,Dubai-92ba,38,16,Normal
2026-02-13 23:19:45.340320,Dubai-92ba,-21,20,Normal
2026-02-13 23:19:46.340320,Dubai-92ba,46,80,Normal
2026-02-13 23:19:47.340320,Dubai-92ba,20,1,Normal
2026-02-13 23:19:48.340320,Dubai-92ba,41,96,Normal
2026-02-13 23:19:49.340320,Dubai-92ba,32,93,Normal
2026-02-13 23:19:50.340320,Dubai-92ba,42,16,Normal
2026-02-13 23:19:51.340320,Dubai-92ba,21,28,Normal
2026-02-13 23:19:52.340320,Dubai-92ba,17,85,Normal
2026-02-13 23:19:53.340320,Dubai-92ba,47,43,Normal
2026-02-13 23:19:54.340320,Dubai-92ba,9,61,Normal
2026-02-13 23:19:55.340320,Dubai-92ba,10,7,Normal
2026-02-13 23:19:56.340320,Dubai-92ba,-1,20,Normal
2026-02-13 23:19:57.340320,Dubai-92ba,43,7,Normal
2026-02-13 23:19:58.340320,Dubai-92ba,45,87,Normal
2026-02-13 23:19:59.340320,Dubai-92ba,-6,64,Normal
2026-02-13 23:20:00.340320,Dubai-92ba,-5,62,Normal
2026-02-13 23:20:01.340320,Dubai-92ba,-20,13,Normal
2026-02-13 23:20:02.340320,Dubai-92ba,35,61,Normal
2026-02-13 23:20:03.340320,Dubai-92ba,-26,80,Normal
2026-02-13 23:20:04.340320,Dubai-92ba,26,45,Normal
2026-02-13 23:20:05.340320,Dubai-92ba,-21,19,Normal
2026-02-13 23:20:06.340320,Dubai-92ba,-23,96,Normal
2026-02-13 23:20:07.340320,Dubai-92ba,16,84,Normal
2026-02-13 23:20:08.340320,Dubai-92ba,19,19,Normal
2026-02-13 23:20:09.340320,Dubai-92ba,34,3,Normal
2026-02-13 23:20:10.340320,Dubai-92ba,36,97,Normal
2026-02-13 23:20:11.340320,Dubai-92ba,32,65,Normal
2026-02-13 23:20:12.340320,Dubai-92ba,39,58,Normal
2026-02-13 23:20:13.340320,Dubai-92ba,45,4,Normal
2026-02-13 23:20:14.340320,Dubai-92ba,-22,37,Normal
2026-02-13 23:20:15.340320,Dubai-92ba,18,59,Normal
2026-02-13 23:20:16.340320,Dubai-92ba,-22,61,Normal
2026-02-13 23:20:17.340320,Dubai-92ba,-26,35,Normal
2026-02-13 23:20:18.340320,Dubai-92ba,44,12,Normal
2026-02-13 23:20:19.340320,Dubai-92ba,18,45,Normal
2026-02-13 23:20:20.340320,Dubai-92ba,3,11,Normal
2026-02-13 23:20:21.340320,Dubai-92ba,32,25,Normal
2026-02-13 23:20:22.340320,Dubai-92ba,-21,5,Normal
2026-02-13 23:20:23.340320,Dubai-92ba,20,81,Normal
2026-02-13 23:20:24.340320,Dubai-92ba,15,85,Normal
2026-02-13 23:20:25.340320,Dubai-92ba,-23,8,Normal
2026-02-13 23:20:26.340320,Dubai-92ba,44,8,Normal
2026-02-13 23:20:27.340320,Dubai-92ba,4,3,Normal
2026-02-13 23:20:28.340320,Dubai-92ba,37,38,Normal
2026-02-13 23:20:29.340320,Dubai-92ba,2,39,Normal
2026-02-13 23:20:30.340320,Dubai-92ba,27,42,Normal
2026-02-13 23:20:31.340320,Dubai-92ba,-3,36,Normal
2026-02-13 23:20:32.340320,Dubai-92ba,-23,15,Normal
2026-02-13 23:20:33.340320,Dubai-92ba,9,35,Normal
2026-02-13 23:20:34.340320,Dubai-92ba,12,20,Normal
2026-02-13 23:20:35.340320,Dubai-92ba,8,83,Normal
2026-02-13 23:20:36.340320,Dubai-92ba,14,100,Normal
2026-02-13 23:20:37.340320,Dubai-92ba,-27,67,Normal
2026-02-13 23:20:38.340320,Dubai-92ba,6,88,Normal
2026-02-13 23:20:39.340320,Dubai-92ba,23,17,Normal
2026-02-13 23:20:40.340320,Dubai-92ba,28,19,Normal
2026-02-13 23:20:41.340320,Dubai-92ba,22,49,Normal
2026-02-13 23:20:42.340320,Dubai-92ba,14,59,Normal
2026-02-13 23:20:43.340320,Dubai-92ba,-17,30,Normal
2026-02-13 23:20:44.340320,Dubai-92ba,23,57,Normal
2026-02-13 23:20:45.340320,Dubai-92ba,28,87,Normal
2026-02-13 23:20:46.340320,Dubai-92ba,39,52,Normal
2026-02-13 23:20:47.340320,Dubai-92ba,18,79,Normal
2026-02-13 23:20:48.340320,Dubai-92ba,13,4,Normal
2026-02-13 23:20:49.340320,Dubai-92ba,13,0,Normal
2026-02-13 23:20:50.340320,Dubai-92ba,33,31,Normal
2026-02-13 23:20:51.340320,Dubai-92ba,35,91,Normal
2026-02-13 23:20:52.340320,Dubai-92ba,39,46,Normal
2026-02-13 23:20:53.340320,Dubai-92ba,4,6,Normal
2026-02-13 23:20:54.340320,Dubai-92ba,24,81,Normal
2026-02-13 23:20:55.340320,Dubai-92ba,-3,6,Normal
2026-02-13 23:20:56.340320,Dubai-92ba,30,5,Normal
2026-02-13 23:20:57.340320,Dubai-92ba,41,37,Normal
2026-02-13 23:20:58.340320,Dubai-92ba,19,44,Normal
2026-02-13 23:20:59.340320,Dubai-92ba,-21,19,Normal
2026-02-13 23:21:00.340320,Dubai-92ba,35,1,Normal
2026-02-13 23:21:01.340320,Dubai-92ba,-13,36,Normal
2026-02-13 23:21:02.340320,Dubai-92ba,-4,12,Normal
2026-02-13 23:21:03.340320,Dubai-92ba,24,96,Normal
2026-02-13 23:21:04.340320,Dubai-92ba,-13,42,Normal
2026-02-13 23:21:05.340320,Dubai-92ba,-1,72,Normal
2026-02-13 23:21:06.340320,Dubai-92ba,4,54,Normal
2026-02-13 23:21:07.340320,Dubai-92ba,28,9,Normal
2026-02-13 23:21:08.340320,Dubai-92ba,20,71,Normal
2026-02-13 23:21:09.340320,Dubai-92ba,44,65,Normal
2026-02-13 23:21:10.340320,Dubai-92ba,29,15,Normal
2026-02-13 23:21:11.340320,Dubai-92ba,29,100,Normal
2026-02-13 23:21:12.340320,Dubai-92ba,29,86,Normal
2026-02-13 23:21:13.340320,Dubai-92ba,-2,26,Normal
2026-02-13 23:21:14.340320,Dubai-92ba,-15,0,Normal
2026-02-13 23:21:15.340320,Dubai-92ba,-6,17,Normal
2026-02-13 23:21:16.340320,Dubai-92ba,43,41,Normal
2026-02-13 23:21:17.340320,Dubai-92ba,28,4,Normal
2026-02-13 23:21:18.340320,Dubai-92ba,30,82,Normal
2026-02-13 23:21:19.340320,Dubai-92ba,27,41,Normal
2026-02-13 23:21:20.340320,Dubai-92ba,8,6,Normal
2026-02-13 23:21:21.340320,Dubai-92ba,25,49,Normal
2026-02-13 23:21:22.340320,Dubai-92ba,17,56,Normal
2026-02-13 23:21:23.340320,Dubai-92ba,-7,88,Normal
2026-02-13 23:21:24.340320,Dubai-92ba,40,77,Normal
2026-02-13 23:21:25.340320,Dubai-92ba,18,77,Normal
2026-02-13 23:21:26.340320,Dubai-92ba,4,37,Normal
2026-02-13 23:21:27.340320,Dubai-92ba,30,76,Normal
2026-02-13 23:21:28.340320,Dubai-92ba,44,81,Normal
2026-02-13 23:21:29.340320,Dubai-92ba,3,10,Normal
2026-02-13 23:21:30.340320,Dubai-92ba,24,15,Normal
2026-02-13 23:21:31.340320,Dubai-92ba,11,2,Normal
2026-02-13 23:21:32.340320,Dubai-92ba,-23,53,Normal
2026-02-13 23:21:33.340320,Dubai-92ba,-10,57,Normal
2026-02-13 23:21:34.340320,Dubai-92ba,1,74,Normal
2026-02-13 23:21:35.340320,Dubai-92ba,20,88,Normal
2026-02-13 23:21:36.340320,Dubai-92ba,-8,26,Normal
2026-02-13 23:21:37.340320,Dubai-92ba,16,62,Normal
2026-02-13 23:21:38.340320,Dubai-92ba,-20,62,Normal
2026-02-13 23:21:39.340320,Dubai-92ba,9,17,Normal
2026-02-13 23:21:40.340320,Dubai-92ba,49,53,Normal
2026-02-13 23:21:41.340320,Dubai-92ba,-13,59,Normal
2026-02-13 23:21:42.340320,Dubai-92ba,34,88,Normal
2026-02-13 23:21:43.340320,Dubai-92ba,-14,23,Normal
2026-02-13 23:21:44.340320,Dubai-92ba,-29,8,Normal
2026-02-13 23:21:45.340320,Dubai-92ba,5,78,Normal
2026-02-13 23:21:46.340320,Dubai-92ba,48,21,Normal
2026-02-13 23:21:47.340320,Dubai-92ba,4,66,Normal
2026-02-13 23:21:48.340320,Dubai-92ba,-9,77,Normal
2026-02-13 23:21:49.340320,Dubai-92ba,-22,10,Normal
2026-02-13 23:21:50.340320,Dubai-92ba,-1,82,Normal
2026-02-13 23:21:51.340320,Dubai-92ba,-15,8,Normal
2026-02-13 23:21:52.340320,Dubai-92ba,-1,73,Normal
2026-02-13 23:21:53.340320,Dubai-92ba,-11,31,Normal
2026-02-13 23:21:54.340320,Dubai-92ba,38,38,Normal
2026-02-13 23:21:55.340320,Dubai-92ba,-2,85,Normal
2026-02-13 23:21:56.340320,Dubai-92ba,50,51,Normal
2026-02-13 23:21:57.340320,Dubai-92ba,-14,89,Normal
2026-02-13 23:21:58.340320,Dubai-92ba,1,13,Normal
2026-02-13 23:21:59.340320,Dubai-92ba,4,72,Normal
2026-02-13 23:22:00.340320,Dubai-92ba,8,70,Normal
2026-02-13 23:22:01.340320,Dubai-92ba,24,19,Normal
2026-02-13 23:22:02.340320,Dubai-92ba,-26,22,Normal
2026-02-13 23:22:03.340320,Dubai-92ba,-21,63,Normal
2026-02-13 23:22:04.340320,Dubai-92ba,15,7,Normal
2026-02-13 23:22:05.340320,Dubai-92ba,44,53,Normal
2026-02-13 23:22:06.340320,Dubai-92ba,41,34,Normal
2026-02-13 23:22:07.340320,Dubai-92ba,-14,87,Normal
2026-02-13 23:22:08.340320,Dubai-92ba,-6,97,Normal
2026-02-13 23:22:09.340320,Dubai-92ba,16,88,Normal
2026-02-13 23:22:10.340320,Dubai-92ba,9,22,Normal
2026-02-13 23:22:11.340320,Dubai-92ba,49,79,Normal
2026-02-13 23:22:12.340320,Dubai-92ba,29,59,Normal
2026-02-13 23:22:13.340320,Dubai-92ba,18,93,Normal
2026-02-13 23:22:14.340320,Dubai-92ba,9,45,Normal
2026-02-13 23:22:15.340320,Dubai-92ba,-10,69,Normal
2026-02-13 23:22:16.340320,Dubai-92ba,-17,84,Normal
2026-02-13 23:22:17.340320,Dubai-92ba,-20,95,Normal
2026-02-13 23:22:18.340320,Dubai-92ba,25,76,Normal
2026-02-13 23:22:19.340320,Dubai-92ba,7,73,Normal
2026-02-13 23:22:20.340320,Dubai-92ba,-24,99,Normal
2026-02-13 23:22:21.340320,Dubai-92ba,3,39,Normal
2026-02-13 23:22:22.340320,Dubai-92ba,-28,53,Normal
2026-02-13 23:22:23.340320,Dubai-92ba,29,67,Normal
2026-02-13 23:22:24.340320,Dubai-92ba,2,49,Normal
2026-02-13 23:22:25.340320,Dubai-92ba,48,69,Normal
2026-02-13 23:22:26.340320,Dubai-92ba,-2,68,Normal
2026-02-13 23:22:27.340320,Dubai-92ba,-22,78,Normal
2026-02-13 23:22:28.340320,Dubai-92ba,-16,21,Normal
2026-02-13 23:22:29.340320,Dubai-92ba,38,19,Normal
2026-02-13 23:22:30.340320,Dubai-92ba,-3,63,Normal
2026-02-13 23:22:31.340320,Dubai-92ba,27,3,Normal
2026-02-13 23:22:32.340320,Dubai-92ba,-26,60,Normal
2026-02-13 23:22:33.340320,Dubai-92ba,-10,51,Normal
2026-02-13 23:22:34.340320,Dubai-92ba,36,26,Normal
2026-02-13 23:22:35.340320,Dubai-92ba,22,95,Normal
2026-02-13 23:22:36.340320,Dubai-92ba,-25,66,Normal
2026-02-13 23:22:37.340320,Dubai-92ba,-28,45,Normal
2026-02-13 23:22:38.340320,Dubai-92ba,20,87,Normal
2026-02-13 23:22:39.340320,Dubai-92ba,35,53,Normal
2026-02-13 23:22:40.340320,Dubai-92ba,17,29,Normal
2026-02-13 23:22:41.340320,Dubai-92ba,1,47,Normal
2026-02-13 23:22:42.340320,Dubai-92ba,35,29,Normal
2026-02-13 23:22:43.340320,Dubai-92ba,26,39,Normal
2026-02-13 23:22:44.340320,Dubai-92ba,-15,82,Normal
2026-02-13 23:22:45.340320,Dubai-92ba,-2,97,Normal
2026-02-13 23:22:46.340320,Dubai-92ba,-3,31,Normal
2026-02-13 23:22:47.340320,Dubai-92ba,20,78,Normal
2026-02-13 23:22:48.340320,Dubai-92ba,25,3,Normal
2026-02-13 23:22:49.340320,Dubai-92ba,0,73,Normal
2026-02-13 23:22:50.340320,Dubai-92ba,-26,74,Normal
2026-02-13 23:22:51.340320,Dubai-92ba,-19,88,Normal
2026-02-13 23:22:52.340320,Dubai-92ba,6,87,Normal
2026-02-13 23:22:53.340320,Dubai-92ba,-30,45,Normal
2026-02-13 23:22:54.340320,Dubai-92ba,-14,82,Normal
2026-02-13 23:22:55.340320,Dubai-92ba,30,23,Normal
2026-02-13 23:22:56.340320,Dubai-92ba,32,31,Normal
2026-02-13 23:22:57.340320,Dubai-92ba,-18,21,Normal
2026-02-13 23:22:58.340320,Dubai-92ba,46,61,Normal
2026-02-13 23:22:59.340320,Dubai-92ba,-20,52,Normal
2026-02-13 23:23:00.340320,Dubai-92ba,-1,63,Normal
2026-02-13 23:23:01.340320,Dubai-92ba,45,21,Normal
2026-02-13 23:23:02.340320,Dubai-92ba,36,76,Normal
2026-02-13 23:23:03.340320,Dubai-92ba,31,20,Normal
2026-02-13 23:23:04.340320,Dubai-92ba,39,60,Normal
2026-02-13 23:23:05.340320,Dubai-92ba,49,57,Normal
2026-02-13 23:23:06.340320,Dubai-92ba,20,22,Normal
2026-02-13 23:23:07.340320,Dubai-92ba,-7,12,Normal
2026-02-13 23:23:08.340320,Dubai-92ba,-8,63,Normal
2026-02-13 23:23:09.340320,Dubai-92ba,48,72,Normal
2026-02-13 23:23:10.340320,Dubai-92ba,45,92,Normal
2026-02-13 23:23:11.340320,Dubai-92ba,24,64,Normal
2026-02-13 23:23:12.340320,Dubai-92ba,-2,92,Normal
2026-02-13 23:23:13.340320,Dubai-92ba,-27,44,Normal
2026-02-13 23:23:14.340320,Dubai-92ba,-7,51,Normal
2026-02-13 23:23:15.340320,Dubai-92ba,11,11,Normal
2026-02-13 23:23:16.340320,Dubai-92ba,35,65,Normal
2026-02-13 23:23:17.340320,Dubai-92ba,13,58,Normal
2026-02-13 23:23:18.340320,Dubai-92ba,29,90,Normal
2026-02-13 23:23:19.340320,Dubai-92ba,-2,37,Normal
2026-02-13 23:23:20.340320,Dubai-92ba,-29,15,Normal
2026-02-13 23:23:21.340320,Dubai-92ba,28,83,Normal
2026-02-13 23:23:22.340320,Dubai-92ba,-22,43,Normal
2026-02-13 23:23:23.340320,Dubai-92ba,-5,86,Normal
2026-02-13 23:23:24.340320,Dubai-92ba,37,50,Normal
2026-02-13 23:23:25.340320,Dubai-92ba,49,78,Normal
2026-02-13 23:23:26.340320,Dubai-92ba,39,19,Normal
2026-02-13 23:23:27.340320,Dubai-92ba,37,76,Normal
2026-02-13 23:23:28.340320,Dubai-92ba,39,23,Normal
2026-02-13 23:23:29.340320,Dubai-92ba,26,14,Normal
2026-02-13 23:23:30.340320,Dubai-92ba,10,12,Normal
2026-02-13 23:23:31.340320,Dubai-92ba,0,19,Normal
2026-02-13 23:23:32.340320,Dubai-92ba,-19,17,Normal
2026-02-13 23:23:33.340320,Dubai-92ba,-10,22,Normal
2026-02-13 23:23:34.340320,Dubai-92ba,28,35,Normal
2026-02-13 23:23:35.340320,Dubai-92ba,46,62,Normal
2026-02-13 23:23:36.340320,Dubai-92ba,47,38,Normal
2026-02-13 23:23:37.340320,Dubai-92ba,24,17,Normal
2026-02-13 23:23:38.340320,Dubai-92ba,-16,42,Normal
2026-02-13 23:23:39.340320,Dubai-92ba,34,6,Normal
2026-02-13 23:23:40.340320,Dubai-92ba,25,67,Normal
2026-02-13 23:23:41.340320,Dubai-92ba,6,41,Normal
2026-02-13 23:23:42.340320,Dubai-92ba,45,75,Normal
2026-02-13 23:23:43.340320,Dubai-92ba,20,42,Normal
2026-02-13 23:23:44.340320,Dubai-92ba,-1,72,Normal
2026-02-13 23:23:45.340320,Dubai-92ba,0,88,Normal
2026-02-13 23:23:46.340320,Dubai-92ba,37,45,Normal
2026-02-13 23:23:47.340320,Dubai-92ba,-21,20,Normal
2026-02-13 23:23:48.340320,Dubai-92ba,12,15,Normal
2026-02-13 23:23:49.340320,Dubai-92ba,35,13,Normal
2026-02-13 23:23:50.340320,Dubai-92ba,6,12,Normal
2026-02-13 23:23:51.340320,Dubai-92ba,-27,56,Normal
2026-02-13 23:23:52.340320,Dubai-92ba,-15,11,Normal
2026-02-13 23:23:53.340320,Dubai-92ba,48,79,Normal
2026-02-13 23:23:54.340320,Dubai-92ba,-27,53,Normal
2026-02-13 23:23:55.340320,Dubai-92ba,-7,40,Normal
2026-02-13 23:23:56.340320,Dubai-92ba,34,35,Normal
2026-02-13 23:23:57.340320,Dubai-92ba,-1,60,Normal
2026-02-13 23:23:58.340320,Dubai-92ba,3,0,Normal
2026-02-13 23:23:59.340320,Dubai-92ba,3,37,Normal
2026-02-13 23:24:00.340320,Dubai-92ba,-5,10,Normal
2026-02-13 23:24:01.340320,Dubai-92ba,38,13,Normal
2026-02-13 23:24:02.340320,Dubai-92ba,-28,35,Normal
2026-02-13 23:24:03.340320,Dubai-92ba,24,87,Normal
2026-02-13 23:24:04.340320,Dubai-92ba,-18,75,Normal
2026-02-13 23:24:05.340320,Dubai-92ba,-26,21,Normal
2026-02-13 23:24:06.340320,Dubai-92ba,14,56,Normal
2026-02-13 23:24:07.340320,Dubai-92ba,-6,23,Normal
2026-02-13 23:24:08.340320,Dubai-92ba,10,57,Normal
2026-02-13 23:24:09.340320,Dubai-92ba,39,59,Normal
2026-02-13 23:24:10.340320,Dubai-92ba,-15,40,Normal
2026-02-13 23:24:11.340320,Dubai-92ba,-10,0,Normal
2026-02-13 23:24:12.340320,Dubai-92ba,-2,19,Normal
2026-02-13 23:24:13.340320,Dubai-92ba,-24,60,Normal
2026-02-13 23:24:14.340320,Dubai-92ba,-12,22,Normal
2026-02-13 23:24:15.340320,Dubai-92ba,-26,69,Normal
2026-02-13 23:24:16.340320,Dubai-92ba,-25,44,Normal
2026-02-13 23:24:17.340320,Dubai-92ba,30,89,Normal
2026-02-13 23:24:18.340320,Dubai-92ba,9,0,Normal
2026-02-13 23:24:19.340320,Dubai-92ba,-1,60,Normal
2026-02-13 23:24:20.340320,Dubai-92ba,-5,7,Normal
2026-02-13 23:24:21.340320,Dubai-92ba,21,100,Normal
2026-02-13 23:24:22.340320,Dubai-92ba,39,67,Normal
2026-02-13 23:24:23.340320,Dubai-92ba,7,18,Normal
2026-02-13 23:24:24.340320,Dubai-92ba,-3,56,Normal
2026-02-13 23:24:25.340320,Dubai-92ba,16,58,Normal
2026-02-13 23:24:26.340320,Dubai-92ba,33,99,Normal
2026-02-13 23:24:27.340320,Dubai-92ba,14,68,Normal
2026-02-13 23:24:28.340320,Dubai-92ba,-23,49,Normal
2026-02-13 23:24:29.340320,Dubai-92ba,4,51,Normal
2026-02-13 23:24:30.340320,Dubai-92ba,-15,50,Normal
2026-02-13 23:24:31.340320,Dubai-92ba,-16,14,Normal
2026-02-13 23:24:32.340320,Dubai-92ba,23,28,Normal
2026-02-13 23:24:33.340320,Dubai-92ba,-30,7,Normal
2026-02-13 23:24:34.340320,Dubai-92ba,5,49,Normal
2026-02-13 23:24:35.340320,Dubai-92ba,2,7,Normal
2026-02-13 23:24:36.340320,Dubai-92ba,-14,28,Normal
2026-02-13 23:24:37.340320,Dubai-92ba,4,84,Normal
2026-02-13 23:24:38.340320,Dubai-92ba,23,5,Normal
2026-02-13 23:24:39.340320,Dubai-92ba,26,47,Normal
2026-02-13 23:24:40.340320,Dubai-92ba,49,99,Normal
2026-02-13 23:24:41.340320,Dubai-92ba,28,29,Normal
2026-02-13 23:24:42.340320,Dubai-92ba,-2,100,Normal
2026-02-13 23:24:43.340320,Dubai-92ba,13,69,Normal
2026-02-13 23:24:44.340320,Dubai-92ba,9,50,Normal
2026-02-13 23:24:45.340320,Dubai-92ba,4,94,Normal
2026-02-13 23:24:46.340320,Dubai-92ba,30,39,Normal
2026-02-13 23:24:47.340320,Dubai-92ba,27,76,Normal
2026-02-13 23:24:48.340320,Dubai-92ba,10,36,Normal
2026-02-13 23:24:49.340320,Dubai-92ba,-17,73,Normal
2026-02-13 23:24:50.340320,Dubai-92ba,-12,85,Normal
2026-02-13 23:24:51.340320,Dubai-92ba,30,51,Normal
2026-02-13 23:24:52.340320,Dubai-92ba,45,71,Normal
2026-02-13 23:24:53.340320,Dubai-92ba,39,94,Normal
2026-02-13 23:24:54.340320,Dubai-92ba,5,48,Normal
2026-02-13 23:24:55.340320,Dubai-92ba,-8,49,Normal
2026-02-13 23:24:56.340320,Dubai-92ba,1,59,Normal
2026-02-13 23:24:57.340320,Dubai-92ba,20,79,Normal
2026-02-13 23:24:58.340320,Dubai-92ba,42,6,Normal
2026-02-13 23:24:59.340320,Dubai-92ba,29,97,Normal
2026-02-13 23:25:00.340320,Dubai-92ba,-22,51,Normal
2026-02-13 23:25:01.340320,Dubai-92ba,-19,64,Normal
2026-02-13 23:25:02.340320,Dubai-92ba,0,47,Normal
2026-02-13 23:25:03.340320,Dubai-92ba,24,33,Normal
2026-02-13 23:25:04.340320,Dubai-92ba,-26,83,Normal
2026-02-13 23:25:05.340320,Dubai-92ba,14,79,Normal
2026-02-13 23:25:06.340320,Dubai-92ba,44,14,Normal
2026-02-13 23:25:07.340320,Dubai-92ba,48,39,Normal
2026-02-13 23:25:08.340320,Dubai-92ba,28,25,Normal
2026-02-13 23:25:09.340320,Dubai-92ba,-8,5,Normal
2026-02-13 23:25:10.340320,Dubai-92ba,47,36,Normal
2026-02-13 23:25:11.340320,Dubai-92ba,32,71,Normal
2026-02-13 23:25:12.340320,Dubai-92ba,32,24,Normal
2026-02-13 23:25:13.340320,Dubai-92ba,-5,38,Normal
2026-02-13 23:25:14.340320,Dubai-92ba,10,19,Normal
2026-02-13 23:25:15.340320,Dubai-92ba,0,69,Normal
2026-02-13 23:25:16.340320,Dubai-92ba,25,55,Normal
2026-02-13 23:25:17.340320,Dubai-92ba,-28,43,Normal
2026-02-13 23:25:18.340320,Dubai-92ba,30,21,Normal
2026-02-13 23:25:19.340320,Dubai-92ba,22,51,Normal
2026-02-13 23:25:20.340320,Dubai-92ba,-9,51,Normal
2026-02-13 23:25:21.340320,Dubai-92ba,-26,36,Normal
2026-02-13 23:25:22.340320,Dubai-92ba,2,26,Normal
2026-02-13 23:25:23.340320,Dubai-92ba,1,60,Normal
2026-02-13 23:25:24.340320,Dubai-92ba,17,46,Normal
2026-02-13 23:25:25.340320,Dubai-92ba,49,89,Normal
2026-02-13 23:25:26.340320,Dubai-92ba,-3,60,Normal
2026-02-13 23:25:27.340320,Dubai-92ba,36,87,Normal
2026-02-13 23:25:28.340320,Dubai-92ba,48,36,Normal
2026-02-13 23:25:29.340320,Dubai-92ba,12,83,Normal
2026-02-13 23:25:30.340320,Dubai-92ba,22,75,Normal
2026-02-13 23:25:31.340320,Dubai-92ba,-7,92,Normal
2026-02-13 23:25:32.340320,Dubai-92ba,-9,41,Normal
2026-02-13 23:25:33.340320,Dubai-92ba,-7,96,Normal
2026-02-13 23:25:34.340320,Dubai-92ba,20,4,Normal
2026-02-13 23:25:35.340320,Dubai-92ba,-28,91,Normal
2026-02-13 23:25:36.340320,Dubai-92ba,-6,0,Normal
2026-02-13 23:25:37.340320,Dubai-92ba,-11,6,Normal
2026-02-13 23:25:38.340320,Dubai-92ba,23,70,Normal
2026-02-13 23:25:39.340320,Dubai-92ba,36,25,Normal
2026-02-13 23:25:40.340320,Dubai-92ba,-7,33,Normal
2026-02-13 23:25:41.340320,Dubai-92ba,28,68,Normal
2026-02-13 23:25:42.340320,Dubai-92ba,33,20,Normal
2026-02-13 23:25:43.340320,Dubai-92ba,47,26,Normal
2026-02-13 23:25:44.340320,Dubai-92ba,19,42,Normal
2026-02-13 23:25:45.340320,Dubai-92ba,2,79,Normal
2026-02-13 23:25:46.340320,Dubai-92ba,-25,57,Normal
2026-02-13 23:25:47.340320,Dubai-92ba,39,70,Normal
2026-02-13 23:25:48.340320,Dubai-92ba,45,93,Normal
2026-02-13 23:25:49.340320,Dubai-92ba,29,51,Normal
2026-02-13 23:25:50.340320,Dubai-92ba,-28,2,Normal
2026-02-13 23:25:51.340320,Dubai-92ba,47,92,Normal
2026-02-13 23:25:52.340320,Dubai-92ba,-18,13,Normal
2026-02-13 23:25:53.340320,Dubai-92ba,-25,93,Normal
2026-02-13 23:25:54.340320,Dubai-92ba,24,25,Normal
2026-02-13 23:25:55.340320,Dubai-92ba,41,50,Normal
2026-02-13 23:25:56.340320,Dubai-92ba,5,48,Normal
2026-02-13 23:25:57.340320,Dubai-92ba,30,72,Normal
2026-02-13 23:25:58.340320,Dubai-92ba,-11,4,Normal
2026-02-13 23:25:59.340320,Dubai-92ba,-6,31,Normal
2026-02-13 23:26:00.340320,Dubai-92ba,20,2,Normal
2026-02-13 23:26:01.340320,Dubai-92ba,-24,51,Normal
2026-02-13 23:26:02.340320,Dubai-92ba,18,52,Normal
2026-02-13 23:26:03.340320,Dubai-92ba,-25,38,Normal
2026-02-13 23:26:04.340320,Dubai-92ba,-14,41,Normal
2026-02-13 23:26:05.340320,Dubai-92ba,27,22,Normal
2026-02-13 23:26:06.340320,Dubai-92ba,8,95,Normal
2026-02-13 23:26:07.340320,Dubai-92ba,37,1,Normal
2026-02-13 23:26:08.340320,Dubai-92ba,35,44,Normal
2026-02-13 23:26:09.340320,Dubai-92ba,16,10,Normal
2026-02-13 23:26:10.340320,Dubai-92ba,-21,43,Normal
2026-02-13 23:26:11.340320,Dubai-92ba,-8,69,Normal
2026-02-13 23:26:12.340320,Dubai-92ba,22,2,Normal
2026-02-13 23:26:13.340320,Dubai-92ba,19,17,Normal
2026-02-13 23:26:14.340320,Dubai-92ba,-22,73,Normal
2026-02-13 23:26:15.340320,Dubai-92ba,3,99,Normal
2026-02-13 23:26:16.340320,Dubai-92ba,13,62,Normal
2026-02-13 23:26:17.340320,Dubai-92ba,37,3,Normal
2026-02-13 23:26:18.340320,Dubai-92ba,-3,72,Normal
2026-02-13 23:26:19.340320,Dubai-92ba,-13,55,Normal
2026-02-13 23:26:20.340320,Dubai-92ba,11,69,Normal
2026-02-13 23:26:21.340320,Dubai-92ba,16,86,Normal
2026-02-13 23:26:22.340320,Dubai-92ba,-12,46,Normal
2026-02-13 23:26:23.340320,Dubai-92ba,6,55,Normal
2026-02-13 23:26:24.340320,Dubai-92ba,43,42,Normal
2026-02-13 23:26:25.340320,Dubai-92ba,-23,11,Normal
2026-02-13 23:26:26.340320,Dubai-92ba,14,28,Normal
2026-02-13 23:26:27.340320,Dubai-92ba,13,77,Normal
2026-02-13 23:26:28.340320,Dubai-92ba,34,62,Normal
2026-02-13 23:26:29.340320,Dubai-92ba,5,36,Normal
2026-02-13 23:26:30.340320,Dubai-92ba,-29,63,Normal
2026-02-13 23:26:31.340320,Dubai-92ba,5,13,Normal
2026-02-13 23:26:32.340320,Dubai-92ba,28,79,Normal
2026-02-13 23:26:33.340320,Dubai-92ba,-1,91,Normal
2026-02-13 23:26:34.340320,Dubai-92ba,-1,67,Normal
2026-02-13 23:26:35.340320,Dubai-92ba,31,75,Normal
2026-02-13 23:26:36.340320,Dubai-92ba,40,50,Normal
2026-02-13 23:26:37.340320,Dubai-92ba,-26,76,Normal
2026-02-13 23:26:38.340320,Dubai-92ba,31,89,Normal
2026-02-13 23:26:39.340320,Dubai-92ba,45,5,Normal
2026-02-13 23:26:40.340320,Dubai-92ba,-4,10,Normal
2026-02-13 23:26:41.340320,Dubai-92ba,3,10,Normal
2026-02-13 23:26:42.340320,Dubai-92ba,41,51,Normal
2026-02-13 23:26:43.340320,Dubai-92ba,-24,92,Normal
2026-02-13 23:26:44.340320,Dubai-92ba,-7,20,Normal
2026-02-13 23:26:45.340320,Dubai-92ba,36,15,Normal
2026-02-13 23:26:46.340320,Dubai-92ba,-28,8,Normal
2026-02-13 23:26:47.340320,Dubai-92ba,20,83,Normal
2026-02-13 23:26:48.340320,Dubai-92ba,47,46,Normal
2026-02-13 23:26:49.340320,Dubai-92ba,17,13,Normal
2026-02-13 23:26:50.340320,Dubai-92ba,43,87,Normal
2026-02-13 23:26:51.340320,Dubai-92ba,24,53,Normal
2026-02-13 23:26:52.340320,Dubai-92ba,36,16,Normal
2026-02-13 23:26:53.340320,Dubai-92ba,45,65,Normal
2026-02-13 23:26:54.340320,Dubai-92ba,23,88,Normal
2026-02-13 23:26:55.340320,Dubai-92ba,40,98,Normal
2026-02-13 23:26:56.340320,Dubai-92ba,12,57,Normal
2026-02-13 23:26:57.340320,Dubai-92ba,2,0,Normal
2026-02-13 23:26:58.340320,Dubai-92ba,-20,27,Normal
2026-02-13 23:26:59.340320,Dubai-92ba,9,77,Normal
2026-02-13 23:27:00.340320,Dubai-92ba,-30,68,Normal
2026-02-13 23:27:01.340320,Dubai-92ba,-12,57,Normal
2026-02-13 23:27:02.340320,Dubai-92ba,36,22,Normal
2026-02-13 23:27:03.340320,Dubai-92ba,8,30,Normal
2026-02-13 23:27:04.340320,Dubai-92ba,-10,54,Normal
2026-02-13 23:27:05.340320,Dubai-92ba,-22,61,Normal
2026-02-13 23:27:06.340320,Dubai-92ba,24,21,Normal
2026-02-13 23:27:07.340320,Dubai-92ba,19,2,Normal
2026-02-13 23:27:08.340320,Dubai-92ba,30,89,Normal
2026-02-13 23:27:09.340320,Dubai-92ba,15,10,Normal
2026-02-13 23:27:10.340320,Dubai-92ba,-2,14,Normal
2026-02-13 23:27:11.340320,Dubai-92ba,-13,100,Normal
2026-02-13 23:27:12.340320,Dubai-92ba,23,88,Normal
2026-02-13 23:27:13.340320,Dubai-92ba,3,51,Normal
2026-02-13 23:27:14.340320,Dubai-92ba,-26,91,Normal
2026-02-13 23:27:15.340320,Dubai-92ba,3,59,Normal
2026-02-13 23:27:16.340320,Dubai-92ba,24,64,Normal
2026-02-13 23:27:17.340320,Dubai-92ba,-21,79,Normal
2026-02-13 23:27:18.340320,Dubai-92ba,46,54,Normal
2026-02-13 23:27:19.340320,Dubai-92ba,-1,92,Normal
2026-02-13 23:27:20.340320,Dubai-92ba,42,38,Normal
2026-02-13 23:27:21.340320,Dubai-92ba,-3,16,Normal
2026-02-13 23:27:22.340320,Dubai-92ba,-17,37,Normal
2026-02-13 23:27:23.340320,Dubai-92ba,49,57,Normal
2026-02-13 23:27:24.340320,Dubai-92ba,2,59,Normal
2026-02-13 23:27:25.340320,Dubai-92ba,-23,50,Normal
2026-02-13 23:27:26.340320,Dubai-92ba,33,64,Normal
2026-02-13 23:27:27.340320,Dubai-92ba,17,91,Normal
2026-02-13 23:27:28.340320,Dubai-92ba,2,78,Normal
2026-02-13 23:27:29.340320,Dubai-92ba,-20,79,Normal
2026-02-13 23:27:30.340320,Dubai-92ba,33,41,Normal
2026-02-13 23:27:31.340320,Dubai-92ba,-23,64,Normal
2026-02-13 23:27:32.340320,Dubai-92ba,18,55,Normal
2026-02-13 23:27:33.340320,Dubai-92ba,-4,21,Normal
2026-02-13 23:27:34.340320,Dubai-92ba,-4,99,Normal
2026-02-13 23:27:35.340320,Dubai-92ba,-18,37,Normal
2026-02-13 23:27:36.340320,Dubai-92ba,-25,26,Normal
2026-02-13 23:27:37.340320,Dubai-92ba,14,74,Normal
2026-02-13 23:27:38.340320,Dubai-92ba,8,19,Normal
2026-02-13 23:27:39.340320,Dubai-92ba,14,70,Normal
2026-02-13 23:27:40.340320,Dubai-92ba,-23,80,Normal
2026-02-13 23:27:41.340320,Dubai-92ba,25,63,Normal
2026-02-13 23:27:42.340320,Dubai-92ba,43,3,Normal
2026-02-13 23:27:43.340320,Dubai-92ba,-27,34,Normal
2026-02-13 23:27:44.340320,Dubai-92ba,28,17,Normal
2026-02-13 23:27:45.340320,Dubai-92ba,-25,55,Normal
2026-02-13 23:27:46.340320,Dubai-92ba,36,70,Normal
2026-02-13 23:27:47.340320,Dubai-92ba,48,38,Normal
2026-02-13 23:27:48.340320,Dubai-92ba,-20,29,Normal
2026-02-13 23:27:49.340320,Dubai-92ba,41,3,Normal
2026-02-13 23:27:50.340320,Dubai-92ba,-7,76,Normal
2026-02-13 23:27:51.340320,Dubai-92ba,-6,98,Normal
2026-02-13 23:27:52.340320,Dubai-92ba,-19,51,Normal
2026-02-13 23:27:53.340320,Dubai-92ba,5,28,Normal
2026-02-13 23:27:54.340320,Dubai-92ba,25,37,Normal
2026-02-13 23:27:55.340320,Dubai-92ba,39,31,Normal
2026-02-13 23:27:56.340320,Dubai-92ba,26,0,Normal
2026-02-13 23:27:57.340320,Dubai-92ba,-7,19,Normal
2026-02-13 23:27:58.340320,Dubai-92ba,24,26,Normal
2026-02-13 23:27:59.340320,Dubai-92ba,48,98,Normal
2026-02-13 23:28:00.340320,Dubai-92ba,5,52,Normal
2026-02-13 23:28:01.340320,Dubai-92ba,-17,99,Normal
2026-02-13 23:28:02.340320,Dubai-92ba,0,24,Normal
2026-02-13 23:28:03.340320,Dubai-92ba,-4,79,Normal
2026-02-13 23:28:04.340320,Dubai-92ba,3,28,Normal
2026-02-13 23:28:05.340320,Dubai-92ba,-3,59,Normal
2026-02-13 23:28:06.340320,Dubai-92ba,-4,49,Normal
2026-02-13 23:28:07.340320,Dubai-92ba,-3,67,Normal
2026-02-13 23:28:08.340320,Dubai-92ba,-18,15,Normal
2026-02-13 23:28:09.340320,Dubai-92ba,14,31,Normal
2026-02-13 23:28:10.340320,Dubai-92ba,47,24,Normal
2026-02-13 23:28:11.340320,Dubai-92ba,-1,100,Normal
2026-02-13 23:28:12.340320,Dubai-92ba,46,91,Normal
2026-02-13 23:28:13.340320,Dubai-92ba,44,26,Normal
2026-02-13 23:28:14.340320,Dubai-92ba,47,72,Normal
2026-02-13 23:28:15.340320,Dubai-92ba,42,47,Normal
