timestamp,station_id,temp,humid,condition
2026-02-17 01:02:29.163380,Paris-1a69,41,43,Normal
2026-02-17 01:02:30.163380,Paris-1a69,-19,100,Normal
2026-02-17 01:02:31.163380,Paris-1a69,10,16,Normal
2026-02-17 01:02:32.163380,Paris-1a69,-2,16,Normal
2026-02-17 01:02:33.163380,Paris-1a69,46,73,Normal
2026-02-17 01:02:34.163380,Paris-1a69,15,13,Normal
2026-02-17 01:02:35.163380,Paris-1a69,40,7,Normal
2026-02-17 01:02:36.163380,Paris-1a69,47,87,Normal
2026-02-17 01:02:37.163380,Paris-1a69,-22,9,Normal
2026-02-17 01:02:38.163380,Paris-1a69,25,6,Normal
2026-02-17 01:02:39.163380,Paris-1a69,-11,63,Normal
2026-02-17 01:02:40.163380,Paris-1a69,30,64,Normal
2026-02-17 01:02:41.163380,Paris-1a69,36,20,Normal
2026-02-17 01:02:42.163380,Paris-1a69,-24,76,Normal
2026-02-17 01:02:43.163380,Paris-1a69,7,27,Normal
2026-02-17 01:02:44.163380,Paris-1a69,33,73,Normal
2026-02-17 01:02:45.163380,Paris-1a69,2,28,Normal
2026-02-17 01:02:46.163380,Paris-1a69,43,86,Normal
2026-02-17 01:02:47.163380,Paris-1a69,45,97,Normal
2026-02-17 01:02:48.163380,Paris-1a69,46,6,Normal
2026-02-17 01:02:49.163380,Paris-1a69,-2,66,Normal
2026-02-17 01:02:50.163380,Paris-1a69,-28,50,Normal
2026-02-17 01:02:51.163380,Paris-1a69,-12,78,Normal
2026-02-17 01:02:52.163380,Paris-1a69,0,34,Normal
2026-02-17 01:02:53.163380,Paris-1a69,-10,83,Normal
2026-02-17 01:02:54.163380,Paris-1a69,30,97,Normal
2026-02-17 01:02:55.163380,Paris-1a69,-6,6,Normal
2026-02-17 01:02:56.163380,Paris-1a69,-27,55,Normal
2026-02-17 01:02:57.163380,Paris-1a69,20,80,Normal
2026-02-17 01:02:58.163380,Paris-1a69,-9,42,Normal
2026-02-17 01:02:59.163380,Paris-1a69,-23,60,Normal
2026-02-17 01:03:00.163380,Paris-1a69,41,89,Normal
2026-02-17 01:03:01.163380,Paris-1a69,-13,26,Normal
2026-02-17 01:03:02.163380,Paris-1a69,14,2,Normal
2026-02-17 01:03:03.163380,Paris-1a69,-30,6,Normal
2026-02-17 01:03:04.163380,Paris-1a69,33,60,Normal
2026-02-17 01:03:05.163380,Paris-1a69,-6,86,Normal
2026-02-17 01:03:06.163380,Paris-1a69,6,91,Normal
2026-02-17 01:03:07.163380,Paris-1a69,40,19,Normal
2026-02-17 01:03:08.163380,Paris-1a69,9,14,Normal
2026-02-17 01:03:09.163380,Paris-1a69,13,95,Normal
2026-02-17 01:03:10.163380,Paris-1a69,-5,39,Normal
2026-02-17 01:03:11.163380,Paris-1a69,35,38,Normal
2026-02-17 01:03:12.163380,Paris-1a69,-30,64,Normal
2026-02-17 01:03:13.163380,Paris-1a69,-29,37,Normal
2026-02-17 01:03:14.163380,Paris-1a69,8,3,Normal
2026-02-17 01:03:15.163380,Paris-1a69,-6,97,Normal
2026-02-17 01:03:16.163380,Paris-1a69,26,47,Normal
2026-02-17 01:03:17.163380,Paris-1a69,-19,88,Normal
2026-02-17 01:03:18.163380,Paris-1a69,10,71,Normal
2026-02-17 01:03:19.163380,Paris-1a69,-26,99,Normal
2026-02-17 01:03:20.163380,Paris-1a69,7,3,Normal
2026-02-17 01:03:21.163380,Paris-1a69,3,41,Normal
2026-02-17 01:03:22.163380,Paris-1a69,44,52,Normal
2026-02-17 01:03:23.163380,Paris-1a69,3,27,Normal
2026-02-17 01:03:24.163380,Paris-1a69,18,40,Normal
2026-02-17 01:03:25.163380,Paris-1a69,-11,1,Normal
2026-02-17 01:03:26.163380,Paris-1a69,21,73,Normal
2026-02-17 01:03:27.163380,Paris-1a69,-6,5,Normal
2026-02-17 01:03:28.163380,Paris-1a69,44,57,Normal
2026-02-17 01:03:29.163380,Paris-1a69,-23,93,Normal
2026-02-17 01:03:30.163380,Paris-1a69,-25,1,Normal
2026-02-17 01:03:31.163380,Paris-1a69,47,100,Normal
2026-02-17 01:03:32.163380,Paris-1a69,-18,94,Normal
2026-02-17 01:03:33.163380,Paris-1a69,32,41,Normal
2026-02-17 01:03:34.163380,Paris-1a69,10,92,Normal
2026-02-17 01:03:35.163380,Paris-1a69,-7,28,Normal
2026-02-17 01:03:36.163380,Paris-1a69,32,52,Normal
2026-02-17 01:03:37.163380,Paris-1a69,32,64,Normal
2026-02-17 01:03:38.163380,Paris-1a69,-23,94,Normal
2026-02-17 01:03:39.163380,Paris-1a69,22,42,Normal
2026-02-17 01:03:40.163380,Paris-1a69,37,18,Normal
2026-02-17 01:03:41.163380,Paris-1a69,39,40,Normal
2026-02-17 01:03:42.163380,Paris-1a69,39,11,Normal
2026-02-17 01:03:43.163380,Paris-1a69,-11,56,Normal
2026-02-17 01:03:44.163380,Paris-1a69,-29,17,Normal
2026-02-17 01:03:45.163380,Paris-1a69,42,64,Normal
2026-02-17 01:03:46.163380,Paris-1a69,-23,61,Normal
2026-02-17 01:03:47.163380,Paris-1a69,-22,58,Normal
2026-02-17 01:03:48.163380,Paris-1a69,-9,46,Normal
2026-02-17 01:03:49.163380,Paris-1a69,-2,82,Normal
2026-02-17 01:03:50.163380,Paris-1a69,25,98,Normal
2026-02-17 01:03:51.163380,Paris-1a69,-6,57,Normal
2026-02-17 01:03:52.163380,Paris-1a69,-17,75,Normal
2026-02-17 01:03:53.163380,Paris-1a69,15,43,Normal
2026-02-17 01:03:54.163380,Paris-1a69,15,53,Normal
2026-02-17 01:03:55.163380,Paris-1a69,-9,5,Normal
2026-02-17 01:03:56.163380,Paris-1a69,-26,72,Normal
2026-02-17 01:03:57.163380,Paris-1a69,50,7,Normal
2026-02-17 01:03:58.163380,Paris-1a69,-26,85,Normal
2026-02-17 01:03:59.163380,Paris-1a69,-12,56,Normal
2026-02-17 01:04:00.163380,Paris-1a69,33,88,Normal
2026-02-17 01:04:01.163380,Paris-1a69,-25,79,Normal
2026-02-17 01:04:02.163380,Paris-1a69,-22,45,Normal
2026-02-17 01:04:03.163380,Paris-1a69,12,46,Normal
2026-02-17 01:04:04.163380,Paris-1a69,-26,1,Normal
2026-02-17 01:04:05.163380,Paris-1a69,30,95,Normal
2026-02-17 01:04:06.163380,Paris-1a69,45,70,Normal
2026-02-17 01:04:07.163380,Paris-1a69,29,0,Normal
2026-02-17 01:04:08.163380,Paris-1a69,17,57,Normal
2026-02-17 01:04:09.163380,Paris-1a69,0,19,Normal
2026-02-17 01:04:10.163380,Paris-1a69,-22,87,Normal
2026-02-17 01:04:11.163380,Paris-1a69,-2,21,Normal
2026-02-17 01:04:12.163380,Paris-1a69,23,16,Normal
2026-02-17 01:04:13.163380,Paris-1a69,-22,20,Normal
2026-02-17 01:04:14.163380,Paris-1a69,-30,70,Normal
2026-02-17 01:04:15.163380,Paris-1a69,2,50,Normal
2026-02-17 01:04:16.163380,Paris-1a69,29,63,Normal
2026-02-17 01:04:17.163380,Paris-1a69,-26,18,Normal
2026-02-17 01:04:18.163380,Paris-1a69,48,19,Normal
2026-02-17 01:04:19.163380,Paris-1a69,-16,34,Normal
2026-02-17 01:04:20.163380,Paris-1a69,12,54,Normal
2026-02-17 01:04:21.163380,Paris-1a69,44,45,Normal
2026-02-17 01:04:22.163380,Paris-1a69,-14,26,Normal
2026-02-17 01:04:23.163380,Paris-1a69,-26,21,Normal
2026-02-17 01:04:24.163380,Paris-1a69,19,47,Normal
2026-02-17 01:04:25.163380,Paris-1a69,-22,22,Normal
2026-02-17 01:04:26.163380,Paris-1a69,23,76,Normal
2026-02-17 01:04:27.163380,Paris-1a69,13,58,Normal
2026-02-17 01:04:28.163380,Paris-1a69,-30,11,Normal
2026-02-17 01:04:29.163380,Paris-1a69,49,4,Normal
2026-02-17 01:04:30.163380,Paris-1a69,-9,78,Normal
2026-02-17 01:04:31.163380,Paris-1a69,4,60,Normal
2026-02-17 01:04:32.163380,Paris-1a69,40,36,Normal
2026-02-17 01:04:33.163380,Paris-1a69,50,32,Normal
2026-02-17 01:04:34.163380,Paris-1a69,-24,69,Normal
2026-02-17 01:04:35.163380,Paris-1a69,-27,2,Normal
2026-02-17 01:04:36.163380,Paris-1a69,-21,3,Normal
2026-02-17 01:04:37.163380,Paris-1a69,33,28,Normal
2026-02-17 01:04:38.163380,Paris-1a69,-22,38,Normal
2026-02-17 01:04:39.163380,Paris-1a69,14,49,Normal
2026-02-17 01:04:40.163380,Paris-1a69,-17,21,Normal
2026-02-17 01:04:41.163380,Paris-1a69,10,11,Normal
2026-02-17 01:04:42.163380,Paris-1a69,34,32,Normal
2026-02-17 01:04:43.163380,Paris-1a69,36,7,Normal
2026-02-17 01:04:44.163380,Paris-1a69,-18,3,Normal
2026-02-17 01:04:45.163380,Paris-1a69,5,1,Normal
2026-02-17 01:04:46.163380,Paris-1a69,28,95,Normal
2026-02-17 01:04:47.163380,Paris-1a69,26,65,Normal
2026-02-17 01:04:48.163380,Paris-1a69,-30,52,Normal
2026-02-17 01:04:49.163380,Paris-1a69,-12,18,Normal
2026-02-17 01:04:50.163380,Paris-1a69,-17,5,Normal
2026-02-17 01:04:51.163380,Paris-1a69,12,32,Normal
2026-02-17 01:04:52.163380,Paris-1a69,-25,20,Normal
2026-02-17 01:04:53.163380,Paris-1a69,34,31,Normal
2026-02-17 01:04:54.163380,Paris-1a69,-26,61,Normal
2026-02-17 01:04:55.163380,Paris-1a69,14,41,Normal
2026-02-17 01:04:56.163380,Paris-1a69,39,59,Normal
2026-02-17 01:04:57.163380,Paris-1a69,-16,100,Normal
2026-02-17 01:04:58.163380,Paris-1a69,37,27,Normal
2026-02-17 01:04:59.163380,Paris-1a69,49,3,Normal
2026-02-17 01:05:00.163380,Paris-1a69,11,28,Normal
2026-02-17 01:05:01.163380,Paris-1a69,-7,5,Normal
2026-02-17 01:05:02.163380,Paris-1a69,-14,7,Normal
2026-02-17 01:05:03.163380,Paris-1a69,8,12,Normal
2026-02-17 01:05:04.163380,Paris-1a69,28,100,Normal
2026-02-17 01:05:05.163380,Paris-1a69,10,97,Normal
2026-02-17 01:05:06.163380,Paris-1a69,36,83,Normal
2026-02-17 01:05:07.163380,Paris-1a69,-29,88,Normal
2026-02-17 01:05:08.163380,Paris-1a69,-6,90,Normal
2026-02-17 01:05:09.163380,Paris-1a69,-16,79,Normal
2026-02-17 01:05:10.163380,Paris-1a69,-5,1,Normal
2026-02-17 01:05:11.163380,Paris-1a69,38,53,Normal
2026-02-17 01:05:12.163380,Paris-1a69,16,39,Normal
2026-02-17 01:05:13.163380,Paris-1a69,16,38,Normal
2026-02-17 01:05:14.163380,Paris-1a69,14,71,Normal
2026-02-17 01:05:15.163380,Paris-1a69,11,73,Normal
2026-02-17 01:05:16.163380,Paris-1a69,-1,27,Normal
2026-02-17 01:05:17.163380,Paris-1a69,22,86,Normal
2026-02-17 01:05:18.163380,Paris-1a69,8,47,Normal
2026-02-17 01:05:19.163380,Paris-1a69,-1,79,Normal
2026-02-17 01:05:20.163380,Paris-1a69,19,88,Normal
2026-02-17 01:05:21.163380,Paris-1a69,26,41,Normal
2026-02-17 01:05:22.163380,Paris-1a69,-23,43,Normal
2026-02-17 01:05:23.163380,Paris-1a69,7,21,Normal
2026-02-17 01:05:24.163380,Paris-1a69,6,5,Normal
2026-02-17 01:05:25.163380,Paris-1a69,36,5,Normal
2026-02-17 01:05:26.163380,Paris-1a69,-12,13,Normal
2026-02-17 01:05:27.163380,Paris-1a69,26,79,Normal
2026-02-17 01:05:28.163380,Paris-1a69,12,83,Normal
2026-02-17 01:05:29.163380,Paris-1a69,-7,50,Normal
2026-02-17 01:05:30.163380,Paris-1a69,40,64,Normal
2026-02-17 01:05:31.163380,Paris-1a69,26,9,Normal
2026-02-17 01:05:32.163380,Paris-1a69,17,89,Normal
2026-02-17 01:05:33.163380,Paris-1a69,33,8,Normal
2026-02-17 01:05:34.163380,Paris-1a69,40,4,Normal
2026-02-17 01:05:35.163380,Paris-1a69,-26,94,Normal
2026-02-17 01:05:36.163380,Paris-1a69,37,21,Normal
2026-02-17 01:05:37.163380,Paris-1a69,38,51,Normal
2026-02-17 01:05:38.163380,Paris-1a69,-19,10,Normal
2026-02-17 01:05:39.163380,Paris-1a69,33,55,Normal
2026-02-17 01:05:40.163380,Paris-1a69,16,6,Normal
2026-02-17 01:05:41.163380,Paris-1a69,-17,40,Normal
2026-02-17 01:05:42.163380,Paris-1a69,32,46,Normal
2026-02-17 01:05:43.163380,Paris-1a69,-16,48,Normal
2026-02-17 01:05:44.163380,Paris-1a69,-3,44,Normal
2026-02-17 01:05:45.163380,Paris-1a69,-18,19,Normal
2026-02-17 01:05:46.163380,Paris-1a69,-14,56,Normal
2026-02-17 01:05:47.163380,Paris-1a69,-29,88,Normal
2026-02-17 01:05:48.163380,Paris-1a69,16,56,Normal
2026-02-17 01:05:49.163380,Paris-1a69,-3,42,Normal
2026-02-17 01:05:50.163380,Paris-1a69,10,70,Normal
2026-02-17 01:05:51.163380,Paris-1a69,-21,14,Normal
2026-02-17 01:05:52.163380,Paris-1a69,40,35,Normal
2026-02-17 01:05:53.163380,Paris-1a69,36,92,Normal
2026-02-17 01:05:54.163380,Paris-1a69,-13,14,Normal
2026-02-17 01:05:55.163380,Paris-1a69,20,100,Normal
2026-02-17 01:05:56.163380,Paris-1a69,14,43,Normal
2026-02-17 01:05:57.163380,Paris-1a69,41,42,Normal
2026-02-17 01:05:58.163380,Paris-1a69,11,36,Normal
2026-02-17 01:05:59.163380,Paris-1a69,33,47,Normal
2026-02-17 01:06:00.163380,Paris-1a69,37,9,Normal
2026-02-17 01:06:01.163380,Paris-1a69,-3,73,Normal
2026-02-17 01:06:02.163380,Paris-1a69,-25,40,Normal
2026-02-17 01:06:03.163380,Paris-1a69,40,88,Normal
2026-02-17 01:06:04.163380,Paris-1a69,5,89,Normal
2026-02-17 01:06:05.163380,Paris-1a69,5,5,Normal
2026-02-17 01:06:06.163380,Paris-1a69,-6,15,Normal
2026-02-17 01:06:07.163380,Paris-1a69,-26,50,Normal
2026-02-17 01:06:08.163380,Paris-1a69,38,75,Normal
2026-02-17 01:06:09.163380,Paris-1a69,43,56,Normal
2026-02-17 01:06:10.163380,Paris-1a69,-5,92,Normal
2026-02-17 01:06:11.163380,Paris-1a69,27,23,Normal
2026-02-17 01:06:12.163380,Paris-1a69,25,78,Normal
2026-02-17 01:06:13.163380,Paris-1a69,-27,90,Normal
2026-02-17 01:06:14.163380,Paris-1a69,44,85,Normal
2026-02-17 01:06:15.163380,Paris-1a69,41,13,Normal
2026-02-17 01:06:16.163380,Paris-1a69,26,15,Normal
2026-02-17 01:06:17.163380,Paris-1a69,21,89,Normal
2026-02-17 01:06:18.163380,Paris-1a69,-13,64,Normal
2026-02-17 01:06:19.163380,Paris-1a69,22,52,Normal
2026-02-17 01:06:20.163380,Paris-1a69,18,46,Normal
2026-02-17 01:06:21.163380,Paris-1a69,10,27,Normal
2026-02-17 01:06:22.163380,Paris-1a69,-14,94,Normal
2026-02-17 01:06:23.163380,Paris-1a69,-15,20,Normal
2026-02-17 01:06:24.163380,Paris-1a69,-9,92,Normal
2026-02-17 01:06:25.163380,Paris-1a69,-26,47,Normal
2026-02-17 01:06:26.163380,Paris-1a69,19,82,Normal
2026-02-17 01:06:27.163380,Paris-1a69,33,92,Normal
2026-02-17 01:06:28.163380,Paris-1a69,31,69,Normal
2026-02-17 01:06:29.163380,Paris-1a69,41,9,Normal
2026-02-17 01:06:30.163380,Paris-1a69,-7,19,Normal
2026-02-17 01:06:31.163380,Paris-1a69,-26,40,Normal
2026-02-17 01:06:32.163380,Paris-1a69,-3,25,Normal
2026-02-17 01:06:33.163380,Paris-1a69,-29,17,Normal
2026-02-17 01:06:34.163380,Paris-1a69,31,80,Normal
2026-02-17 01:06:35.163380,Paris-1a69,19,15,Normal
2026-02-17 01:06:36.163380,Paris-1a69,4,62,Normal
2026-02-17 01:06:37.163380,Paris-1a69,5,51,Normal
2026-02-17 01:06:38.163380,Paris-1a69,30,71,Normal
2026-02-17 01:06:39.163380,Paris-1a69,-20,66,Normal
2026-02-17 01:06:40.163380,Paris-1a69,37,73,Normal
2026-02-17 01:06:41.163380,Paris-1a69,44,95,Normal
2026-02-17 01:06:42.163380,Paris-1a69,18,15,Normal
2026-02-17 01:06:43.163380,Paris-1a69,4,67,Normal
2026-02-17 01:06:44.163380,Paris-1a69,15,53,Normal
2026-02-17 01:06:45.163380,Paris-1a69,-19,45,Normal
2026-02-17 01:06:46.163380,Paris-1a69,-18,85,Normal
2026-02-17 01:06:47.163380,Paris-1a69,-18,71,Normal
2026-02-17 01:06:48.163380,Paris-1a69,36,33,Normal
2026-02-17 01:06:49.163380,Paris-1a69,41,2,Normal
2026-02-17 01:06:50.163380,Paris-1a69,-6,21,Normal
2026-02-17 01:06:51.163380,Paris-1a69,43,66,Normal
2026-02-17 01:06:52.163380,Paris-1a69,38,1,Normal
2026-02-17 01:06:53.163380,Paris-1a69,-30,51,Normal
2026-02-17 01:06:54.163380,Paris-1a69,36,26,Normal
2026-02-17 01:06:55.163380,Paris-1a69,-23,30,Normal
2026-02-17 01:06:56.163380,Paris-1a69,-13,38,Normal
2026-02-17 01:06:57.163380,Paris-1a69,17,24,Normal
2026-02-17 01:06:58.163380,Paris-1a69,3,85,Normal
2026-02-17 01:06:59.163380,Paris-1a69,-19,52,Normal
2026-02-17 01:07:00.163380,Paris-1a69,17,71,Normal
2026-02-17 01:07:01.163380,Paris-1a69,19,25,Normal
2026-02-17 01:07:02.163380,Paris-1a69,-28,15,Normal
2026-02-17 01:07:03.163380,Paris-1a69,25,50,Normal
2026-02-17 01:07:04.163380,Paris-1a69,-2,44,Normal
2026-02-17 01:07:05.163380,Paris-1a69,-26,69,Normal
2026-02-17 01:07:06.163380,Paris-1a69,18,41,Normal
2026-02-17 01:07:07.163380,Paris-1a69,26,94,Normal
2026-02-17 01:07:08.163380,Paris-1a69,-7,73,Normal
2026-02-17 01:07:09.163380,Paris-1a69,27,2,Normal
2026-02-17 01:07:10.163380,Paris-1a69,34,82,Normal
2026-02-17 01:07:11.163380,Paris-1a69,4,5,Normal
2026-02-17 01:07:12.163380,Paris-1a69,-11,56,Normal
2026-02-17 01:07:13.163380,Paris-1a69,34,97,Normal
2026-02-17 01:07:14.163380,Paris-1a69,24,82,Normal
2026-02-17 01:07:15.163380,Paris-1a69,-1,77,Normal
2026-02-17 01:07:16.163380,Paris-1a69,-25,75,Normal
2026-02-17 01:07:17.163380,Paris-1a69,-14,69,Normal
2026-02-17 01:07:18.163380,Paris-1a69,-16,32,Normal
2026-02-17 01:07:19.163380,Paris-1a69,27,98,Normal
2026-02-17 01:07:20.163380,Paris-1a69,39,67,Normal
2026-02-17 01:07:21.163380,Paris-1a69,-25,22,Normal
2026-02-17 01:07:22.163380,Paris-1a69,-26,80,Normal
2026-02-17 01:07:23.163380,Paris-1a69,-16,5,Normal
2026-02-17 01:07:24.163380,Paris-1a69,-11,75,Normal
2026-02-17 01:07:25.163380,Paris-1a69,-28,2,Normal
2026-02-17 01:07:26.163380,Paris-1a69,-21,99,Normal
2026-02-17 01:07:27.163380,Paris-1a69,-23,62,Normal
2026-02-17 01:07:28.163380,Paris-1a69,-27,51,Normal
2026-02-17 01:07:29.163380,Paris-1a69,-23,1,Normal
2026-02-17 01:07:30.163380,Paris-1a69,9,98,Normal
2026-02-17 01:07:31.163380,Paris-1a69,42,43,Normal
2026-02-17 01:07:32.163380,Paris-1a69,45,64,Normal
2026-02-17 01:07:33.163380,Paris-1a69,38,33,Normal
2026-02-17 01:07:34.163380,Paris-1a69,-7,14,Normal
2026-02-17 01:07:35.163380,Paris-1a69,-22,80,Normal
2026-02-17 01:07:36.163380,Paris-1a69,43,73,Normal
2026-02-17 01:07:37.163380,Paris-1a69,25,72,Normal
2026-02-17 01:07:38.163380,Paris-1a69,47,38,Normal
2026-02-17 01:07:39.163380,Paris-1a69,-27,12,Normal
2026-02-17 01:07:40.163380,Paris-1a69,19,23,Normal
2026-02-17 01:07:41.163380,Paris-1a69,-7,99,Normal
2026-02-17 01:07:42.163380,Paris-1a69,42,0,Normal
2026-02-17 01:07:43.163380,Paris-1a69,31,67,Normal
2026-02-17 01:07:44.163380,Paris-1a69,-7,64,Normal
2026-02-17 01:07:45.163380,Paris-1a69,17,16,Normal
2026-02-17 01:07:46.163380,Paris-1a69,30,75,Normal
2026-02-17 01:07:47.163380,Paris-1a69,13,22,Normal
2026-02-17 01:07:48.163380,Paris-1a69,43,17,Normal
2026-02-17 01:07:49.163380,Paris-1a69,-11,52,Normal
2026-02-17 01:07:50.163380,Paris-1a69,40,9,Normal
2026-02-17 01:07:51.163380,Paris-1a69,-19,28,Normal
2026-02-17 01:07:52.163380,Paris-1a69,34,1,Normal
2026-02-17 01:07:53.163380,Paris-1a69,9,91,Normal
2026-02-17 01:07:54.163380,Paris-1a69,-10,1,Normal
2026-02-17 01:07:55.163380,Paris-1a69,-20,11,Normal
2026-02-17 01:07:56.163380,Paris-1a69,47,81,Normal
2026-02-17 01:07:57.163380,Paris-1a69,29,71,Normal
2026-02-17 01:07:58.163380,Paris-1a69,14,41,Normal
2026-02-17 01:07:59.163380,Paris-1a69,13,38,Normal
2026-02-17 01:08:00.163380,Paris-1a69,-26,97,Normal
2026-02-17 01:08:01.163380,Paris-1a69,29,34,Normal
2026-02-17 01:08:02.163380,Paris-1a69,17,34,Normal
2026-02-17 01:08:03.163380,Paris-1a69,22,37,Normal
2026-02-17 01:08:04.163380,Paris-1a69,46,42,Normal
2026-02-17 01:08:05.163380,Paris-1a69,48,60,Normal
2026-02-17 01:08:06.163380,Paris-1a69,-23,15,Normal
2026-02-17 01:08:07.163380,Paris-1a69,24,93,Normal
2026-02-17 01:08:08.163380,Paris-1a69,13,19,Normal
2026-02-17 01:08:09.163380,Paris-1a69,46,88,Normal
2026-02-17 01:08:10.163380,Paris-1a69,9,86,Normal
2026-02-17 01:08:11.163380,Paris-1a69,12,4,Normal
2026-02-17 01:08:12.163380,Paris-1a69,49,58,Normal
2026-02-17 01:08:13.163380,Paris-1a69,49,50,Normal
2026-02-17 01:08:14.163380,Paris-1a69,-26,59,Normal
2026-02-17 01:08:15.163380,Paris-1a69,43,40,Normal
2026-02-17 01:08:16.163380,Paris-1a69,-12,92,Normal
2026-02-17 01:08:17.163380,Paris-1a69,32,50,Normal
2026-02-17 01:08:18.163380,Paris-1a69,-30,26,Normal
2026-02-17 01:08:19.163380,Paris-1a69,-16,21,Normal
2026-02-17 01:08:20.163380,Paris-1a69,13,11,Normal
2026-02-17 01:08:21.163380,Paris-1a69,27,27,Normal
2026-02-17 01:08:22.163380,Paris-1a69,43,6,Normal
2026-02-17 01:08:23.163380,Paris-1a69,41,81,Normal
2026-02-17 01:08:24.163380,Paris-1a69,33,29,Normal
2026-02-17 01:08:25.163380,Paris-1a69,27,67,Normal
2026-02-17 01:08:26.163380,Paris-1a69,48,8,Normal
2026-02-17 01:08:27.163380,Paris-1a69,24,25,Normal
2026-02-17 01:08:28.163380,Paris-1a69,-10,35,Normal
2026-02-17 01:08:29.163380,Paris-1a69,-6,91,Normal
2026-02-17 01:08:30.163380,Paris-1a69,-11,52,Normal
2026-02-17 01:08:31.163380,Paris-1a69,41,1,Normal
2026-02-17 01:08:32.163380,Paris-1a69,19,23,Normal
2026-02-17 01:08:33.163380,Paris-1a69,-27,3,Normal
2026-02-17 01:08:34.163380,Paris-1a69,-26,79,Normal
2026-02-17 01:08:35.163380,Paris-1a69,-20,91,Normal
2026-02-17 01:08:36.163380,Paris-1a69,8,7,Normal
2026-02-17 01:08:37.163380,Paris-1a69,12,82,Normal
2026-02-17 01:08:38.163380,Paris-1a69,35,7,Normal
2026-02-17 01:08:39.163380,Paris-1a69,-10,68,Normal
2026-02-17 01:08:40.163380,Paris-1a69,-13,85,Normal
2026-02-17 01:08:41.163380,Paris-1a69,27,74,Normal
2026-02-17 01:08:42.163380,Paris-1a69,34,62,Normal
2026-02-17 01:08:43.163380,Paris-1a69,-12,32,Normal
2026-02-17 01:08:44.163380,Paris-1a69,15,94,Normal
2026-02-17 01:08:45.163380,Paris-1a69,10,53,Normal
2026-02-17 01:08:46.163380,Paris-1a69,1,81,Normal
2026-02-17 01:08:47.163380,Paris-1a69,-18,37,Normal
2026-02-17 01:08:48.163380,Paris-1a69,48,85,Normal
2026-02-17 01:08:49.163380,Paris-1a69,45,49,Normal
2026-02-17 01:08:50.163380,Paris-1a69,44,77,Normal
2026-02-17 01:08:51.163380,Paris-1a69,19,67,Normal
2026-02-17 01:08:52.163380,Paris-1a69,44,88,Normal
2026-02-17 01:08:53.163380,Paris-1a69,48,5,Normal
2026-02-17 01:08:54.163380,Paris-1a69,22,20,Normal
2026-02-17 01:08:55.163380,Paris-1a69,-15,20,Normal
2026-02-17 01:08:56.163380,Paris-1a69,18,17,Normal
2026-02-17 01:08:57.163380,Paris-1a69,29,81,Normal
2026-02-17 01:08:58.163380,Paris-1a69,17,73,Normal
2026-02-17 01:08:59.163380,Paris-1a69,16,18,Normal
2026-02-17 01:09:00.163380,Paris-1a69,-26,18,Normal
2026-02-17 01:09:01.163380,Paris-1a69,4,88,Normal
2026-02-17 01:09:02.163380,Paris-1a69,-17,57,Normal
2026-02-17 01:09:03.163380,Paris-1a69,32,9,Normal
2026-02-17 01:09:04.163380,Paris-1a69,43,48,Normal
2026-02-17 01:09:05.163380,Paris-1a69,-19,21,Normal
2026-02-17 01:09:06.163380,Paris-1a69,24,35,Normal
2026-02-17 01:09:07.163380,Paris-1a69,-5,64,Normal
2026-02-17 01:09:08.163380,Paris-1a69,12,3,Normal
2026-02-17 01:09:09.163380,Paris-1a69,28,30,Normal
2026-02-17 01:09:10.163380,Paris-1a69,39,71,Normal
2026-02-17 01:09:11.163380,Paris-1a69,40,81,Normal
2026-02-17 01:09:12.163380,Paris-1a69,-21,1,Normal
2026-02-17 01:09:13.163380,Paris-1a69,12,34,Normal
2026-02-17 01:09:14.163380,Paris-1a69,16,92,Normal
2026-02-17 01:09:15.163380,Paris-1a69,-2,63,Normal
2026-02-17 01:09:16.163380,Paris-1a69,35,65,Normal
2026-02-17 01:09:17.163380,Paris-1a69,-3,69,Normal
2026-02-17 01:09:18.163380,Paris-1a69,-14,93,Normal
2026-02-17 01:09:19.163380,Paris-1a69,-10,55,Normal
2026-02-17 01:09:20.163380,Paris-1a69,14,49,Normal
2026-02-17 01:09:21.163380,Paris-1a69,17,58,Normal
2026-02-17 01:09:22.163380,Paris-1a69,-10,79,Normal
2026-02-17 01:09:23.163380,Paris-1a69,46,5,Normal
2026-02-17 01:09:24.163380,Paris-1a69,40,17,Normal
2026-02-17 01:09:25.163380,Paris-1a69,50,89,Normal
2026-02-17 01:09:26.163380,Paris-1a69,15,6,Normal
2026-02-17 01:09:27.163380,Paris-1a69,26,60,Normal
2026-02-17 01:09:28.163380,Paris-1a69,-25,17,Normal
2026-02-17 01:09:29.163380,Paris-1a69,34,89,Normal
2026-02-17 01:09:30.163380,Paris-1a69,-12,90,Normal
2026-02-17 01:09:31.163380,Paris-1a69,41,81,Normal
2026-02-17 01:09:32.163380,Paris-1a69,16,47,Normal
2026-02-17 01:09:33.163380,Paris-1a69,22,52,Normal
2026-02-17 01:09:34.163380,Paris-1a69,37,69,Normal
2026-02-17 01:09:35.163380,Paris-1a69,-30,96,Normal
2026-02-17 01:09:36.163380,Paris-1a69,-25,61,Normal
2026-02-17 01:09:37.163380,Paris-1a69,5,42,Normal
2026-02-17 01:09:38.163380,Paris-1a69,-1,47,Normal
2026-02-17 01:09:39.163380,Paris-1a69,21,2,Normal
2026-02-17 01:09:40.163380,Paris-1a69,-16,27,Normal
2026-02-17 01:09:41.163380,Paris-1a69,31,23,Normal
2026-02-17 01:09:42.163380,Paris-1a69,35,72,Normal
2026-02-17 01:09:43.163380,Paris-1a69,-23,81,Normal
2026-02-17 01:09:44.163380,Paris-1a69,-26,48,Normal
2026-02-17 01:09:45.163380,Paris-1a69,-2,96,Normal
2026-02-17 01:09:46.163380,Paris-1a69,39,58,Normal
2026-02-17 01:09:47.163380,Paris-1a69,17,44,Normal
2026-02-17 01:09:48.163380,Paris-1a69,49,11,Normal
2026-02-17 01:09:49.163380,Paris-1a69,5,43,Normal
2026-02-17 01:09:50.163380,Paris-1a69,41,27,Normal
2026-02-17 01:09:51.163380,Paris-1a69,-22,67,Normal
2026-02-17 01:09:52.163380,Paris-1a69,-21,37,Normal
2026-02-17 01:09:53.163380,Paris-1a69,30,81,Normal
2026-02-17 01:09:54.163380,Paris-1a69,36,2,Normal
2026-02-17 01:09:55.163380,Paris-1a69,18,63,Normal
2026-02-17 01:09:56.163380,Paris-1a69,32,70,Normal
2026-02-17 01:09:57.163380,Paris-1a69,46,66,Normal
2026-02-17 01:09:58.163380,Paris-1a69,23,73,Normal
2026-02-17 01:09:59.163380,Paris-1a69,-25,41,Normal
2026-02-17 01:10:00.163380,Paris-1a69,23,37,Normal
2026-02-17 01:10:01.163380,Paris-1a69,-15,31,Normal
2026-02-17 01:10:02.163380,Paris-1a69,39,46,Normal
2026-02-17 01:10:03.163380,Paris-1a69,-25,23,Normal
2026-02-17 01:10:04.163380,Paris-1a69,27,33,Normal
2026-02-17 01:10:05.163380,Paris-1a69,-1,6,Normal
2026-02-17 01:10:06.163380,Paris-1a69,-19,22,Normal
2026-02-17 01:10:07.163380,Paris-1a69,15,21,Normal
2026-02-17 01:10:08.163380,Paris-1a69,9,25,Normal
2026-02-17 01:10:09.163380,Paris-1a69,8,76,Normal
2026-02-17 01:10:10.163380,Paris-1a69,-21,7,Normal
2026-02-17 01:10:11.163380,Paris-1a69,18,66,Normal
2026-02-17 01:10:12.163380,Paris-1a69,20,54,Normal
2026-02-17 01:10:13.163380,Paris-1a69,-19,1,Normal
2026-02-17 01:10:14.163380,Paris-1a69,10,37,Normal
2026-02-17 01:10:15.163380,Paris-1a69,-22,52,Normal
2026-02-17 01:10:16.163380,Paris-1a69,9,98,Normal
2026-02-17 01:10:17.163380,Paris-1a69,10,13,Normal
2026-02-17 01:10:18.163380,Paris-1a69,32,39,Normal
2026-02-17 01:10:19.163380,Paris-1a69,5,13,Normal
2026-02-17 01:10:20.163380,Paris-1a69,50,82,Normal
2026-02-17 01:10:21.163380,Paris-1a69,-17,76,Normal
2026-02-17 01:10:22.163380,Paris-1a69,16,90,Normal
2026-02-17 01:10:23.163380,Paris-1a69,22,53,Normal
2026-02-17 01:10:24.163380,Paris-1a69,-2,37,Normal
2026-02-17 01:10:25.163380,Paris-1a69,-1,1,Normal
2026-02-17 01:10:26.163380,Paris-1a69,43,3,Normal
2026-02-17 01:10:27.163380,Paris-1a69,22,82,Normal
2026-02-17 01:10:28.163380,Paris-1a69,46,55,Normal
2026-02-17 01:10:29.163380,Paris-1a69,-20,16,Normal
2026-02-17 01:10:30.163380,Paris-1a69,0,38,Normal
2026-02-17 01:10:31.163380,Paris-1a69,13,67,Normal
2026-02-17 01:10:32.163380,Paris-1a69,48,86,Normal
2026-02-17 01:10:33.163380,Paris-1a69,-16,22,Normal
2026-02-17 01:10:34.163380,Paris-1a69,15,96,Normal
2026-02-17 01:10:35.163380,Paris-1a69,24,88,Normal
2026-02-17 01:10:36.163380,Paris-1a69,44,98,Normal
2026-02-17 01:10:37.163380,Paris-1a69,20,70,Normal
2026-02-17 01:10:38.163380,Paris-1a69,47,83,Normal
2026-02-17 01:10:39.163380,Paris-1a69,-20,81,Normal
2026-02-17 01:10:40.163380,Paris-1a69,17,71,Normal
2026-02-17 01:10:41.163380,Paris-1a69,48,22,Normal
2026-02-17 01:10:42.163380,Paris-1a69,49,93,Normal
2026-02-17 01:10:43.163380,Paris-1a69,-8,49,Normal
2026-02-17 01:10:44.163380,Paris-1a69,20,65,Normal
2026-02-17 01:10:45.163380,Paris-1a69,4,77,Normal
2026-02-17 01:10:46.163380,Paris-1a69,6,73,Normal
2026-02-17 01:10:47.163380,Paris-1a69,35,11,Normal
2026-02-17 01:10:48.163380,Paris-1a69,13,13,Normal
2026-02-17 01:10:49.163380,Paris-1a69,44,17,Normal
2026-02-17 01:10:50.163380,Paris-1a69,8,9,Normal
2026-02-17 01:10:51.163380,Paris-1a69,43,77,Normal
2026-02-17 01:10:52.163380,Paris-1a69,-14,81,Normal
2026-02-17 01:10:53.163380,Paris-1a69,7,60,Normal
2026-02-17 01:10:54.163380,Paris-1a69,11,39,Normal
2026-02-17 01:10:55.163380,Paris-1a69,-1,31,Normal
2026-02-17 01:10:56.163380,Paris-1a69,21,96,Normal
2026-02-17 01:10:57.163380,Paris-1a69,40,89,Normal
2026-02-17 01:10:58.163380,Paris-1a69,27,74,Normal
2026-02-17 01:10:59.163380,Paris-1a69,6,81,Normal
2026-02-17 01:11:00.163380,Paris-1a69,34,44,Normal
2026-02-17 01:11:01.163380,Paris-1a69,3,89,Normal
2026-02-17 01:11:02.163380,Paris-1a69,40,80,Normal
2026-02-17 01:11:03.163380,Paris-1a69,-3,58,Normal
2026-02-17 01:11:04.163380,Paris-1a69,19,2,Normal
2026-02-17 01:11:05.163380,Paris-1a69,-23,86,Normal
2026-02-17 01:11:06.163380,Paris-1a69,-20,48,Normal
2026-02-17 01:11:07.163380,Paris-1a69,38,79,Normal
2026-02-17 01:11:08.163380,Paris-1a69,-12,11,Normal
2026-02-17 01:11:09.163380,Paris-1a69,3,96,Normal
2026-02-17 01:11:10.163380,Paris-1a69,47,57,Normal
2026-02-17 01:11:11.163380,Paris-1a69,26,73,Normal
2026-02-17 01:11:12.163380,Paris-1a69,10,28,Normal
2026-02-17 01:11:13.163380,Paris-1a69,32,20,Normal
2026-02-17 01:11:14.163380,Paris-1a69,19,53,Normal
2026-02-17 01:11:15.163380,Paris-1a69,28,71,Normal
2026-02-17 01:11:16.163380,Paris-1a69,-18,58,Normal
2026-02-17 01:11:17.163380,Paris-1a69,-20,58,Normal
2026-02-17 01:11:18.163380,Paris-1a69,-12,67,Normal
2026-02-17 01:11:19.163380,Paris-1a69,-15,66,Normal
2026-02-17 01:11:20.163380,Paris-1a69,7,23,Normal
2026-02-17 01:11:21.163380,Paris-1a69,-16,64,Normal
2026-02-17 01:11:22.163380,Paris-1a69,23,13,Normal
2026-02-17 01:11:23.163380,Paris-1a69,45,38,Normal
2026-02-17 01:11:24.163380,Paris-1a69,32,65,Normal
2026-02-17 01:11:25.163380,Paris-1a69,-2,68,Normal
2026-02-17 01:11:26.163380,Paris-1a69,-18,62,Normal
2026-02-17 01:11:27.163380,Paris-1a69,36,60,Normal
2026-02-17 01:11:28.163380,Paris-1a69,40,26,Normal
2026-02-17 01:11:29.163380,Paris-1a69,38,70,Normal
2026-02-17 01:11:30.163380,Paris-1a69,-3,2,Normal
2026-02-17 01:11:31.163380,Paris-1a69,8,13,Normal
2026-02-17 01:11:32.163380,Paris-1a69,-23,31,Normal
2026-02-17 01:11:33.163380,Paris-1a69,38,24,Normal
2026-02-17 01:11:34.163380,Paris-1a69,30,2,Normal
2026-02-17 01:11:35.163380,Paris-1a69,41,58,Normal
2026-02-17 01:11:36.163380,Paris-1a69,18,59,Normal
2026-02-17 01:11:37.163380,Paris-1a69,24,28,Normal
2026-02-17 01:11:38.163380,Paris-1a69,25,30,Normal
2026-02-17 01:11:39.163380,Paris-1a69,-22,20,Normal
2026-02-17 01:11:40.163380,Paris-1a69,11,50,Normal
2026-02-17 01:11:41.163380,Paris-1a69,-8,41,Normal
2026-02-17 01:11:42.163380,Paris-1a69,-30,54,Normal
2026-02-17 01:11:43.163380,Paris-1a69,34,86,Normal
2026-02-17 01:11:44.163380,Paris-1a69,40,6,Normal
2026-02-17 01:11:45.163380,Paris-1a69,21,57,Normal
2026-02-17 01:11:46.163380,Paris-1a69,-27,100,Normal
2026-02-17 01:11:47.163380,Paris-1a69,13,46,Normal
2026-02-17 01:11:48.163380,Paris-1a69,38,89,Normal
2026-02-17 01:11:49.163380,Paris-1a69,25,15,Normal
2026-02-17 01:11:50.163380,Paris-1a69,-25,21,Normal
2026-02-17 01:11:51.163380,Paris-1a69,46,58,Normal
2026-02-17 01:11:52.163380,Paris-1a69,16,44,Normal
2026-02-17 01:11:53.163380,Paris-1a69,-4,97,Normal
2026-02-17 01:11:54.163380,Paris-1a69,-8,42,Normal
2026-02-17 01:11:55.163380,Paris-1a69,-19,80,Normal
2026-02-17 01:11:56.163380,Paris-1a69,32,47,Normal
2026-02-17 01:11:57.163380,Paris-1a69,37,50,Normal
2026-02-17 01:11:58.163380,Paris-1a69,9,13,Normal
2026-02-17 01:11:59.163380,Paris-1a69,27,6,Normal
2026-02-17 01:12:00.163380,Paris-1a69,2,23,Normal
2026-02-17 01:12:01.163380,Paris-1a69,-10,62,Normal
2026-02-17 01:12:02.163380,Paris-1a69,44,68,Normal
2026-02-17 01:12:03.163380,Paris-1a69,45,1,Normal
2026-02-17 01:12:04.163380,Paris-1a69,49,3,Normal
2026-02-17 01:12:05.163380,Paris-1a69,4,33,Normal
2026-02-17 01:12:06.163380,Paris-1a69,-21,56,Normal
2026-02-17 01:12:07.163380,Paris-1a69,-6,85,Normal
2026-02-17 01:12:08.163380,Paris-1a69,-10,28,Normal
2026-02-17 01:12:09.163380,Paris-1a69,1,88,Normal
2026-02-17 01:12:10.163380,Paris-1a69,-22,99,Normal
2026-02-17 01:12:11.163380,Paris-1a69,-17,41,Normal
2026-02-17 01:12:12.163380,Paris-1a69,-21,24,Normal
2026-02-17 01:12:13.163380,Paris-1a69,45,93,Normal
2026-02-17 01:12:14.163380,Paris-1a69,-10,40,Normal
2026-02-17 01:12:15.163380,Paris-1a69,-29,56,Normal
2026-02-17 01:12:16.163380,Paris-1a69,0,35,Normal
2026-02-17 01:12:17.163380,Paris-1a69,27,22,Normal
2026-02-17 01:12:18.163380,Paris-1a69,48,44,Normal
2026-02-17 01:12:19.163380,Paris-1a69,-21,50,Normal
2026-02-17 01:12:20.163380,Paris-1a69,1,67,Normal
2026-02-17 01:12:21.163380,Paris-1a69,-1,66,Normal
2026-02-17 01:12:22.163380,Paris-1a69,1,77,Normal
2026-02-17 01:12:23.163380,Paris-1a69,-23,70,Normal
2026-02-17 01:12:24.163380,Paris-1a69,-7,98,Normal
2026-02-17 01:12:25.163380,Paris-1a69,22,95,Normal
2026-02-17 01:12:26.163380,Paris-1a69,26,30,Normal
2026-02-17 01:12:27.163380,Paris-1a69,12,56,Normal
2026-02-17 01:12:28.163380,Paris-1a69,-16,11,Normal
2026-02-17 01:12:29.163380,Paris-1a69,43,25,Normal
2026-02-17 01:12:30.163380,Paris-1a69,-6,60,Normal
2026-02-17 01:12:31.163380,Paris-1a69,-9,89,Normal
2026-02-17 01:12:32.163380,Paris-1a69,3,83,Normal
2026-02-17 01:12:33.163380,Paris-1a69,5,78,Normal
2026-02-17 01:12:34.163380,Paris-1a69,-28,64,Normal
2026-02-17 01:12:35.163380,Paris-1a69,41,61,Normal
2026-02-17 01:12:36.163380,Paris-1a69,-6,27,Normal
2026-02-17 01:12:37.163380,Paris-1a69,10,86,Normal
2026-02-17 01:12:38.163380,Paris-1a69,21,18,Normal
2026-02-17 01:12:39.163380,Paris-1a69,-17,1,Normal
2026-02-17 01:12:40.163380,Paris-1a69,13,55,Normal
2026-02-17 01:12:41.163380,Paris-1a69,1,76,Normal
2026-02-17 01:12:42.163380,Paris-1a69,-9,43,Normal
2026-02-17 01:12:43.163380,Paris-1a69,-22,63,Normal
2026-02-17 01:12:44.163380,Paris-1a69,-30,57,Normal
2026-02-17 01:12:45.163380,Paris-1a69,39,96,Normal
2026-02-17 01:12:46.163380,Paris-1a69,-2,68,Normal
2026-02-17 01:12:47.163380,Paris-1a69,-17,93,Normal
2026-02-17 01:12:48.163380,Paris-1a69,-17,1,Normal
2026-02-17 01:12:49.163380,Paris-1a69,16,11,Normal
2026-02-17 01:12:50.163380,Paris-1a69,-27,27,Normal
2026-02-17 01:12:51.163380,Paris-1a69,-18,62,Normal
2026-02-17 01:12:52.163380,Paris-1a69,29,93,Normal
2026-02-17 01:12:53.163380,Paris-1a69,10,7,Normal
2026-02-17 01:12:54.163380,Paris-1a69,32,27,Normal
2026-02-17 01:12:55.163380,Paris-1a69,21,58,Normal
2026-02-17 01:12:56.163380,Paris-1a69,-23,12,Normal
2026-02-17 01:12:57.163380,Paris-1a69,-13,86,Normal
2026-02-17 01:12:58.163380,Paris-1a69,29,11,Normal
2026-02-17 01:12:59.163380,Paris-1a69,5,23,Normal
2026-02-17 01:13:00.163380,Paris-1a69,-13,14,Normal
2026-02-17 01:13:01.163380,Paris-1a69,12,7,Normal
2026-02-17 01:13:02.163380,Paris-1a69,-23,59,Normal
2026-02-17 01:13:03.163380,Paris-1a69,35,64,Normal
2026-02-17 01:13:04.163380,Paris-1a69,45,3,Normal
2026-02-17 01:13:05.163380,Paris-1a69,45,73,Normal
2026-02-17 01:13:06.163380,Paris-1a69,1,57,Normal
2026-02-17 01:13:07.163380,Paris-1a69,43,23,Normal
2026-02-17 01:13:08.163380,Paris-1a69,-10,9,Normal
2026-02-17 01:13:09.163380,Paris-1a69,-6,20,Normal
2026-02-17 01:13:10.163380,Paris-1a69,47,81,Normal
2026-02-17 01:13:11.163380,Paris-1a69,0,82,Normal
2026-02-17 01:13:12.163380,Paris-1a69,9,60,Normal
2026-02-17 01:13:13.163380,Paris-1a69,15,69,Normal
2026-02-17 01:13:14.163380,Paris-1a69,31,10,Normal
2026-02-17 01:13:15.163380,Paris-1a69,30,92,Normal
2026-02-17 01:13:16.163380,Paris-1a69,46,44,Normal
2026-02-17 01:13:17.163380,Paris-1a69,-29,70,Normal
2026-02-17 01:13:18.163380,Paris-1a69,-22,46,Normal
2026-02-17 01:13:19.163380,Paris-1a69,38,2,Normal
2026-02-17 01:13:20.163380,Paris-1a69,-9,32,Normal
2026-02-17 01:13:21.163380,Paris-1a69,37,72,Normal
2026-02-17 01:13:22.163380,Paris-1a69,0,81,Normal
2026-02-17 01:13:23.163380,Paris-1a69,-16,28,Normal
2026-02-17 01:13:24.163380,Paris-1a69,50,45,Normal
2026-02-17 01:13:25.163380,Paris-1a69,7,69,Normal
2026-02-17 01:13:26.163380,Paris-1a69,37,89,Normal
2026-02-17 01:13:27.163380,Paris-1a69,17,69,Normal
2026-02-17 01:13:28.163380,Paris-1a69,27,29,Normal
2026-02-17 01:13:29.163380,Paris-1a69,-3,10,Normal
2026-02-17 01:13:30.163380,Paris-1a69,-25,94,Normal
2026-02-17 01:13:31.163380,Paris-1a69,34,64,Normal
2026-02-17 01:13:32.163380,Paris-1a69,-13,10,Normal
2026-02-17 01:13:33.163380,Paris-1a69,42,80,Normal
2026-02-17 01:13:34.163380,Paris-1a69,25,37,Normal
2026-02-17 01:13:35.163380,Paris-1a69,41,98,Normal
2026-02-17 01:13:36.163380,Paris-1a69,3,96,Normal
2026-02-17 01:13:37.163380,Paris-1a69,14,35,Normal
2026-02-17 01:13:38.163380,Paris-1a69,2,100,Normal
2026-02-17 01:13:39.163380,Paris-1a69,23,64,Normal
2026-02-17 01:13:40.163380,Paris-1a69,45,41,Normal
2026-02-17 01:13:41.163380,Paris-1a69,-26,35,Normal
2026-02-17 01:13:42.163380,Paris-1a69,-9,94,Normal
2026-02-17 01:13:43.163380,Paris-1a69,-1,25,Normal
2026-02-17 01:13:44.163380,Paris-1a69,31,59,Normal
2026-02-17 01:13:45.163380,Paris-1a69,40,98,Normal
2026-02-17 01:13:46.163380,Paris-1a69,-25,15,Normal
2026-02-17 01:13:47.163380,Paris-1a69,-1,20,Normal
2026-02-17 01:13:48.163380,Paris-1a69,-12,82,Normal
2026-02-17 01:13:49.163380,Paris-1a69,-6,51,Normal
2026-02-17 01:13:50.163380,Paris-1a69,-17,99,Normal
2026-02-17 01:13:51.163380,Paris-1a69,4,62,Normal
2026-02-17 01:13:52.163380,Paris-1a69,10,56,Normal
2026-02-17 01:13:53.163380,Paris-1a69,28,41,Normal
2026-02-17 01:13:54.163380,Paris-1a69,20,58,Normal
2026-02-17 01:13:55.163380,Paris-1a69,-10,2,Normal
2026-02-17 01:13:56.163380,Paris-1a69,5,94,Normal
2026-02-17 01:13:57.163380,Paris-1a69,-9,62,Normal
2026-02-17 01:13:58.163380,Paris-1a69,-13,80,Normal
2026-02-17 01:13:59.163380,Paris-1a69,6,65,Normal
2026-02-17 01:14:00.163380,Paris-1a69,47,96,Normal
2026-02-17 01:14:01.163380,Paris-1a69,11,7,Normal
2026-02-17 01:14:02.163380,Paris-1a69,4,60,Normal
2026-02-17 01:14:03.163380,Paris-1a69,-13,78,Normal
2026-02-17 01:14:04.163380,Paris-1a69,33,43,Normal
2026-02-17 01:14:05.163380,Paris-1a69,20,90,Normal
2026-02-17 01:14:06.163380,Paris-1a69,-6,56,Normal
2026-02-17 01:14:07.163380,Paris-1a69,-3,39,Normal
2026-02-17 01:14:08.163380,Paris-1a69,1,9,Normal
2026-02-17 01:14:09.163380,Paris-1a69,-18,21,Normal
2026-02-17 01:14:10.163380,Paris-1a69,-10,79,Normal
2026-02-17 01:14:11.163380,Paris-1a69,-7,51,Normal
2026-02-17 01:14:12.163380,Paris-1a69,42,83,Normal
2026-02-17 01:14:13.163380,Paris-1a69,14,30,Normal
2026-02-17 01:14:14.163380,Paris-1a69,26,53,Normal
2026-02-17 01:14:15.163380,Paris-1a69,16,0,Normal
2026-02-17 01:14:16.163380,Paris-1a69,21,44,Normal
2026-02-17 01:14:17.163380,Paris-1a69,30,52,Normal
2026-02-17 01:14:18.163380,Paris-1a69,27,3,Normal
2026-02-17 01:14:19.163380,Paris-1a69,5,7,Normal
2026-02-17 01:14:20.163380,Paris-1a69,24,71,Normal
2026-02-17 01:14:21.163380,Paris-1a69,3,11,Normal
2026-02-17 01:14:22.163380,Paris-1a69,11,95,Normal
2026-02-17 01:14:23.163380,Paris-1a69,21,34,Normal
2026-02-17 01:14:24.163380,Paris-1a69,-1,44,Normal
2026-02-17 01:14:25.163380,Paris-1a69,6,64,Normal
2026-02-17 01:14:26.163380,Paris-1a69,-22,59,Normal
2026-02-17 01:14:27.163380,Paris-1a69,-1,71,Normal
2026-02-17 01:14:28.163380,Paris-1a69,48,29,Normal
2026-02-17 01:14:29.163380,Paris-1a69,42,20,Normal
2026-02-17 01:14:30.163380,Paris-1a69,-2,80,Normal
2026-02-17 01:14:31.163380,Paris-1a69,48,78,Normal
2026-02-17 01:14:32.163380,Paris-1a69,15,79,Normal
2026-02-17 01:14:33.163380,Paris-1a69,36,17,Normal
2026-02-17 01:14:34.163380,Paris-1a69,26,70,Normal
2026-02-17 01:14:35.163380,Paris-1a69,-10,91,Normal
2026-02-17 01:14:36.163380,Paris-1a69,36,41,Normal
2026-02-17 01:14:37.163380,Paris-1a69,-23,55,Normal
2026-02-17 01:14:38.163380,Paris-1a69,31,66,Normal
2026-02-17 01:14:39.163380,Paris-1a69,37,24,Normal
2026-02-17 01:14:40.163380,Paris-1a69,37,17,Normal
2026-02-17 01:14:41.163380,Paris-1a69,20,61,Normal
2026-02-17 01:14:42.163380,Paris-1a69,-14,93,Normal
2026-02-17 01:14:43.163380,Paris-1a69,-22,22,Normal
2026-02-17 01:14:44.163380,Paris-1a69,47,35,Normal
2026-02-17 01:14:45.163380,Paris-1a69,31,52,Normal
2026-02-17 01:14:46.163380,Paris-1a69,41,82,Normal
2026-02-17 01:14:47.163380,Paris-1a69,-21,87,Normal
2026-02-17 01:14:48.163380,Paris-1a69,13,19,Normal
2026-02-17 01:14:49.163380,Paris-1a69,28,95,Normal
2026-02-17 01:14:50.163380,Paris-1a69,24,15,Normal
2026-02-17 01:14:51.163380,Paris-1a69,47,84,Normal
2026-02-17 01:14:52.163380,Paris-1a69,39,26,Normal
2026-02-17 01:14:53.163380,Paris-1a69,-27,81,Normal
2026-02-17 01:14:54.163380,Paris-1a69,6,16,Normal
2026-02-17 01:14:55.163380,Paris-1a69,31,27,Normal
2026-02-17 01:14:56.163380,Paris-1a69,30,49,Normal
2026-02-17 01:14:57.163380,Paris-1a69,-6,22,Normal
2026-02-17 01:14:58.163380,Paris-1a69,-8,73,Normal
2026-02-17 01:14:59.163380,Paris-1a69,48,60,Normal
2026-02-17 01:15:00.163380,Paris-1a69,40,94,Normal
2026-02-17 01:15:01.163380,Paris-1a69,5,66,Normal
2026-02-17 01:15:02.163380,Paris-1a69,50,61,Normal
2026-02-17 01:15:03.163380,Paris-1a69,-6,40,Normal
2026-02-17 01:15:04.163380,Paris-1a69,20,22,Normal
2026-02-17 01:15:05.163380,Paris-1a69,0,69,Normal
2026-02-17 01:15:06.163380,Paris-1a69,5,16,Normal
2026-02-17 01:15:07.163380,Paris-1a69,49,86,Normal
2026-02-17 01:15:08.163380,Paris-1a69,20,51,Normal
2026-02-17 01:15:09.163380,Paris-1a69,3,99,Normal
2026-02-17 01:15:10.163380,Paris-1a69,46,99,Normal
2026-02-17 01:15:11.163380,Paris-1a69,48,10,Normal
2026-02-17 01:15:12.163380,Paris-1a69,30,33,Normal
2026-02-17 01:15:13.163380,Paris-1a69,20,79,Normal
2026-02-17 01:15:14.163380,Paris-1a69,-15,57,Normal
2026-02-17 01:15:15.163380,Paris-1a69,-16,86,Normal
2026-02-17 01:15:16.163380,Paris-1a69,26,40,Normal
2026-02-17 01:15:17.163380,Paris-1a69,29,35,Normal
2026-02-17 01:15:18.163380,Paris-1a69,-15,53,Normal
2026-02-17 01:15:19.163380,Paris-1a69,19,71,Normal
2026-02-17 01:15:20.163380,Paris-1a69,6,37,Normal
2026-02-17 01:15:21.163380,Paris-1a69,28,24,Normal
2026-02-17 01:15:22.163380,Paris-1a69,12,100,Normal
2026-02-17 01:15:23.163380,Paris-1a69,42,64,Normal
2026-02-17 01:15:24.163380,Paris-1a69,-3,89,Normal
2026-02-17 01:15:25.163380,Paris-1a69,-24,79,Normal
2026-02-17 01:15:26.163380,Paris-1a69,3,9,Normal
2026-02-17 01:15:27.163380,Paris-1a69,-25,93,Normal
2026-02-17 01:15:28.163380,Paris-1a69,-18,21,Normal
2026-02-17 01:15:29.163380,Paris-1a69,-13,35,Normal
2026-02-17 01:15:30.163380,Paris-1a69,12,21,Normal
2026-02-17 01:15:31.163380,Paris-1a69,-10,83,Normal
2026-02-17 01:15:32.163380,Paris-1a69,-17,67,Normal
2026-02-17 01:15:33.163380,Paris-1a69,15,11,Normal
2026-02-17 01:15:34.163380,Paris-1a69,43,59,Normal
2026-02-17 01:15:35.163380,Paris-1a69,37,62,Normal
2026-02-17 01:15:36.163380,Paris-1a69,42,51,Normal
2026-02-17 01:15:37.163380,Paris-1a69,2,35,Normal
2026-02-17 01:15:38.163380,Paris-1a69,44,38,Normal
2026-02-17 01:15:39.163380,Paris-1a69,3,41,Normal
2026-02-17 01:15:40.163380,Paris-1a69,7,57,Normal
2026-02-17 01:15:41.163380,Paris-1a69,-3,47,Normal
2026-02-17 01:15:42.163380,Paris-1a69,-26,89,Normal
2026-02-17 01:15:43.163380,Paris-1a69,27,59,Normal
2026-02-17 01:15:44.163380,Paris-1a69,37,3,Normal
2026-02-17 01:15:45.163380,Paris-1a69,-21,3,Normal
2026-02-17 01:15:46.163380,Paris-1a69,38,12,Normal
2026-02-17 01:15:47.163380,Paris-1a69,24,29,Normal
2026-02-17 01:15:48.163380,Paris-1a69,-5,35,Normal
2026-02-17 01:15:49.163380,Paris-1a69,-8,50,Normal
2026-02-17 01:15:50.163380,Paris-1a69,44,40,Normal
2026-02-17 01:15:51.163380,Paris-1a69,26,14,Normal
2026-02-17 01:15:52.163380,Paris-1a69,13,28,Normal
2026-02-17 01:15:53.163380,Paris-1a69,12,21,Normal
2026-02-17 01:15:54.163380,Paris-1a69,4,19,Normal
2026-02-17 01:15:55.163380,Paris-1a69,32,92,Normal
2026-02-17 01:15:56.163380,Paris-1a69,47,29,Normal
2026-02-17 01:15:57.163380,Paris-1a69,-18,16,Normal
2026-02-17 01:15:58.163380,Paris-1a69,45,27,Normal
2026-02-17 01:15:59.163380,Paris-1a69,40,58,Normal
2026-02-17 01:16:00.163380,Paris-1a69,-30,91,Normal
2026-02-17 01:16:01.163380,Paris-1a69,-15,86,Normal
2026-02-17 01:16:02.163380,Paris-1a69,10,7,Normal
2026-02-17 01:16:03.163380,Paris-1a69,-4,40,Normal
2026-02-17 01:16:04.163380,Paris-1a69,-2,21,Normal
2026-02-17 01:16:05.163380,Paris-1a69,44,22,Normal
2026-02-17 01:16:06.163380,Paris-1a69,44,58,Normal
2026-02-17 01:16:07.163380,Paris-1a69,-18,92,Normal
2026-02-17 01:16:08.163380,Paris-1a69,12,11,Normal
2026-02-17 01:16:09.163380,Paris-1a69,4,97,Normal
2026-02-17 01:16:10.163380,Paris-1a69,-19,16,Normal
2026-02-17 01:16:11.163380,Paris-1a69,14,21,Normal
2026-02-17 01:16:12.163380,Paris-1a69,-26,56,Normal
2026-02-17 01:16:13.163380,Paris-1a69,-17,88,Normal
2026-02-17 01:16:14.163380,Paris-1a69,47,12,Normal
2026-02-17 01:16:15.163380,Paris-1a69,14,22,Normal
2026-02-17 01:16:16.163380,Paris-1a69,10,71,Normal
2026-02-17 01:16:17.163380,Paris-1a69,-15,39,Normal
2026-02-17 01:16:18.163380,Paris-1a69,-1,58,Normal
2026-02-17 01:16:19.163380,Paris-1a69,18,12,Normal
2026-02-17 01:16:20.163380,Paris-1a69,31,7,Normal
2026-02-17 01:16:21.163380,Paris-1a69,-10,29,Normal
2026-02-17 01:16:22.163380,Paris-1a69,12,2,Normal
2026-02-17 01:16:23.163380,Paris-1a69,33,90,Normal
2026-02-17 01:16:24.163380,Paris-1a69,37,26,Normal
2026-02-17 01:16:25.163380,Paris-1a69,-25,29,Normal
2026-02-17 01:16:26.163380,Paris-1a69,29,71,Normal
2026-02-17 01:16:27.163380,Paris-1a69,22,44,Normal
2026-02-17 01:16:28.163380,Paris-1a69,15,43,Normal
2026-02-17 01:16:29.163380,Paris-1a69,36,4,Normal
2026-02-17 01:16:30.163380,Paris-1a69,-4,98,Normal
2026-02-17 01:16:31.163380,Paris-1a69,48,3,Normal
2026-02-17 01:16:32.163380,Paris-1a69,-19,77,Normal
2026-02-17 01:16:33.163380,Paris-1a69,-27,42,Normal
2026-02-17 01:16:34.163380,Paris-1a69,-17,27,Normal
2026-02-17 01:16:35.163380,Paris-1a69,23,45,Normal
2026-02-17 01:16:36.163380,Paris-1a69,4,99,Normal
2026-02-17 01:16:37.163380,Paris-1a69,11,88,Normal
2026-02-17 01:16:38.163380,Paris-1a69,32,0,Normal
2026-02-17 01:16:39.163380,Paris-1a69,34,89,Normal
2026-02-17 01:16:40.163380,Paris-1a69,35,83,Normal
2026-02-17 01:16:41.163380,Paris-1a69,-13,93,Normal
2026-02-17 01:16:42.163380,Paris-1a69,42,15,Normal
2026-02-17 01:16:43.163380,Paris-1a69,-27,88,Normal
2026-02-17 01:16:44.163380,Paris-1a69,27,30,Normal
2026-02-17 01:16:45.163380,Paris-1a69,23,66,Normal
2026-02-17 01:16:46.163380,Paris-1a69,-24,39,Normal
2026-02-17 01:16:47.163380,Paris-1a69,10,28,Normal
2026-02-17 01:16:48.163380,Paris-1a69,36,51,Normal
2026-02-17 01:16:49.163380,Paris-1a69,-18,11,Normal
2026-02-17 01:16:50.163380,Paris-1a69,-14,96,Normal
2026-02-17 01:16:51.163380,Paris-1a69,38,73,Normal
2026-02-17 01:16:52.163380,Paris-1a69,35,18,Normal
2026-02-17 01:16:53.163380,Paris-1a69,-26,49,Normal
2026-02-17 01:16:54.163380,Paris-1a69,49,2,Normal
2026-02-17 01:16:55.163380,Paris-1a69,48,58,Normal
2026-02-17 01:16:56.163380,Paris-1a69,17,37,Normal
2026-02-17 01:16:57.163380,Paris-1a69,-7,78,Normal
2026-02-17 01:16:58.163380,Paris-1a69,2,65,Normal
2026-02-17 01:16:59.163380,Paris-1a69,26,21,Normal
2026-02-17 01:17:00.163380,Paris-1a69,-19,45,Normal
2026-02-17 01:17:01.163380,Paris-1a69,42,91,Normal
2026-02-17 01:17:02.163380,Paris-1a69,-7,43,Normal
2026-02-17 01:17:03.163380,Paris-1a69,-30,38,Normal
2026-02-17 01:17:04.163380,Paris-1a69,-20,41,Normal
2026-02-17 01:17:05.163380,Paris-1a69,-26,81,Normal
2026-02-17 01:17:06.163380,Paris-1a69,36,20,Normal
2026-02-17 01:17:07.163380,Paris-1a69,31,6,Normal
2026-02-17 01:17:08.163380,Paris-1a69,-27,0,Normal
2026-02-17 01:17:09.163380,Paris-1a69,25,97,Normal
2026-02-17 01:17:10.163380,Paris-1a69,49,49,Normal
2026-02-17 01:17:11.163380,Paris-1a69,9,51,Normal
2026-02-17 01:17:12.163380,Paris-1a69,3,98,Normal
2026-02-17 01:17:13.163380,Paris-1a69,11,25,Normal
2026-02-17 01:17:14.163380,Paris-1a69,-1,37,Normal
2026-02-17 01:17:15.163380,Paris-1a69,3,91,Normal
2026-02-17 01:17:16.163380,Paris-1a69,-8,19,Normal
2026-02-17 01:17:17.163380,Paris-1a69,-20,45,Normal
2026-02-17 01:17:18.163380,Paris-1a69,20,4,Normal
2026-02-17 01:17:19.163380,Paris-1a69,-2,23,Normal
2026-02-17 01:17:20.163380,Paris-1a69,-25,12,Normal
2026-02-17 01:17:21.163380,Paris-1a69,45,80,Normal
2026-02-17 01:17:22.163380,Paris-1a69,11,85,Normal
2026-02-17 01:17:23.163380,Paris-1a69,-18,1,Normal
2026-02-17 01:17:24.163380,Paris-1a69,-25,52,Normal
2026-02-17 01:17:25.163380,Paris-1a69,0,39,Normal
2026-02-17 01:17:26.163380,Paris-1a69,20,47,Normal
2026-02-17 01:17:27.163380,Paris-1a69,-4,12,Normal
2026-02-17 01:17:28.163380,Paris-1a69,29,73,Normal
2026-02-17 01:17:29.163380,Paris-1a69,-12,42,Normal
2026-02-17 01:17:30.163380,Paris-1a69,43,56,Normal
2026-02-17 01:17:31.163380,Paris-1a69,-14,91,Normal
2026-02-17 01:17:32.163380,Paris-1a69,25,5,Normal
2026-02-17 01:17:33.163380,Paris-1a69,-4,78,Normal
2026-02-17 01:17:34.163380,Paris-1a69,-7,65,Normal
2026-02-17 01:17:35.163380,Paris-1a69,-17,34,Normal
2026-02-17 01:17:36.163380,Paris-1a69,-26,73,Normal
2026-02-17 01:17:37.163380,Paris-1a69,13,76,Normal
2026-02-17 01:17:38.163380,Paris-1a69,12,10,Normal
2026-02-17 01:17:39.163380,Paris-1a69,9,23,Normal
2026-02-17 01:17:40.163380,Paris-1a69,11,18,Normal
2026-02-17 01:17:41.163380,Paris-1a69,-15,62,Normal
2026-02-17 01:17:42.163380,Paris-1a69,33,64,Normal
2026-02-17 01:17:43.163380,Paris-1a69,-20,25,Normal
2026-02-17 01:17:44.163380,Paris-1a69,-16,39,Normal
2026-02-17 01:17:45.163380,Paris-1a69,45,35,Normal
2026-02-17 01:17:46.163380,Paris-1a69,4,5,Normal
2026-02-17 01:17:47.163380,Paris-1a69,36,42,Normal
2026-02-17 01:17:48.163380,Paris-1a69,30,28,Normal
2026-02-17 01:17:49.163380,Paris-1a69,-19,42,Normal
2026-02-17 01:17:50.163380,Paris-1a69,20,64,Normal
2026-02-17 01:17:51.163380,Paris-1a69,10,15,Normal
2026-02-17 01:17:52.163380,Paris-1a69,40,52,Normal
2026-02-17 01:17:53.163380,Paris-1a69,-30,50,Normal
2026-02-17 01:17:54.163380,Paris-1a69,43,0,Normal
2026-02-17 01:17:55.163380,Paris-1a69,-25,100,Normal
2026-02-17 01:17:56.163380,Paris-1a69,-12,62,Normal
2026-02-17 01:17:57.163380,Paris-1a69,46,2,Normal
2026-02-17 01:17:58.163380,Paris-1a69,12,23,Normal
2026-02-17 01:17:59.163380,Paris-1a69,15,42,Normal
2026-02-17 01:18:00.163380,Paris-1a69,24,71,Normal
2026-02-17 01:18:01.163380,Paris-1a69,32,45,Normal
2026-02-17 01:18:02.163380,Paris-1a69,42,8,Normal
2026-02-17 01:18:03.163380,Paris-1a69,37,45,Normal
2026-02-17 01:18:04.163380,Paris-1a69,-13,50,Normal
2026-02-17 01:18:05.163380,Paris-1a69,42,89,Normal
2026-02-17 01:18:06.163380,Paris-1a69,39,79,Normal
2026-02-17 01:18:07.163380,Paris-1a69,-2,61,Normal
2026-02-17 01:18:08.163380,Paris-1a69,22,37,Normal
2026-02-17 01:18:09.163380,Paris-1a69,-13,7,Normal
2026-02-17 01:18:10.163380,Paris-1a69,36,49,Normal
2026-02-17 01:18:11.163380,Paris-1a69,18,17,Normal
2026-02-17 01:18:12.163380,Paris-1a69,42,98,Normal
2026-02-17 01:18:13.163380,Paris-1a69,39,46,Normal
2026-02-17 01:18:14.163380,Paris-1a69,-14,96,Normal
2026-02-17 01:18:15.163380,Paris-1a69,3,26,Normal
2026-02-17 01:18:16.163380,Paris-1a69,3,31,Normal
2026-02-17 01:18:17.163380,Paris-1a69,-29,64,Normal
2026-02-17 01:18:18.163380,Paris-1a69,6,57,Normal
2026-02-17 01:18:19.163380,Paris-1a69,24,50,Normal
2026-02-17 01:18:20.163380,Paris-1a69,-22,57,Normal
2026-02-17 01:18:21.163380,Paris-1a69,44,73,Normal
2026-02-17 01:18:22.163380,Paris-1a69,-4,54,Normal
2026-02-17 01:18:23.163380,Paris-1a69,-9,13,Normal
2026-02-17 01:18:24.163380,Paris-1a69,40,92,Normal
2026-02-17 01:18:25.163380,Paris-1a69,-24,25,Normal
2026-02-17 01:18:26.163380,Paris-1a69,-16,72,Normal
2026-02-17 01:18:27.163380,Paris-1a69,-9,77,Normal
2026-02-17 01:18:28.163380,Paris-1a69,48,39,Normal
2026-02-17 01:18:29.163380,Paris-1a69,12,66,Normal
2026-02-17 01:18:30.163380,Paris-1a69,49,67,Normal
2026-02-17 01:18:31.163380,Paris-1a69,-10,48,Normal
2026-02-17 01:18:32.163380,Paris-1a69,37,57,Normal
2026-02-17 01:18:33.163380,Paris-1a69,-13,4,Normal
2026-02-17 01:18:34.163380,Paris-1a69,13,73,Normal
2026-02-17 01:18:35.163380,Paris-1a69,-15,99,Normal
2026-02-17 01:18:36.163380,Paris-1a69,-11,84,Normal
2026-02-17 01:18:37.163380,Paris-1a69,33,42,Normal
2026-02-17 01:18:38.163380,Paris-1a69,-5,35,Normal
2026-02-17 01:18:39.163380,Paris-1a69,7,59,Normal
2026-02-17 01:18:40.163380,Paris-1a69,39,18,Normal
2026-02-17 01:18:41.163380,Paris-1a69,34,95,Normal
2026-02-17 01:18:42.163380,Paris-1a69,-16,69,Normal
2026-02-17 01:18:43.163380,Paris-1a69,40,28,Normal
2026-02-17 01:18:44.163380,Paris-1a69,-14,23,Normal
2026-02-17 01:18:45.163380,Paris-1a69,37,72,Normal
2026-02-17 01:18:46.163380,Paris-1a69,3,44,Normal
2026-02-17 01:18:47.163380,Paris-1a69,29,77,Normal
2026-02-17 01:18:48.163380,Paris-1a69,50,40,Normal
2026-02-17 01:18:49.163380,Paris-1a69,27,51,Normal
2026-02-17 01:18:50.163380,Paris-1a69,8,1,Normal
2026-02-17 01:18:51.163380,Paris-1a69,-22,1,Normal
2026-02-17 01:18:52.163380,Paris-1a69,47,59,Normal
2026-02-17 01:18:53.163380,Paris-1a69,5,31,Normal
2026-02-17 01:18:54.163380,Paris-1a69,47,57,Normal
2026-02-17 01:18:55.163380,Paris-1a69,-2,71,Normal
2026-02-17 01:18:56.163380,Paris-1a69,34,17,Normal
2026-02-17 01:18:57.163380,Paris-1a69,46,96,Normal
2026-02-17 01:18:58.163380,Paris-1a69,-1,48,Normal
2026-02-17 01:18:59.163380,Paris-1a69,-5,39,Normal
2026-02-17 01:19:00.163380,Paris-1a69,-21,5,Normal
2026-02-17 01:19:01.163380,Paris-1a69,15,86,Normal
2026-02-17 01:19:02.163380,Paris-1a69,36,83,Normal
2026-02-17 01:19:03.163380,Paris-1a69,32,54,Normal
2026-02-17 01:19:04.163380,Paris-1a69,1,87,Normal
2026-02-17 01:19:05.163380,Paris-1a69,22,73,Normal
2026-02-17 01:19:06.163380,Paris-1a69,1,69,Normal
2026-02-17 01:19:07.163380,Paris-1a69,32,99,Normal
2026-02-17 01:19:08.163380,Paris-1a69,13,66,Normal
2026-02-17 01:19:09.163380,Paris-1a69,-18,86,Normal
2026-02-17 01:19:10.163380,Paris-1a69,29,18,Normal
2026-02-17 01:19:11.163380,Paris-1a69,-16,10,Normal
2026-02-17 01:19:12.163380,Paris-1a69,13,15,Normal
2026-02-17 01:19:13.163380,Paris-1a69,1,89,Normal
2026-02-17 01:19:14.163380,Paris-1a69,-1,100,Normal
2026-02-17 01:19:15.163380,Paris-1a69,20,58,Normal
2026-02-17 01:19:16.163380,Paris-1a69,-27,25,Normal
2026-02-17 01:19:17.163380,Paris-1a69,-13,58,Normal
2026-02-17 01:19:18.163380,Paris-1a69,44,94,Normal
2026-02-17 01:19:19.163380,Paris-1a69,3,98,Normal
2026-02-17 01:19:20.163380,Paris-1a69,47,61,Normal
2026-02-17 01:19:21.163380,Paris-1a69,-12,84,Normal
2026-02-17 01:19:22.163380,Paris-1a69,36,88,Normal
2026-02-17 01:19:23.163380,Paris-1a69,-8,58,Normal
2026-02-17 01:19:24.163380,Paris-1a69,-21,99,Normal
2026-02-17 01:19:25.163380,Paris-1a69,-25,85,Normal
2026-02-17 01:19:26.163380,Paris-1a69,8,27,Normal
2026-02-17 01:19:27.163380,Paris-1a69,-15,18,Normal
2026-02-17 01:19:28.163380,Paris-1a69,7,93,Normal
2026-02-17 01:19:29.163380,Paris-1a69,13,47,Normal
2026-02-17 01:19:30.163380,Paris-1a69,29,75,Normal
2026-02-17 01:19:31.163380,Paris-1a69,11,18,Normal
2026-02-17 01:19:32.163380,Paris-1a69,15,64,Normal
2026-02-17 01:19:33.163380,Paris-1a69,28,28,Normal
2026-02-17 01:19:34.163380,Paris-1a69,33,22,Normal
2026-02-17 01:19:35.163380,Paris-1a69,-13,57,Normal
2026-02-17 01:19:36.163380,Paris-1a69,22,76,Normal
2026-02-17 01:19:37.163380,Paris-1a69,42,88,Normal
2026-02-17 01:19:38.163380,Paris-1a69,6,87,Normal
2026-02-17 01:19:39.163380,Paris-1a69,2,14,Normal
2026-02-17 01:19:40.163380,Paris-1a69,-5,16,Normal
2026-02-17 01:19:41.163380,Paris-1a69,12,31,Normal
2026-02-17 01:19:42.163380,Paris-1a69,33,83,Normal
2026-02-17 01:19:43.163380,Paris-1a69,-6,86,Normal
2026-02-17 01:19:44.163380,Paris-1a69,15,35,Normal
2026-02-17 01:19:45.163380,Paris-1a69,12,90,Normal
2026-02-17 01:19:46.163380,Paris-1a69,-12,10,Normal
2026-02-17 01:19:47.163380,Paris-1a69,42,85,Normal
2026-02-17 01:19:48.163380,Paris-1a69,-30,18,Normal
2026-02-17 01:19:49.163380,Paris-1a69,15,53,Normal
2026-02-17 01:19:50.163380,Paris-1a69,-6,46,Normal
2026-02-17 01:19:51.163380,Paris-1a69,-10,33,Normal
2026-02-17 01:19:52.163380,Paris-1a69,0,0,Normal
2026-02-17 01:19:53.163380,Paris-1a69,-11,27,Normal
2026-02-17 01:19:54.163380,Paris-1a69,-8,72,Normal
2026-02-17 01:19:55.163380,Paris-1a69,-12,67,Normal
2026-02-17 01:19:56.163380,Paris-1a69,44,93,Normal
2026-02-17 01:19:57.163380,Paris-1a69,-29,83,Normal
2026-02-17 01:19:58.163380,Paris-1a69,24,59,Normal
2026-02-17 01:19:59.163380,Paris-1a69,1,28,Normal
2026-02-17 01:20:00.163380,Paris-1a69,34,96,Normal
2026-02-17 01:20:01.163380,Paris-1a69,40,1,Normal
2026-02-17 01:20:02.163380,Paris-1a69,4,49,Normal
2026-02-17 01:20:03.163380,Paris-1a69,5,54,Normal
2026-02-17 01:20:04.163380,Paris-1a69,-13,65,Normal
2026-02-17 01:20:05.163380,Paris-1a69,-22,27,Normal
2026-02-17 01:20:06.163380,Paris-1a69,-23,18,Normal
2026-02-17 01:20:07.163380,Paris-1a69,-4,52,Normal
2026-02-17 01:20:08.163380,Paris-1a69,-16,59,Normal
2026-02-17 01:20:09.163380,Paris-1a69,34,2,Normal
2026-02-17 01:20:10.163380,Paris-1a69,30,78,Normal
2026-02-17 01:20:11.163380,Paris-1a69,-29,90,Normal
2026-02-17 01:20:12.163380,Paris-1a69,-7,19,Normal
2026-02-17 01:20:13.163380,Paris-1a69,41,68,Normal
2026-02-17 01:20:14.163380,Paris-1a69,16,93,Normal
2026-02-17 01:20:15.163380,Paris-1a69,-30,32,Normal
2026-02-17 01:20:16.163380,Paris-1a69,12,80,Normal
2026-02-17 01:20:17.163380,Paris-1a69,-25,7,Normal
2026-02-17 01:20:18.163380,Paris-1a69,-9,92,Normal
2026-02-17 01:20:19.163380,Paris-1a69,18,66,Normal
2026-02-17 01:20:20.163380,Paris-1a69,2,66,Normal
2026-02-17 01:20:21.163380,Paris-1a69,-28,92,Normal
2026-02-17 01:20:22.163380,Paris-1a69,-22,78,Normal
2026-02-17 01:20:23.163380,Paris-1a69,-24,73,Normal
2026-02-17 01:20:24.163380,Paris-1a69,32,66,Normal
2026-02-17 01:20:25.163380,Paris-1a69,-5,38,Normal
2026-02-17 01:20:26.163380,Paris-1a69,-21,12,Normal
2026-02-17 01:20:27.163380,Paris-1a69,3,0,Normal
2026-02-17 01:20:28.163380,Paris-1a69,15,78,Normal
2026-02-17 01:20:29.163380,Paris-1a69,45,53,Normal
2026-02-17 01:20:30.163380,Paris-1a69,2,57,Normal
2026-02-17 01:20:31.163380,Paris-1a69,-1,9,Normal
2026-02-17 01:20:32.163380,Paris-1a69,35,40,Normal
2026-02-17 01:20:33.163380,Paris-1a69,-23,73,Normal
2026-02-17 01:20:34.163380,Paris-1a69,30,88,Normal
2026-02-17 01:20:35.163380,Paris-1a69,13,54,Normal
2026-02-17 01:20:36.163380,Paris-1a69,25,31,Normal
2026-02-17 01:20:37.163380,Paris-1a69,45,5,Normal
2026-02-17 01:20:38.163380,Paris-1a69,-19,59,Normal
2026-02-17 01:20:39.163380,Paris-1a69,-29,22,Normal
2026-02-17 01:20:40.163380,Paris-1a69,-18,82,Normal
2026-02-17 01:20:41.163380,Paris-1a69,4,86,Normal
2026-02-17 01:20:42.163380,Paris-1a69,-23,4,Normal
2026-02-17 01:20:43.163380,Paris-1a69,8,36,Normal
2026-02-17 01:20:44.163380,Paris-1a69,36,61,Normal
2026-02-17 01:20:45.163380,Paris-1a69,15,64,Normal
2026-02-17 01:20:46.163380,Paris-1a69,38,31,Normal
2026-02-17 01:20:47.163380,Paris-1a69,33,87,Normal
2026-02-17 01:20:48.163380,Paris-1a69,-17,31,Normal
2026-02-17 01:20:49.163380,Paris-1a69,1,73,Normal
2026-02-17 01:20:50.163380,Paris-1a69,-2,75,Normal
2026-02-17 01:20:51.163380,Paris-1a69,-7,80,Normal
2026-02-17 01:20:52.163380,Paris-1a69,-14,10,Normal
2026-02-17 01:20:53.163380,Paris-1a69,42,41,Normal
2026-02-17 01:20:54.163380,Paris-1a69,-20,36,Normal
2026-02-17 01:20:55.163380,Paris-1a69,-5,85,Normal
2026-02-17 01:20:56.163380,Paris-1a69,-4,97,Normal
2026-02-17 01:20:57.163380,Paris-1a69,26,37,Normal
2026-02-17 01:20:58.163380,Paris-1a69,31,72,Normal
2026-02-17 01:20:59.163380,Paris-1a69,-18,45,Normal
2026-02-17 01:21:00.163380,Paris-1a69,36,64,Normal
2026-02-17 01:21:01.163380,Paris-1a69,-29,23,Normal
2026-02-17 01:21:02.163380,Paris-1a69,-28,69,Normal
2026-02-17 01:21:03.163380,Paris-1a69,8,91,Normal
2026-02-17 01:21:04.163380,Paris-1a69,50,77,Normal
2026-02-17 01:21:05.163380,Paris-1a69,-5,1,Normal
2026-02-17 01:21:06.163380,Paris-1a69,22,14,Normal
2026-02-17 01:21:07.163380,Paris-1a69,27,75,Normal
2026-02-17 01:21:08.163380,Paris-1a69,46,40,Normal
2026-02-17 01:21:09.163380,Paris-1a69,18,22,Normal
2026-02-17 01:21:10.163380,Paris-1a69,-23,26,Normal
2026-02-17 01:21:11.163380,Paris-1a69,17,82,Normal
2026-02-17 01:21:12.163380,Paris-1a69,-7,85,Normal
2026-02-17 01:21:13.163380,Paris-1a69,36,45,Normal
2026-02-17 01:21:14.163380,Paris-1a69,9,93,Normal
2026-02-17 01:21:15.163380,Paris-1a69,22,30,Normal
2026-02-17 01:21:16.163380,Paris-1a69,10,71,Normal
2026-02-17 01:21:17.163380,Paris-1a69,27,32,Normal
2026-02-17 01:21:18.163380,Paris-1a69,8,76,Normal
2026-02-17 01:21:19.163380,Paris-1a69,26,24,Normal
2026-02-17 01:21:20.163380,Paris-1a69,-4,94,Normal
2026-02-17 01:21:21.163380,Paris-1a69,0,20,Normal
2026-02-17 01:21:22.163380,Paris-1a69,-17,5,Normal
2026-02-17 01:21:23.163380,Paris-1a69,5,15,Normal
2026-02-17 01:21:24.163380,Paris-1a69,43,66,Normal
2026-02-17 01:21:25.163380,Paris-1a69,-3,64,Normal
2026-02-17 01:21:26.163380,Paris-1a69,7,67,Normal
2026-02-17 01:21:27.163380,Paris-1a69,2,20,Normal
2026-02-17 01:21:28.163380,Paris-1a69,4,18,Normal
2026-02-17 01:21:29.163380,Paris-1a69,-12,14,Normal
2026-02-17 01:21:30.163380,Paris-1a69,26,10,Normal
2026-02-17 01:21:31.163380,Paris-1a69,35,44,Normal
2026-02-17 01:21:32.163380,Paris-1a69,-16,82,Normal
2026-02-17 01:21:33.163380,Paris-1a69,25,64,Normal
2026-02-17 01:21:34.163380,Paris-1a69,3,63,Normal
2026-02-17 01:21:35.163380,Paris-1a69,-29,35,Normal
2026-02-17 01:21:36.163380,Paris-1a69,37,74,Normal
2026-02-17 01:21:37.163380,Paris-1a69,-2,40,Normal
2026-02-17 01:21:38.163380,Paris-1a69,45,85,Normal
2026-02-17 01:21:39.163380,Paris-1a69,-7,42,Normal
2026-02-17 01:21:40.163380,Paris-1a69,-10,44,Normal
2026-02-17 01:21:41.163380,Paris-1a69,32,32,Normal
2026-02-17 01:21:42.163380,Paris-1a69,-4,81,Normal
2026-02-17 01:21:43.163380,Paris-1a69,24,46,Normal
2026-02-17 01:21:44.163380,Paris-1a69,-23,40,Normal
2026-02-17 01:21:45.163380,Paris-1a69,13,100,Normal
2026-02-17 01:21:46.163380,Paris-1a69,8,18,Normal
2026-02-17 01:21:47.163380,Paris-1a69,43,98,Normal
2026-02-17 01:21:48.163380,Paris-1a69,-26,44,Normal
2026-02-17 01:21:49.163380,Paris-1a69,-23,61,Normal
2026-02-17 01:21:50.163380,Paris-1a69,-9,58,Normal
2026-02-17 01:21:51.163380,Paris-1a69,-26,7,Normal
2026-02-17 01:21:52.163380,Paris-1a69,8,16,Normal
2026-02-17 01:21:53.163380,Paris-1a69,0,42,Normal
2026-02-17 01:21:54.163380,Paris-1a69,9,56,Normal
2026-02-17 01:21:55.163380,Paris-1a69,43,11,Normal
2026-02-17 01:21:56.163380,Paris-1a69,-10,54,Normal
2026-02-17 01:21:57.163380,Paris-1a69,26,28,Normal
2026-02-17 01:21:58.163380,Paris-1a69,-30,2,Normal
2026-02-17 01:21:59.163380,Paris-1a69,31,39,Normal
2026-02-17 01:22:00.163380,Paris-1a69,23,71,Normal
2026-02-17 01:22:01.163380,Paris-1a69,34,67,Normal
2026-02-17 01:22:02.163380,Paris-1a69,-26,21,Normal
2026-02-17 01:22:03.163380,Paris-1a69,3,31,Normal
2026-02-17 01:22:04.163380,Paris-1a69,16,41,Normal
2026-02-17 01:22:05.163380,Paris-1a69,4,85,Normal
2026-02-17 01:22:06.163380,Paris-1a69,6,0,Normal
2026-02-17 01:22:07.163380,Paris-1a69,17,6,Normal
2026-02-17 01:22:08.163380,Paris-1a69,-18,68,Normal
2026-02-17 01:22:09.163380,Paris-1a69,31,37,Normal
2026-02-17 01:22:10.163380,Paris-1a69,-10,64,Normal
2026-02-17 01:22:11.163380,Paris-1a69,42,81,Normal
2026-02-17 01:22:12.163380,Paris-1a69,32,3,Normal
2026-02-17 01:22:13.163380,Paris-1a69,15,80,Normal
2026-02-17 01:22:14.163380,Paris-1a69,-14,12,Normal
2026-02-17 01:22:15.163380,Paris-1a69,23,68,Normal
2026-02-17 01:22:16.163380,Paris-1a69,-5,56,Normal
2026-02-17 01:22:17.163380,Paris-1a69,37,26,Normal
2026-02-17 01:22:18.163380,Paris-1a69,-9,16,Normal
2026-02-17 01:22:19.163380,Paris-1a69,41,46,Normal
2026-02-17 01:22:20.163380,Paris-1a69,14,43,Normal
2026-02-17 01:22:21.163380,Paris-1a69,30,49,Normal
2026-02-17 01:22:22.163380,Paris-1a69,-11,60,Normal
2026-02-17 01:22:23.163380,Paris-1a69,-23,43,Normal
2026-02-17 01:22:24.163380,Paris-1a69,7,79,Normal
2026-02-17 01:22:25.163380,Paris-1a69,24,63,Normal
2026-02-17 01:22:26.163380,Paris-1a69,24,66,Normal
2026-02-17 01:22:27.163380,Paris-1a69,8,97,Normal
2026-02-17 01:22:28.163380,Paris-1a69,30,47,Normal
2026-02-17 01:22:29.163380,Paris-1a69,-29,12,Normal
2026-02-17 01:22:30.163380,Paris-1a69,-9,89,Normal
2026-02-17 01:22:31.163380,Paris-1a69,10,2,Normal
2026-02-17 01:22:32.163380,Paris-1a69,13,30,Normal
2026-02-17 01:22:33.163380,Paris-1a69,19,66,Normal
2026-02-17 01:22:34.163380,Paris-1a69,12,100,Normal
2026-02-17 01:22:35.163380,Paris-1a69,18,43,Normal
2026-02-17 01:22:36.163380,Paris-1a69,34,76,Normal
2026-02-17 01:22:37.163380,Paris-1a69,19,23,Normal
2026-02-17 01:22:38.163380,Paris-1a69,42,41,Normal
2026-02-17 01:22:39.163380,Paris-1a69,12,32,Normal
2026-02-17 01:22:40.163380,Paris-1a69,-7,8,Normal
2026-02-17 01:22:41.163380,Paris-1a69,8,12,Normal
2026-02-17 01:22:42.163380,Paris-1a69,4,57,Normal
2026-02-17 01:22:43.163380,Paris-1a69,-19,11,Normal
2026-02-17 01:22:44.163380,Paris-1a69,48,6,Normal
2026-02-17 01:22:45.163380,Paris-1a69,20,62,Normal
2026-02-17 01:22:46.163380,Paris-1a69,-25,70,Normal
2026-02-17 01:22:47.163380,Paris-1a69,50,4,Normal
2026-02-17 01:22:48.163380,Paris-1a69,3,41,Normal
2026-02-17 01:22:49.163380,Paris-1a69,-28,97,Normal
2026-02-17 01:22:50.163380,Paris-1a69,-1,18,Normal
2026-02-17 01:22:51.163380,Paris-1a69,38,37,Normal
2026-02-17 01:22:52.163380,Paris-1a69,7,12,Normal
2026-02-17 01:22:53.163380,Paris-1a69,-26,80,Normal
2026-02-17 01:22:54.163380,Paris-1a69,11,86,Normal
2026-02-17 01:22:55.163380,Paris-1a69,-24,40,Normal
2026-02-17 01:22:56.163380,Paris-1a69,26,21,Normal
2026-02-17 01:22:57.163380,Paris-1a69,0,50,Normal
2026-02-17 01:22:58.163380,Paris-1a69,24,16,Normal
2026-02-17 01:22:59.163380,Paris-1a69,7,45,Normal
2026-02-17 01:23:00.163380,Paris-1a69,11,29,Normal
2026-02-17 01:23:01.163380,Paris-1a69,38,59,Normal
2026-02-17 01:23:02.163380,Paris-1a69,-17,26,Normal
2026-02-17 01:23:03.163380,Paris-1a69,2,10,Normal
2026-02-17 01:23:04.163380,Paris-1a69,14,18,Normal
2026-02-17 01:23:05.163380,Paris-1a69,-20,18,Normal
2026-02-17 01:23:06.163380,Paris-1a69,28,14,Normal
2026-02-17 01:23:07.163380,Paris-1a69,-20,76,Normal
2026-02-17 01:23:08.163380,Paris-1a69,-24,37,Normal
2026-02-17 01:23:09.163380,Paris-1a69,-25,19,Normal
2026-02-17 01:23:10.163380,Paris-1a69,-21,64,Normal
2026-02-17 01:23:11.163380,Paris-1a69,35,33,Normal
2026-02-17 01:23:12.163380,Paris-1a69,-1,39,Normal
2026-02-17 01:23:13.163380,Paris-1a69,43,84,Normal
2026-02-17 01:23:14.163380,Paris-1a69,28,91,Normal
2026-02-17 01:23:15.163380,Paris-1a69,17,12,Normal
2026-02-17 01:23:16.163380,Paris-1a69,1,51,Normal
2026-02-17 01:23:17.163380,Paris-1a69,0,8,Normal
2026-02-17 01:23:18.163380,Paris-1a69,35,37,Normal
2026-02-17 01:23:19.163380,Paris-1a69,22,90,Normal
2026-02-17 01:23:20.163380,Paris-1a69,-18,14,Normal
2026-02-17 01:23:21.163380,Paris-1a69,30,5,Normal
2026-02-17 01:23:22.163380,Paris-1a69,-4,87,Normal
2026-02-17 01:23:23.163380,Paris-1a69,46,57,Normal
2026-02-17 01:23:24.163380,Paris-1a69,-21,60,Normal
2026-02-17 01:23:25.163380,Paris-1a69,-14,95,Normal
2026-02-17 01:23:26.163380,Paris-1a69,-7,35,Normal
2026-02-17 01:23:27.163380,Paris-1a69,-26,71,Normal
2026-02-17 01:23:28.163380,Paris-1a69,50,86,Normal
2026-02-17 01:23:29.163380,Paris-1a69,-22,62,Normal
2026-02-17 01:23:30.163380,Paris-1a69,6,43,Normal
2026-02-17 01:23:31.163380,Paris-1a69,29,51,Normal
2026-02-17 01:23:32.163380,Paris-1a69,18,3,Normal
2026-02-17 01:23:33.163380,Paris-1a69,31,58,Normal
2026-02-17 01:23:34.163380,Paris-1a69,14,41,Normal
2026-02-17 01:23:35.163380,Paris-1a69,10,33,Normal
2026-02-17 01:23:36.163380,Paris-1a69,46,63,Normal
2026-02-17 01:23:37.163380,Paris-1a69,-18,12,Normal
2026-02-17 01:23:38.163380,Paris-1a69,13,11,Normal
2026-02-17 01:23:39.163380,Paris-1a69,-15,21,Normal
2026-02-17 01:23:40.163380,Paris-1a69,1,2,Normal
2026-02-17 01:23:41.163380,Paris-1a69,29,49,Normal
2026-02-17 01:23:42.163380,Paris-1a69,44,56,Normal
2026-02-17 01:23:43.163380,Paris-1a69,24,91,Normal
2026-02-17 01:23:44.163380,Paris-1a69,8,74,Normal
2026-02-17 01:23:45.163380,Paris-1a69,35,14,Normal
2026-02-17 01:23:46.163380,Paris-1a69,-11,26,Normal
2026-02-17 01:23:47.163380,Paris-1a69,10,83,Normal
2026-02-17 01:23:48.163380,Paris-1a69,-7,83,Normal
2026-02-17 01:23:49.163380,Paris-1a69,-1,64,Normal
2026-02-17 01:23:50.163380,Paris-1a69,-16,91,Normal
2026-02-17 01:23:51.163380,Paris-1a69,-10,54,Normal
2026-02-17 01:23:52.163380,Paris-1a69,26,5,Normal
2026-02-17 01:23:53.163380,Paris-1a69,-1,86,Normal
2026-02-17 01:23:54.163380,Paris-1a69,-20,99,Normal
2026-02-17 01:23:55.163380,Paris-1a69,-29,64,Normal
2026-02-17 01:23:56.163380,Paris-1a69,30,95,Normal
2026-02-17 01:23:57.163380,Paris-1a69,-2,60,Normal
2026-02-17 01:23:58.163380,Paris-1a69,-13,47,Normal
2026-02-17 01:23:59.163380,Paris-1a69,34,80,Normal
2026-02-17 01:24:00.163380,Paris-1a69,15,32,Normal
2026-02-17 01:24:01.163380,Paris-1a69,12,88,Normal
2026-02-17 01:24:02.163380,Paris-1a69,21,85,Normal
2026-02-17 01:24:03.163380,Paris-1a69,2,92,Normal
2026-02-17 01:24:04.163380,Paris-1a69,22,56,Normal
2026-02-17 01:24:05.163380,Paris-1a69,-27,43,Normal
2026-02-17 01:24:06.163380,Paris-1a69,42,75,Normal
2026-02-17 01:24:07.163380,Paris-1a69,26,17,Normal
2026-02-17 01:24:08.163380,Paris-1a69,-5,41,Normal
2026-02-17 01:24:09.163380,Paris-1a69,21,89,Normal
2026-02-17 01:24:10.163380,Paris-1a69,42,35,Normal
2026-02-17 01:24:11.163380,Paris-1a69,8,63,Normal
2026-02-17 01:24:12.163380,Paris-1a69,-26,40,Normal
2026-02-17 01:24:13.163380,Paris-1a69,32,15,Normal
2026-02-17 01:24:14.163380,Paris-1a69,50,95,Normal
2026-02-17 01:24:15.163380,Paris-1a69,-8,34,Normal
2026-02-17 01:24:16.163380,Paris-1a69,36,38,Normal
2026-02-17 01:24:17.163380,Paris-1a69,41,4,Normal
2026-02-17 01:24:18.163380,Paris-1a69,12,56,Normal
2026-02-17 01:24:19.163380,Paris-1a69,50,97,Normal
2026-02-17 01:24:20.163380,Paris-1a69,11,36,Normal
2026-02-17 01:24:21.163380,Paris-1a69,31,81,Normal
2026-02-17 01:24:22.163380,Paris-1a69,24,17,Normal
2026-02-17 01:24:23.163380,Paris-1a69,5,35,Normal
2026-02-17 01:24:24.163380,Paris-1a69,-22,20,Normal
2026-02-17 01:24:25.163380,Paris-1a69,14,9,Normal
2026-02-17 01:24:26.163380,Paris-1a69,1,71,Normal
2026-02-17 01:24:27.163380,Paris-1a69,47,93,Normal
2026-02-17 01:24:28.163380,Paris-1a69,35,38,Normal
2026-02-17 01:24:29.163380,Paris-1a69,-20,54,Normal
2026-02-17 01:24:30.163380,Paris-1a69,-7,24,Normal
2026-02-17 01:24:31.163380,Paris-1a69,7,79,Normal
2026-02-17 01:24:32.163380,Paris-1a69,14,51,Normal
2026-02-17 01:24:33.163380,Paris-1a69,43,67,Normal
2026-02-17 01:24:34.163380,Paris-1a69,-2,39,Normal
2026-02-17 01:24:35.163380,Paris-1a69,20,62,Normal
2026-02-17 01:24:36.163380,Paris-1a69,7,74,Normal
2026-02-17 01:24:37.163380,Paris-1a69,-29,27,Normal
2026-02-17 01:24:38.163380,Paris-1a69,30,37,Normal
2026-02-17 01:24:39.163380,Paris-1a69,21,97,Normal
2026-02-17 01:24:40.163380,Paris-1a69,24,18,Normal
2026-02-17 01:24:41.163380,Paris-1a69,41,27,Normal
2026-02-17 01:24:42.163380,Paris-1a69,-12,62,Normal
2026-02-17 01:24:43.163380,Paris-1a69,48,37,Normal
2026-02-17 01:24:44.163380,Paris-1a69,-22,64,Normal
2026-02-17 01:24:45.163380,Paris-1a69,3,89,Normal
2026-02-17 01:24:46.163380,Paris-1a69,31,26,Normal
2026-02-17 01:24:47.163380,Paris-1a69,3,92,Normal
2026-02-17 01:24:48.163380,Paris-1a69,16,3,Normal
2026-02-17 01:24:49.163380,Paris-1a69,12,53,Normal
2026-02-17 01:24:50.163380,Paris-1a69,-16,70,Normal
2026-02-17 01:24:51.163380,Paris-1a69,-6,91,Normal
2026-02-17 01:24:52.163380,Paris-1a69,14,4,Normal
2026-02-17 01:24:53.163380,Paris-1a69,-16,96,Normal
2026-02-17 01:24:54.163380,Paris-1a69,-14,80,Normal
2026-02-17 01:24:55.163380,Paris-1a69,35,95,Normal
2026-02-17 01:24:56.163380,Paris-1a69,-5,31,Normal
2026-02-17 01:24:57.163380,Paris-1a69,34,12,Normal
2026-02-17 01:24:58.163380,Paris-1a69,23,4,Normal
2026-02-17 01:24:59.163380,Paris-1a69,-18,24,Normal
2026-02-17 01:25:00.163380,Paris-1a69,-21,3,Normal
2026-02-17 01:25:01.163380,Paris-1a69,-20,11,Normal
2026-02-17 01:25:02.163380,Paris-1a69,11,94,Normal
2026-02-17 01:25:03.163380,Paris-1a69,-4,63,Normal
2026-02-17 01:25:04.163380,Paris-1a69,39,60,Normal
2026-02-17 01:25:05.163380,Paris-1a69,44,64,Normal
2026-02-17 01:25:06.163380,Paris-1a69,-5,23,Normal
2026-02-17 01:25:07.163380,Paris-1a69,3,55,Normal
2026-02-17 01:25:08.163380,Paris-1a69,43,65,Normal
2026-02-17 01:25:09.163380,Paris-1a69,-8,88,Normal
2026-02-17 01:25:10.163380,Paris-1a69,-18,64,Normal
2026-02-17 01:25:11.163380,Paris-1a69,-8,0,Normal
2026-02-17 01:25:12.163380,Paris-1a69,-23,8,Normal
2026-02-17 01:25:13.163380,Paris-1a69,45,64,Normal
2026-02-17 01:25:14.163380,Paris-1a69,-18,21,Normal
2026-02-17 01:25:15.163380,Paris-1a69,-8,99,Normal
2026-02-17 01:25:16.163380,Paris-1a69,45,11,Normal
2026-02-17 01:25:17.163380,Paris-1a69,20,100,Normal
2026-02-17 01:25:18.163380,Paris-1a69,-22,80,Normal
2026-02-17 01:25:19.163380,Paris-1a69,34,14,Normal
2026-02-17 01:25:20.163380,Paris-1a69,-24,55,Normal
2026-02-17 01:25:21.163380,Paris-1a69,11,75,Normal
2026-02-17 01:25:22.163380,Paris-1a69,16,2,Normal
2026-02-17 01:25:23.163380,Paris-1a69,-26,58,Normal
2026-02-17 01:25:24.163380,Paris-1a69,33,17,Normal
2026-02-17 01:25:25.163380,Paris-1a69,45,3,Normal
2026-02-17 01:25:26.163380,Paris-1a69,-1,40,Normal
2026-02-17 01:25:27.163380,Paris-1a69,-28,48,Normal
2026-02-17 01:25:28.163380,Paris-1a69,-20,49,Normal
2026-02-17 01:25:29.163380,Paris-1a69,30,13,Normal
2026-02-17 01:25:30.163380,Paris-1a69,49,72,Normal
2026-02-17 01:25:31.163380,Paris-1a69,-27,34,Normal
2026-02-17 01:25:32.163380,Paris-1a69,-10,56,Normal
2026-02-17 01:25:33.163380,Paris-1a69,28,22,Normal
2026-02-17 01:25:34.163380,Paris-1a69,38,39,Normal
2026-02-17 01:25:35.163380,Paris-1a69,-19,84,Normal
2026-02-17 01:25:36.163380,Paris-1a69,18,7,Normal
2026-02-17 01:25:37.163380,Paris-1a69,48,8,Normal
2026-02-17 01:25:38.163380,Paris-1a69,42,14,Normal
2026-02-17 01:25:39.163380,Paris-1a69,29,66,Normal
2026-02-17 01:25:40.163380,Paris-1a69,47,34,Normal
2026-02-17 01:25:41.163380,Paris-1a69,-19,63,Normal
2026-02-17 01:25:42.163380,Paris-1a69,22,31,Normal
2026-02-17 01:25:43.163380,Paris-1a69,-14,17,Normal
2026-02-17 01:25:44.163380,Paris-1a69,23,56,Normal
2026-02-17 01:25:45.163380,Paris-1a69,-25,43,Normal
2026-02-17 01:25:46.163380,Paris-1a69,-22,72,Normal
2026-02-17 01:25:47.163380,Paris-1a69,34,81,Normal
2026-02-17 01:25:48.163380,Paris-1a69,-28,82,Normal
2026-02-17 01:25:49.163380,Paris-1a69,24,58,Normal
2026-02-17 01:25:50.163380,Paris-1a69,9,73,Normal
2026-02-17 01:25:51.163380,Paris-1a69,-19,55,Normal
2026-02-17 01:25:52.163380,Paris-1a69,23,41,Normal
2026-02-17 01:25:53.163380,Paris-1a69,-22,67,Normal
2026-02-17 01:25:54.163380,Paris-1a69,-18,64,Normal
2026-02-17 01:25:55.163380,Paris-1a69,23,18,Normal
2026-02-17 01:25:56.163380,Paris-1a69,-17,74,Normal
2026-02-17 01:25:57.163380,Paris-1a69,15,67,Normal
2026-02-17 01:25:58.163380,Paris-1a69,50,94,Normal
2026-02-17 01:25:59.163380,Paris-1a69,17,95,Normal
2026-02-17 01:26:00.163380,Paris-1a69,44,33,Normal
2026-02-17 01:26:01.163380,Paris-1a69,-8,53,Normal
2026-02-17 01:26:02.163380,Paris-1a69,-11,14,Normal
2026-02-17 01:26:03.163380,Paris-1a69,-17,97,Normal
2026-02-17 01:26:04.163380,Paris-1a69,-17,23,Normal
2026-02-17 01:26:05.163380,Paris-1a69,32,65,Normal
2026-02-17 01:26:06.163380,Paris-1a69,37,84,Normal
2026-02-17 01:26:07.163380,Paris-1a69,-11,2,Normal
2026-02-17 01:26:08.163380,Paris-1a69,-8,21,Normal
2026-02-17 01:26:09.163380,Paris-1a69,6,89,Normal
2026-02-17 01:26:10.163380,Paris-1a69,0,92,Normal
2026-02-17 01:26:11.163380,Paris-1a69,2,27,Normal
2026-02-17 01:26:12.163380,Paris-1a69,22,46,Normal
2026-02-17 01:26:13.163380,Paris-1a69,39,43,Normal
2026-02-17 01:26:14.163380,Paris-1a69,35,41,Normal
2026-02-17 01:26:15.163380,Paris-1a69,-22,53,Normal
2026-02-17 01:26:16.163380,Paris-1a69,-26,43,Normal
2026-02-17 01:26:17.163380,Paris-1a69,19,21,Normal
2026-02-17 01:26:18.163380,Paris-1a69,1,87,Normal
2026-02-17 01:26:19.163380,Paris-1a69,22,88,Normal
2026-02-17 01:26:20.163380,Paris-1a69,13,44,Normal
2026-02-17 01:26:21.163380,Paris-1a69,-29,84,Normal
2026-02-17 01:26:22.163380,Paris-1a69,34,12,Normal
2026-02-17 01:26:23.163380,Paris-1a69,3,2,Normal
2026-02-17 01:26:24.163380,Paris-1a69,9,22,Normal
2026-02-17 01:26:25.163380,Paris-1a69,-30,59,Normal
2026-02-17 01:26:26.163380,Paris-1a69,9,4,Normal
2026-02-17 01:26:27.163380,Paris-1a69,-4,80,Normal
2026-02-17 01:26:28.163380,Paris-1a69,-3,46,Normal
2026-02-17 01:26:29.163380,Paris-1a69,49,99,Normal
2026-02-17 01:26:30.163380,Paris-1a69,-4,80,Normal
2026-02-17 01:26:31.163380,Paris-1a69,-29,14,Normal
2026-02-17 01:26:32.163380,Paris-1a69,11,33,Normal
2026-02-17 01:26:33.163380,Paris-1a69,20,12,Normal
2026-02-17 01:26:34.163380,Paris-1a69,41,36,Normal
2026-02-17 01:26:35.163380,Paris-1a69,-1,77,Normal
2026-02-17 01:26:36.163380,Paris-1a69,20,57,Normal
2026-02-17 01:26:37.163380,Paris-1a69,3,96,Normal
2026-02-17 01:26:38.163380,Paris-1a69,50,85,Normal
2026-02-17 01:26:39.163380,Paris-1a69,-19,90,Normal
2026-02-17 01:26:40.163380,Paris-1a69,20,29,Normal
2026-02-17 01:26:41.163380,Paris-1a69,-10,61,Normal
2026-02-17 01:26:42.163380,Paris-1a69,-14,62,Normal
2026-02-17 01:26:43.163380,Paris-1a69,-10,82,Normal
2026-02-17 01:26:44.163380,Paris-1a69,-10,70,Normal
2026-02-17 01:26:45.163380,Paris-1a69,-12,88,Normal
2026-02-17 01:26:46.163380,Paris-1a69,8,67,Normal
2026-02-17 01:26:47.163380,Paris-1a69,13,1,Normal
2026-02-17 01:26:48.163380,Paris-1a69,50,49,Normal
2026-02-17 01:26:49.163380,Paris-1a69,37,40,Normal
2026-02-17 01:26:50.163380,Paris-1a69,4,18,Normal
2026-02-17 01:26:51.163380,Paris-1a69,35,77,Normal
2026-02-17 01:26:52.163380,Paris-1a69,11,37,Normal
2026-02-17 01:26:53.163380,Paris-1a69,-17,55,Normal
2026-02-17 01:26:54.163380,Paris-1a69,12,46,Normal
2026-02-17 01:26:55.163380,Paris-1a69,-4,20,Normal
2026-02-17 01:26:56.163380,Paris-1a69,-24,37,Normal
2026-02-17 01:26:57.163380,Paris-1a69,18,97,Normal
2026-02-17 01:26:58.163380,Paris-1a69,44,95,Normal
2026-02-17 01:26:59.163380,Paris-1a69,20,35,Normal
2026-02-17 01:27:00.163380,Paris-1a69,49,50,Normal
2026-02-17 01:27:01.163380,Paris-1a69,47,26,Normal
2026-02-17 01:27:02.163380,Paris-1a69,4,45,Normal
2026-02-17 01:27:03.163380,Paris-1a69,36,10,Normal
2026-02-17 01:27:04.163380,Paris-1a69,9,88,Normal
2026-02-17 01:27:05.163380,Paris-1a69,-9,5,Normal
2026-02-17 01:27:06.163380,Paris-1a69,-13,38,Normal
2026-02-17 01:27:07.163380,Paris-1a69,17,6,Normal
2026-02-17 01:27:08.163380,Paris-1a69,24,38,Normal
2026-02-17 01:27:09.163380,Paris-1a69,3,11,Normal
2026-02-17 01:27:10.163380,Paris-1a69,-11,98,Normal
2026-02-17 01:27:11.163380,Paris-1a69,-4,51,Normal
2026-02-17 01:27:12.163380,Paris-1a69,36,5,Normal
2026-02-17 01:27:13.163380,Paris-1a69,28,33,Normal
2026-02-17 01:27:14.163380,Paris-1a69,24,49,Normal
2026-02-17 01:27:15.163380,Paris-1a69,44,72,Normal
2026-02-17 01:27:16.163380,Paris-1a69,32,32,Normal
2026-02-17 01:27:17.163380,Paris-1a69,12,58,Normal
2026-02-17 01:27:18.163380,Paris-1a69,10,72,Normal
2026-02-17 01:27:19.163380,Paris-1a69,30,99,Normal
2026-02-17 01:27:20.163380,Paris-1a69,20,45,Normal
2026-02-17 01:27:21.163380,Paris-1a69,9,8,Normal
2026-02-17 01:27:22.163380,Paris-1a69,-23,40,Normal
2026-02-17 01:27:23.163380,Paris-1a69,-26,82,Normal
2026-02-17 01:27:24.163380,Paris-1a69,50,22,Normal
2026-02-17 01:27:25.163380,Paris-1a69,46,4,Normal
2026-02-17 01:27:26.163380,Paris-1a69,-11,78,Normal
2026-02-17 01:27:27.163380,Paris-1a69,-23,100,Normal
2026-02-17 01:27:28.163380,Paris-1a69,37,71,Normal
2026-02-17 01:27:29.163380,Paris-1a69,23,94,Normal
2026-02-17 01:27:30.163380,Paris-1a69,-15,9,Normal
2026-02-17 01:27:31.163380,Paris-1a69,48,80,Normal
2026-02-17 01:27:32.163380,Paris-1a69,39,77,Normal
2026-02-17 01:27:33.163380,Paris-1a69,44,98,Normal
2026-02-17 01:27:34.163380,Paris-1a69,36,94,Normal
2026-02-17 01:27:35.163380,Paris-1a69,-21,79,Normal
2026-02-17 01:27:36.163380,Paris-1a69,-5,15,Normal
2026-02-17 01:27:37.163380,Paris-1a69,-1,89,Normal
2026-02-17 01:27:38.163380,Paris-1a69,-21,54,Normal
2026-02-17 01:27:39.163380,Paris-1a69,-17,19,Normal
2026-02-17 01:27:40.163380,Paris-1a69,-1,30,Normal
2026-02-17 01:27:41.163380,Paris-1a69,-24,80,Normal
2026-02-17 01:27:42.163380,Paris-1a69,-11,20,Normal
2026-02-17 01:27:43.163380,Paris-1a69,4,87,Normal
2026-02-17 01:27:44.163380,Paris-1a69,35,66,Normal
2026-02-17 01:27:45.163380,Paris-1a69,10,29,Normal
2026-02-17 01:27:46.163380,Paris-1a69,37,2,Normal
2026-02-17 01:27:47.163380,Paris-1a69,28,70,Normal
2026-02-17 01:27:48.163380,Paris-1a69,27,34,Normal
2026-02-17 01:27:49.163380,Paris-1a69,16,31,Normal
2026-02-17 01:27:50.163380,Paris-1a69,4,49,Normal
2026-02-17 01:27:51.163380,Paris-1a69,22,87,Normal
2026-02-17 01:27:52.163380,Paris-1a69,35,50,Normal
2026-02-17 01:27:53.163380,Paris-1a69,-13,79,Normal
2026-02-17 01:27:54.163380,Paris-1a69,-23,99,Normal
2026-02-17 01:27:55.163380,Paris-1a69,12,32,Normal
2026-02-17 01:27:56.163380,Paris-1a69,49,18,Normal
2026-02-17 01:27:57.163380,Paris-1a69,-9,2,Normal
2026-02-17 01:27:58.163380,Paris-1a69,-25,0,Normal
2026-02-17 01:27:59.163380,Paris-1a69,-13,26,Normal
2026-02-17 01:28:00.163380,Paris-1a69,24,1,Normal
2026-02-17 01:28:01.163380,Paris-1a69,7,73,Normal
2026-02-17 01:28:02.163380,Paris-1a69,-11,22,Normal
2026-02-17 01:28:03.163380,Paris-1a69,-29,80,Normal
2026-02-17 01:28:04.163380,Paris-1a69,4,28,Normal
2026-02-17 01:28:05.163380,Paris-1a69,-27,27,Normal
2026-02-17 01:28:06.163380,Paris-1a69,23,17,Normal
2026-02-17 01:28:07.163380,Paris-1a69,-25,77,Normal
2026-02-17 01:28:08.163380,Paris-1a69,16,87,Normal
2026-02-17 01:28:09.163380,Paris-1a69,-28,41,Normal
2026-02-17 01:28:10.163380,Paris-1a69,3,40,Normal
2026-02-17 01:28:11.163380,Paris-1a69,-19,23,Normal
2026-02-17 01:28:12.163380,Paris-1a69,-6,70,Normal
2026-02-17 01:28:13.163380,Paris-1a69,-29,88,Normal
2026-02-17 01:28:14.163380,Paris-1a69,-3,18,Normal
2026-02-17 01:28:15.163380,Paris-1a69,-20,61,Normal
2026-02-17 01:28:16.163380,Paris-1a69,-24,26,Normal
2026-02-17 01:28:17.163380,Paris-1a69,35,71,Normal
2026-02-17 01:28:18.163380,Paris-1a69,32,76,Normal
2026-02-17 01:28:19.163380,Paris-1a69,-9,10,Normal
2026-02-17 01:28:20.163380,Paris-1a69,28,96,Normal
2026-02-17 01:28:21.163380,Paris-1a69,40,91,Normal
2026-02-17 01:28:22.163380,Paris-1a69,-25,12,Normal
2026-02-17 01:28:23.163380,Paris-1a69,14,68,Normal
2026-02-17 01:28:24.163380,Paris-1a69,15,43,Normal
2026-02-17 01:28:25.163380,Paris-1a69,-18,65,Normal
2026-02-17 01:28:26.163380,Paris-1a69,37,92,Normal
2026-02-17 01:28:27.163380,Paris-1a69,36,57,Normal
2026-02-17 01:28:28.163380,Paris-1a69,-13,50,Normal
2026-02-17 01:28:29.163380,Paris-1a69,44,26,Normal
2026-02-17 01:28:30.163380,Paris-1a69,44,73,Normal
2026-02-17 01:28:31.163380,Paris-1a69,8,62,Normal
2026-02-17 01:28:32.163380,Paris-1a69,11,41,Normal
2026-02-17 01:28:33.163380,Paris-1a69,8,26,Normal
2026-02-17 01:28:34.163380,Paris-1a69,22,35,Normal
2026-02-17 01:28:35.163380,Paris-1a69,44,72,Normal
2026-02-17 01:28:36.163380,Paris-1a69,13,69,Normal
2026-02-17 01:28:37.163380,Paris-1a69,-23,71,Normal
2026-02-17 01:28:38.163380,Paris-1a69,-17,84,Normal
2026-02-17 01:28:39.163380,Paris-1a69,4,24,Normal
2026-02-17 01:28:40.163380,Paris-1a69,-3,5,Normal
2026-02-17 01:28:41.163380,Paris-1a69,18,46,Normal
2026-02-17 01:28:42.163380,Paris-1a69,36,54,Normal
2026-02-17 01:28:43.163380,Paris-1a69,35,79,Normal
2026-02-17 01:28:44.163380,Paris-1a69,7,91,Normal
2026-02-17 01:28:45.163380,Paris-1a69,-20,5,Normal
2026-02-17 01:28:46.163380,Paris-1a69,49,26,Normal
2026-02-17 01:28:47.163380,Paris-1a69,-3,76,Normal
2026-02-17 01:28:48.163380,Paris-1a69,10,11,Normal
2026-02-17 01:28:49.163380,Paris-1a69,-4,22,Normal
2026-02-17 01:28:50.163380,Paris-1a69,25,21,Normal
2026-02-17 01:28:51.163380,Paris-1a69,36,60,Normal
2026-02-17 01:28:52.163380,Paris-1a69,29,76,Normal
2026-02-17 01:28:53.163380,Paris-1a69,-9,46,Normal
2026-02-17 01:28:54.163380,Paris-1a69,-30,24,Normal
2026-02-17 01:28:55.163380,Paris-1a69,31,74,Normal
2026-02-17 01:28:56.163380,Paris-1a69,15,88,Normal
2026-02-17 01:28:57.163380,Paris-1a69,-14,14,Normal
2026-02-17 01:28:58.163380,Paris-1a69,39,58,Normal
2026-02-17 01:28:59.163380,Paris-1a69,-21,64,Normal
2026-02-17 01:29:00.163380,Paris-1a69,-19,58,Normal
2026-02-17 01:29:01.163380,Paris-1a69,-16,48,Normal
2026-02-17 01:29:02.163380,Paris-1a69,-15,64,Normal
2026-02-17 01:29:03.163380,Paris-1a69,-11,66,Normal
2026-02-17 01:29:04.163380,Paris-1a69,36,31,Normal
2026-02-17 01:29:05.163380,Paris-1a69,-3,60,Normal
2026-02-17 01:29:06.163380,Paris-1a69,14,100,Normal
2026-02-17 01:29:07.163380,Paris-1a69,13,100,Normal
2026-02-17 01:29:08.163380,Paris-1a69,26,14,Normal
2026-02-17 01:29:09.163380,Paris-1a69,31,95,Normal
2026-02-17 01:29:10.163380,Paris-1a69,39,3,Normal
2026-02-17 01:29:11.163380,Paris-1a69,41,73,Normal
2026-02-17 01:29:12.163380,Paris-1a69,-21,85,Normal
2026-02-17 01:29:13.163380,Paris-1a69,5,91,Normal
2026-02-17 01:29:14.163380,Paris-1a69,49,76,Normal
2026-02-17 01:29:15.163380,Paris-1a69,-27,97,Normal
2026-02-17 01:29:16.163380,Paris-1a69,2,30,Normal
2026-02-17 01:29:17.163380,Paris-1a69,32,43,Normal
2026-02-17 01:29:18.163380,Paris-1a69,-24,95,Normal
2026-02-17 01:29:19.163380,Paris-1a69,49,70,Normal
2026-02-17 01:29:20.163380,Paris-1a69,26,55,Normal
2026-02-17 01:29:21.163380,Paris-1a69,-29,33,Normal
2026-02-17 01:29:22.163380,Paris-1a69,26,60,Normal
2026-02-17 01:29:23.163380,Paris-1a69,-15,83,Normal
2026-02-17 01:29:24.163380,Paris-1a69,-4,28,Normal
2026-02-17 01:29:25.163380,Paris-1a69,39,27,Normal
2026-02-17 01:29:26.163380,Paris-1a69,-14,88,Normal
2026-02-17 01:29:27.163380,Paris-1a69,-11,85,Normal
2026-02-17 01:29:28.163380,Paris-1a69,16,10,Normal
2026-02-17 01:29:29.163380,Paris-1a69,30,20,Normal
2026-02-17 01:29:30.163380,Paris-1a69,-16,64,Normal
2026-02-17 01:29:31.163380,Paris-1a69,41,71,Normal
2026-02-17 01:29:32.163380,Paris-1a69,39,65,Normal
2026-02-17 01:29:33.163380,Paris-1a69,44,87,Normal
2026-02-17 01:29:34.163380,Paris-1a69,0,20,Normal
2026-02-17 01:29:35.163380,Paris-1a69,-18,15,Normal
2026-02-17 01:29:36.163380,Paris-1a69,3,86,Normal
2026-02-17 01:29:37.163380,Paris-1a69,20,66,Normal
2026-02-17 01:29:38.163380,Paris-1a69,-15,28,Normal
2026-02-17 01:29:39.163380,Paris-1a69,18,49,Normal
2026-02-17 01:29:40.163380,Paris-1a69,12,65,Normal
2026-02-17 01:29:41.163380,Paris-1a69,26,70,Normal
2026-02-17 01:29:42.163380,Paris-1a69,2,66,Normal
2026-02-17 01:29:43.163380,Paris-1a69,-27,22,Normal
2026-02-17 01:29:44.163380,Paris-1a69,8,36,Normal
2026-02-17 01:29:45.163380,Paris-1a69,8,61,Normal
2026-02-17 01:29:46.163380,Paris-1a69,21,69,Normal
2026-02-17 01:29:47.163380,Paris-1a69,-13,66,Normal
2026-02-17 01:29:48.163380,Paris-1a69,14,73,Normal
2026-02-17 01:29:49.163380,Paris-1a69,11,75,Normal
2026-02-17 01:29:50.163380,Paris-1a69,48,9,Normal
2026-02-17 01:29:51.163380,Paris-1a69,50,82,Normal
2026-02-17 01:29:52.163380,Paris-1a69,31,31,Normal
2026-02-17 01:29:53.163380,Paris-1a69,30,39,Normal
2026-02-17 01:29:54.163380,Paris-1a69,46,23,Normal
2026-02-17 01:29:55.163380,Paris-1a69,30,1,Normal
2026-02-17 01:29:56.163380,Paris-1a69,-30,54,Normal
2026-02-17 01:29:57.163380,Paris-1a69,30,7,Normal
2026-02-17 01:29:58.163380,Paris-1a69,17,87,Normal
2026-02-17 01:29:59.163380,Paris-1a69,-27,77,Normal
2026-02-17 01:30:00.163380,Paris-1a69,-20,28,Normal
2026-02-17 01:30:01.163380,Paris-1a69,43,87,Normal
2026-02-17 01:30:02.163380,Paris-1a69,40,14,Normal
2026-02-17 01:30:03.163380,Paris-1a69,11,60,Normal
2026-02-17 01:30:04.163380,Paris-1a69,25,58,Normal
2026-02-17 01:30:05.163380,Paris-1a69,27,37,Normal
2026-02-17 01:30:06.163380,Paris-1a69,16,78,Normal
2026-02-17 01:30:07.163380,Paris-1a69,14,53,Normal
2026-02-17 01:30:08.163380,Paris-1a69,50,31,Normal
2026-02-17 01:30:09.163380,Paris-1a69,-24,19,Normal
2026-02-17 01:30:10.163380,Paris-1a69,31,75,Normal
2026-02-17 01:30:11.163380,Paris-1a69,-9,4,Normal
2026-02-17 01:30:12.163380,Paris-1a69,-24,68,Normal
2026-02-17 01:30:13.163380,Paris-1a69,-2,78,Normal
2026-02-17 01:30:14.163380,Paris-1a69,13,47,Normal
2026-02-17 01:30:15.163380,Paris-1a69,45,23,Normal
2026-02-17 01:30:16.163380,Paris-1a69,3,66,Normal
2026-02-17 01:30:17.163380,Paris-1a69,50,7,Normal
2026-02-17 01:30:18.163380,Paris-1a69,37,98,Normal
2026-02-17 01:30:19.163380,Paris-1a69,-5,84,Normal
2026-02-17 01:30:20.163380,Paris-1a69,-18,98,Normal
2026-02-17 01:30:21.163380,Paris-1a69,44,86,Normal
2026-02-17 01:30:22.163380,Paris-1a69,-19,72,Normal
2026-02-17 01:30:23.163380,Paris-1a69,37,72,Normal
2026-02-17 01:30:24.163380,Paris-1a69,41,42,Normal
2026-02-17 01:30:25.163380,Paris-1a69,-8,62,Normal
2026-02-17 01:30:26.163380,Paris-1a69,11,91,Normal
2026-02-17 01:30:27.163380,Paris-1a69,-5,65,Normal
2026-02-17 01:30:28.163380,Paris-1a69,-2,17,Normal
2026-02-17 01:30:29.163380,Paris-1a69,23,71,Normal
2026-02-17 01:30:30.163380,Paris-1a69,8,33,Normal
2026-02-17 01:30:31.163380,Paris-1a69,49,1,Normal
2026-02-17 01:30:32.163380,Paris-1a69,33,21,Normal
2026-02-17 01:30:33.163380,Paris-1a69,4,82,Normal
2026-02-17 01:30:34.163380,Paris-1a69,40,61,Normal
2026-02-17 01:30:35.163380,Paris-1a69,7,61,Normal
2026-02-17 01:30:36.163380,Paris-1a69,19,39,Normal
2026-02-17 01:30:37.163380,Paris-1a69,23,10,Normal
2026-02-17 01:30:38.163380,Paris-1a69,31,44,Normal
2026-02-17 01:30:39.163380,Paris-1a69,-25,87,Normal
2026-02-17 01:30:40.163380,Paris-1a69,-16,28,Normal
2026-02-17 01:30:41.163380,Paris-1a69,-12,92,Normal
2026-02-17 01:30:42.163380,Paris-1a69,21,100,Normal
2026-02-17 01:30:43.163380,Paris-1a69,-25,64,Normal
2026-02-17 01:30:44.163380,Paris-1a69,-10,4,Normal
2026-02-17 01:30:45.163380,Paris-1a69,3,40,Normal
2026-02-17 01:30:46.163380,Paris-1a69,-1,56,Normal
2026-02-17 01:30:47.163380,Paris-1a69,36,83,Normal
2026-02-17 01:30:48.163380,Paris-1a69,4,44,Normal
2026-02-17 01:30:49.163380,Paris-1a69,-12,47,Normal
2026-02-17 01:30:50.163380,Paris-1a69,20,28,Normal
2026-02-17 01:30:51.163380,Paris-1a69,13,19,Normal
2026-02-17 01:30:52.163380,Paris-1a69,12,6,Normal
2026-02-17 01:30:53.163380,Paris-1a69,-13,7,Normal
2026-02-17 01:30:54.163380,Paris-1a69,45,45,Normal
2026-02-17 01:30:55.163380,Paris-1a69,18,71,Normal
2026-02-17 01:30:56.163380,Paris-1a69,44,51,Normal
2026-02-17 01:30:57.163380,Paris-1a69,29,74,Normal
2026-02-17 01:30:58.163380,Paris-1a69,20,88,Normal
2026-02-17 01:30:59.163380,Paris-1a69,-4,39,Normal
2026-02-17 01:31:00.163380,Paris-1a69,24,24,Normal
2026-02-17 01:31:01.163380,Paris-1a69,28,4,Normal
2026-02-17 01:31:02.163380,Paris-1a69,46,8,Normal
2026-02-17 01:31:03.163380,Paris-1a69,8,97,Normal
2026-02-17 01:31:04.163380,Paris-1a69,31,14,Normal
2026-02-17 01:31:05.163380,Paris-1a69,49,74,Normal
2026-02-17 01:31:06.163380,Paris-1a69,28,71,Normal
2026-02-17 01:31:07.163380,Paris-1a69,-10,1,Normal
2026-02-17 01:31:08.163380,Paris-1a69,-2,30,Normal
2026-02-17 01:31:09.163380,Paris-1a69,33,58,Normal
2026-02-17 01:31:10.163380,Paris-1a69,-27,73,Normal
2026-02-17 01:31:11.163380,Paris-1a69,6,52,Normal
2026-02-17 01:31:12.163380,Paris-1a69,-19,82,Normal
2026-02-17 01:31:13.163380,Paris-1a69,5,74,Normal
2026-02-17 01:31:14.163380,Paris-1a69,-26,67,Normal
2026-02-17 01:31:15.163380,Paris-1a69,-7,31,Normal
2026-02-17 01:31:16.163380,Paris-1a69,22,26,Normal
2026-02-17 01:31:17.163380,Paris-1a69,-16,61,Normal
2026-02-17 01:31:18.163380,Paris-1a69,3,4,Normal
2026-02-17 01:31:19.163380,Paris-1a69,47,100,Normal
2026-02-17 01:31:20.163380,Paris-1a69,-15,48,Normal
2026-02-17 01:31:21.163380,Paris-1a69,3,47,Normal
2026-02-17 01:31:22.163380,Paris-1a69,2,67,Normal
2026-02-17 01:31:23.163380,Paris-1a69,36,39,Normal
2026-02-17 01:31:24.163380,Paris-1a69,-30,80,Normal
2026-02-17 01:31:25.163380,Paris-1a69,4,86,Normal
2026-02-17 01:31:26.163380,Paris-1a69,-21,72,Normal
2026-02-17 01:31:27.163380,Paris-1a69,20,46,Normal
2026-02-17 01:31:28.163380,Paris-1a69,-17,12,Normal
2026-02-17 01:31:29.163380,Paris-1a69,-19,29,Normal
2026-02-17 01:31:30.163380,Paris-1a69,-11,17,Normal
2026-02-17 01:31:31.163380,Paris-1a69,19,96,Normal
2026-02-17 01:31:32.163380,Paris-1a69,31,41,Normal
2026-02-17 01:31:33.163380,Paris-1a69,-16,81,Normal
2026-02-17 01:31:34.163380,Paris-1a69,37,5,Normal
2026-02-17 01:31:35.163380,Paris-1a69,45,70,Normal
2026-02-17 01:31:36.163380,Paris-1a69,-27,85,Normal
2026-02-17 01:31:37.163380,Paris-1a69,34,99,Normal
2026-02-17 01:31:38.163380,Paris-1a69,-24,7,Normal
2026-02-17 01:31:39.163380,Paris-1a69,-4,42,Normal
2026-02-17 01:31:40.163380,Paris-1a69,50,88,Normal
2026-02-17 01:31:41.163380,Paris-1a69,45,95,Normal
2026-02-17 01:31:42.163380,Paris-1a69,5,16,Normal
2026-02-17 01:31:43.163380,Paris-1a69,-3,76,Normal
2026-02-17 01:31:44.163380,Paris-1a69,21,42,Normal
2026-02-17 01:31:45.163380,Paris-1a69,-14,19,Normal
2026-02-17 01:31:46.163380,Paris-1a69,-10,73,Normal
2026-02-17 01:31:47.163380,Paris-1a69,0,18,Normal
2026-02-17 01:31:48.163380,Paris-1a69,9,90,Normal
2026-02-17 01:31:49.163380,Paris-1a69,25,20,Normal
2026-02-17 01:31:50.163380,Paris-1a69,-5,35,Normal
2026-02-17 01:31:51.163380,Paris-1a69,12,26,Normal
2026-02-17 01:31:52.163380,Paris-1a69,-15,4,Normal
2026-02-17 01:31:53.163380,Paris-1a69,47,99,Normal
2026-02-17 01:31:54.163380,Paris-1a69,-22,89,Normal
2026-02-17 01:31:55.163380,Paris-1a69,-18,9,Normal
2026-02-17 01:31:56.163380,Paris-1a69,18,79,Normal
2026-02-17 01:31:57.163380,Paris-1a69,16,92,Normal
2026-02-17 01:31:58.163380,Paris-1a69,4,95,Normal
2026-02-17 01:31:59.163380,Paris-1a69,-24,29,Normal
2026-02-17 01:32:00.163380,Paris-1a69,9,45,Normal
2026-02-17 01:32:01.163380,Paris-1a69,23,98,Normal
2026-02-17 01:32:02.163380,Paris-1a69,31,29,Normal
2026-02-17 01:32:03.163380,Paris-1a69,41,66,Normal
2026-02-17 01:32:04.163380,Paris-1a69,-29,54,Normal
2026-02-17 01:32:05.163380,Paris-1a69,30,53,Normal
2026-02-17 01:32:06.163380,Paris-1a69,24,42,Normal
2026-02-17 01:32:07.163380,Paris-1a69,15,43,Normal
2026-02-17 01:32:08.163380,Paris-1a69,-15,86,Normal
2026-02-17 01:32:09.163380,Paris-1a69,18,100,Normal
2026-02-17 01:32:10.163380,Paris-1a69,-14,14,Normal
2026-02-17 01:32:11.163380,Paris-1a69,39,40,Normal
2026-02-17 01:32:12.163380,Paris-1a69,13,80,Normal
2026-02-17 01:32:13.163380,Paris-1a69,29,42,Normal
2026-02-17 01:32:14.163380,Paris-1a69,27,24,Normal
2026-02-17 01:32:15.163380,Paris-1a69,9,62,Normal
2026-02-17 01:32:16.163380,Paris-1a69,15,54,Normal
2026-02-17 01:32:17.163380,Paris-1a69,13,20,Normal
2026-02-17 01:32:18.163380,Paris-1a69,-29,91,Normal
2026-02-17 01:32:19.163380,Paris-1a69,-30,100,Normal
2026-02-17 01:32:20.163380,Paris-1a69,7,93,Normal
2026-02-17 01:32:21.163380,Paris-1a69,13,6,Normal
2026-02-17 01:32:22.163380,Paris-1a69,35,81,Normal
2026-02-17 01:32:23.163380,Paris-1a69,16,80,Normal
2026-02-17 01:32:24.163380,Paris-1a69,29,48,Normal
2026-02-17 01:32:25.163380,Paris-1a69,47,74,Normal
2026-02-17 01:32:26.163380,Paris-1a69,-19,100,Normal
2026-02-17 01:32:27.163380,Paris-1a69,30,51,Normal
2026-02-17 01:32:28.163380,Paris-1a69,-27,55,Normal
2026-02-17 01:32:29.163380,Paris-1a69,38,24,Normal
2026-02-17 01:32:30.163380,Paris-1a69,46,80,Normal
2026-02-17 01:32:31.163380,Paris-1a69,17,100,Normal
2026-02-17 01:32:32.163380,Paris-1a69,30,86,Normal
2026-02-17 01:32:33.163380,Paris-1a69,50,39,Normal
2026-02-17 01:32:34.163380,Paris-1a69,-10,59,Normal
2026-02-17 01:32:35.163380,Paris-1a69,-14,39,Normal
2026-02-17 01:32:36.163380,Paris-1a69,19,67,Normal
2026-02-17 01:32:37.163380,Paris-1a69,48,72,Normal
2026-02-17 01:32:38.163380,Paris-1a69,-17,0,Normal
2026-02-17 01:32:39.163380,Paris-1a69,35,91,Normal
2026-02-17 01:32:40.163380,Paris-1a69,35,21,Normal
2026-02-17 01:32:41.163380,Paris-1a69,13,3,Normal
2026-02-17 01:32:42.163380,Paris-1a69,8,43,Normal
2026-02-17 01:32:43.163380,Paris-1a69,1,94,Normal
2026-02-17 01:32:44.163380,Paris-1a69,18,27,Normal
2026-02-17 01:32:45.163380,Paris-1a69,41,89,Normal
2026-02-17 01:32:46.163380,Paris-1a69,17,97,Normal
2026-02-17 01:32:47.163380,Paris-1a69,50,51,Normal
2026-02-17 01:32:48.163380,Paris-1a69,29,41,Normal
2026-02-17 01:32:49.163380,Paris-1a69,1,87,Normal
2026-02-17 01:32:50.163380,Paris-1a69,47,66,Normal
2026-02-17 01:32:51.163380,Paris-1a69,5,97,Normal
2026-02-17 01:32:52.163380,Paris-1a69,11,99,Normal
2026-02-17 01:32:53.163380,Paris-1a69,-18,6,Normal
2026-02-17 01:32:54.163380,Paris-1a69,46,8,Normal
2026-02-17 01:32:55.163380,Paris-1a69,17,32,Normal
2026-02-17 01:32:56.163380,Paris-1a69,-12,78,Normal
2026-02-17 01:32:57.163380,Paris-1a69,9,33,Normal
2026-02-17 01:32:58.163380,Paris-1a69,33,44,Normal
2026-02-17 01:32:59.163380,Paris-1a69,49,46,Normal
2026-02-17 01:33:00.163380,Paris-1a69,26,8,Normal
2026-02-17 01:33:01.163380,Paris-1a69,2,25,Normal
2026-02-17 01:33:02.163380,Paris-1a69,-3,22,Normal
2026-02-17 01:33:03.163380,Paris-1a69,14,13,Normal
2026-02-17 01:33:04.163380,Paris-1a69,-28,53,Normal
2026-02-17 01:33:05.163380,Paris-1a69,-23,74,Normal
2026-02-17 01:33:06.163380,Paris-1a69,9,92,Normal
2026-02-17 01:33:07.163380,Paris-1a69,4,73,Normal
2026-02-17 01:33:08.163380,Paris-1a69,26,51,Normal
2026-02-17 01:33:09.163380,Paris-1a69,-21,59,Normal
2026-02-17 01:33:10.163380,Paris-1a69,-27,51,Normal
2026-02-17 01:33:11.163380,Paris-1a69,16,57,Normal
2026-02-17 01:33:12.163380,Paris-1a69,38,69,Normal
2026-02-17 01:33:13.163380,Paris-1a69,-17,47,Normal
2026-02-17 01:33:14.163380,Paris-1a69,-30,75,Normal
2026-02-17 01:33:15.163380,Paris-1a69,47,22,Normal
2026-02-17 01:33:16.163380,Paris-1a69,2,96,Normal
2026-02-17 01:33:17.163380,Paris-1a69,-22,55,Normal
2026-02-17 01:33:18.163380,Paris-1a69,-24,0,Normal
2026-02-17 01:33:19.163380,Paris-1a69,46,38,Normal
2026-02-17 01:33:20.163380,Paris-1a69,4,68,Normal
2026-02-17 01:33:21.163380,Paris-1a69,41,10,Normal
2026-02-17 01:33:22.163380,Paris-1a69,24,97,Normal
2026-02-17 01:33:23.163380,Paris-1a69,-14,30,Normal
2026-02-17 01:33:24.163380,Paris-1a69,20,19,Normal
2026-02-17 01:33:25.163380,Paris-1a69,1,83,Normal
2026-02-17 01:33:26.163380,Paris-1a69,33,85,Normal
2026-02-17 01:33:27.163380,Paris-1a69,14,10,Normal
2026-02-17 01:33:28.163380,Paris-1a69,4,59,Normal
2026-02-17 01:33:29.163380,Paris-1a69,37,67,Normal
2026-02-17 01:33:30.163380,Paris-1a69,-21,60,Normal
2026-02-17 01:33:31.163380,Paris-1a69,-2,21,Normal
2026-02-17 01:33:32.163380,Paris-1a69,0,31,Normal
2026-02-17 01:33:33.163380,Paris-1a69,24,72,Normal
2026-02-17 01:33:34.163380,Paris-1a69,29,21,Normal
2026-02-17 01:33:35.163380,Paris-1a69,14,49,Normal
2026-02-17 01:33:36.163380,Paris-1a69,-25,100,Normal
2026-02-17 01:33:37.163380,Paris-1a69,5,96,Normal
2026-02-17 01:33:38.163380,Paris-1a69,-17,68,Normal
2026-02-17 01:33:39.163380,Paris-1a69,-29,33,Normal
2026-02-17 01:33:40.163380,Paris-1a69,43,21,Normal
2026-02-17 01:33:41.163380,Paris-1a69,-27,59,Normal
2026-02-17 01:33:42.163380,Paris-1a69,-16,13,Normal
2026-02-17 01:33:43.163380,Paris-1a69,48,49,Normal
2026-02-17 01:33:44.163380,Paris-1a69,16,7,Normal
2026-02-17 01:33:45.163380,Paris-1a69,-13,16,Normal
2026-02-17 01:33:46.163380,Paris-1a69,-17,99,Normal
2026-02-17 01:33:47.163380,Paris-1a69,-19,49,Normal
2026-02-17 01:33:48.163380,Paris-1a69,14,29,Normal
2026-02-17 01:33:49.163380,Paris-1a69,31,93,Normal
2026-02-17 01:33:50.163380,Paris-1a69,-6,45,Normal
2026-02-17 01:33:51.163380,Paris-1a69,7,88,Normal
2026-02-17 01:33:52.163380,Paris-1a69,3,36,Normal
2026-02-17 01:33:53.163380,Paris-1a69,1,48,Normal
2026-02-17 01:33:54.163380,Paris-1a69,-25,52,Normal
2026-02-17 01:33:55.163380,Paris-1a69,38,72,Normal
2026-02-17 01:33:56.163380,Paris-1a69,-5,66,Normal
2026-02-17 01:33:57.163380,Paris-1a69,-30,37,Normal
2026-02-17 01:33:58.163380,Paris-1a69,48,77,Normal
2026-02-17 01:33:59.163380,Paris-1a69,-23,7,Normal
2026-02-17 01:34:00.163380,Paris-1a69,10,30,Normal
2026-02-17 01:34:01.163380,Paris-1a69,45,56,Normal
2026-02-17 01:34:02.163380,Paris-1a69,-16,94,Normal
2026-02-17 01:34:03.163380,Paris-1a69,-22,38,Normal
2026-02-17 01:34:04.163380,Paris-1a69,8,59,Normal
2026-02-17 01:34:05.163380,Paris-1a69,34,91,Normal
2026-02-17 01:34:06.163380,Paris-1a69,19,18,Normal
2026-02-17 01:34:07.163380,Paris-1a69,-7,27,Normal
2026-02-17 01:34:08.163380,Paris-1a69,-19,25,Normal
2026-02-17 01:34:09.163380,Paris-1a69,30,98,Normal
2026-02-17 01:34:10.163380,Paris-1a69,41,75,Normal
2026-02-17 01:34:11.163380,Paris-1a69,6,77,Normal
2026-02-17 01:34:12.163380,Paris-1a69,20,43,Normal
2026-02-17 01:34:13.163380,Paris-1a69,4,81,Normal
2026-02-17 01:34:14.163380,Paris-1a69,35,75,Normal
2026-02-17 01:34:15.163380,Paris-1a69,25,24,Normal
2026-02-17 01:34:16.163380,Paris-1a69,-10,71,Normal
2026-02-17 01:34:17.163380,Paris-1a69,35,65,Normal
2026-02-17 01:34:18.163380,Paris-1a69,21,34,Normal
2026-02-17 01:34:19.163380,Paris-1a69,28,63,Normal
2026-02-17 01:34:20.163380,Paris-1a69,-28,92,Normal
2026-02-17 01:34:21.163380,Paris-1a69,4,100,Normal
2026-02-17 01:34:22.163380,Paris-1a69,20,78,Normal
2026-02-17 01:34:23.163380,Paris-1a69,43,40,Normal
2026-02-17 01:34:24.163380,Paris-1a69,41,28,Normal
2026-02-17 01:34:25.163380,Paris-1a69,40,62,Normal
2026-02-17 01:34:26.163380,Paris-1a69,39,6,Normal
2026-02-17 01:34:27.163380,Paris-1a69,19,98,Normal
2026-02-17 01:34:28.163380,Paris-1a69,-17,27,Normal
2026-02-17 01:34:29.163380,Paris-1a69,28,22,Normal
2026-02-17 01:34:30.163380,Paris-1a69,49,1,Normal
2026-02-17 01:34:31.163380,Paris-1a69,46,94,Normal
2026-02-17 01:34:32.163380,Paris-1a69,-14,96,Normal
2026-02-17 01:34:33.163380,Paris-1a69,46,17,Normal
2026-02-17 01:34:34.163380,Paris-1a69,20,38,Normal
2026-02-17 01:34:35.163380,Paris-1a69,17,69,Normal
2026-02-17 01:34:36.163380,Paris-1a69,-18,64,Normal
2026-02-17 01:34:37.163380,Paris-1a69,46,7,Normal
2026-02-17 01:34:38.163380,Paris-1a69,-15,4,Normal
2026-02-17 01:34:39.163380,Paris-1a69,29,39,Normal
2026-02-17 01:34:40.163380,Paris-1a69,7,19,Normal
2026-02-17 01:34:41.163380,Paris-1a69,14,86,Normal
2026-02-17 01:34:42.163380,Paris-1a69,17,78,Normal
2026-02-17 01:34:43.163380,Paris-1a69,49,8,Normal
2026-02-17 01:34:44.163380,Paris-1a69,-21,21,Normal
2026-02-17 01:34:45.163380,Paris-1a69,11,34,Normal
2026-02-17 01:34:46.163380,Paris-1a69,3,36,Normal
2026-02-17 01:34:47.163380,Paris-1a69,-17,43,Normal
2026-02-17 01:34:48.163380,Paris-1a69,40,98,Normal
2026-02-17 01:34:49.163380,Paris-1a69,47,48,Normal
2026-02-17 01:34:50.163380,Paris-1a69,49,13,Normal
2026-02-17 01:34:51.163380,Paris-1a69,37,73,Normal
2026-02-17 01:34:52.163380,Paris-1a69,41,11,Normal
2026-02-17 01:34:53.163380,Paris-1a69,24,13,Normal
2026-02-17 01:34:54.163380,Paris-1a69,28,90,Normal
2026-02-17 01:34:55.163380,Paris-1a69,26,99,Normal
2026-02-17 01:34:56.163380,Paris-1a69,18,71,Normal
2026-02-17 01:34:57.163380,Paris-1a69,37,82,Normal
2026-02-17 01:34:58.163380,Paris-1a69,31,34,Normal
2026-02-17 01:34:59.163380,Paris-1a69,-26,19,Normal
2026-02-17 01:35:00.163380,Paris-1a69,-13,13,Normal
2026-02-17 01:35:01.163380,Paris-1a69,-20,76,Normal
2026-02-17 01:35:02.163380,Paris-1a69,7,61,Normal
2026-02-17 01:35:03.163380,Paris-1a69,19,14,Normal
2026-02-17 01:35:04.163380,Paris-1a69,15,30,Normal
2026-02-17 01:35:05.163380,Paris-1a69,-20,34,Normal
2026-02-17 01:35:06.163380,Paris-1a69,-9,32,Normal
2026-02-17 01:35:07.163380,Paris-1a69,-19,51,Normal
2026-02-17 01:35:08.163380,Paris-1a69,-19,68,Normal
2026-02-17 01:35:09.163380,Paris-1a69,13,23,Normal
2026-02-17 01:35:10.163380,Paris-1a69,-1,61,Normal
2026-02-17 01:35:11.163380,Paris-1a69,-16,46,Normal
2026-02-17 01:35:12.163380,Paris-1a69,-8,57,Normal
2026-02-17 01:35:13.163380,Paris-1a69,37,67,Normal
2026-02-17 01:35:14.163380,Paris-1a69,-1,10,Normal
2026-02-17 01:35:15.163380,Paris-1a69,15,98,Normal
2026-02-17 01:35:16.163380,Paris-1a69,-2,35,Normal
2026-02-17 01:35:17.163380,Paris-1a69,31,37,Normal
2026-02-17 01:35:18.163380,Paris-1a69,5,10,Normal
2026-02-17 01:35:19.163380,Paris-1a69,47,88,Normal
2026-02-17 01:35:20.163380,Paris-1a69,-28,44,Normal
2026-02-17 01:35:21.163380,Paris-1a69,36,87,Normal
2026-02-17 01:35:22.163380,Paris-1a69,-12,46,Normal
2026-02-17 01:35:23.163380,Paris-1a69,-5,45,Normal
2026-02-17 01:35:24.163380,Paris-1a69,-26,56,Normal
2026-02-17 01:35:25.163380,Paris-1a69,-20,62,Normal
2026-02-17 01:35:26.163380,Paris-1a69,33,22,Normal
2026-02-17 01:35:27.163380,Paris-1a69,-18,31,Normal
2026-02-17 01:35:28.163380,Paris-1a69,-2,28,Normal
2026-02-17 01:35:29.163380,Paris-1a69,-18,81,Normal
2026-02-17 01:35:30.163380,Paris-1a69,21,34,Normal
2026-02-17 01:35:31.163380,Paris-1a69,-6,79,Normal
2026-02-17 01:35:32.163380,Paris-1a69,-27,52,Normal
2026-02-17 01:35:33.163380,Paris-1a69,24,48,Normal
2026-02-17 01:35:34.163380,Paris-1a69,49,36,Normal
2026-02-17 01:35:35.163380,Paris-1a69,19,27,Normal
2026-02-17 01:35:36.163380,Paris-1a69,39,65,Normal
2026-02-17 01:35:37.163380,Paris-1a69,-10,64,Normal
2026-02-17 01:35:38.163380,Paris-1a69,-11,51,Normal
2026-02-17 01:35:39.163380,Paris-1a69,48,42,Normal
2026-02-17 01:35:40.163380,Paris-1a69,13,42,Normal
2026-02-17 01:35:41.163380,Paris-1a69,-13,20,Normal
2026-02-17 01:35:42.163380,Paris-1a69,-23,94,Normal
2026-02-17 01:35:43.163380,Paris-1a69,40,38,Normal
2026-02-17 01:35:44.163380,Paris-1a69,4,61,Normal
2026-02-17 01:35:45.163380,Paris-1a69,-9,1,Normal
2026-02-17 01:35:46.163380,Paris-1a69,34,29,Normal
2026-02-17 01:35:47.163380,Paris-1a69,2,0,Normal
2026-02-17 01:35:48.163380,Paris-1a69,-5,28,Normal
