timestamp,station_id,temp,humid,condition
2026-02-16 20:29:55.107134,Tokyo-cd14,-22,38,Normal
2026-02-16 20:29:56.107134,Tokyo-cd14,-25,26,Normal
2026-02-16 20:29:57.107134,Tokyo-cd14,37,8,Normal
2026-02-16 20:29:58.107134,Tokyo-cd14,35,37,Normal
2026-02-16 20:29:59.107134,Tokyo-cd14,-8,41,Normal
2026-02-16 20:30:00.107134,Tokyo-cd14,1,30,Normal
2026-02-16 20:30:01.107134,Tokyo-cd14,20,54,Normal
2026-02-16 20:30:02.107134,Tokyo-cd14,27,100,Normal
2026-02-16 20:30:03.107134,Tokyo-cd14,-16,74,Normal
2026-02-16 20:30:04.107134,Tokyo-cd14,24,57,Normal
2026-02-16 20:30:05.107134,Tokyo-cd14,11,98,Normal
2026-02-16 20:30:06.107134,Tokyo-cd14,45,31,Normal
2026-02-16 20:30:07.107134,Tokyo-cd14,-6,29,Normal
2026-02-16 20:30:08.107134,Tokyo-cd14,37,75,Normal
2026-02-16 20:30:09.107134,Tokyo-cd14,32,92,Normal
2026-02-16 20:30:10.107134,Tokyo-cd14,-9,87,Normal
2026-02-16 20:30:11.107134,Tokyo-cd14,37,49,Normal
2026-02-16 20:30:12.107134,Tokyo-cd14,42,27,Normal
2026-02-16 20:30:13.107134,Tokyo-cd14,1,51,Normal
2026-02-16 20:30:14.107134,Tokyo-cd14,-10,42,Normal
2026-02-16 20:30:15.107134,Tokyo-cd14,-5,12,Normal
2026-02-16 20:30:16.107134,Tokyo-cd14,28,83,Normal
2026-02-16 20:30:17.107134,Tokyo-cd14,25,28,Normal
2026-02-16 20:30:18.107134,Tokyo-cd14,-26,25,Normal
2026-02-16 20:30:19.107134,Tokyo-cd14,26,13,Normal
2026-02-16 20:30:20.107134,Tokyo-cd14,32,39,Normal
2026-02-16 20:30:21.107134,Tokyo-cd14,4,51,Normal
2026-02-16 20:30:22.107134,Tokyo-cd14,21,3,Normal
2026-02-16 20:30:23.107134,Tokyo-cd14,6,4,Normal
2026-02-16 20:30:24.107134,Tokyo-cd14,18,98,Normal
2026-02-16 20:30:25.107134,Tokyo-cd14,-1,15,Normal
2026-02-16 20:30:26.107134,Tokyo-cd14,-8,78,Normal
2026-02-16 20:30:27.107134,Tokyo-cd14,10,13,Normal
2026-02-16 20:30:28.107134,Tokyo-cd14,-14,40,Normal
2026-02-16 20:30:29.107134,Tokyo-cd14,46,10,Normal
2026-02-16 20:30:30.107134,Tokyo-cd14,-29,56,Normal
2026-02-16 20:30:31.107134,Tokyo-cd14,-30,43,Normal
2026-02-16 20:30:32.107134,Tokyo-cd14,37,4,Normal
2026-02-16 20:30:33.107134,Tokyo-cd14,-6,32,Normal
2026-02-16 20:30:34.107134,Tokyo-cd14,23,30,Normal
2026-02-16 20:30:35.107134,Tokyo-cd14,9,99,Normal
2026-02-16 20:30:36.107134,Tokyo-cd14,-19,10,Normal
2026-02-16 20:30:37.107134,Tokyo-cd14,38,57,Normal
2026-02-16 20:30:38.107134,Tokyo-cd14,48,91,Normal
2026-02-16 20:30:39.107134,Tokyo-cd14,-13,82,Normal
2026-02-16 20:30:40.107134,Tokyo-cd14,13,24,Normal
2026-02-16 20:30:41.107134,Tokyo-cd14,32,78,Normal
2026-02-16 20:30:42.107134,Tokyo-cd14,-22,70,Normal
2026-02-16 20:30:43.107134,Tokyo-cd14,7,88,Normal
2026-02-16 20:30:44.107134,Tokyo-cd14,13,55,Normal
2026-02-16 20:30:45.107134,Tokyo-cd14,10,77,Normal
2026-02-16 20:30:46.107134,Tokyo-cd14,45,70,Normal
2026-02-16 20:30:47.107134,Tokyo-cd14,10,42,Normal
2026-02-16 20:30:48.107134,Tokyo-cd14,0,0,Normal
2026-02-16 20:30:49.107134,Tokyo-cd14,-6,91,Normal
2026-02-16 20:30:50.107134,Tokyo-cd14,-1,47,Normal
2026-02-16 20:30:51.107134,Tokyo-cd14,-7,75,Normal
2026-02-16 20:30:52.107134,Tokyo-cd14,-27,77,Normal
2026-02-16 20:30:53.107134,Tokyo-cd14,31,96,Normal
2026-02-16 20:30:54.107134,Tokyo-cd14,14,74,Normal
2026-02-16 20:30:55.107134,Tokyo-cd14,33,39,Normal
2026-02-16 20:30:56.107134,Tokyo-cd14,19,55,Normal
2026-02-16 20:30:57.107134,Tokyo-cd14,2,94,Normal
2026-02-16 20:30:58.107134,Tokyo-cd14,40,21,Normal
2026-02-16 20:30:59.107134,Tokyo-cd14,35,88,Normal
2026-02-16 20:31:00.107134,Tokyo-cd14,-15,58,Normal
2026-02-16 20:31:01.107134,Tokyo-cd14,-27,21,Normal
2026-02-16 20:31:02.107134,Tokyo-cd14,-1,27,Normal
2026-02-16 20:31:03.107134,Tokyo-cd14,34,31,Normal
2026-02-16 20:31:04.107134,Tokyo-cd14,-10,0,Normal
2026-02-16 20:31:05.107134,Tokyo-cd14,4,66,Normal
2026-02-16 20:31:06.107134,Tokyo-cd14,-23,85,Normal
2026-02-16 20:31:07.107134,Tokyo-cd14,31,25,Normal
2026-02-16 20:31:08.107134,Tokyo-cd14,10,21,Normal
2026-02-16 20:31:09.107134,Tokyo-cd14,-26,41,Normal
2026-02-16 20:31:10.107134,Tokyo-cd14,-7,17,Normal
2026-02-16 20:31:11.107134,Tokyo-cd14,25,84,Normal
2026-02-16 20:31:12.107134,Tokyo-cd14,-18,78,Normal
2026-02-16 20:31:13.107134,Tokyo-cd14,24,41,Normal
2026-02-16 20:31:14.107134,Tokyo-cd14,-15,76,Normal
2026-02-16 20:31:15.107134,Tokyo-cd14,42,71,Normal
2026-02-16 20:31:16.107134,Tokyo-cd14,11,41,Normal
2026-02-16 20:31:17.107134,Tokyo-cd14,27,78,Normal
2026-02-16 20:31:18.107134,Tokyo-cd14,-30,3,Normal
2026-02-16 20:31:19.107134,Tokyo-cd14,9,38,Normal
2026-02-16 20:31:20.107134,Tokyo-cd14,10,5,Normal
2026-02-16 20:31:21.107134,Tokyo-cd14,-5,10,Normal
2026-02-16 20:31:22.107134,Tokyo-cd14,3,28,Normal
2026-02-16 20:31:23.107134,Tokyo-cd14,45,48,Normal
2026-02-16 20:31:24.107134,Tokyo-cd14,3,19,Normal
2026-02-16 20:31:25.107134,Tokyo-cd14,48,62,Normal
2026-02-16 20:31:26.107134,Tokyo-cd14,-10,59,Normal
2026-02-16 20:31:27.107134,Tokyo-cd14,25,100,Normal
2026-02-16 20:31:28.107134,Tokyo-cd14,0,28,Normal
2026-02-16 20:31:29.107134,Tokyo-cd14,17,17,Normal
2026-02-16 20:31:30.107134,Tokyo-cd14,7,22,Normal
2026-02-16 20:31:31.107134,Tokyo-cd14,-23,0,Normal
2026-02-16 20:31:32.107134,Tokyo-cd14,42,80,Normal
2026-02-16 20:31:33.107134,Tokyo-cd14,-28,22,Normal
2026-02-16 20:31:34.107134,Tokyo-cd14,-4,100,Normal
2026-02-16 20:31:35.107134,Tokyo-cd14,31,88,Normal
2026-02-16 20:31:36.107134,Tokyo-cd14,34,6,Normal
2026-02-16 20:31:37.107134,Tokyo-cd14,-19,15,Normal
2026-02-16 20:31:38.107134,Tokyo-cd14,-20,28,Normal
2026-02-16 20:31:39.107134,Tokyo-cd14,39,59,Normal
2026-02-16 20:31:40.107134,Tokyo-cd14,42,3,Normal
2026-02-16 20:31:41.107134,Tokyo-cd14,-11,41,Normal
2026-02-16 20:31:42.107134,Tokyo-cd14,23,89,Normal
2026-02-16 20:31:43.107134,Tokyo-cd14,44,69,Normal
2026-02-16 20:31:44.107134,Tokyo-cd14,47,90,Normal
2026-02-16 20:31:45.107134,Tokyo-cd14,47,19,Normal
2026-02-16 20:31:46.107134,Tokyo-cd14,-30,19,Normal
2026-02-16 20:31:47.107134,Tokyo-cd14,18,73,Normal
2026-02-16 20:31:48.107134,Tokyo-cd14,4,70,Normal
2026-02-16 20:31:49.107134,Tokyo-cd14,-9,13,Normal
2026-02-16 20:31:50.107134,Tokyo-cd14,48,28,Normal
2026-02-16 20:31:51.107134,Tokyo-cd14,46,47,Normal
2026-02-16 20:31:52.107134,Tokyo-cd14,32,93,Normal
2026-02-16 20:31:53.107134,Tokyo-cd14,14,53,Normal
2026-02-16 20:31:54.107134,Tokyo-cd14,7,20,Normal
2026-02-16 20:31:55.107134,Tokyo-cd14,42,96,Normal
2026-02-16 20:31:56.107134,Tokyo-cd14,50,53,Normal
2026-02-16 20:31:57.107134,Tokyo-cd14,21,52,Normal
2026-02-16 20:31:58.107134,Tokyo-cd14,-12,37,Normal
2026-02-16 20:31:59.107134,Tokyo-cd14,12,73,Normal
2026-02-16 20:32:00.107134,Tokyo-cd14,29,86,Normal
2026-02-16 20:32:01.107134,Tokyo-cd14,46,63,Normal
2026-02-16 20:32:02.107134,Tokyo-cd14,-27,46,Normal
2026-02-16 20:32:03.107134,Tokyo-cd14,-1,39,Normal
2026-02-16 20:32:04.107134,Tokyo-cd14,-10,79,Normal
2026-02-16 20:32:05.107134,Tokyo-cd14,1,83,Normal
2026-02-16 20:32:06.107134,Tokyo-cd14,-10,70,Normal
2026-02-16 20:32:07.107134,Tokyo-cd14,15,28,Normal
2026-02-16 20:32:08.107134,Tokyo-cd14,-27,48,Normal
2026-02-16 20:32:09.107134,Tokyo-cd14,-14,47,Normal
2026-02-16 20:32:10.107134,Tokyo-cd14,19,3,Normal
2026-02-16 20:32:11.107134,Tokyo-cd14,29,84,Normal
2026-02-16 20:32:12.107134,Tokyo-cd14,1,2,Normal
2026-02-16 20:32:13.107134,Tokyo-cd14,31,65,Normal
2026-02-16 20:32:14.107134,Tokyo-cd14,12,47,Normal
2026-02-16 20:32:15.107134,Tokyo-cd14,1,50,Normal
2026-02-16 20:32:16.107134,Tokyo-cd14,-15,18,Normal
2026-02-16 20:32:17.107134,Tokyo-cd14,3,84,Normal
2026-02-16 20:32:18.107134,Tokyo-cd14,-1,28,Normal
2026-02-16 20:32:19.107134,Tokyo-cd14,-10,9,Normal
2026-02-16 20:32:20.107134,Tokyo-cd14,24,57,Normal
2026-02-16 20:32:21.107134,Tokyo-cd14,-29,33,Normal
2026-02-16 20:32:22.107134,Tokyo-cd14,7,52,Normal
2026-02-16 20:32:23.107134,Tokyo-cd14,4,69,Normal
2026-02-16 20:32:24.107134,Tokyo-cd14,20,92,Normal
2026-02-16 20:32:25.107134,Tokyo-cd14,9,92,Normal
2026-02-16 20:32:26.107134,Tokyo-cd14,0,25,Normal
2026-02-16 20:32:27.107134,Tokyo-cd14,22,20,Normal
2026-02-16 20:32:28.107134,Tokyo-cd14,-26,22,Normal
2026-02-16 20:32:29.107134,Tokyo-cd14,45,73,Normal
2026-02-16 20:32:30.107134,Tokyo-cd14,-3,79,Normal
2026-02-16 20:32:31.107134,Tokyo-cd14,46,91,Normal
2026-02-16 20:32:32.107134,Tokyo-cd14,20,41,Normal
2026-02-16 20:32:33.107134,Tokyo-cd14,12,14,Normal
2026-02-16 20:32:34.107134,Tokyo-cd14,11,26,Normal
2026-02-16 20:32:35.107134,Tokyo-cd14,38,59,Normal
2026-02-16 20:32:36.107134,Tokyo-cd14,-2,75,Normal
2026-02-16 20:32:37.107134,Tokyo-cd14,-21,16,Normal
2026-02-16 20:32:38.107134,Tokyo-cd14,32,39,Normal
2026-02-16 20:32:39.107134,Tokyo-cd14,10,84,Normal
2026-02-16 20:32:40.107134,Tokyo-cd14,-26,59,Normal
2026-02-16 20:32:41.107134,Tokyo-cd14,-26,31,Normal
2026-02-16 20:32:42.107134,Tokyo-cd14,-30,1,Normal
2026-02-16 20:32:43.107134,Tokyo-cd14,37,40,Normal
2026-02-16 20:32:44.107134,Tokyo-cd14,-18,6,Normal
2026-02-16 20:32:45.107134,Tokyo-cd14,-1,93,Normal
2026-02-16 20:32:46.107134,Tokyo-cd14,-21,81,Normal
2026-02-16 20:32:47.107134,Tokyo-cd14,6,37,Normal
2026-02-16 20:32:48.107134,Tokyo-cd14,28,38,Normal
2026-02-16 20:32:49.107134,Tokyo-cd14,19,21,Normal
2026-02-16 20:32:50.107134,Tokyo-cd14,23,62,Normal
2026-02-16 20:32:51.107134,Tokyo-cd14,25,34,Normal
2026-02-16 20:32:52.107134,Tokyo-cd14,34,37,Normal
2026-02-16 20:32:53.107134,Tokyo-cd14,16,35,Normal
2026-02-16 20:32:54.107134,Tokyo-cd14,50,30,Normal
2026-02-16 20:32:55.107134,Tokyo-cd14,7,19,Normal
2026-02-16 20:32:56.107134,Tokyo-cd14,-5,9,Normal
2026-02-16 20:32:57.107134,Tokyo-cd14,11,85,Normal
2026-02-16 20:32:58.107134,Tokyo-cd14,-22,8,Normal
2026-02-16 20:32:59.107134,Tokyo-cd14,-25,75,Normal
2026-02-16 20:33:00.107134,Tokyo-cd14,-5,52,Normal
2026-02-16 20:33:01.107134,Tokyo-cd14,6,44,Normal
2026-02-16 20:33:02.107134,Tokyo-cd14,20,82,Normal
2026-02-16 20:33:03.107134,Tokyo-cd14,-23,64,Normal
2026-02-16 20:33:04.107134,Tokyo-cd14,-25,79,Normal
2026-02-16 20:33:05.107134,Tokyo-cd14,45,17,Normal
2026-02-16 20:33:06.107134,Tokyo-cd14,2,95,Normal
2026-02-16 20:33:07.107134,Tokyo-cd14,35,6,Normal
2026-02-16 20:33:08.107134,Tokyo-cd14,5,30,Normal
2026-02-16 20:33:09.107134,Tokyo-cd14,33,50,Normal
2026-02-16 20:33:10.107134,Tokyo-cd14,42,14,Normal
2026-02-16 20:33:11.107134,Tokyo-cd14,-18,94,Normal
2026-02-16 20:33:12.107134,Tokyo-cd14,3,64,Normal
2026-02-16 20:33:13.107134,Tokyo-cd14,-8,77,Normal
2026-02-16 20:33:14.107134,Tokyo-cd14,14,47,Normal
2026-02-16 20:33:15.107134,Tokyo-cd14,-27,12,Normal
2026-02-16 20:33:16.107134,Tokyo-cd14,-3,21,Normal
2026-02-16 20:33:17.107134,Tokyo-cd14,-24,92,Normal
2026-02-16 20:33:18.107134,Tokyo-cd14,46,49,Normal
2026-02-16 20:33:19.107134,Tokyo-cd14,-20,14,Normal
2026-02-16 20:33:20.107134,Tokyo-cd14,30,84,Normal
2026-02-16 20:33:21.107134,Tokyo-cd14,-19,99,Normal
2026-02-16 20:33:22.107134,Tokyo-cd14,-16,82,Normal
2026-02-16 20:33:23.107134,Tokyo-cd14,41,84,Normal
2026-02-16 20:33:24.107134,Tokyo-cd14,20,3,Normal
2026-02-16 20:33:25.107134,Tokyo-cd14,29,63,Normal
2026-02-16 20:33:26.107134,Tokyo-cd14,12,94,Normal
2026-02-16 20:33:27.107134,Tokyo-cd14,-24,88,Normal
2026-02-16 20:33:28.107134,Tokyo-cd14,38,40,Normal
2026-02-16 20:33:29.107134,Tokyo-cd14,11,94,Normal
2026-02-16 20:33:30.107134,Tokyo-cd14,23,30,Normal
2026-02-16 20:33:31.107134,Tokyo-cd14,31,45,Normal
2026-02-16 20:33:32.107134,Tokyo-cd14,19,9,Normal
2026-02-16 20:33:33.107134,Tokyo-cd14,-12,31,Normal
2026-02-16 20:33:34.107134,Tokyo-cd14,37,47,Normal
2026-02-16 20:33:35.107134,Tokyo-cd14,30,12,Normal
2026-02-16 20:33:36.107134,Tokyo-cd14,46,34,Normal
2026-02-16 20:33:37.107134,Tokyo-cd14,21,67,Normal
2026-02-16 20:33:38.107134,Tokyo-cd14,34,76,Normal
2026-02-16 20:33:39.107134,Tokyo-cd14,35,73,Normal
2026-02-16 20:33:40.107134,Tokyo-cd14,44,36,Normal
2026-02-16 20:33:41.107134,Tokyo-cd14,49,87,Normal
2026-02-16 20:33:42.107134,Tokyo-cd14,0,96,Normal
2026-02-16 20:33:43.107134,Tokyo-cd14,16,56,Normal
2026-02-16 20:33:44.107134,Tokyo-cd14,-23,83,Normal
2026-02-16 20:33:45.107134,Tokyo-cd14,-11,85,Normal
2026-02-16 20:33:46.107134,Tokyo-cd14,7,82,Normal
2026-02-16 20:33:47.107134,Tokyo-cd14,47,24,Normal
2026-02-16 20:33:48.107134,Tokyo-cd14,13,40,Normal
2026-02-16 20:33:49.107134,Tokyo-cd14,44,46,Normal
2026-02-16 20:33:50.107134,Tokyo-cd14,-3,100,Normal
2026-02-16 20:33:51.107134,Tokyo-cd14,11,7,Normal
2026-02-16 20:33:52.107134,Tokyo-cd14,-27,32,Normal
2026-02-16 20:33:53.107134,Tokyo-cd14,50,11,Normal
2026-02-16 20:33:54.107134,Tokyo-cd14,18,24,Normal
2026-02-16 20:33:55.107134,Tokyo-cd14,31,35,Normal
2026-02-16 20:33:56.107134,Tokyo-cd14,50,28,Normal
2026-02-16 20:33:57.107134,Tokyo-cd14,43,52,Normal
2026-02-16 20:33:58.107134,Tokyo-cd14,24,83,Normal
2026-02-16 20:33:59.107134,Tokyo-cd14,50,92,Normal
2026-02-16 20:34:00.107134,Tokyo-cd14,12,17,Normal
2026-02-16 20:34:01.107134,Tokyo-cd14,0,42,Normal
2026-02-16 20:34:02.107134,Tokyo-cd14,1,50,Normal
2026-02-16 20:34:03.107134,Tokyo-cd14,-28,83,Normal
2026-02-16 20:34:04.107134,Tokyo-cd14,29,55,Normal
2026-02-16 20:34:05.107134,Tokyo-cd14,22,36,Normal
2026-02-16 20:34:06.107134,Tokyo-cd14,21,71,Normal
2026-02-16 20:34:07.107134,Tokyo-cd14,-18,4,Normal
2026-02-16 20:34:08.107134,Tokyo-cd14,12,71,Normal
2026-02-16 20:34:09.107134,Tokyo-cd14,-21,56,Normal
2026-02-16 20:34:10.107134,Tokyo-cd14,20,55,Normal
2026-02-16 20:34:11.107134,Tokyo-cd14,-25,38,Normal
2026-02-16 20:34:12.107134,Tokyo-cd14,3,27,Normal
2026-02-16 20:34:13.107134,Tokyo-cd14,-16,22,Normal
2026-02-16 20:34:14.107134,Tokyo-cd14,21,41,Normal
2026-02-16 20:34:15.107134,Tokyo-cd14,-29,32,Normal
2026-02-16 20:34:16.107134,Tokyo-cd14,37,70,Normal
2026-02-16 20:34:17.107134,Tokyo-cd14,-17,23,Normal
2026-02-16 20:34:18.107134,Tokyo-cd14,22,94,Normal
2026-02-16 20:34:19.107134,Tokyo-cd14,0,36,Normal
2026-02-16 20:34:20.107134,Tokyo-cd14,-30,11,Normal
2026-02-16 20:34:21.107134,Tokyo-cd14,-17,81,Normal
2026-02-16 20:34:22.107134,Tokyo-cd14,7,31,Normal
2026-02-16 20:34:23.107134,Tokyo-cd14,48,45,Normal
2026-02-16 20:34:24.107134,Tokyo-cd14,33,97,Normal
2026-02-16 20:34:25.107134,Tokyo-cd14,-2,75,Normal
2026-02-16 20:34:26.107134,Tokyo-cd14,4,56,Normal
2026-02-16 20:34:27.107134,Tokyo-cd14,-10,59,Normal
2026-02-16 20:34:28.107134,Tokyo-cd14,7,52,Normal
2026-02-16 20:34:29.107134,Tokyo-cd14,7,89,Normal
2026-02-16 20:34:30.107134,Tokyo-cd14,26,76,Normal
2026-02-16 20:34:31.107134,Tokyo-cd14,48,90,Normal
2026-02-16 20:34:32.107134,Tokyo-cd14,11,64,Normal
2026-02-16 20:34:33.107134,Tokyo-cd14,-3,4,Normal
2026-02-16 20:34:34.107134,Tokyo-cd14,6,59,Normal
2026-02-16 20:34:35.107134,Tokyo-cd14,11,80,Normal
2026-02-16 20:34:36.107134,Tokyo-cd14,-5,66,Normal
2026-02-16 20:34:37.107134,Tokyo-cd14,23,40,Normal
2026-02-16 20:34:38.107134,Tokyo-cd14,-3,26,Normal
2026-02-16 20:34:39.107134,Tokyo-cd14,41,66,Normal
2026-02-16 20:34:40.107134,Tokyo-cd14,26,85,Normal
2026-02-16 20:34:41.107134,Tokyo-cd14,41,86,Normal
2026-02-16 20:34:42.107134,Tokyo-cd14,2,66,Normal
2026-02-16 20:34:43.107134,Tokyo-cd14,21,55,Normal
2026-02-16 20:34:44.107134,Tokyo-cd14,-12,72,Normal
2026-02-16 20:34:45.107134,Tokyo-cd14,41,42,Normal
2026-02-16 20:34:46.107134,Tokyo-cd14,-11,84,Normal
2026-02-16 20:34:47.107134,Tokyo-cd14,-28,70,Normal
2026-02-16 20:34:48.107134,Tokyo-cd14,22,5,Normal
2026-02-16 20:34:49.107134,Tokyo-cd14,37,41,Normal
2026-02-16 20:34:50.107134,Tokyo-cd14,4,22,Normal
2026-02-16 20:34:51.107134,Tokyo-cd14,49,52,Normal
2026-02-16 20:34:52.107134,Tokyo-cd14,0,76,Normal
2026-02-16 20:34:53.107134,Tokyo-cd14,-23,8,Normal
2026-02-16 20:34:54.107134,Tokyo-cd14,-11,58,Normal
2026-02-16 20:34:55.107134,Tokyo-cd14,-6,63,Normal
2026-02-16 20:34:56.107134,Tokyo-cd14,16,12,Normal
2026-02-16 20:34:57.107134,Tokyo-cd14,41,41,Normal
2026-02-16 20:34:58.107134,Tokyo-cd14,18,98,Normal
2026-02-16 20:34:59.107134,Tokyo-cd14,29,56,Normal
2026-02-16 20:35:00.107134,Tokyo-cd14,35,59,Normal
2026-02-16 20:35:01.107134,Tokyo-cd14,7,35,Normal
2026-02-16 20:35:02.107134,Tokyo-cd14,35,31,Normal
2026-02-16 20:35:03.107134,Tokyo-cd14,-22,2,Normal
2026-02-16 20:35:04.107134,Tokyo-cd14,22,42,Normal
2026-02-16 20:35:05.107134,Tokyo-cd14,50,90,Normal
2026-02-16 20:35:06.107134,Tokyo-cd14,25,38,Normal
2026-02-16 20:35:07.107134,Tokyo-cd14,41,66,Normal
2026-02-16 20:35:08.107134,Tokyo-cd14,37,9,Normal
2026-02-16 20:35:09.107134,Tokyo-cd14,48,30,Normal
2026-02-16 20:35:10.107134,Tokyo-cd14,44,14,Normal
2026-02-16 20:35:11.107134,Tokyo-cd14,21,98,Normal
2026-02-16 20:35:12.107134,Tokyo-cd14,35,41,Normal
2026-02-16 20:35:13.107134,Tokyo-cd14,16,91,Normal
2026-02-16 20:35:14.107134,Tokyo-cd14,-15,92,Normal
2026-02-16 20:35:15.107134,Tokyo-cd14,3,39,Normal
2026-02-16 20:35:16.107134,Tokyo-cd14,14,44,Normal
2026-02-16 20:35:17.107134,Tokyo-cd14,27,88,Normal
2026-02-16 20:35:18.107134,Tokyo-cd14,21,72,Normal
2026-02-16 20:35:19.107134,Tokyo-cd14,-7,27,Normal
2026-02-16 20:35:20.107134,Tokyo-cd14,18,46,Normal
2026-02-16 20:35:21.107134,Tokyo-cd14,-27,41,Normal
2026-02-16 20:35:22.107134,Tokyo-cd14,-7,22,Normal
2026-02-16 20:35:23.107134,Tokyo-cd14,-20,84,Normal
2026-02-16 20:35:24.107134,Tokyo-cd14,21,95,Normal
2026-02-16 20:35:25.107134,Tokyo-cd14,18,59,Normal
2026-02-16 20:35:26.107134,Tokyo-cd14,27,70,Normal
2026-02-16 20:35:27.107134,Tokyo-cd14,12,34,Normal
2026-02-16 20:35:28.107134,Tokyo-cd14,32,78,Normal
2026-02-16 20:35:29.107134,Tokyo-cd14,39,35,Normal
2026-02-16 20:35:30.107134,Tokyo-cd14,6,4,Normal
2026-02-16 20:35:31.107134,Tokyo-cd14,-27,80,Normal
2026-02-16 20:35:32.107134,Tokyo-cd14,35,37,Normal
2026-02-16 20:35:33.107134,Tokyo-cd14,40,42,Normal
2026-02-16 20:35:34.107134,Tokyo-cd14,-26,2,Normal
2026-02-16 20:35:35.107134,Tokyo-cd14,7,28,Normal
2026-02-16 20:35:36.107134,Tokyo-cd14,-5,4,Normal
2026-02-16 20:35:37.107134,Tokyo-cd14,-9,11,Normal
2026-02-16 20:35:38.107134,Tokyo-cd14,18,79,Normal
2026-02-16 20:35:39.107134,Tokyo-cd14,18,82,Normal
2026-02-16 20:35:40.107134,Tokyo-cd14,50,11,Normal
2026-02-16 20:35:41.107134,Tokyo-cd14,22,8,Normal
2026-02-16 20:35:42.107134,Tokyo-cd14,-26,51,Normal
2026-02-16 20:35:43.107134,Tokyo-cd14,-5,81,Normal
2026-02-16 20:35:44.107134,Tokyo-cd14,13,9,Normal
2026-02-16 20:35:45.107134,Tokyo-cd14,36,6,Normal
2026-02-16 20:35:46.107134,Tokyo-cd14,7,59,Normal
2026-02-16 20:35:47.107134,Tokyo-cd14,-4,56,Normal
2026-02-16 20:35:48.107134,Tokyo-cd14,46,32,Normal
2026-02-16 20:35:49.107134,Tokyo-cd14,19,17,Normal
2026-02-16 20:35:50.107134,Tokyo-cd14,31,30,Normal
2026-02-16 20:35:51.107134,Tokyo-cd14,-29,47,Normal
2026-02-16 20:35:52.107134,Tokyo-cd14,6,14,Normal
2026-02-16 20:35:53.107134,Tokyo-cd14,-18,4,Normal
2026-02-16 20:35:54.107134,Tokyo-cd14,2,6,Normal
2026-02-16 20:35:55.107134,Tokyo-cd14,-4,41,Normal
2026-02-16 20:35:56.107134,Tokyo-cd14,23,95,Normal
2026-02-16 20:35:57.107134,Tokyo-cd14,-29,42,Normal
2026-02-16 20:35:58.107134,Tokyo-cd14,11,84,Normal
2026-02-16 20:35:59.107134,Tokyo-cd14,-1,21,Normal
2026-02-16 20:36:00.107134,Tokyo-cd14,6,87,Normal
2026-02-16 20:36:01.107134,Tokyo-cd14,4,35,Normal
2026-02-16 20:36:02.107134,Tokyo-cd14,-18,10,Normal
2026-02-16 20:36:03.107134,Tokyo-cd14,8,92,Normal
2026-02-16 20:36:04.107134,Tokyo-cd14,21,82,Normal
2026-02-16 20:36:05.107134,Tokyo-cd14,-14,9,Normal
2026-02-16 20:36:06.107134,Tokyo-cd14,-8,50,Normal
2026-02-16 20:36:07.107134,Tokyo-cd14,19,74,Normal
2026-02-16 20:36:08.107134,Tokyo-cd14,-15,69,Normal
2026-02-16 20:36:09.107134,Tokyo-cd14,-14,81,Normal
2026-02-16 20:36:10.107134,Tokyo-cd14,6,81,Normal
2026-02-16 20:36:11.107134,Tokyo-cd14,-29,88,Normal
2026-02-16 20:36:12.107134,Tokyo-cd14,-29,11,Normal
2026-02-16 20:36:13.107134,Tokyo-cd14,-16,40,Normal
2026-02-16 20:36:14.107134,Tokyo-cd14,-23,33,Normal
2026-02-16 20:36:15.107134,Tokyo-cd14,40,100,Normal
2026-02-16 20:36:16.107134,Tokyo-cd14,0,75,Normal
2026-02-16 20:36:17.107134,Tokyo-cd14,-19,50,Normal
2026-02-16 20:36:18.107134,Tokyo-cd14,2,8,Normal
2026-02-16 20:36:19.107134,Tokyo-cd14,24,86,Normal
2026-02-16 20:36:20.107134,Tokyo-cd14,11,79,Normal
2026-02-16 20:36:21.107134,Tokyo-cd14,15,23,Normal
2026-02-16 20:36:22.107134,Tokyo-cd14,2,74,Normal
2026-02-16 20:36:23.107134,Tokyo-cd14,-29,77,Normal
2026-02-16 20:36:24.107134,Tokyo-cd14,-25,29,Normal
2026-02-16 20:36:25.107134,Tokyo-cd14,13,47,Normal
2026-02-16 20:36:26.107134,Tokyo-cd14,41,42,Normal
2026-02-16 20:36:27.107134,Tokyo-cd14,-21,42,Normal
2026-02-16 20:36:28.107134,Tokyo-cd14,-7,54,Normal
2026-02-16 20:36:29.107134,Tokyo-cd14,9,76,Normal
2026-02-16 20:36:30.107134,Tokyo-cd14,-10,27,Normal
2026-02-16 20:36:31.107134,Tokyo-cd14,47,30,Normal
2026-02-16 20:36:32.107134,Tokyo-cd14,-28,7,Normal
2026-02-16 20:36:33.107134,Tokyo-cd14,-14,1,Normal
2026-02-16 20:36:34.107134,Tokyo-cd14,4,21,Normal
2026-02-16 20:36:35.107134,Tokyo-cd14,-12,35,Normal
2026-02-16 20:36:36.107134,Tokyo-cd14,6,14,Normal
2026-02-16 20:36:37.107134,Tokyo-cd14,9,57,Normal
2026-02-16 20:36:38.107134,Tokyo-cd14,28,22,Normal
2026-02-16 20:36:39.107134,Tokyo-cd14,-23,15,Normal
2026-02-16 20:36:40.107134,Tokyo-cd14,3,100,Normal
2026-02-16 20:36:41.107134,Tokyo-cd14,-5,53,Normal
2026-02-16 20:36:42.107134,Tokyo-cd14,21,100,Normal
2026-02-16 20:36:43.107134,Tokyo-cd14,13,94,Normal
2026-02-16 20:36:44.107134,Tokyo-cd14,42,53,Normal
2026-02-16 20:36:45.107134,Tokyo-cd14,5,82,Normal
2026-02-16 20:36:46.107134,Tokyo-cd14,16,40,Normal
2026-02-16 20:36:47.107134,Tokyo-cd14,43,22,Normal
2026-02-16 20:36:48.107134,Tokyo-cd14,17,75,Normal
2026-02-16 20:36:49.107134,Tokyo-cd14,31,0,Normal
2026-02-16 20:36:50.107134,Tokyo-cd14,-1,42,Normal
2026-02-16 20:36:51.107134,Tokyo-cd14,-18,41,Normal
2026-02-16 20:36:52.107134,Tokyo-cd14,5,70,Normal
2026-02-16 20:36:53.107134,Tokyo-cd14,31,8,Normal
2026-02-16 20:36:54.107134,Tokyo-cd14,-11,27,Normal
2026-02-16 20:36:55.107134,Tokyo-cd14,-7,37,Normal
2026-02-16 20:36:56.107134,Tokyo-cd14,-30,74,Normal
2026-02-16 20:36:57.107134,Tokyo-cd14,44,49,Normal
2026-02-16 20:36:58.107134,Tokyo-cd14,35,90,Normal
2026-02-16 20:36:59.107134,Tokyo-cd14,22,22,Normal
2026-02-16 20:37:00.107134,Tokyo-cd14,33,12,Normal
2026-02-16 20:37:01.107134,Tokyo-cd14,-4,35,Normal
2026-02-16 20:37:02.107134,Tokyo-cd14,29,89,Normal
2026-02-16 20:37:03.107134,Tokyo-cd14,24,77,Normal
2026-02-16 20:37:04.107134,Tokyo-cd14,7,65,Normal
2026-02-16 20:37:05.107134,Tokyo-cd14,17,50,Normal
2026-02-16 20:37:06.107134,Tokyo-cd14,0,47,Normal
2026-02-16 20:37:07.107134,Tokyo-cd14,-3,63,Normal
2026-02-16 20:37:08.107134,Tokyo-cd14,31,25,Normal
2026-02-16 20:37:09.107134,Tokyo-cd14,32,91,Normal
2026-02-16 20:37:10.107134,Tokyo-cd14,-29,23,Normal
2026-02-16 20:37:11.107134,Tokyo-cd14,-6,30,Normal
2026-02-16 20:37:12.107134,Tokyo-cd14,48,83,Normal
2026-02-16 20:37:13.107134,Tokyo-cd14,16,93,Normal
2026-02-16 20:37:14.107134,Tokyo-cd14,13,13,Normal
2026-02-16 20:37:15.107134,Tokyo-cd14,-28,18,Normal
2026-02-16 20:37:16.107134,Tokyo-cd14,33,39,Normal
2026-02-16 20:37:17.107134,Tokyo-cd14,30,38,Normal
2026-02-16 20:37:18.107134,Tokyo-cd14,-12,67,Normal
2026-02-16 20:37:19.107134,Tokyo-cd14,15,86,Normal
2026-02-16 20:37:20.107134,Tokyo-cd14,-17,81,Normal
2026-02-16 20:37:21.107134,Tokyo-cd14,46,40,Normal
2026-02-16 20:37:22.107134,Tokyo-cd14,40,37,Normal
2026-02-16 20:37:23.107134,Tokyo-cd14,35,70,Normal
2026-02-16 20:37:24.107134,Tokyo-cd14,3,45,Normal
2026-02-16 20:37:25.107134,Tokyo-cd14,-7,34,Normal
2026-02-16 20:37:26.107134,Tokyo-cd14,44,1,Normal
2026-02-16 20:37:27.107134,Tokyo-cd14,17,0,Normal
2026-02-16 20:37:28.107134,Tokyo-cd14,35,92,Normal
2026-02-16 20:37:29.107134,Tokyo-cd14,12,47,Normal
2026-02-16 20:37:30.107134,Tokyo-cd14,-3,38,Normal
2026-02-16 20:37:31.107134,Tokyo-cd14,8,93,Normal
2026-02-16 20:37:32.107134,Tokyo-cd14,26,44,Normal
2026-02-16 20:37:33.107134,Tokyo-cd14,4,53,Normal
2026-02-16 20:37:34.107134,Tokyo-cd14,13,79,Normal
2026-02-16 20:37:35.107134,Tokyo-cd14,25,47,Normal
2026-02-16 20:37:36.107134,Tokyo-cd14,36,11,Normal
2026-02-16 20:37:37.107134,Tokyo-cd14,7,2,Normal
2026-02-16 20:37:38.107134,Tokyo-cd14,46,59,Normal
2026-02-16 20:37:39.107134,Tokyo-cd14,24,69,Normal
2026-02-16 20:37:40.107134,Tokyo-cd14,11,76,Normal
2026-02-16 20:37:41.107134,Tokyo-cd14,15,40,Normal
2026-02-16 20:37:42.107134,Tokyo-cd14,-10,33,Normal
2026-02-16 20:37:43.107134,Tokyo-cd14,-13,19,Normal
2026-02-16 20:37:44.107134,Tokyo-cd14,-15,93,Normal
2026-02-16 20:37:45.107134,Tokyo-cd14,-19,52,Normal
2026-02-16 20:37:46.107134,Tokyo-cd14,-14,68,Normal
2026-02-16 20:37:47.107134,Tokyo-cd14,39,69,Normal
2026-02-16 20:37:48.107134,Tokyo-cd14,41,97,Normal
2026-02-16 20:37:49.107134,Tokyo-cd14,-30,54,Normal
2026-02-16 20:37:50.107134,Tokyo-cd14,-17,59,Normal
2026-02-16 20:37:51.107134,Tokyo-cd14,-13,85,Normal
2026-02-16 20:37:52.107134,Tokyo-cd14,24,54,Normal
2026-02-16 20:37:53.107134,Tokyo-cd14,-20,26,Normal
2026-02-16 20:37:54.107134,Tokyo-cd14,33,86,Normal
2026-02-16 20:37:55.107134,Tokyo-cd14,-30,52,Normal
2026-02-16 20:37:56.107134,Tokyo-cd14,45,59,Normal
2026-02-16 20:37:57.107134,Tokyo-cd14,6,58,Normal
2026-02-16 20:37:58.107134,Tokyo-cd14,43,62,Normal
2026-02-16 20:37:59.107134,Tokyo-cd14,20,17,Normal
2026-02-16 20:38:00.107134,Tokyo-cd14,-11,72,Normal
2026-02-16 20:38:01.107134,Tokyo-cd14,41,88,Normal
2026-02-16 20:38:02.107134,Tokyo-cd14,29,18,Normal
2026-02-16 20:38:03.107134,Tokyo-cd14,5,82,Normal
2026-02-16 20:38:04.107134,Tokyo-cd14,7,88,Normal
2026-02-16 20:38:05.107134,Tokyo-cd14,12,52,Normal
2026-02-16 20:38:06.107134,Tokyo-cd14,40,91,Normal
2026-02-16 20:38:07.107134,Tokyo-cd14,17,90,Normal
2026-02-16 20:38:08.107134,Tokyo-cd14,3,8,Normal
2026-02-16 20:38:09.107134,Tokyo-cd14,13,20,Normal
2026-02-16 20:38:10.107134,Tokyo-cd14,-30,68,Normal
2026-02-16 20:38:11.107134,Tokyo-cd14,17,90,Normal
2026-02-16 20:38:12.107134,Tokyo-cd14,22,57,Normal
2026-02-16 20:38:13.107134,Tokyo-cd14,24,49,Normal
2026-02-16 20:38:14.107134,Tokyo-cd14,-11,63,Normal
2026-02-16 20:38:15.107134,Tokyo-cd14,16,57,Normal
2026-02-16 20:38:16.107134,Tokyo-cd14,-7,83,Normal
2026-02-16 20:38:17.107134,Tokyo-cd14,35,56,Normal
2026-02-16 20:38:18.107134,Tokyo-cd14,23,19,Normal
2026-02-16 20:38:19.107134,Tokyo-cd14,49,39,Normal
2026-02-16 20:38:20.107134,Tokyo-cd14,19,1,Normal
2026-02-16 20:38:21.107134,Tokyo-cd14,-2,69,Normal
2026-02-16 20:38:22.107134,Tokyo-cd14,16,77,Normal
2026-02-16 20:38:23.107134,Tokyo-cd14,-10,70,Normal
2026-02-16 20:38:24.107134,Tokyo-cd14,29,36,Normal
2026-02-16 20:38:25.107134,Tokyo-cd14,25,41,Normal
2026-02-16 20:38:26.107134,Tokyo-cd14,41,32,Normal
2026-02-16 20:38:27.107134,Tokyo-cd14,21,75,Normal
2026-02-16 20:38:28.107134,Tokyo-cd14,39,50,Normal
2026-02-16 20:38:29.107134,Tokyo-cd14,36,7,Normal
2026-02-16 20:38:30.107134,Tokyo-cd14,13,89,Normal
2026-02-16 20:38:31.107134,Tokyo-cd14,45,30,Normal
2026-02-16 20:38:32.107134,Tokyo-cd14,1,33,Normal
2026-02-16 20:38:33.107134,Tokyo-cd14,31,65,Normal
2026-02-16 20:38:34.107134,Tokyo-cd14,44,27,Normal
2026-02-16 20:38:35.107134,Tokyo-cd14,16,4,Normal
2026-02-16 20:38:36.107134,Tokyo-cd14,30,53,Normal
2026-02-16 20:38:37.107134,Tokyo-cd14,-17,57,Normal
2026-02-16 20:38:38.107134,Tokyo-cd14,20,12,Normal
2026-02-16 20:38:39.107134,Tokyo-cd14,4,77,Normal
2026-02-16 20:38:40.107134,Tokyo-cd14,-10,9,Normal
2026-02-16 20:38:41.107134,Tokyo-cd14,-2,28,Normal
2026-02-16 20:38:42.107134,Tokyo-cd14,7,39,Normal
2026-02-16 20:38:43.107134,Tokyo-cd14,34,18,Normal
2026-02-16 20:38:44.107134,Tokyo-cd14,45,61,Normal
2026-02-16 20:38:45.107134,Tokyo-cd14,6,80,Normal
2026-02-16 20:38:46.107134,Tokyo-cd14,40,99,Normal
2026-02-16 20:38:47.107134,Tokyo-cd14,-5,11,Normal
2026-02-16 20:38:48.107134,Tokyo-cd14,2,17,Normal
2026-02-16 20:38:49.107134,Tokyo-cd14,-26,98,Normal
2026-02-16 20:38:50.107134,Tokyo-cd14,-2,42,Normal
2026-02-16 20:38:51.107134,Tokyo-cd14,20,96,Normal
2026-02-16 20:38:52.107134,Tokyo-cd14,-21,74,Normal
2026-02-16 20:38:53.107134,Tokyo-cd14,46,74,Normal
2026-02-16 20:38:54.107134,Tokyo-cd14,-10,50,Normal
2026-02-16 20:38:55.107134,Tokyo-cd14,44,73,Normal
2026-02-16 20:38:56.107134,Tokyo-cd14,12,81,Normal
2026-02-16 20:38:57.107134,Tokyo-cd14,23,28,Normal
2026-02-16 20:38:58.107134,Tokyo-cd14,21,9,Normal
2026-02-16 20:38:59.107134,Tokyo-cd14,48,36,Normal
2026-02-16 20:39:00.107134,Tokyo-cd14,10,58,Normal
2026-02-16 20:39:01.107134,Tokyo-cd14,12,78,Normal
2026-02-16 20:39:02.107134,Tokyo-cd14,19,92,Normal
2026-02-16 20:39:03.107134,Tokyo-cd14,32,99,Normal
2026-02-16 20:39:04.107134,Tokyo-cd14,14,37,Normal
2026-02-16 20:39:05.107134,Tokyo-cd14,-29,0,Normal
2026-02-16 20:39:06.107134,Tokyo-cd14,3,75,Normal
2026-02-16 20:39:07.107134,Tokyo-cd14,10,27,Normal
2026-02-16 20:39:08.107134,Tokyo-cd14,38,22,Normal
2026-02-16 20:39:09.107134,Tokyo-cd14,15,59,Normal
2026-02-16 20:39:10.107134,Tokyo-cd14,-4,18,Normal
2026-02-16 20:39:11.107134,Tokyo-cd14,-23,34,Normal
2026-02-16 20:39:12.107134,Tokyo-cd14,-12,66,Normal
2026-02-16 20:39:13.107134,Tokyo-cd14,11,42,Normal
2026-02-16 20:39:14.107134,Tokyo-cd14,3,31,Normal
2026-02-16 20:39:15.107134,Tokyo-cd14,25,70,Normal
2026-02-16 20:39:16.107134,Tokyo-cd14,34,83,Normal
2026-02-16 20:39:17.107134,Tokyo-cd14,-19,72,Normal
2026-02-16 20:39:18.107134,Tokyo-cd14,26,39,Normal
2026-02-16 20:39:19.107134,Tokyo-cd14,-16,55,Normal
2026-02-16 20:39:20.107134,Tokyo-cd14,31,53,Normal
2026-02-16 20:39:21.107134,Tokyo-cd14,24,62,Normal
2026-02-16 20:39:22.107134,Tokyo-cd14,-25,47,Normal
2026-02-16 20:39:23.107134,Tokyo-cd14,-11,72,Normal
2026-02-16 20:39:24.107134,Tokyo-cd14,6,2,Normal
2026-02-16 20:39:25.107134,Tokyo-cd14,48,41,Normal
2026-02-16 20:39:26.107134,Tokyo-cd14,13,50,Normal
2026-02-16 20:39:27.107134,Tokyo-cd14,0,10,Normal
2026-02-16 20:39:28.107134,Tokyo-cd14,40,5,Normal
2026-02-16 20:39:29.107134,Tokyo-cd14,-16,26,Normal
2026-02-16 20:39:30.107134,Tokyo-cd14,40,92,Normal
2026-02-16 20:39:31.107134,Tokyo-cd14,33,47,Normal
2026-02-16 20:39:32.107134,Tokyo-cd14,-17,73,Normal
2026-02-16 20:39:33.107134,Tokyo-cd14,32,20,Normal
2026-02-16 20:39:34.107134,Tokyo-cd14,17,46,Normal
2026-02-16 20:39:35.107134,Tokyo-cd14,-2,88,Normal
2026-02-16 20:39:36.107134,Tokyo-cd14,-23,32,Normal
2026-02-16 20:39:37.107134,Tokyo-cd14,-26,1,Normal
2026-02-16 20:39:38.107134,Tokyo-cd14,14,50,Normal
2026-02-16 20:39:39.107134,Tokyo-cd14,6,13,Normal
2026-02-16 20:39:40.107134,Tokyo-cd14,31,77,Normal
2026-02-16 20:39:41.107134,Tokyo-cd14,5,53,Normal
2026-02-16 20:39:42.107134,Tokyo-cd14,31,72,Normal
2026-02-16 20:39:43.107134,Tokyo-cd14,17,73,Normal
2026-02-16 20:39:44.107134,Tokyo-cd14,2,92,Normal
2026-02-16 20:39:45.107134,Tokyo-cd14,-1,24,Normal
2026-02-16 20:39:46.107134,Tokyo-cd14,-28,58,Normal
2026-02-16 20:39:47.107134,Tokyo-cd14,-2,73,Normal
2026-02-16 20:39:48.107134,Tokyo-cd14,47,52,Normal
2026-02-16 20:39:49.107134,Tokyo-cd14,20,88,Normal
2026-02-16 20:39:50.107134,Tokyo-cd14,37,14,Normal
2026-02-16 20:39:51.107134,Tokyo-cd14,16,47,Normal
2026-02-16 20:39:52.107134,Tokyo-cd14,-8,49,Normal
2026-02-16 20:39:53.107134,Tokyo-cd14,26,59,Normal
2026-02-16 20:39:54.107134,Tokyo-cd14,20,78,Normal
2026-02-16 20:39:55.107134,Tokyo-cd14,25,46,Normal
2026-02-16 20:39:56.107134,Tokyo-cd14,28,71,Normal
2026-02-16 20:39:57.107134,Tokyo-cd14,8,65,Normal
2026-02-16 20:39:58.107134,Tokyo-cd14,7,51,Normal
2026-02-16 20:39:59.107134,Tokyo-cd14,-19,48,Normal
2026-02-16 20:40:00.107134,Tokyo-cd14,19,44,Normal
2026-02-16 20:40:01.107134,Tokyo-cd14,22,26,Normal
2026-02-16 20:40:02.107134,Tokyo-cd14,-20,93,Normal
2026-02-16 20:40:03.107134,Tokyo-cd14,-5,34,Normal
2026-02-16 20:40:04.107134,Tokyo-cd14,-29,42,Normal
2026-02-16 20:40:05.107134,Tokyo-cd14,16,20,Normal
2026-02-16 20:40:06.107134,Tokyo-cd14,-16,97,Normal
2026-02-16 20:40:07.107134,Tokyo-cd14,-11,69,Normal
2026-02-16 20:40:08.107134,Tokyo-cd14,-1,17,Normal
2026-02-16 20:40:09.107134,Tokyo-cd14,17,16,Normal
2026-02-16 20:40:10.107134,Tokyo-cd14,-24,0,Normal
2026-02-16 20:40:11.107134,Tokyo-cd14,-23,69,Normal
2026-02-16 20:40:12.107134,Tokyo-cd14,23,46,Normal
2026-02-16 20:40:13.107134,Tokyo-cd14,-28,74,Normal
2026-02-16 20:40:14.107134,Tokyo-cd14,-9,54,Normal
2026-02-16 20:40:15.107134,Tokyo-cd14,-17,29,Normal
2026-02-16 20:40:16.107134,Tokyo-cd14,21,65,Normal
2026-02-16 20:40:17.107134,Tokyo-cd14,19,38,Normal
2026-02-16 20:40:18.107134,Tokyo-cd14,46,13,Normal
2026-02-16 20:40:19.107134,Tokyo-cd14,-6,55,Normal
2026-02-16 20:40:20.107134,Tokyo-cd14,49,80,Normal
2026-02-16 20:40:21.107134,Tokyo-cd14,-14,32,Normal
2026-02-16 20:40:22.107134,Tokyo-cd14,-11,69,Normal
2026-02-16 20:40:23.107134,Tokyo-cd14,-16,15,Normal
2026-02-16 20:40:24.107134,Tokyo-cd14,-17,37,Normal
2026-02-16 20:40:25.107134,Tokyo-cd14,-22,96,Normal
2026-02-16 20:40:26.107134,Tokyo-cd14,-30,33,Normal
2026-02-16 20:40:27.107134,Tokyo-cd14,-15,20,Normal
2026-02-16 20:40:28.107134,Tokyo-cd14,42,77,Normal
2026-02-16 20:40:29.107134,Tokyo-cd14,-12,27,Normal
2026-02-16 20:40:30.107134,Tokyo-cd14,15,14,Normal
2026-02-16 20:40:31.107134,Tokyo-cd14,41,14,Normal
2026-02-16 20:40:32.107134,Tokyo-cd14,28,51,Normal
2026-02-16 20:40:33.107134,Tokyo-cd14,-12,33,Normal
2026-02-16 20:40:34.107134,Tokyo-cd14,-4,44,Normal
2026-02-16 20:40:35.107134,Tokyo-cd14,-12,7,Normal
2026-02-16 20:40:36.107134,Tokyo-cd14,-6,57,Normal
2026-02-16 20:40:37.107134,Tokyo-cd14,-15,66,Normal
2026-02-16 20:40:38.107134,Tokyo-cd14,-23,10,Normal
2026-02-16 20:40:39.107134,Tokyo-cd14,31,5,Normal
2026-02-16 20:40:40.107134,Tokyo-cd14,3,2,Normal
2026-02-16 20:40:41.107134,Tokyo-cd14,-20,12,Normal
2026-02-16 20:40:42.107134,Tokyo-cd14,40,25,Normal
2026-02-16 20:40:43.107134,Tokyo-cd14,-6,66,Normal
2026-02-16 20:40:44.107134,Tokyo-cd14,24,5,Normal
2026-02-16 20:40:45.107134,Tokyo-cd14,-5,95,Normal
2026-02-16 20:40:46.107134,Tokyo-cd14,29,96,Normal
2026-02-16 20:40:47.107134,Tokyo-cd14,3,53,Normal
2026-02-16 20:40:48.107134,Tokyo-cd14,-14,32,Normal
2026-02-16 20:40:49.107134,Tokyo-cd14,16,82,Normal
2026-02-16 20:40:50.107134,Tokyo-cd14,26,87,Normal
2026-02-16 20:40:51.107134,Tokyo-cd14,29,27,Normal
2026-02-16 20:40:52.107134,Tokyo-cd14,-22,5,Normal
2026-02-16 20:40:53.107134,Tokyo-cd14,-25,65,Normal
2026-02-16 20:40:54.107134,Tokyo-cd14,-10,100,Normal
2026-02-16 20:40:55.107134,Tokyo-cd14,-6,8,Normal
2026-02-16 20:40:56.107134,Tokyo-cd14,16,80,Normal
2026-02-16 20:40:57.107134,Tokyo-cd14,26,52,Normal
2026-02-16 20:40:58.107134,Tokyo-cd14,-13,29,Normal
2026-02-16 20:40:59.107134,Tokyo-cd14,43,87,Normal
2026-02-16 20:41:00.107134,Tokyo-cd14,-6,52,Normal
2026-02-16 20:41:01.107134,Tokyo-cd14,27,89,Normal
2026-02-16 20:41:02.107134,Tokyo-cd14,11,35,Normal
2026-02-16 20:41:03.107134,Tokyo-cd14,-26,80,Normal
2026-02-16 20:41:04.107134,Tokyo-cd14,6,12,Normal
2026-02-16 20:41:05.107134,Tokyo-cd14,-2,87,Normal
2026-02-16 20:41:06.107134,Tokyo-cd14,27,20,Normal
2026-02-16 20:41:07.107134,Tokyo-cd14,20,13,Normal
2026-02-16 20:41:08.107134,Tokyo-cd14,9,71,Normal
2026-02-16 20:41:09.107134,Tokyo-cd14,3,73,Normal
2026-02-16 20:41:10.107134,Tokyo-cd14,30,4,Normal
2026-02-16 20:41:11.107134,Tokyo-cd14,25,38,Normal
2026-02-16 20:41:12.107134,Tokyo-cd14,4,64,Normal
2026-02-16 20:41:13.107134,Tokyo-cd14,-5,88,Normal
2026-02-16 20:41:14.107134,Tokyo-cd14,-18,1,Normal
2026-02-16 20:41:15.107134,Tokyo-cd14,-7,90,Normal
2026-02-16 20:41:16.107134,Tokyo-cd14,38,23,Normal
2026-02-16 20:41:17.107134,Tokyo-cd14,-30,56,Normal
2026-02-16 20:41:18.107134,Tokyo-cd14,47,78,Normal
2026-02-16 20:41:19.107134,Tokyo-cd14,2,64,Normal
2026-02-16 20:41:20.107134,Tokyo-cd14,0,78,Normal
2026-02-16 20:41:21.107134,Tokyo-cd14,-24,56,Normal
2026-02-16 20:41:22.107134,Tokyo-cd14,23,98,Normal
2026-02-16 20:41:23.107134,Tokyo-cd14,50,28,Normal
2026-02-16 20:41:24.107134,Tokyo-cd14,10,55,Normal
2026-02-16 20:41:25.107134,Tokyo-cd14,28,91,Normal
2026-02-16 20:41:26.107134,Tokyo-cd14,-20,87,Normal
2026-02-16 20:41:27.107134,Tokyo-cd14,25,82,Normal
2026-02-16 20:41:28.107134,Tokyo-cd14,30,35,Normal
2026-02-16 20:41:29.107134,Tokyo-cd14,34,91,Normal
2026-02-16 20:41:30.107134,Tokyo-cd14,23,0,Normal
2026-02-16 20:41:31.107134,Tokyo-cd14,21,69,Normal
2026-02-16 20:41:32.107134,Tokyo-cd14,8,52,Normal
2026-02-16 20:41:33.107134,Tokyo-cd14,39,93,Normal
2026-02-16 20:41:34.107134,Tokyo-cd14,18,78,Normal
2026-02-16 20:41:35.107134,Tokyo-cd14,7,80,Normal
2026-02-16 20:41:36.107134,Tokyo-cd14,49,44,Normal
2026-02-16 20:41:37.107134,Tokyo-cd14,-21,25,Normal
2026-02-16 20:41:38.107134,Tokyo-cd14,-2,0,Normal
2026-02-16 20:41:39.107134,Tokyo-cd14,-24,65,Normal
2026-02-16 20:41:40.107134,Tokyo-cd14,20,64,Normal
2026-02-16 20:41:41.107134,Tokyo-cd14,16,48,Normal
2026-02-16 20:41:42.107134,Tokyo-cd14,26,50,Normal
2026-02-16 20:41:43.107134,Tokyo-cd14,8,73,Normal
2026-02-16 20:41:44.107134,Tokyo-cd14,-5,64,Normal
2026-02-16 20:41:45.107134,Tokyo-cd14,25,14,Normal
2026-02-16 20:41:46.107134,Tokyo-cd14,37,21,Normal
2026-02-16 20:41:47.107134,Tokyo-cd14,-27,36,Normal
2026-02-16 20:41:48.107134,Tokyo-cd14,31,51,Normal
2026-02-16 20:41:49.107134,Tokyo-cd14,-4,51,Normal
2026-02-16 20:41:50.107134,Tokyo-cd14,-28,1,Normal
2026-02-16 20:41:51.107134,Tokyo-cd14,-17,6,Normal
2026-02-16 20:41:52.107134,Tokyo-cd14,27,46,Normal
2026-02-16 20:41:53.107134,Tokyo-cd14,20,18,Normal
2026-02-16 20:41:54.107134,Tokyo-cd14,5,13,Normal
2026-02-16 20:41:55.107134,Tokyo-cd14,2,4,Normal
2026-02-16 20:41:56.107134,Tokyo-cd14,-20,10,Normal
2026-02-16 20:41:57.107134,Tokyo-cd14,-7,99,Normal
2026-02-16 20:41:58.107134,Tokyo-cd14,-26,74,Normal
2026-02-16 20:41:59.107134,Tokyo-cd14,40,19,Normal
2026-02-16 20:42:00.107134,Tokyo-cd14,-13,37,Normal
2026-02-16 20:42:01.107134,Tokyo-cd14,19,85,Normal
2026-02-16 20:42:02.107134,Tokyo-cd14,-4,53,Normal
2026-02-16 20:42:03.107134,Tokyo-cd14,-7,100,Normal
2026-02-16 20:42:04.107134,Tokyo-cd14,27,90,Normal
2026-02-16 20:42:05.107134,Tokyo-cd14,47,61,Normal
2026-02-16 20:42:06.107134,Tokyo-cd14,2,66,Normal
2026-02-16 20:42:07.107134,Tokyo-cd14,-6,82,Normal
2026-02-16 20:42:08.107134,Tokyo-cd14,17,10,Normal
2026-02-16 20:42:09.107134,Tokyo-cd14,-20,63,Normal
2026-02-16 20:42:10.107134,Tokyo-cd14,18,6,Normal
2026-02-16 20:42:11.107134,Tokyo-cd14,32,25,Normal
2026-02-16 20:42:12.107134,Tokyo-cd14,39,56,Normal
2026-02-16 20:42:13.107134,Tokyo-cd14,35,17,Normal
2026-02-16 20:42:14.107134,Tokyo-cd14,10,29,Normal
2026-02-16 20:42:15.107134,Tokyo-cd14,-22,33,Normal
2026-02-16 20:42:16.107134,Tokyo-cd14,32,82,Normal
2026-02-16 20:42:17.107134,Tokyo-cd14,33,44,Normal
2026-02-16 20:42:18.107134,Tokyo-cd14,-3,52,Normal
2026-02-16 20:42:19.107134,Tokyo-cd14,2,24,Normal
2026-02-16 20:42:20.107134,Tokyo-cd14,50,28,Normal
2026-02-16 20:42:21.107134,Tokyo-cd14,36,10,Normal
2026-02-16 20:42:22.107134,Tokyo-cd14,50,26,Normal
2026-02-16 20:42:23.107134,Tokyo-cd14,42,61,Normal
2026-02-16 20:42:24.107134,Tokyo-cd14,21,54,Normal
2026-02-16 20:42:25.107134,Tokyo-cd14,-1,98,Normal
2026-02-16 20:42:26.107134,Tokyo-cd14,-20,20,Normal
2026-02-16 20:42:27.107134,Tokyo-cd14,42,6,Normal
2026-02-16 20:42:28.107134,Tokyo-cd14,24,7,Normal
2026-02-16 20:42:29.107134,Tokyo-cd14,44,73,Normal
2026-02-16 20:42:30.107134,Tokyo-cd14,3,61,Normal
2026-02-16 20:42:31.107134,Tokyo-cd14,25,51,Normal
2026-02-16 20:42:32.107134,Tokyo-cd14,28,64,Normal
2026-02-16 20:42:33.107134,Tokyo-cd14,49,98,Normal
2026-02-16 20:42:34.107134,Tokyo-cd14,-27,100,Normal
2026-02-16 20:42:35.107134,Tokyo-cd14,23,62,Normal
2026-02-16 20:42:36.107134,Tokyo-cd14,46,98,Normal
2026-02-16 20:42:37.107134,Tokyo-cd14,3,96,Normal
2026-02-16 20:42:38.107134,Tokyo-cd14,-13,45,Normal
2026-02-16 20:42:39.107134,Tokyo-cd14,-15,14,Normal
2026-02-16 20:42:40.107134,Tokyo-cd14,20,98,Normal
2026-02-16 20:42:41.107134,Tokyo-cd14,-6,89,Normal
2026-02-16 20:42:42.107134,Tokyo-cd14,32,51,Normal
2026-02-16 20:42:43.107134,Tokyo-cd14,36,53,Normal
2026-02-16 20:42:44.107134,Tokyo-cd14,24,61,Normal
2026-02-16 20:42:45.107134,Tokyo-cd14,17,5,Normal
2026-02-16 20:42:46.107134,Tokyo-cd14,47,72,Normal
2026-02-16 20:42:47.107134,Tokyo-cd14,41,27,Normal
2026-02-16 20:42:48.107134,Tokyo-cd14,48,96,Normal
2026-02-16 20:42:49.107134,Tokyo-cd14,45,65,Normal
2026-02-16 20:42:50.107134,Tokyo-cd14,10,73,Normal
2026-02-16 20:42:51.107134,Tokyo-cd14,7,39,Normal
2026-02-16 20:42:52.107134,Tokyo-cd14,-21,96,Normal
2026-02-16 20:42:53.107134,Tokyo-cd14,6,65,Normal
2026-02-16 20:42:54.107134,Tokyo-cd14,-16,29,Normal
2026-02-16 20:42:55.107134,Tokyo-cd14,-29,5,Normal
2026-02-16 20:42:56.107134,Tokyo-cd14,-26,29,Normal
2026-02-16 20:42:57.107134,Tokyo-cd14,-19,87,Normal
2026-02-16 20:42:58.107134,Tokyo-cd14,29,59,Normal
2026-02-16 20:42:59.107134,Tokyo-cd14,-19,87,Normal
2026-02-16 20:43:00.107134,Tokyo-cd14,28,20,Normal
2026-02-16 20:43:01.107134,Tokyo-cd14,28,81,Normal
2026-02-16 20:43:02.107134,Tokyo-cd14,40,17,Normal
2026-02-16 20:43:03.107134,Tokyo-cd14,-10,62,Normal
2026-02-16 20:43:04.107134,Tokyo-cd14,-22,49,Normal
2026-02-16 20:43:05.107134,Tokyo-cd14,-23,52,Normal
2026-02-16 20:43:06.107134,Tokyo-cd14,7,5,Normal
2026-02-16 20:43:07.107134,Tokyo-cd14,24,7,Normal
2026-02-16 20:43:08.107134,Tokyo-cd14,37,47,Normal
2026-02-16 20:43:09.107134,Tokyo-cd14,-1,94,Normal
2026-02-16 20:43:10.107134,Tokyo-cd14,2,3,Normal
2026-02-16 20:43:11.107134,Tokyo-cd14,18,2,Normal
2026-02-16 20:43:12.107134,Tokyo-cd14,-24,27,Normal
2026-02-16 20:43:13.107134,Tokyo-cd14,14,62,Normal
2026-02-16 20:43:14.107134,Tokyo-cd14,-12,38,Normal
2026-02-16 20:43:15.107134,Tokyo-cd14,-24,47,Normal
2026-02-16 20:43:16.107134,Tokyo-cd14,16,34,Normal
2026-02-16 20:43:17.107134,Tokyo-cd14,-19,26,Normal
2026-02-16 20:43:18.107134,Tokyo-cd14,20,44,Normal
2026-02-16 20:43:19.107134,Tokyo-cd14,17,37,Normal
2026-02-16 20:43:20.107134,Tokyo-cd14,9,74,Normal
2026-02-16 20:43:21.107134,Tokyo-cd14,12,90,Normal
2026-02-16 20:43:22.107134,Tokyo-cd14,6,30,Normal
2026-02-16 20:43:23.107134,Tokyo-cd14,-25,59,Normal
2026-02-16 20:43:24.107134,Tokyo-cd14,-27,31,Normal
2026-02-16 20:43:25.107134,Tokyo-cd14,48,4,Normal
2026-02-16 20:43:26.107134,Tokyo-cd14,25,82,Normal
2026-02-16 20:43:27.107134,Tokyo-cd14,24,76,Normal
2026-02-16 20:43:28.107134,Tokyo-cd14,-21,5,Normal
2026-02-16 20:43:29.107134,Tokyo-cd14,29,14,Normal
2026-02-16 20:43:30.107134,Tokyo-cd14,40,50,Normal
2026-02-16 20:43:31.107134,Tokyo-cd14,-15,96,Normal
2026-02-16 20:43:32.107134,Tokyo-cd14,3,11,Normal
2026-02-16 20:43:33.107134,Tokyo-cd14,44,52,Normal
2026-02-16 20:43:34.107134,Tokyo-cd14,39,41,Normal
2026-02-16 20:43:35.107134,Tokyo-cd14,49,25,Normal
2026-02-16 20:43:36.107134,Tokyo-cd14,-21,24,Normal
2026-02-16 20:43:37.107134,Tokyo-cd14,-27,63,Normal
2026-02-16 20:43:38.107134,Tokyo-cd14,45,11,Normal
2026-02-16 20:43:39.107134,Tokyo-cd14,47,27,Normal
2026-02-16 20:43:40.107134,Tokyo-cd14,0,37,Normal
2026-02-16 20:43:41.107134,Tokyo-cd14,-10,30,Normal
2026-02-16 20:43:42.107134,Tokyo-cd14,-27,31,Normal
2026-02-16 20:43:43.107134,Tokyo-cd14,9,44,Normal
2026-02-16 20:43:44.107134,Tokyo-cd14,37,86,Normal
2026-02-16 20:43:45.107134,Tokyo-cd14,9,36,Normal
2026-02-16 20:43:46.107134,Tokyo-cd14,-20,47,Normal
2026-02-16 20:43:47.107134,Tokyo-cd14,45,6,Normal
2026-02-16 20:43:48.107134,Tokyo-cd14,-26,57,Normal
2026-02-16 20:43:49.107134,Tokyo-cd14,11,54,Normal
2026-02-16 20:43:50.107134,Tokyo-cd14,27,78,Normal
2026-02-16 20:43:51.107134,Tokyo-cd14,7,77,Normal
2026-02-16 20:43:52.107134,Tokyo-cd14,11,34,Normal
2026-02-16 20:43:53.107134,Tokyo-cd14,-20,45,Normal
2026-02-16 20:43:54.107134,Tokyo-cd14,-24,96,Normal
2026-02-16 20:43:55.107134,Tokyo-cd14,-17,48,Normal
2026-02-16 20:43:56.107134,Tokyo-cd14,33,18,Normal
2026-02-16 20:43:57.107134,Tokyo-cd14,-24,36,Normal
2026-02-16 20:43:58.107134,Tokyo-cd14,-10,1,Normal
2026-02-16 20:43:59.107134,Tokyo-cd14,33,39,Normal
2026-02-16 20:44:00.107134,Tokyo-cd14,37,36,Normal
2026-02-16 20:44:01.107134,Tokyo-cd14,11,36,Normal
2026-02-16 20:44:02.107134,Tokyo-cd14,-15,40,Normal
2026-02-16 20:44:03.107134,Tokyo-cd14,-18,84,Normal
2026-02-16 20:44:04.107134,Tokyo-cd14,7,58,Normal
2026-02-16 20:44:05.107134,Tokyo-cd14,-21,62,Normal
2026-02-16 20:44:06.107134,Tokyo-cd14,-28,36,Normal
2026-02-16 20:44:07.107134,Tokyo-cd14,25,26,Normal
2026-02-16 20:44:08.107134,Tokyo-cd14,1,72,Normal
2026-02-16 20:44:09.107134,Tokyo-cd14,48,41,Normal
2026-02-16 20:44:10.107134,Tokyo-cd14,-15,100,Normal
2026-02-16 20:44:11.107134,Tokyo-cd14,-13,14,Normal
2026-02-16 20:44:12.107134,Tokyo-cd14,30,44,Normal
2026-02-16 20:44:13.107134,Tokyo-cd14,6,95,Normal
2026-02-16 20:44:14.107134,Tokyo-cd14,40,58,Normal
2026-02-16 20:44:15.107134,Tokyo-cd14,-2,68,Normal
2026-02-16 20:44:16.107134,Tokyo-cd14,9,86,Normal
2026-02-16 20:44:17.107134,Tokyo-cd14,-24,57,Normal
2026-02-16 20:44:18.107134,Tokyo-cd14,7,14,Normal
2026-02-16 20:44:19.107134,Tokyo-cd14,-8,43,Normal
2026-02-16 20:44:20.107134,Tokyo-cd14,-19,20,Normal
2026-02-16 20:44:21.107134,Tokyo-cd14,36,26,Normal
2026-02-16 20:44:22.107134,Tokyo-cd14,-22,29,Normal
2026-02-16 20:44:23.107134,Tokyo-cd14,31,61,Normal
2026-02-16 20:44:24.107134,Tokyo-cd14,-20,75,Normal
2026-02-16 20:44:25.107134,Tokyo-cd14,23,43,Normal
2026-02-16 20:44:26.107134,Tokyo-cd14,36,95,Normal
2026-02-16 20:44:27.107134,Tokyo-cd14,6,14,Normal
2026-02-16 20:44:28.107134,Tokyo-cd14,29,10,Normal
2026-02-16 20:44:29.107134,Tokyo-cd14,10,45,Normal
2026-02-16 20:44:30.107134,Tokyo-cd14,49,92,Normal
2026-02-16 20:44:31.107134,Tokyo-cd14,18,60,Normal
2026-02-16 20:44:32.107134,Tokyo-cd14,-7,80,Normal
2026-02-16 20:44:33.107134,Tokyo-cd14,31,13,Normal
2026-02-16 20:44:34.107134,Tokyo-cd14,38,14,Normal
2026-02-16 20:44:35.107134,Tokyo-cd14,-16,51,Normal
2026-02-16 20:44:36.107134,Tokyo-cd14,22,80,Normal
2026-02-16 20:44:37.107134,Tokyo-cd14,-1,2,Normal
2026-02-16 20:44:38.107134,Tokyo-cd14,-1,60,Normal
2026-02-16 20:44:39.107134,Tokyo-cd14,48,35,Normal
2026-02-16 20:44:40.107134,Tokyo-cd14,13,75,Normal
2026-02-16 20:44:41.107134,Tokyo-cd14,31,40,Normal
2026-02-16 20:44:42.107134,Tokyo-cd14,30,2,Normal
2026-02-16 20:44:43.107134,Tokyo-cd14,-29,31,Normal
2026-02-16 20:44:44.107134,Tokyo-cd14,-19,25,Normal
2026-02-16 20:44:45.107134,Tokyo-cd14,-26,69,Normal
2026-02-16 20:44:46.107134,Tokyo-cd14,-18,84,Normal
2026-02-16 20:44:47.107134,Tokyo-cd14,26,68,Normal
2026-02-16 20:44:48.107134,Tokyo-cd14,29,45,Normal
2026-02-16 20:44:49.107134,Tokyo-cd14,16,99,Normal
2026-02-16 20:44:50.107134,Tokyo-cd14,1,79,Normal
2026-02-16 20:44:51.107134,Tokyo-cd14,-29,43,Normal
2026-02-16 20:44:52.107134,Tokyo-cd14,-6,75,Normal
2026-02-16 20:44:53.107134,Tokyo-cd14,-26,81,Normal
2026-02-16 20:44:54.107134,Tokyo-cd14,-12,61,Normal
2026-02-16 20:44:55.107134,Tokyo-cd14,41,79,Normal
2026-02-16 20:44:56.107134,Tokyo-cd14,42,5,Normal
2026-02-16 20:44:57.107134,Tokyo-cd14,0,46,Normal
2026-02-16 20:44:58.107134,Tokyo-cd14,-10,51,Normal
2026-02-16 20:44:59.107134,Tokyo-cd14,19,57,Normal
2026-02-16 20:45:00.107134,Tokyo-cd14,25,87,Normal
2026-02-16 20:45:01.107134,Tokyo-cd14,-10,28,Normal
2026-02-16 20:45:02.107134,Tokyo-cd14,-22,56,Normal
2026-02-16 20:45:03.107134,Tokyo-cd14,-24,59,Normal
2026-02-16 20:45:04.107134,Tokyo-cd14,10,79,Normal
2026-02-16 20:45:05.107134,Tokyo-cd14,-13,88,Normal
2026-02-16 20:45:06.107134,Tokyo-cd14,-21,23,Normal
2026-02-16 20:45:07.107134,Tokyo-cd14,4,78,Normal
2026-02-16 20:45:08.107134,Tokyo-cd14,-12,35,Normal
2026-02-16 20:45:09.107134,Tokyo-cd14,43,51,Normal
2026-02-16 20:45:10.107134,Tokyo-cd14,35,95,Normal
2026-02-16 20:45:11.107134,Tokyo-cd14,39,73,Normal
2026-02-16 20:45:12.107134,Tokyo-cd14,-5,68,Normal
2026-02-16 20:45:13.107134,Tokyo-cd14,-1,66,Normal
2026-02-16 20:45:14.107134,Tokyo-cd14,32,39,Normal
2026-02-16 20:45:15.107134,Tokyo-cd14,31,75,Normal
2026-02-16 20:45:16.107134,Tokyo-cd14,-10,48,Normal
2026-02-16 20:45:17.107134,Tokyo-cd14,-19,8,Normal
2026-02-16 20:45:18.107134,Tokyo-cd14,10,89,Normal
2026-02-16 20:45:19.107134,Tokyo-cd14,-23,30,Normal
2026-02-16 20:45:20.107134,Tokyo-cd14,-5,86,Normal
2026-02-16 20:45:21.107134,Tokyo-cd14,33,10,Normal
2026-02-16 20:45:22.107134,Tokyo-cd14,-24,19,Normal
2026-02-16 20:45:23.107134,Tokyo-cd14,-20,34,Normal
2026-02-16 20:45:24.107134,Tokyo-cd14,21,96,Normal
2026-02-16 20:45:25.107134,Tokyo-cd14,-29,69,Normal
2026-02-16 20:45:26.107134,Tokyo-cd14,0,61,Normal
2026-02-16 20:45:27.107134,Tokyo-cd14,4,4,Normal
2026-02-16 20:45:28.107134,Tokyo-cd14,42,20,Normal
2026-02-16 20:45:29.107134,Tokyo-cd14,37,55,Normal
2026-02-16 20:45:30.107134,Tokyo-cd14,13,43,Normal
2026-02-16 20:45:31.107134,Tokyo-cd14,31,85,Normal
2026-02-16 20:45:32.107134,Tokyo-cd14,32,87,Normal
2026-02-16 20:45:33.107134,Tokyo-cd14,-9,37,Normal
2026-02-16 20:45:34.107134,Tokyo-cd14,12,3,Normal
2026-02-16 20:45:35.107134,Tokyo-cd14,-7,51,Normal
2026-02-16 20:45:36.107134,Tokyo-cd14,9,93,Normal
2026-02-16 20:45:37.107134,Tokyo-cd14,5,42,Normal
2026-02-16 20:45:38.107134,Tokyo-cd14,-28,26,Normal
2026-02-16 20:45:39.107134,Tokyo-cd14,11,72,Normal
2026-02-16 20:45:40.107134,Tokyo-cd14,37,40,Normal
2026-02-16 20:45:41.107134,Tokyo-cd14,15,85,Normal
2026-02-16 20:45:42.107134,Tokyo-cd14,5,25,Normal
2026-02-16 20:45:43.107134,Tokyo-cd14,-16,40,Normal
2026-02-16 20:45:44.107134,Tokyo-cd14,31,63,Normal
2026-02-16 20:45:45.107134,Tokyo-cd14,34,30,Normal
2026-02-16 20:45:46.107134,Tokyo-cd14,-19,49,Normal
2026-02-16 20:45:47.107134,Tokyo-cd14,5,61,Normal
2026-02-16 20:45:48.107134,Tokyo-cd14,9,38,Normal
2026-02-16 20:45:49.107134,Tokyo-cd14,22,50,Normal
2026-02-16 20:45:50.107134,Tokyo-cd14,-2,42,Normal
2026-02-16 20:45:51.107134,Tokyo-cd14,15,1,Normal
2026-02-16 20:45:52.107134,Tokyo-cd14,2,27,Normal
2026-02-16 20:45:53.107134,Tokyo-cd14,-26,100,Normal
2026-02-16 20:45:54.107134,Tokyo-cd14,33,30,Normal
2026-02-16 20:45:55.107134,Tokyo-cd14,19,68,Normal
2026-02-16 20:45:56.107134,Tokyo-cd14,26,75,Normal
2026-02-16 20:45:57.107134,Tokyo-cd14,-11,6,Normal
2026-02-16 20:45:58.107134,Tokyo-cd14,-7,52,Normal
2026-02-16 20:45:59.107134,Tokyo-cd14,39,51,Normal
2026-02-16 20:46:00.107134,Tokyo-cd14,14,76,Normal
2026-02-16 20:46:01.107134,Tokyo-cd14,-5,97,Normal
2026-02-16 20:46:02.107134,Tokyo-cd14,44,94,Normal
2026-02-16 20:46:03.107134,Tokyo-cd14,22,56,Normal
2026-02-16 20:46:04.107134,Tokyo-cd14,32,43,Normal
2026-02-16 20:46:05.107134,Tokyo-cd14,31,48,Normal
2026-02-16 20:46:06.107134,Tokyo-cd14,20,47,Normal
2026-02-16 20:46:07.107134,Tokyo-cd14,-12,95,Normal
2026-02-16 20:46:08.107134,Tokyo-cd14,-28,25,Normal
2026-02-16 20:46:09.107134,Tokyo-cd14,37,12,Normal
2026-02-16 20:46:10.107134,Tokyo-cd14,46,3,Normal
2026-02-16 20:46:11.107134,Tokyo-cd14,34,68,Normal
2026-02-16 20:46:12.107134,Tokyo-cd14,21,48,Normal
2026-02-16 20:46:13.107134,Tokyo-cd14,39,1,Normal
2026-02-16 20:46:14.107134,Tokyo-cd14,17,15,Normal
2026-02-16 20:46:15.107134,Tokyo-cd14,-28,45,Normal
2026-02-16 20:46:16.107134,Tokyo-cd14,-29,15,Normal
2026-02-16 20:46:17.107134,Tokyo-cd14,-21,39,Normal
2026-02-16 20:46:18.107134,Tokyo-cd14,-30,54,Normal
2026-02-16 20:46:19.107134,Tokyo-cd14,8,14,Normal
2026-02-16 20:46:20.107134,Tokyo-cd14,-17,4,Normal
2026-02-16 20:46:21.107134,Tokyo-cd14,32,0,Normal
2026-02-16 20:46:22.107134,Tokyo-cd14,-19,72,Normal
2026-02-16 20:46:23.107134,Tokyo-cd14,24,45,Normal
2026-02-16 20:46:24.107134,Tokyo-cd14,24,55,Normal
2026-02-16 20:46:25.107134,Tokyo-cd14,35,53,Normal
2026-02-16 20:46:26.107134,Tokyo-cd14,37,13,Normal
2026-02-16 20:46:27.107134,Tokyo-cd14,-16,86,Normal
2026-02-16 20:46:28.107134,Tokyo-cd14,10,48,Normal
2026-02-16 20:46:29.107134,Tokyo-cd14,-16,86,Normal
2026-02-16 20:46:30.107134,Tokyo-cd14,-2,94,Normal
2026-02-16 20:46:31.107134,Tokyo-cd14,27,97,Normal
2026-02-16 20:46:32.107134,Tokyo-cd14,39,42,Normal
2026-02-16 20:46:33.107134,Tokyo-cd14,-3,17,Normal
2026-02-16 20:46:34.107134,Tokyo-cd14,-12,95,Normal
2026-02-16 20:46:35.107134,Tokyo-cd14,13,66,Normal
2026-02-16 20:46:36.107134,Tokyo-cd14,1,2,Normal
2026-02-16 20:46:37.107134,Tokyo-cd14,6,7,Normal
2026-02-16 20:46:38.107134,Tokyo-cd14,26,74,Normal
2026-02-16 20:46:39.107134,Tokyo-cd14,4,50,Normal
2026-02-16 20:46:40.107134,Tokyo-cd14,27,70,Normal
2026-02-16 20:46:41.107134,Tokyo-cd14,-26,99,Normal
2026-02-16 20:46:42.107134,Tokyo-cd14,8,1,Normal
2026-02-16 20:46:43.107134,Tokyo-cd14,-20,28,Normal
2026-02-16 20:46:44.107134,Tokyo-cd14,38,19,Normal
2026-02-16 20:46:45.107134,Tokyo-cd14,18,21,Normal
2026-02-16 20:46:46.107134,Tokyo-cd14,31,32,Normal
2026-02-16 20:46:47.107134,Tokyo-cd14,-15,58,Normal
2026-02-16 20:46:48.107134,Tokyo-cd14,40,61,Normal
2026-02-16 20:46:49.107134,Tokyo-cd14,21,35,Normal
2026-02-16 20:46:50.107134,Tokyo-cd14,2,17,Normal
2026-02-16 20:46:51.107134,Tokyo-cd14,50,39,Normal
2026-02-16 20:46:52.107134,Tokyo-cd14,-18,99,Normal
2026-02-16 20:46:53.107134,Tokyo-cd14,45,94,Normal
2026-02-16 20:46:54.107134,Tokyo-cd14,-2,26,Normal
2026-02-16 20:46:55.107134,Tokyo-cd14,1,41,Normal
2026-02-16 20:46:56.107134,Tokyo-cd14,-29,65,Normal
2026-02-16 20:46:57.107134,Tokyo-cd14,-11,0,Normal
2026-02-16 20:46:58.107134,Tokyo-cd14,45,99,Normal
2026-02-16 20:46:59.107134,Tokyo-cd14,-21,27,Normal
2026-02-16 20:47:00.107134,Tokyo-cd14,26,86,Normal
2026-02-16 20:47:01.107134,Tokyo-cd14,39,57,Normal
2026-02-16 20:47:02.107134,Tokyo-cd14,43,9,Normal
2026-02-16 20:47:03.107134,Tokyo-cd14,41,87,Normal
2026-02-16 20:47:04.107134,Tokyo-cd14,32,79,Normal
2026-02-16 20:47:05.107134,Tokyo-cd14,37,90,Normal
2026-02-16 20:47:06.107134,Tokyo-cd14,21,54,Normal
2026-02-16 20:47:07.107134,Tokyo-cd14,32,45,Normal
2026-02-16 20:47:08.107134,Tokyo-cd14,43,66,Normal
2026-02-16 20:47:09.107134,Tokyo-cd14,13,17,Normal
2026-02-16 20:47:10.107134,Tokyo-cd14,-13,58,Normal
2026-02-16 20:47:11.107134,Tokyo-cd14,-23,24,Normal
2026-02-16 20:47:12.107134,Tokyo-cd14,-7,60,Normal
2026-02-16 20:47:13.107134,Tokyo-cd14,10,11,Normal
2026-02-16 20:47:14.107134,Tokyo-cd14,50,43,Normal
2026-02-16 20:47:15.107134,Tokyo-cd14,13,72,Normal
2026-02-16 20:47:16.107134,Tokyo-cd14,0,10,Normal
2026-02-16 20:47:17.107134,Tokyo-cd14,50,5,Normal
2026-02-16 20:47:18.107134,Tokyo-cd14,20,63,Normal
2026-02-16 20:47:19.107134,Tokyo-cd14,-5,32,Normal
2026-02-16 20:47:20.107134,Tokyo-cd14,20,4,Normal
2026-02-16 20:47:21.107134,Tokyo-cd14,14,42,Normal
2026-02-16 20:47:22.107134,Tokyo-cd14,10,53,Normal
2026-02-16 20:47:23.107134,Tokyo-cd14,-3,94,Normal
2026-02-16 20:47:24.107134,Tokyo-cd14,34,31,Normal
2026-02-16 20:47:25.107134,Tokyo-cd14,-14,65,Normal
2026-02-16 20:47:26.107134,Tokyo-cd14,48,12,Normal
2026-02-16 20:47:27.107134,Tokyo-cd14,-2,46,Normal
2026-02-16 20:47:28.107134,Tokyo-cd14,48,27,Normal
2026-02-16 20:47:29.107134,Tokyo-cd14,-7,48,Normal
2026-02-16 20:47:30.107134,Tokyo-cd14,13,24,Normal
2026-02-16 20:47:31.107134,Tokyo-cd14,16,3,Normal
2026-02-16 20:47:32.107134,Tokyo-cd14,-29,48,Normal
2026-02-16 20:47:33.107134,Tokyo-cd14,-24,40,Normal
2026-02-16 20:47:34.107134,Tokyo-cd14,23,40,Normal
2026-02-16 20:47:35.107134,Tokyo-cd14,-4,86,Normal
2026-02-16 20:47:36.107134,Tokyo-cd14,-2,57,Normal
2026-02-16 20:47:37.107134,Tokyo-cd14,3,21,Normal
2026-02-16 20:47:38.107134,Tokyo-cd14,-25,49,Normal
2026-02-16 20:47:39.107134,Tokyo-cd14,-14,93,Normal
2026-02-16 20:47:40.107134,Tokyo-cd14,0,94,Normal
2026-02-16 20:47:41.107134,Tokyo-cd14,45,20,Normal
2026-02-16 20:47:42.107134,Tokyo-cd14,-17,70,Normal
2026-02-16 20:47:43.107134,Tokyo-cd14,29,47,Normal
2026-02-16 20:47:44.107134,Tokyo-cd14,-6,53,Normal
2026-02-16 20:47:45.107134,Tokyo-cd14,19,100,Normal
2026-02-16 20:47:46.107134,Tokyo-cd14,16,62,Normal
2026-02-16 20:47:47.107134,Tokyo-cd14,28,23,Normal
2026-02-16 20:47:48.107134,Tokyo-cd14,7,23,Normal
2026-02-16 20:47:49.107134,Tokyo-cd14,-30,73,Normal
2026-02-16 20:47:50.107134,Tokyo-cd14,38,39,Normal
2026-02-16 20:47:51.107134,Tokyo-cd14,-18,28,Normal
2026-02-16 20:47:52.107134,Tokyo-cd14,-16,67,Normal
2026-02-16 20:47:53.107134,Tokyo-cd14,33,16,Normal
2026-02-16 20:47:54.107134,Tokyo-cd14,16,40,Normal
2026-02-16 20:47:55.107134,Tokyo-cd14,37,8,Normal
2026-02-16 20:47:56.107134,Tokyo-cd14,41,78,Normal
2026-02-16 20:47:57.107134,Tokyo-cd14,38,55,Normal
2026-02-16 20:47:58.107134,Tokyo-cd14,22,30,Normal
2026-02-16 20:47:59.107134,Tokyo-cd14,16,89,Normal
2026-02-16 20:48:00.107134,Tokyo-cd14,31,44,Normal
2026-02-16 20:48:01.107134,Tokyo-cd14,-26,60,Normal
2026-02-16 20:48:02.107134,Tokyo-cd14,38,95,Normal
2026-02-16 20:48:03.107134,Tokyo-cd14,35,52,Normal
2026-02-16 20:48:04.107134,Tokyo-cd14,-19,53,Normal
2026-02-16 20:48:05.107134,Tokyo-cd14,-20,49,Normal
2026-02-16 20:48:06.107134,Tokyo-cd14,20,88,Normal
2026-02-16 20:48:07.107134,Tokyo-cd14,15,52,Normal
2026-02-16 20:48:08.107134,Tokyo-cd14,43,96,Normal
2026-02-16 20:48:09.107134,Tokyo-cd14,14,33,Normal
2026-02-16 20:48:10.107134,Tokyo-cd14,-7,32,Normal
2026-02-16 20:48:11.107134,Tokyo-cd14,14,77,Normal
2026-02-16 20:48:12.107134,Tokyo-cd14,27,95,Normal
2026-02-16 20:48:13.107134,Tokyo-cd14,31,54,Normal
2026-02-16 20:48:14.107134,Tokyo-cd14,0,79,Normal
2026-02-16 20:48:15.107134,Tokyo-cd14,48,82,Normal
2026-02-16 20:48:16.107134,Tokyo-cd14,39,50,Normal
2026-02-16 20:48:17.107134,Tokyo-cd14,15,14,Normal
2026-02-16 20:48:18.107134,Tokyo-cd14,35,68,Normal
2026-02-16 20:48:19.107134,Tokyo-cd14,-22,13,Normal
2026-02-16 20:48:20.107134,Tokyo-cd14,-12,87,Normal
2026-02-16 20:48:21.107134,Tokyo-cd14,47,15,Normal
2026-02-16 20:48:22.107134,Tokyo-cd14,12,55,Normal
2026-02-16 20:48:23.107134,Tokyo-cd14,-3,84,Normal
2026-02-16 20:48:24.107134,Tokyo-cd14,41,94,Normal
2026-02-16 20:48:25.107134,Tokyo-cd14,1,9,Normal
2026-02-16 20:48:26.107134,Tokyo-cd14,49,44,Normal
2026-02-16 20:48:27.107134,Tokyo-cd14,34,73,Normal
2026-02-16 20:48:28.107134,Tokyo-cd14,16,54,Normal
2026-02-16 20:48:29.107134,Tokyo-cd14,20,10,Normal
2026-02-16 20:48:30.107134,Tokyo-cd14,25,82,Normal
2026-02-16 20:48:31.107134,Tokyo-cd14,-3,57,Normal
2026-02-16 20:48:32.107134,Tokyo-cd14,12,34,Normal
2026-02-16 20:48:33.107134,Tokyo-cd14,-27,88,Normal
2026-02-16 20:48:34.107134,Tokyo-cd14,4,52,Normal
2026-02-16 20:48:35.107134,Tokyo-cd14,37,20,Normal
2026-02-16 20:48:36.107134,Tokyo-cd14,4,16,Normal
2026-02-16 20:48:37.107134,Tokyo-cd14,-28,53,Normal
2026-02-16 20:48:38.107134,Tokyo-cd14,21,62,Normal
2026-02-16 20:48:39.107134,Tokyo-cd14,34,13,Normal
2026-02-16 20:48:40.107134,Tokyo-cd14,0,21,Normal
2026-02-16 20:48:41.107134,Tokyo-cd14,36,54,Normal
2026-02-16 20:48:42.107134,Tokyo-cd14,34,4,Normal
2026-02-16 20:48:43.107134,Tokyo-cd14,-28,40,Normal
2026-02-16 20:48:44.107134,Tokyo-cd14,25,68,Normal
2026-02-16 20:48:45.107134,Tokyo-cd14,-17,41,Normal
2026-02-16 20:48:46.107134,Tokyo-cd14,4,34,Normal
2026-02-16 20:48:47.107134,Tokyo-cd14,41,77,Normal
2026-02-16 20:48:48.107134,Tokyo-cd14,43,5,Normal
2026-02-16 20:48:49.107134,Tokyo-cd14,-6,39,Normal
2026-02-16 20:48:50.107134,Tokyo-cd14,-9,83,Normal
2026-02-16 20:48:51.107134,Tokyo-cd14,32,72,Normal
2026-02-16 20:48:52.107134,Tokyo-cd14,48,84,Normal
2026-02-16 20:48:53.107134,Tokyo-cd14,24,34,Normal
2026-02-16 20:48:54.107134,Tokyo-cd14,18,9,Normal
2026-02-16 20:48:55.107134,Tokyo-cd14,-16,87,Normal
2026-02-16 20:48:56.107134,Tokyo-cd14,-27,59,Normal
2026-02-16 20:48:57.107134,Tokyo-cd14,22,6,Normal
2026-02-16 20:48:58.107134,Tokyo-cd14,49,86,Normal
2026-02-16 20:48:59.107134,Tokyo-cd14,1,40,Normal
2026-02-16 20:49:00.107134,Tokyo-cd14,23,10,Normal
2026-02-16 20:49:01.107134,Tokyo-cd14,-12,37,Normal
2026-02-16 20:49:02.107134,Tokyo-cd14,20,47,Normal
2026-02-16 20:49:03.107134,Tokyo-cd14,15,59,Normal
2026-02-16 20:49:04.107134,Tokyo-cd14,-13,56,Normal
2026-02-16 20:49:05.107134,Tokyo-cd14,50,4,Normal
2026-02-16 20:49:06.107134,Tokyo-cd14,44,46,Normal
2026-02-16 20:49:07.107134,Tokyo-cd14,36,73,Normal
2026-02-16 20:49:08.107134,Tokyo-cd14,2,55,Normal
2026-02-16 20:49:09.107134,Tokyo-cd14,42,25,Normal
2026-02-16 20:49:10.107134,Tokyo-cd14,-24,69,Normal
2026-02-16 20:49:11.107134,Tokyo-cd14,0,59,Normal
2026-02-16 20:49:12.107134,Tokyo-cd14,48,69,Normal
2026-02-16 20:49:13.107134,Tokyo-cd14,-14,17,Normal
2026-02-16 20:49:14.107134,Tokyo-cd14,-14,67,Normal
2026-02-16 20:49:15.107134,Tokyo-cd14,-9,22,Normal
2026-02-16 20:49:16.107134,Tokyo-cd14,16,100,Normal
2026-02-16 20:49:17.107134,Tokyo-cd14,23,38,Normal
2026-02-16 20:49:18.107134,Tokyo-cd14,44,21,Normal
2026-02-16 20:49:19.107134,Tokyo-cd14,22,74,Normal
2026-02-16 20:49:20.107134,Tokyo-cd14,5,78,Normal
2026-02-16 20:49:21.107134,Tokyo-cd14,49,68,Normal
2026-02-16 20:49:22.107134,Tokyo-cd14,-15,72,Normal
2026-02-16 20:49:23.107134,Tokyo-cd14,5,84,Normal
2026-02-16 20:49:24.107134,Tokyo-cd14,16,76,Normal
2026-02-16 20:49:25.107134,Tokyo-cd14,-16,50,Normal
2026-02-16 20:49:26.107134,Tokyo-cd14,5,55,Normal
2026-02-16 20:49:27.107134,Tokyo-cd14,-10,42,Normal
2026-02-16 20:49:28.107134,Tokyo-cd14,46,69,Normal
2026-02-16 20:49:29.107134,Tokyo-cd14,10,35,Normal
2026-02-16 20:49:30.107134,Tokyo-cd14,12,46,Normal
2026-02-16 20:49:31.107134,Tokyo-cd14,12,49,Normal
2026-02-16 20:49:32.107134,Tokyo-cd14,34,37,Normal
2026-02-16 20:49:33.107134,Tokyo-cd14,32,16,Normal
2026-02-16 20:49:34.107134,Tokyo-cd14,12,14,Normal
2026-02-16 20:49:35.107134,Tokyo-cd14,11,57,Normal
2026-02-16 20:49:36.107134,Tokyo-cd14,4,79,Normal
2026-02-16 20:49:37.107134,Tokyo-cd14,-18,60,Normal
2026-02-16 20:49:38.107134,Tokyo-cd14,-19,19,Normal
2026-02-16 20:49:39.107134,Tokyo-cd14,-14,11,Normal
2026-02-16 20:49:40.107134,Tokyo-cd14,-27,86,Normal
2026-02-16 20:49:41.107134,Tokyo-cd14,29,64,Normal
2026-02-16 20:49:42.107134,Tokyo-cd14,25,61,Normal
2026-02-16 20:49:43.107134,Tokyo-cd14,-6,97,Normal
2026-02-16 20:49:44.107134,Tokyo-cd14,30,47,Normal
2026-02-16 20:49:45.107134,Tokyo-cd14,-27,92,Normal
2026-02-16 20:49:46.107134,Tokyo-cd14,-27,71,Normal
2026-02-16 20:49:47.107134,Tokyo-cd14,31,40,Normal
2026-02-16 20:49:48.107134,Tokyo-cd14,-20,51,Normal
2026-02-16 20:49:49.107134,Tokyo-cd14,40,33,Normal
2026-02-16 20:49:50.107134,Tokyo-cd14,33,57,Normal
2026-02-16 20:49:51.107134,Tokyo-cd14,-23,78,Normal
2026-02-16 20:49:52.107134,Tokyo-cd14,-5,78,Normal
2026-02-16 20:49:53.107134,Tokyo-cd14,-14,12,Normal
2026-02-16 20:49:54.107134,Tokyo-cd14,29,3,Normal
2026-02-16 20:49:55.107134,Tokyo-cd14,25,4,Normal
2026-02-16 20:49:56.107134,Tokyo-cd14,35,29,Normal
2026-02-16 20:49:57.107134,Tokyo-cd14,21,36,Normal
2026-02-16 20:49:58.107134,Tokyo-cd14,43,77,Normal
2026-02-16 20:49:59.107134,Tokyo-cd14,21,40,Normal
2026-02-16 20:50:00.107134,Tokyo-cd14,-9,61,Normal
2026-02-16 20:50:01.107134,Tokyo-cd14,23,9,Normal
2026-02-16 20:50:02.107134,Tokyo-cd14,0,29,Normal
2026-02-16 20:50:03.107134,Tokyo-cd14,-11,41,Normal
2026-02-16 20:50:04.107134,Tokyo-cd14,12,24,Normal
2026-02-16 20:50:05.107134,Tokyo-cd14,-16,83,Normal
2026-02-16 20:50:06.107134,Tokyo-cd14,-13,59,Normal
2026-02-16 20:50:07.107134,Tokyo-cd14,21,97,Normal
2026-02-16 20:50:08.107134,Tokyo-cd14,-1,40,Normal
2026-02-16 20:50:09.107134,Tokyo-cd14,38,15,Normal
2026-02-16 20:50:10.107134,Tokyo-cd14,32,47,Normal
2026-02-16 20:50:11.107134,Tokyo-cd14,24,56,Normal
2026-02-16 20:50:12.107134,Tokyo-cd14,-15,14,Normal
2026-02-16 20:50:13.107134,Tokyo-cd14,32,22,Normal
2026-02-16 20:50:14.107134,Tokyo-cd14,7,75,Normal
2026-02-16 20:50:15.107134,Tokyo-cd14,-29,86,Normal
2026-02-16 20:50:16.107134,Tokyo-cd14,-5,41,Normal
2026-02-16 20:50:17.107134,Tokyo-cd14,25,16,Normal
2026-02-16 20:50:18.107134,Tokyo-cd14,-25,25,Normal
2026-02-16 20:50:19.107134,Tokyo-cd14,-2,68,Normal
2026-02-16 20:50:20.107134,Tokyo-cd14,16,54,Normal
2026-02-16 20:50:21.107134,Tokyo-cd14,24,60,Normal
2026-02-16 20:50:22.107134,Tokyo-cd14,19,23,Normal
2026-02-16 20:50:23.107134,Tokyo-cd14,-28,5,Normal
2026-02-16 20:50:24.107134,Tokyo-cd14,28,46,Normal
2026-02-16 20:50:25.107134,Tokyo-cd14,18,65,Normal
2026-02-16 20:50:26.107134,Tokyo-cd14,-7,2,Normal
2026-02-16 20:50:27.107134,Tokyo-cd14,12,48,Normal
2026-02-16 20:50:28.107134,Tokyo-cd14,-13,89,Normal
2026-02-16 20:50:29.107134,Tokyo-cd14,21,100,Normal
2026-02-16 20:50:30.107134,Tokyo-cd14,-14,9,Normal
2026-02-16 20:50:31.107134,Tokyo-cd14,-12,40,Normal
2026-02-16 20:50:32.107134,Tokyo-cd14,5,54,Normal
2026-02-16 20:50:33.107134,Tokyo-cd14,19,43,Normal
2026-02-16 20:50:34.107134,Tokyo-cd14,-2,56,Normal
2026-02-16 20:50:35.107134,Tokyo-cd14,-25,14,Normal
2026-02-16 20:50:36.107134,Tokyo-cd14,19,5,Normal
2026-02-16 20:50:37.107134,Tokyo-cd14,-28,24,Normal
2026-02-16 20:50:38.107134,Tokyo-cd14,-17,20,Normal
2026-02-16 20:50:39.107134,Tokyo-cd14,-5,81,Normal
2026-02-16 20:50:40.107134,Tokyo-cd14,0,46,Normal
2026-02-16 20:50:41.107134,Tokyo-cd14,-7,35,Normal
2026-02-16 20:50:42.107134,Tokyo-cd14,-2,11,Normal
2026-02-16 20:50:43.107134,Tokyo-cd14,25,49,Normal
2026-02-16 20:50:44.107134,Tokyo-cd14,7,11,Normal
2026-02-16 20:50:45.107134,Tokyo-cd14,-4,70,Normal
2026-02-16 20:50:46.107134,Tokyo-cd14,29,76,Normal
2026-02-16 20:50:47.107134,Tokyo-cd14,-3,82,Normal
2026-02-16 20:50:48.107134,Tokyo-cd14,5,13,Normal
2026-02-16 20:50:49.107134,Tokyo-cd14,-15,21,Normal
2026-02-16 20:50:50.107134,Tokyo-cd14,-21,40,Normal
2026-02-16 20:50:51.107134,Tokyo-cd14,-9,10,Normal
2026-02-16 20:50:52.107134,Tokyo-cd14,26,18,Normal
2026-02-16 20:50:53.107134,Tokyo-cd14,15,52,Normal
2026-02-16 20:50:54.107134,Tokyo-cd14,0,21,Normal
2026-02-16 20:50:55.107134,Tokyo-cd14,-18,71,Normal
2026-02-16 20:50:56.107134,Tokyo-cd14,35,35,Normal
2026-02-16 20:50:57.107134,Tokyo-cd14,49,11,Normal
2026-02-16 20:50:58.107134,Tokyo-cd14,14,27,Normal
2026-02-16 20:50:59.107134,Tokyo-cd14,9,58,Normal
2026-02-16 20:51:00.107134,Tokyo-cd14,-5,84,Normal
2026-02-16 20:51:01.107134,Tokyo-cd14,23,23,Normal
2026-02-16 20:51:02.107134,Tokyo-cd14,28,50,Normal
2026-02-16 20:51:03.107134,Tokyo-cd14,1,11,Normal
2026-02-16 20:51:04.107134,Tokyo-cd14,-30,22,Normal
2026-02-16 20:51:05.107134,Tokyo-cd14,-9,51,Normal
2026-02-16 20:51:06.107134,Tokyo-cd14,-14,21,Normal
2026-02-16 20:51:07.107134,Tokyo-cd14,17,20,Normal
2026-02-16 20:51:08.107134,Tokyo-cd14,3,46,Normal
2026-02-16 20:51:09.107134,Tokyo-cd14,-29,35,Normal
2026-02-16 20:51:10.107134,Tokyo-cd14,41,86,Normal
2026-02-16 20:51:11.107134,Tokyo-cd14,-18,8,Normal
2026-02-16 20:51:12.107134,Tokyo-cd14,-11,56,Normal
2026-02-16 20:51:13.107134,Tokyo-cd14,-13,12,Normal
2026-02-16 20:51:14.107134,Tokyo-cd14,41,35,Normal
2026-02-16 20:51:15.107134,Tokyo-cd14,31,75,Normal
2026-02-16 20:51:16.107134,Tokyo-cd14,-17,84,Normal
2026-02-16 20:51:17.107134,Tokyo-cd14,43,9,Normal
2026-02-16 20:51:18.107134,Tokyo-cd14,29,17,Normal
2026-02-16 20:51:19.107134,Tokyo-cd14,40,74,Normal
2026-02-16 20:51:20.107134,Tokyo-cd14,22,18,Normal
2026-02-16 20:51:21.107134,Tokyo-cd14,21,43,Normal
2026-02-16 20:51:22.107134,Tokyo-cd14,-19,11,Normal
2026-02-16 20:51:23.107134,Tokyo-cd14,-12,8,Normal
2026-02-16 20:51:24.107134,Tokyo-cd14,49,3,Normal
2026-02-16 20:51:25.107134,Tokyo-cd14,-17,15,Normal
2026-02-16 20:51:26.107134,Tokyo-cd14,-21,84,Normal
2026-02-16 20:51:27.107134,Tokyo-cd14,-20,95,Normal
2026-02-16 20:51:28.107134,Tokyo-cd14,7,34,Normal
2026-02-16 20:51:29.107134,Tokyo-cd14,9,63,Normal
2026-02-16 20:51:30.107134,Tokyo-cd14,-10,56,Normal
2026-02-16 20:51:31.107134,Tokyo-cd14,-20,16,Normal
2026-02-16 20:51:32.107134,Tokyo-cd14,1,92,Normal
2026-02-16 20:51:33.107134,Tokyo-cd14,6,28,Normal
2026-02-16 20:51:34.107134,Tokyo-cd14,26,67,Normal
2026-02-16 20:51:35.107134,Tokyo-cd14,-24,49,Normal
2026-02-16 20:51:36.107134,Tokyo-cd14,-23,62,Normal
2026-02-16 20:51:37.107134,Tokyo-cd14,46,63,Normal
2026-02-16 20:51:38.107134,Tokyo-cd14,9,57,Normal
2026-02-16 20:51:39.107134,Tokyo-cd14,34,20,Normal
2026-02-16 20:51:40.107134,Tokyo-cd14,-8,81,Normal
2026-02-16 20:51:41.107134,Tokyo-cd14,-8,45,Normal
2026-02-16 20:51:42.107134,Tokyo-cd14,-7,45,Normal
2026-02-16 20:51:43.107134,Tokyo-cd14,43,46,Normal
2026-02-16 20:51:44.107134,Tokyo-cd14,-6,48,Normal
2026-02-16 20:51:45.107134,Tokyo-cd14,50,59,Normal
2026-02-16 20:51:46.107134,Tokyo-cd14,7,40,Normal
2026-02-16 20:51:47.107134,Tokyo-cd14,41,64,Normal
2026-02-16 20:51:48.107134,Tokyo-cd14,48,42,Normal
2026-02-16 20:51:49.107134,Tokyo-cd14,-13,55,Normal
2026-02-16 20:51:50.107134,Tokyo-cd14,46,75,Normal
2026-02-16 20:51:51.107134,Tokyo-cd14,-30,29,Normal
2026-02-16 20:51:52.107134,Tokyo-cd14,39,14,Normal
2026-02-16 20:51:53.107134,Tokyo-cd14,41,66,Normal
2026-02-16 20:51:54.107134,Tokyo-cd14,-8,94,Normal
2026-02-16 20:51:55.107134,Tokyo-cd14,-17,28,Normal
2026-02-16 20:51:56.107134,Tokyo-cd14,-9,67,Normal
2026-02-16 20:51:57.107134,Tokyo-cd14,-12,47,Normal
2026-02-16 20:51:58.107134,Tokyo-cd14,16,35,Normal
2026-02-16 20:51:59.107134,Tokyo-cd14,10,95,Normal
2026-02-16 20:52:00.107134,Tokyo-cd14,5,84,Normal
2026-02-16 20:52:01.107134,Tokyo-cd14,-9,84,Normal
2026-02-16 20:52:02.107134,Tokyo-cd14,18,79,Normal
2026-02-16 20:52:03.107134,Tokyo-cd14,11,19,Normal
2026-02-16 20:52:04.107134,Tokyo-cd14,-13,92,Normal
2026-02-16 20:52:05.107134,Tokyo-cd14,-3,43,Normal
2026-02-16 20:52:06.107134,Tokyo-cd14,11,26,Normal
2026-02-16 20:52:07.107134,Tokyo-cd14,-11,55,Normal
2026-02-16 20:52:08.107134,Tokyo-cd14,-7,2,Normal
2026-02-16 20:52:09.107134,Tokyo-cd14,-4,70,Normal
2026-02-16 20:52:10.107134,Tokyo-cd14,-17,71,Normal
2026-02-16 20:52:11.107134,Tokyo-cd14,16,54,Normal
2026-02-16 20:52:12.107134,Tokyo-cd14,29,15,Normal
2026-02-16 20:52:13.107134,Tokyo-cd14,-16,88,Normal
2026-02-16 20:52:14.107134,Tokyo-cd14,44,17,Normal
2026-02-16 20:52:15.107134,Tokyo-cd14,0,17,Normal
2026-02-16 20:52:16.107134,Tokyo-cd14,39,0,Normal
2026-02-16 20:52:17.107134,Tokyo-cd14,21,28,Normal
2026-02-16 20:52:18.107134,Tokyo-cd14,10,94,Normal
2026-02-16 20:52:19.107134,Tokyo-cd14,11,17,Normal
2026-02-16 20:52:20.107134,Tokyo-cd14,-15,95,Normal
2026-02-16 20:52:21.107134,Tokyo-cd14,-5,58,Normal
2026-02-16 20:52:22.107134,Tokyo-cd14,6,79,Normal
2026-02-16 20:52:23.107134,Tokyo-cd14,43,54,Normal
2026-02-16 20:52:24.107134,Tokyo-cd14,-28,8,Normal
2026-02-16 20:52:25.107134,Tokyo-cd14,38,16,Normal
2026-02-16 20:52:26.107134,Tokyo-cd14,-10,60,Normal
2026-02-16 20:52:27.107134,Tokyo-cd14,38,54,Normal
2026-02-16 20:52:28.107134,Tokyo-cd14,39,98,Normal
2026-02-16 20:52:29.107134,Tokyo-cd14,0,37,Normal
2026-02-16 20:52:30.107134,Tokyo-cd14,49,95,Normal
2026-02-16 20:52:31.107134,Tokyo-cd14,18,49,Normal
2026-02-16 20:52:32.107134,Tokyo-cd14,34,20,Normal
2026-02-16 20:52:33.107134,Tokyo-cd14,4,26,Normal
2026-02-16 20:52:34.107134,Tokyo-cd14,40,85,Normal
2026-02-16 20:52:35.107134,Tokyo-cd14,50,79,Normal
2026-02-16 20:52:36.107134,Tokyo-cd14,47,92,Normal
2026-02-16 20:52:37.107134,Tokyo-cd14,-24,69,Normal
2026-02-16 20:52:38.107134,Tokyo-cd14,-16,97,Normal
2026-02-16 20:52:39.107134,Tokyo-cd14,40,12,Normal
2026-02-16 20:52:40.107134,Tokyo-cd14,18,31,Normal
2026-02-16 20:52:41.107134,Tokyo-cd14,31,21,Normal
2026-02-16 20:52:42.107134,Tokyo-cd14,-19,86,Normal
2026-02-16 20:52:43.107134,Tokyo-cd14,19,100,Normal
2026-02-16 20:52:44.107134,Tokyo-cd14,38,13,Normal
2026-02-16 20:52:45.107134,Tokyo-cd14,5,56,Normal
2026-02-16 20:52:46.107134,Tokyo-cd14,14,84,Normal
2026-02-16 20:52:47.107134,Tokyo-cd14,33,60,Normal
2026-02-16 20:52:48.107134,Tokyo-cd14,16,61,Normal
2026-02-16 20:52:49.107134,Tokyo-cd14,-2,95,Normal
2026-02-16 20:52:50.107134,Tokyo-cd14,2,6,Normal
2026-02-16 20:52:51.107134,Tokyo-cd14,15,59,Normal
2026-02-16 20:52:52.107134,Tokyo-cd14,28,54,Normal
2026-02-16 20:52:53.107134,Tokyo-cd14,42,28,Normal
2026-02-16 20:52:54.107134,Tokyo-cd14,0,5,Normal
2026-02-16 20:52:55.107134,Tokyo-cd14,-17,67,Normal
2026-02-16 20:52:56.107134,Tokyo-cd14,22,27,Normal
2026-02-16 20:52:57.107134,Tokyo-cd14,11,94,Normal
2026-02-16 20:52:58.107134,Tokyo-cd14,26,10,Normal
2026-02-16 20:52:59.107134,Tokyo-cd14,-24,43,Normal
2026-02-16 20:53:00.107134,Tokyo-cd14,-27,68,Normal
2026-02-16 20:53:01.107134,Tokyo-cd14,-16,47,Normal
2026-02-16 20:53:02.107134,Tokyo-cd14,4,68,Normal
2026-02-16 20:53:03.107134,Tokyo-cd14,9,80,Normal
2026-02-16 20:53:04.107134,Tokyo-cd14,40,31,Normal
2026-02-16 20:53:05.107134,Tokyo-cd14,-30,72,Normal
2026-02-16 20:53:06.107134,Tokyo-cd14,-13,19,Normal
2026-02-16 20:53:07.107134,Tokyo-cd14,30,47,Normal
2026-02-16 20:53:08.107134,Tokyo-cd14,-18,98,Normal
2026-02-16 20:53:09.107134,Tokyo-cd14,-17,19,Normal
2026-02-16 20:53:10.107134,Tokyo-cd14,-9,4,Normal
2026-02-16 20:53:11.107134,Tokyo-cd14,12,53,Normal
2026-02-16 20:53:12.107134,Tokyo-cd14,16,54,Normal
2026-02-16 20:53:13.107134,Tokyo-cd14,20,84,Normal
2026-02-16 20:53:14.107134,Tokyo-cd14,-7,48,Normal
2026-02-16 20:53:15.107134,Tokyo-cd14,15,87,Normal
2026-02-16 20:53:16.107134,Tokyo-cd14,-17,49,Normal
2026-02-16 20:53:17.107134,Tokyo-cd14,-14,53,Normal
2026-02-16 20:53:18.107134,Tokyo-cd14,6,30,Normal
2026-02-16 20:53:19.107134,Tokyo-cd14,-26,30,Normal
2026-02-16 20:53:20.107134,Tokyo-cd14,13,100,Normal
2026-02-16 20:53:21.107134,Tokyo-cd14,-6,61,Normal
2026-02-16 20:53:22.107134,Tokyo-cd14,17,25,Normal
2026-02-16 20:53:23.107134,Tokyo-cd14,15,49,Normal
2026-02-16 20:53:24.107134,Tokyo-cd14,8,35,Normal
2026-02-16 20:53:25.107134,Tokyo-cd14,26,50,Normal
2026-02-16 20:53:26.107134,Tokyo-cd14,-3,97,Normal
2026-02-16 20:53:27.107134,Tokyo-cd14,23,15,Normal
2026-02-16 20:53:28.107134,Tokyo-cd14,28,62,Normal
2026-02-16 20:53:29.107134,Tokyo-cd14,42,15,Normal
2026-02-16 20:53:30.107134,Tokyo-cd14,-18,6,Normal
2026-02-16 20:53:31.107134,Tokyo-cd14,-30,2,Normal
2026-02-16 20:53:32.107134,Tokyo-cd14,-27,5,Normal
2026-02-16 20:53:33.107134,Tokyo-cd14,-29,17,Normal
2026-02-16 20:53:34.107134,Tokyo-cd14,35,22,Normal
2026-02-16 20:53:35.107134,Tokyo-cd14,-13,38,Normal
2026-02-16 20:53:36.107134,Tokyo-cd14,22,70,Normal
2026-02-16 20:53:37.107134,Tokyo-cd14,18,42,Normal
2026-02-16 20:53:38.107134,Tokyo-cd14,-23,55,Normal
2026-02-16 20:53:39.107134,Tokyo-cd14,-24,65,Normal
2026-02-16 20:53:40.107134,Tokyo-cd14,-14,76,Normal
2026-02-16 20:53:41.107134,Tokyo-cd14,-24,79,Normal
2026-02-16 20:53:42.107134,Tokyo-cd14,42,77,Normal
2026-02-16 20:53:43.107134,Tokyo-cd14,-28,33,Normal
2026-02-16 20:53:44.107134,Tokyo-cd14,-17,12,Normal
2026-02-16 20:53:45.107134,Tokyo-cd14,24,38,Normal
2026-02-16 20:53:46.107134,Tokyo-cd14,46,32,Normal
2026-02-16 20:53:47.107134,Tokyo-cd14,43,74,Normal
2026-02-16 20:53:48.107134,Tokyo-cd14,30,73,Normal
2026-02-16 20:53:49.107134,Tokyo-cd14,-5,10,Normal
2026-02-16 20:53:50.107134,Tokyo-cd14,20,36,Normal
2026-02-16 20:53:51.107134,Tokyo-cd14,24,91,Normal
2026-02-16 20:53:52.107134,Tokyo-cd14,11,80,Normal
2026-02-16 20:53:53.107134,Tokyo-cd14,-6,98,Normal
2026-02-16 20:53:54.107134,Tokyo-cd14,12,5,Normal
2026-02-16 20:53:55.107134,Tokyo-cd14,27,89,Normal
2026-02-16 20:53:56.107134,Tokyo-cd14,-28,88,Normal
2026-02-16 20:53:57.107134,Tokyo-cd14,20,61,Normal
2026-02-16 20:53:58.107134,Tokyo-cd14,36,87,Normal
2026-02-16 20:53:59.107134,Tokyo-cd14,34,75,Normal
2026-02-16 20:54:00.107134,Tokyo-cd14,44,50,Normal
2026-02-16 20:54:01.107134,Tokyo-cd14,2,92,Normal
2026-02-16 20:54:02.107134,Tokyo-cd14,27,63,Normal
2026-02-16 20:54:03.107134,Tokyo-cd14,-7,71,Normal
2026-02-16 20:54:04.107134,Tokyo-cd14,45,68,Normal
2026-02-16 20:54:05.107134,Tokyo-cd14,26,52,Normal
2026-02-16 20:54:06.107134,Tokyo-cd14,-9,90,Normal
2026-02-16 20:54:07.107134,Tokyo-cd14,1,45,Normal
2026-02-16 20:54:08.107134,Tokyo-cd14,35,92,Normal
2026-02-16 20:54:09.107134,Tokyo-cd14,17,41,Normal
2026-02-16 20:54:10.107134,Tokyo-cd14,36,66,Normal
2026-02-16 20:54:11.107134,Tokyo-cd14,-23,20,Normal
2026-02-16 20:54:12.107134,Tokyo-cd14,-21,44,Normal
2026-02-16 20:54:13.107134,Tokyo-cd14,-17,49,Normal
2026-02-16 20:54:14.107134,Tokyo-cd14,-23,24,Normal
2026-02-16 20:54:15.107134,Tokyo-cd14,11,71,Normal
2026-02-16 20:54:16.107134,Tokyo-cd14,-25,85,Normal
2026-02-16 20:54:17.107134,Tokyo-cd14,-27,1,Normal
2026-02-16 20:54:18.107134,Tokyo-cd14,47,33,Normal
2026-02-16 20:54:19.107134,Tokyo-cd14,48,47,Normal
2026-02-16 20:54:20.107134,Tokyo-cd14,7,87,Normal
2026-02-16 20:54:21.107134,Tokyo-cd14,5,11,Normal
2026-02-16 20:54:22.107134,Tokyo-cd14,44,83,Normal
2026-02-16 20:54:23.107134,Tokyo-cd14,-2,38,Normal
2026-02-16 20:54:24.107134,Tokyo-cd14,-22,2,Normal
2026-02-16 20:54:25.107134,Tokyo-cd14,7,4,Normal
2026-02-16 20:54:26.107134,Tokyo-cd14,31,83,Normal
2026-02-16 20:54:27.107134,Tokyo-cd14,35,15,Normal
2026-02-16 20:54:28.107134,Tokyo-cd14,34,79,Normal
2026-02-16 20:54:29.107134,Tokyo-cd14,-22,67,Normal
2026-02-16 20:54:30.107134,Tokyo-cd14,12,15,Normal
2026-02-16 20:54:31.107134,Tokyo-cd14,-15,56,Normal
2026-02-16 20:54:32.107134,Tokyo-cd14,-1,90,Normal
2026-02-16 20:54:33.107134,Tokyo-cd14,-5,0,Normal
2026-02-16 20:54:34.107134,Tokyo-cd14,-24,41,Normal
2026-02-16 20:54:35.107134,Tokyo-cd14,43,47,Normal
2026-02-16 20:54:36.107134,Tokyo-cd14,-10,42,Normal
2026-02-16 20:54:37.107134,Tokyo-cd14,43,58,Normal
2026-02-16 20:54:38.107134,Tokyo-cd14,11,32,Normal
2026-02-16 20:54:39.107134,Tokyo-cd14,35,80,Normal
2026-02-16 20:54:40.107134,Tokyo-cd14,48,2,Normal
2026-02-16 20:54:41.107134,Tokyo-cd14,6,45,Normal
2026-02-16 20:54:42.107134,Tokyo-cd14,2,8,Normal
2026-02-16 20:54:43.107134,Tokyo-cd14,7,43,Normal
2026-02-16 20:54:44.107134,Tokyo-cd14,10,18,Normal
2026-02-16 20:54:45.107134,Tokyo-cd14,-18,2,Normal
2026-02-16 20:54:46.107134,Tokyo-cd14,17,46,Normal
2026-02-16 20:54:47.107134,Tokyo-cd14,0,9,Normal
2026-02-16 20:54:48.107134,Tokyo-cd14,0,43,Normal
2026-02-16 20:54:49.107134,Tokyo-cd14,41,14,Normal
2026-02-16 20:54:50.107134,Tokyo-cd14,-15,0,Normal
2026-02-16 20:54:51.107134,Tokyo-cd14,11,95,Normal
2026-02-16 20:54:52.107134,Tokyo-cd14,10,90,Normal
2026-02-16 20:54:53.107134,Tokyo-cd14,-28,19,Normal
2026-02-16 20:54:54.107134,Tokyo-cd14,10,22,Normal
2026-02-16 20:54:55.107134,Tokyo-cd14,13,61,Normal
2026-02-16 20:54:56.107134,Tokyo-cd14,20,31,Normal
2026-02-16 20:54:57.107134,Tokyo-cd14,0,94,Normal
2026-02-16 20:54:58.107134,Tokyo-cd14,47,16,Normal
2026-02-16 20:54:59.107134,Tokyo-cd14,24,20,Normal
2026-02-16 20:55:00.107134,Tokyo-cd14,9,25,Normal
2026-02-16 20:55:01.107134,Tokyo-cd14,-20,55,Normal
2026-02-16 20:55:02.107134,Tokyo-cd14,-16,2,Normal
2026-02-16 20:55:03.107134,Tokyo-cd14,37,19,Normal
2026-02-16 20:55:04.107134,Tokyo-cd14,-23,6,Normal
2026-02-16 20:55:05.107134,Tokyo-cd14,50,78,Normal
2026-02-16 20:55:06.107134,Tokyo-cd14,23,82,Normal
2026-02-16 20:55:07.107134,Tokyo-cd14,33,87,Normal
2026-02-16 20:55:08.107134,Tokyo-cd14,44,67,Normal
2026-02-16 20:55:09.107134,Tokyo-cd14,25,65,Normal
2026-02-16 20:55:10.107134,Tokyo-cd14,-11,59,Normal
2026-02-16 20:55:11.107134,Tokyo-cd14,30,39,Normal
2026-02-16 20:55:12.107134,Tokyo-cd14,-15,86,Normal
2026-02-16 20:55:13.107134,Tokyo-cd14,-23,70,Normal
2026-02-16 20:55:14.107134,Tokyo-cd14,47,84,Normal
2026-02-16 20:55:15.107134,Tokyo-cd14,-6,4,Normal
2026-02-16 20:55:16.107134,Tokyo-cd14,33,23,Normal
2026-02-16 20:55:17.107134,Tokyo-cd14,1,89,Normal
2026-02-16 20:55:18.107134,Tokyo-cd14,26,3,Normal
2026-02-16 20:55:19.107134,Tokyo-cd14,16,10,Normal
2026-02-16 20:55:20.107134,Tokyo-cd14,21,92,Normal
2026-02-16 20:55:21.107134,Tokyo-cd14,39,79,Normal
2026-02-16 20:55:22.107134,Tokyo-cd14,8,64,Normal
2026-02-16 20:55:23.107134,Tokyo-cd14,-20,95,Normal
2026-02-16 20:55:24.107134,Tokyo-cd14,17,83,Normal
2026-02-16 20:55:25.107134,Tokyo-cd14,15,75,Normal
2026-02-16 20:55:26.107134,Tokyo-cd14,6,90,Normal
2026-02-16 20:55:27.107134,Tokyo-cd14,18,4,Normal
2026-02-16 20:55:28.107134,Tokyo-cd14,11,34,Normal
2026-02-16 20:55:29.107134,Tokyo-cd14,-9,68,Normal
2026-02-16 20:55:30.107134,Tokyo-cd14,15,44,Normal
2026-02-16 20:55:31.107134,Tokyo-cd14,11,5,Normal
2026-02-16 20:55:32.107134,Tokyo-cd14,-29,39,Normal
2026-02-16 20:55:33.107134,Tokyo-cd14,37,0,Normal
2026-02-16 20:55:34.107134,Tokyo-cd14,-18,48,Normal
2026-02-16 20:55:35.107134,Tokyo-cd14,20,48,Normal
2026-02-16 20:55:36.107134,Tokyo-cd14,-29,33,Normal
2026-02-16 20:55:37.107134,Tokyo-cd14,-7,14,Normal
2026-02-16 20:55:38.107134,Tokyo-cd14,1,44,Normal
2026-02-16 20:55:39.107134,Tokyo-cd14,12,40,Normal
2026-02-16 20:55:40.107134,Tokyo-cd14,-22,21,Normal
2026-02-16 20:55:41.107134,Tokyo-cd14,3,40,Normal
2026-02-16 20:55:42.107134,Tokyo-cd14,50,42,Normal
2026-02-16 20:55:43.107134,Tokyo-cd14,18,45,Normal
2026-02-16 20:55:44.107134,Tokyo-cd14,0,57,Normal
2026-02-16 20:55:45.107134,Tokyo-cd14,49,42,Normal
2026-02-16 20:55:46.107134,Tokyo-cd14,-24,21,Normal
2026-02-16 20:55:47.107134,Tokyo-cd14,7,87,Normal
2026-02-16 20:55:48.107134,Tokyo-cd14,-6,80,Normal
2026-02-16 20:55:49.107134,Tokyo-cd14,49,70,Normal
2026-02-16 20:55:50.107134,Tokyo-cd14,-13,75,Normal
2026-02-16 20:55:51.107134,Tokyo-cd14,12,45,Normal
2026-02-16 20:55:52.107134,Tokyo-cd14,-26,42,Normal
2026-02-16 20:55:53.107134,Tokyo-cd14,20,29,Normal
2026-02-16 20:55:54.107134,Tokyo-cd14,47,86,Normal
2026-02-16 20:55:55.107134,Tokyo-cd14,17,43,Normal
2026-02-16 20:55:56.107134,Tokyo-cd14,21,31,Normal
2026-02-16 20:55:57.107134,Tokyo-cd14,5,42,Normal
2026-02-16 20:55:58.107134,Tokyo-cd14,41,58,Normal
2026-02-16 20:55:59.107134,Tokyo-cd14,-19,96,Normal
2026-02-16 20:56:00.107134,Tokyo-cd14,-24,58,Normal
2026-02-16 20:56:01.107134,Tokyo-cd14,43,75,Normal
2026-02-16 20:56:02.107134,Tokyo-cd14,-3,80,Normal
2026-02-16 20:56:03.107134,Tokyo-cd14,17,59,Normal
2026-02-16 20:56:04.107134,Tokyo-cd14,28,68,Normal
2026-02-16 20:56:05.107134,Tokyo-cd14,21,72,Normal
2026-02-16 20:56:06.107134,Tokyo-cd14,-7,95,Normal
2026-02-16 20:56:07.107134,Tokyo-cd14,48,40,Normal
2026-02-16 20:56:08.107134,Tokyo-cd14,-15,60,Normal
2026-02-16 20:56:09.107134,Tokyo-cd14,50,86,Normal
2026-02-16 20:56:10.107134,Tokyo-cd14,-7,20,Normal
2026-02-16 20:56:11.107134,Tokyo-cd14,23,65,Normal
2026-02-16 20:56:12.107134,Tokyo-cd14,43,85,Normal
2026-02-16 20:56:13.107134,Tokyo-cd14,3,59,Normal
2026-02-16 20:56:14.107134,Tokyo-cd14,-14,58,Normal
2026-02-16 20:56:15.107134,Tokyo-cd14,22,50,Normal
2026-02-16 20:56:16.107134,Tokyo-cd14,1,83,Normal
2026-02-16 20:56:17.107134,Tokyo-cd14,14,82,Normal
2026-02-16 20:56:18.107134,Tokyo-cd14,-20,44,Normal
2026-02-16 20:56:19.107134,Tokyo-cd14,3,40,Normal
2026-02-16 20:56:20.107134,Tokyo-cd14,31,92,Normal
2026-02-16 20:56:21.107134,Tokyo-cd14,6,70,Normal
2026-02-16 20:56:22.107134,Tokyo-cd14,-24,95,Normal
2026-02-16 20:56:23.107134,Tokyo-cd14,6,34,Normal
2026-02-16 20:56:24.107134,Tokyo-cd14,20,21,Normal
2026-02-16 20:56:25.107134,Tokyo-cd14,39,81,Normal
2026-02-16 20:56:26.107134,Tokyo-cd14,4,97,Normal
2026-02-16 20:56:27.107134,Tokyo-cd14,45,64,Normal
2026-02-16 20:56:28.107134,Tokyo-cd14,16,82,Normal
2026-02-16 20:56:29.107134,Tokyo-cd14,44,80,Normal
2026-02-16 20:56:30.107134,Tokyo-cd14,-14,2,Normal
2026-02-16 20:56:31.107134,Tokyo-cd14,-23,50,Normal
2026-02-16 20:56:32.107134,Tokyo-cd14,9,84,Normal
2026-02-16 20:56:33.107134,Tokyo-cd14,41,73,Normal
2026-02-16 20:56:34.107134,Tokyo-cd14,-26,37,Normal
2026-02-16 20:56:35.107134,Tokyo-cd14,-15,33,Normal
2026-02-16 20:56:36.107134,Tokyo-cd14,34,12,Normal
2026-02-16 20:56:37.107134,Tokyo-cd14,38,72,Normal
2026-02-16 20:56:38.107134,Tokyo-cd14,-19,26,Normal
2026-02-16 20:56:39.107134,Tokyo-cd14,-12,5,Normal
2026-02-16 20:56:40.107134,Tokyo-cd14,37,69,Normal
2026-02-16 20:56:41.107134,Tokyo-cd14,20,45,Normal
2026-02-16 20:56:42.107134,Tokyo-cd14,-19,47,Normal
2026-02-16 20:56:43.107134,Tokyo-cd14,35,38,Normal
2026-02-16 20:56:44.107134,Tokyo-cd14,-5,58,Normal
2026-02-16 20:56:45.107134,Tokyo-cd14,7,4,Normal
2026-02-16 20:56:46.107134,Tokyo-cd14,-6,7,Normal
2026-02-16 20:56:47.107134,Tokyo-cd14,10,54,Normal
2026-02-16 20:56:48.107134,Tokyo-cd14,-18,26,Normal
2026-02-16 20:56:49.107134,Tokyo-cd14,-1,57,Normal
2026-02-16 20:56:50.107134,Tokyo-cd14,-26,36,Normal
2026-02-16 20:56:51.107134,Tokyo-cd14,-11,77,Normal
2026-02-16 20:56:52.107134,Tokyo-cd14,10,83,Normal
2026-02-16 20:56:53.107134,Tokyo-cd14,46,89,Normal
2026-02-16 20:56:54.107134,Tokyo-cd14,42,11,Normal
2026-02-16 20:56:55.107134,Tokyo-cd14,-6,48,Normal
2026-02-16 20:56:56.107134,Tokyo-cd14,-19,41,Normal
2026-02-16 20:56:57.107134,Tokyo-cd14,29,1,Normal
2026-02-16 20:56:58.107134,Tokyo-cd14,36,3,Normal
2026-02-16 20:56:59.107134,Tokyo-cd14,-3,43,Normal
2026-02-16 20:57:00.107134,Tokyo-cd14,50,70,Normal
2026-02-16 20:57:01.107134,Tokyo-cd14,-2,10,Normal
2026-02-16 20:57:02.107134,Tokyo-cd14,28,62,Normal
2026-02-16 20:57:03.107134,Tokyo-cd14,-18,11,Normal
2026-02-16 20:57:04.107134,Tokyo-cd14,30,71,Normal
2026-02-16 20:57:05.107134,Tokyo-cd14,5,74,Normal
2026-02-16 20:57:06.107134,Tokyo-cd14,41,49,Normal
2026-02-16 20:57:07.107134,Tokyo-cd14,-22,64,Normal
2026-02-16 20:57:08.107134,Tokyo-cd14,-1,90,Normal
2026-02-16 20:57:09.107134,Tokyo-cd14,46,29,Normal
2026-02-16 20:57:10.107134,Tokyo-cd14,31,67,Normal
2026-02-16 20:57:11.107134,Tokyo-cd14,42,2,Normal
2026-02-16 20:57:12.107134,Tokyo-cd14,-20,95,Normal
2026-02-16 20:57:13.107134,Tokyo-cd14,-25,42,Normal
2026-02-16 20:57:14.107134,Tokyo-cd14,14,62,Normal
2026-02-16 20:57:15.107134,Tokyo-cd14,40,61,Normal
2026-02-16 20:57:16.107134,Tokyo-cd14,-8,19,Normal
2026-02-16 20:57:17.107134,Tokyo-cd14,35,27,Normal
2026-02-16 20:57:18.107134,Tokyo-cd14,27,32,Normal
2026-02-16 20:57:19.107134,Tokyo-cd14,17,24,Normal
2026-02-16 20:57:20.107134,Tokyo-cd14,30,2,Normal
2026-02-16 20:57:21.107134,Tokyo-cd14,-19,10,Normal
2026-02-16 20:57:22.107134,Tokyo-cd14,-4,88,Normal
2026-02-16 20:57:23.107134,Tokyo-cd14,0,10,Normal
2026-02-16 20:57:24.107134,Tokyo-cd14,-23,8,Normal
2026-02-16 20:57:25.107134,Tokyo-cd14,-26,80,Normal
2026-02-16 20:57:26.107134,Tokyo-cd14,22,36,Normal
2026-02-16 20:57:27.107134,Tokyo-cd14,-21,65,Normal
2026-02-16 20:57:28.107134,Tokyo-cd14,16,23,Normal
2026-02-16 20:57:29.107134,Tokyo-cd14,46,96,Normal
2026-02-16 20:57:30.107134,Tokyo-cd14,26,43,Normal
2026-02-16 20:57:31.107134,Tokyo-cd14,26,25,Normal
2026-02-16 20:57:32.107134,Tokyo-cd14,-18,15,Normal
2026-02-16 20:57:33.107134,Tokyo-cd14,-4,28,Normal
2026-02-16 20:57:34.107134,Tokyo-cd14,25,32,Normal
2026-02-16 20:57:35.107134,Tokyo-cd14,34,9,Normal
2026-02-16 20:57:36.107134,Tokyo-cd14,17,8,Normal
2026-02-16 20:57:37.107134,Tokyo-cd14,21,51,Normal
2026-02-16 20:57:38.107134,Tokyo-cd14,19,56,Normal
2026-02-16 20:57:39.107134,Tokyo-cd14,10,74,Normal
2026-02-16 20:57:40.107134,Tokyo-cd14,46,1,Normal
2026-02-16 20:57:41.107134,Tokyo-cd14,34,91,Normal
2026-02-16 20:57:42.107134,Tokyo-cd14,-19,48,Normal
2026-02-16 20:57:43.107134,Tokyo-cd14,-24,82,Normal
2026-02-16 20:57:44.107134,Tokyo-cd14,30,24,Normal
2026-02-16 20:57:45.107134,Tokyo-cd14,41,31,Normal
2026-02-16 20:57:46.107134,Tokyo-cd14,-24,13,Normal
2026-02-16 20:57:47.107134,Tokyo-cd14,13,83,Normal
2026-02-16 20:57:48.107134,Tokyo-cd14,34,0,Normal
2026-02-16 20:57:49.107134,Tokyo-cd14,-1,28,Normal
2026-02-16 20:57:50.107134,Tokyo-cd14,-27,68,Normal
2026-02-16 20:57:51.107134,Tokyo-cd14,37,99,Normal
2026-02-16 20:57:52.107134,Tokyo-cd14,-6,21,Normal
2026-02-16 20:57:53.107134,Tokyo-cd14,-8,85,Normal
2026-02-16 20:57:54.107134,Tokyo-cd14,31,16,Normal
2026-02-16 20:57:55.107134,Tokyo-cd14,-4,86,Normal
2026-02-16 20:57:56.107134,Tokyo-cd14,42,83,Normal
2026-02-16 20:57:57.107134,Tokyo-cd14,-6,23,Normal
2026-02-16 20:57:58.107134,Tokyo-cd14,26,27,Normal
2026-02-16 20:57:59.107134,Tokyo-cd14,38,77,Normal
2026-02-16 20:58:00.107134,Tokyo-cd14,-10,85,Normal
2026-02-16 20:58:01.107134,Tokyo-cd14,-6,28,Normal
2026-02-16 20:58:02.107134,Tokyo-cd14,48,68,Normal
2026-02-16 20:58:03.107134,Tokyo-cd14,45,89,Normal
2026-02-16 20:58:04.107134,Tokyo-cd14,-17,90,Normal
2026-02-16 20:58:05.107134,Tokyo-cd14,-4,55,Normal
2026-02-16 20:58:06.107134,Tokyo-cd14,37,58,Normal
2026-02-16 20:58:07.107134,Tokyo-cd14,-9,33,Normal
2026-02-16 20:58:08.107134,Tokyo-cd14,49,95,Normal
2026-02-16 20:58:09.107134,Tokyo-cd14,47,87,Normal
2026-02-16 20:58:10.107134,Tokyo-cd14,29,92,Normal
2026-02-16 20:58:11.107134,Tokyo-cd14,-5,66,Normal
2026-02-16 20:58:12.107134,Tokyo-cd14,50,16,Normal
2026-02-16 20:58:13.107134,Tokyo-cd14,29,14,Normal
2026-02-16 20:58:14.107134,Tokyo-cd14,-24,7,Normal
2026-02-16 20:58:15.107134,Tokyo-cd14,0,98,Normal
2026-02-16 20:58:16.107134,Tokyo-cd14,-8,88,Normal
2026-02-16 20:58:17.107134,Tokyo-cd14,-20,6,Normal
2026-02-16 20:58:18.107134,Tokyo-cd14,44,22,Normal
2026-02-16 20:58:19.107134,Tokyo-cd14,16,25,Normal
2026-02-16 20:58:20.107134,Tokyo-cd14,-15,86,Normal
2026-02-16 20:58:21.107134,Tokyo-cd14,5,81,Normal
2026-02-16 20:58:22.107134,Tokyo-cd14,45,43,Normal
2026-02-16 20:58:23.107134,Tokyo-cd14,5,1,Normal
2026-02-16 20:58:24.107134,Tokyo-cd14,-2,52,Normal
2026-02-16 20:58:25.107134,Tokyo-cd14,7,99,Normal
2026-02-16 20:58:26.107134,Tokyo-cd14,-17,9,Normal
2026-02-16 20:58:27.107134,Tokyo-cd14,42,94,Normal
2026-02-16 20:58:28.107134,Tokyo-cd14,-12,93,Normal
2026-02-16 20:58:29.107134,Tokyo-cd14,24,26,Normal
2026-02-16 20:58:30.107134,Tokyo-cd14,-22,86,Normal
2026-02-16 20:58:31.107134,Tokyo-cd14,34,50,Normal
2026-02-16 20:58:32.107134,Tokyo-cd14,25,95,Normal
2026-02-16 20:58:33.107134,Tokyo-cd14,4,18,Normal
2026-02-16 20:58:34.107134,Tokyo-cd14,-30,47,Normal
2026-02-16 20:58:35.107134,Tokyo-cd14,17,66,Normal
2026-02-16 20:58:36.107134,Tokyo-cd14,39,38,Normal
2026-02-16 20:58:37.107134,Tokyo-cd14,-20,63,Normal
2026-02-16 20:58:38.107134,Tokyo-cd14,44,93,Normal
2026-02-16 20:58:39.107134,Tokyo-cd14,-20,56,Normal
2026-02-16 20:58:40.107134,Tokyo-cd14,22,28,Normal
2026-02-16 20:58:41.107134,Tokyo-cd14,-13,14,Normal
2026-02-16 20:58:42.107134,Tokyo-cd14,-28,54,Normal
2026-02-16 20:58:43.107134,Tokyo-cd14,1,50,Normal
2026-02-16 20:58:44.107134,Tokyo-cd14,-3,85,Normal
2026-02-16 20:58:45.107134,Tokyo-cd14,-27,32,Normal
2026-02-16 20:58:46.107134,Tokyo-cd14,25,53,Normal
2026-02-16 20:58:47.107134,Tokyo-cd14,12,12,Normal
2026-02-16 20:58:48.107134,Tokyo-cd14,-2,84,Normal
2026-02-16 20:58:49.107134,Tokyo-cd14,-21,16,Normal
2026-02-16 20:58:50.107134,Tokyo-cd14,30,12,Normal
2026-02-16 20:58:51.107134,Tokyo-cd14,-18,71,Normal
2026-02-16 20:58:52.107134,Tokyo-cd14,37,6,Normal
2026-02-16 20:58:53.107134,Tokyo-cd14,43,3,Normal
2026-02-16 20:58:54.107134,Tokyo-cd14,-21,1,Normal
2026-02-16 20:58:55.107134,Tokyo-cd14,-27,40,Normal
2026-02-16 20:58:56.107134,Tokyo-cd14,9,61,Normal
2026-02-16 20:58:57.107134,Tokyo-cd14,-29,1,Normal
2026-02-16 20:58:58.107134,Tokyo-cd14,-2,55,Normal
2026-02-16 20:58:59.107134,Tokyo-cd14,-5,26,Normal
2026-02-16 20:59:00.107134,Tokyo-cd14,41,51,Normal
2026-02-16 20:59:01.107134,Tokyo-cd14,-12,89,Normal
2026-02-16 20:59:02.107134,Tokyo-cd14,31,19,Normal
2026-02-16 20:59:03.107134,Tokyo-cd14,28,87,Normal
2026-02-16 20:59:04.107134,Tokyo-cd14,-13,38,Normal
2026-02-16 20:59:05.107134,Tokyo-cd14,36,16,Normal
2026-02-16 20:59:06.107134,Tokyo-cd14,6,92,Normal
2026-02-16 20:59:07.107134,Tokyo-cd14,49,6,Normal
2026-02-16 20:59:08.107134,Tokyo-cd14,30,44,Normal
2026-02-16 20:59:09.107134,Tokyo-cd14,-17,55,Normal
2026-02-16 20:59:10.107134,Tokyo-cd14,-21,93,Normal
2026-02-16 20:59:11.107134,Tokyo-cd14,29,93,Normal
2026-02-16 20:59:12.107134,Tokyo-cd14,7,29,Normal
2026-02-16 20:59:13.107134,Tokyo-cd14,9,65,Normal
2026-02-16 20:59:14.107134,Tokyo-cd14,14,22,Normal
2026-02-16 20:59:15.107134,Tokyo-cd14,3,11,Normal
2026-02-16 20:59:16.107134,Tokyo-cd14,23,11,Normal
2026-02-16 20:59:17.107134,Tokyo-cd14,-4,65,Normal
2026-02-16 20:59:18.107134,Tokyo-cd14,-10,73,Normal
2026-02-16 20:59:19.107134,Tokyo-cd14,-9,56,Normal
2026-02-16 20:59:20.107134,Tokyo-cd14,-25,42,Normal
2026-02-16 20:59:21.107134,Tokyo-cd14,-3,97,Normal
2026-02-16 20:59:22.107134,Tokyo-cd14,35,46,Normal
2026-02-16 20:59:23.107134,Tokyo-cd14,47,8,Normal
2026-02-16 20:59:24.107134,Tokyo-cd14,16,1,Normal
2026-02-16 20:59:25.107134,Tokyo-cd14,48,60,Normal
2026-02-16 20:59:26.107134,Tokyo-cd14,35,72,Normal
2026-02-16 20:59:27.107134,Tokyo-cd14,39,85,Normal
2026-02-16 20:59:28.107134,Tokyo-cd14,14,55,Normal
2026-02-16 20:59:29.107134,Tokyo-cd14,-15,96,Normal
2026-02-16 20:59:30.107134,Tokyo-cd14,42,92,Normal
2026-02-16 20:59:31.107134,Tokyo-cd14,-11,6,Normal
2026-02-16 20:59:32.107134,Tokyo-cd14,14,35,Normal
2026-02-16 20:59:33.107134,Tokyo-cd14,10,48,Normal
2026-02-16 20:59:34.107134,Tokyo-cd14,17,92,Normal
2026-02-16 20:59:35.107134,Tokyo-cd14,-26,8,Normal
2026-02-16 20:59:36.107134,Tokyo-cd14,-9,69,Normal
2026-02-16 20:59:37.107134,Tokyo-cd14,38,74,Normal
2026-02-16 20:59:38.107134,Tokyo-cd14,-19,95,Normal
2026-02-16 20:59:39.107134,Tokyo-cd14,3,67,Normal
2026-02-16 20:59:40.107134,Tokyo-cd14,-15,96,Normal
2026-02-16 20:59:41.107134,Tokyo-cd14,-3,54,Normal
2026-02-16 20:59:42.107134,Tokyo-cd14,23,96,Normal
2026-02-16 20:59:43.107134,Tokyo-cd14,19,90,Normal
2026-02-16 20:59:44.107134,Tokyo-cd14,-28,29,Normal
2026-02-16 20:59:45.107134,Tokyo-cd14,-28,33,Normal
2026-02-16 20:59:46.107134,Tokyo-cd14,3,67,Normal
2026-02-16 20:59:47.107134,Tokyo-cd14,29,7,Normal
2026-02-16 20:59:48.107134,Tokyo-cd14,2,53,Normal
2026-02-16 20:59:49.107134,Tokyo-cd14,-2,51,Normal
2026-02-16 20:59:50.107134,Tokyo-cd14,-21,80,Normal
2026-02-16 20:59:51.107134,Tokyo-cd14,-8,51,Normal
2026-02-16 20:59:52.107134,Tokyo-cd14,23,43,Normal
2026-02-16 20:59:53.107134,Tokyo-cd14,26,78,Normal
2026-02-16 20:59:54.107134,Tokyo-cd14,0,100,Normal
2026-02-16 20:59:55.107134,Tokyo-cd14,27,16,Normal
2026-02-16 20:59:56.107134,Tokyo-cd14,45,53,Normal
2026-02-16 20:59:57.107134,Tokyo-cd14,36,62,Normal
2026-02-16 20:59:58.107134,Tokyo-cd14,39,58,Normal
2026-02-16 20:59:59.107134,Tokyo-cd14,-7,92,Normal
2026-02-16 21:00:00.107134,Tokyo-cd14,-25,88,Normal
2026-02-16 21:00:01.107134,Tokyo-cd14,-12,58,Normal
2026-02-16 21:00:02.107134,Tokyo-cd14,0,61,Normal
2026-02-16 21:00:03.107134,Tokyo-cd14,-16,35,Normal
2026-02-16 21:00:04.107134,Tokyo-cd14,-1,83,Normal
2026-02-16 21:00:05.107134,Tokyo-cd14,47,91,Normal
2026-02-16 21:00:06.107134,Tokyo-cd14,-15,13,Normal
2026-02-16 21:00:07.107134,Tokyo-cd14,9,11,Normal
2026-02-16 21:00:08.107134,Tokyo-cd14,37,57,Normal
2026-02-16 21:00:09.107134,Tokyo-cd14,-3,72,Normal
2026-02-16 21:00:10.107134,Tokyo-cd14,17,27,Normal
2026-02-16 21:00:11.107134,Tokyo-cd14,-4,30,Normal
2026-02-16 21:00:12.107134,Tokyo-cd14,-19,81,Normal
2026-02-16 21:00:13.107134,Tokyo-cd14,17,16,Normal
2026-02-16 21:00:14.107134,Tokyo-cd14,48,93,Normal
2026-02-16 21:00:15.107134,Tokyo-cd14,-26,11,Normal
2026-02-16 21:00:16.107134,Tokyo-cd14,36,14,Normal
2026-02-16 21:00:17.107134,Tokyo-cd14,24,96,Normal
2026-02-16 21:00:18.107134,Tokyo-cd14,13,27,Normal
2026-02-16 21:00:19.107134,Tokyo-cd14,17,20,Normal
2026-02-16 21:00:20.107134,Tokyo-cd14,40,83,Normal
2026-02-16 21:00:21.107134,Tokyo-cd14,11,36,Normal
2026-02-16 21:00:22.107134,Tokyo-cd14,-2,7,Normal
2026-02-16 21:00:23.107134,Tokyo-cd14,11,32,Normal
2026-02-16 21:00:24.107134,Tokyo-cd14,-19,57,Normal
2026-02-16 21:00:25.107134,Tokyo-cd14,-9,77,Normal
2026-02-16 21:00:26.107134,Tokyo-cd14,33,77,Normal
2026-02-16 21:00:27.107134,Tokyo-cd14,8,29,Normal
2026-02-16 21:00:28.107134,Tokyo-cd14,39,9,Normal
2026-02-16 21:00:29.107134,Tokyo-cd14,46,4,Normal
2026-02-16 21:00:30.107134,Tokyo-cd14,-29,38,Normal
2026-02-16 21:00:31.107134,Tokyo-cd14,31,100,Normal
2026-02-16 21:00:32.107134,Tokyo-cd14,-16,89,Normal
2026-02-16 21:00:33.107134,Tokyo-cd14,-18,0,Normal
2026-02-16 21:00:34.107134,Tokyo-cd14,35,60,Normal
2026-02-16 21:00:35.107134,Tokyo-cd14,9,43,Normal
2026-02-16 21:00:36.107134,Tokyo-cd14,-3,48,Normal
2026-02-16 21:00:37.107134,Tokyo-cd14,10,96,Normal
2026-02-16 21:00:38.107134,Tokyo-cd14,43,53,Normal
2026-02-16 21:00:39.107134,Tokyo-cd14,-12,44,Normal
2026-02-16 21:00:40.107134,Tokyo-cd14,-13,30,Normal
2026-02-16 21:00:41.107134,Tokyo-cd14,8,95,Normal
2026-02-16 21:00:42.107134,Tokyo-cd14,37,34,Normal
2026-02-16 21:00:43.107134,Tokyo-cd14,-19,17,Normal
2026-02-16 21:00:44.107134,Tokyo-cd14,-30,11,Normal
2026-02-16 21:00:45.107134,Tokyo-cd14,44,9,Normal
2026-02-16 21:00:46.107134,Tokyo-cd14,22,81,Normal
2026-02-16 21:00:47.107134,Tokyo-cd14,0,90,Normal
2026-02-16 21:00:48.107134,Tokyo-cd14,-5,30,Normal
2026-02-16 21:00:49.107134,Tokyo-cd14,31,80,Normal
2026-02-16 21:00:50.107134,Tokyo-cd14,-9,36,Normal
2026-02-16 21:00:51.107134,Tokyo-cd14,13,54,Normal
2026-02-16 21:00:52.107134,Tokyo-cd14,-29,68,Normal
2026-02-16 21:00:53.107134,Tokyo-cd14,-3,16,Normal
2026-02-16 21:00:54.107134,Tokyo-cd14,40,62,Normal
2026-02-16 21:00:55.107134,Tokyo-cd14,10,23,Normal
2026-02-16 21:00:56.107134,Tokyo-cd14,-14,54,Normal
2026-02-16 21:00:57.107134,Tokyo-cd14,-21,54,Normal
2026-02-16 21:00:58.107134,Tokyo-cd14,3,81,Normal
2026-02-16 21:00:59.107134,Tokyo-cd14,-13,74,Normal
2026-02-16 21:01:00.107134,Tokyo-cd14,4,30,Normal
2026-02-16 21:01:01.107134,Tokyo-cd14,32,8,Normal
2026-02-16 21:01:02.107134,Tokyo-cd14,21,82,Normal
2026-02-16 21:01:03.107134,Tokyo-cd14,21,16,Normal
2026-02-16 21:01:04.107134,Tokyo-cd14,-18,52,Normal
2026-02-16 21:01:05.107134,Tokyo-cd14,29,77,Normal
2026-02-16 21:01:06.107134,Tokyo-cd14,35,50,Normal
2026-02-16 21:01:07.107134,Tokyo-cd14,40,27,Normal
2026-02-16 21:01:08.107134,Tokyo-cd14,-23,41,Normal
2026-02-16 21:01:09.107134,Tokyo-cd14,32,93,Normal
2026-02-16 21:01:10.107134,Tokyo-cd14,-3,46,Normal
2026-02-16 21:01:11.107134,Tokyo-cd14,46,45,Normal
2026-02-16 21:01:12.107134,Tokyo-cd14,-9,76,Normal
2026-02-16 21:01:13.107134,Tokyo-cd14,25,9,Normal
2026-02-16 21:01:14.107134,Tokyo-cd14,19,36,Normal
2026-02-16 21:01:15.107134,Tokyo-cd14,-14,53,Normal
2026-02-16 21:01:16.107134,Tokyo-cd14,36,1,Normal
2026-02-16 21:01:17.107134,Tokyo-cd14,-5,79,Normal
2026-02-16 21:01:18.107134,Tokyo-cd14,17,51,Normal
2026-02-16 21:01:19.107134,Tokyo-cd14,47,90,Normal
2026-02-16 21:01:20.107134,Tokyo-cd14,49,61,Normal
2026-02-16 21:01:21.107134,Tokyo-cd14,10,45,Normal
2026-02-16 21:01:22.107134,Tokyo-cd14,48,59,Normal
2026-02-16 21:01:23.107134,Tokyo-cd14,-1,47,Normal
2026-02-16 21:01:24.107134,Tokyo-cd14,-16,63,Normal
2026-02-16 21:01:25.107134,Tokyo-cd14,-21,95,Normal
2026-02-16 21:01:26.107134,Tokyo-cd14,3,51,Normal
2026-02-16 21:01:27.107134,Tokyo-cd14,1,25,Normal
2026-02-16 21:01:28.107134,Tokyo-cd14,-29,36,Normal
2026-02-16 21:01:29.107134,Tokyo-cd14,-10,65,Normal
2026-02-16 21:01:30.107134,Tokyo-cd14,-8,61,Normal
2026-02-16 21:01:31.107134,Tokyo-cd14,6,0,Normal
2026-02-16 21:01:32.107134,Tokyo-cd14,7,61,Normal
2026-02-16 21:01:33.107134,Tokyo-cd14,-8,75,Normal
2026-02-16 21:01:34.107134,Tokyo-cd14,-18,6,Normal
2026-02-16 21:01:35.107134,Tokyo-cd14,4,90,Normal
2026-02-16 21:01:36.107134,Tokyo-cd14,43,48,Normal
2026-02-16 21:01:37.107134,Tokyo-cd14,46,43,Normal
2026-02-16 21:01:38.107134,Tokyo-cd14,-25,72,Normal
2026-02-16 21:01:39.107134,Tokyo-cd14,42,68,Normal
2026-02-16 21:01:40.107134,Tokyo-cd14,29,59,Normal
2026-02-16 21:01:41.107134,Tokyo-cd14,30,20,Normal
2026-02-16 21:01:42.107134,Tokyo-cd14,-6,43,Normal
2026-02-16 21:01:43.107134,Tokyo-cd14,39,33,Normal
2026-02-16 21:01:44.107134,Tokyo-cd14,38,97,Normal
2026-02-16 21:01:45.107134,Tokyo-cd14,43,82,Normal
2026-02-16 21:01:46.107134,Tokyo-cd14,-29,41,Normal
2026-02-16 21:01:47.107134,Tokyo-cd14,23,14,Normal
2026-02-16 21:01:48.107134,Tokyo-cd14,29,33,Normal
2026-02-16 21:01:49.107134,Tokyo-cd14,10,3,Normal
2026-02-16 21:01:50.107134,Tokyo-cd14,23,68,Normal
2026-02-16 21:01:51.107134,Tokyo-cd14,-10,9,Normal
2026-02-16 21:01:52.107134,Tokyo-cd14,27,20,Normal
2026-02-16 21:01:53.107134,Tokyo-cd14,-29,10,Normal
2026-02-16 21:01:54.107134,Tokyo-cd14,23,3,Normal
2026-02-16 21:01:55.107134,Tokyo-cd14,2,36,Normal
2026-02-16 21:01:56.107134,Tokyo-cd14,12,60,Normal
2026-02-16 21:01:57.107134,Tokyo-cd14,29,0,Normal
2026-02-16 21:01:58.107134,Tokyo-cd14,2,20,Normal
2026-02-16 21:01:59.107134,Tokyo-cd14,25,23,Normal
2026-02-16 21:02:00.107134,Tokyo-cd14,-29,89,Normal
2026-02-16 21:02:01.107134,Tokyo-cd14,7,1,Normal
2026-02-16 21:02:02.107134,Tokyo-cd14,3,92,Normal
2026-02-16 21:02:03.107134,Tokyo-cd14,-24,0,Normal
2026-02-16 21:02:04.107134,Tokyo-cd14,-3,65,Normal
2026-02-16 21:02:05.107134,Tokyo-cd14,-5,43,Normal
2026-02-16 21:02:06.107134,Tokyo-cd14,30,84,Normal
2026-02-16 21:02:07.107134,Tokyo-cd14,-29,12,Normal
2026-02-16 21:02:08.107134,Tokyo-cd14,41,74,Normal
2026-02-16 21:02:09.107134,Tokyo-cd14,-25,75,Normal
2026-02-16 21:02:10.107134,Tokyo-cd14,19,58,Normal
2026-02-16 21:02:11.107134,Tokyo-cd14,-7,11,Normal
2026-02-16 21:02:12.107134,Tokyo-cd14,-11,64,Normal
2026-02-16 21:02:13.107134,Tokyo-cd14,-6,20,Normal
2026-02-16 21:02:14.107134,Tokyo-cd14,-15,97,Normal
2026-02-16 21:02:15.107134,Tokyo-cd14,11,72,Normal
2026-02-16 21:02:16.107134,Tokyo-cd14,2,28,Normal
2026-02-16 21:02:17.107134,Tokyo-cd14,-23,3,Normal
2026-02-16 21:02:18.107134,Tokyo-cd14,13,3,Normal
2026-02-16 21:02:19.107134,Tokyo-cd14,44,48,Normal
2026-02-16 21:02:20.107134,Tokyo-cd14,50,12,Normal
2026-02-16 21:02:21.107134,Tokyo-cd14,18,50,Normal
2026-02-16 21:02:22.107134,Tokyo-cd14,-28,9,Normal
2026-02-16 21:02:23.107134,Tokyo-cd14,9,31,Normal
2026-02-16 21:02:24.107134,Tokyo-cd14,8,51,Normal
2026-02-16 21:02:25.107134,Tokyo-cd14,28,97,Normal
2026-02-16 21:02:26.107134,Tokyo-cd14,6,40,Normal
2026-02-16 21:02:27.107134,Tokyo-cd14,13,38,Normal
2026-02-16 21:02:28.107134,Tokyo-cd14,-3,63,Normal
2026-02-16 21:02:29.107134,Tokyo-cd14,0,31,Normal
2026-02-16 21:02:30.107134,Tokyo-cd14,-7,11,Normal
2026-02-16 21:02:31.107134,Tokyo-cd14,45,18,Normal
2026-02-16 21:02:32.107134,Tokyo-cd14,-24,36,Normal
2026-02-16 21:02:33.107134,Tokyo-cd14,3,64,Normal
2026-02-16 21:02:34.107134,Tokyo-cd14,50,22,Normal
2026-02-16 21:02:35.107134,Tokyo-cd14,-14,76,Normal
2026-02-16 21:02:36.107134,Tokyo-cd14,39,61,Normal
2026-02-16 21:02:37.107134,Tokyo-cd14,22,71,Normal
2026-02-16 21:02:38.107134,Tokyo-cd14,34,68,Normal
2026-02-16 21:02:39.107134,Tokyo-cd14,27,73,Normal
2026-02-16 21:02:40.107134,Tokyo-cd14,-11,49,Normal
2026-02-16 21:02:41.107134,Tokyo-cd14,-20,3,Normal
2026-02-16 21:02:42.107134,Tokyo-cd14,46,91,Normal
2026-02-16 21:02:43.107134,Tokyo-cd14,-1,75,Normal
2026-02-16 21:02:44.107134,Tokyo-cd14,32,73,Normal
2026-02-16 21:02:45.107134,Tokyo-cd14,24,43,Normal
2026-02-16 21:02:46.107134,Tokyo-cd14,-16,32,Normal
2026-02-16 21:02:47.107134,Tokyo-cd14,-10,22,Normal
2026-02-16 21:02:48.107134,Tokyo-cd14,-21,84,Normal
2026-02-16 21:02:49.107134,Tokyo-cd14,-21,73,Normal
2026-02-16 21:02:50.107134,Tokyo-cd14,34,91,Normal
2026-02-16 21:02:51.107134,Tokyo-cd14,33,99,Normal
2026-02-16 21:02:52.107134,Tokyo-cd14,12,53,Normal
2026-02-16 21:02:53.107134,Tokyo-cd14,0,87,Normal
2026-02-16 21:02:54.107134,Tokyo-cd14,34,44,Normal
2026-02-16 21:02:55.107134,Tokyo-cd14,3,89,Normal
2026-02-16 21:02:56.107134,Tokyo-cd14,49,19,Normal
2026-02-16 21:02:57.107134,Tokyo-cd14,-9,28,Normal
2026-02-16 21:02:58.107134,Tokyo-cd14,3,66,Normal
2026-02-16 21:02:59.107134,Tokyo-cd14,12,13,Normal
2026-02-16 21:03:00.107134,Tokyo-cd14,29,92,Normal
2026-02-16 21:03:01.107134,Tokyo-cd14,-28,84,Normal
2026-02-16 21:03:02.107134,Tokyo-cd14,45,96,Normal
2026-02-16 21:03:03.107134,Tokyo-cd14,20,14,Normal
2026-02-16 21:03:04.107134,Tokyo-cd14,16,93,Normal
2026-02-16 21:03:05.107134,Tokyo-cd14,-12,35,Normal
2026-02-16 21:03:06.107134,Tokyo-cd14,-13,11,Normal
2026-02-16 21:03:07.107134,Tokyo-cd14,37,97,Normal
2026-02-16 21:03:08.107134,Tokyo-cd14,-10,8,Normal
2026-02-16 21:03:09.107134,Tokyo-cd14,47,98,Normal
2026-02-16 21:03:10.107134,Tokyo-cd14,5,91,Normal
2026-02-16 21:03:11.107134,Tokyo-cd14,-20,18,Normal
2026-02-16 21:03:12.107134,Tokyo-cd14,27,69,Normal
2026-02-16 21:03:13.107134,Tokyo-cd14,46,48,Normal
2026-02-16 21:03:14.107134,Tokyo-cd14,9,83,Normal
