timestamp,station_id,temp,humid,condition
2026-02-08 15:38:29.908772,NewYork-dbdb,-30,18,Normal
2026-02-08 15:38:30.908772,NewYork-dbdb,40,81,Normal
2026-02-08 15:38:31.908772,NewYork-dbdb,-17,64,Normal
2026-02-08 15:38:32.908772,NewYork-dbdb,12,11,Normal
2026-02-08 15:38:33.908772,NewYork-dbdb,19,78,Normal
2026-02-08 15:38:34.908772,NewYork-dbdb,6,8,Normal
2026-02-08 15:38:35.908772,NewYork-dbdb,-12,95,Normal
2026-02-08 15:38:36.908772,NewYork-dbdb,3,87,Normal
2026-02-08 15:38:37.908772,NewYork-dbdb,50,52,Normal
2026-02-08 15:38:38.908772,NewYork-dbdb,-21,29,Normal
2026-02-08 15:38:39.908772,NewYork-dbdb,17,34,Normal
2026-02-08 15:38:40.908772,NewYork-dbdb,0,69,Normal
2026-02-08 15:38:41.908772,NewYork-dbdb,38,0,Normal
2026-02-08 15:38:42.908772,NewYork-dbdb,10,84,Normal
2026-02-08 15:38:43.908772,NewYork-dbdb,50,74,Normal
2026-02-08 15:38:44.908772,NewYork-dbdb,34,78,Normal
2026-02-08 15:38:45.908772,NewYork-dbdb,40,47,Normal
2026-02-08 15:38:46.908772,NewYork-dbdb,47,4,Normal
2026-02-08 15:38:47.908772,NewYork-dbdb,-23,5,Normal
2026-02-08 15:38:48.908772,NewYork-dbdb,15,85,Normal
2026-02-08 15:38:49.908772,NewYork-dbdb,-18,46,Normal
2026-02-08 15:38:50.908772,NewYork-dbdb,12,45,Normal
2026-02-08 15:38:51.908772,NewYork-dbdb,-20,64,Normal
2026-02-08 15:38:52.908772,NewYork-dbdb,-25,50,Normal
2026-02-08 15:38:53.908772,NewYork-dbdb,39,76,Normal
2026-02-08 15:38:54.908772,NewYork-dbdb,32,77,Normal
2026-02-08 15:38:55.908772,NewYork-dbdb,5,35,Normal
2026-02-08 15:38:56.908772,NewYork-dbdb,11,76,Normal
2026-02-08 15:38:57.908772,NewYork-dbdb,-25,58,Normal
2026-02-08 15:38:58.908772,NewYork-dbdb,30,93,Normal
2026-02-08 15:38:59.908772,NewYork-dbdb,42,53,Normal
2026-02-08 15:39:00.908772,NewYork-dbdb,17,56,Normal
2026-02-08 15:39:01.908772,NewYork-dbdb,4,92,Normal
2026-02-08 15:39:02.908772,NewYork-dbdb,35,90,Normal
2026-02-08 15:39:03.908772,NewYork-dbdb,35,41,Normal
2026-02-08 15:39:04.908772,NewYork-dbdb,4,16,Normal
2026-02-08 15:39:05.908772,NewYork-dbdb,42,10,Normal
2026-02-08 15:39:06.908772,NewYork-dbdb,39,63,Normal
2026-02-08 15:39:07.908772,NewYork-dbdb,26,59,Normal
2026-02-08 15:39:08.908772,NewYork-dbdb,6,45,Normal
2026-02-08 15:39:09.908772,NewYork-dbdb,48,100,Normal
2026-02-08 15:39:10.908772,NewYork-dbdb,43,78,Normal
2026-02-08 15:39:11.908772,NewYork-dbdb,39,59,Normal
2026-02-08 15:39:12.908772,NewYork-dbdb,-4,29,Normal
2026-02-08 15:39:13.908772,NewYork-dbdb,34,33,Normal
2026-02-08 15:39:14.908772,NewYork-dbdb,33,29,Normal
2026-02-08 15:39:15.908772,NewYork-dbdb,28,100,Normal
2026-02-08 15:39:16.908772,NewYork-dbdb,20,2,Normal
2026-02-08 15:39:17.908772,NewYork-dbdb,9,44,Normal
2026-02-08 15:39:18.908772,NewYork-dbdb,-8,54,Normal
2026-02-08 15:39:19.908772,NewYork-dbdb,-10,66,Normal
2026-02-08 15:39:20.908772,NewYork-dbdb,46,60,Normal
2026-02-08 15:39:21.908772,NewYork-dbdb,33,69,Normal
2026-02-08 15:39:22.908772,NewYork-dbdb,45,24,Normal
2026-02-08 15:39:23.908772,NewYork-dbdb,12,39,Normal
2026-02-08 15:39:24.908772,NewYork-dbdb,34,96,Normal
2026-02-08 15:39:25.908772,NewYork-dbdb,7,39,Normal
2026-02-08 15:39:26.908772,NewYork-dbdb,26,32,Normal
2026-02-08 15:39:27.908772,NewYork-dbdb,-10,16,Normal
2026-02-08 15:39:28.908772,NewYork-dbdb,28,7,Normal
2026-02-08 15:39:29.908772,NewYork-dbdb,9,92,Normal
2026-02-08 15:39:30.908772,NewYork-dbdb,1,62,Normal
2026-02-08 15:39:31.908772,NewYork-dbdb,4,84,Normal
2026-02-08 15:39:32.908772,NewYork-dbdb,22,5,Normal
2026-02-08 15:39:33.908772,NewYork-dbdb,36,68,Normal
2026-02-08 15:39:34.908772,NewYork-dbdb,8,95,Normal
2026-02-08 15:39:35.908772,NewYork-dbdb,7,6,Normal
2026-02-08 15:39:36.908772,NewYork-dbdb,-8,90,Normal
2026-02-08 15:39:37.908772,NewYork-dbdb,-14,37,Normal
2026-02-08 15:39:38.908772,NewYork-dbdb,8,37,Normal
2026-02-08 15:39:39.908772,NewYork-dbdb,15,0,Normal
2026-02-08 15:39:40.908772,NewYork-dbdb,33,20,Normal
2026-02-08 15:39:41.908772,NewYork-dbdb,44,89,Normal
2026-02-08 15:39:42.908772,NewYork-dbdb,11,36,Normal
2026-02-08 15:39:43.908772,NewYork-dbdb,19,81,Normal
2026-02-08 15:39:44.908772,NewYork-dbdb,36,1,Normal
2026-02-08 15:39:45.908772,NewYork-dbdb,-8,30,Normal
2026-02-08 15:39:46.908772,NewYork-dbdb,12,21,Normal
2026-02-08 15:39:47.908772,NewYork-dbdb,-1,8,Normal
2026-02-08 15:39:48.908772,NewYork-dbdb,37,51,Normal
2026-02-08 15:39:49.908772,NewYork-dbdb,33,64,Normal
2026-02-08 15:39:50.908772,NewYork-dbdb,-5,27,Normal
2026-02-08 15:39:51.908772,NewYork-dbdb,27,67,Normal
2026-02-08 15:39:52.908772,NewYork-dbdb,-3,35,Normal
2026-02-08 15:39:53.908772,NewYork-dbdb,21,53,Normal
2026-02-08 15:39:54.908772,NewYork-dbdb,38,60,Normal
2026-02-08 15:39:55.908772,NewYork-dbdb,27,30,Normal
2026-02-08 15:39:56.908772,NewYork-dbdb,-11,12,Normal
2026-02-08 15:39:57.908772,NewYork-dbdb,27,68,Normal
2026-02-08 15:39:58.908772,NewYork-dbdb,-18,69,Normal
2026-02-08 15:39:59.908772,NewYork-dbdb,5,69,Normal
2026-02-08 15:40:00.908772,NewYork-dbdb,31,25,Normal
2026-02-08 15:40:01.908772,NewYork-dbdb,-28,33,Normal
2026-02-08 15:40:02.908772,NewYork-dbdb,35,97,Normal
2026-02-08 15:40:03.908772,NewYork-dbdb,28,35,Normal
2026-02-08 15:40:04.908772,NewYork-dbdb,35,34,Normal
2026-02-08 15:40:05.908772,NewYork-dbdb,37,92,Normal
2026-02-08 15:40:06.908772,NewYork-dbdb,-9,58,Normal
2026-02-08 15:40:07.908772,NewYork-dbdb,41,80,Normal
2026-02-08 15:40:08.908772,NewYork-dbdb,14,36,Normal
2026-02-08 15:40:09.908772,NewYork-dbdb,-5,4,Normal
2026-02-08 15:40:10.908772,NewYork-dbdb,-21,45,Normal
2026-02-08 15:40:11.908772,NewYork-dbdb,17,66,Normal
2026-02-08 15:40:12.908772,NewYork-dbdb,-9,77,Normal
2026-02-08 15:40:13.908772,NewYork-dbdb,37,68,Normal
2026-02-08 15:40:14.908772,NewYork-dbdb,10,71,Normal
2026-02-08 15:40:15.908772,NewYork-dbdb,-26,1,Normal
2026-02-08 15:40:16.908772,NewYork-dbdb,41,54,Normal
2026-02-08 15:40:17.908772,NewYork-dbdb,-26,56,Normal
2026-02-08 15:40:18.908772,NewYork-dbdb,-15,89,Normal
2026-02-08 15:40:19.908772,NewYork-dbdb,10,36,Normal
2026-02-08 15:40:20.908772,NewYork-dbdb,-11,39,Normal
2026-02-08 15:40:21.908772,NewYork-dbdb,37,4,Normal
2026-02-08 15:40:22.908772,NewYork-dbdb,22,35,Normal
2026-02-08 15:40:23.908772,NewYork-dbdb,21,23,Normal
2026-02-08 15:40:24.908772,NewYork-dbdb,-14,2,Normal
2026-02-08 15:40:25.908772,NewYork-dbdb,47,5,Normal
2026-02-08 15:40:26.908772,NewYork-dbdb,-3,74,Normal
2026-02-08 15:40:27.908772,NewYork-dbdb,-25,68,Normal
2026-02-08 15:40:28.908772,NewYork-dbdb,-30,43,Normal
2026-02-08 15:40:29.908772,NewYork-dbdb,-5,5,Normal
2026-02-08 15:40:30.908772,NewYork-dbdb,22,64,Normal
2026-02-08 15:40:31.908772,NewYork-dbdb,-13,75,Normal
2026-02-08 15:40:32.908772,NewYork-dbdb,-12,18,Normal
2026-02-08 15:40:33.908772,NewYork-dbdb,16,26,Normal
2026-02-08 15:40:34.908772,NewYork-dbdb,-16,28,Normal
2026-02-08 15:40:35.908772,NewYork-dbdb,-21,9,Normal
2026-02-08 15:40:36.908772,NewYork-dbdb,20,93,Normal
2026-02-08 15:40:37.908772,NewYork-dbdb,46,56,Normal
2026-02-08 15:40:38.908772,NewYork-dbdb,37,24,Normal
2026-02-08 15:40:39.908772,NewYork-dbdb,-26,77,Normal
2026-02-08 15:40:40.908772,NewYork-dbdb,-7,43,Normal
2026-02-08 15:40:41.908772,NewYork-dbdb,-16,93,Normal
2026-02-08 15:40:42.908772,NewYork-dbdb,14,97,Normal
2026-02-08 15:40:43.908772,NewYork-dbdb,50,59,Normal
2026-02-08 15:40:44.908772,NewYork-dbdb,33,12,Normal
2026-02-08 15:40:45.908772,NewYork-dbdb,45,100,Normal
2026-02-08 15:40:46.908772,NewYork-dbdb,16,76,Normal
2026-02-08 15:40:47.908772,NewYork-dbdb,6,94,Normal
2026-02-08 15:40:48.908772,NewYork-dbdb,29,72,Normal
2026-02-08 15:40:49.908772,NewYork-dbdb,25,11,Normal
2026-02-08 15:40:50.908772,NewYork-dbdb,4,61,Normal
2026-02-08 15:40:51.908772,NewYork-dbdb,10,76,Normal
2026-02-08 15:40:52.908772,NewYork-dbdb,-19,20,Normal
2026-02-08 15:40:53.908772,NewYork-dbdb,-14,100,Normal
2026-02-08 15:40:54.908772,NewYork-dbdb,-22,68,Normal
2026-02-08 15:40:55.908772,NewYork-dbdb,0,79,Normal
2026-02-08 15:40:56.908772,NewYork-dbdb,-13,31,Normal
2026-02-08 15:40:57.908772,NewYork-dbdb,0,94,Normal
2026-02-08 15:40:58.908772,NewYork-dbdb,30,36,Normal
2026-02-08 15:40:59.908772,NewYork-dbdb,44,21,Normal
2026-02-08 15:41:00.908772,NewYork-dbdb,11,91,Normal
2026-02-08 15:41:01.908772,NewYork-dbdb,-26,16,Normal
2026-02-08 15:41:02.908772,NewYork-dbdb,-9,1,Normal
2026-02-08 15:41:03.908772,NewYork-dbdb,40,70,Normal
2026-02-08 15:41:04.908772,NewYork-dbdb,30,77,Normal
2026-02-08 15:41:05.908772,NewYork-dbdb,8,75,Normal
2026-02-08 15:41:06.908772,NewYork-dbdb,8,14,Normal
2026-02-08 15:41:07.908772,NewYork-dbdb,-7,95,Normal
2026-02-08 15:41:08.908772,NewYork-dbdb,47,9,Normal
2026-02-08 15:41:09.908772,NewYork-dbdb,-23,6,Normal
2026-02-08 15:41:10.908772,NewYork-dbdb,39,30,Normal
2026-02-08 15:41:11.908772,NewYork-dbdb,1,19,Normal
2026-02-08 15:41:12.908772,NewYork-dbdb,-28,26,Normal
2026-02-08 15:41:13.908772,NewYork-dbdb,32,5,Normal
2026-02-08 15:41:14.908772,NewYork-dbdb,28,54,Normal
2026-02-08 15:41:15.908772,NewYork-dbdb,5,48,Normal
2026-02-08 15:41:16.908772,NewYork-dbdb,40,80,Normal
2026-02-08 15:41:17.908772,NewYork-dbdb,7,4,Normal
2026-02-08 15:41:18.908772,NewYork-dbdb,17,71,Normal
2026-02-08 15:41:19.908772,NewYork-dbdb,-10,54,Normal
2026-02-08 15:41:20.908772,NewYork-dbdb,14,14,Normal
2026-02-08 15:41:21.908772,NewYork-dbdb,43,34,Normal
2026-02-08 15:41:22.908772,NewYork-dbdb,32,48,Normal
2026-02-08 15:41:23.908772,NewYork-dbdb,41,32,Normal
2026-02-08 15:41:24.908772,NewYork-dbdb,32,97,Normal
2026-02-08 15:41:25.908772,NewYork-dbdb,13,51,Normal
2026-02-08 15:41:26.908772,NewYork-dbdb,4,77,Normal
2026-02-08 15:41:27.908772,NewYork-dbdb,-6,69,Normal
2026-02-08 15:41:28.908772,NewYork-dbdb,5,77,Normal
2026-02-08 15:41:29.908772,NewYork-dbdb,42,58,Normal
2026-02-08 15:41:30.908772,NewYork-dbdb,0,80,Normal
2026-02-08 15:41:31.908772,NewYork-dbdb,-10,97,Normal
2026-02-08 15:41:32.908772,NewYork-dbdb,-27,93,Normal
2026-02-08 15:41:33.908772,NewYork-dbdb,13,77,Normal
2026-02-08 15:41:34.908772,NewYork-dbdb,-6,90,Normal
2026-02-08 15:41:35.908772,NewYork-dbdb,-28,1,Normal
2026-02-08 15:41:36.908772,NewYork-dbdb,-3,22,Normal
2026-02-08 15:41:37.908772,NewYork-dbdb,37,57,Normal
2026-02-08 15:41:38.908772,NewYork-dbdb,43,100,Normal
2026-02-08 15:41:39.908772,NewYork-dbdb,-30,52,Normal
2026-02-08 15:41:40.908772,NewYork-dbdb,8,1,Normal
2026-02-08 15:41:41.908772,NewYork-dbdb,27,55,Normal
2026-02-08 15:41:42.908772,NewYork-dbdb,-27,89,Normal
2026-02-08 15:41:43.908772,NewYork-dbdb,-5,28,Normal
2026-02-08 15:41:44.908772,NewYork-dbdb,21,98,Normal
2026-02-08 15:41:45.908772,NewYork-dbdb,47,31,Normal
2026-02-08 15:41:46.908772,NewYork-dbdb,-27,59,Normal
2026-02-08 15:41:47.908772,NewYork-dbdb,41,76,Normal
2026-02-08 15:41:48.908772,NewYork-dbdb,12,90,Normal
2026-02-08 15:41:49.908772,NewYork-dbdb,-29,53,Normal
2026-02-08 15:41:50.908772,NewYork-dbdb,-17,58,Normal
2026-02-08 15:41:51.908772,NewYork-dbdb,45,32,Normal
2026-02-08 15:41:52.908772,NewYork-dbdb,-19,87,Normal
2026-02-08 15:41:53.908772,NewYork-dbdb,49,13,Normal
2026-02-08 15:41:54.908772,NewYork-dbdb,-2,77,Normal
2026-02-08 15:41:55.908772,NewYork-dbdb,6,92,Normal
2026-02-08 15:41:56.908772,NewYork-dbdb,6,46,Normal
2026-02-08 15:41:57.908772,NewYork-dbdb,19,89,Normal
2026-02-08 15:41:58.908772,NewYork-dbdb,46,28,Normal
2026-02-08 15:41:59.908772,NewYork-dbdb,-8,28,Normal
2026-02-08 15:42:00.908772,NewYork-dbdb,-28,29,Normal
2026-02-08 15:42:01.908772,NewYork-dbdb,-22,3,Normal
2026-02-08 15:42:02.908772,NewYork-dbdb,30,70,Normal
2026-02-08 15:42:03.908772,NewYork-dbdb,33,95,Normal
2026-02-08 15:42:04.908772,NewYork-dbdb,20,94,Normal
2026-02-08 15:42:05.908772,NewYork-dbdb,0,94,Normal
2026-02-08 15:42:06.908772,NewYork-dbdb,23,95,Normal
2026-02-08 15:42:07.908772,NewYork-dbdb,39,67,Normal
2026-02-08 15:42:08.908772,NewYork-dbdb,-24,58,Normal
2026-02-08 15:42:09.908772,NewYork-dbdb,34,4,Normal
2026-02-08 15:42:10.908772,NewYork-dbdb,4,86,Normal
2026-02-08 15:42:11.908772,NewYork-dbdb,-4,29,Normal
2026-02-08 15:42:12.908772,NewYork-dbdb,-8,25,Normal
2026-02-08 15:42:13.908772,NewYork-dbdb,43,87,Normal
2026-02-08 15:42:14.908772,NewYork-dbdb,40,94,Normal
2026-02-08 15:42:15.908772,NewYork-dbdb,31,78,Normal
2026-02-08 15:42:16.908772,NewYork-dbdb,4,81,Normal
2026-02-08 15:42:17.908772,NewYork-dbdb,25,78,Normal
2026-02-08 15:42:18.908772,NewYork-dbdb,8,93,Normal
2026-02-08 15:42:19.908772,NewYork-dbdb,1,84,Normal
2026-02-08 15:42:20.908772,NewYork-dbdb,37,4,Normal
2026-02-08 15:42:21.908772,NewYork-dbdb,-13,29,Normal
2026-02-08 15:42:22.908772,NewYork-dbdb,41,57,Normal
2026-02-08 15:42:23.908772,NewYork-dbdb,-16,83,Normal
2026-02-08 15:42:24.908772,NewYork-dbdb,-19,1,Normal
2026-02-08 15:42:25.908772,NewYork-dbdb,1,19,Normal
2026-02-08 15:42:26.908772,NewYork-dbdb,42,16,Normal
2026-02-08 15:42:27.908772,NewYork-dbdb,-24,6,Normal
2026-02-08 15:42:28.908772,NewYork-dbdb,-12,62,Normal
2026-02-08 15:42:29.908772,NewYork-dbdb,-15,87,Normal
2026-02-08 15:42:30.908772,NewYork-dbdb,31,47,Normal
2026-02-08 15:42:31.908772,NewYork-dbdb,8,40,Normal
2026-02-08 15:42:32.908772,NewYork-dbdb,47,33,Normal
2026-02-08 15:42:33.908772,NewYork-dbdb,-8,87,Normal
2026-02-08 15:42:34.908772,NewYork-dbdb,-25,49,Normal
2026-02-08 15:42:35.908772,NewYork-dbdb,-21,28,Normal
2026-02-08 15:42:36.908772,NewYork-dbdb,22,6,Normal
2026-02-08 15:42:37.908772,NewYork-dbdb,43,17,Normal
2026-02-08 15:42:38.908772,NewYork-dbdb,10,100,Normal
2026-02-08 15:42:39.908772,NewYork-dbdb,2,52,Normal
2026-02-08 15:42:40.908772,NewYork-dbdb,-20,49,Normal
2026-02-08 15:42:41.908772,NewYork-dbdb,13,99,Normal
2026-02-08 15:42:42.908772,NewYork-dbdb,-23,50,Normal
2026-02-08 15:42:43.908772,NewYork-dbdb,-26,8,Normal
2026-02-08 15:42:44.908772,NewYork-dbdb,-12,15,Normal
2026-02-08 15:42:45.908772,NewYork-dbdb,24,66,Normal
2026-02-08 15:42:46.908772,NewYork-dbdb,4,62,Normal
2026-02-08 15:42:47.908772,NewYork-dbdb,-2,29,Normal
2026-02-08 15:42:48.908772,NewYork-dbdb,-23,68,Normal
2026-02-08 15:42:49.908772,NewYork-dbdb,-19,59,Normal
2026-02-08 15:42:50.908772,NewYork-dbdb,-9,93,Normal
2026-02-08 15:42:51.908772,NewYork-dbdb,21,51,Normal
2026-02-08 15:42:52.908772,NewYork-dbdb,1,59,Normal
2026-02-08 15:42:53.908772,NewYork-dbdb,40,22,Normal
2026-02-08 15:42:54.908772,NewYork-dbdb,-27,100,Normal
2026-02-08 15:42:55.908772,NewYork-dbdb,-15,33,Normal
2026-02-08 15:42:56.908772,NewYork-dbdb,42,91,Normal
2026-02-08 15:42:57.908772,NewYork-dbdb,-25,28,Normal
2026-02-08 15:42:58.908772,NewYork-dbdb,23,6,Normal
2026-02-08 15:42:59.908772,NewYork-dbdb,6,45,Normal
2026-02-08 15:43:00.908772,NewYork-dbdb,4,47,Normal
2026-02-08 15:43:01.908772,NewYork-dbdb,-8,29,Normal
2026-02-08 15:43:02.908772,NewYork-dbdb,40,57,Normal
2026-02-08 15:43:03.908772,NewYork-dbdb,16,32,Normal
2026-02-08 15:43:04.908772,NewYork-dbdb,45,9,Normal
2026-02-08 15:43:05.908772,NewYork-dbdb,-24,35,Normal
2026-02-08 15:43:06.908772,NewYork-dbdb,35,6,Normal
2026-02-08 15:43:07.908772,NewYork-dbdb,21,19,Normal
2026-02-08 15:43:08.908772,NewYork-dbdb,-23,58,Normal
2026-02-08 15:43:09.908772,NewYork-dbdb,-12,68,Normal
2026-02-08 15:43:10.908772,NewYork-dbdb,24,60,Normal
2026-02-08 15:43:11.908772,NewYork-dbdb,9,11,Normal
2026-02-08 15:43:12.908772,NewYork-dbdb,42,25,Normal
2026-02-08 15:43:13.908772,NewYork-dbdb,-25,94,Normal
2026-02-08 15:43:14.908772,NewYork-dbdb,10,55,Normal
2026-02-08 15:43:15.908772,NewYork-dbdb,42,84,Normal
2026-02-08 15:43:16.908772,NewYork-dbdb,-27,45,Normal
2026-02-08 15:43:17.908772,NewYork-dbdb,4,11,Normal
2026-02-08 15:43:18.908772,NewYork-dbdb,4,11,Normal
2026-02-08 15:43:19.908772,NewYork-dbdb,7,54,Normal
2026-02-08 15:43:20.908772,NewYork-dbdb,33,47,Normal
2026-02-08 15:43:21.908772,NewYork-dbdb,37,69,Normal
2026-02-08 15:43:22.908772,NewYork-dbdb,-7,60,Normal
2026-02-08 15:43:23.908772,NewYork-dbdb,-7,2,Normal
2026-02-08 15:43:24.908772,NewYork-dbdb,-23,40,Normal
2026-02-08 15:43:25.908772,NewYork-dbdb,-19,83,Normal
2026-02-08 15:43:26.908772,NewYork-dbdb,-22,95,Normal
2026-02-08 15:43:27.908772,NewYork-dbdb,-10,68,Normal
2026-02-08 15:43:28.908772,NewYork-dbdb,-5,50,Normal
2026-02-08 15:43:29.908772,NewYork-dbdb,34,86,Normal
2026-02-08 15:43:30.908772,NewYork-dbdb,-15,46,Normal
2026-02-08 15:43:31.908772,NewYork-dbdb,19,80,Normal
2026-02-08 15:43:32.908772,NewYork-dbdb,-8,61,Normal
2026-02-08 15:43:33.908772,NewYork-dbdb,14,85,Normal
2026-02-08 15:43:34.908772,NewYork-dbdb,-6,68,Normal
2026-02-08 15:43:35.908772,NewYork-dbdb,21,15,Normal
2026-02-08 15:43:36.908772,NewYork-dbdb,23,59,Normal
2026-02-08 15:43:37.908772,NewYork-dbdb,13,37,Normal
2026-02-08 15:43:38.908772,NewYork-dbdb,9,80,Normal
2026-02-08 15:43:39.908772,NewYork-dbdb,-11,15,Normal
2026-02-08 15:43:40.908772,NewYork-dbdb,3,29,Normal
2026-02-08 15:43:41.908772,NewYork-dbdb,-15,54,Normal
2026-02-08 15:43:42.908772,NewYork-dbdb,33,82,Normal
2026-02-08 15:43:43.908772,NewYork-dbdb,-23,4,Normal
2026-02-08 15:43:44.908772,NewYork-dbdb,12,38,Normal
2026-02-08 15:43:45.908772,NewYork-dbdb,-18,84,Normal
2026-02-08 15:43:46.908772,NewYork-dbdb,3,94,Normal
2026-02-08 15:43:47.908772,NewYork-dbdb,12,20,Normal
2026-02-08 15:43:48.908772,NewYork-dbdb,-10,70,Normal
2026-02-08 15:43:49.908772,NewYork-dbdb,-15,8,Normal
2026-02-08 15:43:50.908772,NewYork-dbdb,41,73,Normal
2026-02-08 15:43:51.908772,NewYork-dbdb,-18,48,Normal
2026-02-08 15:43:52.908772,NewYork-dbdb,49,79,Normal
2026-02-08 15:43:53.908772,NewYork-dbdb,15,18,Normal
2026-02-08 15:43:54.908772,NewYork-dbdb,36,10,Normal
2026-02-08 15:43:55.908772,NewYork-dbdb,47,49,Normal
2026-02-08 15:43:56.908772,NewYork-dbdb,33,6,Normal
2026-02-08 15:43:57.908772,NewYork-dbdb,23,47,Normal
2026-02-08 15:43:58.908772,NewYork-dbdb,-2,17,Normal
2026-02-08 15:43:59.908772,NewYork-dbdb,18,99,Normal
2026-02-08 15:44:00.908772,NewYork-dbdb,1,59,Normal
2026-02-08 15:44:01.908772,NewYork-dbdb,26,95,Normal
2026-02-08 15:44:02.908772,NewYork-dbdb,-3,79,Normal
2026-02-08 15:44:03.908772,NewYork-dbdb,-28,21,Normal
2026-02-08 15:44:04.908772,NewYork-dbdb,-12,74,Normal
2026-02-08 15:44:05.908772,NewYork-dbdb,36,89,Normal
2026-02-08 15:44:06.908772,NewYork-dbdb,-29,23,Normal
2026-02-08 15:44:07.908772,NewYork-dbdb,25,8,Normal
2026-02-08 15:44:08.908772,NewYork-dbdb,-9,47,Normal
2026-02-08 15:44:09.908772,NewYork-dbdb,-27,72,Normal
2026-02-08 15:44:10.908772,NewYork-dbdb,-23,66,Normal
2026-02-08 15:44:11.908772,NewYork-dbdb,3,74,Normal
2026-02-08 15:44:12.908772,NewYork-dbdb,19,19,Normal
2026-02-08 15:44:13.908772,NewYork-dbdb,-29,60,Normal
2026-02-08 15:44:14.908772,NewYork-dbdb,20,28,Normal
2026-02-08 15:44:15.908772,NewYork-dbdb,-12,94,Normal
2026-02-08 15:44:16.908772,NewYork-dbdb,33,75,Normal
2026-02-08 15:44:17.908772,NewYork-dbdb,-20,65,Normal
2026-02-08 15:44:18.908772,NewYork-dbdb,-7,67,Normal
2026-02-08 15:44:19.908772,NewYork-dbdb,11,53,Normal
2026-02-08 15:44:20.908772,NewYork-dbdb,10,39,Normal
2026-02-08 15:44:21.908772,NewYork-dbdb,13,11,Normal
2026-02-08 15:44:22.908772,NewYork-dbdb,6,1,Normal
2026-02-08 15:44:23.908772,NewYork-dbdb,5,90,Normal
2026-02-08 15:44:24.908772,NewYork-dbdb,12,48,Normal
2026-02-08 15:44:25.908772,NewYork-dbdb,0,80,Normal
2026-02-08 15:44:26.908772,NewYork-dbdb,-20,31,Normal
2026-02-08 15:44:27.908772,NewYork-dbdb,7,65,Normal
2026-02-08 15:44:28.908772,NewYork-dbdb,-11,52,Normal
2026-02-08 15:44:29.908772,NewYork-dbdb,-27,37,Normal
2026-02-08 15:44:30.908772,NewYork-dbdb,-24,45,Normal
2026-02-08 15:44:31.908772,NewYork-dbdb,7,64,Normal
2026-02-08 15:44:32.908772,NewYork-dbdb,15,88,Normal
2026-02-08 15:44:33.908772,NewYork-dbdb,18,23,Normal
2026-02-08 15:44:34.908772,NewYork-dbdb,16,90,Normal
2026-02-08 15:44:35.908772,NewYork-dbdb,-18,36,Normal
2026-02-08 15:44:36.908772,NewYork-dbdb,-14,35,Normal
2026-02-08 15:44:37.908772,NewYork-dbdb,30,20,Normal
2026-02-08 15:44:38.908772,NewYork-dbdb,-10,26,Normal
2026-02-08 15:44:39.908772,NewYork-dbdb,-5,67,Normal
2026-02-08 15:44:40.908772,NewYork-dbdb,23,66,Normal
2026-02-08 15:44:41.908772,NewYork-dbdb,-28,5,Normal
2026-02-08 15:44:42.908772,NewYork-dbdb,-11,30,Normal
2026-02-08 15:44:43.908772,NewYork-dbdb,-23,57,Normal
2026-02-08 15:44:44.908772,NewYork-dbdb,-17,96,Normal
2026-02-08 15:44:45.908772,NewYork-dbdb,11,25,Normal
2026-02-08 15:44:46.908772,NewYork-dbdb,-14,61,Normal
2026-02-08 15:44:47.908772,NewYork-dbdb,-30,23,Normal
2026-02-08 15:44:48.908772,NewYork-dbdb,1,49,Normal
2026-02-08 15:44:49.908772,NewYork-dbdb,3,88,Normal
2026-02-08 15:44:50.908772,NewYork-dbdb,-26,24,Normal
2026-02-08 15:44:51.908772,NewYork-dbdb,45,64,Normal
2026-02-08 15:44:52.908772,NewYork-dbdb,-28,14,Normal
2026-02-08 15:44:53.908772,NewYork-dbdb,25,1,Normal
2026-02-08 15:44:54.908772,NewYork-dbdb,18,48,Normal
2026-02-08 15:44:55.908772,NewYork-dbdb,7,22,Normal
2026-02-08 15:44:56.908772,NewYork-dbdb,5,56,Normal
2026-02-08 15:44:57.908772,NewYork-dbdb,40,65,Normal
2026-02-08 15:44:58.908772,NewYork-dbdb,30,46,Normal
2026-02-08 15:44:59.908772,NewYork-dbdb,2,60,Normal
2026-02-08 15:45:00.908772,NewYork-dbdb,-13,71,Normal
2026-02-08 15:45:01.908772,NewYork-dbdb,34,85,Normal
2026-02-08 15:45:02.908772,NewYork-dbdb,-28,25,Normal
2026-02-08 15:45:03.908772,NewYork-dbdb,13,43,Normal
2026-02-08 15:45:04.908772,NewYork-dbdb,19,4,Normal
2026-02-08 15:45:05.908772,NewYork-dbdb,42,65,Normal
2026-02-08 15:45:06.908772,NewYork-dbdb,19,83,Normal
2026-02-08 15:45:07.908772,NewYork-dbdb,7,44,Normal
2026-02-08 15:45:08.908772,NewYork-dbdb,-21,1,Normal
2026-02-08 15:45:09.908772,NewYork-dbdb,-30,16,Normal
2026-02-08 15:45:10.908772,NewYork-dbdb,9,26,Normal
2026-02-08 15:45:11.908772,NewYork-dbdb,-12,72,Normal
2026-02-08 15:45:12.908772,NewYork-dbdb,22,42,Normal
2026-02-08 15:45:13.908772,NewYork-dbdb,37,95,Normal
2026-02-08 15:45:14.908772,NewYork-dbdb,16,50,Normal
2026-02-08 15:45:15.908772,NewYork-dbdb,-7,78,Normal
2026-02-08 15:45:16.908772,NewYork-dbdb,26,83,Normal
2026-02-08 15:45:17.908772,NewYork-dbdb,45,11,Normal
2026-02-08 15:45:18.908772,NewYork-dbdb,-27,58,Normal
2026-02-08 15:45:19.908772,NewYork-dbdb,41,37,Normal
2026-02-08 15:45:20.908772,NewYork-dbdb,36,34,Normal
2026-02-08 15:45:21.908772,NewYork-dbdb,34,68,Normal
2026-02-08 15:45:22.908772,NewYork-dbdb,14,59,Normal
2026-02-08 15:45:23.908772,NewYork-dbdb,19,3,Normal
2026-02-08 15:45:24.908772,NewYork-dbdb,28,99,Normal
2026-02-08 15:45:25.908772,NewYork-dbdb,34,37,Normal
2026-02-08 15:45:26.908772,NewYork-dbdb,-11,54,Normal
2026-02-08 15:45:27.908772,NewYork-dbdb,44,30,Normal
2026-02-08 15:45:28.908772,NewYork-dbdb,-22,34,Normal
2026-02-08 15:45:29.908772,NewYork-dbdb,23,65,Normal
2026-02-08 15:45:30.908772,NewYork-dbdb,5,74,Normal
2026-02-08 15:45:31.908772,NewYork-dbdb,-9,17,Normal
2026-02-08 15:45:32.908772,NewYork-dbdb,2,23,Normal
2026-02-08 15:45:33.908772,NewYork-dbdb,-27,5,Normal
2026-02-08 15:45:34.908772,NewYork-dbdb,10,99,Normal
2026-02-08 15:45:35.908772,NewYork-dbdb,20,49,Normal
2026-02-08 15:45:36.908772,NewYork-dbdb,13,70,Normal
2026-02-08 15:45:37.908772,NewYork-dbdb,4,52,Normal
2026-02-08 15:45:38.908772,NewYork-dbdb,-1,39,Normal
2026-02-08 15:45:39.908772,NewYork-dbdb,23,53,Normal
2026-02-08 15:45:40.908772,NewYork-dbdb,10,97,Normal
2026-02-08 15:45:41.908772,NewYork-dbdb,-6,50,Normal
2026-02-08 15:45:42.908772,NewYork-dbdb,-23,17,Normal
2026-02-08 15:45:43.908772,NewYork-dbdb,44,11,Normal
2026-02-08 15:45:44.908772,NewYork-dbdb,-21,37,Normal
2026-02-08 15:45:45.908772,NewYork-dbdb,28,17,Normal
2026-02-08 15:45:46.908772,NewYork-dbdb,32,74,Normal
2026-02-08 15:45:47.908772,NewYork-dbdb,50,44,Normal
2026-02-08 15:45:48.908772,NewYork-dbdb,-6,88,Normal
2026-02-08 15:45:49.908772,NewYork-dbdb,-11,39,Normal
2026-02-08 15:45:50.908772,NewYork-dbdb,12,59,Normal
2026-02-08 15:45:51.908772,NewYork-dbdb,-8,11,Normal
2026-02-08 15:45:52.908772,NewYork-dbdb,2,70,Normal
2026-02-08 15:45:53.908772,NewYork-dbdb,10,97,Normal
2026-02-08 15:45:54.908772,NewYork-dbdb,17,17,Normal
2026-02-08 15:45:55.908772,NewYork-dbdb,-17,76,Normal
2026-02-08 15:45:56.908772,NewYork-dbdb,-9,22,Normal
2026-02-08 15:45:57.908772,NewYork-dbdb,9,21,Normal
2026-02-08 15:45:58.908772,NewYork-dbdb,31,96,Normal
2026-02-08 15:45:59.908772,NewYork-dbdb,-29,46,Normal
2026-02-08 15:46:00.908772,NewYork-dbdb,24,50,Normal
2026-02-08 15:46:01.908772,NewYork-dbdb,9,96,Normal
2026-02-08 15:46:02.908772,NewYork-dbdb,-25,16,Normal
2026-02-08 15:46:03.908772,NewYork-dbdb,-15,16,Normal
2026-02-08 15:46:04.908772,NewYork-dbdb,47,55,Normal
2026-02-08 15:46:05.908772,NewYork-dbdb,-4,54,Normal
2026-02-08 15:46:06.908772,NewYork-dbdb,-24,93,Normal
2026-02-08 15:46:07.908772,NewYork-dbdb,42,28,Normal
2026-02-08 15:46:08.908772,NewYork-dbdb,7,66,Normal
2026-02-08 15:46:09.908772,NewYork-dbdb,26,4,Normal
2026-02-08 15:46:10.908772,NewYork-dbdb,-18,0,Normal
2026-02-08 15:46:11.908772,NewYork-dbdb,44,16,Normal
2026-02-08 15:46:12.908772,NewYork-dbdb,-25,36,Normal
2026-02-08 15:46:13.908772,NewYork-dbdb,26,85,Normal
2026-02-08 15:46:14.908772,NewYork-dbdb,32,13,Normal
2026-02-08 15:46:15.908772,NewYork-dbdb,-21,19,Normal
2026-02-08 15:46:16.908772,NewYork-dbdb,19,17,Normal
2026-02-08 15:46:17.908772,NewYork-dbdb,27,55,Normal
2026-02-08 15:46:18.908772,NewYork-dbdb,10,88,Normal
2026-02-08 15:46:19.908772,NewYork-dbdb,23,43,Normal
2026-02-08 15:46:20.908772,NewYork-dbdb,44,84,Normal
2026-02-08 15:46:21.908772,NewYork-dbdb,-28,15,Normal
2026-02-08 15:46:22.908772,NewYork-dbdb,-21,61,Normal
2026-02-08 15:46:23.908772,NewYork-dbdb,-15,73,Normal
2026-02-08 15:46:24.908772,NewYork-dbdb,1,99,Normal
2026-02-08 15:46:25.908772,NewYork-dbdb,28,84,Normal
2026-02-08 15:46:26.908772,NewYork-dbdb,46,76,Normal
2026-02-08 15:46:27.908772,NewYork-dbdb,18,72,Normal
2026-02-08 15:46:28.908772,NewYork-dbdb,15,21,Normal
2026-02-08 15:46:29.908772,NewYork-dbdb,24,71,Normal
2026-02-08 15:46:30.908772,NewYork-dbdb,1,97,Normal
2026-02-08 15:46:31.908772,NewYork-dbdb,43,85,Normal
2026-02-08 15:46:32.908772,NewYork-dbdb,44,23,Normal
2026-02-08 15:46:33.908772,NewYork-dbdb,-1,41,Normal
2026-02-08 15:46:34.908772,NewYork-dbdb,47,24,Normal
2026-02-08 15:46:35.908772,NewYork-dbdb,1,58,Normal
2026-02-08 15:46:36.908772,NewYork-dbdb,21,20,Normal
2026-02-08 15:46:37.908772,NewYork-dbdb,45,68,Normal
2026-02-08 15:46:38.908772,NewYork-dbdb,40,43,Normal
2026-02-08 15:46:39.908772,NewYork-dbdb,14,78,Normal
2026-02-08 15:46:40.908772,NewYork-dbdb,25,50,Normal
2026-02-08 15:46:41.908772,NewYork-dbdb,35,83,Normal
2026-02-08 15:46:42.908772,NewYork-dbdb,-20,70,Normal
2026-02-08 15:46:43.908772,NewYork-dbdb,13,25,Normal
2026-02-08 15:46:44.908772,NewYork-dbdb,40,1,Normal
2026-02-08 15:46:45.908772,NewYork-dbdb,47,3,Normal
2026-02-08 15:46:46.908772,NewYork-dbdb,17,14,Normal
2026-02-08 15:46:47.908772,NewYork-dbdb,26,91,Normal
2026-02-08 15:46:48.908772,NewYork-dbdb,17,75,Normal
2026-02-08 15:46:49.908772,NewYork-dbdb,9,58,Normal
2026-02-08 15:46:50.908772,NewYork-dbdb,27,47,Normal
2026-02-08 15:46:51.908772,NewYork-dbdb,9,57,Normal
2026-02-08 15:46:52.908772,NewYork-dbdb,-11,16,Normal
2026-02-08 15:46:53.908772,NewYork-dbdb,-8,39,Normal
2026-02-08 15:46:54.908772,NewYork-dbdb,46,99,Normal
2026-02-08 15:46:55.908772,NewYork-dbdb,-4,17,Normal
2026-02-08 15:46:56.908772,NewYork-dbdb,-12,25,Normal
2026-02-08 15:46:57.908772,NewYork-dbdb,22,47,Normal
2026-02-08 15:46:58.908772,NewYork-dbdb,-17,60,Normal
2026-02-08 15:46:59.908772,NewYork-dbdb,-10,45,Normal
2026-02-08 15:47:00.908772,NewYork-dbdb,-21,76,Normal
2026-02-08 15:47:01.908772,NewYork-dbdb,47,54,Normal
2026-02-08 15:47:02.908772,NewYork-dbdb,-29,62,Normal
2026-02-08 15:47:03.908772,NewYork-dbdb,-23,74,Normal
2026-02-08 15:47:04.908772,NewYork-dbdb,10,61,Normal
2026-02-08 15:47:05.908772,NewYork-dbdb,44,70,Normal
2026-02-08 15:47:06.908772,NewYork-dbdb,34,27,Normal
2026-02-08 15:47:07.908772,NewYork-dbdb,29,12,Normal
2026-02-08 15:47:08.908772,NewYork-dbdb,9,6,Normal
2026-02-08 15:47:09.908772,NewYork-dbdb,-17,77,Normal
2026-02-08 15:47:10.908772,NewYork-dbdb,-21,84,Normal
2026-02-08 15:47:11.908772,NewYork-dbdb,-3,100,Normal
2026-02-08 15:47:12.908772,NewYork-dbdb,6,31,Normal
2026-02-08 15:47:13.908772,NewYork-dbdb,-24,96,Normal
2026-02-08 15:47:14.908772,NewYork-dbdb,-22,55,Normal
2026-02-08 15:47:15.908772,NewYork-dbdb,38,80,Normal
2026-02-08 15:47:16.908772,NewYork-dbdb,-25,77,Normal
2026-02-08 15:47:17.908772,NewYork-dbdb,-8,65,Normal
2026-02-08 15:47:18.908772,NewYork-dbdb,16,37,Normal
2026-02-08 15:47:19.908772,NewYork-dbdb,27,54,Normal
2026-02-08 15:47:20.908772,NewYork-dbdb,16,71,Normal
2026-02-08 15:47:21.908772,NewYork-dbdb,-10,61,Normal
2026-02-08 15:47:22.908772,NewYork-dbdb,-9,15,Normal
2026-02-08 15:47:23.908772,NewYork-dbdb,14,46,Normal
2026-02-08 15:47:24.908772,NewYork-dbdb,0,19,Normal
2026-02-08 15:47:25.908772,NewYork-dbdb,-2,48,Normal
2026-02-08 15:47:26.908772,NewYork-dbdb,-5,34,Normal
2026-02-08 15:47:27.908772,NewYork-dbdb,48,32,Normal
2026-02-08 15:47:28.908772,NewYork-dbdb,27,98,Normal
2026-02-08 15:47:29.908772,NewYork-dbdb,14,52,Normal
2026-02-08 15:47:30.908772,NewYork-dbdb,23,11,Normal
2026-02-08 15:47:31.908772,NewYork-dbdb,-5,99,Normal
2026-02-08 15:47:32.908772,NewYork-dbdb,15,49,Normal
2026-02-08 15:47:33.908772,NewYork-dbdb,42,59,Normal
2026-02-08 15:47:34.908772,NewYork-dbdb,26,39,Normal
2026-02-08 15:47:35.908772,NewYork-dbdb,-19,22,Normal
2026-02-08 15:47:36.908772,NewYork-dbdb,31,97,Normal
2026-02-08 15:47:37.908772,NewYork-dbdb,27,36,Normal
2026-02-08 15:47:38.908772,NewYork-dbdb,16,22,Normal
2026-02-08 15:47:39.908772,NewYork-dbdb,-27,7,Normal
2026-02-08 15:47:40.908772,NewYork-dbdb,23,82,Normal
2026-02-08 15:47:41.908772,NewYork-dbdb,-3,42,Normal
2026-02-08 15:47:42.908772,NewYork-dbdb,0,89,Normal
2026-02-08 15:47:43.908772,NewYork-dbdb,25,14,Normal
2026-02-08 15:47:44.908772,NewYork-dbdb,21,51,Normal
2026-02-08 15:47:45.908772,NewYork-dbdb,37,35,Normal
2026-02-08 15:47:46.908772,NewYork-dbdb,21,19,Normal
2026-02-08 15:47:47.908772,NewYork-dbdb,-4,22,Normal
2026-02-08 15:47:48.908772,NewYork-dbdb,9,73,Normal
2026-02-08 15:47:49.908772,NewYork-dbdb,18,2,Normal
2026-02-08 15:47:50.908772,NewYork-dbdb,-14,55,Normal
2026-02-08 15:47:51.908772,NewYork-dbdb,34,36,Normal
2026-02-08 15:47:52.908772,NewYork-dbdb,-30,90,Normal
2026-02-08 15:47:53.908772,NewYork-dbdb,27,27,Normal
2026-02-08 15:47:54.908772,NewYork-dbdb,41,57,Normal
2026-02-08 15:47:55.908772,NewYork-dbdb,24,55,Normal
2026-02-08 15:47:56.908772,NewYork-dbdb,-28,28,Normal
2026-02-08 15:47:57.908772,NewYork-dbdb,-17,45,Normal
2026-02-08 15:47:58.908772,NewYork-dbdb,23,26,Normal
2026-02-08 15:47:59.908772,NewYork-dbdb,23,20,Normal
2026-02-08 15:48:00.908772,NewYork-dbdb,30,58,Normal
2026-02-08 15:48:01.908772,NewYork-dbdb,-24,33,Normal
2026-02-08 15:48:02.908772,NewYork-dbdb,26,50,Normal
2026-02-08 15:48:03.908772,NewYork-dbdb,10,32,Normal
2026-02-08 15:48:04.908772,NewYork-dbdb,39,2,Normal
2026-02-08 15:48:05.908772,NewYork-dbdb,0,61,Normal
2026-02-08 15:48:06.908772,NewYork-dbdb,36,5,Normal
2026-02-08 15:48:07.908772,NewYork-dbdb,36,19,Normal
2026-02-08 15:48:08.908772,NewYork-dbdb,25,44,Normal
2026-02-08 15:48:09.908772,NewYork-dbdb,-21,31,Normal
2026-02-08 15:48:10.908772,NewYork-dbdb,39,19,Normal
2026-02-08 15:48:11.908772,NewYork-dbdb,-16,52,Normal
2026-02-08 15:48:12.908772,NewYork-dbdb,26,27,Normal
2026-02-08 15:48:13.908772,NewYork-dbdb,12,4,Normal
2026-02-08 15:48:14.908772,NewYork-dbdb,16,72,Normal
2026-02-08 15:48:15.908772,NewYork-dbdb,41,8,Normal
2026-02-08 15:48:16.908772,NewYork-dbdb,24,9,Normal
2026-02-08 15:48:17.908772,NewYork-dbdb,-29,80,Normal
2026-02-08 15:48:18.908772,NewYork-dbdb,12,58,Normal
2026-02-08 15:48:19.908772,NewYork-dbdb,21,88,Normal
2026-02-08 15:48:20.908772,NewYork-dbdb,33,28,Normal
2026-02-08 15:48:21.908772,NewYork-dbdb,-27,16,Normal
2026-02-08 15:48:22.908772,NewYork-dbdb,11,17,Normal
2026-02-08 15:48:23.908772,NewYork-dbdb,41,90,Normal
2026-02-08 15:48:24.908772,NewYork-dbdb,25,84,Normal
2026-02-08 15:48:25.908772,NewYork-dbdb,48,97,Normal
2026-02-08 15:48:26.908772,NewYork-dbdb,50,36,Normal
2026-02-08 15:48:27.908772,NewYork-dbdb,45,51,Normal
2026-02-08 15:48:28.908772,NewYork-dbdb,32,8,Normal
2026-02-08 15:48:29.908772,NewYork-dbdb,6,46,Normal
2026-02-08 15:48:30.908772,NewYork-dbdb,40,85,Normal
2026-02-08 15:48:31.908772,NewYork-dbdb,11,10,Normal
2026-02-08 15:48:32.908772,NewYork-dbdb,-13,90,Normal
2026-02-08 15:48:33.908772,NewYork-dbdb,-9,32,Normal
2026-02-08 15:48:34.908772,NewYork-dbdb,12,24,Normal
2026-02-08 15:48:35.908772,NewYork-dbdb,7,75,Normal
2026-02-08 15:48:36.908772,NewYork-dbdb,5,40,Normal
2026-02-08 15:48:37.908772,NewYork-dbdb,-13,22,Normal
2026-02-08 15:48:38.908772,NewYork-dbdb,-10,66,Normal
2026-02-08 15:48:39.908772,NewYork-dbdb,-15,68,Normal
2026-02-08 15:48:40.908772,NewYork-dbdb,34,71,Normal
2026-02-08 15:48:41.908772,NewYork-dbdb,30,0,Normal
2026-02-08 15:48:42.908772,NewYork-dbdb,25,59,Normal
2026-02-08 15:48:43.908772,NewYork-dbdb,24,2,Normal
2026-02-08 15:48:44.908772,NewYork-dbdb,36,37,Normal
2026-02-08 15:48:45.908772,NewYork-dbdb,40,12,Normal
2026-02-08 15:48:46.908772,NewYork-dbdb,19,67,Normal
2026-02-08 15:48:47.908772,NewYork-dbdb,42,7,Normal
2026-02-08 15:48:48.908772,NewYork-dbdb,41,40,Normal
2026-02-08 15:48:49.908772,NewYork-dbdb,43,67,Normal
2026-02-08 15:48:50.908772,NewYork-dbdb,25,15,Normal
2026-02-08 15:48:51.908772,NewYork-dbdb,-17,80,Normal
2026-02-08 15:48:52.908772,NewYork-dbdb,13,95,Normal
2026-02-08 15:48:53.908772,NewYork-dbdb,13,9,Normal
2026-02-08 15:48:54.908772,NewYork-dbdb,-24,0,Normal
2026-02-08 15:48:55.908772,NewYork-dbdb,-11,3,Normal
2026-02-08 15:48:56.908772,NewYork-dbdb,-11,19,Normal
2026-02-08 15:48:57.908772,NewYork-dbdb,-29,28,Normal
2026-02-08 15:48:58.908772,NewYork-dbdb,40,24,Normal
2026-02-08 15:48:59.908772,NewYork-dbdb,44,0,Normal
2026-02-08 15:49:00.908772,NewYork-dbdb,12,67,Normal
2026-02-08 15:49:01.908772,NewYork-dbdb,16,60,Normal
2026-02-08 15:49:02.908772,NewYork-dbdb,-23,90,Normal
2026-02-08 15:49:03.908772,NewYork-dbdb,36,88,Normal
2026-02-08 15:49:04.908772,NewYork-dbdb,45,13,Normal
2026-02-08 15:49:05.908772,NewYork-dbdb,-28,64,Normal
2026-02-08 15:49:06.908772,NewYork-dbdb,-8,99,Normal
2026-02-08 15:49:07.908772,NewYork-dbdb,7,51,Normal
2026-02-08 15:49:08.908772,NewYork-dbdb,41,7,Normal
2026-02-08 15:49:09.908772,NewYork-dbdb,35,19,Normal
2026-02-08 15:49:10.908772,NewYork-dbdb,37,81,Normal
2026-02-08 15:49:11.908772,NewYork-dbdb,16,83,Normal
2026-02-08 15:49:12.908772,NewYork-dbdb,47,55,Normal
2026-02-08 15:49:13.908772,NewYork-dbdb,-25,9,Normal
2026-02-08 15:49:14.908772,NewYork-dbdb,36,43,Normal
2026-02-08 15:49:15.908772,NewYork-dbdb,14,29,Normal
2026-02-08 15:49:16.908772,NewYork-dbdb,35,13,Normal
2026-02-08 15:49:17.908772,NewYork-dbdb,-6,80,Normal
2026-02-08 15:49:18.908772,NewYork-dbdb,38,26,Normal
2026-02-08 15:49:19.908772,NewYork-dbdb,-2,30,Normal
2026-02-08 15:49:20.908772,NewYork-dbdb,34,89,Normal
2026-02-08 15:49:21.908772,NewYork-dbdb,9,57,Normal
2026-02-08 15:49:22.908772,NewYork-dbdb,35,75,Normal
2026-02-08 15:49:23.908772,NewYork-dbdb,7,11,Normal
2026-02-08 15:49:24.908772,NewYork-dbdb,-16,91,Normal
2026-02-08 15:49:25.908772,NewYork-dbdb,30,96,Normal
2026-02-08 15:49:26.908772,NewYork-dbdb,50,7,Normal
2026-02-08 15:49:27.908772,NewYork-dbdb,9,13,Normal
2026-02-08 15:49:28.908772,NewYork-dbdb,49,19,Normal
2026-02-08 15:49:29.908772,NewYork-dbdb,-27,100,Normal
2026-02-08 15:49:30.908772,NewYork-dbdb,22,86,Normal
2026-02-08 15:49:31.908772,NewYork-dbdb,47,11,Normal
2026-02-08 15:49:32.908772,NewYork-dbdb,37,87,Normal
2026-02-08 15:49:33.908772,NewYork-dbdb,48,79,Normal
2026-02-08 15:49:34.908772,NewYork-dbdb,-24,12,Normal
2026-02-08 15:49:35.908772,NewYork-dbdb,18,62,Normal
2026-02-08 15:49:36.908772,NewYork-dbdb,-16,45,Normal
2026-02-08 15:49:37.908772,NewYork-dbdb,6,86,Normal
2026-02-08 15:49:38.908772,NewYork-dbdb,38,89,Normal
2026-02-08 15:49:39.908772,NewYork-dbdb,17,96,Normal
2026-02-08 15:49:40.908772,NewYork-dbdb,-14,38,Normal
2026-02-08 15:49:41.908772,NewYork-dbdb,22,85,Normal
2026-02-08 15:49:42.908772,NewYork-dbdb,45,21,Normal
2026-02-08 15:49:43.908772,NewYork-dbdb,48,87,Normal
2026-02-08 15:49:44.908772,NewYork-dbdb,47,96,Normal
2026-02-08 15:49:45.908772,NewYork-dbdb,15,87,Normal
2026-02-08 15:49:46.908772,NewYork-dbdb,34,20,Normal
2026-02-08 15:49:47.908772,NewYork-dbdb,-30,68,Normal
2026-02-08 15:49:48.908772,NewYork-dbdb,37,7,Normal
2026-02-08 15:49:49.908772,NewYork-dbdb,14,18,Normal
2026-02-08 15:49:50.908772,NewYork-dbdb,22,5,Normal
2026-02-08 15:49:51.908772,NewYork-dbdb,30,21,Normal
2026-02-08 15:49:52.908772,NewYork-dbdb,30,61,Normal
2026-02-08 15:49:53.908772,NewYork-dbdb,46,21,Normal
2026-02-08 15:49:54.908772,NewYork-dbdb,23,75,Normal
2026-02-08 15:49:55.908772,NewYork-dbdb,45,44,Normal
2026-02-08 15:49:56.908772,NewYork-dbdb,4,50,Normal
2026-02-08 15:49:57.908772,NewYork-dbdb,21,73,Normal
2026-02-08 15:49:58.908772,NewYork-dbdb,19,0,Normal
2026-02-08 15:49:59.908772,NewYork-dbdb,-14,68,Normal
2026-02-08 15:50:00.908772,NewYork-dbdb,33,83,Normal
2026-02-08 15:50:01.908772,NewYork-dbdb,-17,29,Normal
2026-02-08 15:50:02.908772,NewYork-dbdb,45,86,Normal
2026-02-08 15:50:03.908772,NewYork-dbdb,-3,22,Normal
2026-02-08 15:50:04.908772,NewYork-dbdb,-13,48,Normal
2026-02-08 15:50:05.908772,NewYork-dbdb,-19,5,Normal
2026-02-08 15:50:06.908772,NewYork-dbdb,43,58,Normal
2026-02-08 15:50:07.908772,NewYork-dbdb,-27,20,Normal
2026-02-08 15:50:08.908772,NewYork-dbdb,35,71,Normal
2026-02-08 15:50:09.908772,NewYork-dbdb,46,76,Normal
2026-02-08 15:50:10.908772,NewYork-dbdb,10,60,Normal
2026-02-08 15:50:11.908772,NewYork-dbdb,-13,10,Normal
2026-02-08 15:50:12.908772,NewYork-dbdb,45,57,Normal
2026-02-08 15:50:13.908772,NewYork-dbdb,-27,26,Normal
2026-02-08 15:50:14.908772,NewYork-dbdb,21,48,Normal
2026-02-08 15:50:15.908772,NewYork-dbdb,-16,73,Normal
2026-02-08 15:50:16.908772,NewYork-dbdb,-7,90,Normal
2026-02-08 15:50:17.908772,NewYork-dbdb,30,71,Normal
2026-02-08 15:50:18.908772,NewYork-dbdb,35,38,Normal
2026-02-08 15:50:19.908772,NewYork-dbdb,-23,86,Normal
2026-02-08 15:50:20.908772,NewYork-dbdb,36,72,Normal
2026-02-08 15:50:21.908772,NewYork-dbdb,41,41,Normal
2026-02-08 15:50:22.908772,NewYork-dbdb,44,0,Normal
2026-02-08 15:50:23.908772,NewYork-dbdb,0,70,Normal
2026-02-08 15:50:24.908772,NewYork-dbdb,40,61,Normal
2026-02-08 15:50:25.908772,NewYork-dbdb,-3,59,Normal
2026-02-08 15:50:26.908772,NewYork-dbdb,28,79,Normal
2026-02-08 15:50:27.908772,NewYork-dbdb,-18,50,Normal
2026-02-08 15:50:28.908772,NewYork-dbdb,45,37,Normal
2026-02-08 15:50:29.908772,NewYork-dbdb,44,88,Normal
2026-02-08 15:50:30.908772,NewYork-dbdb,3,27,Normal
2026-02-08 15:50:31.908772,NewYork-dbdb,-23,38,Normal
2026-02-08 15:50:32.908772,NewYork-dbdb,-1,92,Normal
2026-02-08 15:50:33.908772,NewYork-dbdb,-29,4,Normal
2026-02-08 15:50:34.908772,NewYork-dbdb,-19,5,Normal
2026-02-08 15:50:35.908772,NewYork-dbdb,-15,46,Normal
2026-02-08 15:50:36.908772,NewYork-dbdb,7,98,Normal
2026-02-08 15:50:37.908772,NewYork-dbdb,22,14,Normal
2026-02-08 15:50:38.908772,NewYork-dbdb,13,61,Normal
2026-02-08 15:50:39.908772,NewYork-dbdb,19,16,Normal
2026-02-08 15:50:40.908772,NewYork-dbdb,45,41,Normal
2026-02-08 15:50:41.908772,NewYork-dbdb,25,12,Normal
2026-02-08 15:50:42.908772,NewYork-dbdb,-2,55,Normal
2026-02-08 15:50:43.908772,NewYork-dbdb,-2,78,Normal
2026-02-08 15:50:44.908772,NewYork-dbdb,32,25,Normal
2026-02-08 15:50:45.908772,NewYork-dbdb,-21,17,Normal
2026-02-08 15:50:46.908772,NewYork-dbdb,-6,73,Normal
2026-02-08 15:50:47.908772,NewYork-dbdb,15,0,Normal
2026-02-08 15:50:48.908772,NewYork-dbdb,23,1,Normal
2026-02-08 15:50:49.908772,NewYork-dbdb,36,91,Normal
2026-02-08 15:50:50.908772,NewYork-dbdb,-17,28,Normal
2026-02-08 15:50:51.908772,NewYork-dbdb,-26,38,Normal
2026-02-08 15:50:52.908772,NewYork-dbdb,-4,64,Normal
2026-02-08 15:50:53.908772,NewYork-dbdb,-13,93,Normal
2026-02-08 15:50:54.908772,NewYork-dbdb,38,85,Normal
2026-02-08 15:50:55.908772,NewYork-dbdb,-26,59,Normal
2026-02-08 15:50:56.908772,NewYork-dbdb,-20,27,Normal
2026-02-08 15:50:57.908772,NewYork-dbdb,-16,10,Normal
2026-02-08 15:50:58.908772,NewYork-dbdb,29,50,Normal
2026-02-08 15:50:59.908772,NewYork-dbdb,2,35,Normal
2026-02-08 15:51:00.908772,NewYork-dbdb,49,82,Normal
2026-02-08 15:51:01.908772,NewYork-dbdb,-6,60,Normal
2026-02-08 15:51:02.908772,NewYork-dbdb,-12,57,Normal
2026-02-08 15:51:03.908772,NewYork-dbdb,44,43,Normal
2026-02-08 15:51:04.908772,NewYork-dbdb,3,52,Normal
2026-02-08 15:51:05.908772,NewYork-dbdb,-24,53,Normal
2026-02-08 15:51:06.908772,NewYork-dbdb,-7,27,Normal
2026-02-08 15:51:07.908772,NewYork-dbdb,35,90,Normal
2026-02-08 15:51:08.908772,NewYork-dbdb,0,41,Normal
2026-02-08 15:51:09.908772,NewYork-dbdb,23,22,Normal
2026-02-08 15:51:10.908772,NewYork-dbdb,10,35,Normal
2026-02-08 15:51:11.908772,NewYork-dbdb,50,29,Normal
2026-02-08 15:51:12.908772,NewYork-dbdb,25,91,Normal
2026-02-08 15:51:13.908772,NewYork-dbdb,-24,22,Normal
2026-02-08 15:51:14.908772,NewYork-dbdb,43,13,Normal
2026-02-08 15:51:15.908772,NewYork-dbdb,40,29,Normal
2026-02-08 15:51:16.908772,NewYork-dbdb,27,38,Normal
2026-02-08 15:51:17.908772,NewYork-dbdb,-25,70,Normal
2026-02-08 15:51:18.908772,NewYork-dbdb,-12,91,Normal
2026-02-08 15:51:19.908772,NewYork-dbdb,2,6,Normal
2026-02-08 15:51:20.908772,NewYork-dbdb,50,29,Normal
2026-02-08 15:51:21.908772,NewYork-dbdb,2,66,Normal
2026-02-08 15:51:22.908772,NewYork-dbdb,-9,83,Normal
2026-02-08 15:51:23.908772,NewYork-dbdb,-3,86,Normal
2026-02-08 15:51:24.908772,NewYork-dbdb,-21,92,Normal
2026-02-08 15:51:25.908772,NewYork-dbdb,13,10,Normal
2026-02-08 15:51:26.908772,NewYork-dbdb,27,90,Normal
2026-02-08 15:51:27.908772,NewYork-dbdb,10,14,Normal
2026-02-08 15:51:28.908772,NewYork-dbdb,4,29,Normal
2026-02-08 15:51:29.908772,NewYork-dbdb,49,65,Normal
2026-02-08 15:51:30.908772,NewYork-dbdb,38,53,Normal
2026-02-08 15:51:31.908772,NewYork-dbdb,-8,31,Normal
2026-02-08 15:51:32.908772,NewYork-dbdb,30,74,Normal
2026-02-08 15:51:33.908772,NewYork-dbdb,15,12,Normal
2026-02-08 15:51:34.908772,NewYork-dbdb,10,11,Normal
2026-02-08 15:51:35.908772,NewYork-dbdb,-30,45,Normal
2026-02-08 15:51:36.908772,NewYork-dbdb,7,29,Normal
2026-02-08 15:51:37.908772,NewYork-dbdb,10,53,Normal
2026-02-08 15:51:38.908772,NewYork-dbdb,-16,33,Normal
2026-02-08 15:51:39.908772,NewYork-dbdb,-16,55,Normal
2026-02-08 15:51:40.908772,NewYork-dbdb,39,81,Normal
2026-02-08 15:51:41.908772,NewYork-dbdb,-27,86,Normal
2026-02-08 15:51:42.908772,NewYork-dbdb,-23,90,Normal
2026-02-08 15:51:43.908772,NewYork-dbdb,-28,91,Normal
2026-02-08 15:51:44.908772,NewYork-dbdb,49,3,Normal
2026-02-08 15:51:45.908772,NewYork-dbdb,-15,20,Normal
2026-02-08 15:51:46.908772,NewYork-dbdb,-2,9,Normal
2026-02-08 15:51:47.908772,NewYork-dbdb,35,86,Normal
2026-02-08 15:51:48.908772,NewYork-dbdb,-26,55,Normal
2026-02-08 15:51:49.908772,NewYork-dbdb,29,10,Normal
2026-02-08 15:51:50.908772,NewYork-dbdb,-3,23,Normal
2026-02-08 15:51:51.908772,NewYork-dbdb,12,70,Normal
2026-02-08 15:51:52.908772,NewYork-dbdb,49,91,Normal
2026-02-08 15:51:53.908772,NewYork-dbdb,-15,59,Normal
2026-02-08 15:51:54.908772,NewYork-dbdb,21,75,Normal
2026-02-08 15:51:55.908772,NewYork-dbdb,20,74,Normal
2026-02-08 15:51:56.908772,NewYork-dbdb,-16,52,Normal
2026-02-08 15:51:57.908772,NewYork-dbdb,-27,56,Normal
2026-02-08 15:51:58.908772,NewYork-dbdb,-29,4,Normal
2026-02-08 15:51:59.908772,NewYork-dbdb,18,100,Normal
2026-02-08 15:52:00.908772,NewYork-dbdb,3,26,Normal
2026-02-08 15:52:01.908772,NewYork-dbdb,49,55,Normal
2026-02-08 15:52:02.908772,NewYork-dbdb,40,69,Normal
2026-02-08 15:52:03.908772,NewYork-dbdb,-1,58,Normal
2026-02-08 15:52:04.908772,NewYork-dbdb,43,41,Normal
2026-02-08 15:52:05.908772,NewYork-dbdb,20,38,Normal
2026-02-08 15:52:06.908772,NewYork-dbdb,33,6,Normal
2026-02-08 15:52:07.908772,NewYork-dbdb,18,47,Normal
2026-02-08 15:52:08.908772,NewYork-dbdb,36,98,Normal
2026-02-08 15:52:09.908772,NewYork-dbdb,22,19,Normal
2026-02-08 15:52:10.908772,NewYork-dbdb,17,0,Normal
2026-02-08 15:52:11.908772,NewYork-dbdb,38,50,Normal
2026-02-08 15:52:12.908772,NewYork-dbdb,16,63,Normal
2026-02-08 15:52:13.908772,NewYork-dbdb,-10,35,Normal
2026-02-08 15:52:14.908772,NewYork-dbdb,37,90,Normal
2026-02-08 15:52:15.908772,NewYork-dbdb,-22,12,Normal
2026-02-08 15:52:16.908772,NewYork-dbdb,-15,57,Normal
2026-02-08 15:52:17.908772,NewYork-dbdb,19,48,Normal
2026-02-08 15:52:18.908772,NewYork-dbdb,-8,99,Normal
2026-02-08 15:52:19.908772,NewYork-dbdb,16,42,Normal
2026-02-08 15:52:20.908772,NewYork-dbdb,37,13,Normal
2026-02-08 15:52:21.908772,NewYork-dbdb,35,2,Normal
2026-02-08 15:52:22.908772,NewYork-dbdb,-15,21,Normal
2026-02-08 15:52:23.908772,NewYork-dbdb,-22,90,Normal
2026-02-08 15:52:24.908772,NewYork-dbdb,-28,85,Normal
2026-02-08 15:52:25.908772,NewYork-dbdb,-4,73,Normal
2026-02-08 15:52:26.908772,NewYork-dbdb,21,43,Normal
2026-02-08 15:52:27.908772,NewYork-dbdb,24,23,Normal
2026-02-08 15:52:28.908772,NewYork-dbdb,-15,13,Normal
2026-02-08 15:52:29.908772,NewYork-dbdb,-29,16,Normal
2026-02-08 15:52:30.908772,NewYork-dbdb,-18,85,Normal
2026-02-08 15:52:31.908772,NewYork-dbdb,3,86,Normal
2026-02-08 15:52:32.908772,NewYork-dbdb,-9,26,Normal
2026-02-08 15:52:33.908772,NewYork-dbdb,-13,18,Normal
2026-02-08 15:52:34.908772,NewYork-dbdb,-23,36,Normal
2026-02-08 15:52:35.908772,NewYork-dbdb,42,46,Normal
2026-02-08 15:52:36.908772,NewYork-dbdb,19,53,Normal
2026-02-08 15:52:37.908772,NewYork-dbdb,-10,19,Normal
2026-02-08 15:52:38.908772,NewYork-dbdb,-25,89,Normal
2026-02-08 15:52:39.908772,NewYork-dbdb,49,83,Normal
2026-02-08 15:52:40.908772,NewYork-dbdb,24,91,Normal
2026-02-08 15:52:41.908772,NewYork-dbdb,41,64,Normal
2026-02-08 15:52:42.908772,NewYork-dbdb,16,83,Normal
2026-02-08 15:52:43.908772,NewYork-dbdb,-23,45,Normal
2026-02-08 15:52:44.908772,NewYork-dbdb,18,16,Normal
2026-02-08 15:52:45.908772,NewYork-dbdb,-20,23,Normal
2026-02-08 15:52:46.908772,NewYork-dbdb,19,25,Normal
2026-02-08 15:52:47.908772,NewYork-dbdb,36,93,Normal
2026-02-08 15:52:48.908772,NewYork-dbdb,-21,34,Normal
2026-02-08 15:52:49.908772,NewYork-dbdb,25,44,Normal
2026-02-08 15:52:50.908772,NewYork-dbdb,11,66,Normal
2026-02-08 15:52:51.908772,NewYork-dbdb,-30,68,Normal
2026-02-08 15:52:52.908772,NewYork-dbdb,22,68,Normal
2026-02-08 15:52:53.908772,NewYork-dbdb,-4,16,Normal
2026-02-08 15:52:54.908772,NewYork-dbdb,8,76,Normal
2026-02-08 15:52:55.908772,NewYork-dbdb,30,82,Normal
2026-02-08 15:52:56.908772,NewYork-dbdb,-10,60,Normal
2026-02-08 15:52:57.908772,NewYork-dbdb,-3,0,Normal
2026-02-08 15:52:58.908772,NewYork-dbdb,-19,60,Normal
2026-02-08 15:52:59.908772,NewYork-dbdb,44,68,Normal
2026-02-08 15:53:00.908772,NewYork-dbdb,16,4,Normal
2026-02-08 15:53:01.908772,NewYork-dbdb,18,78,Normal
2026-02-08 15:53:02.908772,NewYork-dbdb,-22,75,Normal
2026-02-08 15:53:03.908772,NewYork-dbdb,-1,5,Normal
2026-02-08 15:53:04.908772,NewYork-dbdb,35,38,Normal
2026-02-08 15:53:05.908772,NewYork-dbdb,12,58,Normal
2026-02-08 15:53:06.908772,NewYork-dbdb,12,72,Normal
2026-02-08 15:53:07.908772,NewYork-dbdb,44,42,Normal
2026-02-08 15:53:08.908772,NewYork-dbdb,42,87,Normal
2026-02-08 15:53:09.908772,NewYork-dbdb,13,9,Normal
2026-02-08 15:53:10.908772,NewYork-dbdb,25,76,Normal
2026-02-08 15:53:11.908772,NewYork-dbdb,-14,62,Normal
2026-02-08 15:53:12.908772,NewYork-dbdb,32,79,Normal
2026-02-08 15:53:13.908772,NewYork-dbdb,23,55,Normal
2026-02-08 15:53:14.908772,NewYork-dbdb,-2,77,Normal
2026-02-08 15:53:15.908772,NewYork-dbdb,40,18,Normal
2026-02-08 15:53:16.908772,NewYork-dbdb,-17,47,Normal
2026-02-08 15:53:17.908772,NewYork-dbdb,18,30,Normal
2026-02-08 15:53:18.908772,NewYork-dbdb,-30,52,Normal
2026-02-08 15:53:19.908772,NewYork-dbdb,17,24,Normal
2026-02-08 15:53:20.908772,NewYork-dbdb,-1,4,Normal
2026-02-08 15:53:21.908772,NewYork-dbdb,39,32,Normal
2026-02-08 15:53:22.908772,NewYork-dbdb,22,89,Normal
2026-02-08 15:53:23.908772,NewYork-dbdb,-7,12,Normal
2026-02-08 15:53:24.908772,NewYork-dbdb,22,14,Normal
2026-02-08 15:53:25.908772,NewYork-dbdb,29,41,Normal
2026-02-08 15:53:26.908772,NewYork-dbdb,-4,85,Normal
2026-02-08 15:53:27.908772,NewYork-dbdb,19,62,Normal
2026-02-08 15:53:28.908772,NewYork-dbdb,27,50,Normal
2026-02-08 15:53:29.908772,NewYork-dbdb,-12,53,Normal
2026-02-08 15:53:30.908772,NewYork-dbdb,-26,50,Normal
2026-02-08 15:53:31.908772,NewYork-dbdb,-22,44,Normal
2026-02-08 15:53:32.908772,NewYork-dbdb,-14,12,Normal
2026-02-08 15:53:33.908772,NewYork-dbdb,27,96,Normal
2026-02-08 15:53:34.908772,NewYork-dbdb,32,0,Normal
2026-02-08 15:53:35.908772,NewYork-dbdb,3,0,Normal
2026-02-08 15:53:36.908772,NewYork-dbdb,1,85,Normal
2026-02-08 15:53:37.908772,NewYork-dbdb,-2,83,Normal
2026-02-08 15:53:38.908772,NewYork-dbdb,-20,84,Normal
2026-02-08 15:53:39.908772,NewYork-dbdb,16,31,Normal
2026-02-08 15:53:40.908772,NewYork-dbdb,20,45,Normal
2026-02-08 15:53:41.908772,NewYork-dbdb,-3,32,Normal
2026-02-08 15:53:42.908772,NewYork-dbdb,18,19,Normal
2026-02-08 15:53:43.908772,NewYork-dbdb,40,28,Normal
2026-02-08 15:53:44.908772,NewYork-dbdb,47,25,Normal
2026-02-08 15:53:45.908772,NewYork-dbdb,33,65,Normal
2026-02-08 15:53:46.908772,NewYork-dbdb,22,70,Normal
2026-02-08 15:53:47.908772,NewYork-dbdb,-5,52,Normal
2026-02-08 15:53:48.908772,NewYork-dbdb,-26,64,Normal
2026-02-08 15:53:49.908772,NewYork-dbdb,32,34,Normal
2026-02-08 15:53:50.908772,NewYork-dbdb,-6,10,Normal
2026-02-08 15:53:51.908772,NewYork-dbdb,-25,27,Normal
2026-02-08 15:53:52.908772,NewYork-dbdb,17,21,Normal
2026-02-08 15:53:53.908772,NewYork-dbdb,-14,25,Normal
2026-02-08 15:53:54.908772,NewYork-dbdb,24,100,Normal
2026-02-08 15:53:55.908772,NewYork-dbdb,24,78,Normal
2026-02-08 15:53:56.908772,NewYork-dbdb,30,40,Normal
2026-02-08 15:53:57.908772,NewYork-dbdb,43,65,Normal
2026-02-08 15:53:58.908772,NewYork-dbdb,-4,84,Normal
2026-02-08 15:53:59.908772,NewYork-dbdb,-24,93,Normal
2026-02-08 15:54:00.908772,NewYork-dbdb,46,14,Normal
2026-02-08 15:54:01.908772,NewYork-dbdb,-12,35,Normal
2026-02-08 15:54:02.908772,NewYork-dbdb,-15,13,Normal
2026-02-08 15:54:03.908772,NewYork-dbdb,-16,32,Normal
2026-02-08 15:54:04.908772,NewYork-dbdb,18,99,Normal
2026-02-08 15:54:05.908772,NewYork-dbdb,0,5,Normal
2026-02-08 15:54:06.908772,NewYork-dbdb,41,31,Normal
2026-02-08 15:54:07.908772,NewYork-dbdb,28,58,Normal
2026-02-08 15:54:08.908772,NewYork-dbdb,19,22,Normal
2026-02-08 15:54:09.908772,NewYork-dbdb,12,21,Normal
2026-02-08 15:54:10.908772,NewYork-dbdb,30,38,Normal
2026-02-08 15:54:11.908772,NewYork-dbdb,-12,100,Normal
2026-02-08 15:54:12.908772,NewYork-dbdb,-19,31,Normal
2026-02-08 15:54:13.908772,NewYork-dbdb,16,40,Normal
2026-02-08 15:54:14.908772,NewYork-dbdb,25,79,Normal
2026-02-08 15:54:15.908772,NewYork-dbdb,-9,31,Normal
2026-02-08 15:54:16.908772,NewYork-dbdb,12,31,Normal
2026-02-08 15:54:17.908772,NewYork-dbdb,23,50,Normal
2026-02-08 15:54:18.908772,NewYork-dbdb,49,82,Normal
2026-02-08 15:54:19.908772,NewYork-dbdb,9,34,Normal
2026-02-08 15:54:20.908772,NewYork-dbdb,-2,63,Normal
2026-02-08 15:54:21.908772,NewYork-dbdb,42,28,Normal
2026-02-08 15:54:22.908772,NewYork-dbdb,48,13,Normal
2026-02-08 15:54:23.908772,NewYork-dbdb,19,63,Normal
2026-02-08 15:54:24.908772,NewYork-dbdb,38,59,Normal
2026-02-08 15:54:25.908772,NewYork-dbdb,-5,75,Normal
2026-02-08 15:54:26.908772,NewYork-dbdb,4,91,Normal
2026-02-08 15:54:27.908772,NewYork-dbdb,-14,76,Normal
2026-02-08 15:54:28.908772,NewYork-dbdb,22,87,Normal
2026-02-08 15:54:29.908772,NewYork-dbdb,19,26,Normal
2026-02-08 15:54:30.908772,NewYork-dbdb,-30,1,Normal
2026-02-08 15:54:31.908772,NewYork-dbdb,47,45,Normal
2026-02-08 15:54:32.908772,NewYork-dbdb,-14,41,Normal
2026-02-08 15:54:33.908772,NewYork-dbdb,17,49,Normal
2026-02-08 15:54:34.908772,NewYork-dbdb,13,75,Normal
2026-02-08 15:54:35.908772,NewYork-dbdb,21,47,Normal
2026-02-08 15:54:36.908772,NewYork-dbdb,-23,3,Normal
2026-02-08 15:54:37.908772,NewYork-dbdb,43,95,Normal
2026-02-08 15:54:38.908772,NewYork-dbdb,-20,62,Normal
2026-02-08 15:54:39.908772,NewYork-dbdb,26,4,Normal
2026-02-08 15:54:40.908772,NewYork-dbdb,40,98,Normal
2026-02-08 15:54:41.908772,NewYork-dbdb,19,14,Normal
2026-02-08 15:54:42.908772,NewYork-dbdb,33,31,Normal
2026-02-08 15:54:43.908772,NewYork-dbdb,20,24,Normal
2026-02-08 15:54:44.908772,NewYork-dbdb,25,76,Normal
2026-02-08 15:54:45.908772,NewYork-dbdb,23,14,Normal
2026-02-08 15:54:46.908772,NewYork-dbdb,7,38,Normal
2026-02-08 15:54:47.908772,NewYork-dbdb,16,14,Normal
2026-02-08 15:54:48.908772,NewYork-dbdb,41,88,Normal
2026-02-08 15:54:49.908772,NewYork-dbdb,-15,19,Normal
2026-02-08 15:54:50.908772,NewYork-dbdb,0,35,Normal
2026-02-08 15:54:51.908772,NewYork-dbdb,-23,69,Normal
2026-02-08 15:54:52.908772,NewYork-dbdb,43,51,Normal
2026-02-08 15:54:53.908772,NewYork-dbdb,30,63,Normal
2026-02-08 15:54:54.908772,NewYork-dbdb,-1,70,Normal
2026-02-08 15:54:55.908772,NewYork-dbdb,13,16,Normal
2026-02-08 15:54:56.908772,NewYork-dbdb,39,79,Normal
2026-02-08 15:54:57.908772,NewYork-dbdb,-7,75,Normal
2026-02-08 15:54:58.908772,NewYork-dbdb,38,74,Normal
2026-02-08 15:54:59.908772,NewYork-dbdb,45,33,Normal
2026-02-08 15:55:00.908772,NewYork-dbdb,43,4,Normal
2026-02-08 15:55:01.908772,NewYork-dbdb,24,54,Normal
2026-02-08 15:55:02.908772,NewYork-dbdb,30,7,Normal
2026-02-08 15:55:03.908772,NewYork-dbdb,-6,74,Normal
2026-02-08 15:55:04.908772,NewYork-dbdb,4,70,Normal
2026-02-08 15:55:05.908772,NewYork-dbdb,9,79,Normal
2026-02-08 15:55:06.908772,NewYork-dbdb,-9,14,Normal
2026-02-08 15:55:07.908772,NewYork-dbdb,23,6,Normal
2026-02-08 15:55:08.908772,NewYork-dbdb,40,13,Normal
2026-02-08 15:55:09.908772,NewYork-dbdb,-2,45,Normal
2026-02-08 15:55:10.908772,NewYork-dbdb,-19,95,Normal
2026-02-08 15:55:11.908772,NewYork-dbdb,39,84,Normal
2026-02-08 15:55:12.908772,NewYork-dbdb,50,24,Normal
2026-02-08 15:55:13.908772,NewYork-dbdb,7,13,Normal
2026-02-08 15:55:14.908772,NewYork-dbdb,-29,14,Normal
2026-02-08 15:55:15.908772,NewYork-dbdb,30,34,Normal
2026-02-08 15:55:16.908772,NewYork-dbdb,31,68,Normal
2026-02-08 15:55:17.908772,NewYork-dbdb,-8,51,Normal
2026-02-08 15:55:18.908772,NewYork-dbdb,41,40,Normal
2026-02-08 15:55:19.908772,NewYork-dbdb,-25,78,Normal
2026-02-08 15:55:20.908772,NewYork-dbdb,36,32,Normal
2026-02-08 15:55:21.908772,NewYork-dbdb,20,16,Normal
2026-02-08 15:55:22.908772,NewYork-dbdb,16,29,Normal
2026-02-08 15:55:23.908772,NewYork-dbdb,6,78,Normal
2026-02-08 15:55:24.908772,NewYork-dbdb,25,30,Normal
2026-02-08 15:55:25.908772,NewYork-dbdb,48,44,Normal
2026-02-08 15:55:26.908772,NewYork-dbdb,-29,14,Normal
2026-02-08 15:55:27.908772,NewYork-dbdb,-24,79,Normal
2026-02-08 15:55:28.908772,NewYork-dbdb,-30,26,Normal
2026-02-08 15:55:29.908772,NewYork-dbdb,2,14,Normal
2026-02-08 15:55:30.908772,NewYork-dbdb,-13,49,Normal
2026-02-08 15:55:31.908772,NewYork-dbdb,38,55,Normal
2026-02-08 15:55:32.908772,NewYork-dbdb,-21,91,Normal
2026-02-08 15:55:33.908772,NewYork-dbdb,1,19,Normal
2026-02-08 15:55:34.908772,NewYork-dbdb,-29,83,Normal
2026-02-08 15:55:35.908772,NewYork-dbdb,-5,59,Normal
2026-02-08 15:55:36.908772,NewYork-dbdb,30,52,Normal
2026-02-08 15:55:37.908772,NewYork-dbdb,4,11,Normal
2026-02-08 15:55:38.908772,NewYork-dbdb,19,84,Normal
2026-02-08 15:55:39.908772,NewYork-dbdb,-16,23,Normal
2026-02-08 15:55:40.908772,NewYork-dbdb,-26,26,Normal
2026-02-08 15:55:41.908772,NewYork-dbdb,-3,74,Normal
2026-02-08 15:55:42.908772,NewYork-dbdb,37,79,Normal
2026-02-08 15:55:43.908772,NewYork-dbdb,-17,61,Normal
2026-02-08 15:55:44.908772,NewYork-dbdb,35,17,Normal
2026-02-08 15:55:45.908772,NewYork-dbdb,32,94,Normal
2026-02-08 15:55:46.908772,NewYork-dbdb,24,57,Normal
2026-02-08 15:55:47.908772,NewYork-dbdb,-1,34,Normal
2026-02-08 15:55:48.908772,NewYork-dbdb,15,22,Normal
2026-02-08 15:55:49.908772,NewYork-dbdb,-14,68,Normal
2026-02-08 15:55:50.908772,NewYork-dbdb,27,86,Normal
2026-02-08 15:55:51.908772,NewYork-dbdb,-4,16,Normal
2026-02-08 15:55:52.908772,NewYork-dbdb,19,3,Normal
2026-02-08 15:55:53.908772,NewYork-dbdb,40,60,Normal
2026-02-08 15:55:54.908772,NewYork-dbdb,50,64,Normal
2026-02-08 15:55:55.908772,NewYork-dbdb,8,100,Normal
2026-02-08 15:55:56.908772,NewYork-dbdb,40,46,Normal
2026-02-08 15:55:57.908772,NewYork-dbdb,-30,24,Normal
2026-02-08 15:55:58.908772,NewYork-dbdb,25,45,Normal
2026-02-08 15:55:59.908772,NewYork-dbdb,-29,96,Normal
2026-02-08 15:56:00.908772,NewYork-dbdb,-15,37,Normal
2026-02-08 15:56:01.908772,NewYork-dbdb,37,55,Normal
2026-02-08 15:56:02.908772,NewYork-dbdb,-5,43,Normal
2026-02-08 15:56:03.908772,NewYork-dbdb,10,32,Normal
2026-02-08 15:56:04.908772,NewYork-dbdb,36,47,Normal
2026-02-08 15:56:05.908772,NewYork-dbdb,-13,19,Normal
2026-02-08 15:56:06.908772,NewYork-dbdb,15,23,Normal
2026-02-08 15:56:07.908772,NewYork-dbdb,21,49,Normal
2026-02-08 15:56:08.908772,NewYork-dbdb,32,5,Normal
2026-02-08 15:56:09.908772,NewYork-dbdb,35,90,Normal
2026-02-08 15:56:10.908772,NewYork-dbdb,-13,97,Normal
2026-02-08 15:56:11.908772,NewYork-dbdb,-26,16,Normal
2026-02-08 15:56:12.908772,NewYork-dbdb,-17,94,Normal
2026-02-08 15:56:13.908772,NewYork-dbdb,40,90,Normal
2026-02-08 15:56:14.908772,NewYork-dbdb,-2,86,Normal
2026-02-08 15:56:15.908772,NewYork-dbdb,43,26,Normal
2026-02-08 15:56:16.908772,NewYork-dbdb,-26,12,Normal
2026-02-08 15:56:17.908772,NewYork-dbdb,-2,70,Normal
2026-02-08 15:56:18.908772,NewYork-dbdb,19,64,Normal
2026-02-08 15:56:19.908772,NewYork-dbdb,-29,83,Normal
2026-02-08 15:56:20.908772,NewYork-dbdb,-17,95,Normal
2026-02-08 15:56:21.908772,NewYork-dbdb,23,8,Normal
2026-02-08 15:56:22.908772,NewYork-dbdb,-6,60,Normal
2026-02-08 15:56:23.908772,NewYork-dbdb,40,12,Normal
2026-02-08 15:56:24.908772,NewYork-dbdb,-28,22,Normal
2026-02-08 15:56:25.908772,NewYork-dbdb,35,76,Normal
2026-02-08 15:56:26.908772,NewYork-dbdb,36,28,Normal
2026-02-08 15:56:27.908772,NewYork-dbdb,10,24,Normal
2026-02-08 15:56:28.908772,NewYork-dbdb,-10,51,Normal
2026-02-08 15:56:29.908772,NewYork-dbdb,42,83,Normal
2026-02-08 15:56:30.908772,NewYork-dbdb,34,78,Normal
2026-02-08 15:56:31.908772,NewYork-dbdb,-19,53,Normal
2026-02-08 15:56:32.908772,NewYork-dbdb,-1,79,Normal
2026-02-08 15:56:33.908772,NewYork-dbdb,-13,61,Normal
2026-02-08 15:56:34.908772,NewYork-dbdb,3,19,Normal
2026-02-08 15:56:35.908772,NewYork-dbdb,-27,5,Normal
2026-02-08 15:56:36.908772,NewYork-dbdb,-8,93,Normal
2026-02-08 15:56:37.908772,NewYork-dbdb,-29,72,Normal
2026-02-08 15:56:38.908772,NewYork-dbdb,43,32,Normal
2026-02-08 15:56:39.908772,NewYork-dbdb,43,87,Normal
2026-02-08 15:56:40.908772,NewYork-dbdb,-15,3,Normal
2026-02-08 15:56:41.908772,NewYork-dbdb,28,12,Normal
2026-02-08 15:56:42.908772,NewYork-dbdb,24,56,Normal
2026-02-08 15:56:43.908772,NewYork-dbdb,24,12,Normal
2026-02-08 15:56:44.908772,NewYork-dbdb,34,82,Normal
2026-02-08 15:56:45.908772,NewYork-dbdb,-6,87,Normal
2026-02-08 15:56:46.908772,NewYork-dbdb,-7,61,Normal
2026-02-08 15:56:47.908772,NewYork-dbdb,9,79,Normal
2026-02-08 15:56:48.908772,NewYork-dbdb,36,79,Normal
2026-02-08 15:56:49.908772,NewYork-dbdb,33,63,Normal
2026-02-08 15:56:50.908772,NewYork-dbdb,-29,76,Normal
2026-02-08 15:56:51.908772,NewYork-dbdb,2,24,Normal
2026-02-08 15:56:52.908772,NewYork-dbdb,-12,81,Normal
2026-02-08 15:56:53.908772,NewYork-dbdb,-15,15,Normal
2026-02-08 15:56:54.908772,NewYork-dbdb,38,15,Normal
2026-02-08 15:56:55.908772,NewYork-dbdb,43,74,Normal
2026-02-08 15:56:56.908772,NewYork-dbdb,29,45,Normal
2026-02-08 15:56:57.908772,NewYork-dbdb,18,19,Normal
2026-02-08 15:56:58.908772,NewYork-dbdb,29,82,Normal
2026-02-08 15:56:59.908772,NewYork-dbdb,-29,11,Normal
2026-02-08 15:57:00.908772,NewYork-dbdb,30,63,Normal
2026-02-08 15:57:01.908772,NewYork-dbdb,46,51,Normal
2026-02-08 15:57:02.908772,NewYork-dbdb,40,62,Normal
2026-02-08 15:57:03.908772,NewYork-dbdb,-8,38,Normal
2026-02-08 15:57:04.908772,NewYork-dbdb,-6,54,Normal
2026-02-08 15:57:05.908772,NewYork-dbdb,-19,19,Normal
2026-02-08 15:57:06.908772,NewYork-dbdb,12,93,Normal
2026-02-08 15:57:07.908772,NewYork-dbdb,33,95,Normal
2026-02-08 15:57:08.908772,NewYork-dbdb,-15,75,Normal
2026-02-08 15:57:09.908772,NewYork-dbdb,7,92,Normal
2026-02-08 15:57:10.908772,NewYork-dbdb,35,21,Normal
2026-02-08 15:57:11.908772,NewYork-dbdb,39,43,Normal
2026-02-08 15:57:12.908772,NewYork-dbdb,17,60,Normal
2026-02-08 15:57:13.908772,NewYork-dbdb,30,83,Normal
2026-02-08 15:57:14.908772,NewYork-dbdb,-8,1,Normal
2026-02-08 15:57:15.908772,NewYork-dbdb,7,50,Normal
2026-02-08 15:57:16.908772,NewYork-dbdb,18,34,Normal
2026-02-08 15:57:17.908772,NewYork-dbdb,3,31,Normal
2026-02-08 15:57:18.908772,NewYork-dbdb,0,23,Normal
2026-02-08 15:57:19.908772,NewYork-dbdb,18,20,Normal
2026-02-08 15:57:20.908772,NewYork-dbdb,-24,80,Normal
2026-02-08 15:57:21.908772,NewYork-dbdb,32,44,Normal
2026-02-08 15:57:22.908772,NewYork-dbdb,-13,22,Normal
2026-02-08 15:57:23.908772,NewYork-dbdb,-29,19,Normal
2026-02-08 15:57:24.908772,NewYork-dbdb,-3,50,Normal
2026-02-08 15:57:25.908772,NewYork-dbdb,-25,43,Normal
2026-02-08 15:57:26.908772,NewYork-dbdb,-5,78,Normal
2026-02-08 15:57:27.908772,NewYork-dbdb,-16,61,Normal
2026-02-08 15:57:28.908772,NewYork-dbdb,15,45,Normal
2026-02-08 15:57:29.908772,NewYork-dbdb,-5,62,Normal
2026-02-08 15:57:30.908772,NewYork-dbdb,27,79,Normal
2026-02-08 15:57:31.908772,NewYork-dbdb,18,36,Normal
2026-02-08 15:57:32.908772,NewYork-dbdb,31,69,Normal
2026-02-08 15:57:33.908772,NewYork-dbdb,20,96,Normal
2026-02-08 15:57:34.908772,NewYork-dbdb,3,51,Normal
2026-02-08 15:57:35.908772,NewYork-dbdb,-21,69,Normal
2026-02-08 15:57:36.908772,NewYork-dbdb,-14,40,Normal
2026-02-08 15:57:37.908772,NewYork-dbdb,35,64,Normal
2026-02-08 15:57:38.908772,NewYork-dbdb,20,89,Normal
2026-02-08 15:57:39.908772,NewYork-dbdb,-20,60,Normal
2026-02-08 15:57:40.908772,NewYork-dbdb,4,15,Normal
2026-02-08 15:57:41.908772,NewYork-dbdb,-25,31,Normal
2026-02-08 15:57:42.908772,NewYork-dbdb,-6,30,Normal
2026-02-08 15:57:43.908772,NewYork-dbdb,23,78,Normal
2026-02-08 15:57:44.908772,NewYork-dbdb,-19,1,Normal
2026-02-08 15:57:45.908772,NewYork-dbdb,42,74,Normal
2026-02-08 15:57:46.908772,NewYork-dbdb,48,80,Normal
2026-02-08 15:57:47.908772,NewYork-dbdb,49,81,Normal
2026-02-08 15:57:48.908772,NewYork-dbdb,23,81,Normal
2026-02-08 15:57:49.908772,NewYork-dbdb,16,49,Normal
2026-02-08 15:57:50.908772,NewYork-dbdb,30,27,Normal
2026-02-08 15:57:51.908772,NewYork-dbdb,11,51,Normal
2026-02-08 15:57:52.908772,NewYork-dbdb,22,100,Normal
2026-02-08 15:57:53.908772,NewYork-dbdb,44,69,Normal
2026-02-08 15:57:54.908772,NewYork-dbdb,36,82,Normal
2026-02-08 15:57:55.908772,NewYork-dbdb,29,82,Normal
2026-02-08 15:57:56.908772,NewYork-dbdb,50,38,Normal
2026-02-08 15:57:57.908772,NewYork-dbdb,-6,30,Normal
2026-02-08 15:57:58.908772,NewYork-dbdb,16,75,Normal
2026-02-08 15:57:59.908772,NewYork-dbdb,21,57,Normal
2026-02-08 15:58:00.908772,NewYork-dbdb,37,88,Normal
2026-02-08 15:58:01.908772,NewYork-dbdb,19,56,Normal
2026-02-08 15:58:02.908772,NewYork-dbdb,33,92,Normal
2026-02-08 15:58:03.908772,NewYork-dbdb,26,44,Normal
2026-02-08 15:58:04.908772,NewYork-dbdb,2,0,Normal
2026-02-08 15:58:05.908772,NewYork-dbdb,42,93,Normal
2026-02-08 15:58:06.908772,NewYork-dbdb,46,62,Normal
2026-02-08 15:58:07.908772,NewYork-dbdb,40,81,Normal
2026-02-08 15:58:08.908772,NewYork-dbdb,26,97,Normal
2026-02-08 15:58:09.908772,NewYork-dbdb,-17,98,Normal
2026-02-08 15:58:10.908772,NewYork-dbdb,-13,59,Normal
2026-02-08 15:58:11.908772,NewYork-dbdb,13,21,Normal
2026-02-08 15:58:12.908772,NewYork-dbdb,43,67,Normal
2026-02-08 15:58:13.908772,NewYork-dbdb,25,69,Normal
2026-02-08 15:58:14.908772,NewYork-dbdb,-14,23,Normal
2026-02-08 15:58:15.908772,NewYork-dbdb,15,29,Normal
2026-02-08 15:58:16.908772,NewYork-dbdb,3,4,Normal
2026-02-08 15:58:17.908772,NewYork-dbdb,19,60,Normal
2026-02-08 15:58:18.908772,NewYork-dbdb,17,55,Normal
2026-02-08 15:58:19.908772,NewYork-dbdb,21,71,Normal
2026-02-08 15:58:20.908772,NewYork-dbdb,-24,52,Normal
2026-02-08 15:58:21.908772,NewYork-dbdb,21,64,Normal
2026-02-08 15:58:22.908772,NewYork-dbdb,-16,29,Normal
2026-02-08 15:58:23.908772,NewYork-dbdb,-7,1,Normal
2026-02-08 15:58:24.908772,NewYork-dbdb,32,41,Normal
2026-02-08 15:58:25.908772,NewYork-dbdb,12,86,Normal
2026-02-08 15:58:26.908772,NewYork-dbdb,0,79,Normal
2026-02-08 15:58:27.908772,NewYork-dbdb,46,75,Normal
2026-02-08 15:58:28.908772,NewYork-dbdb,-21,6,Normal
2026-02-08 15:58:29.908772,NewYork-dbdb,5,50,Normal
2026-02-08 15:58:30.908772,NewYork-dbdb,-28,82,Normal
2026-02-08 15:58:31.908772,NewYork-dbdb,48,40,Normal
2026-02-08 15:58:32.908772,NewYork-dbdb,37,28,Normal
2026-02-08 15:58:33.908772,NewYork-dbdb,-19,85,Normal
2026-02-08 15:58:34.908772,NewYork-dbdb,20,52,Normal
2026-02-08 15:58:35.908772,NewYork-dbdb,41,95,Normal
2026-02-08 15:58:36.908772,NewYork-dbdb,41,74,Normal
2026-02-08 15:58:37.908772,NewYork-dbdb,-10,27,Normal
2026-02-08 15:58:38.908772,NewYork-dbdb,-19,98,Normal
2026-02-08 15:58:39.908772,NewYork-dbdb,3,14,Normal
2026-02-08 15:58:40.908772,NewYork-dbdb,42,83,Normal
2026-02-08 15:58:41.908772,NewYork-dbdb,38,82,Normal
2026-02-08 15:58:42.908772,NewYork-dbdb,23,65,Normal
2026-02-08 15:58:43.908772,NewYork-dbdb,50,19,Normal
2026-02-08 15:58:44.908772,NewYork-dbdb,10,46,Normal
2026-02-08 15:58:45.908772,NewYork-dbdb,-24,51,Normal
2026-02-08 15:58:46.908772,NewYork-dbdb,35,79,Normal
2026-02-08 15:58:47.908772,NewYork-dbdb,39,37,Normal
2026-02-08 15:58:48.908772,NewYork-dbdb,3,89,Normal
2026-02-08 15:58:49.908772,NewYork-dbdb,40,99,Normal
2026-02-08 15:58:50.908772,NewYork-dbdb,32,59,Normal
2026-02-08 15:58:51.908772,NewYork-dbdb,35,6,Normal
2026-02-08 15:58:52.908772,NewYork-dbdb,33,54,Normal
2026-02-08 15:58:53.908772,NewYork-dbdb,15,33,Normal
2026-02-08 15:58:54.908772,NewYork-dbdb,15,87,Normal
2026-02-08 15:58:55.908772,NewYork-dbdb,-3,58,Normal
2026-02-08 15:58:56.908772,NewYork-dbdb,6,10,Normal
2026-02-08 15:58:57.908772,NewYork-dbdb,-9,67,Normal
2026-02-08 15:58:58.908772,NewYork-dbdb,-4,67,Normal
2026-02-08 15:58:59.908772,NewYork-dbdb,33,67,Normal
2026-02-08 15:59:00.908772,NewYork-dbdb,46,3,Normal
2026-02-08 15:59:01.908772,NewYork-dbdb,-15,55,Normal
2026-02-08 15:59:02.908772,NewYork-dbdb,6,90,Normal
2026-02-08 15:59:03.908772,NewYork-dbdb,28,91,Normal
2026-02-08 15:59:04.908772,NewYork-dbdb,-24,41,Normal
2026-02-08 15:59:05.908772,NewYork-dbdb,1,90,Normal
2026-02-08 15:59:06.908772,NewYork-dbdb,-16,73,Normal
2026-02-08 15:59:07.908772,NewYork-dbdb,33,10,Normal
2026-02-08 15:59:08.908772,NewYork-dbdb,36,85,Normal
2026-02-08 15:59:09.908772,NewYork-dbdb,15,81,Normal
2026-02-08 15:59:10.908772,NewYork-dbdb,6,53,Normal
2026-02-08 15:59:11.908772,NewYork-dbdb,46,76,Normal
2026-02-08 15:59:12.908772,NewYork-dbdb,25,18,Normal
2026-02-08 15:59:13.908772,NewYork-dbdb,-26,4,Normal
2026-02-08 15:59:14.908772,NewYork-dbdb,-22,92,Normal
2026-02-08 15:59:15.908772,NewYork-dbdb,-20,16,Normal
2026-02-08 15:59:16.908772,NewYork-dbdb,10,28,Normal
2026-02-08 15:59:17.908772,NewYork-dbdb,23,30,Normal
2026-02-08 15:59:18.908772,NewYork-dbdb,49,33,Normal
2026-02-08 15:59:19.908772,NewYork-dbdb,24,19,Normal
2026-02-08 15:59:20.908772,NewYork-dbdb,-21,44,Normal
2026-02-08 15:59:21.908772,NewYork-dbdb,15,32,Normal
2026-02-08 15:59:22.908772,NewYork-dbdb,29,79,Normal
2026-02-08 15:59:23.908772,NewYork-dbdb,27,26,Normal
2026-02-08 15:59:24.908772,NewYork-dbdb,30,45,Normal
2026-02-08 15:59:25.908772,NewYork-dbdb,24,43,Normal
2026-02-08 15:59:26.908772,NewYork-dbdb,18,64,Normal
2026-02-08 15:59:27.908772,NewYork-dbdb,14,55,Normal
2026-02-08 15:59:28.908772,NewYork-dbdb,32,85,Normal
2026-02-08 15:59:29.908772,NewYork-dbdb,23,54,Normal
2026-02-08 15:59:30.908772,NewYork-dbdb,1,53,Normal
2026-02-08 15:59:31.908772,NewYork-dbdb,15,8,Normal
2026-02-08 15:59:32.908772,NewYork-dbdb,-1,58,Normal
2026-02-08 15:59:33.908772,NewYork-dbdb,-23,42,Normal
2026-02-08 15:59:34.908772,NewYork-dbdb,-16,93,Normal
2026-02-08 15:59:35.908772,NewYork-dbdb,20,69,Normal
2026-02-08 15:59:36.908772,NewYork-dbdb,15,74,Normal
2026-02-08 15:59:37.908772,NewYork-dbdb,1,85,Normal
2026-02-08 15:59:38.908772,NewYork-dbdb,41,43,Normal
2026-02-08 15:59:39.908772,NewYork-dbdb,25,43,Normal
2026-02-08 15:59:40.908772,NewYork-dbdb,-20,16,Normal
2026-02-08 15:59:41.908772,NewYork-dbdb,10,55,Normal
2026-02-08 15:59:42.908772,NewYork-dbdb,47,46,Normal
2026-02-08 15:59:43.908772,NewYork-dbdb,-28,100,Normal
2026-02-08 15:59:44.908772,NewYork-dbdb,-12,95,Normal
2026-02-08 15:59:45.908772,NewYork-dbdb,-6,66,Normal
2026-02-08 15:59:46.908772,NewYork-dbdb,28,94,Normal
2026-02-08 15:59:47.908772,NewYork-dbdb,49,18,Normal
2026-02-08 15:59:48.908772,NewYork-dbdb,36,56,Normal
2026-02-08 15:59:49.908772,NewYork-dbdb,25,15,Normal
2026-02-08 15:59:50.908772,NewYork-dbdb,-22,74,Normal
2026-02-08 15:59:51.908772,NewYork-dbdb,12,42,Normal
2026-02-08 15:59:52.908772,NewYork-dbdb,7,44,Normal
2026-02-08 15:59:53.908772,NewYork-dbdb,-6,61,Normal
2026-02-08 15:59:54.908772,NewYork-dbdb,1,14,Normal
2026-02-08 15:59:55.908772,NewYork-dbdb,1,62,Normal
2026-02-08 15:59:56.908772,NewYork-dbdb,49,86,Normal
2026-02-08 15:59:57.908772,NewYork-dbdb,35,96,Normal
2026-02-08 15:59:58.908772,NewYork-dbdb,-17,40,Normal
2026-02-08 15:59:59.908772,NewYork-dbdb,-30,88,Normal
2026-02-08 16:00:00.908772,NewYork-dbdb,-5,15,Normal
2026-02-08 16:00:01.908772,NewYork-dbdb,21,70,Normal
2026-02-08 16:00:02.908772,NewYork-dbdb,45,73,Normal
2026-02-08 16:00:03.908772,NewYork-dbdb,45,14,Normal
2026-02-08 16:00:04.908772,NewYork-dbdb,24,15,Normal
2026-02-08 16:00:05.908772,NewYork-dbdb,25,30,Normal
2026-02-08 16:00:06.908772,NewYork-dbdb,39,3,Normal
2026-02-08 16:00:07.908772,NewYork-dbdb,28,94,Normal
2026-02-08 16:00:08.908772,NewYork-dbdb,20,40,Normal
2026-02-08 16:00:09.908772,NewYork-dbdb,-3,61,Normal
2026-02-08 16:00:10.908772,NewYork-dbdb,1,46,Normal
2026-02-08 16:00:11.908772,NewYork-dbdb,-20,47,Normal
2026-02-08 16:00:12.908772,NewYork-dbdb,-10,40,Normal
2026-02-08 16:00:13.908772,NewYork-dbdb,28,80,Normal
2026-02-08 16:00:14.908772,NewYork-dbdb,31,29,Normal
2026-02-08 16:00:15.908772,NewYork-dbdb,34,32,Normal
2026-02-08 16:00:16.908772,NewYork-dbdb,16,72,Normal
2026-02-08 16:00:17.908772,NewYork-dbdb,40,23,Normal
2026-02-08 16:00:18.908772,NewYork-dbdb,-18,84,Normal
2026-02-08 16:00:19.908772,NewYork-dbdb,5,89,Normal
2026-02-08 16:00:20.908772,NewYork-dbdb,16,80,Normal
2026-02-08 16:00:21.908772,NewYork-dbdb,49,95,Normal
2026-02-08 16:00:22.908772,NewYork-dbdb,-30,26,Normal
2026-02-08 16:00:23.908772,NewYork-dbdb,42,46,Normal
2026-02-08 16:00:24.908772,NewYork-dbdb,13,83,Normal
2026-02-08 16:00:25.908772,NewYork-dbdb,34,58,Normal
2026-02-08 16:00:26.908772,NewYork-dbdb,46,79,Normal
2026-02-08 16:00:27.908772,NewYork-dbdb,-28,93,Normal
2026-02-08 16:00:28.908772,NewYork-dbdb,-14,99,Normal
2026-02-08 16:00:29.908772,NewYork-dbdb,41,78,Normal
2026-02-08 16:00:30.908772,NewYork-dbdb,49,16,Normal
2026-02-08 16:00:31.908772,NewYork-dbdb,-21,50,Normal
2026-02-08 16:00:32.908772,NewYork-dbdb,18,41,Normal
2026-02-08 16:00:33.908772,NewYork-dbdb,16,91,Normal
2026-02-08 16:00:34.908772,NewYork-dbdb,43,32,Normal
2026-02-08 16:00:35.908772,NewYork-dbdb,46,20,Normal
2026-02-08 16:00:36.908772,NewYork-dbdb,1,81,Normal
2026-02-08 16:00:37.908772,NewYork-dbdb,31,0,Normal
2026-02-08 16:00:38.908772,NewYork-dbdb,43,35,Normal
2026-02-08 16:00:39.908772,NewYork-dbdb,22,12,Normal
2026-02-08 16:00:40.908772,NewYork-dbdb,24,23,Normal
2026-02-08 16:00:41.908772,NewYork-dbdb,-10,10,Normal
2026-02-08 16:00:42.908772,NewYork-dbdb,2,70,Normal
2026-02-08 16:00:43.908772,NewYork-dbdb,-30,53,Normal
2026-02-08 16:00:44.908772,NewYork-dbdb,21,89,Normal
2026-02-08 16:00:45.908772,NewYork-dbdb,-24,70,Normal
2026-02-08 16:00:46.908772,NewYork-dbdb,19,28,Normal
2026-02-08 16:00:47.908772,NewYork-dbdb,-15,40,Normal
2026-02-08 16:00:48.908772,NewYork-dbdb,-21,9,Normal
2026-02-08 16:00:49.908772,NewYork-dbdb,-9,62,Normal
2026-02-08 16:00:50.908772,NewYork-dbdb,23,87,Normal
2026-02-08 16:00:51.908772,NewYork-dbdb,-11,33,Normal
2026-02-08 16:00:52.908772,NewYork-dbdb,11,68,Normal
2026-02-08 16:00:53.908772,NewYork-dbdb,33,43,Normal
2026-02-08 16:00:54.908772,NewYork-dbdb,46,85,Normal
2026-02-08 16:00:55.908772,NewYork-dbdb,-22,88,Normal
2026-02-08 16:00:56.908772,NewYork-dbdb,-11,52,Normal
2026-02-08 16:00:57.908772,NewYork-dbdb,3,19,Normal
2026-02-08 16:00:58.908772,NewYork-dbdb,36,33,Normal
2026-02-08 16:00:59.908772,NewYork-dbdb,-29,14,Normal
2026-02-08 16:01:00.908772,NewYork-dbdb,10,45,Normal
2026-02-08 16:01:01.908772,NewYork-dbdb,9,11,Normal
2026-02-08 16:01:02.908772,NewYork-dbdb,-14,81,Normal
2026-02-08 16:01:03.908772,NewYork-dbdb,-19,64,Normal
2026-02-08 16:01:04.908772,NewYork-dbdb,25,75,Normal
2026-02-08 16:01:05.908772,NewYork-dbdb,29,31,Normal
2026-02-08 16:01:06.908772,NewYork-dbdb,-26,55,Normal
2026-02-08 16:01:07.908772,NewYork-dbdb,-30,60,Normal
2026-02-08 16:01:08.908772,NewYork-dbdb,34,30,Normal
2026-02-08 16:01:09.908772,NewYork-dbdb,-22,81,Normal
2026-02-08 16:01:10.908772,NewYork-dbdb,26,22,Normal
2026-02-08 16:01:11.908772,NewYork-dbdb,12,78,Normal
2026-02-08 16:01:12.908772,NewYork-dbdb,29,62,Normal
2026-02-08 16:01:13.908772,NewYork-dbdb,25,13,Normal
2026-02-08 16:01:14.908772,NewYork-dbdb,-26,65,Normal
2026-02-08 16:01:15.908772,NewYork-dbdb,22,30,Normal
2026-02-08 16:01:16.908772,NewYork-dbdb,-26,39,Normal
2026-02-08 16:01:17.908772,NewYork-dbdb,30,98,Normal
2026-02-08 16:01:18.908772,NewYork-dbdb,8,49,Normal
2026-02-08 16:01:19.908772,NewYork-dbdb,11,79,Normal
2026-02-08 16:01:20.908772,NewYork-dbdb,36,67,Normal
2026-02-08 16:01:21.908772,NewYork-dbdb,-28,23,Normal
2026-02-08 16:01:22.908772,NewYork-dbdb,-14,100,Normal
2026-02-08 16:01:23.908772,NewYork-dbdb,-11,68,Normal
2026-02-08 16:01:24.908772,NewYork-dbdb,24,33,Normal
2026-02-08 16:01:25.908772,NewYork-dbdb,-15,8,Normal
2026-02-08 16:01:26.908772,NewYork-dbdb,24,71,Normal
2026-02-08 16:01:27.908772,NewYork-dbdb,36,2,Normal
2026-02-08 16:01:28.908772,NewYork-dbdb,16,59,Normal
2026-02-08 16:01:29.908772,NewYork-dbdb,-9,9,Normal
2026-02-08 16:01:30.908772,NewYork-dbdb,3,11,Normal
2026-02-08 16:01:31.908772,NewYork-dbdb,9,50,Normal
2026-02-08 16:01:32.908772,NewYork-dbdb,-21,12,Normal
2026-02-08 16:01:33.908772,NewYork-dbdb,21,89,Normal
2026-02-08 16:01:34.908772,NewYork-dbdb,5,59,Normal
2026-02-08 16:01:35.908772,NewYork-dbdb,50,83,Normal
2026-02-08 16:01:36.908772,NewYork-dbdb,1,93,Normal
2026-02-08 16:01:37.908772,NewYork-dbdb,34,68,Normal
2026-02-08 16:01:38.908772,NewYork-dbdb,-24,19,Normal
2026-02-08 16:01:39.908772,NewYork-dbdb,48,28,Normal
2026-02-08 16:01:40.908772,NewYork-dbdb,11,28,Normal
2026-02-08 16:01:41.908772,NewYork-dbdb,42,35,Normal
2026-02-08 16:01:42.908772,NewYork-dbdb,27,100,Normal
2026-02-08 16:01:43.908772,NewYork-dbdb,41,94,Normal
2026-02-08 16:01:44.908772,NewYork-dbdb,1,49,Normal
2026-02-08 16:01:45.908772,NewYork-dbdb,27,74,Normal
2026-02-08 16:01:46.908772,NewYork-dbdb,-20,91,Normal
2026-02-08 16:01:47.908772,NewYork-dbdb,22,76,Normal
2026-02-08 16:01:48.908772,NewYork-dbdb,-8,6,Normal
2026-02-08 16:01:49.908772,NewYork-dbdb,-8,55,Normal
2026-02-08 16:01:50.908772,NewYork-dbdb,-14,22,Normal
2026-02-08 16:01:51.908772,NewYork-dbdb,28,10,Normal
2026-02-08 16:01:52.908772,NewYork-dbdb,-30,10,Normal
2026-02-08 16:01:53.908772,NewYork-dbdb,15,85,Normal
2026-02-08 16:01:54.908772,NewYork-dbdb,48,42,Normal
2026-02-08 16:01:55.908772,NewYork-dbdb,-23,45,Normal
2026-02-08 16:01:56.908772,NewYork-dbdb,14,32,Normal
2026-02-08 16:01:57.908772,NewYork-dbdb,35,99,Normal
2026-02-08 16:01:58.908772,NewYork-dbdb,50,14,Normal
2026-02-08 16:01:59.908772,NewYork-dbdb,9,68,Normal
2026-02-08 16:02:00.908772,NewYork-dbdb,22,49,Normal
2026-02-08 16:02:01.908772,NewYork-dbdb,10,50,Normal
2026-02-08 16:02:02.908772,NewYork-dbdb,-2,15,Normal
2026-02-08 16:02:03.908772,NewYork-dbdb,-18,95,Normal
2026-02-08 16:02:04.908772,NewYork-dbdb,45,10,Normal
2026-02-08 16:02:05.908772,NewYork-dbdb,4,27,Normal
2026-02-08 16:02:06.908772,NewYork-dbdb,20,95,Normal
2026-02-08 16:02:07.908772,NewYork-dbdb,-9,59,Normal
2026-02-08 16:02:08.908772,NewYork-dbdb,-24,77,Normal
2026-02-08 16:02:09.908772,NewYork-dbdb,24,88,Normal
2026-02-08 16:02:10.908772,NewYork-dbdb,19,73,Normal
2026-02-08 16:02:11.908772,NewYork-dbdb,3,93,Normal
2026-02-08 16:02:12.908772,NewYork-dbdb,-30,91,Normal
2026-02-08 16:02:13.908772,NewYork-dbdb,46,53,Normal
2026-02-08 16:02:14.908772,NewYork-dbdb,33,100,Normal
2026-02-08 16:02:15.908772,NewYork-dbdb,3,85,Normal
2026-02-08 16:02:16.908772,NewYork-dbdb,33,80,Normal
2026-02-08 16:02:17.908772,NewYork-dbdb,-3,74,Normal
2026-02-08 16:02:18.908772,NewYork-dbdb,-12,27,Normal
2026-02-08 16:02:19.908772,NewYork-dbdb,6,96,Normal
2026-02-08 16:02:20.908772,NewYork-dbdb,46,41,Normal
2026-02-08 16:02:21.908772,NewYork-dbdb,-17,96,Normal
2026-02-08 16:02:22.908772,NewYork-dbdb,22,29,Normal
2026-02-08 16:02:23.908772,NewYork-dbdb,36,43,Normal
2026-02-08 16:02:24.908772,NewYork-dbdb,34,13,Normal
2026-02-08 16:02:25.908772,NewYork-dbdb,20,38,Normal
2026-02-08 16:02:26.908772,NewYork-dbdb,42,25,Normal
2026-02-08 16:02:27.908772,NewYork-dbdb,-28,33,Normal
2026-02-08 16:02:28.908772,NewYork-dbdb,4,4,Normal
2026-02-08 16:02:29.908772,NewYork-dbdb,-9,31,Normal
2026-02-08 16:02:30.908772,NewYork-dbdb,12,26,Normal
2026-02-08 16:02:31.908772,NewYork-dbdb,-14,65,Normal
2026-02-08 16:02:32.908772,NewYork-dbdb,34,67,Normal
2026-02-08 16:02:33.908772,NewYork-dbdb,23,72,Normal
2026-02-08 16:02:34.908772,NewYork-dbdb,11,0,Normal
2026-02-08 16:02:35.908772,NewYork-dbdb,-28,82,Normal
2026-02-08 16:02:36.908772,NewYork-dbdb,-7,20,Normal
2026-02-08 16:02:37.908772,NewYork-dbdb,-29,16,Normal
2026-02-08 16:02:38.908772,NewYork-dbdb,37,88,Normal
2026-02-08 16:02:39.908772,NewYork-dbdb,13,48,Normal
2026-02-08 16:02:40.908772,NewYork-dbdb,35,41,Normal
2026-02-08 16:02:41.908772,NewYork-dbdb,-23,57,Normal
2026-02-08 16:02:42.908772,NewYork-dbdb,43,73,Normal
2026-02-08 16:02:43.908772,NewYork-dbdb,17,16,Normal
2026-02-08 16:02:44.908772,NewYork-dbdb,44,40,Normal
2026-02-08 16:02:45.908772,NewYork-dbdb,44,48,Normal
2026-02-08 16:02:46.908772,NewYork-dbdb,42,76,Normal
2026-02-08 16:02:47.908772,NewYork-dbdb,4,24,Normal
2026-02-08 16:02:48.908772,NewYork-dbdb,9,67,Normal
2026-02-08 16:02:49.908772,NewYork-dbdb,1,98,Normal
2026-02-08 16:02:50.908772,NewYork-dbdb,26,55,Normal
2026-02-08 16:02:51.908772,NewYork-dbdb,13,21,Normal
2026-02-08 16:02:52.908772,NewYork-dbdb,42,82,Normal
2026-02-08 16:02:53.908772,NewYork-dbdb,37,11,Normal
2026-02-08 16:02:54.908772,NewYork-dbdb,-17,77,Normal
2026-02-08 16:02:55.908772,NewYork-dbdb,-23,82,Normal
2026-02-08 16:02:56.908772,NewYork-dbdb,36,44,Normal
2026-02-08 16:02:57.908772,NewYork-dbdb,-14,52,Normal
2026-02-08 16:02:58.908772,NewYork-dbdb,4,83,Normal
2026-02-08 16:02:59.908772,NewYork-dbdb,38,24,Normal
2026-02-08 16:03:00.908772,NewYork-dbdb,3,32,Normal
2026-02-08 16:03:01.908772,NewYork-dbdb,33,10,Normal
2026-02-08 16:03:02.908772,NewYork-dbdb,-7,5,Normal
2026-02-08 16:03:03.908772,NewYork-dbdb,-11,5,Normal
2026-02-08 16:03:04.908772,NewYork-dbdb,-18,18,Normal
2026-02-08 16:03:05.908772,NewYork-dbdb,-23,24,Normal
2026-02-08 16:03:06.908772,NewYork-dbdb,-26,46,Normal
2026-02-08 16:03:07.908772,NewYork-dbdb,-7,55,Normal
2026-02-08 16:03:08.908772,NewYork-dbdb,36,31,Normal
2026-02-08 16:03:09.908772,NewYork-dbdb,9,86,Normal
2026-02-08 16:03:10.908772,NewYork-dbdb,14,42,Normal
2026-02-08 16:03:11.908772,NewYork-dbdb,-27,87,Normal
2026-02-08 16:03:12.908772,NewYork-dbdb,-22,39,Normal
2026-02-08 16:03:13.908772,NewYork-dbdb,19,37,Normal
2026-02-08 16:03:14.908772,NewYork-dbdb,-26,97,Normal
2026-02-08 16:03:15.908772,NewYork-dbdb,34,99,Normal
2026-02-08 16:03:16.908772,NewYork-dbdb,28,78,Normal
2026-02-08 16:03:17.908772,NewYork-dbdb,21,37,Normal
2026-02-08 16:03:18.908772,NewYork-dbdb,34,99,Normal
2026-02-08 16:03:19.908772,NewYork-dbdb,18,72,Normal
2026-02-08 16:03:20.908772,NewYork-dbdb,45,62,Normal
2026-02-08 16:03:21.908772,NewYork-dbdb,3,83,Normal
2026-02-08 16:03:22.908772,NewYork-dbdb,16,5,Normal
2026-02-08 16:03:23.908772,NewYork-dbdb,-27,26,Normal
2026-02-08 16:03:24.908772,NewYork-dbdb,-17,74,Normal
2026-02-08 16:03:25.908772,NewYork-dbdb,-24,59,Normal
2026-02-08 16:03:26.908772,NewYork-dbdb,31,95,Normal
2026-02-08 16:03:27.908772,NewYork-dbdb,46,17,Normal
2026-02-08 16:03:28.908772,NewYork-dbdb,26,47,Normal
2026-02-08 16:03:29.908772,NewYork-dbdb,10,30,Normal
2026-02-08 16:03:30.908772,NewYork-dbdb,-21,23,Normal
2026-02-08 16:03:31.908772,NewYork-dbdb,2,98,Normal
2026-02-08 16:03:32.908772,NewYork-dbdb,-20,84,Normal
2026-02-08 16:03:33.908772,NewYork-dbdb,37,5,Normal
2026-02-08 16:03:34.908772,NewYork-dbdb,-24,39,Normal
2026-02-08 16:03:35.908772,NewYork-dbdb,25,73,Normal
2026-02-08 16:03:36.908772,NewYork-dbdb,-22,17,Normal
2026-02-08 16:03:37.908772,NewYork-dbdb,4,54,Normal
2026-02-08 16:03:38.908772,NewYork-dbdb,8,59,Normal
2026-02-08 16:03:39.908772,NewYork-dbdb,35,99,Normal
2026-02-08 16:03:40.908772,NewYork-dbdb,11,64,Normal
2026-02-08 16:03:41.908772,NewYork-dbdb,6,11,Normal
2026-02-08 16:03:42.908772,NewYork-dbdb,32,94,Normal
2026-02-08 16:03:43.908772,NewYork-dbdb,37,61,Normal
2026-02-08 16:03:44.908772,NewYork-dbdb,38,2,Normal
2026-02-08 16:03:45.908772,NewYork-dbdb,18,71,Normal
2026-02-08 16:03:46.908772,NewYork-dbdb,-8,19,Normal
2026-02-08 16:03:47.908772,NewYork-dbdb,6,80,Normal
2026-02-08 16:03:48.908772,NewYork-dbdb,-30,88,Normal
2026-02-08 16:03:49.908772,NewYork-dbdb,-2,77,Normal
2026-02-08 16:03:50.908772,NewYork-dbdb,10,0,Normal
2026-02-08 16:03:51.908772,NewYork-dbdb,-29,63,Normal
2026-02-08 16:03:52.908772,NewYork-dbdb,-17,7,Normal
2026-02-08 16:03:53.908772,NewYork-dbdb,12,26,Normal
2026-02-08 16:03:54.908772,NewYork-dbdb,-18,71,Normal
2026-02-08 16:03:55.908772,NewYork-dbdb,-17,67,Normal
2026-02-08 16:03:56.908772,NewYork-dbdb,26,62,Normal
2026-02-08 16:03:57.908772,NewYork-dbdb,-16,20,Normal
2026-02-08 16:03:58.908772,NewYork-dbdb,15,99,Normal
2026-02-08 16:03:59.908772,NewYork-dbdb,-6,84,Normal
2026-02-08 16:04:00.908772,NewYork-dbdb,5,98,Normal
2026-02-08 16:04:01.908772,NewYork-dbdb,24,40,Normal
2026-02-08 16:04:02.908772,NewYork-dbdb,40,21,Normal
2026-02-08 16:04:03.908772,NewYork-dbdb,-10,1,Normal
2026-02-08 16:04:04.908772,NewYork-dbdb,10,62,Normal
2026-02-08 16:04:05.908772,NewYork-dbdb,-25,71,Normal
2026-02-08 16:04:06.908772,NewYork-dbdb,27,43,Normal
2026-02-08 16:04:07.908772,NewYork-dbdb,45,89,Normal
2026-02-08 16:04:08.908772,NewYork-dbdb,19,20,Normal
2026-02-08 16:04:09.908772,NewYork-dbdb,33,69,Normal
2026-02-08 16:04:10.908772,NewYork-dbdb,17,69,Normal
2026-02-08 16:04:11.908772,NewYork-dbdb,-13,97,Normal
2026-02-08 16:04:12.908772,NewYork-dbdb,41,33,Normal
2026-02-08 16:04:13.908772,NewYork-dbdb,35,32,Normal
2026-02-08 16:04:14.908772,NewYork-dbdb,-20,36,Normal
2026-02-08 16:04:15.908772,NewYork-dbdb,-30,25,Normal
2026-02-08 16:04:16.908772,NewYork-dbdb,26,72,Normal
2026-02-08 16:04:17.908772,NewYork-dbdb,47,27,Normal
2026-02-08 16:04:18.908772,NewYork-dbdb,12,41,Normal
2026-02-08 16:04:19.908772,NewYork-dbdb,6,6,Normal
2026-02-08 16:04:20.908772,NewYork-dbdb,-21,92,Normal
2026-02-08 16:04:21.908772,NewYork-dbdb,5,60,Normal
2026-02-08 16:04:22.908772,NewYork-dbdb,20,70,Normal
2026-02-08 16:04:23.908772,NewYork-dbdb,24,93,Normal
2026-02-08 16:04:24.908772,NewYork-dbdb,1,100,Normal
2026-02-08 16:04:25.908772,NewYork-dbdb,23,82,Normal
2026-02-08 16:04:26.908772,NewYork-dbdb,25,91,Normal
2026-02-08 16:04:27.908772,NewYork-dbdb,22,2,Normal
2026-02-08 16:04:28.908772,NewYork-dbdb,30,62,Normal
2026-02-08 16:04:29.908772,NewYork-dbdb,47,50,Normal
2026-02-08 16:04:30.908772,NewYork-dbdb,20,98,Normal
2026-02-08 16:04:31.908772,NewYork-dbdb,-13,16,Normal
2026-02-08 16:04:32.908772,NewYork-dbdb,4,29,Normal
2026-02-08 16:04:33.908772,NewYork-dbdb,7,92,Normal
2026-02-08 16:04:34.908772,NewYork-dbdb,5,28,Normal
2026-02-08 16:04:35.908772,NewYork-dbdb,-24,70,Normal
2026-02-08 16:04:36.908772,NewYork-dbdb,-22,57,Normal
2026-02-08 16:04:37.908772,NewYork-dbdb,22,39,Normal
2026-02-08 16:04:38.908772,NewYork-dbdb,0,72,Normal
2026-02-08 16:04:39.908772,NewYork-dbdb,-10,3,Normal
2026-02-08 16:04:40.908772,NewYork-dbdb,24,64,Normal
2026-02-08 16:04:41.908772,NewYork-dbdb,14,57,Normal
2026-02-08 16:04:42.908772,NewYork-dbdb,-3,36,Normal
2026-02-08 16:04:43.908772,NewYork-dbdb,-4,54,Normal
2026-02-08 16:04:44.908772,NewYork-dbdb,45,41,Normal
2026-02-08 16:04:45.908772,NewYork-dbdb,-27,93,Normal
2026-02-08 16:04:46.908772,NewYork-dbdb,-15,38,Normal
2026-02-08 16:04:47.908772,NewYork-dbdb,-17,47,Normal
2026-02-08 16:04:48.908772,NewYork-dbdb,36,57,Normal
2026-02-08 16:04:49.908772,NewYork-dbdb,22,27,Normal
2026-02-08 16:04:50.908772,NewYork-dbdb,4,88,Normal
2026-02-08 16:04:51.908772,NewYork-dbdb,31,84,Normal
2026-02-08 16:04:52.908772,NewYork-dbdb,1,14,Normal
2026-02-08 16:04:53.908772,NewYork-dbdb,4,83,Normal
2026-02-08 16:04:54.908772,NewYork-dbdb,12,59,Normal
2026-02-08 16:04:55.908772,NewYork-dbdb,-3,28,Normal
2026-02-08 16:04:56.908772,NewYork-dbdb,42,13,Normal
2026-02-08 16:04:57.908772,NewYork-dbdb,-13,94,Normal
2026-02-08 16:04:58.908772,NewYork-dbdb,3,51,Normal
2026-02-08 16:04:59.908772,NewYork-dbdb,-8,19,Normal
2026-02-08 16:05:00.908772,NewYork-dbdb,19,60,Normal
2026-02-08 16:05:01.908772,NewYork-dbdb,-25,74,Normal
2026-02-08 16:05:02.908772,NewYork-dbdb,-9,44,Normal
2026-02-08 16:05:03.908772,NewYork-dbdb,10,69,Normal
2026-02-08 16:05:04.908772,NewYork-dbdb,9,22,Normal
2026-02-08 16:05:05.908772,NewYork-dbdb,40,31,Normal
2026-02-08 16:05:06.908772,NewYork-dbdb,12,58,Normal
2026-02-08 16:05:07.908772,NewYork-dbdb,49,24,Normal
2026-02-08 16:05:08.908772,NewYork-dbdb,3,40,Normal
2026-02-08 16:05:09.908772,NewYork-dbdb,-22,85,Normal
2026-02-08 16:05:10.908772,NewYork-dbdb,-1,95,Normal
2026-02-08 16:05:11.908772,NewYork-dbdb,40,28,Normal
2026-02-08 16:05:12.908772,NewYork-dbdb,10,94,Normal
2026-02-08 16:05:13.908772,NewYork-dbdb,14,77,Normal
2026-02-08 16:05:14.908772,NewYork-dbdb,21,64,Normal
2026-02-08 16:05:15.908772,NewYork-dbdb,20,97,Normal
2026-02-08 16:05:16.908772,NewYork-dbdb,32,27,Normal
2026-02-08 16:05:17.908772,NewYork-dbdb,-5,28,Normal
2026-02-08 16:05:18.908772,NewYork-dbdb,-15,91,Normal
2026-02-08 16:05:19.908772,NewYork-dbdb,28,3,Normal
2026-02-08 16:05:20.908772,NewYork-dbdb,17,8,Normal
2026-02-08 16:05:21.908772,NewYork-dbdb,-12,71,Normal
2026-02-08 16:05:22.908772,NewYork-dbdb,7,81,Normal
2026-02-08 16:05:23.908772,NewYork-dbdb,28,36,Normal
2026-02-08 16:05:24.908772,NewYork-dbdb,13,9,Normal
2026-02-08 16:05:25.908772,NewYork-dbdb,15,94,Normal
2026-02-08 16:05:26.908772,NewYork-dbdb,-29,86,Normal
2026-02-08 16:05:27.908772,NewYork-dbdb,49,44,Normal
2026-02-08 16:05:28.908772,NewYork-dbdb,12,28,Normal
2026-02-08 16:05:29.908772,NewYork-dbdb,-22,87,Normal
2026-02-08 16:05:30.908772,NewYork-dbdb,11,82,Normal
2026-02-08 16:05:31.908772,NewYork-dbdb,30,40,Normal
2026-02-08 16:05:32.908772,NewYork-dbdb,9,51,Normal
2026-02-08 16:05:33.908772,NewYork-dbdb,-14,72,Normal
2026-02-08 16:05:34.908772,NewYork-dbdb,50,80,Normal
2026-02-08 16:05:35.908772,NewYork-dbdb,31,100,Normal
2026-02-08 16:05:36.908772,NewYork-dbdb,48,6,Normal
2026-02-08 16:05:37.908772,NewYork-dbdb,21,33,Normal
2026-02-08 16:05:38.908772,NewYork-dbdb,1,27,Normal
2026-02-08 16:05:39.908772,NewYork-dbdb,-11,75,Normal
2026-02-08 16:05:40.908772,NewYork-dbdb,12,63,Normal
2026-02-08 16:05:41.908772,NewYork-dbdb,18,86,Normal
2026-02-08 16:05:42.908772,NewYork-dbdb,-23,59,Normal
2026-02-08 16:05:43.908772,NewYork-dbdb,-6,48,Normal
2026-02-08 16:05:44.908772,NewYork-dbdb,19,52,Normal
2026-02-08 16:05:45.908772,NewYork-dbdb,-16,96,Normal
2026-02-08 16:05:46.908772,NewYork-dbdb,44,48,Normal
2026-02-08 16:05:47.908772,NewYork-dbdb,16,7,Normal
2026-02-08 16:05:48.908772,NewYork-dbdb,14,51,Normal
2026-02-08 16:05:49.908772,NewYork-dbdb,48,19,Normal
2026-02-08 16:05:50.908772,NewYork-dbdb,37,18,Normal
2026-02-08 16:05:51.908772,NewYork-dbdb,-21,76,Normal
2026-02-08 16:05:52.908772,NewYork-dbdb,4,38,Normal
2026-02-08 16:05:53.908772,NewYork-dbdb,-15,90,Normal
2026-02-08 16:05:54.908772,NewYork-dbdb,13,38,Normal
2026-02-08 16:05:55.908772,NewYork-dbdb,42,24,Normal
2026-02-08 16:05:56.908772,NewYork-dbdb,29,49,Normal
2026-02-08 16:05:57.908772,NewYork-dbdb,32,86,Normal
2026-02-08 16:05:58.908772,NewYork-dbdb,18,21,Normal
2026-02-08 16:05:59.908772,NewYork-dbdb,-22,36,Normal
2026-02-08 16:06:00.908772,NewYork-dbdb,9,81,Normal
2026-02-08 16:06:01.908772,NewYork-dbdb,21,50,Normal
2026-02-08 16:06:02.908772,NewYork-dbdb,39,97,Normal
2026-02-08 16:06:03.908772,NewYork-dbdb,-12,86,Normal
2026-02-08 16:06:04.908772,NewYork-dbdb,-17,9,Normal
2026-02-08 16:06:05.908772,NewYork-dbdb,-16,65,Normal
2026-02-08 16:06:06.908772,NewYork-dbdb,4,30,Normal
2026-02-08 16:06:07.908772,NewYork-dbdb,-9,13,Normal
2026-02-08 16:06:08.908772,NewYork-dbdb,-5,77,Normal
2026-02-08 16:06:09.908772,NewYork-dbdb,-22,98,Normal
2026-02-08 16:06:10.908772,NewYork-dbdb,12,22,Normal
2026-02-08 16:06:11.908772,NewYork-dbdb,41,36,Normal
2026-02-08 16:06:12.908772,NewYork-dbdb,-29,24,Normal
2026-02-08 16:06:13.908772,NewYork-dbdb,29,6,Normal
2026-02-08 16:06:14.908772,NewYork-dbdb,28,99,Normal
2026-02-08 16:06:15.908772,NewYork-dbdb,-5,75,Normal
2026-02-08 16:06:16.908772,NewYork-dbdb,20,97,Normal
2026-02-08 16:06:17.908772,NewYork-dbdb,-22,95,Normal
2026-02-08 16:06:18.908772,NewYork-dbdb,4,0,Normal
2026-02-08 16:06:19.908772,NewYork-dbdb,-15,29,Normal
2026-02-08 16:06:20.908772,NewYork-dbdb,-1,71,Normal
2026-02-08 16:06:21.908772,NewYork-dbdb,-29,25,Normal
2026-02-08 16:06:22.908772,NewYork-dbdb,-8,90,Normal
2026-02-08 16:06:23.908772,NewYork-dbdb,-28,16,Normal
2026-02-08 16:06:24.908772,NewYork-dbdb,37,57,Normal
2026-02-08 16:06:25.908772,NewYork-dbdb,-25,64,Normal
2026-02-08 16:06:26.908772,NewYork-dbdb,-18,42,Normal
2026-02-08 16:06:27.908772,NewYork-dbdb,37,24,Normal
2026-02-08 16:06:28.908772,NewYork-dbdb,47,83,Normal
2026-02-08 16:06:29.908772,NewYork-dbdb,2,60,Normal
2026-02-08 16:06:30.908772,NewYork-dbdb,24,18,Normal
2026-02-08 16:06:31.908772,NewYork-dbdb,3,15,Normal
2026-02-08 16:06:32.908772,NewYork-dbdb,-12,62,Normal
2026-02-08 16:06:33.908772,NewYork-dbdb,-20,28,Normal
2026-02-08 16:06:34.908772,NewYork-dbdb,50,68,Normal
2026-02-08 16:06:35.908772,NewYork-dbdb,-13,22,Normal
2026-02-08 16:06:36.908772,NewYork-dbdb,-5,64,Normal
2026-02-08 16:06:37.908772,NewYork-dbdb,27,50,Normal
2026-02-08 16:06:38.908772,NewYork-dbdb,-4,57,Normal
2026-02-08 16:06:39.908772,NewYork-dbdb,-1,38,Normal
2026-02-08 16:06:40.908772,NewYork-dbdb,30,53,Normal
2026-02-08 16:06:41.908772,NewYork-dbdb,-13,73,Normal
2026-02-08 16:06:42.908772,NewYork-dbdb,-23,100,Normal
2026-02-08 16:06:43.908772,NewYork-dbdb,-8,64,Normal
2026-02-08 16:06:44.908772,NewYork-dbdb,24,92,Normal
2026-02-08 16:06:45.908772,NewYork-dbdb,-21,42,Normal
2026-02-08 16:06:46.908772,NewYork-dbdb,21,46,Normal
2026-02-08 16:06:47.908772,NewYork-dbdb,10,69,Normal
2026-02-08 16:06:48.908772,NewYork-dbdb,5,55,Normal
2026-02-08 16:06:49.908772,NewYork-dbdb,22,42,Normal
2026-02-08 16:06:50.908772,NewYork-dbdb,43,77,Normal
2026-02-08 16:06:51.908772,NewYork-dbdb,16,35,Normal
2026-02-08 16:06:52.908772,NewYork-dbdb,-27,100,Normal
2026-02-08 16:06:53.908772,NewYork-dbdb,-7,86,Normal
2026-02-08 16:06:54.908772,NewYork-dbdb,2,22,Normal
2026-02-08 16:06:55.908772,NewYork-dbdb,50,83,Normal
2026-02-08 16:06:56.908772,NewYork-dbdb,-16,97,Normal
2026-02-08 16:06:57.908772,NewYork-dbdb,25,100,Normal
2026-02-08 16:06:58.908772,NewYork-dbdb,48,23,Normal
2026-02-08 16:06:59.908772,NewYork-dbdb,-11,80,Normal
2026-02-08 16:07:00.908772,NewYork-dbdb,17,30,Normal
2026-02-08 16:07:01.908772,NewYork-dbdb,5,90,Normal
2026-02-08 16:07:02.908772,NewYork-dbdb,26,7,Normal
2026-02-08 16:07:03.908772,NewYork-dbdb,43,15,Normal
2026-02-08 16:07:04.908772,NewYork-dbdb,-6,9,Normal
2026-02-08 16:07:05.908772,NewYork-dbdb,-4,81,Normal
2026-02-08 16:07:06.908772,NewYork-dbdb,30,81,Normal
2026-02-08 16:07:07.908772,NewYork-dbdb,1,38,Normal
2026-02-08 16:07:08.908772,NewYork-dbdb,40,34,Normal
2026-02-08 16:07:09.908772,NewYork-dbdb,0,35,Normal
2026-02-08 16:07:10.908772,NewYork-dbdb,-13,8,Normal
2026-02-08 16:07:11.908772,NewYork-dbdb,-8,20,Normal
2026-02-08 16:07:12.908772,NewYork-dbdb,33,65,Normal
2026-02-08 16:07:13.908772,NewYork-dbdb,28,46,Normal
2026-02-08 16:07:14.908772,NewYork-dbdb,-9,34,Normal
2026-02-08 16:07:15.908772,NewYork-dbdb,-28,0,Normal
2026-02-08 16:07:16.908772,NewYork-dbdb,8,15,Normal
2026-02-08 16:07:17.908772,NewYork-dbdb,-26,90,Normal
2026-02-08 16:07:18.908772,NewYork-dbdb,21,79,Normal
2026-02-08 16:07:19.908772,NewYork-dbdb,48,46,Normal
2026-02-08 16:07:20.908772,NewYork-dbdb,36,15,Normal
2026-02-08 16:07:21.908772,NewYork-dbdb,33,69,Normal
2026-02-08 16:07:22.908772,NewYork-dbdb,-7,9,Normal
2026-02-08 16:07:23.908772,NewYork-dbdb,47,1,Normal
2026-02-08 16:07:24.908772,NewYork-dbdb,-2,1,Normal
2026-02-08 16:07:25.908772,NewYork-dbdb,43,69,Normal
2026-02-08 16:07:26.908772,NewYork-dbdb,24,51,Normal
2026-02-08 16:07:27.908772,NewYork-dbdb,-14,78,Normal
2026-02-08 16:07:28.908772,NewYork-dbdb,-6,0,Normal
2026-02-08 16:07:29.908772,NewYork-dbdb,18,71,Normal
2026-02-08 16:07:30.908772,NewYork-dbdb,-8,92,Normal
2026-02-08 16:07:31.908772,NewYork-dbdb,25,40,Normal
2026-02-08 16:07:32.908772,NewYork-dbdb,43,38,Normal
2026-02-08 16:07:33.908772,NewYork-dbdb,-26,59,Normal
2026-02-08 16:07:34.908772,NewYork-dbdb,43,91,Normal
2026-02-08 16:07:35.908772,NewYork-dbdb,-14,16,Normal
2026-02-08 16:07:36.908772,NewYork-dbdb,37,78,Normal
2026-02-08 16:07:37.908772,NewYork-dbdb,-5,97,Normal
2026-02-08 16:07:38.908772,NewYork-dbdb,4,62,Normal
2026-02-08 16:07:39.908772,NewYork-dbdb,-2,37,Normal
2026-02-08 16:07:40.908772,NewYork-dbdb,48,37,Normal
2026-02-08 16:07:41.908772,NewYork-dbdb,14,43,Normal
2026-02-08 16:07:42.908772,NewYork-dbdb,34,75,Normal
2026-02-08 16:07:43.908772,NewYork-dbdb,3,91,Normal
2026-02-08 16:07:44.908772,NewYork-dbdb,40,29,Normal
2026-02-08 16:07:45.908772,NewYork-dbdb,-26,1,Normal
2026-02-08 16:07:46.908772,NewYork-dbdb,32,13,Normal
2026-02-08 16:07:47.908772,NewYork-dbdb,14,61,Normal
2026-02-08 16:07:48.908772,NewYork-dbdb,-19,94,Normal
2026-02-08 16:07:49.908772,NewYork-dbdb,16,46,Normal
2026-02-08 16:07:50.908772,NewYork-dbdb,-22,70,Normal
2026-02-08 16:07:51.908772,NewYork-dbdb,-29,79,Normal
2026-02-08 16:07:52.908772,NewYork-dbdb,36,36,Normal
2026-02-08 16:07:53.908772,NewYork-dbdb,44,7,Normal
2026-02-08 16:07:54.908772,NewYork-dbdb,10,73,Normal
2026-02-08 16:07:55.908772,NewYork-dbdb,45,3,Normal
2026-02-08 16:07:56.908772,NewYork-dbdb,19,81,Normal
2026-02-08 16:07:57.908772,NewYork-dbdb,-27,46,Normal
2026-02-08 16:07:58.908772,NewYork-dbdb,31,77,Normal
2026-02-08 16:07:59.908772,NewYork-dbdb,-11,54,Normal
2026-02-08 16:08:00.908772,NewYork-dbdb,-29,25,Normal
2026-02-08 16:08:01.908772,NewYork-dbdb,-3,61,Normal
2026-02-08 16:08:02.908772,NewYork-dbdb,49,22,Normal
2026-02-08 16:08:03.908772,NewYork-dbdb,50,81,Normal
2026-02-08 16:08:04.908772,NewYork-dbdb,29,11,Normal
2026-02-08 16:08:05.908772,NewYork-dbdb,41,99,Normal
2026-02-08 16:08:06.908772,NewYork-dbdb,39,13,Normal
2026-02-08 16:08:07.908772,NewYork-dbdb,17,36,Normal
2026-02-08 16:08:08.908772,NewYork-dbdb,-11,75,Normal
2026-02-08 16:08:09.908772,NewYork-dbdb,1,89,Normal
2026-02-08 16:08:10.908772,NewYork-dbdb,3,97,Normal
2026-02-08 16:08:11.908772,NewYork-dbdb,-5,24,Normal
2026-02-08 16:08:12.908772,NewYork-dbdb,6,50,Normal
2026-02-08 16:08:13.908772,NewYork-dbdb,-9,99,Normal
2026-02-08 16:08:14.908772,NewYork-dbdb,-3,11,Normal
2026-02-08 16:08:15.908772,NewYork-dbdb,7,14,Normal
2026-02-08 16:08:16.908772,NewYork-dbdb,5,93,Normal
2026-02-08 16:08:17.908772,NewYork-dbdb,37,34,Normal
2026-02-08 16:08:18.908772,NewYork-dbdb,13,39,Normal
2026-02-08 16:08:19.908772,NewYork-dbdb,-1,68,Normal
2026-02-08 16:08:20.908772,NewYork-dbdb,14,45,Normal
2026-02-08 16:08:21.908772,NewYork-dbdb,14,72,Normal
2026-02-08 16:08:22.908772,NewYork-dbdb,-7,52,Normal
2026-02-08 16:08:23.908772,NewYork-dbdb,41,77,Normal
2026-02-08 16:08:24.908772,NewYork-dbdb,10,87,Normal
2026-02-08 16:08:25.908772,NewYork-dbdb,-17,45,Normal
2026-02-08 16:08:26.908772,NewYork-dbdb,32,97,Normal
2026-02-08 16:08:27.908772,NewYork-dbdb,14,97,Normal
2026-02-08 16:08:28.908772,NewYork-dbdb,-26,58,Normal
2026-02-08 16:08:29.908772,NewYork-dbdb,15,21,Normal
2026-02-08 16:08:30.908772,NewYork-dbdb,35,8,Normal
2026-02-08 16:08:31.908772,NewYork-dbdb,9,65,Normal
2026-02-08 16:08:32.908772,NewYork-dbdb,-2,8,Normal
2026-02-08 16:08:33.908772,NewYork-dbdb,-10,56,Normal
2026-02-08 16:08:34.908772,NewYork-dbdb,11,38,Normal
2026-02-08 16:08:35.908772,NewYork-dbdb,13,73,Normal
2026-02-08 16:08:36.908772,NewYork-dbdb,-19,56,Normal
2026-02-08 16:08:37.908772,NewYork-dbdb,21,65,Normal
2026-02-08 16:08:38.908772,NewYork-dbdb,43,10,Normal
2026-02-08 16:08:39.908772,NewYork-dbdb,-3,90,Normal
2026-02-08 16:08:40.908772,NewYork-dbdb,-27,15,Normal
2026-02-08 16:08:41.908772,NewYork-dbdb,-20,65,Normal
2026-02-08 16:08:42.908772,NewYork-dbdb,20,38,Normal
2026-02-08 16:08:43.908772,NewYork-dbdb,24,15,Normal
2026-02-08 16:08:44.908772,NewYork-dbdb,-30,20,Normal
2026-02-08 16:08:45.908772,NewYork-dbdb,-1,50,Normal
2026-02-08 16:08:46.908772,NewYork-dbdb,23,100,Normal
2026-02-08 16:08:47.908772,NewYork-dbdb,10,17,Normal
2026-02-08 16:08:48.908772,NewYork-dbdb,38,38,Normal
2026-02-08 16:08:49.908772,NewYork-dbdb,-15,79,Normal
2026-02-08 16:08:50.908772,NewYork-dbdb,37,85,Normal
2026-02-08 16:08:51.908772,NewYork-dbdb,-24,55,Normal
2026-02-08 16:08:52.908772,NewYork-dbdb,-14,50,Normal
2026-02-08 16:08:53.908772,NewYork-dbdb,-22,64,Normal
2026-02-08 16:08:54.908772,NewYork-dbdb,31,67,Normal
2026-02-08 16:08:55.908772,NewYork-dbdb,50,31,Normal
2026-02-08 16:08:56.908772,NewYork-dbdb,42,24,Normal
2026-02-08 16:08:57.908772,NewYork-dbdb,21,44,Normal
2026-02-08 16:08:58.908772,NewYork-dbdb,-14,89,Normal
2026-02-08 16:08:59.908772,NewYork-dbdb,47,50,Normal
2026-02-08 16:09:00.908772,NewYork-dbdb,-30,31,Normal
2026-02-08 16:09:01.908772,NewYork-dbdb,15,80,Normal
2026-02-08 16:09:02.908772,NewYork-dbdb,16,67,Normal
2026-02-08 16:09:03.908772,NewYork-dbdb,15,23,Normal
2026-02-08 16:09:04.908772,NewYork-dbdb,42,50,Normal
2026-02-08 16:09:05.908772,NewYork-dbdb,30,45,Normal
2026-02-08 16:09:06.908772,NewYork-dbdb,-3,45,Normal
2026-02-08 16:09:07.908772,NewYork-dbdb,20,99,Normal
2026-02-08 16:09:08.908772,NewYork-dbdb,18,50,Normal
2026-02-08 16:09:09.908772,NewYork-dbdb,39,68,Normal
2026-02-08 16:09:10.908772,NewYork-dbdb,2,63,Normal
2026-02-08 16:09:11.908772,NewYork-dbdb,-6,17,Normal
2026-02-08 16:09:12.908772,NewYork-dbdb,50,94,Normal
2026-02-08 16:09:13.908772,NewYork-dbdb,4,93,Normal
2026-02-08 16:09:14.908772,NewYork-dbdb,14,69,Normal
2026-02-08 16:09:15.908772,NewYork-dbdb,27,54,Normal
2026-02-08 16:09:16.908772,NewYork-dbdb,37,92,Normal
2026-02-08 16:09:17.908772,NewYork-dbdb,-29,56,Normal
2026-02-08 16:09:18.908772,NewYork-dbdb,22,0,Normal
2026-02-08 16:09:19.908772,NewYork-dbdb,34,35,Normal
2026-02-08 16:09:20.908772,NewYork-dbdb,22,99,Normal
2026-02-08 16:09:21.908772,NewYork-dbdb,-10,46,Normal
2026-02-08 16:09:22.908772,NewYork-dbdb,37,51,Normal
2026-02-08 16:09:23.908772,NewYork-dbdb,-3,63,Normal
2026-02-08 16:09:24.908772,NewYork-dbdb,9,3,Normal
2026-02-08 16:09:25.908772,NewYork-dbdb,9,66,Normal
2026-02-08 16:09:26.908772,NewYork-dbdb,-21,99,Normal
2026-02-08 16:09:27.908772,NewYork-dbdb,42,28,Normal
2026-02-08 16:09:28.908772,NewYork-dbdb,18,65,Normal
2026-02-08 16:09:29.908772,NewYork-dbdb,32,96,Normal
2026-02-08 16:09:30.908772,NewYork-dbdb,-27,20,Normal
2026-02-08 16:09:31.908772,NewYork-dbdb,-3,2,Normal
2026-02-08 16:09:32.908772,NewYork-dbdb,16,79,Normal
2026-02-08 16:09:33.908772,NewYork-dbdb,48,57,Normal
2026-02-08 16:09:34.908772,NewYork-dbdb,0,68,Normal
2026-02-08 16:09:35.908772,NewYork-dbdb,37,67,Normal
2026-02-08 16:09:36.908772,NewYork-dbdb,-8,83,Normal
2026-02-08 16:09:37.908772,NewYork-dbdb,42,18,Normal
2026-02-08 16:09:38.908772,NewYork-dbdb,18,66,Normal
2026-02-08 16:09:39.908772,NewYork-dbdb,22,50,Normal
2026-02-08 16:09:40.908772,NewYork-dbdb,17,79,Normal
2026-02-08 16:09:41.908772,NewYork-dbdb,-5,56,Normal
2026-02-08 16:09:42.908772,NewYork-dbdb,30,55,Normal
2026-02-08 16:09:43.908772,NewYork-dbdb,42,98,Normal
2026-02-08 16:09:44.908772,NewYork-dbdb,-30,82,Normal
2026-02-08 16:09:45.908772,NewYork-dbdb,18,94,Normal
2026-02-08 16:09:46.908772,NewYork-dbdb,10,64,Normal
2026-02-08 16:09:47.908772,NewYork-dbdb,36,14,Normal
2026-02-08 16:09:48.908772,NewYork-dbdb,18,19,Normal
2026-02-08 16:09:49.908772,NewYork-dbdb,-23,71,Normal
2026-02-08 16:09:50.908772,NewYork-dbdb,-8,0,Normal
2026-02-08 16:09:51.908772,NewYork-dbdb,37,85,Normal
2026-02-08 16:09:52.908772,NewYork-dbdb,13,15,Normal
2026-02-08 16:09:53.908772,NewYork-dbdb,-18,32,Normal
2026-02-08 16:09:54.908772,NewYork-dbdb,24,77,Normal
2026-02-08 16:09:55.908772,NewYork-dbdb,-11,6,Normal
2026-02-08 16:09:56.908772,NewYork-dbdb,8,4,Normal
2026-02-08 16:09:57.908772,NewYork-dbdb,27,2,Normal
2026-02-08 16:09:58.908772,NewYork-dbdb,-26,1,Normal
2026-02-08 16:09:59.908772,NewYork-dbdb,15,72,Normal
2026-02-08 16:10:00.908772,NewYork-dbdb,34,2,Normal
2026-02-08 16:10:01.908772,NewYork-dbdb,20,86,Normal
2026-02-08 16:10:02.908772,NewYork-dbdb,15,16,Normal
2026-02-08 16:10:03.908772,NewYork-dbdb,34,23,Normal
2026-02-08 16:10:04.908772,NewYork-dbdb,17,2,Normal
2026-02-08 16:10:05.908772,NewYork-dbdb,-6,29,Normal
2026-02-08 16:10:06.908772,NewYork-dbdb,47,11,Normal
2026-02-08 16:10:07.908772,NewYork-dbdb,-4,14,Normal
2026-02-08 16:10:08.908772,NewYork-dbdb,12,53,Normal
2026-02-08 16:10:09.908772,NewYork-dbdb,22,23,Normal
2026-02-08 16:10:10.908772,NewYork-dbdb,47,74,Normal
2026-02-08 16:10:11.908772,NewYork-dbdb,16,91,Normal
2026-02-08 16:10:12.908772,NewYork-dbdb,12,59,Normal
2026-02-08 16:10:13.908772,NewYork-dbdb,22,72,Normal
2026-02-08 16:10:14.908772,NewYork-dbdb,-2,7,Normal
2026-02-08 16:10:15.908772,NewYork-dbdb,42,93,Normal
2026-02-08 16:10:16.908772,NewYork-dbdb,35,14,Normal
2026-02-08 16:10:17.908772,NewYork-dbdb,-7,52,Normal
2026-02-08 16:10:18.908772,NewYork-dbdb,36,63,Normal
2026-02-08 16:10:19.908772,NewYork-dbdb,-29,85,Normal
2026-02-08 16:10:20.908772,NewYork-dbdb,36,8,Normal
2026-02-08 16:10:21.908772,NewYork-dbdb,48,83,Normal
2026-02-08 16:10:22.908772,NewYork-dbdb,17,50,Normal
2026-02-08 16:10:23.908772,NewYork-dbdb,17,86,Normal
2026-02-08 16:10:24.908772,NewYork-dbdb,-26,64,Normal
2026-02-08 16:10:25.908772,NewYork-dbdb,-26,52,Normal
2026-02-08 16:10:26.908772,NewYork-dbdb,33,25,Normal
2026-02-08 16:10:27.908772,NewYork-dbdb,19,65,Normal
2026-02-08 16:10:28.908772,NewYork-dbdb,27,20,Normal
2026-02-08 16:10:29.908772,NewYork-dbdb,-27,16,Normal
2026-02-08 16:10:30.908772,NewYork-dbdb,41,59,Normal
2026-02-08 16:10:31.908772,NewYork-dbdb,-24,92,Normal
2026-02-08 16:10:32.908772,NewYork-dbdb,30,44,Normal
2026-02-08 16:10:33.908772,NewYork-dbdb,17,10,Normal
2026-02-08 16:10:34.908772,NewYork-dbdb,-12,12,Normal
2026-02-08 16:10:35.908772,NewYork-dbdb,3,34,Normal
2026-02-08 16:10:36.908772,NewYork-dbdb,2,10,Normal
2026-02-08 16:10:37.908772,NewYork-dbdb,15,61,Normal
2026-02-08 16:10:38.908772,NewYork-dbdb,-12,37,Normal
2026-02-08 16:10:39.908772,NewYork-dbdb,-30,58,Normal
2026-02-08 16:10:40.908772,NewYork-dbdb,22,34,Normal
2026-02-08 16:10:41.908772,NewYork-dbdb,-28,30,Normal
2026-02-08 16:10:42.908772,NewYork-dbdb,-19,31,Normal
2026-02-08 16:10:43.908772,NewYork-dbdb,-7,57,Normal
2026-02-08 16:10:44.908772,NewYork-dbdb,-28,45,Normal
2026-02-08 16:10:45.908772,NewYork-dbdb,-23,85,Normal
2026-02-08 16:10:46.908772,NewYork-dbdb,3,39,Normal
2026-02-08 16:10:47.908772,NewYork-dbdb,0,14,Normal
2026-02-08 16:10:48.908772,NewYork-dbdb,12,18,Normal
2026-02-08 16:10:49.908772,NewYork-dbdb,-1,57,Normal
2026-02-08 16:10:50.908772,NewYork-dbdb,22,80,Normal
2026-02-08 16:10:51.908772,NewYork-dbdb,-15,23,Normal
2026-02-08 16:10:52.908772,NewYork-dbdb,22,50,Normal
2026-02-08 16:10:53.908772,NewYork-dbdb,32,100,Normal
2026-02-08 16:10:54.908772,NewYork-dbdb,-29,51,Normal
2026-02-08 16:10:55.908772,NewYork-dbdb,4,61,Normal
2026-02-08 16:10:56.908772,NewYork-dbdb,4,60,Normal
2026-02-08 16:10:57.908772,NewYork-dbdb,25,84,Normal
2026-02-08 16:10:58.908772,NewYork-dbdb,-2,74,Normal
2026-02-08 16:10:59.908772,NewYork-dbdb,-15,55,Normal
2026-02-08 16:11:00.908772,NewYork-dbdb,23,79,Normal
2026-02-08 16:11:01.908772,NewYork-dbdb,6,26,Normal
2026-02-08 16:11:02.908772,NewYork-dbdb,36,59,Normal
2026-02-08 16:11:03.908772,NewYork-dbdb,20,6,Normal
2026-02-08 16:11:04.908772,NewYork-dbdb,22,79,Normal
2026-02-08 16:11:05.908772,NewYork-dbdb,-10,77,Normal
2026-02-08 16:11:06.908772,NewYork-dbdb,-13,13,Normal
2026-02-08 16:11:07.908772,NewYork-dbdb,-20,39,Normal
2026-02-08 16:11:08.908772,NewYork-dbdb,-4,56,Normal
2026-02-08 16:11:09.908772,NewYork-dbdb,23,99,Normal
2026-02-08 16:11:10.908772,NewYork-dbdb,-18,65,Normal
2026-02-08 16:11:11.908772,NewYork-dbdb,46,45,Normal
2026-02-08 16:11:12.908772,NewYork-dbdb,5,47,Normal
2026-02-08 16:11:13.908772,NewYork-dbdb,46,1,Normal
2026-02-08 16:11:14.908772,NewYork-dbdb,38,14,Normal
2026-02-08 16:11:15.908772,NewYork-dbdb,-7,83,Normal
2026-02-08 16:11:16.908772,NewYork-dbdb,6,36,Normal
2026-02-08 16:11:17.908772,NewYork-dbdb,-29,18,Normal
2026-02-08 16:11:18.908772,NewYork-dbdb,48,84,Normal
2026-02-08 16:11:19.908772,NewYork-dbdb,-7,68,Normal
2026-02-08 16:11:20.908772,NewYork-dbdb,3,92,Normal
2026-02-08 16:11:21.908772,NewYork-dbdb,42,19,Normal
2026-02-08 16:11:22.908772,NewYork-dbdb,45,51,Normal
2026-02-08 16:11:23.908772,NewYork-dbdb,-25,99,Normal
2026-02-08 16:11:24.908772,NewYork-dbdb,50,4,Normal
2026-02-08 16:11:25.908772,NewYork-dbdb,0,14,Normal
2026-02-08 16:11:26.908772,NewYork-dbdb,-25,9,Normal
2026-02-08 16:11:27.908772,NewYork-dbdb,0,72,Normal
2026-02-08 16:11:28.908772,NewYork-dbdb,38,29,Normal
2026-02-08 16:11:29.908772,NewYork-dbdb,-9,88,Normal
2026-02-08 16:11:30.908772,NewYork-dbdb,39,6,Normal
2026-02-08 16:11:31.908772,NewYork-dbdb,9,96,Normal
2026-02-08 16:11:32.908772,NewYork-dbdb,-24,63,Normal
2026-02-08 16:11:33.908772,NewYork-dbdb,40,68,Normal
2026-02-08 16:11:34.908772,NewYork-dbdb,-18,61,Normal
2026-02-08 16:11:35.908772,NewYork-dbdb,40,76,Normal
2026-02-08 16:11:36.908772,NewYork-dbdb,-6,71,Normal
2026-02-08 16:11:37.908772,NewYork-dbdb,10,69,Normal
2026-02-08 16:11:38.908772,NewYork-dbdb,37,36,Normal
2026-02-08 16:11:39.908772,NewYork-dbdb,32,97,Normal
2026-02-08 16:11:40.908772,NewYork-dbdb,46,78,Normal
2026-02-08 16:11:41.908772,NewYork-dbdb,18,21,Normal
2026-02-08 16:11:42.908772,NewYork-dbdb,48,23,Normal
2026-02-08 16:11:43.908772,NewYork-dbdb,14,46,Normal
2026-02-08 16:11:44.908772,NewYork-dbdb,-3,25,Normal
2026-02-08 16:11:45.908772,NewYork-dbdb,-27,3,Normal
2026-02-08 16:11:46.908772,NewYork-dbdb,19,97,Normal
2026-02-08 16:11:47.908772,NewYork-dbdb,36,63,Normal
2026-02-08 16:11:48.908772,NewYork-dbdb,-1,89,Normal
