timestamp,station_id,temp,humid,condition
2026-02-15 07:32:30.694917,Seoul-7a9c,-10,100,Normal
2026-02-15 07:32:31.694917,Seoul-7a9c,-16,4,Normal
2026-02-15 07:32:32.694917,Seoul-7a9c,11,1,Normal
2026-02-15 07:32:33.694917,Seoul-7a9c,2,52,Normal
2026-02-15 07:32:34.694917,Seoul-7a9c,41,61,Normal
2026-02-15 07:32:35.694917,Seoul-7a9c,0,50,Normal
2026-02-15 07:32:36.694917,Seoul-7a9c,38,13,Normal
2026-02-15 07:32:37.694917,Seoul-7a9c,49,7,Normal
2026-02-15 07:32:38.694917,Seoul-7a9c,40,30,Normal
2026-02-15 07:32:39.694917,Seoul-7a9c,-6,40,Normal
2026-02-15 07:32:40.694917,Seoul-7a9c,43,16,Normal
2026-02-15 07:32:41.694917,Seoul-7a9c,-13,65,Normal
2026-02-15 07:32:42.694917,Seoul-7a9c,11,17,Normal
2026-02-15 07:32:43.694917,Seoul-7a9c,-29,97,Normal
2026-02-15 07:32:44.694917,Seoul-7a9c,-3,80,Normal
2026-02-15 07:32:45.694917,Seoul-7a9c,7,50,Normal
2026-02-15 07:32:46.694917,Seoul-7a9c,16,84,Normal
2026-02-15 07:32:47.694917,Seoul-7a9c,-15,3,Normal
2026-02-15 07:32:48.694917,Seoul-7a9c,37,16,Normal
2026-02-15 07:32:49.694917,Seoul-7a9c,21,17,Normal
2026-02-15 07:32:50.694917,Seoul-7a9c,11,92,Normal
2026-02-15 07:32:51.694917,Seoul-7a9c,-22,63,Normal
2026-02-15 07:32:52.694917,Seoul-7a9c,50,79,Normal
2026-02-15 07:32:53.694917,Seoul-7a9c,21,98,Normal
2026-02-15 07:32:54.694917,Seoul-7a9c,-4,62,Normal
2026-02-15 07:32:55.694917,Seoul-7a9c,14,30,Normal
2026-02-15 07:32:56.694917,Seoul-7a9c,-29,43,Normal
2026-02-15 07:32:57.694917,Seoul-7a9c,24,32,Normal
2026-02-15 07:32:58.694917,Seoul-7a9c,24,11,Normal
2026-02-15 07:32:59.694917,Seoul-7a9c,-29,29,Normal
2026-02-15 07:33:00.694917,Seoul-7a9c,-12,77,Normal
2026-02-15 07:33:01.694917,Seoul-7a9c,-22,98,Normal
2026-02-15 07:33:02.694917,Seoul-7a9c,-9,34,Normal
2026-02-15 07:33:03.694917,Seoul-7a9c,3,18,Normal
2026-02-15 07:33:04.694917,Seoul-7a9c,34,19,Normal
2026-02-15 07:33:05.694917,Seoul-7a9c,-5,69,Normal
2026-02-15 07:33:06.694917,Seoul-7a9c,35,17,Normal
2026-02-15 07:33:07.694917,Seoul-7a9c,29,42,Normal
2026-02-15 07:33:08.694917,Seoul-7a9c,18,77,Normal
2026-02-15 07:33:09.694917,Seoul-7a9c,27,55,Normal
2026-02-15 07:33:10.694917,Seoul-7a9c,-29,15,Normal
2026-02-15 07:33:11.694917,Seoul-7a9c,8,19,Normal
2026-02-15 07:33:12.694917,Seoul-7a9c,-12,80,Normal
2026-02-15 07:33:13.694917,Seoul-7a9c,0,72,Normal
2026-02-15 07:33:14.694917,Seoul-7a9c,50,56,Normal
2026-02-15 07:33:15.694917,Seoul-7a9c,48,7,Normal
2026-02-15 07:33:16.694917,Seoul-7a9c,45,22,Normal
2026-02-15 07:33:17.694917,Seoul-7a9c,-20,42,Normal
2026-02-15 07:33:18.694917,Seoul-7a9c,-10,44,Normal
2026-02-15 07:33:19.694917,Seoul-7a9c,34,63,Normal
2026-02-15 07:33:20.694917,Seoul-7a9c,30,42,Normal
2026-02-15 07:33:21.694917,Seoul-7a9c,36,55,Normal
2026-02-15 07:33:22.694917,Seoul-7a9c,33,2,Normal
2026-02-15 07:33:23.694917,Seoul-7a9c,46,72,Normal
2026-02-15 07:33:24.694917,Seoul-7a9c,5,73,Normal
2026-02-15 07:33:25.694917,Seoul-7a9c,-20,1,Normal
2026-02-15 07:33:26.694917,Seoul-7a9c,23,44,Normal
2026-02-15 07:33:27.694917,Seoul-7a9c,38,46,Normal
2026-02-15 07:33:28.694917,Seoul-7a9c,-21,87,Normal
2026-02-15 07:33:29.694917,Seoul-7a9c,1,46,Normal
2026-02-15 07:33:30.694917,Seoul-7a9c,11,48,Normal
2026-02-15 07:33:31.694917,Seoul-7a9c,-17,55,Normal
2026-02-15 07:33:32.694917,Seoul-7a9c,-23,3,Normal
2026-02-15 07:33:33.694917,Seoul-7a9c,30,74,Normal
2026-02-15 07:33:34.694917,Seoul-7a9c,23,63,Normal
2026-02-15 07:33:35.694917,Seoul-7a9c,36,31,Normal
2026-02-15 07:33:36.694917,Seoul-7a9c,-3,55,Normal
2026-02-15 07:33:37.694917,Seoul-7a9c,42,61,Normal
2026-02-15 07:33:38.694917,Seoul-7a9c,40,37,Normal
2026-02-15 07:33:39.694917,Seoul-7a9c,-4,64,Normal
2026-02-15 07:33:40.694917,Seoul-7a9c,8,46,Normal
2026-02-15 07:33:41.694917,Seoul-7a9c,25,71,Normal
2026-02-15 07:33:42.694917,Seoul-7a9c,-18,97,Normal
2026-02-15 07:33:43.694917,Seoul-7a9c,-7,26,Normal
2026-02-15 07:33:44.694917,Seoul-7a9c,20,38,Normal
2026-02-15 07:33:45.694917,Seoul-7a9c,2,91,Normal
2026-02-15 07:33:46.694917,Seoul-7a9c,-12,0,Normal
2026-02-15 07:33:47.694917,Seoul-7a9c,-10,9,Normal
2026-02-15 07:33:48.694917,Seoul-7a9c,46,36,Normal
2026-02-15 07:33:49.694917,Seoul-7a9c,28,91,Normal
2026-02-15 07:33:50.694917,Seoul-7a9c,26,64,Normal
2026-02-15 07:33:51.694917,Seoul-7a9c,-30,85,Normal
2026-02-15 07:33:52.694917,Seoul-7a9c,14,14,Normal
2026-02-15 07:33:53.694917,Seoul-7a9c,8,18,Normal
2026-02-15 07:33:54.694917,Seoul-7a9c,49,24,Normal
2026-02-15 07:33:55.694917,Seoul-7a9c,-18,94,Normal
2026-02-15 07:33:56.694917,Seoul-7a9c,40,39,Normal
2026-02-15 07:33:57.694917,Seoul-7a9c,-24,100,Normal
2026-02-15 07:33:58.694917,Seoul-7a9c,-10,94,Normal
2026-02-15 07:33:59.694917,Seoul-7a9c,25,58,Normal
2026-02-15 07:34:00.694917,Seoul-7a9c,40,63,Normal
2026-02-15 07:34:01.694917,Seoul-7a9c,10,22,Normal
2026-02-15 07:34:02.694917,Seoul-7a9c,50,18,Normal
2026-02-15 07:34:03.694917,Seoul-7a9c,-16,16,Normal
2026-02-15 07:34:04.694917,Seoul-7a9c,-26,7,Normal
2026-02-15 07:34:05.694917,Seoul-7a9c,38,94,Normal
2026-02-15 07:34:06.694917,Seoul-7a9c,-26,18,Normal
2026-02-15 07:34:07.694917,Seoul-7a9c,8,20,Normal
2026-02-15 07:34:08.694917,Seoul-7a9c,-5,65,Normal
2026-02-15 07:34:09.694917,Seoul-7a9c,50,15,Normal
2026-02-15 07:34:10.694917,Seoul-7a9c,-23,64,Normal
2026-02-15 07:34:11.694917,Seoul-7a9c,43,17,Normal
2026-02-15 07:34:12.694917,Seoul-7a9c,3,49,Normal
2026-02-15 07:34:13.694917,Seoul-7a9c,5,0,Normal
2026-02-15 07:34:14.694917,Seoul-7a9c,14,36,Normal
2026-02-15 07:34:15.694917,Seoul-7a9c,6,73,Normal
2026-02-15 07:34:16.694917,Seoul-7a9c,9,37,Normal
2026-02-15 07:34:17.694917,Seoul-7a9c,-8,92,Normal
2026-02-15 07:34:18.694917,Seoul-7a9c,33,93,Normal
2026-02-15 07:34:19.694917,Seoul-7a9c,-23,98,Normal
2026-02-15 07:34:20.694917,Seoul-7a9c,-8,23,Normal
2026-02-15 07:34:21.694917,Seoul-7a9c,14,41,Normal
2026-02-15 07:34:22.694917,Seoul-7a9c,-9,6,Normal
2026-02-15 07:34:23.694917,Seoul-7a9c,25,26,Normal
2026-02-15 07:34:24.694917,Seoul-7a9c,-14,9,Normal
2026-02-15 07:34:25.694917,Seoul-7a9c,-10,90,Normal
2026-02-15 07:34:26.694917,Seoul-7a9c,-15,26,Normal
2026-02-15 07:34:27.694917,Seoul-7a9c,48,20,Normal
2026-02-15 07:34:28.694917,Seoul-7a9c,11,26,Normal
2026-02-15 07:34:29.694917,Seoul-7a9c,2,78,Normal
2026-02-15 07:34:30.694917,Seoul-7a9c,7,68,Normal
2026-02-15 07:34:31.694917,Seoul-7a9c,6,55,Normal
2026-02-15 07:34:32.694917,Seoul-7a9c,-8,57,Normal
2026-02-15 07:34:33.694917,Seoul-7a9c,44,11,Normal
2026-02-15 07:34:34.694917,Seoul-7a9c,-13,42,Normal
2026-02-15 07:34:35.694917,Seoul-7a9c,49,72,Normal
2026-02-15 07:34:36.694917,Seoul-7a9c,-1,19,Normal
2026-02-15 07:34:37.694917,Seoul-7a9c,50,24,Normal
2026-02-15 07:34:38.694917,Seoul-7a9c,-13,35,Normal
2026-02-15 07:34:39.694917,Seoul-7a9c,-11,97,Normal
2026-02-15 07:34:40.694917,Seoul-7a9c,3,72,Normal
2026-02-15 07:34:41.694917,Seoul-7a9c,-11,79,Normal
2026-02-15 07:34:42.694917,Seoul-7a9c,-16,97,Normal
2026-02-15 07:34:43.694917,Seoul-7a9c,46,53,Normal
2026-02-15 07:34:44.694917,Seoul-7a9c,11,5,Normal
2026-02-15 07:34:45.694917,Seoul-7a9c,27,21,Normal
2026-02-15 07:34:46.694917,Seoul-7a9c,-9,86,Normal
2026-02-15 07:34:47.694917,Seoul-7a9c,20,77,Normal
2026-02-15 07:34:48.694917,Seoul-7a9c,6,100,Normal
2026-02-15 07:34:49.694917,Seoul-7a9c,-13,72,Normal
2026-02-15 07:34:50.694917,Seoul-7a9c,50,69,Normal
2026-02-15 07:34:51.694917,Seoul-7a9c,49,70,Normal
2026-02-15 07:34:52.694917,Seoul-7a9c,34,78,Normal
2026-02-15 07:34:53.694917,Seoul-7a9c,14,76,Normal
2026-02-15 07:34:54.694917,Seoul-7a9c,35,86,Normal
2026-02-15 07:34:55.694917,Seoul-7a9c,-22,0,Normal
2026-02-15 07:34:56.694917,Seoul-7a9c,-25,41,Normal
2026-02-15 07:34:57.694917,Seoul-7a9c,2,1,Normal
2026-02-15 07:34:58.694917,Seoul-7a9c,9,80,Normal
2026-02-15 07:34:59.694917,Seoul-7a9c,-9,40,Normal
2026-02-15 07:35:00.694917,Seoul-7a9c,26,19,Normal
2026-02-15 07:35:01.694917,Seoul-7a9c,13,11,Normal
2026-02-15 07:35:02.694917,Seoul-7a9c,-21,87,Normal
2026-02-15 07:35:03.694917,Seoul-7a9c,-10,52,Normal
2026-02-15 07:35:04.694917,Seoul-7a9c,34,31,Normal
2026-02-15 07:35:05.694917,Seoul-7a9c,0,48,Normal
2026-02-15 07:35:06.694917,Seoul-7a9c,-20,18,Normal
2026-02-15 07:35:07.694917,Seoul-7a9c,41,43,Normal
2026-02-15 07:35:08.694917,Seoul-7a9c,29,35,Normal
2026-02-15 07:35:09.694917,Seoul-7a9c,16,79,Normal
2026-02-15 07:35:10.694917,Seoul-7a9c,11,14,Normal
2026-02-15 07:35:11.694917,Seoul-7a9c,2,93,Normal
2026-02-15 07:35:12.694917,Seoul-7a9c,14,74,Normal
2026-02-15 07:35:13.694917,Seoul-7a9c,19,75,Normal
2026-02-15 07:35:14.694917,Seoul-7a9c,20,12,Normal
2026-02-15 07:35:15.694917,Seoul-7a9c,-18,25,Normal
2026-02-15 07:35:16.694917,Seoul-7a9c,23,38,Normal
2026-02-15 07:35:17.694917,Seoul-7a9c,-11,94,Normal
2026-02-15 07:35:18.694917,Seoul-7a9c,-4,27,Normal
2026-02-15 07:35:19.694917,Seoul-7a9c,21,97,Normal
2026-02-15 07:35:20.694917,Seoul-7a9c,43,59,Normal
2026-02-15 07:35:21.694917,Seoul-7a9c,-7,30,Normal
2026-02-15 07:35:22.694917,Seoul-7a9c,45,34,Normal
2026-02-15 07:35:23.694917,Seoul-7a9c,0,89,Normal
2026-02-15 07:35:24.694917,Seoul-7a9c,-15,72,Normal
2026-02-15 07:35:25.694917,Seoul-7a9c,23,0,Normal
2026-02-15 07:35:26.694917,Seoul-7a9c,34,14,Normal
2026-02-15 07:35:27.694917,Seoul-7a9c,45,64,Normal
2026-02-15 07:35:28.694917,Seoul-7a9c,-22,54,Normal
2026-02-15 07:35:29.694917,Seoul-7a9c,19,90,Normal
2026-02-15 07:35:30.694917,Seoul-7a9c,-18,10,Normal
2026-02-15 07:35:31.694917,Seoul-7a9c,-23,11,Normal
2026-02-15 07:35:32.694917,Seoul-7a9c,31,14,Normal
2026-02-15 07:35:33.694917,Seoul-7a9c,14,15,Normal
2026-02-15 07:35:34.694917,Seoul-7a9c,-7,16,Normal
2026-02-15 07:35:35.694917,Seoul-7a9c,-25,69,Normal
2026-02-15 07:35:36.694917,Seoul-7a9c,14,72,Normal
2026-02-15 07:35:37.694917,Seoul-7a9c,30,59,Normal
2026-02-15 07:35:38.694917,Seoul-7a9c,10,6,Normal
2026-02-15 07:35:39.694917,Seoul-7a9c,42,77,Normal
2026-02-15 07:35:40.694917,Seoul-7a9c,4,27,Normal
2026-02-15 07:35:41.694917,Seoul-7a9c,3,70,Normal
2026-02-15 07:35:42.694917,Seoul-7a9c,3,61,Normal
2026-02-15 07:35:43.694917,Seoul-7a9c,49,5,Normal
2026-02-15 07:35:44.694917,Seoul-7a9c,29,21,Normal
2026-02-15 07:35:45.694917,Seoul-7a9c,-30,36,Normal
2026-02-15 07:35:46.694917,Seoul-7a9c,33,38,Normal
2026-02-15 07:35:47.694917,Seoul-7a9c,37,82,Normal
2026-02-15 07:35:48.694917,Seoul-7a9c,-3,49,Normal
2026-02-15 07:35:49.694917,Seoul-7a9c,45,76,Normal
2026-02-15 07:35:50.694917,Seoul-7a9c,36,41,Normal
2026-02-15 07:35:51.694917,Seoul-7a9c,42,46,Normal
2026-02-15 07:35:52.694917,Seoul-7a9c,0,46,Normal
2026-02-15 07:35:53.694917,Seoul-7a9c,-16,32,Normal
2026-02-15 07:35:54.694917,Seoul-7a9c,-24,33,Normal
2026-02-15 07:35:55.694917,Seoul-7a9c,45,41,Normal
2026-02-15 07:35:56.694917,Seoul-7a9c,41,53,Normal
2026-02-15 07:35:57.694917,Seoul-7a9c,38,7,Normal
2026-02-15 07:35:58.694917,Seoul-7a9c,-21,64,Normal
2026-02-15 07:35:59.694917,Seoul-7a9c,50,94,Normal
2026-02-15 07:36:00.694917,Seoul-7a9c,-9,32,Normal
2026-02-15 07:36:01.694917,Seoul-7a9c,-10,82,Normal
2026-02-15 07:36:02.694917,Seoul-7a9c,3,2,Normal
2026-02-15 07:36:03.694917,Seoul-7a9c,-29,11,Normal
2026-02-15 07:36:04.694917,Seoul-7a9c,-3,27,Normal
2026-02-15 07:36:05.694917,Seoul-7a9c,-22,63,Normal
2026-02-15 07:36:06.694917,Seoul-7a9c,39,26,Normal
2026-02-15 07:36:07.694917,Seoul-7a9c,28,69,Normal
2026-02-15 07:36:08.694917,Seoul-7a9c,25,48,Normal
2026-02-15 07:36:09.694917,Seoul-7a9c,42,57,Normal
2026-02-15 07:36:10.694917,Seoul-7a9c,49,21,Normal
2026-02-15 07:36:11.694917,Seoul-7a9c,13,95,Normal
2026-02-15 07:36:12.694917,Seoul-7a9c,24,17,Normal
2026-02-15 07:36:13.694917,Seoul-7a9c,46,80,Normal
2026-02-15 07:36:14.694917,Seoul-7a9c,19,2,Normal
2026-02-15 07:36:15.694917,Seoul-7a9c,12,38,Normal
2026-02-15 07:36:16.694917,Seoul-7a9c,44,40,Normal
2026-02-15 07:36:17.694917,Seoul-7a9c,-22,66,Normal
2026-02-15 07:36:18.694917,Seoul-7a9c,0,10,Normal
2026-02-15 07:36:19.694917,Seoul-7a9c,5,92,Normal
2026-02-15 07:36:20.694917,Seoul-7a9c,35,78,Normal
2026-02-15 07:36:21.694917,Seoul-7a9c,5,59,Normal
2026-02-15 07:36:22.694917,Seoul-7a9c,21,10,Normal
2026-02-15 07:36:23.694917,Seoul-7a9c,8,93,Normal
2026-02-15 07:36:24.694917,Seoul-7a9c,25,65,Normal
2026-02-15 07:36:25.694917,Seoul-7a9c,12,2,Normal
2026-02-15 07:36:26.694917,Seoul-7a9c,7,11,Normal
2026-02-15 07:36:27.694917,Seoul-7a9c,2,31,Normal
2026-02-15 07:36:28.694917,Seoul-7a9c,17,51,Normal
2026-02-15 07:36:29.694917,Seoul-7a9c,-20,76,Normal
2026-02-15 07:36:30.694917,Seoul-7a9c,1,22,Normal
2026-02-15 07:36:31.694917,Seoul-7a9c,27,89,Normal
2026-02-15 07:36:32.694917,Seoul-7a9c,36,93,Normal
2026-02-15 07:36:33.694917,Seoul-7a9c,15,71,Normal
2026-02-15 07:36:34.694917,Seoul-7a9c,-17,65,Normal
2026-02-15 07:36:35.694917,Seoul-7a9c,31,82,Normal
2026-02-15 07:36:36.694917,Seoul-7a9c,-8,59,Normal
2026-02-15 07:36:37.694917,Seoul-7a9c,-30,23,Normal
2026-02-15 07:36:38.694917,Seoul-7a9c,-14,73,Normal
2026-02-15 07:36:39.694917,Seoul-7a9c,4,65,Normal
2026-02-15 07:36:40.694917,Seoul-7a9c,7,18,Normal
2026-02-15 07:36:41.694917,Seoul-7a9c,25,49,Normal
2026-02-15 07:36:42.694917,Seoul-7a9c,-17,49,Normal
2026-02-15 07:36:43.694917,Seoul-7a9c,-25,12,Normal
2026-02-15 07:36:44.694917,Seoul-7a9c,-17,74,Normal
2026-02-15 07:36:45.694917,Seoul-7a9c,-27,82,Normal
2026-02-15 07:36:46.694917,Seoul-7a9c,-10,85,Normal
2026-02-15 07:36:47.694917,Seoul-7a9c,21,3,Normal
2026-02-15 07:36:48.694917,Seoul-7a9c,30,4,Normal
2026-02-15 07:36:49.694917,Seoul-7a9c,-11,72,Normal
2026-02-15 07:36:50.694917,Seoul-7a9c,1,61,Normal
2026-02-15 07:36:51.694917,Seoul-7a9c,-9,6,Normal
2026-02-15 07:36:52.694917,Seoul-7a9c,16,33,Normal
2026-02-15 07:36:53.694917,Seoul-7a9c,12,66,Normal
2026-02-15 07:36:54.694917,Seoul-7a9c,49,21,Normal
2026-02-15 07:36:55.694917,Seoul-7a9c,5,72,Normal
2026-02-15 07:36:56.694917,Seoul-7a9c,29,8,Normal
2026-02-15 07:36:57.694917,Seoul-7a9c,-11,38,Normal
2026-02-15 07:36:58.694917,Seoul-7a9c,34,22,Normal
2026-02-15 07:36:59.694917,Seoul-7a9c,25,33,Normal
2026-02-15 07:37:00.694917,Seoul-7a9c,21,30,Normal
2026-02-15 07:37:01.694917,Seoul-7a9c,15,92,Normal
2026-02-15 07:37:02.694917,Seoul-7a9c,-21,35,Normal
2026-02-15 07:37:03.694917,Seoul-7a9c,32,85,Normal
2026-02-15 07:37:04.694917,Seoul-7a9c,-26,54,Normal
2026-02-15 07:37:05.694917,Seoul-7a9c,13,98,Normal
2026-02-15 07:37:06.694917,Seoul-7a9c,47,65,Normal
2026-02-15 07:37:07.694917,Seoul-7a9c,-4,94,Normal
2026-02-15 07:37:08.694917,Seoul-7a9c,49,80,Normal
2026-02-15 07:37:09.694917,Seoul-7a9c,12,48,Normal
2026-02-15 07:37:10.694917,Seoul-7a9c,37,57,Normal
2026-02-15 07:37:11.694917,Seoul-7a9c,42,96,Normal
2026-02-15 07:37:12.694917,Seoul-7a9c,47,75,Normal
2026-02-15 07:37:13.694917,Seoul-7a9c,20,94,Normal
2026-02-15 07:37:14.694917,Seoul-7a9c,-10,1,Normal
2026-02-15 07:37:15.694917,Seoul-7a9c,-30,20,Normal
2026-02-15 07:37:16.694917,Seoul-7a9c,-24,28,Normal
2026-02-15 07:37:17.694917,Seoul-7a9c,-8,94,Normal
2026-02-15 07:37:18.694917,Seoul-7a9c,36,4,Normal
2026-02-15 07:37:19.694917,Seoul-7a9c,1,15,Normal
2026-02-15 07:37:20.694917,Seoul-7a9c,36,66,Normal
2026-02-15 07:37:21.694917,Seoul-7a9c,28,92,Normal
2026-02-15 07:37:22.694917,Seoul-7a9c,41,17,Normal
2026-02-15 07:37:23.694917,Seoul-7a9c,15,38,Normal
2026-02-15 07:37:24.694917,Seoul-7a9c,28,40,Normal
2026-02-15 07:37:25.694917,Seoul-7a9c,48,76,Normal
2026-02-15 07:37:26.694917,Seoul-7a9c,-8,78,Normal
2026-02-15 07:37:27.694917,Seoul-7a9c,24,84,Normal
2026-02-15 07:37:28.694917,Seoul-7a9c,-9,30,Normal
2026-02-15 07:37:29.694917,Seoul-7a9c,35,39,Normal
2026-02-15 07:37:30.694917,Seoul-7a9c,12,31,Normal
2026-02-15 07:37:31.694917,Seoul-7a9c,42,9,Normal
2026-02-15 07:37:32.694917,Seoul-7a9c,40,78,Normal
2026-02-15 07:37:33.694917,Seoul-7a9c,17,25,Normal
2026-02-15 07:37:34.694917,Seoul-7a9c,3,48,Normal
2026-02-15 07:37:35.694917,Seoul-7a9c,40,5,Normal
2026-02-15 07:37:36.694917,Seoul-7a9c,-5,8,Normal
2026-02-15 07:37:37.694917,Seoul-7a9c,-19,97,Normal
2026-02-15 07:37:38.694917,Seoul-7a9c,-25,29,Normal
2026-02-15 07:37:39.694917,Seoul-7a9c,-3,65,Normal
2026-02-15 07:37:40.694917,Seoul-7a9c,-10,14,Normal
2026-02-15 07:37:41.694917,Seoul-7a9c,22,94,Normal
2026-02-15 07:37:42.694917,Seoul-7a9c,33,63,Normal
2026-02-15 07:37:43.694917,Seoul-7a9c,6,63,Normal
2026-02-15 07:37:44.694917,Seoul-7a9c,-6,88,Normal
2026-02-15 07:37:45.694917,Seoul-7a9c,49,20,Normal
2026-02-15 07:37:46.694917,Seoul-7a9c,-6,94,Normal
2026-02-15 07:37:47.694917,Seoul-7a9c,26,16,Normal
2026-02-15 07:37:48.694917,Seoul-7a9c,-5,45,Normal
2026-02-15 07:37:49.694917,Seoul-7a9c,28,64,Normal
2026-02-15 07:37:50.694917,Seoul-7a9c,29,18,Normal
2026-02-15 07:37:51.694917,Seoul-7a9c,25,59,Normal
2026-02-15 07:37:52.694917,Seoul-7a9c,5,2,Normal
2026-02-15 07:37:53.694917,Seoul-7a9c,26,56,Normal
2026-02-15 07:37:54.694917,Seoul-7a9c,-5,2,Normal
2026-02-15 07:37:55.694917,Seoul-7a9c,-22,50,Normal
2026-02-15 07:37:56.694917,Seoul-7a9c,-10,4,Normal
2026-02-15 07:37:57.694917,Seoul-7a9c,-16,14,Normal
2026-02-15 07:37:58.694917,Seoul-7a9c,43,58,Normal
2026-02-15 07:37:59.694917,Seoul-7a9c,5,61,Normal
2026-02-15 07:38:00.694917,Seoul-7a9c,-14,99,Normal
2026-02-15 07:38:01.694917,Seoul-7a9c,-15,31,Normal
2026-02-15 07:38:02.694917,Seoul-7a9c,38,88,Normal
2026-02-15 07:38:03.694917,Seoul-7a9c,42,68,Normal
2026-02-15 07:38:04.694917,Seoul-7a9c,5,70,Normal
2026-02-15 07:38:05.694917,Seoul-7a9c,11,65,Normal
2026-02-15 07:38:06.694917,Seoul-7a9c,33,32,Normal
2026-02-15 07:38:07.694917,Seoul-7a9c,2,74,Normal
2026-02-15 07:38:08.694917,Seoul-7a9c,-19,25,Normal
2026-02-15 07:38:09.694917,Seoul-7a9c,-6,12,Normal
2026-02-15 07:38:10.694917,Seoul-7a9c,19,41,Normal
2026-02-15 07:38:11.694917,Seoul-7a9c,-20,5,Normal
2026-02-15 07:38:12.694917,Seoul-7a9c,-6,66,Normal
2026-02-15 07:38:13.694917,Seoul-7a9c,47,98,Normal
2026-02-15 07:38:14.694917,Seoul-7a9c,41,70,Normal
2026-02-15 07:38:15.694917,Seoul-7a9c,43,57,Normal
2026-02-15 07:38:16.694917,Seoul-7a9c,13,66,Normal
2026-02-15 07:38:17.694917,Seoul-7a9c,9,16,Normal
2026-02-15 07:38:18.694917,Seoul-7a9c,0,70,Normal
2026-02-15 07:38:19.694917,Seoul-7a9c,25,60,Normal
2026-02-15 07:38:20.694917,Seoul-7a9c,-26,46,Normal
2026-02-15 07:38:21.694917,Seoul-7a9c,1,59,Normal
2026-02-15 07:38:22.694917,Seoul-7a9c,45,61,Normal
2026-02-15 07:38:23.694917,Seoul-7a9c,21,89,Normal
2026-02-15 07:38:24.694917,Seoul-7a9c,-16,13,Normal
2026-02-15 07:38:25.694917,Seoul-7a9c,43,93,Normal
2026-02-15 07:38:26.694917,Seoul-7a9c,-3,2,Normal
2026-02-15 07:38:27.694917,Seoul-7a9c,26,91,Normal
2026-02-15 07:38:28.694917,Seoul-7a9c,22,70,Normal
2026-02-15 07:38:29.694917,Seoul-7a9c,38,35,Normal
2026-02-15 07:38:30.694917,Seoul-7a9c,-23,26,Normal
2026-02-15 07:38:31.694917,Seoul-7a9c,37,64,Normal
2026-02-15 07:38:32.694917,Seoul-7a9c,-22,74,Normal
2026-02-15 07:38:33.694917,Seoul-7a9c,30,51,Normal
2026-02-15 07:38:34.694917,Seoul-7a9c,48,45,Normal
2026-02-15 07:38:35.694917,Seoul-7a9c,-2,1,Normal
2026-02-15 07:38:36.694917,Seoul-7a9c,29,96,Normal
2026-02-15 07:38:37.694917,Seoul-7a9c,-5,47,Normal
2026-02-15 07:38:38.694917,Seoul-7a9c,34,98,Normal
2026-02-15 07:38:39.694917,Seoul-7a9c,44,25,Normal
2026-02-15 07:38:40.694917,Seoul-7a9c,-25,89,Normal
2026-02-15 07:38:41.694917,Seoul-7a9c,-20,98,Normal
2026-02-15 07:38:42.694917,Seoul-7a9c,26,23,Normal
2026-02-15 07:38:43.694917,Seoul-7a9c,-19,48,Normal
2026-02-15 07:38:44.694917,Seoul-7a9c,-3,54,Normal
2026-02-15 07:38:45.694917,Seoul-7a9c,-17,37,Normal
2026-02-15 07:38:46.694917,Seoul-7a9c,-4,6,Normal
2026-02-15 07:38:47.694917,Seoul-7a9c,46,40,Normal
2026-02-15 07:38:48.694917,Seoul-7a9c,-24,78,Normal
2026-02-15 07:38:49.694917,Seoul-7a9c,1,52,Normal
2026-02-15 07:38:50.694917,Seoul-7a9c,12,8,Normal
2026-02-15 07:38:51.694917,Seoul-7a9c,50,32,Normal
2026-02-15 07:38:52.694917,Seoul-7a9c,3,0,Normal
2026-02-15 07:38:53.694917,Seoul-7a9c,5,5,Normal
2026-02-15 07:38:54.694917,Seoul-7a9c,26,27,Normal
2026-02-15 07:38:55.694917,Seoul-7a9c,-26,61,Normal
2026-02-15 07:38:56.694917,Seoul-7a9c,-19,29,Normal
2026-02-15 07:38:57.694917,Seoul-7a9c,-2,78,Normal
2026-02-15 07:38:58.694917,Seoul-7a9c,-11,85,Normal
2026-02-15 07:38:59.694917,Seoul-7a9c,47,4,Normal
2026-02-15 07:39:00.694917,Seoul-7a9c,-16,79,Normal
2026-02-15 07:39:01.694917,Seoul-7a9c,6,35,Normal
2026-02-15 07:39:02.694917,Seoul-7a9c,2,71,Normal
2026-02-15 07:39:03.694917,Seoul-7a9c,-22,38,Normal
2026-02-15 07:39:04.694917,Seoul-7a9c,26,41,Normal
2026-02-15 07:39:05.694917,Seoul-7a9c,38,81,Normal
2026-02-15 07:39:06.694917,Seoul-7a9c,9,23,Normal
2026-02-15 07:39:07.694917,Seoul-7a9c,42,81,Normal
2026-02-15 07:39:08.694917,Seoul-7a9c,3,58,Normal
2026-02-15 07:39:09.694917,Seoul-7a9c,-13,49,Normal
2026-02-15 07:39:10.694917,Seoul-7a9c,-20,64,Normal
2026-02-15 07:39:11.694917,Seoul-7a9c,26,75,Normal
2026-02-15 07:39:12.694917,Seoul-7a9c,-11,35,Normal
2026-02-15 07:39:13.694917,Seoul-7a9c,-27,21,Normal
2026-02-15 07:39:14.694917,Seoul-7a9c,23,78,Normal
2026-02-15 07:39:15.694917,Seoul-7a9c,9,67,Normal
2026-02-15 07:39:16.694917,Seoul-7a9c,47,12,Normal
2026-02-15 07:39:17.694917,Seoul-7a9c,14,23,Normal
2026-02-15 07:39:18.694917,Seoul-7a9c,3,81,Normal
2026-02-15 07:39:19.694917,Seoul-7a9c,8,37,Normal
2026-02-15 07:39:20.694917,Seoul-7a9c,6,98,Normal
2026-02-15 07:39:21.694917,Seoul-7a9c,1,74,Normal
2026-02-15 07:39:22.694917,Seoul-7a9c,-13,87,Normal
2026-02-15 07:39:23.694917,Seoul-7a9c,17,16,Normal
2026-02-15 07:39:24.694917,Seoul-7a9c,-6,43,Normal
2026-02-15 07:39:25.694917,Seoul-7a9c,2,43,Normal
2026-02-15 07:39:26.694917,Seoul-7a9c,14,59,Normal
2026-02-15 07:39:27.694917,Seoul-7a9c,-11,18,Normal
2026-02-15 07:39:28.694917,Seoul-7a9c,-2,59,Normal
2026-02-15 07:39:29.694917,Seoul-7a9c,37,34,Normal
2026-02-15 07:39:30.694917,Seoul-7a9c,-6,86,Normal
2026-02-15 07:39:31.694917,Seoul-7a9c,-18,1,Normal
2026-02-15 07:39:32.694917,Seoul-7a9c,45,48,Normal
2026-02-15 07:39:33.694917,Seoul-7a9c,1,16,Normal
2026-02-15 07:39:34.694917,Seoul-7a9c,11,45,Normal
2026-02-15 07:39:35.694917,Seoul-7a9c,9,12,Normal
2026-02-15 07:39:36.694917,Seoul-7a9c,-16,21,Normal
2026-02-15 07:39:37.694917,Seoul-7a9c,-9,73,Normal
2026-02-15 07:39:38.694917,Seoul-7a9c,20,97,Normal
2026-02-15 07:39:39.694917,Seoul-7a9c,-25,29,Normal
2026-02-15 07:39:40.694917,Seoul-7a9c,13,40,Normal
2026-02-15 07:39:41.694917,Seoul-7a9c,-26,96,Normal
2026-02-15 07:39:42.694917,Seoul-7a9c,-13,64,Normal
2026-02-15 07:39:43.694917,Seoul-7a9c,27,5,Normal
2026-02-15 07:39:44.694917,Seoul-7a9c,4,66,Normal
2026-02-15 07:39:45.694917,Seoul-7a9c,47,65,Normal
2026-02-15 07:39:46.694917,Seoul-7a9c,47,30,Normal
2026-02-15 07:39:47.694917,Seoul-7a9c,9,85,Normal
2026-02-15 07:39:48.694917,Seoul-7a9c,-15,77,Normal
2026-02-15 07:39:49.694917,Seoul-7a9c,47,68,Normal
2026-02-15 07:39:50.694917,Seoul-7a9c,-15,28,Normal
2026-02-15 07:39:51.694917,Seoul-7a9c,-19,71,Normal
2026-02-15 07:39:52.694917,Seoul-7a9c,-15,53,Normal
2026-02-15 07:39:53.694917,Seoul-7a9c,15,36,Normal
2026-02-15 07:39:54.694917,Seoul-7a9c,48,57,Normal
2026-02-15 07:39:55.694917,Seoul-7a9c,23,43,Normal
2026-02-15 07:39:56.694917,Seoul-7a9c,2,9,Normal
2026-02-15 07:39:57.694917,Seoul-7a9c,-24,98,Normal
2026-02-15 07:39:58.694917,Seoul-7a9c,8,16,Normal
2026-02-15 07:39:59.694917,Seoul-7a9c,1,98,Normal
2026-02-15 07:40:00.694917,Seoul-7a9c,15,66,Normal
2026-02-15 07:40:01.694917,Seoul-7a9c,-24,17,Normal
2026-02-15 07:40:02.694917,Seoul-7a9c,22,52,Normal
2026-02-15 07:40:03.694917,Seoul-7a9c,10,3,Normal
2026-02-15 07:40:04.694917,Seoul-7a9c,-28,65,Normal
2026-02-15 07:40:05.694917,Seoul-7a9c,25,8,Normal
2026-02-15 07:40:06.694917,Seoul-7a9c,12,19,Normal
2026-02-15 07:40:07.694917,Seoul-7a9c,-3,83,Normal
2026-02-15 07:40:08.694917,Seoul-7a9c,21,14,Normal
2026-02-15 07:40:09.694917,Seoul-7a9c,4,69,Normal
2026-02-15 07:40:10.694917,Seoul-7a9c,15,78,Normal
2026-02-15 07:40:11.694917,Seoul-7a9c,50,49,Normal
2026-02-15 07:40:12.694917,Seoul-7a9c,49,11,Normal
2026-02-15 07:40:13.694917,Seoul-7a9c,19,62,Normal
2026-02-15 07:40:14.694917,Seoul-7a9c,19,36,Normal
2026-02-15 07:40:15.694917,Seoul-7a9c,16,64,Normal
2026-02-15 07:40:16.694917,Seoul-7a9c,9,65,Normal
2026-02-15 07:40:17.694917,Seoul-7a9c,-14,35,Normal
2026-02-15 07:40:18.694917,Seoul-7a9c,48,79,Normal
2026-02-15 07:40:19.694917,Seoul-7a9c,-13,48,Normal
2026-02-15 07:40:20.694917,Seoul-7a9c,10,37,Normal
2026-02-15 07:40:21.694917,Seoul-7a9c,-25,79,Normal
2026-02-15 07:40:22.694917,Seoul-7a9c,-3,79,Normal
2026-02-15 07:40:23.694917,Seoul-7a9c,-7,51,Normal
2026-02-15 07:40:24.694917,Seoul-7a9c,-21,96,Normal
2026-02-15 07:40:25.694917,Seoul-7a9c,-25,84,Normal
2026-02-15 07:40:26.694917,Seoul-7a9c,-4,39,Normal
2026-02-15 07:40:27.694917,Seoul-7a9c,-29,44,Normal
2026-02-15 07:40:28.694917,Seoul-7a9c,22,36,Normal
2026-02-15 07:40:29.694917,Seoul-7a9c,18,59,Normal
2026-02-15 07:40:30.694917,Seoul-7a9c,-3,51,Normal
2026-02-15 07:40:31.694917,Seoul-7a9c,13,16,Normal
2026-02-15 07:40:32.694917,Seoul-7a9c,40,14,Normal
2026-02-15 07:40:33.694917,Seoul-7a9c,-25,70,Normal
2026-02-15 07:40:34.694917,Seoul-7a9c,43,70,Normal
2026-02-15 07:40:35.694917,Seoul-7a9c,11,5,Normal
2026-02-15 07:40:36.694917,Seoul-7a9c,25,29,Normal
2026-02-15 07:40:37.694917,Seoul-7a9c,50,12,Normal
2026-02-15 07:40:38.694917,Seoul-7a9c,47,84,Normal
2026-02-15 07:40:39.694917,Seoul-7a9c,43,43,Normal
2026-02-15 07:40:40.694917,Seoul-7a9c,-20,47,Normal
2026-02-15 07:40:41.694917,Seoul-7a9c,19,54,Normal
2026-02-15 07:40:42.694917,Seoul-7a9c,0,67,Normal
2026-02-15 07:40:43.694917,Seoul-7a9c,2,39,Normal
2026-02-15 07:40:44.694917,Seoul-7a9c,-25,66,Normal
2026-02-15 07:40:45.694917,Seoul-7a9c,-11,1,Normal
2026-02-15 07:40:46.694917,Seoul-7a9c,8,37,Normal
2026-02-15 07:40:47.694917,Seoul-7a9c,20,64,Normal
2026-02-15 07:40:48.694917,Seoul-7a9c,31,29,Normal
2026-02-15 07:40:49.694917,Seoul-7a9c,39,26,Normal
2026-02-15 07:40:50.694917,Seoul-7a9c,-25,7,Normal
2026-02-15 07:40:51.694917,Seoul-7a9c,-13,4,Normal
2026-02-15 07:40:52.694917,Seoul-7a9c,-22,57,Normal
2026-02-15 07:40:53.694917,Seoul-7a9c,-21,76,Normal
2026-02-15 07:40:54.694917,Seoul-7a9c,13,69,Normal
2026-02-15 07:40:55.694917,Seoul-7a9c,10,10,Normal
2026-02-15 07:40:56.694917,Seoul-7a9c,6,68,Normal
2026-02-15 07:40:57.694917,Seoul-7a9c,-20,34,Normal
2026-02-15 07:40:58.694917,Seoul-7a9c,11,15,Normal
2026-02-15 07:40:59.694917,Seoul-7a9c,46,42,Normal
2026-02-15 07:41:00.694917,Seoul-7a9c,39,3,Normal
2026-02-15 07:41:01.694917,Seoul-7a9c,5,54,Normal
2026-02-15 07:41:02.694917,Seoul-7a9c,37,50,Normal
2026-02-15 07:41:03.694917,Seoul-7a9c,-27,98,Normal
2026-02-15 07:41:04.694917,Seoul-7a9c,-8,71,Normal
2026-02-15 07:41:05.694917,Seoul-7a9c,28,41,Normal
2026-02-15 07:41:06.694917,Seoul-7a9c,38,91,Normal
2026-02-15 07:41:07.694917,Seoul-7a9c,32,14,Normal
2026-02-15 07:41:08.694917,Seoul-7a9c,13,38,Normal
2026-02-15 07:41:09.694917,Seoul-7a9c,23,47,Normal
2026-02-15 07:41:10.694917,Seoul-7a9c,35,47,Normal
2026-02-15 07:41:11.694917,Seoul-7a9c,17,18,Normal
2026-02-15 07:41:12.694917,Seoul-7a9c,36,89,Normal
2026-02-15 07:41:13.694917,Seoul-7a9c,47,33,Normal
2026-02-15 07:41:14.694917,Seoul-7a9c,-27,30,Normal
2026-02-15 07:41:15.694917,Seoul-7a9c,47,26,Normal
2026-02-15 07:41:16.694917,Seoul-7a9c,-30,78,Normal
2026-02-15 07:41:17.694917,Seoul-7a9c,33,63,Normal
2026-02-15 07:41:18.694917,Seoul-7a9c,-24,95,Normal
2026-02-15 07:41:19.694917,Seoul-7a9c,23,95,Normal
2026-02-15 07:41:20.694917,Seoul-7a9c,-13,89,Normal
2026-02-15 07:41:21.694917,Seoul-7a9c,36,19,Normal
2026-02-15 07:41:22.694917,Seoul-7a9c,13,56,Normal
2026-02-15 07:41:23.694917,Seoul-7a9c,-7,68,Normal
2026-02-15 07:41:24.694917,Seoul-7a9c,27,75,Normal
2026-02-15 07:41:25.694917,Seoul-7a9c,22,67,Normal
2026-02-15 07:41:26.694917,Seoul-7a9c,-26,64,Normal
2026-02-15 07:41:27.694917,Seoul-7a9c,-4,26,Normal
2026-02-15 07:41:28.694917,Seoul-7a9c,42,69,Normal
2026-02-15 07:41:29.694917,Seoul-7a9c,17,2,Normal
2026-02-15 07:41:30.694917,Seoul-7a9c,49,70,Normal
2026-02-15 07:41:31.694917,Seoul-7a9c,5,81,Normal
2026-02-15 07:41:32.694917,Seoul-7a9c,48,91,Normal
2026-02-15 07:41:33.694917,Seoul-7a9c,-19,47,Normal
2026-02-15 07:41:34.694917,Seoul-7a9c,21,7,Normal
2026-02-15 07:41:35.694917,Seoul-7a9c,-10,66,Normal
2026-02-15 07:41:36.694917,Seoul-7a9c,-14,45,Normal
2026-02-15 07:41:37.694917,Seoul-7a9c,-14,61,Normal
2026-02-15 07:41:38.694917,Seoul-7a9c,31,77,Normal
2026-02-15 07:41:39.694917,Seoul-7a9c,17,10,Normal
2026-02-15 07:41:40.694917,Seoul-7a9c,20,10,Normal
2026-02-15 07:41:41.694917,Seoul-7a9c,40,75,Normal
2026-02-15 07:41:42.694917,Seoul-7a9c,-11,11,Normal
2026-02-15 07:41:43.694917,Seoul-7a9c,-16,17,Normal
2026-02-15 07:41:44.694917,Seoul-7a9c,38,44,Normal
2026-02-15 07:41:45.694917,Seoul-7a9c,42,64,Normal
2026-02-15 07:41:46.694917,Seoul-7a9c,38,63,Normal
2026-02-15 07:41:47.694917,Seoul-7a9c,23,11,Normal
2026-02-15 07:41:48.694917,Seoul-7a9c,9,79,Normal
2026-02-15 07:41:49.694917,Seoul-7a9c,-25,14,Normal
2026-02-15 07:41:50.694917,Seoul-7a9c,-13,33,Normal
2026-02-15 07:41:51.694917,Seoul-7a9c,38,90,Normal
2026-02-15 07:41:52.694917,Seoul-7a9c,-23,3,Normal
2026-02-15 07:41:53.694917,Seoul-7a9c,-14,73,Normal
2026-02-15 07:41:54.694917,Seoul-7a9c,-1,78,Normal
2026-02-15 07:41:55.694917,Seoul-7a9c,44,87,Normal
2026-02-15 07:41:56.694917,Seoul-7a9c,49,36,Normal
2026-02-15 07:41:57.694917,Seoul-7a9c,4,17,Normal
2026-02-15 07:41:58.694917,Seoul-7a9c,43,12,Normal
2026-02-15 07:41:59.694917,Seoul-7a9c,2,66,Normal
2026-02-15 07:42:00.694917,Seoul-7a9c,-21,46,Normal
2026-02-15 07:42:01.694917,Seoul-7a9c,27,19,Normal
2026-02-15 07:42:02.694917,Seoul-7a9c,10,33,Normal
2026-02-15 07:42:03.694917,Seoul-7a9c,-12,12,Normal
2026-02-15 07:42:04.694917,Seoul-7a9c,30,1,Normal
2026-02-15 07:42:05.694917,Seoul-7a9c,30,89,Normal
2026-02-15 07:42:06.694917,Seoul-7a9c,-30,30,Normal
2026-02-15 07:42:07.694917,Seoul-7a9c,-5,40,Normal
2026-02-15 07:42:08.694917,Seoul-7a9c,16,15,Normal
2026-02-15 07:42:09.694917,Seoul-7a9c,49,39,Normal
2026-02-15 07:42:10.694917,Seoul-7a9c,-7,37,Normal
2026-02-15 07:42:11.694917,Seoul-7a9c,4,19,Normal
2026-02-15 07:42:12.694917,Seoul-7a9c,31,23,Normal
2026-02-15 07:42:13.694917,Seoul-7a9c,28,80,Normal
2026-02-15 07:42:14.694917,Seoul-7a9c,29,47,Normal
2026-02-15 07:42:15.694917,Seoul-7a9c,9,53,Normal
2026-02-15 07:42:16.694917,Seoul-7a9c,-30,83,Normal
2026-02-15 07:42:17.694917,Seoul-7a9c,8,7,Normal
2026-02-15 07:42:18.694917,Seoul-7a9c,39,6,Normal
2026-02-15 07:42:19.694917,Seoul-7a9c,31,24,Normal
2026-02-15 07:42:20.694917,Seoul-7a9c,-14,85,Normal
2026-02-15 07:42:21.694917,Seoul-7a9c,15,1,Normal
2026-02-15 07:42:22.694917,Seoul-7a9c,6,58,Normal
2026-02-15 07:42:23.694917,Seoul-7a9c,-19,92,Normal
2026-02-15 07:42:24.694917,Seoul-7a9c,-6,78,Normal
2026-02-15 07:42:25.694917,Seoul-7a9c,43,91,Normal
2026-02-15 07:42:26.694917,Seoul-7a9c,41,27,Normal
2026-02-15 07:42:27.694917,Seoul-7a9c,-11,21,Normal
2026-02-15 07:42:28.694917,Seoul-7a9c,33,20,Normal
2026-02-15 07:42:29.694917,Seoul-7a9c,-21,97,Normal
2026-02-15 07:42:30.694917,Seoul-7a9c,6,52,Normal
2026-02-15 07:42:31.694917,Seoul-7a9c,-30,100,Normal
2026-02-15 07:42:32.694917,Seoul-7a9c,47,95,Normal
2026-02-15 07:42:33.694917,Seoul-7a9c,19,29,Normal
2026-02-15 07:42:34.694917,Seoul-7a9c,46,25,Normal
2026-02-15 07:42:35.694917,Seoul-7a9c,-7,95,Normal
2026-02-15 07:42:36.694917,Seoul-7a9c,-24,85,Normal
2026-02-15 07:42:37.694917,Seoul-7a9c,48,52,Normal
2026-02-15 07:42:38.694917,Seoul-7a9c,4,63,Normal
2026-02-15 07:42:39.694917,Seoul-7a9c,43,80,Normal
2026-02-15 07:42:40.694917,Seoul-7a9c,0,35,Normal
2026-02-15 07:42:41.694917,Seoul-7a9c,4,42,Normal
2026-02-15 07:42:42.694917,Seoul-7a9c,-10,48,Normal
2026-02-15 07:42:43.694917,Seoul-7a9c,11,66,Normal
2026-02-15 07:42:44.694917,Seoul-7a9c,41,15,Normal
2026-02-15 07:42:45.694917,Seoul-7a9c,0,24,Normal
2026-02-15 07:42:46.694917,Seoul-7a9c,22,10,Normal
2026-02-15 07:42:47.694917,Seoul-7a9c,28,20,Normal
2026-02-15 07:42:48.694917,Seoul-7a9c,48,54,Normal
2026-02-15 07:42:49.694917,Seoul-7a9c,20,85,Normal
2026-02-15 07:42:50.694917,Seoul-7a9c,14,98,Normal
2026-02-15 07:42:51.694917,Seoul-7a9c,3,46,Normal
2026-02-15 07:42:52.694917,Seoul-7a9c,1,56,Normal
2026-02-15 07:42:53.694917,Seoul-7a9c,-8,57,Normal
2026-02-15 07:42:54.694917,Seoul-7a9c,36,21,Normal
2026-02-15 07:42:55.694917,Seoul-7a9c,-10,20,Normal
2026-02-15 07:42:56.694917,Seoul-7a9c,-29,54,Normal
2026-02-15 07:42:57.694917,Seoul-7a9c,1,51,Normal
2026-02-15 07:42:58.694917,Seoul-7a9c,-5,40,Normal
2026-02-15 07:42:59.694917,Seoul-7a9c,22,36,Normal
2026-02-15 07:43:00.694917,Seoul-7a9c,18,5,Normal
2026-02-15 07:43:01.694917,Seoul-7a9c,34,15,Normal
2026-02-15 07:43:02.694917,Seoul-7a9c,17,47,Normal
2026-02-15 07:43:03.694917,Seoul-7a9c,-9,40,Normal
2026-02-15 07:43:04.694917,Seoul-7a9c,-16,30,Normal
2026-02-15 07:43:05.694917,Seoul-7a9c,22,72,Normal
2026-02-15 07:43:06.694917,Seoul-7a9c,20,35,Normal
2026-02-15 07:43:07.694917,Seoul-7a9c,-30,85,Normal
2026-02-15 07:43:08.694917,Seoul-7a9c,10,78,Normal
2026-02-15 07:43:09.694917,Seoul-7a9c,40,26,Normal
2026-02-15 07:43:10.694917,Seoul-7a9c,8,52,Normal
2026-02-15 07:43:11.694917,Seoul-7a9c,45,9,Normal
2026-02-15 07:43:12.694917,Seoul-7a9c,-16,84,Normal
2026-02-15 07:43:13.694917,Seoul-7a9c,18,30,Normal
2026-02-15 07:43:14.694917,Seoul-7a9c,36,75,Normal
2026-02-15 07:43:15.694917,Seoul-7a9c,22,17,Normal
2026-02-15 07:43:16.694917,Seoul-7a9c,-26,96,Normal
2026-02-15 07:43:17.694917,Seoul-7a9c,48,12,Normal
2026-02-15 07:43:18.694917,Seoul-7a9c,-30,24,Normal
2026-02-15 07:43:19.694917,Seoul-7a9c,-7,8,Normal
2026-02-15 07:43:20.694917,Seoul-7a9c,30,52,Normal
2026-02-15 07:43:21.694917,Seoul-7a9c,36,61,Normal
2026-02-15 07:43:22.694917,Seoul-7a9c,18,53,Normal
2026-02-15 07:43:23.694917,Seoul-7a9c,13,34,Normal
2026-02-15 07:43:24.694917,Seoul-7a9c,-13,83,Normal
2026-02-15 07:43:25.694917,Seoul-7a9c,-17,54,Normal
2026-02-15 07:43:26.694917,Seoul-7a9c,48,67,Normal
2026-02-15 07:43:27.694917,Seoul-7a9c,43,61,Normal
2026-02-15 07:43:28.694917,Seoul-7a9c,2,91,Normal
2026-02-15 07:43:29.694917,Seoul-7a9c,34,42,Normal
2026-02-15 07:43:30.694917,Seoul-7a9c,-10,72,Normal
2026-02-15 07:43:31.694917,Seoul-7a9c,1,38,Normal
2026-02-15 07:43:32.694917,Seoul-7a9c,-9,47,Normal
2026-02-15 07:43:33.694917,Seoul-7a9c,3,87,Normal
2026-02-15 07:43:34.694917,Seoul-7a9c,-9,44,Normal
2026-02-15 07:43:35.694917,Seoul-7a9c,50,14,Normal
2026-02-15 07:43:36.694917,Seoul-7a9c,-21,29,Normal
2026-02-15 07:43:37.694917,Seoul-7a9c,-14,34,Normal
2026-02-15 07:43:38.694917,Seoul-7a9c,-12,57,Normal
2026-02-15 07:43:39.694917,Seoul-7a9c,-20,29,Normal
2026-02-15 07:43:40.694917,Seoul-7a9c,50,11,Normal
2026-02-15 07:43:41.694917,Seoul-7a9c,-3,25,Normal
2026-02-15 07:43:42.694917,Seoul-7a9c,-6,95,Normal
2026-02-15 07:43:43.694917,Seoul-7a9c,-5,21,Normal
2026-02-15 07:43:44.694917,Seoul-7a9c,28,75,Normal
2026-02-15 07:43:45.694917,Seoul-7a9c,0,56,Normal
2026-02-15 07:43:46.694917,Seoul-7a9c,15,65,Normal
2026-02-15 07:43:47.694917,Seoul-7a9c,-23,1,Normal
2026-02-15 07:43:48.694917,Seoul-7a9c,18,64,Normal
2026-02-15 07:43:49.694917,Seoul-7a9c,38,75,Normal
2026-02-15 07:43:50.694917,Seoul-7a9c,-14,52,Normal
2026-02-15 07:43:51.694917,Seoul-7a9c,25,34,Normal
2026-02-15 07:43:52.694917,Seoul-7a9c,37,41,Normal
2026-02-15 07:43:53.694917,Seoul-7a9c,-29,11,Normal
2026-02-15 07:43:54.694917,Seoul-7a9c,15,89,Normal
2026-02-15 07:43:55.694917,Seoul-7a9c,-23,26,Normal
2026-02-15 07:43:56.694917,Seoul-7a9c,2,68,Normal
2026-02-15 07:43:57.694917,Seoul-7a9c,12,57,Normal
2026-02-15 07:43:58.694917,Seoul-7a9c,33,68,Normal
2026-02-15 07:43:59.694917,Seoul-7a9c,-9,40,Normal
2026-02-15 07:44:00.694917,Seoul-7a9c,-4,66,Normal
2026-02-15 07:44:01.694917,Seoul-7a9c,45,82,Normal
2026-02-15 07:44:02.694917,Seoul-7a9c,-8,77,Normal
2026-02-15 07:44:03.694917,Seoul-7a9c,30,61,Normal
2026-02-15 07:44:04.694917,Seoul-7a9c,42,43,Normal
2026-02-15 07:44:05.694917,Seoul-7a9c,48,31,Normal
2026-02-15 07:44:06.694917,Seoul-7a9c,40,29,Normal
2026-02-15 07:44:07.694917,Seoul-7a9c,-13,1,Normal
2026-02-15 07:44:08.694917,Seoul-7a9c,-11,76,Normal
2026-02-15 07:44:09.694917,Seoul-7a9c,47,28,Normal
2026-02-15 07:44:10.694917,Seoul-7a9c,17,48,Normal
2026-02-15 07:44:11.694917,Seoul-7a9c,-11,89,Normal
2026-02-15 07:44:12.694917,Seoul-7a9c,10,84,Normal
2026-02-15 07:44:13.694917,Seoul-7a9c,-18,18,Normal
2026-02-15 07:44:14.694917,Seoul-7a9c,-7,19,Normal
2026-02-15 07:44:15.694917,Seoul-7a9c,24,66,Normal
2026-02-15 07:44:16.694917,Seoul-7a9c,43,15,Normal
2026-02-15 07:44:17.694917,Seoul-7a9c,14,27,Normal
2026-02-15 07:44:18.694917,Seoul-7a9c,5,24,Normal
2026-02-15 07:44:19.694917,Seoul-7a9c,-24,14,Normal
2026-02-15 07:44:20.694917,Seoul-7a9c,14,98,Normal
2026-02-15 07:44:21.694917,Seoul-7a9c,-15,80,Normal
2026-02-15 07:44:22.694917,Seoul-7a9c,-6,28,Normal
2026-02-15 07:44:23.694917,Seoul-7a9c,17,35,Normal
2026-02-15 07:44:24.694917,Seoul-7a9c,1,20,Normal
2026-02-15 07:44:25.694917,Seoul-7a9c,2,53,Normal
2026-02-15 07:44:26.694917,Seoul-7a9c,6,88,Normal
2026-02-15 07:44:27.694917,Seoul-7a9c,50,0,Normal
2026-02-15 07:44:28.694917,Seoul-7a9c,17,83,Normal
2026-02-15 07:44:29.694917,Seoul-7a9c,47,35,Normal
2026-02-15 07:44:30.694917,Seoul-7a9c,13,31,Normal
2026-02-15 07:44:31.694917,Seoul-7a9c,9,54,Normal
2026-02-15 07:44:32.694917,Seoul-7a9c,-12,7,Normal
2026-02-15 07:44:33.694917,Seoul-7a9c,-10,29,Normal
2026-02-15 07:44:34.694917,Seoul-7a9c,2,94,Normal
2026-02-15 07:44:35.694917,Seoul-7a9c,-28,59,Normal
2026-02-15 07:44:36.694917,Seoul-7a9c,-28,44,Normal
2026-02-15 07:44:37.694917,Seoul-7a9c,34,64,Normal
2026-02-15 07:44:38.694917,Seoul-7a9c,24,97,Normal
2026-02-15 07:44:39.694917,Seoul-7a9c,24,37,Normal
2026-02-15 07:44:40.694917,Seoul-7a9c,43,22,Normal
2026-02-15 07:44:41.694917,Seoul-7a9c,21,95,Normal
2026-02-15 07:44:42.694917,Seoul-7a9c,10,78,Normal
2026-02-15 07:44:43.694917,Seoul-7a9c,-4,39,Normal
2026-02-15 07:44:44.694917,Seoul-7a9c,34,1,Normal
2026-02-15 07:44:45.694917,Seoul-7a9c,-19,87,Normal
2026-02-15 07:44:46.694917,Seoul-7a9c,33,38,Normal
2026-02-15 07:44:47.694917,Seoul-7a9c,-12,75,Normal
2026-02-15 07:44:48.694917,Seoul-7a9c,-30,88,Normal
2026-02-15 07:44:49.694917,Seoul-7a9c,18,86,Normal
2026-02-15 07:44:50.694917,Seoul-7a9c,10,79,Normal
2026-02-15 07:44:51.694917,Seoul-7a9c,-30,53,Normal
2026-02-15 07:44:52.694917,Seoul-7a9c,35,84,Normal
2026-02-15 07:44:53.694917,Seoul-7a9c,25,28,Normal
2026-02-15 07:44:54.694917,Seoul-7a9c,12,0,Normal
2026-02-15 07:44:55.694917,Seoul-7a9c,35,66,Normal
2026-02-15 07:44:56.694917,Seoul-7a9c,27,56,Normal
2026-02-15 07:44:57.694917,Seoul-7a9c,23,0,Normal
2026-02-15 07:44:58.694917,Seoul-7a9c,-14,59,Normal
2026-02-15 07:44:59.694917,Seoul-7a9c,-24,8,Normal
2026-02-15 07:45:00.694917,Seoul-7a9c,-27,79,Normal
2026-02-15 07:45:01.694917,Seoul-7a9c,47,34,Normal
2026-02-15 07:45:02.694917,Seoul-7a9c,43,47,Normal
2026-02-15 07:45:03.694917,Seoul-7a9c,-10,15,Normal
2026-02-15 07:45:04.694917,Seoul-7a9c,-8,39,Normal
2026-02-15 07:45:05.694917,Seoul-7a9c,3,90,Normal
2026-02-15 07:45:06.694917,Seoul-7a9c,37,8,Normal
2026-02-15 07:45:07.694917,Seoul-7a9c,-28,21,Normal
2026-02-15 07:45:08.694917,Seoul-7a9c,-7,72,Normal
2026-02-15 07:45:09.694917,Seoul-7a9c,-14,33,Normal
2026-02-15 07:45:10.694917,Seoul-7a9c,3,22,Normal
2026-02-15 07:45:11.694917,Seoul-7a9c,36,93,Normal
2026-02-15 07:45:12.694917,Seoul-7a9c,-12,87,Normal
2026-02-15 07:45:13.694917,Seoul-7a9c,-9,18,Normal
2026-02-15 07:45:14.694917,Seoul-7a9c,-10,78,Normal
2026-02-15 07:45:15.694917,Seoul-7a9c,15,72,Normal
2026-02-15 07:45:16.694917,Seoul-7a9c,5,72,Normal
2026-02-15 07:45:17.694917,Seoul-7a9c,-12,64,Normal
2026-02-15 07:45:18.694917,Seoul-7a9c,-18,69,Normal
2026-02-15 07:45:19.694917,Seoul-7a9c,-13,17,Normal
2026-02-15 07:45:20.694917,Seoul-7a9c,22,25,Normal
2026-02-15 07:45:21.694917,Seoul-7a9c,21,1,Normal
2026-02-15 07:45:22.694917,Seoul-7a9c,-25,60,Normal
2026-02-15 07:45:23.694917,Seoul-7a9c,-17,19,Normal
2026-02-15 07:45:24.694917,Seoul-7a9c,7,39,Normal
2026-02-15 07:45:25.694917,Seoul-7a9c,41,71,Normal
2026-02-15 07:45:26.694917,Seoul-7a9c,-11,10,Normal
2026-02-15 07:45:27.694917,Seoul-7a9c,-26,78,Normal
2026-02-15 07:45:28.694917,Seoul-7a9c,-29,77,Normal
2026-02-15 07:45:29.694917,Seoul-7a9c,50,35,Normal
2026-02-15 07:45:30.694917,Seoul-7a9c,10,75,Normal
2026-02-15 07:45:31.694917,Seoul-7a9c,-2,41,Normal
2026-02-15 07:45:32.694917,Seoul-7a9c,31,46,Normal
2026-02-15 07:45:33.694917,Seoul-7a9c,41,8,Normal
2026-02-15 07:45:34.694917,Seoul-7a9c,21,36,Normal
2026-02-15 07:45:35.694917,Seoul-7a9c,4,66,Normal
2026-02-15 07:45:36.694917,Seoul-7a9c,48,82,Normal
2026-02-15 07:45:37.694917,Seoul-7a9c,43,89,Normal
2026-02-15 07:45:38.694917,Seoul-7a9c,-21,64,Normal
2026-02-15 07:45:39.694917,Seoul-7a9c,8,79,Normal
2026-02-15 07:45:40.694917,Seoul-7a9c,43,1,Normal
2026-02-15 07:45:41.694917,Seoul-7a9c,-30,66,Normal
2026-02-15 07:45:42.694917,Seoul-7a9c,4,27,Normal
2026-02-15 07:45:43.694917,Seoul-7a9c,-12,25,Normal
2026-02-15 07:45:44.694917,Seoul-7a9c,24,54,Normal
2026-02-15 07:45:45.694917,Seoul-7a9c,-7,49,Normal
2026-02-15 07:45:46.694917,Seoul-7a9c,5,18,Normal
2026-02-15 07:45:47.694917,Seoul-7a9c,12,94,Normal
2026-02-15 07:45:48.694917,Seoul-7a9c,9,54,Normal
2026-02-15 07:45:49.694917,Seoul-7a9c,23,87,Normal
2026-02-15 07:45:50.694917,Seoul-7a9c,22,32,Normal
2026-02-15 07:45:51.694917,Seoul-7a9c,-13,4,Normal
2026-02-15 07:45:52.694917,Seoul-7a9c,-8,48,Normal
2026-02-15 07:45:53.694917,Seoul-7a9c,30,21,Normal
2026-02-15 07:45:54.694917,Seoul-7a9c,6,44,Normal
2026-02-15 07:45:55.694917,Seoul-7a9c,-4,34,Normal
2026-02-15 07:45:56.694917,Seoul-7a9c,-8,43,Normal
2026-02-15 07:45:57.694917,Seoul-7a9c,47,51,Normal
2026-02-15 07:45:58.694917,Seoul-7a9c,-9,85,Normal
2026-02-15 07:45:59.694917,Seoul-7a9c,32,28,Normal
2026-02-15 07:46:00.694917,Seoul-7a9c,13,73,Normal
2026-02-15 07:46:01.694917,Seoul-7a9c,32,45,Normal
2026-02-15 07:46:02.694917,Seoul-7a9c,-6,87,Normal
2026-02-15 07:46:03.694917,Seoul-7a9c,19,97,Normal
2026-02-15 07:46:04.694917,Seoul-7a9c,50,54,Normal
2026-02-15 07:46:05.694917,Seoul-7a9c,-28,87,Normal
2026-02-15 07:46:06.694917,Seoul-7a9c,49,38,Normal
2026-02-15 07:46:07.694917,Seoul-7a9c,-16,46,Normal
2026-02-15 07:46:08.694917,Seoul-7a9c,19,27,Normal
2026-02-15 07:46:09.694917,Seoul-7a9c,7,80,Normal
2026-02-15 07:46:10.694917,Seoul-7a9c,30,60,Normal
2026-02-15 07:46:11.694917,Seoul-7a9c,24,3,Normal
2026-02-15 07:46:12.694917,Seoul-7a9c,-5,32,Normal
2026-02-15 07:46:13.694917,Seoul-7a9c,3,58,Normal
2026-02-15 07:46:14.694917,Seoul-7a9c,22,93,Normal
2026-02-15 07:46:15.694917,Seoul-7a9c,-11,45,Normal
2026-02-15 07:46:16.694917,Seoul-7a9c,-25,76,Normal
2026-02-15 07:46:17.694917,Seoul-7a9c,8,62,Normal
2026-02-15 07:46:18.694917,Seoul-7a9c,32,56,Normal
2026-02-15 07:46:19.694917,Seoul-7a9c,6,2,Normal
2026-02-15 07:46:20.694917,Seoul-7a9c,-13,87,Normal
2026-02-15 07:46:21.694917,Seoul-7a9c,37,27,Normal
2026-02-15 07:46:22.694917,Seoul-7a9c,32,78,Normal
2026-02-15 07:46:23.694917,Seoul-7a9c,17,47,Normal
2026-02-15 07:46:24.694917,Seoul-7a9c,18,100,Normal
2026-02-15 07:46:25.694917,Seoul-7a9c,20,72,Normal
2026-02-15 07:46:26.694917,Seoul-7a9c,-22,24,Normal
2026-02-15 07:46:27.694917,Seoul-7a9c,28,69,Normal
2026-02-15 07:46:28.694917,Seoul-7a9c,25,7,Normal
2026-02-15 07:46:29.694917,Seoul-7a9c,32,41,Normal
2026-02-15 07:46:30.694917,Seoul-7a9c,-22,94,Normal
2026-02-15 07:46:31.694917,Seoul-7a9c,27,25,Normal
2026-02-15 07:46:32.694917,Seoul-7a9c,34,56,Normal
2026-02-15 07:46:33.694917,Seoul-7a9c,-28,97,Normal
2026-02-15 07:46:34.694917,Seoul-7a9c,17,4,Normal
2026-02-15 07:46:35.694917,Seoul-7a9c,0,34,Normal
2026-02-15 07:46:36.694917,Seoul-7a9c,7,3,Normal
2026-02-15 07:46:37.694917,Seoul-7a9c,47,98,Normal
2026-02-15 07:46:38.694917,Seoul-7a9c,38,38,Normal
2026-02-15 07:46:39.694917,Seoul-7a9c,34,79,Normal
2026-02-15 07:46:40.694917,Seoul-7a9c,-4,98,Normal
2026-02-15 07:46:41.694917,Seoul-7a9c,-12,40,Normal
2026-02-15 07:46:42.694917,Seoul-7a9c,42,81,Normal
2026-02-15 07:46:43.694917,Seoul-7a9c,18,13,Normal
2026-02-15 07:46:44.694917,Seoul-7a9c,28,83,Normal
2026-02-15 07:46:45.694917,Seoul-7a9c,2,50,Normal
2026-02-15 07:46:46.694917,Seoul-7a9c,-24,64,Normal
2026-02-15 07:46:47.694917,Seoul-7a9c,-22,41,Normal
2026-02-15 07:46:48.694917,Seoul-7a9c,4,39,Normal
2026-02-15 07:46:49.694917,Seoul-7a9c,41,16,Normal
2026-02-15 07:46:50.694917,Seoul-7a9c,6,5,Normal
2026-02-15 07:46:51.694917,Seoul-7a9c,-7,89,Normal
2026-02-15 07:46:52.694917,Seoul-7a9c,4,54,Normal
2026-02-15 07:46:53.694917,Seoul-7a9c,0,14,Normal
2026-02-15 07:46:54.694917,Seoul-7a9c,47,78,Normal
2026-02-15 07:46:55.694917,Seoul-7a9c,9,75,Normal
2026-02-15 07:46:56.694917,Seoul-7a9c,34,71,Normal
2026-02-15 07:46:57.694917,Seoul-7a9c,29,85,Normal
2026-02-15 07:46:58.694917,Seoul-7a9c,-5,32,Normal
2026-02-15 07:46:59.694917,Seoul-7a9c,-3,32,Normal
2026-02-15 07:47:00.694917,Seoul-7a9c,23,70,Normal
2026-02-15 07:47:01.694917,Seoul-7a9c,0,41,Normal
2026-02-15 07:47:02.694917,Seoul-7a9c,50,87,Normal
2026-02-15 07:47:03.694917,Seoul-7a9c,39,18,Normal
2026-02-15 07:47:04.694917,Seoul-7a9c,-1,98,Normal
2026-02-15 07:47:05.694917,Seoul-7a9c,27,95,Normal
2026-02-15 07:47:06.694917,Seoul-7a9c,16,50,Normal
2026-02-15 07:47:07.694917,Seoul-7a9c,1,93,Normal
2026-02-15 07:47:08.694917,Seoul-7a9c,-17,41,Normal
2026-02-15 07:47:09.694917,Seoul-7a9c,-10,56,Normal
2026-02-15 07:47:10.694917,Seoul-7a9c,29,25,Normal
2026-02-15 07:47:11.694917,Seoul-7a9c,28,77,Normal
2026-02-15 07:47:12.694917,Seoul-7a9c,5,96,Normal
2026-02-15 07:47:13.694917,Seoul-7a9c,-11,5,Normal
2026-02-15 07:47:14.694917,Seoul-7a9c,25,35,Normal
2026-02-15 07:47:15.694917,Seoul-7a9c,0,90,Normal
2026-02-15 07:47:16.694917,Seoul-7a9c,-14,40,Normal
2026-02-15 07:47:17.694917,Seoul-7a9c,0,46,Normal
2026-02-15 07:47:18.694917,Seoul-7a9c,0,100,Normal
2026-02-15 07:47:19.694917,Seoul-7a9c,17,89,Normal
2026-02-15 07:47:20.694917,Seoul-7a9c,26,28,Normal
2026-02-15 07:47:21.694917,Seoul-7a9c,-2,97,Normal
2026-02-15 07:47:22.694917,Seoul-7a9c,-24,95,Normal
2026-02-15 07:47:23.694917,Seoul-7a9c,-5,89,Normal
2026-02-15 07:47:24.694917,Seoul-7a9c,29,16,Normal
2026-02-15 07:47:25.694917,Seoul-7a9c,-30,80,Normal
2026-02-15 07:47:26.694917,Seoul-7a9c,50,32,Normal
2026-02-15 07:47:27.694917,Seoul-7a9c,29,37,Normal
2026-02-15 07:47:28.694917,Seoul-7a9c,45,64,Normal
2026-02-15 07:47:29.694917,Seoul-7a9c,1,35,Normal
2026-02-15 07:47:30.694917,Seoul-7a9c,25,77,Normal
2026-02-15 07:47:31.694917,Seoul-7a9c,3,96,Normal
2026-02-15 07:47:32.694917,Seoul-7a9c,-12,0,Normal
2026-02-15 07:47:33.694917,Seoul-7a9c,38,67,Normal
2026-02-15 07:47:34.694917,Seoul-7a9c,35,62,Normal
2026-02-15 07:47:35.694917,Seoul-7a9c,14,7,Normal
2026-02-15 07:47:36.694917,Seoul-7a9c,-18,64,Normal
2026-02-15 07:47:37.694917,Seoul-7a9c,42,68,Normal
2026-02-15 07:47:38.694917,Seoul-7a9c,44,64,Normal
2026-02-15 07:47:39.694917,Seoul-7a9c,-27,31,Normal
2026-02-15 07:47:40.694917,Seoul-7a9c,41,20,Normal
2026-02-15 07:47:41.694917,Seoul-7a9c,39,19,Normal
2026-02-15 07:47:42.694917,Seoul-7a9c,10,11,Normal
2026-02-15 07:47:43.694917,Seoul-7a9c,10,82,Normal
2026-02-15 07:47:44.694917,Seoul-7a9c,49,58,Normal
2026-02-15 07:47:45.694917,Seoul-7a9c,6,93,Normal
2026-02-15 07:47:46.694917,Seoul-7a9c,-13,19,Normal
2026-02-15 07:47:47.694917,Seoul-7a9c,14,4,Normal
2026-02-15 07:47:48.694917,Seoul-7a9c,10,99,Normal
2026-02-15 07:47:49.694917,Seoul-7a9c,6,45,Normal
2026-02-15 07:47:50.694917,Seoul-7a9c,-1,13,Normal
2026-02-15 07:47:51.694917,Seoul-7a9c,24,68,Normal
2026-02-15 07:47:52.694917,Seoul-7a9c,-2,86,Normal
2026-02-15 07:47:53.694917,Seoul-7a9c,-23,8,Normal
2026-02-15 07:47:54.694917,Seoul-7a9c,39,14,Normal
2026-02-15 07:47:55.694917,Seoul-7a9c,27,1,Normal
2026-02-15 07:47:56.694917,Seoul-7a9c,-7,81,Normal
2026-02-15 07:47:57.694917,Seoul-7a9c,12,90,Normal
2026-02-15 07:47:58.694917,Seoul-7a9c,29,58,Normal
2026-02-15 07:47:59.694917,Seoul-7a9c,27,24,Normal
2026-02-15 07:48:00.694917,Seoul-7a9c,18,82,Normal
2026-02-15 07:48:01.694917,Seoul-7a9c,21,94,Normal
2026-02-15 07:48:02.694917,Seoul-7a9c,-29,28,Normal
2026-02-15 07:48:03.694917,Seoul-7a9c,-25,61,Normal
2026-02-15 07:48:04.694917,Seoul-7a9c,43,52,Normal
2026-02-15 07:48:05.694917,Seoul-7a9c,45,49,Normal
2026-02-15 07:48:06.694917,Seoul-7a9c,38,7,Normal
2026-02-15 07:48:07.694917,Seoul-7a9c,19,37,Normal
2026-02-15 07:48:08.694917,Seoul-7a9c,29,75,Normal
2026-02-15 07:48:09.694917,Seoul-7a9c,-21,3,Normal
2026-02-15 07:48:10.694917,Seoul-7a9c,-3,65,Normal
2026-02-15 07:48:11.694917,Seoul-7a9c,-25,65,Normal
2026-02-15 07:48:12.694917,Seoul-7a9c,38,72,Normal
2026-02-15 07:48:13.694917,Seoul-7a9c,6,82,Normal
2026-02-15 07:48:14.694917,Seoul-7a9c,18,90,Normal
2026-02-15 07:48:15.694917,Seoul-7a9c,-8,17,Normal
2026-02-15 07:48:16.694917,Seoul-7a9c,0,27,Normal
2026-02-15 07:48:17.694917,Seoul-7a9c,35,65,Normal
2026-02-15 07:48:18.694917,Seoul-7a9c,4,91,Normal
2026-02-15 07:48:19.694917,Seoul-7a9c,40,21,Normal
2026-02-15 07:48:20.694917,Seoul-7a9c,-25,95,Normal
2026-02-15 07:48:21.694917,Seoul-7a9c,-17,46,Normal
2026-02-15 07:48:22.694917,Seoul-7a9c,9,55,Normal
2026-02-15 07:48:23.694917,Seoul-7a9c,30,56,Normal
2026-02-15 07:48:24.694917,Seoul-7a9c,45,71,Normal
2026-02-15 07:48:25.694917,Seoul-7a9c,40,33,Normal
2026-02-15 07:48:26.694917,Seoul-7a9c,-8,93,Normal
2026-02-15 07:48:27.694917,Seoul-7a9c,42,8,Normal
2026-02-15 07:48:28.694917,Seoul-7a9c,10,2,Normal
2026-02-15 07:48:29.694917,Seoul-7a9c,-8,82,Normal
2026-02-15 07:48:30.694917,Seoul-7a9c,2,86,Normal
2026-02-15 07:48:31.694917,Seoul-7a9c,-22,20,Normal
2026-02-15 07:48:32.694917,Seoul-7a9c,14,60,Normal
2026-02-15 07:48:33.694917,Seoul-7a9c,-4,18,Normal
2026-02-15 07:48:34.694917,Seoul-7a9c,-5,8,Normal
2026-02-15 07:48:35.694917,Seoul-7a9c,41,54,Normal
2026-02-15 07:48:36.694917,Seoul-7a9c,7,8,Normal
2026-02-15 07:48:37.694917,Seoul-7a9c,-17,61,Normal
2026-02-15 07:48:38.694917,Seoul-7a9c,-13,43,Normal
2026-02-15 07:48:39.694917,Seoul-7a9c,2,52,Normal
2026-02-15 07:48:40.694917,Seoul-7a9c,-10,53,Normal
2026-02-15 07:48:41.694917,Seoul-7a9c,39,14,Normal
2026-02-15 07:48:42.694917,Seoul-7a9c,5,23,Normal
2026-02-15 07:48:43.694917,Seoul-7a9c,-4,6,Normal
2026-02-15 07:48:44.694917,Seoul-7a9c,29,69,Normal
2026-02-15 07:48:45.694917,Seoul-7a9c,29,55,Normal
2026-02-15 07:48:46.694917,Seoul-7a9c,36,64,Normal
2026-02-15 07:48:47.694917,Seoul-7a9c,7,18,Normal
2026-02-15 07:48:48.694917,Seoul-7a9c,-14,5,Normal
2026-02-15 07:48:49.694917,Seoul-7a9c,2,49,Normal
2026-02-15 07:48:50.694917,Seoul-7a9c,5,95,Normal
2026-02-15 07:48:51.694917,Seoul-7a9c,40,34,Normal
2026-02-15 07:48:52.694917,Seoul-7a9c,18,1,Normal
2026-02-15 07:48:53.694917,Seoul-7a9c,48,33,Normal
2026-02-15 07:48:54.694917,Seoul-7a9c,6,4,Normal
2026-02-15 07:48:55.694917,Seoul-7a9c,-10,89,Normal
2026-02-15 07:48:56.694917,Seoul-7a9c,-5,82,Normal
2026-02-15 07:48:57.694917,Seoul-7a9c,38,25,Normal
2026-02-15 07:48:58.694917,Seoul-7a9c,41,42,Normal
2026-02-15 07:48:59.694917,Seoul-7a9c,40,9,Normal
2026-02-15 07:49:00.694917,Seoul-7a9c,28,79,Normal
2026-02-15 07:49:01.694917,Seoul-7a9c,-17,36,Normal
2026-02-15 07:49:02.694917,Seoul-7a9c,39,15,Normal
2026-02-15 07:49:03.694917,Seoul-7a9c,-16,40,Normal
2026-02-15 07:49:04.694917,Seoul-7a9c,2,75,Normal
2026-02-15 07:49:05.694917,Seoul-7a9c,-24,92,Normal
2026-02-15 07:49:06.694917,Seoul-7a9c,49,98,Normal
2026-02-15 07:49:07.694917,Seoul-7a9c,12,17,Normal
2026-02-15 07:49:08.694917,Seoul-7a9c,2,3,Normal
2026-02-15 07:49:09.694917,Seoul-7a9c,23,72,Normal
2026-02-15 07:49:10.694917,Seoul-7a9c,36,93,Normal
2026-02-15 07:49:11.694917,Seoul-7a9c,24,0,Normal
2026-02-15 07:49:12.694917,Seoul-7a9c,49,98,Normal
2026-02-15 07:49:13.694917,Seoul-7a9c,31,2,Normal
2026-02-15 07:49:14.694917,Seoul-7a9c,35,34,Normal
2026-02-15 07:49:15.694917,Seoul-7a9c,1,82,Normal
2026-02-15 07:49:16.694917,Seoul-7a9c,-18,30,Normal
2026-02-15 07:49:17.694917,Seoul-7a9c,15,14,Normal
2026-02-15 07:49:18.694917,Seoul-7a9c,33,51,Normal
2026-02-15 07:49:19.694917,Seoul-7a9c,25,81,Normal
2026-02-15 07:49:20.694917,Seoul-7a9c,16,88,Normal
2026-02-15 07:49:21.694917,Seoul-7a9c,49,10,Normal
2026-02-15 07:49:22.694917,Seoul-7a9c,-13,97,Normal
2026-02-15 07:49:23.694917,Seoul-7a9c,-15,87,Normal
2026-02-15 07:49:24.694917,Seoul-7a9c,38,49,Normal
2026-02-15 07:49:25.694917,Seoul-7a9c,-29,14,Normal
2026-02-15 07:49:26.694917,Seoul-7a9c,37,45,Normal
2026-02-15 07:49:27.694917,Seoul-7a9c,-30,45,Normal
2026-02-15 07:49:28.694917,Seoul-7a9c,-3,26,Normal
2026-02-15 07:49:29.694917,Seoul-7a9c,16,91,Normal
2026-02-15 07:49:30.694917,Seoul-7a9c,23,22,Normal
2026-02-15 07:49:31.694917,Seoul-7a9c,13,7,Normal
2026-02-15 07:49:32.694917,Seoul-7a9c,-7,89,Normal
2026-02-15 07:49:33.694917,Seoul-7a9c,-24,71,Normal
2026-02-15 07:49:34.694917,Seoul-7a9c,-19,65,Normal
2026-02-15 07:49:35.694917,Seoul-7a9c,22,47,Normal
2026-02-15 07:49:36.694917,Seoul-7a9c,-28,3,Normal
2026-02-15 07:49:37.694917,Seoul-7a9c,-15,44,Normal
2026-02-15 07:49:38.694917,Seoul-7a9c,28,5,Normal
2026-02-15 07:49:39.694917,Seoul-7a9c,-19,13,Normal
2026-02-15 07:49:40.694917,Seoul-7a9c,10,4,Normal
2026-02-15 07:49:41.694917,Seoul-7a9c,41,44,Normal
2026-02-15 07:49:42.694917,Seoul-7a9c,7,16,Normal
2026-02-15 07:49:43.694917,Seoul-7a9c,13,35,Normal
2026-02-15 07:49:44.694917,Seoul-7a9c,-8,52,Normal
2026-02-15 07:49:45.694917,Seoul-7a9c,40,22,Normal
2026-02-15 07:49:46.694917,Seoul-7a9c,-28,44,Normal
2026-02-15 07:49:47.694917,Seoul-7a9c,15,38,Normal
2026-02-15 07:49:48.694917,Seoul-7a9c,28,22,Normal
2026-02-15 07:49:49.694917,Seoul-7a9c,3,27,Normal
2026-02-15 07:49:50.694917,Seoul-7a9c,-15,66,Normal
2026-02-15 07:49:51.694917,Seoul-7a9c,21,28,Normal
2026-02-15 07:49:52.694917,Seoul-7a9c,33,75,Normal
2026-02-15 07:49:53.694917,Seoul-7a9c,2,42,Normal
2026-02-15 07:49:54.694917,Seoul-7a9c,5,72,Normal
2026-02-15 07:49:55.694917,Seoul-7a9c,19,73,Normal
2026-02-15 07:49:56.694917,Seoul-7a9c,-30,41,Normal
2026-02-15 07:49:57.694917,Seoul-7a9c,44,92,Normal
2026-02-15 07:49:58.694917,Seoul-7a9c,-14,21,Normal
2026-02-15 07:49:59.694917,Seoul-7a9c,-12,40,Normal
2026-02-15 07:50:00.694917,Seoul-7a9c,29,17,Normal
2026-02-15 07:50:01.694917,Seoul-7a9c,-25,69,Normal
2026-02-15 07:50:02.694917,Seoul-7a9c,-21,4,Normal
2026-02-15 07:50:03.694917,Seoul-7a9c,-5,76,Normal
2026-02-15 07:50:04.694917,Seoul-7a9c,29,16,Normal
2026-02-15 07:50:05.694917,Seoul-7a9c,-3,46,Normal
2026-02-15 07:50:06.694917,Seoul-7a9c,18,96,Normal
2026-02-15 07:50:07.694917,Seoul-7a9c,-14,80,Normal
2026-02-15 07:50:08.694917,Seoul-7a9c,40,8,Normal
2026-02-15 07:50:09.694917,Seoul-7a9c,-2,64,Normal
2026-02-15 07:50:10.694917,Seoul-7a9c,4,73,Normal
2026-02-15 07:50:11.694917,Seoul-7a9c,-25,81,Normal
2026-02-15 07:50:12.694917,Seoul-7a9c,0,82,Normal
2026-02-15 07:50:13.694917,Seoul-7a9c,-23,20,Normal
2026-02-15 07:50:14.694917,Seoul-7a9c,13,68,Normal
2026-02-15 07:50:15.694917,Seoul-7a9c,-30,83,Normal
2026-02-15 07:50:16.694917,Seoul-7a9c,-13,5,Normal
2026-02-15 07:50:17.694917,Seoul-7a9c,-26,28,Normal
2026-02-15 07:50:18.694917,Seoul-7a9c,10,71,Normal
2026-02-15 07:50:19.694917,Seoul-7a9c,31,53,Normal
2026-02-15 07:50:20.694917,Seoul-7a9c,-26,33,Normal
2026-02-15 07:50:21.694917,Seoul-7a9c,33,55,Normal
2026-02-15 07:50:22.694917,Seoul-7a9c,-2,89,Normal
2026-02-15 07:50:23.694917,Seoul-7a9c,-22,6,Normal
2026-02-15 07:50:24.694917,Seoul-7a9c,29,2,Normal
2026-02-15 07:50:25.694917,Seoul-7a9c,40,0,Normal
2026-02-15 07:50:26.694917,Seoul-7a9c,25,42,Normal
2026-02-15 07:50:27.694917,Seoul-7a9c,48,25,Normal
2026-02-15 07:50:28.694917,Seoul-7a9c,31,96,Normal
2026-02-15 07:50:29.694917,Seoul-7a9c,-22,63,Normal
2026-02-15 07:50:30.694917,Seoul-7a9c,10,26,Normal
2026-02-15 07:50:31.694917,Seoul-7a9c,-13,71,Normal
2026-02-15 07:50:32.694917,Seoul-7a9c,18,11,Normal
2026-02-15 07:50:33.694917,Seoul-7a9c,14,14,Normal
2026-02-15 07:50:34.694917,Seoul-7a9c,-6,80,Normal
2026-02-15 07:50:35.694917,Seoul-7a9c,-5,74,Normal
2026-02-15 07:50:36.694917,Seoul-7a9c,20,32,Normal
2026-02-15 07:50:37.694917,Seoul-7a9c,5,31,Normal
2026-02-15 07:50:38.694917,Seoul-7a9c,25,86,Normal
2026-02-15 07:50:39.694917,Seoul-7a9c,11,21,Normal
2026-02-15 07:50:40.694917,Seoul-7a9c,27,51,Normal
2026-02-15 07:50:41.694917,Seoul-7a9c,39,7,Normal
2026-02-15 07:50:42.694917,Seoul-7a9c,38,80,Normal
2026-02-15 07:50:43.694917,Seoul-7a9c,13,100,Normal
2026-02-15 07:50:44.694917,Seoul-7a9c,1,10,Normal
2026-02-15 07:50:45.694917,Seoul-7a9c,19,57,Normal
2026-02-15 07:50:46.694917,Seoul-7a9c,30,54,Normal
2026-02-15 07:50:47.694917,Seoul-7a9c,48,91,Normal
2026-02-15 07:50:48.694917,Seoul-7a9c,50,77,Normal
2026-02-15 07:50:49.694917,Seoul-7a9c,-2,62,Normal
2026-02-15 07:50:50.694917,Seoul-7a9c,25,43,Normal
2026-02-15 07:50:51.694917,Seoul-7a9c,25,44,Normal
2026-02-15 07:50:52.694917,Seoul-7a9c,9,69,Normal
2026-02-15 07:50:53.694917,Seoul-7a9c,-13,93,Normal
2026-02-15 07:50:54.694917,Seoul-7a9c,-15,70,Normal
2026-02-15 07:50:55.694917,Seoul-7a9c,28,57,Normal
2026-02-15 07:50:56.694917,Seoul-7a9c,24,95,Normal
2026-02-15 07:50:57.694917,Seoul-7a9c,37,95,Normal
2026-02-15 07:50:58.694917,Seoul-7a9c,24,90,Normal
2026-02-15 07:50:59.694917,Seoul-7a9c,12,78,Normal
2026-02-15 07:51:00.694917,Seoul-7a9c,4,6,Normal
2026-02-15 07:51:01.694917,Seoul-7a9c,20,79,Normal
2026-02-15 07:51:02.694917,Seoul-7a9c,-7,71,Normal
2026-02-15 07:51:03.694917,Seoul-7a9c,-1,65,Normal
2026-02-15 07:51:04.694917,Seoul-7a9c,23,21,Normal
2026-02-15 07:51:05.694917,Seoul-7a9c,40,8,Normal
2026-02-15 07:51:06.694917,Seoul-7a9c,25,27,Normal
2026-02-15 07:51:07.694917,Seoul-7a9c,13,45,Normal
2026-02-15 07:51:08.694917,Seoul-7a9c,25,80,Normal
2026-02-15 07:51:09.694917,Seoul-7a9c,-4,31,Normal
2026-02-15 07:51:10.694917,Seoul-7a9c,24,59,Normal
2026-02-15 07:51:11.694917,Seoul-7a9c,49,76,Normal
2026-02-15 07:51:12.694917,Seoul-7a9c,28,33,Normal
2026-02-15 07:51:13.694917,Seoul-7a9c,-6,53,Normal
2026-02-15 07:51:14.694917,Seoul-7a9c,2,72,Normal
2026-02-15 07:51:15.694917,Seoul-7a9c,48,34,Normal
2026-02-15 07:51:16.694917,Seoul-7a9c,-24,81,Normal
2026-02-15 07:51:17.694917,Seoul-7a9c,-22,40,Normal
2026-02-15 07:51:18.694917,Seoul-7a9c,8,68,Normal
2026-02-15 07:51:19.694917,Seoul-7a9c,27,7,Normal
2026-02-15 07:51:20.694917,Seoul-7a9c,-11,36,Normal
2026-02-15 07:51:21.694917,Seoul-7a9c,32,75,Normal
2026-02-15 07:51:22.694917,Seoul-7a9c,-10,69,Normal
2026-02-15 07:51:23.694917,Seoul-7a9c,-11,6,Normal
2026-02-15 07:51:24.694917,Seoul-7a9c,31,20,Normal
2026-02-15 07:51:25.694917,Seoul-7a9c,28,25,Normal
2026-02-15 07:51:26.694917,Seoul-7a9c,50,94,Normal
2026-02-15 07:51:27.694917,Seoul-7a9c,18,27,Normal
2026-02-15 07:51:28.694917,Seoul-7a9c,14,43,Normal
2026-02-15 07:51:29.694917,Seoul-7a9c,14,15,Normal
2026-02-15 07:51:30.694917,Seoul-7a9c,39,87,Normal
2026-02-15 07:51:31.694917,Seoul-7a9c,-10,1,Normal
2026-02-15 07:51:32.694917,Seoul-7a9c,29,34,Normal
2026-02-15 07:51:33.694917,Seoul-7a9c,28,21,Normal
2026-02-15 07:51:34.694917,Seoul-7a9c,-19,53,Normal
2026-02-15 07:51:35.694917,Seoul-7a9c,-17,77,Normal
2026-02-15 07:51:36.694917,Seoul-7a9c,-4,19,Normal
2026-02-15 07:51:37.694917,Seoul-7a9c,-22,91,Normal
2026-02-15 07:51:38.694917,Seoul-7a9c,-20,84,Normal
2026-02-15 07:51:39.694917,Seoul-7a9c,16,54,Normal
2026-02-15 07:51:40.694917,Seoul-7a9c,42,55,Normal
2026-02-15 07:51:41.694917,Seoul-7a9c,15,100,Normal
2026-02-15 07:51:42.694917,Seoul-7a9c,45,30,Normal
2026-02-15 07:51:43.694917,Seoul-7a9c,-24,7,Normal
2026-02-15 07:51:44.694917,Seoul-7a9c,16,21,Normal
2026-02-15 07:51:45.694917,Seoul-7a9c,22,87,Normal
2026-02-15 07:51:46.694917,Seoul-7a9c,48,55,Normal
2026-02-15 07:51:47.694917,Seoul-7a9c,41,28,Normal
2026-02-15 07:51:48.694917,Seoul-7a9c,7,81,Normal
2026-02-15 07:51:49.694917,Seoul-7a9c,46,6,Normal
2026-02-15 07:51:50.694917,Seoul-7a9c,-1,11,Normal
2026-02-15 07:51:51.694917,Seoul-7a9c,37,38,Normal
2026-02-15 07:51:52.694917,Seoul-7a9c,-20,24,Normal
2026-02-15 07:51:53.694917,Seoul-7a9c,-9,82,Normal
2026-02-15 07:51:54.694917,Seoul-7a9c,-22,18,Normal
2026-02-15 07:51:55.694917,Seoul-7a9c,39,100,Normal
2026-02-15 07:51:56.694917,Seoul-7a9c,-13,49,Normal
2026-02-15 07:51:57.694917,Seoul-7a9c,45,23,Normal
2026-02-15 07:51:58.694917,Seoul-7a9c,5,53,Normal
2026-02-15 07:51:59.694917,Seoul-7a9c,-3,77,Normal
2026-02-15 07:52:00.694917,Seoul-7a9c,22,12,Normal
2026-02-15 07:52:01.694917,Seoul-7a9c,41,59,Normal
2026-02-15 07:52:02.694917,Seoul-7a9c,47,79,Normal
2026-02-15 07:52:03.694917,Seoul-7a9c,-26,17,Normal
2026-02-15 07:52:04.694917,Seoul-7a9c,-19,69,Normal
2026-02-15 07:52:05.694917,Seoul-7a9c,-12,35,Normal
2026-02-15 07:52:06.694917,Seoul-7a9c,6,42,Normal
2026-02-15 07:52:07.694917,Seoul-7a9c,12,61,Normal
2026-02-15 07:52:08.694917,Seoul-7a9c,17,100,Normal
2026-02-15 07:52:09.694917,Seoul-7a9c,-10,49,Normal
2026-02-15 07:52:10.694917,Seoul-7a9c,11,41,Normal
2026-02-15 07:52:11.694917,Seoul-7a9c,12,62,Normal
2026-02-15 07:52:12.694917,Seoul-7a9c,26,53,Normal
2026-02-15 07:52:13.694917,Seoul-7a9c,41,28,Normal
2026-02-15 07:52:14.694917,Seoul-7a9c,30,31,Normal
2026-02-15 07:52:15.694917,Seoul-7a9c,-13,57,Normal
2026-02-15 07:52:16.694917,Seoul-7a9c,-30,42,Normal
2026-02-15 07:52:17.694917,Seoul-7a9c,15,47,Normal
2026-02-15 07:52:18.694917,Seoul-7a9c,-6,22,Normal
2026-02-15 07:52:19.694917,Seoul-7a9c,48,0,Normal
2026-02-15 07:52:20.694917,Seoul-7a9c,28,1,Normal
2026-02-15 07:52:21.694917,Seoul-7a9c,16,73,Normal
2026-02-15 07:52:22.694917,Seoul-7a9c,-2,62,Normal
2026-02-15 07:52:23.694917,Seoul-7a9c,14,13,Normal
2026-02-15 07:52:24.694917,Seoul-7a9c,28,27,Normal
2026-02-15 07:52:25.694917,Seoul-7a9c,-21,53,Normal
2026-02-15 07:52:26.694917,Seoul-7a9c,40,36,Normal
2026-02-15 07:52:27.694917,Seoul-7a9c,-17,56,Normal
2026-02-15 07:52:28.694917,Seoul-7a9c,12,79,Normal
2026-02-15 07:52:29.694917,Seoul-7a9c,-14,49,Normal
2026-02-15 07:52:30.694917,Seoul-7a9c,24,74,Normal
2026-02-15 07:52:31.694917,Seoul-7a9c,26,95,Normal
2026-02-15 07:52:32.694917,Seoul-7a9c,18,68,Normal
2026-02-15 07:52:33.694917,Seoul-7a9c,8,7,Normal
2026-02-15 07:52:34.694917,Seoul-7a9c,-3,70,Normal
2026-02-15 07:52:35.694917,Seoul-7a9c,-27,97,Normal
2026-02-15 07:52:36.694917,Seoul-7a9c,-23,15,Normal
2026-02-15 07:52:37.694917,Seoul-7a9c,-5,11,Normal
2026-02-15 07:52:38.694917,Seoul-7a9c,23,28,Normal
2026-02-15 07:52:39.694917,Seoul-7a9c,-9,33,Normal
2026-02-15 07:52:40.694917,Seoul-7a9c,11,45,Normal
2026-02-15 07:52:41.694917,Seoul-7a9c,31,53,Normal
2026-02-15 07:52:42.694917,Seoul-7a9c,21,72,Normal
2026-02-15 07:52:43.694917,Seoul-7a9c,-29,8,Normal
2026-02-15 07:52:44.694917,Seoul-7a9c,0,100,Normal
2026-02-15 07:52:45.694917,Seoul-7a9c,12,24,Normal
2026-02-15 07:52:46.694917,Seoul-7a9c,-27,56,Normal
2026-02-15 07:52:47.694917,Seoul-7a9c,0,79,Normal
2026-02-15 07:52:48.694917,Seoul-7a9c,4,89,Normal
2026-02-15 07:52:49.694917,Seoul-7a9c,40,98,Normal
2026-02-15 07:52:50.694917,Seoul-7a9c,31,61,Normal
2026-02-15 07:52:51.694917,Seoul-7a9c,-13,75,Normal
2026-02-15 07:52:52.694917,Seoul-7a9c,-8,20,Normal
2026-02-15 07:52:53.694917,Seoul-7a9c,26,30,Normal
2026-02-15 07:52:54.694917,Seoul-7a9c,-17,39,Normal
2026-02-15 07:52:55.694917,Seoul-7a9c,-21,24,Normal
2026-02-15 07:52:56.694917,Seoul-7a9c,34,5,Normal
2026-02-15 07:52:57.694917,Seoul-7a9c,-25,95,Normal
2026-02-15 07:52:58.694917,Seoul-7a9c,31,54,Normal
2026-02-15 07:52:59.694917,Seoul-7a9c,12,74,Normal
2026-02-15 07:53:00.694917,Seoul-7a9c,-5,41,Normal
2026-02-15 07:53:01.694917,Seoul-7a9c,10,69,Normal
2026-02-15 07:53:02.694917,Seoul-7a9c,12,51,Normal
2026-02-15 07:53:03.694917,Seoul-7a9c,1,5,Normal
2026-02-15 07:53:04.694917,Seoul-7a9c,6,89,Normal
2026-02-15 07:53:05.694917,Seoul-7a9c,-26,70,Normal
2026-02-15 07:53:06.694917,Seoul-7a9c,11,10,Normal
2026-02-15 07:53:07.694917,Seoul-7a9c,-4,58,Normal
2026-02-15 07:53:08.694917,Seoul-7a9c,47,24,Normal
2026-02-15 07:53:09.694917,Seoul-7a9c,17,20,Normal
2026-02-15 07:53:10.694917,Seoul-7a9c,11,69,Normal
2026-02-15 07:53:11.694917,Seoul-7a9c,-9,34,Normal
2026-02-15 07:53:12.694917,Seoul-7a9c,-11,13,Normal
2026-02-15 07:53:13.694917,Seoul-7a9c,1,35,Normal
2026-02-15 07:53:14.694917,Seoul-7a9c,43,32,Normal
2026-02-15 07:53:15.694917,Seoul-7a9c,-9,19,Normal
2026-02-15 07:53:16.694917,Seoul-7a9c,7,93,Normal
2026-02-15 07:53:17.694917,Seoul-7a9c,28,81,Normal
2026-02-15 07:53:18.694917,Seoul-7a9c,-21,50,Normal
2026-02-15 07:53:19.694917,Seoul-7a9c,42,64,Normal
2026-02-15 07:53:20.694917,Seoul-7a9c,13,31,Normal
2026-02-15 07:53:21.694917,Seoul-7a9c,0,55,Normal
2026-02-15 07:53:22.694917,Seoul-7a9c,4,4,Normal
2026-02-15 07:53:23.694917,Seoul-7a9c,3,21,Normal
2026-02-15 07:53:24.694917,Seoul-7a9c,6,98,Normal
2026-02-15 07:53:25.694917,Seoul-7a9c,14,16,Normal
2026-02-15 07:53:26.694917,Seoul-7a9c,-13,22,Normal
2026-02-15 07:53:27.694917,Seoul-7a9c,42,19,Normal
2026-02-15 07:53:28.694917,Seoul-7a9c,-26,68,Normal
2026-02-15 07:53:29.694917,Seoul-7a9c,-12,17,Normal
2026-02-15 07:53:30.694917,Seoul-7a9c,20,50,Normal
2026-02-15 07:53:31.694917,Seoul-7a9c,16,43,Normal
2026-02-15 07:53:32.694917,Seoul-7a9c,18,61,Normal
2026-02-15 07:53:33.694917,Seoul-7a9c,49,9,Normal
2026-02-15 07:53:34.694917,Seoul-7a9c,15,59,Normal
2026-02-15 07:53:35.694917,Seoul-7a9c,20,94,Normal
2026-02-15 07:53:36.694917,Seoul-7a9c,3,5,Normal
2026-02-15 07:53:37.694917,Seoul-7a9c,9,70,Normal
2026-02-15 07:53:38.694917,Seoul-7a9c,-24,50,Normal
2026-02-15 07:53:39.694917,Seoul-7a9c,-6,8,Normal
2026-02-15 07:53:40.694917,Seoul-7a9c,-6,91,Normal
2026-02-15 07:53:41.694917,Seoul-7a9c,12,71,Normal
2026-02-15 07:53:42.694917,Seoul-7a9c,24,49,Normal
2026-02-15 07:53:43.694917,Seoul-7a9c,-4,48,Normal
2026-02-15 07:53:44.694917,Seoul-7a9c,4,78,Normal
2026-02-15 07:53:45.694917,Seoul-7a9c,1,90,Normal
2026-02-15 07:53:46.694917,Seoul-7a9c,24,22,Normal
2026-02-15 07:53:47.694917,Seoul-7a9c,-22,31,Normal
2026-02-15 07:53:48.694917,Seoul-7a9c,-18,55,Normal
2026-02-15 07:53:49.694917,Seoul-7a9c,-21,78,Normal
2026-02-15 07:53:50.694917,Seoul-7a9c,-12,70,Normal
2026-02-15 07:53:51.694917,Seoul-7a9c,33,38,Normal
2026-02-15 07:53:52.694917,Seoul-7a9c,13,44,Normal
2026-02-15 07:53:53.694917,Seoul-7a9c,8,1,Normal
2026-02-15 07:53:54.694917,Seoul-7a9c,1,75,Normal
2026-02-15 07:53:55.694917,Seoul-7a9c,4,65,Normal
2026-02-15 07:53:56.694917,Seoul-7a9c,12,24,Normal
2026-02-15 07:53:57.694917,Seoul-7a9c,36,23,Normal
2026-02-15 07:53:58.694917,Seoul-7a9c,44,8,Normal
2026-02-15 07:53:59.694917,Seoul-7a9c,-5,18,Normal
2026-02-15 07:54:00.694917,Seoul-7a9c,15,52,Normal
2026-02-15 07:54:01.694917,Seoul-7a9c,2,31,Normal
2026-02-15 07:54:02.694917,Seoul-7a9c,-11,47,Normal
2026-02-15 07:54:03.694917,Seoul-7a9c,-16,38,Normal
2026-02-15 07:54:04.694917,Seoul-7a9c,24,72,Normal
2026-02-15 07:54:05.694917,Seoul-7a9c,-20,80,Normal
2026-02-15 07:54:06.694917,Seoul-7a9c,-7,32,Normal
2026-02-15 07:54:07.694917,Seoul-7a9c,-18,34,Normal
2026-02-15 07:54:08.694917,Seoul-7a9c,-26,76,Normal
2026-02-15 07:54:09.694917,Seoul-7a9c,48,42,Normal
2026-02-15 07:54:10.694917,Seoul-7a9c,0,36,Normal
2026-02-15 07:54:11.694917,Seoul-7a9c,45,86,Normal
2026-02-15 07:54:12.694917,Seoul-7a9c,25,61,Normal
2026-02-15 07:54:13.694917,Seoul-7a9c,-21,23,Normal
2026-02-15 07:54:14.694917,Seoul-7a9c,45,72,Normal
2026-02-15 07:54:15.694917,Seoul-7a9c,13,83,Normal
2026-02-15 07:54:16.694917,Seoul-7a9c,36,34,Normal
2026-02-15 07:54:17.694917,Seoul-7a9c,-3,15,Normal
2026-02-15 07:54:18.694917,Seoul-7a9c,50,85,Normal
2026-02-15 07:54:19.694917,Seoul-7a9c,-24,49,Normal
2026-02-15 07:54:20.694917,Seoul-7a9c,-12,21,Normal
2026-02-15 07:54:21.694917,Seoul-7a9c,-7,20,Normal
2026-02-15 07:54:22.694917,Seoul-7a9c,-9,83,Normal
2026-02-15 07:54:23.694917,Seoul-7a9c,7,45,Normal
2026-02-15 07:54:24.694917,Seoul-7a9c,46,22,Normal
2026-02-15 07:54:25.694917,Seoul-7a9c,33,1,Normal
2026-02-15 07:54:26.694917,Seoul-7a9c,36,39,Normal
2026-02-15 07:54:27.694917,Seoul-7a9c,3,72,Normal
2026-02-15 07:54:28.694917,Seoul-7a9c,27,33,Normal
2026-02-15 07:54:29.694917,Seoul-7a9c,-5,11,Normal
2026-02-15 07:54:30.694917,Seoul-7a9c,2,4,Normal
2026-02-15 07:54:31.694917,Seoul-7a9c,30,83,Normal
2026-02-15 07:54:32.694917,Seoul-7a9c,3,38,Normal
2026-02-15 07:54:33.694917,Seoul-7a9c,-30,84,Normal
2026-02-15 07:54:34.694917,Seoul-7a9c,9,25,Normal
2026-02-15 07:54:35.694917,Seoul-7a9c,0,10,Normal
2026-02-15 07:54:36.694917,Seoul-7a9c,2,49,Normal
2026-02-15 07:54:37.694917,Seoul-7a9c,-23,14,Normal
2026-02-15 07:54:38.694917,Seoul-7a9c,30,35,Normal
2026-02-15 07:54:39.694917,Seoul-7a9c,35,8,Normal
2026-02-15 07:54:40.694917,Seoul-7a9c,2,44,Normal
2026-02-15 07:54:41.694917,Seoul-7a9c,-4,55,Normal
2026-02-15 07:54:42.694917,Seoul-7a9c,-12,7,Normal
2026-02-15 07:54:43.694917,Seoul-7a9c,44,82,Normal
2026-02-15 07:54:44.694917,Seoul-7a9c,31,65,Normal
2026-02-15 07:54:45.694917,Seoul-7a9c,38,20,Normal
2026-02-15 07:54:46.694917,Seoul-7a9c,42,1,Normal
2026-02-15 07:54:47.694917,Seoul-7a9c,36,53,Normal
2026-02-15 07:54:48.694917,Seoul-7a9c,-16,15,Normal
2026-02-15 07:54:49.694917,Seoul-7a9c,32,99,Normal
2026-02-15 07:54:50.694917,Seoul-7a9c,-12,87,Normal
2026-02-15 07:54:51.694917,Seoul-7a9c,3,23,Normal
2026-02-15 07:54:52.694917,Seoul-7a9c,39,31,Normal
2026-02-15 07:54:53.694917,Seoul-7a9c,1,79,Normal
2026-02-15 07:54:54.694917,Seoul-7a9c,28,52,Normal
2026-02-15 07:54:55.694917,Seoul-7a9c,-1,66,Normal
2026-02-15 07:54:56.694917,Seoul-7a9c,-17,14,Normal
2026-02-15 07:54:57.694917,Seoul-7a9c,4,40,Normal
2026-02-15 07:54:58.694917,Seoul-7a9c,12,77,Normal
2026-02-15 07:54:59.694917,Seoul-7a9c,38,24,Normal
2026-02-15 07:55:00.694917,Seoul-7a9c,-8,61,Normal
2026-02-15 07:55:01.694917,Seoul-7a9c,19,36,Normal
2026-02-15 07:55:02.694917,Seoul-7a9c,-1,27,Normal
2026-02-15 07:55:03.694917,Seoul-7a9c,3,9,Normal
2026-02-15 07:55:04.694917,Seoul-7a9c,25,46,Normal
2026-02-15 07:55:05.694917,Seoul-7a9c,49,70,Normal
2026-02-15 07:55:06.694917,Seoul-7a9c,5,4,Normal
2026-02-15 07:55:07.694917,Seoul-7a9c,-26,76,Normal
2026-02-15 07:55:08.694917,Seoul-7a9c,45,52,Normal
2026-02-15 07:55:09.694917,Seoul-7a9c,-11,19,Normal
2026-02-15 07:55:10.694917,Seoul-7a9c,49,20,Normal
2026-02-15 07:55:11.694917,Seoul-7a9c,50,58,Normal
2026-02-15 07:55:12.694917,Seoul-7a9c,18,96,Normal
2026-02-15 07:55:13.694917,Seoul-7a9c,-30,22,Normal
2026-02-15 07:55:14.694917,Seoul-7a9c,37,48,Normal
2026-02-15 07:55:15.694917,Seoul-7a9c,15,45,Normal
2026-02-15 07:55:16.694917,Seoul-7a9c,14,0,Normal
2026-02-15 07:55:17.694917,Seoul-7a9c,44,64,Normal
2026-02-15 07:55:18.694917,Seoul-7a9c,24,47,Normal
2026-02-15 07:55:19.694917,Seoul-7a9c,0,89,Normal
2026-02-15 07:55:20.694917,Seoul-7a9c,18,26,Normal
2026-02-15 07:55:21.694917,Seoul-7a9c,11,81,Normal
2026-02-15 07:55:22.694917,Seoul-7a9c,13,77,Normal
2026-02-15 07:55:23.694917,Seoul-7a9c,-14,94,Normal
2026-02-15 07:55:24.694917,Seoul-7a9c,19,69,Normal
2026-02-15 07:55:25.694917,Seoul-7a9c,47,66,Normal
2026-02-15 07:55:26.694917,Seoul-7a9c,48,8,Normal
2026-02-15 07:55:27.694917,Seoul-7a9c,7,16,Normal
2026-02-15 07:55:28.694917,Seoul-7a9c,2,34,Normal
2026-02-15 07:55:29.694917,Seoul-7a9c,32,83,Normal
2026-02-15 07:55:30.694917,Seoul-7a9c,-23,55,Normal
2026-02-15 07:55:31.694917,Seoul-7a9c,47,39,Normal
2026-02-15 07:55:32.694917,Seoul-7a9c,24,100,Normal
2026-02-15 07:55:33.694917,Seoul-7a9c,-23,78,Normal
2026-02-15 07:55:34.694917,Seoul-7a9c,33,52,Normal
2026-02-15 07:55:35.694917,Seoul-7a9c,40,91,Normal
2026-02-15 07:55:36.694917,Seoul-7a9c,-2,8,Normal
2026-02-15 07:55:37.694917,Seoul-7a9c,48,56,Normal
2026-02-15 07:55:38.694917,Seoul-7a9c,13,57,Normal
2026-02-15 07:55:39.694917,Seoul-7a9c,10,86,Normal
2026-02-15 07:55:40.694917,Seoul-7a9c,40,21,Normal
2026-02-15 07:55:41.694917,Seoul-7a9c,-19,54,Normal
2026-02-15 07:55:42.694917,Seoul-7a9c,-10,40,Normal
2026-02-15 07:55:43.694917,Seoul-7a9c,-9,89,Normal
2026-02-15 07:55:44.694917,Seoul-7a9c,-7,3,Normal
2026-02-15 07:55:45.694917,Seoul-7a9c,-21,12,Normal
2026-02-15 07:55:46.694917,Seoul-7a9c,-13,76,Normal
2026-02-15 07:55:47.694917,Seoul-7a9c,-28,44,Normal
2026-02-15 07:55:48.694917,Seoul-7a9c,-22,15,Normal
2026-02-15 07:55:49.694917,Seoul-7a9c,36,31,Normal
2026-02-15 07:55:50.694917,Seoul-7a9c,33,100,Normal
2026-02-15 07:55:51.694917,Seoul-7a9c,-7,32,Normal
2026-02-15 07:55:52.694917,Seoul-7a9c,7,37,Normal
2026-02-15 07:55:53.694917,Seoul-7a9c,-6,78,Normal
2026-02-15 07:55:54.694917,Seoul-7a9c,-21,10,Normal
2026-02-15 07:55:55.694917,Seoul-7a9c,27,12,Normal
2026-02-15 07:55:56.694917,Seoul-7a9c,2,99,Normal
2026-02-15 07:55:57.694917,Seoul-7a9c,10,37,Normal
2026-02-15 07:55:58.694917,Seoul-7a9c,40,0,Normal
2026-02-15 07:55:59.694917,Seoul-7a9c,-9,39,Normal
2026-02-15 07:56:00.694917,Seoul-7a9c,44,82,Normal
2026-02-15 07:56:01.694917,Seoul-7a9c,-13,7,Normal
2026-02-15 07:56:02.694917,Seoul-7a9c,-30,80,Normal
2026-02-15 07:56:03.694917,Seoul-7a9c,-12,76,Normal
2026-02-15 07:56:04.694917,Seoul-7a9c,23,41,Normal
2026-02-15 07:56:05.694917,Seoul-7a9c,24,32,Normal
2026-02-15 07:56:06.694917,Seoul-7a9c,8,93,Normal
2026-02-15 07:56:07.694917,Seoul-7a9c,-15,46,Normal
2026-02-15 07:56:08.694917,Seoul-7a9c,-24,43,Normal
2026-02-15 07:56:09.694917,Seoul-7a9c,-11,90,Normal
2026-02-15 07:56:10.694917,Seoul-7a9c,31,55,Normal
2026-02-15 07:56:11.694917,Seoul-7a9c,-21,51,Normal
2026-02-15 07:56:12.694917,Seoul-7a9c,45,100,Normal
2026-02-15 07:56:13.694917,Seoul-7a9c,-29,25,Normal
2026-02-15 07:56:14.694917,Seoul-7a9c,19,87,Normal
2026-02-15 07:56:15.694917,Seoul-7a9c,19,7,Normal
2026-02-15 07:56:16.694917,Seoul-7a9c,42,91,Normal
2026-02-15 07:56:17.694917,Seoul-7a9c,-17,30,Normal
2026-02-15 07:56:18.694917,Seoul-7a9c,-30,6,Normal
2026-02-15 07:56:19.694917,Seoul-7a9c,-10,7,Normal
2026-02-15 07:56:20.694917,Seoul-7a9c,48,17,Normal
2026-02-15 07:56:21.694917,Seoul-7a9c,44,66,Normal
2026-02-15 07:56:22.694917,Seoul-7a9c,10,91,Normal
2026-02-15 07:56:23.694917,Seoul-7a9c,-3,40,Normal
2026-02-15 07:56:24.694917,Seoul-7a9c,44,96,Normal
2026-02-15 07:56:25.694917,Seoul-7a9c,7,42,Normal
2026-02-15 07:56:26.694917,Seoul-7a9c,23,95,Normal
2026-02-15 07:56:27.694917,Seoul-7a9c,-15,60,Normal
2026-02-15 07:56:28.694917,Seoul-7a9c,26,63,Normal
2026-02-15 07:56:29.694917,Seoul-7a9c,48,92,Normal
2026-02-15 07:56:30.694917,Seoul-7a9c,-19,57,Normal
2026-02-15 07:56:31.694917,Seoul-7a9c,-16,22,Normal
2026-02-15 07:56:32.694917,Seoul-7a9c,44,68,Normal
2026-02-15 07:56:33.694917,Seoul-7a9c,-2,92,Normal
2026-02-15 07:56:34.694917,Seoul-7a9c,37,60,Normal
2026-02-15 07:56:35.694917,Seoul-7a9c,-10,63,Normal
2026-02-15 07:56:36.694917,Seoul-7a9c,42,89,Normal
2026-02-15 07:56:37.694917,Seoul-7a9c,49,6,Normal
2026-02-15 07:56:38.694917,Seoul-7a9c,42,34,Normal
2026-02-15 07:56:39.694917,Seoul-7a9c,-6,33,Normal
2026-02-15 07:56:40.694917,Seoul-7a9c,20,52,Normal
2026-02-15 07:56:41.694917,Seoul-7a9c,43,83,Normal
2026-02-15 07:56:42.694917,Seoul-7a9c,47,92,Normal
2026-02-15 07:56:43.694917,Seoul-7a9c,50,22,Normal
2026-02-15 07:56:44.694917,Seoul-7a9c,46,40,Normal
2026-02-15 07:56:45.694917,Seoul-7a9c,28,48,Normal
2026-02-15 07:56:46.694917,Seoul-7a9c,28,77,Normal
2026-02-15 07:56:47.694917,Seoul-7a9c,-14,92,Normal
2026-02-15 07:56:48.694917,Seoul-7a9c,50,12,Normal
2026-02-15 07:56:49.694917,Seoul-7a9c,25,32,Normal
2026-02-15 07:56:50.694917,Seoul-7a9c,39,25,Normal
2026-02-15 07:56:51.694917,Seoul-7a9c,-21,28,Normal
2026-02-15 07:56:52.694917,Seoul-7a9c,45,59,Normal
2026-02-15 07:56:53.694917,Seoul-7a9c,-14,61,Normal
2026-02-15 07:56:54.694917,Seoul-7a9c,18,23,Normal
2026-02-15 07:56:55.694917,Seoul-7a9c,18,46,Normal
2026-02-15 07:56:56.694917,Seoul-7a9c,3,21,Normal
2026-02-15 07:56:57.694917,Seoul-7a9c,47,27,Normal
2026-02-15 07:56:58.694917,Seoul-7a9c,-6,6,Normal
2026-02-15 07:56:59.694917,Seoul-7a9c,-13,58,Normal
2026-02-15 07:57:00.694917,Seoul-7a9c,34,99,Normal
2026-02-15 07:57:01.694917,Seoul-7a9c,-20,86,Normal
2026-02-15 07:57:02.694917,Seoul-7a9c,11,82,Normal
2026-02-15 07:57:03.694917,Seoul-7a9c,7,55,Normal
2026-02-15 07:57:04.694917,Seoul-7a9c,20,82,Normal
2026-02-15 07:57:05.694917,Seoul-7a9c,-15,12,Normal
2026-02-15 07:57:06.694917,Seoul-7a9c,47,86,Normal
2026-02-15 07:57:07.694917,Seoul-7a9c,-26,57,Normal
2026-02-15 07:57:08.694917,Seoul-7a9c,8,49,Normal
2026-02-15 07:57:09.694917,Seoul-7a9c,-8,9,Normal
2026-02-15 07:57:10.694917,Seoul-7a9c,34,18,Normal
2026-02-15 07:57:11.694917,Seoul-7a9c,2,42,Normal
2026-02-15 07:57:12.694917,Seoul-7a9c,-3,59,Normal
2026-02-15 07:57:13.694917,Seoul-7a9c,37,78,Normal
2026-02-15 07:57:14.694917,Seoul-7a9c,21,57,Normal
2026-02-15 07:57:15.694917,Seoul-7a9c,-26,78,Normal
2026-02-15 07:57:16.694917,Seoul-7a9c,-4,91,Normal
2026-02-15 07:57:17.694917,Seoul-7a9c,-2,64,Normal
2026-02-15 07:57:18.694917,Seoul-7a9c,0,14,Normal
2026-02-15 07:57:19.694917,Seoul-7a9c,46,5,Normal
2026-02-15 07:57:20.694917,Seoul-7a9c,-14,65,Normal
2026-02-15 07:57:21.694917,Seoul-7a9c,41,84,Normal
2026-02-15 07:57:22.694917,Seoul-7a9c,-14,39,Normal
2026-02-15 07:57:23.694917,Seoul-7a9c,6,65,Normal
2026-02-15 07:57:24.694917,Seoul-7a9c,21,17,Normal
2026-02-15 07:57:25.694917,Seoul-7a9c,-18,6,Normal
2026-02-15 07:57:26.694917,Seoul-7a9c,0,20,Normal
2026-02-15 07:57:27.694917,Seoul-7a9c,-19,49,Normal
2026-02-15 07:57:28.694917,Seoul-7a9c,11,30,Normal
2026-02-15 07:57:29.694917,Seoul-7a9c,31,77,Normal
2026-02-15 07:57:30.694917,Seoul-7a9c,22,45,Normal
2026-02-15 07:57:31.694917,Seoul-7a9c,14,86,Normal
2026-02-15 07:57:32.694917,Seoul-7a9c,-26,92,Normal
2026-02-15 07:57:33.694917,Seoul-7a9c,20,75,Normal
2026-02-15 07:57:34.694917,Seoul-7a9c,36,51,Normal
2026-02-15 07:57:35.694917,Seoul-7a9c,45,39,Normal
2026-02-15 07:57:36.694917,Seoul-7a9c,42,63,Normal
2026-02-15 07:57:37.694917,Seoul-7a9c,35,41,Normal
2026-02-15 07:57:38.694917,Seoul-7a9c,14,75,Normal
2026-02-15 07:57:39.694917,Seoul-7a9c,42,58,Normal
2026-02-15 07:57:40.694917,Seoul-7a9c,18,45,Normal
2026-02-15 07:57:41.694917,Seoul-7a9c,-2,61,Normal
2026-02-15 07:57:42.694917,Seoul-7a9c,7,53,Normal
2026-02-15 07:57:43.694917,Seoul-7a9c,-13,62,Normal
2026-02-15 07:57:44.694917,Seoul-7a9c,-4,17,Normal
2026-02-15 07:57:45.694917,Seoul-7a9c,-11,51,Normal
2026-02-15 07:57:46.694917,Seoul-7a9c,38,25,Normal
2026-02-15 07:57:47.694917,Seoul-7a9c,8,96,Normal
2026-02-15 07:57:48.694917,Seoul-7a9c,-9,69,Normal
2026-02-15 07:57:49.694917,Seoul-7a9c,-30,50,Normal
2026-02-15 07:57:50.694917,Seoul-7a9c,29,34,Normal
2026-02-15 07:57:51.694917,Seoul-7a9c,39,14,Normal
2026-02-15 07:57:52.694917,Seoul-7a9c,30,10,Normal
2026-02-15 07:57:53.694917,Seoul-7a9c,11,39,Normal
2026-02-15 07:57:54.694917,Seoul-7a9c,37,39,Normal
2026-02-15 07:57:55.694917,Seoul-7a9c,-10,47,Normal
2026-02-15 07:57:56.694917,Seoul-7a9c,2,12,Normal
2026-02-15 07:57:57.694917,Seoul-7a9c,-4,94,Normal
2026-02-15 07:57:58.694917,Seoul-7a9c,12,81,Normal
2026-02-15 07:57:59.694917,Seoul-7a9c,33,29,Normal
2026-02-15 07:58:00.694917,Seoul-7a9c,-11,85,Normal
2026-02-15 07:58:01.694917,Seoul-7a9c,-21,41,Normal
2026-02-15 07:58:02.694917,Seoul-7a9c,8,68,Normal
2026-02-15 07:58:03.694917,Seoul-7a9c,28,80,Normal
2026-02-15 07:58:04.694917,Seoul-7a9c,-5,35,Normal
2026-02-15 07:58:05.694917,Seoul-7a9c,48,30,Normal
2026-02-15 07:58:06.694917,Seoul-7a9c,42,60,Normal
2026-02-15 07:58:07.694917,Seoul-7a9c,44,68,Normal
2026-02-15 07:58:08.694917,Seoul-7a9c,-16,38,Normal
2026-02-15 07:58:09.694917,Seoul-7a9c,-18,38,Normal
2026-02-15 07:58:10.694917,Seoul-7a9c,-3,96,Normal
2026-02-15 07:58:11.694917,Seoul-7a9c,-23,89,Normal
2026-02-15 07:58:12.694917,Seoul-7a9c,-3,54,Normal
2026-02-15 07:58:13.694917,Seoul-7a9c,-21,55,Normal
2026-02-15 07:58:14.694917,Seoul-7a9c,-1,15,Normal
2026-02-15 07:58:15.694917,Seoul-7a9c,22,5,Normal
2026-02-15 07:58:16.694917,Seoul-7a9c,-13,92,Normal
2026-02-15 07:58:17.694917,Seoul-7a9c,-14,15,Normal
2026-02-15 07:58:18.694917,Seoul-7a9c,16,34,Normal
2026-02-15 07:58:19.694917,Seoul-7a9c,-30,79,Normal
2026-02-15 07:58:20.694917,Seoul-7a9c,50,20,Normal
2026-02-15 07:58:21.694917,Seoul-7a9c,50,40,Normal
2026-02-15 07:58:22.694917,Seoul-7a9c,33,100,Normal
2026-02-15 07:58:23.694917,Seoul-7a9c,19,84,Normal
2026-02-15 07:58:24.694917,Seoul-7a9c,-24,10,Normal
2026-02-15 07:58:25.694917,Seoul-7a9c,25,37,Normal
2026-02-15 07:58:26.694917,Seoul-7a9c,23,55,Normal
2026-02-15 07:58:27.694917,Seoul-7a9c,10,14,Normal
2026-02-15 07:58:28.694917,Seoul-7a9c,-11,27,Normal
2026-02-15 07:58:29.694917,Seoul-7a9c,2,3,Normal
2026-02-15 07:58:30.694917,Seoul-7a9c,-27,80,Normal
2026-02-15 07:58:31.694917,Seoul-7a9c,-7,47,Normal
2026-02-15 07:58:32.694917,Seoul-7a9c,19,42,Normal
2026-02-15 07:58:33.694917,Seoul-7a9c,-29,36,Normal
2026-02-15 07:58:34.694917,Seoul-7a9c,29,98,Normal
2026-02-15 07:58:35.694917,Seoul-7a9c,-27,67,Normal
2026-02-15 07:58:36.694917,Seoul-7a9c,36,68,Normal
2026-02-15 07:58:37.694917,Seoul-7a9c,45,51,Normal
2026-02-15 07:58:38.694917,Seoul-7a9c,46,69,Normal
2026-02-15 07:58:39.694917,Seoul-7a9c,36,22,Normal
2026-02-15 07:58:40.694917,Seoul-7a9c,23,84,Normal
2026-02-15 07:58:41.694917,Seoul-7a9c,-1,54,Normal
2026-02-15 07:58:42.694917,Seoul-7a9c,-24,13,Normal
2026-02-15 07:58:43.694917,Seoul-7a9c,31,90,Normal
2026-02-15 07:58:44.694917,Seoul-7a9c,-20,32,Normal
2026-02-15 07:58:45.694917,Seoul-7a9c,20,61,Normal
2026-02-15 07:58:46.694917,Seoul-7a9c,41,41,Normal
2026-02-15 07:58:47.694917,Seoul-7a9c,48,16,Normal
2026-02-15 07:58:48.694917,Seoul-7a9c,27,24,Normal
2026-02-15 07:58:49.694917,Seoul-7a9c,-29,33,Normal
2026-02-15 07:58:50.694917,Seoul-7a9c,-15,32,Normal
2026-02-15 07:58:51.694917,Seoul-7a9c,-7,59,Normal
2026-02-15 07:58:52.694917,Seoul-7a9c,3,57,Normal
2026-02-15 07:58:53.694917,Seoul-7a9c,-12,3,Normal
2026-02-15 07:58:54.694917,Seoul-7a9c,-26,73,Normal
2026-02-15 07:58:55.694917,Seoul-7a9c,-5,13,Normal
2026-02-15 07:58:56.694917,Seoul-7a9c,18,0,Normal
2026-02-15 07:58:57.694917,Seoul-7a9c,4,88,Normal
2026-02-15 07:58:58.694917,Seoul-7a9c,46,73,Normal
2026-02-15 07:58:59.694917,Seoul-7a9c,-17,59,Normal
2026-02-15 07:59:00.694917,Seoul-7a9c,50,11,Normal
2026-02-15 07:59:01.694917,Seoul-7a9c,-12,64,Normal
2026-02-15 07:59:02.694917,Seoul-7a9c,6,40,Normal
2026-02-15 07:59:03.694917,Seoul-7a9c,27,65,Normal
2026-02-15 07:59:04.694917,Seoul-7a9c,25,59,Normal
2026-02-15 07:59:05.694917,Seoul-7a9c,21,51,Normal
2026-02-15 07:59:06.694917,Seoul-7a9c,-28,2,Normal
2026-02-15 07:59:07.694917,Seoul-7a9c,23,53,Normal
2026-02-15 07:59:08.694917,Seoul-7a9c,-2,29,Normal
2026-02-15 07:59:09.694917,Seoul-7a9c,25,81,Normal
2026-02-15 07:59:10.694917,Seoul-7a9c,4,6,Normal
2026-02-15 07:59:11.694917,Seoul-7a9c,-11,91,Normal
2026-02-15 07:59:12.694917,Seoul-7a9c,15,20,Normal
2026-02-15 07:59:13.694917,Seoul-7a9c,-10,25,Normal
2026-02-15 07:59:14.694917,Seoul-7a9c,18,93,Normal
2026-02-15 07:59:15.694917,Seoul-7a9c,-28,53,Normal
2026-02-15 07:59:16.694917,Seoul-7a9c,-15,58,Normal
2026-02-15 07:59:17.694917,Seoul-7a9c,48,67,Normal
2026-02-15 07:59:18.694917,Seoul-7a9c,-9,88,Normal
2026-02-15 07:59:19.694917,Seoul-7a9c,7,16,Normal
2026-02-15 07:59:20.694917,Seoul-7a9c,-30,92,Normal
2026-02-15 07:59:21.694917,Seoul-7a9c,-7,44,Normal
2026-02-15 07:59:22.694917,Seoul-7a9c,24,68,Normal
2026-02-15 07:59:23.694917,Seoul-7a9c,-8,97,Normal
2026-02-15 07:59:24.694917,Seoul-7a9c,-14,81,Normal
2026-02-15 07:59:25.694917,Seoul-7a9c,42,28,Normal
2026-02-15 07:59:26.694917,Seoul-7a9c,39,65,Normal
2026-02-15 07:59:27.694917,Seoul-7a9c,-3,64,Normal
2026-02-15 07:59:28.694917,Seoul-7a9c,22,94,Normal
2026-02-15 07:59:29.694917,Seoul-7a9c,0,66,Normal
2026-02-15 07:59:30.694917,Seoul-7a9c,23,34,Normal
2026-02-15 07:59:31.694917,Seoul-7a9c,14,98,Normal
2026-02-15 07:59:32.694917,Seoul-7a9c,24,26,Normal
2026-02-15 07:59:33.694917,Seoul-7a9c,37,98,Normal
2026-02-15 07:59:34.694917,Seoul-7a9c,25,73,Normal
2026-02-15 07:59:35.694917,Seoul-7a9c,22,18,Normal
2026-02-15 07:59:36.694917,Seoul-7a9c,20,9,Normal
2026-02-15 07:59:37.694917,Seoul-7a9c,35,16,Normal
2026-02-15 07:59:38.694917,Seoul-7a9c,41,72,Normal
2026-02-15 07:59:39.694917,Seoul-7a9c,1,93,Normal
2026-02-15 07:59:40.694917,Seoul-7a9c,35,16,Normal
2026-02-15 07:59:41.694917,Seoul-7a9c,-1,42,Normal
2026-02-15 07:59:42.694917,Seoul-7a9c,39,80,Normal
2026-02-15 07:59:43.694917,Seoul-7a9c,27,40,Normal
2026-02-15 07:59:44.694917,Seoul-7a9c,-14,3,Normal
2026-02-15 07:59:45.694917,Seoul-7a9c,45,69,Normal
2026-02-15 07:59:46.694917,Seoul-7a9c,39,68,Normal
2026-02-15 07:59:47.694917,Seoul-7a9c,50,100,Normal
2026-02-15 07:59:48.694917,Seoul-7a9c,27,6,Normal
2026-02-15 07:59:49.694917,Seoul-7a9c,-20,25,Normal
2026-02-15 07:59:50.694917,Seoul-7a9c,23,35,Normal
2026-02-15 07:59:51.694917,Seoul-7a9c,23,15,Normal
2026-02-15 07:59:52.694917,Seoul-7a9c,-26,22,Normal
2026-02-15 07:59:53.694917,Seoul-7a9c,40,49,Normal
2026-02-15 07:59:54.694917,Seoul-7a9c,-21,57,Normal
2026-02-15 07:59:55.694917,Seoul-7a9c,-20,77,Normal
2026-02-15 07:59:56.694917,Seoul-7a9c,34,63,Normal
2026-02-15 07:59:57.694917,Seoul-7a9c,-4,11,Normal
2026-02-15 07:59:58.694917,Seoul-7a9c,-4,80,Normal
2026-02-15 07:59:59.694917,Seoul-7a9c,0,68,Normal
2026-02-15 08:00:00.694917,Seoul-7a9c,-26,5,Normal
2026-02-15 08:00:01.694917,Seoul-7a9c,-18,48,Normal
2026-02-15 08:00:02.694917,Seoul-7a9c,-17,65,Normal
2026-02-15 08:00:03.694917,Seoul-7a9c,38,96,Normal
2026-02-15 08:00:04.694917,Seoul-7a9c,24,95,Normal
2026-02-15 08:00:05.694917,Seoul-7a9c,-14,100,Normal
2026-02-15 08:00:06.694917,Seoul-7a9c,-21,37,Normal
2026-02-15 08:00:07.694917,Seoul-7a9c,-24,37,Normal
2026-02-15 08:00:08.694917,Seoul-7a9c,41,99,Normal
2026-02-15 08:00:09.694917,Seoul-7a9c,1,16,Normal
2026-02-15 08:00:10.694917,Seoul-7a9c,31,54,Normal
2026-02-15 08:00:11.694917,Seoul-7a9c,-30,62,Normal
2026-02-15 08:00:12.694917,Seoul-7a9c,-25,6,Normal
2026-02-15 08:00:13.694917,Seoul-7a9c,-22,61,Normal
2026-02-15 08:00:14.694917,Seoul-7a9c,26,8,Normal
2026-02-15 08:00:15.694917,Seoul-7a9c,37,37,Normal
2026-02-15 08:00:16.694917,Seoul-7a9c,-8,3,Normal
2026-02-15 08:00:17.694917,Seoul-7a9c,34,5,Normal
2026-02-15 08:00:18.694917,Seoul-7a9c,39,46,Normal
2026-02-15 08:00:19.694917,Seoul-7a9c,36,57,Normal
2026-02-15 08:00:20.694917,Seoul-7a9c,-27,73,Normal
2026-02-15 08:00:21.694917,Seoul-7a9c,18,63,Normal
2026-02-15 08:00:22.694917,Seoul-7a9c,-15,45,Normal
2026-02-15 08:00:23.694917,Seoul-7a9c,-11,41,Normal
2026-02-15 08:00:24.694917,Seoul-7a9c,-12,95,Normal
2026-02-15 08:00:25.694917,Seoul-7a9c,26,71,Normal
2026-02-15 08:00:26.694917,Seoul-7a9c,32,55,Normal
2026-02-15 08:00:27.694917,Seoul-7a9c,8,18,Normal
2026-02-15 08:00:28.694917,Seoul-7a9c,-29,69,Normal
2026-02-15 08:00:29.694917,Seoul-7a9c,42,81,Normal
2026-02-15 08:00:30.694917,Seoul-7a9c,24,69,Normal
2026-02-15 08:00:31.694917,Seoul-7a9c,15,97,Normal
2026-02-15 08:00:32.694917,Seoul-7a9c,4,75,Normal
2026-02-15 08:00:33.694917,Seoul-7a9c,-13,69,Normal
2026-02-15 08:00:34.694917,Seoul-7a9c,40,63,Normal
2026-02-15 08:00:35.694917,Seoul-7a9c,-29,68,Normal
2026-02-15 08:00:36.694917,Seoul-7a9c,33,71,Normal
2026-02-15 08:00:37.694917,Seoul-7a9c,47,55,Normal
2026-02-15 08:00:38.694917,Seoul-7a9c,-11,36,Normal
2026-02-15 08:00:39.694917,Seoul-7a9c,-30,46,Normal
2026-02-15 08:00:40.694917,Seoul-7a9c,-22,66,Normal
2026-02-15 08:00:41.694917,Seoul-7a9c,44,35,Normal
2026-02-15 08:00:42.694917,Seoul-7a9c,42,79,Normal
2026-02-15 08:00:43.694917,Seoul-7a9c,18,44,Normal
2026-02-15 08:00:44.694917,Seoul-7a9c,38,35,Normal
2026-02-15 08:00:45.694917,Seoul-7a9c,47,58,Normal
2026-02-15 08:00:46.694917,Seoul-7a9c,21,2,Normal
2026-02-15 08:00:47.694917,Seoul-7a9c,46,65,Normal
2026-02-15 08:00:48.694917,Seoul-7a9c,42,10,Normal
2026-02-15 08:00:49.694917,Seoul-7a9c,6,6,Normal
2026-02-15 08:00:50.694917,Seoul-7a9c,48,13,Normal
2026-02-15 08:00:51.694917,Seoul-7a9c,-15,90,Normal
2026-02-15 08:00:52.694917,Seoul-7a9c,-8,0,Normal
2026-02-15 08:00:53.694917,Seoul-7a9c,1,90,Normal
2026-02-15 08:00:54.694917,Seoul-7a9c,-18,69,Normal
2026-02-15 08:00:55.694917,Seoul-7a9c,14,91,Normal
2026-02-15 08:00:56.694917,Seoul-7a9c,30,80,Normal
2026-02-15 08:00:57.694917,Seoul-7a9c,-7,14,Normal
2026-02-15 08:00:58.694917,Seoul-7a9c,28,36,Normal
2026-02-15 08:00:59.694917,Seoul-7a9c,34,56,Normal
2026-02-15 08:01:00.694917,Seoul-7a9c,30,95,Normal
2026-02-15 08:01:01.694917,Seoul-7a9c,5,60,Normal
2026-02-15 08:01:02.694917,Seoul-7a9c,14,72,Normal
2026-02-15 08:01:03.694917,Seoul-7a9c,22,45,Normal
2026-02-15 08:01:04.694917,Seoul-7a9c,27,0,Normal
2026-02-15 08:01:05.694917,Seoul-7a9c,-8,75,Normal
2026-02-15 08:01:06.694917,Seoul-7a9c,31,30,Normal
2026-02-15 08:01:07.694917,Seoul-7a9c,41,88,Normal
2026-02-15 08:01:08.694917,Seoul-7a9c,-14,30,Normal
2026-02-15 08:01:09.694917,Seoul-7a9c,22,9,Normal
2026-02-15 08:01:10.694917,Seoul-7a9c,50,35,Normal
2026-02-15 08:01:11.694917,Seoul-7a9c,-9,75,Normal
2026-02-15 08:01:12.694917,Seoul-7a9c,-3,50,Normal
2026-02-15 08:01:13.694917,Seoul-7a9c,-26,7,Normal
2026-02-15 08:01:14.694917,Seoul-7a9c,14,42,Normal
2026-02-15 08:01:15.694917,Seoul-7a9c,13,66,Normal
2026-02-15 08:01:16.694917,Seoul-7a9c,45,12,Normal
2026-02-15 08:01:17.694917,Seoul-7a9c,27,2,Normal
2026-02-15 08:01:18.694917,Seoul-7a9c,12,23,Normal
2026-02-15 08:01:19.694917,Seoul-7a9c,23,7,Normal
2026-02-15 08:01:20.694917,Seoul-7a9c,24,71,Normal
2026-02-15 08:01:21.694917,Seoul-7a9c,31,39,Normal
2026-02-15 08:01:22.694917,Seoul-7a9c,19,49,Normal
2026-02-15 08:01:23.694917,Seoul-7a9c,20,96,Normal
2026-02-15 08:01:24.694917,Seoul-7a9c,40,12,Normal
2026-02-15 08:01:25.694917,Seoul-7a9c,34,76,Normal
2026-02-15 08:01:26.694917,Seoul-7a9c,-8,18,Normal
2026-02-15 08:01:27.694917,Seoul-7a9c,-15,87,Normal
2026-02-15 08:01:28.694917,Seoul-7a9c,8,72,Normal
2026-02-15 08:01:29.694917,Seoul-7a9c,38,3,Normal
2026-02-15 08:01:30.694917,Seoul-7a9c,47,19,Normal
2026-02-15 08:01:31.694917,Seoul-7a9c,-17,67,Normal
2026-02-15 08:01:32.694917,Seoul-7a9c,12,59,Normal
2026-02-15 08:01:33.694917,Seoul-7a9c,-14,33,Normal
2026-02-15 08:01:34.694917,Seoul-7a9c,43,51,Normal
2026-02-15 08:01:35.694917,Seoul-7a9c,6,63,Normal
2026-02-15 08:01:36.694917,Seoul-7a9c,10,85,Normal
2026-02-15 08:01:37.694917,Seoul-7a9c,29,61,Normal
2026-02-15 08:01:38.694917,Seoul-7a9c,-2,74,Normal
2026-02-15 08:01:39.694917,Seoul-7a9c,-4,14,Normal
2026-02-15 08:01:40.694917,Seoul-7a9c,-4,3,Normal
2026-02-15 08:01:41.694917,Seoul-7a9c,11,48,Normal
2026-02-15 08:01:42.694917,Seoul-7a9c,-11,2,Normal
2026-02-15 08:01:43.694917,Seoul-7a9c,-18,82,Normal
2026-02-15 08:01:44.694917,Seoul-7a9c,35,41,Normal
2026-02-15 08:01:45.694917,Seoul-7a9c,46,66,Normal
2026-02-15 08:01:46.694917,Seoul-7a9c,22,12,Normal
2026-02-15 08:01:47.694917,Seoul-7a9c,47,48,Normal
2026-02-15 08:01:48.694917,Seoul-7a9c,48,24,Normal
2026-02-15 08:01:49.694917,Seoul-7a9c,-20,25,Normal
2026-02-15 08:01:50.694917,Seoul-7a9c,24,94,Normal
2026-02-15 08:01:51.694917,Seoul-7a9c,-1,3,Normal
2026-02-15 08:01:52.694917,Seoul-7a9c,9,11,Normal
2026-02-15 08:01:53.694917,Seoul-7a9c,45,65,Normal
2026-02-15 08:01:54.694917,Seoul-7a9c,43,75,Normal
2026-02-15 08:01:55.694917,Seoul-7a9c,16,44,Normal
2026-02-15 08:01:56.694917,Seoul-7a9c,6,77,Normal
2026-02-15 08:01:57.694917,Seoul-7a9c,0,85,Normal
2026-02-15 08:01:58.694917,Seoul-7a9c,-30,88,Normal
2026-02-15 08:01:59.694917,Seoul-7a9c,15,17,Normal
2026-02-15 08:02:00.694917,Seoul-7a9c,12,48,Normal
2026-02-15 08:02:01.694917,Seoul-7a9c,28,81,Normal
2026-02-15 08:02:02.694917,Seoul-7a9c,-6,72,Normal
2026-02-15 08:02:03.694917,Seoul-7a9c,-28,12,Normal
2026-02-15 08:02:04.694917,Seoul-7a9c,34,75,Normal
2026-02-15 08:02:05.694917,Seoul-7a9c,31,47,Normal
2026-02-15 08:02:06.694917,Seoul-7a9c,7,18,Normal
2026-02-15 08:02:07.694917,Seoul-7a9c,34,77,Normal
2026-02-15 08:02:08.694917,Seoul-7a9c,38,90,Normal
2026-02-15 08:02:09.694917,Seoul-7a9c,-9,67,Normal
2026-02-15 08:02:10.694917,Seoul-7a9c,23,59,Normal
2026-02-15 08:02:11.694917,Seoul-7a9c,-30,14,Normal
2026-02-15 08:02:12.694917,Seoul-7a9c,25,69,Normal
2026-02-15 08:02:13.694917,Seoul-7a9c,29,14,Normal
2026-02-15 08:02:14.694917,Seoul-7a9c,-26,97,Normal
2026-02-15 08:02:15.694917,Seoul-7a9c,5,33,Normal
2026-02-15 08:02:16.694917,Seoul-7a9c,49,9,Normal
2026-02-15 08:02:17.694917,Seoul-7a9c,43,53,Normal
2026-02-15 08:02:18.694917,Seoul-7a9c,32,91,Normal
2026-02-15 08:02:19.694917,Seoul-7a9c,48,30,Normal
2026-02-15 08:02:20.694917,Seoul-7a9c,28,85,Normal
2026-02-15 08:02:21.694917,Seoul-7a9c,7,61,Normal
2026-02-15 08:02:22.694917,Seoul-7a9c,-23,55,Normal
2026-02-15 08:02:23.694917,Seoul-7a9c,4,62,Normal
2026-02-15 08:02:24.694917,Seoul-7a9c,49,80,Normal
2026-02-15 08:02:25.694917,Seoul-7a9c,26,49,Normal
2026-02-15 08:02:26.694917,Seoul-7a9c,-11,61,Normal
2026-02-15 08:02:27.694917,Seoul-7a9c,8,41,Normal
2026-02-15 08:02:28.694917,Seoul-7a9c,26,62,Normal
2026-02-15 08:02:29.694917,Seoul-7a9c,-29,95,Normal
2026-02-15 08:02:30.694917,Seoul-7a9c,-11,6,Normal
2026-02-15 08:02:31.694917,Seoul-7a9c,40,49,Normal
2026-02-15 08:02:32.694917,Seoul-7a9c,5,88,Normal
2026-02-15 08:02:33.694917,Seoul-7a9c,35,81,Normal
2026-02-15 08:02:34.694917,Seoul-7a9c,-8,59,Normal
2026-02-15 08:02:35.694917,Seoul-7a9c,13,57,Normal
2026-02-15 08:02:36.694917,Seoul-7a9c,19,53,Normal
2026-02-15 08:02:37.694917,Seoul-7a9c,-1,70,Normal
2026-02-15 08:02:38.694917,Seoul-7a9c,-20,18,Normal
2026-02-15 08:02:39.694917,Seoul-7a9c,8,36,Normal
2026-02-15 08:02:40.694917,Seoul-7a9c,-12,81,Normal
2026-02-15 08:02:41.694917,Seoul-7a9c,29,64,Normal
2026-02-15 08:02:42.694917,Seoul-7a9c,-9,21,Normal
2026-02-15 08:02:43.694917,Seoul-7a9c,-5,79,Normal
2026-02-15 08:02:44.694917,Seoul-7a9c,17,8,Normal
2026-02-15 08:02:45.694917,Seoul-7a9c,12,31,Normal
2026-02-15 08:02:46.694917,Seoul-7a9c,21,1,Normal
2026-02-15 08:02:47.694917,Seoul-7a9c,39,41,Normal
2026-02-15 08:02:48.694917,Seoul-7a9c,26,52,Normal
2026-02-15 08:02:49.694917,Seoul-7a9c,-7,11,Normal
2026-02-15 08:02:50.694917,Seoul-7a9c,-27,98,Normal
2026-02-15 08:02:51.694917,Seoul-7a9c,-7,72,Normal
2026-02-15 08:02:52.694917,Seoul-7a9c,3,61,Normal
2026-02-15 08:02:53.694917,Seoul-7a9c,-17,80,Normal
2026-02-15 08:02:54.694917,Seoul-7a9c,41,10,Normal
2026-02-15 08:02:55.694917,Seoul-7a9c,-25,37,Normal
2026-02-15 08:02:56.694917,Seoul-7a9c,-9,100,Normal
2026-02-15 08:02:57.694917,Seoul-7a9c,-7,72,Normal
2026-02-15 08:02:58.694917,Seoul-7a9c,-12,49,Normal
2026-02-15 08:02:59.694917,Seoul-7a9c,-28,76,Normal
2026-02-15 08:03:00.694917,Seoul-7a9c,12,61,Normal
2026-02-15 08:03:01.694917,Seoul-7a9c,21,93,Normal
2026-02-15 08:03:02.694917,Seoul-7a9c,33,4,Normal
2026-02-15 08:03:03.694917,Seoul-7a9c,-29,51,Normal
2026-02-15 08:03:04.694917,Seoul-7a9c,22,73,Normal
2026-02-15 08:03:05.694917,Seoul-7a9c,49,39,Normal
2026-02-15 08:03:06.694917,Seoul-7a9c,0,8,Normal
2026-02-15 08:03:07.694917,Seoul-7a9c,-4,42,Normal
2026-02-15 08:03:08.694917,Seoul-7a9c,21,26,Normal
2026-02-15 08:03:09.694917,Seoul-7a9c,2,34,Normal
2026-02-15 08:03:10.694917,Seoul-7a9c,-17,83,Normal
2026-02-15 08:03:11.694917,Seoul-7a9c,-12,6,Normal
2026-02-15 08:03:12.694917,Seoul-7a9c,-3,62,Normal
2026-02-15 08:03:13.694917,Seoul-7a9c,27,86,Normal
2026-02-15 08:03:14.694917,Seoul-7a9c,-4,12,Normal
2026-02-15 08:03:15.694917,Seoul-7a9c,-29,49,Normal
2026-02-15 08:03:16.694917,Seoul-7a9c,-19,69,Normal
2026-02-15 08:03:17.694917,Seoul-7a9c,-11,74,Normal
2026-02-15 08:03:18.694917,Seoul-7a9c,13,66,Normal
2026-02-15 08:03:19.694917,Seoul-7a9c,15,29,Normal
2026-02-15 08:03:20.694917,Seoul-7a9c,19,88,Normal
2026-02-15 08:03:21.694917,Seoul-7a9c,-15,84,Normal
2026-02-15 08:03:22.694917,Seoul-7a9c,39,58,Normal
2026-02-15 08:03:23.694917,Seoul-7a9c,-12,32,Normal
2026-02-15 08:03:24.694917,Seoul-7a9c,26,99,Normal
2026-02-15 08:03:25.694917,Seoul-7a9c,42,41,Normal
2026-02-15 08:03:26.694917,Seoul-7a9c,-9,57,Normal
2026-02-15 08:03:27.694917,Seoul-7a9c,20,76,Normal
2026-02-15 08:03:28.694917,Seoul-7a9c,9,34,Normal
2026-02-15 08:03:29.694917,Seoul-7a9c,20,77,Normal
2026-02-15 08:03:30.694917,Seoul-7a9c,46,41,Normal
2026-02-15 08:03:31.694917,Seoul-7a9c,32,2,Normal
2026-02-15 08:03:32.694917,Seoul-7a9c,19,72,Normal
2026-02-15 08:03:33.694917,Seoul-7a9c,15,55,Normal
2026-02-15 08:03:34.694917,Seoul-7a9c,31,3,Normal
2026-02-15 08:03:35.694917,Seoul-7a9c,10,36,Normal
2026-02-15 08:03:36.694917,Seoul-7a9c,31,85,Normal
2026-02-15 08:03:37.694917,Seoul-7a9c,-29,43,Normal
2026-02-15 08:03:38.694917,Seoul-7a9c,-16,14,Normal
2026-02-15 08:03:39.694917,Seoul-7a9c,38,25,Normal
2026-02-15 08:03:40.694917,Seoul-7a9c,-6,34,Normal
2026-02-15 08:03:41.694917,Seoul-7a9c,37,57,Normal
2026-02-15 08:03:42.694917,Seoul-7a9c,-10,11,Normal
2026-02-15 08:03:43.694917,Seoul-7a9c,47,30,Normal
2026-02-15 08:03:44.694917,Seoul-7a9c,5,8,Normal
2026-02-15 08:03:45.694917,Seoul-7a9c,-16,79,Normal
2026-02-15 08:03:46.694917,Seoul-7a9c,-26,13,Normal
2026-02-15 08:03:47.694917,Seoul-7a9c,50,35,Normal
2026-02-15 08:03:48.694917,Seoul-7a9c,29,56,Normal
2026-02-15 08:03:49.694917,Seoul-7a9c,-24,34,Normal
2026-02-15 08:03:50.694917,Seoul-7a9c,44,89,Normal
2026-02-15 08:03:51.694917,Seoul-7a9c,9,3,Normal
2026-02-15 08:03:52.694917,Seoul-7a9c,11,85,Normal
2026-02-15 08:03:53.694917,Seoul-7a9c,-1,72,Normal
2026-02-15 08:03:54.694917,Seoul-7a9c,29,30,Normal
2026-02-15 08:03:55.694917,Seoul-7a9c,37,96,Normal
2026-02-15 08:03:56.694917,Seoul-7a9c,29,76,Normal
2026-02-15 08:03:57.694917,Seoul-7a9c,27,22,Normal
2026-02-15 08:03:58.694917,Seoul-7a9c,31,79,Normal
2026-02-15 08:03:59.694917,Seoul-7a9c,-3,72,Normal
2026-02-15 08:04:00.694917,Seoul-7a9c,-26,54,Normal
2026-02-15 08:04:01.694917,Seoul-7a9c,-2,18,Normal
2026-02-15 08:04:02.694917,Seoul-7a9c,-6,62,Normal
2026-02-15 08:04:03.694917,Seoul-7a9c,-10,9,Normal
2026-02-15 08:04:04.694917,Seoul-7a9c,16,83,Normal
2026-02-15 08:04:05.694917,Seoul-7a9c,22,1,Normal
2026-02-15 08:04:06.694917,Seoul-7a9c,48,14,Normal
2026-02-15 08:04:07.694917,Seoul-7a9c,26,78,Normal
2026-02-15 08:04:08.694917,Seoul-7a9c,9,51,Normal
2026-02-15 08:04:09.694917,Seoul-7a9c,35,19,Normal
2026-02-15 08:04:10.694917,Seoul-7a9c,-21,71,Normal
2026-02-15 08:04:11.694917,Seoul-7a9c,30,4,Normal
2026-02-15 08:04:12.694917,Seoul-7a9c,32,48,Normal
2026-02-15 08:04:13.694917,Seoul-7a9c,4,96,Normal
2026-02-15 08:04:14.694917,Seoul-7a9c,25,38,Normal
2026-02-15 08:04:15.694917,Seoul-7a9c,2,26,Normal
2026-02-15 08:04:16.694917,Seoul-7a9c,12,21,Normal
2026-02-15 08:04:17.694917,Seoul-7a9c,40,64,Normal
2026-02-15 08:04:18.694917,Seoul-7a9c,-8,26,Normal
2026-02-15 08:04:19.694917,Seoul-7a9c,3,71,Normal
2026-02-15 08:04:20.694917,Seoul-7a9c,19,84,Normal
2026-02-15 08:04:21.694917,Seoul-7a9c,45,84,Normal
2026-02-15 08:04:22.694917,Seoul-7a9c,17,72,Normal
2026-02-15 08:04:23.694917,Seoul-7a9c,43,12,Normal
2026-02-15 08:04:24.694917,Seoul-7a9c,17,8,Normal
2026-02-15 08:04:25.694917,Seoul-7a9c,19,76,Normal
2026-02-15 08:04:26.694917,Seoul-7a9c,1,12,Normal
2026-02-15 08:04:27.694917,Seoul-7a9c,-24,38,Normal
2026-02-15 08:04:28.694917,Seoul-7a9c,-26,74,Normal
2026-02-15 08:04:29.694917,Seoul-7a9c,9,97,Normal
2026-02-15 08:04:30.694917,Seoul-7a9c,-30,51,Normal
2026-02-15 08:04:31.694917,Seoul-7a9c,0,58,Normal
2026-02-15 08:04:32.694917,Seoul-7a9c,45,10,Normal
2026-02-15 08:04:33.694917,Seoul-7a9c,-5,69,Normal
2026-02-15 08:04:34.694917,Seoul-7a9c,2,61,Normal
2026-02-15 08:04:35.694917,Seoul-7a9c,45,47,Normal
2026-02-15 08:04:36.694917,Seoul-7a9c,22,26,Normal
2026-02-15 08:04:37.694917,Seoul-7a9c,-12,93,Normal
2026-02-15 08:04:38.694917,Seoul-7a9c,26,4,Normal
2026-02-15 08:04:39.694917,Seoul-7a9c,22,52,Normal
2026-02-15 08:04:40.694917,Seoul-7a9c,-25,3,Normal
2026-02-15 08:04:41.694917,Seoul-7a9c,48,98,Normal
2026-02-15 08:04:42.694917,Seoul-7a9c,-3,60,Normal
2026-02-15 08:04:43.694917,Seoul-7a9c,39,9,Normal
2026-02-15 08:04:44.694917,Seoul-7a9c,-29,15,Normal
2026-02-15 08:04:45.694917,Seoul-7a9c,22,94,Normal
2026-02-15 08:04:46.694917,Seoul-7a9c,21,24,Normal
2026-02-15 08:04:47.694917,Seoul-7a9c,42,56,Normal
2026-02-15 08:04:48.694917,Seoul-7a9c,6,86,Normal
2026-02-15 08:04:49.694917,Seoul-7a9c,9,44,Normal
2026-02-15 08:04:50.694917,Seoul-7a9c,-24,11,Normal
2026-02-15 08:04:51.694917,Seoul-7a9c,-1,52,Normal
2026-02-15 08:04:52.694917,Seoul-7a9c,-10,47,Normal
2026-02-15 08:04:53.694917,Seoul-7a9c,27,70,Normal
2026-02-15 08:04:54.694917,Seoul-7a9c,24,44,Normal
2026-02-15 08:04:55.694917,Seoul-7a9c,16,22,Normal
2026-02-15 08:04:56.694917,Seoul-7a9c,22,14,Normal
2026-02-15 08:04:57.694917,Seoul-7a9c,32,32,Normal
2026-02-15 08:04:58.694917,Seoul-7a9c,15,74,Normal
2026-02-15 08:04:59.694917,Seoul-7a9c,12,99,Normal
2026-02-15 08:05:00.694917,Seoul-7a9c,-26,83,Normal
2026-02-15 08:05:01.694917,Seoul-7a9c,49,79,Normal
2026-02-15 08:05:02.694917,Seoul-7a9c,-6,64,Normal
2026-02-15 08:05:03.694917,Seoul-7a9c,49,63,Normal
2026-02-15 08:05:04.694917,Seoul-7a9c,39,50,Normal
2026-02-15 08:05:05.694917,Seoul-7a9c,34,41,Normal
2026-02-15 08:05:06.694917,Seoul-7a9c,46,54,Normal
2026-02-15 08:05:07.694917,Seoul-7a9c,36,66,Normal
2026-02-15 08:05:08.694917,Seoul-7a9c,-19,72,Normal
2026-02-15 08:05:09.694917,Seoul-7a9c,30,99,Normal
2026-02-15 08:05:10.694917,Seoul-7a9c,31,7,Normal
2026-02-15 08:05:11.694917,Seoul-7a9c,32,80,Normal
2026-02-15 08:05:12.694917,Seoul-7a9c,-8,3,Normal
2026-02-15 08:05:13.694917,Seoul-7a9c,-24,51,Normal
2026-02-15 08:05:14.694917,Seoul-7a9c,37,59,Normal
2026-02-15 08:05:15.694917,Seoul-7a9c,27,70,Normal
2026-02-15 08:05:16.694917,Seoul-7a9c,-30,96,Normal
2026-02-15 08:05:17.694917,Seoul-7a9c,-8,89,Normal
2026-02-15 08:05:18.694917,Seoul-7a9c,-14,46,Normal
2026-02-15 08:05:19.694917,Seoul-7a9c,22,49,Normal
2026-02-15 08:05:20.694917,Seoul-7a9c,-27,34,Normal
2026-02-15 08:05:21.694917,Seoul-7a9c,-2,47,Normal
2026-02-15 08:05:22.694917,Seoul-7a9c,46,61,Normal
2026-02-15 08:05:23.694917,Seoul-7a9c,-20,17,Normal
2026-02-15 08:05:24.694917,Seoul-7a9c,44,16,Normal
2026-02-15 08:05:25.694917,Seoul-7a9c,-17,28,Normal
2026-02-15 08:05:26.694917,Seoul-7a9c,-2,67,Normal
2026-02-15 08:05:27.694917,Seoul-7a9c,45,27,Normal
2026-02-15 08:05:28.694917,Seoul-7a9c,35,88,Normal
2026-02-15 08:05:29.694917,Seoul-7a9c,4,59,Normal
2026-02-15 08:05:30.694917,Seoul-7a9c,32,52,Normal
2026-02-15 08:05:31.694917,Seoul-7a9c,-9,83,Normal
2026-02-15 08:05:32.694917,Seoul-7a9c,-24,19,Normal
2026-02-15 08:05:33.694917,Seoul-7a9c,34,2,Normal
2026-02-15 08:05:34.694917,Seoul-7a9c,41,55,Normal
2026-02-15 08:05:35.694917,Seoul-7a9c,19,2,Normal
2026-02-15 08:05:36.694917,Seoul-7a9c,11,85,Normal
2026-02-15 08:05:37.694917,Seoul-7a9c,5,69,Normal
2026-02-15 08:05:38.694917,Seoul-7a9c,11,11,Normal
2026-02-15 08:05:39.694917,Seoul-7a9c,35,26,Normal
2026-02-15 08:05:40.694917,Seoul-7a9c,30,34,Normal
2026-02-15 08:05:41.694917,Seoul-7a9c,7,18,Normal
2026-02-15 08:05:42.694917,Seoul-7a9c,28,57,Normal
2026-02-15 08:05:43.694917,Seoul-7a9c,-21,98,Normal
2026-02-15 08:05:44.694917,Seoul-7a9c,-13,85,Normal
2026-02-15 08:05:45.694917,Seoul-7a9c,43,32,Normal
2026-02-15 08:05:46.694917,Seoul-7a9c,22,30,Normal
2026-02-15 08:05:47.694917,Seoul-7a9c,18,58,Normal
2026-02-15 08:05:48.694917,Seoul-7a9c,-30,13,Normal
2026-02-15 08:05:49.694917,Seoul-7a9c,46,74,Normal
