timestamp,station_id,temp,humid,condition
2026-02-15 08:25:56.229477,Dubai-1c4e,-10,6,Normal
2026-02-15 08:25:57.229477,Dubai-1c4e,35,69,Normal
2026-02-15 08:25:58.229477,Dubai-1c4e,15,35,Normal
2026-02-15 08:25:59.229477,Dubai-1c4e,-4,69,Normal
2026-02-15 08:26:00.229477,Dubai-1c4e,33,61,Normal
2026-02-15 08:26:01.229477,Dubai-1c4e,-18,9,Normal
2026-02-15 08:26:02.229477,Dubai-1c4e,-21,79,Normal
2026-02-15 08:26:03.229477,Dubai-1c4e,-19,36,Normal
2026-02-15 08:26:04.229477,Dubai-1c4e,16,45,Normal
2026-02-15 08:26:05.229477,Dubai-1c4e,0,6,Normal
2026-02-15 08:26:06.229477,Dubai-1c4e,-18,20,Normal
2026-02-15 08:26:07.229477,Dubai-1c4e,-13,79,Normal
2026-02-15 08:26:08.229477,Dubai-1c4e,-7,10,Normal
2026-02-15 08:26:09.229477,Dubai-1c4e,16,63,Normal
2026-02-15 08:26:10.229477,Dubai-1c4e,-25,52,Normal
2026-02-15 08:26:11.229477,Dubai-1c4e,-7,81,Normal
2026-02-15 08:26:12.229477,Dubai-1c4e,42,11,Normal
2026-02-15 08:26:13.229477,Dubai-1c4e,-8,76,Normal
2026-02-15 08:26:14.229477,Dubai-1c4e,14,46,Normal
2026-02-15 08:26:15.229477,Dubai-1c4e,27,86,Normal
2026-02-15 08:26:16.229477,Dubai-1c4e,-29,58,Normal
2026-02-15 08:26:17.229477,Dubai-1c4e,35,47,Normal
2026-02-15 08:26:18.229477,Dubai-1c4e,38,96,Normal
2026-02-15 08:26:19.229477,Dubai-1c4e,38,25,Normal
2026-02-15 08:26:20.229477,Dubai-1c4e,14,93,Normal
2026-02-15 08:26:21.229477,Dubai-1c4e,-25,5,Normal
2026-02-15 08:26:22.229477,Dubai-1c4e,20,10,Normal
2026-02-15 08:26:23.229477,Dubai-1c4e,40,30,Normal
2026-02-15 08:26:24.229477,Dubai-1c4e,-14,26,Normal
2026-02-15 08:26:25.229477,Dubai-1c4e,29,32,Normal
2026-02-15 08:26:26.229477,Dubai-1c4e,-22,31,Normal
2026-02-15 08:26:27.229477,Dubai-1c4e,-4,56,Normal
2026-02-15 08:26:28.229477,Dubai-1c4e,-1,50,Normal
2026-02-15 08:26:29.229477,Dubai-1c4e,6,19,Normal
2026-02-15 08:26:30.229477,Dubai-1c4e,-17,75,Normal
2026-02-15 08:26:31.229477,Dubai-1c4e,-25,50,Normal
2026-02-15 08:26:32.229477,Dubai-1c4e,2,30,Normal
2026-02-15 08:26:33.229477,Dubai-1c4e,32,99,Normal
2026-02-15 08:26:34.229477,Dubai-1c4e,-20,27,Normal
2026-02-15 08:26:35.229477,Dubai-1c4e,41,67,Normal
2026-02-15 08:26:36.229477,Dubai-1c4e,-13,98,Normal
2026-02-15 08:26:37.229477,Dubai-1c4e,34,50,Normal
2026-02-15 08:26:38.229477,Dubai-1c4e,-9,45,Normal
2026-02-15 08:26:39.229477,Dubai-1c4e,44,59,Normal
2026-02-15 08:26:40.229477,Dubai-1c4e,-1,72,Normal
2026-02-15 08:26:41.229477,Dubai-1c4e,37,18,Normal
2026-02-15 08:26:42.229477,Dubai-1c4e,-22,14,Normal
2026-02-15 08:26:43.229477,Dubai-1c4e,15,73,Normal
2026-02-15 08:26:44.229477,Dubai-1c4e,29,34,Normal
2026-02-15 08:26:45.229477,Dubai-1c4e,11,51,Normal
2026-02-15 08:26:46.229477,Dubai-1c4e,22,53,Normal
2026-02-15 08:26:47.229477,Dubai-1c4e,12,55,Normal
2026-02-15 08:26:48.229477,Dubai-1c4e,-11,25,Normal
2026-02-15 08:26:49.229477,Dubai-1c4e,-6,62,Normal
2026-02-15 08:26:50.229477,Dubai-1c4e,24,11,Normal
2026-02-15 08:26:51.229477,Dubai-1c4e,7,48,Normal
2026-02-15 08:26:52.229477,Dubai-1c4e,-12,75,Normal
2026-02-15 08:26:53.229477,Dubai-1c4e,33,22,Normal
2026-02-15 08:26:54.229477,Dubai-1c4e,-29,5,Normal
2026-02-15 08:26:55.229477,Dubai-1c4e,44,82,Normal
2026-02-15 08:26:56.229477,Dubai-1c4e,-18,75,Normal
2026-02-15 08:26:57.229477,Dubai-1c4e,3,64,Normal
2026-02-15 08:26:58.229477,Dubai-1c4e,33,29,Normal
2026-02-15 08:26:59.229477,Dubai-1c4e,24,1,Normal
2026-02-15 08:27:00.229477,Dubai-1c4e,-26,5,Normal
2026-02-15 08:27:01.229477,Dubai-1c4e,33,5,Normal
2026-02-15 08:27:02.229477,Dubai-1c4e,-20,74,Normal
2026-02-15 08:27:03.229477,Dubai-1c4e,17,72,Normal
2026-02-15 08:27:04.229477,Dubai-1c4e,34,94,Normal
2026-02-15 08:27:05.229477,Dubai-1c4e,47,89,Normal
2026-02-15 08:27:06.229477,Dubai-1c4e,-4,89,Normal
2026-02-15 08:27:07.229477,Dubai-1c4e,49,51,Normal
2026-02-15 08:27:08.229477,Dubai-1c4e,-20,40,Normal
2026-02-15 08:27:09.229477,Dubai-1c4e,6,74,Normal
2026-02-15 08:27:10.229477,Dubai-1c4e,45,52,Normal
2026-02-15 08:27:11.229477,Dubai-1c4e,-1,67,Normal
2026-02-15 08:27:12.229477,Dubai-1c4e,-21,48,Normal
2026-02-15 08:27:13.229477,Dubai-1c4e,10,38,Normal
2026-02-15 08:27:14.229477,Dubai-1c4e,13,15,Normal
2026-02-15 08:27:15.229477,Dubai-1c4e,43,92,Normal
2026-02-15 08:27:16.229477,Dubai-1c4e,29,97,Normal
2026-02-15 08:27:17.229477,Dubai-1c4e,39,17,Normal
2026-02-15 08:27:18.229477,Dubai-1c4e,-13,21,Normal
2026-02-15 08:27:19.229477,Dubai-1c4e,-23,23,Normal
2026-02-15 08:27:20.229477,Dubai-1c4e,0,88,Normal
2026-02-15 08:27:21.229477,Dubai-1c4e,-19,0,Normal
2026-02-15 08:27:22.229477,Dubai-1c4e,-19,70,Normal
2026-02-15 08:27:23.229477,Dubai-1c4e,36,11,Normal
2026-02-15 08:27:24.229477,Dubai-1c4e,-30,15,Normal
2026-02-15 08:27:25.229477,Dubai-1c4e,16,51,Normal
2026-02-15 08:27:26.229477,Dubai-1c4e,-4,38,Normal
2026-02-15 08:27:27.229477,Dubai-1c4e,-7,74,Normal
2026-02-15 08:27:28.229477,Dubai-1c4e,-25,43,Normal
2026-02-15 08:27:29.229477,Dubai-1c4e,5,49,Normal
2026-02-15 08:27:30.229477,Dubai-1c4e,-10,76,Normal
2026-02-15 08:27:31.229477,Dubai-1c4e,-7,94,Normal
2026-02-15 08:27:32.229477,Dubai-1c4e,-22,24,Normal
2026-02-15 08:27:33.229477,Dubai-1c4e,44,66,Normal
2026-02-15 08:27:34.229477,Dubai-1c4e,38,23,Normal
2026-02-15 08:27:35.229477,Dubai-1c4e,-11,82,Normal
2026-02-15 08:27:36.229477,Dubai-1c4e,-10,85,Normal
2026-02-15 08:27:37.229477,Dubai-1c4e,-18,60,Normal
2026-02-15 08:27:38.229477,Dubai-1c4e,43,27,Normal
2026-02-15 08:27:39.229477,Dubai-1c4e,10,95,Normal
2026-02-15 08:27:40.229477,Dubai-1c4e,22,5,Normal
2026-02-15 08:27:41.229477,Dubai-1c4e,44,46,Normal
2026-02-15 08:27:42.229477,Dubai-1c4e,3,15,Normal
2026-02-15 08:27:43.229477,Dubai-1c4e,31,83,Normal
2026-02-15 08:27:44.229477,Dubai-1c4e,46,8,Normal
2026-02-15 08:27:45.229477,Dubai-1c4e,-9,96,Normal
2026-02-15 08:27:46.229477,Dubai-1c4e,39,2,Normal
2026-02-15 08:27:47.229477,Dubai-1c4e,37,50,Normal
2026-02-15 08:27:48.229477,Dubai-1c4e,24,14,Normal
2026-02-15 08:27:49.229477,Dubai-1c4e,34,62,Normal
2026-02-15 08:27:50.229477,Dubai-1c4e,43,70,Normal
2026-02-15 08:27:51.229477,Dubai-1c4e,-7,34,Normal
2026-02-15 08:27:52.229477,Dubai-1c4e,39,64,Normal
2026-02-15 08:27:53.229477,Dubai-1c4e,11,32,Normal
2026-02-15 08:27:54.229477,Dubai-1c4e,-18,51,Normal
2026-02-15 08:27:55.229477,Dubai-1c4e,30,97,Normal
2026-02-15 08:27:56.229477,Dubai-1c4e,1,66,Normal
2026-02-15 08:27:57.229477,Dubai-1c4e,-8,48,Normal
2026-02-15 08:27:58.229477,Dubai-1c4e,9,67,Normal
2026-02-15 08:27:59.229477,Dubai-1c4e,-6,99,Normal
2026-02-15 08:28:00.229477,Dubai-1c4e,13,52,Normal
2026-02-15 08:28:01.229477,Dubai-1c4e,-17,0,Normal
2026-02-15 08:28:02.229477,Dubai-1c4e,49,26,Normal
2026-02-15 08:28:03.229477,Dubai-1c4e,37,91,Normal
2026-02-15 08:28:04.229477,Dubai-1c4e,-11,67,Normal
2026-02-15 08:28:05.229477,Dubai-1c4e,-13,73,Normal
2026-02-15 08:28:06.229477,Dubai-1c4e,-27,71,Normal
2026-02-15 08:28:07.229477,Dubai-1c4e,-7,53,Normal
2026-02-15 08:28:08.229477,Dubai-1c4e,13,73,Normal
2026-02-15 08:28:09.229477,Dubai-1c4e,20,72,Normal
2026-02-15 08:28:10.229477,Dubai-1c4e,-5,81,Normal
2026-02-15 08:28:11.229477,Dubai-1c4e,18,78,Normal
2026-02-15 08:28:12.229477,Dubai-1c4e,-15,16,Normal
2026-02-15 08:28:13.229477,Dubai-1c4e,-6,4,Normal
2026-02-15 08:28:14.229477,Dubai-1c4e,16,24,Normal
2026-02-15 08:28:15.229477,Dubai-1c4e,0,47,Normal
2026-02-15 08:28:16.229477,Dubai-1c4e,25,64,Normal
2026-02-15 08:28:17.229477,Dubai-1c4e,-3,89,Normal
2026-02-15 08:28:18.229477,Dubai-1c4e,18,86,Normal
2026-02-15 08:28:19.229477,Dubai-1c4e,40,58,Normal
2026-02-15 08:28:20.229477,Dubai-1c4e,-24,44,Normal
2026-02-15 08:28:21.229477,Dubai-1c4e,16,93,Normal
2026-02-15 08:28:22.229477,Dubai-1c4e,31,30,Normal
2026-02-15 08:28:23.229477,Dubai-1c4e,50,34,Normal
2026-02-15 08:28:24.229477,Dubai-1c4e,-24,77,Normal
2026-02-15 08:28:25.229477,Dubai-1c4e,-4,86,Normal
2026-02-15 08:28:26.229477,Dubai-1c4e,0,77,Normal
2026-02-15 08:28:27.229477,Dubai-1c4e,44,17,Normal
2026-02-15 08:28:28.229477,Dubai-1c4e,0,57,Normal
2026-02-15 08:28:29.229477,Dubai-1c4e,27,66,Normal
2026-02-15 08:28:30.229477,Dubai-1c4e,-2,100,Normal
2026-02-15 08:28:31.229477,Dubai-1c4e,8,26,Normal
2026-02-15 08:28:32.229477,Dubai-1c4e,30,46,Normal
2026-02-15 08:28:33.229477,Dubai-1c4e,-15,69,Normal
2026-02-15 08:28:34.229477,Dubai-1c4e,-30,88,Normal
2026-02-15 08:28:35.229477,Dubai-1c4e,0,63,Normal
2026-02-15 08:28:36.229477,Dubai-1c4e,-23,72,Normal
2026-02-15 08:28:37.229477,Dubai-1c4e,11,91,Normal
2026-02-15 08:28:38.229477,Dubai-1c4e,-18,58,Normal
2026-02-15 08:28:39.229477,Dubai-1c4e,34,36,Normal
2026-02-15 08:28:40.229477,Dubai-1c4e,5,83,Normal
2026-02-15 08:28:41.229477,Dubai-1c4e,8,49,Normal
2026-02-15 08:28:42.229477,Dubai-1c4e,-1,98,Normal
2026-02-15 08:28:43.229477,Dubai-1c4e,7,65,Normal
2026-02-15 08:28:44.229477,Dubai-1c4e,30,55,Normal
2026-02-15 08:28:45.229477,Dubai-1c4e,-28,26,Normal
2026-02-15 08:28:46.229477,Dubai-1c4e,26,44,Normal
2026-02-15 08:28:47.229477,Dubai-1c4e,10,58,Normal
2026-02-15 08:28:48.229477,Dubai-1c4e,0,81,Normal
2026-02-15 08:28:49.229477,Dubai-1c4e,-17,69,Normal
2026-02-15 08:28:50.229477,Dubai-1c4e,-22,80,Normal
2026-02-15 08:28:51.229477,Dubai-1c4e,45,59,Normal
2026-02-15 08:28:52.229477,Dubai-1c4e,36,27,Normal
2026-02-15 08:28:53.229477,Dubai-1c4e,20,16,Normal
2026-02-15 08:28:54.229477,Dubai-1c4e,-28,80,Normal
2026-02-15 08:28:55.229477,Dubai-1c4e,-5,99,Normal
2026-02-15 08:28:56.229477,Dubai-1c4e,1,54,Normal
2026-02-15 08:28:57.229477,Dubai-1c4e,38,81,Normal
2026-02-15 08:28:58.229477,Dubai-1c4e,15,55,Normal
2026-02-15 08:28:59.229477,Dubai-1c4e,6,34,Normal
2026-02-15 08:29:00.229477,Dubai-1c4e,19,66,Normal
2026-02-15 08:29:01.229477,Dubai-1c4e,-26,15,Normal
2026-02-15 08:29:02.229477,Dubai-1c4e,-16,74,Normal
2026-02-15 08:29:03.229477,Dubai-1c4e,-7,25,Normal
2026-02-15 08:29:04.229477,Dubai-1c4e,6,62,Normal
2026-02-15 08:29:05.229477,Dubai-1c4e,44,13,Normal
2026-02-15 08:29:06.229477,Dubai-1c4e,23,9,Normal
2026-02-15 08:29:07.229477,Dubai-1c4e,-13,31,Normal
2026-02-15 08:29:08.229477,Dubai-1c4e,43,73,Normal
2026-02-15 08:29:09.229477,Dubai-1c4e,-10,19,Normal
2026-02-15 08:29:10.229477,Dubai-1c4e,28,18,Normal
2026-02-15 08:29:11.229477,Dubai-1c4e,-3,75,Normal
2026-02-15 08:29:12.229477,Dubai-1c4e,-16,29,Normal
2026-02-15 08:29:13.229477,Dubai-1c4e,17,98,Normal
2026-02-15 08:29:14.229477,Dubai-1c4e,18,65,Normal
2026-02-15 08:29:15.229477,Dubai-1c4e,40,27,Normal
2026-02-15 08:29:16.229477,Dubai-1c4e,15,90,Normal
2026-02-15 08:29:17.229477,Dubai-1c4e,-29,86,Normal
2026-02-15 08:29:18.229477,Dubai-1c4e,-19,44,Normal
2026-02-15 08:29:19.229477,Dubai-1c4e,-22,100,Normal
2026-02-15 08:29:20.229477,Dubai-1c4e,42,40,Normal
2026-02-15 08:29:21.229477,Dubai-1c4e,23,82,Normal
2026-02-15 08:29:22.229477,Dubai-1c4e,40,58,Normal
2026-02-15 08:29:23.229477,Dubai-1c4e,-30,63,Normal
2026-02-15 08:29:24.229477,Dubai-1c4e,25,84,Normal
2026-02-15 08:29:25.229477,Dubai-1c4e,44,54,Normal
2026-02-15 08:29:26.229477,Dubai-1c4e,33,57,Normal
2026-02-15 08:29:27.229477,Dubai-1c4e,49,15,Normal
2026-02-15 08:29:28.229477,Dubai-1c4e,32,23,Normal
2026-02-15 08:29:29.229477,Dubai-1c4e,13,63,Normal
2026-02-15 08:29:30.229477,Dubai-1c4e,10,28,Normal
2026-02-15 08:29:31.229477,Dubai-1c4e,-12,36,Normal
2026-02-15 08:29:32.229477,Dubai-1c4e,35,89,Normal
2026-02-15 08:29:33.229477,Dubai-1c4e,28,18,Normal
2026-02-15 08:29:34.229477,Dubai-1c4e,-8,14,Normal
2026-02-15 08:29:35.229477,Dubai-1c4e,-29,36,Normal
2026-02-15 08:29:36.229477,Dubai-1c4e,21,91,Normal
2026-02-15 08:29:37.229477,Dubai-1c4e,10,84,Normal
2026-02-15 08:29:38.229477,Dubai-1c4e,5,33,Normal
2026-02-15 08:29:39.229477,Dubai-1c4e,46,83,Normal
2026-02-15 08:29:40.229477,Dubai-1c4e,35,73,Normal
2026-02-15 08:29:41.229477,Dubai-1c4e,36,91,Normal
2026-02-15 08:29:42.229477,Dubai-1c4e,47,7,Normal
2026-02-15 08:29:43.229477,Dubai-1c4e,13,74,Normal
2026-02-15 08:29:44.229477,Dubai-1c4e,13,49,Normal
2026-02-15 08:29:45.229477,Dubai-1c4e,34,9,Normal
2026-02-15 08:29:46.229477,Dubai-1c4e,38,26,Normal
2026-02-15 08:29:47.229477,Dubai-1c4e,11,54,Normal
2026-02-15 08:29:48.229477,Dubai-1c4e,13,36,Normal
2026-02-15 08:29:49.229477,Dubai-1c4e,38,52,Normal
2026-02-15 08:29:50.229477,Dubai-1c4e,32,32,Normal
2026-02-15 08:29:51.229477,Dubai-1c4e,-23,39,Normal
2026-02-15 08:29:52.229477,Dubai-1c4e,14,98,Normal
2026-02-15 08:29:53.229477,Dubai-1c4e,38,98,Normal
2026-02-15 08:29:54.229477,Dubai-1c4e,3,91,Normal
2026-02-15 08:29:55.229477,Dubai-1c4e,43,68,Normal
2026-02-15 08:29:56.229477,Dubai-1c4e,28,46,Normal
2026-02-15 08:29:57.229477,Dubai-1c4e,42,82,Normal
2026-02-15 08:29:58.229477,Dubai-1c4e,17,81,Normal
2026-02-15 08:29:59.229477,Dubai-1c4e,-23,27,Normal
2026-02-15 08:30:00.229477,Dubai-1c4e,-10,11,Normal
2026-02-15 08:30:01.229477,Dubai-1c4e,-26,23,Normal
2026-02-15 08:30:02.229477,Dubai-1c4e,25,43,Normal
2026-02-15 08:30:03.229477,Dubai-1c4e,5,53,Normal
2026-02-15 08:30:04.229477,Dubai-1c4e,12,16,Normal
2026-02-15 08:30:05.229477,Dubai-1c4e,25,52,Normal
2026-02-15 08:30:06.229477,Dubai-1c4e,47,35,Normal
2026-02-15 08:30:07.229477,Dubai-1c4e,6,31,Normal
2026-02-15 08:30:08.229477,Dubai-1c4e,15,89,Normal
2026-02-15 08:30:09.229477,Dubai-1c4e,49,47,Normal
2026-02-15 08:30:10.229477,Dubai-1c4e,29,49,Normal
2026-02-15 08:30:11.229477,Dubai-1c4e,-26,69,Normal
2026-02-15 08:30:12.229477,Dubai-1c4e,38,13,Normal
2026-02-15 08:30:13.229477,Dubai-1c4e,11,43,Normal
2026-02-15 08:30:14.229477,Dubai-1c4e,-20,10,Normal
2026-02-15 08:30:15.229477,Dubai-1c4e,-15,41,Normal
2026-02-15 08:30:16.229477,Dubai-1c4e,21,41,Normal
2026-02-15 08:30:17.229477,Dubai-1c4e,-30,42,Normal
2026-02-15 08:30:18.229477,Dubai-1c4e,-20,51,Normal
2026-02-15 08:30:19.229477,Dubai-1c4e,24,3,Normal
2026-02-15 08:30:20.229477,Dubai-1c4e,27,8,Normal
2026-02-15 08:30:21.229477,Dubai-1c4e,-25,96,Normal
2026-02-15 08:30:22.229477,Dubai-1c4e,-3,79,Normal
2026-02-15 08:30:23.229477,Dubai-1c4e,-11,6,Normal
2026-02-15 08:30:24.229477,Dubai-1c4e,-29,7,Normal
2026-02-15 08:30:25.229477,Dubai-1c4e,39,90,Normal
2026-02-15 08:30:26.229477,Dubai-1c4e,32,13,Normal
2026-02-15 08:30:27.229477,Dubai-1c4e,33,42,Normal
2026-02-15 08:30:28.229477,Dubai-1c4e,18,65,Normal
2026-02-15 08:30:29.229477,Dubai-1c4e,33,100,Normal
2026-02-15 08:30:30.229477,Dubai-1c4e,3,72,Normal
2026-02-15 08:30:31.229477,Dubai-1c4e,-10,32,Normal
2026-02-15 08:30:32.229477,Dubai-1c4e,-14,1,Normal
2026-02-15 08:30:33.229477,Dubai-1c4e,0,30,Normal
2026-02-15 08:30:34.229477,Dubai-1c4e,-23,65,Normal
2026-02-15 08:30:35.229477,Dubai-1c4e,-4,99,Normal
2026-02-15 08:30:36.229477,Dubai-1c4e,28,2,Normal
2026-02-15 08:30:37.229477,Dubai-1c4e,34,58,Normal
2026-02-15 08:30:38.229477,Dubai-1c4e,43,91,Normal
2026-02-15 08:30:39.229477,Dubai-1c4e,37,20,Normal
2026-02-15 08:30:40.229477,Dubai-1c4e,-26,3,Normal
2026-02-15 08:30:41.229477,Dubai-1c4e,33,7,Normal
2026-02-15 08:30:42.229477,Dubai-1c4e,21,65,Normal
2026-02-15 08:30:43.229477,Dubai-1c4e,2,4,Normal
2026-02-15 08:30:44.229477,Dubai-1c4e,-10,67,Normal
2026-02-15 08:30:45.229477,Dubai-1c4e,40,26,Normal
2026-02-15 08:30:46.229477,Dubai-1c4e,-14,73,Normal
2026-02-15 08:30:47.229477,Dubai-1c4e,22,23,Normal
2026-02-15 08:30:48.229477,Dubai-1c4e,28,62,Normal
2026-02-15 08:30:49.229477,Dubai-1c4e,-11,43,Normal
2026-02-15 08:30:50.229477,Dubai-1c4e,17,13,Normal
2026-02-15 08:30:51.229477,Dubai-1c4e,24,10,Normal
2026-02-15 08:30:52.229477,Dubai-1c4e,31,68,Normal
2026-02-15 08:30:53.229477,Dubai-1c4e,36,14,Normal
2026-02-15 08:30:54.229477,Dubai-1c4e,-19,78,Normal
2026-02-15 08:30:55.229477,Dubai-1c4e,6,67,Normal
2026-02-15 08:30:56.229477,Dubai-1c4e,44,91,Normal
2026-02-15 08:30:57.229477,Dubai-1c4e,14,80,Normal
2026-02-15 08:30:58.229477,Dubai-1c4e,-8,47,Normal
2026-02-15 08:30:59.229477,Dubai-1c4e,8,83,Normal
2026-02-15 08:31:00.229477,Dubai-1c4e,37,69,Normal
2026-02-15 08:31:01.229477,Dubai-1c4e,8,46,Normal
2026-02-15 08:31:02.229477,Dubai-1c4e,-20,47,Normal
2026-02-15 08:31:03.229477,Dubai-1c4e,16,44,Normal
2026-02-15 08:31:04.229477,Dubai-1c4e,-20,78,Normal
2026-02-15 08:31:05.229477,Dubai-1c4e,9,33,Normal
2026-02-15 08:31:06.229477,Dubai-1c4e,26,16,Normal
2026-02-15 08:31:07.229477,Dubai-1c4e,40,5,Normal
2026-02-15 08:31:08.229477,Dubai-1c4e,39,74,Normal
2026-02-15 08:31:09.229477,Dubai-1c4e,-5,90,Normal
2026-02-15 08:31:10.229477,Dubai-1c4e,0,53,Normal
2026-02-15 08:31:11.229477,Dubai-1c4e,-17,11,Normal
2026-02-15 08:31:12.229477,Dubai-1c4e,-27,15,Normal
2026-02-15 08:31:13.229477,Dubai-1c4e,-16,54,Normal
2026-02-15 08:31:14.229477,Dubai-1c4e,-26,48,Normal
2026-02-15 08:31:15.229477,Dubai-1c4e,-2,37,Normal
2026-02-15 08:31:16.229477,Dubai-1c4e,11,91,Normal
2026-02-15 08:31:17.229477,Dubai-1c4e,5,35,Normal
2026-02-15 08:31:18.229477,Dubai-1c4e,30,34,Normal
2026-02-15 08:31:19.229477,Dubai-1c4e,21,21,Normal
2026-02-15 08:31:20.229477,Dubai-1c4e,7,57,Normal
2026-02-15 08:31:21.229477,Dubai-1c4e,3,85,Normal
2026-02-15 08:31:22.229477,Dubai-1c4e,-16,16,Normal
2026-02-15 08:31:23.229477,Dubai-1c4e,41,1,Normal
2026-02-15 08:31:24.229477,Dubai-1c4e,-21,62,Normal
2026-02-15 08:31:25.229477,Dubai-1c4e,-2,12,Normal
2026-02-15 08:31:26.229477,Dubai-1c4e,14,6,Normal
2026-02-15 08:31:27.229477,Dubai-1c4e,42,96,Normal
2026-02-15 08:31:28.229477,Dubai-1c4e,-23,51,Normal
2026-02-15 08:31:29.229477,Dubai-1c4e,5,49,Normal
2026-02-15 08:31:30.229477,Dubai-1c4e,34,74,Normal
2026-02-15 08:31:31.229477,Dubai-1c4e,-16,24,Normal
2026-02-15 08:31:32.229477,Dubai-1c4e,13,17,Normal
2026-02-15 08:31:33.229477,Dubai-1c4e,-27,61,Normal
2026-02-15 08:31:34.229477,Dubai-1c4e,49,72,Normal
2026-02-15 08:31:35.229477,Dubai-1c4e,25,46,Normal
2026-02-15 08:31:36.229477,Dubai-1c4e,-9,38,Normal
2026-02-15 08:31:37.229477,Dubai-1c4e,32,9,Normal
2026-02-15 08:31:38.229477,Dubai-1c4e,9,33,Normal
2026-02-15 08:31:39.229477,Dubai-1c4e,-1,57,Normal
2026-02-15 08:31:40.229477,Dubai-1c4e,-16,35,Normal
2026-02-15 08:31:41.229477,Dubai-1c4e,-5,66,Normal
2026-02-15 08:31:42.229477,Dubai-1c4e,13,41,Normal
2026-02-15 08:31:43.229477,Dubai-1c4e,-24,58,Normal
2026-02-15 08:31:44.229477,Dubai-1c4e,-9,31,Normal
2026-02-15 08:31:45.229477,Dubai-1c4e,14,100,Normal
2026-02-15 08:31:46.229477,Dubai-1c4e,27,66,Normal
2026-02-15 08:31:47.229477,Dubai-1c4e,5,38,Normal
2026-02-15 08:31:48.229477,Dubai-1c4e,-14,74,Normal
2026-02-15 08:31:49.229477,Dubai-1c4e,25,82,Normal
2026-02-15 08:31:50.229477,Dubai-1c4e,25,5,Normal
2026-02-15 08:31:51.229477,Dubai-1c4e,-19,15,Normal
2026-02-15 08:31:52.229477,Dubai-1c4e,37,4,Normal
2026-02-15 08:31:53.229477,Dubai-1c4e,-20,94,Normal
2026-02-15 08:31:54.229477,Dubai-1c4e,-16,49,Normal
2026-02-15 08:31:55.229477,Dubai-1c4e,-27,3,Normal
2026-02-15 08:31:56.229477,Dubai-1c4e,-17,11,Normal
2026-02-15 08:31:57.229477,Dubai-1c4e,-12,85,Normal
2026-02-15 08:31:58.229477,Dubai-1c4e,-28,81,Normal
2026-02-15 08:31:59.229477,Dubai-1c4e,50,7,Normal
2026-02-15 08:32:00.229477,Dubai-1c4e,14,40,Normal
2026-02-15 08:32:01.229477,Dubai-1c4e,-24,26,Normal
2026-02-15 08:32:02.229477,Dubai-1c4e,42,62,Normal
2026-02-15 08:32:03.229477,Dubai-1c4e,21,48,Normal
2026-02-15 08:32:04.229477,Dubai-1c4e,-28,64,Normal
2026-02-15 08:32:05.229477,Dubai-1c4e,43,12,Normal
2026-02-15 08:32:06.229477,Dubai-1c4e,33,3,Normal
2026-02-15 08:32:07.229477,Dubai-1c4e,31,95,Normal
2026-02-15 08:32:08.229477,Dubai-1c4e,-15,54,Normal
2026-02-15 08:32:09.229477,Dubai-1c4e,30,78,Normal
2026-02-15 08:32:10.229477,Dubai-1c4e,45,10,Normal
2026-02-15 08:32:11.229477,Dubai-1c4e,28,23,Normal
2026-02-15 08:32:12.229477,Dubai-1c4e,-9,15,Normal
2026-02-15 08:32:13.229477,Dubai-1c4e,16,94,Normal
2026-02-15 08:32:14.229477,Dubai-1c4e,49,49,Normal
2026-02-15 08:32:15.229477,Dubai-1c4e,-12,20,Normal
2026-02-15 08:32:16.229477,Dubai-1c4e,36,17,Normal
2026-02-15 08:32:17.229477,Dubai-1c4e,-25,82,Normal
2026-02-15 08:32:18.229477,Dubai-1c4e,-29,74,Normal
2026-02-15 08:32:19.229477,Dubai-1c4e,40,66,Normal
2026-02-15 08:32:20.229477,Dubai-1c4e,19,57,Normal
2026-02-15 08:32:21.229477,Dubai-1c4e,8,49,Normal
2026-02-15 08:32:22.229477,Dubai-1c4e,-28,91,Normal
2026-02-15 08:32:23.229477,Dubai-1c4e,43,70,Normal
2026-02-15 08:32:24.229477,Dubai-1c4e,-7,57,Normal
2026-02-15 08:32:25.229477,Dubai-1c4e,-2,94,Normal
2026-02-15 08:32:26.229477,Dubai-1c4e,50,82,Normal
2026-02-15 08:32:27.229477,Dubai-1c4e,27,11,Normal
2026-02-15 08:32:28.229477,Dubai-1c4e,9,9,Normal
2026-02-15 08:32:29.229477,Dubai-1c4e,-8,30,Normal
2026-02-15 08:32:30.229477,Dubai-1c4e,36,43,Normal
2026-02-15 08:32:31.229477,Dubai-1c4e,-8,11,Normal
2026-02-15 08:32:32.229477,Dubai-1c4e,-7,52,Normal
2026-02-15 08:32:33.229477,Dubai-1c4e,-23,7,Normal
2026-02-15 08:32:34.229477,Dubai-1c4e,15,26,Normal
2026-02-15 08:32:35.229477,Dubai-1c4e,9,86,Normal
2026-02-15 08:32:36.229477,Dubai-1c4e,9,74,Normal
2026-02-15 08:32:37.229477,Dubai-1c4e,37,25,Normal
2026-02-15 08:32:38.229477,Dubai-1c4e,27,85,Normal
2026-02-15 08:32:39.229477,Dubai-1c4e,3,92,Normal
2026-02-15 08:32:40.229477,Dubai-1c4e,31,18,Normal
2026-02-15 08:32:41.229477,Dubai-1c4e,9,49,Normal
2026-02-15 08:32:42.229477,Dubai-1c4e,0,51,Normal
2026-02-15 08:32:43.229477,Dubai-1c4e,42,41,Normal
2026-02-15 08:32:44.229477,Dubai-1c4e,20,93,Normal
2026-02-15 08:32:45.229477,Dubai-1c4e,-17,30,Normal
2026-02-15 08:32:46.229477,Dubai-1c4e,-18,4,Normal
2026-02-15 08:32:47.229477,Dubai-1c4e,50,21,Normal
2026-02-15 08:32:48.229477,Dubai-1c4e,-6,7,Normal
2026-02-15 08:32:49.229477,Dubai-1c4e,21,88,Normal
2026-02-15 08:32:50.229477,Dubai-1c4e,34,14,Normal
2026-02-15 08:32:51.229477,Dubai-1c4e,-7,32,Normal
2026-02-15 08:32:52.229477,Dubai-1c4e,-4,76,Normal
2026-02-15 08:32:53.229477,Dubai-1c4e,25,69,Normal
2026-02-15 08:32:54.229477,Dubai-1c4e,9,98,Normal
2026-02-15 08:32:55.229477,Dubai-1c4e,-7,72,Normal
2026-02-15 08:32:56.229477,Dubai-1c4e,45,44,Normal
2026-02-15 08:32:57.229477,Dubai-1c4e,-7,79,Normal
2026-02-15 08:32:58.229477,Dubai-1c4e,26,73,Normal
2026-02-15 08:32:59.229477,Dubai-1c4e,-23,48,Normal
2026-02-15 08:33:00.229477,Dubai-1c4e,18,98,Normal
2026-02-15 08:33:01.229477,Dubai-1c4e,10,45,Normal
2026-02-15 08:33:02.229477,Dubai-1c4e,28,30,Normal
2026-02-15 08:33:03.229477,Dubai-1c4e,4,72,Normal
2026-02-15 08:33:04.229477,Dubai-1c4e,-20,43,Normal
2026-02-15 08:33:05.229477,Dubai-1c4e,25,73,Normal
2026-02-15 08:33:06.229477,Dubai-1c4e,32,88,Normal
2026-02-15 08:33:07.229477,Dubai-1c4e,-25,64,Normal
2026-02-15 08:33:08.229477,Dubai-1c4e,17,34,Normal
2026-02-15 08:33:09.229477,Dubai-1c4e,32,40,Normal
2026-02-15 08:33:10.229477,Dubai-1c4e,-8,42,Normal
2026-02-15 08:33:11.229477,Dubai-1c4e,20,75,Normal
2026-02-15 08:33:12.229477,Dubai-1c4e,30,50,Normal
2026-02-15 08:33:13.229477,Dubai-1c4e,16,19,Normal
2026-02-15 08:33:14.229477,Dubai-1c4e,3,45,Normal
2026-02-15 08:33:15.229477,Dubai-1c4e,18,9,Normal
2026-02-15 08:33:16.229477,Dubai-1c4e,-22,45,Normal
2026-02-15 08:33:17.229477,Dubai-1c4e,49,49,Normal
2026-02-15 08:33:18.229477,Dubai-1c4e,-24,33,Normal
2026-02-15 08:33:19.229477,Dubai-1c4e,28,50,Normal
2026-02-15 08:33:20.229477,Dubai-1c4e,42,31,Normal
2026-02-15 08:33:21.229477,Dubai-1c4e,-14,5,Normal
2026-02-15 08:33:22.229477,Dubai-1c4e,49,90,Normal
2026-02-15 08:33:23.229477,Dubai-1c4e,48,55,Normal
2026-02-15 08:33:24.229477,Dubai-1c4e,-14,34,Normal
2026-02-15 08:33:25.229477,Dubai-1c4e,12,81,Normal
2026-02-15 08:33:26.229477,Dubai-1c4e,22,73,Normal
2026-02-15 08:33:27.229477,Dubai-1c4e,-6,61,Normal
2026-02-15 08:33:28.229477,Dubai-1c4e,-20,78,Normal
2026-02-15 08:33:29.229477,Dubai-1c4e,-27,33,Normal
2026-02-15 08:33:30.229477,Dubai-1c4e,25,29,Normal
2026-02-15 08:33:31.229477,Dubai-1c4e,-5,100,Normal
2026-02-15 08:33:32.229477,Dubai-1c4e,27,10,Normal
2026-02-15 08:33:33.229477,Dubai-1c4e,25,88,Normal
2026-02-15 08:33:34.229477,Dubai-1c4e,-2,57,Normal
2026-02-15 08:33:35.229477,Dubai-1c4e,-17,66,Normal
2026-02-15 08:33:36.229477,Dubai-1c4e,49,4,Normal
2026-02-15 08:33:37.229477,Dubai-1c4e,-24,13,Normal
2026-02-15 08:33:38.229477,Dubai-1c4e,-7,21,Normal
2026-02-15 08:33:39.229477,Dubai-1c4e,-8,64,Normal
2026-02-15 08:33:40.229477,Dubai-1c4e,20,19,Normal
2026-02-15 08:33:41.229477,Dubai-1c4e,-5,55,Normal
2026-02-15 08:33:42.229477,Dubai-1c4e,6,2,Normal
2026-02-15 08:33:43.229477,Dubai-1c4e,36,55,Normal
2026-02-15 08:33:44.229477,Dubai-1c4e,43,79,Normal
2026-02-15 08:33:45.229477,Dubai-1c4e,43,97,Normal
2026-02-15 08:33:46.229477,Dubai-1c4e,13,18,Normal
2026-02-15 08:33:47.229477,Dubai-1c4e,11,25,Normal
2026-02-15 08:33:48.229477,Dubai-1c4e,14,27,Normal
2026-02-15 08:33:49.229477,Dubai-1c4e,4,65,Normal
2026-02-15 08:33:50.229477,Dubai-1c4e,12,43,Normal
2026-02-15 08:33:51.229477,Dubai-1c4e,2,92,Normal
2026-02-15 08:33:52.229477,Dubai-1c4e,-2,26,Normal
2026-02-15 08:33:53.229477,Dubai-1c4e,22,56,Normal
2026-02-15 08:33:54.229477,Dubai-1c4e,-19,90,Normal
2026-02-15 08:33:55.229477,Dubai-1c4e,45,46,Normal
2026-02-15 08:33:56.229477,Dubai-1c4e,39,15,Normal
2026-02-15 08:33:57.229477,Dubai-1c4e,-22,20,Normal
2026-02-15 08:33:58.229477,Dubai-1c4e,35,46,Normal
2026-02-15 08:33:59.229477,Dubai-1c4e,44,27,Normal
2026-02-15 08:34:00.229477,Dubai-1c4e,-16,74,Normal
2026-02-15 08:34:01.229477,Dubai-1c4e,-16,82,Normal
2026-02-15 08:34:02.229477,Dubai-1c4e,-17,3,Normal
2026-02-15 08:34:03.229477,Dubai-1c4e,28,66,Normal
2026-02-15 08:34:04.229477,Dubai-1c4e,46,89,Normal
2026-02-15 08:34:05.229477,Dubai-1c4e,-1,0,Normal
2026-02-15 08:34:06.229477,Dubai-1c4e,-30,57,Normal
2026-02-15 08:34:07.229477,Dubai-1c4e,-4,29,Normal
2026-02-15 08:34:08.229477,Dubai-1c4e,31,25,Normal
2026-02-15 08:34:09.229477,Dubai-1c4e,28,97,Normal
2026-02-15 08:34:10.229477,Dubai-1c4e,-9,64,Normal
2026-02-15 08:34:11.229477,Dubai-1c4e,14,14,Normal
2026-02-15 08:34:12.229477,Dubai-1c4e,6,54,Normal
2026-02-15 08:34:13.229477,Dubai-1c4e,-6,4,Normal
2026-02-15 08:34:14.229477,Dubai-1c4e,37,53,Normal
2026-02-15 08:34:15.229477,Dubai-1c4e,40,3,Normal
2026-02-15 08:34:16.229477,Dubai-1c4e,-18,95,Normal
2026-02-15 08:34:17.229477,Dubai-1c4e,41,68,Normal
2026-02-15 08:34:18.229477,Dubai-1c4e,-20,29,Normal
2026-02-15 08:34:19.229477,Dubai-1c4e,5,19,Normal
2026-02-15 08:34:20.229477,Dubai-1c4e,26,29,Normal
2026-02-15 08:34:21.229477,Dubai-1c4e,-11,13,Normal
2026-02-15 08:34:22.229477,Dubai-1c4e,15,2,Normal
2026-02-15 08:34:23.229477,Dubai-1c4e,-24,98,Normal
2026-02-15 08:34:24.229477,Dubai-1c4e,-23,55,Normal
2026-02-15 08:34:25.229477,Dubai-1c4e,34,12,Normal
2026-02-15 08:34:26.229477,Dubai-1c4e,-20,47,Normal
2026-02-15 08:34:27.229477,Dubai-1c4e,9,72,Normal
2026-02-15 08:34:28.229477,Dubai-1c4e,31,51,Normal
2026-02-15 08:34:29.229477,Dubai-1c4e,-7,33,Normal
2026-02-15 08:34:30.229477,Dubai-1c4e,15,90,Normal
2026-02-15 08:34:31.229477,Dubai-1c4e,-2,64,Normal
2026-02-15 08:34:32.229477,Dubai-1c4e,-22,18,Normal
2026-02-15 08:34:33.229477,Dubai-1c4e,7,13,Normal
2026-02-15 08:34:34.229477,Dubai-1c4e,42,14,Normal
2026-02-15 08:34:35.229477,Dubai-1c4e,38,56,Normal
2026-02-15 08:34:36.229477,Dubai-1c4e,44,95,Normal
2026-02-15 08:34:37.229477,Dubai-1c4e,-6,15,Normal
2026-02-15 08:34:38.229477,Dubai-1c4e,49,62,Normal
2026-02-15 08:34:39.229477,Dubai-1c4e,-29,54,Normal
2026-02-15 08:34:40.229477,Dubai-1c4e,3,45,Normal
2026-02-15 08:34:41.229477,Dubai-1c4e,36,37,Normal
2026-02-15 08:34:42.229477,Dubai-1c4e,20,14,Normal
2026-02-15 08:34:43.229477,Dubai-1c4e,48,76,Normal
2026-02-15 08:34:44.229477,Dubai-1c4e,50,74,Normal
2026-02-15 08:34:45.229477,Dubai-1c4e,31,57,Normal
2026-02-15 08:34:46.229477,Dubai-1c4e,41,68,Normal
2026-02-15 08:34:47.229477,Dubai-1c4e,-18,86,Normal
2026-02-15 08:34:48.229477,Dubai-1c4e,5,21,Normal
2026-02-15 08:34:49.229477,Dubai-1c4e,11,82,Normal
2026-02-15 08:34:50.229477,Dubai-1c4e,39,73,Normal
2026-02-15 08:34:51.229477,Dubai-1c4e,-9,72,Normal
2026-02-15 08:34:52.229477,Dubai-1c4e,-8,74,Normal
2026-02-15 08:34:53.229477,Dubai-1c4e,22,79,Normal
2026-02-15 08:34:54.229477,Dubai-1c4e,24,44,Normal
2026-02-15 08:34:55.229477,Dubai-1c4e,40,63,Normal
2026-02-15 08:34:56.229477,Dubai-1c4e,35,31,Normal
2026-02-15 08:34:57.229477,Dubai-1c4e,28,85,Normal
2026-02-15 08:34:58.229477,Dubai-1c4e,-9,5,Normal
2026-02-15 08:34:59.229477,Dubai-1c4e,44,18,Normal
2026-02-15 08:35:00.229477,Dubai-1c4e,-19,33,Normal
2026-02-15 08:35:01.229477,Dubai-1c4e,-27,62,Normal
2026-02-15 08:35:02.229477,Dubai-1c4e,19,90,Normal
2026-02-15 08:35:03.229477,Dubai-1c4e,1,65,Normal
2026-02-15 08:35:04.229477,Dubai-1c4e,15,34,Normal
2026-02-15 08:35:05.229477,Dubai-1c4e,30,31,Normal
2026-02-15 08:35:06.229477,Dubai-1c4e,28,41,Normal
2026-02-15 08:35:07.229477,Dubai-1c4e,0,27,Normal
2026-02-15 08:35:08.229477,Dubai-1c4e,13,0,Normal
2026-02-15 08:35:09.229477,Dubai-1c4e,33,28,Normal
2026-02-15 08:35:10.229477,Dubai-1c4e,38,73,Normal
2026-02-15 08:35:11.229477,Dubai-1c4e,11,10,Normal
2026-02-15 08:35:12.229477,Dubai-1c4e,-9,89,Normal
2026-02-15 08:35:13.229477,Dubai-1c4e,1,94,Normal
2026-02-15 08:35:14.229477,Dubai-1c4e,12,78,Normal
2026-02-15 08:35:15.229477,Dubai-1c4e,-19,79,Normal
2026-02-15 08:35:16.229477,Dubai-1c4e,16,79,Normal
2026-02-15 08:35:17.229477,Dubai-1c4e,43,3,Normal
2026-02-15 08:35:18.229477,Dubai-1c4e,-13,56,Normal
2026-02-15 08:35:19.229477,Dubai-1c4e,17,77,Normal
2026-02-15 08:35:20.229477,Dubai-1c4e,37,100,Normal
2026-02-15 08:35:21.229477,Dubai-1c4e,32,64,Normal
2026-02-15 08:35:22.229477,Dubai-1c4e,48,18,Normal
2026-02-15 08:35:23.229477,Dubai-1c4e,41,87,Normal
2026-02-15 08:35:24.229477,Dubai-1c4e,-21,93,Normal
2026-02-15 08:35:25.229477,Dubai-1c4e,14,68,Normal
2026-02-15 08:35:26.229477,Dubai-1c4e,-4,78,Normal
2026-02-15 08:35:27.229477,Dubai-1c4e,39,31,Normal
2026-02-15 08:35:28.229477,Dubai-1c4e,31,33,Normal
2026-02-15 08:35:29.229477,Dubai-1c4e,39,46,Normal
2026-02-15 08:35:30.229477,Dubai-1c4e,-6,40,Normal
2026-02-15 08:35:31.229477,Dubai-1c4e,49,61,Normal
2026-02-15 08:35:32.229477,Dubai-1c4e,8,20,Normal
2026-02-15 08:35:33.229477,Dubai-1c4e,47,33,Normal
2026-02-15 08:35:34.229477,Dubai-1c4e,41,53,Normal
2026-02-15 08:35:35.229477,Dubai-1c4e,34,29,Normal
2026-02-15 08:35:36.229477,Dubai-1c4e,23,55,Normal
2026-02-15 08:35:37.229477,Dubai-1c4e,-19,10,Normal
2026-02-15 08:35:38.229477,Dubai-1c4e,15,98,Normal
2026-02-15 08:35:39.229477,Dubai-1c4e,25,65,Normal
2026-02-15 08:35:40.229477,Dubai-1c4e,18,3,Normal
2026-02-15 08:35:41.229477,Dubai-1c4e,0,100,Normal
2026-02-15 08:35:42.229477,Dubai-1c4e,4,69,Normal
2026-02-15 08:35:43.229477,Dubai-1c4e,-14,4,Normal
2026-02-15 08:35:44.229477,Dubai-1c4e,15,0,Normal
2026-02-15 08:35:45.229477,Dubai-1c4e,8,71,Normal
2026-02-15 08:35:46.229477,Dubai-1c4e,8,98,Normal
2026-02-15 08:35:47.229477,Dubai-1c4e,34,90,Normal
2026-02-15 08:35:48.229477,Dubai-1c4e,5,11,Normal
2026-02-15 08:35:49.229477,Dubai-1c4e,21,78,Normal
2026-02-15 08:35:50.229477,Dubai-1c4e,41,9,Normal
2026-02-15 08:35:51.229477,Dubai-1c4e,33,58,Normal
2026-02-15 08:35:52.229477,Dubai-1c4e,41,98,Normal
2026-02-15 08:35:53.229477,Dubai-1c4e,-24,53,Normal
2026-02-15 08:35:54.229477,Dubai-1c4e,-12,87,Normal
2026-02-15 08:35:55.229477,Dubai-1c4e,-13,63,Normal
2026-02-15 08:35:56.229477,Dubai-1c4e,39,70,Normal
2026-02-15 08:35:57.229477,Dubai-1c4e,31,29,Normal
2026-02-15 08:35:58.229477,Dubai-1c4e,-24,15,Normal
2026-02-15 08:35:59.229477,Dubai-1c4e,30,78,Normal
2026-02-15 08:36:00.229477,Dubai-1c4e,1,39,Normal
2026-02-15 08:36:01.229477,Dubai-1c4e,40,74,Normal
2026-02-15 08:36:02.229477,Dubai-1c4e,-24,16,Normal
2026-02-15 08:36:03.229477,Dubai-1c4e,1,30,Normal
2026-02-15 08:36:04.229477,Dubai-1c4e,-18,25,Normal
2026-02-15 08:36:05.229477,Dubai-1c4e,-12,71,Normal
2026-02-15 08:36:06.229477,Dubai-1c4e,-24,69,Normal
2026-02-15 08:36:07.229477,Dubai-1c4e,25,18,Normal
2026-02-15 08:36:08.229477,Dubai-1c4e,-23,79,Normal
2026-02-15 08:36:09.229477,Dubai-1c4e,5,36,Normal
2026-02-15 08:36:10.229477,Dubai-1c4e,35,57,Normal
2026-02-15 08:36:11.229477,Dubai-1c4e,27,85,Normal
2026-02-15 08:36:12.229477,Dubai-1c4e,32,18,Normal
2026-02-15 08:36:13.229477,Dubai-1c4e,-5,2,Normal
2026-02-15 08:36:14.229477,Dubai-1c4e,-15,87,Normal
2026-02-15 08:36:15.229477,Dubai-1c4e,2,38,Normal
2026-02-15 08:36:16.229477,Dubai-1c4e,19,68,Normal
2026-02-15 08:36:17.229477,Dubai-1c4e,-13,15,Normal
2026-02-15 08:36:18.229477,Dubai-1c4e,30,8,Normal
2026-02-15 08:36:19.229477,Dubai-1c4e,38,56,Normal
2026-02-15 08:36:20.229477,Dubai-1c4e,-12,19,Normal
2026-02-15 08:36:21.229477,Dubai-1c4e,-11,59,Normal
2026-02-15 08:36:22.229477,Dubai-1c4e,23,32,Normal
2026-02-15 08:36:23.229477,Dubai-1c4e,30,33,Normal
2026-02-15 08:36:24.229477,Dubai-1c4e,-23,75,Normal
2026-02-15 08:36:25.229477,Dubai-1c4e,-27,98,Normal
2026-02-15 08:36:26.229477,Dubai-1c4e,-19,81,Normal
2026-02-15 08:36:27.229477,Dubai-1c4e,4,57,Normal
2026-02-15 08:36:28.229477,Dubai-1c4e,38,48,Normal
2026-02-15 08:36:29.229477,Dubai-1c4e,36,75,Normal
2026-02-15 08:36:30.229477,Dubai-1c4e,27,46,Normal
2026-02-15 08:36:31.229477,Dubai-1c4e,-15,11,Normal
2026-02-15 08:36:32.229477,Dubai-1c4e,-9,38,Normal
2026-02-15 08:36:33.229477,Dubai-1c4e,-10,93,Normal
2026-02-15 08:36:34.229477,Dubai-1c4e,11,1,Normal
2026-02-15 08:36:35.229477,Dubai-1c4e,-4,58,Normal
2026-02-15 08:36:36.229477,Dubai-1c4e,10,71,Normal
2026-02-15 08:36:37.229477,Dubai-1c4e,14,80,Normal
2026-02-15 08:36:38.229477,Dubai-1c4e,19,99,Normal
2026-02-15 08:36:39.229477,Dubai-1c4e,-10,12,Normal
2026-02-15 08:36:40.229477,Dubai-1c4e,17,57,Normal
2026-02-15 08:36:41.229477,Dubai-1c4e,-5,48,Normal
2026-02-15 08:36:42.229477,Dubai-1c4e,-19,79,Normal
2026-02-15 08:36:43.229477,Dubai-1c4e,-20,7,Normal
2026-02-15 08:36:44.229477,Dubai-1c4e,17,32,Normal
2026-02-15 08:36:45.229477,Dubai-1c4e,33,13,Normal
2026-02-15 08:36:46.229477,Dubai-1c4e,43,66,Normal
2026-02-15 08:36:47.229477,Dubai-1c4e,47,72,Normal
2026-02-15 08:36:48.229477,Dubai-1c4e,19,26,Normal
2026-02-15 08:36:49.229477,Dubai-1c4e,-17,85,Normal
2026-02-15 08:36:50.229477,Dubai-1c4e,17,17,Normal
2026-02-15 08:36:51.229477,Dubai-1c4e,-18,38,Normal
2026-02-15 08:36:52.229477,Dubai-1c4e,-14,24,Normal
2026-02-15 08:36:53.229477,Dubai-1c4e,-22,54,Normal
2026-02-15 08:36:54.229477,Dubai-1c4e,-19,28,Normal
2026-02-15 08:36:55.229477,Dubai-1c4e,-4,79,Normal
2026-02-15 08:36:56.229477,Dubai-1c4e,-28,70,Normal
2026-02-15 08:36:57.229477,Dubai-1c4e,22,65,Normal
2026-02-15 08:36:58.229477,Dubai-1c4e,25,25,Normal
2026-02-15 08:36:59.229477,Dubai-1c4e,-3,33,Normal
2026-02-15 08:37:00.229477,Dubai-1c4e,43,34,Normal
2026-02-15 08:37:01.229477,Dubai-1c4e,27,23,Normal
2026-02-15 08:37:02.229477,Dubai-1c4e,-22,87,Normal
2026-02-15 08:37:03.229477,Dubai-1c4e,10,74,Normal
2026-02-15 08:37:04.229477,Dubai-1c4e,-3,52,Normal
2026-02-15 08:37:05.229477,Dubai-1c4e,47,78,Normal
2026-02-15 08:37:06.229477,Dubai-1c4e,-10,43,Normal
2026-02-15 08:37:07.229477,Dubai-1c4e,45,65,Normal
2026-02-15 08:37:08.229477,Dubai-1c4e,-4,11,Normal
2026-02-15 08:37:09.229477,Dubai-1c4e,-9,30,Normal
2026-02-15 08:37:10.229477,Dubai-1c4e,47,36,Normal
2026-02-15 08:37:11.229477,Dubai-1c4e,29,92,Normal
2026-02-15 08:37:12.229477,Dubai-1c4e,9,42,Normal
2026-02-15 08:37:13.229477,Dubai-1c4e,50,91,Normal
2026-02-15 08:37:14.229477,Dubai-1c4e,27,60,Normal
2026-02-15 08:37:15.229477,Dubai-1c4e,0,79,Normal
2026-02-15 08:37:16.229477,Dubai-1c4e,-7,62,Normal
2026-02-15 08:37:17.229477,Dubai-1c4e,-21,65,Normal
2026-02-15 08:37:18.229477,Dubai-1c4e,31,60,Normal
2026-02-15 08:37:19.229477,Dubai-1c4e,14,90,Normal
2026-02-15 08:37:20.229477,Dubai-1c4e,-1,48,Normal
2026-02-15 08:37:21.229477,Dubai-1c4e,46,40,Normal
2026-02-15 08:37:22.229477,Dubai-1c4e,37,48,Normal
2026-02-15 08:37:23.229477,Dubai-1c4e,36,99,Normal
2026-02-15 08:37:24.229477,Dubai-1c4e,-5,64,Normal
2026-02-15 08:37:25.229477,Dubai-1c4e,22,96,Normal
2026-02-15 08:37:26.229477,Dubai-1c4e,2,36,Normal
2026-02-15 08:37:27.229477,Dubai-1c4e,0,4,Normal
2026-02-15 08:37:28.229477,Dubai-1c4e,32,27,Normal
2026-02-15 08:37:29.229477,Dubai-1c4e,41,39,Normal
2026-02-15 08:37:30.229477,Dubai-1c4e,10,25,Normal
2026-02-15 08:37:31.229477,Dubai-1c4e,11,57,Normal
2026-02-15 08:37:32.229477,Dubai-1c4e,-10,86,Normal
2026-02-15 08:37:33.229477,Dubai-1c4e,43,4,Normal
2026-02-15 08:37:34.229477,Dubai-1c4e,-25,89,Normal
2026-02-15 08:37:35.229477,Dubai-1c4e,39,87,Normal
2026-02-15 08:37:36.229477,Dubai-1c4e,5,55,Normal
2026-02-15 08:37:37.229477,Dubai-1c4e,41,62,Normal
2026-02-15 08:37:38.229477,Dubai-1c4e,-4,7,Normal
2026-02-15 08:37:39.229477,Dubai-1c4e,-15,21,Normal
2026-02-15 08:37:40.229477,Dubai-1c4e,-1,54,Normal
2026-02-15 08:37:41.229477,Dubai-1c4e,-10,38,Normal
2026-02-15 08:37:42.229477,Dubai-1c4e,50,57,Normal
2026-02-15 08:37:43.229477,Dubai-1c4e,6,46,Normal
2026-02-15 08:37:44.229477,Dubai-1c4e,-7,82,Normal
2026-02-15 08:37:45.229477,Dubai-1c4e,35,37,Normal
2026-02-15 08:37:46.229477,Dubai-1c4e,50,11,Normal
2026-02-15 08:37:47.229477,Dubai-1c4e,31,61,Normal
2026-02-15 08:37:48.229477,Dubai-1c4e,41,54,Normal
2026-02-15 08:37:49.229477,Dubai-1c4e,18,2,Normal
2026-02-15 08:37:50.229477,Dubai-1c4e,30,18,Normal
2026-02-15 08:37:51.229477,Dubai-1c4e,-12,34,Normal
2026-02-15 08:37:52.229477,Dubai-1c4e,-14,23,Normal
2026-02-15 08:37:53.229477,Dubai-1c4e,8,86,Normal
2026-02-15 08:37:54.229477,Dubai-1c4e,-1,60,Normal
2026-02-15 08:37:55.229477,Dubai-1c4e,9,74,Normal
2026-02-15 08:37:56.229477,Dubai-1c4e,44,47,Normal
2026-02-15 08:37:57.229477,Dubai-1c4e,40,42,Normal
2026-02-15 08:37:58.229477,Dubai-1c4e,-14,44,Normal
2026-02-15 08:37:59.229477,Dubai-1c4e,50,63,Normal
2026-02-15 08:38:00.229477,Dubai-1c4e,10,16,Normal
2026-02-15 08:38:01.229477,Dubai-1c4e,12,31,Normal
2026-02-15 08:38:02.229477,Dubai-1c4e,31,29,Normal
2026-02-15 08:38:03.229477,Dubai-1c4e,13,52,Normal
2026-02-15 08:38:04.229477,Dubai-1c4e,-21,84,Normal
2026-02-15 08:38:05.229477,Dubai-1c4e,21,18,Normal
2026-02-15 08:38:06.229477,Dubai-1c4e,2,34,Normal
2026-02-15 08:38:07.229477,Dubai-1c4e,8,36,Normal
2026-02-15 08:38:08.229477,Dubai-1c4e,32,50,Normal
2026-02-15 08:38:09.229477,Dubai-1c4e,21,30,Normal
2026-02-15 08:38:10.229477,Dubai-1c4e,9,25,Normal
2026-02-15 08:38:11.229477,Dubai-1c4e,2,48,Normal
2026-02-15 08:38:12.229477,Dubai-1c4e,5,71,Normal
2026-02-15 08:38:13.229477,Dubai-1c4e,-11,57,Normal
2026-02-15 08:38:14.229477,Dubai-1c4e,42,94,Normal
2026-02-15 08:38:15.229477,Dubai-1c4e,1,7,Normal
2026-02-15 08:38:16.229477,Dubai-1c4e,31,52,Normal
2026-02-15 08:38:17.229477,Dubai-1c4e,-27,24,Normal
2026-02-15 08:38:18.229477,Dubai-1c4e,48,43,Normal
2026-02-15 08:38:19.229477,Dubai-1c4e,16,50,Normal
2026-02-15 08:38:20.229477,Dubai-1c4e,-12,83,Normal
2026-02-15 08:38:21.229477,Dubai-1c4e,-15,32,Normal
2026-02-15 08:38:22.229477,Dubai-1c4e,-27,45,Normal
2026-02-15 08:38:23.229477,Dubai-1c4e,1,63,Normal
2026-02-15 08:38:24.229477,Dubai-1c4e,-24,40,Normal
2026-02-15 08:38:25.229477,Dubai-1c4e,26,38,Normal
2026-02-15 08:38:26.229477,Dubai-1c4e,-30,51,Normal
2026-02-15 08:38:27.229477,Dubai-1c4e,13,38,Normal
2026-02-15 08:38:28.229477,Dubai-1c4e,-25,7,Normal
2026-02-15 08:38:29.229477,Dubai-1c4e,-27,13,Normal
2026-02-15 08:38:30.229477,Dubai-1c4e,37,10,Normal
2026-02-15 08:38:31.229477,Dubai-1c4e,37,90,Normal
2026-02-15 08:38:32.229477,Dubai-1c4e,26,4,Normal
2026-02-15 08:38:33.229477,Dubai-1c4e,49,25,Normal
2026-02-15 08:38:34.229477,Dubai-1c4e,-8,42,Normal
2026-02-15 08:38:35.229477,Dubai-1c4e,16,35,Normal
2026-02-15 08:38:36.229477,Dubai-1c4e,-25,23,Normal
2026-02-15 08:38:37.229477,Dubai-1c4e,-2,6,Normal
2026-02-15 08:38:38.229477,Dubai-1c4e,26,18,Normal
2026-02-15 08:38:39.229477,Dubai-1c4e,-26,59,Normal
2026-02-15 08:38:40.229477,Dubai-1c4e,23,96,Normal
2026-02-15 08:38:41.229477,Dubai-1c4e,10,37,Normal
2026-02-15 08:38:42.229477,Dubai-1c4e,4,5,Normal
2026-02-15 08:38:43.229477,Dubai-1c4e,29,42,Normal
2026-02-15 08:38:44.229477,Dubai-1c4e,27,50,Normal
2026-02-15 08:38:45.229477,Dubai-1c4e,-8,18,Normal
2026-02-15 08:38:46.229477,Dubai-1c4e,49,44,Normal
2026-02-15 08:38:47.229477,Dubai-1c4e,-12,0,Normal
2026-02-15 08:38:48.229477,Dubai-1c4e,13,99,Normal
2026-02-15 08:38:49.229477,Dubai-1c4e,-28,67,Normal
2026-02-15 08:38:50.229477,Dubai-1c4e,-2,37,Normal
2026-02-15 08:38:51.229477,Dubai-1c4e,-7,47,Normal
2026-02-15 08:38:52.229477,Dubai-1c4e,21,14,Normal
2026-02-15 08:38:53.229477,Dubai-1c4e,16,21,Normal
2026-02-15 08:38:54.229477,Dubai-1c4e,13,41,Normal
2026-02-15 08:38:55.229477,Dubai-1c4e,43,50,Normal
2026-02-15 08:38:56.229477,Dubai-1c4e,32,83,Normal
2026-02-15 08:38:57.229477,Dubai-1c4e,8,38,Normal
2026-02-15 08:38:58.229477,Dubai-1c4e,47,5,Normal
2026-02-15 08:38:59.229477,Dubai-1c4e,37,16,Normal
2026-02-15 08:39:00.229477,Dubai-1c4e,3,19,Normal
2026-02-15 08:39:01.229477,Dubai-1c4e,50,30,Normal
2026-02-15 08:39:02.229477,Dubai-1c4e,-29,50,Normal
2026-02-15 08:39:03.229477,Dubai-1c4e,43,34,Normal
2026-02-15 08:39:04.229477,Dubai-1c4e,31,75,Normal
2026-02-15 08:39:05.229477,Dubai-1c4e,-1,3,Normal
2026-02-15 08:39:06.229477,Dubai-1c4e,13,42,Normal
2026-02-15 08:39:07.229477,Dubai-1c4e,38,69,Normal
2026-02-15 08:39:08.229477,Dubai-1c4e,33,66,Normal
2026-02-15 08:39:09.229477,Dubai-1c4e,29,26,Normal
2026-02-15 08:39:10.229477,Dubai-1c4e,-24,10,Normal
2026-02-15 08:39:11.229477,Dubai-1c4e,48,3,Normal
2026-02-15 08:39:12.229477,Dubai-1c4e,18,44,Normal
2026-02-15 08:39:13.229477,Dubai-1c4e,32,83,Normal
2026-02-15 08:39:14.229477,Dubai-1c4e,1,87,Normal
2026-02-15 08:39:15.229477,Dubai-1c4e,24,39,Normal
2026-02-15 08:39:16.229477,Dubai-1c4e,39,23,Normal
2026-02-15 08:39:17.229477,Dubai-1c4e,37,41,Normal
2026-02-15 08:39:18.229477,Dubai-1c4e,40,55,Normal
2026-02-15 08:39:19.229477,Dubai-1c4e,20,10,Normal
2026-02-15 08:39:20.229477,Dubai-1c4e,24,27,Normal
2026-02-15 08:39:21.229477,Dubai-1c4e,32,85,Normal
2026-02-15 08:39:22.229477,Dubai-1c4e,16,98,Normal
2026-02-15 08:39:23.229477,Dubai-1c4e,42,38,Normal
2026-02-15 08:39:24.229477,Dubai-1c4e,-20,32,Normal
2026-02-15 08:39:25.229477,Dubai-1c4e,-21,74,Normal
2026-02-15 08:39:26.229477,Dubai-1c4e,-19,11,Normal
2026-02-15 08:39:27.229477,Dubai-1c4e,-2,34,Normal
2026-02-15 08:39:28.229477,Dubai-1c4e,-23,88,Normal
2026-02-15 08:39:29.229477,Dubai-1c4e,-6,48,Normal
2026-02-15 08:39:30.229477,Dubai-1c4e,2,34,Normal
2026-02-15 08:39:31.229477,Dubai-1c4e,50,93,Normal
2026-02-15 08:39:32.229477,Dubai-1c4e,-8,4,Normal
2026-02-15 08:39:33.229477,Dubai-1c4e,24,25,Normal
2026-02-15 08:39:34.229477,Dubai-1c4e,25,30,Normal
2026-02-15 08:39:35.229477,Dubai-1c4e,-2,98,Normal
2026-02-15 08:39:36.229477,Dubai-1c4e,-29,62,Normal
2026-02-15 08:39:37.229477,Dubai-1c4e,0,20,Normal
2026-02-15 08:39:38.229477,Dubai-1c4e,11,2,Normal
2026-02-15 08:39:39.229477,Dubai-1c4e,3,72,Normal
2026-02-15 08:39:40.229477,Dubai-1c4e,-24,23,Normal
2026-02-15 08:39:41.229477,Dubai-1c4e,-13,60,Normal
2026-02-15 08:39:42.229477,Dubai-1c4e,26,83,Normal
2026-02-15 08:39:43.229477,Dubai-1c4e,-21,53,Normal
2026-02-15 08:39:44.229477,Dubai-1c4e,43,21,Normal
2026-02-15 08:39:45.229477,Dubai-1c4e,-12,30,Normal
2026-02-15 08:39:46.229477,Dubai-1c4e,-29,75,Normal
2026-02-15 08:39:47.229477,Dubai-1c4e,42,70,Normal
2026-02-15 08:39:48.229477,Dubai-1c4e,-25,36,Normal
2026-02-15 08:39:49.229477,Dubai-1c4e,46,54,Normal
2026-02-15 08:39:50.229477,Dubai-1c4e,-22,48,Normal
2026-02-15 08:39:51.229477,Dubai-1c4e,24,73,Normal
2026-02-15 08:39:52.229477,Dubai-1c4e,-5,64,Normal
2026-02-15 08:39:53.229477,Dubai-1c4e,-28,33,Normal
2026-02-15 08:39:54.229477,Dubai-1c4e,29,31,Normal
2026-02-15 08:39:55.229477,Dubai-1c4e,-3,13,Normal
2026-02-15 08:39:56.229477,Dubai-1c4e,19,49,Normal
2026-02-15 08:39:57.229477,Dubai-1c4e,33,4,Normal
2026-02-15 08:39:58.229477,Dubai-1c4e,-1,66,Normal
2026-02-15 08:39:59.229477,Dubai-1c4e,-7,75,Normal
2026-02-15 08:40:00.229477,Dubai-1c4e,-5,77,Normal
2026-02-15 08:40:01.229477,Dubai-1c4e,10,87,Normal
2026-02-15 08:40:02.229477,Dubai-1c4e,-18,33,Normal
2026-02-15 08:40:03.229477,Dubai-1c4e,28,29,Normal
2026-02-15 08:40:04.229477,Dubai-1c4e,14,79,Normal
2026-02-15 08:40:05.229477,Dubai-1c4e,43,69,Normal
2026-02-15 08:40:06.229477,Dubai-1c4e,-23,8,Normal
2026-02-15 08:40:07.229477,Dubai-1c4e,41,86,Normal
2026-02-15 08:40:08.229477,Dubai-1c4e,-4,49,Normal
2026-02-15 08:40:09.229477,Dubai-1c4e,1,80,Normal
2026-02-15 08:40:10.229477,Dubai-1c4e,-13,11,Normal
2026-02-15 08:40:11.229477,Dubai-1c4e,40,9,Normal
2026-02-15 08:40:12.229477,Dubai-1c4e,33,99,Normal
2026-02-15 08:40:13.229477,Dubai-1c4e,20,92,Normal
2026-02-15 08:40:14.229477,Dubai-1c4e,-25,96,Normal
2026-02-15 08:40:15.229477,Dubai-1c4e,-22,76,Normal
2026-02-15 08:40:16.229477,Dubai-1c4e,1,84,Normal
2026-02-15 08:40:17.229477,Dubai-1c4e,-29,59,Normal
2026-02-15 08:40:18.229477,Dubai-1c4e,36,56,Normal
2026-02-15 08:40:19.229477,Dubai-1c4e,19,46,Normal
2026-02-15 08:40:20.229477,Dubai-1c4e,46,32,Normal
2026-02-15 08:40:21.229477,Dubai-1c4e,27,14,Normal
2026-02-15 08:40:22.229477,Dubai-1c4e,-7,87,Normal
2026-02-15 08:40:23.229477,Dubai-1c4e,-11,17,Normal
2026-02-15 08:40:24.229477,Dubai-1c4e,39,83,Normal
2026-02-15 08:40:25.229477,Dubai-1c4e,26,37,Normal
2026-02-15 08:40:26.229477,Dubai-1c4e,0,65,Normal
2026-02-15 08:40:27.229477,Dubai-1c4e,-16,48,Normal
2026-02-15 08:40:28.229477,Dubai-1c4e,26,44,Normal
2026-02-15 08:40:29.229477,Dubai-1c4e,41,97,Normal
2026-02-15 08:40:30.229477,Dubai-1c4e,-28,72,Normal
2026-02-15 08:40:31.229477,Dubai-1c4e,-27,52,Normal
2026-02-15 08:40:32.229477,Dubai-1c4e,-11,49,Normal
2026-02-15 08:40:33.229477,Dubai-1c4e,-29,47,Normal
2026-02-15 08:40:34.229477,Dubai-1c4e,35,47,Normal
2026-02-15 08:40:35.229477,Dubai-1c4e,-16,12,Normal
2026-02-15 08:40:36.229477,Dubai-1c4e,-11,89,Normal
2026-02-15 08:40:37.229477,Dubai-1c4e,-1,97,Normal
2026-02-15 08:40:38.229477,Dubai-1c4e,41,84,Normal
2026-02-15 08:40:39.229477,Dubai-1c4e,28,66,Normal
2026-02-15 08:40:40.229477,Dubai-1c4e,36,28,Normal
2026-02-15 08:40:41.229477,Dubai-1c4e,26,95,Normal
2026-02-15 08:40:42.229477,Dubai-1c4e,-22,34,Normal
2026-02-15 08:40:43.229477,Dubai-1c4e,-13,39,Normal
2026-02-15 08:40:44.229477,Dubai-1c4e,-14,42,Normal
2026-02-15 08:40:45.229477,Dubai-1c4e,13,45,Normal
2026-02-15 08:40:46.229477,Dubai-1c4e,45,51,Normal
2026-02-15 08:40:47.229477,Dubai-1c4e,15,81,Normal
2026-02-15 08:40:48.229477,Dubai-1c4e,-9,43,Normal
2026-02-15 08:40:49.229477,Dubai-1c4e,19,33,Normal
2026-02-15 08:40:50.229477,Dubai-1c4e,23,87,Normal
2026-02-15 08:40:51.229477,Dubai-1c4e,25,37,Normal
2026-02-15 08:40:52.229477,Dubai-1c4e,3,52,Normal
2026-02-15 08:40:53.229477,Dubai-1c4e,-2,42,Normal
2026-02-15 08:40:54.229477,Dubai-1c4e,-10,2,Normal
2026-02-15 08:40:55.229477,Dubai-1c4e,-6,77,Normal
2026-02-15 08:40:56.229477,Dubai-1c4e,36,31,Normal
2026-02-15 08:40:57.229477,Dubai-1c4e,-28,44,Normal
2026-02-15 08:40:58.229477,Dubai-1c4e,33,50,Normal
2026-02-15 08:40:59.229477,Dubai-1c4e,-6,36,Normal
2026-02-15 08:41:00.229477,Dubai-1c4e,25,59,Normal
2026-02-15 08:41:01.229477,Dubai-1c4e,13,39,Normal
2026-02-15 08:41:02.229477,Dubai-1c4e,21,58,Normal
2026-02-15 08:41:03.229477,Dubai-1c4e,-27,87,Normal
2026-02-15 08:41:04.229477,Dubai-1c4e,-24,83,Normal
2026-02-15 08:41:05.229477,Dubai-1c4e,48,70,Normal
2026-02-15 08:41:06.229477,Dubai-1c4e,16,85,Normal
2026-02-15 08:41:07.229477,Dubai-1c4e,-15,36,Normal
2026-02-15 08:41:08.229477,Dubai-1c4e,25,83,Normal
2026-02-15 08:41:09.229477,Dubai-1c4e,38,83,Normal
2026-02-15 08:41:10.229477,Dubai-1c4e,-18,62,Normal
2026-02-15 08:41:11.229477,Dubai-1c4e,-18,68,Normal
2026-02-15 08:41:12.229477,Dubai-1c4e,-5,57,Normal
2026-02-15 08:41:13.229477,Dubai-1c4e,3,71,Normal
2026-02-15 08:41:14.229477,Dubai-1c4e,-10,67,Normal
2026-02-15 08:41:15.229477,Dubai-1c4e,-30,19,Normal
2026-02-15 08:41:16.229477,Dubai-1c4e,7,90,Normal
2026-02-15 08:41:17.229477,Dubai-1c4e,-11,54,Normal
2026-02-15 08:41:18.229477,Dubai-1c4e,22,18,Normal
2026-02-15 08:41:19.229477,Dubai-1c4e,-5,16,Normal
2026-02-15 08:41:20.229477,Dubai-1c4e,5,47,Normal
2026-02-15 08:41:21.229477,Dubai-1c4e,17,72,Normal
2026-02-15 08:41:22.229477,Dubai-1c4e,23,31,Normal
2026-02-15 08:41:23.229477,Dubai-1c4e,-20,74,Normal
2026-02-15 08:41:24.229477,Dubai-1c4e,10,97,Normal
2026-02-15 08:41:25.229477,Dubai-1c4e,25,1,Normal
2026-02-15 08:41:26.229477,Dubai-1c4e,44,6,Normal
2026-02-15 08:41:27.229477,Dubai-1c4e,12,91,Normal
2026-02-15 08:41:28.229477,Dubai-1c4e,31,26,Normal
2026-02-15 08:41:29.229477,Dubai-1c4e,29,13,Normal
2026-02-15 08:41:30.229477,Dubai-1c4e,23,74,Normal
2026-02-15 08:41:31.229477,Dubai-1c4e,13,12,Normal
2026-02-15 08:41:32.229477,Dubai-1c4e,-1,56,Normal
2026-02-15 08:41:33.229477,Dubai-1c4e,13,9,Normal
2026-02-15 08:41:34.229477,Dubai-1c4e,44,70,Normal
2026-02-15 08:41:35.229477,Dubai-1c4e,-6,50,Normal
2026-02-15 08:41:36.229477,Dubai-1c4e,-2,95,Normal
2026-02-15 08:41:37.229477,Dubai-1c4e,29,5,Normal
2026-02-15 08:41:38.229477,Dubai-1c4e,-17,3,Normal
2026-02-15 08:41:39.229477,Dubai-1c4e,4,76,Normal
2026-02-15 08:41:40.229477,Dubai-1c4e,-16,57,Normal
2026-02-15 08:41:41.229477,Dubai-1c4e,26,36,Normal
2026-02-15 08:41:42.229477,Dubai-1c4e,-23,3,Normal
2026-02-15 08:41:43.229477,Dubai-1c4e,13,38,Normal
2026-02-15 08:41:44.229477,Dubai-1c4e,41,46,Normal
2026-02-15 08:41:45.229477,Dubai-1c4e,9,51,Normal
2026-02-15 08:41:46.229477,Dubai-1c4e,13,86,Normal
2026-02-15 08:41:47.229477,Dubai-1c4e,19,100,Normal
2026-02-15 08:41:48.229477,Dubai-1c4e,7,19,Normal
2026-02-15 08:41:49.229477,Dubai-1c4e,-18,60,Normal
2026-02-15 08:41:50.229477,Dubai-1c4e,11,35,Normal
2026-02-15 08:41:51.229477,Dubai-1c4e,-11,74,Normal
2026-02-15 08:41:52.229477,Dubai-1c4e,-22,58,Normal
2026-02-15 08:41:53.229477,Dubai-1c4e,38,46,Normal
2026-02-15 08:41:54.229477,Dubai-1c4e,-27,53,Normal
2026-02-15 08:41:55.229477,Dubai-1c4e,-25,9,Normal
2026-02-15 08:41:56.229477,Dubai-1c4e,33,74,Normal
2026-02-15 08:41:57.229477,Dubai-1c4e,12,37,Normal
2026-02-15 08:41:58.229477,Dubai-1c4e,-6,58,Normal
2026-02-15 08:41:59.229477,Dubai-1c4e,40,54,Normal
2026-02-15 08:42:00.229477,Dubai-1c4e,-5,80,Normal
2026-02-15 08:42:01.229477,Dubai-1c4e,-19,91,Normal
2026-02-15 08:42:02.229477,Dubai-1c4e,2,60,Normal
2026-02-15 08:42:03.229477,Dubai-1c4e,-30,49,Normal
2026-02-15 08:42:04.229477,Dubai-1c4e,37,55,Normal
2026-02-15 08:42:05.229477,Dubai-1c4e,-21,80,Normal
2026-02-15 08:42:06.229477,Dubai-1c4e,-20,37,Normal
2026-02-15 08:42:07.229477,Dubai-1c4e,-5,100,Normal
2026-02-15 08:42:08.229477,Dubai-1c4e,-22,5,Normal
2026-02-15 08:42:09.229477,Dubai-1c4e,37,92,Normal
2026-02-15 08:42:10.229477,Dubai-1c4e,45,99,Normal
2026-02-15 08:42:11.229477,Dubai-1c4e,23,20,Normal
2026-02-15 08:42:12.229477,Dubai-1c4e,33,3,Normal
2026-02-15 08:42:13.229477,Dubai-1c4e,20,10,Normal
2026-02-15 08:42:14.229477,Dubai-1c4e,-11,56,Normal
2026-02-15 08:42:15.229477,Dubai-1c4e,27,28,Normal
2026-02-15 08:42:16.229477,Dubai-1c4e,22,89,Normal
2026-02-15 08:42:17.229477,Dubai-1c4e,-11,88,Normal
2026-02-15 08:42:18.229477,Dubai-1c4e,46,1,Normal
2026-02-15 08:42:19.229477,Dubai-1c4e,-16,6,Normal
2026-02-15 08:42:20.229477,Dubai-1c4e,5,46,Normal
2026-02-15 08:42:21.229477,Dubai-1c4e,48,72,Normal
2026-02-15 08:42:22.229477,Dubai-1c4e,-10,27,Normal
2026-02-15 08:42:23.229477,Dubai-1c4e,-21,87,Normal
2026-02-15 08:42:24.229477,Dubai-1c4e,-17,13,Normal
2026-02-15 08:42:25.229477,Dubai-1c4e,26,77,Normal
2026-02-15 08:42:26.229477,Dubai-1c4e,39,52,Normal
2026-02-15 08:42:27.229477,Dubai-1c4e,-1,52,Normal
2026-02-15 08:42:28.229477,Dubai-1c4e,-18,1,Normal
2026-02-15 08:42:29.229477,Dubai-1c4e,13,81,Normal
2026-02-15 08:42:30.229477,Dubai-1c4e,-11,10,Normal
2026-02-15 08:42:31.229477,Dubai-1c4e,-28,48,Normal
2026-02-15 08:42:32.229477,Dubai-1c4e,-14,19,Normal
2026-02-15 08:42:33.229477,Dubai-1c4e,22,45,Normal
2026-02-15 08:42:34.229477,Dubai-1c4e,24,73,Normal
2026-02-15 08:42:35.229477,Dubai-1c4e,34,66,Normal
2026-02-15 08:42:36.229477,Dubai-1c4e,28,64,Normal
2026-02-15 08:42:37.229477,Dubai-1c4e,46,70,Normal
2026-02-15 08:42:38.229477,Dubai-1c4e,44,80,Normal
2026-02-15 08:42:39.229477,Dubai-1c4e,-25,74,Normal
2026-02-15 08:42:40.229477,Dubai-1c4e,-8,85,Normal
2026-02-15 08:42:41.229477,Dubai-1c4e,35,39,Normal
2026-02-15 08:42:42.229477,Dubai-1c4e,9,31,Normal
2026-02-15 08:42:43.229477,Dubai-1c4e,-3,68,Normal
2026-02-15 08:42:44.229477,Dubai-1c4e,21,81,Normal
2026-02-15 08:42:45.229477,Dubai-1c4e,22,5,Normal
2026-02-15 08:42:46.229477,Dubai-1c4e,-2,56,Normal
2026-02-15 08:42:47.229477,Dubai-1c4e,28,6,Normal
2026-02-15 08:42:48.229477,Dubai-1c4e,43,66,Normal
2026-02-15 08:42:49.229477,Dubai-1c4e,2,82,Normal
2026-02-15 08:42:50.229477,Dubai-1c4e,8,48,Normal
2026-02-15 08:42:51.229477,Dubai-1c4e,36,84,Normal
2026-02-15 08:42:52.229477,Dubai-1c4e,43,66,Normal
2026-02-15 08:42:53.229477,Dubai-1c4e,-12,39,Normal
2026-02-15 08:42:54.229477,Dubai-1c4e,12,18,Normal
2026-02-15 08:42:55.229477,Dubai-1c4e,6,66,Normal
2026-02-15 08:42:56.229477,Dubai-1c4e,25,32,Normal
2026-02-15 08:42:57.229477,Dubai-1c4e,41,49,Normal
2026-02-15 08:42:58.229477,Dubai-1c4e,5,52,Normal
2026-02-15 08:42:59.229477,Dubai-1c4e,-6,39,Normal
2026-02-15 08:43:00.229477,Dubai-1c4e,21,15,Normal
2026-02-15 08:43:01.229477,Dubai-1c4e,-30,8,Normal
2026-02-15 08:43:02.229477,Dubai-1c4e,-1,40,Normal
2026-02-15 08:43:03.229477,Dubai-1c4e,34,51,Normal
2026-02-15 08:43:04.229477,Dubai-1c4e,38,80,Normal
2026-02-15 08:43:05.229477,Dubai-1c4e,0,41,Normal
2026-02-15 08:43:06.229477,Dubai-1c4e,35,26,Normal
2026-02-15 08:43:07.229477,Dubai-1c4e,43,62,Normal
2026-02-15 08:43:08.229477,Dubai-1c4e,-30,20,Normal
2026-02-15 08:43:09.229477,Dubai-1c4e,-24,63,Normal
2026-02-15 08:43:10.229477,Dubai-1c4e,21,70,Normal
2026-02-15 08:43:11.229477,Dubai-1c4e,46,1,Normal
2026-02-15 08:43:12.229477,Dubai-1c4e,-18,62,Normal
2026-02-15 08:43:13.229477,Dubai-1c4e,-29,8,Normal
2026-02-15 08:43:14.229477,Dubai-1c4e,-30,59,Normal
2026-02-15 08:43:15.229477,Dubai-1c4e,-15,73,Normal
2026-02-15 08:43:16.229477,Dubai-1c4e,47,36,Normal
2026-02-15 08:43:17.229477,Dubai-1c4e,37,81,Normal
2026-02-15 08:43:18.229477,Dubai-1c4e,23,83,Normal
2026-02-15 08:43:19.229477,Dubai-1c4e,-1,72,Normal
2026-02-15 08:43:20.229477,Dubai-1c4e,43,19,Normal
2026-02-15 08:43:21.229477,Dubai-1c4e,44,34,Normal
2026-02-15 08:43:22.229477,Dubai-1c4e,-7,54,Normal
2026-02-15 08:43:23.229477,Dubai-1c4e,20,47,Normal
2026-02-15 08:43:24.229477,Dubai-1c4e,30,24,Normal
2026-02-15 08:43:25.229477,Dubai-1c4e,-21,77,Normal
2026-02-15 08:43:26.229477,Dubai-1c4e,-27,19,Normal
2026-02-15 08:43:27.229477,Dubai-1c4e,-17,61,Normal
2026-02-15 08:43:28.229477,Dubai-1c4e,40,93,Normal
2026-02-15 08:43:29.229477,Dubai-1c4e,-13,18,Normal
2026-02-15 08:43:30.229477,Dubai-1c4e,-6,89,Normal
2026-02-15 08:43:31.229477,Dubai-1c4e,2,16,Normal
2026-02-15 08:43:32.229477,Dubai-1c4e,42,88,Normal
2026-02-15 08:43:33.229477,Dubai-1c4e,41,18,Normal
2026-02-15 08:43:34.229477,Dubai-1c4e,-16,26,Normal
2026-02-15 08:43:35.229477,Dubai-1c4e,0,26,Normal
2026-02-15 08:43:36.229477,Dubai-1c4e,4,3,Normal
2026-02-15 08:43:37.229477,Dubai-1c4e,4,73,Normal
2026-02-15 08:43:38.229477,Dubai-1c4e,-3,48,Normal
2026-02-15 08:43:39.229477,Dubai-1c4e,-9,85,Normal
2026-02-15 08:43:40.229477,Dubai-1c4e,-22,20,Normal
2026-02-15 08:43:41.229477,Dubai-1c4e,-9,19,Normal
2026-02-15 08:43:42.229477,Dubai-1c4e,-6,73,Normal
2026-02-15 08:43:43.229477,Dubai-1c4e,-28,68,Normal
2026-02-15 08:43:44.229477,Dubai-1c4e,15,46,Normal
2026-02-15 08:43:45.229477,Dubai-1c4e,-27,15,Normal
2026-02-15 08:43:46.229477,Dubai-1c4e,46,41,Normal
2026-02-15 08:43:47.229477,Dubai-1c4e,41,16,Normal
2026-02-15 08:43:48.229477,Dubai-1c4e,35,21,Normal
2026-02-15 08:43:49.229477,Dubai-1c4e,45,32,Normal
2026-02-15 08:43:50.229477,Dubai-1c4e,42,17,Normal
2026-02-15 08:43:51.229477,Dubai-1c4e,-21,53,Normal
2026-02-15 08:43:52.229477,Dubai-1c4e,44,54,Normal
2026-02-15 08:43:53.229477,Dubai-1c4e,-23,97,Normal
2026-02-15 08:43:54.229477,Dubai-1c4e,40,29,Normal
2026-02-15 08:43:55.229477,Dubai-1c4e,6,87,Normal
2026-02-15 08:43:56.229477,Dubai-1c4e,-12,74,Normal
2026-02-15 08:43:57.229477,Dubai-1c4e,1,66,Normal
2026-02-15 08:43:58.229477,Dubai-1c4e,23,59,Normal
2026-02-15 08:43:59.229477,Dubai-1c4e,49,22,Normal
2026-02-15 08:44:00.229477,Dubai-1c4e,-4,10,Normal
2026-02-15 08:44:01.229477,Dubai-1c4e,17,86,Normal
2026-02-15 08:44:02.229477,Dubai-1c4e,-5,52,Normal
2026-02-15 08:44:03.229477,Dubai-1c4e,-28,13,Normal
2026-02-15 08:44:04.229477,Dubai-1c4e,-25,45,Normal
2026-02-15 08:44:05.229477,Dubai-1c4e,39,77,Normal
2026-02-15 08:44:06.229477,Dubai-1c4e,-3,79,Normal
2026-02-15 08:44:07.229477,Dubai-1c4e,15,57,Normal
2026-02-15 08:44:08.229477,Dubai-1c4e,14,84,Normal
2026-02-15 08:44:09.229477,Dubai-1c4e,17,47,Normal
2026-02-15 08:44:10.229477,Dubai-1c4e,23,72,Normal
2026-02-15 08:44:11.229477,Dubai-1c4e,-23,21,Normal
2026-02-15 08:44:12.229477,Dubai-1c4e,25,52,Normal
2026-02-15 08:44:13.229477,Dubai-1c4e,2,31,Normal
2026-02-15 08:44:14.229477,Dubai-1c4e,-9,52,Normal
2026-02-15 08:44:15.229477,Dubai-1c4e,-13,34,Normal
2026-02-15 08:44:16.229477,Dubai-1c4e,25,53,Normal
2026-02-15 08:44:17.229477,Dubai-1c4e,-19,9,Normal
2026-02-15 08:44:18.229477,Dubai-1c4e,25,35,Normal
2026-02-15 08:44:19.229477,Dubai-1c4e,14,38,Normal
2026-02-15 08:44:20.229477,Dubai-1c4e,36,84,Normal
2026-02-15 08:44:21.229477,Dubai-1c4e,-13,95,Normal
2026-02-15 08:44:22.229477,Dubai-1c4e,-27,74,Normal
2026-02-15 08:44:23.229477,Dubai-1c4e,14,21,Normal
2026-02-15 08:44:24.229477,Dubai-1c4e,44,51,Normal
2026-02-15 08:44:25.229477,Dubai-1c4e,-30,65,Normal
2026-02-15 08:44:26.229477,Dubai-1c4e,-27,46,Normal
2026-02-15 08:44:27.229477,Dubai-1c4e,11,38,Normal
2026-02-15 08:44:28.229477,Dubai-1c4e,20,24,Normal
2026-02-15 08:44:29.229477,Dubai-1c4e,45,13,Normal
2026-02-15 08:44:30.229477,Dubai-1c4e,-13,63,Normal
2026-02-15 08:44:31.229477,Dubai-1c4e,5,64,Normal
2026-02-15 08:44:32.229477,Dubai-1c4e,-9,10,Normal
2026-02-15 08:44:33.229477,Dubai-1c4e,34,39,Normal
2026-02-15 08:44:34.229477,Dubai-1c4e,16,47,Normal
2026-02-15 08:44:35.229477,Dubai-1c4e,9,94,Normal
2026-02-15 08:44:36.229477,Dubai-1c4e,25,52,Normal
2026-02-15 08:44:37.229477,Dubai-1c4e,32,56,Normal
2026-02-15 08:44:38.229477,Dubai-1c4e,3,27,Normal
2026-02-15 08:44:39.229477,Dubai-1c4e,-19,64,Normal
2026-02-15 08:44:40.229477,Dubai-1c4e,1,60,Normal
2026-02-15 08:44:41.229477,Dubai-1c4e,31,60,Normal
2026-02-15 08:44:42.229477,Dubai-1c4e,32,68,Normal
2026-02-15 08:44:43.229477,Dubai-1c4e,35,35,Normal
2026-02-15 08:44:44.229477,Dubai-1c4e,36,64,Normal
2026-02-15 08:44:45.229477,Dubai-1c4e,17,60,Normal
2026-02-15 08:44:46.229477,Dubai-1c4e,32,3,Normal
2026-02-15 08:44:47.229477,Dubai-1c4e,23,4,Normal
2026-02-15 08:44:48.229477,Dubai-1c4e,-13,9,Normal
2026-02-15 08:44:49.229477,Dubai-1c4e,33,15,Normal
2026-02-15 08:44:50.229477,Dubai-1c4e,-1,20,Normal
2026-02-15 08:44:51.229477,Dubai-1c4e,15,78,Normal
2026-02-15 08:44:52.229477,Dubai-1c4e,-19,14,Normal
2026-02-15 08:44:53.229477,Dubai-1c4e,35,31,Normal
2026-02-15 08:44:54.229477,Dubai-1c4e,5,31,Normal
2026-02-15 08:44:55.229477,Dubai-1c4e,-25,74,Normal
2026-02-15 08:44:56.229477,Dubai-1c4e,-11,56,Normal
2026-02-15 08:44:57.229477,Dubai-1c4e,39,52,Normal
2026-02-15 08:44:58.229477,Dubai-1c4e,-22,64,Normal
2026-02-15 08:44:59.229477,Dubai-1c4e,19,65,Normal
2026-02-15 08:45:00.229477,Dubai-1c4e,38,40,Normal
2026-02-15 08:45:01.229477,Dubai-1c4e,3,37,Normal
2026-02-15 08:45:02.229477,Dubai-1c4e,49,49,Normal
2026-02-15 08:45:03.229477,Dubai-1c4e,22,7,Normal
2026-02-15 08:45:04.229477,Dubai-1c4e,28,37,Normal
2026-02-15 08:45:05.229477,Dubai-1c4e,-23,9,Normal
2026-02-15 08:45:06.229477,Dubai-1c4e,-6,8,Normal
2026-02-15 08:45:07.229477,Dubai-1c4e,10,69,Normal
2026-02-15 08:45:08.229477,Dubai-1c4e,38,36,Normal
2026-02-15 08:45:09.229477,Dubai-1c4e,-18,90,Normal
2026-02-15 08:45:10.229477,Dubai-1c4e,7,63,Normal
2026-02-15 08:45:11.229477,Dubai-1c4e,25,14,Normal
2026-02-15 08:45:12.229477,Dubai-1c4e,50,15,Normal
2026-02-15 08:45:13.229477,Dubai-1c4e,-28,95,Normal
2026-02-15 08:45:14.229477,Dubai-1c4e,0,63,Normal
2026-02-15 08:45:15.229477,Dubai-1c4e,4,51,Normal
2026-02-15 08:45:16.229477,Dubai-1c4e,16,96,Normal
2026-02-15 08:45:17.229477,Dubai-1c4e,12,100,Normal
2026-02-15 08:45:18.229477,Dubai-1c4e,0,35,Normal
2026-02-15 08:45:19.229477,Dubai-1c4e,-19,89,Normal
2026-02-15 08:45:20.229477,Dubai-1c4e,10,7,Normal
2026-02-15 08:45:21.229477,Dubai-1c4e,-17,55,Normal
2026-02-15 08:45:22.229477,Dubai-1c4e,3,30,Normal
2026-02-15 08:45:23.229477,Dubai-1c4e,10,31,Normal
2026-02-15 08:45:24.229477,Dubai-1c4e,11,23,Normal
2026-02-15 08:45:25.229477,Dubai-1c4e,30,28,Normal
2026-02-15 08:45:26.229477,Dubai-1c4e,36,86,Normal
2026-02-15 08:45:27.229477,Dubai-1c4e,-20,55,Normal
2026-02-15 08:45:28.229477,Dubai-1c4e,1,32,Normal
2026-02-15 08:45:29.229477,Dubai-1c4e,-13,61,Normal
2026-02-15 08:45:30.229477,Dubai-1c4e,-21,87,Normal
2026-02-15 08:45:31.229477,Dubai-1c4e,-19,99,Normal
2026-02-15 08:45:32.229477,Dubai-1c4e,47,6,Normal
2026-02-15 08:45:33.229477,Dubai-1c4e,6,50,Normal
2026-02-15 08:45:34.229477,Dubai-1c4e,38,32,Normal
2026-02-15 08:45:35.229477,Dubai-1c4e,36,87,Normal
2026-02-15 08:45:36.229477,Dubai-1c4e,3,28,Normal
2026-02-15 08:45:37.229477,Dubai-1c4e,34,61,Normal
2026-02-15 08:45:38.229477,Dubai-1c4e,13,88,Normal
2026-02-15 08:45:39.229477,Dubai-1c4e,-1,43,Normal
2026-02-15 08:45:40.229477,Dubai-1c4e,40,68,Normal
2026-02-15 08:45:41.229477,Dubai-1c4e,26,57,Normal
2026-02-15 08:45:42.229477,Dubai-1c4e,35,8,Normal
2026-02-15 08:45:43.229477,Dubai-1c4e,-14,30,Normal
2026-02-15 08:45:44.229477,Dubai-1c4e,-26,53,Normal
2026-02-15 08:45:45.229477,Dubai-1c4e,5,30,Normal
2026-02-15 08:45:46.229477,Dubai-1c4e,39,23,Normal
2026-02-15 08:45:47.229477,Dubai-1c4e,-8,13,Normal
2026-02-15 08:45:48.229477,Dubai-1c4e,9,38,Normal
2026-02-15 08:45:49.229477,Dubai-1c4e,6,50,Normal
2026-02-15 08:45:50.229477,Dubai-1c4e,30,37,Normal
2026-02-15 08:45:51.229477,Dubai-1c4e,4,94,Normal
2026-02-15 08:45:52.229477,Dubai-1c4e,47,45,Normal
2026-02-15 08:45:53.229477,Dubai-1c4e,-14,6,Normal
2026-02-15 08:45:54.229477,Dubai-1c4e,50,31,Normal
2026-02-15 08:45:55.229477,Dubai-1c4e,-12,45,Normal
2026-02-15 08:45:56.229477,Dubai-1c4e,-6,62,Normal
2026-02-15 08:45:57.229477,Dubai-1c4e,17,5,Normal
2026-02-15 08:45:58.229477,Dubai-1c4e,-9,92,Normal
2026-02-15 08:45:59.229477,Dubai-1c4e,6,21,Normal
2026-02-15 08:46:00.229477,Dubai-1c4e,-20,97,Normal
2026-02-15 08:46:01.229477,Dubai-1c4e,8,20,Normal
2026-02-15 08:46:02.229477,Dubai-1c4e,0,5,Normal
2026-02-15 08:46:03.229477,Dubai-1c4e,38,95,Normal
2026-02-15 08:46:04.229477,Dubai-1c4e,-6,56,Normal
2026-02-15 08:46:05.229477,Dubai-1c4e,-4,91,Normal
2026-02-15 08:46:06.229477,Dubai-1c4e,-8,77,Normal
2026-02-15 08:46:07.229477,Dubai-1c4e,-11,10,Normal
2026-02-15 08:46:08.229477,Dubai-1c4e,38,11,Normal
2026-02-15 08:46:09.229477,Dubai-1c4e,-17,53,Normal
2026-02-15 08:46:10.229477,Dubai-1c4e,33,27,Normal
2026-02-15 08:46:11.229477,Dubai-1c4e,42,44,Normal
2026-02-15 08:46:12.229477,Dubai-1c4e,5,45,Normal
2026-02-15 08:46:13.229477,Dubai-1c4e,41,77,Normal
2026-02-15 08:46:14.229477,Dubai-1c4e,21,42,Normal
2026-02-15 08:46:15.229477,Dubai-1c4e,-13,94,Normal
2026-02-15 08:46:16.229477,Dubai-1c4e,-8,44,Normal
2026-02-15 08:46:17.229477,Dubai-1c4e,39,9,Normal
2026-02-15 08:46:18.229477,Dubai-1c4e,26,58,Normal
2026-02-15 08:46:19.229477,Dubai-1c4e,35,14,Normal
2026-02-15 08:46:20.229477,Dubai-1c4e,27,53,Normal
2026-02-15 08:46:21.229477,Dubai-1c4e,13,63,Normal
2026-02-15 08:46:22.229477,Dubai-1c4e,18,9,Normal
2026-02-15 08:46:23.229477,Dubai-1c4e,33,11,Normal
2026-02-15 08:46:24.229477,Dubai-1c4e,19,98,Normal
2026-02-15 08:46:25.229477,Dubai-1c4e,-24,32,Normal
2026-02-15 08:46:26.229477,Dubai-1c4e,-11,35,Normal
2026-02-15 08:46:27.229477,Dubai-1c4e,19,36,Normal
2026-02-15 08:46:28.229477,Dubai-1c4e,-1,86,Normal
2026-02-15 08:46:29.229477,Dubai-1c4e,24,79,Normal
2026-02-15 08:46:30.229477,Dubai-1c4e,18,64,Normal
2026-02-15 08:46:31.229477,Dubai-1c4e,-8,97,Normal
2026-02-15 08:46:32.229477,Dubai-1c4e,6,32,Normal
2026-02-15 08:46:33.229477,Dubai-1c4e,-23,68,Normal
2026-02-15 08:46:34.229477,Dubai-1c4e,37,71,Normal
2026-02-15 08:46:35.229477,Dubai-1c4e,44,33,Normal
2026-02-15 08:46:36.229477,Dubai-1c4e,-22,84,Normal
2026-02-15 08:46:37.229477,Dubai-1c4e,30,78,Normal
2026-02-15 08:46:38.229477,Dubai-1c4e,15,75,Normal
2026-02-15 08:46:39.229477,Dubai-1c4e,-21,25,Normal
2026-02-15 08:46:40.229477,Dubai-1c4e,28,72,Normal
2026-02-15 08:46:41.229477,Dubai-1c4e,-29,97,Normal
2026-02-15 08:46:42.229477,Dubai-1c4e,32,99,Normal
2026-02-15 08:46:43.229477,Dubai-1c4e,-11,27,Normal
2026-02-15 08:46:44.229477,Dubai-1c4e,-29,4,Normal
2026-02-15 08:46:45.229477,Dubai-1c4e,-6,42,Normal
2026-02-15 08:46:46.229477,Dubai-1c4e,42,38,Normal
2026-02-15 08:46:47.229477,Dubai-1c4e,22,32,Normal
2026-02-15 08:46:48.229477,Dubai-1c4e,-20,27,Normal
2026-02-15 08:46:49.229477,Dubai-1c4e,-30,59,Normal
2026-02-15 08:46:50.229477,Dubai-1c4e,18,14,Normal
2026-02-15 08:46:51.229477,Dubai-1c4e,16,14,Normal
2026-02-15 08:46:52.229477,Dubai-1c4e,-30,64,Normal
2026-02-15 08:46:53.229477,Dubai-1c4e,27,55,Normal
2026-02-15 08:46:54.229477,Dubai-1c4e,20,43,Normal
2026-02-15 08:46:55.229477,Dubai-1c4e,-24,11,Normal
2026-02-15 08:46:56.229477,Dubai-1c4e,-24,6,Normal
2026-02-15 08:46:57.229477,Dubai-1c4e,4,8,Normal
2026-02-15 08:46:58.229477,Dubai-1c4e,-10,82,Normal
2026-02-15 08:46:59.229477,Dubai-1c4e,26,1,Normal
2026-02-15 08:47:00.229477,Dubai-1c4e,-28,4,Normal
2026-02-15 08:47:01.229477,Dubai-1c4e,34,19,Normal
2026-02-15 08:47:02.229477,Dubai-1c4e,33,5,Normal
2026-02-15 08:47:03.229477,Dubai-1c4e,40,64,Normal
2026-02-15 08:47:04.229477,Dubai-1c4e,25,72,Normal
2026-02-15 08:47:05.229477,Dubai-1c4e,-10,42,Normal
2026-02-15 08:47:06.229477,Dubai-1c4e,40,74,Normal
2026-02-15 08:47:07.229477,Dubai-1c4e,48,94,Normal
2026-02-15 08:47:08.229477,Dubai-1c4e,-19,49,Normal
2026-02-15 08:47:09.229477,Dubai-1c4e,27,44,Normal
2026-02-15 08:47:10.229477,Dubai-1c4e,47,41,Normal
2026-02-15 08:47:11.229477,Dubai-1c4e,-17,0,Normal
2026-02-15 08:47:12.229477,Dubai-1c4e,7,62,Normal
2026-02-15 08:47:13.229477,Dubai-1c4e,-18,92,Normal
2026-02-15 08:47:14.229477,Dubai-1c4e,42,71,Normal
2026-02-15 08:47:15.229477,Dubai-1c4e,-6,3,Normal
2026-02-15 08:47:16.229477,Dubai-1c4e,-24,97,Normal
2026-02-15 08:47:17.229477,Dubai-1c4e,16,18,Normal
2026-02-15 08:47:18.229477,Dubai-1c4e,9,71,Normal
2026-02-15 08:47:19.229477,Dubai-1c4e,-3,11,Normal
2026-02-15 08:47:20.229477,Dubai-1c4e,-10,17,Normal
2026-02-15 08:47:21.229477,Dubai-1c4e,32,78,Normal
2026-02-15 08:47:22.229477,Dubai-1c4e,13,24,Normal
2026-02-15 08:47:23.229477,Dubai-1c4e,22,83,Normal
2026-02-15 08:47:24.229477,Dubai-1c4e,-11,59,Normal
2026-02-15 08:47:25.229477,Dubai-1c4e,-12,14,Normal
2026-02-15 08:47:26.229477,Dubai-1c4e,11,7,Normal
2026-02-15 08:47:27.229477,Dubai-1c4e,27,33,Normal
2026-02-15 08:47:28.229477,Dubai-1c4e,-13,14,Normal
2026-02-15 08:47:29.229477,Dubai-1c4e,-24,14,Normal
2026-02-15 08:47:30.229477,Dubai-1c4e,22,17,Normal
2026-02-15 08:47:31.229477,Dubai-1c4e,28,99,Normal
2026-02-15 08:47:32.229477,Dubai-1c4e,-4,89,Normal
2026-02-15 08:47:33.229477,Dubai-1c4e,-1,9,Normal
2026-02-15 08:47:34.229477,Dubai-1c4e,15,57,Normal
2026-02-15 08:47:35.229477,Dubai-1c4e,-10,0,Normal
2026-02-15 08:47:36.229477,Dubai-1c4e,47,57,Normal
2026-02-15 08:47:37.229477,Dubai-1c4e,16,14,Normal
2026-02-15 08:47:38.229477,Dubai-1c4e,45,17,Normal
2026-02-15 08:47:39.229477,Dubai-1c4e,-15,29,Normal
2026-02-15 08:47:40.229477,Dubai-1c4e,38,58,Normal
2026-02-15 08:47:41.229477,Dubai-1c4e,-1,55,Normal
2026-02-15 08:47:42.229477,Dubai-1c4e,25,33,Normal
2026-02-15 08:47:43.229477,Dubai-1c4e,1,17,Normal
2026-02-15 08:47:44.229477,Dubai-1c4e,29,21,Normal
2026-02-15 08:47:45.229477,Dubai-1c4e,43,94,Normal
2026-02-15 08:47:46.229477,Dubai-1c4e,-22,58,Normal
2026-02-15 08:47:47.229477,Dubai-1c4e,7,70,Normal
2026-02-15 08:47:48.229477,Dubai-1c4e,-2,37,Normal
2026-02-15 08:47:49.229477,Dubai-1c4e,-23,25,Normal
2026-02-15 08:47:50.229477,Dubai-1c4e,37,28,Normal
2026-02-15 08:47:51.229477,Dubai-1c4e,45,40,Normal
2026-02-15 08:47:52.229477,Dubai-1c4e,12,48,Normal
2026-02-15 08:47:53.229477,Dubai-1c4e,47,92,Normal
2026-02-15 08:47:54.229477,Dubai-1c4e,21,99,Normal
2026-02-15 08:47:55.229477,Dubai-1c4e,39,29,Normal
2026-02-15 08:47:56.229477,Dubai-1c4e,36,67,Normal
2026-02-15 08:47:57.229477,Dubai-1c4e,42,29,Normal
2026-02-15 08:47:58.229477,Dubai-1c4e,36,65,Normal
2026-02-15 08:47:59.229477,Dubai-1c4e,2,92,Normal
2026-02-15 08:48:00.229477,Dubai-1c4e,45,29,Normal
2026-02-15 08:48:01.229477,Dubai-1c4e,27,31,Normal
2026-02-15 08:48:02.229477,Dubai-1c4e,31,40,Normal
2026-02-15 08:48:03.229477,Dubai-1c4e,-28,7,Normal
2026-02-15 08:48:04.229477,Dubai-1c4e,-19,34,Normal
2026-02-15 08:48:05.229477,Dubai-1c4e,25,28,Normal
2026-02-15 08:48:06.229477,Dubai-1c4e,49,57,Normal
2026-02-15 08:48:07.229477,Dubai-1c4e,-4,12,Normal
2026-02-15 08:48:08.229477,Dubai-1c4e,44,69,Normal
2026-02-15 08:48:09.229477,Dubai-1c4e,33,21,Normal
2026-02-15 08:48:10.229477,Dubai-1c4e,48,43,Normal
2026-02-15 08:48:11.229477,Dubai-1c4e,30,43,Normal
2026-02-15 08:48:12.229477,Dubai-1c4e,42,0,Normal
2026-02-15 08:48:13.229477,Dubai-1c4e,-10,6,Normal
2026-02-15 08:48:14.229477,Dubai-1c4e,-22,67,Normal
2026-02-15 08:48:15.229477,Dubai-1c4e,-27,60,Normal
2026-02-15 08:48:16.229477,Dubai-1c4e,13,40,Normal
2026-02-15 08:48:17.229477,Dubai-1c4e,-3,83,Normal
2026-02-15 08:48:18.229477,Dubai-1c4e,32,1,Normal
2026-02-15 08:48:19.229477,Dubai-1c4e,-24,41,Normal
2026-02-15 08:48:20.229477,Dubai-1c4e,27,64,Normal
2026-02-15 08:48:21.229477,Dubai-1c4e,50,20,Normal
2026-02-15 08:48:22.229477,Dubai-1c4e,8,37,Normal
2026-02-15 08:48:23.229477,Dubai-1c4e,21,8,Normal
2026-02-15 08:48:24.229477,Dubai-1c4e,-24,95,Normal
2026-02-15 08:48:25.229477,Dubai-1c4e,1,39,Normal
2026-02-15 08:48:26.229477,Dubai-1c4e,35,89,Normal
2026-02-15 08:48:27.229477,Dubai-1c4e,9,94,Normal
2026-02-15 08:48:28.229477,Dubai-1c4e,-14,61,Normal
2026-02-15 08:48:29.229477,Dubai-1c4e,4,85,Normal
2026-02-15 08:48:30.229477,Dubai-1c4e,16,31,Normal
2026-02-15 08:48:31.229477,Dubai-1c4e,10,55,Normal
2026-02-15 08:48:32.229477,Dubai-1c4e,40,66,Normal
2026-02-15 08:48:33.229477,Dubai-1c4e,-2,48,Normal
2026-02-15 08:48:34.229477,Dubai-1c4e,-22,72,Normal
2026-02-15 08:48:35.229477,Dubai-1c4e,45,49,Normal
2026-02-15 08:48:36.229477,Dubai-1c4e,11,46,Normal
2026-02-15 08:48:37.229477,Dubai-1c4e,-2,94,Normal
2026-02-15 08:48:38.229477,Dubai-1c4e,15,100,Normal
2026-02-15 08:48:39.229477,Dubai-1c4e,1,4,Normal
2026-02-15 08:48:40.229477,Dubai-1c4e,-5,80,Normal
2026-02-15 08:48:41.229477,Dubai-1c4e,-13,66,Normal
2026-02-15 08:48:42.229477,Dubai-1c4e,7,82,Normal
2026-02-15 08:48:43.229477,Dubai-1c4e,6,25,Normal
2026-02-15 08:48:44.229477,Dubai-1c4e,42,6,Normal
2026-02-15 08:48:45.229477,Dubai-1c4e,47,97,Normal
2026-02-15 08:48:46.229477,Dubai-1c4e,-29,18,Normal
2026-02-15 08:48:47.229477,Dubai-1c4e,7,23,Normal
2026-02-15 08:48:48.229477,Dubai-1c4e,-1,82,Normal
2026-02-15 08:48:49.229477,Dubai-1c4e,-21,34,Normal
2026-02-15 08:48:50.229477,Dubai-1c4e,39,77,Normal
2026-02-15 08:48:51.229477,Dubai-1c4e,-8,24,Normal
2026-02-15 08:48:52.229477,Dubai-1c4e,43,75,Normal
2026-02-15 08:48:53.229477,Dubai-1c4e,-29,47,Normal
2026-02-15 08:48:54.229477,Dubai-1c4e,-25,46,Normal
2026-02-15 08:48:55.229477,Dubai-1c4e,-27,27,Normal
2026-02-15 08:48:56.229477,Dubai-1c4e,41,55,Normal
2026-02-15 08:48:57.229477,Dubai-1c4e,34,65,Normal
2026-02-15 08:48:58.229477,Dubai-1c4e,-5,42,Normal
2026-02-15 08:48:59.229477,Dubai-1c4e,-14,64,Normal
2026-02-15 08:49:00.229477,Dubai-1c4e,28,51,Normal
2026-02-15 08:49:01.229477,Dubai-1c4e,4,35,Normal
2026-02-15 08:49:02.229477,Dubai-1c4e,-18,18,Normal
2026-02-15 08:49:03.229477,Dubai-1c4e,22,53,Normal
2026-02-15 08:49:04.229477,Dubai-1c4e,27,0,Normal
2026-02-15 08:49:05.229477,Dubai-1c4e,-23,78,Normal
2026-02-15 08:49:06.229477,Dubai-1c4e,-29,41,Normal
2026-02-15 08:49:07.229477,Dubai-1c4e,30,37,Normal
2026-02-15 08:49:08.229477,Dubai-1c4e,-21,16,Normal
2026-02-15 08:49:09.229477,Dubai-1c4e,28,96,Normal
2026-02-15 08:49:10.229477,Dubai-1c4e,43,8,Normal
2026-02-15 08:49:11.229477,Dubai-1c4e,19,32,Normal
2026-02-15 08:49:12.229477,Dubai-1c4e,-20,61,Normal
2026-02-15 08:49:13.229477,Dubai-1c4e,-8,33,Normal
2026-02-15 08:49:14.229477,Dubai-1c4e,-11,9,Normal
2026-02-15 08:49:15.229477,Dubai-1c4e,-30,21,Normal
2026-02-15 08:49:16.229477,Dubai-1c4e,40,85,Normal
2026-02-15 08:49:17.229477,Dubai-1c4e,-30,26,Normal
2026-02-15 08:49:18.229477,Dubai-1c4e,-24,89,Normal
2026-02-15 08:49:19.229477,Dubai-1c4e,11,4,Normal
2026-02-15 08:49:20.229477,Dubai-1c4e,38,26,Normal
2026-02-15 08:49:21.229477,Dubai-1c4e,30,27,Normal
2026-02-15 08:49:22.229477,Dubai-1c4e,15,25,Normal
2026-02-15 08:49:23.229477,Dubai-1c4e,-8,6,Normal
2026-02-15 08:49:24.229477,Dubai-1c4e,-27,8,Normal
2026-02-15 08:49:25.229477,Dubai-1c4e,33,79,Normal
2026-02-15 08:49:26.229477,Dubai-1c4e,-23,72,Normal
2026-02-15 08:49:27.229477,Dubai-1c4e,40,86,Normal
2026-02-15 08:49:28.229477,Dubai-1c4e,-9,29,Normal
2026-02-15 08:49:29.229477,Dubai-1c4e,-18,64,Normal
2026-02-15 08:49:30.229477,Dubai-1c4e,-8,36,Normal
2026-02-15 08:49:31.229477,Dubai-1c4e,-21,61,Normal
2026-02-15 08:49:32.229477,Dubai-1c4e,-26,10,Normal
2026-02-15 08:49:33.229477,Dubai-1c4e,-28,87,Normal
2026-02-15 08:49:34.229477,Dubai-1c4e,-9,8,Normal
2026-02-15 08:49:35.229477,Dubai-1c4e,12,20,Normal
2026-02-15 08:49:36.229477,Dubai-1c4e,47,38,Normal
2026-02-15 08:49:37.229477,Dubai-1c4e,31,16,Normal
2026-02-15 08:49:38.229477,Dubai-1c4e,39,86,Normal
2026-02-15 08:49:39.229477,Dubai-1c4e,-8,91,Normal
2026-02-15 08:49:40.229477,Dubai-1c4e,33,94,Normal
2026-02-15 08:49:41.229477,Dubai-1c4e,0,30,Normal
2026-02-15 08:49:42.229477,Dubai-1c4e,-8,37,Normal
2026-02-15 08:49:43.229477,Dubai-1c4e,20,77,Normal
2026-02-15 08:49:44.229477,Dubai-1c4e,23,7,Normal
2026-02-15 08:49:45.229477,Dubai-1c4e,-30,5,Normal
2026-02-15 08:49:46.229477,Dubai-1c4e,29,87,Normal
2026-02-15 08:49:47.229477,Dubai-1c4e,27,100,Normal
2026-02-15 08:49:48.229477,Dubai-1c4e,-9,41,Normal
2026-02-15 08:49:49.229477,Dubai-1c4e,-14,16,Normal
2026-02-15 08:49:50.229477,Dubai-1c4e,41,45,Normal
2026-02-15 08:49:51.229477,Dubai-1c4e,15,31,Normal
2026-02-15 08:49:52.229477,Dubai-1c4e,38,43,Normal
2026-02-15 08:49:53.229477,Dubai-1c4e,-16,91,Normal
2026-02-15 08:49:54.229477,Dubai-1c4e,-21,31,Normal
2026-02-15 08:49:55.229477,Dubai-1c4e,-15,70,Normal
2026-02-15 08:49:56.229477,Dubai-1c4e,-28,62,Normal
2026-02-15 08:49:57.229477,Dubai-1c4e,2,60,Normal
2026-02-15 08:49:58.229477,Dubai-1c4e,13,83,Normal
2026-02-15 08:49:59.229477,Dubai-1c4e,1,46,Normal
2026-02-15 08:50:00.229477,Dubai-1c4e,39,45,Normal
2026-02-15 08:50:01.229477,Dubai-1c4e,-13,15,Normal
2026-02-15 08:50:02.229477,Dubai-1c4e,43,31,Normal
2026-02-15 08:50:03.229477,Dubai-1c4e,-13,99,Normal
2026-02-15 08:50:04.229477,Dubai-1c4e,-9,77,Normal
2026-02-15 08:50:05.229477,Dubai-1c4e,-15,23,Normal
2026-02-15 08:50:06.229477,Dubai-1c4e,37,14,Normal
2026-02-15 08:50:07.229477,Dubai-1c4e,42,55,Normal
2026-02-15 08:50:08.229477,Dubai-1c4e,8,71,Normal
2026-02-15 08:50:09.229477,Dubai-1c4e,22,3,Normal
2026-02-15 08:50:10.229477,Dubai-1c4e,-23,48,Normal
2026-02-15 08:50:11.229477,Dubai-1c4e,43,46,Normal
2026-02-15 08:50:12.229477,Dubai-1c4e,10,2,Normal
2026-02-15 08:50:13.229477,Dubai-1c4e,29,47,Normal
2026-02-15 08:50:14.229477,Dubai-1c4e,31,3,Normal
2026-02-15 08:50:15.229477,Dubai-1c4e,22,3,Normal
2026-02-15 08:50:16.229477,Dubai-1c4e,-5,23,Normal
2026-02-15 08:50:17.229477,Dubai-1c4e,-12,45,Normal
2026-02-15 08:50:18.229477,Dubai-1c4e,10,40,Normal
2026-02-15 08:50:19.229477,Dubai-1c4e,31,38,Normal
2026-02-15 08:50:20.229477,Dubai-1c4e,18,31,Normal
2026-02-15 08:50:21.229477,Dubai-1c4e,16,22,Normal
2026-02-15 08:50:22.229477,Dubai-1c4e,42,17,Normal
2026-02-15 08:50:23.229477,Dubai-1c4e,-20,49,Normal
2026-02-15 08:50:24.229477,Dubai-1c4e,14,76,Normal
2026-02-15 08:50:25.229477,Dubai-1c4e,-16,67,Normal
2026-02-15 08:50:26.229477,Dubai-1c4e,-3,62,Normal
2026-02-15 08:50:27.229477,Dubai-1c4e,10,30,Normal
2026-02-15 08:50:28.229477,Dubai-1c4e,-29,100,Normal
2026-02-15 08:50:29.229477,Dubai-1c4e,-23,53,Normal
2026-02-15 08:50:30.229477,Dubai-1c4e,-15,54,Normal
2026-02-15 08:50:31.229477,Dubai-1c4e,14,62,Normal
2026-02-15 08:50:32.229477,Dubai-1c4e,0,16,Normal
2026-02-15 08:50:33.229477,Dubai-1c4e,27,5,Normal
2026-02-15 08:50:34.229477,Dubai-1c4e,18,79,Normal
2026-02-15 08:50:35.229477,Dubai-1c4e,18,71,Normal
2026-02-15 08:50:36.229477,Dubai-1c4e,-5,93,Normal
2026-02-15 08:50:37.229477,Dubai-1c4e,48,11,Normal
2026-02-15 08:50:38.229477,Dubai-1c4e,37,84,Normal
2026-02-15 08:50:39.229477,Dubai-1c4e,14,80,Normal
2026-02-15 08:50:40.229477,Dubai-1c4e,-12,27,Normal
2026-02-15 08:50:41.229477,Dubai-1c4e,18,57,Normal
2026-02-15 08:50:42.229477,Dubai-1c4e,50,77,Normal
2026-02-15 08:50:43.229477,Dubai-1c4e,35,21,Normal
2026-02-15 08:50:44.229477,Dubai-1c4e,10,14,Normal
2026-02-15 08:50:45.229477,Dubai-1c4e,17,17,Normal
2026-02-15 08:50:46.229477,Dubai-1c4e,9,1,Normal
2026-02-15 08:50:47.229477,Dubai-1c4e,6,77,Normal
2026-02-15 08:50:48.229477,Dubai-1c4e,12,86,Normal
2026-02-15 08:50:49.229477,Dubai-1c4e,46,5,Normal
2026-02-15 08:50:50.229477,Dubai-1c4e,1,83,Normal
2026-02-15 08:50:51.229477,Dubai-1c4e,18,13,Normal
2026-02-15 08:50:52.229477,Dubai-1c4e,44,21,Normal
2026-02-15 08:50:53.229477,Dubai-1c4e,-14,20,Normal
2026-02-15 08:50:54.229477,Dubai-1c4e,37,77,Normal
2026-02-15 08:50:55.229477,Dubai-1c4e,7,93,Normal
2026-02-15 08:50:56.229477,Dubai-1c4e,0,12,Normal
2026-02-15 08:50:57.229477,Dubai-1c4e,13,73,Normal
2026-02-15 08:50:58.229477,Dubai-1c4e,45,83,Normal
2026-02-15 08:50:59.229477,Dubai-1c4e,38,20,Normal
2026-02-15 08:51:00.229477,Dubai-1c4e,0,52,Normal
2026-02-15 08:51:01.229477,Dubai-1c4e,5,25,Normal
2026-02-15 08:51:02.229477,Dubai-1c4e,28,44,Normal
2026-02-15 08:51:03.229477,Dubai-1c4e,-12,0,Normal
2026-02-15 08:51:04.229477,Dubai-1c4e,-28,99,Normal
2026-02-15 08:51:05.229477,Dubai-1c4e,31,12,Normal
2026-02-15 08:51:06.229477,Dubai-1c4e,11,69,Normal
2026-02-15 08:51:07.229477,Dubai-1c4e,39,32,Normal
2026-02-15 08:51:08.229477,Dubai-1c4e,11,74,Normal
2026-02-15 08:51:09.229477,Dubai-1c4e,28,77,Normal
2026-02-15 08:51:10.229477,Dubai-1c4e,-24,86,Normal
2026-02-15 08:51:11.229477,Dubai-1c4e,8,11,Normal
2026-02-15 08:51:12.229477,Dubai-1c4e,9,47,Normal
2026-02-15 08:51:13.229477,Dubai-1c4e,-25,89,Normal
2026-02-15 08:51:14.229477,Dubai-1c4e,3,58,Normal
2026-02-15 08:51:15.229477,Dubai-1c4e,-30,2,Normal
2026-02-15 08:51:16.229477,Dubai-1c4e,-9,19,Normal
2026-02-15 08:51:17.229477,Dubai-1c4e,50,45,Normal
2026-02-15 08:51:18.229477,Dubai-1c4e,-8,85,Normal
2026-02-15 08:51:19.229477,Dubai-1c4e,3,80,Normal
2026-02-15 08:51:20.229477,Dubai-1c4e,45,45,Normal
2026-02-15 08:51:21.229477,Dubai-1c4e,10,42,Normal
2026-02-15 08:51:22.229477,Dubai-1c4e,27,79,Normal
2026-02-15 08:51:23.229477,Dubai-1c4e,-18,33,Normal
2026-02-15 08:51:24.229477,Dubai-1c4e,38,48,Normal
2026-02-15 08:51:25.229477,Dubai-1c4e,-30,64,Normal
2026-02-15 08:51:26.229477,Dubai-1c4e,-9,77,Normal
2026-02-15 08:51:27.229477,Dubai-1c4e,5,1,Normal
2026-02-15 08:51:28.229477,Dubai-1c4e,25,8,Normal
2026-02-15 08:51:29.229477,Dubai-1c4e,24,18,Normal
2026-02-15 08:51:30.229477,Dubai-1c4e,45,33,Normal
2026-02-15 08:51:31.229477,Dubai-1c4e,32,52,Normal
2026-02-15 08:51:32.229477,Dubai-1c4e,-6,28,Normal
2026-02-15 08:51:33.229477,Dubai-1c4e,18,50,Normal
2026-02-15 08:51:34.229477,Dubai-1c4e,-21,38,Normal
2026-02-15 08:51:35.229477,Dubai-1c4e,24,95,Normal
2026-02-15 08:51:36.229477,Dubai-1c4e,-21,75,Normal
2026-02-15 08:51:37.229477,Dubai-1c4e,-19,85,Normal
2026-02-15 08:51:38.229477,Dubai-1c4e,-28,70,Normal
2026-02-15 08:51:39.229477,Dubai-1c4e,-3,49,Normal
2026-02-15 08:51:40.229477,Dubai-1c4e,46,1,Normal
2026-02-15 08:51:41.229477,Dubai-1c4e,0,1,Normal
2026-02-15 08:51:42.229477,Dubai-1c4e,20,72,Normal
2026-02-15 08:51:43.229477,Dubai-1c4e,30,9,Normal
2026-02-15 08:51:44.229477,Dubai-1c4e,7,7,Normal
2026-02-15 08:51:45.229477,Dubai-1c4e,-3,88,Normal
2026-02-15 08:51:46.229477,Dubai-1c4e,-15,68,Normal
2026-02-15 08:51:47.229477,Dubai-1c4e,-5,7,Normal
2026-02-15 08:51:48.229477,Dubai-1c4e,-25,63,Normal
2026-02-15 08:51:49.229477,Dubai-1c4e,0,100,Normal
2026-02-15 08:51:50.229477,Dubai-1c4e,-28,31,Normal
2026-02-15 08:51:51.229477,Dubai-1c4e,41,93,Normal
2026-02-15 08:51:52.229477,Dubai-1c4e,49,20,Normal
2026-02-15 08:51:53.229477,Dubai-1c4e,2,55,Normal
2026-02-15 08:51:54.229477,Dubai-1c4e,37,42,Normal
2026-02-15 08:51:55.229477,Dubai-1c4e,-1,24,Normal
2026-02-15 08:51:56.229477,Dubai-1c4e,-23,42,Normal
2026-02-15 08:51:57.229477,Dubai-1c4e,23,20,Normal
2026-02-15 08:51:58.229477,Dubai-1c4e,22,61,Normal
2026-02-15 08:51:59.229477,Dubai-1c4e,28,34,Normal
2026-02-15 08:52:00.229477,Dubai-1c4e,-24,48,Normal
2026-02-15 08:52:01.229477,Dubai-1c4e,11,11,Normal
2026-02-15 08:52:02.229477,Dubai-1c4e,-2,67,Normal
2026-02-15 08:52:03.229477,Dubai-1c4e,39,55,Normal
2026-02-15 08:52:04.229477,Dubai-1c4e,49,23,Normal
2026-02-15 08:52:05.229477,Dubai-1c4e,-6,58,Normal
2026-02-15 08:52:06.229477,Dubai-1c4e,-8,27,Normal
2026-02-15 08:52:07.229477,Dubai-1c4e,27,23,Normal
2026-02-15 08:52:08.229477,Dubai-1c4e,-6,42,Normal
2026-02-15 08:52:09.229477,Dubai-1c4e,-28,70,Normal
2026-02-15 08:52:10.229477,Dubai-1c4e,7,10,Normal
2026-02-15 08:52:11.229477,Dubai-1c4e,-7,87,Normal
2026-02-15 08:52:12.229477,Dubai-1c4e,30,84,Normal
2026-02-15 08:52:13.229477,Dubai-1c4e,49,31,Normal
2026-02-15 08:52:14.229477,Dubai-1c4e,27,51,Normal
2026-02-15 08:52:15.229477,Dubai-1c4e,40,32,Normal
2026-02-15 08:52:16.229477,Dubai-1c4e,5,16,Normal
2026-02-15 08:52:17.229477,Dubai-1c4e,-13,81,Normal
2026-02-15 08:52:18.229477,Dubai-1c4e,-9,45,Normal
2026-02-15 08:52:19.229477,Dubai-1c4e,21,29,Normal
2026-02-15 08:52:20.229477,Dubai-1c4e,48,15,Normal
2026-02-15 08:52:21.229477,Dubai-1c4e,9,60,Normal
2026-02-15 08:52:22.229477,Dubai-1c4e,48,66,Normal
2026-02-15 08:52:23.229477,Dubai-1c4e,16,17,Normal
2026-02-15 08:52:24.229477,Dubai-1c4e,18,13,Normal
2026-02-15 08:52:25.229477,Dubai-1c4e,-24,84,Normal
2026-02-15 08:52:26.229477,Dubai-1c4e,48,39,Normal
2026-02-15 08:52:27.229477,Dubai-1c4e,-2,55,Normal
2026-02-15 08:52:28.229477,Dubai-1c4e,21,97,Normal
2026-02-15 08:52:29.229477,Dubai-1c4e,18,62,Normal
2026-02-15 08:52:30.229477,Dubai-1c4e,-16,52,Normal
2026-02-15 08:52:31.229477,Dubai-1c4e,45,53,Normal
2026-02-15 08:52:32.229477,Dubai-1c4e,30,69,Normal
2026-02-15 08:52:33.229477,Dubai-1c4e,48,92,Normal
2026-02-15 08:52:34.229477,Dubai-1c4e,46,32,Normal
2026-02-15 08:52:35.229477,Dubai-1c4e,18,7,Normal
2026-02-15 08:52:36.229477,Dubai-1c4e,-6,95,Normal
2026-02-15 08:52:37.229477,Dubai-1c4e,2,54,Normal
2026-02-15 08:52:38.229477,Dubai-1c4e,27,96,Normal
2026-02-15 08:52:39.229477,Dubai-1c4e,27,10,Normal
2026-02-15 08:52:40.229477,Dubai-1c4e,-1,46,Normal
2026-02-15 08:52:41.229477,Dubai-1c4e,20,35,Normal
2026-02-15 08:52:42.229477,Dubai-1c4e,10,2,Normal
2026-02-15 08:52:43.229477,Dubai-1c4e,50,76,Normal
2026-02-15 08:52:44.229477,Dubai-1c4e,28,2,Normal
2026-02-15 08:52:45.229477,Dubai-1c4e,26,88,Normal
2026-02-15 08:52:46.229477,Dubai-1c4e,31,34,Normal
2026-02-15 08:52:47.229477,Dubai-1c4e,-15,47,Normal
2026-02-15 08:52:48.229477,Dubai-1c4e,33,7,Normal
2026-02-15 08:52:49.229477,Dubai-1c4e,-21,54,Normal
2026-02-15 08:52:50.229477,Dubai-1c4e,-27,44,Normal
2026-02-15 08:52:51.229477,Dubai-1c4e,22,1,Normal
2026-02-15 08:52:52.229477,Dubai-1c4e,-21,100,Normal
2026-02-15 08:52:53.229477,Dubai-1c4e,-23,44,Normal
2026-02-15 08:52:54.229477,Dubai-1c4e,19,67,Normal
2026-02-15 08:52:55.229477,Dubai-1c4e,-20,20,Normal
2026-02-15 08:52:56.229477,Dubai-1c4e,-11,68,Normal
2026-02-15 08:52:57.229477,Dubai-1c4e,-23,29,Normal
2026-02-15 08:52:58.229477,Dubai-1c4e,-16,39,Normal
2026-02-15 08:52:59.229477,Dubai-1c4e,7,8,Normal
2026-02-15 08:53:00.229477,Dubai-1c4e,40,25,Normal
2026-02-15 08:53:01.229477,Dubai-1c4e,44,5,Normal
2026-02-15 08:53:02.229477,Dubai-1c4e,38,75,Normal
2026-02-15 08:53:03.229477,Dubai-1c4e,-25,73,Normal
2026-02-15 08:53:04.229477,Dubai-1c4e,15,22,Normal
2026-02-15 08:53:05.229477,Dubai-1c4e,-13,94,Normal
2026-02-15 08:53:06.229477,Dubai-1c4e,38,65,Normal
2026-02-15 08:53:07.229477,Dubai-1c4e,27,47,Normal
2026-02-15 08:53:08.229477,Dubai-1c4e,14,42,Normal
2026-02-15 08:53:09.229477,Dubai-1c4e,-1,3,Normal
2026-02-15 08:53:10.229477,Dubai-1c4e,0,29,Normal
2026-02-15 08:53:11.229477,Dubai-1c4e,-11,49,Normal
2026-02-15 08:53:12.229477,Dubai-1c4e,42,20,Normal
2026-02-15 08:53:13.229477,Dubai-1c4e,42,84,Normal
2026-02-15 08:53:14.229477,Dubai-1c4e,27,40,Normal
2026-02-15 08:53:15.229477,Dubai-1c4e,38,30,Normal
2026-02-15 08:53:16.229477,Dubai-1c4e,42,79,Normal
2026-02-15 08:53:17.229477,Dubai-1c4e,-8,89,Normal
2026-02-15 08:53:18.229477,Dubai-1c4e,-13,13,Normal
2026-02-15 08:53:19.229477,Dubai-1c4e,-6,44,Normal
2026-02-15 08:53:20.229477,Dubai-1c4e,-25,19,Normal
2026-02-15 08:53:21.229477,Dubai-1c4e,27,75,Normal
2026-02-15 08:53:22.229477,Dubai-1c4e,-23,85,Normal
2026-02-15 08:53:23.229477,Dubai-1c4e,34,63,Normal
2026-02-15 08:53:24.229477,Dubai-1c4e,-18,95,Normal
2026-02-15 08:53:25.229477,Dubai-1c4e,34,89,Normal
2026-02-15 08:53:26.229477,Dubai-1c4e,28,78,Normal
2026-02-15 08:53:27.229477,Dubai-1c4e,-30,70,Normal
2026-02-15 08:53:28.229477,Dubai-1c4e,-12,74,Normal
2026-02-15 08:53:29.229477,Dubai-1c4e,-26,38,Normal
2026-02-15 08:53:30.229477,Dubai-1c4e,31,61,Normal
2026-02-15 08:53:31.229477,Dubai-1c4e,41,76,Normal
2026-02-15 08:53:32.229477,Dubai-1c4e,3,45,Normal
2026-02-15 08:53:33.229477,Dubai-1c4e,-4,99,Normal
2026-02-15 08:53:34.229477,Dubai-1c4e,-3,53,Normal
2026-02-15 08:53:35.229477,Dubai-1c4e,-3,58,Normal
2026-02-15 08:53:36.229477,Dubai-1c4e,28,49,Normal
2026-02-15 08:53:37.229477,Dubai-1c4e,44,46,Normal
2026-02-15 08:53:38.229477,Dubai-1c4e,-7,51,Normal
2026-02-15 08:53:39.229477,Dubai-1c4e,-25,47,Normal
2026-02-15 08:53:40.229477,Dubai-1c4e,48,59,Normal
2026-02-15 08:53:41.229477,Dubai-1c4e,45,63,Normal
2026-02-15 08:53:42.229477,Dubai-1c4e,39,91,Normal
2026-02-15 08:53:43.229477,Dubai-1c4e,13,23,Normal
2026-02-15 08:53:44.229477,Dubai-1c4e,-25,11,Normal
2026-02-15 08:53:45.229477,Dubai-1c4e,-5,96,Normal
2026-02-15 08:53:46.229477,Dubai-1c4e,-10,80,Normal
2026-02-15 08:53:47.229477,Dubai-1c4e,47,4,Normal
2026-02-15 08:53:48.229477,Dubai-1c4e,-7,81,Normal
2026-02-15 08:53:49.229477,Dubai-1c4e,25,36,Normal
2026-02-15 08:53:50.229477,Dubai-1c4e,33,80,Normal
2026-02-15 08:53:51.229477,Dubai-1c4e,4,79,Normal
2026-02-15 08:53:52.229477,Dubai-1c4e,4,73,Normal
2026-02-15 08:53:53.229477,Dubai-1c4e,0,2,Normal
2026-02-15 08:53:54.229477,Dubai-1c4e,-19,9,Normal
2026-02-15 08:53:55.229477,Dubai-1c4e,32,13,Normal
2026-02-15 08:53:56.229477,Dubai-1c4e,32,32,Normal
2026-02-15 08:53:57.229477,Dubai-1c4e,-19,12,Normal
2026-02-15 08:53:58.229477,Dubai-1c4e,-4,22,Normal
2026-02-15 08:53:59.229477,Dubai-1c4e,-8,66,Normal
2026-02-15 08:54:00.229477,Dubai-1c4e,4,56,Normal
2026-02-15 08:54:01.229477,Dubai-1c4e,11,63,Normal
2026-02-15 08:54:02.229477,Dubai-1c4e,-21,70,Normal
2026-02-15 08:54:03.229477,Dubai-1c4e,-6,4,Normal
2026-02-15 08:54:04.229477,Dubai-1c4e,41,24,Normal
2026-02-15 08:54:05.229477,Dubai-1c4e,27,83,Normal
2026-02-15 08:54:06.229477,Dubai-1c4e,23,39,Normal
2026-02-15 08:54:07.229477,Dubai-1c4e,10,77,Normal
2026-02-15 08:54:08.229477,Dubai-1c4e,28,5,Normal
2026-02-15 08:54:09.229477,Dubai-1c4e,0,49,Normal
2026-02-15 08:54:10.229477,Dubai-1c4e,-1,8,Normal
2026-02-15 08:54:11.229477,Dubai-1c4e,19,43,Normal
2026-02-15 08:54:12.229477,Dubai-1c4e,15,50,Normal
2026-02-15 08:54:13.229477,Dubai-1c4e,10,69,Normal
2026-02-15 08:54:14.229477,Dubai-1c4e,44,36,Normal
2026-02-15 08:54:15.229477,Dubai-1c4e,-15,40,Normal
2026-02-15 08:54:16.229477,Dubai-1c4e,2,85,Normal
2026-02-15 08:54:17.229477,Dubai-1c4e,40,14,Normal
2026-02-15 08:54:18.229477,Dubai-1c4e,37,99,Normal
2026-02-15 08:54:19.229477,Dubai-1c4e,41,70,Normal
2026-02-15 08:54:20.229477,Dubai-1c4e,21,17,Normal
2026-02-15 08:54:21.229477,Dubai-1c4e,-2,28,Normal
2026-02-15 08:54:22.229477,Dubai-1c4e,-8,54,Normal
2026-02-15 08:54:23.229477,Dubai-1c4e,0,10,Normal
2026-02-15 08:54:24.229477,Dubai-1c4e,7,79,Normal
2026-02-15 08:54:25.229477,Dubai-1c4e,45,98,Normal
2026-02-15 08:54:26.229477,Dubai-1c4e,42,88,Normal
2026-02-15 08:54:27.229477,Dubai-1c4e,-16,6,Normal
2026-02-15 08:54:28.229477,Dubai-1c4e,49,13,Normal
2026-02-15 08:54:29.229477,Dubai-1c4e,5,50,Normal
2026-02-15 08:54:30.229477,Dubai-1c4e,-5,17,Normal
2026-02-15 08:54:31.229477,Dubai-1c4e,2,43,Normal
2026-02-15 08:54:32.229477,Dubai-1c4e,38,79,Normal
2026-02-15 08:54:33.229477,Dubai-1c4e,34,19,Normal
2026-02-15 08:54:34.229477,Dubai-1c4e,-20,79,Normal
2026-02-15 08:54:35.229477,Dubai-1c4e,24,10,Normal
2026-02-15 08:54:36.229477,Dubai-1c4e,1,67,Normal
2026-02-15 08:54:37.229477,Dubai-1c4e,-30,51,Normal
2026-02-15 08:54:38.229477,Dubai-1c4e,-18,59,Normal
2026-02-15 08:54:39.229477,Dubai-1c4e,-21,44,Normal
2026-02-15 08:54:40.229477,Dubai-1c4e,28,98,Normal
2026-02-15 08:54:41.229477,Dubai-1c4e,-27,22,Normal
2026-02-15 08:54:42.229477,Dubai-1c4e,31,24,Normal
2026-02-15 08:54:43.229477,Dubai-1c4e,-19,31,Normal
2026-02-15 08:54:44.229477,Dubai-1c4e,-2,2,Normal
2026-02-15 08:54:45.229477,Dubai-1c4e,-22,77,Normal
2026-02-15 08:54:46.229477,Dubai-1c4e,47,22,Normal
2026-02-15 08:54:47.229477,Dubai-1c4e,44,8,Normal
2026-02-15 08:54:48.229477,Dubai-1c4e,-4,39,Normal
2026-02-15 08:54:49.229477,Dubai-1c4e,-28,73,Normal
2026-02-15 08:54:50.229477,Dubai-1c4e,18,92,Normal
2026-02-15 08:54:51.229477,Dubai-1c4e,11,61,Normal
2026-02-15 08:54:52.229477,Dubai-1c4e,-12,67,Normal
2026-02-15 08:54:53.229477,Dubai-1c4e,28,99,Normal
2026-02-15 08:54:54.229477,Dubai-1c4e,35,82,Normal
2026-02-15 08:54:55.229477,Dubai-1c4e,-21,3,Normal
2026-02-15 08:54:56.229477,Dubai-1c4e,-22,52,Normal
2026-02-15 08:54:57.229477,Dubai-1c4e,38,47,Normal
2026-02-15 08:54:58.229477,Dubai-1c4e,9,41,Normal
2026-02-15 08:54:59.229477,Dubai-1c4e,-16,24,Normal
2026-02-15 08:55:00.229477,Dubai-1c4e,49,72,Normal
2026-02-15 08:55:01.229477,Dubai-1c4e,-6,39,Normal
2026-02-15 08:55:02.229477,Dubai-1c4e,-15,57,Normal
2026-02-15 08:55:03.229477,Dubai-1c4e,-8,55,Normal
2026-02-15 08:55:04.229477,Dubai-1c4e,11,26,Normal
2026-02-15 08:55:05.229477,Dubai-1c4e,48,92,Normal
2026-02-15 08:55:06.229477,Dubai-1c4e,18,39,Normal
2026-02-15 08:55:07.229477,Dubai-1c4e,-20,29,Normal
2026-02-15 08:55:08.229477,Dubai-1c4e,-16,38,Normal
2026-02-15 08:55:09.229477,Dubai-1c4e,18,86,Normal
2026-02-15 08:55:10.229477,Dubai-1c4e,39,19,Normal
2026-02-15 08:55:11.229477,Dubai-1c4e,10,11,Normal
2026-02-15 08:55:12.229477,Dubai-1c4e,-20,98,Normal
2026-02-15 08:55:13.229477,Dubai-1c4e,-8,88,Normal
2026-02-15 08:55:14.229477,Dubai-1c4e,11,79,Normal
2026-02-15 08:55:15.229477,Dubai-1c4e,14,65,Normal
2026-02-15 08:55:16.229477,Dubai-1c4e,7,70,Normal
2026-02-15 08:55:17.229477,Dubai-1c4e,19,84,Normal
2026-02-15 08:55:18.229477,Dubai-1c4e,30,47,Normal
2026-02-15 08:55:19.229477,Dubai-1c4e,8,57,Normal
2026-02-15 08:55:20.229477,Dubai-1c4e,-7,19,Normal
2026-02-15 08:55:21.229477,Dubai-1c4e,48,14,Normal
2026-02-15 08:55:22.229477,Dubai-1c4e,14,51,Normal
2026-02-15 08:55:23.229477,Dubai-1c4e,3,67,Normal
2026-02-15 08:55:24.229477,Dubai-1c4e,10,75,Normal
2026-02-15 08:55:25.229477,Dubai-1c4e,-17,68,Normal
2026-02-15 08:55:26.229477,Dubai-1c4e,47,60,Normal
2026-02-15 08:55:27.229477,Dubai-1c4e,-16,6,Normal
2026-02-15 08:55:28.229477,Dubai-1c4e,-15,45,Normal
2026-02-15 08:55:29.229477,Dubai-1c4e,-23,40,Normal
2026-02-15 08:55:30.229477,Dubai-1c4e,17,34,Normal
2026-02-15 08:55:31.229477,Dubai-1c4e,-26,41,Normal
2026-02-15 08:55:32.229477,Dubai-1c4e,-11,88,Normal
2026-02-15 08:55:33.229477,Dubai-1c4e,32,80,Normal
2026-02-15 08:55:34.229477,Dubai-1c4e,8,15,Normal
2026-02-15 08:55:35.229477,Dubai-1c4e,29,64,Normal
2026-02-15 08:55:36.229477,Dubai-1c4e,-11,81,Normal
2026-02-15 08:55:37.229477,Dubai-1c4e,16,16,Normal
2026-02-15 08:55:38.229477,Dubai-1c4e,28,30,Normal
2026-02-15 08:55:39.229477,Dubai-1c4e,41,77,Normal
2026-02-15 08:55:40.229477,Dubai-1c4e,-19,35,Normal
2026-02-15 08:55:41.229477,Dubai-1c4e,-30,38,Normal
2026-02-15 08:55:42.229477,Dubai-1c4e,25,57,Normal
2026-02-15 08:55:43.229477,Dubai-1c4e,-19,61,Normal
2026-02-15 08:55:44.229477,Dubai-1c4e,-21,69,Normal
2026-02-15 08:55:45.229477,Dubai-1c4e,-28,64,Normal
2026-02-15 08:55:46.229477,Dubai-1c4e,-15,6,Normal
2026-02-15 08:55:47.229477,Dubai-1c4e,-12,63,Normal
2026-02-15 08:55:48.229477,Dubai-1c4e,47,18,Normal
2026-02-15 08:55:49.229477,Dubai-1c4e,-3,33,Normal
2026-02-15 08:55:50.229477,Dubai-1c4e,5,69,Normal
2026-02-15 08:55:51.229477,Dubai-1c4e,31,18,Normal
2026-02-15 08:55:52.229477,Dubai-1c4e,25,57,Normal
2026-02-15 08:55:53.229477,Dubai-1c4e,49,47,Normal
2026-02-15 08:55:54.229477,Dubai-1c4e,-28,38,Normal
2026-02-15 08:55:55.229477,Dubai-1c4e,-6,64,Normal
2026-02-15 08:55:56.229477,Dubai-1c4e,5,66,Normal
2026-02-15 08:55:57.229477,Dubai-1c4e,-4,17,Normal
2026-02-15 08:55:58.229477,Dubai-1c4e,28,98,Normal
2026-02-15 08:55:59.229477,Dubai-1c4e,46,29,Normal
2026-02-15 08:56:00.229477,Dubai-1c4e,-18,31,Normal
2026-02-15 08:56:01.229477,Dubai-1c4e,20,89,Normal
2026-02-15 08:56:02.229477,Dubai-1c4e,-4,77,Normal
2026-02-15 08:56:03.229477,Dubai-1c4e,-2,0,Normal
2026-02-15 08:56:04.229477,Dubai-1c4e,17,17,Normal
2026-02-15 08:56:05.229477,Dubai-1c4e,5,93,Normal
2026-02-15 08:56:06.229477,Dubai-1c4e,30,1,Normal
2026-02-15 08:56:07.229477,Dubai-1c4e,36,43,Normal
2026-02-15 08:56:08.229477,Dubai-1c4e,-3,44,Normal
2026-02-15 08:56:09.229477,Dubai-1c4e,37,8,Normal
2026-02-15 08:56:10.229477,Dubai-1c4e,44,40,Normal
2026-02-15 08:56:11.229477,Dubai-1c4e,21,17,Normal
2026-02-15 08:56:12.229477,Dubai-1c4e,-22,17,Normal
2026-02-15 08:56:13.229477,Dubai-1c4e,40,64,Normal
2026-02-15 08:56:14.229477,Dubai-1c4e,-29,14,Normal
2026-02-15 08:56:15.229477,Dubai-1c4e,26,19,Normal
2026-02-15 08:56:16.229477,Dubai-1c4e,13,70,Normal
2026-02-15 08:56:17.229477,Dubai-1c4e,21,58,Normal
2026-02-15 08:56:18.229477,Dubai-1c4e,46,24,Normal
2026-02-15 08:56:19.229477,Dubai-1c4e,28,92,Normal
2026-02-15 08:56:20.229477,Dubai-1c4e,4,19,Normal
2026-02-15 08:56:21.229477,Dubai-1c4e,36,44,Normal
2026-02-15 08:56:22.229477,Dubai-1c4e,50,72,Normal
2026-02-15 08:56:23.229477,Dubai-1c4e,5,92,Normal
2026-02-15 08:56:24.229477,Dubai-1c4e,17,14,Normal
2026-02-15 08:56:25.229477,Dubai-1c4e,28,60,Normal
2026-02-15 08:56:26.229477,Dubai-1c4e,0,42,Normal
2026-02-15 08:56:27.229477,Dubai-1c4e,39,74,Normal
2026-02-15 08:56:28.229477,Dubai-1c4e,-8,78,Normal
2026-02-15 08:56:29.229477,Dubai-1c4e,15,0,Normal
2026-02-15 08:56:30.229477,Dubai-1c4e,-13,19,Normal
2026-02-15 08:56:31.229477,Dubai-1c4e,31,96,Normal
2026-02-15 08:56:32.229477,Dubai-1c4e,-6,92,Normal
2026-02-15 08:56:33.229477,Dubai-1c4e,-21,39,Normal
2026-02-15 08:56:34.229477,Dubai-1c4e,29,67,Normal
2026-02-15 08:56:35.229477,Dubai-1c4e,-13,82,Normal
2026-02-15 08:56:36.229477,Dubai-1c4e,7,62,Normal
2026-02-15 08:56:37.229477,Dubai-1c4e,49,44,Normal
2026-02-15 08:56:38.229477,Dubai-1c4e,-6,24,Normal
2026-02-15 08:56:39.229477,Dubai-1c4e,50,47,Normal
2026-02-15 08:56:40.229477,Dubai-1c4e,19,44,Normal
2026-02-15 08:56:41.229477,Dubai-1c4e,48,98,Normal
2026-02-15 08:56:42.229477,Dubai-1c4e,41,91,Normal
2026-02-15 08:56:43.229477,Dubai-1c4e,50,91,Normal
2026-02-15 08:56:44.229477,Dubai-1c4e,40,34,Normal
2026-02-15 08:56:45.229477,Dubai-1c4e,-24,50,Normal
2026-02-15 08:56:46.229477,Dubai-1c4e,-6,17,Normal
2026-02-15 08:56:47.229477,Dubai-1c4e,45,75,Normal
2026-02-15 08:56:48.229477,Dubai-1c4e,39,34,Normal
2026-02-15 08:56:49.229477,Dubai-1c4e,23,94,Normal
2026-02-15 08:56:50.229477,Dubai-1c4e,-25,76,Normal
2026-02-15 08:56:51.229477,Dubai-1c4e,40,51,Normal
2026-02-15 08:56:52.229477,Dubai-1c4e,-14,47,Normal
2026-02-15 08:56:53.229477,Dubai-1c4e,43,87,Normal
2026-02-15 08:56:54.229477,Dubai-1c4e,4,82,Normal
2026-02-15 08:56:55.229477,Dubai-1c4e,-18,10,Normal
2026-02-15 08:56:56.229477,Dubai-1c4e,-26,26,Normal
2026-02-15 08:56:57.229477,Dubai-1c4e,3,50,Normal
2026-02-15 08:56:58.229477,Dubai-1c4e,7,35,Normal
2026-02-15 08:56:59.229477,Dubai-1c4e,18,75,Normal
2026-02-15 08:57:00.229477,Dubai-1c4e,15,32,Normal
2026-02-15 08:57:01.229477,Dubai-1c4e,11,95,Normal
2026-02-15 08:57:02.229477,Dubai-1c4e,32,24,Normal
2026-02-15 08:57:03.229477,Dubai-1c4e,-1,38,Normal
2026-02-15 08:57:04.229477,Dubai-1c4e,25,74,Normal
2026-02-15 08:57:05.229477,Dubai-1c4e,22,60,Normal
2026-02-15 08:57:06.229477,Dubai-1c4e,-20,53,Normal
2026-02-15 08:57:07.229477,Dubai-1c4e,-12,48,Normal
2026-02-15 08:57:08.229477,Dubai-1c4e,20,6,Normal
2026-02-15 08:57:09.229477,Dubai-1c4e,38,93,Normal
2026-02-15 08:57:10.229477,Dubai-1c4e,-16,0,Normal
2026-02-15 08:57:11.229477,Dubai-1c4e,19,5,Normal
2026-02-15 08:57:12.229477,Dubai-1c4e,-20,77,Normal
2026-02-15 08:57:13.229477,Dubai-1c4e,35,97,Normal
2026-02-15 08:57:14.229477,Dubai-1c4e,9,54,Normal
2026-02-15 08:57:15.229477,Dubai-1c4e,4,36,Normal
2026-02-15 08:57:16.229477,Dubai-1c4e,42,12,Normal
2026-02-15 08:57:17.229477,Dubai-1c4e,31,98,Normal
2026-02-15 08:57:18.229477,Dubai-1c4e,-13,66,Normal
2026-02-15 08:57:19.229477,Dubai-1c4e,27,90,Normal
2026-02-15 08:57:20.229477,Dubai-1c4e,-23,33,Normal
2026-02-15 08:57:21.229477,Dubai-1c4e,-16,9,Normal
2026-02-15 08:57:22.229477,Dubai-1c4e,38,3,Normal
2026-02-15 08:57:23.229477,Dubai-1c4e,-22,87,Normal
2026-02-15 08:57:24.229477,Dubai-1c4e,4,95,Normal
2026-02-15 08:57:25.229477,Dubai-1c4e,49,25,Normal
2026-02-15 08:57:26.229477,Dubai-1c4e,-25,5,Normal
2026-02-15 08:57:27.229477,Dubai-1c4e,-1,88,Normal
2026-02-15 08:57:28.229477,Dubai-1c4e,9,23,Normal
2026-02-15 08:57:29.229477,Dubai-1c4e,-18,83,Normal
2026-02-15 08:57:30.229477,Dubai-1c4e,-25,76,Normal
2026-02-15 08:57:31.229477,Dubai-1c4e,-1,35,Normal
2026-02-15 08:57:32.229477,Dubai-1c4e,20,24,Normal
2026-02-15 08:57:33.229477,Dubai-1c4e,45,59,Normal
2026-02-15 08:57:34.229477,Dubai-1c4e,-30,72,Normal
2026-02-15 08:57:35.229477,Dubai-1c4e,5,44,Normal
2026-02-15 08:57:36.229477,Dubai-1c4e,41,24,Normal
2026-02-15 08:57:37.229477,Dubai-1c4e,8,41,Normal
2026-02-15 08:57:38.229477,Dubai-1c4e,8,72,Normal
2026-02-15 08:57:39.229477,Dubai-1c4e,23,25,Normal
2026-02-15 08:57:40.229477,Dubai-1c4e,30,1,Normal
2026-02-15 08:57:41.229477,Dubai-1c4e,24,94,Normal
2026-02-15 08:57:42.229477,Dubai-1c4e,-15,14,Normal
2026-02-15 08:57:43.229477,Dubai-1c4e,28,57,Normal
2026-02-15 08:57:44.229477,Dubai-1c4e,22,87,Normal
2026-02-15 08:57:45.229477,Dubai-1c4e,-25,36,Normal
2026-02-15 08:57:46.229477,Dubai-1c4e,-23,86,Normal
2026-02-15 08:57:47.229477,Dubai-1c4e,-28,39,Normal
2026-02-15 08:57:48.229477,Dubai-1c4e,-9,34,Normal
2026-02-15 08:57:49.229477,Dubai-1c4e,12,58,Normal
2026-02-15 08:57:50.229477,Dubai-1c4e,47,94,Normal
2026-02-15 08:57:51.229477,Dubai-1c4e,34,83,Normal
2026-02-15 08:57:52.229477,Dubai-1c4e,47,4,Normal
2026-02-15 08:57:53.229477,Dubai-1c4e,7,22,Normal
2026-02-15 08:57:54.229477,Dubai-1c4e,13,35,Normal
2026-02-15 08:57:55.229477,Dubai-1c4e,26,10,Normal
2026-02-15 08:57:56.229477,Dubai-1c4e,25,5,Normal
2026-02-15 08:57:57.229477,Dubai-1c4e,18,0,Normal
2026-02-15 08:57:58.229477,Dubai-1c4e,0,61,Normal
2026-02-15 08:57:59.229477,Dubai-1c4e,-12,75,Normal
2026-02-15 08:58:00.229477,Dubai-1c4e,25,13,Normal
2026-02-15 08:58:01.229477,Dubai-1c4e,-2,71,Normal
2026-02-15 08:58:02.229477,Dubai-1c4e,41,66,Normal
2026-02-15 08:58:03.229477,Dubai-1c4e,16,97,Normal
2026-02-15 08:58:04.229477,Dubai-1c4e,7,84,Normal
2026-02-15 08:58:05.229477,Dubai-1c4e,15,60,Normal
2026-02-15 08:58:06.229477,Dubai-1c4e,-14,46,Normal
2026-02-15 08:58:07.229477,Dubai-1c4e,40,8,Normal
2026-02-15 08:58:08.229477,Dubai-1c4e,33,68,Normal
2026-02-15 08:58:09.229477,Dubai-1c4e,-10,37,Normal
2026-02-15 08:58:10.229477,Dubai-1c4e,35,96,Normal
2026-02-15 08:58:11.229477,Dubai-1c4e,22,0,Normal
2026-02-15 08:58:12.229477,Dubai-1c4e,-20,57,Normal
2026-02-15 08:58:13.229477,Dubai-1c4e,-9,87,Normal
2026-02-15 08:58:14.229477,Dubai-1c4e,46,35,Normal
2026-02-15 08:58:15.229477,Dubai-1c4e,6,95,Normal
2026-02-15 08:58:16.229477,Dubai-1c4e,-25,63,Normal
2026-02-15 08:58:17.229477,Dubai-1c4e,44,86,Normal
2026-02-15 08:58:18.229477,Dubai-1c4e,42,5,Normal
2026-02-15 08:58:19.229477,Dubai-1c4e,-26,99,Normal
2026-02-15 08:58:20.229477,Dubai-1c4e,-21,15,Normal
2026-02-15 08:58:21.229477,Dubai-1c4e,31,0,Normal
2026-02-15 08:58:22.229477,Dubai-1c4e,-14,59,Normal
2026-02-15 08:58:23.229477,Dubai-1c4e,38,28,Normal
2026-02-15 08:58:24.229477,Dubai-1c4e,-17,37,Normal
2026-02-15 08:58:25.229477,Dubai-1c4e,-29,76,Normal
2026-02-15 08:58:26.229477,Dubai-1c4e,-5,96,Normal
2026-02-15 08:58:27.229477,Dubai-1c4e,50,65,Normal
2026-02-15 08:58:28.229477,Dubai-1c4e,18,7,Normal
2026-02-15 08:58:29.229477,Dubai-1c4e,18,33,Normal
2026-02-15 08:58:30.229477,Dubai-1c4e,1,94,Normal
2026-02-15 08:58:31.229477,Dubai-1c4e,40,97,Normal
2026-02-15 08:58:32.229477,Dubai-1c4e,17,2,Normal
2026-02-15 08:58:33.229477,Dubai-1c4e,43,12,Normal
2026-02-15 08:58:34.229477,Dubai-1c4e,18,41,Normal
2026-02-15 08:58:35.229477,Dubai-1c4e,5,9,Normal
2026-02-15 08:58:36.229477,Dubai-1c4e,47,56,Normal
2026-02-15 08:58:37.229477,Dubai-1c4e,-26,45,Normal
2026-02-15 08:58:38.229477,Dubai-1c4e,-25,71,Normal
2026-02-15 08:58:39.229477,Dubai-1c4e,-21,68,Normal
2026-02-15 08:58:40.229477,Dubai-1c4e,50,38,Normal
2026-02-15 08:58:41.229477,Dubai-1c4e,16,7,Normal
2026-02-15 08:58:42.229477,Dubai-1c4e,4,59,Normal
2026-02-15 08:58:43.229477,Dubai-1c4e,1,88,Normal
2026-02-15 08:58:44.229477,Dubai-1c4e,-17,42,Normal
2026-02-15 08:58:45.229477,Dubai-1c4e,45,5,Normal
2026-02-15 08:58:46.229477,Dubai-1c4e,16,59,Normal
2026-02-15 08:58:47.229477,Dubai-1c4e,38,47,Normal
2026-02-15 08:58:48.229477,Dubai-1c4e,41,20,Normal
2026-02-15 08:58:49.229477,Dubai-1c4e,26,25,Normal
2026-02-15 08:58:50.229477,Dubai-1c4e,-18,8,Normal
2026-02-15 08:58:51.229477,Dubai-1c4e,13,19,Normal
2026-02-15 08:58:52.229477,Dubai-1c4e,-10,92,Normal
2026-02-15 08:58:53.229477,Dubai-1c4e,-25,77,Normal
2026-02-15 08:58:54.229477,Dubai-1c4e,31,30,Normal
2026-02-15 08:58:55.229477,Dubai-1c4e,25,31,Normal
2026-02-15 08:58:56.229477,Dubai-1c4e,9,59,Normal
2026-02-15 08:58:57.229477,Dubai-1c4e,2,38,Normal
2026-02-15 08:58:58.229477,Dubai-1c4e,18,57,Normal
2026-02-15 08:58:59.229477,Dubai-1c4e,42,41,Normal
2026-02-15 08:59:00.229477,Dubai-1c4e,22,76,Normal
2026-02-15 08:59:01.229477,Dubai-1c4e,29,64,Normal
2026-02-15 08:59:02.229477,Dubai-1c4e,2,22,Normal
2026-02-15 08:59:03.229477,Dubai-1c4e,33,40,Normal
2026-02-15 08:59:04.229477,Dubai-1c4e,17,51,Normal
2026-02-15 08:59:05.229477,Dubai-1c4e,39,15,Normal
2026-02-15 08:59:06.229477,Dubai-1c4e,32,5,Normal
2026-02-15 08:59:07.229477,Dubai-1c4e,49,85,Normal
2026-02-15 08:59:08.229477,Dubai-1c4e,37,98,Normal
2026-02-15 08:59:09.229477,Dubai-1c4e,19,17,Normal
2026-02-15 08:59:10.229477,Dubai-1c4e,-13,77,Normal
2026-02-15 08:59:11.229477,Dubai-1c4e,-26,68,Normal
2026-02-15 08:59:12.229477,Dubai-1c4e,5,74,Normal
2026-02-15 08:59:13.229477,Dubai-1c4e,-3,39,Normal
2026-02-15 08:59:14.229477,Dubai-1c4e,14,66,Normal
2026-02-15 08:59:15.229477,Dubai-1c4e,-7,47,Normal
