timestamp,station_id,temp,humid,condition
2026-02-08 09:41:11.561146,Seoul-1747,-22,56,Normal
2026-02-08 09:41:12.561146,Seoul-1747,-8,83,Normal
2026-02-08 09:41:13.561146,Seoul-1747,6,76,Normal
2026-02-08 09:41:14.561146,Seoul-1747,4,85,Normal
2026-02-08 09:41:15.561146,Seoul-1747,-25,98,Normal
2026-02-08 09:41:16.561146,Seoul-1747,48,61,Normal
2026-02-08 09:41:17.561146,Seoul-1747,38,43,Normal
2026-02-08 09:41:18.561146,Seoul-1747,35,42,Normal
2026-02-08 09:41:19.561146,Seoul-1747,-20,70,Normal
2026-02-08 09:41:20.561146,Seoul-1747,-25,39,Normal
2026-02-08 09:41:21.561146,Seoul-1747,38,55,Normal
2026-02-08 09:41:22.561146,Seoul-1747,-1,51,Normal
2026-02-08 09:41:23.561146,Seoul-1747,12,31,Normal
2026-02-08 09:41:24.561146,Seoul-1747,-10,51,Normal
2026-02-08 09:41:25.561146,Seoul-1747,29,64,Normal
2026-02-08 09:41:26.561146,Seoul-1747,49,67,Normal
2026-02-08 09:41:27.561146,Seoul-1747,37,18,Normal
2026-02-08 09:41:28.561146,Seoul-1747,1,92,Normal
2026-02-08 09:41:29.561146,Seoul-1747,48,76,Normal
2026-02-08 09:41:30.561146,Seoul-1747,-13,85,Normal
2026-02-08 09:41:31.561146,Seoul-1747,14,9,Normal
2026-02-08 09:41:32.561146,Seoul-1747,45,51,Normal
2026-02-08 09:41:33.561146,Seoul-1747,-17,24,Normal
2026-02-08 09:41:34.561146,Seoul-1747,-21,73,Normal
2026-02-08 09:41:35.561146,Seoul-1747,30,17,Normal
2026-02-08 09:41:36.561146,Seoul-1747,37,93,Normal
2026-02-08 09:41:37.561146,Seoul-1747,37,34,Normal
2026-02-08 09:41:38.561146,Seoul-1747,11,42,Normal
2026-02-08 09:41:39.561146,Seoul-1747,-15,67,Normal
2026-02-08 09:41:40.561146,Seoul-1747,50,53,Normal
2026-02-08 09:41:41.561146,Seoul-1747,-25,41,Normal
2026-02-08 09:41:42.561146,Seoul-1747,8,44,Normal
2026-02-08 09:41:43.561146,Seoul-1747,-18,54,Normal
2026-02-08 09:41:44.561146,Seoul-1747,-17,79,Normal
2026-02-08 09:41:45.561146,Seoul-1747,7,12,Normal
2026-02-08 09:41:46.561146,Seoul-1747,7,73,Normal
2026-02-08 09:41:47.561146,Seoul-1747,-27,13,Normal
2026-02-08 09:41:48.561146,Seoul-1747,15,31,Normal
2026-02-08 09:41:49.561146,Seoul-1747,-30,43,Normal
2026-02-08 09:41:50.561146,Seoul-1747,-12,18,Normal
2026-02-08 09:41:51.561146,Seoul-1747,32,83,Normal
2026-02-08 09:41:52.561146,Seoul-1747,18,83,Normal
2026-02-08 09:41:53.561146,Seoul-1747,-8,29,Normal
2026-02-08 09:41:54.561146,Seoul-1747,30,53,Normal
2026-02-08 09:41:55.561146,Seoul-1747,10,52,Normal
2026-02-08 09:41:56.561146,Seoul-1747,-21,38,Normal
2026-02-08 09:41:57.561146,Seoul-1747,13,23,Normal
2026-02-08 09:41:58.561146,Seoul-1747,34,5,Normal
2026-02-08 09:41:59.561146,Seoul-1747,6,0,Normal
2026-02-08 09:42:00.561146,Seoul-1747,24,92,Normal
2026-02-08 09:42:01.561146,Seoul-1747,-7,44,Normal
2026-02-08 09:42:02.561146,Seoul-1747,-3,16,Normal
2026-02-08 09:42:03.561146,Seoul-1747,-23,75,Normal
2026-02-08 09:42:04.561146,Seoul-1747,2,64,Normal
2026-02-08 09:42:05.561146,Seoul-1747,-22,96,Normal
2026-02-08 09:42:06.561146,Seoul-1747,-17,27,Normal
2026-02-08 09:42:07.561146,Seoul-1747,8,74,Normal
2026-02-08 09:42:08.561146,Seoul-1747,0,98,Normal
2026-02-08 09:42:09.561146,Seoul-1747,47,48,Normal
2026-02-08 09:42:10.561146,Seoul-1747,6,98,Normal
2026-02-08 09:42:11.561146,Seoul-1747,16,55,Normal
2026-02-08 09:42:12.561146,Seoul-1747,0,43,Normal
2026-02-08 09:42:13.561146,Seoul-1747,-7,41,Normal
2026-02-08 09:42:14.561146,Seoul-1747,27,15,Normal
2026-02-08 09:42:15.561146,Seoul-1747,-7,25,Normal
2026-02-08 09:42:16.561146,Seoul-1747,43,89,Normal
2026-02-08 09:42:17.561146,Seoul-1747,-30,74,Normal
2026-02-08 09:42:18.561146,Seoul-1747,-9,81,Normal
2026-02-08 09:42:19.561146,Seoul-1747,24,13,Normal
2026-02-08 09:42:20.561146,Seoul-1747,-10,33,Normal
2026-02-08 09:42:21.561146,Seoul-1747,-24,24,Normal
2026-02-08 09:42:22.561146,Seoul-1747,39,90,Normal
2026-02-08 09:42:23.561146,Seoul-1747,-1,59,Normal
2026-02-08 09:42:24.561146,Seoul-1747,-1,60,Normal
2026-02-08 09:42:25.561146,Seoul-1747,5,36,Normal
2026-02-08 09:42:26.561146,Seoul-1747,40,18,Normal
2026-02-08 09:42:27.561146,Seoul-1747,-23,32,Normal
2026-02-08 09:42:28.561146,Seoul-1747,-27,28,Normal
2026-02-08 09:42:29.561146,Seoul-1747,-28,55,Normal
2026-02-08 09:42:30.561146,Seoul-1747,28,47,Normal
2026-02-08 09:42:31.561146,Seoul-1747,-8,59,Normal
2026-02-08 09:42:32.561146,Seoul-1747,12,15,Normal
2026-02-08 09:42:33.561146,Seoul-1747,-11,37,Normal
2026-02-08 09:42:34.561146,Seoul-1747,-8,78,Normal
2026-02-08 09:42:35.561146,Seoul-1747,-2,24,Normal
2026-02-08 09:42:36.561146,Seoul-1747,31,27,Normal
2026-02-08 09:42:37.561146,Seoul-1747,-30,76,Normal
2026-02-08 09:42:38.561146,Seoul-1747,46,29,Normal
2026-02-08 09:42:39.561146,Seoul-1747,20,20,Normal
2026-02-08 09:42:40.561146,Seoul-1747,-1,94,Normal
2026-02-08 09:42:41.561146,Seoul-1747,-9,94,Normal
2026-02-08 09:42:42.561146,Seoul-1747,-14,89,Normal
2026-02-08 09:42:43.561146,Seoul-1747,-24,99,Normal
2026-02-08 09:42:44.561146,Seoul-1747,46,93,Normal
2026-02-08 09:42:45.561146,Seoul-1747,10,82,Normal
2026-02-08 09:42:46.561146,Seoul-1747,-1,35,Normal
2026-02-08 09:42:47.561146,Seoul-1747,40,53,Normal
2026-02-08 09:42:48.561146,Seoul-1747,4,20,Normal
2026-02-08 09:42:49.561146,Seoul-1747,-18,30,Normal
2026-02-08 09:42:50.561146,Seoul-1747,-8,85,Normal
2026-02-08 09:42:51.561146,Seoul-1747,-5,84,Normal
2026-02-08 09:42:52.561146,Seoul-1747,16,11,Normal
2026-02-08 09:42:53.561146,Seoul-1747,42,74,Normal
2026-02-08 09:42:54.561146,Seoul-1747,17,5,Normal
2026-02-08 09:42:55.561146,Seoul-1747,26,82,Normal
2026-02-08 09:42:56.561146,Seoul-1747,27,97,Normal
2026-02-08 09:42:57.561146,Seoul-1747,30,100,Normal
2026-02-08 09:42:58.561146,Seoul-1747,44,9,Normal
2026-02-08 09:42:59.561146,Seoul-1747,50,44,Normal
2026-02-08 09:43:00.561146,Seoul-1747,13,94,Normal
2026-02-08 09:43:01.561146,Seoul-1747,31,6,Normal
2026-02-08 09:43:02.561146,Seoul-1747,-23,12,Normal
2026-02-08 09:43:03.561146,Seoul-1747,-6,22,Normal
2026-02-08 09:43:04.561146,Seoul-1747,-11,95,Normal
2026-02-08 09:43:05.561146,Seoul-1747,43,0,Normal
2026-02-08 09:43:06.561146,Seoul-1747,-14,4,Normal
2026-02-08 09:43:07.561146,Seoul-1747,-21,67,Normal
2026-02-08 09:43:08.561146,Seoul-1747,1,39,Normal
2026-02-08 09:43:09.561146,Seoul-1747,46,75,Normal
2026-02-08 09:43:10.561146,Seoul-1747,11,66,Normal
2026-02-08 09:43:11.561146,Seoul-1747,-29,44,Normal
2026-02-08 09:43:12.561146,Seoul-1747,-11,79,Normal
2026-02-08 09:43:13.561146,Seoul-1747,1,15,Normal
2026-02-08 09:43:14.561146,Seoul-1747,25,96,Normal
2026-02-08 09:43:15.561146,Seoul-1747,-7,5,Normal
2026-02-08 09:43:16.561146,Seoul-1747,2,12,Normal
2026-02-08 09:43:17.561146,Seoul-1747,-23,72,Normal
2026-02-08 09:43:18.561146,Seoul-1747,47,47,Normal
2026-02-08 09:43:19.561146,Seoul-1747,35,76,Normal
2026-02-08 09:43:20.561146,Seoul-1747,13,28,Normal
2026-02-08 09:43:21.561146,Seoul-1747,19,60,Normal
2026-02-08 09:43:22.561146,Seoul-1747,35,57,Normal
2026-02-08 09:43:23.561146,Seoul-1747,41,12,Normal
2026-02-08 09:43:24.561146,Seoul-1747,-3,29,Normal
2026-02-08 09:43:25.561146,Seoul-1747,25,42,Normal
2026-02-08 09:43:26.561146,Seoul-1747,5,32,Normal
2026-02-08 09:43:27.561146,Seoul-1747,-5,91,Normal
2026-02-08 09:43:28.561146,Seoul-1747,18,90,Normal
2026-02-08 09:43:29.561146,Seoul-1747,-14,96,Normal
2026-02-08 09:43:30.561146,Seoul-1747,29,81,Normal
2026-02-08 09:43:31.561146,Seoul-1747,-23,48,Normal
2026-02-08 09:43:32.561146,Seoul-1747,35,9,Normal
2026-02-08 09:43:33.561146,Seoul-1747,-27,68,Normal
2026-02-08 09:43:34.561146,Seoul-1747,0,46,Normal
2026-02-08 09:43:35.561146,Seoul-1747,42,34,Normal
2026-02-08 09:43:36.561146,Seoul-1747,39,30,Normal
2026-02-08 09:43:37.561146,Seoul-1747,25,54,Normal
2026-02-08 09:43:38.561146,Seoul-1747,-28,32,Normal
2026-02-08 09:43:39.561146,Seoul-1747,25,71,Normal
2026-02-08 09:43:40.561146,Seoul-1747,-25,30,Normal
2026-02-08 09:43:41.561146,Seoul-1747,10,66,Normal
2026-02-08 09:43:42.561146,Seoul-1747,-1,2,Normal
2026-02-08 09:43:43.561146,Seoul-1747,-28,61,Normal
2026-02-08 09:43:44.561146,Seoul-1747,-4,95,Normal
2026-02-08 09:43:45.561146,Seoul-1747,16,6,Normal
2026-02-08 09:43:46.561146,Seoul-1747,41,47,Normal
2026-02-08 09:43:47.561146,Seoul-1747,46,43,Normal
2026-02-08 09:43:48.561146,Seoul-1747,6,77,Normal
2026-02-08 09:43:49.561146,Seoul-1747,49,55,Normal
2026-02-08 09:43:50.561146,Seoul-1747,50,16,Normal
2026-02-08 09:43:51.561146,Seoul-1747,29,35,Normal
2026-02-08 09:43:52.561146,Seoul-1747,12,92,Normal
2026-02-08 09:43:53.561146,Seoul-1747,17,23,Normal
2026-02-08 09:43:54.561146,Seoul-1747,47,26,Normal
2026-02-08 09:43:55.561146,Seoul-1747,39,4,Normal
2026-02-08 09:43:56.561146,Seoul-1747,36,54,Normal
2026-02-08 09:43:57.561146,Seoul-1747,-12,62,Normal
2026-02-08 09:43:58.561146,Seoul-1747,40,26,Normal
2026-02-08 09:43:59.561146,Seoul-1747,44,20,Normal
2026-02-08 09:44:00.561146,Seoul-1747,1,45,Normal
2026-02-08 09:44:01.561146,Seoul-1747,-26,72,Normal
2026-02-08 09:44:02.561146,Seoul-1747,21,96,Normal
2026-02-08 09:44:03.561146,Seoul-1747,22,58,Normal
2026-02-08 09:44:04.561146,Seoul-1747,34,28,Normal
2026-02-08 09:44:05.561146,Seoul-1747,-29,44,Normal
2026-02-08 09:44:06.561146,Seoul-1747,41,88,Normal
2026-02-08 09:44:07.561146,Seoul-1747,25,78,Normal
2026-02-08 09:44:08.561146,Seoul-1747,18,23,Normal
2026-02-08 09:44:09.561146,Seoul-1747,-21,12,Normal
2026-02-08 09:44:10.561146,Seoul-1747,41,80,Normal
2026-02-08 09:44:11.561146,Seoul-1747,26,98,Normal
2026-02-08 09:44:12.561146,Seoul-1747,37,11,Normal
2026-02-08 09:44:13.561146,Seoul-1747,1,75,Normal
2026-02-08 09:44:14.561146,Seoul-1747,37,74,Normal
2026-02-08 09:44:15.561146,Seoul-1747,21,68,Normal
2026-02-08 09:44:16.561146,Seoul-1747,19,98,Normal
2026-02-08 09:44:17.561146,Seoul-1747,14,4,Normal
2026-02-08 09:44:18.561146,Seoul-1747,-26,5,Normal
2026-02-08 09:44:19.561146,Seoul-1747,14,26,Normal
2026-02-08 09:44:20.561146,Seoul-1747,16,24,Normal
2026-02-08 09:44:21.561146,Seoul-1747,-12,94,Normal
2026-02-08 09:44:22.561146,Seoul-1747,4,86,Normal
2026-02-08 09:44:23.561146,Seoul-1747,48,28,Normal
2026-02-08 09:44:24.561146,Seoul-1747,-29,68,Normal
2026-02-08 09:44:25.561146,Seoul-1747,49,86,Normal
2026-02-08 09:44:26.561146,Seoul-1747,35,8,Normal
2026-02-08 09:44:27.561146,Seoul-1747,20,40,Normal
2026-02-08 09:44:28.561146,Seoul-1747,3,26,Normal
2026-02-08 09:44:29.561146,Seoul-1747,43,70,Normal
2026-02-08 09:44:30.561146,Seoul-1747,11,44,Normal
2026-02-08 09:44:31.561146,Seoul-1747,23,85,Normal
2026-02-08 09:44:32.561146,Seoul-1747,18,20,Normal
2026-02-08 09:44:33.561146,Seoul-1747,47,80,Normal
2026-02-08 09:44:34.561146,Seoul-1747,-16,61,Normal
2026-02-08 09:44:35.561146,Seoul-1747,7,47,Normal
2026-02-08 09:44:36.561146,Seoul-1747,12,28,Normal
2026-02-08 09:44:37.561146,Seoul-1747,-2,51,Normal
2026-02-08 09:44:38.561146,Seoul-1747,29,14,Normal
2026-02-08 09:44:39.561146,Seoul-1747,0,95,Normal
2026-02-08 09:44:40.561146,Seoul-1747,17,12,Normal
2026-02-08 09:44:41.561146,Seoul-1747,45,15,Normal
2026-02-08 09:44:42.561146,Seoul-1747,11,71,Normal
2026-02-08 09:44:43.561146,Seoul-1747,36,52,Normal
2026-02-08 09:44:44.561146,Seoul-1747,43,64,Normal
2026-02-08 09:44:45.561146,Seoul-1747,-16,14,Normal
2026-02-08 09:44:46.561146,Seoul-1747,-22,39,Normal
2026-02-08 09:44:47.561146,Seoul-1747,10,2,Normal
2026-02-08 09:44:48.561146,Seoul-1747,4,60,Normal
2026-02-08 09:44:49.561146,Seoul-1747,4,5,Normal
2026-02-08 09:44:50.561146,Seoul-1747,41,16,Normal
2026-02-08 09:44:51.561146,Seoul-1747,-2,51,Normal
2026-02-08 09:44:52.561146,Seoul-1747,31,20,Normal
2026-02-08 09:44:53.561146,Seoul-1747,22,6,Normal
2026-02-08 09:44:54.561146,Seoul-1747,38,23,Normal
2026-02-08 09:44:55.561146,Seoul-1747,23,80,Normal
2026-02-08 09:44:56.561146,Seoul-1747,50,25,Normal
2026-02-08 09:44:57.561146,Seoul-1747,-22,2,Normal
2026-02-08 09:44:58.561146,Seoul-1747,39,93,Normal
2026-02-08 09:44:59.561146,Seoul-1747,30,74,Normal
2026-02-08 09:45:00.561146,Seoul-1747,30,10,Normal
2026-02-08 09:45:01.561146,Seoul-1747,-2,56,Normal
2026-02-08 09:45:02.561146,Seoul-1747,-23,79,Normal
2026-02-08 09:45:03.561146,Seoul-1747,-4,71,Normal
2026-02-08 09:45:04.561146,Seoul-1747,0,15,Normal
2026-02-08 09:45:05.561146,Seoul-1747,16,93,Normal
2026-02-08 09:45:06.561146,Seoul-1747,47,98,Normal
2026-02-08 09:45:07.561146,Seoul-1747,46,56,Normal
2026-02-08 09:45:08.561146,Seoul-1747,-14,1,Normal
2026-02-08 09:45:09.561146,Seoul-1747,-19,4,Normal
2026-02-08 09:45:10.561146,Seoul-1747,19,43,Normal
2026-02-08 09:45:11.561146,Seoul-1747,-4,40,Normal
2026-02-08 09:45:12.561146,Seoul-1747,-10,51,Normal
2026-02-08 09:45:13.561146,Seoul-1747,39,34,Normal
2026-02-08 09:45:14.561146,Seoul-1747,-24,10,Normal
2026-02-08 09:45:15.561146,Seoul-1747,49,79,Normal
2026-02-08 09:45:16.561146,Seoul-1747,-6,15,Normal
2026-02-08 09:45:17.561146,Seoul-1747,-3,31,Normal
2026-02-08 09:45:18.561146,Seoul-1747,-18,97,Normal
2026-02-08 09:45:19.561146,Seoul-1747,-15,80,Normal
2026-02-08 09:45:20.561146,Seoul-1747,28,55,Normal
2026-02-08 09:45:21.561146,Seoul-1747,4,90,Normal
2026-02-08 09:45:22.561146,Seoul-1747,-25,71,Normal
2026-02-08 09:45:23.561146,Seoul-1747,25,71,Normal
2026-02-08 09:45:24.561146,Seoul-1747,25,72,Normal
2026-02-08 09:45:25.561146,Seoul-1747,2,83,Normal
2026-02-08 09:45:26.561146,Seoul-1747,4,14,Normal
2026-02-08 09:45:27.561146,Seoul-1747,28,16,Normal
2026-02-08 09:45:28.561146,Seoul-1747,6,50,Normal
2026-02-08 09:45:29.561146,Seoul-1747,5,9,Normal
2026-02-08 09:45:30.561146,Seoul-1747,8,65,Normal
2026-02-08 09:45:31.561146,Seoul-1747,-2,10,Normal
2026-02-08 09:45:32.561146,Seoul-1747,-28,75,Normal
2026-02-08 09:45:33.561146,Seoul-1747,-14,100,Normal
2026-02-08 09:45:34.561146,Seoul-1747,-17,28,Normal
2026-02-08 09:45:35.561146,Seoul-1747,-6,90,Normal
2026-02-08 09:45:36.561146,Seoul-1747,24,66,Normal
2026-02-08 09:45:37.561146,Seoul-1747,2,22,Normal
2026-02-08 09:45:38.561146,Seoul-1747,34,59,Normal
2026-02-08 09:45:39.561146,Seoul-1747,-13,30,Normal
2026-02-08 09:45:40.561146,Seoul-1747,-24,49,Normal
2026-02-08 09:45:41.561146,Seoul-1747,-29,78,Normal
2026-02-08 09:45:42.561146,Seoul-1747,-30,62,Normal
2026-02-08 09:45:43.561146,Seoul-1747,-5,54,Normal
2026-02-08 09:45:44.561146,Seoul-1747,-20,7,Normal
2026-02-08 09:45:45.561146,Seoul-1747,-24,52,Normal
2026-02-08 09:45:46.561146,Seoul-1747,-17,26,Normal
2026-02-08 09:45:47.561146,Seoul-1747,4,94,Normal
2026-02-08 09:45:48.561146,Seoul-1747,14,78,Normal
2026-02-08 09:45:49.561146,Seoul-1747,6,2,Normal
2026-02-08 09:45:50.561146,Seoul-1747,45,82,Normal
2026-02-08 09:45:51.561146,Seoul-1747,-28,57,Normal
2026-02-08 09:45:52.561146,Seoul-1747,43,88,Normal
2026-02-08 09:45:53.561146,Seoul-1747,27,82,Normal
2026-02-08 09:45:54.561146,Seoul-1747,-12,54,Normal
2026-02-08 09:45:55.561146,Seoul-1747,-22,41,Normal
2026-02-08 09:45:56.561146,Seoul-1747,39,48,Normal
2026-02-08 09:45:57.561146,Seoul-1747,41,52,Normal
2026-02-08 09:45:58.561146,Seoul-1747,-11,28,Normal
2026-02-08 09:45:59.561146,Seoul-1747,-18,17,Normal
2026-02-08 09:46:00.561146,Seoul-1747,-18,13,Normal
2026-02-08 09:46:01.561146,Seoul-1747,-29,24,Normal
2026-02-08 09:46:02.561146,Seoul-1747,27,15,Normal
2026-02-08 09:46:03.561146,Seoul-1747,46,59,Normal
2026-02-08 09:46:04.561146,Seoul-1747,-26,37,Normal
2026-02-08 09:46:05.561146,Seoul-1747,-16,14,Normal
2026-02-08 09:46:06.561146,Seoul-1747,25,46,Normal
2026-02-08 09:46:07.561146,Seoul-1747,13,96,Normal
2026-02-08 09:46:08.561146,Seoul-1747,44,78,Normal
2026-02-08 09:46:09.561146,Seoul-1747,43,13,Normal
2026-02-08 09:46:10.561146,Seoul-1747,46,48,Normal
2026-02-08 09:46:11.561146,Seoul-1747,17,21,Normal
2026-02-08 09:46:12.561146,Seoul-1747,-30,30,Normal
2026-02-08 09:46:13.561146,Seoul-1747,-17,33,Normal
2026-02-08 09:46:14.561146,Seoul-1747,-30,77,Normal
2026-02-08 09:46:15.561146,Seoul-1747,-22,43,Normal
2026-02-08 09:46:16.561146,Seoul-1747,12,93,Normal
2026-02-08 09:46:17.561146,Seoul-1747,43,47,Normal
2026-02-08 09:46:18.561146,Seoul-1747,25,89,Normal
2026-02-08 09:46:19.561146,Seoul-1747,26,100,Normal
2026-02-08 09:46:20.561146,Seoul-1747,-19,8,Normal
2026-02-08 09:46:21.561146,Seoul-1747,44,52,Normal
2026-02-08 09:46:22.561146,Seoul-1747,0,15,Normal
2026-02-08 09:46:23.561146,Seoul-1747,-4,79,Normal
2026-02-08 09:46:24.561146,Seoul-1747,24,13,Normal
2026-02-08 09:46:25.561146,Seoul-1747,42,68,Normal
2026-02-08 09:46:26.561146,Seoul-1747,8,95,Normal
2026-02-08 09:46:27.561146,Seoul-1747,-16,66,Normal
2026-02-08 09:46:28.561146,Seoul-1747,34,69,Normal
2026-02-08 09:46:29.561146,Seoul-1747,17,11,Normal
2026-02-08 09:46:30.561146,Seoul-1747,24,59,Normal
2026-02-08 09:46:31.561146,Seoul-1747,-9,79,Normal
2026-02-08 09:46:32.561146,Seoul-1747,29,65,Normal
2026-02-08 09:46:33.561146,Seoul-1747,45,53,Normal
2026-02-08 09:46:34.561146,Seoul-1747,46,58,Normal
2026-02-08 09:46:35.561146,Seoul-1747,1,0,Normal
2026-02-08 09:46:36.561146,Seoul-1747,-1,97,Normal
2026-02-08 09:46:37.561146,Seoul-1747,17,4,Normal
2026-02-08 09:46:38.561146,Seoul-1747,40,97,Normal
2026-02-08 09:46:39.561146,Seoul-1747,-20,58,Normal
2026-02-08 09:46:40.561146,Seoul-1747,48,65,Normal
2026-02-08 09:46:41.561146,Seoul-1747,16,47,Normal
2026-02-08 09:46:42.561146,Seoul-1747,23,10,Normal
2026-02-08 09:46:43.561146,Seoul-1747,-24,68,Normal
2026-02-08 09:46:44.561146,Seoul-1747,39,73,Normal
2026-02-08 09:46:45.561146,Seoul-1747,-16,75,Normal
2026-02-08 09:46:46.561146,Seoul-1747,-25,58,Normal
2026-02-08 09:46:47.561146,Seoul-1747,-18,69,Normal
2026-02-08 09:46:48.561146,Seoul-1747,-2,31,Normal
2026-02-08 09:46:49.561146,Seoul-1747,36,2,Normal
2026-02-08 09:46:50.561146,Seoul-1747,-13,60,Normal
2026-02-08 09:46:51.561146,Seoul-1747,47,47,Normal
2026-02-08 09:46:52.561146,Seoul-1747,45,85,Normal
2026-02-08 09:46:53.561146,Seoul-1747,7,4,Normal
2026-02-08 09:46:54.561146,Seoul-1747,-19,13,Normal
2026-02-08 09:46:55.561146,Seoul-1747,26,63,Normal
2026-02-08 09:46:56.561146,Seoul-1747,34,47,Normal
2026-02-08 09:46:57.561146,Seoul-1747,30,56,Normal
2026-02-08 09:46:58.561146,Seoul-1747,33,30,Normal
2026-02-08 09:46:59.561146,Seoul-1747,45,87,Normal
2026-02-08 09:47:00.561146,Seoul-1747,21,84,Normal
2026-02-08 09:47:01.561146,Seoul-1747,32,96,Normal
2026-02-08 09:47:02.561146,Seoul-1747,-1,61,Normal
2026-02-08 09:47:03.561146,Seoul-1747,-26,61,Normal
2026-02-08 09:47:04.561146,Seoul-1747,37,38,Normal
2026-02-08 09:47:05.561146,Seoul-1747,18,93,Normal
2026-02-08 09:47:06.561146,Seoul-1747,-5,61,Normal
2026-02-08 09:47:07.561146,Seoul-1747,50,33,Normal
2026-02-08 09:47:08.561146,Seoul-1747,4,59,Normal
2026-02-08 09:47:09.561146,Seoul-1747,45,42,Normal
2026-02-08 09:47:10.561146,Seoul-1747,23,53,Normal
2026-02-08 09:47:11.561146,Seoul-1747,11,38,Normal
2026-02-08 09:47:12.561146,Seoul-1747,14,74,Normal
2026-02-08 09:47:13.561146,Seoul-1747,-24,45,Normal
2026-02-08 09:47:14.561146,Seoul-1747,-15,81,Normal
2026-02-08 09:47:15.561146,Seoul-1747,31,1,Normal
2026-02-08 09:47:16.561146,Seoul-1747,44,73,Normal
2026-02-08 09:47:17.561146,Seoul-1747,-27,10,Normal
2026-02-08 09:47:18.561146,Seoul-1747,-2,58,Normal
2026-02-08 09:47:19.561146,Seoul-1747,13,45,Normal
2026-02-08 09:47:20.561146,Seoul-1747,10,87,Normal
2026-02-08 09:47:21.561146,Seoul-1747,-24,97,Normal
2026-02-08 09:47:22.561146,Seoul-1747,35,14,Normal
2026-02-08 09:47:23.561146,Seoul-1747,-16,89,Normal
2026-02-08 09:47:24.561146,Seoul-1747,8,53,Normal
2026-02-08 09:47:25.561146,Seoul-1747,5,53,Normal
2026-02-08 09:47:26.561146,Seoul-1747,40,82,Normal
2026-02-08 09:47:27.561146,Seoul-1747,3,34,Normal
2026-02-08 09:47:28.561146,Seoul-1747,-14,65,Normal
2026-02-08 09:47:29.561146,Seoul-1747,5,93,Normal
2026-02-08 09:47:30.561146,Seoul-1747,31,60,Normal
2026-02-08 09:47:31.561146,Seoul-1747,-19,40,Normal
2026-02-08 09:47:32.561146,Seoul-1747,28,19,Normal
2026-02-08 09:47:33.561146,Seoul-1747,39,49,Normal
2026-02-08 09:47:34.561146,Seoul-1747,24,61,Normal
2026-02-08 09:47:35.561146,Seoul-1747,-11,80,Normal
2026-02-08 09:47:36.561146,Seoul-1747,7,66,Normal
2026-02-08 09:47:37.561146,Seoul-1747,7,99,Normal
2026-02-08 09:47:38.561146,Seoul-1747,-14,29,Normal
2026-02-08 09:47:39.561146,Seoul-1747,-6,43,Normal
2026-02-08 09:47:40.561146,Seoul-1747,42,66,Normal
2026-02-08 09:47:41.561146,Seoul-1747,-4,3,Normal
2026-02-08 09:47:42.561146,Seoul-1747,13,43,Normal
2026-02-08 09:47:43.561146,Seoul-1747,3,51,Normal
2026-02-08 09:47:44.561146,Seoul-1747,8,84,Normal
2026-02-08 09:47:45.561146,Seoul-1747,-26,10,Normal
2026-02-08 09:47:46.561146,Seoul-1747,3,54,Normal
2026-02-08 09:47:47.561146,Seoul-1747,48,90,Normal
2026-02-08 09:47:48.561146,Seoul-1747,3,40,Normal
2026-02-08 09:47:49.561146,Seoul-1747,-26,41,Normal
2026-02-08 09:47:50.561146,Seoul-1747,-12,87,Normal
2026-02-08 09:47:51.561146,Seoul-1747,2,73,Normal
2026-02-08 09:47:52.561146,Seoul-1747,49,66,Normal
2026-02-08 09:47:53.561146,Seoul-1747,44,30,Normal
2026-02-08 09:47:54.561146,Seoul-1747,-13,96,Normal
2026-02-08 09:47:55.561146,Seoul-1747,-26,100,Normal
2026-02-08 09:47:56.561146,Seoul-1747,-29,86,Normal
2026-02-08 09:47:57.561146,Seoul-1747,27,80,Normal
2026-02-08 09:47:58.561146,Seoul-1747,-24,9,Normal
2026-02-08 09:47:59.561146,Seoul-1747,12,95,Normal
2026-02-08 09:48:00.561146,Seoul-1747,5,29,Normal
2026-02-08 09:48:01.561146,Seoul-1747,30,99,Normal
2026-02-08 09:48:02.561146,Seoul-1747,-25,55,Normal
2026-02-08 09:48:03.561146,Seoul-1747,43,61,Normal
2026-02-08 09:48:04.561146,Seoul-1747,37,52,Normal
2026-02-08 09:48:05.561146,Seoul-1747,-17,6,Normal
2026-02-08 09:48:06.561146,Seoul-1747,28,73,Normal
2026-02-08 09:48:07.561146,Seoul-1747,-19,59,Normal
2026-02-08 09:48:08.561146,Seoul-1747,21,58,Normal
2026-02-08 09:48:09.561146,Seoul-1747,25,59,Normal
2026-02-08 09:48:10.561146,Seoul-1747,23,56,Normal
2026-02-08 09:48:11.561146,Seoul-1747,30,76,Normal
2026-02-08 09:48:12.561146,Seoul-1747,13,93,Normal
2026-02-08 09:48:13.561146,Seoul-1747,45,21,Normal
2026-02-08 09:48:14.561146,Seoul-1747,4,78,Normal
2026-02-08 09:48:15.561146,Seoul-1747,11,8,Normal
2026-02-08 09:48:16.561146,Seoul-1747,-4,100,Normal
2026-02-08 09:48:17.561146,Seoul-1747,30,47,Normal
2026-02-08 09:48:18.561146,Seoul-1747,2,92,Normal
2026-02-08 09:48:19.561146,Seoul-1747,37,51,Normal
2026-02-08 09:48:20.561146,Seoul-1747,-2,32,Normal
2026-02-08 09:48:21.561146,Seoul-1747,-19,11,Normal
2026-02-08 09:48:22.561146,Seoul-1747,21,100,Normal
2026-02-08 09:48:23.561146,Seoul-1747,-29,30,Normal
2026-02-08 09:48:24.561146,Seoul-1747,2,12,Normal
2026-02-08 09:48:25.561146,Seoul-1747,-20,75,Normal
2026-02-08 09:48:26.561146,Seoul-1747,49,22,Normal
2026-02-08 09:48:27.561146,Seoul-1747,31,35,Normal
2026-02-08 09:48:28.561146,Seoul-1747,26,98,Normal
2026-02-08 09:48:29.561146,Seoul-1747,17,11,Normal
2026-02-08 09:48:30.561146,Seoul-1747,-11,29,Normal
2026-02-08 09:48:31.561146,Seoul-1747,30,30,Normal
2026-02-08 09:48:32.561146,Seoul-1747,-13,15,Normal
2026-02-08 09:48:33.561146,Seoul-1747,28,83,Normal
2026-02-08 09:48:34.561146,Seoul-1747,40,71,Normal
2026-02-08 09:48:35.561146,Seoul-1747,50,28,Normal
2026-02-08 09:48:36.561146,Seoul-1747,29,22,Normal
2026-02-08 09:48:37.561146,Seoul-1747,29,21,Normal
2026-02-08 09:48:38.561146,Seoul-1747,14,79,Normal
2026-02-08 09:48:39.561146,Seoul-1747,35,33,Normal
2026-02-08 09:48:40.561146,Seoul-1747,-11,3,Normal
2026-02-08 09:48:41.561146,Seoul-1747,35,62,Normal
2026-02-08 09:48:42.561146,Seoul-1747,7,40,Normal
2026-02-08 09:48:43.561146,Seoul-1747,11,79,Normal
2026-02-08 09:48:44.561146,Seoul-1747,34,65,Normal
2026-02-08 09:48:45.561146,Seoul-1747,-23,38,Normal
2026-02-08 09:48:46.561146,Seoul-1747,15,45,Normal
2026-02-08 09:48:47.561146,Seoul-1747,27,100,Normal
2026-02-08 09:48:48.561146,Seoul-1747,33,34,Normal
2026-02-08 09:48:49.561146,Seoul-1747,-2,68,Normal
2026-02-08 09:48:50.561146,Seoul-1747,-14,4,Normal
2026-02-08 09:48:51.561146,Seoul-1747,10,28,Normal
2026-02-08 09:48:52.561146,Seoul-1747,-18,11,Normal
2026-02-08 09:48:53.561146,Seoul-1747,2,47,Normal
2026-02-08 09:48:54.561146,Seoul-1747,-9,86,Normal
2026-02-08 09:48:55.561146,Seoul-1747,12,60,Normal
2026-02-08 09:48:56.561146,Seoul-1747,18,19,Normal
2026-02-08 09:48:57.561146,Seoul-1747,-22,68,Normal
2026-02-08 09:48:58.561146,Seoul-1747,43,56,Normal
2026-02-08 09:48:59.561146,Seoul-1747,16,63,Normal
2026-02-08 09:49:00.561146,Seoul-1747,40,4,Normal
2026-02-08 09:49:01.561146,Seoul-1747,18,59,Normal
2026-02-08 09:49:02.561146,Seoul-1747,-25,34,Normal
2026-02-08 09:49:03.561146,Seoul-1747,-14,56,Normal
2026-02-08 09:49:04.561146,Seoul-1747,-21,4,Normal
2026-02-08 09:49:05.561146,Seoul-1747,4,91,Normal
2026-02-08 09:49:06.561146,Seoul-1747,-3,47,Normal
2026-02-08 09:49:07.561146,Seoul-1747,30,97,Normal
2026-02-08 09:49:08.561146,Seoul-1747,25,70,Normal
2026-02-08 09:49:09.561146,Seoul-1747,14,59,Normal
2026-02-08 09:49:10.561146,Seoul-1747,9,88,Normal
2026-02-08 09:49:11.561146,Seoul-1747,14,28,Normal
2026-02-08 09:49:12.561146,Seoul-1747,-17,89,Normal
2026-02-08 09:49:13.561146,Seoul-1747,-3,62,Normal
2026-02-08 09:49:14.561146,Seoul-1747,-16,25,Normal
2026-02-08 09:49:15.561146,Seoul-1747,-7,32,Normal
2026-02-08 09:49:16.561146,Seoul-1747,30,85,Normal
2026-02-08 09:49:17.561146,Seoul-1747,-12,51,Normal
2026-02-08 09:49:18.561146,Seoul-1747,-16,36,Normal
2026-02-08 09:49:19.561146,Seoul-1747,43,56,Normal
2026-02-08 09:49:20.561146,Seoul-1747,-22,14,Normal
2026-02-08 09:49:21.561146,Seoul-1747,-29,13,Normal
2026-02-08 09:49:22.561146,Seoul-1747,25,92,Normal
2026-02-08 09:49:23.561146,Seoul-1747,-20,42,Normal
2026-02-08 09:49:24.561146,Seoul-1747,15,4,Normal
2026-02-08 09:49:25.561146,Seoul-1747,42,72,Normal
2026-02-08 09:49:26.561146,Seoul-1747,-18,25,Normal
2026-02-08 09:49:27.561146,Seoul-1747,8,20,Normal
2026-02-08 09:49:28.561146,Seoul-1747,-18,52,Normal
2026-02-08 09:49:29.561146,Seoul-1747,18,36,Normal
2026-02-08 09:49:30.561146,Seoul-1747,23,84,Normal
2026-02-08 09:49:31.561146,Seoul-1747,47,30,Normal
2026-02-08 09:49:32.561146,Seoul-1747,-25,73,Normal
2026-02-08 09:49:33.561146,Seoul-1747,18,21,Normal
2026-02-08 09:49:34.561146,Seoul-1747,4,82,Normal
2026-02-08 09:49:35.561146,Seoul-1747,28,46,Normal
2026-02-08 09:49:36.561146,Seoul-1747,35,70,Normal
2026-02-08 09:49:37.561146,Seoul-1747,-10,50,Normal
2026-02-08 09:49:38.561146,Seoul-1747,43,18,Normal
2026-02-08 09:49:39.561146,Seoul-1747,50,3,Normal
2026-02-08 09:49:40.561146,Seoul-1747,36,99,Normal
2026-02-08 09:49:41.561146,Seoul-1747,39,1,Normal
2026-02-08 09:49:42.561146,Seoul-1747,10,74,Normal
2026-02-08 09:49:43.561146,Seoul-1747,44,10,Normal
2026-02-08 09:49:44.561146,Seoul-1747,6,88,Normal
2026-02-08 09:49:45.561146,Seoul-1747,-12,97,Normal
2026-02-08 09:49:46.561146,Seoul-1747,-7,58,Normal
2026-02-08 09:49:47.561146,Seoul-1747,-26,93,Normal
2026-02-08 09:49:48.561146,Seoul-1747,-13,11,Normal
2026-02-08 09:49:49.561146,Seoul-1747,19,71,Normal
2026-02-08 09:49:50.561146,Seoul-1747,36,72,Normal
2026-02-08 09:49:51.561146,Seoul-1747,17,29,Normal
2026-02-08 09:49:52.561146,Seoul-1747,22,43,Normal
2026-02-08 09:49:53.561146,Seoul-1747,9,9,Normal
2026-02-08 09:49:54.561146,Seoul-1747,23,65,Normal
2026-02-08 09:49:55.561146,Seoul-1747,48,88,Normal
2026-02-08 09:49:56.561146,Seoul-1747,15,85,Normal
2026-02-08 09:49:57.561146,Seoul-1747,-28,47,Normal
2026-02-08 09:49:58.561146,Seoul-1747,2,99,Normal
2026-02-08 09:49:59.561146,Seoul-1747,20,35,Normal
2026-02-08 09:50:00.561146,Seoul-1747,10,29,Normal
2026-02-08 09:50:01.561146,Seoul-1747,3,31,Normal
2026-02-08 09:50:02.561146,Seoul-1747,18,26,Normal
2026-02-08 09:50:03.561146,Seoul-1747,45,25,Normal
2026-02-08 09:50:04.561146,Seoul-1747,-1,13,Normal
2026-02-08 09:50:05.561146,Seoul-1747,23,81,Normal
2026-02-08 09:50:06.561146,Seoul-1747,16,57,Normal
2026-02-08 09:50:07.561146,Seoul-1747,37,65,Normal
2026-02-08 09:50:08.561146,Seoul-1747,6,30,Normal
2026-02-08 09:50:09.561146,Seoul-1747,8,46,Normal
2026-02-08 09:50:10.561146,Seoul-1747,-19,16,Normal
2026-02-08 09:50:11.561146,Seoul-1747,6,93,Normal
2026-02-08 09:50:12.561146,Seoul-1747,0,98,Normal
2026-02-08 09:50:13.561146,Seoul-1747,23,37,Normal
2026-02-08 09:50:14.561146,Seoul-1747,-13,40,Normal
2026-02-08 09:50:15.561146,Seoul-1747,27,45,Normal
2026-02-08 09:50:16.561146,Seoul-1747,-23,98,Normal
2026-02-08 09:50:17.561146,Seoul-1747,-20,20,Normal
2026-02-08 09:50:18.561146,Seoul-1747,-23,72,Normal
2026-02-08 09:50:19.561146,Seoul-1747,-17,10,Normal
2026-02-08 09:50:20.561146,Seoul-1747,27,38,Normal
2026-02-08 09:50:21.561146,Seoul-1747,15,31,Normal
2026-02-08 09:50:22.561146,Seoul-1747,-11,26,Normal
2026-02-08 09:50:23.561146,Seoul-1747,47,65,Normal
2026-02-08 09:50:24.561146,Seoul-1747,15,24,Normal
2026-02-08 09:50:25.561146,Seoul-1747,-27,79,Normal
2026-02-08 09:50:26.561146,Seoul-1747,44,75,Normal
2026-02-08 09:50:27.561146,Seoul-1747,43,9,Normal
2026-02-08 09:50:28.561146,Seoul-1747,4,6,Normal
2026-02-08 09:50:29.561146,Seoul-1747,-3,51,Normal
2026-02-08 09:50:30.561146,Seoul-1747,-17,76,Normal
2026-02-08 09:50:31.561146,Seoul-1747,-8,21,Normal
2026-02-08 09:50:32.561146,Seoul-1747,11,38,Normal
2026-02-08 09:50:33.561146,Seoul-1747,15,0,Normal
2026-02-08 09:50:34.561146,Seoul-1747,10,68,Normal
2026-02-08 09:50:35.561146,Seoul-1747,-29,30,Normal
2026-02-08 09:50:36.561146,Seoul-1747,-5,3,Normal
2026-02-08 09:50:37.561146,Seoul-1747,1,73,Normal
2026-02-08 09:50:38.561146,Seoul-1747,6,15,Normal
2026-02-08 09:50:39.561146,Seoul-1747,-22,96,Normal
2026-02-08 09:50:40.561146,Seoul-1747,40,31,Normal
2026-02-08 09:50:41.561146,Seoul-1747,0,0,Normal
2026-02-08 09:50:42.561146,Seoul-1747,-22,90,Normal
2026-02-08 09:50:43.561146,Seoul-1747,-24,74,Normal
2026-02-08 09:50:44.561146,Seoul-1747,4,83,Normal
2026-02-08 09:50:45.561146,Seoul-1747,5,11,Normal
2026-02-08 09:50:46.561146,Seoul-1747,33,38,Normal
2026-02-08 09:50:47.561146,Seoul-1747,41,87,Normal
2026-02-08 09:50:48.561146,Seoul-1747,39,16,Normal
2026-02-08 09:50:49.561146,Seoul-1747,-22,54,Normal
2026-02-08 09:50:50.561146,Seoul-1747,-26,69,Normal
2026-02-08 09:50:51.561146,Seoul-1747,42,49,Normal
2026-02-08 09:50:52.561146,Seoul-1747,-17,49,Normal
2026-02-08 09:50:53.561146,Seoul-1747,-9,58,Normal
2026-02-08 09:50:54.561146,Seoul-1747,15,92,Normal
2026-02-08 09:50:55.561146,Seoul-1747,13,16,Normal
2026-02-08 09:50:56.561146,Seoul-1747,-8,29,Normal
2026-02-08 09:50:57.561146,Seoul-1747,-8,4,Normal
2026-02-08 09:50:58.561146,Seoul-1747,12,50,Normal
2026-02-08 09:50:59.561146,Seoul-1747,16,26,Normal
2026-02-08 09:51:00.561146,Seoul-1747,50,100,Normal
2026-02-08 09:51:01.561146,Seoul-1747,29,59,Normal
2026-02-08 09:51:02.561146,Seoul-1747,45,16,Normal
2026-02-08 09:51:03.561146,Seoul-1747,5,9,Normal
2026-02-08 09:51:04.561146,Seoul-1747,11,65,Normal
2026-02-08 09:51:05.561146,Seoul-1747,2,77,Normal
2026-02-08 09:51:06.561146,Seoul-1747,-18,61,Normal
2026-02-08 09:51:07.561146,Seoul-1747,4,83,Normal
2026-02-08 09:51:08.561146,Seoul-1747,27,36,Normal
2026-02-08 09:51:09.561146,Seoul-1747,-28,28,Normal
2026-02-08 09:51:10.561146,Seoul-1747,-19,53,Normal
2026-02-08 09:51:11.561146,Seoul-1747,-15,9,Normal
2026-02-08 09:51:12.561146,Seoul-1747,14,66,Normal
2026-02-08 09:51:13.561146,Seoul-1747,6,45,Normal
2026-02-08 09:51:14.561146,Seoul-1747,-22,70,Normal
2026-02-08 09:51:15.561146,Seoul-1747,9,17,Normal
2026-02-08 09:51:16.561146,Seoul-1747,20,1,Normal
2026-02-08 09:51:17.561146,Seoul-1747,-17,98,Normal
2026-02-08 09:51:18.561146,Seoul-1747,-28,85,Normal
2026-02-08 09:51:19.561146,Seoul-1747,27,2,Normal
2026-02-08 09:51:20.561146,Seoul-1747,-26,98,Normal
2026-02-08 09:51:21.561146,Seoul-1747,37,88,Normal
2026-02-08 09:51:22.561146,Seoul-1747,43,82,Normal
2026-02-08 09:51:23.561146,Seoul-1747,-27,25,Normal
2026-02-08 09:51:24.561146,Seoul-1747,15,70,Normal
2026-02-08 09:51:25.561146,Seoul-1747,25,14,Normal
2026-02-08 09:51:26.561146,Seoul-1747,41,36,Normal
2026-02-08 09:51:27.561146,Seoul-1747,17,19,Normal
2026-02-08 09:51:28.561146,Seoul-1747,-29,77,Normal
2026-02-08 09:51:29.561146,Seoul-1747,9,21,Normal
2026-02-08 09:51:30.561146,Seoul-1747,26,89,Normal
2026-02-08 09:51:31.561146,Seoul-1747,35,28,Normal
2026-02-08 09:51:32.561146,Seoul-1747,24,81,Normal
2026-02-08 09:51:33.561146,Seoul-1747,3,17,Normal
2026-02-08 09:51:34.561146,Seoul-1747,-6,71,Normal
2026-02-08 09:51:35.561146,Seoul-1747,11,54,Normal
2026-02-08 09:51:36.561146,Seoul-1747,33,46,Normal
2026-02-08 09:51:37.561146,Seoul-1747,36,87,Normal
2026-02-08 09:51:38.561146,Seoul-1747,16,7,Normal
2026-02-08 09:51:39.561146,Seoul-1747,-18,59,Normal
2026-02-08 09:51:40.561146,Seoul-1747,-8,62,Normal
2026-02-08 09:51:41.561146,Seoul-1747,-25,35,Normal
2026-02-08 09:51:42.561146,Seoul-1747,-3,100,Normal
2026-02-08 09:51:43.561146,Seoul-1747,-13,90,Normal
2026-02-08 09:51:44.561146,Seoul-1747,31,13,Normal
2026-02-08 09:51:45.561146,Seoul-1747,50,48,Normal
2026-02-08 09:51:46.561146,Seoul-1747,-25,33,Normal
2026-02-08 09:51:47.561146,Seoul-1747,-28,53,Normal
2026-02-08 09:51:48.561146,Seoul-1747,-27,98,Normal
2026-02-08 09:51:49.561146,Seoul-1747,50,55,Normal
2026-02-08 09:51:50.561146,Seoul-1747,1,80,Normal
2026-02-08 09:51:51.561146,Seoul-1747,42,72,Normal
2026-02-08 09:51:52.561146,Seoul-1747,32,79,Normal
2026-02-08 09:51:53.561146,Seoul-1747,28,0,Normal
2026-02-08 09:51:54.561146,Seoul-1747,-8,7,Normal
2026-02-08 09:51:55.561146,Seoul-1747,36,56,Normal
2026-02-08 09:51:56.561146,Seoul-1747,28,95,Normal
2026-02-08 09:51:57.561146,Seoul-1747,-30,25,Normal
2026-02-08 09:51:58.561146,Seoul-1747,22,87,Normal
2026-02-08 09:51:59.561146,Seoul-1747,-2,80,Normal
2026-02-08 09:52:00.561146,Seoul-1747,-26,46,Normal
2026-02-08 09:52:01.561146,Seoul-1747,16,56,Normal
2026-02-08 09:52:02.561146,Seoul-1747,29,16,Normal
2026-02-08 09:52:03.561146,Seoul-1747,24,36,Normal
2026-02-08 09:52:04.561146,Seoul-1747,2,61,Normal
2026-02-08 09:52:05.561146,Seoul-1747,48,35,Normal
2026-02-08 09:52:06.561146,Seoul-1747,49,24,Normal
2026-02-08 09:52:07.561146,Seoul-1747,-18,66,Normal
2026-02-08 09:52:08.561146,Seoul-1747,-13,64,Normal
2026-02-08 09:52:09.561146,Seoul-1747,-15,9,Normal
2026-02-08 09:52:10.561146,Seoul-1747,29,13,Normal
2026-02-08 09:52:11.561146,Seoul-1747,19,77,Normal
2026-02-08 09:52:12.561146,Seoul-1747,4,13,Normal
2026-02-08 09:52:13.561146,Seoul-1747,19,6,Normal
2026-02-08 09:52:14.561146,Seoul-1747,24,30,Normal
2026-02-08 09:52:15.561146,Seoul-1747,12,5,Normal
2026-02-08 09:52:16.561146,Seoul-1747,39,16,Normal
2026-02-08 09:52:17.561146,Seoul-1747,-26,18,Normal
2026-02-08 09:52:18.561146,Seoul-1747,40,65,Normal
2026-02-08 09:52:19.561146,Seoul-1747,40,60,Normal
2026-02-08 09:52:20.561146,Seoul-1747,8,49,Normal
2026-02-08 09:52:21.561146,Seoul-1747,28,91,Normal
2026-02-08 09:52:22.561146,Seoul-1747,36,86,Normal
2026-02-08 09:52:23.561146,Seoul-1747,31,54,Normal
2026-02-08 09:52:24.561146,Seoul-1747,2,1,Normal
2026-02-08 09:52:25.561146,Seoul-1747,-26,5,Normal
2026-02-08 09:52:26.561146,Seoul-1747,38,78,Normal
2026-02-08 09:52:27.561146,Seoul-1747,37,21,Normal
2026-02-08 09:52:28.561146,Seoul-1747,22,70,Normal
2026-02-08 09:52:29.561146,Seoul-1747,36,8,Normal
2026-02-08 09:52:30.561146,Seoul-1747,17,74,Normal
2026-02-08 09:52:31.561146,Seoul-1747,47,72,Normal
2026-02-08 09:52:32.561146,Seoul-1747,36,63,Normal
2026-02-08 09:52:33.561146,Seoul-1747,43,74,Normal
2026-02-08 09:52:34.561146,Seoul-1747,-15,86,Normal
2026-02-08 09:52:35.561146,Seoul-1747,-28,78,Normal
2026-02-08 09:52:36.561146,Seoul-1747,-18,41,Normal
2026-02-08 09:52:37.561146,Seoul-1747,10,36,Normal
2026-02-08 09:52:38.561146,Seoul-1747,9,13,Normal
2026-02-08 09:52:39.561146,Seoul-1747,20,39,Normal
2026-02-08 09:52:40.561146,Seoul-1747,10,59,Normal
2026-02-08 09:52:41.561146,Seoul-1747,4,9,Normal
2026-02-08 09:52:42.561146,Seoul-1747,45,33,Normal
2026-02-08 09:52:43.561146,Seoul-1747,10,62,Normal
2026-02-08 09:52:44.561146,Seoul-1747,2,50,Normal
2026-02-08 09:52:45.561146,Seoul-1747,-7,21,Normal
2026-02-08 09:52:46.561146,Seoul-1747,25,31,Normal
2026-02-08 09:52:47.561146,Seoul-1747,-13,14,Normal
2026-02-08 09:52:48.561146,Seoul-1747,44,31,Normal
2026-02-08 09:52:49.561146,Seoul-1747,-19,25,Normal
2026-02-08 09:52:50.561146,Seoul-1747,-9,51,Normal
2026-02-08 09:52:51.561146,Seoul-1747,47,28,Normal
2026-02-08 09:52:52.561146,Seoul-1747,36,32,Normal
2026-02-08 09:52:53.561146,Seoul-1747,30,52,Normal
2026-02-08 09:52:54.561146,Seoul-1747,-8,34,Normal
2026-02-08 09:52:55.561146,Seoul-1747,47,33,Normal
2026-02-08 09:52:56.561146,Seoul-1747,-16,100,Normal
2026-02-08 09:52:57.561146,Seoul-1747,-3,28,Normal
2026-02-08 09:52:58.561146,Seoul-1747,4,91,Normal
2026-02-08 09:52:59.561146,Seoul-1747,18,19,Normal
2026-02-08 09:53:00.561146,Seoul-1747,-24,61,Normal
2026-02-08 09:53:01.561146,Seoul-1747,8,44,Normal
2026-02-08 09:53:02.561146,Seoul-1747,14,61,Normal
2026-02-08 09:53:03.561146,Seoul-1747,-21,84,Normal
2026-02-08 09:53:04.561146,Seoul-1747,19,14,Normal
2026-02-08 09:53:05.561146,Seoul-1747,32,23,Normal
2026-02-08 09:53:06.561146,Seoul-1747,-16,45,Normal
2026-02-08 09:53:07.561146,Seoul-1747,18,46,Normal
2026-02-08 09:53:08.561146,Seoul-1747,43,94,Normal
2026-02-08 09:53:09.561146,Seoul-1747,-25,48,Normal
2026-02-08 09:53:10.561146,Seoul-1747,49,100,Normal
2026-02-08 09:53:11.561146,Seoul-1747,33,40,Normal
2026-02-08 09:53:12.561146,Seoul-1747,-25,89,Normal
2026-02-08 09:53:13.561146,Seoul-1747,34,43,Normal
2026-02-08 09:53:14.561146,Seoul-1747,-21,100,Normal
2026-02-08 09:53:15.561146,Seoul-1747,32,12,Normal
2026-02-08 09:53:16.561146,Seoul-1747,17,81,Normal
2026-02-08 09:53:17.561146,Seoul-1747,-23,19,Normal
2026-02-08 09:53:18.561146,Seoul-1747,40,44,Normal
2026-02-08 09:53:19.561146,Seoul-1747,-8,2,Normal
2026-02-08 09:53:20.561146,Seoul-1747,-3,80,Normal
2026-02-08 09:53:21.561146,Seoul-1747,48,94,Normal
2026-02-08 09:53:22.561146,Seoul-1747,20,7,Normal
2026-02-08 09:53:23.561146,Seoul-1747,-22,57,Normal
2026-02-08 09:53:24.561146,Seoul-1747,31,22,Normal
2026-02-08 09:53:25.561146,Seoul-1747,0,96,Normal
2026-02-08 09:53:26.561146,Seoul-1747,43,36,Normal
2026-02-08 09:53:27.561146,Seoul-1747,-3,54,Normal
2026-02-08 09:53:28.561146,Seoul-1747,12,78,Normal
2026-02-08 09:53:29.561146,Seoul-1747,-23,10,Normal
2026-02-08 09:53:30.561146,Seoul-1747,-11,35,Normal
2026-02-08 09:53:31.561146,Seoul-1747,38,67,Normal
2026-02-08 09:53:32.561146,Seoul-1747,0,5,Normal
2026-02-08 09:53:33.561146,Seoul-1747,31,34,Normal
2026-02-08 09:53:34.561146,Seoul-1747,-20,92,Normal
2026-02-08 09:53:35.561146,Seoul-1747,8,93,Normal
2026-02-08 09:53:36.561146,Seoul-1747,37,81,Normal
2026-02-08 09:53:37.561146,Seoul-1747,-4,74,Normal
2026-02-08 09:53:38.561146,Seoul-1747,-9,7,Normal
2026-02-08 09:53:39.561146,Seoul-1747,21,33,Normal
2026-02-08 09:53:40.561146,Seoul-1747,14,75,Normal
2026-02-08 09:53:41.561146,Seoul-1747,-11,11,Normal
2026-02-08 09:53:42.561146,Seoul-1747,-11,45,Normal
2026-02-08 09:53:43.561146,Seoul-1747,46,77,Normal
2026-02-08 09:53:44.561146,Seoul-1747,-21,0,Normal
2026-02-08 09:53:45.561146,Seoul-1747,-28,74,Normal
2026-02-08 09:53:46.561146,Seoul-1747,-13,12,Normal
2026-02-08 09:53:47.561146,Seoul-1747,-16,55,Normal
2026-02-08 09:53:48.561146,Seoul-1747,15,22,Normal
2026-02-08 09:53:49.561146,Seoul-1747,2,43,Normal
2026-02-08 09:53:50.561146,Seoul-1747,21,81,Normal
2026-02-08 09:53:51.561146,Seoul-1747,34,47,Normal
2026-02-08 09:53:52.561146,Seoul-1747,25,13,Normal
2026-02-08 09:53:53.561146,Seoul-1747,-12,75,Normal
2026-02-08 09:53:54.561146,Seoul-1747,32,69,Normal
2026-02-08 09:53:55.561146,Seoul-1747,31,22,Normal
2026-02-08 09:53:56.561146,Seoul-1747,15,20,Normal
2026-02-08 09:53:57.561146,Seoul-1747,26,19,Normal
2026-02-08 09:53:58.561146,Seoul-1747,44,79,Normal
2026-02-08 09:53:59.561146,Seoul-1747,22,23,Normal
2026-02-08 09:54:00.561146,Seoul-1747,3,25,Normal
2026-02-08 09:54:01.561146,Seoul-1747,41,27,Normal
2026-02-08 09:54:02.561146,Seoul-1747,39,28,Normal
2026-02-08 09:54:03.561146,Seoul-1747,-1,15,Normal
2026-02-08 09:54:04.561146,Seoul-1747,-3,39,Normal
2026-02-08 09:54:05.561146,Seoul-1747,33,96,Normal
2026-02-08 09:54:06.561146,Seoul-1747,16,14,Normal
2026-02-08 09:54:07.561146,Seoul-1747,48,71,Normal
2026-02-08 09:54:08.561146,Seoul-1747,33,43,Normal
2026-02-08 09:54:09.561146,Seoul-1747,15,20,Normal
2026-02-08 09:54:10.561146,Seoul-1747,-9,63,Normal
2026-02-08 09:54:11.561146,Seoul-1747,20,41,Normal
2026-02-08 09:54:12.561146,Seoul-1747,-16,71,Normal
2026-02-08 09:54:13.561146,Seoul-1747,18,32,Normal
2026-02-08 09:54:14.561146,Seoul-1747,23,16,Normal
2026-02-08 09:54:15.561146,Seoul-1747,-18,86,Normal
2026-02-08 09:54:16.561146,Seoul-1747,10,92,Normal
2026-02-08 09:54:17.561146,Seoul-1747,24,75,Normal
2026-02-08 09:54:18.561146,Seoul-1747,-18,38,Normal
2026-02-08 09:54:19.561146,Seoul-1747,0,52,Normal
2026-02-08 09:54:20.561146,Seoul-1747,41,66,Normal
2026-02-08 09:54:21.561146,Seoul-1747,36,54,Normal
2026-02-08 09:54:22.561146,Seoul-1747,-7,35,Normal
2026-02-08 09:54:23.561146,Seoul-1747,-7,34,Normal
2026-02-08 09:54:24.561146,Seoul-1747,-30,32,Normal
2026-02-08 09:54:25.561146,Seoul-1747,-18,69,Normal
2026-02-08 09:54:26.561146,Seoul-1747,45,18,Normal
2026-02-08 09:54:27.561146,Seoul-1747,35,66,Normal
2026-02-08 09:54:28.561146,Seoul-1747,-9,60,Normal
2026-02-08 09:54:29.561146,Seoul-1747,33,44,Normal
2026-02-08 09:54:30.561146,Seoul-1747,-20,93,Normal
2026-02-08 09:54:31.561146,Seoul-1747,35,3,Normal
2026-02-08 09:54:32.561146,Seoul-1747,-16,27,Normal
2026-02-08 09:54:33.561146,Seoul-1747,-5,48,Normal
2026-02-08 09:54:34.561146,Seoul-1747,12,23,Normal
2026-02-08 09:54:35.561146,Seoul-1747,38,10,Normal
2026-02-08 09:54:36.561146,Seoul-1747,-23,94,Normal
2026-02-08 09:54:37.561146,Seoul-1747,16,39,Normal
2026-02-08 09:54:38.561146,Seoul-1747,24,37,Normal
2026-02-08 09:54:39.561146,Seoul-1747,-28,80,Normal
2026-02-08 09:54:40.561146,Seoul-1747,-13,15,Normal
2026-02-08 09:54:41.561146,Seoul-1747,1,22,Normal
2026-02-08 09:54:42.561146,Seoul-1747,44,89,Normal
2026-02-08 09:54:43.561146,Seoul-1747,48,63,Normal
2026-02-08 09:54:44.561146,Seoul-1747,21,38,Normal
2026-02-08 09:54:45.561146,Seoul-1747,31,97,Normal
2026-02-08 09:54:46.561146,Seoul-1747,-14,41,Normal
2026-02-08 09:54:47.561146,Seoul-1747,43,56,Normal
2026-02-08 09:54:48.561146,Seoul-1747,-29,13,Normal
2026-02-08 09:54:49.561146,Seoul-1747,34,15,Normal
2026-02-08 09:54:50.561146,Seoul-1747,26,82,Normal
2026-02-08 09:54:51.561146,Seoul-1747,-1,87,Normal
2026-02-08 09:54:52.561146,Seoul-1747,-3,71,Normal
2026-02-08 09:54:53.561146,Seoul-1747,24,67,Normal
2026-02-08 09:54:54.561146,Seoul-1747,-1,66,Normal
2026-02-08 09:54:55.561146,Seoul-1747,21,39,Normal
2026-02-08 09:54:56.561146,Seoul-1747,0,35,Normal
2026-02-08 09:54:57.561146,Seoul-1747,-27,100,Normal
2026-02-08 09:54:58.561146,Seoul-1747,6,37,Normal
2026-02-08 09:54:59.561146,Seoul-1747,-4,23,Normal
2026-02-08 09:55:00.561146,Seoul-1747,33,91,Normal
2026-02-08 09:55:01.561146,Seoul-1747,-17,88,Normal
2026-02-08 09:55:02.561146,Seoul-1747,9,35,Normal
2026-02-08 09:55:03.561146,Seoul-1747,-18,43,Normal
2026-02-08 09:55:04.561146,Seoul-1747,11,82,Normal
2026-02-08 09:55:05.561146,Seoul-1747,2,90,Normal
2026-02-08 09:55:06.561146,Seoul-1747,25,70,Normal
2026-02-08 09:55:07.561146,Seoul-1747,-22,25,Normal
2026-02-08 09:55:08.561146,Seoul-1747,-29,77,Normal
2026-02-08 09:55:09.561146,Seoul-1747,21,45,Normal
2026-02-08 09:55:10.561146,Seoul-1747,43,62,Normal
2026-02-08 09:55:11.561146,Seoul-1747,-29,58,Normal
2026-02-08 09:55:12.561146,Seoul-1747,20,97,Normal
2026-02-08 09:55:13.561146,Seoul-1747,28,90,Normal
2026-02-08 09:55:14.561146,Seoul-1747,40,25,Normal
2026-02-08 09:55:15.561146,Seoul-1747,-29,0,Normal
2026-02-08 09:55:16.561146,Seoul-1747,-18,55,Normal
2026-02-08 09:55:17.561146,Seoul-1747,-15,40,Normal
2026-02-08 09:55:18.561146,Seoul-1747,0,26,Normal
2026-02-08 09:55:19.561146,Seoul-1747,40,1,Normal
2026-02-08 09:55:20.561146,Seoul-1747,32,83,Normal
2026-02-08 09:55:21.561146,Seoul-1747,-2,71,Normal
2026-02-08 09:55:22.561146,Seoul-1747,39,92,Normal
2026-02-08 09:55:23.561146,Seoul-1747,-17,42,Normal
2026-02-08 09:55:24.561146,Seoul-1747,9,93,Normal
2026-02-08 09:55:25.561146,Seoul-1747,-4,3,Normal
2026-02-08 09:55:26.561146,Seoul-1747,13,44,Normal
2026-02-08 09:55:27.561146,Seoul-1747,3,82,Normal
2026-02-08 09:55:28.561146,Seoul-1747,19,0,Normal
2026-02-08 09:55:29.561146,Seoul-1747,-19,62,Normal
2026-02-08 09:55:30.561146,Seoul-1747,-12,66,Normal
2026-02-08 09:55:31.561146,Seoul-1747,30,36,Normal
2026-02-08 09:55:32.561146,Seoul-1747,6,32,Normal
2026-02-08 09:55:33.561146,Seoul-1747,-29,49,Normal
2026-02-08 09:55:34.561146,Seoul-1747,46,13,Normal
2026-02-08 09:55:35.561146,Seoul-1747,3,93,Normal
2026-02-08 09:55:36.561146,Seoul-1747,29,87,Normal
2026-02-08 09:55:37.561146,Seoul-1747,27,77,Normal
2026-02-08 09:55:38.561146,Seoul-1747,29,12,Normal
2026-02-08 09:55:39.561146,Seoul-1747,35,47,Normal
2026-02-08 09:55:40.561146,Seoul-1747,-23,51,Normal
2026-02-08 09:55:41.561146,Seoul-1747,29,33,Normal
2026-02-08 09:55:42.561146,Seoul-1747,1,39,Normal
2026-02-08 09:55:43.561146,Seoul-1747,13,10,Normal
2026-02-08 09:55:44.561146,Seoul-1747,29,70,Normal
2026-02-08 09:55:45.561146,Seoul-1747,-21,44,Normal
2026-02-08 09:55:46.561146,Seoul-1747,39,11,Normal
2026-02-08 09:55:47.561146,Seoul-1747,39,72,Normal
2026-02-08 09:55:48.561146,Seoul-1747,12,86,Normal
2026-02-08 09:55:49.561146,Seoul-1747,6,67,Normal
2026-02-08 09:55:50.561146,Seoul-1747,-13,6,Normal
2026-02-08 09:55:51.561146,Seoul-1747,-21,34,Normal
2026-02-08 09:55:52.561146,Seoul-1747,-28,7,Normal
2026-02-08 09:55:53.561146,Seoul-1747,28,88,Normal
2026-02-08 09:55:54.561146,Seoul-1747,-18,20,Normal
2026-02-08 09:55:55.561146,Seoul-1747,-14,76,Normal
2026-02-08 09:55:56.561146,Seoul-1747,28,96,Normal
2026-02-08 09:55:57.561146,Seoul-1747,43,27,Normal
2026-02-08 09:55:58.561146,Seoul-1747,45,70,Normal
2026-02-08 09:55:59.561146,Seoul-1747,-4,49,Normal
2026-02-08 09:56:00.561146,Seoul-1747,8,97,Normal
2026-02-08 09:56:01.561146,Seoul-1747,-26,60,Normal
2026-02-08 09:56:02.561146,Seoul-1747,-15,31,Normal
2026-02-08 09:56:03.561146,Seoul-1747,-6,35,Normal
2026-02-08 09:56:04.561146,Seoul-1747,-30,30,Normal
2026-02-08 09:56:05.561146,Seoul-1747,42,64,Normal
2026-02-08 09:56:06.561146,Seoul-1747,3,79,Normal
2026-02-08 09:56:07.561146,Seoul-1747,35,29,Normal
2026-02-08 09:56:08.561146,Seoul-1747,-7,94,Normal
2026-02-08 09:56:09.561146,Seoul-1747,1,5,Normal
2026-02-08 09:56:10.561146,Seoul-1747,-2,91,Normal
2026-02-08 09:56:11.561146,Seoul-1747,27,49,Normal
2026-02-08 09:56:12.561146,Seoul-1747,16,79,Normal
2026-02-08 09:56:13.561146,Seoul-1747,-12,24,Normal
2026-02-08 09:56:14.561146,Seoul-1747,32,6,Normal
2026-02-08 09:56:15.561146,Seoul-1747,-11,58,Normal
2026-02-08 09:56:16.561146,Seoul-1747,35,89,Normal
2026-02-08 09:56:17.561146,Seoul-1747,-12,15,Normal
2026-02-08 09:56:18.561146,Seoul-1747,44,49,Normal
2026-02-08 09:56:19.561146,Seoul-1747,1,65,Normal
2026-02-08 09:56:20.561146,Seoul-1747,9,54,Normal
2026-02-08 09:56:21.561146,Seoul-1747,-10,53,Normal
2026-02-08 09:56:22.561146,Seoul-1747,-17,29,Normal
2026-02-08 09:56:23.561146,Seoul-1747,11,67,Normal
2026-02-08 09:56:24.561146,Seoul-1747,-28,70,Normal
2026-02-08 09:56:25.561146,Seoul-1747,26,74,Normal
2026-02-08 09:56:26.561146,Seoul-1747,28,82,Normal
2026-02-08 09:56:27.561146,Seoul-1747,-9,41,Normal
2026-02-08 09:56:28.561146,Seoul-1747,24,24,Normal
2026-02-08 09:56:29.561146,Seoul-1747,-24,99,Normal
2026-02-08 09:56:30.561146,Seoul-1747,21,35,Normal
2026-02-08 09:56:31.561146,Seoul-1747,7,92,Normal
2026-02-08 09:56:32.561146,Seoul-1747,-30,4,Normal
2026-02-08 09:56:33.561146,Seoul-1747,45,9,Normal
2026-02-08 09:56:34.561146,Seoul-1747,5,3,Normal
2026-02-08 09:56:35.561146,Seoul-1747,-24,89,Normal
2026-02-08 09:56:36.561146,Seoul-1747,-3,61,Normal
2026-02-08 09:56:37.561146,Seoul-1747,15,93,Normal
2026-02-08 09:56:38.561146,Seoul-1747,22,23,Normal
2026-02-08 09:56:39.561146,Seoul-1747,-16,64,Normal
2026-02-08 09:56:40.561146,Seoul-1747,-23,20,Normal
2026-02-08 09:56:41.561146,Seoul-1747,27,6,Normal
2026-02-08 09:56:42.561146,Seoul-1747,-18,66,Normal
2026-02-08 09:56:43.561146,Seoul-1747,28,48,Normal
2026-02-08 09:56:44.561146,Seoul-1747,7,93,Normal
2026-02-08 09:56:45.561146,Seoul-1747,-17,48,Normal
2026-02-08 09:56:46.561146,Seoul-1747,-1,50,Normal
2026-02-08 09:56:47.561146,Seoul-1747,9,58,Normal
2026-02-08 09:56:48.561146,Seoul-1747,46,19,Normal
2026-02-08 09:56:49.561146,Seoul-1747,6,63,Normal
2026-02-08 09:56:50.561146,Seoul-1747,-3,86,Normal
2026-02-08 09:56:51.561146,Seoul-1747,-5,77,Normal
2026-02-08 09:56:52.561146,Seoul-1747,22,78,Normal
2026-02-08 09:56:53.561146,Seoul-1747,17,87,Normal
2026-02-08 09:56:54.561146,Seoul-1747,48,70,Normal
2026-02-08 09:56:55.561146,Seoul-1747,21,53,Normal
2026-02-08 09:56:56.561146,Seoul-1747,4,54,Normal
2026-02-08 09:56:57.561146,Seoul-1747,-4,47,Normal
2026-02-08 09:56:58.561146,Seoul-1747,-13,65,Normal
2026-02-08 09:56:59.561146,Seoul-1747,-15,54,Normal
2026-02-08 09:57:00.561146,Seoul-1747,22,99,Normal
2026-02-08 09:57:01.561146,Seoul-1747,35,59,Normal
2026-02-08 09:57:02.561146,Seoul-1747,-7,27,Normal
2026-02-08 09:57:03.561146,Seoul-1747,-1,99,Normal
2026-02-08 09:57:04.561146,Seoul-1747,0,26,Normal
2026-02-08 09:57:05.561146,Seoul-1747,29,39,Normal
2026-02-08 09:57:06.561146,Seoul-1747,4,74,Normal
2026-02-08 09:57:07.561146,Seoul-1747,49,31,Normal
2026-02-08 09:57:08.561146,Seoul-1747,37,80,Normal
2026-02-08 09:57:09.561146,Seoul-1747,-13,95,Normal
2026-02-08 09:57:10.561146,Seoul-1747,-29,57,Normal
2026-02-08 09:57:11.561146,Seoul-1747,18,64,Normal
2026-02-08 09:57:12.561146,Seoul-1747,-26,52,Normal
2026-02-08 09:57:13.561146,Seoul-1747,21,44,Normal
2026-02-08 09:57:14.561146,Seoul-1747,36,95,Normal
2026-02-08 09:57:15.561146,Seoul-1747,26,22,Normal
2026-02-08 09:57:16.561146,Seoul-1747,47,83,Normal
2026-02-08 09:57:17.561146,Seoul-1747,25,34,Normal
2026-02-08 09:57:18.561146,Seoul-1747,-21,60,Normal
2026-02-08 09:57:19.561146,Seoul-1747,14,21,Normal
2026-02-08 09:57:20.561146,Seoul-1747,46,70,Normal
2026-02-08 09:57:21.561146,Seoul-1747,0,38,Normal
2026-02-08 09:57:22.561146,Seoul-1747,-12,1,Normal
2026-02-08 09:57:23.561146,Seoul-1747,29,75,Normal
2026-02-08 09:57:24.561146,Seoul-1747,-5,98,Normal
2026-02-08 09:57:25.561146,Seoul-1747,-29,63,Normal
2026-02-08 09:57:26.561146,Seoul-1747,21,81,Normal
2026-02-08 09:57:27.561146,Seoul-1747,23,7,Normal
2026-02-08 09:57:28.561146,Seoul-1747,-20,32,Normal
2026-02-08 09:57:29.561146,Seoul-1747,-29,39,Normal
2026-02-08 09:57:30.561146,Seoul-1747,-9,83,Normal
2026-02-08 09:57:31.561146,Seoul-1747,17,79,Normal
2026-02-08 09:57:32.561146,Seoul-1747,20,89,Normal
2026-02-08 09:57:33.561146,Seoul-1747,18,21,Normal
2026-02-08 09:57:34.561146,Seoul-1747,47,43,Normal
2026-02-08 09:57:35.561146,Seoul-1747,36,29,Normal
2026-02-08 09:57:36.561146,Seoul-1747,-25,43,Normal
2026-02-08 09:57:37.561146,Seoul-1747,44,31,Normal
2026-02-08 09:57:38.561146,Seoul-1747,-10,74,Normal
2026-02-08 09:57:39.561146,Seoul-1747,18,91,Normal
2026-02-08 09:57:40.561146,Seoul-1747,3,50,Normal
2026-02-08 09:57:41.561146,Seoul-1747,40,33,Normal
2026-02-08 09:57:42.561146,Seoul-1747,19,71,Normal
2026-02-08 09:57:43.561146,Seoul-1747,-7,51,Normal
2026-02-08 09:57:44.561146,Seoul-1747,39,63,Normal
2026-02-08 09:57:45.561146,Seoul-1747,32,21,Normal
2026-02-08 09:57:46.561146,Seoul-1747,6,53,Normal
2026-02-08 09:57:47.561146,Seoul-1747,5,59,Normal
2026-02-08 09:57:48.561146,Seoul-1747,4,28,Normal
2026-02-08 09:57:49.561146,Seoul-1747,30,86,Normal
2026-02-08 09:57:50.561146,Seoul-1747,7,12,Normal
2026-02-08 09:57:51.561146,Seoul-1747,-18,81,Normal
2026-02-08 09:57:52.561146,Seoul-1747,46,60,Normal
2026-02-08 09:57:53.561146,Seoul-1747,-2,8,Normal
2026-02-08 09:57:54.561146,Seoul-1747,27,75,Normal
2026-02-08 09:57:55.561146,Seoul-1747,-25,26,Normal
2026-02-08 09:57:56.561146,Seoul-1747,0,47,Normal
2026-02-08 09:57:57.561146,Seoul-1747,-4,52,Normal
2026-02-08 09:57:58.561146,Seoul-1747,1,68,Normal
2026-02-08 09:57:59.561146,Seoul-1747,3,59,Normal
2026-02-08 09:58:00.561146,Seoul-1747,18,19,Normal
2026-02-08 09:58:01.561146,Seoul-1747,19,36,Normal
2026-02-08 09:58:02.561146,Seoul-1747,36,77,Normal
2026-02-08 09:58:03.561146,Seoul-1747,40,36,Normal
2026-02-08 09:58:04.561146,Seoul-1747,16,9,Normal
2026-02-08 09:58:05.561146,Seoul-1747,50,28,Normal
2026-02-08 09:58:06.561146,Seoul-1747,-23,99,Normal
2026-02-08 09:58:07.561146,Seoul-1747,-2,26,Normal
2026-02-08 09:58:08.561146,Seoul-1747,7,27,Normal
2026-02-08 09:58:09.561146,Seoul-1747,3,15,Normal
2026-02-08 09:58:10.561146,Seoul-1747,-21,36,Normal
2026-02-08 09:58:11.561146,Seoul-1747,16,99,Normal
2026-02-08 09:58:12.561146,Seoul-1747,-21,62,Normal
2026-02-08 09:58:13.561146,Seoul-1747,34,79,Normal
2026-02-08 09:58:14.561146,Seoul-1747,-18,5,Normal
2026-02-08 09:58:15.561146,Seoul-1747,-30,8,Normal
2026-02-08 09:58:16.561146,Seoul-1747,-26,71,Normal
2026-02-08 09:58:17.561146,Seoul-1747,29,13,Normal
2026-02-08 09:58:18.561146,Seoul-1747,-22,39,Normal
2026-02-08 09:58:19.561146,Seoul-1747,-20,77,Normal
2026-02-08 09:58:20.561146,Seoul-1747,40,67,Normal
2026-02-08 09:58:21.561146,Seoul-1747,20,58,Normal
2026-02-08 09:58:22.561146,Seoul-1747,-28,80,Normal
2026-02-08 09:58:23.561146,Seoul-1747,24,95,Normal
2026-02-08 09:58:24.561146,Seoul-1747,-15,34,Normal
2026-02-08 09:58:25.561146,Seoul-1747,-18,33,Normal
2026-02-08 09:58:26.561146,Seoul-1747,38,23,Normal
2026-02-08 09:58:27.561146,Seoul-1747,23,87,Normal
2026-02-08 09:58:28.561146,Seoul-1747,-4,39,Normal
2026-02-08 09:58:29.561146,Seoul-1747,14,94,Normal
2026-02-08 09:58:30.561146,Seoul-1747,2,100,Normal
2026-02-08 09:58:31.561146,Seoul-1747,12,95,Normal
2026-02-08 09:58:32.561146,Seoul-1747,46,57,Normal
2026-02-08 09:58:33.561146,Seoul-1747,49,90,Normal
2026-02-08 09:58:34.561146,Seoul-1747,33,0,Normal
2026-02-08 09:58:35.561146,Seoul-1747,-24,76,Normal
2026-02-08 09:58:36.561146,Seoul-1747,42,95,Normal
2026-02-08 09:58:37.561146,Seoul-1747,36,99,Normal
2026-02-08 09:58:38.561146,Seoul-1747,12,10,Normal
2026-02-08 09:58:39.561146,Seoul-1747,32,1,Normal
2026-02-08 09:58:40.561146,Seoul-1747,34,54,Normal
2026-02-08 09:58:41.561146,Seoul-1747,39,44,Normal
2026-02-08 09:58:42.561146,Seoul-1747,-28,32,Normal
2026-02-08 09:58:43.561146,Seoul-1747,29,35,Normal
2026-02-08 09:58:44.561146,Seoul-1747,-12,17,Normal
2026-02-08 09:58:45.561146,Seoul-1747,-28,76,Normal
2026-02-08 09:58:46.561146,Seoul-1747,-14,94,Normal
2026-02-08 09:58:47.561146,Seoul-1747,37,41,Normal
2026-02-08 09:58:48.561146,Seoul-1747,-5,77,Normal
2026-02-08 09:58:49.561146,Seoul-1747,12,29,Normal
2026-02-08 09:58:50.561146,Seoul-1747,28,52,Normal
2026-02-08 09:58:51.561146,Seoul-1747,12,32,Normal
2026-02-08 09:58:52.561146,Seoul-1747,16,92,Normal
2026-02-08 09:58:53.561146,Seoul-1747,39,43,Normal
2026-02-08 09:58:54.561146,Seoul-1747,17,79,Normal
2026-02-08 09:58:55.561146,Seoul-1747,4,71,Normal
2026-02-08 09:58:56.561146,Seoul-1747,-22,24,Normal
2026-02-08 09:58:57.561146,Seoul-1747,21,39,Normal
2026-02-08 09:58:58.561146,Seoul-1747,20,54,Normal
2026-02-08 09:58:59.561146,Seoul-1747,16,84,Normal
2026-02-08 09:59:00.561146,Seoul-1747,2,98,Normal
2026-02-08 09:59:01.561146,Seoul-1747,-11,10,Normal
2026-02-08 09:59:02.561146,Seoul-1747,23,26,Normal
2026-02-08 09:59:03.561146,Seoul-1747,4,93,Normal
2026-02-08 09:59:04.561146,Seoul-1747,45,37,Normal
2026-02-08 09:59:05.561146,Seoul-1747,-25,89,Normal
2026-02-08 09:59:06.561146,Seoul-1747,4,49,Normal
2026-02-08 09:59:07.561146,Seoul-1747,-29,50,Normal
2026-02-08 09:59:08.561146,Seoul-1747,-28,29,Normal
2026-02-08 09:59:09.561146,Seoul-1747,47,75,Normal
2026-02-08 09:59:10.561146,Seoul-1747,-22,70,Normal
2026-02-08 09:59:11.561146,Seoul-1747,-21,42,Normal
2026-02-08 09:59:12.561146,Seoul-1747,41,64,Normal
2026-02-08 09:59:13.561146,Seoul-1747,4,63,Normal
2026-02-08 09:59:14.561146,Seoul-1747,-6,69,Normal
2026-02-08 09:59:15.561146,Seoul-1747,-4,89,Normal
2026-02-08 09:59:16.561146,Seoul-1747,-4,98,Normal
2026-02-08 09:59:17.561146,Seoul-1747,35,17,Normal
2026-02-08 09:59:18.561146,Seoul-1747,25,90,Normal
2026-02-08 09:59:19.561146,Seoul-1747,35,90,Normal
2026-02-08 09:59:20.561146,Seoul-1747,10,92,Normal
2026-02-08 09:59:21.561146,Seoul-1747,-13,93,Normal
2026-02-08 09:59:22.561146,Seoul-1747,37,61,Normal
2026-02-08 09:59:23.561146,Seoul-1747,39,86,Normal
2026-02-08 09:59:24.561146,Seoul-1747,21,11,Normal
2026-02-08 09:59:25.561146,Seoul-1747,25,43,Normal
2026-02-08 09:59:26.561146,Seoul-1747,-1,50,Normal
2026-02-08 09:59:27.561146,Seoul-1747,49,32,Normal
2026-02-08 09:59:28.561146,Seoul-1747,50,36,Normal
2026-02-08 09:59:29.561146,Seoul-1747,19,60,Normal
2026-02-08 09:59:30.561146,Seoul-1747,12,56,Normal
2026-02-08 09:59:31.561146,Seoul-1747,19,31,Normal
2026-02-08 09:59:32.561146,Seoul-1747,-15,3,Normal
2026-02-08 09:59:33.561146,Seoul-1747,41,25,Normal
2026-02-08 09:59:34.561146,Seoul-1747,29,83,Normal
2026-02-08 09:59:35.561146,Seoul-1747,16,75,Normal
2026-02-08 09:59:36.561146,Seoul-1747,-17,55,Normal
2026-02-08 09:59:37.561146,Seoul-1747,4,100,Normal
2026-02-08 09:59:38.561146,Seoul-1747,15,43,Normal
2026-02-08 09:59:39.561146,Seoul-1747,-21,54,Normal
2026-02-08 09:59:40.561146,Seoul-1747,-30,8,Normal
2026-02-08 09:59:41.561146,Seoul-1747,1,23,Normal
2026-02-08 09:59:42.561146,Seoul-1747,8,72,Normal
2026-02-08 09:59:43.561146,Seoul-1747,36,45,Normal
2026-02-08 09:59:44.561146,Seoul-1747,46,71,Normal
2026-02-08 09:59:45.561146,Seoul-1747,18,47,Normal
2026-02-08 09:59:46.561146,Seoul-1747,-4,47,Normal
2026-02-08 09:59:47.561146,Seoul-1747,-19,40,Normal
2026-02-08 09:59:48.561146,Seoul-1747,-5,71,Normal
2026-02-08 09:59:49.561146,Seoul-1747,-11,90,Normal
2026-02-08 09:59:50.561146,Seoul-1747,36,52,Normal
2026-02-08 09:59:51.561146,Seoul-1747,22,40,Normal
2026-02-08 09:59:52.561146,Seoul-1747,-3,18,Normal
2026-02-08 09:59:53.561146,Seoul-1747,-2,53,Normal
2026-02-08 09:59:54.561146,Seoul-1747,48,28,Normal
2026-02-08 09:59:55.561146,Seoul-1747,37,67,Normal
2026-02-08 09:59:56.561146,Seoul-1747,-18,38,Normal
2026-02-08 09:59:57.561146,Seoul-1747,-27,27,Normal
2026-02-08 09:59:58.561146,Seoul-1747,10,8,Normal
2026-02-08 09:59:59.561146,Seoul-1747,15,56,Normal
2026-02-08 10:00:00.561146,Seoul-1747,40,80,Normal
2026-02-08 10:00:01.561146,Seoul-1747,25,75,Normal
2026-02-08 10:00:02.561146,Seoul-1747,-7,61,Normal
2026-02-08 10:00:03.561146,Seoul-1747,20,41,Normal
2026-02-08 10:00:04.561146,Seoul-1747,24,69,Normal
2026-02-08 10:00:05.561146,Seoul-1747,8,2,Normal
2026-02-08 10:00:06.561146,Seoul-1747,0,49,Normal
2026-02-08 10:00:07.561146,Seoul-1747,33,93,Normal
2026-02-08 10:00:08.561146,Seoul-1747,-26,84,Normal
2026-02-08 10:00:09.561146,Seoul-1747,22,98,Normal
2026-02-08 10:00:10.561146,Seoul-1747,21,12,Normal
2026-02-08 10:00:11.561146,Seoul-1747,-10,36,Normal
2026-02-08 10:00:12.561146,Seoul-1747,47,36,Normal
2026-02-08 10:00:13.561146,Seoul-1747,24,47,Normal
2026-02-08 10:00:14.561146,Seoul-1747,-6,8,Normal
2026-02-08 10:00:15.561146,Seoul-1747,2,18,Normal
2026-02-08 10:00:16.561146,Seoul-1747,5,100,Normal
2026-02-08 10:00:17.561146,Seoul-1747,49,8,Normal
2026-02-08 10:00:18.561146,Seoul-1747,40,86,Normal
2026-02-08 10:00:19.561146,Seoul-1747,17,49,Normal
2026-02-08 10:00:20.561146,Seoul-1747,33,2,Normal
2026-02-08 10:00:21.561146,Seoul-1747,4,40,Normal
2026-02-08 10:00:22.561146,Seoul-1747,-8,13,Normal
2026-02-08 10:00:23.561146,Seoul-1747,50,56,Normal
2026-02-08 10:00:24.561146,Seoul-1747,-25,55,Normal
2026-02-08 10:00:25.561146,Seoul-1747,35,96,Normal
2026-02-08 10:00:26.561146,Seoul-1747,-8,16,Normal
2026-02-08 10:00:27.561146,Seoul-1747,37,50,Normal
2026-02-08 10:00:28.561146,Seoul-1747,27,75,Normal
2026-02-08 10:00:29.561146,Seoul-1747,-27,86,Normal
2026-02-08 10:00:30.561146,Seoul-1747,10,42,Normal
2026-02-08 10:00:31.561146,Seoul-1747,-22,40,Normal
2026-02-08 10:00:32.561146,Seoul-1747,20,44,Normal
2026-02-08 10:00:33.561146,Seoul-1747,5,57,Normal
2026-02-08 10:00:34.561146,Seoul-1747,20,8,Normal
2026-02-08 10:00:35.561146,Seoul-1747,8,80,Normal
2026-02-08 10:00:36.561146,Seoul-1747,11,87,Normal
2026-02-08 10:00:37.561146,Seoul-1747,3,28,Normal
2026-02-08 10:00:38.561146,Seoul-1747,-21,9,Normal
2026-02-08 10:00:39.561146,Seoul-1747,19,32,Normal
2026-02-08 10:00:40.561146,Seoul-1747,42,65,Normal
2026-02-08 10:00:41.561146,Seoul-1747,24,18,Normal
2026-02-08 10:00:42.561146,Seoul-1747,-10,19,Normal
2026-02-08 10:00:43.561146,Seoul-1747,-12,24,Normal
2026-02-08 10:00:44.561146,Seoul-1747,-21,86,Normal
2026-02-08 10:00:45.561146,Seoul-1747,34,67,Normal
2026-02-08 10:00:46.561146,Seoul-1747,27,59,Normal
2026-02-08 10:00:47.561146,Seoul-1747,-1,52,Normal
2026-02-08 10:00:48.561146,Seoul-1747,41,90,Normal
2026-02-08 10:00:49.561146,Seoul-1747,37,51,Normal
2026-02-08 10:00:50.561146,Seoul-1747,10,28,Normal
2026-02-08 10:00:51.561146,Seoul-1747,6,51,Normal
2026-02-08 10:00:52.561146,Seoul-1747,2,73,Normal
2026-02-08 10:00:53.561146,Seoul-1747,-11,42,Normal
2026-02-08 10:00:54.561146,Seoul-1747,13,90,Normal
2026-02-08 10:00:55.561146,Seoul-1747,-6,87,Normal
2026-02-08 10:00:56.561146,Seoul-1747,-12,61,Normal
2026-02-08 10:00:57.561146,Seoul-1747,2,48,Normal
2026-02-08 10:00:58.561146,Seoul-1747,1,60,Normal
2026-02-08 10:00:59.561146,Seoul-1747,-13,52,Normal
2026-02-08 10:01:00.561146,Seoul-1747,5,25,Normal
2026-02-08 10:01:01.561146,Seoul-1747,31,22,Normal
2026-02-08 10:01:02.561146,Seoul-1747,50,32,Normal
2026-02-08 10:01:03.561146,Seoul-1747,-14,3,Normal
2026-02-08 10:01:04.561146,Seoul-1747,-23,79,Normal
2026-02-08 10:01:05.561146,Seoul-1747,4,75,Normal
2026-02-08 10:01:06.561146,Seoul-1747,-25,70,Normal
2026-02-08 10:01:07.561146,Seoul-1747,33,27,Normal
2026-02-08 10:01:08.561146,Seoul-1747,-24,36,Normal
2026-02-08 10:01:09.561146,Seoul-1747,35,74,Normal
2026-02-08 10:01:10.561146,Seoul-1747,38,67,Normal
2026-02-08 10:01:11.561146,Seoul-1747,-14,52,Normal
2026-02-08 10:01:12.561146,Seoul-1747,19,62,Normal
2026-02-08 10:01:13.561146,Seoul-1747,39,57,Normal
2026-02-08 10:01:14.561146,Seoul-1747,-2,20,Normal
2026-02-08 10:01:15.561146,Seoul-1747,15,22,Normal
2026-02-08 10:01:16.561146,Seoul-1747,19,41,Normal
2026-02-08 10:01:17.561146,Seoul-1747,24,13,Normal
2026-02-08 10:01:18.561146,Seoul-1747,48,13,Normal
2026-02-08 10:01:19.561146,Seoul-1747,25,29,Normal
2026-02-08 10:01:20.561146,Seoul-1747,30,80,Normal
2026-02-08 10:01:21.561146,Seoul-1747,-10,61,Normal
2026-02-08 10:01:22.561146,Seoul-1747,-18,76,Normal
2026-02-08 10:01:23.561146,Seoul-1747,-17,39,Normal
2026-02-08 10:01:24.561146,Seoul-1747,2,21,Normal
2026-02-08 10:01:25.561146,Seoul-1747,-19,78,Normal
2026-02-08 10:01:26.561146,Seoul-1747,14,26,Normal
2026-02-08 10:01:27.561146,Seoul-1747,44,43,Normal
2026-02-08 10:01:28.561146,Seoul-1747,10,83,Normal
2026-02-08 10:01:29.561146,Seoul-1747,-21,13,Normal
2026-02-08 10:01:30.561146,Seoul-1747,27,72,Normal
2026-02-08 10:01:31.561146,Seoul-1747,33,46,Normal
2026-02-08 10:01:32.561146,Seoul-1747,23,33,Normal
2026-02-08 10:01:33.561146,Seoul-1747,-10,64,Normal
2026-02-08 10:01:34.561146,Seoul-1747,5,22,Normal
2026-02-08 10:01:35.561146,Seoul-1747,27,52,Normal
2026-02-08 10:01:36.561146,Seoul-1747,8,11,Normal
2026-02-08 10:01:37.561146,Seoul-1747,-29,34,Normal
2026-02-08 10:01:38.561146,Seoul-1747,28,90,Normal
2026-02-08 10:01:39.561146,Seoul-1747,-20,82,Normal
2026-02-08 10:01:40.561146,Seoul-1747,26,89,Normal
2026-02-08 10:01:41.561146,Seoul-1747,30,52,Normal
2026-02-08 10:01:42.561146,Seoul-1747,49,62,Normal
2026-02-08 10:01:43.561146,Seoul-1747,37,76,Normal
2026-02-08 10:01:44.561146,Seoul-1747,16,97,Normal
2026-02-08 10:01:45.561146,Seoul-1747,-19,6,Normal
2026-02-08 10:01:46.561146,Seoul-1747,14,48,Normal
2026-02-08 10:01:47.561146,Seoul-1747,-20,99,Normal
2026-02-08 10:01:48.561146,Seoul-1747,42,100,Normal
2026-02-08 10:01:49.561146,Seoul-1747,-1,77,Normal
2026-02-08 10:01:50.561146,Seoul-1747,39,38,Normal
2026-02-08 10:01:51.561146,Seoul-1747,-16,3,Normal
2026-02-08 10:01:52.561146,Seoul-1747,-14,54,Normal
2026-02-08 10:01:53.561146,Seoul-1747,-7,8,Normal
2026-02-08 10:01:54.561146,Seoul-1747,-14,86,Normal
2026-02-08 10:01:55.561146,Seoul-1747,-8,2,Normal
2026-02-08 10:01:56.561146,Seoul-1747,46,54,Normal
2026-02-08 10:01:57.561146,Seoul-1747,47,51,Normal
2026-02-08 10:01:58.561146,Seoul-1747,-6,6,Normal
2026-02-08 10:01:59.561146,Seoul-1747,45,38,Normal
2026-02-08 10:02:00.561146,Seoul-1747,-23,41,Normal
2026-02-08 10:02:01.561146,Seoul-1747,0,14,Normal
2026-02-08 10:02:02.561146,Seoul-1747,12,72,Normal
2026-02-08 10:02:03.561146,Seoul-1747,15,63,Normal
2026-02-08 10:02:04.561146,Seoul-1747,-12,32,Normal
2026-02-08 10:02:05.561146,Seoul-1747,-18,11,Normal
2026-02-08 10:02:06.561146,Seoul-1747,-25,47,Normal
2026-02-08 10:02:07.561146,Seoul-1747,7,5,Normal
2026-02-08 10:02:08.561146,Seoul-1747,1,45,Normal
2026-02-08 10:02:09.561146,Seoul-1747,39,70,Normal
2026-02-08 10:02:10.561146,Seoul-1747,18,34,Normal
2026-02-08 10:02:11.561146,Seoul-1747,44,34,Normal
2026-02-08 10:02:12.561146,Seoul-1747,1,5,Normal
2026-02-08 10:02:13.561146,Seoul-1747,-30,76,Normal
2026-02-08 10:02:14.561146,Seoul-1747,13,90,Normal
2026-02-08 10:02:15.561146,Seoul-1747,-11,2,Normal
2026-02-08 10:02:16.561146,Seoul-1747,16,52,Normal
2026-02-08 10:02:17.561146,Seoul-1747,-10,24,Normal
2026-02-08 10:02:18.561146,Seoul-1747,20,26,Normal
2026-02-08 10:02:19.561146,Seoul-1747,-28,93,Normal
2026-02-08 10:02:20.561146,Seoul-1747,48,10,Normal
2026-02-08 10:02:21.561146,Seoul-1747,38,91,Normal
2026-02-08 10:02:22.561146,Seoul-1747,40,35,Normal
2026-02-08 10:02:23.561146,Seoul-1747,-13,67,Normal
2026-02-08 10:02:24.561146,Seoul-1747,-19,56,Normal
2026-02-08 10:02:25.561146,Seoul-1747,39,3,Normal
2026-02-08 10:02:26.561146,Seoul-1747,18,83,Normal
2026-02-08 10:02:27.561146,Seoul-1747,7,94,Normal
2026-02-08 10:02:28.561146,Seoul-1747,41,3,Normal
2026-02-08 10:02:29.561146,Seoul-1747,8,64,Normal
2026-02-08 10:02:30.561146,Seoul-1747,-6,40,Normal
2026-02-08 10:02:31.561146,Seoul-1747,30,27,Normal
2026-02-08 10:02:32.561146,Seoul-1747,-5,86,Normal
2026-02-08 10:02:33.561146,Seoul-1747,-16,68,Normal
2026-02-08 10:02:34.561146,Seoul-1747,-10,29,Normal
2026-02-08 10:02:35.561146,Seoul-1747,-25,0,Normal
2026-02-08 10:02:36.561146,Seoul-1747,46,43,Normal
2026-02-08 10:02:37.561146,Seoul-1747,34,97,Normal
2026-02-08 10:02:38.561146,Seoul-1747,36,16,Normal
2026-02-08 10:02:39.561146,Seoul-1747,26,19,Normal
2026-02-08 10:02:40.561146,Seoul-1747,-11,76,Normal
2026-02-08 10:02:41.561146,Seoul-1747,11,79,Normal
2026-02-08 10:02:42.561146,Seoul-1747,-1,14,Normal
2026-02-08 10:02:43.561146,Seoul-1747,40,71,Normal
2026-02-08 10:02:44.561146,Seoul-1747,-6,89,Normal
2026-02-08 10:02:45.561146,Seoul-1747,-9,73,Normal
2026-02-08 10:02:46.561146,Seoul-1747,-17,13,Normal
2026-02-08 10:02:47.561146,Seoul-1747,41,99,Normal
2026-02-08 10:02:48.561146,Seoul-1747,18,44,Normal
2026-02-08 10:02:49.561146,Seoul-1747,35,78,Normal
2026-02-08 10:02:50.561146,Seoul-1747,45,49,Normal
2026-02-08 10:02:51.561146,Seoul-1747,15,25,Normal
2026-02-08 10:02:52.561146,Seoul-1747,48,46,Normal
2026-02-08 10:02:53.561146,Seoul-1747,39,32,Normal
2026-02-08 10:02:54.561146,Seoul-1747,-11,94,Normal
2026-02-08 10:02:55.561146,Seoul-1747,27,59,Normal
2026-02-08 10:02:56.561146,Seoul-1747,3,98,Normal
2026-02-08 10:02:57.561146,Seoul-1747,40,83,Normal
2026-02-08 10:02:58.561146,Seoul-1747,35,26,Normal
2026-02-08 10:02:59.561146,Seoul-1747,4,1,Normal
2026-02-08 10:03:00.561146,Seoul-1747,-3,78,Normal
2026-02-08 10:03:01.561146,Seoul-1747,13,62,Normal
2026-02-08 10:03:02.561146,Seoul-1747,1,51,Normal
2026-02-08 10:03:03.561146,Seoul-1747,1,13,Normal
2026-02-08 10:03:04.561146,Seoul-1747,-18,56,Normal
2026-02-08 10:03:05.561146,Seoul-1747,-1,33,Normal
2026-02-08 10:03:06.561146,Seoul-1747,12,30,Normal
2026-02-08 10:03:07.561146,Seoul-1747,36,39,Normal
2026-02-08 10:03:08.561146,Seoul-1747,37,27,Normal
2026-02-08 10:03:09.561146,Seoul-1747,-9,27,Normal
2026-02-08 10:03:10.561146,Seoul-1747,-23,77,Normal
2026-02-08 10:03:11.561146,Seoul-1747,31,19,Normal
2026-02-08 10:03:12.561146,Seoul-1747,39,35,Normal
2026-02-08 10:03:13.561146,Seoul-1747,50,43,Normal
2026-02-08 10:03:14.561146,Seoul-1747,-17,63,Normal
2026-02-08 10:03:15.561146,Seoul-1747,10,24,Normal
2026-02-08 10:03:16.561146,Seoul-1747,31,71,Normal
2026-02-08 10:03:17.561146,Seoul-1747,49,25,Normal
2026-02-08 10:03:18.561146,Seoul-1747,-16,21,Normal
2026-02-08 10:03:19.561146,Seoul-1747,3,16,Normal
2026-02-08 10:03:20.561146,Seoul-1747,-18,53,Normal
2026-02-08 10:03:21.561146,Seoul-1747,-15,84,Normal
2026-02-08 10:03:22.561146,Seoul-1747,4,40,Normal
2026-02-08 10:03:23.561146,Seoul-1747,-8,21,Normal
2026-02-08 10:03:24.561146,Seoul-1747,-12,68,Normal
2026-02-08 10:03:25.561146,Seoul-1747,48,52,Normal
2026-02-08 10:03:26.561146,Seoul-1747,13,0,Normal
2026-02-08 10:03:27.561146,Seoul-1747,0,61,Normal
2026-02-08 10:03:28.561146,Seoul-1747,20,68,Normal
2026-02-08 10:03:29.561146,Seoul-1747,25,96,Normal
2026-02-08 10:03:30.561146,Seoul-1747,-7,55,Normal
2026-02-08 10:03:31.561146,Seoul-1747,-1,18,Normal
2026-02-08 10:03:32.561146,Seoul-1747,37,77,Normal
2026-02-08 10:03:33.561146,Seoul-1747,50,41,Normal
2026-02-08 10:03:34.561146,Seoul-1747,-16,74,Normal
2026-02-08 10:03:35.561146,Seoul-1747,4,30,Normal
2026-02-08 10:03:36.561146,Seoul-1747,-19,17,Normal
2026-02-08 10:03:37.561146,Seoul-1747,45,47,Normal
2026-02-08 10:03:38.561146,Seoul-1747,13,74,Normal
2026-02-08 10:03:39.561146,Seoul-1747,37,54,Normal
2026-02-08 10:03:40.561146,Seoul-1747,-2,48,Normal
2026-02-08 10:03:41.561146,Seoul-1747,28,33,Normal
2026-02-08 10:03:42.561146,Seoul-1747,41,93,Normal
2026-02-08 10:03:43.561146,Seoul-1747,-1,4,Normal
2026-02-08 10:03:44.561146,Seoul-1747,37,65,Normal
2026-02-08 10:03:45.561146,Seoul-1747,-22,49,Normal
2026-02-08 10:03:46.561146,Seoul-1747,36,43,Normal
2026-02-08 10:03:47.561146,Seoul-1747,31,98,Normal
2026-02-08 10:03:48.561146,Seoul-1747,-19,31,Normal
2026-02-08 10:03:49.561146,Seoul-1747,-5,61,Normal
2026-02-08 10:03:50.561146,Seoul-1747,-20,11,Normal
2026-02-08 10:03:51.561146,Seoul-1747,39,53,Normal
2026-02-08 10:03:52.561146,Seoul-1747,8,39,Normal
2026-02-08 10:03:53.561146,Seoul-1747,-24,60,Normal
2026-02-08 10:03:54.561146,Seoul-1747,30,40,Normal
2026-02-08 10:03:55.561146,Seoul-1747,31,43,Normal
2026-02-08 10:03:56.561146,Seoul-1747,-11,60,Normal
2026-02-08 10:03:57.561146,Seoul-1747,48,67,Normal
2026-02-08 10:03:58.561146,Seoul-1747,16,86,Normal
2026-02-08 10:03:59.561146,Seoul-1747,26,48,Normal
2026-02-08 10:04:00.561146,Seoul-1747,8,88,Normal
2026-02-08 10:04:01.561146,Seoul-1747,-19,23,Normal
2026-02-08 10:04:02.561146,Seoul-1747,13,0,Normal
2026-02-08 10:04:03.561146,Seoul-1747,6,5,Normal
2026-02-08 10:04:04.561146,Seoul-1747,-10,3,Normal
2026-02-08 10:04:05.561146,Seoul-1747,8,77,Normal
2026-02-08 10:04:06.561146,Seoul-1747,-12,26,Normal
2026-02-08 10:04:07.561146,Seoul-1747,-19,30,Normal
2026-02-08 10:04:08.561146,Seoul-1747,-8,4,Normal
2026-02-08 10:04:09.561146,Seoul-1747,8,93,Normal
2026-02-08 10:04:10.561146,Seoul-1747,18,75,Normal
2026-02-08 10:04:11.561146,Seoul-1747,-23,97,Normal
2026-02-08 10:04:12.561146,Seoul-1747,25,93,Normal
2026-02-08 10:04:13.561146,Seoul-1747,-15,97,Normal
2026-02-08 10:04:14.561146,Seoul-1747,-14,63,Normal
2026-02-08 10:04:15.561146,Seoul-1747,-25,26,Normal
2026-02-08 10:04:16.561146,Seoul-1747,-23,80,Normal
2026-02-08 10:04:17.561146,Seoul-1747,-8,52,Normal
2026-02-08 10:04:18.561146,Seoul-1747,49,40,Normal
2026-02-08 10:04:19.561146,Seoul-1747,6,88,Normal
2026-02-08 10:04:20.561146,Seoul-1747,5,34,Normal
2026-02-08 10:04:21.561146,Seoul-1747,37,60,Normal
2026-02-08 10:04:22.561146,Seoul-1747,34,42,Normal
2026-02-08 10:04:23.561146,Seoul-1747,-21,28,Normal
2026-02-08 10:04:24.561146,Seoul-1747,2,92,Normal
2026-02-08 10:04:25.561146,Seoul-1747,-28,50,Normal
2026-02-08 10:04:26.561146,Seoul-1747,31,58,Normal
2026-02-08 10:04:27.561146,Seoul-1747,32,32,Normal
2026-02-08 10:04:28.561146,Seoul-1747,1,92,Normal
2026-02-08 10:04:29.561146,Seoul-1747,47,95,Normal
2026-02-08 10:04:30.561146,Seoul-1747,-8,44,Normal
2026-02-08 10:04:31.561146,Seoul-1747,-26,45,Normal
2026-02-08 10:04:32.561146,Seoul-1747,35,18,Normal
2026-02-08 10:04:33.561146,Seoul-1747,36,25,Normal
2026-02-08 10:04:34.561146,Seoul-1747,49,99,Normal
2026-02-08 10:04:35.561146,Seoul-1747,49,98,Normal
2026-02-08 10:04:36.561146,Seoul-1747,16,58,Normal
2026-02-08 10:04:37.561146,Seoul-1747,30,46,Normal
2026-02-08 10:04:38.561146,Seoul-1747,-18,99,Normal
2026-02-08 10:04:39.561146,Seoul-1747,-23,67,Normal
2026-02-08 10:04:40.561146,Seoul-1747,21,14,Normal
2026-02-08 10:04:41.561146,Seoul-1747,-5,92,Normal
2026-02-08 10:04:42.561146,Seoul-1747,1,20,Normal
2026-02-08 10:04:43.561146,Seoul-1747,49,11,Normal
2026-02-08 10:04:44.561146,Seoul-1747,-26,81,Normal
2026-02-08 10:04:45.561146,Seoul-1747,-15,21,Normal
2026-02-08 10:04:46.561146,Seoul-1747,-8,64,Normal
2026-02-08 10:04:47.561146,Seoul-1747,-6,16,Normal
2026-02-08 10:04:48.561146,Seoul-1747,42,60,Normal
2026-02-08 10:04:49.561146,Seoul-1747,2,89,Normal
2026-02-08 10:04:50.561146,Seoul-1747,27,42,Normal
2026-02-08 10:04:51.561146,Seoul-1747,-17,60,Normal
2026-02-08 10:04:52.561146,Seoul-1747,45,75,Normal
2026-02-08 10:04:53.561146,Seoul-1747,-11,47,Normal
2026-02-08 10:04:54.561146,Seoul-1747,6,95,Normal
2026-02-08 10:04:55.561146,Seoul-1747,20,18,Normal
2026-02-08 10:04:56.561146,Seoul-1747,-13,82,Normal
2026-02-08 10:04:57.561146,Seoul-1747,37,26,Normal
2026-02-08 10:04:58.561146,Seoul-1747,19,29,Normal
2026-02-08 10:04:59.561146,Seoul-1747,-6,31,Normal
2026-02-08 10:05:00.561146,Seoul-1747,32,17,Normal
2026-02-08 10:05:01.561146,Seoul-1747,47,6,Normal
2026-02-08 10:05:02.561146,Seoul-1747,10,12,Normal
2026-02-08 10:05:03.561146,Seoul-1747,24,61,Normal
2026-02-08 10:05:04.561146,Seoul-1747,-4,73,Normal
2026-02-08 10:05:05.561146,Seoul-1747,-26,59,Normal
2026-02-08 10:05:06.561146,Seoul-1747,8,91,Normal
2026-02-08 10:05:07.561146,Seoul-1747,18,68,Normal
2026-02-08 10:05:08.561146,Seoul-1747,1,21,Normal
2026-02-08 10:05:09.561146,Seoul-1747,-12,26,Normal
2026-02-08 10:05:10.561146,Seoul-1747,14,17,Normal
2026-02-08 10:05:11.561146,Seoul-1747,41,19,Normal
2026-02-08 10:05:12.561146,Seoul-1747,11,18,Normal
2026-02-08 10:05:13.561146,Seoul-1747,17,13,Normal
2026-02-08 10:05:14.561146,Seoul-1747,-2,37,Normal
2026-02-08 10:05:15.561146,Seoul-1747,-15,64,Normal
2026-02-08 10:05:16.561146,Seoul-1747,18,13,Normal
2026-02-08 10:05:17.561146,Seoul-1747,-8,44,Normal
2026-02-08 10:05:18.561146,Seoul-1747,42,98,Normal
2026-02-08 10:05:19.561146,Seoul-1747,-7,22,Normal
2026-02-08 10:05:20.561146,Seoul-1747,-7,79,Normal
2026-02-08 10:05:21.561146,Seoul-1747,-15,36,Normal
2026-02-08 10:05:22.561146,Seoul-1747,-6,18,Normal
2026-02-08 10:05:23.561146,Seoul-1747,-9,11,Normal
2026-02-08 10:05:24.561146,Seoul-1747,19,42,Normal
2026-02-08 10:05:25.561146,Seoul-1747,49,73,Normal
2026-02-08 10:05:26.561146,Seoul-1747,17,76,Normal
2026-02-08 10:05:27.561146,Seoul-1747,37,72,Normal
2026-02-08 10:05:28.561146,Seoul-1747,10,68,Normal
2026-02-08 10:05:29.561146,Seoul-1747,37,31,Normal
2026-02-08 10:05:30.561146,Seoul-1747,9,13,Normal
2026-02-08 10:05:31.561146,Seoul-1747,-7,33,Normal
2026-02-08 10:05:32.561146,Seoul-1747,22,12,Normal
2026-02-08 10:05:33.561146,Seoul-1747,13,46,Normal
2026-02-08 10:05:34.561146,Seoul-1747,43,70,Normal
2026-02-08 10:05:35.561146,Seoul-1747,43,94,Normal
2026-02-08 10:05:36.561146,Seoul-1747,43,25,Normal
2026-02-08 10:05:37.561146,Seoul-1747,45,99,Normal
2026-02-08 10:05:38.561146,Seoul-1747,-23,76,Normal
2026-02-08 10:05:39.561146,Seoul-1747,50,14,Normal
2026-02-08 10:05:40.561146,Seoul-1747,46,45,Normal
2026-02-08 10:05:41.561146,Seoul-1747,9,45,Normal
2026-02-08 10:05:42.561146,Seoul-1747,-5,35,Normal
2026-02-08 10:05:43.561146,Seoul-1747,30,35,Normal
2026-02-08 10:05:44.561146,Seoul-1747,21,19,Normal
2026-02-08 10:05:45.561146,Seoul-1747,-29,5,Normal
2026-02-08 10:05:46.561146,Seoul-1747,-18,21,Normal
2026-02-08 10:05:47.561146,Seoul-1747,40,42,Normal
2026-02-08 10:05:48.561146,Seoul-1747,24,51,Normal
2026-02-08 10:05:49.561146,Seoul-1747,8,76,Normal
2026-02-08 10:05:50.561146,Seoul-1747,-15,37,Normal
2026-02-08 10:05:51.561146,Seoul-1747,34,57,Normal
2026-02-08 10:05:52.561146,Seoul-1747,17,83,Normal
2026-02-08 10:05:53.561146,Seoul-1747,-1,84,Normal
2026-02-08 10:05:54.561146,Seoul-1747,-6,4,Normal
2026-02-08 10:05:55.561146,Seoul-1747,-28,93,Normal
2026-02-08 10:05:56.561146,Seoul-1747,-25,35,Normal
2026-02-08 10:05:57.561146,Seoul-1747,-15,67,Normal
2026-02-08 10:05:58.561146,Seoul-1747,1,56,Normal
2026-02-08 10:05:59.561146,Seoul-1747,22,60,Normal
2026-02-08 10:06:00.561146,Seoul-1747,25,26,Normal
2026-02-08 10:06:01.561146,Seoul-1747,-17,85,Normal
2026-02-08 10:06:02.561146,Seoul-1747,49,11,Normal
2026-02-08 10:06:03.561146,Seoul-1747,9,26,Normal
2026-02-08 10:06:04.561146,Seoul-1747,-26,57,Normal
2026-02-08 10:06:05.561146,Seoul-1747,22,10,Normal
2026-02-08 10:06:06.561146,Seoul-1747,13,88,Normal
2026-02-08 10:06:07.561146,Seoul-1747,14,53,Normal
2026-02-08 10:06:08.561146,Seoul-1747,29,81,Normal
2026-02-08 10:06:09.561146,Seoul-1747,15,21,Normal
2026-02-08 10:06:10.561146,Seoul-1747,47,33,Normal
2026-02-08 10:06:11.561146,Seoul-1747,-20,84,Normal
2026-02-08 10:06:12.561146,Seoul-1747,-15,38,Normal
2026-02-08 10:06:13.561146,Seoul-1747,47,5,Normal
2026-02-08 10:06:14.561146,Seoul-1747,-1,92,Normal
2026-02-08 10:06:15.561146,Seoul-1747,15,82,Normal
2026-02-08 10:06:16.561146,Seoul-1747,-4,34,Normal
2026-02-08 10:06:17.561146,Seoul-1747,7,2,Normal
2026-02-08 10:06:18.561146,Seoul-1747,-21,15,Normal
2026-02-08 10:06:19.561146,Seoul-1747,-30,65,Normal
2026-02-08 10:06:20.561146,Seoul-1747,1,91,Normal
2026-02-08 10:06:21.561146,Seoul-1747,1,58,Normal
2026-02-08 10:06:22.561146,Seoul-1747,35,18,Normal
2026-02-08 10:06:23.561146,Seoul-1747,30,94,Normal
2026-02-08 10:06:24.561146,Seoul-1747,-20,68,Normal
2026-02-08 10:06:25.561146,Seoul-1747,1,82,Normal
2026-02-08 10:06:26.561146,Seoul-1747,-5,50,Normal
2026-02-08 10:06:27.561146,Seoul-1747,-2,68,Normal
2026-02-08 10:06:28.561146,Seoul-1747,-22,79,Normal
2026-02-08 10:06:29.561146,Seoul-1747,-26,82,Normal
2026-02-08 10:06:30.561146,Seoul-1747,-21,82,Normal
2026-02-08 10:06:31.561146,Seoul-1747,27,87,Normal
2026-02-08 10:06:32.561146,Seoul-1747,35,77,Normal
2026-02-08 10:06:33.561146,Seoul-1747,9,37,Normal
2026-02-08 10:06:34.561146,Seoul-1747,27,19,Normal
2026-02-08 10:06:35.561146,Seoul-1747,-16,31,Normal
2026-02-08 10:06:36.561146,Seoul-1747,-26,18,Normal
2026-02-08 10:06:37.561146,Seoul-1747,-23,12,Normal
2026-02-08 10:06:38.561146,Seoul-1747,42,66,Normal
2026-02-08 10:06:39.561146,Seoul-1747,22,59,Normal
2026-02-08 10:06:40.561146,Seoul-1747,43,89,Normal
2026-02-08 10:06:41.561146,Seoul-1747,-27,0,Normal
2026-02-08 10:06:42.561146,Seoul-1747,-24,55,Normal
2026-02-08 10:06:43.561146,Seoul-1747,3,31,Normal
2026-02-08 10:06:44.561146,Seoul-1747,20,13,Normal
2026-02-08 10:06:45.561146,Seoul-1747,11,27,Normal
2026-02-08 10:06:46.561146,Seoul-1747,1,69,Normal
2026-02-08 10:06:47.561146,Seoul-1747,46,98,Normal
2026-02-08 10:06:48.561146,Seoul-1747,42,11,Normal
2026-02-08 10:06:49.561146,Seoul-1747,-9,43,Normal
2026-02-08 10:06:50.561146,Seoul-1747,27,60,Normal
2026-02-08 10:06:51.561146,Seoul-1747,-28,76,Normal
2026-02-08 10:06:52.561146,Seoul-1747,16,63,Normal
2026-02-08 10:06:53.561146,Seoul-1747,2,98,Normal
2026-02-08 10:06:54.561146,Seoul-1747,-16,44,Normal
2026-02-08 10:06:55.561146,Seoul-1747,-20,28,Normal
2026-02-08 10:06:56.561146,Seoul-1747,-12,6,Normal
2026-02-08 10:06:57.561146,Seoul-1747,-8,0,Normal
2026-02-08 10:06:58.561146,Seoul-1747,-30,25,Normal
2026-02-08 10:06:59.561146,Seoul-1747,-4,42,Normal
2026-02-08 10:07:00.561146,Seoul-1747,-5,19,Normal
2026-02-08 10:07:01.561146,Seoul-1747,21,96,Normal
2026-02-08 10:07:02.561146,Seoul-1747,45,30,Normal
2026-02-08 10:07:03.561146,Seoul-1747,-9,35,Normal
2026-02-08 10:07:04.561146,Seoul-1747,44,1,Normal
2026-02-08 10:07:05.561146,Seoul-1747,46,32,Normal
2026-02-08 10:07:06.561146,Seoul-1747,9,74,Normal
2026-02-08 10:07:07.561146,Seoul-1747,-8,70,Normal
2026-02-08 10:07:08.561146,Seoul-1747,-27,56,Normal
2026-02-08 10:07:09.561146,Seoul-1747,29,72,Normal
2026-02-08 10:07:10.561146,Seoul-1747,48,10,Normal
2026-02-08 10:07:11.561146,Seoul-1747,-6,72,Normal
2026-02-08 10:07:12.561146,Seoul-1747,27,66,Normal
2026-02-08 10:07:13.561146,Seoul-1747,-3,62,Normal
2026-02-08 10:07:14.561146,Seoul-1747,11,50,Normal
2026-02-08 10:07:15.561146,Seoul-1747,46,0,Normal
2026-02-08 10:07:16.561146,Seoul-1747,44,86,Normal
2026-02-08 10:07:17.561146,Seoul-1747,-25,32,Normal
2026-02-08 10:07:18.561146,Seoul-1747,-6,67,Normal
2026-02-08 10:07:19.561146,Seoul-1747,50,89,Normal
2026-02-08 10:07:20.561146,Seoul-1747,-25,74,Normal
2026-02-08 10:07:21.561146,Seoul-1747,-27,26,Normal
2026-02-08 10:07:22.561146,Seoul-1747,10,76,Normal
2026-02-08 10:07:23.561146,Seoul-1747,-19,39,Normal
2026-02-08 10:07:24.561146,Seoul-1747,5,78,Normal
2026-02-08 10:07:25.561146,Seoul-1747,-3,80,Normal
2026-02-08 10:07:26.561146,Seoul-1747,5,29,Normal
2026-02-08 10:07:27.561146,Seoul-1747,18,100,Normal
2026-02-08 10:07:28.561146,Seoul-1747,37,72,Normal
2026-02-08 10:07:29.561146,Seoul-1747,35,31,Normal
2026-02-08 10:07:30.561146,Seoul-1747,16,29,Normal
2026-02-08 10:07:31.561146,Seoul-1747,-3,44,Normal
2026-02-08 10:07:32.561146,Seoul-1747,36,82,Normal
2026-02-08 10:07:33.561146,Seoul-1747,26,38,Normal
2026-02-08 10:07:34.561146,Seoul-1747,-16,17,Normal
2026-02-08 10:07:35.561146,Seoul-1747,22,67,Normal
2026-02-08 10:07:36.561146,Seoul-1747,2,90,Normal
2026-02-08 10:07:37.561146,Seoul-1747,44,70,Normal
2026-02-08 10:07:38.561146,Seoul-1747,-10,100,Normal
2026-02-08 10:07:39.561146,Seoul-1747,-17,41,Normal
2026-02-08 10:07:40.561146,Seoul-1747,24,23,Normal
2026-02-08 10:07:41.561146,Seoul-1747,4,62,Normal
2026-02-08 10:07:42.561146,Seoul-1747,-29,30,Normal
2026-02-08 10:07:43.561146,Seoul-1747,24,10,Normal
2026-02-08 10:07:44.561146,Seoul-1747,-7,99,Normal
2026-02-08 10:07:45.561146,Seoul-1747,-20,51,Normal
2026-02-08 10:07:46.561146,Seoul-1747,17,75,Normal
2026-02-08 10:07:47.561146,Seoul-1747,10,95,Normal
2026-02-08 10:07:48.561146,Seoul-1747,31,1,Normal
2026-02-08 10:07:49.561146,Seoul-1747,9,64,Normal
2026-02-08 10:07:50.561146,Seoul-1747,-1,56,Normal
2026-02-08 10:07:51.561146,Seoul-1747,17,56,Normal
2026-02-08 10:07:52.561146,Seoul-1747,-15,17,Normal
2026-02-08 10:07:53.561146,Seoul-1747,-30,7,Normal
2026-02-08 10:07:54.561146,Seoul-1747,-5,60,Normal
2026-02-08 10:07:55.561146,Seoul-1747,-5,39,Normal
2026-02-08 10:07:56.561146,Seoul-1747,-7,48,Normal
2026-02-08 10:07:57.561146,Seoul-1747,-18,100,Normal
2026-02-08 10:07:58.561146,Seoul-1747,24,42,Normal
2026-02-08 10:07:59.561146,Seoul-1747,5,27,Normal
2026-02-08 10:08:00.561146,Seoul-1747,14,96,Normal
2026-02-08 10:08:01.561146,Seoul-1747,49,94,Normal
2026-02-08 10:08:02.561146,Seoul-1747,2,18,Normal
2026-02-08 10:08:03.561146,Seoul-1747,-14,83,Normal
2026-02-08 10:08:04.561146,Seoul-1747,0,50,Normal
2026-02-08 10:08:05.561146,Seoul-1747,36,21,Normal
2026-02-08 10:08:06.561146,Seoul-1747,-6,1,Normal
2026-02-08 10:08:07.561146,Seoul-1747,-5,77,Normal
2026-02-08 10:08:08.561146,Seoul-1747,-4,20,Normal
2026-02-08 10:08:09.561146,Seoul-1747,14,53,Normal
2026-02-08 10:08:10.561146,Seoul-1747,15,48,Normal
2026-02-08 10:08:11.561146,Seoul-1747,49,77,Normal
2026-02-08 10:08:12.561146,Seoul-1747,17,96,Normal
2026-02-08 10:08:13.561146,Seoul-1747,3,83,Normal
2026-02-08 10:08:14.561146,Seoul-1747,1,15,Normal
2026-02-08 10:08:15.561146,Seoul-1747,-15,10,Normal
2026-02-08 10:08:16.561146,Seoul-1747,16,16,Normal
2026-02-08 10:08:17.561146,Seoul-1747,0,25,Normal
2026-02-08 10:08:18.561146,Seoul-1747,-21,36,Normal
2026-02-08 10:08:19.561146,Seoul-1747,7,31,Normal
2026-02-08 10:08:20.561146,Seoul-1747,-30,5,Normal
2026-02-08 10:08:21.561146,Seoul-1747,-10,90,Normal
2026-02-08 10:08:22.561146,Seoul-1747,41,10,Normal
2026-02-08 10:08:23.561146,Seoul-1747,19,0,Normal
2026-02-08 10:08:24.561146,Seoul-1747,49,66,Normal
2026-02-08 10:08:25.561146,Seoul-1747,-17,10,Normal
2026-02-08 10:08:26.561146,Seoul-1747,18,96,Normal
2026-02-08 10:08:27.561146,Seoul-1747,-29,66,Normal
2026-02-08 10:08:28.561146,Seoul-1747,-4,44,Normal
2026-02-08 10:08:29.561146,Seoul-1747,32,35,Normal
2026-02-08 10:08:30.561146,Seoul-1747,29,56,Normal
2026-02-08 10:08:31.561146,Seoul-1747,-21,30,Normal
2026-02-08 10:08:32.561146,Seoul-1747,48,45,Normal
2026-02-08 10:08:33.561146,Seoul-1747,42,12,Normal
2026-02-08 10:08:34.561146,Seoul-1747,23,83,Normal
2026-02-08 10:08:35.561146,Seoul-1747,40,66,Normal
2026-02-08 10:08:36.561146,Seoul-1747,15,64,Normal
2026-02-08 10:08:37.561146,Seoul-1747,21,77,Normal
2026-02-08 10:08:38.561146,Seoul-1747,-22,96,Normal
2026-02-08 10:08:39.561146,Seoul-1747,2,39,Normal
2026-02-08 10:08:40.561146,Seoul-1747,-15,11,Normal
2026-02-08 10:08:41.561146,Seoul-1747,50,90,Normal
2026-02-08 10:08:42.561146,Seoul-1747,49,3,Normal
2026-02-08 10:08:43.561146,Seoul-1747,-2,50,Normal
2026-02-08 10:08:44.561146,Seoul-1747,36,46,Normal
2026-02-08 10:08:45.561146,Seoul-1747,22,33,Normal
2026-02-08 10:08:46.561146,Seoul-1747,8,51,Normal
2026-02-08 10:08:47.561146,Seoul-1747,28,20,Normal
2026-02-08 10:08:48.561146,Seoul-1747,43,66,Normal
2026-02-08 10:08:49.561146,Seoul-1747,13,53,Normal
2026-02-08 10:08:50.561146,Seoul-1747,-25,39,Normal
2026-02-08 10:08:51.561146,Seoul-1747,14,58,Normal
2026-02-08 10:08:52.561146,Seoul-1747,19,52,Normal
2026-02-08 10:08:53.561146,Seoul-1747,21,87,Normal
2026-02-08 10:08:54.561146,Seoul-1747,-7,10,Normal
2026-02-08 10:08:55.561146,Seoul-1747,34,78,Normal
2026-02-08 10:08:56.561146,Seoul-1747,-26,23,Normal
2026-02-08 10:08:57.561146,Seoul-1747,5,69,Normal
2026-02-08 10:08:58.561146,Seoul-1747,-22,82,Normal
2026-02-08 10:08:59.561146,Seoul-1747,10,7,Normal
2026-02-08 10:09:00.561146,Seoul-1747,7,69,Normal
2026-02-08 10:09:01.561146,Seoul-1747,46,37,Normal
2026-02-08 10:09:02.561146,Seoul-1747,48,85,Normal
2026-02-08 10:09:03.561146,Seoul-1747,32,52,Normal
2026-02-08 10:09:04.561146,Seoul-1747,12,16,Normal
2026-02-08 10:09:05.561146,Seoul-1747,27,9,Normal
2026-02-08 10:09:06.561146,Seoul-1747,7,24,Normal
2026-02-08 10:09:07.561146,Seoul-1747,41,20,Normal
2026-02-08 10:09:08.561146,Seoul-1747,-7,69,Normal
2026-02-08 10:09:09.561146,Seoul-1747,10,54,Normal
2026-02-08 10:09:10.561146,Seoul-1747,33,23,Normal
2026-02-08 10:09:11.561146,Seoul-1747,-3,77,Normal
2026-02-08 10:09:12.561146,Seoul-1747,40,44,Normal
2026-02-08 10:09:13.561146,Seoul-1747,41,6,Normal
2026-02-08 10:09:14.561146,Seoul-1747,31,96,Normal
2026-02-08 10:09:15.561146,Seoul-1747,-8,40,Normal
2026-02-08 10:09:16.561146,Seoul-1747,28,92,Normal
2026-02-08 10:09:17.561146,Seoul-1747,20,57,Normal
2026-02-08 10:09:18.561146,Seoul-1747,23,27,Normal
2026-02-08 10:09:19.561146,Seoul-1747,34,72,Normal
2026-02-08 10:09:20.561146,Seoul-1747,-4,87,Normal
2026-02-08 10:09:21.561146,Seoul-1747,-7,75,Normal
2026-02-08 10:09:22.561146,Seoul-1747,12,97,Normal
2026-02-08 10:09:23.561146,Seoul-1747,37,81,Normal
2026-02-08 10:09:24.561146,Seoul-1747,10,100,Normal
2026-02-08 10:09:25.561146,Seoul-1747,-8,38,Normal
2026-02-08 10:09:26.561146,Seoul-1747,49,24,Normal
2026-02-08 10:09:27.561146,Seoul-1747,1,54,Normal
2026-02-08 10:09:28.561146,Seoul-1747,50,31,Normal
2026-02-08 10:09:29.561146,Seoul-1747,-29,95,Normal
2026-02-08 10:09:30.561146,Seoul-1747,5,69,Normal
2026-02-08 10:09:31.561146,Seoul-1747,30,43,Normal
2026-02-08 10:09:32.561146,Seoul-1747,-18,56,Normal
2026-02-08 10:09:33.561146,Seoul-1747,25,75,Normal
2026-02-08 10:09:34.561146,Seoul-1747,38,44,Normal
2026-02-08 10:09:35.561146,Seoul-1747,28,65,Normal
2026-02-08 10:09:36.561146,Seoul-1747,-18,84,Normal
2026-02-08 10:09:37.561146,Seoul-1747,-14,31,Normal
2026-02-08 10:09:38.561146,Seoul-1747,-8,96,Normal
2026-02-08 10:09:39.561146,Seoul-1747,-27,33,Normal
2026-02-08 10:09:40.561146,Seoul-1747,30,32,Normal
2026-02-08 10:09:41.561146,Seoul-1747,28,84,Normal
2026-02-08 10:09:42.561146,Seoul-1747,-6,29,Normal
2026-02-08 10:09:43.561146,Seoul-1747,46,75,Normal
2026-02-08 10:09:44.561146,Seoul-1747,37,34,Normal
2026-02-08 10:09:45.561146,Seoul-1747,23,61,Normal
2026-02-08 10:09:46.561146,Seoul-1747,35,87,Normal
2026-02-08 10:09:47.561146,Seoul-1747,14,33,Normal
2026-02-08 10:09:48.561146,Seoul-1747,-10,97,Normal
2026-02-08 10:09:49.561146,Seoul-1747,31,40,Normal
2026-02-08 10:09:50.561146,Seoul-1747,29,76,Normal
2026-02-08 10:09:51.561146,Seoul-1747,18,46,Normal
2026-02-08 10:09:52.561146,Seoul-1747,-14,19,Normal
2026-02-08 10:09:53.561146,Seoul-1747,1,80,Normal
2026-02-08 10:09:54.561146,Seoul-1747,22,54,Normal
2026-02-08 10:09:55.561146,Seoul-1747,49,86,Normal
2026-02-08 10:09:56.561146,Seoul-1747,48,21,Normal
2026-02-08 10:09:57.561146,Seoul-1747,3,28,Normal
2026-02-08 10:09:58.561146,Seoul-1747,-29,89,Normal
2026-02-08 10:09:59.561146,Seoul-1747,18,1,Normal
2026-02-08 10:10:00.561146,Seoul-1747,24,38,Normal
2026-02-08 10:10:01.561146,Seoul-1747,-29,33,Normal
2026-02-08 10:10:02.561146,Seoul-1747,22,30,Normal
2026-02-08 10:10:03.561146,Seoul-1747,-19,100,Normal
2026-02-08 10:10:04.561146,Seoul-1747,1,89,Normal
2026-02-08 10:10:05.561146,Seoul-1747,9,72,Normal
2026-02-08 10:10:06.561146,Seoul-1747,3,94,Normal
2026-02-08 10:10:07.561146,Seoul-1747,1,97,Normal
2026-02-08 10:10:08.561146,Seoul-1747,-17,18,Normal
2026-02-08 10:10:09.561146,Seoul-1747,-13,58,Normal
2026-02-08 10:10:10.561146,Seoul-1747,10,31,Normal
2026-02-08 10:10:11.561146,Seoul-1747,8,70,Normal
2026-02-08 10:10:12.561146,Seoul-1747,12,10,Normal
2026-02-08 10:10:13.561146,Seoul-1747,14,100,Normal
2026-02-08 10:10:14.561146,Seoul-1747,-11,37,Normal
2026-02-08 10:10:15.561146,Seoul-1747,44,30,Normal
2026-02-08 10:10:16.561146,Seoul-1747,21,93,Normal
2026-02-08 10:10:17.561146,Seoul-1747,0,7,Normal
2026-02-08 10:10:18.561146,Seoul-1747,35,47,Normal
2026-02-08 10:10:19.561146,Seoul-1747,9,17,Normal
2026-02-08 10:10:20.561146,Seoul-1747,-20,55,Normal
2026-02-08 10:10:21.561146,Seoul-1747,-11,28,Normal
2026-02-08 10:10:22.561146,Seoul-1747,-25,84,Normal
2026-02-08 10:10:23.561146,Seoul-1747,10,39,Normal
2026-02-08 10:10:24.561146,Seoul-1747,-21,51,Normal
2026-02-08 10:10:25.561146,Seoul-1747,25,50,Normal
2026-02-08 10:10:26.561146,Seoul-1747,7,33,Normal
2026-02-08 10:10:27.561146,Seoul-1747,43,76,Normal
2026-02-08 10:10:28.561146,Seoul-1747,44,73,Normal
2026-02-08 10:10:29.561146,Seoul-1747,27,27,Normal
2026-02-08 10:10:30.561146,Seoul-1747,44,40,Normal
2026-02-08 10:10:31.561146,Seoul-1747,21,93,Normal
2026-02-08 10:10:32.561146,Seoul-1747,49,64,Normal
2026-02-08 10:10:33.561146,Seoul-1747,16,15,Normal
2026-02-08 10:10:34.561146,Seoul-1747,15,15,Normal
2026-02-08 10:10:35.561146,Seoul-1747,-19,61,Normal
2026-02-08 10:10:36.561146,Seoul-1747,20,39,Normal
2026-02-08 10:10:37.561146,Seoul-1747,-8,90,Normal
2026-02-08 10:10:38.561146,Seoul-1747,23,83,Normal
2026-02-08 10:10:39.561146,Seoul-1747,35,44,Normal
2026-02-08 10:10:40.561146,Seoul-1747,49,32,Normal
2026-02-08 10:10:41.561146,Seoul-1747,11,5,Normal
2026-02-08 10:10:42.561146,Seoul-1747,-9,23,Normal
2026-02-08 10:10:43.561146,Seoul-1747,-23,3,Normal
2026-02-08 10:10:44.561146,Seoul-1747,-17,97,Normal
2026-02-08 10:10:45.561146,Seoul-1747,-26,2,Normal
2026-02-08 10:10:46.561146,Seoul-1747,-1,12,Normal
2026-02-08 10:10:47.561146,Seoul-1747,-12,70,Normal
2026-02-08 10:10:48.561146,Seoul-1747,-27,64,Normal
2026-02-08 10:10:49.561146,Seoul-1747,-23,87,Normal
2026-02-08 10:10:50.561146,Seoul-1747,-28,26,Normal
2026-02-08 10:10:51.561146,Seoul-1747,31,60,Normal
2026-02-08 10:10:52.561146,Seoul-1747,-25,17,Normal
2026-02-08 10:10:53.561146,Seoul-1747,11,50,Normal
2026-02-08 10:10:54.561146,Seoul-1747,28,56,Normal
2026-02-08 10:10:55.561146,Seoul-1747,20,42,Normal
2026-02-08 10:10:56.561146,Seoul-1747,35,85,Normal
2026-02-08 10:10:57.561146,Seoul-1747,-29,84,Normal
2026-02-08 10:10:58.561146,Seoul-1747,-24,29,Normal
2026-02-08 10:10:59.561146,Seoul-1747,-7,38,Normal
2026-02-08 10:11:00.561146,Seoul-1747,-10,94,Normal
2026-02-08 10:11:01.561146,Seoul-1747,-26,67,Normal
2026-02-08 10:11:02.561146,Seoul-1747,-20,73,Normal
2026-02-08 10:11:03.561146,Seoul-1747,-1,35,Normal
2026-02-08 10:11:04.561146,Seoul-1747,-27,47,Normal
2026-02-08 10:11:05.561146,Seoul-1747,23,53,Normal
2026-02-08 10:11:06.561146,Seoul-1747,43,13,Normal
2026-02-08 10:11:07.561146,Seoul-1747,-28,37,Normal
2026-02-08 10:11:08.561146,Seoul-1747,2,10,Normal
2026-02-08 10:11:09.561146,Seoul-1747,11,95,Normal
2026-02-08 10:11:10.561146,Seoul-1747,-12,56,Normal
2026-02-08 10:11:11.561146,Seoul-1747,48,33,Normal
2026-02-08 10:11:12.561146,Seoul-1747,2,68,Normal
2026-02-08 10:11:13.561146,Seoul-1747,16,53,Normal
2026-02-08 10:11:14.561146,Seoul-1747,0,90,Normal
2026-02-08 10:11:15.561146,Seoul-1747,-29,47,Normal
2026-02-08 10:11:16.561146,Seoul-1747,10,87,Normal
2026-02-08 10:11:17.561146,Seoul-1747,16,50,Normal
2026-02-08 10:11:18.561146,Seoul-1747,5,94,Normal
2026-02-08 10:11:19.561146,Seoul-1747,44,99,Normal
2026-02-08 10:11:20.561146,Seoul-1747,-24,41,Normal
2026-02-08 10:11:21.561146,Seoul-1747,-10,73,Normal
2026-02-08 10:11:22.561146,Seoul-1747,22,74,Normal
2026-02-08 10:11:23.561146,Seoul-1747,39,70,Normal
2026-02-08 10:11:24.561146,Seoul-1747,48,92,Normal
2026-02-08 10:11:25.561146,Seoul-1747,29,82,Normal
2026-02-08 10:11:26.561146,Seoul-1747,3,77,Normal
2026-02-08 10:11:27.561146,Seoul-1747,0,32,Normal
2026-02-08 10:11:28.561146,Seoul-1747,3,29,Normal
2026-02-08 10:11:29.561146,Seoul-1747,33,91,Normal
2026-02-08 10:11:30.561146,Seoul-1747,-3,81,Normal
2026-02-08 10:11:31.561146,Seoul-1747,-6,14,Normal
2026-02-08 10:11:32.561146,Seoul-1747,-8,36,Normal
2026-02-08 10:11:33.561146,Seoul-1747,-11,26,Normal
2026-02-08 10:11:34.561146,Seoul-1747,12,50,Normal
2026-02-08 10:11:35.561146,Seoul-1747,19,11,Normal
2026-02-08 10:11:36.561146,Seoul-1747,45,46,Normal
2026-02-08 10:11:37.561146,Seoul-1747,10,48,Normal
2026-02-08 10:11:38.561146,Seoul-1747,-28,62,Normal
2026-02-08 10:11:39.561146,Seoul-1747,-3,51,Normal
2026-02-08 10:11:40.561146,Seoul-1747,8,3,Normal
2026-02-08 10:11:41.561146,Seoul-1747,24,100,Normal
2026-02-08 10:11:42.561146,Seoul-1747,-29,35,Normal
2026-02-08 10:11:43.561146,Seoul-1747,4,18,Normal
2026-02-08 10:11:44.561146,Seoul-1747,24,85,Normal
2026-02-08 10:11:45.561146,Seoul-1747,26,95,Normal
2026-02-08 10:11:46.561146,Seoul-1747,19,25,Normal
2026-02-08 10:11:47.561146,Seoul-1747,24,28,Normal
2026-02-08 10:11:48.561146,Seoul-1747,8,46,Normal
2026-02-08 10:11:49.561146,Seoul-1747,5,34,Normal
2026-02-08 10:11:50.561146,Seoul-1747,43,100,Normal
2026-02-08 10:11:51.561146,Seoul-1747,49,13,Normal
2026-02-08 10:11:52.561146,Seoul-1747,22,18,Normal
2026-02-08 10:11:53.561146,Seoul-1747,26,18,Normal
2026-02-08 10:11:54.561146,Seoul-1747,-18,80,Normal
2026-02-08 10:11:55.561146,Seoul-1747,45,59,Normal
2026-02-08 10:11:56.561146,Seoul-1747,-21,0,Normal
2026-02-08 10:11:57.561146,Seoul-1747,35,70,Normal
2026-02-08 10:11:58.561146,Seoul-1747,47,42,Normal
2026-02-08 10:11:59.561146,Seoul-1747,-21,90,Normal
2026-02-08 10:12:00.561146,Seoul-1747,17,72,Normal
2026-02-08 10:12:01.561146,Seoul-1747,-3,41,Normal
2026-02-08 10:12:02.561146,Seoul-1747,8,81,Normal
2026-02-08 10:12:03.561146,Seoul-1747,39,11,Normal
2026-02-08 10:12:04.561146,Seoul-1747,-28,46,Normal
2026-02-08 10:12:05.561146,Seoul-1747,5,40,Normal
2026-02-08 10:12:06.561146,Seoul-1747,29,30,Normal
2026-02-08 10:12:07.561146,Seoul-1747,-3,40,Normal
2026-02-08 10:12:08.561146,Seoul-1747,-21,31,Normal
2026-02-08 10:12:09.561146,Seoul-1747,8,41,Normal
2026-02-08 10:12:10.561146,Seoul-1747,38,97,Normal
2026-02-08 10:12:11.561146,Seoul-1747,7,75,Normal
2026-02-08 10:12:12.561146,Seoul-1747,29,5,Normal
2026-02-08 10:12:13.561146,Seoul-1747,-2,6,Normal
2026-02-08 10:12:14.561146,Seoul-1747,15,85,Normal
2026-02-08 10:12:15.561146,Seoul-1747,42,46,Normal
2026-02-08 10:12:16.561146,Seoul-1747,27,26,Normal
2026-02-08 10:12:17.561146,Seoul-1747,15,35,Normal
2026-02-08 10:12:18.561146,Seoul-1747,11,45,Normal
2026-02-08 10:12:19.561146,Seoul-1747,44,25,Normal
2026-02-08 10:12:20.561146,Seoul-1747,-4,2,Normal
2026-02-08 10:12:21.561146,Seoul-1747,20,40,Normal
2026-02-08 10:12:22.561146,Seoul-1747,25,69,Normal
2026-02-08 10:12:23.561146,Seoul-1747,19,5,Normal
2026-02-08 10:12:24.561146,Seoul-1747,-2,55,Normal
2026-02-08 10:12:25.561146,Seoul-1747,10,59,Normal
2026-02-08 10:12:26.561146,Seoul-1747,0,73,Normal
2026-02-08 10:12:27.561146,Seoul-1747,-24,14,Normal
2026-02-08 10:12:28.561146,Seoul-1747,8,1,Normal
2026-02-08 10:12:29.561146,Seoul-1747,39,54,Normal
2026-02-08 10:12:30.561146,Seoul-1747,-6,69,Normal
2026-02-08 10:12:31.561146,Seoul-1747,-3,27,Normal
2026-02-08 10:12:32.561146,Seoul-1747,4,87,Normal
2026-02-08 10:12:33.561146,Seoul-1747,3,96,Normal
2026-02-08 10:12:34.561146,Seoul-1747,45,8,Normal
2026-02-08 10:12:35.561146,Seoul-1747,-6,20,Normal
2026-02-08 10:12:36.561146,Seoul-1747,3,85,Normal
2026-02-08 10:12:37.561146,Seoul-1747,43,54,Normal
2026-02-08 10:12:38.561146,Seoul-1747,38,29,Normal
2026-02-08 10:12:39.561146,Seoul-1747,33,89,Normal
2026-02-08 10:12:40.561146,Seoul-1747,7,8,Normal
2026-02-08 10:12:41.561146,Seoul-1747,8,86,Normal
2026-02-08 10:12:42.561146,Seoul-1747,-15,68,Normal
2026-02-08 10:12:43.561146,Seoul-1747,-24,61,Normal
2026-02-08 10:12:44.561146,Seoul-1747,50,16,Normal
2026-02-08 10:12:45.561146,Seoul-1747,3,94,Normal
2026-02-08 10:12:46.561146,Seoul-1747,41,85,Normal
2026-02-08 10:12:47.561146,Seoul-1747,21,8,Normal
2026-02-08 10:12:48.561146,Seoul-1747,37,0,Normal
2026-02-08 10:12:49.561146,Seoul-1747,30,55,Normal
2026-02-08 10:12:50.561146,Seoul-1747,-24,46,Normal
2026-02-08 10:12:51.561146,Seoul-1747,-10,16,Normal
2026-02-08 10:12:52.561146,Seoul-1747,9,37,Normal
2026-02-08 10:12:53.561146,Seoul-1747,14,64,Normal
2026-02-08 10:12:54.561146,Seoul-1747,28,36,Normal
2026-02-08 10:12:55.561146,Seoul-1747,20,0,Normal
2026-02-08 10:12:56.561146,Seoul-1747,48,22,Normal
2026-02-08 10:12:57.561146,Seoul-1747,-7,58,Normal
2026-02-08 10:12:58.561146,Seoul-1747,-18,48,Normal
2026-02-08 10:12:59.561146,Seoul-1747,4,66,Normal
2026-02-08 10:13:00.561146,Seoul-1747,42,91,Normal
2026-02-08 10:13:01.561146,Seoul-1747,2,41,Normal
2026-02-08 10:13:02.561146,Seoul-1747,-7,5,Normal
2026-02-08 10:13:03.561146,Seoul-1747,37,31,Normal
2026-02-08 10:13:04.561146,Seoul-1747,-6,45,Normal
2026-02-08 10:13:05.561146,Seoul-1747,-20,7,Normal
2026-02-08 10:13:06.561146,Seoul-1747,-3,18,Normal
2026-02-08 10:13:07.561146,Seoul-1747,30,64,Normal
2026-02-08 10:13:08.561146,Seoul-1747,15,54,Normal
2026-02-08 10:13:09.561146,Seoul-1747,-25,47,Normal
2026-02-08 10:13:10.561146,Seoul-1747,5,9,Normal
2026-02-08 10:13:11.561146,Seoul-1747,36,47,Normal
2026-02-08 10:13:12.561146,Seoul-1747,14,39,Normal
2026-02-08 10:13:13.561146,Seoul-1747,20,19,Normal
2026-02-08 10:13:14.561146,Seoul-1747,32,76,Normal
2026-02-08 10:13:15.561146,Seoul-1747,49,40,Normal
2026-02-08 10:13:16.561146,Seoul-1747,-12,58,Normal
2026-02-08 10:13:17.561146,Seoul-1747,31,24,Normal
2026-02-08 10:13:18.561146,Seoul-1747,41,3,Normal
2026-02-08 10:13:19.561146,Seoul-1747,24,49,Normal
2026-02-08 10:13:20.561146,Seoul-1747,-27,48,Normal
2026-02-08 10:13:21.561146,Seoul-1747,-16,47,Normal
2026-02-08 10:13:22.561146,Seoul-1747,-10,30,Normal
2026-02-08 10:13:23.561146,Seoul-1747,18,23,Normal
2026-02-08 10:13:24.561146,Seoul-1747,-28,14,Normal
2026-02-08 10:13:25.561146,Seoul-1747,16,57,Normal
2026-02-08 10:13:26.561146,Seoul-1747,23,17,Normal
2026-02-08 10:13:27.561146,Seoul-1747,3,37,Normal
2026-02-08 10:13:28.561146,Seoul-1747,-5,28,Normal
2026-02-08 10:13:29.561146,Seoul-1747,11,93,Normal
2026-02-08 10:13:30.561146,Seoul-1747,17,66,Normal
2026-02-08 10:13:31.561146,Seoul-1747,-22,20,Normal
2026-02-08 10:13:32.561146,Seoul-1747,-12,11,Normal
2026-02-08 10:13:33.561146,Seoul-1747,-25,27,Normal
2026-02-08 10:13:34.561146,Seoul-1747,20,86,Normal
2026-02-08 10:13:35.561146,Seoul-1747,7,30,Normal
2026-02-08 10:13:36.561146,Seoul-1747,29,46,Normal
2026-02-08 10:13:37.561146,Seoul-1747,23,100,Normal
2026-02-08 10:13:38.561146,Seoul-1747,10,76,Normal
2026-02-08 10:13:39.561146,Seoul-1747,48,85,Normal
2026-02-08 10:13:40.561146,Seoul-1747,-27,33,Normal
2026-02-08 10:13:41.561146,Seoul-1747,11,16,Normal
2026-02-08 10:13:42.561146,Seoul-1747,33,57,Normal
2026-02-08 10:13:43.561146,Seoul-1747,34,46,Normal
2026-02-08 10:13:44.561146,Seoul-1747,-18,2,Normal
2026-02-08 10:13:45.561146,Seoul-1747,1,32,Normal
2026-02-08 10:13:46.561146,Seoul-1747,-19,43,Normal
2026-02-08 10:13:47.561146,Seoul-1747,-11,80,Normal
2026-02-08 10:13:48.561146,Seoul-1747,4,94,Normal
2026-02-08 10:13:49.561146,Seoul-1747,43,50,Normal
2026-02-08 10:13:50.561146,Seoul-1747,-12,45,Normal
2026-02-08 10:13:51.561146,Seoul-1747,-28,32,Normal
2026-02-08 10:13:52.561146,Seoul-1747,19,60,Normal
2026-02-08 10:13:53.561146,Seoul-1747,1,50,Normal
2026-02-08 10:13:54.561146,Seoul-1747,-24,90,Normal
2026-02-08 10:13:55.561146,Seoul-1747,-6,50,Normal
2026-02-08 10:13:56.561146,Seoul-1747,-12,71,Normal
2026-02-08 10:13:57.561146,Seoul-1747,47,56,Normal
2026-02-08 10:13:58.561146,Seoul-1747,42,14,Normal
2026-02-08 10:13:59.561146,Seoul-1747,-1,61,Normal
2026-02-08 10:14:00.561146,Seoul-1747,2,60,Normal
2026-02-08 10:14:01.561146,Seoul-1747,45,47,Normal
2026-02-08 10:14:02.561146,Seoul-1747,-14,74,Normal
2026-02-08 10:14:03.561146,Seoul-1747,-10,67,Normal
2026-02-08 10:14:04.561146,Seoul-1747,14,42,Normal
2026-02-08 10:14:05.561146,Seoul-1747,-26,24,Normal
2026-02-08 10:14:06.561146,Seoul-1747,36,84,Normal
2026-02-08 10:14:07.561146,Seoul-1747,49,65,Normal
2026-02-08 10:14:08.561146,Seoul-1747,18,51,Normal
2026-02-08 10:14:09.561146,Seoul-1747,-12,69,Normal
2026-02-08 10:14:10.561146,Seoul-1747,44,98,Normal
2026-02-08 10:14:11.561146,Seoul-1747,-7,37,Normal
2026-02-08 10:14:12.561146,Seoul-1747,-2,66,Normal
2026-02-08 10:14:13.561146,Seoul-1747,41,67,Normal
2026-02-08 10:14:14.561146,Seoul-1747,0,88,Normal
2026-02-08 10:14:15.561146,Seoul-1747,-27,71,Normal
2026-02-08 10:14:16.561146,Seoul-1747,-18,70,Normal
2026-02-08 10:14:17.561146,Seoul-1747,-28,21,Normal
2026-02-08 10:14:18.561146,Seoul-1747,28,89,Normal
2026-02-08 10:14:19.561146,Seoul-1747,40,47,Normal
2026-02-08 10:14:20.561146,Seoul-1747,42,75,Normal
2026-02-08 10:14:21.561146,Seoul-1747,-19,82,Normal
2026-02-08 10:14:22.561146,Seoul-1747,-2,43,Normal
2026-02-08 10:14:23.561146,Seoul-1747,13,75,Normal
2026-02-08 10:14:24.561146,Seoul-1747,2,38,Normal
2026-02-08 10:14:25.561146,Seoul-1747,47,60,Normal
2026-02-08 10:14:26.561146,Seoul-1747,-5,5,Normal
2026-02-08 10:14:27.561146,Seoul-1747,47,49,Normal
2026-02-08 10:14:28.561146,Seoul-1747,28,93,Normal
2026-02-08 10:14:29.561146,Seoul-1747,37,46,Normal
2026-02-08 10:14:30.561146,Seoul-1747,38,88,Normal
