timestamp,station_id,temp,humid,condition
2026-02-14 05:08:22.900551,Tokyo-3ecd,14,36,Normal
2026-02-14 05:08:23.900551,Tokyo-3ecd,10,75,Normal
2026-02-14 05:08:24.900551,Tokyo-3ecd,-24,19,Normal
2026-02-14 05:08:25.900551,Tokyo-3ecd,8,45,Normal
2026-02-14 05:08:26.900551,Tokyo-3ecd,23,62,Normal
2026-02-14 05:08:27.900551,Tokyo-3ecd,-3,54,Normal
2026-02-14 05:08:28.900551,Tokyo-3ecd,-7,2,Normal
2026-02-14 05:08:29.900551,Tokyo-3ecd,30,45,Normal
2026-02-14 05:08:30.900551,Tokyo-3ecd,-24,10,Normal
2026-02-14 05:08:31.900551,Tokyo-3ecd,9,27,Normal
2026-02-14 05:08:32.900551,Tokyo-3ecd,-25,87,Normal
2026-02-14 05:08:33.900551,Tokyo-3ecd,49,41,Normal
2026-02-14 05:08:34.900551,Tokyo-3ecd,-17,68,Normal
2026-02-14 05:08:35.900551,Tokyo-3ecd,7,84,Normal
2026-02-14 05:08:36.900551,Tokyo-3ecd,50,83,Normal
2026-02-14 05:08:37.900551,Tokyo-3ecd,42,86,Normal
2026-02-14 05:08:38.900551,Tokyo-3ecd,-25,91,Normal
2026-02-14 05:08:39.900551,Tokyo-3ecd,40,26,Normal
2026-02-14 05:08:40.900551,Tokyo-3ecd,-1,64,Normal
2026-02-14 05:08:41.900551,Tokyo-3ecd,13,21,Normal
2026-02-14 05:08:42.900551,Tokyo-3ecd,11,22,Normal
2026-02-14 05:08:43.900551,Tokyo-3ecd,30,89,Normal
2026-02-14 05:08:44.900551,Tokyo-3ecd,3,2,Normal
2026-02-14 05:08:45.900551,Tokyo-3ecd,2,28,Normal
2026-02-14 05:08:46.900551,Tokyo-3ecd,26,36,Normal
2026-02-14 05:08:47.900551,Tokyo-3ecd,-11,46,Normal
2026-02-14 05:08:48.900551,Tokyo-3ecd,-9,91,Normal
2026-02-14 05:08:49.900551,Tokyo-3ecd,2,45,Normal
2026-02-14 05:08:50.900551,Tokyo-3ecd,4,52,Normal
2026-02-14 05:08:51.900551,Tokyo-3ecd,21,25,Normal
2026-02-14 05:08:52.900551,Tokyo-3ecd,49,40,Normal
2026-02-14 05:08:53.900551,Tokyo-3ecd,-30,21,Normal
2026-02-14 05:08:54.900551,Tokyo-3ecd,40,81,Normal
2026-02-14 05:08:55.900551,Tokyo-3ecd,27,21,Normal
2026-02-14 05:08:56.900551,Tokyo-3ecd,34,65,Normal
2026-02-14 05:08:57.900551,Tokyo-3ecd,-28,62,Normal
2026-02-14 05:08:58.900551,Tokyo-3ecd,27,23,Normal
2026-02-14 05:08:59.900551,Tokyo-3ecd,-12,94,Normal
2026-02-14 05:09:00.900551,Tokyo-3ecd,-18,94,Normal
2026-02-14 05:09:01.900551,Tokyo-3ecd,17,34,Normal
2026-02-14 05:09:02.900551,Tokyo-3ecd,-11,36,Normal
2026-02-14 05:09:03.900551,Tokyo-3ecd,7,98,Normal
2026-02-14 05:09:04.900551,Tokyo-3ecd,-22,95,Normal
2026-02-14 05:09:05.900551,Tokyo-3ecd,-13,51,Normal
2026-02-14 05:09:06.900551,Tokyo-3ecd,-27,24,Normal
2026-02-14 05:09:07.900551,Tokyo-3ecd,26,19,Normal
2026-02-14 05:09:08.900551,Tokyo-3ecd,-25,82,Normal
2026-02-14 05:09:09.900551,Tokyo-3ecd,6,21,Normal
2026-02-14 05:09:10.900551,Tokyo-3ecd,-26,14,Normal
2026-02-14 05:09:11.900551,Tokyo-3ecd,40,44,Normal
2026-02-14 05:09:12.900551,Tokyo-3ecd,5,98,Normal
2026-02-14 05:09:13.900551,Tokyo-3ecd,34,44,Normal
2026-02-14 05:09:14.900551,Tokyo-3ecd,47,11,Normal
2026-02-14 05:09:15.900551,Tokyo-3ecd,15,62,Normal
2026-02-14 05:09:16.900551,Tokyo-3ecd,27,92,Normal
2026-02-14 05:09:17.900551,Tokyo-3ecd,1,51,Normal
2026-02-14 05:09:18.900551,Tokyo-3ecd,33,42,Normal
2026-02-14 05:09:19.900551,Tokyo-3ecd,-23,3,Normal
2026-02-14 05:09:20.900551,Tokyo-3ecd,-30,4,Normal
2026-02-14 05:09:21.900551,Tokyo-3ecd,3,50,Normal
2026-02-14 05:09:22.900551,Tokyo-3ecd,24,70,Normal
2026-02-14 05:09:23.900551,Tokyo-3ecd,17,92,Normal
2026-02-14 05:09:24.900551,Tokyo-3ecd,35,37,Normal
2026-02-14 05:09:25.900551,Tokyo-3ecd,27,68,Normal
2026-02-14 05:09:26.900551,Tokyo-3ecd,33,71,Normal
2026-02-14 05:09:27.900551,Tokyo-3ecd,14,25,Normal
2026-02-14 05:09:28.900551,Tokyo-3ecd,-30,76,Normal
2026-02-14 05:09:29.900551,Tokyo-3ecd,12,80,Normal
2026-02-14 05:09:30.900551,Tokyo-3ecd,-19,1,Normal
2026-02-14 05:09:31.900551,Tokyo-3ecd,-18,68,Normal
2026-02-14 05:09:32.900551,Tokyo-3ecd,24,85,Normal
2026-02-14 05:09:33.900551,Tokyo-3ecd,25,97,Normal
2026-02-14 05:09:34.900551,Tokyo-3ecd,26,28,Normal
2026-02-14 05:09:35.900551,Tokyo-3ecd,48,91,Normal
2026-02-14 05:09:36.900551,Tokyo-3ecd,-10,4,Normal
2026-02-14 05:09:37.900551,Tokyo-3ecd,-6,12,Normal
2026-02-14 05:09:38.900551,Tokyo-3ecd,43,34,Normal
2026-02-14 05:09:39.900551,Tokyo-3ecd,22,23,Normal
2026-02-14 05:09:40.900551,Tokyo-3ecd,-30,8,Normal
2026-02-14 05:09:41.900551,Tokyo-3ecd,0,59,Normal
2026-02-14 05:09:42.900551,Tokyo-3ecd,-8,24,Normal
2026-02-14 05:09:43.900551,Tokyo-3ecd,3,72,Normal
2026-02-14 05:09:44.900551,Tokyo-3ecd,32,95,Normal
2026-02-14 05:09:45.900551,Tokyo-3ecd,-19,55,Normal
2026-02-14 05:09:46.900551,Tokyo-3ecd,-2,90,Normal
2026-02-14 05:09:47.900551,Tokyo-3ecd,26,62,Normal
2026-02-14 05:09:48.900551,Tokyo-3ecd,6,17,Normal
2026-02-14 05:09:49.900551,Tokyo-3ecd,11,92,Normal
2026-02-14 05:09:50.900551,Tokyo-3ecd,-14,45,Normal
2026-02-14 05:09:51.900551,Tokyo-3ecd,-15,75,Normal
2026-02-14 05:09:52.900551,Tokyo-3ecd,-15,71,Normal
2026-02-14 05:09:53.900551,Tokyo-3ecd,43,31,Normal
2026-02-14 05:09:54.900551,Tokyo-3ecd,40,53,Normal
2026-02-14 05:09:55.900551,Tokyo-3ecd,26,15,Normal
2026-02-14 05:09:56.900551,Tokyo-3ecd,30,0,Normal
2026-02-14 05:09:57.900551,Tokyo-3ecd,-2,82,Normal
2026-02-14 05:09:58.900551,Tokyo-3ecd,15,43,Normal
2026-02-14 05:09:59.900551,Tokyo-3ecd,-4,1,Normal
2026-02-14 05:10:00.900551,Tokyo-3ecd,4,11,Normal
2026-02-14 05:10:01.900551,Tokyo-3ecd,-8,12,Normal
2026-02-14 05:10:02.900551,Tokyo-3ecd,-8,64,Normal
2026-02-14 05:10:03.900551,Tokyo-3ecd,6,29,Normal
2026-02-14 05:10:04.900551,Tokyo-3ecd,19,54,Normal
2026-02-14 05:10:05.900551,Tokyo-3ecd,45,19,Normal
2026-02-14 05:10:06.900551,Tokyo-3ecd,-5,52,Normal
2026-02-14 05:10:07.900551,Tokyo-3ecd,5,85,Normal
2026-02-14 05:10:08.900551,Tokyo-3ecd,-16,68,Normal
2026-02-14 05:10:09.900551,Tokyo-3ecd,24,8,Normal
2026-02-14 05:10:10.900551,Tokyo-3ecd,28,91,Normal
2026-02-14 05:10:11.900551,Tokyo-3ecd,-27,3,Normal
2026-02-14 05:10:12.900551,Tokyo-3ecd,13,6,Normal
2026-02-14 05:10:13.900551,Tokyo-3ecd,2,27,Normal
2026-02-14 05:10:14.900551,Tokyo-3ecd,8,58,Normal
2026-02-14 05:10:15.900551,Tokyo-3ecd,35,12,Normal
2026-02-14 05:10:16.900551,Tokyo-3ecd,-10,97,Normal
2026-02-14 05:10:17.900551,Tokyo-3ecd,45,75,Normal
2026-02-14 05:10:18.900551,Tokyo-3ecd,36,12,Normal
2026-02-14 05:10:19.900551,Tokyo-3ecd,-19,57,Normal
2026-02-14 05:10:20.900551,Tokyo-3ecd,-23,2,Normal
2026-02-14 05:10:21.900551,Tokyo-3ecd,-22,15,Normal
2026-02-14 05:10:22.900551,Tokyo-3ecd,11,60,Normal
2026-02-14 05:10:23.900551,Tokyo-3ecd,-2,33,Normal
2026-02-14 05:10:24.900551,Tokyo-3ecd,31,44,Normal
2026-02-14 05:10:25.900551,Tokyo-3ecd,6,59,Normal
2026-02-14 05:10:26.900551,Tokyo-3ecd,16,55,Normal
2026-02-14 05:10:27.900551,Tokyo-3ecd,42,23,Normal
2026-02-14 05:10:28.900551,Tokyo-3ecd,18,93,Normal
2026-02-14 05:10:29.900551,Tokyo-3ecd,11,61,Normal
2026-02-14 05:10:30.900551,Tokyo-3ecd,-17,96,Normal
2026-02-14 05:10:31.900551,Tokyo-3ecd,-21,28,Normal
2026-02-14 05:10:32.900551,Tokyo-3ecd,43,23,Normal
2026-02-14 05:10:33.900551,Tokyo-3ecd,28,79,Normal
2026-02-14 05:10:34.900551,Tokyo-3ecd,-19,99,Normal
2026-02-14 05:10:35.900551,Tokyo-3ecd,-19,96,Normal
2026-02-14 05:10:36.900551,Tokyo-3ecd,23,67,Normal
2026-02-14 05:10:37.900551,Tokyo-3ecd,11,10,Normal
2026-02-14 05:10:38.900551,Tokyo-3ecd,22,87,Normal
2026-02-14 05:10:39.900551,Tokyo-3ecd,-11,24,Normal
2026-02-14 05:10:40.900551,Tokyo-3ecd,-30,52,Normal
2026-02-14 05:10:41.900551,Tokyo-3ecd,-17,26,Normal
2026-02-14 05:10:42.900551,Tokyo-3ecd,-27,93,Normal
2026-02-14 05:10:43.900551,Tokyo-3ecd,-5,65,Normal
2026-02-14 05:10:44.900551,Tokyo-3ecd,-27,11,Normal
2026-02-14 05:10:45.900551,Tokyo-3ecd,15,62,Normal
2026-02-14 05:10:46.900551,Tokyo-3ecd,30,93,Normal
2026-02-14 05:10:47.900551,Tokyo-3ecd,32,84,Normal
2026-02-14 05:10:48.900551,Tokyo-3ecd,24,89,Normal
2026-02-14 05:10:49.900551,Tokyo-3ecd,-15,93,Normal
2026-02-14 05:10:50.900551,Tokyo-3ecd,36,54,Normal
2026-02-14 05:10:51.900551,Tokyo-3ecd,-13,14,Normal
2026-02-14 05:10:52.900551,Tokyo-3ecd,7,34,Normal
2026-02-14 05:10:53.900551,Tokyo-3ecd,-19,26,Normal
2026-02-14 05:10:54.900551,Tokyo-3ecd,13,83,Normal
2026-02-14 05:10:55.900551,Tokyo-3ecd,-6,96,Normal
2026-02-14 05:10:56.900551,Tokyo-3ecd,39,63,Normal
2026-02-14 05:10:57.900551,Tokyo-3ecd,-11,55,Normal
2026-02-14 05:10:58.900551,Tokyo-3ecd,9,87,Normal
2026-02-14 05:10:59.900551,Tokyo-3ecd,-28,82,Normal
2026-02-14 05:11:00.900551,Tokyo-3ecd,37,45,Normal
2026-02-14 05:11:01.900551,Tokyo-3ecd,-23,30,Normal
2026-02-14 05:11:02.900551,Tokyo-3ecd,47,39,Normal
2026-02-14 05:11:03.900551,Tokyo-3ecd,34,52,Normal
2026-02-14 05:11:04.900551,Tokyo-3ecd,44,68,Normal
2026-02-14 05:11:05.900551,Tokyo-3ecd,-9,13,Normal
2026-02-14 05:11:06.900551,Tokyo-3ecd,9,40,Normal
2026-02-14 05:11:07.900551,Tokyo-3ecd,40,12,Normal
2026-02-14 05:11:08.900551,Tokyo-3ecd,17,16,Normal
2026-02-14 05:11:09.900551,Tokyo-3ecd,50,5,Normal
2026-02-14 05:11:10.900551,Tokyo-3ecd,-2,33,Normal
2026-02-14 05:11:11.900551,Tokyo-3ecd,-3,41,Normal
2026-02-14 05:11:12.900551,Tokyo-3ecd,9,65,Normal
2026-02-14 05:11:13.900551,Tokyo-3ecd,-17,25,Normal
2026-02-14 05:11:14.900551,Tokyo-3ecd,-20,56,Normal
2026-02-14 05:11:15.900551,Tokyo-3ecd,-22,28,Normal
2026-02-14 05:11:16.900551,Tokyo-3ecd,3,29,Normal
2026-02-14 05:11:17.900551,Tokyo-3ecd,43,32,Normal
2026-02-14 05:11:18.900551,Tokyo-3ecd,27,49,Normal
2026-02-14 05:11:19.900551,Tokyo-3ecd,11,38,Normal
2026-02-14 05:11:20.900551,Tokyo-3ecd,30,20,Normal
2026-02-14 05:11:21.900551,Tokyo-3ecd,31,52,Normal
2026-02-14 05:11:22.900551,Tokyo-3ecd,30,4,Normal
2026-02-14 05:11:23.900551,Tokyo-3ecd,15,72,Normal
2026-02-14 05:11:24.900551,Tokyo-3ecd,41,42,Normal
2026-02-14 05:11:25.900551,Tokyo-3ecd,31,27,Normal
2026-02-14 05:11:26.900551,Tokyo-3ecd,-23,51,Normal
2026-02-14 05:11:27.900551,Tokyo-3ecd,46,52,Normal
2026-02-14 05:11:28.900551,Tokyo-3ecd,39,7,Normal
2026-02-14 05:11:29.900551,Tokyo-3ecd,28,0,Normal
2026-02-14 05:11:30.900551,Tokyo-3ecd,37,76,Normal
2026-02-14 05:11:31.900551,Tokyo-3ecd,45,93,Normal
2026-02-14 05:11:32.900551,Tokyo-3ecd,18,36,Normal
2026-02-14 05:11:33.900551,Tokyo-3ecd,-8,89,Normal
2026-02-14 05:11:34.900551,Tokyo-3ecd,25,28,Normal
2026-02-14 05:11:35.900551,Tokyo-3ecd,38,23,Normal
2026-02-14 05:11:36.900551,Tokyo-3ecd,-6,33,Normal
2026-02-14 05:11:37.900551,Tokyo-3ecd,12,45,Normal
2026-02-14 05:11:38.900551,Tokyo-3ecd,-27,18,Normal
2026-02-14 05:11:39.900551,Tokyo-3ecd,-11,34,Normal
2026-02-14 05:11:40.900551,Tokyo-3ecd,11,49,Normal
2026-02-14 05:11:41.900551,Tokyo-3ecd,18,52,Normal
2026-02-14 05:11:42.900551,Tokyo-3ecd,37,40,Normal
2026-02-14 05:11:43.900551,Tokyo-3ecd,16,91,Normal
2026-02-14 05:11:44.900551,Tokyo-3ecd,29,72,Normal
2026-02-14 05:11:45.900551,Tokyo-3ecd,-30,74,Normal
2026-02-14 05:11:46.900551,Tokyo-3ecd,-12,32,Normal
2026-02-14 05:11:47.900551,Tokyo-3ecd,6,14,Normal
2026-02-14 05:11:48.900551,Tokyo-3ecd,30,82,Normal
2026-02-14 05:11:49.900551,Tokyo-3ecd,9,95,Normal
2026-02-14 05:11:50.900551,Tokyo-3ecd,-6,48,Normal
2026-02-14 05:11:51.900551,Tokyo-3ecd,20,10,Normal
2026-02-14 05:11:52.900551,Tokyo-3ecd,41,57,Normal
2026-02-14 05:11:53.900551,Tokyo-3ecd,44,43,Normal
2026-02-14 05:11:54.900551,Tokyo-3ecd,-15,2,Normal
2026-02-14 05:11:55.900551,Tokyo-3ecd,-1,2,Normal
2026-02-14 05:11:56.900551,Tokyo-3ecd,-30,50,Normal
2026-02-14 05:11:57.900551,Tokyo-3ecd,41,86,Normal
2026-02-14 05:11:58.900551,Tokyo-3ecd,31,24,Normal
2026-02-14 05:11:59.900551,Tokyo-3ecd,-27,67,Normal
2026-02-14 05:12:00.900551,Tokyo-3ecd,-27,57,Normal
2026-02-14 05:12:01.900551,Tokyo-3ecd,17,75,Normal
2026-02-14 05:12:02.900551,Tokyo-3ecd,-26,38,Normal
2026-02-14 05:12:03.900551,Tokyo-3ecd,26,59,Normal
2026-02-14 05:12:04.900551,Tokyo-3ecd,46,53,Normal
2026-02-14 05:12:05.900551,Tokyo-3ecd,32,6,Normal
2026-02-14 05:12:06.900551,Tokyo-3ecd,1,99,Normal
2026-02-14 05:12:07.900551,Tokyo-3ecd,14,70,Normal
2026-02-14 05:12:08.900551,Tokyo-3ecd,-5,42,Normal
2026-02-14 05:12:09.900551,Tokyo-3ecd,-28,12,Normal
2026-02-14 05:12:10.900551,Tokyo-3ecd,-15,78,Normal
2026-02-14 05:12:11.900551,Tokyo-3ecd,7,92,Normal
2026-02-14 05:12:12.900551,Tokyo-3ecd,50,13,Normal
2026-02-14 05:12:13.900551,Tokyo-3ecd,-28,34,Normal
2026-02-14 05:12:14.900551,Tokyo-3ecd,9,66,Normal
2026-02-14 05:12:15.900551,Tokyo-3ecd,22,21,Normal
2026-02-14 05:12:16.900551,Tokyo-3ecd,-4,95,Normal
2026-02-14 05:12:17.900551,Tokyo-3ecd,-29,77,Normal
2026-02-14 05:12:18.900551,Tokyo-3ecd,32,47,Normal
2026-02-14 05:12:19.900551,Tokyo-3ecd,-1,32,Normal
2026-02-14 05:12:20.900551,Tokyo-3ecd,-19,41,Normal
2026-02-14 05:12:21.900551,Tokyo-3ecd,-5,32,Normal
2026-02-14 05:12:22.900551,Tokyo-3ecd,-11,65,Normal
2026-02-14 05:12:23.900551,Tokyo-3ecd,42,35,Normal
2026-02-14 05:12:24.900551,Tokyo-3ecd,-15,13,Normal
2026-02-14 05:12:25.900551,Tokyo-3ecd,21,42,Normal
2026-02-14 05:12:26.900551,Tokyo-3ecd,19,69,Normal
2026-02-14 05:12:27.900551,Tokyo-3ecd,-29,66,Normal
2026-02-14 05:12:28.900551,Tokyo-3ecd,34,93,Normal
2026-02-14 05:12:29.900551,Tokyo-3ecd,-14,92,Normal
2026-02-14 05:12:30.900551,Tokyo-3ecd,40,66,Normal
2026-02-14 05:12:31.900551,Tokyo-3ecd,45,37,Normal
2026-02-14 05:12:32.900551,Tokyo-3ecd,4,3,Normal
2026-02-14 05:12:33.900551,Tokyo-3ecd,-24,79,Normal
2026-02-14 05:12:34.900551,Tokyo-3ecd,15,68,Normal
2026-02-14 05:12:35.900551,Tokyo-3ecd,18,5,Normal
2026-02-14 05:12:36.900551,Tokyo-3ecd,46,85,Normal
2026-02-14 05:12:37.900551,Tokyo-3ecd,-15,40,Normal
2026-02-14 05:12:38.900551,Tokyo-3ecd,-17,5,Normal
2026-02-14 05:12:39.900551,Tokyo-3ecd,-6,31,Normal
2026-02-14 05:12:40.900551,Tokyo-3ecd,-9,90,Normal
2026-02-14 05:12:41.900551,Tokyo-3ecd,-24,45,Normal
2026-02-14 05:12:42.900551,Tokyo-3ecd,-27,80,Normal
2026-02-14 05:12:43.900551,Tokyo-3ecd,-9,67,Normal
2026-02-14 05:12:44.900551,Tokyo-3ecd,-10,21,Normal
2026-02-14 05:12:45.900551,Tokyo-3ecd,14,79,Normal
2026-02-14 05:12:46.900551,Tokyo-3ecd,42,41,Normal
2026-02-14 05:12:47.900551,Tokyo-3ecd,6,44,Normal
2026-02-14 05:12:48.900551,Tokyo-3ecd,3,42,Normal
2026-02-14 05:12:49.900551,Tokyo-3ecd,29,98,Normal
2026-02-14 05:12:50.900551,Tokyo-3ecd,35,26,Normal
2026-02-14 05:12:51.900551,Tokyo-3ecd,50,68,Normal
2026-02-14 05:12:52.900551,Tokyo-3ecd,38,60,Normal
2026-02-14 05:12:53.900551,Tokyo-3ecd,16,13,Normal
2026-02-14 05:12:54.900551,Tokyo-3ecd,-20,100,Normal
2026-02-14 05:12:55.900551,Tokyo-3ecd,33,48,Normal
2026-02-14 05:12:56.900551,Tokyo-3ecd,32,26,Normal
2026-02-14 05:12:57.900551,Tokyo-3ecd,-5,49,Normal
2026-02-14 05:12:58.900551,Tokyo-3ecd,13,27,Normal
2026-02-14 05:12:59.900551,Tokyo-3ecd,16,33,Normal
2026-02-14 05:13:00.900551,Tokyo-3ecd,18,34,Normal
2026-02-14 05:13:01.900551,Tokyo-3ecd,-15,34,Normal
2026-02-14 05:13:02.900551,Tokyo-3ecd,28,33,Normal
2026-02-14 05:13:03.900551,Tokyo-3ecd,49,68,Normal
2026-02-14 05:13:04.900551,Tokyo-3ecd,-24,18,Normal
2026-02-14 05:13:05.900551,Tokyo-3ecd,-1,43,Normal
2026-02-14 05:13:06.900551,Tokyo-3ecd,10,55,Normal
2026-02-14 05:13:07.900551,Tokyo-3ecd,46,39,Normal
2026-02-14 05:13:08.900551,Tokyo-3ecd,46,55,Normal
2026-02-14 05:13:09.900551,Tokyo-3ecd,14,0,Normal
2026-02-14 05:13:10.900551,Tokyo-3ecd,2,54,Normal
2026-02-14 05:13:11.900551,Tokyo-3ecd,-30,26,Normal
2026-02-14 05:13:12.900551,Tokyo-3ecd,1,55,Normal
2026-02-14 05:13:13.900551,Tokyo-3ecd,23,81,Normal
2026-02-14 05:13:14.900551,Tokyo-3ecd,26,13,Normal
2026-02-14 05:13:15.900551,Tokyo-3ecd,44,56,Normal
2026-02-14 05:13:16.900551,Tokyo-3ecd,-13,60,Normal
2026-02-14 05:13:17.900551,Tokyo-3ecd,-3,23,Normal
2026-02-14 05:13:18.900551,Tokyo-3ecd,14,44,Normal
2026-02-14 05:13:19.900551,Tokyo-3ecd,18,95,Normal
2026-02-14 05:13:20.900551,Tokyo-3ecd,-17,62,Normal
2026-02-14 05:13:21.900551,Tokyo-3ecd,-13,64,Normal
2026-02-14 05:13:22.900551,Tokyo-3ecd,5,30,Normal
2026-02-14 05:13:23.900551,Tokyo-3ecd,47,97,Normal
2026-02-14 05:13:24.900551,Tokyo-3ecd,27,21,Normal
2026-02-14 05:13:25.900551,Tokyo-3ecd,15,20,Normal
2026-02-14 05:13:26.900551,Tokyo-3ecd,7,9,Normal
2026-02-14 05:13:27.900551,Tokyo-3ecd,14,44,Normal
2026-02-14 05:13:28.900551,Tokyo-3ecd,-13,53,Normal
2026-02-14 05:13:29.900551,Tokyo-3ecd,-6,40,Normal
2026-02-14 05:13:30.900551,Tokyo-3ecd,38,37,Normal
2026-02-14 05:13:31.900551,Tokyo-3ecd,5,9,Normal
2026-02-14 05:13:32.900551,Tokyo-3ecd,34,49,Normal
2026-02-14 05:13:33.900551,Tokyo-3ecd,16,39,Normal
2026-02-14 05:13:34.900551,Tokyo-3ecd,24,67,Normal
2026-02-14 05:13:35.900551,Tokyo-3ecd,30,39,Normal
2026-02-14 05:13:36.900551,Tokyo-3ecd,27,13,Normal
2026-02-14 05:13:37.900551,Tokyo-3ecd,-3,18,Normal
2026-02-14 05:13:38.900551,Tokyo-3ecd,-1,25,Normal
2026-02-14 05:13:39.900551,Tokyo-3ecd,14,90,Normal
2026-02-14 05:13:40.900551,Tokyo-3ecd,4,54,Normal
2026-02-14 05:13:41.900551,Tokyo-3ecd,6,100,Normal
2026-02-14 05:13:42.900551,Tokyo-3ecd,47,0,Normal
2026-02-14 05:13:43.900551,Tokyo-3ecd,-27,69,Normal
2026-02-14 05:13:44.900551,Tokyo-3ecd,14,21,Normal
2026-02-14 05:13:45.900551,Tokyo-3ecd,0,89,Normal
2026-02-14 05:13:46.900551,Tokyo-3ecd,44,91,Normal
2026-02-14 05:13:47.900551,Tokyo-3ecd,46,90,Normal
2026-02-14 05:13:48.900551,Tokyo-3ecd,20,62,Normal
2026-02-14 05:13:49.900551,Tokyo-3ecd,48,90,Normal
2026-02-14 05:13:50.900551,Tokyo-3ecd,-11,7,Normal
2026-02-14 05:13:51.900551,Tokyo-3ecd,-21,5,Normal
2026-02-14 05:13:52.900551,Tokyo-3ecd,-11,0,Normal
2026-02-14 05:13:53.900551,Tokyo-3ecd,22,55,Normal
2026-02-14 05:13:54.900551,Tokyo-3ecd,18,80,Normal
2026-02-14 05:13:55.900551,Tokyo-3ecd,50,7,Normal
2026-02-14 05:13:56.900551,Tokyo-3ecd,-27,36,Normal
2026-02-14 05:13:57.900551,Tokyo-3ecd,26,34,Normal
2026-02-14 05:13:58.900551,Tokyo-3ecd,-3,9,Normal
2026-02-14 05:13:59.900551,Tokyo-3ecd,-29,82,Normal
2026-02-14 05:14:00.900551,Tokyo-3ecd,7,92,Normal
2026-02-14 05:14:01.900551,Tokyo-3ecd,-9,1,Normal
2026-02-14 05:14:02.900551,Tokyo-3ecd,-22,5,Normal
2026-02-14 05:14:03.900551,Tokyo-3ecd,11,80,Normal
2026-02-14 05:14:04.900551,Tokyo-3ecd,33,91,Normal
2026-02-14 05:14:05.900551,Tokyo-3ecd,-19,32,Normal
2026-02-14 05:14:06.900551,Tokyo-3ecd,-13,22,Normal
2026-02-14 05:14:07.900551,Tokyo-3ecd,5,30,Normal
2026-02-14 05:14:08.900551,Tokyo-3ecd,23,100,Normal
2026-02-14 05:14:09.900551,Tokyo-3ecd,-13,76,Normal
2026-02-14 05:14:10.900551,Tokyo-3ecd,45,32,Normal
2026-02-14 05:14:11.900551,Tokyo-3ecd,-12,24,Normal
2026-02-14 05:14:12.900551,Tokyo-3ecd,-14,72,Normal
2026-02-14 05:14:13.900551,Tokyo-3ecd,-18,19,Normal
2026-02-14 05:14:14.900551,Tokyo-3ecd,-10,15,Normal
2026-02-14 05:14:15.900551,Tokyo-3ecd,-1,45,Normal
2026-02-14 05:14:16.900551,Tokyo-3ecd,29,63,Normal
2026-02-14 05:14:17.900551,Tokyo-3ecd,-9,43,Normal
2026-02-14 05:14:18.900551,Tokyo-3ecd,31,51,Normal
2026-02-14 05:14:19.900551,Tokyo-3ecd,13,82,Normal
2026-02-14 05:14:20.900551,Tokyo-3ecd,12,90,Normal
2026-02-14 05:14:21.900551,Tokyo-3ecd,-17,16,Normal
2026-02-14 05:14:22.900551,Tokyo-3ecd,49,6,Normal
2026-02-14 05:14:23.900551,Tokyo-3ecd,8,49,Normal
2026-02-14 05:14:24.900551,Tokyo-3ecd,44,82,Normal
2026-02-14 05:14:25.900551,Tokyo-3ecd,46,22,Normal
2026-02-14 05:14:26.900551,Tokyo-3ecd,-27,30,Normal
2026-02-14 05:14:27.900551,Tokyo-3ecd,-25,60,Normal
2026-02-14 05:14:28.900551,Tokyo-3ecd,38,41,Normal
2026-02-14 05:14:29.900551,Tokyo-3ecd,47,88,Normal
2026-02-14 05:14:30.900551,Tokyo-3ecd,-28,75,Normal
2026-02-14 05:14:31.900551,Tokyo-3ecd,-30,2,Normal
2026-02-14 05:14:32.900551,Tokyo-3ecd,24,100,Normal
2026-02-14 05:14:33.900551,Tokyo-3ecd,28,65,Normal
2026-02-14 05:14:34.900551,Tokyo-3ecd,2,48,Normal
2026-02-14 05:14:35.900551,Tokyo-3ecd,45,86,Normal
2026-02-14 05:14:36.900551,Tokyo-3ecd,37,55,Normal
2026-02-14 05:14:37.900551,Tokyo-3ecd,45,32,Normal
2026-02-14 05:14:38.900551,Tokyo-3ecd,-15,70,Normal
2026-02-14 05:14:39.900551,Tokyo-3ecd,-23,0,Normal
2026-02-14 05:14:40.900551,Tokyo-3ecd,-26,0,Normal
2026-02-14 05:14:41.900551,Tokyo-3ecd,8,67,Normal
2026-02-14 05:14:42.900551,Tokyo-3ecd,12,34,Normal
2026-02-14 05:14:43.900551,Tokyo-3ecd,-17,81,Normal
2026-02-14 05:14:44.900551,Tokyo-3ecd,-7,30,Normal
2026-02-14 05:14:45.900551,Tokyo-3ecd,-9,86,Normal
2026-02-14 05:14:46.900551,Tokyo-3ecd,-10,46,Normal
2026-02-14 05:14:47.900551,Tokyo-3ecd,2,4,Normal
2026-02-14 05:14:48.900551,Tokyo-3ecd,27,100,Normal
2026-02-14 05:14:49.900551,Tokyo-3ecd,-22,99,Normal
2026-02-14 05:14:50.900551,Tokyo-3ecd,42,86,Normal
2026-02-14 05:14:51.900551,Tokyo-3ecd,-13,78,Normal
2026-02-14 05:14:52.900551,Tokyo-3ecd,12,37,Normal
2026-02-14 05:14:53.900551,Tokyo-3ecd,8,7,Normal
2026-02-14 05:14:54.900551,Tokyo-3ecd,35,51,Normal
2026-02-14 05:14:55.900551,Tokyo-3ecd,-3,12,Normal
2026-02-14 05:14:56.900551,Tokyo-3ecd,13,42,Normal
2026-02-14 05:14:57.900551,Tokyo-3ecd,5,32,Normal
2026-02-14 05:14:58.900551,Tokyo-3ecd,6,23,Normal
2026-02-14 05:14:59.900551,Tokyo-3ecd,8,91,Normal
2026-02-14 05:15:00.900551,Tokyo-3ecd,-21,81,Normal
2026-02-14 05:15:01.900551,Tokyo-3ecd,5,42,Normal
2026-02-14 05:15:02.900551,Tokyo-3ecd,4,76,Normal
2026-02-14 05:15:03.900551,Tokyo-3ecd,-27,4,Normal
2026-02-14 05:15:04.900551,Tokyo-3ecd,20,1,Normal
2026-02-14 05:15:05.900551,Tokyo-3ecd,28,87,Normal
2026-02-14 05:15:06.900551,Tokyo-3ecd,27,45,Normal
2026-02-14 05:15:07.900551,Tokyo-3ecd,-21,29,Normal
2026-02-14 05:15:08.900551,Tokyo-3ecd,2,85,Normal
2026-02-14 05:15:09.900551,Tokyo-3ecd,16,17,Normal
2026-02-14 05:15:10.900551,Tokyo-3ecd,-6,36,Normal
2026-02-14 05:15:11.900551,Tokyo-3ecd,-2,90,Normal
2026-02-14 05:15:12.900551,Tokyo-3ecd,-3,66,Normal
2026-02-14 05:15:13.900551,Tokyo-3ecd,46,59,Normal
2026-02-14 05:15:14.900551,Tokyo-3ecd,-8,3,Normal
2026-02-14 05:15:15.900551,Tokyo-3ecd,-6,34,Normal
2026-02-14 05:15:16.900551,Tokyo-3ecd,41,54,Normal
2026-02-14 05:15:17.900551,Tokyo-3ecd,50,31,Normal
2026-02-14 05:15:18.900551,Tokyo-3ecd,-3,58,Normal
2026-02-14 05:15:19.900551,Tokyo-3ecd,23,8,Normal
2026-02-14 05:15:20.900551,Tokyo-3ecd,8,11,Normal
2026-02-14 05:15:21.900551,Tokyo-3ecd,49,99,Normal
2026-02-14 05:15:22.900551,Tokyo-3ecd,42,67,Normal
2026-02-14 05:15:23.900551,Tokyo-3ecd,15,37,Normal
2026-02-14 05:15:24.900551,Tokyo-3ecd,15,64,Normal
2026-02-14 05:15:25.900551,Tokyo-3ecd,14,25,Normal
2026-02-14 05:15:26.900551,Tokyo-3ecd,-27,47,Normal
2026-02-14 05:15:27.900551,Tokyo-3ecd,14,65,Normal
2026-02-14 05:15:28.900551,Tokyo-3ecd,38,49,Normal
2026-02-14 05:15:29.900551,Tokyo-3ecd,-18,20,Normal
2026-02-14 05:15:30.900551,Tokyo-3ecd,-11,55,Normal
2026-02-14 05:15:31.900551,Tokyo-3ecd,30,38,Normal
2026-02-14 05:15:32.900551,Tokyo-3ecd,30,5,Normal
2026-02-14 05:15:33.900551,Tokyo-3ecd,-20,35,Normal
2026-02-14 05:15:34.900551,Tokyo-3ecd,39,18,Normal
2026-02-14 05:15:35.900551,Tokyo-3ecd,-11,57,Normal
2026-02-14 05:15:36.900551,Tokyo-3ecd,35,24,Normal
2026-02-14 05:15:37.900551,Tokyo-3ecd,18,16,Normal
2026-02-14 05:15:38.900551,Tokyo-3ecd,15,52,Normal
2026-02-14 05:15:39.900551,Tokyo-3ecd,8,66,Normal
2026-02-14 05:15:40.900551,Tokyo-3ecd,31,8,Normal
2026-02-14 05:15:41.900551,Tokyo-3ecd,10,96,Normal
2026-02-14 05:15:42.900551,Tokyo-3ecd,-4,95,Normal
2026-02-14 05:15:43.900551,Tokyo-3ecd,42,65,Normal
2026-02-14 05:15:44.900551,Tokyo-3ecd,11,36,Normal
2026-02-14 05:15:45.900551,Tokyo-3ecd,41,74,Normal
2026-02-14 05:15:46.900551,Tokyo-3ecd,-19,69,Normal
2026-02-14 05:15:47.900551,Tokyo-3ecd,36,42,Normal
2026-02-14 05:15:48.900551,Tokyo-3ecd,28,33,Normal
2026-02-14 05:15:49.900551,Tokyo-3ecd,-29,97,Normal
2026-02-14 05:15:50.900551,Tokyo-3ecd,29,49,Normal
2026-02-14 05:15:51.900551,Tokyo-3ecd,-30,6,Normal
2026-02-14 05:15:52.900551,Tokyo-3ecd,21,79,Normal
2026-02-14 05:15:53.900551,Tokyo-3ecd,9,21,Normal
2026-02-14 05:15:54.900551,Tokyo-3ecd,16,25,Normal
2026-02-14 05:15:55.900551,Tokyo-3ecd,7,100,Normal
2026-02-14 05:15:56.900551,Tokyo-3ecd,4,47,Normal
2026-02-14 05:15:57.900551,Tokyo-3ecd,46,44,Normal
2026-02-14 05:15:58.900551,Tokyo-3ecd,19,67,Normal
2026-02-14 05:15:59.900551,Tokyo-3ecd,-28,1,Normal
2026-02-14 05:16:00.900551,Tokyo-3ecd,-19,27,Normal
2026-02-14 05:16:01.900551,Tokyo-3ecd,-24,59,Normal
2026-02-14 05:16:02.900551,Tokyo-3ecd,20,8,Normal
2026-02-14 05:16:03.900551,Tokyo-3ecd,18,51,Normal
2026-02-14 05:16:04.900551,Tokyo-3ecd,31,86,Normal
2026-02-14 05:16:05.900551,Tokyo-3ecd,45,9,Normal
2026-02-14 05:16:06.900551,Tokyo-3ecd,-5,98,Normal
2026-02-14 05:16:07.900551,Tokyo-3ecd,-26,25,Normal
2026-02-14 05:16:08.900551,Tokyo-3ecd,-6,98,Normal
2026-02-14 05:16:09.900551,Tokyo-3ecd,49,56,Normal
2026-02-14 05:16:10.900551,Tokyo-3ecd,15,82,Normal
2026-02-14 05:16:11.900551,Tokyo-3ecd,13,83,Normal
2026-02-14 05:16:12.900551,Tokyo-3ecd,24,18,Normal
2026-02-14 05:16:13.900551,Tokyo-3ecd,-12,57,Normal
2026-02-14 05:16:14.900551,Tokyo-3ecd,32,15,Normal
2026-02-14 05:16:15.900551,Tokyo-3ecd,16,48,Normal
2026-02-14 05:16:16.900551,Tokyo-3ecd,19,11,Normal
2026-02-14 05:16:17.900551,Tokyo-3ecd,-6,59,Normal
2026-02-14 05:16:18.900551,Tokyo-3ecd,15,31,Normal
2026-02-14 05:16:19.900551,Tokyo-3ecd,-28,43,Normal
2026-02-14 05:16:20.900551,Tokyo-3ecd,-8,57,Normal
2026-02-14 05:16:21.900551,Tokyo-3ecd,9,22,Normal
2026-02-14 05:16:22.900551,Tokyo-3ecd,-23,16,Normal
2026-02-14 05:16:23.900551,Tokyo-3ecd,-6,41,Normal
2026-02-14 05:16:24.900551,Tokyo-3ecd,-6,44,Normal
2026-02-14 05:16:25.900551,Tokyo-3ecd,18,48,Normal
2026-02-14 05:16:26.900551,Tokyo-3ecd,-23,91,Normal
2026-02-14 05:16:27.900551,Tokyo-3ecd,8,73,Normal
2026-02-14 05:16:28.900551,Tokyo-3ecd,-6,30,Normal
2026-02-14 05:16:29.900551,Tokyo-3ecd,25,84,Normal
2026-02-14 05:16:30.900551,Tokyo-3ecd,3,50,Normal
2026-02-14 05:16:31.900551,Tokyo-3ecd,-13,100,Normal
2026-02-14 05:16:32.900551,Tokyo-3ecd,-28,82,Normal
2026-02-14 05:16:33.900551,Tokyo-3ecd,-29,91,Normal
2026-02-14 05:16:34.900551,Tokyo-3ecd,43,90,Normal
2026-02-14 05:16:35.900551,Tokyo-3ecd,50,41,Normal
2026-02-14 05:16:36.900551,Tokyo-3ecd,5,83,Normal
2026-02-14 05:16:37.900551,Tokyo-3ecd,48,9,Normal
2026-02-14 05:16:38.900551,Tokyo-3ecd,-24,23,Normal
2026-02-14 05:16:39.900551,Tokyo-3ecd,6,81,Normal
2026-02-14 05:16:40.900551,Tokyo-3ecd,12,41,Normal
2026-02-14 05:16:41.900551,Tokyo-3ecd,6,47,Normal
2026-02-14 05:16:42.900551,Tokyo-3ecd,-6,22,Normal
2026-02-14 05:16:43.900551,Tokyo-3ecd,-13,63,Normal
2026-02-14 05:16:44.900551,Tokyo-3ecd,10,86,Normal
2026-02-14 05:16:45.900551,Tokyo-3ecd,13,1,Normal
2026-02-14 05:16:46.900551,Tokyo-3ecd,-26,0,Normal
2026-02-14 05:16:47.900551,Tokyo-3ecd,6,11,Normal
2026-02-14 05:16:48.900551,Tokyo-3ecd,6,16,Normal
2026-02-14 05:16:49.900551,Tokyo-3ecd,14,49,Normal
2026-02-14 05:16:50.900551,Tokyo-3ecd,-22,50,Normal
2026-02-14 05:16:51.900551,Tokyo-3ecd,-14,17,Normal
2026-02-14 05:16:52.900551,Tokyo-3ecd,-11,74,Normal
2026-02-14 05:16:53.900551,Tokyo-3ecd,-8,73,Normal
2026-02-14 05:16:54.900551,Tokyo-3ecd,-2,44,Normal
2026-02-14 05:16:55.900551,Tokyo-3ecd,45,72,Normal
2026-02-14 05:16:56.900551,Tokyo-3ecd,-28,86,Normal
2026-02-14 05:16:57.900551,Tokyo-3ecd,21,15,Normal
2026-02-14 05:16:58.900551,Tokyo-3ecd,-22,61,Normal
2026-02-14 05:16:59.900551,Tokyo-3ecd,8,68,Normal
2026-02-14 05:17:00.900551,Tokyo-3ecd,39,3,Normal
2026-02-14 05:17:01.900551,Tokyo-3ecd,40,50,Normal
2026-02-14 05:17:02.900551,Tokyo-3ecd,-9,66,Normal
2026-02-14 05:17:03.900551,Tokyo-3ecd,8,10,Normal
2026-02-14 05:17:04.900551,Tokyo-3ecd,-18,85,Normal
2026-02-14 05:17:05.900551,Tokyo-3ecd,11,45,Normal
2026-02-14 05:17:06.900551,Tokyo-3ecd,47,49,Normal
2026-02-14 05:17:07.900551,Tokyo-3ecd,-17,97,Normal
2026-02-14 05:17:08.900551,Tokyo-3ecd,48,80,Normal
2026-02-14 05:17:09.900551,Tokyo-3ecd,26,34,Normal
2026-02-14 05:17:10.900551,Tokyo-3ecd,17,62,Normal
2026-02-14 05:17:11.900551,Tokyo-3ecd,49,49,Normal
2026-02-14 05:17:12.900551,Tokyo-3ecd,-14,32,Normal
2026-02-14 05:17:13.900551,Tokyo-3ecd,19,84,Normal
2026-02-14 05:17:14.900551,Tokyo-3ecd,-5,64,Normal
2026-02-14 05:17:15.900551,Tokyo-3ecd,19,48,Normal
2026-02-14 05:17:16.900551,Tokyo-3ecd,-23,37,Normal
2026-02-14 05:17:17.900551,Tokyo-3ecd,-1,31,Normal
2026-02-14 05:17:18.900551,Tokyo-3ecd,21,13,Normal
2026-02-14 05:17:19.900551,Tokyo-3ecd,-6,42,Normal
2026-02-14 05:17:20.900551,Tokyo-3ecd,-17,9,Normal
2026-02-14 05:17:21.900551,Tokyo-3ecd,36,16,Normal
2026-02-14 05:17:22.900551,Tokyo-3ecd,-11,12,Normal
2026-02-14 05:17:23.900551,Tokyo-3ecd,34,36,Normal
2026-02-14 05:17:24.900551,Tokyo-3ecd,40,54,Normal
2026-02-14 05:17:25.900551,Tokyo-3ecd,-21,24,Normal
2026-02-14 05:17:26.900551,Tokyo-3ecd,37,49,Normal
2026-02-14 05:17:27.900551,Tokyo-3ecd,45,84,Normal
2026-02-14 05:17:28.900551,Tokyo-3ecd,42,49,Normal
2026-02-14 05:17:29.900551,Tokyo-3ecd,17,81,Normal
2026-02-14 05:17:30.900551,Tokyo-3ecd,48,93,Normal
2026-02-14 05:17:31.900551,Tokyo-3ecd,-12,12,Normal
2026-02-14 05:17:32.900551,Tokyo-3ecd,-3,66,Normal
2026-02-14 05:17:33.900551,Tokyo-3ecd,-16,35,Normal
2026-02-14 05:17:34.900551,Tokyo-3ecd,5,32,Normal
2026-02-14 05:17:35.900551,Tokyo-3ecd,-12,33,Normal
2026-02-14 05:17:36.900551,Tokyo-3ecd,32,12,Normal
2026-02-14 05:17:37.900551,Tokyo-3ecd,-18,59,Normal
2026-02-14 05:17:38.900551,Tokyo-3ecd,39,86,Normal
2026-02-14 05:17:39.900551,Tokyo-3ecd,-16,84,Normal
2026-02-14 05:17:40.900551,Tokyo-3ecd,39,45,Normal
2026-02-14 05:17:41.900551,Tokyo-3ecd,45,6,Normal
2026-02-14 05:17:42.900551,Tokyo-3ecd,20,25,Normal
2026-02-14 05:17:43.900551,Tokyo-3ecd,26,41,Normal
2026-02-14 05:17:44.900551,Tokyo-3ecd,29,79,Normal
2026-02-14 05:17:45.900551,Tokyo-3ecd,-3,74,Normal
2026-02-14 05:17:46.900551,Tokyo-3ecd,41,89,Normal
2026-02-14 05:17:47.900551,Tokyo-3ecd,31,60,Normal
2026-02-14 05:17:48.900551,Tokyo-3ecd,13,86,Normal
2026-02-14 05:17:49.900551,Tokyo-3ecd,11,54,Normal
2026-02-14 05:17:50.900551,Tokyo-3ecd,-12,36,Normal
2026-02-14 05:17:51.900551,Tokyo-3ecd,40,100,Normal
2026-02-14 05:17:52.900551,Tokyo-3ecd,4,69,Normal
2026-02-14 05:17:53.900551,Tokyo-3ecd,0,0,Normal
2026-02-14 05:17:54.900551,Tokyo-3ecd,38,58,Normal
2026-02-14 05:17:55.900551,Tokyo-3ecd,22,87,Normal
2026-02-14 05:17:56.900551,Tokyo-3ecd,25,5,Normal
2026-02-14 05:17:57.900551,Tokyo-3ecd,46,26,Normal
2026-02-14 05:17:58.900551,Tokyo-3ecd,18,68,Normal
2026-02-14 05:17:59.900551,Tokyo-3ecd,-18,36,Normal
2026-02-14 05:18:00.900551,Tokyo-3ecd,-30,67,Normal
2026-02-14 05:18:01.900551,Tokyo-3ecd,-3,32,Normal
2026-02-14 05:18:02.900551,Tokyo-3ecd,-25,85,Normal
2026-02-14 05:18:03.900551,Tokyo-3ecd,44,79,Normal
2026-02-14 05:18:04.900551,Tokyo-3ecd,27,44,Normal
2026-02-14 05:18:05.900551,Tokyo-3ecd,-2,59,Normal
2026-02-14 05:18:06.900551,Tokyo-3ecd,-17,17,Normal
2026-02-14 05:18:07.900551,Tokyo-3ecd,-16,42,Normal
2026-02-14 05:18:08.900551,Tokyo-3ecd,31,53,Normal
2026-02-14 05:18:09.900551,Tokyo-3ecd,9,41,Normal
2026-02-14 05:18:10.900551,Tokyo-3ecd,-19,87,Normal
2026-02-14 05:18:11.900551,Tokyo-3ecd,30,8,Normal
2026-02-14 05:18:12.900551,Tokyo-3ecd,45,47,Normal
2026-02-14 05:18:13.900551,Tokyo-3ecd,-10,87,Normal
2026-02-14 05:18:14.900551,Tokyo-3ecd,-16,92,Normal
2026-02-14 05:18:15.900551,Tokyo-3ecd,15,80,Normal
2026-02-14 05:18:16.900551,Tokyo-3ecd,-10,59,Normal
2026-02-14 05:18:17.900551,Tokyo-3ecd,13,24,Normal
2026-02-14 05:18:18.900551,Tokyo-3ecd,-24,21,Normal
2026-02-14 05:18:19.900551,Tokyo-3ecd,-19,8,Normal
2026-02-14 05:18:20.900551,Tokyo-3ecd,-26,98,Normal
2026-02-14 05:18:21.900551,Tokyo-3ecd,38,52,Normal
2026-02-14 05:18:22.900551,Tokyo-3ecd,-21,9,Normal
2026-02-14 05:18:23.900551,Tokyo-3ecd,-25,45,Normal
2026-02-14 05:18:24.900551,Tokyo-3ecd,10,90,Normal
2026-02-14 05:18:25.900551,Tokyo-3ecd,7,39,Normal
2026-02-14 05:18:26.900551,Tokyo-3ecd,-1,56,Normal
2026-02-14 05:18:27.900551,Tokyo-3ecd,-1,39,Normal
2026-02-14 05:18:28.900551,Tokyo-3ecd,43,5,Normal
2026-02-14 05:18:29.900551,Tokyo-3ecd,-11,48,Normal
2026-02-14 05:18:30.900551,Tokyo-3ecd,24,81,Normal
2026-02-14 05:18:31.900551,Tokyo-3ecd,39,28,Normal
2026-02-14 05:18:32.900551,Tokyo-3ecd,-6,95,Normal
2026-02-14 05:18:33.900551,Tokyo-3ecd,33,18,Normal
2026-02-14 05:18:34.900551,Tokyo-3ecd,-13,17,Normal
2026-02-14 05:18:35.900551,Tokyo-3ecd,34,33,Normal
2026-02-14 05:18:36.900551,Tokyo-3ecd,6,68,Normal
2026-02-14 05:18:37.900551,Tokyo-3ecd,47,10,Normal
2026-02-14 05:18:38.900551,Tokyo-3ecd,32,68,Normal
2026-02-14 05:18:39.900551,Tokyo-3ecd,-29,56,Normal
2026-02-14 05:18:40.900551,Tokyo-3ecd,19,65,Normal
2026-02-14 05:18:41.900551,Tokyo-3ecd,16,77,Normal
2026-02-14 05:18:42.900551,Tokyo-3ecd,-9,43,Normal
2026-02-14 05:18:43.900551,Tokyo-3ecd,-17,76,Normal
2026-02-14 05:18:44.900551,Tokyo-3ecd,-14,84,Normal
2026-02-14 05:18:45.900551,Tokyo-3ecd,-9,38,Normal
2026-02-14 05:18:46.900551,Tokyo-3ecd,29,73,Normal
2026-02-14 05:18:47.900551,Tokyo-3ecd,-26,77,Normal
2026-02-14 05:18:48.900551,Tokyo-3ecd,49,30,Normal
2026-02-14 05:18:49.900551,Tokyo-3ecd,-11,39,Normal
2026-02-14 05:18:50.900551,Tokyo-3ecd,-18,35,Normal
2026-02-14 05:18:51.900551,Tokyo-3ecd,12,14,Normal
2026-02-14 05:18:52.900551,Tokyo-3ecd,47,56,Normal
2026-02-14 05:18:53.900551,Tokyo-3ecd,-4,13,Normal
2026-02-14 05:18:54.900551,Tokyo-3ecd,13,97,Normal
2026-02-14 05:18:55.900551,Tokyo-3ecd,33,2,Normal
2026-02-14 05:18:56.900551,Tokyo-3ecd,-18,89,Normal
2026-02-14 05:18:57.900551,Tokyo-3ecd,28,44,Normal
2026-02-14 05:18:58.900551,Tokyo-3ecd,13,61,Normal
2026-02-14 05:18:59.900551,Tokyo-3ecd,48,86,Normal
2026-02-14 05:19:00.900551,Tokyo-3ecd,28,5,Normal
2026-02-14 05:19:01.900551,Tokyo-3ecd,-26,73,Normal
2026-02-14 05:19:02.900551,Tokyo-3ecd,-8,4,Normal
2026-02-14 05:19:03.900551,Tokyo-3ecd,40,36,Normal
2026-02-14 05:19:04.900551,Tokyo-3ecd,28,14,Normal
2026-02-14 05:19:05.900551,Tokyo-3ecd,-23,90,Normal
2026-02-14 05:19:06.900551,Tokyo-3ecd,48,88,Normal
2026-02-14 05:19:07.900551,Tokyo-3ecd,-1,22,Normal
2026-02-14 05:19:08.900551,Tokyo-3ecd,-18,39,Normal
2026-02-14 05:19:09.900551,Tokyo-3ecd,43,9,Normal
2026-02-14 05:19:10.900551,Tokyo-3ecd,33,12,Normal
2026-02-14 05:19:11.900551,Tokyo-3ecd,9,59,Normal
2026-02-14 05:19:12.900551,Tokyo-3ecd,13,29,Normal
2026-02-14 05:19:13.900551,Tokyo-3ecd,28,42,Normal
2026-02-14 05:19:14.900551,Tokyo-3ecd,35,88,Normal
2026-02-14 05:19:15.900551,Tokyo-3ecd,0,48,Normal
2026-02-14 05:19:16.900551,Tokyo-3ecd,39,59,Normal
2026-02-14 05:19:17.900551,Tokyo-3ecd,42,83,Normal
2026-02-14 05:19:18.900551,Tokyo-3ecd,-30,59,Normal
2026-02-14 05:19:19.900551,Tokyo-3ecd,35,4,Normal
2026-02-14 05:19:20.900551,Tokyo-3ecd,26,23,Normal
2026-02-14 05:19:21.900551,Tokyo-3ecd,25,4,Normal
2026-02-14 05:19:22.900551,Tokyo-3ecd,44,9,Normal
2026-02-14 05:19:23.900551,Tokyo-3ecd,3,13,Normal
2026-02-14 05:19:24.900551,Tokyo-3ecd,43,35,Normal
2026-02-14 05:19:25.900551,Tokyo-3ecd,-15,47,Normal
2026-02-14 05:19:26.900551,Tokyo-3ecd,49,63,Normal
2026-02-14 05:19:27.900551,Tokyo-3ecd,6,49,Normal
2026-02-14 05:19:28.900551,Tokyo-3ecd,-28,34,Normal
2026-02-14 05:19:29.900551,Tokyo-3ecd,7,46,Normal
2026-02-14 05:19:30.900551,Tokyo-3ecd,-8,36,Normal
2026-02-14 05:19:31.900551,Tokyo-3ecd,40,95,Normal
2026-02-14 05:19:32.900551,Tokyo-3ecd,45,18,Normal
2026-02-14 05:19:33.900551,Tokyo-3ecd,1,70,Normal
2026-02-14 05:19:34.900551,Tokyo-3ecd,33,42,Normal
2026-02-14 05:19:35.900551,Tokyo-3ecd,34,52,Normal
2026-02-14 05:19:36.900551,Tokyo-3ecd,43,62,Normal
2026-02-14 05:19:37.900551,Tokyo-3ecd,39,2,Normal
2026-02-14 05:19:38.900551,Tokyo-3ecd,-1,71,Normal
2026-02-14 05:19:39.900551,Tokyo-3ecd,4,73,Normal
2026-02-14 05:19:40.900551,Tokyo-3ecd,-18,5,Normal
2026-02-14 05:19:41.900551,Tokyo-3ecd,-25,16,Normal
2026-02-14 05:19:42.900551,Tokyo-3ecd,16,1,Normal
2026-02-14 05:19:43.900551,Tokyo-3ecd,45,19,Normal
2026-02-14 05:19:44.900551,Tokyo-3ecd,3,49,Normal
2026-02-14 05:19:45.900551,Tokyo-3ecd,38,5,Normal
2026-02-14 05:19:46.900551,Tokyo-3ecd,11,72,Normal
2026-02-14 05:19:47.900551,Tokyo-3ecd,40,83,Normal
2026-02-14 05:19:48.900551,Tokyo-3ecd,23,94,Normal
2026-02-14 05:19:49.900551,Tokyo-3ecd,11,49,Normal
2026-02-14 05:19:50.900551,Tokyo-3ecd,-19,16,Normal
2026-02-14 05:19:51.900551,Tokyo-3ecd,33,70,Normal
2026-02-14 05:19:52.900551,Tokyo-3ecd,-15,57,Normal
2026-02-14 05:19:53.900551,Tokyo-3ecd,9,41,Normal
2026-02-14 05:19:54.900551,Tokyo-3ecd,-13,11,Normal
2026-02-14 05:19:55.900551,Tokyo-3ecd,1,20,Normal
2026-02-14 05:19:56.900551,Tokyo-3ecd,-14,48,Normal
2026-02-14 05:19:57.900551,Tokyo-3ecd,37,76,Normal
2026-02-14 05:19:58.900551,Tokyo-3ecd,-25,91,Normal
2026-02-14 05:19:59.900551,Tokyo-3ecd,23,58,Normal
2026-02-14 05:20:00.900551,Tokyo-3ecd,21,12,Normal
2026-02-14 05:20:01.900551,Tokyo-3ecd,17,33,Normal
2026-02-14 05:20:02.900551,Tokyo-3ecd,15,97,Normal
2026-02-14 05:20:03.900551,Tokyo-3ecd,19,76,Normal
2026-02-14 05:20:04.900551,Tokyo-3ecd,-8,62,Normal
2026-02-14 05:20:05.900551,Tokyo-3ecd,-25,6,Normal
2026-02-14 05:20:06.900551,Tokyo-3ecd,-17,71,Normal
2026-02-14 05:20:07.900551,Tokyo-3ecd,-15,36,Normal
2026-02-14 05:20:08.900551,Tokyo-3ecd,2,2,Normal
2026-02-14 05:20:09.900551,Tokyo-3ecd,-5,3,Normal
2026-02-14 05:20:10.900551,Tokyo-3ecd,-10,92,Normal
2026-02-14 05:20:11.900551,Tokyo-3ecd,28,18,Normal
2026-02-14 05:20:12.900551,Tokyo-3ecd,44,20,Normal
2026-02-14 05:20:13.900551,Tokyo-3ecd,26,51,Normal
2026-02-14 05:20:14.900551,Tokyo-3ecd,30,64,Normal
2026-02-14 05:20:15.900551,Tokyo-3ecd,32,27,Normal
2026-02-14 05:20:16.900551,Tokyo-3ecd,7,77,Normal
2026-02-14 05:20:17.900551,Tokyo-3ecd,30,78,Normal
2026-02-14 05:20:18.900551,Tokyo-3ecd,-22,64,Normal
2026-02-14 05:20:19.900551,Tokyo-3ecd,-22,33,Normal
2026-02-14 05:20:20.900551,Tokyo-3ecd,-6,34,Normal
2026-02-14 05:20:21.900551,Tokyo-3ecd,39,64,Normal
2026-02-14 05:20:22.900551,Tokyo-3ecd,-19,16,Normal
2026-02-14 05:20:23.900551,Tokyo-3ecd,-23,81,Normal
2026-02-14 05:20:24.900551,Tokyo-3ecd,4,98,Normal
2026-02-14 05:20:25.900551,Tokyo-3ecd,-25,85,Normal
2026-02-14 05:20:26.900551,Tokyo-3ecd,31,25,Normal
2026-02-14 05:20:27.900551,Tokyo-3ecd,32,41,Normal
2026-02-14 05:20:28.900551,Tokyo-3ecd,0,37,Normal
2026-02-14 05:20:29.900551,Tokyo-3ecd,-30,42,Normal
2026-02-14 05:20:30.900551,Tokyo-3ecd,-7,34,Normal
2026-02-14 05:20:31.900551,Tokyo-3ecd,34,58,Normal
2026-02-14 05:20:32.900551,Tokyo-3ecd,15,93,Normal
2026-02-14 05:20:33.900551,Tokyo-3ecd,20,38,Normal
2026-02-14 05:20:34.900551,Tokyo-3ecd,20,50,Normal
2026-02-14 05:20:35.900551,Tokyo-3ecd,-8,18,Normal
2026-02-14 05:20:36.900551,Tokyo-3ecd,-17,34,Normal
2026-02-14 05:20:37.900551,Tokyo-3ecd,10,29,Normal
2026-02-14 05:20:38.900551,Tokyo-3ecd,17,27,Normal
2026-02-14 05:20:39.900551,Tokyo-3ecd,35,51,Normal
2026-02-14 05:20:40.900551,Tokyo-3ecd,21,7,Normal
2026-02-14 05:20:41.900551,Tokyo-3ecd,46,57,Normal
2026-02-14 05:20:42.900551,Tokyo-3ecd,-24,91,Normal
2026-02-14 05:20:43.900551,Tokyo-3ecd,10,44,Normal
2026-02-14 05:20:44.900551,Tokyo-3ecd,35,58,Normal
2026-02-14 05:20:45.900551,Tokyo-3ecd,21,4,Normal
2026-02-14 05:20:46.900551,Tokyo-3ecd,3,93,Normal
2026-02-14 05:20:47.900551,Tokyo-3ecd,19,82,Normal
2026-02-14 05:20:48.900551,Tokyo-3ecd,-19,25,Normal
2026-02-14 05:20:49.900551,Tokyo-3ecd,12,75,Normal
2026-02-14 05:20:50.900551,Tokyo-3ecd,-6,40,Normal
2026-02-14 05:20:51.900551,Tokyo-3ecd,-24,8,Normal
2026-02-14 05:20:52.900551,Tokyo-3ecd,-18,4,Normal
2026-02-14 05:20:53.900551,Tokyo-3ecd,25,89,Normal
2026-02-14 05:20:54.900551,Tokyo-3ecd,45,68,Normal
2026-02-14 05:20:55.900551,Tokyo-3ecd,39,63,Normal
2026-02-14 05:20:56.900551,Tokyo-3ecd,3,60,Normal
2026-02-14 05:20:57.900551,Tokyo-3ecd,-19,58,Normal
2026-02-14 05:20:58.900551,Tokyo-3ecd,24,11,Normal
2026-02-14 05:20:59.900551,Tokyo-3ecd,-2,77,Normal
2026-02-14 05:21:00.900551,Tokyo-3ecd,-20,45,Normal
2026-02-14 05:21:01.900551,Tokyo-3ecd,27,60,Normal
2026-02-14 05:21:02.900551,Tokyo-3ecd,-2,30,Normal
2026-02-14 05:21:03.900551,Tokyo-3ecd,10,96,Normal
2026-02-14 05:21:04.900551,Tokyo-3ecd,3,92,Normal
2026-02-14 05:21:05.900551,Tokyo-3ecd,50,59,Normal
2026-02-14 05:21:06.900551,Tokyo-3ecd,-24,28,Normal
2026-02-14 05:21:07.900551,Tokyo-3ecd,-18,86,Normal
2026-02-14 05:21:08.900551,Tokyo-3ecd,30,66,Normal
2026-02-14 05:21:09.900551,Tokyo-3ecd,37,40,Normal
2026-02-14 05:21:10.900551,Tokyo-3ecd,43,36,Normal
2026-02-14 05:21:11.900551,Tokyo-3ecd,35,85,Normal
2026-02-14 05:21:12.900551,Tokyo-3ecd,-10,71,Normal
2026-02-14 05:21:13.900551,Tokyo-3ecd,-3,51,Normal
2026-02-14 05:21:14.900551,Tokyo-3ecd,-28,18,Normal
2026-02-14 05:21:15.900551,Tokyo-3ecd,-20,76,Normal
2026-02-14 05:21:16.900551,Tokyo-3ecd,26,12,Normal
2026-02-14 05:21:17.900551,Tokyo-3ecd,-8,73,Normal
2026-02-14 05:21:18.900551,Tokyo-3ecd,21,73,Normal
2026-02-14 05:21:19.900551,Tokyo-3ecd,20,77,Normal
2026-02-14 05:21:20.900551,Tokyo-3ecd,43,61,Normal
2026-02-14 05:21:21.900551,Tokyo-3ecd,-10,75,Normal
2026-02-14 05:21:22.900551,Tokyo-3ecd,-14,89,Normal
2026-02-14 05:21:23.900551,Tokyo-3ecd,14,86,Normal
2026-02-14 05:21:24.900551,Tokyo-3ecd,-22,38,Normal
2026-02-14 05:21:25.900551,Tokyo-3ecd,-6,30,Normal
2026-02-14 05:21:26.900551,Tokyo-3ecd,1,28,Normal
2026-02-14 05:21:27.900551,Tokyo-3ecd,-27,25,Normal
2026-02-14 05:21:28.900551,Tokyo-3ecd,-15,10,Normal
2026-02-14 05:21:29.900551,Tokyo-3ecd,45,6,Normal
2026-02-14 05:21:30.900551,Tokyo-3ecd,16,83,Normal
2026-02-14 05:21:31.900551,Tokyo-3ecd,-28,100,Normal
2026-02-14 05:21:32.900551,Tokyo-3ecd,-28,80,Normal
2026-02-14 05:21:33.900551,Tokyo-3ecd,40,7,Normal
2026-02-14 05:21:34.900551,Tokyo-3ecd,22,63,Normal
2026-02-14 05:21:35.900551,Tokyo-3ecd,9,93,Normal
2026-02-14 05:21:36.900551,Tokyo-3ecd,31,43,Normal
2026-02-14 05:21:37.900551,Tokyo-3ecd,-27,59,Normal
2026-02-14 05:21:38.900551,Tokyo-3ecd,24,64,Normal
2026-02-14 05:21:39.900551,Tokyo-3ecd,12,11,Normal
2026-02-14 05:21:40.900551,Tokyo-3ecd,17,64,Normal
2026-02-14 05:21:41.900551,Tokyo-3ecd,-12,71,Normal
2026-02-14 05:21:42.900551,Tokyo-3ecd,-16,57,Normal
2026-02-14 05:21:43.900551,Tokyo-3ecd,9,37,Normal
2026-02-14 05:21:44.900551,Tokyo-3ecd,20,65,Normal
2026-02-14 05:21:45.900551,Tokyo-3ecd,19,67,Normal
2026-02-14 05:21:46.900551,Tokyo-3ecd,26,7,Normal
2026-02-14 05:21:47.900551,Tokyo-3ecd,-29,81,Normal
2026-02-14 05:21:48.900551,Tokyo-3ecd,50,22,Normal
2026-02-14 05:21:49.900551,Tokyo-3ecd,46,47,Normal
2026-02-14 05:21:50.900551,Tokyo-3ecd,-7,54,Normal
2026-02-14 05:21:51.900551,Tokyo-3ecd,45,91,Normal
2026-02-14 05:21:52.900551,Tokyo-3ecd,33,54,Normal
2026-02-14 05:21:53.900551,Tokyo-3ecd,-5,20,Normal
2026-02-14 05:21:54.900551,Tokyo-3ecd,-5,56,Normal
2026-02-14 05:21:55.900551,Tokyo-3ecd,12,85,Normal
2026-02-14 05:21:56.900551,Tokyo-3ecd,-18,82,Normal
2026-02-14 05:21:57.900551,Tokyo-3ecd,14,38,Normal
2026-02-14 05:21:58.900551,Tokyo-3ecd,-10,99,Normal
2026-02-14 05:21:59.900551,Tokyo-3ecd,-25,1,Normal
2026-02-14 05:22:00.900551,Tokyo-3ecd,28,44,Normal
2026-02-14 05:22:01.900551,Tokyo-3ecd,47,20,Normal
2026-02-14 05:22:02.900551,Tokyo-3ecd,47,97,Normal
2026-02-14 05:22:03.900551,Tokyo-3ecd,33,6,Normal
2026-02-14 05:22:04.900551,Tokyo-3ecd,-8,22,Normal
2026-02-14 05:22:05.900551,Tokyo-3ecd,16,80,Normal
2026-02-14 05:22:06.900551,Tokyo-3ecd,45,2,Normal
2026-02-14 05:22:07.900551,Tokyo-3ecd,-4,61,Normal
2026-02-14 05:22:08.900551,Tokyo-3ecd,-29,76,Normal
2026-02-14 05:22:09.900551,Tokyo-3ecd,-5,1,Normal
2026-02-14 05:22:10.900551,Tokyo-3ecd,23,17,Normal
2026-02-14 05:22:11.900551,Tokyo-3ecd,-6,15,Normal
2026-02-14 05:22:12.900551,Tokyo-3ecd,-8,6,Normal
2026-02-14 05:22:13.900551,Tokyo-3ecd,42,91,Normal
2026-02-14 05:22:14.900551,Tokyo-3ecd,24,72,Normal
2026-02-14 05:22:15.900551,Tokyo-3ecd,40,91,Normal
2026-02-14 05:22:16.900551,Tokyo-3ecd,27,55,Normal
2026-02-14 05:22:17.900551,Tokyo-3ecd,19,30,Normal
2026-02-14 05:22:18.900551,Tokyo-3ecd,-4,32,Normal
2026-02-14 05:22:19.900551,Tokyo-3ecd,12,38,Normal
2026-02-14 05:22:20.900551,Tokyo-3ecd,-12,47,Normal
2026-02-14 05:22:21.900551,Tokyo-3ecd,-13,84,Normal
2026-02-14 05:22:22.900551,Tokyo-3ecd,18,72,Normal
2026-02-14 05:22:23.900551,Tokyo-3ecd,-9,77,Normal
2026-02-14 05:22:24.900551,Tokyo-3ecd,-5,59,Normal
2026-02-14 05:22:25.900551,Tokyo-3ecd,-4,96,Normal
2026-02-14 05:22:26.900551,Tokyo-3ecd,17,23,Normal
2026-02-14 05:22:27.900551,Tokyo-3ecd,20,36,Normal
2026-02-14 05:22:28.900551,Tokyo-3ecd,-23,91,Normal
2026-02-14 05:22:29.900551,Tokyo-3ecd,19,24,Normal
2026-02-14 05:22:30.900551,Tokyo-3ecd,14,65,Normal
2026-02-14 05:22:31.900551,Tokyo-3ecd,47,32,Normal
2026-02-14 05:22:32.900551,Tokyo-3ecd,34,73,Normal
2026-02-14 05:22:33.900551,Tokyo-3ecd,-29,20,Normal
2026-02-14 05:22:34.900551,Tokyo-3ecd,16,30,Normal
2026-02-14 05:22:35.900551,Tokyo-3ecd,-3,23,Normal
2026-02-14 05:22:36.900551,Tokyo-3ecd,47,14,Normal
2026-02-14 05:22:37.900551,Tokyo-3ecd,-10,12,Normal
2026-02-14 05:22:38.900551,Tokyo-3ecd,16,30,Normal
2026-02-14 05:22:39.900551,Tokyo-3ecd,9,55,Normal
2026-02-14 05:22:40.900551,Tokyo-3ecd,32,17,Normal
2026-02-14 05:22:41.900551,Tokyo-3ecd,1,97,Normal
2026-02-14 05:22:42.900551,Tokyo-3ecd,9,19,Normal
2026-02-14 05:22:43.900551,Tokyo-3ecd,17,25,Normal
2026-02-14 05:22:44.900551,Tokyo-3ecd,49,57,Normal
2026-02-14 05:22:45.900551,Tokyo-3ecd,32,29,Normal
2026-02-14 05:22:46.900551,Tokyo-3ecd,-27,85,Normal
2026-02-14 05:22:47.900551,Tokyo-3ecd,15,37,Normal
2026-02-14 05:22:48.900551,Tokyo-3ecd,13,52,Normal
2026-02-14 05:22:49.900551,Tokyo-3ecd,11,71,Normal
2026-02-14 05:22:50.900551,Tokyo-3ecd,-8,14,Normal
2026-02-14 05:22:51.900551,Tokyo-3ecd,28,56,Normal
2026-02-14 05:22:52.900551,Tokyo-3ecd,33,31,Normal
2026-02-14 05:22:53.900551,Tokyo-3ecd,30,17,Normal
2026-02-14 05:22:54.900551,Tokyo-3ecd,50,61,Normal
2026-02-14 05:22:55.900551,Tokyo-3ecd,14,57,Normal
2026-02-14 05:22:56.900551,Tokyo-3ecd,42,63,Normal
2026-02-14 05:22:57.900551,Tokyo-3ecd,-21,7,Normal
2026-02-14 05:22:58.900551,Tokyo-3ecd,19,73,Normal
2026-02-14 05:22:59.900551,Tokyo-3ecd,23,92,Normal
2026-02-14 05:23:00.900551,Tokyo-3ecd,-29,61,Normal
2026-02-14 05:23:01.900551,Tokyo-3ecd,-9,63,Normal
2026-02-14 05:23:02.900551,Tokyo-3ecd,0,64,Normal
2026-02-14 05:23:03.900551,Tokyo-3ecd,-28,39,Normal
2026-02-14 05:23:04.900551,Tokyo-3ecd,0,26,Normal
2026-02-14 05:23:05.900551,Tokyo-3ecd,-4,64,Normal
2026-02-14 05:23:06.900551,Tokyo-3ecd,34,56,Normal
2026-02-14 05:23:07.900551,Tokyo-3ecd,1,63,Normal
2026-02-14 05:23:08.900551,Tokyo-3ecd,47,39,Normal
2026-02-14 05:23:09.900551,Tokyo-3ecd,-2,51,Normal
2026-02-14 05:23:10.900551,Tokyo-3ecd,41,27,Normal
2026-02-14 05:23:11.900551,Tokyo-3ecd,-6,56,Normal
2026-02-14 05:23:12.900551,Tokyo-3ecd,41,38,Normal
2026-02-14 05:23:13.900551,Tokyo-3ecd,-1,43,Normal
2026-02-14 05:23:14.900551,Tokyo-3ecd,-25,5,Normal
2026-02-14 05:23:15.900551,Tokyo-3ecd,-29,2,Normal
2026-02-14 05:23:16.900551,Tokyo-3ecd,18,95,Normal
2026-02-14 05:23:17.900551,Tokyo-3ecd,-22,65,Normal
2026-02-14 05:23:18.900551,Tokyo-3ecd,10,26,Normal
2026-02-14 05:23:19.900551,Tokyo-3ecd,34,84,Normal
2026-02-14 05:23:20.900551,Tokyo-3ecd,30,79,Normal
2026-02-14 05:23:21.900551,Tokyo-3ecd,20,43,Normal
2026-02-14 05:23:22.900551,Tokyo-3ecd,23,1,Normal
2026-02-14 05:23:23.900551,Tokyo-3ecd,-29,15,Normal
2026-02-14 05:23:24.900551,Tokyo-3ecd,-17,100,Normal
2026-02-14 05:23:25.900551,Tokyo-3ecd,41,80,Normal
2026-02-14 05:23:26.900551,Tokyo-3ecd,36,1,Normal
2026-02-14 05:23:27.900551,Tokyo-3ecd,27,59,Normal
2026-02-14 05:23:28.900551,Tokyo-3ecd,31,40,Normal
2026-02-14 05:23:29.900551,Tokyo-3ecd,25,69,Normal
2026-02-14 05:23:30.900551,Tokyo-3ecd,-30,14,Normal
2026-02-14 05:23:31.900551,Tokyo-3ecd,47,52,Normal
2026-02-14 05:23:32.900551,Tokyo-3ecd,31,83,Normal
2026-02-14 05:23:33.900551,Tokyo-3ecd,5,33,Normal
2026-02-14 05:23:34.900551,Tokyo-3ecd,27,23,Normal
2026-02-14 05:23:35.900551,Tokyo-3ecd,12,33,Normal
2026-02-14 05:23:36.900551,Tokyo-3ecd,-18,64,Normal
2026-02-14 05:23:37.900551,Tokyo-3ecd,-18,55,Normal
2026-02-14 05:23:38.900551,Tokyo-3ecd,-26,18,Normal
2026-02-14 05:23:39.900551,Tokyo-3ecd,-4,90,Normal
2026-02-14 05:23:40.900551,Tokyo-3ecd,38,78,Normal
2026-02-14 05:23:41.900551,Tokyo-3ecd,-25,3,Normal
2026-02-14 05:23:42.900551,Tokyo-3ecd,9,13,Normal
2026-02-14 05:23:43.900551,Tokyo-3ecd,19,3,Normal
2026-02-14 05:23:44.900551,Tokyo-3ecd,-14,31,Normal
2026-02-14 05:23:45.900551,Tokyo-3ecd,-21,89,Normal
2026-02-14 05:23:46.900551,Tokyo-3ecd,40,83,Normal
2026-02-14 05:23:47.900551,Tokyo-3ecd,-10,12,Normal
2026-02-14 05:23:48.900551,Tokyo-3ecd,11,74,Normal
2026-02-14 05:23:49.900551,Tokyo-3ecd,19,35,Normal
2026-02-14 05:23:50.900551,Tokyo-3ecd,-27,9,Normal
2026-02-14 05:23:51.900551,Tokyo-3ecd,46,72,Normal
2026-02-14 05:23:52.900551,Tokyo-3ecd,-17,74,Normal
2026-02-14 05:23:53.900551,Tokyo-3ecd,34,84,Normal
2026-02-14 05:23:54.900551,Tokyo-3ecd,1,12,Normal
2026-02-14 05:23:55.900551,Tokyo-3ecd,27,43,Normal
2026-02-14 05:23:56.900551,Tokyo-3ecd,14,28,Normal
2026-02-14 05:23:57.900551,Tokyo-3ecd,-4,64,Normal
2026-02-14 05:23:58.900551,Tokyo-3ecd,-6,76,Normal
2026-02-14 05:23:59.900551,Tokyo-3ecd,43,50,Normal
2026-02-14 05:24:00.900551,Tokyo-3ecd,5,85,Normal
2026-02-14 05:24:01.900551,Tokyo-3ecd,4,67,Normal
2026-02-14 05:24:02.900551,Tokyo-3ecd,20,1,Normal
2026-02-14 05:24:03.900551,Tokyo-3ecd,-12,2,Normal
2026-02-14 05:24:04.900551,Tokyo-3ecd,34,66,Normal
2026-02-14 05:24:05.900551,Tokyo-3ecd,-10,21,Normal
2026-02-14 05:24:06.900551,Tokyo-3ecd,43,30,Normal
2026-02-14 05:24:07.900551,Tokyo-3ecd,29,46,Normal
2026-02-14 05:24:08.900551,Tokyo-3ecd,38,2,Normal
2026-02-14 05:24:09.900551,Tokyo-3ecd,-14,9,Normal
2026-02-14 05:24:10.900551,Tokyo-3ecd,17,41,Normal
2026-02-14 05:24:11.900551,Tokyo-3ecd,6,23,Normal
2026-02-14 05:24:12.900551,Tokyo-3ecd,-11,34,Normal
2026-02-14 05:24:13.900551,Tokyo-3ecd,35,87,Normal
2026-02-14 05:24:14.900551,Tokyo-3ecd,16,6,Normal
2026-02-14 05:24:15.900551,Tokyo-3ecd,-10,9,Normal
2026-02-14 05:24:16.900551,Tokyo-3ecd,26,64,Normal
2026-02-14 05:24:17.900551,Tokyo-3ecd,-19,44,Normal
2026-02-14 05:24:18.900551,Tokyo-3ecd,-3,34,Normal
2026-02-14 05:24:19.900551,Tokyo-3ecd,42,13,Normal
2026-02-14 05:24:20.900551,Tokyo-3ecd,-30,65,Normal
2026-02-14 05:24:21.900551,Tokyo-3ecd,44,37,Normal
2026-02-14 05:24:22.900551,Tokyo-3ecd,1,45,Normal
2026-02-14 05:24:23.900551,Tokyo-3ecd,49,6,Normal
2026-02-14 05:24:24.900551,Tokyo-3ecd,13,31,Normal
2026-02-14 05:24:25.900551,Tokyo-3ecd,44,85,Normal
2026-02-14 05:24:26.900551,Tokyo-3ecd,7,67,Normal
2026-02-14 05:24:27.900551,Tokyo-3ecd,24,75,Normal
2026-02-14 05:24:28.900551,Tokyo-3ecd,-25,27,Normal
2026-02-14 05:24:29.900551,Tokyo-3ecd,-27,17,Normal
2026-02-14 05:24:30.900551,Tokyo-3ecd,14,3,Normal
2026-02-14 05:24:31.900551,Tokyo-3ecd,38,64,Normal
2026-02-14 05:24:32.900551,Tokyo-3ecd,35,35,Normal
2026-02-14 05:24:33.900551,Tokyo-3ecd,-20,68,Normal
2026-02-14 05:24:34.900551,Tokyo-3ecd,-2,38,Normal
2026-02-14 05:24:35.900551,Tokyo-3ecd,13,91,Normal
2026-02-14 05:24:36.900551,Tokyo-3ecd,-12,58,Normal
2026-02-14 05:24:37.900551,Tokyo-3ecd,1,8,Normal
2026-02-14 05:24:38.900551,Tokyo-3ecd,7,98,Normal
2026-02-14 05:24:39.900551,Tokyo-3ecd,10,22,Normal
2026-02-14 05:24:40.900551,Tokyo-3ecd,13,12,Normal
2026-02-14 05:24:41.900551,Tokyo-3ecd,23,55,Normal
2026-02-14 05:24:42.900551,Tokyo-3ecd,-3,93,Normal
2026-02-14 05:24:43.900551,Tokyo-3ecd,-14,83,Normal
2026-02-14 05:24:44.900551,Tokyo-3ecd,13,75,Normal
2026-02-14 05:24:45.900551,Tokyo-3ecd,35,81,Normal
2026-02-14 05:24:46.900551,Tokyo-3ecd,-26,80,Normal
2026-02-14 05:24:47.900551,Tokyo-3ecd,1,6,Normal
2026-02-14 05:24:48.900551,Tokyo-3ecd,50,91,Normal
2026-02-14 05:24:49.900551,Tokyo-3ecd,31,13,Normal
2026-02-14 05:24:50.900551,Tokyo-3ecd,23,33,Normal
2026-02-14 05:24:51.900551,Tokyo-3ecd,25,9,Normal
2026-02-14 05:24:52.900551,Tokyo-3ecd,-6,76,Normal
2026-02-14 05:24:53.900551,Tokyo-3ecd,42,43,Normal
2026-02-14 05:24:54.900551,Tokyo-3ecd,8,92,Normal
2026-02-14 05:24:55.900551,Tokyo-3ecd,2,81,Normal
2026-02-14 05:24:56.900551,Tokyo-3ecd,26,30,Normal
2026-02-14 05:24:57.900551,Tokyo-3ecd,28,49,Normal
2026-02-14 05:24:58.900551,Tokyo-3ecd,-22,8,Normal
2026-02-14 05:24:59.900551,Tokyo-3ecd,-23,92,Normal
2026-02-14 05:25:00.900551,Tokyo-3ecd,-17,82,Normal
2026-02-14 05:25:01.900551,Tokyo-3ecd,19,87,Normal
2026-02-14 05:25:02.900551,Tokyo-3ecd,39,94,Normal
2026-02-14 05:25:03.900551,Tokyo-3ecd,-6,89,Normal
2026-02-14 05:25:04.900551,Tokyo-3ecd,3,84,Normal
2026-02-14 05:25:05.900551,Tokyo-3ecd,10,11,Normal
2026-02-14 05:25:06.900551,Tokyo-3ecd,1,13,Normal
2026-02-14 05:25:07.900551,Tokyo-3ecd,13,38,Normal
2026-02-14 05:25:08.900551,Tokyo-3ecd,27,88,Normal
2026-02-14 05:25:09.900551,Tokyo-3ecd,38,79,Normal
2026-02-14 05:25:10.900551,Tokyo-3ecd,31,18,Normal
2026-02-14 05:25:11.900551,Tokyo-3ecd,34,60,Normal
2026-02-14 05:25:12.900551,Tokyo-3ecd,-11,67,Normal
2026-02-14 05:25:13.900551,Tokyo-3ecd,-11,89,Normal
2026-02-14 05:25:14.900551,Tokyo-3ecd,25,92,Normal
2026-02-14 05:25:15.900551,Tokyo-3ecd,6,26,Normal
2026-02-14 05:25:16.900551,Tokyo-3ecd,6,3,Normal
2026-02-14 05:25:17.900551,Tokyo-3ecd,39,67,Normal
2026-02-14 05:25:18.900551,Tokyo-3ecd,3,68,Normal
2026-02-14 05:25:19.900551,Tokyo-3ecd,-5,83,Normal
2026-02-14 05:25:20.900551,Tokyo-3ecd,-17,76,Normal
2026-02-14 05:25:21.900551,Tokyo-3ecd,-27,50,Normal
2026-02-14 05:25:22.900551,Tokyo-3ecd,45,53,Normal
2026-02-14 05:25:23.900551,Tokyo-3ecd,14,30,Normal
2026-02-14 05:25:24.900551,Tokyo-3ecd,6,76,Normal
2026-02-14 05:25:25.900551,Tokyo-3ecd,29,19,Normal
2026-02-14 05:25:26.900551,Tokyo-3ecd,29,40,Normal
2026-02-14 05:25:27.900551,Tokyo-3ecd,-13,78,Normal
2026-02-14 05:25:28.900551,Tokyo-3ecd,0,3,Normal
2026-02-14 05:25:29.900551,Tokyo-3ecd,29,29,Normal
2026-02-14 05:25:30.900551,Tokyo-3ecd,24,24,Normal
2026-02-14 05:25:31.900551,Tokyo-3ecd,26,71,Normal
2026-02-14 05:25:32.900551,Tokyo-3ecd,-15,70,Normal
2026-02-14 05:25:33.900551,Tokyo-3ecd,20,80,Normal
2026-02-14 05:25:34.900551,Tokyo-3ecd,33,42,Normal
2026-02-14 05:25:35.900551,Tokyo-3ecd,29,32,Normal
2026-02-14 05:25:36.900551,Tokyo-3ecd,-22,6,Normal
2026-02-14 05:25:37.900551,Tokyo-3ecd,-21,17,Normal
2026-02-14 05:25:38.900551,Tokyo-3ecd,29,31,Normal
2026-02-14 05:25:39.900551,Tokyo-3ecd,-23,78,Normal
2026-02-14 05:25:40.900551,Tokyo-3ecd,10,5,Normal
2026-02-14 05:25:41.900551,Tokyo-3ecd,-1,68,Normal
2026-02-14 05:25:42.900551,Tokyo-3ecd,25,0,Normal
2026-02-14 05:25:43.900551,Tokyo-3ecd,30,28,Normal
2026-02-14 05:25:44.900551,Tokyo-3ecd,-5,41,Normal
2026-02-14 05:25:45.900551,Tokyo-3ecd,49,44,Normal
2026-02-14 05:25:46.900551,Tokyo-3ecd,39,67,Normal
2026-02-14 05:25:47.900551,Tokyo-3ecd,47,60,Normal
2026-02-14 05:25:48.900551,Tokyo-3ecd,16,72,Normal
2026-02-14 05:25:49.900551,Tokyo-3ecd,-3,66,Normal
2026-02-14 05:25:50.900551,Tokyo-3ecd,-1,93,Normal
2026-02-14 05:25:51.900551,Tokyo-3ecd,-13,23,Normal
2026-02-14 05:25:52.900551,Tokyo-3ecd,38,2,Normal
2026-02-14 05:25:53.900551,Tokyo-3ecd,-13,71,Normal
2026-02-14 05:25:54.900551,Tokyo-3ecd,-25,91,Normal
2026-02-14 05:25:55.900551,Tokyo-3ecd,-2,14,Normal
2026-02-14 05:25:56.900551,Tokyo-3ecd,-18,74,Normal
2026-02-14 05:25:57.900551,Tokyo-3ecd,-6,62,Normal
2026-02-14 05:25:58.900551,Tokyo-3ecd,35,97,Normal
2026-02-14 05:25:59.900551,Tokyo-3ecd,28,53,Normal
2026-02-14 05:26:00.900551,Tokyo-3ecd,9,35,Normal
2026-02-14 05:26:01.900551,Tokyo-3ecd,38,53,Normal
2026-02-14 05:26:02.900551,Tokyo-3ecd,-28,85,Normal
2026-02-14 05:26:03.900551,Tokyo-3ecd,-2,59,Normal
2026-02-14 05:26:04.900551,Tokyo-3ecd,1,90,Normal
2026-02-14 05:26:05.900551,Tokyo-3ecd,33,41,Normal
2026-02-14 05:26:06.900551,Tokyo-3ecd,-9,12,Normal
2026-02-14 05:26:07.900551,Tokyo-3ecd,48,54,Normal
2026-02-14 05:26:08.900551,Tokyo-3ecd,14,94,Normal
2026-02-14 05:26:09.900551,Tokyo-3ecd,-22,47,Normal
2026-02-14 05:26:10.900551,Tokyo-3ecd,33,35,Normal
2026-02-14 05:26:11.900551,Tokyo-3ecd,-26,27,Normal
2026-02-14 05:26:12.900551,Tokyo-3ecd,14,77,Normal
2026-02-14 05:26:13.900551,Tokyo-3ecd,3,86,Normal
2026-02-14 05:26:14.900551,Tokyo-3ecd,-10,61,Normal
2026-02-14 05:26:15.900551,Tokyo-3ecd,-25,93,Normal
2026-02-14 05:26:16.900551,Tokyo-3ecd,18,38,Normal
2026-02-14 05:26:17.900551,Tokyo-3ecd,11,87,Normal
2026-02-14 05:26:18.900551,Tokyo-3ecd,27,73,Normal
2026-02-14 05:26:19.900551,Tokyo-3ecd,48,61,Normal
2026-02-14 05:26:20.900551,Tokyo-3ecd,5,91,Normal
2026-02-14 05:26:21.900551,Tokyo-3ecd,3,67,Normal
2026-02-14 05:26:22.900551,Tokyo-3ecd,20,8,Normal
2026-02-14 05:26:23.900551,Tokyo-3ecd,-24,25,Normal
2026-02-14 05:26:24.900551,Tokyo-3ecd,27,55,Normal
2026-02-14 05:26:25.900551,Tokyo-3ecd,37,88,Normal
2026-02-14 05:26:26.900551,Tokyo-3ecd,49,21,Normal
2026-02-14 05:26:27.900551,Tokyo-3ecd,21,59,Normal
2026-02-14 05:26:28.900551,Tokyo-3ecd,23,58,Normal
2026-02-14 05:26:29.900551,Tokyo-3ecd,23,63,Normal
2026-02-14 05:26:30.900551,Tokyo-3ecd,13,96,Normal
2026-02-14 05:26:31.900551,Tokyo-3ecd,27,97,Normal
2026-02-14 05:26:32.900551,Tokyo-3ecd,-15,94,Normal
2026-02-14 05:26:33.900551,Tokyo-3ecd,8,10,Normal
2026-02-14 05:26:34.900551,Tokyo-3ecd,17,71,Normal
2026-02-14 05:26:35.900551,Tokyo-3ecd,-11,61,Normal
2026-02-14 05:26:36.900551,Tokyo-3ecd,47,67,Normal
2026-02-14 05:26:37.900551,Tokyo-3ecd,-30,68,Normal
2026-02-14 05:26:38.900551,Tokyo-3ecd,-19,64,Normal
2026-02-14 05:26:39.900551,Tokyo-3ecd,1,56,Normal
2026-02-14 05:26:40.900551,Tokyo-3ecd,-10,31,Normal
2026-02-14 05:26:41.900551,Tokyo-3ecd,7,3,Normal
2026-02-14 05:26:42.900551,Tokyo-3ecd,28,69,Normal
2026-02-14 05:26:43.900551,Tokyo-3ecd,-25,69,Normal
2026-02-14 05:26:44.900551,Tokyo-3ecd,48,22,Normal
2026-02-14 05:26:45.900551,Tokyo-3ecd,-27,20,Normal
2026-02-14 05:26:46.900551,Tokyo-3ecd,27,32,Normal
2026-02-14 05:26:47.900551,Tokyo-3ecd,-27,45,Normal
2026-02-14 05:26:48.900551,Tokyo-3ecd,-30,0,Normal
2026-02-14 05:26:49.900551,Tokyo-3ecd,49,69,Normal
2026-02-14 05:26:50.900551,Tokyo-3ecd,-11,68,Normal
2026-02-14 05:26:51.900551,Tokyo-3ecd,35,72,Normal
2026-02-14 05:26:52.900551,Tokyo-3ecd,48,56,Normal
2026-02-14 05:26:53.900551,Tokyo-3ecd,16,27,Normal
2026-02-14 05:26:54.900551,Tokyo-3ecd,-15,85,Normal
2026-02-14 05:26:55.900551,Tokyo-3ecd,-29,60,Normal
2026-02-14 05:26:56.900551,Tokyo-3ecd,42,56,Normal
2026-02-14 05:26:57.900551,Tokyo-3ecd,44,61,Normal
2026-02-14 05:26:58.900551,Tokyo-3ecd,48,22,Normal
2026-02-14 05:26:59.900551,Tokyo-3ecd,-23,52,Normal
2026-02-14 05:27:00.900551,Tokyo-3ecd,-13,15,Normal
2026-02-14 05:27:01.900551,Tokyo-3ecd,35,67,Normal
2026-02-14 05:27:02.900551,Tokyo-3ecd,42,70,Normal
2026-02-14 05:27:03.900551,Tokyo-3ecd,8,18,Normal
2026-02-14 05:27:04.900551,Tokyo-3ecd,-1,45,Normal
2026-02-14 05:27:05.900551,Tokyo-3ecd,-6,49,Normal
2026-02-14 05:27:06.900551,Tokyo-3ecd,36,62,Normal
2026-02-14 05:27:07.900551,Tokyo-3ecd,23,23,Normal
2026-02-14 05:27:08.900551,Tokyo-3ecd,-2,40,Normal
2026-02-14 05:27:09.900551,Tokyo-3ecd,50,87,Normal
2026-02-14 05:27:10.900551,Tokyo-3ecd,0,70,Normal
2026-02-14 05:27:11.900551,Tokyo-3ecd,-3,28,Normal
2026-02-14 05:27:12.900551,Tokyo-3ecd,-21,23,Normal
2026-02-14 05:27:13.900551,Tokyo-3ecd,-27,86,Normal
2026-02-14 05:27:14.900551,Tokyo-3ecd,30,32,Normal
2026-02-14 05:27:15.900551,Tokyo-3ecd,47,49,Normal
2026-02-14 05:27:16.900551,Tokyo-3ecd,-4,59,Normal
2026-02-14 05:27:17.900551,Tokyo-3ecd,-21,19,Normal
2026-02-14 05:27:18.900551,Tokyo-3ecd,50,34,Normal
2026-02-14 05:27:19.900551,Tokyo-3ecd,7,33,Normal
2026-02-14 05:27:20.900551,Tokyo-3ecd,-5,99,Normal
2026-02-14 05:27:21.900551,Tokyo-3ecd,-22,99,Normal
2026-02-14 05:27:22.900551,Tokyo-3ecd,24,93,Normal
2026-02-14 05:27:23.900551,Tokyo-3ecd,34,6,Normal
2026-02-14 05:27:24.900551,Tokyo-3ecd,10,69,Normal
2026-02-14 05:27:25.900551,Tokyo-3ecd,34,43,Normal
2026-02-14 05:27:26.900551,Tokyo-3ecd,39,67,Normal
2026-02-14 05:27:27.900551,Tokyo-3ecd,26,0,Normal
2026-02-14 05:27:28.900551,Tokyo-3ecd,33,27,Normal
2026-02-14 05:27:29.900551,Tokyo-3ecd,48,36,Normal
2026-02-14 05:27:30.900551,Tokyo-3ecd,16,33,Normal
2026-02-14 05:27:31.900551,Tokyo-3ecd,0,56,Normal
2026-02-14 05:27:32.900551,Tokyo-3ecd,-27,72,Normal
2026-02-14 05:27:33.900551,Tokyo-3ecd,13,66,Normal
2026-02-14 05:27:34.900551,Tokyo-3ecd,-7,90,Normal
2026-02-14 05:27:35.900551,Tokyo-3ecd,34,95,Normal
2026-02-14 05:27:36.900551,Tokyo-3ecd,39,5,Normal
2026-02-14 05:27:37.900551,Tokyo-3ecd,-22,21,Normal
2026-02-14 05:27:38.900551,Tokyo-3ecd,-26,71,Normal
2026-02-14 05:27:39.900551,Tokyo-3ecd,28,24,Normal
2026-02-14 05:27:40.900551,Tokyo-3ecd,-5,40,Normal
2026-02-14 05:27:41.900551,Tokyo-3ecd,-24,76,Normal
2026-02-14 05:27:42.900551,Tokyo-3ecd,16,88,Normal
2026-02-14 05:27:43.900551,Tokyo-3ecd,41,16,Normal
2026-02-14 05:27:44.900551,Tokyo-3ecd,-23,5,Normal
2026-02-14 05:27:45.900551,Tokyo-3ecd,-12,46,Normal
2026-02-14 05:27:46.900551,Tokyo-3ecd,19,76,Normal
2026-02-14 05:27:47.900551,Tokyo-3ecd,15,11,Normal
2026-02-14 05:27:48.900551,Tokyo-3ecd,5,13,Normal
2026-02-14 05:27:49.900551,Tokyo-3ecd,-10,6,Normal
2026-02-14 05:27:50.900551,Tokyo-3ecd,-22,40,Normal
2026-02-14 05:27:51.900551,Tokyo-3ecd,-17,51,Normal
2026-02-14 05:27:52.900551,Tokyo-3ecd,34,60,Normal
2026-02-14 05:27:53.900551,Tokyo-3ecd,34,79,Normal
2026-02-14 05:27:54.900551,Tokyo-3ecd,24,99,Normal
2026-02-14 05:27:55.900551,Tokyo-3ecd,32,94,Normal
2026-02-14 05:27:56.900551,Tokyo-3ecd,27,20,Normal
2026-02-14 05:27:57.900551,Tokyo-3ecd,-16,73,Normal
2026-02-14 05:27:58.900551,Tokyo-3ecd,15,93,Normal
2026-02-14 05:27:59.900551,Tokyo-3ecd,5,100,Normal
2026-02-14 05:28:00.900551,Tokyo-3ecd,15,78,Normal
2026-02-14 05:28:01.900551,Tokyo-3ecd,2,25,Normal
2026-02-14 05:28:02.900551,Tokyo-3ecd,48,33,Normal
2026-02-14 05:28:03.900551,Tokyo-3ecd,13,32,Normal
2026-02-14 05:28:04.900551,Tokyo-3ecd,4,59,Normal
2026-02-14 05:28:05.900551,Tokyo-3ecd,34,7,Normal
2026-02-14 05:28:06.900551,Tokyo-3ecd,3,3,Normal
2026-02-14 05:28:07.900551,Tokyo-3ecd,49,93,Normal
2026-02-14 05:28:08.900551,Tokyo-3ecd,-12,59,Normal
2026-02-14 05:28:09.900551,Tokyo-3ecd,12,87,Normal
2026-02-14 05:28:10.900551,Tokyo-3ecd,-19,22,Normal
2026-02-14 05:28:11.900551,Tokyo-3ecd,-10,27,Normal
2026-02-14 05:28:12.900551,Tokyo-3ecd,-20,99,Normal
2026-02-14 05:28:13.900551,Tokyo-3ecd,47,21,Normal
2026-02-14 05:28:14.900551,Tokyo-3ecd,-13,24,Normal
2026-02-14 05:28:15.900551,Tokyo-3ecd,-13,76,Normal
2026-02-14 05:28:16.900551,Tokyo-3ecd,47,57,Normal
2026-02-14 05:28:17.900551,Tokyo-3ecd,3,45,Normal
2026-02-14 05:28:18.900551,Tokyo-3ecd,45,44,Normal
2026-02-14 05:28:19.900551,Tokyo-3ecd,-18,40,Normal
2026-02-14 05:28:20.900551,Tokyo-3ecd,15,15,Normal
2026-02-14 05:28:21.900551,Tokyo-3ecd,-11,25,Normal
2026-02-14 05:28:22.900551,Tokyo-3ecd,20,71,Normal
2026-02-14 05:28:23.900551,Tokyo-3ecd,25,9,Normal
2026-02-14 05:28:24.900551,Tokyo-3ecd,18,59,Normal
2026-02-14 05:28:25.900551,Tokyo-3ecd,13,96,Normal
2026-02-14 05:28:26.900551,Tokyo-3ecd,47,37,Normal
2026-02-14 05:28:27.900551,Tokyo-3ecd,-17,32,Normal
2026-02-14 05:28:28.900551,Tokyo-3ecd,7,70,Normal
2026-02-14 05:28:29.900551,Tokyo-3ecd,-17,14,Normal
2026-02-14 05:28:30.900551,Tokyo-3ecd,41,12,Normal
2026-02-14 05:28:31.900551,Tokyo-3ecd,4,50,Normal
2026-02-14 05:28:32.900551,Tokyo-3ecd,26,31,Normal
2026-02-14 05:28:33.900551,Tokyo-3ecd,27,50,Normal
2026-02-14 05:28:34.900551,Tokyo-3ecd,-29,36,Normal
2026-02-14 05:28:35.900551,Tokyo-3ecd,30,24,Normal
2026-02-14 05:28:36.900551,Tokyo-3ecd,-8,5,Normal
2026-02-14 05:28:37.900551,Tokyo-3ecd,-14,5,Normal
2026-02-14 05:28:38.900551,Tokyo-3ecd,41,33,Normal
2026-02-14 05:28:39.900551,Tokyo-3ecd,16,56,Normal
2026-02-14 05:28:40.900551,Tokyo-3ecd,-6,51,Normal
2026-02-14 05:28:41.900551,Tokyo-3ecd,43,52,Normal
2026-02-14 05:28:42.900551,Tokyo-3ecd,-27,0,Normal
2026-02-14 05:28:43.900551,Tokyo-3ecd,-26,73,Normal
2026-02-14 05:28:44.900551,Tokyo-3ecd,34,83,Normal
2026-02-14 05:28:45.900551,Tokyo-3ecd,-4,48,Normal
2026-02-14 05:28:46.900551,Tokyo-3ecd,22,72,Normal
2026-02-14 05:28:47.900551,Tokyo-3ecd,41,20,Normal
2026-02-14 05:28:48.900551,Tokyo-3ecd,16,10,Normal
2026-02-14 05:28:49.900551,Tokyo-3ecd,33,48,Normal
2026-02-14 05:28:50.900551,Tokyo-3ecd,48,81,Normal
2026-02-14 05:28:51.900551,Tokyo-3ecd,-8,32,Normal
2026-02-14 05:28:52.900551,Tokyo-3ecd,24,45,Normal
2026-02-14 05:28:53.900551,Tokyo-3ecd,8,6,Normal
2026-02-14 05:28:54.900551,Tokyo-3ecd,2,67,Normal
2026-02-14 05:28:55.900551,Tokyo-3ecd,25,20,Normal
2026-02-14 05:28:56.900551,Tokyo-3ecd,-19,68,Normal
2026-02-14 05:28:57.900551,Tokyo-3ecd,25,61,Normal
2026-02-14 05:28:58.900551,Tokyo-3ecd,36,40,Normal
2026-02-14 05:28:59.900551,Tokyo-3ecd,0,51,Normal
2026-02-14 05:29:00.900551,Tokyo-3ecd,-6,60,Normal
2026-02-14 05:29:01.900551,Tokyo-3ecd,-9,93,Normal
2026-02-14 05:29:02.900551,Tokyo-3ecd,-16,45,Normal
2026-02-14 05:29:03.900551,Tokyo-3ecd,-13,8,Normal
2026-02-14 05:29:04.900551,Tokyo-3ecd,-30,82,Normal
2026-02-14 05:29:05.900551,Tokyo-3ecd,46,57,Normal
2026-02-14 05:29:06.900551,Tokyo-3ecd,49,88,Normal
2026-02-14 05:29:07.900551,Tokyo-3ecd,20,2,Normal
2026-02-14 05:29:08.900551,Tokyo-3ecd,-30,100,Normal
2026-02-14 05:29:09.900551,Tokyo-3ecd,27,44,Normal
2026-02-14 05:29:10.900551,Tokyo-3ecd,32,8,Normal
2026-02-14 05:29:11.900551,Tokyo-3ecd,26,100,Normal
2026-02-14 05:29:12.900551,Tokyo-3ecd,10,36,Normal
2026-02-14 05:29:13.900551,Tokyo-3ecd,46,41,Normal
2026-02-14 05:29:14.900551,Tokyo-3ecd,-22,69,Normal
2026-02-14 05:29:15.900551,Tokyo-3ecd,0,19,Normal
2026-02-14 05:29:16.900551,Tokyo-3ecd,-16,77,Normal
2026-02-14 05:29:17.900551,Tokyo-3ecd,44,80,Normal
2026-02-14 05:29:18.900551,Tokyo-3ecd,27,4,Normal
2026-02-14 05:29:19.900551,Tokyo-3ecd,42,3,Normal
2026-02-14 05:29:20.900551,Tokyo-3ecd,-17,36,Normal
2026-02-14 05:29:21.900551,Tokyo-3ecd,-5,78,Normal
2026-02-14 05:29:22.900551,Tokyo-3ecd,26,95,Normal
2026-02-14 05:29:23.900551,Tokyo-3ecd,33,4,Normal
2026-02-14 05:29:24.900551,Tokyo-3ecd,-6,15,Normal
2026-02-14 05:29:25.900551,Tokyo-3ecd,-7,51,Normal
2026-02-14 05:29:26.900551,Tokyo-3ecd,46,34,Normal
2026-02-14 05:29:27.900551,Tokyo-3ecd,13,91,Normal
2026-02-14 05:29:28.900551,Tokyo-3ecd,-3,48,Normal
2026-02-14 05:29:29.900551,Tokyo-3ecd,-25,32,Normal
2026-02-14 05:29:30.900551,Tokyo-3ecd,19,50,Normal
2026-02-14 05:29:31.900551,Tokyo-3ecd,20,74,Normal
2026-02-14 05:29:32.900551,Tokyo-3ecd,-25,4,Normal
2026-02-14 05:29:33.900551,Tokyo-3ecd,6,26,Normal
2026-02-14 05:29:34.900551,Tokyo-3ecd,-14,11,Normal
2026-02-14 05:29:35.900551,Tokyo-3ecd,-23,33,Normal
2026-02-14 05:29:36.900551,Tokyo-3ecd,7,74,Normal
2026-02-14 05:29:37.900551,Tokyo-3ecd,-29,42,Normal
2026-02-14 05:29:38.900551,Tokyo-3ecd,-16,64,Normal
2026-02-14 05:29:39.900551,Tokyo-3ecd,-18,66,Normal
2026-02-14 05:29:40.900551,Tokyo-3ecd,12,53,Normal
2026-02-14 05:29:41.900551,Tokyo-3ecd,-18,28,Normal
2026-02-14 05:29:42.900551,Tokyo-3ecd,17,7,Normal
2026-02-14 05:29:43.900551,Tokyo-3ecd,31,21,Normal
2026-02-14 05:29:44.900551,Tokyo-3ecd,43,4,Normal
2026-02-14 05:29:45.900551,Tokyo-3ecd,-13,26,Normal
2026-02-14 05:29:46.900551,Tokyo-3ecd,-30,61,Normal
2026-02-14 05:29:47.900551,Tokyo-3ecd,-4,12,Normal
2026-02-14 05:29:48.900551,Tokyo-3ecd,7,35,Normal
2026-02-14 05:29:49.900551,Tokyo-3ecd,45,58,Normal
2026-02-14 05:29:50.900551,Tokyo-3ecd,14,24,Normal
2026-02-14 05:29:51.900551,Tokyo-3ecd,37,89,Normal
2026-02-14 05:29:52.900551,Tokyo-3ecd,18,16,Normal
2026-02-14 05:29:53.900551,Tokyo-3ecd,-16,11,Normal
2026-02-14 05:29:54.900551,Tokyo-3ecd,13,99,Normal
2026-02-14 05:29:55.900551,Tokyo-3ecd,0,78,Normal
2026-02-14 05:29:56.900551,Tokyo-3ecd,38,32,Normal
2026-02-14 05:29:57.900551,Tokyo-3ecd,-30,36,Normal
2026-02-14 05:29:58.900551,Tokyo-3ecd,17,92,Normal
2026-02-14 05:29:59.900551,Tokyo-3ecd,48,28,Normal
2026-02-14 05:30:00.900551,Tokyo-3ecd,-30,5,Normal
2026-02-14 05:30:01.900551,Tokyo-3ecd,-10,81,Normal
2026-02-14 05:30:02.900551,Tokyo-3ecd,16,6,Normal
2026-02-14 05:30:03.900551,Tokyo-3ecd,-12,56,Normal
2026-02-14 05:30:04.900551,Tokyo-3ecd,-3,44,Normal
2026-02-14 05:30:05.900551,Tokyo-3ecd,39,73,Normal
2026-02-14 05:30:06.900551,Tokyo-3ecd,-5,52,Normal
2026-02-14 05:30:07.900551,Tokyo-3ecd,-13,82,Normal
2026-02-14 05:30:08.900551,Tokyo-3ecd,-20,25,Normal
2026-02-14 05:30:09.900551,Tokyo-3ecd,3,15,Normal
2026-02-14 05:30:10.900551,Tokyo-3ecd,-22,86,Normal
2026-02-14 05:30:11.900551,Tokyo-3ecd,-11,10,Normal
2026-02-14 05:30:12.900551,Tokyo-3ecd,7,9,Normal
2026-02-14 05:30:13.900551,Tokyo-3ecd,16,66,Normal
2026-02-14 05:30:14.900551,Tokyo-3ecd,-17,53,Normal
2026-02-14 05:30:15.900551,Tokyo-3ecd,49,50,Normal
2026-02-14 05:30:16.900551,Tokyo-3ecd,-23,89,Normal
2026-02-14 05:30:17.900551,Tokyo-3ecd,-28,1,Normal
2026-02-14 05:30:18.900551,Tokyo-3ecd,43,41,Normal
2026-02-14 05:30:19.900551,Tokyo-3ecd,30,89,Normal
2026-02-14 05:30:20.900551,Tokyo-3ecd,44,91,Normal
2026-02-14 05:30:21.900551,Tokyo-3ecd,23,25,Normal
2026-02-14 05:30:22.900551,Tokyo-3ecd,25,66,Normal
2026-02-14 05:30:23.900551,Tokyo-3ecd,44,82,Normal
2026-02-14 05:30:24.900551,Tokyo-3ecd,-5,44,Normal
2026-02-14 05:30:25.900551,Tokyo-3ecd,27,62,Normal
2026-02-14 05:30:26.900551,Tokyo-3ecd,-29,33,Normal
2026-02-14 05:30:27.900551,Tokyo-3ecd,-10,25,Normal
2026-02-14 05:30:28.900551,Tokyo-3ecd,44,9,Normal
2026-02-14 05:30:29.900551,Tokyo-3ecd,35,54,Normal
2026-02-14 05:30:30.900551,Tokyo-3ecd,-22,35,Normal
2026-02-14 05:30:31.900551,Tokyo-3ecd,15,27,Normal
2026-02-14 05:30:32.900551,Tokyo-3ecd,8,82,Normal
2026-02-14 05:30:33.900551,Tokyo-3ecd,40,45,Normal
2026-02-14 05:30:34.900551,Tokyo-3ecd,20,58,Normal
2026-02-14 05:30:35.900551,Tokyo-3ecd,34,27,Normal
2026-02-14 05:30:36.900551,Tokyo-3ecd,-1,87,Normal
2026-02-14 05:30:37.900551,Tokyo-3ecd,10,11,Normal
2026-02-14 05:30:38.900551,Tokyo-3ecd,43,88,Normal
2026-02-14 05:30:39.900551,Tokyo-3ecd,-22,36,Normal
2026-02-14 05:30:40.900551,Tokyo-3ecd,24,50,Normal
2026-02-14 05:30:41.900551,Tokyo-3ecd,-22,0,Normal
2026-02-14 05:30:42.900551,Tokyo-3ecd,-1,31,Normal
2026-02-14 05:30:43.900551,Tokyo-3ecd,38,86,Normal
2026-02-14 05:30:44.900551,Tokyo-3ecd,12,20,Normal
2026-02-14 05:30:45.900551,Tokyo-3ecd,31,90,Normal
2026-02-14 05:30:46.900551,Tokyo-3ecd,19,80,Normal
2026-02-14 05:30:47.900551,Tokyo-3ecd,-20,71,Normal
2026-02-14 05:30:48.900551,Tokyo-3ecd,-19,62,Normal
2026-02-14 05:30:49.900551,Tokyo-3ecd,22,6,Normal
2026-02-14 05:30:50.900551,Tokyo-3ecd,50,60,Normal
2026-02-14 05:30:51.900551,Tokyo-3ecd,-27,65,Normal
2026-02-14 05:30:52.900551,Tokyo-3ecd,10,77,Normal
2026-02-14 05:30:53.900551,Tokyo-3ecd,-13,31,Normal
2026-02-14 05:30:54.900551,Tokyo-3ecd,24,80,Normal
2026-02-14 05:30:55.900551,Tokyo-3ecd,15,3,Normal
2026-02-14 05:30:56.900551,Tokyo-3ecd,46,43,Normal
2026-02-14 05:30:57.900551,Tokyo-3ecd,3,0,Normal
2026-02-14 05:30:58.900551,Tokyo-3ecd,28,78,Normal
2026-02-14 05:30:59.900551,Tokyo-3ecd,-4,5,Normal
2026-02-14 05:31:00.900551,Tokyo-3ecd,27,28,Normal
2026-02-14 05:31:01.900551,Tokyo-3ecd,0,97,Normal
2026-02-14 05:31:02.900551,Tokyo-3ecd,18,32,Normal
2026-02-14 05:31:03.900551,Tokyo-3ecd,-22,38,Normal
2026-02-14 05:31:04.900551,Tokyo-3ecd,2,59,Normal
2026-02-14 05:31:05.900551,Tokyo-3ecd,31,69,Normal
2026-02-14 05:31:06.900551,Tokyo-3ecd,-21,32,Normal
2026-02-14 05:31:07.900551,Tokyo-3ecd,-7,73,Normal
2026-02-14 05:31:08.900551,Tokyo-3ecd,-5,91,Normal
2026-02-14 05:31:09.900551,Tokyo-3ecd,-9,55,Normal
2026-02-14 05:31:10.900551,Tokyo-3ecd,-26,91,Normal
2026-02-14 05:31:11.900551,Tokyo-3ecd,36,82,Normal
2026-02-14 05:31:12.900551,Tokyo-3ecd,37,7,Normal
2026-02-14 05:31:13.900551,Tokyo-3ecd,40,53,Normal
2026-02-14 05:31:14.900551,Tokyo-3ecd,20,36,Normal
2026-02-14 05:31:15.900551,Tokyo-3ecd,9,89,Normal
2026-02-14 05:31:16.900551,Tokyo-3ecd,-25,85,Normal
2026-02-14 05:31:17.900551,Tokyo-3ecd,25,23,Normal
2026-02-14 05:31:18.900551,Tokyo-3ecd,30,55,Normal
2026-02-14 05:31:19.900551,Tokyo-3ecd,46,52,Normal
2026-02-14 05:31:20.900551,Tokyo-3ecd,-26,1,Normal
2026-02-14 05:31:21.900551,Tokyo-3ecd,41,43,Normal
2026-02-14 05:31:22.900551,Tokyo-3ecd,50,26,Normal
2026-02-14 05:31:23.900551,Tokyo-3ecd,5,57,Normal
2026-02-14 05:31:24.900551,Tokyo-3ecd,-3,20,Normal
2026-02-14 05:31:25.900551,Tokyo-3ecd,-18,54,Normal
2026-02-14 05:31:26.900551,Tokyo-3ecd,27,44,Normal
2026-02-14 05:31:27.900551,Tokyo-3ecd,29,37,Normal
2026-02-14 05:31:28.900551,Tokyo-3ecd,32,13,Normal
2026-02-14 05:31:29.900551,Tokyo-3ecd,-10,89,Normal
2026-02-14 05:31:30.900551,Tokyo-3ecd,27,18,Normal
2026-02-14 05:31:31.900551,Tokyo-3ecd,-6,75,Normal
2026-02-14 05:31:32.900551,Tokyo-3ecd,16,75,Normal
2026-02-14 05:31:33.900551,Tokyo-3ecd,-7,0,Normal
2026-02-14 05:31:34.900551,Tokyo-3ecd,12,52,Normal
2026-02-14 05:31:35.900551,Tokyo-3ecd,-9,53,Normal
2026-02-14 05:31:36.900551,Tokyo-3ecd,0,56,Normal
2026-02-14 05:31:37.900551,Tokyo-3ecd,-13,59,Normal
2026-02-14 05:31:38.900551,Tokyo-3ecd,28,29,Normal
2026-02-14 05:31:39.900551,Tokyo-3ecd,16,99,Normal
2026-02-14 05:31:40.900551,Tokyo-3ecd,44,83,Normal
2026-02-14 05:31:41.900551,Tokyo-3ecd,40,37,Normal
2026-02-14 05:31:42.900551,Tokyo-3ecd,1,64,Normal
2026-02-14 05:31:43.900551,Tokyo-3ecd,14,27,Normal
2026-02-14 05:31:44.900551,Tokyo-3ecd,-16,54,Normal
2026-02-14 05:31:45.900551,Tokyo-3ecd,22,59,Normal
2026-02-14 05:31:46.900551,Tokyo-3ecd,35,74,Normal
2026-02-14 05:31:47.900551,Tokyo-3ecd,2,46,Normal
2026-02-14 05:31:48.900551,Tokyo-3ecd,29,5,Normal
2026-02-14 05:31:49.900551,Tokyo-3ecd,49,46,Normal
2026-02-14 05:31:50.900551,Tokyo-3ecd,30,39,Normal
2026-02-14 05:31:51.900551,Tokyo-3ecd,-25,98,Normal
2026-02-14 05:31:52.900551,Tokyo-3ecd,45,96,Normal
2026-02-14 05:31:53.900551,Tokyo-3ecd,-7,23,Normal
2026-02-14 05:31:54.900551,Tokyo-3ecd,-20,43,Normal
2026-02-14 05:31:55.900551,Tokyo-3ecd,5,39,Normal
2026-02-14 05:31:56.900551,Tokyo-3ecd,16,0,Normal
2026-02-14 05:31:57.900551,Tokyo-3ecd,-8,13,Normal
2026-02-14 05:31:58.900551,Tokyo-3ecd,48,54,Normal
2026-02-14 05:31:59.900551,Tokyo-3ecd,-5,42,Normal
2026-02-14 05:32:00.900551,Tokyo-3ecd,23,68,Normal
2026-02-14 05:32:01.900551,Tokyo-3ecd,-18,60,Normal
2026-02-14 05:32:02.900551,Tokyo-3ecd,-21,19,Normal
2026-02-14 05:32:03.900551,Tokyo-3ecd,-14,32,Normal
2026-02-14 05:32:04.900551,Tokyo-3ecd,40,68,Normal
2026-02-14 05:32:05.900551,Tokyo-3ecd,16,92,Normal
2026-02-14 05:32:06.900551,Tokyo-3ecd,38,41,Normal
2026-02-14 05:32:07.900551,Tokyo-3ecd,14,29,Normal
2026-02-14 05:32:08.900551,Tokyo-3ecd,19,68,Normal
2026-02-14 05:32:09.900551,Tokyo-3ecd,-2,96,Normal
2026-02-14 05:32:10.900551,Tokyo-3ecd,42,17,Normal
2026-02-14 05:32:11.900551,Tokyo-3ecd,10,68,Normal
2026-02-14 05:32:12.900551,Tokyo-3ecd,46,25,Normal
2026-02-14 05:32:13.900551,Tokyo-3ecd,-5,10,Normal
2026-02-14 05:32:14.900551,Tokyo-3ecd,-6,27,Normal
2026-02-14 05:32:15.900551,Tokyo-3ecd,-12,78,Normal
2026-02-14 05:32:16.900551,Tokyo-3ecd,-4,37,Normal
2026-02-14 05:32:17.900551,Tokyo-3ecd,-9,93,Normal
2026-02-14 05:32:18.900551,Tokyo-3ecd,45,75,Normal
2026-02-14 05:32:19.900551,Tokyo-3ecd,38,49,Normal
2026-02-14 05:32:20.900551,Tokyo-3ecd,3,1,Normal
2026-02-14 05:32:21.900551,Tokyo-3ecd,4,76,Normal
2026-02-14 05:32:22.900551,Tokyo-3ecd,41,26,Normal
2026-02-14 05:32:23.900551,Tokyo-3ecd,-23,35,Normal
2026-02-14 05:32:24.900551,Tokyo-3ecd,-4,84,Normal
2026-02-14 05:32:25.900551,Tokyo-3ecd,10,10,Normal
2026-02-14 05:32:26.900551,Tokyo-3ecd,23,38,Normal
2026-02-14 05:32:27.900551,Tokyo-3ecd,50,11,Normal
2026-02-14 05:32:28.900551,Tokyo-3ecd,5,35,Normal
2026-02-14 05:32:29.900551,Tokyo-3ecd,-8,15,Normal
2026-02-14 05:32:30.900551,Tokyo-3ecd,41,8,Normal
2026-02-14 05:32:31.900551,Tokyo-3ecd,-17,63,Normal
2026-02-14 05:32:32.900551,Tokyo-3ecd,4,17,Normal
2026-02-14 05:32:33.900551,Tokyo-3ecd,14,59,Normal
2026-02-14 05:32:34.900551,Tokyo-3ecd,-17,87,Normal
2026-02-14 05:32:35.900551,Tokyo-3ecd,13,11,Normal
2026-02-14 05:32:36.900551,Tokyo-3ecd,12,90,Normal
2026-02-14 05:32:37.900551,Tokyo-3ecd,-21,53,Normal
2026-02-14 05:32:38.900551,Tokyo-3ecd,-5,95,Normal
2026-02-14 05:32:39.900551,Tokyo-3ecd,-14,21,Normal
2026-02-14 05:32:40.900551,Tokyo-3ecd,40,32,Normal
2026-02-14 05:32:41.900551,Tokyo-3ecd,23,97,Normal
2026-02-14 05:32:42.900551,Tokyo-3ecd,46,8,Normal
2026-02-14 05:32:43.900551,Tokyo-3ecd,32,95,Normal
2026-02-14 05:32:44.900551,Tokyo-3ecd,-29,91,Normal
2026-02-14 05:32:45.900551,Tokyo-3ecd,-21,66,Normal
2026-02-14 05:32:46.900551,Tokyo-3ecd,-14,33,Normal
2026-02-14 05:32:47.900551,Tokyo-3ecd,50,36,Normal
2026-02-14 05:32:48.900551,Tokyo-3ecd,31,14,Normal
2026-02-14 05:32:49.900551,Tokyo-3ecd,-13,1,Normal
2026-02-14 05:32:50.900551,Tokyo-3ecd,29,96,Normal
2026-02-14 05:32:51.900551,Tokyo-3ecd,41,55,Normal
2026-02-14 05:32:52.900551,Tokyo-3ecd,-27,35,Normal
2026-02-14 05:32:53.900551,Tokyo-3ecd,31,66,Normal
2026-02-14 05:32:54.900551,Tokyo-3ecd,13,75,Normal
2026-02-14 05:32:55.900551,Tokyo-3ecd,-3,27,Normal
2026-02-14 05:32:56.900551,Tokyo-3ecd,21,3,Normal
2026-02-14 05:32:57.900551,Tokyo-3ecd,4,78,Normal
2026-02-14 05:32:58.900551,Tokyo-3ecd,18,18,Normal
2026-02-14 05:32:59.900551,Tokyo-3ecd,-7,30,Normal
2026-02-14 05:33:00.900551,Tokyo-3ecd,-20,15,Normal
2026-02-14 05:33:01.900551,Tokyo-3ecd,17,38,Normal
2026-02-14 05:33:02.900551,Tokyo-3ecd,4,55,Normal
2026-02-14 05:33:03.900551,Tokyo-3ecd,4,32,Normal
2026-02-14 05:33:04.900551,Tokyo-3ecd,14,88,Normal
2026-02-14 05:33:05.900551,Tokyo-3ecd,-29,72,Normal
2026-02-14 05:33:06.900551,Tokyo-3ecd,48,30,Normal
2026-02-14 05:33:07.900551,Tokyo-3ecd,-5,32,Normal
2026-02-14 05:33:08.900551,Tokyo-3ecd,46,32,Normal
2026-02-14 05:33:09.900551,Tokyo-3ecd,-9,82,Normal
2026-02-14 05:33:10.900551,Tokyo-3ecd,-4,78,Normal
2026-02-14 05:33:11.900551,Tokyo-3ecd,-1,83,Normal
2026-02-14 05:33:12.900551,Tokyo-3ecd,-27,23,Normal
2026-02-14 05:33:13.900551,Tokyo-3ecd,25,33,Normal
2026-02-14 05:33:14.900551,Tokyo-3ecd,50,24,Normal
2026-02-14 05:33:15.900551,Tokyo-3ecd,15,29,Normal
2026-02-14 05:33:16.900551,Tokyo-3ecd,28,80,Normal
2026-02-14 05:33:17.900551,Tokyo-3ecd,11,66,Normal
2026-02-14 05:33:18.900551,Tokyo-3ecd,36,29,Normal
2026-02-14 05:33:19.900551,Tokyo-3ecd,47,73,Normal
2026-02-14 05:33:20.900551,Tokyo-3ecd,-13,61,Normal
2026-02-14 05:33:21.900551,Tokyo-3ecd,-14,42,Normal
2026-02-14 05:33:22.900551,Tokyo-3ecd,-30,35,Normal
2026-02-14 05:33:23.900551,Tokyo-3ecd,34,83,Normal
2026-02-14 05:33:24.900551,Tokyo-3ecd,0,21,Normal
2026-02-14 05:33:25.900551,Tokyo-3ecd,-9,33,Normal
2026-02-14 05:33:26.900551,Tokyo-3ecd,19,3,Normal
2026-02-14 05:33:27.900551,Tokyo-3ecd,43,50,Normal
2026-02-14 05:33:28.900551,Tokyo-3ecd,23,58,Normal
2026-02-14 05:33:29.900551,Tokyo-3ecd,5,41,Normal
2026-02-14 05:33:30.900551,Tokyo-3ecd,-30,61,Normal
2026-02-14 05:33:31.900551,Tokyo-3ecd,-3,12,Normal
2026-02-14 05:33:32.900551,Tokyo-3ecd,26,8,Normal
2026-02-14 05:33:33.900551,Tokyo-3ecd,2,55,Normal
2026-02-14 05:33:34.900551,Tokyo-3ecd,36,36,Normal
2026-02-14 05:33:35.900551,Tokyo-3ecd,20,50,Normal
2026-02-14 05:33:36.900551,Tokyo-3ecd,34,81,Normal
2026-02-14 05:33:37.900551,Tokyo-3ecd,50,18,Normal
2026-02-14 05:33:38.900551,Tokyo-3ecd,38,54,Normal
2026-02-14 05:33:39.900551,Tokyo-3ecd,-15,79,Normal
2026-02-14 05:33:40.900551,Tokyo-3ecd,30,84,Normal
2026-02-14 05:33:41.900551,Tokyo-3ecd,-6,79,Normal
2026-02-14 05:33:42.900551,Tokyo-3ecd,-25,38,Normal
2026-02-14 05:33:43.900551,Tokyo-3ecd,8,20,Normal
2026-02-14 05:33:44.900551,Tokyo-3ecd,38,33,Normal
2026-02-14 05:33:45.900551,Tokyo-3ecd,23,1,Normal
2026-02-14 05:33:46.900551,Tokyo-3ecd,-30,36,Normal
2026-02-14 05:33:47.900551,Tokyo-3ecd,-20,46,Normal
2026-02-14 05:33:48.900551,Tokyo-3ecd,-27,74,Normal
2026-02-14 05:33:49.900551,Tokyo-3ecd,4,97,Normal
2026-02-14 05:33:50.900551,Tokyo-3ecd,28,49,Normal
2026-02-14 05:33:51.900551,Tokyo-3ecd,-5,28,Normal
2026-02-14 05:33:52.900551,Tokyo-3ecd,35,64,Normal
2026-02-14 05:33:53.900551,Tokyo-3ecd,0,62,Normal
2026-02-14 05:33:54.900551,Tokyo-3ecd,4,60,Normal
2026-02-14 05:33:55.900551,Tokyo-3ecd,18,79,Normal
2026-02-14 05:33:56.900551,Tokyo-3ecd,19,95,Normal
2026-02-14 05:33:57.900551,Tokyo-3ecd,-22,58,Normal
2026-02-14 05:33:58.900551,Tokyo-3ecd,22,54,Normal
2026-02-14 05:33:59.900551,Tokyo-3ecd,49,88,Normal
2026-02-14 05:34:00.900551,Tokyo-3ecd,7,90,Normal
2026-02-14 05:34:01.900551,Tokyo-3ecd,-5,13,Normal
2026-02-14 05:34:02.900551,Tokyo-3ecd,-19,12,Normal
2026-02-14 05:34:03.900551,Tokyo-3ecd,34,95,Normal
2026-02-14 05:34:04.900551,Tokyo-3ecd,38,87,Normal
2026-02-14 05:34:05.900551,Tokyo-3ecd,-15,62,Normal
2026-02-14 05:34:06.900551,Tokyo-3ecd,18,100,Normal
2026-02-14 05:34:07.900551,Tokyo-3ecd,-10,52,Normal
2026-02-14 05:34:08.900551,Tokyo-3ecd,42,69,Normal
2026-02-14 05:34:09.900551,Tokyo-3ecd,5,54,Normal
2026-02-14 05:34:10.900551,Tokyo-3ecd,-8,66,Normal
2026-02-14 05:34:11.900551,Tokyo-3ecd,9,57,Normal
2026-02-14 05:34:12.900551,Tokyo-3ecd,-15,89,Normal
2026-02-14 05:34:13.900551,Tokyo-3ecd,-12,24,Normal
2026-02-14 05:34:14.900551,Tokyo-3ecd,43,66,Normal
2026-02-14 05:34:15.900551,Tokyo-3ecd,-4,75,Normal
2026-02-14 05:34:16.900551,Tokyo-3ecd,20,10,Normal
2026-02-14 05:34:17.900551,Tokyo-3ecd,-15,27,Normal
2026-02-14 05:34:18.900551,Tokyo-3ecd,-23,65,Normal
2026-02-14 05:34:19.900551,Tokyo-3ecd,-15,74,Normal
2026-02-14 05:34:20.900551,Tokyo-3ecd,3,9,Normal
2026-02-14 05:34:21.900551,Tokyo-3ecd,-27,92,Normal
2026-02-14 05:34:22.900551,Tokyo-3ecd,-22,14,Normal
2026-02-14 05:34:23.900551,Tokyo-3ecd,38,44,Normal
2026-02-14 05:34:24.900551,Tokyo-3ecd,32,46,Normal
2026-02-14 05:34:25.900551,Tokyo-3ecd,-9,89,Normal
2026-02-14 05:34:26.900551,Tokyo-3ecd,33,26,Normal
2026-02-14 05:34:27.900551,Tokyo-3ecd,12,54,Normal
2026-02-14 05:34:28.900551,Tokyo-3ecd,7,76,Normal
2026-02-14 05:34:29.900551,Tokyo-3ecd,43,19,Normal
2026-02-14 05:34:30.900551,Tokyo-3ecd,-22,66,Normal
2026-02-14 05:34:31.900551,Tokyo-3ecd,21,7,Normal
2026-02-14 05:34:32.900551,Tokyo-3ecd,-18,11,Normal
2026-02-14 05:34:33.900551,Tokyo-3ecd,38,1,Normal
2026-02-14 05:34:34.900551,Tokyo-3ecd,-22,77,Normal
2026-02-14 05:34:35.900551,Tokyo-3ecd,21,81,Normal
2026-02-14 05:34:36.900551,Tokyo-3ecd,50,68,Normal
2026-02-14 05:34:37.900551,Tokyo-3ecd,3,45,Normal
2026-02-14 05:34:38.900551,Tokyo-3ecd,-11,63,Normal
2026-02-14 05:34:39.900551,Tokyo-3ecd,22,36,Normal
2026-02-14 05:34:40.900551,Tokyo-3ecd,32,66,Normal
2026-02-14 05:34:41.900551,Tokyo-3ecd,36,51,Normal
2026-02-14 05:34:42.900551,Tokyo-3ecd,-6,76,Normal
2026-02-14 05:34:43.900551,Tokyo-3ecd,-10,3,Normal
2026-02-14 05:34:44.900551,Tokyo-3ecd,24,31,Normal
2026-02-14 05:34:45.900551,Tokyo-3ecd,13,6,Normal
2026-02-14 05:34:46.900551,Tokyo-3ecd,42,9,Normal
2026-02-14 05:34:47.900551,Tokyo-3ecd,45,67,Normal
2026-02-14 05:34:48.900551,Tokyo-3ecd,47,20,Normal
2026-02-14 05:34:49.900551,Tokyo-3ecd,-13,84,Normal
2026-02-14 05:34:50.900551,Tokyo-3ecd,-29,88,Normal
2026-02-14 05:34:51.900551,Tokyo-3ecd,-30,98,Normal
2026-02-14 05:34:52.900551,Tokyo-3ecd,33,40,Normal
2026-02-14 05:34:53.900551,Tokyo-3ecd,11,52,Normal
2026-02-14 05:34:54.900551,Tokyo-3ecd,25,14,Normal
2026-02-14 05:34:55.900551,Tokyo-3ecd,14,84,Normal
2026-02-14 05:34:56.900551,Tokyo-3ecd,47,18,Normal
2026-02-14 05:34:57.900551,Tokyo-3ecd,3,79,Normal
2026-02-14 05:34:58.900551,Tokyo-3ecd,0,3,Normal
2026-02-14 05:34:59.900551,Tokyo-3ecd,30,71,Normal
2026-02-14 05:35:00.900551,Tokyo-3ecd,39,13,Normal
2026-02-14 05:35:01.900551,Tokyo-3ecd,15,98,Normal
2026-02-14 05:35:02.900551,Tokyo-3ecd,0,89,Normal
2026-02-14 05:35:03.900551,Tokyo-3ecd,-15,66,Normal
2026-02-14 05:35:04.900551,Tokyo-3ecd,49,53,Normal
2026-02-14 05:35:05.900551,Tokyo-3ecd,23,30,Normal
2026-02-14 05:35:06.900551,Tokyo-3ecd,43,53,Normal
2026-02-14 05:35:07.900551,Tokyo-3ecd,10,34,Normal
2026-02-14 05:35:08.900551,Tokyo-3ecd,0,52,Normal
2026-02-14 05:35:09.900551,Tokyo-3ecd,0,99,Normal
2026-02-14 05:35:10.900551,Tokyo-3ecd,-23,16,Normal
2026-02-14 05:35:11.900551,Tokyo-3ecd,2,56,Normal
2026-02-14 05:35:12.900551,Tokyo-3ecd,-5,64,Normal
2026-02-14 05:35:13.900551,Tokyo-3ecd,-29,74,Normal
2026-02-14 05:35:14.900551,Tokyo-3ecd,43,40,Normal
2026-02-14 05:35:15.900551,Tokyo-3ecd,25,18,Normal
2026-02-14 05:35:16.900551,Tokyo-3ecd,2,4,Normal
2026-02-14 05:35:17.900551,Tokyo-3ecd,35,23,Normal
2026-02-14 05:35:18.900551,Tokyo-3ecd,5,67,Normal
2026-02-14 05:35:19.900551,Tokyo-3ecd,4,72,Normal
2026-02-14 05:35:20.900551,Tokyo-3ecd,39,96,Normal
2026-02-14 05:35:21.900551,Tokyo-3ecd,-23,80,Normal
2026-02-14 05:35:22.900551,Tokyo-3ecd,7,88,Normal
2026-02-14 05:35:23.900551,Tokyo-3ecd,-24,55,Normal
2026-02-14 05:35:24.900551,Tokyo-3ecd,35,0,Normal
2026-02-14 05:35:25.900551,Tokyo-3ecd,-28,17,Normal
2026-02-14 05:35:26.900551,Tokyo-3ecd,15,1,Normal
2026-02-14 05:35:27.900551,Tokyo-3ecd,1,91,Normal
2026-02-14 05:35:28.900551,Tokyo-3ecd,2,82,Normal
2026-02-14 05:35:29.900551,Tokyo-3ecd,29,39,Normal
2026-02-14 05:35:30.900551,Tokyo-3ecd,-28,76,Normal
2026-02-14 05:35:31.900551,Tokyo-3ecd,33,3,Normal
2026-02-14 05:35:32.900551,Tokyo-3ecd,-7,55,Normal
2026-02-14 05:35:33.900551,Tokyo-3ecd,0,72,Normal
2026-02-14 05:35:34.900551,Tokyo-3ecd,-1,42,Normal
2026-02-14 05:35:35.900551,Tokyo-3ecd,4,32,Normal
2026-02-14 05:35:36.900551,Tokyo-3ecd,-10,83,Normal
2026-02-14 05:35:37.900551,Tokyo-3ecd,-28,60,Normal
2026-02-14 05:35:38.900551,Tokyo-3ecd,16,63,Normal
2026-02-14 05:35:39.900551,Tokyo-3ecd,16,77,Normal
2026-02-14 05:35:40.900551,Tokyo-3ecd,-5,27,Normal
2026-02-14 05:35:41.900551,Tokyo-3ecd,-29,4,Normal
2026-02-14 05:35:42.900551,Tokyo-3ecd,10,20,Normal
2026-02-14 05:35:43.900551,Tokyo-3ecd,43,27,Normal
2026-02-14 05:35:44.900551,Tokyo-3ecd,5,80,Normal
2026-02-14 05:35:45.900551,Tokyo-3ecd,-27,22,Normal
2026-02-14 05:35:46.900551,Tokyo-3ecd,-29,2,Normal
2026-02-14 05:35:47.900551,Tokyo-3ecd,-3,7,Normal
2026-02-14 05:35:48.900551,Tokyo-3ecd,45,82,Normal
2026-02-14 05:35:49.900551,Tokyo-3ecd,28,6,Normal
2026-02-14 05:35:50.900551,Tokyo-3ecd,30,48,Normal
2026-02-14 05:35:51.900551,Tokyo-3ecd,-6,65,Normal
2026-02-14 05:35:52.900551,Tokyo-3ecd,-10,93,Normal
2026-02-14 05:35:53.900551,Tokyo-3ecd,45,90,Normal
2026-02-14 05:35:54.900551,Tokyo-3ecd,50,69,Normal
2026-02-14 05:35:55.900551,Tokyo-3ecd,32,68,Normal
2026-02-14 05:35:56.900551,Tokyo-3ecd,26,60,Normal
2026-02-14 05:35:57.900551,Tokyo-3ecd,7,13,Normal
2026-02-14 05:35:58.900551,Tokyo-3ecd,48,28,Normal
2026-02-14 05:35:59.900551,Tokyo-3ecd,-6,40,Normal
2026-02-14 05:36:00.900551,Tokyo-3ecd,-8,18,Normal
2026-02-14 05:36:01.900551,Tokyo-3ecd,8,32,Normal
2026-02-14 05:36:02.900551,Tokyo-3ecd,33,80,Normal
2026-02-14 05:36:03.900551,Tokyo-3ecd,46,88,Normal
2026-02-14 05:36:04.900551,Tokyo-3ecd,0,64,Normal
2026-02-14 05:36:05.900551,Tokyo-3ecd,46,16,Normal
2026-02-14 05:36:06.900551,Tokyo-3ecd,35,75,Normal
2026-02-14 05:36:07.900551,Tokyo-3ecd,8,52,Normal
2026-02-14 05:36:08.900551,Tokyo-3ecd,31,41,Normal
2026-02-14 05:36:09.900551,Tokyo-3ecd,0,66,Normal
2026-02-14 05:36:10.900551,Tokyo-3ecd,-23,17,Normal
2026-02-14 05:36:11.900551,Tokyo-3ecd,-22,55,Normal
2026-02-14 05:36:12.900551,Tokyo-3ecd,-11,53,Normal
2026-02-14 05:36:13.900551,Tokyo-3ecd,-9,84,Normal
2026-02-14 05:36:14.900551,Tokyo-3ecd,31,60,Normal
2026-02-14 05:36:15.900551,Tokyo-3ecd,43,81,Normal
2026-02-14 05:36:16.900551,Tokyo-3ecd,-20,88,Normal
2026-02-14 05:36:17.900551,Tokyo-3ecd,17,75,Normal
2026-02-14 05:36:18.900551,Tokyo-3ecd,11,60,Normal
2026-02-14 05:36:19.900551,Tokyo-3ecd,-14,9,Normal
2026-02-14 05:36:20.900551,Tokyo-3ecd,35,61,Normal
2026-02-14 05:36:21.900551,Tokyo-3ecd,24,85,Normal
2026-02-14 05:36:22.900551,Tokyo-3ecd,27,11,Normal
2026-02-14 05:36:23.900551,Tokyo-3ecd,19,100,Normal
2026-02-14 05:36:24.900551,Tokyo-3ecd,46,8,Normal
2026-02-14 05:36:25.900551,Tokyo-3ecd,-2,88,Normal
2026-02-14 05:36:26.900551,Tokyo-3ecd,-13,39,Normal
2026-02-14 05:36:27.900551,Tokyo-3ecd,17,14,Normal
2026-02-14 05:36:28.900551,Tokyo-3ecd,17,41,Normal
2026-02-14 05:36:29.900551,Tokyo-3ecd,42,10,Normal
2026-02-14 05:36:30.900551,Tokyo-3ecd,4,71,Normal
2026-02-14 05:36:31.900551,Tokyo-3ecd,-12,51,Normal
2026-02-14 05:36:32.900551,Tokyo-3ecd,9,87,Normal
2026-02-14 05:36:33.900551,Tokyo-3ecd,21,30,Normal
2026-02-14 05:36:34.900551,Tokyo-3ecd,19,4,Normal
2026-02-14 05:36:35.900551,Tokyo-3ecd,3,69,Normal
2026-02-14 05:36:36.900551,Tokyo-3ecd,-16,99,Normal
2026-02-14 05:36:37.900551,Tokyo-3ecd,1,87,Normal
2026-02-14 05:36:38.900551,Tokyo-3ecd,-19,11,Normal
2026-02-14 05:36:39.900551,Tokyo-3ecd,41,56,Normal
2026-02-14 05:36:40.900551,Tokyo-3ecd,-4,96,Normal
2026-02-14 05:36:41.900551,Tokyo-3ecd,-17,16,Normal
2026-02-14 05:36:42.900551,Tokyo-3ecd,47,5,Normal
2026-02-14 05:36:43.900551,Tokyo-3ecd,25,88,Normal
2026-02-14 05:36:44.900551,Tokyo-3ecd,46,33,Normal
2026-02-14 05:36:45.900551,Tokyo-3ecd,7,69,Normal
2026-02-14 05:36:46.900551,Tokyo-3ecd,21,12,Normal
2026-02-14 05:36:47.900551,Tokyo-3ecd,-1,69,Normal
2026-02-14 05:36:48.900551,Tokyo-3ecd,-30,92,Normal
2026-02-14 05:36:49.900551,Tokyo-3ecd,39,52,Normal
2026-02-14 05:36:50.900551,Tokyo-3ecd,37,76,Normal
2026-02-14 05:36:51.900551,Tokyo-3ecd,-9,35,Normal
2026-02-14 05:36:52.900551,Tokyo-3ecd,-3,37,Normal
2026-02-14 05:36:53.900551,Tokyo-3ecd,-18,48,Normal
2026-02-14 05:36:54.900551,Tokyo-3ecd,-22,35,Normal
2026-02-14 05:36:55.900551,Tokyo-3ecd,2,61,Normal
2026-02-14 05:36:56.900551,Tokyo-3ecd,12,72,Normal
2026-02-14 05:36:57.900551,Tokyo-3ecd,16,52,Normal
2026-02-14 05:36:58.900551,Tokyo-3ecd,31,53,Normal
2026-02-14 05:36:59.900551,Tokyo-3ecd,36,54,Normal
2026-02-14 05:37:00.900551,Tokyo-3ecd,-4,52,Normal
2026-02-14 05:37:01.900551,Tokyo-3ecd,-3,10,Normal
2026-02-14 05:37:02.900551,Tokyo-3ecd,25,91,Normal
2026-02-14 05:37:03.900551,Tokyo-3ecd,-20,7,Normal
2026-02-14 05:37:04.900551,Tokyo-3ecd,1,35,Normal
2026-02-14 05:37:05.900551,Tokyo-3ecd,32,16,Normal
2026-02-14 05:37:06.900551,Tokyo-3ecd,38,6,Normal
2026-02-14 05:37:07.900551,Tokyo-3ecd,42,74,Normal
2026-02-14 05:37:08.900551,Tokyo-3ecd,-30,93,Normal
2026-02-14 05:37:09.900551,Tokyo-3ecd,33,95,Normal
2026-02-14 05:37:10.900551,Tokyo-3ecd,49,82,Normal
2026-02-14 05:37:11.900551,Tokyo-3ecd,-10,99,Normal
2026-02-14 05:37:12.900551,Tokyo-3ecd,39,94,Normal
2026-02-14 05:37:13.900551,Tokyo-3ecd,35,91,Normal
2026-02-14 05:37:14.900551,Tokyo-3ecd,-16,12,Normal
2026-02-14 05:37:15.900551,Tokyo-3ecd,2,69,Normal
2026-02-14 05:37:16.900551,Tokyo-3ecd,-16,28,Normal
2026-02-14 05:37:17.900551,Tokyo-3ecd,2,24,Normal
2026-02-14 05:37:18.900551,Tokyo-3ecd,-21,99,Normal
2026-02-14 05:37:19.900551,Tokyo-3ecd,8,29,Normal
2026-02-14 05:37:20.900551,Tokyo-3ecd,17,74,Normal
2026-02-14 05:37:21.900551,Tokyo-3ecd,1,47,Normal
2026-02-14 05:37:22.900551,Tokyo-3ecd,-24,31,Normal
2026-02-14 05:37:23.900551,Tokyo-3ecd,40,28,Normal
2026-02-14 05:37:24.900551,Tokyo-3ecd,-25,32,Normal
2026-02-14 05:37:25.900551,Tokyo-3ecd,-12,76,Normal
2026-02-14 05:37:26.900551,Tokyo-3ecd,4,23,Normal
2026-02-14 05:37:27.900551,Tokyo-3ecd,-20,55,Normal
2026-02-14 05:37:28.900551,Tokyo-3ecd,30,100,Normal
2026-02-14 05:37:29.900551,Tokyo-3ecd,-8,0,Normal
2026-02-14 05:37:30.900551,Tokyo-3ecd,-1,3,Normal
2026-02-14 05:37:31.900551,Tokyo-3ecd,3,72,Normal
2026-02-14 05:37:32.900551,Tokyo-3ecd,-7,43,Normal
2026-02-14 05:37:33.900551,Tokyo-3ecd,47,52,Normal
2026-02-14 05:37:34.900551,Tokyo-3ecd,-13,36,Normal
2026-02-14 05:37:35.900551,Tokyo-3ecd,26,53,Normal
2026-02-14 05:37:36.900551,Tokyo-3ecd,5,14,Normal
2026-02-14 05:37:37.900551,Tokyo-3ecd,-15,14,Normal
2026-02-14 05:37:38.900551,Tokyo-3ecd,-18,39,Normal
2026-02-14 05:37:39.900551,Tokyo-3ecd,12,84,Normal
2026-02-14 05:37:40.900551,Tokyo-3ecd,40,8,Normal
2026-02-14 05:37:41.900551,Tokyo-3ecd,45,18,Normal
2026-02-14 05:37:42.900551,Tokyo-3ecd,-11,95,Normal
2026-02-14 05:37:43.900551,Tokyo-3ecd,18,78,Normal
2026-02-14 05:37:44.900551,Tokyo-3ecd,39,84,Normal
2026-02-14 05:37:45.900551,Tokyo-3ecd,28,62,Normal
2026-02-14 05:37:46.900551,Tokyo-3ecd,-19,2,Normal
2026-02-14 05:37:47.900551,Tokyo-3ecd,-13,76,Normal
2026-02-14 05:37:48.900551,Tokyo-3ecd,0,90,Normal
2026-02-14 05:37:49.900551,Tokyo-3ecd,-12,93,Normal
2026-02-14 05:37:50.900551,Tokyo-3ecd,17,6,Normal
2026-02-14 05:37:51.900551,Tokyo-3ecd,21,88,Normal
2026-02-14 05:37:52.900551,Tokyo-3ecd,47,87,Normal
2026-02-14 05:37:53.900551,Tokyo-3ecd,47,25,Normal
2026-02-14 05:37:54.900551,Tokyo-3ecd,-22,94,Normal
2026-02-14 05:37:55.900551,Tokyo-3ecd,38,53,Normal
2026-02-14 05:37:56.900551,Tokyo-3ecd,-17,68,Normal
2026-02-14 05:37:57.900551,Tokyo-3ecd,-24,79,Normal
2026-02-14 05:37:58.900551,Tokyo-3ecd,19,52,Normal
2026-02-14 05:37:59.900551,Tokyo-3ecd,22,68,Normal
2026-02-14 05:38:00.900551,Tokyo-3ecd,-22,65,Normal
2026-02-14 05:38:01.900551,Tokyo-3ecd,40,40,Normal
2026-02-14 05:38:02.900551,Tokyo-3ecd,-3,81,Normal
2026-02-14 05:38:03.900551,Tokyo-3ecd,7,31,Normal
2026-02-14 05:38:04.900551,Tokyo-3ecd,-26,33,Normal
2026-02-14 05:38:05.900551,Tokyo-3ecd,23,48,Normal
2026-02-14 05:38:06.900551,Tokyo-3ecd,24,41,Normal
2026-02-14 05:38:07.900551,Tokyo-3ecd,46,91,Normal
2026-02-14 05:38:08.900551,Tokyo-3ecd,20,94,Normal
2026-02-14 05:38:09.900551,Tokyo-3ecd,-11,82,Normal
2026-02-14 05:38:10.900551,Tokyo-3ecd,14,82,Normal
2026-02-14 05:38:11.900551,Tokyo-3ecd,19,44,Normal
2026-02-14 05:38:12.900551,Tokyo-3ecd,3,3,Normal
2026-02-14 05:38:13.900551,Tokyo-3ecd,22,43,Normal
2026-02-14 05:38:14.900551,Tokyo-3ecd,26,0,Normal
2026-02-14 05:38:15.900551,Tokyo-3ecd,13,85,Normal
2026-02-14 05:38:16.900551,Tokyo-3ecd,-25,25,Normal
2026-02-14 05:38:17.900551,Tokyo-3ecd,-18,7,Normal
2026-02-14 05:38:18.900551,Tokyo-3ecd,-5,50,Normal
2026-02-14 05:38:19.900551,Tokyo-3ecd,8,68,Normal
2026-02-14 05:38:20.900551,Tokyo-3ecd,-13,31,Normal
2026-02-14 05:38:21.900551,Tokyo-3ecd,-16,84,Normal
2026-02-14 05:38:22.900551,Tokyo-3ecd,29,89,Normal
2026-02-14 05:38:23.900551,Tokyo-3ecd,24,54,Normal
2026-02-14 05:38:24.900551,Tokyo-3ecd,-22,51,Normal
2026-02-14 05:38:25.900551,Tokyo-3ecd,8,23,Normal
2026-02-14 05:38:26.900551,Tokyo-3ecd,47,70,Normal
2026-02-14 05:38:27.900551,Tokyo-3ecd,34,34,Normal
2026-02-14 05:38:28.900551,Tokyo-3ecd,23,14,Normal
2026-02-14 05:38:29.900551,Tokyo-3ecd,-29,73,Normal
2026-02-14 05:38:30.900551,Tokyo-3ecd,37,70,Normal
2026-02-14 05:38:31.900551,Tokyo-3ecd,-17,48,Normal
2026-02-14 05:38:32.900551,Tokyo-3ecd,-25,32,Normal
2026-02-14 05:38:33.900551,Tokyo-3ecd,-22,96,Normal
2026-02-14 05:38:34.900551,Tokyo-3ecd,2,81,Normal
2026-02-14 05:38:35.900551,Tokyo-3ecd,10,67,Normal
2026-02-14 05:38:36.900551,Tokyo-3ecd,29,56,Normal
2026-02-14 05:38:37.900551,Tokyo-3ecd,12,100,Normal
2026-02-14 05:38:38.900551,Tokyo-3ecd,35,15,Normal
2026-02-14 05:38:39.900551,Tokyo-3ecd,-6,28,Normal
2026-02-14 05:38:40.900551,Tokyo-3ecd,2,7,Normal
2026-02-14 05:38:41.900551,Tokyo-3ecd,6,53,Normal
2026-02-14 05:38:42.900551,Tokyo-3ecd,39,85,Normal
2026-02-14 05:38:43.900551,Tokyo-3ecd,-11,16,Normal
2026-02-14 05:38:44.900551,Tokyo-3ecd,47,85,Normal
2026-02-14 05:38:45.900551,Tokyo-3ecd,13,11,Normal
2026-02-14 05:38:46.900551,Tokyo-3ecd,8,70,Normal
2026-02-14 05:38:47.900551,Tokyo-3ecd,-23,61,Normal
2026-02-14 05:38:48.900551,Tokyo-3ecd,16,91,Normal
2026-02-14 05:38:49.900551,Tokyo-3ecd,41,45,Normal
2026-02-14 05:38:50.900551,Tokyo-3ecd,-7,61,Normal
2026-02-14 05:38:51.900551,Tokyo-3ecd,32,27,Normal
2026-02-14 05:38:52.900551,Tokyo-3ecd,32,60,Normal
2026-02-14 05:38:53.900551,Tokyo-3ecd,5,0,Normal
2026-02-14 05:38:54.900551,Tokyo-3ecd,0,47,Normal
2026-02-14 05:38:55.900551,Tokyo-3ecd,33,46,Normal
2026-02-14 05:38:56.900551,Tokyo-3ecd,9,43,Normal
2026-02-14 05:38:57.900551,Tokyo-3ecd,18,29,Normal
2026-02-14 05:38:58.900551,Tokyo-3ecd,0,94,Normal
2026-02-14 05:38:59.900551,Tokyo-3ecd,3,54,Normal
2026-02-14 05:39:00.900551,Tokyo-3ecd,-6,78,Normal
2026-02-14 05:39:01.900551,Tokyo-3ecd,-19,84,Normal
2026-02-14 05:39:02.900551,Tokyo-3ecd,-15,99,Normal
2026-02-14 05:39:03.900551,Tokyo-3ecd,25,19,Normal
2026-02-14 05:39:04.900551,Tokyo-3ecd,-1,67,Normal
2026-02-14 05:39:05.900551,Tokyo-3ecd,17,33,Normal
2026-02-14 05:39:06.900551,Tokyo-3ecd,-21,22,Normal
2026-02-14 05:39:07.900551,Tokyo-3ecd,6,67,Normal
2026-02-14 05:39:08.900551,Tokyo-3ecd,1,68,Normal
2026-02-14 05:39:09.900551,Tokyo-3ecd,8,94,Normal
2026-02-14 05:39:10.900551,Tokyo-3ecd,-21,10,Normal
2026-02-14 05:39:11.900551,Tokyo-3ecd,23,73,Normal
2026-02-14 05:39:12.900551,Tokyo-3ecd,-17,47,Normal
2026-02-14 05:39:13.900551,Tokyo-3ecd,14,62,Normal
2026-02-14 05:39:14.900551,Tokyo-3ecd,20,57,Normal
2026-02-14 05:39:15.900551,Tokyo-3ecd,5,69,Normal
2026-02-14 05:39:16.900551,Tokyo-3ecd,8,58,Normal
2026-02-14 05:39:17.900551,Tokyo-3ecd,13,12,Normal
2026-02-14 05:39:18.900551,Tokyo-3ecd,31,25,Normal
2026-02-14 05:39:19.900551,Tokyo-3ecd,38,1,Normal
2026-02-14 05:39:20.900551,Tokyo-3ecd,-17,28,Normal
2026-02-14 05:39:21.900551,Tokyo-3ecd,-26,68,Normal
2026-02-14 05:39:22.900551,Tokyo-3ecd,0,75,Normal
2026-02-14 05:39:23.900551,Tokyo-3ecd,22,87,Normal
2026-02-14 05:39:24.900551,Tokyo-3ecd,-11,32,Normal
2026-02-14 05:39:25.900551,Tokyo-3ecd,12,59,Normal
2026-02-14 05:39:26.900551,Tokyo-3ecd,48,84,Normal
2026-02-14 05:39:27.900551,Tokyo-3ecd,2,50,Normal
2026-02-14 05:39:28.900551,Tokyo-3ecd,-11,48,Normal
2026-02-14 05:39:29.900551,Tokyo-3ecd,20,9,Normal
2026-02-14 05:39:30.900551,Tokyo-3ecd,17,91,Normal
2026-02-14 05:39:31.900551,Tokyo-3ecd,44,30,Normal
2026-02-14 05:39:32.900551,Tokyo-3ecd,0,15,Normal
2026-02-14 05:39:33.900551,Tokyo-3ecd,38,61,Normal
2026-02-14 05:39:34.900551,Tokyo-3ecd,1,10,Normal
2026-02-14 05:39:35.900551,Tokyo-3ecd,7,31,Normal
2026-02-14 05:39:36.900551,Tokyo-3ecd,35,51,Normal
2026-02-14 05:39:37.900551,Tokyo-3ecd,-2,70,Normal
2026-02-14 05:39:38.900551,Tokyo-3ecd,-1,21,Normal
2026-02-14 05:39:39.900551,Tokyo-3ecd,16,18,Normal
2026-02-14 05:39:40.900551,Tokyo-3ecd,-25,52,Normal
2026-02-14 05:39:41.900551,Tokyo-3ecd,41,66,Normal
2026-02-14 05:39:42.900551,Tokyo-3ecd,24,12,Normal
2026-02-14 05:39:43.900551,Tokyo-3ecd,47,91,Normal
2026-02-14 05:39:44.900551,Tokyo-3ecd,38,77,Normal
2026-02-14 05:39:45.900551,Tokyo-3ecd,-18,49,Normal
2026-02-14 05:39:46.900551,Tokyo-3ecd,13,54,Normal
2026-02-14 05:39:47.900551,Tokyo-3ecd,-21,24,Normal
2026-02-14 05:39:48.900551,Tokyo-3ecd,10,62,Normal
2026-02-14 05:39:49.900551,Tokyo-3ecd,1,46,Normal
2026-02-14 05:39:50.900551,Tokyo-3ecd,0,82,Normal
2026-02-14 05:39:51.900551,Tokyo-3ecd,-28,75,Normal
2026-02-14 05:39:52.900551,Tokyo-3ecd,2,5,Normal
2026-02-14 05:39:53.900551,Tokyo-3ecd,-13,43,Normal
2026-02-14 05:39:54.900551,Tokyo-3ecd,-11,38,Normal
2026-02-14 05:39:55.900551,Tokyo-3ecd,-29,61,Normal
2026-02-14 05:39:56.900551,Tokyo-3ecd,6,95,Normal
2026-02-14 05:39:57.900551,Tokyo-3ecd,-5,0,Normal
2026-02-14 05:39:58.900551,Tokyo-3ecd,23,94,Normal
2026-02-14 05:39:59.900551,Tokyo-3ecd,39,28,Normal
2026-02-14 05:40:00.900551,Tokyo-3ecd,-24,66,Normal
2026-02-14 05:40:01.900551,Tokyo-3ecd,46,21,Normal
2026-02-14 05:40:02.900551,Tokyo-3ecd,26,43,Normal
2026-02-14 05:40:03.900551,Tokyo-3ecd,-20,71,Normal
2026-02-14 05:40:04.900551,Tokyo-3ecd,41,27,Normal
2026-02-14 05:40:05.900551,Tokyo-3ecd,-23,66,Normal
2026-02-14 05:40:06.900551,Tokyo-3ecd,-3,12,Normal
2026-02-14 05:40:07.900551,Tokyo-3ecd,-2,89,Normal
2026-02-14 05:40:08.900551,Tokyo-3ecd,-29,68,Normal
2026-02-14 05:40:09.900551,Tokyo-3ecd,-6,13,Normal
2026-02-14 05:40:10.900551,Tokyo-3ecd,44,94,Normal
2026-02-14 05:40:11.900551,Tokyo-3ecd,-27,5,Normal
2026-02-14 05:40:12.900551,Tokyo-3ecd,46,22,Normal
2026-02-14 05:40:13.900551,Tokyo-3ecd,26,21,Normal
2026-02-14 05:40:14.900551,Tokyo-3ecd,43,23,Normal
2026-02-14 05:40:15.900551,Tokyo-3ecd,2,56,Normal
2026-02-14 05:40:16.900551,Tokyo-3ecd,36,38,Normal
2026-02-14 05:40:17.900551,Tokyo-3ecd,31,66,Normal
2026-02-14 05:40:18.900551,Tokyo-3ecd,21,89,Normal
2026-02-14 05:40:19.900551,Tokyo-3ecd,-22,83,Normal
2026-02-14 05:40:20.900551,Tokyo-3ecd,-4,26,Normal
2026-02-14 05:40:21.900551,Tokyo-3ecd,-15,92,Normal
2026-02-14 05:40:22.900551,Tokyo-3ecd,11,1,Normal
2026-02-14 05:40:23.900551,Tokyo-3ecd,26,38,Normal
2026-02-14 05:40:24.900551,Tokyo-3ecd,14,50,Normal
2026-02-14 05:40:25.900551,Tokyo-3ecd,-12,20,Normal
2026-02-14 05:40:26.900551,Tokyo-3ecd,-5,94,Normal
2026-02-14 05:40:27.900551,Tokyo-3ecd,45,82,Normal
2026-02-14 05:40:28.900551,Tokyo-3ecd,37,34,Normal
2026-02-14 05:40:29.900551,Tokyo-3ecd,33,17,Normal
2026-02-14 05:40:30.900551,Tokyo-3ecd,-25,6,Normal
2026-02-14 05:40:31.900551,Tokyo-3ecd,18,54,Normal
2026-02-14 05:40:32.900551,Tokyo-3ecd,-1,64,Normal
2026-02-14 05:40:33.900551,Tokyo-3ecd,1,7,Normal
2026-02-14 05:40:34.900551,Tokyo-3ecd,-27,40,Normal
2026-02-14 05:40:35.900551,Tokyo-3ecd,18,9,Normal
2026-02-14 05:40:36.900551,Tokyo-3ecd,24,92,Normal
2026-02-14 05:40:37.900551,Tokyo-3ecd,24,52,Normal
2026-02-14 05:40:38.900551,Tokyo-3ecd,12,45,Normal
2026-02-14 05:40:39.900551,Tokyo-3ecd,46,54,Normal
2026-02-14 05:40:40.900551,Tokyo-3ecd,36,7,Normal
2026-02-14 05:40:41.900551,Tokyo-3ecd,40,26,Normal
2026-02-14 05:40:42.900551,Tokyo-3ecd,38,30,Normal
2026-02-14 05:40:43.900551,Tokyo-3ecd,22,68,Normal
2026-02-14 05:40:44.900551,Tokyo-3ecd,22,91,Normal
2026-02-14 05:40:45.900551,Tokyo-3ecd,16,6,Normal
2026-02-14 05:40:46.900551,Tokyo-3ecd,22,54,Normal
2026-02-14 05:40:47.900551,Tokyo-3ecd,-2,1,Normal
2026-02-14 05:40:48.900551,Tokyo-3ecd,33,14,Normal
2026-02-14 05:40:49.900551,Tokyo-3ecd,3,36,Normal
2026-02-14 05:40:50.900551,Tokyo-3ecd,1,68,Normal
2026-02-14 05:40:51.900551,Tokyo-3ecd,-2,53,Normal
2026-02-14 05:40:52.900551,Tokyo-3ecd,-17,97,Normal
2026-02-14 05:40:53.900551,Tokyo-3ecd,-24,49,Normal
2026-02-14 05:40:54.900551,Tokyo-3ecd,30,51,Normal
2026-02-14 05:40:55.900551,Tokyo-3ecd,-19,73,Normal
2026-02-14 05:40:56.900551,Tokyo-3ecd,16,26,Normal
2026-02-14 05:40:57.900551,Tokyo-3ecd,-23,73,Normal
2026-02-14 05:40:58.900551,Tokyo-3ecd,30,51,Normal
2026-02-14 05:40:59.900551,Tokyo-3ecd,-28,90,Normal
2026-02-14 05:41:00.900551,Tokyo-3ecd,-17,19,Normal
2026-02-14 05:41:01.900551,Tokyo-3ecd,5,12,Normal
2026-02-14 05:41:02.900551,Tokyo-3ecd,29,31,Normal
2026-02-14 05:41:03.900551,Tokyo-3ecd,46,86,Normal
2026-02-14 05:41:04.900551,Tokyo-3ecd,29,66,Normal
2026-02-14 05:41:05.900551,Tokyo-3ecd,-14,23,Normal
2026-02-14 05:41:06.900551,Tokyo-3ecd,-6,0,Normal
2026-02-14 05:41:07.900551,Tokyo-3ecd,-25,28,Normal
2026-02-14 05:41:08.900551,Tokyo-3ecd,1,62,Normal
2026-02-14 05:41:09.900551,Tokyo-3ecd,-3,89,Normal
2026-02-14 05:41:10.900551,Tokyo-3ecd,17,71,Normal
2026-02-14 05:41:11.900551,Tokyo-3ecd,-12,26,Normal
2026-02-14 05:41:12.900551,Tokyo-3ecd,27,47,Normal
2026-02-14 05:41:13.900551,Tokyo-3ecd,27,98,Normal
2026-02-14 05:41:14.900551,Tokyo-3ecd,-29,60,Normal
2026-02-14 05:41:15.900551,Tokyo-3ecd,-5,69,Normal
2026-02-14 05:41:16.900551,Tokyo-3ecd,-18,18,Normal
2026-02-14 05:41:17.900551,Tokyo-3ecd,23,85,Normal
2026-02-14 05:41:18.900551,Tokyo-3ecd,-5,62,Normal
2026-02-14 05:41:19.900551,Tokyo-3ecd,-23,73,Normal
2026-02-14 05:41:20.900551,Tokyo-3ecd,-10,89,Normal
2026-02-14 05:41:21.900551,Tokyo-3ecd,-5,77,Normal
2026-02-14 05:41:22.900551,Tokyo-3ecd,-14,76,Normal
2026-02-14 05:41:23.900551,Tokyo-3ecd,23,61,Normal
2026-02-14 05:41:24.900551,Tokyo-3ecd,13,85,Normal
2026-02-14 05:41:25.900551,Tokyo-3ecd,-26,80,Normal
2026-02-14 05:41:26.900551,Tokyo-3ecd,24,28,Normal
2026-02-14 05:41:27.900551,Tokyo-3ecd,-25,41,Normal
2026-02-14 05:41:28.900551,Tokyo-3ecd,-17,10,Normal
2026-02-14 05:41:29.900551,Tokyo-3ecd,43,93,Normal
2026-02-14 05:41:30.900551,Tokyo-3ecd,50,94,Normal
2026-02-14 05:41:31.900551,Tokyo-3ecd,41,41,Normal
2026-02-14 05:41:32.900551,Tokyo-3ecd,-16,33,Normal
2026-02-14 05:41:33.900551,Tokyo-3ecd,-21,29,Normal
2026-02-14 05:41:34.900551,Tokyo-3ecd,-5,59,Normal
2026-02-14 05:41:35.900551,Tokyo-3ecd,-9,30,Normal
2026-02-14 05:41:36.900551,Tokyo-3ecd,23,8,Normal
2026-02-14 05:41:37.900551,Tokyo-3ecd,17,48,Normal
2026-02-14 05:41:38.900551,Tokyo-3ecd,20,18,Normal
2026-02-14 05:41:39.900551,Tokyo-3ecd,-24,3,Normal
2026-02-14 05:41:40.900551,Tokyo-3ecd,40,76,Normal
2026-02-14 05:41:41.900551,Tokyo-3ecd,46,14,Normal
