timestamp,station_id,temp,humid,condition
2026-02-14 21:51:25.590006,NewYork-a3b3,5,48,Normal
2026-02-14 21:51:26.590006,NewYork-a3b3,-18,38,Normal
2026-02-14 21:51:27.590006,NewYork-a3b3,-29,19,Normal
2026-02-14 21:51:28.590006,NewYork-a3b3,8,75,Normal
2026-02-14 21:51:29.590006,NewYork-a3b3,13,64,Normal
2026-02-14 21:51:30.590006,NewYork-a3b3,7,90,Normal
2026-02-14 21:51:31.590006,NewYork-a3b3,-1,74,Normal
2026-02-14 21:51:32.590006,NewYork-a3b3,21,92,Normal
2026-02-14 21:51:33.590006,NewYork-a3b3,-28,34,Normal
2026-02-14 21:51:34.590006,NewYork-a3b3,-30,70,Normal
2026-02-14 21:51:35.590006,NewYork-a3b3,5,67,Normal
2026-02-14 21:51:36.590006,NewYork-a3b3,31,59,Normal
2026-02-14 21:51:37.590006,NewYork-a3b3,21,39,Normal
2026-02-14 21:51:38.590006,NewYork-a3b3,36,30,Normal
2026-02-14 21:51:39.590006,NewYork-a3b3,38,89,Normal
2026-02-14 21:51:40.590006,NewYork-a3b3,-3,93,Normal
2026-02-14 21:51:41.590006,NewYork-a3b3,-27,1,Normal
2026-02-14 21:51:42.590006,NewYork-a3b3,23,80,Normal
2026-02-14 21:51:43.590006,NewYork-a3b3,-30,4,Normal
2026-02-14 21:51:44.590006,NewYork-a3b3,-8,73,Normal
2026-02-14 21:51:45.590006,NewYork-a3b3,47,7,Normal
2026-02-14 21:51:46.590006,NewYork-a3b3,-8,99,Normal
2026-02-14 21:51:47.590006,NewYork-a3b3,3,66,Normal
2026-02-14 21:51:48.590006,NewYork-a3b3,21,30,Normal
2026-02-14 21:51:49.590006,NewYork-a3b3,-22,38,Normal
2026-02-14 21:51:50.590006,NewYork-a3b3,31,73,Normal
2026-02-14 21:51:51.590006,NewYork-a3b3,9,91,Normal
2026-02-14 21:51:52.590006,NewYork-a3b3,-1,45,Normal
2026-02-14 21:51:53.590006,NewYork-a3b3,16,97,Normal
2026-02-14 21:51:54.590006,NewYork-a3b3,45,63,Normal
2026-02-14 21:51:55.590006,NewYork-a3b3,20,34,Normal
2026-02-14 21:51:56.590006,NewYork-a3b3,7,42,Normal
2026-02-14 21:51:57.590006,NewYork-a3b3,23,89,Normal
2026-02-14 21:51:58.590006,NewYork-a3b3,11,6,Normal
2026-02-14 21:51:59.590006,NewYork-a3b3,-5,65,Normal
2026-02-14 21:52:00.590006,NewYork-a3b3,42,13,Normal
2026-02-14 21:52:01.590006,NewYork-a3b3,29,70,Normal
2026-02-14 21:52:02.590006,NewYork-a3b3,11,75,Normal
2026-02-14 21:52:03.590006,NewYork-a3b3,22,57,Normal
2026-02-14 21:52:04.590006,NewYork-a3b3,-28,81,Normal
2026-02-14 21:52:05.590006,NewYork-a3b3,47,99,Normal
2026-02-14 21:52:06.590006,NewYork-a3b3,-3,100,Normal
2026-02-14 21:52:07.590006,NewYork-a3b3,-10,75,Normal
2026-02-14 21:52:08.590006,NewYork-a3b3,30,61,Normal
2026-02-14 21:52:09.590006,NewYork-a3b3,-9,12,Normal
2026-02-14 21:52:10.590006,NewYork-a3b3,13,41,Normal
2026-02-14 21:52:11.590006,NewYork-a3b3,6,100,Normal
2026-02-14 21:52:12.590006,NewYork-a3b3,19,20,Normal
2026-02-14 21:52:13.590006,NewYork-a3b3,-10,3,Normal
2026-02-14 21:52:14.590006,NewYork-a3b3,48,3,Normal
2026-02-14 21:52:15.590006,NewYork-a3b3,-28,45,Normal
2026-02-14 21:52:16.590006,NewYork-a3b3,20,72,Normal
2026-02-14 21:52:17.590006,NewYork-a3b3,4,51,Normal
2026-02-14 21:52:18.590006,NewYork-a3b3,-15,26,Normal
2026-02-14 21:52:19.590006,NewYork-a3b3,49,80,Normal
2026-02-14 21:52:20.590006,NewYork-a3b3,-28,19,Normal
2026-02-14 21:52:21.590006,NewYork-a3b3,-21,17,Normal
2026-02-14 21:52:22.590006,NewYork-a3b3,18,35,Normal
2026-02-14 21:52:23.590006,NewYork-a3b3,15,85,Normal
2026-02-14 21:52:24.590006,NewYork-a3b3,-4,35,Normal
2026-02-14 21:52:25.590006,NewYork-a3b3,41,33,Normal
2026-02-14 21:52:26.590006,NewYork-a3b3,-1,100,Normal
2026-02-14 21:52:27.590006,NewYork-a3b3,-20,72,Normal
2026-02-14 21:52:28.590006,NewYork-a3b3,6,86,Normal
2026-02-14 21:52:29.590006,NewYork-a3b3,47,66,Normal
2026-02-14 21:52:30.590006,NewYork-a3b3,-3,23,Normal
2026-02-14 21:52:31.590006,NewYork-a3b3,30,23,Normal
2026-02-14 21:52:32.590006,NewYork-a3b3,-4,92,Normal
2026-02-14 21:52:33.590006,NewYork-a3b3,11,77,Normal
2026-02-14 21:52:34.590006,NewYork-a3b3,18,33,Normal
2026-02-14 21:52:35.590006,NewYork-a3b3,3,12,Normal
2026-02-14 21:52:36.590006,NewYork-a3b3,8,86,Normal
2026-02-14 21:52:37.590006,NewYork-a3b3,-27,39,Normal
2026-02-14 21:52:38.590006,NewYork-a3b3,-15,31,Normal
2026-02-14 21:52:39.590006,NewYork-a3b3,-16,79,Normal
2026-02-14 21:52:40.590006,NewYork-a3b3,-6,87,Normal
2026-02-14 21:52:41.590006,NewYork-a3b3,-29,4,Normal
2026-02-14 21:52:42.590006,NewYork-a3b3,15,52,Normal
2026-02-14 21:52:43.590006,NewYork-a3b3,17,16,Normal
2026-02-14 21:52:44.590006,NewYork-a3b3,1,16,Normal
2026-02-14 21:52:45.590006,NewYork-a3b3,-21,39,Normal
2026-02-14 21:52:46.590006,NewYork-a3b3,-28,11,Normal
2026-02-14 21:52:47.590006,NewYork-a3b3,24,22,Normal
2026-02-14 21:52:48.590006,NewYork-a3b3,50,77,Normal
2026-02-14 21:52:49.590006,NewYork-a3b3,-13,73,Normal
2026-02-14 21:52:50.590006,NewYork-a3b3,14,65,Normal
2026-02-14 21:52:51.590006,NewYork-a3b3,16,64,Normal
2026-02-14 21:52:52.590006,NewYork-a3b3,-16,33,Normal
2026-02-14 21:52:53.590006,NewYork-a3b3,-5,52,Normal
2026-02-14 21:52:54.590006,NewYork-a3b3,33,79,Normal
2026-02-14 21:52:55.590006,NewYork-a3b3,4,50,Normal
2026-02-14 21:52:56.590006,NewYork-a3b3,-30,5,Normal
2026-02-14 21:52:57.590006,NewYork-a3b3,49,41,Normal
2026-02-14 21:52:58.590006,NewYork-a3b3,16,34,Normal
2026-02-14 21:52:59.590006,NewYork-a3b3,16,97,Normal
2026-02-14 21:53:00.590006,NewYork-a3b3,-28,1,Normal
2026-02-14 21:53:01.590006,NewYork-a3b3,7,87,Normal
2026-02-14 21:53:02.590006,NewYork-a3b3,-21,77,Normal
2026-02-14 21:53:03.590006,NewYork-a3b3,2,63,Normal
2026-02-14 21:53:04.590006,NewYork-a3b3,40,66,Normal
2026-02-14 21:53:05.590006,NewYork-a3b3,-9,12,Normal
2026-02-14 21:53:06.590006,NewYork-a3b3,36,69,Normal
2026-02-14 21:53:07.590006,NewYork-a3b3,49,100,Normal
2026-02-14 21:53:08.590006,NewYork-a3b3,17,22,Normal
2026-02-14 21:53:09.590006,NewYork-a3b3,22,78,Normal
2026-02-14 21:53:10.590006,NewYork-a3b3,24,66,Normal
2026-02-14 21:53:11.590006,NewYork-a3b3,20,78,Normal
2026-02-14 21:53:12.590006,NewYork-a3b3,39,1,Normal
2026-02-14 21:53:13.590006,NewYork-a3b3,37,22,Normal
2026-02-14 21:53:14.590006,NewYork-a3b3,23,92,Normal
2026-02-14 21:53:15.590006,NewYork-a3b3,49,17,Normal
2026-02-14 21:53:16.590006,NewYork-a3b3,30,84,Normal
2026-02-14 21:53:17.590006,NewYork-a3b3,28,73,Normal
2026-02-14 21:53:18.590006,NewYork-a3b3,2,2,Normal
2026-02-14 21:53:19.590006,NewYork-a3b3,-30,67,Normal
2026-02-14 21:53:20.590006,NewYork-a3b3,-4,33,Normal
2026-02-14 21:53:21.590006,NewYork-a3b3,30,60,Normal
2026-02-14 21:53:22.590006,NewYork-a3b3,46,55,Normal
2026-02-14 21:53:23.590006,NewYork-a3b3,23,22,Normal
2026-02-14 21:53:24.590006,NewYork-a3b3,7,80,Normal
2026-02-14 21:53:25.590006,NewYork-a3b3,-17,89,Normal
2026-02-14 21:53:26.590006,NewYork-a3b3,-29,34,Normal
2026-02-14 21:53:27.590006,NewYork-a3b3,23,86,Normal
2026-02-14 21:53:28.590006,NewYork-a3b3,-5,36,Normal
2026-02-14 21:53:29.590006,NewYork-a3b3,-8,79,Normal
2026-02-14 21:53:30.590006,NewYork-a3b3,32,75,Normal
2026-02-14 21:53:31.590006,NewYork-a3b3,-8,40,Normal
2026-02-14 21:53:32.590006,NewYork-a3b3,-25,26,Normal
2026-02-14 21:53:33.590006,NewYork-a3b3,-15,66,Normal
2026-02-14 21:53:34.590006,NewYork-a3b3,6,48,Normal
2026-02-14 21:53:35.590006,NewYork-a3b3,-6,20,Normal
2026-02-14 21:53:36.590006,NewYork-a3b3,-16,91,Normal
2026-02-14 21:53:37.590006,NewYork-a3b3,0,83,Normal
2026-02-14 21:53:38.590006,NewYork-a3b3,19,30,Normal
2026-02-14 21:53:39.590006,NewYork-a3b3,41,97,Normal
2026-02-14 21:53:40.590006,NewYork-a3b3,4,99,Normal
2026-02-14 21:53:41.590006,NewYork-a3b3,43,7,Normal
2026-02-14 21:53:42.590006,NewYork-a3b3,10,25,Normal
2026-02-14 21:53:43.590006,NewYork-a3b3,8,100,Normal
2026-02-14 21:53:44.590006,NewYork-a3b3,48,2,Normal
2026-02-14 21:53:45.590006,NewYork-a3b3,-24,57,Normal
2026-02-14 21:53:46.590006,NewYork-a3b3,36,66,Normal
2026-02-14 21:53:47.590006,NewYork-a3b3,40,97,Normal
2026-02-14 21:53:48.590006,NewYork-a3b3,43,91,Normal
2026-02-14 21:53:49.590006,NewYork-a3b3,3,57,Normal
2026-02-14 21:53:50.590006,NewYork-a3b3,-23,67,Normal
2026-02-14 21:53:51.590006,NewYork-a3b3,22,5,Normal
2026-02-14 21:53:52.590006,NewYork-a3b3,-13,96,Normal
2026-02-14 21:53:53.590006,NewYork-a3b3,20,92,Normal
2026-02-14 21:53:54.590006,NewYork-a3b3,49,36,Normal
2026-02-14 21:53:55.590006,NewYork-a3b3,38,38,Normal
2026-02-14 21:53:56.590006,NewYork-a3b3,16,30,Normal
2026-02-14 21:53:57.590006,NewYork-a3b3,20,69,Normal
2026-02-14 21:53:58.590006,NewYork-a3b3,49,64,Normal
2026-02-14 21:53:59.590006,NewYork-a3b3,13,71,Normal
2026-02-14 21:54:00.590006,NewYork-a3b3,46,97,Normal
2026-02-14 21:54:01.590006,NewYork-a3b3,7,77,Normal
2026-02-14 21:54:02.590006,NewYork-a3b3,16,76,Normal
2026-02-14 21:54:03.590006,NewYork-a3b3,30,13,Normal
2026-02-14 21:54:04.590006,NewYork-a3b3,-12,40,Normal
2026-02-14 21:54:05.590006,NewYork-a3b3,-7,35,Normal
2026-02-14 21:54:06.590006,NewYork-a3b3,27,30,Normal
2026-02-14 21:54:07.590006,NewYork-a3b3,39,93,Normal
2026-02-14 21:54:08.590006,NewYork-a3b3,41,0,Normal
2026-02-14 21:54:09.590006,NewYork-a3b3,-7,35,Normal
2026-02-14 21:54:10.590006,NewYork-a3b3,-26,40,Normal
2026-02-14 21:54:11.590006,NewYork-a3b3,-17,38,Normal
2026-02-14 21:54:12.590006,NewYork-a3b3,-11,53,Normal
2026-02-14 21:54:13.590006,NewYork-a3b3,-2,32,Normal
2026-02-14 21:54:14.590006,NewYork-a3b3,-7,57,Normal
2026-02-14 21:54:15.590006,NewYork-a3b3,-21,9,Normal
2026-02-14 21:54:16.590006,NewYork-a3b3,7,79,Normal
2026-02-14 21:54:17.590006,NewYork-a3b3,-4,39,Normal
2026-02-14 21:54:18.590006,NewYork-a3b3,35,68,Normal
2026-02-14 21:54:19.590006,NewYork-a3b3,41,73,Normal
2026-02-14 21:54:20.590006,NewYork-a3b3,-19,32,Normal
2026-02-14 21:54:21.590006,NewYork-a3b3,-2,38,Normal
2026-02-14 21:54:22.590006,NewYork-a3b3,37,75,Normal
2026-02-14 21:54:23.590006,NewYork-a3b3,39,12,Normal
2026-02-14 21:54:24.590006,NewYork-a3b3,5,67,Normal
2026-02-14 21:54:25.590006,NewYork-a3b3,-7,3,Normal
2026-02-14 21:54:26.590006,NewYork-a3b3,-16,67,Normal
2026-02-14 21:54:27.590006,NewYork-a3b3,21,99,Normal
2026-02-14 21:54:28.590006,NewYork-a3b3,25,20,Normal
2026-02-14 21:54:29.590006,NewYork-a3b3,4,100,Normal
2026-02-14 21:54:30.590006,NewYork-a3b3,27,87,Normal
2026-02-14 21:54:31.590006,NewYork-a3b3,34,4,Normal
2026-02-14 21:54:32.590006,NewYork-a3b3,43,96,Normal
2026-02-14 21:54:33.590006,NewYork-a3b3,40,76,Normal
2026-02-14 21:54:34.590006,NewYork-a3b3,24,71,Normal
2026-02-14 21:54:35.590006,NewYork-a3b3,-17,27,Normal
2026-02-14 21:54:36.590006,NewYork-a3b3,34,38,Normal
2026-02-14 21:54:37.590006,NewYork-a3b3,43,54,Normal
2026-02-14 21:54:38.590006,NewYork-a3b3,49,49,Normal
2026-02-14 21:54:39.590006,NewYork-a3b3,-25,68,Normal
2026-02-14 21:54:40.590006,NewYork-a3b3,23,83,Normal
2026-02-14 21:54:41.590006,NewYork-a3b3,-16,10,Normal
2026-02-14 21:54:42.590006,NewYork-a3b3,37,24,Normal
2026-02-14 21:54:43.590006,NewYork-a3b3,17,92,Normal
2026-02-14 21:54:44.590006,NewYork-a3b3,-24,34,Normal
2026-02-14 21:54:45.590006,NewYork-a3b3,45,0,Normal
2026-02-14 21:54:46.590006,NewYork-a3b3,-28,55,Normal
2026-02-14 21:54:47.590006,NewYork-a3b3,-21,14,Normal
2026-02-14 21:54:48.590006,NewYork-a3b3,9,3,Normal
2026-02-14 21:54:49.590006,NewYork-a3b3,48,67,Normal
2026-02-14 21:54:50.590006,NewYork-a3b3,35,60,Normal
2026-02-14 21:54:51.590006,NewYork-a3b3,-16,87,Normal
2026-02-14 21:54:52.590006,NewYork-a3b3,42,84,Normal
2026-02-14 21:54:53.590006,NewYork-a3b3,49,13,Normal
2026-02-14 21:54:54.590006,NewYork-a3b3,-12,28,Normal
2026-02-14 21:54:55.590006,NewYork-a3b3,41,7,Normal
2026-02-14 21:54:56.590006,NewYork-a3b3,45,77,Normal
2026-02-14 21:54:57.590006,NewYork-a3b3,21,41,Normal
2026-02-14 21:54:58.590006,NewYork-a3b3,3,82,Normal
2026-02-14 21:54:59.590006,NewYork-a3b3,2,72,Normal
2026-02-14 21:55:00.590006,NewYork-a3b3,19,23,Normal
2026-02-14 21:55:01.590006,NewYork-a3b3,-19,47,Normal
2026-02-14 21:55:02.590006,NewYork-a3b3,-1,32,Normal
2026-02-14 21:55:03.590006,NewYork-a3b3,-2,41,Normal
2026-02-14 21:55:04.590006,NewYork-a3b3,-19,66,Normal
2026-02-14 21:55:05.590006,NewYork-a3b3,48,43,Normal
2026-02-14 21:55:06.590006,NewYork-a3b3,21,64,Normal
2026-02-14 21:55:07.590006,NewYork-a3b3,19,94,Normal
2026-02-14 21:55:08.590006,NewYork-a3b3,2,28,Normal
2026-02-14 21:55:09.590006,NewYork-a3b3,50,32,Normal
2026-02-14 21:55:10.590006,NewYork-a3b3,40,74,Normal
2026-02-14 21:55:11.590006,NewYork-a3b3,27,36,Normal
2026-02-14 21:55:12.590006,NewYork-a3b3,12,93,Normal
2026-02-14 21:55:13.590006,NewYork-a3b3,0,45,Normal
2026-02-14 21:55:14.590006,NewYork-a3b3,4,69,Normal
2026-02-14 21:55:15.590006,NewYork-a3b3,20,33,Normal
2026-02-14 21:55:16.590006,NewYork-a3b3,-26,34,Normal
2026-02-14 21:55:17.590006,NewYork-a3b3,-25,34,Normal
2026-02-14 21:55:18.590006,NewYork-a3b3,46,47,Normal
2026-02-14 21:55:19.590006,NewYork-a3b3,42,41,Normal
2026-02-14 21:55:20.590006,NewYork-a3b3,50,82,Normal
2026-02-14 21:55:21.590006,NewYork-a3b3,-6,57,Normal
2026-02-14 21:55:22.590006,NewYork-a3b3,-14,99,Normal
2026-02-14 21:55:23.590006,NewYork-a3b3,-7,93,Normal
2026-02-14 21:55:24.590006,NewYork-a3b3,-16,54,Normal
2026-02-14 21:55:25.590006,NewYork-a3b3,48,83,Normal
2026-02-14 21:55:26.590006,NewYork-a3b3,36,50,Normal
2026-02-14 21:55:27.590006,NewYork-a3b3,32,71,Normal
2026-02-14 21:55:28.590006,NewYork-a3b3,1,17,Normal
2026-02-14 21:55:29.590006,NewYork-a3b3,-3,47,Normal
2026-02-14 21:55:30.590006,NewYork-a3b3,-4,52,Normal
2026-02-14 21:55:31.590006,NewYork-a3b3,33,81,Normal
2026-02-14 21:55:32.590006,NewYork-a3b3,15,68,Normal
2026-02-14 21:55:33.590006,NewYork-a3b3,-21,4,Normal
2026-02-14 21:55:34.590006,NewYork-a3b3,12,2,Normal
2026-02-14 21:55:35.590006,NewYork-a3b3,-24,65,Normal
2026-02-14 21:55:36.590006,NewYork-a3b3,46,39,Normal
2026-02-14 21:55:37.590006,NewYork-a3b3,6,23,Normal
2026-02-14 21:55:38.590006,NewYork-a3b3,31,35,Normal
2026-02-14 21:55:39.590006,NewYork-a3b3,-23,6,Normal
2026-02-14 21:55:40.590006,NewYork-a3b3,19,36,Normal
2026-02-14 21:55:41.590006,NewYork-a3b3,-3,80,Normal
2026-02-14 21:55:42.590006,NewYork-a3b3,-13,1,Normal
2026-02-14 21:55:43.590006,NewYork-a3b3,-15,87,Normal
2026-02-14 21:55:44.590006,NewYork-a3b3,7,8,Normal
2026-02-14 21:55:45.590006,NewYork-a3b3,8,29,Normal
2026-02-14 21:55:46.590006,NewYork-a3b3,-21,93,Normal
2026-02-14 21:55:47.590006,NewYork-a3b3,2,79,Normal
2026-02-14 21:55:48.590006,NewYork-a3b3,-20,84,Normal
2026-02-14 21:55:49.590006,NewYork-a3b3,28,1,Normal
2026-02-14 21:55:50.590006,NewYork-a3b3,5,55,Normal
2026-02-14 21:55:51.590006,NewYork-a3b3,-13,27,Normal
2026-02-14 21:55:52.590006,NewYork-a3b3,-6,80,Normal
2026-02-14 21:55:53.590006,NewYork-a3b3,8,100,Normal
2026-02-14 21:55:54.590006,NewYork-a3b3,50,64,Normal
2026-02-14 21:55:55.590006,NewYork-a3b3,18,22,Normal
2026-02-14 21:55:56.590006,NewYork-a3b3,-21,7,Normal
2026-02-14 21:55:57.590006,NewYork-a3b3,39,97,Normal
2026-02-14 21:55:58.590006,NewYork-a3b3,43,84,Normal
2026-02-14 21:55:59.590006,NewYork-a3b3,-20,0,Normal
2026-02-14 21:56:00.590006,NewYork-a3b3,1,40,Normal
2026-02-14 21:56:01.590006,NewYork-a3b3,44,46,Normal
2026-02-14 21:56:02.590006,NewYork-a3b3,36,2,Normal
2026-02-14 21:56:03.590006,NewYork-a3b3,38,98,Normal
2026-02-14 21:56:04.590006,NewYork-a3b3,18,64,Normal
2026-02-14 21:56:05.590006,NewYork-a3b3,14,53,Normal
2026-02-14 21:56:06.590006,NewYork-a3b3,-25,81,Normal
2026-02-14 21:56:07.590006,NewYork-a3b3,-20,70,Normal
2026-02-14 21:56:08.590006,NewYork-a3b3,-27,46,Normal
2026-02-14 21:56:09.590006,NewYork-a3b3,-25,12,Normal
2026-02-14 21:56:10.590006,NewYork-a3b3,-24,63,Normal
2026-02-14 21:56:11.590006,NewYork-a3b3,-30,53,Normal
2026-02-14 21:56:12.590006,NewYork-a3b3,23,55,Normal
2026-02-14 21:56:13.590006,NewYork-a3b3,30,38,Normal
2026-02-14 21:56:14.590006,NewYork-a3b3,40,20,Normal
2026-02-14 21:56:15.590006,NewYork-a3b3,-30,68,Normal
2026-02-14 21:56:16.590006,NewYork-a3b3,34,75,Normal
2026-02-14 21:56:17.590006,NewYork-a3b3,-18,79,Normal
2026-02-14 21:56:18.590006,NewYork-a3b3,45,26,Normal
2026-02-14 21:56:19.590006,NewYork-a3b3,-25,7,Normal
2026-02-14 21:56:20.590006,NewYork-a3b3,-17,25,Normal
2026-02-14 21:56:21.590006,NewYork-a3b3,47,70,Normal
2026-02-14 21:56:22.590006,NewYork-a3b3,36,55,Normal
2026-02-14 21:56:23.590006,NewYork-a3b3,-23,92,Normal
2026-02-14 21:56:24.590006,NewYork-a3b3,49,16,Normal
2026-02-14 21:56:25.590006,NewYork-a3b3,43,38,Normal
2026-02-14 21:56:26.590006,NewYork-a3b3,-14,76,Normal
2026-02-14 21:56:27.590006,NewYork-a3b3,-13,82,Normal
2026-02-14 21:56:28.590006,NewYork-a3b3,24,81,Normal
2026-02-14 21:56:29.590006,NewYork-a3b3,46,30,Normal
2026-02-14 21:56:30.590006,NewYork-a3b3,40,63,Normal
2026-02-14 21:56:31.590006,NewYork-a3b3,17,45,Normal
2026-02-14 21:56:32.590006,NewYork-a3b3,-22,92,Normal
2026-02-14 21:56:33.590006,NewYork-a3b3,40,94,Normal
2026-02-14 21:56:34.590006,NewYork-a3b3,-9,9,Normal
2026-02-14 21:56:35.590006,NewYork-a3b3,33,21,Normal
2026-02-14 21:56:36.590006,NewYork-a3b3,-2,23,Normal
2026-02-14 21:56:37.590006,NewYork-a3b3,-15,20,Normal
2026-02-14 21:56:38.590006,NewYork-a3b3,21,48,Normal
2026-02-14 21:56:39.590006,NewYork-a3b3,-30,64,Normal
2026-02-14 21:56:40.590006,NewYork-a3b3,-10,24,Normal
2026-02-14 21:56:41.590006,NewYork-a3b3,-26,54,Normal
2026-02-14 21:56:42.590006,NewYork-a3b3,38,74,Normal
2026-02-14 21:56:43.590006,NewYork-a3b3,49,20,Normal
2026-02-14 21:56:44.590006,NewYork-a3b3,2,45,Normal
2026-02-14 21:56:45.590006,NewYork-a3b3,24,97,Normal
2026-02-14 21:56:46.590006,NewYork-a3b3,45,15,Normal
2026-02-14 21:56:47.590006,NewYork-a3b3,29,54,Normal
2026-02-14 21:56:48.590006,NewYork-a3b3,-22,53,Normal
2026-02-14 21:56:49.590006,NewYork-a3b3,30,24,Normal
2026-02-14 21:56:50.590006,NewYork-a3b3,34,47,Normal
2026-02-14 21:56:51.590006,NewYork-a3b3,-5,86,Normal
2026-02-14 21:56:52.590006,NewYork-a3b3,47,7,Normal
2026-02-14 21:56:53.590006,NewYork-a3b3,11,28,Normal
2026-02-14 21:56:54.590006,NewYork-a3b3,-20,100,Normal
2026-02-14 21:56:55.590006,NewYork-a3b3,-9,51,Normal
2026-02-14 21:56:56.590006,NewYork-a3b3,22,6,Normal
2026-02-14 21:56:57.590006,NewYork-a3b3,33,78,Normal
2026-02-14 21:56:58.590006,NewYork-a3b3,35,46,Normal
2026-02-14 21:56:59.590006,NewYork-a3b3,10,56,Normal
2026-02-14 21:57:00.590006,NewYork-a3b3,5,49,Normal
2026-02-14 21:57:01.590006,NewYork-a3b3,28,39,Normal
2026-02-14 21:57:02.590006,NewYork-a3b3,13,65,Normal
2026-02-14 21:57:03.590006,NewYork-a3b3,-18,61,Normal
2026-02-14 21:57:04.590006,NewYork-a3b3,-3,63,Normal
2026-02-14 21:57:05.590006,NewYork-a3b3,-17,92,Normal
2026-02-14 21:57:06.590006,NewYork-a3b3,9,61,Normal
2026-02-14 21:57:07.590006,NewYork-a3b3,-5,54,Normal
2026-02-14 21:57:08.590006,NewYork-a3b3,37,83,Normal
2026-02-14 21:57:09.590006,NewYork-a3b3,5,90,Normal
2026-02-14 21:57:10.590006,NewYork-a3b3,-24,17,Normal
2026-02-14 21:57:11.590006,NewYork-a3b3,13,52,Normal
2026-02-14 21:57:12.590006,NewYork-a3b3,-26,70,Normal
2026-02-14 21:57:13.590006,NewYork-a3b3,33,19,Normal
2026-02-14 21:57:14.590006,NewYork-a3b3,14,51,Normal
2026-02-14 21:57:15.590006,NewYork-a3b3,39,45,Normal
2026-02-14 21:57:16.590006,NewYork-a3b3,-29,19,Normal
2026-02-14 21:57:17.590006,NewYork-a3b3,-26,40,Normal
2026-02-14 21:57:18.590006,NewYork-a3b3,29,84,Normal
2026-02-14 21:57:19.590006,NewYork-a3b3,24,36,Normal
2026-02-14 21:57:20.590006,NewYork-a3b3,21,4,Normal
2026-02-14 21:57:21.590006,NewYork-a3b3,-5,70,Normal
2026-02-14 21:57:22.590006,NewYork-a3b3,33,10,Normal
2026-02-14 21:57:23.590006,NewYork-a3b3,-25,6,Normal
2026-02-14 21:57:24.590006,NewYork-a3b3,19,26,Normal
2026-02-14 21:57:25.590006,NewYork-a3b3,7,90,Normal
2026-02-14 21:57:26.590006,NewYork-a3b3,-11,33,Normal
2026-02-14 21:57:27.590006,NewYork-a3b3,1,34,Normal
2026-02-14 21:57:28.590006,NewYork-a3b3,44,70,Normal
2026-02-14 21:57:29.590006,NewYork-a3b3,24,3,Normal
2026-02-14 21:57:30.590006,NewYork-a3b3,40,50,Normal
2026-02-14 21:57:31.590006,NewYork-a3b3,37,84,Normal
2026-02-14 21:57:32.590006,NewYork-a3b3,-25,92,Normal
2026-02-14 21:57:33.590006,NewYork-a3b3,-22,91,Normal
2026-02-14 21:57:34.590006,NewYork-a3b3,47,29,Normal
2026-02-14 21:57:35.590006,NewYork-a3b3,-22,78,Normal
2026-02-14 21:57:36.590006,NewYork-a3b3,-18,87,Normal
2026-02-14 21:57:37.590006,NewYork-a3b3,-2,87,Normal
2026-02-14 21:57:38.590006,NewYork-a3b3,43,28,Normal
2026-02-14 21:57:39.590006,NewYork-a3b3,-30,34,Normal
2026-02-14 21:57:40.590006,NewYork-a3b3,-24,44,Normal
2026-02-14 21:57:41.590006,NewYork-a3b3,33,9,Normal
2026-02-14 21:57:42.590006,NewYork-a3b3,25,48,Normal
2026-02-14 21:57:43.590006,NewYork-a3b3,26,36,Normal
2026-02-14 21:57:44.590006,NewYork-a3b3,-4,16,Normal
2026-02-14 21:57:45.590006,NewYork-a3b3,-19,87,Normal
2026-02-14 21:57:46.590006,NewYork-a3b3,40,62,Normal
2026-02-14 21:57:47.590006,NewYork-a3b3,25,12,Normal
2026-02-14 21:57:48.590006,NewYork-a3b3,10,32,Normal
2026-02-14 21:57:49.590006,NewYork-a3b3,-2,62,Normal
2026-02-14 21:57:50.590006,NewYork-a3b3,50,20,Normal
2026-02-14 21:57:51.590006,NewYork-a3b3,-3,22,Normal
2026-02-14 21:57:52.590006,NewYork-a3b3,9,49,Normal
2026-02-14 21:57:53.590006,NewYork-a3b3,-18,100,Normal
2026-02-14 21:57:54.590006,NewYork-a3b3,46,79,Normal
2026-02-14 21:57:55.590006,NewYork-a3b3,-25,82,Normal
2026-02-14 21:57:56.590006,NewYork-a3b3,35,33,Normal
2026-02-14 21:57:57.590006,NewYork-a3b3,-14,83,Normal
2026-02-14 21:57:58.590006,NewYork-a3b3,47,87,Normal
2026-02-14 21:57:59.590006,NewYork-a3b3,-10,76,Normal
2026-02-14 21:58:00.590006,NewYork-a3b3,16,55,Normal
2026-02-14 21:58:01.590006,NewYork-a3b3,46,85,Normal
2026-02-14 21:58:02.590006,NewYork-a3b3,27,93,Normal
2026-02-14 21:58:03.590006,NewYork-a3b3,12,32,Normal
2026-02-14 21:58:04.590006,NewYork-a3b3,22,30,Normal
2026-02-14 21:58:05.590006,NewYork-a3b3,-6,28,Normal
2026-02-14 21:58:06.590006,NewYork-a3b3,14,38,Normal
2026-02-14 21:58:07.590006,NewYork-a3b3,14,32,Normal
2026-02-14 21:58:08.590006,NewYork-a3b3,18,30,Normal
2026-02-14 21:58:09.590006,NewYork-a3b3,-26,7,Normal
2026-02-14 21:58:10.590006,NewYork-a3b3,-18,0,Normal
2026-02-14 21:58:11.590006,NewYork-a3b3,1,5,Normal
2026-02-14 21:58:12.590006,NewYork-a3b3,15,40,Normal
2026-02-14 21:58:13.590006,NewYork-a3b3,-4,8,Normal
2026-02-14 21:58:14.590006,NewYork-a3b3,24,82,Normal
2026-02-14 21:58:15.590006,NewYork-a3b3,8,9,Normal
2026-02-14 21:58:16.590006,NewYork-a3b3,-13,99,Normal
2026-02-14 21:58:17.590006,NewYork-a3b3,-14,56,Normal
2026-02-14 21:58:18.590006,NewYork-a3b3,-17,40,Normal
2026-02-14 21:58:19.590006,NewYork-a3b3,42,72,Normal
2026-02-14 21:58:20.590006,NewYork-a3b3,25,26,Normal
2026-02-14 21:58:21.590006,NewYork-a3b3,35,53,Normal
2026-02-14 21:58:22.590006,NewYork-a3b3,-24,11,Normal
2026-02-14 21:58:23.590006,NewYork-a3b3,11,95,Normal
2026-02-14 21:58:24.590006,NewYork-a3b3,33,0,Normal
2026-02-14 21:58:25.590006,NewYork-a3b3,37,79,Normal
2026-02-14 21:58:26.590006,NewYork-a3b3,48,74,Normal
2026-02-14 21:58:27.590006,NewYork-a3b3,28,0,Normal
2026-02-14 21:58:28.590006,NewYork-a3b3,7,63,Normal
2026-02-14 21:58:29.590006,NewYork-a3b3,-6,5,Normal
2026-02-14 21:58:30.590006,NewYork-a3b3,-26,76,Normal
2026-02-14 21:58:31.590006,NewYork-a3b3,44,87,Normal
2026-02-14 21:58:32.590006,NewYork-a3b3,-5,3,Normal
2026-02-14 21:58:33.590006,NewYork-a3b3,-7,43,Normal
2026-02-14 21:58:34.590006,NewYork-a3b3,21,11,Normal
2026-02-14 21:58:35.590006,NewYork-a3b3,30,25,Normal
2026-02-14 21:58:36.590006,NewYork-a3b3,17,84,Normal
2026-02-14 21:58:37.590006,NewYork-a3b3,29,1,Normal
2026-02-14 21:58:38.590006,NewYork-a3b3,31,61,Normal
2026-02-14 21:58:39.590006,NewYork-a3b3,3,27,Normal
2026-02-14 21:58:40.590006,NewYork-a3b3,1,13,Normal
2026-02-14 21:58:41.590006,NewYork-a3b3,-13,17,Normal
2026-02-14 21:58:42.590006,NewYork-a3b3,6,88,Normal
2026-02-14 21:58:43.590006,NewYork-a3b3,47,76,Normal
2026-02-14 21:58:44.590006,NewYork-a3b3,39,52,Normal
2026-02-14 21:58:45.590006,NewYork-a3b3,12,78,Normal
2026-02-14 21:58:46.590006,NewYork-a3b3,38,40,Normal
2026-02-14 21:58:47.590006,NewYork-a3b3,-28,8,Normal
2026-02-14 21:58:48.590006,NewYork-a3b3,39,78,Normal
2026-02-14 21:58:49.590006,NewYork-a3b3,-3,73,Normal
2026-02-14 21:58:50.590006,NewYork-a3b3,-24,22,Normal
2026-02-14 21:58:51.590006,NewYork-a3b3,16,96,Normal
2026-02-14 21:58:52.590006,NewYork-a3b3,-10,96,Normal
2026-02-14 21:58:53.590006,NewYork-a3b3,-4,94,Normal
2026-02-14 21:58:54.590006,NewYork-a3b3,-5,98,Normal
2026-02-14 21:58:55.590006,NewYork-a3b3,-15,66,Normal
2026-02-14 21:58:56.590006,NewYork-a3b3,26,65,Normal
2026-02-14 21:58:57.590006,NewYork-a3b3,8,4,Normal
2026-02-14 21:58:58.590006,NewYork-a3b3,-15,32,Normal
2026-02-14 21:58:59.590006,NewYork-a3b3,-21,93,Normal
2026-02-14 21:59:00.590006,NewYork-a3b3,40,77,Normal
2026-02-14 21:59:01.590006,NewYork-a3b3,32,13,Normal
2026-02-14 21:59:02.590006,NewYork-a3b3,-25,21,Normal
2026-02-14 21:59:03.590006,NewYork-a3b3,20,0,Normal
2026-02-14 21:59:04.590006,NewYork-a3b3,-16,63,Normal
2026-02-14 21:59:05.590006,NewYork-a3b3,-27,71,Normal
2026-02-14 21:59:06.590006,NewYork-a3b3,-22,34,Normal
2026-02-14 21:59:07.590006,NewYork-a3b3,25,40,Normal
2026-02-14 21:59:08.590006,NewYork-a3b3,49,13,Normal
2026-02-14 21:59:09.590006,NewYork-a3b3,-1,27,Normal
2026-02-14 21:59:10.590006,NewYork-a3b3,21,95,Normal
2026-02-14 21:59:11.590006,NewYork-a3b3,-2,12,Normal
2026-02-14 21:59:12.590006,NewYork-a3b3,28,3,Normal
2026-02-14 21:59:13.590006,NewYork-a3b3,-19,48,Normal
2026-02-14 21:59:14.590006,NewYork-a3b3,45,78,Normal
2026-02-14 21:59:15.590006,NewYork-a3b3,28,28,Normal
2026-02-14 21:59:16.590006,NewYork-a3b3,29,100,Normal
2026-02-14 21:59:17.590006,NewYork-a3b3,25,74,Normal
2026-02-14 21:59:18.590006,NewYork-a3b3,13,52,Normal
2026-02-14 21:59:19.590006,NewYork-a3b3,27,92,Normal
2026-02-14 21:59:20.590006,NewYork-a3b3,47,77,Normal
2026-02-14 21:59:21.590006,NewYork-a3b3,50,44,Normal
2026-02-14 21:59:22.590006,NewYork-a3b3,28,12,Normal
2026-02-14 21:59:23.590006,NewYork-a3b3,10,30,Normal
2026-02-14 21:59:24.590006,NewYork-a3b3,-6,62,Normal
2026-02-14 21:59:25.590006,NewYork-a3b3,13,80,Normal
2026-02-14 21:59:26.590006,NewYork-a3b3,47,51,Normal
2026-02-14 21:59:27.590006,NewYork-a3b3,12,23,Normal
2026-02-14 21:59:28.590006,NewYork-a3b3,1,85,Normal
2026-02-14 21:59:29.590006,NewYork-a3b3,21,43,Normal
2026-02-14 21:59:30.590006,NewYork-a3b3,-7,44,Normal
2026-02-14 21:59:31.590006,NewYork-a3b3,13,19,Normal
2026-02-14 21:59:32.590006,NewYork-a3b3,31,25,Normal
2026-02-14 21:59:33.590006,NewYork-a3b3,48,24,Normal
2026-02-14 21:59:34.590006,NewYork-a3b3,-9,62,Normal
2026-02-14 21:59:35.590006,NewYork-a3b3,42,23,Normal
2026-02-14 21:59:36.590006,NewYork-a3b3,-3,95,Normal
2026-02-14 21:59:37.590006,NewYork-a3b3,29,22,Normal
2026-02-14 21:59:38.590006,NewYork-a3b3,-29,69,Normal
2026-02-14 21:59:39.590006,NewYork-a3b3,-1,92,Normal
2026-02-14 21:59:40.590006,NewYork-a3b3,4,56,Normal
2026-02-14 21:59:41.590006,NewYork-a3b3,48,48,Normal
2026-02-14 21:59:42.590006,NewYork-a3b3,-19,89,Normal
2026-02-14 21:59:43.590006,NewYork-a3b3,37,85,Normal
2026-02-14 21:59:44.590006,NewYork-a3b3,19,0,Normal
2026-02-14 21:59:45.590006,NewYork-a3b3,-25,10,Normal
2026-02-14 21:59:46.590006,NewYork-a3b3,22,87,Normal
2026-02-14 21:59:47.590006,NewYork-a3b3,-13,45,Normal
2026-02-14 21:59:48.590006,NewYork-a3b3,46,10,Normal
2026-02-14 21:59:49.590006,NewYork-a3b3,-20,93,Normal
2026-02-14 21:59:50.590006,NewYork-a3b3,15,48,Normal
2026-02-14 21:59:51.590006,NewYork-a3b3,-6,91,Normal
2026-02-14 21:59:52.590006,NewYork-a3b3,2,26,Normal
2026-02-14 21:59:53.590006,NewYork-a3b3,-24,18,Normal
2026-02-14 21:59:54.590006,NewYork-a3b3,-30,82,Normal
2026-02-14 21:59:55.590006,NewYork-a3b3,9,36,Normal
2026-02-14 21:59:56.590006,NewYork-a3b3,35,33,Normal
2026-02-14 21:59:57.590006,NewYork-a3b3,3,84,Normal
2026-02-14 21:59:58.590006,NewYork-a3b3,-21,63,Normal
2026-02-14 21:59:59.590006,NewYork-a3b3,18,86,Normal
2026-02-14 22:00:00.590006,NewYork-a3b3,38,35,Normal
2026-02-14 22:00:01.590006,NewYork-a3b3,31,75,Normal
2026-02-14 22:00:02.590006,NewYork-a3b3,-10,98,Normal
2026-02-14 22:00:03.590006,NewYork-a3b3,39,95,Normal
2026-02-14 22:00:04.590006,NewYork-a3b3,-13,23,Normal
2026-02-14 22:00:05.590006,NewYork-a3b3,11,10,Normal
2026-02-14 22:00:06.590006,NewYork-a3b3,-16,47,Normal
2026-02-14 22:00:07.590006,NewYork-a3b3,-28,34,Normal
2026-02-14 22:00:08.590006,NewYork-a3b3,-20,12,Normal
2026-02-14 22:00:09.590006,NewYork-a3b3,-29,56,Normal
2026-02-14 22:00:10.590006,NewYork-a3b3,-6,48,Normal
2026-02-14 22:00:11.590006,NewYork-a3b3,26,27,Normal
2026-02-14 22:00:12.590006,NewYork-a3b3,18,31,Normal
2026-02-14 22:00:13.590006,NewYork-a3b3,34,97,Normal
2026-02-14 22:00:14.590006,NewYork-a3b3,28,29,Normal
2026-02-14 22:00:15.590006,NewYork-a3b3,-2,20,Normal
2026-02-14 22:00:16.590006,NewYork-a3b3,28,44,Normal
2026-02-14 22:00:17.590006,NewYork-a3b3,33,30,Normal
2026-02-14 22:00:18.590006,NewYork-a3b3,-4,38,Normal
2026-02-14 22:00:19.590006,NewYork-a3b3,1,79,Normal
2026-02-14 22:00:20.590006,NewYork-a3b3,15,58,Normal
2026-02-14 22:00:21.590006,NewYork-a3b3,-10,40,Normal
2026-02-14 22:00:22.590006,NewYork-a3b3,-16,36,Normal
2026-02-14 22:00:23.590006,NewYork-a3b3,20,71,Normal
2026-02-14 22:00:24.590006,NewYork-a3b3,1,25,Normal
2026-02-14 22:00:25.590006,NewYork-a3b3,42,10,Normal
2026-02-14 22:00:26.590006,NewYork-a3b3,-10,56,Normal
2026-02-14 22:00:27.590006,NewYork-a3b3,41,33,Normal
2026-02-14 22:00:28.590006,NewYork-a3b3,-1,3,Normal
2026-02-14 22:00:29.590006,NewYork-a3b3,36,27,Normal
2026-02-14 22:00:30.590006,NewYork-a3b3,32,34,Normal
2026-02-14 22:00:31.590006,NewYork-a3b3,-18,7,Normal
2026-02-14 22:00:32.590006,NewYork-a3b3,-28,75,Normal
2026-02-14 22:00:33.590006,NewYork-a3b3,48,26,Normal
2026-02-14 22:00:34.590006,NewYork-a3b3,28,2,Normal
2026-02-14 22:00:35.590006,NewYork-a3b3,24,44,Normal
2026-02-14 22:00:36.590006,NewYork-a3b3,12,1,Normal
2026-02-14 22:00:37.590006,NewYork-a3b3,28,48,Normal
2026-02-14 22:00:38.590006,NewYork-a3b3,3,36,Normal
2026-02-14 22:00:39.590006,NewYork-a3b3,50,41,Normal
2026-02-14 22:00:40.590006,NewYork-a3b3,10,80,Normal
2026-02-14 22:00:41.590006,NewYork-a3b3,40,59,Normal
2026-02-14 22:00:42.590006,NewYork-a3b3,23,25,Normal
2026-02-14 22:00:43.590006,NewYork-a3b3,1,50,Normal
2026-02-14 22:00:44.590006,NewYork-a3b3,-10,57,Normal
2026-02-14 22:00:45.590006,NewYork-a3b3,12,26,Normal
2026-02-14 22:00:46.590006,NewYork-a3b3,42,50,Normal
2026-02-14 22:00:47.590006,NewYork-a3b3,5,42,Normal
2026-02-14 22:00:48.590006,NewYork-a3b3,16,95,Normal
2026-02-14 22:00:49.590006,NewYork-a3b3,25,27,Normal
2026-02-14 22:00:50.590006,NewYork-a3b3,47,67,Normal
2026-02-14 22:00:51.590006,NewYork-a3b3,-16,14,Normal
2026-02-14 22:00:52.590006,NewYork-a3b3,-8,8,Normal
2026-02-14 22:00:53.590006,NewYork-a3b3,15,8,Normal
2026-02-14 22:00:54.590006,NewYork-a3b3,-8,46,Normal
2026-02-14 22:00:55.590006,NewYork-a3b3,22,70,Normal
2026-02-14 22:00:56.590006,NewYork-a3b3,7,42,Normal
2026-02-14 22:00:57.590006,NewYork-a3b3,28,60,Normal
2026-02-14 22:00:58.590006,NewYork-a3b3,-19,2,Normal
2026-02-14 22:00:59.590006,NewYork-a3b3,-16,13,Normal
2026-02-14 22:01:00.590006,NewYork-a3b3,-13,99,Normal
2026-02-14 22:01:01.590006,NewYork-a3b3,2,63,Normal
2026-02-14 22:01:02.590006,NewYork-a3b3,14,72,Normal
2026-02-14 22:01:03.590006,NewYork-a3b3,32,12,Normal
2026-02-14 22:01:04.590006,NewYork-a3b3,30,25,Normal
2026-02-14 22:01:05.590006,NewYork-a3b3,20,65,Normal
2026-02-14 22:01:06.590006,NewYork-a3b3,-8,76,Normal
2026-02-14 22:01:07.590006,NewYork-a3b3,42,22,Normal
2026-02-14 22:01:08.590006,NewYork-a3b3,-11,18,Normal
2026-02-14 22:01:09.590006,NewYork-a3b3,-22,48,Normal
2026-02-14 22:01:10.590006,NewYork-a3b3,-7,2,Normal
2026-02-14 22:01:11.590006,NewYork-a3b3,38,13,Normal
2026-02-14 22:01:12.590006,NewYork-a3b3,-3,18,Normal
2026-02-14 22:01:13.590006,NewYork-a3b3,0,25,Normal
2026-02-14 22:01:14.590006,NewYork-a3b3,-15,80,Normal
2026-02-14 22:01:15.590006,NewYork-a3b3,39,3,Normal
2026-02-14 22:01:16.590006,NewYork-a3b3,-28,26,Normal
2026-02-14 22:01:17.590006,NewYork-a3b3,35,94,Normal
2026-02-14 22:01:18.590006,NewYork-a3b3,16,14,Normal
2026-02-14 22:01:19.590006,NewYork-a3b3,19,100,Normal
2026-02-14 22:01:20.590006,NewYork-a3b3,-18,34,Normal
2026-02-14 22:01:21.590006,NewYork-a3b3,-18,27,Normal
2026-02-14 22:01:22.590006,NewYork-a3b3,-8,8,Normal
2026-02-14 22:01:23.590006,NewYork-a3b3,-26,32,Normal
2026-02-14 22:01:24.590006,NewYork-a3b3,10,88,Normal
2026-02-14 22:01:25.590006,NewYork-a3b3,1,69,Normal
2026-02-14 22:01:26.590006,NewYork-a3b3,22,71,Normal
2026-02-14 22:01:27.590006,NewYork-a3b3,-19,70,Normal
2026-02-14 22:01:28.590006,NewYork-a3b3,30,49,Normal
2026-02-14 22:01:29.590006,NewYork-a3b3,-17,64,Normal
2026-02-14 22:01:30.590006,NewYork-a3b3,-26,2,Normal
2026-02-14 22:01:31.590006,NewYork-a3b3,-23,50,Normal
2026-02-14 22:01:32.590006,NewYork-a3b3,37,90,Normal
2026-02-14 22:01:33.590006,NewYork-a3b3,49,36,Normal
2026-02-14 22:01:34.590006,NewYork-a3b3,-5,44,Normal
2026-02-14 22:01:35.590006,NewYork-a3b3,37,46,Normal
2026-02-14 22:01:36.590006,NewYork-a3b3,9,44,Normal
2026-02-14 22:01:37.590006,NewYork-a3b3,19,66,Normal
2026-02-14 22:01:38.590006,NewYork-a3b3,8,14,Normal
2026-02-14 22:01:39.590006,NewYork-a3b3,29,80,Normal
2026-02-14 22:01:40.590006,NewYork-a3b3,6,88,Normal
2026-02-14 22:01:41.590006,NewYork-a3b3,-14,71,Normal
2026-02-14 22:01:42.590006,NewYork-a3b3,48,22,Normal
2026-02-14 22:01:43.590006,NewYork-a3b3,-1,21,Normal
2026-02-14 22:01:44.590006,NewYork-a3b3,-24,66,Normal
2026-02-14 22:01:45.590006,NewYork-a3b3,-26,11,Normal
2026-02-14 22:01:46.590006,NewYork-a3b3,7,46,Normal
2026-02-14 22:01:47.590006,NewYork-a3b3,39,73,Normal
2026-02-14 22:01:48.590006,NewYork-a3b3,45,83,Normal
2026-02-14 22:01:49.590006,NewYork-a3b3,12,70,Normal
2026-02-14 22:01:50.590006,NewYork-a3b3,11,74,Normal
2026-02-14 22:01:51.590006,NewYork-a3b3,44,35,Normal
2026-02-14 22:01:52.590006,NewYork-a3b3,-2,71,Normal
2026-02-14 22:01:53.590006,NewYork-a3b3,-12,56,Normal
2026-02-14 22:01:54.590006,NewYork-a3b3,14,27,Normal
2026-02-14 22:01:55.590006,NewYork-a3b3,6,42,Normal
2026-02-14 22:01:56.590006,NewYork-a3b3,-17,44,Normal
2026-02-14 22:01:57.590006,NewYork-a3b3,27,88,Normal
2026-02-14 22:01:58.590006,NewYork-a3b3,40,88,Normal
2026-02-14 22:01:59.590006,NewYork-a3b3,38,22,Normal
2026-02-14 22:02:00.590006,NewYork-a3b3,32,11,Normal
2026-02-14 22:02:01.590006,NewYork-a3b3,19,50,Normal
2026-02-14 22:02:02.590006,NewYork-a3b3,2,48,Normal
2026-02-14 22:02:03.590006,NewYork-a3b3,29,98,Normal
2026-02-14 22:02:04.590006,NewYork-a3b3,-5,29,Normal
2026-02-14 22:02:05.590006,NewYork-a3b3,14,25,Normal
2026-02-14 22:02:06.590006,NewYork-a3b3,29,73,Normal
2026-02-14 22:02:07.590006,NewYork-a3b3,48,89,Normal
2026-02-14 22:02:08.590006,NewYork-a3b3,13,14,Normal
2026-02-14 22:02:09.590006,NewYork-a3b3,3,43,Normal
2026-02-14 22:02:10.590006,NewYork-a3b3,12,83,Normal
2026-02-14 22:02:11.590006,NewYork-a3b3,39,1,Normal
2026-02-14 22:02:12.590006,NewYork-a3b3,-15,15,Normal
2026-02-14 22:02:13.590006,NewYork-a3b3,38,40,Normal
2026-02-14 22:02:14.590006,NewYork-a3b3,-12,76,Normal
2026-02-14 22:02:15.590006,NewYork-a3b3,21,39,Normal
2026-02-14 22:02:16.590006,NewYork-a3b3,-4,63,Normal
2026-02-14 22:02:17.590006,NewYork-a3b3,24,54,Normal
2026-02-14 22:02:18.590006,NewYork-a3b3,-1,88,Normal
2026-02-14 22:02:19.590006,NewYork-a3b3,13,68,Normal
2026-02-14 22:02:20.590006,NewYork-a3b3,44,82,Normal
2026-02-14 22:02:21.590006,NewYork-a3b3,-8,56,Normal
2026-02-14 22:02:22.590006,NewYork-a3b3,44,95,Normal
2026-02-14 22:02:23.590006,NewYork-a3b3,-23,91,Normal
2026-02-14 22:02:24.590006,NewYork-a3b3,7,38,Normal
2026-02-14 22:02:25.590006,NewYork-a3b3,-11,90,Normal
2026-02-14 22:02:26.590006,NewYork-a3b3,-6,1,Normal
2026-02-14 22:02:27.590006,NewYork-a3b3,-2,100,Normal
2026-02-14 22:02:28.590006,NewYork-a3b3,44,39,Normal
2026-02-14 22:02:29.590006,NewYork-a3b3,-28,95,Normal
2026-02-14 22:02:30.590006,NewYork-a3b3,43,5,Normal
2026-02-14 22:02:31.590006,NewYork-a3b3,22,11,Normal
2026-02-14 22:02:32.590006,NewYork-a3b3,5,22,Normal
2026-02-14 22:02:33.590006,NewYork-a3b3,-20,41,Normal
2026-02-14 22:02:34.590006,NewYork-a3b3,-4,5,Normal
2026-02-14 22:02:35.590006,NewYork-a3b3,11,3,Normal
2026-02-14 22:02:36.590006,NewYork-a3b3,25,47,Normal
2026-02-14 22:02:37.590006,NewYork-a3b3,-25,39,Normal
2026-02-14 22:02:38.590006,NewYork-a3b3,38,33,Normal
2026-02-14 22:02:39.590006,NewYork-a3b3,26,16,Normal
2026-02-14 22:02:40.590006,NewYork-a3b3,48,7,Normal
2026-02-14 22:02:41.590006,NewYork-a3b3,7,84,Normal
2026-02-14 22:02:42.590006,NewYork-a3b3,20,16,Normal
2026-02-14 22:02:43.590006,NewYork-a3b3,48,63,Normal
2026-02-14 22:02:44.590006,NewYork-a3b3,24,10,Normal
2026-02-14 22:02:45.590006,NewYork-a3b3,-15,63,Normal
2026-02-14 22:02:46.590006,NewYork-a3b3,40,13,Normal
2026-02-14 22:02:47.590006,NewYork-a3b3,6,4,Normal
2026-02-14 22:02:48.590006,NewYork-a3b3,-27,70,Normal
2026-02-14 22:02:49.590006,NewYork-a3b3,-30,58,Normal
2026-02-14 22:02:50.590006,NewYork-a3b3,16,11,Normal
2026-02-14 22:02:51.590006,NewYork-a3b3,-3,21,Normal
2026-02-14 22:02:52.590006,NewYork-a3b3,-10,36,Normal
2026-02-14 22:02:53.590006,NewYork-a3b3,-1,91,Normal
2026-02-14 22:02:54.590006,NewYork-a3b3,46,43,Normal
2026-02-14 22:02:55.590006,NewYork-a3b3,30,17,Normal
2026-02-14 22:02:56.590006,NewYork-a3b3,-10,49,Normal
2026-02-14 22:02:57.590006,NewYork-a3b3,33,57,Normal
2026-02-14 22:02:58.590006,NewYork-a3b3,49,33,Normal
2026-02-14 22:02:59.590006,NewYork-a3b3,36,70,Normal
2026-02-14 22:03:00.590006,NewYork-a3b3,-12,0,Normal
2026-02-14 22:03:01.590006,NewYork-a3b3,-9,22,Normal
2026-02-14 22:03:02.590006,NewYork-a3b3,-9,58,Normal
2026-02-14 22:03:03.590006,NewYork-a3b3,21,0,Normal
2026-02-14 22:03:04.590006,NewYork-a3b3,48,71,Normal
2026-02-14 22:03:05.590006,NewYork-a3b3,4,28,Normal
2026-02-14 22:03:06.590006,NewYork-a3b3,-11,62,Normal
2026-02-14 22:03:07.590006,NewYork-a3b3,48,83,Normal
2026-02-14 22:03:08.590006,NewYork-a3b3,4,56,Normal
2026-02-14 22:03:09.590006,NewYork-a3b3,-7,95,Normal
2026-02-14 22:03:10.590006,NewYork-a3b3,-19,67,Normal
2026-02-14 22:03:11.590006,NewYork-a3b3,-16,84,Normal
2026-02-14 22:03:12.590006,NewYork-a3b3,4,10,Normal
2026-02-14 22:03:13.590006,NewYork-a3b3,7,49,Normal
2026-02-14 22:03:14.590006,NewYork-a3b3,-5,59,Normal
2026-02-14 22:03:15.590006,NewYork-a3b3,-23,77,Normal
2026-02-14 22:03:16.590006,NewYork-a3b3,9,24,Normal
2026-02-14 22:03:17.590006,NewYork-a3b3,50,40,Normal
2026-02-14 22:03:18.590006,NewYork-a3b3,14,51,Normal
2026-02-14 22:03:19.590006,NewYork-a3b3,-21,29,Normal
2026-02-14 22:03:20.590006,NewYork-a3b3,49,100,Normal
2026-02-14 22:03:21.590006,NewYork-a3b3,-8,91,Normal
2026-02-14 22:03:22.590006,NewYork-a3b3,-22,99,Normal
2026-02-14 22:03:23.590006,NewYork-a3b3,50,14,Normal
2026-02-14 22:03:24.590006,NewYork-a3b3,-11,64,Normal
2026-02-14 22:03:25.590006,NewYork-a3b3,-16,68,Normal
2026-02-14 22:03:26.590006,NewYork-a3b3,36,48,Normal
2026-02-14 22:03:27.590006,NewYork-a3b3,22,27,Normal
2026-02-14 22:03:28.590006,NewYork-a3b3,-27,6,Normal
2026-02-14 22:03:29.590006,NewYork-a3b3,37,95,Normal
2026-02-14 22:03:30.590006,NewYork-a3b3,43,56,Normal
2026-02-14 22:03:31.590006,NewYork-a3b3,23,90,Normal
2026-02-14 22:03:32.590006,NewYork-a3b3,16,39,Normal
2026-02-14 22:03:33.590006,NewYork-a3b3,10,73,Normal
2026-02-14 22:03:34.590006,NewYork-a3b3,-25,12,Normal
2026-02-14 22:03:35.590006,NewYork-a3b3,45,27,Normal
2026-02-14 22:03:36.590006,NewYork-a3b3,29,52,Normal
2026-02-14 22:03:37.590006,NewYork-a3b3,-20,47,Normal
2026-02-14 22:03:38.590006,NewYork-a3b3,-20,82,Normal
2026-02-14 22:03:39.590006,NewYork-a3b3,36,41,Normal
2026-02-14 22:03:40.590006,NewYork-a3b3,-12,91,Normal
2026-02-14 22:03:41.590006,NewYork-a3b3,18,20,Normal
2026-02-14 22:03:42.590006,NewYork-a3b3,0,59,Normal
2026-02-14 22:03:43.590006,NewYork-a3b3,-10,35,Normal
2026-02-14 22:03:44.590006,NewYork-a3b3,-19,65,Normal
2026-02-14 22:03:45.590006,NewYork-a3b3,50,97,Normal
2026-02-14 22:03:46.590006,NewYork-a3b3,46,96,Normal
2026-02-14 22:03:47.590006,NewYork-a3b3,45,86,Normal
2026-02-14 22:03:48.590006,NewYork-a3b3,-23,9,Normal
2026-02-14 22:03:49.590006,NewYork-a3b3,7,99,Normal
2026-02-14 22:03:50.590006,NewYork-a3b3,27,65,Normal
2026-02-14 22:03:51.590006,NewYork-a3b3,20,26,Normal
2026-02-14 22:03:52.590006,NewYork-a3b3,1,23,Normal
2026-02-14 22:03:53.590006,NewYork-a3b3,38,25,Normal
2026-02-14 22:03:54.590006,NewYork-a3b3,-12,74,Normal
2026-02-14 22:03:55.590006,NewYork-a3b3,47,70,Normal
2026-02-14 22:03:56.590006,NewYork-a3b3,-28,10,Normal
2026-02-14 22:03:57.590006,NewYork-a3b3,15,2,Normal
2026-02-14 22:03:58.590006,NewYork-a3b3,-15,61,Normal
2026-02-14 22:03:59.590006,NewYork-a3b3,9,61,Normal
2026-02-14 22:04:00.590006,NewYork-a3b3,50,20,Normal
2026-02-14 22:04:01.590006,NewYork-a3b3,-8,23,Normal
2026-02-14 22:04:02.590006,NewYork-a3b3,45,27,Normal
2026-02-14 22:04:03.590006,NewYork-a3b3,30,2,Normal
2026-02-14 22:04:04.590006,NewYork-a3b3,46,72,Normal
2026-02-14 22:04:05.590006,NewYork-a3b3,-1,57,Normal
2026-02-14 22:04:06.590006,NewYork-a3b3,17,49,Normal
2026-02-14 22:04:07.590006,NewYork-a3b3,39,38,Normal
2026-02-14 22:04:08.590006,NewYork-a3b3,-17,51,Normal
2026-02-14 22:04:09.590006,NewYork-a3b3,20,49,Normal
2026-02-14 22:04:10.590006,NewYork-a3b3,1,57,Normal
2026-02-14 22:04:11.590006,NewYork-a3b3,-19,12,Normal
2026-02-14 22:04:12.590006,NewYork-a3b3,2,6,Normal
2026-02-14 22:04:13.590006,NewYork-a3b3,-8,53,Normal
2026-02-14 22:04:14.590006,NewYork-a3b3,-10,32,Normal
2026-02-14 22:04:15.590006,NewYork-a3b3,-13,13,Normal
2026-02-14 22:04:16.590006,NewYork-a3b3,-27,87,Normal
2026-02-14 22:04:17.590006,NewYork-a3b3,-8,69,Normal
2026-02-14 22:04:18.590006,NewYork-a3b3,27,15,Normal
2026-02-14 22:04:19.590006,NewYork-a3b3,-15,90,Normal
2026-02-14 22:04:20.590006,NewYork-a3b3,23,59,Normal
2026-02-14 22:04:21.590006,NewYork-a3b3,17,29,Normal
2026-02-14 22:04:22.590006,NewYork-a3b3,36,69,Normal
2026-02-14 22:04:23.590006,NewYork-a3b3,21,11,Normal
2026-02-14 22:04:24.590006,NewYork-a3b3,20,28,Normal
2026-02-14 22:04:25.590006,NewYork-a3b3,3,3,Normal
2026-02-14 22:04:26.590006,NewYork-a3b3,28,8,Normal
2026-02-14 22:04:27.590006,NewYork-a3b3,-8,1,Normal
2026-02-14 22:04:28.590006,NewYork-a3b3,8,29,Normal
2026-02-14 22:04:29.590006,NewYork-a3b3,13,79,Normal
2026-02-14 22:04:30.590006,NewYork-a3b3,44,38,Normal
2026-02-14 22:04:31.590006,NewYork-a3b3,-14,25,Normal
2026-02-14 22:04:32.590006,NewYork-a3b3,-3,61,Normal
2026-02-14 22:04:33.590006,NewYork-a3b3,39,33,Normal
2026-02-14 22:04:34.590006,NewYork-a3b3,-24,79,Normal
2026-02-14 22:04:35.590006,NewYork-a3b3,24,38,Normal
2026-02-14 22:04:36.590006,NewYork-a3b3,-24,42,Normal
2026-02-14 22:04:37.590006,NewYork-a3b3,9,34,Normal
2026-02-14 22:04:38.590006,NewYork-a3b3,44,1,Normal
2026-02-14 22:04:39.590006,NewYork-a3b3,3,76,Normal
2026-02-14 22:04:40.590006,NewYork-a3b3,39,9,Normal
2026-02-14 22:04:41.590006,NewYork-a3b3,9,71,Normal
2026-02-14 22:04:42.590006,NewYork-a3b3,-29,94,Normal
2026-02-14 22:04:43.590006,NewYork-a3b3,-14,27,Normal
2026-02-14 22:04:44.590006,NewYork-a3b3,-15,84,Normal
2026-02-14 22:04:45.590006,NewYork-a3b3,40,34,Normal
2026-02-14 22:04:46.590006,NewYork-a3b3,-14,67,Normal
2026-02-14 22:04:47.590006,NewYork-a3b3,-17,38,Normal
2026-02-14 22:04:48.590006,NewYork-a3b3,21,55,Normal
2026-02-14 22:04:49.590006,NewYork-a3b3,-21,85,Normal
2026-02-14 22:04:50.590006,NewYork-a3b3,21,44,Normal
2026-02-14 22:04:51.590006,NewYork-a3b3,-27,25,Normal
2026-02-14 22:04:52.590006,NewYork-a3b3,23,59,Normal
2026-02-14 22:04:53.590006,NewYork-a3b3,-21,44,Normal
2026-02-14 22:04:54.590006,NewYork-a3b3,-10,38,Normal
2026-02-14 22:04:55.590006,NewYork-a3b3,-17,15,Normal
2026-02-14 22:04:56.590006,NewYork-a3b3,-27,58,Normal
2026-02-14 22:04:57.590006,NewYork-a3b3,48,91,Normal
2026-02-14 22:04:58.590006,NewYork-a3b3,16,71,Normal
2026-02-14 22:04:59.590006,NewYork-a3b3,-10,51,Normal
2026-02-14 22:05:00.590006,NewYork-a3b3,-18,67,Normal
2026-02-14 22:05:01.590006,NewYork-a3b3,-10,23,Normal
2026-02-14 22:05:02.590006,NewYork-a3b3,-8,29,Normal
2026-02-14 22:05:03.590006,NewYork-a3b3,-30,92,Normal
2026-02-14 22:05:04.590006,NewYork-a3b3,-29,42,Normal
2026-02-14 22:05:05.590006,NewYork-a3b3,16,47,Normal
2026-02-14 22:05:06.590006,NewYork-a3b3,13,8,Normal
2026-02-14 22:05:07.590006,NewYork-a3b3,40,97,Normal
2026-02-14 22:05:08.590006,NewYork-a3b3,14,49,Normal
2026-02-14 22:05:09.590006,NewYork-a3b3,-7,47,Normal
2026-02-14 22:05:10.590006,NewYork-a3b3,13,31,Normal
2026-02-14 22:05:11.590006,NewYork-a3b3,42,23,Normal
2026-02-14 22:05:12.590006,NewYork-a3b3,49,92,Normal
2026-02-14 22:05:13.590006,NewYork-a3b3,-6,46,Normal
2026-02-14 22:05:14.590006,NewYork-a3b3,18,70,Normal
2026-02-14 22:05:15.590006,NewYork-a3b3,-22,66,Normal
2026-02-14 22:05:16.590006,NewYork-a3b3,-21,48,Normal
2026-02-14 22:05:17.590006,NewYork-a3b3,3,51,Normal
2026-02-14 22:05:18.590006,NewYork-a3b3,15,33,Normal
2026-02-14 22:05:19.590006,NewYork-a3b3,-5,51,Normal
2026-02-14 22:05:20.590006,NewYork-a3b3,6,66,Normal
2026-02-14 22:05:21.590006,NewYork-a3b3,-17,38,Normal
2026-02-14 22:05:22.590006,NewYork-a3b3,-3,93,Normal
2026-02-14 22:05:23.590006,NewYork-a3b3,17,80,Normal
2026-02-14 22:05:24.590006,NewYork-a3b3,27,79,Normal
2026-02-14 22:05:25.590006,NewYork-a3b3,-2,46,Normal
2026-02-14 22:05:26.590006,NewYork-a3b3,43,46,Normal
2026-02-14 22:05:27.590006,NewYork-a3b3,49,69,Normal
2026-02-14 22:05:28.590006,NewYork-a3b3,17,13,Normal
2026-02-14 22:05:29.590006,NewYork-a3b3,-19,69,Normal
2026-02-14 22:05:30.590006,NewYork-a3b3,8,69,Normal
2026-02-14 22:05:31.590006,NewYork-a3b3,-23,4,Normal
2026-02-14 22:05:32.590006,NewYork-a3b3,-28,37,Normal
2026-02-14 22:05:33.590006,NewYork-a3b3,-1,93,Normal
2026-02-14 22:05:34.590006,NewYork-a3b3,5,56,Normal
2026-02-14 22:05:35.590006,NewYork-a3b3,-14,54,Normal
2026-02-14 22:05:36.590006,NewYork-a3b3,-28,85,Normal
2026-02-14 22:05:37.590006,NewYork-a3b3,3,8,Normal
2026-02-14 22:05:38.590006,NewYork-a3b3,-16,39,Normal
2026-02-14 22:05:39.590006,NewYork-a3b3,8,79,Normal
2026-02-14 22:05:40.590006,NewYork-a3b3,25,85,Normal
2026-02-14 22:05:41.590006,NewYork-a3b3,40,94,Normal
2026-02-14 22:05:42.590006,NewYork-a3b3,20,43,Normal
2026-02-14 22:05:43.590006,NewYork-a3b3,0,68,Normal
2026-02-14 22:05:44.590006,NewYork-a3b3,26,94,Normal
2026-02-14 22:05:45.590006,NewYork-a3b3,36,64,Normal
2026-02-14 22:05:46.590006,NewYork-a3b3,-18,52,Normal
2026-02-14 22:05:47.590006,NewYork-a3b3,-27,37,Normal
2026-02-14 22:05:48.590006,NewYork-a3b3,32,5,Normal
2026-02-14 22:05:49.590006,NewYork-a3b3,29,66,Normal
2026-02-14 22:05:50.590006,NewYork-a3b3,-6,70,Normal
2026-02-14 22:05:51.590006,NewYork-a3b3,-6,72,Normal
2026-02-14 22:05:52.590006,NewYork-a3b3,10,19,Normal
2026-02-14 22:05:53.590006,NewYork-a3b3,-24,87,Normal
2026-02-14 22:05:54.590006,NewYork-a3b3,31,38,Normal
2026-02-14 22:05:55.590006,NewYork-a3b3,26,3,Normal
2026-02-14 22:05:56.590006,NewYork-a3b3,-28,49,Normal
2026-02-14 22:05:57.590006,NewYork-a3b3,39,94,Normal
2026-02-14 22:05:58.590006,NewYork-a3b3,25,21,Normal
2026-02-14 22:05:59.590006,NewYork-a3b3,13,94,Normal
2026-02-14 22:06:00.590006,NewYork-a3b3,42,34,Normal
2026-02-14 22:06:01.590006,NewYork-a3b3,45,56,Normal
2026-02-14 22:06:02.590006,NewYork-a3b3,33,75,Normal
2026-02-14 22:06:03.590006,NewYork-a3b3,36,10,Normal
2026-02-14 22:06:04.590006,NewYork-a3b3,-24,32,Normal
2026-02-14 22:06:05.590006,NewYork-a3b3,-19,36,Normal
2026-02-14 22:06:06.590006,NewYork-a3b3,5,60,Normal
2026-02-14 22:06:07.590006,NewYork-a3b3,40,51,Normal
2026-02-14 22:06:08.590006,NewYork-a3b3,-13,11,Normal
2026-02-14 22:06:09.590006,NewYork-a3b3,48,13,Normal
2026-02-14 22:06:10.590006,NewYork-a3b3,26,92,Normal
2026-02-14 22:06:11.590006,NewYork-a3b3,23,34,Normal
2026-02-14 22:06:12.590006,NewYork-a3b3,-8,12,Normal
2026-02-14 22:06:13.590006,NewYork-a3b3,-9,83,Normal
2026-02-14 22:06:14.590006,NewYork-a3b3,-22,78,Normal
2026-02-14 22:06:15.590006,NewYork-a3b3,0,68,Normal
2026-02-14 22:06:16.590006,NewYork-a3b3,-25,99,Normal
2026-02-14 22:06:17.590006,NewYork-a3b3,47,28,Normal
2026-02-14 22:06:18.590006,NewYork-a3b3,5,44,Normal
2026-02-14 22:06:19.590006,NewYork-a3b3,30,55,Normal
2026-02-14 22:06:20.590006,NewYork-a3b3,2,44,Normal
2026-02-14 22:06:21.590006,NewYork-a3b3,-23,70,Normal
2026-02-14 22:06:22.590006,NewYork-a3b3,42,97,Normal
2026-02-14 22:06:23.590006,NewYork-a3b3,-5,94,Normal
2026-02-14 22:06:24.590006,NewYork-a3b3,39,17,Normal
2026-02-14 22:06:25.590006,NewYork-a3b3,-25,82,Normal
2026-02-14 22:06:26.590006,NewYork-a3b3,-22,20,Normal
2026-02-14 22:06:27.590006,NewYork-a3b3,13,64,Normal
2026-02-14 22:06:28.590006,NewYork-a3b3,-8,54,Normal
2026-02-14 22:06:29.590006,NewYork-a3b3,-22,100,Normal
2026-02-14 22:06:30.590006,NewYork-a3b3,17,73,Normal
2026-02-14 22:06:31.590006,NewYork-a3b3,-18,60,Normal
2026-02-14 22:06:32.590006,NewYork-a3b3,42,24,Normal
2026-02-14 22:06:33.590006,NewYork-a3b3,-16,99,Normal
2026-02-14 22:06:34.590006,NewYork-a3b3,11,72,Normal
2026-02-14 22:06:35.590006,NewYork-a3b3,9,84,Normal
2026-02-14 22:06:36.590006,NewYork-a3b3,-7,63,Normal
2026-02-14 22:06:37.590006,NewYork-a3b3,12,54,Normal
2026-02-14 22:06:38.590006,NewYork-a3b3,28,85,Normal
2026-02-14 22:06:39.590006,NewYork-a3b3,41,11,Normal
2026-02-14 22:06:40.590006,NewYork-a3b3,-3,79,Normal
2026-02-14 22:06:41.590006,NewYork-a3b3,32,64,Normal
2026-02-14 22:06:42.590006,NewYork-a3b3,-17,77,Normal
2026-02-14 22:06:43.590006,NewYork-a3b3,0,96,Normal
2026-02-14 22:06:44.590006,NewYork-a3b3,49,65,Normal
2026-02-14 22:06:45.590006,NewYork-a3b3,-6,77,Normal
2026-02-14 22:06:46.590006,NewYork-a3b3,29,75,Normal
2026-02-14 22:06:47.590006,NewYork-a3b3,47,79,Normal
2026-02-14 22:06:48.590006,NewYork-a3b3,21,18,Normal
2026-02-14 22:06:49.590006,NewYork-a3b3,27,26,Normal
2026-02-14 22:06:50.590006,NewYork-a3b3,42,35,Normal
2026-02-14 22:06:51.590006,NewYork-a3b3,36,17,Normal
2026-02-14 22:06:52.590006,NewYork-a3b3,-1,1,Normal
2026-02-14 22:06:53.590006,NewYork-a3b3,-17,14,Normal
2026-02-14 22:06:54.590006,NewYork-a3b3,-2,35,Normal
2026-02-14 22:06:55.590006,NewYork-a3b3,-15,43,Normal
2026-02-14 22:06:56.590006,NewYork-a3b3,18,69,Normal
2026-02-14 22:06:57.590006,NewYork-a3b3,8,10,Normal
2026-02-14 22:06:58.590006,NewYork-a3b3,38,59,Normal
2026-02-14 22:06:59.590006,NewYork-a3b3,-18,62,Normal
2026-02-14 22:07:00.590006,NewYork-a3b3,-15,34,Normal
2026-02-14 22:07:01.590006,NewYork-a3b3,-7,58,Normal
2026-02-14 22:07:02.590006,NewYork-a3b3,22,72,Normal
2026-02-14 22:07:03.590006,NewYork-a3b3,-16,91,Normal
2026-02-14 22:07:04.590006,NewYork-a3b3,-18,73,Normal
2026-02-14 22:07:05.590006,NewYork-a3b3,49,11,Normal
2026-02-14 22:07:06.590006,NewYork-a3b3,-22,81,Normal
2026-02-14 22:07:07.590006,NewYork-a3b3,-19,8,Normal
2026-02-14 22:07:08.590006,NewYork-a3b3,36,32,Normal
2026-02-14 22:07:09.590006,NewYork-a3b3,-29,52,Normal
2026-02-14 22:07:10.590006,NewYork-a3b3,-30,79,Normal
2026-02-14 22:07:11.590006,NewYork-a3b3,-25,75,Normal
2026-02-14 22:07:12.590006,NewYork-a3b3,26,54,Normal
2026-02-14 22:07:13.590006,NewYork-a3b3,24,48,Normal
2026-02-14 22:07:14.590006,NewYork-a3b3,23,53,Normal
2026-02-14 22:07:15.590006,NewYork-a3b3,-11,45,Normal
2026-02-14 22:07:16.590006,NewYork-a3b3,47,12,Normal
2026-02-14 22:07:17.590006,NewYork-a3b3,38,28,Normal
2026-02-14 22:07:18.590006,NewYork-a3b3,35,5,Normal
2026-02-14 22:07:19.590006,NewYork-a3b3,8,65,Normal
2026-02-14 22:07:20.590006,NewYork-a3b3,-22,44,Normal
2026-02-14 22:07:21.590006,NewYork-a3b3,-22,100,Normal
2026-02-14 22:07:22.590006,NewYork-a3b3,28,8,Normal
2026-02-14 22:07:23.590006,NewYork-a3b3,39,94,Normal
2026-02-14 22:07:24.590006,NewYork-a3b3,-29,74,Normal
2026-02-14 22:07:25.590006,NewYork-a3b3,11,97,Normal
2026-02-14 22:07:26.590006,NewYork-a3b3,-22,4,Normal
2026-02-14 22:07:27.590006,NewYork-a3b3,3,60,Normal
2026-02-14 22:07:28.590006,NewYork-a3b3,-9,8,Normal
2026-02-14 22:07:29.590006,NewYork-a3b3,47,6,Normal
2026-02-14 22:07:30.590006,NewYork-a3b3,-11,100,Normal
2026-02-14 22:07:31.590006,NewYork-a3b3,-5,19,Normal
2026-02-14 22:07:32.590006,NewYork-a3b3,16,68,Normal
2026-02-14 22:07:33.590006,NewYork-a3b3,-24,26,Normal
2026-02-14 22:07:34.590006,NewYork-a3b3,5,74,Normal
2026-02-14 22:07:35.590006,NewYork-a3b3,31,25,Normal
2026-02-14 22:07:36.590006,NewYork-a3b3,-10,95,Normal
2026-02-14 22:07:37.590006,NewYork-a3b3,45,71,Normal
2026-02-14 22:07:38.590006,NewYork-a3b3,26,65,Normal
2026-02-14 22:07:39.590006,NewYork-a3b3,44,95,Normal
2026-02-14 22:07:40.590006,NewYork-a3b3,9,9,Normal
2026-02-14 22:07:41.590006,NewYork-a3b3,30,52,Normal
2026-02-14 22:07:42.590006,NewYork-a3b3,30,71,Normal
2026-02-14 22:07:43.590006,NewYork-a3b3,36,31,Normal
2026-02-14 22:07:44.590006,NewYork-a3b3,-19,53,Normal
2026-02-14 22:07:45.590006,NewYork-a3b3,-29,11,Normal
2026-02-14 22:07:46.590006,NewYork-a3b3,7,92,Normal
2026-02-14 22:07:47.590006,NewYork-a3b3,-10,42,Normal
2026-02-14 22:07:48.590006,NewYork-a3b3,47,41,Normal
2026-02-14 22:07:49.590006,NewYork-a3b3,50,83,Normal
2026-02-14 22:07:50.590006,NewYork-a3b3,-18,30,Normal
2026-02-14 22:07:51.590006,NewYork-a3b3,-7,47,Normal
2026-02-14 22:07:52.590006,NewYork-a3b3,12,52,Normal
2026-02-14 22:07:53.590006,NewYork-a3b3,-6,32,Normal
2026-02-14 22:07:54.590006,NewYork-a3b3,-30,96,Normal
2026-02-14 22:07:55.590006,NewYork-a3b3,36,47,Normal
2026-02-14 22:07:56.590006,NewYork-a3b3,-12,78,Normal
2026-02-14 22:07:57.590006,NewYork-a3b3,-16,17,Normal
2026-02-14 22:07:58.590006,NewYork-a3b3,-1,36,Normal
2026-02-14 22:07:59.590006,NewYork-a3b3,8,24,Normal
2026-02-14 22:08:00.590006,NewYork-a3b3,46,9,Normal
2026-02-14 22:08:01.590006,NewYork-a3b3,2,76,Normal
2026-02-14 22:08:02.590006,NewYork-a3b3,-29,47,Normal
2026-02-14 22:08:03.590006,NewYork-a3b3,-27,41,Normal
2026-02-14 22:08:04.590006,NewYork-a3b3,-8,57,Normal
2026-02-14 22:08:05.590006,NewYork-a3b3,1,84,Normal
2026-02-14 22:08:06.590006,NewYork-a3b3,-26,15,Normal
2026-02-14 22:08:07.590006,NewYork-a3b3,-11,5,Normal
2026-02-14 22:08:08.590006,NewYork-a3b3,31,63,Normal
2026-02-14 22:08:09.590006,NewYork-a3b3,-17,1,Normal
2026-02-14 22:08:10.590006,NewYork-a3b3,6,74,Normal
2026-02-14 22:08:11.590006,NewYork-a3b3,6,63,Normal
2026-02-14 22:08:12.590006,NewYork-a3b3,4,54,Normal
2026-02-14 22:08:13.590006,NewYork-a3b3,14,9,Normal
2026-02-14 22:08:14.590006,NewYork-a3b3,15,20,Normal
2026-02-14 22:08:15.590006,NewYork-a3b3,-26,89,Normal
2026-02-14 22:08:16.590006,NewYork-a3b3,-4,50,Normal
2026-02-14 22:08:17.590006,NewYork-a3b3,42,23,Normal
2026-02-14 22:08:18.590006,NewYork-a3b3,-9,58,Normal
2026-02-14 22:08:19.590006,NewYork-a3b3,38,5,Normal
2026-02-14 22:08:20.590006,NewYork-a3b3,10,35,Normal
2026-02-14 22:08:21.590006,NewYork-a3b3,26,69,Normal
2026-02-14 22:08:22.590006,NewYork-a3b3,-19,31,Normal
2026-02-14 22:08:23.590006,NewYork-a3b3,-13,72,Normal
2026-02-14 22:08:24.590006,NewYork-a3b3,37,79,Normal
2026-02-14 22:08:25.590006,NewYork-a3b3,42,47,Normal
2026-02-14 22:08:26.590006,NewYork-a3b3,18,81,Normal
2026-02-14 22:08:27.590006,NewYork-a3b3,-12,37,Normal
2026-02-14 22:08:28.590006,NewYork-a3b3,31,56,Normal
2026-02-14 22:08:29.590006,NewYork-a3b3,27,78,Normal
2026-02-14 22:08:30.590006,NewYork-a3b3,-21,38,Normal
2026-02-14 22:08:31.590006,NewYork-a3b3,-14,44,Normal
2026-02-14 22:08:32.590006,NewYork-a3b3,-6,8,Normal
2026-02-14 22:08:33.590006,NewYork-a3b3,32,11,Normal
2026-02-14 22:08:34.590006,NewYork-a3b3,-30,42,Normal
2026-02-14 22:08:35.590006,NewYork-a3b3,8,27,Normal
2026-02-14 22:08:36.590006,NewYork-a3b3,22,56,Normal
2026-02-14 22:08:37.590006,NewYork-a3b3,12,18,Normal
2026-02-14 22:08:38.590006,NewYork-a3b3,34,97,Normal
2026-02-14 22:08:39.590006,NewYork-a3b3,-25,7,Normal
2026-02-14 22:08:40.590006,NewYork-a3b3,32,54,Normal
2026-02-14 22:08:41.590006,NewYork-a3b3,46,18,Normal
2026-02-14 22:08:42.590006,NewYork-a3b3,49,98,Normal
2026-02-14 22:08:43.590006,NewYork-a3b3,-3,29,Normal
2026-02-14 22:08:44.590006,NewYork-a3b3,1,21,Normal
2026-02-14 22:08:45.590006,NewYork-a3b3,17,45,Normal
2026-02-14 22:08:46.590006,NewYork-a3b3,-21,62,Normal
2026-02-14 22:08:47.590006,NewYork-a3b3,-24,38,Normal
2026-02-14 22:08:48.590006,NewYork-a3b3,-27,29,Normal
2026-02-14 22:08:49.590006,NewYork-a3b3,27,44,Normal
2026-02-14 22:08:50.590006,NewYork-a3b3,30,42,Normal
2026-02-14 22:08:51.590006,NewYork-a3b3,0,42,Normal
2026-02-14 22:08:52.590006,NewYork-a3b3,36,95,Normal
2026-02-14 22:08:53.590006,NewYork-a3b3,19,59,Normal
2026-02-14 22:08:54.590006,NewYork-a3b3,-19,64,Normal
2026-02-14 22:08:55.590006,NewYork-a3b3,21,54,Normal
2026-02-14 22:08:56.590006,NewYork-a3b3,-5,81,Normal
2026-02-14 22:08:57.590006,NewYork-a3b3,9,82,Normal
2026-02-14 22:08:58.590006,NewYork-a3b3,1,26,Normal
2026-02-14 22:08:59.590006,NewYork-a3b3,44,69,Normal
2026-02-14 22:09:00.590006,NewYork-a3b3,-20,77,Normal
2026-02-14 22:09:01.590006,NewYork-a3b3,-22,19,Normal
2026-02-14 22:09:02.590006,NewYork-a3b3,-16,8,Normal
2026-02-14 22:09:03.590006,NewYork-a3b3,29,58,Normal
2026-02-14 22:09:04.590006,NewYork-a3b3,18,67,Normal
2026-02-14 22:09:05.590006,NewYork-a3b3,3,87,Normal
2026-02-14 22:09:06.590006,NewYork-a3b3,34,44,Normal
2026-02-14 22:09:07.590006,NewYork-a3b3,-1,64,Normal
2026-02-14 22:09:08.590006,NewYork-a3b3,41,71,Normal
2026-02-14 22:09:09.590006,NewYork-a3b3,-6,82,Normal
2026-02-14 22:09:10.590006,NewYork-a3b3,34,89,Normal
2026-02-14 22:09:11.590006,NewYork-a3b3,27,99,Normal
2026-02-14 22:09:12.590006,NewYork-a3b3,7,36,Normal
2026-02-14 22:09:13.590006,NewYork-a3b3,-13,82,Normal
2026-02-14 22:09:14.590006,NewYork-a3b3,6,73,Normal
2026-02-14 22:09:15.590006,NewYork-a3b3,-28,3,Normal
2026-02-14 22:09:16.590006,NewYork-a3b3,41,17,Normal
2026-02-14 22:09:17.590006,NewYork-a3b3,-14,29,Normal
2026-02-14 22:09:18.590006,NewYork-a3b3,21,50,Normal
2026-02-14 22:09:19.590006,NewYork-a3b3,3,36,Normal
2026-02-14 22:09:20.590006,NewYork-a3b3,5,84,Normal
2026-02-14 22:09:21.590006,NewYork-a3b3,-30,88,Normal
2026-02-14 22:09:22.590006,NewYork-a3b3,-21,96,Normal
2026-02-14 22:09:23.590006,NewYork-a3b3,16,86,Normal
2026-02-14 22:09:24.590006,NewYork-a3b3,24,39,Normal
2026-02-14 22:09:25.590006,NewYork-a3b3,0,78,Normal
2026-02-14 22:09:26.590006,NewYork-a3b3,28,64,Normal
2026-02-14 22:09:27.590006,NewYork-a3b3,-28,38,Normal
2026-02-14 22:09:28.590006,NewYork-a3b3,7,76,Normal
2026-02-14 22:09:29.590006,NewYork-a3b3,25,42,Normal
2026-02-14 22:09:30.590006,NewYork-a3b3,24,5,Normal
2026-02-14 22:09:31.590006,NewYork-a3b3,41,99,Normal
2026-02-14 22:09:32.590006,NewYork-a3b3,17,31,Normal
2026-02-14 22:09:33.590006,NewYork-a3b3,26,95,Normal
2026-02-14 22:09:34.590006,NewYork-a3b3,-25,41,Normal
2026-02-14 22:09:35.590006,NewYork-a3b3,50,39,Normal
2026-02-14 22:09:36.590006,NewYork-a3b3,-22,79,Normal
2026-02-14 22:09:37.590006,NewYork-a3b3,43,53,Normal
2026-02-14 22:09:38.590006,NewYork-a3b3,-25,92,Normal
2026-02-14 22:09:39.590006,NewYork-a3b3,-22,48,Normal
2026-02-14 22:09:40.590006,NewYork-a3b3,-21,28,Normal
2026-02-14 22:09:41.590006,NewYork-a3b3,40,8,Normal
2026-02-14 22:09:42.590006,NewYork-a3b3,-13,10,Normal
2026-02-14 22:09:43.590006,NewYork-a3b3,38,33,Normal
2026-02-14 22:09:44.590006,NewYork-a3b3,-23,59,Normal
2026-02-14 22:09:45.590006,NewYork-a3b3,22,83,Normal
2026-02-14 22:09:46.590006,NewYork-a3b3,-6,63,Normal
2026-02-14 22:09:47.590006,NewYork-a3b3,-29,21,Normal
2026-02-14 22:09:48.590006,NewYork-a3b3,-30,14,Normal
2026-02-14 22:09:49.590006,NewYork-a3b3,18,89,Normal
2026-02-14 22:09:50.590006,NewYork-a3b3,-14,51,Normal
2026-02-14 22:09:51.590006,NewYork-a3b3,-4,92,Normal
2026-02-14 22:09:52.590006,NewYork-a3b3,49,61,Normal
2026-02-14 22:09:53.590006,NewYork-a3b3,1,91,Normal
2026-02-14 22:09:54.590006,NewYork-a3b3,37,86,Normal
2026-02-14 22:09:55.590006,NewYork-a3b3,34,55,Normal
2026-02-14 22:09:56.590006,NewYork-a3b3,-27,64,Normal
2026-02-14 22:09:57.590006,NewYork-a3b3,-20,0,Normal
2026-02-14 22:09:58.590006,NewYork-a3b3,14,99,Normal
2026-02-14 22:09:59.590006,NewYork-a3b3,27,61,Normal
2026-02-14 22:10:00.590006,NewYork-a3b3,18,100,Normal
2026-02-14 22:10:01.590006,NewYork-a3b3,-7,86,Normal
2026-02-14 22:10:02.590006,NewYork-a3b3,41,91,Normal
2026-02-14 22:10:03.590006,NewYork-a3b3,-10,83,Normal
2026-02-14 22:10:04.590006,NewYork-a3b3,45,53,Normal
2026-02-14 22:10:05.590006,NewYork-a3b3,-15,69,Normal
2026-02-14 22:10:06.590006,NewYork-a3b3,49,40,Normal
2026-02-14 22:10:07.590006,NewYork-a3b3,24,74,Normal
2026-02-14 22:10:08.590006,NewYork-a3b3,2,42,Normal
2026-02-14 22:10:09.590006,NewYork-a3b3,-7,86,Normal
2026-02-14 22:10:10.590006,NewYork-a3b3,-11,11,Normal
2026-02-14 22:10:11.590006,NewYork-a3b3,-23,8,Normal
2026-02-14 22:10:12.590006,NewYork-a3b3,10,27,Normal
2026-02-14 22:10:13.590006,NewYork-a3b3,41,33,Normal
2026-02-14 22:10:14.590006,NewYork-a3b3,2,65,Normal
2026-02-14 22:10:15.590006,NewYork-a3b3,36,19,Normal
2026-02-14 22:10:16.590006,NewYork-a3b3,41,48,Normal
2026-02-14 22:10:17.590006,NewYork-a3b3,32,14,Normal
2026-02-14 22:10:18.590006,NewYork-a3b3,6,39,Normal
2026-02-14 22:10:19.590006,NewYork-a3b3,18,66,Normal
2026-02-14 22:10:20.590006,NewYork-a3b3,15,58,Normal
2026-02-14 22:10:21.590006,NewYork-a3b3,8,37,Normal
2026-02-14 22:10:22.590006,NewYork-a3b3,4,84,Normal
2026-02-14 22:10:23.590006,NewYork-a3b3,37,14,Normal
2026-02-14 22:10:24.590006,NewYork-a3b3,-29,49,Normal
2026-02-14 22:10:25.590006,NewYork-a3b3,-21,28,Normal
2026-02-14 22:10:26.590006,NewYork-a3b3,-14,37,Normal
2026-02-14 22:10:27.590006,NewYork-a3b3,10,68,Normal
2026-02-14 22:10:28.590006,NewYork-a3b3,-7,88,Normal
2026-02-14 22:10:29.590006,NewYork-a3b3,31,23,Normal
2026-02-14 22:10:30.590006,NewYork-a3b3,0,97,Normal
2026-02-14 22:10:31.590006,NewYork-a3b3,27,25,Normal
2026-02-14 22:10:32.590006,NewYork-a3b3,43,67,Normal
2026-02-14 22:10:33.590006,NewYork-a3b3,-27,81,Normal
2026-02-14 22:10:34.590006,NewYork-a3b3,35,37,Normal
2026-02-14 22:10:35.590006,NewYork-a3b3,-18,35,Normal
2026-02-14 22:10:36.590006,NewYork-a3b3,42,46,Normal
2026-02-14 22:10:37.590006,NewYork-a3b3,8,44,Normal
2026-02-14 22:10:38.590006,NewYork-a3b3,-1,45,Normal
2026-02-14 22:10:39.590006,NewYork-a3b3,-28,47,Normal
2026-02-14 22:10:40.590006,NewYork-a3b3,-3,76,Normal
2026-02-14 22:10:41.590006,NewYork-a3b3,-21,84,Normal
2026-02-14 22:10:42.590006,NewYork-a3b3,30,93,Normal
2026-02-14 22:10:43.590006,NewYork-a3b3,-7,67,Normal
2026-02-14 22:10:44.590006,NewYork-a3b3,15,39,Normal
2026-02-14 22:10:45.590006,NewYork-a3b3,15,26,Normal
2026-02-14 22:10:46.590006,NewYork-a3b3,18,77,Normal
2026-02-14 22:10:47.590006,NewYork-a3b3,39,9,Normal
2026-02-14 22:10:48.590006,NewYork-a3b3,50,59,Normal
2026-02-14 22:10:49.590006,NewYork-a3b3,-4,79,Normal
2026-02-14 22:10:50.590006,NewYork-a3b3,26,70,Normal
2026-02-14 22:10:51.590006,NewYork-a3b3,-9,56,Normal
2026-02-14 22:10:52.590006,NewYork-a3b3,31,71,Normal
2026-02-14 22:10:53.590006,NewYork-a3b3,3,79,Normal
2026-02-14 22:10:54.590006,NewYork-a3b3,39,82,Normal
2026-02-14 22:10:55.590006,NewYork-a3b3,-8,69,Normal
2026-02-14 22:10:56.590006,NewYork-a3b3,26,71,Normal
2026-02-14 22:10:57.590006,NewYork-a3b3,36,38,Normal
2026-02-14 22:10:58.590006,NewYork-a3b3,20,17,Normal
2026-02-14 22:10:59.590006,NewYork-a3b3,40,10,Normal
2026-02-14 22:11:00.590006,NewYork-a3b3,5,0,Normal
2026-02-14 22:11:01.590006,NewYork-a3b3,38,98,Normal
2026-02-14 22:11:02.590006,NewYork-a3b3,44,6,Normal
2026-02-14 22:11:03.590006,NewYork-a3b3,-17,70,Normal
2026-02-14 22:11:04.590006,NewYork-a3b3,11,58,Normal
2026-02-14 22:11:05.590006,NewYork-a3b3,-9,7,Normal
2026-02-14 22:11:06.590006,NewYork-a3b3,7,22,Normal
2026-02-14 22:11:07.590006,NewYork-a3b3,27,70,Normal
2026-02-14 22:11:08.590006,NewYork-a3b3,40,16,Normal
2026-02-14 22:11:09.590006,NewYork-a3b3,10,88,Normal
2026-02-14 22:11:10.590006,NewYork-a3b3,13,3,Normal
2026-02-14 22:11:11.590006,NewYork-a3b3,-21,66,Normal
2026-02-14 22:11:12.590006,NewYork-a3b3,37,70,Normal
2026-02-14 22:11:13.590006,NewYork-a3b3,3,79,Normal
2026-02-14 22:11:14.590006,NewYork-a3b3,-12,68,Normal
2026-02-14 22:11:15.590006,NewYork-a3b3,-8,66,Normal
2026-02-14 22:11:16.590006,NewYork-a3b3,34,11,Normal
2026-02-14 22:11:17.590006,NewYork-a3b3,26,11,Normal
2026-02-14 22:11:18.590006,NewYork-a3b3,-6,18,Normal
2026-02-14 22:11:19.590006,NewYork-a3b3,42,26,Normal
2026-02-14 22:11:20.590006,NewYork-a3b3,45,46,Normal
2026-02-14 22:11:21.590006,NewYork-a3b3,45,48,Normal
2026-02-14 22:11:22.590006,NewYork-a3b3,44,60,Normal
2026-02-14 22:11:23.590006,NewYork-a3b3,36,27,Normal
2026-02-14 22:11:24.590006,NewYork-a3b3,-24,14,Normal
2026-02-14 22:11:25.590006,NewYork-a3b3,-9,92,Normal
2026-02-14 22:11:26.590006,NewYork-a3b3,33,91,Normal
2026-02-14 22:11:27.590006,NewYork-a3b3,12,5,Normal
2026-02-14 22:11:28.590006,NewYork-a3b3,-16,33,Normal
2026-02-14 22:11:29.590006,NewYork-a3b3,30,6,Normal
2026-02-14 22:11:30.590006,NewYork-a3b3,23,29,Normal
2026-02-14 22:11:31.590006,NewYork-a3b3,-18,85,Normal
2026-02-14 22:11:32.590006,NewYork-a3b3,12,22,Normal
2026-02-14 22:11:33.590006,NewYork-a3b3,42,31,Normal
2026-02-14 22:11:34.590006,NewYork-a3b3,18,98,Normal
2026-02-14 22:11:35.590006,NewYork-a3b3,8,20,Normal
2026-02-14 22:11:36.590006,NewYork-a3b3,41,46,Normal
2026-02-14 22:11:37.590006,NewYork-a3b3,-18,11,Normal
2026-02-14 22:11:38.590006,NewYork-a3b3,41,58,Normal
2026-02-14 22:11:39.590006,NewYork-a3b3,38,45,Normal
2026-02-14 22:11:40.590006,NewYork-a3b3,1,31,Normal
2026-02-14 22:11:41.590006,NewYork-a3b3,2,83,Normal
2026-02-14 22:11:42.590006,NewYork-a3b3,20,45,Normal
2026-02-14 22:11:43.590006,NewYork-a3b3,-26,51,Normal
2026-02-14 22:11:44.590006,NewYork-a3b3,2,60,Normal
2026-02-14 22:11:45.590006,NewYork-a3b3,43,94,Normal
2026-02-14 22:11:46.590006,NewYork-a3b3,-12,25,Normal
2026-02-14 22:11:47.590006,NewYork-a3b3,23,35,Normal
2026-02-14 22:11:48.590006,NewYork-a3b3,24,62,Normal
2026-02-14 22:11:49.590006,NewYork-a3b3,15,69,Normal
2026-02-14 22:11:50.590006,NewYork-a3b3,24,86,Normal
2026-02-14 22:11:51.590006,NewYork-a3b3,24,46,Normal
2026-02-14 22:11:52.590006,NewYork-a3b3,-8,97,Normal
2026-02-14 22:11:53.590006,NewYork-a3b3,29,63,Normal
2026-02-14 22:11:54.590006,NewYork-a3b3,-15,14,Normal
2026-02-14 22:11:55.590006,NewYork-a3b3,-18,73,Normal
2026-02-14 22:11:56.590006,NewYork-a3b3,11,28,Normal
2026-02-14 22:11:57.590006,NewYork-a3b3,48,43,Normal
2026-02-14 22:11:58.590006,NewYork-a3b3,46,6,Normal
2026-02-14 22:11:59.590006,NewYork-a3b3,32,69,Normal
2026-02-14 22:12:00.590006,NewYork-a3b3,3,35,Normal
2026-02-14 22:12:01.590006,NewYork-a3b3,-29,60,Normal
2026-02-14 22:12:02.590006,NewYork-a3b3,4,14,Normal
2026-02-14 22:12:03.590006,NewYork-a3b3,2,88,Normal
2026-02-14 22:12:04.590006,NewYork-a3b3,25,1,Normal
2026-02-14 22:12:05.590006,NewYork-a3b3,-25,35,Normal
2026-02-14 22:12:06.590006,NewYork-a3b3,16,18,Normal
2026-02-14 22:12:07.590006,NewYork-a3b3,18,17,Normal
2026-02-14 22:12:08.590006,NewYork-a3b3,46,47,Normal
2026-02-14 22:12:09.590006,NewYork-a3b3,-18,97,Normal
2026-02-14 22:12:10.590006,NewYork-a3b3,-7,61,Normal
2026-02-14 22:12:11.590006,NewYork-a3b3,-13,64,Normal
2026-02-14 22:12:12.590006,NewYork-a3b3,33,65,Normal
2026-02-14 22:12:13.590006,NewYork-a3b3,2,67,Normal
2026-02-14 22:12:14.590006,NewYork-a3b3,35,46,Normal
2026-02-14 22:12:15.590006,NewYork-a3b3,-4,8,Normal
2026-02-14 22:12:16.590006,NewYork-a3b3,16,87,Normal
2026-02-14 22:12:17.590006,NewYork-a3b3,9,75,Normal
2026-02-14 22:12:18.590006,NewYork-a3b3,-17,73,Normal
2026-02-14 22:12:19.590006,NewYork-a3b3,14,25,Normal
2026-02-14 22:12:20.590006,NewYork-a3b3,-5,4,Normal
2026-02-14 22:12:21.590006,NewYork-a3b3,30,50,Normal
2026-02-14 22:12:22.590006,NewYork-a3b3,11,44,Normal
2026-02-14 22:12:23.590006,NewYork-a3b3,29,99,Normal
2026-02-14 22:12:24.590006,NewYork-a3b3,16,12,Normal
2026-02-14 22:12:25.590006,NewYork-a3b3,24,35,Normal
2026-02-14 22:12:26.590006,NewYork-a3b3,7,24,Normal
2026-02-14 22:12:27.590006,NewYork-a3b3,40,56,Normal
2026-02-14 22:12:28.590006,NewYork-a3b3,25,82,Normal
2026-02-14 22:12:29.590006,NewYork-a3b3,-7,56,Normal
2026-02-14 22:12:30.590006,NewYork-a3b3,50,88,Normal
2026-02-14 22:12:31.590006,NewYork-a3b3,38,100,Normal
2026-02-14 22:12:32.590006,NewYork-a3b3,38,3,Normal
2026-02-14 22:12:33.590006,NewYork-a3b3,13,31,Normal
2026-02-14 22:12:34.590006,NewYork-a3b3,33,19,Normal
2026-02-14 22:12:35.590006,NewYork-a3b3,34,2,Normal
2026-02-14 22:12:36.590006,NewYork-a3b3,17,13,Normal
2026-02-14 22:12:37.590006,NewYork-a3b3,31,29,Normal
2026-02-14 22:12:38.590006,NewYork-a3b3,36,95,Normal
2026-02-14 22:12:39.590006,NewYork-a3b3,49,4,Normal
2026-02-14 22:12:40.590006,NewYork-a3b3,31,22,Normal
2026-02-14 22:12:41.590006,NewYork-a3b3,-1,29,Normal
2026-02-14 22:12:42.590006,NewYork-a3b3,27,44,Normal
2026-02-14 22:12:43.590006,NewYork-a3b3,-20,33,Normal
2026-02-14 22:12:44.590006,NewYork-a3b3,-5,24,Normal
2026-02-14 22:12:45.590006,NewYork-a3b3,22,61,Normal
2026-02-14 22:12:46.590006,NewYork-a3b3,9,53,Normal
2026-02-14 22:12:47.590006,NewYork-a3b3,38,57,Normal
2026-02-14 22:12:48.590006,NewYork-a3b3,-11,81,Normal
2026-02-14 22:12:49.590006,NewYork-a3b3,31,100,Normal
2026-02-14 22:12:50.590006,NewYork-a3b3,-1,24,Normal
2026-02-14 22:12:51.590006,NewYork-a3b3,38,97,Normal
2026-02-14 22:12:52.590006,NewYork-a3b3,5,24,Normal
2026-02-14 22:12:53.590006,NewYork-a3b3,-26,48,Normal
2026-02-14 22:12:54.590006,NewYork-a3b3,-14,96,Normal
2026-02-14 22:12:55.590006,NewYork-a3b3,9,77,Normal
2026-02-14 22:12:56.590006,NewYork-a3b3,47,18,Normal
2026-02-14 22:12:57.590006,NewYork-a3b3,-26,59,Normal
2026-02-14 22:12:58.590006,NewYork-a3b3,-2,54,Normal
2026-02-14 22:12:59.590006,NewYork-a3b3,38,43,Normal
2026-02-14 22:13:00.590006,NewYork-a3b3,12,98,Normal
2026-02-14 22:13:01.590006,NewYork-a3b3,27,95,Normal
2026-02-14 22:13:02.590006,NewYork-a3b3,9,71,Normal
2026-02-14 22:13:03.590006,NewYork-a3b3,2,60,Normal
2026-02-14 22:13:04.590006,NewYork-a3b3,0,22,Normal
2026-02-14 22:13:05.590006,NewYork-a3b3,30,72,Normal
2026-02-14 22:13:06.590006,NewYork-a3b3,-13,100,Normal
2026-02-14 22:13:07.590006,NewYork-a3b3,-9,48,Normal
2026-02-14 22:13:08.590006,NewYork-a3b3,23,35,Normal
2026-02-14 22:13:09.590006,NewYork-a3b3,46,21,Normal
2026-02-14 22:13:10.590006,NewYork-a3b3,37,70,Normal
2026-02-14 22:13:11.590006,NewYork-a3b3,14,77,Normal
2026-02-14 22:13:12.590006,NewYork-a3b3,41,83,Normal
2026-02-14 22:13:13.590006,NewYork-a3b3,-26,47,Normal
2026-02-14 22:13:14.590006,NewYork-a3b3,-30,36,Normal
2026-02-14 22:13:15.590006,NewYork-a3b3,-25,30,Normal
2026-02-14 22:13:16.590006,NewYork-a3b3,45,33,Normal
2026-02-14 22:13:17.590006,NewYork-a3b3,9,83,Normal
2026-02-14 22:13:18.590006,NewYork-a3b3,15,61,Normal
2026-02-14 22:13:19.590006,NewYork-a3b3,19,16,Normal
2026-02-14 22:13:20.590006,NewYork-a3b3,10,85,Normal
2026-02-14 22:13:21.590006,NewYork-a3b3,3,79,Normal
2026-02-14 22:13:22.590006,NewYork-a3b3,-24,31,Normal
2026-02-14 22:13:23.590006,NewYork-a3b3,21,52,Normal
2026-02-14 22:13:24.590006,NewYork-a3b3,19,81,Normal
2026-02-14 22:13:25.590006,NewYork-a3b3,-26,62,Normal
2026-02-14 22:13:26.590006,NewYork-a3b3,-5,63,Normal
2026-02-14 22:13:27.590006,NewYork-a3b3,31,42,Normal
2026-02-14 22:13:28.590006,NewYork-a3b3,33,59,Normal
2026-02-14 22:13:29.590006,NewYork-a3b3,48,9,Normal
2026-02-14 22:13:30.590006,NewYork-a3b3,2,12,Normal
2026-02-14 22:13:31.590006,NewYork-a3b3,-14,66,Normal
2026-02-14 22:13:32.590006,NewYork-a3b3,35,92,Normal
2026-02-14 22:13:33.590006,NewYork-a3b3,10,75,Normal
2026-02-14 22:13:34.590006,NewYork-a3b3,19,90,Normal
2026-02-14 22:13:35.590006,NewYork-a3b3,35,29,Normal
2026-02-14 22:13:36.590006,NewYork-a3b3,36,63,Normal
2026-02-14 22:13:37.590006,NewYork-a3b3,-3,90,Normal
2026-02-14 22:13:38.590006,NewYork-a3b3,44,41,Normal
2026-02-14 22:13:39.590006,NewYork-a3b3,11,66,Normal
2026-02-14 22:13:40.590006,NewYork-a3b3,-4,63,Normal
2026-02-14 22:13:41.590006,NewYork-a3b3,-30,94,Normal
2026-02-14 22:13:42.590006,NewYork-a3b3,49,45,Normal
2026-02-14 22:13:43.590006,NewYork-a3b3,-14,62,Normal
2026-02-14 22:13:44.590006,NewYork-a3b3,-12,44,Normal
2026-02-14 22:13:45.590006,NewYork-a3b3,-13,70,Normal
2026-02-14 22:13:46.590006,NewYork-a3b3,48,11,Normal
2026-02-14 22:13:47.590006,NewYork-a3b3,-14,78,Normal
2026-02-14 22:13:48.590006,NewYork-a3b3,42,78,Normal
2026-02-14 22:13:49.590006,NewYork-a3b3,23,42,Normal
2026-02-14 22:13:50.590006,NewYork-a3b3,18,18,Normal
2026-02-14 22:13:51.590006,NewYork-a3b3,21,90,Normal
2026-02-14 22:13:52.590006,NewYork-a3b3,-29,94,Normal
2026-02-14 22:13:53.590006,NewYork-a3b3,37,9,Normal
2026-02-14 22:13:54.590006,NewYork-a3b3,-23,69,Normal
2026-02-14 22:13:55.590006,NewYork-a3b3,34,33,Normal
2026-02-14 22:13:56.590006,NewYork-a3b3,48,13,Normal
2026-02-14 22:13:57.590006,NewYork-a3b3,20,17,Normal
2026-02-14 22:13:58.590006,NewYork-a3b3,21,69,Normal
2026-02-14 22:13:59.590006,NewYork-a3b3,39,55,Normal
2026-02-14 22:14:00.590006,NewYork-a3b3,-21,33,Normal
2026-02-14 22:14:01.590006,NewYork-a3b3,-25,87,Normal
2026-02-14 22:14:02.590006,NewYork-a3b3,18,18,Normal
2026-02-14 22:14:03.590006,NewYork-a3b3,23,2,Normal
2026-02-14 22:14:04.590006,NewYork-a3b3,0,55,Normal
2026-02-14 22:14:05.590006,NewYork-a3b3,23,83,Normal
2026-02-14 22:14:06.590006,NewYork-a3b3,50,0,Normal
2026-02-14 22:14:07.590006,NewYork-a3b3,30,42,Normal
2026-02-14 22:14:08.590006,NewYork-a3b3,15,95,Normal
2026-02-14 22:14:09.590006,NewYork-a3b3,-18,94,Normal
2026-02-14 22:14:10.590006,NewYork-a3b3,-20,55,Normal
2026-02-14 22:14:11.590006,NewYork-a3b3,49,42,Normal
2026-02-14 22:14:12.590006,NewYork-a3b3,15,35,Normal
2026-02-14 22:14:13.590006,NewYork-a3b3,20,85,Normal
2026-02-14 22:14:14.590006,NewYork-a3b3,-23,74,Normal
2026-02-14 22:14:15.590006,NewYork-a3b3,50,91,Normal
2026-02-14 22:14:16.590006,NewYork-a3b3,12,47,Normal
2026-02-14 22:14:17.590006,NewYork-a3b3,37,58,Normal
2026-02-14 22:14:18.590006,NewYork-a3b3,16,12,Normal
2026-02-14 22:14:19.590006,NewYork-a3b3,43,97,Normal
2026-02-14 22:14:20.590006,NewYork-a3b3,-9,88,Normal
2026-02-14 22:14:21.590006,NewYork-a3b3,-26,17,Normal
2026-02-14 22:14:22.590006,NewYork-a3b3,14,46,Normal
2026-02-14 22:14:23.590006,NewYork-a3b3,-17,49,Normal
2026-02-14 22:14:24.590006,NewYork-a3b3,2,19,Normal
2026-02-14 22:14:25.590006,NewYork-a3b3,-2,16,Normal
2026-02-14 22:14:26.590006,NewYork-a3b3,32,33,Normal
2026-02-14 22:14:27.590006,NewYork-a3b3,-26,77,Normal
2026-02-14 22:14:28.590006,NewYork-a3b3,9,52,Normal
2026-02-14 22:14:29.590006,NewYork-a3b3,19,100,Normal
2026-02-14 22:14:30.590006,NewYork-a3b3,24,60,Normal
2026-02-14 22:14:31.590006,NewYork-a3b3,-8,55,Normal
2026-02-14 22:14:32.590006,NewYork-a3b3,45,63,Normal
2026-02-14 22:14:33.590006,NewYork-a3b3,-5,26,Normal
2026-02-14 22:14:34.590006,NewYork-a3b3,19,7,Normal
2026-02-14 22:14:35.590006,NewYork-a3b3,43,14,Normal
2026-02-14 22:14:36.590006,NewYork-a3b3,29,20,Normal
2026-02-14 22:14:37.590006,NewYork-a3b3,-21,58,Normal
2026-02-14 22:14:38.590006,NewYork-a3b3,-25,34,Normal
2026-02-14 22:14:39.590006,NewYork-a3b3,4,28,Normal
2026-02-14 22:14:40.590006,NewYork-a3b3,11,51,Normal
2026-02-14 22:14:41.590006,NewYork-a3b3,2,35,Normal
2026-02-14 22:14:42.590006,NewYork-a3b3,42,73,Normal
2026-02-14 22:14:43.590006,NewYork-a3b3,9,29,Normal
2026-02-14 22:14:44.590006,NewYork-a3b3,5,17,Normal
2026-02-14 22:14:45.590006,NewYork-a3b3,-19,13,Normal
2026-02-14 22:14:46.590006,NewYork-a3b3,44,98,Normal
2026-02-14 22:14:47.590006,NewYork-a3b3,-1,21,Normal
2026-02-14 22:14:48.590006,NewYork-a3b3,13,94,Normal
2026-02-14 22:14:49.590006,NewYork-a3b3,-27,93,Normal
2026-02-14 22:14:50.590006,NewYork-a3b3,9,77,Normal
2026-02-14 22:14:51.590006,NewYork-a3b3,-4,34,Normal
2026-02-14 22:14:52.590006,NewYork-a3b3,-5,55,Normal
2026-02-14 22:14:53.590006,NewYork-a3b3,30,32,Normal
2026-02-14 22:14:54.590006,NewYork-a3b3,-17,71,Normal
2026-02-14 22:14:55.590006,NewYork-a3b3,-20,50,Normal
2026-02-14 22:14:56.590006,NewYork-a3b3,48,79,Normal
2026-02-14 22:14:57.590006,NewYork-a3b3,24,63,Normal
2026-02-14 22:14:58.590006,NewYork-a3b3,-29,19,Normal
2026-02-14 22:14:59.590006,NewYork-a3b3,41,52,Normal
2026-02-14 22:15:00.590006,NewYork-a3b3,-28,89,Normal
2026-02-14 22:15:01.590006,NewYork-a3b3,35,33,Normal
2026-02-14 22:15:02.590006,NewYork-a3b3,-12,35,Normal
2026-02-14 22:15:03.590006,NewYork-a3b3,19,57,Normal
2026-02-14 22:15:04.590006,NewYork-a3b3,-25,89,Normal
2026-02-14 22:15:05.590006,NewYork-a3b3,16,34,Normal
2026-02-14 22:15:06.590006,NewYork-a3b3,-25,57,Normal
2026-02-14 22:15:07.590006,NewYork-a3b3,25,63,Normal
2026-02-14 22:15:08.590006,NewYork-a3b3,50,88,Normal
2026-02-14 22:15:09.590006,NewYork-a3b3,37,68,Normal
2026-02-14 22:15:10.590006,NewYork-a3b3,30,56,Normal
2026-02-14 22:15:11.590006,NewYork-a3b3,50,48,Normal
2026-02-14 22:15:12.590006,NewYork-a3b3,18,94,Normal
2026-02-14 22:15:13.590006,NewYork-a3b3,-15,98,Normal
2026-02-14 22:15:14.590006,NewYork-a3b3,3,68,Normal
2026-02-14 22:15:15.590006,NewYork-a3b3,12,62,Normal
2026-02-14 22:15:16.590006,NewYork-a3b3,-30,12,Normal
2026-02-14 22:15:17.590006,NewYork-a3b3,-7,40,Normal
2026-02-14 22:15:18.590006,NewYork-a3b3,-1,51,Normal
2026-02-14 22:15:19.590006,NewYork-a3b3,-30,83,Normal
2026-02-14 22:15:20.590006,NewYork-a3b3,-2,26,Normal
2026-02-14 22:15:21.590006,NewYork-a3b3,-2,16,Normal
2026-02-14 22:15:22.590006,NewYork-a3b3,28,24,Normal
2026-02-14 22:15:23.590006,NewYork-a3b3,-24,43,Normal
2026-02-14 22:15:24.590006,NewYork-a3b3,22,37,Normal
2026-02-14 22:15:25.590006,NewYork-a3b3,46,81,Normal
2026-02-14 22:15:26.590006,NewYork-a3b3,3,57,Normal
2026-02-14 22:15:27.590006,NewYork-a3b3,-2,98,Normal
2026-02-14 22:15:28.590006,NewYork-a3b3,36,44,Normal
2026-02-14 22:15:29.590006,NewYork-a3b3,14,33,Normal
2026-02-14 22:15:30.590006,NewYork-a3b3,3,9,Normal
2026-02-14 22:15:31.590006,NewYork-a3b3,11,97,Normal
2026-02-14 22:15:32.590006,NewYork-a3b3,27,25,Normal
2026-02-14 22:15:33.590006,NewYork-a3b3,40,96,Normal
2026-02-14 22:15:34.590006,NewYork-a3b3,13,43,Normal
2026-02-14 22:15:35.590006,NewYork-a3b3,-29,43,Normal
2026-02-14 22:15:36.590006,NewYork-a3b3,-12,69,Normal
2026-02-14 22:15:37.590006,NewYork-a3b3,23,81,Normal
2026-02-14 22:15:38.590006,NewYork-a3b3,10,29,Normal
2026-02-14 22:15:39.590006,NewYork-a3b3,-17,96,Normal
2026-02-14 22:15:40.590006,NewYork-a3b3,17,18,Normal
2026-02-14 22:15:41.590006,NewYork-a3b3,-9,74,Normal
2026-02-14 22:15:42.590006,NewYork-a3b3,27,22,Normal
2026-02-14 22:15:43.590006,NewYork-a3b3,39,10,Normal
2026-02-14 22:15:44.590006,NewYork-a3b3,35,60,Normal
2026-02-14 22:15:45.590006,NewYork-a3b3,-21,83,Normal
2026-02-14 22:15:46.590006,NewYork-a3b3,36,84,Normal
2026-02-14 22:15:47.590006,NewYork-a3b3,23,75,Normal
2026-02-14 22:15:48.590006,NewYork-a3b3,16,19,Normal
2026-02-14 22:15:49.590006,NewYork-a3b3,36,5,Normal
2026-02-14 22:15:50.590006,NewYork-a3b3,5,34,Normal
2026-02-14 22:15:51.590006,NewYork-a3b3,34,36,Normal
2026-02-14 22:15:52.590006,NewYork-a3b3,-13,17,Normal
2026-02-14 22:15:53.590006,NewYork-a3b3,49,69,Normal
2026-02-14 22:15:54.590006,NewYork-a3b3,-3,91,Normal
2026-02-14 22:15:55.590006,NewYork-a3b3,42,65,Normal
2026-02-14 22:15:56.590006,NewYork-a3b3,-17,6,Normal
2026-02-14 22:15:57.590006,NewYork-a3b3,4,19,Normal
2026-02-14 22:15:58.590006,NewYork-a3b3,37,17,Normal
2026-02-14 22:15:59.590006,NewYork-a3b3,49,87,Normal
2026-02-14 22:16:00.590006,NewYork-a3b3,44,95,Normal
2026-02-14 22:16:01.590006,NewYork-a3b3,-22,17,Normal
2026-02-14 22:16:02.590006,NewYork-a3b3,37,59,Normal
2026-02-14 22:16:03.590006,NewYork-a3b3,41,82,Normal
2026-02-14 22:16:04.590006,NewYork-a3b3,-17,50,Normal
2026-02-14 22:16:05.590006,NewYork-a3b3,28,18,Normal
2026-02-14 22:16:06.590006,NewYork-a3b3,-24,47,Normal
2026-02-14 22:16:07.590006,NewYork-a3b3,23,65,Normal
2026-02-14 22:16:08.590006,NewYork-a3b3,-5,1,Normal
2026-02-14 22:16:09.590006,NewYork-a3b3,-24,38,Normal
2026-02-14 22:16:10.590006,NewYork-a3b3,7,68,Normal
2026-02-14 22:16:11.590006,NewYork-a3b3,-23,90,Normal
2026-02-14 22:16:12.590006,NewYork-a3b3,22,80,Normal
2026-02-14 22:16:13.590006,NewYork-a3b3,-13,83,Normal
2026-02-14 22:16:14.590006,NewYork-a3b3,-9,78,Normal
2026-02-14 22:16:15.590006,NewYork-a3b3,-26,94,Normal
2026-02-14 22:16:16.590006,NewYork-a3b3,14,90,Normal
2026-02-14 22:16:17.590006,NewYork-a3b3,-7,76,Normal
2026-02-14 22:16:18.590006,NewYork-a3b3,-22,63,Normal
2026-02-14 22:16:19.590006,NewYork-a3b3,28,57,Normal
2026-02-14 22:16:20.590006,NewYork-a3b3,-20,9,Normal
2026-02-14 22:16:21.590006,NewYork-a3b3,-15,23,Normal
2026-02-14 22:16:22.590006,NewYork-a3b3,-4,7,Normal
2026-02-14 22:16:23.590006,NewYork-a3b3,40,66,Normal
2026-02-14 22:16:24.590006,NewYork-a3b3,16,53,Normal
2026-02-14 22:16:25.590006,NewYork-a3b3,32,28,Normal
2026-02-14 22:16:26.590006,NewYork-a3b3,-5,78,Normal
2026-02-14 22:16:27.590006,NewYork-a3b3,8,70,Normal
2026-02-14 22:16:28.590006,NewYork-a3b3,-28,78,Normal
2026-02-14 22:16:29.590006,NewYork-a3b3,-3,89,Normal
2026-02-14 22:16:30.590006,NewYork-a3b3,-16,30,Normal
2026-02-14 22:16:31.590006,NewYork-a3b3,42,50,Normal
2026-02-14 22:16:32.590006,NewYork-a3b3,8,50,Normal
2026-02-14 22:16:33.590006,NewYork-a3b3,-19,21,Normal
2026-02-14 22:16:34.590006,NewYork-a3b3,32,65,Normal
2026-02-14 22:16:35.590006,NewYork-a3b3,-15,81,Normal
2026-02-14 22:16:36.590006,NewYork-a3b3,-15,36,Normal
2026-02-14 22:16:37.590006,NewYork-a3b3,-11,12,Normal
2026-02-14 22:16:38.590006,NewYork-a3b3,11,4,Normal
2026-02-14 22:16:39.590006,NewYork-a3b3,27,89,Normal
2026-02-14 22:16:40.590006,NewYork-a3b3,36,5,Normal
2026-02-14 22:16:41.590006,NewYork-a3b3,43,57,Normal
2026-02-14 22:16:42.590006,NewYork-a3b3,28,34,Normal
2026-02-14 22:16:43.590006,NewYork-a3b3,48,15,Normal
2026-02-14 22:16:44.590006,NewYork-a3b3,28,26,Normal
2026-02-14 22:16:45.590006,NewYork-a3b3,33,84,Normal
2026-02-14 22:16:46.590006,NewYork-a3b3,-9,60,Normal
2026-02-14 22:16:47.590006,NewYork-a3b3,-20,27,Normal
2026-02-14 22:16:48.590006,NewYork-a3b3,27,39,Normal
2026-02-14 22:16:49.590006,NewYork-a3b3,28,30,Normal
2026-02-14 22:16:50.590006,NewYork-a3b3,15,18,Normal
2026-02-14 22:16:51.590006,NewYork-a3b3,4,29,Normal
2026-02-14 22:16:52.590006,NewYork-a3b3,46,78,Normal
2026-02-14 22:16:53.590006,NewYork-a3b3,34,52,Normal
2026-02-14 22:16:54.590006,NewYork-a3b3,-7,42,Normal
2026-02-14 22:16:55.590006,NewYork-a3b3,-14,32,Normal
2026-02-14 22:16:56.590006,NewYork-a3b3,22,10,Normal
2026-02-14 22:16:57.590006,NewYork-a3b3,-12,50,Normal
2026-02-14 22:16:58.590006,NewYork-a3b3,13,54,Normal
2026-02-14 22:16:59.590006,NewYork-a3b3,34,57,Normal
2026-02-14 22:17:00.590006,NewYork-a3b3,-15,86,Normal
2026-02-14 22:17:01.590006,NewYork-a3b3,37,43,Normal
2026-02-14 22:17:02.590006,NewYork-a3b3,47,82,Normal
2026-02-14 22:17:03.590006,NewYork-a3b3,-2,2,Normal
2026-02-14 22:17:04.590006,NewYork-a3b3,10,54,Normal
2026-02-14 22:17:05.590006,NewYork-a3b3,26,87,Normal
2026-02-14 22:17:06.590006,NewYork-a3b3,-15,13,Normal
2026-02-14 22:17:07.590006,NewYork-a3b3,-16,51,Normal
2026-02-14 22:17:08.590006,NewYork-a3b3,-21,0,Normal
2026-02-14 22:17:09.590006,NewYork-a3b3,22,95,Normal
2026-02-14 22:17:10.590006,NewYork-a3b3,-30,78,Normal
2026-02-14 22:17:11.590006,NewYork-a3b3,20,38,Normal
2026-02-14 22:17:12.590006,NewYork-a3b3,23,22,Normal
2026-02-14 22:17:13.590006,NewYork-a3b3,44,33,Normal
2026-02-14 22:17:14.590006,NewYork-a3b3,7,60,Normal
2026-02-14 22:17:15.590006,NewYork-a3b3,-3,60,Normal
2026-02-14 22:17:16.590006,NewYork-a3b3,23,37,Normal
2026-02-14 22:17:17.590006,NewYork-a3b3,40,21,Normal
2026-02-14 22:17:18.590006,NewYork-a3b3,-5,59,Normal
2026-02-14 22:17:19.590006,NewYork-a3b3,-30,44,Normal
2026-02-14 22:17:20.590006,NewYork-a3b3,-7,69,Normal
2026-02-14 22:17:21.590006,NewYork-a3b3,20,57,Normal
2026-02-14 22:17:22.590006,NewYork-a3b3,-28,29,Normal
2026-02-14 22:17:23.590006,NewYork-a3b3,9,40,Normal
2026-02-14 22:17:24.590006,NewYork-a3b3,42,61,Normal
2026-02-14 22:17:25.590006,NewYork-a3b3,20,33,Normal
2026-02-14 22:17:26.590006,NewYork-a3b3,-22,56,Normal
2026-02-14 22:17:27.590006,NewYork-a3b3,-15,58,Normal
2026-02-14 22:17:28.590006,NewYork-a3b3,-19,13,Normal
2026-02-14 22:17:29.590006,NewYork-a3b3,11,27,Normal
2026-02-14 22:17:30.590006,NewYork-a3b3,7,17,Normal
2026-02-14 22:17:31.590006,NewYork-a3b3,16,53,Normal
2026-02-14 22:17:32.590006,NewYork-a3b3,32,75,Normal
2026-02-14 22:17:33.590006,NewYork-a3b3,-7,9,Normal
2026-02-14 22:17:34.590006,NewYork-a3b3,33,56,Normal
2026-02-14 22:17:35.590006,NewYork-a3b3,-9,88,Normal
2026-02-14 22:17:36.590006,NewYork-a3b3,6,50,Normal
2026-02-14 22:17:37.590006,NewYork-a3b3,36,17,Normal
2026-02-14 22:17:38.590006,NewYork-a3b3,-17,44,Normal
2026-02-14 22:17:39.590006,NewYork-a3b3,-12,16,Normal
2026-02-14 22:17:40.590006,NewYork-a3b3,35,9,Normal
2026-02-14 22:17:41.590006,NewYork-a3b3,-14,65,Normal
2026-02-14 22:17:42.590006,NewYork-a3b3,40,62,Normal
2026-02-14 22:17:43.590006,NewYork-a3b3,29,90,Normal
2026-02-14 22:17:44.590006,NewYork-a3b3,41,86,Normal
2026-02-14 22:17:45.590006,NewYork-a3b3,39,64,Normal
2026-02-14 22:17:46.590006,NewYork-a3b3,16,16,Normal
2026-02-14 22:17:47.590006,NewYork-a3b3,13,98,Normal
2026-02-14 22:17:48.590006,NewYork-a3b3,-13,69,Normal
2026-02-14 22:17:49.590006,NewYork-a3b3,33,59,Normal
2026-02-14 22:17:50.590006,NewYork-a3b3,-24,64,Normal
2026-02-14 22:17:51.590006,NewYork-a3b3,-13,70,Normal
2026-02-14 22:17:52.590006,NewYork-a3b3,-1,47,Normal
2026-02-14 22:17:53.590006,NewYork-a3b3,-24,97,Normal
2026-02-14 22:17:54.590006,NewYork-a3b3,-20,76,Normal
2026-02-14 22:17:55.590006,NewYork-a3b3,34,50,Normal
2026-02-14 22:17:56.590006,NewYork-a3b3,40,20,Normal
2026-02-14 22:17:57.590006,NewYork-a3b3,-6,76,Normal
2026-02-14 22:17:58.590006,NewYork-a3b3,16,86,Normal
2026-02-14 22:17:59.590006,NewYork-a3b3,10,60,Normal
2026-02-14 22:18:00.590006,NewYork-a3b3,1,75,Normal
2026-02-14 22:18:01.590006,NewYork-a3b3,28,66,Normal
2026-02-14 22:18:02.590006,NewYork-a3b3,37,18,Normal
2026-02-14 22:18:03.590006,NewYork-a3b3,7,19,Normal
2026-02-14 22:18:04.590006,NewYork-a3b3,-27,95,Normal
2026-02-14 22:18:05.590006,NewYork-a3b3,36,30,Normal
2026-02-14 22:18:06.590006,NewYork-a3b3,22,84,Normal
2026-02-14 22:18:07.590006,NewYork-a3b3,-27,22,Normal
2026-02-14 22:18:08.590006,NewYork-a3b3,12,89,Normal
2026-02-14 22:18:09.590006,NewYork-a3b3,-28,39,Normal
2026-02-14 22:18:10.590006,NewYork-a3b3,-24,59,Normal
2026-02-14 22:18:11.590006,NewYork-a3b3,-9,27,Normal
2026-02-14 22:18:12.590006,NewYork-a3b3,-17,67,Normal
2026-02-14 22:18:13.590006,NewYork-a3b3,-10,34,Normal
2026-02-14 22:18:14.590006,NewYork-a3b3,-13,85,Normal
2026-02-14 22:18:15.590006,NewYork-a3b3,8,51,Normal
2026-02-14 22:18:16.590006,NewYork-a3b3,-25,21,Normal
2026-02-14 22:18:17.590006,NewYork-a3b3,-27,99,Normal
2026-02-14 22:18:18.590006,NewYork-a3b3,6,15,Normal
2026-02-14 22:18:19.590006,NewYork-a3b3,7,59,Normal
2026-02-14 22:18:20.590006,NewYork-a3b3,-26,33,Normal
2026-02-14 22:18:21.590006,NewYork-a3b3,27,64,Normal
2026-02-14 22:18:22.590006,NewYork-a3b3,23,57,Normal
2026-02-14 22:18:23.590006,NewYork-a3b3,26,22,Normal
2026-02-14 22:18:24.590006,NewYork-a3b3,18,100,Normal
2026-02-14 22:18:25.590006,NewYork-a3b3,40,46,Normal
2026-02-14 22:18:26.590006,NewYork-a3b3,12,6,Normal
2026-02-14 22:18:27.590006,NewYork-a3b3,-28,10,Normal
2026-02-14 22:18:28.590006,NewYork-a3b3,4,16,Normal
2026-02-14 22:18:29.590006,NewYork-a3b3,22,58,Normal
2026-02-14 22:18:30.590006,NewYork-a3b3,21,56,Normal
2026-02-14 22:18:31.590006,NewYork-a3b3,19,66,Normal
2026-02-14 22:18:32.590006,NewYork-a3b3,30,8,Normal
2026-02-14 22:18:33.590006,NewYork-a3b3,-14,66,Normal
2026-02-14 22:18:34.590006,NewYork-a3b3,41,34,Normal
2026-02-14 22:18:35.590006,NewYork-a3b3,33,21,Normal
2026-02-14 22:18:36.590006,NewYork-a3b3,39,75,Normal
2026-02-14 22:18:37.590006,NewYork-a3b3,4,16,Normal
2026-02-14 22:18:38.590006,NewYork-a3b3,43,53,Normal
2026-02-14 22:18:39.590006,NewYork-a3b3,38,18,Normal
2026-02-14 22:18:40.590006,NewYork-a3b3,-11,56,Normal
2026-02-14 22:18:41.590006,NewYork-a3b3,5,17,Normal
2026-02-14 22:18:42.590006,NewYork-a3b3,13,28,Normal
2026-02-14 22:18:43.590006,NewYork-a3b3,-26,13,Normal
2026-02-14 22:18:44.590006,NewYork-a3b3,-12,54,Normal
2026-02-14 22:18:45.590006,NewYork-a3b3,49,32,Normal
2026-02-14 22:18:46.590006,NewYork-a3b3,-18,35,Normal
2026-02-14 22:18:47.590006,NewYork-a3b3,22,43,Normal
2026-02-14 22:18:48.590006,NewYork-a3b3,-1,32,Normal
2026-02-14 22:18:49.590006,NewYork-a3b3,19,5,Normal
2026-02-14 22:18:50.590006,NewYork-a3b3,-25,99,Normal
2026-02-14 22:18:51.590006,NewYork-a3b3,44,61,Normal
2026-02-14 22:18:52.590006,NewYork-a3b3,16,6,Normal
2026-02-14 22:18:53.590006,NewYork-a3b3,6,26,Normal
2026-02-14 22:18:54.590006,NewYork-a3b3,30,74,Normal
2026-02-14 22:18:55.590006,NewYork-a3b3,48,52,Normal
2026-02-14 22:18:56.590006,NewYork-a3b3,-21,96,Normal
2026-02-14 22:18:57.590006,NewYork-a3b3,37,91,Normal
2026-02-14 22:18:58.590006,NewYork-a3b3,1,3,Normal
2026-02-14 22:18:59.590006,NewYork-a3b3,41,83,Normal
2026-02-14 22:19:00.590006,NewYork-a3b3,48,11,Normal
2026-02-14 22:19:01.590006,NewYork-a3b3,15,73,Normal
2026-02-14 22:19:02.590006,NewYork-a3b3,17,19,Normal
2026-02-14 22:19:03.590006,NewYork-a3b3,21,90,Normal
2026-02-14 22:19:04.590006,NewYork-a3b3,16,40,Normal
2026-02-14 22:19:05.590006,NewYork-a3b3,5,52,Normal
2026-02-14 22:19:06.590006,NewYork-a3b3,13,85,Normal
2026-02-14 22:19:07.590006,NewYork-a3b3,29,65,Normal
2026-02-14 22:19:08.590006,NewYork-a3b3,10,15,Normal
2026-02-14 22:19:09.590006,NewYork-a3b3,-24,47,Normal
2026-02-14 22:19:10.590006,NewYork-a3b3,31,28,Normal
2026-02-14 22:19:11.590006,NewYork-a3b3,8,54,Normal
2026-02-14 22:19:12.590006,NewYork-a3b3,37,75,Normal
2026-02-14 22:19:13.590006,NewYork-a3b3,20,12,Normal
2026-02-14 22:19:14.590006,NewYork-a3b3,-27,82,Normal
2026-02-14 22:19:15.590006,NewYork-a3b3,-4,14,Normal
2026-02-14 22:19:16.590006,NewYork-a3b3,21,40,Normal
2026-02-14 22:19:17.590006,NewYork-a3b3,-2,15,Normal
2026-02-14 22:19:18.590006,NewYork-a3b3,4,93,Normal
2026-02-14 22:19:19.590006,NewYork-a3b3,-13,61,Normal
2026-02-14 22:19:20.590006,NewYork-a3b3,27,2,Normal
2026-02-14 22:19:21.590006,NewYork-a3b3,-2,57,Normal
2026-02-14 22:19:22.590006,NewYork-a3b3,48,61,Normal
2026-02-14 22:19:23.590006,NewYork-a3b3,-8,48,Normal
2026-02-14 22:19:24.590006,NewYork-a3b3,-7,100,Normal
2026-02-14 22:19:25.590006,NewYork-a3b3,41,53,Normal
2026-02-14 22:19:26.590006,NewYork-a3b3,-21,13,Normal
2026-02-14 22:19:27.590006,NewYork-a3b3,-3,29,Normal
2026-02-14 22:19:28.590006,NewYork-a3b3,49,51,Normal
2026-02-14 22:19:29.590006,NewYork-a3b3,21,50,Normal
2026-02-14 22:19:30.590006,NewYork-a3b3,-6,20,Normal
2026-02-14 22:19:31.590006,NewYork-a3b3,50,1,Normal
2026-02-14 22:19:32.590006,NewYork-a3b3,35,22,Normal
2026-02-14 22:19:33.590006,NewYork-a3b3,38,74,Normal
2026-02-14 22:19:34.590006,NewYork-a3b3,4,94,Normal
2026-02-14 22:19:35.590006,NewYork-a3b3,28,86,Normal
2026-02-14 22:19:36.590006,NewYork-a3b3,-18,46,Normal
2026-02-14 22:19:37.590006,NewYork-a3b3,-7,64,Normal
2026-02-14 22:19:38.590006,NewYork-a3b3,-29,99,Normal
2026-02-14 22:19:39.590006,NewYork-a3b3,0,14,Normal
2026-02-14 22:19:40.590006,NewYork-a3b3,31,36,Normal
2026-02-14 22:19:41.590006,NewYork-a3b3,32,68,Normal
2026-02-14 22:19:42.590006,NewYork-a3b3,-28,36,Normal
2026-02-14 22:19:43.590006,NewYork-a3b3,15,22,Normal
2026-02-14 22:19:44.590006,NewYork-a3b3,26,75,Normal
2026-02-14 22:19:45.590006,NewYork-a3b3,15,91,Normal
2026-02-14 22:19:46.590006,NewYork-a3b3,6,53,Normal
2026-02-14 22:19:47.590006,NewYork-a3b3,32,100,Normal
2026-02-14 22:19:48.590006,NewYork-a3b3,-2,25,Normal
2026-02-14 22:19:49.590006,NewYork-a3b3,40,34,Normal
2026-02-14 22:19:50.590006,NewYork-a3b3,33,23,Normal
2026-02-14 22:19:51.590006,NewYork-a3b3,32,12,Normal
2026-02-14 22:19:52.590006,NewYork-a3b3,40,54,Normal
2026-02-14 22:19:53.590006,NewYork-a3b3,-23,74,Normal
2026-02-14 22:19:54.590006,NewYork-a3b3,48,3,Normal
2026-02-14 22:19:55.590006,NewYork-a3b3,13,35,Normal
2026-02-14 22:19:56.590006,NewYork-a3b3,5,19,Normal
2026-02-14 22:19:57.590006,NewYork-a3b3,25,98,Normal
2026-02-14 22:19:58.590006,NewYork-a3b3,34,9,Normal
2026-02-14 22:19:59.590006,NewYork-a3b3,-22,99,Normal
2026-02-14 22:20:00.590006,NewYork-a3b3,-28,6,Normal
2026-02-14 22:20:01.590006,NewYork-a3b3,43,42,Normal
2026-02-14 22:20:02.590006,NewYork-a3b3,-11,41,Normal
2026-02-14 22:20:03.590006,NewYork-a3b3,3,32,Normal
2026-02-14 22:20:04.590006,NewYork-a3b3,34,28,Normal
2026-02-14 22:20:05.590006,NewYork-a3b3,46,28,Normal
2026-02-14 22:20:06.590006,NewYork-a3b3,14,66,Normal
2026-02-14 22:20:07.590006,NewYork-a3b3,35,92,Normal
2026-02-14 22:20:08.590006,NewYork-a3b3,28,64,Normal
2026-02-14 22:20:09.590006,NewYork-a3b3,-14,57,Normal
2026-02-14 22:20:10.590006,NewYork-a3b3,45,8,Normal
2026-02-14 22:20:11.590006,NewYork-a3b3,-20,53,Normal
2026-02-14 22:20:12.590006,NewYork-a3b3,35,53,Normal
2026-02-14 22:20:13.590006,NewYork-a3b3,-19,22,Normal
2026-02-14 22:20:14.590006,NewYork-a3b3,-26,43,Normal
2026-02-14 22:20:15.590006,NewYork-a3b3,3,32,Normal
2026-02-14 22:20:16.590006,NewYork-a3b3,38,88,Normal
2026-02-14 22:20:17.590006,NewYork-a3b3,20,100,Normal
2026-02-14 22:20:18.590006,NewYork-a3b3,33,99,Normal
2026-02-14 22:20:19.590006,NewYork-a3b3,35,45,Normal
2026-02-14 22:20:20.590006,NewYork-a3b3,39,10,Normal
2026-02-14 22:20:21.590006,NewYork-a3b3,33,9,Normal
2026-02-14 22:20:22.590006,NewYork-a3b3,28,92,Normal
2026-02-14 22:20:23.590006,NewYork-a3b3,7,70,Normal
2026-02-14 22:20:24.590006,NewYork-a3b3,-3,83,Normal
2026-02-14 22:20:25.590006,NewYork-a3b3,-11,94,Normal
2026-02-14 22:20:26.590006,NewYork-a3b3,22,74,Normal
2026-02-14 22:20:27.590006,NewYork-a3b3,17,10,Normal
2026-02-14 22:20:28.590006,NewYork-a3b3,35,9,Normal
2026-02-14 22:20:29.590006,NewYork-a3b3,17,17,Normal
2026-02-14 22:20:30.590006,NewYork-a3b3,3,81,Normal
2026-02-14 22:20:31.590006,NewYork-a3b3,3,1,Normal
2026-02-14 22:20:32.590006,NewYork-a3b3,34,91,Normal
2026-02-14 22:20:33.590006,NewYork-a3b3,29,9,Normal
2026-02-14 22:20:34.590006,NewYork-a3b3,-27,2,Normal
2026-02-14 22:20:35.590006,NewYork-a3b3,26,88,Normal
2026-02-14 22:20:36.590006,NewYork-a3b3,-11,35,Normal
2026-02-14 22:20:37.590006,NewYork-a3b3,3,62,Normal
2026-02-14 22:20:38.590006,NewYork-a3b3,28,12,Normal
2026-02-14 22:20:39.590006,NewYork-a3b3,-23,55,Normal
2026-02-14 22:20:40.590006,NewYork-a3b3,42,80,Normal
2026-02-14 22:20:41.590006,NewYork-a3b3,38,99,Normal
2026-02-14 22:20:42.590006,NewYork-a3b3,38,33,Normal
2026-02-14 22:20:43.590006,NewYork-a3b3,44,79,Normal
2026-02-14 22:20:44.590006,NewYork-a3b3,11,48,Normal
2026-02-14 22:20:45.590006,NewYork-a3b3,14,67,Normal
2026-02-14 22:20:46.590006,NewYork-a3b3,-30,50,Normal
2026-02-14 22:20:47.590006,NewYork-a3b3,8,96,Normal
2026-02-14 22:20:48.590006,NewYork-a3b3,29,29,Normal
2026-02-14 22:20:49.590006,NewYork-a3b3,39,60,Normal
2026-02-14 22:20:50.590006,NewYork-a3b3,22,28,Normal
2026-02-14 22:20:51.590006,NewYork-a3b3,-15,44,Normal
2026-02-14 22:20:52.590006,NewYork-a3b3,43,92,Normal
2026-02-14 22:20:53.590006,NewYork-a3b3,7,79,Normal
2026-02-14 22:20:54.590006,NewYork-a3b3,-23,83,Normal
2026-02-14 22:20:55.590006,NewYork-a3b3,16,23,Normal
2026-02-14 22:20:56.590006,NewYork-a3b3,12,82,Normal
2026-02-14 22:20:57.590006,NewYork-a3b3,7,0,Normal
2026-02-14 22:20:58.590006,NewYork-a3b3,31,73,Normal
2026-02-14 22:20:59.590006,NewYork-a3b3,-2,1,Normal
2026-02-14 22:21:00.590006,NewYork-a3b3,-2,31,Normal
2026-02-14 22:21:01.590006,NewYork-a3b3,43,47,Normal
2026-02-14 22:21:02.590006,NewYork-a3b3,16,97,Normal
2026-02-14 22:21:03.590006,NewYork-a3b3,22,13,Normal
2026-02-14 22:21:04.590006,NewYork-a3b3,40,10,Normal
2026-02-14 22:21:05.590006,NewYork-a3b3,4,100,Normal
2026-02-14 22:21:06.590006,NewYork-a3b3,0,66,Normal
2026-02-14 22:21:07.590006,NewYork-a3b3,-30,79,Normal
2026-02-14 22:21:08.590006,NewYork-a3b3,32,11,Normal
2026-02-14 22:21:09.590006,NewYork-a3b3,35,55,Normal
2026-02-14 22:21:10.590006,NewYork-a3b3,5,81,Normal
2026-02-14 22:21:11.590006,NewYork-a3b3,-11,80,Normal
2026-02-14 22:21:12.590006,NewYork-a3b3,6,8,Normal
2026-02-14 22:21:13.590006,NewYork-a3b3,2,83,Normal
2026-02-14 22:21:14.590006,NewYork-a3b3,-4,33,Normal
2026-02-14 22:21:15.590006,NewYork-a3b3,-13,5,Normal
2026-02-14 22:21:16.590006,NewYork-a3b3,1,50,Normal
2026-02-14 22:21:17.590006,NewYork-a3b3,33,71,Normal
2026-02-14 22:21:18.590006,NewYork-a3b3,0,40,Normal
2026-02-14 22:21:19.590006,NewYork-a3b3,41,14,Normal
2026-02-14 22:21:20.590006,NewYork-a3b3,19,80,Normal
2026-02-14 22:21:21.590006,NewYork-a3b3,15,5,Normal
2026-02-14 22:21:22.590006,NewYork-a3b3,-10,72,Normal
2026-02-14 22:21:23.590006,NewYork-a3b3,-3,54,Normal
2026-02-14 22:21:24.590006,NewYork-a3b3,-6,87,Normal
2026-02-14 22:21:25.590006,NewYork-a3b3,-12,28,Normal
2026-02-14 22:21:26.590006,NewYork-a3b3,35,34,Normal
2026-02-14 22:21:27.590006,NewYork-a3b3,-25,29,Normal
2026-02-14 22:21:28.590006,NewYork-a3b3,-11,45,Normal
2026-02-14 22:21:29.590006,NewYork-a3b3,-21,89,Normal
2026-02-14 22:21:30.590006,NewYork-a3b3,-23,52,Normal
2026-02-14 22:21:31.590006,NewYork-a3b3,34,41,Normal
2026-02-14 22:21:32.590006,NewYork-a3b3,36,76,Normal
2026-02-14 22:21:33.590006,NewYork-a3b3,19,8,Normal
2026-02-14 22:21:34.590006,NewYork-a3b3,-7,41,Normal
2026-02-14 22:21:35.590006,NewYork-a3b3,25,11,Normal
2026-02-14 22:21:36.590006,NewYork-a3b3,40,73,Normal
2026-02-14 22:21:37.590006,NewYork-a3b3,-18,54,Normal
2026-02-14 22:21:38.590006,NewYork-a3b3,19,66,Normal
2026-02-14 22:21:39.590006,NewYork-a3b3,35,80,Normal
2026-02-14 22:21:40.590006,NewYork-a3b3,-11,58,Normal
2026-02-14 22:21:41.590006,NewYork-a3b3,48,96,Normal
2026-02-14 22:21:42.590006,NewYork-a3b3,33,100,Normal
2026-02-14 22:21:43.590006,NewYork-a3b3,13,3,Normal
2026-02-14 22:21:44.590006,NewYork-a3b3,-7,55,Normal
2026-02-14 22:21:45.590006,NewYork-a3b3,20,61,Normal
2026-02-14 22:21:46.590006,NewYork-a3b3,-18,77,Normal
2026-02-14 22:21:47.590006,NewYork-a3b3,25,4,Normal
2026-02-14 22:21:48.590006,NewYork-a3b3,32,67,Normal
2026-02-14 22:21:49.590006,NewYork-a3b3,-7,64,Normal
2026-02-14 22:21:50.590006,NewYork-a3b3,24,52,Normal
2026-02-14 22:21:51.590006,NewYork-a3b3,-6,96,Normal
2026-02-14 22:21:52.590006,NewYork-a3b3,-3,43,Normal
2026-02-14 22:21:53.590006,NewYork-a3b3,30,47,Normal
2026-02-14 22:21:54.590006,NewYork-a3b3,32,4,Normal
2026-02-14 22:21:55.590006,NewYork-a3b3,23,7,Normal
2026-02-14 22:21:56.590006,NewYork-a3b3,-2,13,Normal
2026-02-14 22:21:57.590006,NewYork-a3b3,27,77,Normal
2026-02-14 22:21:58.590006,NewYork-a3b3,9,99,Normal
2026-02-14 22:21:59.590006,NewYork-a3b3,27,33,Normal
2026-02-14 22:22:00.590006,NewYork-a3b3,21,30,Normal
2026-02-14 22:22:01.590006,NewYork-a3b3,-2,44,Normal
2026-02-14 22:22:02.590006,NewYork-a3b3,7,9,Normal
2026-02-14 22:22:03.590006,NewYork-a3b3,17,83,Normal
2026-02-14 22:22:04.590006,NewYork-a3b3,3,73,Normal
2026-02-14 22:22:05.590006,NewYork-a3b3,-27,58,Normal
2026-02-14 22:22:06.590006,NewYork-a3b3,-7,24,Normal
2026-02-14 22:22:07.590006,NewYork-a3b3,23,38,Normal
2026-02-14 22:22:08.590006,NewYork-a3b3,45,88,Normal
2026-02-14 22:22:09.590006,NewYork-a3b3,-17,65,Normal
2026-02-14 22:22:10.590006,NewYork-a3b3,41,32,Normal
2026-02-14 22:22:11.590006,NewYork-a3b3,-20,81,Normal
2026-02-14 22:22:12.590006,NewYork-a3b3,3,73,Normal
2026-02-14 22:22:13.590006,NewYork-a3b3,34,42,Normal
2026-02-14 22:22:14.590006,NewYork-a3b3,-10,91,Normal
2026-02-14 22:22:15.590006,NewYork-a3b3,6,89,Normal
2026-02-14 22:22:16.590006,NewYork-a3b3,-17,34,Normal
2026-02-14 22:22:17.590006,NewYork-a3b3,45,21,Normal
2026-02-14 22:22:18.590006,NewYork-a3b3,11,22,Normal
2026-02-14 22:22:19.590006,NewYork-a3b3,-20,87,Normal
2026-02-14 22:22:20.590006,NewYork-a3b3,41,76,Normal
2026-02-14 22:22:21.590006,NewYork-a3b3,-28,80,Normal
2026-02-14 22:22:22.590006,NewYork-a3b3,-3,1,Normal
2026-02-14 22:22:23.590006,NewYork-a3b3,-5,0,Normal
2026-02-14 22:22:24.590006,NewYork-a3b3,4,37,Normal
2026-02-14 22:22:25.590006,NewYork-a3b3,29,24,Normal
2026-02-14 22:22:26.590006,NewYork-a3b3,36,78,Normal
2026-02-14 22:22:27.590006,NewYork-a3b3,-5,85,Normal
2026-02-14 22:22:28.590006,NewYork-a3b3,-7,83,Normal
2026-02-14 22:22:29.590006,NewYork-a3b3,2,78,Normal
2026-02-14 22:22:30.590006,NewYork-a3b3,-11,86,Normal
2026-02-14 22:22:31.590006,NewYork-a3b3,25,82,Normal
2026-02-14 22:22:32.590006,NewYork-a3b3,32,82,Normal
2026-02-14 22:22:33.590006,NewYork-a3b3,12,78,Normal
2026-02-14 22:22:34.590006,NewYork-a3b3,-24,34,Normal
2026-02-14 22:22:35.590006,NewYork-a3b3,-18,5,Normal
2026-02-14 22:22:36.590006,NewYork-a3b3,-24,83,Normal
2026-02-14 22:22:37.590006,NewYork-a3b3,33,20,Normal
2026-02-14 22:22:38.590006,NewYork-a3b3,-1,49,Normal
2026-02-14 22:22:39.590006,NewYork-a3b3,20,8,Normal
2026-02-14 22:22:40.590006,NewYork-a3b3,-6,80,Normal
2026-02-14 22:22:41.590006,NewYork-a3b3,41,11,Normal
2026-02-14 22:22:42.590006,NewYork-a3b3,31,82,Normal
2026-02-14 22:22:43.590006,NewYork-a3b3,-2,15,Normal
2026-02-14 22:22:44.590006,NewYork-a3b3,20,4,Normal
2026-02-14 22:22:45.590006,NewYork-a3b3,18,67,Normal
2026-02-14 22:22:46.590006,NewYork-a3b3,35,87,Normal
2026-02-14 22:22:47.590006,NewYork-a3b3,33,39,Normal
2026-02-14 22:22:48.590006,NewYork-a3b3,-5,41,Normal
2026-02-14 22:22:49.590006,NewYork-a3b3,43,98,Normal
2026-02-14 22:22:50.590006,NewYork-a3b3,5,92,Normal
2026-02-14 22:22:51.590006,NewYork-a3b3,-1,6,Normal
2026-02-14 22:22:52.590006,NewYork-a3b3,-17,97,Normal
2026-02-14 22:22:53.590006,NewYork-a3b3,41,63,Normal
2026-02-14 22:22:54.590006,NewYork-a3b3,-1,79,Normal
2026-02-14 22:22:55.590006,NewYork-a3b3,30,65,Normal
2026-02-14 22:22:56.590006,NewYork-a3b3,-18,53,Normal
2026-02-14 22:22:57.590006,NewYork-a3b3,37,24,Normal
2026-02-14 22:22:58.590006,NewYork-a3b3,46,0,Normal
2026-02-14 22:22:59.590006,NewYork-a3b3,-8,100,Normal
2026-02-14 22:23:00.590006,NewYork-a3b3,29,49,Normal
2026-02-14 22:23:01.590006,NewYork-a3b3,-11,43,Normal
2026-02-14 22:23:02.590006,NewYork-a3b3,-20,26,Normal
2026-02-14 22:23:03.590006,NewYork-a3b3,-25,19,Normal
2026-02-14 22:23:04.590006,NewYork-a3b3,-1,99,Normal
2026-02-14 22:23:05.590006,NewYork-a3b3,33,15,Normal
2026-02-14 22:23:06.590006,NewYork-a3b3,46,59,Normal
2026-02-14 22:23:07.590006,NewYork-a3b3,13,86,Normal
2026-02-14 22:23:08.590006,NewYork-a3b3,-12,52,Normal
2026-02-14 22:23:09.590006,NewYork-a3b3,25,11,Normal
2026-02-14 22:23:10.590006,NewYork-a3b3,26,21,Normal
2026-02-14 22:23:11.590006,NewYork-a3b3,-15,58,Normal
2026-02-14 22:23:12.590006,NewYork-a3b3,-23,51,Normal
2026-02-14 22:23:13.590006,NewYork-a3b3,18,90,Normal
2026-02-14 22:23:14.590006,NewYork-a3b3,-5,95,Normal
2026-02-14 22:23:15.590006,NewYork-a3b3,17,72,Normal
2026-02-14 22:23:16.590006,NewYork-a3b3,-23,55,Normal
2026-02-14 22:23:17.590006,NewYork-a3b3,45,89,Normal
2026-02-14 22:23:18.590006,NewYork-a3b3,5,60,Normal
2026-02-14 22:23:19.590006,NewYork-a3b3,12,82,Normal
2026-02-14 22:23:20.590006,NewYork-a3b3,12,96,Normal
2026-02-14 22:23:21.590006,NewYork-a3b3,27,3,Normal
2026-02-14 22:23:22.590006,NewYork-a3b3,-10,41,Normal
2026-02-14 22:23:23.590006,NewYork-a3b3,-12,75,Normal
2026-02-14 22:23:24.590006,NewYork-a3b3,-28,89,Normal
2026-02-14 22:23:25.590006,NewYork-a3b3,2,95,Normal
2026-02-14 22:23:26.590006,NewYork-a3b3,48,84,Normal
2026-02-14 22:23:27.590006,NewYork-a3b3,38,54,Normal
2026-02-14 22:23:28.590006,NewYork-a3b3,6,20,Normal
2026-02-14 22:23:29.590006,NewYork-a3b3,36,42,Normal
2026-02-14 22:23:30.590006,NewYork-a3b3,-25,12,Normal
2026-02-14 22:23:31.590006,NewYork-a3b3,12,96,Normal
2026-02-14 22:23:32.590006,NewYork-a3b3,25,68,Normal
2026-02-14 22:23:33.590006,NewYork-a3b3,48,74,Normal
2026-02-14 22:23:34.590006,NewYork-a3b3,11,96,Normal
2026-02-14 22:23:35.590006,NewYork-a3b3,-2,69,Normal
2026-02-14 22:23:36.590006,NewYork-a3b3,-12,82,Normal
2026-02-14 22:23:37.590006,NewYork-a3b3,-20,21,Normal
2026-02-14 22:23:38.590006,NewYork-a3b3,-11,64,Normal
2026-02-14 22:23:39.590006,NewYork-a3b3,-9,48,Normal
2026-02-14 22:23:40.590006,NewYork-a3b3,7,98,Normal
2026-02-14 22:23:41.590006,NewYork-a3b3,-18,15,Normal
2026-02-14 22:23:42.590006,NewYork-a3b3,-23,93,Normal
2026-02-14 22:23:43.590006,NewYork-a3b3,12,10,Normal
2026-02-14 22:23:44.590006,NewYork-a3b3,24,68,Normal
2026-02-14 22:23:45.590006,NewYork-a3b3,-7,70,Normal
2026-02-14 22:23:46.590006,NewYork-a3b3,-11,66,Normal
2026-02-14 22:23:47.590006,NewYork-a3b3,-27,71,Normal
2026-02-14 22:23:48.590006,NewYork-a3b3,24,18,Normal
2026-02-14 22:23:49.590006,NewYork-a3b3,-5,48,Normal
2026-02-14 22:23:50.590006,NewYork-a3b3,18,3,Normal
2026-02-14 22:23:51.590006,NewYork-a3b3,46,99,Normal
2026-02-14 22:23:52.590006,NewYork-a3b3,41,17,Normal
2026-02-14 22:23:53.590006,NewYork-a3b3,-1,10,Normal
2026-02-14 22:23:54.590006,NewYork-a3b3,17,81,Normal
2026-02-14 22:23:55.590006,NewYork-a3b3,-28,6,Normal
2026-02-14 22:23:56.590006,NewYork-a3b3,49,92,Normal
2026-02-14 22:23:57.590006,NewYork-a3b3,39,54,Normal
2026-02-14 22:23:58.590006,NewYork-a3b3,33,100,Normal
2026-02-14 22:23:59.590006,NewYork-a3b3,24,86,Normal
2026-02-14 22:24:00.590006,NewYork-a3b3,15,71,Normal
2026-02-14 22:24:01.590006,NewYork-a3b3,-29,13,Normal
2026-02-14 22:24:02.590006,NewYork-a3b3,22,40,Normal
2026-02-14 22:24:03.590006,NewYork-a3b3,-8,92,Normal
2026-02-14 22:24:04.590006,NewYork-a3b3,-6,62,Normal
2026-02-14 22:24:05.590006,NewYork-a3b3,-15,84,Normal
2026-02-14 22:24:06.590006,NewYork-a3b3,37,85,Normal
2026-02-14 22:24:07.590006,NewYork-a3b3,25,77,Normal
2026-02-14 22:24:08.590006,NewYork-a3b3,-15,56,Normal
2026-02-14 22:24:09.590006,NewYork-a3b3,-9,4,Normal
2026-02-14 22:24:10.590006,NewYork-a3b3,44,47,Normal
2026-02-14 22:24:11.590006,NewYork-a3b3,30,35,Normal
2026-02-14 22:24:12.590006,NewYork-a3b3,29,64,Normal
2026-02-14 22:24:13.590006,NewYork-a3b3,-11,72,Normal
2026-02-14 22:24:14.590006,NewYork-a3b3,-7,94,Normal
2026-02-14 22:24:15.590006,NewYork-a3b3,-7,92,Normal
2026-02-14 22:24:16.590006,NewYork-a3b3,-11,13,Normal
2026-02-14 22:24:17.590006,NewYork-a3b3,-28,77,Normal
2026-02-14 22:24:18.590006,NewYork-a3b3,29,20,Normal
2026-02-14 22:24:19.590006,NewYork-a3b3,16,13,Normal
2026-02-14 22:24:20.590006,NewYork-a3b3,5,83,Normal
2026-02-14 22:24:21.590006,NewYork-a3b3,48,98,Normal
2026-02-14 22:24:22.590006,NewYork-a3b3,36,88,Normal
2026-02-14 22:24:23.590006,NewYork-a3b3,24,82,Normal
2026-02-14 22:24:24.590006,NewYork-a3b3,-23,27,Normal
2026-02-14 22:24:25.590006,NewYork-a3b3,17,38,Normal
2026-02-14 22:24:26.590006,NewYork-a3b3,2,75,Normal
2026-02-14 22:24:27.590006,NewYork-a3b3,38,2,Normal
2026-02-14 22:24:28.590006,NewYork-a3b3,11,88,Normal
2026-02-14 22:24:29.590006,NewYork-a3b3,-10,91,Normal
2026-02-14 22:24:30.590006,NewYork-a3b3,-9,30,Normal
2026-02-14 22:24:31.590006,NewYork-a3b3,-27,79,Normal
2026-02-14 22:24:32.590006,NewYork-a3b3,36,2,Normal
2026-02-14 22:24:33.590006,NewYork-a3b3,-5,88,Normal
2026-02-14 22:24:34.590006,NewYork-a3b3,22,71,Normal
2026-02-14 22:24:35.590006,NewYork-a3b3,11,58,Normal
2026-02-14 22:24:36.590006,NewYork-a3b3,35,82,Normal
2026-02-14 22:24:37.590006,NewYork-a3b3,25,17,Normal
2026-02-14 22:24:38.590006,NewYork-a3b3,12,53,Normal
2026-02-14 22:24:39.590006,NewYork-a3b3,22,99,Normal
2026-02-14 22:24:40.590006,NewYork-a3b3,50,69,Normal
2026-02-14 22:24:41.590006,NewYork-a3b3,23,53,Normal
2026-02-14 22:24:42.590006,NewYork-a3b3,34,4,Normal
2026-02-14 22:24:43.590006,NewYork-a3b3,35,54,Normal
2026-02-14 22:24:44.590006,NewYork-a3b3,32,66,Normal
