timestamp,station_id,temp,humid,condition
2026-02-15 15:23:12.499594,Paris-2a44,-28,90,Normal
2026-02-15 15:23:13.499594,Paris-2a44,-5,7,Normal
2026-02-15 15:23:14.499594,Paris-2a44,12,76,Normal
2026-02-15 15:23:15.499594,Paris-2a44,-20,9,Normal
2026-02-15 15:23:16.499594,Paris-2a44,50,25,Normal
2026-02-15 15:23:17.499594,Paris-2a44,-15,50,Normal
2026-02-15 15:23:18.499594,Paris-2a44,20,76,Normal
2026-02-15 15:23:19.499594,Paris-2a44,-4,0,Normal
2026-02-15 15:23:20.499594,Paris-2a44,26,31,Normal
2026-02-15 15:23:21.499594,Paris-2a44,1,96,Normal
2026-02-15 15:23:22.499594,Paris-2a44,23,23,Normal
2026-02-15 15:23:23.499594,Paris-2a44,9,91,Normal
2026-02-15 15:23:24.499594,Paris-2a44,-30,75,Normal
2026-02-15 15:23:25.499594,Paris-2a44,-25,58,Normal
2026-02-15 15:23:26.499594,Paris-2a44,41,1,Normal
2026-02-15 15:23:27.499594,Paris-2a44,1,77,Normal
2026-02-15 15:23:28.499594,Paris-2a44,41,49,Normal
2026-02-15 15:23:29.499594,Paris-2a44,20,77,Normal
2026-02-15 15:23:30.499594,Paris-2a44,25,5,Normal
2026-02-15 15:23:31.499594,Paris-2a44,23,19,Normal
2026-02-15 15:23:32.499594,Paris-2a44,47,95,Normal
2026-02-15 15:23:33.499594,Paris-2a44,49,87,Normal
2026-02-15 15:23:34.499594,Paris-2a44,42,31,Normal
2026-02-15 15:23:35.499594,Paris-2a44,-5,11,Normal
2026-02-15 15:23:36.499594,Paris-2a44,44,8,Normal
2026-02-15 15:23:37.499594,Paris-2a44,44,16,Normal
2026-02-15 15:23:38.499594,Paris-2a44,0,90,Normal
2026-02-15 15:23:39.499594,Paris-2a44,-3,94,Normal
2026-02-15 15:23:40.499594,Paris-2a44,23,49,Normal
2026-02-15 15:23:41.499594,Paris-2a44,-11,21,Normal
2026-02-15 15:23:42.499594,Paris-2a44,-23,70,Normal
2026-02-15 15:23:43.499594,Paris-2a44,-25,42,Normal
2026-02-15 15:23:44.499594,Paris-2a44,47,18,Normal
2026-02-15 15:23:45.499594,Paris-2a44,1,37,Normal
2026-02-15 15:23:46.499594,Paris-2a44,49,97,Normal
2026-02-15 15:23:47.499594,Paris-2a44,-3,71,Normal
2026-02-15 15:23:48.499594,Paris-2a44,-28,7,Normal
2026-02-15 15:23:49.499594,Paris-2a44,43,95,Normal
2026-02-15 15:23:50.499594,Paris-2a44,12,71,Normal
2026-02-15 15:23:51.499594,Paris-2a44,3,48,Normal
2026-02-15 15:23:52.499594,Paris-2a44,20,17,Normal
2026-02-15 15:23:53.499594,Paris-2a44,31,96,Normal
2026-02-15 15:23:54.499594,Paris-2a44,14,19,Normal
2026-02-15 15:23:55.499594,Paris-2a44,-28,58,Normal
2026-02-15 15:23:56.499594,Paris-2a44,48,78,Normal
2026-02-15 15:23:57.499594,Paris-2a44,49,83,Normal
2026-02-15 15:23:58.499594,Paris-2a44,-24,82,Normal
2026-02-15 15:23:59.499594,Paris-2a44,-15,42,Normal
2026-02-15 15:24:00.499594,Paris-2a44,6,29,Normal
2026-02-15 15:24:01.499594,Paris-2a44,-7,19,Normal
2026-02-15 15:24:02.499594,Paris-2a44,-17,44,Normal
2026-02-15 15:24:03.499594,Paris-2a44,-7,43,Normal
2026-02-15 15:24:04.499594,Paris-2a44,44,11,Normal
2026-02-15 15:24:05.499594,Paris-2a44,12,92,Normal
2026-02-15 15:24:06.499594,Paris-2a44,36,0,Normal
2026-02-15 15:24:07.499594,Paris-2a44,23,44,Normal
2026-02-15 15:24:08.499594,Paris-2a44,19,29,Normal
2026-02-15 15:24:09.499594,Paris-2a44,44,67,Normal
2026-02-15 15:24:10.499594,Paris-2a44,33,3,Normal
2026-02-15 15:24:11.499594,Paris-2a44,-1,16,Normal
2026-02-15 15:24:12.499594,Paris-2a44,-24,60,Normal
2026-02-15 15:24:13.499594,Paris-2a44,45,62,Normal
2026-02-15 15:24:14.499594,Paris-2a44,31,31,Normal
2026-02-15 15:24:15.499594,Paris-2a44,48,5,Normal
2026-02-15 15:24:16.499594,Paris-2a44,-10,34,Normal
2026-02-15 15:24:17.499594,Paris-2a44,41,19,Normal
2026-02-15 15:24:18.499594,Paris-2a44,39,74,Normal
2026-02-15 15:24:19.499594,Paris-2a44,0,94,Normal
2026-02-15 15:24:20.499594,Paris-2a44,-23,59,Normal
2026-02-15 15:24:21.499594,Paris-2a44,-18,25,Normal
2026-02-15 15:24:22.499594,Paris-2a44,50,18,Normal
2026-02-15 15:24:23.499594,Paris-2a44,41,15,Normal
2026-02-15 15:24:24.499594,Paris-2a44,36,92,Normal
2026-02-15 15:24:25.499594,Paris-2a44,9,62,Normal
2026-02-15 15:24:26.499594,Paris-2a44,18,95,Normal
2026-02-15 15:24:27.499594,Paris-2a44,-1,16,Normal
2026-02-15 15:24:28.499594,Paris-2a44,-9,57,Normal
2026-02-15 15:24:29.499594,Paris-2a44,-1,78,Normal
2026-02-15 15:24:30.499594,Paris-2a44,-16,45,Normal
2026-02-15 15:24:31.499594,Paris-2a44,-10,18,Normal
2026-02-15 15:24:32.499594,Paris-2a44,34,95,Normal
2026-02-15 15:24:33.499594,Paris-2a44,-21,81,Normal
2026-02-15 15:24:34.499594,Paris-2a44,16,0,Normal
2026-02-15 15:24:35.499594,Paris-2a44,3,32,Normal
2026-02-15 15:24:36.499594,Paris-2a44,47,28,Normal
2026-02-15 15:24:37.499594,Paris-2a44,-10,55,Normal
2026-02-15 15:24:38.499594,Paris-2a44,48,37,Normal
2026-02-15 15:24:39.499594,Paris-2a44,-5,85,Normal
2026-02-15 15:24:40.499594,Paris-2a44,-16,67,Normal
2026-02-15 15:24:41.499594,Paris-2a44,16,37,Normal
2026-02-15 15:24:42.499594,Paris-2a44,-13,68,Normal
2026-02-15 15:24:43.499594,Paris-2a44,-25,96,Normal
2026-02-15 15:24:44.499594,Paris-2a44,-12,92,Normal
2026-02-15 15:24:45.499594,Paris-2a44,-7,88,Normal
2026-02-15 15:24:46.499594,Paris-2a44,6,95,Normal
2026-02-15 15:24:47.499594,Paris-2a44,19,73,Normal
2026-02-15 15:24:48.499594,Paris-2a44,8,27,Normal
2026-02-15 15:24:49.499594,Paris-2a44,10,25,Normal
2026-02-15 15:24:50.499594,Paris-2a44,-28,37,Normal
2026-02-15 15:24:51.499594,Paris-2a44,38,72,Normal
2026-02-15 15:24:52.499594,Paris-2a44,16,53,Normal
2026-02-15 15:24:53.499594,Paris-2a44,-2,76,Normal
2026-02-15 15:24:54.499594,Paris-2a44,-26,100,Normal
2026-02-15 15:24:55.499594,Paris-2a44,26,54,Normal
2026-02-15 15:24:56.499594,Paris-2a44,10,25,Normal
2026-02-15 15:24:57.499594,Paris-2a44,50,38,Normal
2026-02-15 15:24:58.499594,Paris-2a44,-20,59,Normal
2026-02-15 15:24:59.499594,Paris-2a44,23,35,Normal
2026-02-15 15:25:00.499594,Paris-2a44,19,71,Normal
2026-02-15 15:25:01.499594,Paris-2a44,24,5,Normal
2026-02-15 15:25:02.499594,Paris-2a44,-17,49,Normal
2026-02-15 15:25:03.499594,Paris-2a44,12,5,Normal
2026-02-15 15:25:04.499594,Paris-2a44,12,67,Normal
2026-02-15 15:25:05.499594,Paris-2a44,-7,91,Normal
2026-02-15 15:25:06.499594,Paris-2a44,28,1,Normal
2026-02-15 15:25:07.499594,Paris-2a44,-7,82,Normal
2026-02-15 15:25:08.499594,Paris-2a44,-28,0,Normal
2026-02-15 15:25:09.499594,Paris-2a44,29,94,Normal
2026-02-15 15:25:10.499594,Paris-2a44,-26,2,Normal
2026-02-15 15:25:11.499594,Paris-2a44,9,0,Normal
2026-02-15 15:25:12.499594,Paris-2a44,-24,22,Normal
2026-02-15 15:25:13.499594,Paris-2a44,-13,37,Normal
2026-02-15 15:25:14.499594,Paris-2a44,-1,38,Normal
2026-02-15 15:25:15.499594,Paris-2a44,-14,92,Normal
2026-02-15 15:25:16.499594,Paris-2a44,34,39,Normal
2026-02-15 15:25:17.499594,Paris-2a44,40,16,Normal
2026-02-15 15:25:18.499594,Paris-2a44,7,1,Normal
2026-02-15 15:25:19.499594,Paris-2a44,-20,0,Normal
2026-02-15 15:25:20.499594,Paris-2a44,32,87,Normal
2026-02-15 15:25:21.499594,Paris-2a44,3,51,Normal
2026-02-15 15:25:22.499594,Paris-2a44,20,19,Normal
2026-02-15 15:25:23.499594,Paris-2a44,4,36,Normal
2026-02-15 15:25:24.499594,Paris-2a44,-4,76,Normal
2026-02-15 15:25:25.499594,Paris-2a44,24,71,Normal
2026-02-15 15:25:26.499594,Paris-2a44,30,81,Normal
2026-02-15 15:25:27.499594,Paris-2a44,-10,84,Normal
2026-02-15 15:25:28.499594,Paris-2a44,45,88,Normal
2026-02-15 15:25:29.499594,Paris-2a44,-1,75,Normal
2026-02-15 15:25:30.499594,Paris-2a44,36,7,Normal
2026-02-15 15:25:31.499594,Paris-2a44,28,28,Normal
2026-02-15 15:25:32.499594,Paris-2a44,22,98,Normal
2026-02-15 15:25:33.499594,Paris-2a44,28,64,Normal
2026-02-15 15:25:34.499594,Paris-2a44,37,44,Normal
2026-02-15 15:25:35.499594,Paris-2a44,-16,83,Normal
2026-02-15 15:25:36.499594,Paris-2a44,28,38,Normal
2026-02-15 15:25:37.499594,Paris-2a44,38,68,Normal
2026-02-15 15:25:38.499594,Paris-2a44,-11,48,Normal
2026-02-15 15:25:39.499594,Paris-2a44,21,47,Normal
2026-02-15 15:25:40.499594,Paris-2a44,28,3,Normal
2026-02-15 15:25:41.499594,Paris-2a44,4,27,Normal
2026-02-15 15:25:42.499594,Paris-2a44,38,81,Normal
2026-02-15 15:25:43.499594,Paris-2a44,44,81,Normal
2026-02-15 15:25:44.499594,Paris-2a44,-11,11,Normal
2026-02-15 15:25:45.499594,Paris-2a44,31,12,Normal
2026-02-15 15:25:46.499594,Paris-2a44,-28,97,Normal
2026-02-15 15:25:47.499594,Paris-2a44,-20,13,Normal
2026-02-15 15:25:48.499594,Paris-2a44,38,59,Normal
2026-02-15 15:25:49.499594,Paris-2a44,49,21,Normal
2026-02-15 15:25:50.499594,Paris-2a44,-5,55,Normal
2026-02-15 15:25:51.499594,Paris-2a44,-18,93,Normal
2026-02-15 15:25:52.499594,Paris-2a44,26,18,Normal
2026-02-15 15:25:53.499594,Paris-2a44,-8,73,Normal
2026-02-15 15:25:54.499594,Paris-2a44,38,81,Normal
2026-02-15 15:25:55.499594,Paris-2a44,2,29,Normal
2026-02-15 15:25:56.499594,Paris-2a44,18,66,Normal
2026-02-15 15:25:57.499594,Paris-2a44,-20,94,Normal
2026-02-15 15:25:58.499594,Paris-2a44,21,47,Normal
2026-02-15 15:25:59.499594,Paris-2a44,14,94,Normal
2026-02-15 15:26:00.499594,Paris-2a44,-16,37,Normal
2026-02-15 15:26:01.499594,Paris-2a44,-4,66,Normal
2026-02-15 15:26:02.499594,Paris-2a44,-23,56,Normal
2026-02-15 15:26:03.499594,Paris-2a44,34,6,Normal
2026-02-15 15:26:04.499594,Paris-2a44,43,46,Normal
2026-02-15 15:26:05.499594,Paris-2a44,-6,88,Normal
2026-02-15 15:26:06.499594,Paris-2a44,-24,71,Normal
2026-02-15 15:26:07.499594,Paris-2a44,-25,17,Normal
2026-02-15 15:26:08.499594,Paris-2a44,-5,11,Normal
2026-02-15 15:26:09.499594,Paris-2a44,-7,98,Normal
2026-02-15 15:26:10.499594,Paris-2a44,5,88,Normal
2026-02-15 15:26:11.499594,Paris-2a44,13,78,Normal
2026-02-15 15:26:12.499594,Paris-2a44,4,64,Normal
2026-02-15 15:26:13.499594,Paris-2a44,7,52,Normal
2026-02-15 15:26:14.499594,Paris-2a44,0,70,Normal
2026-02-15 15:26:15.499594,Paris-2a44,7,73,Normal
2026-02-15 15:26:16.499594,Paris-2a44,1,56,Normal
2026-02-15 15:26:17.499594,Paris-2a44,47,75,Normal
2026-02-15 15:26:18.499594,Paris-2a44,23,12,Normal
2026-02-15 15:26:19.499594,Paris-2a44,-24,50,Normal
2026-02-15 15:26:20.499594,Paris-2a44,39,10,Normal
2026-02-15 15:26:21.499594,Paris-2a44,-19,90,Normal
2026-02-15 15:26:22.499594,Paris-2a44,-23,49,Normal
2026-02-15 15:26:23.499594,Paris-2a44,-25,2,Normal
2026-02-15 15:26:24.499594,Paris-2a44,-28,26,Normal
2026-02-15 15:26:25.499594,Paris-2a44,17,30,Normal
2026-02-15 15:26:26.499594,Paris-2a44,-24,44,Normal
2026-02-15 15:26:27.499594,Paris-2a44,10,88,Normal
2026-02-15 15:26:28.499594,Paris-2a44,3,41,Normal
2026-02-15 15:26:29.499594,Paris-2a44,30,27,Normal
2026-02-15 15:26:30.499594,Paris-2a44,48,76,Normal
2026-02-15 15:26:31.499594,Paris-2a44,-27,36,Normal
2026-02-15 15:26:32.499594,Paris-2a44,-30,33,Normal
2026-02-15 15:26:33.499594,Paris-2a44,11,5,Normal
2026-02-15 15:26:34.499594,Paris-2a44,19,98,Normal
2026-02-15 15:26:35.499594,Paris-2a44,30,100,Normal
2026-02-15 15:26:36.499594,Paris-2a44,-4,96,Normal
2026-02-15 15:26:37.499594,Paris-2a44,17,24,Normal
2026-02-15 15:26:38.499594,Paris-2a44,5,88,Normal
2026-02-15 15:26:39.499594,Paris-2a44,-11,35,Normal
2026-02-15 15:26:40.499594,Paris-2a44,39,26,Normal
2026-02-15 15:26:41.499594,Paris-2a44,36,14,Normal
2026-02-15 15:26:42.499594,Paris-2a44,14,92,Normal
2026-02-15 15:26:43.499594,Paris-2a44,16,19,Normal
2026-02-15 15:26:44.499594,Paris-2a44,50,43,Normal
2026-02-15 15:26:45.499594,Paris-2a44,17,22,Normal
2026-02-15 15:26:46.499594,Paris-2a44,-21,72,Normal
2026-02-15 15:26:47.499594,Paris-2a44,17,90,Normal
2026-02-15 15:26:48.499594,Paris-2a44,-14,14,Normal
2026-02-15 15:26:49.499594,Paris-2a44,12,74,Normal
2026-02-15 15:26:50.499594,Paris-2a44,0,10,Normal
2026-02-15 15:26:51.499594,Paris-2a44,-2,22,Normal
2026-02-15 15:26:52.499594,Paris-2a44,46,86,Normal
2026-02-15 15:26:53.499594,Paris-2a44,39,5,Normal
2026-02-15 15:26:54.499594,Paris-2a44,15,38,Normal
2026-02-15 15:26:55.499594,Paris-2a44,-12,10,Normal
2026-02-15 15:26:56.499594,Paris-2a44,-15,52,Normal
2026-02-15 15:26:57.499594,Paris-2a44,5,62,Normal
2026-02-15 15:26:58.499594,Paris-2a44,-27,60,Normal
2026-02-15 15:26:59.499594,Paris-2a44,16,25,Normal
2026-02-15 15:27:00.499594,Paris-2a44,12,93,Normal
2026-02-15 15:27:01.499594,Paris-2a44,4,58,Normal
2026-02-15 15:27:02.499594,Paris-2a44,48,72,Normal
2026-02-15 15:27:03.499594,Paris-2a44,-25,49,Normal
2026-02-15 15:27:04.499594,Paris-2a44,-6,51,Normal
2026-02-15 15:27:05.499594,Paris-2a44,-15,68,Normal
2026-02-15 15:27:06.499594,Paris-2a44,7,20,Normal
2026-02-15 15:27:07.499594,Paris-2a44,4,10,Normal
2026-02-15 15:27:08.499594,Paris-2a44,36,11,Normal
2026-02-15 15:27:09.499594,Paris-2a44,31,49,Normal
2026-02-15 15:27:10.499594,Paris-2a44,15,85,Normal
2026-02-15 15:27:11.499594,Paris-2a44,-3,86,Normal
2026-02-15 15:27:12.499594,Paris-2a44,39,34,Normal
2026-02-15 15:27:13.499594,Paris-2a44,11,74,Normal
2026-02-15 15:27:14.499594,Paris-2a44,-15,51,Normal
2026-02-15 15:27:15.499594,Paris-2a44,11,5,Normal
2026-02-15 15:27:16.499594,Paris-2a44,25,55,Normal
2026-02-15 15:27:17.499594,Paris-2a44,9,89,Normal
2026-02-15 15:27:18.499594,Paris-2a44,8,50,Normal
2026-02-15 15:27:19.499594,Paris-2a44,4,36,Normal
2026-02-15 15:27:20.499594,Paris-2a44,43,25,Normal
2026-02-15 15:27:21.499594,Paris-2a44,-16,59,Normal
2026-02-15 15:27:22.499594,Paris-2a44,-21,63,Normal
2026-02-15 15:27:23.499594,Paris-2a44,33,87,Normal
2026-02-15 15:27:24.499594,Paris-2a44,20,57,Normal
2026-02-15 15:27:25.499594,Paris-2a44,14,65,Normal
2026-02-15 15:27:26.499594,Paris-2a44,-6,50,Normal
2026-02-15 15:27:27.499594,Paris-2a44,-6,17,Normal
2026-02-15 15:27:28.499594,Paris-2a44,43,47,Normal
2026-02-15 15:27:29.499594,Paris-2a44,46,18,Normal
2026-02-15 15:27:30.499594,Paris-2a44,10,32,Normal
2026-02-15 15:27:31.499594,Paris-2a44,15,79,Normal
2026-02-15 15:27:32.499594,Paris-2a44,-24,19,Normal
2026-02-15 15:27:33.499594,Paris-2a44,45,47,Normal
2026-02-15 15:27:34.499594,Paris-2a44,2,39,Normal
2026-02-15 15:27:35.499594,Paris-2a44,-7,26,Normal
2026-02-15 15:27:36.499594,Paris-2a44,-13,3,Normal
2026-02-15 15:27:37.499594,Paris-2a44,-30,93,Normal
2026-02-15 15:27:38.499594,Paris-2a44,31,15,Normal
2026-02-15 15:27:39.499594,Paris-2a44,49,7,Normal
2026-02-15 15:27:40.499594,Paris-2a44,49,60,Normal
2026-02-15 15:27:41.499594,Paris-2a44,-21,23,Normal
2026-02-15 15:27:42.499594,Paris-2a44,-4,66,Normal
2026-02-15 15:27:43.499594,Paris-2a44,39,10,Normal
2026-02-15 15:27:44.499594,Paris-2a44,-25,95,Normal
2026-02-15 15:27:45.499594,Paris-2a44,3,33,Normal
2026-02-15 15:27:46.499594,Paris-2a44,20,48,Normal
2026-02-15 15:27:47.499594,Paris-2a44,41,87,Normal
2026-02-15 15:27:48.499594,Paris-2a44,39,59,Normal
2026-02-15 15:27:49.499594,Paris-2a44,-4,50,Normal
2026-02-15 15:27:50.499594,Paris-2a44,8,40,Normal
2026-02-15 15:27:51.499594,Paris-2a44,18,18,Normal
2026-02-15 15:27:52.499594,Paris-2a44,-24,80,Normal
2026-02-15 15:27:53.499594,Paris-2a44,1,70,Normal
2026-02-15 15:27:54.499594,Paris-2a44,42,32,Normal
2026-02-15 15:27:55.499594,Paris-2a44,-18,78,Normal
2026-02-15 15:27:56.499594,Paris-2a44,16,100,Normal
2026-02-15 15:27:57.499594,Paris-2a44,-28,17,Normal
2026-02-15 15:27:58.499594,Paris-2a44,-22,44,Normal
2026-02-15 15:27:59.499594,Paris-2a44,-18,91,Normal
2026-02-15 15:28:00.499594,Paris-2a44,-23,64,Normal
2026-02-15 15:28:01.499594,Paris-2a44,-9,44,Normal
2026-02-15 15:28:02.499594,Paris-2a44,-9,50,Normal
2026-02-15 15:28:03.499594,Paris-2a44,38,49,Normal
2026-02-15 15:28:04.499594,Paris-2a44,-20,36,Normal
2026-02-15 15:28:05.499594,Paris-2a44,-17,80,Normal
2026-02-15 15:28:06.499594,Paris-2a44,-10,13,Normal
2026-02-15 15:28:07.499594,Paris-2a44,-15,22,Normal
2026-02-15 15:28:08.499594,Paris-2a44,33,42,Normal
2026-02-15 15:28:09.499594,Paris-2a44,5,86,Normal
2026-02-15 15:28:10.499594,Paris-2a44,37,74,Normal
2026-02-15 15:28:11.499594,Paris-2a44,-20,53,Normal
2026-02-15 15:28:12.499594,Paris-2a44,-7,46,Normal
2026-02-15 15:28:13.499594,Paris-2a44,11,42,Normal
2026-02-15 15:28:14.499594,Paris-2a44,-9,69,Normal
2026-02-15 15:28:15.499594,Paris-2a44,-2,2,Normal
2026-02-15 15:28:16.499594,Paris-2a44,45,31,Normal
2026-02-15 15:28:17.499594,Paris-2a44,14,60,Normal
2026-02-15 15:28:18.499594,Paris-2a44,-30,52,Normal
2026-02-15 15:28:19.499594,Paris-2a44,36,96,Normal
2026-02-15 15:28:20.499594,Paris-2a44,-3,13,Normal
2026-02-15 15:28:21.499594,Paris-2a44,-4,91,Normal
2026-02-15 15:28:22.499594,Paris-2a44,-1,28,Normal
2026-02-15 15:28:23.499594,Paris-2a44,-15,17,Normal
2026-02-15 15:28:24.499594,Paris-2a44,49,44,Normal
2026-02-15 15:28:25.499594,Paris-2a44,-19,67,Normal
2026-02-15 15:28:26.499594,Paris-2a44,-16,78,Normal
2026-02-15 15:28:27.499594,Paris-2a44,38,58,Normal
2026-02-15 15:28:28.499594,Paris-2a44,-14,75,Normal
2026-02-15 15:28:29.499594,Paris-2a44,28,9,Normal
2026-02-15 15:28:30.499594,Paris-2a44,10,30,Normal
2026-02-15 15:28:31.499594,Paris-2a44,45,99,Normal
2026-02-15 15:28:32.499594,Paris-2a44,38,77,Normal
2026-02-15 15:28:33.499594,Paris-2a44,-26,37,Normal
2026-02-15 15:28:34.499594,Paris-2a44,44,77,Normal
2026-02-15 15:28:35.499594,Paris-2a44,43,57,Normal
2026-02-15 15:28:36.499594,Paris-2a44,21,35,Normal
2026-02-15 15:28:37.499594,Paris-2a44,8,45,Normal
2026-02-15 15:28:38.499594,Paris-2a44,33,55,Normal
2026-02-15 15:28:39.499594,Paris-2a44,-27,31,Normal
2026-02-15 15:28:40.499594,Paris-2a44,-3,50,Normal
2026-02-15 15:28:41.499594,Paris-2a44,28,88,Normal
2026-02-15 15:28:42.499594,Paris-2a44,-9,68,Normal
2026-02-15 15:28:43.499594,Paris-2a44,3,5,Normal
2026-02-15 15:28:44.499594,Paris-2a44,41,0,Normal
2026-02-15 15:28:45.499594,Paris-2a44,-8,28,Normal
2026-02-15 15:28:46.499594,Paris-2a44,42,89,Normal
2026-02-15 15:28:47.499594,Paris-2a44,17,100,Normal
2026-02-15 15:28:48.499594,Paris-2a44,43,86,Normal
2026-02-15 15:28:49.499594,Paris-2a44,39,17,Normal
2026-02-15 15:28:50.499594,Paris-2a44,-14,76,Normal
2026-02-15 15:28:51.499594,Paris-2a44,-16,96,Normal
2026-02-15 15:28:52.499594,Paris-2a44,14,70,Normal
2026-02-15 15:28:53.499594,Paris-2a44,-6,41,Normal
2026-02-15 15:28:54.499594,Paris-2a44,-12,59,Normal
2026-02-15 15:28:55.499594,Paris-2a44,-27,73,Normal
2026-02-15 15:28:56.499594,Paris-2a44,26,66,Normal
2026-02-15 15:28:57.499594,Paris-2a44,-29,28,Normal
2026-02-15 15:28:58.499594,Paris-2a44,46,27,Normal
2026-02-15 15:28:59.499594,Paris-2a44,29,29,Normal
2026-02-15 15:29:00.499594,Paris-2a44,-30,68,Normal
2026-02-15 15:29:01.499594,Paris-2a44,32,44,Normal
2026-02-15 15:29:02.499594,Paris-2a44,21,74,Normal
2026-02-15 15:29:03.499594,Paris-2a44,42,71,Normal
2026-02-15 15:29:04.499594,Paris-2a44,18,43,Normal
2026-02-15 15:29:05.499594,Paris-2a44,-6,88,Normal
2026-02-15 15:29:06.499594,Paris-2a44,-27,77,Normal
2026-02-15 15:29:07.499594,Paris-2a44,-17,78,Normal
2026-02-15 15:29:08.499594,Paris-2a44,4,5,Normal
2026-02-15 15:29:09.499594,Paris-2a44,1,88,Normal
2026-02-15 15:29:10.499594,Paris-2a44,8,76,Normal
2026-02-15 15:29:11.499594,Paris-2a44,-28,42,Normal
2026-02-15 15:29:12.499594,Paris-2a44,-6,75,Normal
2026-02-15 15:29:13.499594,Paris-2a44,12,41,Normal
2026-02-15 15:29:14.499594,Paris-2a44,12,85,Normal
2026-02-15 15:29:15.499594,Paris-2a44,45,6,Normal
2026-02-15 15:29:16.499594,Paris-2a44,-19,76,Normal
2026-02-15 15:29:17.499594,Paris-2a44,0,33,Normal
2026-02-15 15:29:18.499594,Paris-2a44,-27,7,Normal
2026-02-15 15:29:19.499594,Paris-2a44,45,7,Normal
2026-02-15 15:29:20.499594,Paris-2a44,44,40,Normal
2026-02-15 15:29:21.499594,Paris-2a44,7,95,Normal
2026-02-15 15:29:22.499594,Paris-2a44,43,15,Normal
2026-02-15 15:29:23.499594,Paris-2a44,13,13,Normal
2026-02-15 15:29:24.499594,Paris-2a44,18,34,Normal
2026-02-15 15:29:25.499594,Paris-2a44,-3,79,Normal
2026-02-15 15:29:26.499594,Paris-2a44,-9,50,Normal
2026-02-15 15:29:27.499594,Paris-2a44,21,63,Normal
2026-02-15 15:29:28.499594,Paris-2a44,41,11,Normal
2026-02-15 15:29:29.499594,Paris-2a44,-21,17,Normal
2026-02-15 15:29:30.499594,Paris-2a44,-2,93,Normal
2026-02-15 15:29:31.499594,Paris-2a44,18,44,Normal
2026-02-15 15:29:32.499594,Paris-2a44,-11,44,Normal
2026-02-15 15:29:33.499594,Paris-2a44,-23,55,Normal
2026-02-15 15:29:34.499594,Paris-2a44,10,10,Normal
2026-02-15 15:29:35.499594,Paris-2a44,-18,99,Normal
2026-02-15 15:29:36.499594,Paris-2a44,-22,81,Normal
2026-02-15 15:29:37.499594,Paris-2a44,39,93,Normal
2026-02-15 15:29:38.499594,Paris-2a44,22,5,Normal
2026-02-15 15:29:39.499594,Paris-2a44,20,54,Normal
2026-02-15 15:29:40.499594,Paris-2a44,-7,11,Normal
2026-02-15 15:29:41.499594,Paris-2a44,29,10,Normal
2026-02-15 15:29:42.499594,Paris-2a44,-14,3,Normal
2026-02-15 15:29:43.499594,Paris-2a44,46,62,Normal
2026-02-15 15:29:44.499594,Paris-2a44,50,83,Normal
2026-02-15 15:29:45.499594,Paris-2a44,-22,84,Normal
2026-02-15 15:29:46.499594,Paris-2a44,-18,4,Normal
2026-02-15 15:29:47.499594,Paris-2a44,9,49,Normal
2026-02-15 15:29:48.499594,Paris-2a44,19,55,Normal
2026-02-15 15:29:49.499594,Paris-2a44,45,44,Normal
2026-02-15 15:29:50.499594,Paris-2a44,16,23,Normal
2026-02-15 15:29:51.499594,Paris-2a44,20,63,Normal
2026-02-15 15:29:52.499594,Paris-2a44,19,53,Normal
2026-02-15 15:29:53.499594,Paris-2a44,-23,97,Normal
2026-02-15 15:29:54.499594,Paris-2a44,42,55,Normal
2026-02-15 15:29:55.499594,Paris-2a44,27,87,Normal
2026-02-15 15:29:56.499594,Paris-2a44,15,69,Normal
2026-02-15 15:29:57.499594,Paris-2a44,-17,84,Normal
2026-02-15 15:29:58.499594,Paris-2a44,14,27,Normal
2026-02-15 15:29:59.499594,Paris-2a44,4,85,Normal
2026-02-15 15:30:00.499594,Paris-2a44,33,35,Normal
2026-02-15 15:30:01.499594,Paris-2a44,-14,21,Normal
2026-02-15 15:30:02.499594,Paris-2a44,23,88,Normal
2026-02-15 15:30:03.499594,Paris-2a44,32,84,Normal
2026-02-15 15:30:04.499594,Paris-2a44,40,79,Normal
2026-02-15 15:30:05.499594,Paris-2a44,7,36,Normal
2026-02-15 15:30:06.499594,Paris-2a44,0,8,Normal
2026-02-15 15:30:07.499594,Paris-2a44,27,60,Normal
2026-02-15 15:30:08.499594,Paris-2a44,-8,46,Normal
2026-02-15 15:30:09.499594,Paris-2a44,33,85,Normal
2026-02-15 15:30:10.499594,Paris-2a44,40,97,Normal
2026-02-15 15:30:11.499594,Paris-2a44,-21,21,Normal
2026-02-15 15:30:12.499594,Paris-2a44,6,2,Normal
2026-02-15 15:30:13.499594,Paris-2a44,7,11,Normal
2026-02-15 15:30:14.499594,Paris-2a44,-1,40,Normal
2026-02-15 15:30:15.499594,Paris-2a44,3,68,Normal
2026-02-15 15:30:16.499594,Paris-2a44,-19,66,Normal
2026-02-15 15:30:17.499594,Paris-2a44,39,30,Normal
2026-02-15 15:30:18.499594,Paris-2a44,50,2,Normal
2026-02-15 15:30:19.499594,Paris-2a44,-12,23,Normal
2026-02-15 15:30:20.499594,Paris-2a44,35,18,Normal
2026-02-15 15:30:21.499594,Paris-2a44,10,72,Normal
2026-02-15 15:30:22.499594,Paris-2a44,-22,45,Normal
2026-02-15 15:30:23.499594,Paris-2a44,29,30,Normal
2026-02-15 15:30:24.499594,Paris-2a44,-16,88,Normal
2026-02-15 15:30:25.499594,Paris-2a44,24,90,Normal
2026-02-15 15:30:26.499594,Paris-2a44,-8,64,Normal
2026-02-15 15:30:27.499594,Paris-2a44,10,52,Normal
2026-02-15 15:30:28.499594,Paris-2a44,4,90,Normal
2026-02-15 15:30:29.499594,Paris-2a44,-5,70,Normal
2026-02-15 15:30:30.499594,Paris-2a44,50,69,Normal
2026-02-15 15:30:31.499594,Paris-2a44,23,57,Normal
2026-02-15 15:30:32.499594,Paris-2a44,32,82,Normal
2026-02-15 15:30:33.499594,Paris-2a44,2,16,Normal
2026-02-15 15:30:34.499594,Paris-2a44,29,82,Normal
2026-02-15 15:30:35.499594,Paris-2a44,-9,82,Normal
2026-02-15 15:30:36.499594,Paris-2a44,-14,79,Normal
2026-02-15 15:30:37.499594,Paris-2a44,-3,29,Normal
2026-02-15 15:30:38.499594,Paris-2a44,49,12,Normal
2026-02-15 15:30:39.499594,Paris-2a44,15,87,Normal
2026-02-15 15:30:40.499594,Paris-2a44,-5,96,Normal
2026-02-15 15:30:41.499594,Paris-2a44,-22,77,Normal
2026-02-15 15:30:42.499594,Paris-2a44,31,54,Normal
2026-02-15 15:30:43.499594,Paris-2a44,39,68,Normal
2026-02-15 15:30:44.499594,Paris-2a44,17,3,Normal
2026-02-15 15:30:45.499594,Paris-2a44,15,36,Normal
2026-02-15 15:30:46.499594,Paris-2a44,39,46,Normal
2026-02-15 15:30:47.499594,Paris-2a44,38,48,Normal
2026-02-15 15:30:48.499594,Paris-2a44,-19,37,Normal
2026-02-15 15:30:49.499594,Paris-2a44,26,34,Normal
2026-02-15 15:30:50.499594,Paris-2a44,13,72,Normal
2026-02-15 15:30:51.499594,Paris-2a44,10,70,Normal
2026-02-15 15:30:52.499594,Paris-2a44,12,91,Normal
2026-02-15 15:30:53.499594,Paris-2a44,19,96,Normal
2026-02-15 15:30:54.499594,Paris-2a44,-28,6,Normal
2026-02-15 15:30:55.499594,Paris-2a44,0,81,Normal
2026-02-15 15:30:56.499594,Paris-2a44,41,65,Normal
2026-02-15 15:30:57.499594,Paris-2a44,-3,6,Normal
2026-02-15 15:30:58.499594,Paris-2a44,-19,78,Normal
2026-02-15 15:30:59.499594,Paris-2a44,-2,85,Normal
2026-02-15 15:31:00.499594,Paris-2a44,-19,56,Normal
2026-02-15 15:31:01.499594,Paris-2a44,24,72,Normal
2026-02-15 15:31:02.499594,Paris-2a44,39,69,Normal
2026-02-15 15:31:03.499594,Paris-2a44,15,7,Normal
2026-02-15 15:31:04.499594,Paris-2a44,0,51,Normal
2026-02-15 15:31:05.499594,Paris-2a44,11,70,Normal
2026-02-15 15:31:06.499594,Paris-2a44,-27,95,Normal
2026-02-15 15:31:07.499594,Paris-2a44,16,68,Normal
2026-02-15 15:31:08.499594,Paris-2a44,2,64,Normal
2026-02-15 15:31:09.499594,Paris-2a44,36,28,Normal
2026-02-15 15:31:10.499594,Paris-2a44,42,94,Normal
2026-02-15 15:31:11.499594,Paris-2a44,-25,40,Normal
2026-02-15 15:31:12.499594,Paris-2a44,-20,1,Normal
2026-02-15 15:31:13.499594,Paris-2a44,-10,79,Normal
2026-02-15 15:31:14.499594,Paris-2a44,35,73,Normal
2026-02-15 15:31:15.499594,Paris-2a44,-10,51,Normal
2026-02-15 15:31:16.499594,Paris-2a44,19,53,Normal
2026-02-15 15:31:17.499594,Paris-2a44,42,95,Normal
2026-02-15 15:31:18.499594,Paris-2a44,22,55,Normal
2026-02-15 15:31:19.499594,Paris-2a44,28,43,Normal
2026-02-15 15:31:20.499594,Paris-2a44,-9,44,Normal
2026-02-15 15:31:21.499594,Paris-2a44,31,69,Normal
2026-02-15 15:31:22.499594,Paris-2a44,-25,14,Normal
2026-02-15 15:31:23.499594,Paris-2a44,8,61,Normal
2026-02-15 15:31:24.499594,Paris-2a44,45,4,Normal
2026-02-15 15:31:25.499594,Paris-2a44,26,97,Normal
2026-02-15 15:31:26.499594,Paris-2a44,42,95,Normal
2026-02-15 15:31:27.499594,Paris-2a44,-5,16,Normal
2026-02-15 15:31:28.499594,Paris-2a44,17,32,Normal
2026-02-15 15:31:29.499594,Paris-2a44,-21,52,Normal
2026-02-15 15:31:30.499594,Paris-2a44,-2,62,Normal
2026-02-15 15:31:31.499594,Paris-2a44,44,73,Normal
2026-02-15 15:31:32.499594,Paris-2a44,-28,27,Normal
2026-02-15 15:31:33.499594,Paris-2a44,50,54,Normal
2026-02-15 15:31:34.499594,Paris-2a44,14,51,Normal
2026-02-15 15:31:35.499594,Paris-2a44,-30,91,Normal
2026-02-15 15:31:36.499594,Paris-2a44,-2,20,Normal
2026-02-15 15:31:37.499594,Paris-2a44,-1,76,Normal
2026-02-15 15:31:38.499594,Paris-2a44,-10,94,Normal
2026-02-15 15:31:39.499594,Paris-2a44,-22,73,Normal
2026-02-15 15:31:40.499594,Paris-2a44,-6,4,Normal
2026-02-15 15:31:41.499594,Paris-2a44,8,7,Normal
2026-02-15 15:31:42.499594,Paris-2a44,9,28,Normal
2026-02-15 15:31:43.499594,Paris-2a44,13,20,Normal
2026-02-15 15:31:44.499594,Paris-2a44,-8,36,Normal
2026-02-15 15:31:45.499594,Paris-2a44,37,57,Normal
2026-02-15 15:31:46.499594,Paris-2a44,6,82,Normal
2026-02-15 15:31:47.499594,Paris-2a44,27,56,Normal
2026-02-15 15:31:48.499594,Paris-2a44,-13,16,Normal
2026-02-15 15:31:49.499594,Paris-2a44,15,34,Normal
2026-02-15 15:31:50.499594,Paris-2a44,7,78,Normal
2026-02-15 15:31:51.499594,Paris-2a44,37,87,Normal
2026-02-15 15:31:52.499594,Paris-2a44,-12,72,Normal
2026-02-15 15:31:53.499594,Paris-2a44,10,15,Normal
2026-02-15 15:31:54.499594,Paris-2a44,-2,38,Normal
2026-02-15 15:31:55.499594,Paris-2a44,17,55,Normal
2026-02-15 15:31:56.499594,Paris-2a44,-1,68,Normal
2026-02-15 15:31:57.499594,Paris-2a44,7,93,Normal
2026-02-15 15:31:58.499594,Paris-2a44,-12,56,Normal
2026-02-15 15:31:59.499594,Paris-2a44,30,11,Normal
2026-02-15 15:32:00.499594,Paris-2a44,-23,43,Normal
2026-02-15 15:32:01.499594,Paris-2a44,50,17,Normal
2026-02-15 15:32:02.499594,Paris-2a44,-3,72,Normal
2026-02-15 15:32:03.499594,Paris-2a44,-23,44,Normal
2026-02-15 15:32:04.499594,Paris-2a44,14,62,Normal
2026-02-15 15:32:05.499594,Paris-2a44,-5,96,Normal
2026-02-15 15:32:06.499594,Paris-2a44,-7,96,Normal
2026-02-15 15:32:07.499594,Paris-2a44,-3,58,Normal
2026-02-15 15:32:08.499594,Paris-2a44,10,84,Normal
2026-02-15 15:32:09.499594,Paris-2a44,-17,78,Normal
2026-02-15 15:32:10.499594,Paris-2a44,-26,88,Normal
2026-02-15 15:32:11.499594,Paris-2a44,36,40,Normal
2026-02-15 15:32:12.499594,Paris-2a44,-2,7,Normal
2026-02-15 15:32:13.499594,Paris-2a44,38,24,Normal
2026-02-15 15:32:14.499594,Paris-2a44,42,1,Normal
2026-02-15 15:32:15.499594,Paris-2a44,8,74,Normal
2026-02-15 15:32:16.499594,Paris-2a44,16,53,Normal
2026-02-15 15:32:17.499594,Paris-2a44,-14,37,Normal
2026-02-15 15:32:18.499594,Paris-2a44,40,17,Normal
2026-02-15 15:32:19.499594,Paris-2a44,-27,32,Normal
2026-02-15 15:32:20.499594,Paris-2a44,-27,15,Normal
2026-02-15 15:32:21.499594,Paris-2a44,24,87,Normal
2026-02-15 15:32:22.499594,Paris-2a44,-11,78,Normal
2026-02-15 15:32:23.499594,Paris-2a44,14,57,Normal
2026-02-15 15:32:24.499594,Paris-2a44,32,86,Normal
2026-02-15 15:32:25.499594,Paris-2a44,11,2,Normal
2026-02-15 15:32:26.499594,Paris-2a44,14,53,Normal
2026-02-15 15:32:27.499594,Paris-2a44,39,13,Normal
2026-02-15 15:32:28.499594,Paris-2a44,-12,100,Normal
2026-02-15 15:32:29.499594,Paris-2a44,-2,38,Normal
2026-02-15 15:32:30.499594,Paris-2a44,15,19,Normal
2026-02-15 15:32:31.499594,Paris-2a44,2,75,Normal
2026-02-15 15:32:32.499594,Paris-2a44,24,88,Normal
2026-02-15 15:32:33.499594,Paris-2a44,44,68,Normal
2026-02-15 15:32:34.499594,Paris-2a44,33,27,Normal
2026-02-15 15:32:35.499594,Paris-2a44,-11,99,Normal
2026-02-15 15:32:36.499594,Paris-2a44,15,42,Normal
2026-02-15 15:32:37.499594,Paris-2a44,-17,64,Normal
2026-02-15 15:32:38.499594,Paris-2a44,14,53,Normal
2026-02-15 15:32:39.499594,Paris-2a44,31,51,Normal
2026-02-15 15:32:40.499594,Paris-2a44,-8,4,Normal
2026-02-15 15:32:41.499594,Paris-2a44,-21,51,Normal
2026-02-15 15:32:42.499594,Paris-2a44,-29,74,Normal
2026-02-15 15:32:43.499594,Paris-2a44,12,44,Normal
2026-02-15 15:32:44.499594,Paris-2a44,7,78,Normal
2026-02-15 15:32:45.499594,Paris-2a44,-14,11,Normal
2026-02-15 15:32:46.499594,Paris-2a44,35,18,Normal
2026-02-15 15:32:47.499594,Paris-2a44,-15,7,Normal
2026-02-15 15:32:48.499594,Paris-2a44,-2,90,Normal
2026-02-15 15:32:49.499594,Paris-2a44,15,98,Normal
2026-02-15 15:32:50.499594,Paris-2a44,-4,16,Normal
2026-02-15 15:32:51.499594,Paris-2a44,12,39,Normal
2026-02-15 15:32:52.499594,Paris-2a44,-1,61,Normal
2026-02-15 15:32:53.499594,Paris-2a44,-3,81,Normal
2026-02-15 15:32:54.499594,Paris-2a44,-27,34,Normal
2026-02-15 15:32:55.499594,Paris-2a44,46,94,Normal
2026-02-15 15:32:56.499594,Paris-2a44,-3,53,Normal
2026-02-15 15:32:57.499594,Paris-2a44,38,30,Normal
2026-02-15 15:32:58.499594,Paris-2a44,18,50,Normal
2026-02-15 15:32:59.499594,Paris-2a44,25,40,Normal
2026-02-15 15:33:00.499594,Paris-2a44,44,69,Normal
2026-02-15 15:33:01.499594,Paris-2a44,2,58,Normal
2026-02-15 15:33:02.499594,Paris-2a44,36,6,Normal
2026-02-15 15:33:03.499594,Paris-2a44,-13,36,Normal
2026-02-15 15:33:04.499594,Paris-2a44,19,91,Normal
2026-02-15 15:33:05.499594,Paris-2a44,-19,18,Normal
2026-02-15 15:33:06.499594,Paris-2a44,44,69,Normal
2026-02-15 15:33:07.499594,Paris-2a44,-1,25,Normal
2026-02-15 15:33:08.499594,Paris-2a44,-30,78,Normal
2026-02-15 15:33:09.499594,Paris-2a44,17,11,Normal
2026-02-15 15:33:10.499594,Paris-2a44,41,79,Normal
2026-02-15 15:33:11.499594,Paris-2a44,0,100,Normal
2026-02-15 15:33:12.499594,Paris-2a44,16,65,Normal
2026-02-15 15:33:13.499594,Paris-2a44,50,82,Normal
2026-02-15 15:33:14.499594,Paris-2a44,46,65,Normal
2026-02-15 15:33:15.499594,Paris-2a44,48,69,Normal
2026-02-15 15:33:16.499594,Paris-2a44,3,21,Normal
2026-02-15 15:33:17.499594,Paris-2a44,3,26,Normal
2026-02-15 15:33:18.499594,Paris-2a44,28,41,Normal
2026-02-15 15:33:19.499594,Paris-2a44,-5,28,Normal
2026-02-15 15:33:20.499594,Paris-2a44,3,96,Normal
2026-02-15 15:33:21.499594,Paris-2a44,-25,64,Normal
2026-02-15 15:33:22.499594,Paris-2a44,36,90,Normal
2026-02-15 15:33:23.499594,Paris-2a44,-2,17,Normal
2026-02-15 15:33:24.499594,Paris-2a44,19,80,Normal
2026-02-15 15:33:25.499594,Paris-2a44,-20,27,Normal
2026-02-15 15:33:26.499594,Paris-2a44,44,36,Normal
2026-02-15 15:33:27.499594,Paris-2a44,19,64,Normal
2026-02-15 15:33:28.499594,Paris-2a44,-17,91,Normal
2026-02-15 15:33:29.499594,Paris-2a44,38,58,Normal
2026-02-15 15:33:30.499594,Paris-2a44,-20,88,Normal
2026-02-15 15:33:31.499594,Paris-2a44,41,77,Normal
2026-02-15 15:33:32.499594,Paris-2a44,38,38,Normal
2026-02-15 15:33:33.499594,Paris-2a44,-27,93,Normal
2026-02-15 15:33:34.499594,Paris-2a44,-17,29,Normal
2026-02-15 15:33:35.499594,Paris-2a44,29,48,Normal
2026-02-15 15:33:36.499594,Paris-2a44,5,94,Normal
2026-02-15 15:33:37.499594,Paris-2a44,6,21,Normal
2026-02-15 15:33:38.499594,Paris-2a44,12,97,Normal
2026-02-15 15:33:39.499594,Paris-2a44,1,71,Normal
2026-02-15 15:33:40.499594,Paris-2a44,-2,91,Normal
2026-02-15 15:33:41.499594,Paris-2a44,-25,3,Normal
2026-02-15 15:33:42.499594,Paris-2a44,47,64,Normal
2026-02-15 15:33:43.499594,Paris-2a44,1,30,Normal
2026-02-15 15:33:44.499594,Paris-2a44,17,34,Normal
2026-02-15 15:33:45.499594,Paris-2a44,43,40,Normal
2026-02-15 15:33:46.499594,Paris-2a44,1,34,Normal
2026-02-15 15:33:47.499594,Paris-2a44,1,63,Normal
2026-02-15 15:33:48.499594,Paris-2a44,30,79,Normal
2026-02-15 15:33:49.499594,Paris-2a44,-28,87,Normal
2026-02-15 15:33:50.499594,Paris-2a44,37,94,Normal
2026-02-15 15:33:51.499594,Paris-2a44,3,97,Normal
2026-02-15 15:33:52.499594,Paris-2a44,41,74,Normal
2026-02-15 15:33:53.499594,Paris-2a44,-7,54,Normal
2026-02-15 15:33:54.499594,Paris-2a44,26,24,Normal
2026-02-15 15:33:55.499594,Paris-2a44,35,1,Normal
2026-02-15 15:33:56.499594,Paris-2a44,-26,49,Normal
2026-02-15 15:33:57.499594,Paris-2a44,30,49,Normal
2026-02-15 15:33:58.499594,Paris-2a44,47,51,Normal
2026-02-15 15:33:59.499594,Paris-2a44,22,45,Normal
2026-02-15 15:34:00.499594,Paris-2a44,31,52,Normal
2026-02-15 15:34:01.499594,Paris-2a44,31,4,Normal
2026-02-15 15:34:02.499594,Paris-2a44,49,26,Normal
2026-02-15 15:34:03.499594,Paris-2a44,-25,99,Normal
2026-02-15 15:34:04.499594,Paris-2a44,47,9,Normal
2026-02-15 15:34:05.499594,Paris-2a44,44,22,Normal
2026-02-15 15:34:06.499594,Paris-2a44,18,24,Normal
2026-02-15 15:34:07.499594,Paris-2a44,37,18,Normal
2026-02-15 15:34:08.499594,Paris-2a44,-30,13,Normal
2026-02-15 15:34:09.499594,Paris-2a44,-25,92,Normal
2026-02-15 15:34:10.499594,Paris-2a44,-3,68,Normal
2026-02-15 15:34:11.499594,Paris-2a44,48,100,Normal
2026-02-15 15:34:12.499594,Paris-2a44,-4,39,Normal
2026-02-15 15:34:13.499594,Paris-2a44,47,100,Normal
2026-02-15 15:34:14.499594,Paris-2a44,-10,56,Normal
2026-02-15 15:34:15.499594,Paris-2a44,10,2,Normal
2026-02-15 15:34:16.499594,Paris-2a44,33,16,Normal
2026-02-15 15:34:17.499594,Paris-2a44,28,17,Normal
2026-02-15 15:34:18.499594,Paris-2a44,-6,17,Normal
2026-02-15 15:34:19.499594,Paris-2a44,35,20,Normal
2026-02-15 15:34:20.499594,Paris-2a44,8,74,Normal
2026-02-15 15:34:21.499594,Paris-2a44,50,78,Normal
2026-02-15 15:34:22.499594,Paris-2a44,-9,61,Normal
2026-02-15 15:34:23.499594,Paris-2a44,-27,0,Normal
2026-02-15 15:34:24.499594,Paris-2a44,10,4,Normal
2026-02-15 15:34:25.499594,Paris-2a44,-25,18,Normal
2026-02-15 15:34:26.499594,Paris-2a44,-30,88,Normal
2026-02-15 15:34:27.499594,Paris-2a44,29,36,Normal
2026-02-15 15:34:28.499594,Paris-2a44,2,54,Normal
2026-02-15 15:34:29.499594,Paris-2a44,43,43,Normal
2026-02-15 15:34:30.499594,Paris-2a44,-16,34,Normal
2026-02-15 15:34:31.499594,Paris-2a44,48,24,Normal
2026-02-15 15:34:32.499594,Paris-2a44,2,73,Normal
2026-02-15 15:34:33.499594,Paris-2a44,-25,13,Normal
2026-02-15 15:34:34.499594,Paris-2a44,27,82,Normal
2026-02-15 15:34:35.499594,Paris-2a44,46,1,Normal
2026-02-15 15:34:36.499594,Paris-2a44,-12,93,Normal
2026-02-15 15:34:37.499594,Paris-2a44,-28,85,Normal
2026-02-15 15:34:38.499594,Paris-2a44,17,20,Normal
2026-02-15 15:34:39.499594,Paris-2a44,-10,69,Normal
2026-02-15 15:34:40.499594,Paris-2a44,5,54,Normal
2026-02-15 15:34:41.499594,Paris-2a44,2,70,Normal
2026-02-15 15:34:42.499594,Paris-2a44,22,38,Normal
2026-02-15 15:34:43.499594,Paris-2a44,45,69,Normal
2026-02-15 15:34:44.499594,Paris-2a44,10,19,Normal
2026-02-15 15:34:45.499594,Paris-2a44,-22,58,Normal
2026-02-15 15:34:46.499594,Paris-2a44,-18,81,Normal
2026-02-15 15:34:47.499594,Paris-2a44,41,62,Normal
2026-02-15 15:34:48.499594,Paris-2a44,32,22,Normal
2026-02-15 15:34:49.499594,Paris-2a44,-4,30,Normal
2026-02-15 15:34:50.499594,Paris-2a44,-29,86,Normal
2026-02-15 15:34:51.499594,Paris-2a44,26,26,Normal
2026-02-15 15:34:52.499594,Paris-2a44,-22,34,Normal
2026-02-15 15:34:53.499594,Paris-2a44,50,43,Normal
2026-02-15 15:34:54.499594,Paris-2a44,-2,79,Normal
2026-02-15 15:34:55.499594,Paris-2a44,1,76,Normal
2026-02-15 15:34:56.499594,Paris-2a44,28,65,Normal
2026-02-15 15:34:57.499594,Paris-2a44,-12,68,Normal
2026-02-15 15:34:58.499594,Paris-2a44,-22,79,Normal
2026-02-15 15:34:59.499594,Paris-2a44,27,65,Normal
2026-02-15 15:35:00.499594,Paris-2a44,19,6,Normal
2026-02-15 15:35:01.499594,Paris-2a44,15,79,Normal
2026-02-15 15:35:02.499594,Paris-2a44,23,12,Normal
2026-02-15 15:35:03.499594,Paris-2a44,18,77,Normal
2026-02-15 15:35:04.499594,Paris-2a44,22,57,Normal
2026-02-15 15:35:05.499594,Paris-2a44,-13,18,Normal
2026-02-15 15:35:06.499594,Paris-2a44,-20,63,Normal
2026-02-15 15:35:07.499594,Paris-2a44,15,32,Normal
2026-02-15 15:35:08.499594,Paris-2a44,1,96,Normal
2026-02-15 15:35:09.499594,Paris-2a44,17,32,Normal
2026-02-15 15:35:10.499594,Paris-2a44,50,84,Normal
2026-02-15 15:35:11.499594,Paris-2a44,-2,61,Normal
2026-02-15 15:35:12.499594,Paris-2a44,-11,86,Normal
2026-02-15 15:35:13.499594,Paris-2a44,36,16,Normal
2026-02-15 15:35:14.499594,Paris-2a44,10,86,Normal
2026-02-15 15:35:15.499594,Paris-2a44,18,38,Normal
2026-02-15 15:35:16.499594,Paris-2a44,16,73,Normal
2026-02-15 15:35:17.499594,Paris-2a44,-21,61,Normal
2026-02-15 15:35:18.499594,Paris-2a44,1,10,Normal
2026-02-15 15:35:19.499594,Paris-2a44,25,46,Normal
2026-02-15 15:35:20.499594,Paris-2a44,-30,0,Normal
2026-02-15 15:35:21.499594,Paris-2a44,20,87,Normal
2026-02-15 15:35:22.499594,Paris-2a44,-3,66,Normal
2026-02-15 15:35:23.499594,Paris-2a44,21,95,Normal
2026-02-15 15:35:24.499594,Paris-2a44,-9,26,Normal
2026-02-15 15:35:25.499594,Paris-2a44,21,35,Normal
2026-02-15 15:35:26.499594,Paris-2a44,-9,25,Normal
2026-02-15 15:35:27.499594,Paris-2a44,50,79,Normal
2026-02-15 15:35:28.499594,Paris-2a44,32,38,Normal
2026-02-15 15:35:29.499594,Paris-2a44,-15,43,Normal
2026-02-15 15:35:30.499594,Paris-2a44,-18,52,Normal
2026-02-15 15:35:31.499594,Paris-2a44,19,44,Normal
2026-02-15 15:35:32.499594,Paris-2a44,26,67,Normal
2026-02-15 15:35:33.499594,Paris-2a44,6,39,Normal
2026-02-15 15:35:34.499594,Paris-2a44,43,90,Normal
2026-02-15 15:35:35.499594,Paris-2a44,-11,95,Normal
2026-02-15 15:35:36.499594,Paris-2a44,-20,79,Normal
2026-02-15 15:35:37.499594,Paris-2a44,19,45,Normal
2026-02-15 15:35:38.499594,Paris-2a44,45,40,Normal
2026-02-15 15:35:39.499594,Paris-2a44,-16,91,Normal
2026-02-15 15:35:40.499594,Paris-2a44,-6,57,Normal
2026-02-15 15:35:41.499594,Paris-2a44,-11,96,Normal
2026-02-15 15:35:42.499594,Paris-2a44,46,43,Normal
2026-02-15 15:35:43.499594,Paris-2a44,2,41,Normal
2026-02-15 15:35:44.499594,Paris-2a44,-24,28,Normal
2026-02-15 15:35:45.499594,Paris-2a44,6,28,Normal
2026-02-15 15:35:46.499594,Paris-2a44,33,75,Normal
2026-02-15 15:35:47.499594,Paris-2a44,8,16,Normal
2026-02-15 15:35:48.499594,Paris-2a44,-21,17,Normal
2026-02-15 15:35:49.499594,Paris-2a44,-20,19,Normal
2026-02-15 15:35:50.499594,Paris-2a44,36,89,Normal
2026-02-15 15:35:51.499594,Paris-2a44,26,64,Normal
2026-02-15 15:35:52.499594,Paris-2a44,16,73,Normal
2026-02-15 15:35:53.499594,Paris-2a44,-18,8,Normal
2026-02-15 15:35:54.499594,Paris-2a44,-16,84,Normal
2026-02-15 15:35:55.499594,Paris-2a44,32,63,Normal
2026-02-15 15:35:56.499594,Paris-2a44,-19,28,Normal
2026-02-15 15:35:57.499594,Paris-2a44,0,99,Normal
2026-02-15 15:35:58.499594,Paris-2a44,9,75,Normal
2026-02-15 15:35:59.499594,Paris-2a44,-26,73,Normal
2026-02-15 15:36:00.499594,Paris-2a44,38,46,Normal
2026-02-15 15:36:01.499594,Paris-2a44,-9,38,Normal
2026-02-15 15:36:02.499594,Paris-2a44,-29,13,Normal
2026-02-15 15:36:03.499594,Paris-2a44,23,0,Normal
2026-02-15 15:36:04.499594,Paris-2a44,28,86,Normal
2026-02-15 15:36:05.499594,Paris-2a44,5,100,Normal
2026-02-15 15:36:06.499594,Paris-2a44,41,7,Normal
2026-02-15 15:36:07.499594,Paris-2a44,50,68,Normal
2026-02-15 15:36:08.499594,Paris-2a44,22,20,Normal
2026-02-15 15:36:09.499594,Paris-2a44,0,51,Normal
2026-02-15 15:36:10.499594,Paris-2a44,35,42,Normal
2026-02-15 15:36:11.499594,Paris-2a44,-19,66,Normal
2026-02-15 15:36:12.499594,Paris-2a44,25,97,Normal
2026-02-15 15:36:13.499594,Paris-2a44,47,36,Normal
2026-02-15 15:36:14.499594,Paris-2a44,-28,99,Normal
2026-02-15 15:36:15.499594,Paris-2a44,48,16,Normal
2026-02-15 15:36:16.499594,Paris-2a44,23,36,Normal
2026-02-15 15:36:17.499594,Paris-2a44,5,89,Normal
2026-02-15 15:36:18.499594,Paris-2a44,20,90,Normal
2026-02-15 15:36:19.499594,Paris-2a44,-4,17,Normal
2026-02-15 15:36:20.499594,Paris-2a44,3,24,Normal
2026-02-15 15:36:21.499594,Paris-2a44,23,69,Normal
2026-02-15 15:36:22.499594,Paris-2a44,36,20,Normal
2026-02-15 15:36:23.499594,Paris-2a44,-20,4,Normal
2026-02-15 15:36:24.499594,Paris-2a44,-15,31,Normal
2026-02-15 15:36:25.499594,Paris-2a44,-23,40,Normal
2026-02-15 15:36:26.499594,Paris-2a44,24,79,Normal
2026-02-15 15:36:27.499594,Paris-2a44,-12,53,Normal
2026-02-15 15:36:28.499594,Paris-2a44,16,50,Normal
2026-02-15 15:36:29.499594,Paris-2a44,-3,98,Normal
2026-02-15 15:36:30.499594,Paris-2a44,-17,93,Normal
2026-02-15 15:36:31.499594,Paris-2a44,-23,8,Normal
2026-02-15 15:36:32.499594,Paris-2a44,35,7,Normal
2026-02-15 15:36:33.499594,Paris-2a44,14,2,Normal
2026-02-15 15:36:34.499594,Paris-2a44,-12,91,Normal
2026-02-15 15:36:35.499594,Paris-2a44,43,85,Normal
2026-02-15 15:36:36.499594,Paris-2a44,-11,75,Normal
2026-02-15 15:36:37.499594,Paris-2a44,-4,50,Normal
2026-02-15 15:36:38.499594,Paris-2a44,2,50,Normal
2026-02-15 15:36:39.499594,Paris-2a44,7,57,Normal
2026-02-15 15:36:40.499594,Paris-2a44,41,47,Normal
2026-02-15 15:36:41.499594,Paris-2a44,4,89,Normal
2026-02-15 15:36:42.499594,Paris-2a44,33,9,Normal
2026-02-15 15:36:43.499594,Paris-2a44,24,82,Normal
2026-02-15 15:36:44.499594,Paris-2a44,49,54,Normal
2026-02-15 15:36:45.499594,Paris-2a44,-7,67,Normal
2026-02-15 15:36:46.499594,Paris-2a44,17,63,Normal
2026-02-15 15:36:47.499594,Paris-2a44,-3,5,Normal
2026-02-15 15:36:48.499594,Paris-2a44,-23,93,Normal
2026-02-15 15:36:49.499594,Paris-2a44,16,93,Normal
2026-02-15 15:36:50.499594,Paris-2a44,11,34,Normal
2026-02-15 15:36:51.499594,Paris-2a44,-8,54,Normal
2026-02-15 15:36:52.499594,Paris-2a44,37,48,Normal
2026-02-15 15:36:53.499594,Paris-2a44,11,63,Normal
2026-02-15 15:36:54.499594,Paris-2a44,0,78,Normal
2026-02-15 15:36:55.499594,Paris-2a44,45,57,Normal
2026-02-15 15:36:56.499594,Paris-2a44,26,23,Normal
2026-02-15 15:36:57.499594,Paris-2a44,33,22,Normal
2026-02-15 15:36:58.499594,Paris-2a44,5,72,Normal
2026-02-15 15:36:59.499594,Paris-2a44,2,39,Normal
2026-02-15 15:37:00.499594,Paris-2a44,-24,17,Normal
2026-02-15 15:37:01.499594,Paris-2a44,33,86,Normal
2026-02-15 15:37:02.499594,Paris-2a44,14,49,Normal
2026-02-15 15:37:03.499594,Paris-2a44,-27,58,Normal
2026-02-15 15:37:04.499594,Paris-2a44,46,55,Normal
2026-02-15 15:37:05.499594,Paris-2a44,45,49,Normal
2026-02-15 15:37:06.499594,Paris-2a44,27,41,Normal
2026-02-15 15:37:07.499594,Paris-2a44,-20,34,Normal
2026-02-15 15:37:08.499594,Paris-2a44,-19,4,Normal
2026-02-15 15:37:09.499594,Paris-2a44,1,25,Normal
2026-02-15 15:37:10.499594,Paris-2a44,3,6,Normal
2026-02-15 15:37:11.499594,Paris-2a44,30,4,Normal
2026-02-15 15:37:12.499594,Paris-2a44,-3,56,Normal
2026-02-15 15:37:13.499594,Paris-2a44,-8,28,Normal
2026-02-15 15:37:14.499594,Paris-2a44,-23,2,Normal
2026-02-15 15:37:15.499594,Paris-2a44,33,41,Normal
2026-02-15 15:37:16.499594,Paris-2a44,-17,5,Normal
2026-02-15 15:37:17.499594,Paris-2a44,11,14,Normal
2026-02-15 15:37:18.499594,Paris-2a44,-17,41,Normal
2026-02-15 15:37:19.499594,Paris-2a44,-27,38,Normal
2026-02-15 15:37:20.499594,Paris-2a44,33,92,Normal
2026-02-15 15:37:21.499594,Paris-2a44,-12,22,Normal
2026-02-15 15:37:22.499594,Paris-2a44,-28,34,Normal
2026-02-15 15:37:23.499594,Paris-2a44,20,37,Normal
2026-02-15 15:37:24.499594,Paris-2a44,27,27,Normal
2026-02-15 15:37:25.499594,Paris-2a44,26,33,Normal
2026-02-15 15:37:26.499594,Paris-2a44,27,20,Normal
2026-02-15 15:37:27.499594,Paris-2a44,-12,35,Normal
2026-02-15 15:37:28.499594,Paris-2a44,-12,91,Normal
2026-02-15 15:37:29.499594,Paris-2a44,-21,81,Normal
2026-02-15 15:37:30.499594,Paris-2a44,-29,28,Normal
2026-02-15 15:37:31.499594,Paris-2a44,34,96,Normal
2026-02-15 15:37:32.499594,Paris-2a44,46,92,Normal
2026-02-15 15:37:33.499594,Paris-2a44,11,34,Normal
2026-02-15 15:37:34.499594,Paris-2a44,19,20,Normal
2026-02-15 15:37:35.499594,Paris-2a44,44,44,Normal
2026-02-15 15:37:36.499594,Paris-2a44,-20,4,Normal
2026-02-15 15:37:37.499594,Paris-2a44,-17,82,Normal
2026-02-15 15:37:38.499594,Paris-2a44,48,26,Normal
2026-02-15 15:37:39.499594,Paris-2a44,-24,51,Normal
2026-02-15 15:37:40.499594,Paris-2a44,44,13,Normal
2026-02-15 15:37:41.499594,Paris-2a44,21,1,Normal
2026-02-15 15:37:42.499594,Paris-2a44,-17,52,Normal
2026-02-15 15:37:43.499594,Paris-2a44,-22,28,Normal
2026-02-15 15:37:44.499594,Paris-2a44,24,63,Normal
2026-02-15 15:37:45.499594,Paris-2a44,-28,5,Normal
2026-02-15 15:37:46.499594,Paris-2a44,48,10,Normal
2026-02-15 15:37:47.499594,Paris-2a44,16,56,Normal
2026-02-15 15:37:48.499594,Paris-2a44,-21,95,Normal
2026-02-15 15:37:49.499594,Paris-2a44,17,89,Normal
2026-02-15 15:37:50.499594,Paris-2a44,6,34,Normal
2026-02-15 15:37:51.499594,Paris-2a44,-11,44,Normal
2026-02-15 15:37:52.499594,Paris-2a44,37,65,Normal
2026-02-15 15:37:53.499594,Paris-2a44,7,48,Normal
2026-02-15 15:37:54.499594,Paris-2a44,-24,20,Normal
2026-02-15 15:37:55.499594,Paris-2a44,27,90,Normal
2026-02-15 15:37:56.499594,Paris-2a44,14,80,Normal
2026-02-15 15:37:57.499594,Paris-2a44,-14,29,Normal
2026-02-15 15:37:58.499594,Paris-2a44,27,28,Normal
2026-02-15 15:37:59.499594,Paris-2a44,-22,42,Normal
2026-02-15 15:38:00.499594,Paris-2a44,10,58,Normal
2026-02-15 15:38:01.499594,Paris-2a44,33,81,Normal
2026-02-15 15:38:02.499594,Paris-2a44,2,39,Normal
2026-02-15 15:38:03.499594,Paris-2a44,-30,92,Normal
2026-02-15 15:38:04.499594,Paris-2a44,46,5,Normal
2026-02-15 15:38:05.499594,Paris-2a44,46,10,Normal
2026-02-15 15:38:06.499594,Paris-2a44,-9,54,Normal
2026-02-15 15:38:07.499594,Paris-2a44,-12,53,Normal
2026-02-15 15:38:08.499594,Paris-2a44,-23,0,Normal
2026-02-15 15:38:09.499594,Paris-2a44,15,51,Normal
2026-02-15 15:38:10.499594,Paris-2a44,41,52,Normal
2026-02-15 15:38:11.499594,Paris-2a44,-23,55,Normal
2026-02-15 15:38:12.499594,Paris-2a44,-16,40,Normal
2026-02-15 15:38:13.499594,Paris-2a44,-22,57,Normal
2026-02-15 15:38:14.499594,Paris-2a44,7,26,Normal
2026-02-15 15:38:15.499594,Paris-2a44,26,40,Normal
2026-02-15 15:38:16.499594,Paris-2a44,44,99,Normal
2026-02-15 15:38:17.499594,Paris-2a44,-18,13,Normal
2026-02-15 15:38:18.499594,Paris-2a44,42,79,Normal
2026-02-15 15:38:19.499594,Paris-2a44,33,61,Normal
2026-02-15 15:38:20.499594,Paris-2a44,-10,14,Normal
2026-02-15 15:38:21.499594,Paris-2a44,15,11,Normal
2026-02-15 15:38:22.499594,Paris-2a44,33,21,Normal
2026-02-15 15:38:23.499594,Paris-2a44,33,33,Normal
2026-02-15 15:38:24.499594,Paris-2a44,19,65,Normal
2026-02-15 15:38:25.499594,Paris-2a44,-25,95,Normal
2026-02-15 15:38:26.499594,Paris-2a44,0,57,Normal
2026-02-15 15:38:27.499594,Paris-2a44,45,5,Normal
2026-02-15 15:38:28.499594,Paris-2a44,42,3,Normal
2026-02-15 15:38:29.499594,Paris-2a44,-3,93,Normal
2026-02-15 15:38:30.499594,Paris-2a44,-20,41,Normal
2026-02-15 15:38:31.499594,Paris-2a44,-18,42,Normal
2026-02-15 15:38:32.499594,Paris-2a44,26,35,Normal
2026-02-15 15:38:33.499594,Paris-2a44,18,45,Normal
2026-02-15 15:38:34.499594,Paris-2a44,38,60,Normal
2026-02-15 15:38:35.499594,Paris-2a44,46,54,Normal
2026-02-15 15:38:36.499594,Paris-2a44,11,17,Normal
2026-02-15 15:38:37.499594,Paris-2a44,6,12,Normal
2026-02-15 15:38:38.499594,Paris-2a44,41,2,Normal
2026-02-15 15:38:39.499594,Paris-2a44,-24,56,Normal
2026-02-15 15:38:40.499594,Paris-2a44,-24,85,Normal
2026-02-15 15:38:41.499594,Paris-2a44,18,46,Normal
2026-02-15 15:38:42.499594,Paris-2a44,-12,47,Normal
2026-02-15 15:38:43.499594,Paris-2a44,50,70,Normal
2026-02-15 15:38:44.499594,Paris-2a44,27,18,Normal
2026-02-15 15:38:45.499594,Paris-2a44,-4,93,Normal
2026-02-15 15:38:46.499594,Paris-2a44,17,41,Normal
2026-02-15 15:38:47.499594,Paris-2a44,39,2,Normal
2026-02-15 15:38:48.499594,Paris-2a44,-28,60,Normal
2026-02-15 15:38:49.499594,Paris-2a44,46,87,Normal
2026-02-15 15:38:50.499594,Paris-2a44,-12,30,Normal
2026-02-15 15:38:51.499594,Paris-2a44,-18,39,Normal
2026-02-15 15:38:52.499594,Paris-2a44,-23,100,Normal
2026-02-15 15:38:53.499594,Paris-2a44,-30,25,Normal
2026-02-15 15:38:54.499594,Paris-2a44,-4,50,Normal
2026-02-15 15:38:55.499594,Paris-2a44,21,57,Normal
2026-02-15 15:38:56.499594,Paris-2a44,-1,17,Normal
2026-02-15 15:38:57.499594,Paris-2a44,-5,28,Normal
2026-02-15 15:38:58.499594,Paris-2a44,-27,11,Normal
2026-02-15 15:38:59.499594,Paris-2a44,-22,56,Normal
2026-02-15 15:39:00.499594,Paris-2a44,1,43,Normal
2026-02-15 15:39:01.499594,Paris-2a44,41,49,Normal
2026-02-15 15:39:02.499594,Paris-2a44,-24,85,Normal
2026-02-15 15:39:03.499594,Paris-2a44,29,52,Normal
2026-02-15 15:39:04.499594,Paris-2a44,44,24,Normal
2026-02-15 15:39:05.499594,Paris-2a44,14,39,Normal
2026-02-15 15:39:06.499594,Paris-2a44,-2,46,Normal
2026-02-15 15:39:07.499594,Paris-2a44,15,69,Normal
2026-02-15 15:39:08.499594,Paris-2a44,35,88,Normal
2026-02-15 15:39:09.499594,Paris-2a44,38,52,Normal
2026-02-15 15:39:10.499594,Paris-2a44,37,51,Normal
2026-02-15 15:39:11.499594,Paris-2a44,49,20,Normal
2026-02-15 15:39:12.499594,Paris-2a44,17,92,Normal
2026-02-15 15:39:13.499594,Paris-2a44,29,57,Normal
2026-02-15 15:39:14.499594,Paris-2a44,-28,83,Normal
2026-02-15 15:39:15.499594,Paris-2a44,-7,31,Normal
2026-02-15 15:39:16.499594,Paris-2a44,-18,1,Normal
2026-02-15 15:39:17.499594,Paris-2a44,-10,12,Normal
2026-02-15 15:39:18.499594,Paris-2a44,-21,24,Normal
2026-02-15 15:39:19.499594,Paris-2a44,42,20,Normal
2026-02-15 15:39:20.499594,Paris-2a44,2,81,Normal
2026-02-15 15:39:21.499594,Paris-2a44,36,27,Normal
2026-02-15 15:39:22.499594,Paris-2a44,-14,42,Normal
2026-02-15 15:39:23.499594,Paris-2a44,-25,31,Normal
2026-02-15 15:39:24.499594,Paris-2a44,-10,73,Normal
2026-02-15 15:39:25.499594,Paris-2a44,47,50,Normal
2026-02-15 15:39:26.499594,Paris-2a44,28,96,Normal
2026-02-15 15:39:27.499594,Paris-2a44,33,36,Normal
2026-02-15 15:39:28.499594,Paris-2a44,-12,28,Normal
2026-02-15 15:39:29.499594,Paris-2a44,11,64,Normal
2026-02-15 15:39:30.499594,Paris-2a44,13,30,Normal
2026-02-15 15:39:31.499594,Paris-2a44,28,45,Normal
2026-02-15 15:39:32.499594,Paris-2a44,-20,16,Normal
2026-02-15 15:39:33.499594,Paris-2a44,44,76,Normal
2026-02-15 15:39:34.499594,Paris-2a44,45,37,Normal
2026-02-15 15:39:35.499594,Paris-2a44,28,5,Normal
2026-02-15 15:39:36.499594,Paris-2a44,-3,6,Normal
2026-02-15 15:39:37.499594,Paris-2a44,24,11,Normal
2026-02-15 15:39:38.499594,Paris-2a44,0,33,Normal
2026-02-15 15:39:39.499594,Paris-2a44,-22,79,Normal
2026-02-15 15:39:40.499594,Paris-2a44,46,85,Normal
2026-02-15 15:39:41.499594,Paris-2a44,-25,82,Normal
2026-02-15 15:39:42.499594,Paris-2a44,-25,61,Normal
2026-02-15 15:39:43.499594,Paris-2a44,20,97,Normal
2026-02-15 15:39:44.499594,Paris-2a44,-11,31,Normal
2026-02-15 15:39:45.499594,Paris-2a44,-24,30,Normal
2026-02-15 15:39:46.499594,Paris-2a44,41,59,Normal
2026-02-15 15:39:47.499594,Paris-2a44,10,39,Normal
2026-02-15 15:39:48.499594,Paris-2a44,-28,96,Normal
2026-02-15 15:39:49.499594,Paris-2a44,23,100,Normal
2026-02-15 15:39:50.499594,Paris-2a44,-9,35,Normal
2026-02-15 15:39:51.499594,Paris-2a44,39,23,Normal
2026-02-15 15:39:52.499594,Paris-2a44,-29,10,Normal
2026-02-15 15:39:53.499594,Paris-2a44,5,49,Normal
2026-02-15 15:39:54.499594,Paris-2a44,26,81,Normal
2026-02-15 15:39:55.499594,Paris-2a44,6,26,Normal
2026-02-15 15:39:56.499594,Paris-2a44,-27,16,Normal
2026-02-15 15:39:57.499594,Paris-2a44,39,21,Normal
2026-02-15 15:39:58.499594,Paris-2a44,-23,78,Normal
2026-02-15 15:39:59.499594,Paris-2a44,-24,80,Normal
2026-02-15 15:40:00.499594,Paris-2a44,-19,90,Normal
2026-02-15 15:40:01.499594,Paris-2a44,-30,70,Normal
2026-02-15 15:40:02.499594,Paris-2a44,-3,64,Normal
2026-02-15 15:40:03.499594,Paris-2a44,-28,74,Normal
2026-02-15 15:40:04.499594,Paris-2a44,-7,89,Normal
2026-02-15 15:40:05.499594,Paris-2a44,22,24,Normal
2026-02-15 15:40:06.499594,Paris-2a44,-3,79,Normal
2026-02-15 15:40:07.499594,Paris-2a44,-30,98,Normal
2026-02-15 15:40:08.499594,Paris-2a44,31,37,Normal
2026-02-15 15:40:09.499594,Paris-2a44,32,32,Normal
2026-02-15 15:40:10.499594,Paris-2a44,47,27,Normal
2026-02-15 15:40:11.499594,Paris-2a44,-14,44,Normal
2026-02-15 15:40:12.499594,Paris-2a44,-19,50,Normal
2026-02-15 15:40:13.499594,Paris-2a44,40,84,Normal
2026-02-15 15:40:14.499594,Paris-2a44,-30,4,Normal
2026-02-15 15:40:15.499594,Paris-2a44,22,48,Normal
2026-02-15 15:40:16.499594,Paris-2a44,-20,21,Normal
2026-02-15 15:40:17.499594,Paris-2a44,14,47,Normal
2026-02-15 15:40:18.499594,Paris-2a44,-28,38,Normal
2026-02-15 15:40:19.499594,Paris-2a44,-3,5,Normal
2026-02-15 15:40:20.499594,Paris-2a44,29,98,Normal
2026-02-15 15:40:21.499594,Paris-2a44,29,46,Normal
2026-02-15 15:40:22.499594,Paris-2a44,-29,62,Normal
2026-02-15 15:40:23.499594,Paris-2a44,-16,5,Normal
2026-02-15 15:40:24.499594,Paris-2a44,35,94,Normal
2026-02-15 15:40:25.499594,Paris-2a44,37,38,Normal
2026-02-15 15:40:26.499594,Paris-2a44,-1,7,Normal
2026-02-15 15:40:27.499594,Paris-2a44,21,40,Normal
2026-02-15 15:40:28.499594,Paris-2a44,48,57,Normal
2026-02-15 15:40:29.499594,Paris-2a44,-7,65,Normal
2026-02-15 15:40:30.499594,Paris-2a44,-24,52,Normal
2026-02-15 15:40:31.499594,Paris-2a44,-8,47,Normal
2026-02-15 15:40:32.499594,Paris-2a44,43,48,Normal
2026-02-15 15:40:33.499594,Paris-2a44,21,27,Normal
2026-02-15 15:40:34.499594,Paris-2a44,-11,60,Normal
2026-02-15 15:40:35.499594,Paris-2a44,-25,47,Normal
2026-02-15 15:40:36.499594,Paris-2a44,-21,58,Normal
2026-02-15 15:40:37.499594,Paris-2a44,-10,6,Normal
2026-02-15 15:40:38.499594,Paris-2a44,46,40,Normal
2026-02-15 15:40:39.499594,Paris-2a44,36,30,Normal
2026-02-15 15:40:40.499594,Paris-2a44,3,18,Normal
2026-02-15 15:40:41.499594,Paris-2a44,23,15,Normal
2026-02-15 15:40:42.499594,Paris-2a44,-19,53,Normal
2026-02-15 15:40:43.499594,Paris-2a44,41,42,Normal
2026-02-15 15:40:44.499594,Paris-2a44,12,12,Normal
2026-02-15 15:40:45.499594,Paris-2a44,31,80,Normal
2026-02-15 15:40:46.499594,Paris-2a44,-26,33,Normal
2026-02-15 15:40:47.499594,Paris-2a44,-1,97,Normal
2026-02-15 15:40:48.499594,Paris-2a44,14,17,Normal
2026-02-15 15:40:49.499594,Paris-2a44,-8,82,Normal
2026-02-15 15:40:50.499594,Paris-2a44,15,58,Normal
2026-02-15 15:40:51.499594,Paris-2a44,17,73,Normal
2026-02-15 15:40:52.499594,Paris-2a44,-1,10,Normal
2026-02-15 15:40:53.499594,Paris-2a44,18,35,Normal
2026-02-15 15:40:54.499594,Paris-2a44,5,86,Normal
2026-02-15 15:40:55.499594,Paris-2a44,50,24,Normal
2026-02-15 15:40:56.499594,Paris-2a44,33,5,Normal
2026-02-15 15:40:57.499594,Paris-2a44,31,86,Normal
2026-02-15 15:40:58.499594,Paris-2a44,17,26,Normal
2026-02-15 15:40:59.499594,Paris-2a44,23,81,Normal
2026-02-15 15:41:00.499594,Paris-2a44,-15,69,Normal
2026-02-15 15:41:01.499594,Paris-2a44,15,98,Normal
2026-02-15 15:41:02.499594,Paris-2a44,22,84,Normal
2026-02-15 15:41:03.499594,Paris-2a44,16,83,Normal
2026-02-15 15:41:04.499594,Paris-2a44,-19,81,Normal
2026-02-15 15:41:05.499594,Paris-2a44,24,76,Normal
2026-02-15 15:41:06.499594,Paris-2a44,27,38,Normal
2026-02-15 15:41:07.499594,Paris-2a44,39,24,Normal
2026-02-15 15:41:08.499594,Paris-2a44,38,56,Normal
2026-02-15 15:41:09.499594,Paris-2a44,36,56,Normal
2026-02-15 15:41:10.499594,Paris-2a44,48,91,Normal
2026-02-15 15:41:11.499594,Paris-2a44,-30,70,Normal
2026-02-15 15:41:12.499594,Paris-2a44,-5,9,Normal
2026-02-15 15:41:13.499594,Paris-2a44,44,74,Normal
2026-02-15 15:41:14.499594,Paris-2a44,37,38,Normal
2026-02-15 15:41:15.499594,Paris-2a44,31,68,Normal
2026-02-15 15:41:16.499594,Paris-2a44,-1,98,Normal
2026-02-15 15:41:17.499594,Paris-2a44,2,7,Normal
2026-02-15 15:41:18.499594,Paris-2a44,16,32,Normal
2026-02-15 15:41:19.499594,Paris-2a44,19,34,Normal
2026-02-15 15:41:20.499594,Paris-2a44,17,14,Normal
2026-02-15 15:41:21.499594,Paris-2a44,28,60,Normal
2026-02-15 15:41:22.499594,Paris-2a44,-17,6,Normal
2026-02-15 15:41:23.499594,Paris-2a44,41,16,Normal
2026-02-15 15:41:24.499594,Paris-2a44,-15,31,Normal
2026-02-15 15:41:25.499594,Paris-2a44,10,1,Normal
2026-02-15 15:41:26.499594,Paris-2a44,48,76,Normal
2026-02-15 15:41:27.499594,Paris-2a44,-15,17,Normal
2026-02-15 15:41:28.499594,Paris-2a44,-1,41,Normal
2026-02-15 15:41:29.499594,Paris-2a44,44,68,Normal
2026-02-15 15:41:30.499594,Paris-2a44,-13,92,Normal
2026-02-15 15:41:31.499594,Paris-2a44,-4,92,Normal
2026-02-15 15:41:32.499594,Paris-2a44,14,6,Normal
2026-02-15 15:41:33.499594,Paris-2a44,29,96,Normal
2026-02-15 15:41:34.499594,Paris-2a44,11,15,Normal
2026-02-15 15:41:35.499594,Paris-2a44,-25,46,Normal
2026-02-15 15:41:36.499594,Paris-2a44,-27,33,Normal
2026-02-15 15:41:37.499594,Paris-2a44,-3,77,Normal
2026-02-15 15:41:38.499594,Paris-2a44,11,81,Normal
2026-02-15 15:41:39.499594,Paris-2a44,2,31,Normal
2026-02-15 15:41:40.499594,Paris-2a44,43,1,Normal
2026-02-15 15:41:41.499594,Paris-2a44,39,92,Normal
2026-02-15 15:41:42.499594,Paris-2a44,2,97,Normal
2026-02-15 15:41:43.499594,Paris-2a44,-1,16,Normal
2026-02-15 15:41:44.499594,Paris-2a44,-21,6,Normal
2026-02-15 15:41:45.499594,Paris-2a44,22,11,Normal
2026-02-15 15:41:46.499594,Paris-2a44,-21,81,Normal
2026-02-15 15:41:47.499594,Paris-2a44,-15,2,Normal
2026-02-15 15:41:48.499594,Paris-2a44,-9,100,Normal
2026-02-15 15:41:49.499594,Paris-2a44,38,97,Normal
2026-02-15 15:41:50.499594,Paris-2a44,32,91,Normal
2026-02-15 15:41:51.499594,Paris-2a44,-8,24,Normal
2026-02-15 15:41:52.499594,Paris-2a44,-25,57,Normal
2026-02-15 15:41:53.499594,Paris-2a44,32,67,Normal
2026-02-15 15:41:54.499594,Paris-2a44,43,12,Normal
2026-02-15 15:41:55.499594,Paris-2a44,-30,73,Normal
2026-02-15 15:41:56.499594,Paris-2a44,-15,31,Normal
2026-02-15 15:41:57.499594,Paris-2a44,-9,40,Normal
2026-02-15 15:41:58.499594,Paris-2a44,26,57,Normal
2026-02-15 15:41:59.499594,Paris-2a44,14,11,Normal
2026-02-15 15:42:00.499594,Paris-2a44,5,43,Normal
2026-02-15 15:42:01.499594,Paris-2a44,16,20,Normal
2026-02-15 15:42:02.499594,Paris-2a44,45,0,Normal
2026-02-15 15:42:03.499594,Paris-2a44,40,98,Normal
2026-02-15 15:42:04.499594,Paris-2a44,-30,15,Normal
2026-02-15 15:42:05.499594,Paris-2a44,36,6,Normal
2026-02-15 15:42:06.499594,Paris-2a44,11,75,Normal
2026-02-15 15:42:07.499594,Paris-2a44,-18,0,Normal
2026-02-15 15:42:08.499594,Paris-2a44,-13,99,Normal
2026-02-15 15:42:09.499594,Paris-2a44,-13,46,Normal
2026-02-15 15:42:10.499594,Paris-2a44,50,32,Normal
2026-02-15 15:42:11.499594,Paris-2a44,-28,93,Normal
2026-02-15 15:42:12.499594,Paris-2a44,40,100,Normal
2026-02-15 15:42:13.499594,Paris-2a44,1,14,Normal
2026-02-15 15:42:14.499594,Paris-2a44,-1,6,Normal
2026-02-15 15:42:15.499594,Paris-2a44,5,62,Normal
2026-02-15 15:42:16.499594,Paris-2a44,9,86,Normal
2026-02-15 15:42:17.499594,Paris-2a44,-27,67,Normal
2026-02-15 15:42:18.499594,Paris-2a44,-3,11,Normal
2026-02-15 15:42:19.499594,Paris-2a44,19,62,Normal
2026-02-15 15:42:20.499594,Paris-2a44,4,75,Normal
2026-02-15 15:42:21.499594,Paris-2a44,-22,97,Normal
2026-02-15 15:42:22.499594,Paris-2a44,41,33,Normal
2026-02-15 15:42:23.499594,Paris-2a44,4,72,Normal
2026-02-15 15:42:24.499594,Paris-2a44,7,61,Normal
2026-02-15 15:42:25.499594,Paris-2a44,-2,28,Normal
2026-02-15 15:42:26.499594,Paris-2a44,-26,85,Normal
2026-02-15 15:42:27.499594,Paris-2a44,-3,24,Normal
2026-02-15 15:42:28.499594,Paris-2a44,34,4,Normal
2026-02-15 15:42:29.499594,Paris-2a44,0,91,Normal
2026-02-15 15:42:30.499594,Paris-2a44,14,54,Normal
2026-02-15 15:42:31.499594,Paris-2a44,15,68,Normal
2026-02-15 15:42:32.499594,Paris-2a44,-10,3,Normal
2026-02-15 15:42:33.499594,Paris-2a44,33,65,Normal
2026-02-15 15:42:34.499594,Paris-2a44,-8,18,Normal
2026-02-15 15:42:35.499594,Paris-2a44,-2,58,Normal
2026-02-15 15:42:36.499594,Paris-2a44,22,70,Normal
2026-02-15 15:42:37.499594,Paris-2a44,-6,83,Normal
2026-02-15 15:42:38.499594,Paris-2a44,-10,80,Normal
2026-02-15 15:42:39.499594,Paris-2a44,26,30,Normal
2026-02-15 15:42:40.499594,Paris-2a44,-30,0,Normal
2026-02-15 15:42:41.499594,Paris-2a44,16,4,Normal
2026-02-15 15:42:42.499594,Paris-2a44,31,17,Normal
2026-02-15 15:42:43.499594,Paris-2a44,-27,93,Normal
2026-02-15 15:42:44.499594,Paris-2a44,13,97,Normal
2026-02-15 15:42:45.499594,Paris-2a44,4,28,Normal
2026-02-15 15:42:46.499594,Paris-2a44,-9,34,Normal
2026-02-15 15:42:47.499594,Paris-2a44,13,33,Normal
2026-02-15 15:42:48.499594,Paris-2a44,41,31,Normal
2026-02-15 15:42:49.499594,Paris-2a44,2,79,Normal
2026-02-15 15:42:50.499594,Paris-2a44,-10,8,Normal
2026-02-15 15:42:51.499594,Paris-2a44,-17,33,Normal
2026-02-15 15:42:52.499594,Paris-2a44,-4,68,Normal
2026-02-15 15:42:53.499594,Paris-2a44,44,46,Normal
2026-02-15 15:42:54.499594,Paris-2a44,-6,84,Normal
2026-02-15 15:42:55.499594,Paris-2a44,19,64,Normal
2026-02-15 15:42:56.499594,Paris-2a44,38,54,Normal
2026-02-15 15:42:57.499594,Paris-2a44,28,14,Normal
2026-02-15 15:42:58.499594,Paris-2a44,39,70,Normal
2026-02-15 15:42:59.499594,Paris-2a44,-9,71,Normal
2026-02-15 15:43:00.499594,Paris-2a44,46,60,Normal
2026-02-15 15:43:01.499594,Paris-2a44,8,0,Normal
2026-02-15 15:43:02.499594,Paris-2a44,14,83,Normal
2026-02-15 15:43:03.499594,Paris-2a44,41,86,Normal
2026-02-15 15:43:04.499594,Paris-2a44,29,72,Normal
2026-02-15 15:43:05.499594,Paris-2a44,-4,34,Normal
2026-02-15 15:43:06.499594,Paris-2a44,-21,45,Normal
2026-02-15 15:43:07.499594,Paris-2a44,-15,60,Normal
2026-02-15 15:43:08.499594,Paris-2a44,18,77,Normal
2026-02-15 15:43:09.499594,Paris-2a44,-27,32,Normal
2026-02-15 15:43:10.499594,Paris-2a44,38,69,Normal
2026-02-15 15:43:11.499594,Paris-2a44,-14,47,Normal
2026-02-15 15:43:12.499594,Paris-2a44,21,99,Normal
2026-02-15 15:43:13.499594,Paris-2a44,-1,98,Normal
2026-02-15 15:43:14.499594,Paris-2a44,50,38,Normal
2026-02-15 15:43:15.499594,Paris-2a44,-25,75,Normal
2026-02-15 15:43:16.499594,Paris-2a44,-1,76,Normal
2026-02-15 15:43:17.499594,Paris-2a44,30,77,Normal
2026-02-15 15:43:18.499594,Paris-2a44,4,17,Normal
2026-02-15 15:43:19.499594,Paris-2a44,-24,50,Normal
2026-02-15 15:43:20.499594,Paris-2a44,-9,81,Normal
2026-02-15 15:43:21.499594,Paris-2a44,38,77,Normal
2026-02-15 15:43:22.499594,Paris-2a44,13,80,Normal
2026-02-15 15:43:23.499594,Paris-2a44,22,69,Normal
2026-02-15 15:43:24.499594,Paris-2a44,-7,28,Normal
2026-02-15 15:43:25.499594,Paris-2a44,6,75,Normal
2026-02-15 15:43:26.499594,Paris-2a44,45,7,Normal
2026-02-15 15:43:27.499594,Paris-2a44,19,27,Normal
2026-02-15 15:43:28.499594,Paris-2a44,20,69,Normal
2026-02-15 15:43:29.499594,Paris-2a44,21,86,Normal
2026-02-15 15:43:30.499594,Paris-2a44,34,63,Normal
2026-02-15 15:43:31.499594,Paris-2a44,-29,81,Normal
2026-02-15 15:43:32.499594,Paris-2a44,22,10,Normal
2026-02-15 15:43:33.499594,Paris-2a44,41,26,Normal
2026-02-15 15:43:34.499594,Paris-2a44,-21,2,Normal
2026-02-15 15:43:35.499594,Paris-2a44,41,83,Normal
2026-02-15 15:43:36.499594,Paris-2a44,0,86,Normal
2026-02-15 15:43:37.499594,Paris-2a44,49,33,Normal
2026-02-15 15:43:38.499594,Paris-2a44,7,72,Normal
2026-02-15 15:43:39.499594,Paris-2a44,30,27,Normal
2026-02-15 15:43:40.499594,Paris-2a44,11,15,Normal
2026-02-15 15:43:41.499594,Paris-2a44,50,88,Normal
2026-02-15 15:43:42.499594,Paris-2a44,-16,35,Normal
2026-02-15 15:43:43.499594,Paris-2a44,-6,31,Normal
2026-02-15 15:43:44.499594,Paris-2a44,18,41,Normal
2026-02-15 15:43:45.499594,Paris-2a44,14,51,Normal
2026-02-15 15:43:46.499594,Paris-2a44,-12,2,Normal
2026-02-15 15:43:47.499594,Paris-2a44,31,32,Normal
2026-02-15 15:43:48.499594,Paris-2a44,17,13,Normal
2026-02-15 15:43:49.499594,Paris-2a44,12,91,Normal
2026-02-15 15:43:50.499594,Paris-2a44,41,95,Normal
2026-02-15 15:43:51.499594,Paris-2a44,49,46,Normal
2026-02-15 15:43:52.499594,Paris-2a44,18,1,Normal
2026-02-15 15:43:53.499594,Paris-2a44,15,54,Normal
2026-02-15 15:43:54.499594,Paris-2a44,26,14,Normal
2026-02-15 15:43:55.499594,Paris-2a44,-13,2,Normal
2026-02-15 15:43:56.499594,Paris-2a44,25,27,Normal
2026-02-15 15:43:57.499594,Paris-2a44,-16,16,Normal
2026-02-15 15:43:58.499594,Paris-2a44,0,30,Normal
2026-02-15 15:43:59.499594,Paris-2a44,-3,25,Normal
2026-02-15 15:44:00.499594,Paris-2a44,28,2,Normal
2026-02-15 15:44:01.499594,Paris-2a44,42,6,Normal
2026-02-15 15:44:02.499594,Paris-2a44,45,68,Normal
2026-02-15 15:44:03.499594,Paris-2a44,-18,33,Normal
2026-02-15 15:44:04.499594,Paris-2a44,-29,34,Normal
2026-02-15 15:44:05.499594,Paris-2a44,17,46,Normal
2026-02-15 15:44:06.499594,Paris-2a44,30,49,Normal
2026-02-15 15:44:07.499594,Paris-2a44,43,8,Normal
2026-02-15 15:44:08.499594,Paris-2a44,18,15,Normal
2026-02-15 15:44:09.499594,Paris-2a44,-29,74,Normal
2026-02-15 15:44:10.499594,Paris-2a44,-15,38,Normal
2026-02-15 15:44:11.499594,Paris-2a44,-23,85,Normal
2026-02-15 15:44:12.499594,Paris-2a44,19,1,Normal
2026-02-15 15:44:13.499594,Paris-2a44,-26,71,Normal
2026-02-15 15:44:14.499594,Paris-2a44,22,66,Normal
2026-02-15 15:44:15.499594,Paris-2a44,26,34,Normal
2026-02-15 15:44:16.499594,Paris-2a44,4,15,Normal
2026-02-15 15:44:17.499594,Paris-2a44,45,96,Normal
2026-02-15 15:44:18.499594,Paris-2a44,3,38,Normal
2026-02-15 15:44:19.499594,Paris-2a44,43,92,Normal
2026-02-15 15:44:20.499594,Paris-2a44,47,64,Normal
2026-02-15 15:44:21.499594,Paris-2a44,18,28,Normal
2026-02-15 15:44:22.499594,Paris-2a44,44,89,Normal
2026-02-15 15:44:23.499594,Paris-2a44,9,32,Normal
2026-02-15 15:44:24.499594,Paris-2a44,35,67,Normal
2026-02-15 15:44:25.499594,Paris-2a44,-9,27,Normal
2026-02-15 15:44:26.499594,Paris-2a44,6,58,Normal
2026-02-15 15:44:27.499594,Paris-2a44,50,97,Normal
2026-02-15 15:44:28.499594,Paris-2a44,0,97,Normal
2026-02-15 15:44:29.499594,Paris-2a44,11,80,Normal
2026-02-15 15:44:30.499594,Paris-2a44,1,87,Normal
2026-02-15 15:44:31.499594,Paris-2a44,16,95,Normal
2026-02-15 15:44:32.499594,Paris-2a44,-18,82,Normal
2026-02-15 15:44:33.499594,Paris-2a44,33,68,Normal
2026-02-15 15:44:34.499594,Paris-2a44,-9,78,Normal
2026-02-15 15:44:35.499594,Paris-2a44,20,28,Normal
2026-02-15 15:44:36.499594,Paris-2a44,2,58,Normal
2026-02-15 15:44:37.499594,Paris-2a44,38,49,Normal
2026-02-15 15:44:38.499594,Paris-2a44,-23,52,Normal
2026-02-15 15:44:39.499594,Paris-2a44,10,13,Normal
2026-02-15 15:44:40.499594,Paris-2a44,41,83,Normal
2026-02-15 15:44:41.499594,Paris-2a44,11,53,Normal
2026-02-15 15:44:42.499594,Paris-2a44,-28,23,Normal
2026-02-15 15:44:43.499594,Paris-2a44,-21,28,Normal
2026-02-15 15:44:44.499594,Paris-2a44,43,49,Normal
2026-02-15 15:44:45.499594,Paris-2a44,10,91,Normal
2026-02-15 15:44:46.499594,Paris-2a44,20,2,Normal
2026-02-15 15:44:47.499594,Paris-2a44,29,81,Normal
2026-02-15 15:44:48.499594,Paris-2a44,-16,45,Normal
2026-02-15 15:44:49.499594,Paris-2a44,-21,29,Normal
2026-02-15 15:44:50.499594,Paris-2a44,49,72,Normal
2026-02-15 15:44:51.499594,Paris-2a44,-16,31,Normal
2026-02-15 15:44:52.499594,Paris-2a44,-5,9,Normal
2026-02-15 15:44:53.499594,Paris-2a44,-9,44,Normal
2026-02-15 15:44:54.499594,Paris-2a44,17,13,Normal
2026-02-15 15:44:55.499594,Paris-2a44,46,54,Normal
2026-02-15 15:44:56.499594,Paris-2a44,-18,52,Normal
2026-02-15 15:44:57.499594,Paris-2a44,2,18,Normal
2026-02-15 15:44:58.499594,Paris-2a44,27,36,Normal
2026-02-15 15:44:59.499594,Paris-2a44,8,9,Normal
2026-02-15 15:45:00.499594,Paris-2a44,-17,89,Normal
2026-02-15 15:45:01.499594,Paris-2a44,18,18,Normal
2026-02-15 15:45:02.499594,Paris-2a44,35,36,Normal
2026-02-15 15:45:03.499594,Paris-2a44,26,4,Normal
2026-02-15 15:45:04.499594,Paris-2a44,49,2,Normal
2026-02-15 15:45:05.499594,Paris-2a44,45,50,Normal
2026-02-15 15:45:06.499594,Paris-2a44,-12,94,Normal
2026-02-15 15:45:07.499594,Paris-2a44,16,61,Normal
2026-02-15 15:45:08.499594,Paris-2a44,49,20,Normal
2026-02-15 15:45:09.499594,Paris-2a44,24,25,Normal
2026-02-15 15:45:10.499594,Paris-2a44,-2,23,Normal
2026-02-15 15:45:11.499594,Paris-2a44,35,24,Normal
2026-02-15 15:45:12.499594,Paris-2a44,-23,98,Normal
2026-02-15 15:45:13.499594,Paris-2a44,-5,30,Normal
2026-02-15 15:45:14.499594,Paris-2a44,-11,31,Normal
2026-02-15 15:45:15.499594,Paris-2a44,40,41,Normal
2026-02-15 15:45:16.499594,Paris-2a44,11,33,Normal
2026-02-15 15:45:17.499594,Paris-2a44,-7,65,Normal
2026-02-15 15:45:18.499594,Paris-2a44,47,13,Normal
2026-02-15 15:45:19.499594,Paris-2a44,4,47,Normal
2026-02-15 15:45:20.499594,Paris-2a44,19,1,Normal
2026-02-15 15:45:21.499594,Paris-2a44,-10,9,Normal
2026-02-15 15:45:22.499594,Paris-2a44,-19,92,Normal
2026-02-15 15:45:23.499594,Paris-2a44,12,10,Normal
2026-02-15 15:45:24.499594,Paris-2a44,-8,96,Normal
2026-02-15 15:45:25.499594,Paris-2a44,1,49,Normal
2026-02-15 15:45:26.499594,Paris-2a44,33,93,Normal
2026-02-15 15:45:27.499594,Paris-2a44,13,62,Normal
2026-02-15 15:45:28.499594,Paris-2a44,-3,1,Normal
2026-02-15 15:45:29.499594,Paris-2a44,18,77,Normal
2026-02-15 15:45:30.499594,Paris-2a44,42,91,Normal
2026-02-15 15:45:31.499594,Paris-2a44,17,43,Normal
2026-02-15 15:45:32.499594,Paris-2a44,13,76,Normal
2026-02-15 15:45:33.499594,Paris-2a44,12,27,Normal
2026-02-15 15:45:34.499594,Paris-2a44,12,6,Normal
2026-02-15 15:45:35.499594,Paris-2a44,22,66,Normal
2026-02-15 15:45:36.499594,Paris-2a44,23,8,Normal
2026-02-15 15:45:37.499594,Paris-2a44,29,12,Normal
2026-02-15 15:45:38.499594,Paris-2a44,-7,7,Normal
2026-02-15 15:45:39.499594,Paris-2a44,35,41,Normal
2026-02-15 15:45:40.499594,Paris-2a44,21,90,Normal
2026-02-15 15:45:41.499594,Paris-2a44,-8,69,Normal
2026-02-15 15:45:42.499594,Paris-2a44,-15,53,Normal
2026-02-15 15:45:43.499594,Paris-2a44,29,27,Normal
2026-02-15 15:45:44.499594,Paris-2a44,47,35,Normal
2026-02-15 15:45:45.499594,Paris-2a44,18,57,Normal
2026-02-15 15:45:46.499594,Paris-2a44,7,24,Normal
2026-02-15 15:45:47.499594,Paris-2a44,5,90,Normal
2026-02-15 15:45:48.499594,Paris-2a44,-24,54,Normal
2026-02-15 15:45:49.499594,Paris-2a44,26,10,Normal
2026-02-15 15:45:50.499594,Paris-2a44,36,95,Normal
2026-02-15 15:45:51.499594,Paris-2a44,-1,22,Normal
2026-02-15 15:45:52.499594,Paris-2a44,32,1,Normal
2026-02-15 15:45:53.499594,Paris-2a44,-28,68,Normal
2026-02-15 15:45:54.499594,Paris-2a44,-29,57,Normal
2026-02-15 15:45:55.499594,Paris-2a44,10,45,Normal
2026-02-15 15:45:56.499594,Paris-2a44,0,70,Normal
2026-02-15 15:45:57.499594,Paris-2a44,-6,46,Normal
2026-02-15 15:45:58.499594,Paris-2a44,-27,26,Normal
2026-02-15 15:45:59.499594,Paris-2a44,26,68,Normal
2026-02-15 15:46:00.499594,Paris-2a44,41,57,Normal
2026-02-15 15:46:01.499594,Paris-2a44,10,30,Normal
2026-02-15 15:46:02.499594,Paris-2a44,49,96,Normal
2026-02-15 15:46:03.499594,Paris-2a44,2,41,Normal
2026-02-15 15:46:04.499594,Paris-2a44,-3,85,Normal
2026-02-15 15:46:05.499594,Paris-2a44,30,84,Normal
2026-02-15 15:46:06.499594,Paris-2a44,12,14,Normal
2026-02-15 15:46:07.499594,Paris-2a44,0,74,Normal
2026-02-15 15:46:08.499594,Paris-2a44,28,73,Normal
2026-02-15 15:46:09.499594,Paris-2a44,49,37,Normal
2026-02-15 15:46:10.499594,Paris-2a44,40,75,Normal
2026-02-15 15:46:11.499594,Paris-2a44,26,22,Normal
2026-02-15 15:46:12.499594,Paris-2a44,-25,5,Normal
2026-02-15 15:46:13.499594,Paris-2a44,44,63,Normal
2026-02-15 15:46:14.499594,Paris-2a44,23,84,Normal
2026-02-15 15:46:15.499594,Paris-2a44,21,89,Normal
2026-02-15 15:46:16.499594,Paris-2a44,-3,41,Normal
2026-02-15 15:46:17.499594,Paris-2a44,8,63,Normal
2026-02-15 15:46:18.499594,Paris-2a44,32,18,Normal
2026-02-15 15:46:19.499594,Paris-2a44,3,52,Normal
2026-02-15 15:46:20.499594,Paris-2a44,-9,2,Normal
2026-02-15 15:46:21.499594,Paris-2a44,38,99,Normal
2026-02-15 15:46:22.499594,Paris-2a44,-4,6,Normal
2026-02-15 15:46:23.499594,Paris-2a44,40,19,Normal
2026-02-15 15:46:24.499594,Paris-2a44,37,29,Normal
2026-02-15 15:46:25.499594,Paris-2a44,1,53,Normal
2026-02-15 15:46:26.499594,Paris-2a44,-28,94,Normal
2026-02-15 15:46:27.499594,Paris-2a44,34,36,Normal
2026-02-15 15:46:28.499594,Paris-2a44,-14,66,Normal
2026-02-15 15:46:29.499594,Paris-2a44,32,69,Normal
2026-02-15 15:46:30.499594,Paris-2a44,-6,43,Normal
2026-02-15 15:46:31.499594,Paris-2a44,-20,45,Normal
2026-02-15 15:46:32.499594,Paris-2a44,-22,74,Normal
2026-02-15 15:46:33.499594,Paris-2a44,7,1,Normal
2026-02-15 15:46:34.499594,Paris-2a44,50,57,Normal
2026-02-15 15:46:35.499594,Paris-2a44,29,23,Normal
2026-02-15 15:46:36.499594,Paris-2a44,-2,72,Normal
2026-02-15 15:46:37.499594,Paris-2a44,-14,37,Normal
2026-02-15 15:46:38.499594,Paris-2a44,18,97,Normal
2026-02-15 15:46:39.499594,Paris-2a44,-21,5,Normal
2026-02-15 15:46:40.499594,Paris-2a44,9,30,Normal
2026-02-15 15:46:41.499594,Paris-2a44,28,64,Normal
2026-02-15 15:46:42.499594,Paris-2a44,41,11,Normal
2026-02-15 15:46:43.499594,Paris-2a44,-13,36,Normal
2026-02-15 15:46:44.499594,Paris-2a44,32,1,Normal
2026-02-15 15:46:45.499594,Paris-2a44,-15,1,Normal
2026-02-15 15:46:46.499594,Paris-2a44,38,11,Normal
2026-02-15 15:46:47.499594,Paris-2a44,34,10,Normal
2026-02-15 15:46:48.499594,Paris-2a44,-2,13,Normal
2026-02-15 15:46:49.499594,Paris-2a44,40,36,Normal
2026-02-15 15:46:50.499594,Paris-2a44,2,86,Normal
2026-02-15 15:46:51.499594,Paris-2a44,13,74,Normal
2026-02-15 15:46:52.499594,Paris-2a44,9,27,Normal
2026-02-15 15:46:53.499594,Paris-2a44,16,16,Normal
2026-02-15 15:46:54.499594,Paris-2a44,-13,24,Normal
2026-02-15 15:46:55.499594,Paris-2a44,-21,44,Normal
2026-02-15 15:46:56.499594,Paris-2a44,39,16,Normal
2026-02-15 15:46:57.499594,Paris-2a44,40,26,Normal
2026-02-15 15:46:58.499594,Paris-2a44,28,9,Normal
2026-02-15 15:46:59.499594,Paris-2a44,28,76,Normal
2026-02-15 15:47:00.499594,Paris-2a44,-11,66,Normal
2026-02-15 15:47:01.499594,Paris-2a44,-21,80,Normal
2026-02-15 15:47:02.499594,Paris-2a44,-20,95,Normal
2026-02-15 15:47:03.499594,Paris-2a44,-5,72,Normal
2026-02-15 15:47:04.499594,Paris-2a44,-15,84,Normal
2026-02-15 15:47:05.499594,Paris-2a44,-28,72,Normal
2026-02-15 15:47:06.499594,Paris-2a44,9,76,Normal
2026-02-15 15:47:07.499594,Paris-2a44,29,86,Normal
2026-02-15 15:47:08.499594,Paris-2a44,33,16,Normal
2026-02-15 15:47:09.499594,Paris-2a44,-9,86,Normal
2026-02-15 15:47:10.499594,Paris-2a44,49,6,Normal
2026-02-15 15:47:11.499594,Paris-2a44,-18,53,Normal
2026-02-15 15:47:12.499594,Paris-2a44,-16,78,Normal
2026-02-15 15:47:13.499594,Paris-2a44,20,48,Normal
2026-02-15 15:47:14.499594,Paris-2a44,13,68,Normal
2026-02-15 15:47:15.499594,Paris-2a44,-9,43,Normal
2026-02-15 15:47:16.499594,Paris-2a44,45,26,Normal
2026-02-15 15:47:17.499594,Paris-2a44,4,89,Normal
2026-02-15 15:47:18.499594,Paris-2a44,-17,40,Normal
2026-02-15 15:47:19.499594,Paris-2a44,13,63,Normal
2026-02-15 15:47:20.499594,Paris-2a44,-25,63,Normal
2026-02-15 15:47:21.499594,Paris-2a44,13,48,Normal
2026-02-15 15:47:22.499594,Paris-2a44,20,41,Normal
2026-02-15 15:47:23.499594,Paris-2a44,45,83,Normal
2026-02-15 15:47:24.499594,Paris-2a44,-9,54,Normal
2026-02-15 15:47:25.499594,Paris-2a44,37,6,Normal
2026-02-15 15:47:26.499594,Paris-2a44,50,11,Normal
2026-02-15 15:47:27.499594,Paris-2a44,16,25,Normal
2026-02-15 15:47:28.499594,Paris-2a44,25,25,Normal
2026-02-15 15:47:29.499594,Paris-2a44,-7,58,Normal
2026-02-15 15:47:30.499594,Paris-2a44,-14,75,Normal
2026-02-15 15:47:31.499594,Paris-2a44,4,77,Normal
2026-02-15 15:47:32.499594,Paris-2a44,7,38,Normal
2026-02-15 15:47:33.499594,Paris-2a44,-26,75,Normal
2026-02-15 15:47:34.499594,Paris-2a44,-15,42,Normal
2026-02-15 15:47:35.499594,Paris-2a44,-25,47,Normal
2026-02-15 15:47:36.499594,Paris-2a44,-28,100,Normal
2026-02-15 15:47:37.499594,Paris-2a44,-24,98,Normal
2026-02-15 15:47:38.499594,Paris-2a44,-29,66,Normal
2026-02-15 15:47:39.499594,Paris-2a44,-19,99,Normal
2026-02-15 15:47:40.499594,Paris-2a44,32,12,Normal
2026-02-15 15:47:41.499594,Paris-2a44,37,17,Normal
2026-02-15 15:47:42.499594,Paris-2a44,-13,29,Normal
2026-02-15 15:47:43.499594,Paris-2a44,30,52,Normal
2026-02-15 15:47:44.499594,Paris-2a44,-14,83,Normal
2026-02-15 15:47:45.499594,Paris-2a44,7,65,Normal
2026-02-15 15:47:46.499594,Paris-2a44,-16,82,Normal
2026-02-15 15:47:47.499594,Paris-2a44,20,94,Normal
2026-02-15 15:47:48.499594,Paris-2a44,36,6,Normal
2026-02-15 15:47:49.499594,Paris-2a44,19,64,Normal
2026-02-15 15:47:50.499594,Paris-2a44,16,14,Normal
2026-02-15 15:47:51.499594,Paris-2a44,36,29,Normal
2026-02-15 15:47:52.499594,Paris-2a44,30,51,Normal
2026-02-15 15:47:53.499594,Paris-2a44,42,92,Normal
2026-02-15 15:47:54.499594,Paris-2a44,-24,95,Normal
2026-02-15 15:47:55.499594,Paris-2a44,-20,20,Normal
2026-02-15 15:47:56.499594,Paris-2a44,25,84,Normal
2026-02-15 15:47:57.499594,Paris-2a44,-29,71,Normal
2026-02-15 15:47:58.499594,Paris-2a44,37,93,Normal
2026-02-15 15:47:59.499594,Paris-2a44,6,28,Normal
2026-02-15 15:48:00.499594,Paris-2a44,-25,90,Normal
2026-02-15 15:48:01.499594,Paris-2a44,0,50,Normal
2026-02-15 15:48:02.499594,Paris-2a44,-7,39,Normal
2026-02-15 15:48:03.499594,Paris-2a44,29,24,Normal
2026-02-15 15:48:04.499594,Paris-2a44,-13,97,Normal
2026-02-15 15:48:05.499594,Paris-2a44,-20,58,Normal
2026-02-15 15:48:06.499594,Paris-2a44,0,54,Normal
2026-02-15 15:48:07.499594,Paris-2a44,-25,12,Normal
2026-02-15 15:48:08.499594,Paris-2a44,37,56,Normal
2026-02-15 15:48:09.499594,Paris-2a44,-13,74,Normal
2026-02-15 15:48:10.499594,Paris-2a44,43,66,Normal
2026-02-15 15:48:11.499594,Paris-2a44,2,11,Normal
2026-02-15 15:48:12.499594,Paris-2a44,-20,98,Normal
2026-02-15 15:48:13.499594,Paris-2a44,4,21,Normal
2026-02-15 15:48:14.499594,Paris-2a44,25,7,Normal
2026-02-15 15:48:15.499594,Paris-2a44,-24,17,Normal
2026-02-15 15:48:16.499594,Paris-2a44,32,34,Normal
2026-02-15 15:48:17.499594,Paris-2a44,-29,65,Normal
2026-02-15 15:48:18.499594,Paris-2a44,-23,50,Normal
2026-02-15 15:48:19.499594,Paris-2a44,-20,9,Normal
2026-02-15 15:48:20.499594,Paris-2a44,30,69,Normal
2026-02-15 15:48:21.499594,Paris-2a44,36,71,Normal
2026-02-15 15:48:22.499594,Paris-2a44,43,55,Normal
2026-02-15 15:48:23.499594,Paris-2a44,-19,22,Normal
2026-02-15 15:48:24.499594,Paris-2a44,-9,37,Normal
2026-02-15 15:48:25.499594,Paris-2a44,21,71,Normal
2026-02-15 15:48:26.499594,Paris-2a44,-5,35,Normal
2026-02-15 15:48:27.499594,Paris-2a44,-15,30,Normal
2026-02-15 15:48:28.499594,Paris-2a44,-12,32,Normal
2026-02-15 15:48:29.499594,Paris-2a44,-9,86,Normal
2026-02-15 15:48:30.499594,Paris-2a44,-28,48,Normal
2026-02-15 15:48:31.499594,Paris-2a44,39,5,Normal
2026-02-15 15:48:32.499594,Paris-2a44,9,87,Normal
2026-02-15 15:48:33.499594,Paris-2a44,35,2,Normal
2026-02-15 15:48:34.499594,Paris-2a44,10,52,Normal
2026-02-15 15:48:35.499594,Paris-2a44,-4,79,Normal
2026-02-15 15:48:36.499594,Paris-2a44,-5,61,Normal
2026-02-15 15:48:37.499594,Paris-2a44,37,14,Normal
2026-02-15 15:48:38.499594,Paris-2a44,1,76,Normal
2026-02-15 15:48:39.499594,Paris-2a44,26,95,Normal
2026-02-15 15:48:40.499594,Paris-2a44,17,29,Normal
2026-02-15 15:48:41.499594,Paris-2a44,-6,61,Normal
2026-02-15 15:48:42.499594,Paris-2a44,-27,9,Normal
2026-02-15 15:48:43.499594,Paris-2a44,-16,61,Normal
2026-02-15 15:48:44.499594,Paris-2a44,49,18,Normal
2026-02-15 15:48:45.499594,Paris-2a44,-16,46,Normal
2026-02-15 15:48:46.499594,Paris-2a44,50,35,Normal
2026-02-15 15:48:47.499594,Paris-2a44,27,33,Normal
2026-02-15 15:48:48.499594,Paris-2a44,-22,38,Normal
2026-02-15 15:48:49.499594,Paris-2a44,13,53,Normal
2026-02-15 15:48:50.499594,Paris-2a44,-8,9,Normal
2026-02-15 15:48:51.499594,Paris-2a44,-24,81,Normal
2026-02-15 15:48:52.499594,Paris-2a44,24,83,Normal
2026-02-15 15:48:53.499594,Paris-2a44,-24,24,Normal
2026-02-15 15:48:54.499594,Paris-2a44,-28,66,Normal
2026-02-15 15:48:55.499594,Paris-2a44,-6,11,Normal
2026-02-15 15:48:56.499594,Paris-2a44,50,51,Normal
2026-02-15 15:48:57.499594,Paris-2a44,-29,49,Normal
2026-02-15 15:48:58.499594,Paris-2a44,39,51,Normal
2026-02-15 15:48:59.499594,Paris-2a44,-6,64,Normal
2026-02-15 15:49:00.499594,Paris-2a44,-15,69,Normal
2026-02-15 15:49:01.499594,Paris-2a44,31,57,Normal
2026-02-15 15:49:02.499594,Paris-2a44,-17,16,Normal
2026-02-15 15:49:03.499594,Paris-2a44,8,38,Normal
2026-02-15 15:49:04.499594,Paris-2a44,38,35,Normal
2026-02-15 15:49:05.499594,Paris-2a44,-20,10,Normal
2026-02-15 15:49:06.499594,Paris-2a44,4,8,Normal
2026-02-15 15:49:07.499594,Paris-2a44,27,45,Normal
2026-02-15 15:49:08.499594,Paris-2a44,-19,70,Normal
2026-02-15 15:49:09.499594,Paris-2a44,42,66,Normal
2026-02-15 15:49:10.499594,Paris-2a44,35,11,Normal
2026-02-15 15:49:11.499594,Paris-2a44,4,38,Normal
2026-02-15 15:49:12.499594,Paris-2a44,15,87,Normal
2026-02-15 15:49:13.499594,Paris-2a44,23,3,Normal
2026-02-15 15:49:14.499594,Paris-2a44,1,92,Normal
2026-02-15 15:49:15.499594,Paris-2a44,-8,26,Normal
2026-02-15 15:49:16.499594,Paris-2a44,1,65,Normal
2026-02-15 15:49:17.499594,Paris-2a44,35,38,Normal
2026-02-15 15:49:18.499594,Paris-2a44,21,26,Normal
2026-02-15 15:49:19.499594,Paris-2a44,28,5,Normal
2026-02-15 15:49:20.499594,Paris-2a44,-11,71,Normal
2026-02-15 15:49:21.499594,Paris-2a44,-1,73,Normal
2026-02-15 15:49:22.499594,Paris-2a44,21,27,Normal
2026-02-15 15:49:23.499594,Paris-2a44,6,15,Normal
2026-02-15 15:49:24.499594,Paris-2a44,-14,12,Normal
2026-02-15 15:49:25.499594,Paris-2a44,30,90,Normal
2026-02-15 15:49:26.499594,Paris-2a44,-15,96,Normal
2026-02-15 15:49:27.499594,Paris-2a44,-2,4,Normal
2026-02-15 15:49:28.499594,Paris-2a44,-25,35,Normal
2026-02-15 15:49:29.499594,Paris-2a44,26,42,Normal
2026-02-15 15:49:30.499594,Paris-2a44,-30,95,Normal
2026-02-15 15:49:31.499594,Paris-2a44,12,4,Normal
2026-02-15 15:49:32.499594,Paris-2a44,10,23,Normal
2026-02-15 15:49:33.499594,Paris-2a44,21,40,Normal
2026-02-15 15:49:34.499594,Paris-2a44,26,71,Normal
2026-02-15 15:49:35.499594,Paris-2a44,49,42,Normal
2026-02-15 15:49:36.499594,Paris-2a44,18,48,Normal
2026-02-15 15:49:37.499594,Paris-2a44,-13,11,Normal
2026-02-15 15:49:38.499594,Paris-2a44,21,51,Normal
2026-02-15 15:49:39.499594,Paris-2a44,10,28,Normal
2026-02-15 15:49:40.499594,Paris-2a44,28,23,Normal
2026-02-15 15:49:41.499594,Paris-2a44,24,99,Normal
2026-02-15 15:49:42.499594,Paris-2a44,35,79,Normal
2026-02-15 15:49:43.499594,Paris-2a44,4,71,Normal
2026-02-15 15:49:44.499594,Paris-2a44,23,5,Normal
2026-02-15 15:49:45.499594,Paris-2a44,27,4,Normal
2026-02-15 15:49:46.499594,Paris-2a44,42,50,Normal
2026-02-15 15:49:47.499594,Paris-2a44,10,95,Normal
2026-02-15 15:49:48.499594,Paris-2a44,23,92,Normal
2026-02-15 15:49:49.499594,Paris-2a44,35,12,Normal
2026-02-15 15:49:50.499594,Paris-2a44,28,86,Normal
2026-02-15 15:49:51.499594,Paris-2a44,-29,100,Normal
2026-02-15 15:49:52.499594,Paris-2a44,38,24,Normal
2026-02-15 15:49:53.499594,Paris-2a44,40,79,Normal
2026-02-15 15:49:54.499594,Paris-2a44,8,13,Normal
2026-02-15 15:49:55.499594,Paris-2a44,45,97,Normal
2026-02-15 15:49:56.499594,Paris-2a44,4,31,Normal
2026-02-15 15:49:57.499594,Paris-2a44,-16,35,Normal
2026-02-15 15:49:58.499594,Paris-2a44,43,78,Normal
2026-02-15 15:49:59.499594,Paris-2a44,45,58,Normal
2026-02-15 15:50:00.499594,Paris-2a44,27,44,Normal
2026-02-15 15:50:01.499594,Paris-2a44,31,40,Normal
2026-02-15 15:50:02.499594,Paris-2a44,-16,88,Normal
2026-02-15 15:50:03.499594,Paris-2a44,-25,53,Normal
2026-02-15 15:50:04.499594,Paris-2a44,26,25,Normal
2026-02-15 15:50:05.499594,Paris-2a44,-17,25,Normal
2026-02-15 15:50:06.499594,Paris-2a44,-8,83,Normal
2026-02-15 15:50:07.499594,Paris-2a44,37,57,Normal
2026-02-15 15:50:08.499594,Paris-2a44,48,69,Normal
2026-02-15 15:50:09.499594,Paris-2a44,-19,45,Normal
2026-02-15 15:50:10.499594,Paris-2a44,-30,73,Normal
2026-02-15 15:50:11.499594,Paris-2a44,-15,53,Normal
2026-02-15 15:50:12.499594,Paris-2a44,-20,47,Normal
2026-02-15 15:50:13.499594,Paris-2a44,30,29,Normal
2026-02-15 15:50:14.499594,Paris-2a44,-4,54,Normal
2026-02-15 15:50:15.499594,Paris-2a44,40,91,Normal
2026-02-15 15:50:16.499594,Paris-2a44,5,32,Normal
2026-02-15 15:50:17.499594,Paris-2a44,39,71,Normal
2026-02-15 15:50:18.499594,Paris-2a44,2,87,Normal
2026-02-15 15:50:19.499594,Paris-2a44,4,73,Normal
2026-02-15 15:50:20.499594,Paris-2a44,5,26,Normal
2026-02-15 15:50:21.499594,Paris-2a44,15,1,Normal
2026-02-15 15:50:22.499594,Paris-2a44,-20,11,Normal
2026-02-15 15:50:23.499594,Paris-2a44,10,66,Normal
2026-02-15 15:50:24.499594,Paris-2a44,-15,50,Normal
2026-02-15 15:50:25.499594,Paris-2a44,-19,98,Normal
2026-02-15 15:50:26.499594,Paris-2a44,33,49,Normal
2026-02-15 15:50:27.499594,Paris-2a44,12,38,Normal
2026-02-15 15:50:28.499594,Paris-2a44,-21,29,Normal
2026-02-15 15:50:29.499594,Paris-2a44,-18,87,Normal
2026-02-15 15:50:30.499594,Paris-2a44,15,88,Normal
2026-02-15 15:50:31.499594,Paris-2a44,9,30,Normal
2026-02-15 15:50:32.499594,Paris-2a44,-14,60,Normal
2026-02-15 15:50:33.499594,Paris-2a44,-28,62,Normal
2026-02-15 15:50:34.499594,Paris-2a44,41,18,Normal
2026-02-15 15:50:35.499594,Paris-2a44,21,85,Normal
2026-02-15 15:50:36.499594,Paris-2a44,-16,18,Normal
2026-02-15 15:50:37.499594,Paris-2a44,9,72,Normal
2026-02-15 15:50:38.499594,Paris-2a44,-26,5,Normal
2026-02-15 15:50:39.499594,Paris-2a44,-13,68,Normal
2026-02-15 15:50:40.499594,Paris-2a44,-4,24,Normal
2026-02-15 15:50:41.499594,Paris-2a44,44,41,Normal
2026-02-15 15:50:42.499594,Paris-2a44,30,68,Normal
2026-02-15 15:50:43.499594,Paris-2a44,-28,51,Normal
2026-02-15 15:50:44.499594,Paris-2a44,12,8,Normal
2026-02-15 15:50:45.499594,Paris-2a44,-4,64,Normal
2026-02-15 15:50:46.499594,Paris-2a44,7,36,Normal
2026-02-15 15:50:47.499594,Paris-2a44,10,40,Normal
2026-02-15 15:50:48.499594,Paris-2a44,-22,86,Normal
2026-02-15 15:50:49.499594,Paris-2a44,7,49,Normal
2026-02-15 15:50:50.499594,Paris-2a44,15,14,Normal
2026-02-15 15:50:51.499594,Paris-2a44,-20,82,Normal
2026-02-15 15:50:52.499594,Paris-2a44,21,87,Normal
2026-02-15 15:50:53.499594,Paris-2a44,-29,34,Normal
2026-02-15 15:50:54.499594,Paris-2a44,-19,24,Normal
2026-02-15 15:50:55.499594,Paris-2a44,35,11,Normal
2026-02-15 15:50:56.499594,Paris-2a44,4,57,Normal
2026-02-15 15:50:57.499594,Paris-2a44,47,78,Normal
2026-02-15 15:50:58.499594,Paris-2a44,-13,12,Normal
2026-02-15 15:50:59.499594,Paris-2a44,7,55,Normal
2026-02-15 15:51:00.499594,Paris-2a44,25,78,Normal
2026-02-15 15:51:01.499594,Paris-2a44,19,96,Normal
2026-02-15 15:51:02.499594,Paris-2a44,44,42,Normal
2026-02-15 15:51:03.499594,Paris-2a44,23,97,Normal
2026-02-15 15:51:04.499594,Paris-2a44,-3,41,Normal
2026-02-15 15:51:05.499594,Paris-2a44,-24,6,Normal
2026-02-15 15:51:06.499594,Paris-2a44,38,18,Normal
2026-02-15 15:51:07.499594,Paris-2a44,20,68,Normal
2026-02-15 15:51:08.499594,Paris-2a44,24,62,Normal
2026-02-15 15:51:09.499594,Paris-2a44,3,16,Normal
2026-02-15 15:51:10.499594,Paris-2a44,3,22,Normal
2026-02-15 15:51:11.499594,Paris-2a44,-12,81,Normal
2026-02-15 15:51:12.499594,Paris-2a44,45,83,Normal
2026-02-15 15:51:13.499594,Paris-2a44,47,7,Normal
2026-02-15 15:51:14.499594,Paris-2a44,-27,5,Normal
2026-02-15 15:51:15.499594,Paris-2a44,46,7,Normal
2026-02-15 15:51:16.499594,Paris-2a44,44,4,Normal
2026-02-15 15:51:17.499594,Paris-2a44,2,4,Normal
2026-02-15 15:51:18.499594,Paris-2a44,-25,96,Normal
2026-02-15 15:51:19.499594,Paris-2a44,19,2,Normal
2026-02-15 15:51:20.499594,Paris-2a44,-30,19,Normal
2026-02-15 15:51:21.499594,Paris-2a44,-27,59,Normal
2026-02-15 15:51:22.499594,Paris-2a44,43,17,Normal
2026-02-15 15:51:23.499594,Paris-2a44,19,92,Normal
2026-02-15 15:51:24.499594,Paris-2a44,37,30,Normal
2026-02-15 15:51:25.499594,Paris-2a44,50,16,Normal
2026-02-15 15:51:26.499594,Paris-2a44,-29,18,Normal
2026-02-15 15:51:27.499594,Paris-2a44,-21,12,Normal
2026-02-15 15:51:28.499594,Paris-2a44,39,6,Normal
2026-02-15 15:51:29.499594,Paris-2a44,-23,62,Normal
2026-02-15 15:51:30.499594,Paris-2a44,20,94,Normal
2026-02-15 15:51:31.499594,Paris-2a44,9,51,Normal
2026-02-15 15:51:32.499594,Paris-2a44,-18,3,Normal
2026-02-15 15:51:33.499594,Paris-2a44,2,3,Normal
2026-02-15 15:51:34.499594,Paris-2a44,44,72,Normal
2026-02-15 15:51:35.499594,Paris-2a44,8,56,Normal
2026-02-15 15:51:36.499594,Paris-2a44,-24,20,Normal
2026-02-15 15:51:37.499594,Paris-2a44,-19,67,Normal
2026-02-15 15:51:38.499594,Paris-2a44,16,65,Normal
2026-02-15 15:51:39.499594,Paris-2a44,41,48,Normal
2026-02-15 15:51:40.499594,Paris-2a44,-30,1,Normal
2026-02-15 15:51:41.499594,Paris-2a44,34,61,Normal
2026-02-15 15:51:42.499594,Paris-2a44,14,30,Normal
2026-02-15 15:51:43.499594,Paris-2a44,26,39,Normal
2026-02-15 15:51:44.499594,Paris-2a44,35,50,Normal
2026-02-15 15:51:45.499594,Paris-2a44,35,57,Normal
2026-02-15 15:51:46.499594,Paris-2a44,-29,66,Normal
2026-02-15 15:51:47.499594,Paris-2a44,46,85,Normal
2026-02-15 15:51:48.499594,Paris-2a44,-16,58,Normal
2026-02-15 15:51:49.499594,Paris-2a44,47,20,Normal
2026-02-15 15:51:50.499594,Paris-2a44,16,21,Normal
2026-02-15 15:51:51.499594,Paris-2a44,-18,8,Normal
2026-02-15 15:51:52.499594,Paris-2a44,0,45,Normal
2026-02-15 15:51:53.499594,Paris-2a44,-13,68,Normal
2026-02-15 15:51:54.499594,Paris-2a44,34,49,Normal
2026-02-15 15:51:55.499594,Paris-2a44,24,30,Normal
2026-02-15 15:51:56.499594,Paris-2a44,36,87,Normal
2026-02-15 15:51:57.499594,Paris-2a44,6,76,Normal
2026-02-15 15:51:58.499594,Paris-2a44,-4,14,Normal
2026-02-15 15:51:59.499594,Paris-2a44,-1,95,Normal
2026-02-15 15:52:00.499594,Paris-2a44,40,69,Normal
2026-02-15 15:52:01.499594,Paris-2a44,22,30,Normal
2026-02-15 15:52:02.499594,Paris-2a44,-28,18,Normal
2026-02-15 15:52:03.499594,Paris-2a44,-22,92,Normal
2026-02-15 15:52:04.499594,Paris-2a44,46,90,Normal
2026-02-15 15:52:05.499594,Paris-2a44,32,81,Normal
2026-02-15 15:52:06.499594,Paris-2a44,7,91,Normal
2026-02-15 15:52:07.499594,Paris-2a44,6,8,Normal
2026-02-15 15:52:08.499594,Paris-2a44,38,5,Normal
2026-02-15 15:52:09.499594,Paris-2a44,5,42,Normal
2026-02-15 15:52:10.499594,Paris-2a44,-13,5,Normal
2026-02-15 15:52:11.499594,Paris-2a44,9,89,Normal
2026-02-15 15:52:12.499594,Paris-2a44,42,46,Normal
2026-02-15 15:52:13.499594,Paris-2a44,47,90,Normal
2026-02-15 15:52:14.499594,Paris-2a44,14,81,Normal
2026-02-15 15:52:15.499594,Paris-2a44,37,40,Normal
2026-02-15 15:52:16.499594,Paris-2a44,-1,78,Normal
2026-02-15 15:52:17.499594,Paris-2a44,21,22,Normal
2026-02-15 15:52:18.499594,Paris-2a44,41,67,Normal
2026-02-15 15:52:19.499594,Paris-2a44,-10,35,Normal
2026-02-15 15:52:20.499594,Paris-2a44,20,42,Normal
2026-02-15 15:52:21.499594,Paris-2a44,29,15,Normal
2026-02-15 15:52:22.499594,Paris-2a44,19,79,Normal
2026-02-15 15:52:23.499594,Paris-2a44,12,33,Normal
2026-02-15 15:52:24.499594,Paris-2a44,-10,86,Normal
2026-02-15 15:52:25.499594,Paris-2a44,-18,28,Normal
2026-02-15 15:52:26.499594,Paris-2a44,-27,100,Normal
2026-02-15 15:52:27.499594,Paris-2a44,44,84,Normal
2026-02-15 15:52:28.499594,Paris-2a44,16,51,Normal
2026-02-15 15:52:29.499594,Paris-2a44,-14,33,Normal
2026-02-15 15:52:30.499594,Paris-2a44,19,25,Normal
2026-02-15 15:52:31.499594,Paris-2a44,-14,55,Normal
2026-02-15 15:52:32.499594,Paris-2a44,-21,36,Normal
2026-02-15 15:52:33.499594,Paris-2a44,-16,61,Normal
2026-02-15 15:52:34.499594,Paris-2a44,32,6,Normal
2026-02-15 15:52:35.499594,Paris-2a44,-3,95,Normal
2026-02-15 15:52:36.499594,Paris-2a44,-24,69,Normal
2026-02-15 15:52:37.499594,Paris-2a44,-8,33,Normal
2026-02-15 15:52:38.499594,Paris-2a44,41,57,Normal
2026-02-15 15:52:39.499594,Paris-2a44,4,21,Normal
2026-02-15 15:52:40.499594,Paris-2a44,25,17,Normal
2026-02-15 15:52:41.499594,Paris-2a44,9,80,Normal
2026-02-15 15:52:42.499594,Paris-2a44,-9,39,Normal
2026-02-15 15:52:43.499594,Paris-2a44,4,6,Normal
2026-02-15 15:52:44.499594,Paris-2a44,14,95,Normal
2026-02-15 15:52:45.499594,Paris-2a44,38,30,Normal
2026-02-15 15:52:46.499594,Paris-2a44,-14,88,Normal
2026-02-15 15:52:47.499594,Paris-2a44,35,1,Normal
2026-02-15 15:52:48.499594,Paris-2a44,4,79,Normal
2026-02-15 15:52:49.499594,Paris-2a44,-30,20,Normal
2026-02-15 15:52:50.499594,Paris-2a44,-5,53,Normal
2026-02-15 15:52:51.499594,Paris-2a44,38,17,Normal
2026-02-15 15:52:52.499594,Paris-2a44,2,9,Normal
2026-02-15 15:52:53.499594,Paris-2a44,16,82,Normal
2026-02-15 15:52:54.499594,Paris-2a44,-30,57,Normal
2026-02-15 15:52:55.499594,Paris-2a44,28,98,Normal
2026-02-15 15:52:56.499594,Paris-2a44,19,73,Normal
2026-02-15 15:52:57.499594,Paris-2a44,-27,48,Normal
2026-02-15 15:52:58.499594,Paris-2a44,-4,95,Normal
2026-02-15 15:52:59.499594,Paris-2a44,-6,91,Normal
2026-02-15 15:53:00.499594,Paris-2a44,33,9,Normal
2026-02-15 15:53:01.499594,Paris-2a44,2,1,Normal
2026-02-15 15:53:02.499594,Paris-2a44,-2,72,Normal
2026-02-15 15:53:03.499594,Paris-2a44,-2,59,Normal
2026-02-15 15:53:04.499594,Paris-2a44,40,80,Normal
2026-02-15 15:53:05.499594,Paris-2a44,28,28,Normal
2026-02-15 15:53:06.499594,Paris-2a44,10,22,Normal
2026-02-15 15:53:07.499594,Paris-2a44,-9,89,Normal
2026-02-15 15:53:08.499594,Paris-2a44,23,66,Normal
2026-02-15 15:53:09.499594,Paris-2a44,-27,83,Normal
2026-02-15 15:53:10.499594,Paris-2a44,-17,55,Normal
2026-02-15 15:53:11.499594,Paris-2a44,-24,10,Normal
2026-02-15 15:53:12.499594,Paris-2a44,48,88,Normal
2026-02-15 15:53:13.499594,Paris-2a44,19,29,Normal
2026-02-15 15:53:14.499594,Paris-2a44,-20,33,Normal
2026-02-15 15:53:15.499594,Paris-2a44,25,39,Normal
2026-02-15 15:53:16.499594,Paris-2a44,21,70,Normal
2026-02-15 15:53:17.499594,Paris-2a44,-4,54,Normal
2026-02-15 15:53:18.499594,Paris-2a44,20,66,Normal
2026-02-15 15:53:19.499594,Paris-2a44,30,10,Normal
2026-02-15 15:53:20.499594,Paris-2a44,24,37,Normal
2026-02-15 15:53:21.499594,Paris-2a44,20,32,Normal
2026-02-15 15:53:22.499594,Paris-2a44,-18,83,Normal
2026-02-15 15:53:23.499594,Paris-2a44,-16,24,Normal
2026-02-15 15:53:24.499594,Paris-2a44,-21,55,Normal
2026-02-15 15:53:25.499594,Paris-2a44,41,63,Normal
2026-02-15 15:53:26.499594,Paris-2a44,20,20,Normal
2026-02-15 15:53:27.499594,Paris-2a44,12,97,Normal
2026-02-15 15:53:28.499594,Paris-2a44,34,33,Normal
2026-02-15 15:53:29.499594,Paris-2a44,-8,62,Normal
2026-02-15 15:53:30.499594,Paris-2a44,22,60,Normal
2026-02-15 15:53:31.499594,Paris-2a44,2,6,Normal
2026-02-15 15:53:32.499594,Paris-2a44,23,54,Normal
2026-02-15 15:53:33.499594,Paris-2a44,4,65,Normal
2026-02-15 15:53:34.499594,Paris-2a44,37,10,Normal
2026-02-15 15:53:35.499594,Paris-2a44,12,33,Normal
2026-02-15 15:53:36.499594,Paris-2a44,-21,77,Normal
2026-02-15 15:53:37.499594,Paris-2a44,24,59,Normal
2026-02-15 15:53:38.499594,Paris-2a44,-6,95,Normal
2026-02-15 15:53:39.499594,Paris-2a44,-30,93,Normal
2026-02-15 15:53:40.499594,Paris-2a44,8,13,Normal
2026-02-15 15:53:41.499594,Paris-2a44,40,16,Normal
2026-02-15 15:53:42.499594,Paris-2a44,36,46,Normal
2026-02-15 15:53:43.499594,Paris-2a44,42,47,Normal
2026-02-15 15:53:44.499594,Paris-2a44,35,80,Normal
2026-02-15 15:53:45.499594,Paris-2a44,31,58,Normal
2026-02-15 15:53:46.499594,Paris-2a44,36,41,Normal
2026-02-15 15:53:47.499594,Paris-2a44,26,35,Normal
2026-02-15 15:53:48.499594,Paris-2a44,0,16,Normal
2026-02-15 15:53:49.499594,Paris-2a44,30,14,Normal
2026-02-15 15:53:50.499594,Paris-2a44,34,60,Normal
2026-02-15 15:53:51.499594,Paris-2a44,3,67,Normal
2026-02-15 15:53:52.499594,Paris-2a44,25,41,Normal
2026-02-15 15:53:53.499594,Paris-2a44,42,36,Normal
2026-02-15 15:53:54.499594,Paris-2a44,-2,6,Normal
2026-02-15 15:53:55.499594,Paris-2a44,8,43,Normal
2026-02-15 15:53:56.499594,Paris-2a44,-18,98,Normal
2026-02-15 15:53:57.499594,Paris-2a44,7,8,Normal
2026-02-15 15:53:58.499594,Paris-2a44,43,17,Normal
2026-02-15 15:53:59.499594,Paris-2a44,-21,20,Normal
2026-02-15 15:54:00.499594,Paris-2a44,14,70,Normal
2026-02-15 15:54:01.499594,Paris-2a44,-30,43,Normal
2026-02-15 15:54:02.499594,Paris-2a44,5,9,Normal
2026-02-15 15:54:03.499594,Paris-2a44,31,52,Normal
2026-02-15 15:54:04.499594,Paris-2a44,15,82,Normal
2026-02-15 15:54:05.499594,Paris-2a44,27,66,Normal
2026-02-15 15:54:06.499594,Paris-2a44,25,43,Normal
2026-02-15 15:54:07.499594,Paris-2a44,18,30,Normal
2026-02-15 15:54:08.499594,Paris-2a44,47,46,Normal
2026-02-15 15:54:09.499594,Paris-2a44,31,27,Normal
2026-02-15 15:54:10.499594,Paris-2a44,-5,52,Normal
2026-02-15 15:54:11.499594,Paris-2a44,43,57,Normal
2026-02-15 15:54:12.499594,Paris-2a44,20,98,Normal
2026-02-15 15:54:13.499594,Paris-2a44,16,8,Normal
2026-02-15 15:54:14.499594,Paris-2a44,13,69,Normal
2026-02-15 15:54:15.499594,Paris-2a44,43,91,Normal
2026-02-15 15:54:16.499594,Paris-2a44,-7,72,Normal
2026-02-15 15:54:17.499594,Paris-2a44,15,7,Normal
2026-02-15 15:54:18.499594,Paris-2a44,23,58,Normal
2026-02-15 15:54:19.499594,Paris-2a44,-22,61,Normal
2026-02-15 15:54:20.499594,Paris-2a44,-23,89,Normal
2026-02-15 15:54:21.499594,Paris-2a44,36,21,Normal
2026-02-15 15:54:22.499594,Paris-2a44,32,89,Normal
2026-02-15 15:54:23.499594,Paris-2a44,28,9,Normal
2026-02-15 15:54:24.499594,Paris-2a44,-2,27,Normal
2026-02-15 15:54:25.499594,Paris-2a44,42,36,Normal
2026-02-15 15:54:26.499594,Paris-2a44,38,18,Normal
2026-02-15 15:54:27.499594,Paris-2a44,-2,29,Normal
2026-02-15 15:54:28.499594,Paris-2a44,38,37,Normal
2026-02-15 15:54:29.499594,Paris-2a44,21,63,Normal
2026-02-15 15:54:30.499594,Paris-2a44,37,67,Normal
2026-02-15 15:54:31.499594,Paris-2a44,36,42,Normal
2026-02-15 15:54:32.499594,Paris-2a44,32,68,Normal
2026-02-15 15:54:33.499594,Paris-2a44,-7,86,Normal
2026-02-15 15:54:34.499594,Paris-2a44,39,95,Normal
2026-02-15 15:54:35.499594,Paris-2a44,36,4,Normal
2026-02-15 15:54:36.499594,Paris-2a44,50,69,Normal
2026-02-15 15:54:37.499594,Paris-2a44,-15,94,Normal
2026-02-15 15:54:38.499594,Paris-2a44,-6,51,Normal
2026-02-15 15:54:39.499594,Paris-2a44,23,68,Normal
2026-02-15 15:54:40.499594,Paris-2a44,1,78,Normal
2026-02-15 15:54:41.499594,Paris-2a44,-18,32,Normal
2026-02-15 15:54:42.499594,Paris-2a44,-23,48,Normal
2026-02-15 15:54:43.499594,Paris-2a44,40,73,Normal
2026-02-15 15:54:44.499594,Paris-2a44,-14,16,Normal
2026-02-15 15:54:45.499594,Paris-2a44,8,18,Normal
2026-02-15 15:54:46.499594,Paris-2a44,24,2,Normal
2026-02-15 15:54:47.499594,Paris-2a44,30,82,Normal
2026-02-15 15:54:48.499594,Paris-2a44,-4,29,Normal
2026-02-15 15:54:49.499594,Paris-2a44,38,5,Normal
2026-02-15 15:54:50.499594,Paris-2a44,31,2,Normal
2026-02-15 15:54:51.499594,Paris-2a44,10,84,Normal
2026-02-15 15:54:52.499594,Paris-2a44,-18,35,Normal
2026-02-15 15:54:53.499594,Paris-2a44,20,14,Normal
2026-02-15 15:54:54.499594,Paris-2a44,22,15,Normal
2026-02-15 15:54:55.499594,Paris-2a44,21,100,Normal
2026-02-15 15:54:56.499594,Paris-2a44,34,92,Normal
2026-02-15 15:54:57.499594,Paris-2a44,20,2,Normal
2026-02-15 15:54:58.499594,Paris-2a44,-28,0,Normal
2026-02-15 15:54:59.499594,Paris-2a44,45,23,Normal
2026-02-15 15:55:00.499594,Paris-2a44,-14,71,Normal
2026-02-15 15:55:01.499594,Paris-2a44,-7,36,Normal
2026-02-15 15:55:02.499594,Paris-2a44,50,85,Normal
2026-02-15 15:55:03.499594,Paris-2a44,27,62,Normal
2026-02-15 15:55:04.499594,Paris-2a44,31,97,Normal
2026-02-15 15:55:05.499594,Paris-2a44,-11,16,Normal
2026-02-15 15:55:06.499594,Paris-2a44,-25,82,Normal
2026-02-15 15:55:07.499594,Paris-2a44,11,49,Normal
2026-02-15 15:55:08.499594,Paris-2a44,2,46,Normal
2026-02-15 15:55:09.499594,Paris-2a44,4,61,Normal
2026-02-15 15:55:10.499594,Paris-2a44,-6,72,Normal
2026-02-15 15:55:11.499594,Paris-2a44,-9,54,Normal
2026-02-15 15:55:12.499594,Paris-2a44,9,100,Normal
2026-02-15 15:55:13.499594,Paris-2a44,-29,41,Normal
2026-02-15 15:55:14.499594,Paris-2a44,44,52,Normal
2026-02-15 15:55:15.499594,Paris-2a44,33,81,Normal
2026-02-15 15:55:16.499594,Paris-2a44,26,76,Normal
2026-02-15 15:55:17.499594,Paris-2a44,30,95,Normal
2026-02-15 15:55:18.499594,Paris-2a44,-4,48,Normal
2026-02-15 15:55:19.499594,Paris-2a44,30,52,Normal
2026-02-15 15:55:20.499594,Paris-2a44,30,55,Normal
2026-02-15 15:55:21.499594,Paris-2a44,30,22,Normal
2026-02-15 15:55:22.499594,Paris-2a44,-28,7,Normal
2026-02-15 15:55:23.499594,Paris-2a44,19,18,Normal
2026-02-15 15:55:24.499594,Paris-2a44,-2,2,Normal
2026-02-15 15:55:25.499594,Paris-2a44,48,50,Normal
2026-02-15 15:55:26.499594,Paris-2a44,17,87,Normal
2026-02-15 15:55:27.499594,Paris-2a44,0,6,Normal
2026-02-15 15:55:28.499594,Paris-2a44,-13,53,Normal
2026-02-15 15:55:29.499594,Paris-2a44,27,36,Normal
2026-02-15 15:55:30.499594,Paris-2a44,32,55,Normal
2026-02-15 15:55:31.499594,Paris-2a44,-27,18,Normal
2026-02-15 15:55:32.499594,Paris-2a44,-1,55,Normal
2026-02-15 15:55:33.499594,Paris-2a44,32,99,Normal
2026-02-15 15:55:34.499594,Paris-2a44,38,87,Normal
2026-02-15 15:55:35.499594,Paris-2a44,36,39,Normal
2026-02-15 15:55:36.499594,Paris-2a44,-12,9,Normal
2026-02-15 15:55:37.499594,Paris-2a44,39,85,Normal
2026-02-15 15:55:38.499594,Paris-2a44,12,20,Normal
2026-02-15 15:55:39.499594,Paris-2a44,48,49,Normal
2026-02-15 15:55:40.499594,Paris-2a44,-24,27,Normal
2026-02-15 15:55:41.499594,Paris-2a44,27,19,Normal
2026-02-15 15:55:42.499594,Paris-2a44,34,89,Normal
2026-02-15 15:55:43.499594,Paris-2a44,50,66,Normal
2026-02-15 15:55:44.499594,Paris-2a44,-25,74,Normal
2026-02-15 15:55:45.499594,Paris-2a44,42,95,Normal
2026-02-15 15:55:46.499594,Paris-2a44,49,57,Normal
2026-02-15 15:55:47.499594,Paris-2a44,30,77,Normal
2026-02-15 15:55:48.499594,Paris-2a44,37,87,Normal
2026-02-15 15:55:49.499594,Paris-2a44,-25,99,Normal
2026-02-15 15:55:50.499594,Paris-2a44,3,70,Normal
2026-02-15 15:55:51.499594,Paris-2a44,-22,37,Normal
2026-02-15 15:55:52.499594,Paris-2a44,-11,88,Normal
2026-02-15 15:55:53.499594,Paris-2a44,-18,96,Normal
2026-02-15 15:55:54.499594,Paris-2a44,8,81,Normal
2026-02-15 15:55:55.499594,Paris-2a44,39,70,Normal
2026-02-15 15:55:56.499594,Paris-2a44,-15,10,Normal
2026-02-15 15:55:57.499594,Paris-2a44,47,41,Normal
2026-02-15 15:55:58.499594,Paris-2a44,14,31,Normal
2026-02-15 15:55:59.499594,Paris-2a44,-13,76,Normal
2026-02-15 15:56:00.499594,Paris-2a44,40,97,Normal
2026-02-15 15:56:01.499594,Paris-2a44,-19,50,Normal
2026-02-15 15:56:02.499594,Paris-2a44,-21,51,Normal
2026-02-15 15:56:03.499594,Paris-2a44,43,1,Normal
2026-02-15 15:56:04.499594,Paris-2a44,-1,98,Normal
2026-02-15 15:56:05.499594,Paris-2a44,-22,31,Normal
2026-02-15 15:56:06.499594,Paris-2a44,23,38,Normal
2026-02-15 15:56:07.499594,Paris-2a44,-21,10,Normal
2026-02-15 15:56:08.499594,Paris-2a44,12,66,Normal
2026-02-15 15:56:09.499594,Paris-2a44,17,54,Normal
2026-02-15 15:56:10.499594,Paris-2a44,-7,62,Normal
2026-02-15 15:56:11.499594,Paris-2a44,-7,62,Normal
2026-02-15 15:56:12.499594,Paris-2a44,47,25,Normal
2026-02-15 15:56:13.499594,Paris-2a44,17,47,Normal
2026-02-15 15:56:14.499594,Paris-2a44,21,85,Normal
2026-02-15 15:56:15.499594,Paris-2a44,41,25,Normal
2026-02-15 15:56:16.499594,Paris-2a44,30,28,Normal
2026-02-15 15:56:17.499594,Paris-2a44,30,68,Normal
2026-02-15 15:56:18.499594,Paris-2a44,8,49,Normal
2026-02-15 15:56:19.499594,Paris-2a44,39,70,Normal
2026-02-15 15:56:20.499594,Paris-2a44,-10,93,Normal
2026-02-15 15:56:21.499594,Paris-2a44,31,70,Normal
2026-02-15 15:56:22.499594,Paris-2a44,23,69,Normal
2026-02-15 15:56:23.499594,Paris-2a44,-3,99,Normal
2026-02-15 15:56:24.499594,Paris-2a44,36,77,Normal
2026-02-15 15:56:25.499594,Paris-2a44,-9,22,Normal
2026-02-15 15:56:26.499594,Paris-2a44,-30,56,Normal
2026-02-15 15:56:27.499594,Paris-2a44,48,10,Normal
2026-02-15 15:56:28.499594,Paris-2a44,28,63,Normal
2026-02-15 15:56:29.499594,Paris-2a44,-19,55,Normal
2026-02-15 15:56:30.499594,Paris-2a44,46,95,Normal
2026-02-15 15:56:31.499594,Paris-2a44,17,30,Normal
