timestamp,station_id,temp,humid,condition
2026-02-12 00:00:06.899035,Berlin-22f1,18,21,Normal
2026-02-12 00:00:07.899035,Berlin-22f1,28,85,Normal
2026-02-12 00:00:08.899035,Berlin-22f1,-12,49,Normal
2026-02-12 00:00:09.899035,Berlin-22f1,6,49,Normal
2026-02-12 00:00:10.899035,Berlin-22f1,8,71,Normal
2026-02-12 00:00:11.899035,Berlin-22f1,21,72,Normal
2026-02-12 00:00:12.899035,Berlin-22f1,1,82,Normal
2026-02-12 00:00:13.899035,Berlin-22f1,40,9,Normal
2026-02-12 00:00:14.899035,Berlin-22f1,-7,24,Normal
2026-02-12 00:00:15.899035,Berlin-22f1,27,50,Normal
2026-02-12 00:00:16.899035,Berlin-22f1,-14,14,Normal
2026-02-12 00:00:17.899035,Berlin-22f1,8,28,Normal
2026-02-12 00:00:18.899035,Berlin-22f1,13,57,Normal
2026-02-12 00:00:19.899035,Berlin-22f1,28,51,Normal
2026-02-12 00:00:20.899035,Berlin-22f1,-24,28,Normal
2026-02-12 00:00:21.899035,Berlin-22f1,1,79,Normal
2026-02-12 00:00:22.899035,Berlin-22f1,24,78,Normal
2026-02-12 00:00:23.899035,Berlin-22f1,33,40,Normal
2026-02-12 00:00:24.899035,Berlin-22f1,30,35,Normal
2026-02-12 00:00:25.899035,Berlin-22f1,-11,77,Normal
2026-02-12 00:00:26.899035,Berlin-22f1,6,98,Normal
2026-02-12 00:00:27.899035,Berlin-22f1,26,100,Normal
2026-02-12 00:00:28.899035,Berlin-22f1,31,79,Normal
2026-02-12 00:00:29.899035,Berlin-22f1,14,86,Normal
2026-02-12 00:00:30.899035,Berlin-22f1,-6,51,Normal
2026-02-12 00:00:31.899035,Berlin-22f1,4,83,Normal
2026-02-12 00:00:32.899035,Berlin-22f1,-6,93,Normal
2026-02-12 00:00:33.899035,Berlin-22f1,-19,83,Normal
2026-02-12 00:00:34.899035,Berlin-22f1,25,28,Normal
2026-02-12 00:00:35.899035,Berlin-22f1,3,100,Normal
2026-02-12 00:00:36.899035,Berlin-22f1,46,5,Normal
2026-02-12 00:00:37.899035,Berlin-22f1,-22,60,Normal
2026-02-12 00:00:38.899035,Berlin-22f1,-14,62,Normal
2026-02-12 00:00:39.899035,Berlin-22f1,-29,44,Normal
2026-02-12 00:00:40.899035,Berlin-22f1,5,29,Normal
2026-02-12 00:00:41.899035,Berlin-22f1,45,56,Normal
2026-02-12 00:00:42.899035,Berlin-22f1,-27,56,Normal
2026-02-12 00:00:43.899035,Berlin-22f1,41,44,Normal
2026-02-12 00:00:44.899035,Berlin-22f1,27,87,Normal
2026-02-12 00:00:45.899035,Berlin-22f1,32,6,Normal
2026-02-12 00:00:46.899035,Berlin-22f1,5,46,Normal
2026-02-12 00:00:47.899035,Berlin-22f1,2,28,Normal
2026-02-12 00:00:48.899035,Berlin-22f1,47,36,Normal
2026-02-12 00:00:49.899035,Berlin-22f1,-15,38,Normal
2026-02-12 00:00:50.899035,Berlin-22f1,-13,30,Normal
2026-02-12 00:00:51.899035,Berlin-22f1,-20,28,Normal
2026-02-12 00:00:52.899035,Berlin-22f1,33,41,Normal
2026-02-12 00:00:53.899035,Berlin-22f1,49,45,Normal
2026-02-12 00:00:54.899035,Berlin-22f1,10,30,Normal
2026-02-12 00:00:55.899035,Berlin-22f1,32,46,Normal
2026-02-12 00:00:56.899035,Berlin-22f1,1,73,Normal
2026-02-12 00:00:57.899035,Berlin-22f1,44,64,Normal
2026-02-12 00:00:58.899035,Berlin-22f1,-26,43,Normal
2026-02-12 00:00:59.899035,Berlin-22f1,50,31,Normal
2026-02-12 00:01:00.899035,Berlin-22f1,-24,62,Normal
2026-02-12 00:01:01.899035,Berlin-22f1,11,4,Normal
2026-02-12 00:01:02.899035,Berlin-22f1,25,11,Normal
2026-02-12 00:01:03.899035,Berlin-22f1,14,9,Normal
2026-02-12 00:01:04.899035,Berlin-22f1,-9,33,Normal
2026-02-12 00:01:05.899035,Berlin-22f1,-17,41,Normal
2026-02-12 00:01:06.899035,Berlin-22f1,38,75,Normal
2026-02-12 00:01:07.899035,Berlin-22f1,46,32,Normal
2026-02-12 00:01:08.899035,Berlin-22f1,22,12,Normal
2026-02-12 00:01:09.899035,Berlin-22f1,-11,68,Normal
2026-02-12 00:01:10.899035,Berlin-22f1,-29,41,Normal
2026-02-12 00:01:11.899035,Berlin-22f1,17,60,Normal
2026-02-12 00:01:12.899035,Berlin-22f1,-29,56,Normal
2026-02-12 00:01:13.899035,Berlin-22f1,-9,72,Normal
2026-02-12 00:01:14.899035,Berlin-22f1,23,85,Normal
2026-02-12 00:01:15.899035,Berlin-22f1,-6,92,Normal
2026-02-12 00:01:16.899035,Berlin-22f1,22,74,Normal
2026-02-12 00:01:17.899035,Berlin-22f1,-23,5,Normal
2026-02-12 00:01:18.899035,Berlin-22f1,21,22,Normal
2026-02-12 00:01:19.899035,Berlin-22f1,-20,99,Normal
2026-02-12 00:01:20.899035,Berlin-22f1,-4,73,Normal
2026-02-12 00:01:21.899035,Berlin-22f1,46,35,Normal
2026-02-12 00:01:22.899035,Berlin-22f1,-3,38,Normal
2026-02-12 00:01:23.899035,Berlin-22f1,18,19,Normal
2026-02-12 00:01:24.899035,Berlin-22f1,25,14,Normal
2026-02-12 00:01:25.899035,Berlin-22f1,40,68,Normal
2026-02-12 00:01:26.899035,Berlin-22f1,9,45,Normal
2026-02-12 00:01:27.899035,Berlin-22f1,-3,69,Normal
2026-02-12 00:01:28.899035,Berlin-22f1,-18,29,Normal
2026-02-12 00:01:29.899035,Berlin-22f1,19,92,Normal
2026-02-12 00:01:30.899035,Berlin-22f1,34,37,Normal
2026-02-12 00:01:31.899035,Berlin-22f1,26,22,Normal
2026-02-12 00:01:32.899035,Berlin-22f1,10,98,Normal
2026-02-12 00:01:33.899035,Berlin-22f1,48,68,Normal
2026-02-12 00:01:34.899035,Berlin-22f1,16,47,Normal
2026-02-12 00:01:35.899035,Berlin-22f1,24,68,Normal
2026-02-12 00:01:36.899035,Berlin-22f1,-5,53,Normal
2026-02-12 00:01:37.899035,Berlin-22f1,-15,68,Normal
2026-02-12 00:01:38.899035,Berlin-22f1,49,27,Normal
2026-02-12 00:01:39.899035,Berlin-22f1,41,63,Normal
2026-02-12 00:01:40.899035,Berlin-22f1,39,49,Normal
2026-02-12 00:01:41.899035,Berlin-22f1,7,62,Normal
2026-02-12 00:01:42.899035,Berlin-22f1,-21,22,Normal
2026-02-12 00:01:43.899035,Berlin-22f1,16,94,Normal
2026-02-12 00:01:44.899035,Berlin-22f1,-12,23,Normal
2026-02-12 00:01:45.899035,Berlin-22f1,-27,63,Normal
2026-02-12 00:01:46.899035,Berlin-22f1,-1,83,Normal
2026-02-12 00:01:47.899035,Berlin-22f1,23,15,Normal
2026-02-12 00:01:48.899035,Berlin-22f1,-13,58,Normal
2026-02-12 00:01:49.899035,Berlin-22f1,-24,71,Normal
2026-02-12 00:01:50.899035,Berlin-22f1,25,34,Normal
2026-02-12 00:01:51.899035,Berlin-22f1,32,41,Normal
2026-02-12 00:01:52.899035,Berlin-22f1,-24,59,Normal
2026-02-12 00:01:53.899035,Berlin-22f1,-15,48,Normal
2026-02-12 00:01:54.899035,Berlin-22f1,-27,26,Normal
2026-02-12 00:01:55.899035,Berlin-22f1,48,0,Normal
2026-02-12 00:01:56.899035,Berlin-22f1,23,40,Normal
2026-02-12 00:01:57.899035,Berlin-22f1,7,45,Normal
2026-02-12 00:01:58.899035,Berlin-22f1,50,95,Normal
2026-02-12 00:01:59.899035,Berlin-22f1,35,75,Normal
2026-02-12 00:02:00.899035,Berlin-22f1,-10,96,Normal
2026-02-12 00:02:01.899035,Berlin-22f1,-10,63,Normal
2026-02-12 00:02:02.899035,Berlin-22f1,36,61,Normal
2026-02-12 00:02:03.899035,Berlin-22f1,17,36,Normal
2026-02-12 00:02:04.899035,Berlin-22f1,28,53,Normal
2026-02-12 00:02:05.899035,Berlin-22f1,-27,33,Normal
2026-02-12 00:02:06.899035,Berlin-22f1,50,40,Normal
2026-02-12 00:02:07.899035,Berlin-22f1,36,46,Normal
2026-02-12 00:02:08.899035,Berlin-22f1,26,64,Normal
2026-02-12 00:02:09.899035,Berlin-22f1,4,81,Normal
2026-02-12 00:02:10.899035,Berlin-22f1,23,45,Normal
2026-02-12 00:02:11.899035,Berlin-22f1,5,93,Normal
2026-02-12 00:02:12.899035,Berlin-22f1,39,20,Normal
2026-02-12 00:02:13.899035,Berlin-22f1,48,19,Normal
2026-02-12 00:02:14.899035,Berlin-22f1,-18,58,Normal
2026-02-12 00:02:15.899035,Berlin-22f1,31,91,Normal
2026-02-12 00:02:16.899035,Berlin-22f1,-20,5,Normal
2026-02-12 00:02:17.899035,Berlin-22f1,34,79,Normal
2026-02-12 00:02:18.899035,Berlin-22f1,1,86,Normal
2026-02-12 00:02:19.899035,Berlin-22f1,-20,42,Normal
2026-02-12 00:02:20.899035,Berlin-22f1,31,43,Normal
2026-02-12 00:02:21.899035,Berlin-22f1,1,90,Normal
2026-02-12 00:02:22.899035,Berlin-22f1,-5,77,Normal
2026-02-12 00:02:23.899035,Berlin-22f1,45,20,Normal
2026-02-12 00:02:24.899035,Berlin-22f1,-20,0,Normal
2026-02-12 00:02:25.899035,Berlin-22f1,45,78,Normal
2026-02-12 00:02:26.899035,Berlin-22f1,-10,71,Normal
2026-02-12 00:02:27.899035,Berlin-22f1,50,24,Normal
2026-02-12 00:02:28.899035,Berlin-22f1,-1,77,Normal
2026-02-12 00:02:29.899035,Berlin-22f1,1,52,Normal
2026-02-12 00:02:30.899035,Berlin-22f1,6,85,Normal
2026-02-12 00:02:31.899035,Berlin-22f1,-7,67,Normal
2026-02-12 00:02:32.899035,Berlin-22f1,21,2,Normal
2026-02-12 00:02:33.899035,Berlin-22f1,47,52,Normal
2026-02-12 00:02:34.899035,Berlin-22f1,26,37,Normal
2026-02-12 00:02:35.899035,Berlin-22f1,13,83,Normal
2026-02-12 00:02:36.899035,Berlin-22f1,-20,44,Normal
2026-02-12 00:02:37.899035,Berlin-22f1,28,74,Normal
2026-02-12 00:02:38.899035,Berlin-22f1,14,42,Normal
2026-02-12 00:02:39.899035,Berlin-22f1,-2,51,Normal
2026-02-12 00:02:40.899035,Berlin-22f1,42,76,Normal
2026-02-12 00:02:41.899035,Berlin-22f1,49,1,Normal
2026-02-12 00:02:42.899035,Berlin-22f1,45,9,Normal
2026-02-12 00:02:43.899035,Berlin-22f1,-26,54,Normal
2026-02-12 00:02:44.899035,Berlin-22f1,1,63,Normal
2026-02-12 00:02:45.899035,Berlin-22f1,-20,94,Normal
2026-02-12 00:02:46.899035,Berlin-22f1,42,34,Normal
2026-02-12 00:02:47.899035,Berlin-22f1,7,55,Normal
2026-02-12 00:02:48.899035,Berlin-22f1,-23,91,Normal
2026-02-12 00:02:49.899035,Berlin-22f1,-26,84,Normal
2026-02-12 00:02:50.899035,Berlin-22f1,-27,55,Normal
2026-02-12 00:02:51.899035,Berlin-22f1,-11,8,Normal
2026-02-12 00:02:52.899035,Berlin-22f1,-15,59,Normal
2026-02-12 00:02:53.899035,Berlin-22f1,6,95,Normal
2026-02-12 00:02:54.899035,Berlin-22f1,39,63,Normal
2026-02-12 00:02:55.899035,Berlin-22f1,28,43,Normal
2026-02-12 00:02:56.899035,Berlin-22f1,-24,42,Normal
2026-02-12 00:02:57.899035,Berlin-22f1,29,42,Normal
2026-02-12 00:02:58.899035,Berlin-22f1,48,17,Normal
2026-02-12 00:02:59.899035,Berlin-22f1,-12,23,Normal
2026-02-12 00:03:00.899035,Berlin-22f1,26,63,Normal
2026-02-12 00:03:01.899035,Berlin-22f1,39,84,Normal
2026-02-12 00:03:02.899035,Berlin-22f1,-18,9,Normal
2026-02-12 00:03:03.899035,Berlin-22f1,0,23,Normal
2026-02-12 00:03:04.899035,Berlin-22f1,45,18,Normal
2026-02-12 00:03:05.899035,Berlin-22f1,20,19,Normal
2026-02-12 00:03:06.899035,Berlin-22f1,10,55,Normal
2026-02-12 00:03:07.899035,Berlin-22f1,-8,10,Normal
2026-02-12 00:03:08.899035,Berlin-22f1,12,79,Normal
2026-02-12 00:03:09.899035,Berlin-22f1,-22,30,Normal
2026-02-12 00:03:10.899035,Berlin-22f1,6,55,Normal
2026-02-12 00:03:11.899035,Berlin-22f1,-10,42,Normal
2026-02-12 00:03:12.899035,Berlin-22f1,18,14,Normal
2026-02-12 00:03:13.899035,Berlin-22f1,5,39,Normal
2026-02-12 00:03:14.899035,Berlin-22f1,-7,44,Normal
2026-02-12 00:03:15.899035,Berlin-22f1,23,23,Normal
2026-02-12 00:03:16.899035,Berlin-22f1,17,6,Normal
2026-02-12 00:03:17.899035,Berlin-22f1,-15,67,Normal
2026-02-12 00:03:18.899035,Berlin-22f1,-19,37,Normal
2026-02-12 00:03:19.899035,Berlin-22f1,41,25,Normal
2026-02-12 00:03:20.899035,Berlin-22f1,6,65,Normal
2026-02-12 00:03:21.899035,Berlin-22f1,-25,85,Normal
2026-02-12 00:03:22.899035,Berlin-22f1,-11,6,Normal
2026-02-12 00:03:23.899035,Berlin-22f1,22,89,Normal
2026-02-12 00:03:24.899035,Berlin-22f1,48,95,Normal
2026-02-12 00:03:25.899035,Berlin-22f1,29,71,Normal
2026-02-12 00:03:26.899035,Berlin-22f1,24,37,Normal
2026-02-12 00:03:27.899035,Berlin-22f1,-11,67,Normal
2026-02-12 00:03:28.899035,Berlin-22f1,33,97,Normal
2026-02-12 00:03:29.899035,Berlin-22f1,33,75,Normal
2026-02-12 00:03:30.899035,Berlin-22f1,8,15,Normal
2026-02-12 00:03:31.899035,Berlin-22f1,27,17,Normal
2026-02-12 00:03:32.899035,Berlin-22f1,-7,27,Normal
2026-02-12 00:03:33.899035,Berlin-22f1,29,39,Normal
2026-02-12 00:03:34.899035,Berlin-22f1,25,92,Normal
2026-02-12 00:03:35.899035,Berlin-22f1,1,16,Normal
2026-02-12 00:03:36.899035,Berlin-22f1,-24,74,Normal
2026-02-12 00:03:37.899035,Berlin-22f1,-17,73,Normal
2026-02-12 00:03:38.899035,Berlin-22f1,-6,50,Normal
2026-02-12 00:03:39.899035,Berlin-22f1,-5,48,Normal
2026-02-12 00:03:40.899035,Berlin-22f1,-13,13,Normal
2026-02-12 00:03:41.899035,Berlin-22f1,36,23,Normal
2026-02-12 00:03:42.899035,Berlin-22f1,14,8,Normal
2026-02-12 00:03:43.899035,Berlin-22f1,-16,94,Normal
2026-02-12 00:03:44.899035,Berlin-22f1,45,46,Normal
2026-02-12 00:03:45.899035,Berlin-22f1,30,24,Normal
2026-02-12 00:03:46.899035,Berlin-22f1,22,6,Normal
2026-02-12 00:03:47.899035,Berlin-22f1,15,22,Normal
2026-02-12 00:03:48.899035,Berlin-22f1,-10,72,Normal
2026-02-12 00:03:49.899035,Berlin-22f1,14,76,Normal
2026-02-12 00:03:50.899035,Berlin-22f1,15,10,Normal
2026-02-12 00:03:51.899035,Berlin-22f1,-3,31,Normal
2026-02-12 00:03:52.899035,Berlin-22f1,12,11,Normal
2026-02-12 00:03:53.899035,Berlin-22f1,34,36,Normal
2026-02-12 00:03:54.899035,Berlin-22f1,-16,40,Normal
2026-02-12 00:03:55.899035,Berlin-22f1,-15,89,Normal
2026-02-12 00:03:56.899035,Berlin-22f1,14,28,Normal
2026-02-12 00:03:57.899035,Berlin-22f1,-24,92,Normal
2026-02-12 00:03:58.899035,Berlin-22f1,-13,12,Normal
2026-02-12 00:03:59.899035,Berlin-22f1,17,61,Normal
2026-02-12 00:04:00.899035,Berlin-22f1,30,64,Normal
2026-02-12 00:04:01.899035,Berlin-22f1,-15,89,Normal
2026-02-12 00:04:02.899035,Berlin-22f1,-11,21,Normal
2026-02-12 00:04:03.899035,Berlin-22f1,7,44,Normal
2026-02-12 00:04:04.899035,Berlin-22f1,14,82,Normal
2026-02-12 00:04:05.899035,Berlin-22f1,14,44,Normal
2026-02-12 00:04:06.899035,Berlin-22f1,-12,97,Normal
2026-02-12 00:04:07.899035,Berlin-22f1,29,99,Normal
2026-02-12 00:04:08.899035,Berlin-22f1,-26,97,Normal
2026-02-12 00:04:09.899035,Berlin-22f1,48,76,Normal
2026-02-12 00:04:10.899035,Berlin-22f1,0,19,Normal
2026-02-12 00:04:11.899035,Berlin-22f1,26,56,Normal
2026-02-12 00:04:12.899035,Berlin-22f1,-5,80,Normal
2026-02-12 00:04:13.899035,Berlin-22f1,35,65,Normal
2026-02-12 00:04:14.899035,Berlin-22f1,-9,77,Normal
2026-02-12 00:04:15.899035,Berlin-22f1,17,23,Normal
2026-02-12 00:04:16.899035,Berlin-22f1,4,45,Normal
2026-02-12 00:04:17.899035,Berlin-22f1,-24,78,Normal
2026-02-12 00:04:18.899035,Berlin-22f1,27,74,Normal
2026-02-12 00:04:19.899035,Berlin-22f1,22,67,Normal
2026-02-12 00:04:20.899035,Berlin-22f1,33,55,Normal
2026-02-12 00:04:21.899035,Berlin-22f1,24,56,Normal
2026-02-12 00:04:22.899035,Berlin-22f1,34,33,Normal
2026-02-12 00:04:23.899035,Berlin-22f1,-27,36,Normal
2026-02-12 00:04:24.899035,Berlin-22f1,12,51,Normal
2026-02-12 00:04:25.899035,Berlin-22f1,15,86,Normal
2026-02-12 00:04:26.899035,Berlin-22f1,23,55,Normal
2026-02-12 00:04:27.899035,Berlin-22f1,-23,37,Normal
2026-02-12 00:04:28.899035,Berlin-22f1,33,32,Normal
2026-02-12 00:04:29.899035,Berlin-22f1,47,31,Normal
2026-02-12 00:04:30.899035,Berlin-22f1,-11,68,Normal
2026-02-12 00:04:31.899035,Berlin-22f1,14,94,Normal
2026-02-12 00:04:32.899035,Berlin-22f1,13,42,Normal
2026-02-12 00:04:33.899035,Berlin-22f1,19,56,Normal
2026-02-12 00:04:34.899035,Berlin-22f1,-24,32,Normal
2026-02-12 00:04:35.899035,Berlin-22f1,-11,4,Normal
2026-02-12 00:04:36.899035,Berlin-22f1,43,9,Normal
2026-02-12 00:04:37.899035,Berlin-22f1,0,13,Normal
2026-02-12 00:04:38.899035,Berlin-22f1,39,37,Normal
2026-02-12 00:04:39.899035,Berlin-22f1,35,41,Normal
2026-02-12 00:04:40.899035,Berlin-22f1,20,14,Normal
2026-02-12 00:04:41.899035,Berlin-22f1,17,8,Normal
2026-02-12 00:04:42.899035,Berlin-22f1,6,69,Normal
2026-02-12 00:04:43.899035,Berlin-22f1,50,56,Normal
2026-02-12 00:04:44.899035,Berlin-22f1,47,14,Normal
2026-02-12 00:04:45.899035,Berlin-22f1,31,53,Normal
2026-02-12 00:04:46.899035,Berlin-22f1,-2,94,Normal
2026-02-12 00:04:47.899035,Berlin-22f1,-10,12,Normal
2026-02-12 00:04:48.899035,Berlin-22f1,5,76,Normal
2026-02-12 00:04:49.899035,Berlin-22f1,-28,2,Normal
2026-02-12 00:04:50.899035,Berlin-22f1,19,10,Normal
2026-02-12 00:04:51.899035,Berlin-22f1,23,70,Normal
2026-02-12 00:04:52.899035,Berlin-22f1,-1,35,Normal
2026-02-12 00:04:53.899035,Berlin-22f1,-5,57,Normal
2026-02-12 00:04:54.899035,Berlin-22f1,-5,93,Normal
2026-02-12 00:04:55.899035,Berlin-22f1,-21,45,Normal
2026-02-12 00:04:56.899035,Berlin-22f1,34,42,Normal
2026-02-12 00:04:57.899035,Berlin-22f1,-21,53,Normal
2026-02-12 00:04:58.899035,Berlin-22f1,38,53,Normal
2026-02-12 00:04:59.899035,Berlin-22f1,-22,83,Normal
2026-02-12 00:05:00.899035,Berlin-22f1,50,52,Normal
2026-02-12 00:05:01.899035,Berlin-22f1,23,27,Normal
2026-02-12 00:05:02.899035,Berlin-22f1,-30,35,Normal
2026-02-12 00:05:03.899035,Berlin-22f1,41,48,Normal
2026-02-12 00:05:04.899035,Berlin-22f1,-19,86,Normal
2026-02-12 00:05:05.899035,Berlin-22f1,40,15,Normal
2026-02-12 00:05:06.899035,Berlin-22f1,-9,64,Normal
2026-02-12 00:05:07.899035,Berlin-22f1,-10,88,Normal
2026-02-12 00:05:08.899035,Berlin-22f1,-14,37,Normal
2026-02-12 00:05:09.899035,Berlin-22f1,-25,51,Normal
2026-02-12 00:05:10.899035,Berlin-22f1,-20,94,Normal
2026-02-12 00:05:11.899035,Berlin-22f1,-18,34,Normal
2026-02-12 00:05:12.899035,Berlin-22f1,3,29,Normal
2026-02-12 00:05:13.899035,Berlin-22f1,33,35,Normal
2026-02-12 00:05:14.899035,Berlin-22f1,3,15,Normal
2026-02-12 00:05:15.899035,Berlin-22f1,18,94,Normal
2026-02-12 00:05:16.899035,Berlin-22f1,31,40,Normal
2026-02-12 00:05:17.899035,Berlin-22f1,16,27,Normal
2026-02-12 00:05:18.899035,Berlin-22f1,-25,8,Normal
2026-02-12 00:05:19.899035,Berlin-22f1,19,59,Normal
2026-02-12 00:05:20.899035,Berlin-22f1,-19,81,Normal
2026-02-12 00:05:21.899035,Berlin-22f1,14,46,Normal
2026-02-12 00:05:22.899035,Berlin-22f1,-20,58,Normal
2026-02-12 00:05:23.899035,Berlin-22f1,-8,35,Normal
2026-02-12 00:05:24.899035,Berlin-22f1,46,56,Normal
2026-02-12 00:05:25.899035,Berlin-22f1,44,33,Normal
2026-02-12 00:05:26.899035,Berlin-22f1,-14,76,Normal
2026-02-12 00:05:27.899035,Berlin-22f1,28,79,Normal
2026-02-12 00:05:28.899035,Berlin-22f1,33,42,Normal
2026-02-12 00:05:29.899035,Berlin-22f1,18,42,Normal
2026-02-12 00:05:30.899035,Berlin-22f1,-24,58,Normal
2026-02-12 00:05:31.899035,Berlin-22f1,50,30,Normal
2026-02-12 00:05:32.899035,Berlin-22f1,2,80,Normal
2026-02-12 00:05:33.899035,Berlin-22f1,12,92,Normal
2026-02-12 00:05:34.899035,Berlin-22f1,39,61,Normal
2026-02-12 00:05:35.899035,Berlin-22f1,-2,96,Normal
2026-02-12 00:05:36.899035,Berlin-22f1,12,83,Normal
2026-02-12 00:05:37.899035,Berlin-22f1,-1,83,Normal
2026-02-12 00:05:38.899035,Berlin-22f1,41,91,Normal
2026-02-12 00:05:39.899035,Berlin-22f1,-19,10,Normal
2026-02-12 00:05:40.899035,Berlin-22f1,36,86,Normal
2026-02-12 00:05:41.899035,Berlin-22f1,18,96,Normal
2026-02-12 00:05:42.899035,Berlin-22f1,47,26,Normal
2026-02-12 00:05:43.899035,Berlin-22f1,41,64,Normal
2026-02-12 00:05:44.899035,Berlin-22f1,-9,35,Normal
2026-02-12 00:05:45.899035,Berlin-22f1,38,38,Normal
2026-02-12 00:05:46.899035,Berlin-22f1,-28,0,Normal
2026-02-12 00:05:47.899035,Berlin-22f1,25,67,Normal
2026-02-12 00:05:48.899035,Berlin-22f1,24,42,Normal
2026-02-12 00:05:49.899035,Berlin-22f1,48,12,Normal
2026-02-12 00:05:50.899035,Berlin-22f1,23,94,Normal
2026-02-12 00:05:51.899035,Berlin-22f1,-5,25,Normal
2026-02-12 00:05:52.899035,Berlin-22f1,5,12,Normal
2026-02-12 00:05:53.899035,Berlin-22f1,-17,6,Normal
2026-02-12 00:05:54.899035,Berlin-22f1,-25,26,Normal
2026-02-12 00:05:55.899035,Berlin-22f1,44,84,Normal
2026-02-12 00:05:56.899035,Berlin-22f1,-2,25,Normal
2026-02-12 00:05:57.899035,Berlin-22f1,34,94,Normal
2026-02-12 00:05:58.899035,Berlin-22f1,28,69,Normal
2026-02-12 00:05:59.899035,Berlin-22f1,-10,44,Normal
2026-02-12 00:06:00.899035,Berlin-22f1,-20,64,Normal
2026-02-12 00:06:01.899035,Berlin-22f1,48,26,Normal
2026-02-12 00:06:02.899035,Berlin-22f1,-26,65,Normal
2026-02-12 00:06:03.899035,Berlin-22f1,6,71,Normal
2026-02-12 00:06:04.899035,Berlin-22f1,-11,87,Normal
2026-02-12 00:06:05.899035,Berlin-22f1,27,41,Normal
2026-02-12 00:06:06.899035,Berlin-22f1,14,89,Normal
2026-02-12 00:06:07.899035,Berlin-22f1,-15,26,Normal
2026-02-12 00:06:08.899035,Berlin-22f1,-6,18,Normal
2026-02-12 00:06:09.899035,Berlin-22f1,25,73,Normal
2026-02-12 00:06:10.899035,Berlin-22f1,-19,22,Normal
2026-02-12 00:06:11.899035,Berlin-22f1,-21,87,Normal
2026-02-12 00:06:12.899035,Berlin-22f1,20,23,Normal
2026-02-12 00:06:13.899035,Berlin-22f1,19,87,Normal
2026-02-12 00:06:14.899035,Berlin-22f1,7,99,Normal
2026-02-12 00:06:15.899035,Berlin-22f1,-28,38,Normal
2026-02-12 00:06:16.899035,Berlin-22f1,-13,32,Normal
2026-02-12 00:06:17.899035,Berlin-22f1,-5,5,Normal
2026-02-12 00:06:18.899035,Berlin-22f1,-28,37,Normal
2026-02-12 00:06:19.899035,Berlin-22f1,32,100,Normal
2026-02-12 00:06:20.899035,Berlin-22f1,26,3,Normal
2026-02-12 00:06:21.899035,Berlin-22f1,12,88,Normal
2026-02-12 00:06:22.899035,Berlin-22f1,28,73,Normal
2026-02-12 00:06:23.899035,Berlin-22f1,34,0,Normal
2026-02-12 00:06:24.899035,Berlin-22f1,-17,66,Normal
2026-02-12 00:06:25.899035,Berlin-22f1,-22,24,Normal
2026-02-12 00:06:26.899035,Berlin-22f1,29,66,Normal
2026-02-12 00:06:27.899035,Berlin-22f1,27,0,Normal
2026-02-12 00:06:28.899035,Berlin-22f1,40,55,Normal
2026-02-12 00:06:29.899035,Berlin-22f1,27,40,Normal
2026-02-12 00:06:30.899035,Berlin-22f1,41,75,Normal
2026-02-12 00:06:31.899035,Berlin-22f1,27,10,Normal
2026-02-12 00:06:32.899035,Berlin-22f1,43,48,Normal
2026-02-12 00:06:33.899035,Berlin-22f1,2,77,Normal
2026-02-12 00:06:34.899035,Berlin-22f1,42,37,Normal
2026-02-12 00:06:35.899035,Berlin-22f1,-20,96,Normal
2026-02-12 00:06:36.899035,Berlin-22f1,24,66,Normal
2026-02-12 00:06:37.899035,Berlin-22f1,-6,47,Normal
2026-02-12 00:06:38.899035,Berlin-22f1,-21,23,Normal
2026-02-12 00:06:39.899035,Berlin-22f1,31,12,Normal
2026-02-12 00:06:40.899035,Berlin-22f1,43,16,Normal
2026-02-12 00:06:41.899035,Berlin-22f1,22,11,Normal
2026-02-12 00:06:42.899035,Berlin-22f1,-28,72,Normal
2026-02-12 00:06:43.899035,Berlin-22f1,37,39,Normal
2026-02-12 00:06:44.899035,Berlin-22f1,-19,46,Normal
2026-02-12 00:06:45.899035,Berlin-22f1,23,10,Normal
2026-02-12 00:06:46.899035,Berlin-22f1,-5,67,Normal
2026-02-12 00:06:47.899035,Berlin-22f1,28,92,Normal
2026-02-12 00:06:48.899035,Berlin-22f1,-4,16,Normal
2026-02-12 00:06:49.899035,Berlin-22f1,40,50,Normal
2026-02-12 00:06:50.899035,Berlin-22f1,19,84,Normal
2026-02-12 00:06:51.899035,Berlin-22f1,3,45,Normal
2026-02-12 00:06:52.899035,Berlin-22f1,49,44,Normal
2026-02-12 00:06:53.899035,Berlin-22f1,-2,94,Normal
2026-02-12 00:06:54.899035,Berlin-22f1,23,13,Normal
2026-02-12 00:06:55.899035,Berlin-22f1,40,25,Normal
2026-02-12 00:06:56.899035,Berlin-22f1,20,8,Normal
2026-02-12 00:06:57.899035,Berlin-22f1,48,39,Normal
2026-02-12 00:06:58.899035,Berlin-22f1,8,8,Normal
2026-02-12 00:06:59.899035,Berlin-22f1,28,38,Normal
2026-02-12 00:07:00.899035,Berlin-22f1,22,34,Normal
2026-02-12 00:07:01.899035,Berlin-22f1,40,0,Normal
2026-02-12 00:07:02.899035,Berlin-22f1,-8,25,Normal
2026-02-12 00:07:03.899035,Berlin-22f1,14,13,Normal
2026-02-12 00:07:04.899035,Berlin-22f1,21,86,Normal
2026-02-12 00:07:05.899035,Berlin-22f1,-6,58,Normal
2026-02-12 00:07:06.899035,Berlin-22f1,43,30,Normal
2026-02-12 00:07:07.899035,Berlin-22f1,27,20,Normal
2026-02-12 00:07:08.899035,Berlin-22f1,-13,64,Normal
2026-02-12 00:07:09.899035,Berlin-22f1,-13,5,Normal
2026-02-12 00:07:10.899035,Berlin-22f1,1,11,Normal
2026-02-12 00:07:11.899035,Berlin-22f1,47,32,Normal
2026-02-12 00:07:12.899035,Berlin-22f1,36,74,Normal
2026-02-12 00:07:13.899035,Berlin-22f1,6,84,Normal
2026-02-12 00:07:14.899035,Berlin-22f1,4,21,Normal
2026-02-12 00:07:15.899035,Berlin-22f1,22,26,Normal
2026-02-12 00:07:16.899035,Berlin-22f1,33,13,Normal
2026-02-12 00:07:17.899035,Berlin-22f1,20,41,Normal
2026-02-12 00:07:18.899035,Berlin-22f1,5,22,Normal
2026-02-12 00:07:19.899035,Berlin-22f1,49,28,Normal
2026-02-12 00:07:20.899035,Berlin-22f1,32,79,Normal
2026-02-12 00:07:21.899035,Berlin-22f1,10,85,Normal
2026-02-12 00:07:22.899035,Berlin-22f1,-14,4,Normal
2026-02-12 00:07:23.899035,Berlin-22f1,10,13,Normal
2026-02-12 00:07:24.899035,Berlin-22f1,-30,59,Normal
2026-02-12 00:07:25.899035,Berlin-22f1,11,60,Normal
2026-02-12 00:07:26.899035,Berlin-22f1,6,43,Normal
2026-02-12 00:07:27.899035,Berlin-22f1,-5,48,Normal
2026-02-12 00:07:28.899035,Berlin-22f1,0,20,Normal
2026-02-12 00:07:29.899035,Berlin-22f1,-11,72,Normal
2026-02-12 00:07:30.899035,Berlin-22f1,43,5,Normal
2026-02-12 00:07:31.899035,Berlin-22f1,26,85,Normal
2026-02-12 00:07:32.899035,Berlin-22f1,26,54,Normal
2026-02-12 00:07:33.899035,Berlin-22f1,19,27,Normal
2026-02-12 00:07:34.899035,Berlin-22f1,-8,98,Normal
2026-02-12 00:07:35.899035,Berlin-22f1,42,88,Normal
2026-02-12 00:07:36.899035,Berlin-22f1,-18,78,Normal
2026-02-12 00:07:37.899035,Berlin-22f1,-19,93,Normal
2026-02-12 00:07:38.899035,Berlin-22f1,-30,32,Normal
2026-02-12 00:07:39.899035,Berlin-22f1,-4,7,Normal
2026-02-12 00:07:40.899035,Berlin-22f1,-4,88,Normal
2026-02-12 00:07:41.899035,Berlin-22f1,39,59,Normal
2026-02-12 00:07:42.899035,Berlin-22f1,26,99,Normal
2026-02-12 00:07:43.899035,Berlin-22f1,22,35,Normal
2026-02-12 00:07:44.899035,Berlin-22f1,42,64,Normal
2026-02-12 00:07:45.899035,Berlin-22f1,44,50,Normal
2026-02-12 00:07:46.899035,Berlin-22f1,34,24,Normal
2026-02-12 00:07:47.899035,Berlin-22f1,-27,93,Normal
2026-02-12 00:07:48.899035,Berlin-22f1,-21,70,Normal
2026-02-12 00:07:49.899035,Berlin-22f1,0,51,Normal
2026-02-12 00:07:50.899035,Berlin-22f1,38,76,Normal
2026-02-12 00:07:51.899035,Berlin-22f1,-10,61,Normal
2026-02-12 00:07:52.899035,Berlin-22f1,37,88,Normal
2026-02-12 00:07:53.899035,Berlin-22f1,7,93,Normal
2026-02-12 00:07:54.899035,Berlin-22f1,-22,59,Normal
2026-02-12 00:07:55.899035,Berlin-22f1,9,78,Normal
2026-02-12 00:07:56.899035,Berlin-22f1,4,56,Normal
2026-02-12 00:07:57.899035,Berlin-22f1,7,19,Normal
2026-02-12 00:07:58.899035,Berlin-22f1,28,6,Normal
2026-02-12 00:07:59.899035,Berlin-22f1,21,29,Normal
2026-02-12 00:08:00.899035,Berlin-22f1,9,46,Normal
2026-02-12 00:08:01.899035,Berlin-22f1,5,79,Normal
2026-02-12 00:08:02.899035,Berlin-22f1,27,80,Normal
2026-02-12 00:08:03.899035,Berlin-22f1,36,52,Normal
2026-02-12 00:08:04.899035,Berlin-22f1,-15,49,Normal
2026-02-12 00:08:05.899035,Berlin-22f1,34,97,Normal
2026-02-12 00:08:06.899035,Berlin-22f1,19,93,Normal
2026-02-12 00:08:07.899035,Berlin-22f1,27,63,Normal
2026-02-12 00:08:08.899035,Berlin-22f1,-6,42,Normal
2026-02-12 00:08:09.899035,Berlin-22f1,49,21,Normal
2026-02-12 00:08:10.899035,Berlin-22f1,27,8,Normal
2026-02-12 00:08:11.899035,Berlin-22f1,-15,19,Normal
2026-02-12 00:08:12.899035,Berlin-22f1,-20,38,Normal
2026-02-12 00:08:13.899035,Berlin-22f1,6,73,Normal
2026-02-12 00:08:14.899035,Berlin-22f1,-5,35,Normal
2026-02-12 00:08:15.899035,Berlin-22f1,-25,70,Normal
2026-02-12 00:08:16.899035,Berlin-22f1,31,63,Normal
2026-02-12 00:08:17.899035,Berlin-22f1,11,1,Normal
2026-02-12 00:08:18.899035,Berlin-22f1,17,82,Normal
2026-02-12 00:08:19.899035,Berlin-22f1,15,62,Normal
2026-02-12 00:08:20.899035,Berlin-22f1,27,66,Normal
2026-02-12 00:08:21.899035,Berlin-22f1,-7,49,Normal
2026-02-12 00:08:22.899035,Berlin-22f1,10,86,Normal
2026-02-12 00:08:23.899035,Berlin-22f1,36,35,Normal
2026-02-12 00:08:24.899035,Berlin-22f1,27,70,Normal
2026-02-12 00:08:25.899035,Berlin-22f1,27,72,Normal
2026-02-12 00:08:26.899035,Berlin-22f1,-13,86,Normal
2026-02-12 00:08:27.899035,Berlin-22f1,-16,54,Normal
2026-02-12 00:08:28.899035,Berlin-22f1,5,14,Normal
2026-02-12 00:08:29.899035,Berlin-22f1,41,53,Normal
2026-02-12 00:08:30.899035,Berlin-22f1,-13,64,Normal
2026-02-12 00:08:31.899035,Berlin-22f1,38,84,Normal
2026-02-12 00:08:32.899035,Berlin-22f1,43,46,Normal
2026-02-12 00:08:33.899035,Berlin-22f1,-19,35,Normal
2026-02-12 00:08:34.899035,Berlin-22f1,-10,26,Normal
2026-02-12 00:08:35.899035,Berlin-22f1,-29,77,Normal
2026-02-12 00:08:36.899035,Berlin-22f1,-12,64,Normal
2026-02-12 00:08:37.899035,Berlin-22f1,-8,66,Normal
2026-02-12 00:08:38.899035,Berlin-22f1,18,28,Normal
2026-02-12 00:08:39.899035,Berlin-22f1,1,100,Normal
2026-02-12 00:08:40.899035,Berlin-22f1,31,44,Normal
2026-02-12 00:08:41.899035,Berlin-22f1,15,30,Normal
2026-02-12 00:08:42.899035,Berlin-22f1,15,11,Normal
2026-02-12 00:08:43.899035,Berlin-22f1,47,4,Normal
2026-02-12 00:08:44.899035,Berlin-22f1,15,62,Normal
2026-02-12 00:08:45.899035,Berlin-22f1,-23,36,Normal
2026-02-12 00:08:46.899035,Berlin-22f1,40,88,Normal
2026-02-12 00:08:47.899035,Berlin-22f1,-6,98,Normal
2026-02-12 00:08:48.899035,Berlin-22f1,26,5,Normal
2026-02-12 00:08:49.899035,Berlin-22f1,-22,23,Normal
2026-02-12 00:08:50.899035,Berlin-22f1,50,41,Normal
2026-02-12 00:08:51.899035,Berlin-22f1,49,70,Normal
2026-02-12 00:08:52.899035,Berlin-22f1,3,31,Normal
2026-02-12 00:08:53.899035,Berlin-22f1,24,91,Normal
2026-02-12 00:08:54.899035,Berlin-22f1,45,20,Normal
2026-02-12 00:08:55.899035,Berlin-22f1,25,22,Normal
2026-02-12 00:08:56.899035,Berlin-22f1,-14,3,Normal
2026-02-12 00:08:57.899035,Berlin-22f1,8,31,Normal
2026-02-12 00:08:58.899035,Berlin-22f1,-23,83,Normal
2026-02-12 00:08:59.899035,Berlin-22f1,-16,98,Normal
2026-02-12 00:09:00.899035,Berlin-22f1,48,94,Normal
2026-02-12 00:09:01.899035,Berlin-22f1,41,21,Normal
2026-02-12 00:09:02.899035,Berlin-22f1,-9,89,Normal
2026-02-12 00:09:03.899035,Berlin-22f1,31,30,Normal
2026-02-12 00:09:04.899035,Berlin-22f1,-15,53,Normal
2026-02-12 00:09:05.899035,Berlin-22f1,25,10,Normal
2026-02-12 00:09:06.899035,Berlin-22f1,-27,99,Normal
2026-02-12 00:09:07.899035,Berlin-22f1,32,36,Normal
2026-02-12 00:09:08.899035,Berlin-22f1,11,12,Normal
2026-02-12 00:09:09.899035,Berlin-22f1,26,1,Normal
2026-02-12 00:09:10.899035,Berlin-22f1,-25,72,Normal
2026-02-12 00:09:11.899035,Berlin-22f1,14,29,Normal
2026-02-12 00:09:12.899035,Berlin-22f1,10,94,Normal
2026-02-12 00:09:13.899035,Berlin-22f1,-6,7,Normal
2026-02-12 00:09:14.899035,Berlin-22f1,8,75,Normal
2026-02-12 00:09:15.899035,Berlin-22f1,-14,75,Normal
2026-02-12 00:09:16.899035,Berlin-22f1,47,96,Normal
2026-02-12 00:09:17.899035,Berlin-22f1,20,35,Normal
2026-02-12 00:09:18.899035,Berlin-22f1,39,57,Normal
2026-02-12 00:09:19.899035,Berlin-22f1,-8,80,Normal
2026-02-12 00:09:20.899035,Berlin-22f1,0,88,Normal
2026-02-12 00:09:21.899035,Berlin-22f1,-10,71,Normal
2026-02-12 00:09:22.899035,Berlin-22f1,16,89,Normal
2026-02-12 00:09:23.899035,Berlin-22f1,-13,14,Normal
2026-02-12 00:09:24.899035,Berlin-22f1,21,65,Normal
2026-02-12 00:09:25.899035,Berlin-22f1,47,20,Normal
2026-02-12 00:09:26.899035,Berlin-22f1,34,78,Normal
2026-02-12 00:09:27.899035,Berlin-22f1,4,35,Normal
2026-02-12 00:09:28.899035,Berlin-22f1,24,36,Normal
2026-02-12 00:09:29.899035,Berlin-22f1,-17,25,Normal
2026-02-12 00:09:30.899035,Berlin-22f1,45,10,Normal
2026-02-12 00:09:31.899035,Berlin-22f1,20,28,Normal
2026-02-12 00:09:32.899035,Berlin-22f1,26,61,Normal
2026-02-12 00:09:33.899035,Berlin-22f1,-17,8,Normal
2026-02-12 00:09:34.899035,Berlin-22f1,9,97,Normal
2026-02-12 00:09:35.899035,Berlin-22f1,-6,46,Normal
2026-02-12 00:09:36.899035,Berlin-22f1,23,16,Normal
2026-02-12 00:09:37.899035,Berlin-22f1,-22,31,Normal
2026-02-12 00:09:38.899035,Berlin-22f1,14,20,Normal
2026-02-12 00:09:39.899035,Berlin-22f1,4,4,Normal
2026-02-12 00:09:40.899035,Berlin-22f1,7,94,Normal
2026-02-12 00:09:41.899035,Berlin-22f1,15,80,Normal
2026-02-12 00:09:42.899035,Berlin-22f1,2,39,Normal
2026-02-12 00:09:43.899035,Berlin-22f1,39,96,Normal
2026-02-12 00:09:44.899035,Berlin-22f1,46,27,Normal
2026-02-12 00:09:45.899035,Berlin-22f1,4,24,Normal
2026-02-12 00:09:46.899035,Berlin-22f1,37,79,Normal
2026-02-12 00:09:47.899035,Berlin-22f1,-15,84,Normal
2026-02-12 00:09:48.899035,Berlin-22f1,29,70,Normal
2026-02-12 00:09:49.899035,Berlin-22f1,-5,55,Normal
2026-02-12 00:09:50.899035,Berlin-22f1,46,90,Normal
2026-02-12 00:09:51.899035,Berlin-22f1,9,87,Normal
2026-02-12 00:09:52.899035,Berlin-22f1,9,53,Normal
2026-02-12 00:09:53.899035,Berlin-22f1,31,0,Normal
2026-02-12 00:09:54.899035,Berlin-22f1,20,28,Normal
2026-02-12 00:09:55.899035,Berlin-22f1,-16,42,Normal
2026-02-12 00:09:56.899035,Berlin-22f1,-24,10,Normal
2026-02-12 00:09:57.899035,Berlin-22f1,-10,16,Normal
2026-02-12 00:09:58.899035,Berlin-22f1,28,52,Normal
2026-02-12 00:09:59.899035,Berlin-22f1,44,10,Normal
2026-02-12 00:10:00.899035,Berlin-22f1,12,39,Normal
2026-02-12 00:10:01.899035,Berlin-22f1,37,92,Normal
2026-02-12 00:10:02.899035,Berlin-22f1,19,98,Normal
2026-02-12 00:10:03.899035,Berlin-22f1,-12,83,Normal
2026-02-12 00:10:04.899035,Berlin-22f1,13,47,Normal
2026-02-12 00:10:05.899035,Berlin-22f1,11,41,Normal
2026-02-12 00:10:06.899035,Berlin-22f1,13,5,Normal
2026-02-12 00:10:07.899035,Berlin-22f1,-18,79,Normal
2026-02-12 00:10:08.899035,Berlin-22f1,-25,76,Normal
2026-02-12 00:10:09.899035,Berlin-22f1,24,72,Normal
2026-02-12 00:10:10.899035,Berlin-22f1,-30,37,Normal
2026-02-12 00:10:11.899035,Berlin-22f1,38,44,Normal
2026-02-12 00:10:12.899035,Berlin-22f1,32,38,Normal
2026-02-12 00:10:13.899035,Berlin-22f1,-18,14,Normal
2026-02-12 00:10:14.899035,Berlin-22f1,-19,60,Normal
2026-02-12 00:10:15.899035,Berlin-22f1,20,65,Normal
2026-02-12 00:10:16.899035,Berlin-22f1,-5,39,Normal
2026-02-12 00:10:17.899035,Berlin-22f1,13,55,Normal
2026-02-12 00:10:18.899035,Berlin-22f1,38,67,Normal
2026-02-12 00:10:19.899035,Berlin-22f1,34,78,Normal
2026-02-12 00:10:20.899035,Berlin-22f1,-11,18,Normal
2026-02-12 00:10:21.899035,Berlin-22f1,7,34,Normal
2026-02-12 00:10:22.899035,Berlin-22f1,25,41,Normal
2026-02-12 00:10:23.899035,Berlin-22f1,-23,23,Normal
2026-02-12 00:10:24.899035,Berlin-22f1,0,29,Normal
2026-02-12 00:10:25.899035,Berlin-22f1,-14,15,Normal
2026-02-12 00:10:26.899035,Berlin-22f1,47,68,Normal
2026-02-12 00:10:27.899035,Berlin-22f1,-11,51,Normal
2026-02-12 00:10:28.899035,Berlin-22f1,37,10,Normal
2026-02-12 00:10:29.899035,Berlin-22f1,42,82,Normal
2026-02-12 00:10:30.899035,Berlin-22f1,-20,9,Normal
2026-02-12 00:10:31.899035,Berlin-22f1,-5,83,Normal
2026-02-12 00:10:32.899035,Berlin-22f1,37,87,Normal
2026-02-12 00:10:33.899035,Berlin-22f1,8,44,Normal
2026-02-12 00:10:34.899035,Berlin-22f1,29,60,Normal
2026-02-12 00:10:35.899035,Berlin-22f1,-11,58,Normal
2026-02-12 00:10:36.899035,Berlin-22f1,43,44,Normal
2026-02-12 00:10:37.899035,Berlin-22f1,-30,49,Normal
2026-02-12 00:10:38.899035,Berlin-22f1,20,77,Normal
2026-02-12 00:10:39.899035,Berlin-22f1,-1,53,Normal
2026-02-12 00:10:40.899035,Berlin-22f1,-13,8,Normal
2026-02-12 00:10:41.899035,Berlin-22f1,38,49,Normal
2026-02-12 00:10:42.899035,Berlin-22f1,13,86,Normal
2026-02-12 00:10:43.899035,Berlin-22f1,27,55,Normal
2026-02-12 00:10:44.899035,Berlin-22f1,40,12,Normal
2026-02-12 00:10:45.899035,Berlin-22f1,16,4,Normal
2026-02-12 00:10:46.899035,Berlin-22f1,-4,8,Normal
2026-02-12 00:10:47.899035,Berlin-22f1,-24,72,Normal
2026-02-12 00:10:48.899035,Berlin-22f1,-17,13,Normal
2026-02-12 00:10:49.899035,Berlin-22f1,8,60,Normal
2026-02-12 00:10:50.899035,Berlin-22f1,27,92,Normal
2026-02-12 00:10:51.899035,Berlin-22f1,29,89,Normal
2026-02-12 00:10:52.899035,Berlin-22f1,46,19,Normal
2026-02-12 00:10:53.899035,Berlin-22f1,21,1,Normal
2026-02-12 00:10:54.899035,Berlin-22f1,30,72,Normal
2026-02-12 00:10:55.899035,Berlin-22f1,8,49,Normal
2026-02-12 00:10:56.899035,Berlin-22f1,4,8,Normal
2026-02-12 00:10:57.899035,Berlin-22f1,49,43,Normal
2026-02-12 00:10:58.899035,Berlin-22f1,-6,64,Normal
2026-02-12 00:10:59.899035,Berlin-22f1,45,98,Normal
2026-02-12 00:11:00.899035,Berlin-22f1,45,79,Normal
2026-02-12 00:11:01.899035,Berlin-22f1,43,30,Normal
2026-02-12 00:11:02.899035,Berlin-22f1,28,84,Normal
2026-02-12 00:11:03.899035,Berlin-22f1,-3,70,Normal
2026-02-12 00:11:04.899035,Berlin-22f1,45,85,Normal
2026-02-12 00:11:05.899035,Berlin-22f1,-20,83,Normal
2026-02-12 00:11:06.899035,Berlin-22f1,29,59,Normal
2026-02-12 00:11:07.899035,Berlin-22f1,-21,3,Normal
2026-02-12 00:11:08.899035,Berlin-22f1,-28,65,Normal
2026-02-12 00:11:09.899035,Berlin-22f1,-29,91,Normal
2026-02-12 00:11:10.899035,Berlin-22f1,-14,14,Normal
2026-02-12 00:11:11.899035,Berlin-22f1,-12,6,Normal
2026-02-12 00:11:12.899035,Berlin-22f1,5,38,Normal
2026-02-12 00:11:13.899035,Berlin-22f1,-10,55,Normal
2026-02-12 00:11:14.899035,Berlin-22f1,38,92,Normal
2026-02-12 00:11:15.899035,Berlin-22f1,42,73,Normal
2026-02-12 00:11:16.899035,Berlin-22f1,42,36,Normal
2026-02-12 00:11:17.899035,Berlin-22f1,46,21,Normal
2026-02-12 00:11:18.899035,Berlin-22f1,-25,86,Normal
2026-02-12 00:11:19.899035,Berlin-22f1,34,52,Normal
2026-02-12 00:11:20.899035,Berlin-22f1,16,61,Normal
2026-02-12 00:11:21.899035,Berlin-22f1,43,100,Normal
2026-02-12 00:11:22.899035,Berlin-22f1,39,27,Normal
2026-02-12 00:11:23.899035,Berlin-22f1,-13,36,Normal
2026-02-12 00:11:24.899035,Berlin-22f1,10,50,Normal
2026-02-12 00:11:25.899035,Berlin-22f1,41,46,Normal
2026-02-12 00:11:26.899035,Berlin-22f1,18,17,Normal
2026-02-12 00:11:27.899035,Berlin-22f1,-27,55,Normal
2026-02-12 00:11:28.899035,Berlin-22f1,44,97,Normal
2026-02-12 00:11:29.899035,Berlin-22f1,0,10,Normal
2026-02-12 00:11:30.899035,Berlin-22f1,42,47,Normal
2026-02-12 00:11:31.899035,Berlin-22f1,11,59,Normal
2026-02-12 00:11:32.899035,Berlin-22f1,49,38,Normal
2026-02-12 00:11:33.899035,Berlin-22f1,10,51,Normal
2026-02-12 00:11:34.899035,Berlin-22f1,-13,44,Normal
2026-02-12 00:11:35.899035,Berlin-22f1,5,99,Normal
2026-02-12 00:11:36.899035,Berlin-22f1,-26,36,Normal
2026-02-12 00:11:37.899035,Berlin-22f1,26,80,Normal
2026-02-12 00:11:38.899035,Berlin-22f1,-30,66,Normal
2026-02-12 00:11:39.899035,Berlin-22f1,41,94,Normal
2026-02-12 00:11:40.899035,Berlin-22f1,9,84,Normal
2026-02-12 00:11:41.899035,Berlin-22f1,-26,72,Normal
2026-02-12 00:11:42.899035,Berlin-22f1,39,99,Normal
2026-02-12 00:11:43.899035,Berlin-22f1,-23,75,Normal
2026-02-12 00:11:44.899035,Berlin-22f1,-23,60,Normal
2026-02-12 00:11:45.899035,Berlin-22f1,30,25,Normal
2026-02-12 00:11:46.899035,Berlin-22f1,-16,98,Normal
2026-02-12 00:11:47.899035,Berlin-22f1,-7,48,Normal
2026-02-12 00:11:48.899035,Berlin-22f1,-11,57,Normal
2026-02-12 00:11:49.899035,Berlin-22f1,25,77,Normal
2026-02-12 00:11:50.899035,Berlin-22f1,-3,37,Normal
2026-02-12 00:11:51.899035,Berlin-22f1,10,50,Normal
2026-02-12 00:11:52.899035,Berlin-22f1,0,32,Normal
2026-02-12 00:11:53.899035,Berlin-22f1,26,63,Normal
2026-02-12 00:11:54.899035,Berlin-22f1,-29,93,Normal
2026-02-12 00:11:55.899035,Berlin-22f1,-14,7,Normal
2026-02-12 00:11:56.899035,Berlin-22f1,32,40,Normal
2026-02-12 00:11:57.899035,Berlin-22f1,-26,1,Normal
2026-02-12 00:11:58.899035,Berlin-22f1,42,96,Normal
2026-02-12 00:11:59.899035,Berlin-22f1,-2,90,Normal
2026-02-12 00:12:00.899035,Berlin-22f1,22,75,Normal
2026-02-12 00:12:01.899035,Berlin-22f1,13,37,Normal
2026-02-12 00:12:02.899035,Berlin-22f1,19,16,Normal
2026-02-12 00:12:03.899035,Berlin-22f1,-8,32,Normal
2026-02-12 00:12:04.899035,Berlin-22f1,15,14,Normal
2026-02-12 00:12:05.899035,Berlin-22f1,-30,30,Normal
2026-02-12 00:12:06.899035,Berlin-22f1,31,68,Normal
2026-02-12 00:12:07.899035,Berlin-22f1,22,92,Normal
2026-02-12 00:12:08.899035,Berlin-22f1,38,34,Normal
2026-02-12 00:12:09.899035,Berlin-22f1,6,37,Normal
2026-02-12 00:12:10.899035,Berlin-22f1,3,71,Normal
2026-02-12 00:12:11.899035,Berlin-22f1,5,23,Normal
2026-02-12 00:12:12.899035,Berlin-22f1,17,86,Normal
2026-02-12 00:12:13.899035,Berlin-22f1,-21,91,Normal
2026-02-12 00:12:14.899035,Berlin-22f1,-8,94,Normal
2026-02-12 00:12:15.899035,Berlin-22f1,-1,77,Normal
2026-02-12 00:12:16.899035,Berlin-22f1,9,99,Normal
2026-02-12 00:12:17.899035,Berlin-22f1,26,4,Normal
2026-02-12 00:12:18.899035,Berlin-22f1,-3,92,Normal
2026-02-12 00:12:19.899035,Berlin-22f1,-17,50,Normal
2026-02-12 00:12:20.899035,Berlin-22f1,16,7,Normal
2026-02-12 00:12:21.899035,Berlin-22f1,-7,98,Normal
2026-02-12 00:12:22.899035,Berlin-22f1,43,12,Normal
2026-02-12 00:12:23.899035,Berlin-22f1,33,2,Normal
2026-02-12 00:12:24.899035,Berlin-22f1,-6,75,Normal
2026-02-12 00:12:25.899035,Berlin-22f1,-28,77,Normal
2026-02-12 00:12:26.899035,Berlin-22f1,-12,63,Normal
2026-02-12 00:12:27.899035,Berlin-22f1,35,64,Normal
2026-02-12 00:12:28.899035,Berlin-22f1,-13,39,Normal
2026-02-12 00:12:29.899035,Berlin-22f1,-8,65,Normal
2026-02-12 00:12:30.899035,Berlin-22f1,26,14,Normal
2026-02-12 00:12:31.899035,Berlin-22f1,-5,35,Normal
2026-02-12 00:12:32.899035,Berlin-22f1,4,65,Normal
2026-02-12 00:12:33.899035,Berlin-22f1,-24,95,Normal
2026-02-12 00:12:34.899035,Berlin-22f1,18,36,Normal
2026-02-12 00:12:35.899035,Berlin-22f1,31,54,Normal
2026-02-12 00:12:36.899035,Berlin-22f1,2,76,Normal
2026-02-12 00:12:37.899035,Berlin-22f1,-14,90,Normal
2026-02-12 00:12:38.899035,Berlin-22f1,23,53,Normal
2026-02-12 00:12:39.899035,Berlin-22f1,21,39,Normal
2026-02-12 00:12:40.899035,Berlin-22f1,29,18,Normal
2026-02-12 00:12:41.899035,Berlin-22f1,29,37,Normal
2026-02-12 00:12:42.899035,Berlin-22f1,5,57,Normal
2026-02-12 00:12:43.899035,Berlin-22f1,48,19,Normal
2026-02-12 00:12:44.899035,Berlin-22f1,22,0,Normal
2026-02-12 00:12:45.899035,Berlin-22f1,22,97,Normal
2026-02-12 00:12:46.899035,Berlin-22f1,14,68,Normal
2026-02-12 00:12:47.899035,Berlin-22f1,13,59,Normal
2026-02-12 00:12:48.899035,Berlin-22f1,15,90,Normal
2026-02-12 00:12:49.899035,Berlin-22f1,20,3,Normal
2026-02-12 00:12:50.899035,Berlin-22f1,-14,54,Normal
2026-02-12 00:12:51.899035,Berlin-22f1,-19,31,Normal
2026-02-12 00:12:52.899035,Berlin-22f1,29,89,Normal
2026-02-12 00:12:53.899035,Berlin-22f1,27,50,Normal
2026-02-12 00:12:54.899035,Berlin-22f1,-9,28,Normal
2026-02-12 00:12:55.899035,Berlin-22f1,0,68,Normal
2026-02-12 00:12:56.899035,Berlin-22f1,27,39,Normal
2026-02-12 00:12:57.899035,Berlin-22f1,-13,41,Normal
2026-02-12 00:12:58.899035,Berlin-22f1,44,84,Normal
2026-02-12 00:12:59.899035,Berlin-22f1,48,61,Normal
2026-02-12 00:13:00.899035,Berlin-22f1,-24,86,Normal
2026-02-12 00:13:01.899035,Berlin-22f1,31,94,Normal
2026-02-12 00:13:02.899035,Berlin-22f1,44,50,Normal
2026-02-12 00:13:03.899035,Berlin-22f1,37,77,Normal
2026-02-12 00:13:04.899035,Berlin-22f1,41,63,Normal
2026-02-12 00:13:05.899035,Berlin-22f1,18,96,Normal
2026-02-12 00:13:06.899035,Berlin-22f1,14,23,Normal
2026-02-12 00:13:07.899035,Berlin-22f1,0,21,Normal
2026-02-12 00:13:08.899035,Berlin-22f1,-30,2,Normal
2026-02-12 00:13:09.899035,Berlin-22f1,31,37,Normal
2026-02-12 00:13:10.899035,Berlin-22f1,-6,43,Normal
2026-02-12 00:13:11.899035,Berlin-22f1,-15,18,Normal
2026-02-12 00:13:12.899035,Berlin-22f1,19,49,Normal
2026-02-12 00:13:13.899035,Berlin-22f1,10,38,Normal
2026-02-12 00:13:14.899035,Berlin-22f1,-4,5,Normal
2026-02-12 00:13:15.899035,Berlin-22f1,-16,10,Normal
2026-02-12 00:13:16.899035,Berlin-22f1,40,67,Normal
2026-02-12 00:13:17.899035,Berlin-22f1,50,97,Normal
2026-02-12 00:13:18.899035,Berlin-22f1,-29,27,Normal
2026-02-12 00:13:19.899035,Berlin-22f1,4,54,Normal
2026-02-12 00:13:20.899035,Berlin-22f1,18,36,Normal
2026-02-12 00:13:21.899035,Berlin-22f1,-11,28,Normal
2026-02-12 00:13:22.899035,Berlin-22f1,-7,4,Normal
2026-02-12 00:13:23.899035,Berlin-22f1,-11,77,Normal
2026-02-12 00:13:24.899035,Berlin-22f1,-9,28,Normal
2026-02-12 00:13:25.899035,Berlin-22f1,10,75,Normal
2026-02-12 00:13:26.899035,Berlin-22f1,9,97,Normal
2026-02-12 00:13:27.899035,Berlin-22f1,4,44,Normal
2026-02-12 00:13:28.899035,Berlin-22f1,-17,21,Normal
2026-02-12 00:13:29.899035,Berlin-22f1,20,56,Normal
2026-02-12 00:13:30.899035,Berlin-22f1,18,25,Normal
2026-02-12 00:13:31.899035,Berlin-22f1,-17,65,Normal
2026-02-12 00:13:32.899035,Berlin-22f1,46,22,Normal
2026-02-12 00:13:33.899035,Berlin-22f1,37,32,Normal
2026-02-12 00:13:34.899035,Berlin-22f1,5,45,Normal
2026-02-12 00:13:35.899035,Berlin-22f1,-4,64,Normal
2026-02-12 00:13:36.899035,Berlin-22f1,-12,71,Normal
2026-02-12 00:13:37.899035,Berlin-22f1,-10,21,Normal
2026-02-12 00:13:38.899035,Berlin-22f1,46,5,Normal
2026-02-12 00:13:39.899035,Berlin-22f1,-7,69,Normal
2026-02-12 00:13:40.899035,Berlin-22f1,-15,55,Normal
2026-02-12 00:13:41.899035,Berlin-22f1,-10,16,Normal
2026-02-12 00:13:42.899035,Berlin-22f1,-4,80,Normal
2026-02-12 00:13:43.899035,Berlin-22f1,5,46,Normal
2026-02-12 00:13:44.899035,Berlin-22f1,-20,100,Normal
2026-02-12 00:13:45.899035,Berlin-22f1,46,50,Normal
2026-02-12 00:13:46.899035,Berlin-22f1,22,3,Normal
2026-02-12 00:13:47.899035,Berlin-22f1,39,71,Normal
2026-02-12 00:13:48.899035,Berlin-22f1,29,23,Normal
2026-02-12 00:13:49.899035,Berlin-22f1,29,62,Normal
2026-02-12 00:13:50.899035,Berlin-22f1,0,16,Normal
2026-02-12 00:13:51.899035,Berlin-22f1,50,14,Normal
2026-02-12 00:13:52.899035,Berlin-22f1,40,52,Normal
2026-02-12 00:13:53.899035,Berlin-22f1,-22,42,Normal
2026-02-12 00:13:54.899035,Berlin-22f1,25,22,Normal
2026-02-12 00:13:55.899035,Berlin-22f1,-6,80,Normal
2026-02-12 00:13:56.899035,Berlin-22f1,-21,13,Normal
2026-02-12 00:13:57.899035,Berlin-22f1,9,81,Normal
2026-02-12 00:13:58.899035,Berlin-22f1,24,49,Normal
2026-02-12 00:13:59.899035,Berlin-22f1,16,59,Normal
2026-02-12 00:14:00.899035,Berlin-22f1,25,81,Normal
2026-02-12 00:14:01.899035,Berlin-22f1,-15,59,Normal
2026-02-12 00:14:02.899035,Berlin-22f1,19,3,Normal
2026-02-12 00:14:03.899035,Berlin-22f1,18,39,Normal
2026-02-12 00:14:04.899035,Berlin-22f1,-17,76,Normal
2026-02-12 00:14:05.899035,Berlin-22f1,-30,79,Normal
2026-02-12 00:14:06.899035,Berlin-22f1,12,6,Normal
2026-02-12 00:14:07.899035,Berlin-22f1,19,1,Normal
2026-02-12 00:14:08.899035,Berlin-22f1,-19,72,Normal
2026-02-12 00:14:09.899035,Berlin-22f1,49,38,Normal
2026-02-12 00:14:10.899035,Berlin-22f1,21,18,Normal
2026-02-12 00:14:11.899035,Berlin-22f1,43,28,Normal
2026-02-12 00:14:12.899035,Berlin-22f1,39,89,Normal
2026-02-12 00:14:13.899035,Berlin-22f1,-4,27,Normal
2026-02-12 00:14:14.899035,Berlin-22f1,6,28,Normal
2026-02-12 00:14:15.899035,Berlin-22f1,14,96,Normal
2026-02-12 00:14:16.899035,Berlin-22f1,19,0,Normal
2026-02-12 00:14:17.899035,Berlin-22f1,33,89,Normal
2026-02-12 00:14:18.899035,Berlin-22f1,-22,10,Normal
2026-02-12 00:14:19.899035,Berlin-22f1,-13,85,Normal
2026-02-12 00:14:20.899035,Berlin-22f1,16,47,Normal
2026-02-12 00:14:21.899035,Berlin-22f1,26,87,Normal
2026-02-12 00:14:22.899035,Berlin-22f1,-5,9,Normal
2026-02-12 00:14:23.899035,Berlin-22f1,-30,40,Normal
2026-02-12 00:14:24.899035,Berlin-22f1,-3,30,Normal
2026-02-12 00:14:25.899035,Berlin-22f1,49,58,Normal
2026-02-12 00:14:26.899035,Berlin-22f1,-11,54,Normal
2026-02-12 00:14:27.899035,Berlin-22f1,30,10,Normal
2026-02-12 00:14:28.899035,Berlin-22f1,15,38,Normal
2026-02-12 00:14:29.899035,Berlin-22f1,-17,60,Normal
2026-02-12 00:14:30.899035,Berlin-22f1,0,58,Normal
2026-02-12 00:14:31.899035,Berlin-22f1,-21,64,Normal
2026-02-12 00:14:32.899035,Berlin-22f1,35,58,Normal
2026-02-12 00:14:33.899035,Berlin-22f1,3,17,Normal
2026-02-12 00:14:34.899035,Berlin-22f1,-27,80,Normal
2026-02-12 00:14:35.899035,Berlin-22f1,-29,48,Normal
2026-02-12 00:14:36.899035,Berlin-22f1,48,80,Normal
2026-02-12 00:14:37.899035,Berlin-22f1,10,95,Normal
2026-02-12 00:14:38.899035,Berlin-22f1,48,10,Normal
2026-02-12 00:14:39.899035,Berlin-22f1,-19,43,Normal
2026-02-12 00:14:40.899035,Berlin-22f1,-16,81,Normal
2026-02-12 00:14:41.899035,Berlin-22f1,-16,80,Normal
2026-02-12 00:14:42.899035,Berlin-22f1,-7,10,Normal
2026-02-12 00:14:43.899035,Berlin-22f1,34,23,Normal
2026-02-12 00:14:44.899035,Berlin-22f1,13,19,Normal
2026-02-12 00:14:45.899035,Berlin-22f1,41,19,Normal
2026-02-12 00:14:46.899035,Berlin-22f1,26,25,Normal
2026-02-12 00:14:47.899035,Berlin-22f1,26,22,Normal
2026-02-12 00:14:48.899035,Berlin-22f1,49,55,Normal
2026-02-12 00:14:49.899035,Berlin-22f1,37,63,Normal
2026-02-12 00:14:50.899035,Berlin-22f1,-26,29,Normal
2026-02-12 00:14:51.899035,Berlin-22f1,3,75,Normal
2026-02-12 00:14:52.899035,Berlin-22f1,2,58,Normal
2026-02-12 00:14:53.899035,Berlin-22f1,8,40,Normal
2026-02-12 00:14:54.899035,Berlin-22f1,-27,67,Normal
2026-02-12 00:14:55.899035,Berlin-22f1,-20,57,Normal
2026-02-12 00:14:56.899035,Berlin-22f1,19,41,Normal
2026-02-12 00:14:57.899035,Berlin-22f1,31,77,Normal
2026-02-12 00:14:58.899035,Berlin-22f1,-6,23,Normal
2026-02-12 00:14:59.899035,Berlin-22f1,8,4,Normal
2026-02-12 00:15:00.899035,Berlin-22f1,-18,57,Normal
2026-02-12 00:15:01.899035,Berlin-22f1,46,73,Normal
2026-02-12 00:15:02.899035,Berlin-22f1,22,23,Normal
2026-02-12 00:15:03.899035,Berlin-22f1,5,5,Normal
2026-02-12 00:15:04.899035,Berlin-22f1,31,93,Normal
2026-02-12 00:15:05.899035,Berlin-22f1,-2,20,Normal
2026-02-12 00:15:06.899035,Berlin-22f1,43,79,Normal
2026-02-12 00:15:07.899035,Berlin-22f1,8,5,Normal
2026-02-12 00:15:08.899035,Berlin-22f1,29,31,Normal
2026-02-12 00:15:09.899035,Berlin-22f1,32,38,Normal
2026-02-12 00:15:10.899035,Berlin-22f1,34,44,Normal
2026-02-12 00:15:11.899035,Berlin-22f1,48,99,Normal
2026-02-12 00:15:12.899035,Berlin-22f1,-2,62,Normal
2026-02-12 00:15:13.899035,Berlin-22f1,31,97,Normal
2026-02-12 00:15:14.899035,Berlin-22f1,28,76,Normal
2026-02-12 00:15:15.899035,Berlin-22f1,-25,86,Normal
2026-02-12 00:15:16.899035,Berlin-22f1,22,7,Normal
2026-02-12 00:15:17.899035,Berlin-22f1,45,18,Normal
2026-02-12 00:15:18.899035,Berlin-22f1,-19,22,Normal
2026-02-12 00:15:19.899035,Berlin-22f1,18,99,Normal
2026-02-12 00:15:20.899035,Berlin-22f1,5,12,Normal
2026-02-12 00:15:21.899035,Berlin-22f1,-19,52,Normal
2026-02-12 00:15:22.899035,Berlin-22f1,47,37,Normal
2026-02-12 00:15:23.899035,Berlin-22f1,18,57,Normal
2026-02-12 00:15:24.899035,Berlin-22f1,38,98,Normal
2026-02-12 00:15:25.899035,Berlin-22f1,34,1,Normal
2026-02-12 00:15:26.899035,Berlin-22f1,-9,39,Normal
2026-02-12 00:15:27.899035,Berlin-22f1,38,60,Normal
2026-02-12 00:15:28.899035,Berlin-22f1,16,89,Normal
2026-02-12 00:15:29.899035,Berlin-22f1,-18,100,Normal
2026-02-12 00:15:30.899035,Berlin-22f1,-10,69,Normal
2026-02-12 00:15:31.899035,Berlin-22f1,-11,68,Normal
2026-02-12 00:15:32.899035,Berlin-22f1,-15,4,Normal
2026-02-12 00:15:33.899035,Berlin-22f1,8,32,Normal
2026-02-12 00:15:34.899035,Berlin-22f1,9,64,Normal
2026-02-12 00:15:35.899035,Berlin-22f1,44,98,Normal
2026-02-12 00:15:36.899035,Berlin-22f1,26,48,Normal
2026-02-12 00:15:37.899035,Berlin-22f1,-20,9,Normal
2026-02-12 00:15:38.899035,Berlin-22f1,7,86,Normal
2026-02-12 00:15:39.899035,Berlin-22f1,-26,8,Normal
2026-02-12 00:15:40.899035,Berlin-22f1,28,61,Normal
2026-02-12 00:15:41.899035,Berlin-22f1,12,83,Normal
2026-02-12 00:15:42.899035,Berlin-22f1,2,29,Normal
2026-02-12 00:15:43.899035,Berlin-22f1,43,18,Normal
2026-02-12 00:15:44.899035,Berlin-22f1,1,40,Normal
2026-02-12 00:15:45.899035,Berlin-22f1,26,37,Normal
2026-02-12 00:15:46.899035,Berlin-22f1,-1,26,Normal
2026-02-12 00:15:47.899035,Berlin-22f1,13,50,Normal
2026-02-12 00:15:48.899035,Berlin-22f1,17,99,Normal
2026-02-12 00:15:49.899035,Berlin-22f1,2,29,Normal
2026-02-12 00:15:50.899035,Berlin-22f1,24,11,Normal
2026-02-12 00:15:51.899035,Berlin-22f1,-7,80,Normal
2026-02-12 00:15:52.899035,Berlin-22f1,33,44,Normal
2026-02-12 00:15:53.899035,Berlin-22f1,7,97,Normal
2026-02-12 00:15:54.899035,Berlin-22f1,-10,20,Normal
2026-02-12 00:15:55.899035,Berlin-22f1,-12,62,Normal
2026-02-12 00:15:56.899035,Berlin-22f1,29,81,Normal
2026-02-12 00:15:57.899035,Berlin-22f1,-2,23,Normal
2026-02-12 00:15:58.899035,Berlin-22f1,4,5,Normal
2026-02-12 00:15:59.899035,Berlin-22f1,19,55,Normal
2026-02-12 00:16:00.899035,Berlin-22f1,27,6,Normal
2026-02-12 00:16:01.899035,Berlin-22f1,45,74,Normal
2026-02-12 00:16:02.899035,Berlin-22f1,-21,76,Normal
2026-02-12 00:16:03.899035,Berlin-22f1,37,10,Normal
2026-02-12 00:16:04.899035,Berlin-22f1,6,33,Normal
2026-02-12 00:16:05.899035,Berlin-22f1,43,80,Normal
2026-02-12 00:16:06.899035,Berlin-22f1,-10,8,Normal
2026-02-12 00:16:07.899035,Berlin-22f1,2,100,Normal
2026-02-12 00:16:08.899035,Berlin-22f1,1,28,Normal
2026-02-12 00:16:09.899035,Berlin-22f1,29,14,Normal
2026-02-12 00:16:10.899035,Berlin-22f1,-28,54,Normal
2026-02-12 00:16:11.899035,Berlin-22f1,20,79,Normal
2026-02-12 00:16:12.899035,Berlin-22f1,42,76,Normal
2026-02-12 00:16:13.899035,Berlin-22f1,5,88,Normal
2026-02-12 00:16:14.899035,Berlin-22f1,3,10,Normal
2026-02-12 00:16:15.899035,Berlin-22f1,-15,98,Normal
2026-02-12 00:16:16.899035,Berlin-22f1,18,32,Normal
2026-02-12 00:16:17.899035,Berlin-22f1,31,60,Normal
2026-02-12 00:16:18.899035,Berlin-22f1,-29,28,Normal
2026-02-12 00:16:19.899035,Berlin-22f1,-26,58,Normal
2026-02-12 00:16:20.899035,Berlin-22f1,43,23,Normal
2026-02-12 00:16:21.899035,Berlin-22f1,50,93,Normal
2026-02-12 00:16:22.899035,Berlin-22f1,5,88,Normal
2026-02-12 00:16:23.899035,Berlin-22f1,-13,11,Normal
2026-02-12 00:16:24.899035,Berlin-22f1,-28,44,Normal
2026-02-12 00:16:25.899035,Berlin-22f1,-24,59,Normal
2026-02-12 00:16:26.899035,Berlin-22f1,34,23,Normal
2026-02-12 00:16:27.899035,Berlin-22f1,-9,100,Normal
2026-02-12 00:16:28.899035,Berlin-22f1,47,86,Normal
2026-02-12 00:16:29.899035,Berlin-22f1,44,55,Normal
2026-02-12 00:16:30.899035,Berlin-22f1,-11,45,Normal
2026-02-12 00:16:31.899035,Berlin-22f1,28,81,Normal
2026-02-12 00:16:32.899035,Berlin-22f1,18,25,Normal
2026-02-12 00:16:33.899035,Berlin-22f1,16,25,Normal
2026-02-12 00:16:34.899035,Berlin-22f1,12,40,Normal
2026-02-12 00:16:35.899035,Berlin-22f1,-20,64,Normal
2026-02-12 00:16:36.899035,Berlin-22f1,-18,66,Normal
2026-02-12 00:16:37.899035,Berlin-22f1,18,26,Normal
2026-02-12 00:16:38.899035,Berlin-22f1,38,98,Normal
2026-02-12 00:16:39.899035,Berlin-22f1,-10,92,Normal
2026-02-12 00:16:40.899035,Berlin-22f1,8,2,Normal
2026-02-12 00:16:41.899035,Berlin-22f1,-25,38,Normal
2026-02-12 00:16:42.899035,Berlin-22f1,-16,10,Normal
2026-02-12 00:16:43.899035,Berlin-22f1,22,36,Normal
2026-02-12 00:16:44.899035,Berlin-22f1,41,8,Normal
2026-02-12 00:16:45.899035,Berlin-22f1,41,9,Normal
2026-02-12 00:16:46.899035,Berlin-22f1,-11,73,Normal
2026-02-12 00:16:47.899035,Berlin-22f1,10,83,Normal
2026-02-12 00:16:48.899035,Berlin-22f1,43,18,Normal
2026-02-12 00:16:49.899035,Berlin-22f1,-11,2,Normal
2026-02-12 00:16:50.899035,Berlin-22f1,-23,34,Normal
2026-02-12 00:16:51.899035,Berlin-22f1,46,77,Normal
2026-02-12 00:16:52.899035,Berlin-22f1,31,67,Normal
2026-02-12 00:16:53.899035,Berlin-22f1,27,64,Normal
2026-02-12 00:16:54.899035,Berlin-22f1,20,59,Normal
2026-02-12 00:16:55.899035,Berlin-22f1,39,53,Normal
2026-02-12 00:16:56.899035,Berlin-22f1,8,70,Normal
2026-02-12 00:16:57.899035,Berlin-22f1,29,39,Normal
2026-02-12 00:16:58.899035,Berlin-22f1,2,54,Normal
2026-02-12 00:16:59.899035,Berlin-22f1,-13,8,Normal
2026-02-12 00:17:00.899035,Berlin-22f1,12,92,Normal
2026-02-12 00:17:01.899035,Berlin-22f1,-24,6,Normal
2026-02-12 00:17:02.899035,Berlin-22f1,3,79,Normal
2026-02-12 00:17:03.899035,Berlin-22f1,-11,57,Normal
2026-02-12 00:17:04.899035,Berlin-22f1,5,44,Normal
2026-02-12 00:17:05.899035,Berlin-22f1,25,9,Normal
2026-02-12 00:17:06.899035,Berlin-22f1,41,15,Normal
2026-02-12 00:17:07.899035,Berlin-22f1,-16,23,Normal
2026-02-12 00:17:08.899035,Berlin-22f1,29,61,Normal
2026-02-12 00:17:09.899035,Berlin-22f1,34,30,Normal
2026-02-12 00:17:10.899035,Berlin-22f1,22,62,Normal
2026-02-12 00:17:11.899035,Berlin-22f1,50,95,Normal
2026-02-12 00:17:12.899035,Berlin-22f1,10,74,Normal
2026-02-12 00:17:13.899035,Berlin-22f1,24,77,Normal
2026-02-12 00:17:14.899035,Berlin-22f1,23,83,Normal
2026-02-12 00:17:15.899035,Berlin-22f1,27,98,Normal
2026-02-12 00:17:16.899035,Berlin-22f1,-13,53,Normal
2026-02-12 00:17:17.899035,Berlin-22f1,-10,8,Normal
2026-02-12 00:17:18.899035,Berlin-22f1,44,90,Normal
2026-02-12 00:17:19.899035,Berlin-22f1,38,10,Normal
2026-02-12 00:17:20.899035,Berlin-22f1,-24,76,Normal
2026-02-12 00:17:21.899035,Berlin-22f1,24,42,Normal
2026-02-12 00:17:22.899035,Berlin-22f1,28,79,Normal
2026-02-12 00:17:23.899035,Berlin-22f1,26,44,Normal
2026-02-12 00:17:24.899035,Berlin-22f1,24,94,Normal
2026-02-12 00:17:25.899035,Berlin-22f1,46,3,Normal
2026-02-12 00:17:26.899035,Berlin-22f1,47,15,Normal
2026-02-12 00:17:27.899035,Berlin-22f1,42,76,Normal
2026-02-12 00:17:28.899035,Berlin-22f1,29,55,Normal
2026-02-12 00:17:29.899035,Berlin-22f1,0,81,Normal
2026-02-12 00:17:30.899035,Berlin-22f1,38,13,Normal
2026-02-12 00:17:31.899035,Berlin-22f1,-14,90,Normal
2026-02-12 00:17:32.899035,Berlin-22f1,-14,1,Normal
2026-02-12 00:17:33.899035,Berlin-22f1,-29,68,Normal
2026-02-12 00:17:34.899035,Berlin-22f1,-24,26,Normal
2026-02-12 00:17:35.899035,Berlin-22f1,27,100,Normal
2026-02-12 00:17:36.899035,Berlin-22f1,4,94,Normal
2026-02-12 00:17:37.899035,Berlin-22f1,50,16,Normal
2026-02-12 00:17:38.899035,Berlin-22f1,18,39,Normal
2026-02-12 00:17:39.899035,Berlin-22f1,6,68,Normal
2026-02-12 00:17:40.899035,Berlin-22f1,-6,44,Normal
2026-02-12 00:17:41.899035,Berlin-22f1,-13,24,Normal
2026-02-12 00:17:42.899035,Berlin-22f1,2,9,Normal
2026-02-12 00:17:43.899035,Berlin-22f1,26,32,Normal
2026-02-12 00:17:44.899035,Berlin-22f1,-15,90,Normal
2026-02-12 00:17:45.899035,Berlin-22f1,-3,91,Normal
2026-02-12 00:17:46.899035,Berlin-22f1,-7,86,Normal
2026-02-12 00:17:47.899035,Berlin-22f1,29,26,Normal
2026-02-12 00:17:48.899035,Berlin-22f1,-29,98,Normal
2026-02-12 00:17:49.899035,Berlin-22f1,-22,22,Normal
2026-02-12 00:17:50.899035,Berlin-22f1,18,52,Normal
2026-02-12 00:17:51.899035,Berlin-22f1,25,16,Normal
2026-02-12 00:17:52.899035,Berlin-22f1,8,82,Normal
2026-02-12 00:17:53.899035,Berlin-22f1,30,40,Normal
2026-02-12 00:17:54.899035,Berlin-22f1,41,87,Normal
2026-02-12 00:17:55.899035,Berlin-22f1,-13,30,Normal
2026-02-12 00:17:56.899035,Berlin-22f1,43,3,Normal
2026-02-12 00:17:57.899035,Berlin-22f1,10,88,Normal
2026-02-12 00:17:58.899035,Berlin-22f1,18,8,Normal
2026-02-12 00:17:59.899035,Berlin-22f1,-19,33,Normal
2026-02-12 00:18:00.899035,Berlin-22f1,40,96,Normal
2026-02-12 00:18:01.899035,Berlin-22f1,14,42,Normal
2026-02-12 00:18:02.899035,Berlin-22f1,41,10,Normal
2026-02-12 00:18:03.899035,Berlin-22f1,25,25,Normal
2026-02-12 00:18:04.899035,Berlin-22f1,-9,37,Normal
2026-02-12 00:18:05.899035,Berlin-22f1,4,67,Normal
2026-02-12 00:18:06.899035,Berlin-22f1,48,68,Normal
2026-02-12 00:18:07.899035,Berlin-22f1,32,90,Normal
2026-02-12 00:18:08.899035,Berlin-22f1,0,58,Normal
2026-02-12 00:18:09.899035,Berlin-22f1,1,23,Normal
2026-02-12 00:18:10.899035,Berlin-22f1,5,6,Normal
2026-02-12 00:18:11.899035,Berlin-22f1,8,99,Normal
2026-02-12 00:18:12.899035,Berlin-22f1,-14,75,Normal
2026-02-12 00:18:13.899035,Berlin-22f1,6,60,Normal
2026-02-12 00:18:14.899035,Berlin-22f1,2,85,Normal
2026-02-12 00:18:15.899035,Berlin-22f1,37,12,Normal
2026-02-12 00:18:16.899035,Berlin-22f1,-6,80,Normal
2026-02-12 00:18:17.899035,Berlin-22f1,-11,90,Normal
2026-02-12 00:18:18.899035,Berlin-22f1,26,56,Normal
2026-02-12 00:18:19.899035,Berlin-22f1,-13,44,Normal
2026-02-12 00:18:20.899035,Berlin-22f1,-30,89,Normal
2026-02-12 00:18:21.899035,Berlin-22f1,-8,14,Normal
2026-02-12 00:18:22.899035,Berlin-22f1,0,98,Normal
2026-02-12 00:18:23.899035,Berlin-22f1,-25,86,Normal
2026-02-12 00:18:24.899035,Berlin-22f1,-30,64,Normal
2026-02-12 00:18:25.899035,Berlin-22f1,17,87,Normal
2026-02-12 00:18:26.899035,Berlin-22f1,22,29,Normal
2026-02-12 00:18:27.899035,Berlin-22f1,-5,35,Normal
2026-02-12 00:18:28.899035,Berlin-22f1,-25,42,Normal
2026-02-12 00:18:29.899035,Berlin-22f1,4,34,Normal
2026-02-12 00:18:30.899035,Berlin-22f1,6,75,Normal
2026-02-12 00:18:31.899035,Berlin-22f1,-11,97,Normal
2026-02-12 00:18:32.899035,Berlin-22f1,-22,79,Normal
2026-02-12 00:18:33.899035,Berlin-22f1,6,42,Normal
2026-02-12 00:18:34.899035,Berlin-22f1,37,39,Normal
2026-02-12 00:18:35.899035,Berlin-22f1,18,44,Normal
2026-02-12 00:18:36.899035,Berlin-22f1,-16,72,Normal
2026-02-12 00:18:37.899035,Berlin-22f1,35,10,Normal
2026-02-12 00:18:38.899035,Berlin-22f1,46,17,Normal
2026-02-12 00:18:39.899035,Berlin-22f1,5,3,Normal
2026-02-12 00:18:40.899035,Berlin-22f1,-21,61,Normal
2026-02-12 00:18:41.899035,Berlin-22f1,0,61,Normal
2026-02-12 00:18:42.899035,Berlin-22f1,43,65,Normal
2026-02-12 00:18:43.899035,Berlin-22f1,32,76,Normal
2026-02-12 00:18:44.899035,Berlin-22f1,29,88,Normal
2026-02-12 00:18:45.899035,Berlin-22f1,-22,26,Normal
2026-02-12 00:18:46.899035,Berlin-22f1,41,70,Normal
2026-02-12 00:18:47.899035,Berlin-22f1,-16,87,Normal
2026-02-12 00:18:48.899035,Berlin-22f1,13,82,Normal
2026-02-12 00:18:49.899035,Berlin-22f1,42,50,Normal
2026-02-12 00:18:50.899035,Berlin-22f1,29,21,Normal
2026-02-12 00:18:51.899035,Berlin-22f1,41,20,Normal
2026-02-12 00:18:52.899035,Berlin-22f1,-25,58,Normal
2026-02-12 00:18:53.899035,Berlin-22f1,49,55,Normal
2026-02-12 00:18:54.899035,Berlin-22f1,49,45,Normal
2026-02-12 00:18:55.899035,Berlin-22f1,33,1,Normal
2026-02-12 00:18:56.899035,Berlin-22f1,-7,63,Normal
2026-02-12 00:18:57.899035,Berlin-22f1,10,22,Normal
2026-02-12 00:18:58.899035,Berlin-22f1,-4,48,Normal
2026-02-12 00:18:59.899035,Berlin-22f1,0,92,Normal
2026-02-12 00:19:00.899035,Berlin-22f1,-10,6,Normal
2026-02-12 00:19:01.899035,Berlin-22f1,25,57,Normal
2026-02-12 00:19:02.899035,Berlin-22f1,-18,1,Normal
2026-02-12 00:19:03.899035,Berlin-22f1,25,57,Normal
2026-02-12 00:19:04.899035,Berlin-22f1,-10,69,Normal
2026-02-12 00:19:05.899035,Berlin-22f1,1,48,Normal
2026-02-12 00:19:06.899035,Berlin-22f1,-24,43,Normal
2026-02-12 00:19:07.899035,Berlin-22f1,-18,18,Normal
2026-02-12 00:19:08.899035,Berlin-22f1,18,30,Normal
2026-02-12 00:19:09.899035,Berlin-22f1,2,39,Normal
2026-02-12 00:19:10.899035,Berlin-22f1,-14,84,Normal
2026-02-12 00:19:11.899035,Berlin-22f1,39,19,Normal
2026-02-12 00:19:12.899035,Berlin-22f1,43,28,Normal
2026-02-12 00:19:13.899035,Berlin-22f1,-9,81,Normal
2026-02-12 00:19:14.899035,Berlin-22f1,31,79,Normal
2026-02-12 00:19:15.899035,Berlin-22f1,47,45,Normal
2026-02-12 00:19:16.899035,Berlin-22f1,-27,80,Normal
2026-02-12 00:19:17.899035,Berlin-22f1,18,47,Normal
2026-02-12 00:19:18.899035,Berlin-22f1,32,85,Normal
2026-02-12 00:19:19.899035,Berlin-22f1,1,91,Normal
2026-02-12 00:19:20.899035,Berlin-22f1,48,100,Normal
2026-02-12 00:19:21.899035,Berlin-22f1,-18,1,Normal
2026-02-12 00:19:22.899035,Berlin-22f1,4,45,Normal
2026-02-12 00:19:23.899035,Berlin-22f1,-15,52,Normal
2026-02-12 00:19:24.899035,Berlin-22f1,24,21,Normal
2026-02-12 00:19:25.899035,Berlin-22f1,34,10,Normal
2026-02-12 00:19:26.899035,Berlin-22f1,-9,90,Normal
2026-02-12 00:19:27.899035,Berlin-22f1,9,77,Normal
2026-02-12 00:19:28.899035,Berlin-22f1,-24,41,Normal
2026-02-12 00:19:29.899035,Berlin-22f1,-21,48,Normal
2026-02-12 00:19:30.899035,Berlin-22f1,42,79,Normal
2026-02-12 00:19:31.899035,Berlin-22f1,5,16,Normal
2026-02-12 00:19:32.899035,Berlin-22f1,-7,84,Normal
2026-02-12 00:19:33.899035,Berlin-22f1,40,43,Normal
2026-02-12 00:19:34.899035,Berlin-22f1,-13,75,Normal
2026-02-12 00:19:35.899035,Berlin-22f1,26,20,Normal
2026-02-12 00:19:36.899035,Berlin-22f1,24,54,Normal
2026-02-12 00:19:37.899035,Berlin-22f1,-22,31,Normal
2026-02-12 00:19:38.899035,Berlin-22f1,49,40,Normal
2026-02-12 00:19:39.899035,Berlin-22f1,34,23,Normal
2026-02-12 00:19:40.899035,Berlin-22f1,25,45,Normal
2026-02-12 00:19:41.899035,Berlin-22f1,14,31,Normal
2026-02-12 00:19:42.899035,Berlin-22f1,18,61,Normal
2026-02-12 00:19:43.899035,Berlin-22f1,38,2,Normal
2026-02-12 00:19:44.899035,Berlin-22f1,-25,61,Normal
2026-02-12 00:19:45.899035,Berlin-22f1,30,32,Normal
2026-02-12 00:19:46.899035,Berlin-22f1,-26,30,Normal
2026-02-12 00:19:47.899035,Berlin-22f1,-12,16,Normal
2026-02-12 00:19:48.899035,Berlin-22f1,-7,62,Normal
2026-02-12 00:19:49.899035,Berlin-22f1,32,85,Normal
2026-02-12 00:19:50.899035,Berlin-22f1,40,78,Normal
2026-02-12 00:19:51.899035,Berlin-22f1,45,87,Normal
2026-02-12 00:19:52.899035,Berlin-22f1,17,74,Normal
2026-02-12 00:19:53.899035,Berlin-22f1,18,93,Normal
2026-02-12 00:19:54.899035,Berlin-22f1,-22,56,Normal
2026-02-12 00:19:55.899035,Berlin-22f1,-8,87,Normal
2026-02-12 00:19:56.899035,Berlin-22f1,-9,91,Normal
2026-02-12 00:19:57.899035,Berlin-22f1,-1,69,Normal
2026-02-12 00:19:58.899035,Berlin-22f1,-29,20,Normal
2026-02-12 00:19:59.899035,Berlin-22f1,-28,21,Normal
2026-02-12 00:20:00.899035,Berlin-22f1,25,9,Normal
2026-02-12 00:20:01.899035,Berlin-22f1,-4,85,Normal
2026-02-12 00:20:02.899035,Berlin-22f1,49,54,Normal
2026-02-12 00:20:03.899035,Berlin-22f1,37,23,Normal
2026-02-12 00:20:04.899035,Berlin-22f1,36,10,Normal
2026-02-12 00:20:05.899035,Berlin-22f1,-24,97,Normal
2026-02-12 00:20:06.899035,Berlin-22f1,-27,94,Normal
2026-02-12 00:20:07.899035,Berlin-22f1,47,56,Normal
2026-02-12 00:20:08.899035,Berlin-22f1,-11,47,Normal
2026-02-12 00:20:09.899035,Berlin-22f1,38,66,Normal
2026-02-12 00:20:10.899035,Berlin-22f1,35,78,Normal
2026-02-12 00:20:11.899035,Berlin-22f1,-10,0,Normal
2026-02-12 00:20:12.899035,Berlin-22f1,-2,74,Normal
2026-02-12 00:20:13.899035,Berlin-22f1,31,23,Normal
2026-02-12 00:20:14.899035,Berlin-22f1,-18,53,Normal
2026-02-12 00:20:15.899035,Berlin-22f1,-20,2,Normal
2026-02-12 00:20:16.899035,Berlin-22f1,17,21,Normal
2026-02-12 00:20:17.899035,Berlin-22f1,-12,98,Normal
2026-02-12 00:20:18.899035,Berlin-22f1,7,12,Normal
2026-02-12 00:20:19.899035,Berlin-22f1,-18,49,Normal
2026-02-12 00:20:20.899035,Berlin-22f1,24,71,Normal
2026-02-12 00:20:21.899035,Berlin-22f1,0,98,Normal
2026-02-12 00:20:22.899035,Berlin-22f1,43,4,Normal
2026-02-12 00:20:23.899035,Berlin-22f1,2,99,Normal
2026-02-12 00:20:24.899035,Berlin-22f1,-26,46,Normal
2026-02-12 00:20:25.899035,Berlin-22f1,20,25,Normal
2026-02-12 00:20:26.899035,Berlin-22f1,25,73,Normal
2026-02-12 00:20:27.899035,Berlin-22f1,-28,97,Normal
2026-02-12 00:20:28.899035,Berlin-22f1,5,15,Normal
2026-02-12 00:20:29.899035,Berlin-22f1,15,13,Normal
2026-02-12 00:20:30.899035,Berlin-22f1,5,77,Normal
2026-02-12 00:20:31.899035,Berlin-22f1,37,62,Normal
2026-02-12 00:20:32.899035,Berlin-22f1,25,57,Normal
2026-02-12 00:20:33.899035,Berlin-22f1,37,2,Normal
2026-02-12 00:20:34.899035,Berlin-22f1,-5,68,Normal
2026-02-12 00:20:35.899035,Berlin-22f1,15,64,Normal
2026-02-12 00:20:36.899035,Berlin-22f1,12,85,Normal
2026-02-12 00:20:37.899035,Berlin-22f1,15,12,Normal
2026-02-12 00:20:38.899035,Berlin-22f1,-10,85,Normal
2026-02-12 00:20:39.899035,Berlin-22f1,41,51,Normal
2026-02-12 00:20:40.899035,Berlin-22f1,-14,84,Normal
2026-02-12 00:20:41.899035,Berlin-22f1,4,58,Normal
2026-02-12 00:20:42.899035,Berlin-22f1,1,86,Normal
2026-02-12 00:20:43.899035,Berlin-22f1,45,31,Normal
2026-02-12 00:20:44.899035,Berlin-22f1,-2,27,Normal
2026-02-12 00:20:45.899035,Berlin-22f1,-8,21,Normal
2026-02-12 00:20:46.899035,Berlin-22f1,1,23,Normal
2026-02-12 00:20:47.899035,Berlin-22f1,-2,90,Normal
2026-02-12 00:20:48.899035,Berlin-22f1,18,66,Normal
2026-02-12 00:20:49.899035,Berlin-22f1,24,99,Normal
2026-02-12 00:20:50.899035,Berlin-22f1,9,10,Normal
2026-02-12 00:20:51.899035,Berlin-22f1,5,16,Normal
2026-02-12 00:20:52.899035,Berlin-22f1,11,20,Normal
2026-02-12 00:20:53.899035,Berlin-22f1,35,64,Normal
2026-02-12 00:20:54.899035,Berlin-22f1,38,31,Normal
2026-02-12 00:20:55.899035,Berlin-22f1,29,57,Normal
2026-02-12 00:20:56.899035,Berlin-22f1,44,38,Normal
2026-02-12 00:20:57.899035,Berlin-22f1,47,46,Normal
2026-02-12 00:20:58.899035,Berlin-22f1,41,12,Normal
2026-02-12 00:20:59.899035,Berlin-22f1,18,8,Normal
2026-02-12 00:21:00.899035,Berlin-22f1,21,10,Normal
2026-02-12 00:21:01.899035,Berlin-22f1,-20,28,Normal
2026-02-12 00:21:02.899035,Berlin-22f1,-6,45,Normal
2026-02-12 00:21:03.899035,Berlin-22f1,-20,21,Normal
2026-02-12 00:21:04.899035,Berlin-22f1,22,83,Normal
2026-02-12 00:21:05.899035,Berlin-22f1,-29,18,Normal
2026-02-12 00:21:06.899035,Berlin-22f1,-24,82,Normal
2026-02-12 00:21:07.899035,Berlin-22f1,21,15,Normal
2026-02-12 00:21:08.899035,Berlin-22f1,19,47,Normal
2026-02-12 00:21:09.899035,Berlin-22f1,9,89,Normal
2026-02-12 00:21:10.899035,Berlin-22f1,34,49,Normal
2026-02-12 00:21:11.899035,Berlin-22f1,-6,82,Normal
2026-02-12 00:21:12.899035,Berlin-22f1,14,42,Normal
2026-02-12 00:21:13.899035,Berlin-22f1,28,44,Normal
2026-02-12 00:21:14.899035,Berlin-22f1,-3,25,Normal
2026-02-12 00:21:15.899035,Berlin-22f1,11,59,Normal
2026-02-12 00:21:16.899035,Berlin-22f1,-20,9,Normal
2026-02-12 00:21:17.899035,Berlin-22f1,-27,50,Normal
2026-02-12 00:21:18.899035,Berlin-22f1,-4,79,Normal
2026-02-12 00:21:19.899035,Berlin-22f1,-6,100,Normal
2026-02-12 00:21:20.899035,Berlin-22f1,-7,60,Normal
2026-02-12 00:21:21.899035,Berlin-22f1,-6,80,Normal
2026-02-12 00:21:22.899035,Berlin-22f1,17,5,Normal
2026-02-12 00:21:23.899035,Berlin-22f1,6,41,Normal
2026-02-12 00:21:24.899035,Berlin-22f1,47,89,Normal
2026-02-12 00:21:25.899035,Berlin-22f1,15,21,Normal
2026-02-12 00:21:26.899035,Berlin-22f1,19,46,Normal
2026-02-12 00:21:27.899035,Berlin-22f1,2,23,Normal
2026-02-12 00:21:28.899035,Berlin-22f1,-11,27,Normal
2026-02-12 00:21:29.899035,Berlin-22f1,34,82,Normal
2026-02-12 00:21:30.899035,Berlin-22f1,19,95,Normal
2026-02-12 00:21:31.899035,Berlin-22f1,-26,20,Normal
2026-02-12 00:21:32.899035,Berlin-22f1,33,23,Normal
2026-02-12 00:21:33.899035,Berlin-22f1,-26,16,Normal
2026-02-12 00:21:34.899035,Berlin-22f1,45,1,Normal
2026-02-12 00:21:35.899035,Berlin-22f1,32,34,Normal
2026-02-12 00:21:36.899035,Berlin-22f1,25,8,Normal
2026-02-12 00:21:37.899035,Berlin-22f1,41,82,Normal
2026-02-12 00:21:38.899035,Berlin-22f1,4,94,Normal
2026-02-12 00:21:39.899035,Berlin-22f1,-2,79,Normal
2026-02-12 00:21:40.899035,Berlin-22f1,21,32,Normal
2026-02-12 00:21:41.899035,Berlin-22f1,-28,15,Normal
2026-02-12 00:21:42.899035,Berlin-22f1,-25,71,Normal
2026-02-12 00:21:43.899035,Berlin-22f1,-10,44,Normal
2026-02-12 00:21:44.899035,Berlin-22f1,6,63,Normal
2026-02-12 00:21:45.899035,Berlin-22f1,19,97,Normal
2026-02-12 00:21:46.899035,Berlin-22f1,22,45,Normal
2026-02-12 00:21:47.899035,Berlin-22f1,33,74,Normal
2026-02-12 00:21:48.899035,Berlin-22f1,-29,44,Normal
2026-02-12 00:21:49.899035,Berlin-22f1,40,29,Normal
2026-02-12 00:21:50.899035,Berlin-22f1,-23,16,Normal
2026-02-12 00:21:51.899035,Berlin-22f1,-6,54,Normal
2026-02-12 00:21:52.899035,Berlin-22f1,17,100,Normal
2026-02-12 00:21:53.899035,Berlin-22f1,-6,84,Normal
2026-02-12 00:21:54.899035,Berlin-22f1,4,4,Normal
2026-02-12 00:21:55.899035,Berlin-22f1,-15,18,Normal
2026-02-12 00:21:56.899035,Berlin-22f1,19,6,Normal
2026-02-12 00:21:57.899035,Berlin-22f1,31,56,Normal
2026-02-12 00:21:58.899035,Berlin-22f1,-23,26,Normal
2026-02-12 00:21:59.899035,Berlin-22f1,-21,24,Normal
2026-02-12 00:22:00.899035,Berlin-22f1,23,7,Normal
2026-02-12 00:22:01.899035,Berlin-22f1,38,12,Normal
2026-02-12 00:22:02.899035,Berlin-22f1,-21,73,Normal
2026-02-12 00:22:03.899035,Berlin-22f1,18,20,Normal
2026-02-12 00:22:04.899035,Berlin-22f1,16,64,Normal
2026-02-12 00:22:05.899035,Berlin-22f1,8,43,Normal
2026-02-12 00:22:06.899035,Berlin-22f1,39,18,Normal
2026-02-12 00:22:07.899035,Berlin-22f1,-30,78,Normal
2026-02-12 00:22:08.899035,Berlin-22f1,-30,30,Normal
2026-02-12 00:22:09.899035,Berlin-22f1,24,40,Normal
2026-02-12 00:22:10.899035,Berlin-22f1,3,14,Normal
2026-02-12 00:22:11.899035,Berlin-22f1,37,15,Normal
2026-02-12 00:22:12.899035,Berlin-22f1,-20,89,Normal
2026-02-12 00:22:13.899035,Berlin-22f1,-12,79,Normal
2026-02-12 00:22:14.899035,Berlin-22f1,-3,53,Normal
2026-02-12 00:22:15.899035,Berlin-22f1,-27,80,Normal
2026-02-12 00:22:16.899035,Berlin-22f1,9,3,Normal
2026-02-12 00:22:17.899035,Berlin-22f1,1,53,Normal
2026-02-12 00:22:18.899035,Berlin-22f1,46,10,Normal
2026-02-12 00:22:19.899035,Berlin-22f1,-8,42,Normal
2026-02-12 00:22:20.899035,Berlin-22f1,47,87,Normal
2026-02-12 00:22:21.899035,Berlin-22f1,21,40,Normal
2026-02-12 00:22:22.899035,Berlin-22f1,16,82,Normal
2026-02-12 00:22:23.899035,Berlin-22f1,37,45,Normal
2026-02-12 00:22:24.899035,Berlin-22f1,11,98,Normal
2026-02-12 00:22:25.899035,Berlin-22f1,-10,28,Normal
2026-02-12 00:22:26.899035,Berlin-22f1,29,76,Normal
2026-02-12 00:22:27.899035,Berlin-22f1,-14,8,Normal
2026-02-12 00:22:28.899035,Berlin-22f1,-9,19,Normal
2026-02-12 00:22:29.899035,Berlin-22f1,-8,9,Normal
2026-02-12 00:22:30.899035,Berlin-22f1,-7,10,Normal
2026-02-12 00:22:31.899035,Berlin-22f1,-17,99,Normal
2026-02-12 00:22:32.899035,Berlin-22f1,-22,90,Normal
2026-02-12 00:22:33.899035,Berlin-22f1,25,56,Normal
2026-02-12 00:22:34.899035,Berlin-22f1,-4,92,Normal
2026-02-12 00:22:35.899035,Berlin-22f1,1,1,Normal
2026-02-12 00:22:36.899035,Berlin-22f1,13,49,Normal
2026-02-12 00:22:37.899035,Berlin-22f1,-4,24,Normal
2026-02-12 00:22:38.899035,Berlin-22f1,-12,60,Normal
2026-02-12 00:22:39.899035,Berlin-22f1,48,91,Normal
2026-02-12 00:22:40.899035,Berlin-22f1,-20,74,Normal
2026-02-12 00:22:41.899035,Berlin-22f1,13,55,Normal
2026-02-12 00:22:42.899035,Berlin-22f1,16,53,Normal
2026-02-12 00:22:43.899035,Berlin-22f1,43,14,Normal
2026-02-12 00:22:44.899035,Berlin-22f1,-23,88,Normal
2026-02-12 00:22:45.899035,Berlin-22f1,42,81,Normal
2026-02-12 00:22:46.899035,Berlin-22f1,32,78,Normal
2026-02-12 00:22:47.899035,Berlin-22f1,-10,64,Normal
2026-02-12 00:22:48.899035,Berlin-22f1,16,51,Normal
2026-02-12 00:22:49.899035,Berlin-22f1,15,83,Normal
2026-02-12 00:22:50.899035,Berlin-22f1,-2,18,Normal
2026-02-12 00:22:51.899035,Berlin-22f1,44,1,Normal
2026-02-12 00:22:52.899035,Berlin-22f1,50,36,Normal
2026-02-12 00:22:53.899035,Berlin-22f1,21,97,Normal
2026-02-12 00:22:54.899035,Berlin-22f1,3,91,Normal
2026-02-12 00:22:55.899035,Berlin-22f1,5,50,Normal
2026-02-12 00:22:56.899035,Berlin-22f1,-14,34,Normal
2026-02-12 00:22:57.899035,Berlin-22f1,-6,70,Normal
2026-02-12 00:22:58.899035,Berlin-22f1,-13,38,Normal
2026-02-12 00:22:59.899035,Berlin-22f1,-22,5,Normal
2026-02-12 00:23:00.899035,Berlin-22f1,-24,26,Normal
2026-02-12 00:23:01.899035,Berlin-22f1,6,95,Normal
2026-02-12 00:23:02.899035,Berlin-22f1,-9,78,Normal
2026-02-12 00:23:03.899035,Berlin-22f1,-12,14,Normal
2026-02-12 00:23:04.899035,Berlin-22f1,-9,82,Normal
2026-02-12 00:23:05.899035,Berlin-22f1,12,29,Normal
2026-02-12 00:23:06.899035,Berlin-22f1,22,89,Normal
2026-02-12 00:23:07.899035,Berlin-22f1,40,30,Normal
2026-02-12 00:23:08.899035,Berlin-22f1,39,0,Normal
2026-02-12 00:23:09.899035,Berlin-22f1,-17,67,Normal
2026-02-12 00:23:10.899035,Berlin-22f1,48,67,Normal
2026-02-12 00:23:11.899035,Berlin-22f1,43,84,Normal
2026-02-12 00:23:12.899035,Berlin-22f1,-9,95,Normal
2026-02-12 00:23:13.899035,Berlin-22f1,10,42,Normal
2026-02-12 00:23:14.899035,Berlin-22f1,1,30,Normal
2026-02-12 00:23:15.899035,Berlin-22f1,6,69,Normal
2026-02-12 00:23:16.899035,Berlin-22f1,-2,80,Normal
2026-02-12 00:23:17.899035,Berlin-22f1,23,99,Normal
2026-02-12 00:23:18.899035,Berlin-22f1,47,72,Normal
2026-02-12 00:23:19.899035,Berlin-22f1,-22,69,Normal
2026-02-12 00:23:20.899035,Berlin-22f1,24,83,Normal
2026-02-12 00:23:21.899035,Berlin-22f1,-16,26,Normal
2026-02-12 00:23:22.899035,Berlin-22f1,-29,52,Normal
2026-02-12 00:23:23.899035,Berlin-22f1,-13,2,Normal
2026-02-12 00:23:24.899035,Berlin-22f1,44,43,Normal
2026-02-12 00:23:25.899035,Berlin-22f1,8,89,Normal
2026-02-12 00:23:26.899035,Berlin-22f1,-7,51,Normal
2026-02-12 00:23:27.899035,Berlin-22f1,36,18,Normal
2026-02-12 00:23:28.899035,Berlin-22f1,-6,77,Normal
2026-02-12 00:23:29.899035,Berlin-22f1,48,78,Normal
2026-02-12 00:23:30.899035,Berlin-22f1,33,91,Normal
2026-02-12 00:23:31.899035,Berlin-22f1,-5,48,Normal
2026-02-12 00:23:32.899035,Berlin-22f1,-12,5,Normal
2026-02-12 00:23:33.899035,Berlin-22f1,40,93,Normal
2026-02-12 00:23:34.899035,Berlin-22f1,11,94,Normal
2026-02-12 00:23:35.899035,Berlin-22f1,24,43,Normal
2026-02-12 00:23:36.899035,Berlin-22f1,-27,61,Normal
2026-02-12 00:23:37.899035,Berlin-22f1,41,46,Normal
2026-02-12 00:23:38.899035,Berlin-22f1,-17,54,Normal
2026-02-12 00:23:39.899035,Berlin-22f1,44,27,Normal
2026-02-12 00:23:40.899035,Berlin-22f1,-27,10,Normal
2026-02-12 00:23:41.899035,Berlin-22f1,4,89,Normal
2026-02-12 00:23:42.899035,Berlin-22f1,-17,50,Normal
2026-02-12 00:23:43.899035,Berlin-22f1,-8,95,Normal
2026-02-12 00:23:44.899035,Berlin-22f1,6,85,Normal
2026-02-12 00:23:45.899035,Berlin-22f1,-13,62,Normal
2026-02-12 00:23:46.899035,Berlin-22f1,50,77,Normal
2026-02-12 00:23:47.899035,Berlin-22f1,-7,9,Normal
2026-02-12 00:23:48.899035,Berlin-22f1,41,4,Normal
2026-02-12 00:23:49.899035,Berlin-22f1,-5,49,Normal
2026-02-12 00:23:50.899035,Berlin-22f1,36,46,Normal
2026-02-12 00:23:51.899035,Berlin-22f1,-1,40,Normal
2026-02-12 00:23:52.899035,Berlin-22f1,-20,65,Normal
2026-02-12 00:23:53.899035,Berlin-22f1,-20,38,Normal
2026-02-12 00:23:54.899035,Berlin-22f1,-8,5,Normal
2026-02-12 00:23:55.899035,Berlin-22f1,10,6,Normal
2026-02-12 00:23:56.899035,Berlin-22f1,-14,26,Normal
2026-02-12 00:23:57.899035,Berlin-22f1,-18,52,Normal
2026-02-12 00:23:58.899035,Berlin-22f1,5,22,Normal
2026-02-12 00:23:59.899035,Berlin-22f1,-30,75,Normal
2026-02-12 00:24:00.899035,Berlin-22f1,-7,64,Normal
2026-02-12 00:24:01.899035,Berlin-22f1,1,35,Normal
2026-02-12 00:24:02.899035,Berlin-22f1,18,47,Normal
2026-02-12 00:24:03.899035,Berlin-22f1,3,84,Normal
2026-02-12 00:24:04.899035,Berlin-22f1,-29,9,Normal
2026-02-12 00:24:05.899035,Berlin-22f1,11,4,Normal
2026-02-12 00:24:06.899035,Berlin-22f1,-23,63,Normal
2026-02-12 00:24:07.899035,Berlin-22f1,-28,25,Normal
2026-02-12 00:24:08.899035,Berlin-22f1,6,0,Normal
2026-02-12 00:24:09.899035,Berlin-22f1,-4,71,Normal
2026-02-12 00:24:10.899035,Berlin-22f1,-1,56,Normal
2026-02-12 00:24:11.899035,Berlin-22f1,-9,16,Normal
2026-02-12 00:24:12.899035,Berlin-22f1,3,91,Normal
2026-02-12 00:24:13.899035,Berlin-22f1,39,3,Normal
2026-02-12 00:24:14.899035,Berlin-22f1,-6,2,Normal
2026-02-12 00:24:15.899035,Berlin-22f1,20,18,Normal
2026-02-12 00:24:16.899035,Berlin-22f1,25,31,Normal
2026-02-12 00:24:17.899035,Berlin-22f1,-11,62,Normal
2026-02-12 00:24:18.899035,Berlin-22f1,-12,66,Normal
2026-02-12 00:24:19.899035,Berlin-22f1,46,33,Normal
2026-02-12 00:24:20.899035,Berlin-22f1,-28,17,Normal
2026-02-12 00:24:21.899035,Berlin-22f1,-20,3,Normal
2026-02-12 00:24:22.899035,Berlin-22f1,26,47,Normal
2026-02-12 00:24:23.899035,Berlin-22f1,1,44,Normal
2026-02-12 00:24:24.899035,Berlin-22f1,9,59,Normal
2026-02-12 00:24:25.899035,Berlin-22f1,13,91,Normal
2026-02-12 00:24:26.899035,Berlin-22f1,-4,17,Normal
2026-02-12 00:24:27.899035,Berlin-22f1,22,57,Normal
2026-02-12 00:24:28.899035,Berlin-22f1,14,42,Normal
2026-02-12 00:24:29.899035,Berlin-22f1,8,48,Normal
2026-02-12 00:24:30.899035,Berlin-22f1,32,10,Normal
2026-02-12 00:24:31.899035,Berlin-22f1,-21,59,Normal
2026-02-12 00:24:32.899035,Berlin-22f1,38,4,Normal
2026-02-12 00:24:33.899035,Berlin-22f1,-18,55,Normal
2026-02-12 00:24:34.899035,Berlin-22f1,41,90,Normal
2026-02-12 00:24:35.899035,Berlin-22f1,-8,55,Normal
2026-02-12 00:24:36.899035,Berlin-22f1,-28,72,Normal
2026-02-12 00:24:37.899035,Berlin-22f1,33,65,Normal
2026-02-12 00:24:38.899035,Berlin-22f1,-1,94,Normal
2026-02-12 00:24:39.899035,Berlin-22f1,22,9,Normal
2026-02-12 00:24:40.899035,Berlin-22f1,-27,41,Normal
2026-02-12 00:24:41.899035,Berlin-22f1,13,41,Normal
2026-02-12 00:24:42.899035,Berlin-22f1,10,87,Normal
2026-02-12 00:24:43.899035,Berlin-22f1,-17,0,Normal
2026-02-12 00:24:44.899035,Berlin-22f1,32,64,Normal
2026-02-12 00:24:45.899035,Berlin-22f1,-13,90,Normal
2026-02-12 00:24:46.899035,Berlin-22f1,-28,18,Normal
2026-02-12 00:24:47.899035,Berlin-22f1,47,34,Normal
2026-02-12 00:24:48.899035,Berlin-22f1,-22,48,Normal
2026-02-12 00:24:49.899035,Berlin-22f1,-5,96,Normal
2026-02-12 00:24:50.899035,Berlin-22f1,22,45,Normal
2026-02-12 00:24:51.899035,Berlin-22f1,-12,68,Normal
2026-02-12 00:24:52.899035,Berlin-22f1,-22,17,Normal
2026-02-12 00:24:53.899035,Berlin-22f1,30,80,Normal
2026-02-12 00:24:54.899035,Berlin-22f1,46,67,Normal
2026-02-12 00:24:55.899035,Berlin-22f1,32,45,Normal
2026-02-12 00:24:56.899035,Berlin-22f1,15,45,Normal
2026-02-12 00:24:57.899035,Berlin-22f1,39,6,Normal
2026-02-12 00:24:58.899035,Berlin-22f1,-22,39,Normal
2026-02-12 00:24:59.899035,Berlin-22f1,9,20,Normal
2026-02-12 00:25:00.899035,Berlin-22f1,31,76,Normal
2026-02-12 00:25:01.899035,Berlin-22f1,-22,94,Normal
2026-02-12 00:25:02.899035,Berlin-22f1,-15,46,Normal
2026-02-12 00:25:03.899035,Berlin-22f1,40,99,Normal
2026-02-12 00:25:04.899035,Berlin-22f1,32,58,Normal
2026-02-12 00:25:05.899035,Berlin-22f1,3,53,Normal
2026-02-12 00:25:06.899035,Berlin-22f1,30,90,Normal
2026-02-12 00:25:07.899035,Berlin-22f1,38,78,Normal
2026-02-12 00:25:08.899035,Berlin-22f1,48,45,Normal
2026-02-12 00:25:09.899035,Berlin-22f1,17,85,Normal
2026-02-12 00:25:10.899035,Berlin-22f1,5,75,Normal
2026-02-12 00:25:11.899035,Berlin-22f1,15,16,Normal
2026-02-12 00:25:12.899035,Berlin-22f1,30,73,Normal
2026-02-12 00:25:13.899035,Berlin-22f1,-20,16,Normal
2026-02-12 00:25:14.899035,Berlin-22f1,-19,86,Normal
2026-02-12 00:25:15.899035,Berlin-22f1,40,19,Normal
2026-02-12 00:25:16.899035,Berlin-22f1,-4,83,Normal
2026-02-12 00:25:17.899035,Berlin-22f1,22,13,Normal
2026-02-12 00:25:18.899035,Berlin-22f1,40,10,Normal
2026-02-12 00:25:19.899035,Berlin-22f1,20,3,Normal
2026-02-12 00:25:20.899035,Berlin-22f1,-12,94,Normal
2026-02-12 00:25:21.899035,Berlin-22f1,15,9,Normal
2026-02-12 00:25:22.899035,Berlin-22f1,31,58,Normal
2026-02-12 00:25:23.899035,Berlin-22f1,17,50,Normal
2026-02-12 00:25:24.899035,Berlin-22f1,5,61,Normal
2026-02-12 00:25:25.899035,Berlin-22f1,13,41,Normal
2026-02-12 00:25:26.899035,Berlin-22f1,27,31,Normal
2026-02-12 00:25:27.899035,Berlin-22f1,-18,6,Normal
2026-02-12 00:25:28.899035,Berlin-22f1,-1,91,Normal
2026-02-12 00:25:29.899035,Berlin-22f1,2,46,Normal
2026-02-12 00:25:30.899035,Berlin-22f1,32,50,Normal
2026-02-12 00:25:31.899035,Berlin-22f1,16,58,Normal
2026-02-12 00:25:32.899035,Berlin-22f1,-21,43,Normal
2026-02-12 00:25:33.899035,Berlin-22f1,-10,18,Normal
2026-02-12 00:25:34.899035,Berlin-22f1,31,53,Normal
2026-02-12 00:25:35.899035,Berlin-22f1,9,68,Normal
2026-02-12 00:25:36.899035,Berlin-22f1,-29,79,Normal
2026-02-12 00:25:37.899035,Berlin-22f1,3,51,Normal
2026-02-12 00:25:38.899035,Berlin-22f1,42,42,Normal
2026-02-12 00:25:39.899035,Berlin-22f1,-11,98,Normal
2026-02-12 00:25:40.899035,Berlin-22f1,39,36,Normal
2026-02-12 00:25:41.899035,Berlin-22f1,-8,76,Normal
2026-02-12 00:25:42.899035,Berlin-22f1,25,55,Normal
2026-02-12 00:25:43.899035,Berlin-22f1,-18,69,Normal
2026-02-12 00:25:44.899035,Berlin-22f1,46,41,Normal
2026-02-12 00:25:45.899035,Berlin-22f1,8,21,Normal
2026-02-12 00:25:46.899035,Berlin-22f1,34,80,Normal
2026-02-12 00:25:47.899035,Berlin-22f1,8,52,Normal
2026-02-12 00:25:48.899035,Berlin-22f1,32,58,Normal
2026-02-12 00:25:49.899035,Berlin-22f1,18,34,Normal
2026-02-12 00:25:50.899035,Berlin-22f1,-4,69,Normal
2026-02-12 00:25:51.899035,Berlin-22f1,13,66,Normal
2026-02-12 00:25:52.899035,Berlin-22f1,42,87,Normal
2026-02-12 00:25:53.899035,Berlin-22f1,25,68,Normal
2026-02-12 00:25:54.899035,Berlin-22f1,12,20,Normal
2026-02-12 00:25:55.899035,Berlin-22f1,-16,6,Normal
2026-02-12 00:25:56.899035,Berlin-22f1,11,3,Normal
2026-02-12 00:25:57.899035,Berlin-22f1,-4,1,Normal
2026-02-12 00:25:58.899035,Berlin-22f1,-7,19,Normal
2026-02-12 00:25:59.899035,Berlin-22f1,14,63,Normal
2026-02-12 00:26:00.899035,Berlin-22f1,44,30,Normal
2026-02-12 00:26:01.899035,Berlin-22f1,-22,7,Normal
2026-02-12 00:26:02.899035,Berlin-22f1,48,84,Normal
2026-02-12 00:26:03.899035,Berlin-22f1,34,99,Normal
2026-02-12 00:26:04.899035,Berlin-22f1,15,35,Normal
2026-02-12 00:26:05.899035,Berlin-22f1,9,26,Normal
2026-02-12 00:26:06.899035,Berlin-22f1,-16,15,Normal
2026-02-12 00:26:07.899035,Berlin-22f1,47,98,Normal
2026-02-12 00:26:08.899035,Berlin-22f1,-3,82,Normal
2026-02-12 00:26:09.899035,Berlin-22f1,-1,20,Normal
2026-02-12 00:26:10.899035,Berlin-22f1,1,14,Normal
2026-02-12 00:26:11.899035,Berlin-22f1,12,58,Normal
2026-02-12 00:26:12.899035,Berlin-22f1,33,100,Normal
2026-02-12 00:26:13.899035,Berlin-22f1,37,51,Normal
2026-02-12 00:26:14.899035,Berlin-22f1,6,84,Normal
2026-02-12 00:26:15.899035,Berlin-22f1,47,87,Normal
2026-02-12 00:26:16.899035,Berlin-22f1,41,2,Normal
2026-02-12 00:26:17.899035,Berlin-22f1,-11,4,Normal
2026-02-12 00:26:18.899035,Berlin-22f1,-6,6,Normal
2026-02-12 00:26:19.899035,Berlin-22f1,13,70,Normal
2026-02-12 00:26:20.899035,Berlin-22f1,-3,2,Normal
2026-02-12 00:26:21.899035,Berlin-22f1,23,82,Normal
2026-02-12 00:26:22.899035,Berlin-22f1,16,22,Normal
2026-02-12 00:26:23.899035,Berlin-22f1,-15,56,Normal
2026-02-12 00:26:24.899035,Berlin-22f1,2,15,Normal
2026-02-12 00:26:25.899035,Berlin-22f1,38,13,Normal
2026-02-12 00:26:26.899035,Berlin-22f1,43,0,Normal
2026-02-12 00:26:27.899035,Berlin-22f1,34,37,Normal
2026-02-12 00:26:28.899035,Berlin-22f1,49,84,Normal
2026-02-12 00:26:29.899035,Berlin-22f1,-8,95,Normal
2026-02-12 00:26:30.899035,Berlin-22f1,20,93,Normal
2026-02-12 00:26:31.899035,Berlin-22f1,24,51,Normal
2026-02-12 00:26:32.899035,Berlin-22f1,17,25,Normal
2026-02-12 00:26:33.899035,Berlin-22f1,21,13,Normal
2026-02-12 00:26:34.899035,Berlin-22f1,-4,99,Normal
2026-02-12 00:26:35.899035,Berlin-22f1,6,97,Normal
2026-02-12 00:26:36.899035,Berlin-22f1,22,6,Normal
2026-02-12 00:26:37.899035,Berlin-22f1,32,12,Normal
2026-02-12 00:26:38.899035,Berlin-22f1,36,5,Normal
2026-02-12 00:26:39.899035,Berlin-22f1,25,99,Normal
2026-02-12 00:26:40.899035,Berlin-22f1,-25,56,Normal
2026-02-12 00:26:41.899035,Berlin-22f1,17,51,Normal
2026-02-12 00:26:42.899035,Berlin-22f1,-30,7,Normal
2026-02-12 00:26:43.899035,Berlin-22f1,40,28,Normal
2026-02-12 00:26:44.899035,Berlin-22f1,31,95,Normal
2026-02-12 00:26:45.899035,Berlin-22f1,21,25,Normal
2026-02-12 00:26:46.899035,Berlin-22f1,3,70,Normal
2026-02-12 00:26:47.899035,Berlin-22f1,26,11,Normal
2026-02-12 00:26:48.899035,Berlin-22f1,-9,28,Normal
2026-02-12 00:26:49.899035,Berlin-22f1,-19,97,Normal
2026-02-12 00:26:50.899035,Berlin-22f1,45,48,Normal
2026-02-12 00:26:51.899035,Berlin-22f1,6,15,Normal
2026-02-12 00:26:52.899035,Berlin-22f1,46,21,Normal
2026-02-12 00:26:53.899035,Berlin-22f1,-20,44,Normal
2026-02-12 00:26:54.899035,Berlin-22f1,-9,73,Normal
2026-02-12 00:26:55.899035,Berlin-22f1,-3,42,Normal
2026-02-12 00:26:56.899035,Berlin-22f1,47,1,Normal
2026-02-12 00:26:57.899035,Berlin-22f1,6,69,Normal
2026-02-12 00:26:58.899035,Berlin-22f1,-18,82,Normal
2026-02-12 00:26:59.899035,Berlin-22f1,-12,65,Normal
2026-02-12 00:27:00.899035,Berlin-22f1,32,72,Normal
2026-02-12 00:27:01.899035,Berlin-22f1,50,14,Normal
2026-02-12 00:27:02.899035,Berlin-22f1,4,38,Normal
2026-02-12 00:27:03.899035,Berlin-22f1,49,46,Normal
2026-02-12 00:27:04.899035,Berlin-22f1,42,30,Normal
2026-02-12 00:27:05.899035,Berlin-22f1,-5,34,Normal
2026-02-12 00:27:06.899035,Berlin-22f1,-4,61,Normal
2026-02-12 00:27:07.899035,Berlin-22f1,10,58,Normal
2026-02-12 00:27:08.899035,Berlin-22f1,49,45,Normal
2026-02-12 00:27:09.899035,Berlin-22f1,8,17,Normal
2026-02-12 00:27:10.899035,Berlin-22f1,36,32,Normal
2026-02-12 00:27:11.899035,Berlin-22f1,-22,89,Normal
2026-02-12 00:27:12.899035,Berlin-22f1,-19,51,Normal
2026-02-12 00:27:13.899035,Berlin-22f1,24,57,Normal
2026-02-12 00:27:14.899035,Berlin-22f1,-3,28,Normal
2026-02-12 00:27:15.899035,Berlin-22f1,-9,64,Normal
2026-02-12 00:27:16.899035,Berlin-22f1,31,47,Normal
2026-02-12 00:27:17.899035,Berlin-22f1,41,2,Normal
2026-02-12 00:27:18.899035,Berlin-22f1,-14,64,Normal
2026-02-12 00:27:19.899035,Berlin-22f1,11,16,Normal
2026-02-12 00:27:20.899035,Berlin-22f1,-15,0,Normal
2026-02-12 00:27:21.899035,Berlin-22f1,-21,14,Normal
2026-02-12 00:27:22.899035,Berlin-22f1,12,13,Normal
2026-02-12 00:27:23.899035,Berlin-22f1,15,1,Normal
2026-02-12 00:27:24.899035,Berlin-22f1,35,43,Normal
2026-02-12 00:27:25.899035,Berlin-22f1,40,91,Normal
2026-02-12 00:27:26.899035,Berlin-22f1,38,78,Normal
2026-02-12 00:27:27.899035,Berlin-22f1,-12,31,Normal
2026-02-12 00:27:28.899035,Berlin-22f1,4,57,Normal
2026-02-12 00:27:29.899035,Berlin-22f1,3,44,Normal
2026-02-12 00:27:30.899035,Berlin-22f1,44,53,Normal
2026-02-12 00:27:31.899035,Berlin-22f1,-7,56,Normal
2026-02-12 00:27:32.899035,Berlin-22f1,49,82,Normal
2026-02-12 00:27:33.899035,Berlin-22f1,25,95,Normal
2026-02-12 00:27:34.899035,Berlin-22f1,5,98,Normal
2026-02-12 00:27:35.899035,Berlin-22f1,27,94,Normal
2026-02-12 00:27:36.899035,Berlin-22f1,-10,40,Normal
2026-02-12 00:27:37.899035,Berlin-22f1,-14,81,Normal
2026-02-12 00:27:38.899035,Berlin-22f1,-26,72,Normal
2026-02-12 00:27:39.899035,Berlin-22f1,40,54,Normal
2026-02-12 00:27:40.899035,Berlin-22f1,-28,33,Normal
2026-02-12 00:27:41.899035,Berlin-22f1,46,24,Normal
2026-02-12 00:27:42.899035,Berlin-22f1,17,76,Normal
2026-02-12 00:27:43.899035,Berlin-22f1,2,60,Normal
2026-02-12 00:27:44.899035,Berlin-22f1,-14,50,Normal
2026-02-12 00:27:45.899035,Berlin-22f1,28,18,Normal
2026-02-12 00:27:46.899035,Berlin-22f1,7,15,Normal
2026-02-12 00:27:47.899035,Berlin-22f1,39,63,Normal
2026-02-12 00:27:48.899035,Berlin-22f1,-19,67,Normal
2026-02-12 00:27:49.899035,Berlin-22f1,49,81,Normal
2026-02-12 00:27:50.899035,Berlin-22f1,-26,69,Normal
2026-02-12 00:27:51.899035,Berlin-22f1,5,5,Normal
2026-02-12 00:27:52.899035,Berlin-22f1,34,48,Normal
2026-02-12 00:27:53.899035,Berlin-22f1,-5,50,Normal
2026-02-12 00:27:54.899035,Berlin-22f1,3,84,Normal
2026-02-12 00:27:55.899035,Berlin-22f1,22,67,Normal
2026-02-12 00:27:56.899035,Berlin-22f1,27,18,Normal
2026-02-12 00:27:57.899035,Berlin-22f1,41,76,Normal
2026-02-12 00:27:58.899035,Berlin-22f1,37,69,Normal
2026-02-12 00:27:59.899035,Berlin-22f1,10,81,Normal
2026-02-12 00:28:00.899035,Berlin-22f1,-25,87,Normal
2026-02-12 00:28:01.899035,Berlin-22f1,5,76,Normal
2026-02-12 00:28:02.899035,Berlin-22f1,2,21,Normal
2026-02-12 00:28:03.899035,Berlin-22f1,36,48,Normal
2026-02-12 00:28:04.899035,Berlin-22f1,34,67,Normal
2026-02-12 00:28:05.899035,Berlin-22f1,-22,32,Normal
2026-02-12 00:28:06.899035,Berlin-22f1,18,84,Normal
2026-02-12 00:28:07.899035,Berlin-22f1,33,64,Normal
2026-02-12 00:28:08.899035,Berlin-22f1,9,45,Normal
2026-02-12 00:28:09.899035,Berlin-22f1,44,9,Normal
2026-02-12 00:28:10.899035,Berlin-22f1,-9,96,Normal
2026-02-12 00:28:11.899035,Berlin-22f1,0,77,Normal
2026-02-12 00:28:12.899035,Berlin-22f1,43,44,Normal
2026-02-12 00:28:13.899035,Berlin-22f1,34,23,Normal
2026-02-12 00:28:14.899035,Berlin-22f1,7,18,Normal
2026-02-12 00:28:15.899035,Berlin-22f1,24,72,Normal
2026-02-12 00:28:16.899035,Berlin-22f1,49,42,Normal
2026-02-12 00:28:17.899035,Berlin-22f1,-29,18,Normal
2026-02-12 00:28:18.899035,Berlin-22f1,26,88,Normal
2026-02-12 00:28:19.899035,Berlin-22f1,-12,1,Normal
2026-02-12 00:28:20.899035,Berlin-22f1,18,1,Normal
2026-02-12 00:28:21.899035,Berlin-22f1,12,15,Normal
2026-02-12 00:28:22.899035,Berlin-22f1,-3,2,Normal
2026-02-12 00:28:23.899035,Berlin-22f1,46,88,Normal
2026-02-12 00:28:24.899035,Berlin-22f1,39,71,Normal
2026-02-12 00:28:25.899035,Berlin-22f1,-24,22,Normal
2026-02-12 00:28:26.899035,Berlin-22f1,-7,70,Normal
2026-02-12 00:28:27.899035,Berlin-22f1,-15,54,Normal
2026-02-12 00:28:28.899035,Berlin-22f1,-19,7,Normal
2026-02-12 00:28:29.899035,Berlin-22f1,15,10,Normal
2026-02-12 00:28:30.899035,Berlin-22f1,-21,29,Normal
2026-02-12 00:28:31.899035,Berlin-22f1,-14,97,Normal
2026-02-12 00:28:32.899035,Berlin-22f1,11,96,Normal
2026-02-12 00:28:33.899035,Berlin-22f1,6,69,Normal
2026-02-12 00:28:34.899035,Berlin-22f1,12,77,Normal
2026-02-12 00:28:35.899035,Berlin-22f1,2,77,Normal
2026-02-12 00:28:36.899035,Berlin-22f1,36,90,Normal
2026-02-12 00:28:37.899035,Berlin-22f1,2,94,Normal
2026-02-12 00:28:38.899035,Berlin-22f1,34,21,Normal
2026-02-12 00:28:39.899035,Berlin-22f1,45,73,Normal
2026-02-12 00:28:40.899035,Berlin-22f1,13,43,Normal
2026-02-12 00:28:41.899035,Berlin-22f1,-18,37,Normal
2026-02-12 00:28:42.899035,Berlin-22f1,-25,66,Normal
2026-02-12 00:28:43.899035,Berlin-22f1,10,62,Normal
2026-02-12 00:28:44.899035,Berlin-22f1,39,25,Normal
2026-02-12 00:28:45.899035,Berlin-22f1,13,78,Normal
2026-02-12 00:28:46.899035,Berlin-22f1,-26,97,Normal
2026-02-12 00:28:47.899035,Berlin-22f1,44,51,Normal
2026-02-12 00:28:48.899035,Berlin-22f1,-10,25,Normal
2026-02-12 00:28:49.899035,Berlin-22f1,-7,31,Normal
2026-02-12 00:28:50.899035,Berlin-22f1,21,51,Normal
2026-02-12 00:28:51.899035,Berlin-22f1,37,86,Normal
2026-02-12 00:28:52.899035,Berlin-22f1,41,99,Normal
2026-02-12 00:28:53.899035,Berlin-22f1,6,49,Normal
2026-02-12 00:28:54.899035,Berlin-22f1,32,13,Normal
2026-02-12 00:28:55.899035,Berlin-22f1,-9,39,Normal
2026-02-12 00:28:56.899035,Berlin-22f1,37,68,Normal
2026-02-12 00:28:57.899035,Berlin-22f1,-16,1,Normal
2026-02-12 00:28:58.899035,Berlin-22f1,22,34,Normal
2026-02-12 00:28:59.899035,Berlin-22f1,-21,32,Normal
2026-02-12 00:29:00.899035,Berlin-22f1,36,1,Normal
2026-02-12 00:29:01.899035,Berlin-22f1,-17,45,Normal
2026-02-12 00:29:02.899035,Berlin-22f1,37,12,Normal
2026-02-12 00:29:03.899035,Berlin-22f1,-16,63,Normal
2026-02-12 00:29:04.899035,Berlin-22f1,25,57,Normal
2026-02-12 00:29:05.899035,Berlin-22f1,-10,61,Normal
2026-02-12 00:29:06.899035,Berlin-22f1,-1,1,Normal
2026-02-12 00:29:07.899035,Berlin-22f1,-4,92,Normal
2026-02-12 00:29:08.899035,Berlin-22f1,47,1,Normal
2026-02-12 00:29:09.899035,Berlin-22f1,-7,81,Normal
2026-02-12 00:29:10.899035,Berlin-22f1,-27,28,Normal
2026-02-12 00:29:11.899035,Berlin-22f1,-1,4,Normal
2026-02-12 00:29:12.899035,Berlin-22f1,50,74,Normal
2026-02-12 00:29:13.899035,Berlin-22f1,-22,58,Normal
2026-02-12 00:29:14.899035,Berlin-22f1,-24,86,Normal
2026-02-12 00:29:15.899035,Berlin-22f1,43,23,Normal
2026-02-12 00:29:16.899035,Berlin-22f1,-8,34,Normal
2026-02-12 00:29:17.899035,Berlin-22f1,4,7,Normal
2026-02-12 00:29:18.899035,Berlin-22f1,35,80,Normal
2026-02-12 00:29:19.899035,Berlin-22f1,38,76,Normal
2026-02-12 00:29:20.899035,Berlin-22f1,-20,51,Normal
2026-02-12 00:29:21.899035,Berlin-22f1,0,37,Normal
2026-02-12 00:29:22.899035,Berlin-22f1,38,39,Normal
2026-02-12 00:29:23.899035,Berlin-22f1,12,45,Normal
2026-02-12 00:29:24.899035,Berlin-22f1,26,3,Normal
2026-02-12 00:29:25.899035,Berlin-22f1,-22,92,Normal
2026-02-12 00:29:26.899035,Berlin-22f1,-23,23,Normal
2026-02-12 00:29:27.899035,Berlin-22f1,9,13,Normal
2026-02-12 00:29:28.899035,Berlin-22f1,6,1,Normal
2026-02-12 00:29:29.899035,Berlin-22f1,-16,52,Normal
2026-02-12 00:29:30.899035,Berlin-22f1,42,27,Normal
2026-02-12 00:29:31.899035,Berlin-22f1,-17,26,Normal
2026-02-12 00:29:32.899035,Berlin-22f1,1,76,Normal
2026-02-12 00:29:33.899035,Berlin-22f1,2,86,Normal
2026-02-12 00:29:34.899035,Berlin-22f1,-2,70,Normal
2026-02-12 00:29:35.899035,Berlin-22f1,-20,41,Normal
2026-02-12 00:29:36.899035,Berlin-22f1,28,91,Normal
2026-02-12 00:29:37.899035,Berlin-22f1,25,13,Normal
2026-02-12 00:29:38.899035,Berlin-22f1,20,97,Normal
2026-02-12 00:29:39.899035,Berlin-22f1,45,42,Normal
2026-02-12 00:29:40.899035,Berlin-22f1,-25,87,Normal
2026-02-12 00:29:41.899035,Berlin-22f1,34,95,Normal
2026-02-12 00:29:42.899035,Berlin-22f1,16,85,Normal
2026-02-12 00:29:43.899035,Berlin-22f1,17,51,Normal
2026-02-12 00:29:44.899035,Berlin-22f1,7,24,Normal
2026-02-12 00:29:45.899035,Berlin-22f1,45,40,Normal
2026-02-12 00:29:46.899035,Berlin-22f1,5,48,Normal
2026-02-12 00:29:47.899035,Berlin-22f1,28,79,Normal
2026-02-12 00:29:48.899035,Berlin-22f1,-27,23,Normal
2026-02-12 00:29:49.899035,Berlin-22f1,28,33,Normal
2026-02-12 00:29:50.899035,Berlin-22f1,-9,67,Normal
2026-02-12 00:29:51.899035,Berlin-22f1,34,16,Normal
2026-02-12 00:29:52.899035,Berlin-22f1,49,29,Normal
2026-02-12 00:29:53.899035,Berlin-22f1,-28,30,Normal
2026-02-12 00:29:54.899035,Berlin-22f1,-28,99,Normal
2026-02-12 00:29:55.899035,Berlin-22f1,41,54,Normal
2026-02-12 00:29:56.899035,Berlin-22f1,-25,62,Normal
2026-02-12 00:29:57.899035,Berlin-22f1,34,14,Normal
2026-02-12 00:29:58.899035,Berlin-22f1,4,66,Normal
2026-02-12 00:29:59.899035,Berlin-22f1,34,28,Normal
2026-02-12 00:30:00.899035,Berlin-22f1,-30,31,Normal
2026-02-12 00:30:01.899035,Berlin-22f1,38,75,Normal
2026-02-12 00:30:02.899035,Berlin-22f1,-14,51,Normal
2026-02-12 00:30:03.899035,Berlin-22f1,41,74,Normal
2026-02-12 00:30:04.899035,Berlin-22f1,31,10,Normal
2026-02-12 00:30:05.899035,Berlin-22f1,10,34,Normal
2026-02-12 00:30:06.899035,Berlin-22f1,20,69,Normal
2026-02-12 00:30:07.899035,Berlin-22f1,-6,84,Normal
2026-02-12 00:30:08.899035,Berlin-22f1,-20,48,Normal
2026-02-12 00:30:09.899035,Berlin-22f1,-2,9,Normal
2026-02-12 00:30:10.899035,Berlin-22f1,-23,51,Normal
2026-02-12 00:30:11.899035,Berlin-22f1,9,28,Normal
2026-02-12 00:30:12.899035,Berlin-22f1,-26,54,Normal
2026-02-12 00:30:13.899035,Berlin-22f1,47,89,Normal
2026-02-12 00:30:14.899035,Berlin-22f1,20,28,Normal
2026-02-12 00:30:15.899035,Berlin-22f1,24,57,Normal
2026-02-12 00:30:16.899035,Berlin-22f1,34,89,Normal
2026-02-12 00:30:17.899035,Berlin-22f1,-7,14,Normal
2026-02-12 00:30:18.899035,Berlin-22f1,-14,66,Normal
2026-02-12 00:30:19.899035,Berlin-22f1,11,12,Normal
2026-02-12 00:30:20.899035,Berlin-22f1,-6,45,Normal
2026-02-12 00:30:21.899035,Berlin-22f1,-2,35,Normal
2026-02-12 00:30:22.899035,Berlin-22f1,-4,12,Normal
2026-02-12 00:30:23.899035,Berlin-22f1,46,52,Normal
2026-02-12 00:30:24.899035,Berlin-22f1,-9,65,Normal
2026-02-12 00:30:25.899035,Berlin-22f1,16,47,Normal
2026-02-12 00:30:26.899035,Berlin-22f1,32,24,Normal
2026-02-12 00:30:27.899035,Berlin-22f1,25,39,Normal
2026-02-12 00:30:28.899035,Berlin-22f1,-30,16,Normal
2026-02-12 00:30:29.899035,Berlin-22f1,-17,100,Normal
2026-02-12 00:30:30.899035,Berlin-22f1,-10,14,Normal
2026-02-12 00:30:31.899035,Berlin-22f1,41,30,Normal
2026-02-12 00:30:32.899035,Berlin-22f1,9,0,Normal
2026-02-12 00:30:33.899035,Berlin-22f1,-4,21,Normal
2026-02-12 00:30:34.899035,Berlin-22f1,7,36,Normal
2026-02-12 00:30:35.899035,Berlin-22f1,-25,52,Normal
2026-02-12 00:30:36.899035,Berlin-22f1,25,45,Normal
2026-02-12 00:30:37.899035,Berlin-22f1,35,35,Normal
2026-02-12 00:30:38.899035,Berlin-22f1,37,53,Normal
2026-02-12 00:30:39.899035,Berlin-22f1,19,3,Normal
2026-02-12 00:30:40.899035,Berlin-22f1,-21,7,Normal
2026-02-12 00:30:41.899035,Berlin-22f1,50,67,Normal
2026-02-12 00:30:42.899035,Berlin-22f1,3,71,Normal
2026-02-12 00:30:43.899035,Berlin-22f1,46,63,Normal
2026-02-12 00:30:44.899035,Berlin-22f1,17,46,Normal
2026-02-12 00:30:45.899035,Berlin-22f1,40,89,Normal
2026-02-12 00:30:46.899035,Berlin-22f1,13,58,Normal
2026-02-12 00:30:47.899035,Berlin-22f1,-15,53,Normal
2026-02-12 00:30:48.899035,Berlin-22f1,48,71,Normal
2026-02-12 00:30:49.899035,Berlin-22f1,-14,4,Normal
2026-02-12 00:30:50.899035,Berlin-22f1,-10,17,Normal
2026-02-12 00:30:51.899035,Berlin-22f1,50,85,Normal
2026-02-12 00:30:52.899035,Berlin-22f1,2,99,Normal
2026-02-12 00:30:53.899035,Berlin-22f1,-15,48,Normal
2026-02-12 00:30:54.899035,Berlin-22f1,35,89,Normal
2026-02-12 00:30:55.899035,Berlin-22f1,15,65,Normal
2026-02-12 00:30:56.899035,Berlin-22f1,18,67,Normal
2026-02-12 00:30:57.899035,Berlin-22f1,31,38,Normal
2026-02-12 00:30:58.899035,Berlin-22f1,15,83,Normal
2026-02-12 00:30:59.899035,Berlin-22f1,29,25,Normal
2026-02-12 00:31:00.899035,Berlin-22f1,28,53,Normal
2026-02-12 00:31:01.899035,Berlin-22f1,6,46,Normal
2026-02-12 00:31:02.899035,Berlin-22f1,-22,99,Normal
2026-02-12 00:31:03.899035,Berlin-22f1,15,40,Normal
2026-02-12 00:31:04.899035,Berlin-22f1,3,66,Normal
2026-02-12 00:31:05.899035,Berlin-22f1,19,34,Normal
2026-02-12 00:31:06.899035,Berlin-22f1,-1,100,Normal
2026-02-12 00:31:07.899035,Berlin-22f1,14,81,Normal
2026-02-12 00:31:08.899035,Berlin-22f1,9,66,Normal
2026-02-12 00:31:09.899035,Berlin-22f1,-13,56,Normal
2026-02-12 00:31:10.899035,Berlin-22f1,-19,31,Normal
2026-02-12 00:31:11.899035,Berlin-22f1,18,5,Normal
2026-02-12 00:31:12.899035,Berlin-22f1,27,51,Normal
2026-02-12 00:31:13.899035,Berlin-22f1,-13,9,Normal
2026-02-12 00:31:14.899035,Berlin-22f1,-28,22,Normal
2026-02-12 00:31:15.899035,Berlin-22f1,15,56,Normal
2026-02-12 00:31:16.899035,Berlin-22f1,-8,89,Normal
2026-02-12 00:31:17.899035,Berlin-22f1,18,37,Normal
2026-02-12 00:31:18.899035,Berlin-22f1,34,47,Normal
2026-02-12 00:31:19.899035,Berlin-22f1,48,98,Normal
2026-02-12 00:31:20.899035,Berlin-22f1,-24,17,Normal
2026-02-12 00:31:21.899035,Berlin-22f1,35,73,Normal
2026-02-12 00:31:22.899035,Berlin-22f1,18,75,Normal
2026-02-12 00:31:23.899035,Berlin-22f1,-21,77,Normal
2026-02-12 00:31:24.899035,Berlin-22f1,-16,35,Normal
2026-02-12 00:31:25.899035,Berlin-22f1,10,17,Normal
2026-02-12 00:31:26.899035,Berlin-22f1,-13,57,Normal
2026-02-12 00:31:27.899035,Berlin-22f1,32,87,Normal
2026-02-12 00:31:28.899035,Berlin-22f1,-8,52,Normal
2026-02-12 00:31:29.899035,Berlin-22f1,23,37,Normal
2026-02-12 00:31:30.899035,Berlin-22f1,-3,7,Normal
2026-02-12 00:31:31.899035,Berlin-22f1,-20,37,Normal
2026-02-12 00:31:32.899035,Berlin-22f1,43,57,Normal
2026-02-12 00:31:33.899035,Berlin-22f1,-14,59,Normal
2026-02-12 00:31:34.899035,Berlin-22f1,42,0,Normal
2026-02-12 00:31:35.899035,Berlin-22f1,-24,50,Normal
2026-02-12 00:31:36.899035,Berlin-22f1,47,70,Normal
2026-02-12 00:31:37.899035,Berlin-22f1,-24,64,Normal
2026-02-12 00:31:38.899035,Berlin-22f1,20,39,Normal
2026-02-12 00:31:39.899035,Berlin-22f1,-14,90,Normal
2026-02-12 00:31:40.899035,Berlin-22f1,24,30,Normal
2026-02-12 00:31:41.899035,Berlin-22f1,-20,67,Normal
2026-02-12 00:31:42.899035,Berlin-22f1,-15,45,Normal
2026-02-12 00:31:43.899035,Berlin-22f1,0,34,Normal
2026-02-12 00:31:44.899035,Berlin-22f1,-15,48,Normal
2026-02-12 00:31:45.899035,Berlin-22f1,2,3,Normal
2026-02-12 00:31:46.899035,Berlin-22f1,35,8,Normal
2026-02-12 00:31:47.899035,Berlin-22f1,15,40,Normal
2026-02-12 00:31:48.899035,Berlin-22f1,9,69,Normal
2026-02-12 00:31:49.899035,Berlin-22f1,-27,4,Normal
2026-02-12 00:31:50.899035,Berlin-22f1,-3,70,Normal
2026-02-12 00:31:51.899035,Berlin-22f1,-17,63,Normal
2026-02-12 00:31:52.899035,Berlin-22f1,28,36,Normal
2026-02-12 00:31:53.899035,Berlin-22f1,41,95,Normal
2026-02-12 00:31:54.899035,Berlin-22f1,29,65,Normal
2026-02-12 00:31:55.899035,Berlin-22f1,-20,35,Normal
2026-02-12 00:31:56.899035,Berlin-22f1,-9,80,Normal
2026-02-12 00:31:57.899035,Berlin-22f1,1,49,Normal
2026-02-12 00:31:58.899035,Berlin-22f1,-2,89,Normal
2026-02-12 00:31:59.899035,Berlin-22f1,12,49,Normal
2026-02-12 00:32:00.899035,Berlin-22f1,29,34,Normal
2026-02-12 00:32:01.899035,Berlin-22f1,4,2,Normal
2026-02-12 00:32:02.899035,Berlin-22f1,6,63,Normal
2026-02-12 00:32:03.899035,Berlin-22f1,31,25,Normal
2026-02-12 00:32:04.899035,Berlin-22f1,43,17,Normal
2026-02-12 00:32:05.899035,Berlin-22f1,27,12,Normal
2026-02-12 00:32:06.899035,Berlin-22f1,2,27,Normal
2026-02-12 00:32:07.899035,Berlin-22f1,-25,47,Normal
2026-02-12 00:32:08.899035,Berlin-22f1,49,37,Normal
2026-02-12 00:32:09.899035,Berlin-22f1,-2,44,Normal
2026-02-12 00:32:10.899035,Berlin-22f1,-1,17,Normal
2026-02-12 00:32:11.899035,Berlin-22f1,15,67,Normal
2026-02-12 00:32:12.899035,Berlin-22f1,1,56,Normal
2026-02-12 00:32:13.899035,Berlin-22f1,33,83,Normal
2026-02-12 00:32:14.899035,Berlin-22f1,-16,53,Normal
2026-02-12 00:32:15.899035,Berlin-22f1,22,16,Normal
2026-02-12 00:32:16.899035,Berlin-22f1,-21,4,Normal
2026-02-12 00:32:17.899035,Berlin-22f1,27,73,Normal
2026-02-12 00:32:18.899035,Berlin-22f1,9,73,Normal
2026-02-12 00:32:19.899035,Berlin-22f1,25,87,Normal
2026-02-12 00:32:20.899035,Berlin-22f1,14,28,Normal
2026-02-12 00:32:21.899035,Berlin-22f1,48,45,Normal
2026-02-12 00:32:22.899035,Berlin-22f1,-1,70,Normal
2026-02-12 00:32:23.899035,Berlin-22f1,-26,44,Normal
2026-02-12 00:32:24.899035,Berlin-22f1,-3,12,Normal
2026-02-12 00:32:25.899035,Berlin-22f1,25,29,Normal
2026-02-12 00:32:26.899035,Berlin-22f1,19,94,Normal
2026-02-12 00:32:27.899035,Berlin-22f1,-1,64,Normal
2026-02-12 00:32:28.899035,Berlin-22f1,39,25,Normal
2026-02-12 00:32:29.899035,Berlin-22f1,-8,62,Normal
2026-02-12 00:32:30.899035,Berlin-22f1,23,5,Normal
2026-02-12 00:32:31.899035,Berlin-22f1,-18,57,Normal
2026-02-12 00:32:32.899035,Berlin-22f1,23,60,Normal
2026-02-12 00:32:33.899035,Berlin-22f1,10,63,Normal
2026-02-12 00:32:34.899035,Berlin-22f1,42,75,Normal
2026-02-12 00:32:35.899035,Berlin-22f1,47,10,Normal
2026-02-12 00:32:36.899035,Berlin-22f1,-8,82,Normal
2026-02-12 00:32:37.899035,Berlin-22f1,34,45,Normal
2026-02-12 00:32:38.899035,Berlin-22f1,31,42,Normal
2026-02-12 00:32:39.899035,Berlin-22f1,32,99,Normal
2026-02-12 00:32:40.899035,Berlin-22f1,-19,37,Normal
2026-02-12 00:32:41.899035,Berlin-22f1,-6,88,Normal
2026-02-12 00:32:42.899035,Berlin-22f1,29,84,Normal
2026-02-12 00:32:43.899035,Berlin-22f1,38,15,Normal
2026-02-12 00:32:44.899035,Berlin-22f1,-20,69,Normal
2026-02-12 00:32:45.899035,Berlin-22f1,39,84,Normal
2026-02-12 00:32:46.899035,Berlin-22f1,36,51,Normal
2026-02-12 00:32:47.899035,Berlin-22f1,9,46,Normal
2026-02-12 00:32:48.899035,Berlin-22f1,29,84,Normal
2026-02-12 00:32:49.899035,Berlin-22f1,43,76,Normal
2026-02-12 00:32:50.899035,Berlin-22f1,1,71,Normal
2026-02-12 00:32:51.899035,Berlin-22f1,9,79,Normal
2026-02-12 00:32:52.899035,Berlin-22f1,-25,34,Normal
2026-02-12 00:32:53.899035,Berlin-22f1,-22,71,Normal
2026-02-12 00:32:54.899035,Berlin-22f1,46,68,Normal
2026-02-12 00:32:55.899035,Berlin-22f1,26,61,Normal
2026-02-12 00:32:56.899035,Berlin-22f1,-10,49,Normal
2026-02-12 00:32:57.899035,Berlin-22f1,-23,90,Normal
2026-02-12 00:32:58.899035,Berlin-22f1,25,47,Normal
2026-02-12 00:32:59.899035,Berlin-22f1,-10,27,Normal
2026-02-12 00:33:00.899035,Berlin-22f1,3,59,Normal
2026-02-12 00:33:01.899035,Berlin-22f1,22,56,Normal
2026-02-12 00:33:02.899035,Berlin-22f1,45,99,Normal
2026-02-12 00:33:03.899035,Berlin-22f1,23,53,Normal
2026-02-12 00:33:04.899035,Berlin-22f1,12,79,Normal
2026-02-12 00:33:05.899035,Berlin-22f1,-29,63,Normal
2026-02-12 00:33:06.899035,Berlin-22f1,-5,96,Normal
2026-02-12 00:33:07.899035,Berlin-22f1,-14,57,Normal
2026-02-12 00:33:08.899035,Berlin-22f1,25,11,Normal
2026-02-12 00:33:09.899035,Berlin-22f1,31,74,Normal
2026-02-12 00:33:10.899035,Berlin-22f1,-20,46,Normal
2026-02-12 00:33:11.899035,Berlin-22f1,8,22,Normal
2026-02-12 00:33:12.899035,Berlin-22f1,47,21,Normal
2026-02-12 00:33:13.899035,Berlin-22f1,40,81,Normal
2026-02-12 00:33:14.899035,Berlin-22f1,-25,18,Normal
2026-02-12 00:33:15.899035,Berlin-22f1,-25,42,Normal
2026-02-12 00:33:16.899035,Berlin-22f1,50,96,Normal
2026-02-12 00:33:17.899035,Berlin-22f1,18,78,Normal
2026-02-12 00:33:18.899035,Berlin-22f1,-3,10,Normal
2026-02-12 00:33:19.899035,Berlin-22f1,26,70,Normal
2026-02-12 00:33:20.899035,Berlin-22f1,-4,78,Normal
2026-02-12 00:33:21.899035,Berlin-22f1,37,82,Normal
2026-02-12 00:33:22.899035,Berlin-22f1,26,37,Normal
2026-02-12 00:33:23.899035,Berlin-22f1,17,30,Normal
2026-02-12 00:33:24.899035,Berlin-22f1,22,6,Normal
2026-02-12 00:33:25.899035,Berlin-22f1,34,22,Normal
