timestamp,station_id,temp,humid,condition
2026-04-28 12:25:54.937861,Paris-7791,-30,100,Normal
2026-04-28 12:25:55.937861,Paris-7791,-14,71,Normal
2026-04-28 12:25:56.937861,Paris-7791,45,41,Normal
2026-04-28 12:25:57.937861,Paris-7791,20,54,Normal
2026-04-28 12:25:58.937861,Paris-7791,2,65,Normal
2026-04-28 12:25:59.937861,Paris-7791,43,28,Normal
2026-04-28 12:26:00.937861,Paris-7791,2,66,Normal
2026-04-28 12:26:01.937861,Paris-7791,-8,40,Normal
2026-04-28 12:26:02.937861,Paris-7791,16,38,Normal
2026-04-28 12:26:03.937861,Paris-7791,-17,70,Normal
2026-04-28 12:26:04.937861,Paris-7791,-10,15,Normal
2026-04-28 12:26:05.937861,Paris-7791,34,42,Normal
2026-04-28 12:26:06.937861,Paris-7791,18,26,Normal
2026-04-28 12:26:07.937861,Paris-7791,-28,49,Normal
2026-04-28 12:26:08.937861,Paris-7791,11,10,Normal
2026-04-28 12:26:09.937861,Paris-7791,50,70,Normal
2026-04-28 12:26:10.937861,Paris-7791,-2,10,Normal
2026-04-28 12:26:11.937861,Paris-7791,26,58,Normal
2026-04-28 12:26:12.937861,Paris-7791,4,12,Normal
2026-04-28 12:26:13.937861,Paris-7791,35,94,Normal
2026-04-28 12:26:14.937861,Paris-7791,-1,92,Normal
2026-04-28 12:26:15.937861,Paris-7791,24,64,Normal
2026-04-28 12:26:16.937861,Paris-7791,4,32,Normal
2026-04-28 12:26:17.937861,Paris-7791,-20,48,Normal
2026-04-28 12:26:18.937861,Paris-7791,2,43,Normal
2026-04-28 12:26:19.937861,Paris-7791,-9,90,Normal
2026-04-28 12:26:20.937861,Paris-7791,19,84,Normal
2026-04-28 12:26:21.937861,Paris-7791,23,28,Normal
2026-04-28 12:26:22.937861,Paris-7791,15,10,Normal
2026-04-28 12:26:23.937861,Paris-7791,-17,58,Normal
2026-04-28 12:26:24.937861,Paris-7791,-13,84,Normal
2026-04-28 12:26:25.937861,Paris-7791,12,36,Normal
2026-04-28 12:26:26.937861,Paris-7791,5,37,Normal
2026-04-28 12:26:27.937861,Paris-7791,-26,79,Normal
2026-04-28 12:26:28.937861,Paris-7791,-14,16,Normal
2026-04-28 12:26:29.937861,Paris-7791,40,81,Normal
2026-04-28 12:26:30.937861,Paris-7791,4,19,Normal
2026-04-28 12:26:31.937861,Paris-7791,-7,2,Normal
2026-04-28 12:26:32.937861,Paris-7791,17,60,Normal
2026-04-28 12:26:33.937861,Paris-7791,46,40,Normal
2026-04-28 12:26:34.937861,Paris-7791,40,16,Normal
2026-04-28 12:26:35.937861,Paris-7791,42,13,Normal
2026-04-28 12:26:36.937861,Paris-7791,28,67,Normal
2026-04-28 12:26:37.937861,Paris-7791,-20,58,Normal
2026-04-28 12:26:38.937861,Paris-7791,-27,55,Normal
2026-04-28 12:26:39.937861,Paris-7791,-12,42,Normal
2026-04-28 12:26:40.937861,Paris-7791,-23,45,Normal
2026-04-28 12:26:41.937861,Paris-7791,-5,83,Normal
2026-04-28 12:26:42.937861,Paris-7791,-8,80,Normal
2026-04-28 12:26:43.937861,Paris-7791,-2,10,Normal
2026-04-28 12:26:44.937861,Paris-7791,39,83,Normal
2026-04-28 12:26:45.937861,Paris-7791,13,18,Normal
2026-04-28 12:26:46.937861,Paris-7791,27,14,Normal
2026-04-28 12:26:47.937861,Paris-7791,38,32,Normal
2026-04-28 12:26:48.937861,Paris-7791,-19,34,Normal
2026-04-28 12:26:49.937861,Paris-7791,25,71,Normal
2026-04-28 12:26:50.937861,Paris-7791,45,10,Normal
2026-04-28 12:26:51.937861,Paris-7791,16,26,Normal
2026-04-28 12:26:52.937861,Paris-7791,41,56,Normal
2026-04-28 12:26:53.937861,Paris-7791,-2,76,Normal
2026-04-28 12:26:54.937861,Paris-7791,-2,90,Normal
2026-04-28 12:26:55.937861,Paris-7791,5,95,Normal
2026-04-28 12:26:56.937861,Paris-7791,13,30,Normal
2026-04-28 12:26:57.937861,Paris-7791,29,99,Normal
2026-04-28 12:26:58.937861,Paris-7791,14,4,Normal
2026-04-28 12:26:59.937861,Paris-7791,33,81,Normal
2026-04-28 12:27:00.937861,Paris-7791,34,40,Normal
2026-04-28 12:27:01.937861,Paris-7791,19,100,Normal
2026-04-28 12:27:02.937861,Paris-7791,-16,60,Normal
2026-04-28 12:27:03.937861,Paris-7791,-23,39,Normal
2026-04-28 12:27:04.937861,Paris-7791,7,25,Normal
2026-04-28 12:27:05.937861,Paris-7791,36,26,Normal
2026-04-28 12:27:06.937861,Paris-7791,32,73,Normal
2026-04-28 12:27:07.937861,Paris-7791,35,43,Normal
2026-04-28 12:27:08.937861,Paris-7791,47,43,Normal
2026-04-28 12:27:09.937861,Paris-7791,-22,89,Normal
2026-04-28 12:27:10.937861,Paris-7791,18,97,Normal
2026-04-28 12:27:11.937861,Paris-7791,-28,0,Normal
2026-04-28 12:27:12.937861,Paris-7791,20,27,Normal
2026-04-28 12:27:13.937861,Paris-7791,-2,22,Normal
2026-04-28 12:27:14.937861,Paris-7791,-29,36,Normal
2026-04-28 12:27:15.937861,Paris-7791,-27,66,Normal
2026-04-28 12:27:16.937861,Paris-7791,39,30,Normal
2026-04-28 12:27:17.937861,Paris-7791,11,68,Normal
2026-04-28 12:27:18.937861,Paris-7791,-30,67,Normal
2026-04-28 12:27:19.937861,Paris-7791,39,12,Normal
2026-04-28 12:27:20.937861,Paris-7791,-24,94,Normal
2026-04-28 12:27:21.937861,Paris-7791,35,4,Normal
2026-04-28 12:27:22.937861,Paris-7791,18,77,Normal
2026-04-28 12:27:23.937861,Paris-7791,-16,24,Normal
2026-04-28 12:27:24.937861,Paris-7791,-3,47,Normal
2026-04-28 12:27:25.937861,Paris-7791,11,54,Normal
2026-04-28 12:27:26.937861,Paris-7791,25,93,Normal
2026-04-28 12:27:27.937861,Paris-7791,-6,70,Normal
2026-04-28 12:27:28.937861,Paris-7791,40,29,Normal
2026-04-28 12:27:29.937861,Paris-7791,33,17,Normal
2026-04-28 12:27:30.937861,Paris-7791,-4,46,Normal
2026-04-28 12:27:31.937861,Paris-7791,-30,36,Normal
2026-04-28 12:27:32.937861,Paris-7791,18,16,Normal
2026-04-28 12:27:33.937861,Paris-7791,49,15,Normal
2026-04-28 12:27:34.937861,Paris-7791,-19,9,Normal
2026-04-28 12:27:35.937861,Paris-7791,44,99,Normal
2026-04-28 12:27:36.937861,Paris-7791,-24,42,Normal
2026-04-28 12:27:37.937861,Paris-7791,13,14,Normal
2026-04-28 12:27:38.937861,Paris-7791,27,79,Normal
2026-04-28 12:27:39.937861,Paris-7791,-20,92,Normal
2026-04-28 12:27:40.937861,Paris-7791,6,38,Normal
2026-04-28 12:27:41.937861,Paris-7791,50,100,Normal
2026-04-28 12:27:42.937861,Paris-7791,-29,75,Normal
2026-04-28 12:27:43.937861,Paris-7791,43,39,Normal
2026-04-28 12:27:44.937861,Paris-7791,43,12,Normal
2026-04-28 12:27:45.937861,Paris-7791,-24,25,Normal
2026-04-28 12:27:46.937861,Paris-7791,-4,81,Normal
2026-04-28 12:27:47.937861,Paris-7791,10,58,Normal
2026-04-28 12:27:48.937861,Paris-7791,3,69,Normal
2026-04-28 12:27:49.937861,Paris-7791,41,95,Normal
2026-04-28 12:27:50.937861,Paris-7791,32,66,Normal
2026-04-28 12:27:51.937861,Paris-7791,-13,7,Normal
2026-04-28 12:27:52.937861,Paris-7791,-26,61,Normal
2026-04-28 12:27:53.937861,Paris-7791,1,78,Normal
2026-04-28 12:27:54.937861,Paris-7791,-3,19,Normal
2026-04-28 12:27:55.937861,Paris-7791,24,72,Normal
2026-04-28 12:27:56.937861,Paris-7791,8,50,Normal
2026-04-28 12:27:57.937861,Paris-7791,7,99,Normal
2026-04-28 12:27:58.937861,Paris-7791,24,36,Normal
2026-04-28 12:27:59.937861,Paris-7791,-23,28,Normal
2026-04-28 12:28:00.937861,Paris-7791,41,24,Normal
2026-04-28 12:28:01.937861,Paris-7791,-1,7,Normal
2026-04-28 12:28:02.937861,Paris-7791,-16,31,Normal
2026-04-28 12:28:03.937861,Paris-7791,7,64,Normal
2026-04-28 12:28:04.937861,Paris-7791,-3,32,Normal
2026-04-28 12:28:05.937861,Paris-7791,-10,59,Normal
2026-04-28 12:28:06.937861,Paris-7791,9,80,Normal
2026-04-28 12:28:07.937861,Paris-7791,49,41,Normal
2026-04-28 12:28:08.937861,Paris-7791,-13,39,Normal
2026-04-28 12:28:09.937861,Paris-7791,-29,66,Normal
2026-04-28 12:28:10.937861,Paris-7791,-28,14,Normal
2026-04-28 12:28:11.937861,Paris-7791,17,65,Normal
2026-04-28 12:28:12.937861,Paris-7791,-19,9,Normal
2026-04-28 12:28:13.937861,Paris-7791,44,42,Normal
2026-04-28 12:28:14.937861,Paris-7791,-16,25,Normal
2026-04-28 12:28:15.937861,Paris-7791,-8,66,Normal
2026-04-28 12:28:16.937861,Paris-7791,-26,32,Normal
2026-04-28 12:28:17.937861,Paris-7791,39,87,Normal
2026-04-28 12:28:18.937861,Paris-7791,-5,12,Normal
2026-04-28 12:28:19.937861,Paris-7791,39,14,Normal
2026-04-28 12:28:20.937861,Paris-7791,-9,41,Normal
2026-04-28 12:28:21.937861,Paris-7791,-16,58,Normal
2026-04-28 12:28:22.937861,Paris-7791,33,37,Normal
2026-04-28 12:28:23.937861,Paris-7791,-6,10,Normal
2026-04-28 12:28:24.937861,Paris-7791,9,94,Normal
2026-04-28 12:28:25.937861,Paris-7791,-6,55,Normal
2026-04-28 12:28:26.937861,Paris-7791,-3,12,Normal
2026-04-28 12:28:27.937861,Paris-7791,-7,39,Normal
2026-04-28 12:28:28.937861,Paris-7791,41,68,Normal
2026-04-28 12:28:29.937861,Paris-7791,-7,50,Normal
2026-04-28 12:28:30.937861,Paris-7791,-22,29,Normal
2026-04-28 12:28:31.937861,Paris-7791,-12,98,Normal
2026-04-28 12:28:32.937861,Paris-7791,10,19,Normal
2026-04-28 12:28:33.937861,Paris-7791,-30,94,Normal
2026-04-28 12:28:34.937861,Paris-7791,47,89,Normal
2026-04-28 12:28:35.937861,Paris-7791,-2,49,Normal
2026-04-28 12:28:36.937861,Paris-7791,18,35,Normal
2026-04-28 12:28:37.937861,Paris-7791,46,71,Normal
2026-04-28 12:28:38.937861,Paris-7791,27,39,Normal
2026-04-28 12:28:39.937861,Paris-7791,-25,78,Normal
2026-04-28 12:28:40.937861,Paris-7791,14,32,Normal
2026-04-28 12:28:41.937861,Paris-7791,34,24,Normal
2026-04-28 12:28:42.937861,Paris-7791,-3,19,Normal
2026-04-28 12:28:43.937861,Paris-7791,-12,36,Normal
2026-04-28 12:28:44.937861,Paris-7791,2,22,Normal
2026-04-28 12:28:45.937861,Paris-7791,28,94,Normal
2026-04-28 12:28:46.937861,Paris-7791,22,4,Normal
2026-04-28 12:28:47.937861,Paris-7791,24,71,Normal
2026-04-28 12:28:48.937861,Paris-7791,9,18,Normal
2026-04-28 12:28:49.937861,Paris-7791,24,29,Normal
2026-04-28 12:28:50.937861,Paris-7791,-29,4,Normal
2026-04-28 12:28:51.937861,Paris-7791,44,51,Normal
2026-04-28 12:28:52.937861,Paris-7791,-20,50,Normal
2026-04-28 12:28:53.937861,Paris-7791,-21,56,Normal
2026-04-28 12:28:54.937861,Paris-7791,22,55,Normal
2026-04-28 12:28:55.937861,Paris-7791,-24,28,Normal
2026-04-28 12:28:56.937861,Paris-7791,46,28,Normal
2026-04-28 12:28:57.937861,Paris-7791,44,84,Normal
2026-04-28 12:28:58.937861,Paris-7791,7,17,Normal
2026-04-28 12:28:59.937861,Paris-7791,11,50,Normal
2026-04-28 12:29:00.937861,Paris-7791,39,63,Normal
2026-04-28 12:29:01.937861,Paris-7791,9,58,Normal
2026-04-28 12:29:02.937861,Paris-7791,40,91,Normal
2026-04-28 12:29:03.937861,Paris-7791,31,61,Normal
2026-04-28 12:29:04.937861,Paris-7791,18,60,Normal
2026-04-28 12:29:05.937861,Paris-7791,-17,74,Normal
2026-04-28 12:29:06.937861,Paris-7791,38,11,Normal
2026-04-28 12:29:07.937861,Paris-7791,-27,34,Normal
2026-04-28 12:29:08.937861,Paris-7791,-18,68,Normal
2026-04-28 12:29:09.937861,Paris-7791,17,80,Normal
2026-04-28 12:29:10.937861,Paris-7791,42,45,Normal
2026-04-28 12:29:11.937861,Paris-7791,-2,18,Normal
2026-04-28 12:29:12.937861,Paris-7791,5,62,Normal
2026-04-28 12:29:13.937861,Paris-7791,-16,19,Normal
2026-04-28 12:29:14.937861,Paris-7791,-18,2,Normal
2026-04-28 12:29:15.937861,Paris-7791,38,53,Normal
2026-04-28 12:29:16.937861,Paris-7791,11,42,Normal
2026-04-28 12:29:17.937861,Paris-7791,18,66,Normal
2026-04-28 12:29:18.937861,Paris-7791,4,7,Normal
2026-04-28 12:29:19.937861,Paris-7791,16,38,Normal
2026-04-28 12:29:20.937861,Paris-7791,11,61,Normal
2026-04-28 12:29:21.937861,Paris-7791,-12,32,Normal
2026-04-28 12:29:22.937861,Paris-7791,11,75,Normal
2026-04-28 12:29:23.937861,Paris-7791,0,31,Normal
2026-04-28 12:29:24.937861,Paris-7791,30,83,Normal
2026-04-28 12:29:25.937861,Paris-7791,15,45,Normal
2026-04-28 12:29:26.937861,Paris-7791,37,45,Normal
2026-04-28 12:29:27.937861,Paris-7791,-23,50,Normal
2026-04-28 12:29:28.937861,Paris-7791,42,9,Normal
2026-04-28 12:29:29.937861,Paris-7791,38,3,Normal
2026-04-28 12:29:30.937861,Paris-7791,21,10,Normal
2026-04-28 12:29:31.937861,Paris-7791,28,76,Normal
2026-04-28 12:29:32.937861,Paris-7791,11,58,Normal
2026-04-28 12:29:33.937861,Paris-7791,47,14,Normal
2026-04-28 12:29:34.937861,Paris-7791,-10,20,Normal
2026-04-28 12:29:35.937861,Paris-7791,5,49,Normal
2026-04-28 12:29:36.937861,Paris-7791,4,37,Normal
2026-04-28 12:29:37.937861,Paris-7791,-25,11,Normal
2026-04-28 12:29:38.937861,Paris-7791,31,43,Normal
2026-04-28 12:29:39.937861,Paris-7791,0,54,Normal
2026-04-28 12:29:40.937861,Paris-7791,-9,89,Normal
2026-04-28 12:29:41.937861,Paris-7791,14,91,Normal
2026-04-28 12:29:42.937861,Paris-7791,1,75,Normal
2026-04-28 12:29:43.937861,Paris-7791,46,53,Normal
2026-04-28 12:29:44.937861,Paris-7791,-23,34,Normal
2026-04-28 12:29:45.937861,Paris-7791,39,15,Normal
2026-04-28 12:29:46.937861,Paris-7791,-2,48,Normal
2026-04-28 12:29:47.937861,Paris-7791,-17,34,Normal
2026-04-28 12:29:48.937861,Paris-7791,17,86,Normal
2026-04-28 12:29:49.937861,Paris-7791,9,74,Normal
2026-04-28 12:29:50.937861,Paris-7791,29,48,Normal
2026-04-28 12:29:51.937861,Paris-7791,-2,39,Normal
2026-04-28 12:29:52.937861,Paris-7791,-18,91,Normal
2026-04-28 12:29:53.937861,Paris-7791,-7,16,Normal
2026-04-28 12:29:54.937861,Paris-7791,23,25,Normal
2026-04-28 12:29:55.937861,Paris-7791,37,31,Normal
2026-04-28 12:29:56.937861,Paris-7791,26,42,Normal
2026-04-28 12:29:57.937861,Paris-7791,1,79,Normal
2026-04-28 12:29:58.937861,Paris-7791,-2,40,Normal
2026-04-28 12:29:59.937861,Paris-7791,47,6,Normal
2026-04-28 12:30:00.937861,Paris-7791,28,79,Normal
2026-04-28 12:30:01.937861,Paris-7791,-24,27,Normal
2026-04-28 12:30:02.937861,Paris-7791,-28,36,Normal
2026-04-28 12:30:03.937861,Paris-7791,21,1,Normal
2026-04-28 12:30:04.937861,Paris-7791,-6,52,Normal
2026-04-28 12:30:05.937861,Paris-7791,32,81,Normal
2026-04-28 12:30:06.937861,Paris-7791,35,14,Normal
2026-04-28 12:30:07.937861,Paris-7791,4,50,Normal
2026-04-28 12:30:08.937861,Paris-7791,-13,0,Normal
2026-04-28 12:30:09.937861,Paris-7791,48,66,Normal
2026-04-28 12:30:10.937861,Paris-7791,46,48,Normal
2026-04-28 12:30:11.937861,Paris-7791,40,70,Normal
2026-04-28 12:30:12.937861,Paris-7791,39,16,Normal
2026-04-28 12:30:13.937861,Paris-7791,47,42,Normal
2026-04-28 12:30:14.937861,Paris-7791,-9,9,Normal
2026-04-28 12:30:15.937861,Paris-7791,-14,59,Normal
2026-04-28 12:30:16.937861,Paris-7791,34,74,Normal
2026-04-28 12:30:17.937861,Paris-7791,21,92,Normal
2026-04-28 12:30:18.937861,Paris-7791,50,27,Normal
2026-04-28 12:30:19.937861,Paris-7791,-10,81,Normal
2026-04-28 12:30:20.937861,Paris-7791,-13,51,Normal
2026-04-28 12:30:21.937861,Paris-7791,-18,11,Normal
2026-04-28 12:30:22.937861,Paris-7791,33,72,Normal
2026-04-28 12:30:23.937861,Paris-7791,-1,59,Normal
2026-04-28 12:30:24.937861,Paris-7791,11,41,Normal
2026-04-28 12:30:25.937861,Paris-7791,-7,12,Normal
2026-04-28 12:30:26.937861,Paris-7791,43,34,Normal
2026-04-28 12:30:27.937861,Paris-7791,-18,43,Normal
2026-04-28 12:30:28.937861,Paris-7791,38,59,Normal
2026-04-28 12:30:29.937861,Paris-7791,-23,12,Normal
2026-04-28 12:30:30.937861,Paris-7791,23,11,Normal
2026-04-28 12:30:31.937861,Paris-7791,30,76,Normal
2026-04-28 12:30:32.937861,Paris-7791,-21,64,Normal
2026-04-28 12:30:33.937861,Paris-7791,42,94,Normal
2026-04-28 12:30:34.937861,Paris-7791,-8,64,Normal
2026-04-28 12:30:35.937861,Paris-7791,23,10,Normal
2026-04-28 12:30:36.937861,Paris-7791,8,5,Normal
2026-04-28 12:30:37.937861,Paris-7791,47,21,Normal
2026-04-28 12:30:38.937861,Paris-7791,35,88,Normal
2026-04-28 12:30:39.937861,Paris-7791,28,57,Normal
2026-04-28 12:30:40.937861,Paris-7791,-5,94,Normal
2026-04-28 12:30:41.937861,Paris-7791,-26,94,Normal
2026-04-28 12:30:42.937861,Paris-7791,15,93,Normal
2026-04-28 12:30:43.937861,Paris-7791,-17,37,Normal
2026-04-28 12:30:44.937861,Paris-7791,11,61,Normal
2026-04-28 12:30:45.937861,Paris-7791,-13,20,Normal
2026-04-28 12:30:46.937861,Paris-7791,-17,65,Normal
2026-04-28 12:30:47.937861,Paris-7791,7,20,Normal
2026-04-28 12:30:48.937861,Paris-7791,-17,66,Normal
2026-04-28 12:30:49.937861,Paris-7791,3,62,Normal
2026-04-28 12:30:50.937861,Paris-7791,10,3,Normal
2026-04-28 12:30:51.937861,Paris-7791,5,74,Normal
2026-04-28 12:30:52.937861,Paris-7791,-3,13,Normal
2026-04-28 12:30:53.937861,Paris-7791,-20,96,Normal
2026-04-28 12:30:54.937861,Paris-7791,31,74,Normal
2026-04-28 12:30:55.937861,Paris-7791,37,51,Normal
2026-04-28 12:30:56.937861,Paris-7791,0,17,Normal
2026-04-28 12:30:57.937861,Paris-7791,-26,18,Normal
2026-04-28 12:30:58.937861,Paris-7791,-16,75,Normal
2026-04-28 12:30:59.937861,Paris-7791,-25,81,Normal
2026-04-28 12:31:00.937861,Paris-7791,-23,26,Normal
2026-04-28 12:31:01.937861,Paris-7791,-15,58,Normal
2026-04-28 12:31:02.937861,Paris-7791,2,38,Normal
2026-04-28 12:31:03.937861,Paris-7791,-10,30,Normal
2026-04-28 12:31:04.937861,Paris-7791,24,21,Normal
2026-04-28 12:31:05.937861,Paris-7791,8,37,Normal
2026-04-28 12:31:06.937861,Paris-7791,38,61,Normal
2026-04-28 12:31:07.937861,Paris-7791,19,97,Normal
2026-04-28 12:31:08.937861,Paris-7791,25,23,Normal
2026-04-28 12:31:09.937861,Paris-7791,7,78,Normal
2026-04-28 12:31:10.937861,Paris-7791,44,40,Normal
2026-04-28 12:31:11.937861,Paris-7791,-12,33,Normal
2026-04-28 12:31:12.937861,Paris-7791,31,17,Normal
2026-04-28 12:31:13.937861,Paris-7791,-13,45,Normal
2026-04-28 12:31:14.937861,Paris-7791,32,82,Normal
2026-04-28 12:31:15.937861,Paris-7791,39,56,Normal
2026-04-28 12:31:16.937861,Paris-7791,-9,67,Normal
2026-04-28 12:31:17.937861,Paris-7791,-12,73,Normal
2026-04-28 12:31:18.937861,Paris-7791,48,2,Normal
2026-04-28 12:31:19.937861,Paris-7791,37,74,Normal
2026-04-28 12:31:20.937861,Paris-7791,-7,12,Normal
2026-04-28 12:31:21.937861,Paris-7791,-6,23,Normal
2026-04-28 12:31:22.937861,Paris-7791,35,88,Normal
2026-04-28 12:31:23.937861,Paris-7791,18,75,Normal
2026-04-28 12:31:24.937861,Paris-7791,28,34,Normal
2026-04-28 12:31:25.937861,Paris-7791,-23,63,Normal
2026-04-28 12:31:26.937861,Paris-7791,-13,92,Normal
2026-04-28 12:31:27.937861,Paris-7791,24,45,Normal
2026-04-28 12:31:28.937861,Paris-7791,35,92,Normal
2026-04-28 12:31:29.937861,Paris-7791,-2,52,Normal
2026-04-28 12:31:30.937861,Paris-7791,8,6,Normal
2026-04-28 12:31:31.937861,Paris-7791,-20,48,Normal
2026-04-28 12:31:32.937861,Paris-7791,8,38,Normal
2026-04-28 12:31:33.937861,Paris-7791,48,50,Normal
2026-04-28 12:31:34.937861,Paris-7791,-30,71,Normal
2026-04-28 12:31:35.937861,Paris-7791,-4,44,Normal
2026-04-28 12:31:36.937861,Paris-7791,5,10,Normal
2026-04-28 12:31:37.937861,Paris-7791,-24,60,Normal
2026-04-28 12:31:38.937861,Paris-7791,46,32,Normal
2026-04-28 12:31:39.937861,Paris-7791,-9,3,Normal
2026-04-28 12:31:40.937861,Paris-7791,-19,66,Normal
2026-04-28 12:31:41.937861,Paris-7791,-13,62,Normal
2026-04-28 12:31:42.937861,Paris-7791,7,55,Normal
2026-04-28 12:31:43.937861,Paris-7791,9,68,Normal
2026-04-28 12:31:44.937861,Paris-7791,33,95,Normal
2026-04-28 12:31:45.937861,Paris-7791,31,48,Normal
2026-04-28 12:31:46.937861,Paris-7791,31,25,Normal
2026-04-28 12:31:47.937861,Paris-7791,6,94,Normal
2026-04-28 12:31:48.937861,Paris-7791,4,91,Normal
2026-04-28 12:31:49.937861,Paris-7791,35,87,Normal
2026-04-28 12:31:50.937861,Paris-7791,44,35,Normal
2026-04-28 12:31:51.937861,Paris-7791,6,7,Normal
2026-04-28 12:31:52.937861,Paris-7791,-8,45,Normal
2026-04-28 12:31:53.937861,Paris-7791,-2,13,Normal
2026-04-28 12:31:54.937861,Paris-7791,-12,26,Normal
2026-04-28 12:31:55.937861,Paris-7791,-24,96,Normal
2026-04-28 12:31:56.937861,Paris-7791,34,31,Normal
2026-04-28 12:31:57.937861,Paris-7791,-13,67,Normal
2026-04-28 12:31:58.937861,Paris-7791,-5,52,Normal
2026-04-28 12:31:59.937861,Paris-7791,23,69,Normal
2026-04-28 12:32:00.937861,Paris-7791,13,89,Normal
2026-04-28 12:32:01.937861,Paris-7791,17,35,Normal
2026-04-28 12:32:02.937861,Paris-7791,-20,13,Normal
2026-04-28 12:32:03.937861,Paris-7791,-4,44,Normal
2026-04-28 12:32:04.937861,Paris-7791,43,44,Normal
2026-04-28 12:32:05.937861,Paris-7791,-19,66,Normal
2026-04-28 12:32:06.937861,Paris-7791,14,41,Normal
2026-04-28 12:32:07.937861,Paris-7791,-2,88,Normal
2026-04-28 12:32:08.937861,Paris-7791,27,54,Normal
2026-04-28 12:32:09.937861,Paris-7791,21,100,Normal
2026-04-28 12:32:10.937861,Paris-7791,49,97,Normal
2026-04-28 12:32:11.937861,Paris-7791,49,50,Normal
2026-04-28 12:32:12.937861,Paris-7791,-7,51,Normal
2026-04-28 12:32:13.937861,Paris-7791,-27,11,Normal
2026-04-28 12:32:14.937861,Paris-7791,43,58,Normal
2026-04-28 12:32:15.937861,Paris-7791,43,29,Normal
2026-04-28 12:32:16.937861,Paris-7791,19,0,Normal
2026-04-28 12:32:17.937861,Paris-7791,26,75,Normal
2026-04-28 12:32:18.937861,Paris-7791,-22,75,Normal
2026-04-28 12:32:19.937861,Paris-7791,22,5,Normal
2026-04-28 12:32:20.937861,Paris-7791,20,99,Normal
2026-04-28 12:32:21.937861,Paris-7791,-21,56,Normal
2026-04-28 12:32:22.937861,Paris-7791,14,30,Normal
2026-04-28 12:32:23.937861,Paris-7791,-28,31,Normal
2026-04-28 12:32:24.937861,Paris-7791,-21,96,Normal
2026-04-28 12:32:25.937861,Paris-7791,-11,72,Normal
2026-04-28 12:32:26.937861,Paris-7791,9,33,Normal
2026-04-28 12:32:27.937861,Paris-7791,-30,43,Normal
2026-04-28 12:32:28.937861,Paris-7791,21,66,Normal
2026-04-28 12:32:29.937861,Paris-7791,44,22,Normal
2026-04-28 12:32:30.937861,Paris-7791,-24,42,Normal
2026-04-28 12:32:31.937861,Paris-7791,-10,21,Normal
2026-04-28 12:32:32.937861,Paris-7791,37,69,Normal
2026-04-28 12:32:33.937861,Paris-7791,11,33,Normal
2026-04-28 12:32:34.937861,Paris-7791,39,29,Normal
2026-04-28 12:32:35.937861,Paris-7791,40,20,Normal
2026-04-28 12:32:36.937861,Paris-7791,44,1,Normal
2026-04-28 12:32:37.937861,Paris-7791,-25,4,Normal
2026-04-28 12:32:38.937861,Paris-7791,-28,27,Normal
2026-04-28 12:32:39.937861,Paris-7791,-22,21,Normal
2026-04-28 12:32:40.937861,Paris-7791,49,41,Normal
2026-04-28 12:32:41.937861,Paris-7791,33,4,Normal
2026-04-28 12:32:42.937861,Paris-7791,37,83,Normal
2026-04-28 12:32:43.937861,Paris-7791,19,52,Normal
2026-04-28 12:32:44.937861,Paris-7791,-16,82,Normal
2026-04-28 12:32:45.937861,Paris-7791,-27,60,Normal
2026-04-28 12:32:46.937861,Paris-7791,-7,51,Normal
2026-04-28 12:32:47.937861,Paris-7791,-24,89,Normal
2026-04-28 12:32:48.937861,Paris-7791,39,77,Normal
2026-04-28 12:32:49.937861,Paris-7791,12,5,Normal
2026-04-28 12:32:50.937861,Paris-7791,20,100,Normal
2026-04-28 12:32:51.937861,Paris-7791,33,79,Normal
2026-04-28 12:32:52.937861,Paris-7791,41,94,Normal
2026-04-28 12:32:53.937861,Paris-7791,8,13,Normal
2026-04-28 12:32:54.937861,Paris-7791,-16,35,Normal
2026-04-28 12:32:55.937861,Paris-7791,-8,82,Normal
2026-04-28 12:32:56.937861,Paris-7791,21,84,Normal
2026-04-28 12:32:57.937861,Paris-7791,-10,1,Normal
2026-04-28 12:32:58.937861,Paris-7791,27,63,Normal
2026-04-28 12:32:59.937861,Paris-7791,13,26,Normal
2026-04-28 12:33:00.937861,Paris-7791,-1,1,Normal
2026-04-28 12:33:01.937861,Paris-7791,-4,95,Normal
2026-04-28 12:33:02.937861,Paris-7791,2,32,Normal
2026-04-28 12:33:03.937861,Paris-7791,-14,48,Normal
2026-04-28 12:33:04.937861,Paris-7791,3,22,Normal
2026-04-28 12:33:05.937861,Paris-7791,-18,19,Normal
2026-04-28 12:33:06.937861,Paris-7791,26,98,Normal
2026-04-28 12:33:07.937861,Paris-7791,8,0,Normal
2026-04-28 12:33:08.937861,Paris-7791,-10,87,Normal
2026-04-28 12:33:09.937861,Paris-7791,-23,48,Normal
2026-04-28 12:33:10.937861,Paris-7791,19,16,Normal
2026-04-28 12:33:11.937861,Paris-7791,-3,3,Normal
2026-04-28 12:33:12.937861,Paris-7791,-25,9,Normal
2026-04-28 12:33:13.937861,Paris-7791,-29,84,Normal
2026-04-28 12:33:14.937861,Paris-7791,33,94,Normal
2026-04-28 12:33:15.937861,Paris-7791,33,77,Normal
2026-04-28 12:33:16.937861,Paris-7791,28,63,Normal
2026-04-28 12:33:17.937861,Paris-7791,20,73,Normal
2026-04-28 12:33:18.937861,Paris-7791,5,43,Normal
2026-04-28 12:33:19.937861,Paris-7791,-20,73,Normal
2026-04-28 12:33:20.937861,Paris-7791,3,30,Normal
2026-04-28 12:33:21.937861,Paris-7791,-7,88,Normal
2026-04-28 12:33:22.937861,Paris-7791,34,20,Normal
2026-04-28 12:33:23.937861,Paris-7791,3,98,Normal
2026-04-28 12:33:24.937861,Paris-7791,-1,29,Normal
2026-04-28 12:33:25.937861,Paris-7791,13,32,Normal
2026-04-28 12:33:26.937861,Paris-7791,-23,46,Normal
2026-04-28 12:33:27.937861,Paris-7791,31,99,Normal
2026-04-28 12:33:28.937861,Paris-7791,37,57,Normal
2026-04-28 12:33:29.937861,Paris-7791,-13,59,Normal
2026-04-28 12:33:30.937861,Paris-7791,-10,14,Normal
2026-04-28 12:33:31.937861,Paris-7791,-25,81,Normal
2026-04-28 12:33:32.937861,Paris-7791,5,66,Normal
2026-04-28 12:33:33.937861,Paris-7791,-16,77,Normal
2026-04-28 12:33:34.937861,Paris-7791,-13,100,Normal
2026-04-28 12:33:35.937861,Paris-7791,29,14,Normal
2026-04-28 12:33:36.937861,Paris-7791,-5,11,Normal
2026-04-28 12:33:37.937861,Paris-7791,1,73,Normal
2026-04-28 12:33:38.937861,Paris-7791,39,90,Normal
2026-04-28 12:33:39.937861,Paris-7791,1,87,Normal
2026-04-28 12:33:40.937861,Paris-7791,30,75,Normal
2026-04-28 12:33:41.937861,Paris-7791,-18,1,Normal
2026-04-28 12:33:42.937861,Paris-7791,39,36,Normal
2026-04-28 12:33:43.937861,Paris-7791,-18,44,Normal
2026-04-28 12:33:44.937861,Paris-7791,13,7,Normal
2026-04-28 12:33:45.937861,Paris-7791,-16,25,Normal
2026-04-28 12:33:46.937861,Paris-7791,48,14,Normal
2026-04-28 12:33:47.937861,Paris-7791,10,59,Normal
2026-04-28 12:33:48.937861,Paris-7791,1,28,Normal
2026-04-28 12:33:49.937861,Paris-7791,27,11,Normal
2026-04-28 12:33:50.937861,Paris-7791,43,35,Normal
2026-04-28 12:33:51.937861,Paris-7791,-8,86,Normal
2026-04-28 12:33:52.937861,Paris-7791,41,69,Normal
2026-04-28 12:33:53.937861,Paris-7791,-18,63,Normal
2026-04-28 12:33:54.937861,Paris-7791,1,91,Normal
2026-04-28 12:33:55.937861,Paris-7791,29,86,Normal
2026-04-28 12:33:56.937861,Paris-7791,25,15,Normal
2026-04-28 12:33:57.937861,Paris-7791,22,21,Normal
2026-04-28 12:33:58.937861,Paris-7791,-28,40,Normal
2026-04-28 12:33:59.937861,Paris-7791,-10,26,Normal
2026-04-28 12:34:00.937861,Paris-7791,6,81,Normal
2026-04-28 12:34:01.937861,Paris-7791,0,93,Normal
2026-04-28 12:34:02.937861,Paris-7791,27,10,Normal
2026-04-28 12:34:03.937861,Paris-7791,39,13,Normal
2026-04-28 12:34:04.937861,Paris-7791,26,14,Normal
2026-04-28 12:34:05.937861,Paris-7791,10,16,Normal
2026-04-28 12:34:06.937861,Paris-7791,49,59,Normal
2026-04-28 12:34:07.937861,Paris-7791,45,95,Normal
2026-04-28 12:34:08.937861,Paris-7791,-26,73,Normal
2026-04-28 12:34:09.937861,Paris-7791,10,41,Normal
2026-04-28 12:34:10.937861,Paris-7791,25,49,Normal
2026-04-28 12:34:11.937861,Paris-7791,25,88,Normal
2026-04-28 12:34:12.937861,Paris-7791,-10,20,Normal
2026-04-28 12:34:13.937861,Paris-7791,9,4,Normal
2026-04-28 12:34:14.937861,Paris-7791,23,73,Normal
2026-04-28 12:34:15.937861,Paris-7791,-8,87,Normal
2026-04-28 12:34:16.937861,Paris-7791,-20,84,Normal
2026-04-28 12:34:17.937861,Paris-7791,35,16,Normal
2026-04-28 12:34:18.937861,Paris-7791,-21,63,Normal
2026-04-28 12:34:19.937861,Paris-7791,-10,27,Normal
2026-04-28 12:34:20.937861,Paris-7791,-13,90,Normal
2026-04-28 12:34:21.937861,Paris-7791,33,35,Normal
2026-04-28 12:34:22.937861,Paris-7791,-5,17,Normal
2026-04-28 12:34:23.937861,Paris-7791,27,58,Normal
2026-04-28 12:34:24.937861,Paris-7791,-4,81,Normal
2026-04-28 12:34:25.937861,Paris-7791,-21,73,Normal
2026-04-28 12:34:26.937861,Paris-7791,3,43,Normal
2026-04-28 12:34:27.937861,Paris-7791,-24,76,Normal
2026-04-28 12:34:28.937861,Paris-7791,39,75,Normal
2026-04-28 12:34:29.937861,Paris-7791,13,73,Normal
2026-04-28 12:34:30.937861,Paris-7791,38,12,Normal
2026-04-28 12:34:31.937861,Paris-7791,-26,45,Normal
2026-04-28 12:34:32.937861,Paris-7791,46,18,Normal
2026-04-28 12:34:33.937861,Paris-7791,18,0,Normal
2026-04-28 12:34:34.937861,Paris-7791,26,94,Normal
2026-04-28 12:34:35.937861,Paris-7791,4,24,Normal
2026-04-28 12:34:36.937861,Paris-7791,-16,84,Normal
2026-04-28 12:34:37.937861,Paris-7791,-28,96,Normal
2026-04-28 12:34:38.937861,Paris-7791,-6,49,Normal
2026-04-28 12:34:39.937861,Paris-7791,8,39,Normal
2026-04-28 12:34:40.937861,Paris-7791,6,60,Normal
2026-04-28 12:34:41.937861,Paris-7791,48,25,Normal
2026-04-28 12:34:42.937861,Paris-7791,12,65,Normal
2026-04-28 12:34:43.937861,Paris-7791,-8,65,Normal
2026-04-28 12:34:44.937861,Paris-7791,-12,40,Normal
2026-04-28 12:34:45.937861,Paris-7791,25,15,Normal
2026-04-28 12:34:46.937861,Paris-7791,-11,69,Normal
2026-04-28 12:34:47.937861,Paris-7791,-8,11,Normal
2026-04-28 12:34:48.937861,Paris-7791,-5,51,Normal
2026-04-28 12:34:49.937861,Paris-7791,31,7,Normal
2026-04-28 12:34:50.937861,Paris-7791,1,42,Normal
2026-04-28 12:34:51.937861,Paris-7791,50,61,Normal
2026-04-28 12:34:52.937861,Paris-7791,39,3,Normal
2026-04-28 12:34:53.937861,Paris-7791,30,29,Normal
2026-04-28 12:34:54.937861,Paris-7791,29,39,Normal
2026-04-28 12:34:55.937861,Paris-7791,5,64,Normal
2026-04-28 12:34:56.937861,Paris-7791,0,55,Normal
2026-04-28 12:34:57.937861,Paris-7791,25,91,Normal
2026-04-28 12:34:58.937861,Paris-7791,-18,65,Normal
2026-04-28 12:34:59.937861,Paris-7791,40,49,Normal
2026-04-28 12:35:00.937861,Paris-7791,48,52,Normal
2026-04-28 12:35:01.937861,Paris-7791,36,84,Normal
2026-04-28 12:35:02.937861,Paris-7791,8,98,Normal
2026-04-28 12:35:03.937861,Paris-7791,-19,17,Normal
2026-04-28 12:35:04.937861,Paris-7791,-6,23,Normal
2026-04-28 12:35:05.937861,Paris-7791,-8,93,Normal
2026-04-28 12:35:06.937861,Paris-7791,41,26,Normal
2026-04-28 12:35:07.937861,Paris-7791,6,11,Normal
2026-04-28 12:35:08.937861,Paris-7791,12,45,Normal
2026-04-28 12:35:09.937861,Paris-7791,38,29,Normal
2026-04-28 12:35:10.937861,Paris-7791,-10,81,Normal
2026-04-28 12:35:11.937861,Paris-7791,-12,87,Normal
2026-04-28 12:35:12.937861,Paris-7791,45,70,Normal
2026-04-28 12:35:13.937861,Paris-7791,31,72,Normal
2026-04-28 12:35:14.937861,Paris-7791,7,68,Normal
2026-04-28 12:35:15.937861,Paris-7791,6,1,Normal
2026-04-28 12:35:16.937861,Paris-7791,-7,65,Normal
2026-04-28 12:35:17.937861,Paris-7791,48,34,Normal
2026-04-28 12:35:18.937861,Paris-7791,31,79,Normal
2026-04-28 12:35:19.937861,Paris-7791,37,75,Normal
2026-04-28 12:35:20.937861,Paris-7791,20,57,Normal
2026-04-28 12:35:21.937861,Paris-7791,44,65,Normal
2026-04-28 12:35:22.937861,Paris-7791,3,8,Normal
2026-04-28 12:35:23.937861,Paris-7791,40,19,Normal
2026-04-28 12:35:24.937861,Paris-7791,-3,11,Normal
2026-04-28 12:35:25.937861,Paris-7791,-29,18,Normal
2026-04-28 12:35:26.937861,Paris-7791,3,8,Normal
2026-04-28 12:35:27.937861,Paris-7791,43,69,Normal
2026-04-28 12:35:28.937861,Paris-7791,-3,92,Normal
2026-04-28 12:35:29.937861,Paris-7791,32,93,Normal
2026-04-28 12:35:30.937861,Paris-7791,15,76,Normal
2026-04-28 12:35:31.937861,Paris-7791,37,71,Normal
2026-04-28 12:35:32.937861,Paris-7791,-13,77,Normal
2026-04-28 12:35:33.937861,Paris-7791,-28,84,Normal
2026-04-28 12:35:34.937861,Paris-7791,16,48,Normal
2026-04-28 12:35:35.937861,Paris-7791,-22,78,Normal
2026-04-28 12:35:36.937861,Paris-7791,42,35,Normal
2026-04-28 12:35:37.937861,Paris-7791,-28,29,Normal
2026-04-28 12:35:38.937861,Paris-7791,-11,44,Normal
2026-04-28 12:35:39.937861,Paris-7791,28,15,Normal
2026-04-28 12:35:40.937861,Paris-7791,-23,54,Normal
2026-04-28 12:35:41.937861,Paris-7791,36,62,Normal
2026-04-28 12:35:42.937861,Paris-7791,48,35,Normal
2026-04-28 12:35:43.937861,Paris-7791,44,42,Normal
2026-04-28 12:35:44.937861,Paris-7791,4,94,Normal
2026-04-28 12:35:45.937861,Paris-7791,31,56,Normal
2026-04-28 12:35:46.937861,Paris-7791,8,72,Normal
2026-04-28 12:35:47.937861,Paris-7791,-9,84,Normal
2026-04-28 12:35:48.937861,Paris-7791,-29,79,Normal
2026-04-28 12:35:49.937861,Paris-7791,49,76,Normal
2026-04-28 12:35:50.937861,Paris-7791,21,51,Normal
2026-04-28 12:35:51.937861,Paris-7791,24,47,Normal
2026-04-28 12:35:52.937861,Paris-7791,45,81,Normal
2026-04-28 12:35:53.937861,Paris-7791,-2,78,Normal
2026-04-28 12:35:54.937861,Paris-7791,21,75,Normal
2026-04-28 12:35:55.937861,Paris-7791,-28,6,Normal
2026-04-28 12:35:56.937861,Paris-7791,-4,18,Normal
2026-04-28 12:35:57.937861,Paris-7791,34,10,Normal
2026-04-28 12:35:58.937861,Paris-7791,25,54,Normal
2026-04-28 12:35:59.937861,Paris-7791,11,35,Normal
2026-04-28 12:36:00.937861,Paris-7791,26,47,Normal
2026-04-28 12:36:01.937861,Paris-7791,-21,99,Normal
2026-04-28 12:36:02.937861,Paris-7791,-25,27,Normal
2026-04-28 12:36:03.937861,Paris-7791,-27,66,Normal
2026-04-28 12:36:04.937861,Paris-7791,43,94,Normal
2026-04-28 12:36:05.937861,Paris-7791,-26,3,Normal
2026-04-28 12:36:06.937861,Paris-7791,-26,46,Normal
2026-04-28 12:36:07.937861,Paris-7791,-23,30,Normal
2026-04-28 12:36:08.937861,Paris-7791,18,74,Normal
2026-04-28 12:36:09.937861,Paris-7791,43,54,Normal
2026-04-28 12:36:10.937861,Paris-7791,-17,29,Normal
2026-04-28 12:36:11.937861,Paris-7791,-8,90,Normal
2026-04-28 12:36:12.937861,Paris-7791,33,22,Normal
2026-04-28 12:36:13.937861,Paris-7791,16,43,Normal
2026-04-28 12:36:14.937861,Paris-7791,-3,64,Normal
2026-04-28 12:36:15.937861,Paris-7791,12,7,Normal
2026-04-28 12:36:16.937861,Paris-7791,-27,22,Normal
2026-04-28 12:36:17.937861,Paris-7791,13,56,Normal
2026-04-28 12:36:18.937861,Paris-7791,3,86,Normal
2026-04-28 12:36:19.937861,Paris-7791,22,80,Normal
2026-04-28 12:36:20.937861,Paris-7791,41,3,Normal
2026-04-28 12:36:21.937861,Paris-7791,43,38,Normal
2026-04-28 12:36:22.937861,Paris-7791,45,84,Normal
2026-04-28 12:36:23.937861,Paris-7791,8,14,Normal
2026-04-28 12:36:24.937861,Paris-7791,45,60,Normal
2026-04-28 12:36:25.937861,Paris-7791,29,3,Normal
2026-04-28 12:36:26.937861,Paris-7791,7,94,Normal
2026-04-28 12:36:27.937861,Paris-7791,32,80,Normal
2026-04-28 12:36:28.937861,Paris-7791,-15,13,Normal
2026-04-28 12:36:29.937861,Paris-7791,-19,5,Normal
2026-04-28 12:36:30.937861,Paris-7791,13,85,Normal
2026-04-28 12:36:31.937861,Paris-7791,4,28,Normal
2026-04-28 12:36:32.937861,Paris-7791,7,44,Normal
2026-04-28 12:36:33.937861,Paris-7791,43,12,Normal
2026-04-28 12:36:34.937861,Paris-7791,50,86,Normal
2026-04-28 12:36:35.937861,Paris-7791,17,95,Normal
2026-04-28 12:36:36.937861,Paris-7791,35,52,Normal
2026-04-28 12:36:37.937861,Paris-7791,-11,91,Normal
2026-04-28 12:36:38.937861,Paris-7791,31,34,Normal
2026-04-28 12:36:39.937861,Paris-7791,-15,50,Normal
2026-04-28 12:36:40.937861,Paris-7791,-20,14,Normal
2026-04-28 12:36:41.937861,Paris-7791,47,93,Normal
2026-04-28 12:36:42.937861,Paris-7791,34,6,Normal
2026-04-28 12:36:43.937861,Paris-7791,-19,73,Normal
2026-04-28 12:36:44.937861,Paris-7791,-6,66,Normal
2026-04-28 12:36:45.937861,Paris-7791,36,9,Normal
2026-04-28 12:36:46.937861,Paris-7791,27,32,Normal
2026-04-28 12:36:47.937861,Paris-7791,11,19,Normal
2026-04-28 12:36:48.937861,Paris-7791,18,74,Normal
2026-04-28 12:36:49.937861,Paris-7791,-26,70,Normal
2026-04-28 12:36:50.937861,Paris-7791,8,91,Normal
2026-04-28 12:36:51.937861,Paris-7791,50,38,Normal
2026-04-28 12:36:52.937861,Paris-7791,-16,54,Normal
2026-04-28 12:36:53.937861,Paris-7791,18,21,Normal
2026-04-28 12:36:54.937861,Paris-7791,49,86,Normal
2026-04-28 12:36:55.937861,Paris-7791,15,11,Normal
2026-04-28 12:36:56.937861,Paris-7791,-9,47,Normal
2026-04-28 12:36:57.937861,Paris-7791,34,45,Normal
2026-04-28 12:36:58.937861,Paris-7791,49,66,Normal
2026-04-28 12:36:59.937861,Paris-7791,-4,85,Normal
2026-04-28 12:37:00.937861,Paris-7791,-10,62,Normal
2026-04-28 12:37:01.937861,Paris-7791,19,17,Normal
2026-04-28 12:37:02.937861,Paris-7791,11,42,Normal
2026-04-28 12:37:03.937861,Paris-7791,24,18,Normal
2026-04-28 12:37:04.937861,Paris-7791,-28,57,Normal
2026-04-28 12:37:05.937861,Paris-7791,39,48,Normal
2026-04-28 12:37:06.937861,Paris-7791,-27,63,Normal
2026-04-28 12:37:07.937861,Paris-7791,-19,6,Normal
2026-04-28 12:37:08.937861,Paris-7791,1,67,Normal
2026-04-28 12:37:09.937861,Paris-7791,-14,71,Normal
2026-04-28 12:37:10.937861,Paris-7791,14,57,Normal
2026-04-28 12:37:11.937861,Paris-7791,-18,32,Normal
2026-04-28 12:37:12.937861,Paris-7791,38,14,Normal
2026-04-28 12:37:13.937861,Paris-7791,21,28,Normal
2026-04-28 12:37:14.937861,Paris-7791,41,2,Normal
2026-04-28 12:37:15.937861,Paris-7791,-19,3,Normal
2026-04-28 12:37:16.937861,Paris-7791,48,12,Normal
2026-04-28 12:37:17.937861,Paris-7791,13,93,Normal
2026-04-28 12:37:18.937861,Paris-7791,31,58,Normal
2026-04-28 12:37:19.937861,Paris-7791,-17,35,Normal
2026-04-28 12:37:20.937861,Paris-7791,-3,48,Normal
2026-04-28 12:37:21.937861,Paris-7791,-21,55,Normal
2026-04-28 12:37:22.937861,Paris-7791,21,93,Normal
2026-04-28 12:37:23.937861,Paris-7791,45,64,Normal
2026-04-28 12:37:24.937861,Paris-7791,40,1,Normal
2026-04-28 12:37:25.937861,Paris-7791,-4,52,Normal
2026-04-28 12:37:26.937861,Paris-7791,28,97,Normal
2026-04-28 12:37:27.937861,Paris-7791,-2,30,Normal
2026-04-28 12:37:28.937861,Paris-7791,-21,90,Normal
2026-04-28 12:37:29.937861,Paris-7791,17,7,Normal
2026-04-28 12:37:30.937861,Paris-7791,-9,52,Normal
2026-04-28 12:37:31.937861,Paris-7791,-9,69,Normal
2026-04-28 12:37:32.937861,Paris-7791,-25,10,Normal
2026-04-28 12:37:33.937861,Paris-7791,-6,44,Normal
2026-04-28 12:37:34.937861,Paris-7791,33,52,Normal
2026-04-28 12:37:35.937861,Paris-7791,-5,98,Normal
2026-04-28 12:37:36.937861,Paris-7791,-6,33,Normal
2026-04-28 12:37:37.937861,Paris-7791,50,45,Normal
2026-04-28 12:37:38.937861,Paris-7791,49,97,Normal
2026-04-28 12:37:39.937861,Paris-7791,11,17,Normal
2026-04-28 12:37:40.937861,Paris-7791,14,11,Normal
2026-04-28 12:37:41.937861,Paris-7791,-5,8,Normal
2026-04-28 12:37:42.937861,Paris-7791,-2,79,Normal
2026-04-28 12:37:43.937861,Paris-7791,1,16,Normal
2026-04-28 12:37:44.937861,Paris-7791,36,64,Normal
2026-04-28 12:37:45.937861,Paris-7791,16,21,Normal
2026-04-28 12:37:46.937861,Paris-7791,22,83,Normal
2026-04-28 12:37:47.937861,Paris-7791,25,86,Normal
2026-04-28 12:37:48.937861,Paris-7791,35,95,Normal
2026-04-28 12:37:49.937861,Paris-7791,-21,40,Normal
2026-04-28 12:37:50.937861,Paris-7791,6,67,Normal
2026-04-28 12:37:51.937861,Paris-7791,13,99,Normal
2026-04-28 12:37:52.937861,Paris-7791,1,95,Normal
2026-04-28 12:37:53.937861,Paris-7791,45,71,Normal
2026-04-28 12:37:54.937861,Paris-7791,-18,92,Normal
2026-04-28 12:37:55.937861,Paris-7791,28,43,Normal
2026-04-28 12:37:56.937861,Paris-7791,22,15,Normal
2026-04-28 12:37:57.937861,Paris-7791,47,13,Normal
2026-04-28 12:37:58.937861,Paris-7791,44,87,Normal
2026-04-28 12:37:59.937861,Paris-7791,-18,76,Normal
2026-04-28 12:38:00.937861,Paris-7791,-30,86,Normal
2026-04-28 12:38:01.937861,Paris-7791,-7,72,Normal
2026-04-28 12:38:02.937861,Paris-7791,40,95,Normal
2026-04-28 12:38:03.937861,Paris-7791,-26,79,Normal
2026-04-28 12:38:04.937861,Paris-7791,-4,79,Normal
2026-04-28 12:38:05.937861,Paris-7791,17,46,Normal
2026-04-28 12:38:06.937861,Paris-7791,-26,24,Normal
2026-04-28 12:38:07.937861,Paris-7791,36,64,Normal
2026-04-28 12:38:08.937861,Paris-7791,-10,90,Normal
2026-04-28 12:38:09.937861,Paris-7791,-6,62,Normal
2026-04-28 12:38:10.937861,Paris-7791,2,97,Normal
2026-04-28 12:38:11.937861,Paris-7791,40,52,Normal
2026-04-28 12:38:12.937861,Paris-7791,-17,47,Normal
2026-04-28 12:38:13.937861,Paris-7791,21,54,Normal
2026-04-28 12:38:14.937861,Paris-7791,-5,58,Normal
2026-04-28 12:38:15.937861,Paris-7791,-26,20,Normal
2026-04-28 12:38:16.937861,Paris-7791,-24,9,Normal
2026-04-28 12:38:17.937861,Paris-7791,45,89,Normal
2026-04-28 12:38:18.937861,Paris-7791,19,93,Normal
2026-04-28 12:38:19.937861,Paris-7791,-14,61,Normal
2026-04-28 12:38:20.937861,Paris-7791,28,13,Normal
2026-04-28 12:38:21.937861,Paris-7791,36,29,Normal
2026-04-28 12:38:22.937861,Paris-7791,-11,31,Normal
2026-04-28 12:38:23.937861,Paris-7791,12,100,Normal
2026-04-28 12:38:24.937861,Paris-7791,0,39,Normal
2026-04-28 12:38:25.937861,Paris-7791,15,59,Normal
2026-04-28 12:38:26.937861,Paris-7791,-6,91,Normal
2026-04-28 12:38:27.937861,Paris-7791,-11,66,Normal
2026-04-28 12:38:28.937861,Paris-7791,34,99,Normal
2026-04-28 12:38:29.937861,Paris-7791,-7,46,Normal
2026-04-28 12:38:30.937861,Paris-7791,2,49,Normal
2026-04-28 12:38:31.937861,Paris-7791,27,34,Normal
2026-04-28 12:38:32.937861,Paris-7791,17,86,Normal
2026-04-28 12:38:33.937861,Paris-7791,-5,32,Normal
2026-04-28 12:38:34.937861,Paris-7791,35,27,Normal
2026-04-28 12:38:35.937861,Paris-7791,-15,14,Normal
2026-04-28 12:38:36.937861,Paris-7791,48,38,Normal
2026-04-28 12:38:37.937861,Paris-7791,-20,97,Normal
2026-04-28 12:38:38.937861,Paris-7791,38,76,Normal
2026-04-28 12:38:39.937861,Paris-7791,45,61,Normal
2026-04-28 12:38:40.937861,Paris-7791,21,57,Normal
2026-04-28 12:38:41.937861,Paris-7791,27,96,Normal
2026-04-28 12:38:42.937861,Paris-7791,44,66,Normal
2026-04-28 12:38:43.937861,Paris-7791,26,90,Normal
2026-04-28 12:38:44.937861,Paris-7791,49,90,Normal
2026-04-28 12:38:45.937861,Paris-7791,17,13,Normal
2026-04-28 12:38:46.937861,Paris-7791,-18,60,Normal
2026-04-28 12:38:47.937861,Paris-7791,7,43,Normal
2026-04-28 12:38:48.937861,Paris-7791,-9,95,Normal
2026-04-28 12:38:49.937861,Paris-7791,-14,14,Normal
2026-04-28 12:38:50.937861,Paris-7791,-28,45,Normal
2026-04-28 12:38:51.937861,Paris-7791,33,2,Normal
2026-04-28 12:38:52.937861,Paris-7791,9,3,Normal
2026-04-28 12:38:53.937861,Paris-7791,-16,83,Normal
2026-04-28 12:38:54.937861,Paris-7791,-22,49,Normal
2026-04-28 12:38:55.937861,Paris-7791,-9,19,Normal
2026-04-28 12:38:56.937861,Paris-7791,-25,30,Normal
2026-04-28 12:38:57.937861,Paris-7791,14,28,Normal
2026-04-28 12:38:58.937861,Paris-7791,14,8,Normal
2026-04-28 12:38:59.937861,Paris-7791,-14,24,Normal
2026-04-28 12:39:00.937861,Paris-7791,-19,21,Normal
2026-04-28 12:39:01.937861,Paris-7791,-29,83,Normal
2026-04-28 12:39:02.937861,Paris-7791,21,76,Normal
2026-04-28 12:39:03.937861,Paris-7791,-9,51,Normal
2026-04-28 12:39:04.937861,Paris-7791,44,61,Normal
2026-04-28 12:39:05.937861,Paris-7791,-7,94,Normal
2026-04-28 12:39:06.937861,Paris-7791,-3,10,Normal
2026-04-28 12:39:07.937861,Paris-7791,-20,59,Normal
2026-04-28 12:39:08.937861,Paris-7791,30,90,Normal
2026-04-28 12:39:09.937861,Paris-7791,-23,5,Normal
2026-04-28 12:39:10.937861,Paris-7791,3,60,Normal
2026-04-28 12:39:11.937861,Paris-7791,11,5,Normal
2026-04-28 12:39:12.937861,Paris-7791,15,15,Normal
2026-04-28 12:39:13.937861,Paris-7791,31,56,Normal
2026-04-28 12:39:14.937861,Paris-7791,50,65,Normal
2026-04-28 12:39:15.937861,Paris-7791,21,40,Normal
2026-04-28 12:39:16.937861,Paris-7791,-21,4,Normal
2026-04-28 12:39:17.937861,Paris-7791,21,15,Normal
2026-04-28 12:39:18.937861,Paris-7791,10,100,Normal
2026-04-28 12:39:19.937861,Paris-7791,1,8,Normal
2026-04-28 12:39:20.937861,Paris-7791,-8,31,Normal
2026-04-28 12:39:21.937861,Paris-7791,-22,50,Normal
2026-04-28 12:39:22.937861,Paris-7791,0,82,Normal
2026-04-28 12:39:23.937861,Paris-7791,-7,89,Normal
2026-04-28 12:39:24.937861,Paris-7791,-2,73,Normal
2026-04-28 12:39:25.937861,Paris-7791,30,6,Normal
2026-04-28 12:39:26.937861,Paris-7791,-26,40,Normal
2026-04-28 12:39:27.937861,Paris-7791,18,11,Normal
2026-04-28 12:39:28.937861,Paris-7791,4,45,Normal
2026-04-28 12:39:29.937861,Paris-7791,-21,6,Normal
2026-04-28 12:39:30.937861,Paris-7791,-6,89,Normal
2026-04-28 12:39:31.937861,Paris-7791,49,20,Normal
2026-04-28 12:39:32.937861,Paris-7791,35,6,Normal
2026-04-28 12:39:33.937861,Paris-7791,41,53,Normal
2026-04-28 12:39:34.937861,Paris-7791,-1,35,Normal
2026-04-28 12:39:35.937861,Paris-7791,10,47,Normal
2026-04-28 12:39:36.937861,Paris-7791,14,11,Normal
2026-04-28 12:39:37.937861,Paris-7791,-15,38,Normal
2026-04-28 12:39:38.937861,Paris-7791,21,53,Normal
2026-04-28 12:39:39.937861,Paris-7791,-1,100,Normal
2026-04-28 12:39:40.937861,Paris-7791,-19,18,Normal
2026-04-28 12:39:41.937861,Paris-7791,-2,62,Normal
2026-04-28 12:39:42.937861,Paris-7791,37,23,Normal
2026-04-28 12:39:43.937861,Paris-7791,-2,27,Normal
2026-04-28 12:39:44.937861,Paris-7791,-22,93,Normal
2026-04-28 12:39:45.937861,Paris-7791,16,85,Normal
2026-04-28 12:39:46.937861,Paris-7791,1,24,Normal
2026-04-28 12:39:47.937861,Paris-7791,31,64,Normal
2026-04-28 12:39:48.937861,Paris-7791,-1,83,Normal
2026-04-28 12:39:49.937861,Paris-7791,14,15,Normal
2026-04-28 12:39:50.937861,Paris-7791,43,62,Normal
2026-04-28 12:39:51.937861,Paris-7791,-15,36,Normal
2026-04-28 12:39:52.937861,Paris-7791,-15,28,Normal
2026-04-28 12:39:53.937861,Paris-7791,30,79,Normal
2026-04-28 12:39:54.937861,Paris-7791,7,29,Normal
2026-04-28 12:39:55.937861,Paris-7791,23,80,Normal
2026-04-28 12:39:56.937861,Paris-7791,11,19,Normal
2026-04-28 12:39:57.937861,Paris-7791,44,100,Normal
2026-04-28 12:39:58.937861,Paris-7791,-14,46,Normal
2026-04-28 12:39:59.937861,Paris-7791,15,46,Normal
2026-04-28 12:40:00.937861,Paris-7791,10,32,Normal
2026-04-28 12:40:01.937861,Paris-7791,-19,11,Normal
2026-04-28 12:40:02.937861,Paris-7791,-6,30,Normal
2026-04-28 12:40:03.937861,Paris-7791,14,54,Normal
2026-04-28 12:40:04.937861,Paris-7791,-29,75,Normal
2026-04-28 12:40:05.937861,Paris-7791,-11,37,Normal
2026-04-28 12:40:06.937861,Paris-7791,45,2,Normal
2026-04-28 12:40:07.937861,Paris-7791,-3,37,Normal
2026-04-28 12:40:08.937861,Paris-7791,-24,37,Normal
2026-04-28 12:40:09.937861,Paris-7791,28,63,Normal
2026-04-28 12:40:10.937861,Paris-7791,20,84,Normal
2026-04-28 12:40:11.937861,Paris-7791,9,21,Normal
2026-04-28 12:40:12.937861,Paris-7791,3,31,Normal
2026-04-28 12:40:13.937861,Paris-7791,49,17,Normal
2026-04-28 12:40:14.937861,Paris-7791,-14,6,Normal
2026-04-28 12:40:15.937861,Paris-7791,48,82,Normal
2026-04-28 12:40:16.937861,Paris-7791,-1,22,Normal
2026-04-28 12:40:17.937861,Paris-7791,-8,70,Normal
2026-04-28 12:40:18.937861,Paris-7791,-21,78,Normal
2026-04-28 12:40:19.937861,Paris-7791,37,91,Normal
2026-04-28 12:40:20.937861,Paris-7791,-3,93,Normal
2026-04-28 12:40:21.937861,Paris-7791,-22,97,Normal
2026-04-28 12:40:22.937861,Paris-7791,-30,4,Normal
2026-04-28 12:40:23.937861,Paris-7791,7,61,Normal
2026-04-28 12:40:24.937861,Paris-7791,27,63,Normal
2026-04-28 12:40:25.937861,Paris-7791,40,29,Normal
2026-04-28 12:40:26.937861,Paris-7791,13,33,Normal
2026-04-28 12:40:27.937861,Paris-7791,35,15,Normal
2026-04-28 12:40:28.937861,Paris-7791,-26,27,Normal
2026-04-28 12:40:29.937861,Paris-7791,-14,29,Normal
2026-04-28 12:40:30.937861,Paris-7791,-17,13,Normal
2026-04-28 12:40:31.937861,Paris-7791,28,73,Normal
2026-04-28 12:40:32.937861,Paris-7791,19,3,Normal
2026-04-28 12:40:33.937861,Paris-7791,-27,29,Normal
2026-04-28 12:40:34.937861,Paris-7791,13,86,Normal
2026-04-28 12:40:35.937861,Paris-7791,-15,28,Normal
2026-04-28 12:40:36.937861,Paris-7791,-25,88,Normal
2026-04-28 12:40:37.937861,Paris-7791,-8,35,Normal
2026-04-28 12:40:38.937861,Paris-7791,-17,62,Normal
2026-04-28 12:40:39.937861,Paris-7791,-25,84,Normal
2026-04-28 12:40:40.937861,Paris-7791,-23,66,Normal
2026-04-28 12:40:41.937861,Paris-7791,41,90,Normal
2026-04-28 12:40:42.937861,Paris-7791,6,32,Normal
2026-04-28 12:40:43.937861,Paris-7791,-29,5,Normal
2026-04-28 12:40:44.937861,Paris-7791,-2,95,Normal
2026-04-28 12:40:45.937861,Paris-7791,-13,88,Normal
2026-04-28 12:40:46.937861,Paris-7791,2,61,Normal
2026-04-28 12:40:47.937861,Paris-7791,16,73,Normal
2026-04-28 12:40:48.937861,Paris-7791,25,81,Normal
2026-04-28 12:40:49.937861,Paris-7791,18,89,Normal
2026-04-28 12:40:50.937861,Paris-7791,29,60,Normal
2026-04-28 12:40:51.937861,Paris-7791,-6,31,Normal
2026-04-28 12:40:52.937861,Paris-7791,31,27,Normal
2026-04-28 12:40:53.937861,Paris-7791,4,24,Normal
2026-04-28 12:40:54.937861,Paris-7791,-13,31,Normal
2026-04-28 12:40:55.937861,Paris-7791,-13,39,Normal
2026-04-28 12:40:56.937861,Paris-7791,-6,84,Normal
2026-04-28 12:40:57.937861,Paris-7791,-22,28,Normal
2026-04-28 12:40:58.937861,Paris-7791,11,20,Normal
2026-04-28 12:40:59.937861,Paris-7791,35,56,Normal
2026-04-28 12:41:00.937861,Paris-7791,48,58,Normal
2026-04-28 12:41:01.937861,Paris-7791,-25,81,Normal
2026-04-28 12:41:02.937861,Paris-7791,6,97,Normal
2026-04-28 12:41:03.937861,Paris-7791,45,7,Normal
2026-04-28 12:41:04.937861,Paris-7791,0,80,Normal
2026-04-28 12:41:05.937861,Paris-7791,10,47,Normal
2026-04-28 12:41:06.937861,Paris-7791,41,86,Normal
2026-04-28 12:41:07.937861,Paris-7791,12,45,Normal
2026-04-28 12:41:08.937861,Paris-7791,-4,13,Normal
2026-04-28 12:41:09.937861,Paris-7791,5,7,Normal
2026-04-28 12:41:10.937861,Paris-7791,48,49,Normal
2026-04-28 12:41:11.937861,Paris-7791,37,92,Normal
2026-04-28 12:41:12.937861,Paris-7791,36,78,Normal
2026-04-28 12:41:13.937861,Paris-7791,26,6,Normal
2026-04-28 12:41:14.937861,Paris-7791,3,34,Normal
2026-04-28 12:41:15.937861,Paris-7791,24,37,Normal
2026-04-28 12:41:16.937861,Paris-7791,30,48,Normal
2026-04-28 12:41:17.937861,Paris-7791,7,48,Normal
2026-04-28 12:41:18.937861,Paris-7791,45,13,Normal
2026-04-28 12:41:19.937861,Paris-7791,37,6,Normal
2026-04-28 12:41:20.937861,Paris-7791,-12,69,Normal
2026-04-28 12:41:21.937861,Paris-7791,-29,21,Normal
2026-04-28 12:41:22.937861,Paris-7791,-4,41,Normal
2026-04-28 12:41:23.937861,Paris-7791,0,30,Normal
2026-04-28 12:41:24.937861,Paris-7791,25,44,Normal
2026-04-28 12:41:25.937861,Paris-7791,10,72,Normal
2026-04-28 12:41:26.937861,Paris-7791,1,42,Normal
2026-04-28 12:41:27.937861,Paris-7791,24,9,Normal
2026-04-28 12:41:28.937861,Paris-7791,-2,92,Normal
2026-04-28 12:41:29.937861,Paris-7791,-25,70,Normal
2026-04-28 12:41:30.937861,Paris-7791,-7,88,Normal
2026-04-28 12:41:31.937861,Paris-7791,36,14,Normal
2026-04-28 12:41:32.937861,Paris-7791,5,30,Normal
2026-04-28 12:41:33.937861,Paris-7791,44,55,Normal
2026-04-28 12:41:34.937861,Paris-7791,32,96,Normal
2026-04-28 12:41:35.937861,Paris-7791,19,51,Normal
2026-04-28 12:41:36.937861,Paris-7791,-7,58,Normal
2026-04-28 12:41:37.937861,Paris-7791,3,92,Normal
2026-04-28 12:41:38.937861,Paris-7791,37,80,Normal
2026-04-28 12:41:39.937861,Paris-7791,29,93,Normal
2026-04-28 12:41:40.937861,Paris-7791,6,79,Normal
2026-04-28 12:41:41.937861,Paris-7791,13,55,Normal
2026-04-28 12:41:42.937861,Paris-7791,46,84,Normal
2026-04-28 12:41:43.937861,Paris-7791,44,98,Normal
2026-04-28 12:41:44.937861,Paris-7791,8,40,Normal
2026-04-28 12:41:45.937861,Paris-7791,0,96,Normal
2026-04-28 12:41:46.937861,Paris-7791,11,53,Normal
2026-04-28 12:41:47.937861,Paris-7791,50,75,Normal
2026-04-28 12:41:48.937861,Paris-7791,-14,80,Normal
2026-04-28 12:41:49.937861,Paris-7791,-11,34,Normal
2026-04-28 12:41:50.937861,Paris-7791,-6,96,Normal
2026-04-28 12:41:51.937861,Paris-7791,1,100,Normal
2026-04-28 12:41:52.937861,Paris-7791,-10,95,Normal
2026-04-28 12:41:53.937861,Paris-7791,20,0,Normal
2026-04-28 12:41:54.937861,Paris-7791,-17,22,Normal
2026-04-28 12:41:55.937861,Paris-7791,38,8,Normal
2026-04-28 12:41:56.937861,Paris-7791,-7,21,Normal
2026-04-28 12:41:57.937861,Paris-7791,25,88,Normal
2026-04-28 12:41:58.937861,Paris-7791,42,59,Normal
2026-04-28 12:41:59.937861,Paris-7791,22,21,Normal
2026-04-28 12:42:00.937861,Paris-7791,26,8,Normal
2026-04-28 12:42:01.937861,Paris-7791,22,3,Normal
2026-04-28 12:42:02.937861,Paris-7791,49,61,Normal
2026-04-28 12:42:03.937861,Paris-7791,25,26,Normal
2026-04-28 12:42:04.937861,Paris-7791,-24,89,Normal
2026-04-28 12:42:05.937861,Paris-7791,16,40,Normal
2026-04-28 12:42:06.937861,Paris-7791,1,100,Normal
2026-04-28 12:42:07.937861,Paris-7791,39,35,Normal
2026-04-28 12:42:08.937861,Paris-7791,16,67,Normal
2026-04-28 12:42:09.937861,Paris-7791,6,22,Normal
2026-04-28 12:42:10.937861,Paris-7791,-22,73,Normal
2026-04-28 12:42:11.937861,Paris-7791,5,24,Normal
2026-04-28 12:42:12.937861,Paris-7791,-21,86,Normal
2026-04-28 12:42:13.937861,Paris-7791,41,26,Normal
2026-04-28 12:42:14.937861,Paris-7791,39,11,Normal
2026-04-28 12:42:15.937861,Paris-7791,-6,85,Normal
2026-04-28 12:42:16.937861,Paris-7791,5,11,Normal
2026-04-28 12:42:17.937861,Paris-7791,35,26,Normal
2026-04-28 12:42:18.937861,Paris-7791,37,94,Normal
2026-04-28 12:42:19.937861,Paris-7791,3,96,Normal
2026-04-28 12:42:20.937861,Paris-7791,-23,28,Normal
2026-04-28 12:42:21.937861,Paris-7791,49,80,Normal
2026-04-28 12:42:22.937861,Paris-7791,45,17,Normal
2026-04-28 12:42:23.937861,Paris-7791,-7,88,Normal
2026-04-28 12:42:24.937861,Paris-7791,45,34,Normal
2026-04-28 12:42:25.937861,Paris-7791,-14,77,Normal
2026-04-28 12:42:26.937861,Paris-7791,43,9,Normal
2026-04-28 12:42:27.937861,Paris-7791,32,17,Normal
2026-04-28 12:42:28.937861,Paris-7791,-28,74,Normal
2026-04-28 12:42:29.937861,Paris-7791,2,11,Normal
2026-04-28 12:42:30.937861,Paris-7791,-14,52,Normal
2026-04-28 12:42:31.937861,Paris-7791,42,51,Normal
2026-04-28 12:42:32.937861,Paris-7791,-17,5,Normal
2026-04-28 12:42:33.937861,Paris-7791,-23,83,Normal
2026-04-28 12:42:34.937861,Paris-7791,-16,12,Normal
2026-04-28 12:42:35.937861,Paris-7791,-18,21,Normal
2026-04-28 12:42:36.937861,Paris-7791,-27,65,Normal
2026-04-28 12:42:37.937861,Paris-7791,-2,89,Normal
2026-04-28 12:42:38.937861,Paris-7791,-30,18,Normal
2026-04-28 12:42:39.937861,Paris-7791,36,75,Normal
2026-04-28 12:42:40.937861,Paris-7791,-7,73,Normal
2026-04-28 12:42:41.937861,Paris-7791,-28,51,Normal
2026-04-28 12:42:42.937861,Paris-7791,-6,81,Normal
2026-04-28 12:42:43.937861,Paris-7791,-2,98,Normal
2026-04-28 12:42:44.937861,Paris-7791,-22,16,Normal
2026-04-28 12:42:45.937861,Paris-7791,-21,94,Normal
2026-04-28 12:42:46.937861,Paris-7791,21,40,Normal
2026-04-28 12:42:47.937861,Paris-7791,18,59,Normal
2026-04-28 12:42:48.937861,Paris-7791,9,93,Normal
2026-04-28 12:42:49.937861,Paris-7791,26,84,Normal
2026-04-28 12:42:50.937861,Paris-7791,-3,44,Normal
2026-04-28 12:42:51.937861,Paris-7791,-9,2,Normal
2026-04-28 12:42:52.937861,Paris-7791,22,36,Normal
2026-04-28 12:42:53.937861,Paris-7791,46,81,Normal
2026-04-28 12:42:54.937861,Paris-7791,5,49,Normal
2026-04-28 12:42:55.937861,Paris-7791,-14,9,Normal
2026-04-28 12:42:56.937861,Paris-7791,-25,54,Normal
2026-04-28 12:42:57.937861,Paris-7791,47,16,Normal
2026-04-28 12:42:58.937861,Paris-7791,21,17,Normal
2026-04-28 12:42:59.937861,Paris-7791,-8,74,Normal
2026-04-28 12:43:00.937861,Paris-7791,-10,98,Normal
2026-04-28 12:43:01.937861,Paris-7791,44,15,Normal
2026-04-28 12:43:02.937861,Paris-7791,-24,38,Normal
2026-04-28 12:43:03.937861,Paris-7791,43,39,Normal
2026-04-28 12:43:04.937861,Paris-7791,4,26,Normal
2026-04-28 12:43:05.937861,Paris-7791,4,92,Normal
2026-04-28 12:43:06.937861,Paris-7791,0,79,Normal
2026-04-28 12:43:07.937861,Paris-7791,-10,31,Normal
2026-04-28 12:43:08.937861,Paris-7791,16,57,Normal
2026-04-28 12:43:09.937861,Paris-7791,3,30,Normal
2026-04-28 12:43:10.937861,Paris-7791,-16,70,Normal
2026-04-28 12:43:11.937861,Paris-7791,50,14,Normal
2026-04-28 12:43:12.937861,Paris-7791,22,62,Normal
2026-04-28 12:43:13.937861,Paris-7791,45,9,Normal
2026-04-28 12:43:14.937861,Paris-7791,48,28,Normal
2026-04-28 12:43:15.937861,Paris-7791,45,50,Normal
2026-04-28 12:43:16.937861,Paris-7791,-5,9,Normal
2026-04-28 12:43:17.937861,Paris-7791,49,6,Normal
2026-04-28 12:43:18.937861,Paris-7791,24,39,Normal
2026-04-28 12:43:19.937861,Paris-7791,-26,69,Normal
2026-04-28 12:43:20.937861,Paris-7791,-29,24,Normal
2026-04-28 12:43:21.937861,Paris-7791,-16,58,Normal
2026-04-28 12:43:22.937861,Paris-7791,46,71,Normal
2026-04-28 12:43:23.937861,Paris-7791,11,84,Normal
2026-04-28 12:43:24.937861,Paris-7791,-1,35,Normal
2026-04-28 12:43:25.937861,Paris-7791,8,53,Normal
2026-04-28 12:43:26.937861,Paris-7791,-23,59,Normal
2026-04-28 12:43:27.937861,Paris-7791,-1,80,Normal
2026-04-28 12:43:28.937861,Paris-7791,16,30,Normal
2026-04-28 12:43:29.937861,Paris-7791,-21,24,Normal
2026-04-28 12:43:30.937861,Paris-7791,42,23,Normal
2026-04-28 12:43:31.937861,Paris-7791,44,60,Normal
2026-04-28 12:43:32.937861,Paris-7791,-18,89,Normal
2026-04-28 12:43:33.937861,Paris-7791,36,54,Normal
2026-04-28 12:43:34.937861,Paris-7791,47,46,Normal
2026-04-28 12:43:35.937861,Paris-7791,-27,19,Normal
2026-04-28 12:43:36.937861,Paris-7791,0,38,Normal
2026-04-28 12:43:37.937861,Paris-7791,5,9,Normal
2026-04-28 12:43:38.937861,Paris-7791,6,61,Normal
2026-04-28 12:43:39.937861,Paris-7791,7,85,Normal
2026-04-28 12:43:40.937861,Paris-7791,-5,63,Normal
2026-04-28 12:43:41.937861,Paris-7791,43,63,Normal
2026-04-28 12:43:42.937861,Paris-7791,28,62,Normal
2026-04-28 12:43:43.937861,Paris-7791,10,93,Normal
2026-04-28 12:43:44.937861,Paris-7791,-11,16,Normal
2026-04-28 12:43:45.937861,Paris-7791,24,19,Normal
2026-04-28 12:43:46.937861,Paris-7791,-5,73,Normal
2026-04-28 12:43:47.937861,Paris-7791,-22,30,Normal
2026-04-28 12:43:48.937861,Paris-7791,-6,68,Normal
2026-04-28 12:43:49.937861,Paris-7791,50,15,Normal
2026-04-28 12:43:50.937861,Paris-7791,-9,98,Normal
2026-04-28 12:43:51.937861,Paris-7791,23,7,Normal
2026-04-28 12:43:52.937861,Paris-7791,8,56,Normal
2026-04-28 12:43:53.937861,Paris-7791,-27,67,Normal
2026-04-28 12:43:54.937861,Paris-7791,-3,49,Normal
2026-04-28 12:43:55.937861,Paris-7791,22,94,Normal
2026-04-28 12:43:56.937861,Paris-7791,15,18,Normal
2026-04-28 12:43:57.937861,Paris-7791,10,79,Normal
2026-04-28 12:43:58.937861,Paris-7791,-26,85,Normal
2026-04-28 12:43:59.937861,Paris-7791,29,84,Normal
2026-04-28 12:44:00.937861,Paris-7791,2,79,Normal
2026-04-28 12:44:01.937861,Paris-7791,49,26,Normal
2026-04-28 12:44:02.937861,Paris-7791,50,1,Normal
2026-04-28 12:44:03.937861,Paris-7791,30,53,Normal
2026-04-28 12:44:04.937861,Paris-7791,41,66,Normal
2026-04-28 12:44:05.937861,Paris-7791,29,0,Normal
2026-04-28 12:44:06.937861,Paris-7791,11,29,Normal
2026-04-28 12:44:07.937861,Paris-7791,12,12,Normal
2026-04-28 12:44:08.937861,Paris-7791,7,44,Normal
2026-04-28 12:44:09.937861,Paris-7791,32,22,Normal
2026-04-28 12:44:10.937861,Paris-7791,34,14,Normal
2026-04-28 12:44:11.937861,Paris-7791,14,92,Normal
2026-04-28 12:44:12.937861,Paris-7791,45,64,Normal
2026-04-28 12:44:13.937861,Paris-7791,5,66,Normal
2026-04-28 12:44:14.937861,Paris-7791,35,21,Normal
2026-04-28 12:44:15.937861,Paris-7791,9,95,Normal
2026-04-28 12:44:16.937861,Paris-7791,27,7,Normal
2026-04-28 12:44:17.937861,Paris-7791,7,70,Normal
2026-04-28 12:44:18.937861,Paris-7791,-3,99,Normal
2026-04-28 12:44:19.937861,Paris-7791,3,57,Normal
2026-04-28 12:44:20.937861,Paris-7791,42,8,Normal
2026-04-28 12:44:21.937861,Paris-7791,-22,16,Normal
2026-04-28 12:44:22.937861,Paris-7791,37,58,Normal
2026-04-28 12:44:23.937861,Paris-7791,28,85,Normal
2026-04-28 12:44:24.937861,Paris-7791,38,86,Normal
2026-04-28 12:44:25.937861,Paris-7791,-21,63,Normal
2026-04-28 12:44:26.937861,Paris-7791,-27,8,Normal
2026-04-28 12:44:27.937861,Paris-7791,40,92,Normal
2026-04-28 12:44:28.937861,Paris-7791,26,80,Normal
2026-04-28 12:44:29.937861,Paris-7791,12,84,Normal
2026-04-28 12:44:30.937861,Paris-7791,20,81,Normal
2026-04-28 12:44:31.937861,Paris-7791,30,94,Normal
2026-04-28 12:44:32.937861,Paris-7791,23,61,Normal
2026-04-28 12:44:33.937861,Paris-7791,17,20,Normal
2026-04-28 12:44:34.937861,Paris-7791,11,82,Normal
2026-04-28 12:44:35.937861,Paris-7791,5,97,Normal
2026-04-28 12:44:36.937861,Paris-7791,0,95,Normal
2026-04-28 12:44:37.937861,Paris-7791,45,57,Normal
2026-04-28 12:44:38.937861,Paris-7791,45,1,Normal
2026-04-28 12:44:39.937861,Paris-7791,16,67,Normal
2026-04-28 12:44:40.937861,Paris-7791,-30,88,Normal
2026-04-28 12:44:41.937861,Paris-7791,34,15,Normal
2026-04-28 12:44:42.937861,Paris-7791,5,47,Normal
2026-04-28 12:44:43.937861,Paris-7791,1,25,Normal
2026-04-28 12:44:44.937861,Paris-7791,-11,33,Normal
2026-04-28 12:44:45.937861,Paris-7791,-16,36,Normal
2026-04-28 12:44:46.937861,Paris-7791,50,30,Normal
2026-04-28 12:44:47.937861,Paris-7791,-30,17,Normal
2026-04-28 12:44:48.937861,Paris-7791,12,99,Normal
2026-04-28 12:44:49.937861,Paris-7791,-16,62,Normal
2026-04-28 12:44:50.937861,Paris-7791,16,45,Normal
2026-04-28 12:44:51.937861,Paris-7791,7,96,Normal
2026-04-28 12:44:52.937861,Paris-7791,37,88,Normal
2026-04-28 12:44:53.937861,Paris-7791,45,56,Normal
2026-04-28 12:44:54.937861,Paris-7791,8,78,Normal
2026-04-28 12:44:55.937861,Paris-7791,47,87,Normal
2026-04-28 12:44:56.937861,Paris-7791,43,14,Normal
2026-04-28 12:44:57.937861,Paris-7791,44,46,Normal
2026-04-28 12:44:58.937861,Paris-7791,-5,10,Normal
2026-04-28 12:44:59.937861,Paris-7791,0,9,Normal
2026-04-28 12:45:00.937861,Paris-7791,-27,29,Normal
2026-04-28 12:45:01.937861,Paris-7791,28,11,Normal
2026-04-28 12:45:02.937861,Paris-7791,-10,95,Normal
2026-04-28 12:45:03.937861,Paris-7791,7,96,Normal
2026-04-28 12:45:04.937861,Paris-7791,5,3,Normal
2026-04-28 12:45:05.937861,Paris-7791,-23,24,Normal
2026-04-28 12:45:06.937861,Paris-7791,10,17,Normal
2026-04-28 12:45:07.937861,Paris-7791,28,90,Normal
2026-04-28 12:45:08.937861,Paris-7791,37,61,Normal
2026-04-28 12:45:09.937861,Paris-7791,49,56,Normal
2026-04-28 12:45:10.937861,Paris-7791,28,21,Normal
2026-04-28 12:45:11.937861,Paris-7791,-14,17,Normal
2026-04-28 12:45:12.937861,Paris-7791,-1,64,Normal
2026-04-28 12:45:13.937861,Paris-7791,6,19,Normal
2026-04-28 12:45:14.937861,Paris-7791,-6,80,Normal
2026-04-28 12:45:15.937861,Paris-7791,-26,32,Normal
2026-04-28 12:45:16.937861,Paris-7791,22,28,Normal
2026-04-28 12:45:17.937861,Paris-7791,40,83,Normal
2026-04-28 12:45:18.937861,Paris-7791,-11,46,Normal
2026-04-28 12:45:19.937861,Paris-7791,38,92,Normal
2026-04-28 12:45:20.937861,Paris-7791,-16,68,Normal
2026-04-28 12:45:21.937861,Paris-7791,-12,21,Normal
2026-04-28 12:45:22.937861,Paris-7791,-16,21,Normal
2026-04-28 12:45:23.937861,Paris-7791,45,82,Normal
2026-04-28 12:45:24.937861,Paris-7791,1,97,Normal
2026-04-28 12:45:25.937861,Paris-7791,17,50,Normal
2026-04-28 12:45:26.937861,Paris-7791,22,19,Normal
2026-04-28 12:45:27.937861,Paris-7791,36,86,Normal
2026-04-28 12:45:28.937861,Paris-7791,30,28,Normal
2026-04-28 12:45:29.937861,Paris-7791,40,66,Normal
2026-04-28 12:45:30.937861,Paris-7791,46,98,Normal
2026-04-28 12:45:31.937861,Paris-7791,-15,85,Normal
2026-04-28 12:45:32.937861,Paris-7791,4,77,Normal
2026-04-28 12:45:33.937861,Paris-7791,24,39,Normal
2026-04-28 12:45:34.937861,Paris-7791,-3,8,Normal
2026-04-28 12:45:35.937861,Paris-7791,-28,39,Normal
2026-04-28 12:45:36.937861,Paris-7791,12,79,Normal
2026-04-28 12:45:37.937861,Paris-7791,-12,76,Normal
2026-04-28 12:45:38.937861,Paris-7791,-19,39,Normal
2026-04-28 12:45:39.937861,Paris-7791,16,25,Normal
2026-04-28 12:45:40.937861,Paris-7791,14,91,Normal
2026-04-28 12:45:41.937861,Paris-7791,1,99,Normal
2026-04-28 12:45:42.937861,Paris-7791,36,69,Normal
2026-04-28 12:45:43.937861,Paris-7791,16,39,Normal
2026-04-28 12:45:44.937861,Paris-7791,47,35,Normal
2026-04-28 12:45:45.937861,Paris-7791,-22,94,Normal
2026-04-28 12:45:46.937861,Paris-7791,1,85,Normal
2026-04-28 12:45:47.937861,Paris-7791,50,42,Normal
2026-04-28 12:45:48.937861,Paris-7791,28,92,Normal
2026-04-28 12:45:49.937861,Paris-7791,-18,73,Normal
2026-04-28 12:45:50.937861,Paris-7791,22,25,Normal
2026-04-28 12:45:51.937861,Paris-7791,-14,91,Normal
2026-04-28 12:45:52.937861,Paris-7791,-1,42,Normal
2026-04-28 12:45:53.937861,Paris-7791,-19,11,Normal
2026-04-28 12:45:54.937861,Paris-7791,-20,53,Normal
2026-04-28 12:45:55.937861,Paris-7791,29,84,Normal
2026-04-28 12:45:56.937861,Paris-7791,27,91,Normal
2026-04-28 12:45:57.937861,Paris-7791,-22,37,Normal
2026-04-28 12:45:58.937861,Paris-7791,-11,79,Normal
2026-04-28 12:45:59.937861,Paris-7791,7,12,Normal
2026-04-28 12:46:00.937861,Paris-7791,45,87,Normal
2026-04-28 12:46:01.937861,Paris-7791,39,71,Normal
2026-04-28 12:46:02.937861,Paris-7791,43,72,Normal
2026-04-28 12:46:03.937861,Paris-7791,37,86,Normal
2026-04-28 12:46:04.937861,Paris-7791,-17,47,Normal
2026-04-28 12:46:05.937861,Paris-7791,15,44,Normal
2026-04-28 12:46:06.937861,Paris-7791,-16,71,Normal
2026-04-28 12:46:07.937861,Paris-7791,43,11,Normal
2026-04-28 12:46:08.937861,Paris-7791,-2,49,Normal
2026-04-28 12:46:09.937861,Paris-7791,-15,68,Normal
2026-04-28 12:46:10.937861,Paris-7791,-17,65,Normal
2026-04-28 12:46:11.937861,Paris-7791,30,77,Normal
2026-04-28 12:46:12.937861,Paris-7791,6,44,Normal
2026-04-28 12:46:13.937861,Paris-7791,24,7,Normal
2026-04-28 12:46:14.937861,Paris-7791,-19,77,Normal
2026-04-28 12:46:15.937861,Paris-7791,-21,56,Normal
2026-04-28 12:46:16.937861,Paris-7791,33,95,Normal
2026-04-28 12:46:17.937861,Paris-7791,20,66,Normal
2026-04-28 12:46:18.937861,Paris-7791,22,95,Normal
2026-04-28 12:46:19.937861,Paris-7791,10,13,Normal
2026-04-28 12:46:20.937861,Paris-7791,35,9,Normal
2026-04-28 12:46:21.937861,Paris-7791,43,92,Normal
2026-04-28 12:46:22.937861,Paris-7791,11,13,Normal
2026-04-28 12:46:23.937861,Paris-7791,7,10,Normal
2026-04-28 12:46:24.937861,Paris-7791,12,22,Normal
2026-04-28 12:46:25.937861,Paris-7791,40,77,Normal
2026-04-28 12:46:26.937861,Paris-7791,25,38,Normal
2026-04-28 12:46:27.937861,Paris-7791,45,94,Normal
2026-04-28 12:46:28.937861,Paris-7791,-19,41,Normal
2026-04-28 12:46:29.937861,Paris-7791,-16,26,Normal
2026-04-28 12:46:30.937861,Paris-7791,-23,99,Normal
2026-04-28 12:46:31.937861,Paris-7791,25,72,Normal
2026-04-28 12:46:32.937861,Paris-7791,-15,0,Normal
2026-04-28 12:46:33.937861,Paris-7791,-29,40,Normal
2026-04-28 12:46:34.937861,Paris-7791,37,96,Normal
2026-04-28 12:46:35.937861,Paris-7791,41,71,Normal
2026-04-28 12:46:36.937861,Paris-7791,15,68,Normal
2026-04-28 12:46:37.937861,Paris-7791,42,2,Normal
2026-04-28 12:46:38.937861,Paris-7791,19,96,Normal
2026-04-28 12:46:39.937861,Paris-7791,36,29,Normal
2026-04-28 12:46:40.937861,Paris-7791,44,64,Normal
2026-04-28 12:46:41.937861,Paris-7791,50,62,Normal
2026-04-28 12:46:42.937861,Paris-7791,32,32,Normal
2026-04-28 12:46:43.937861,Paris-7791,-10,40,Normal
2026-04-28 12:46:44.937861,Paris-7791,-30,80,Normal
2026-04-28 12:46:45.937861,Paris-7791,-21,50,Normal
2026-04-28 12:46:46.937861,Paris-7791,37,88,Normal
2026-04-28 12:46:47.937861,Paris-7791,-20,11,Normal
2026-04-28 12:46:48.937861,Paris-7791,6,3,Normal
2026-04-28 12:46:49.937861,Paris-7791,10,89,Normal
2026-04-28 12:46:50.937861,Paris-7791,-1,5,Normal
2026-04-28 12:46:51.937861,Paris-7791,40,28,Normal
2026-04-28 12:46:52.937861,Paris-7791,29,39,Normal
2026-04-28 12:46:53.937861,Paris-7791,31,43,Normal
2026-04-28 12:46:54.937861,Paris-7791,-17,84,Normal
2026-04-28 12:46:55.937861,Paris-7791,20,69,Normal
2026-04-28 12:46:56.937861,Paris-7791,7,81,Normal
2026-04-28 12:46:57.937861,Paris-7791,17,95,Normal
2026-04-28 12:46:58.937861,Paris-7791,5,48,Normal
2026-04-28 12:46:59.937861,Paris-7791,36,41,Normal
2026-04-28 12:47:00.937861,Paris-7791,37,56,Normal
2026-04-28 12:47:01.937861,Paris-7791,-26,55,Normal
2026-04-28 12:47:02.937861,Paris-7791,12,5,Normal
2026-04-28 12:47:03.937861,Paris-7791,-7,99,Normal
2026-04-28 12:47:04.937861,Paris-7791,31,31,Normal
2026-04-28 12:47:05.937861,Paris-7791,12,0,Normal
2026-04-28 12:47:06.937861,Paris-7791,25,2,Normal
2026-04-28 12:47:07.937861,Paris-7791,-14,31,Normal
2026-04-28 12:47:08.937861,Paris-7791,42,7,Normal
2026-04-28 12:47:09.937861,Paris-7791,-8,68,Normal
2026-04-28 12:47:10.937861,Paris-7791,5,2,Normal
2026-04-28 12:47:11.937861,Paris-7791,-18,16,Normal
2026-04-28 12:47:12.937861,Paris-7791,19,1,Normal
2026-04-28 12:47:13.937861,Paris-7791,5,29,Normal
2026-04-28 12:47:14.937861,Paris-7791,-22,69,Normal
2026-04-28 12:47:15.937861,Paris-7791,-20,41,Normal
2026-04-28 12:47:16.937861,Paris-7791,3,25,Normal
2026-04-28 12:47:17.937861,Paris-7791,-18,68,Normal
2026-04-28 12:47:18.937861,Paris-7791,32,14,Normal
2026-04-28 12:47:19.937861,Paris-7791,5,15,Normal
2026-04-28 12:47:20.937861,Paris-7791,19,26,Normal
2026-04-28 12:47:21.937861,Paris-7791,27,15,Normal
2026-04-28 12:47:22.937861,Paris-7791,3,33,Normal
2026-04-28 12:47:23.937861,Paris-7791,-13,0,Normal
2026-04-28 12:47:24.937861,Paris-7791,46,60,Normal
2026-04-28 12:47:25.937861,Paris-7791,-24,74,Normal
2026-04-28 12:47:26.937861,Paris-7791,-16,79,Normal
2026-04-28 12:47:27.937861,Paris-7791,32,6,Normal
2026-04-28 12:47:28.937861,Paris-7791,-4,84,Normal
2026-04-28 12:47:29.937861,Paris-7791,7,38,Normal
2026-04-28 12:47:30.937861,Paris-7791,-30,92,Normal
2026-04-28 12:47:31.937861,Paris-7791,19,32,Normal
2026-04-28 12:47:32.937861,Paris-7791,43,88,Normal
2026-04-28 12:47:33.937861,Paris-7791,41,27,Normal
2026-04-28 12:47:34.937861,Paris-7791,9,47,Normal
2026-04-28 12:47:35.937861,Paris-7791,49,63,Normal
2026-04-28 12:47:36.937861,Paris-7791,12,93,Normal
2026-04-28 12:47:37.937861,Paris-7791,-14,65,Normal
2026-04-28 12:47:38.937861,Paris-7791,-19,83,Normal
2026-04-28 12:47:39.937861,Paris-7791,18,52,Normal
2026-04-28 12:47:40.937861,Paris-7791,28,1,Normal
2026-04-28 12:47:41.937861,Paris-7791,27,73,Normal
2026-04-28 12:47:42.937861,Paris-7791,-23,1,Normal
2026-04-28 12:47:43.937861,Paris-7791,15,17,Normal
2026-04-28 12:47:44.937861,Paris-7791,33,84,Normal
2026-04-28 12:47:45.937861,Paris-7791,22,63,Normal
2026-04-28 12:47:46.937861,Paris-7791,-3,1,Normal
2026-04-28 12:47:47.937861,Paris-7791,42,21,Normal
2026-04-28 12:47:48.937861,Paris-7791,-9,60,Normal
2026-04-28 12:47:49.937861,Paris-7791,-6,19,Normal
2026-04-28 12:47:50.937861,Paris-7791,49,3,Normal
2026-04-28 12:47:51.937861,Paris-7791,7,39,Normal
2026-04-28 12:47:52.937861,Paris-7791,11,20,Normal
2026-04-28 12:47:53.937861,Paris-7791,5,48,Normal
2026-04-28 12:47:54.937861,Paris-7791,-24,22,Normal
2026-04-28 12:47:55.937861,Paris-7791,4,21,Normal
2026-04-28 12:47:56.937861,Paris-7791,7,83,Normal
2026-04-28 12:47:57.937861,Paris-7791,13,93,Normal
2026-04-28 12:47:58.937861,Paris-7791,14,45,Normal
2026-04-28 12:47:59.937861,Paris-7791,11,32,Normal
2026-04-28 12:48:00.937861,Paris-7791,3,86,Normal
2026-04-28 12:48:01.937861,Paris-7791,1,95,Normal
2026-04-28 12:48:02.937861,Paris-7791,28,84,Normal
2026-04-28 12:48:03.937861,Paris-7791,-18,55,Normal
2026-04-28 12:48:04.937861,Paris-7791,25,74,Normal
2026-04-28 12:48:05.937861,Paris-7791,-10,98,Normal
2026-04-28 12:48:06.937861,Paris-7791,41,36,Normal
2026-04-28 12:48:07.937861,Paris-7791,1,0,Normal
2026-04-28 12:48:08.937861,Paris-7791,-2,32,Normal
2026-04-28 12:48:09.937861,Paris-7791,9,19,Normal
2026-04-28 12:48:10.937861,Paris-7791,32,54,Normal
2026-04-28 12:48:11.937861,Paris-7791,5,51,Normal
2026-04-28 12:48:12.937861,Paris-7791,36,100,Normal
2026-04-28 12:48:13.937861,Paris-7791,-21,99,Normal
2026-04-28 12:48:14.937861,Paris-7791,13,43,Normal
2026-04-28 12:48:15.937861,Paris-7791,-29,80,Normal
2026-04-28 12:48:16.937861,Paris-7791,-8,94,Normal
2026-04-28 12:48:17.937861,Paris-7791,-5,11,Normal
2026-04-28 12:48:18.937861,Paris-7791,45,21,Normal
2026-04-28 12:48:19.937861,Paris-7791,27,34,Normal
2026-04-28 12:48:20.937861,Paris-7791,47,17,Normal
2026-04-28 12:48:21.937861,Paris-7791,7,14,Normal
2026-04-28 12:48:22.937861,Paris-7791,-26,91,Normal
2026-04-28 12:48:23.937861,Paris-7791,-2,29,Normal
2026-04-28 12:48:24.937861,Paris-7791,-29,55,Normal
2026-04-28 12:48:25.937861,Paris-7791,36,92,Normal
2026-04-28 12:48:26.937861,Paris-7791,40,24,Normal
2026-04-28 12:48:27.937861,Paris-7791,-17,26,Normal
2026-04-28 12:48:28.937861,Paris-7791,22,90,Normal
2026-04-28 12:48:29.937861,Paris-7791,8,18,Normal
2026-04-28 12:48:30.937861,Paris-7791,-25,5,Normal
2026-04-28 12:48:31.937861,Paris-7791,-18,73,Normal
2026-04-28 12:48:32.937861,Paris-7791,44,76,Normal
2026-04-28 12:48:33.937861,Paris-7791,17,45,Normal
2026-04-28 12:48:34.937861,Paris-7791,-5,92,Normal
2026-04-28 12:48:35.937861,Paris-7791,-25,91,Normal
2026-04-28 12:48:36.937861,Paris-7791,6,73,Normal
2026-04-28 12:48:37.937861,Paris-7791,-29,43,Normal
2026-04-28 12:48:38.937861,Paris-7791,7,77,Normal
2026-04-28 12:48:39.937861,Paris-7791,37,16,Normal
2026-04-28 12:48:40.937861,Paris-7791,-9,17,Normal
2026-04-28 12:48:41.937861,Paris-7791,11,16,Normal
2026-04-28 12:48:42.937861,Paris-7791,-26,8,Normal
2026-04-28 12:48:43.937861,Paris-7791,-20,96,Normal
2026-04-28 12:48:44.937861,Paris-7791,-2,27,Normal
2026-04-28 12:48:45.937861,Paris-7791,-14,16,Normal
2026-04-28 12:48:46.937861,Paris-7791,39,81,Normal
2026-04-28 12:48:47.937861,Paris-7791,14,34,Normal
2026-04-28 12:48:48.937861,Paris-7791,-16,14,Normal
2026-04-28 12:48:49.937861,Paris-7791,10,66,Normal
2026-04-28 12:48:50.937861,Paris-7791,1,20,Normal
2026-04-28 12:48:51.937861,Paris-7791,-18,17,Normal
2026-04-28 12:48:52.937861,Paris-7791,-12,68,Normal
2026-04-28 12:48:53.937861,Paris-7791,4,88,Normal
2026-04-28 12:48:54.937861,Paris-7791,-6,99,Normal
2026-04-28 12:48:55.937861,Paris-7791,9,27,Normal
2026-04-28 12:48:56.937861,Paris-7791,38,86,Normal
2026-04-28 12:48:57.937861,Paris-7791,37,83,Normal
2026-04-28 12:48:58.937861,Paris-7791,11,44,Normal
2026-04-28 12:48:59.937861,Paris-7791,-23,3,Normal
2026-04-28 12:49:00.937861,Paris-7791,46,81,Normal
2026-04-28 12:49:01.937861,Paris-7791,34,18,Normal
2026-04-28 12:49:02.937861,Paris-7791,-22,36,Normal
2026-04-28 12:49:03.937861,Paris-7791,-24,90,Normal
2026-04-28 12:49:04.937861,Paris-7791,30,45,Normal
2026-04-28 12:49:05.937861,Paris-7791,10,2,Normal
2026-04-28 12:49:06.937861,Paris-7791,10,59,Normal
2026-04-28 12:49:07.937861,Paris-7791,2,27,Normal
2026-04-28 12:49:08.937861,Paris-7791,41,88,Normal
2026-04-28 12:49:09.937861,Paris-7791,7,65,Normal
2026-04-28 12:49:10.937861,Paris-7791,49,68,Normal
2026-04-28 12:49:11.937861,Paris-7791,34,96,Normal
2026-04-28 12:49:12.937861,Paris-7791,-5,9,Normal
2026-04-28 12:49:13.937861,Paris-7791,33,74,Normal
2026-04-28 12:49:14.937861,Paris-7791,18,1,Normal
2026-04-28 12:49:15.937861,Paris-7791,44,36,Normal
2026-04-28 12:49:16.937861,Paris-7791,37,79,Normal
2026-04-28 12:49:17.937861,Paris-7791,45,29,Normal
2026-04-28 12:49:18.937861,Paris-7791,-14,63,Normal
2026-04-28 12:49:19.937861,Paris-7791,-1,83,Normal
2026-04-28 12:49:20.937861,Paris-7791,40,15,Normal
2026-04-28 12:49:21.937861,Paris-7791,44,20,Normal
2026-04-28 12:49:22.937861,Paris-7791,40,26,Normal
2026-04-28 12:49:23.937861,Paris-7791,49,77,Normal
2026-04-28 12:49:24.937861,Paris-7791,41,70,Normal
2026-04-28 12:49:25.937861,Paris-7791,14,10,Normal
2026-04-28 12:49:26.937861,Paris-7791,10,82,Normal
2026-04-28 12:49:27.937861,Paris-7791,35,44,Normal
2026-04-28 12:49:28.937861,Paris-7791,-18,37,Normal
2026-04-28 12:49:29.937861,Paris-7791,-15,39,Normal
2026-04-28 12:49:30.937861,Paris-7791,36,43,Normal
2026-04-28 12:49:31.937861,Paris-7791,46,5,Normal
2026-04-28 12:49:32.937861,Paris-7791,32,2,Normal
2026-04-28 12:49:33.937861,Paris-7791,42,5,Normal
2026-04-28 12:49:34.937861,Paris-7791,-9,44,Normal
2026-04-28 12:49:35.937861,Paris-7791,26,62,Normal
2026-04-28 12:49:36.937861,Paris-7791,6,72,Normal
2026-04-28 12:49:37.937861,Paris-7791,42,21,Normal
2026-04-28 12:49:38.937861,Paris-7791,17,80,Normal
2026-04-28 12:49:39.937861,Paris-7791,43,75,Normal
2026-04-28 12:49:40.937861,Paris-7791,38,68,Normal
2026-04-28 12:49:41.937861,Paris-7791,43,91,Normal
2026-04-28 12:49:42.937861,Paris-7791,-5,15,Normal
2026-04-28 12:49:43.937861,Paris-7791,33,95,Normal
2026-04-28 12:49:44.937861,Paris-7791,10,68,Normal
2026-04-28 12:49:45.937861,Paris-7791,-20,80,Normal
2026-04-28 12:49:46.937861,Paris-7791,-6,58,Normal
2026-04-28 12:49:47.937861,Paris-7791,-2,6,Normal
2026-04-28 12:49:48.937861,Paris-7791,6,98,Normal
2026-04-28 12:49:49.937861,Paris-7791,-6,91,Normal
2026-04-28 12:49:50.937861,Paris-7791,35,31,Normal
2026-04-28 12:49:51.937861,Paris-7791,41,92,Normal
2026-04-28 12:49:52.937861,Paris-7791,-6,73,Normal
2026-04-28 12:49:53.937861,Paris-7791,7,3,Normal
2026-04-28 12:49:54.937861,Paris-7791,42,6,Normal
2026-04-28 12:49:55.937861,Paris-7791,48,24,Normal
2026-04-28 12:49:56.937861,Paris-7791,-5,3,Normal
2026-04-28 12:49:57.937861,Paris-7791,40,33,Normal
2026-04-28 12:49:58.937861,Paris-7791,-27,49,Normal
2026-04-28 12:49:59.937861,Paris-7791,17,72,Normal
2026-04-28 12:50:00.937861,Paris-7791,24,13,Normal
2026-04-28 12:50:01.937861,Paris-7791,-23,50,Normal
2026-04-28 12:50:02.937861,Paris-7791,-4,85,Normal
2026-04-28 12:50:03.937861,Paris-7791,-18,66,Normal
2026-04-28 12:50:04.937861,Paris-7791,30,93,Normal
2026-04-28 12:50:05.937861,Paris-7791,45,6,Normal
2026-04-28 12:50:06.937861,Paris-7791,41,46,Normal
2026-04-28 12:50:07.937861,Paris-7791,19,3,Normal
2026-04-28 12:50:08.937861,Paris-7791,-2,33,Normal
2026-04-28 12:50:09.937861,Paris-7791,9,94,Normal
2026-04-28 12:50:10.937861,Paris-7791,11,41,Normal
2026-04-28 12:50:11.937861,Paris-7791,24,51,Normal
2026-04-28 12:50:12.937861,Paris-7791,45,33,Normal
2026-04-28 12:50:13.937861,Paris-7791,-8,93,Normal
2026-04-28 12:50:14.937861,Paris-7791,18,54,Normal
2026-04-28 12:50:15.937861,Paris-7791,7,47,Normal
2026-04-28 12:50:16.937861,Paris-7791,-22,33,Normal
2026-04-28 12:50:17.937861,Paris-7791,23,74,Normal
2026-04-28 12:50:18.937861,Paris-7791,14,29,Normal
2026-04-28 12:50:19.937861,Paris-7791,49,60,Normal
2026-04-28 12:50:20.937861,Paris-7791,14,38,Normal
2026-04-28 12:50:21.937861,Paris-7791,21,21,Normal
2026-04-28 12:50:22.937861,Paris-7791,30,85,Normal
2026-04-28 12:50:23.937861,Paris-7791,-13,21,Normal
2026-04-28 12:50:24.937861,Paris-7791,8,25,Normal
2026-04-28 12:50:25.937861,Paris-7791,20,43,Normal
2026-04-28 12:50:26.937861,Paris-7791,-2,98,Normal
2026-04-28 12:50:27.937861,Paris-7791,45,65,Normal
2026-04-28 12:50:28.937861,Paris-7791,48,46,Normal
2026-04-28 12:50:29.937861,Paris-7791,45,25,Normal
2026-04-28 12:50:30.937861,Paris-7791,46,85,Normal
2026-04-28 12:50:31.937861,Paris-7791,-20,79,Normal
2026-04-28 12:50:32.937861,Paris-7791,30,21,Normal
2026-04-28 12:50:33.937861,Paris-7791,-26,61,Normal
2026-04-28 12:50:34.937861,Paris-7791,-23,92,Normal
2026-04-28 12:50:35.937861,Paris-7791,31,35,Normal
2026-04-28 12:50:36.937861,Paris-7791,31,12,Normal
2026-04-28 12:50:37.937861,Paris-7791,-8,27,Normal
2026-04-28 12:50:38.937861,Paris-7791,-18,54,Normal
2026-04-28 12:50:39.937861,Paris-7791,26,45,Normal
2026-04-28 12:50:40.937861,Paris-7791,16,62,Normal
2026-04-28 12:50:41.937861,Paris-7791,-20,75,Normal
2026-04-28 12:50:42.937861,Paris-7791,-19,0,Normal
2026-04-28 12:50:43.937861,Paris-7791,-8,77,Normal
2026-04-28 12:50:44.937861,Paris-7791,29,64,Normal
2026-04-28 12:50:45.937861,Paris-7791,39,91,Normal
2026-04-28 12:50:46.937861,Paris-7791,18,96,Normal
2026-04-28 12:50:47.937861,Paris-7791,-8,80,Normal
2026-04-28 12:50:48.937861,Paris-7791,-3,77,Normal
2026-04-28 12:50:49.937861,Paris-7791,4,0,Normal
2026-04-28 12:50:50.937861,Paris-7791,-27,85,Normal
2026-04-28 12:50:51.937861,Paris-7791,-17,7,Normal
2026-04-28 12:50:52.937861,Paris-7791,38,58,Normal
2026-04-28 12:50:53.937861,Paris-7791,-2,81,Normal
2026-04-28 12:50:54.937861,Paris-7791,39,25,Normal
2026-04-28 12:50:55.937861,Paris-7791,38,71,Normal
2026-04-28 12:50:56.937861,Paris-7791,-18,61,Normal
2026-04-28 12:50:57.937861,Paris-7791,18,45,Normal
2026-04-28 12:50:58.937861,Paris-7791,12,32,Normal
2026-04-28 12:50:59.937861,Paris-7791,9,74,Normal
2026-04-28 12:51:00.937861,Paris-7791,-27,98,Normal
2026-04-28 12:51:01.937861,Paris-7791,49,65,Normal
2026-04-28 12:51:02.937861,Paris-7791,14,52,Normal
2026-04-28 12:51:03.937861,Paris-7791,34,45,Normal
2026-04-28 12:51:04.937861,Paris-7791,-10,76,Normal
2026-04-28 12:51:05.937861,Paris-7791,17,64,Normal
2026-04-28 12:51:06.937861,Paris-7791,20,96,Normal
2026-04-28 12:51:07.937861,Paris-7791,-1,90,Normal
2026-04-28 12:51:08.937861,Paris-7791,-2,59,Normal
2026-04-28 12:51:09.937861,Paris-7791,15,60,Normal
2026-04-28 12:51:10.937861,Paris-7791,27,99,Normal
2026-04-28 12:51:11.937861,Paris-7791,-26,95,Normal
2026-04-28 12:51:12.937861,Paris-7791,37,70,Normal
2026-04-28 12:51:13.937861,Paris-7791,-22,77,Normal
2026-04-28 12:51:14.937861,Paris-7791,-29,70,Normal
2026-04-28 12:51:15.937861,Paris-7791,3,29,Normal
2026-04-28 12:51:16.937861,Paris-7791,0,48,Normal
2026-04-28 12:51:17.937861,Paris-7791,-18,86,Normal
2026-04-28 12:51:18.937861,Paris-7791,43,84,Normal
2026-04-28 12:51:19.937861,Paris-7791,-18,29,Normal
2026-04-28 12:51:20.937861,Paris-7791,15,23,Normal
2026-04-28 12:51:21.937861,Paris-7791,50,8,Normal
2026-04-28 12:51:22.937861,Paris-7791,48,96,Normal
2026-04-28 12:51:23.937861,Paris-7791,47,100,Normal
2026-04-28 12:51:24.937861,Paris-7791,24,5,Normal
2026-04-28 12:51:25.937861,Paris-7791,4,42,Normal
2026-04-28 12:51:26.937861,Paris-7791,26,76,Normal
2026-04-28 12:51:27.937861,Paris-7791,-25,100,Normal
2026-04-28 12:51:28.937861,Paris-7791,30,20,Normal
2026-04-28 12:51:29.937861,Paris-7791,-2,98,Normal
2026-04-28 12:51:30.937861,Paris-7791,6,48,Normal
2026-04-28 12:51:31.937861,Paris-7791,-24,25,Normal
2026-04-28 12:51:32.937861,Paris-7791,-18,44,Normal
2026-04-28 12:51:33.937861,Paris-7791,-9,65,Normal
2026-04-28 12:51:34.937861,Paris-7791,-28,52,Normal
2026-04-28 12:51:35.937861,Paris-7791,-12,75,Normal
2026-04-28 12:51:36.937861,Paris-7791,34,70,Normal
2026-04-28 12:51:37.937861,Paris-7791,-27,91,Normal
2026-04-28 12:51:38.937861,Paris-7791,36,88,Normal
2026-04-28 12:51:39.937861,Paris-7791,34,25,Normal
2026-04-28 12:51:40.937861,Paris-7791,-24,49,Normal
2026-04-28 12:51:41.937861,Paris-7791,37,19,Normal
2026-04-28 12:51:42.937861,Paris-7791,-6,89,Normal
2026-04-28 12:51:43.937861,Paris-7791,25,41,Normal
2026-04-28 12:51:44.937861,Paris-7791,25,64,Normal
2026-04-28 12:51:45.937861,Paris-7791,36,33,Normal
2026-04-28 12:51:46.937861,Paris-7791,-10,87,Normal
2026-04-28 12:51:47.937861,Paris-7791,-10,51,Normal
2026-04-28 12:51:48.937861,Paris-7791,3,76,Normal
2026-04-28 12:51:49.937861,Paris-7791,-19,26,Normal
2026-04-28 12:51:50.937861,Paris-7791,20,45,Normal
2026-04-28 12:51:51.937861,Paris-7791,-4,36,Normal
2026-04-28 12:51:52.937861,Paris-7791,29,94,Normal
2026-04-28 12:51:53.937861,Paris-7791,-19,10,Normal
2026-04-28 12:51:54.937861,Paris-7791,-23,64,Normal
2026-04-28 12:51:55.937861,Paris-7791,-25,89,Normal
2026-04-28 12:51:56.937861,Paris-7791,-16,41,Normal
2026-04-28 12:51:57.937861,Paris-7791,-24,18,Normal
2026-04-28 12:51:58.937861,Paris-7791,28,19,Normal
2026-04-28 12:51:59.937861,Paris-7791,49,13,Normal
2026-04-28 12:52:00.937861,Paris-7791,-7,91,Normal
2026-04-28 12:52:01.937861,Paris-7791,-21,93,Normal
2026-04-28 12:52:02.937861,Paris-7791,-8,54,Normal
2026-04-28 12:52:03.937861,Paris-7791,50,73,Normal
2026-04-28 12:52:04.937861,Paris-7791,-17,28,Normal
2026-04-28 12:52:05.937861,Paris-7791,14,42,Normal
2026-04-28 12:52:06.937861,Paris-7791,-28,78,Normal
2026-04-28 12:52:07.937861,Paris-7791,-15,39,Normal
2026-04-28 12:52:08.937861,Paris-7791,6,16,Normal
2026-04-28 12:52:09.937861,Paris-7791,-29,48,Normal
2026-04-28 12:52:10.937861,Paris-7791,23,12,Normal
2026-04-28 12:52:11.937861,Paris-7791,15,29,Normal
2026-04-28 12:52:12.937861,Paris-7791,-18,32,Normal
2026-04-28 12:52:13.937861,Paris-7791,27,12,Normal
2026-04-28 12:52:14.937861,Paris-7791,-10,14,Normal
2026-04-28 12:52:15.937861,Paris-7791,30,46,Normal
2026-04-28 12:52:16.937861,Paris-7791,8,95,Normal
2026-04-28 12:52:17.937861,Paris-7791,44,50,Normal
2026-04-28 12:52:18.937861,Paris-7791,-4,74,Normal
2026-04-28 12:52:19.937861,Paris-7791,23,51,Normal
2026-04-28 12:52:20.937861,Paris-7791,13,59,Normal
2026-04-28 12:52:21.937861,Paris-7791,-29,51,Normal
2026-04-28 12:52:22.937861,Paris-7791,-22,75,Normal
2026-04-28 12:52:23.937861,Paris-7791,49,53,Normal
2026-04-28 12:52:24.937861,Paris-7791,36,43,Normal
2026-04-28 12:52:25.937861,Paris-7791,25,82,Normal
2026-04-28 12:52:26.937861,Paris-7791,30,99,Normal
2026-04-28 12:52:27.937861,Paris-7791,28,26,Normal
2026-04-28 12:52:28.937861,Paris-7791,-25,22,Normal
2026-04-28 12:52:29.937861,Paris-7791,30,6,Normal
2026-04-28 12:52:30.937861,Paris-7791,-19,63,Normal
2026-04-28 12:52:31.937861,Paris-7791,-18,93,Normal
2026-04-28 12:52:32.937861,Paris-7791,-16,28,Normal
2026-04-28 12:52:33.937861,Paris-7791,-11,71,Normal
2026-04-28 12:52:34.937861,Paris-7791,-12,58,Normal
2026-04-28 12:52:35.937861,Paris-7791,4,43,Normal
2026-04-28 12:52:36.937861,Paris-7791,36,61,Normal
2026-04-28 12:52:37.937861,Paris-7791,-1,80,Normal
2026-04-28 12:52:38.937861,Paris-7791,34,18,Normal
2026-04-28 12:52:39.937861,Paris-7791,-5,33,Normal
2026-04-28 12:52:40.937861,Paris-7791,-27,73,Normal
2026-04-28 12:52:41.937861,Paris-7791,22,1,Normal
2026-04-28 12:52:42.937861,Paris-7791,-21,100,Normal
2026-04-28 12:52:43.937861,Paris-7791,41,63,Normal
2026-04-28 12:52:44.937861,Paris-7791,-4,22,Normal
2026-04-28 12:52:45.937861,Paris-7791,-4,78,Normal
2026-04-28 12:52:46.937861,Paris-7791,21,31,Normal
2026-04-28 12:52:47.937861,Paris-7791,8,56,Normal
2026-04-28 12:52:48.937861,Paris-7791,8,44,Normal
2026-04-28 12:52:49.937861,Paris-7791,47,15,Normal
2026-04-28 12:52:50.937861,Paris-7791,-24,5,Normal
2026-04-28 12:52:51.937861,Paris-7791,31,84,Normal
2026-04-28 12:52:52.937861,Paris-7791,27,68,Normal
2026-04-28 12:52:53.937861,Paris-7791,36,66,Normal
2026-04-28 12:52:54.937861,Paris-7791,1,62,Normal
2026-04-28 12:52:55.937861,Paris-7791,46,74,Normal
2026-04-28 12:52:56.937861,Paris-7791,21,39,Normal
2026-04-28 12:52:57.937861,Paris-7791,-3,36,Normal
2026-04-28 12:52:58.937861,Paris-7791,28,59,Normal
2026-04-28 12:52:59.937861,Paris-7791,20,76,Normal
2026-04-28 12:53:00.937861,Paris-7791,38,2,Normal
2026-04-28 12:53:01.937861,Paris-7791,21,35,Normal
2026-04-28 12:53:02.937861,Paris-7791,40,58,Normal
2026-04-28 12:53:03.937861,Paris-7791,36,81,Normal
2026-04-28 12:53:04.937861,Paris-7791,14,1,Normal
2026-04-28 12:53:05.937861,Paris-7791,7,67,Normal
2026-04-28 12:53:06.937861,Paris-7791,-28,42,Normal
2026-04-28 12:53:07.937861,Paris-7791,-25,79,Normal
2026-04-28 12:53:08.937861,Paris-7791,27,24,Normal
2026-04-28 12:53:09.937861,Paris-7791,-30,84,Normal
2026-04-28 12:53:10.937861,Paris-7791,41,53,Normal
2026-04-28 12:53:11.937861,Paris-7791,24,35,Normal
2026-04-28 12:53:12.937861,Paris-7791,-28,25,Normal
2026-04-28 12:53:13.937861,Paris-7791,50,31,Normal
2026-04-28 12:53:14.937861,Paris-7791,-5,5,Normal
2026-04-28 12:53:15.937861,Paris-7791,1,89,Normal
2026-04-28 12:53:16.937861,Paris-7791,-19,94,Normal
2026-04-28 12:53:17.937861,Paris-7791,-3,92,Normal
2026-04-28 12:53:18.937861,Paris-7791,2,56,Normal
2026-04-28 12:53:19.937861,Paris-7791,27,95,Normal
2026-04-28 12:53:20.937861,Paris-7791,9,7,Normal
2026-04-28 12:53:21.937861,Paris-7791,42,48,Normal
2026-04-28 12:53:22.937861,Paris-7791,-4,53,Normal
2026-04-28 12:53:23.937861,Paris-7791,14,92,Normal
2026-04-28 12:53:24.937861,Paris-7791,11,15,Normal
2026-04-28 12:53:25.937861,Paris-7791,-1,50,Normal
2026-04-28 12:53:26.937861,Paris-7791,-2,39,Normal
2026-04-28 12:53:27.937861,Paris-7791,-4,41,Normal
2026-04-28 12:53:28.937861,Paris-7791,0,60,Normal
2026-04-28 12:53:29.937861,Paris-7791,38,76,Normal
2026-04-28 12:53:30.937861,Paris-7791,42,64,Normal
2026-04-28 12:53:31.937861,Paris-7791,-27,9,Normal
2026-04-28 12:53:32.937861,Paris-7791,18,85,Normal
2026-04-28 12:53:33.937861,Paris-7791,42,44,Normal
2026-04-28 12:53:34.937861,Paris-7791,42,97,Normal
2026-04-28 12:53:35.937861,Paris-7791,14,23,Normal
2026-04-28 12:53:36.937861,Paris-7791,5,22,Normal
2026-04-28 12:53:37.937861,Paris-7791,36,10,Normal
2026-04-28 12:53:38.937861,Paris-7791,33,14,Normal
2026-04-28 12:53:39.937861,Paris-7791,2,44,Normal
2026-04-28 12:53:40.937861,Paris-7791,38,88,Normal
2026-04-28 12:53:41.937861,Paris-7791,24,9,Normal
2026-04-28 12:53:42.937861,Paris-7791,-16,49,Normal
2026-04-28 12:53:43.937861,Paris-7791,26,8,Normal
2026-04-28 12:53:44.937861,Paris-7791,11,44,Normal
2026-04-28 12:53:45.937861,Paris-7791,2,69,Normal
2026-04-28 12:53:46.937861,Paris-7791,6,31,Normal
2026-04-28 12:53:47.937861,Paris-7791,-15,35,Normal
2026-04-28 12:53:48.937861,Paris-7791,25,37,Normal
2026-04-28 12:53:49.937861,Paris-7791,40,71,Normal
2026-04-28 12:53:50.937861,Paris-7791,48,85,Normal
2026-04-28 12:53:51.937861,Paris-7791,23,72,Normal
2026-04-28 12:53:52.937861,Paris-7791,-19,21,Normal
2026-04-28 12:53:53.937861,Paris-7791,12,83,Normal
2026-04-28 12:53:54.937861,Paris-7791,-20,21,Normal
2026-04-28 12:53:55.937861,Paris-7791,-22,11,Normal
2026-04-28 12:53:56.937861,Paris-7791,32,63,Normal
2026-04-28 12:53:57.937861,Paris-7791,0,97,Normal
2026-04-28 12:53:58.937861,Paris-7791,-14,22,Normal
2026-04-28 12:53:59.937861,Paris-7791,-17,44,Normal
2026-04-28 12:54:00.937861,Paris-7791,8,3,Normal
2026-04-28 12:54:01.937861,Paris-7791,5,60,Normal
2026-04-28 12:54:02.937861,Paris-7791,17,11,Normal
2026-04-28 12:54:03.937861,Paris-7791,-16,55,Normal
2026-04-28 12:54:04.937861,Paris-7791,32,87,Normal
2026-04-28 12:54:05.937861,Paris-7791,-30,8,Normal
2026-04-28 12:54:06.937861,Paris-7791,33,87,Normal
2026-04-28 12:54:07.937861,Paris-7791,-4,18,Normal
2026-04-28 12:54:08.937861,Paris-7791,10,46,Normal
2026-04-28 12:54:09.937861,Paris-7791,1,70,Normal
2026-04-28 12:54:10.937861,Paris-7791,4,81,Normal
2026-04-28 12:54:11.937861,Paris-7791,41,90,Normal
2026-04-28 12:54:12.937861,Paris-7791,25,98,Normal
2026-04-28 12:54:13.937861,Paris-7791,-5,58,Normal
2026-04-28 12:54:14.937861,Paris-7791,-5,73,Normal
2026-04-28 12:54:15.937861,Paris-7791,40,7,Normal
2026-04-28 12:54:16.937861,Paris-7791,26,63,Normal
2026-04-28 12:54:17.937861,Paris-7791,-6,38,Normal
2026-04-28 12:54:18.937861,Paris-7791,33,38,Normal
2026-04-28 12:54:19.937861,Paris-7791,35,14,Normal
2026-04-28 12:54:20.937861,Paris-7791,3,51,Normal
2026-04-28 12:54:21.937861,Paris-7791,29,39,Normal
2026-04-28 12:54:22.937861,Paris-7791,37,90,Normal
2026-04-28 12:54:23.937861,Paris-7791,3,33,Normal
2026-04-28 12:54:24.937861,Paris-7791,-23,51,Normal
2026-04-28 12:54:25.937861,Paris-7791,39,80,Normal
2026-04-28 12:54:26.937861,Paris-7791,-29,39,Normal
2026-04-28 12:54:27.937861,Paris-7791,38,68,Normal
2026-04-28 12:54:28.937861,Paris-7791,-24,43,Normal
2026-04-28 12:54:29.937861,Paris-7791,-28,57,Normal
2026-04-28 12:54:30.937861,Paris-7791,35,22,Normal
2026-04-28 12:54:31.937861,Paris-7791,28,74,Normal
2026-04-28 12:54:32.937861,Paris-7791,4,37,Normal
2026-04-28 12:54:33.937861,Paris-7791,-24,9,Normal
2026-04-28 12:54:34.937861,Paris-7791,7,59,Normal
2026-04-28 12:54:35.937861,Paris-7791,42,31,Normal
2026-04-28 12:54:36.937861,Paris-7791,4,4,Normal
2026-04-28 12:54:37.937861,Paris-7791,9,21,Normal
2026-04-28 12:54:38.937861,Paris-7791,-16,97,Normal
2026-04-28 12:54:39.937861,Paris-7791,-16,41,Normal
2026-04-28 12:54:40.937861,Paris-7791,31,33,Normal
2026-04-28 12:54:41.937861,Paris-7791,40,89,Normal
2026-04-28 12:54:42.937861,Paris-7791,-7,5,Normal
2026-04-28 12:54:43.937861,Paris-7791,-24,65,Normal
2026-04-28 12:54:44.937861,Paris-7791,28,43,Normal
2026-04-28 12:54:45.937861,Paris-7791,-29,28,Normal
2026-04-28 12:54:46.937861,Paris-7791,47,11,Normal
2026-04-28 12:54:47.937861,Paris-7791,38,86,Normal
2026-04-28 12:54:48.937861,Paris-7791,18,5,Normal
2026-04-28 12:54:49.937861,Paris-7791,45,33,Normal
2026-04-28 12:54:50.937861,Paris-7791,50,21,Normal
2026-04-28 12:54:51.937861,Paris-7791,11,46,Normal
2026-04-28 12:54:52.937861,Paris-7791,15,1,Normal
2026-04-28 12:54:53.937861,Paris-7791,-15,14,Normal
2026-04-28 12:54:54.937861,Paris-7791,33,54,Normal
2026-04-28 12:54:55.937861,Paris-7791,41,10,Normal
2026-04-28 12:54:56.937861,Paris-7791,-21,42,Normal
2026-04-28 12:54:57.937861,Paris-7791,41,11,Normal
2026-04-28 12:54:58.937861,Paris-7791,43,33,Normal
2026-04-28 12:54:59.937861,Paris-7791,22,48,Normal
2026-04-28 12:55:00.937861,Paris-7791,39,92,Normal
2026-04-28 12:55:01.937861,Paris-7791,-30,4,Normal
2026-04-28 12:55:02.937861,Paris-7791,37,82,Normal
2026-04-28 12:55:03.937861,Paris-7791,-30,88,Normal
2026-04-28 12:55:04.937861,Paris-7791,-14,0,Normal
2026-04-28 12:55:05.937861,Paris-7791,43,27,Normal
2026-04-28 12:55:06.937861,Paris-7791,37,5,Normal
2026-04-28 12:55:07.937861,Paris-7791,42,65,Normal
2026-04-28 12:55:08.937861,Paris-7791,-20,56,Normal
2026-04-28 12:55:09.937861,Paris-7791,50,15,Normal
2026-04-28 12:55:10.937861,Paris-7791,50,100,Normal
2026-04-28 12:55:11.937861,Paris-7791,-2,47,Normal
2026-04-28 12:55:12.937861,Paris-7791,42,74,Normal
2026-04-28 12:55:13.937861,Paris-7791,-14,93,Normal
2026-04-28 12:55:14.937861,Paris-7791,-4,58,Normal
2026-04-28 12:55:15.937861,Paris-7791,-21,99,Normal
2026-04-28 12:55:16.937861,Paris-7791,29,68,Normal
2026-04-28 12:55:17.937861,Paris-7791,46,94,Normal
2026-04-28 12:55:18.937861,Paris-7791,30,76,Normal
2026-04-28 12:55:19.937861,Paris-7791,43,9,Normal
2026-04-28 12:55:20.937861,Paris-7791,35,81,Normal
2026-04-28 12:55:21.937861,Paris-7791,6,72,Normal
2026-04-28 12:55:22.937861,Paris-7791,23,50,Normal
2026-04-28 12:55:23.937861,Paris-7791,-29,77,Normal
2026-04-28 12:55:24.937861,Paris-7791,-19,94,Normal
2026-04-28 12:55:25.937861,Paris-7791,40,6,Normal
2026-04-28 12:55:26.937861,Paris-7791,7,16,Normal
2026-04-28 12:55:27.937861,Paris-7791,-25,94,Normal
2026-04-28 12:55:28.937861,Paris-7791,-19,93,Normal
2026-04-28 12:55:29.937861,Paris-7791,-11,43,Normal
2026-04-28 12:55:30.937861,Paris-7791,18,45,Normal
2026-04-28 12:55:31.937861,Paris-7791,29,37,Normal
2026-04-28 12:55:32.937861,Paris-7791,-9,71,Normal
2026-04-28 12:55:33.937861,Paris-7791,-13,19,Normal
2026-04-28 12:55:34.937861,Paris-7791,-20,52,Normal
2026-04-28 12:55:35.937861,Paris-7791,-20,93,Normal
2026-04-28 12:55:36.937861,Paris-7791,-2,32,Normal
2026-04-28 12:55:37.937861,Paris-7791,24,73,Normal
2026-04-28 12:55:38.937861,Paris-7791,45,0,Normal
2026-04-28 12:55:39.937861,Paris-7791,9,75,Normal
2026-04-28 12:55:40.937861,Paris-7791,-17,25,Normal
2026-04-28 12:55:41.937861,Paris-7791,-15,90,Normal
2026-04-28 12:55:42.937861,Paris-7791,36,92,Normal
2026-04-28 12:55:43.937861,Paris-7791,12,54,Normal
2026-04-28 12:55:44.937861,Paris-7791,48,20,Normal
2026-04-28 12:55:45.937861,Paris-7791,-1,65,Normal
2026-04-28 12:55:46.937861,Paris-7791,32,75,Normal
2026-04-28 12:55:47.937861,Paris-7791,45,41,Normal
2026-04-28 12:55:48.937861,Paris-7791,14,5,Normal
2026-04-28 12:55:49.937861,Paris-7791,-6,18,Normal
2026-04-28 12:55:50.937861,Paris-7791,-25,45,Normal
2026-04-28 12:55:51.937861,Paris-7791,45,51,Normal
2026-04-28 12:55:52.937861,Paris-7791,48,20,Normal
2026-04-28 12:55:53.937861,Paris-7791,33,3,Normal
2026-04-28 12:55:54.937861,Paris-7791,9,50,Normal
2026-04-28 12:55:55.937861,Paris-7791,8,77,Normal
2026-04-28 12:55:56.937861,Paris-7791,48,95,Normal
2026-04-28 12:55:57.937861,Paris-7791,-20,98,Normal
2026-04-28 12:55:58.937861,Paris-7791,-11,50,Normal
2026-04-28 12:55:59.937861,Paris-7791,-21,21,Normal
2026-04-28 12:56:00.937861,Paris-7791,46,26,Normal
2026-04-28 12:56:01.937861,Paris-7791,22,68,Normal
2026-04-28 12:56:02.937861,Paris-7791,37,47,Normal
2026-04-28 12:56:03.937861,Paris-7791,31,36,Normal
2026-04-28 12:56:04.937861,Paris-7791,30,84,Normal
2026-04-28 12:56:05.937861,Paris-7791,-27,24,Normal
2026-04-28 12:56:06.937861,Paris-7791,49,41,Normal
2026-04-28 12:56:07.937861,Paris-7791,0,33,Normal
2026-04-28 12:56:08.937861,Paris-7791,25,42,Normal
2026-04-28 12:56:09.937861,Paris-7791,6,60,Normal
2026-04-28 12:56:10.937861,Paris-7791,41,46,Normal
2026-04-28 12:56:11.937861,Paris-7791,-1,34,Normal
2026-04-28 12:56:12.937861,Paris-7791,-18,40,Normal
2026-04-28 12:56:13.937861,Paris-7791,-1,5,Normal
2026-04-28 12:56:14.937861,Paris-7791,6,94,Normal
2026-04-28 12:56:15.937861,Paris-7791,-18,10,Normal
2026-04-28 12:56:16.937861,Paris-7791,-30,37,Normal
2026-04-28 12:56:17.937861,Paris-7791,-13,28,Normal
2026-04-28 12:56:18.937861,Paris-7791,29,5,Normal
2026-04-28 12:56:19.937861,Paris-7791,4,67,Normal
2026-04-28 12:56:20.937861,Paris-7791,23,96,Normal
2026-04-28 12:56:21.937861,Paris-7791,14,51,Normal
2026-04-28 12:56:22.937861,Paris-7791,36,43,Normal
2026-04-28 12:56:23.937861,Paris-7791,4,7,Normal
2026-04-28 12:56:24.937861,Paris-7791,-8,0,Normal
2026-04-28 12:56:25.937861,Paris-7791,-5,84,Normal
2026-04-28 12:56:26.937861,Paris-7791,47,68,Normal
2026-04-28 12:56:27.937861,Paris-7791,19,47,Normal
2026-04-28 12:56:28.937861,Paris-7791,17,55,Normal
2026-04-28 12:56:29.937861,Paris-7791,47,30,Normal
2026-04-28 12:56:30.937861,Paris-7791,-24,49,Normal
2026-04-28 12:56:31.937861,Paris-7791,-26,32,Normal
2026-04-28 12:56:32.937861,Paris-7791,-4,51,Normal
2026-04-28 12:56:33.937861,Paris-7791,10,18,Normal
2026-04-28 12:56:34.937861,Paris-7791,-23,44,Normal
2026-04-28 12:56:35.937861,Paris-7791,41,31,Normal
2026-04-28 12:56:36.937861,Paris-7791,-28,8,Normal
2026-04-28 12:56:37.937861,Paris-7791,-12,10,Normal
2026-04-28 12:56:38.937861,Paris-7791,4,58,Normal
2026-04-28 12:56:39.937861,Paris-7791,-12,99,Normal
2026-04-28 12:56:40.937861,Paris-7791,-24,24,Normal
2026-04-28 12:56:41.937861,Paris-7791,9,41,Normal
2026-04-28 12:56:42.937861,Paris-7791,-12,75,Normal
2026-04-28 12:56:43.937861,Paris-7791,-4,46,Normal
2026-04-28 12:56:44.937861,Paris-7791,16,46,Normal
2026-04-28 12:56:45.937861,Paris-7791,-11,38,Normal
2026-04-28 12:56:46.937861,Paris-7791,34,49,Normal
2026-04-28 12:56:47.937861,Paris-7791,50,42,Normal
2026-04-28 12:56:48.937861,Paris-7791,14,77,Normal
2026-04-28 12:56:49.937861,Paris-7791,-21,20,Normal
2026-04-28 12:56:50.937861,Paris-7791,33,86,Normal
2026-04-28 12:56:51.937861,Paris-7791,14,25,Normal
2026-04-28 12:56:52.937861,Paris-7791,-21,92,Normal
2026-04-28 12:56:53.937861,Paris-7791,9,74,Normal
2026-04-28 12:56:54.937861,Paris-7791,50,41,Normal
2026-04-28 12:56:55.937861,Paris-7791,10,44,Normal
2026-04-28 12:56:56.937861,Paris-7791,-26,68,Normal
2026-04-28 12:56:57.937861,Paris-7791,-5,38,Normal
2026-04-28 12:56:58.937861,Paris-7791,-6,8,Normal
2026-04-28 12:56:59.937861,Paris-7791,8,36,Normal
2026-04-28 12:57:00.937861,Paris-7791,-25,55,Normal
2026-04-28 12:57:01.937861,Paris-7791,5,55,Normal
2026-04-28 12:57:02.937861,Paris-7791,8,42,Normal
2026-04-28 12:57:03.937861,Paris-7791,20,69,Normal
2026-04-28 12:57:04.937861,Paris-7791,-23,47,Normal
2026-04-28 12:57:05.937861,Paris-7791,-7,98,Normal
2026-04-28 12:57:06.937861,Paris-7791,26,83,Normal
2026-04-28 12:57:07.937861,Paris-7791,11,93,Normal
2026-04-28 12:57:08.937861,Paris-7791,5,56,Normal
2026-04-28 12:57:09.937861,Paris-7791,-21,70,Normal
2026-04-28 12:57:10.937861,Paris-7791,-26,21,Normal
2026-04-28 12:57:11.937861,Paris-7791,5,60,Normal
2026-04-28 12:57:12.937861,Paris-7791,-17,14,Normal
2026-04-28 12:57:13.937861,Paris-7791,-4,85,Normal
2026-04-28 12:57:14.937861,Paris-7791,30,84,Normal
2026-04-28 12:57:15.937861,Paris-7791,-17,98,Normal
2026-04-28 12:57:16.937861,Paris-7791,-12,44,Normal
2026-04-28 12:57:17.937861,Paris-7791,-19,73,Normal
2026-04-28 12:57:18.937861,Paris-7791,29,42,Normal
2026-04-28 12:57:19.937861,Paris-7791,34,98,Normal
2026-04-28 12:57:20.937861,Paris-7791,14,93,Normal
2026-04-28 12:57:21.937861,Paris-7791,-10,16,Normal
2026-04-28 12:57:22.937861,Paris-7791,36,51,Normal
2026-04-28 12:57:23.937861,Paris-7791,-29,52,Normal
2026-04-28 12:57:24.937861,Paris-7791,16,90,Normal
2026-04-28 12:57:25.937861,Paris-7791,48,23,Normal
2026-04-28 12:57:26.937861,Paris-7791,-2,40,Normal
2026-04-28 12:57:27.937861,Paris-7791,14,46,Normal
2026-04-28 12:57:28.937861,Paris-7791,-1,85,Normal
2026-04-28 12:57:29.937861,Paris-7791,-21,6,Normal
2026-04-28 12:57:30.937861,Paris-7791,43,82,Normal
2026-04-28 12:57:31.937861,Paris-7791,-22,55,Normal
2026-04-28 12:57:32.937861,Paris-7791,-12,92,Normal
2026-04-28 12:57:33.937861,Paris-7791,17,26,Normal
2026-04-28 12:57:34.937861,Paris-7791,13,65,Normal
2026-04-28 12:57:35.937861,Paris-7791,-10,97,Normal
2026-04-28 12:57:36.937861,Paris-7791,38,53,Normal
2026-04-28 12:57:37.937861,Paris-7791,27,32,Normal
2026-04-28 12:57:38.937861,Paris-7791,2,99,Normal
2026-04-28 12:57:39.937861,Paris-7791,36,82,Normal
2026-04-28 12:57:40.937861,Paris-7791,8,62,Normal
2026-04-28 12:57:41.937861,Paris-7791,-4,18,Normal
2026-04-28 12:57:42.937861,Paris-7791,-5,35,Normal
2026-04-28 12:57:43.937861,Paris-7791,41,85,Normal
2026-04-28 12:57:44.937861,Paris-7791,28,38,Normal
2026-04-28 12:57:45.937861,Paris-7791,21,83,Normal
2026-04-28 12:57:46.937861,Paris-7791,34,96,Normal
2026-04-28 12:57:47.937861,Paris-7791,-20,71,Normal
2026-04-28 12:57:48.937861,Paris-7791,50,40,Normal
2026-04-28 12:57:49.937861,Paris-7791,36,60,Normal
2026-04-28 12:57:50.937861,Paris-7791,-12,38,Normal
2026-04-28 12:57:51.937861,Paris-7791,6,20,Normal
2026-04-28 12:57:52.937861,Paris-7791,48,36,Normal
2026-04-28 12:57:53.937861,Paris-7791,-25,23,Normal
2026-04-28 12:57:54.937861,Paris-7791,-6,17,Normal
2026-04-28 12:57:55.937861,Paris-7791,-17,52,Normal
2026-04-28 12:57:56.937861,Paris-7791,29,63,Normal
2026-04-28 12:57:57.937861,Paris-7791,7,85,Normal
2026-04-28 12:57:58.937861,Paris-7791,17,98,Normal
2026-04-28 12:57:59.937861,Paris-7791,-15,90,Normal
2026-04-28 12:58:00.937861,Paris-7791,24,27,Normal
2026-04-28 12:58:01.937861,Paris-7791,-20,24,Normal
2026-04-28 12:58:02.937861,Paris-7791,-5,35,Normal
2026-04-28 12:58:03.937861,Paris-7791,-25,24,Normal
2026-04-28 12:58:04.937861,Paris-7791,43,88,Normal
2026-04-28 12:58:05.937861,Paris-7791,42,11,Normal
2026-04-28 12:58:06.937861,Paris-7791,-3,58,Normal
2026-04-28 12:58:07.937861,Paris-7791,40,69,Normal
2026-04-28 12:58:08.937861,Paris-7791,34,72,Normal
2026-04-28 12:58:09.937861,Paris-7791,-23,6,Normal
2026-04-28 12:58:10.937861,Paris-7791,26,22,Normal
2026-04-28 12:58:11.937861,Paris-7791,-16,3,Normal
2026-04-28 12:58:12.937861,Paris-7791,17,43,Normal
2026-04-28 12:58:13.937861,Paris-7791,-4,64,Normal
2026-04-28 12:58:14.937861,Paris-7791,46,39,Normal
2026-04-28 12:58:15.937861,Paris-7791,-28,29,Normal
2026-04-28 12:58:16.937861,Paris-7791,2,39,Normal
2026-04-28 12:58:17.937861,Paris-7791,-3,1,Normal
2026-04-28 12:58:18.937861,Paris-7791,40,41,Normal
2026-04-28 12:58:19.937861,Paris-7791,11,33,Normal
2026-04-28 12:58:20.937861,Paris-7791,6,9,Normal
2026-04-28 12:58:21.937861,Paris-7791,29,15,Normal
2026-04-28 12:58:22.937861,Paris-7791,-14,17,Normal
2026-04-28 12:58:23.937861,Paris-7791,-5,38,Normal
2026-04-28 12:58:24.937861,Paris-7791,34,26,Normal
2026-04-28 12:58:25.937861,Paris-7791,40,100,Normal
2026-04-28 12:58:26.937861,Paris-7791,38,26,Normal
2026-04-28 12:58:27.937861,Paris-7791,44,99,Normal
2026-04-28 12:58:28.937861,Paris-7791,8,76,Normal
2026-04-28 12:58:29.937861,Paris-7791,37,64,Normal
2026-04-28 12:58:30.937861,Paris-7791,37,72,Normal
2026-04-28 12:58:31.937861,Paris-7791,-7,4,Normal
2026-04-28 12:58:32.937861,Paris-7791,6,40,Normal
2026-04-28 12:58:33.937861,Paris-7791,22,78,Normal
2026-04-28 12:58:34.937861,Paris-7791,22,98,Normal
2026-04-28 12:58:35.937861,Paris-7791,22,1,Normal
2026-04-28 12:58:36.937861,Paris-7791,-15,16,Normal
2026-04-28 12:58:37.937861,Paris-7791,-5,7,Normal
2026-04-28 12:58:38.937861,Paris-7791,-21,31,Normal
2026-04-28 12:58:39.937861,Paris-7791,23,30,Normal
2026-04-28 12:58:40.937861,Paris-7791,-29,74,Normal
2026-04-28 12:58:41.937861,Paris-7791,-6,60,Normal
2026-04-28 12:58:42.937861,Paris-7791,-16,89,Normal
2026-04-28 12:58:43.937861,Paris-7791,30,62,Normal
2026-04-28 12:58:44.937861,Paris-7791,21,69,Normal
2026-04-28 12:58:45.937861,Paris-7791,16,42,Normal
2026-04-28 12:58:46.937861,Paris-7791,37,92,Normal
2026-04-28 12:58:47.937861,Paris-7791,-12,73,Normal
2026-04-28 12:58:48.937861,Paris-7791,-28,82,Normal
2026-04-28 12:58:49.937861,Paris-7791,17,22,Normal
2026-04-28 12:58:50.937861,Paris-7791,18,1,Normal
2026-04-28 12:58:51.937861,Paris-7791,-17,43,Normal
2026-04-28 12:58:52.937861,Paris-7791,-13,20,Normal
2026-04-28 12:58:53.937861,Paris-7791,30,90,Normal
2026-04-28 12:58:54.937861,Paris-7791,-17,55,Normal
2026-04-28 12:58:55.937861,Paris-7791,20,78,Normal
2026-04-28 12:58:56.937861,Paris-7791,27,40,Normal
2026-04-28 12:58:57.937861,Paris-7791,22,8,Normal
2026-04-28 12:58:58.937861,Paris-7791,30,37,Normal
2026-04-28 12:58:59.937861,Paris-7791,28,96,Normal
2026-04-28 12:59:00.937861,Paris-7791,-1,39,Normal
2026-04-28 12:59:01.937861,Paris-7791,24,52,Normal
2026-04-28 12:59:02.937861,Paris-7791,-10,74,Normal
2026-04-28 12:59:03.937861,Paris-7791,10,3,Normal
2026-04-28 12:59:04.937861,Paris-7791,42,24,Normal
2026-04-28 12:59:05.937861,Paris-7791,39,73,Normal
2026-04-28 12:59:06.937861,Paris-7791,9,88,Normal
2026-04-28 12:59:07.937861,Paris-7791,17,3,Normal
2026-04-28 12:59:08.937861,Paris-7791,26,94,Normal
2026-04-28 12:59:09.937861,Paris-7791,26,58,Normal
2026-04-28 12:59:10.937861,Paris-7791,22,94,Normal
2026-04-28 12:59:11.937861,Paris-7791,9,100,Normal
2026-04-28 12:59:12.937861,Paris-7791,23,47,Normal
2026-04-28 12:59:13.937861,Paris-7791,-27,63,Normal
