timestamp,station_id,temp,humid,condition
2026-02-15 18:27:42.042051,Toronto-9b92,-10,25,Normal
2026-02-15 18:27:43.042051,Toronto-9b92,40,32,Normal
2026-02-15 18:27:44.042051,Toronto-9b92,37,24,Normal
2026-02-15 18:27:45.042051,Toronto-9b92,1,15,Normal
2026-02-15 18:27:46.042051,Toronto-9b92,-30,13,Normal
2026-02-15 18:27:47.042051,Toronto-9b92,-15,37,Normal
2026-02-15 18:27:48.042051,Toronto-9b92,32,91,Normal
2026-02-15 18:27:49.042051,Toronto-9b92,32,94,Normal
2026-02-15 18:27:50.042051,Toronto-9b92,-28,44,Normal
2026-02-15 18:27:51.042051,Toronto-9b92,-8,89,Normal
2026-02-15 18:27:52.042051,Toronto-9b92,-29,84,Normal
2026-02-15 18:27:53.042051,Toronto-9b92,-16,68,Normal
2026-02-15 18:27:54.042051,Toronto-9b92,21,12,Normal
2026-02-15 18:27:55.042051,Toronto-9b92,19,95,Normal
2026-02-15 18:27:56.042051,Toronto-9b92,6,92,Normal
2026-02-15 18:27:57.042051,Toronto-9b92,48,61,Normal
2026-02-15 18:27:58.042051,Toronto-9b92,24,84,Normal
2026-02-15 18:27:59.042051,Toronto-9b92,-20,14,Normal
2026-02-15 18:28:00.042051,Toronto-9b92,49,11,Normal
2026-02-15 18:28:01.042051,Toronto-9b92,9,81,Normal
2026-02-15 18:28:02.042051,Toronto-9b92,-27,93,Normal
2026-02-15 18:28:03.042051,Toronto-9b92,-5,46,Normal
2026-02-15 18:28:04.042051,Toronto-9b92,50,41,Normal
2026-02-15 18:28:05.042051,Toronto-9b92,-20,16,Normal
2026-02-15 18:28:06.042051,Toronto-9b92,-19,84,Normal
2026-02-15 18:28:07.042051,Toronto-9b92,0,37,Normal
2026-02-15 18:28:08.042051,Toronto-9b92,39,64,Normal
2026-02-15 18:28:09.042051,Toronto-9b92,50,28,Normal
2026-02-15 18:28:10.042051,Toronto-9b92,-19,48,Normal
2026-02-15 18:28:11.042051,Toronto-9b92,-30,9,Normal
2026-02-15 18:28:12.042051,Toronto-9b92,-11,85,Normal
2026-02-15 18:28:13.042051,Toronto-9b92,-28,74,Normal
2026-02-15 18:28:14.042051,Toronto-9b92,43,83,Normal
2026-02-15 18:28:15.042051,Toronto-9b92,29,55,Normal
2026-02-15 18:28:16.042051,Toronto-9b92,7,35,Normal
2026-02-15 18:28:17.042051,Toronto-9b92,-1,95,Normal
2026-02-15 18:28:18.042051,Toronto-9b92,10,77,Normal
2026-02-15 18:28:19.042051,Toronto-9b92,6,32,Normal
2026-02-15 18:28:20.042051,Toronto-9b92,-22,85,Normal
2026-02-15 18:28:21.042051,Toronto-9b92,12,25,Normal
2026-02-15 18:28:22.042051,Toronto-9b92,3,70,Normal
2026-02-15 18:28:23.042051,Toronto-9b92,8,54,Normal
2026-02-15 18:28:24.042051,Toronto-9b92,47,3,Normal
2026-02-15 18:28:25.042051,Toronto-9b92,-6,45,Normal
2026-02-15 18:28:26.042051,Toronto-9b92,31,4,Normal
2026-02-15 18:28:27.042051,Toronto-9b92,38,24,Normal
2026-02-15 18:28:28.042051,Toronto-9b92,-2,32,Normal
2026-02-15 18:28:29.042051,Toronto-9b92,48,39,Normal
2026-02-15 18:28:30.042051,Toronto-9b92,22,22,Normal
2026-02-15 18:28:31.042051,Toronto-9b92,17,65,Normal
2026-02-15 18:28:32.042051,Toronto-9b92,36,80,Normal
2026-02-15 18:28:33.042051,Toronto-9b92,48,63,Normal
2026-02-15 18:28:34.042051,Toronto-9b92,-13,19,Normal
2026-02-15 18:28:35.042051,Toronto-9b92,-1,8,Normal
2026-02-15 18:28:36.042051,Toronto-9b92,23,34,Normal
2026-02-15 18:28:37.042051,Toronto-9b92,33,37,Normal
2026-02-15 18:28:38.042051,Toronto-9b92,42,82,Normal
2026-02-15 18:28:39.042051,Toronto-9b92,47,17,Normal
2026-02-15 18:28:40.042051,Toronto-9b92,-21,90,Normal
2026-02-15 18:28:41.042051,Toronto-9b92,-23,62,Normal
2026-02-15 18:28:42.042051,Toronto-9b92,46,80,Normal
2026-02-15 18:28:43.042051,Toronto-9b92,-15,60,Normal
2026-02-15 18:28:44.042051,Toronto-9b92,-6,28,Normal
2026-02-15 18:28:45.042051,Toronto-9b92,24,33,Normal
2026-02-15 18:28:46.042051,Toronto-9b92,-15,100,Normal
2026-02-15 18:28:47.042051,Toronto-9b92,-5,31,Normal
2026-02-15 18:28:48.042051,Toronto-9b92,-9,3,Normal
2026-02-15 18:28:49.042051,Toronto-9b92,4,41,Normal
2026-02-15 18:28:50.042051,Toronto-9b92,-7,11,Normal
2026-02-15 18:28:51.042051,Toronto-9b92,46,50,Normal
2026-02-15 18:28:52.042051,Toronto-9b92,37,45,Normal
2026-02-15 18:28:53.042051,Toronto-9b92,32,81,Normal
2026-02-15 18:28:54.042051,Toronto-9b92,31,32,Normal
2026-02-15 18:28:55.042051,Toronto-9b92,7,49,Normal
2026-02-15 18:28:56.042051,Toronto-9b92,-12,16,Normal
2026-02-15 18:28:57.042051,Toronto-9b92,26,50,Normal
2026-02-15 18:28:58.042051,Toronto-9b92,-4,100,Normal
2026-02-15 18:28:59.042051,Toronto-9b92,-27,2,Normal
2026-02-15 18:29:00.042051,Toronto-9b92,-24,41,Normal
2026-02-15 18:29:01.042051,Toronto-9b92,13,54,Normal
2026-02-15 18:29:02.042051,Toronto-9b92,-26,73,Normal
2026-02-15 18:29:03.042051,Toronto-9b92,43,79,Normal
2026-02-15 18:29:04.042051,Toronto-9b92,40,20,Normal
2026-02-15 18:29:05.042051,Toronto-9b92,6,40,Normal
2026-02-15 18:29:06.042051,Toronto-9b92,32,0,Normal
2026-02-15 18:29:07.042051,Toronto-9b92,14,79,Normal
2026-02-15 18:29:08.042051,Toronto-9b92,13,74,Normal
2026-02-15 18:29:09.042051,Toronto-9b92,17,3,Normal
2026-02-15 18:29:10.042051,Toronto-9b92,46,26,Normal
2026-02-15 18:29:11.042051,Toronto-9b92,-14,10,Normal
2026-02-15 18:29:12.042051,Toronto-9b92,7,83,Normal
2026-02-15 18:29:13.042051,Toronto-9b92,-23,83,Normal
2026-02-15 18:29:14.042051,Toronto-9b92,-14,78,Normal
2026-02-15 18:29:15.042051,Toronto-9b92,-11,35,Normal
2026-02-15 18:29:16.042051,Toronto-9b92,31,78,Normal
2026-02-15 18:29:17.042051,Toronto-9b92,-16,91,Normal
2026-02-15 18:29:18.042051,Toronto-9b92,2,92,Normal
2026-02-15 18:29:19.042051,Toronto-9b92,-7,45,Normal
2026-02-15 18:29:20.042051,Toronto-9b92,25,87,Normal
2026-02-15 18:29:21.042051,Toronto-9b92,43,66,Normal
2026-02-15 18:29:22.042051,Toronto-9b92,-21,99,Normal
2026-02-15 18:29:23.042051,Toronto-9b92,-13,7,Normal
2026-02-15 18:29:24.042051,Toronto-9b92,20,60,Normal
2026-02-15 18:29:25.042051,Toronto-9b92,2,63,Normal
2026-02-15 18:29:26.042051,Toronto-9b92,33,61,Normal
2026-02-15 18:29:27.042051,Toronto-9b92,5,74,Normal
2026-02-15 18:29:28.042051,Toronto-9b92,-30,36,Normal
2026-02-15 18:29:29.042051,Toronto-9b92,24,56,Normal
2026-02-15 18:29:30.042051,Toronto-9b92,14,5,Normal
2026-02-15 18:29:31.042051,Toronto-9b92,-21,96,Normal
2026-02-15 18:29:32.042051,Toronto-9b92,-12,29,Normal
2026-02-15 18:29:33.042051,Toronto-9b92,3,85,Normal
2026-02-15 18:29:34.042051,Toronto-9b92,48,92,Normal
2026-02-15 18:29:35.042051,Toronto-9b92,44,59,Normal
2026-02-15 18:29:36.042051,Toronto-9b92,43,45,Normal
2026-02-15 18:29:37.042051,Toronto-9b92,26,66,Normal
2026-02-15 18:29:38.042051,Toronto-9b92,25,95,Normal
2026-02-15 18:29:39.042051,Toronto-9b92,-24,3,Normal
2026-02-15 18:29:40.042051,Toronto-9b92,29,14,Normal
2026-02-15 18:29:41.042051,Toronto-9b92,6,95,Normal
2026-02-15 18:29:42.042051,Toronto-9b92,-26,62,Normal
2026-02-15 18:29:43.042051,Toronto-9b92,-22,6,Normal
2026-02-15 18:29:44.042051,Toronto-9b92,43,58,Normal
2026-02-15 18:29:45.042051,Toronto-9b92,-10,21,Normal
2026-02-15 18:29:46.042051,Toronto-9b92,40,47,Normal
2026-02-15 18:29:47.042051,Toronto-9b92,32,78,Normal
2026-02-15 18:29:48.042051,Toronto-9b92,1,98,Normal
2026-02-15 18:29:49.042051,Toronto-9b92,-20,21,Normal
2026-02-15 18:29:50.042051,Toronto-9b92,-10,74,Normal
2026-02-15 18:29:51.042051,Toronto-9b92,-8,23,Normal
2026-02-15 18:29:52.042051,Toronto-9b92,18,35,Normal
2026-02-15 18:29:53.042051,Toronto-9b92,0,47,Normal
2026-02-15 18:29:54.042051,Toronto-9b92,38,40,Normal
2026-02-15 18:29:55.042051,Toronto-9b92,19,90,Normal
2026-02-15 18:29:56.042051,Toronto-9b92,-20,0,Normal
2026-02-15 18:29:57.042051,Toronto-9b92,1,23,Normal
2026-02-15 18:29:58.042051,Toronto-9b92,32,85,Normal
2026-02-15 18:29:59.042051,Toronto-9b92,10,64,Normal
2026-02-15 18:30:00.042051,Toronto-9b92,33,5,Normal
2026-02-15 18:30:01.042051,Toronto-9b92,-10,99,Normal
2026-02-15 18:30:02.042051,Toronto-9b92,-5,60,Normal
2026-02-15 18:30:03.042051,Toronto-9b92,-17,54,Normal
2026-02-15 18:30:04.042051,Toronto-9b92,-11,22,Normal
2026-02-15 18:30:05.042051,Toronto-9b92,44,56,Normal
2026-02-15 18:30:06.042051,Toronto-9b92,-18,57,Normal
2026-02-15 18:30:07.042051,Toronto-9b92,9,86,Normal
2026-02-15 18:30:08.042051,Toronto-9b92,-6,97,Normal
2026-02-15 18:30:09.042051,Toronto-9b92,-27,41,Normal
2026-02-15 18:30:10.042051,Toronto-9b92,-3,18,Normal
2026-02-15 18:30:11.042051,Toronto-9b92,-18,96,Normal
2026-02-15 18:30:12.042051,Toronto-9b92,-25,67,Normal
2026-02-15 18:30:13.042051,Toronto-9b92,3,54,Normal
2026-02-15 18:30:14.042051,Toronto-9b92,-28,48,Normal
2026-02-15 18:30:15.042051,Toronto-9b92,41,95,Normal
2026-02-15 18:30:16.042051,Toronto-9b92,37,4,Normal
2026-02-15 18:30:17.042051,Toronto-9b92,-13,77,Normal
2026-02-15 18:30:18.042051,Toronto-9b92,17,52,Normal
2026-02-15 18:30:19.042051,Toronto-9b92,26,99,Normal
2026-02-15 18:30:20.042051,Toronto-9b92,35,29,Normal
2026-02-15 18:30:21.042051,Toronto-9b92,-11,1,Normal
2026-02-15 18:30:22.042051,Toronto-9b92,29,31,Normal
2026-02-15 18:30:23.042051,Toronto-9b92,48,8,Normal
2026-02-15 18:30:24.042051,Toronto-9b92,35,80,Normal
2026-02-15 18:30:25.042051,Toronto-9b92,10,62,Normal
2026-02-15 18:30:26.042051,Toronto-9b92,-5,92,Normal
2026-02-15 18:30:27.042051,Toronto-9b92,-14,87,Normal
2026-02-15 18:30:28.042051,Toronto-9b92,-25,18,Normal
2026-02-15 18:30:29.042051,Toronto-9b92,-23,56,Normal
2026-02-15 18:30:30.042051,Toronto-9b92,3,87,Normal
2026-02-15 18:30:31.042051,Toronto-9b92,27,61,Normal
2026-02-15 18:30:32.042051,Toronto-9b92,14,49,Normal
2026-02-15 18:30:33.042051,Toronto-9b92,-16,12,Normal
2026-02-15 18:30:34.042051,Toronto-9b92,-17,21,Normal
2026-02-15 18:30:35.042051,Toronto-9b92,45,56,Normal
2026-02-15 18:30:36.042051,Toronto-9b92,17,32,Normal
2026-02-15 18:30:37.042051,Toronto-9b92,32,38,Normal
2026-02-15 18:30:38.042051,Toronto-9b92,39,77,Normal
2026-02-15 18:30:39.042051,Toronto-9b92,36,22,Normal
2026-02-15 18:30:40.042051,Toronto-9b92,44,26,Normal
2026-02-15 18:30:41.042051,Toronto-9b92,41,91,Normal
2026-02-15 18:30:42.042051,Toronto-9b92,16,56,Normal
2026-02-15 18:30:43.042051,Toronto-9b92,43,81,Normal
2026-02-15 18:30:44.042051,Toronto-9b92,-15,75,Normal
2026-02-15 18:30:45.042051,Toronto-9b92,-30,38,Normal
2026-02-15 18:30:46.042051,Toronto-9b92,50,57,Normal
2026-02-15 18:30:47.042051,Toronto-9b92,20,68,Normal
2026-02-15 18:30:48.042051,Toronto-9b92,48,0,Normal
2026-02-15 18:30:49.042051,Toronto-9b92,-22,75,Normal
2026-02-15 18:30:50.042051,Toronto-9b92,24,39,Normal
2026-02-15 18:30:51.042051,Toronto-9b92,-8,87,Normal
2026-02-15 18:30:52.042051,Toronto-9b92,-11,92,Normal
2026-02-15 18:30:53.042051,Toronto-9b92,-23,75,Normal
2026-02-15 18:30:54.042051,Toronto-9b92,-7,9,Normal
2026-02-15 18:30:55.042051,Toronto-9b92,-26,21,Normal
2026-02-15 18:30:56.042051,Toronto-9b92,32,36,Normal
2026-02-15 18:30:57.042051,Toronto-9b92,10,70,Normal
2026-02-15 18:30:58.042051,Toronto-9b92,40,87,Normal
2026-02-15 18:30:59.042051,Toronto-9b92,48,39,Normal
2026-02-15 18:31:00.042051,Toronto-9b92,-19,96,Normal
2026-02-15 18:31:01.042051,Toronto-9b92,9,37,Normal
2026-02-15 18:31:02.042051,Toronto-9b92,14,14,Normal
2026-02-15 18:31:03.042051,Toronto-9b92,11,72,Normal
2026-02-15 18:31:04.042051,Toronto-9b92,44,84,Normal
2026-02-15 18:31:05.042051,Toronto-9b92,13,28,Normal
2026-02-15 18:31:06.042051,Toronto-9b92,43,67,Normal
2026-02-15 18:31:07.042051,Toronto-9b92,-15,90,Normal
2026-02-15 18:31:08.042051,Toronto-9b92,-6,81,Normal
2026-02-15 18:31:09.042051,Toronto-9b92,-10,91,Normal
2026-02-15 18:31:10.042051,Toronto-9b92,36,72,Normal
2026-02-15 18:31:11.042051,Toronto-9b92,-4,28,Normal
2026-02-15 18:31:12.042051,Toronto-9b92,32,70,Normal
2026-02-15 18:31:13.042051,Toronto-9b92,28,92,Normal
2026-02-15 18:31:14.042051,Toronto-9b92,-25,41,Normal
2026-02-15 18:31:15.042051,Toronto-9b92,-16,97,Normal
2026-02-15 18:31:16.042051,Toronto-9b92,12,3,Normal
2026-02-15 18:31:17.042051,Toronto-9b92,-29,17,Normal
2026-02-15 18:31:18.042051,Toronto-9b92,24,57,Normal
2026-02-15 18:31:19.042051,Toronto-9b92,-17,3,Normal
2026-02-15 18:31:20.042051,Toronto-9b92,11,69,Normal
2026-02-15 18:31:21.042051,Toronto-9b92,2,12,Normal
2026-02-15 18:31:22.042051,Toronto-9b92,41,2,Normal
2026-02-15 18:31:23.042051,Toronto-9b92,42,83,Normal
2026-02-15 18:31:24.042051,Toronto-9b92,-17,37,Normal
2026-02-15 18:31:25.042051,Toronto-9b92,7,100,Normal
2026-02-15 18:31:26.042051,Toronto-9b92,44,19,Normal
2026-02-15 18:31:27.042051,Toronto-9b92,28,81,Normal
2026-02-15 18:31:28.042051,Toronto-9b92,46,100,Normal
2026-02-15 18:31:29.042051,Toronto-9b92,-25,48,Normal
2026-02-15 18:31:30.042051,Toronto-9b92,2,35,Normal
2026-02-15 18:31:31.042051,Toronto-9b92,-8,50,Normal
2026-02-15 18:31:32.042051,Toronto-9b92,33,77,Normal
2026-02-15 18:31:33.042051,Toronto-9b92,47,100,Normal
2026-02-15 18:31:34.042051,Toronto-9b92,39,57,Normal
2026-02-15 18:31:35.042051,Toronto-9b92,-18,23,Normal
2026-02-15 18:31:36.042051,Toronto-9b92,-22,13,Normal
2026-02-15 18:31:37.042051,Toronto-9b92,24,92,Normal
2026-02-15 18:31:38.042051,Toronto-9b92,6,87,Normal
2026-02-15 18:31:39.042051,Toronto-9b92,30,99,Normal
2026-02-15 18:31:40.042051,Toronto-9b92,35,46,Normal
2026-02-15 18:31:41.042051,Toronto-9b92,19,62,Normal
2026-02-15 18:31:42.042051,Toronto-9b92,18,89,Normal
2026-02-15 18:31:43.042051,Toronto-9b92,26,96,Normal
2026-02-15 18:31:44.042051,Toronto-9b92,26,86,Normal
2026-02-15 18:31:45.042051,Toronto-9b92,5,26,Normal
2026-02-15 18:31:46.042051,Toronto-9b92,35,66,Normal
2026-02-15 18:31:47.042051,Toronto-9b92,-21,50,Normal
2026-02-15 18:31:48.042051,Toronto-9b92,17,32,Normal
2026-02-15 18:31:49.042051,Toronto-9b92,-24,29,Normal
2026-02-15 18:31:50.042051,Toronto-9b92,-15,41,Normal
2026-02-15 18:31:51.042051,Toronto-9b92,46,24,Normal
2026-02-15 18:31:52.042051,Toronto-9b92,-14,96,Normal
2026-02-15 18:31:53.042051,Toronto-9b92,37,77,Normal
2026-02-15 18:31:54.042051,Toronto-9b92,-20,32,Normal
2026-02-15 18:31:55.042051,Toronto-9b92,11,34,Normal
2026-02-15 18:31:56.042051,Toronto-9b92,30,15,Normal
2026-02-15 18:31:57.042051,Toronto-9b92,-19,2,Normal
2026-02-15 18:31:58.042051,Toronto-9b92,35,60,Normal
2026-02-15 18:31:59.042051,Toronto-9b92,2,90,Normal
2026-02-15 18:32:00.042051,Toronto-9b92,30,52,Normal
2026-02-15 18:32:01.042051,Toronto-9b92,-19,44,Normal
2026-02-15 18:32:02.042051,Toronto-9b92,28,14,Normal
2026-02-15 18:32:03.042051,Toronto-9b92,19,42,Normal
2026-02-15 18:32:04.042051,Toronto-9b92,-3,24,Normal
2026-02-15 18:32:05.042051,Toronto-9b92,22,73,Normal
2026-02-15 18:32:06.042051,Toronto-9b92,28,88,Normal
2026-02-15 18:32:07.042051,Toronto-9b92,-11,8,Normal
2026-02-15 18:32:08.042051,Toronto-9b92,31,23,Normal
2026-02-15 18:32:09.042051,Toronto-9b92,-21,86,Normal
2026-02-15 18:32:10.042051,Toronto-9b92,26,82,Normal
2026-02-15 18:32:11.042051,Toronto-9b92,-27,29,Normal
2026-02-15 18:32:12.042051,Toronto-9b92,9,27,Normal
2026-02-15 18:32:13.042051,Toronto-9b92,36,61,Normal
2026-02-15 18:32:14.042051,Toronto-9b92,15,9,Normal
2026-02-15 18:32:15.042051,Toronto-9b92,9,81,Normal
2026-02-15 18:32:16.042051,Toronto-9b92,-18,7,Normal
2026-02-15 18:32:17.042051,Toronto-9b92,49,39,Normal
2026-02-15 18:32:18.042051,Toronto-9b92,32,16,Normal
2026-02-15 18:32:19.042051,Toronto-9b92,22,10,Normal
2026-02-15 18:32:20.042051,Toronto-9b92,28,91,Normal
2026-02-15 18:32:21.042051,Toronto-9b92,-25,25,Normal
2026-02-15 18:32:22.042051,Toronto-9b92,-12,49,Normal
2026-02-15 18:32:23.042051,Toronto-9b92,4,60,Normal
2026-02-15 18:32:24.042051,Toronto-9b92,-12,56,Normal
2026-02-15 18:32:25.042051,Toronto-9b92,-3,27,Normal
2026-02-15 18:32:26.042051,Toronto-9b92,46,52,Normal
2026-02-15 18:32:27.042051,Toronto-9b92,41,66,Normal
2026-02-15 18:32:28.042051,Toronto-9b92,47,31,Normal
2026-02-15 18:32:29.042051,Toronto-9b92,-23,65,Normal
2026-02-15 18:32:30.042051,Toronto-9b92,14,94,Normal
2026-02-15 18:32:31.042051,Toronto-9b92,-30,61,Normal
2026-02-15 18:32:32.042051,Toronto-9b92,-25,48,Normal
2026-02-15 18:32:33.042051,Toronto-9b92,-29,12,Normal
2026-02-15 18:32:34.042051,Toronto-9b92,28,97,Normal
2026-02-15 18:32:35.042051,Toronto-9b92,-8,4,Normal
2026-02-15 18:32:36.042051,Toronto-9b92,-6,96,Normal
2026-02-15 18:32:37.042051,Toronto-9b92,8,91,Normal
2026-02-15 18:32:38.042051,Toronto-9b92,29,98,Normal
2026-02-15 18:32:39.042051,Toronto-9b92,0,70,Normal
2026-02-15 18:32:40.042051,Toronto-9b92,-29,19,Normal
2026-02-15 18:32:41.042051,Toronto-9b92,-12,37,Normal
2026-02-15 18:32:42.042051,Toronto-9b92,35,100,Normal
2026-02-15 18:32:43.042051,Toronto-9b92,16,65,Normal
2026-02-15 18:32:44.042051,Toronto-9b92,-23,32,Normal
2026-02-15 18:32:45.042051,Toronto-9b92,-14,4,Normal
2026-02-15 18:32:46.042051,Toronto-9b92,0,30,Normal
2026-02-15 18:32:47.042051,Toronto-9b92,40,76,Normal
2026-02-15 18:32:48.042051,Toronto-9b92,-20,39,Normal
2026-02-15 18:32:49.042051,Toronto-9b92,9,98,Normal
2026-02-15 18:32:50.042051,Toronto-9b92,45,47,Normal
2026-02-15 18:32:51.042051,Toronto-9b92,5,29,Normal
2026-02-15 18:32:52.042051,Toronto-9b92,44,48,Normal
2026-02-15 18:32:53.042051,Toronto-9b92,39,24,Normal
2026-02-15 18:32:54.042051,Toronto-9b92,27,70,Normal
2026-02-15 18:32:55.042051,Toronto-9b92,-27,9,Normal
2026-02-15 18:32:56.042051,Toronto-9b92,42,49,Normal
2026-02-15 18:32:57.042051,Toronto-9b92,-21,24,Normal
2026-02-15 18:32:58.042051,Toronto-9b92,25,42,Normal
2026-02-15 18:32:59.042051,Toronto-9b92,-13,21,Normal
2026-02-15 18:33:00.042051,Toronto-9b92,4,47,Normal
2026-02-15 18:33:01.042051,Toronto-9b92,12,88,Normal
2026-02-15 18:33:02.042051,Toronto-9b92,37,57,Normal
2026-02-15 18:33:03.042051,Toronto-9b92,38,92,Normal
2026-02-15 18:33:04.042051,Toronto-9b92,41,5,Normal
2026-02-15 18:33:05.042051,Toronto-9b92,24,100,Normal
2026-02-15 18:33:06.042051,Toronto-9b92,-18,34,Normal
2026-02-15 18:33:07.042051,Toronto-9b92,-17,37,Normal
2026-02-15 18:33:08.042051,Toronto-9b92,-16,47,Normal
2026-02-15 18:33:09.042051,Toronto-9b92,5,78,Normal
2026-02-15 18:33:10.042051,Toronto-9b92,15,38,Normal
2026-02-15 18:33:11.042051,Toronto-9b92,9,39,Normal
2026-02-15 18:33:12.042051,Toronto-9b92,39,29,Normal
2026-02-15 18:33:13.042051,Toronto-9b92,26,30,Normal
2026-02-15 18:33:14.042051,Toronto-9b92,40,85,Normal
2026-02-15 18:33:15.042051,Toronto-9b92,49,10,Normal
2026-02-15 18:33:16.042051,Toronto-9b92,13,90,Normal
2026-02-15 18:33:17.042051,Toronto-9b92,-17,25,Normal
2026-02-15 18:33:18.042051,Toronto-9b92,3,35,Normal
2026-02-15 18:33:19.042051,Toronto-9b92,9,7,Normal
2026-02-15 18:33:20.042051,Toronto-9b92,7,31,Normal
2026-02-15 18:33:21.042051,Toronto-9b92,20,88,Normal
2026-02-15 18:33:22.042051,Toronto-9b92,46,28,Normal
2026-02-15 18:33:23.042051,Toronto-9b92,38,69,Normal
2026-02-15 18:33:24.042051,Toronto-9b92,14,88,Normal
2026-02-15 18:33:25.042051,Toronto-9b92,46,88,Normal
2026-02-15 18:33:26.042051,Toronto-9b92,15,74,Normal
2026-02-15 18:33:27.042051,Toronto-9b92,11,98,Normal
2026-02-15 18:33:28.042051,Toronto-9b92,-26,86,Normal
2026-02-15 18:33:29.042051,Toronto-9b92,-1,1,Normal
2026-02-15 18:33:30.042051,Toronto-9b92,22,40,Normal
2026-02-15 18:33:31.042051,Toronto-9b92,-5,56,Normal
2026-02-15 18:33:32.042051,Toronto-9b92,27,96,Normal
2026-02-15 18:33:33.042051,Toronto-9b92,11,28,Normal
2026-02-15 18:33:34.042051,Toronto-9b92,19,49,Normal
2026-02-15 18:33:35.042051,Toronto-9b92,22,67,Normal
2026-02-15 18:33:36.042051,Toronto-9b92,15,29,Normal
2026-02-15 18:33:37.042051,Toronto-9b92,38,60,Normal
2026-02-15 18:33:38.042051,Toronto-9b92,21,79,Normal
2026-02-15 18:33:39.042051,Toronto-9b92,28,27,Normal
2026-02-15 18:33:40.042051,Toronto-9b92,17,40,Normal
2026-02-15 18:33:41.042051,Toronto-9b92,48,22,Normal
2026-02-15 18:33:42.042051,Toronto-9b92,-18,63,Normal
2026-02-15 18:33:43.042051,Toronto-9b92,-17,70,Normal
2026-02-15 18:33:44.042051,Toronto-9b92,-21,29,Normal
2026-02-15 18:33:45.042051,Toronto-9b92,-30,20,Normal
2026-02-15 18:33:46.042051,Toronto-9b92,-20,34,Normal
2026-02-15 18:33:47.042051,Toronto-9b92,-11,41,Normal
2026-02-15 18:33:48.042051,Toronto-9b92,50,7,Normal
2026-02-15 18:33:49.042051,Toronto-9b92,-16,88,Normal
2026-02-15 18:33:50.042051,Toronto-9b92,38,1,Normal
2026-02-15 18:33:51.042051,Toronto-9b92,9,100,Normal
2026-02-15 18:33:52.042051,Toronto-9b92,-25,99,Normal
2026-02-15 18:33:53.042051,Toronto-9b92,-4,15,Normal
2026-02-15 18:33:54.042051,Toronto-9b92,12,99,Normal
2026-02-15 18:33:55.042051,Toronto-9b92,2,62,Normal
2026-02-15 18:33:56.042051,Toronto-9b92,41,49,Normal
2026-02-15 18:33:57.042051,Toronto-9b92,-30,65,Normal
2026-02-15 18:33:58.042051,Toronto-9b92,17,87,Normal
2026-02-15 18:33:59.042051,Toronto-9b92,15,49,Normal
2026-02-15 18:34:00.042051,Toronto-9b92,-28,7,Normal
2026-02-15 18:34:01.042051,Toronto-9b92,44,54,Normal
2026-02-15 18:34:02.042051,Toronto-9b92,33,41,Normal
2026-02-15 18:34:03.042051,Toronto-9b92,-9,0,Normal
2026-02-15 18:34:04.042051,Toronto-9b92,20,97,Normal
2026-02-15 18:34:05.042051,Toronto-9b92,-12,69,Normal
2026-02-15 18:34:06.042051,Toronto-9b92,16,25,Normal
2026-02-15 18:34:07.042051,Toronto-9b92,2,49,Normal
2026-02-15 18:34:08.042051,Toronto-9b92,25,74,Normal
2026-02-15 18:34:09.042051,Toronto-9b92,14,10,Normal
2026-02-15 18:34:10.042051,Toronto-9b92,34,78,Normal
2026-02-15 18:34:11.042051,Toronto-9b92,-5,82,Normal
2026-02-15 18:34:12.042051,Toronto-9b92,-5,30,Normal
2026-02-15 18:34:13.042051,Toronto-9b92,25,45,Normal
2026-02-15 18:34:14.042051,Toronto-9b92,-13,42,Normal
2026-02-15 18:34:15.042051,Toronto-9b92,-25,23,Normal
2026-02-15 18:34:16.042051,Toronto-9b92,6,22,Normal
2026-02-15 18:34:17.042051,Toronto-9b92,2,33,Normal
2026-02-15 18:34:18.042051,Toronto-9b92,-16,5,Normal
2026-02-15 18:34:19.042051,Toronto-9b92,28,35,Normal
2026-02-15 18:34:20.042051,Toronto-9b92,45,98,Normal
2026-02-15 18:34:21.042051,Toronto-9b92,-24,16,Normal
2026-02-15 18:34:22.042051,Toronto-9b92,14,2,Normal
2026-02-15 18:34:23.042051,Toronto-9b92,-17,72,Normal
2026-02-15 18:34:24.042051,Toronto-9b92,-15,69,Normal
2026-02-15 18:34:25.042051,Toronto-9b92,33,70,Normal
2026-02-15 18:34:26.042051,Toronto-9b92,15,30,Normal
2026-02-15 18:34:27.042051,Toronto-9b92,-13,11,Normal
2026-02-15 18:34:28.042051,Toronto-9b92,37,62,Normal
2026-02-15 18:34:29.042051,Toronto-9b92,8,19,Normal
2026-02-15 18:34:30.042051,Toronto-9b92,-15,99,Normal
2026-02-15 18:34:31.042051,Toronto-9b92,-24,86,Normal
2026-02-15 18:34:32.042051,Toronto-9b92,1,80,Normal
2026-02-15 18:34:33.042051,Toronto-9b92,48,6,Normal
2026-02-15 18:34:34.042051,Toronto-9b92,-27,20,Normal
2026-02-15 18:34:35.042051,Toronto-9b92,-18,99,Normal
2026-02-15 18:34:36.042051,Toronto-9b92,-7,75,Normal
2026-02-15 18:34:37.042051,Toronto-9b92,-18,97,Normal
2026-02-15 18:34:38.042051,Toronto-9b92,-17,29,Normal
2026-02-15 18:34:39.042051,Toronto-9b92,25,62,Normal
2026-02-15 18:34:40.042051,Toronto-9b92,38,67,Normal
2026-02-15 18:34:41.042051,Toronto-9b92,17,99,Normal
2026-02-15 18:34:42.042051,Toronto-9b92,-4,30,Normal
2026-02-15 18:34:43.042051,Toronto-9b92,20,16,Normal
2026-02-15 18:34:44.042051,Toronto-9b92,-21,59,Normal
2026-02-15 18:34:45.042051,Toronto-9b92,-26,81,Normal
2026-02-15 18:34:46.042051,Toronto-9b92,-30,35,Normal
2026-02-15 18:34:47.042051,Toronto-9b92,30,84,Normal
2026-02-15 18:34:48.042051,Toronto-9b92,-28,50,Normal
2026-02-15 18:34:49.042051,Toronto-9b92,-5,67,Normal
2026-02-15 18:34:50.042051,Toronto-9b92,14,65,Normal
2026-02-15 18:34:51.042051,Toronto-9b92,-17,67,Normal
2026-02-15 18:34:52.042051,Toronto-9b92,45,27,Normal
2026-02-15 18:34:53.042051,Toronto-9b92,-4,5,Normal
2026-02-15 18:34:54.042051,Toronto-9b92,-6,31,Normal
2026-02-15 18:34:55.042051,Toronto-9b92,-19,20,Normal
2026-02-15 18:34:56.042051,Toronto-9b92,-28,94,Normal
2026-02-15 18:34:57.042051,Toronto-9b92,19,0,Normal
2026-02-15 18:34:58.042051,Toronto-9b92,-11,68,Normal
2026-02-15 18:34:59.042051,Toronto-9b92,49,31,Normal
2026-02-15 18:35:00.042051,Toronto-9b92,-7,32,Normal
2026-02-15 18:35:01.042051,Toronto-9b92,-16,62,Normal
2026-02-15 18:35:02.042051,Toronto-9b92,47,34,Normal
2026-02-15 18:35:03.042051,Toronto-9b92,28,46,Normal
2026-02-15 18:35:04.042051,Toronto-9b92,-16,50,Normal
2026-02-15 18:35:05.042051,Toronto-9b92,-1,51,Normal
2026-02-15 18:35:06.042051,Toronto-9b92,32,4,Normal
2026-02-15 18:35:07.042051,Toronto-9b92,-18,75,Normal
2026-02-15 18:35:08.042051,Toronto-9b92,38,42,Normal
2026-02-15 18:35:09.042051,Toronto-9b92,-4,98,Normal
2026-02-15 18:35:10.042051,Toronto-9b92,46,4,Normal
2026-02-15 18:35:11.042051,Toronto-9b92,-4,10,Normal
2026-02-15 18:35:12.042051,Toronto-9b92,-9,63,Normal
2026-02-15 18:35:13.042051,Toronto-9b92,-23,50,Normal
2026-02-15 18:35:14.042051,Toronto-9b92,-8,20,Normal
2026-02-15 18:35:15.042051,Toronto-9b92,-29,42,Normal
2026-02-15 18:35:16.042051,Toronto-9b92,45,8,Normal
2026-02-15 18:35:17.042051,Toronto-9b92,-4,31,Normal
2026-02-15 18:35:18.042051,Toronto-9b92,-4,86,Normal
2026-02-15 18:35:19.042051,Toronto-9b92,39,41,Normal
2026-02-15 18:35:20.042051,Toronto-9b92,42,81,Normal
2026-02-15 18:35:21.042051,Toronto-9b92,24,94,Normal
2026-02-15 18:35:22.042051,Toronto-9b92,13,62,Normal
2026-02-15 18:35:23.042051,Toronto-9b92,24,97,Normal
2026-02-15 18:35:24.042051,Toronto-9b92,0,47,Normal
2026-02-15 18:35:25.042051,Toronto-9b92,32,97,Normal
2026-02-15 18:35:26.042051,Toronto-9b92,18,100,Normal
2026-02-15 18:35:27.042051,Toronto-9b92,-28,99,Normal
2026-02-15 18:35:28.042051,Toronto-9b92,16,41,Normal
2026-02-15 18:35:29.042051,Toronto-9b92,28,23,Normal
2026-02-15 18:35:30.042051,Toronto-9b92,20,13,Normal
2026-02-15 18:35:31.042051,Toronto-9b92,24,11,Normal
2026-02-15 18:35:32.042051,Toronto-9b92,-7,26,Normal
2026-02-15 18:35:33.042051,Toronto-9b92,10,73,Normal
2026-02-15 18:35:34.042051,Toronto-9b92,41,44,Normal
2026-02-15 18:35:35.042051,Toronto-9b92,0,29,Normal
2026-02-15 18:35:36.042051,Toronto-9b92,16,20,Normal
2026-02-15 18:35:37.042051,Toronto-9b92,-22,59,Normal
2026-02-15 18:35:38.042051,Toronto-9b92,34,91,Normal
2026-02-15 18:35:39.042051,Toronto-9b92,-25,20,Normal
2026-02-15 18:35:40.042051,Toronto-9b92,43,97,Normal
2026-02-15 18:35:41.042051,Toronto-9b92,22,10,Normal
2026-02-15 18:35:42.042051,Toronto-9b92,37,17,Normal
2026-02-15 18:35:43.042051,Toronto-9b92,14,84,Normal
2026-02-15 18:35:44.042051,Toronto-9b92,-15,88,Normal
2026-02-15 18:35:45.042051,Toronto-9b92,11,71,Normal
2026-02-15 18:35:46.042051,Toronto-9b92,43,5,Normal
2026-02-15 18:35:47.042051,Toronto-9b92,-14,11,Normal
2026-02-15 18:35:48.042051,Toronto-9b92,-3,95,Normal
2026-02-15 18:35:49.042051,Toronto-9b92,31,87,Normal
2026-02-15 18:35:50.042051,Toronto-9b92,-30,50,Normal
2026-02-15 18:35:51.042051,Toronto-9b92,-4,25,Normal
2026-02-15 18:35:52.042051,Toronto-9b92,26,16,Normal
2026-02-15 18:35:53.042051,Toronto-9b92,-25,78,Normal
2026-02-15 18:35:54.042051,Toronto-9b92,31,59,Normal
2026-02-15 18:35:55.042051,Toronto-9b92,-19,67,Normal
2026-02-15 18:35:56.042051,Toronto-9b92,-18,61,Normal
2026-02-15 18:35:57.042051,Toronto-9b92,7,5,Normal
2026-02-15 18:35:58.042051,Toronto-9b92,19,11,Normal
2026-02-15 18:35:59.042051,Toronto-9b92,-26,36,Normal
2026-02-15 18:36:00.042051,Toronto-9b92,19,45,Normal
2026-02-15 18:36:01.042051,Toronto-9b92,-20,89,Normal
2026-02-15 18:36:02.042051,Toronto-9b92,-10,57,Normal
2026-02-15 18:36:03.042051,Toronto-9b92,-18,43,Normal
2026-02-15 18:36:04.042051,Toronto-9b92,-8,33,Normal
2026-02-15 18:36:05.042051,Toronto-9b92,-30,13,Normal
2026-02-15 18:36:06.042051,Toronto-9b92,6,9,Normal
2026-02-15 18:36:07.042051,Toronto-9b92,18,92,Normal
2026-02-15 18:36:08.042051,Toronto-9b92,28,75,Normal
2026-02-15 18:36:09.042051,Toronto-9b92,29,11,Normal
2026-02-15 18:36:10.042051,Toronto-9b92,27,32,Normal
2026-02-15 18:36:11.042051,Toronto-9b92,-12,23,Normal
2026-02-15 18:36:12.042051,Toronto-9b92,23,57,Normal
2026-02-15 18:36:13.042051,Toronto-9b92,-9,100,Normal
2026-02-15 18:36:14.042051,Toronto-9b92,25,94,Normal
2026-02-15 18:36:15.042051,Toronto-9b92,43,41,Normal
2026-02-15 18:36:16.042051,Toronto-9b92,31,0,Normal
2026-02-15 18:36:17.042051,Toronto-9b92,-30,69,Normal
2026-02-15 18:36:18.042051,Toronto-9b92,13,93,Normal
2026-02-15 18:36:19.042051,Toronto-9b92,3,78,Normal
2026-02-15 18:36:20.042051,Toronto-9b92,28,15,Normal
2026-02-15 18:36:21.042051,Toronto-9b92,33,14,Normal
2026-02-15 18:36:22.042051,Toronto-9b92,19,14,Normal
2026-02-15 18:36:23.042051,Toronto-9b92,21,2,Normal
2026-02-15 18:36:24.042051,Toronto-9b92,-26,26,Normal
2026-02-15 18:36:25.042051,Toronto-9b92,1,58,Normal
2026-02-15 18:36:26.042051,Toronto-9b92,45,14,Normal
2026-02-15 18:36:27.042051,Toronto-9b92,-3,85,Normal
2026-02-15 18:36:28.042051,Toronto-9b92,-18,59,Normal
2026-02-15 18:36:29.042051,Toronto-9b92,-21,86,Normal
2026-02-15 18:36:30.042051,Toronto-9b92,-29,92,Normal
2026-02-15 18:36:31.042051,Toronto-9b92,37,71,Normal
2026-02-15 18:36:32.042051,Toronto-9b92,-1,42,Normal
2026-02-15 18:36:33.042051,Toronto-9b92,-30,93,Normal
2026-02-15 18:36:34.042051,Toronto-9b92,-6,71,Normal
2026-02-15 18:36:35.042051,Toronto-9b92,-27,76,Normal
2026-02-15 18:36:36.042051,Toronto-9b92,-22,5,Normal
2026-02-15 18:36:37.042051,Toronto-9b92,41,62,Normal
2026-02-15 18:36:38.042051,Toronto-9b92,-5,81,Normal
2026-02-15 18:36:39.042051,Toronto-9b92,-10,46,Normal
2026-02-15 18:36:40.042051,Toronto-9b92,-16,87,Normal
2026-02-15 18:36:41.042051,Toronto-9b92,42,61,Normal
2026-02-15 18:36:42.042051,Toronto-9b92,17,78,Normal
2026-02-15 18:36:43.042051,Toronto-9b92,34,16,Normal
2026-02-15 18:36:44.042051,Toronto-9b92,-26,53,Normal
2026-02-15 18:36:45.042051,Toronto-9b92,-22,7,Normal
2026-02-15 18:36:46.042051,Toronto-9b92,-10,98,Normal
2026-02-15 18:36:47.042051,Toronto-9b92,15,27,Normal
2026-02-15 18:36:48.042051,Toronto-9b92,-30,72,Normal
2026-02-15 18:36:49.042051,Toronto-9b92,46,82,Normal
2026-02-15 18:36:50.042051,Toronto-9b92,26,18,Normal
2026-02-15 18:36:51.042051,Toronto-9b92,29,34,Normal
2026-02-15 18:36:52.042051,Toronto-9b92,46,95,Normal
2026-02-15 18:36:53.042051,Toronto-9b92,41,47,Normal
2026-02-15 18:36:54.042051,Toronto-9b92,46,21,Normal
2026-02-15 18:36:55.042051,Toronto-9b92,18,67,Normal
2026-02-15 18:36:56.042051,Toronto-9b92,-11,83,Normal
2026-02-15 18:36:57.042051,Toronto-9b92,-21,6,Normal
2026-02-15 18:36:58.042051,Toronto-9b92,8,11,Normal
2026-02-15 18:36:59.042051,Toronto-9b92,-3,67,Normal
2026-02-15 18:37:00.042051,Toronto-9b92,-11,39,Normal
2026-02-15 18:37:01.042051,Toronto-9b92,43,48,Normal
2026-02-15 18:37:02.042051,Toronto-9b92,37,85,Normal
2026-02-15 18:37:03.042051,Toronto-9b92,6,96,Normal
2026-02-15 18:37:04.042051,Toronto-9b92,-2,88,Normal
2026-02-15 18:37:05.042051,Toronto-9b92,33,23,Normal
2026-02-15 18:37:06.042051,Toronto-9b92,-2,59,Normal
2026-02-15 18:37:07.042051,Toronto-9b92,32,68,Normal
2026-02-15 18:37:08.042051,Toronto-9b92,-3,52,Normal
2026-02-15 18:37:09.042051,Toronto-9b92,15,92,Normal
2026-02-15 18:37:10.042051,Toronto-9b92,50,41,Normal
2026-02-15 18:37:11.042051,Toronto-9b92,-22,44,Normal
2026-02-15 18:37:12.042051,Toronto-9b92,7,96,Normal
2026-02-15 18:37:13.042051,Toronto-9b92,12,94,Normal
2026-02-15 18:37:14.042051,Toronto-9b92,-24,78,Normal
2026-02-15 18:37:15.042051,Toronto-9b92,18,16,Normal
2026-02-15 18:37:16.042051,Toronto-9b92,-26,99,Normal
2026-02-15 18:37:17.042051,Toronto-9b92,16,41,Normal
2026-02-15 18:37:18.042051,Toronto-9b92,14,80,Normal
2026-02-15 18:37:19.042051,Toronto-9b92,-24,23,Normal
2026-02-15 18:37:20.042051,Toronto-9b92,15,99,Normal
2026-02-15 18:37:21.042051,Toronto-9b92,-1,84,Normal
2026-02-15 18:37:22.042051,Toronto-9b92,0,25,Normal
2026-02-15 18:37:23.042051,Toronto-9b92,50,36,Normal
2026-02-15 18:37:24.042051,Toronto-9b92,37,20,Normal
2026-02-15 18:37:25.042051,Toronto-9b92,0,92,Normal
2026-02-15 18:37:26.042051,Toronto-9b92,-27,92,Normal
2026-02-15 18:37:27.042051,Toronto-9b92,-7,88,Normal
2026-02-15 18:37:28.042051,Toronto-9b92,6,30,Normal
2026-02-15 18:37:29.042051,Toronto-9b92,40,15,Normal
2026-02-15 18:37:30.042051,Toronto-9b92,-16,95,Normal
2026-02-15 18:37:31.042051,Toronto-9b92,25,98,Normal
2026-02-15 18:37:32.042051,Toronto-9b92,-19,79,Normal
2026-02-15 18:37:33.042051,Toronto-9b92,24,77,Normal
2026-02-15 18:37:34.042051,Toronto-9b92,39,36,Normal
2026-02-15 18:37:35.042051,Toronto-9b92,37,35,Normal
2026-02-15 18:37:36.042051,Toronto-9b92,-4,69,Normal
2026-02-15 18:37:37.042051,Toronto-9b92,36,65,Normal
2026-02-15 18:37:38.042051,Toronto-9b92,27,77,Normal
2026-02-15 18:37:39.042051,Toronto-9b92,-19,22,Normal
2026-02-15 18:37:40.042051,Toronto-9b92,7,60,Normal
2026-02-15 18:37:41.042051,Toronto-9b92,16,18,Normal
2026-02-15 18:37:42.042051,Toronto-9b92,35,24,Normal
2026-02-15 18:37:43.042051,Toronto-9b92,42,58,Normal
2026-02-15 18:37:44.042051,Toronto-9b92,-23,51,Normal
2026-02-15 18:37:45.042051,Toronto-9b92,-21,67,Normal
2026-02-15 18:37:46.042051,Toronto-9b92,16,45,Normal
2026-02-15 18:37:47.042051,Toronto-9b92,27,66,Normal
2026-02-15 18:37:48.042051,Toronto-9b92,23,96,Normal
2026-02-15 18:37:49.042051,Toronto-9b92,7,94,Normal
2026-02-15 18:37:50.042051,Toronto-9b92,44,30,Normal
2026-02-15 18:37:51.042051,Toronto-9b92,38,17,Normal
2026-02-15 18:37:52.042051,Toronto-9b92,-24,77,Normal
2026-02-15 18:37:53.042051,Toronto-9b92,-27,33,Normal
2026-02-15 18:37:54.042051,Toronto-9b92,50,59,Normal
2026-02-15 18:37:55.042051,Toronto-9b92,7,57,Normal
2026-02-15 18:37:56.042051,Toronto-9b92,2,23,Normal
2026-02-15 18:37:57.042051,Toronto-9b92,20,64,Normal
2026-02-15 18:37:58.042051,Toronto-9b92,10,37,Normal
2026-02-15 18:37:59.042051,Toronto-9b92,-15,65,Normal
2026-02-15 18:38:00.042051,Toronto-9b92,9,89,Normal
2026-02-15 18:38:01.042051,Toronto-9b92,31,98,Normal
2026-02-15 18:38:02.042051,Toronto-9b92,22,87,Normal
2026-02-15 18:38:03.042051,Toronto-9b92,-23,54,Normal
2026-02-15 18:38:04.042051,Toronto-9b92,-27,52,Normal
2026-02-15 18:38:05.042051,Toronto-9b92,-27,27,Normal
2026-02-15 18:38:06.042051,Toronto-9b92,15,14,Normal
2026-02-15 18:38:07.042051,Toronto-9b92,42,4,Normal
2026-02-15 18:38:08.042051,Toronto-9b92,40,31,Normal
2026-02-15 18:38:09.042051,Toronto-9b92,-6,65,Normal
2026-02-15 18:38:10.042051,Toronto-9b92,20,43,Normal
2026-02-15 18:38:11.042051,Toronto-9b92,3,48,Normal
2026-02-15 18:38:12.042051,Toronto-9b92,14,71,Normal
2026-02-15 18:38:13.042051,Toronto-9b92,3,55,Normal
2026-02-15 18:38:14.042051,Toronto-9b92,-27,3,Normal
2026-02-15 18:38:15.042051,Toronto-9b92,-8,27,Normal
2026-02-15 18:38:16.042051,Toronto-9b92,-14,56,Normal
2026-02-15 18:38:17.042051,Toronto-9b92,47,48,Normal
2026-02-15 18:38:18.042051,Toronto-9b92,2,94,Normal
2026-02-15 18:38:19.042051,Toronto-9b92,9,51,Normal
2026-02-15 18:38:20.042051,Toronto-9b92,10,30,Normal
2026-02-15 18:38:21.042051,Toronto-9b92,-29,81,Normal
2026-02-15 18:38:22.042051,Toronto-9b92,16,82,Normal
2026-02-15 18:38:23.042051,Toronto-9b92,26,60,Normal
2026-02-15 18:38:24.042051,Toronto-9b92,24,33,Normal
2026-02-15 18:38:25.042051,Toronto-9b92,43,63,Normal
2026-02-15 18:38:26.042051,Toronto-9b92,-5,14,Normal
2026-02-15 18:38:27.042051,Toronto-9b92,-3,28,Normal
2026-02-15 18:38:28.042051,Toronto-9b92,18,94,Normal
2026-02-15 18:38:29.042051,Toronto-9b92,13,94,Normal
2026-02-15 18:38:30.042051,Toronto-9b92,36,73,Normal
2026-02-15 18:38:31.042051,Toronto-9b92,47,70,Normal
2026-02-15 18:38:32.042051,Toronto-9b92,3,69,Normal
2026-02-15 18:38:33.042051,Toronto-9b92,8,47,Normal
2026-02-15 18:38:34.042051,Toronto-9b92,11,7,Normal
2026-02-15 18:38:35.042051,Toronto-9b92,41,9,Normal
2026-02-15 18:38:36.042051,Toronto-9b92,-6,70,Normal
2026-02-15 18:38:37.042051,Toronto-9b92,11,28,Normal
2026-02-15 18:38:38.042051,Toronto-9b92,41,76,Normal
2026-02-15 18:38:39.042051,Toronto-9b92,14,55,Normal
2026-02-15 18:38:40.042051,Toronto-9b92,15,19,Normal
2026-02-15 18:38:41.042051,Toronto-9b92,39,46,Normal
2026-02-15 18:38:42.042051,Toronto-9b92,15,97,Normal
2026-02-15 18:38:43.042051,Toronto-9b92,-27,35,Normal
2026-02-15 18:38:44.042051,Toronto-9b92,18,98,Normal
2026-02-15 18:38:45.042051,Toronto-9b92,-10,45,Normal
2026-02-15 18:38:46.042051,Toronto-9b92,-12,19,Normal
2026-02-15 18:38:47.042051,Toronto-9b92,-20,17,Normal
2026-02-15 18:38:48.042051,Toronto-9b92,30,35,Normal
2026-02-15 18:38:49.042051,Toronto-9b92,9,86,Normal
2026-02-15 18:38:50.042051,Toronto-9b92,-8,68,Normal
2026-02-15 18:38:51.042051,Toronto-9b92,50,11,Normal
2026-02-15 18:38:52.042051,Toronto-9b92,-19,72,Normal
2026-02-15 18:38:53.042051,Toronto-9b92,-1,85,Normal
2026-02-15 18:38:54.042051,Toronto-9b92,30,18,Normal
2026-02-15 18:38:55.042051,Toronto-9b92,-8,53,Normal
2026-02-15 18:38:56.042051,Toronto-9b92,50,11,Normal
2026-02-15 18:38:57.042051,Toronto-9b92,28,12,Normal
2026-02-15 18:38:58.042051,Toronto-9b92,29,50,Normal
2026-02-15 18:38:59.042051,Toronto-9b92,21,20,Normal
2026-02-15 18:39:00.042051,Toronto-9b92,-19,40,Normal
2026-02-15 18:39:01.042051,Toronto-9b92,39,90,Normal
2026-02-15 18:39:02.042051,Toronto-9b92,41,94,Normal
2026-02-15 18:39:03.042051,Toronto-9b92,17,67,Normal
2026-02-15 18:39:04.042051,Toronto-9b92,9,40,Normal
2026-02-15 18:39:05.042051,Toronto-9b92,10,94,Normal
2026-02-15 18:39:06.042051,Toronto-9b92,-5,100,Normal
2026-02-15 18:39:07.042051,Toronto-9b92,-6,35,Normal
2026-02-15 18:39:08.042051,Toronto-9b92,18,59,Normal
2026-02-15 18:39:09.042051,Toronto-9b92,35,69,Normal
2026-02-15 18:39:10.042051,Toronto-9b92,-18,14,Normal
2026-02-15 18:39:11.042051,Toronto-9b92,32,51,Normal
2026-02-15 18:39:12.042051,Toronto-9b92,-24,66,Normal
2026-02-15 18:39:13.042051,Toronto-9b92,-11,62,Normal
2026-02-15 18:39:14.042051,Toronto-9b92,-19,68,Normal
2026-02-15 18:39:15.042051,Toronto-9b92,20,59,Normal
2026-02-15 18:39:16.042051,Toronto-9b92,46,81,Normal
2026-02-15 18:39:17.042051,Toronto-9b92,47,28,Normal
2026-02-15 18:39:18.042051,Toronto-9b92,15,8,Normal
2026-02-15 18:39:19.042051,Toronto-9b92,-26,10,Normal
2026-02-15 18:39:20.042051,Toronto-9b92,6,47,Normal
2026-02-15 18:39:21.042051,Toronto-9b92,-2,47,Normal
2026-02-15 18:39:22.042051,Toronto-9b92,45,77,Normal
2026-02-15 18:39:23.042051,Toronto-9b92,43,46,Normal
2026-02-15 18:39:24.042051,Toronto-9b92,5,71,Normal
2026-02-15 18:39:25.042051,Toronto-9b92,-14,20,Normal
2026-02-15 18:39:26.042051,Toronto-9b92,-8,74,Normal
2026-02-15 18:39:27.042051,Toronto-9b92,25,8,Normal
2026-02-15 18:39:28.042051,Toronto-9b92,-16,31,Normal
2026-02-15 18:39:29.042051,Toronto-9b92,4,3,Normal
2026-02-15 18:39:30.042051,Toronto-9b92,-4,54,Normal
2026-02-15 18:39:31.042051,Toronto-9b92,11,23,Normal
2026-02-15 18:39:32.042051,Toronto-9b92,50,54,Normal
2026-02-15 18:39:33.042051,Toronto-9b92,-23,82,Normal
2026-02-15 18:39:34.042051,Toronto-9b92,-15,50,Normal
2026-02-15 18:39:35.042051,Toronto-9b92,17,54,Normal
2026-02-15 18:39:36.042051,Toronto-9b92,-6,84,Normal
2026-02-15 18:39:37.042051,Toronto-9b92,45,98,Normal
2026-02-15 18:39:38.042051,Toronto-9b92,-15,26,Normal
2026-02-15 18:39:39.042051,Toronto-9b92,20,81,Normal
2026-02-15 18:39:40.042051,Toronto-9b92,-5,17,Normal
2026-02-15 18:39:41.042051,Toronto-9b92,15,18,Normal
2026-02-15 18:39:42.042051,Toronto-9b92,8,4,Normal
2026-02-15 18:39:43.042051,Toronto-9b92,2,42,Normal
2026-02-15 18:39:44.042051,Toronto-9b92,-26,36,Normal
2026-02-15 18:39:45.042051,Toronto-9b92,30,89,Normal
2026-02-15 18:39:46.042051,Toronto-9b92,8,94,Normal
2026-02-15 18:39:47.042051,Toronto-9b92,2,100,Normal
2026-02-15 18:39:48.042051,Toronto-9b92,30,57,Normal
2026-02-15 18:39:49.042051,Toronto-9b92,29,77,Normal
2026-02-15 18:39:50.042051,Toronto-9b92,-29,34,Normal
2026-02-15 18:39:51.042051,Toronto-9b92,23,38,Normal
2026-02-15 18:39:52.042051,Toronto-9b92,25,57,Normal
2026-02-15 18:39:53.042051,Toronto-9b92,-8,18,Normal
2026-02-15 18:39:54.042051,Toronto-9b92,-4,43,Normal
2026-02-15 18:39:55.042051,Toronto-9b92,12,70,Normal
2026-02-15 18:39:56.042051,Toronto-9b92,41,4,Normal
2026-02-15 18:39:57.042051,Toronto-9b92,32,94,Normal
2026-02-15 18:39:58.042051,Toronto-9b92,13,10,Normal
2026-02-15 18:39:59.042051,Toronto-9b92,31,62,Normal
2026-02-15 18:40:00.042051,Toronto-9b92,-28,26,Normal
2026-02-15 18:40:01.042051,Toronto-9b92,-13,28,Normal
2026-02-15 18:40:02.042051,Toronto-9b92,43,53,Normal
2026-02-15 18:40:03.042051,Toronto-9b92,-17,39,Normal
2026-02-15 18:40:04.042051,Toronto-9b92,17,6,Normal
2026-02-15 18:40:05.042051,Toronto-9b92,-3,13,Normal
2026-02-15 18:40:06.042051,Toronto-9b92,7,8,Normal
2026-02-15 18:40:07.042051,Toronto-9b92,-4,57,Normal
2026-02-15 18:40:08.042051,Toronto-9b92,-7,68,Normal
2026-02-15 18:40:09.042051,Toronto-9b92,4,84,Normal
2026-02-15 18:40:10.042051,Toronto-9b92,-3,99,Normal
2026-02-15 18:40:11.042051,Toronto-9b92,-27,68,Normal
2026-02-15 18:40:12.042051,Toronto-9b92,-18,63,Normal
2026-02-15 18:40:13.042051,Toronto-9b92,22,24,Normal
2026-02-15 18:40:14.042051,Toronto-9b92,17,19,Normal
2026-02-15 18:40:15.042051,Toronto-9b92,12,100,Normal
2026-02-15 18:40:16.042051,Toronto-9b92,-22,94,Normal
2026-02-15 18:40:17.042051,Toronto-9b92,-30,68,Normal
2026-02-15 18:40:18.042051,Toronto-9b92,-27,69,Normal
2026-02-15 18:40:19.042051,Toronto-9b92,-4,50,Normal
2026-02-15 18:40:20.042051,Toronto-9b92,22,62,Normal
2026-02-15 18:40:21.042051,Toronto-9b92,30,8,Normal
2026-02-15 18:40:22.042051,Toronto-9b92,44,35,Normal
2026-02-15 18:40:23.042051,Toronto-9b92,32,79,Normal
2026-02-15 18:40:24.042051,Toronto-9b92,47,47,Normal
2026-02-15 18:40:25.042051,Toronto-9b92,20,26,Normal
2026-02-15 18:40:26.042051,Toronto-9b92,-14,16,Normal
2026-02-15 18:40:27.042051,Toronto-9b92,36,56,Normal
2026-02-15 18:40:28.042051,Toronto-9b92,47,73,Normal
2026-02-15 18:40:29.042051,Toronto-9b92,32,32,Normal
2026-02-15 18:40:30.042051,Toronto-9b92,15,81,Normal
2026-02-15 18:40:31.042051,Toronto-9b92,25,32,Normal
2026-02-15 18:40:32.042051,Toronto-9b92,30,10,Normal
2026-02-15 18:40:33.042051,Toronto-9b92,-17,96,Normal
2026-02-15 18:40:34.042051,Toronto-9b92,26,70,Normal
2026-02-15 18:40:35.042051,Toronto-9b92,44,75,Normal
2026-02-15 18:40:36.042051,Toronto-9b92,33,39,Normal
2026-02-15 18:40:37.042051,Toronto-9b92,3,58,Normal
2026-02-15 18:40:38.042051,Toronto-9b92,-30,72,Normal
2026-02-15 18:40:39.042051,Toronto-9b92,-12,58,Normal
2026-02-15 18:40:40.042051,Toronto-9b92,14,49,Normal
2026-02-15 18:40:41.042051,Toronto-9b92,0,30,Normal
2026-02-15 18:40:42.042051,Toronto-9b92,6,98,Normal
2026-02-15 18:40:43.042051,Toronto-9b92,50,72,Normal
2026-02-15 18:40:44.042051,Toronto-9b92,9,83,Normal
2026-02-15 18:40:45.042051,Toronto-9b92,24,81,Normal
2026-02-15 18:40:46.042051,Toronto-9b92,-15,4,Normal
2026-02-15 18:40:47.042051,Toronto-9b92,-19,67,Normal
2026-02-15 18:40:48.042051,Toronto-9b92,24,91,Normal
2026-02-15 18:40:49.042051,Toronto-9b92,-9,85,Normal
2026-02-15 18:40:50.042051,Toronto-9b92,14,55,Normal
2026-02-15 18:40:51.042051,Toronto-9b92,-13,44,Normal
2026-02-15 18:40:52.042051,Toronto-9b92,29,68,Normal
2026-02-15 18:40:53.042051,Toronto-9b92,5,21,Normal
2026-02-15 18:40:54.042051,Toronto-9b92,-6,43,Normal
2026-02-15 18:40:55.042051,Toronto-9b92,43,43,Normal
2026-02-15 18:40:56.042051,Toronto-9b92,10,10,Normal
2026-02-15 18:40:57.042051,Toronto-9b92,-2,99,Normal
2026-02-15 18:40:58.042051,Toronto-9b92,50,47,Normal
2026-02-15 18:40:59.042051,Toronto-9b92,9,87,Normal
2026-02-15 18:41:00.042051,Toronto-9b92,6,9,Normal
2026-02-15 18:41:01.042051,Toronto-9b92,20,1,Normal
2026-02-15 18:41:02.042051,Toronto-9b92,12,92,Normal
2026-02-15 18:41:03.042051,Toronto-9b92,-23,53,Normal
2026-02-15 18:41:04.042051,Toronto-9b92,18,22,Normal
2026-02-15 18:41:05.042051,Toronto-9b92,48,93,Normal
2026-02-15 18:41:06.042051,Toronto-9b92,-17,81,Normal
2026-02-15 18:41:07.042051,Toronto-9b92,33,83,Normal
2026-02-15 18:41:08.042051,Toronto-9b92,39,1,Normal
2026-02-15 18:41:09.042051,Toronto-9b92,13,43,Normal
2026-02-15 18:41:10.042051,Toronto-9b92,16,31,Normal
2026-02-15 18:41:11.042051,Toronto-9b92,-20,57,Normal
2026-02-15 18:41:12.042051,Toronto-9b92,32,40,Normal
2026-02-15 18:41:13.042051,Toronto-9b92,-7,65,Normal
2026-02-15 18:41:14.042051,Toronto-9b92,-24,34,Normal
2026-02-15 18:41:15.042051,Toronto-9b92,20,0,Normal
2026-02-15 18:41:16.042051,Toronto-9b92,12,83,Normal
2026-02-15 18:41:17.042051,Toronto-9b92,-14,15,Normal
2026-02-15 18:41:18.042051,Toronto-9b92,-14,71,Normal
2026-02-15 18:41:19.042051,Toronto-9b92,17,96,Normal
2026-02-15 18:41:20.042051,Toronto-9b92,32,66,Normal
2026-02-15 18:41:21.042051,Toronto-9b92,-10,68,Normal
2026-02-15 18:41:22.042051,Toronto-9b92,-4,25,Normal
2026-02-15 18:41:23.042051,Toronto-9b92,0,26,Normal
2026-02-15 18:41:24.042051,Toronto-9b92,-9,75,Normal
2026-02-15 18:41:25.042051,Toronto-9b92,26,93,Normal
2026-02-15 18:41:26.042051,Toronto-9b92,12,6,Normal
2026-02-15 18:41:27.042051,Toronto-9b92,35,90,Normal
2026-02-15 18:41:28.042051,Toronto-9b92,46,87,Normal
2026-02-15 18:41:29.042051,Toronto-9b92,-29,54,Normal
2026-02-15 18:41:30.042051,Toronto-9b92,-24,18,Normal
2026-02-15 18:41:31.042051,Toronto-9b92,11,71,Normal
2026-02-15 18:41:32.042051,Toronto-9b92,21,19,Normal
2026-02-15 18:41:33.042051,Toronto-9b92,4,96,Normal
2026-02-15 18:41:34.042051,Toronto-9b92,18,1,Normal
2026-02-15 18:41:35.042051,Toronto-9b92,-4,25,Normal
2026-02-15 18:41:36.042051,Toronto-9b92,8,9,Normal
2026-02-15 18:41:37.042051,Toronto-9b92,-15,4,Normal
2026-02-15 18:41:38.042051,Toronto-9b92,21,61,Normal
2026-02-15 18:41:39.042051,Toronto-9b92,37,17,Normal
2026-02-15 18:41:40.042051,Toronto-9b92,50,23,Normal
2026-02-15 18:41:41.042051,Toronto-9b92,4,47,Normal
2026-02-15 18:41:42.042051,Toronto-9b92,27,36,Normal
2026-02-15 18:41:43.042051,Toronto-9b92,26,100,Normal
2026-02-15 18:41:44.042051,Toronto-9b92,47,44,Normal
2026-02-15 18:41:45.042051,Toronto-9b92,18,90,Normal
2026-02-15 18:41:46.042051,Toronto-9b92,7,31,Normal
2026-02-15 18:41:47.042051,Toronto-9b92,-11,81,Normal
2026-02-15 18:41:48.042051,Toronto-9b92,6,40,Normal
2026-02-15 18:41:49.042051,Toronto-9b92,-8,70,Normal
2026-02-15 18:41:50.042051,Toronto-9b92,30,50,Normal
2026-02-15 18:41:51.042051,Toronto-9b92,-27,31,Normal
2026-02-15 18:41:52.042051,Toronto-9b92,-27,31,Normal
2026-02-15 18:41:53.042051,Toronto-9b92,-9,66,Normal
2026-02-15 18:41:54.042051,Toronto-9b92,22,100,Normal
2026-02-15 18:41:55.042051,Toronto-9b92,9,48,Normal
2026-02-15 18:41:56.042051,Toronto-9b92,-4,75,Normal
2026-02-15 18:41:57.042051,Toronto-9b92,36,63,Normal
2026-02-15 18:41:58.042051,Toronto-9b92,31,41,Normal
2026-02-15 18:41:59.042051,Toronto-9b92,-7,50,Normal
2026-02-15 18:42:00.042051,Toronto-9b92,21,20,Normal
2026-02-15 18:42:01.042051,Toronto-9b92,-17,60,Normal
2026-02-15 18:42:02.042051,Toronto-9b92,46,55,Normal
2026-02-15 18:42:03.042051,Toronto-9b92,4,57,Normal
2026-02-15 18:42:04.042051,Toronto-9b92,-22,83,Normal
2026-02-15 18:42:05.042051,Toronto-9b92,34,2,Normal
2026-02-15 18:42:06.042051,Toronto-9b92,30,64,Normal
2026-02-15 18:42:07.042051,Toronto-9b92,-8,37,Normal
2026-02-15 18:42:08.042051,Toronto-9b92,-6,47,Normal
2026-02-15 18:42:09.042051,Toronto-9b92,15,18,Normal
2026-02-15 18:42:10.042051,Toronto-9b92,19,70,Normal
2026-02-15 18:42:11.042051,Toronto-9b92,-4,49,Normal
2026-02-15 18:42:12.042051,Toronto-9b92,46,90,Normal
2026-02-15 18:42:13.042051,Toronto-9b92,9,45,Normal
2026-02-15 18:42:14.042051,Toronto-9b92,9,15,Normal
2026-02-15 18:42:15.042051,Toronto-9b92,-5,75,Normal
2026-02-15 18:42:16.042051,Toronto-9b92,10,65,Normal
2026-02-15 18:42:17.042051,Toronto-9b92,14,15,Normal
2026-02-15 18:42:18.042051,Toronto-9b92,32,91,Normal
2026-02-15 18:42:19.042051,Toronto-9b92,-17,39,Normal
2026-02-15 18:42:20.042051,Toronto-9b92,11,78,Normal
2026-02-15 18:42:21.042051,Toronto-9b92,-8,76,Normal
2026-02-15 18:42:22.042051,Toronto-9b92,6,23,Normal
2026-02-15 18:42:23.042051,Toronto-9b92,-25,71,Normal
2026-02-15 18:42:24.042051,Toronto-9b92,-4,28,Normal
2026-02-15 18:42:25.042051,Toronto-9b92,-13,42,Normal
2026-02-15 18:42:26.042051,Toronto-9b92,-5,73,Normal
2026-02-15 18:42:27.042051,Toronto-9b92,13,27,Normal
2026-02-15 18:42:28.042051,Toronto-9b92,17,61,Normal
2026-02-15 18:42:29.042051,Toronto-9b92,-19,98,Normal
2026-02-15 18:42:30.042051,Toronto-9b92,-23,68,Normal
2026-02-15 18:42:31.042051,Toronto-9b92,4,22,Normal
2026-02-15 18:42:32.042051,Toronto-9b92,4,18,Normal
2026-02-15 18:42:33.042051,Toronto-9b92,42,75,Normal
2026-02-15 18:42:34.042051,Toronto-9b92,-6,88,Normal
2026-02-15 18:42:35.042051,Toronto-9b92,34,88,Normal
2026-02-15 18:42:36.042051,Toronto-9b92,3,92,Normal
2026-02-15 18:42:37.042051,Toronto-9b92,-28,58,Normal
2026-02-15 18:42:38.042051,Toronto-9b92,8,43,Normal
2026-02-15 18:42:39.042051,Toronto-9b92,25,59,Normal
2026-02-15 18:42:40.042051,Toronto-9b92,44,51,Normal
2026-02-15 18:42:41.042051,Toronto-9b92,15,65,Normal
2026-02-15 18:42:42.042051,Toronto-9b92,45,83,Normal
2026-02-15 18:42:43.042051,Toronto-9b92,18,85,Normal
2026-02-15 18:42:44.042051,Toronto-9b92,7,31,Normal
2026-02-15 18:42:45.042051,Toronto-9b92,4,88,Normal
2026-02-15 18:42:46.042051,Toronto-9b92,1,17,Normal
2026-02-15 18:42:47.042051,Toronto-9b92,-1,80,Normal
2026-02-15 18:42:48.042051,Toronto-9b92,47,56,Normal
2026-02-15 18:42:49.042051,Toronto-9b92,46,20,Normal
2026-02-15 18:42:50.042051,Toronto-9b92,28,11,Normal
2026-02-15 18:42:51.042051,Toronto-9b92,-6,78,Normal
2026-02-15 18:42:52.042051,Toronto-9b92,29,69,Normal
2026-02-15 18:42:53.042051,Toronto-9b92,0,90,Normal
2026-02-15 18:42:54.042051,Toronto-9b92,-17,19,Normal
2026-02-15 18:42:55.042051,Toronto-9b92,-14,72,Normal
2026-02-15 18:42:56.042051,Toronto-9b92,21,72,Normal
2026-02-15 18:42:57.042051,Toronto-9b92,-18,36,Normal
2026-02-15 18:42:58.042051,Toronto-9b92,0,83,Normal
2026-02-15 18:42:59.042051,Toronto-9b92,29,51,Normal
2026-02-15 18:43:00.042051,Toronto-9b92,-29,7,Normal
2026-02-15 18:43:01.042051,Toronto-9b92,-6,13,Normal
2026-02-15 18:43:02.042051,Toronto-9b92,21,12,Normal
2026-02-15 18:43:03.042051,Toronto-9b92,3,46,Normal
2026-02-15 18:43:04.042051,Toronto-9b92,7,33,Normal
2026-02-15 18:43:05.042051,Toronto-9b92,-2,16,Normal
2026-02-15 18:43:06.042051,Toronto-9b92,15,83,Normal
2026-02-15 18:43:07.042051,Toronto-9b92,-15,61,Normal
2026-02-15 18:43:08.042051,Toronto-9b92,31,94,Normal
2026-02-15 18:43:09.042051,Toronto-9b92,21,92,Normal
2026-02-15 18:43:10.042051,Toronto-9b92,-3,5,Normal
2026-02-15 18:43:11.042051,Toronto-9b92,-12,34,Normal
2026-02-15 18:43:12.042051,Toronto-9b92,42,56,Normal
2026-02-15 18:43:13.042051,Toronto-9b92,4,40,Normal
2026-02-15 18:43:14.042051,Toronto-9b92,-14,84,Normal
2026-02-15 18:43:15.042051,Toronto-9b92,13,7,Normal
2026-02-15 18:43:16.042051,Toronto-9b92,49,73,Normal
2026-02-15 18:43:17.042051,Toronto-9b92,28,10,Normal
2026-02-15 18:43:18.042051,Toronto-9b92,-2,54,Normal
2026-02-15 18:43:19.042051,Toronto-9b92,33,10,Normal
2026-02-15 18:43:20.042051,Toronto-9b92,-2,43,Normal
2026-02-15 18:43:21.042051,Toronto-9b92,16,62,Normal
2026-02-15 18:43:22.042051,Toronto-9b92,50,96,Normal
2026-02-15 18:43:23.042051,Toronto-9b92,37,41,Normal
2026-02-15 18:43:24.042051,Toronto-9b92,-24,88,Normal
2026-02-15 18:43:25.042051,Toronto-9b92,41,89,Normal
2026-02-15 18:43:26.042051,Toronto-9b92,1,73,Normal
2026-02-15 18:43:27.042051,Toronto-9b92,-14,8,Normal
2026-02-15 18:43:28.042051,Toronto-9b92,49,65,Normal
2026-02-15 18:43:29.042051,Toronto-9b92,43,37,Normal
2026-02-15 18:43:30.042051,Toronto-9b92,0,67,Normal
2026-02-15 18:43:31.042051,Toronto-9b92,36,79,Normal
2026-02-15 18:43:32.042051,Toronto-9b92,23,77,Normal
2026-02-15 18:43:33.042051,Toronto-9b92,23,0,Normal
2026-02-15 18:43:34.042051,Toronto-9b92,47,88,Normal
2026-02-15 18:43:35.042051,Toronto-9b92,33,20,Normal
2026-02-15 18:43:36.042051,Toronto-9b92,14,64,Normal
2026-02-15 18:43:37.042051,Toronto-9b92,-25,97,Normal
2026-02-15 18:43:38.042051,Toronto-9b92,2,33,Normal
2026-02-15 18:43:39.042051,Toronto-9b92,9,64,Normal
2026-02-15 18:43:40.042051,Toronto-9b92,49,29,Normal
2026-02-15 18:43:41.042051,Toronto-9b92,-10,48,Normal
2026-02-15 18:43:42.042051,Toronto-9b92,-8,71,Normal
2026-02-15 18:43:43.042051,Toronto-9b92,31,54,Normal
2026-02-15 18:43:44.042051,Toronto-9b92,1,87,Normal
2026-02-15 18:43:45.042051,Toronto-9b92,39,61,Normal
2026-02-15 18:43:46.042051,Toronto-9b92,-29,76,Normal
2026-02-15 18:43:47.042051,Toronto-9b92,-9,56,Normal
2026-02-15 18:43:48.042051,Toronto-9b92,38,7,Normal
2026-02-15 18:43:49.042051,Toronto-9b92,48,57,Normal
2026-02-15 18:43:50.042051,Toronto-9b92,10,51,Normal
2026-02-15 18:43:51.042051,Toronto-9b92,21,36,Normal
2026-02-15 18:43:52.042051,Toronto-9b92,23,66,Normal
2026-02-15 18:43:53.042051,Toronto-9b92,13,88,Normal
2026-02-15 18:43:54.042051,Toronto-9b92,-1,17,Normal
2026-02-15 18:43:55.042051,Toronto-9b92,-23,52,Normal
2026-02-15 18:43:56.042051,Toronto-9b92,-24,16,Normal
2026-02-15 18:43:57.042051,Toronto-9b92,48,40,Normal
2026-02-15 18:43:58.042051,Toronto-9b92,-7,34,Normal
2026-02-15 18:43:59.042051,Toronto-9b92,30,74,Normal
2026-02-15 18:44:00.042051,Toronto-9b92,45,89,Normal
2026-02-15 18:44:01.042051,Toronto-9b92,50,11,Normal
2026-02-15 18:44:02.042051,Toronto-9b92,27,90,Normal
2026-02-15 18:44:03.042051,Toronto-9b92,-5,3,Normal
2026-02-15 18:44:04.042051,Toronto-9b92,21,89,Normal
2026-02-15 18:44:05.042051,Toronto-9b92,31,51,Normal
2026-02-15 18:44:06.042051,Toronto-9b92,-5,64,Normal
2026-02-15 18:44:07.042051,Toronto-9b92,-2,80,Normal
2026-02-15 18:44:08.042051,Toronto-9b92,19,8,Normal
2026-02-15 18:44:09.042051,Toronto-9b92,50,98,Normal
2026-02-15 18:44:10.042051,Toronto-9b92,12,14,Normal
2026-02-15 18:44:11.042051,Toronto-9b92,48,80,Normal
2026-02-15 18:44:12.042051,Toronto-9b92,20,22,Normal
2026-02-15 18:44:13.042051,Toronto-9b92,-24,100,Normal
2026-02-15 18:44:14.042051,Toronto-9b92,-8,89,Normal
2026-02-15 18:44:15.042051,Toronto-9b92,20,19,Normal
2026-02-15 18:44:16.042051,Toronto-9b92,44,0,Normal
2026-02-15 18:44:17.042051,Toronto-9b92,-10,54,Normal
2026-02-15 18:44:18.042051,Toronto-9b92,0,17,Normal
2026-02-15 18:44:19.042051,Toronto-9b92,5,43,Normal
2026-02-15 18:44:20.042051,Toronto-9b92,50,73,Normal
2026-02-15 18:44:21.042051,Toronto-9b92,44,72,Normal
2026-02-15 18:44:22.042051,Toronto-9b92,-26,100,Normal
2026-02-15 18:44:23.042051,Toronto-9b92,50,69,Normal
2026-02-15 18:44:24.042051,Toronto-9b92,49,34,Normal
2026-02-15 18:44:25.042051,Toronto-9b92,5,91,Normal
2026-02-15 18:44:26.042051,Toronto-9b92,37,51,Normal
2026-02-15 18:44:27.042051,Toronto-9b92,-7,55,Normal
2026-02-15 18:44:28.042051,Toronto-9b92,-11,86,Normal
2026-02-15 18:44:29.042051,Toronto-9b92,-30,43,Normal
2026-02-15 18:44:30.042051,Toronto-9b92,17,82,Normal
2026-02-15 18:44:31.042051,Toronto-9b92,-5,25,Normal
2026-02-15 18:44:32.042051,Toronto-9b92,9,100,Normal
2026-02-15 18:44:33.042051,Toronto-9b92,3,97,Normal
2026-02-15 18:44:34.042051,Toronto-9b92,16,74,Normal
2026-02-15 18:44:35.042051,Toronto-9b92,35,80,Normal
2026-02-15 18:44:36.042051,Toronto-9b92,-12,68,Normal
2026-02-15 18:44:37.042051,Toronto-9b92,-19,59,Normal
2026-02-15 18:44:38.042051,Toronto-9b92,9,52,Normal
2026-02-15 18:44:39.042051,Toronto-9b92,-16,4,Normal
2026-02-15 18:44:40.042051,Toronto-9b92,20,52,Normal
2026-02-15 18:44:41.042051,Toronto-9b92,25,89,Normal
2026-02-15 18:44:42.042051,Toronto-9b92,0,15,Normal
2026-02-15 18:44:43.042051,Toronto-9b92,14,56,Normal
2026-02-15 18:44:44.042051,Toronto-9b92,-7,5,Normal
2026-02-15 18:44:45.042051,Toronto-9b92,21,19,Normal
2026-02-15 18:44:46.042051,Toronto-9b92,43,88,Normal
2026-02-15 18:44:47.042051,Toronto-9b92,8,66,Normal
2026-02-15 18:44:48.042051,Toronto-9b92,10,33,Normal
2026-02-15 18:44:49.042051,Toronto-9b92,43,43,Normal
2026-02-15 18:44:50.042051,Toronto-9b92,15,88,Normal
2026-02-15 18:44:51.042051,Toronto-9b92,11,65,Normal
2026-02-15 18:44:52.042051,Toronto-9b92,-13,25,Normal
2026-02-15 18:44:53.042051,Toronto-9b92,30,96,Normal
2026-02-15 18:44:54.042051,Toronto-9b92,-17,81,Normal
2026-02-15 18:44:55.042051,Toronto-9b92,3,64,Normal
2026-02-15 18:44:56.042051,Toronto-9b92,15,95,Normal
2026-02-15 18:44:57.042051,Toronto-9b92,-25,45,Normal
2026-02-15 18:44:58.042051,Toronto-9b92,-3,31,Normal
2026-02-15 18:44:59.042051,Toronto-9b92,50,16,Normal
2026-02-15 18:45:00.042051,Toronto-9b92,-18,10,Normal
2026-02-15 18:45:01.042051,Toronto-9b92,1,28,Normal
2026-02-15 18:45:02.042051,Toronto-9b92,8,35,Normal
2026-02-15 18:45:03.042051,Toronto-9b92,22,57,Normal
2026-02-15 18:45:04.042051,Toronto-9b92,-15,28,Normal
2026-02-15 18:45:05.042051,Toronto-9b92,50,82,Normal
2026-02-15 18:45:06.042051,Toronto-9b92,6,57,Normal
2026-02-15 18:45:07.042051,Toronto-9b92,45,67,Normal
2026-02-15 18:45:08.042051,Toronto-9b92,48,100,Normal
2026-02-15 18:45:09.042051,Toronto-9b92,-16,42,Normal
2026-02-15 18:45:10.042051,Toronto-9b92,32,42,Normal
2026-02-15 18:45:11.042051,Toronto-9b92,0,7,Normal
2026-02-15 18:45:12.042051,Toronto-9b92,-28,54,Normal
2026-02-15 18:45:13.042051,Toronto-9b92,26,85,Normal
2026-02-15 18:45:14.042051,Toronto-9b92,-18,29,Normal
2026-02-15 18:45:15.042051,Toronto-9b92,-25,38,Normal
2026-02-15 18:45:16.042051,Toronto-9b92,5,89,Normal
2026-02-15 18:45:17.042051,Toronto-9b92,-16,64,Normal
2026-02-15 18:45:18.042051,Toronto-9b92,45,5,Normal
2026-02-15 18:45:19.042051,Toronto-9b92,-17,88,Normal
2026-02-15 18:45:20.042051,Toronto-9b92,-8,82,Normal
2026-02-15 18:45:21.042051,Toronto-9b92,-29,22,Normal
2026-02-15 18:45:22.042051,Toronto-9b92,11,42,Normal
2026-02-15 18:45:23.042051,Toronto-9b92,-22,35,Normal
2026-02-15 18:45:24.042051,Toronto-9b92,4,72,Normal
2026-02-15 18:45:25.042051,Toronto-9b92,29,46,Normal
2026-02-15 18:45:26.042051,Toronto-9b92,28,77,Normal
2026-02-15 18:45:27.042051,Toronto-9b92,-17,23,Normal
2026-02-15 18:45:28.042051,Toronto-9b92,37,2,Normal
2026-02-15 18:45:29.042051,Toronto-9b92,21,58,Normal
2026-02-15 18:45:30.042051,Toronto-9b92,-7,43,Normal
2026-02-15 18:45:31.042051,Toronto-9b92,34,38,Normal
2026-02-15 18:45:32.042051,Toronto-9b92,49,62,Normal
2026-02-15 18:45:33.042051,Toronto-9b92,32,79,Normal
2026-02-15 18:45:34.042051,Toronto-9b92,42,13,Normal
2026-02-15 18:45:35.042051,Toronto-9b92,40,89,Normal
2026-02-15 18:45:36.042051,Toronto-9b92,-29,29,Normal
2026-02-15 18:45:37.042051,Toronto-9b92,-2,13,Normal
2026-02-15 18:45:38.042051,Toronto-9b92,-15,11,Normal
2026-02-15 18:45:39.042051,Toronto-9b92,46,28,Normal
2026-02-15 18:45:40.042051,Toronto-9b92,31,5,Normal
2026-02-15 18:45:41.042051,Toronto-9b92,8,71,Normal
2026-02-15 18:45:42.042051,Toronto-9b92,47,69,Normal
2026-02-15 18:45:43.042051,Toronto-9b92,-16,27,Normal
2026-02-15 18:45:44.042051,Toronto-9b92,40,47,Normal
2026-02-15 18:45:45.042051,Toronto-9b92,26,54,Normal
2026-02-15 18:45:46.042051,Toronto-9b92,19,53,Normal
2026-02-15 18:45:47.042051,Toronto-9b92,-15,90,Normal
2026-02-15 18:45:48.042051,Toronto-9b92,-17,93,Normal
2026-02-15 18:45:49.042051,Toronto-9b92,24,38,Normal
2026-02-15 18:45:50.042051,Toronto-9b92,22,7,Normal
2026-02-15 18:45:51.042051,Toronto-9b92,-19,41,Normal
2026-02-15 18:45:52.042051,Toronto-9b92,-8,88,Normal
2026-02-15 18:45:53.042051,Toronto-9b92,19,85,Normal
2026-02-15 18:45:54.042051,Toronto-9b92,16,29,Normal
2026-02-15 18:45:55.042051,Toronto-9b92,-29,25,Normal
2026-02-15 18:45:56.042051,Toronto-9b92,-19,25,Normal
2026-02-15 18:45:57.042051,Toronto-9b92,47,14,Normal
2026-02-15 18:45:58.042051,Toronto-9b92,21,71,Normal
2026-02-15 18:45:59.042051,Toronto-9b92,-17,25,Normal
2026-02-15 18:46:00.042051,Toronto-9b92,43,96,Normal
2026-02-15 18:46:01.042051,Toronto-9b92,-12,55,Normal
2026-02-15 18:46:02.042051,Toronto-9b92,18,72,Normal
2026-02-15 18:46:03.042051,Toronto-9b92,-25,76,Normal
2026-02-15 18:46:04.042051,Toronto-9b92,42,17,Normal
2026-02-15 18:46:05.042051,Toronto-9b92,-20,85,Normal
2026-02-15 18:46:06.042051,Toronto-9b92,-26,90,Normal
2026-02-15 18:46:07.042051,Toronto-9b92,-27,83,Normal
2026-02-15 18:46:08.042051,Toronto-9b92,35,89,Normal
2026-02-15 18:46:09.042051,Toronto-9b92,39,25,Normal
2026-02-15 18:46:10.042051,Toronto-9b92,28,38,Normal
2026-02-15 18:46:11.042051,Toronto-9b92,2,92,Normal
2026-02-15 18:46:12.042051,Toronto-9b92,18,34,Normal
2026-02-15 18:46:13.042051,Toronto-9b92,14,5,Normal
2026-02-15 18:46:14.042051,Toronto-9b92,12,39,Normal
2026-02-15 18:46:15.042051,Toronto-9b92,-28,45,Normal
2026-02-15 18:46:16.042051,Toronto-9b92,-20,12,Normal
2026-02-15 18:46:17.042051,Toronto-9b92,35,54,Normal
2026-02-15 18:46:18.042051,Toronto-9b92,21,42,Normal
2026-02-15 18:46:19.042051,Toronto-9b92,8,65,Normal
2026-02-15 18:46:20.042051,Toronto-9b92,36,24,Normal
2026-02-15 18:46:21.042051,Toronto-9b92,41,50,Normal
2026-02-15 18:46:22.042051,Toronto-9b92,40,60,Normal
2026-02-15 18:46:23.042051,Toronto-9b92,22,12,Normal
2026-02-15 18:46:24.042051,Toronto-9b92,-8,99,Normal
2026-02-15 18:46:25.042051,Toronto-9b92,-18,44,Normal
2026-02-15 18:46:26.042051,Toronto-9b92,40,9,Normal
2026-02-15 18:46:27.042051,Toronto-9b92,-29,54,Normal
2026-02-15 18:46:28.042051,Toronto-9b92,38,49,Normal
2026-02-15 18:46:29.042051,Toronto-9b92,30,33,Normal
2026-02-15 18:46:30.042051,Toronto-9b92,-7,65,Normal
2026-02-15 18:46:31.042051,Toronto-9b92,21,41,Normal
2026-02-15 18:46:32.042051,Toronto-9b92,-13,68,Normal
2026-02-15 18:46:33.042051,Toronto-9b92,-10,79,Normal
2026-02-15 18:46:34.042051,Toronto-9b92,7,48,Normal
2026-02-15 18:46:35.042051,Toronto-9b92,14,44,Normal
2026-02-15 18:46:36.042051,Toronto-9b92,19,100,Normal
2026-02-15 18:46:37.042051,Toronto-9b92,35,23,Normal
2026-02-15 18:46:38.042051,Toronto-9b92,5,56,Normal
2026-02-15 18:46:39.042051,Toronto-9b92,36,93,Normal
2026-02-15 18:46:40.042051,Toronto-9b92,24,89,Normal
2026-02-15 18:46:41.042051,Toronto-9b92,-23,73,Normal
2026-02-15 18:46:42.042051,Toronto-9b92,-22,11,Normal
2026-02-15 18:46:43.042051,Toronto-9b92,11,43,Normal
2026-02-15 18:46:44.042051,Toronto-9b92,20,17,Normal
2026-02-15 18:46:45.042051,Toronto-9b92,-25,41,Normal
2026-02-15 18:46:46.042051,Toronto-9b92,2,81,Normal
2026-02-15 18:46:47.042051,Toronto-9b92,14,9,Normal
2026-02-15 18:46:48.042051,Toronto-9b92,26,10,Normal
2026-02-15 18:46:49.042051,Toronto-9b92,-12,77,Normal
2026-02-15 18:46:50.042051,Toronto-9b92,-30,23,Normal
2026-02-15 18:46:51.042051,Toronto-9b92,38,93,Normal
2026-02-15 18:46:52.042051,Toronto-9b92,-4,56,Normal
2026-02-15 18:46:53.042051,Toronto-9b92,-19,2,Normal
2026-02-15 18:46:54.042051,Toronto-9b92,40,47,Normal
2026-02-15 18:46:55.042051,Toronto-9b92,48,59,Normal
2026-02-15 18:46:56.042051,Toronto-9b92,36,30,Normal
2026-02-15 18:46:57.042051,Toronto-9b92,46,79,Normal
2026-02-15 18:46:58.042051,Toronto-9b92,23,84,Normal
2026-02-15 18:46:59.042051,Toronto-9b92,16,16,Normal
2026-02-15 18:47:00.042051,Toronto-9b92,30,54,Normal
2026-02-15 18:47:01.042051,Toronto-9b92,-27,34,Normal
2026-02-15 18:47:02.042051,Toronto-9b92,26,73,Normal
2026-02-15 18:47:03.042051,Toronto-9b92,-6,28,Normal
2026-02-15 18:47:04.042051,Toronto-9b92,-11,36,Normal
2026-02-15 18:47:05.042051,Toronto-9b92,2,79,Normal
2026-02-15 18:47:06.042051,Toronto-9b92,-30,44,Normal
2026-02-15 18:47:07.042051,Toronto-9b92,27,88,Normal
2026-02-15 18:47:08.042051,Toronto-9b92,41,98,Normal
2026-02-15 18:47:09.042051,Toronto-9b92,22,3,Normal
2026-02-15 18:47:10.042051,Toronto-9b92,-2,86,Normal
2026-02-15 18:47:11.042051,Toronto-9b92,45,24,Normal
2026-02-15 18:47:12.042051,Toronto-9b92,-23,73,Normal
2026-02-15 18:47:13.042051,Toronto-9b92,11,10,Normal
2026-02-15 18:47:14.042051,Toronto-9b92,29,53,Normal
2026-02-15 18:47:15.042051,Toronto-9b92,23,54,Normal
2026-02-15 18:47:16.042051,Toronto-9b92,39,46,Normal
2026-02-15 18:47:17.042051,Toronto-9b92,43,6,Normal
2026-02-15 18:47:18.042051,Toronto-9b92,-22,82,Normal
2026-02-15 18:47:19.042051,Toronto-9b92,-8,40,Normal
2026-02-15 18:47:20.042051,Toronto-9b92,31,72,Normal
2026-02-15 18:47:21.042051,Toronto-9b92,11,63,Normal
2026-02-15 18:47:22.042051,Toronto-9b92,-26,42,Normal
2026-02-15 18:47:23.042051,Toronto-9b92,8,38,Normal
2026-02-15 18:47:24.042051,Toronto-9b92,39,98,Normal
2026-02-15 18:47:25.042051,Toronto-9b92,49,74,Normal
2026-02-15 18:47:26.042051,Toronto-9b92,24,81,Normal
2026-02-15 18:47:27.042051,Toronto-9b92,24,68,Normal
2026-02-15 18:47:28.042051,Toronto-9b92,7,63,Normal
2026-02-15 18:47:29.042051,Toronto-9b92,3,76,Normal
2026-02-15 18:47:30.042051,Toronto-9b92,37,73,Normal
2026-02-15 18:47:31.042051,Toronto-9b92,-9,45,Normal
2026-02-15 18:47:32.042051,Toronto-9b92,4,6,Normal
2026-02-15 18:47:33.042051,Toronto-9b92,-11,88,Normal
2026-02-15 18:47:34.042051,Toronto-9b92,22,43,Normal
2026-02-15 18:47:35.042051,Toronto-9b92,-6,97,Normal
2026-02-15 18:47:36.042051,Toronto-9b92,36,72,Normal
2026-02-15 18:47:37.042051,Toronto-9b92,-8,83,Normal
2026-02-15 18:47:38.042051,Toronto-9b92,24,0,Normal
2026-02-15 18:47:39.042051,Toronto-9b92,6,1,Normal
2026-02-15 18:47:40.042051,Toronto-9b92,2,94,Normal
2026-02-15 18:47:41.042051,Toronto-9b92,9,49,Normal
2026-02-15 18:47:42.042051,Toronto-9b92,5,99,Normal
2026-02-15 18:47:43.042051,Toronto-9b92,48,77,Normal
2026-02-15 18:47:44.042051,Toronto-9b92,-24,76,Normal
2026-02-15 18:47:45.042051,Toronto-9b92,-1,71,Normal
2026-02-15 18:47:46.042051,Toronto-9b92,23,80,Normal
2026-02-15 18:47:47.042051,Toronto-9b92,27,41,Normal
2026-02-15 18:47:48.042051,Toronto-9b92,-3,72,Normal
2026-02-15 18:47:49.042051,Toronto-9b92,31,95,Normal
2026-02-15 18:47:50.042051,Toronto-9b92,45,88,Normal
2026-02-15 18:47:51.042051,Toronto-9b92,22,35,Normal
2026-02-15 18:47:52.042051,Toronto-9b92,-18,25,Normal
2026-02-15 18:47:53.042051,Toronto-9b92,-3,5,Normal
2026-02-15 18:47:54.042051,Toronto-9b92,30,100,Normal
2026-02-15 18:47:55.042051,Toronto-9b92,1,33,Normal
2026-02-15 18:47:56.042051,Toronto-9b92,47,39,Normal
2026-02-15 18:47:57.042051,Toronto-9b92,48,74,Normal
2026-02-15 18:47:58.042051,Toronto-9b92,34,54,Normal
2026-02-15 18:47:59.042051,Toronto-9b92,50,56,Normal
2026-02-15 18:48:00.042051,Toronto-9b92,4,49,Normal
2026-02-15 18:48:01.042051,Toronto-9b92,2,19,Normal
2026-02-15 18:48:02.042051,Toronto-9b92,-21,73,Normal
2026-02-15 18:48:03.042051,Toronto-9b92,31,34,Normal
2026-02-15 18:48:04.042051,Toronto-9b92,-16,66,Normal
2026-02-15 18:48:05.042051,Toronto-9b92,36,27,Normal
2026-02-15 18:48:06.042051,Toronto-9b92,-10,5,Normal
2026-02-15 18:48:07.042051,Toronto-9b92,-11,24,Normal
2026-02-15 18:48:08.042051,Toronto-9b92,26,47,Normal
2026-02-15 18:48:09.042051,Toronto-9b92,50,67,Normal
2026-02-15 18:48:10.042051,Toronto-9b92,21,64,Normal
2026-02-15 18:48:11.042051,Toronto-9b92,-6,28,Normal
2026-02-15 18:48:12.042051,Toronto-9b92,-11,24,Normal
2026-02-15 18:48:13.042051,Toronto-9b92,33,98,Normal
2026-02-15 18:48:14.042051,Toronto-9b92,44,13,Normal
2026-02-15 18:48:15.042051,Toronto-9b92,-4,5,Normal
2026-02-15 18:48:16.042051,Toronto-9b92,29,22,Normal
2026-02-15 18:48:17.042051,Toronto-9b92,-11,38,Normal
2026-02-15 18:48:18.042051,Toronto-9b92,-1,59,Normal
2026-02-15 18:48:19.042051,Toronto-9b92,-26,92,Normal
2026-02-15 18:48:20.042051,Toronto-9b92,35,47,Normal
2026-02-15 18:48:21.042051,Toronto-9b92,4,37,Normal
2026-02-15 18:48:22.042051,Toronto-9b92,-1,70,Normal
2026-02-15 18:48:23.042051,Toronto-9b92,32,46,Normal
2026-02-15 18:48:24.042051,Toronto-9b92,19,46,Normal
2026-02-15 18:48:25.042051,Toronto-9b92,39,38,Normal
2026-02-15 18:48:26.042051,Toronto-9b92,29,47,Normal
2026-02-15 18:48:27.042051,Toronto-9b92,17,71,Normal
2026-02-15 18:48:28.042051,Toronto-9b92,-8,5,Normal
2026-02-15 18:48:29.042051,Toronto-9b92,35,67,Normal
2026-02-15 18:48:30.042051,Toronto-9b92,44,99,Normal
2026-02-15 18:48:31.042051,Toronto-9b92,36,58,Normal
2026-02-15 18:48:32.042051,Toronto-9b92,7,70,Normal
2026-02-15 18:48:33.042051,Toronto-9b92,-1,95,Normal
2026-02-15 18:48:34.042051,Toronto-9b92,44,85,Normal
2026-02-15 18:48:35.042051,Toronto-9b92,21,35,Normal
2026-02-15 18:48:36.042051,Toronto-9b92,-9,72,Normal
2026-02-15 18:48:37.042051,Toronto-9b92,13,67,Normal
2026-02-15 18:48:38.042051,Toronto-9b92,32,99,Normal
2026-02-15 18:48:39.042051,Toronto-9b92,-20,16,Normal
2026-02-15 18:48:40.042051,Toronto-9b92,-27,51,Normal
2026-02-15 18:48:41.042051,Toronto-9b92,25,0,Normal
2026-02-15 18:48:42.042051,Toronto-9b92,6,95,Normal
2026-02-15 18:48:43.042051,Toronto-9b92,-26,71,Normal
2026-02-15 18:48:44.042051,Toronto-9b92,26,55,Normal
2026-02-15 18:48:45.042051,Toronto-9b92,45,43,Normal
2026-02-15 18:48:46.042051,Toronto-9b92,22,57,Normal
2026-02-15 18:48:47.042051,Toronto-9b92,-8,45,Normal
2026-02-15 18:48:48.042051,Toronto-9b92,21,30,Normal
2026-02-15 18:48:49.042051,Toronto-9b92,-30,42,Normal
2026-02-15 18:48:50.042051,Toronto-9b92,39,75,Normal
2026-02-15 18:48:51.042051,Toronto-9b92,20,18,Normal
2026-02-15 18:48:52.042051,Toronto-9b92,-9,89,Normal
2026-02-15 18:48:53.042051,Toronto-9b92,37,14,Normal
2026-02-15 18:48:54.042051,Toronto-9b92,15,90,Normal
2026-02-15 18:48:55.042051,Toronto-9b92,-13,34,Normal
2026-02-15 18:48:56.042051,Toronto-9b92,-24,62,Normal
2026-02-15 18:48:57.042051,Toronto-9b92,-26,33,Normal
2026-02-15 18:48:58.042051,Toronto-9b92,43,95,Normal
2026-02-15 18:48:59.042051,Toronto-9b92,29,6,Normal
2026-02-15 18:49:00.042051,Toronto-9b92,-13,34,Normal
2026-02-15 18:49:01.042051,Toronto-9b92,6,21,Normal
2026-02-15 18:49:02.042051,Toronto-9b92,26,95,Normal
2026-02-15 18:49:03.042051,Toronto-9b92,48,93,Normal
2026-02-15 18:49:04.042051,Toronto-9b92,22,85,Normal
2026-02-15 18:49:05.042051,Toronto-9b92,28,73,Normal
2026-02-15 18:49:06.042051,Toronto-9b92,15,10,Normal
2026-02-15 18:49:07.042051,Toronto-9b92,-17,7,Normal
2026-02-15 18:49:08.042051,Toronto-9b92,10,99,Normal
2026-02-15 18:49:09.042051,Toronto-9b92,28,21,Normal
2026-02-15 18:49:10.042051,Toronto-9b92,22,57,Normal
2026-02-15 18:49:11.042051,Toronto-9b92,43,73,Normal
2026-02-15 18:49:12.042051,Toronto-9b92,-2,31,Normal
2026-02-15 18:49:13.042051,Toronto-9b92,-9,18,Normal
2026-02-15 18:49:14.042051,Toronto-9b92,2,52,Normal
2026-02-15 18:49:15.042051,Toronto-9b92,26,47,Normal
2026-02-15 18:49:16.042051,Toronto-9b92,-4,59,Normal
2026-02-15 18:49:17.042051,Toronto-9b92,6,17,Normal
2026-02-15 18:49:18.042051,Toronto-9b92,-27,13,Normal
2026-02-15 18:49:19.042051,Toronto-9b92,-4,18,Normal
2026-02-15 18:49:20.042051,Toronto-9b92,3,25,Normal
2026-02-15 18:49:21.042051,Toronto-9b92,-18,76,Normal
2026-02-15 18:49:22.042051,Toronto-9b92,-16,29,Normal
2026-02-15 18:49:23.042051,Toronto-9b92,14,100,Normal
2026-02-15 18:49:24.042051,Toronto-9b92,-17,39,Normal
2026-02-15 18:49:25.042051,Toronto-9b92,30,82,Normal
2026-02-15 18:49:26.042051,Toronto-9b92,34,42,Normal
2026-02-15 18:49:27.042051,Toronto-9b92,4,52,Normal
2026-02-15 18:49:28.042051,Toronto-9b92,40,8,Normal
2026-02-15 18:49:29.042051,Toronto-9b92,12,69,Normal
2026-02-15 18:49:30.042051,Toronto-9b92,-24,21,Normal
2026-02-15 18:49:31.042051,Toronto-9b92,-16,63,Normal
2026-02-15 18:49:32.042051,Toronto-9b92,1,91,Normal
2026-02-15 18:49:33.042051,Toronto-9b92,42,74,Normal
2026-02-15 18:49:34.042051,Toronto-9b92,37,31,Normal
2026-02-15 18:49:35.042051,Toronto-9b92,-4,37,Normal
2026-02-15 18:49:36.042051,Toronto-9b92,-17,23,Normal
2026-02-15 18:49:37.042051,Toronto-9b92,-15,23,Normal
2026-02-15 18:49:38.042051,Toronto-9b92,42,60,Normal
2026-02-15 18:49:39.042051,Toronto-9b92,20,4,Normal
2026-02-15 18:49:40.042051,Toronto-9b92,27,26,Normal
2026-02-15 18:49:41.042051,Toronto-9b92,-2,98,Normal
2026-02-15 18:49:42.042051,Toronto-9b92,-17,39,Normal
2026-02-15 18:49:43.042051,Toronto-9b92,-13,96,Normal
2026-02-15 18:49:44.042051,Toronto-9b92,46,13,Normal
2026-02-15 18:49:45.042051,Toronto-9b92,-15,0,Normal
2026-02-15 18:49:46.042051,Toronto-9b92,-6,19,Normal
2026-02-15 18:49:47.042051,Toronto-9b92,-1,44,Normal
2026-02-15 18:49:48.042051,Toronto-9b92,17,46,Normal
2026-02-15 18:49:49.042051,Toronto-9b92,-6,2,Normal
2026-02-15 18:49:50.042051,Toronto-9b92,-10,74,Normal
2026-02-15 18:49:51.042051,Toronto-9b92,10,43,Normal
2026-02-15 18:49:52.042051,Toronto-9b92,47,58,Normal
2026-02-15 18:49:53.042051,Toronto-9b92,-17,98,Normal
2026-02-15 18:49:54.042051,Toronto-9b92,-6,10,Normal
2026-02-15 18:49:55.042051,Toronto-9b92,20,50,Normal
2026-02-15 18:49:56.042051,Toronto-9b92,50,16,Normal
2026-02-15 18:49:57.042051,Toronto-9b92,2,30,Normal
2026-02-15 18:49:58.042051,Toronto-9b92,-30,76,Normal
2026-02-15 18:49:59.042051,Toronto-9b92,22,9,Normal
2026-02-15 18:50:00.042051,Toronto-9b92,-6,56,Normal
2026-02-15 18:50:01.042051,Toronto-9b92,-21,86,Normal
2026-02-15 18:50:02.042051,Toronto-9b92,-26,75,Normal
2026-02-15 18:50:03.042051,Toronto-9b92,38,65,Normal
2026-02-15 18:50:04.042051,Toronto-9b92,0,64,Normal
2026-02-15 18:50:05.042051,Toronto-9b92,-11,13,Normal
2026-02-15 18:50:06.042051,Toronto-9b92,38,48,Normal
2026-02-15 18:50:07.042051,Toronto-9b92,21,39,Normal
2026-02-15 18:50:08.042051,Toronto-9b92,7,82,Normal
2026-02-15 18:50:09.042051,Toronto-9b92,-8,89,Normal
2026-02-15 18:50:10.042051,Toronto-9b92,27,82,Normal
2026-02-15 18:50:11.042051,Toronto-9b92,22,46,Normal
2026-02-15 18:50:12.042051,Toronto-9b92,-8,5,Normal
2026-02-15 18:50:13.042051,Toronto-9b92,-6,96,Normal
2026-02-15 18:50:14.042051,Toronto-9b92,-17,24,Normal
2026-02-15 18:50:15.042051,Toronto-9b92,25,33,Normal
2026-02-15 18:50:16.042051,Toronto-9b92,35,12,Normal
2026-02-15 18:50:17.042051,Toronto-9b92,23,81,Normal
2026-02-15 18:50:18.042051,Toronto-9b92,-17,88,Normal
2026-02-15 18:50:19.042051,Toronto-9b92,-28,85,Normal
2026-02-15 18:50:20.042051,Toronto-9b92,2,90,Normal
2026-02-15 18:50:21.042051,Toronto-9b92,-11,31,Normal
2026-02-15 18:50:22.042051,Toronto-9b92,28,19,Normal
2026-02-15 18:50:23.042051,Toronto-9b92,3,40,Normal
2026-02-15 18:50:24.042051,Toronto-9b92,27,98,Normal
2026-02-15 18:50:25.042051,Toronto-9b92,27,33,Normal
2026-02-15 18:50:26.042051,Toronto-9b92,47,52,Normal
2026-02-15 18:50:27.042051,Toronto-9b92,17,36,Normal
2026-02-15 18:50:28.042051,Toronto-9b92,44,55,Normal
2026-02-15 18:50:29.042051,Toronto-9b92,10,63,Normal
2026-02-15 18:50:30.042051,Toronto-9b92,36,93,Normal
2026-02-15 18:50:31.042051,Toronto-9b92,4,66,Normal
2026-02-15 18:50:32.042051,Toronto-9b92,-28,61,Normal
2026-02-15 18:50:33.042051,Toronto-9b92,7,9,Normal
2026-02-15 18:50:34.042051,Toronto-9b92,-11,11,Normal
2026-02-15 18:50:35.042051,Toronto-9b92,-30,92,Normal
2026-02-15 18:50:36.042051,Toronto-9b92,18,63,Normal
2026-02-15 18:50:37.042051,Toronto-9b92,-5,67,Normal
2026-02-15 18:50:38.042051,Toronto-9b92,25,68,Normal
2026-02-15 18:50:39.042051,Toronto-9b92,45,44,Normal
2026-02-15 18:50:40.042051,Toronto-9b92,-13,4,Normal
2026-02-15 18:50:41.042051,Toronto-9b92,19,95,Normal
2026-02-15 18:50:42.042051,Toronto-9b92,20,79,Normal
2026-02-15 18:50:43.042051,Toronto-9b92,-9,21,Normal
2026-02-15 18:50:44.042051,Toronto-9b92,-24,1,Normal
2026-02-15 18:50:45.042051,Toronto-9b92,-15,17,Normal
2026-02-15 18:50:46.042051,Toronto-9b92,14,75,Normal
2026-02-15 18:50:47.042051,Toronto-9b92,18,56,Normal
2026-02-15 18:50:48.042051,Toronto-9b92,17,14,Normal
2026-02-15 18:50:49.042051,Toronto-9b92,-17,46,Normal
2026-02-15 18:50:50.042051,Toronto-9b92,-27,55,Normal
2026-02-15 18:50:51.042051,Toronto-9b92,11,97,Normal
2026-02-15 18:50:52.042051,Toronto-9b92,14,91,Normal
2026-02-15 18:50:53.042051,Toronto-9b92,47,4,Normal
2026-02-15 18:50:54.042051,Toronto-9b92,37,30,Normal
2026-02-15 18:50:55.042051,Toronto-9b92,-5,3,Normal
2026-02-15 18:50:56.042051,Toronto-9b92,-30,96,Normal
2026-02-15 18:50:57.042051,Toronto-9b92,27,92,Normal
2026-02-15 18:50:58.042051,Toronto-9b92,2,97,Normal
2026-02-15 18:50:59.042051,Toronto-9b92,15,6,Normal
2026-02-15 18:51:00.042051,Toronto-9b92,49,26,Normal
2026-02-15 18:51:01.042051,Toronto-9b92,17,8,Normal
2026-02-15 18:51:02.042051,Toronto-9b92,-15,57,Normal
2026-02-15 18:51:03.042051,Toronto-9b92,4,98,Normal
2026-02-15 18:51:04.042051,Toronto-9b92,-16,74,Normal
2026-02-15 18:51:05.042051,Toronto-9b92,15,23,Normal
2026-02-15 18:51:06.042051,Toronto-9b92,-1,34,Normal
2026-02-15 18:51:07.042051,Toronto-9b92,-17,76,Normal
2026-02-15 18:51:08.042051,Toronto-9b92,28,26,Normal
2026-02-15 18:51:09.042051,Toronto-9b92,34,84,Normal
2026-02-15 18:51:10.042051,Toronto-9b92,-29,10,Normal
2026-02-15 18:51:11.042051,Toronto-9b92,14,3,Normal
2026-02-15 18:51:12.042051,Toronto-9b92,41,52,Normal
2026-02-15 18:51:13.042051,Toronto-9b92,-12,90,Normal
2026-02-15 18:51:14.042051,Toronto-9b92,1,65,Normal
2026-02-15 18:51:15.042051,Toronto-9b92,1,35,Normal
2026-02-15 18:51:16.042051,Toronto-9b92,22,21,Normal
2026-02-15 18:51:17.042051,Toronto-9b92,-6,89,Normal
2026-02-15 18:51:18.042051,Toronto-9b92,18,94,Normal
2026-02-15 18:51:19.042051,Toronto-9b92,-30,90,Normal
2026-02-15 18:51:20.042051,Toronto-9b92,-29,85,Normal
2026-02-15 18:51:21.042051,Toronto-9b92,20,88,Normal
2026-02-15 18:51:22.042051,Toronto-9b92,-12,29,Normal
2026-02-15 18:51:23.042051,Toronto-9b92,44,4,Normal
2026-02-15 18:51:24.042051,Toronto-9b92,29,52,Normal
2026-02-15 18:51:25.042051,Toronto-9b92,35,80,Normal
2026-02-15 18:51:26.042051,Toronto-9b92,3,96,Normal
2026-02-15 18:51:27.042051,Toronto-9b92,-30,8,Normal
2026-02-15 18:51:28.042051,Toronto-9b92,32,72,Normal
2026-02-15 18:51:29.042051,Toronto-9b92,-30,67,Normal
2026-02-15 18:51:30.042051,Toronto-9b92,25,8,Normal
2026-02-15 18:51:31.042051,Toronto-9b92,17,69,Normal
2026-02-15 18:51:32.042051,Toronto-9b92,-6,9,Normal
2026-02-15 18:51:33.042051,Toronto-9b92,-11,100,Normal
2026-02-15 18:51:34.042051,Toronto-9b92,44,95,Normal
2026-02-15 18:51:35.042051,Toronto-9b92,-10,3,Normal
2026-02-15 18:51:36.042051,Toronto-9b92,20,71,Normal
2026-02-15 18:51:37.042051,Toronto-9b92,-17,91,Normal
2026-02-15 18:51:38.042051,Toronto-9b92,-24,26,Normal
2026-02-15 18:51:39.042051,Toronto-9b92,5,6,Normal
2026-02-15 18:51:40.042051,Toronto-9b92,-19,27,Normal
2026-02-15 18:51:41.042051,Toronto-9b92,3,13,Normal
2026-02-15 18:51:42.042051,Toronto-9b92,-21,70,Normal
2026-02-15 18:51:43.042051,Toronto-9b92,-16,33,Normal
2026-02-15 18:51:44.042051,Toronto-9b92,20,23,Normal
2026-02-15 18:51:45.042051,Toronto-9b92,34,70,Normal
2026-02-15 18:51:46.042051,Toronto-9b92,-20,4,Normal
2026-02-15 18:51:47.042051,Toronto-9b92,-15,32,Normal
2026-02-15 18:51:48.042051,Toronto-9b92,-14,40,Normal
2026-02-15 18:51:49.042051,Toronto-9b92,24,30,Normal
2026-02-15 18:51:50.042051,Toronto-9b92,39,17,Normal
2026-02-15 18:51:51.042051,Toronto-9b92,-18,86,Normal
2026-02-15 18:51:52.042051,Toronto-9b92,-19,37,Normal
2026-02-15 18:51:53.042051,Toronto-9b92,47,1,Normal
2026-02-15 18:51:54.042051,Toronto-9b92,-10,4,Normal
2026-02-15 18:51:55.042051,Toronto-9b92,-28,47,Normal
2026-02-15 18:51:56.042051,Toronto-9b92,37,14,Normal
2026-02-15 18:51:57.042051,Toronto-9b92,47,56,Normal
2026-02-15 18:51:58.042051,Toronto-9b92,48,43,Normal
2026-02-15 18:51:59.042051,Toronto-9b92,17,36,Normal
2026-02-15 18:52:00.042051,Toronto-9b92,-13,64,Normal
2026-02-15 18:52:01.042051,Toronto-9b92,15,3,Normal
2026-02-15 18:52:02.042051,Toronto-9b92,-20,15,Normal
2026-02-15 18:52:03.042051,Toronto-9b92,-27,12,Normal
2026-02-15 18:52:04.042051,Toronto-9b92,48,44,Normal
2026-02-15 18:52:05.042051,Toronto-9b92,-18,18,Normal
2026-02-15 18:52:06.042051,Toronto-9b92,-1,100,Normal
2026-02-15 18:52:07.042051,Toronto-9b92,17,28,Normal
2026-02-15 18:52:08.042051,Toronto-9b92,20,83,Normal
2026-02-15 18:52:09.042051,Toronto-9b92,-8,6,Normal
2026-02-15 18:52:10.042051,Toronto-9b92,15,93,Normal
2026-02-15 18:52:11.042051,Toronto-9b92,29,83,Normal
2026-02-15 18:52:12.042051,Toronto-9b92,7,19,Normal
2026-02-15 18:52:13.042051,Toronto-9b92,-28,68,Normal
2026-02-15 18:52:14.042051,Toronto-9b92,-19,27,Normal
2026-02-15 18:52:15.042051,Toronto-9b92,-25,93,Normal
2026-02-15 18:52:16.042051,Toronto-9b92,-28,51,Normal
2026-02-15 18:52:17.042051,Toronto-9b92,6,13,Normal
2026-02-15 18:52:18.042051,Toronto-9b92,-16,81,Normal
2026-02-15 18:52:19.042051,Toronto-9b92,30,71,Normal
2026-02-15 18:52:20.042051,Toronto-9b92,3,43,Normal
2026-02-15 18:52:21.042051,Toronto-9b92,14,34,Normal
2026-02-15 18:52:22.042051,Toronto-9b92,10,1,Normal
2026-02-15 18:52:23.042051,Toronto-9b92,7,13,Normal
2026-02-15 18:52:24.042051,Toronto-9b92,11,58,Normal
2026-02-15 18:52:25.042051,Toronto-9b92,40,26,Normal
2026-02-15 18:52:26.042051,Toronto-9b92,-1,13,Normal
2026-02-15 18:52:27.042051,Toronto-9b92,-5,31,Normal
2026-02-15 18:52:28.042051,Toronto-9b92,-27,57,Normal
2026-02-15 18:52:29.042051,Toronto-9b92,-4,85,Normal
2026-02-15 18:52:30.042051,Toronto-9b92,41,67,Normal
2026-02-15 18:52:31.042051,Toronto-9b92,20,54,Normal
2026-02-15 18:52:32.042051,Toronto-9b92,2,72,Normal
2026-02-15 18:52:33.042051,Toronto-9b92,-18,41,Normal
2026-02-15 18:52:34.042051,Toronto-9b92,14,70,Normal
2026-02-15 18:52:35.042051,Toronto-9b92,20,79,Normal
2026-02-15 18:52:36.042051,Toronto-9b92,-2,23,Normal
2026-02-15 18:52:37.042051,Toronto-9b92,-12,81,Normal
2026-02-15 18:52:38.042051,Toronto-9b92,50,6,Normal
2026-02-15 18:52:39.042051,Toronto-9b92,34,94,Normal
2026-02-15 18:52:40.042051,Toronto-9b92,34,36,Normal
2026-02-15 18:52:41.042051,Toronto-9b92,13,97,Normal
2026-02-15 18:52:42.042051,Toronto-9b92,49,98,Normal
2026-02-15 18:52:43.042051,Toronto-9b92,-4,64,Normal
2026-02-15 18:52:44.042051,Toronto-9b92,-9,93,Normal
2026-02-15 18:52:45.042051,Toronto-9b92,-29,82,Normal
2026-02-15 18:52:46.042051,Toronto-9b92,-26,40,Normal
2026-02-15 18:52:47.042051,Toronto-9b92,-6,10,Normal
2026-02-15 18:52:48.042051,Toronto-9b92,45,70,Normal
2026-02-15 18:52:49.042051,Toronto-9b92,-7,79,Normal
2026-02-15 18:52:50.042051,Toronto-9b92,47,72,Normal
2026-02-15 18:52:51.042051,Toronto-9b92,-23,12,Normal
2026-02-15 18:52:52.042051,Toronto-9b92,17,63,Normal
2026-02-15 18:52:53.042051,Toronto-9b92,-24,69,Normal
2026-02-15 18:52:54.042051,Toronto-9b92,-13,58,Normal
2026-02-15 18:52:55.042051,Toronto-9b92,38,78,Normal
2026-02-15 18:52:56.042051,Toronto-9b92,27,25,Normal
2026-02-15 18:52:57.042051,Toronto-9b92,11,78,Normal
2026-02-15 18:52:58.042051,Toronto-9b92,-5,46,Normal
2026-02-15 18:52:59.042051,Toronto-9b92,37,52,Normal
2026-02-15 18:53:00.042051,Toronto-9b92,-26,2,Normal
2026-02-15 18:53:01.042051,Toronto-9b92,1,83,Normal
2026-02-15 18:53:02.042051,Toronto-9b92,-30,49,Normal
2026-02-15 18:53:03.042051,Toronto-9b92,13,43,Normal
2026-02-15 18:53:04.042051,Toronto-9b92,46,86,Normal
2026-02-15 18:53:05.042051,Toronto-9b92,25,47,Normal
2026-02-15 18:53:06.042051,Toronto-9b92,15,25,Normal
2026-02-15 18:53:07.042051,Toronto-9b92,23,31,Normal
2026-02-15 18:53:08.042051,Toronto-9b92,-18,24,Normal
2026-02-15 18:53:09.042051,Toronto-9b92,25,68,Normal
2026-02-15 18:53:10.042051,Toronto-9b92,25,30,Normal
2026-02-15 18:53:11.042051,Toronto-9b92,13,97,Normal
2026-02-15 18:53:12.042051,Toronto-9b92,9,29,Normal
2026-02-15 18:53:13.042051,Toronto-9b92,-23,93,Normal
2026-02-15 18:53:14.042051,Toronto-9b92,33,44,Normal
2026-02-15 18:53:15.042051,Toronto-9b92,33,51,Normal
2026-02-15 18:53:16.042051,Toronto-9b92,21,73,Normal
2026-02-15 18:53:17.042051,Toronto-9b92,-1,8,Normal
2026-02-15 18:53:18.042051,Toronto-9b92,12,80,Normal
2026-02-15 18:53:19.042051,Toronto-9b92,-22,15,Normal
2026-02-15 18:53:20.042051,Toronto-9b92,1,11,Normal
2026-02-15 18:53:21.042051,Toronto-9b92,7,96,Normal
2026-02-15 18:53:22.042051,Toronto-9b92,24,7,Normal
2026-02-15 18:53:23.042051,Toronto-9b92,-23,12,Normal
2026-02-15 18:53:24.042051,Toronto-9b92,46,41,Normal
2026-02-15 18:53:25.042051,Toronto-9b92,2,55,Normal
2026-02-15 18:53:26.042051,Toronto-9b92,-29,64,Normal
2026-02-15 18:53:27.042051,Toronto-9b92,31,95,Normal
2026-02-15 18:53:28.042051,Toronto-9b92,10,67,Normal
2026-02-15 18:53:29.042051,Toronto-9b92,10,54,Normal
2026-02-15 18:53:30.042051,Toronto-9b92,-21,15,Normal
2026-02-15 18:53:31.042051,Toronto-9b92,-10,79,Normal
2026-02-15 18:53:32.042051,Toronto-9b92,17,74,Normal
2026-02-15 18:53:33.042051,Toronto-9b92,12,62,Normal
2026-02-15 18:53:34.042051,Toronto-9b92,1,92,Normal
2026-02-15 18:53:35.042051,Toronto-9b92,-30,18,Normal
2026-02-15 18:53:36.042051,Toronto-9b92,-12,7,Normal
2026-02-15 18:53:37.042051,Toronto-9b92,29,87,Normal
2026-02-15 18:53:38.042051,Toronto-9b92,17,18,Normal
2026-02-15 18:53:39.042051,Toronto-9b92,16,84,Normal
2026-02-15 18:53:40.042051,Toronto-9b92,29,99,Normal
2026-02-15 18:53:41.042051,Toronto-9b92,13,4,Normal
2026-02-15 18:53:42.042051,Toronto-9b92,23,63,Normal
2026-02-15 18:53:43.042051,Toronto-9b92,9,38,Normal
2026-02-15 18:53:44.042051,Toronto-9b92,41,96,Normal
2026-02-15 18:53:45.042051,Toronto-9b92,10,63,Normal
2026-02-15 18:53:46.042051,Toronto-9b92,-12,12,Normal
2026-02-15 18:53:47.042051,Toronto-9b92,19,84,Normal
2026-02-15 18:53:48.042051,Toronto-9b92,-5,88,Normal
2026-02-15 18:53:49.042051,Toronto-9b92,49,62,Normal
2026-02-15 18:53:50.042051,Toronto-9b92,2,82,Normal
2026-02-15 18:53:51.042051,Toronto-9b92,41,5,Normal
2026-02-15 18:53:52.042051,Toronto-9b92,-18,70,Normal
2026-02-15 18:53:53.042051,Toronto-9b92,-28,33,Normal
2026-02-15 18:53:54.042051,Toronto-9b92,13,79,Normal
2026-02-15 18:53:55.042051,Toronto-9b92,9,59,Normal
2026-02-15 18:53:56.042051,Toronto-9b92,7,1,Normal
2026-02-15 18:53:57.042051,Toronto-9b92,11,44,Normal
2026-02-15 18:53:58.042051,Toronto-9b92,-25,100,Normal
2026-02-15 18:53:59.042051,Toronto-9b92,-3,30,Normal
2026-02-15 18:54:00.042051,Toronto-9b92,42,37,Normal
2026-02-15 18:54:01.042051,Toronto-9b92,-14,31,Normal
2026-02-15 18:54:02.042051,Toronto-9b92,40,92,Normal
2026-02-15 18:54:03.042051,Toronto-9b92,-2,66,Normal
2026-02-15 18:54:04.042051,Toronto-9b92,21,71,Normal
2026-02-15 18:54:05.042051,Toronto-9b92,7,58,Normal
2026-02-15 18:54:06.042051,Toronto-9b92,20,6,Normal
2026-02-15 18:54:07.042051,Toronto-9b92,34,96,Normal
2026-02-15 18:54:08.042051,Toronto-9b92,-6,26,Normal
2026-02-15 18:54:09.042051,Toronto-9b92,17,21,Normal
2026-02-15 18:54:10.042051,Toronto-9b92,23,65,Normal
2026-02-15 18:54:11.042051,Toronto-9b92,27,56,Normal
2026-02-15 18:54:12.042051,Toronto-9b92,-30,93,Normal
2026-02-15 18:54:13.042051,Toronto-9b92,11,97,Normal
2026-02-15 18:54:14.042051,Toronto-9b92,26,7,Normal
2026-02-15 18:54:15.042051,Toronto-9b92,-29,34,Normal
2026-02-15 18:54:16.042051,Toronto-9b92,14,73,Normal
2026-02-15 18:54:17.042051,Toronto-9b92,-8,38,Normal
2026-02-15 18:54:18.042051,Toronto-9b92,-29,99,Normal
2026-02-15 18:54:19.042051,Toronto-9b92,-26,48,Normal
2026-02-15 18:54:20.042051,Toronto-9b92,-19,72,Normal
2026-02-15 18:54:21.042051,Toronto-9b92,-10,91,Normal
2026-02-15 18:54:22.042051,Toronto-9b92,-12,7,Normal
2026-02-15 18:54:23.042051,Toronto-9b92,38,86,Normal
2026-02-15 18:54:24.042051,Toronto-9b92,34,62,Normal
2026-02-15 18:54:25.042051,Toronto-9b92,-18,17,Normal
2026-02-15 18:54:26.042051,Toronto-9b92,42,48,Normal
2026-02-15 18:54:27.042051,Toronto-9b92,-23,67,Normal
2026-02-15 18:54:28.042051,Toronto-9b92,7,39,Normal
2026-02-15 18:54:29.042051,Toronto-9b92,43,93,Normal
2026-02-15 18:54:30.042051,Toronto-9b92,-18,71,Normal
2026-02-15 18:54:31.042051,Toronto-9b92,47,88,Normal
2026-02-15 18:54:32.042051,Toronto-9b92,-17,75,Normal
2026-02-15 18:54:33.042051,Toronto-9b92,49,83,Normal
2026-02-15 18:54:34.042051,Toronto-9b92,4,56,Normal
2026-02-15 18:54:35.042051,Toronto-9b92,-8,84,Normal
2026-02-15 18:54:36.042051,Toronto-9b92,-2,55,Normal
2026-02-15 18:54:37.042051,Toronto-9b92,47,53,Normal
2026-02-15 18:54:38.042051,Toronto-9b92,-19,12,Normal
2026-02-15 18:54:39.042051,Toronto-9b92,22,69,Normal
2026-02-15 18:54:40.042051,Toronto-9b92,-28,19,Normal
2026-02-15 18:54:41.042051,Toronto-9b92,21,14,Normal
2026-02-15 18:54:42.042051,Toronto-9b92,38,87,Normal
2026-02-15 18:54:43.042051,Toronto-9b92,-30,97,Normal
2026-02-15 18:54:44.042051,Toronto-9b92,-13,81,Normal
2026-02-15 18:54:45.042051,Toronto-9b92,23,35,Normal
2026-02-15 18:54:46.042051,Toronto-9b92,23,7,Normal
2026-02-15 18:54:47.042051,Toronto-9b92,35,21,Normal
2026-02-15 18:54:48.042051,Toronto-9b92,-20,40,Normal
2026-02-15 18:54:49.042051,Toronto-9b92,23,38,Normal
2026-02-15 18:54:50.042051,Toronto-9b92,36,12,Normal
2026-02-15 18:54:51.042051,Toronto-9b92,-28,33,Normal
2026-02-15 18:54:52.042051,Toronto-9b92,13,8,Normal
2026-02-15 18:54:53.042051,Toronto-9b92,-9,22,Normal
2026-02-15 18:54:54.042051,Toronto-9b92,2,66,Normal
2026-02-15 18:54:55.042051,Toronto-9b92,49,66,Normal
2026-02-15 18:54:56.042051,Toronto-9b92,25,87,Normal
2026-02-15 18:54:57.042051,Toronto-9b92,3,41,Normal
2026-02-15 18:54:58.042051,Toronto-9b92,-21,23,Normal
2026-02-15 18:54:59.042051,Toronto-9b92,-3,36,Normal
2026-02-15 18:55:00.042051,Toronto-9b92,2,43,Normal
2026-02-15 18:55:01.042051,Toronto-9b92,21,23,Normal
2026-02-15 18:55:02.042051,Toronto-9b92,-28,76,Normal
2026-02-15 18:55:03.042051,Toronto-9b92,18,60,Normal
2026-02-15 18:55:04.042051,Toronto-9b92,-17,60,Normal
2026-02-15 18:55:05.042051,Toronto-9b92,-19,21,Normal
2026-02-15 18:55:06.042051,Toronto-9b92,29,26,Normal
2026-02-15 18:55:07.042051,Toronto-9b92,26,31,Normal
2026-02-15 18:55:08.042051,Toronto-9b92,14,1,Normal
2026-02-15 18:55:09.042051,Toronto-9b92,40,16,Normal
2026-02-15 18:55:10.042051,Toronto-9b92,11,98,Normal
2026-02-15 18:55:11.042051,Toronto-9b92,-6,67,Normal
2026-02-15 18:55:12.042051,Toronto-9b92,-23,79,Normal
2026-02-15 18:55:13.042051,Toronto-9b92,30,25,Normal
2026-02-15 18:55:14.042051,Toronto-9b92,3,47,Normal
2026-02-15 18:55:15.042051,Toronto-9b92,3,65,Normal
2026-02-15 18:55:16.042051,Toronto-9b92,50,19,Normal
2026-02-15 18:55:17.042051,Toronto-9b92,33,55,Normal
2026-02-15 18:55:18.042051,Toronto-9b92,19,63,Normal
2026-02-15 18:55:19.042051,Toronto-9b92,-4,16,Normal
2026-02-15 18:55:20.042051,Toronto-9b92,-17,8,Normal
2026-02-15 18:55:21.042051,Toronto-9b92,33,68,Normal
2026-02-15 18:55:22.042051,Toronto-9b92,46,47,Normal
2026-02-15 18:55:23.042051,Toronto-9b92,48,46,Normal
2026-02-15 18:55:24.042051,Toronto-9b92,-20,17,Normal
2026-02-15 18:55:25.042051,Toronto-9b92,-8,83,Normal
2026-02-15 18:55:26.042051,Toronto-9b92,44,8,Normal
2026-02-15 18:55:27.042051,Toronto-9b92,49,79,Normal
2026-02-15 18:55:28.042051,Toronto-9b92,-18,39,Normal
2026-02-15 18:55:29.042051,Toronto-9b92,-3,33,Normal
2026-02-15 18:55:30.042051,Toronto-9b92,-3,82,Normal
2026-02-15 18:55:31.042051,Toronto-9b92,49,21,Normal
2026-02-15 18:55:32.042051,Toronto-9b92,-19,97,Normal
2026-02-15 18:55:33.042051,Toronto-9b92,50,0,Normal
2026-02-15 18:55:34.042051,Toronto-9b92,-14,74,Normal
2026-02-15 18:55:35.042051,Toronto-9b92,-11,70,Normal
2026-02-15 18:55:36.042051,Toronto-9b92,-9,14,Normal
2026-02-15 18:55:37.042051,Toronto-9b92,26,78,Normal
2026-02-15 18:55:38.042051,Toronto-9b92,37,4,Normal
2026-02-15 18:55:39.042051,Toronto-9b92,-12,9,Normal
2026-02-15 18:55:40.042051,Toronto-9b92,-25,26,Normal
2026-02-15 18:55:41.042051,Toronto-9b92,7,57,Normal
2026-02-15 18:55:42.042051,Toronto-9b92,2,83,Normal
2026-02-15 18:55:43.042051,Toronto-9b92,-27,82,Normal
2026-02-15 18:55:44.042051,Toronto-9b92,15,26,Normal
2026-02-15 18:55:45.042051,Toronto-9b92,48,20,Normal
2026-02-15 18:55:46.042051,Toronto-9b92,21,39,Normal
2026-02-15 18:55:47.042051,Toronto-9b92,5,57,Normal
2026-02-15 18:55:48.042051,Toronto-9b92,-23,93,Normal
2026-02-15 18:55:49.042051,Toronto-9b92,-13,75,Normal
2026-02-15 18:55:50.042051,Toronto-9b92,50,63,Normal
2026-02-15 18:55:51.042051,Toronto-9b92,-12,44,Normal
2026-02-15 18:55:52.042051,Toronto-9b92,27,58,Normal
2026-02-15 18:55:53.042051,Toronto-9b92,-29,43,Normal
2026-02-15 18:55:54.042051,Toronto-9b92,32,100,Normal
2026-02-15 18:55:55.042051,Toronto-9b92,50,23,Normal
2026-02-15 18:55:56.042051,Toronto-9b92,-8,60,Normal
2026-02-15 18:55:57.042051,Toronto-9b92,-11,68,Normal
2026-02-15 18:55:58.042051,Toronto-9b92,1,88,Normal
2026-02-15 18:55:59.042051,Toronto-9b92,41,71,Normal
2026-02-15 18:56:00.042051,Toronto-9b92,38,90,Normal
2026-02-15 18:56:01.042051,Toronto-9b92,37,70,Normal
2026-02-15 18:56:02.042051,Toronto-9b92,16,72,Normal
2026-02-15 18:56:03.042051,Toronto-9b92,-6,21,Normal
2026-02-15 18:56:04.042051,Toronto-9b92,17,43,Normal
2026-02-15 18:56:05.042051,Toronto-9b92,-13,54,Normal
2026-02-15 18:56:06.042051,Toronto-9b92,6,1,Normal
2026-02-15 18:56:07.042051,Toronto-9b92,3,28,Normal
2026-02-15 18:56:08.042051,Toronto-9b92,3,41,Normal
2026-02-15 18:56:09.042051,Toronto-9b92,-9,2,Normal
2026-02-15 18:56:10.042051,Toronto-9b92,2,16,Normal
2026-02-15 18:56:11.042051,Toronto-9b92,-2,51,Normal
2026-02-15 18:56:12.042051,Toronto-9b92,-13,51,Normal
2026-02-15 18:56:13.042051,Toronto-9b92,-1,85,Normal
2026-02-15 18:56:14.042051,Toronto-9b92,27,64,Normal
2026-02-15 18:56:15.042051,Toronto-9b92,-19,38,Normal
2026-02-15 18:56:16.042051,Toronto-9b92,-28,58,Normal
2026-02-15 18:56:17.042051,Toronto-9b92,15,84,Normal
2026-02-15 18:56:18.042051,Toronto-9b92,21,74,Normal
2026-02-15 18:56:19.042051,Toronto-9b92,-10,35,Normal
2026-02-15 18:56:20.042051,Toronto-9b92,2,29,Normal
2026-02-15 18:56:21.042051,Toronto-9b92,16,99,Normal
2026-02-15 18:56:22.042051,Toronto-9b92,-5,8,Normal
2026-02-15 18:56:23.042051,Toronto-9b92,-1,5,Normal
2026-02-15 18:56:24.042051,Toronto-9b92,32,52,Normal
2026-02-15 18:56:25.042051,Toronto-9b92,19,37,Normal
2026-02-15 18:56:26.042051,Toronto-9b92,36,25,Normal
2026-02-15 18:56:27.042051,Toronto-9b92,19,64,Normal
2026-02-15 18:56:28.042051,Toronto-9b92,25,12,Normal
2026-02-15 18:56:29.042051,Toronto-9b92,18,17,Normal
2026-02-15 18:56:30.042051,Toronto-9b92,5,35,Normal
2026-02-15 18:56:31.042051,Toronto-9b92,39,56,Normal
2026-02-15 18:56:32.042051,Toronto-9b92,23,24,Normal
2026-02-15 18:56:33.042051,Toronto-9b92,9,7,Normal
2026-02-15 18:56:34.042051,Toronto-9b92,33,18,Normal
2026-02-15 18:56:35.042051,Toronto-9b92,48,0,Normal
2026-02-15 18:56:36.042051,Toronto-9b92,-19,89,Normal
2026-02-15 18:56:37.042051,Toronto-9b92,-20,65,Normal
2026-02-15 18:56:38.042051,Toronto-9b92,5,19,Normal
2026-02-15 18:56:39.042051,Toronto-9b92,45,37,Normal
2026-02-15 18:56:40.042051,Toronto-9b92,-4,68,Normal
2026-02-15 18:56:41.042051,Toronto-9b92,15,57,Normal
2026-02-15 18:56:42.042051,Toronto-9b92,42,0,Normal
2026-02-15 18:56:43.042051,Toronto-9b92,-5,68,Normal
2026-02-15 18:56:44.042051,Toronto-9b92,46,34,Normal
2026-02-15 18:56:45.042051,Toronto-9b92,32,92,Normal
2026-02-15 18:56:46.042051,Toronto-9b92,2,61,Normal
2026-02-15 18:56:47.042051,Toronto-9b92,3,100,Normal
2026-02-15 18:56:48.042051,Toronto-9b92,48,52,Normal
2026-02-15 18:56:49.042051,Toronto-9b92,47,40,Normal
2026-02-15 18:56:50.042051,Toronto-9b92,-9,95,Normal
2026-02-15 18:56:51.042051,Toronto-9b92,25,29,Normal
2026-02-15 18:56:52.042051,Toronto-9b92,19,39,Normal
2026-02-15 18:56:53.042051,Toronto-9b92,-17,85,Normal
2026-02-15 18:56:54.042051,Toronto-9b92,35,20,Normal
2026-02-15 18:56:55.042051,Toronto-9b92,47,39,Normal
2026-02-15 18:56:56.042051,Toronto-9b92,-28,48,Normal
2026-02-15 18:56:57.042051,Toronto-9b92,29,63,Normal
2026-02-15 18:56:58.042051,Toronto-9b92,49,63,Normal
2026-02-15 18:56:59.042051,Toronto-9b92,41,100,Normal
2026-02-15 18:57:00.042051,Toronto-9b92,30,72,Normal
2026-02-15 18:57:01.042051,Toronto-9b92,-14,71,Normal
2026-02-15 18:57:02.042051,Toronto-9b92,50,0,Normal
2026-02-15 18:57:03.042051,Toronto-9b92,9,62,Normal
2026-02-15 18:57:04.042051,Toronto-9b92,-15,81,Normal
2026-02-15 18:57:05.042051,Toronto-9b92,39,100,Normal
2026-02-15 18:57:06.042051,Toronto-9b92,27,85,Normal
2026-02-15 18:57:07.042051,Toronto-9b92,6,65,Normal
2026-02-15 18:57:08.042051,Toronto-9b92,-8,1,Normal
2026-02-15 18:57:09.042051,Toronto-9b92,3,42,Normal
2026-02-15 18:57:10.042051,Toronto-9b92,1,67,Normal
2026-02-15 18:57:11.042051,Toronto-9b92,22,23,Normal
2026-02-15 18:57:12.042051,Toronto-9b92,-5,10,Normal
2026-02-15 18:57:13.042051,Toronto-9b92,25,61,Normal
2026-02-15 18:57:14.042051,Toronto-9b92,-23,27,Normal
2026-02-15 18:57:15.042051,Toronto-9b92,31,65,Normal
2026-02-15 18:57:16.042051,Toronto-9b92,-20,45,Normal
2026-02-15 18:57:17.042051,Toronto-9b92,39,23,Normal
2026-02-15 18:57:18.042051,Toronto-9b92,-15,31,Normal
2026-02-15 18:57:19.042051,Toronto-9b92,16,32,Normal
2026-02-15 18:57:20.042051,Toronto-9b92,9,95,Normal
2026-02-15 18:57:21.042051,Toronto-9b92,-27,26,Normal
2026-02-15 18:57:22.042051,Toronto-9b92,-10,23,Normal
2026-02-15 18:57:23.042051,Toronto-9b92,20,24,Normal
2026-02-15 18:57:24.042051,Toronto-9b92,-18,35,Normal
2026-02-15 18:57:25.042051,Toronto-9b92,-4,53,Normal
2026-02-15 18:57:26.042051,Toronto-9b92,-8,53,Normal
2026-02-15 18:57:27.042051,Toronto-9b92,5,95,Normal
2026-02-15 18:57:28.042051,Toronto-9b92,15,99,Normal
2026-02-15 18:57:29.042051,Toronto-9b92,18,20,Normal
2026-02-15 18:57:30.042051,Toronto-9b92,19,30,Normal
2026-02-15 18:57:31.042051,Toronto-9b92,-17,74,Normal
2026-02-15 18:57:32.042051,Toronto-9b92,-1,87,Normal
2026-02-15 18:57:33.042051,Toronto-9b92,29,57,Normal
2026-02-15 18:57:34.042051,Toronto-9b92,42,84,Normal
2026-02-15 18:57:35.042051,Toronto-9b92,46,18,Normal
2026-02-15 18:57:36.042051,Toronto-9b92,-8,97,Normal
2026-02-15 18:57:37.042051,Toronto-9b92,-17,1,Normal
2026-02-15 18:57:38.042051,Toronto-9b92,14,72,Normal
2026-02-15 18:57:39.042051,Toronto-9b92,-25,73,Normal
2026-02-15 18:57:40.042051,Toronto-9b92,-17,66,Normal
2026-02-15 18:57:41.042051,Toronto-9b92,-10,47,Normal
2026-02-15 18:57:42.042051,Toronto-9b92,27,32,Normal
2026-02-15 18:57:43.042051,Toronto-9b92,43,66,Normal
2026-02-15 18:57:44.042051,Toronto-9b92,23,100,Normal
2026-02-15 18:57:45.042051,Toronto-9b92,28,19,Normal
2026-02-15 18:57:46.042051,Toronto-9b92,1,21,Normal
2026-02-15 18:57:47.042051,Toronto-9b92,30,27,Normal
2026-02-15 18:57:48.042051,Toronto-9b92,12,70,Normal
2026-02-15 18:57:49.042051,Toronto-9b92,-15,24,Normal
2026-02-15 18:57:50.042051,Toronto-9b92,-18,65,Normal
2026-02-15 18:57:51.042051,Toronto-9b92,-12,37,Normal
2026-02-15 18:57:52.042051,Toronto-9b92,20,63,Normal
2026-02-15 18:57:53.042051,Toronto-9b92,17,42,Normal
2026-02-15 18:57:54.042051,Toronto-9b92,-5,86,Normal
2026-02-15 18:57:55.042051,Toronto-9b92,-18,69,Normal
2026-02-15 18:57:56.042051,Toronto-9b92,25,67,Normal
2026-02-15 18:57:57.042051,Toronto-9b92,-15,14,Normal
2026-02-15 18:57:58.042051,Toronto-9b92,4,50,Normal
2026-02-15 18:57:59.042051,Toronto-9b92,-18,42,Normal
2026-02-15 18:58:00.042051,Toronto-9b92,42,25,Normal
2026-02-15 18:58:01.042051,Toronto-9b92,-17,78,Normal
2026-02-15 18:58:02.042051,Toronto-9b92,15,27,Normal
2026-02-15 18:58:03.042051,Toronto-9b92,-16,40,Normal
2026-02-15 18:58:04.042051,Toronto-9b92,38,92,Normal
2026-02-15 18:58:05.042051,Toronto-9b92,-9,67,Normal
2026-02-15 18:58:06.042051,Toronto-9b92,21,45,Normal
2026-02-15 18:58:07.042051,Toronto-9b92,35,91,Normal
2026-02-15 18:58:08.042051,Toronto-9b92,18,95,Normal
2026-02-15 18:58:09.042051,Toronto-9b92,16,95,Normal
2026-02-15 18:58:10.042051,Toronto-9b92,47,79,Normal
2026-02-15 18:58:11.042051,Toronto-9b92,-9,17,Normal
2026-02-15 18:58:12.042051,Toronto-9b92,36,71,Normal
2026-02-15 18:58:13.042051,Toronto-9b92,2,16,Normal
2026-02-15 18:58:14.042051,Toronto-9b92,43,39,Normal
2026-02-15 18:58:15.042051,Toronto-9b92,9,73,Normal
2026-02-15 18:58:16.042051,Toronto-9b92,34,31,Normal
2026-02-15 18:58:17.042051,Toronto-9b92,42,46,Normal
2026-02-15 18:58:18.042051,Toronto-9b92,19,13,Normal
2026-02-15 18:58:19.042051,Toronto-9b92,13,51,Normal
2026-02-15 18:58:20.042051,Toronto-9b92,4,22,Normal
2026-02-15 18:58:21.042051,Toronto-9b92,42,88,Normal
2026-02-15 18:58:22.042051,Toronto-9b92,37,98,Normal
2026-02-15 18:58:23.042051,Toronto-9b92,10,16,Normal
2026-02-15 18:58:24.042051,Toronto-9b92,6,48,Normal
2026-02-15 18:58:25.042051,Toronto-9b92,-20,47,Normal
2026-02-15 18:58:26.042051,Toronto-9b92,29,55,Normal
2026-02-15 18:58:27.042051,Toronto-9b92,25,89,Normal
2026-02-15 18:58:28.042051,Toronto-9b92,-7,96,Normal
2026-02-15 18:58:29.042051,Toronto-9b92,13,21,Normal
2026-02-15 18:58:30.042051,Toronto-9b92,17,64,Normal
2026-02-15 18:58:31.042051,Toronto-9b92,1,9,Normal
2026-02-15 18:58:32.042051,Toronto-9b92,29,49,Normal
2026-02-15 18:58:33.042051,Toronto-9b92,-14,70,Normal
2026-02-15 18:58:34.042051,Toronto-9b92,-8,50,Normal
2026-02-15 18:58:35.042051,Toronto-9b92,-1,7,Normal
2026-02-15 18:58:36.042051,Toronto-9b92,26,35,Normal
2026-02-15 18:58:37.042051,Toronto-9b92,4,95,Normal
2026-02-15 18:58:38.042051,Toronto-9b92,37,96,Normal
2026-02-15 18:58:39.042051,Toronto-9b92,-3,32,Normal
2026-02-15 18:58:40.042051,Toronto-9b92,7,8,Normal
2026-02-15 18:58:41.042051,Toronto-9b92,-30,14,Normal
2026-02-15 18:58:42.042051,Toronto-9b92,-10,3,Normal
2026-02-15 18:58:43.042051,Toronto-9b92,-8,94,Normal
2026-02-15 18:58:44.042051,Toronto-9b92,7,7,Normal
2026-02-15 18:58:45.042051,Toronto-9b92,48,88,Normal
2026-02-15 18:58:46.042051,Toronto-9b92,-4,18,Normal
2026-02-15 18:58:47.042051,Toronto-9b92,12,37,Normal
2026-02-15 18:58:48.042051,Toronto-9b92,1,55,Normal
2026-02-15 18:58:49.042051,Toronto-9b92,-24,43,Normal
2026-02-15 18:58:50.042051,Toronto-9b92,-29,20,Normal
2026-02-15 18:58:51.042051,Toronto-9b92,37,82,Normal
2026-02-15 18:58:52.042051,Toronto-9b92,46,83,Normal
2026-02-15 18:58:53.042051,Toronto-9b92,12,19,Normal
2026-02-15 18:58:54.042051,Toronto-9b92,-5,82,Normal
2026-02-15 18:58:55.042051,Toronto-9b92,23,21,Normal
2026-02-15 18:58:56.042051,Toronto-9b92,22,91,Normal
2026-02-15 18:58:57.042051,Toronto-9b92,42,62,Normal
2026-02-15 18:58:58.042051,Toronto-9b92,38,83,Normal
2026-02-15 18:58:59.042051,Toronto-9b92,21,78,Normal
2026-02-15 18:59:00.042051,Toronto-9b92,9,88,Normal
2026-02-15 18:59:01.042051,Toronto-9b92,36,29,Normal
2026-02-15 18:59:02.042051,Toronto-9b92,18,40,Normal
2026-02-15 18:59:03.042051,Toronto-9b92,14,37,Normal
2026-02-15 18:59:04.042051,Toronto-9b92,16,100,Normal
2026-02-15 18:59:05.042051,Toronto-9b92,-28,21,Normal
2026-02-15 18:59:06.042051,Toronto-9b92,-20,77,Normal
2026-02-15 18:59:07.042051,Toronto-9b92,8,75,Normal
2026-02-15 18:59:08.042051,Toronto-9b92,-10,34,Normal
2026-02-15 18:59:09.042051,Toronto-9b92,-7,23,Normal
2026-02-15 18:59:10.042051,Toronto-9b92,21,55,Normal
2026-02-15 18:59:11.042051,Toronto-9b92,9,14,Normal
2026-02-15 18:59:12.042051,Toronto-9b92,26,12,Normal
2026-02-15 18:59:13.042051,Toronto-9b92,27,1,Normal
2026-02-15 18:59:14.042051,Toronto-9b92,-22,33,Normal
2026-02-15 18:59:15.042051,Toronto-9b92,-11,92,Normal
2026-02-15 18:59:16.042051,Toronto-9b92,24,33,Normal
2026-02-15 18:59:17.042051,Toronto-9b92,-26,3,Normal
2026-02-15 18:59:18.042051,Toronto-9b92,-7,41,Normal
2026-02-15 18:59:19.042051,Toronto-9b92,21,77,Normal
2026-02-15 18:59:20.042051,Toronto-9b92,-19,9,Normal
2026-02-15 18:59:21.042051,Toronto-9b92,-14,7,Normal
2026-02-15 18:59:22.042051,Toronto-9b92,-30,74,Normal
2026-02-15 18:59:23.042051,Toronto-9b92,36,22,Normal
2026-02-15 18:59:24.042051,Toronto-9b92,26,56,Normal
2026-02-15 18:59:25.042051,Toronto-9b92,28,14,Normal
2026-02-15 18:59:26.042051,Toronto-9b92,-5,85,Normal
2026-02-15 18:59:27.042051,Toronto-9b92,19,79,Normal
2026-02-15 18:59:28.042051,Toronto-9b92,6,59,Normal
2026-02-15 18:59:29.042051,Toronto-9b92,50,22,Normal
2026-02-15 18:59:30.042051,Toronto-9b92,0,39,Normal
2026-02-15 18:59:31.042051,Toronto-9b92,-7,83,Normal
2026-02-15 18:59:32.042051,Toronto-9b92,11,56,Normal
2026-02-15 18:59:33.042051,Toronto-9b92,-14,69,Normal
2026-02-15 18:59:34.042051,Toronto-9b92,33,20,Normal
2026-02-15 18:59:35.042051,Toronto-9b92,-18,19,Normal
2026-02-15 18:59:36.042051,Toronto-9b92,26,27,Normal
2026-02-15 18:59:37.042051,Toronto-9b92,49,51,Normal
2026-02-15 18:59:38.042051,Toronto-9b92,44,66,Normal
2026-02-15 18:59:39.042051,Toronto-9b92,4,76,Normal
2026-02-15 18:59:40.042051,Toronto-9b92,-25,97,Normal
2026-02-15 18:59:41.042051,Toronto-9b92,13,83,Normal
2026-02-15 18:59:42.042051,Toronto-9b92,-14,79,Normal
2026-02-15 18:59:43.042051,Toronto-9b92,0,40,Normal
2026-02-15 18:59:44.042051,Toronto-9b92,48,17,Normal
2026-02-15 18:59:45.042051,Toronto-9b92,-28,65,Normal
2026-02-15 18:59:46.042051,Toronto-9b92,32,33,Normal
2026-02-15 18:59:47.042051,Toronto-9b92,26,53,Normal
2026-02-15 18:59:48.042051,Toronto-9b92,-6,83,Normal
2026-02-15 18:59:49.042051,Toronto-9b92,37,68,Normal
2026-02-15 18:59:50.042051,Toronto-9b92,16,87,Normal
2026-02-15 18:59:51.042051,Toronto-9b92,14,10,Normal
2026-02-15 18:59:52.042051,Toronto-9b92,23,83,Normal
2026-02-15 18:59:53.042051,Toronto-9b92,46,69,Normal
2026-02-15 18:59:54.042051,Toronto-9b92,6,49,Normal
2026-02-15 18:59:55.042051,Toronto-9b92,8,23,Normal
2026-02-15 18:59:56.042051,Toronto-9b92,-4,11,Normal
2026-02-15 18:59:57.042051,Toronto-9b92,28,21,Normal
2026-02-15 18:59:58.042051,Toronto-9b92,49,42,Normal
2026-02-15 18:59:59.042051,Toronto-9b92,34,18,Normal
2026-02-15 19:00:00.042051,Toronto-9b92,-6,45,Normal
2026-02-15 19:00:01.042051,Toronto-9b92,24,75,Normal
2026-02-15 19:00:02.042051,Toronto-9b92,15,20,Normal
2026-02-15 19:00:03.042051,Toronto-9b92,46,91,Normal
2026-02-15 19:00:04.042051,Toronto-9b92,22,48,Normal
2026-02-15 19:00:05.042051,Toronto-9b92,37,40,Normal
2026-02-15 19:00:06.042051,Toronto-9b92,30,26,Normal
2026-02-15 19:00:07.042051,Toronto-9b92,18,87,Normal
2026-02-15 19:00:08.042051,Toronto-9b92,22,82,Normal
2026-02-15 19:00:09.042051,Toronto-9b92,17,31,Normal
2026-02-15 19:00:10.042051,Toronto-9b92,30,64,Normal
2026-02-15 19:00:11.042051,Toronto-9b92,13,88,Normal
2026-02-15 19:00:12.042051,Toronto-9b92,9,6,Normal
2026-02-15 19:00:13.042051,Toronto-9b92,38,75,Normal
2026-02-15 19:00:14.042051,Toronto-9b92,34,16,Normal
2026-02-15 19:00:15.042051,Toronto-9b92,2,81,Normal
2026-02-15 19:00:16.042051,Toronto-9b92,3,56,Normal
2026-02-15 19:00:17.042051,Toronto-9b92,-29,6,Normal
2026-02-15 19:00:18.042051,Toronto-9b92,13,67,Normal
2026-02-15 19:00:19.042051,Toronto-9b92,-10,28,Normal
2026-02-15 19:00:20.042051,Toronto-9b92,18,61,Normal
2026-02-15 19:00:21.042051,Toronto-9b92,0,41,Normal
2026-02-15 19:00:22.042051,Toronto-9b92,19,74,Normal
2026-02-15 19:00:23.042051,Toronto-9b92,33,44,Normal
2026-02-15 19:00:24.042051,Toronto-9b92,-4,86,Normal
2026-02-15 19:00:25.042051,Toronto-9b92,39,41,Normal
2026-02-15 19:00:26.042051,Toronto-9b92,35,10,Normal
2026-02-15 19:00:27.042051,Toronto-9b92,39,27,Normal
2026-02-15 19:00:28.042051,Toronto-9b92,33,75,Normal
2026-02-15 19:00:29.042051,Toronto-9b92,-25,3,Normal
2026-02-15 19:00:30.042051,Toronto-9b92,21,73,Normal
2026-02-15 19:00:31.042051,Toronto-9b92,-1,51,Normal
2026-02-15 19:00:32.042051,Toronto-9b92,28,92,Normal
2026-02-15 19:00:33.042051,Toronto-9b92,-24,16,Normal
2026-02-15 19:00:34.042051,Toronto-9b92,22,67,Normal
2026-02-15 19:00:35.042051,Toronto-9b92,16,9,Normal
2026-02-15 19:00:36.042051,Toronto-9b92,8,6,Normal
2026-02-15 19:00:37.042051,Toronto-9b92,43,35,Normal
2026-02-15 19:00:38.042051,Toronto-9b92,-8,7,Normal
2026-02-15 19:00:39.042051,Toronto-9b92,36,23,Normal
2026-02-15 19:00:40.042051,Toronto-9b92,36,79,Normal
2026-02-15 19:00:41.042051,Toronto-9b92,-1,91,Normal
2026-02-15 19:00:42.042051,Toronto-9b92,-7,50,Normal
2026-02-15 19:00:43.042051,Toronto-9b92,0,35,Normal
2026-02-15 19:00:44.042051,Toronto-9b92,30,31,Normal
2026-02-15 19:00:45.042051,Toronto-9b92,49,6,Normal
2026-02-15 19:00:46.042051,Toronto-9b92,-1,34,Normal
2026-02-15 19:00:47.042051,Toronto-9b92,-8,87,Normal
2026-02-15 19:00:48.042051,Toronto-9b92,8,12,Normal
2026-02-15 19:00:49.042051,Toronto-9b92,-10,43,Normal
2026-02-15 19:00:50.042051,Toronto-9b92,-7,20,Normal
2026-02-15 19:00:51.042051,Toronto-9b92,48,41,Normal
2026-02-15 19:00:52.042051,Toronto-9b92,36,17,Normal
2026-02-15 19:00:53.042051,Toronto-9b92,-10,65,Normal
2026-02-15 19:00:54.042051,Toronto-9b92,-1,86,Normal
2026-02-15 19:00:55.042051,Toronto-9b92,15,74,Normal
2026-02-15 19:00:56.042051,Toronto-9b92,-21,47,Normal
2026-02-15 19:00:57.042051,Toronto-9b92,49,58,Normal
2026-02-15 19:00:58.042051,Toronto-9b92,-11,20,Normal
2026-02-15 19:00:59.042051,Toronto-9b92,9,30,Normal
2026-02-15 19:01:00.042051,Toronto-9b92,-26,53,Normal
2026-02-15 19:01:01.042051,Toronto-9b92,-8,43,Normal
