timestamp,station_id,temp,humid,condition
2026-02-13 18:56:56.011713,Tokyo-2176,43,11,Normal
2026-02-13 18:56:57.011713,Tokyo-2176,43,99,Normal
2026-02-13 18:56:58.011713,Tokyo-2176,-23,12,Normal
2026-02-13 18:56:59.011713,Tokyo-2176,-16,59,Normal
2026-02-13 18:57:00.011713,Tokyo-2176,5,82,Normal
2026-02-13 18:57:01.011713,Tokyo-2176,26,75,Normal
2026-02-13 18:57:02.011713,Tokyo-2176,46,2,Normal
2026-02-13 18:57:03.011713,Tokyo-2176,14,81,Normal
2026-02-13 18:57:04.011713,Tokyo-2176,-21,99,Normal
2026-02-13 18:57:05.011713,Tokyo-2176,11,4,Normal
2026-02-13 18:57:06.011713,Tokyo-2176,19,15,Normal
2026-02-13 18:57:07.011713,Tokyo-2176,-17,48,Normal
2026-02-13 18:57:08.011713,Tokyo-2176,-7,36,Normal
2026-02-13 18:57:09.011713,Tokyo-2176,3,57,Normal
2026-02-13 18:57:10.011713,Tokyo-2176,20,25,Normal
2026-02-13 18:57:11.011713,Tokyo-2176,15,26,Normal
2026-02-13 18:57:12.011713,Tokyo-2176,0,46,Normal
2026-02-13 18:57:13.011713,Tokyo-2176,-6,38,Normal
2026-02-13 18:57:14.011713,Tokyo-2176,-12,13,Normal
2026-02-13 18:57:15.011713,Tokyo-2176,-25,34,Normal
2026-02-13 18:57:16.011713,Tokyo-2176,-5,25,Normal
2026-02-13 18:57:17.011713,Tokyo-2176,-12,44,Normal
2026-02-13 18:57:18.011713,Tokyo-2176,19,79,Normal
2026-02-13 18:57:19.011713,Tokyo-2176,12,37,Normal
2026-02-13 18:57:20.011713,Tokyo-2176,-15,72,Normal
2026-02-13 18:57:21.011713,Tokyo-2176,-8,25,Normal
2026-02-13 18:57:22.011713,Tokyo-2176,39,49,Normal
2026-02-13 18:57:23.011713,Tokyo-2176,-26,100,Normal
2026-02-13 18:57:24.011713,Tokyo-2176,-29,11,Normal
2026-02-13 18:57:25.011713,Tokyo-2176,19,86,Normal
2026-02-13 18:57:26.011713,Tokyo-2176,28,2,Normal
2026-02-13 18:57:27.011713,Tokyo-2176,28,30,Normal
2026-02-13 18:57:28.011713,Tokyo-2176,14,64,Normal
2026-02-13 18:57:29.011713,Tokyo-2176,-28,73,Normal
2026-02-13 18:57:30.011713,Tokyo-2176,8,78,Normal
2026-02-13 18:57:31.011713,Tokyo-2176,23,93,Normal
2026-02-13 18:57:32.011713,Tokyo-2176,0,19,Normal
2026-02-13 18:57:33.011713,Tokyo-2176,-9,9,Normal
2026-02-13 18:57:34.011713,Tokyo-2176,-6,27,Normal
2026-02-13 18:57:35.011713,Tokyo-2176,-29,95,Normal
2026-02-13 18:57:36.011713,Tokyo-2176,9,22,Normal
2026-02-13 18:57:37.011713,Tokyo-2176,43,53,Normal
2026-02-13 18:57:38.011713,Tokyo-2176,-25,2,Normal
2026-02-13 18:57:39.011713,Tokyo-2176,31,15,Normal
2026-02-13 18:57:40.011713,Tokyo-2176,17,94,Normal
2026-02-13 18:57:41.011713,Tokyo-2176,-23,25,Normal
2026-02-13 18:57:42.011713,Tokyo-2176,18,35,Normal
2026-02-13 18:57:43.011713,Tokyo-2176,17,68,Normal
2026-02-13 18:57:44.011713,Tokyo-2176,18,34,Normal
2026-02-13 18:57:45.011713,Tokyo-2176,7,89,Normal
2026-02-13 18:57:46.011713,Tokyo-2176,-21,0,Normal
2026-02-13 18:57:47.011713,Tokyo-2176,50,13,Normal
2026-02-13 18:57:48.011713,Tokyo-2176,14,62,Normal
2026-02-13 18:57:49.011713,Tokyo-2176,-20,8,Normal
2026-02-13 18:57:50.011713,Tokyo-2176,-15,1,Normal
2026-02-13 18:57:51.011713,Tokyo-2176,45,61,Normal
2026-02-13 18:57:52.011713,Tokyo-2176,-19,51,Normal
2026-02-13 18:57:53.011713,Tokyo-2176,21,60,Normal
2026-02-13 18:57:54.011713,Tokyo-2176,14,76,Normal
2026-02-13 18:57:55.011713,Tokyo-2176,42,30,Normal
2026-02-13 18:57:56.011713,Tokyo-2176,-27,75,Normal
2026-02-13 18:57:57.011713,Tokyo-2176,-6,67,Normal
2026-02-13 18:57:58.011713,Tokyo-2176,-28,88,Normal
2026-02-13 18:57:59.011713,Tokyo-2176,24,84,Normal
2026-02-13 18:58:00.011713,Tokyo-2176,35,86,Normal
2026-02-13 18:58:01.011713,Tokyo-2176,7,97,Normal
2026-02-13 18:58:02.011713,Tokyo-2176,34,43,Normal
2026-02-13 18:58:03.011713,Tokyo-2176,37,95,Normal
2026-02-13 18:58:04.011713,Tokyo-2176,41,2,Normal
2026-02-13 18:58:05.011713,Tokyo-2176,-23,68,Normal
2026-02-13 18:58:06.011713,Tokyo-2176,-8,21,Normal
2026-02-13 18:58:07.011713,Tokyo-2176,-10,11,Normal
2026-02-13 18:58:08.011713,Tokyo-2176,15,48,Normal
2026-02-13 18:58:09.011713,Tokyo-2176,30,49,Normal
2026-02-13 18:58:10.011713,Tokyo-2176,11,98,Normal
2026-02-13 18:58:11.011713,Tokyo-2176,-24,0,Normal
2026-02-13 18:58:12.011713,Tokyo-2176,14,91,Normal
2026-02-13 18:58:13.011713,Tokyo-2176,-15,54,Normal
2026-02-13 18:58:14.011713,Tokyo-2176,8,81,Normal
2026-02-13 18:58:15.011713,Tokyo-2176,16,27,Normal
2026-02-13 18:58:16.011713,Tokyo-2176,41,47,Normal
2026-02-13 18:58:17.011713,Tokyo-2176,24,84,Normal
2026-02-13 18:58:18.011713,Tokyo-2176,28,63,Normal
2026-02-13 18:58:19.011713,Tokyo-2176,-3,12,Normal
2026-02-13 18:58:20.011713,Tokyo-2176,-13,95,Normal
2026-02-13 18:58:21.011713,Tokyo-2176,23,60,Normal
2026-02-13 18:58:22.011713,Tokyo-2176,41,97,Normal
2026-02-13 18:58:23.011713,Tokyo-2176,16,97,Normal
2026-02-13 18:58:24.011713,Tokyo-2176,-7,69,Normal
2026-02-13 18:58:25.011713,Tokyo-2176,24,50,Normal
2026-02-13 18:58:26.011713,Tokyo-2176,-6,97,Normal
2026-02-13 18:58:27.011713,Tokyo-2176,6,33,Normal
2026-02-13 18:58:28.011713,Tokyo-2176,40,31,Normal
2026-02-13 18:58:29.011713,Tokyo-2176,-24,35,Normal
2026-02-13 18:58:30.011713,Tokyo-2176,4,12,Normal
2026-02-13 18:58:31.011713,Tokyo-2176,0,48,Normal
2026-02-13 18:58:32.011713,Tokyo-2176,21,64,Normal
2026-02-13 18:58:33.011713,Tokyo-2176,44,55,Normal
2026-02-13 18:58:34.011713,Tokyo-2176,-24,5,Normal
2026-02-13 18:58:35.011713,Tokyo-2176,-2,55,Normal
2026-02-13 18:58:36.011713,Tokyo-2176,-27,81,Normal
2026-02-13 18:58:37.011713,Tokyo-2176,48,85,Normal
2026-02-13 18:58:38.011713,Tokyo-2176,18,47,Normal
2026-02-13 18:58:39.011713,Tokyo-2176,-11,82,Normal
2026-02-13 18:58:40.011713,Tokyo-2176,43,84,Normal
2026-02-13 18:58:41.011713,Tokyo-2176,8,98,Normal
2026-02-13 18:58:42.011713,Tokyo-2176,44,88,Normal
2026-02-13 18:58:43.011713,Tokyo-2176,-1,56,Normal
2026-02-13 18:58:44.011713,Tokyo-2176,-1,71,Normal
2026-02-13 18:58:45.011713,Tokyo-2176,-11,70,Normal
2026-02-13 18:58:46.011713,Tokyo-2176,-26,41,Normal
2026-02-13 18:58:47.011713,Tokyo-2176,42,28,Normal
2026-02-13 18:58:48.011713,Tokyo-2176,-30,57,Normal
2026-02-13 18:58:49.011713,Tokyo-2176,15,33,Normal
2026-02-13 18:58:50.011713,Tokyo-2176,-10,14,Normal
2026-02-13 18:58:51.011713,Tokyo-2176,16,57,Normal
2026-02-13 18:58:52.011713,Tokyo-2176,18,100,Normal
2026-02-13 18:58:53.011713,Tokyo-2176,-2,99,Normal
2026-02-13 18:58:54.011713,Tokyo-2176,11,57,Normal
2026-02-13 18:58:55.011713,Tokyo-2176,-6,51,Normal
2026-02-13 18:58:56.011713,Tokyo-2176,18,15,Normal
2026-02-13 18:58:57.011713,Tokyo-2176,37,11,Normal
2026-02-13 18:58:58.011713,Tokyo-2176,-6,0,Normal
2026-02-13 18:58:59.011713,Tokyo-2176,3,9,Normal
2026-02-13 18:59:00.011713,Tokyo-2176,11,20,Normal
2026-02-13 18:59:01.011713,Tokyo-2176,17,57,Normal
2026-02-13 18:59:02.011713,Tokyo-2176,45,97,Normal
2026-02-13 18:59:03.011713,Tokyo-2176,8,94,Normal
2026-02-13 18:59:04.011713,Tokyo-2176,-20,53,Normal
2026-02-13 18:59:05.011713,Tokyo-2176,48,87,Normal
2026-02-13 18:59:06.011713,Tokyo-2176,44,93,Normal
2026-02-13 18:59:07.011713,Tokyo-2176,-1,84,Normal
2026-02-13 18:59:08.011713,Tokyo-2176,-2,24,Normal
2026-02-13 18:59:09.011713,Tokyo-2176,-11,23,Normal
2026-02-13 18:59:10.011713,Tokyo-2176,28,98,Normal
2026-02-13 18:59:11.011713,Tokyo-2176,28,54,Normal
2026-02-13 18:59:12.011713,Tokyo-2176,8,81,Normal
2026-02-13 18:59:13.011713,Tokyo-2176,50,3,Normal
2026-02-13 18:59:14.011713,Tokyo-2176,-15,34,Normal
2026-02-13 18:59:15.011713,Tokyo-2176,0,85,Normal
2026-02-13 18:59:16.011713,Tokyo-2176,-9,89,Normal
2026-02-13 18:59:17.011713,Tokyo-2176,20,10,Normal
2026-02-13 18:59:18.011713,Tokyo-2176,-23,97,Normal
2026-02-13 18:59:19.011713,Tokyo-2176,26,42,Normal
2026-02-13 18:59:20.011713,Tokyo-2176,-28,11,Normal
2026-02-13 18:59:21.011713,Tokyo-2176,16,93,Normal
2026-02-13 18:59:22.011713,Tokyo-2176,45,25,Normal
2026-02-13 18:59:23.011713,Tokyo-2176,37,40,Normal
2026-02-13 18:59:24.011713,Tokyo-2176,13,66,Normal
2026-02-13 18:59:25.011713,Tokyo-2176,17,18,Normal
2026-02-13 18:59:26.011713,Tokyo-2176,27,38,Normal
2026-02-13 18:59:27.011713,Tokyo-2176,30,20,Normal
2026-02-13 18:59:28.011713,Tokyo-2176,-8,33,Normal
2026-02-13 18:59:29.011713,Tokyo-2176,34,84,Normal
2026-02-13 18:59:30.011713,Tokyo-2176,-8,59,Normal
2026-02-13 18:59:31.011713,Tokyo-2176,50,61,Normal
2026-02-13 18:59:32.011713,Tokyo-2176,-9,34,Normal
2026-02-13 18:59:33.011713,Tokyo-2176,-25,53,Normal
2026-02-13 18:59:34.011713,Tokyo-2176,35,44,Normal
2026-02-13 18:59:35.011713,Tokyo-2176,-9,29,Normal
2026-02-13 18:59:36.011713,Tokyo-2176,-29,13,Normal
2026-02-13 18:59:37.011713,Tokyo-2176,-5,36,Normal
2026-02-13 18:59:38.011713,Tokyo-2176,39,95,Normal
2026-02-13 18:59:39.011713,Tokyo-2176,49,65,Normal
2026-02-13 18:59:40.011713,Tokyo-2176,14,7,Normal
2026-02-13 18:59:41.011713,Tokyo-2176,-15,46,Normal
2026-02-13 18:59:42.011713,Tokyo-2176,15,57,Normal
2026-02-13 18:59:43.011713,Tokyo-2176,39,46,Normal
2026-02-13 18:59:44.011713,Tokyo-2176,1,83,Normal
2026-02-13 18:59:45.011713,Tokyo-2176,49,27,Normal
2026-02-13 18:59:46.011713,Tokyo-2176,37,7,Normal
2026-02-13 18:59:47.011713,Tokyo-2176,-16,61,Normal
2026-02-13 18:59:48.011713,Tokyo-2176,24,4,Normal
2026-02-13 18:59:49.011713,Tokyo-2176,5,51,Normal
2026-02-13 18:59:50.011713,Tokyo-2176,23,42,Normal
2026-02-13 18:59:51.011713,Tokyo-2176,18,72,Normal
2026-02-13 18:59:52.011713,Tokyo-2176,19,33,Normal
2026-02-13 18:59:53.011713,Tokyo-2176,43,53,Normal
2026-02-13 18:59:54.011713,Tokyo-2176,29,53,Normal
2026-02-13 18:59:55.011713,Tokyo-2176,-14,77,Normal
2026-02-13 18:59:56.011713,Tokyo-2176,-10,64,Normal
2026-02-13 18:59:57.011713,Tokyo-2176,6,3,Normal
2026-02-13 18:59:58.011713,Tokyo-2176,-21,52,Normal
2026-02-13 18:59:59.011713,Tokyo-2176,-29,25,Normal
2026-02-13 19:00:00.011713,Tokyo-2176,17,9,Normal
2026-02-13 19:00:01.011713,Tokyo-2176,0,31,Normal
2026-02-13 19:00:02.011713,Tokyo-2176,-22,22,Normal
2026-02-13 19:00:03.011713,Tokyo-2176,0,0,Normal
2026-02-13 19:00:04.011713,Tokyo-2176,38,5,Normal
2026-02-13 19:00:05.011713,Tokyo-2176,14,41,Normal
2026-02-13 19:00:06.011713,Tokyo-2176,9,22,Normal
2026-02-13 19:00:07.011713,Tokyo-2176,29,15,Normal
2026-02-13 19:00:08.011713,Tokyo-2176,-17,37,Normal
2026-02-13 19:00:09.011713,Tokyo-2176,-8,86,Normal
2026-02-13 19:00:10.011713,Tokyo-2176,-24,11,Normal
2026-02-13 19:00:11.011713,Tokyo-2176,-29,8,Normal
2026-02-13 19:00:12.011713,Tokyo-2176,-22,83,Normal
2026-02-13 19:00:13.011713,Tokyo-2176,0,24,Normal
2026-02-13 19:00:14.011713,Tokyo-2176,-28,10,Normal
2026-02-13 19:00:15.011713,Tokyo-2176,23,37,Normal
2026-02-13 19:00:16.011713,Tokyo-2176,20,23,Normal
2026-02-13 19:00:17.011713,Tokyo-2176,-28,40,Normal
2026-02-13 19:00:18.011713,Tokyo-2176,43,92,Normal
2026-02-13 19:00:19.011713,Tokyo-2176,-3,65,Normal
2026-02-13 19:00:20.011713,Tokyo-2176,-18,95,Normal
2026-02-13 19:00:21.011713,Tokyo-2176,-13,40,Normal
2026-02-13 19:00:22.011713,Tokyo-2176,1,100,Normal
2026-02-13 19:00:23.011713,Tokyo-2176,50,52,Normal
2026-02-13 19:00:24.011713,Tokyo-2176,33,15,Normal
2026-02-13 19:00:25.011713,Tokyo-2176,9,15,Normal
2026-02-13 19:00:26.011713,Tokyo-2176,48,76,Normal
2026-02-13 19:00:27.011713,Tokyo-2176,47,18,Normal
2026-02-13 19:00:28.011713,Tokyo-2176,-2,24,Normal
2026-02-13 19:00:29.011713,Tokyo-2176,5,16,Normal
2026-02-13 19:00:30.011713,Tokyo-2176,14,66,Normal
2026-02-13 19:00:31.011713,Tokyo-2176,19,14,Normal
2026-02-13 19:00:32.011713,Tokyo-2176,31,94,Normal
2026-02-13 19:00:33.011713,Tokyo-2176,48,73,Normal
2026-02-13 19:00:34.011713,Tokyo-2176,-16,84,Normal
2026-02-13 19:00:35.011713,Tokyo-2176,47,36,Normal
2026-02-13 19:00:36.011713,Tokyo-2176,35,35,Normal
2026-02-13 19:00:37.011713,Tokyo-2176,-11,41,Normal
2026-02-13 19:00:38.011713,Tokyo-2176,13,39,Normal
2026-02-13 19:00:39.011713,Tokyo-2176,34,78,Normal
2026-02-13 19:00:40.011713,Tokyo-2176,30,7,Normal
2026-02-13 19:00:41.011713,Tokyo-2176,-5,85,Normal
2026-02-13 19:00:42.011713,Tokyo-2176,17,32,Normal
2026-02-13 19:00:43.011713,Tokyo-2176,40,48,Normal
2026-02-13 19:00:44.011713,Tokyo-2176,23,67,Normal
2026-02-13 19:00:45.011713,Tokyo-2176,-19,82,Normal
2026-02-13 19:00:46.011713,Tokyo-2176,-6,31,Normal
2026-02-13 19:00:47.011713,Tokyo-2176,-13,83,Normal
2026-02-13 19:00:48.011713,Tokyo-2176,-14,71,Normal
2026-02-13 19:00:49.011713,Tokyo-2176,5,35,Normal
2026-02-13 19:00:50.011713,Tokyo-2176,6,74,Normal
2026-02-13 19:00:51.011713,Tokyo-2176,39,39,Normal
2026-02-13 19:00:52.011713,Tokyo-2176,-5,29,Normal
2026-02-13 19:00:53.011713,Tokyo-2176,12,63,Normal
2026-02-13 19:00:54.011713,Tokyo-2176,-27,68,Normal
2026-02-13 19:00:55.011713,Tokyo-2176,3,50,Normal
2026-02-13 19:00:56.011713,Tokyo-2176,28,100,Normal
2026-02-13 19:00:57.011713,Tokyo-2176,-17,67,Normal
2026-02-13 19:00:58.011713,Tokyo-2176,-18,28,Normal
2026-02-13 19:00:59.011713,Tokyo-2176,14,4,Normal
2026-02-13 19:01:00.011713,Tokyo-2176,-25,45,Normal
2026-02-13 19:01:01.011713,Tokyo-2176,11,48,Normal
2026-02-13 19:01:02.011713,Tokyo-2176,27,46,Normal
2026-02-13 19:01:03.011713,Tokyo-2176,8,26,Normal
2026-02-13 19:01:04.011713,Tokyo-2176,27,57,Normal
2026-02-13 19:01:05.011713,Tokyo-2176,39,92,Normal
2026-02-13 19:01:06.011713,Tokyo-2176,41,0,Normal
2026-02-13 19:01:07.011713,Tokyo-2176,6,89,Normal
2026-02-13 19:01:08.011713,Tokyo-2176,-12,1,Normal
2026-02-13 19:01:09.011713,Tokyo-2176,45,86,Normal
2026-02-13 19:01:10.011713,Tokyo-2176,-2,92,Normal
2026-02-13 19:01:11.011713,Tokyo-2176,19,96,Normal
2026-02-13 19:01:12.011713,Tokyo-2176,35,16,Normal
2026-02-13 19:01:13.011713,Tokyo-2176,48,69,Normal
2026-02-13 19:01:14.011713,Tokyo-2176,18,33,Normal
2026-02-13 19:01:15.011713,Tokyo-2176,22,64,Normal
2026-02-13 19:01:16.011713,Tokyo-2176,15,88,Normal
2026-02-13 19:01:17.011713,Tokyo-2176,18,6,Normal
2026-02-13 19:01:18.011713,Tokyo-2176,29,89,Normal
2026-02-13 19:01:19.011713,Tokyo-2176,-26,23,Normal
2026-02-13 19:01:20.011713,Tokyo-2176,-19,26,Normal
2026-02-13 19:01:21.011713,Tokyo-2176,4,85,Normal
2026-02-13 19:01:22.011713,Tokyo-2176,46,2,Normal
2026-02-13 19:01:23.011713,Tokyo-2176,16,25,Normal
2026-02-13 19:01:24.011713,Tokyo-2176,-7,54,Normal
2026-02-13 19:01:25.011713,Tokyo-2176,32,36,Normal
2026-02-13 19:01:26.011713,Tokyo-2176,-21,43,Normal
2026-02-13 19:01:27.011713,Tokyo-2176,25,90,Normal
2026-02-13 19:01:28.011713,Tokyo-2176,43,92,Normal
2026-02-13 19:01:29.011713,Tokyo-2176,36,95,Normal
2026-02-13 19:01:30.011713,Tokyo-2176,-21,35,Normal
2026-02-13 19:01:31.011713,Tokyo-2176,-2,24,Normal
2026-02-13 19:01:32.011713,Tokyo-2176,7,7,Normal
2026-02-13 19:01:33.011713,Tokyo-2176,-23,84,Normal
2026-02-13 19:01:34.011713,Tokyo-2176,-14,94,Normal
2026-02-13 19:01:35.011713,Tokyo-2176,-7,2,Normal
2026-02-13 19:01:36.011713,Tokyo-2176,28,89,Normal
2026-02-13 19:01:37.011713,Tokyo-2176,32,36,Normal
2026-02-13 19:01:38.011713,Tokyo-2176,-7,24,Normal
2026-02-13 19:01:39.011713,Tokyo-2176,-5,9,Normal
2026-02-13 19:01:40.011713,Tokyo-2176,25,91,Normal
2026-02-13 19:01:41.011713,Tokyo-2176,5,54,Normal
2026-02-13 19:01:42.011713,Tokyo-2176,11,57,Normal
2026-02-13 19:01:43.011713,Tokyo-2176,13,44,Normal
2026-02-13 19:01:44.011713,Tokyo-2176,-25,66,Normal
2026-02-13 19:01:45.011713,Tokyo-2176,26,57,Normal
2026-02-13 19:01:46.011713,Tokyo-2176,-12,7,Normal
2026-02-13 19:01:47.011713,Tokyo-2176,-30,25,Normal
2026-02-13 19:01:48.011713,Tokyo-2176,-3,92,Normal
2026-02-13 19:01:49.011713,Tokyo-2176,22,21,Normal
2026-02-13 19:01:50.011713,Tokyo-2176,33,22,Normal
2026-02-13 19:01:51.011713,Tokyo-2176,12,8,Normal
2026-02-13 19:01:52.011713,Tokyo-2176,8,36,Normal
2026-02-13 19:01:53.011713,Tokyo-2176,-7,81,Normal
2026-02-13 19:01:54.011713,Tokyo-2176,15,73,Normal
2026-02-13 19:01:55.011713,Tokyo-2176,28,77,Normal
2026-02-13 19:01:56.011713,Tokyo-2176,41,21,Normal
2026-02-13 19:01:57.011713,Tokyo-2176,45,56,Normal
2026-02-13 19:01:58.011713,Tokyo-2176,-4,77,Normal
2026-02-13 19:01:59.011713,Tokyo-2176,-29,17,Normal
2026-02-13 19:02:00.011713,Tokyo-2176,-20,98,Normal
2026-02-13 19:02:01.011713,Tokyo-2176,36,47,Normal
2026-02-13 19:02:02.011713,Tokyo-2176,9,60,Normal
2026-02-13 19:02:03.011713,Tokyo-2176,37,82,Normal
2026-02-13 19:02:04.011713,Tokyo-2176,-8,52,Normal
2026-02-13 19:02:05.011713,Tokyo-2176,21,29,Normal
2026-02-13 19:02:06.011713,Tokyo-2176,46,82,Normal
2026-02-13 19:02:07.011713,Tokyo-2176,-5,69,Normal
2026-02-13 19:02:08.011713,Tokyo-2176,43,29,Normal
2026-02-13 19:02:09.011713,Tokyo-2176,-13,28,Normal
2026-02-13 19:02:10.011713,Tokyo-2176,31,83,Normal
2026-02-13 19:02:11.011713,Tokyo-2176,-1,47,Normal
2026-02-13 19:02:12.011713,Tokyo-2176,2,16,Normal
2026-02-13 19:02:13.011713,Tokyo-2176,1,23,Normal
2026-02-13 19:02:14.011713,Tokyo-2176,1,7,Normal
2026-02-13 19:02:15.011713,Tokyo-2176,-3,58,Normal
2026-02-13 19:02:16.011713,Tokyo-2176,34,20,Normal
2026-02-13 19:02:17.011713,Tokyo-2176,15,20,Normal
2026-02-13 19:02:18.011713,Tokyo-2176,-5,31,Normal
2026-02-13 19:02:19.011713,Tokyo-2176,15,34,Normal
2026-02-13 19:02:20.011713,Tokyo-2176,16,50,Normal
2026-02-13 19:02:21.011713,Tokyo-2176,-14,67,Normal
2026-02-13 19:02:22.011713,Tokyo-2176,12,1,Normal
2026-02-13 19:02:23.011713,Tokyo-2176,-2,20,Normal
2026-02-13 19:02:24.011713,Tokyo-2176,-22,14,Normal
2026-02-13 19:02:25.011713,Tokyo-2176,48,98,Normal
2026-02-13 19:02:26.011713,Tokyo-2176,7,50,Normal
2026-02-13 19:02:27.011713,Tokyo-2176,-14,9,Normal
2026-02-13 19:02:28.011713,Tokyo-2176,29,84,Normal
2026-02-13 19:02:29.011713,Tokyo-2176,-1,61,Normal
2026-02-13 19:02:30.011713,Tokyo-2176,36,7,Normal
2026-02-13 19:02:31.011713,Tokyo-2176,-4,96,Normal
2026-02-13 19:02:32.011713,Tokyo-2176,-23,70,Normal
2026-02-13 19:02:33.011713,Tokyo-2176,43,0,Normal
2026-02-13 19:02:34.011713,Tokyo-2176,-15,77,Normal
2026-02-13 19:02:35.011713,Tokyo-2176,5,85,Normal
2026-02-13 19:02:36.011713,Tokyo-2176,37,93,Normal
2026-02-13 19:02:37.011713,Tokyo-2176,23,33,Normal
2026-02-13 19:02:38.011713,Tokyo-2176,-11,40,Normal
2026-02-13 19:02:39.011713,Tokyo-2176,-8,54,Normal
2026-02-13 19:02:40.011713,Tokyo-2176,-19,53,Normal
2026-02-13 19:02:41.011713,Tokyo-2176,16,58,Normal
2026-02-13 19:02:42.011713,Tokyo-2176,46,15,Normal
2026-02-13 19:02:43.011713,Tokyo-2176,18,98,Normal
2026-02-13 19:02:44.011713,Tokyo-2176,32,19,Normal
2026-02-13 19:02:45.011713,Tokyo-2176,10,26,Normal
2026-02-13 19:02:46.011713,Tokyo-2176,-7,3,Normal
2026-02-13 19:02:47.011713,Tokyo-2176,11,20,Normal
2026-02-13 19:02:48.011713,Tokyo-2176,17,19,Normal
2026-02-13 19:02:49.011713,Tokyo-2176,-29,39,Normal
2026-02-13 19:02:50.011713,Tokyo-2176,-3,62,Normal
2026-02-13 19:02:51.011713,Tokyo-2176,-30,47,Normal
2026-02-13 19:02:52.011713,Tokyo-2176,-12,70,Normal
2026-02-13 19:02:53.011713,Tokyo-2176,47,86,Normal
2026-02-13 19:02:54.011713,Tokyo-2176,28,97,Normal
2026-02-13 19:02:55.011713,Tokyo-2176,42,15,Normal
2026-02-13 19:02:56.011713,Tokyo-2176,13,55,Normal
2026-02-13 19:02:57.011713,Tokyo-2176,-5,18,Normal
2026-02-13 19:02:58.011713,Tokyo-2176,40,93,Normal
2026-02-13 19:02:59.011713,Tokyo-2176,27,44,Normal
2026-02-13 19:03:00.011713,Tokyo-2176,-4,30,Normal
2026-02-13 19:03:01.011713,Tokyo-2176,10,41,Normal
2026-02-13 19:03:02.011713,Tokyo-2176,42,27,Normal
2026-02-13 19:03:03.011713,Tokyo-2176,-16,66,Normal
2026-02-13 19:03:04.011713,Tokyo-2176,18,55,Normal
2026-02-13 19:03:05.011713,Tokyo-2176,14,83,Normal
2026-02-13 19:03:06.011713,Tokyo-2176,-2,85,Normal
2026-02-13 19:03:07.011713,Tokyo-2176,2,8,Normal
2026-02-13 19:03:08.011713,Tokyo-2176,-30,33,Normal
2026-02-13 19:03:09.011713,Tokyo-2176,11,79,Normal
2026-02-13 19:03:10.011713,Tokyo-2176,31,44,Normal
2026-02-13 19:03:11.011713,Tokyo-2176,23,70,Normal
2026-02-13 19:03:12.011713,Tokyo-2176,-3,35,Normal
2026-02-13 19:03:13.011713,Tokyo-2176,48,56,Normal
2026-02-13 19:03:14.011713,Tokyo-2176,1,0,Normal
2026-02-13 19:03:15.011713,Tokyo-2176,13,71,Normal
2026-02-13 19:03:16.011713,Tokyo-2176,18,0,Normal
2026-02-13 19:03:17.011713,Tokyo-2176,-22,44,Normal
2026-02-13 19:03:18.011713,Tokyo-2176,42,77,Normal
2026-02-13 19:03:19.011713,Tokyo-2176,22,89,Normal
2026-02-13 19:03:20.011713,Tokyo-2176,-11,66,Normal
2026-02-13 19:03:21.011713,Tokyo-2176,-1,8,Normal
2026-02-13 19:03:22.011713,Tokyo-2176,-2,50,Normal
2026-02-13 19:03:23.011713,Tokyo-2176,-24,94,Normal
2026-02-13 19:03:24.011713,Tokyo-2176,-26,18,Normal
2026-02-13 19:03:25.011713,Tokyo-2176,28,75,Normal
2026-02-13 19:03:26.011713,Tokyo-2176,-13,84,Normal
2026-02-13 19:03:27.011713,Tokyo-2176,-1,83,Normal
2026-02-13 19:03:28.011713,Tokyo-2176,4,9,Normal
2026-02-13 19:03:29.011713,Tokyo-2176,12,28,Normal
2026-02-13 19:03:30.011713,Tokyo-2176,9,100,Normal
2026-02-13 19:03:31.011713,Tokyo-2176,27,26,Normal
2026-02-13 19:03:32.011713,Tokyo-2176,3,88,Normal
2026-02-13 19:03:33.011713,Tokyo-2176,-30,61,Normal
2026-02-13 19:03:34.011713,Tokyo-2176,-30,41,Normal
2026-02-13 19:03:35.011713,Tokyo-2176,-22,60,Normal
2026-02-13 19:03:36.011713,Tokyo-2176,6,81,Normal
2026-02-13 19:03:37.011713,Tokyo-2176,-6,20,Normal
2026-02-13 19:03:38.011713,Tokyo-2176,-2,92,Normal
2026-02-13 19:03:39.011713,Tokyo-2176,2,22,Normal
2026-02-13 19:03:40.011713,Tokyo-2176,-9,9,Normal
2026-02-13 19:03:41.011713,Tokyo-2176,34,83,Normal
2026-02-13 19:03:42.011713,Tokyo-2176,15,7,Normal
2026-02-13 19:03:43.011713,Tokyo-2176,-23,2,Normal
2026-02-13 19:03:44.011713,Tokyo-2176,48,81,Normal
2026-02-13 19:03:45.011713,Tokyo-2176,-3,48,Normal
2026-02-13 19:03:46.011713,Tokyo-2176,45,16,Normal
2026-02-13 19:03:47.011713,Tokyo-2176,30,98,Normal
2026-02-13 19:03:48.011713,Tokyo-2176,23,28,Normal
2026-02-13 19:03:49.011713,Tokyo-2176,39,92,Normal
2026-02-13 19:03:50.011713,Tokyo-2176,15,100,Normal
2026-02-13 19:03:51.011713,Tokyo-2176,-11,38,Normal
2026-02-13 19:03:52.011713,Tokyo-2176,-1,31,Normal
2026-02-13 19:03:53.011713,Tokyo-2176,-3,15,Normal
2026-02-13 19:03:54.011713,Tokyo-2176,29,86,Normal
2026-02-13 19:03:55.011713,Tokyo-2176,33,73,Normal
2026-02-13 19:03:56.011713,Tokyo-2176,-26,73,Normal
2026-02-13 19:03:57.011713,Tokyo-2176,-18,10,Normal
2026-02-13 19:03:58.011713,Tokyo-2176,38,98,Normal
2026-02-13 19:03:59.011713,Tokyo-2176,34,8,Normal
2026-02-13 19:04:00.011713,Tokyo-2176,32,42,Normal
2026-02-13 19:04:01.011713,Tokyo-2176,-9,74,Normal
2026-02-13 19:04:02.011713,Tokyo-2176,44,40,Normal
2026-02-13 19:04:03.011713,Tokyo-2176,-2,61,Normal
2026-02-13 19:04:04.011713,Tokyo-2176,50,13,Normal
2026-02-13 19:04:05.011713,Tokyo-2176,19,100,Normal
2026-02-13 19:04:06.011713,Tokyo-2176,47,48,Normal
2026-02-13 19:04:07.011713,Tokyo-2176,-23,46,Normal
2026-02-13 19:04:08.011713,Tokyo-2176,19,61,Normal
2026-02-13 19:04:09.011713,Tokyo-2176,-30,66,Normal
2026-02-13 19:04:10.011713,Tokyo-2176,-5,35,Normal
2026-02-13 19:04:11.011713,Tokyo-2176,18,83,Normal
2026-02-13 19:04:12.011713,Tokyo-2176,-13,88,Normal
2026-02-13 19:04:13.011713,Tokyo-2176,41,51,Normal
2026-02-13 19:04:14.011713,Tokyo-2176,33,43,Normal
2026-02-13 19:04:15.011713,Tokyo-2176,49,88,Normal
2026-02-13 19:04:16.011713,Tokyo-2176,44,90,Normal
2026-02-13 19:04:17.011713,Tokyo-2176,-17,26,Normal
2026-02-13 19:04:18.011713,Tokyo-2176,-18,40,Normal
2026-02-13 19:04:19.011713,Tokyo-2176,9,100,Normal
2026-02-13 19:04:20.011713,Tokyo-2176,-4,90,Normal
2026-02-13 19:04:21.011713,Tokyo-2176,-24,18,Normal
2026-02-13 19:04:22.011713,Tokyo-2176,11,86,Normal
2026-02-13 19:04:23.011713,Tokyo-2176,46,13,Normal
2026-02-13 19:04:24.011713,Tokyo-2176,-2,91,Normal
2026-02-13 19:04:25.011713,Tokyo-2176,39,74,Normal
2026-02-13 19:04:26.011713,Tokyo-2176,-28,28,Normal
2026-02-13 19:04:27.011713,Tokyo-2176,27,70,Normal
2026-02-13 19:04:28.011713,Tokyo-2176,42,22,Normal
2026-02-13 19:04:29.011713,Tokyo-2176,50,53,Normal
2026-02-13 19:04:30.011713,Tokyo-2176,-27,87,Normal
2026-02-13 19:04:31.011713,Tokyo-2176,-23,44,Normal
2026-02-13 19:04:32.011713,Tokyo-2176,15,13,Normal
2026-02-13 19:04:33.011713,Tokyo-2176,-25,8,Normal
2026-02-13 19:04:34.011713,Tokyo-2176,26,97,Normal
2026-02-13 19:04:35.011713,Tokyo-2176,34,12,Normal
2026-02-13 19:04:36.011713,Tokyo-2176,-3,46,Normal
2026-02-13 19:04:37.011713,Tokyo-2176,-5,66,Normal
2026-02-13 19:04:38.011713,Tokyo-2176,-10,13,Normal
2026-02-13 19:04:39.011713,Tokyo-2176,48,66,Normal
2026-02-13 19:04:40.011713,Tokyo-2176,34,50,Normal
2026-02-13 19:04:41.011713,Tokyo-2176,41,4,Normal
2026-02-13 19:04:42.011713,Tokyo-2176,45,32,Normal
2026-02-13 19:04:43.011713,Tokyo-2176,26,100,Normal
2026-02-13 19:04:44.011713,Tokyo-2176,-24,64,Normal
2026-02-13 19:04:45.011713,Tokyo-2176,26,1,Normal
2026-02-13 19:04:46.011713,Tokyo-2176,28,80,Normal
2026-02-13 19:04:47.011713,Tokyo-2176,-20,48,Normal
2026-02-13 19:04:48.011713,Tokyo-2176,37,78,Normal
2026-02-13 19:04:49.011713,Tokyo-2176,22,90,Normal
2026-02-13 19:04:50.011713,Tokyo-2176,-28,48,Normal
2026-02-13 19:04:51.011713,Tokyo-2176,15,5,Normal
2026-02-13 19:04:52.011713,Tokyo-2176,-9,88,Normal
2026-02-13 19:04:53.011713,Tokyo-2176,45,60,Normal
2026-02-13 19:04:54.011713,Tokyo-2176,24,57,Normal
2026-02-13 19:04:55.011713,Tokyo-2176,50,16,Normal
2026-02-13 19:04:56.011713,Tokyo-2176,-25,20,Normal
2026-02-13 19:04:57.011713,Tokyo-2176,23,31,Normal
2026-02-13 19:04:58.011713,Tokyo-2176,11,76,Normal
2026-02-13 19:04:59.011713,Tokyo-2176,10,56,Normal
2026-02-13 19:05:00.011713,Tokyo-2176,-6,52,Normal
2026-02-13 19:05:01.011713,Tokyo-2176,21,69,Normal
2026-02-13 19:05:02.011713,Tokyo-2176,-25,52,Normal
2026-02-13 19:05:03.011713,Tokyo-2176,-11,85,Normal
2026-02-13 19:05:04.011713,Tokyo-2176,20,19,Normal
2026-02-13 19:05:05.011713,Tokyo-2176,-9,4,Normal
2026-02-13 19:05:06.011713,Tokyo-2176,35,12,Normal
2026-02-13 19:05:07.011713,Tokyo-2176,-16,92,Normal
2026-02-13 19:05:08.011713,Tokyo-2176,31,9,Normal
2026-02-13 19:05:09.011713,Tokyo-2176,33,15,Normal
2026-02-13 19:05:10.011713,Tokyo-2176,-8,59,Normal
2026-02-13 19:05:11.011713,Tokyo-2176,-9,43,Normal
2026-02-13 19:05:12.011713,Tokyo-2176,-27,29,Normal
2026-02-13 19:05:13.011713,Tokyo-2176,7,7,Normal
2026-02-13 19:05:14.011713,Tokyo-2176,23,91,Normal
2026-02-13 19:05:15.011713,Tokyo-2176,-13,50,Normal
2026-02-13 19:05:16.011713,Tokyo-2176,49,50,Normal
2026-02-13 19:05:17.011713,Tokyo-2176,43,25,Normal
2026-02-13 19:05:18.011713,Tokyo-2176,-16,30,Normal
2026-02-13 19:05:19.011713,Tokyo-2176,0,9,Normal
2026-02-13 19:05:20.011713,Tokyo-2176,19,66,Normal
2026-02-13 19:05:21.011713,Tokyo-2176,35,45,Normal
2026-02-13 19:05:22.011713,Tokyo-2176,-5,15,Normal
2026-02-13 19:05:23.011713,Tokyo-2176,28,8,Normal
2026-02-13 19:05:24.011713,Tokyo-2176,-18,54,Normal
2026-02-13 19:05:25.011713,Tokyo-2176,41,63,Normal
2026-02-13 19:05:26.011713,Tokyo-2176,-16,86,Normal
2026-02-13 19:05:27.011713,Tokyo-2176,17,9,Normal
2026-02-13 19:05:28.011713,Tokyo-2176,-12,98,Normal
2026-02-13 19:05:29.011713,Tokyo-2176,29,59,Normal
2026-02-13 19:05:30.011713,Tokyo-2176,0,99,Normal
2026-02-13 19:05:31.011713,Tokyo-2176,-6,19,Normal
2026-02-13 19:05:32.011713,Tokyo-2176,24,53,Normal
2026-02-13 19:05:33.011713,Tokyo-2176,18,0,Normal
2026-02-13 19:05:34.011713,Tokyo-2176,16,51,Normal
2026-02-13 19:05:35.011713,Tokyo-2176,33,65,Normal
2026-02-13 19:05:36.011713,Tokyo-2176,22,59,Normal
2026-02-13 19:05:37.011713,Tokyo-2176,-28,64,Normal
2026-02-13 19:05:38.011713,Tokyo-2176,9,97,Normal
2026-02-13 19:05:39.011713,Tokyo-2176,39,64,Normal
2026-02-13 19:05:40.011713,Tokyo-2176,-29,46,Normal
2026-02-13 19:05:41.011713,Tokyo-2176,43,36,Normal
2026-02-13 19:05:42.011713,Tokyo-2176,-7,57,Normal
2026-02-13 19:05:43.011713,Tokyo-2176,18,64,Normal
2026-02-13 19:05:44.011713,Tokyo-2176,2,42,Normal
2026-02-13 19:05:45.011713,Tokyo-2176,24,10,Normal
2026-02-13 19:05:46.011713,Tokyo-2176,43,12,Normal
2026-02-13 19:05:47.011713,Tokyo-2176,-18,22,Normal
2026-02-13 19:05:48.011713,Tokyo-2176,6,21,Normal
2026-02-13 19:05:49.011713,Tokyo-2176,26,42,Normal
2026-02-13 19:05:50.011713,Tokyo-2176,-19,95,Normal
2026-02-13 19:05:51.011713,Tokyo-2176,-8,54,Normal
2026-02-13 19:05:52.011713,Tokyo-2176,42,87,Normal
2026-02-13 19:05:53.011713,Tokyo-2176,-26,83,Normal
2026-02-13 19:05:54.011713,Tokyo-2176,-25,46,Normal
2026-02-13 19:05:55.011713,Tokyo-2176,1,52,Normal
2026-02-13 19:05:56.011713,Tokyo-2176,-22,62,Normal
2026-02-13 19:05:57.011713,Tokyo-2176,32,24,Normal
2026-02-13 19:05:58.011713,Tokyo-2176,22,53,Normal
2026-02-13 19:05:59.011713,Tokyo-2176,11,45,Normal
2026-02-13 19:06:00.011713,Tokyo-2176,-29,2,Normal
2026-02-13 19:06:01.011713,Tokyo-2176,30,56,Normal
2026-02-13 19:06:02.011713,Tokyo-2176,4,67,Normal
2026-02-13 19:06:03.011713,Tokyo-2176,50,80,Normal
2026-02-13 19:06:04.011713,Tokyo-2176,-13,79,Normal
2026-02-13 19:06:05.011713,Tokyo-2176,-12,78,Normal
2026-02-13 19:06:06.011713,Tokyo-2176,14,27,Normal
2026-02-13 19:06:07.011713,Tokyo-2176,16,39,Normal
2026-02-13 19:06:08.011713,Tokyo-2176,17,81,Normal
2026-02-13 19:06:09.011713,Tokyo-2176,45,41,Normal
2026-02-13 19:06:10.011713,Tokyo-2176,39,92,Normal
2026-02-13 19:06:11.011713,Tokyo-2176,9,90,Normal
2026-02-13 19:06:12.011713,Tokyo-2176,9,89,Normal
2026-02-13 19:06:13.011713,Tokyo-2176,40,17,Normal
2026-02-13 19:06:14.011713,Tokyo-2176,1,93,Normal
2026-02-13 19:06:15.011713,Tokyo-2176,47,2,Normal
2026-02-13 19:06:16.011713,Tokyo-2176,25,36,Normal
2026-02-13 19:06:17.011713,Tokyo-2176,-7,28,Normal
2026-02-13 19:06:18.011713,Tokyo-2176,-5,44,Normal
2026-02-13 19:06:19.011713,Tokyo-2176,-18,78,Normal
2026-02-13 19:06:20.011713,Tokyo-2176,4,67,Normal
2026-02-13 19:06:21.011713,Tokyo-2176,-21,65,Normal
2026-02-13 19:06:22.011713,Tokyo-2176,7,23,Normal
2026-02-13 19:06:23.011713,Tokyo-2176,-25,44,Normal
2026-02-13 19:06:24.011713,Tokyo-2176,-26,61,Normal
2026-02-13 19:06:25.011713,Tokyo-2176,-9,84,Normal
2026-02-13 19:06:26.011713,Tokyo-2176,1,35,Normal
2026-02-13 19:06:27.011713,Tokyo-2176,44,27,Normal
2026-02-13 19:06:28.011713,Tokyo-2176,-22,1,Normal
2026-02-13 19:06:29.011713,Tokyo-2176,-9,27,Normal
2026-02-13 19:06:30.011713,Tokyo-2176,-4,32,Normal
2026-02-13 19:06:31.011713,Tokyo-2176,-7,17,Normal
2026-02-13 19:06:32.011713,Tokyo-2176,47,30,Normal
2026-02-13 19:06:33.011713,Tokyo-2176,16,15,Normal
2026-02-13 19:06:34.011713,Tokyo-2176,-1,45,Normal
2026-02-13 19:06:35.011713,Tokyo-2176,36,5,Normal
2026-02-13 19:06:36.011713,Tokyo-2176,41,56,Normal
2026-02-13 19:06:37.011713,Tokyo-2176,-21,50,Normal
2026-02-13 19:06:38.011713,Tokyo-2176,-13,54,Normal
2026-02-13 19:06:39.011713,Tokyo-2176,2,76,Normal
2026-02-13 19:06:40.011713,Tokyo-2176,-10,4,Normal
2026-02-13 19:06:41.011713,Tokyo-2176,46,84,Normal
2026-02-13 19:06:42.011713,Tokyo-2176,-23,19,Normal
2026-02-13 19:06:43.011713,Tokyo-2176,21,14,Normal
2026-02-13 19:06:44.011713,Tokyo-2176,-29,39,Normal
2026-02-13 19:06:45.011713,Tokyo-2176,-8,10,Normal
2026-02-13 19:06:46.011713,Tokyo-2176,-23,65,Normal
2026-02-13 19:06:47.011713,Tokyo-2176,6,38,Normal
2026-02-13 19:06:48.011713,Tokyo-2176,41,66,Normal
2026-02-13 19:06:49.011713,Tokyo-2176,-15,31,Normal
2026-02-13 19:06:50.011713,Tokyo-2176,35,44,Normal
2026-02-13 19:06:51.011713,Tokyo-2176,-14,87,Normal
2026-02-13 19:06:52.011713,Tokyo-2176,-16,81,Normal
2026-02-13 19:06:53.011713,Tokyo-2176,10,22,Normal
2026-02-13 19:06:54.011713,Tokyo-2176,0,6,Normal
2026-02-13 19:06:55.011713,Tokyo-2176,39,23,Normal
2026-02-13 19:06:56.011713,Tokyo-2176,-1,41,Normal
2026-02-13 19:06:57.011713,Tokyo-2176,47,64,Normal
2026-02-13 19:06:58.011713,Tokyo-2176,29,40,Normal
2026-02-13 19:06:59.011713,Tokyo-2176,-21,59,Normal
2026-02-13 19:07:00.011713,Tokyo-2176,-2,84,Normal
2026-02-13 19:07:01.011713,Tokyo-2176,30,22,Normal
2026-02-13 19:07:02.011713,Tokyo-2176,32,37,Normal
2026-02-13 19:07:03.011713,Tokyo-2176,0,18,Normal
2026-02-13 19:07:04.011713,Tokyo-2176,49,11,Normal
2026-02-13 19:07:05.011713,Tokyo-2176,32,24,Normal
2026-02-13 19:07:06.011713,Tokyo-2176,22,47,Normal
2026-02-13 19:07:07.011713,Tokyo-2176,23,44,Normal
2026-02-13 19:07:08.011713,Tokyo-2176,3,31,Normal
2026-02-13 19:07:09.011713,Tokyo-2176,6,34,Normal
2026-02-13 19:07:10.011713,Tokyo-2176,-9,12,Normal
2026-02-13 19:07:11.011713,Tokyo-2176,46,28,Normal
2026-02-13 19:07:12.011713,Tokyo-2176,45,55,Normal
2026-02-13 19:07:13.011713,Tokyo-2176,0,6,Normal
2026-02-13 19:07:14.011713,Tokyo-2176,39,5,Normal
2026-02-13 19:07:15.011713,Tokyo-2176,46,95,Normal
2026-02-13 19:07:16.011713,Tokyo-2176,-7,65,Normal
2026-02-13 19:07:17.011713,Tokyo-2176,9,99,Normal
2026-02-13 19:07:18.011713,Tokyo-2176,15,24,Normal
2026-02-13 19:07:19.011713,Tokyo-2176,38,32,Normal
2026-02-13 19:07:20.011713,Tokyo-2176,-15,27,Normal
2026-02-13 19:07:21.011713,Tokyo-2176,-24,53,Normal
2026-02-13 19:07:22.011713,Tokyo-2176,-17,78,Normal
2026-02-13 19:07:23.011713,Tokyo-2176,-25,78,Normal
2026-02-13 19:07:24.011713,Tokyo-2176,-29,48,Normal
2026-02-13 19:07:25.011713,Tokyo-2176,-30,58,Normal
2026-02-13 19:07:26.011713,Tokyo-2176,26,6,Normal
2026-02-13 19:07:27.011713,Tokyo-2176,38,16,Normal
2026-02-13 19:07:28.011713,Tokyo-2176,-30,98,Normal
2026-02-13 19:07:29.011713,Tokyo-2176,10,42,Normal
2026-02-13 19:07:30.011713,Tokyo-2176,43,39,Normal
2026-02-13 19:07:31.011713,Tokyo-2176,-22,62,Normal
2026-02-13 19:07:32.011713,Tokyo-2176,-4,80,Normal
2026-02-13 19:07:33.011713,Tokyo-2176,-17,93,Normal
2026-02-13 19:07:34.011713,Tokyo-2176,25,98,Normal
2026-02-13 19:07:35.011713,Tokyo-2176,24,98,Normal
2026-02-13 19:07:36.011713,Tokyo-2176,-17,10,Normal
2026-02-13 19:07:37.011713,Tokyo-2176,14,87,Normal
2026-02-13 19:07:38.011713,Tokyo-2176,49,2,Normal
2026-02-13 19:07:39.011713,Tokyo-2176,38,59,Normal
2026-02-13 19:07:40.011713,Tokyo-2176,26,17,Normal
2026-02-13 19:07:41.011713,Tokyo-2176,-30,10,Normal
2026-02-13 19:07:42.011713,Tokyo-2176,17,87,Normal
2026-02-13 19:07:43.011713,Tokyo-2176,-20,65,Normal
2026-02-13 19:07:44.011713,Tokyo-2176,6,50,Normal
2026-02-13 19:07:45.011713,Tokyo-2176,12,38,Normal
2026-02-13 19:07:46.011713,Tokyo-2176,8,95,Normal
2026-02-13 19:07:47.011713,Tokyo-2176,34,41,Normal
2026-02-13 19:07:48.011713,Tokyo-2176,-5,87,Normal
2026-02-13 19:07:49.011713,Tokyo-2176,-25,5,Normal
2026-02-13 19:07:50.011713,Tokyo-2176,-8,4,Normal
2026-02-13 19:07:51.011713,Tokyo-2176,-16,71,Normal
2026-02-13 19:07:52.011713,Tokyo-2176,14,38,Normal
2026-02-13 19:07:53.011713,Tokyo-2176,34,87,Normal
2026-02-13 19:07:54.011713,Tokyo-2176,17,59,Normal
2026-02-13 19:07:55.011713,Tokyo-2176,46,13,Normal
2026-02-13 19:07:56.011713,Tokyo-2176,23,27,Normal
2026-02-13 19:07:57.011713,Tokyo-2176,-9,87,Normal
2026-02-13 19:07:58.011713,Tokyo-2176,10,72,Normal
2026-02-13 19:07:59.011713,Tokyo-2176,23,13,Normal
2026-02-13 19:08:00.011713,Tokyo-2176,29,92,Normal
2026-02-13 19:08:01.011713,Tokyo-2176,-4,87,Normal
2026-02-13 19:08:02.011713,Tokyo-2176,-6,100,Normal
2026-02-13 19:08:03.011713,Tokyo-2176,-27,12,Normal
2026-02-13 19:08:04.011713,Tokyo-2176,8,66,Normal
2026-02-13 19:08:05.011713,Tokyo-2176,39,35,Normal
2026-02-13 19:08:06.011713,Tokyo-2176,-8,49,Normal
2026-02-13 19:08:07.011713,Tokyo-2176,-19,78,Normal
2026-02-13 19:08:08.011713,Tokyo-2176,-13,81,Normal
2026-02-13 19:08:09.011713,Tokyo-2176,-15,97,Normal
2026-02-13 19:08:10.011713,Tokyo-2176,-3,71,Normal
2026-02-13 19:08:11.011713,Tokyo-2176,3,41,Normal
2026-02-13 19:08:12.011713,Tokyo-2176,-15,86,Normal
2026-02-13 19:08:13.011713,Tokyo-2176,11,13,Normal
2026-02-13 19:08:14.011713,Tokyo-2176,12,81,Normal
2026-02-13 19:08:15.011713,Tokyo-2176,39,76,Normal
2026-02-13 19:08:16.011713,Tokyo-2176,6,71,Normal
2026-02-13 19:08:17.011713,Tokyo-2176,38,39,Normal
2026-02-13 19:08:18.011713,Tokyo-2176,28,20,Normal
2026-02-13 19:08:19.011713,Tokyo-2176,-4,87,Normal
2026-02-13 19:08:20.011713,Tokyo-2176,3,45,Normal
2026-02-13 19:08:21.011713,Tokyo-2176,-14,42,Normal
2026-02-13 19:08:22.011713,Tokyo-2176,-19,38,Normal
2026-02-13 19:08:23.011713,Tokyo-2176,-1,33,Normal
2026-02-13 19:08:24.011713,Tokyo-2176,16,22,Normal
2026-02-13 19:08:25.011713,Tokyo-2176,23,61,Normal
2026-02-13 19:08:26.011713,Tokyo-2176,-30,7,Normal
2026-02-13 19:08:27.011713,Tokyo-2176,-4,21,Normal
2026-02-13 19:08:28.011713,Tokyo-2176,31,90,Normal
2026-02-13 19:08:29.011713,Tokyo-2176,-8,0,Normal
2026-02-13 19:08:30.011713,Tokyo-2176,-5,48,Normal
2026-02-13 19:08:31.011713,Tokyo-2176,41,88,Normal
2026-02-13 19:08:32.011713,Tokyo-2176,18,85,Normal
2026-02-13 19:08:33.011713,Tokyo-2176,1,69,Normal
2026-02-13 19:08:34.011713,Tokyo-2176,2,34,Normal
2026-02-13 19:08:35.011713,Tokyo-2176,14,98,Normal
2026-02-13 19:08:36.011713,Tokyo-2176,-21,2,Normal
2026-02-13 19:08:37.011713,Tokyo-2176,16,77,Normal
2026-02-13 19:08:38.011713,Tokyo-2176,-14,86,Normal
2026-02-13 19:08:39.011713,Tokyo-2176,8,90,Normal
2026-02-13 19:08:40.011713,Tokyo-2176,-29,8,Normal
2026-02-13 19:08:41.011713,Tokyo-2176,27,22,Normal
2026-02-13 19:08:42.011713,Tokyo-2176,38,89,Normal
2026-02-13 19:08:43.011713,Tokyo-2176,6,74,Normal
2026-02-13 19:08:44.011713,Tokyo-2176,33,13,Normal
2026-02-13 19:08:45.011713,Tokyo-2176,17,82,Normal
2026-02-13 19:08:46.011713,Tokyo-2176,38,61,Normal
2026-02-13 19:08:47.011713,Tokyo-2176,41,0,Normal
2026-02-13 19:08:48.011713,Tokyo-2176,39,12,Normal
2026-02-13 19:08:49.011713,Tokyo-2176,6,76,Normal
2026-02-13 19:08:50.011713,Tokyo-2176,37,10,Normal
2026-02-13 19:08:51.011713,Tokyo-2176,29,13,Normal
2026-02-13 19:08:52.011713,Tokyo-2176,28,4,Normal
2026-02-13 19:08:53.011713,Tokyo-2176,0,78,Normal
2026-02-13 19:08:54.011713,Tokyo-2176,-9,74,Normal
2026-02-13 19:08:55.011713,Tokyo-2176,-13,7,Normal
2026-02-13 19:08:56.011713,Tokyo-2176,32,1,Normal
2026-02-13 19:08:57.011713,Tokyo-2176,34,68,Normal
2026-02-13 19:08:58.011713,Tokyo-2176,28,36,Normal
2026-02-13 19:08:59.011713,Tokyo-2176,8,64,Normal
2026-02-13 19:09:00.011713,Tokyo-2176,-8,100,Normal
2026-02-13 19:09:01.011713,Tokyo-2176,-13,42,Normal
2026-02-13 19:09:02.011713,Tokyo-2176,27,0,Normal
2026-02-13 19:09:03.011713,Tokyo-2176,23,68,Normal
2026-02-13 19:09:04.011713,Tokyo-2176,-15,77,Normal
2026-02-13 19:09:05.011713,Tokyo-2176,43,74,Normal
2026-02-13 19:09:06.011713,Tokyo-2176,-30,49,Normal
2026-02-13 19:09:07.011713,Tokyo-2176,30,23,Normal
2026-02-13 19:09:08.011713,Tokyo-2176,29,36,Normal
2026-02-13 19:09:09.011713,Tokyo-2176,46,92,Normal
2026-02-13 19:09:10.011713,Tokyo-2176,-12,81,Normal
2026-02-13 19:09:11.011713,Tokyo-2176,16,54,Normal
2026-02-13 19:09:12.011713,Tokyo-2176,-23,59,Normal
2026-02-13 19:09:13.011713,Tokyo-2176,5,38,Normal
2026-02-13 19:09:14.011713,Tokyo-2176,26,20,Normal
2026-02-13 19:09:15.011713,Tokyo-2176,-16,37,Normal
2026-02-13 19:09:16.011713,Tokyo-2176,30,81,Normal
2026-02-13 19:09:17.011713,Tokyo-2176,33,62,Normal
2026-02-13 19:09:18.011713,Tokyo-2176,35,20,Normal
2026-02-13 19:09:19.011713,Tokyo-2176,44,25,Normal
2026-02-13 19:09:20.011713,Tokyo-2176,31,88,Normal
2026-02-13 19:09:21.011713,Tokyo-2176,-18,38,Normal
2026-02-13 19:09:22.011713,Tokyo-2176,29,33,Normal
2026-02-13 19:09:23.011713,Tokyo-2176,0,36,Normal
2026-02-13 19:09:24.011713,Tokyo-2176,-8,80,Normal
2026-02-13 19:09:25.011713,Tokyo-2176,2,34,Normal
2026-02-13 19:09:26.011713,Tokyo-2176,50,14,Normal
2026-02-13 19:09:27.011713,Tokyo-2176,0,56,Normal
2026-02-13 19:09:28.011713,Tokyo-2176,-5,61,Normal
2026-02-13 19:09:29.011713,Tokyo-2176,28,48,Normal
2026-02-13 19:09:30.011713,Tokyo-2176,-21,68,Normal
2026-02-13 19:09:31.011713,Tokyo-2176,-6,14,Normal
2026-02-13 19:09:32.011713,Tokyo-2176,33,67,Normal
2026-02-13 19:09:33.011713,Tokyo-2176,17,38,Normal
2026-02-13 19:09:34.011713,Tokyo-2176,0,53,Normal
2026-02-13 19:09:35.011713,Tokyo-2176,24,66,Normal
2026-02-13 19:09:36.011713,Tokyo-2176,32,36,Normal
2026-02-13 19:09:37.011713,Tokyo-2176,30,99,Normal
2026-02-13 19:09:38.011713,Tokyo-2176,10,70,Normal
2026-02-13 19:09:39.011713,Tokyo-2176,-12,76,Normal
2026-02-13 19:09:40.011713,Tokyo-2176,2,79,Normal
2026-02-13 19:09:41.011713,Tokyo-2176,7,25,Normal
2026-02-13 19:09:42.011713,Tokyo-2176,-27,35,Normal
2026-02-13 19:09:43.011713,Tokyo-2176,-1,22,Normal
2026-02-13 19:09:44.011713,Tokyo-2176,-28,49,Normal
2026-02-13 19:09:45.011713,Tokyo-2176,4,51,Normal
2026-02-13 19:09:46.011713,Tokyo-2176,28,22,Normal
2026-02-13 19:09:47.011713,Tokyo-2176,34,42,Normal
2026-02-13 19:09:48.011713,Tokyo-2176,-5,51,Normal
2026-02-13 19:09:49.011713,Tokyo-2176,42,55,Normal
2026-02-13 19:09:50.011713,Tokyo-2176,46,41,Normal
2026-02-13 19:09:51.011713,Tokyo-2176,30,11,Normal
2026-02-13 19:09:52.011713,Tokyo-2176,-16,59,Normal
2026-02-13 19:09:53.011713,Tokyo-2176,-26,28,Normal
2026-02-13 19:09:54.011713,Tokyo-2176,-29,80,Normal
2026-02-13 19:09:55.011713,Tokyo-2176,-22,17,Normal
2026-02-13 19:09:56.011713,Tokyo-2176,42,40,Normal
2026-02-13 19:09:57.011713,Tokyo-2176,12,72,Normal
2026-02-13 19:09:58.011713,Tokyo-2176,-6,19,Normal
2026-02-13 19:09:59.011713,Tokyo-2176,-26,60,Normal
2026-02-13 19:10:00.011713,Tokyo-2176,12,89,Normal
2026-02-13 19:10:01.011713,Tokyo-2176,12,88,Normal
2026-02-13 19:10:02.011713,Tokyo-2176,35,18,Normal
2026-02-13 19:10:03.011713,Tokyo-2176,43,54,Normal
2026-02-13 19:10:04.011713,Tokyo-2176,0,87,Normal
2026-02-13 19:10:05.011713,Tokyo-2176,18,34,Normal
2026-02-13 19:10:06.011713,Tokyo-2176,3,94,Normal
2026-02-13 19:10:07.011713,Tokyo-2176,14,42,Normal
2026-02-13 19:10:08.011713,Tokyo-2176,5,13,Normal
2026-02-13 19:10:09.011713,Tokyo-2176,9,51,Normal
2026-02-13 19:10:10.011713,Tokyo-2176,37,16,Normal
2026-02-13 19:10:11.011713,Tokyo-2176,6,85,Normal
2026-02-13 19:10:12.011713,Tokyo-2176,13,29,Normal
2026-02-13 19:10:13.011713,Tokyo-2176,-19,28,Normal
2026-02-13 19:10:14.011713,Tokyo-2176,34,64,Normal
2026-02-13 19:10:15.011713,Tokyo-2176,-25,18,Normal
2026-02-13 19:10:16.011713,Tokyo-2176,10,2,Normal
2026-02-13 19:10:17.011713,Tokyo-2176,22,78,Normal
2026-02-13 19:10:18.011713,Tokyo-2176,20,65,Normal
2026-02-13 19:10:19.011713,Tokyo-2176,-12,60,Normal
2026-02-13 19:10:20.011713,Tokyo-2176,32,48,Normal
2026-02-13 19:10:21.011713,Tokyo-2176,-5,71,Normal
2026-02-13 19:10:22.011713,Tokyo-2176,-20,47,Normal
2026-02-13 19:10:23.011713,Tokyo-2176,29,6,Normal
2026-02-13 19:10:24.011713,Tokyo-2176,42,9,Normal
2026-02-13 19:10:25.011713,Tokyo-2176,-15,6,Normal
2026-02-13 19:10:26.011713,Tokyo-2176,14,48,Normal
2026-02-13 19:10:27.011713,Tokyo-2176,31,29,Normal
2026-02-13 19:10:28.011713,Tokyo-2176,-2,62,Normal
2026-02-13 19:10:29.011713,Tokyo-2176,-22,53,Normal
2026-02-13 19:10:30.011713,Tokyo-2176,-11,89,Normal
2026-02-13 19:10:31.011713,Tokyo-2176,21,46,Normal
2026-02-13 19:10:32.011713,Tokyo-2176,0,87,Normal
2026-02-13 19:10:33.011713,Tokyo-2176,45,1,Normal
2026-02-13 19:10:34.011713,Tokyo-2176,-22,49,Normal
2026-02-13 19:10:35.011713,Tokyo-2176,-22,42,Normal
2026-02-13 19:10:36.011713,Tokyo-2176,-29,59,Normal
2026-02-13 19:10:37.011713,Tokyo-2176,-22,52,Normal
2026-02-13 19:10:38.011713,Tokyo-2176,-17,41,Normal
2026-02-13 19:10:39.011713,Tokyo-2176,4,9,Normal
2026-02-13 19:10:40.011713,Tokyo-2176,18,51,Normal
2026-02-13 19:10:41.011713,Tokyo-2176,41,63,Normal
2026-02-13 19:10:42.011713,Tokyo-2176,49,29,Normal
2026-02-13 19:10:43.011713,Tokyo-2176,-23,21,Normal
2026-02-13 19:10:44.011713,Tokyo-2176,32,8,Normal
2026-02-13 19:10:45.011713,Tokyo-2176,50,36,Normal
2026-02-13 19:10:46.011713,Tokyo-2176,-9,49,Normal
2026-02-13 19:10:47.011713,Tokyo-2176,-13,43,Normal
2026-02-13 19:10:48.011713,Tokyo-2176,39,41,Normal
2026-02-13 19:10:49.011713,Tokyo-2176,19,72,Normal
2026-02-13 19:10:50.011713,Tokyo-2176,31,70,Normal
2026-02-13 19:10:51.011713,Tokyo-2176,13,51,Normal
2026-02-13 19:10:52.011713,Tokyo-2176,45,64,Normal
2026-02-13 19:10:53.011713,Tokyo-2176,-26,12,Normal
2026-02-13 19:10:54.011713,Tokyo-2176,27,77,Normal
2026-02-13 19:10:55.011713,Tokyo-2176,-14,72,Normal
2026-02-13 19:10:56.011713,Tokyo-2176,-22,54,Normal
2026-02-13 19:10:57.011713,Tokyo-2176,31,85,Normal
2026-02-13 19:10:58.011713,Tokyo-2176,45,39,Normal
2026-02-13 19:10:59.011713,Tokyo-2176,13,63,Normal
2026-02-13 19:11:00.011713,Tokyo-2176,8,99,Normal
2026-02-13 19:11:01.011713,Tokyo-2176,49,93,Normal
2026-02-13 19:11:02.011713,Tokyo-2176,15,67,Normal
2026-02-13 19:11:03.011713,Tokyo-2176,46,89,Normal
2026-02-13 19:11:04.011713,Tokyo-2176,33,54,Normal
2026-02-13 19:11:05.011713,Tokyo-2176,-28,80,Normal
2026-02-13 19:11:06.011713,Tokyo-2176,-12,22,Normal
2026-02-13 19:11:07.011713,Tokyo-2176,37,34,Normal
2026-02-13 19:11:08.011713,Tokyo-2176,-7,21,Normal
2026-02-13 19:11:09.011713,Tokyo-2176,22,28,Normal
2026-02-13 19:11:10.011713,Tokyo-2176,50,8,Normal
2026-02-13 19:11:11.011713,Tokyo-2176,-20,58,Normal
2026-02-13 19:11:12.011713,Tokyo-2176,49,88,Normal
2026-02-13 19:11:13.011713,Tokyo-2176,9,6,Normal
2026-02-13 19:11:14.011713,Tokyo-2176,46,38,Normal
2026-02-13 19:11:15.011713,Tokyo-2176,-11,32,Normal
2026-02-13 19:11:16.011713,Tokyo-2176,42,58,Normal
2026-02-13 19:11:17.011713,Tokyo-2176,-28,70,Normal
2026-02-13 19:11:18.011713,Tokyo-2176,-11,5,Normal
2026-02-13 19:11:19.011713,Tokyo-2176,19,69,Normal
2026-02-13 19:11:20.011713,Tokyo-2176,-21,40,Normal
2026-02-13 19:11:21.011713,Tokyo-2176,37,17,Normal
2026-02-13 19:11:22.011713,Tokyo-2176,-17,7,Normal
2026-02-13 19:11:23.011713,Tokyo-2176,18,30,Normal
2026-02-13 19:11:24.011713,Tokyo-2176,18,78,Normal
2026-02-13 19:11:25.011713,Tokyo-2176,35,81,Normal
2026-02-13 19:11:26.011713,Tokyo-2176,19,8,Normal
2026-02-13 19:11:27.011713,Tokyo-2176,33,81,Normal
2026-02-13 19:11:28.011713,Tokyo-2176,49,55,Normal
2026-02-13 19:11:29.011713,Tokyo-2176,12,36,Normal
2026-02-13 19:11:30.011713,Tokyo-2176,23,99,Normal
2026-02-13 19:11:31.011713,Tokyo-2176,-18,56,Normal
2026-02-13 19:11:32.011713,Tokyo-2176,25,23,Normal
2026-02-13 19:11:33.011713,Tokyo-2176,49,24,Normal
2026-02-13 19:11:34.011713,Tokyo-2176,-13,36,Normal
2026-02-13 19:11:35.011713,Tokyo-2176,-14,25,Normal
2026-02-13 19:11:36.011713,Tokyo-2176,-20,87,Normal
2026-02-13 19:11:37.011713,Tokyo-2176,35,26,Normal
2026-02-13 19:11:38.011713,Tokyo-2176,-9,12,Normal
2026-02-13 19:11:39.011713,Tokyo-2176,11,94,Normal
2026-02-13 19:11:40.011713,Tokyo-2176,-6,61,Normal
2026-02-13 19:11:41.011713,Tokyo-2176,8,88,Normal
2026-02-13 19:11:42.011713,Tokyo-2176,5,91,Normal
2026-02-13 19:11:43.011713,Tokyo-2176,24,83,Normal
2026-02-13 19:11:44.011713,Tokyo-2176,17,96,Normal
2026-02-13 19:11:45.011713,Tokyo-2176,27,18,Normal
2026-02-13 19:11:46.011713,Tokyo-2176,8,45,Normal
2026-02-13 19:11:47.011713,Tokyo-2176,31,20,Normal
2026-02-13 19:11:48.011713,Tokyo-2176,2,82,Normal
2026-02-13 19:11:49.011713,Tokyo-2176,-5,16,Normal
2026-02-13 19:11:50.011713,Tokyo-2176,-3,6,Normal
2026-02-13 19:11:51.011713,Tokyo-2176,41,2,Normal
2026-02-13 19:11:52.011713,Tokyo-2176,-13,11,Normal
2026-02-13 19:11:53.011713,Tokyo-2176,34,22,Normal
2026-02-13 19:11:54.011713,Tokyo-2176,48,88,Normal
2026-02-13 19:11:55.011713,Tokyo-2176,-23,52,Normal
2026-02-13 19:11:56.011713,Tokyo-2176,-10,18,Normal
2026-02-13 19:11:57.011713,Tokyo-2176,-24,70,Normal
2026-02-13 19:11:58.011713,Tokyo-2176,-18,38,Normal
2026-02-13 19:11:59.011713,Tokyo-2176,8,39,Normal
2026-02-13 19:12:00.011713,Tokyo-2176,10,36,Normal
2026-02-13 19:12:01.011713,Tokyo-2176,42,1,Normal
2026-02-13 19:12:02.011713,Tokyo-2176,-17,22,Normal
2026-02-13 19:12:03.011713,Tokyo-2176,6,13,Normal
2026-02-13 19:12:04.011713,Tokyo-2176,-5,91,Normal
2026-02-13 19:12:05.011713,Tokyo-2176,4,1,Normal
2026-02-13 19:12:06.011713,Tokyo-2176,-17,46,Normal
2026-02-13 19:12:07.011713,Tokyo-2176,-20,100,Normal
2026-02-13 19:12:08.011713,Tokyo-2176,37,28,Normal
2026-02-13 19:12:09.011713,Tokyo-2176,16,49,Normal
2026-02-13 19:12:10.011713,Tokyo-2176,2,0,Normal
2026-02-13 19:12:11.011713,Tokyo-2176,47,22,Normal
2026-02-13 19:12:12.011713,Tokyo-2176,-11,33,Normal
2026-02-13 19:12:13.011713,Tokyo-2176,-9,77,Normal
2026-02-13 19:12:14.011713,Tokyo-2176,-29,20,Normal
2026-02-13 19:12:15.011713,Tokyo-2176,38,5,Normal
2026-02-13 19:12:16.011713,Tokyo-2176,48,70,Normal
2026-02-13 19:12:17.011713,Tokyo-2176,23,51,Normal
2026-02-13 19:12:18.011713,Tokyo-2176,44,77,Normal
2026-02-13 19:12:19.011713,Tokyo-2176,18,74,Normal
2026-02-13 19:12:20.011713,Tokyo-2176,-1,4,Normal
2026-02-13 19:12:21.011713,Tokyo-2176,16,72,Normal
2026-02-13 19:12:22.011713,Tokyo-2176,-24,20,Normal
2026-02-13 19:12:23.011713,Tokyo-2176,30,34,Normal
2026-02-13 19:12:24.011713,Tokyo-2176,47,91,Normal
2026-02-13 19:12:25.011713,Tokyo-2176,9,24,Normal
2026-02-13 19:12:26.011713,Tokyo-2176,41,79,Normal
2026-02-13 19:12:27.011713,Tokyo-2176,44,20,Normal
2026-02-13 19:12:28.011713,Tokyo-2176,31,17,Normal
2026-02-13 19:12:29.011713,Tokyo-2176,41,50,Normal
2026-02-13 19:12:30.011713,Tokyo-2176,-3,8,Normal
2026-02-13 19:12:31.011713,Tokyo-2176,-17,80,Normal
2026-02-13 19:12:32.011713,Tokyo-2176,26,77,Normal
2026-02-13 19:12:33.011713,Tokyo-2176,-20,9,Normal
2026-02-13 19:12:34.011713,Tokyo-2176,38,3,Normal
2026-02-13 19:12:35.011713,Tokyo-2176,27,25,Normal
2026-02-13 19:12:36.011713,Tokyo-2176,46,43,Normal
2026-02-13 19:12:37.011713,Tokyo-2176,15,80,Normal
2026-02-13 19:12:38.011713,Tokyo-2176,13,13,Normal
2026-02-13 19:12:39.011713,Tokyo-2176,-1,83,Normal
2026-02-13 19:12:40.011713,Tokyo-2176,36,96,Normal
2026-02-13 19:12:41.011713,Tokyo-2176,28,87,Normal
2026-02-13 19:12:42.011713,Tokyo-2176,-3,54,Normal
2026-02-13 19:12:43.011713,Tokyo-2176,-19,85,Normal
2026-02-13 19:12:44.011713,Tokyo-2176,-2,84,Normal
2026-02-13 19:12:45.011713,Tokyo-2176,-23,83,Normal
2026-02-13 19:12:46.011713,Tokyo-2176,46,92,Normal
2026-02-13 19:12:47.011713,Tokyo-2176,26,56,Normal
2026-02-13 19:12:48.011713,Tokyo-2176,-6,51,Normal
2026-02-13 19:12:49.011713,Tokyo-2176,15,58,Normal
2026-02-13 19:12:50.011713,Tokyo-2176,-22,17,Normal
2026-02-13 19:12:51.011713,Tokyo-2176,9,12,Normal
2026-02-13 19:12:52.011713,Tokyo-2176,-19,52,Normal
2026-02-13 19:12:53.011713,Tokyo-2176,42,10,Normal
2026-02-13 19:12:54.011713,Tokyo-2176,20,42,Normal
2026-02-13 19:12:55.011713,Tokyo-2176,30,38,Normal
2026-02-13 19:12:56.011713,Tokyo-2176,-21,43,Normal
2026-02-13 19:12:57.011713,Tokyo-2176,47,80,Normal
2026-02-13 19:12:58.011713,Tokyo-2176,-3,53,Normal
2026-02-13 19:12:59.011713,Tokyo-2176,50,82,Normal
2026-02-13 19:13:00.011713,Tokyo-2176,-28,82,Normal
2026-02-13 19:13:01.011713,Tokyo-2176,-16,75,Normal
2026-02-13 19:13:02.011713,Tokyo-2176,-24,74,Normal
2026-02-13 19:13:03.011713,Tokyo-2176,48,61,Normal
2026-02-13 19:13:04.011713,Tokyo-2176,-19,20,Normal
2026-02-13 19:13:05.011713,Tokyo-2176,25,23,Normal
2026-02-13 19:13:06.011713,Tokyo-2176,-26,64,Normal
2026-02-13 19:13:07.011713,Tokyo-2176,5,89,Normal
2026-02-13 19:13:08.011713,Tokyo-2176,28,31,Normal
2026-02-13 19:13:09.011713,Tokyo-2176,-8,95,Normal
2026-02-13 19:13:10.011713,Tokyo-2176,-17,69,Normal
2026-02-13 19:13:11.011713,Tokyo-2176,28,81,Normal
2026-02-13 19:13:12.011713,Tokyo-2176,14,47,Normal
2026-02-13 19:13:13.011713,Tokyo-2176,29,97,Normal
2026-02-13 19:13:14.011713,Tokyo-2176,-2,57,Normal
2026-02-13 19:13:15.011713,Tokyo-2176,33,91,Normal
2026-02-13 19:13:16.011713,Tokyo-2176,-24,80,Normal
2026-02-13 19:13:17.011713,Tokyo-2176,-29,38,Normal
2026-02-13 19:13:18.011713,Tokyo-2176,4,91,Normal
2026-02-13 19:13:19.011713,Tokyo-2176,37,81,Normal
2026-02-13 19:13:20.011713,Tokyo-2176,2,28,Normal
2026-02-13 19:13:21.011713,Tokyo-2176,21,69,Normal
2026-02-13 19:13:22.011713,Tokyo-2176,40,50,Normal
2026-02-13 19:13:23.011713,Tokyo-2176,-6,82,Normal
2026-02-13 19:13:24.011713,Tokyo-2176,-17,76,Normal
2026-02-13 19:13:25.011713,Tokyo-2176,-24,82,Normal
2026-02-13 19:13:26.011713,Tokyo-2176,-8,30,Normal
2026-02-13 19:13:27.011713,Tokyo-2176,33,48,Normal
2026-02-13 19:13:28.011713,Tokyo-2176,-12,25,Normal
2026-02-13 19:13:29.011713,Tokyo-2176,19,52,Normal
2026-02-13 19:13:30.011713,Tokyo-2176,25,23,Normal
2026-02-13 19:13:31.011713,Tokyo-2176,6,19,Normal
2026-02-13 19:13:32.011713,Tokyo-2176,45,46,Normal
2026-02-13 19:13:33.011713,Tokyo-2176,-11,30,Normal
2026-02-13 19:13:34.011713,Tokyo-2176,28,3,Normal
2026-02-13 19:13:35.011713,Tokyo-2176,1,99,Normal
2026-02-13 19:13:36.011713,Tokyo-2176,-13,26,Normal
2026-02-13 19:13:37.011713,Tokyo-2176,49,41,Normal
2026-02-13 19:13:38.011713,Tokyo-2176,45,99,Normal
2026-02-13 19:13:39.011713,Tokyo-2176,-10,13,Normal
2026-02-13 19:13:40.011713,Tokyo-2176,35,75,Normal
2026-02-13 19:13:41.011713,Tokyo-2176,16,61,Normal
2026-02-13 19:13:42.011713,Tokyo-2176,-14,86,Normal
2026-02-13 19:13:43.011713,Tokyo-2176,-18,52,Normal
2026-02-13 19:13:44.011713,Tokyo-2176,-8,64,Normal
2026-02-13 19:13:45.011713,Tokyo-2176,30,22,Normal
2026-02-13 19:13:46.011713,Tokyo-2176,-4,88,Normal
2026-02-13 19:13:47.011713,Tokyo-2176,34,37,Normal
2026-02-13 19:13:48.011713,Tokyo-2176,45,74,Normal
2026-02-13 19:13:49.011713,Tokyo-2176,-17,48,Normal
2026-02-13 19:13:50.011713,Tokyo-2176,-3,13,Normal
2026-02-13 19:13:51.011713,Tokyo-2176,-27,65,Normal
2026-02-13 19:13:52.011713,Tokyo-2176,27,50,Normal
2026-02-13 19:13:53.011713,Tokyo-2176,-16,20,Normal
2026-02-13 19:13:54.011713,Tokyo-2176,-29,32,Normal
2026-02-13 19:13:55.011713,Tokyo-2176,34,76,Normal
2026-02-13 19:13:56.011713,Tokyo-2176,40,22,Normal
2026-02-13 19:13:57.011713,Tokyo-2176,12,51,Normal
2026-02-13 19:13:58.011713,Tokyo-2176,35,6,Normal
2026-02-13 19:13:59.011713,Tokyo-2176,30,54,Normal
2026-02-13 19:14:00.011713,Tokyo-2176,-3,88,Normal
2026-02-13 19:14:01.011713,Tokyo-2176,37,63,Normal
2026-02-13 19:14:02.011713,Tokyo-2176,21,62,Normal
2026-02-13 19:14:03.011713,Tokyo-2176,38,97,Normal
2026-02-13 19:14:04.011713,Tokyo-2176,5,20,Normal
2026-02-13 19:14:05.011713,Tokyo-2176,-9,35,Normal
2026-02-13 19:14:06.011713,Tokyo-2176,19,43,Normal
2026-02-13 19:14:07.011713,Tokyo-2176,-26,40,Normal
2026-02-13 19:14:08.011713,Tokyo-2176,33,83,Normal
2026-02-13 19:14:09.011713,Tokyo-2176,-19,61,Normal
2026-02-13 19:14:10.011713,Tokyo-2176,39,71,Normal
2026-02-13 19:14:11.011713,Tokyo-2176,20,60,Normal
2026-02-13 19:14:12.011713,Tokyo-2176,-27,45,Normal
2026-02-13 19:14:13.011713,Tokyo-2176,-5,55,Normal
2026-02-13 19:14:14.011713,Tokyo-2176,-22,40,Normal
2026-02-13 19:14:15.011713,Tokyo-2176,-9,36,Normal
2026-02-13 19:14:16.011713,Tokyo-2176,-27,57,Normal
2026-02-13 19:14:17.011713,Tokyo-2176,8,89,Normal
2026-02-13 19:14:18.011713,Tokyo-2176,24,11,Normal
2026-02-13 19:14:19.011713,Tokyo-2176,5,39,Normal
2026-02-13 19:14:20.011713,Tokyo-2176,34,81,Normal
2026-02-13 19:14:21.011713,Tokyo-2176,2,91,Normal
2026-02-13 19:14:22.011713,Tokyo-2176,4,95,Normal
2026-02-13 19:14:23.011713,Tokyo-2176,-30,64,Normal
2026-02-13 19:14:24.011713,Tokyo-2176,17,15,Normal
2026-02-13 19:14:25.011713,Tokyo-2176,34,91,Normal
2026-02-13 19:14:26.011713,Tokyo-2176,17,3,Normal
2026-02-13 19:14:27.011713,Tokyo-2176,28,97,Normal
2026-02-13 19:14:28.011713,Tokyo-2176,-12,11,Normal
2026-02-13 19:14:29.011713,Tokyo-2176,41,1,Normal
2026-02-13 19:14:30.011713,Tokyo-2176,35,97,Normal
2026-02-13 19:14:31.011713,Tokyo-2176,4,92,Normal
2026-02-13 19:14:32.011713,Tokyo-2176,47,37,Normal
2026-02-13 19:14:33.011713,Tokyo-2176,12,49,Normal
2026-02-13 19:14:34.011713,Tokyo-2176,43,39,Normal
2026-02-13 19:14:35.011713,Tokyo-2176,9,72,Normal
2026-02-13 19:14:36.011713,Tokyo-2176,-1,72,Normal
2026-02-13 19:14:37.011713,Tokyo-2176,46,32,Normal
2026-02-13 19:14:38.011713,Tokyo-2176,6,34,Normal
2026-02-13 19:14:39.011713,Tokyo-2176,-5,24,Normal
2026-02-13 19:14:40.011713,Tokyo-2176,-16,39,Normal
2026-02-13 19:14:41.011713,Tokyo-2176,47,56,Normal
2026-02-13 19:14:42.011713,Tokyo-2176,6,96,Normal
2026-02-13 19:14:43.011713,Tokyo-2176,47,89,Normal
2026-02-13 19:14:44.011713,Tokyo-2176,35,62,Normal
2026-02-13 19:14:45.011713,Tokyo-2176,-8,77,Normal
2026-02-13 19:14:46.011713,Tokyo-2176,36,88,Normal
2026-02-13 19:14:47.011713,Tokyo-2176,-5,91,Normal
2026-02-13 19:14:48.011713,Tokyo-2176,19,25,Normal
2026-02-13 19:14:49.011713,Tokyo-2176,21,49,Normal
2026-02-13 19:14:50.011713,Tokyo-2176,15,15,Normal
2026-02-13 19:14:51.011713,Tokyo-2176,20,31,Normal
2026-02-13 19:14:52.011713,Tokyo-2176,37,7,Normal
2026-02-13 19:14:53.011713,Tokyo-2176,6,50,Normal
2026-02-13 19:14:54.011713,Tokyo-2176,0,80,Normal
2026-02-13 19:14:55.011713,Tokyo-2176,-16,20,Normal
2026-02-13 19:14:56.011713,Tokyo-2176,-5,12,Normal
2026-02-13 19:14:57.011713,Tokyo-2176,43,83,Normal
2026-02-13 19:14:58.011713,Tokyo-2176,33,84,Normal
2026-02-13 19:14:59.011713,Tokyo-2176,6,48,Normal
2026-02-13 19:15:00.011713,Tokyo-2176,15,88,Normal
2026-02-13 19:15:01.011713,Tokyo-2176,-29,99,Normal
2026-02-13 19:15:02.011713,Tokyo-2176,43,7,Normal
2026-02-13 19:15:03.011713,Tokyo-2176,25,98,Normal
2026-02-13 19:15:04.011713,Tokyo-2176,41,91,Normal
2026-02-13 19:15:05.011713,Tokyo-2176,50,29,Normal
2026-02-13 19:15:06.011713,Tokyo-2176,33,35,Normal
2026-02-13 19:15:07.011713,Tokyo-2176,5,65,Normal
2026-02-13 19:15:08.011713,Tokyo-2176,28,91,Normal
2026-02-13 19:15:09.011713,Tokyo-2176,3,39,Normal
2026-02-13 19:15:10.011713,Tokyo-2176,7,73,Normal
2026-02-13 19:15:11.011713,Tokyo-2176,34,46,Normal
2026-02-13 19:15:12.011713,Tokyo-2176,8,15,Normal
2026-02-13 19:15:13.011713,Tokyo-2176,18,47,Normal
2026-02-13 19:15:14.011713,Tokyo-2176,-16,35,Normal
2026-02-13 19:15:15.011713,Tokyo-2176,44,64,Normal
2026-02-13 19:15:16.011713,Tokyo-2176,38,0,Normal
2026-02-13 19:15:17.011713,Tokyo-2176,-21,27,Normal
2026-02-13 19:15:18.011713,Tokyo-2176,-17,97,Normal
2026-02-13 19:15:19.011713,Tokyo-2176,3,0,Normal
2026-02-13 19:15:20.011713,Tokyo-2176,-15,4,Normal
2026-02-13 19:15:21.011713,Tokyo-2176,-30,36,Normal
2026-02-13 19:15:22.011713,Tokyo-2176,27,93,Normal
2026-02-13 19:15:23.011713,Tokyo-2176,6,85,Normal
2026-02-13 19:15:24.011713,Tokyo-2176,29,82,Normal
2026-02-13 19:15:25.011713,Tokyo-2176,25,25,Normal
2026-02-13 19:15:26.011713,Tokyo-2176,41,25,Normal
2026-02-13 19:15:27.011713,Tokyo-2176,4,28,Normal
2026-02-13 19:15:28.011713,Tokyo-2176,33,68,Normal
2026-02-13 19:15:29.011713,Tokyo-2176,-6,43,Normal
2026-02-13 19:15:30.011713,Tokyo-2176,11,79,Normal
2026-02-13 19:15:31.011713,Tokyo-2176,-11,96,Normal
2026-02-13 19:15:32.011713,Tokyo-2176,30,30,Normal
2026-02-13 19:15:33.011713,Tokyo-2176,38,48,Normal
2026-02-13 19:15:34.011713,Tokyo-2176,48,72,Normal
2026-02-13 19:15:35.011713,Tokyo-2176,-25,82,Normal
2026-02-13 19:15:36.011713,Tokyo-2176,16,55,Normal
2026-02-13 19:15:37.011713,Tokyo-2176,14,38,Normal
2026-02-13 19:15:38.011713,Tokyo-2176,10,4,Normal
2026-02-13 19:15:39.011713,Tokyo-2176,19,74,Normal
2026-02-13 19:15:40.011713,Tokyo-2176,-14,54,Normal
2026-02-13 19:15:41.011713,Tokyo-2176,49,24,Normal
2026-02-13 19:15:42.011713,Tokyo-2176,-6,100,Normal
2026-02-13 19:15:43.011713,Tokyo-2176,-5,47,Normal
2026-02-13 19:15:44.011713,Tokyo-2176,15,89,Normal
2026-02-13 19:15:45.011713,Tokyo-2176,10,8,Normal
2026-02-13 19:15:46.011713,Tokyo-2176,33,52,Normal
2026-02-13 19:15:47.011713,Tokyo-2176,33,37,Normal
2026-02-13 19:15:48.011713,Tokyo-2176,-21,57,Normal
2026-02-13 19:15:49.011713,Tokyo-2176,10,43,Normal
2026-02-13 19:15:50.011713,Tokyo-2176,23,25,Normal
2026-02-13 19:15:51.011713,Tokyo-2176,41,16,Normal
2026-02-13 19:15:52.011713,Tokyo-2176,28,58,Normal
2026-02-13 19:15:53.011713,Tokyo-2176,-28,63,Normal
2026-02-13 19:15:54.011713,Tokyo-2176,40,28,Normal
2026-02-13 19:15:55.011713,Tokyo-2176,4,23,Normal
2026-02-13 19:15:56.011713,Tokyo-2176,50,100,Normal
2026-02-13 19:15:57.011713,Tokyo-2176,40,48,Normal
2026-02-13 19:15:58.011713,Tokyo-2176,-10,87,Normal
2026-02-13 19:15:59.011713,Tokyo-2176,-6,2,Normal
2026-02-13 19:16:00.011713,Tokyo-2176,-13,41,Normal
2026-02-13 19:16:01.011713,Tokyo-2176,49,76,Normal
2026-02-13 19:16:02.011713,Tokyo-2176,1,17,Normal
2026-02-13 19:16:03.011713,Tokyo-2176,33,86,Normal
2026-02-13 19:16:04.011713,Tokyo-2176,9,45,Normal
2026-02-13 19:16:05.011713,Tokyo-2176,-23,57,Normal
2026-02-13 19:16:06.011713,Tokyo-2176,-18,90,Normal
2026-02-13 19:16:07.011713,Tokyo-2176,41,98,Normal
2026-02-13 19:16:08.011713,Tokyo-2176,-11,20,Normal
2026-02-13 19:16:09.011713,Tokyo-2176,1,53,Normal
2026-02-13 19:16:10.011713,Tokyo-2176,11,40,Normal
2026-02-13 19:16:11.011713,Tokyo-2176,22,93,Normal
2026-02-13 19:16:12.011713,Tokyo-2176,43,84,Normal
2026-02-13 19:16:13.011713,Tokyo-2176,38,58,Normal
2026-02-13 19:16:14.011713,Tokyo-2176,15,68,Normal
2026-02-13 19:16:15.011713,Tokyo-2176,-12,87,Normal
2026-02-13 19:16:16.011713,Tokyo-2176,-9,32,Normal
2026-02-13 19:16:17.011713,Tokyo-2176,-29,17,Normal
2026-02-13 19:16:18.011713,Tokyo-2176,13,80,Normal
2026-02-13 19:16:19.011713,Tokyo-2176,41,28,Normal
2026-02-13 19:16:20.011713,Tokyo-2176,7,40,Normal
2026-02-13 19:16:21.011713,Tokyo-2176,36,100,Normal
2026-02-13 19:16:22.011713,Tokyo-2176,-4,99,Normal
2026-02-13 19:16:23.011713,Tokyo-2176,-26,59,Normal
2026-02-13 19:16:24.011713,Tokyo-2176,-30,57,Normal
2026-02-13 19:16:25.011713,Tokyo-2176,36,98,Normal
2026-02-13 19:16:26.011713,Tokyo-2176,3,81,Normal
2026-02-13 19:16:27.011713,Tokyo-2176,-28,2,Normal
2026-02-13 19:16:28.011713,Tokyo-2176,25,43,Normal
2026-02-13 19:16:29.011713,Tokyo-2176,31,41,Normal
2026-02-13 19:16:30.011713,Tokyo-2176,10,29,Normal
2026-02-13 19:16:31.011713,Tokyo-2176,-6,47,Normal
2026-02-13 19:16:32.011713,Tokyo-2176,13,21,Normal
2026-02-13 19:16:33.011713,Tokyo-2176,34,62,Normal
2026-02-13 19:16:34.011713,Tokyo-2176,5,61,Normal
2026-02-13 19:16:35.011713,Tokyo-2176,12,35,Normal
2026-02-13 19:16:36.011713,Tokyo-2176,-4,11,Normal
2026-02-13 19:16:37.011713,Tokyo-2176,-27,39,Normal
2026-02-13 19:16:38.011713,Tokyo-2176,7,78,Normal
2026-02-13 19:16:39.011713,Tokyo-2176,-16,72,Normal
2026-02-13 19:16:40.011713,Tokyo-2176,22,90,Normal
2026-02-13 19:16:41.011713,Tokyo-2176,42,43,Normal
2026-02-13 19:16:42.011713,Tokyo-2176,-17,96,Normal
2026-02-13 19:16:43.011713,Tokyo-2176,32,81,Normal
2026-02-13 19:16:44.011713,Tokyo-2176,45,79,Normal
2026-02-13 19:16:45.011713,Tokyo-2176,18,95,Normal
2026-02-13 19:16:46.011713,Tokyo-2176,-14,29,Normal
2026-02-13 19:16:47.011713,Tokyo-2176,-24,96,Normal
2026-02-13 19:16:48.011713,Tokyo-2176,-23,16,Normal
2026-02-13 19:16:49.011713,Tokyo-2176,50,45,Normal
2026-02-13 19:16:50.011713,Tokyo-2176,-18,23,Normal
2026-02-13 19:16:51.011713,Tokyo-2176,-7,57,Normal
2026-02-13 19:16:52.011713,Tokyo-2176,-20,33,Normal
2026-02-13 19:16:53.011713,Tokyo-2176,45,91,Normal
2026-02-13 19:16:54.011713,Tokyo-2176,3,0,Normal
2026-02-13 19:16:55.011713,Tokyo-2176,36,7,Normal
2026-02-13 19:16:56.011713,Tokyo-2176,21,96,Normal
2026-02-13 19:16:57.011713,Tokyo-2176,-16,51,Normal
2026-02-13 19:16:58.011713,Tokyo-2176,47,68,Normal
2026-02-13 19:16:59.011713,Tokyo-2176,19,30,Normal
2026-02-13 19:17:00.011713,Tokyo-2176,14,34,Normal
2026-02-13 19:17:01.011713,Tokyo-2176,38,18,Normal
2026-02-13 19:17:02.011713,Tokyo-2176,-5,65,Normal
2026-02-13 19:17:03.011713,Tokyo-2176,-5,77,Normal
2026-02-13 19:17:04.011713,Tokyo-2176,-5,20,Normal
2026-02-13 19:17:05.011713,Tokyo-2176,25,3,Normal
2026-02-13 19:17:06.011713,Tokyo-2176,-23,100,Normal
2026-02-13 19:17:07.011713,Tokyo-2176,34,1,Normal
2026-02-13 19:17:08.011713,Tokyo-2176,-20,11,Normal
2026-02-13 19:17:09.011713,Tokyo-2176,47,34,Normal
2026-02-13 19:17:10.011713,Tokyo-2176,5,55,Normal
2026-02-13 19:17:11.011713,Tokyo-2176,-28,53,Normal
2026-02-13 19:17:12.011713,Tokyo-2176,47,70,Normal
2026-02-13 19:17:13.011713,Tokyo-2176,39,89,Normal
2026-02-13 19:17:14.011713,Tokyo-2176,-12,47,Normal
2026-02-13 19:17:15.011713,Tokyo-2176,-25,28,Normal
2026-02-13 19:17:16.011713,Tokyo-2176,-12,38,Normal
2026-02-13 19:17:17.011713,Tokyo-2176,30,85,Normal
2026-02-13 19:17:18.011713,Tokyo-2176,46,85,Normal
2026-02-13 19:17:19.011713,Tokyo-2176,-14,68,Normal
2026-02-13 19:17:20.011713,Tokyo-2176,6,26,Normal
2026-02-13 19:17:21.011713,Tokyo-2176,1,7,Normal
2026-02-13 19:17:22.011713,Tokyo-2176,-29,44,Normal
2026-02-13 19:17:23.011713,Tokyo-2176,22,80,Normal
2026-02-13 19:17:24.011713,Tokyo-2176,11,2,Normal
2026-02-13 19:17:25.011713,Tokyo-2176,-1,11,Normal
2026-02-13 19:17:26.011713,Tokyo-2176,-12,78,Normal
2026-02-13 19:17:27.011713,Tokyo-2176,17,66,Normal
2026-02-13 19:17:28.011713,Tokyo-2176,31,69,Normal
2026-02-13 19:17:29.011713,Tokyo-2176,17,85,Normal
2026-02-13 19:17:30.011713,Tokyo-2176,31,18,Normal
2026-02-13 19:17:31.011713,Tokyo-2176,22,35,Normal
2026-02-13 19:17:32.011713,Tokyo-2176,2,89,Normal
2026-02-13 19:17:33.011713,Tokyo-2176,14,75,Normal
2026-02-13 19:17:34.011713,Tokyo-2176,-15,67,Normal
2026-02-13 19:17:35.011713,Tokyo-2176,2,94,Normal
2026-02-13 19:17:36.011713,Tokyo-2176,-2,91,Normal
2026-02-13 19:17:37.011713,Tokyo-2176,-11,44,Normal
2026-02-13 19:17:38.011713,Tokyo-2176,49,45,Normal
2026-02-13 19:17:39.011713,Tokyo-2176,14,50,Normal
2026-02-13 19:17:40.011713,Tokyo-2176,15,4,Normal
2026-02-13 19:17:41.011713,Tokyo-2176,-21,9,Normal
2026-02-13 19:17:42.011713,Tokyo-2176,33,76,Normal
2026-02-13 19:17:43.011713,Tokyo-2176,32,57,Normal
2026-02-13 19:17:44.011713,Tokyo-2176,8,10,Normal
2026-02-13 19:17:45.011713,Tokyo-2176,13,95,Normal
2026-02-13 19:17:46.011713,Tokyo-2176,-9,42,Normal
2026-02-13 19:17:47.011713,Tokyo-2176,44,28,Normal
2026-02-13 19:17:48.011713,Tokyo-2176,17,6,Normal
2026-02-13 19:17:49.011713,Tokyo-2176,5,47,Normal
2026-02-13 19:17:50.011713,Tokyo-2176,2,81,Normal
2026-02-13 19:17:51.011713,Tokyo-2176,21,75,Normal
2026-02-13 19:17:52.011713,Tokyo-2176,-6,82,Normal
2026-02-13 19:17:53.011713,Tokyo-2176,0,93,Normal
2026-02-13 19:17:54.011713,Tokyo-2176,17,38,Normal
2026-02-13 19:17:55.011713,Tokyo-2176,-28,26,Normal
2026-02-13 19:17:56.011713,Tokyo-2176,36,20,Normal
2026-02-13 19:17:57.011713,Tokyo-2176,34,65,Normal
2026-02-13 19:17:58.011713,Tokyo-2176,-2,47,Normal
2026-02-13 19:17:59.011713,Tokyo-2176,49,68,Normal
2026-02-13 19:18:00.011713,Tokyo-2176,17,42,Normal
2026-02-13 19:18:01.011713,Tokyo-2176,10,96,Normal
2026-02-13 19:18:02.011713,Tokyo-2176,-23,44,Normal
2026-02-13 19:18:03.011713,Tokyo-2176,6,58,Normal
2026-02-13 19:18:04.011713,Tokyo-2176,28,81,Normal
2026-02-13 19:18:05.011713,Tokyo-2176,49,92,Normal
2026-02-13 19:18:06.011713,Tokyo-2176,-19,82,Normal
2026-02-13 19:18:07.011713,Tokyo-2176,23,88,Normal
2026-02-13 19:18:08.011713,Tokyo-2176,29,0,Normal
2026-02-13 19:18:09.011713,Tokyo-2176,-20,38,Normal
2026-02-13 19:18:10.011713,Tokyo-2176,-4,39,Normal
2026-02-13 19:18:11.011713,Tokyo-2176,6,27,Normal
2026-02-13 19:18:12.011713,Tokyo-2176,-19,58,Normal
2026-02-13 19:18:13.011713,Tokyo-2176,3,63,Normal
2026-02-13 19:18:14.011713,Tokyo-2176,16,4,Normal
2026-02-13 19:18:15.011713,Tokyo-2176,-18,37,Normal
2026-02-13 19:18:16.011713,Tokyo-2176,22,73,Normal
2026-02-13 19:18:17.011713,Tokyo-2176,-29,53,Normal
2026-02-13 19:18:18.011713,Tokyo-2176,-5,17,Normal
2026-02-13 19:18:19.011713,Tokyo-2176,-22,57,Normal
2026-02-13 19:18:20.011713,Tokyo-2176,-25,83,Normal
2026-02-13 19:18:21.011713,Tokyo-2176,49,48,Normal
2026-02-13 19:18:22.011713,Tokyo-2176,49,17,Normal
2026-02-13 19:18:23.011713,Tokyo-2176,15,29,Normal
2026-02-13 19:18:24.011713,Tokyo-2176,-21,56,Normal
2026-02-13 19:18:25.011713,Tokyo-2176,29,71,Normal
2026-02-13 19:18:26.011713,Tokyo-2176,32,42,Normal
2026-02-13 19:18:27.011713,Tokyo-2176,-3,4,Normal
2026-02-13 19:18:28.011713,Tokyo-2176,44,52,Normal
2026-02-13 19:18:29.011713,Tokyo-2176,23,8,Normal
2026-02-13 19:18:30.011713,Tokyo-2176,33,13,Normal
2026-02-13 19:18:31.011713,Tokyo-2176,-15,15,Normal
2026-02-13 19:18:32.011713,Tokyo-2176,47,58,Normal
2026-02-13 19:18:33.011713,Tokyo-2176,-28,93,Normal
2026-02-13 19:18:34.011713,Tokyo-2176,-13,19,Normal
2026-02-13 19:18:35.011713,Tokyo-2176,-1,62,Normal
2026-02-13 19:18:36.011713,Tokyo-2176,-22,59,Normal
2026-02-13 19:18:37.011713,Tokyo-2176,-16,68,Normal
2026-02-13 19:18:38.011713,Tokyo-2176,-27,69,Normal
2026-02-13 19:18:39.011713,Tokyo-2176,24,99,Normal
2026-02-13 19:18:40.011713,Tokyo-2176,41,58,Normal
2026-02-13 19:18:41.011713,Tokyo-2176,4,15,Normal
2026-02-13 19:18:42.011713,Tokyo-2176,-15,82,Normal
2026-02-13 19:18:43.011713,Tokyo-2176,3,33,Normal
2026-02-13 19:18:44.011713,Tokyo-2176,37,66,Normal
2026-02-13 19:18:45.011713,Tokyo-2176,26,48,Normal
2026-02-13 19:18:46.011713,Tokyo-2176,-29,97,Normal
2026-02-13 19:18:47.011713,Tokyo-2176,-24,53,Normal
2026-02-13 19:18:48.011713,Tokyo-2176,-3,72,Normal
2026-02-13 19:18:49.011713,Tokyo-2176,-24,53,Normal
2026-02-13 19:18:50.011713,Tokyo-2176,-5,91,Normal
2026-02-13 19:18:51.011713,Tokyo-2176,20,60,Normal
2026-02-13 19:18:52.011713,Tokyo-2176,-8,19,Normal
2026-02-13 19:18:53.011713,Tokyo-2176,19,30,Normal
2026-02-13 19:18:54.011713,Tokyo-2176,21,30,Normal
2026-02-13 19:18:55.011713,Tokyo-2176,-6,23,Normal
2026-02-13 19:18:56.011713,Tokyo-2176,50,72,Normal
2026-02-13 19:18:57.011713,Tokyo-2176,-19,28,Normal
2026-02-13 19:18:58.011713,Tokyo-2176,47,61,Normal
2026-02-13 19:18:59.011713,Tokyo-2176,-27,18,Normal
2026-02-13 19:19:00.011713,Tokyo-2176,42,6,Normal
2026-02-13 19:19:01.011713,Tokyo-2176,50,50,Normal
2026-02-13 19:19:02.011713,Tokyo-2176,3,32,Normal
2026-02-13 19:19:03.011713,Tokyo-2176,-22,98,Normal
2026-02-13 19:19:04.011713,Tokyo-2176,-21,12,Normal
2026-02-13 19:19:05.011713,Tokyo-2176,49,12,Normal
2026-02-13 19:19:06.011713,Tokyo-2176,48,78,Normal
2026-02-13 19:19:07.011713,Tokyo-2176,-20,60,Normal
2026-02-13 19:19:08.011713,Tokyo-2176,46,28,Normal
2026-02-13 19:19:09.011713,Tokyo-2176,-30,69,Normal
2026-02-13 19:19:10.011713,Tokyo-2176,33,23,Normal
2026-02-13 19:19:11.011713,Tokyo-2176,-25,86,Normal
2026-02-13 19:19:12.011713,Tokyo-2176,23,48,Normal
2026-02-13 19:19:13.011713,Tokyo-2176,26,29,Normal
2026-02-13 19:19:14.011713,Tokyo-2176,-28,87,Normal
2026-02-13 19:19:15.011713,Tokyo-2176,47,42,Normal
2026-02-13 19:19:16.011713,Tokyo-2176,-4,78,Normal
2026-02-13 19:19:17.011713,Tokyo-2176,32,42,Normal
2026-02-13 19:19:18.011713,Tokyo-2176,4,43,Normal
2026-02-13 19:19:19.011713,Tokyo-2176,-30,96,Normal
2026-02-13 19:19:20.011713,Tokyo-2176,-30,12,Normal
2026-02-13 19:19:21.011713,Tokyo-2176,0,49,Normal
2026-02-13 19:19:22.011713,Tokyo-2176,34,3,Normal
2026-02-13 19:19:23.011713,Tokyo-2176,-19,30,Normal
2026-02-13 19:19:24.011713,Tokyo-2176,17,49,Normal
2026-02-13 19:19:25.011713,Tokyo-2176,38,1,Normal
2026-02-13 19:19:26.011713,Tokyo-2176,34,68,Normal
2026-02-13 19:19:27.011713,Tokyo-2176,-16,2,Normal
2026-02-13 19:19:28.011713,Tokyo-2176,-17,94,Normal
2026-02-13 19:19:29.011713,Tokyo-2176,39,54,Normal
2026-02-13 19:19:30.011713,Tokyo-2176,-29,24,Normal
2026-02-13 19:19:31.011713,Tokyo-2176,10,60,Normal
2026-02-13 19:19:32.011713,Tokyo-2176,-1,62,Normal
2026-02-13 19:19:33.011713,Tokyo-2176,-12,87,Normal
2026-02-13 19:19:34.011713,Tokyo-2176,27,65,Normal
2026-02-13 19:19:35.011713,Tokyo-2176,-8,57,Normal
2026-02-13 19:19:36.011713,Tokyo-2176,49,11,Normal
2026-02-13 19:19:37.011713,Tokyo-2176,-14,54,Normal
2026-02-13 19:19:38.011713,Tokyo-2176,42,42,Normal
2026-02-13 19:19:39.011713,Tokyo-2176,14,37,Normal
2026-02-13 19:19:40.011713,Tokyo-2176,32,34,Normal
2026-02-13 19:19:41.011713,Tokyo-2176,45,15,Normal
2026-02-13 19:19:42.011713,Tokyo-2176,-17,89,Normal
2026-02-13 19:19:43.011713,Tokyo-2176,13,20,Normal
2026-02-13 19:19:44.011713,Tokyo-2176,48,78,Normal
2026-02-13 19:19:45.011713,Tokyo-2176,1,66,Normal
2026-02-13 19:19:46.011713,Tokyo-2176,41,50,Normal
2026-02-13 19:19:47.011713,Tokyo-2176,30,86,Normal
2026-02-13 19:19:48.011713,Tokyo-2176,-22,21,Normal
2026-02-13 19:19:49.011713,Tokyo-2176,46,98,Normal
2026-02-13 19:19:50.011713,Tokyo-2176,46,52,Normal
2026-02-13 19:19:51.011713,Tokyo-2176,42,10,Normal
2026-02-13 19:19:52.011713,Tokyo-2176,14,75,Normal
2026-02-13 19:19:53.011713,Tokyo-2176,49,26,Normal
2026-02-13 19:19:54.011713,Tokyo-2176,-1,21,Normal
2026-02-13 19:19:55.011713,Tokyo-2176,16,65,Normal
2026-02-13 19:19:56.011713,Tokyo-2176,14,1,Normal
2026-02-13 19:19:57.011713,Tokyo-2176,-17,88,Normal
2026-02-13 19:19:58.011713,Tokyo-2176,6,45,Normal
2026-02-13 19:19:59.011713,Tokyo-2176,28,64,Normal
2026-02-13 19:20:00.011713,Tokyo-2176,0,33,Normal
2026-02-13 19:20:01.011713,Tokyo-2176,-25,17,Normal
2026-02-13 19:20:02.011713,Tokyo-2176,42,78,Normal
2026-02-13 19:20:03.011713,Tokyo-2176,45,48,Normal
2026-02-13 19:20:04.011713,Tokyo-2176,41,65,Normal
2026-02-13 19:20:05.011713,Tokyo-2176,47,57,Normal
2026-02-13 19:20:06.011713,Tokyo-2176,-23,92,Normal
2026-02-13 19:20:07.011713,Tokyo-2176,34,34,Normal
2026-02-13 19:20:08.011713,Tokyo-2176,16,9,Normal
2026-02-13 19:20:09.011713,Tokyo-2176,-26,86,Normal
2026-02-13 19:20:10.011713,Tokyo-2176,19,13,Normal
2026-02-13 19:20:11.011713,Tokyo-2176,48,73,Normal
2026-02-13 19:20:12.011713,Tokyo-2176,16,61,Normal
2026-02-13 19:20:13.011713,Tokyo-2176,27,92,Normal
2026-02-13 19:20:14.011713,Tokyo-2176,-27,4,Normal
2026-02-13 19:20:15.011713,Tokyo-2176,37,10,Normal
2026-02-13 19:20:16.011713,Tokyo-2176,44,6,Normal
2026-02-13 19:20:17.011713,Tokyo-2176,-2,75,Normal
2026-02-13 19:20:18.011713,Tokyo-2176,50,4,Normal
2026-02-13 19:20:19.011713,Tokyo-2176,10,49,Normal
2026-02-13 19:20:20.011713,Tokyo-2176,41,12,Normal
2026-02-13 19:20:21.011713,Tokyo-2176,-4,74,Normal
2026-02-13 19:20:22.011713,Tokyo-2176,49,47,Normal
2026-02-13 19:20:23.011713,Tokyo-2176,20,78,Normal
2026-02-13 19:20:24.011713,Tokyo-2176,-16,66,Normal
2026-02-13 19:20:25.011713,Tokyo-2176,19,98,Normal
2026-02-13 19:20:26.011713,Tokyo-2176,-14,76,Normal
2026-02-13 19:20:27.011713,Tokyo-2176,40,22,Normal
2026-02-13 19:20:28.011713,Tokyo-2176,2,36,Normal
2026-02-13 19:20:29.011713,Tokyo-2176,-30,67,Normal
2026-02-13 19:20:30.011713,Tokyo-2176,-14,97,Normal
2026-02-13 19:20:31.011713,Tokyo-2176,-14,47,Normal
2026-02-13 19:20:32.011713,Tokyo-2176,12,89,Normal
2026-02-13 19:20:33.011713,Tokyo-2176,16,60,Normal
2026-02-13 19:20:34.011713,Tokyo-2176,39,58,Normal
2026-02-13 19:20:35.011713,Tokyo-2176,26,67,Normal
2026-02-13 19:20:36.011713,Tokyo-2176,25,61,Normal
2026-02-13 19:20:37.011713,Tokyo-2176,-20,53,Normal
2026-02-13 19:20:38.011713,Tokyo-2176,18,12,Normal
2026-02-13 19:20:39.011713,Tokyo-2176,-25,85,Normal
2026-02-13 19:20:40.011713,Tokyo-2176,40,23,Normal
2026-02-13 19:20:41.011713,Tokyo-2176,48,88,Normal
2026-02-13 19:20:42.011713,Tokyo-2176,-9,37,Normal
2026-02-13 19:20:43.011713,Tokyo-2176,-20,8,Normal
2026-02-13 19:20:44.011713,Tokyo-2176,-23,36,Normal
2026-02-13 19:20:45.011713,Tokyo-2176,3,32,Normal
2026-02-13 19:20:46.011713,Tokyo-2176,27,38,Normal
2026-02-13 19:20:47.011713,Tokyo-2176,1,23,Normal
2026-02-13 19:20:48.011713,Tokyo-2176,18,96,Normal
2026-02-13 19:20:49.011713,Tokyo-2176,21,29,Normal
2026-02-13 19:20:50.011713,Tokyo-2176,42,23,Normal
2026-02-13 19:20:51.011713,Tokyo-2176,-15,84,Normal
2026-02-13 19:20:52.011713,Tokyo-2176,-13,11,Normal
2026-02-13 19:20:53.011713,Tokyo-2176,-1,55,Normal
2026-02-13 19:20:54.011713,Tokyo-2176,15,21,Normal
2026-02-13 19:20:55.011713,Tokyo-2176,7,92,Normal
2026-02-13 19:20:56.011713,Tokyo-2176,46,39,Normal
2026-02-13 19:20:57.011713,Tokyo-2176,13,85,Normal
2026-02-13 19:20:58.011713,Tokyo-2176,24,54,Normal
2026-02-13 19:20:59.011713,Tokyo-2176,50,49,Normal
2026-02-13 19:21:00.011713,Tokyo-2176,-21,2,Normal
2026-02-13 19:21:01.011713,Tokyo-2176,40,31,Normal
2026-02-13 19:21:02.011713,Tokyo-2176,34,70,Normal
2026-02-13 19:21:03.011713,Tokyo-2176,-5,50,Normal
2026-02-13 19:21:04.011713,Tokyo-2176,27,92,Normal
2026-02-13 19:21:05.011713,Tokyo-2176,7,52,Normal
2026-02-13 19:21:06.011713,Tokyo-2176,6,19,Normal
2026-02-13 19:21:07.011713,Tokyo-2176,38,4,Normal
2026-02-13 19:21:08.011713,Tokyo-2176,7,16,Normal
2026-02-13 19:21:09.011713,Tokyo-2176,22,93,Normal
2026-02-13 19:21:10.011713,Tokyo-2176,47,94,Normal
2026-02-13 19:21:11.011713,Tokyo-2176,43,85,Normal
2026-02-13 19:21:12.011713,Tokyo-2176,48,82,Normal
2026-02-13 19:21:13.011713,Tokyo-2176,33,35,Normal
2026-02-13 19:21:14.011713,Tokyo-2176,28,73,Normal
2026-02-13 19:21:15.011713,Tokyo-2176,27,47,Normal
2026-02-13 19:21:16.011713,Tokyo-2176,-16,23,Normal
2026-02-13 19:21:17.011713,Tokyo-2176,-22,52,Normal
2026-02-13 19:21:18.011713,Tokyo-2176,-8,87,Normal
2026-02-13 19:21:19.011713,Tokyo-2176,15,31,Normal
2026-02-13 19:21:20.011713,Tokyo-2176,20,41,Normal
2026-02-13 19:21:21.011713,Tokyo-2176,37,97,Normal
2026-02-13 19:21:22.011713,Tokyo-2176,47,90,Normal
2026-02-13 19:21:23.011713,Tokyo-2176,32,6,Normal
2026-02-13 19:21:24.011713,Tokyo-2176,4,42,Normal
2026-02-13 19:21:25.011713,Tokyo-2176,-10,61,Normal
2026-02-13 19:21:26.011713,Tokyo-2176,-14,0,Normal
2026-02-13 19:21:27.011713,Tokyo-2176,-29,65,Normal
2026-02-13 19:21:28.011713,Tokyo-2176,-23,95,Normal
2026-02-13 19:21:29.011713,Tokyo-2176,10,50,Normal
2026-02-13 19:21:30.011713,Tokyo-2176,9,83,Normal
2026-02-13 19:21:31.011713,Tokyo-2176,49,21,Normal
2026-02-13 19:21:32.011713,Tokyo-2176,-29,91,Normal
2026-02-13 19:21:33.011713,Tokyo-2176,-15,31,Normal
2026-02-13 19:21:34.011713,Tokyo-2176,0,49,Normal
2026-02-13 19:21:35.011713,Tokyo-2176,32,2,Normal
2026-02-13 19:21:36.011713,Tokyo-2176,1,54,Normal
2026-02-13 19:21:37.011713,Tokyo-2176,-19,5,Normal
2026-02-13 19:21:38.011713,Tokyo-2176,35,14,Normal
2026-02-13 19:21:39.011713,Tokyo-2176,-6,85,Normal
2026-02-13 19:21:40.011713,Tokyo-2176,34,57,Normal
2026-02-13 19:21:41.011713,Tokyo-2176,40,18,Normal
2026-02-13 19:21:42.011713,Tokyo-2176,32,6,Normal
2026-02-13 19:21:43.011713,Tokyo-2176,-17,100,Normal
2026-02-13 19:21:44.011713,Tokyo-2176,-30,79,Normal
2026-02-13 19:21:45.011713,Tokyo-2176,1,55,Normal
2026-02-13 19:21:46.011713,Tokyo-2176,-15,50,Normal
2026-02-13 19:21:47.011713,Tokyo-2176,1,72,Normal
2026-02-13 19:21:48.011713,Tokyo-2176,-2,67,Normal
2026-02-13 19:21:49.011713,Tokyo-2176,18,8,Normal
2026-02-13 19:21:50.011713,Tokyo-2176,-1,60,Normal
2026-02-13 19:21:51.011713,Tokyo-2176,47,5,Normal
2026-02-13 19:21:52.011713,Tokyo-2176,-6,89,Normal
2026-02-13 19:21:53.011713,Tokyo-2176,33,72,Normal
2026-02-13 19:21:54.011713,Tokyo-2176,27,13,Normal
2026-02-13 19:21:55.011713,Tokyo-2176,42,25,Normal
2026-02-13 19:21:56.011713,Tokyo-2176,1,91,Normal
2026-02-13 19:21:57.011713,Tokyo-2176,47,40,Normal
2026-02-13 19:21:58.011713,Tokyo-2176,-29,31,Normal
2026-02-13 19:21:59.011713,Tokyo-2176,41,25,Normal
2026-02-13 19:22:00.011713,Tokyo-2176,48,15,Normal
2026-02-13 19:22:01.011713,Tokyo-2176,11,95,Normal
2026-02-13 19:22:02.011713,Tokyo-2176,32,76,Normal
2026-02-13 19:22:03.011713,Tokyo-2176,-17,76,Normal
2026-02-13 19:22:04.011713,Tokyo-2176,4,94,Normal
2026-02-13 19:22:05.011713,Tokyo-2176,-2,95,Normal
2026-02-13 19:22:06.011713,Tokyo-2176,17,54,Normal
2026-02-13 19:22:07.011713,Tokyo-2176,-4,93,Normal
2026-02-13 19:22:08.011713,Tokyo-2176,-15,1,Normal
2026-02-13 19:22:09.011713,Tokyo-2176,11,97,Normal
2026-02-13 19:22:10.011713,Tokyo-2176,24,83,Normal
2026-02-13 19:22:11.011713,Tokyo-2176,3,57,Normal
2026-02-13 19:22:12.011713,Tokyo-2176,-15,75,Normal
2026-02-13 19:22:13.011713,Tokyo-2176,-1,45,Normal
2026-02-13 19:22:14.011713,Tokyo-2176,26,15,Normal
2026-02-13 19:22:15.011713,Tokyo-2176,48,61,Normal
2026-02-13 19:22:16.011713,Tokyo-2176,-25,19,Normal
2026-02-13 19:22:17.011713,Tokyo-2176,14,92,Normal
2026-02-13 19:22:18.011713,Tokyo-2176,-30,4,Normal
2026-02-13 19:22:19.011713,Tokyo-2176,-7,9,Normal
2026-02-13 19:22:20.011713,Tokyo-2176,-26,4,Normal
2026-02-13 19:22:21.011713,Tokyo-2176,24,80,Normal
2026-02-13 19:22:22.011713,Tokyo-2176,45,40,Normal
2026-02-13 19:22:23.011713,Tokyo-2176,17,22,Normal
2026-02-13 19:22:24.011713,Tokyo-2176,40,88,Normal
2026-02-13 19:22:25.011713,Tokyo-2176,10,93,Normal
2026-02-13 19:22:26.011713,Tokyo-2176,32,34,Normal
2026-02-13 19:22:27.011713,Tokyo-2176,-22,79,Normal
2026-02-13 19:22:28.011713,Tokyo-2176,-19,1,Normal
2026-02-13 19:22:29.011713,Tokyo-2176,24,1,Normal
2026-02-13 19:22:30.011713,Tokyo-2176,13,84,Normal
2026-02-13 19:22:31.011713,Tokyo-2176,-7,8,Normal
2026-02-13 19:22:32.011713,Tokyo-2176,-27,93,Normal
2026-02-13 19:22:33.011713,Tokyo-2176,-18,90,Normal
2026-02-13 19:22:34.011713,Tokyo-2176,32,48,Normal
2026-02-13 19:22:35.011713,Tokyo-2176,1,30,Normal
2026-02-13 19:22:36.011713,Tokyo-2176,28,69,Normal
2026-02-13 19:22:37.011713,Tokyo-2176,-5,76,Normal
2026-02-13 19:22:38.011713,Tokyo-2176,23,53,Normal
2026-02-13 19:22:39.011713,Tokyo-2176,43,64,Normal
2026-02-13 19:22:40.011713,Tokyo-2176,45,74,Normal
2026-02-13 19:22:41.011713,Tokyo-2176,-15,95,Normal
2026-02-13 19:22:42.011713,Tokyo-2176,-27,74,Normal
2026-02-13 19:22:43.011713,Tokyo-2176,30,81,Normal
2026-02-13 19:22:44.011713,Tokyo-2176,41,33,Normal
2026-02-13 19:22:45.011713,Tokyo-2176,4,86,Normal
2026-02-13 19:22:46.011713,Tokyo-2176,6,62,Normal
2026-02-13 19:22:47.011713,Tokyo-2176,13,29,Normal
2026-02-13 19:22:48.011713,Tokyo-2176,-22,92,Normal
2026-02-13 19:22:49.011713,Tokyo-2176,24,53,Normal
2026-02-13 19:22:50.011713,Tokyo-2176,-22,96,Normal
2026-02-13 19:22:51.011713,Tokyo-2176,-30,49,Normal
2026-02-13 19:22:52.011713,Tokyo-2176,-24,38,Normal
2026-02-13 19:22:53.011713,Tokyo-2176,28,71,Normal
2026-02-13 19:22:54.011713,Tokyo-2176,48,75,Normal
2026-02-13 19:22:55.011713,Tokyo-2176,47,0,Normal
2026-02-13 19:22:56.011713,Tokyo-2176,17,6,Normal
2026-02-13 19:22:57.011713,Tokyo-2176,28,40,Normal
2026-02-13 19:22:58.011713,Tokyo-2176,47,86,Normal
2026-02-13 19:22:59.011713,Tokyo-2176,-4,92,Normal
2026-02-13 19:23:00.011713,Tokyo-2176,50,12,Normal
2026-02-13 19:23:01.011713,Tokyo-2176,33,2,Normal
2026-02-13 19:23:02.011713,Tokyo-2176,20,46,Normal
2026-02-13 19:23:03.011713,Tokyo-2176,47,66,Normal
2026-02-13 19:23:04.011713,Tokyo-2176,7,34,Normal
2026-02-13 19:23:05.011713,Tokyo-2176,1,84,Normal
2026-02-13 19:23:06.011713,Tokyo-2176,-5,86,Normal
2026-02-13 19:23:07.011713,Tokyo-2176,26,78,Normal
2026-02-13 19:23:08.011713,Tokyo-2176,-25,39,Normal
2026-02-13 19:23:09.011713,Tokyo-2176,49,6,Normal
2026-02-13 19:23:10.011713,Tokyo-2176,-19,16,Normal
2026-02-13 19:23:11.011713,Tokyo-2176,-26,31,Normal
2026-02-13 19:23:12.011713,Tokyo-2176,23,7,Normal
2026-02-13 19:23:13.011713,Tokyo-2176,13,68,Normal
2026-02-13 19:23:14.011713,Tokyo-2176,14,38,Normal
2026-02-13 19:23:15.011713,Tokyo-2176,-8,24,Normal
2026-02-13 19:23:16.011713,Tokyo-2176,-6,73,Normal
2026-02-13 19:23:17.011713,Tokyo-2176,-10,0,Normal
2026-02-13 19:23:18.011713,Tokyo-2176,4,55,Normal
2026-02-13 19:23:19.011713,Tokyo-2176,39,60,Normal
2026-02-13 19:23:20.011713,Tokyo-2176,6,25,Normal
2026-02-13 19:23:21.011713,Tokyo-2176,48,14,Normal
2026-02-13 19:23:22.011713,Tokyo-2176,-5,71,Normal
2026-02-13 19:23:23.011713,Tokyo-2176,37,38,Normal
2026-02-13 19:23:24.011713,Tokyo-2176,26,7,Normal
2026-02-13 19:23:25.011713,Tokyo-2176,8,55,Normal
2026-02-13 19:23:26.011713,Tokyo-2176,42,92,Normal
2026-02-13 19:23:27.011713,Tokyo-2176,39,6,Normal
2026-02-13 19:23:28.011713,Tokyo-2176,-3,5,Normal
2026-02-13 19:23:29.011713,Tokyo-2176,-26,72,Normal
2026-02-13 19:23:30.011713,Tokyo-2176,15,94,Normal
2026-02-13 19:23:31.011713,Tokyo-2176,39,76,Normal
2026-02-13 19:23:32.011713,Tokyo-2176,42,4,Normal
2026-02-13 19:23:33.011713,Tokyo-2176,12,62,Normal
2026-02-13 19:23:34.011713,Tokyo-2176,-4,25,Normal
2026-02-13 19:23:35.011713,Tokyo-2176,48,88,Normal
2026-02-13 19:23:36.011713,Tokyo-2176,1,32,Normal
2026-02-13 19:23:37.011713,Tokyo-2176,43,14,Normal
2026-02-13 19:23:38.011713,Tokyo-2176,35,31,Normal
2026-02-13 19:23:39.011713,Tokyo-2176,30,85,Normal
2026-02-13 19:23:40.011713,Tokyo-2176,18,74,Normal
2026-02-13 19:23:41.011713,Tokyo-2176,-12,9,Normal
2026-02-13 19:23:42.011713,Tokyo-2176,15,20,Normal
2026-02-13 19:23:43.011713,Tokyo-2176,12,3,Normal
2026-02-13 19:23:44.011713,Tokyo-2176,5,99,Normal
2026-02-13 19:23:45.011713,Tokyo-2176,-26,66,Normal
2026-02-13 19:23:46.011713,Tokyo-2176,-4,19,Normal
2026-02-13 19:23:47.011713,Tokyo-2176,11,28,Normal
2026-02-13 19:23:48.011713,Tokyo-2176,30,18,Normal
2026-02-13 19:23:49.011713,Tokyo-2176,40,54,Normal
2026-02-13 19:23:50.011713,Tokyo-2176,49,31,Normal
2026-02-13 19:23:51.011713,Tokyo-2176,31,67,Normal
2026-02-13 19:23:52.011713,Tokyo-2176,17,73,Normal
2026-02-13 19:23:53.011713,Tokyo-2176,41,52,Normal
2026-02-13 19:23:54.011713,Tokyo-2176,-22,92,Normal
2026-02-13 19:23:55.011713,Tokyo-2176,6,86,Normal
2026-02-13 19:23:56.011713,Tokyo-2176,41,18,Normal
2026-02-13 19:23:57.011713,Tokyo-2176,24,82,Normal
2026-02-13 19:23:58.011713,Tokyo-2176,-28,84,Normal
2026-02-13 19:23:59.011713,Tokyo-2176,48,90,Normal
2026-02-13 19:24:00.011713,Tokyo-2176,41,55,Normal
2026-02-13 19:24:01.011713,Tokyo-2176,36,90,Normal
2026-02-13 19:24:02.011713,Tokyo-2176,-27,39,Normal
2026-02-13 19:24:03.011713,Tokyo-2176,43,85,Normal
2026-02-13 19:24:04.011713,Tokyo-2176,-6,75,Normal
2026-02-13 19:24:05.011713,Tokyo-2176,29,60,Normal
2026-02-13 19:24:06.011713,Tokyo-2176,49,40,Normal
2026-02-13 19:24:07.011713,Tokyo-2176,-29,26,Normal
2026-02-13 19:24:08.011713,Tokyo-2176,45,34,Normal
2026-02-13 19:24:09.011713,Tokyo-2176,-19,21,Normal
2026-02-13 19:24:10.011713,Tokyo-2176,33,61,Normal
2026-02-13 19:24:11.011713,Tokyo-2176,31,39,Normal
2026-02-13 19:24:12.011713,Tokyo-2176,35,26,Normal
2026-02-13 19:24:13.011713,Tokyo-2176,50,83,Normal
2026-02-13 19:24:14.011713,Tokyo-2176,2,38,Normal
2026-02-13 19:24:15.011713,Tokyo-2176,36,41,Normal
2026-02-13 19:24:16.011713,Tokyo-2176,41,51,Normal
2026-02-13 19:24:17.011713,Tokyo-2176,18,89,Normal
2026-02-13 19:24:18.011713,Tokyo-2176,8,89,Normal
2026-02-13 19:24:19.011713,Tokyo-2176,28,31,Normal
2026-02-13 19:24:20.011713,Tokyo-2176,-24,50,Normal
2026-02-13 19:24:21.011713,Tokyo-2176,18,40,Normal
2026-02-13 19:24:22.011713,Tokyo-2176,6,65,Normal
2026-02-13 19:24:23.011713,Tokyo-2176,0,82,Normal
2026-02-13 19:24:24.011713,Tokyo-2176,0,50,Normal
2026-02-13 19:24:25.011713,Tokyo-2176,50,43,Normal
2026-02-13 19:24:26.011713,Tokyo-2176,-8,99,Normal
2026-02-13 19:24:27.011713,Tokyo-2176,38,85,Normal
2026-02-13 19:24:28.011713,Tokyo-2176,50,18,Normal
2026-02-13 19:24:29.011713,Tokyo-2176,6,60,Normal
2026-02-13 19:24:30.011713,Tokyo-2176,29,8,Normal
2026-02-13 19:24:31.011713,Tokyo-2176,21,2,Normal
2026-02-13 19:24:32.011713,Tokyo-2176,-30,41,Normal
2026-02-13 19:24:33.011713,Tokyo-2176,12,37,Normal
2026-02-13 19:24:34.011713,Tokyo-2176,24,61,Normal
2026-02-13 19:24:35.011713,Tokyo-2176,14,99,Normal
2026-02-13 19:24:36.011713,Tokyo-2176,36,70,Normal
2026-02-13 19:24:37.011713,Tokyo-2176,18,25,Normal
2026-02-13 19:24:38.011713,Tokyo-2176,-3,72,Normal
2026-02-13 19:24:39.011713,Tokyo-2176,-12,53,Normal
2026-02-13 19:24:40.011713,Tokyo-2176,49,78,Normal
2026-02-13 19:24:41.011713,Tokyo-2176,43,25,Normal
2026-02-13 19:24:42.011713,Tokyo-2176,-27,90,Normal
2026-02-13 19:24:43.011713,Tokyo-2176,-3,71,Normal
2026-02-13 19:24:44.011713,Tokyo-2176,-14,1,Normal
2026-02-13 19:24:45.011713,Tokyo-2176,41,19,Normal
2026-02-13 19:24:46.011713,Tokyo-2176,21,34,Normal
2026-02-13 19:24:47.011713,Tokyo-2176,18,70,Normal
2026-02-13 19:24:48.011713,Tokyo-2176,-27,13,Normal
2026-02-13 19:24:49.011713,Tokyo-2176,31,99,Normal
2026-02-13 19:24:50.011713,Tokyo-2176,26,17,Normal
2026-02-13 19:24:51.011713,Tokyo-2176,-23,34,Normal
2026-02-13 19:24:52.011713,Tokyo-2176,28,2,Normal
2026-02-13 19:24:53.011713,Tokyo-2176,1,2,Normal
2026-02-13 19:24:54.011713,Tokyo-2176,23,0,Normal
2026-02-13 19:24:55.011713,Tokyo-2176,-25,41,Normal
2026-02-13 19:24:56.011713,Tokyo-2176,-7,97,Normal
2026-02-13 19:24:57.011713,Tokyo-2176,12,75,Normal
2026-02-13 19:24:58.011713,Tokyo-2176,-19,17,Normal
2026-02-13 19:24:59.011713,Tokyo-2176,39,73,Normal
2026-02-13 19:25:00.011713,Tokyo-2176,-21,100,Normal
2026-02-13 19:25:01.011713,Tokyo-2176,-20,14,Normal
2026-02-13 19:25:02.011713,Tokyo-2176,17,82,Normal
2026-02-13 19:25:03.011713,Tokyo-2176,-24,30,Normal
2026-02-13 19:25:04.011713,Tokyo-2176,24,67,Normal
2026-02-13 19:25:05.011713,Tokyo-2176,24,68,Normal
2026-02-13 19:25:06.011713,Tokyo-2176,9,53,Normal
2026-02-13 19:25:07.011713,Tokyo-2176,26,44,Normal
2026-02-13 19:25:08.011713,Tokyo-2176,47,49,Normal
2026-02-13 19:25:09.011713,Tokyo-2176,32,63,Normal
2026-02-13 19:25:10.011713,Tokyo-2176,-25,7,Normal
2026-02-13 19:25:11.011713,Tokyo-2176,-18,83,Normal
2026-02-13 19:25:12.011713,Tokyo-2176,-9,81,Normal
2026-02-13 19:25:13.011713,Tokyo-2176,32,36,Normal
2026-02-13 19:25:14.011713,Tokyo-2176,12,18,Normal
2026-02-13 19:25:15.011713,Tokyo-2176,11,74,Normal
2026-02-13 19:25:16.011713,Tokyo-2176,43,62,Normal
2026-02-13 19:25:17.011713,Tokyo-2176,-20,99,Normal
2026-02-13 19:25:18.011713,Tokyo-2176,43,3,Normal
2026-02-13 19:25:19.011713,Tokyo-2176,21,67,Normal
2026-02-13 19:25:20.011713,Tokyo-2176,40,45,Normal
2026-02-13 19:25:21.011713,Tokyo-2176,14,21,Normal
2026-02-13 19:25:22.011713,Tokyo-2176,-28,73,Normal
2026-02-13 19:25:23.011713,Tokyo-2176,49,66,Normal
2026-02-13 19:25:24.011713,Tokyo-2176,40,70,Normal
2026-02-13 19:25:25.011713,Tokyo-2176,41,12,Normal
2026-02-13 19:25:26.011713,Tokyo-2176,5,99,Normal
2026-02-13 19:25:27.011713,Tokyo-2176,21,90,Normal
2026-02-13 19:25:28.011713,Tokyo-2176,17,91,Normal
2026-02-13 19:25:29.011713,Tokyo-2176,3,9,Normal
2026-02-13 19:25:30.011713,Tokyo-2176,-7,53,Normal
2026-02-13 19:25:31.011713,Tokyo-2176,26,34,Normal
2026-02-13 19:25:32.011713,Tokyo-2176,26,85,Normal
2026-02-13 19:25:33.011713,Tokyo-2176,46,24,Normal
2026-02-13 19:25:34.011713,Tokyo-2176,42,63,Normal
2026-02-13 19:25:35.011713,Tokyo-2176,12,98,Normal
2026-02-13 19:25:36.011713,Tokyo-2176,32,31,Normal
2026-02-13 19:25:37.011713,Tokyo-2176,35,9,Normal
2026-02-13 19:25:38.011713,Tokyo-2176,47,10,Normal
2026-02-13 19:25:39.011713,Tokyo-2176,37,26,Normal
2026-02-13 19:25:40.011713,Tokyo-2176,-28,84,Normal
2026-02-13 19:25:41.011713,Tokyo-2176,44,68,Normal
2026-02-13 19:25:42.011713,Tokyo-2176,-5,9,Normal
2026-02-13 19:25:43.011713,Tokyo-2176,-27,77,Normal
2026-02-13 19:25:44.011713,Tokyo-2176,12,85,Normal
2026-02-13 19:25:45.011713,Tokyo-2176,-30,87,Normal
2026-02-13 19:25:46.011713,Tokyo-2176,46,57,Normal
2026-02-13 19:25:47.011713,Tokyo-2176,11,79,Normal
2026-02-13 19:25:48.011713,Tokyo-2176,-13,81,Normal
2026-02-13 19:25:49.011713,Tokyo-2176,-29,64,Normal
2026-02-13 19:25:50.011713,Tokyo-2176,33,26,Normal
2026-02-13 19:25:51.011713,Tokyo-2176,20,91,Normal
2026-02-13 19:25:52.011713,Tokyo-2176,-14,70,Normal
2026-02-13 19:25:53.011713,Tokyo-2176,28,6,Normal
2026-02-13 19:25:54.011713,Tokyo-2176,25,99,Normal
2026-02-13 19:25:55.011713,Tokyo-2176,-14,47,Normal
2026-02-13 19:25:56.011713,Tokyo-2176,27,6,Normal
2026-02-13 19:25:57.011713,Tokyo-2176,29,77,Normal
2026-02-13 19:25:58.011713,Tokyo-2176,21,52,Normal
2026-02-13 19:25:59.011713,Tokyo-2176,-20,71,Normal
2026-02-13 19:26:00.011713,Tokyo-2176,-7,70,Normal
2026-02-13 19:26:01.011713,Tokyo-2176,31,29,Normal
2026-02-13 19:26:02.011713,Tokyo-2176,8,3,Normal
2026-02-13 19:26:03.011713,Tokyo-2176,5,52,Normal
2026-02-13 19:26:04.011713,Tokyo-2176,10,40,Normal
2026-02-13 19:26:05.011713,Tokyo-2176,40,75,Normal
2026-02-13 19:26:06.011713,Tokyo-2176,21,89,Normal
2026-02-13 19:26:07.011713,Tokyo-2176,47,75,Normal
2026-02-13 19:26:08.011713,Tokyo-2176,12,80,Normal
2026-02-13 19:26:09.011713,Tokyo-2176,2,20,Normal
2026-02-13 19:26:10.011713,Tokyo-2176,-26,26,Normal
2026-02-13 19:26:11.011713,Tokyo-2176,23,20,Normal
2026-02-13 19:26:12.011713,Tokyo-2176,10,35,Normal
2026-02-13 19:26:13.011713,Tokyo-2176,-11,63,Normal
2026-02-13 19:26:14.011713,Tokyo-2176,28,97,Normal
2026-02-13 19:26:15.011713,Tokyo-2176,3,47,Normal
2026-02-13 19:26:16.011713,Tokyo-2176,-12,43,Normal
2026-02-13 19:26:17.011713,Tokyo-2176,-17,7,Normal
2026-02-13 19:26:18.011713,Tokyo-2176,1,95,Normal
2026-02-13 19:26:19.011713,Tokyo-2176,6,8,Normal
2026-02-13 19:26:20.011713,Tokyo-2176,10,83,Normal
2026-02-13 19:26:21.011713,Tokyo-2176,12,99,Normal
2026-02-13 19:26:22.011713,Tokyo-2176,46,97,Normal
2026-02-13 19:26:23.011713,Tokyo-2176,23,100,Normal
2026-02-13 19:26:24.011713,Tokyo-2176,8,22,Normal
2026-02-13 19:26:25.011713,Tokyo-2176,-19,9,Normal
2026-02-13 19:26:26.011713,Tokyo-2176,34,87,Normal
2026-02-13 19:26:27.011713,Tokyo-2176,-28,11,Normal
2026-02-13 19:26:28.011713,Tokyo-2176,21,99,Normal
2026-02-13 19:26:29.011713,Tokyo-2176,13,37,Normal
2026-02-13 19:26:30.011713,Tokyo-2176,21,61,Normal
2026-02-13 19:26:31.011713,Tokyo-2176,29,94,Normal
2026-02-13 19:26:32.011713,Tokyo-2176,16,14,Normal
2026-02-13 19:26:33.011713,Tokyo-2176,43,97,Normal
2026-02-13 19:26:34.011713,Tokyo-2176,7,54,Normal
2026-02-13 19:26:35.011713,Tokyo-2176,0,83,Normal
2026-02-13 19:26:36.011713,Tokyo-2176,11,52,Normal
2026-02-13 19:26:37.011713,Tokyo-2176,21,91,Normal
2026-02-13 19:26:38.011713,Tokyo-2176,32,49,Normal
2026-02-13 19:26:39.011713,Tokyo-2176,-7,69,Normal
2026-02-13 19:26:40.011713,Tokyo-2176,-9,87,Normal
2026-02-13 19:26:41.011713,Tokyo-2176,0,2,Normal
2026-02-13 19:26:42.011713,Tokyo-2176,-7,95,Normal
2026-02-13 19:26:43.011713,Tokyo-2176,-17,83,Normal
2026-02-13 19:26:44.011713,Tokyo-2176,31,72,Normal
2026-02-13 19:26:45.011713,Tokyo-2176,-23,23,Normal
2026-02-13 19:26:46.011713,Tokyo-2176,26,20,Normal
2026-02-13 19:26:47.011713,Tokyo-2176,32,38,Normal
2026-02-13 19:26:48.011713,Tokyo-2176,25,62,Normal
2026-02-13 19:26:49.011713,Tokyo-2176,33,8,Normal
2026-02-13 19:26:50.011713,Tokyo-2176,27,69,Normal
2026-02-13 19:26:51.011713,Tokyo-2176,33,5,Normal
2026-02-13 19:26:52.011713,Tokyo-2176,17,72,Normal
2026-02-13 19:26:53.011713,Tokyo-2176,40,97,Normal
2026-02-13 19:26:54.011713,Tokyo-2176,45,41,Normal
2026-02-13 19:26:55.011713,Tokyo-2176,5,29,Normal
2026-02-13 19:26:56.011713,Tokyo-2176,38,44,Normal
2026-02-13 19:26:57.011713,Tokyo-2176,31,2,Normal
2026-02-13 19:26:58.011713,Tokyo-2176,34,87,Normal
2026-02-13 19:26:59.011713,Tokyo-2176,-24,3,Normal
2026-02-13 19:27:00.011713,Tokyo-2176,-27,36,Normal
2026-02-13 19:27:01.011713,Tokyo-2176,30,21,Normal
2026-02-13 19:27:02.011713,Tokyo-2176,-8,36,Normal
2026-02-13 19:27:03.011713,Tokyo-2176,-24,21,Normal
2026-02-13 19:27:04.011713,Tokyo-2176,40,11,Normal
2026-02-13 19:27:05.011713,Tokyo-2176,4,67,Normal
2026-02-13 19:27:06.011713,Tokyo-2176,10,2,Normal
2026-02-13 19:27:07.011713,Tokyo-2176,22,39,Normal
2026-02-13 19:27:08.011713,Tokyo-2176,29,75,Normal
2026-02-13 19:27:09.011713,Tokyo-2176,20,60,Normal
2026-02-13 19:27:10.011713,Tokyo-2176,-17,50,Normal
2026-02-13 19:27:11.011713,Tokyo-2176,-19,87,Normal
2026-02-13 19:27:12.011713,Tokyo-2176,-28,8,Normal
2026-02-13 19:27:13.011713,Tokyo-2176,15,5,Normal
2026-02-13 19:27:14.011713,Tokyo-2176,-14,26,Normal
2026-02-13 19:27:15.011713,Tokyo-2176,17,23,Normal
2026-02-13 19:27:16.011713,Tokyo-2176,-5,5,Normal
2026-02-13 19:27:17.011713,Tokyo-2176,12,63,Normal
2026-02-13 19:27:18.011713,Tokyo-2176,47,85,Normal
2026-02-13 19:27:19.011713,Tokyo-2176,-28,71,Normal
2026-02-13 19:27:20.011713,Tokyo-2176,-22,74,Normal
2026-02-13 19:27:21.011713,Tokyo-2176,39,61,Normal
2026-02-13 19:27:22.011713,Tokyo-2176,-11,37,Normal
2026-02-13 19:27:23.011713,Tokyo-2176,45,62,Normal
2026-02-13 19:27:24.011713,Tokyo-2176,10,75,Normal
2026-02-13 19:27:25.011713,Tokyo-2176,31,72,Normal
2026-02-13 19:27:26.011713,Tokyo-2176,13,79,Normal
2026-02-13 19:27:27.011713,Tokyo-2176,37,41,Normal
2026-02-13 19:27:28.011713,Tokyo-2176,24,50,Normal
2026-02-13 19:27:29.011713,Tokyo-2176,23,66,Normal
2026-02-13 19:27:30.011713,Tokyo-2176,-22,4,Normal
2026-02-13 19:27:31.011713,Tokyo-2176,41,11,Normal
2026-02-13 19:27:32.011713,Tokyo-2176,2,12,Normal
2026-02-13 19:27:33.011713,Tokyo-2176,7,12,Normal
2026-02-13 19:27:34.011713,Tokyo-2176,23,41,Normal
2026-02-13 19:27:35.011713,Tokyo-2176,1,4,Normal
2026-02-13 19:27:36.011713,Tokyo-2176,39,21,Normal
2026-02-13 19:27:37.011713,Tokyo-2176,-29,36,Normal
2026-02-13 19:27:38.011713,Tokyo-2176,-13,23,Normal
2026-02-13 19:27:39.011713,Tokyo-2176,16,46,Normal
2026-02-13 19:27:40.011713,Tokyo-2176,-14,43,Normal
2026-02-13 19:27:41.011713,Tokyo-2176,18,23,Normal
2026-02-13 19:27:42.011713,Tokyo-2176,37,8,Normal
2026-02-13 19:27:43.011713,Tokyo-2176,-6,44,Normal
2026-02-13 19:27:44.011713,Tokyo-2176,-14,81,Normal
2026-02-13 19:27:45.011713,Tokyo-2176,38,82,Normal
2026-02-13 19:27:46.011713,Tokyo-2176,17,90,Normal
2026-02-13 19:27:47.011713,Tokyo-2176,9,27,Normal
2026-02-13 19:27:48.011713,Tokyo-2176,-3,79,Normal
2026-02-13 19:27:49.011713,Tokyo-2176,18,7,Normal
2026-02-13 19:27:50.011713,Tokyo-2176,16,36,Normal
2026-02-13 19:27:51.011713,Tokyo-2176,-2,64,Normal
2026-02-13 19:27:52.011713,Tokyo-2176,-9,8,Normal
2026-02-13 19:27:53.011713,Tokyo-2176,34,95,Normal
2026-02-13 19:27:54.011713,Tokyo-2176,43,7,Normal
2026-02-13 19:27:55.011713,Tokyo-2176,43,91,Normal
2026-02-13 19:27:56.011713,Tokyo-2176,35,63,Normal
2026-02-13 19:27:57.011713,Tokyo-2176,48,27,Normal
2026-02-13 19:27:58.011713,Tokyo-2176,10,51,Normal
2026-02-13 19:27:59.011713,Tokyo-2176,-26,12,Normal
2026-02-13 19:28:00.011713,Tokyo-2176,-21,0,Normal
2026-02-13 19:28:01.011713,Tokyo-2176,8,95,Normal
2026-02-13 19:28:02.011713,Tokyo-2176,25,76,Normal
2026-02-13 19:28:03.011713,Tokyo-2176,14,91,Normal
2026-02-13 19:28:04.011713,Tokyo-2176,47,85,Normal
2026-02-13 19:28:05.011713,Tokyo-2176,35,14,Normal
2026-02-13 19:28:06.011713,Tokyo-2176,-19,69,Normal
2026-02-13 19:28:07.011713,Tokyo-2176,-27,46,Normal
2026-02-13 19:28:08.011713,Tokyo-2176,49,20,Normal
2026-02-13 19:28:09.011713,Tokyo-2176,8,40,Normal
2026-02-13 19:28:10.011713,Tokyo-2176,31,21,Normal
2026-02-13 19:28:11.011713,Tokyo-2176,-23,42,Normal
2026-02-13 19:28:12.011713,Tokyo-2176,-26,21,Normal
2026-02-13 19:28:13.011713,Tokyo-2176,-27,37,Normal
2026-02-13 19:28:14.011713,Tokyo-2176,-7,67,Normal
2026-02-13 19:28:15.011713,Tokyo-2176,26,41,Normal
2026-02-13 19:28:16.011713,Tokyo-2176,-3,82,Normal
2026-02-13 19:28:17.011713,Tokyo-2176,10,55,Normal
2026-02-13 19:28:18.011713,Tokyo-2176,11,55,Normal
2026-02-13 19:28:19.011713,Tokyo-2176,-24,90,Normal
2026-02-13 19:28:20.011713,Tokyo-2176,0,43,Normal
2026-02-13 19:28:21.011713,Tokyo-2176,29,98,Normal
2026-02-13 19:28:22.011713,Tokyo-2176,-26,48,Normal
2026-02-13 19:28:23.011713,Tokyo-2176,38,27,Normal
2026-02-13 19:28:24.011713,Tokyo-2176,36,14,Normal
2026-02-13 19:28:25.011713,Tokyo-2176,11,22,Normal
2026-02-13 19:28:26.011713,Tokyo-2176,-28,100,Normal
2026-02-13 19:28:27.011713,Tokyo-2176,-3,96,Normal
2026-02-13 19:28:28.011713,Tokyo-2176,1,1,Normal
2026-02-13 19:28:29.011713,Tokyo-2176,24,55,Normal
2026-02-13 19:28:30.011713,Tokyo-2176,1,37,Normal
2026-02-13 19:28:31.011713,Tokyo-2176,-2,6,Normal
2026-02-13 19:28:32.011713,Tokyo-2176,11,89,Normal
2026-02-13 19:28:33.011713,Tokyo-2176,39,69,Normal
2026-02-13 19:28:34.011713,Tokyo-2176,-19,34,Normal
2026-02-13 19:28:35.011713,Tokyo-2176,35,89,Normal
2026-02-13 19:28:36.011713,Tokyo-2176,15,73,Normal
2026-02-13 19:28:37.011713,Tokyo-2176,36,22,Normal
2026-02-13 19:28:38.011713,Tokyo-2176,47,31,Normal
2026-02-13 19:28:39.011713,Tokyo-2176,16,71,Normal
2026-02-13 19:28:40.011713,Tokyo-2176,-12,3,Normal
2026-02-13 19:28:41.011713,Tokyo-2176,39,92,Normal
2026-02-13 19:28:42.011713,Tokyo-2176,49,36,Normal
2026-02-13 19:28:43.011713,Tokyo-2176,21,95,Normal
2026-02-13 19:28:44.011713,Tokyo-2176,-11,74,Normal
2026-02-13 19:28:45.011713,Tokyo-2176,1,24,Normal
2026-02-13 19:28:46.011713,Tokyo-2176,49,48,Normal
2026-02-13 19:28:47.011713,Tokyo-2176,40,93,Normal
2026-02-13 19:28:48.011713,Tokyo-2176,-28,52,Normal
2026-02-13 19:28:49.011713,Tokyo-2176,-20,67,Normal
2026-02-13 19:28:50.011713,Tokyo-2176,-15,47,Normal
2026-02-13 19:28:51.011713,Tokyo-2176,-9,28,Normal
2026-02-13 19:28:52.011713,Tokyo-2176,29,29,Normal
2026-02-13 19:28:53.011713,Tokyo-2176,-29,95,Normal
2026-02-13 19:28:54.011713,Tokyo-2176,-10,25,Normal
2026-02-13 19:28:55.011713,Tokyo-2176,12,68,Normal
2026-02-13 19:28:56.011713,Tokyo-2176,-29,16,Normal
2026-02-13 19:28:57.011713,Tokyo-2176,-5,42,Normal
2026-02-13 19:28:58.011713,Tokyo-2176,42,95,Normal
2026-02-13 19:28:59.011713,Tokyo-2176,46,90,Normal
2026-02-13 19:29:00.011713,Tokyo-2176,-16,56,Normal
2026-02-13 19:29:01.011713,Tokyo-2176,6,92,Normal
2026-02-13 19:29:02.011713,Tokyo-2176,25,75,Normal
2026-02-13 19:29:03.011713,Tokyo-2176,48,98,Normal
2026-02-13 19:29:04.011713,Tokyo-2176,47,39,Normal
2026-02-13 19:29:05.011713,Tokyo-2176,-30,41,Normal
2026-02-13 19:29:06.011713,Tokyo-2176,19,30,Normal
2026-02-13 19:29:07.011713,Tokyo-2176,23,65,Normal
2026-02-13 19:29:08.011713,Tokyo-2176,-8,84,Normal
2026-02-13 19:29:09.011713,Tokyo-2176,0,12,Normal
2026-02-13 19:29:10.011713,Tokyo-2176,38,49,Normal
2026-02-13 19:29:11.011713,Tokyo-2176,17,88,Normal
2026-02-13 19:29:12.011713,Tokyo-2176,14,57,Normal
2026-02-13 19:29:13.011713,Tokyo-2176,-18,19,Normal
2026-02-13 19:29:14.011713,Tokyo-2176,10,47,Normal
2026-02-13 19:29:15.011713,Tokyo-2176,-4,85,Normal
2026-02-13 19:29:16.011713,Tokyo-2176,37,94,Normal
2026-02-13 19:29:17.011713,Tokyo-2176,24,2,Normal
2026-02-13 19:29:18.011713,Tokyo-2176,26,54,Normal
2026-02-13 19:29:19.011713,Tokyo-2176,0,35,Normal
2026-02-13 19:29:20.011713,Tokyo-2176,16,83,Normal
2026-02-13 19:29:21.011713,Tokyo-2176,46,52,Normal
2026-02-13 19:29:22.011713,Tokyo-2176,39,92,Normal
2026-02-13 19:29:23.011713,Tokyo-2176,-1,80,Normal
2026-02-13 19:29:24.011713,Tokyo-2176,8,95,Normal
2026-02-13 19:29:25.011713,Tokyo-2176,22,24,Normal
2026-02-13 19:29:26.011713,Tokyo-2176,46,21,Normal
2026-02-13 19:29:27.011713,Tokyo-2176,27,86,Normal
2026-02-13 19:29:28.011713,Tokyo-2176,20,32,Normal
2026-02-13 19:29:29.011713,Tokyo-2176,31,41,Normal
2026-02-13 19:29:30.011713,Tokyo-2176,-30,82,Normal
2026-02-13 19:29:31.011713,Tokyo-2176,46,29,Normal
2026-02-13 19:29:32.011713,Tokyo-2176,15,1,Normal
2026-02-13 19:29:33.011713,Tokyo-2176,8,36,Normal
2026-02-13 19:29:34.011713,Tokyo-2176,14,33,Normal
2026-02-13 19:29:35.011713,Tokyo-2176,8,86,Normal
2026-02-13 19:29:36.011713,Tokyo-2176,0,95,Normal
2026-02-13 19:29:37.011713,Tokyo-2176,43,70,Normal
2026-02-13 19:29:38.011713,Tokyo-2176,8,45,Normal
2026-02-13 19:29:39.011713,Tokyo-2176,-3,76,Normal
2026-02-13 19:29:40.011713,Tokyo-2176,23,76,Normal
2026-02-13 19:29:41.011713,Tokyo-2176,-5,18,Normal
2026-02-13 19:29:42.011713,Tokyo-2176,27,87,Normal
2026-02-13 19:29:43.011713,Tokyo-2176,38,36,Normal
2026-02-13 19:29:44.011713,Tokyo-2176,-23,0,Normal
2026-02-13 19:29:45.011713,Tokyo-2176,21,13,Normal
2026-02-13 19:29:46.011713,Tokyo-2176,36,0,Normal
2026-02-13 19:29:47.011713,Tokyo-2176,42,84,Normal
2026-02-13 19:29:48.011713,Tokyo-2176,26,77,Normal
2026-02-13 19:29:49.011713,Tokyo-2176,4,29,Normal
2026-02-13 19:29:50.011713,Tokyo-2176,-16,70,Normal
2026-02-13 19:29:51.011713,Tokyo-2176,-18,93,Normal
2026-02-13 19:29:52.011713,Tokyo-2176,46,80,Normal
2026-02-13 19:29:53.011713,Tokyo-2176,30,41,Normal
2026-02-13 19:29:54.011713,Tokyo-2176,31,1,Normal
2026-02-13 19:29:55.011713,Tokyo-2176,-14,27,Normal
2026-02-13 19:29:56.011713,Tokyo-2176,46,68,Normal
2026-02-13 19:29:57.011713,Tokyo-2176,19,30,Normal
2026-02-13 19:29:58.011713,Tokyo-2176,31,74,Normal
2026-02-13 19:29:59.011713,Tokyo-2176,-28,40,Normal
2026-02-13 19:30:00.011713,Tokyo-2176,-3,73,Normal
2026-02-13 19:30:01.011713,Tokyo-2176,3,48,Normal
2026-02-13 19:30:02.011713,Tokyo-2176,43,98,Normal
2026-02-13 19:30:03.011713,Tokyo-2176,-13,65,Normal
2026-02-13 19:30:04.011713,Tokyo-2176,-20,31,Normal
2026-02-13 19:30:05.011713,Tokyo-2176,47,28,Normal
2026-02-13 19:30:06.011713,Tokyo-2176,36,0,Normal
2026-02-13 19:30:07.011713,Tokyo-2176,-27,62,Normal
2026-02-13 19:30:08.011713,Tokyo-2176,48,64,Normal
2026-02-13 19:30:09.011713,Tokyo-2176,39,18,Normal
2026-02-13 19:30:10.011713,Tokyo-2176,50,10,Normal
2026-02-13 19:30:11.011713,Tokyo-2176,40,26,Normal
2026-02-13 19:30:12.011713,Tokyo-2176,-21,83,Normal
2026-02-13 19:30:13.011713,Tokyo-2176,42,66,Normal
2026-02-13 19:30:14.011713,Tokyo-2176,30,49,Normal
2026-02-13 19:30:15.011713,Tokyo-2176,3,51,Normal
