timestamp,station_id,temp,humid,condition
2026-02-08 14:05:31.139136,London-95c0,-28,72,Normal
2026-02-08 14:05:32.139136,London-95c0,27,52,Normal
2026-02-08 14:05:33.139136,London-95c0,39,74,Normal
2026-02-08 14:05:34.139136,London-95c0,46,41,Normal
2026-02-08 14:05:35.139136,London-95c0,11,89,Normal
2026-02-08 14:05:36.139136,London-95c0,-25,62,Normal
2026-02-08 14:05:37.139136,London-95c0,-14,93,Normal
2026-02-08 14:05:38.139136,London-95c0,15,71,Normal
2026-02-08 14:05:39.139136,London-95c0,1,6,Normal
2026-02-08 14:05:40.139136,London-95c0,42,0,Normal
2026-02-08 14:05:41.139136,London-95c0,13,84,Normal
2026-02-08 14:05:42.139136,London-95c0,43,88,Normal
2026-02-08 14:05:43.139136,London-95c0,23,75,Normal
2026-02-08 14:05:44.139136,London-95c0,-12,97,Normal
2026-02-08 14:05:45.139136,London-95c0,-16,26,Normal
2026-02-08 14:05:46.139136,London-95c0,22,39,Normal
2026-02-08 14:05:47.139136,London-95c0,-2,14,Normal
2026-02-08 14:05:48.139136,London-95c0,25,32,Normal
2026-02-08 14:05:49.139136,London-95c0,-2,38,Normal
2026-02-08 14:05:50.139136,London-95c0,7,72,Normal
2026-02-08 14:05:51.139136,London-95c0,-23,14,Normal
2026-02-08 14:05:52.139136,London-95c0,19,1,Normal
2026-02-08 14:05:53.139136,London-95c0,35,3,Normal
2026-02-08 14:05:54.139136,London-95c0,20,72,Normal
2026-02-08 14:05:55.139136,London-95c0,29,20,Normal
2026-02-08 14:05:56.139136,London-95c0,-26,100,Normal
2026-02-08 14:05:57.139136,London-95c0,49,1,Normal
2026-02-08 14:05:58.139136,London-95c0,-3,57,Normal
2026-02-08 14:05:59.139136,London-95c0,-24,83,Normal
2026-02-08 14:06:00.139136,London-95c0,48,63,Normal
2026-02-08 14:06:01.139136,London-95c0,8,5,Normal
2026-02-08 14:06:02.139136,London-95c0,-24,20,Normal
2026-02-08 14:06:03.139136,London-95c0,-17,66,Normal
2026-02-08 14:06:04.139136,London-95c0,-7,0,Normal
2026-02-08 14:06:05.139136,London-95c0,2,1,Normal
2026-02-08 14:06:06.139136,London-95c0,-2,43,Normal
2026-02-08 14:06:07.139136,London-95c0,-27,10,Normal
2026-02-08 14:06:08.139136,London-95c0,23,57,Normal
2026-02-08 14:06:09.139136,London-95c0,-15,39,Normal
2026-02-08 14:06:10.139136,London-95c0,-19,78,Normal
2026-02-08 14:06:11.139136,London-95c0,7,19,Normal
2026-02-08 14:06:12.139136,London-95c0,-4,50,Normal
2026-02-08 14:06:13.139136,London-95c0,-28,47,Normal
2026-02-08 14:06:14.139136,London-95c0,-9,70,Normal
2026-02-08 14:06:15.139136,London-95c0,-26,75,Normal
2026-02-08 14:06:16.139136,London-95c0,22,80,Normal
2026-02-08 14:06:17.139136,London-95c0,47,6,Normal
2026-02-08 14:06:18.139136,London-95c0,7,55,Normal
2026-02-08 14:06:19.139136,London-95c0,37,81,Normal
2026-02-08 14:06:20.139136,London-95c0,-2,62,Normal
2026-02-08 14:06:21.139136,London-95c0,8,96,Normal
2026-02-08 14:06:22.139136,London-95c0,18,33,Normal
2026-02-08 14:06:23.139136,London-95c0,15,90,Normal
2026-02-08 14:06:24.139136,London-95c0,7,55,Normal
2026-02-08 14:06:25.139136,London-95c0,-3,45,Normal
2026-02-08 14:06:26.139136,London-95c0,-8,87,Normal
2026-02-08 14:06:27.139136,London-95c0,38,20,Normal
2026-02-08 14:06:28.139136,London-95c0,14,1,Normal
2026-02-08 14:06:29.139136,London-95c0,37,44,Normal
2026-02-08 14:06:30.139136,London-95c0,-19,34,Normal
2026-02-08 14:06:31.139136,London-95c0,43,68,Normal
2026-02-08 14:06:32.139136,London-95c0,21,89,Normal
2026-02-08 14:06:33.139136,London-95c0,-24,100,Normal
2026-02-08 14:06:34.139136,London-95c0,-19,31,Normal
2026-02-08 14:06:35.139136,London-95c0,13,32,Normal
2026-02-08 14:06:36.139136,London-95c0,43,27,Normal
2026-02-08 14:06:37.139136,London-95c0,50,5,Normal
2026-02-08 14:06:38.139136,London-95c0,45,68,Normal
2026-02-08 14:06:39.139136,London-95c0,15,2,Normal
2026-02-08 14:06:40.139136,London-95c0,-27,81,Normal
2026-02-08 14:06:41.139136,London-95c0,18,86,Normal
2026-02-08 14:06:42.139136,London-95c0,-12,19,Normal
2026-02-08 14:06:43.139136,London-95c0,42,27,Normal
2026-02-08 14:06:44.139136,London-95c0,47,67,Normal
2026-02-08 14:06:45.139136,London-95c0,25,22,Normal
2026-02-08 14:06:46.139136,London-95c0,-1,81,Normal
2026-02-08 14:06:47.139136,London-95c0,-3,98,Normal
2026-02-08 14:06:48.139136,London-95c0,50,67,Normal
2026-02-08 14:06:49.139136,London-95c0,29,16,Normal
2026-02-08 14:06:50.139136,London-95c0,49,69,Normal
2026-02-08 14:06:51.139136,London-95c0,40,29,Normal
2026-02-08 14:06:52.139136,London-95c0,13,11,Normal
2026-02-08 14:06:53.139136,London-95c0,43,36,Normal
2026-02-08 14:06:54.139136,London-95c0,14,93,Normal
2026-02-08 14:06:55.139136,London-95c0,-26,66,Normal
2026-02-08 14:06:56.139136,London-95c0,-20,13,Normal
2026-02-08 14:06:57.139136,London-95c0,3,49,Normal
2026-02-08 14:06:58.139136,London-95c0,39,12,Normal
2026-02-08 14:06:59.139136,London-95c0,-18,56,Normal
2026-02-08 14:07:00.139136,London-95c0,43,60,Normal
2026-02-08 14:07:01.139136,London-95c0,27,69,Normal
2026-02-08 14:07:02.139136,London-95c0,25,71,Normal
2026-02-08 14:07:03.139136,London-95c0,-26,58,Normal
2026-02-08 14:07:04.139136,London-95c0,-8,57,Normal
2026-02-08 14:07:05.139136,London-95c0,30,33,Normal
2026-02-08 14:07:06.139136,London-95c0,40,86,Normal
2026-02-08 14:07:07.139136,London-95c0,50,31,Normal
2026-02-08 14:07:08.139136,London-95c0,50,81,Normal
2026-02-08 14:07:09.139136,London-95c0,35,93,Normal
2026-02-08 14:07:10.139136,London-95c0,-12,35,Normal
2026-02-08 14:07:11.139136,London-95c0,-6,45,Normal
2026-02-08 14:07:12.139136,London-95c0,35,19,Normal
2026-02-08 14:07:13.139136,London-95c0,-23,37,Normal
2026-02-08 14:07:14.139136,London-95c0,-17,16,Normal
2026-02-08 14:07:15.139136,London-95c0,-22,6,Normal
2026-02-08 14:07:16.139136,London-95c0,48,91,Normal
2026-02-08 14:07:17.139136,London-95c0,19,66,Normal
2026-02-08 14:07:18.139136,London-95c0,40,95,Normal
2026-02-08 14:07:19.139136,London-95c0,15,1,Normal
2026-02-08 14:07:20.139136,London-95c0,-29,6,Normal
2026-02-08 14:07:21.139136,London-95c0,-10,95,Normal
2026-02-08 14:07:22.139136,London-95c0,-11,2,Normal
2026-02-08 14:07:23.139136,London-95c0,-30,70,Normal
2026-02-08 14:07:24.139136,London-95c0,-28,74,Normal
2026-02-08 14:07:25.139136,London-95c0,-13,21,Normal
2026-02-08 14:07:26.139136,London-95c0,44,21,Normal
2026-02-08 14:07:27.139136,London-95c0,-14,99,Normal
2026-02-08 14:07:28.139136,London-95c0,-23,73,Normal
2026-02-08 14:07:29.139136,London-95c0,-12,55,Normal
2026-02-08 14:07:30.139136,London-95c0,42,14,Normal
2026-02-08 14:07:31.139136,London-95c0,39,5,Normal
2026-02-08 14:07:32.139136,London-95c0,-12,83,Normal
2026-02-08 14:07:33.139136,London-95c0,33,83,Normal
2026-02-08 14:07:34.139136,London-95c0,-30,97,Normal
2026-02-08 14:07:35.139136,London-95c0,-13,32,Normal
2026-02-08 14:07:36.139136,London-95c0,-17,79,Normal
2026-02-08 14:07:37.139136,London-95c0,39,98,Normal
2026-02-08 14:07:38.139136,London-95c0,-28,75,Normal
2026-02-08 14:07:39.139136,London-95c0,-24,64,Normal
2026-02-08 14:07:40.139136,London-95c0,21,20,Normal
2026-02-08 14:07:41.139136,London-95c0,34,46,Normal
2026-02-08 14:07:42.139136,London-95c0,-8,11,Normal
2026-02-08 14:07:43.139136,London-95c0,-20,57,Normal
2026-02-08 14:07:44.139136,London-95c0,6,79,Normal
2026-02-08 14:07:45.139136,London-95c0,-7,92,Normal
2026-02-08 14:07:46.139136,London-95c0,-15,12,Normal
2026-02-08 14:07:47.139136,London-95c0,26,67,Normal
2026-02-08 14:07:48.139136,London-95c0,47,41,Normal
2026-02-08 14:07:49.139136,London-95c0,46,85,Normal
2026-02-08 14:07:50.139136,London-95c0,-24,100,Normal
2026-02-08 14:07:51.139136,London-95c0,5,79,Normal
2026-02-08 14:07:52.139136,London-95c0,20,17,Normal
2026-02-08 14:07:53.139136,London-95c0,12,28,Normal
2026-02-08 14:07:54.139136,London-95c0,-26,97,Normal
2026-02-08 14:07:55.139136,London-95c0,16,37,Normal
2026-02-08 14:07:56.139136,London-95c0,17,33,Normal
2026-02-08 14:07:57.139136,London-95c0,-12,87,Normal
2026-02-08 14:07:58.139136,London-95c0,31,66,Normal
2026-02-08 14:07:59.139136,London-95c0,-23,51,Normal
2026-02-08 14:08:00.139136,London-95c0,33,51,Normal
2026-02-08 14:08:01.139136,London-95c0,-1,88,Normal
2026-02-08 14:08:02.139136,London-95c0,31,90,Normal
2026-02-08 14:08:03.139136,London-95c0,41,99,Normal
2026-02-08 14:08:04.139136,London-95c0,-18,30,Normal
2026-02-08 14:08:05.139136,London-95c0,32,18,Normal
2026-02-08 14:08:06.139136,London-95c0,15,31,Normal
2026-02-08 14:08:07.139136,London-95c0,21,65,Normal
2026-02-08 14:08:08.139136,London-95c0,9,9,Normal
2026-02-08 14:08:09.139136,London-95c0,-14,63,Normal
2026-02-08 14:08:10.139136,London-95c0,1,69,Normal
2026-02-08 14:08:11.139136,London-95c0,-6,77,Normal
2026-02-08 14:08:12.139136,London-95c0,27,43,Normal
2026-02-08 14:08:13.139136,London-95c0,-18,81,Normal
2026-02-08 14:08:14.139136,London-95c0,38,16,Normal
2026-02-08 14:08:15.139136,London-95c0,42,25,Normal
2026-02-08 14:08:16.139136,London-95c0,-22,79,Normal
2026-02-08 14:08:17.139136,London-95c0,33,88,Normal
2026-02-08 14:08:18.139136,London-95c0,1,60,Normal
2026-02-08 14:08:19.139136,London-95c0,41,3,Normal
2026-02-08 14:08:20.139136,London-95c0,-22,43,Normal
2026-02-08 14:08:21.139136,London-95c0,27,80,Normal
2026-02-08 14:08:22.139136,London-95c0,18,53,Normal
2026-02-08 14:08:23.139136,London-95c0,-23,30,Normal
2026-02-08 14:08:24.139136,London-95c0,-29,52,Normal
2026-02-08 14:08:25.139136,London-95c0,15,90,Normal
2026-02-08 14:08:26.139136,London-95c0,12,83,Normal
2026-02-08 14:08:27.139136,London-95c0,40,23,Normal
2026-02-08 14:08:28.139136,London-95c0,17,47,Normal
2026-02-08 14:08:29.139136,London-95c0,33,90,Normal
2026-02-08 14:08:30.139136,London-95c0,-24,13,Normal
2026-02-08 14:08:31.139136,London-95c0,-4,62,Normal
2026-02-08 14:08:32.139136,London-95c0,40,16,Normal
2026-02-08 14:08:33.139136,London-95c0,31,26,Normal
2026-02-08 14:08:34.139136,London-95c0,-8,71,Normal
2026-02-08 14:08:35.139136,London-95c0,12,46,Normal
2026-02-08 14:08:36.139136,London-95c0,49,98,Normal
2026-02-08 14:08:37.139136,London-95c0,38,36,Normal
2026-02-08 14:08:38.139136,London-95c0,29,54,Normal
2026-02-08 14:08:39.139136,London-95c0,32,89,Normal
2026-02-08 14:08:40.139136,London-95c0,12,53,Normal
2026-02-08 14:08:41.139136,London-95c0,47,29,Normal
2026-02-08 14:08:42.139136,London-95c0,-14,77,Normal
2026-02-08 14:08:43.139136,London-95c0,-26,6,Normal
2026-02-08 14:08:44.139136,London-95c0,48,22,Normal
2026-02-08 14:08:45.139136,London-95c0,42,57,Normal
2026-02-08 14:08:46.139136,London-95c0,-9,38,Normal
2026-02-08 14:08:47.139136,London-95c0,43,88,Normal
2026-02-08 14:08:48.139136,London-95c0,45,56,Normal
2026-02-08 14:08:49.139136,London-95c0,40,12,Normal
2026-02-08 14:08:50.139136,London-95c0,3,1,Normal
2026-02-08 14:08:51.139136,London-95c0,3,36,Normal
2026-02-08 14:08:52.139136,London-95c0,2,19,Normal
2026-02-08 14:08:53.139136,London-95c0,20,60,Normal
2026-02-08 14:08:54.139136,London-95c0,46,48,Normal
2026-02-08 14:08:55.139136,London-95c0,48,3,Normal
2026-02-08 14:08:56.139136,London-95c0,-19,18,Normal
2026-02-08 14:08:57.139136,London-95c0,33,33,Normal
2026-02-08 14:08:58.139136,London-95c0,1,51,Normal
2026-02-08 14:08:59.139136,London-95c0,-26,33,Normal
2026-02-08 14:09:00.139136,London-95c0,38,0,Normal
2026-02-08 14:09:01.139136,London-95c0,23,24,Normal
2026-02-08 14:09:02.139136,London-95c0,2,23,Normal
2026-02-08 14:09:03.139136,London-95c0,25,54,Normal
2026-02-08 14:09:04.139136,London-95c0,-29,2,Normal
2026-02-08 14:09:05.139136,London-95c0,7,53,Normal
2026-02-08 14:09:06.139136,London-95c0,25,59,Normal
2026-02-08 14:09:07.139136,London-95c0,0,1,Normal
2026-02-08 14:09:08.139136,London-95c0,23,15,Normal
2026-02-08 14:09:09.139136,London-95c0,41,61,Normal
2026-02-08 14:09:10.139136,London-95c0,10,21,Normal
2026-02-08 14:09:11.139136,London-95c0,43,69,Normal
2026-02-08 14:09:12.139136,London-95c0,-21,98,Normal
2026-02-08 14:09:13.139136,London-95c0,26,36,Normal
2026-02-08 14:09:14.139136,London-95c0,-16,31,Normal
2026-02-08 14:09:15.139136,London-95c0,21,6,Normal
2026-02-08 14:09:16.139136,London-95c0,-21,66,Normal
2026-02-08 14:09:17.139136,London-95c0,35,29,Normal
2026-02-08 14:09:18.139136,London-95c0,-2,4,Normal
2026-02-08 14:09:19.139136,London-95c0,50,31,Normal
2026-02-08 14:09:20.139136,London-95c0,-26,15,Normal
2026-02-08 14:09:21.139136,London-95c0,45,4,Normal
2026-02-08 14:09:22.139136,London-95c0,8,21,Normal
2026-02-08 14:09:23.139136,London-95c0,19,76,Normal
2026-02-08 14:09:24.139136,London-95c0,9,73,Normal
2026-02-08 14:09:25.139136,London-95c0,-14,46,Normal
2026-02-08 14:09:26.139136,London-95c0,12,13,Normal
2026-02-08 14:09:27.139136,London-95c0,35,34,Normal
2026-02-08 14:09:28.139136,London-95c0,44,37,Normal
2026-02-08 14:09:29.139136,London-95c0,6,78,Normal
2026-02-08 14:09:30.139136,London-95c0,19,67,Normal
2026-02-08 14:09:31.139136,London-95c0,-9,12,Normal
2026-02-08 14:09:32.139136,London-95c0,7,39,Normal
2026-02-08 14:09:33.139136,London-95c0,-29,17,Normal
2026-02-08 14:09:34.139136,London-95c0,45,95,Normal
2026-02-08 14:09:35.139136,London-95c0,0,19,Normal
2026-02-08 14:09:36.139136,London-95c0,43,37,Normal
2026-02-08 14:09:37.139136,London-95c0,-7,25,Normal
2026-02-08 14:09:38.139136,London-95c0,43,73,Normal
2026-02-08 14:09:39.139136,London-95c0,29,68,Normal
2026-02-08 14:09:40.139136,London-95c0,-1,54,Normal
2026-02-08 14:09:41.139136,London-95c0,-6,84,Normal
2026-02-08 14:09:42.139136,London-95c0,-20,60,Normal
2026-02-08 14:09:43.139136,London-95c0,5,46,Normal
2026-02-08 14:09:44.139136,London-95c0,-12,83,Normal
2026-02-08 14:09:45.139136,London-95c0,7,99,Normal
2026-02-08 14:09:46.139136,London-95c0,37,30,Normal
2026-02-08 14:09:47.139136,London-95c0,20,40,Normal
2026-02-08 14:09:48.139136,London-95c0,29,88,Normal
2026-02-08 14:09:49.139136,London-95c0,15,68,Normal
2026-02-08 14:09:50.139136,London-95c0,35,57,Normal
2026-02-08 14:09:51.139136,London-95c0,-22,24,Normal
2026-02-08 14:09:52.139136,London-95c0,43,100,Normal
2026-02-08 14:09:53.139136,London-95c0,47,96,Normal
2026-02-08 14:09:54.139136,London-95c0,34,34,Normal
2026-02-08 14:09:55.139136,London-95c0,27,80,Normal
2026-02-08 14:09:56.139136,London-95c0,-27,36,Normal
2026-02-08 14:09:57.139136,London-95c0,-23,25,Normal
2026-02-08 14:09:58.139136,London-95c0,16,81,Normal
2026-02-08 14:09:59.139136,London-95c0,2,73,Normal
2026-02-08 14:10:00.139136,London-95c0,17,61,Normal
2026-02-08 14:10:01.139136,London-95c0,17,37,Normal
2026-02-08 14:10:02.139136,London-95c0,48,84,Normal
2026-02-08 14:10:03.139136,London-95c0,9,100,Normal
2026-02-08 14:10:04.139136,London-95c0,28,73,Normal
2026-02-08 14:10:05.139136,London-95c0,-24,44,Normal
2026-02-08 14:10:06.139136,London-95c0,-18,65,Normal
2026-02-08 14:10:07.139136,London-95c0,17,86,Normal
2026-02-08 14:10:08.139136,London-95c0,8,46,Normal
2026-02-08 14:10:09.139136,London-95c0,26,1,Normal
2026-02-08 14:10:10.139136,London-95c0,12,29,Normal
2026-02-08 14:10:11.139136,London-95c0,-20,79,Normal
2026-02-08 14:10:12.139136,London-95c0,3,33,Normal
2026-02-08 14:10:13.139136,London-95c0,11,44,Normal
2026-02-08 14:10:14.139136,London-95c0,41,49,Normal
2026-02-08 14:10:15.139136,London-95c0,6,20,Normal
2026-02-08 14:10:16.139136,London-95c0,-14,35,Normal
2026-02-08 14:10:17.139136,London-95c0,42,98,Normal
2026-02-08 14:10:18.139136,London-95c0,-17,77,Normal
2026-02-08 14:10:19.139136,London-95c0,22,8,Normal
2026-02-08 14:10:20.139136,London-95c0,40,10,Normal
2026-02-08 14:10:21.139136,London-95c0,29,93,Normal
2026-02-08 14:10:22.139136,London-95c0,40,39,Normal
2026-02-08 14:10:23.139136,London-95c0,20,40,Normal
2026-02-08 14:10:24.139136,London-95c0,4,61,Normal
2026-02-08 14:10:25.139136,London-95c0,-28,97,Normal
2026-02-08 14:10:26.139136,London-95c0,-30,66,Normal
2026-02-08 14:10:27.139136,London-95c0,42,96,Normal
2026-02-08 14:10:28.139136,London-95c0,42,97,Normal
2026-02-08 14:10:29.139136,London-95c0,4,26,Normal
2026-02-08 14:10:30.139136,London-95c0,5,39,Normal
2026-02-08 14:10:31.139136,London-95c0,18,86,Normal
2026-02-08 14:10:32.139136,London-95c0,26,12,Normal
2026-02-08 14:10:33.139136,London-95c0,36,50,Normal
2026-02-08 14:10:34.139136,London-95c0,4,99,Normal
2026-02-08 14:10:35.139136,London-95c0,-29,13,Normal
2026-02-08 14:10:36.139136,London-95c0,44,16,Normal
2026-02-08 14:10:37.139136,London-95c0,9,69,Normal
2026-02-08 14:10:38.139136,London-95c0,6,29,Normal
2026-02-08 14:10:39.139136,London-95c0,46,25,Normal
2026-02-08 14:10:40.139136,London-95c0,36,100,Normal
2026-02-08 14:10:41.139136,London-95c0,27,99,Normal
2026-02-08 14:10:42.139136,London-95c0,24,37,Normal
2026-02-08 14:10:43.139136,London-95c0,12,3,Normal
2026-02-08 14:10:44.139136,London-95c0,-28,5,Normal
2026-02-08 14:10:45.139136,London-95c0,44,82,Normal
2026-02-08 14:10:46.139136,London-95c0,5,16,Normal
2026-02-08 14:10:47.139136,London-95c0,-14,54,Normal
2026-02-08 14:10:48.139136,London-95c0,22,56,Normal
2026-02-08 14:10:49.139136,London-95c0,48,52,Normal
2026-02-08 14:10:50.139136,London-95c0,-18,49,Normal
2026-02-08 14:10:51.139136,London-95c0,-25,49,Normal
2026-02-08 14:10:52.139136,London-95c0,26,24,Normal
2026-02-08 14:10:53.139136,London-95c0,29,45,Normal
2026-02-08 14:10:54.139136,London-95c0,28,14,Normal
2026-02-08 14:10:55.139136,London-95c0,-10,25,Normal
2026-02-08 14:10:56.139136,London-95c0,-25,30,Normal
2026-02-08 14:10:57.139136,London-95c0,8,73,Normal
2026-02-08 14:10:58.139136,London-95c0,-8,31,Normal
2026-02-08 14:10:59.139136,London-95c0,17,31,Normal
2026-02-08 14:11:00.139136,London-95c0,-6,8,Normal
2026-02-08 14:11:01.139136,London-95c0,26,18,Normal
2026-02-08 14:11:02.139136,London-95c0,18,54,Normal
2026-02-08 14:11:03.139136,London-95c0,-5,10,Normal
2026-02-08 14:11:04.139136,London-95c0,-29,21,Normal
2026-02-08 14:11:05.139136,London-95c0,44,91,Normal
2026-02-08 14:11:06.139136,London-95c0,-26,1,Normal
2026-02-08 14:11:07.139136,London-95c0,50,71,Normal
2026-02-08 14:11:08.139136,London-95c0,20,64,Normal
2026-02-08 14:11:09.139136,London-95c0,26,100,Normal
2026-02-08 14:11:10.139136,London-95c0,49,2,Normal
2026-02-08 14:11:11.139136,London-95c0,-11,63,Normal
2026-02-08 14:11:12.139136,London-95c0,40,82,Normal
2026-02-08 14:11:13.139136,London-95c0,-29,40,Normal
2026-02-08 14:11:14.139136,London-95c0,-19,85,Normal
2026-02-08 14:11:15.139136,London-95c0,-3,0,Normal
2026-02-08 14:11:16.139136,London-95c0,22,19,Normal
2026-02-08 14:11:17.139136,London-95c0,-14,7,Normal
2026-02-08 14:11:18.139136,London-95c0,-21,44,Normal
2026-02-08 14:11:19.139136,London-95c0,1,72,Normal
2026-02-08 14:11:20.139136,London-95c0,4,75,Normal
2026-02-08 14:11:21.139136,London-95c0,50,92,Normal
2026-02-08 14:11:22.139136,London-95c0,3,83,Normal
2026-02-08 14:11:23.139136,London-95c0,38,32,Normal
2026-02-08 14:11:24.139136,London-95c0,40,87,Normal
2026-02-08 14:11:25.139136,London-95c0,4,98,Normal
2026-02-08 14:11:26.139136,London-95c0,11,36,Normal
2026-02-08 14:11:27.139136,London-95c0,44,51,Normal
2026-02-08 14:11:28.139136,London-95c0,-27,11,Normal
2026-02-08 14:11:29.139136,London-95c0,1,92,Normal
2026-02-08 14:11:30.139136,London-95c0,-19,70,Normal
2026-02-08 14:11:31.139136,London-95c0,5,70,Normal
2026-02-08 14:11:32.139136,London-95c0,41,22,Normal
2026-02-08 14:11:33.139136,London-95c0,17,18,Normal
2026-02-08 14:11:34.139136,London-95c0,29,21,Normal
2026-02-08 14:11:35.139136,London-95c0,-16,97,Normal
2026-02-08 14:11:36.139136,London-95c0,3,13,Normal
2026-02-08 14:11:37.139136,London-95c0,-12,37,Normal
2026-02-08 14:11:38.139136,London-95c0,13,57,Normal
2026-02-08 14:11:39.139136,London-95c0,24,21,Normal
2026-02-08 14:11:40.139136,London-95c0,-13,7,Normal
2026-02-08 14:11:41.139136,London-95c0,34,23,Normal
2026-02-08 14:11:42.139136,London-95c0,-10,24,Normal
2026-02-08 14:11:43.139136,London-95c0,-29,87,Normal
2026-02-08 14:11:44.139136,London-95c0,-24,89,Normal
2026-02-08 14:11:45.139136,London-95c0,32,56,Normal
2026-02-08 14:11:46.139136,London-95c0,8,8,Normal
2026-02-08 14:11:47.139136,London-95c0,50,33,Normal
2026-02-08 14:11:48.139136,London-95c0,9,19,Normal
2026-02-08 14:11:49.139136,London-95c0,5,71,Normal
2026-02-08 14:11:50.139136,London-95c0,-30,51,Normal
2026-02-08 14:11:51.139136,London-95c0,-3,49,Normal
2026-02-08 14:11:52.139136,London-95c0,-12,29,Normal
2026-02-08 14:11:53.139136,London-95c0,16,74,Normal
2026-02-08 14:11:54.139136,London-95c0,28,69,Normal
2026-02-08 14:11:55.139136,London-95c0,17,42,Normal
2026-02-08 14:11:56.139136,London-95c0,31,73,Normal
2026-02-08 14:11:57.139136,London-95c0,12,19,Normal
2026-02-08 14:11:58.139136,London-95c0,-17,69,Normal
2026-02-08 14:11:59.139136,London-95c0,-25,34,Normal
2026-02-08 14:12:00.139136,London-95c0,-28,5,Normal
2026-02-08 14:12:01.139136,London-95c0,-10,82,Normal
2026-02-08 14:12:02.139136,London-95c0,8,21,Normal
2026-02-08 14:12:03.139136,London-95c0,-23,0,Normal
2026-02-08 14:12:04.139136,London-95c0,45,90,Normal
2026-02-08 14:12:05.139136,London-95c0,-2,48,Normal
2026-02-08 14:12:06.139136,London-95c0,15,35,Normal
2026-02-08 14:12:07.139136,London-95c0,-12,4,Normal
2026-02-08 14:12:08.139136,London-95c0,3,74,Normal
2026-02-08 14:12:09.139136,London-95c0,-14,59,Normal
2026-02-08 14:12:10.139136,London-95c0,27,31,Normal
2026-02-08 14:12:11.139136,London-95c0,13,69,Normal
2026-02-08 14:12:12.139136,London-95c0,-20,8,Normal
2026-02-08 14:12:13.139136,London-95c0,12,43,Normal
2026-02-08 14:12:14.139136,London-95c0,-23,64,Normal
2026-02-08 14:12:15.139136,London-95c0,1,98,Normal
2026-02-08 14:12:16.139136,London-95c0,-13,6,Normal
2026-02-08 14:12:17.139136,London-95c0,-11,93,Normal
2026-02-08 14:12:18.139136,London-95c0,30,99,Normal
2026-02-08 14:12:19.139136,London-95c0,-16,30,Normal
2026-02-08 14:12:20.139136,London-95c0,23,35,Normal
2026-02-08 14:12:21.139136,London-95c0,27,4,Normal
2026-02-08 14:12:22.139136,London-95c0,40,71,Normal
2026-02-08 14:12:23.139136,London-95c0,31,11,Normal
2026-02-08 14:12:24.139136,London-95c0,-7,20,Normal
2026-02-08 14:12:25.139136,London-95c0,-9,32,Normal
2026-02-08 14:12:26.139136,London-95c0,39,79,Normal
2026-02-08 14:12:27.139136,London-95c0,18,65,Normal
2026-02-08 14:12:28.139136,London-95c0,6,17,Normal
2026-02-08 14:12:29.139136,London-95c0,18,92,Normal
2026-02-08 14:12:30.139136,London-95c0,50,40,Normal
2026-02-08 14:12:31.139136,London-95c0,20,31,Normal
2026-02-08 14:12:32.139136,London-95c0,8,30,Normal
2026-02-08 14:12:33.139136,London-95c0,-13,69,Normal
2026-02-08 14:12:34.139136,London-95c0,-11,68,Normal
2026-02-08 14:12:35.139136,London-95c0,32,45,Normal
2026-02-08 14:12:36.139136,London-95c0,-18,28,Normal
2026-02-08 14:12:37.139136,London-95c0,36,77,Normal
2026-02-08 14:12:38.139136,London-95c0,41,14,Normal
2026-02-08 14:12:39.139136,London-95c0,-24,99,Normal
2026-02-08 14:12:40.139136,London-95c0,-2,25,Normal
2026-02-08 14:12:41.139136,London-95c0,40,73,Normal
2026-02-08 14:12:42.139136,London-95c0,-2,64,Normal
2026-02-08 14:12:43.139136,London-95c0,14,34,Normal
2026-02-08 14:12:44.139136,London-95c0,-24,92,Normal
2026-02-08 14:12:45.139136,London-95c0,-25,90,Normal
2026-02-08 14:12:46.139136,London-95c0,36,88,Normal
2026-02-08 14:12:47.139136,London-95c0,19,10,Normal
2026-02-08 14:12:48.139136,London-95c0,43,76,Normal
2026-02-08 14:12:49.139136,London-95c0,-7,85,Normal
2026-02-08 14:12:50.139136,London-95c0,3,96,Normal
2026-02-08 14:12:51.139136,London-95c0,41,62,Normal
2026-02-08 14:12:52.139136,London-95c0,22,3,Normal
2026-02-08 14:12:53.139136,London-95c0,-30,80,Normal
2026-02-08 14:12:54.139136,London-95c0,50,56,Normal
2026-02-08 14:12:55.139136,London-95c0,33,56,Normal
2026-02-08 14:12:56.139136,London-95c0,-8,48,Normal
2026-02-08 14:12:57.139136,London-95c0,31,14,Normal
2026-02-08 14:12:58.139136,London-95c0,36,91,Normal
2026-02-08 14:12:59.139136,London-95c0,-28,31,Normal
2026-02-08 14:13:00.139136,London-95c0,-17,70,Normal
2026-02-08 14:13:01.139136,London-95c0,47,35,Normal
2026-02-08 14:13:02.139136,London-95c0,42,63,Normal
2026-02-08 14:13:03.139136,London-95c0,26,96,Normal
2026-02-08 14:13:04.139136,London-95c0,36,10,Normal
2026-02-08 14:13:05.139136,London-95c0,32,40,Normal
2026-02-08 14:13:06.139136,London-95c0,32,92,Normal
2026-02-08 14:13:07.139136,London-95c0,38,19,Normal
2026-02-08 14:13:08.139136,London-95c0,0,52,Normal
2026-02-08 14:13:09.139136,London-95c0,-18,31,Normal
2026-02-08 14:13:10.139136,London-95c0,-25,80,Normal
2026-02-08 14:13:11.139136,London-95c0,25,17,Normal
2026-02-08 14:13:12.139136,London-95c0,-14,90,Normal
2026-02-08 14:13:13.139136,London-95c0,38,50,Normal
2026-02-08 14:13:14.139136,London-95c0,34,86,Normal
2026-02-08 14:13:15.139136,London-95c0,-22,90,Normal
2026-02-08 14:13:16.139136,London-95c0,18,38,Normal
2026-02-08 14:13:17.139136,London-95c0,-19,47,Normal
2026-02-08 14:13:18.139136,London-95c0,-14,79,Normal
2026-02-08 14:13:19.139136,London-95c0,15,63,Normal
2026-02-08 14:13:20.139136,London-95c0,-13,53,Normal
2026-02-08 14:13:21.139136,London-95c0,-28,53,Normal
2026-02-08 14:13:22.139136,London-95c0,-21,3,Normal
2026-02-08 14:13:23.139136,London-95c0,25,49,Normal
2026-02-08 14:13:24.139136,London-95c0,27,29,Normal
2026-02-08 14:13:25.139136,London-95c0,46,20,Normal
2026-02-08 14:13:26.139136,London-95c0,19,55,Normal
2026-02-08 14:13:27.139136,London-95c0,14,11,Normal
2026-02-08 14:13:28.139136,London-95c0,48,54,Normal
2026-02-08 14:13:29.139136,London-95c0,-28,47,Normal
2026-02-08 14:13:30.139136,London-95c0,34,91,Normal
2026-02-08 14:13:31.139136,London-95c0,-30,36,Normal
2026-02-08 14:13:32.139136,London-95c0,44,5,Normal
2026-02-08 14:13:33.139136,London-95c0,44,58,Normal
2026-02-08 14:13:34.139136,London-95c0,41,8,Normal
2026-02-08 14:13:35.139136,London-95c0,-19,1,Normal
2026-02-08 14:13:36.139136,London-95c0,14,100,Normal
2026-02-08 14:13:37.139136,London-95c0,-3,8,Normal
2026-02-08 14:13:38.139136,London-95c0,45,43,Normal
2026-02-08 14:13:39.139136,London-95c0,21,90,Normal
2026-02-08 14:13:40.139136,London-95c0,-9,84,Normal
2026-02-08 14:13:41.139136,London-95c0,21,11,Normal
2026-02-08 14:13:42.139136,London-95c0,44,10,Normal
2026-02-08 14:13:43.139136,London-95c0,49,48,Normal
2026-02-08 14:13:44.139136,London-95c0,-6,39,Normal
2026-02-08 14:13:45.139136,London-95c0,-8,12,Normal
2026-02-08 14:13:46.139136,London-95c0,23,91,Normal
2026-02-08 14:13:47.139136,London-95c0,39,64,Normal
2026-02-08 14:13:48.139136,London-95c0,-14,22,Normal
2026-02-08 14:13:49.139136,London-95c0,22,61,Normal
2026-02-08 14:13:50.139136,London-95c0,18,44,Normal
2026-02-08 14:13:51.139136,London-95c0,4,61,Normal
2026-02-08 14:13:52.139136,London-95c0,-21,33,Normal
2026-02-08 14:13:53.139136,London-95c0,5,73,Normal
2026-02-08 14:13:54.139136,London-95c0,46,13,Normal
2026-02-08 14:13:55.139136,London-95c0,18,50,Normal
2026-02-08 14:13:56.139136,London-95c0,8,3,Normal
2026-02-08 14:13:57.139136,London-95c0,11,61,Normal
2026-02-08 14:13:58.139136,London-95c0,35,62,Normal
2026-02-08 14:13:59.139136,London-95c0,38,40,Normal
2026-02-08 14:14:00.139136,London-95c0,27,17,Normal
2026-02-08 14:14:01.139136,London-95c0,49,65,Normal
2026-02-08 14:14:02.139136,London-95c0,-22,11,Normal
2026-02-08 14:14:03.139136,London-95c0,2,85,Normal
2026-02-08 14:14:04.139136,London-95c0,-11,24,Normal
2026-02-08 14:14:05.139136,London-95c0,46,94,Normal
2026-02-08 14:14:06.139136,London-95c0,4,49,Normal
2026-02-08 14:14:07.139136,London-95c0,10,23,Normal
2026-02-08 14:14:08.139136,London-95c0,-26,94,Normal
2026-02-08 14:14:09.139136,London-95c0,8,23,Normal
2026-02-08 14:14:10.139136,London-95c0,42,20,Normal
2026-02-08 14:14:11.139136,London-95c0,39,45,Normal
2026-02-08 14:14:12.139136,London-95c0,-13,93,Normal
2026-02-08 14:14:13.139136,London-95c0,36,21,Normal
2026-02-08 14:14:14.139136,London-95c0,44,21,Normal
2026-02-08 14:14:15.139136,London-95c0,40,8,Normal
2026-02-08 14:14:16.139136,London-95c0,46,99,Normal
2026-02-08 14:14:17.139136,London-95c0,18,57,Normal
2026-02-08 14:14:18.139136,London-95c0,3,77,Normal
2026-02-08 14:14:19.139136,London-95c0,22,13,Normal
2026-02-08 14:14:20.139136,London-95c0,-23,46,Normal
2026-02-08 14:14:21.139136,London-95c0,42,68,Normal
2026-02-08 14:14:22.139136,London-95c0,14,81,Normal
2026-02-08 14:14:23.139136,London-95c0,-15,77,Normal
2026-02-08 14:14:24.139136,London-95c0,-22,56,Normal
2026-02-08 14:14:25.139136,London-95c0,2,11,Normal
2026-02-08 14:14:26.139136,London-95c0,-5,57,Normal
2026-02-08 14:14:27.139136,London-95c0,23,16,Normal
2026-02-08 14:14:28.139136,London-95c0,13,68,Normal
2026-02-08 14:14:29.139136,London-95c0,-2,53,Normal
2026-02-08 14:14:30.139136,London-95c0,-24,68,Normal
2026-02-08 14:14:31.139136,London-95c0,-7,15,Normal
2026-02-08 14:14:32.139136,London-95c0,-10,7,Normal
2026-02-08 14:14:33.139136,London-95c0,-3,81,Normal
2026-02-08 14:14:34.139136,London-95c0,-9,32,Normal
2026-02-08 14:14:35.139136,London-95c0,-25,13,Normal
2026-02-08 14:14:36.139136,London-95c0,41,74,Normal
2026-02-08 14:14:37.139136,London-95c0,27,1,Normal
2026-02-08 14:14:38.139136,London-95c0,3,4,Normal
2026-02-08 14:14:39.139136,London-95c0,47,3,Normal
2026-02-08 14:14:40.139136,London-95c0,-24,91,Normal
2026-02-08 14:14:41.139136,London-95c0,1,38,Normal
2026-02-08 14:14:42.139136,London-95c0,-3,89,Normal
2026-02-08 14:14:43.139136,London-95c0,28,37,Normal
2026-02-08 14:14:44.139136,London-95c0,-4,17,Normal
2026-02-08 14:14:45.139136,London-95c0,-27,31,Normal
2026-02-08 14:14:46.139136,London-95c0,34,54,Normal
2026-02-08 14:14:47.139136,London-95c0,27,80,Normal
2026-02-08 14:14:48.139136,London-95c0,1,42,Normal
2026-02-08 14:14:49.139136,London-95c0,-27,61,Normal
2026-02-08 14:14:50.139136,London-95c0,50,70,Normal
2026-02-08 14:14:51.139136,London-95c0,26,55,Normal
2026-02-08 14:14:52.139136,London-95c0,-2,40,Normal
2026-02-08 14:14:53.139136,London-95c0,24,93,Normal
2026-02-08 14:14:54.139136,London-95c0,-5,0,Normal
2026-02-08 14:14:55.139136,London-95c0,38,74,Normal
2026-02-08 14:14:56.139136,London-95c0,39,93,Normal
2026-02-08 14:14:57.139136,London-95c0,-27,18,Normal
2026-02-08 14:14:58.139136,London-95c0,4,30,Normal
2026-02-08 14:14:59.139136,London-95c0,-14,44,Normal
2026-02-08 14:15:00.139136,London-95c0,-29,99,Normal
2026-02-08 14:15:01.139136,London-95c0,-27,68,Normal
2026-02-08 14:15:02.139136,London-95c0,12,56,Normal
2026-02-08 14:15:03.139136,London-95c0,39,40,Normal
2026-02-08 14:15:04.139136,London-95c0,-15,2,Normal
2026-02-08 14:15:05.139136,London-95c0,42,38,Normal
2026-02-08 14:15:06.139136,London-95c0,27,21,Normal
2026-02-08 14:15:07.139136,London-95c0,22,6,Normal
2026-02-08 14:15:08.139136,London-95c0,32,61,Normal
2026-02-08 14:15:09.139136,London-95c0,45,78,Normal
2026-02-08 14:15:10.139136,London-95c0,23,52,Normal
2026-02-08 14:15:11.139136,London-95c0,44,61,Normal
2026-02-08 14:15:12.139136,London-95c0,35,19,Normal
2026-02-08 14:15:13.139136,London-95c0,-7,80,Normal
2026-02-08 14:15:14.139136,London-95c0,-25,54,Normal
2026-02-08 14:15:15.139136,London-95c0,-8,17,Normal
2026-02-08 14:15:16.139136,London-95c0,2,18,Normal
2026-02-08 14:15:17.139136,London-95c0,34,92,Normal
2026-02-08 14:15:18.139136,London-95c0,49,31,Normal
2026-02-08 14:15:19.139136,London-95c0,-21,33,Normal
2026-02-08 14:15:20.139136,London-95c0,-12,10,Normal
2026-02-08 14:15:21.139136,London-95c0,-13,92,Normal
2026-02-08 14:15:22.139136,London-95c0,-27,10,Normal
2026-02-08 14:15:23.139136,London-95c0,33,35,Normal
2026-02-08 14:15:24.139136,London-95c0,14,72,Normal
2026-02-08 14:15:25.139136,London-95c0,-30,4,Normal
2026-02-08 14:15:26.139136,London-95c0,-23,13,Normal
2026-02-08 14:15:27.139136,London-95c0,27,5,Normal
2026-02-08 14:15:28.139136,London-95c0,22,19,Normal
2026-02-08 14:15:29.139136,London-95c0,-10,36,Normal
2026-02-08 14:15:30.139136,London-95c0,37,38,Normal
2026-02-08 14:15:31.139136,London-95c0,-21,7,Normal
2026-02-08 14:15:32.139136,London-95c0,-8,50,Normal
2026-02-08 14:15:33.139136,London-95c0,30,30,Normal
2026-02-08 14:15:34.139136,London-95c0,13,64,Normal
2026-02-08 14:15:35.139136,London-95c0,-22,68,Normal
2026-02-08 14:15:36.139136,London-95c0,14,10,Normal
2026-02-08 14:15:37.139136,London-95c0,-1,25,Normal
2026-02-08 14:15:38.139136,London-95c0,-24,5,Normal
2026-02-08 14:15:39.139136,London-95c0,42,42,Normal
2026-02-08 14:15:40.139136,London-95c0,33,10,Normal
2026-02-08 14:15:41.139136,London-95c0,18,78,Normal
2026-02-08 14:15:42.139136,London-95c0,41,97,Normal
2026-02-08 14:15:43.139136,London-95c0,-9,70,Normal
2026-02-08 14:15:44.139136,London-95c0,-5,80,Normal
2026-02-08 14:15:45.139136,London-95c0,26,42,Normal
2026-02-08 14:15:46.139136,London-95c0,-27,32,Normal
2026-02-08 14:15:47.139136,London-95c0,50,22,Normal
2026-02-08 14:15:48.139136,London-95c0,31,51,Normal
2026-02-08 14:15:49.139136,London-95c0,28,99,Normal
2026-02-08 14:15:50.139136,London-95c0,-15,29,Normal
2026-02-08 14:15:51.139136,London-95c0,-9,62,Normal
2026-02-08 14:15:52.139136,London-95c0,30,85,Normal
2026-02-08 14:15:53.139136,London-95c0,-30,86,Normal
2026-02-08 14:15:54.139136,London-95c0,-22,74,Normal
2026-02-08 14:15:55.139136,London-95c0,50,48,Normal
2026-02-08 14:15:56.139136,London-95c0,0,65,Normal
2026-02-08 14:15:57.139136,London-95c0,4,34,Normal
2026-02-08 14:15:58.139136,London-95c0,-3,25,Normal
2026-02-08 14:15:59.139136,London-95c0,2,67,Normal
2026-02-08 14:16:00.139136,London-95c0,43,74,Normal
2026-02-08 14:16:01.139136,London-95c0,21,52,Normal
2026-02-08 14:16:02.139136,London-95c0,-8,36,Normal
2026-02-08 14:16:03.139136,London-95c0,50,93,Normal
2026-02-08 14:16:04.139136,London-95c0,-10,83,Normal
2026-02-08 14:16:05.139136,London-95c0,-15,17,Normal
2026-02-08 14:16:06.139136,London-95c0,-3,91,Normal
2026-02-08 14:16:07.139136,London-95c0,43,62,Normal
2026-02-08 14:16:08.139136,London-95c0,20,0,Normal
2026-02-08 14:16:09.139136,London-95c0,-15,26,Normal
2026-02-08 14:16:10.139136,London-95c0,8,38,Normal
2026-02-08 14:16:11.139136,London-95c0,1,70,Normal
2026-02-08 14:16:12.139136,London-95c0,32,31,Normal
2026-02-08 14:16:13.139136,London-95c0,-30,60,Normal
2026-02-08 14:16:14.139136,London-95c0,46,34,Normal
2026-02-08 14:16:15.139136,London-95c0,16,78,Normal
2026-02-08 14:16:16.139136,London-95c0,23,5,Normal
2026-02-08 14:16:17.139136,London-95c0,21,86,Normal
2026-02-08 14:16:18.139136,London-95c0,20,70,Normal
2026-02-08 14:16:19.139136,London-95c0,27,76,Normal
2026-02-08 14:16:20.139136,London-95c0,50,10,Normal
2026-02-08 14:16:21.139136,London-95c0,0,46,Normal
2026-02-08 14:16:22.139136,London-95c0,45,42,Normal
2026-02-08 14:16:23.139136,London-95c0,24,15,Normal
2026-02-08 14:16:24.139136,London-95c0,18,93,Normal
2026-02-08 14:16:25.139136,London-95c0,2,50,Normal
2026-02-08 14:16:26.139136,London-95c0,42,86,Normal
2026-02-08 14:16:27.139136,London-95c0,-13,32,Normal
2026-02-08 14:16:28.139136,London-95c0,-26,57,Normal
2026-02-08 14:16:29.139136,London-95c0,35,83,Normal
2026-02-08 14:16:30.139136,London-95c0,38,87,Normal
2026-02-08 14:16:31.139136,London-95c0,32,49,Normal
2026-02-08 14:16:32.139136,London-95c0,-8,12,Normal
2026-02-08 14:16:33.139136,London-95c0,29,88,Normal
2026-02-08 14:16:34.139136,London-95c0,4,91,Normal
2026-02-08 14:16:35.139136,London-95c0,-22,36,Normal
2026-02-08 14:16:36.139136,London-95c0,35,78,Normal
2026-02-08 14:16:37.139136,London-95c0,20,63,Normal
2026-02-08 14:16:38.139136,London-95c0,46,48,Normal
2026-02-08 14:16:39.139136,London-95c0,50,83,Normal
2026-02-08 14:16:40.139136,London-95c0,-10,23,Normal
2026-02-08 14:16:41.139136,London-95c0,-20,12,Normal
2026-02-08 14:16:42.139136,London-95c0,-3,64,Normal
2026-02-08 14:16:43.139136,London-95c0,-28,81,Normal
2026-02-08 14:16:44.139136,London-95c0,-7,60,Normal
2026-02-08 14:16:45.139136,London-95c0,-7,11,Normal
2026-02-08 14:16:46.139136,London-95c0,-5,92,Normal
2026-02-08 14:16:47.139136,London-95c0,6,3,Normal
2026-02-08 14:16:48.139136,London-95c0,29,100,Normal
2026-02-08 14:16:49.139136,London-95c0,-26,87,Normal
2026-02-08 14:16:50.139136,London-95c0,-24,82,Normal
2026-02-08 14:16:51.139136,London-95c0,-17,57,Normal
2026-02-08 14:16:52.139136,London-95c0,0,89,Normal
2026-02-08 14:16:53.139136,London-95c0,-18,26,Normal
2026-02-08 14:16:54.139136,London-95c0,46,79,Normal
2026-02-08 14:16:55.139136,London-95c0,35,43,Normal
2026-02-08 14:16:56.139136,London-95c0,1,86,Normal
2026-02-08 14:16:57.139136,London-95c0,40,20,Normal
2026-02-08 14:16:58.139136,London-95c0,-18,24,Normal
2026-02-08 14:16:59.139136,London-95c0,-17,4,Normal
2026-02-08 14:17:00.139136,London-95c0,14,30,Normal
2026-02-08 14:17:01.139136,London-95c0,-1,25,Normal
2026-02-08 14:17:02.139136,London-95c0,43,85,Normal
2026-02-08 14:17:03.139136,London-95c0,-15,50,Normal
2026-02-08 14:17:04.139136,London-95c0,-24,31,Normal
2026-02-08 14:17:05.139136,London-95c0,48,22,Normal
2026-02-08 14:17:06.139136,London-95c0,19,54,Normal
2026-02-08 14:17:07.139136,London-95c0,49,37,Normal
2026-02-08 14:17:08.139136,London-95c0,-2,44,Normal
2026-02-08 14:17:09.139136,London-95c0,5,27,Normal
2026-02-08 14:17:10.139136,London-95c0,-2,45,Normal
2026-02-08 14:17:11.139136,London-95c0,1,64,Normal
2026-02-08 14:17:12.139136,London-95c0,-13,83,Normal
2026-02-08 14:17:13.139136,London-95c0,42,97,Normal
2026-02-08 14:17:14.139136,London-95c0,-13,94,Normal
2026-02-08 14:17:15.139136,London-95c0,-23,0,Normal
2026-02-08 14:17:16.139136,London-95c0,7,89,Normal
2026-02-08 14:17:17.139136,London-95c0,28,90,Normal
2026-02-08 14:17:18.139136,London-95c0,10,74,Normal
2026-02-08 14:17:19.139136,London-95c0,-6,11,Normal
2026-02-08 14:17:20.139136,London-95c0,47,61,Normal
2026-02-08 14:17:21.139136,London-95c0,-1,67,Normal
2026-02-08 14:17:22.139136,London-95c0,39,62,Normal
2026-02-08 14:17:23.139136,London-95c0,36,1,Normal
2026-02-08 14:17:24.139136,London-95c0,41,82,Normal
2026-02-08 14:17:25.139136,London-95c0,15,76,Normal
2026-02-08 14:17:26.139136,London-95c0,-6,63,Normal
2026-02-08 14:17:27.139136,London-95c0,-6,67,Normal
2026-02-08 14:17:28.139136,London-95c0,15,17,Normal
2026-02-08 14:17:29.139136,London-95c0,38,76,Normal
2026-02-08 14:17:30.139136,London-95c0,-30,13,Normal
2026-02-08 14:17:31.139136,London-95c0,42,33,Normal
2026-02-08 14:17:32.139136,London-95c0,-13,9,Normal
2026-02-08 14:17:33.139136,London-95c0,-14,1,Normal
2026-02-08 14:17:34.139136,London-95c0,27,4,Normal
2026-02-08 14:17:35.139136,London-95c0,35,59,Normal
2026-02-08 14:17:36.139136,London-95c0,46,44,Normal
2026-02-08 14:17:37.139136,London-95c0,46,43,Normal
2026-02-08 14:17:38.139136,London-95c0,22,1,Normal
2026-02-08 14:17:39.139136,London-95c0,-13,40,Normal
2026-02-08 14:17:40.139136,London-95c0,32,0,Normal
2026-02-08 14:17:41.139136,London-95c0,14,19,Normal
2026-02-08 14:17:42.139136,London-95c0,1,10,Normal
2026-02-08 14:17:43.139136,London-95c0,29,39,Normal
2026-02-08 14:17:44.139136,London-95c0,25,54,Normal
2026-02-08 14:17:45.139136,London-95c0,-25,65,Normal
2026-02-08 14:17:46.139136,London-95c0,-2,46,Normal
2026-02-08 14:17:47.139136,London-95c0,9,52,Normal
2026-02-08 14:17:48.139136,London-95c0,31,48,Normal
2026-02-08 14:17:49.139136,London-95c0,13,57,Normal
2026-02-08 14:17:50.139136,London-95c0,-26,21,Normal
2026-02-08 14:17:51.139136,London-95c0,-13,76,Normal
2026-02-08 14:17:52.139136,London-95c0,-11,46,Normal
2026-02-08 14:17:53.139136,London-95c0,50,15,Normal
2026-02-08 14:17:54.139136,London-95c0,-22,3,Normal
2026-02-08 14:17:55.139136,London-95c0,36,91,Normal
2026-02-08 14:17:56.139136,London-95c0,19,98,Normal
2026-02-08 14:17:57.139136,London-95c0,18,49,Normal
2026-02-08 14:17:58.139136,London-95c0,44,55,Normal
2026-02-08 14:17:59.139136,London-95c0,39,3,Normal
2026-02-08 14:18:00.139136,London-95c0,18,48,Normal
2026-02-08 14:18:01.139136,London-95c0,-23,55,Normal
2026-02-08 14:18:02.139136,London-95c0,35,97,Normal
2026-02-08 14:18:03.139136,London-95c0,37,100,Normal
2026-02-08 14:18:04.139136,London-95c0,-7,62,Normal
2026-02-08 14:18:05.139136,London-95c0,-16,8,Normal
2026-02-08 14:18:06.139136,London-95c0,-3,23,Normal
2026-02-08 14:18:07.139136,London-95c0,-22,82,Normal
2026-02-08 14:18:08.139136,London-95c0,-30,91,Normal
2026-02-08 14:18:09.139136,London-95c0,8,37,Normal
2026-02-08 14:18:10.139136,London-95c0,9,61,Normal
2026-02-08 14:18:11.139136,London-95c0,-6,96,Normal
2026-02-08 14:18:12.139136,London-95c0,-19,76,Normal
2026-02-08 14:18:13.139136,London-95c0,-25,1,Normal
2026-02-08 14:18:14.139136,London-95c0,-1,7,Normal
2026-02-08 14:18:15.139136,London-95c0,42,59,Normal
2026-02-08 14:18:16.139136,London-95c0,27,41,Normal
2026-02-08 14:18:17.139136,London-95c0,44,17,Normal
2026-02-08 14:18:18.139136,London-95c0,23,83,Normal
2026-02-08 14:18:19.139136,London-95c0,12,75,Normal
2026-02-08 14:18:20.139136,London-95c0,45,12,Normal
2026-02-08 14:18:21.139136,London-95c0,28,76,Normal
2026-02-08 14:18:22.139136,London-95c0,22,71,Normal
2026-02-08 14:18:23.139136,London-95c0,-13,44,Normal
2026-02-08 14:18:24.139136,London-95c0,18,43,Normal
2026-02-08 14:18:25.139136,London-95c0,-9,43,Normal
2026-02-08 14:18:26.139136,London-95c0,4,23,Normal
2026-02-08 14:18:27.139136,London-95c0,-14,11,Normal
2026-02-08 14:18:28.139136,London-95c0,30,48,Normal
2026-02-08 14:18:29.139136,London-95c0,-1,9,Normal
2026-02-08 14:18:30.139136,London-95c0,24,10,Normal
2026-02-08 14:18:31.139136,London-95c0,-6,78,Normal
2026-02-08 14:18:32.139136,London-95c0,20,5,Normal
2026-02-08 14:18:33.139136,London-95c0,48,98,Normal
2026-02-08 14:18:34.139136,London-95c0,41,22,Normal
2026-02-08 14:18:35.139136,London-95c0,39,43,Normal
2026-02-08 14:18:36.139136,London-95c0,-8,93,Normal
2026-02-08 14:18:37.139136,London-95c0,34,78,Normal
2026-02-08 14:18:38.139136,London-95c0,-18,69,Normal
2026-02-08 14:18:39.139136,London-95c0,50,99,Normal
2026-02-08 14:18:40.139136,London-95c0,43,92,Normal
2026-02-08 14:18:41.139136,London-95c0,4,42,Normal
2026-02-08 14:18:42.139136,London-95c0,40,97,Normal
2026-02-08 14:18:43.139136,London-95c0,48,25,Normal
2026-02-08 14:18:44.139136,London-95c0,-27,35,Normal
2026-02-08 14:18:45.139136,London-95c0,7,79,Normal
2026-02-08 14:18:46.139136,London-95c0,11,6,Normal
2026-02-08 14:18:47.139136,London-95c0,-8,44,Normal
2026-02-08 14:18:48.139136,London-95c0,40,76,Normal
2026-02-08 14:18:49.139136,London-95c0,-18,98,Normal
2026-02-08 14:18:50.139136,London-95c0,9,20,Normal
2026-02-08 14:18:51.139136,London-95c0,18,95,Normal
2026-02-08 14:18:52.139136,London-95c0,-6,55,Normal
2026-02-08 14:18:53.139136,London-95c0,40,43,Normal
2026-02-08 14:18:54.139136,London-95c0,26,70,Normal
2026-02-08 14:18:55.139136,London-95c0,1,5,Normal
2026-02-08 14:18:56.139136,London-95c0,-19,92,Normal
2026-02-08 14:18:57.139136,London-95c0,-17,91,Normal
2026-02-08 14:18:58.139136,London-95c0,5,19,Normal
2026-02-08 14:18:59.139136,London-95c0,1,88,Normal
2026-02-08 14:19:00.139136,London-95c0,-21,95,Normal
2026-02-08 14:19:01.139136,London-95c0,17,31,Normal
2026-02-08 14:19:02.139136,London-95c0,8,99,Normal
2026-02-08 14:19:03.139136,London-95c0,-11,70,Normal
2026-02-08 14:19:04.139136,London-95c0,47,92,Normal
2026-02-08 14:19:05.139136,London-95c0,-27,57,Normal
2026-02-08 14:19:06.139136,London-95c0,36,76,Normal
2026-02-08 14:19:07.139136,London-95c0,-5,39,Normal
2026-02-08 14:19:08.139136,London-95c0,13,89,Normal
2026-02-08 14:19:09.139136,London-95c0,15,16,Normal
2026-02-08 14:19:10.139136,London-95c0,-1,12,Normal
2026-02-08 14:19:11.139136,London-95c0,-25,58,Normal
2026-02-08 14:19:12.139136,London-95c0,44,52,Normal
2026-02-08 14:19:13.139136,London-95c0,19,67,Normal
2026-02-08 14:19:14.139136,London-95c0,17,87,Normal
2026-02-08 14:19:15.139136,London-95c0,46,10,Normal
2026-02-08 14:19:16.139136,London-95c0,-8,97,Normal
2026-02-08 14:19:17.139136,London-95c0,27,98,Normal
2026-02-08 14:19:18.139136,London-95c0,9,7,Normal
2026-02-08 14:19:19.139136,London-95c0,40,70,Normal
2026-02-08 14:19:20.139136,London-95c0,11,68,Normal
2026-02-08 14:19:21.139136,London-95c0,-24,47,Normal
2026-02-08 14:19:22.139136,London-95c0,-25,48,Normal
2026-02-08 14:19:23.139136,London-95c0,42,69,Normal
2026-02-08 14:19:24.139136,London-95c0,-4,16,Normal
2026-02-08 14:19:25.139136,London-95c0,-21,74,Normal
2026-02-08 14:19:26.139136,London-95c0,8,67,Normal
2026-02-08 14:19:27.139136,London-95c0,-26,70,Normal
2026-02-08 14:19:28.139136,London-95c0,-8,9,Normal
2026-02-08 14:19:29.139136,London-95c0,-17,100,Normal
2026-02-08 14:19:30.139136,London-95c0,26,6,Normal
2026-02-08 14:19:31.139136,London-95c0,27,38,Normal
2026-02-08 14:19:32.139136,London-95c0,-13,99,Normal
2026-02-08 14:19:33.139136,London-95c0,6,72,Normal
2026-02-08 14:19:34.139136,London-95c0,19,71,Normal
2026-02-08 14:19:35.139136,London-95c0,34,53,Normal
2026-02-08 14:19:36.139136,London-95c0,3,44,Normal
2026-02-08 14:19:37.139136,London-95c0,6,58,Normal
2026-02-08 14:19:38.139136,London-95c0,20,51,Normal
2026-02-08 14:19:39.139136,London-95c0,-27,8,Normal
2026-02-08 14:19:40.139136,London-95c0,48,78,Normal
2026-02-08 14:19:41.139136,London-95c0,21,84,Normal
2026-02-08 14:19:42.139136,London-95c0,12,17,Normal
2026-02-08 14:19:43.139136,London-95c0,-3,89,Normal
2026-02-08 14:19:44.139136,London-95c0,-6,25,Normal
2026-02-08 14:19:45.139136,London-95c0,43,47,Normal
2026-02-08 14:19:46.139136,London-95c0,2,87,Normal
2026-02-08 14:19:47.139136,London-95c0,-13,36,Normal
2026-02-08 14:19:48.139136,London-95c0,20,83,Normal
2026-02-08 14:19:49.139136,London-95c0,41,81,Normal
2026-02-08 14:19:50.139136,London-95c0,11,45,Normal
2026-02-08 14:19:51.139136,London-95c0,-11,92,Normal
2026-02-08 14:19:52.139136,London-95c0,-29,37,Normal
2026-02-08 14:19:53.139136,London-95c0,-27,22,Normal
2026-02-08 14:19:54.139136,London-95c0,29,59,Normal
2026-02-08 14:19:55.139136,London-95c0,15,43,Normal
2026-02-08 14:19:56.139136,London-95c0,-30,41,Normal
2026-02-08 14:19:57.139136,London-95c0,20,47,Normal
2026-02-08 14:19:58.139136,London-95c0,9,20,Normal
2026-02-08 14:19:59.139136,London-95c0,34,14,Normal
2026-02-08 14:20:00.139136,London-95c0,40,18,Normal
2026-02-08 14:20:01.139136,London-95c0,14,46,Normal
2026-02-08 14:20:02.139136,London-95c0,-27,65,Normal
2026-02-08 14:20:03.139136,London-95c0,49,76,Normal
2026-02-08 14:20:04.139136,London-95c0,11,20,Normal
2026-02-08 14:20:05.139136,London-95c0,47,71,Normal
2026-02-08 14:20:06.139136,London-95c0,-17,7,Normal
2026-02-08 14:20:07.139136,London-95c0,17,59,Normal
2026-02-08 14:20:08.139136,London-95c0,47,64,Normal
2026-02-08 14:20:09.139136,London-95c0,21,10,Normal
2026-02-08 14:20:10.139136,London-95c0,15,31,Normal
2026-02-08 14:20:11.139136,London-95c0,37,57,Normal
2026-02-08 14:20:12.139136,London-95c0,-10,54,Normal
2026-02-08 14:20:13.139136,London-95c0,13,19,Normal
2026-02-08 14:20:14.139136,London-95c0,-23,96,Normal
2026-02-08 14:20:15.139136,London-95c0,25,42,Normal
2026-02-08 14:20:16.139136,London-95c0,-16,31,Normal
2026-02-08 14:20:17.139136,London-95c0,36,93,Normal
2026-02-08 14:20:18.139136,London-95c0,-27,52,Normal
2026-02-08 14:20:19.139136,London-95c0,32,75,Normal
2026-02-08 14:20:20.139136,London-95c0,40,57,Normal
2026-02-08 14:20:21.139136,London-95c0,-2,59,Normal
2026-02-08 14:20:22.139136,London-95c0,-2,15,Normal
2026-02-08 14:20:23.139136,London-95c0,-18,33,Normal
2026-02-08 14:20:24.139136,London-95c0,1,57,Normal
2026-02-08 14:20:25.139136,London-95c0,3,64,Normal
2026-02-08 14:20:26.139136,London-95c0,13,16,Normal
2026-02-08 14:20:27.139136,London-95c0,50,78,Normal
2026-02-08 14:20:28.139136,London-95c0,47,43,Normal
2026-02-08 14:20:29.139136,London-95c0,14,35,Normal
2026-02-08 14:20:30.139136,London-95c0,-8,41,Normal
2026-02-08 14:20:31.139136,London-95c0,17,84,Normal
2026-02-08 14:20:32.139136,London-95c0,39,50,Normal
2026-02-08 14:20:33.139136,London-95c0,19,3,Normal
2026-02-08 14:20:34.139136,London-95c0,40,26,Normal
2026-02-08 14:20:35.139136,London-95c0,8,100,Normal
2026-02-08 14:20:36.139136,London-95c0,-30,4,Normal
2026-02-08 14:20:37.139136,London-95c0,12,85,Normal
2026-02-08 14:20:38.139136,London-95c0,-27,90,Normal
2026-02-08 14:20:39.139136,London-95c0,-24,99,Normal
2026-02-08 14:20:40.139136,London-95c0,-4,99,Normal
2026-02-08 14:20:41.139136,London-95c0,-7,79,Normal
2026-02-08 14:20:42.139136,London-95c0,22,50,Normal
2026-02-08 14:20:43.139136,London-95c0,10,22,Normal
2026-02-08 14:20:44.139136,London-95c0,-17,60,Normal
2026-02-08 14:20:45.139136,London-95c0,27,81,Normal
2026-02-08 14:20:46.139136,London-95c0,50,14,Normal
2026-02-08 14:20:47.139136,London-95c0,8,15,Normal
2026-02-08 14:20:48.139136,London-95c0,3,42,Normal
2026-02-08 14:20:49.139136,London-95c0,33,27,Normal
2026-02-08 14:20:50.139136,London-95c0,-29,45,Normal
2026-02-08 14:20:51.139136,London-95c0,-20,28,Normal
2026-02-08 14:20:52.139136,London-95c0,34,79,Normal
2026-02-08 14:20:53.139136,London-95c0,49,17,Normal
2026-02-08 14:20:54.139136,London-95c0,14,9,Normal
2026-02-08 14:20:55.139136,London-95c0,-1,41,Normal
2026-02-08 14:20:56.139136,London-95c0,-12,45,Normal
2026-02-08 14:20:57.139136,London-95c0,-26,56,Normal
2026-02-08 14:20:58.139136,London-95c0,13,29,Normal
2026-02-08 14:20:59.139136,London-95c0,-28,48,Normal
2026-02-08 14:21:00.139136,London-95c0,13,21,Normal
2026-02-08 14:21:01.139136,London-95c0,38,8,Normal
2026-02-08 14:21:02.139136,London-95c0,29,11,Normal
2026-02-08 14:21:03.139136,London-95c0,50,61,Normal
2026-02-08 14:21:04.139136,London-95c0,2,65,Normal
2026-02-08 14:21:05.139136,London-95c0,16,11,Normal
2026-02-08 14:21:06.139136,London-95c0,14,25,Normal
2026-02-08 14:21:07.139136,London-95c0,2,45,Normal
2026-02-08 14:21:08.139136,London-95c0,25,78,Normal
2026-02-08 14:21:09.139136,London-95c0,17,38,Normal
2026-02-08 14:21:10.139136,London-95c0,-26,85,Normal
2026-02-08 14:21:11.139136,London-95c0,35,74,Normal
2026-02-08 14:21:12.139136,London-95c0,38,75,Normal
2026-02-08 14:21:13.139136,London-95c0,-12,66,Normal
2026-02-08 14:21:14.139136,London-95c0,-9,92,Normal
2026-02-08 14:21:15.139136,London-95c0,24,95,Normal
2026-02-08 14:21:16.139136,London-95c0,10,86,Normal
2026-02-08 14:21:17.139136,London-95c0,-27,89,Normal
2026-02-08 14:21:18.139136,London-95c0,19,29,Normal
2026-02-08 14:21:19.139136,London-95c0,40,100,Normal
2026-02-08 14:21:20.139136,London-95c0,48,26,Normal
2026-02-08 14:21:21.139136,London-95c0,1,40,Normal
2026-02-08 14:21:22.139136,London-95c0,5,35,Normal
2026-02-08 14:21:23.139136,London-95c0,-25,73,Normal
2026-02-08 14:21:24.139136,London-95c0,33,67,Normal
2026-02-08 14:21:25.139136,London-95c0,47,47,Normal
2026-02-08 14:21:26.139136,London-95c0,11,34,Normal
2026-02-08 14:21:27.139136,London-95c0,11,99,Normal
2026-02-08 14:21:28.139136,London-95c0,-9,19,Normal
2026-02-08 14:21:29.139136,London-95c0,43,18,Normal
2026-02-08 14:21:30.139136,London-95c0,17,75,Normal
2026-02-08 14:21:31.139136,London-95c0,31,32,Normal
2026-02-08 14:21:32.139136,London-95c0,16,99,Normal
2026-02-08 14:21:33.139136,London-95c0,23,67,Normal
2026-02-08 14:21:34.139136,London-95c0,38,87,Normal
2026-02-08 14:21:35.139136,London-95c0,40,25,Normal
2026-02-08 14:21:36.139136,London-95c0,26,88,Normal
2026-02-08 14:21:37.139136,London-95c0,-29,88,Normal
2026-02-08 14:21:38.139136,London-95c0,-6,48,Normal
2026-02-08 14:21:39.139136,London-95c0,-7,45,Normal
2026-02-08 14:21:40.139136,London-95c0,-4,9,Normal
2026-02-08 14:21:41.139136,London-95c0,37,46,Normal
2026-02-08 14:21:42.139136,London-95c0,36,88,Normal
2026-02-08 14:21:43.139136,London-95c0,46,34,Normal
2026-02-08 14:21:44.139136,London-95c0,-19,96,Normal
2026-02-08 14:21:45.139136,London-95c0,-24,65,Normal
2026-02-08 14:21:46.139136,London-95c0,14,44,Normal
2026-02-08 14:21:47.139136,London-95c0,-27,35,Normal
2026-02-08 14:21:48.139136,London-95c0,41,19,Normal
2026-02-08 14:21:49.139136,London-95c0,-18,31,Normal
2026-02-08 14:21:50.139136,London-95c0,6,23,Normal
2026-02-08 14:21:51.139136,London-95c0,44,89,Normal
2026-02-08 14:21:52.139136,London-95c0,50,83,Normal
2026-02-08 14:21:53.139136,London-95c0,-8,65,Normal
2026-02-08 14:21:54.139136,London-95c0,48,60,Normal
2026-02-08 14:21:55.139136,London-95c0,-22,53,Normal
2026-02-08 14:21:56.139136,London-95c0,5,93,Normal
2026-02-08 14:21:57.139136,London-95c0,43,83,Normal
2026-02-08 14:21:58.139136,London-95c0,-28,31,Normal
2026-02-08 14:21:59.139136,London-95c0,13,82,Normal
2026-02-08 14:22:00.139136,London-95c0,-4,90,Normal
2026-02-08 14:22:01.139136,London-95c0,17,20,Normal
2026-02-08 14:22:02.139136,London-95c0,-29,71,Normal
2026-02-08 14:22:03.139136,London-95c0,-28,3,Normal
2026-02-08 14:22:04.139136,London-95c0,-20,86,Normal
2026-02-08 14:22:05.139136,London-95c0,48,58,Normal
2026-02-08 14:22:06.139136,London-95c0,-16,20,Normal
2026-02-08 14:22:07.139136,London-95c0,17,37,Normal
2026-02-08 14:22:08.139136,London-95c0,3,28,Normal
2026-02-08 14:22:09.139136,London-95c0,2,58,Normal
2026-02-08 14:22:10.139136,London-95c0,33,46,Normal
2026-02-08 14:22:11.139136,London-95c0,-23,4,Normal
2026-02-08 14:22:12.139136,London-95c0,21,97,Normal
2026-02-08 14:22:13.139136,London-95c0,-29,31,Normal
2026-02-08 14:22:14.139136,London-95c0,22,95,Normal
2026-02-08 14:22:15.139136,London-95c0,-1,94,Normal
2026-02-08 14:22:16.139136,London-95c0,12,34,Normal
2026-02-08 14:22:17.139136,London-95c0,-29,74,Normal
2026-02-08 14:22:18.139136,London-95c0,34,78,Normal
2026-02-08 14:22:19.139136,London-95c0,27,24,Normal
2026-02-08 14:22:20.139136,London-95c0,-9,4,Normal
2026-02-08 14:22:21.139136,London-95c0,-27,41,Normal
2026-02-08 14:22:22.139136,London-95c0,11,58,Normal
2026-02-08 14:22:23.139136,London-95c0,-6,59,Normal
2026-02-08 14:22:24.139136,London-95c0,30,23,Normal
2026-02-08 14:22:25.139136,London-95c0,18,11,Normal
2026-02-08 14:22:26.139136,London-95c0,11,75,Normal
2026-02-08 14:22:27.139136,London-95c0,41,93,Normal
2026-02-08 14:22:28.139136,London-95c0,-24,76,Normal
2026-02-08 14:22:29.139136,London-95c0,-6,18,Normal
2026-02-08 14:22:30.139136,London-95c0,-18,40,Normal
2026-02-08 14:22:31.139136,London-95c0,-7,13,Normal
2026-02-08 14:22:32.139136,London-95c0,7,27,Normal
2026-02-08 14:22:33.139136,London-95c0,-7,45,Normal
2026-02-08 14:22:34.139136,London-95c0,-7,16,Normal
2026-02-08 14:22:35.139136,London-95c0,14,16,Normal
2026-02-08 14:22:36.139136,London-95c0,20,28,Normal
2026-02-08 14:22:37.139136,London-95c0,-17,18,Normal
2026-02-08 14:22:38.139136,London-95c0,-30,46,Normal
2026-02-08 14:22:39.139136,London-95c0,2,66,Normal
2026-02-08 14:22:40.139136,London-95c0,47,18,Normal
2026-02-08 14:22:41.139136,London-95c0,-8,11,Normal
2026-02-08 14:22:42.139136,London-95c0,-19,28,Normal
2026-02-08 14:22:43.139136,London-95c0,20,87,Normal
2026-02-08 14:22:44.139136,London-95c0,-18,64,Normal
2026-02-08 14:22:45.139136,London-95c0,15,1,Normal
2026-02-08 14:22:46.139136,London-95c0,-9,75,Normal
2026-02-08 14:22:47.139136,London-95c0,0,43,Normal
2026-02-08 14:22:48.139136,London-95c0,12,46,Normal
2026-02-08 14:22:49.139136,London-95c0,15,85,Normal
2026-02-08 14:22:50.139136,London-95c0,-18,73,Normal
2026-02-08 14:22:51.139136,London-95c0,31,54,Normal
2026-02-08 14:22:52.139136,London-95c0,-15,23,Normal
2026-02-08 14:22:53.139136,London-95c0,-11,87,Normal
2026-02-08 14:22:54.139136,London-95c0,1,60,Normal
2026-02-08 14:22:55.139136,London-95c0,-5,100,Normal
2026-02-08 14:22:56.139136,London-95c0,-20,95,Normal
2026-02-08 14:22:57.139136,London-95c0,12,27,Normal
2026-02-08 14:22:58.139136,London-95c0,3,85,Normal
2026-02-08 14:22:59.139136,London-95c0,2,93,Normal
2026-02-08 14:23:00.139136,London-95c0,-17,27,Normal
2026-02-08 14:23:01.139136,London-95c0,7,80,Normal
2026-02-08 14:23:02.139136,London-95c0,-15,97,Normal
2026-02-08 14:23:03.139136,London-95c0,20,31,Normal
2026-02-08 14:23:04.139136,London-95c0,-13,56,Normal
2026-02-08 14:23:05.139136,London-95c0,-24,82,Normal
2026-02-08 14:23:06.139136,London-95c0,19,50,Normal
2026-02-08 14:23:07.139136,London-95c0,-10,60,Normal
2026-02-08 14:23:08.139136,London-95c0,-8,10,Normal
2026-02-08 14:23:09.139136,London-95c0,17,84,Normal
2026-02-08 14:23:10.139136,London-95c0,31,20,Normal
2026-02-08 14:23:11.139136,London-95c0,-28,21,Normal
2026-02-08 14:23:12.139136,London-95c0,-13,1,Normal
2026-02-08 14:23:13.139136,London-95c0,45,64,Normal
2026-02-08 14:23:14.139136,London-95c0,-26,82,Normal
2026-02-08 14:23:15.139136,London-95c0,11,92,Normal
2026-02-08 14:23:16.139136,London-95c0,1,22,Normal
2026-02-08 14:23:17.139136,London-95c0,42,36,Normal
2026-02-08 14:23:18.139136,London-95c0,3,7,Normal
2026-02-08 14:23:19.139136,London-95c0,11,18,Normal
2026-02-08 14:23:20.139136,London-95c0,-27,19,Normal
2026-02-08 14:23:21.139136,London-95c0,22,33,Normal
2026-02-08 14:23:22.139136,London-95c0,40,54,Normal
2026-02-08 14:23:23.139136,London-95c0,25,87,Normal
2026-02-08 14:23:24.139136,London-95c0,-25,92,Normal
2026-02-08 14:23:25.139136,London-95c0,-20,40,Normal
2026-02-08 14:23:26.139136,London-95c0,47,64,Normal
2026-02-08 14:23:27.139136,London-95c0,40,73,Normal
2026-02-08 14:23:28.139136,London-95c0,-2,97,Normal
2026-02-08 14:23:29.139136,London-95c0,42,1,Normal
2026-02-08 14:23:30.139136,London-95c0,48,91,Normal
2026-02-08 14:23:31.139136,London-95c0,11,48,Normal
2026-02-08 14:23:32.139136,London-95c0,46,32,Normal
2026-02-08 14:23:33.139136,London-95c0,-28,36,Normal
2026-02-08 14:23:34.139136,London-95c0,29,48,Normal
2026-02-08 14:23:35.139136,London-95c0,23,12,Normal
2026-02-08 14:23:36.139136,London-95c0,8,99,Normal
2026-02-08 14:23:37.139136,London-95c0,15,3,Normal
2026-02-08 14:23:38.139136,London-95c0,18,32,Normal
2026-02-08 14:23:39.139136,London-95c0,-1,43,Normal
2026-02-08 14:23:40.139136,London-95c0,-3,33,Normal
2026-02-08 14:23:41.139136,London-95c0,-3,11,Normal
2026-02-08 14:23:42.139136,London-95c0,3,29,Normal
2026-02-08 14:23:43.139136,London-95c0,-4,31,Normal
2026-02-08 14:23:44.139136,London-95c0,14,79,Normal
2026-02-08 14:23:45.139136,London-95c0,-17,97,Normal
2026-02-08 14:23:46.139136,London-95c0,48,21,Normal
2026-02-08 14:23:47.139136,London-95c0,43,90,Normal
2026-02-08 14:23:48.139136,London-95c0,-7,79,Normal
2026-02-08 14:23:49.139136,London-95c0,-17,78,Normal
2026-02-08 14:23:50.139136,London-95c0,-24,85,Normal
2026-02-08 14:23:51.139136,London-95c0,45,78,Normal
2026-02-08 14:23:52.139136,London-95c0,30,19,Normal
2026-02-08 14:23:53.139136,London-95c0,44,53,Normal
2026-02-08 14:23:54.139136,London-95c0,22,18,Normal
2026-02-08 14:23:55.139136,London-95c0,-20,62,Normal
2026-02-08 14:23:56.139136,London-95c0,-30,56,Normal
2026-02-08 14:23:57.139136,London-95c0,23,0,Normal
2026-02-08 14:23:58.139136,London-95c0,6,56,Normal
2026-02-08 14:23:59.139136,London-95c0,7,8,Normal
2026-02-08 14:24:00.139136,London-95c0,22,42,Normal
2026-02-08 14:24:01.139136,London-95c0,-8,17,Normal
2026-02-08 14:24:02.139136,London-95c0,-26,69,Normal
2026-02-08 14:24:03.139136,London-95c0,-30,14,Normal
2026-02-08 14:24:04.139136,London-95c0,-30,70,Normal
2026-02-08 14:24:05.139136,London-95c0,4,100,Normal
2026-02-08 14:24:06.139136,London-95c0,-8,72,Normal
2026-02-08 14:24:07.139136,London-95c0,39,77,Normal
2026-02-08 14:24:08.139136,London-95c0,20,92,Normal
2026-02-08 14:24:09.139136,London-95c0,4,18,Normal
2026-02-08 14:24:10.139136,London-95c0,23,1,Normal
2026-02-08 14:24:11.139136,London-95c0,26,76,Normal
2026-02-08 14:24:12.139136,London-95c0,14,13,Normal
2026-02-08 14:24:13.139136,London-95c0,30,27,Normal
2026-02-08 14:24:14.139136,London-95c0,-29,31,Normal
2026-02-08 14:24:15.139136,London-95c0,40,79,Normal
2026-02-08 14:24:16.139136,London-95c0,-14,17,Normal
2026-02-08 14:24:17.139136,London-95c0,-29,12,Normal
2026-02-08 14:24:18.139136,London-95c0,8,56,Normal
2026-02-08 14:24:19.139136,London-95c0,23,64,Normal
2026-02-08 14:24:20.139136,London-95c0,26,49,Normal
2026-02-08 14:24:21.139136,London-95c0,24,28,Normal
2026-02-08 14:24:22.139136,London-95c0,35,71,Normal
2026-02-08 14:24:23.139136,London-95c0,-26,52,Normal
2026-02-08 14:24:24.139136,London-95c0,-10,70,Normal
2026-02-08 14:24:25.139136,London-95c0,7,4,Normal
2026-02-08 14:24:26.139136,London-95c0,-2,95,Normal
2026-02-08 14:24:27.139136,London-95c0,6,73,Normal
2026-02-08 14:24:28.139136,London-95c0,-5,85,Normal
2026-02-08 14:24:29.139136,London-95c0,38,71,Normal
2026-02-08 14:24:30.139136,London-95c0,-13,63,Normal
2026-02-08 14:24:31.139136,London-95c0,-7,37,Normal
2026-02-08 14:24:32.139136,London-95c0,6,59,Normal
2026-02-08 14:24:33.139136,London-95c0,-1,88,Normal
2026-02-08 14:24:34.139136,London-95c0,40,26,Normal
2026-02-08 14:24:35.139136,London-95c0,29,76,Normal
2026-02-08 14:24:36.139136,London-95c0,-17,88,Normal
2026-02-08 14:24:37.139136,London-95c0,-18,11,Normal
2026-02-08 14:24:38.139136,London-95c0,8,91,Normal
2026-02-08 14:24:39.139136,London-95c0,23,6,Normal
2026-02-08 14:24:40.139136,London-95c0,42,24,Normal
2026-02-08 14:24:41.139136,London-95c0,13,56,Normal
2026-02-08 14:24:42.139136,London-95c0,-3,52,Normal
2026-02-08 14:24:43.139136,London-95c0,47,52,Normal
2026-02-08 14:24:44.139136,London-95c0,5,98,Normal
2026-02-08 14:24:45.139136,London-95c0,-7,12,Normal
2026-02-08 14:24:46.139136,London-95c0,11,24,Normal
2026-02-08 14:24:47.139136,London-95c0,-13,82,Normal
2026-02-08 14:24:48.139136,London-95c0,27,28,Normal
2026-02-08 14:24:49.139136,London-95c0,19,57,Normal
2026-02-08 14:24:50.139136,London-95c0,-8,10,Normal
2026-02-08 14:24:51.139136,London-95c0,15,16,Normal
2026-02-08 14:24:52.139136,London-95c0,46,67,Normal
2026-02-08 14:24:53.139136,London-95c0,9,68,Normal
2026-02-08 14:24:54.139136,London-95c0,30,10,Normal
2026-02-08 14:24:55.139136,London-95c0,25,71,Normal
2026-02-08 14:24:56.139136,London-95c0,-10,2,Normal
2026-02-08 14:24:57.139136,London-95c0,25,50,Normal
2026-02-08 14:24:58.139136,London-95c0,42,10,Normal
2026-02-08 14:24:59.139136,London-95c0,-19,24,Normal
2026-02-08 14:25:00.139136,London-95c0,47,47,Normal
2026-02-08 14:25:01.139136,London-95c0,31,63,Normal
2026-02-08 14:25:02.139136,London-95c0,37,20,Normal
2026-02-08 14:25:03.139136,London-95c0,28,44,Normal
2026-02-08 14:25:04.139136,London-95c0,19,71,Normal
2026-02-08 14:25:05.139136,London-95c0,-13,10,Normal
2026-02-08 14:25:06.139136,London-95c0,32,10,Normal
2026-02-08 14:25:07.139136,London-95c0,25,72,Normal
2026-02-08 14:25:08.139136,London-95c0,-1,23,Normal
2026-02-08 14:25:09.139136,London-95c0,24,89,Normal
2026-02-08 14:25:10.139136,London-95c0,8,85,Normal
2026-02-08 14:25:11.139136,London-95c0,40,31,Normal
2026-02-08 14:25:12.139136,London-95c0,-15,33,Normal
2026-02-08 14:25:13.139136,London-95c0,28,45,Normal
2026-02-08 14:25:14.139136,London-95c0,-22,97,Normal
2026-02-08 14:25:15.139136,London-95c0,-26,52,Normal
2026-02-08 14:25:16.139136,London-95c0,21,18,Normal
2026-02-08 14:25:17.139136,London-95c0,32,49,Normal
2026-02-08 14:25:18.139136,London-95c0,25,93,Normal
2026-02-08 14:25:19.139136,London-95c0,13,70,Normal
2026-02-08 14:25:20.139136,London-95c0,-7,87,Normal
2026-02-08 14:25:21.139136,London-95c0,47,16,Normal
2026-02-08 14:25:22.139136,London-95c0,20,95,Normal
2026-02-08 14:25:23.139136,London-95c0,21,22,Normal
2026-02-08 14:25:24.139136,London-95c0,43,33,Normal
2026-02-08 14:25:25.139136,London-95c0,-5,24,Normal
2026-02-08 14:25:26.139136,London-95c0,37,94,Normal
2026-02-08 14:25:27.139136,London-95c0,-13,90,Normal
2026-02-08 14:25:28.139136,London-95c0,21,38,Normal
2026-02-08 14:25:29.139136,London-95c0,-10,71,Normal
2026-02-08 14:25:30.139136,London-95c0,41,10,Normal
2026-02-08 14:25:31.139136,London-95c0,37,52,Normal
2026-02-08 14:25:32.139136,London-95c0,15,56,Normal
2026-02-08 14:25:33.139136,London-95c0,30,38,Normal
2026-02-08 14:25:34.139136,London-95c0,-19,66,Normal
2026-02-08 14:25:35.139136,London-95c0,46,39,Normal
2026-02-08 14:25:36.139136,London-95c0,6,48,Normal
2026-02-08 14:25:37.139136,London-95c0,-5,59,Normal
2026-02-08 14:25:38.139136,London-95c0,27,96,Normal
2026-02-08 14:25:39.139136,London-95c0,-2,46,Normal
2026-02-08 14:25:40.139136,London-95c0,-18,29,Normal
2026-02-08 14:25:41.139136,London-95c0,22,73,Normal
2026-02-08 14:25:42.139136,London-95c0,-26,93,Normal
2026-02-08 14:25:43.139136,London-95c0,9,23,Normal
2026-02-08 14:25:44.139136,London-95c0,4,1,Normal
2026-02-08 14:25:45.139136,London-95c0,-6,37,Normal
2026-02-08 14:25:46.139136,London-95c0,10,93,Normal
2026-02-08 14:25:47.139136,London-95c0,-25,42,Normal
2026-02-08 14:25:48.139136,London-95c0,35,10,Normal
2026-02-08 14:25:49.139136,London-95c0,33,98,Normal
2026-02-08 14:25:50.139136,London-95c0,-8,11,Normal
2026-02-08 14:25:51.139136,London-95c0,-2,60,Normal
2026-02-08 14:25:52.139136,London-95c0,38,76,Normal
2026-02-08 14:25:53.139136,London-95c0,24,64,Normal
2026-02-08 14:25:54.139136,London-95c0,21,74,Normal
2026-02-08 14:25:55.139136,London-95c0,30,24,Normal
2026-02-08 14:25:56.139136,London-95c0,25,69,Normal
2026-02-08 14:25:57.139136,London-95c0,-27,61,Normal
2026-02-08 14:25:58.139136,London-95c0,48,54,Normal
2026-02-08 14:25:59.139136,London-95c0,35,3,Normal
2026-02-08 14:26:00.139136,London-95c0,-8,17,Normal
2026-02-08 14:26:01.139136,London-95c0,44,44,Normal
2026-02-08 14:26:02.139136,London-95c0,37,68,Normal
2026-02-08 14:26:03.139136,London-95c0,-5,97,Normal
2026-02-08 14:26:04.139136,London-95c0,22,90,Normal
2026-02-08 14:26:05.139136,London-95c0,-10,21,Normal
2026-02-08 14:26:06.139136,London-95c0,-4,73,Normal
2026-02-08 14:26:07.139136,London-95c0,-12,41,Normal
2026-02-08 14:26:08.139136,London-95c0,-7,65,Normal
2026-02-08 14:26:09.139136,London-95c0,50,20,Normal
2026-02-08 14:26:10.139136,London-95c0,21,100,Normal
2026-02-08 14:26:11.139136,London-95c0,22,19,Normal
2026-02-08 14:26:12.139136,London-95c0,29,0,Normal
2026-02-08 14:26:13.139136,London-95c0,-26,41,Normal
2026-02-08 14:26:14.139136,London-95c0,9,96,Normal
2026-02-08 14:26:15.139136,London-95c0,-4,0,Normal
2026-02-08 14:26:16.139136,London-95c0,46,3,Normal
2026-02-08 14:26:17.139136,London-95c0,49,32,Normal
2026-02-08 14:26:18.139136,London-95c0,21,73,Normal
2026-02-08 14:26:19.139136,London-95c0,27,54,Normal
2026-02-08 14:26:20.139136,London-95c0,37,97,Normal
2026-02-08 14:26:21.139136,London-95c0,45,47,Normal
2026-02-08 14:26:22.139136,London-95c0,47,20,Normal
2026-02-08 14:26:23.139136,London-95c0,27,99,Normal
2026-02-08 14:26:24.139136,London-95c0,36,37,Normal
2026-02-08 14:26:25.139136,London-95c0,-2,67,Normal
2026-02-08 14:26:26.139136,London-95c0,39,95,Normal
2026-02-08 14:26:27.139136,London-95c0,18,6,Normal
2026-02-08 14:26:28.139136,London-95c0,1,61,Normal
2026-02-08 14:26:29.139136,London-95c0,43,65,Normal
2026-02-08 14:26:30.139136,London-95c0,46,91,Normal
2026-02-08 14:26:31.139136,London-95c0,14,30,Normal
2026-02-08 14:26:32.139136,London-95c0,36,39,Normal
2026-02-08 14:26:33.139136,London-95c0,-29,7,Normal
2026-02-08 14:26:34.139136,London-95c0,-9,95,Normal
2026-02-08 14:26:35.139136,London-95c0,47,16,Normal
2026-02-08 14:26:36.139136,London-95c0,33,51,Normal
2026-02-08 14:26:37.139136,London-95c0,24,44,Normal
2026-02-08 14:26:38.139136,London-95c0,24,31,Normal
2026-02-08 14:26:39.139136,London-95c0,48,43,Normal
2026-02-08 14:26:40.139136,London-95c0,-27,63,Normal
2026-02-08 14:26:41.139136,London-95c0,25,20,Normal
2026-02-08 14:26:42.139136,London-95c0,27,91,Normal
2026-02-08 14:26:43.139136,London-95c0,-17,56,Normal
2026-02-08 14:26:44.139136,London-95c0,-18,23,Normal
2026-02-08 14:26:45.139136,London-95c0,6,32,Normal
2026-02-08 14:26:46.139136,London-95c0,-17,21,Normal
2026-02-08 14:26:47.139136,London-95c0,44,75,Normal
2026-02-08 14:26:48.139136,London-95c0,45,100,Normal
2026-02-08 14:26:49.139136,London-95c0,-26,9,Normal
2026-02-08 14:26:50.139136,London-95c0,-2,75,Normal
2026-02-08 14:26:51.139136,London-95c0,41,84,Normal
2026-02-08 14:26:52.139136,London-95c0,-7,90,Normal
2026-02-08 14:26:53.139136,London-95c0,46,93,Normal
2026-02-08 14:26:54.139136,London-95c0,29,43,Normal
2026-02-08 14:26:55.139136,London-95c0,13,17,Normal
2026-02-08 14:26:56.139136,London-95c0,2,89,Normal
2026-02-08 14:26:57.139136,London-95c0,6,45,Normal
2026-02-08 14:26:58.139136,London-95c0,49,38,Normal
2026-02-08 14:26:59.139136,London-95c0,26,60,Normal
2026-02-08 14:27:00.139136,London-95c0,15,81,Normal
2026-02-08 14:27:01.139136,London-95c0,3,89,Normal
2026-02-08 14:27:02.139136,London-95c0,-20,29,Normal
2026-02-08 14:27:03.139136,London-95c0,23,75,Normal
2026-02-08 14:27:04.139136,London-95c0,20,12,Normal
2026-02-08 14:27:05.139136,London-95c0,-19,12,Normal
2026-02-08 14:27:06.139136,London-95c0,-13,45,Normal
2026-02-08 14:27:07.139136,London-95c0,13,42,Normal
2026-02-08 14:27:08.139136,London-95c0,35,32,Normal
2026-02-08 14:27:09.139136,London-95c0,29,52,Normal
2026-02-08 14:27:10.139136,London-95c0,40,38,Normal
2026-02-08 14:27:11.139136,London-95c0,9,92,Normal
2026-02-08 14:27:12.139136,London-95c0,-23,43,Normal
2026-02-08 14:27:13.139136,London-95c0,-2,32,Normal
2026-02-08 14:27:14.139136,London-95c0,-5,8,Normal
2026-02-08 14:27:15.139136,London-95c0,25,17,Normal
2026-02-08 14:27:16.139136,London-95c0,18,63,Normal
2026-02-08 14:27:17.139136,London-95c0,-10,34,Normal
2026-02-08 14:27:18.139136,London-95c0,-4,25,Normal
2026-02-08 14:27:19.139136,London-95c0,43,51,Normal
2026-02-08 14:27:20.139136,London-95c0,45,67,Normal
2026-02-08 14:27:21.139136,London-95c0,-30,6,Normal
2026-02-08 14:27:22.139136,London-95c0,2,86,Normal
2026-02-08 14:27:23.139136,London-95c0,-13,45,Normal
2026-02-08 14:27:24.139136,London-95c0,26,0,Normal
2026-02-08 14:27:25.139136,London-95c0,42,18,Normal
2026-02-08 14:27:26.139136,London-95c0,9,75,Normal
2026-02-08 14:27:27.139136,London-95c0,50,33,Normal
2026-02-08 14:27:28.139136,London-95c0,31,3,Normal
2026-02-08 14:27:29.139136,London-95c0,-29,76,Normal
2026-02-08 14:27:30.139136,London-95c0,3,79,Normal
2026-02-08 14:27:31.139136,London-95c0,14,26,Normal
2026-02-08 14:27:32.139136,London-95c0,34,85,Normal
2026-02-08 14:27:33.139136,London-95c0,26,3,Normal
2026-02-08 14:27:34.139136,London-95c0,4,8,Normal
2026-02-08 14:27:35.139136,London-95c0,44,73,Normal
2026-02-08 14:27:36.139136,London-95c0,40,7,Normal
2026-02-08 14:27:37.139136,London-95c0,26,9,Normal
2026-02-08 14:27:38.139136,London-95c0,17,31,Normal
2026-02-08 14:27:39.139136,London-95c0,-22,21,Normal
2026-02-08 14:27:40.139136,London-95c0,36,30,Normal
2026-02-08 14:27:41.139136,London-95c0,14,78,Normal
2026-02-08 14:27:42.139136,London-95c0,48,49,Normal
2026-02-08 14:27:43.139136,London-95c0,-2,87,Normal
2026-02-08 14:27:44.139136,London-95c0,50,18,Normal
2026-02-08 14:27:45.139136,London-95c0,-29,61,Normal
2026-02-08 14:27:46.139136,London-95c0,-3,11,Normal
2026-02-08 14:27:47.139136,London-95c0,47,12,Normal
2026-02-08 14:27:48.139136,London-95c0,27,51,Normal
2026-02-08 14:27:49.139136,London-95c0,21,59,Normal
2026-02-08 14:27:50.139136,London-95c0,13,70,Normal
2026-02-08 14:27:51.139136,London-95c0,30,9,Normal
2026-02-08 14:27:52.139136,London-95c0,-29,55,Normal
2026-02-08 14:27:53.139136,London-95c0,49,18,Normal
2026-02-08 14:27:54.139136,London-95c0,4,3,Normal
2026-02-08 14:27:55.139136,London-95c0,-17,86,Normal
2026-02-08 14:27:56.139136,London-95c0,13,44,Normal
2026-02-08 14:27:57.139136,London-95c0,43,92,Normal
2026-02-08 14:27:58.139136,London-95c0,24,19,Normal
2026-02-08 14:27:59.139136,London-95c0,-28,38,Normal
2026-02-08 14:28:00.139136,London-95c0,8,19,Normal
2026-02-08 14:28:01.139136,London-95c0,43,86,Normal
2026-02-08 14:28:02.139136,London-95c0,6,24,Normal
2026-02-08 14:28:03.139136,London-95c0,26,19,Normal
2026-02-08 14:28:04.139136,London-95c0,-26,5,Normal
2026-02-08 14:28:05.139136,London-95c0,-6,34,Normal
2026-02-08 14:28:06.139136,London-95c0,4,54,Normal
2026-02-08 14:28:07.139136,London-95c0,18,25,Normal
2026-02-08 14:28:08.139136,London-95c0,-5,53,Normal
2026-02-08 14:28:09.139136,London-95c0,12,19,Normal
2026-02-08 14:28:10.139136,London-95c0,42,85,Normal
2026-02-08 14:28:11.139136,London-95c0,10,85,Normal
2026-02-08 14:28:12.139136,London-95c0,3,70,Normal
2026-02-08 14:28:13.139136,London-95c0,0,87,Normal
2026-02-08 14:28:14.139136,London-95c0,33,62,Normal
2026-02-08 14:28:15.139136,London-95c0,19,40,Normal
2026-02-08 14:28:16.139136,London-95c0,7,69,Normal
2026-02-08 14:28:17.139136,London-95c0,19,94,Normal
2026-02-08 14:28:18.139136,London-95c0,21,99,Normal
2026-02-08 14:28:19.139136,London-95c0,38,84,Normal
2026-02-08 14:28:20.139136,London-95c0,-30,96,Normal
2026-02-08 14:28:21.139136,London-95c0,33,2,Normal
2026-02-08 14:28:22.139136,London-95c0,1,98,Normal
2026-02-08 14:28:23.139136,London-95c0,2,85,Normal
2026-02-08 14:28:24.139136,London-95c0,38,40,Normal
2026-02-08 14:28:25.139136,London-95c0,2,11,Normal
2026-02-08 14:28:26.139136,London-95c0,11,28,Normal
2026-02-08 14:28:27.139136,London-95c0,36,4,Normal
2026-02-08 14:28:28.139136,London-95c0,15,91,Normal
2026-02-08 14:28:29.139136,London-95c0,-10,77,Normal
2026-02-08 14:28:30.139136,London-95c0,8,31,Normal
2026-02-08 14:28:31.139136,London-95c0,4,18,Normal
2026-02-08 14:28:32.139136,London-95c0,14,93,Normal
2026-02-08 14:28:33.139136,London-95c0,-13,68,Normal
2026-02-08 14:28:34.139136,London-95c0,7,32,Normal
2026-02-08 14:28:35.139136,London-95c0,41,16,Normal
2026-02-08 14:28:36.139136,London-95c0,48,56,Normal
2026-02-08 14:28:37.139136,London-95c0,-18,73,Normal
2026-02-08 14:28:38.139136,London-95c0,11,47,Normal
2026-02-08 14:28:39.139136,London-95c0,50,40,Normal
2026-02-08 14:28:40.139136,London-95c0,-27,92,Normal
2026-02-08 14:28:41.139136,London-95c0,-26,78,Normal
2026-02-08 14:28:42.139136,London-95c0,19,40,Normal
2026-02-08 14:28:43.139136,London-95c0,49,33,Normal
2026-02-08 14:28:44.139136,London-95c0,35,83,Normal
2026-02-08 14:28:45.139136,London-95c0,-28,73,Normal
2026-02-08 14:28:46.139136,London-95c0,31,53,Normal
2026-02-08 14:28:47.139136,London-95c0,-10,16,Normal
2026-02-08 14:28:48.139136,London-95c0,-2,22,Normal
2026-02-08 14:28:49.139136,London-95c0,13,12,Normal
2026-02-08 14:28:50.139136,London-95c0,9,97,Normal
2026-02-08 14:28:51.139136,London-95c0,19,58,Normal
2026-02-08 14:28:52.139136,London-95c0,-21,22,Normal
2026-02-08 14:28:53.139136,London-95c0,44,13,Normal
2026-02-08 14:28:54.139136,London-95c0,-16,41,Normal
2026-02-08 14:28:55.139136,London-95c0,-29,63,Normal
2026-02-08 14:28:56.139136,London-95c0,26,69,Normal
2026-02-08 14:28:57.139136,London-95c0,26,98,Normal
2026-02-08 14:28:58.139136,London-95c0,48,10,Normal
2026-02-08 14:28:59.139136,London-95c0,27,19,Normal
2026-02-08 14:29:00.139136,London-95c0,15,29,Normal
2026-02-08 14:29:01.139136,London-95c0,-17,99,Normal
2026-02-08 14:29:02.139136,London-95c0,-6,52,Normal
2026-02-08 14:29:03.139136,London-95c0,-6,93,Normal
2026-02-08 14:29:04.139136,London-95c0,37,22,Normal
2026-02-08 14:29:05.139136,London-95c0,-15,41,Normal
2026-02-08 14:29:06.139136,London-95c0,23,86,Normal
2026-02-08 14:29:07.139136,London-95c0,18,23,Normal
2026-02-08 14:29:08.139136,London-95c0,38,37,Normal
2026-02-08 14:29:09.139136,London-95c0,-5,65,Normal
2026-02-08 14:29:10.139136,London-95c0,-24,10,Normal
2026-02-08 14:29:11.139136,London-95c0,3,16,Normal
2026-02-08 14:29:12.139136,London-95c0,-25,79,Normal
2026-02-08 14:29:13.139136,London-95c0,37,54,Normal
2026-02-08 14:29:14.139136,London-95c0,-6,13,Normal
2026-02-08 14:29:15.139136,London-95c0,-8,90,Normal
2026-02-08 14:29:16.139136,London-95c0,-24,38,Normal
2026-02-08 14:29:17.139136,London-95c0,2,38,Normal
2026-02-08 14:29:18.139136,London-95c0,15,54,Normal
2026-02-08 14:29:19.139136,London-95c0,-17,51,Normal
2026-02-08 14:29:20.139136,London-95c0,10,67,Normal
2026-02-08 14:29:21.139136,London-95c0,-19,75,Normal
2026-02-08 14:29:22.139136,London-95c0,11,75,Normal
2026-02-08 14:29:23.139136,London-95c0,32,71,Normal
2026-02-08 14:29:24.139136,London-95c0,48,16,Normal
2026-02-08 14:29:25.139136,London-95c0,23,33,Normal
2026-02-08 14:29:26.139136,London-95c0,-8,0,Normal
2026-02-08 14:29:27.139136,London-95c0,-10,9,Normal
2026-02-08 14:29:28.139136,London-95c0,3,20,Normal
2026-02-08 14:29:29.139136,London-95c0,13,72,Normal
2026-02-08 14:29:30.139136,London-95c0,36,50,Normal
2026-02-08 14:29:31.139136,London-95c0,-8,14,Normal
2026-02-08 14:29:32.139136,London-95c0,19,75,Normal
2026-02-08 14:29:33.139136,London-95c0,5,18,Normal
2026-02-08 14:29:34.139136,London-95c0,4,7,Normal
2026-02-08 14:29:35.139136,London-95c0,37,38,Normal
2026-02-08 14:29:36.139136,London-95c0,-10,46,Normal
2026-02-08 14:29:37.139136,London-95c0,7,30,Normal
2026-02-08 14:29:38.139136,London-95c0,0,5,Normal
2026-02-08 14:29:39.139136,London-95c0,20,43,Normal
2026-02-08 14:29:40.139136,London-95c0,-26,5,Normal
2026-02-08 14:29:41.139136,London-95c0,21,12,Normal
2026-02-08 14:29:42.139136,London-95c0,-17,26,Normal
2026-02-08 14:29:43.139136,London-95c0,18,47,Normal
2026-02-08 14:29:44.139136,London-95c0,-30,15,Normal
2026-02-08 14:29:45.139136,London-95c0,17,2,Normal
2026-02-08 14:29:46.139136,London-95c0,-4,57,Normal
2026-02-08 14:29:47.139136,London-95c0,-25,45,Normal
2026-02-08 14:29:48.139136,London-95c0,2,57,Normal
2026-02-08 14:29:49.139136,London-95c0,45,22,Normal
2026-02-08 14:29:50.139136,London-95c0,13,63,Normal
2026-02-08 14:29:51.139136,London-95c0,-1,76,Normal
2026-02-08 14:29:52.139136,London-95c0,7,60,Normal
2026-02-08 14:29:53.139136,London-95c0,34,3,Normal
2026-02-08 14:29:54.139136,London-95c0,18,31,Normal
2026-02-08 14:29:55.139136,London-95c0,27,98,Normal
2026-02-08 14:29:56.139136,London-95c0,19,42,Normal
2026-02-08 14:29:57.139136,London-95c0,39,41,Normal
2026-02-08 14:29:58.139136,London-95c0,-9,4,Normal
2026-02-08 14:29:59.139136,London-95c0,19,26,Normal
2026-02-08 14:30:00.139136,London-95c0,-26,39,Normal
2026-02-08 14:30:01.139136,London-95c0,-15,87,Normal
2026-02-08 14:30:02.139136,London-95c0,-10,57,Normal
2026-02-08 14:30:03.139136,London-95c0,-7,50,Normal
2026-02-08 14:30:04.139136,London-95c0,-27,25,Normal
2026-02-08 14:30:05.139136,London-95c0,-18,34,Normal
2026-02-08 14:30:06.139136,London-95c0,22,79,Normal
2026-02-08 14:30:07.139136,London-95c0,24,95,Normal
2026-02-08 14:30:08.139136,London-95c0,32,15,Normal
2026-02-08 14:30:09.139136,London-95c0,-18,74,Normal
2026-02-08 14:30:10.139136,London-95c0,-22,25,Normal
2026-02-08 14:30:11.139136,London-95c0,35,19,Normal
2026-02-08 14:30:12.139136,London-95c0,38,18,Normal
2026-02-08 14:30:13.139136,London-95c0,-1,87,Normal
2026-02-08 14:30:14.139136,London-95c0,29,31,Normal
2026-02-08 14:30:15.139136,London-95c0,7,100,Normal
2026-02-08 14:30:16.139136,London-95c0,22,9,Normal
2026-02-08 14:30:17.139136,London-95c0,-2,47,Normal
2026-02-08 14:30:18.139136,London-95c0,14,99,Normal
2026-02-08 14:30:19.139136,London-95c0,1,0,Normal
2026-02-08 14:30:20.139136,London-95c0,-27,52,Normal
2026-02-08 14:30:21.139136,London-95c0,28,12,Normal
2026-02-08 14:30:22.139136,London-95c0,4,38,Normal
2026-02-08 14:30:23.139136,London-95c0,31,66,Normal
2026-02-08 14:30:24.139136,London-95c0,-26,40,Normal
2026-02-08 14:30:25.139136,London-95c0,29,21,Normal
2026-02-08 14:30:26.139136,London-95c0,17,51,Normal
2026-02-08 14:30:27.139136,London-95c0,46,66,Normal
2026-02-08 14:30:28.139136,London-95c0,28,70,Normal
2026-02-08 14:30:29.139136,London-95c0,-19,14,Normal
2026-02-08 14:30:30.139136,London-95c0,-5,29,Normal
2026-02-08 14:30:31.139136,London-95c0,-18,98,Normal
2026-02-08 14:30:32.139136,London-95c0,-9,46,Normal
2026-02-08 14:30:33.139136,London-95c0,0,88,Normal
2026-02-08 14:30:34.139136,London-95c0,35,99,Normal
2026-02-08 14:30:35.139136,London-95c0,26,90,Normal
2026-02-08 14:30:36.139136,London-95c0,20,51,Normal
2026-02-08 14:30:37.139136,London-95c0,-1,100,Normal
2026-02-08 14:30:38.139136,London-95c0,-29,20,Normal
2026-02-08 14:30:39.139136,London-95c0,37,80,Normal
2026-02-08 14:30:40.139136,London-95c0,-15,51,Normal
2026-02-08 14:30:41.139136,London-95c0,3,86,Normal
2026-02-08 14:30:42.139136,London-95c0,44,92,Normal
2026-02-08 14:30:43.139136,London-95c0,22,54,Normal
2026-02-08 14:30:44.139136,London-95c0,-8,18,Normal
2026-02-08 14:30:45.139136,London-95c0,8,47,Normal
2026-02-08 14:30:46.139136,London-95c0,-15,34,Normal
2026-02-08 14:30:47.139136,London-95c0,-1,43,Normal
2026-02-08 14:30:48.139136,London-95c0,6,36,Normal
2026-02-08 14:30:49.139136,London-95c0,-25,99,Normal
2026-02-08 14:30:50.139136,London-95c0,1,10,Normal
2026-02-08 14:30:51.139136,London-95c0,43,57,Normal
2026-02-08 14:30:52.139136,London-95c0,24,59,Normal
2026-02-08 14:30:53.139136,London-95c0,-15,25,Normal
2026-02-08 14:30:54.139136,London-95c0,-27,97,Normal
2026-02-08 14:30:55.139136,London-95c0,19,69,Normal
2026-02-08 14:30:56.139136,London-95c0,13,97,Normal
2026-02-08 14:30:57.139136,London-95c0,6,81,Normal
2026-02-08 14:30:58.139136,London-95c0,-21,100,Normal
2026-02-08 14:30:59.139136,London-95c0,19,13,Normal
2026-02-08 14:31:00.139136,London-95c0,-20,39,Normal
2026-02-08 14:31:01.139136,London-95c0,-21,52,Normal
2026-02-08 14:31:02.139136,London-95c0,-27,62,Normal
2026-02-08 14:31:03.139136,London-95c0,-16,79,Normal
2026-02-08 14:31:04.139136,London-95c0,-19,66,Normal
2026-02-08 14:31:05.139136,London-95c0,-30,7,Normal
2026-02-08 14:31:06.139136,London-95c0,7,84,Normal
2026-02-08 14:31:07.139136,London-95c0,0,80,Normal
2026-02-08 14:31:08.139136,London-95c0,-12,1,Normal
2026-02-08 14:31:09.139136,London-95c0,5,55,Normal
2026-02-08 14:31:10.139136,London-95c0,7,47,Normal
2026-02-08 14:31:11.139136,London-95c0,19,24,Normal
2026-02-08 14:31:12.139136,London-95c0,44,1,Normal
2026-02-08 14:31:13.139136,London-95c0,-30,80,Normal
2026-02-08 14:31:14.139136,London-95c0,-22,69,Normal
2026-02-08 14:31:15.139136,London-95c0,13,69,Normal
2026-02-08 14:31:16.139136,London-95c0,1,15,Normal
2026-02-08 14:31:17.139136,London-95c0,-13,12,Normal
2026-02-08 14:31:18.139136,London-95c0,-23,96,Normal
2026-02-08 14:31:19.139136,London-95c0,3,23,Normal
2026-02-08 14:31:20.139136,London-95c0,1,97,Normal
2026-02-08 14:31:21.139136,London-95c0,-9,90,Normal
2026-02-08 14:31:22.139136,London-95c0,-28,46,Normal
2026-02-08 14:31:23.139136,London-95c0,-16,42,Normal
2026-02-08 14:31:24.139136,London-95c0,-18,38,Normal
2026-02-08 14:31:25.139136,London-95c0,49,19,Normal
2026-02-08 14:31:26.139136,London-95c0,-13,41,Normal
2026-02-08 14:31:27.139136,London-95c0,0,39,Normal
2026-02-08 14:31:28.139136,London-95c0,39,5,Normal
2026-02-08 14:31:29.139136,London-95c0,8,78,Normal
2026-02-08 14:31:30.139136,London-95c0,-3,54,Normal
2026-02-08 14:31:31.139136,London-95c0,-18,11,Normal
2026-02-08 14:31:32.139136,London-95c0,31,88,Normal
2026-02-08 14:31:33.139136,London-95c0,13,42,Normal
2026-02-08 14:31:34.139136,London-95c0,2,53,Normal
2026-02-08 14:31:35.139136,London-95c0,5,75,Normal
2026-02-08 14:31:36.139136,London-95c0,-4,76,Normal
2026-02-08 14:31:37.139136,London-95c0,-11,19,Normal
2026-02-08 14:31:38.139136,London-95c0,9,11,Normal
2026-02-08 14:31:39.139136,London-95c0,45,45,Normal
2026-02-08 14:31:40.139136,London-95c0,16,52,Normal
2026-02-08 14:31:41.139136,London-95c0,0,68,Normal
2026-02-08 14:31:42.139136,London-95c0,39,84,Normal
2026-02-08 14:31:43.139136,London-95c0,19,73,Normal
2026-02-08 14:31:44.139136,London-95c0,-1,60,Normal
2026-02-08 14:31:45.139136,London-95c0,18,37,Normal
2026-02-08 14:31:46.139136,London-95c0,44,43,Normal
2026-02-08 14:31:47.139136,London-95c0,21,11,Normal
2026-02-08 14:31:48.139136,London-95c0,-3,72,Normal
2026-02-08 14:31:49.139136,London-95c0,33,33,Normal
2026-02-08 14:31:50.139136,London-95c0,10,73,Normal
2026-02-08 14:31:51.139136,London-95c0,46,35,Normal
2026-02-08 14:31:52.139136,London-95c0,34,99,Normal
2026-02-08 14:31:53.139136,London-95c0,-5,34,Normal
2026-02-08 14:31:54.139136,London-95c0,24,82,Normal
2026-02-08 14:31:55.139136,London-95c0,10,2,Normal
2026-02-08 14:31:56.139136,London-95c0,27,46,Normal
2026-02-08 14:31:57.139136,London-95c0,-24,25,Normal
2026-02-08 14:31:58.139136,London-95c0,22,56,Normal
2026-02-08 14:31:59.139136,London-95c0,47,60,Normal
2026-02-08 14:32:00.139136,London-95c0,42,90,Normal
2026-02-08 14:32:01.139136,London-95c0,-25,46,Normal
2026-02-08 14:32:02.139136,London-95c0,43,56,Normal
2026-02-08 14:32:03.139136,London-95c0,-10,33,Normal
2026-02-08 14:32:04.139136,London-95c0,-13,73,Normal
2026-02-08 14:32:05.139136,London-95c0,-23,33,Normal
2026-02-08 14:32:06.139136,London-95c0,-25,66,Normal
2026-02-08 14:32:07.139136,London-95c0,22,35,Normal
2026-02-08 14:32:08.139136,London-95c0,37,3,Normal
2026-02-08 14:32:09.139136,London-95c0,-4,69,Normal
2026-02-08 14:32:10.139136,London-95c0,44,63,Normal
2026-02-08 14:32:11.139136,London-95c0,44,41,Normal
2026-02-08 14:32:12.139136,London-95c0,3,63,Normal
2026-02-08 14:32:13.139136,London-95c0,-14,35,Normal
2026-02-08 14:32:14.139136,London-95c0,-24,67,Normal
2026-02-08 14:32:15.139136,London-95c0,27,1,Normal
2026-02-08 14:32:16.139136,London-95c0,8,28,Normal
2026-02-08 14:32:17.139136,London-95c0,0,40,Normal
2026-02-08 14:32:18.139136,London-95c0,48,30,Normal
2026-02-08 14:32:19.139136,London-95c0,47,25,Normal
2026-02-08 14:32:20.139136,London-95c0,46,22,Normal
2026-02-08 14:32:21.139136,London-95c0,13,40,Normal
2026-02-08 14:32:22.139136,London-95c0,34,19,Normal
2026-02-08 14:32:23.139136,London-95c0,9,43,Normal
2026-02-08 14:32:24.139136,London-95c0,38,11,Normal
2026-02-08 14:32:25.139136,London-95c0,2,37,Normal
2026-02-08 14:32:26.139136,London-95c0,37,64,Normal
2026-02-08 14:32:27.139136,London-95c0,3,74,Normal
2026-02-08 14:32:28.139136,London-95c0,6,5,Normal
2026-02-08 14:32:29.139136,London-95c0,13,33,Normal
2026-02-08 14:32:30.139136,London-95c0,-27,63,Normal
2026-02-08 14:32:31.139136,London-95c0,7,35,Normal
2026-02-08 14:32:32.139136,London-95c0,-21,40,Normal
2026-02-08 14:32:33.139136,London-95c0,-1,81,Normal
2026-02-08 14:32:34.139136,London-95c0,21,35,Normal
2026-02-08 14:32:35.139136,London-95c0,11,58,Normal
2026-02-08 14:32:36.139136,London-95c0,3,73,Normal
2026-02-08 14:32:37.139136,London-95c0,-2,70,Normal
2026-02-08 14:32:38.139136,London-95c0,30,32,Normal
2026-02-08 14:32:39.139136,London-95c0,12,71,Normal
2026-02-08 14:32:40.139136,London-95c0,-6,80,Normal
2026-02-08 14:32:41.139136,London-95c0,21,27,Normal
2026-02-08 14:32:42.139136,London-95c0,25,19,Normal
2026-02-08 14:32:43.139136,London-95c0,-27,28,Normal
2026-02-08 14:32:44.139136,London-95c0,-25,74,Normal
2026-02-08 14:32:45.139136,London-95c0,-26,36,Normal
2026-02-08 14:32:46.139136,London-95c0,-3,68,Normal
2026-02-08 14:32:47.139136,London-95c0,17,41,Normal
2026-02-08 14:32:48.139136,London-95c0,-4,12,Normal
2026-02-08 14:32:49.139136,London-95c0,-24,15,Normal
2026-02-08 14:32:50.139136,London-95c0,6,72,Normal
2026-02-08 14:32:51.139136,London-95c0,20,91,Normal
2026-02-08 14:32:52.139136,London-95c0,39,70,Normal
2026-02-08 14:32:53.139136,London-95c0,25,44,Normal
2026-02-08 14:32:54.139136,London-95c0,35,45,Normal
2026-02-08 14:32:55.139136,London-95c0,31,27,Normal
2026-02-08 14:32:56.139136,London-95c0,21,88,Normal
2026-02-08 14:32:57.139136,London-95c0,-21,15,Normal
2026-02-08 14:32:58.139136,London-95c0,-6,70,Normal
2026-02-08 14:32:59.139136,London-95c0,19,28,Normal
2026-02-08 14:33:00.139136,London-95c0,-5,14,Normal
2026-02-08 14:33:01.139136,London-95c0,-29,74,Normal
2026-02-08 14:33:02.139136,London-95c0,-20,42,Normal
2026-02-08 14:33:03.139136,London-95c0,-15,72,Normal
2026-02-08 14:33:04.139136,London-95c0,24,10,Normal
2026-02-08 14:33:05.139136,London-95c0,43,18,Normal
2026-02-08 14:33:06.139136,London-95c0,50,95,Normal
2026-02-08 14:33:07.139136,London-95c0,11,76,Normal
2026-02-08 14:33:08.139136,London-95c0,-19,93,Normal
2026-02-08 14:33:09.139136,London-95c0,19,61,Normal
2026-02-08 14:33:10.139136,London-95c0,-16,66,Normal
2026-02-08 14:33:11.139136,London-95c0,10,71,Normal
2026-02-08 14:33:12.139136,London-95c0,-25,37,Normal
2026-02-08 14:33:13.139136,London-95c0,-10,94,Normal
2026-02-08 14:33:14.139136,London-95c0,1,52,Normal
2026-02-08 14:33:15.139136,London-95c0,-4,94,Normal
2026-02-08 14:33:16.139136,London-95c0,3,40,Normal
2026-02-08 14:33:17.139136,London-95c0,40,37,Normal
2026-02-08 14:33:18.139136,London-95c0,-3,50,Normal
2026-02-08 14:33:19.139136,London-95c0,0,61,Normal
2026-02-08 14:33:20.139136,London-95c0,25,75,Normal
2026-02-08 14:33:21.139136,London-95c0,2,84,Normal
2026-02-08 14:33:22.139136,London-95c0,3,7,Normal
2026-02-08 14:33:23.139136,London-95c0,27,82,Normal
2026-02-08 14:33:24.139136,London-95c0,12,97,Normal
2026-02-08 14:33:25.139136,London-95c0,-7,70,Normal
2026-02-08 14:33:26.139136,London-95c0,12,41,Normal
2026-02-08 14:33:27.139136,London-95c0,48,25,Normal
2026-02-08 14:33:28.139136,London-95c0,40,56,Normal
2026-02-08 14:33:29.139136,London-95c0,49,8,Normal
2026-02-08 14:33:30.139136,London-95c0,-2,58,Normal
2026-02-08 14:33:31.139136,London-95c0,-4,72,Normal
2026-02-08 14:33:32.139136,London-95c0,-5,79,Normal
2026-02-08 14:33:33.139136,London-95c0,45,82,Normal
2026-02-08 14:33:34.139136,London-95c0,-12,68,Normal
2026-02-08 14:33:35.139136,London-95c0,13,91,Normal
2026-02-08 14:33:36.139136,London-95c0,-26,9,Normal
2026-02-08 14:33:37.139136,London-95c0,-12,16,Normal
2026-02-08 14:33:38.139136,London-95c0,22,53,Normal
2026-02-08 14:33:39.139136,London-95c0,-24,55,Normal
2026-02-08 14:33:40.139136,London-95c0,10,34,Normal
2026-02-08 14:33:41.139136,London-95c0,1,32,Normal
2026-02-08 14:33:42.139136,London-95c0,-23,100,Normal
2026-02-08 14:33:43.139136,London-95c0,-5,63,Normal
2026-02-08 14:33:44.139136,London-95c0,-26,43,Normal
2026-02-08 14:33:45.139136,London-95c0,16,97,Normal
2026-02-08 14:33:46.139136,London-95c0,-19,3,Normal
2026-02-08 14:33:47.139136,London-95c0,-30,42,Normal
2026-02-08 14:33:48.139136,London-95c0,-18,31,Normal
2026-02-08 14:33:49.139136,London-95c0,-23,86,Normal
2026-02-08 14:33:50.139136,London-95c0,27,80,Normal
2026-02-08 14:33:51.139136,London-95c0,26,0,Normal
2026-02-08 14:33:52.139136,London-95c0,-20,88,Normal
2026-02-08 14:33:53.139136,London-95c0,43,76,Normal
2026-02-08 14:33:54.139136,London-95c0,7,74,Normal
2026-02-08 14:33:55.139136,London-95c0,-7,94,Normal
2026-02-08 14:33:56.139136,London-95c0,-6,39,Normal
2026-02-08 14:33:57.139136,London-95c0,-3,93,Normal
2026-02-08 14:33:58.139136,London-95c0,3,73,Normal
2026-02-08 14:33:59.139136,London-95c0,26,60,Normal
2026-02-08 14:34:00.139136,London-95c0,18,57,Normal
2026-02-08 14:34:01.139136,London-95c0,3,34,Normal
2026-02-08 14:34:02.139136,London-95c0,2,93,Normal
2026-02-08 14:34:03.139136,London-95c0,-14,76,Normal
2026-02-08 14:34:04.139136,London-95c0,-21,56,Normal
2026-02-08 14:34:05.139136,London-95c0,-9,78,Normal
2026-02-08 14:34:06.139136,London-95c0,34,8,Normal
2026-02-08 14:34:07.139136,London-95c0,41,76,Normal
2026-02-08 14:34:08.139136,London-95c0,-19,10,Normal
2026-02-08 14:34:09.139136,London-95c0,-13,61,Normal
2026-02-08 14:34:10.139136,London-95c0,47,0,Normal
2026-02-08 14:34:11.139136,London-95c0,46,95,Normal
2026-02-08 14:34:12.139136,London-95c0,1,24,Normal
2026-02-08 14:34:13.139136,London-95c0,35,90,Normal
2026-02-08 14:34:14.139136,London-95c0,39,60,Normal
2026-02-08 14:34:15.139136,London-95c0,41,30,Normal
2026-02-08 14:34:16.139136,London-95c0,10,44,Normal
2026-02-08 14:34:17.139136,London-95c0,-9,85,Normal
2026-02-08 14:34:18.139136,London-95c0,10,25,Normal
2026-02-08 14:34:19.139136,London-95c0,49,99,Normal
2026-02-08 14:34:20.139136,London-95c0,34,94,Normal
2026-02-08 14:34:21.139136,London-95c0,37,11,Normal
2026-02-08 14:34:22.139136,London-95c0,14,22,Normal
2026-02-08 14:34:23.139136,London-95c0,35,60,Normal
2026-02-08 14:34:24.139136,London-95c0,10,91,Normal
2026-02-08 14:34:25.139136,London-95c0,-21,58,Normal
2026-02-08 14:34:26.139136,London-95c0,50,76,Normal
2026-02-08 14:34:27.139136,London-95c0,18,0,Normal
2026-02-08 14:34:28.139136,London-95c0,12,18,Normal
2026-02-08 14:34:29.139136,London-95c0,-23,44,Normal
2026-02-08 14:34:30.139136,London-95c0,22,48,Normal
2026-02-08 14:34:31.139136,London-95c0,34,90,Normal
2026-02-08 14:34:32.139136,London-95c0,27,15,Normal
2026-02-08 14:34:33.139136,London-95c0,16,33,Normal
2026-02-08 14:34:34.139136,London-95c0,2,78,Normal
2026-02-08 14:34:35.139136,London-95c0,5,85,Normal
2026-02-08 14:34:36.139136,London-95c0,-1,70,Normal
2026-02-08 14:34:37.139136,London-95c0,40,86,Normal
2026-02-08 14:34:38.139136,London-95c0,1,67,Normal
2026-02-08 14:34:39.139136,London-95c0,-26,56,Normal
2026-02-08 14:34:40.139136,London-95c0,11,83,Normal
2026-02-08 14:34:41.139136,London-95c0,38,45,Normal
2026-02-08 14:34:42.139136,London-95c0,-16,91,Normal
2026-02-08 14:34:43.139136,London-95c0,16,6,Normal
2026-02-08 14:34:44.139136,London-95c0,50,26,Normal
2026-02-08 14:34:45.139136,London-95c0,-29,41,Normal
2026-02-08 14:34:46.139136,London-95c0,-28,6,Normal
2026-02-08 14:34:47.139136,London-95c0,39,13,Normal
2026-02-08 14:34:48.139136,London-95c0,-2,81,Normal
2026-02-08 14:34:49.139136,London-95c0,13,34,Normal
2026-02-08 14:34:50.139136,London-95c0,1,3,Normal
2026-02-08 14:34:51.139136,London-95c0,-26,64,Normal
2026-02-08 14:34:52.139136,London-95c0,22,45,Normal
2026-02-08 14:34:53.139136,London-95c0,14,94,Normal
2026-02-08 14:34:54.139136,London-95c0,-10,10,Normal
2026-02-08 14:34:55.139136,London-95c0,27,37,Normal
2026-02-08 14:34:56.139136,London-95c0,30,95,Normal
2026-02-08 14:34:57.139136,London-95c0,35,81,Normal
2026-02-08 14:34:58.139136,London-95c0,41,14,Normal
2026-02-08 14:34:59.139136,London-95c0,-29,99,Normal
2026-02-08 14:35:00.139136,London-95c0,44,30,Normal
2026-02-08 14:35:01.139136,London-95c0,-28,19,Normal
2026-02-08 14:35:02.139136,London-95c0,-3,34,Normal
2026-02-08 14:35:03.139136,London-95c0,23,80,Normal
2026-02-08 14:35:04.139136,London-95c0,-12,82,Normal
2026-02-08 14:35:05.139136,London-95c0,-29,24,Normal
2026-02-08 14:35:06.139136,London-95c0,32,99,Normal
2026-02-08 14:35:07.139136,London-95c0,-17,38,Normal
2026-02-08 14:35:08.139136,London-95c0,32,58,Normal
2026-02-08 14:35:09.139136,London-95c0,12,87,Normal
2026-02-08 14:35:10.139136,London-95c0,46,41,Normal
2026-02-08 14:35:11.139136,London-95c0,0,99,Normal
2026-02-08 14:35:12.139136,London-95c0,34,85,Normal
2026-02-08 14:35:13.139136,London-95c0,1,62,Normal
2026-02-08 14:35:14.139136,London-95c0,46,46,Normal
2026-02-08 14:35:15.139136,London-95c0,2,67,Normal
2026-02-08 14:35:16.139136,London-95c0,26,92,Normal
2026-02-08 14:35:17.139136,London-95c0,-12,72,Normal
2026-02-08 14:35:18.139136,London-95c0,20,12,Normal
2026-02-08 14:35:19.139136,London-95c0,15,7,Normal
2026-02-08 14:35:20.139136,London-95c0,-19,25,Normal
2026-02-08 14:35:21.139136,London-95c0,-15,66,Normal
2026-02-08 14:35:22.139136,London-95c0,34,47,Normal
2026-02-08 14:35:23.139136,London-95c0,29,54,Normal
2026-02-08 14:35:24.139136,London-95c0,35,22,Normal
2026-02-08 14:35:25.139136,London-95c0,11,97,Normal
2026-02-08 14:35:26.139136,London-95c0,-5,53,Normal
2026-02-08 14:35:27.139136,London-95c0,-14,73,Normal
2026-02-08 14:35:28.139136,London-95c0,-7,94,Normal
2026-02-08 14:35:29.139136,London-95c0,20,57,Normal
2026-02-08 14:35:30.139136,London-95c0,12,46,Normal
2026-02-08 14:35:31.139136,London-95c0,38,100,Normal
2026-02-08 14:35:32.139136,London-95c0,5,91,Normal
2026-02-08 14:35:33.139136,London-95c0,-19,55,Normal
2026-02-08 14:35:34.139136,London-95c0,6,61,Normal
2026-02-08 14:35:35.139136,London-95c0,15,51,Normal
2026-02-08 14:35:36.139136,London-95c0,-11,2,Normal
2026-02-08 14:35:37.139136,London-95c0,-1,15,Normal
2026-02-08 14:35:38.139136,London-95c0,10,92,Normal
2026-02-08 14:35:39.139136,London-95c0,47,36,Normal
2026-02-08 14:35:40.139136,London-95c0,5,69,Normal
2026-02-08 14:35:41.139136,London-95c0,-26,60,Normal
2026-02-08 14:35:42.139136,London-95c0,-27,17,Normal
2026-02-08 14:35:43.139136,London-95c0,23,74,Normal
2026-02-08 14:35:44.139136,London-95c0,8,59,Normal
2026-02-08 14:35:45.139136,London-95c0,-22,79,Normal
2026-02-08 14:35:46.139136,London-95c0,21,24,Normal
2026-02-08 14:35:47.139136,London-95c0,-3,41,Normal
2026-02-08 14:35:48.139136,London-95c0,9,8,Normal
2026-02-08 14:35:49.139136,London-95c0,17,12,Normal
2026-02-08 14:35:50.139136,London-95c0,-19,1,Normal
2026-02-08 14:35:51.139136,London-95c0,-15,59,Normal
2026-02-08 14:35:52.139136,London-95c0,22,58,Normal
2026-02-08 14:35:53.139136,London-95c0,5,61,Normal
2026-02-08 14:35:54.139136,London-95c0,-2,65,Normal
2026-02-08 14:35:55.139136,London-95c0,-23,64,Normal
2026-02-08 14:35:56.139136,London-95c0,0,59,Normal
2026-02-08 14:35:57.139136,London-95c0,8,78,Normal
2026-02-08 14:35:58.139136,London-95c0,-10,84,Normal
2026-02-08 14:35:59.139136,London-95c0,-22,51,Normal
2026-02-08 14:36:00.139136,London-95c0,37,50,Normal
2026-02-08 14:36:01.139136,London-95c0,-1,72,Normal
2026-02-08 14:36:02.139136,London-95c0,-25,33,Normal
2026-02-08 14:36:03.139136,London-95c0,3,14,Normal
2026-02-08 14:36:04.139136,London-95c0,31,87,Normal
2026-02-08 14:36:05.139136,London-95c0,30,89,Normal
2026-02-08 14:36:06.139136,London-95c0,32,30,Normal
2026-02-08 14:36:07.139136,London-95c0,49,42,Normal
2026-02-08 14:36:08.139136,London-95c0,-13,44,Normal
2026-02-08 14:36:09.139136,London-95c0,31,57,Normal
2026-02-08 14:36:10.139136,London-95c0,-22,1,Normal
2026-02-08 14:36:11.139136,London-95c0,16,56,Normal
2026-02-08 14:36:12.139136,London-95c0,29,66,Normal
2026-02-08 14:36:13.139136,London-95c0,40,34,Normal
2026-02-08 14:36:14.139136,London-95c0,39,100,Normal
2026-02-08 14:36:15.139136,London-95c0,7,12,Normal
2026-02-08 14:36:16.139136,London-95c0,35,96,Normal
2026-02-08 14:36:17.139136,London-95c0,49,37,Normal
2026-02-08 14:36:18.139136,London-95c0,38,1,Normal
2026-02-08 14:36:19.139136,London-95c0,20,71,Normal
2026-02-08 14:36:20.139136,London-95c0,13,46,Normal
2026-02-08 14:36:21.139136,London-95c0,37,35,Normal
2026-02-08 14:36:22.139136,London-95c0,39,32,Normal
2026-02-08 14:36:23.139136,London-95c0,-26,85,Normal
2026-02-08 14:36:24.139136,London-95c0,29,1,Normal
2026-02-08 14:36:25.139136,London-95c0,45,25,Normal
2026-02-08 14:36:26.139136,London-95c0,-30,57,Normal
2026-02-08 14:36:27.139136,London-95c0,18,74,Normal
2026-02-08 14:36:28.139136,London-95c0,-15,14,Normal
2026-02-08 14:36:29.139136,London-95c0,20,32,Normal
2026-02-08 14:36:30.139136,London-95c0,-10,12,Normal
2026-02-08 14:36:31.139136,London-95c0,24,73,Normal
2026-02-08 14:36:32.139136,London-95c0,12,2,Normal
2026-02-08 14:36:33.139136,London-95c0,45,10,Normal
2026-02-08 14:36:34.139136,London-95c0,-18,29,Normal
2026-02-08 14:36:35.139136,London-95c0,-2,52,Normal
2026-02-08 14:36:36.139136,London-95c0,16,93,Normal
2026-02-08 14:36:37.139136,London-95c0,10,16,Normal
2026-02-08 14:36:38.139136,London-95c0,-10,69,Normal
2026-02-08 14:36:39.139136,London-95c0,47,5,Normal
2026-02-08 14:36:40.139136,London-95c0,18,62,Normal
2026-02-08 14:36:41.139136,London-95c0,25,96,Normal
2026-02-08 14:36:42.139136,London-95c0,11,46,Normal
2026-02-08 14:36:43.139136,London-95c0,-1,74,Normal
2026-02-08 14:36:44.139136,London-95c0,25,28,Normal
2026-02-08 14:36:45.139136,London-95c0,0,100,Normal
2026-02-08 14:36:46.139136,London-95c0,26,89,Normal
2026-02-08 14:36:47.139136,London-95c0,47,73,Normal
2026-02-08 14:36:48.139136,London-95c0,31,55,Normal
2026-02-08 14:36:49.139136,London-95c0,22,71,Normal
2026-02-08 14:36:50.139136,London-95c0,21,27,Normal
2026-02-08 14:36:51.139136,London-95c0,8,22,Normal
2026-02-08 14:36:52.139136,London-95c0,-29,58,Normal
2026-02-08 14:36:53.139136,London-95c0,10,57,Normal
2026-02-08 14:36:54.139136,London-95c0,26,89,Normal
2026-02-08 14:36:55.139136,London-95c0,-26,55,Normal
2026-02-08 14:36:56.139136,London-95c0,-15,6,Normal
2026-02-08 14:36:57.139136,London-95c0,-23,51,Normal
2026-02-08 14:36:58.139136,London-95c0,-8,16,Normal
2026-02-08 14:36:59.139136,London-95c0,3,21,Normal
2026-02-08 14:37:00.139136,London-95c0,-30,98,Normal
2026-02-08 14:37:01.139136,London-95c0,-17,0,Normal
2026-02-08 14:37:02.139136,London-95c0,37,69,Normal
2026-02-08 14:37:03.139136,London-95c0,-20,52,Normal
2026-02-08 14:37:04.139136,London-95c0,-15,94,Normal
2026-02-08 14:37:05.139136,London-95c0,7,61,Normal
2026-02-08 14:37:06.139136,London-95c0,35,11,Normal
2026-02-08 14:37:07.139136,London-95c0,10,18,Normal
2026-02-08 14:37:08.139136,London-95c0,32,43,Normal
2026-02-08 14:37:09.139136,London-95c0,13,20,Normal
2026-02-08 14:37:10.139136,London-95c0,-1,25,Normal
2026-02-08 14:37:11.139136,London-95c0,38,92,Normal
2026-02-08 14:37:12.139136,London-95c0,13,61,Normal
2026-02-08 14:37:13.139136,London-95c0,35,71,Normal
2026-02-08 14:37:14.139136,London-95c0,45,47,Normal
2026-02-08 14:37:15.139136,London-95c0,-5,5,Normal
2026-02-08 14:37:16.139136,London-95c0,-12,62,Normal
2026-02-08 14:37:17.139136,London-95c0,17,9,Normal
2026-02-08 14:37:18.139136,London-95c0,-22,36,Normal
2026-02-08 14:37:19.139136,London-95c0,-27,30,Normal
2026-02-08 14:37:20.139136,London-95c0,9,93,Normal
2026-02-08 14:37:21.139136,London-95c0,10,5,Normal
2026-02-08 14:37:22.139136,London-95c0,-1,75,Normal
2026-02-08 14:37:23.139136,London-95c0,-13,83,Normal
2026-02-08 14:37:24.139136,London-95c0,-6,52,Normal
2026-02-08 14:37:25.139136,London-95c0,14,73,Normal
2026-02-08 14:37:26.139136,London-95c0,22,21,Normal
2026-02-08 14:37:27.139136,London-95c0,26,26,Normal
2026-02-08 14:37:28.139136,London-95c0,-6,34,Normal
2026-02-08 14:37:29.139136,London-95c0,-28,43,Normal
2026-02-08 14:37:30.139136,London-95c0,26,47,Normal
2026-02-08 14:37:31.139136,London-95c0,13,2,Normal
2026-02-08 14:37:32.139136,London-95c0,24,70,Normal
2026-02-08 14:37:33.139136,London-95c0,11,7,Normal
2026-02-08 14:37:34.139136,London-95c0,-25,0,Normal
2026-02-08 14:37:35.139136,London-95c0,5,10,Normal
2026-02-08 14:37:36.139136,London-95c0,41,84,Normal
2026-02-08 14:37:37.139136,London-95c0,10,32,Normal
2026-02-08 14:37:38.139136,London-95c0,39,28,Normal
2026-02-08 14:37:39.139136,London-95c0,-28,63,Normal
2026-02-08 14:37:40.139136,London-95c0,47,26,Normal
2026-02-08 14:37:41.139136,London-95c0,-29,20,Normal
2026-02-08 14:37:42.139136,London-95c0,-9,6,Normal
2026-02-08 14:37:43.139136,London-95c0,40,8,Normal
2026-02-08 14:37:44.139136,London-95c0,23,71,Normal
2026-02-08 14:37:45.139136,London-95c0,-17,55,Normal
2026-02-08 14:37:46.139136,London-95c0,10,93,Normal
2026-02-08 14:37:47.139136,London-95c0,28,74,Normal
2026-02-08 14:37:48.139136,London-95c0,4,45,Normal
2026-02-08 14:37:49.139136,London-95c0,-17,40,Normal
2026-02-08 14:37:50.139136,London-95c0,-25,95,Normal
2026-02-08 14:37:51.139136,London-95c0,11,47,Normal
2026-02-08 14:37:52.139136,London-95c0,1,61,Normal
2026-02-08 14:37:53.139136,London-95c0,24,99,Normal
2026-02-08 14:37:54.139136,London-95c0,15,9,Normal
2026-02-08 14:37:55.139136,London-95c0,10,21,Normal
2026-02-08 14:37:56.139136,London-95c0,20,77,Normal
2026-02-08 14:37:57.139136,London-95c0,39,43,Normal
2026-02-08 14:37:58.139136,London-95c0,-20,85,Normal
2026-02-08 14:37:59.139136,London-95c0,24,98,Normal
2026-02-08 14:38:00.139136,London-95c0,44,48,Normal
2026-02-08 14:38:01.139136,London-95c0,26,62,Normal
2026-02-08 14:38:02.139136,London-95c0,-23,93,Normal
2026-02-08 14:38:03.139136,London-95c0,-29,57,Normal
2026-02-08 14:38:04.139136,London-95c0,35,18,Normal
2026-02-08 14:38:05.139136,London-95c0,39,81,Normal
2026-02-08 14:38:06.139136,London-95c0,-8,55,Normal
2026-02-08 14:38:07.139136,London-95c0,-19,86,Normal
2026-02-08 14:38:08.139136,London-95c0,29,69,Normal
2026-02-08 14:38:09.139136,London-95c0,3,68,Normal
2026-02-08 14:38:10.139136,London-95c0,20,96,Normal
2026-02-08 14:38:11.139136,London-95c0,5,77,Normal
2026-02-08 14:38:12.139136,London-95c0,16,62,Normal
2026-02-08 14:38:13.139136,London-95c0,-13,84,Normal
2026-02-08 14:38:14.139136,London-95c0,-5,2,Normal
2026-02-08 14:38:15.139136,London-95c0,-25,4,Normal
2026-02-08 14:38:16.139136,London-95c0,42,77,Normal
2026-02-08 14:38:17.139136,London-95c0,14,95,Normal
2026-02-08 14:38:18.139136,London-95c0,16,84,Normal
2026-02-08 14:38:19.139136,London-95c0,47,78,Normal
2026-02-08 14:38:20.139136,London-95c0,37,73,Normal
2026-02-08 14:38:21.139136,London-95c0,35,47,Normal
2026-02-08 14:38:22.139136,London-95c0,22,62,Normal
2026-02-08 14:38:23.139136,London-95c0,-16,25,Normal
2026-02-08 14:38:24.139136,London-95c0,33,88,Normal
2026-02-08 14:38:25.139136,London-95c0,-16,42,Normal
2026-02-08 14:38:26.139136,London-95c0,37,15,Normal
2026-02-08 14:38:27.139136,London-95c0,4,11,Normal
2026-02-08 14:38:28.139136,London-95c0,33,11,Normal
2026-02-08 14:38:29.139136,London-95c0,32,91,Normal
2026-02-08 14:38:30.139136,London-95c0,-23,83,Normal
2026-02-08 14:38:31.139136,London-95c0,-19,60,Normal
2026-02-08 14:38:32.139136,London-95c0,27,95,Normal
2026-02-08 14:38:33.139136,London-95c0,-14,20,Normal
2026-02-08 14:38:34.139136,London-95c0,-26,13,Normal
2026-02-08 14:38:35.139136,London-95c0,10,75,Normal
2026-02-08 14:38:36.139136,London-95c0,-14,5,Normal
2026-02-08 14:38:37.139136,London-95c0,16,82,Normal
2026-02-08 14:38:38.139136,London-95c0,-18,81,Normal
2026-02-08 14:38:39.139136,London-95c0,4,52,Normal
2026-02-08 14:38:40.139136,London-95c0,7,84,Normal
2026-02-08 14:38:41.139136,London-95c0,-9,35,Normal
2026-02-08 14:38:42.139136,London-95c0,0,8,Normal
2026-02-08 14:38:43.139136,London-95c0,21,82,Normal
2026-02-08 14:38:44.139136,London-95c0,15,29,Normal
2026-02-08 14:38:45.139136,London-95c0,-18,50,Normal
2026-02-08 14:38:46.139136,London-95c0,13,13,Normal
2026-02-08 14:38:47.139136,London-95c0,-10,87,Normal
2026-02-08 14:38:48.139136,London-95c0,19,10,Normal
2026-02-08 14:38:49.139136,London-95c0,44,61,Normal
2026-02-08 14:38:50.139136,London-95c0,22,1,Normal
