timestamp,station_id,temp,humid,condition
2026-02-13 15:55:49.937766,Berlin-6883,14,29,Normal
2026-02-13 15:55:50.937766,Berlin-6883,18,11,Normal
2026-02-13 15:55:51.937766,Berlin-6883,4,26,Normal
2026-02-13 15:55:52.937766,Berlin-6883,50,23,Normal
2026-02-13 15:55:53.937766,Berlin-6883,14,80,Normal
2026-02-13 15:55:54.937766,Berlin-6883,50,72,Normal
2026-02-13 15:55:55.937766,Berlin-6883,6,87,Normal
2026-02-13 15:55:56.937766,Berlin-6883,-12,74,Normal
2026-02-13 15:55:57.937766,Berlin-6883,-30,80,Normal
2026-02-13 15:55:58.937766,Berlin-6883,23,41,Normal
2026-02-13 15:55:59.937766,Berlin-6883,50,96,Normal
2026-02-13 15:56:00.937766,Berlin-6883,-22,29,Normal
2026-02-13 15:56:01.937766,Berlin-6883,28,69,Normal
2026-02-13 15:56:02.937766,Berlin-6883,23,50,Normal
2026-02-13 15:56:03.937766,Berlin-6883,-15,31,Normal
2026-02-13 15:56:04.937766,Berlin-6883,7,3,Normal
2026-02-13 15:56:05.937766,Berlin-6883,13,34,Normal
2026-02-13 15:56:06.937766,Berlin-6883,-10,67,Normal
2026-02-13 15:56:07.937766,Berlin-6883,21,49,Normal
2026-02-13 15:56:08.937766,Berlin-6883,8,22,Normal
2026-02-13 15:56:09.937766,Berlin-6883,2,28,Normal
2026-02-13 15:56:10.937766,Berlin-6883,39,43,Normal
2026-02-13 15:56:11.937766,Berlin-6883,37,53,Normal
2026-02-13 15:56:12.937766,Berlin-6883,34,37,Normal
2026-02-13 15:56:13.937766,Berlin-6883,-1,0,Normal
2026-02-13 15:56:14.937766,Berlin-6883,23,28,Normal
2026-02-13 15:56:15.937766,Berlin-6883,-2,29,Normal
2026-02-13 15:56:16.937766,Berlin-6883,-7,67,Normal
2026-02-13 15:56:17.937766,Berlin-6883,41,18,Normal
2026-02-13 15:56:18.937766,Berlin-6883,46,37,Normal
2026-02-13 15:56:19.937766,Berlin-6883,-9,22,Normal
2026-02-13 15:56:20.937766,Berlin-6883,-6,19,Normal
2026-02-13 15:56:21.937766,Berlin-6883,5,94,Normal
2026-02-13 15:56:22.937766,Berlin-6883,47,63,Normal
2026-02-13 15:56:23.937766,Berlin-6883,34,52,Normal
2026-02-13 15:56:24.937766,Berlin-6883,28,96,Normal
2026-02-13 15:56:25.937766,Berlin-6883,36,5,Normal
2026-02-13 15:56:26.937766,Berlin-6883,47,45,Normal
2026-02-13 15:56:27.937766,Berlin-6883,-4,41,Normal
2026-02-13 15:56:28.937766,Berlin-6883,38,56,Normal
2026-02-13 15:56:29.937766,Berlin-6883,20,35,Normal
2026-02-13 15:56:30.937766,Berlin-6883,45,37,Normal
2026-02-13 15:56:31.937766,Berlin-6883,17,77,Normal
2026-02-13 15:56:32.937766,Berlin-6883,-30,61,Normal
2026-02-13 15:56:33.937766,Berlin-6883,50,63,Normal
2026-02-13 15:56:34.937766,Berlin-6883,5,79,Normal
2026-02-13 15:56:35.937766,Berlin-6883,34,0,Normal
2026-02-13 15:56:36.937766,Berlin-6883,-8,0,Normal
2026-02-13 15:56:37.937766,Berlin-6883,2,90,Normal
2026-02-13 15:56:38.937766,Berlin-6883,-1,44,Normal
2026-02-13 15:56:39.937766,Berlin-6883,-16,34,Normal
2026-02-13 15:56:40.937766,Berlin-6883,-18,72,Normal
2026-02-13 15:56:41.937766,Berlin-6883,-19,97,Normal
2026-02-13 15:56:42.937766,Berlin-6883,-5,4,Normal
2026-02-13 15:56:43.937766,Berlin-6883,8,80,Normal
2026-02-13 15:56:44.937766,Berlin-6883,7,14,Normal
2026-02-13 15:56:45.937766,Berlin-6883,50,14,Normal
2026-02-13 15:56:46.937766,Berlin-6883,42,80,Normal
2026-02-13 15:56:47.937766,Berlin-6883,49,2,Normal
2026-02-13 15:56:48.937766,Berlin-6883,5,12,Normal
2026-02-13 15:56:49.937766,Berlin-6883,29,34,Normal
2026-02-13 15:56:50.937766,Berlin-6883,-18,13,Normal
2026-02-13 15:56:51.937766,Berlin-6883,15,80,Normal
2026-02-13 15:56:52.937766,Berlin-6883,43,87,Normal
2026-02-13 15:56:53.937766,Berlin-6883,-29,0,Normal
2026-02-13 15:56:54.937766,Berlin-6883,10,76,Normal
2026-02-13 15:56:55.937766,Berlin-6883,-12,62,Normal
2026-02-13 15:56:56.937766,Berlin-6883,27,42,Normal
2026-02-13 15:56:57.937766,Berlin-6883,50,45,Normal
2026-02-13 15:56:58.937766,Berlin-6883,-9,51,Normal
2026-02-13 15:56:59.937766,Berlin-6883,8,17,Normal
2026-02-13 15:57:00.937766,Berlin-6883,27,84,Normal
2026-02-13 15:57:01.937766,Berlin-6883,21,78,Normal
2026-02-13 15:57:02.937766,Berlin-6883,39,93,Normal
2026-02-13 15:57:03.937766,Berlin-6883,25,40,Normal
2026-02-13 15:57:04.937766,Berlin-6883,-27,75,Normal
2026-02-13 15:57:05.937766,Berlin-6883,15,42,Normal
2026-02-13 15:57:06.937766,Berlin-6883,0,6,Normal
2026-02-13 15:57:07.937766,Berlin-6883,-16,54,Normal
2026-02-13 15:57:08.937766,Berlin-6883,46,80,Normal
2026-02-13 15:57:09.937766,Berlin-6883,20,74,Normal
2026-02-13 15:57:10.937766,Berlin-6883,-14,56,Normal
2026-02-13 15:57:11.937766,Berlin-6883,36,92,Normal
2026-02-13 15:57:12.937766,Berlin-6883,26,87,Normal
2026-02-13 15:57:13.937766,Berlin-6883,-10,58,Normal
2026-02-13 15:57:14.937766,Berlin-6883,37,26,Normal
2026-02-13 15:57:15.937766,Berlin-6883,23,94,Normal
2026-02-13 15:57:16.937766,Berlin-6883,-3,79,Normal
2026-02-13 15:57:17.937766,Berlin-6883,-22,85,Normal
2026-02-13 15:57:18.937766,Berlin-6883,21,14,Normal
2026-02-13 15:57:19.937766,Berlin-6883,-3,62,Normal
2026-02-13 15:57:20.937766,Berlin-6883,31,55,Normal
2026-02-13 15:57:21.937766,Berlin-6883,17,58,Normal
2026-02-13 15:57:22.937766,Berlin-6883,9,77,Normal
2026-02-13 15:57:23.937766,Berlin-6883,2,41,Normal
2026-02-13 15:57:24.937766,Berlin-6883,42,42,Normal
2026-02-13 15:57:25.937766,Berlin-6883,9,19,Normal
2026-02-13 15:57:26.937766,Berlin-6883,-2,72,Normal
2026-02-13 15:57:27.937766,Berlin-6883,47,17,Normal
2026-02-13 15:57:28.937766,Berlin-6883,-22,50,Normal
2026-02-13 15:57:29.937766,Berlin-6883,-25,52,Normal
2026-02-13 15:57:30.937766,Berlin-6883,45,71,Normal
2026-02-13 15:57:31.937766,Berlin-6883,32,87,Normal
2026-02-13 15:57:32.937766,Berlin-6883,-7,52,Normal
2026-02-13 15:57:33.937766,Berlin-6883,-14,1,Normal
2026-02-13 15:57:34.937766,Berlin-6883,32,81,Normal
2026-02-13 15:57:35.937766,Berlin-6883,-10,48,Normal
2026-02-13 15:57:36.937766,Berlin-6883,35,63,Normal
2026-02-13 15:57:37.937766,Berlin-6883,45,18,Normal
2026-02-13 15:57:38.937766,Berlin-6883,27,54,Normal
2026-02-13 15:57:39.937766,Berlin-6883,35,9,Normal
2026-02-13 15:57:40.937766,Berlin-6883,-6,11,Normal
2026-02-13 15:57:41.937766,Berlin-6883,0,4,Normal
2026-02-13 15:57:42.937766,Berlin-6883,38,79,Normal
2026-02-13 15:57:43.937766,Berlin-6883,-2,28,Normal
2026-02-13 15:57:44.937766,Berlin-6883,9,2,Normal
2026-02-13 15:57:45.937766,Berlin-6883,49,67,Normal
2026-02-13 15:57:46.937766,Berlin-6883,20,86,Normal
2026-02-13 15:57:47.937766,Berlin-6883,29,79,Normal
2026-02-13 15:57:48.937766,Berlin-6883,21,86,Normal
2026-02-13 15:57:49.937766,Berlin-6883,3,34,Normal
2026-02-13 15:57:50.937766,Berlin-6883,34,31,Normal
2026-02-13 15:57:51.937766,Berlin-6883,-9,76,Normal
2026-02-13 15:57:52.937766,Berlin-6883,-13,4,Normal
2026-02-13 15:57:53.937766,Berlin-6883,30,21,Normal
2026-02-13 15:57:54.937766,Berlin-6883,25,55,Normal
2026-02-13 15:57:55.937766,Berlin-6883,50,50,Normal
2026-02-13 15:57:56.937766,Berlin-6883,44,2,Normal
2026-02-13 15:57:57.937766,Berlin-6883,47,99,Normal
2026-02-13 15:57:58.937766,Berlin-6883,49,33,Normal
2026-02-13 15:57:59.937766,Berlin-6883,10,77,Normal
2026-02-13 15:58:00.937766,Berlin-6883,2,72,Normal
2026-02-13 15:58:01.937766,Berlin-6883,43,20,Normal
2026-02-13 15:58:02.937766,Berlin-6883,-2,8,Normal
2026-02-13 15:58:03.937766,Berlin-6883,41,4,Normal
2026-02-13 15:58:04.937766,Berlin-6883,-20,98,Normal
2026-02-13 15:58:05.937766,Berlin-6883,49,86,Normal
2026-02-13 15:58:06.937766,Berlin-6883,12,1,Normal
2026-02-13 15:58:07.937766,Berlin-6883,7,17,Normal
2026-02-13 15:58:08.937766,Berlin-6883,47,53,Normal
2026-02-13 15:58:09.937766,Berlin-6883,16,97,Normal
2026-02-13 15:58:10.937766,Berlin-6883,1,36,Normal
2026-02-13 15:58:11.937766,Berlin-6883,-26,85,Normal
2026-02-13 15:58:12.937766,Berlin-6883,-3,47,Normal
2026-02-13 15:58:13.937766,Berlin-6883,19,49,Normal
2026-02-13 15:58:14.937766,Berlin-6883,-15,47,Normal
2026-02-13 15:58:15.937766,Berlin-6883,36,98,Normal
2026-02-13 15:58:16.937766,Berlin-6883,35,27,Normal
2026-02-13 15:58:17.937766,Berlin-6883,-22,53,Normal
2026-02-13 15:58:18.937766,Berlin-6883,-16,31,Normal
2026-02-13 15:58:19.937766,Berlin-6883,26,47,Normal
2026-02-13 15:58:20.937766,Berlin-6883,37,17,Normal
2026-02-13 15:58:21.937766,Berlin-6883,22,84,Normal
2026-02-13 15:58:22.937766,Berlin-6883,-16,3,Normal
2026-02-13 15:58:23.937766,Berlin-6883,1,7,Normal
2026-02-13 15:58:24.937766,Berlin-6883,33,68,Normal
2026-02-13 15:58:25.937766,Berlin-6883,25,1,Normal
2026-02-13 15:58:26.937766,Berlin-6883,7,63,Normal
2026-02-13 15:58:27.937766,Berlin-6883,-23,59,Normal
2026-02-13 15:58:28.937766,Berlin-6883,-29,20,Normal
2026-02-13 15:58:29.937766,Berlin-6883,-1,84,Normal
2026-02-13 15:58:30.937766,Berlin-6883,21,50,Normal
2026-02-13 15:58:31.937766,Berlin-6883,-8,51,Normal
2026-02-13 15:58:32.937766,Berlin-6883,2,66,Normal
2026-02-13 15:58:33.937766,Berlin-6883,-28,5,Normal
2026-02-13 15:58:34.937766,Berlin-6883,47,54,Normal
2026-02-13 15:58:35.937766,Berlin-6883,33,86,Normal
2026-02-13 15:58:36.937766,Berlin-6883,-3,67,Normal
2026-02-13 15:58:37.937766,Berlin-6883,49,94,Normal
2026-02-13 15:58:38.937766,Berlin-6883,-11,52,Normal
2026-02-13 15:58:39.937766,Berlin-6883,5,51,Normal
2026-02-13 15:58:40.937766,Berlin-6883,42,99,Normal
2026-02-13 15:58:41.937766,Berlin-6883,3,84,Normal
2026-02-13 15:58:42.937766,Berlin-6883,22,4,Normal
2026-02-13 15:58:43.937766,Berlin-6883,6,56,Normal
2026-02-13 15:58:44.937766,Berlin-6883,-18,55,Normal
2026-02-13 15:58:45.937766,Berlin-6883,48,67,Normal
2026-02-13 15:58:46.937766,Berlin-6883,-24,86,Normal
2026-02-13 15:58:47.937766,Berlin-6883,21,51,Normal
2026-02-13 15:58:48.937766,Berlin-6883,-7,40,Normal
2026-02-13 15:58:49.937766,Berlin-6883,-29,91,Normal
2026-02-13 15:58:50.937766,Berlin-6883,45,86,Normal
2026-02-13 15:58:51.937766,Berlin-6883,50,90,Normal
2026-02-13 15:58:52.937766,Berlin-6883,25,84,Normal
2026-02-13 15:58:53.937766,Berlin-6883,23,100,Normal
2026-02-13 15:58:54.937766,Berlin-6883,-12,70,Normal
2026-02-13 15:58:55.937766,Berlin-6883,-16,68,Normal
2026-02-13 15:58:56.937766,Berlin-6883,26,30,Normal
2026-02-13 15:58:57.937766,Berlin-6883,-2,1,Normal
2026-02-13 15:58:58.937766,Berlin-6883,-1,28,Normal
2026-02-13 15:58:59.937766,Berlin-6883,38,92,Normal
2026-02-13 15:59:00.937766,Berlin-6883,33,67,Normal
2026-02-13 15:59:01.937766,Berlin-6883,43,37,Normal
2026-02-13 15:59:02.937766,Berlin-6883,-11,79,Normal
2026-02-13 15:59:03.937766,Berlin-6883,20,19,Normal
2026-02-13 15:59:04.937766,Berlin-6883,-21,62,Normal
2026-02-13 15:59:05.937766,Berlin-6883,26,28,Normal
2026-02-13 15:59:06.937766,Berlin-6883,-23,31,Normal
2026-02-13 15:59:07.937766,Berlin-6883,-5,36,Normal
2026-02-13 15:59:08.937766,Berlin-6883,-8,9,Normal
2026-02-13 15:59:09.937766,Berlin-6883,10,25,Normal
2026-02-13 15:59:10.937766,Berlin-6883,2,27,Normal
2026-02-13 15:59:11.937766,Berlin-6883,49,16,Normal
2026-02-13 15:59:12.937766,Berlin-6883,-1,12,Normal
2026-02-13 15:59:13.937766,Berlin-6883,-8,75,Normal
2026-02-13 15:59:14.937766,Berlin-6883,-19,95,Normal
2026-02-13 15:59:15.937766,Berlin-6883,16,65,Normal
2026-02-13 15:59:16.937766,Berlin-6883,-27,30,Normal
2026-02-13 15:59:17.937766,Berlin-6883,-8,36,Normal
2026-02-13 15:59:18.937766,Berlin-6883,36,56,Normal
2026-02-13 15:59:19.937766,Berlin-6883,-11,32,Normal
2026-02-13 15:59:20.937766,Berlin-6883,49,99,Normal
2026-02-13 15:59:21.937766,Berlin-6883,14,17,Normal
2026-02-13 15:59:22.937766,Berlin-6883,45,49,Normal
2026-02-13 15:59:23.937766,Berlin-6883,-11,13,Normal
2026-02-13 15:59:24.937766,Berlin-6883,-21,8,Normal
2026-02-13 15:59:25.937766,Berlin-6883,19,35,Normal
2026-02-13 15:59:26.937766,Berlin-6883,33,40,Normal
2026-02-13 15:59:27.937766,Berlin-6883,-26,31,Normal
2026-02-13 15:59:28.937766,Berlin-6883,50,52,Normal
2026-02-13 15:59:29.937766,Berlin-6883,15,6,Normal
2026-02-13 15:59:30.937766,Berlin-6883,-12,12,Normal
2026-02-13 15:59:31.937766,Berlin-6883,22,50,Normal
2026-02-13 15:59:32.937766,Berlin-6883,19,68,Normal
2026-02-13 15:59:33.937766,Berlin-6883,6,45,Normal
2026-02-13 15:59:34.937766,Berlin-6883,11,4,Normal
2026-02-13 15:59:35.937766,Berlin-6883,2,19,Normal
2026-02-13 15:59:36.937766,Berlin-6883,44,26,Normal
2026-02-13 15:59:37.937766,Berlin-6883,1,15,Normal
2026-02-13 15:59:38.937766,Berlin-6883,3,28,Normal
2026-02-13 15:59:39.937766,Berlin-6883,33,0,Normal
2026-02-13 15:59:40.937766,Berlin-6883,-5,48,Normal
2026-02-13 15:59:41.937766,Berlin-6883,1,39,Normal
2026-02-13 15:59:42.937766,Berlin-6883,-18,4,Normal
2026-02-13 15:59:43.937766,Berlin-6883,-14,38,Normal
2026-02-13 15:59:44.937766,Berlin-6883,-21,79,Normal
2026-02-13 15:59:45.937766,Berlin-6883,-20,59,Normal
2026-02-13 15:59:46.937766,Berlin-6883,32,70,Normal
2026-02-13 15:59:47.937766,Berlin-6883,16,19,Normal
2026-02-13 15:59:48.937766,Berlin-6883,46,78,Normal
2026-02-13 15:59:49.937766,Berlin-6883,-24,55,Normal
2026-02-13 15:59:50.937766,Berlin-6883,16,94,Normal
2026-02-13 15:59:51.937766,Berlin-6883,43,45,Normal
2026-02-13 15:59:52.937766,Berlin-6883,4,95,Normal
2026-02-13 15:59:53.937766,Berlin-6883,41,44,Normal
2026-02-13 15:59:54.937766,Berlin-6883,47,2,Normal
2026-02-13 15:59:55.937766,Berlin-6883,50,32,Normal
2026-02-13 15:59:56.937766,Berlin-6883,-9,0,Normal
2026-02-13 15:59:57.937766,Berlin-6883,1,100,Normal
2026-02-13 15:59:58.937766,Berlin-6883,-15,9,Normal
2026-02-13 15:59:59.937766,Berlin-6883,18,30,Normal
2026-02-13 16:00:00.937766,Berlin-6883,13,93,Normal
2026-02-13 16:00:01.937766,Berlin-6883,47,20,Normal
2026-02-13 16:00:02.937766,Berlin-6883,-27,14,Normal
2026-02-13 16:00:03.937766,Berlin-6883,24,14,Normal
2026-02-13 16:00:04.937766,Berlin-6883,18,45,Normal
2026-02-13 16:00:05.937766,Berlin-6883,-19,68,Normal
2026-02-13 16:00:06.937766,Berlin-6883,12,45,Normal
2026-02-13 16:00:07.937766,Berlin-6883,50,42,Normal
2026-02-13 16:00:08.937766,Berlin-6883,46,31,Normal
2026-02-13 16:00:09.937766,Berlin-6883,46,84,Normal
2026-02-13 16:00:10.937766,Berlin-6883,17,41,Normal
2026-02-13 16:00:11.937766,Berlin-6883,0,2,Normal
2026-02-13 16:00:12.937766,Berlin-6883,-9,93,Normal
2026-02-13 16:00:13.937766,Berlin-6883,4,21,Normal
2026-02-13 16:00:14.937766,Berlin-6883,1,59,Normal
2026-02-13 16:00:15.937766,Berlin-6883,23,45,Normal
2026-02-13 16:00:16.937766,Berlin-6883,4,20,Normal
2026-02-13 16:00:17.937766,Berlin-6883,3,98,Normal
2026-02-13 16:00:18.937766,Berlin-6883,35,89,Normal
2026-02-13 16:00:19.937766,Berlin-6883,-8,44,Normal
2026-02-13 16:00:20.937766,Berlin-6883,41,95,Normal
2026-02-13 16:00:21.937766,Berlin-6883,-30,32,Normal
2026-02-13 16:00:22.937766,Berlin-6883,27,93,Normal
2026-02-13 16:00:23.937766,Berlin-6883,18,13,Normal
2026-02-13 16:00:24.937766,Berlin-6883,11,43,Normal
2026-02-13 16:00:25.937766,Berlin-6883,12,57,Normal
2026-02-13 16:00:26.937766,Berlin-6883,16,89,Normal
2026-02-13 16:00:27.937766,Berlin-6883,-16,92,Normal
2026-02-13 16:00:28.937766,Berlin-6883,-18,65,Normal
2026-02-13 16:00:29.937766,Berlin-6883,6,8,Normal
2026-02-13 16:00:30.937766,Berlin-6883,20,86,Normal
2026-02-13 16:00:31.937766,Berlin-6883,-15,21,Normal
2026-02-13 16:00:32.937766,Berlin-6883,16,44,Normal
2026-02-13 16:00:33.937766,Berlin-6883,36,24,Normal
2026-02-13 16:00:34.937766,Berlin-6883,24,66,Normal
2026-02-13 16:00:35.937766,Berlin-6883,-14,52,Normal
2026-02-13 16:00:36.937766,Berlin-6883,0,92,Normal
2026-02-13 16:00:37.937766,Berlin-6883,33,16,Normal
2026-02-13 16:00:38.937766,Berlin-6883,48,42,Normal
2026-02-13 16:00:39.937766,Berlin-6883,31,89,Normal
2026-02-13 16:00:40.937766,Berlin-6883,-6,25,Normal
2026-02-13 16:00:41.937766,Berlin-6883,7,22,Normal
2026-02-13 16:00:42.937766,Berlin-6883,46,55,Normal
2026-02-13 16:00:43.937766,Berlin-6883,-3,19,Normal
2026-02-13 16:00:44.937766,Berlin-6883,-2,7,Normal
2026-02-13 16:00:45.937766,Berlin-6883,6,93,Normal
2026-02-13 16:00:46.937766,Berlin-6883,-26,12,Normal
2026-02-13 16:00:47.937766,Berlin-6883,9,81,Normal
2026-02-13 16:00:48.937766,Berlin-6883,29,34,Normal
2026-02-13 16:00:49.937766,Berlin-6883,38,71,Normal
2026-02-13 16:00:50.937766,Berlin-6883,25,40,Normal
2026-02-13 16:00:51.937766,Berlin-6883,29,6,Normal
2026-02-13 16:00:52.937766,Berlin-6883,-2,31,Normal
2026-02-13 16:00:53.937766,Berlin-6883,21,57,Normal
2026-02-13 16:00:54.937766,Berlin-6883,24,77,Normal
2026-02-13 16:00:55.937766,Berlin-6883,41,86,Normal
2026-02-13 16:00:56.937766,Berlin-6883,44,69,Normal
2026-02-13 16:00:57.937766,Berlin-6883,42,44,Normal
2026-02-13 16:00:58.937766,Berlin-6883,26,18,Normal
2026-02-13 16:00:59.937766,Berlin-6883,39,89,Normal
2026-02-13 16:01:00.937766,Berlin-6883,49,98,Normal
2026-02-13 16:01:01.937766,Berlin-6883,2,85,Normal
2026-02-13 16:01:02.937766,Berlin-6883,41,43,Normal
2026-02-13 16:01:03.937766,Berlin-6883,38,34,Normal
2026-02-13 16:01:04.937766,Berlin-6883,13,35,Normal
2026-02-13 16:01:05.937766,Berlin-6883,28,87,Normal
2026-02-13 16:01:06.937766,Berlin-6883,-20,86,Normal
2026-02-13 16:01:07.937766,Berlin-6883,43,1,Normal
2026-02-13 16:01:08.937766,Berlin-6883,31,18,Normal
2026-02-13 16:01:09.937766,Berlin-6883,-19,75,Normal
2026-02-13 16:01:10.937766,Berlin-6883,-29,66,Normal
2026-02-13 16:01:11.937766,Berlin-6883,22,83,Normal
2026-02-13 16:01:12.937766,Berlin-6883,11,21,Normal
2026-02-13 16:01:13.937766,Berlin-6883,1,61,Normal
2026-02-13 16:01:14.937766,Berlin-6883,0,66,Normal
2026-02-13 16:01:15.937766,Berlin-6883,28,94,Normal
2026-02-13 16:01:16.937766,Berlin-6883,7,56,Normal
2026-02-13 16:01:17.937766,Berlin-6883,46,91,Normal
2026-02-13 16:01:18.937766,Berlin-6883,30,92,Normal
2026-02-13 16:01:19.937766,Berlin-6883,6,36,Normal
2026-02-13 16:01:20.937766,Berlin-6883,4,46,Normal
2026-02-13 16:01:21.937766,Berlin-6883,18,30,Normal
2026-02-13 16:01:22.937766,Berlin-6883,-20,80,Normal
2026-02-13 16:01:23.937766,Berlin-6883,-18,19,Normal
2026-02-13 16:01:24.937766,Berlin-6883,39,48,Normal
2026-02-13 16:01:25.937766,Berlin-6883,-10,81,Normal
2026-02-13 16:01:26.937766,Berlin-6883,5,39,Normal
2026-02-13 16:01:27.937766,Berlin-6883,35,75,Normal
2026-02-13 16:01:28.937766,Berlin-6883,-20,13,Normal
2026-02-13 16:01:29.937766,Berlin-6883,27,17,Normal
2026-02-13 16:01:30.937766,Berlin-6883,-16,24,Normal
2026-02-13 16:01:31.937766,Berlin-6883,-26,61,Normal
2026-02-13 16:01:32.937766,Berlin-6883,0,13,Normal
2026-02-13 16:01:33.937766,Berlin-6883,-22,8,Normal
2026-02-13 16:01:34.937766,Berlin-6883,24,77,Normal
2026-02-13 16:01:35.937766,Berlin-6883,31,54,Normal
2026-02-13 16:01:36.937766,Berlin-6883,-2,92,Normal
2026-02-13 16:01:37.937766,Berlin-6883,8,42,Normal
2026-02-13 16:01:38.937766,Berlin-6883,49,29,Normal
2026-02-13 16:01:39.937766,Berlin-6883,49,63,Normal
2026-02-13 16:01:40.937766,Berlin-6883,49,30,Normal
2026-02-13 16:01:41.937766,Berlin-6883,43,12,Normal
2026-02-13 16:01:42.937766,Berlin-6883,-5,7,Normal
2026-02-13 16:01:43.937766,Berlin-6883,-3,68,Normal
2026-02-13 16:01:44.937766,Berlin-6883,35,23,Normal
2026-02-13 16:01:45.937766,Berlin-6883,36,34,Normal
2026-02-13 16:01:46.937766,Berlin-6883,29,74,Normal
2026-02-13 16:01:47.937766,Berlin-6883,16,97,Normal
2026-02-13 16:01:48.937766,Berlin-6883,-13,10,Normal
2026-02-13 16:01:49.937766,Berlin-6883,3,51,Normal
2026-02-13 16:01:50.937766,Berlin-6883,4,50,Normal
2026-02-13 16:01:51.937766,Berlin-6883,-26,48,Normal
2026-02-13 16:01:52.937766,Berlin-6883,41,34,Normal
2026-02-13 16:01:53.937766,Berlin-6883,16,15,Normal
2026-02-13 16:01:54.937766,Berlin-6883,-17,86,Normal
2026-02-13 16:01:55.937766,Berlin-6883,14,54,Normal
2026-02-13 16:01:56.937766,Berlin-6883,12,84,Normal
2026-02-13 16:01:57.937766,Berlin-6883,8,7,Normal
2026-02-13 16:01:58.937766,Berlin-6883,49,18,Normal
2026-02-13 16:01:59.937766,Berlin-6883,-21,82,Normal
2026-02-13 16:02:00.937766,Berlin-6883,16,31,Normal
2026-02-13 16:02:01.937766,Berlin-6883,7,94,Normal
2026-02-13 16:02:02.937766,Berlin-6883,19,68,Normal
2026-02-13 16:02:03.937766,Berlin-6883,24,56,Normal
2026-02-13 16:02:04.937766,Berlin-6883,-19,68,Normal
2026-02-13 16:02:05.937766,Berlin-6883,8,35,Normal
2026-02-13 16:02:06.937766,Berlin-6883,28,84,Normal
2026-02-13 16:02:07.937766,Berlin-6883,49,85,Normal
2026-02-13 16:02:08.937766,Berlin-6883,48,84,Normal
2026-02-13 16:02:09.937766,Berlin-6883,13,22,Normal
2026-02-13 16:02:10.937766,Berlin-6883,-12,32,Normal
2026-02-13 16:02:11.937766,Berlin-6883,40,45,Normal
2026-02-13 16:02:12.937766,Berlin-6883,21,78,Normal
2026-02-13 16:02:13.937766,Berlin-6883,39,22,Normal
2026-02-13 16:02:14.937766,Berlin-6883,-15,71,Normal
2026-02-13 16:02:15.937766,Berlin-6883,3,33,Normal
2026-02-13 16:02:16.937766,Berlin-6883,-4,84,Normal
2026-02-13 16:02:17.937766,Berlin-6883,6,90,Normal
2026-02-13 16:02:18.937766,Berlin-6883,12,99,Normal
2026-02-13 16:02:19.937766,Berlin-6883,-12,43,Normal
2026-02-13 16:02:20.937766,Berlin-6883,29,0,Normal
2026-02-13 16:02:21.937766,Berlin-6883,42,23,Normal
2026-02-13 16:02:22.937766,Berlin-6883,-3,35,Normal
2026-02-13 16:02:23.937766,Berlin-6883,0,15,Normal
2026-02-13 16:02:24.937766,Berlin-6883,-26,88,Normal
2026-02-13 16:02:25.937766,Berlin-6883,-20,64,Normal
2026-02-13 16:02:26.937766,Berlin-6883,-11,82,Normal
2026-02-13 16:02:27.937766,Berlin-6883,-7,89,Normal
2026-02-13 16:02:28.937766,Berlin-6883,-4,26,Normal
2026-02-13 16:02:29.937766,Berlin-6883,31,92,Normal
2026-02-13 16:02:30.937766,Berlin-6883,-15,47,Normal
2026-02-13 16:02:31.937766,Berlin-6883,0,9,Normal
2026-02-13 16:02:32.937766,Berlin-6883,24,71,Normal
2026-02-13 16:02:33.937766,Berlin-6883,-6,37,Normal
2026-02-13 16:02:34.937766,Berlin-6883,22,100,Normal
2026-02-13 16:02:35.937766,Berlin-6883,29,51,Normal
2026-02-13 16:02:36.937766,Berlin-6883,-25,68,Normal
2026-02-13 16:02:37.937766,Berlin-6883,18,84,Normal
2026-02-13 16:02:38.937766,Berlin-6883,19,44,Normal
2026-02-13 16:02:39.937766,Berlin-6883,-29,85,Normal
2026-02-13 16:02:40.937766,Berlin-6883,16,22,Normal
2026-02-13 16:02:41.937766,Berlin-6883,44,10,Normal
2026-02-13 16:02:42.937766,Berlin-6883,-29,94,Normal
2026-02-13 16:02:43.937766,Berlin-6883,-8,95,Normal
2026-02-13 16:02:44.937766,Berlin-6883,6,25,Normal
2026-02-13 16:02:45.937766,Berlin-6883,-18,66,Normal
2026-02-13 16:02:46.937766,Berlin-6883,-4,39,Normal
2026-02-13 16:02:47.937766,Berlin-6883,-17,78,Normal
2026-02-13 16:02:48.937766,Berlin-6883,17,83,Normal
2026-02-13 16:02:49.937766,Berlin-6883,11,62,Normal
2026-02-13 16:02:50.937766,Berlin-6883,46,18,Normal
2026-02-13 16:02:51.937766,Berlin-6883,38,43,Normal
2026-02-13 16:02:52.937766,Berlin-6883,1,92,Normal
2026-02-13 16:02:53.937766,Berlin-6883,-16,95,Normal
2026-02-13 16:02:54.937766,Berlin-6883,22,9,Normal
2026-02-13 16:02:55.937766,Berlin-6883,36,86,Normal
2026-02-13 16:02:56.937766,Berlin-6883,-11,31,Normal
2026-02-13 16:02:57.937766,Berlin-6883,-16,28,Normal
2026-02-13 16:02:58.937766,Berlin-6883,8,82,Normal
2026-02-13 16:02:59.937766,Berlin-6883,10,40,Normal
2026-02-13 16:03:00.937766,Berlin-6883,29,44,Normal
2026-02-13 16:03:01.937766,Berlin-6883,-6,72,Normal
2026-02-13 16:03:02.937766,Berlin-6883,37,57,Normal
2026-02-13 16:03:03.937766,Berlin-6883,-1,93,Normal
2026-02-13 16:03:04.937766,Berlin-6883,30,0,Normal
2026-02-13 16:03:05.937766,Berlin-6883,15,80,Normal
2026-02-13 16:03:06.937766,Berlin-6883,2,35,Normal
2026-02-13 16:03:07.937766,Berlin-6883,-24,5,Normal
2026-02-13 16:03:08.937766,Berlin-6883,-14,22,Normal
2026-02-13 16:03:09.937766,Berlin-6883,19,96,Normal
2026-02-13 16:03:10.937766,Berlin-6883,21,25,Normal
2026-02-13 16:03:11.937766,Berlin-6883,-21,92,Normal
2026-02-13 16:03:12.937766,Berlin-6883,33,96,Normal
2026-02-13 16:03:13.937766,Berlin-6883,26,87,Normal
2026-02-13 16:03:14.937766,Berlin-6883,-22,11,Normal
2026-02-13 16:03:15.937766,Berlin-6883,27,92,Normal
2026-02-13 16:03:16.937766,Berlin-6883,-14,80,Normal
2026-02-13 16:03:17.937766,Berlin-6883,43,94,Normal
2026-02-13 16:03:18.937766,Berlin-6883,-7,19,Normal
2026-02-13 16:03:19.937766,Berlin-6883,42,45,Normal
2026-02-13 16:03:20.937766,Berlin-6883,13,32,Normal
2026-02-13 16:03:21.937766,Berlin-6883,13,70,Normal
2026-02-13 16:03:22.937766,Berlin-6883,37,46,Normal
2026-02-13 16:03:23.937766,Berlin-6883,3,35,Normal
2026-02-13 16:03:24.937766,Berlin-6883,19,78,Normal
2026-02-13 16:03:25.937766,Berlin-6883,36,12,Normal
2026-02-13 16:03:26.937766,Berlin-6883,-16,82,Normal
2026-02-13 16:03:27.937766,Berlin-6883,-11,97,Normal
2026-02-13 16:03:28.937766,Berlin-6883,-24,30,Normal
2026-02-13 16:03:29.937766,Berlin-6883,21,27,Normal
2026-02-13 16:03:30.937766,Berlin-6883,-19,69,Normal
2026-02-13 16:03:31.937766,Berlin-6883,3,62,Normal
2026-02-13 16:03:32.937766,Berlin-6883,-18,64,Normal
2026-02-13 16:03:33.937766,Berlin-6883,12,5,Normal
2026-02-13 16:03:34.937766,Berlin-6883,-30,42,Normal
2026-02-13 16:03:35.937766,Berlin-6883,26,65,Normal
2026-02-13 16:03:36.937766,Berlin-6883,28,88,Normal
2026-02-13 16:03:37.937766,Berlin-6883,25,34,Normal
2026-02-13 16:03:38.937766,Berlin-6883,34,35,Normal
2026-02-13 16:03:39.937766,Berlin-6883,37,34,Normal
2026-02-13 16:03:40.937766,Berlin-6883,16,3,Normal
2026-02-13 16:03:41.937766,Berlin-6883,24,56,Normal
2026-02-13 16:03:42.937766,Berlin-6883,12,57,Normal
2026-02-13 16:03:43.937766,Berlin-6883,40,8,Normal
2026-02-13 16:03:44.937766,Berlin-6883,4,94,Normal
2026-02-13 16:03:45.937766,Berlin-6883,22,94,Normal
2026-02-13 16:03:46.937766,Berlin-6883,29,38,Normal
2026-02-13 16:03:47.937766,Berlin-6883,23,86,Normal
2026-02-13 16:03:48.937766,Berlin-6883,49,63,Normal
2026-02-13 16:03:49.937766,Berlin-6883,47,92,Normal
2026-02-13 16:03:50.937766,Berlin-6883,50,86,Normal
2026-02-13 16:03:51.937766,Berlin-6883,45,5,Normal
2026-02-13 16:03:52.937766,Berlin-6883,-5,55,Normal
2026-02-13 16:03:53.937766,Berlin-6883,44,30,Normal
2026-02-13 16:03:54.937766,Berlin-6883,14,42,Normal
2026-02-13 16:03:55.937766,Berlin-6883,4,44,Normal
2026-02-13 16:03:56.937766,Berlin-6883,-10,80,Normal
2026-02-13 16:03:57.937766,Berlin-6883,16,42,Normal
2026-02-13 16:03:58.937766,Berlin-6883,35,58,Normal
2026-02-13 16:03:59.937766,Berlin-6883,26,29,Normal
2026-02-13 16:04:00.937766,Berlin-6883,7,56,Normal
2026-02-13 16:04:01.937766,Berlin-6883,23,68,Normal
2026-02-13 16:04:02.937766,Berlin-6883,-2,8,Normal
2026-02-13 16:04:03.937766,Berlin-6883,-20,6,Normal
2026-02-13 16:04:04.937766,Berlin-6883,4,23,Normal
2026-02-13 16:04:05.937766,Berlin-6883,44,65,Normal
2026-02-13 16:04:06.937766,Berlin-6883,2,31,Normal
2026-02-13 16:04:07.937766,Berlin-6883,39,29,Normal
2026-02-13 16:04:08.937766,Berlin-6883,37,22,Normal
2026-02-13 16:04:09.937766,Berlin-6883,39,17,Normal
2026-02-13 16:04:10.937766,Berlin-6883,14,8,Normal
2026-02-13 16:04:11.937766,Berlin-6883,23,76,Normal
2026-02-13 16:04:12.937766,Berlin-6883,36,0,Normal
2026-02-13 16:04:13.937766,Berlin-6883,9,8,Normal
2026-02-13 16:04:14.937766,Berlin-6883,-7,84,Normal
2026-02-13 16:04:15.937766,Berlin-6883,14,88,Normal
2026-02-13 16:04:16.937766,Berlin-6883,-21,53,Normal
2026-02-13 16:04:17.937766,Berlin-6883,33,41,Normal
2026-02-13 16:04:18.937766,Berlin-6883,-24,61,Normal
2026-02-13 16:04:19.937766,Berlin-6883,-28,8,Normal
2026-02-13 16:04:20.937766,Berlin-6883,-10,74,Normal
2026-02-13 16:04:21.937766,Berlin-6883,32,96,Normal
2026-02-13 16:04:22.937766,Berlin-6883,43,22,Normal
2026-02-13 16:04:23.937766,Berlin-6883,-25,32,Normal
2026-02-13 16:04:24.937766,Berlin-6883,9,46,Normal
2026-02-13 16:04:25.937766,Berlin-6883,43,2,Normal
2026-02-13 16:04:26.937766,Berlin-6883,20,7,Normal
2026-02-13 16:04:27.937766,Berlin-6883,2,27,Normal
2026-02-13 16:04:28.937766,Berlin-6883,-8,42,Normal
2026-02-13 16:04:29.937766,Berlin-6883,28,97,Normal
2026-02-13 16:04:30.937766,Berlin-6883,6,17,Normal
2026-02-13 16:04:31.937766,Berlin-6883,-17,22,Normal
2026-02-13 16:04:32.937766,Berlin-6883,40,35,Normal
2026-02-13 16:04:33.937766,Berlin-6883,-21,84,Normal
2026-02-13 16:04:34.937766,Berlin-6883,24,91,Normal
2026-02-13 16:04:35.937766,Berlin-6883,-5,59,Normal
2026-02-13 16:04:36.937766,Berlin-6883,-28,32,Normal
2026-02-13 16:04:37.937766,Berlin-6883,36,50,Normal
2026-02-13 16:04:38.937766,Berlin-6883,-12,41,Normal
2026-02-13 16:04:39.937766,Berlin-6883,8,84,Normal
2026-02-13 16:04:40.937766,Berlin-6883,-21,19,Normal
2026-02-13 16:04:41.937766,Berlin-6883,22,31,Normal
2026-02-13 16:04:42.937766,Berlin-6883,25,72,Normal
2026-02-13 16:04:43.937766,Berlin-6883,29,42,Normal
2026-02-13 16:04:44.937766,Berlin-6883,-9,95,Normal
2026-02-13 16:04:45.937766,Berlin-6883,25,73,Normal
2026-02-13 16:04:46.937766,Berlin-6883,-15,40,Normal
2026-02-13 16:04:47.937766,Berlin-6883,5,64,Normal
2026-02-13 16:04:48.937766,Berlin-6883,3,56,Normal
2026-02-13 16:04:49.937766,Berlin-6883,28,75,Normal
2026-02-13 16:04:50.937766,Berlin-6883,44,74,Normal
2026-02-13 16:04:51.937766,Berlin-6883,47,65,Normal
2026-02-13 16:04:52.937766,Berlin-6883,37,66,Normal
2026-02-13 16:04:53.937766,Berlin-6883,-28,36,Normal
2026-02-13 16:04:54.937766,Berlin-6883,26,51,Normal
2026-02-13 16:04:55.937766,Berlin-6883,-21,42,Normal
2026-02-13 16:04:56.937766,Berlin-6883,-30,50,Normal
2026-02-13 16:04:57.937766,Berlin-6883,-23,90,Normal
2026-02-13 16:04:58.937766,Berlin-6883,21,32,Normal
2026-02-13 16:04:59.937766,Berlin-6883,28,56,Normal
2026-02-13 16:05:00.937766,Berlin-6883,-19,69,Normal
2026-02-13 16:05:01.937766,Berlin-6883,40,30,Normal
2026-02-13 16:05:02.937766,Berlin-6883,17,18,Normal
2026-02-13 16:05:03.937766,Berlin-6883,22,26,Normal
2026-02-13 16:05:04.937766,Berlin-6883,43,94,Normal
2026-02-13 16:05:05.937766,Berlin-6883,18,40,Normal
2026-02-13 16:05:06.937766,Berlin-6883,-22,15,Normal
2026-02-13 16:05:07.937766,Berlin-6883,-17,85,Normal
2026-02-13 16:05:08.937766,Berlin-6883,-19,40,Normal
2026-02-13 16:05:09.937766,Berlin-6883,25,55,Normal
2026-02-13 16:05:10.937766,Berlin-6883,-18,90,Normal
2026-02-13 16:05:11.937766,Berlin-6883,29,29,Normal
2026-02-13 16:05:12.937766,Berlin-6883,-11,32,Normal
2026-02-13 16:05:13.937766,Berlin-6883,-25,4,Normal
2026-02-13 16:05:14.937766,Berlin-6883,32,21,Normal
2026-02-13 16:05:15.937766,Berlin-6883,31,15,Normal
2026-02-13 16:05:16.937766,Berlin-6883,49,100,Normal
2026-02-13 16:05:17.937766,Berlin-6883,29,53,Normal
2026-02-13 16:05:18.937766,Berlin-6883,46,0,Normal
2026-02-13 16:05:19.937766,Berlin-6883,-17,98,Normal
2026-02-13 16:05:20.937766,Berlin-6883,-11,21,Normal
2026-02-13 16:05:21.937766,Berlin-6883,3,35,Normal
2026-02-13 16:05:22.937766,Berlin-6883,-12,27,Normal
2026-02-13 16:05:23.937766,Berlin-6883,5,27,Normal
2026-02-13 16:05:24.937766,Berlin-6883,-12,39,Normal
2026-02-13 16:05:25.937766,Berlin-6883,34,76,Normal
2026-02-13 16:05:26.937766,Berlin-6883,24,5,Normal
2026-02-13 16:05:27.937766,Berlin-6883,19,39,Normal
2026-02-13 16:05:28.937766,Berlin-6883,36,64,Normal
2026-02-13 16:05:29.937766,Berlin-6883,34,63,Normal
2026-02-13 16:05:30.937766,Berlin-6883,1,18,Normal
2026-02-13 16:05:31.937766,Berlin-6883,-10,81,Normal
2026-02-13 16:05:32.937766,Berlin-6883,-4,39,Normal
2026-02-13 16:05:33.937766,Berlin-6883,10,52,Normal
2026-02-13 16:05:34.937766,Berlin-6883,9,6,Normal
2026-02-13 16:05:35.937766,Berlin-6883,14,44,Normal
2026-02-13 16:05:36.937766,Berlin-6883,29,64,Normal
2026-02-13 16:05:37.937766,Berlin-6883,-16,89,Normal
2026-02-13 16:05:38.937766,Berlin-6883,24,64,Normal
2026-02-13 16:05:39.937766,Berlin-6883,7,30,Normal
2026-02-13 16:05:40.937766,Berlin-6883,-18,12,Normal
2026-02-13 16:05:41.937766,Berlin-6883,3,32,Normal
2026-02-13 16:05:42.937766,Berlin-6883,20,74,Normal
2026-02-13 16:05:43.937766,Berlin-6883,10,46,Normal
2026-02-13 16:05:44.937766,Berlin-6883,29,31,Normal
2026-02-13 16:05:45.937766,Berlin-6883,-20,16,Normal
2026-02-13 16:05:46.937766,Berlin-6883,39,60,Normal
2026-02-13 16:05:47.937766,Berlin-6883,48,22,Normal
2026-02-13 16:05:48.937766,Berlin-6883,32,34,Normal
2026-02-13 16:05:49.937766,Berlin-6883,50,2,Normal
2026-02-13 16:05:50.937766,Berlin-6883,-27,65,Normal
2026-02-13 16:05:51.937766,Berlin-6883,2,75,Normal
2026-02-13 16:05:52.937766,Berlin-6883,7,21,Normal
2026-02-13 16:05:53.937766,Berlin-6883,-30,68,Normal
2026-02-13 16:05:54.937766,Berlin-6883,-4,75,Normal
2026-02-13 16:05:55.937766,Berlin-6883,-9,11,Normal
2026-02-13 16:05:56.937766,Berlin-6883,-9,55,Normal
2026-02-13 16:05:57.937766,Berlin-6883,47,33,Normal
2026-02-13 16:05:58.937766,Berlin-6883,-23,17,Normal
2026-02-13 16:05:59.937766,Berlin-6883,-2,42,Normal
2026-02-13 16:06:00.937766,Berlin-6883,-29,37,Normal
2026-02-13 16:06:01.937766,Berlin-6883,-8,18,Normal
2026-02-13 16:06:02.937766,Berlin-6883,44,22,Normal
2026-02-13 16:06:03.937766,Berlin-6883,-21,65,Normal
2026-02-13 16:06:04.937766,Berlin-6883,-27,8,Normal
2026-02-13 16:06:05.937766,Berlin-6883,36,13,Normal
2026-02-13 16:06:06.937766,Berlin-6883,27,5,Normal
2026-02-13 16:06:07.937766,Berlin-6883,-8,99,Normal
2026-02-13 16:06:08.937766,Berlin-6883,32,22,Normal
2026-02-13 16:06:09.937766,Berlin-6883,43,91,Normal
2026-02-13 16:06:10.937766,Berlin-6883,24,90,Normal
2026-02-13 16:06:11.937766,Berlin-6883,5,32,Normal
2026-02-13 16:06:12.937766,Berlin-6883,-1,76,Normal
2026-02-13 16:06:13.937766,Berlin-6883,3,22,Normal
2026-02-13 16:06:14.937766,Berlin-6883,48,81,Normal
2026-02-13 16:06:15.937766,Berlin-6883,-1,10,Normal
2026-02-13 16:06:16.937766,Berlin-6883,-23,93,Normal
2026-02-13 16:06:17.937766,Berlin-6883,30,3,Normal
2026-02-13 16:06:18.937766,Berlin-6883,39,41,Normal
2026-02-13 16:06:19.937766,Berlin-6883,-30,29,Normal
2026-02-13 16:06:20.937766,Berlin-6883,33,61,Normal
2026-02-13 16:06:21.937766,Berlin-6883,-18,58,Normal
2026-02-13 16:06:22.937766,Berlin-6883,22,11,Normal
2026-02-13 16:06:23.937766,Berlin-6883,24,97,Normal
2026-02-13 16:06:24.937766,Berlin-6883,15,20,Normal
2026-02-13 16:06:25.937766,Berlin-6883,-25,0,Normal
2026-02-13 16:06:26.937766,Berlin-6883,-16,42,Normal
2026-02-13 16:06:27.937766,Berlin-6883,-3,55,Normal
2026-02-13 16:06:28.937766,Berlin-6883,-18,79,Normal
2026-02-13 16:06:29.937766,Berlin-6883,2,57,Normal
2026-02-13 16:06:30.937766,Berlin-6883,17,0,Normal
2026-02-13 16:06:31.937766,Berlin-6883,33,44,Normal
2026-02-13 16:06:32.937766,Berlin-6883,-22,89,Normal
2026-02-13 16:06:33.937766,Berlin-6883,1,88,Normal
2026-02-13 16:06:34.937766,Berlin-6883,-17,40,Normal
2026-02-13 16:06:35.937766,Berlin-6883,46,71,Normal
2026-02-13 16:06:36.937766,Berlin-6883,32,84,Normal
2026-02-13 16:06:37.937766,Berlin-6883,13,24,Normal
2026-02-13 16:06:38.937766,Berlin-6883,19,89,Normal
2026-02-13 16:06:39.937766,Berlin-6883,8,55,Normal
2026-02-13 16:06:40.937766,Berlin-6883,12,18,Normal
2026-02-13 16:06:41.937766,Berlin-6883,48,99,Normal
2026-02-13 16:06:42.937766,Berlin-6883,47,45,Normal
2026-02-13 16:06:43.937766,Berlin-6883,-23,27,Normal
2026-02-13 16:06:44.937766,Berlin-6883,-5,68,Normal
2026-02-13 16:06:45.937766,Berlin-6883,10,88,Normal
2026-02-13 16:06:46.937766,Berlin-6883,45,4,Normal
2026-02-13 16:06:47.937766,Berlin-6883,24,53,Normal
2026-02-13 16:06:48.937766,Berlin-6883,11,40,Normal
2026-02-13 16:06:49.937766,Berlin-6883,-2,17,Normal
2026-02-13 16:06:50.937766,Berlin-6883,16,39,Normal
2026-02-13 16:06:51.937766,Berlin-6883,-1,92,Normal
2026-02-13 16:06:52.937766,Berlin-6883,-20,75,Normal
2026-02-13 16:06:53.937766,Berlin-6883,15,52,Normal
2026-02-13 16:06:54.937766,Berlin-6883,33,31,Normal
2026-02-13 16:06:55.937766,Berlin-6883,-21,78,Normal
2026-02-13 16:06:56.937766,Berlin-6883,44,0,Normal
2026-02-13 16:06:57.937766,Berlin-6883,-23,55,Normal
2026-02-13 16:06:58.937766,Berlin-6883,9,85,Normal
2026-02-13 16:06:59.937766,Berlin-6883,41,74,Normal
2026-02-13 16:07:00.937766,Berlin-6883,3,43,Normal
2026-02-13 16:07:01.937766,Berlin-6883,36,93,Normal
2026-02-13 16:07:02.937766,Berlin-6883,16,79,Normal
2026-02-13 16:07:03.937766,Berlin-6883,36,33,Normal
2026-02-13 16:07:04.937766,Berlin-6883,6,60,Normal
2026-02-13 16:07:05.937766,Berlin-6883,3,86,Normal
2026-02-13 16:07:06.937766,Berlin-6883,-21,66,Normal
2026-02-13 16:07:07.937766,Berlin-6883,42,71,Normal
2026-02-13 16:07:08.937766,Berlin-6883,7,38,Normal
2026-02-13 16:07:09.937766,Berlin-6883,-25,7,Normal
2026-02-13 16:07:10.937766,Berlin-6883,29,86,Normal
2026-02-13 16:07:11.937766,Berlin-6883,18,70,Normal
2026-02-13 16:07:12.937766,Berlin-6883,23,86,Normal
2026-02-13 16:07:13.937766,Berlin-6883,40,53,Normal
2026-02-13 16:07:14.937766,Berlin-6883,-23,65,Normal
2026-02-13 16:07:15.937766,Berlin-6883,45,55,Normal
2026-02-13 16:07:16.937766,Berlin-6883,43,49,Normal
2026-02-13 16:07:17.937766,Berlin-6883,-22,26,Normal
2026-02-13 16:07:18.937766,Berlin-6883,-5,10,Normal
2026-02-13 16:07:19.937766,Berlin-6883,18,71,Normal
2026-02-13 16:07:20.937766,Berlin-6883,40,68,Normal
2026-02-13 16:07:21.937766,Berlin-6883,3,45,Normal
2026-02-13 16:07:22.937766,Berlin-6883,41,0,Normal
2026-02-13 16:07:23.937766,Berlin-6883,-27,39,Normal
2026-02-13 16:07:24.937766,Berlin-6883,-5,65,Normal
2026-02-13 16:07:25.937766,Berlin-6883,-2,6,Normal
2026-02-13 16:07:26.937766,Berlin-6883,31,72,Normal
2026-02-13 16:07:27.937766,Berlin-6883,16,17,Normal
2026-02-13 16:07:28.937766,Berlin-6883,-16,93,Normal
2026-02-13 16:07:29.937766,Berlin-6883,17,12,Normal
2026-02-13 16:07:30.937766,Berlin-6883,50,78,Normal
2026-02-13 16:07:31.937766,Berlin-6883,30,53,Normal
2026-02-13 16:07:32.937766,Berlin-6883,20,11,Normal
2026-02-13 16:07:33.937766,Berlin-6883,41,66,Normal
2026-02-13 16:07:34.937766,Berlin-6883,-25,21,Normal
2026-02-13 16:07:35.937766,Berlin-6883,24,91,Normal
2026-02-13 16:07:36.937766,Berlin-6883,-29,64,Normal
2026-02-13 16:07:37.937766,Berlin-6883,-20,55,Normal
2026-02-13 16:07:38.937766,Berlin-6883,-24,96,Normal
2026-02-13 16:07:39.937766,Berlin-6883,29,79,Normal
2026-02-13 16:07:40.937766,Berlin-6883,22,67,Normal
2026-02-13 16:07:41.937766,Berlin-6883,38,42,Normal
2026-02-13 16:07:42.937766,Berlin-6883,40,99,Normal
2026-02-13 16:07:43.937766,Berlin-6883,41,6,Normal
2026-02-13 16:07:44.937766,Berlin-6883,-18,14,Normal
2026-02-13 16:07:45.937766,Berlin-6883,-9,57,Normal
2026-02-13 16:07:46.937766,Berlin-6883,-17,64,Normal
2026-02-13 16:07:47.937766,Berlin-6883,-10,28,Normal
2026-02-13 16:07:48.937766,Berlin-6883,-2,82,Normal
2026-02-13 16:07:49.937766,Berlin-6883,-26,61,Normal
2026-02-13 16:07:50.937766,Berlin-6883,8,84,Normal
2026-02-13 16:07:51.937766,Berlin-6883,34,98,Normal
2026-02-13 16:07:52.937766,Berlin-6883,20,11,Normal
2026-02-13 16:07:53.937766,Berlin-6883,-24,37,Normal
2026-02-13 16:07:54.937766,Berlin-6883,10,33,Normal
2026-02-13 16:07:55.937766,Berlin-6883,6,73,Normal
2026-02-13 16:07:56.937766,Berlin-6883,2,6,Normal
2026-02-13 16:07:57.937766,Berlin-6883,32,73,Normal
2026-02-13 16:07:58.937766,Berlin-6883,-6,43,Normal
2026-02-13 16:07:59.937766,Berlin-6883,8,80,Normal
2026-02-13 16:08:00.937766,Berlin-6883,50,69,Normal
2026-02-13 16:08:01.937766,Berlin-6883,16,36,Normal
2026-02-13 16:08:02.937766,Berlin-6883,25,82,Normal
2026-02-13 16:08:03.937766,Berlin-6883,21,60,Normal
2026-02-13 16:08:04.937766,Berlin-6883,31,89,Normal
2026-02-13 16:08:05.937766,Berlin-6883,6,27,Normal
2026-02-13 16:08:06.937766,Berlin-6883,9,82,Normal
2026-02-13 16:08:07.937766,Berlin-6883,7,84,Normal
2026-02-13 16:08:08.937766,Berlin-6883,-28,34,Normal
2026-02-13 16:08:09.937766,Berlin-6883,15,49,Normal
2026-02-13 16:08:10.937766,Berlin-6883,14,20,Normal
2026-02-13 16:08:11.937766,Berlin-6883,7,17,Normal
2026-02-13 16:08:12.937766,Berlin-6883,6,62,Normal
2026-02-13 16:08:13.937766,Berlin-6883,25,4,Normal
2026-02-13 16:08:14.937766,Berlin-6883,-3,83,Normal
2026-02-13 16:08:15.937766,Berlin-6883,40,2,Normal
2026-02-13 16:08:16.937766,Berlin-6883,-22,9,Normal
2026-02-13 16:08:17.937766,Berlin-6883,-9,15,Normal
2026-02-13 16:08:18.937766,Berlin-6883,-27,7,Normal
2026-02-13 16:08:19.937766,Berlin-6883,-7,19,Normal
2026-02-13 16:08:20.937766,Berlin-6883,30,85,Normal
2026-02-13 16:08:21.937766,Berlin-6883,30,9,Normal
2026-02-13 16:08:22.937766,Berlin-6883,31,95,Normal
2026-02-13 16:08:23.937766,Berlin-6883,35,21,Normal
2026-02-13 16:08:24.937766,Berlin-6883,-29,52,Normal
2026-02-13 16:08:25.937766,Berlin-6883,-19,81,Normal
2026-02-13 16:08:26.937766,Berlin-6883,-3,96,Normal
2026-02-13 16:08:27.937766,Berlin-6883,-29,86,Normal
2026-02-13 16:08:28.937766,Berlin-6883,-2,75,Normal
2026-02-13 16:08:29.937766,Berlin-6883,34,26,Normal
2026-02-13 16:08:30.937766,Berlin-6883,26,37,Normal
2026-02-13 16:08:31.937766,Berlin-6883,46,62,Normal
2026-02-13 16:08:32.937766,Berlin-6883,-30,49,Normal
2026-02-13 16:08:33.937766,Berlin-6883,-13,62,Normal
2026-02-13 16:08:34.937766,Berlin-6883,47,50,Normal
2026-02-13 16:08:35.937766,Berlin-6883,-28,0,Normal
2026-02-13 16:08:36.937766,Berlin-6883,-25,54,Normal
2026-02-13 16:08:37.937766,Berlin-6883,31,38,Normal
2026-02-13 16:08:38.937766,Berlin-6883,9,94,Normal
2026-02-13 16:08:39.937766,Berlin-6883,6,79,Normal
2026-02-13 16:08:40.937766,Berlin-6883,29,18,Normal
2026-02-13 16:08:41.937766,Berlin-6883,-2,99,Normal
2026-02-13 16:08:42.937766,Berlin-6883,8,21,Normal
2026-02-13 16:08:43.937766,Berlin-6883,24,9,Normal
2026-02-13 16:08:44.937766,Berlin-6883,-10,94,Normal
2026-02-13 16:08:45.937766,Berlin-6883,-27,13,Normal
2026-02-13 16:08:46.937766,Berlin-6883,-3,8,Normal
2026-02-13 16:08:47.937766,Berlin-6883,30,94,Normal
2026-02-13 16:08:48.937766,Berlin-6883,5,8,Normal
2026-02-13 16:08:49.937766,Berlin-6883,-19,56,Normal
2026-02-13 16:08:50.937766,Berlin-6883,6,95,Normal
2026-02-13 16:08:51.937766,Berlin-6883,18,16,Normal
2026-02-13 16:08:52.937766,Berlin-6883,49,44,Normal
2026-02-13 16:08:53.937766,Berlin-6883,40,27,Normal
2026-02-13 16:08:54.937766,Berlin-6883,37,37,Normal
2026-02-13 16:08:55.937766,Berlin-6883,37,18,Normal
2026-02-13 16:08:56.937766,Berlin-6883,-12,86,Normal
2026-02-13 16:08:57.937766,Berlin-6883,12,70,Normal
2026-02-13 16:08:58.937766,Berlin-6883,35,9,Normal
2026-02-13 16:08:59.937766,Berlin-6883,24,27,Normal
2026-02-13 16:09:00.937766,Berlin-6883,-9,78,Normal
2026-02-13 16:09:01.937766,Berlin-6883,-20,90,Normal
2026-02-13 16:09:02.937766,Berlin-6883,39,13,Normal
2026-02-13 16:09:03.937766,Berlin-6883,6,58,Normal
2026-02-13 16:09:04.937766,Berlin-6883,19,45,Normal
2026-02-13 16:09:05.937766,Berlin-6883,-13,33,Normal
2026-02-13 16:09:06.937766,Berlin-6883,14,37,Normal
2026-02-13 16:09:07.937766,Berlin-6883,23,89,Normal
2026-02-13 16:09:08.937766,Berlin-6883,-9,34,Normal
2026-02-13 16:09:09.937766,Berlin-6883,-5,63,Normal
2026-02-13 16:09:10.937766,Berlin-6883,-3,67,Normal
2026-02-13 16:09:11.937766,Berlin-6883,12,7,Normal
2026-02-13 16:09:12.937766,Berlin-6883,34,84,Normal
2026-02-13 16:09:13.937766,Berlin-6883,-28,10,Normal
2026-02-13 16:09:14.937766,Berlin-6883,-6,86,Normal
2026-02-13 16:09:15.937766,Berlin-6883,33,70,Normal
2026-02-13 16:09:16.937766,Berlin-6883,49,5,Normal
2026-02-13 16:09:17.937766,Berlin-6883,21,91,Normal
2026-02-13 16:09:18.937766,Berlin-6883,-8,95,Normal
2026-02-13 16:09:19.937766,Berlin-6883,3,52,Normal
2026-02-13 16:09:20.937766,Berlin-6883,28,89,Normal
2026-02-13 16:09:21.937766,Berlin-6883,-8,13,Normal
2026-02-13 16:09:22.937766,Berlin-6883,-20,50,Normal
2026-02-13 16:09:23.937766,Berlin-6883,-24,53,Normal
2026-02-13 16:09:24.937766,Berlin-6883,-4,32,Normal
2026-02-13 16:09:25.937766,Berlin-6883,19,9,Normal
2026-02-13 16:09:26.937766,Berlin-6883,20,40,Normal
2026-02-13 16:09:27.937766,Berlin-6883,-17,49,Normal
2026-02-13 16:09:28.937766,Berlin-6883,43,76,Normal
2026-02-13 16:09:29.937766,Berlin-6883,4,90,Normal
2026-02-13 16:09:30.937766,Berlin-6883,-28,26,Normal
2026-02-13 16:09:31.937766,Berlin-6883,-26,45,Normal
2026-02-13 16:09:32.937766,Berlin-6883,-24,63,Normal
2026-02-13 16:09:33.937766,Berlin-6883,-7,90,Normal
2026-02-13 16:09:34.937766,Berlin-6883,49,51,Normal
2026-02-13 16:09:35.937766,Berlin-6883,5,22,Normal
2026-02-13 16:09:36.937766,Berlin-6883,15,80,Normal
2026-02-13 16:09:37.937766,Berlin-6883,-21,16,Normal
2026-02-13 16:09:38.937766,Berlin-6883,6,34,Normal
2026-02-13 16:09:39.937766,Berlin-6883,-20,41,Normal
2026-02-13 16:09:40.937766,Berlin-6883,-23,71,Normal
2026-02-13 16:09:41.937766,Berlin-6883,-17,65,Normal
2026-02-13 16:09:42.937766,Berlin-6883,26,0,Normal
2026-02-13 16:09:43.937766,Berlin-6883,-15,51,Normal
2026-02-13 16:09:44.937766,Berlin-6883,13,96,Normal
2026-02-13 16:09:45.937766,Berlin-6883,46,29,Normal
2026-02-13 16:09:46.937766,Berlin-6883,-3,49,Normal
2026-02-13 16:09:47.937766,Berlin-6883,-20,32,Normal
2026-02-13 16:09:48.937766,Berlin-6883,32,90,Normal
2026-02-13 16:09:49.937766,Berlin-6883,-2,9,Normal
2026-02-13 16:09:50.937766,Berlin-6883,-11,56,Normal
2026-02-13 16:09:51.937766,Berlin-6883,-27,75,Normal
2026-02-13 16:09:52.937766,Berlin-6883,39,60,Normal
2026-02-13 16:09:53.937766,Berlin-6883,12,90,Normal
2026-02-13 16:09:54.937766,Berlin-6883,48,16,Normal
2026-02-13 16:09:55.937766,Berlin-6883,-18,7,Normal
2026-02-13 16:09:56.937766,Berlin-6883,-24,53,Normal
2026-02-13 16:09:57.937766,Berlin-6883,32,35,Normal
2026-02-13 16:09:58.937766,Berlin-6883,-6,95,Normal
2026-02-13 16:09:59.937766,Berlin-6883,21,75,Normal
2026-02-13 16:10:00.937766,Berlin-6883,-30,71,Normal
2026-02-13 16:10:01.937766,Berlin-6883,50,61,Normal
2026-02-13 16:10:02.937766,Berlin-6883,11,45,Normal
2026-02-13 16:10:03.937766,Berlin-6883,36,92,Normal
2026-02-13 16:10:04.937766,Berlin-6883,4,56,Normal
2026-02-13 16:10:05.937766,Berlin-6883,46,71,Normal
2026-02-13 16:10:06.937766,Berlin-6883,50,68,Normal
2026-02-13 16:10:07.937766,Berlin-6883,-25,6,Normal
2026-02-13 16:10:08.937766,Berlin-6883,-25,41,Normal
2026-02-13 16:10:09.937766,Berlin-6883,-23,42,Normal
2026-02-13 16:10:10.937766,Berlin-6883,15,99,Normal
2026-02-13 16:10:11.937766,Berlin-6883,-2,90,Normal
2026-02-13 16:10:12.937766,Berlin-6883,-2,71,Normal
2026-02-13 16:10:13.937766,Berlin-6883,23,43,Normal
2026-02-13 16:10:14.937766,Berlin-6883,-28,90,Normal
2026-02-13 16:10:15.937766,Berlin-6883,30,5,Normal
2026-02-13 16:10:16.937766,Berlin-6883,6,69,Normal
2026-02-13 16:10:17.937766,Berlin-6883,-1,18,Normal
2026-02-13 16:10:18.937766,Berlin-6883,-4,23,Normal
2026-02-13 16:10:19.937766,Berlin-6883,37,19,Normal
2026-02-13 16:10:20.937766,Berlin-6883,13,40,Normal
2026-02-13 16:10:21.937766,Berlin-6883,-16,30,Normal
2026-02-13 16:10:22.937766,Berlin-6883,47,74,Normal
2026-02-13 16:10:23.937766,Berlin-6883,-3,43,Normal
2026-02-13 16:10:24.937766,Berlin-6883,47,57,Normal
2026-02-13 16:10:25.937766,Berlin-6883,-27,2,Normal
2026-02-13 16:10:26.937766,Berlin-6883,-22,22,Normal
2026-02-13 16:10:27.937766,Berlin-6883,-3,98,Normal
2026-02-13 16:10:28.937766,Berlin-6883,-3,66,Normal
2026-02-13 16:10:29.937766,Berlin-6883,-21,39,Normal
2026-02-13 16:10:30.937766,Berlin-6883,-18,13,Normal
2026-02-13 16:10:31.937766,Berlin-6883,35,54,Normal
2026-02-13 16:10:32.937766,Berlin-6883,-14,92,Normal
2026-02-13 16:10:33.937766,Berlin-6883,-1,58,Normal
2026-02-13 16:10:34.937766,Berlin-6883,-7,96,Normal
2026-02-13 16:10:35.937766,Berlin-6883,39,31,Normal
2026-02-13 16:10:36.937766,Berlin-6883,3,40,Normal
2026-02-13 16:10:37.937766,Berlin-6883,48,57,Normal
2026-02-13 16:10:38.937766,Berlin-6883,6,16,Normal
2026-02-13 16:10:39.937766,Berlin-6883,7,84,Normal
2026-02-13 16:10:40.937766,Berlin-6883,-15,5,Normal
2026-02-13 16:10:41.937766,Berlin-6883,41,53,Normal
2026-02-13 16:10:42.937766,Berlin-6883,37,76,Normal
2026-02-13 16:10:43.937766,Berlin-6883,43,39,Normal
2026-02-13 16:10:44.937766,Berlin-6883,49,8,Normal
2026-02-13 16:10:45.937766,Berlin-6883,-17,12,Normal
2026-02-13 16:10:46.937766,Berlin-6883,0,85,Normal
2026-02-13 16:10:47.937766,Berlin-6883,9,72,Normal
2026-02-13 16:10:48.937766,Berlin-6883,19,78,Normal
2026-02-13 16:10:49.937766,Berlin-6883,47,11,Normal
2026-02-13 16:10:50.937766,Berlin-6883,-30,94,Normal
2026-02-13 16:10:51.937766,Berlin-6883,21,29,Normal
2026-02-13 16:10:52.937766,Berlin-6883,-23,20,Normal
2026-02-13 16:10:53.937766,Berlin-6883,-4,47,Normal
2026-02-13 16:10:54.937766,Berlin-6883,37,44,Normal
2026-02-13 16:10:55.937766,Berlin-6883,-15,48,Normal
2026-02-13 16:10:56.937766,Berlin-6883,32,12,Normal
2026-02-13 16:10:57.937766,Berlin-6883,28,61,Normal
2026-02-13 16:10:58.937766,Berlin-6883,-25,33,Normal
2026-02-13 16:10:59.937766,Berlin-6883,-4,67,Normal
2026-02-13 16:11:00.937766,Berlin-6883,23,9,Normal
2026-02-13 16:11:01.937766,Berlin-6883,-29,17,Normal
2026-02-13 16:11:02.937766,Berlin-6883,-16,12,Normal
2026-02-13 16:11:03.937766,Berlin-6883,10,73,Normal
2026-02-13 16:11:04.937766,Berlin-6883,33,51,Normal
2026-02-13 16:11:05.937766,Berlin-6883,-12,44,Normal
2026-02-13 16:11:06.937766,Berlin-6883,-11,5,Normal
2026-02-13 16:11:07.937766,Berlin-6883,43,81,Normal
2026-02-13 16:11:08.937766,Berlin-6883,21,24,Normal
2026-02-13 16:11:09.937766,Berlin-6883,35,55,Normal
2026-02-13 16:11:10.937766,Berlin-6883,27,62,Normal
2026-02-13 16:11:11.937766,Berlin-6883,-5,1,Normal
2026-02-13 16:11:12.937766,Berlin-6883,10,26,Normal
2026-02-13 16:11:13.937766,Berlin-6883,26,69,Normal
2026-02-13 16:11:14.937766,Berlin-6883,39,4,Normal
2026-02-13 16:11:15.937766,Berlin-6883,-24,21,Normal
2026-02-13 16:11:16.937766,Berlin-6883,8,9,Normal
2026-02-13 16:11:17.937766,Berlin-6883,-16,70,Normal
2026-02-13 16:11:18.937766,Berlin-6883,-20,3,Normal
2026-02-13 16:11:19.937766,Berlin-6883,-3,28,Normal
2026-02-13 16:11:20.937766,Berlin-6883,2,22,Normal
2026-02-13 16:11:21.937766,Berlin-6883,-14,65,Normal
2026-02-13 16:11:22.937766,Berlin-6883,49,7,Normal
2026-02-13 16:11:23.937766,Berlin-6883,10,85,Normal
2026-02-13 16:11:24.937766,Berlin-6883,13,30,Normal
2026-02-13 16:11:25.937766,Berlin-6883,33,82,Normal
2026-02-13 16:11:26.937766,Berlin-6883,5,20,Normal
2026-02-13 16:11:27.937766,Berlin-6883,-12,55,Normal
2026-02-13 16:11:28.937766,Berlin-6883,-28,43,Normal
2026-02-13 16:11:29.937766,Berlin-6883,0,65,Normal
2026-02-13 16:11:30.937766,Berlin-6883,-25,81,Normal
2026-02-13 16:11:31.937766,Berlin-6883,-5,92,Normal
2026-02-13 16:11:32.937766,Berlin-6883,29,29,Normal
2026-02-13 16:11:33.937766,Berlin-6883,33,4,Normal
2026-02-13 16:11:34.937766,Berlin-6883,-9,30,Normal
2026-02-13 16:11:35.937766,Berlin-6883,-27,33,Normal
2026-02-13 16:11:36.937766,Berlin-6883,-19,17,Normal
2026-02-13 16:11:37.937766,Berlin-6883,-1,56,Normal
2026-02-13 16:11:38.937766,Berlin-6883,45,36,Normal
2026-02-13 16:11:39.937766,Berlin-6883,39,42,Normal
2026-02-13 16:11:40.937766,Berlin-6883,18,19,Normal
2026-02-13 16:11:41.937766,Berlin-6883,15,17,Normal
2026-02-13 16:11:42.937766,Berlin-6883,28,16,Normal
2026-02-13 16:11:43.937766,Berlin-6883,-26,35,Normal
2026-02-13 16:11:44.937766,Berlin-6883,46,8,Normal
2026-02-13 16:11:45.937766,Berlin-6883,6,79,Normal
2026-02-13 16:11:46.937766,Berlin-6883,39,96,Normal
2026-02-13 16:11:47.937766,Berlin-6883,0,39,Normal
2026-02-13 16:11:48.937766,Berlin-6883,36,8,Normal
2026-02-13 16:11:49.937766,Berlin-6883,50,32,Normal
2026-02-13 16:11:50.937766,Berlin-6883,-11,20,Normal
2026-02-13 16:11:51.937766,Berlin-6883,-28,70,Normal
2026-02-13 16:11:52.937766,Berlin-6883,5,14,Normal
2026-02-13 16:11:53.937766,Berlin-6883,35,76,Normal
2026-02-13 16:11:54.937766,Berlin-6883,-7,66,Normal
2026-02-13 16:11:55.937766,Berlin-6883,13,28,Normal
2026-02-13 16:11:56.937766,Berlin-6883,14,9,Normal
2026-02-13 16:11:57.937766,Berlin-6883,-11,28,Normal
2026-02-13 16:11:58.937766,Berlin-6883,18,75,Normal
2026-02-13 16:11:59.937766,Berlin-6883,38,26,Normal
2026-02-13 16:12:00.937766,Berlin-6883,-4,11,Normal
2026-02-13 16:12:01.937766,Berlin-6883,23,1,Normal
2026-02-13 16:12:02.937766,Berlin-6883,16,74,Normal
2026-02-13 16:12:03.937766,Berlin-6883,19,57,Normal
2026-02-13 16:12:04.937766,Berlin-6883,1,87,Normal
2026-02-13 16:12:05.937766,Berlin-6883,-1,88,Normal
2026-02-13 16:12:06.937766,Berlin-6883,8,87,Normal
2026-02-13 16:12:07.937766,Berlin-6883,6,37,Normal
2026-02-13 16:12:08.937766,Berlin-6883,-5,24,Normal
2026-02-13 16:12:09.937766,Berlin-6883,-26,47,Normal
2026-02-13 16:12:10.937766,Berlin-6883,13,44,Normal
2026-02-13 16:12:11.937766,Berlin-6883,-21,19,Normal
2026-02-13 16:12:12.937766,Berlin-6883,-2,43,Normal
2026-02-13 16:12:13.937766,Berlin-6883,47,4,Normal
2026-02-13 16:12:14.937766,Berlin-6883,-18,21,Normal
2026-02-13 16:12:15.937766,Berlin-6883,18,29,Normal
2026-02-13 16:12:16.937766,Berlin-6883,18,100,Normal
2026-02-13 16:12:17.937766,Berlin-6883,35,48,Normal
2026-02-13 16:12:18.937766,Berlin-6883,40,72,Normal
2026-02-13 16:12:19.937766,Berlin-6883,-4,56,Normal
2026-02-13 16:12:20.937766,Berlin-6883,22,53,Normal
2026-02-13 16:12:21.937766,Berlin-6883,-12,64,Normal
2026-02-13 16:12:22.937766,Berlin-6883,-28,94,Normal
2026-02-13 16:12:23.937766,Berlin-6883,25,76,Normal
2026-02-13 16:12:24.937766,Berlin-6883,20,90,Normal
2026-02-13 16:12:25.937766,Berlin-6883,26,39,Normal
2026-02-13 16:12:26.937766,Berlin-6883,23,96,Normal
2026-02-13 16:12:27.937766,Berlin-6883,19,25,Normal
2026-02-13 16:12:28.937766,Berlin-6883,3,3,Normal
2026-02-13 16:12:29.937766,Berlin-6883,35,69,Normal
2026-02-13 16:12:30.937766,Berlin-6883,-11,69,Normal
2026-02-13 16:12:31.937766,Berlin-6883,32,36,Normal
2026-02-13 16:12:32.937766,Berlin-6883,-26,32,Normal
2026-02-13 16:12:33.937766,Berlin-6883,49,78,Normal
2026-02-13 16:12:34.937766,Berlin-6883,15,15,Normal
2026-02-13 16:12:35.937766,Berlin-6883,-30,55,Normal
2026-02-13 16:12:36.937766,Berlin-6883,-10,16,Normal
2026-02-13 16:12:37.937766,Berlin-6883,-21,7,Normal
2026-02-13 16:12:38.937766,Berlin-6883,-18,99,Normal
2026-02-13 16:12:39.937766,Berlin-6883,23,39,Normal
2026-02-13 16:12:40.937766,Berlin-6883,-8,14,Normal
2026-02-13 16:12:41.937766,Berlin-6883,-10,19,Normal
2026-02-13 16:12:42.937766,Berlin-6883,-18,44,Normal
2026-02-13 16:12:43.937766,Berlin-6883,27,36,Normal
2026-02-13 16:12:44.937766,Berlin-6883,17,56,Normal
2026-02-13 16:12:45.937766,Berlin-6883,3,2,Normal
2026-02-13 16:12:46.937766,Berlin-6883,47,10,Normal
2026-02-13 16:12:47.937766,Berlin-6883,-17,58,Normal
2026-02-13 16:12:48.937766,Berlin-6883,42,21,Normal
2026-02-13 16:12:49.937766,Berlin-6883,37,63,Normal
2026-02-13 16:12:50.937766,Berlin-6883,38,69,Normal
2026-02-13 16:12:51.937766,Berlin-6883,47,97,Normal
2026-02-13 16:12:52.937766,Berlin-6883,12,13,Normal
2026-02-13 16:12:53.937766,Berlin-6883,1,68,Normal
2026-02-13 16:12:54.937766,Berlin-6883,46,9,Normal
2026-02-13 16:12:55.937766,Berlin-6883,11,60,Normal
2026-02-13 16:12:56.937766,Berlin-6883,19,100,Normal
2026-02-13 16:12:57.937766,Berlin-6883,-29,33,Normal
2026-02-13 16:12:58.937766,Berlin-6883,-21,8,Normal
2026-02-13 16:12:59.937766,Berlin-6883,34,18,Normal
2026-02-13 16:13:00.937766,Berlin-6883,37,45,Normal
2026-02-13 16:13:01.937766,Berlin-6883,37,64,Normal
2026-02-13 16:13:02.937766,Berlin-6883,6,11,Normal
2026-02-13 16:13:03.937766,Berlin-6883,23,79,Normal
2026-02-13 16:13:04.937766,Berlin-6883,48,62,Normal
2026-02-13 16:13:05.937766,Berlin-6883,-15,88,Normal
2026-02-13 16:13:06.937766,Berlin-6883,-30,14,Normal
2026-02-13 16:13:07.937766,Berlin-6883,-2,61,Normal
2026-02-13 16:13:08.937766,Berlin-6883,2,64,Normal
2026-02-13 16:13:09.937766,Berlin-6883,9,75,Normal
2026-02-13 16:13:10.937766,Berlin-6883,48,27,Normal
2026-02-13 16:13:11.937766,Berlin-6883,29,68,Normal
2026-02-13 16:13:12.937766,Berlin-6883,1,16,Normal
2026-02-13 16:13:13.937766,Berlin-6883,-8,61,Normal
2026-02-13 16:13:14.937766,Berlin-6883,-28,39,Normal
2026-02-13 16:13:15.937766,Berlin-6883,15,49,Normal
2026-02-13 16:13:16.937766,Berlin-6883,15,0,Normal
2026-02-13 16:13:17.937766,Berlin-6883,-21,22,Normal
2026-02-13 16:13:18.937766,Berlin-6883,40,34,Normal
2026-02-13 16:13:19.937766,Berlin-6883,-8,23,Normal
2026-02-13 16:13:20.937766,Berlin-6883,-20,55,Normal
2026-02-13 16:13:21.937766,Berlin-6883,5,14,Normal
2026-02-13 16:13:22.937766,Berlin-6883,-19,94,Normal
2026-02-13 16:13:23.937766,Berlin-6883,22,23,Normal
2026-02-13 16:13:24.937766,Berlin-6883,48,37,Normal
2026-02-13 16:13:25.937766,Berlin-6883,-5,0,Normal
2026-02-13 16:13:26.937766,Berlin-6883,49,59,Normal
2026-02-13 16:13:27.937766,Berlin-6883,50,42,Normal
2026-02-13 16:13:28.937766,Berlin-6883,20,39,Normal
2026-02-13 16:13:29.937766,Berlin-6883,38,10,Normal
2026-02-13 16:13:30.937766,Berlin-6883,-23,74,Normal
2026-02-13 16:13:31.937766,Berlin-6883,-28,48,Normal
2026-02-13 16:13:32.937766,Berlin-6883,16,39,Normal
2026-02-13 16:13:33.937766,Berlin-6883,6,11,Normal
2026-02-13 16:13:34.937766,Berlin-6883,30,63,Normal
2026-02-13 16:13:35.937766,Berlin-6883,20,1,Normal
2026-02-13 16:13:36.937766,Berlin-6883,-9,56,Normal
2026-02-13 16:13:37.937766,Berlin-6883,-19,58,Normal
2026-02-13 16:13:38.937766,Berlin-6883,-27,63,Normal
2026-02-13 16:13:39.937766,Berlin-6883,-30,78,Normal
2026-02-13 16:13:40.937766,Berlin-6883,5,33,Normal
2026-02-13 16:13:41.937766,Berlin-6883,12,82,Normal
2026-02-13 16:13:42.937766,Berlin-6883,40,100,Normal
2026-02-13 16:13:43.937766,Berlin-6883,41,82,Normal
2026-02-13 16:13:44.937766,Berlin-6883,-11,33,Normal
2026-02-13 16:13:45.937766,Berlin-6883,14,51,Normal
2026-02-13 16:13:46.937766,Berlin-6883,-23,49,Normal
2026-02-13 16:13:47.937766,Berlin-6883,49,40,Normal
2026-02-13 16:13:48.937766,Berlin-6883,46,7,Normal
2026-02-13 16:13:49.937766,Berlin-6883,-18,85,Normal
2026-02-13 16:13:50.937766,Berlin-6883,47,1,Normal
2026-02-13 16:13:51.937766,Berlin-6883,28,9,Normal
2026-02-13 16:13:52.937766,Berlin-6883,-22,7,Normal
2026-02-13 16:13:53.937766,Berlin-6883,20,47,Normal
2026-02-13 16:13:54.937766,Berlin-6883,-7,93,Normal
2026-02-13 16:13:55.937766,Berlin-6883,10,52,Normal
2026-02-13 16:13:56.937766,Berlin-6883,-16,64,Normal
2026-02-13 16:13:57.937766,Berlin-6883,17,40,Normal
2026-02-13 16:13:58.937766,Berlin-6883,20,29,Normal
2026-02-13 16:13:59.937766,Berlin-6883,41,77,Normal
2026-02-13 16:14:00.937766,Berlin-6883,-17,20,Normal
2026-02-13 16:14:01.937766,Berlin-6883,-20,95,Normal
2026-02-13 16:14:02.937766,Berlin-6883,34,73,Normal
2026-02-13 16:14:03.937766,Berlin-6883,15,58,Normal
2026-02-13 16:14:04.937766,Berlin-6883,27,59,Normal
2026-02-13 16:14:05.937766,Berlin-6883,43,12,Normal
2026-02-13 16:14:06.937766,Berlin-6883,12,90,Normal
2026-02-13 16:14:07.937766,Berlin-6883,26,42,Normal
2026-02-13 16:14:08.937766,Berlin-6883,37,8,Normal
2026-02-13 16:14:09.937766,Berlin-6883,-23,12,Normal
2026-02-13 16:14:10.937766,Berlin-6883,44,25,Normal
2026-02-13 16:14:11.937766,Berlin-6883,-11,15,Normal
2026-02-13 16:14:12.937766,Berlin-6883,-19,81,Normal
2026-02-13 16:14:13.937766,Berlin-6883,34,82,Normal
2026-02-13 16:14:14.937766,Berlin-6883,11,100,Normal
2026-02-13 16:14:15.937766,Berlin-6883,1,51,Normal
2026-02-13 16:14:16.937766,Berlin-6883,34,25,Normal
2026-02-13 16:14:17.937766,Berlin-6883,-3,76,Normal
2026-02-13 16:14:18.937766,Berlin-6883,-11,24,Normal
2026-02-13 16:14:19.937766,Berlin-6883,39,17,Normal
2026-02-13 16:14:20.937766,Berlin-6883,23,69,Normal
2026-02-13 16:14:21.937766,Berlin-6883,20,13,Normal
2026-02-13 16:14:22.937766,Berlin-6883,5,45,Normal
2026-02-13 16:14:23.937766,Berlin-6883,22,9,Normal
2026-02-13 16:14:24.937766,Berlin-6883,11,70,Normal
2026-02-13 16:14:25.937766,Berlin-6883,-18,90,Normal
2026-02-13 16:14:26.937766,Berlin-6883,46,55,Normal
2026-02-13 16:14:27.937766,Berlin-6883,32,31,Normal
2026-02-13 16:14:28.937766,Berlin-6883,-16,12,Normal
2026-02-13 16:14:29.937766,Berlin-6883,-20,43,Normal
2026-02-13 16:14:30.937766,Berlin-6883,23,84,Normal
2026-02-13 16:14:31.937766,Berlin-6883,-14,45,Normal
2026-02-13 16:14:32.937766,Berlin-6883,-29,52,Normal
2026-02-13 16:14:33.937766,Berlin-6883,37,0,Normal
2026-02-13 16:14:34.937766,Berlin-6883,14,82,Normal
2026-02-13 16:14:35.937766,Berlin-6883,-14,61,Normal
2026-02-13 16:14:36.937766,Berlin-6883,38,7,Normal
2026-02-13 16:14:37.937766,Berlin-6883,-12,14,Normal
2026-02-13 16:14:38.937766,Berlin-6883,-11,82,Normal
2026-02-13 16:14:39.937766,Berlin-6883,-28,68,Normal
2026-02-13 16:14:40.937766,Berlin-6883,-1,54,Normal
2026-02-13 16:14:41.937766,Berlin-6883,49,78,Normal
2026-02-13 16:14:42.937766,Berlin-6883,-23,85,Normal
2026-02-13 16:14:43.937766,Berlin-6883,-30,57,Normal
2026-02-13 16:14:44.937766,Berlin-6883,-24,0,Normal
2026-02-13 16:14:45.937766,Berlin-6883,24,23,Normal
2026-02-13 16:14:46.937766,Berlin-6883,10,90,Normal
2026-02-13 16:14:47.937766,Berlin-6883,18,91,Normal
2026-02-13 16:14:48.937766,Berlin-6883,30,19,Normal
2026-02-13 16:14:49.937766,Berlin-6883,-10,4,Normal
2026-02-13 16:14:50.937766,Berlin-6883,-20,44,Normal
2026-02-13 16:14:51.937766,Berlin-6883,-1,95,Normal
2026-02-13 16:14:52.937766,Berlin-6883,50,7,Normal
2026-02-13 16:14:53.937766,Berlin-6883,21,15,Normal
2026-02-13 16:14:54.937766,Berlin-6883,0,30,Normal
2026-02-13 16:14:55.937766,Berlin-6883,9,54,Normal
2026-02-13 16:14:56.937766,Berlin-6883,48,99,Normal
2026-02-13 16:14:57.937766,Berlin-6883,-15,28,Normal
2026-02-13 16:14:58.937766,Berlin-6883,-5,76,Normal
2026-02-13 16:14:59.937766,Berlin-6883,29,89,Normal
2026-02-13 16:15:00.937766,Berlin-6883,23,61,Normal
2026-02-13 16:15:01.937766,Berlin-6883,8,9,Normal
2026-02-13 16:15:02.937766,Berlin-6883,47,90,Normal
2026-02-13 16:15:03.937766,Berlin-6883,20,91,Normal
2026-02-13 16:15:04.937766,Berlin-6883,-18,100,Normal
2026-02-13 16:15:05.937766,Berlin-6883,44,94,Normal
2026-02-13 16:15:06.937766,Berlin-6883,-5,7,Normal
2026-02-13 16:15:07.937766,Berlin-6883,50,4,Normal
2026-02-13 16:15:08.937766,Berlin-6883,38,18,Normal
2026-02-13 16:15:09.937766,Berlin-6883,-18,35,Normal
2026-02-13 16:15:10.937766,Berlin-6883,50,1,Normal
2026-02-13 16:15:11.937766,Berlin-6883,0,11,Normal
2026-02-13 16:15:12.937766,Berlin-6883,-5,89,Normal
2026-02-13 16:15:13.937766,Berlin-6883,-11,69,Normal
2026-02-13 16:15:14.937766,Berlin-6883,-9,21,Normal
2026-02-13 16:15:15.937766,Berlin-6883,48,9,Normal
2026-02-13 16:15:16.937766,Berlin-6883,10,100,Normal
2026-02-13 16:15:17.937766,Berlin-6883,48,9,Normal
2026-02-13 16:15:18.937766,Berlin-6883,8,23,Normal
2026-02-13 16:15:19.937766,Berlin-6883,-23,28,Normal
2026-02-13 16:15:20.937766,Berlin-6883,35,42,Normal
2026-02-13 16:15:21.937766,Berlin-6883,42,89,Normal
2026-02-13 16:15:22.937766,Berlin-6883,22,0,Normal
2026-02-13 16:15:23.937766,Berlin-6883,21,19,Normal
2026-02-13 16:15:24.937766,Berlin-6883,-11,81,Normal
2026-02-13 16:15:25.937766,Berlin-6883,19,95,Normal
2026-02-13 16:15:26.937766,Berlin-6883,11,100,Normal
2026-02-13 16:15:27.937766,Berlin-6883,36,42,Normal
2026-02-13 16:15:28.937766,Berlin-6883,16,84,Normal
2026-02-13 16:15:29.937766,Berlin-6883,-29,60,Normal
2026-02-13 16:15:30.937766,Berlin-6883,26,32,Normal
2026-02-13 16:15:31.937766,Berlin-6883,5,24,Normal
2026-02-13 16:15:32.937766,Berlin-6883,6,84,Normal
2026-02-13 16:15:33.937766,Berlin-6883,24,33,Normal
2026-02-13 16:15:34.937766,Berlin-6883,40,17,Normal
2026-02-13 16:15:35.937766,Berlin-6883,-16,21,Normal
2026-02-13 16:15:36.937766,Berlin-6883,2,80,Normal
2026-02-13 16:15:37.937766,Berlin-6883,40,5,Normal
2026-02-13 16:15:38.937766,Berlin-6883,49,20,Normal
2026-02-13 16:15:39.937766,Berlin-6883,30,53,Normal
2026-02-13 16:15:40.937766,Berlin-6883,33,63,Normal
2026-02-13 16:15:41.937766,Berlin-6883,10,33,Normal
2026-02-13 16:15:42.937766,Berlin-6883,-30,86,Normal
2026-02-13 16:15:43.937766,Berlin-6883,17,68,Normal
2026-02-13 16:15:44.937766,Berlin-6883,21,82,Normal
2026-02-13 16:15:45.937766,Berlin-6883,15,13,Normal
2026-02-13 16:15:46.937766,Berlin-6883,31,9,Normal
2026-02-13 16:15:47.937766,Berlin-6883,42,50,Normal
2026-02-13 16:15:48.937766,Berlin-6883,13,62,Normal
2026-02-13 16:15:49.937766,Berlin-6883,-10,87,Normal
2026-02-13 16:15:50.937766,Berlin-6883,39,73,Normal
2026-02-13 16:15:51.937766,Berlin-6883,-12,33,Normal
2026-02-13 16:15:52.937766,Berlin-6883,48,40,Normal
2026-02-13 16:15:53.937766,Berlin-6883,-28,89,Normal
2026-02-13 16:15:54.937766,Berlin-6883,-10,72,Normal
2026-02-13 16:15:55.937766,Berlin-6883,-16,87,Normal
2026-02-13 16:15:56.937766,Berlin-6883,9,14,Normal
2026-02-13 16:15:57.937766,Berlin-6883,27,96,Normal
2026-02-13 16:15:58.937766,Berlin-6883,-12,97,Normal
2026-02-13 16:15:59.937766,Berlin-6883,4,36,Normal
2026-02-13 16:16:00.937766,Berlin-6883,-16,68,Normal
2026-02-13 16:16:01.937766,Berlin-6883,19,86,Normal
2026-02-13 16:16:02.937766,Berlin-6883,-4,52,Normal
2026-02-13 16:16:03.937766,Berlin-6883,40,50,Normal
2026-02-13 16:16:04.937766,Berlin-6883,-2,96,Normal
2026-02-13 16:16:05.937766,Berlin-6883,17,85,Normal
2026-02-13 16:16:06.937766,Berlin-6883,14,7,Normal
2026-02-13 16:16:07.937766,Berlin-6883,19,49,Normal
2026-02-13 16:16:08.937766,Berlin-6883,9,60,Normal
2026-02-13 16:16:09.937766,Berlin-6883,-10,8,Normal
2026-02-13 16:16:10.937766,Berlin-6883,11,35,Normal
2026-02-13 16:16:11.937766,Berlin-6883,-28,96,Normal
2026-02-13 16:16:12.937766,Berlin-6883,-15,17,Normal
2026-02-13 16:16:13.937766,Berlin-6883,5,58,Normal
2026-02-13 16:16:14.937766,Berlin-6883,-27,85,Normal
2026-02-13 16:16:15.937766,Berlin-6883,9,42,Normal
2026-02-13 16:16:16.937766,Berlin-6883,-7,59,Normal
2026-02-13 16:16:17.937766,Berlin-6883,-18,53,Normal
2026-02-13 16:16:18.937766,Berlin-6883,5,6,Normal
2026-02-13 16:16:19.937766,Berlin-6883,44,38,Normal
2026-02-13 16:16:20.937766,Berlin-6883,-25,1,Normal
2026-02-13 16:16:21.937766,Berlin-6883,20,90,Normal
2026-02-13 16:16:22.937766,Berlin-6883,-23,19,Normal
2026-02-13 16:16:23.937766,Berlin-6883,46,3,Normal
2026-02-13 16:16:24.937766,Berlin-6883,14,58,Normal
2026-02-13 16:16:25.937766,Berlin-6883,38,86,Normal
2026-02-13 16:16:26.937766,Berlin-6883,-7,72,Normal
2026-02-13 16:16:27.937766,Berlin-6883,7,56,Normal
2026-02-13 16:16:28.937766,Berlin-6883,47,99,Normal
2026-02-13 16:16:29.937766,Berlin-6883,49,29,Normal
2026-02-13 16:16:30.937766,Berlin-6883,12,71,Normal
2026-02-13 16:16:31.937766,Berlin-6883,-23,45,Normal
2026-02-13 16:16:32.937766,Berlin-6883,6,63,Normal
2026-02-13 16:16:33.937766,Berlin-6883,46,16,Normal
2026-02-13 16:16:34.937766,Berlin-6883,28,79,Normal
2026-02-13 16:16:35.937766,Berlin-6883,11,99,Normal
2026-02-13 16:16:36.937766,Berlin-6883,8,68,Normal
2026-02-13 16:16:37.937766,Berlin-6883,-22,37,Normal
2026-02-13 16:16:38.937766,Berlin-6883,-27,0,Normal
2026-02-13 16:16:39.937766,Berlin-6883,25,54,Normal
2026-02-13 16:16:40.937766,Berlin-6883,26,75,Normal
2026-02-13 16:16:41.937766,Berlin-6883,-27,89,Normal
2026-02-13 16:16:42.937766,Berlin-6883,28,77,Normal
2026-02-13 16:16:43.937766,Berlin-6883,2,58,Normal
2026-02-13 16:16:44.937766,Berlin-6883,5,60,Normal
2026-02-13 16:16:45.937766,Berlin-6883,-12,33,Normal
2026-02-13 16:16:46.937766,Berlin-6883,7,5,Normal
2026-02-13 16:16:47.937766,Berlin-6883,20,44,Normal
2026-02-13 16:16:48.937766,Berlin-6883,27,86,Normal
2026-02-13 16:16:49.937766,Berlin-6883,-19,5,Normal
2026-02-13 16:16:50.937766,Berlin-6883,-18,73,Normal
2026-02-13 16:16:51.937766,Berlin-6883,47,44,Normal
2026-02-13 16:16:52.937766,Berlin-6883,-4,35,Normal
2026-02-13 16:16:53.937766,Berlin-6883,-1,21,Normal
2026-02-13 16:16:54.937766,Berlin-6883,48,92,Normal
2026-02-13 16:16:55.937766,Berlin-6883,36,18,Normal
2026-02-13 16:16:56.937766,Berlin-6883,-22,23,Normal
2026-02-13 16:16:57.937766,Berlin-6883,26,89,Normal
2026-02-13 16:16:58.937766,Berlin-6883,-12,33,Normal
2026-02-13 16:16:59.937766,Berlin-6883,1,39,Normal
2026-02-13 16:17:00.937766,Berlin-6883,38,53,Normal
2026-02-13 16:17:01.937766,Berlin-6883,-19,100,Normal
2026-02-13 16:17:02.937766,Berlin-6883,8,82,Normal
2026-02-13 16:17:03.937766,Berlin-6883,-9,77,Normal
2026-02-13 16:17:04.937766,Berlin-6883,19,58,Normal
2026-02-13 16:17:05.937766,Berlin-6883,39,57,Normal
2026-02-13 16:17:06.937766,Berlin-6883,35,93,Normal
2026-02-13 16:17:07.937766,Berlin-6883,30,4,Normal
2026-02-13 16:17:08.937766,Berlin-6883,-23,90,Normal
2026-02-13 16:17:09.937766,Berlin-6883,-17,86,Normal
2026-02-13 16:17:10.937766,Berlin-6883,-2,86,Normal
2026-02-13 16:17:11.937766,Berlin-6883,48,24,Normal
2026-02-13 16:17:12.937766,Berlin-6883,-6,90,Normal
2026-02-13 16:17:13.937766,Berlin-6883,28,98,Normal
2026-02-13 16:17:14.937766,Berlin-6883,33,69,Normal
2026-02-13 16:17:15.937766,Berlin-6883,-22,39,Normal
2026-02-13 16:17:16.937766,Berlin-6883,32,38,Normal
2026-02-13 16:17:17.937766,Berlin-6883,46,77,Normal
2026-02-13 16:17:18.937766,Berlin-6883,-18,63,Normal
2026-02-13 16:17:19.937766,Berlin-6883,-13,89,Normal
2026-02-13 16:17:20.937766,Berlin-6883,-7,55,Normal
2026-02-13 16:17:21.937766,Berlin-6883,44,57,Normal
2026-02-13 16:17:22.937766,Berlin-6883,-3,91,Normal
2026-02-13 16:17:23.937766,Berlin-6883,-22,74,Normal
2026-02-13 16:17:24.937766,Berlin-6883,-9,64,Normal
2026-02-13 16:17:25.937766,Berlin-6883,-14,87,Normal
2026-02-13 16:17:26.937766,Berlin-6883,9,12,Normal
2026-02-13 16:17:27.937766,Berlin-6883,40,52,Normal
2026-02-13 16:17:28.937766,Berlin-6883,49,27,Normal
2026-02-13 16:17:29.937766,Berlin-6883,-2,96,Normal
2026-02-13 16:17:30.937766,Berlin-6883,15,35,Normal
2026-02-13 16:17:31.937766,Berlin-6883,36,80,Normal
2026-02-13 16:17:32.937766,Berlin-6883,45,82,Normal
2026-02-13 16:17:33.937766,Berlin-6883,10,27,Normal
2026-02-13 16:17:34.937766,Berlin-6883,36,53,Normal
2026-02-13 16:17:35.937766,Berlin-6883,29,81,Normal
2026-02-13 16:17:36.937766,Berlin-6883,-17,48,Normal
2026-02-13 16:17:37.937766,Berlin-6883,7,92,Normal
2026-02-13 16:17:38.937766,Berlin-6883,28,7,Normal
2026-02-13 16:17:39.937766,Berlin-6883,6,28,Normal
2026-02-13 16:17:40.937766,Berlin-6883,-29,90,Normal
2026-02-13 16:17:41.937766,Berlin-6883,32,61,Normal
2026-02-13 16:17:42.937766,Berlin-6883,1,24,Normal
2026-02-13 16:17:43.937766,Berlin-6883,4,67,Normal
2026-02-13 16:17:44.937766,Berlin-6883,-2,62,Normal
2026-02-13 16:17:45.937766,Berlin-6883,20,99,Normal
2026-02-13 16:17:46.937766,Berlin-6883,21,51,Normal
2026-02-13 16:17:47.937766,Berlin-6883,-7,95,Normal
2026-02-13 16:17:48.937766,Berlin-6883,15,97,Normal
2026-02-13 16:17:49.937766,Berlin-6883,39,24,Normal
2026-02-13 16:17:50.937766,Berlin-6883,-29,70,Normal
2026-02-13 16:17:51.937766,Berlin-6883,-2,9,Normal
2026-02-13 16:17:52.937766,Berlin-6883,-16,14,Normal
2026-02-13 16:17:53.937766,Berlin-6883,47,66,Normal
2026-02-13 16:17:54.937766,Berlin-6883,10,6,Normal
2026-02-13 16:17:55.937766,Berlin-6883,-12,66,Normal
2026-02-13 16:17:56.937766,Berlin-6883,-28,32,Normal
2026-02-13 16:17:57.937766,Berlin-6883,-13,75,Normal
2026-02-13 16:17:58.937766,Berlin-6883,-4,48,Normal
2026-02-13 16:17:59.937766,Berlin-6883,-20,23,Normal
2026-02-13 16:18:00.937766,Berlin-6883,42,45,Normal
2026-02-13 16:18:01.937766,Berlin-6883,0,21,Normal
2026-02-13 16:18:02.937766,Berlin-6883,-29,63,Normal
2026-02-13 16:18:03.937766,Berlin-6883,-10,55,Normal
2026-02-13 16:18:04.937766,Berlin-6883,45,2,Normal
2026-02-13 16:18:05.937766,Berlin-6883,9,6,Normal
2026-02-13 16:18:06.937766,Berlin-6883,23,88,Normal
2026-02-13 16:18:07.937766,Berlin-6883,36,33,Normal
2026-02-13 16:18:08.937766,Berlin-6883,-5,14,Normal
2026-02-13 16:18:09.937766,Berlin-6883,-16,4,Normal
2026-02-13 16:18:10.937766,Berlin-6883,25,45,Normal
2026-02-13 16:18:11.937766,Berlin-6883,-8,84,Normal
2026-02-13 16:18:12.937766,Berlin-6883,-27,2,Normal
2026-02-13 16:18:13.937766,Berlin-6883,-12,65,Normal
2026-02-13 16:18:14.937766,Berlin-6883,-30,85,Normal
2026-02-13 16:18:15.937766,Berlin-6883,17,80,Normal
2026-02-13 16:18:16.937766,Berlin-6883,33,14,Normal
2026-02-13 16:18:17.937766,Berlin-6883,-10,83,Normal
2026-02-13 16:18:18.937766,Berlin-6883,-20,67,Normal
2026-02-13 16:18:19.937766,Berlin-6883,-16,7,Normal
2026-02-13 16:18:20.937766,Berlin-6883,-24,69,Normal
2026-02-13 16:18:21.937766,Berlin-6883,9,71,Normal
2026-02-13 16:18:22.937766,Berlin-6883,-10,90,Normal
2026-02-13 16:18:23.937766,Berlin-6883,-7,79,Normal
2026-02-13 16:18:24.937766,Berlin-6883,13,34,Normal
2026-02-13 16:18:25.937766,Berlin-6883,45,30,Normal
2026-02-13 16:18:26.937766,Berlin-6883,42,59,Normal
2026-02-13 16:18:27.937766,Berlin-6883,8,85,Normal
2026-02-13 16:18:28.937766,Berlin-6883,38,90,Normal
2026-02-13 16:18:29.937766,Berlin-6883,5,56,Normal
2026-02-13 16:18:30.937766,Berlin-6883,32,97,Normal
2026-02-13 16:18:31.937766,Berlin-6883,-5,17,Normal
2026-02-13 16:18:32.937766,Berlin-6883,8,19,Normal
2026-02-13 16:18:33.937766,Berlin-6883,39,98,Normal
2026-02-13 16:18:34.937766,Berlin-6883,-25,62,Normal
2026-02-13 16:18:35.937766,Berlin-6883,23,25,Normal
2026-02-13 16:18:36.937766,Berlin-6883,27,62,Normal
2026-02-13 16:18:37.937766,Berlin-6883,-14,37,Normal
2026-02-13 16:18:38.937766,Berlin-6883,16,68,Normal
2026-02-13 16:18:39.937766,Berlin-6883,17,96,Normal
2026-02-13 16:18:40.937766,Berlin-6883,21,55,Normal
2026-02-13 16:18:41.937766,Berlin-6883,-5,12,Normal
2026-02-13 16:18:42.937766,Berlin-6883,-21,1,Normal
2026-02-13 16:18:43.937766,Berlin-6883,38,94,Normal
2026-02-13 16:18:44.937766,Berlin-6883,-13,38,Normal
2026-02-13 16:18:45.937766,Berlin-6883,-3,22,Normal
2026-02-13 16:18:46.937766,Berlin-6883,-17,39,Normal
2026-02-13 16:18:47.937766,Berlin-6883,38,100,Normal
2026-02-13 16:18:48.937766,Berlin-6883,36,5,Normal
2026-02-13 16:18:49.937766,Berlin-6883,27,76,Normal
2026-02-13 16:18:50.937766,Berlin-6883,-29,25,Normal
2026-02-13 16:18:51.937766,Berlin-6883,37,14,Normal
2026-02-13 16:18:52.937766,Berlin-6883,-23,46,Normal
2026-02-13 16:18:53.937766,Berlin-6883,10,68,Normal
2026-02-13 16:18:54.937766,Berlin-6883,15,78,Normal
2026-02-13 16:18:55.937766,Berlin-6883,46,51,Normal
2026-02-13 16:18:56.937766,Berlin-6883,5,79,Normal
2026-02-13 16:18:57.937766,Berlin-6883,35,66,Normal
2026-02-13 16:18:58.937766,Berlin-6883,26,39,Normal
2026-02-13 16:18:59.937766,Berlin-6883,28,41,Normal
2026-02-13 16:19:00.937766,Berlin-6883,2,45,Normal
2026-02-13 16:19:01.937766,Berlin-6883,-20,59,Normal
2026-02-13 16:19:02.937766,Berlin-6883,21,74,Normal
2026-02-13 16:19:03.937766,Berlin-6883,44,24,Normal
2026-02-13 16:19:04.937766,Berlin-6883,-14,35,Normal
2026-02-13 16:19:05.937766,Berlin-6883,-1,84,Normal
2026-02-13 16:19:06.937766,Berlin-6883,5,81,Normal
2026-02-13 16:19:07.937766,Berlin-6883,-10,4,Normal
2026-02-13 16:19:08.937766,Berlin-6883,33,43,Normal
2026-02-13 16:19:09.937766,Berlin-6883,23,87,Normal
2026-02-13 16:19:10.937766,Berlin-6883,-5,35,Normal
2026-02-13 16:19:11.937766,Berlin-6883,-16,35,Normal
2026-02-13 16:19:12.937766,Berlin-6883,-27,7,Normal
2026-02-13 16:19:13.937766,Berlin-6883,-17,0,Normal
2026-02-13 16:19:14.937766,Berlin-6883,-21,34,Normal
2026-02-13 16:19:15.937766,Berlin-6883,-19,27,Normal
2026-02-13 16:19:16.937766,Berlin-6883,13,53,Normal
2026-02-13 16:19:17.937766,Berlin-6883,13,47,Normal
2026-02-13 16:19:18.937766,Berlin-6883,42,39,Normal
2026-02-13 16:19:19.937766,Berlin-6883,-2,39,Normal
2026-02-13 16:19:20.937766,Berlin-6883,30,29,Normal
2026-02-13 16:19:21.937766,Berlin-6883,-19,90,Normal
2026-02-13 16:19:22.937766,Berlin-6883,44,64,Normal
2026-02-13 16:19:23.937766,Berlin-6883,-21,8,Normal
2026-02-13 16:19:24.937766,Berlin-6883,20,33,Normal
2026-02-13 16:19:25.937766,Berlin-6883,-3,86,Normal
2026-02-13 16:19:26.937766,Berlin-6883,-2,19,Normal
2026-02-13 16:19:27.937766,Berlin-6883,6,85,Normal
2026-02-13 16:19:28.937766,Berlin-6883,49,22,Normal
2026-02-13 16:19:29.937766,Berlin-6883,35,82,Normal
2026-02-13 16:19:30.937766,Berlin-6883,32,88,Normal
2026-02-13 16:19:31.937766,Berlin-6883,5,25,Normal
2026-02-13 16:19:32.937766,Berlin-6883,-26,13,Normal
2026-02-13 16:19:33.937766,Berlin-6883,49,48,Normal
2026-02-13 16:19:34.937766,Berlin-6883,-26,74,Normal
2026-02-13 16:19:35.937766,Berlin-6883,-1,97,Normal
2026-02-13 16:19:36.937766,Berlin-6883,-8,17,Normal
2026-02-13 16:19:37.937766,Berlin-6883,34,97,Normal
2026-02-13 16:19:38.937766,Berlin-6883,-14,73,Normal
2026-02-13 16:19:39.937766,Berlin-6883,4,96,Normal
2026-02-13 16:19:40.937766,Berlin-6883,13,33,Normal
2026-02-13 16:19:41.937766,Berlin-6883,16,9,Normal
2026-02-13 16:19:42.937766,Berlin-6883,-30,75,Normal
2026-02-13 16:19:43.937766,Berlin-6883,-1,25,Normal
2026-02-13 16:19:44.937766,Berlin-6883,3,55,Normal
2026-02-13 16:19:45.937766,Berlin-6883,21,94,Normal
2026-02-13 16:19:46.937766,Berlin-6883,-14,39,Normal
2026-02-13 16:19:47.937766,Berlin-6883,-29,77,Normal
2026-02-13 16:19:48.937766,Berlin-6883,3,85,Normal
2026-02-13 16:19:49.937766,Berlin-6883,-18,59,Normal
2026-02-13 16:19:50.937766,Berlin-6883,-27,36,Normal
2026-02-13 16:19:51.937766,Berlin-6883,26,43,Normal
2026-02-13 16:19:52.937766,Berlin-6883,45,33,Normal
2026-02-13 16:19:53.937766,Berlin-6883,14,34,Normal
2026-02-13 16:19:54.937766,Berlin-6883,46,72,Normal
2026-02-13 16:19:55.937766,Berlin-6883,-9,100,Normal
2026-02-13 16:19:56.937766,Berlin-6883,49,58,Normal
2026-02-13 16:19:57.937766,Berlin-6883,-25,98,Normal
2026-02-13 16:19:58.937766,Berlin-6883,46,99,Normal
2026-02-13 16:19:59.937766,Berlin-6883,5,62,Normal
2026-02-13 16:20:00.937766,Berlin-6883,-30,56,Normal
2026-02-13 16:20:01.937766,Berlin-6883,-5,53,Normal
2026-02-13 16:20:02.937766,Berlin-6883,-14,98,Normal
2026-02-13 16:20:03.937766,Berlin-6883,-17,21,Normal
2026-02-13 16:20:04.937766,Berlin-6883,9,62,Normal
2026-02-13 16:20:05.937766,Berlin-6883,-5,19,Normal
2026-02-13 16:20:06.937766,Berlin-6883,-26,53,Normal
2026-02-13 16:20:07.937766,Berlin-6883,11,32,Normal
2026-02-13 16:20:08.937766,Berlin-6883,-1,32,Normal
2026-02-13 16:20:09.937766,Berlin-6883,38,78,Normal
2026-02-13 16:20:10.937766,Berlin-6883,37,27,Normal
2026-02-13 16:20:11.937766,Berlin-6883,11,29,Normal
2026-02-13 16:20:12.937766,Berlin-6883,-21,87,Normal
2026-02-13 16:20:13.937766,Berlin-6883,2,36,Normal
2026-02-13 16:20:14.937766,Berlin-6883,47,60,Normal
2026-02-13 16:20:15.937766,Berlin-6883,-20,100,Normal
2026-02-13 16:20:16.937766,Berlin-6883,1,66,Normal
2026-02-13 16:20:17.937766,Berlin-6883,10,29,Normal
2026-02-13 16:20:18.937766,Berlin-6883,18,100,Normal
2026-02-13 16:20:19.937766,Berlin-6883,7,75,Normal
2026-02-13 16:20:20.937766,Berlin-6883,-28,68,Normal
2026-02-13 16:20:21.937766,Berlin-6883,-27,73,Normal
2026-02-13 16:20:22.937766,Berlin-6883,-10,4,Normal
2026-02-13 16:20:23.937766,Berlin-6883,-18,40,Normal
2026-02-13 16:20:24.937766,Berlin-6883,-19,86,Normal
2026-02-13 16:20:25.937766,Berlin-6883,-15,78,Normal
2026-02-13 16:20:26.937766,Berlin-6883,-8,76,Normal
2026-02-13 16:20:27.937766,Berlin-6883,8,21,Normal
2026-02-13 16:20:28.937766,Berlin-6883,-16,8,Normal
2026-02-13 16:20:29.937766,Berlin-6883,-24,1,Normal
2026-02-13 16:20:30.937766,Berlin-6883,-16,22,Normal
2026-02-13 16:20:31.937766,Berlin-6883,2,64,Normal
2026-02-13 16:20:32.937766,Berlin-6883,-26,98,Normal
2026-02-13 16:20:33.937766,Berlin-6883,-17,75,Normal
2026-02-13 16:20:34.937766,Berlin-6883,36,94,Normal
2026-02-13 16:20:35.937766,Berlin-6883,12,59,Normal
2026-02-13 16:20:36.937766,Berlin-6883,0,57,Normal
2026-02-13 16:20:37.937766,Berlin-6883,-18,4,Normal
2026-02-13 16:20:38.937766,Berlin-6883,-26,21,Normal
2026-02-13 16:20:39.937766,Berlin-6883,-13,12,Normal
2026-02-13 16:20:40.937766,Berlin-6883,-30,15,Normal
2026-02-13 16:20:41.937766,Berlin-6883,13,98,Normal
2026-02-13 16:20:42.937766,Berlin-6883,20,89,Normal
2026-02-13 16:20:43.937766,Berlin-6883,20,17,Normal
2026-02-13 16:20:44.937766,Berlin-6883,-22,29,Normal
2026-02-13 16:20:45.937766,Berlin-6883,9,4,Normal
2026-02-13 16:20:46.937766,Berlin-6883,9,51,Normal
2026-02-13 16:20:47.937766,Berlin-6883,17,96,Normal
2026-02-13 16:20:48.937766,Berlin-6883,23,51,Normal
2026-02-13 16:20:49.937766,Berlin-6883,-10,79,Normal
2026-02-13 16:20:50.937766,Berlin-6883,-29,41,Normal
2026-02-13 16:20:51.937766,Berlin-6883,37,95,Normal
2026-02-13 16:20:52.937766,Berlin-6883,-4,13,Normal
2026-02-13 16:20:53.937766,Berlin-6883,-22,94,Normal
2026-02-13 16:20:54.937766,Berlin-6883,-1,44,Normal
2026-02-13 16:20:55.937766,Berlin-6883,-23,38,Normal
2026-02-13 16:20:56.937766,Berlin-6883,35,80,Normal
2026-02-13 16:20:57.937766,Berlin-6883,32,18,Normal
2026-02-13 16:20:58.937766,Berlin-6883,37,8,Normal
2026-02-13 16:20:59.937766,Berlin-6883,50,100,Normal
2026-02-13 16:21:00.937766,Berlin-6883,31,68,Normal
2026-02-13 16:21:01.937766,Berlin-6883,29,22,Normal
2026-02-13 16:21:02.937766,Berlin-6883,-19,99,Normal
2026-02-13 16:21:03.937766,Berlin-6883,9,16,Normal
2026-02-13 16:21:04.937766,Berlin-6883,31,18,Normal
2026-02-13 16:21:05.937766,Berlin-6883,-17,55,Normal
2026-02-13 16:21:06.937766,Berlin-6883,-24,83,Normal
2026-02-13 16:21:07.937766,Berlin-6883,-28,76,Normal
2026-02-13 16:21:08.937766,Berlin-6883,27,51,Normal
2026-02-13 16:21:09.937766,Berlin-6883,-14,41,Normal
2026-02-13 16:21:10.937766,Berlin-6883,-26,11,Normal
2026-02-13 16:21:11.937766,Berlin-6883,17,32,Normal
2026-02-13 16:21:12.937766,Berlin-6883,36,98,Normal
2026-02-13 16:21:13.937766,Berlin-6883,31,97,Normal
2026-02-13 16:21:14.937766,Berlin-6883,-9,5,Normal
2026-02-13 16:21:15.937766,Berlin-6883,29,17,Normal
2026-02-13 16:21:16.937766,Berlin-6883,-21,77,Normal
2026-02-13 16:21:17.937766,Berlin-6883,-4,80,Normal
2026-02-13 16:21:18.937766,Berlin-6883,-27,81,Normal
2026-02-13 16:21:19.937766,Berlin-6883,31,70,Normal
2026-02-13 16:21:20.937766,Berlin-6883,-21,57,Normal
2026-02-13 16:21:21.937766,Berlin-6883,-15,2,Normal
2026-02-13 16:21:22.937766,Berlin-6883,39,73,Normal
2026-02-13 16:21:23.937766,Berlin-6883,-7,69,Normal
2026-02-13 16:21:24.937766,Berlin-6883,16,50,Normal
2026-02-13 16:21:25.937766,Berlin-6883,-15,96,Normal
2026-02-13 16:21:26.937766,Berlin-6883,-23,97,Normal
2026-02-13 16:21:27.937766,Berlin-6883,-26,91,Normal
2026-02-13 16:21:28.937766,Berlin-6883,-2,30,Normal
2026-02-13 16:21:29.937766,Berlin-6883,-17,11,Normal
2026-02-13 16:21:30.937766,Berlin-6883,11,3,Normal
2026-02-13 16:21:31.937766,Berlin-6883,-28,51,Normal
2026-02-13 16:21:32.937766,Berlin-6883,-9,56,Normal
2026-02-13 16:21:33.937766,Berlin-6883,35,22,Normal
2026-02-13 16:21:34.937766,Berlin-6883,4,14,Normal
2026-02-13 16:21:35.937766,Berlin-6883,40,93,Normal
2026-02-13 16:21:36.937766,Berlin-6883,11,65,Normal
2026-02-13 16:21:37.937766,Berlin-6883,-30,75,Normal
2026-02-13 16:21:38.937766,Berlin-6883,-17,2,Normal
2026-02-13 16:21:39.937766,Berlin-6883,45,89,Normal
2026-02-13 16:21:40.937766,Berlin-6883,20,90,Normal
2026-02-13 16:21:41.937766,Berlin-6883,-2,43,Normal
2026-02-13 16:21:42.937766,Berlin-6883,24,19,Normal
2026-02-13 16:21:43.937766,Berlin-6883,21,25,Normal
2026-02-13 16:21:44.937766,Berlin-6883,42,11,Normal
2026-02-13 16:21:45.937766,Berlin-6883,-10,14,Normal
2026-02-13 16:21:46.937766,Berlin-6883,50,2,Normal
2026-02-13 16:21:47.937766,Berlin-6883,42,72,Normal
2026-02-13 16:21:48.937766,Berlin-6883,2,28,Normal
2026-02-13 16:21:49.937766,Berlin-6883,32,12,Normal
2026-02-13 16:21:50.937766,Berlin-6883,17,78,Normal
2026-02-13 16:21:51.937766,Berlin-6883,-16,0,Normal
2026-02-13 16:21:52.937766,Berlin-6883,44,54,Normal
2026-02-13 16:21:53.937766,Berlin-6883,49,61,Normal
2026-02-13 16:21:54.937766,Berlin-6883,29,35,Normal
2026-02-13 16:21:55.937766,Berlin-6883,-8,52,Normal
2026-02-13 16:21:56.937766,Berlin-6883,12,50,Normal
2026-02-13 16:21:57.937766,Berlin-6883,-4,73,Normal
2026-02-13 16:21:58.937766,Berlin-6883,16,27,Normal
2026-02-13 16:21:59.937766,Berlin-6883,-12,31,Normal
2026-02-13 16:22:00.937766,Berlin-6883,23,92,Normal
2026-02-13 16:22:01.937766,Berlin-6883,23,46,Normal
2026-02-13 16:22:02.937766,Berlin-6883,10,100,Normal
2026-02-13 16:22:03.937766,Berlin-6883,46,23,Normal
2026-02-13 16:22:04.937766,Berlin-6883,33,40,Normal
2026-02-13 16:22:05.937766,Berlin-6883,-28,92,Normal
2026-02-13 16:22:06.937766,Berlin-6883,-5,55,Normal
2026-02-13 16:22:07.937766,Berlin-6883,20,20,Normal
2026-02-13 16:22:08.937766,Berlin-6883,24,54,Normal
2026-02-13 16:22:09.937766,Berlin-6883,46,26,Normal
2026-02-13 16:22:10.937766,Berlin-6883,8,26,Normal
2026-02-13 16:22:11.937766,Berlin-6883,45,1,Normal
2026-02-13 16:22:12.937766,Berlin-6883,2,89,Normal
2026-02-13 16:22:13.937766,Berlin-6883,-8,97,Normal
2026-02-13 16:22:14.937766,Berlin-6883,42,59,Normal
2026-02-13 16:22:15.937766,Berlin-6883,28,59,Normal
2026-02-13 16:22:16.937766,Berlin-6883,-29,44,Normal
2026-02-13 16:22:17.937766,Berlin-6883,40,41,Normal
2026-02-13 16:22:18.937766,Berlin-6883,48,29,Normal
2026-02-13 16:22:19.937766,Berlin-6883,-24,10,Normal
2026-02-13 16:22:20.937766,Berlin-6883,36,88,Normal
2026-02-13 16:22:21.937766,Berlin-6883,30,49,Normal
2026-02-13 16:22:22.937766,Berlin-6883,-7,24,Normal
2026-02-13 16:22:23.937766,Berlin-6883,1,53,Normal
2026-02-13 16:22:24.937766,Berlin-6883,-12,83,Normal
2026-02-13 16:22:25.937766,Berlin-6883,38,54,Normal
2026-02-13 16:22:26.937766,Berlin-6883,-10,78,Normal
2026-02-13 16:22:27.937766,Berlin-6883,-7,41,Normal
2026-02-13 16:22:28.937766,Berlin-6883,7,0,Normal
2026-02-13 16:22:29.937766,Berlin-6883,39,99,Normal
2026-02-13 16:22:30.937766,Berlin-6883,-3,19,Normal
2026-02-13 16:22:31.937766,Berlin-6883,13,26,Normal
2026-02-13 16:22:32.937766,Berlin-6883,-25,51,Normal
2026-02-13 16:22:33.937766,Berlin-6883,26,20,Normal
2026-02-13 16:22:34.937766,Berlin-6883,13,4,Normal
2026-02-13 16:22:35.937766,Berlin-6883,29,85,Normal
2026-02-13 16:22:36.937766,Berlin-6883,-15,0,Normal
2026-02-13 16:22:37.937766,Berlin-6883,-16,34,Normal
2026-02-13 16:22:38.937766,Berlin-6883,47,41,Normal
2026-02-13 16:22:39.937766,Berlin-6883,-29,19,Normal
2026-02-13 16:22:40.937766,Berlin-6883,-9,9,Normal
2026-02-13 16:22:41.937766,Berlin-6883,47,31,Normal
2026-02-13 16:22:42.937766,Berlin-6883,33,51,Normal
2026-02-13 16:22:43.937766,Berlin-6883,20,76,Normal
2026-02-13 16:22:44.937766,Berlin-6883,42,78,Normal
2026-02-13 16:22:45.937766,Berlin-6883,-23,86,Normal
2026-02-13 16:22:46.937766,Berlin-6883,23,99,Normal
2026-02-13 16:22:47.937766,Berlin-6883,-14,44,Normal
2026-02-13 16:22:48.937766,Berlin-6883,-3,62,Normal
2026-02-13 16:22:49.937766,Berlin-6883,-12,71,Normal
2026-02-13 16:22:50.937766,Berlin-6883,4,82,Normal
2026-02-13 16:22:51.937766,Berlin-6883,-16,92,Normal
2026-02-13 16:22:52.937766,Berlin-6883,-17,27,Normal
2026-02-13 16:22:53.937766,Berlin-6883,0,8,Normal
2026-02-13 16:22:54.937766,Berlin-6883,18,72,Normal
2026-02-13 16:22:55.937766,Berlin-6883,10,17,Normal
2026-02-13 16:22:56.937766,Berlin-6883,-17,24,Normal
2026-02-13 16:22:57.937766,Berlin-6883,-6,74,Normal
2026-02-13 16:22:58.937766,Berlin-6883,18,5,Normal
2026-02-13 16:22:59.937766,Berlin-6883,50,89,Normal
2026-02-13 16:23:00.937766,Berlin-6883,7,56,Normal
2026-02-13 16:23:01.937766,Berlin-6883,-18,49,Normal
2026-02-13 16:23:02.937766,Berlin-6883,27,63,Normal
2026-02-13 16:23:03.937766,Berlin-6883,8,67,Normal
2026-02-13 16:23:04.937766,Berlin-6883,-16,99,Normal
2026-02-13 16:23:05.937766,Berlin-6883,-12,75,Normal
2026-02-13 16:23:06.937766,Berlin-6883,-5,14,Normal
2026-02-13 16:23:07.937766,Berlin-6883,29,3,Normal
2026-02-13 16:23:08.937766,Berlin-6883,-15,88,Normal
2026-02-13 16:23:09.937766,Berlin-6883,41,49,Normal
2026-02-13 16:23:10.937766,Berlin-6883,-21,41,Normal
2026-02-13 16:23:11.937766,Berlin-6883,-5,52,Normal
2026-02-13 16:23:12.937766,Berlin-6883,-18,65,Normal
2026-02-13 16:23:13.937766,Berlin-6883,-7,100,Normal
2026-02-13 16:23:14.937766,Berlin-6883,1,1,Normal
2026-02-13 16:23:15.937766,Berlin-6883,28,5,Normal
2026-02-13 16:23:16.937766,Berlin-6883,-15,93,Normal
2026-02-13 16:23:17.937766,Berlin-6883,-14,67,Normal
2026-02-13 16:23:18.937766,Berlin-6883,-17,17,Normal
2026-02-13 16:23:19.937766,Berlin-6883,5,24,Normal
2026-02-13 16:23:20.937766,Berlin-6883,36,19,Normal
2026-02-13 16:23:21.937766,Berlin-6883,-5,59,Normal
2026-02-13 16:23:22.937766,Berlin-6883,-10,19,Normal
2026-02-13 16:23:23.937766,Berlin-6883,38,57,Normal
2026-02-13 16:23:24.937766,Berlin-6883,46,14,Normal
2026-02-13 16:23:25.937766,Berlin-6883,-28,45,Normal
2026-02-13 16:23:26.937766,Berlin-6883,44,65,Normal
2026-02-13 16:23:27.937766,Berlin-6883,38,28,Normal
2026-02-13 16:23:28.937766,Berlin-6883,27,91,Normal
2026-02-13 16:23:29.937766,Berlin-6883,26,64,Normal
2026-02-13 16:23:30.937766,Berlin-6883,-3,39,Normal
2026-02-13 16:23:31.937766,Berlin-6883,17,25,Normal
2026-02-13 16:23:32.937766,Berlin-6883,18,35,Normal
2026-02-13 16:23:33.937766,Berlin-6883,-20,6,Normal
2026-02-13 16:23:34.937766,Berlin-6883,45,74,Normal
2026-02-13 16:23:35.937766,Berlin-6883,47,86,Normal
2026-02-13 16:23:36.937766,Berlin-6883,24,31,Normal
2026-02-13 16:23:37.937766,Berlin-6883,17,90,Normal
2026-02-13 16:23:38.937766,Berlin-6883,-3,47,Normal
2026-02-13 16:23:39.937766,Berlin-6883,32,35,Normal
2026-02-13 16:23:40.937766,Berlin-6883,30,66,Normal
2026-02-13 16:23:41.937766,Berlin-6883,-27,20,Normal
2026-02-13 16:23:42.937766,Berlin-6883,23,33,Normal
2026-02-13 16:23:43.937766,Berlin-6883,29,89,Normal
2026-02-13 16:23:44.937766,Berlin-6883,25,98,Normal
2026-02-13 16:23:45.937766,Berlin-6883,37,6,Normal
2026-02-13 16:23:46.937766,Berlin-6883,-23,33,Normal
2026-02-13 16:23:47.937766,Berlin-6883,44,12,Normal
2026-02-13 16:23:48.937766,Berlin-6883,-29,53,Normal
2026-02-13 16:23:49.937766,Berlin-6883,38,16,Normal
2026-02-13 16:23:50.937766,Berlin-6883,14,22,Normal
2026-02-13 16:23:51.937766,Berlin-6883,0,34,Normal
2026-02-13 16:23:52.937766,Berlin-6883,-25,22,Normal
2026-02-13 16:23:53.937766,Berlin-6883,-11,4,Normal
2026-02-13 16:23:54.937766,Berlin-6883,33,92,Normal
2026-02-13 16:23:55.937766,Berlin-6883,24,73,Normal
2026-02-13 16:23:56.937766,Berlin-6883,-8,17,Normal
2026-02-13 16:23:57.937766,Berlin-6883,4,87,Normal
2026-02-13 16:23:58.937766,Berlin-6883,26,60,Normal
2026-02-13 16:23:59.937766,Berlin-6883,10,86,Normal
2026-02-13 16:24:00.937766,Berlin-6883,9,77,Normal
2026-02-13 16:24:01.937766,Berlin-6883,15,84,Normal
2026-02-13 16:24:02.937766,Berlin-6883,45,28,Normal
2026-02-13 16:24:03.937766,Berlin-6883,15,86,Normal
2026-02-13 16:24:04.937766,Berlin-6883,1,15,Normal
2026-02-13 16:24:05.937766,Berlin-6883,-9,23,Normal
2026-02-13 16:24:06.937766,Berlin-6883,11,68,Normal
2026-02-13 16:24:07.937766,Berlin-6883,-18,31,Normal
2026-02-13 16:24:08.937766,Berlin-6883,-1,61,Normal
2026-02-13 16:24:09.937766,Berlin-6883,24,79,Normal
2026-02-13 16:24:10.937766,Berlin-6883,-28,76,Normal
2026-02-13 16:24:11.937766,Berlin-6883,6,20,Normal
2026-02-13 16:24:12.937766,Berlin-6883,47,47,Normal
2026-02-13 16:24:13.937766,Berlin-6883,-9,100,Normal
2026-02-13 16:24:14.937766,Berlin-6883,-18,86,Normal
2026-02-13 16:24:15.937766,Berlin-6883,-10,80,Normal
2026-02-13 16:24:16.937766,Berlin-6883,-3,0,Normal
2026-02-13 16:24:17.937766,Berlin-6883,-16,19,Normal
2026-02-13 16:24:18.937766,Berlin-6883,-28,80,Normal
2026-02-13 16:24:19.937766,Berlin-6883,32,4,Normal
2026-02-13 16:24:20.937766,Berlin-6883,9,2,Normal
2026-02-13 16:24:21.937766,Berlin-6883,-14,88,Normal
2026-02-13 16:24:22.937766,Berlin-6883,43,13,Normal
2026-02-13 16:24:23.937766,Berlin-6883,12,15,Normal
2026-02-13 16:24:24.937766,Berlin-6883,38,81,Normal
2026-02-13 16:24:25.937766,Berlin-6883,2,29,Normal
2026-02-13 16:24:26.937766,Berlin-6883,2,50,Normal
2026-02-13 16:24:27.937766,Berlin-6883,26,40,Normal
2026-02-13 16:24:28.937766,Berlin-6883,-29,77,Normal
2026-02-13 16:24:29.937766,Berlin-6883,15,36,Normal
2026-02-13 16:24:30.937766,Berlin-6883,-21,78,Normal
2026-02-13 16:24:31.937766,Berlin-6883,40,4,Normal
2026-02-13 16:24:32.937766,Berlin-6883,-13,31,Normal
2026-02-13 16:24:33.937766,Berlin-6883,14,40,Normal
2026-02-13 16:24:34.937766,Berlin-6883,48,19,Normal
2026-02-13 16:24:35.937766,Berlin-6883,29,89,Normal
2026-02-13 16:24:36.937766,Berlin-6883,13,34,Normal
2026-02-13 16:24:37.937766,Berlin-6883,-26,44,Normal
2026-02-13 16:24:38.937766,Berlin-6883,23,89,Normal
2026-02-13 16:24:39.937766,Berlin-6883,17,2,Normal
2026-02-13 16:24:40.937766,Berlin-6883,48,87,Normal
2026-02-13 16:24:41.937766,Berlin-6883,-7,90,Normal
2026-02-13 16:24:42.937766,Berlin-6883,31,64,Normal
2026-02-13 16:24:43.937766,Berlin-6883,3,62,Normal
2026-02-13 16:24:44.937766,Berlin-6883,-5,71,Normal
2026-02-13 16:24:45.937766,Berlin-6883,-23,15,Normal
2026-02-13 16:24:46.937766,Berlin-6883,38,63,Normal
2026-02-13 16:24:47.937766,Berlin-6883,23,43,Normal
2026-02-13 16:24:48.937766,Berlin-6883,8,64,Normal
2026-02-13 16:24:49.937766,Berlin-6883,20,33,Normal
2026-02-13 16:24:50.937766,Berlin-6883,36,57,Normal
2026-02-13 16:24:51.937766,Berlin-6883,42,34,Normal
2026-02-13 16:24:52.937766,Berlin-6883,26,57,Normal
2026-02-13 16:24:53.937766,Berlin-6883,32,6,Normal
2026-02-13 16:24:54.937766,Berlin-6883,16,5,Normal
2026-02-13 16:24:55.937766,Berlin-6883,19,10,Normal
2026-02-13 16:24:56.937766,Berlin-6883,-6,77,Normal
2026-02-13 16:24:57.937766,Berlin-6883,8,50,Normal
2026-02-13 16:24:58.937766,Berlin-6883,-19,57,Normal
2026-02-13 16:24:59.937766,Berlin-6883,28,6,Normal
2026-02-13 16:25:00.937766,Berlin-6883,21,94,Normal
2026-02-13 16:25:01.937766,Berlin-6883,35,63,Normal
2026-02-13 16:25:02.937766,Berlin-6883,-24,20,Normal
2026-02-13 16:25:03.937766,Berlin-6883,20,25,Normal
2026-02-13 16:25:04.937766,Berlin-6883,20,34,Normal
2026-02-13 16:25:05.937766,Berlin-6883,44,89,Normal
2026-02-13 16:25:06.937766,Berlin-6883,-29,94,Normal
2026-02-13 16:25:07.937766,Berlin-6883,-20,77,Normal
2026-02-13 16:25:08.937766,Berlin-6883,0,60,Normal
2026-02-13 16:25:09.937766,Berlin-6883,-26,35,Normal
2026-02-13 16:25:10.937766,Berlin-6883,28,16,Normal
2026-02-13 16:25:11.937766,Berlin-6883,50,27,Normal
2026-02-13 16:25:12.937766,Berlin-6883,32,16,Normal
2026-02-13 16:25:13.937766,Berlin-6883,-7,27,Normal
2026-02-13 16:25:14.937766,Berlin-6883,31,58,Normal
2026-02-13 16:25:15.937766,Berlin-6883,-27,83,Normal
2026-02-13 16:25:16.937766,Berlin-6883,-5,71,Normal
2026-02-13 16:25:17.937766,Berlin-6883,7,2,Normal
2026-02-13 16:25:18.937766,Berlin-6883,15,78,Normal
2026-02-13 16:25:19.937766,Berlin-6883,-6,4,Normal
2026-02-13 16:25:20.937766,Berlin-6883,30,76,Normal
2026-02-13 16:25:21.937766,Berlin-6883,-2,10,Normal
2026-02-13 16:25:22.937766,Berlin-6883,-20,67,Normal
2026-02-13 16:25:23.937766,Berlin-6883,39,32,Normal
2026-02-13 16:25:24.937766,Berlin-6883,-30,4,Normal
2026-02-13 16:25:25.937766,Berlin-6883,-21,6,Normal
2026-02-13 16:25:26.937766,Berlin-6883,42,44,Normal
2026-02-13 16:25:27.937766,Berlin-6883,31,84,Normal
2026-02-13 16:25:28.937766,Berlin-6883,37,7,Normal
2026-02-13 16:25:29.937766,Berlin-6883,50,44,Normal
2026-02-13 16:25:30.937766,Berlin-6883,-18,14,Normal
2026-02-13 16:25:31.937766,Berlin-6883,-14,59,Normal
2026-02-13 16:25:32.937766,Berlin-6883,45,58,Normal
2026-02-13 16:25:33.937766,Berlin-6883,37,88,Normal
2026-02-13 16:25:34.937766,Berlin-6883,-8,35,Normal
2026-02-13 16:25:35.937766,Berlin-6883,24,56,Normal
2026-02-13 16:25:36.937766,Berlin-6883,17,76,Normal
2026-02-13 16:25:37.937766,Berlin-6883,-7,9,Normal
2026-02-13 16:25:38.937766,Berlin-6883,7,51,Normal
2026-02-13 16:25:39.937766,Berlin-6883,26,1,Normal
2026-02-13 16:25:40.937766,Berlin-6883,20,19,Normal
2026-02-13 16:25:41.937766,Berlin-6883,0,28,Normal
2026-02-13 16:25:42.937766,Berlin-6883,-8,42,Normal
2026-02-13 16:25:43.937766,Berlin-6883,14,60,Normal
2026-02-13 16:25:44.937766,Berlin-6883,38,25,Normal
2026-02-13 16:25:45.937766,Berlin-6883,42,18,Normal
2026-02-13 16:25:46.937766,Berlin-6883,9,30,Normal
2026-02-13 16:25:47.937766,Berlin-6883,-22,17,Normal
2026-02-13 16:25:48.937766,Berlin-6883,41,58,Normal
2026-02-13 16:25:49.937766,Berlin-6883,-9,25,Normal
2026-02-13 16:25:50.937766,Berlin-6883,3,13,Normal
2026-02-13 16:25:51.937766,Berlin-6883,-17,3,Normal
2026-02-13 16:25:52.937766,Berlin-6883,28,26,Normal
2026-02-13 16:25:53.937766,Berlin-6883,26,31,Normal
2026-02-13 16:25:54.937766,Berlin-6883,5,54,Normal
2026-02-13 16:25:55.937766,Berlin-6883,0,66,Normal
2026-02-13 16:25:56.937766,Berlin-6883,-16,32,Normal
2026-02-13 16:25:57.937766,Berlin-6883,39,64,Normal
2026-02-13 16:25:58.937766,Berlin-6883,-27,94,Normal
2026-02-13 16:25:59.937766,Berlin-6883,-5,76,Normal
2026-02-13 16:26:00.937766,Berlin-6883,24,65,Normal
2026-02-13 16:26:01.937766,Berlin-6883,-21,39,Normal
2026-02-13 16:26:02.937766,Berlin-6883,-18,93,Normal
2026-02-13 16:26:03.937766,Berlin-6883,15,7,Normal
2026-02-13 16:26:04.937766,Berlin-6883,-14,59,Normal
2026-02-13 16:26:05.937766,Berlin-6883,45,100,Normal
2026-02-13 16:26:06.937766,Berlin-6883,39,88,Normal
2026-02-13 16:26:07.937766,Berlin-6883,-22,1,Normal
2026-02-13 16:26:08.937766,Berlin-6883,-6,85,Normal
2026-02-13 16:26:09.937766,Berlin-6883,44,55,Normal
2026-02-13 16:26:10.937766,Berlin-6883,-17,91,Normal
2026-02-13 16:26:11.937766,Berlin-6883,-27,65,Normal
2026-02-13 16:26:12.937766,Berlin-6883,39,42,Normal
2026-02-13 16:26:13.937766,Berlin-6883,46,20,Normal
2026-02-13 16:26:14.937766,Berlin-6883,29,42,Normal
2026-02-13 16:26:15.937766,Berlin-6883,4,42,Normal
2026-02-13 16:26:16.937766,Berlin-6883,-3,83,Normal
2026-02-13 16:26:17.937766,Berlin-6883,48,42,Normal
2026-02-13 16:26:18.937766,Berlin-6883,19,6,Normal
2026-02-13 16:26:19.937766,Berlin-6883,0,61,Normal
2026-02-13 16:26:20.937766,Berlin-6883,1,51,Normal
2026-02-13 16:26:21.937766,Berlin-6883,35,62,Normal
2026-02-13 16:26:22.937766,Berlin-6883,-7,10,Normal
2026-02-13 16:26:23.937766,Berlin-6883,-12,6,Normal
2026-02-13 16:26:24.937766,Berlin-6883,40,57,Normal
2026-02-13 16:26:25.937766,Berlin-6883,-29,57,Normal
2026-02-13 16:26:26.937766,Berlin-6883,-5,5,Normal
2026-02-13 16:26:27.937766,Berlin-6883,-19,41,Normal
2026-02-13 16:26:28.937766,Berlin-6883,-1,11,Normal
2026-02-13 16:26:29.937766,Berlin-6883,32,5,Normal
2026-02-13 16:26:30.937766,Berlin-6883,31,36,Normal
2026-02-13 16:26:31.937766,Berlin-6883,22,44,Normal
2026-02-13 16:26:32.937766,Berlin-6883,25,79,Normal
2026-02-13 16:26:33.937766,Berlin-6883,-25,61,Normal
2026-02-13 16:26:34.937766,Berlin-6883,48,71,Normal
2026-02-13 16:26:35.937766,Berlin-6883,-24,23,Normal
2026-02-13 16:26:36.937766,Berlin-6883,18,48,Normal
2026-02-13 16:26:37.937766,Berlin-6883,36,71,Normal
2026-02-13 16:26:38.937766,Berlin-6883,-7,99,Normal
2026-02-13 16:26:39.937766,Berlin-6883,-24,45,Normal
2026-02-13 16:26:40.937766,Berlin-6883,24,9,Normal
2026-02-13 16:26:41.937766,Berlin-6883,46,91,Normal
2026-02-13 16:26:42.937766,Berlin-6883,-19,65,Normal
2026-02-13 16:26:43.937766,Berlin-6883,39,30,Normal
2026-02-13 16:26:44.937766,Berlin-6883,49,42,Normal
2026-02-13 16:26:45.937766,Berlin-6883,2,42,Normal
2026-02-13 16:26:46.937766,Berlin-6883,-28,87,Normal
2026-02-13 16:26:47.937766,Berlin-6883,-26,94,Normal
2026-02-13 16:26:48.937766,Berlin-6883,10,28,Normal
2026-02-13 16:26:49.937766,Berlin-6883,25,77,Normal
2026-02-13 16:26:50.937766,Berlin-6883,28,42,Normal
2026-02-13 16:26:51.937766,Berlin-6883,-18,47,Normal
2026-02-13 16:26:52.937766,Berlin-6883,22,38,Normal
2026-02-13 16:26:53.937766,Berlin-6883,-1,99,Normal
2026-02-13 16:26:54.937766,Berlin-6883,21,18,Normal
2026-02-13 16:26:55.937766,Berlin-6883,-12,22,Normal
2026-02-13 16:26:56.937766,Berlin-6883,-29,58,Normal
2026-02-13 16:26:57.937766,Berlin-6883,-10,35,Normal
2026-02-13 16:26:58.937766,Berlin-6883,44,62,Normal
2026-02-13 16:26:59.937766,Berlin-6883,2,98,Normal
2026-02-13 16:27:00.937766,Berlin-6883,-2,23,Normal
2026-02-13 16:27:01.937766,Berlin-6883,-26,3,Normal
2026-02-13 16:27:02.937766,Berlin-6883,42,63,Normal
2026-02-13 16:27:03.937766,Berlin-6883,-1,15,Normal
2026-02-13 16:27:04.937766,Berlin-6883,42,22,Normal
2026-02-13 16:27:05.937766,Berlin-6883,27,30,Normal
2026-02-13 16:27:06.937766,Berlin-6883,41,6,Normal
2026-02-13 16:27:07.937766,Berlin-6883,6,1,Normal
2026-02-13 16:27:08.937766,Berlin-6883,-29,18,Normal
2026-02-13 16:27:09.937766,Berlin-6883,43,99,Normal
2026-02-13 16:27:10.937766,Berlin-6883,18,50,Normal
2026-02-13 16:27:11.937766,Berlin-6883,-11,0,Normal
2026-02-13 16:27:12.937766,Berlin-6883,23,54,Normal
2026-02-13 16:27:13.937766,Berlin-6883,13,17,Normal
2026-02-13 16:27:14.937766,Berlin-6883,-11,43,Normal
2026-02-13 16:27:15.937766,Berlin-6883,44,76,Normal
2026-02-13 16:27:16.937766,Berlin-6883,36,83,Normal
2026-02-13 16:27:17.937766,Berlin-6883,28,39,Normal
2026-02-13 16:27:18.937766,Berlin-6883,37,53,Normal
2026-02-13 16:27:19.937766,Berlin-6883,-27,47,Normal
2026-02-13 16:27:20.937766,Berlin-6883,10,64,Normal
2026-02-13 16:27:21.937766,Berlin-6883,44,91,Normal
2026-02-13 16:27:22.937766,Berlin-6883,41,59,Normal
2026-02-13 16:27:23.937766,Berlin-6883,41,79,Normal
2026-02-13 16:27:24.937766,Berlin-6883,10,95,Normal
2026-02-13 16:27:25.937766,Berlin-6883,15,81,Normal
2026-02-13 16:27:26.937766,Berlin-6883,0,30,Normal
2026-02-13 16:27:27.937766,Berlin-6883,21,80,Normal
2026-02-13 16:27:28.937766,Berlin-6883,3,26,Normal
2026-02-13 16:27:29.937766,Berlin-6883,-15,71,Normal
2026-02-13 16:27:30.937766,Berlin-6883,14,40,Normal
2026-02-13 16:27:31.937766,Berlin-6883,-19,76,Normal
2026-02-13 16:27:32.937766,Berlin-6883,3,26,Normal
2026-02-13 16:27:33.937766,Berlin-6883,16,25,Normal
2026-02-13 16:27:34.937766,Berlin-6883,-28,88,Normal
2026-02-13 16:27:35.937766,Berlin-6883,14,30,Normal
2026-02-13 16:27:36.937766,Berlin-6883,14,67,Normal
2026-02-13 16:27:37.937766,Berlin-6883,-18,46,Normal
2026-02-13 16:27:38.937766,Berlin-6883,11,52,Normal
2026-02-13 16:27:39.937766,Berlin-6883,30,42,Normal
2026-02-13 16:27:40.937766,Berlin-6883,-12,0,Normal
2026-02-13 16:27:41.937766,Berlin-6883,-11,88,Normal
2026-02-13 16:27:42.937766,Berlin-6883,-14,35,Normal
2026-02-13 16:27:43.937766,Berlin-6883,8,4,Normal
2026-02-13 16:27:44.937766,Berlin-6883,3,72,Normal
2026-02-13 16:27:45.937766,Berlin-6883,-15,54,Normal
2026-02-13 16:27:46.937766,Berlin-6883,29,71,Normal
2026-02-13 16:27:47.937766,Berlin-6883,-18,62,Normal
2026-02-13 16:27:48.937766,Berlin-6883,27,95,Normal
2026-02-13 16:27:49.937766,Berlin-6883,-30,7,Normal
2026-02-13 16:27:50.937766,Berlin-6883,11,23,Normal
2026-02-13 16:27:51.937766,Berlin-6883,-13,8,Normal
2026-02-13 16:27:52.937766,Berlin-6883,4,76,Normal
2026-02-13 16:27:53.937766,Berlin-6883,2,44,Normal
2026-02-13 16:27:54.937766,Berlin-6883,-22,47,Normal
2026-02-13 16:27:55.937766,Berlin-6883,29,63,Normal
2026-02-13 16:27:56.937766,Berlin-6883,-11,24,Normal
2026-02-13 16:27:57.937766,Berlin-6883,-26,18,Normal
2026-02-13 16:27:58.937766,Berlin-6883,-5,33,Normal
2026-02-13 16:27:59.937766,Berlin-6883,31,76,Normal
2026-02-13 16:28:00.937766,Berlin-6883,-22,12,Normal
2026-02-13 16:28:01.937766,Berlin-6883,15,23,Normal
2026-02-13 16:28:02.937766,Berlin-6883,-23,75,Normal
2026-02-13 16:28:03.937766,Berlin-6883,23,37,Normal
2026-02-13 16:28:04.937766,Berlin-6883,34,54,Normal
2026-02-13 16:28:05.937766,Berlin-6883,35,58,Normal
2026-02-13 16:28:06.937766,Berlin-6883,41,8,Normal
2026-02-13 16:28:07.937766,Berlin-6883,35,35,Normal
2026-02-13 16:28:08.937766,Berlin-6883,10,88,Normal
2026-02-13 16:28:09.937766,Berlin-6883,21,79,Normal
2026-02-13 16:28:10.937766,Berlin-6883,15,35,Normal
2026-02-13 16:28:11.937766,Berlin-6883,42,34,Normal
2026-02-13 16:28:12.937766,Berlin-6883,17,17,Normal
2026-02-13 16:28:13.937766,Berlin-6883,30,31,Normal
2026-02-13 16:28:14.937766,Berlin-6883,-25,0,Normal
2026-02-13 16:28:15.937766,Berlin-6883,42,3,Normal
2026-02-13 16:28:16.937766,Berlin-6883,18,12,Normal
2026-02-13 16:28:17.937766,Berlin-6883,5,62,Normal
2026-02-13 16:28:18.937766,Berlin-6883,-26,5,Normal
2026-02-13 16:28:19.937766,Berlin-6883,10,29,Normal
2026-02-13 16:28:20.937766,Berlin-6883,-29,71,Normal
2026-02-13 16:28:21.937766,Berlin-6883,-30,15,Normal
2026-02-13 16:28:22.937766,Berlin-6883,7,16,Normal
2026-02-13 16:28:23.937766,Berlin-6883,-24,42,Normal
2026-02-13 16:28:24.937766,Berlin-6883,-29,28,Normal
2026-02-13 16:28:25.937766,Berlin-6883,3,66,Normal
2026-02-13 16:28:26.937766,Berlin-6883,1,59,Normal
2026-02-13 16:28:27.937766,Berlin-6883,38,49,Normal
2026-02-13 16:28:28.937766,Berlin-6883,22,32,Normal
2026-02-13 16:28:29.937766,Berlin-6883,27,28,Normal
2026-02-13 16:28:30.937766,Berlin-6883,16,25,Normal
2026-02-13 16:28:31.937766,Berlin-6883,-20,82,Normal
2026-02-13 16:28:32.937766,Berlin-6883,-10,92,Normal
2026-02-13 16:28:33.937766,Berlin-6883,37,75,Normal
2026-02-13 16:28:34.937766,Berlin-6883,-4,83,Normal
2026-02-13 16:28:35.937766,Berlin-6883,-25,69,Normal
2026-02-13 16:28:36.937766,Berlin-6883,16,70,Normal
2026-02-13 16:28:37.937766,Berlin-6883,-30,5,Normal
2026-02-13 16:28:38.937766,Berlin-6883,39,40,Normal
2026-02-13 16:28:39.937766,Berlin-6883,-22,34,Normal
2026-02-13 16:28:40.937766,Berlin-6883,-17,66,Normal
2026-02-13 16:28:41.937766,Berlin-6883,11,76,Normal
2026-02-13 16:28:42.937766,Berlin-6883,32,72,Normal
2026-02-13 16:28:43.937766,Berlin-6883,0,75,Normal
2026-02-13 16:28:44.937766,Berlin-6883,45,61,Normal
2026-02-13 16:28:45.937766,Berlin-6883,16,21,Normal
2026-02-13 16:28:46.937766,Berlin-6883,-27,90,Normal
2026-02-13 16:28:47.937766,Berlin-6883,35,24,Normal
2026-02-13 16:28:48.937766,Berlin-6883,-5,84,Normal
2026-02-13 16:28:49.937766,Berlin-6883,14,26,Normal
2026-02-13 16:28:50.937766,Berlin-6883,26,17,Normal
2026-02-13 16:28:51.937766,Berlin-6883,9,17,Normal
2026-02-13 16:28:52.937766,Berlin-6883,-2,2,Normal
2026-02-13 16:28:53.937766,Berlin-6883,34,14,Normal
2026-02-13 16:28:54.937766,Berlin-6883,43,98,Normal
2026-02-13 16:28:55.937766,Berlin-6883,-28,5,Normal
2026-02-13 16:28:56.937766,Berlin-6883,30,60,Normal
2026-02-13 16:28:57.937766,Berlin-6883,-29,66,Normal
2026-02-13 16:28:58.937766,Berlin-6883,31,47,Normal
2026-02-13 16:28:59.937766,Berlin-6883,48,13,Normal
2026-02-13 16:29:00.937766,Berlin-6883,11,92,Normal
2026-02-13 16:29:01.937766,Berlin-6883,23,76,Normal
2026-02-13 16:29:02.937766,Berlin-6883,49,25,Normal
2026-02-13 16:29:03.937766,Berlin-6883,11,88,Normal
2026-02-13 16:29:04.937766,Berlin-6883,18,36,Normal
2026-02-13 16:29:05.937766,Berlin-6883,38,82,Normal
2026-02-13 16:29:06.937766,Berlin-6883,44,97,Normal
2026-02-13 16:29:07.937766,Berlin-6883,20,19,Normal
2026-02-13 16:29:08.937766,Berlin-6883,-9,6,Normal
