timestamp,station_id,temp,humid,condition
2026-04-28 12:25:48.355826,NewYork-87d9,-12,14,Normal
2026-04-28 12:25:49.355826,NewYork-87d9,42,29,Normal
2026-04-28 12:25:50.355826,NewYork-87d9,-30,78,Normal
2026-04-28 12:25:51.355826,NewYork-87d9,24,66,Normal
2026-04-28 12:25:52.355826,NewYork-87d9,-2,41,Normal
2026-04-28 12:25:53.355826,NewYork-87d9,7,11,Normal
2026-04-28 12:25:54.355826,NewYork-87d9,15,24,Normal
2026-04-28 12:25:55.355826,NewYork-87d9,9,72,Normal
2026-04-28 12:25:56.355826,NewYork-87d9,-2,79,Normal
2026-04-28 12:25:57.355826,NewYork-87d9,38,3,Normal
2026-04-28 12:25:58.355826,NewYork-87d9,35,75,Normal
2026-04-28 12:25:59.355826,NewYork-87d9,-25,17,Normal
2026-04-28 12:26:00.355826,NewYork-87d9,36,60,Normal
2026-04-28 12:26:01.355826,NewYork-87d9,11,6,Normal
2026-04-28 12:26:02.355826,NewYork-87d9,-13,35,Normal
2026-04-28 12:26:03.355826,NewYork-87d9,-29,45,Normal
2026-04-28 12:26:04.355826,NewYork-87d9,31,96,Normal
2026-04-28 12:26:05.355826,NewYork-87d9,-25,95,Normal
2026-04-28 12:26:06.355826,NewYork-87d9,38,69,Normal
2026-04-28 12:26:07.355826,NewYork-87d9,25,23,Normal
2026-04-28 12:26:08.355826,NewYork-87d9,-21,39,Normal
2026-04-28 12:26:09.355826,NewYork-87d9,-20,21,Normal
2026-04-28 12:26:10.355826,NewYork-87d9,-27,88,Normal
2026-04-28 12:26:11.355826,NewYork-87d9,34,99,Normal
2026-04-28 12:26:12.355826,NewYork-87d9,28,98,Normal
2026-04-28 12:26:13.355826,NewYork-87d9,39,68,Normal
2026-04-28 12:26:14.355826,NewYork-87d9,-9,6,Normal
2026-04-28 12:26:15.355826,NewYork-87d9,-2,98,Normal
2026-04-28 12:26:16.355826,NewYork-87d9,24,36,Normal
2026-04-28 12:26:17.355826,NewYork-87d9,14,72,Normal
2026-04-28 12:26:18.355826,NewYork-87d9,33,6,Normal
2026-04-28 12:26:19.355826,NewYork-87d9,49,77,Normal
2026-04-28 12:26:20.355826,NewYork-87d9,-21,46,Normal
2026-04-28 12:26:21.355826,NewYork-87d9,-6,11,Normal
2026-04-28 12:26:22.355826,NewYork-87d9,-12,8,Normal
2026-04-28 12:26:23.355826,NewYork-87d9,-23,27,Normal
2026-04-28 12:26:24.355826,NewYork-87d9,31,28,Normal
2026-04-28 12:26:25.355826,NewYork-87d9,23,66,Normal
2026-04-28 12:26:26.355826,NewYork-87d9,48,48,Normal
2026-04-28 12:26:27.355826,NewYork-87d9,-1,81,Normal
2026-04-28 12:26:28.355826,NewYork-87d9,17,17,Normal
2026-04-28 12:26:29.355826,NewYork-87d9,47,11,Normal
2026-04-28 12:26:30.355826,NewYork-87d9,25,79,Normal
2026-04-28 12:26:31.355826,NewYork-87d9,6,29,Normal
2026-04-28 12:26:32.355826,NewYork-87d9,-13,76,Normal
2026-04-28 12:26:33.355826,NewYork-87d9,20,1,Normal
2026-04-28 12:26:34.355826,NewYork-87d9,28,7,Normal
2026-04-28 12:26:35.355826,NewYork-87d9,-14,45,Normal
2026-04-28 12:26:36.355826,NewYork-87d9,26,68,Normal
2026-04-28 12:26:37.355826,NewYork-87d9,-24,51,Normal
2026-04-28 12:26:38.355826,NewYork-87d9,19,79,Normal
2026-04-28 12:26:39.355826,NewYork-87d9,-18,57,Normal
2026-04-28 12:26:40.355826,NewYork-87d9,-3,10,Normal
2026-04-28 12:26:41.355826,NewYork-87d9,-1,28,Normal
2026-04-28 12:26:42.355826,NewYork-87d9,-23,13,Normal
2026-04-28 12:26:43.355826,NewYork-87d9,28,2,Normal
2026-04-28 12:26:44.355826,NewYork-87d9,32,91,Normal
2026-04-28 12:26:45.355826,NewYork-87d9,35,64,Normal
2026-04-28 12:26:46.355826,NewYork-87d9,-22,55,Normal
2026-04-28 12:26:47.355826,NewYork-87d9,22,15,Normal
2026-04-28 12:26:48.355826,NewYork-87d9,4,36,Normal
2026-04-28 12:26:49.355826,NewYork-87d9,28,34,Normal
2026-04-28 12:26:50.355826,NewYork-87d9,26,79,Normal
2026-04-28 12:26:51.355826,NewYork-87d9,37,73,Normal
2026-04-28 12:26:52.355826,NewYork-87d9,-14,48,Normal
2026-04-28 12:26:53.355826,NewYork-87d9,17,13,Normal
2026-04-28 12:26:54.355826,NewYork-87d9,39,5,Normal
2026-04-28 12:26:55.355826,NewYork-87d9,15,23,Normal
2026-04-28 12:26:56.355826,NewYork-87d9,2,99,Normal
2026-04-28 12:26:57.355826,NewYork-87d9,-17,29,Normal
2026-04-28 12:26:58.355826,NewYork-87d9,45,18,Normal
2026-04-28 12:26:59.355826,NewYork-87d9,24,31,Normal
2026-04-28 12:27:00.355826,NewYork-87d9,1,4,Normal
2026-04-28 12:27:01.355826,NewYork-87d9,-10,62,Normal
2026-04-28 12:27:02.355826,NewYork-87d9,-22,8,Normal
2026-04-28 12:27:03.355826,NewYork-87d9,-26,37,Normal
2026-04-28 12:27:04.355826,NewYork-87d9,18,29,Normal
2026-04-28 12:27:05.355826,NewYork-87d9,-6,70,Normal
2026-04-28 12:27:06.355826,NewYork-87d9,0,81,Normal
2026-04-28 12:27:07.355826,NewYork-87d9,6,68,Normal
2026-04-28 12:27:08.355826,NewYork-87d9,-8,71,Normal
2026-04-28 12:27:09.355826,NewYork-87d9,3,98,Normal
2026-04-28 12:27:10.355826,NewYork-87d9,18,96,Normal
2026-04-28 12:27:11.355826,NewYork-87d9,-17,71,Normal
2026-04-28 12:27:12.355826,NewYork-87d9,13,51,Normal
2026-04-28 12:27:13.355826,NewYork-87d9,-2,58,Normal
2026-04-28 12:27:14.355826,NewYork-87d9,-16,38,Normal
2026-04-28 12:27:15.355826,NewYork-87d9,-10,22,Normal
2026-04-28 12:27:16.355826,NewYork-87d9,-13,54,Normal
2026-04-28 12:27:17.355826,NewYork-87d9,-30,61,Normal
2026-04-28 12:27:18.355826,NewYork-87d9,42,60,Normal
2026-04-28 12:27:19.355826,NewYork-87d9,-3,85,Normal
2026-04-28 12:27:20.355826,NewYork-87d9,17,30,Normal
2026-04-28 12:27:21.355826,NewYork-87d9,28,58,Normal
2026-04-28 12:27:22.355826,NewYork-87d9,-28,3,Normal
2026-04-28 12:27:23.355826,NewYork-87d9,-14,17,Normal
2026-04-28 12:27:24.355826,NewYork-87d9,-20,62,Normal
2026-04-28 12:27:25.355826,NewYork-87d9,-30,9,Normal
2026-04-28 12:27:26.355826,NewYork-87d9,-10,14,Normal
2026-04-28 12:27:27.355826,NewYork-87d9,-12,98,Normal
2026-04-28 12:27:28.355826,NewYork-87d9,-11,94,Normal
2026-04-28 12:27:29.355826,NewYork-87d9,-4,24,Normal
2026-04-28 12:27:30.355826,NewYork-87d9,12,22,Normal
2026-04-28 12:27:31.355826,NewYork-87d9,2,66,Normal
2026-04-28 12:27:32.355826,NewYork-87d9,-15,74,Normal
2026-04-28 12:27:33.355826,NewYork-87d9,34,23,Normal
2026-04-28 12:27:34.355826,NewYork-87d9,1,89,Normal
2026-04-28 12:27:35.355826,NewYork-87d9,-6,92,Normal
2026-04-28 12:27:36.355826,NewYork-87d9,26,52,Normal
2026-04-28 12:27:37.355826,NewYork-87d9,-28,94,Normal
2026-04-28 12:27:38.355826,NewYork-87d9,-9,52,Normal
2026-04-28 12:27:39.355826,NewYork-87d9,25,31,Normal
2026-04-28 12:27:40.355826,NewYork-87d9,-3,84,Normal
2026-04-28 12:27:41.355826,NewYork-87d9,2,9,Normal
2026-04-28 12:27:42.355826,NewYork-87d9,-29,1,Normal
2026-04-28 12:27:43.355826,NewYork-87d9,8,65,Normal
2026-04-28 12:27:44.355826,NewYork-87d9,-20,25,Normal
2026-04-28 12:27:45.355826,NewYork-87d9,-6,52,Normal
2026-04-28 12:27:46.355826,NewYork-87d9,31,68,Normal
2026-04-28 12:27:47.355826,NewYork-87d9,-30,61,Normal
2026-04-28 12:27:48.355826,NewYork-87d9,44,98,Normal
2026-04-28 12:27:49.355826,NewYork-87d9,40,25,Normal
2026-04-28 12:27:50.355826,NewYork-87d9,-6,62,Normal
2026-04-28 12:27:51.355826,NewYork-87d9,9,67,Normal
2026-04-28 12:27:52.355826,NewYork-87d9,33,34,Normal
2026-04-28 12:27:53.355826,NewYork-87d9,12,99,Normal
2026-04-28 12:27:54.355826,NewYork-87d9,-14,71,Normal
2026-04-28 12:27:55.355826,NewYork-87d9,-20,28,Normal
2026-04-28 12:27:56.355826,NewYork-87d9,0,90,Normal
2026-04-28 12:27:57.355826,NewYork-87d9,-8,20,Normal
2026-04-28 12:27:58.355826,NewYork-87d9,-21,24,Normal
2026-04-28 12:27:59.355826,NewYork-87d9,-8,25,Normal
2026-04-28 12:28:00.355826,NewYork-87d9,-4,46,Normal
2026-04-28 12:28:01.355826,NewYork-87d9,-1,8,Normal
2026-04-28 12:28:02.355826,NewYork-87d9,-3,69,Normal
2026-04-28 12:28:03.355826,NewYork-87d9,-22,21,Normal
2026-04-28 12:28:04.355826,NewYork-87d9,40,3,Normal
2026-04-28 12:28:05.355826,NewYork-87d9,34,17,Normal
2026-04-28 12:28:06.355826,NewYork-87d9,-9,61,Normal
2026-04-28 12:28:07.355826,NewYork-87d9,-3,92,Normal
2026-04-28 12:28:08.355826,NewYork-87d9,-15,85,Normal
2026-04-28 12:28:09.355826,NewYork-87d9,-18,58,Normal
2026-04-28 12:28:10.355826,NewYork-87d9,18,46,Normal
2026-04-28 12:28:11.355826,NewYork-87d9,19,66,Normal
2026-04-28 12:28:12.355826,NewYork-87d9,30,21,Normal
2026-04-28 12:28:13.355826,NewYork-87d9,23,73,Normal
2026-04-28 12:28:14.355826,NewYork-87d9,8,87,Normal
2026-04-28 12:28:15.355826,NewYork-87d9,39,31,Normal
2026-04-28 12:28:16.355826,NewYork-87d9,-3,97,Normal
2026-04-28 12:28:17.355826,NewYork-87d9,34,14,Normal
2026-04-28 12:28:18.355826,NewYork-87d9,4,75,Normal
2026-04-28 12:28:19.355826,NewYork-87d9,23,17,Normal
2026-04-28 12:28:20.355826,NewYork-87d9,2,89,Normal
2026-04-28 12:28:21.355826,NewYork-87d9,6,100,Normal
2026-04-28 12:28:22.355826,NewYork-87d9,9,20,Normal
2026-04-28 12:28:23.355826,NewYork-87d9,-18,7,Normal
2026-04-28 12:28:24.355826,NewYork-87d9,-6,67,Normal
2026-04-28 12:28:25.355826,NewYork-87d9,-9,57,Normal
2026-04-28 12:28:26.355826,NewYork-87d9,34,8,Normal
2026-04-28 12:28:27.355826,NewYork-87d9,11,84,Normal
2026-04-28 12:28:28.355826,NewYork-87d9,32,5,Normal
2026-04-28 12:28:29.355826,NewYork-87d9,-10,3,Normal
2026-04-28 12:28:30.355826,NewYork-87d9,-8,44,Normal
2026-04-28 12:28:31.355826,NewYork-87d9,32,84,Normal
2026-04-28 12:28:32.355826,NewYork-87d9,29,84,Normal
2026-04-28 12:28:33.355826,NewYork-87d9,43,10,Normal
2026-04-28 12:28:34.355826,NewYork-87d9,-18,25,Normal
2026-04-28 12:28:35.355826,NewYork-87d9,3,16,Normal
2026-04-28 12:28:36.355826,NewYork-87d9,42,13,Normal
2026-04-28 12:28:37.355826,NewYork-87d9,21,25,Normal
2026-04-28 12:28:38.355826,NewYork-87d9,9,66,Normal
2026-04-28 12:28:39.355826,NewYork-87d9,2,50,Normal
2026-04-28 12:28:40.355826,NewYork-87d9,22,17,Normal
2026-04-28 12:28:41.355826,NewYork-87d9,-16,29,Normal
2026-04-28 12:28:42.355826,NewYork-87d9,35,4,Normal
2026-04-28 12:28:43.355826,NewYork-87d9,-3,29,Normal
2026-04-28 12:28:44.355826,NewYork-87d9,36,47,Normal
2026-04-28 12:28:45.355826,NewYork-87d9,1,88,Normal
2026-04-28 12:28:46.355826,NewYork-87d9,-7,1,Normal
2026-04-28 12:28:47.355826,NewYork-87d9,-29,37,Normal
2026-04-28 12:28:48.355826,NewYork-87d9,-4,81,Normal
2026-04-28 12:28:49.355826,NewYork-87d9,-27,40,Normal
2026-04-28 12:28:50.355826,NewYork-87d9,3,80,Normal
2026-04-28 12:28:51.355826,NewYork-87d9,29,36,Normal
2026-04-28 12:28:52.355826,NewYork-87d9,33,46,Normal
2026-04-28 12:28:53.355826,NewYork-87d9,9,19,Normal
2026-04-28 12:28:54.355826,NewYork-87d9,49,60,Normal
2026-04-28 12:28:55.355826,NewYork-87d9,23,6,Normal
2026-04-28 12:28:56.355826,NewYork-87d9,45,25,Normal
2026-04-28 12:28:57.355826,NewYork-87d9,-6,77,Normal
2026-04-28 12:28:58.355826,NewYork-87d9,-7,47,Normal
2026-04-28 12:28:59.355826,NewYork-87d9,12,45,Normal
2026-04-28 12:29:00.355826,NewYork-87d9,-22,51,Normal
2026-04-28 12:29:01.355826,NewYork-87d9,-28,51,Normal
2026-04-28 12:29:02.355826,NewYork-87d9,44,31,Normal
2026-04-28 12:29:03.355826,NewYork-87d9,-9,19,Normal
2026-04-28 12:29:04.355826,NewYork-87d9,-18,81,Normal
2026-04-28 12:29:05.355826,NewYork-87d9,7,48,Normal
2026-04-28 12:29:06.355826,NewYork-87d9,18,95,Normal
2026-04-28 12:29:07.355826,NewYork-87d9,-25,96,Normal
2026-04-28 12:29:08.355826,NewYork-87d9,25,74,Normal
2026-04-28 12:29:09.355826,NewYork-87d9,6,2,Normal
2026-04-28 12:29:10.355826,NewYork-87d9,-18,27,Normal
2026-04-28 12:29:11.355826,NewYork-87d9,17,94,Normal
2026-04-28 12:29:12.355826,NewYork-87d9,46,55,Normal
2026-04-28 12:29:13.355826,NewYork-87d9,-17,79,Normal
2026-04-28 12:29:14.355826,NewYork-87d9,35,82,Normal
2026-04-28 12:29:15.355826,NewYork-87d9,-15,79,Normal
2026-04-28 12:29:16.355826,NewYork-87d9,35,5,Normal
2026-04-28 12:29:17.355826,NewYork-87d9,15,53,Normal
2026-04-28 12:29:18.355826,NewYork-87d9,38,80,Normal
2026-04-28 12:29:19.355826,NewYork-87d9,-21,13,Normal
2026-04-28 12:29:20.355826,NewYork-87d9,17,74,Normal
2026-04-28 12:29:21.355826,NewYork-87d9,47,89,Normal
2026-04-28 12:29:22.355826,NewYork-87d9,5,75,Normal
2026-04-28 12:29:23.355826,NewYork-87d9,-1,41,Normal
2026-04-28 12:29:24.355826,NewYork-87d9,6,80,Normal
2026-04-28 12:29:25.355826,NewYork-87d9,0,82,Normal
2026-04-28 12:29:26.355826,NewYork-87d9,-4,45,Normal
2026-04-28 12:29:27.355826,NewYork-87d9,-15,62,Normal
2026-04-28 12:29:28.355826,NewYork-87d9,23,65,Normal
2026-04-28 12:29:29.355826,NewYork-87d9,-7,89,Normal
2026-04-28 12:29:30.355826,NewYork-87d9,35,95,Normal
2026-04-28 12:29:31.355826,NewYork-87d9,2,95,Normal
2026-04-28 12:29:32.355826,NewYork-87d9,37,76,Normal
2026-04-28 12:29:33.355826,NewYork-87d9,45,51,Normal
2026-04-28 12:29:34.355826,NewYork-87d9,2,70,Normal
2026-04-28 12:29:35.355826,NewYork-87d9,45,99,Normal
2026-04-28 12:29:36.355826,NewYork-87d9,13,97,Normal
2026-04-28 12:29:37.355826,NewYork-87d9,16,50,Normal
2026-04-28 12:29:38.355826,NewYork-87d9,46,29,Normal
2026-04-28 12:29:39.355826,NewYork-87d9,-12,58,Normal
2026-04-28 12:29:40.355826,NewYork-87d9,19,49,Normal
2026-04-28 12:29:41.355826,NewYork-87d9,26,7,Normal
2026-04-28 12:29:42.355826,NewYork-87d9,24,4,Normal
2026-04-28 12:29:43.355826,NewYork-87d9,34,98,Normal
2026-04-28 12:29:44.355826,NewYork-87d9,23,24,Normal
2026-04-28 12:29:45.355826,NewYork-87d9,-19,19,Normal
2026-04-28 12:29:46.355826,NewYork-87d9,-25,48,Normal
2026-04-28 12:29:47.355826,NewYork-87d9,9,14,Normal
2026-04-28 12:29:48.355826,NewYork-87d9,-26,95,Normal
2026-04-28 12:29:49.355826,NewYork-87d9,8,62,Normal
2026-04-28 12:29:50.355826,NewYork-87d9,23,96,Normal
2026-04-28 12:29:51.355826,NewYork-87d9,-17,66,Normal
2026-04-28 12:29:52.355826,NewYork-87d9,13,51,Normal
2026-04-28 12:29:53.355826,NewYork-87d9,37,38,Normal
2026-04-28 12:29:54.355826,NewYork-87d9,-30,51,Normal
2026-04-28 12:29:55.355826,NewYork-87d9,-25,21,Normal
2026-04-28 12:29:56.355826,NewYork-87d9,42,78,Normal
2026-04-28 12:29:57.355826,NewYork-87d9,29,77,Normal
2026-04-28 12:29:58.355826,NewYork-87d9,-28,76,Normal
2026-04-28 12:29:59.355826,NewYork-87d9,19,70,Normal
2026-04-28 12:30:00.355826,NewYork-87d9,26,27,Normal
2026-04-28 12:30:01.355826,NewYork-87d9,5,40,Normal
2026-04-28 12:30:02.355826,NewYork-87d9,6,4,Normal
2026-04-28 12:30:03.355826,NewYork-87d9,12,15,Normal
2026-04-28 12:30:04.355826,NewYork-87d9,27,77,Normal
2026-04-28 12:30:05.355826,NewYork-87d9,-21,76,Normal
2026-04-28 12:30:06.355826,NewYork-87d9,-6,25,Normal
2026-04-28 12:30:07.355826,NewYork-87d9,8,81,Normal
2026-04-28 12:30:08.355826,NewYork-87d9,-6,99,Normal
2026-04-28 12:30:09.355826,NewYork-87d9,-12,8,Normal
2026-04-28 12:30:10.355826,NewYork-87d9,-6,7,Normal
2026-04-28 12:30:11.355826,NewYork-87d9,31,38,Normal
2026-04-28 12:30:12.355826,NewYork-87d9,-15,38,Normal
2026-04-28 12:30:13.355826,NewYork-87d9,2,7,Normal
2026-04-28 12:30:14.355826,NewYork-87d9,26,79,Normal
2026-04-28 12:30:15.355826,NewYork-87d9,-17,53,Normal
2026-04-28 12:30:16.355826,NewYork-87d9,22,21,Normal
2026-04-28 12:30:17.355826,NewYork-87d9,24,28,Normal
2026-04-28 12:30:18.355826,NewYork-87d9,33,26,Normal
2026-04-28 12:30:19.355826,NewYork-87d9,31,20,Normal
2026-04-28 12:30:20.355826,NewYork-87d9,-8,17,Normal
2026-04-28 12:30:21.355826,NewYork-87d9,-8,63,Normal
2026-04-28 12:30:22.355826,NewYork-87d9,36,87,Normal
2026-04-28 12:30:23.355826,NewYork-87d9,43,82,Normal
2026-04-28 12:30:24.355826,NewYork-87d9,-28,67,Normal
2026-04-28 12:30:25.355826,NewYork-87d9,35,36,Normal
2026-04-28 12:30:26.355826,NewYork-87d9,42,3,Normal
2026-04-28 12:30:27.355826,NewYork-87d9,2,42,Normal
2026-04-28 12:30:28.355826,NewYork-87d9,-27,15,Normal
2026-04-28 12:30:29.355826,NewYork-87d9,25,5,Normal
2026-04-28 12:30:30.355826,NewYork-87d9,40,7,Normal
2026-04-28 12:30:31.355826,NewYork-87d9,9,17,Normal
2026-04-28 12:30:32.355826,NewYork-87d9,46,72,Normal
2026-04-28 12:30:33.355826,NewYork-87d9,-24,8,Normal
2026-04-28 12:30:34.355826,NewYork-87d9,-28,30,Normal
2026-04-28 12:30:35.355826,NewYork-87d9,13,17,Normal
2026-04-28 12:30:36.355826,NewYork-87d9,-10,70,Normal
2026-04-28 12:30:37.355826,NewYork-87d9,-5,52,Normal
2026-04-28 12:30:38.355826,NewYork-87d9,3,75,Normal
2026-04-28 12:30:39.355826,NewYork-87d9,2,2,Normal
2026-04-28 12:30:40.355826,NewYork-87d9,19,31,Normal
2026-04-28 12:30:41.355826,NewYork-87d9,-9,7,Normal
2026-04-28 12:30:42.355826,NewYork-87d9,6,64,Normal
2026-04-28 12:30:43.355826,NewYork-87d9,27,100,Normal
2026-04-28 12:30:44.355826,NewYork-87d9,-12,41,Normal
2026-04-28 12:30:45.355826,NewYork-87d9,-1,15,Normal
2026-04-28 12:30:46.355826,NewYork-87d9,1,23,Normal
2026-04-28 12:30:47.355826,NewYork-87d9,20,64,Normal
2026-04-28 12:30:48.355826,NewYork-87d9,24,47,Normal
2026-04-28 12:30:49.355826,NewYork-87d9,-21,32,Normal
2026-04-28 12:30:50.355826,NewYork-87d9,42,76,Normal
2026-04-28 12:30:51.355826,NewYork-87d9,-18,6,Normal
2026-04-28 12:30:52.355826,NewYork-87d9,3,82,Normal
2026-04-28 12:30:53.355826,NewYork-87d9,-10,9,Normal
2026-04-28 12:30:54.355826,NewYork-87d9,-18,53,Normal
2026-04-28 12:30:55.355826,NewYork-87d9,46,40,Normal
2026-04-28 12:30:56.355826,NewYork-87d9,43,51,Normal
2026-04-28 12:30:57.355826,NewYork-87d9,-14,59,Normal
2026-04-28 12:30:58.355826,NewYork-87d9,-25,47,Normal
2026-04-28 12:30:59.355826,NewYork-87d9,24,38,Normal
2026-04-28 12:31:00.355826,NewYork-87d9,-20,62,Normal
2026-04-28 12:31:01.355826,NewYork-87d9,-13,84,Normal
2026-04-28 12:31:02.355826,NewYork-87d9,47,20,Normal
2026-04-28 12:31:03.355826,NewYork-87d9,20,84,Normal
2026-04-28 12:31:04.355826,NewYork-87d9,-22,0,Normal
2026-04-28 12:31:05.355826,NewYork-87d9,24,69,Normal
2026-04-28 12:31:06.355826,NewYork-87d9,43,83,Normal
2026-04-28 12:31:07.355826,NewYork-87d9,37,27,Normal
2026-04-28 12:31:08.355826,NewYork-87d9,16,39,Normal
2026-04-28 12:31:09.355826,NewYork-87d9,-15,3,Normal
2026-04-28 12:31:10.355826,NewYork-87d9,-16,22,Normal
2026-04-28 12:31:11.355826,NewYork-87d9,23,50,Normal
2026-04-28 12:31:12.355826,NewYork-87d9,9,65,Normal
2026-04-28 12:31:13.355826,NewYork-87d9,-15,89,Normal
2026-04-28 12:31:14.355826,NewYork-87d9,7,90,Normal
2026-04-28 12:31:15.355826,NewYork-87d9,25,99,Normal
2026-04-28 12:31:16.355826,NewYork-87d9,7,85,Normal
2026-04-28 12:31:17.355826,NewYork-87d9,0,33,Normal
2026-04-28 12:31:18.355826,NewYork-87d9,-20,8,Normal
2026-04-28 12:31:19.355826,NewYork-87d9,-28,39,Normal
2026-04-28 12:31:20.355826,NewYork-87d9,-4,63,Normal
2026-04-28 12:31:21.355826,NewYork-87d9,16,47,Normal
2026-04-28 12:31:22.355826,NewYork-87d9,40,17,Normal
2026-04-28 12:31:23.355826,NewYork-87d9,34,11,Normal
2026-04-28 12:31:24.355826,NewYork-87d9,34,22,Normal
2026-04-28 12:31:25.355826,NewYork-87d9,22,24,Normal
2026-04-28 12:31:26.355826,NewYork-87d9,0,50,Normal
2026-04-28 12:31:27.355826,NewYork-87d9,31,60,Normal
2026-04-28 12:31:28.355826,NewYork-87d9,28,25,Normal
2026-04-28 12:31:29.355826,NewYork-87d9,-14,57,Normal
2026-04-28 12:31:30.355826,NewYork-87d9,37,46,Normal
2026-04-28 12:31:31.355826,NewYork-87d9,45,94,Normal
2026-04-28 12:31:32.355826,NewYork-87d9,24,93,Normal
2026-04-28 12:31:33.355826,NewYork-87d9,21,27,Normal
2026-04-28 12:31:34.355826,NewYork-87d9,38,71,Normal
2026-04-28 12:31:35.355826,NewYork-87d9,-1,8,Normal
2026-04-28 12:31:36.355826,NewYork-87d9,-11,64,Normal
2026-04-28 12:31:37.355826,NewYork-87d9,10,11,Normal
2026-04-28 12:31:38.355826,NewYork-87d9,-29,83,Normal
2026-04-28 12:31:39.355826,NewYork-87d9,-4,30,Normal
2026-04-28 12:31:40.355826,NewYork-87d9,31,38,Normal
2026-04-28 12:31:41.355826,NewYork-87d9,37,3,Normal
2026-04-28 12:31:42.355826,NewYork-87d9,41,94,Normal
2026-04-28 12:31:43.355826,NewYork-87d9,-30,43,Normal
2026-04-28 12:31:44.355826,NewYork-87d9,42,47,Normal
2026-04-28 12:31:45.355826,NewYork-87d9,-25,33,Normal
2026-04-28 12:31:46.355826,NewYork-87d9,-21,41,Normal
2026-04-28 12:31:47.355826,NewYork-87d9,29,91,Normal
2026-04-28 12:31:48.355826,NewYork-87d9,-24,84,Normal
2026-04-28 12:31:49.355826,NewYork-87d9,-20,84,Normal
2026-04-28 12:31:50.355826,NewYork-87d9,49,17,Normal
2026-04-28 12:31:51.355826,NewYork-87d9,7,43,Normal
2026-04-28 12:31:52.355826,NewYork-87d9,-16,99,Normal
2026-04-28 12:31:53.355826,NewYork-87d9,-23,53,Normal
2026-04-28 12:31:54.355826,NewYork-87d9,-3,62,Normal
2026-04-28 12:31:55.355826,NewYork-87d9,-7,4,Normal
2026-04-28 12:31:56.355826,NewYork-87d9,33,51,Normal
2026-04-28 12:31:57.355826,NewYork-87d9,-8,98,Normal
2026-04-28 12:31:58.355826,NewYork-87d9,39,28,Normal
2026-04-28 12:31:59.355826,NewYork-87d9,12,0,Normal
2026-04-28 12:32:00.355826,NewYork-87d9,12,28,Normal
2026-04-28 12:32:01.355826,NewYork-87d9,16,81,Normal
2026-04-28 12:32:02.355826,NewYork-87d9,17,64,Normal
2026-04-28 12:32:03.355826,NewYork-87d9,30,61,Normal
2026-04-28 12:32:04.355826,NewYork-87d9,39,89,Normal
2026-04-28 12:32:05.355826,NewYork-87d9,32,86,Normal
2026-04-28 12:32:06.355826,NewYork-87d9,25,38,Normal
2026-04-28 12:32:07.355826,NewYork-87d9,26,30,Normal
2026-04-28 12:32:08.355826,NewYork-87d9,-5,23,Normal
2026-04-28 12:32:09.355826,NewYork-87d9,30,70,Normal
2026-04-28 12:32:10.355826,NewYork-87d9,36,51,Normal
2026-04-28 12:32:11.355826,NewYork-87d9,13,6,Normal
2026-04-28 12:32:12.355826,NewYork-87d9,-28,14,Normal
2026-04-28 12:32:13.355826,NewYork-87d9,23,39,Normal
2026-04-28 12:32:14.355826,NewYork-87d9,22,79,Normal
2026-04-28 12:32:15.355826,NewYork-87d9,-15,15,Normal
2026-04-28 12:32:16.355826,NewYork-87d9,45,27,Normal
2026-04-28 12:32:17.355826,NewYork-87d9,19,66,Normal
2026-04-28 12:32:18.355826,NewYork-87d9,36,39,Normal
2026-04-28 12:32:19.355826,NewYork-87d9,37,59,Normal
2026-04-28 12:32:20.355826,NewYork-87d9,-23,58,Normal
2026-04-28 12:32:21.355826,NewYork-87d9,-1,16,Normal
2026-04-28 12:32:22.355826,NewYork-87d9,-19,28,Normal
2026-04-28 12:32:23.355826,NewYork-87d9,11,86,Normal
2026-04-28 12:32:24.355826,NewYork-87d9,23,83,Normal
2026-04-28 12:32:25.355826,NewYork-87d9,41,15,Normal
2026-04-28 12:32:26.355826,NewYork-87d9,35,19,Normal
2026-04-28 12:32:27.355826,NewYork-87d9,24,98,Normal
2026-04-28 12:32:28.355826,NewYork-87d9,-10,10,Normal
2026-04-28 12:32:29.355826,NewYork-87d9,7,30,Normal
2026-04-28 12:32:30.355826,NewYork-87d9,17,65,Normal
2026-04-28 12:32:31.355826,NewYork-87d9,44,40,Normal
2026-04-28 12:32:32.355826,NewYork-87d9,-8,57,Normal
2026-04-28 12:32:33.355826,NewYork-87d9,24,48,Normal
2026-04-28 12:32:34.355826,NewYork-87d9,-28,30,Normal
2026-04-28 12:32:35.355826,NewYork-87d9,-20,40,Normal
2026-04-28 12:32:36.355826,NewYork-87d9,27,2,Normal
2026-04-28 12:32:37.355826,NewYork-87d9,7,31,Normal
2026-04-28 12:32:38.355826,NewYork-87d9,36,42,Normal
2026-04-28 12:32:39.355826,NewYork-87d9,32,15,Normal
2026-04-28 12:32:40.355826,NewYork-87d9,9,46,Normal
2026-04-28 12:32:41.355826,NewYork-87d9,13,63,Normal
2026-04-28 12:32:42.355826,NewYork-87d9,1,83,Normal
2026-04-28 12:32:43.355826,NewYork-87d9,-10,20,Normal
2026-04-28 12:32:44.355826,NewYork-87d9,49,22,Normal
2026-04-28 12:32:45.355826,NewYork-87d9,-15,64,Normal
2026-04-28 12:32:46.355826,NewYork-87d9,2,58,Normal
2026-04-28 12:32:47.355826,NewYork-87d9,49,8,Normal
2026-04-28 12:32:48.355826,NewYork-87d9,-6,19,Normal
2026-04-28 12:32:49.355826,NewYork-87d9,39,78,Normal
2026-04-28 12:32:50.355826,NewYork-87d9,44,2,Normal
2026-04-28 12:32:51.355826,NewYork-87d9,-21,3,Normal
2026-04-28 12:32:52.355826,NewYork-87d9,-15,72,Normal
2026-04-28 12:32:53.355826,NewYork-87d9,-21,55,Normal
2026-04-28 12:32:54.355826,NewYork-87d9,-8,39,Normal
2026-04-28 12:32:55.355826,NewYork-87d9,-15,77,Normal
2026-04-28 12:32:56.355826,NewYork-87d9,16,84,Normal
2026-04-28 12:32:57.355826,NewYork-87d9,-28,31,Normal
2026-04-28 12:32:58.355826,NewYork-87d9,-11,71,Normal
2026-04-28 12:32:59.355826,NewYork-87d9,31,89,Normal
2026-04-28 12:33:00.355826,NewYork-87d9,-15,31,Normal
2026-04-28 12:33:01.355826,NewYork-87d9,25,55,Normal
2026-04-28 12:33:02.355826,NewYork-87d9,32,47,Normal
2026-04-28 12:33:03.355826,NewYork-87d9,-18,100,Normal
2026-04-28 12:33:04.355826,NewYork-87d9,42,74,Normal
2026-04-28 12:33:05.355826,NewYork-87d9,32,68,Normal
2026-04-28 12:33:06.355826,NewYork-87d9,19,67,Normal
2026-04-28 12:33:07.355826,NewYork-87d9,-30,69,Normal
2026-04-28 12:33:08.355826,NewYork-87d9,37,80,Normal
2026-04-28 12:33:09.355826,NewYork-87d9,-4,63,Normal
2026-04-28 12:33:10.355826,NewYork-87d9,24,31,Normal
2026-04-28 12:33:11.355826,NewYork-87d9,-13,6,Normal
2026-04-28 12:33:12.355826,NewYork-87d9,8,96,Normal
2026-04-28 12:33:13.355826,NewYork-87d9,12,38,Normal
2026-04-28 12:33:14.355826,NewYork-87d9,42,59,Normal
2026-04-28 12:33:15.355826,NewYork-87d9,43,98,Normal
2026-04-28 12:33:16.355826,NewYork-87d9,44,18,Normal
2026-04-28 12:33:17.355826,NewYork-87d9,10,62,Normal
2026-04-28 12:33:18.355826,NewYork-87d9,47,81,Normal
2026-04-28 12:33:19.355826,NewYork-87d9,20,39,Normal
2026-04-28 12:33:20.355826,NewYork-87d9,-3,88,Normal
2026-04-28 12:33:21.355826,NewYork-87d9,6,4,Normal
2026-04-28 12:33:22.355826,NewYork-87d9,50,35,Normal
2026-04-28 12:33:23.355826,NewYork-87d9,-28,29,Normal
2026-04-28 12:33:24.355826,NewYork-87d9,-13,58,Normal
2026-04-28 12:33:25.355826,NewYork-87d9,49,73,Normal
2026-04-28 12:33:26.355826,NewYork-87d9,29,10,Normal
2026-04-28 12:33:27.355826,NewYork-87d9,-21,87,Normal
2026-04-28 12:33:28.355826,NewYork-87d9,36,48,Normal
2026-04-28 12:33:29.355826,NewYork-87d9,48,93,Normal
2026-04-28 12:33:30.355826,NewYork-87d9,15,3,Normal
2026-04-28 12:33:31.355826,NewYork-87d9,-3,7,Normal
2026-04-28 12:33:32.355826,NewYork-87d9,11,90,Normal
2026-04-28 12:33:33.355826,NewYork-87d9,18,4,Normal
2026-04-28 12:33:34.355826,NewYork-87d9,-7,74,Normal
2026-04-28 12:33:35.355826,NewYork-87d9,-30,13,Normal
2026-04-28 12:33:36.355826,NewYork-87d9,-27,94,Normal
2026-04-28 12:33:37.355826,NewYork-87d9,41,48,Normal
2026-04-28 12:33:38.355826,NewYork-87d9,-22,23,Normal
2026-04-28 12:33:39.355826,NewYork-87d9,35,26,Normal
2026-04-28 12:33:40.355826,NewYork-87d9,20,50,Normal
2026-04-28 12:33:41.355826,NewYork-87d9,37,60,Normal
2026-04-28 12:33:42.355826,NewYork-87d9,7,47,Normal
2026-04-28 12:33:43.355826,NewYork-87d9,-14,24,Normal
2026-04-28 12:33:44.355826,NewYork-87d9,28,79,Normal
2026-04-28 12:33:45.355826,NewYork-87d9,5,87,Normal
2026-04-28 12:33:46.355826,NewYork-87d9,29,97,Normal
2026-04-28 12:33:47.355826,NewYork-87d9,-27,38,Normal
2026-04-28 12:33:48.355826,NewYork-87d9,-16,98,Normal
2026-04-28 12:33:49.355826,NewYork-87d9,27,74,Normal
2026-04-28 12:33:50.355826,NewYork-87d9,32,14,Normal
2026-04-28 12:33:51.355826,NewYork-87d9,-13,74,Normal
2026-04-28 12:33:52.355826,NewYork-87d9,15,3,Normal
2026-04-28 12:33:53.355826,NewYork-87d9,2,83,Normal
2026-04-28 12:33:54.355826,NewYork-87d9,-16,50,Normal
2026-04-28 12:33:55.355826,NewYork-87d9,40,45,Normal
2026-04-28 12:33:56.355826,NewYork-87d9,44,28,Normal
2026-04-28 12:33:57.355826,NewYork-87d9,33,4,Normal
2026-04-28 12:33:58.355826,NewYork-87d9,40,90,Normal
2026-04-28 12:33:59.355826,NewYork-87d9,-28,78,Normal
2026-04-28 12:34:00.355826,NewYork-87d9,34,72,Normal
2026-04-28 12:34:01.355826,NewYork-87d9,-28,30,Normal
2026-04-28 12:34:02.355826,NewYork-87d9,-5,89,Normal
2026-04-28 12:34:03.355826,NewYork-87d9,-29,47,Normal
2026-04-28 12:34:04.355826,NewYork-87d9,29,66,Normal
2026-04-28 12:34:05.355826,NewYork-87d9,1,55,Normal
2026-04-28 12:34:06.355826,NewYork-87d9,-1,32,Normal
2026-04-28 12:34:07.355826,NewYork-87d9,39,20,Normal
2026-04-28 12:34:08.355826,NewYork-87d9,48,54,Normal
2026-04-28 12:34:09.355826,NewYork-87d9,35,29,Normal
2026-04-28 12:34:10.355826,NewYork-87d9,-12,55,Normal
2026-04-28 12:34:11.355826,NewYork-87d9,-28,54,Normal
2026-04-28 12:34:12.355826,NewYork-87d9,-7,82,Normal
2026-04-28 12:34:13.355826,NewYork-87d9,-20,94,Normal
2026-04-28 12:34:14.355826,NewYork-87d9,5,1,Normal
2026-04-28 12:34:15.355826,NewYork-87d9,-11,51,Normal
2026-04-28 12:34:16.355826,NewYork-87d9,-14,6,Normal
2026-04-28 12:34:17.355826,NewYork-87d9,19,82,Normal
2026-04-28 12:34:18.355826,NewYork-87d9,-24,3,Normal
2026-04-28 12:34:19.355826,NewYork-87d9,20,1,Normal
2026-04-28 12:34:20.355826,NewYork-87d9,36,5,Normal
2026-04-28 12:34:21.355826,NewYork-87d9,-23,97,Normal
2026-04-28 12:34:22.355826,NewYork-87d9,7,13,Normal
2026-04-28 12:34:23.355826,NewYork-87d9,32,73,Normal
2026-04-28 12:34:24.355826,NewYork-87d9,-24,0,Normal
2026-04-28 12:34:25.355826,NewYork-87d9,44,39,Normal
2026-04-28 12:34:26.355826,NewYork-87d9,-1,93,Normal
2026-04-28 12:34:27.355826,NewYork-87d9,-28,70,Normal
2026-04-28 12:34:28.355826,NewYork-87d9,36,79,Normal
2026-04-28 12:34:29.355826,NewYork-87d9,-22,37,Normal
2026-04-28 12:34:30.355826,NewYork-87d9,37,7,Normal
2026-04-28 12:34:31.355826,NewYork-87d9,38,56,Normal
2026-04-28 12:34:32.355826,NewYork-87d9,37,69,Normal
2026-04-28 12:34:33.355826,NewYork-87d9,-25,65,Normal
2026-04-28 12:34:34.355826,NewYork-87d9,-23,76,Normal
2026-04-28 12:34:35.355826,NewYork-87d9,-11,61,Normal
2026-04-28 12:34:36.355826,NewYork-87d9,46,39,Normal
2026-04-28 12:34:37.355826,NewYork-87d9,41,83,Normal
2026-04-28 12:34:38.355826,NewYork-87d9,47,81,Normal
2026-04-28 12:34:39.355826,NewYork-87d9,-16,42,Normal
2026-04-28 12:34:40.355826,NewYork-87d9,44,31,Normal
2026-04-28 12:34:41.355826,NewYork-87d9,9,52,Normal
2026-04-28 12:34:42.355826,NewYork-87d9,-22,58,Normal
2026-04-28 12:34:43.355826,NewYork-87d9,4,29,Normal
2026-04-28 12:34:44.355826,NewYork-87d9,33,45,Normal
2026-04-28 12:34:45.355826,NewYork-87d9,-24,78,Normal
2026-04-28 12:34:46.355826,NewYork-87d9,-26,4,Normal
2026-04-28 12:34:47.355826,NewYork-87d9,17,61,Normal
2026-04-28 12:34:48.355826,NewYork-87d9,-15,45,Normal
2026-04-28 12:34:49.355826,NewYork-87d9,44,69,Normal
2026-04-28 12:34:50.355826,NewYork-87d9,42,48,Normal
2026-04-28 12:34:51.355826,NewYork-87d9,-3,90,Normal
2026-04-28 12:34:52.355826,NewYork-87d9,27,56,Normal
2026-04-28 12:34:53.355826,NewYork-87d9,18,69,Normal
2026-04-28 12:34:54.355826,NewYork-87d9,-20,5,Normal
2026-04-28 12:34:55.355826,NewYork-87d9,-21,22,Normal
2026-04-28 12:34:56.355826,NewYork-87d9,-27,89,Normal
2026-04-28 12:34:57.355826,NewYork-87d9,14,45,Normal
2026-04-28 12:34:58.355826,NewYork-87d9,-18,20,Normal
2026-04-28 12:34:59.355826,NewYork-87d9,-30,66,Normal
2026-04-28 12:35:00.355826,NewYork-87d9,-11,89,Normal
2026-04-28 12:35:01.355826,NewYork-87d9,49,27,Normal
2026-04-28 12:35:02.355826,NewYork-87d9,-19,91,Normal
2026-04-28 12:35:03.355826,NewYork-87d9,-8,60,Normal
2026-04-28 12:35:04.355826,NewYork-87d9,-30,51,Normal
2026-04-28 12:35:05.355826,NewYork-87d9,20,16,Normal
2026-04-28 12:35:06.355826,NewYork-87d9,16,64,Normal
2026-04-28 12:35:07.355826,NewYork-87d9,36,55,Normal
2026-04-28 12:35:08.355826,NewYork-87d9,17,45,Normal
2026-04-28 12:35:09.355826,NewYork-87d9,-4,99,Normal
2026-04-28 12:35:10.355826,NewYork-87d9,25,10,Normal
2026-04-28 12:35:11.355826,NewYork-87d9,19,13,Normal
2026-04-28 12:35:12.355826,NewYork-87d9,39,39,Normal
2026-04-28 12:35:13.355826,NewYork-87d9,-4,47,Normal
2026-04-28 12:35:14.355826,NewYork-87d9,19,37,Normal
2026-04-28 12:35:15.355826,NewYork-87d9,4,5,Normal
2026-04-28 12:35:16.355826,NewYork-87d9,6,32,Normal
2026-04-28 12:35:17.355826,NewYork-87d9,20,82,Normal
2026-04-28 12:35:18.355826,NewYork-87d9,44,3,Normal
2026-04-28 12:35:19.355826,NewYork-87d9,3,86,Normal
2026-04-28 12:35:20.355826,NewYork-87d9,19,12,Normal
2026-04-28 12:35:21.355826,NewYork-87d9,4,14,Normal
2026-04-28 12:35:22.355826,NewYork-87d9,48,76,Normal
2026-04-28 12:35:23.355826,NewYork-87d9,45,93,Normal
2026-04-28 12:35:24.355826,NewYork-87d9,5,61,Normal
2026-04-28 12:35:25.355826,NewYork-87d9,30,95,Normal
2026-04-28 12:35:26.355826,NewYork-87d9,7,95,Normal
2026-04-28 12:35:27.355826,NewYork-87d9,-8,53,Normal
2026-04-28 12:35:28.355826,NewYork-87d9,26,29,Normal
2026-04-28 12:35:29.355826,NewYork-87d9,11,24,Normal
2026-04-28 12:35:30.355826,NewYork-87d9,-17,85,Normal
2026-04-28 12:35:31.355826,NewYork-87d9,4,55,Normal
2026-04-28 12:35:32.355826,NewYork-87d9,42,26,Normal
2026-04-28 12:35:33.355826,NewYork-87d9,44,2,Normal
2026-04-28 12:35:34.355826,NewYork-87d9,-30,65,Normal
2026-04-28 12:35:35.355826,NewYork-87d9,-6,19,Normal
2026-04-28 12:35:36.355826,NewYork-87d9,-5,10,Normal
2026-04-28 12:35:37.355826,NewYork-87d9,47,55,Normal
2026-04-28 12:35:38.355826,NewYork-87d9,-19,37,Normal
2026-04-28 12:35:39.355826,NewYork-87d9,28,2,Normal
2026-04-28 12:35:40.355826,NewYork-87d9,-16,81,Normal
2026-04-28 12:35:41.355826,NewYork-87d9,-30,5,Normal
2026-04-28 12:35:42.355826,NewYork-87d9,11,44,Normal
2026-04-28 12:35:43.355826,NewYork-87d9,-5,23,Normal
2026-04-28 12:35:44.355826,NewYork-87d9,29,8,Normal
2026-04-28 12:35:45.355826,NewYork-87d9,-17,86,Normal
2026-04-28 12:35:46.355826,NewYork-87d9,28,49,Normal
2026-04-28 12:35:47.355826,NewYork-87d9,22,4,Normal
2026-04-28 12:35:48.355826,NewYork-87d9,-9,25,Normal
2026-04-28 12:35:49.355826,NewYork-87d9,28,1,Normal
2026-04-28 12:35:50.355826,NewYork-87d9,-17,78,Normal
2026-04-28 12:35:51.355826,NewYork-87d9,16,39,Normal
2026-04-28 12:35:52.355826,NewYork-87d9,46,34,Normal
2026-04-28 12:35:53.355826,NewYork-87d9,24,53,Normal
2026-04-28 12:35:54.355826,NewYork-87d9,-30,8,Normal
2026-04-28 12:35:55.355826,NewYork-87d9,42,20,Normal
2026-04-28 12:35:56.355826,NewYork-87d9,-20,71,Normal
2026-04-28 12:35:57.355826,NewYork-87d9,28,5,Normal
2026-04-28 12:35:58.355826,NewYork-87d9,-14,55,Normal
2026-04-28 12:35:59.355826,NewYork-87d9,-14,12,Normal
2026-04-28 12:36:00.355826,NewYork-87d9,25,90,Normal
2026-04-28 12:36:01.355826,NewYork-87d9,34,72,Normal
2026-04-28 12:36:02.355826,NewYork-87d9,12,79,Normal
2026-04-28 12:36:03.355826,NewYork-87d9,-28,46,Normal
2026-04-28 12:36:04.355826,NewYork-87d9,8,98,Normal
2026-04-28 12:36:05.355826,NewYork-87d9,46,74,Normal
2026-04-28 12:36:06.355826,NewYork-87d9,-11,2,Normal
2026-04-28 12:36:07.355826,NewYork-87d9,9,12,Normal
2026-04-28 12:36:08.355826,NewYork-87d9,-12,59,Normal
2026-04-28 12:36:09.355826,NewYork-87d9,42,72,Normal
2026-04-28 12:36:10.355826,NewYork-87d9,-13,45,Normal
2026-04-28 12:36:11.355826,NewYork-87d9,46,35,Normal
2026-04-28 12:36:12.355826,NewYork-87d9,34,39,Normal
2026-04-28 12:36:13.355826,NewYork-87d9,11,77,Normal
2026-04-28 12:36:14.355826,NewYork-87d9,34,48,Normal
2026-04-28 12:36:15.355826,NewYork-87d9,-4,9,Normal
2026-04-28 12:36:16.355826,NewYork-87d9,-9,81,Normal
2026-04-28 12:36:17.355826,NewYork-87d9,0,36,Normal
2026-04-28 12:36:18.355826,NewYork-87d9,-9,100,Normal
2026-04-28 12:36:19.355826,NewYork-87d9,-18,55,Normal
2026-04-28 12:36:20.355826,NewYork-87d9,-7,58,Normal
2026-04-28 12:36:21.355826,NewYork-87d9,-3,1,Normal
2026-04-28 12:36:22.355826,NewYork-87d9,4,80,Normal
2026-04-28 12:36:23.355826,NewYork-87d9,44,45,Normal
2026-04-28 12:36:24.355826,NewYork-87d9,39,7,Normal
2026-04-28 12:36:25.355826,NewYork-87d9,26,54,Normal
2026-04-28 12:36:26.355826,NewYork-87d9,9,83,Normal
2026-04-28 12:36:27.355826,NewYork-87d9,1,86,Normal
2026-04-28 12:36:28.355826,NewYork-87d9,31,19,Normal
2026-04-28 12:36:29.355826,NewYork-87d9,36,59,Normal
2026-04-28 12:36:30.355826,NewYork-87d9,45,61,Normal
2026-04-28 12:36:31.355826,NewYork-87d9,24,12,Normal
2026-04-28 12:36:32.355826,NewYork-87d9,-27,53,Normal
2026-04-28 12:36:33.355826,NewYork-87d9,-30,13,Normal
2026-04-28 12:36:34.355826,NewYork-87d9,23,28,Normal
2026-04-28 12:36:35.355826,NewYork-87d9,44,78,Normal
2026-04-28 12:36:36.355826,NewYork-87d9,46,69,Normal
2026-04-28 12:36:37.355826,NewYork-87d9,-22,86,Normal
2026-04-28 12:36:38.355826,NewYork-87d9,-14,77,Normal
2026-04-28 12:36:39.355826,NewYork-87d9,-27,38,Normal
2026-04-28 12:36:40.355826,NewYork-87d9,29,45,Normal
2026-04-28 12:36:41.355826,NewYork-87d9,-3,98,Normal
2026-04-28 12:36:42.355826,NewYork-87d9,-26,17,Normal
2026-04-28 12:36:43.355826,NewYork-87d9,36,43,Normal
2026-04-28 12:36:44.355826,NewYork-87d9,16,40,Normal
2026-04-28 12:36:45.355826,NewYork-87d9,-4,70,Normal
2026-04-28 12:36:46.355826,NewYork-87d9,40,45,Normal
2026-04-28 12:36:47.355826,NewYork-87d9,-3,1,Normal
2026-04-28 12:36:48.355826,NewYork-87d9,46,21,Normal
2026-04-28 12:36:49.355826,NewYork-87d9,8,20,Normal
2026-04-28 12:36:50.355826,NewYork-87d9,23,50,Normal
2026-04-28 12:36:51.355826,NewYork-87d9,41,23,Normal
2026-04-28 12:36:52.355826,NewYork-87d9,23,67,Normal
2026-04-28 12:36:53.355826,NewYork-87d9,-8,85,Normal
2026-04-28 12:36:54.355826,NewYork-87d9,26,48,Normal
2026-04-28 12:36:55.355826,NewYork-87d9,47,94,Normal
2026-04-28 12:36:56.355826,NewYork-87d9,-16,89,Normal
2026-04-28 12:36:57.355826,NewYork-87d9,-2,66,Normal
2026-04-28 12:36:58.355826,NewYork-87d9,-22,10,Normal
2026-04-28 12:36:59.355826,NewYork-87d9,39,81,Normal
2026-04-28 12:37:00.355826,NewYork-87d9,-25,0,Normal
2026-04-28 12:37:01.355826,NewYork-87d9,-16,80,Normal
2026-04-28 12:37:02.355826,NewYork-87d9,-22,31,Normal
2026-04-28 12:37:03.355826,NewYork-87d9,-23,32,Normal
2026-04-28 12:37:04.355826,NewYork-87d9,33,4,Normal
2026-04-28 12:37:05.355826,NewYork-87d9,-5,33,Normal
2026-04-28 12:37:06.355826,NewYork-87d9,48,75,Normal
2026-04-28 12:37:07.355826,NewYork-87d9,-18,4,Normal
2026-04-28 12:37:08.355826,NewYork-87d9,-9,32,Normal
2026-04-28 12:37:09.355826,NewYork-87d9,-29,91,Normal
2026-04-28 12:37:10.355826,NewYork-87d9,-8,39,Normal
2026-04-28 12:37:11.355826,NewYork-87d9,11,24,Normal
2026-04-28 12:37:12.355826,NewYork-87d9,-23,30,Normal
2026-04-28 12:37:13.355826,NewYork-87d9,-7,93,Normal
2026-04-28 12:37:14.355826,NewYork-87d9,34,23,Normal
2026-04-28 12:37:15.355826,NewYork-87d9,33,71,Normal
2026-04-28 12:37:16.355826,NewYork-87d9,-3,62,Normal
2026-04-28 12:37:17.355826,NewYork-87d9,-28,37,Normal
2026-04-28 12:37:18.355826,NewYork-87d9,40,43,Normal
2026-04-28 12:37:19.355826,NewYork-87d9,-8,84,Normal
2026-04-28 12:37:20.355826,NewYork-87d9,-10,87,Normal
2026-04-28 12:37:21.355826,NewYork-87d9,22,72,Normal
2026-04-28 12:37:22.355826,NewYork-87d9,24,22,Normal
2026-04-28 12:37:23.355826,NewYork-87d9,-27,35,Normal
2026-04-28 12:37:24.355826,NewYork-87d9,-4,100,Normal
2026-04-28 12:37:25.355826,NewYork-87d9,7,71,Normal
2026-04-28 12:37:26.355826,NewYork-87d9,30,11,Normal
2026-04-28 12:37:27.355826,NewYork-87d9,5,90,Normal
2026-04-28 12:37:28.355826,NewYork-87d9,12,61,Normal
2026-04-28 12:37:29.355826,NewYork-87d9,34,41,Normal
2026-04-28 12:37:30.355826,NewYork-87d9,-9,35,Normal
2026-04-28 12:37:31.355826,NewYork-87d9,-17,79,Normal
2026-04-28 12:37:32.355826,NewYork-87d9,-14,34,Normal
2026-04-28 12:37:33.355826,NewYork-87d9,30,99,Normal
2026-04-28 12:37:34.355826,NewYork-87d9,-24,87,Normal
2026-04-28 12:37:35.355826,NewYork-87d9,33,94,Normal
2026-04-28 12:37:36.355826,NewYork-87d9,-24,90,Normal
2026-04-28 12:37:37.355826,NewYork-87d9,8,25,Normal
2026-04-28 12:37:38.355826,NewYork-87d9,-12,31,Normal
2026-04-28 12:37:39.355826,NewYork-87d9,4,20,Normal
2026-04-28 12:37:40.355826,NewYork-87d9,-20,95,Normal
2026-04-28 12:37:41.355826,NewYork-87d9,31,32,Normal
2026-04-28 12:37:42.355826,NewYork-87d9,-16,58,Normal
2026-04-28 12:37:43.355826,NewYork-87d9,10,76,Normal
2026-04-28 12:37:44.355826,NewYork-87d9,-1,99,Normal
2026-04-28 12:37:45.355826,NewYork-87d9,-10,67,Normal
2026-04-28 12:37:46.355826,NewYork-87d9,16,79,Normal
2026-04-28 12:37:47.355826,NewYork-87d9,42,88,Normal
2026-04-28 12:37:48.355826,NewYork-87d9,22,71,Normal
2026-04-28 12:37:49.355826,NewYork-87d9,42,58,Normal
2026-04-28 12:37:50.355826,NewYork-87d9,29,86,Normal
2026-04-28 12:37:51.355826,NewYork-87d9,6,13,Normal
2026-04-28 12:37:52.355826,NewYork-87d9,35,31,Normal
2026-04-28 12:37:53.355826,NewYork-87d9,39,39,Normal
2026-04-28 12:37:54.355826,NewYork-87d9,41,56,Normal
2026-04-28 12:37:55.355826,NewYork-87d9,11,56,Normal
2026-04-28 12:37:56.355826,NewYork-87d9,-9,6,Normal
2026-04-28 12:37:57.355826,NewYork-87d9,22,69,Normal
2026-04-28 12:37:58.355826,NewYork-87d9,6,26,Normal
2026-04-28 12:37:59.355826,NewYork-87d9,7,46,Normal
2026-04-28 12:38:00.355826,NewYork-87d9,-17,95,Normal
2026-04-28 12:38:01.355826,NewYork-87d9,-13,21,Normal
2026-04-28 12:38:02.355826,NewYork-87d9,-19,75,Normal
2026-04-28 12:38:03.355826,NewYork-87d9,28,61,Normal
2026-04-28 12:38:04.355826,NewYork-87d9,-16,61,Normal
2026-04-28 12:38:05.355826,NewYork-87d9,-28,9,Normal
2026-04-28 12:38:06.355826,NewYork-87d9,35,65,Normal
2026-04-28 12:38:07.355826,NewYork-87d9,50,58,Normal
2026-04-28 12:38:08.355826,NewYork-87d9,30,85,Normal
2026-04-28 12:38:09.355826,NewYork-87d9,-18,69,Normal
2026-04-28 12:38:10.355826,NewYork-87d9,29,21,Normal
2026-04-28 12:38:11.355826,NewYork-87d9,24,14,Normal
2026-04-28 12:38:12.355826,NewYork-87d9,50,66,Normal
2026-04-28 12:38:13.355826,NewYork-87d9,12,18,Normal
2026-04-28 12:38:14.355826,NewYork-87d9,-10,29,Normal
2026-04-28 12:38:15.355826,NewYork-87d9,0,19,Normal
2026-04-28 12:38:16.355826,NewYork-87d9,47,54,Normal
2026-04-28 12:38:17.355826,NewYork-87d9,-7,10,Normal
2026-04-28 12:38:18.355826,NewYork-87d9,34,100,Normal
2026-04-28 12:38:19.355826,NewYork-87d9,1,9,Normal
2026-04-28 12:38:20.355826,NewYork-87d9,39,86,Normal
2026-04-28 12:38:21.355826,NewYork-87d9,-29,43,Normal
2026-04-28 12:38:22.355826,NewYork-87d9,23,60,Normal
2026-04-28 12:38:23.355826,NewYork-87d9,37,3,Normal
2026-04-28 12:38:24.355826,NewYork-87d9,15,60,Normal
2026-04-28 12:38:25.355826,NewYork-87d9,-20,47,Normal
2026-04-28 12:38:26.355826,NewYork-87d9,19,31,Normal
2026-04-28 12:38:27.355826,NewYork-87d9,-17,63,Normal
2026-04-28 12:38:28.355826,NewYork-87d9,-7,65,Normal
2026-04-28 12:38:29.355826,NewYork-87d9,15,12,Normal
2026-04-28 12:38:30.355826,NewYork-87d9,32,90,Normal
2026-04-28 12:38:31.355826,NewYork-87d9,-29,46,Normal
2026-04-28 12:38:32.355826,NewYork-87d9,41,70,Normal
2026-04-28 12:38:33.355826,NewYork-87d9,44,7,Normal
2026-04-28 12:38:34.355826,NewYork-87d9,-3,19,Normal
2026-04-28 12:38:35.355826,NewYork-87d9,11,8,Normal
2026-04-28 12:38:36.355826,NewYork-87d9,-27,85,Normal
2026-04-28 12:38:37.355826,NewYork-87d9,6,60,Normal
2026-04-28 12:38:38.355826,NewYork-87d9,-15,40,Normal
2026-04-28 12:38:39.355826,NewYork-87d9,-5,23,Normal
2026-04-28 12:38:40.355826,NewYork-87d9,19,30,Normal
2026-04-28 12:38:41.355826,NewYork-87d9,18,82,Normal
2026-04-28 12:38:42.355826,NewYork-87d9,-29,52,Normal
2026-04-28 12:38:43.355826,NewYork-87d9,-5,75,Normal
2026-04-28 12:38:44.355826,NewYork-87d9,-14,25,Normal
2026-04-28 12:38:45.355826,NewYork-87d9,40,92,Normal
2026-04-28 12:38:46.355826,NewYork-87d9,0,83,Normal
2026-04-28 12:38:47.355826,NewYork-87d9,40,67,Normal
2026-04-28 12:38:48.355826,NewYork-87d9,3,87,Normal
2026-04-28 12:38:49.355826,NewYork-87d9,39,11,Normal
2026-04-28 12:38:50.355826,NewYork-87d9,49,82,Normal
2026-04-28 12:38:51.355826,NewYork-87d9,38,60,Normal
2026-04-28 12:38:52.355826,NewYork-87d9,18,13,Normal
2026-04-28 12:38:53.355826,NewYork-87d9,-23,97,Normal
2026-04-28 12:38:54.355826,NewYork-87d9,40,79,Normal
2026-04-28 12:38:55.355826,NewYork-87d9,13,31,Normal
2026-04-28 12:38:56.355826,NewYork-87d9,-16,6,Normal
2026-04-28 12:38:57.355826,NewYork-87d9,30,31,Normal
2026-04-28 12:38:58.355826,NewYork-87d9,-2,97,Normal
2026-04-28 12:38:59.355826,NewYork-87d9,43,58,Normal
2026-04-28 12:39:00.355826,NewYork-87d9,3,6,Normal
2026-04-28 12:39:01.355826,NewYork-87d9,12,15,Normal
2026-04-28 12:39:02.355826,NewYork-87d9,-13,48,Normal
2026-04-28 12:39:03.355826,NewYork-87d9,42,0,Normal
2026-04-28 12:39:04.355826,NewYork-87d9,1,57,Normal
2026-04-28 12:39:05.355826,NewYork-87d9,-24,23,Normal
2026-04-28 12:39:06.355826,NewYork-87d9,2,63,Normal
2026-04-28 12:39:07.355826,NewYork-87d9,31,73,Normal
2026-04-28 12:39:08.355826,NewYork-87d9,1,9,Normal
2026-04-28 12:39:09.355826,NewYork-87d9,2,76,Normal
2026-04-28 12:39:10.355826,NewYork-87d9,12,76,Normal
2026-04-28 12:39:11.355826,NewYork-87d9,40,50,Normal
2026-04-28 12:39:12.355826,NewYork-87d9,14,90,Normal
2026-04-28 12:39:13.355826,NewYork-87d9,11,81,Normal
2026-04-28 12:39:14.355826,NewYork-87d9,-5,92,Normal
2026-04-28 12:39:15.355826,NewYork-87d9,33,91,Normal
2026-04-28 12:39:16.355826,NewYork-87d9,-10,70,Normal
2026-04-28 12:39:17.355826,NewYork-87d9,29,74,Normal
2026-04-28 12:39:18.355826,NewYork-87d9,31,2,Normal
2026-04-28 12:39:19.355826,NewYork-87d9,30,33,Normal
2026-04-28 12:39:20.355826,NewYork-87d9,-24,54,Normal
2026-04-28 12:39:21.355826,NewYork-87d9,33,10,Normal
2026-04-28 12:39:22.355826,NewYork-87d9,-9,25,Normal
2026-04-28 12:39:23.355826,NewYork-87d9,-20,21,Normal
2026-04-28 12:39:24.355826,NewYork-87d9,26,92,Normal
2026-04-28 12:39:25.355826,NewYork-87d9,3,58,Normal
2026-04-28 12:39:26.355826,NewYork-87d9,42,32,Normal
2026-04-28 12:39:27.355826,NewYork-87d9,44,18,Normal
2026-04-28 12:39:28.355826,NewYork-87d9,24,8,Normal
2026-04-28 12:39:29.355826,NewYork-87d9,-26,72,Normal
2026-04-28 12:39:30.355826,NewYork-87d9,14,13,Normal
2026-04-28 12:39:31.355826,NewYork-87d9,-17,98,Normal
2026-04-28 12:39:32.355826,NewYork-87d9,19,41,Normal
2026-04-28 12:39:33.355826,NewYork-87d9,50,99,Normal
2026-04-28 12:39:34.355826,NewYork-87d9,-10,78,Normal
2026-04-28 12:39:35.355826,NewYork-87d9,34,4,Normal
2026-04-28 12:39:36.355826,NewYork-87d9,19,74,Normal
2026-04-28 12:39:37.355826,NewYork-87d9,-26,35,Normal
2026-04-28 12:39:38.355826,NewYork-87d9,48,94,Normal
2026-04-28 12:39:39.355826,NewYork-87d9,-22,73,Normal
2026-04-28 12:39:40.355826,NewYork-87d9,-8,25,Normal
2026-04-28 12:39:41.355826,NewYork-87d9,11,67,Normal
2026-04-28 12:39:42.355826,NewYork-87d9,28,48,Normal
2026-04-28 12:39:43.355826,NewYork-87d9,27,58,Normal
2026-04-28 12:39:44.355826,NewYork-87d9,-3,1,Normal
2026-04-28 12:39:45.355826,NewYork-87d9,29,88,Normal
2026-04-28 12:39:46.355826,NewYork-87d9,43,18,Normal
2026-04-28 12:39:47.355826,NewYork-87d9,-17,80,Normal
2026-04-28 12:39:48.355826,NewYork-87d9,34,41,Normal
2026-04-28 12:39:49.355826,NewYork-87d9,-26,6,Normal
2026-04-28 12:39:50.355826,NewYork-87d9,40,83,Normal
2026-04-28 12:39:51.355826,NewYork-87d9,-22,18,Normal
2026-04-28 12:39:52.355826,NewYork-87d9,20,26,Normal
2026-04-28 12:39:53.355826,NewYork-87d9,0,67,Normal
2026-04-28 12:39:54.355826,NewYork-87d9,13,60,Normal
2026-04-28 12:39:55.355826,NewYork-87d9,10,99,Normal
2026-04-28 12:39:56.355826,NewYork-87d9,50,60,Normal
2026-04-28 12:39:57.355826,NewYork-87d9,48,24,Normal
2026-04-28 12:39:58.355826,NewYork-87d9,15,23,Normal
2026-04-28 12:39:59.355826,NewYork-87d9,-3,82,Normal
2026-04-28 12:40:00.355826,NewYork-87d9,6,61,Normal
2026-04-28 12:40:01.355826,NewYork-87d9,34,85,Normal
2026-04-28 12:40:02.355826,NewYork-87d9,5,17,Normal
2026-04-28 12:40:03.355826,NewYork-87d9,47,34,Normal
2026-04-28 12:40:04.355826,NewYork-87d9,15,35,Normal
2026-04-28 12:40:05.355826,NewYork-87d9,-5,44,Normal
2026-04-28 12:40:06.355826,NewYork-87d9,49,4,Normal
2026-04-28 12:40:07.355826,NewYork-87d9,18,81,Normal
2026-04-28 12:40:08.355826,NewYork-87d9,27,83,Normal
2026-04-28 12:40:09.355826,NewYork-87d9,26,47,Normal
2026-04-28 12:40:10.355826,NewYork-87d9,-17,55,Normal
2026-04-28 12:40:11.355826,NewYork-87d9,19,10,Normal
2026-04-28 12:40:12.355826,NewYork-87d9,-28,72,Normal
2026-04-28 12:40:13.355826,NewYork-87d9,41,38,Normal
2026-04-28 12:40:14.355826,NewYork-87d9,-14,72,Normal
2026-04-28 12:40:15.355826,NewYork-87d9,11,24,Normal
2026-04-28 12:40:16.355826,NewYork-87d9,39,70,Normal
2026-04-28 12:40:17.355826,NewYork-87d9,-2,49,Normal
2026-04-28 12:40:18.355826,NewYork-87d9,-30,38,Normal
2026-04-28 12:40:19.355826,NewYork-87d9,-9,45,Normal
2026-04-28 12:40:20.355826,NewYork-87d9,0,68,Normal
2026-04-28 12:40:21.355826,NewYork-87d9,30,19,Normal
2026-04-28 12:40:22.355826,NewYork-87d9,21,29,Normal
2026-04-28 12:40:23.355826,NewYork-87d9,42,66,Normal
2026-04-28 12:40:24.355826,NewYork-87d9,46,92,Normal
2026-04-28 12:40:25.355826,NewYork-87d9,-16,12,Normal
2026-04-28 12:40:26.355826,NewYork-87d9,39,74,Normal
2026-04-28 12:40:27.355826,NewYork-87d9,-4,19,Normal
2026-04-28 12:40:28.355826,NewYork-87d9,43,95,Normal
2026-04-28 12:40:29.355826,NewYork-87d9,-17,34,Normal
2026-04-28 12:40:30.355826,NewYork-87d9,-21,81,Normal
2026-04-28 12:40:31.355826,NewYork-87d9,9,17,Normal
2026-04-28 12:40:32.355826,NewYork-87d9,26,37,Normal
2026-04-28 12:40:33.355826,NewYork-87d9,-18,30,Normal
2026-04-28 12:40:34.355826,NewYork-87d9,23,85,Normal
2026-04-28 12:40:35.355826,NewYork-87d9,-16,13,Normal
2026-04-28 12:40:36.355826,NewYork-87d9,-18,65,Normal
2026-04-28 12:40:37.355826,NewYork-87d9,-28,61,Normal
2026-04-28 12:40:38.355826,NewYork-87d9,37,88,Normal
2026-04-28 12:40:39.355826,NewYork-87d9,-23,34,Normal
2026-04-28 12:40:40.355826,NewYork-87d9,-23,43,Normal
2026-04-28 12:40:41.355826,NewYork-87d9,49,19,Normal
2026-04-28 12:40:42.355826,NewYork-87d9,-29,62,Normal
2026-04-28 12:40:43.355826,NewYork-87d9,40,43,Normal
2026-04-28 12:40:44.355826,NewYork-87d9,22,40,Normal
2026-04-28 12:40:45.355826,NewYork-87d9,22,6,Normal
2026-04-28 12:40:46.355826,NewYork-87d9,-7,79,Normal
2026-04-28 12:40:47.355826,NewYork-87d9,38,76,Normal
2026-04-28 12:40:48.355826,NewYork-87d9,-7,5,Normal
2026-04-28 12:40:49.355826,NewYork-87d9,37,65,Normal
2026-04-28 12:40:50.355826,NewYork-87d9,25,37,Normal
2026-04-28 12:40:51.355826,NewYork-87d9,30,71,Normal
2026-04-28 12:40:52.355826,NewYork-87d9,18,94,Normal
2026-04-28 12:40:53.355826,NewYork-87d9,-13,33,Normal
2026-04-28 12:40:54.355826,NewYork-87d9,5,36,Normal
2026-04-28 12:40:55.355826,NewYork-87d9,-5,19,Normal
2026-04-28 12:40:56.355826,NewYork-87d9,30,40,Normal
2026-04-28 12:40:57.355826,NewYork-87d9,20,6,Normal
2026-04-28 12:40:58.355826,NewYork-87d9,28,12,Normal
2026-04-28 12:40:59.355826,NewYork-87d9,9,35,Normal
2026-04-28 12:41:00.355826,NewYork-87d9,-6,52,Normal
2026-04-28 12:41:01.355826,NewYork-87d9,-14,44,Normal
2026-04-28 12:41:02.355826,NewYork-87d9,-12,52,Normal
2026-04-28 12:41:03.355826,NewYork-87d9,-26,72,Normal
2026-04-28 12:41:04.355826,NewYork-87d9,44,1,Normal
2026-04-28 12:41:05.355826,NewYork-87d9,32,89,Normal
2026-04-28 12:41:06.355826,NewYork-87d9,31,7,Normal
2026-04-28 12:41:07.355826,NewYork-87d9,46,6,Normal
2026-04-28 12:41:08.355826,NewYork-87d9,38,97,Normal
2026-04-28 12:41:09.355826,NewYork-87d9,39,13,Normal
2026-04-28 12:41:10.355826,NewYork-87d9,35,69,Normal
2026-04-28 12:41:11.355826,NewYork-87d9,45,4,Normal
2026-04-28 12:41:12.355826,NewYork-87d9,42,27,Normal
2026-04-28 12:41:13.355826,NewYork-87d9,-18,19,Normal
2026-04-28 12:41:14.355826,NewYork-87d9,-13,96,Normal
2026-04-28 12:41:15.355826,NewYork-87d9,24,68,Normal
2026-04-28 12:41:16.355826,NewYork-87d9,12,52,Normal
2026-04-28 12:41:17.355826,NewYork-87d9,-19,70,Normal
2026-04-28 12:41:18.355826,NewYork-87d9,4,70,Normal
2026-04-28 12:41:19.355826,NewYork-87d9,12,12,Normal
2026-04-28 12:41:20.355826,NewYork-87d9,-13,37,Normal
2026-04-28 12:41:21.355826,NewYork-87d9,25,56,Normal
2026-04-28 12:41:22.355826,NewYork-87d9,17,38,Normal
2026-04-28 12:41:23.355826,NewYork-87d9,21,35,Normal
2026-04-28 12:41:24.355826,NewYork-87d9,5,93,Normal
2026-04-28 12:41:25.355826,NewYork-87d9,3,83,Normal
2026-04-28 12:41:26.355826,NewYork-87d9,-12,27,Normal
2026-04-28 12:41:27.355826,NewYork-87d9,42,58,Normal
2026-04-28 12:41:28.355826,NewYork-87d9,45,84,Normal
2026-04-28 12:41:29.355826,NewYork-87d9,0,36,Normal
2026-04-28 12:41:30.355826,NewYork-87d9,45,68,Normal
2026-04-28 12:41:31.355826,NewYork-87d9,30,79,Normal
2026-04-28 12:41:32.355826,NewYork-87d9,-13,73,Normal
2026-04-28 12:41:33.355826,NewYork-87d9,-21,37,Normal
2026-04-28 12:41:34.355826,NewYork-87d9,-8,33,Normal
2026-04-28 12:41:35.355826,NewYork-87d9,40,77,Normal
2026-04-28 12:41:36.355826,NewYork-87d9,-2,22,Normal
2026-04-28 12:41:37.355826,NewYork-87d9,49,66,Normal
2026-04-28 12:41:38.355826,NewYork-87d9,11,4,Normal
2026-04-28 12:41:39.355826,NewYork-87d9,27,35,Normal
2026-04-28 12:41:40.355826,NewYork-87d9,42,100,Normal
2026-04-28 12:41:41.355826,NewYork-87d9,50,83,Normal
2026-04-28 12:41:42.355826,NewYork-87d9,18,70,Normal
2026-04-28 12:41:43.355826,NewYork-87d9,-11,12,Normal
2026-04-28 12:41:44.355826,NewYork-87d9,-27,80,Normal
2026-04-28 12:41:45.355826,NewYork-87d9,34,10,Normal
2026-04-28 12:41:46.355826,NewYork-87d9,-29,69,Normal
2026-04-28 12:41:47.355826,NewYork-87d9,-23,17,Normal
2026-04-28 12:41:48.355826,NewYork-87d9,32,65,Normal
2026-04-28 12:41:49.355826,NewYork-87d9,13,93,Normal
2026-04-28 12:41:50.355826,NewYork-87d9,-10,1,Normal
2026-04-28 12:41:51.355826,NewYork-87d9,30,99,Normal
2026-04-28 12:41:52.355826,NewYork-87d9,29,83,Normal
2026-04-28 12:41:53.355826,NewYork-87d9,-26,91,Normal
2026-04-28 12:41:54.355826,NewYork-87d9,45,33,Normal
2026-04-28 12:41:55.355826,NewYork-87d9,-4,25,Normal
2026-04-28 12:41:56.355826,NewYork-87d9,36,90,Normal
2026-04-28 12:41:57.355826,NewYork-87d9,20,24,Normal
2026-04-28 12:41:58.355826,NewYork-87d9,-9,58,Normal
2026-04-28 12:41:59.355826,NewYork-87d9,-24,87,Normal
2026-04-28 12:42:00.355826,NewYork-87d9,42,70,Normal
2026-04-28 12:42:01.355826,NewYork-87d9,0,63,Normal
2026-04-28 12:42:02.355826,NewYork-87d9,-26,33,Normal
2026-04-28 12:42:03.355826,NewYork-87d9,20,73,Normal
2026-04-28 12:42:04.355826,NewYork-87d9,30,6,Normal
2026-04-28 12:42:05.355826,NewYork-87d9,32,89,Normal
2026-04-28 12:42:06.355826,NewYork-87d9,-9,79,Normal
2026-04-28 12:42:07.355826,NewYork-87d9,-22,41,Normal
2026-04-28 12:42:08.355826,NewYork-87d9,19,2,Normal
2026-04-28 12:42:09.355826,NewYork-87d9,-30,67,Normal
2026-04-28 12:42:10.355826,NewYork-87d9,7,6,Normal
2026-04-28 12:42:11.355826,NewYork-87d9,-4,76,Normal
2026-04-28 12:42:12.355826,NewYork-87d9,-6,87,Normal
2026-04-28 12:42:13.355826,NewYork-87d9,18,22,Normal
2026-04-28 12:42:14.355826,NewYork-87d9,-1,53,Normal
2026-04-28 12:42:15.355826,NewYork-87d9,-16,46,Normal
2026-04-28 12:42:16.355826,NewYork-87d9,-27,70,Normal
2026-04-28 12:42:17.355826,NewYork-87d9,10,0,Normal
2026-04-28 12:42:18.355826,NewYork-87d9,-22,83,Normal
2026-04-28 12:42:19.355826,NewYork-87d9,40,89,Normal
2026-04-28 12:42:20.355826,NewYork-87d9,41,0,Normal
2026-04-28 12:42:21.355826,NewYork-87d9,-25,31,Normal
2026-04-28 12:42:22.355826,NewYork-87d9,-29,14,Normal
2026-04-28 12:42:23.355826,NewYork-87d9,26,33,Normal
2026-04-28 12:42:24.355826,NewYork-87d9,12,5,Normal
2026-04-28 12:42:25.355826,NewYork-87d9,-26,44,Normal
2026-04-28 12:42:26.355826,NewYork-87d9,-1,48,Normal
2026-04-28 12:42:27.355826,NewYork-87d9,-30,62,Normal
2026-04-28 12:42:28.355826,NewYork-87d9,8,36,Normal
2026-04-28 12:42:29.355826,NewYork-87d9,29,95,Normal
2026-04-28 12:42:30.355826,NewYork-87d9,-15,63,Normal
2026-04-28 12:42:31.355826,NewYork-87d9,14,3,Normal
2026-04-28 12:42:32.355826,NewYork-87d9,38,99,Normal
2026-04-28 12:42:33.355826,NewYork-87d9,-2,6,Normal
2026-04-28 12:42:34.355826,NewYork-87d9,-23,54,Normal
2026-04-28 12:42:35.355826,NewYork-87d9,-2,16,Normal
2026-04-28 12:42:36.355826,NewYork-87d9,4,12,Normal
2026-04-28 12:42:37.355826,NewYork-87d9,9,20,Normal
2026-04-28 12:42:38.355826,NewYork-87d9,-6,47,Normal
2026-04-28 12:42:39.355826,NewYork-87d9,-3,64,Normal
2026-04-28 12:42:40.355826,NewYork-87d9,3,25,Normal
2026-04-28 12:42:41.355826,NewYork-87d9,42,26,Normal
2026-04-28 12:42:42.355826,NewYork-87d9,43,96,Normal
2026-04-28 12:42:43.355826,NewYork-87d9,38,51,Normal
2026-04-28 12:42:44.355826,NewYork-87d9,-8,80,Normal
2026-04-28 12:42:45.355826,NewYork-87d9,46,36,Normal
2026-04-28 12:42:46.355826,NewYork-87d9,-7,89,Normal
2026-04-28 12:42:47.355826,NewYork-87d9,35,28,Normal
2026-04-28 12:42:48.355826,NewYork-87d9,21,25,Normal
2026-04-28 12:42:49.355826,NewYork-87d9,-17,6,Normal
2026-04-28 12:42:50.355826,NewYork-87d9,20,5,Normal
2026-04-28 12:42:51.355826,NewYork-87d9,43,35,Normal
2026-04-28 12:42:52.355826,NewYork-87d9,20,33,Normal
2026-04-28 12:42:53.355826,NewYork-87d9,17,79,Normal
2026-04-28 12:42:54.355826,NewYork-87d9,42,37,Normal
2026-04-28 12:42:55.355826,NewYork-87d9,-28,8,Normal
2026-04-28 12:42:56.355826,NewYork-87d9,37,50,Normal
2026-04-28 12:42:57.355826,NewYork-87d9,5,30,Normal
2026-04-28 12:42:58.355826,NewYork-87d9,4,75,Normal
2026-04-28 12:42:59.355826,NewYork-87d9,12,87,Normal
2026-04-28 12:43:00.355826,NewYork-87d9,29,18,Normal
2026-04-28 12:43:01.355826,NewYork-87d9,30,80,Normal
2026-04-28 12:43:02.355826,NewYork-87d9,39,90,Normal
2026-04-28 12:43:03.355826,NewYork-87d9,39,13,Normal
2026-04-28 12:43:04.355826,NewYork-87d9,19,34,Normal
2026-04-28 12:43:05.355826,NewYork-87d9,-23,79,Normal
2026-04-28 12:43:06.355826,NewYork-87d9,15,20,Normal
2026-04-28 12:43:07.355826,NewYork-87d9,-27,31,Normal
2026-04-28 12:43:08.355826,NewYork-87d9,-16,16,Normal
2026-04-28 12:43:09.355826,NewYork-87d9,-30,60,Normal
2026-04-28 12:43:10.355826,NewYork-87d9,32,43,Normal
2026-04-28 12:43:11.355826,NewYork-87d9,-6,57,Normal
2026-04-28 12:43:12.355826,NewYork-87d9,28,15,Normal
2026-04-28 12:43:13.355826,NewYork-87d9,18,58,Normal
2026-04-28 12:43:14.355826,NewYork-87d9,-4,93,Normal
2026-04-28 12:43:15.355826,NewYork-87d9,41,13,Normal
2026-04-28 12:43:16.355826,NewYork-87d9,30,9,Normal
2026-04-28 12:43:17.355826,NewYork-87d9,-24,58,Normal
2026-04-28 12:43:18.355826,NewYork-87d9,13,48,Normal
2026-04-28 12:43:19.355826,NewYork-87d9,17,53,Normal
2026-04-28 12:43:20.355826,NewYork-87d9,-8,18,Normal
2026-04-28 12:43:21.355826,NewYork-87d9,30,91,Normal
2026-04-28 12:43:22.355826,NewYork-87d9,38,69,Normal
2026-04-28 12:43:23.355826,NewYork-87d9,22,74,Normal
2026-04-28 12:43:24.355826,NewYork-87d9,32,98,Normal
2026-04-28 12:43:25.355826,NewYork-87d9,-3,96,Normal
2026-04-28 12:43:26.355826,NewYork-87d9,30,21,Normal
2026-04-28 12:43:27.355826,NewYork-87d9,19,93,Normal
2026-04-28 12:43:28.355826,NewYork-87d9,2,9,Normal
2026-04-28 12:43:29.355826,NewYork-87d9,-4,92,Normal
2026-04-28 12:43:30.355826,NewYork-87d9,10,53,Normal
2026-04-28 12:43:31.355826,NewYork-87d9,45,69,Normal
2026-04-28 12:43:32.355826,NewYork-87d9,15,81,Normal
2026-04-28 12:43:33.355826,NewYork-87d9,47,14,Normal
2026-04-28 12:43:34.355826,NewYork-87d9,-27,97,Normal
2026-04-28 12:43:35.355826,NewYork-87d9,46,91,Normal
2026-04-28 12:43:36.355826,NewYork-87d9,22,74,Normal
2026-04-28 12:43:37.355826,NewYork-87d9,24,13,Normal
2026-04-28 12:43:38.355826,NewYork-87d9,45,34,Normal
2026-04-28 12:43:39.355826,NewYork-87d9,-30,0,Normal
2026-04-28 12:43:40.355826,NewYork-87d9,17,40,Normal
2026-04-28 12:43:41.355826,NewYork-87d9,11,20,Normal
2026-04-28 12:43:42.355826,NewYork-87d9,-23,71,Normal
2026-04-28 12:43:43.355826,NewYork-87d9,24,66,Normal
2026-04-28 12:43:44.355826,NewYork-87d9,28,0,Normal
2026-04-28 12:43:45.355826,NewYork-87d9,27,25,Normal
2026-04-28 12:43:46.355826,NewYork-87d9,24,29,Normal
2026-04-28 12:43:47.355826,NewYork-87d9,29,8,Normal
2026-04-28 12:43:48.355826,NewYork-87d9,22,54,Normal
2026-04-28 12:43:49.355826,NewYork-87d9,31,25,Normal
2026-04-28 12:43:50.355826,NewYork-87d9,-16,4,Normal
2026-04-28 12:43:51.355826,NewYork-87d9,19,1,Normal
2026-04-28 12:43:52.355826,NewYork-87d9,31,12,Normal
2026-04-28 12:43:53.355826,NewYork-87d9,16,67,Normal
2026-04-28 12:43:54.355826,NewYork-87d9,-6,0,Normal
2026-04-28 12:43:55.355826,NewYork-87d9,34,31,Normal
2026-04-28 12:43:56.355826,NewYork-87d9,9,68,Normal
2026-04-28 12:43:57.355826,NewYork-87d9,17,18,Normal
2026-04-28 12:43:58.355826,NewYork-87d9,-5,54,Normal
2026-04-28 12:43:59.355826,NewYork-87d9,-28,97,Normal
2026-04-28 12:44:00.355826,NewYork-87d9,39,29,Normal
2026-04-28 12:44:01.355826,NewYork-87d9,-27,61,Normal
2026-04-28 12:44:02.355826,NewYork-87d9,10,99,Normal
2026-04-28 12:44:03.355826,NewYork-87d9,-23,24,Normal
2026-04-28 12:44:04.355826,NewYork-87d9,9,13,Normal
2026-04-28 12:44:05.355826,NewYork-87d9,40,60,Normal
2026-04-28 12:44:06.355826,NewYork-87d9,21,95,Normal
2026-04-28 12:44:07.355826,NewYork-87d9,15,53,Normal
2026-04-28 12:44:08.355826,NewYork-87d9,-21,89,Normal
2026-04-28 12:44:09.355826,NewYork-87d9,20,43,Normal
2026-04-28 12:44:10.355826,NewYork-87d9,-6,74,Normal
2026-04-28 12:44:11.355826,NewYork-87d9,41,72,Normal
2026-04-28 12:44:12.355826,NewYork-87d9,-13,55,Normal
2026-04-28 12:44:13.355826,NewYork-87d9,-13,84,Normal
2026-04-28 12:44:14.355826,NewYork-87d9,41,53,Normal
2026-04-28 12:44:15.355826,NewYork-87d9,13,64,Normal
2026-04-28 12:44:16.355826,NewYork-87d9,9,91,Normal
2026-04-28 12:44:17.355826,NewYork-87d9,12,99,Normal
2026-04-28 12:44:18.355826,NewYork-87d9,16,4,Normal
2026-04-28 12:44:19.355826,NewYork-87d9,-7,32,Normal
2026-04-28 12:44:20.355826,NewYork-87d9,33,0,Normal
2026-04-28 12:44:21.355826,NewYork-87d9,-29,95,Normal
2026-04-28 12:44:22.355826,NewYork-87d9,12,99,Normal
2026-04-28 12:44:23.355826,NewYork-87d9,39,84,Normal
2026-04-28 12:44:24.355826,NewYork-87d9,42,11,Normal
2026-04-28 12:44:25.355826,NewYork-87d9,38,95,Normal
2026-04-28 12:44:26.355826,NewYork-87d9,-2,29,Normal
2026-04-28 12:44:27.355826,NewYork-87d9,-6,51,Normal
2026-04-28 12:44:28.355826,NewYork-87d9,-17,46,Normal
2026-04-28 12:44:29.355826,NewYork-87d9,-21,62,Normal
2026-04-28 12:44:30.355826,NewYork-87d9,-22,91,Normal
2026-04-28 12:44:31.355826,NewYork-87d9,47,70,Normal
2026-04-28 12:44:32.355826,NewYork-87d9,10,18,Normal
2026-04-28 12:44:33.355826,NewYork-87d9,-3,66,Normal
2026-04-28 12:44:34.355826,NewYork-87d9,16,71,Normal
2026-04-28 12:44:35.355826,NewYork-87d9,30,49,Normal
2026-04-28 12:44:36.355826,NewYork-87d9,22,64,Normal
2026-04-28 12:44:37.355826,NewYork-87d9,24,43,Normal
2026-04-28 12:44:38.355826,NewYork-87d9,32,39,Normal
2026-04-28 12:44:39.355826,NewYork-87d9,30,11,Normal
2026-04-28 12:44:40.355826,NewYork-87d9,-27,83,Normal
2026-04-28 12:44:41.355826,NewYork-87d9,37,78,Normal
2026-04-28 12:44:42.355826,NewYork-87d9,15,56,Normal
2026-04-28 12:44:43.355826,NewYork-87d9,-13,62,Normal
2026-04-28 12:44:44.355826,NewYork-87d9,27,48,Normal
2026-04-28 12:44:45.355826,NewYork-87d9,22,24,Normal
2026-04-28 12:44:46.355826,NewYork-87d9,16,97,Normal
2026-04-28 12:44:47.355826,NewYork-87d9,3,17,Normal
2026-04-28 12:44:48.355826,NewYork-87d9,-19,2,Normal
2026-04-28 12:44:49.355826,NewYork-87d9,3,8,Normal
2026-04-28 12:44:50.355826,NewYork-87d9,7,8,Normal
2026-04-28 12:44:51.355826,NewYork-87d9,40,17,Normal
2026-04-28 12:44:52.355826,NewYork-87d9,49,25,Normal
2026-04-28 12:44:53.355826,NewYork-87d9,-30,59,Normal
2026-04-28 12:44:54.355826,NewYork-87d9,17,25,Normal
2026-04-28 12:44:55.355826,NewYork-87d9,-15,53,Normal
2026-04-28 12:44:56.355826,NewYork-87d9,42,73,Normal
2026-04-28 12:44:57.355826,NewYork-87d9,-14,47,Normal
2026-04-28 12:44:58.355826,NewYork-87d9,2,68,Normal
2026-04-28 12:44:59.355826,NewYork-87d9,8,62,Normal
2026-04-28 12:45:00.355826,NewYork-87d9,32,23,Normal
2026-04-28 12:45:01.355826,NewYork-87d9,46,85,Normal
2026-04-28 12:45:02.355826,NewYork-87d9,30,63,Normal
2026-04-28 12:45:03.355826,NewYork-87d9,7,8,Normal
2026-04-28 12:45:04.355826,NewYork-87d9,-30,9,Normal
2026-04-28 12:45:05.355826,NewYork-87d9,15,29,Normal
2026-04-28 12:45:06.355826,NewYork-87d9,19,73,Normal
2026-04-28 12:45:07.355826,NewYork-87d9,-29,32,Normal
2026-04-28 12:45:08.355826,NewYork-87d9,-21,95,Normal
2026-04-28 12:45:09.355826,NewYork-87d9,44,85,Normal
2026-04-28 12:45:10.355826,NewYork-87d9,48,1,Normal
2026-04-28 12:45:11.355826,NewYork-87d9,-12,35,Normal
2026-04-28 12:45:12.355826,NewYork-87d9,1,17,Normal
2026-04-28 12:45:13.355826,NewYork-87d9,-25,60,Normal
2026-04-28 12:45:14.355826,NewYork-87d9,-2,42,Normal
2026-04-28 12:45:15.355826,NewYork-87d9,-14,79,Normal
2026-04-28 12:45:16.355826,NewYork-87d9,17,18,Normal
2026-04-28 12:45:17.355826,NewYork-87d9,31,72,Normal
2026-04-28 12:45:18.355826,NewYork-87d9,-18,94,Normal
2026-04-28 12:45:19.355826,NewYork-87d9,22,19,Normal
2026-04-28 12:45:20.355826,NewYork-87d9,18,31,Normal
2026-04-28 12:45:21.355826,NewYork-87d9,26,75,Normal
2026-04-28 12:45:22.355826,NewYork-87d9,6,60,Normal
2026-04-28 12:45:23.355826,NewYork-87d9,-3,90,Normal
2026-04-28 12:45:24.355826,NewYork-87d9,-4,24,Normal
2026-04-28 12:45:25.355826,NewYork-87d9,-16,25,Normal
2026-04-28 12:45:26.355826,NewYork-87d9,-20,12,Normal
2026-04-28 12:45:27.355826,NewYork-87d9,-7,26,Normal
2026-04-28 12:45:28.355826,NewYork-87d9,-17,9,Normal
2026-04-28 12:45:29.355826,NewYork-87d9,-15,53,Normal
2026-04-28 12:45:30.355826,NewYork-87d9,-14,5,Normal
2026-04-28 12:45:31.355826,NewYork-87d9,23,93,Normal
2026-04-28 12:45:32.355826,NewYork-87d9,41,95,Normal
2026-04-28 12:45:33.355826,NewYork-87d9,21,67,Normal
2026-04-28 12:45:34.355826,NewYork-87d9,37,69,Normal
2026-04-28 12:45:35.355826,NewYork-87d9,37,78,Normal
2026-04-28 12:45:36.355826,NewYork-87d9,-13,66,Normal
2026-04-28 12:45:37.355826,NewYork-87d9,-25,5,Normal
2026-04-28 12:45:38.355826,NewYork-87d9,-26,85,Normal
2026-04-28 12:45:39.355826,NewYork-87d9,-10,60,Normal
2026-04-28 12:45:40.355826,NewYork-87d9,47,14,Normal
2026-04-28 12:45:41.355826,NewYork-87d9,1,29,Normal
2026-04-28 12:45:42.355826,NewYork-87d9,14,0,Normal
2026-04-28 12:45:43.355826,NewYork-87d9,22,80,Normal
2026-04-28 12:45:44.355826,NewYork-87d9,25,3,Normal
2026-04-28 12:45:45.355826,NewYork-87d9,-30,3,Normal
2026-04-28 12:45:46.355826,NewYork-87d9,-5,47,Normal
2026-04-28 12:45:47.355826,NewYork-87d9,25,57,Normal
2026-04-28 12:45:48.355826,NewYork-87d9,1,73,Normal
2026-04-28 12:45:49.355826,NewYork-87d9,-6,22,Normal
2026-04-28 12:45:50.355826,NewYork-87d9,-1,32,Normal
2026-04-28 12:45:51.355826,NewYork-87d9,7,95,Normal
2026-04-28 12:45:52.355826,NewYork-87d9,20,92,Normal
2026-04-28 12:45:53.355826,NewYork-87d9,18,5,Normal
2026-04-28 12:45:54.355826,NewYork-87d9,4,26,Normal
2026-04-28 12:45:55.355826,NewYork-87d9,33,23,Normal
2026-04-28 12:45:56.355826,NewYork-87d9,23,42,Normal
2026-04-28 12:45:57.355826,NewYork-87d9,-13,92,Normal
2026-04-28 12:45:58.355826,NewYork-87d9,-6,34,Normal
2026-04-28 12:45:59.355826,NewYork-87d9,42,55,Normal
2026-04-28 12:46:00.355826,NewYork-87d9,41,100,Normal
2026-04-28 12:46:01.355826,NewYork-87d9,3,3,Normal
2026-04-28 12:46:02.355826,NewYork-87d9,-28,77,Normal
2026-04-28 12:46:03.355826,NewYork-87d9,-30,81,Normal
2026-04-28 12:46:04.355826,NewYork-87d9,-5,71,Normal
2026-04-28 12:46:05.355826,NewYork-87d9,-2,55,Normal
2026-04-28 12:46:06.355826,NewYork-87d9,-5,68,Normal
2026-04-28 12:46:07.355826,NewYork-87d9,-5,95,Normal
2026-04-28 12:46:08.355826,NewYork-87d9,-11,74,Normal
2026-04-28 12:46:09.355826,NewYork-87d9,-5,45,Normal
2026-04-28 12:46:10.355826,NewYork-87d9,12,4,Normal
2026-04-28 12:46:11.355826,NewYork-87d9,-6,75,Normal
2026-04-28 12:46:12.355826,NewYork-87d9,49,9,Normal
2026-04-28 12:46:13.355826,NewYork-87d9,-24,91,Normal
2026-04-28 12:46:14.355826,NewYork-87d9,-12,28,Normal
2026-04-28 12:46:15.355826,NewYork-87d9,42,74,Normal
2026-04-28 12:46:16.355826,NewYork-87d9,31,96,Normal
2026-04-28 12:46:17.355826,NewYork-87d9,17,82,Normal
2026-04-28 12:46:18.355826,NewYork-87d9,32,43,Normal
2026-04-28 12:46:19.355826,NewYork-87d9,-27,10,Normal
2026-04-28 12:46:20.355826,NewYork-87d9,-8,9,Normal
2026-04-28 12:46:21.355826,NewYork-87d9,-5,9,Normal
2026-04-28 12:46:22.355826,NewYork-87d9,-2,13,Normal
2026-04-28 12:46:23.355826,NewYork-87d9,49,86,Normal
2026-04-28 12:46:24.355826,NewYork-87d9,-1,99,Normal
2026-04-28 12:46:25.355826,NewYork-87d9,32,25,Normal
2026-04-28 12:46:26.355826,NewYork-87d9,24,94,Normal
2026-04-28 12:46:27.355826,NewYork-87d9,-26,92,Normal
2026-04-28 12:46:28.355826,NewYork-87d9,-19,74,Normal
2026-04-28 12:46:29.355826,NewYork-87d9,24,1,Normal
2026-04-28 12:46:30.355826,NewYork-87d9,-29,38,Normal
2026-04-28 12:46:31.355826,NewYork-87d9,-20,21,Normal
2026-04-28 12:46:32.355826,NewYork-87d9,-29,83,Normal
2026-04-28 12:46:33.355826,NewYork-87d9,-29,23,Normal
2026-04-28 12:46:34.355826,NewYork-87d9,-19,38,Normal
2026-04-28 12:46:35.355826,NewYork-87d9,-27,87,Normal
2026-04-28 12:46:36.355826,NewYork-87d9,17,8,Normal
2026-04-28 12:46:37.355826,NewYork-87d9,-2,87,Normal
2026-04-28 12:46:38.355826,NewYork-87d9,34,53,Normal
2026-04-28 12:46:39.355826,NewYork-87d9,-17,98,Normal
2026-04-28 12:46:40.355826,NewYork-87d9,1,26,Normal
2026-04-28 12:46:41.355826,NewYork-87d9,-11,40,Normal
2026-04-28 12:46:42.355826,NewYork-87d9,-24,44,Normal
2026-04-28 12:46:43.355826,NewYork-87d9,39,25,Normal
2026-04-28 12:46:44.355826,NewYork-87d9,-23,23,Normal
2026-04-28 12:46:45.355826,NewYork-87d9,33,27,Normal
2026-04-28 12:46:46.355826,NewYork-87d9,-6,95,Normal
2026-04-28 12:46:47.355826,NewYork-87d9,29,18,Normal
2026-04-28 12:46:48.355826,NewYork-87d9,-24,45,Normal
2026-04-28 12:46:49.355826,NewYork-87d9,5,94,Normal
2026-04-28 12:46:50.355826,NewYork-87d9,39,52,Normal
2026-04-28 12:46:51.355826,NewYork-87d9,-4,4,Normal
2026-04-28 12:46:52.355826,NewYork-87d9,-6,77,Normal
2026-04-28 12:46:53.355826,NewYork-87d9,45,75,Normal
2026-04-28 12:46:54.355826,NewYork-87d9,-18,61,Normal
2026-04-28 12:46:55.355826,NewYork-87d9,-1,36,Normal
2026-04-28 12:46:56.355826,NewYork-87d9,34,84,Normal
2026-04-28 12:46:57.355826,NewYork-87d9,14,43,Normal
2026-04-28 12:46:58.355826,NewYork-87d9,25,64,Normal
2026-04-28 12:46:59.355826,NewYork-87d9,30,68,Normal
2026-04-28 12:47:00.355826,NewYork-87d9,-7,19,Normal
2026-04-28 12:47:01.355826,NewYork-87d9,12,1,Normal
2026-04-28 12:47:02.355826,NewYork-87d9,39,70,Normal
2026-04-28 12:47:03.355826,NewYork-87d9,17,77,Normal
2026-04-28 12:47:04.355826,NewYork-87d9,7,63,Normal
2026-04-28 12:47:05.355826,NewYork-87d9,14,17,Normal
2026-04-28 12:47:06.355826,NewYork-87d9,26,11,Normal
2026-04-28 12:47:07.355826,NewYork-87d9,29,62,Normal
2026-04-28 12:47:08.355826,NewYork-87d9,-19,32,Normal
2026-04-28 12:47:09.355826,NewYork-87d9,-11,57,Normal
2026-04-28 12:47:10.355826,NewYork-87d9,37,68,Normal
2026-04-28 12:47:11.355826,NewYork-87d9,34,13,Normal
2026-04-28 12:47:12.355826,NewYork-87d9,-14,16,Normal
2026-04-28 12:47:13.355826,NewYork-87d9,39,86,Normal
2026-04-28 12:47:14.355826,NewYork-87d9,42,79,Normal
2026-04-28 12:47:15.355826,NewYork-87d9,21,73,Normal
2026-04-28 12:47:16.355826,NewYork-87d9,6,99,Normal
2026-04-28 12:47:17.355826,NewYork-87d9,-5,1,Normal
2026-04-28 12:47:18.355826,NewYork-87d9,-20,22,Normal
2026-04-28 12:47:19.355826,NewYork-87d9,18,19,Normal
2026-04-28 12:47:20.355826,NewYork-87d9,50,81,Normal
2026-04-28 12:47:21.355826,NewYork-87d9,26,33,Normal
2026-04-28 12:47:22.355826,NewYork-87d9,-16,48,Normal
2026-04-28 12:47:23.355826,NewYork-87d9,-4,88,Normal
2026-04-28 12:47:24.355826,NewYork-87d9,38,67,Normal
2026-04-28 12:47:25.355826,NewYork-87d9,36,77,Normal
2026-04-28 12:47:26.355826,NewYork-87d9,26,93,Normal
2026-04-28 12:47:27.355826,NewYork-87d9,43,26,Normal
2026-04-28 12:47:28.355826,NewYork-87d9,5,56,Normal
2026-04-28 12:47:29.355826,NewYork-87d9,-17,23,Normal
2026-04-28 12:47:30.355826,NewYork-87d9,-16,54,Normal
2026-04-28 12:47:31.355826,NewYork-87d9,24,16,Normal
2026-04-28 12:47:32.355826,NewYork-87d9,-22,86,Normal
2026-04-28 12:47:33.355826,NewYork-87d9,10,56,Normal
2026-04-28 12:47:34.355826,NewYork-87d9,41,34,Normal
2026-04-28 12:47:35.355826,NewYork-87d9,-12,48,Normal
2026-04-28 12:47:36.355826,NewYork-87d9,7,57,Normal
2026-04-28 12:47:37.355826,NewYork-87d9,42,46,Normal
2026-04-28 12:47:38.355826,NewYork-87d9,-19,53,Normal
2026-04-28 12:47:39.355826,NewYork-87d9,-30,48,Normal
2026-04-28 12:47:40.355826,NewYork-87d9,-8,8,Normal
2026-04-28 12:47:41.355826,NewYork-87d9,48,82,Normal
2026-04-28 12:47:42.355826,NewYork-87d9,36,71,Normal
2026-04-28 12:47:43.355826,NewYork-87d9,50,76,Normal
2026-04-28 12:47:44.355826,NewYork-87d9,32,59,Normal
2026-04-28 12:47:45.355826,NewYork-87d9,5,18,Normal
2026-04-28 12:47:46.355826,NewYork-87d9,10,27,Normal
2026-04-28 12:47:47.355826,NewYork-87d9,43,0,Normal
2026-04-28 12:47:48.355826,NewYork-87d9,49,77,Normal
2026-04-28 12:47:49.355826,NewYork-87d9,48,99,Normal
2026-04-28 12:47:50.355826,NewYork-87d9,-4,92,Normal
2026-04-28 12:47:51.355826,NewYork-87d9,1,50,Normal
2026-04-28 12:47:52.355826,NewYork-87d9,3,9,Normal
2026-04-28 12:47:53.355826,NewYork-87d9,47,39,Normal
2026-04-28 12:47:54.355826,NewYork-87d9,31,89,Normal
2026-04-28 12:47:55.355826,NewYork-87d9,-4,27,Normal
2026-04-28 12:47:56.355826,NewYork-87d9,-26,55,Normal
2026-04-28 12:47:57.355826,NewYork-87d9,5,11,Normal
2026-04-28 12:47:58.355826,NewYork-87d9,-7,83,Normal
2026-04-28 12:47:59.355826,NewYork-87d9,39,5,Normal
2026-04-28 12:48:00.355826,NewYork-87d9,15,97,Normal
2026-04-28 12:48:01.355826,NewYork-87d9,-2,75,Normal
2026-04-28 12:48:02.355826,NewYork-87d9,-1,15,Normal
2026-04-28 12:48:03.355826,NewYork-87d9,25,2,Normal
2026-04-28 12:48:04.355826,NewYork-87d9,47,87,Normal
2026-04-28 12:48:05.355826,NewYork-87d9,20,49,Normal
2026-04-28 12:48:06.355826,NewYork-87d9,-2,78,Normal
2026-04-28 12:48:07.355826,NewYork-87d9,-9,9,Normal
2026-04-28 12:48:08.355826,NewYork-87d9,42,40,Normal
2026-04-28 12:48:09.355826,NewYork-87d9,15,29,Normal
2026-04-28 12:48:10.355826,NewYork-87d9,15,68,Normal
2026-04-28 12:48:11.355826,NewYork-87d9,30,9,Normal
2026-04-28 12:48:12.355826,NewYork-87d9,20,60,Normal
2026-04-28 12:48:13.355826,NewYork-87d9,23,21,Normal
2026-04-28 12:48:14.355826,NewYork-87d9,43,25,Normal
2026-04-28 12:48:15.355826,NewYork-87d9,-16,59,Normal
2026-04-28 12:48:16.355826,NewYork-87d9,37,14,Normal
2026-04-28 12:48:17.355826,NewYork-87d9,3,82,Normal
2026-04-28 12:48:18.355826,NewYork-87d9,-30,84,Normal
2026-04-28 12:48:19.355826,NewYork-87d9,-28,86,Normal
2026-04-28 12:48:20.355826,NewYork-87d9,4,5,Normal
2026-04-28 12:48:21.355826,NewYork-87d9,32,31,Normal
2026-04-28 12:48:22.355826,NewYork-87d9,38,13,Normal
2026-04-28 12:48:23.355826,NewYork-87d9,5,14,Normal
2026-04-28 12:48:24.355826,NewYork-87d9,20,89,Normal
2026-04-28 12:48:25.355826,NewYork-87d9,-17,70,Normal
2026-04-28 12:48:26.355826,NewYork-87d9,-7,93,Normal
2026-04-28 12:48:27.355826,NewYork-87d9,9,59,Normal
2026-04-28 12:48:28.355826,NewYork-87d9,-30,86,Normal
2026-04-28 12:48:29.355826,NewYork-87d9,20,90,Normal
2026-04-28 12:48:30.355826,NewYork-87d9,-2,20,Normal
2026-04-28 12:48:31.355826,NewYork-87d9,4,46,Normal
2026-04-28 12:48:32.355826,NewYork-87d9,-1,67,Normal
2026-04-28 12:48:33.355826,NewYork-87d9,19,31,Normal
2026-04-28 12:48:34.355826,NewYork-87d9,39,29,Normal
2026-04-28 12:48:35.355826,NewYork-87d9,21,43,Normal
2026-04-28 12:48:36.355826,NewYork-87d9,-14,8,Normal
2026-04-28 12:48:37.355826,NewYork-87d9,31,36,Normal
2026-04-28 12:48:38.355826,NewYork-87d9,-28,95,Normal
2026-04-28 12:48:39.355826,NewYork-87d9,21,61,Normal
2026-04-28 12:48:40.355826,NewYork-87d9,33,8,Normal
2026-04-28 12:48:41.355826,NewYork-87d9,37,40,Normal
2026-04-28 12:48:42.355826,NewYork-87d9,26,28,Normal
2026-04-28 12:48:43.355826,NewYork-87d9,-2,74,Normal
2026-04-28 12:48:44.355826,NewYork-87d9,-3,59,Normal
2026-04-28 12:48:45.355826,NewYork-87d9,7,46,Normal
2026-04-28 12:48:46.355826,NewYork-87d9,-18,28,Normal
2026-04-28 12:48:47.355826,NewYork-87d9,44,66,Normal
2026-04-28 12:48:48.355826,NewYork-87d9,-16,65,Normal
2026-04-28 12:48:49.355826,NewYork-87d9,-12,15,Normal
2026-04-28 12:48:50.355826,NewYork-87d9,-21,36,Normal
2026-04-28 12:48:51.355826,NewYork-87d9,47,80,Normal
2026-04-28 12:48:52.355826,NewYork-87d9,-10,16,Normal
2026-04-28 12:48:53.355826,NewYork-87d9,-28,50,Normal
2026-04-28 12:48:54.355826,NewYork-87d9,30,89,Normal
2026-04-28 12:48:55.355826,NewYork-87d9,-27,74,Normal
2026-04-28 12:48:56.355826,NewYork-87d9,6,97,Normal
2026-04-28 12:48:57.355826,NewYork-87d9,-8,93,Normal
2026-04-28 12:48:58.355826,NewYork-87d9,-10,55,Normal
2026-04-28 12:48:59.355826,NewYork-87d9,-5,80,Normal
2026-04-28 12:49:00.355826,NewYork-87d9,-22,83,Normal
2026-04-28 12:49:01.355826,NewYork-87d9,44,88,Normal
2026-04-28 12:49:02.355826,NewYork-87d9,-22,81,Normal
2026-04-28 12:49:03.355826,NewYork-87d9,-7,93,Normal
2026-04-28 12:49:04.355826,NewYork-87d9,31,99,Normal
2026-04-28 12:49:05.355826,NewYork-87d9,33,49,Normal
2026-04-28 12:49:06.355826,NewYork-87d9,-8,63,Normal
2026-04-28 12:49:07.355826,NewYork-87d9,0,63,Normal
2026-04-28 12:49:08.355826,NewYork-87d9,48,94,Normal
2026-04-28 12:49:09.355826,NewYork-87d9,-30,85,Normal
2026-04-28 12:49:10.355826,NewYork-87d9,35,58,Normal
2026-04-28 12:49:11.355826,NewYork-87d9,44,94,Normal
2026-04-28 12:49:12.355826,NewYork-87d9,-17,56,Normal
2026-04-28 12:49:13.355826,NewYork-87d9,24,23,Normal
2026-04-28 12:49:14.355826,NewYork-87d9,43,55,Normal
2026-04-28 12:49:15.355826,NewYork-87d9,19,15,Normal
2026-04-28 12:49:16.355826,NewYork-87d9,-19,42,Normal
2026-04-28 12:49:17.355826,NewYork-87d9,10,17,Normal
2026-04-28 12:49:18.355826,NewYork-87d9,-7,58,Normal
2026-04-28 12:49:19.355826,NewYork-87d9,48,88,Normal
2026-04-28 12:49:20.355826,NewYork-87d9,2,95,Normal
2026-04-28 12:49:21.355826,NewYork-87d9,-12,83,Normal
2026-04-28 12:49:22.355826,NewYork-87d9,32,26,Normal
2026-04-28 12:49:23.355826,NewYork-87d9,-5,74,Normal
2026-04-28 12:49:24.355826,NewYork-87d9,20,77,Normal
2026-04-28 12:49:25.355826,NewYork-87d9,-19,49,Normal
2026-04-28 12:49:26.355826,NewYork-87d9,-12,74,Normal
2026-04-28 12:49:27.355826,NewYork-87d9,-18,31,Normal
2026-04-28 12:49:28.355826,NewYork-87d9,12,68,Normal
2026-04-28 12:49:29.355826,NewYork-87d9,26,51,Normal
2026-04-28 12:49:30.355826,NewYork-87d9,-19,56,Normal
2026-04-28 12:49:31.355826,NewYork-87d9,21,47,Normal
2026-04-28 12:49:32.355826,NewYork-87d9,-8,56,Normal
2026-04-28 12:49:33.355826,NewYork-87d9,-29,2,Normal
2026-04-28 12:49:34.355826,NewYork-87d9,-13,21,Normal
2026-04-28 12:49:35.355826,NewYork-87d9,-17,1,Normal
2026-04-28 12:49:36.355826,NewYork-87d9,42,9,Normal
2026-04-28 12:49:37.355826,NewYork-87d9,3,88,Normal
2026-04-28 12:49:38.355826,NewYork-87d9,49,58,Normal
2026-04-28 12:49:39.355826,NewYork-87d9,-11,100,Normal
2026-04-28 12:49:40.355826,NewYork-87d9,37,2,Normal
2026-04-28 12:49:41.355826,NewYork-87d9,14,51,Normal
2026-04-28 12:49:42.355826,NewYork-87d9,43,72,Normal
2026-04-28 12:49:43.355826,NewYork-87d9,-18,62,Normal
2026-04-28 12:49:44.355826,NewYork-87d9,39,63,Normal
2026-04-28 12:49:45.355826,NewYork-87d9,33,56,Normal
2026-04-28 12:49:46.355826,NewYork-87d9,17,11,Normal
2026-04-28 12:49:47.355826,NewYork-87d9,-17,4,Normal
2026-04-28 12:49:48.355826,NewYork-87d9,27,13,Normal
2026-04-28 12:49:49.355826,NewYork-87d9,-16,68,Normal
2026-04-28 12:49:50.355826,NewYork-87d9,-2,70,Normal
2026-04-28 12:49:51.355826,NewYork-87d9,47,95,Normal
2026-04-28 12:49:52.355826,NewYork-87d9,39,50,Normal
2026-04-28 12:49:53.355826,NewYork-87d9,-5,98,Normal
2026-04-28 12:49:54.355826,NewYork-87d9,26,85,Normal
2026-04-28 12:49:55.355826,NewYork-87d9,5,99,Normal
2026-04-28 12:49:56.355826,NewYork-87d9,32,9,Normal
2026-04-28 12:49:57.355826,NewYork-87d9,21,74,Normal
2026-04-28 12:49:58.355826,NewYork-87d9,25,70,Normal
2026-04-28 12:49:59.355826,NewYork-87d9,42,71,Normal
2026-04-28 12:50:00.355826,NewYork-87d9,46,92,Normal
2026-04-28 12:50:01.355826,NewYork-87d9,7,9,Normal
2026-04-28 12:50:02.355826,NewYork-87d9,-8,50,Normal
2026-04-28 12:50:03.355826,NewYork-87d9,16,41,Normal
2026-04-28 12:50:04.355826,NewYork-87d9,8,27,Normal
2026-04-28 12:50:05.355826,NewYork-87d9,-10,3,Normal
2026-04-28 12:50:06.355826,NewYork-87d9,-30,11,Normal
2026-04-28 12:50:07.355826,NewYork-87d9,-21,73,Normal
2026-04-28 12:50:08.355826,NewYork-87d9,7,55,Normal
2026-04-28 12:50:09.355826,NewYork-87d9,6,92,Normal
2026-04-28 12:50:10.355826,NewYork-87d9,-13,4,Normal
2026-04-28 12:50:11.355826,NewYork-87d9,36,55,Normal
2026-04-28 12:50:12.355826,NewYork-87d9,32,0,Normal
2026-04-28 12:50:13.355826,NewYork-87d9,-1,11,Normal
2026-04-28 12:50:14.355826,NewYork-87d9,27,72,Normal
2026-04-28 12:50:15.355826,NewYork-87d9,16,5,Normal
2026-04-28 12:50:16.355826,NewYork-87d9,11,36,Normal
2026-04-28 12:50:17.355826,NewYork-87d9,5,92,Normal
2026-04-28 12:50:18.355826,NewYork-87d9,36,68,Normal
2026-04-28 12:50:19.355826,NewYork-87d9,46,64,Normal
2026-04-28 12:50:20.355826,NewYork-87d9,40,23,Normal
2026-04-28 12:50:21.355826,NewYork-87d9,34,78,Normal
2026-04-28 12:50:22.355826,NewYork-87d9,10,14,Normal
2026-04-28 12:50:23.355826,NewYork-87d9,28,68,Normal
2026-04-28 12:50:24.355826,NewYork-87d9,-19,98,Normal
2026-04-28 12:50:25.355826,NewYork-87d9,30,13,Normal
2026-04-28 12:50:26.355826,NewYork-87d9,20,30,Normal
2026-04-28 12:50:27.355826,NewYork-87d9,17,52,Normal
2026-04-28 12:50:28.355826,NewYork-87d9,-17,82,Normal
2026-04-28 12:50:29.355826,NewYork-87d9,22,66,Normal
2026-04-28 12:50:30.355826,NewYork-87d9,-14,11,Normal
2026-04-28 12:50:31.355826,NewYork-87d9,26,63,Normal
2026-04-28 12:50:32.355826,NewYork-87d9,4,43,Normal
2026-04-28 12:50:33.355826,NewYork-87d9,48,87,Normal
2026-04-28 12:50:34.355826,NewYork-87d9,-23,71,Normal
2026-04-28 12:50:35.355826,NewYork-87d9,-13,17,Normal
2026-04-28 12:50:36.355826,NewYork-87d9,-27,74,Normal
2026-04-28 12:50:37.355826,NewYork-87d9,16,13,Normal
2026-04-28 12:50:38.355826,NewYork-87d9,0,53,Normal
2026-04-28 12:50:39.355826,NewYork-87d9,-7,86,Normal
2026-04-28 12:50:40.355826,NewYork-87d9,-15,61,Normal
2026-04-28 12:50:41.355826,NewYork-87d9,16,21,Normal
2026-04-28 12:50:42.355826,NewYork-87d9,16,85,Normal
2026-04-28 12:50:43.355826,NewYork-87d9,9,22,Normal
2026-04-28 12:50:44.355826,NewYork-87d9,38,6,Normal
2026-04-28 12:50:45.355826,NewYork-87d9,-4,97,Normal
2026-04-28 12:50:46.355826,NewYork-87d9,-4,22,Normal
2026-04-28 12:50:47.355826,NewYork-87d9,23,3,Normal
2026-04-28 12:50:48.355826,NewYork-87d9,22,11,Normal
2026-04-28 12:50:49.355826,NewYork-87d9,-26,66,Normal
2026-04-28 12:50:50.355826,NewYork-87d9,-16,20,Normal
2026-04-28 12:50:51.355826,NewYork-87d9,-27,20,Normal
2026-04-28 12:50:52.355826,NewYork-87d9,44,88,Normal
2026-04-28 12:50:53.355826,NewYork-87d9,-13,27,Normal
2026-04-28 12:50:54.355826,NewYork-87d9,15,11,Normal
2026-04-28 12:50:55.355826,NewYork-87d9,5,37,Normal
2026-04-28 12:50:56.355826,NewYork-87d9,-7,46,Normal
2026-04-28 12:50:57.355826,NewYork-87d9,-21,60,Normal
2026-04-28 12:50:58.355826,NewYork-87d9,43,5,Normal
2026-04-28 12:50:59.355826,NewYork-87d9,45,38,Normal
2026-04-28 12:51:00.355826,NewYork-87d9,15,11,Normal
2026-04-28 12:51:01.355826,NewYork-87d9,17,10,Normal
2026-04-28 12:51:02.355826,NewYork-87d9,11,89,Normal
2026-04-28 12:51:03.355826,NewYork-87d9,50,18,Normal
2026-04-28 12:51:04.355826,NewYork-87d9,47,76,Normal
2026-04-28 12:51:05.355826,NewYork-87d9,-26,79,Normal
2026-04-28 12:51:06.355826,NewYork-87d9,25,86,Normal
2026-04-28 12:51:07.355826,NewYork-87d9,3,11,Normal
2026-04-28 12:51:08.355826,NewYork-87d9,50,25,Normal
2026-04-28 12:51:09.355826,NewYork-87d9,-30,80,Normal
2026-04-28 12:51:10.355826,NewYork-87d9,10,67,Normal
2026-04-28 12:51:11.355826,NewYork-87d9,-12,35,Normal
2026-04-28 12:51:12.355826,NewYork-87d9,22,40,Normal
2026-04-28 12:51:13.355826,NewYork-87d9,42,37,Normal
2026-04-28 12:51:14.355826,NewYork-87d9,9,6,Normal
2026-04-28 12:51:15.355826,NewYork-87d9,-5,8,Normal
2026-04-28 12:51:16.355826,NewYork-87d9,12,13,Normal
2026-04-28 12:51:17.355826,NewYork-87d9,16,76,Normal
2026-04-28 12:51:18.355826,NewYork-87d9,21,66,Normal
2026-04-28 12:51:19.355826,NewYork-87d9,25,77,Normal
2026-04-28 12:51:20.355826,NewYork-87d9,-11,9,Normal
2026-04-28 12:51:21.355826,NewYork-87d9,36,41,Normal
2026-04-28 12:51:22.355826,NewYork-87d9,-8,17,Normal
2026-04-28 12:51:23.355826,NewYork-87d9,3,44,Normal
2026-04-28 12:51:24.355826,NewYork-87d9,-3,20,Normal
2026-04-28 12:51:25.355826,NewYork-87d9,-15,100,Normal
2026-04-28 12:51:26.355826,NewYork-87d9,-1,10,Normal
2026-04-28 12:51:27.355826,NewYork-87d9,15,99,Normal
2026-04-28 12:51:28.355826,NewYork-87d9,-1,30,Normal
2026-04-28 12:51:29.355826,NewYork-87d9,-24,27,Normal
2026-04-28 12:51:30.355826,NewYork-87d9,-17,72,Normal
2026-04-28 12:51:31.355826,NewYork-87d9,9,1,Normal
2026-04-28 12:51:32.355826,NewYork-87d9,49,84,Normal
2026-04-28 12:51:33.355826,NewYork-87d9,-25,62,Normal
2026-04-28 12:51:34.355826,NewYork-87d9,2,87,Normal
2026-04-28 12:51:35.355826,NewYork-87d9,-27,66,Normal
2026-04-28 12:51:36.355826,NewYork-87d9,10,69,Normal
2026-04-28 12:51:37.355826,NewYork-87d9,-20,66,Normal
2026-04-28 12:51:38.355826,NewYork-87d9,-15,23,Normal
2026-04-28 12:51:39.355826,NewYork-87d9,-6,53,Normal
2026-04-28 12:51:40.355826,NewYork-87d9,-11,75,Normal
2026-04-28 12:51:41.355826,NewYork-87d9,8,96,Normal
2026-04-28 12:51:42.355826,NewYork-87d9,38,84,Normal
2026-04-28 12:51:43.355826,NewYork-87d9,40,3,Normal
2026-04-28 12:51:44.355826,NewYork-87d9,47,95,Normal
2026-04-28 12:51:45.355826,NewYork-87d9,-28,62,Normal
2026-04-28 12:51:46.355826,NewYork-87d9,0,11,Normal
2026-04-28 12:51:47.355826,NewYork-87d9,50,36,Normal
2026-04-28 12:51:48.355826,NewYork-87d9,36,38,Normal
2026-04-28 12:51:49.355826,NewYork-87d9,22,73,Normal
2026-04-28 12:51:50.355826,NewYork-87d9,14,15,Normal
2026-04-28 12:51:51.355826,NewYork-87d9,-26,11,Normal
2026-04-28 12:51:52.355826,NewYork-87d9,48,89,Normal
2026-04-28 12:51:53.355826,NewYork-87d9,26,94,Normal
2026-04-28 12:51:54.355826,NewYork-87d9,-27,78,Normal
2026-04-28 12:51:55.355826,NewYork-87d9,-21,59,Normal
2026-04-28 12:51:56.355826,NewYork-87d9,0,57,Normal
2026-04-28 12:51:57.355826,NewYork-87d9,14,91,Normal
2026-04-28 12:51:58.355826,NewYork-87d9,27,0,Normal
2026-04-28 12:51:59.355826,NewYork-87d9,43,24,Normal
2026-04-28 12:52:00.355826,NewYork-87d9,15,63,Normal
2026-04-28 12:52:01.355826,NewYork-87d9,8,45,Normal
2026-04-28 12:52:02.355826,NewYork-87d9,43,54,Normal
2026-04-28 12:52:03.355826,NewYork-87d9,-9,1,Normal
2026-04-28 12:52:04.355826,NewYork-87d9,-27,8,Normal
2026-04-28 12:52:05.355826,NewYork-87d9,33,68,Normal
2026-04-28 12:52:06.355826,NewYork-87d9,8,86,Normal
2026-04-28 12:52:07.355826,NewYork-87d9,6,35,Normal
2026-04-28 12:52:08.355826,NewYork-87d9,19,63,Normal
2026-04-28 12:52:09.355826,NewYork-87d9,34,86,Normal
2026-04-28 12:52:10.355826,NewYork-87d9,50,94,Normal
2026-04-28 12:52:11.355826,NewYork-87d9,27,15,Normal
2026-04-28 12:52:12.355826,NewYork-87d9,-7,90,Normal
2026-04-28 12:52:13.355826,NewYork-87d9,15,58,Normal
2026-04-28 12:52:14.355826,NewYork-87d9,19,26,Normal
2026-04-28 12:52:15.355826,NewYork-87d9,11,54,Normal
2026-04-28 12:52:16.355826,NewYork-87d9,43,6,Normal
2026-04-28 12:52:17.355826,NewYork-87d9,2,40,Normal
2026-04-28 12:52:18.355826,NewYork-87d9,38,3,Normal
2026-04-28 12:52:19.355826,NewYork-87d9,20,89,Normal
2026-04-28 12:52:20.355826,NewYork-87d9,32,70,Normal
2026-04-28 12:52:21.355826,NewYork-87d9,24,71,Normal
2026-04-28 12:52:22.355826,NewYork-87d9,45,54,Normal
2026-04-28 12:52:23.355826,NewYork-87d9,-16,51,Normal
2026-04-28 12:52:24.355826,NewYork-87d9,10,98,Normal
2026-04-28 12:52:25.355826,NewYork-87d9,35,83,Normal
2026-04-28 12:52:26.355826,NewYork-87d9,45,8,Normal
2026-04-28 12:52:27.355826,NewYork-87d9,34,61,Normal
2026-04-28 12:52:28.355826,NewYork-87d9,-18,49,Normal
2026-04-28 12:52:29.355826,NewYork-87d9,18,88,Normal
2026-04-28 12:52:30.355826,NewYork-87d9,-24,87,Normal
2026-04-28 12:52:31.355826,NewYork-87d9,-18,99,Normal
2026-04-28 12:52:32.355826,NewYork-87d9,19,97,Normal
2026-04-28 12:52:33.355826,NewYork-87d9,-2,25,Normal
2026-04-28 12:52:34.355826,NewYork-87d9,-25,61,Normal
2026-04-28 12:52:35.355826,NewYork-87d9,-19,73,Normal
2026-04-28 12:52:36.355826,NewYork-87d9,-19,59,Normal
2026-04-28 12:52:37.355826,NewYork-87d9,-20,14,Normal
2026-04-28 12:52:38.355826,NewYork-87d9,40,56,Normal
2026-04-28 12:52:39.355826,NewYork-87d9,24,38,Normal
2026-04-28 12:52:40.355826,NewYork-87d9,17,77,Normal
2026-04-28 12:52:41.355826,NewYork-87d9,28,1,Normal
2026-04-28 12:52:42.355826,NewYork-87d9,-16,90,Normal
2026-04-28 12:52:43.355826,NewYork-87d9,19,29,Normal
2026-04-28 12:52:44.355826,NewYork-87d9,-3,24,Normal
2026-04-28 12:52:45.355826,NewYork-87d9,39,80,Normal
2026-04-28 12:52:46.355826,NewYork-87d9,23,5,Normal
2026-04-28 12:52:47.355826,NewYork-87d9,26,21,Normal
2026-04-28 12:52:48.355826,NewYork-87d9,-16,45,Normal
2026-04-28 12:52:49.355826,NewYork-87d9,-24,87,Normal
2026-04-28 12:52:50.355826,NewYork-87d9,-7,13,Normal
2026-04-28 12:52:51.355826,NewYork-87d9,-10,74,Normal
2026-04-28 12:52:52.355826,NewYork-87d9,-5,55,Normal
2026-04-28 12:52:53.355826,NewYork-87d9,5,98,Normal
2026-04-28 12:52:54.355826,NewYork-87d9,-18,59,Normal
2026-04-28 12:52:55.355826,NewYork-87d9,37,61,Normal
2026-04-28 12:52:56.355826,NewYork-87d9,50,61,Normal
2026-04-28 12:52:57.355826,NewYork-87d9,-27,33,Normal
2026-04-28 12:52:58.355826,NewYork-87d9,22,66,Normal
2026-04-28 12:52:59.355826,NewYork-87d9,-2,73,Normal
2026-04-28 12:53:00.355826,NewYork-87d9,50,3,Normal
2026-04-28 12:53:01.355826,NewYork-87d9,-30,45,Normal
2026-04-28 12:53:02.355826,NewYork-87d9,-5,35,Normal
2026-04-28 12:53:03.355826,NewYork-87d9,-22,31,Normal
2026-04-28 12:53:04.355826,NewYork-87d9,43,42,Normal
2026-04-28 12:53:05.355826,NewYork-87d9,-13,88,Normal
2026-04-28 12:53:06.355826,NewYork-87d9,48,49,Normal
2026-04-28 12:53:07.355826,NewYork-87d9,14,62,Normal
2026-04-28 12:53:08.355826,NewYork-87d9,44,82,Normal
2026-04-28 12:53:09.355826,NewYork-87d9,-19,33,Normal
2026-04-28 12:53:10.355826,NewYork-87d9,33,60,Normal
2026-04-28 12:53:11.355826,NewYork-87d9,-29,46,Normal
2026-04-28 12:53:12.355826,NewYork-87d9,-25,6,Normal
2026-04-28 12:53:13.355826,NewYork-87d9,-27,32,Normal
2026-04-28 12:53:14.355826,NewYork-87d9,0,12,Normal
2026-04-28 12:53:15.355826,NewYork-87d9,21,10,Normal
2026-04-28 12:53:16.355826,NewYork-87d9,-19,2,Normal
2026-04-28 12:53:17.355826,NewYork-87d9,-26,56,Normal
2026-04-28 12:53:18.355826,NewYork-87d9,30,25,Normal
2026-04-28 12:53:19.355826,NewYork-87d9,37,85,Normal
2026-04-28 12:53:20.355826,NewYork-87d9,9,32,Normal
2026-04-28 12:53:21.355826,NewYork-87d9,-24,84,Normal
2026-04-28 12:53:22.355826,NewYork-87d9,2,8,Normal
2026-04-28 12:53:23.355826,NewYork-87d9,-20,58,Normal
2026-04-28 12:53:24.355826,NewYork-87d9,5,79,Normal
2026-04-28 12:53:25.355826,NewYork-87d9,35,88,Normal
2026-04-28 12:53:26.355826,NewYork-87d9,32,56,Normal
2026-04-28 12:53:27.355826,NewYork-87d9,6,46,Normal
2026-04-28 12:53:28.355826,NewYork-87d9,-10,94,Normal
2026-04-28 12:53:29.355826,NewYork-87d9,32,38,Normal
2026-04-28 12:53:30.355826,NewYork-87d9,-24,72,Normal
2026-04-28 12:53:31.355826,NewYork-87d9,-29,19,Normal
2026-04-28 12:53:32.355826,NewYork-87d9,17,2,Normal
2026-04-28 12:53:33.355826,NewYork-87d9,48,1,Normal
2026-04-28 12:53:34.355826,NewYork-87d9,43,8,Normal
2026-04-28 12:53:35.355826,NewYork-87d9,17,52,Normal
2026-04-28 12:53:36.355826,NewYork-87d9,-20,33,Normal
2026-04-28 12:53:37.355826,NewYork-87d9,24,91,Normal
2026-04-28 12:53:38.355826,NewYork-87d9,-11,57,Normal
2026-04-28 12:53:39.355826,NewYork-87d9,-22,50,Normal
2026-04-28 12:53:40.355826,NewYork-87d9,-7,0,Normal
2026-04-28 12:53:41.355826,NewYork-87d9,-23,32,Normal
2026-04-28 12:53:42.355826,NewYork-87d9,35,62,Normal
2026-04-28 12:53:43.355826,NewYork-87d9,-3,7,Normal
2026-04-28 12:53:44.355826,NewYork-87d9,-25,39,Normal
2026-04-28 12:53:45.355826,NewYork-87d9,24,94,Normal
2026-04-28 12:53:46.355826,NewYork-87d9,-7,0,Normal
2026-04-28 12:53:47.355826,NewYork-87d9,-13,9,Normal
2026-04-28 12:53:48.355826,NewYork-87d9,5,0,Normal
2026-04-28 12:53:49.355826,NewYork-87d9,1,63,Normal
2026-04-28 12:53:50.355826,NewYork-87d9,-15,43,Normal
2026-04-28 12:53:51.355826,NewYork-87d9,21,27,Normal
2026-04-28 12:53:52.355826,NewYork-87d9,44,92,Normal
2026-04-28 12:53:53.355826,NewYork-87d9,-9,53,Normal
2026-04-28 12:53:54.355826,NewYork-87d9,47,12,Normal
2026-04-28 12:53:55.355826,NewYork-87d9,-5,92,Normal
2026-04-28 12:53:56.355826,NewYork-87d9,-18,66,Normal
2026-04-28 12:53:57.355826,NewYork-87d9,-27,20,Normal
2026-04-28 12:53:58.355826,NewYork-87d9,-6,44,Normal
2026-04-28 12:53:59.355826,NewYork-87d9,10,69,Normal
2026-04-28 12:54:00.355826,NewYork-87d9,-25,42,Normal
2026-04-28 12:54:01.355826,NewYork-87d9,30,34,Normal
2026-04-28 12:54:02.355826,NewYork-87d9,30,65,Normal
2026-04-28 12:54:03.355826,NewYork-87d9,8,94,Normal
2026-04-28 12:54:04.355826,NewYork-87d9,7,0,Normal
2026-04-28 12:54:05.355826,NewYork-87d9,25,60,Normal
2026-04-28 12:54:06.355826,NewYork-87d9,-7,74,Normal
2026-04-28 12:54:07.355826,NewYork-87d9,18,28,Normal
2026-04-28 12:54:08.355826,NewYork-87d9,49,82,Normal
2026-04-28 12:54:09.355826,NewYork-87d9,46,10,Normal
2026-04-28 12:54:10.355826,NewYork-87d9,15,73,Normal
2026-04-28 12:54:11.355826,NewYork-87d9,5,70,Normal
2026-04-28 12:54:12.355826,NewYork-87d9,22,7,Normal
2026-04-28 12:54:13.355826,NewYork-87d9,8,82,Normal
2026-04-28 12:54:14.355826,NewYork-87d9,25,96,Normal
2026-04-28 12:54:15.355826,NewYork-87d9,-23,85,Normal
2026-04-28 12:54:16.355826,NewYork-87d9,-25,24,Normal
2026-04-28 12:54:17.355826,NewYork-87d9,-24,36,Normal
2026-04-28 12:54:18.355826,NewYork-87d9,22,5,Normal
2026-04-28 12:54:19.355826,NewYork-87d9,48,33,Normal
2026-04-28 12:54:20.355826,NewYork-87d9,43,40,Normal
2026-04-28 12:54:21.355826,NewYork-87d9,9,62,Normal
2026-04-28 12:54:22.355826,NewYork-87d9,42,14,Normal
2026-04-28 12:54:23.355826,NewYork-87d9,-13,4,Normal
2026-04-28 12:54:24.355826,NewYork-87d9,-1,23,Normal
2026-04-28 12:54:25.355826,NewYork-87d9,-4,67,Normal
2026-04-28 12:54:26.355826,NewYork-87d9,-20,4,Normal
2026-04-28 12:54:27.355826,NewYork-87d9,45,70,Normal
2026-04-28 12:54:28.355826,NewYork-87d9,-12,33,Normal
2026-04-28 12:54:29.355826,NewYork-87d9,-9,57,Normal
2026-04-28 12:54:30.355826,NewYork-87d9,3,25,Normal
2026-04-28 12:54:31.355826,NewYork-87d9,-1,51,Normal
2026-04-28 12:54:32.355826,NewYork-87d9,20,0,Normal
2026-04-28 12:54:33.355826,NewYork-87d9,10,26,Normal
2026-04-28 12:54:34.355826,NewYork-87d9,-19,72,Normal
2026-04-28 12:54:35.355826,NewYork-87d9,37,3,Normal
2026-04-28 12:54:36.355826,NewYork-87d9,38,63,Normal
2026-04-28 12:54:37.355826,NewYork-87d9,-15,15,Normal
2026-04-28 12:54:38.355826,NewYork-87d9,-20,3,Normal
2026-04-28 12:54:39.355826,NewYork-87d9,-27,64,Normal
2026-04-28 12:54:40.355826,NewYork-87d9,21,21,Normal
2026-04-28 12:54:41.355826,NewYork-87d9,6,42,Normal
2026-04-28 12:54:42.355826,NewYork-87d9,-6,53,Normal
2026-04-28 12:54:43.355826,NewYork-87d9,5,74,Normal
2026-04-28 12:54:44.355826,NewYork-87d9,-24,76,Normal
2026-04-28 12:54:45.355826,NewYork-87d9,9,92,Normal
2026-04-28 12:54:46.355826,NewYork-87d9,39,25,Normal
2026-04-28 12:54:47.355826,NewYork-87d9,8,7,Normal
2026-04-28 12:54:48.355826,NewYork-87d9,8,21,Normal
2026-04-28 12:54:49.355826,NewYork-87d9,-24,41,Normal
2026-04-28 12:54:50.355826,NewYork-87d9,44,57,Normal
2026-04-28 12:54:51.355826,NewYork-87d9,-16,40,Normal
2026-04-28 12:54:52.355826,NewYork-87d9,13,39,Normal
2026-04-28 12:54:53.355826,NewYork-87d9,12,8,Normal
2026-04-28 12:54:54.355826,NewYork-87d9,17,32,Normal
2026-04-28 12:54:55.355826,NewYork-87d9,6,79,Normal
2026-04-28 12:54:56.355826,NewYork-87d9,33,34,Normal
2026-04-28 12:54:57.355826,NewYork-87d9,-4,65,Normal
2026-04-28 12:54:58.355826,NewYork-87d9,32,45,Normal
2026-04-28 12:54:59.355826,NewYork-87d9,37,7,Normal
2026-04-28 12:55:00.355826,NewYork-87d9,3,7,Normal
2026-04-28 12:55:01.355826,NewYork-87d9,26,48,Normal
2026-04-28 12:55:02.355826,NewYork-87d9,-14,49,Normal
2026-04-28 12:55:03.355826,NewYork-87d9,-14,36,Normal
2026-04-28 12:55:04.355826,NewYork-87d9,34,98,Normal
2026-04-28 12:55:05.355826,NewYork-87d9,9,100,Normal
2026-04-28 12:55:06.355826,NewYork-87d9,5,62,Normal
2026-04-28 12:55:07.355826,NewYork-87d9,7,95,Normal
2026-04-28 12:55:08.355826,NewYork-87d9,41,61,Normal
2026-04-28 12:55:09.355826,NewYork-87d9,36,52,Normal
2026-04-28 12:55:10.355826,NewYork-87d9,48,4,Normal
2026-04-28 12:55:11.355826,NewYork-87d9,-30,10,Normal
2026-04-28 12:55:12.355826,NewYork-87d9,25,62,Normal
2026-04-28 12:55:13.355826,NewYork-87d9,-12,48,Normal
2026-04-28 12:55:14.355826,NewYork-87d9,-8,32,Normal
2026-04-28 12:55:15.355826,NewYork-87d9,-28,9,Normal
2026-04-28 12:55:16.355826,NewYork-87d9,16,24,Normal
2026-04-28 12:55:17.355826,NewYork-87d9,47,95,Normal
2026-04-28 12:55:18.355826,NewYork-87d9,-17,15,Normal
2026-04-28 12:55:19.355826,NewYork-87d9,-15,61,Normal
2026-04-28 12:55:20.355826,NewYork-87d9,13,20,Normal
2026-04-28 12:55:21.355826,NewYork-87d9,0,32,Normal
2026-04-28 12:55:22.355826,NewYork-87d9,-28,57,Normal
2026-04-28 12:55:23.355826,NewYork-87d9,-17,21,Normal
2026-04-28 12:55:24.355826,NewYork-87d9,45,30,Normal
2026-04-28 12:55:25.355826,NewYork-87d9,-13,84,Normal
2026-04-28 12:55:26.355826,NewYork-87d9,48,60,Normal
2026-04-28 12:55:27.355826,NewYork-87d9,26,42,Normal
2026-04-28 12:55:28.355826,NewYork-87d9,50,87,Normal
2026-04-28 12:55:29.355826,NewYork-87d9,41,16,Normal
2026-04-28 12:55:30.355826,NewYork-87d9,-7,46,Normal
2026-04-28 12:55:31.355826,NewYork-87d9,19,76,Normal
2026-04-28 12:55:32.355826,NewYork-87d9,-1,75,Normal
2026-04-28 12:55:33.355826,NewYork-87d9,-3,31,Normal
2026-04-28 12:55:34.355826,NewYork-87d9,7,49,Normal
2026-04-28 12:55:35.355826,NewYork-87d9,36,95,Normal
2026-04-28 12:55:36.355826,NewYork-87d9,-19,47,Normal
2026-04-28 12:55:37.355826,NewYork-87d9,11,1,Normal
2026-04-28 12:55:38.355826,NewYork-87d9,-12,81,Normal
2026-04-28 12:55:39.355826,NewYork-87d9,-14,93,Normal
2026-04-28 12:55:40.355826,NewYork-87d9,-10,15,Normal
2026-04-28 12:55:41.355826,NewYork-87d9,50,90,Normal
2026-04-28 12:55:42.355826,NewYork-87d9,27,89,Normal
2026-04-28 12:55:43.355826,NewYork-87d9,12,63,Normal
2026-04-28 12:55:44.355826,NewYork-87d9,14,70,Normal
2026-04-28 12:55:45.355826,NewYork-87d9,50,62,Normal
2026-04-28 12:55:46.355826,NewYork-87d9,31,98,Normal
2026-04-28 12:55:47.355826,NewYork-87d9,-1,71,Normal
2026-04-28 12:55:48.355826,NewYork-87d9,-27,34,Normal
2026-04-28 12:55:49.355826,NewYork-87d9,18,42,Normal
2026-04-28 12:55:50.355826,NewYork-87d9,1,56,Normal
2026-04-28 12:55:51.355826,NewYork-87d9,42,55,Normal
2026-04-28 12:55:52.355826,NewYork-87d9,18,40,Normal
2026-04-28 12:55:53.355826,NewYork-87d9,14,56,Normal
2026-04-28 12:55:54.355826,NewYork-87d9,49,10,Normal
2026-04-28 12:55:55.355826,NewYork-87d9,26,96,Normal
2026-04-28 12:55:56.355826,NewYork-87d9,21,35,Normal
2026-04-28 12:55:57.355826,NewYork-87d9,11,77,Normal
2026-04-28 12:55:58.355826,NewYork-87d9,-26,75,Normal
2026-04-28 12:55:59.355826,NewYork-87d9,12,61,Normal
2026-04-28 12:56:00.355826,NewYork-87d9,6,75,Normal
2026-04-28 12:56:01.355826,NewYork-87d9,33,55,Normal
2026-04-28 12:56:02.355826,NewYork-87d9,-5,41,Normal
2026-04-28 12:56:03.355826,NewYork-87d9,48,24,Normal
2026-04-28 12:56:04.355826,NewYork-87d9,-9,33,Normal
2026-04-28 12:56:05.355826,NewYork-87d9,18,86,Normal
2026-04-28 12:56:06.355826,NewYork-87d9,4,95,Normal
2026-04-28 12:56:07.355826,NewYork-87d9,10,13,Normal
2026-04-28 12:56:08.355826,NewYork-87d9,24,42,Normal
2026-04-28 12:56:09.355826,NewYork-87d9,-16,88,Normal
2026-04-28 12:56:10.355826,NewYork-87d9,37,79,Normal
2026-04-28 12:56:11.355826,NewYork-87d9,-28,38,Normal
2026-04-28 12:56:12.355826,NewYork-87d9,34,93,Normal
2026-04-28 12:56:13.355826,NewYork-87d9,23,35,Normal
2026-04-28 12:56:14.355826,NewYork-87d9,-1,70,Normal
2026-04-28 12:56:15.355826,NewYork-87d9,39,85,Normal
2026-04-28 12:56:16.355826,NewYork-87d9,5,46,Normal
2026-04-28 12:56:17.355826,NewYork-87d9,-14,66,Normal
2026-04-28 12:56:18.355826,NewYork-87d9,33,55,Normal
2026-04-28 12:56:19.355826,NewYork-87d9,30,7,Normal
2026-04-28 12:56:20.355826,NewYork-87d9,-4,18,Normal
2026-04-28 12:56:21.355826,NewYork-87d9,-28,24,Normal
2026-04-28 12:56:22.355826,NewYork-87d9,29,63,Normal
2026-04-28 12:56:23.355826,NewYork-87d9,-23,84,Normal
2026-04-28 12:56:24.355826,NewYork-87d9,-5,3,Normal
2026-04-28 12:56:25.355826,NewYork-87d9,32,89,Normal
2026-04-28 12:56:26.355826,NewYork-87d9,35,36,Normal
2026-04-28 12:56:27.355826,NewYork-87d9,-12,81,Normal
2026-04-28 12:56:28.355826,NewYork-87d9,-20,22,Normal
2026-04-28 12:56:29.355826,NewYork-87d9,-27,2,Normal
2026-04-28 12:56:30.355826,NewYork-87d9,-24,74,Normal
2026-04-28 12:56:31.355826,NewYork-87d9,-3,93,Normal
2026-04-28 12:56:32.355826,NewYork-87d9,-16,17,Normal
2026-04-28 12:56:33.355826,NewYork-87d9,33,17,Normal
2026-04-28 12:56:34.355826,NewYork-87d9,7,60,Normal
2026-04-28 12:56:35.355826,NewYork-87d9,41,7,Normal
2026-04-28 12:56:36.355826,NewYork-87d9,46,66,Normal
2026-04-28 12:56:37.355826,NewYork-87d9,-27,4,Normal
2026-04-28 12:56:38.355826,NewYork-87d9,-13,9,Normal
2026-04-28 12:56:39.355826,NewYork-87d9,41,4,Normal
2026-04-28 12:56:40.355826,NewYork-87d9,-24,1,Normal
2026-04-28 12:56:41.355826,NewYork-87d9,-17,37,Normal
2026-04-28 12:56:42.355826,NewYork-87d9,19,38,Normal
2026-04-28 12:56:43.355826,NewYork-87d9,46,37,Normal
2026-04-28 12:56:44.355826,NewYork-87d9,-11,38,Normal
2026-04-28 12:56:45.355826,NewYork-87d9,-4,87,Normal
2026-04-28 12:56:46.355826,NewYork-87d9,-15,50,Normal
2026-04-28 12:56:47.355826,NewYork-87d9,-12,51,Normal
2026-04-28 12:56:48.355826,NewYork-87d9,-19,30,Normal
2026-04-28 12:56:49.355826,NewYork-87d9,-2,32,Normal
2026-04-28 12:56:50.355826,NewYork-87d9,-28,22,Normal
2026-04-28 12:56:51.355826,NewYork-87d9,-22,55,Normal
2026-04-28 12:56:52.355826,NewYork-87d9,-26,71,Normal
2026-04-28 12:56:53.355826,NewYork-87d9,48,40,Normal
2026-04-28 12:56:54.355826,NewYork-87d9,31,36,Normal
2026-04-28 12:56:55.355826,NewYork-87d9,-8,84,Normal
2026-04-28 12:56:56.355826,NewYork-87d9,11,79,Normal
2026-04-28 12:56:57.355826,NewYork-87d9,40,97,Normal
2026-04-28 12:56:58.355826,NewYork-87d9,3,4,Normal
2026-04-28 12:56:59.355826,NewYork-87d9,38,78,Normal
2026-04-28 12:57:00.355826,NewYork-87d9,-29,67,Normal
2026-04-28 12:57:01.355826,NewYork-87d9,22,72,Normal
2026-04-28 12:57:02.355826,NewYork-87d9,35,79,Normal
2026-04-28 12:57:03.355826,NewYork-87d9,28,6,Normal
2026-04-28 12:57:04.355826,NewYork-87d9,37,91,Normal
2026-04-28 12:57:05.355826,NewYork-87d9,16,69,Normal
2026-04-28 12:57:06.355826,NewYork-87d9,19,45,Normal
2026-04-28 12:57:07.355826,NewYork-87d9,-19,90,Normal
2026-04-28 12:57:08.355826,NewYork-87d9,-10,81,Normal
2026-04-28 12:57:09.355826,NewYork-87d9,-8,82,Normal
2026-04-28 12:57:10.355826,NewYork-87d9,10,63,Normal
2026-04-28 12:57:11.355826,NewYork-87d9,-13,20,Normal
2026-04-28 12:57:12.355826,NewYork-87d9,-22,11,Normal
2026-04-28 12:57:13.355826,NewYork-87d9,-1,63,Normal
2026-04-28 12:57:14.355826,NewYork-87d9,26,19,Normal
2026-04-28 12:57:15.355826,NewYork-87d9,47,100,Normal
2026-04-28 12:57:16.355826,NewYork-87d9,16,1,Normal
2026-04-28 12:57:17.355826,NewYork-87d9,-27,24,Normal
2026-04-28 12:57:18.355826,NewYork-87d9,41,69,Normal
2026-04-28 12:57:19.355826,NewYork-87d9,23,42,Normal
2026-04-28 12:57:20.355826,NewYork-87d9,6,61,Normal
2026-04-28 12:57:21.355826,NewYork-87d9,7,77,Normal
2026-04-28 12:57:22.355826,NewYork-87d9,-7,82,Normal
2026-04-28 12:57:23.355826,NewYork-87d9,-18,93,Normal
2026-04-28 12:57:24.355826,NewYork-87d9,3,33,Normal
2026-04-28 12:57:25.355826,NewYork-87d9,-10,74,Normal
2026-04-28 12:57:26.355826,NewYork-87d9,20,78,Normal
2026-04-28 12:57:27.355826,NewYork-87d9,37,97,Normal
2026-04-28 12:57:28.355826,NewYork-87d9,26,33,Normal
2026-04-28 12:57:29.355826,NewYork-87d9,24,11,Normal
2026-04-28 12:57:30.355826,NewYork-87d9,8,13,Normal
2026-04-28 12:57:31.355826,NewYork-87d9,40,94,Normal
2026-04-28 12:57:32.355826,NewYork-87d9,-5,85,Normal
2026-04-28 12:57:33.355826,NewYork-87d9,38,31,Normal
2026-04-28 12:57:34.355826,NewYork-87d9,3,73,Normal
2026-04-28 12:57:35.355826,NewYork-87d9,-28,47,Normal
2026-04-28 12:57:36.355826,NewYork-87d9,23,6,Normal
2026-04-28 12:57:37.355826,NewYork-87d9,-19,96,Normal
2026-04-28 12:57:38.355826,NewYork-87d9,-3,8,Normal
2026-04-28 12:57:39.355826,NewYork-87d9,20,24,Normal
2026-04-28 12:57:40.355826,NewYork-87d9,6,85,Normal
2026-04-28 12:57:41.355826,NewYork-87d9,0,41,Normal
2026-04-28 12:57:42.355826,NewYork-87d9,23,98,Normal
2026-04-28 12:57:43.355826,NewYork-87d9,32,55,Normal
2026-04-28 12:57:44.355826,NewYork-87d9,-22,61,Normal
2026-04-28 12:57:45.355826,NewYork-87d9,-18,55,Normal
2026-04-28 12:57:46.355826,NewYork-87d9,45,8,Normal
2026-04-28 12:57:47.355826,NewYork-87d9,-19,99,Normal
2026-04-28 12:57:48.355826,NewYork-87d9,14,17,Normal
2026-04-28 12:57:49.355826,NewYork-87d9,8,86,Normal
2026-04-28 12:57:50.355826,NewYork-87d9,-12,5,Normal
2026-04-28 12:57:51.355826,NewYork-87d9,13,76,Normal
2026-04-28 12:57:52.355826,NewYork-87d9,0,39,Normal
2026-04-28 12:57:53.355826,NewYork-87d9,32,52,Normal
2026-04-28 12:57:54.355826,NewYork-87d9,31,57,Normal
2026-04-28 12:57:55.355826,NewYork-87d9,21,69,Normal
2026-04-28 12:57:56.355826,NewYork-87d9,-30,39,Normal
2026-04-28 12:57:57.355826,NewYork-87d9,42,18,Normal
2026-04-28 12:57:58.355826,NewYork-87d9,-5,63,Normal
2026-04-28 12:57:59.355826,NewYork-87d9,47,33,Normal
2026-04-28 12:58:00.355826,NewYork-87d9,-1,82,Normal
2026-04-28 12:58:01.355826,NewYork-87d9,7,72,Normal
2026-04-28 12:58:02.355826,NewYork-87d9,6,60,Normal
2026-04-28 12:58:03.355826,NewYork-87d9,28,11,Normal
2026-04-28 12:58:04.355826,NewYork-87d9,31,35,Normal
2026-04-28 12:58:05.355826,NewYork-87d9,12,19,Normal
2026-04-28 12:58:06.355826,NewYork-87d9,-15,84,Normal
2026-04-28 12:58:07.355826,NewYork-87d9,-16,16,Normal
2026-04-28 12:58:08.355826,NewYork-87d9,24,72,Normal
2026-04-28 12:58:09.355826,NewYork-87d9,31,20,Normal
2026-04-28 12:58:10.355826,NewYork-87d9,31,2,Normal
2026-04-28 12:58:11.355826,NewYork-87d9,-27,91,Normal
2026-04-28 12:58:12.355826,NewYork-87d9,18,66,Normal
2026-04-28 12:58:13.355826,NewYork-87d9,-10,34,Normal
2026-04-28 12:58:14.355826,NewYork-87d9,38,33,Normal
2026-04-28 12:58:15.355826,NewYork-87d9,19,98,Normal
2026-04-28 12:58:16.355826,NewYork-87d9,37,36,Normal
2026-04-28 12:58:17.355826,NewYork-87d9,-24,60,Normal
2026-04-28 12:58:18.355826,NewYork-87d9,-10,45,Normal
2026-04-28 12:58:19.355826,NewYork-87d9,-10,5,Normal
2026-04-28 12:58:20.355826,NewYork-87d9,-24,29,Normal
2026-04-28 12:58:21.355826,NewYork-87d9,6,4,Normal
2026-04-28 12:58:22.355826,NewYork-87d9,39,64,Normal
2026-04-28 12:58:23.355826,NewYork-87d9,18,4,Normal
2026-04-28 12:58:24.355826,NewYork-87d9,44,8,Normal
2026-04-28 12:58:25.355826,NewYork-87d9,34,22,Normal
2026-04-28 12:58:26.355826,NewYork-87d9,-2,10,Normal
2026-04-28 12:58:27.355826,NewYork-87d9,-22,78,Normal
2026-04-28 12:58:28.355826,NewYork-87d9,19,77,Normal
2026-04-28 12:58:29.355826,NewYork-87d9,-3,51,Normal
2026-04-28 12:58:30.355826,NewYork-87d9,-18,71,Normal
2026-04-28 12:58:31.355826,NewYork-87d9,-13,70,Normal
2026-04-28 12:58:32.355826,NewYork-87d9,19,65,Normal
2026-04-28 12:58:33.355826,NewYork-87d9,8,75,Normal
2026-04-28 12:58:34.355826,NewYork-87d9,-29,80,Normal
2026-04-28 12:58:35.355826,NewYork-87d9,44,10,Normal
2026-04-28 12:58:36.355826,NewYork-87d9,-5,35,Normal
2026-04-28 12:58:37.355826,NewYork-87d9,27,66,Normal
2026-04-28 12:58:38.355826,NewYork-87d9,2,81,Normal
2026-04-28 12:58:39.355826,NewYork-87d9,36,82,Normal
2026-04-28 12:58:40.355826,NewYork-87d9,-4,72,Normal
2026-04-28 12:58:41.355826,NewYork-87d9,-5,88,Normal
2026-04-28 12:58:42.355826,NewYork-87d9,39,30,Normal
2026-04-28 12:58:43.355826,NewYork-87d9,-22,61,Normal
2026-04-28 12:58:44.355826,NewYork-87d9,-18,93,Normal
2026-04-28 12:58:45.355826,NewYork-87d9,-23,87,Normal
2026-04-28 12:58:46.355826,NewYork-87d9,33,85,Normal
2026-04-28 12:58:47.355826,NewYork-87d9,11,59,Normal
2026-04-28 12:58:48.355826,NewYork-87d9,1,91,Normal
2026-04-28 12:58:49.355826,NewYork-87d9,32,80,Normal
2026-04-28 12:58:50.355826,NewYork-87d9,-12,58,Normal
2026-04-28 12:58:51.355826,NewYork-87d9,50,67,Normal
2026-04-28 12:58:52.355826,NewYork-87d9,-21,98,Normal
2026-04-28 12:58:53.355826,NewYork-87d9,37,36,Normal
2026-04-28 12:58:54.355826,NewYork-87d9,-13,71,Normal
2026-04-28 12:58:55.355826,NewYork-87d9,16,76,Normal
2026-04-28 12:58:56.355826,NewYork-87d9,-22,86,Normal
2026-04-28 12:58:57.355826,NewYork-87d9,50,45,Normal
2026-04-28 12:58:58.355826,NewYork-87d9,13,49,Normal
2026-04-28 12:58:59.355826,NewYork-87d9,-21,7,Normal
2026-04-28 12:59:00.355826,NewYork-87d9,25,88,Normal
2026-04-28 12:59:01.355826,NewYork-87d9,46,68,Normal
2026-04-28 12:59:02.355826,NewYork-87d9,-30,89,Normal
2026-04-28 12:59:03.355826,NewYork-87d9,9,99,Normal
2026-04-28 12:59:04.355826,NewYork-87d9,-5,31,Normal
2026-04-28 12:59:05.355826,NewYork-87d9,6,50,Normal
2026-04-28 12:59:06.355826,NewYork-87d9,24,44,Normal
2026-04-28 12:59:07.355826,NewYork-87d9,6,58,Normal
