timestamp,station_id,temp,humid,condition
2026-02-15 15:23:11.627361,London-d5bb,26,57,Normal
2026-02-15 15:23:12.627361,London-d5bb,34,92,Normal
2026-02-15 15:23:13.627361,London-d5bb,-29,20,Normal
2026-02-15 15:23:14.627361,London-d5bb,10,78,Normal
2026-02-15 15:23:15.627361,London-d5bb,40,40,Normal
2026-02-15 15:23:16.627361,London-d5bb,-5,77,Normal
2026-02-15 15:23:17.627361,London-d5bb,1,55,Normal
2026-02-15 15:23:18.627361,London-d5bb,44,19,Normal
2026-02-15 15:23:19.627361,London-d5bb,44,85,Normal
2026-02-15 15:23:20.627361,London-d5bb,-15,65,Normal
2026-02-15 15:23:21.627361,London-d5bb,39,47,Normal
2026-02-15 15:23:22.627361,London-d5bb,46,54,Normal
2026-02-15 15:23:23.627361,London-d5bb,38,15,Normal
2026-02-15 15:23:24.627361,London-d5bb,-13,43,Normal
2026-02-15 15:23:25.627361,London-d5bb,15,94,Normal
2026-02-15 15:23:26.627361,London-d5bb,31,13,Normal
2026-02-15 15:23:27.627361,London-d5bb,-11,81,Normal
2026-02-15 15:23:28.627361,London-d5bb,30,79,Normal
2026-02-15 15:23:29.627361,London-d5bb,6,36,Normal
2026-02-15 15:23:30.627361,London-d5bb,48,100,Normal
2026-02-15 15:23:31.627361,London-d5bb,-9,72,Normal
2026-02-15 15:23:32.627361,London-d5bb,-25,55,Normal
2026-02-15 15:23:33.627361,London-d5bb,30,26,Normal
2026-02-15 15:23:34.627361,London-d5bb,22,7,Normal
2026-02-15 15:23:35.627361,London-d5bb,14,93,Normal
2026-02-15 15:23:36.627361,London-d5bb,25,12,Normal
2026-02-15 15:23:37.627361,London-d5bb,-17,22,Normal
2026-02-15 15:23:38.627361,London-d5bb,-23,19,Normal
2026-02-15 15:23:39.627361,London-d5bb,-7,27,Normal
2026-02-15 15:23:40.627361,London-d5bb,27,26,Normal
2026-02-15 15:23:41.627361,London-d5bb,31,73,Normal
2026-02-15 15:23:42.627361,London-d5bb,36,67,Normal
2026-02-15 15:23:43.627361,London-d5bb,39,29,Normal
2026-02-15 15:23:44.627361,London-d5bb,24,56,Normal
2026-02-15 15:23:45.627361,London-d5bb,-17,75,Normal
2026-02-15 15:23:46.627361,London-d5bb,15,57,Normal
2026-02-15 15:23:47.627361,London-d5bb,-26,9,Normal
2026-02-15 15:23:48.627361,London-d5bb,39,77,Normal
2026-02-15 15:23:49.627361,London-d5bb,-18,17,Normal
2026-02-15 15:23:50.627361,London-d5bb,37,46,Normal
2026-02-15 15:23:51.627361,London-d5bb,-21,39,Normal
2026-02-15 15:23:52.627361,London-d5bb,49,1,Normal
2026-02-15 15:23:53.627361,London-d5bb,1,47,Normal
2026-02-15 15:23:54.627361,London-d5bb,12,65,Normal
2026-02-15 15:23:55.627361,London-d5bb,6,10,Normal
2026-02-15 15:23:56.627361,London-d5bb,-27,93,Normal
2026-02-15 15:23:57.627361,London-d5bb,-1,1,Normal
2026-02-15 15:23:58.627361,London-d5bb,45,99,Normal
2026-02-15 15:23:59.627361,London-d5bb,23,89,Normal
2026-02-15 15:24:00.627361,London-d5bb,-7,61,Normal
2026-02-15 15:24:01.627361,London-d5bb,46,81,Normal
2026-02-15 15:24:02.627361,London-d5bb,42,55,Normal
2026-02-15 15:24:03.627361,London-d5bb,-28,78,Normal
2026-02-15 15:24:04.627361,London-d5bb,-11,28,Normal
2026-02-15 15:24:05.627361,London-d5bb,39,93,Normal
2026-02-15 15:24:06.627361,London-d5bb,14,10,Normal
2026-02-15 15:24:07.627361,London-d5bb,21,8,Normal
2026-02-15 15:24:08.627361,London-d5bb,-3,70,Normal
2026-02-15 15:24:09.627361,London-d5bb,34,49,Normal
2026-02-15 15:24:10.627361,London-d5bb,-21,66,Normal
2026-02-15 15:24:11.627361,London-d5bb,-9,13,Normal
2026-02-15 15:24:12.627361,London-d5bb,-29,35,Normal
2026-02-15 15:24:13.627361,London-d5bb,43,82,Normal
2026-02-15 15:24:14.627361,London-d5bb,-9,27,Normal
2026-02-15 15:24:15.627361,London-d5bb,32,14,Normal
2026-02-15 15:24:16.627361,London-d5bb,17,68,Normal
2026-02-15 15:24:17.627361,London-d5bb,-17,50,Normal
2026-02-15 15:24:18.627361,London-d5bb,-27,0,Normal
2026-02-15 15:24:19.627361,London-d5bb,18,65,Normal
2026-02-15 15:24:20.627361,London-d5bb,-11,32,Normal
2026-02-15 15:24:21.627361,London-d5bb,-26,97,Normal
2026-02-15 15:24:22.627361,London-d5bb,27,46,Normal
2026-02-15 15:24:23.627361,London-d5bb,-19,30,Normal
2026-02-15 15:24:24.627361,London-d5bb,13,64,Normal
2026-02-15 15:24:25.627361,London-d5bb,-28,49,Normal
2026-02-15 15:24:26.627361,London-d5bb,15,55,Normal
2026-02-15 15:24:27.627361,London-d5bb,-1,52,Normal
2026-02-15 15:24:28.627361,London-d5bb,-2,68,Normal
2026-02-15 15:24:29.627361,London-d5bb,31,23,Normal
2026-02-15 15:24:30.627361,London-d5bb,32,67,Normal
2026-02-15 15:24:31.627361,London-d5bb,49,91,Normal
2026-02-15 15:24:32.627361,London-d5bb,3,46,Normal
2026-02-15 15:24:33.627361,London-d5bb,26,15,Normal
2026-02-15 15:24:34.627361,London-d5bb,40,33,Normal
2026-02-15 15:24:35.627361,London-d5bb,37,60,Normal
2026-02-15 15:24:36.627361,London-d5bb,42,74,Normal
2026-02-15 15:24:37.627361,London-d5bb,50,82,Normal
2026-02-15 15:24:38.627361,London-d5bb,44,22,Normal
2026-02-15 15:24:39.627361,London-d5bb,4,72,Normal
2026-02-15 15:24:40.627361,London-d5bb,23,45,Normal
2026-02-15 15:24:41.627361,London-d5bb,-20,5,Normal
2026-02-15 15:24:42.627361,London-d5bb,-21,62,Normal
2026-02-15 15:24:43.627361,London-d5bb,-14,0,Normal
2026-02-15 15:24:44.627361,London-d5bb,-8,42,Normal
2026-02-15 15:24:45.627361,London-d5bb,12,87,Normal
2026-02-15 15:24:46.627361,London-d5bb,-22,28,Normal
2026-02-15 15:24:47.627361,London-d5bb,28,30,Normal
2026-02-15 15:24:48.627361,London-d5bb,-5,40,Normal
2026-02-15 15:24:49.627361,London-d5bb,-11,44,Normal
2026-02-15 15:24:50.627361,London-d5bb,42,30,Normal
2026-02-15 15:24:51.627361,London-d5bb,19,53,Normal
2026-02-15 15:24:52.627361,London-d5bb,4,46,Normal
2026-02-15 15:24:53.627361,London-d5bb,15,65,Normal
2026-02-15 15:24:54.627361,London-d5bb,-21,25,Normal
2026-02-15 15:24:55.627361,London-d5bb,45,20,Normal
2026-02-15 15:24:56.627361,London-d5bb,37,6,Normal
2026-02-15 15:24:57.627361,London-d5bb,32,59,Normal
2026-02-15 15:24:58.627361,London-d5bb,12,61,Normal
2026-02-15 15:24:59.627361,London-d5bb,10,32,Normal
2026-02-15 15:25:00.627361,London-d5bb,23,25,Normal
2026-02-15 15:25:01.627361,London-d5bb,-5,57,Normal
2026-02-15 15:25:02.627361,London-d5bb,-19,75,Normal
2026-02-15 15:25:03.627361,London-d5bb,17,86,Normal
2026-02-15 15:25:04.627361,London-d5bb,24,58,Normal
2026-02-15 15:25:05.627361,London-d5bb,2,61,Normal
2026-02-15 15:25:06.627361,London-d5bb,-11,26,Normal
2026-02-15 15:25:07.627361,London-d5bb,17,15,Normal
2026-02-15 15:25:08.627361,London-d5bb,36,38,Normal
2026-02-15 15:25:09.627361,London-d5bb,-6,63,Normal
2026-02-15 15:25:10.627361,London-d5bb,8,42,Normal
2026-02-15 15:25:11.627361,London-d5bb,34,99,Normal
2026-02-15 15:25:12.627361,London-d5bb,-16,94,Normal
2026-02-15 15:25:13.627361,London-d5bb,29,63,Normal
2026-02-15 15:25:14.627361,London-d5bb,-25,92,Normal
2026-02-15 15:25:15.627361,London-d5bb,17,64,Normal
2026-02-15 15:25:16.627361,London-d5bb,50,20,Normal
2026-02-15 15:25:17.627361,London-d5bb,36,4,Normal
2026-02-15 15:25:18.627361,London-d5bb,37,53,Normal
2026-02-15 15:25:19.627361,London-d5bb,45,79,Normal
2026-02-15 15:25:20.627361,London-d5bb,11,34,Normal
2026-02-15 15:25:21.627361,London-d5bb,12,74,Normal
2026-02-15 15:25:22.627361,London-d5bb,-12,78,Normal
2026-02-15 15:25:23.627361,London-d5bb,-20,83,Normal
2026-02-15 15:25:24.627361,London-d5bb,-6,64,Normal
2026-02-15 15:25:25.627361,London-d5bb,-24,45,Normal
2026-02-15 15:25:26.627361,London-d5bb,-13,39,Normal
2026-02-15 15:25:27.627361,London-d5bb,10,46,Normal
2026-02-15 15:25:28.627361,London-d5bb,32,82,Normal
2026-02-15 15:25:29.627361,London-d5bb,15,20,Normal
2026-02-15 15:25:30.627361,London-d5bb,-30,39,Normal
2026-02-15 15:25:31.627361,London-d5bb,28,80,Normal
2026-02-15 15:25:32.627361,London-d5bb,30,48,Normal
2026-02-15 15:25:33.627361,London-d5bb,37,14,Normal
2026-02-15 15:25:34.627361,London-d5bb,33,70,Normal
2026-02-15 15:25:35.627361,London-d5bb,-25,96,Normal
2026-02-15 15:25:36.627361,London-d5bb,-6,41,Normal
2026-02-15 15:25:37.627361,London-d5bb,31,34,Normal
2026-02-15 15:25:38.627361,London-d5bb,-28,31,Normal
2026-02-15 15:25:39.627361,London-d5bb,17,79,Normal
2026-02-15 15:25:40.627361,London-d5bb,-26,66,Normal
2026-02-15 15:25:41.627361,London-d5bb,30,30,Normal
2026-02-15 15:25:42.627361,London-d5bb,47,23,Normal
2026-02-15 15:25:43.627361,London-d5bb,23,15,Normal
2026-02-15 15:25:44.627361,London-d5bb,30,69,Normal
2026-02-15 15:25:45.627361,London-d5bb,24,85,Normal
2026-02-15 15:25:46.627361,London-d5bb,5,55,Normal
2026-02-15 15:25:47.627361,London-d5bb,-21,97,Normal
2026-02-15 15:25:48.627361,London-d5bb,18,49,Normal
2026-02-15 15:25:49.627361,London-d5bb,29,90,Normal
2026-02-15 15:25:50.627361,London-d5bb,-10,13,Normal
2026-02-15 15:25:51.627361,London-d5bb,17,60,Normal
2026-02-15 15:25:52.627361,London-d5bb,18,69,Normal
2026-02-15 15:25:53.627361,London-d5bb,-16,1,Normal
2026-02-15 15:25:54.627361,London-d5bb,28,82,Normal
2026-02-15 15:25:55.627361,London-d5bb,-23,40,Normal
2026-02-15 15:25:56.627361,London-d5bb,2,38,Normal
2026-02-15 15:25:57.627361,London-d5bb,-28,71,Normal
2026-02-15 15:25:58.627361,London-d5bb,-16,68,Normal
2026-02-15 15:25:59.627361,London-d5bb,6,93,Normal
2026-02-15 15:26:00.627361,London-d5bb,23,81,Normal
2026-02-15 15:26:01.627361,London-d5bb,-29,28,Normal
2026-02-15 15:26:02.627361,London-d5bb,-5,22,Normal
2026-02-15 15:26:03.627361,London-d5bb,-21,74,Normal
2026-02-15 15:26:04.627361,London-d5bb,49,43,Normal
2026-02-15 15:26:05.627361,London-d5bb,-16,15,Normal
2026-02-15 15:26:06.627361,London-d5bb,26,76,Normal
2026-02-15 15:26:07.627361,London-d5bb,8,46,Normal
2026-02-15 15:26:08.627361,London-d5bb,6,36,Normal
2026-02-15 15:26:09.627361,London-d5bb,-20,28,Normal
2026-02-15 15:26:10.627361,London-d5bb,-29,84,Normal
2026-02-15 15:26:11.627361,London-d5bb,-20,47,Normal
2026-02-15 15:26:12.627361,London-d5bb,-10,15,Normal
2026-02-15 15:26:13.627361,London-d5bb,44,70,Normal
2026-02-15 15:26:14.627361,London-d5bb,11,59,Normal
2026-02-15 15:26:15.627361,London-d5bb,-13,35,Normal
2026-02-15 15:26:16.627361,London-d5bb,36,43,Normal
2026-02-15 15:26:17.627361,London-d5bb,15,7,Normal
2026-02-15 15:26:18.627361,London-d5bb,12,89,Normal
2026-02-15 15:26:19.627361,London-d5bb,-21,32,Normal
2026-02-15 15:26:20.627361,London-d5bb,31,36,Normal
2026-02-15 15:26:21.627361,London-d5bb,14,13,Normal
2026-02-15 15:26:22.627361,London-d5bb,-11,57,Normal
2026-02-15 15:26:23.627361,London-d5bb,-10,58,Normal
2026-02-15 15:26:24.627361,London-d5bb,-24,100,Normal
2026-02-15 15:26:25.627361,London-d5bb,48,63,Normal
2026-02-15 15:26:26.627361,London-d5bb,-28,37,Normal
2026-02-15 15:26:27.627361,London-d5bb,23,21,Normal
2026-02-15 15:26:28.627361,London-d5bb,6,32,Normal
2026-02-15 15:26:29.627361,London-d5bb,27,11,Normal
2026-02-15 15:26:30.627361,London-d5bb,-9,44,Normal
2026-02-15 15:26:31.627361,London-d5bb,21,13,Normal
2026-02-15 15:26:32.627361,London-d5bb,-14,36,Normal
2026-02-15 15:26:33.627361,London-d5bb,-26,2,Normal
2026-02-15 15:26:34.627361,London-d5bb,30,25,Normal
2026-02-15 15:26:35.627361,London-d5bb,-6,20,Normal
2026-02-15 15:26:36.627361,London-d5bb,29,60,Normal
2026-02-15 15:26:37.627361,London-d5bb,13,1,Normal
2026-02-15 15:26:38.627361,London-d5bb,0,39,Normal
2026-02-15 15:26:39.627361,London-d5bb,22,31,Normal
2026-02-15 15:26:40.627361,London-d5bb,-23,26,Normal
2026-02-15 15:26:41.627361,London-d5bb,-8,24,Normal
2026-02-15 15:26:42.627361,London-d5bb,44,97,Normal
2026-02-15 15:26:43.627361,London-d5bb,-13,100,Normal
2026-02-15 15:26:44.627361,London-d5bb,27,8,Normal
2026-02-15 15:26:45.627361,London-d5bb,15,67,Normal
2026-02-15 15:26:46.627361,London-d5bb,-23,46,Normal
2026-02-15 15:26:47.627361,London-d5bb,33,24,Normal
2026-02-15 15:26:48.627361,London-d5bb,41,48,Normal
2026-02-15 15:26:49.627361,London-d5bb,-2,22,Normal
2026-02-15 15:26:50.627361,London-d5bb,35,40,Normal
2026-02-15 15:26:51.627361,London-d5bb,-4,52,Normal
2026-02-15 15:26:52.627361,London-d5bb,32,52,Normal
2026-02-15 15:26:53.627361,London-d5bb,-24,12,Normal
2026-02-15 15:26:54.627361,London-d5bb,16,54,Normal
2026-02-15 15:26:55.627361,London-d5bb,35,53,Normal
2026-02-15 15:26:56.627361,London-d5bb,17,49,Normal
2026-02-15 15:26:57.627361,London-d5bb,3,49,Normal
2026-02-15 15:26:58.627361,London-d5bb,39,79,Normal
2026-02-15 15:26:59.627361,London-d5bb,5,93,Normal
2026-02-15 15:27:00.627361,London-d5bb,38,27,Normal
2026-02-15 15:27:01.627361,London-d5bb,24,43,Normal
2026-02-15 15:27:02.627361,London-d5bb,26,19,Normal
2026-02-15 15:27:03.627361,London-d5bb,24,76,Normal
2026-02-15 15:27:04.627361,London-d5bb,41,6,Normal
2026-02-15 15:27:05.627361,London-d5bb,-17,13,Normal
2026-02-15 15:27:06.627361,London-d5bb,21,68,Normal
2026-02-15 15:27:07.627361,London-d5bb,29,79,Normal
2026-02-15 15:27:08.627361,London-d5bb,14,1,Normal
2026-02-15 15:27:09.627361,London-d5bb,41,82,Normal
2026-02-15 15:27:10.627361,London-d5bb,30,9,Normal
2026-02-15 15:27:11.627361,London-d5bb,43,96,Normal
2026-02-15 15:27:12.627361,London-d5bb,17,64,Normal
2026-02-15 15:27:13.627361,London-d5bb,5,54,Normal
2026-02-15 15:27:14.627361,London-d5bb,-29,41,Normal
2026-02-15 15:27:15.627361,London-d5bb,40,23,Normal
2026-02-15 15:27:16.627361,London-d5bb,-7,90,Normal
2026-02-15 15:27:17.627361,London-d5bb,50,27,Normal
2026-02-15 15:27:18.627361,London-d5bb,-29,66,Normal
2026-02-15 15:27:19.627361,London-d5bb,46,47,Normal
2026-02-15 15:27:20.627361,London-d5bb,0,31,Normal
2026-02-15 15:27:21.627361,London-d5bb,1,32,Normal
2026-02-15 15:27:22.627361,London-d5bb,4,95,Normal
2026-02-15 15:27:23.627361,London-d5bb,17,40,Normal
2026-02-15 15:27:24.627361,London-d5bb,15,84,Normal
2026-02-15 15:27:25.627361,London-d5bb,-7,46,Normal
2026-02-15 15:27:26.627361,London-d5bb,11,41,Normal
2026-02-15 15:27:27.627361,London-d5bb,18,79,Normal
2026-02-15 15:27:28.627361,London-d5bb,-20,67,Normal
2026-02-15 15:27:29.627361,London-d5bb,-22,33,Normal
2026-02-15 15:27:30.627361,London-d5bb,39,66,Normal
2026-02-15 15:27:31.627361,London-d5bb,32,12,Normal
2026-02-15 15:27:32.627361,London-d5bb,14,11,Normal
2026-02-15 15:27:33.627361,London-d5bb,-26,16,Normal
2026-02-15 15:27:34.627361,London-d5bb,31,96,Normal
2026-02-15 15:27:35.627361,London-d5bb,36,99,Normal
2026-02-15 15:27:36.627361,London-d5bb,15,93,Normal
2026-02-15 15:27:37.627361,London-d5bb,9,63,Normal
2026-02-15 15:27:38.627361,London-d5bb,23,2,Normal
2026-02-15 15:27:39.627361,London-d5bb,-4,28,Normal
2026-02-15 15:27:40.627361,London-d5bb,42,94,Normal
2026-02-15 15:27:41.627361,London-d5bb,-19,43,Normal
2026-02-15 15:27:42.627361,London-d5bb,-5,73,Normal
2026-02-15 15:27:43.627361,London-d5bb,9,65,Normal
2026-02-15 15:27:44.627361,London-d5bb,-9,75,Normal
2026-02-15 15:27:45.627361,London-d5bb,26,44,Normal
2026-02-15 15:27:46.627361,London-d5bb,4,100,Normal
2026-02-15 15:27:47.627361,London-d5bb,45,38,Normal
2026-02-15 15:27:48.627361,London-d5bb,36,91,Normal
2026-02-15 15:27:49.627361,London-d5bb,30,72,Normal
2026-02-15 15:27:50.627361,London-d5bb,27,41,Normal
2026-02-15 15:27:51.627361,London-d5bb,-22,37,Normal
2026-02-15 15:27:52.627361,London-d5bb,36,96,Normal
2026-02-15 15:27:53.627361,London-d5bb,25,13,Normal
2026-02-15 15:27:54.627361,London-d5bb,48,82,Normal
2026-02-15 15:27:55.627361,London-d5bb,20,82,Normal
2026-02-15 15:27:56.627361,London-d5bb,-7,100,Normal
2026-02-15 15:27:57.627361,London-d5bb,17,67,Normal
2026-02-15 15:27:58.627361,London-d5bb,-24,84,Normal
2026-02-15 15:27:59.627361,London-d5bb,35,75,Normal
2026-02-15 15:28:00.627361,London-d5bb,39,0,Normal
2026-02-15 15:28:01.627361,London-d5bb,-8,57,Normal
2026-02-15 15:28:02.627361,London-d5bb,15,47,Normal
2026-02-15 15:28:03.627361,London-d5bb,1,23,Normal
2026-02-15 15:28:04.627361,London-d5bb,-23,22,Normal
2026-02-15 15:28:05.627361,London-d5bb,34,37,Normal
2026-02-15 15:28:06.627361,London-d5bb,-28,64,Normal
2026-02-15 15:28:07.627361,London-d5bb,-6,62,Normal
2026-02-15 15:28:08.627361,London-d5bb,-26,13,Normal
2026-02-15 15:28:09.627361,London-d5bb,-18,50,Normal
2026-02-15 15:28:10.627361,London-d5bb,7,69,Normal
2026-02-15 15:28:11.627361,London-d5bb,-23,86,Normal
2026-02-15 15:28:12.627361,London-d5bb,36,19,Normal
2026-02-15 15:28:13.627361,London-d5bb,-17,97,Normal
2026-02-15 15:28:14.627361,London-d5bb,-12,31,Normal
2026-02-15 15:28:15.627361,London-d5bb,-14,77,Normal
2026-02-15 15:28:16.627361,London-d5bb,48,60,Normal
2026-02-15 15:28:17.627361,London-d5bb,16,36,Normal
2026-02-15 15:28:18.627361,London-d5bb,41,55,Normal
2026-02-15 15:28:19.627361,London-d5bb,45,14,Normal
2026-02-15 15:28:20.627361,London-d5bb,15,78,Normal
2026-02-15 15:28:21.627361,London-d5bb,13,51,Normal
2026-02-15 15:28:22.627361,London-d5bb,-16,94,Normal
2026-02-15 15:28:23.627361,London-d5bb,-14,38,Normal
2026-02-15 15:28:24.627361,London-d5bb,40,51,Normal
2026-02-15 15:28:25.627361,London-d5bb,-14,42,Normal
2026-02-15 15:28:26.627361,London-d5bb,-19,53,Normal
2026-02-15 15:28:27.627361,London-d5bb,-26,95,Normal
2026-02-15 15:28:28.627361,London-d5bb,-11,8,Normal
2026-02-15 15:28:29.627361,London-d5bb,-9,13,Normal
2026-02-15 15:28:30.627361,London-d5bb,18,74,Normal
2026-02-15 15:28:31.627361,London-d5bb,16,20,Normal
2026-02-15 15:28:32.627361,London-d5bb,15,68,Normal
2026-02-15 15:28:33.627361,London-d5bb,-18,67,Normal
2026-02-15 15:28:34.627361,London-d5bb,39,36,Normal
2026-02-15 15:28:35.627361,London-d5bb,30,84,Normal
2026-02-15 15:28:36.627361,London-d5bb,-2,21,Normal
2026-02-15 15:28:37.627361,London-d5bb,34,74,Normal
2026-02-15 15:28:38.627361,London-d5bb,5,0,Normal
2026-02-15 15:28:39.627361,London-d5bb,-9,95,Normal
2026-02-15 15:28:40.627361,London-d5bb,25,0,Normal
2026-02-15 15:28:41.627361,London-d5bb,-28,11,Normal
2026-02-15 15:28:42.627361,London-d5bb,25,18,Normal
2026-02-15 15:28:43.627361,London-d5bb,-29,3,Normal
2026-02-15 15:28:44.627361,London-d5bb,-25,45,Normal
2026-02-15 15:28:45.627361,London-d5bb,16,2,Normal
2026-02-15 15:28:46.627361,London-d5bb,4,51,Normal
2026-02-15 15:28:47.627361,London-d5bb,-10,85,Normal
2026-02-15 15:28:48.627361,London-d5bb,50,24,Normal
2026-02-15 15:28:49.627361,London-d5bb,47,58,Normal
2026-02-15 15:28:50.627361,London-d5bb,11,54,Normal
2026-02-15 15:28:51.627361,London-d5bb,14,72,Normal
2026-02-15 15:28:52.627361,London-d5bb,-26,38,Normal
2026-02-15 15:28:53.627361,London-d5bb,-3,60,Normal
2026-02-15 15:28:54.627361,London-d5bb,28,62,Normal
2026-02-15 15:28:55.627361,London-d5bb,-13,74,Normal
2026-02-15 15:28:56.627361,London-d5bb,43,87,Normal
2026-02-15 15:28:57.627361,London-d5bb,50,14,Normal
2026-02-15 15:28:58.627361,London-d5bb,-10,14,Normal
2026-02-15 15:28:59.627361,London-d5bb,8,80,Normal
2026-02-15 15:29:00.627361,London-d5bb,-14,33,Normal
2026-02-15 15:29:01.627361,London-d5bb,37,48,Normal
2026-02-15 15:29:02.627361,London-d5bb,-7,96,Normal
2026-02-15 15:29:03.627361,London-d5bb,11,70,Normal
2026-02-15 15:29:04.627361,London-d5bb,47,17,Normal
2026-02-15 15:29:05.627361,London-d5bb,24,68,Normal
2026-02-15 15:29:06.627361,London-d5bb,39,17,Normal
2026-02-15 15:29:07.627361,London-d5bb,40,82,Normal
2026-02-15 15:29:08.627361,London-d5bb,50,70,Normal
2026-02-15 15:29:09.627361,London-d5bb,16,97,Normal
2026-02-15 15:29:10.627361,London-d5bb,37,19,Normal
2026-02-15 15:29:11.627361,London-d5bb,41,26,Normal
2026-02-15 15:29:12.627361,London-d5bb,46,72,Normal
2026-02-15 15:29:13.627361,London-d5bb,45,17,Normal
2026-02-15 15:29:14.627361,London-d5bb,-11,55,Normal
2026-02-15 15:29:15.627361,London-d5bb,-24,21,Normal
2026-02-15 15:29:16.627361,London-d5bb,6,60,Normal
2026-02-15 15:29:17.627361,London-d5bb,6,87,Normal
2026-02-15 15:29:18.627361,London-d5bb,-11,19,Normal
2026-02-15 15:29:19.627361,London-d5bb,20,18,Normal
2026-02-15 15:29:20.627361,London-d5bb,-12,49,Normal
2026-02-15 15:29:21.627361,London-d5bb,-15,90,Normal
2026-02-15 15:29:22.627361,London-d5bb,13,90,Normal
2026-02-15 15:29:23.627361,London-d5bb,10,37,Normal
2026-02-15 15:29:24.627361,London-d5bb,-22,24,Normal
2026-02-15 15:29:25.627361,London-d5bb,50,39,Normal
2026-02-15 15:29:26.627361,London-d5bb,-2,36,Normal
2026-02-15 15:29:27.627361,London-d5bb,-27,35,Normal
2026-02-15 15:29:28.627361,London-d5bb,38,92,Normal
2026-02-15 15:29:29.627361,London-d5bb,-14,55,Normal
2026-02-15 15:29:30.627361,London-d5bb,-12,17,Normal
2026-02-15 15:29:31.627361,London-d5bb,37,62,Normal
2026-02-15 15:29:32.627361,London-d5bb,-20,75,Normal
2026-02-15 15:29:33.627361,London-d5bb,26,74,Normal
2026-02-15 15:29:34.627361,London-d5bb,46,6,Normal
2026-02-15 15:29:35.627361,London-d5bb,5,18,Normal
2026-02-15 15:29:36.627361,London-d5bb,-25,68,Normal
2026-02-15 15:29:37.627361,London-d5bb,-16,21,Normal
2026-02-15 15:29:38.627361,London-d5bb,23,69,Normal
2026-02-15 15:29:39.627361,London-d5bb,-9,52,Normal
2026-02-15 15:29:40.627361,London-d5bb,26,3,Normal
2026-02-15 15:29:41.627361,London-d5bb,13,2,Normal
2026-02-15 15:29:42.627361,London-d5bb,22,20,Normal
2026-02-15 15:29:43.627361,London-d5bb,37,4,Normal
2026-02-15 15:29:44.627361,London-d5bb,50,83,Normal
2026-02-15 15:29:45.627361,London-d5bb,12,15,Normal
2026-02-15 15:29:46.627361,London-d5bb,48,64,Normal
2026-02-15 15:29:47.627361,London-d5bb,-18,7,Normal
2026-02-15 15:29:48.627361,London-d5bb,-15,16,Normal
2026-02-15 15:29:49.627361,London-d5bb,-30,60,Normal
2026-02-15 15:29:50.627361,London-d5bb,2,80,Normal
2026-02-15 15:29:51.627361,London-d5bb,-11,76,Normal
2026-02-15 15:29:52.627361,London-d5bb,28,41,Normal
2026-02-15 15:29:53.627361,London-d5bb,33,17,Normal
2026-02-15 15:29:54.627361,London-d5bb,35,7,Normal
2026-02-15 15:29:55.627361,London-d5bb,12,71,Normal
2026-02-15 15:29:56.627361,London-d5bb,39,6,Normal
2026-02-15 15:29:57.627361,London-d5bb,-11,51,Normal
2026-02-15 15:29:58.627361,London-d5bb,-12,34,Normal
2026-02-15 15:29:59.627361,London-d5bb,14,38,Normal
2026-02-15 15:30:00.627361,London-d5bb,-7,73,Normal
2026-02-15 15:30:01.627361,London-d5bb,33,90,Normal
2026-02-15 15:30:02.627361,London-d5bb,-14,16,Normal
2026-02-15 15:30:03.627361,London-d5bb,7,54,Normal
2026-02-15 15:30:04.627361,London-d5bb,-26,12,Normal
2026-02-15 15:30:05.627361,London-d5bb,-24,54,Normal
2026-02-15 15:30:06.627361,London-d5bb,8,4,Normal
2026-02-15 15:30:07.627361,London-d5bb,-29,35,Normal
2026-02-15 15:30:08.627361,London-d5bb,23,66,Normal
2026-02-15 15:30:09.627361,London-d5bb,21,30,Normal
2026-02-15 15:30:10.627361,London-d5bb,4,59,Normal
2026-02-15 15:30:11.627361,London-d5bb,-21,34,Normal
2026-02-15 15:30:12.627361,London-d5bb,38,90,Normal
2026-02-15 15:30:13.627361,London-d5bb,-16,51,Normal
2026-02-15 15:30:14.627361,London-d5bb,-29,65,Normal
2026-02-15 15:30:15.627361,London-d5bb,-15,12,Normal
2026-02-15 15:30:16.627361,London-d5bb,-30,27,Normal
2026-02-15 15:30:17.627361,London-d5bb,-17,99,Normal
2026-02-15 15:30:18.627361,London-d5bb,38,53,Normal
2026-02-15 15:30:19.627361,London-d5bb,-28,88,Normal
2026-02-15 15:30:20.627361,London-d5bb,-15,26,Normal
2026-02-15 15:30:21.627361,London-d5bb,35,67,Normal
2026-02-15 15:30:22.627361,London-d5bb,46,13,Normal
2026-02-15 15:30:23.627361,London-d5bb,20,39,Normal
2026-02-15 15:30:24.627361,London-d5bb,-2,53,Normal
2026-02-15 15:30:25.627361,London-d5bb,-25,33,Normal
2026-02-15 15:30:26.627361,London-d5bb,-29,86,Normal
2026-02-15 15:30:27.627361,London-d5bb,-6,89,Normal
2026-02-15 15:30:28.627361,London-d5bb,-17,0,Normal
2026-02-15 15:30:29.627361,London-d5bb,-18,98,Normal
2026-02-15 15:30:30.627361,London-d5bb,-7,76,Normal
2026-02-15 15:30:31.627361,London-d5bb,-20,83,Normal
2026-02-15 15:30:32.627361,London-d5bb,4,41,Normal
2026-02-15 15:30:33.627361,London-d5bb,25,51,Normal
2026-02-15 15:30:34.627361,London-d5bb,-8,70,Normal
2026-02-15 15:30:35.627361,London-d5bb,-21,27,Normal
2026-02-15 15:30:36.627361,London-d5bb,15,41,Normal
2026-02-15 15:30:37.627361,London-d5bb,-2,82,Normal
2026-02-15 15:30:38.627361,London-d5bb,-16,11,Normal
2026-02-15 15:30:39.627361,London-d5bb,-2,14,Normal
2026-02-15 15:30:40.627361,London-d5bb,37,47,Normal
2026-02-15 15:30:41.627361,London-d5bb,-29,18,Normal
2026-02-15 15:30:42.627361,London-d5bb,14,30,Normal
2026-02-15 15:30:43.627361,London-d5bb,19,16,Normal
2026-02-15 15:30:44.627361,London-d5bb,34,8,Normal
2026-02-15 15:30:45.627361,London-d5bb,15,22,Normal
2026-02-15 15:30:46.627361,London-d5bb,-23,44,Normal
2026-02-15 15:30:47.627361,London-d5bb,41,10,Normal
2026-02-15 15:30:48.627361,London-d5bb,34,46,Normal
2026-02-15 15:30:49.627361,London-d5bb,25,32,Normal
2026-02-15 15:30:50.627361,London-d5bb,22,55,Normal
2026-02-15 15:30:51.627361,London-d5bb,48,42,Normal
2026-02-15 15:30:52.627361,London-d5bb,23,26,Normal
2026-02-15 15:30:53.627361,London-d5bb,13,44,Normal
2026-02-15 15:30:54.627361,London-d5bb,-9,20,Normal
2026-02-15 15:30:55.627361,London-d5bb,7,25,Normal
2026-02-15 15:30:56.627361,London-d5bb,28,35,Normal
2026-02-15 15:30:57.627361,London-d5bb,-1,86,Normal
2026-02-15 15:30:58.627361,London-d5bb,37,24,Normal
2026-02-15 15:30:59.627361,London-d5bb,-11,81,Normal
2026-02-15 15:31:00.627361,London-d5bb,25,88,Normal
2026-02-15 15:31:01.627361,London-d5bb,-18,41,Normal
2026-02-15 15:31:02.627361,London-d5bb,-21,85,Normal
2026-02-15 15:31:03.627361,London-d5bb,40,100,Normal
2026-02-15 15:31:04.627361,London-d5bb,6,81,Normal
2026-02-15 15:31:05.627361,London-d5bb,-15,55,Normal
2026-02-15 15:31:06.627361,London-d5bb,-2,85,Normal
2026-02-15 15:31:07.627361,London-d5bb,-8,72,Normal
2026-02-15 15:31:08.627361,London-d5bb,46,95,Normal
2026-02-15 15:31:09.627361,London-d5bb,-21,47,Normal
2026-02-15 15:31:10.627361,London-d5bb,30,32,Normal
2026-02-15 15:31:11.627361,London-d5bb,49,15,Normal
2026-02-15 15:31:12.627361,London-d5bb,29,53,Normal
2026-02-15 15:31:13.627361,London-d5bb,-5,50,Normal
2026-02-15 15:31:14.627361,London-d5bb,14,29,Normal
2026-02-15 15:31:15.627361,London-d5bb,13,41,Normal
2026-02-15 15:31:16.627361,London-d5bb,-22,54,Normal
2026-02-15 15:31:17.627361,London-d5bb,17,46,Normal
2026-02-15 15:31:18.627361,London-d5bb,-21,21,Normal
2026-02-15 15:31:19.627361,London-d5bb,-5,4,Normal
2026-02-15 15:31:20.627361,London-d5bb,29,92,Normal
2026-02-15 15:31:21.627361,London-d5bb,30,49,Normal
2026-02-15 15:31:22.627361,London-d5bb,-26,33,Normal
2026-02-15 15:31:23.627361,London-d5bb,-11,48,Normal
2026-02-15 15:31:24.627361,London-d5bb,21,28,Normal
2026-02-15 15:31:25.627361,London-d5bb,2,44,Normal
2026-02-15 15:31:26.627361,London-d5bb,32,27,Normal
2026-02-15 15:31:27.627361,London-d5bb,9,15,Normal
2026-02-15 15:31:28.627361,London-d5bb,24,26,Normal
2026-02-15 15:31:29.627361,London-d5bb,18,55,Normal
2026-02-15 15:31:30.627361,London-d5bb,47,44,Normal
2026-02-15 15:31:31.627361,London-d5bb,33,51,Normal
2026-02-15 15:31:32.627361,London-d5bb,45,64,Normal
2026-02-15 15:31:33.627361,London-d5bb,-11,45,Normal
2026-02-15 15:31:34.627361,London-d5bb,3,24,Normal
2026-02-15 15:31:35.627361,London-d5bb,-28,69,Normal
2026-02-15 15:31:36.627361,London-d5bb,40,61,Normal
2026-02-15 15:31:37.627361,London-d5bb,18,19,Normal
2026-02-15 15:31:38.627361,London-d5bb,16,94,Normal
2026-02-15 15:31:39.627361,London-d5bb,33,65,Normal
2026-02-15 15:31:40.627361,London-d5bb,-28,59,Normal
2026-02-15 15:31:41.627361,London-d5bb,-1,99,Normal
2026-02-15 15:31:42.627361,London-d5bb,12,6,Normal
2026-02-15 15:31:43.627361,London-d5bb,39,73,Normal
2026-02-15 15:31:44.627361,London-d5bb,6,71,Normal
2026-02-15 15:31:45.627361,London-d5bb,28,9,Normal
2026-02-15 15:31:46.627361,London-d5bb,-1,64,Normal
2026-02-15 15:31:47.627361,London-d5bb,28,34,Normal
2026-02-15 15:31:48.627361,London-d5bb,41,13,Normal
2026-02-15 15:31:49.627361,London-d5bb,34,52,Normal
2026-02-15 15:31:50.627361,London-d5bb,45,24,Normal
2026-02-15 15:31:51.627361,London-d5bb,-24,22,Normal
2026-02-15 15:31:52.627361,London-d5bb,-25,58,Normal
2026-02-15 15:31:53.627361,London-d5bb,-8,82,Normal
2026-02-15 15:31:54.627361,London-d5bb,-23,99,Normal
2026-02-15 15:31:55.627361,London-d5bb,12,72,Normal
2026-02-15 15:31:56.627361,London-d5bb,29,81,Normal
2026-02-15 15:31:57.627361,London-d5bb,12,30,Normal
2026-02-15 15:31:58.627361,London-d5bb,42,88,Normal
2026-02-15 15:31:59.627361,London-d5bb,-18,1,Normal
2026-02-15 15:32:00.627361,London-d5bb,25,38,Normal
2026-02-15 15:32:01.627361,London-d5bb,12,90,Normal
2026-02-15 15:32:02.627361,London-d5bb,-17,82,Normal
2026-02-15 15:32:03.627361,London-d5bb,-24,0,Normal
2026-02-15 15:32:04.627361,London-d5bb,13,6,Normal
2026-02-15 15:32:05.627361,London-d5bb,36,38,Normal
2026-02-15 15:32:06.627361,London-d5bb,46,98,Normal
2026-02-15 15:32:07.627361,London-d5bb,-20,68,Normal
2026-02-15 15:32:08.627361,London-d5bb,-10,17,Normal
2026-02-15 15:32:09.627361,London-d5bb,21,57,Normal
2026-02-15 15:32:10.627361,London-d5bb,38,36,Normal
2026-02-15 15:32:11.627361,London-d5bb,18,38,Normal
2026-02-15 15:32:12.627361,London-d5bb,10,57,Normal
2026-02-15 15:32:13.627361,London-d5bb,40,58,Normal
2026-02-15 15:32:14.627361,London-d5bb,6,2,Normal
2026-02-15 15:32:15.627361,London-d5bb,27,22,Normal
2026-02-15 15:32:16.627361,London-d5bb,-2,0,Normal
2026-02-15 15:32:17.627361,London-d5bb,-9,62,Normal
2026-02-15 15:32:18.627361,London-d5bb,46,0,Normal
2026-02-15 15:32:19.627361,London-d5bb,19,53,Normal
2026-02-15 15:32:20.627361,London-d5bb,4,59,Normal
2026-02-15 15:32:21.627361,London-d5bb,40,42,Normal
2026-02-15 15:32:22.627361,London-d5bb,-19,77,Normal
2026-02-15 15:32:23.627361,London-d5bb,9,66,Normal
2026-02-15 15:32:24.627361,London-d5bb,22,73,Normal
2026-02-15 15:32:25.627361,London-d5bb,-6,43,Normal
2026-02-15 15:32:26.627361,London-d5bb,24,75,Normal
2026-02-15 15:32:27.627361,London-d5bb,-21,25,Normal
2026-02-15 15:32:28.627361,London-d5bb,19,12,Normal
2026-02-15 15:32:29.627361,London-d5bb,24,79,Normal
2026-02-15 15:32:30.627361,London-d5bb,8,90,Normal
2026-02-15 15:32:31.627361,London-d5bb,-21,66,Normal
2026-02-15 15:32:32.627361,London-d5bb,40,27,Normal
2026-02-15 15:32:33.627361,London-d5bb,41,93,Normal
2026-02-15 15:32:34.627361,London-d5bb,33,74,Normal
2026-02-15 15:32:35.627361,London-d5bb,-2,98,Normal
2026-02-15 15:32:36.627361,London-d5bb,39,77,Normal
2026-02-15 15:32:37.627361,London-d5bb,4,49,Normal
2026-02-15 15:32:38.627361,London-d5bb,43,31,Normal
2026-02-15 15:32:39.627361,London-d5bb,35,82,Normal
2026-02-15 15:32:40.627361,London-d5bb,8,49,Normal
2026-02-15 15:32:41.627361,London-d5bb,4,33,Normal
2026-02-15 15:32:42.627361,London-d5bb,-29,3,Normal
2026-02-15 15:32:43.627361,London-d5bb,-7,0,Normal
2026-02-15 15:32:44.627361,London-d5bb,-11,4,Normal
2026-02-15 15:32:45.627361,London-d5bb,14,86,Normal
2026-02-15 15:32:46.627361,London-d5bb,6,72,Normal
2026-02-15 15:32:47.627361,London-d5bb,-12,64,Normal
2026-02-15 15:32:48.627361,London-d5bb,-18,61,Normal
2026-02-15 15:32:49.627361,London-d5bb,-15,19,Normal
2026-02-15 15:32:50.627361,London-d5bb,2,84,Normal
2026-02-15 15:32:51.627361,London-d5bb,32,98,Normal
2026-02-15 15:32:52.627361,London-d5bb,11,92,Normal
2026-02-15 15:32:53.627361,London-d5bb,45,88,Normal
2026-02-15 15:32:54.627361,London-d5bb,-14,53,Normal
2026-02-15 15:32:55.627361,London-d5bb,11,53,Normal
2026-02-15 15:32:56.627361,London-d5bb,-9,71,Normal
2026-02-15 15:32:57.627361,London-d5bb,40,40,Normal
2026-02-15 15:32:58.627361,London-d5bb,49,61,Normal
2026-02-15 15:32:59.627361,London-d5bb,1,36,Normal
2026-02-15 15:33:00.627361,London-d5bb,39,79,Normal
2026-02-15 15:33:01.627361,London-d5bb,-5,85,Normal
2026-02-15 15:33:02.627361,London-d5bb,45,24,Normal
2026-02-15 15:33:03.627361,London-d5bb,38,80,Normal
2026-02-15 15:33:04.627361,London-d5bb,24,0,Normal
2026-02-15 15:33:05.627361,London-d5bb,46,37,Normal
2026-02-15 15:33:06.627361,London-d5bb,19,82,Normal
2026-02-15 15:33:07.627361,London-d5bb,38,82,Normal
2026-02-15 15:33:08.627361,London-d5bb,-11,14,Normal
2026-02-15 15:33:09.627361,London-d5bb,23,50,Normal
2026-02-15 15:33:10.627361,London-d5bb,-28,5,Normal
2026-02-15 15:33:11.627361,London-d5bb,19,90,Normal
2026-02-15 15:33:12.627361,London-d5bb,38,4,Normal
2026-02-15 15:33:13.627361,London-d5bb,47,51,Normal
2026-02-15 15:33:14.627361,London-d5bb,24,49,Normal
2026-02-15 15:33:15.627361,London-d5bb,13,23,Normal
2026-02-15 15:33:16.627361,London-d5bb,31,55,Normal
2026-02-15 15:33:17.627361,London-d5bb,43,36,Normal
2026-02-15 15:33:18.627361,London-d5bb,-30,72,Normal
2026-02-15 15:33:19.627361,London-d5bb,46,69,Normal
2026-02-15 15:33:20.627361,London-d5bb,-30,92,Normal
2026-02-15 15:33:21.627361,London-d5bb,49,36,Normal
2026-02-15 15:33:22.627361,London-d5bb,9,51,Normal
2026-02-15 15:33:23.627361,London-d5bb,-28,95,Normal
2026-02-15 15:33:24.627361,London-d5bb,1,30,Normal
2026-02-15 15:33:25.627361,London-d5bb,23,17,Normal
2026-02-15 15:33:26.627361,London-d5bb,-9,9,Normal
2026-02-15 15:33:27.627361,London-d5bb,-24,69,Normal
2026-02-15 15:33:28.627361,London-d5bb,37,35,Normal
2026-02-15 15:33:29.627361,London-d5bb,-2,47,Normal
2026-02-15 15:33:30.627361,London-d5bb,-3,61,Normal
2026-02-15 15:33:31.627361,London-d5bb,-20,18,Normal
2026-02-15 15:33:32.627361,London-d5bb,40,29,Normal
2026-02-15 15:33:33.627361,London-d5bb,20,42,Normal
2026-02-15 15:33:34.627361,London-d5bb,34,82,Normal
2026-02-15 15:33:35.627361,London-d5bb,34,31,Normal
2026-02-15 15:33:36.627361,London-d5bb,-17,12,Normal
2026-02-15 15:33:37.627361,London-d5bb,47,42,Normal
2026-02-15 15:33:38.627361,London-d5bb,7,39,Normal
2026-02-15 15:33:39.627361,London-d5bb,-22,51,Normal
2026-02-15 15:33:40.627361,London-d5bb,-14,41,Normal
2026-02-15 15:33:41.627361,London-d5bb,-9,26,Normal
2026-02-15 15:33:42.627361,London-d5bb,29,66,Normal
2026-02-15 15:33:43.627361,London-d5bb,26,9,Normal
2026-02-15 15:33:44.627361,London-d5bb,6,14,Normal
2026-02-15 15:33:45.627361,London-d5bb,49,65,Normal
2026-02-15 15:33:46.627361,London-d5bb,22,64,Normal
2026-02-15 15:33:47.627361,London-d5bb,12,60,Normal
2026-02-15 15:33:48.627361,London-d5bb,-15,43,Normal
2026-02-15 15:33:49.627361,London-d5bb,4,74,Normal
2026-02-15 15:33:50.627361,London-d5bb,12,42,Normal
2026-02-15 15:33:51.627361,London-d5bb,15,95,Normal
2026-02-15 15:33:52.627361,London-d5bb,27,13,Normal
2026-02-15 15:33:53.627361,London-d5bb,43,26,Normal
2026-02-15 15:33:54.627361,London-d5bb,45,8,Normal
2026-02-15 15:33:55.627361,London-d5bb,6,55,Normal
2026-02-15 15:33:56.627361,London-d5bb,-18,9,Normal
2026-02-15 15:33:57.627361,London-d5bb,-6,47,Normal
2026-02-15 15:33:58.627361,London-d5bb,10,33,Normal
2026-02-15 15:33:59.627361,London-d5bb,48,29,Normal
2026-02-15 15:34:00.627361,London-d5bb,-22,18,Normal
2026-02-15 15:34:01.627361,London-d5bb,0,98,Normal
2026-02-15 15:34:02.627361,London-d5bb,34,54,Normal
2026-02-15 15:34:03.627361,London-d5bb,47,81,Normal
2026-02-15 15:34:04.627361,London-d5bb,47,29,Normal
2026-02-15 15:34:05.627361,London-d5bb,-7,53,Normal
2026-02-15 15:34:06.627361,London-d5bb,-19,34,Normal
2026-02-15 15:34:07.627361,London-d5bb,33,9,Normal
2026-02-15 15:34:08.627361,London-d5bb,30,3,Normal
2026-02-15 15:34:09.627361,London-d5bb,49,33,Normal
2026-02-15 15:34:10.627361,London-d5bb,-30,99,Normal
2026-02-15 15:34:11.627361,London-d5bb,21,6,Normal
2026-02-15 15:34:12.627361,London-d5bb,17,41,Normal
2026-02-15 15:34:13.627361,London-d5bb,20,73,Normal
2026-02-15 15:34:14.627361,London-d5bb,-16,25,Normal
2026-02-15 15:34:15.627361,London-d5bb,20,2,Normal
2026-02-15 15:34:16.627361,London-d5bb,3,95,Normal
2026-02-15 15:34:17.627361,London-d5bb,-7,95,Normal
2026-02-15 15:34:18.627361,London-d5bb,12,11,Normal
2026-02-15 15:34:19.627361,London-d5bb,6,13,Normal
2026-02-15 15:34:20.627361,London-d5bb,-25,62,Normal
2026-02-15 15:34:21.627361,London-d5bb,10,36,Normal
2026-02-15 15:34:22.627361,London-d5bb,41,34,Normal
2026-02-15 15:34:23.627361,London-d5bb,27,60,Normal
2026-02-15 15:34:24.627361,London-d5bb,21,1,Normal
2026-02-15 15:34:25.627361,London-d5bb,-25,64,Normal
2026-02-15 15:34:26.627361,London-d5bb,-10,89,Normal
2026-02-15 15:34:27.627361,London-d5bb,29,37,Normal
2026-02-15 15:34:28.627361,London-d5bb,-14,92,Normal
2026-02-15 15:34:29.627361,London-d5bb,35,100,Normal
2026-02-15 15:34:30.627361,London-d5bb,-22,30,Normal
2026-02-15 15:34:31.627361,London-d5bb,-11,98,Normal
2026-02-15 15:34:32.627361,London-d5bb,23,13,Normal
2026-02-15 15:34:33.627361,London-d5bb,-1,20,Normal
2026-02-15 15:34:34.627361,London-d5bb,11,9,Normal
2026-02-15 15:34:35.627361,London-d5bb,-4,52,Normal
2026-02-15 15:34:36.627361,London-d5bb,10,93,Normal
2026-02-15 15:34:37.627361,London-d5bb,17,85,Normal
2026-02-15 15:34:38.627361,London-d5bb,-30,76,Normal
2026-02-15 15:34:39.627361,London-d5bb,7,16,Normal
2026-02-15 15:34:40.627361,London-d5bb,40,35,Normal
2026-02-15 15:34:41.627361,London-d5bb,-25,85,Normal
2026-02-15 15:34:42.627361,London-d5bb,39,50,Normal
2026-02-15 15:34:43.627361,London-d5bb,36,83,Normal
2026-02-15 15:34:44.627361,London-d5bb,-7,96,Normal
2026-02-15 15:34:45.627361,London-d5bb,3,100,Normal
2026-02-15 15:34:46.627361,London-d5bb,50,43,Normal
2026-02-15 15:34:47.627361,London-d5bb,-24,80,Normal
2026-02-15 15:34:48.627361,London-d5bb,-10,73,Normal
2026-02-15 15:34:49.627361,London-d5bb,-14,16,Normal
2026-02-15 15:34:50.627361,London-d5bb,36,9,Normal
2026-02-15 15:34:51.627361,London-d5bb,24,82,Normal
2026-02-15 15:34:52.627361,London-d5bb,26,44,Normal
2026-02-15 15:34:53.627361,London-d5bb,19,91,Normal
2026-02-15 15:34:54.627361,London-d5bb,43,12,Normal
2026-02-15 15:34:55.627361,London-d5bb,11,55,Normal
2026-02-15 15:34:56.627361,London-d5bb,42,17,Normal
2026-02-15 15:34:57.627361,London-d5bb,21,5,Normal
2026-02-15 15:34:58.627361,London-d5bb,-7,40,Normal
2026-02-15 15:34:59.627361,London-d5bb,2,92,Normal
2026-02-15 15:35:00.627361,London-d5bb,12,38,Normal
2026-02-15 15:35:01.627361,London-d5bb,19,14,Normal
2026-02-15 15:35:02.627361,London-d5bb,-8,69,Normal
2026-02-15 15:35:03.627361,London-d5bb,42,17,Normal
2026-02-15 15:35:04.627361,London-d5bb,48,100,Normal
2026-02-15 15:35:05.627361,London-d5bb,46,8,Normal
2026-02-15 15:35:06.627361,London-d5bb,-22,6,Normal
2026-02-15 15:35:07.627361,London-d5bb,9,42,Normal
2026-02-15 15:35:08.627361,London-d5bb,-6,92,Normal
2026-02-15 15:35:09.627361,London-d5bb,-14,66,Normal
2026-02-15 15:35:10.627361,London-d5bb,-14,89,Normal
2026-02-15 15:35:11.627361,London-d5bb,5,52,Normal
2026-02-15 15:35:12.627361,London-d5bb,-26,23,Normal
2026-02-15 15:35:13.627361,London-d5bb,48,33,Normal
2026-02-15 15:35:14.627361,London-d5bb,45,73,Normal
2026-02-15 15:35:15.627361,London-d5bb,21,31,Normal
2026-02-15 15:35:16.627361,London-d5bb,2,74,Normal
2026-02-15 15:35:17.627361,London-d5bb,0,41,Normal
2026-02-15 15:35:18.627361,London-d5bb,-15,91,Normal
2026-02-15 15:35:19.627361,London-d5bb,-12,81,Normal
2026-02-15 15:35:20.627361,London-d5bb,2,20,Normal
2026-02-15 15:35:21.627361,London-d5bb,18,18,Normal
2026-02-15 15:35:22.627361,London-d5bb,22,45,Normal
2026-02-15 15:35:23.627361,London-d5bb,45,29,Normal
2026-02-15 15:35:24.627361,London-d5bb,35,5,Normal
2026-02-15 15:35:25.627361,London-d5bb,-25,68,Normal
2026-02-15 15:35:26.627361,London-d5bb,17,98,Normal
2026-02-15 15:35:27.627361,London-d5bb,-13,24,Normal
2026-02-15 15:35:28.627361,London-d5bb,43,12,Normal
2026-02-15 15:35:29.627361,London-d5bb,22,58,Normal
2026-02-15 15:35:30.627361,London-d5bb,32,62,Normal
2026-02-15 15:35:31.627361,London-d5bb,2,83,Normal
2026-02-15 15:35:32.627361,London-d5bb,-7,77,Normal
2026-02-15 15:35:33.627361,London-d5bb,45,77,Normal
2026-02-15 15:35:34.627361,London-d5bb,35,63,Normal
2026-02-15 15:35:35.627361,London-d5bb,26,64,Normal
2026-02-15 15:35:36.627361,London-d5bb,-19,63,Normal
2026-02-15 15:35:37.627361,London-d5bb,-30,20,Normal
2026-02-15 15:35:38.627361,London-d5bb,-25,76,Normal
2026-02-15 15:35:39.627361,London-d5bb,-19,80,Normal
2026-02-15 15:35:40.627361,London-d5bb,-22,6,Normal
2026-02-15 15:35:41.627361,London-d5bb,35,9,Normal
2026-02-15 15:35:42.627361,London-d5bb,17,8,Normal
2026-02-15 15:35:43.627361,London-d5bb,-12,41,Normal
2026-02-15 15:35:44.627361,London-d5bb,-1,73,Normal
2026-02-15 15:35:45.627361,London-d5bb,26,86,Normal
2026-02-15 15:35:46.627361,London-d5bb,-16,41,Normal
2026-02-15 15:35:47.627361,London-d5bb,-11,20,Normal
2026-02-15 15:35:48.627361,London-d5bb,-15,95,Normal
2026-02-15 15:35:49.627361,London-d5bb,33,92,Normal
2026-02-15 15:35:50.627361,London-d5bb,48,79,Normal
2026-02-15 15:35:51.627361,London-d5bb,28,11,Normal
2026-02-15 15:35:52.627361,London-d5bb,-16,91,Normal
2026-02-15 15:35:53.627361,London-d5bb,-16,45,Normal
2026-02-15 15:35:54.627361,London-d5bb,11,87,Normal
2026-02-15 15:35:55.627361,London-d5bb,-15,14,Normal
2026-02-15 15:35:56.627361,London-d5bb,-12,79,Normal
2026-02-15 15:35:57.627361,London-d5bb,1,79,Normal
2026-02-15 15:35:58.627361,London-d5bb,-27,41,Normal
2026-02-15 15:35:59.627361,London-d5bb,45,29,Normal
2026-02-15 15:36:00.627361,London-d5bb,-3,14,Normal
2026-02-15 15:36:01.627361,London-d5bb,-7,69,Normal
2026-02-15 15:36:02.627361,London-d5bb,-26,96,Normal
2026-02-15 15:36:03.627361,London-d5bb,-27,8,Normal
2026-02-15 15:36:04.627361,London-d5bb,28,6,Normal
2026-02-15 15:36:05.627361,London-d5bb,50,6,Normal
2026-02-15 15:36:06.627361,London-d5bb,50,68,Normal
2026-02-15 15:36:07.627361,London-d5bb,-19,74,Normal
2026-02-15 15:36:08.627361,London-d5bb,1,12,Normal
2026-02-15 15:36:09.627361,London-d5bb,4,93,Normal
2026-02-15 15:36:10.627361,London-d5bb,40,21,Normal
2026-02-15 15:36:11.627361,London-d5bb,-14,73,Normal
2026-02-15 15:36:12.627361,London-d5bb,-20,63,Normal
2026-02-15 15:36:13.627361,London-d5bb,31,75,Normal
2026-02-15 15:36:14.627361,London-d5bb,24,59,Normal
2026-02-15 15:36:15.627361,London-d5bb,18,7,Normal
2026-02-15 15:36:16.627361,London-d5bb,-7,90,Normal
2026-02-15 15:36:17.627361,London-d5bb,40,52,Normal
2026-02-15 15:36:18.627361,London-d5bb,37,21,Normal
2026-02-15 15:36:19.627361,London-d5bb,37,81,Normal
2026-02-15 15:36:20.627361,London-d5bb,-29,79,Normal
2026-02-15 15:36:21.627361,London-d5bb,11,31,Normal
2026-02-15 15:36:22.627361,London-d5bb,49,51,Normal
2026-02-15 15:36:23.627361,London-d5bb,28,66,Normal
2026-02-15 15:36:24.627361,London-d5bb,-21,9,Normal
2026-02-15 15:36:25.627361,London-d5bb,39,71,Normal
2026-02-15 15:36:26.627361,London-d5bb,22,55,Normal
2026-02-15 15:36:27.627361,London-d5bb,38,70,Normal
2026-02-15 15:36:28.627361,London-d5bb,15,47,Normal
2026-02-15 15:36:29.627361,London-d5bb,28,68,Normal
2026-02-15 15:36:30.627361,London-d5bb,-10,89,Normal
2026-02-15 15:36:31.627361,London-d5bb,6,4,Normal
2026-02-15 15:36:32.627361,London-d5bb,-26,19,Normal
2026-02-15 15:36:33.627361,London-d5bb,45,59,Normal
2026-02-15 15:36:34.627361,London-d5bb,24,45,Normal
2026-02-15 15:36:35.627361,London-d5bb,36,11,Normal
2026-02-15 15:36:36.627361,London-d5bb,48,64,Normal
2026-02-15 15:36:37.627361,London-d5bb,23,27,Normal
2026-02-15 15:36:38.627361,London-d5bb,6,94,Normal
2026-02-15 15:36:39.627361,London-d5bb,32,42,Normal
2026-02-15 15:36:40.627361,London-d5bb,46,47,Normal
2026-02-15 15:36:41.627361,London-d5bb,24,23,Normal
2026-02-15 15:36:42.627361,London-d5bb,21,54,Normal
2026-02-15 15:36:43.627361,London-d5bb,31,72,Normal
2026-02-15 15:36:44.627361,London-d5bb,28,15,Normal
2026-02-15 15:36:45.627361,London-d5bb,-22,83,Normal
2026-02-15 15:36:46.627361,London-d5bb,-3,41,Normal
2026-02-15 15:36:47.627361,London-d5bb,16,68,Normal
2026-02-15 15:36:48.627361,London-d5bb,-10,12,Normal
2026-02-15 15:36:49.627361,London-d5bb,20,88,Normal
2026-02-15 15:36:50.627361,London-d5bb,15,89,Normal
2026-02-15 15:36:51.627361,London-d5bb,-15,91,Normal
2026-02-15 15:36:52.627361,London-d5bb,18,13,Normal
2026-02-15 15:36:53.627361,London-d5bb,10,80,Normal
2026-02-15 15:36:54.627361,London-d5bb,3,57,Normal
2026-02-15 15:36:55.627361,London-d5bb,40,24,Normal
2026-02-15 15:36:56.627361,London-d5bb,-5,95,Normal
2026-02-15 15:36:57.627361,London-d5bb,4,49,Normal
2026-02-15 15:36:58.627361,London-d5bb,-21,13,Normal
2026-02-15 15:36:59.627361,London-d5bb,-4,5,Normal
2026-02-15 15:37:00.627361,London-d5bb,33,69,Normal
2026-02-15 15:37:01.627361,London-d5bb,15,9,Normal
2026-02-15 15:37:02.627361,London-d5bb,43,13,Normal
2026-02-15 15:37:03.627361,London-d5bb,-28,7,Normal
2026-02-15 15:37:04.627361,London-d5bb,49,45,Normal
2026-02-15 15:37:05.627361,London-d5bb,31,44,Normal
2026-02-15 15:37:06.627361,London-d5bb,33,79,Normal
2026-02-15 15:37:07.627361,London-d5bb,-21,49,Normal
2026-02-15 15:37:08.627361,London-d5bb,16,46,Normal
2026-02-15 15:37:09.627361,London-d5bb,-24,59,Normal
2026-02-15 15:37:10.627361,London-d5bb,17,45,Normal
2026-02-15 15:37:11.627361,London-d5bb,46,25,Normal
2026-02-15 15:37:12.627361,London-d5bb,4,35,Normal
2026-02-15 15:37:13.627361,London-d5bb,2,60,Normal
2026-02-15 15:37:14.627361,London-d5bb,1,54,Normal
2026-02-15 15:37:15.627361,London-d5bb,23,18,Normal
2026-02-15 15:37:16.627361,London-d5bb,-7,40,Normal
2026-02-15 15:37:17.627361,London-d5bb,17,79,Normal
2026-02-15 15:37:18.627361,London-d5bb,17,22,Normal
2026-02-15 15:37:19.627361,London-d5bb,45,87,Normal
2026-02-15 15:37:20.627361,London-d5bb,-13,81,Normal
2026-02-15 15:37:21.627361,London-d5bb,-3,52,Normal
2026-02-15 15:37:22.627361,London-d5bb,18,70,Normal
2026-02-15 15:37:23.627361,London-d5bb,16,32,Normal
2026-02-15 15:37:24.627361,London-d5bb,10,54,Normal
2026-02-15 15:37:25.627361,London-d5bb,36,24,Normal
2026-02-15 15:37:26.627361,London-d5bb,-24,35,Normal
2026-02-15 15:37:27.627361,London-d5bb,28,31,Normal
2026-02-15 15:37:28.627361,London-d5bb,14,67,Normal
2026-02-15 15:37:29.627361,London-d5bb,42,64,Normal
2026-02-15 15:37:30.627361,London-d5bb,29,85,Normal
2026-02-15 15:37:31.627361,London-d5bb,29,60,Normal
2026-02-15 15:37:32.627361,London-d5bb,-13,52,Normal
2026-02-15 15:37:33.627361,London-d5bb,13,17,Normal
2026-02-15 15:37:34.627361,London-d5bb,5,16,Normal
2026-02-15 15:37:35.627361,London-d5bb,15,90,Normal
2026-02-15 15:37:36.627361,London-d5bb,27,88,Normal
2026-02-15 15:37:37.627361,London-d5bb,19,21,Normal
2026-02-15 15:37:38.627361,London-d5bb,9,27,Normal
2026-02-15 15:37:39.627361,London-d5bb,11,69,Normal
2026-02-15 15:37:40.627361,London-d5bb,-21,2,Normal
2026-02-15 15:37:41.627361,London-d5bb,-12,4,Normal
2026-02-15 15:37:42.627361,London-d5bb,-28,20,Normal
2026-02-15 15:37:43.627361,London-d5bb,-26,40,Normal
2026-02-15 15:37:44.627361,London-d5bb,49,73,Normal
2026-02-15 15:37:45.627361,London-d5bb,46,62,Normal
2026-02-15 15:37:46.627361,London-d5bb,4,70,Normal
2026-02-15 15:37:47.627361,London-d5bb,-8,54,Normal
2026-02-15 15:37:48.627361,London-d5bb,45,27,Normal
2026-02-15 15:37:49.627361,London-d5bb,-27,91,Normal
2026-02-15 15:37:50.627361,London-d5bb,-24,87,Normal
2026-02-15 15:37:51.627361,London-d5bb,49,78,Normal
2026-02-15 15:37:52.627361,London-d5bb,33,16,Normal
2026-02-15 15:37:53.627361,London-d5bb,48,43,Normal
2026-02-15 15:37:54.627361,London-d5bb,19,7,Normal
2026-02-15 15:37:55.627361,London-d5bb,18,75,Normal
2026-02-15 15:37:56.627361,London-d5bb,-17,46,Normal
2026-02-15 15:37:57.627361,London-d5bb,4,82,Normal
2026-02-15 15:37:58.627361,London-d5bb,20,17,Normal
2026-02-15 15:37:59.627361,London-d5bb,12,47,Normal
2026-02-15 15:38:00.627361,London-d5bb,-7,18,Normal
2026-02-15 15:38:01.627361,London-d5bb,-30,30,Normal
2026-02-15 15:38:02.627361,London-d5bb,11,75,Normal
2026-02-15 15:38:03.627361,London-d5bb,23,26,Normal
2026-02-15 15:38:04.627361,London-d5bb,2,63,Normal
2026-02-15 15:38:05.627361,London-d5bb,50,71,Normal
2026-02-15 15:38:06.627361,London-d5bb,-21,16,Normal
2026-02-15 15:38:07.627361,London-d5bb,3,84,Normal
2026-02-15 15:38:08.627361,London-d5bb,46,36,Normal
2026-02-15 15:38:09.627361,London-d5bb,29,100,Normal
2026-02-15 15:38:10.627361,London-d5bb,-29,82,Normal
2026-02-15 15:38:11.627361,London-d5bb,20,61,Normal
2026-02-15 15:38:12.627361,London-d5bb,21,0,Normal
2026-02-15 15:38:13.627361,London-d5bb,-13,5,Normal
2026-02-15 15:38:14.627361,London-d5bb,-11,25,Normal
2026-02-15 15:38:15.627361,London-d5bb,-19,12,Normal
2026-02-15 15:38:16.627361,London-d5bb,-17,12,Normal
2026-02-15 15:38:17.627361,London-d5bb,17,16,Normal
2026-02-15 15:38:18.627361,London-d5bb,-21,59,Normal
2026-02-15 15:38:19.627361,London-d5bb,14,32,Normal
2026-02-15 15:38:20.627361,London-d5bb,50,57,Normal
2026-02-15 15:38:21.627361,London-d5bb,1,90,Normal
2026-02-15 15:38:22.627361,London-d5bb,-23,96,Normal
2026-02-15 15:38:23.627361,London-d5bb,47,2,Normal
2026-02-15 15:38:24.627361,London-d5bb,-30,53,Normal
2026-02-15 15:38:25.627361,London-d5bb,-20,41,Normal
2026-02-15 15:38:26.627361,London-d5bb,33,64,Normal
2026-02-15 15:38:27.627361,London-d5bb,42,15,Normal
2026-02-15 15:38:28.627361,London-d5bb,22,10,Normal
2026-02-15 15:38:29.627361,London-d5bb,-14,40,Normal
2026-02-15 15:38:30.627361,London-d5bb,32,95,Normal
2026-02-15 15:38:31.627361,London-d5bb,9,8,Normal
2026-02-15 15:38:32.627361,London-d5bb,38,70,Normal
2026-02-15 15:38:33.627361,London-d5bb,31,75,Normal
2026-02-15 15:38:34.627361,London-d5bb,1,75,Normal
2026-02-15 15:38:35.627361,London-d5bb,1,2,Normal
2026-02-15 15:38:36.627361,London-d5bb,-21,2,Normal
2026-02-15 15:38:37.627361,London-d5bb,8,6,Normal
2026-02-15 15:38:38.627361,London-d5bb,-28,83,Normal
2026-02-15 15:38:39.627361,London-d5bb,1,8,Normal
2026-02-15 15:38:40.627361,London-d5bb,7,73,Normal
2026-02-15 15:38:41.627361,London-d5bb,1,44,Normal
2026-02-15 15:38:42.627361,London-d5bb,-30,42,Normal
2026-02-15 15:38:43.627361,London-d5bb,6,60,Normal
2026-02-15 15:38:44.627361,London-d5bb,-19,97,Normal
2026-02-15 15:38:45.627361,London-d5bb,-5,36,Normal
2026-02-15 15:38:46.627361,London-d5bb,-17,68,Normal
2026-02-15 15:38:47.627361,London-d5bb,39,83,Normal
2026-02-15 15:38:48.627361,London-d5bb,-14,9,Normal
2026-02-15 15:38:49.627361,London-d5bb,2,84,Normal
2026-02-15 15:38:50.627361,London-d5bb,-2,56,Normal
2026-02-15 15:38:51.627361,London-d5bb,10,28,Normal
2026-02-15 15:38:52.627361,London-d5bb,14,75,Normal
2026-02-15 15:38:53.627361,London-d5bb,2,25,Normal
2026-02-15 15:38:54.627361,London-d5bb,45,61,Normal
2026-02-15 15:38:55.627361,London-d5bb,45,20,Normal
2026-02-15 15:38:56.627361,London-d5bb,-20,30,Normal
2026-02-15 15:38:57.627361,London-d5bb,-14,63,Normal
2026-02-15 15:38:58.627361,London-d5bb,3,40,Normal
2026-02-15 15:38:59.627361,London-d5bb,-26,64,Normal
2026-02-15 15:39:00.627361,London-d5bb,-24,22,Normal
2026-02-15 15:39:01.627361,London-d5bb,-25,14,Normal
2026-02-15 15:39:02.627361,London-d5bb,35,45,Normal
2026-02-15 15:39:03.627361,London-d5bb,-28,72,Normal
2026-02-15 15:39:04.627361,London-d5bb,-1,80,Normal
2026-02-15 15:39:05.627361,London-d5bb,-17,82,Normal
2026-02-15 15:39:06.627361,London-d5bb,25,90,Normal
2026-02-15 15:39:07.627361,London-d5bb,-15,2,Normal
2026-02-15 15:39:08.627361,London-d5bb,-25,44,Normal
2026-02-15 15:39:09.627361,London-d5bb,6,100,Normal
2026-02-15 15:39:10.627361,London-d5bb,42,100,Normal
2026-02-15 15:39:11.627361,London-d5bb,-9,60,Normal
2026-02-15 15:39:12.627361,London-d5bb,-26,84,Normal
2026-02-15 15:39:13.627361,London-d5bb,-4,41,Normal
2026-02-15 15:39:14.627361,London-d5bb,-30,78,Normal
2026-02-15 15:39:15.627361,London-d5bb,44,59,Normal
2026-02-15 15:39:16.627361,London-d5bb,43,23,Normal
2026-02-15 15:39:17.627361,London-d5bb,20,18,Normal
2026-02-15 15:39:18.627361,London-d5bb,-1,61,Normal
2026-02-15 15:39:19.627361,London-d5bb,-9,52,Normal
2026-02-15 15:39:20.627361,London-d5bb,-25,13,Normal
2026-02-15 15:39:21.627361,London-d5bb,-26,50,Normal
2026-02-15 15:39:22.627361,London-d5bb,-24,35,Normal
2026-02-15 15:39:23.627361,London-d5bb,7,98,Normal
2026-02-15 15:39:24.627361,London-d5bb,-4,96,Normal
2026-02-15 15:39:25.627361,London-d5bb,15,37,Normal
2026-02-15 15:39:26.627361,London-d5bb,-27,98,Normal
2026-02-15 15:39:27.627361,London-d5bb,-17,69,Normal
2026-02-15 15:39:28.627361,London-d5bb,32,47,Normal
2026-02-15 15:39:29.627361,London-d5bb,-8,25,Normal
2026-02-15 15:39:30.627361,London-d5bb,-18,8,Normal
2026-02-15 15:39:31.627361,London-d5bb,-19,39,Normal
2026-02-15 15:39:32.627361,London-d5bb,-2,7,Normal
2026-02-15 15:39:33.627361,London-d5bb,9,34,Normal
2026-02-15 15:39:34.627361,London-d5bb,-7,60,Normal
2026-02-15 15:39:35.627361,London-d5bb,-15,1,Normal
2026-02-15 15:39:36.627361,London-d5bb,44,29,Normal
2026-02-15 15:39:37.627361,London-d5bb,21,61,Normal
2026-02-15 15:39:38.627361,London-d5bb,23,55,Normal
2026-02-15 15:39:39.627361,London-d5bb,19,98,Normal
2026-02-15 15:39:40.627361,London-d5bb,20,69,Normal
2026-02-15 15:39:41.627361,London-d5bb,-28,61,Normal
2026-02-15 15:39:42.627361,London-d5bb,1,80,Normal
2026-02-15 15:39:43.627361,London-d5bb,-29,94,Normal
2026-02-15 15:39:44.627361,London-d5bb,-10,55,Normal
2026-02-15 15:39:45.627361,London-d5bb,50,8,Normal
2026-02-15 15:39:46.627361,London-d5bb,30,97,Normal
2026-02-15 15:39:47.627361,London-d5bb,40,26,Normal
2026-02-15 15:39:48.627361,London-d5bb,36,19,Normal
2026-02-15 15:39:49.627361,London-d5bb,-22,34,Normal
2026-02-15 15:39:50.627361,London-d5bb,29,40,Normal
2026-02-15 15:39:51.627361,London-d5bb,20,16,Normal
2026-02-15 15:39:52.627361,London-d5bb,-20,43,Normal
2026-02-15 15:39:53.627361,London-d5bb,38,52,Normal
2026-02-15 15:39:54.627361,London-d5bb,-15,77,Normal
2026-02-15 15:39:55.627361,London-d5bb,-20,46,Normal
2026-02-15 15:39:56.627361,London-d5bb,10,33,Normal
2026-02-15 15:39:57.627361,London-d5bb,1,17,Normal
2026-02-15 15:39:58.627361,London-d5bb,7,23,Normal
2026-02-15 15:39:59.627361,London-d5bb,30,4,Normal
2026-02-15 15:40:00.627361,London-d5bb,49,29,Normal
2026-02-15 15:40:01.627361,London-d5bb,-23,33,Normal
2026-02-15 15:40:02.627361,London-d5bb,11,83,Normal
2026-02-15 15:40:03.627361,London-d5bb,28,8,Normal
2026-02-15 15:40:04.627361,London-d5bb,8,4,Normal
2026-02-15 15:40:05.627361,London-d5bb,18,88,Normal
2026-02-15 15:40:06.627361,London-d5bb,26,39,Normal
2026-02-15 15:40:07.627361,London-d5bb,-3,4,Normal
2026-02-15 15:40:08.627361,London-d5bb,-7,24,Normal
2026-02-15 15:40:09.627361,London-d5bb,31,90,Normal
2026-02-15 15:40:10.627361,London-d5bb,-26,64,Normal
2026-02-15 15:40:11.627361,London-d5bb,25,6,Normal
2026-02-15 15:40:12.627361,London-d5bb,15,48,Normal
2026-02-15 15:40:13.627361,London-d5bb,46,17,Normal
2026-02-15 15:40:14.627361,London-d5bb,19,38,Normal
2026-02-15 15:40:15.627361,London-d5bb,29,14,Normal
2026-02-15 15:40:16.627361,London-d5bb,50,90,Normal
2026-02-15 15:40:17.627361,London-d5bb,49,90,Normal
2026-02-15 15:40:18.627361,London-d5bb,14,33,Normal
2026-02-15 15:40:19.627361,London-d5bb,12,85,Normal
2026-02-15 15:40:20.627361,London-d5bb,-9,42,Normal
2026-02-15 15:40:21.627361,London-d5bb,35,4,Normal
2026-02-15 15:40:22.627361,London-d5bb,-9,41,Normal
2026-02-15 15:40:23.627361,London-d5bb,21,78,Normal
2026-02-15 15:40:24.627361,London-d5bb,12,40,Normal
2026-02-15 15:40:25.627361,London-d5bb,32,36,Normal
2026-02-15 15:40:26.627361,London-d5bb,14,31,Normal
2026-02-15 15:40:27.627361,London-d5bb,21,35,Normal
2026-02-15 15:40:28.627361,London-d5bb,12,3,Normal
2026-02-15 15:40:29.627361,London-d5bb,36,30,Normal
2026-02-15 15:40:30.627361,London-d5bb,25,92,Normal
2026-02-15 15:40:31.627361,London-d5bb,-7,77,Normal
2026-02-15 15:40:32.627361,London-d5bb,28,72,Normal
2026-02-15 15:40:33.627361,London-d5bb,27,83,Normal
2026-02-15 15:40:34.627361,London-d5bb,-1,67,Normal
2026-02-15 15:40:35.627361,London-d5bb,25,100,Normal
2026-02-15 15:40:36.627361,London-d5bb,-13,54,Normal
2026-02-15 15:40:37.627361,London-d5bb,20,49,Normal
2026-02-15 15:40:38.627361,London-d5bb,12,58,Normal
2026-02-15 15:40:39.627361,London-d5bb,14,24,Normal
2026-02-15 15:40:40.627361,London-d5bb,2,51,Normal
2026-02-15 15:40:41.627361,London-d5bb,-16,7,Normal
2026-02-15 15:40:42.627361,London-d5bb,-22,45,Normal
2026-02-15 15:40:43.627361,London-d5bb,-24,23,Normal
2026-02-15 15:40:44.627361,London-d5bb,48,77,Normal
2026-02-15 15:40:45.627361,London-d5bb,42,14,Normal
2026-02-15 15:40:46.627361,London-d5bb,30,99,Normal
2026-02-15 15:40:47.627361,London-d5bb,45,11,Normal
2026-02-15 15:40:48.627361,London-d5bb,6,57,Normal
2026-02-15 15:40:49.627361,London-d5bb,12,62,Normal
2026-02-15 15:40:50.627361,London-d5bb,41,30,Normal
2026-02-15 15:40:51.627361,London-d5bb,-12,0,Normal
2026-02-15 15:40:52.627361,London-d5bb,43,28,Normal
2026-02-15 15:40:53.627361,London-d5bb,-1,73,Normal
2026-02-15 15:40:54.627361,London-d5bb,-19,27,Normal
2026-02-15 15:40:55.627361,London-d5bb,-14,93,Normal
2026-02-15 15:40:56.627361,London-d5bb,-21,39,Normal
2026-02-15 15:40:57.627361,London-d5bb,17,39,Normal
2026-02-15 15:40:58.627361,London-d5bb,-11,19,Normal
2026-02-15 15:40:59.627361,London-d5bb,45,79,Normal
2026-02-15 15:41:00.627361,London-d5bb,5,27,Normal
2026-02-15 15:41:01.627361,London-d5bb,8,34,Normal
2026-02-15 15:41:02.627361,London-d5bb,-16,81,Normal
2026-02-15 15:41:03.627361,London-d5bb,24,49,Normal
2026-02-15 15:41:04.627361,London-d5bb,2,97,Normal
2026-02-15 15:41:05.627361,London-d5bb,19,43,Normal
2026-02-15 15:41:06.627361,London-d5bb,26,41,Normal
2026-02-15 15:41:07.627361,London-d5bb,-7,41,Normal
2026-02-15 15:41:08.627361,London-d5bb,29,11,Normal
2026-02-15 15:41:09.627361,London-d5bb,30,12,Normal
2026-02-15 15:41:10.627361,London-d5bb,-22,16,Normal
2026-02-15 15:41:11.627361,London-d5bb,-23,42,Normal
2026-02-15 15:41:12.627361,London-d5bb,-24,68,Normal
2026-02-15 15:41:13.627361,London-d5bb,49,5,Normal
2026-02-15 15:41:14.627361,London-d5bb,-17,99,Normal
2026-02-15 15:41:15.627361,London-d5bb,46,28,Normal
2026-02-15 15:41:16.627361,London-d5bb,22,51,Normal
2026-02-15 15:41:17.627361,London-d5bb,-17,85,Normal
2026-02-15 15:41:18.627361,London-d5bb,31,81,Normal
2026-02-15 15:41:19.627361,London-d5bb,38,27,Normal
2026-02-15 15:41:20.627361,London-d5bb,1,23,Normal
2026-02-15 15:41:21.627361,London-d5bb,-7,97,Normal
2026-02-15 15:41:22.627361,London-d5bb,44,84,Normal
2026-02-15 15:41:23.627361,London-d5bb,17,78,Normal
2026-02-15 15:41:24.627361,London-d5bb,-19,15,Normal
2026-02-15 15:41:25.627361,London-d5bb,46,52,Normal
2026-02-15 15:41:26.627361,London-d5bb,-3,90,Normal
2026-02-15 15:41:27.627361,London-d5bb,33,93,Normal
2026-02-15 15:41:28.627361,London-d5bb,-3,37,Normal
2026-02-15 15:41:29.627361,London-d5bb,28,1,Normal
2026-02-15 15:41:30.627361,London-d5bb,43,91,Normal
2026-02-15 15:41:31.627361,London-d5bb,47,20,Normal
2026-02-15 15:41:32.627361,London-d5bb,-11,41,Normal
2026-02-15 15:41:33.627361,London-d5bb,4,22,Normal
2026-02-15 15:41:34.627361,London-d5bb,49,76,Normal
2026-02-15 15:41:35.627361,London-d5bb,33,39,Normal
2026-02-15 15:41:36.627361,London-d5bb,-18,10,Normal
2026-02-15 15:41:37.627361,London-d5bb,49,90,Normal
2026-02-15 15:41:38.627361,London-d5bb,17,57,Normal
2026-02-15 15:41:39.627361,London-d5bb,-17,10,Normal
2026-02-15 15:41:40.627361,London-d5bb,13,92,Normal
2026-02-15 15:41:41.627361,London-d5bb,15,12,Normal
2026-02-15 15:41:42.627361,London-d5bb,11,62,Normal
2026-02-15 15:41:43.627361,London-d5bb,35,6,Normal
2026-02-15 15:41:44.627361,London-d5bb,33,28,Normal
2026-02-15 15:41:45.627361,London-d5bb,-26,61,Normal
2026-02-15 15:41:46.627361,London-d5bb,12,67,Normal
2026-02-15 15:41:47.627361,London-d5bb,16,26,Normal
2026-02-15 15:41:48.627361,London-d5bb,-25,43,Normal
2026-02-15 15:41:49.627361,London-d5bb,-8,88,Normal
2026-02-15 15:41:50.627361,London-d5bb,28,3,Normal
2026-02-15 15:41:51.627361,London-d5bb,-17,39,Normal
2026-02-15 15:41:52.627361,London-d5bb,-14,72,Normal
2026-02-15 15:41:53.627361,London-d5bb,48,91,Normal
2026-02-15 15:41:54.627361,London-d5bb,-9,96,Normal
2026-02-15 15:41:55.627361,London-d5bb,48,96,Normal
2026-02-15 15:41:56.627361,London-d5bb,-3,88,Normal
2026-02-15 15:41:57.627361,London-d5bb,35,87,Normal
2026-02-15 15:41:58.627361,London-d5bb,37,83,Normal
2026-02-15 15:41:59.627361,London-d5bb,19,54,Normal
2026-02-15 15:42:00.627361,London-d5bb,25,53,Normal
2026-02-15 15:42:01.627361,London-d5bb,46,30,Normal
2026-02-15 15:42:02.627361,London-d5bb,15,73,Normal
2026-02-15 15:42:03.627361,London-d5bb,-10,27,Normal
2026-02-15 15:42:04.627361,London-d5bb,34,64,Normal
2026-02-15 15:42:05.627361,London-d5bb,-5,36,Normal
2026-02-15 15:42:06.627361,London-d5bb,41,47,Normal
2026-02-15 15:42:07.627361,London-d5bb,-7,96,Normal
2026-02-15 15:42:08.627361,London-d5bb,35,11,Normal
2026-02-15 15:42:09.627361,London-d5bb,24,85,Normal
2026-02-15 15:42:10.627361,London-d5bb,-24,99,Normal
2026-02-15 15:42:11.627361,London-d5bb,35,11,Normal
2026-02-15 15:42:12.627361,London-d5bb,35,80,Normal
2026-02-15 15:42:13.627361,London-d5bb,0,20,Normal
2026-02-15 15:42:14.627361,London-d5bb,13,9,Normal
2026-02-15 15:42:15.627361,London-d5bb,16,11,Normal
2026-02-15 15:42:16.627361,London-d5bb,5,76,Normal
2026-02-15 15:42:17.627361,London-d5bb,-4,74,Normal
2026-02-15 15:42:18.627361,London-d5bb,26,51,Normal
2026-02-15 15:42:19.627361,London-d5bb,8,26,Normal
2026-02-15 15:42:20.627361,London-d5bb,44,81,Normal
2026-02-15 15:42:21.627361,London-d5bb,-26,83,Normal
2026-02-15 15:42:22.627361,London-d5bb,-26,55,Normal
2026-02-15 15:42:23.627361,London-d5bb,16,50,Normal
2026-02-15 15:42:24.627361,London-d5bb,-27,15,Normal
2026-02-15 15:42:25.627361,London-d5bb,-29,57,Normal
2026-02-15 15:42:26.627361,London-d5bb,-4,90,Normal
2026-02-15 15:42:27.627361,London-d5bb,24,51,Normal
2026-02-15 15:42:28.627361,London-d5bb,-18,57,Normal
2026-02-15 15:42:29.627361,London-d5bb,-19,34,Normal
2026-02-15 15:42:30.627361,London-d5bb,-14,49,Normal
2026-02-15 15:42:31.627361,London-d5bb,-10,74,Normal
2026-02-15 15:42:32.627361,London-d5bb,45,54,Normal
2026-02-15 15:42:33.627361,London-d5bb,11,76,Normal
2026-02-15 15:42:34.627361,London-d5bb,5,93,Normal
2026-02-15 15:42:35.627361,London-d5bb,23,10,Normal
2026-02-15 15:42:36.627361,London-d5bb,10,60,Normal
2026-02-15 15:42:37.627361,London-d5bb,-20,38,Normal
2026-02-15 15:42:38.627361,London-d5bb,6,85,Normal
2026-02-15 15:42:39.627361,London-d5bb,19,48,Normal
2026-02-15 15:42:40.627361,London-d5bb,28,15,Normal
2026-02-15 15:42:41.627361,London-d5bb,-29,59,Normal
2026-02-15 15:42:42.627361,London-d5bb,6,55,Normal
2026-02-15 15:42:43.627361,London-d5bb,21,87,Normal
2026-02-15 15:42:44.627361,London-d5bb,41,56,Normal
2026-02-15 15:42:45.627361,London-d5bb,44,56,Normal
2026-02-15 15:42:46.627361,London-d5bb,8,97,Normal
2026-02-15 15:42:47.627361,London-d5bb,4,53,Normal
2026-02-15 15:42:48.627361,London-d5bb,35,22,Normal
2026-02-15 15:42:49.627361,London-d5bb,-13,41,Normal
2026-02-15 15:42:50.627361,London-d5bb,-24,42,Normal
2026-02-15 15:42:51.627361,London-d5bb,43,56,Normal
2026-02-15 15:42:52.627361,London-d5bb,22,76,Normal
2026-02-15 15:42:53.627361,London-d5bb,13,25,Normal
2026-02-15 15:42:54.627361,London-d5bb,24,47,Normal
2026-02-15 15:42:55.627361,London-d5bb,21,12,Normal
2026-02-15 15:42:56.627361,London-d5bb,-7,26,Normal
2026-02-15 15:42:57.627361,London-d5bb,43,48,Normal
2026-02-15 15:42:58.627361,London-d5bb,-1,6,Normal
2026-02-15 15:42:59.627361,London-d5bb,48,24,Normal
2026-02-15 15:43:00.627361,London-d5bb,1,20,Normal
2026-02-15 15:43:01.627361,London-d5bb,19,21,Normal
2026-02-15 15:43:02.627361,London-d5bb,44,58,Normal
2026-02-15 15:43:03.627361,London-d5bb,45,10,Normal
2026-02-15 15:43:04.627361,London-d5bb,3,41,Normal
2026-02-15 15:43:05.627361,London-d5bb,29,22,Normal
2026-02-15 15:43:06.627361,London-d5bb,49,46,Normal
2026-02-15 15:43:07.627361,London-d5bb,-2,52,Normal
2026-02-15 15:43:08.627361,London-d5bb,46,78,Normal
2026-02-15 15:43:09.627361,London-d5bb,34,42,Normal
2026-02-15 15:43:10.627361,London-d5bb,-27,55,Normal
2026-02-15 15:43:11.627361,London-d5bb,7,56,Normal
2026-02-15 15:43:12.627361,London-d5bb,15,53,Normal
2026-02-15 15:43:13.627361,London-d5bb,33,18,Normal
2026-02-15 15:43:14.627361,London-d5bb,27,99,Normal
2026-02-15 15:43:15.627361,London-d5bb,49,24,Normal
2026-02-15 15:43:16.627361,London-d5bb,9,20,Normal
2026-02-15 15:43:17.627361,London-d5bb,-17,54,Normal
2026-02-15 15:43:18.627361,London-d5bb,14,74,Normal
2026-02-15 15:43:19.627361,London-d5bb,50,37,Normal
2026-02-15 15:43:20.627361,London-d5bb,-2,58,Normal
2026-02-15 15:43:21.627361,London-d5bb,39,70,Normal
2026-02-15 15:43:22.627361,London-d5bb,46,91,Normal
2026-02-15 15:43:23.627361,London-d5bb,25,54,Normal
2026-02-15 15:43:24.627361,London-d5bb,-3,43,Normal
2026-02-15 15:43:25.627361,London-d5bb,-15,100,Normal
2026-02-15 15:43:26.627361,London-d5bb,-1,10,Normal
2026-02-15 15:43:27.627361,London-d5bb,41,82,Normal
2026-02-15 15:43:28.627361,London-d5bb,-29,90,Normal
2026-02-15 15:43:29.627361,London-d5bb,6,95,Normal
2026-02-15 15:43:30.627361,London-d5bb,-6,36,Normal
2026-02-15 15:43:31.627361,London-d5bb,36,45,Normal
2026-02-15 15:43:32.627361,London-d5bb,4,11,Normal
2026-02-15 15:43:33.627361,London-d5bb,20,96,Normal
2026-02-15 15:43:34.627361,London-d5bb,-24,93,Normal
2026-02-15 15:43:35.627361,London-d5bb,17,85,Normal
2026-02-15 15:43:36.627361,London-d5bb,26,0,Normal
2026-02-15 15:43:37.627361,London-d5bb,-26,11,Normal
2026-02-15 15:43:38.627361,London-d5bb,46,14,Normal
2026-02-15 15:43:39.627361,London-d5bb,40,13,Normal
2026-02-15 15:43:40.627361,London-d5bb,9,6,Normal
2026-02-15 15:43:41.627361,London-d5bb,-12,87,Normal
2026-02-15 15:43:42.627361,London-d5bb,44,2,Normal
2026-02-15 15:43:43.627361,London-d5bb,30,67,Normal
2026-02-15 15:43:44.627361,London-d5bb,-5,74,Normal
2026-02-15 15:43:45.627361,London-d5bb,50,64,Normal
2026-02-15 15:43:46.627361,London-d5bb,-13,11,Normal
2026-02-15 15:43:47.627361,London-d5bb,-20,71,Normal
2026-02-15 15:43:48.627361,London-d5bb,-29,21,Normal
2026-02-15 15:43:49.627361,London-d5bb,8,18,Normal
2026-02-15 15:43:50.627361,London-d5bb,9,50,Normal
2026-02-15 15:43:51.627361,London-d5bb,-7,52,Normal
2026-02-15 15:43:52.627361,London-d5bb,27,84,Normal
2026-02-15 15:43:53.627361,London-d5bb,15,77,Normal
2026-02-15 15:43:54.627361,London-d5bb,46,35,Normal
2026-02-15 15:43:55.627361,London-d5bb,25,16,Normal
2026-02-15 15:43:56.627361,London-d5bb,28,0,Normal
2026-02-15 15:43:57.627361,London-d5bb,11,15,Normal
2026-02-15 15:43:58.627361,London-d5bb,8,25,Normal
2026-02-15 15:43:59.627361,London-d5bb,-15,72,Normal
2026-02-15 15:44:00.627361,London-d5bb,50,17,Normal
2026-02-15 15:44:01.627361,London-d5bb,15,61,Normal
2026-02-15 15:44:02.627361,London-d5bb,-26,34,Normal
2026-02-15 15:44:03.627361,London-d5bb,12,28,Normal
2026-02-15 15:44:04.627361,London-d5bb,40,8,Normal
2026-02-15 15:44:05.627361,London-d5bb,47,99,Normal
2026-02-15 15:44:06.627361,London-d5bb,-27,29,Normal
2026-02-15 15:44:07.627361,London-d5bb,49,44,Normal
2026-02-15 15:44:08.627361,London-d5bb,-5,42,Normal
2026-02-15 15:44:09.627361,London-d5bb,28,43,Normal
2026-02-15 15:44:10.627361,London-d5bb,26,31,Normal
2026-02-15 15:44:11.627361,London-d5bb,34,89,Normal
2026-02-15 15:44:12.627361,London-d5bb,-5,15,Normal
2026-02-15 15:44:13.627361,London-d5bb,-22,63,Normal
2026-02-15 15:44:14.627361,London-d5bb,24,56,Normal
2026-02-15 15:44:15.627361,London-d5bb,49,90,Normal
2026-02-15 15:44:16.627361,London-d5bb,3,96,Normal
2026-02-15 15:44:17.627361,London-d5bb,-10,56,Normal
2026-02-15 15:44:18.627361,London-d5bb,29,65,Normal
2026-02-15 15:44:19.627361,London-d5bb,40,21,Normal
2026-02-15 15:44:20.627361,London-d5bb,12,98,Normal
2026-02-15 15:44:21.627361,London-d5bb,14,30,Normal
2026-02-15 15:44:22.627361,London-d5bb,5,98,Normal
2026-02-15 15:44:23.627361,London-d5bb,11,39,Normal
2026-02-15 15:44:24.627361,London-d5bb,-24,37,Normal
2026-02-15 15:44:25.627361,London-d5bb,19,60,Normal
2026-02-15 15:44:26.627361,London-d5bb,-6,85,Normal
2026-02-15 15:44:27.627361,London-d5bb,13,33,Normal
2026-02-15 15:44:28.627361,London-d5bb,-14,42,Normal
2026-02-15 15:44:29.627361,London-d5bb,18,92,Normal
2026-02-15 15:44:30.627361,London-d5bb,12,1,Normal
2026-02-15 15:44:31.627361,London-d5bb,5,85,Normal
2026-02-15 15:44:32.627361,London-d5bb,40,86,Normal
2026-02-15 15:44:33.627361,London-d5bb,49,13,Normal
2026-02-15 15:44:34.627361,London-d5bb,-29,49,Normal
2026-02-15 15:44:35.627361,London-d5bb,-12,58,Normal
2026-02-15 15:44:36.627361,London-d5bb,21,73,Normal
2026-02-15 15:44:37.627361,London-d5bb,-5,17,Normal
2026-02-15 15:44:38.627361,London-d5bb,4,79,Normal
2026-02-15 15:44:39.627361,London-d5bb,-22,93,Normal
2026-02-15 15:44:40.627361,London-d5bb,37,34,Normal
2026-02-15 15:44:41.627361,London-d5bb,34,23,Normal
2026-02-15 15:44:42.627361,London-d5bb,14,26,Normal
2026-02-15 15:44:43.627361,London-d5bb,12,76,Normal
2026-02-15 15:44:44.627361,London-d5bb,-24,41,Normal
2026-02-15 15:44:45.627361,London-d5bb,10,70,Normal
2026-02-15 15:44:46.627361,London-d5bb,-17,46,Normal
2026-02-15 15:44:47.627361,London-d5bb,5,14,Normal
2026-02-15 15:44:48.627361,London-d5bb,-18,90,Normal
2026-02-15 15:44:49.627361,London-d5bb,-26,42,Normal
2026-02-15 15:44:50.627361,London-d5bb,44,38,Normal
2026-02-15 15:44:51.627361,London-d5bb,49,4,Normal
2026-02-15 15:44:52.627361,London-d5bb,41,100,Normal
2026-02-15 15:44:53.627361,London-d5bb,3,60,Normal
2026-02-15 15:44:54.627361,London-d5bb,12,95,Normal
2026-02-15 15:44:55.627361,London-d5bb,-28,99,Normal
2026-02-15 15:44:56.627361,London-d5bb,12,17,Normal
2026-02-15 15:44:57.627361,London-d5bb,43,35,Normal
2026-02-15 15:44:58.627361,London-d5bb,23,62,Normal
2026-02-15 15:44:59.627361,London-d5bb,17,31,Normal
2026-02-15 15:45:00.627361,London-d5bb,9,29,Normal
2026-02-15 15:45:01.627361,London-d5bb,-20,60,Normal
2026-02-15 15:45:02.627361,London-d5bb,11,37,Normal
2026-02-15 15:45:03.627361,London-d5bb,15,61,Normal
2026-02-15 15:45:04.627361,London-d5bb,30,90,Normal
2026-02-15 15:45:05.627361,London-d5bb,-8,64,Normal
2026-02-15 15:45:06.627361,London-d5bb,14,66,Normal
2026-02-15 15:45:07.627361,London-d5bb,-29,55,Normal
2026-02-15 15:45:08.627361,London-d5bb,1,65,Normal
2026-02-15 15:45:09.627361,London-d5bb,12,37,Normal
2026-02-15 15:45:10.627361,London-d5bb,38,74,Normal
2026-02-15 15:45:11.627361,London-d5bb,18,15,Normal
2026-02-15 15:45:12.627361,London-d5bb,-28,21,Normal
2026-02-15 15:45:13.627361,London-d5bb,22,97,Normal
2026-02-15 15:45:14.627361,London-d5bb,-18,62,Normal
2026-02-15 15:45:15.627361,London-d5bb,6,90,Normal
2026-02-15 15:45:16.627361,London-d5bb,4,83,Normal
2026-02-15 15:45:17.627361,London-d5bb,-11,59,Normal
2026-02-15 15:45:18.627361,London-d5bb,20,22,Normal
2026-02-15 15:45:19.627361,London-d5bb,23,8,Normal
2026-02-15 15:45:20.627361,London-d5bb,-12,90,Normal
2026-02-15 15:45:21.627361,London-d5bb,9,36,Normal
2026-02-15 15:45:22.627361,London-d5bb,-27,34,Normal
2026-02-15 15:45:23.627361,London-d5bb,-5,56,Normal
2026-02-15 15:45:24.627361,London-d5bb,31,84,Normal
2026-02-15 15:45:25.627361,London-d5bb,44,29,Normal
2026-02-15 15:45:26.627361,London-d5bb,16,92,Normal
2026-02-15 15:45:27.627361,London-d5bb,-17,97,Normal
2026-02-15 15:45:28.627361,London-d5bb,-21,25,Normal
2026-02-15 15:45:29.627361,London-d5bb,38,57,Normal
2026-02-15 15:45:30.627361,London-d5bb,8,27,Normal
2026-02-15 15:45:31.627361,London-d5bb,32,6,Normal
2026-02-15 15:45:32.627361,London-d5bb,-27,70,Normal
2026-02-15 15:45:33.627361,London-d5bb,-14,32,Normal
2026-02-15 15:45:34.627361,London-d5bb,24,27,Normal
2026-02-15 15:45:35.627361,London-d5bb,11,52,Normal
2026-02-15 15:45:36.627361,London-d5bb,20,60,Normal
2026-02-15 15:45:37.627361,London-d5bb,41,99,Normal
2026-02-15 15:45:38.627361,London-d5bb,3,98,Normal
2026-02-15 15:45:39.627361,London-d5bb,13,54,Normal
2026-02-15 15:45:40.627361,London-d5bb,-22,43,Normal
2026-02-15 15:45:41.627361,London-d5bb,-11,78,Normal
2026-02-15 15:45:42.627361,London-d5bb,29,70,Normal
2026-02-15 15:45:43.627361,London-d5bb,28,70,Normal
2026-02-15 15:45:44.627361,London-d5bb,-6,18,Normal
2026-02-15 15:45:45.627361,London-d5bb,4,25,Normal
2026-02-15 15:45:46.627361,London-d5bb,23,15,Normal
2026-02-15 15:45:47.627361,London-d5bb,-10,37,Normal
2026-02-15 15:45:48.627361,London-d5bb,-1,81,Normal
2026-02-15 15:45:49.627361,London-d5bb,19,90,Normal
2026-02-15 15:45:50.627361,London-d5bb,26,68,Normal
2026-02-15 15:45:51.627361,London-d5bb,2,43,Normal
2026-02-15 15:45:52.627361,London-d5bb,-3,83,Normal
2026-02-15 15:45:53.627361,London-d5bb,22,98,Normal
2026-02-15 15:45:54.627361,London-d5bb,45,61,Normal
2026-02-15 15:45:55.627361,London-d5bb,-23,80,Normal
2026-02-15 15:45:56.627361,London-d5bb,41,46,Normal
2026-02-15 15:45:57.627361,London-d5bb,28,76,Normal
2026-02-15 15:45:58.627361,London-d5bb,24,44,Normal
2026-02-15 15:45:59.627361,London-d5bb,29,47,Normal
2026-02-15 15:46:00.627361,London-d5bb,48,96,Normal
2026-02-15 15:46:01.627361,London-d5bb,-17,29,Normal
2026-02-15 15:46:02.627361,London-d5bb,23,96,Normal
2026-02-15 15:46:03.627361,London-d5bb,34,57,Normal
2026-02-15 15:46:04.627361,London-d5bb,14,57,Normal
2026-02-15 15:46:05.627361,London-d5bb,-4,40,Normal
2026-02-15 15:46:06.627361,London-d5bb,-6,47,Normal
2026-02-15 15:46:07.627361,London-d5bb,5,48,Normal
2026-02-15 15:46:08.627361,London-d5bb,37,88,Normal
2026-02-15 15:46:09.627361,London-d5bb,31,48,Normal
2026-02-15 15:46:10.627361,London-d5bb,6,35,Normal
2026-02-15 15:46:11.627361,London-d5bb,35,81,Normal
2026-02-15 15:46:12.627361,London-d5bb,9,29,Normal
2026-02-15 15:46:13.627361,London-d5bb,21,91,Normal
2026-02-15 15:46:14.627361,London-d5bb,-11,20,Normal
2026-02-15 15:46:15.627361,London-d5bb,33,33,Normal
2026-02-15 15:46:16.627361,London-d5bb,37,87,Normal
2026-02-15 15:46:17.627361,London-d5bb,8,7,Normal
2026-02-15 15:46:18.627361,London-d5bb,-25,64,Normal
2026-02-15 15:46:19.627361,London-d5bb,37,26,Normal
2026-02-15 15:46:20.627361,London-d5bb,50,71,Normal
2026-02-15 15:46:21.627361,London-d5bb,-14,46,Normal
2026-02-15 15:46:22.627361,London-d5bb,-5,96,Normal
2026-02-15 15:46:23.627361,London-d5bb,3,17,Normal
2026-02-15 15:46:24.627361,London-d5bb,11,33,Normal
2026-02-15 15:46:25.627361,London-d5bb,-15,16,Normal
2026-02-15 15:46:26.627361,London-d5bb,50,54,Normal
2026-02-15 15:46:27.627361,London-d5bb,-11,94,Normal
2026-02-15 15:46:28.627361,London-d5bb,46,57,Normal
2026-02-15 15:46:29.627361,London-d5bb,-21,64,Normal
2026-02-15 15:46:30.627361,London-d5bb,20,95,Normal
2026-02-15 15:46:31.627361,London-d5bb,-9,54,Normal
2026-02-15 15:46:32.627361,London-d5bb,22,54,Normal
2026-02-15 15:46:33.627361,London-d5bb,9,33,Normal
2026-02-15 15:46:34.627361,London-d5bb,30,60,Normal
2026-02-15 15:46:35.627361,London-d5bb,18,14,Normal
2026-02-15 15:46:36.627361,London-d5bb,-24,30,Normal
2026-02-15 15:46:37.627361,London-d5bb,21,62,Normal
2026-02-15 15:46:38.627361,London-d5bb,6,83,Normal
2026-02-15 15:46:39.627361,London-d5bb,4,43,Normal
2026-02-15 15:46:40.627361,London-d5bb,-22,49,Normal
2026-02-15 15:46:41.627361,London-d5bb,-14,63,Normal
2026-02-15 15:46:42.627361,London-d5bb,-27,69,Normal
2026-02-15 15:46:43.627361,London-d5bb,-15,31,Normal
2026-02-15 15:46:44.627361,London-d5bb,19,37,Normal
2026-02-15 15:46:45.627361,London-d5bb,25,85,Normal
2026-02-15 15:46:46.627361,London-d5bb,-28,16,Normal
2026-02-15 15:46:47.627361,London-d5bb,13,70,Normal
2026-02-15 15:46:48.627361,London-d5bb,-27,87,Normal
2026-02-15 15:46:49.627361,London-d5bb,45,39,Normal
2026-02-15 15:46:50.627361,London-d5bb,14,65,Normal
2026-02-15 15:46:51.627361,London-d5bb,45,57,Normal
2026-02-15 15:46:52.627361,London-d5bb,14,87,Normal
2026-02-15 15:46:53.627361,London-d5bb,19,17,Normal
2026-02-15 15:46:54.627361,London-d5bb,42,3,Normal
2026-02-15 15:46:55.627361,London-d5bb,4,14,Normal
2026-02-15 15:46:56.627361,London-d5bb,-7,5,Normal
2026-02-15 15:46:57.627361,London-d5bb,22,58,Normal
2026-02-15 15:46:58.627361,London-d5bb,-20,15,Normal
2026-02-15 15:46:59.627361,London-d5bb,39,61,Normal
2026-02-15 15:47:00.627361,London-d5bb,19,73,Normal
2026-02-15 15:47:01.627361,London-d5bb,-5,69,Normal
2026-02-15 15:47:02.627361,London-d5bb,37,13,Normal
2026-02-15 15:47:03.627361,London-d5bb,38,13,Normal
2026-02-15 15:47:04.627361,London-d5bb,20,77,Normal
2026-02-15 15:47:05.627361,London-d5bb,-23,10,Normal
2026-02-15 15:47:06.627361,London-d5bb,17,72,Normal
2026-02-15 15:47:07.627361,London-d5bb,50,47,Normal
2026-02-15 15:47:08.627361,London-d5bb,9,13,Normal
2026-02-15 15:47:09.627361,London-d5bb,34,53,Normal
2026-02-15 15:47:10.627361,London-d5bb,17,94,Normal
2026-02-15 15:47:11.627361,London-d5bb,18,56,Normal
2026-02-15 15:47:12.627361,London-d5bb,-14,52,Normal
2026-02-15 15:47:13.627361,London-d5bb,-1,73,Normal
2026-02-15 15:47:14.627361,London-d5bb,37,78,Normal
2026-02-15 15:47:15.627361,London-d5bb,-21,30,Normal
2026-02-15 15:47:16.627361,London-d5bb,-12,62,Normal
2026-02-15 15:47:17.627361,London-d5bb,38,79,Normal
2026-02-15 15:47:18.627361,London-d5bb,-28,90,Normal
2026-02-15 15:47:19.627361,London-d5bb,12,17,Normal
2026-02-15 15:47:20.627361,London-d5bb,-15,59,Normal
2026-02-15 15:47:21.627361,London-d5bb,-20,68,Normal
2026-02-15 15:47:22.627361,London-d5bb,-25,50,Normal
2026-02-15 15:47:23.627361,London-d5bb,-8,99,Normal
2026-02-15 15:47:24.627361,London-d5bb,37,45,Normal
2026-02-15 15:47:25.627361,London-d5bb,-30,81,Normal
2026-02-15 15:47:26.627361,London-d5bb,4,71,Normal
2026-02-15 15:47:27.627361,London-d5bb,11,44,Normal
2026-02-15 15:47:28.627361,London-d5bb,50,33,Normal
2026-02-15 15:47:29.627361,London-d5bb,35,40,Normal
2026-02-15 15:47:30.627361,London-d5bb,-2,48,Normal
2026-02-15 15:47:31.627361,London-d5bb,-12,81,Normal
2026-02-15 15:47:32.627361,London-d5bb,27,67,Normal
2026-02-15 15:47:33.627361,London-d5bb,45,51,Normal
2026-02-15 15:47:34.627361,London-d5bb,-10,65,Normal
2026-02-15 15:47:35.627361,London-d5bb,3,13,Normal
2026-02-15 15:47:36.627361,London-d5bb,44,85,Normal
2026-02-15 15:47:37.627361,London-d5bb,0,93,Normal
2026-02-15 15:47:38.627361,London-d5bb,8,52,Normal
2026-02-15 15:47:39.627361,London-d5bb,-1,54,Normal
2026-02-15 15:47:40.627361,London-d5bb,19,45,Normal
2026-02-15 15:47:41.627361,London-d5bb,-25,64,Normal
2026-02-15 15:47:42.627361,London-d5bb,44,40,Normal
2026-02-15 15:47:43.627361,London-d5bb,-14,76,Normal
2026-02-15 15:47:44.627361,London-d5bb,-27,75,Normal
2026-02-15 15:47:45.627361,London-d5bb,8,98,Normal
2026-02-15 15:47:46.627361,London-d5bb,12,16,Normal
2026-02-15 15:47:47.627361,London-d5bb,25,46,Normal
2026-02-15 15:47:48.627361,London-d5bb,18,96,Normal
2026-02-15 15:47:49.627361,London-d5bb,24,44,Normal
2026-02-15 15:47:50.627361,London-d5bb,16,46,Normal
2026-02-15 15:47:51.627361,London-d5bb,-30,12,Normal
2026-02-15 15:47:52.627361,London-d5bb,-17,40,Normal
2026-02-15 15:47:53.627361,London-d5bb,50,97,Normal
2026-02-15 15:47:54.627361,London-d5bb,-1,17,Normal
2026-02-15 15:47:55.627361,London-d5bb,21,58,Normal
2026-02-15 15:47:56.627361,London-d5bb,-30,77,Normal
2026-02-15 15:47:57.627361,London-d5bb,-12,38,Normal
2026-02-15 15:47:58.627361,London-d5bb,41,43,Normal
2026-02-15 15:47:59.627361,London-d5bb,2,84,Normal
2026-02-15 15:48:00.627361,London-d5bb,-15,28,Normal
2026-02-15 15:48:01.627361,London-d5bb,-17,54,Normal
2026-02-15 15:48:02.627361,London-d5bb,0,38,Normal
2026-02-15 15:48:03.627361,London-d5bb,39,66,Normal
2026-02-15 15:48:04.627361,London-d5bb,38,93,Normal
2026-02-15 15:48:05.627361,London-d5bb,-26,87,Normal
2026-02-15 15:48:06.627361,London-d5bb,-22,82,Normal
2026-02-15 15:48:07.627361,London-d5bb,37,2,Normal
2026-02-15 15:48:08.627361,London-d5bb,-5,44,Normal
2026-02-15 15:48:09.627361,London-d5bb,35,44,Normal
2026-02-15 15:48:10.627361,London-d5bb,-6,65,Normal
2026-02-15 15:48:11.627361,London-d5bb,10,65,Normal
2026-02-15 15:48:12.627361,London-d5bb,-3,44,Normal
2026-02-15 15:48:13.627361,London-d5bb,-9,49,Normal
2026-02-15 15:48:14.627361,London-d5bb,5,53,Normal
2026-02-15 15:48:15.627361,London-d5bb,-18,73,Normal
2026-02-15 15:48:16.627361,London-d5bb,6,44,Normal
2026-02-15 15:48:17.627361,London-d5bb,49,20,Normal
2026-02-15 15:48:18.627361,London-d5bb,-21,2,Normal
2026-02-15 15:48:19.627361,London-d5bb,12,26,Normal
2026-02-15 15:48:20.627361,London-d5bb,16,88,Normal
2026-02-15 15:48:21.627361,London-d5bb,11,41,Normal
2026-02-15 15:48:22.627361,London-d5bb,-9,22,Normal
2026-02-15 15:48:23.627361,London-d5bb,14,99,Normal
2026-02-15 15:48:24.627361,London-d5bb,34,22,Normal
2026-02-15 15:48:25.627361,London-d5bb,-14,93,Normal
2026-02-15 15:48:26.627361,London-d5bb,-16,69,Normal
2026-02-15 15:48:27.627361,London-d5bb,27,67,Normal
2026-02-15 15:48:28.627361,London-d5bb,11,18,Normal
2026-02-15 15:48:29.627361,London-d5bb,-6,51,Normal
2026-02-15 15:48:30.627361,London-d5bb,-24,45,Normal
2026-02-15 15:48:31.627361,London-d5bb,16,9,Normal
2026-02-15 15:48:32.627361,London-d5bb,42,40,Normal
2026-02-15 15:48:33.627361,London-d5bb,-9,8,Normal
2026-02-15 15:48:34.627361,London-d5bb,15,100,Normal
2026-02-15 15:48:35.627361,London-d5bb,28,25,Normal
2026-02-15 15:48:36.627361,London-d5bb,7,55,Normal
2026-02-15 15:48:37.627361,London-d5bb,14,11,Normal
2026-02-15 15:48:38.627361,London-d5bb,15,59,Normal
2026-02-15 15:48:39.627361,London-d5bb,44,28,Normal
2026-02-15 15:48:40.627361,London-d5bb,37,77,Normal
2026-02-15 15:48:41.627361,London-d5bb,41,56,Normal
2026-02-15 15:48:42.627361,London-d5bb,-8,54,Normal
2026-02-15 15:48:43.627361,London-d5bb,25,99,Normal
2026-02-15 15:48:44.627361,London-d5bb,-8,27,Normal
2026-02-15 15:48:45.627361,London-d5bb,16,88,Normal
2026-02-15 15:48:46.627361,London-d5bb,24,86,Normal
2026-02-15 15:48:47.627361,London-d5bb,46,32,Normal
2026-02-15 15:48:48.627361,London-d5bb,-15,29,Normal
2026-02-15 15:48:49.627361,London-d5bb,48,67,Normal
2026-02-15 15:48:50.627361,London-d5bb,-14,77,Normal
2026-02-15 15:48:51.627361,London-d5bb,30,22,Normal
2026-02-15 15:48:52.627361,London-d5bb,45,4,Normal
2026-02-15 15:48:53.627361,London-d5bb,35,31,Normal
2026-02-15 15:48:54.627361,London-d5bb,25,6,Normal
2026-02-15 15:48:55.627361,London-d5bb,49,35,Normal
2026-02-15 15:48:56.627361,London-d5bb,12,34,Normal
2026-02-15 15:48:57.627361,London-d5bb,-4,92,Normal
2026-02-15 15:48:58.627361,London-d5bb,50,67,Normal
2026-02-15 15:48:59.627361,London-d5bb,-6,84,Normal
2026-02-15 15:49:00.627361,London-d5bb,29,63,Normal
2026-02-15 15:49:01.627361,London-d5bb,4,49,Normal
2026-02-15 15:49:02.627361,London-d5bb,-19,23,Normal
2026-02-15 15:49:03.627361,London-d5bb,37,19,Normal
2026-02-15 15:49:04.627361,London-d5bb,0,74,Normal
2026-02-15 15:49:05.627361,London-d5bb,-30,17,Normal
2026-02-15 15:49:06.627361,London-d5bb,34,61,Normal
2026-02-15 15:49:07.627361,London-d5bb,25,24,Normal
2026-02-15 15:49:08.627361,London-d5bb,16,66,Normal
2026-02-15 15:49:09.627361,London-d5bb,27,67,Normal
2026-02-15 15:49:10.627361,London-d5bb,-6,81,Normal
2026-02-15 15:49:11.627361,London-d5bb,43,16,Normal
2026-02-15 15:49:12.627361,London-d5bb,-18,19,Normal
2026-02-15 15:49:13.627361,London-d5bb,13,78,Normal
2026-02-15 15:49:14.627361,London-d5bb,19,63,Normal
2026-02-15 15:49:15.627361,London-d5bb,28,21,Normal
2026-02-15 15:49:16.627361,London-d5bb,19,67,Normal
2026-02-15 15:49:17.627361,London-d5bb,44,65,Normal
2026-02-15 15:49:18.627361,London-d5bb,35,83,Normal
2026-02-15 15:49:19.627361,London-d5bb,28,87,Normal
2026-02-15 15:49:20.627361,London-d5bb,5,61,Normal
2026-02-15 15:49:21.627361,London-d5bb,-25,17,Normal
2026-02-15 15:49:22.627361,London-d5bb,-29,98,Normal
2026-02-15 15:49:23.627361,London-d5bb,41,86,Normal
2026-02-15 15:49:24.627361,London-d5bb,38,95,Normal
2026-02-15 15:49:25.627361,London-d5bb,-8,83,Normal
2026-02-15 15:49:26.627361,London-d5bb,-15,94,Normal
2026-02-15 15:49:27.627361,London-d5bb,10,7,Normal
2026-02-15 15:49:28.627361,London-d5bb,41,17,Normal
2026-02-15 15:49:29.627361,London-d5bb,50,92,Normal
2026-02-15 15:49:30.627361,London-d5bb,22,68,Normal
2026-02-15 15:49:31.627361,London-d5bb,22,14,Normal
2026-02-15 15:49:32.627361,London-d5bb,5,25,Normal
2026-02-15 15:49:33.627361,London-d5bb,0,93,Normal
2026-02-15 15:49:34.627361,London-d5bb,28,56,Normal
2026-02-15 15:49:35.627361,London-d5bb,5,18,Normal
2026-02-15 15:49:36.627361,London-d5bb,39,54,Normal
2026-02-15 15:49:37.627361,London-d5bb,-4,55,Normal
2026-02-15 15:49:38.627361,London-d5bb,-30,30,Normal
2026-02-15 15:49:39.627361,London-d5bb,-7,85,Normal
2026-02-15 15:49:40.627361,London-d5bb,-22,5,Normal
2026-02-15 15:49:41.627361,London-d5bb,0,99,Normal
2026-02-15 15:49:42.627361,London-d5bb,25,76,Normal
2026-02-15 15:49:43.627361,London-d5bb,-23,34,Normal
2026-02-15 15:49:44.627361,London-d5bb,-1,57,Normal
2026-02-15 15:49:45.627361,London-d5bb,-28,29,Normal
2026-02-15 15:49:46.627361,London-d5bb,1,82,Normal
2026-02-15 15:49:47.627361,London-d5bb,-27,81,Normal
2026-02-15 15:49:48.627361,London-d5bb,-5,27,Normal
2026-02-15 15:49:49.627361,London-d5bb,16,71,Normal
2026-02-15 15:49:50.627361,London-d5bb,22,46,Normal
2026-02-15 15:49:51.627361,London-d5bb,-29,52,Normal
2026-02-15 15:49:52.627361,London-d5bb,-1,63,Normal
2026-02-15 15:49:53.627361,London-d5bb,21,21,Normal
2026-02-15 15:49:54.627361,London-d5bb,19,6,Normal
2026-02-15 15:49:55.627361,London-d5bb,-21,95,Normal
2026-02-15 15:49:56.627361,London-d5bb,-3,15,Normal
2026-02-15 15:49:57.627361,London-d5bb,13,62,Normal
2026-02-15 15:49:58.627361,London-d5bb,42,56,Normal
2026-02-15 15:49:59.627361,London-d5bb,41,40,Normal
2026-02-15 15:50:00.627361,London-d5bb,-15,80,Normal
2026-02-15 15:50:01.627361,London-d5bb,34,13,Normal
2026-02-15 15:50:02.627361,London-d5bb,27,52,Normal
2026-02-15 15:50:03.627361,London-d5bb,-13,97,Normal
2026-02-15 15:50:04.627361,London-d5bb,43,85,Normal
2026-02-15 15:50:05.627361,London-d5bb,-20,25,Normal
2026-02-15 15:50:06.627361,London-d5bb,35,31,Normal
2026-02-15 15:50:07.627361,London-d5bb,-28,76,Normal
2026-02-15 15:50:08.627361,London-d5bb,-15,34,Normal
2026-02-15 15:50:09.627361,London-d5bb,-8,61,Normal
2026-02-15 15:50:10.627361,London-d5bb,41,52,Normal
2026-02-15 15:50:11.627361,London-d5bb,22,91,Normal
2026-02-15 15:50:12.627361,London-d5bb,-19,22,Normal
2026-02-15 15:50:13.627361,London-d5bb,38,60,Normal
2026-02-15 15:50:14.627361,London-d5bb,9,77,Normal
2026-02-15 15:50:15.627361,London-d5bb,12,14,Normal
2026-02-15 15:50:16.627361,London-d5bb,38,21,Normal
2026-02-15 15:50:17.627361,London-d5bb,6,68,Normal
2026-02-15 15:50:18.627361,London-d5bb,12,15,Normal
2026-02-15 15:50:19.627361,London-d5bb,39,63,Normal
2026-02-15 15:50:20.627361,London-d5bb,22,9,Normal
2026-02-15 15:50:21.627361,London-d5bb,12,26,Normal
2026-02-15 15:50:22.627361,London-d5bb,-30,10,Normal
2026-02-15 15:50:23.627361,London-d5bb,-25,12,Normal
2026-02-15 15:50:24.627361,London-d5bb,-4,55,Normal
2026-02-15 15:50:25.627361,London-d5bb,41,91,Normal
2026-02-15 15:50:26.627361,London-d5bb,38,35,Normal
2026-02-15 15:50:27.627361,London-d5bb,16,38,Normal
2026-02-15 15:50:28.627361,London-d5bb,6,40,Normal
2026-02-15 15:50:29.627361,London-d5bb,36,67,Normal
2026-02-15 15:50:30.627361,London-d5bb,25,98,Normal
2026-02-15 15:50:31.627361,London-d5bb,-6,81,Normal
2026-02-15 15:50:32.627361,London-d5bb,47,78,Normal
2026-02-15 15:50:33.627361,London-d5bb,-30,33,Normal
2026-02-15 15:50:34.627361,London-d5bb,-1,56,Normal
2026-02-15 15:50:35.627361,London-d5bb,39,72,Normal
2026-02-15 15:50:36.627361,London-d5bb,-27,61,Normal
2026-02-15 15:50:37.627361,London-d5bb,6,40,Normal
2026-02-15 15:50:38.627361,London-d5bb,-22,74,Normal
2026-02-15 15:50:39.627361,London-d5bb,-15,25,Normal
2026-02-15 15:50:40.627361,London-d5bb,7,79,Normal
2026-02-15 15:50:41.627361,London-d5bb,38,47,Normal
2026-02-15 15:50:42.627361,London-d5bb,43,50,Normal
2026-02-15 15:50:43.627361,London-d5bb,-18,84,Normal
2026-02-15 15:50:44.627361,London-d5bb,-5,7,Normal
2026-02-15 15:50:45.627361,London-d5bb,4,83,Normal
2026-02-15 15:50:46.627361,London-d5bb,2,63,Normal
2026-02-15 15:50:47.627361,London-d5bb,45,21,Normal
2026-02-15 15:50:48.627361,London-d5bb,45,51,Normal
2026-02-15 15:50:49.627361,London-d5bb,-9,93,Normal
2026-02-15 15:50:50.627361,London-d5bb,-11,40,Normal
2026-02-15 15:50:51.627361,London-d5bb,-3,89,Normal
2026-02-15 15:50:52.627361,London-d5bb,-27,80,Normal
2026-02-15 15:50:53.627361,London-d5bb,36,76,Normal
2026-02-15 15:50:54.627361,London-d5bb,10,32,Normal
2026-02-15 15:50:55.627361,London-d5bb,15,81,Normal
2026-02-15 15:50:56.627361,London-d5bb,-11,41,Normal
2026-02-15 15:50:57.627361,London-d5bb,29,21,Normal
2026-02-15 15:50:58.627361,London-d5bb,28,71,Normal
2026-02-15 15:50:59.627361,London-d5bb,11,41,Normal
2026-02-15 15:51:00.627361,London-d5bb,15,22,Normal
2026-02-15 15:51:01.627361,London-d5bb,19,79,Normal
2026-02-15 15:51:02.627361,London-d5bb,36,35,Normal
2026-02-15 15:51:03.627361,London-d5bb,-15,19,Normal
2026-02-15 15:51:04.627361,London-d5bb,25,28,Normal
2026-02-15 15:51:05.627361,London-d5bb,11,30,Normal
2026-02-15 15:51:06.627361,London-d5bb,32,85,Normal
2026-02-15 15:51:07.627361,London-d5bb,45,8,Normal
2026-02-15 15:51:08.627361,London-d5bb,50,81,Normal
2026-02-15 15:51:09.627361,London-d5bb,-1,9,Normal
2026-02-15 15:51:10.627361,London-d5bb,19,0,Normal
2026-02-15 15:51:11.627361,London-d5bb,-12,99,Normal
2026-02-15 15:51:12.627361,London-d5bb,-16,19,Normal
2026-02-15 15:51:13.627361,London-d5bb,21,66,Normal
2026-02-15 15:51:14.627361,London-d5bb,47,17,Normal
2026-02-15 15:51:15.627361,London-d5bb,22,44,Normal
2026-02-15 15:51:16.627361,London-d5bb,-29,20,Normal
2026-02-15 15:51:17.627361,London-d5bb,14,34,Normal
2026-02-15 15:51:18.627361,London-d5bb,-1,79,Normal
2026-02-15 15:51:19.627361,London-d5bb,27,62,Normal
2026-02-15 15:51:20.627361,London-d5bb,25,100,Normal
2026-02-15 15:51:21.627361,London-d5bb,14,87,Normal
2026-02-15 15:51:22.627361,London-d5bb,-24,17,Normal
2026-02-15 15:51:23.627361,London-d5bb,30,76,Normal
2026-02-15 15:51:24.627361,London-d5bb,-9,80,Normal
2026-02-15 15:51:25.627361,London-d5bb,31,96,Normal
2026-02-15 15:51:26.627361,London-d5bb,-7,93,Normal
2026-02-15 15:51:27.627361,London-d5bb,-19,64,Normal
2026-02-15 15:51:28.627361,London-d5bb,18,45,Normal
2026-02-15 15:51:29.627361,London-d5bb,23,71,Normal
2026-02-15 15:51:30.627361,London-d5bb,36,67,Normal
2026-02-15 15:51:31.627361,London-d5bb,-18,33,Normal
2026-02-15 15:51:32.627361,London-d5bb,-16,1,Normal
2026-02-15 15:51:33.627361,London-d5bb,-30,100,Normal
2026-02-15 15:51:34.627361,London-d5bb,49,61,Normal
2026-02-15 15:51:35.627361,London-d5bb,28,58,Normal
2026-02-15 15:51:36.627361,London-d5bb,10,32,Normal
2026-02-15 15:51:37.627361,London-d5bb,-10,4,Normal
2026-02-15 15:51:38.627361,London-d5bb,1,16,Normal
2026-02-15 15:51:39.627361,London-d5bb,47,29,Normal
2026-02-15 15:51:40.627361,London-d5bb,-2,40,Normal
2026-02-15 15:51:41.627361,London-d5bb,0,71,Normal
2026-02-15 15:51:42.627361,London-d5bb,-30,63,Normal
2026-02-15 15:51:43.627361,London-d5bb,35,54,Normal
2026-02-15 15:51:44.627361,London-d5bb,25,22,Normal
2026-02-15 15:51:45.627361,London-d5bb,-28,26,Normal
2026-02-15 15:51:46.627361,London-d5bb,39,38,Normal
2026-02-15 15:51:47.627361,London-d5bb,-22,4,Normal
2026-02-15 15:51:48.627361,London-d5bb,-16,82,Normal
2026-02-15 15:51:49.627361,London-d5bb,-22,84,Normal
2026-02-15 15:51:50.627361,London-d5bb,-15,30,Normal
2026-02-15 15:51:51.627361,London-d5bb,39,44,Normal
2026-02-15 15:51:52.627361,London-d5bb,-4,93,Normal
2026-02-15 15:51:53.627361,London-d5bb,40,34,Normal
2026-02-15 15:51:54.627361,London-d5bb,42,16,Normal
2026-02-15 15:51:55.627361,London-d5bb,-13,2,Normal
2026-02-15 15:51:56.627361,London-d5bb,-22,46,Normal
2026-02-15 15:51:57.627361,London-d5bb,3,69,Normal
2026-02-15 15:51:58.627361,London-d5bb,29,40,Normal
2026-02-15 15:51:59.627361,London-d5bb,-17,74,Normal
2026-02-15 15:52:00.627361,London-d5bb,46,67,Normal
2026-02-15 15:52:01.627361,London-d5bb,-7,39,Normal
2026-02-15 15:52:02.627361,London-d5bb,-1,52,Normal
2026-02-15 15:52:03.627361,London-d5bb,34,92,Normal
2026-02-15 15:52:04.627361,London-d5bb,11,100,Normal
2026-02-15 15:52:05.627361,London-d5bb,13,72,Normal
2026-02-15 15:52:06.627361,London-d5bb,1,64,Normal
2026-02-15 15:52:07.627361,London-d5bb,2,17,Normal
2026-02-15 15:52:08.627361,London-d5bb,39,46,Normal
2026-02-15 15:52:09.627361,London-d5bb,-21,4,Normal
2026-02-15 15:52:10.627361,London-d5bb,11,62,Normal
2026-02-15 15:52:11.627361,London-d5bb,-17,6,Normal
2026-02-15 15:52:12.627361,London-d5bb,43,15,Normal
2026-02-15 15:52:13.627361,London-d5bb,3,48,Normal
2026-02-15 15:52:14.627361,London-d5bb,19,79,Normal
2026-02-15 15:52:15.627361,London-d5bb,39,48,Normal
2026-02-15 15:52:16.627361,London-d5bb,-24,97,Normal
2026-02-15 15:52:17.627361,London-d5bb,49,76,Normal
2026-02-15 15:52:18.627361,London-d5bb,25,33,Normal
2026-02-15 15:52:19.627361,London-d5bb,-20,61,Normal
2026-02-15 15:52:20.627361,London-d5bb,28,80,Normal
2026-02-15 15:52:21.627361,London-d5bb,6,54,Normal
2026-02-15 15:52:22.627361,London-d5bb,-24,22,Normal
2026-02-15 15:52:23.627361,London-d5bb,10,54,Normal
2026-02-15 15:52:24.627361,London-d5bb,22,16,Normal
2026-02-15 15:52:25.627361,London-d5bb,-19,19,Normal
2026-02-15 15:52:26.627361,London-d5bb,17,86,Normal
2026-02-15 15:52:27.627361,London-d5bb,25,92,Normal
2026-02-15 15:52:28.627361,London-d5bb,31,72,Normal
2026-02-15 15:52:29.627361,London-d5bb,-10,26,Normal
2026-02-15 15:52:30.627361,London-d5bb,23,11,Normal
2026-02-15 15:52:31.627361,London-d5bb,2,90,Normal
2026-02-15 15:52:32.627361,London-d5bb,11,10,Normal
2026-02-15 15:52:33.627361,London-d5bb,-3,67,Normal
2026-02-15 15:52:34.627361,London-d5bb,27,53,Normal
2026-02-15 15:52:35.627361,London-d5bb,48,70,Normal
2026-02-15 15:52:36.627361,London-d5bb,48,53,Normal
2026-02-15 15:52:37.627361,London-d5bb,-10,60,Normal
2026-02-15 15:52:38.627361,London-d5bb,21,71,Normal
2026-02-15 15:52:39.627361,London-d5bb,7,96,Normal
2026-02-15 15:52:40.627361,London-d5bb,-10,74,Normal
2026-02-15 15:52:41.627361,London-d5bb,-12,78,Normal
2026-02-15 15:52:42.627361,London-d5bb,29,49,Normal
2026-02-15 15:52:43.627361,London-d5bb,46,56,Normal
2026-02-15 15:52:44.627361,London-d5bb,-15,48,Normal
2026-02-15 15:52:45.627361,London-d5bb,2,33,Normal
2026-02-15 15:52:46.627361,London-d5bb,8,75,Normal
2026-02-15 15:52:47.627361,London-d5bb,9,86,Normal
2026-02-15 15:52:48.627361,London-d5bb,38,68,Normal
2026-02-15 15:52:49.627361,London-d5bb,28,18,Normal
2026-02-15 15:52:50.627361,London-d5bb,16,73,Normal
2026-02-15 15:52:51.627361,London-d5bb,19,28,Normal
2026-02-15 15:52:52.627361,London-d5bb,-6,64,Normal
2026-02-15 15:52:53.627361,London-d5bb,5,23,Normal
2026-02-15 15:52:54.627361,London-d5bb,-4,44,Normal
2026-02-15 15:52:55.627361,London-d5bb,-26,5,Normal
2026-02-15 15:52:56.627361,London-d5bb,-17,8,Normal
2026-02-15 15:52:57.627361,London-d5bb,8,65,Normal
2026-02-15 15:52:58.627361,London-d5bb,-25,35,Normal
2026-02-15 15:52:59.627361,London-d5bb,33,11,Normal
2026-02-15 15:53:00.627361,London-d5bb,-19,61,Normal
2026-02-15 15:53:01.627361,London-d5bb,-8,46,Normal
2026-02-15 15:53:02.627361,London-d5bb,15,18,Normal
2026-02-15 15:53:03.627361,London-d5bb,23,26,Normal
2026-02-15 15:53:04.627361,London-d5bb,36,72,Normal
2026-02-15 15:53:05.627361,London-d5bb,21,23,Normal
2026-02-15 15:53:06.627361,London-d5bb,4,69,Normal
2026-02-15 15:53:07.627361,London-d5bb,17,58,Normal
2026-02-15 15:53:08.627361,London-d5bb,16,2,Normal
2026-02-15 15:53:09.627361,London-d5bb,32,21,Normal
2026-02-15 15:53:10.627361,London-d5bb,0,52,Normal
2026-02-15 15:53:11.627361,London-d5bb,18,76,Normal
2026-02-15 15:53:12.627361,London-d5bb,28,78,Normal
2026-02-15 15:53:13.627361,London-d5bb,49,43,Normal
2026-02-15 15:53:14.627361,London-d5bb,41,14,Normal
2026-02-15 15:53:15.627361,London-d5bb,30,2,Normal
2026-02-15 15:53:16.627361,London-d5bb,21,47,Normal
2026-02-15 15:53:17.627361,London-d5bb,38,15,Normal
2026-02-15 15:53:18.627361,London-d5bb,-23,67,Normal
2026-02-15 15:53:19.627361,London-d5bb,6,7,Normal
2026-02-15 15:53:20.627361,London-d5bb,16,63,Normal
2026-02-15 15:53:21.627361,London-d5bb,16,88,Normal
2026-02-15 15:53:22.627361,London-d5bb,-24,5,Normal
2026-02-15 15:53:23.627361,London-d5bb,20,56,Normal
2026-02-15 15:53:24.627361,London-d5bb,-3,20,Normal
2026-02-15 15:53:25.627361,London-d5bb,4,31,Normal
2026-02-15 15:53:26.627361,London-d5bb,-13,31,Normal
2026-02-15 15:53:27.627361,London-d5bb,40,5,Normal
2026-02-15 15:53:28.627361,London-d5bb,2,36,Normal
2026-02-15 15:53:29.627361,London-d5bb,50,53,Normal
2026-02-15 15:53:30.627361,London-d5bb,18,0,Normal
2026-02-15 15:53:31.627361,London-d5bb,-5,8,Normal
2026-02-15 15:53:32.627361,London-d5bb,1,30,Normal
2026-02-15 15:53:33.627361,London-d5bb,44,22,Normal
2026-02-15 15:53:34.627361,London-d5bb,-29,38,Normal
2026-02-15 15:53:35.627361,London-d5bb,10,29,Normal
2026-02-15 15:53:36.627361,London-d5bb,9,71,Normal
2026-02-15 15:53:37.627361,London-d5bb,49,27,Normal
2026-02-15 15:53:38.627361,London-d5bb,43,36,Normal
2026-02-15 15:53:39.627361,London-d5bb,5,66,Normal
2026-02-15 15:53:40.627361,London-d5bb,38,61,Normal
2026-02-15 15:53:41.627361,London-d5bb,23,63,Normal
2026-02-15 15:53:42.627361,London-d5bb,-21,56,Normal
2026-02-15 15:53:43.627361,London-d5bb,-1,53,Normal
2026-02-15 15:53:44.627361,London-d5bb,2,74,Normal
2026-02-15 15:53:45.627361,London-d5bb,37,26,Normal
2026-02-15 15:53:46.627361,London-d5bb,-30,24,Normal
2026-02-15 15:53:47.627361,London-d5bb,17,66,Normal
2026-02-15 15:53:48.627361,London-d5bb,-23,71,Normal
2026-02-15 15:53:49.627361,London-d5bb,38,54,Normal
2026-02-15 15:53:50.627361,London-d5bb,0,76,Normal
2026-02-15 15:53:51.627361,London-d5bb,-3,86,Normal
2026-02-15 15:53:52.627361,London-d5bb,50,82,Normal
2026-02-15 15:53:53.627361,London-d5bb,22,74,Normal
2026-02-15 15:53:54.627361,London-d5bb,37,11,Normal
2026-02-15 15:53:55.627361,London-d5bb,37,38,Normal
2026-02-15 15:53:56.627361,London-d5bb,46,58,Normal
2026-02-15 15:53:57.627361,London-d5bb,2,30,Normal
2026-02-15 15:53:58.627361,London-d5bb,18,100,Normal
2026-02-15 15:53:59.627361,London-d5bb,49,20,Normal
2026-02-15 15:54:00.627361,London-d5bb,-1,52,Normal
2026-02-15 15:54:01.627361,London-d5bb,50,60,Normal
2026-02-15 15:54:02.627361,London-d5bb,-22,35,Normal
2026-02-15 15:54:03.627361,London-d5bb,-11,95,Normal
2026-02-15 15:54:04.627361,London-d5bb,-21,82,Normal
2026-02-15 15:54:05.627361,London-d5bb,-28,1,Normal
2026-02-15 15:54:06.627361,London-d5bb,6,20,Normal
2026-02-15 15:54:07.627361,London-d5bb,19,69,Normal
2026-02-15 15:54:08.627361,London-d5bb,6,30,Normal
2026-02-15 15:54:09.627361,London-d5bb,50,83,Normal
2026-02-15 15:54:10.627361,London-d5bb,33,47,Normal
2026-02-15 15:54:11.627361,London-d5bb,-15,48,Normal
2026-02-15 15:54:12.627361,London-d5bb,-2,61,Normal
2026-02-15 15:54:13.627361,London-d5bb,48,94,Normal
2026-02-15 15:54:14.627361,London-d5bb,-9,49,Normal
2026-02-15 15:54:15.627361,London-d5bb,-2,67,Normal
2026-02-15 15:54:16.627361,London-d5bb,30,96,Normal
2026-02-15 15:54:17.627361,London-d5bb,11,87,Normal
2026-02-15 15:54:18.627361,London-d5bb,-28,69,Normal
2026-02-15 15:54:19.627361,London-d5bb,1,61,Normal
2026-02-15 15:54:20.627361,London-d5bb,27,45,Normal
2026-02-15 15:54:21.627361,London-d5bb,19,11,Normal
2026-02-15 15:54:22.627361,London-d5bb,-2,31,Normal
2026-02-15 15:54:23.627361,London-d5bb,7,80,Normal
2026-02-15 15:54:24.627361,London-d5bb,48,72,Normal
2026-02-15 15:54:25.627361,London-d5bb,-13,70,Normal
2026-02-15 15:54:26.627361,London-d5bb,25,97,Normal
2026-02-15 15:54:27.627361,London-d5bb,35,54,Normal
2026-02-15 15:54:28.627361,London-d5bb,-19,56,Normal
2026-02-15 15:54:29.627361,London-d5bb,38,57,Normal
2026-02-15 15:54:30.627361,London-d5bb,4,46,Normal
2026-02-15 15:54:31.627361,London-d5bb,7,21,Normal
2026-02-15 15:54:32.627361,London-d5bb,-18,33,Normal
2026-02-15 15:54:33.627361,London-d5bb,27,42,Normal
2026-02-15 15:54:34.627361,London-d5bb,32,60,Normal
2026-02-15 15:54:35.627361,London-d5bb,-29,60,Normal
2026-02-15 15:54:36.627361,London-d5bb,31,37,Normal
2026-02-15 15:54:37.627361,London-d5bb,-1,48,Normal
2026-02-15 15:54:38.627361,London-d5bb,41,94,Normal
2026-02-15 15:54:39.627361,London-d5bb,27,11,Normal
2026-02-15 15:54:40.627361,London-d5bb,22,15,Normal
2026-02-15 15:54:41.627361,London-d5bb,-4,5,Normal
2026-02-15 15:54:42.627361,London-d5bb,-7,16,Normal
2026-02-15 15:54:43.627361,London-d5bb,15,21,Normal
2026-02-15 15:54:44.627361,London-d5bb,-16,24,Normal
2026-02-15 15:54:45.627361,London-d5bb,36,55,Normal
2026-02-15 15:54:46.627361,London-d5bb,12,71,Normal
2026-02-15 15:54:47.627361,London-d5bb,-29,60,Normal
2026-02-15 15:54:48.627361,London-d5bb,25,96,Normal
2026-02-15 15:54:49.627361,London-d5bb,-11,98,Normal
2026-02-15 15:54:50.627361,London-d5bb,9,45,Normal
2026-02-15 15:54:51.627361,London-d5bb,-24,0,Normal
2026-02-15 15:54:52.627361,London-d5bb,-2,60,Normal
2026-02-15 15:54:53.627361,London-d5bb,22,30,Normal
2026-02-15 15:54:54.627361,London-d5bb,-1,2,Normal
2026-02-15 15:54:55.627361,London-d5bb,21,90,Normal
2026-02-15 15:54:56.627361,London-d5bb,44,11,Normal
2026-02-15 15:54:57.627361,London-d5bb,38,94,Normal
2026-02-15 15:54:58.627361,London-d5bb,21,34,Normal
2026-02-15 15:54:59.627361,London-d5bb,-9,99,Normal
2026-02-15 15:55:00.627361,London-d5bb,-7,10,Normal
2026-02-15 15:55:01.627361,London-d5bb,30,54,Normal
2026-02-15 15:55:02.627361,London-d5bb,-28,6,Normal
2026-02-15 15:55:03.627361,London-d5bb,-25,21,Normal
2026-02-15 15:55:04.627361,London-d5bb,18,54,Normal
2026-02-15 15:55:05.627361,London-d5bb,10,37,Normal
2026-02-15 15:55:06.627361,London-d5bb,-27,91,Normal
2026-02-15 15:55:07.627361,London-d5bb,16,65,Normal
2026-02-15 15:55:08.627361,London-d5bb,-19,11,Normal
2026-02-15 15:55:09.627361,London-d5bb,-29,61,Normal
2026-02-15 15:55:10.627361,London-d5bb,26,45,Normal
2026-02-15 15:55:11.627361,London-d5bb,10,70,Normal
2026-02-15 15:55:12.627361,London-d5bb,-3,27,Normal
2026-02-15 15:55:13.627361,London-d5bb,1,17,Normal
2026-02-15 15:55:14.627361,London-d5bb,-1,29,Normal
2026-02-15 15:55:15.627361,London-d5bb,-14,81,Normal
2026-02-15 15:55:16.627361,London-d5bb,-15,76,Normal
2026-02-15 15:55:17.627361,London-d5bb,31,47,Normal
2026-02-15 15:55:18.627361,London-d5bb,38,52,Normal
2026-02-15 15:55:19.627361,London-d5bb,1,78,Normal
2026-02-15 15:55:20.627361,London-d5bb,-13,48,Normal
2026-02-15 15:55:21.627361,London-d5bb,-5,99,Normal
2026-02-15 15:55:22.627361,London-d5bb,2,35,Normal
2026-02-15 15:55:23.627361,London-d5bb,33,93,Normal
2026-02-15 15:55:24.627361,London-d5bb,30,41,Normal
2026-02-15 15:55:25.627361,London-d5bb,-24,35,Normal
2026-02-15 15:55:26.627361,London-d5bb,-17,74,Normal
2026-02-15 15:55:27.627361,London-d5bb,17,27,Normal
2026-02-15 15:55:28.627361,London-d5bb,-18,63,Normal
2026-02-15 15:55:29.627361,London-d5bb,-2,14,Normal
2026-02-15 15:55:30.627361,London-d5bb,44,16,Normal
2026-02-15 15:55:31.627361,London-d5bb,-23,55,Normal
2026-02-15 15:55:32.627361,London-d5bb,-18,96,Normal
2026-02-15 15:55:33.627361,London-d5bb,-14,97,Normal
2026-02-15 15:55:34.627361,London-d5bb,21,47,Normal
2026-02-15 15:55:35.627361,London-d5bb,36,8,Normal
2026-02-15 15:55:36.627361,London-d5bb,21,30,Normal
2026-02-15 15:55:37.627361,London-d5bb,-3,62,Normal
2026-02-15 15:55:38.627361,London-d5bb,35,51,Normal
2026-02-15 15:55:39.627361,London-d5bb,37,99,Normal
2026-02-15 15:55:40.627361,London-d5bb,7,56,Normal
2026-02-15 15:55:41.627361,London-d5bb,-10,54,Normal
2026-02-15 15:55:42.627361,London-d5bb,35,35,Normal
2026-02-15 15:55:43.627361,London-d5bb,11,96,Normal
2026-02-15 15:55:44.627361,London-d5bb,-2,6,Normal
2026-02-15 15:55:45.627361,London-d5bb,0,58,Normal
2026-02-15 15:55:46.627361,London-d5bb,-13,1,Normal
2026-02-15 15:55:47.627361,London-d5bb,4,60,Normal
2026-02-15 15:55:48.627361,London-d5bb,-11,45,Normal
2026-02-15 15:55:49.627361,London-d5bb,-21,10,Normal
2026-02-15 15:55:50.627361,London-d5bb,17,95,Normal
2026-02-15 15:55:51.627361,London-d5bb,-14,0,Normal
2026-02-15 15:55:52.627361,London-d5bb,47,1,Normal
2026-02-15 15:55:53.627361,London-d5bb,-18,7,Normal
2026-02-15 15:55:54.627361,London-d5bb,-9,14,Normal
2026-02-15 15:55:55.627361,London-d5bb,7,3,Normal
2026-02-15 15:55:56.627361,London-d5bb,50,1,Normal
2026-02-15 15:55:57.627361,London-d5bb,-6,39,Normal
2026-02-15 15:55:58.627361,London-d5bb,-7,40,Normal
2026-02-15 15:55:59.627361,London-d5bb,22,60,Normal
2026-02-15 15:56:00.627361,London-d5bb,4,56,Normal
2026-02-15 15:56:01.627361,London-d5bb,-26,60,Normal
2026-02-15 15:56:02.627361,London-d5bb,21,25,Normal
2026-02-15 15:56:03.627361,London-d5bb,-30,44,Normal
2026-02-15 15:56:04.627361,London-d5bb,23,10,Normal
2026-02-15 15:56:05.627361,London-d5bb,21,11,Normal
2026-02-15 15:56:06.627361,London-d5bb,11,25,Normal
2026-02-15 15:56:07.627361,London-d5bb,45,33,Normal
2026-02-15 15:56:08.627361,London-d5bb,28,66,Normal
2026-02-15 15:56:09.627361,London-d5bb,-17,10,Normal
2026-02-15 15:56:10.627361,London-d5bb,45,20,Normal
2026-02-15 15:56:11.627361,London-d5bb,-13,27,Normal
2026-02-15 15:56:12.627361,London-d5bb,7,68,Normal
2026-02-15 15:56:13.627361,London-d5bb,0,25,Normal
2026-02-15 15:56:14.627361,London-d5bb,-18,26,Normal
2026-02-15 15:56:15.627361,London-d5bb,20,45,Normal
2026-02-15 15:56:16.627361,London-d5bb,39,23,Normal
2026-02-15 15:56:17.627361,London-d5bb,-9,56,Normal
2026-02-15 15:56:18.627361,London-d5bb,-20,87,Normal
2026-02-15 15:56:19.627361,London-d5bb,-6,7,Normal
2026-02-15 15:56:20.627361,London-d5bb,-29,65,Normal
2026-02-15 15:56:21.627361,London-d5bb,36,19,Normal
2026-02-15 15:56:22.627361,London-d5bb,-17,70,Normal
2026-02-15 15:56:23.627361,London-d5bb,-5,50,Normal
2026-02-15 15:56:24.627361,London-d5bb,-12,45,Normal
2026-02-15 15:56:25.627361,London-d5bb,25,76,Normal
2026-02-15 15:56:26.627361,London-d5bb,41,47,Normal
2026-02-15 15:56:27.627361,London-d5bb,2,59,Normal
2026-02-15 15:56:28.627361,London-d5bb,-24,60,Normal
2026-02-15 15:56:29.627361,London-d5bb,39,37,Normal
2026-02-15 15:56:30.627361,London-d5bb,-3,15,Normal
