timestamp,station_id,temp,humid,condition
2026-02-16 22:00:10.658095,Dubai-e72b,33,50,Normal
2026-02-16 22:00:11.658095,Dubai-e72b,-1,68,Normal
2026-02-16 22:00:12.658095,Dubai-e72b,45,20,Normal
2026-02-16 22:00:13.658095,Dubai-e72b,-2,75,Normal
2026-02-16 22:00:14.658095,Dubai-e72b,26,70,Normal
2026-02-16 22:00:15.658095,Dubai-e72b,28,76,Normal
2026-02-16 22:00:16.658095,Dubai-e72b,0,33,Normal
2026-02-16 22:00:17.658095,Dubai-e72b,46,74,Normal
2026-02-16 22:00:18.658095,Dubai-e72b,39,57,Normal
2026-02-16 22:00:19.658095,Dubai-e72b,-11,95,Normal
2026-02-16 22:00:20.658095,Dubai-e72b,-2,100,Normal
2026-02-16 22:00:21.658095,Dubai-e72b,-20,92,Normal
2026-02-16 22:00:22.658095,Dubai-e72b,-1,94,Normal
2026-02-16 22:00:23.658095,Dubai-e72b,47,81,Normal
2026-02-16 22:00:24.658095,Dubai-e72b,44,28,Normal
2026-02-16 22:00:25.658095,Dubai-e72b,2,61,Normal
2026-02-16 22:00:26.658095,Dubai-e72b,8,74,Normal
2026-02-16 22:00:27.658095,Dubai-e72b,24,28,Normal
2026-02-16 22:00:28.658095,Dubai-e72b,-24,3,Normal
2026-02-16 22:00:29.658095,Dubai-e72b,-13,91,Normal
2026-02-16 22:00:30.658095,Dubai-e72b,47,86,Normal
2026-02-16 22:00:31.658095,Dubai-e72b,-1,97,Normal
2026-02-16 22:00:32.658095,Dubai-e72b,37,73,Normal
2026-02-16 22:00:33.658095,Dubai-e72b,33,92,Normal
2026-02-16 22:00:34.658095,Dubai-e72b,-23,90,Normal
2026-02-16 22:00:35.658095,Dubai-e72b,-10,2,Normal
2026-02-16 22:00:36.658095,Dubai-e72b,-24,80,Normal
2026-02-16 22:00:37.658095,Dubai-e72b,-19,60,Normal
2026-02-16 22:00:38.658095,Dubai-e72b,-6,68,Normal
2026-02-16 22:00:39.658095,Dubai-e72b,33,86,Normal
2026-02-16 22:00:40.658095,Dubai-e72b,15,97,Normal
2026-02-16 22:00:41.658095,Dubai-e72b,20,37,Normal
2026-02-16 22:00:42.658095,Dubai-e72b,3,30,Normal
2026-02-16 22:00:43.658095,Dubai-e72b,1,40,Normal
2026-02-16 22:00:44.658095,Dubai-e72b,-28,48,Normal
2026-02-16 22:00:45.658095,Dubai-e72b,-29,92,Normal
2026-02-16 22:00:46.658095,Dubai-e72b,15,54,Normal
2026-02-16 22:00:47.658095,Dubai-e72b,8,95,Normal
2026-02-16 22:00:48.658095,Dubai-e72b,-26,99,Normal
2026-02-16 22:00:49.658095,Dubai-e72b,2,1,Normal
2026-02-16 22:00:50.658095,Dubai-e72b,40,61,Normal
2026-02-16 22:00:51.658095,Dubai-e72b,-17,37,Normal
2026-02-16 22:00:52.658095,Dubai-e72b,38,56,Normal
2026-02-16 22:00:53.658095,Dubai-e72b,-1,16,Normal
2026-02-16 22:00:54.658095,Dubai-e72b,-25,52,Normal
2026-02-16 22:00:55.658095,Dubai-e72b,-22,32,Normal
2026-02-16 22:00:56.658095,Dubai-e72b,44,46,Normal
2026-02-16 22:00:57.658095,Dubai-e72b,-19,5,Normal
2026-02-16 22:00:58.658095,Dubai-e72b,27,30,Normal
2026-02-16 22:00:59.658095,Dubai-e72b,22,67,Normal
2026-02-16 22:01:00.658095,Dubai-e72b,33,21,Normal
2026-02-16 22:01:01.658095,Dubai-e72b,-18,0,Normal
2026-02-16 22:01:02.658095,Dubai-e72b,-20,96,Normal
2026-02-16 22:01:03.658095,Dubai-e72b,5,12,Normal
2026-02-16 22:01:04.658095,Dubai-e72b,-21,45,Normal
2026-02-16 22:01:05.658095,Dubai-e72b,37,38,Normal
2026-02-16 22:01:06.658095,Dubai-e72b,-5,21,Normal
2026-02-16 22:01:07.658095,Dubai-e72b,-16,91,Normal
2026-02-16 22:01:08.658095,Dubai-e72b,-25,24,Normal
2026-02-16 22:01:09.658095,Dubai-e72b,-15,46,Normal
2026-02-16 22:01:10.658095,Dubai-e72b,40,44,Normal
2026-02-16 22:01:11.658095,Dubai-e72b,-29,25,Normal
2026-02-16 22:01:12.658095,Dubai-e72b,17,44,Normal
2026-02-16 22:01:13.658095,Dubai-e72b,30,60,Normal
2026-02-16 22:01:14.658095,Dubai-e72b,14,63,Normal
2026-02-16 22:01:15.658095,Dubai-e72b,13,16,Normal
2026-02-16 22:01:16.658095,Dubai-e72b,-4,22,Normal
2026-02-16 22:01:17.658095,Dubai-e72b,9,68,Normal
2026-02-16 22:01:18.658095,Dubai-e72b,34,25,Normal
2026-02-16 22:01:19.658095,Dubai-e72b,28,57,Normal
2026-02-16 22:01:20.658095,Dubai-e72b,13,34,Normal
2026-02-16 22:01:21.658095,Dubai-e72b,30,88,Normal
2026-02-16 22:01:22.658095,Dubai-e72b,-15,18,Normal
2026-02-16 22:01:23.658095,Dubai-e72b,-11,41,Normal
2026-02-16 22:01:24.658095,Dubai-e72b,-22,89,Normal
2026-02-16 22:01:25.658095,Dubai-e72b,3,74,Normal
2026-02-16 22:01:26.658095,Dubai-e72b,36,38,Normal
2026-02-16 22:01:27.658095,Dubai-e72b,-26,39,Normal
2026-02-16 22:01:28.658095,Dubai-e72b,7,32,Normal
2026-02-16 22:01:29.658095,Dubai-e72b,26,43,Normal
2026-02-16 22:01:30.658095,Dubai-e72b,17,50,Normal
2026-02-16 22:01:31.658095,Dubai-e72b,49,58,Normal
2026-02-16 22:01:32.658095,Dubai-e72b,21,67,Normal
2026-02-16 22:01:33.658095,Dubai-e72b,11,54,Normal
2026-02-16 22:01:34.658095,Dubai-e72b,23,89,Normal
2026-02-16 22:01:35.658095,Dubai-e72b,8,58,Normal
2026-02-16 22:01:36.658095,Dubai-e72b,23,62,Normal
2026-02-16 22:01:37.658095,Dubai-e72b,-21,26,Normal
2026-02-16 22:01:38.658095,Dubai-e72b,-8,93,Normal
2026-02-16 22:01:39.658095,Dubai-e72b,-11,99,Normal
2026-02-16 22:01:40.658095,Dubai-e72b,-30,50,Normal
2026-02-16 22:01:41.658095,Dubai-e72b,-8,68,Normal
2026-02-16 22:01:42.658095,Dubai-e72b,41,49,Normal
2026-02-16 22:01:43.658095,Dubai-e72b,28,64,Normal
2026-02-16 22:01:44.658095,Dubai-e72b,39,55,Normal
2026-02-16 22:01:45.658095,Dubai-e72b,21,82,Normal
2026-02-16 22:01:46.658095,Dubai-e72b,28,9,Normal
2026-02-16 22:01:47.658095,Dubai-e72b,-8,67,Normal
2026-02-16 22:01:48.658095,Dubai-e72b,28,41,Normal
2026-02-16 22:01:49.658095,Dubai-e72b,18,18,Normal
2026-02-16 22:01:50.658095,Dubai-e72b,19,97,Normal
2026-02-16 22:01:51.658095,Dubai-e72b,-27,69,Normal
2026-02-16 22:01:52.658095,Dubai-e72b,20,70,Normal
2026-02-16 22:01:53.658095,Dubai-e72b,26,14,Normal
2026-02-16 22:01:54.658095,Dubai-e72b,-5,66,Normal
2026-02-16 22:01:55.658095,Dubai-e72b,28,60,Normal
2026-02-16 22:01:56.658095,Dubai-e72b,-16,61,Normal
2026-02-16 22:01:57.658095,Dubai-e72b,-26,30,Normal
2026-02-16 22:01:58.658095,Dubai-e72b,46,6,Normal
2026-02-16 22:01:59.658095,Dubai-e72b,34,10,Normal
2026-02-16 22:02:00.658095,Dubai-e72b,-1,96,Normal
2026-02-16 22:02:01.658095,Dubai-e72b,33,59,Normal
2026-02-16 22:02:02.658095,Dubai-e72b,41,28,Normal
2026-02-16 22:02:03.658095,Dubai-e72b,-15,97,Normal
2026-02-16 22:02:04.658095,Dubai-e72b,1,8,Normal
2026-02-16 22:02:05.658095,Dubai-e72b,30,8,Normal
2026-02-16 22:02:06.658095,Dubai-e72b,3,64,Normal
2026-02-16 22:02:07.658095,Dubai-e72b,5,20,Normal
2026-02-16 22:02:08.658095,Dubai-e72b,-6,63,Normal
2026-02-16 22:02:09.658095,Dubai-e72b,37,96,Normal
2026-02-16 22:02:10.658095,Dubai-e72b,2,88,Normal
2026-02-16 22:02:11.658095,Dubai-e72b,-17,46,Normal
2026-02-16 22:02:12.658095,Dubai-e72b,29,31,Normal
2026-02-16 22:02:13.658095,Dubai-e72b,20,15,Normal
2026-02-16 22:02:14.658095,Dubai-e72b,37,89,Normal
2026-02-16 22:02:15.658095,Dubai-e72b,4,9,Normal
2026-02-16 22:02:16.658095,Dubai-e72b,16,7,Normal
2026-02-16 22:02:17.658095,Dubai-e72b,15,90,Normal
2026-02-16 22:02:18.658095,Dubai-e72b,46,3,Normal
2026-02-16 22:02:19.658095,Dubai-e72b,0,35,Normal
2026-02-16 22:02:20.658095,Dubai-e72b,41,52,Normal
2026-02-16 22:02:21.658095,Dubai-e72b,7,19,Normal
2026-02-16 22:02:22.658095,Dubai-e72b,22,33,Normal
2026-02-16 22:02:23.658095,Dubai-e72b,-27,39,Normal
2026-02-16 22:02:24.658095,Dubai-e72b,9,10,Normal
2026-02-16 22:02:25.658095,Dubai-e72b,15,61,Normal
2026-02-16 22:02:26.658095,Dubai-e72b,46,58,Normal
2026-02-16 22:02:27.658095,Dubai-e72b,-19,14,Normal
2026-02-16 22:02:28.658095,Dubai-e72b,32,43,Normal
2026-02-16 22:02:29.658095,Dubai-e72b,17,72,Normal
2026-02-16 22:02:30.658095,Dubai-e72b,39,29,Normal
2026-02-16 22:02:31.658095,Dubai-e72b,12,76,Normal
2026-02-16 22:02:32.658095,Dubai-e72b,10,3,Normal
2026-02-16 22:02:33.658095,Dubai-e72b,-19,31,Normal
2026-02-16 22:02:34.658095,Dubai-e72b,-21,53,Normal
2026-02-16 22:02:35.658095,Dubai-e72b,3,100,Normal
2026-02-16 22:02:36.658095,Dubai-e72b,-30,67,Normal
2026-02-16 22:02:37.658095,Dubai-e72b,39,38,Normal
2026-02-16 22:02:38.658095,Dubai-e72b,-2,80,Normal
2026-02-16 22:02:39.658095,Dubai-e72b,43,39,Normal
2026-02-16 22:02:40.658095,Dubai-e72b,48,99,Normal
2026-02-16 22:02:41.658095,Dubai-e72b,20,22,Normal
2026-02-16 22:02:42.658095,Dubai-e72b,23,45,Normal
2026-02-16 22:02:43.658095,Dubai-e72b,-12,83,Normal
2026-02-16 22:02:44.658095,Dubai-e72b,5,70,Normal
2026-02-16 22:02:45.658095,Dubai-e72b,49,95,Normal
2026-02-16 22:02:46.658095,Dubai-e72b,-20,100,Normal
2026-02-16 22:02:47.658095,Dubai-e72b,33,40,Normal
2026-02-16 22:02:48.658095,Dubai-e72b,-25,79,Normal
2026-02-16 22:02:49.658095,Dubai-e72b,-7,51,Normal
2026-02-16 22:02:50.658095,Dubai-e72b,0,57,Normal
2026-02-16 22:02:51.658095,Dubai-e72b,30,99,Normal
2026-02-16 22:02:52.658095,Dubai-e72b,-25,10,Normal
2026-02-16 22:02:53.658095,Dubai-e72b,40,100,Normal
2026-02-16 22:02:54.658095,Dubai-e72b,-20,56,Normal
2026-02-16 22:02:55.658095,Dubai-e72b,-19,77,Normal
2026-02-16 22:02:56.658095,Dubai-e72b,37,36,Normal
2026-02-16 22:02:57.658095,Dubai-e72b,-11,17,Normal
2026-02-16 22:02:58.658095,Dubai-e72b,-27,55,Normal
2026-02-16 22:02:59.658095,Dubai-e72b,-23,29,Normal
2026-02-16 22:03:00.658095,Dubai-e72b,2,9,Normal
2026-02-16 22:03:01.658095,Dubai-e72b,-26,8,Normal
2026-02-16 22:03:02.658095,Dubai-e72b,10,37,Normal
2026-02-16 22:03:03.658095,Dubai-e72b,-30,82,Normal
2026-02-16 22:03:04.658095,Dubai-e72b,16,92,Normal
2026-02-16 22:03:05.658095,Dubai-e72b,-7,53,Normal
2026-02-16 22:03:06.658095,Dubai-e72b,-10,54,Normal
2026-02-16 22:03:07.658095,Dubai-e72b,-2,57,Normal
2026-02-16 22:03:08.658095,Dubai-e72b,29,70,Normal
2026-02-16 22:03:09.658095,Dubai-e72b,-19,47,Normal
2026-02-16 22:03:10.658095,Dubai-e72b,-10,27,Normal
2026-02-16 22:03:11.658095,Dubai-e72b,11,50,Normal
2026-02-16 22:03:12.658095,Dubai-e72b,-13,15,Normal
2026-02-16 22:03:13.658095,Dubai-e72b,32,86,Normal
2026-02-16 22:03:14.658095,Dubai-e72b,32,21,Normal
2026-02-16 22:03:15.658095,Dubai-e72b,-28,5,Normal
2026-02-16 22:03:16.658095,Dubai-e72b,0,29,Normal
2026-02-16 22:03:17.658095,Dubai-e72b,6,43,Normal
2026-02-16 22:03:18.658095,Dubai-e72b,19,29,Normal
2026-02-16 22:03:19.658095,Dubai-e72b,47,22,Normal
2026-02-16 22:03:20.658095,Dubai-e72b,-5,16,Normal
2026-02-16 22:03:21.658095,Dubai-e72b,10,41,Normal
2026-02-16 22:03:22.658095,Dubai-e72b,48,49,Normal
2026-02-16 22:03:23.658095,Dubai-e72b,1,17,Normal
2026-02-16 22:03:24.658095,Dubai-e72b,-3,30,Normal
2026-02-16 22:03:25.658095,Dubai-e72b,-3,79,Normal
2026-02-16 22:03:26.658095,Dubai-e72b,-23,60,Normal
2026-02-16 22:03:27.658095,Dubai-e72b,1,16,Normal
2026-02-16 22:03:28.658095,Dubai-e72b,6,0,Normal
2026-02-16 22:03:29.658095,Dubai-e72b,-28,1,Normal
2026-02-16 22:03:30.658095,Dubai-e72b,41,51,Normal
2026-02-16 22:03:31.658095,Dubai-e72b,-21,22,Normal
2026-02-16 22:03:32.658095,Dubai-e72b,10,17,Normal
2026-02-16 22:03:33.658095,Dubai-e72b,9,16,Normal
2026-02-16 22:03:34.658095,Dubai-e72b,43,43,Normal
2026-02-16 22:03:35.658095,Dubai-e72b,-26,70,Normal
2026-02-16 22:03:36.658095,Dubai-e72b,31,30,Normal
2026-02-16 22:03:37.658095,Dubai-e72b,-16,56,Normal
2026-02-16 22:03:38.658095,Dubai-e72b,-25,62,Normal
2026-02-16 22:03:39.658095,Dubai-e72b,-1,81,Normal
2026-02-16 22:03:40.658095,Dubai-e72b,34,9,Normal
2026-02-16 22:03:41.658095,Dubai-e72b,28,27,Normal
2026-02-16 22:03:42.658095,Dubai-e72b,-24,93,Normal
2026-02-16 22:03:43.658095,Dubai-e72b,26,74,Normal
2026-02-16 22:03:44.658095,Dubai-e72b,36,82,Normal
2026-02-16 22:03:45.658095,Dubai-e72b,-13,80,Normal
2026-02-16 22:03:46.658095,Dubai-e72b,30,78,Normal
2026-02-16 22:03:47.658095,Dubai-e72b,23,99,Normal
2026-02-16 22:03:48.658095,Dubai-e72b,44,88,Normal
2026-02-16 22:03:49.658095,Dubai-e72b,0,61,Normal
2026-02-16 22:03:50.658095,Dubai-e72b,-21,92,Normal
2026-02-16 22:03:51.658095,Dubai-e72b,9,91,Normal
2026-02-16 22:03:52.658095,Dubai-e72b,28,63,Normal
2026-02-16 22:03:53.658095,Dubai-e72b,-6,26,Normal
2026-02-16 22:03:54.658095,Dubai-e72b,17,75,Normal
2026-02-16 22:03:55.658095,Dubai-e72b,29,52,Normal
2026-02-16 22:03:56.658095,Dubai-e72b,8,83,Normal
2026-02-16 22:03:57.658095,Dubai-e72b,-13,91,Normal
2026-02-16 22:03:58.658095,Dubai-e72b,14,18,Normal
2026-02-16 22:03:59.658095,Dubai-e72b,-21,62,Normal
2026-02-16 22:04:00.658095,Dubai-e72b,49,72,Normal
2026-02-16 22:04:01.658095,Dubai-e72b,20,71,Normal
2026-02-16 22:04:02.658095,Dubai-e72b,-15,35,Normal
2026-02-16 22:04:03.658095,Dubai-e72b,44,58,Normal
2026-02-16 22:04:04.658095,Dubai-e72b,29,31,Normal
2026-02-16 22:04:05.658095,Dubai-e72b,-27,98,Normal
2026-02-16 22:04:06.658095,Dubai-e72b,16,1,Normal
2026-02-16 22:04:07.658095,Dubai-e72b,2,76,Normal
2026-02-16 22:04:08.658095,Dubai-e72b,29,50,Normal
2026-02-16 22:04:09.658095,Dubai-e72b,49,77,Normal
2026-02-16 22:04:10.658095,Dubai-e72b,-9,79,Normal
2026-02-16 22:04:11.658095,Dubai-e72b,-15,34,Normal
2026-02-16 22:04:12.658095,Dubai-e72b,2,99,Normal
2026-02-16 22:04:13.658095,Dubai-e72b,45,41,Normal
2026-02-16 22:04:14.658095,Dubai-e72b,42,22,Normal
2026-02-16 22:04:15.658095,Dubai-e72b,15,84,Normal
2026-02-16 22:04:16.658095,Dubai-e72b,25,51,Normal
2026-02-16 22:04:17.658095,Dubai-e72b,18,53,Normal
2026-02-16 22:04:18.658095,Dubai-e72b,-10,20,Normal
2026-02-16 22:04:19.658095,Dubai-e72b,49,73,Normal
2026-02-16 22:04:20.658095,Dubai-e72b,-11,17,Normal
2026-02-16 22:04:21.658095,Dubai-e72b,34,52,Normal
2026-02-16 22:04:22.658095,Dubai-e72b,45,88,Normal
2026-02-16 22:04:23.658095,Dubai-e72b,19,57,Normal
2026-02-16 22:04:24.658095,Dubai-e72b,49,37,Normal
2026-02-16 22:04:25.658095,Dubai-e72b,-14,94,Normal
2026-02-16 22:04:26.658095,Dubai-e72b,-24,83,Normal
2026-02-16 22:04:27.658095,Dubai-e72b,24,63,Normal
2026-02-16 22:04:28.658095,Dubai-e72b,43,82,Normal
2026-02-16 22:04:29.658095,Dubai-e72b,28,86,Normal
2026-02-16 22:04:30.658095,Dubai-e72b,15,45,Normal
2026-02-16 22:04:31.658095,Dubai-e72b,-19,88,Normal
2026-02-16 22:04:32.658095,Dubai-e72b,43,5,Normal
2026-02-16 22:04:33.658095,Dubai-e72b,28,29,Normal
2026-02-16 22:04:34.658095,Dubai-e72b,-15,58,Normal
2026-02-16 22:04:35.658095,Dubai-e72b,49,11,Normal
2026-02-16 22:04:36.658095,Dubai-e72b,29,71,Normal
2026-02-16 22:04:37.658095,Dubai-e72b,2,40,Normal
2026-02-16 22:04:38.658095,Dubai-e72b,30,12,Normal
2026-02-16 22:04:39.658095,Dubai-e72b,23,93,Normal
2026-02-16 22:04:40.658095,Dubai-e72b,16,41,Normal
2026-02-16 22:04:41.658095,Dubai-e72b,6,68,Normal
2026-02-16 22:04:42.658095,Dubai-e72b,-24,79,Normal
2026-02-16 22:04:43.658095,Dubai-e72b,36,8,Normal
2026-02-16 22:04:44.658095,Dubai-e72b,20,87,Normal
2026-02-16 22:04:45.658095,Dubai-e72b,15,4,Normal
2026-02-16 22:04:46.658095,Dubai-e72b,34,50,Normal
2026-02-16 22:04:47.658095,Dubai-e72b,39,28,Normal
2026-02-16 22:04:48.658095,Dubai-e72b,-11,84,Normal
2026-02-16 22:04:49.658095,Dubai-e72b,-2,62,Normal
2026-02-16 22:04:50.658095,Dubai-e72b,16,17,Normal
2026-02-16 22:04:51.658095,Dubai-e72b,31,24,Normal
2026-02-16 22:04:52.658095,Dubai-e72b,-7,84,Normal
2026-02-16 22:04:53.658095,Dubai-e72b,-27,26,Normal
2026-02-16 22:04:54.658095,Dubai-e72b,18,94,Normal
2026-02-16 22:04:55.658095,Dubai-e72b,28,80,Normal
2026-02-16 22:04:56.658095,Dubai-e72b,36,53,Normal
2026-02-16 22:04:57.658095,Dubai-e72b,47,4,Normal
2026-02-16 22:04:58.658095,Dubai-e72b,-11,8,Normal
2026-02-16 22:04:59.658095,Dubai-e72b,-27,38,Normal
2026-02-16 22:05:00.658095,Dubai-e72b,33,43,Normal
2026-02-16 22:05:01.658095,Dubai-e72b,19,74,Normal
2026-02-16 22:05:02.658095,Dubai-e72b,32,90,Normal
2026-02-16 22:05:03.658095,Dubai-e72b,-17,35,Normal
2026-02-16 22:05:04.658095,Dubai-e72b,1,65,Normal
2026-02-16 22:05:05.658095,Dubai-e72b,21,32,Normal
2026-02-16 22:05:06.658095,Dubai-e72b,42,7,Normal
2026-02-16 22:05:07.658095,Dubai-e72b,31,62,Normal
2026-02-16 22:05:08.658095,Dubai-e72b,-10,77,Normal
2026-02-16 22:05:09.658095,Dubai-e72b,29,83,Normal
2026-02-16 22:05:10.658095,Dubai-e72b,19,42,Normal
2026-02-16 22:05:11.658095,Dubai-e72b,-23,3,Normal
2026-02-16 22:05:12.658095,Dubai-e72b,-25,12,Normal
2026-02-16 22:05:13.658095,Dubai-e72b,22,28,Normal
2026-02-16 22:05:14.658095,Dubai-e72b,21,37,Normal
2026-02-16 22:05:15.658095,Dubai-e72b,-18,9,Normal
2026-02-16 22:05:16.658095,Dubai-e72b,27,98,Normal
2026-02-16 22:05:17.658095,Dubai-e72b,13,80,Normal
2026-02-16 22:05:18.658095,Dubai-e72b,32,66,Normal
2026-02-16 22:05:19.658095,Dubai-e72b,8,97,Normal
2026-02-16 22:05:20.658095,Dubai-e72b,21,17,Normal
2026-02-16 22:05:21.658095,Dubai-e72b,46,47,Normal
2026-02-16 22:05:22.658095,Dubai-e72b,21,80,Normal
2026-02-16 22:05:23.658095,Dubai-e72b,12,93,Normal
2026-02-16 22:05:24.658095,Dubai-e72b,32,89,Normal
2026-02-16 22:05:25.658095,Dubai-e72b,4,55,Normal
2026-02-16 22:05:26.658095,Dubai-e72b,41,45,Normal
2026-02-16 22:05:27.658095,Dubai-e72b,-19,51,Normal
2026-02-16 22:05:28.658095,Dubai-e72b,41,50,Normal
2026-02-16 22:05:29.658095,Dubai-e72b,11,61,Normal
2026-02-16 22:05:30.658095,Dubai-e72b,-25,60,Normal
2026-02-16 22:05:31.658095,Dubai-e72b,-5,35,Normal
2026-02-16 22:05:32.658095,Dubai-e72b,8,70,Normal
2026-02-16 22:05:33.658095,Dubai-e72b,20,87,Normal
2026-02-16 22:05:34.658095,Dubai-e72b,25,68,Normal
2026-02-16 22:05:35.658095,Dubai-e72b,0,28,Normal
2026-02-16 22:05:36.658095,Dubai-e72b,-9,81,Normal
2026-02-16 22:05:37.658095,Dubai-e72b,23,11,Normal
2026-02-16 22:05:38.658095,Dubai-e72b,29,3,Normal
2026-02-16 22:05:39.658095,Dubai-e72b,-21,82,Normal
2026-02-16 22:05:40.658095,Dubai-e72b,49,28,Normal
2026-02-16 22:05:41.658095,Dubai-e72b,-29,100,Normal
2026-02-16 22:05:42.658095,Dubai-e72b,-18,52,Normal
2026-02-16 22:05:43.658095,Dubai-e72b,1,93,Normal
2026-02-16 22:05:44.658095,Dubai-e72b,-12,27,Normal
2026-02-16 22:05:45.658095,Dubai-e72b,18,15,Normal
2026-02-16 22:05:46.658095,Dubai-e72b,-6,55,Normal
2026-02-16 22:05:47.658095,Dubai-e72b,29,23,Normal
2026-02-16 22:05:48.658095,Dubai-e72b,43,20,Normal
2026-02-16 22:05:49.658095,Dubai-e72b,-3,98,Normal
2026-02-16 22:05:50.658095,Dubai-e72b,30,96,Normal
2026-02-16 22:05:51.658095,Dubai-e72b,47,9,Normal
2026-02-16 22:05:52.658095,Dubai-e72b,-4,76,Normal
2026-02-16 22:05:53.658095,Dubai-e72b,30,36,Normal
2026-02-16 22:05:54.658095,Dubai-e72b,13,6,Normal
2026-02-16 22:05:55.658095,Dubai-e72b,50,97,Normal
2026-02-16 22:05:56.658095,Dubai-e72b,-7,66,Normal
2026-02-16 22:05:57.658095,Dubai-e72b,7,82,Normal
2026-02-16 22:05:58.658095,Dubai-e72b,13,100,Normal
2026-02-16 22:05:59.658095,Dubai-e72b,-19,7,Normal
2026-02-16 22:06:00.658095,Dubai-e72b,6,96,Normal
2026-02-16 22:06:01.658095,Dubai-e72b,3,81,Normal
2026-02-16 22:06:02.658095,Dubai-e72b,8,15,Normal
2026-02-16 22:06:03.658095,Dubai-e72b,46,64,Normal
2026-02-16 22:06:04.658095,Dubai-e72b,9,50,Normal
2026-02-16 22:06:05.658095,Dubai-e72b,-26,95,Normal
2026-02-16 22:06:06.658095,Dubai-e72b,-24,17,Normal
2026-02-16 22:06:07.658095,Dubai-e72b,8,45,Normal
2026-02-16 22:06:08.658095,Dubai-e72b,33,13,Normal
2026-02-16 22:06:09.658095,Dubai-e72b,-6,93,Normal
2026-02-16 22:06:10.658095,Dubai-e72b,5,64,Normal
2026-02-16 22:06:11.658095,Dubai-e72b,19,17,Normal
2026-02-16 22:06:12.658095,Dubai-e72b,15,27,Normal
2026-02-16 22:06:13.658095,Dubai-e72b,-18,41,Normal
2026-02-16 22:06:14.658095,Dubai-e72b,30,13,Normal
2026-02-16 22:06:15.658095,Dubai-e72b,-2,96,Normal
2026-02-16 22:06:16.658095,Dubai-e72b,-3,66,Normal
2026-02-16 22:06:17.658095,Dubai-e72b,39,4,Normal
2026-02-16 22:06:18.658095,Dubai-e72b,50,52,Normal
2026-02-16 22:06:19.658095,Dubai-e72b,-4,85,Normal
2026-02-16 22:06:20.658095,Dubai-e72b,-26,15,Normal
2026-02-16 22:06:21.658095,Dubai-e72b,37,94,Normal
2026-02-16 22:06:22.658095,Dubai-e72b,-23,3,Normal
2026-02-16 22:06:23.658095,Dubai-e72b,16,83,Normal
2026-02-16 22:06:24.658095,Dubai-e72b,38,12,Normal
2026-02-16 22:06:25.658095,Dubai-e72b,34,86,Normal
2026-02-16 22:06:26.658095,Dubai-e72b,-20,6,Normal
2026-02-16 22:06:27.658095,Dubai-e72b,23,88,Normal
2026-02-16 22:06:28.658095,Dubai-e72b,41,14,Normal
2026-02-16 22:06:29.658095,Dubai-e72b,-27,53,Normal
2026-02-16 22:06:30.658095,Dubai-e72b,-15,28,Normal
2026-02-16 22:06:31.658095,Dubai-e72b,-27,45,Normal
2026-02-16 22:06:32.658095,Dubai-e72b,-9,91,Normal
2026-02-16 22:06:33.658095,Dubai-e72b,41,82,Normal
2026-02-16 22:06:34.658095,Dubai-e72b,25,100,Normal
2026-02-16 22:06:35.658095,Dubai-e72b,17,13,Normal
2026-02-16 22:06:36.658095,Dubai-e72b,-13,35,Normal
2026-02-16 22:06:37.658095,Dubai-e72b,-21,0,Normal
2026-02-16 22:06:38.658095,Dubai-e72b,49,54,Normal
2026-02-16 22:06:39.658095,Dubai-e72b,-6,33,Normal
2026-02-16 22:06:40.658095,Dubai-e72b,-6,37,Normal
2026-02-16 22:06:41.658095,Dubai-e72b,-30,67,Normal
2026-02-16 22:06:42.658095,Dubai-e72b,19,78,Normal
2026-02-16 22:06:43.658095,Dubai-e72b,38,87,Normal
2026-02-16 22:06:44.658095,Dubai-e72b,39,90,Normal
2026-02-16 22:06:45.658095,Dubai-e72b,22,98,Normal
2026-02-16 22:06:46.658095,Dubai-e72b,-4,87,Normal
2026-02-16 22:06:47.658095,Dubai-e72b,35,96,Normal
2026-02-16 22:06:48.658095,Dubai-e72b,-6,83,Normal
2026-02-16 22:06:49.658095,Dubai-e72b,-25,18,Normal
2026-02-16 22:06:50.658095,Dubai-e72b,-29,40,Normal
2026-02-16 22:06:51.658095,Dubai-e72b,-30,59,Normal
2026-02-16 22:06:52.658095,Dubai-e72b,10,90,Normal
2026-02-16 22:06:53.658095,Dubai-e72b,20,57,Normal
2026-02-16 22:06:54.658095,Dubai-e72b,45,13,Normal
2026-02-16 22:06:55.658095,Dubai-e72b,18,50,Normal
2026-02-16 22:06:56.658095,Dubai-e72b,1,52,Normal
2026-02-16 22:06:57.658095,Dubai-e72b,-30,18,Normal
2026-02-16 22:06:58.658095,Dubai-e72b,-24,72,Normal
2026-02-16 22:06:59.658095,Dubai-e72b,-20,51,Normal
2026-02-16 22:07:00.658095,Dubai-e72b,-26,23,Normal
2026-02-16 22:07:01.658095,Dubai-e72b,17,30,Normal
2026-02-16 22:07:02.658095,Dubai-e72b,-22,94,Normal
2026-02-16 22:07:03.658095,Dubai-e72b,-13,88,Normal
2026-02-16 22:07:04.658095,Dubai-e72b,-11,90,Normal
2026-02-16 22:07:05.658095,Dubai-e72b,-13,93,Normal
2026-02-16 22:07:06.658095,Dubai-e72b,4,25,Normal
2026-02-16 22:07:07.658095,Dubai-e72b,50,43,Normal
2026-02-16 22:07:08.658095,Dubai-e72b,41,81,Normal
2026-02-16 22:07:09.658095,Dubai-e72b,-11,4,Normal
2026-02-16 22:07:10.658095,Dubai-e72b,-29,63,Normal
2026-02-16 22:07:11.658095,Dubai-e72b,-8,21,Normal
2026-02-16 22:07:12.658095,Dubai-e72b,17,72,Normal
2026-02-16 22:07:13.658095,Dubai-e72b,26,89,Normal
2026-02-16 22:07:14.658095,Dubai-e72b,13,1,Normal
2026-02-16 22:07:15.658095,Dubai-e72b,49,100,Normal
2026-02-16 22:07:16.658095,Dubai-e72b,-30,22,Normal
2026-02-16 22:07:17.658095,Dubai-e72b,9,77,Normal
2026-02-16 22:07:18.658095,Dubai-e72b,0,19,Normal
2026-02-16 22:07:19.658095,Dubai-e72b,-9,88,Normal
2026-02-16 22:07:20.658095,Dubai-e72b,32,25,Normal
2026-02-16 22:07:21.658095,Dubai-e72b,9,32,Normal
2026-02-16 22:07:22.658095,Dubai-e72b,11,57,Normal
2026-02-16 22:07:23.658095,Dubai-e72b,48,14,Normal
2026-02-16 22:07:24.658095,Dubai-e72b,25,7,Normal
2026-02-16 22:07:25.658095,Dubai-e72b,-5,41,Normal
2026-02-16 22:07:26.658095,Dubai-e72b,30,17,Normal
2026-02-16 22:07:27.658095,Dubai-e72b,-8,13,Normal
2026-02-16 22:07:28.658095,Dubai-e72b,9,17,Normal
2026-02-16 22:07:29.658095,Dubai-e72b,-11,32,Normal
2026-02-16 22:07:30.658095,Dubai-e72b,10,69,Normal
2026-02-16 22:07:31.658095,Dubai-e72b,-4,54,Normal
2026-02-16 22:07:32.658095,Dubai-e72b,23,50,Normal
2026-02-16 22:07:33.658095,Dubai-e72b,-6,10,Normal
2026-02-16 22:07:34.658095,Dubai-e72b,41,63,Normal
2026-02-16 22:07:35.658095,Dubai-e72b,-29,81,Normal
2026-02-16 22:07:36.658095,Dubai-e72b,33,10,Normal
2026-02-16 22:07:37.658095,Dubai-e72b,30,82,Normal
2026-02-16 22:07:38.658095,Dubai-e72b,-30,8,Normal
2026-02-16 22:07:39.658095,Dubai-e72b,-19,100,Normal
2026-02-16 22:07:40.658095,Dubai-e72b,32,65,Normal
2026-02-16 22:07:41.658095,Dubai-e72b,15,23,Normal
2026-02-16 22:07:42.658095,Dubai-e72b,-25,100,Normal
2026-02-16 22:07:43.658095,Dubai-e72b,34,98,Normal
2026-02-16 22:07:44.658095,Dubai-e72b,22,20,Normal
2026-02-16 22:07:45.658095,Dubai-e72b,-9,54,Normal
2026-02-16 22:07:46.658095,Dubai-e72b,44,28,Normal
2026-02-16 22:07:47.658095,Dubai-e72b,-17,54,Normal
2026-02-16 22:07:48.658095,Dubai-e72b,36,59,Normal
2026-02-16 22:07:49.658095,Dubai-e72b,11,84,Normal
2026-02-16 22:07:50.658095,Dubai-e72b,-12,34,Normal
2026-02-16 22:07:51.658095,Dubai-e72b,-19,0,Normal
2026-02-16 22:07:52.658095,Dubai-e72b,39,58,Normal
2026-02-16 22:07:53.658095,Dubai-e72b,13,88,Normal
2026-02-16 22:07:54.658095,Dubai-e72b,37,36,Normal
2026-02-16 22:07:55.658095,Dubai-e72b,-7,28,Normal
2026-02-16 22:07:56.658095,Dubai-e72b,-26,72,Normal
2026-02-16 22:07:57.658095,Dubai-e72b,-26,64,Normal
2026-02-16 22:07:58.658095,Dubai-e72b,44,72,Normal
2026-02-16 22:07:59.658095,Dubai-e72b,28,16,Normal
2026-02-16 22:08:00.658095,Dubai-e72b,-13,88,Normal
2026-02-16 22:08:01.658095,Dubai-e72b,27,52,Normal
2026-02-16 22:08:02.658095,Dubai-e72b,-10,46,Normal
2026-02-16 22:08:03.658095,Dubai-e72b,8,54,Normal
2026-02-16 22:08:04.658095,Dubai-e72b,22,25,Normal
2026-02-16 22:08:05.658095,Dubai-e72b,26,11,Normal
2026-02-16 22:08:06.658095,Dubai-e72b,-27,26,Normal
2026-02-16 22:08:07.658095,Dubai-e72b,42,35,Normal
2026-02-16 22:08:08.658095,Dubai-e72b,-16,21,Normal
2026-02-16 22:08:09.658095,Dubai-e72b,-14,68,Normal
2026-02-16 22:08:10.658095,Dubai-e72b,-5,25,Normal
2026-02-16 22:08:11.658095,Dubai-e72b,-8,71,Normal
2026-02-16 22:08:12.658095,Dubai-e72b,-22,5,Normal
2026-02-16 22:08:13.658095,Dubai-e72b,-12,94,Normal
2026-02-16 22:08:14.658095,Dubai-e72b,5,94,Normal
2026-02-16 22:08:15.658095,Dubai-e72b,27,77,Normal
2026-02-16 22:08:16.658095,Dubai-e72b,-12,46,Normal
2026-02-16 22:08:17.658095,Dubai-e72b,-25,53,Normal
2026-02-16 22:08:18.658095,Dubai-e72b,29,66,Normal
2026-02-16 22:08:19.658095,Dubai-e72b,47,18,Normal
2026-02-16 22:08:20.658095,Dubai-e72b,4,98,Normal
2026-02-16 22:08:21.658095,Dubai-e72b,21,74,Normal
2026-02-16 22:08:22.658095,Dubai-e72b,-5,40,Normal
2026-02-16 22:08:23.658095,Dubai-e72b,50,81,Normal
2026-02-16 22:08:24.658095,Dubai-e72b,14,95,Normal
2026-02-16 22:08:25.658095,Dubai-e72b,43,100,Normal
2026-02-16 22:08:26.658095,Dubai-e72b,28,93,Normal
2026-02-16 22:08:27.658095,Dubai-e72b,11,61,Normal
2026-02-16 22:08:28.658095,Dubai-e72b,-27,98,Normal
2026-02-16 22:08:29.658095,Dubai-e72b,36,1,Normal
2026-02-16 22:08:30.658095,Dubai-e72b,21,49,Normal
2026-02-16 22:08:31.658095,Dubai-e72b,14,76,Normal
2026-02-16 22:08:32.658095,Dubai-e72b,-2,58,Normal
2026-02-16 22:08:33.658095,Dubai-e72b,8,32,Normal
2026-02-16 22:08:34.658095,Dubai-e72b,29,46,Normal
2026-02-16 22:08:35.658095,Dubai-e72b,19,48,Normal
2026-02-16 22:08:36.658095,Dubai-e72b,4,53,Normal
2026-02-16 22:08:37.658095,Dubai-e72b,44,78,Normal
2026-02-16 22:08:38.658095,Dubai-e72b,-2,28,Normal
2026-02-16 22:08:39.658095,Dubai-e72b,-7,64,Normal
2026-02-16 22:08:40.658095,Dubai-e72b,35,40,Normal
2026-02-16 22:08:41.658095,Dubai-e72b,49,89,Normal
2026-02-16 22:08:42.658095,Dubai-e72b,36,19,Normal
2026-02-16 22:08:43.658095,Dubai-e72b,-5,82,Normal
2026-02-16 22:08:44.658095,Dubai-e72b,5,45,Normal
2026-02-16 22:08:45.658095,Dubai-e72b,23,4,Normal
2026-02-16 22:08:46.658095,Dubai-e72b,31,68,Normal
2026-02-16 22:08:47.658095,Dubai-e72b,20,43,Normal
2026-02-16 22:08:48.658095,Dubai-e72b,47,50,Normal
2026-02-16 22:08:49.658095,Dubai-e72b,-10,17,Normal
2026-02-16 22:08:50.658095,Dubai-e72b,-25,84,Normal
2026-02-16 22:08:51.658095,Dubai-e72b,18,39,Normal
2026-02-16 22:08:52.658095,Dubai-e72b,42,5,Normal
2026-02-16 22:08:53.658095,Dubai-e72b,7,54,Normal
2026-02-16 22:08:54.658095,Dubai-e72b,48,93,Normal
2026-02-16 22:08:55.658095,Dubai-e72b,-17,70,Normal
2026-02-16 22:08:56.658095,Dubai-e72b,38,80,Normal
2026-02-16 22:08:57.658095,Dubai-e72b,15,81,Normal
2026-02-16 22:08:58.658095,Dubai-e72b,39,68,Normal
2026-02-16 22:08:59.658095,Dubai-e72b,33,93,Normal
2026-02-16 22:09:00.658095,Dubai-e72b,29,43,Normal
2026-02-16 22:09:01.658095,Dubai-e72b,-28,49,Normal
2026-02-16 22:09:02.658095,Dubai-e72b,16,54,Normal
2026-02-16 22:09:03.658095,Dubai-e72b,43,21,Normal
2026-02-16 22:09:04.658095,Dubai-e72b,-9,56,Normal
2026-02-16 22:09:05.658095,Dubai-e72b,-8,32,Normal
2026-02-16 22:09:06.658095,Dubai-e72b,31,34,Normal
2026-02-16 22:09:07.658095,Dubai-e72b,-5,79,Normal
2026-02-16 22:09:08.658095,Dubai-e72b,-6,24,Normal
2026-02-16 22:09:09.658095,Dubai-e72b,-13,48,Normal
2026-02-16 22:09:10.658095,Dubai-e72b,-27,76,Normal
2026-02-16 22:09:11.658095,Dubai-e72b,-29,22,Normal
2026-02-16 22:09:12.658095,Dubai-e72b,16,16,Normal
2026-02-16 22:09:13.658095,Dubai-e72b,45,73,Normal
2026-02-16 22:09:14.658095,Dubai-e72b,26,91,Normal
2026-02-16 22:09:15.658095,Dubai-e72b,-5,100,Normal
2026-02-16 22:09:16.658095,Dubai-e72b,-21,29,Normal
2026-02-16 22:09:17.658095,Dubai-e72b,39,97,Normal
2026-02-16 22:09:18.658095,Dubai-e72b,-22,72,Normal
2026-02-16 22:09:19.658095,Dubai-e72b,30,36,Normal
2026-02-16 22:09:20.658095,Dubai-e72b,47,50,Normal
2026-02-16 22:09:21.658095,Dubai-e72b,4,6,Normal
2026-02-16 22:09:22.658095,Dubai-e72b,-27,89,Normal
2026-02-16 22:09:23.658095,Dubai-e72b,-2,35,Normal
2026-02-16 22:09:24.658095,Dubai-e72b,-4,76,Normal
2026-02-16 22:09:25.658095,Dubai-e72b,17,70,Normal
2026-02-16 22:09:26.658095,Dubai-e72b,42,86,Normal
2026-02-16 22:09:27.658095,Dubai-e72b,10,35,Normal
2026-02-16 22:09:28.658095,Dubai-e72b,12,23,Normal
2026-02-16 22:09:29.658095,Dubai-e72b,27,61,Normal
2026-02-16 22:09:30.658095,Dubai-e72b,22,27,Normal
2026-02-16 22:09:31.658095,Dubai-e72b,9,50,Normal
2026-02-16 22:09:32.658095,Dubai-e72b,-4,99,Normal
2026-02-16 22:09:33.658095,Dubai-e72b,14,67,Normal
2026-02-16 22:09:34.658095,Dubai-e72b,-30,24,Normal
2026-02-16 22:09:35.658095,Dubai-e72b,-30,50,Normal
2026-02-16 22:09:36.658095,Dubai-e72b,34,92,Normal
2026-02-16 22:09:37.658095,Dubai-e72b,-28,3,Normal
2026-02-16 22:09:38.658095,Dubai-e72b,-1,69,Normal
2026-02-16 22:09:39.658095,Dubai-e72b,5,16,Normal
2026-02-16 22:09:40.658095,Dubai-e72b,4,86,Normal
2026-02-16 22:09:41.658095,Dubai-e72b,3,95,Normal
2026-02-16 22:09:42.658095,Dubai-e72b,-15,86,Normal
2026-02-16 22:09:43.658095,Dubai-e72b,-14,90,Normal
2026-02-16 22:09:44.658095,Dubai-e72b,16,36,Normal
2026-02-16 22:09:45.658095,Dubai-e72b,-9,47,Normal
2026-02-16 22:09:46.658095,Dubai-e72b,12,72,Normal
2026-02-16 22:09:47.658095,Dubai-e72b,21,99,Normal
2026-02-16 22:09:48.658095,Dubai-e72b,15,15,Normal
2026-02-16 22:09:49.658095,Dubai-e72b,40,26,Normal
2026-02-16 22:09:50.658095,Dubai-e72b,2,78,Normal
2026-02-16 22:09:51.658095,Dubai-e72b,16,24,Normal
2026-02-16 22:09:52.658095,Dubai-e72b,42,17,Normal
2026-02-16 22:09:53.658095,Dubai-e72b,-14,70,Normal
2026-02-16 22:09:54.658095,Dubai-e72b,45,24,Normal
2026-02-16 22:09:55.658095,Dubai-e72b,-15,44,Normal
2026-02-16 22:09:56.658095,Dubai-e72b,12,89,Normal
2026-02-16 22:09:57.658095,Dubai-e72b,15,94,Normal
2026-02-16 22:09:58.658095,Dubai-e72b,-30,8,Normal
2026-02-16 22:09:59.658095,Dubai-e72b,46,69,Normal
2026-02-16 22:10:00.658095,Dubai-e72b,42,33,Normal
2026-02-16 22:10:01.658095,Dubai-e72b,20,12,Normal
2026-02-16 22:10:02.658095,Dubai-e72b,45,49,Normal
2026-02-16 22:10:03.658095,Dubai-e72b,28,10,Normal
2026-02-16 22:10:04.658095,Dubai-e72b,2,80,Normal
2026-02-16 22:10:05.658095,Dubai-e72b,15,19,Normal
2026-02-16 22:10:06.658095,Dubai-e72b,7,95,Normal
2026-02-16 22:10:07.658095,Dubai-e72b,13,77,Normal
2026-02-16 22:10:08.658095,Dubai-e72b,2,43,Normal
2026-02-16 22:10:09.658095,Dubai-e72b,26,40,Normal
2026-02-16 22:10:10.658095,Dubai-e72b,-12,66,Normal
2026-02-16 22:10:11.658095,Dubai-e72b,-4,14,Normal
2026-02-16 22:10:12.658095,Dubai-e72b,49,95,Normal
2026-02-16 22:10:13.658095,Dubai-e72b,40,43,Normal
2026-02-16 22:10:14.658095,Dubai-e72b,27,81,Normal
2026-02-16 22:10:15.658095,Dubai-e72b,4,55,Normal
2026-02-16 22:10:16.658095,Dubai-e72b,-11,48,Normal
2026-02-16 22:10:17.658095,Dubai-e72b,-18,0,Normal
2026-02-16 22:10:18.658095,Dubai-e72b,16,17,Normal
2026-02-16 22:10:19.658095,Dubai-e72b,34,58,Normal
2026-02-16 22:10:20.658095,Dubai-e72b,-21,67,Normal
2026-02-16 22:10:21.658095,Dubai-e72b,5,16,Normal
2026-02-16 22:10:22.658095,Dubai-e72b,-27,49,Normal
2026-02-16 22:10:23.658095,Dubai-e72b,41,58,Normal
2026-02-16 22:10:24.658095,Dubai-e72b,18,26,Normal
2026-02-16 22:10:25.658095,Dubai-e72b,-12,8,Normal
2026-02-16 22:10:26.658095,Dubai-e72b,-30,86,Normal
2026-02-16 22:10:27.658095,Dubai-e72b,-18,3,Normal
2026-02-16 22:10:28.658095,Dubai-e72b,-23,84,Normal
2026-02-16 22:10:29.658095,Dubai-e72b,-27,62,Normal
2026-02-16 22:10:30.658095,Dubai-e72b,-3,66,Normal
2026-02-16 22:10:31.658095,Dubai-e72b,-24,87,Normal
2026-02-16 22:10:32.658095,Dubai-e72b,-20,26,Normal
2026-02-16 22:10:33.658095,Dubai-e72b,20,42,Normal
2026-02-16 22:10:34.658095,Dubai-e72b,-7,62,Normal
2026-02-16 22:10:35.658095,Dubai-e72b,25,70,Normal
2026-02-16 22:10:36.658095,Dubai-e72b,22,60,Normal
2026-02-16 22:10:37.658095,Dubai-e72b,36,67,Normal
2026-02-16 22:10:38.658095,Dubai-e72b,50,96,Normal
2026-02-16 22:10:39.658095,Dubai-e72b,29,76,Normal
2026-02-16 22:10:40.658095,Dubai-e72b,50,47,Normal
2026-02-16 22:10:41.658095,Dubai-e72b,16,94,Normal
2026-02-16 22:10:42.658095,Dubai-e72b,5,14,Normal
2026-02-16 22:10:43.658095,Dubai-e72b,30,10,Normal
2026-02-16 22:10:44.658095,Dubai-e72b,25,23,Normal
2026-02-16 22:10:45.658095,Dubai-e72b,4,32,Normal
2026-02-16 22:10:46.658095,Dubai-e72b,1,20,Normal
2026-02-16 22:10:47.658095,Dubai-e72b,28,60,Normal
2026-02-16 22:10:48.658095,Dubai-e72b,35,40,Normal
2026-02-16 22:10:49.658095,Dubai-e72b,-16,47,Normal
2026-02-16 22:10:50.658095,Dubai-e72b,-20,53,Normal
2026-02-16 22:10:51.658095,Dubai-e72b,-16,57,Normal
2026-02-16 22:10:52.658095,Dubai-e72b,39,72,Normal
2026-02-16 22:10:53.658095,Dubai-e72b,41,70,Normal
2026-02-16 22:10:54.658095,Dubai-e72b,30,12,Normal
2026-02-16 22:10:55.658095,Dubai-e72b,-22,24,Normal
2026-02-16 22:10:56.658095,Dubai-e72b,-29,10,Normal
2026-02-16 22:10:57.658095,Dubai-e72b,-3,82,Normal
2026-02-16 22:10:58.658095,Dubai-e72b,-21,92,Normal
2026-02-16 22:10:59.658095,Dubai-e72b,-26,84,Normal
2026-02-16 22:11:00.658095,Dubai-e72b,36,34,Normal
2026-02-16 22:11:01.658095,Dubai-e72b,11,6,Normal
2026-02-16 22:11:02.658095,Dubai-e72b,36,28,Normal
2026-02-16 22:11:03.658095,Dubai-e72b,-2,64,Normal
2026-02-16 22:11:04.658095,Dubai-e72b,21,88,Normal
2026-02-16 22:11:05.658095,Dubai-e72b,19,34,Normal
2026-02-16 22:11:06.658095,Dubai-e72b,28,56,Normal
2026-02-16 22:11:07.658095,Dubai-e72b,-7,26,Normal
2026-02-16 22:11:08.658095,Dubai-e72b,26,55,Normal
2026-02-16 22:11:09.658095,Dubai-e72b,38,83,Normal
2026-02-16 22:11:10.658095,Dubai-e72b,-1,98,Normal
2026-02-16 22:11:11.658095,Dubai-e72b,35,31,Normal
2026-02-16 22:11:12.658095,Dubai-e72b,-22,79,Normal
2026-02-16 22:11:13.658095,Dubai-e72b,-27,38,Normal
2026-02-16 22:11:14.658095,Dubai-e72b,4,58,Normal
2026-02-16 22:11:15.658095,Dubai-e72b,31,26,Normal
2026-02-16 22:11:16.658095,Dubai-e72b,18,33,Normal
2026-02-16 22:11:17.658095,Dubai-e72b,39,16,Normal
2026-02-16 22:11:18.658095,Dubai-e72b,-3,100,Normal
2026-02-16 22:11:19.658095,Dubai-e72b,-24,30,Normal
2026-02-16 22:11:20.658095,Dubai-e72b,11,98,Normal
2026-02-16 22:11:21.658095,Dubai-e72b,44,38,Normal
2026-02-16 22:11:22.658095,Dubai-e72b,-24,44,Normal
2026-02-16 22:11:23.658095,Dubai-e72b,-18,69,Normal
2026-02-16 22:11:24.658095,Dubai-e72b,-24,76,Normal
2026-02-16 22:11:25.658095,Dubai-e72b,50,8,Normal
2026-02-16 22:11:26.658095,Dubai-e72b,35,25,Normal
2026-02-16 22:11:27.658095,Dubai-e72b,-7,4,Normal
2026-02-16 22:11:28.658095,Dubai-e72b,17,79,Normal
2026-02-16 22:11:29.658095,Dubai-e72b,6,47,Normal
2026-02-16 22:11:30.658095,Dubai-e72b,25,53,Normal
2026-02-16 22:11:31.658095,Dubai-e72b,1,71,Normal
2026-02-16 22:11:32.658095,Dubai-e72b,20,72,Normal
2026-02-16 22:11:33.658095,Dubai-e72b,26,29,Normal
2026-02-16 22:11:34.658095,Dubai-e72b,40,80,Normal
2026-02-16 22:11:35.658095,Dubai-e72b,-19,75,Normal
2026-02-16 22:11:36.658095,Dubai-e72b,-24,80,Normal
2026-02-16 22:11:37.658095,Dubai-e72b,-5,26,Normal
2026-02-16 22:11:38.658095,Dubai-e72b,16,25,Normal
2026-02-16 22:11:39.658095,Dubai-e72b,43,8,Normal
2026-02-16 22:11:40.658095,Dubai-e72b,5,99,Normal
2026-02-16 22:11:41.658095,Dubai-e72b,41,86,Normal
2026-02-16 22:11:42.658095,Dubai-e72b,-1,64,Normal
2026-02-16 22:11:43.658095,Dubai-e72b,1,95,Normal
2026-02-16 22:11:44.658095,Dubai-e72b,-20,6,Normal
2026-02-16 22:11:45.658095,Dubai-e72b,-22,73,Normal
2026-02-16 22:11:46.658095,Dubai-e72b,10,40,Normal
2026-02-16 22:11:47.658095,Dubai-e72b,35,23,Normal
2026-02-16 22:11:48.658095,Dubai-e72b,-17,36,Normal
2026-02-16 22:11:49.658095,Dubai-e72b,-11,82,Normal
2026-02-16 22:11:50.658095,Dubai-e72b,50,89,Normal
2026-02-16 22:11:51.658095,Dubai-e72b,26,37,Normal
2026-02-16 22:11:52.658095,Dubai-e72b,40,15,Normal
2026-02-16 22:11:53.658095,Dubai-e72b,-26,8,Normal
2026-02-16 22:11:54.658095,Dubai-e72b,39,46,Normal
2026-02-16 22:11:55.658095,Dubai-e72b,-11,49,Normal
2026-02-16 22:11:56.658095,Dubai-e72b,-27,100,Normal
2026-02-16 22:11:57.658095,Dubai-e72b,-16,13,Normal
2026-02-16 22:11:58.658095,Dubai-e72b,19,81,Normal
2026-02-16 22:11:59.658095,Dubai-e72b,12,0,Normal
2026-02-16 22:12:00.658095,Dubai-e72b,7,21,Normal
2026-02-16 22:12:01.658095,Dubai-e72b,26,94,Normal
2026-02-16 22:12:02.658095,Dubai-e72b,36,0,Normal
2026-02-16 22:12:03.658095,Dubai-e72b,27,33,Normal
2026-02-16 22:12:04.658095,Dubai-e72b,18,97,Normal
2026-02-16 22:12:05.658095,Dubai-e72b,-6,49,Normal
2026-02-16 22:12:06.658095,Dubai-e72b,14,79,Normal
2026-02-16 22:12:07.658095,Dubai-e72b,1,92,Normal
2026-02-16 22:12:08.658095,Dubai-e72b,-21,61,Normal
2026-02-16 22:12:09.658095,Dubai-e72b,48,68,Normal
2026-02-16 22:12:10.658095,Dubai-e72b,-17,32,Normal
2026-02-16 22:12:11.658095,Dubai-e72b,26,20,Normal
2026-02-16 22:12:12.658095,Dubai-e72b,44,82,Normal
2026-02-16 22:12:13.658095,Dubai-e72b,6,79,Normal
2026-02-16 22:12:14.658095,Dubai-e72b,-1,67,Normal
2026-02-16 22:12:15.658095,Dubai-e72b,-26,48,Normal
2026-02-16 22:12:16.658095,Dubai-e72b,24,93,Normal
2026-02-16 22:12:17.658095,Dubai-e72b,-24,89,Normal
2026-02-16 22:12:18.658095,Dubai-e72b,22,13,Normal
2026-02-16 22:12:19.658095,Dubai-e72b,50,17,Normal
2026-02-16 22:12:20.658095,Dubai-e72b,42,45,Normal
2026-02-16 22:12:21.658095,Dubai-e72b,-1,100,Normal
2026-02-16 22:12:22.658095,Dubai-e72b,40,62,Normal
2026-02-16 22:12:23.658095,Dubai-e72b,-11,10,Normal
2026-02-16 22:12:24.658095,Dubai-e72b,-25,34,Normal
2026-02-16 22:12:25.658095,Dubai-e72b,-17,40,Normal
2026-02-16 22:12:26.658095,Dubai-e72b,2,9,Normal
2026-02-16 22:12:27.658095,Dubai-e72b,50,66,Normal
2026-02-16 22:12:28.658095,Dubai-e72b,40,77,Normal
2026-02-16 22:12:29.658095,Dubai-e72b,-14,69,Normal
2026-02-16 22:12:30.658095,Dubai-e72b,-21,56,Normal
2026-02-16 22:12:31.658095,Dubai-e72b,-19,85,Normal
2026-02-16 22:12:32.658095,Dubai-e72b,5,35,Normal
2026-02-16 22:12:33.658095,Dubai-e72b,33,17,Normal
2026-02-16 22:12:34.658095,Dubai-e72b,-13,43,Normal
2026-02-16 22:12:35.658095,Dubai-e72b,-11,12,Normal
2026-02-16 22:12:36.658095,Dubai-e72b,0,88,Normal
2026-02-16 22:12:37.658095,Dubai-e72b,49,78,Normal
2026-02-16 22:12:38.658095,Dubai-e72b,-20,58,Normal
2026-02-16 22:12:39.658095,Dubai-e72b,25,73,Normal
2026-02-16 22:12:40.658095,Dubai-e72b,-18,2,Normal
2026-02-16 22:12:41.658095,Dubai-e72b,-19,11,Normal
2026-02-16 22:12:42.658095,Dubai-e72b,-30,9,Normal
2026-02-16 22:12:43.658095,Dubai-e72b,-9,79,Normal
2026-02-16 22:12:44.658095,Dubai-e72b,-20,63,Normal
2026-02-16 22:12:45.658095,Dubai-e72b,9,58,Normal
2026-02-16 22:12:46.658095,Dubai-e72b,-28,50,Normal
2026-02-16 22:12:47.658095,Dubai-e72b,-11,29,Normal
2026-02-16 22:12:48.658095,Dubai-e72b,37,96,Normal
2026-02-16 22:12:49.658095,Dubai-e72b,11,40,Normal
2026-02-16 22:12:50.658095,Dubai-e72b,-26,13,Normal
2026-02-16 22:12:51.658095,Dubai-e72b,-7,71,Normal
2026-02-16 22:12:52.658095,Dubai-e72b,33,44,Normal
2026-02-16 22:12:53.658095,Dubai-e72b,46,14,Normal
2026-02-16 22:12:54.658095,Dubai-e72b,-6,64,Normal
2026-02-16 22:12:55.658095,Dubai-e72b,36,21,Normal
2026-02-16 22:12:56.658095,Dubai-e72b,32,2,Normal
2026-02-16 22:12:57.658095,Dubai-e72b,38,100,Normal
2026-02-16 22:12:58.658095,Dubai-e72b,37,7,Normal
2026-02-16 22:12:59.658095,Dubai-e72b,5,76,Normal
2026-02-16 22:13:00.658095,Dubai-e72b,31,16,Normal
2026-02-16 22:13:01.658095,Dubai-e72b,39,71,Normal
2026-02-16 22:13:02.658095,Dubai-e72b,12,88,Normal
2026-02-16 22:13:03.658095,Dubai-e72b,-19,75,Normal
2026-02-16 22:13:04.658095,Dubai-e72b,32,75,Normal
2026-02-16 22:13:05.658095,Dubai-e72b,4,84,Normal
2026-02-16 22:13:06.658095,Dubai-e72b,13,35,Normal
2026-02-16 22:13:07.658095,Dubai-e72b,-20,96,Normal
2026-02-16 22:13:08.658095,Dubai-e72b,-14,81,Normal
2026-02-16 22:13:09.658095,Dubai-e72b,39,36,Normal
2026-02-16 22:13:10.658095,Dubai-e72b,38,20,Normal
2026-02-16 22:13:11.658095,Dubai-e72b,18,34,Normal
2026-02-16 22:13:12.658095,Dubai-e72b,-16,40,Normal
2026-02-16 22:13:13.658095,Dubai-e72b,5,62,Normal
2026-02-16 22:13:14.658095,Dubai-e72b,10,85,Normal
2026-02-16 22:13:15.658095,Dubai-e72b,2,69,Normal
2026-02-16 22:13:16.658095,Dubai-e72b,-1,28,Normal
2026-02-16 22:13:17.658095,Dubai-e72b,17,96,Normal
2026-02-16 22:13:18.658095,Dubai-e72b,-27,69,Normal
2026-02-16 22:13:19.658095,Dubai-e72b,27,4,Normal
2026-02-16 22:13:20.658095,Dubai-e72b,-8,32,Normal
2026-02-16 22:13:21.658095,Dubai-e72b,12,59,Normal
2026-02-16 22:13:22.658095,Dubai-e72b,-15,81,Normal
2026-02-16 22:13:23.658095,Dubai-e72b,30,94,Normal
2026-02-16 22:13:24.658095,Dubai-e72b,4,10,Normal
2026-02-16 22:13:25.658095,Dubai-e72b,21,64,Normal
2026-02-16 22:13:26.658095,Dubai-e72b,13,98,Normal
2026-02-16 22:13:27.658095,Dubai-e72b,-29,61,Normal
2026-02-16 22:13:28.658095,Dubai-e72b,-6,41,Normal
2026-02-16 22:13:29.658095,Dubai-e72b,19,79,Normal
2026-02-16 22:13:30.658095,Dubai-e72b,16,89,Normal
2026-02-16 22:13:31.658095,Dubai-e72b,-10,54,Normal
2026-02-16 22:13:32.658095,Dubai-e72b,-27,92,Normal
2026-02-16 22:13:33.658095,Dubai-e72b,46,32,Normal
2026-02-16 22:13:34.658095,Dubai-e72b,24,61,Normal
2026-02-16 22:13:35.658095,Dubai-e72b,6,88,Normal
2026-02-16 22:13:36.658095,Dubai-e72b,-20,90,Normal
2026-02-16 22:13:37.658095,Dubai-e72b,-5,6,Normal
2026-02-16 22:13:38.658095,Dubai-e72b,11,27,Normal
2026-02-16 22:13:39.658095,Dubai-e72b,-27,71,Normal
2026-02-16 22:13:40.658095,Dubai-e72b,-27,10,Normal
2026-02-16 22:13:41.658095,Dubai-e72b,-24,8,Normal
2026-02-16 22:13:42.658095,Dubai-e72b,42,39,Normal
2026-02-16 22:13:43.658095,Dubai-e72b,26,39,Normal
2026-02-16 22:13:44.658095,Dubai-e72b,43,59,Normal
2026-02-16 22:13:45.658095,Dubai-e72b,-2,71,Normal
2026-02-16 22:13:46.658095,Dubai-e72b,48,54,Normal
2026-02-16 22:13:47.658095,Dubai-e72b,48,4,Normal
2026-02-16 22:13:48.658095,Dubai-e72b,-10,44,Normal
2026-02-16 22:13:49.658095,Dubai-e72b,-24,99,Normal
2026-02-16 22:13:50.658095,Dubai-e72b,-20,11,Normal
2026-02-16 22:13:51.658095,Dubai-e72b,20,56,Normal
2026-02-16 22:13:52.658095,Dubai-e72b,8,31,Normal
2026-02-16 22:13:53.658095,Dubai-e72b,3,61,Normal
2026-02-16 22:13:54.658095,Dubai-e72b,-23,22,Normal
2026-02-16 22:13:55.658095,Dubai-e72b,13,56,Normal
2026-02-16 22:13:56.658095,Dubai-e72b,39,89,Normal
2026-02-16 22:13:57.658095,Dubai-e72b,31,54,Normal
2026-02-16 22:13:58.658095,Dubai-e72b,37,3,Normal
2026-02-16 22:13:59.658095,Dubai-e72b,-18,34,Normal
2026-02-16 22:14:00.658095,Dubai-e72b,-25,11,Normal
2026-02-16 22:14:01.658095,Dubai-e72b,-15,87,Normal
2026-02-16 22:14:02.658095,Dubai-e72b,-18,41,Normal
2026-02-16 22:14:03.658095,Dubai-e72b,-17,36,Normal
2026-02-16 22:14:04.658095,Dubai-e72b,19,69,Normal
2026-02-16 22:14:05.658095,Dubai-e72b,49,61,Normal
2026-02-16 22:14:06.658095,Dubai-e72b,-28,56,Normal
2026-02-16 22:14:07.658095,Dubai-e72b,-23,23,Normal
2026-02-16 22:14:08.658095,Dubai-e72b,-8,61,Normal
2026-02-16 22:14:09.658095,Dubai-e72b,44,28,Normal
2026-02-16 22:14:10.658095,Dubai-e72b,33,67,Normal
2026-02-16 22:14:11.658095,Dubai-e72b,-15,89,Normal
2026-02-16 22:14:12.658095,Dubai-e72b,44,18,Normal
2026-02-16 22:14:13.658095,Dubai-e72b,-12,94,Normal
2026-02-16 22:14:14.658095,Dubai-e72b,50,99,Normal
2026-02-16 22:14:15.658095,Dubai-e72b,1,49,Normal
2026-02-16 22:14:16.658095,Dubai-e72b,49,38,Normal
2026-02-16 22:14:17.658095,Dubai-e72b,34,68,Normal
2026-02-16 22:14:18.658095,Dubai-e72b,6,67,Normal
2026-02-16 22:14:19.658095,Dubai-e72b,-5,67,Normal
2026-02-16 22:14:20.658095,Dubai-e72b,0,19,Normal
2026-02-16 22:14:21.658095,Dubai-e72b,8,29,Normal
2026-02-16 22:14:22.658095,Dubai-e72b,0,87,Normal
2026-02-16 22:14:23.658095,Dubai-e72b,-30,88,Normal
2026-02-16 22:14:24.658095,Dubai-e72b,40,27,Normal
2026-02-16 22:14:25.658095,Dubai-e72b,-24,47,Normal
2026-02-16 22:14:26.658095,Dubai-e72b,-20,28,Normal
2026-02-16 22:14:27.658095,Dubai-e72b,-27,62,Normal
2026-02-16 22:14:28.658095,Dubai-e72b,49,54,Normal
2026-02-16 22:14:29.658095,Dubai-e72b,-3,77,Normal
2026-02-16 22:14:30.658095,Dubai-e72b,-22,41,Normal
2026-02-16 22:14:31.658095,Dubai-e72b,-11,76,Normal
2026-02-16 22:14:32.658095,Dubai-e72b,23,69,Normal
2026-02-16 22:14:33.658095,Dubai-e72b,-21,14,Normal
2026-02-16 22:14:34.658095,Dubai-e72b,42,28,Normal
2026-02-16 22:14:35.658095,Dubai-e72b,-19,17,Normal
2026-02-16 22:14:36.658095,Dubai-e72b,11,36,Normal
2026-02-16 22:14:37.658095,Dubai-e72b,11,18,Normal
2026-02-16 22:14:38.658095,Dubai-e72b,-29,59,Normal
2026-02-16 22:14:39.658095,Dubai-e72b,10,31,Normal
2026-02-16 22:14:40.658095,Dubai-e72b,-25,83,Normal
2026-02-16 22:14:41.658095,Dubai-e72b,6,35,Normal
2026-02-16 22:14:42.658095,Dubai-e72b,-15,62,Normal
2026-02-16 22:14:43.658095,Dubai-e72b,38,65,Normal
2026-02-16 22:14:44.658095,Dubai-e72b,39,18,Normal
2026-02-16 22:14:45.658095,Dubai-e72b,-8,68,Normal
2026-02-16 22:14:46.658095,Dubai-e72b,37,12,Normal
2026-02-16 22:14:47.658095,Dubai-e72b,-28,74,Normal
2026-02-16 22:14:48.658095,Dubai-e72b,27,21,Normal
2026-02-16 22:14:49.658095,Dubai-e72b,-30,75,Normal
2026-02-16 22:14:50.658095,Dubai-e72b,28,49,Normal
2026-02-16 22:14:51.658095,Dubai-e72b,31,44,Normal
2026-02-16 22:14:52.658095,Dubai-e72b,40,62,Normal
2026-02-16 22:14:53.658095,Dubai-e72b,-9,88,Normal
2026-02-16 22:14:54.658095,Dubai-e72b,7,58,Normal
2026-02-16 22:14:55.658095,Dubai-e72b,-16,94,Normal
2026-02-16 22:14:56.658095,Dubai-e72b,-13,33,Normal
2026-02-16 22:14:57.658095,Dubai-e72b,34,68,Normal
2026-02-16 22:14:58.658095,Dubai-e72b,-18,98,Normal
2026-02-16 22:14:59.658095,Dubai-e72b,32,8,Normal
2026-02-16 22:15:00.658095,Dubai-e72b,28,8,Normal
2026-02-16 22:15:01.658095,Dubai-e72b,-16,99,Normal
2026-02-16 22:15:02.658095,Dubai-e72b,-5,52,Normal
2026-02-16 22:15:03.658095,Dubai-e72b,10,93,Normal
2026-02-16 22:15:04.658095,Dubai-e72b,28,47,Normal
2026-02-16 22:15:05.658095,Dubai-e72b,41,89,Normal
2026-02-16 22:15:06.658095,Dubai-e72b,-12,90,Normal
2026-02-16 22:15:07.658095,Dubai-e72b,28,71,Normal
2026-02-16 22:15:08.658095,Dubai-e72b,45,63,Normal
2026-02-16 22:15:09.658095,Dubai-e72b,32,88,Normal
2026-02-16 22:15:10.658095,Dubai-e72b,32,52,Normal
2026-02-16 22:15:11.658095,Dubai-e72b,-10,12,Normal
2026-02-16 22:15:12.658095,Dubai-e72b,29,22,Normal
2026-02-16 22:15:13.658095,Dubai-e72b,-8,65,Normal
2026-02-16 22:15:14.658095,Dubai-e72b,35,40,Normal
2026-02-16 22:15:15.658095,Dubai-e72b,44,99,Normal
2026-02-16 22:15:16.658095,Dubai-e72b,2,25,Normal
2026-02-16 22:15:17.658095,Dubai-e72b,4,13,Normal
2026-02-16 22:15:18.658095,Dubai-e72b,-27,46,Normal
2026-02-16 22:15:19.658095,Dubai-e72b,37,50,Normal
2026-02-16 22:15:20.658095,Dubai-e72b,24,10,Normal
2026-02-16 22:15:21.658095,Dubai-e72b,-19,10,Normal
2026-02-16 22:15:22.658095,Dubai-e72b,-23,88,Normal
2026-02-16 22:15:23.658095,Dubai-e72b,14,95,Normal
2026-02-16 22:15:24.658095,Dubai-e72b,50,94,Normal
2026-02-16 22:15:25.658095,Dubai-e72b,47,74,Normal
2026-02-16 22:15:26.658095,Dubai-e72b,42,3,Normal
2026-02-16 22:15:27.658095,Dubai-e72b,20,13,Normal
2026-02-16 22:15:28.658095,Dubai-e72b,47,72,Normal
2026-02-16 22:15:29.658095,Dubai-e72b,40,89,Normal
2026-02-16 22:15:30.658095,Dubai-e72b,-10,15,Normal
2026-02-16 22:15:31.658095,Dubai-e72b,-1,99,Normal
2026-02-16 22:15:32.658095,Dubai-e72b,39,78,Normal
2026-02-16 22:15:33.658095,Dubai-e72b,-18,1,Normal
2026-02-16 22:15:34.658095,Dubai-e72b,-11,89,Normal
2026-02-16 22:15:35.658095,Dubai-e72b,-8,41,Normal
2026-02-16 22:15:36.658095,Dubai-e72b,-16,77,Normal
2026-02-16 22:15:37.658095,Dubai-e72b,0,32,Normal
2026-02-16 22:15:38.658095,Dubai-e72b,46,37,Normal
2026-02-16 22:15:39.658095,Dubai-e72b,-27,22,Normal
2026-02-16 22:15:40.658095,Dubai-e72b,7,28,Normal
2026-02-16 22:15:41.658095,Dubai-e72b,49,58,Normal
2026-02-16 22:15:42.658095,Dubai-e72b,38,92,Normal
2026-02-16 22:15:43.658095,Dubai-e72b,-13,89,Normal
2026-02-16 22:15:44.658095,Dubai-e72b,40,42,Normal
2026-02-16 22:15:45.658095,Dubai-e72b,22,42,Normal
2026-02-16 22:15:46.658095,Dubai-e72b,40,46,Normal
2026-02-16 22:15:47.658095,Dubai-e72b,49,22,Normal
2026-02-16 22:15:48.658095,Dubai-e72b,19,40,Normal
2026-02-16 22:15:49.658095,Dubai-e72b,33,46,Normal
2026-02-16 22:15:50.658095,Dubai-e72b,-10,10,Normal
2026-02-16 22:15:51.658095,Dubai-e72b,46,65,Normal
2026-02-16 22:15:52.658095,Dubai-e72b,25,82,Normal
2026-02-16 22:15:53.658095,Dubai-e72b,-22,72,Normal
2026-02-16 22:15:54.658095,Dubai-e72b,-16,9,Normal
2026-02-16 22:15:55.658095,Dubai-e72b,35,12,Normal
2026-02-16 22:15:56.658095,Dubai-e72b,26,78,Normal
2026-02-16 22:15:57.658095,Dubai-e72b,27,55,Normal
2026-02-16 22:15:58.658095,Dubai-e72b,-28,66,Normal
2026-02-16 22:15:59.658095,Dubai-e72b,48,42,Normal
2026-02-16 22:16:00.658095,Dubai-e72b,22,56,Normal
2026-02-16 22:16:01.658095,Dubai-e72b,-4,54,Normal
2026-02-16 22:16:02.658095,Dubai-e72b,4,98,Normal
2026-02-16 22:16:03.658095,Dubai-e72b,30,61,Normal
2026-02-16 22:16:04.658095,Dubai-e72b,-7,19,Normal
2026-02-16 22:16:05.658095,Dubai-e72b,46,47,Normal
2026-02-16 22:16:06.658095,Dubai-e72b,37,97,Normal
2026-02-16 22:16:07.658095,Dubai-e72b,45,99,Normal
2026-02-16 22:16:08.658095,Dubai-e72b,43,25,Normal
2026-02-16 22:16:09.658095,Dubai-e72b,49,84,Normal
2026-02-16 22:16:10.658095,Dubai-e72b,9,28,Normal
2026-02-16 22:16:11.658095,Dubai-e72b,-17,27,Normal
2026-02-16 22:16:12.658095,Dubai-e72b,47,11,Normal
2026-02-16 22:16:13.658095,Dubai-e72b,6,76,Normal
2026-02-16 22:16:14.658095,Dubai-e72b,-15,32,Normal
2026-02-16 22:16:15.658095,Dubai-e72b,-17,38,Normal
2026-02-16 22:16:16.658095,Dubai-e72b,-16,28,Normal
2026-02-16 22:16:17.658095,Dubai-e72b,42,73,Normal
2026-02-16 22:16:18.658095,Dubai-e72b,7,64,Normal
2026-02-16 22:16:19.658095,Dubai-e72b,-5,87,Normal
2026-02-16 22:16:20.658095,Dubai-e72b,7,62,Normal
2026-02-16 22:16:21.658095,Dubai-e72b,-27,85,Normal
2026-02-16 22:16:22.658095,Dubai-e72b,7,11,Normal
2026-02-16 22:16:23.658095,Dubai-e72b,36,44,Normal
2026-02-16 22:16:24.658095,Dubai-e72b,9,78,Normal
2026-02-16 22:16:25.658095,Dubai-e72b,26,56,Normal
2026-02-16 22:16:26.658095,Dubai-e72b,-2,31,Normal
2026-02-16 22:16:27.658095,Dubai-e72b,-9,68,Normal
2026-02-16 22:16:28.658095,Dubai-e72b,-1,6,Normal
2026-02-16 22:16:29.658095,Dubai-e72b,-25,91,Normal
2026-02-16 22:16:30.658095,Dubai-e72b,20,73,Normal
2026-02-16 22:16:31.658095,Dubai-e72b,20,29,Normal
2026-02-16 22:16:32.658095,Dubai-e72b,44,93,Normal
2026-02-16 22:16:33.658095,Dubai-e72b,47,19,Normal
2026-02-16 22:16:34.658095,Dubai-e72b,20,39,Normal
2026-02-16 22:16:35.658095,Dubai-e72b,-5,57,Normal
2026-02-16 22:16:36.658095,Dubai-e72b,28,85,Normal
2026-02-16 22:16:37.658095,Dubai-e72b,-10,78,Normal
2026-02-16 22:16:38.658095,Dubai-e72b,-17,11,Normal
2026-02-16 22:16:39.658095,Dubai-e72b,1,68,Normal
2026-02-16 22:16:40.658095,Dubai-e72b,2,87,Normal
2026-02-16 22:16:41.658095,Dubai-e72b,11,66,Normal
2026-02-16 22:16:42.658095,Dubai-e72b,-12,56,Normal
2026-02-16 22:16:43.658095,Dubai-e72b,24,70,Normal
2026-02-16 22:16:44.658095,Dubai-e72b,-4,31,Normal
2026-02-16 22:16:45.658095,Dubai-e72b,-2,5,Normal
2026-02-16 22:16:46.658095,Dubai-e72b,-1,64,Normal
2026-02-16 22:16:47.658095,Dubai-e72b,-27,21,Normal
2026-02-16 22:16:48.658095,Dubai-e72b,10,85,Normal
2026-02-16 22:16:49.658095,Dubai-e72b,36,6,Normal
2026-02-16 22:16:50.658095,Dubai-e72b,-22,92,Normal
2026-02-16 22:16:51.658095,Dubai-e72b,25,98,Normal
2026-02-16 22:16:52.658095,Dubai-e72b,-21,14,Normal
2026-02-16 22:16:53.658095,Dubai-e72b,-24,44,Normal
2026-02-16 22:16:54.658095,Dubai-e72b,50,58,Normal
2026-02-16 22:16:55.658095,Dubai-e72b,9,29,Normal
2026-02-16 22:16:56.658095,Dubai-e72b,35,11,Normal
2026-02-16 22:16:57.658095,Dubai-e72b,33,87,Normal
2026-02-16 22:16:58.658095,Dubai-e72b,37,7,Normal
2026-02-16 22:16:59.658095,Dubai-e72b,6,4,Normal
2026-02-16 22:17:00.658095,Dubai-e72b,33,50,Normal
2026-02-16 22:17:01.658095,Dubai-e72b,50,87,Normal
2026-02-16 22:17:02.658095,Dubai-e72b,-3,12,Normal
2026-02-16 22:17:03.658095,Dubai-e72b,10,13,Normal
2026-02-16 22:17:04.658095,Dubai-e72b,-1,28,Normal
2026-02-16 22:17:05.658095,Dubai-e72b,23,67,Normal
2026-02-16 22:17:06.658095,Dubai-e72b,-16,68,Normal
2026-02-16 22:17:07.658095,Dubai-e72b,9,64,Normal
2026-02-16 22:17:08.658095,Dubai-e72b,4,33,Normal
2026-02-16 22:17:09.658095,Dubai-e72b,-13,34,Normal
2026-02-16 22:17:10.658095,Dubai-e72b,0,39,Normal
2026-02-16 22:17:11.658095,Dubai-e72b,-23,61,Normal
2026-02-16 22:17:12.658095,Dubai-e72b,48,66,Normal
2026-02-16 22:17:13.658095,Dubai-e72b,31,65,Normal
2026-02-16 22:17:14.658095,Dubai-e72b,-6,82,Normal
2026-02-16 22:17:15.658095,Dubai-e72b,6,50,Normal
2026-02-16 22:17:16.658095,Dubai-e72b,30,100,Normal
2026-02-16 22:17:17.658095,Dubai-e72b,11,11,Normal
2026-02-16 22:17:18.658095,Dubai-e72b,-28,95,Normal
2026-02-16 22:17:19.658095,Dubai-e72b,11,45,Normal
2026-02-16 22:17:20.658095,Dubai-e72b,25,15,Normal
2026-02-16 22:17:21.658095,Dubai-e72b,-15,1,Normal
2026-02-16 22:17:22.658095,Dubai-e72b,34,27,Normal
2026-02-16 22:17:23.658095,Dubai-e72b,17,53,Normal
2026-02-16 22:17:24.658095,Dubai-e72b,16,49,Normal
2026-02-16 22:17:25.658095,Dubai-e72b,34,30,Normal
2026-02-16 22:17:26.658095,Dubai-e72b,-29,36,Normal
2026-02-16 22:17:27.658095,Dubai-e72b,50,25,Normal
2026-02-16 22:17:28.658095,Dubai-e72b,35,2,Normal
2026-02-16 22:17:29.658095,Dubai-e72b,34,40,Normal
2026-02-16 22:17:30.658095,Dubai-e72b,-22,47,Normal
2026-02-16 22:17:31.658095,Dubai-e72b,2,14,Normal
2026-02-16 22:17:32.658095,Dubai-e72b,43,57,Normal
2026-02-16 22:17:33.658095,Dubai-e72b,1,6,Normal
2026-02-16 22:17:34.658095,Dubai-e72b,29,86,Normal
2026-02-16 22:17:35.658095,Dubai-e72b,-5,54,Normal
2026-02-16 22:17:36.658095,Dubai-e72b,20,83,Normal
2026-02-16 22:17:37.658095,Dubai-e72b,-9,80,Normal
2026-02-16 22:17:38.658095,Dubai-e72b,-3,38,Normal
2026-02-16 22:17:39.658095,Dubai-e72b,29,4,Normal
2026-02-16 22:17:40.658095,Dubai-e72b,45,96,Normal
2026-02-16 22:17:41.658095,Dubai-e72b,-9,98,Normal
2026-02-16 22:17:42.658095,Dubai-e72b,31,82,Normal
2026-02-16 22:17:43.658095,Dubai-e72b,-21,85,Normal
2026-02-16 22:17:44.658095,Dubai-e72b,6,20,Normal
2026-02-16 22:17:45.658095,Dubai-e72b,-10,28,Normal
2026-02-16 22:17:46.658095,Dubai-e72b,48,23,Normal
2026-02-16 22:17:47.658095,Dubai-e72b,20,51,Normal
2026-02-16 22:17:48.658095,Dubai-e72b,-5,60,Normal
2026-02-16 22:17:49.658095,Dubai-e72b,-21,46,Normal
2026-02-16 22:17:50.658095,Dubai-e72b,-14,16,Normal
2026-02-16 22:17:51.658095,Dubai-e72b,7,13,Normal
2026-02-16 22:17:52.658095,Dubai-e72b,13,80,Normal
2026-02-16 22:17:53.658095,Dubai-e72b,22,41,Normal
2026-02-16 22:17:54.658095,Dubai-e72b,-19,35,Normal
2026-02-16 22:17:55.658095,Dubai-e72b,-9,85,Normal
2026-02-16 22:17:56.658095,Dubai-e72b,-29,44,Normal
2026-02-16 22:17:57.658095,Dubai-e72b,-23,48,Normal
2026-02-16 22:17:58.658095,Dubai-e72b,-21,59,Normal
2026-02-16 22:17:59.658095,Dubai-e72b,13,57,Normal
2026-02-16 22:18:00.658095,Dubai-e72b,30,11,Normal
2026-02-16 22:18:01.658095,Dubai-e72b,10,88,Normal
2026-02-16 22:18:02.658095,Dubai-e72b,29,97,Normal
2026-02-16 22:18:03.658095,Dubai-e72b,39,65,Normal
2026-02-16 22:18:04.658095,Dubai-e72b,21,55,Normal
2026-02-16 22:18:05.658095,Dubai-e72b,10,36,Normal
2026-02-16 22:18:06.658095,Dubai-e72b,17,64,Normal
2026-02-16 22:18:07.658095,Dubai-e72b,-29,70,Normal
2026-02-16 22:18:08.658095,Dubai-e72b,15,94,Normal
2026-02-16 22:18:09.658095,Dubai-e72b,38,39,Normal
2026-02-16 22:18:10.658095,Dubai-e72b,33,74,Normal
2026-02-16 22:18:11.658095,Dubai-e72b,47,89,Normal
2026-02-16 22:18:12.658095,Dubai-e72b,-20,96,Normal
2026-02-16 22:18:13.658095,Dubai-e72b,-16,95,Normal
2026-02-16 22:18:14.658095,Dubai-e72b,48,24,Normal
2026-02-16 22:18:15.658095,Dubai-e72b,29,68,Normal
2026-02-16 22:18:16.658095,Dubai-e72b,11,28,Normal
2026-02-16 22:18:17.658095,Dubai-e72b,21,98,Normal
2026-02-16 22:18:18.658095,Dubai-e72b,16,14,Normal
2026-02-16 22:18:19.658095,Dubai-e72b,39,29,Normal
2026-02-16 22:18:20.658095,Dubai-e72b,15,90,Normal
2026-02-16 22:18:21.658095,Dubai-e72b,-12,82,Normal
2026-02-16 22:18:22.658095,Dubai-e72b,-21,83,Normal
2026-02-16 22:18:23.658095,Dubai-e72b,-11,85,Normal
2026-02-16 22:18:24.658095,Dubai-e72b,4,18,Normal
2026-02-16 22:18:25.658095,Dubai-e72b,41,9,Normal
2026-02-16 22:18:26.658095,Dubai-e72b,-1,97,Normal
2026-02-16 22:18:27.658095,Dubai-e72b,30,61,Normal
2026-02-16 22:18:28.658095,Dubai-e72b,-1,52,Normal
2026-02-16 22:18:29.658095,Dubai-e72b,6,17,Normal
2026-02-16 22:18:30.658095,Dubai-e72b,1,27,Normal
2026-02-16 22:18:31.658095,Dubai-e72b,33,85,Normal
2026-02-16 22:18:32.658095,Dubai-e72b,48,54,Normal
2026-02-16 22:18:33.658095,Dubai-e72b,-16,28,Normal
2026-02-16 22:18:34.658095,Dubai-e72b,-6,64,Normal
2026-02-16 22:18:35.658095,Dubai-e72b,5,18,Normal
2026-02-16 22:18:36.658095,Dubai-e72b,24,28,Normal
2026-02-16 22:18:37.658095,Dubai-e72b,-19,55,Normal
2026-02-16 22:18:38.658095,Dubai-e72b,9,38,Normal
2026-02-16 22:18:39.658095,Dubai-e72b,6,65,Normal
2026-02-16 22:18:40.658095,Dubai-e72b,-9,98,Normal
2026-02-16 22:18:41.658095,Dubai-e72b,24,84,Normal
2026-02-16 22:18:42.658095,Dubai-e72b,39,41,Normal
2026-02-16 22:18:43.658095,Dubai-e72b,-30,80,Normal
2026-02-16 22:18:44.658095,Dubai-e72b,-15,33,Normal
2026-02-16 22:18:45.658095,Dubai-e72b,41,36,Normal
2026-02-16 22:18:46.658095,Dubai-e72b,48,38,Normal
2026-02-16 22:18:47.658095,Dubai-e72b,-30,21,Normal
2026-02-16 22:18:48.658095,Dubai-e72b,49,34,Normal
2026-02-16 22:18:49.658095,Dubai-e72b,-4,42,Normal
2026-02-16 22:18:50.658095,Dubai-e72b,-27,73,Normal
2026-02-16 22:18:51.658095,Dubai-e72b,1,25,Normal
2026-02-16 22:18:52.658095,Dubai-e72b,1,7,Normal
2026-02-16 22:18:53.658095,Dubai-e72b,3,5,Normal
2026-02-16 22:18:54.658095,Dubai-e72b,8,44,Normal
2026-02-16 22:18:55.658095,Dubai-e72b,45,2,Normal
2026-02-16 22:18:56.658095,Dubai-e72b,20,2,Normal
2026-02-16 22:18:57.658095,Dubai-e72b,39,4,Normal
2026-02-16 22:18:58.658095,Dubai-e72b,48,19,Normal
2026-02-16 22:18:59.658095,Dubai-e72b,22,65,Normal
2026-02-16 22:19:00.658095,Dubai-e72b,-10,83,Normal
2026-02-16 22:19:01.658095,Dubai-e72b,15,78,Normal
2026-02-16 22:19:02.658095,Dubai-e72b,43,89,Normal
2026-02-16 22:19:03.658095,Dubai-e72b,40,31,Normal
2026-02-16 22:19:04.658095,Dubai-e72b,15,79,Normal
2026-02-16 22:19:05.658095,Dubai-e72b,-22,19,Normal
2026-02-16 22:19:06.658095,Dubai-e72b,-7,46,Normal
2026-02-16 22:19:07.658095,Dubai-e72b,3,87,Normal
2026-02-16 22:19:08.658095,Dubai-e72b,18,43,Normal
2026-02-16 22:19:09.658095,Dubai-e72b,34,49,Normal
2026-02-16 22:19:10.658095,Dubai-e72b,-25,45,Normal
2026-02-16 22:19:11.658095,Dubai-e72b,-8,69,Normal
2026-02-16 22:19:12.658095,Dubai-e72b,47,21,Normal
2026-02-16 22:19:13.658095,Dubai-e72b,1,26,Normal
2026-02-16 22:19:14.658095,Dubai-e72b,45,19,Normal
2026-02-16 22:19:15.658095,Dubai-e72b,-21,88,Normal
2026-02-16 22:19:16.658095,Dubai-e72b,39,55,Normal
2026-02-16 22:19:17.658095,Dubai-e72b,1,28,Normal
2026-02-16 22:19:18.658095,Dubai-e72b,-24,12,Normal
2026-02-16 22:19:19.658095,Dubai-e72b,30,30,Normal
2026-02-16 22:19:20.658095,Dubai-e72b,35,46,Normal
2026-02-16 22:19:21.658095,Dubai-e72b,30,7,Normal
2026-02-16 22:19:22.658095,Dubai-e72b,19,42,Normal
2026-02-16 22:19:23.658095,Dubai-e72b,41,76,Normal
2026-02-16 22:19:24.658095,Dubai-e72b,19,50,Normal
2026-02-16 22:19:25.658095,Dubai-e72b,-27,50,Normal
2026-02-16 22:19:26.658095,Dubai-e72b,-28,33,Normal
2026-02-16 22:19:27.658095,Dubai-e72b,27,57,Normal
2026-02-16 22:19:28.658095,Dubai-e72b,-20,25,Normal
2026-02-16 22:19:29.658095,Dubai-e72b,17,93,Normal
2026-02-16 22:19:30.658095,Dubai-e72b,-1,7,Normal
2026-02-16 22:19:31.658095,Dubai-e72b,40,47,Normal
2026-02-16 22:19:32.658095,Dubai-e72b,-1,92,Normal
2026-02-16 22:19:33.658095,Dubai-e72b,21,11,Normal
2026-02-16 22:19:34.658095,Dubai-e72b,-14,59,Normal
2026-02-16 22:19:35.658095,Dubai-e72b,-27,40,Normal
2026-02-16 22:19:36.658095,Dubai-e72b,-12,85,Normal
2026-02-16 22:19:37.658095,Dubai-e72b,36,3,Normal
2026-02-16 22:19:38.658095,Dubai-e72b,8,10,Normal
2026-02-16 22:19:39.658095,Dubai-e72b,44,28,Normal
2026-02-16 22:19:40.658095,Dubai-e72b,-16,91,Normal
2026-02-16 22:19:41.658095,Dubai-e72b,-3,28,Normal
2026-02-16 22:19:42.658095,Dubai-e72b,15,28,Normal
2026-02-16 22:19:43.658095,Dubai-e72b,29,98,Normal
2026-02-16 22:19:44.658095,Dubai-e72b,-12,9,Normal
2026-02-16 22:19:45.658095,Dubai-e72b,-3,55,Normal
2026-02-16 22:19:46.658095,Dubai-e72b,-22,43,Normal
2026-02-16 22:19:47.658095,Dubai-e72b,21,98,Normal
2026-02-16 22:19:48.658095,Dubai-e72b,48,72,Normal
2026-02-16 22:19:49.658095,Dubai-e72b,5,86,Normal
2026-02-16 22:19:50.658095,Dubai-e72b,32,77,Normal
2026-02-16 22:19:51.658095,Dubai-e72b,49,78,Normal
2026-02-16 22:19:52.658095,Dubai-e72b,-12,51,Normal
2026-02-16 22:19:53.658095,Dubai-e72b,36,62,Normal
2026-02-16 22:19:54.658095,Dubai-e72b,8,50,Normal
2026-02-16 22:19:55.658095,Dubai-e72b,5,30,Normal
2026-02-16 22:19:56.658095,Dubai-e72b,34,0,Normal
2026-02-16 22:19:57.658095,Dubai-e72b,32,49,Normal
2026-02-16 22:19:58.658095,Dubai-e72b,45,35,Normal
2026-02-16 22:19:59.658095,Dubai-e72b,-5,68,Normal
2026-02-16 22:20:00.658095,Dubai-e72b,44,100,Normal
2026-02-16 22:20:01.658095,Dubai-e72b,18,77,Normal
2026-02-16 22:20:02.658095,Dubai-e72b,-2,32,Normal
2026-02-16 22:20:03.658095,Dubai-e72b,-7,66,Normal
2026-02-16 22:20:04.658095,Dubai-e72b,-27,54,Normal
2026-02-16 22:20:05.658095,Dubai-e72b,-10,98,Normal
2026-02-16 22:20:06.658095,Dubai-e72b,49,44,Normal
2026-02-16 22:20:07.658095,Dubai-e72b,14,45,Normal
2026-02-16 22:20:08.658095,Dubai-e72b,33,20,Normal
2026-02-16 22:20:09.658095,Dubai-e72b,-2,46,Normal
2026-02-16 22:20:10.658095,Dubai-e72b,46,82,Normal
2026-02-16 22:20:11.658095,Dubai-e72b,44,23,Normal
2026-02-16 22:20:12.658095,Dubai-e72b,7,55,Normal
2026-02-16 22:20:13.658095,Dubai-e72b,-26,5,Normal
2026-02-16 22:20:14.658095,Dubai-e72b,-18,77,Normal
2026-02-16 22:20:15.658095,Dubai-e72b,-26,73,Normal
2026-02-16 22:20:16.658095,Dubai-e72b,-15,64,Normal
2026-02-16 22:20:17.658095,Dubai-e72b,5,58,Normal
2026-02-16 22:20:18.658095,Dubai-e72b,10,97,Normal
2026-02-16 22:20:19.658095,Dubai-e72b,27,28,Normal
2026-02-16 22:20:20.658095,Dubai-e72b,33,59,Normal
2026-02-16 22:20:21.658095,Dubai-e72b,6,84,Normal
2026-02-16 22:20:22.658095,Dubai-e72b,34,24,Normal
2026-02-16 22:20:23.658095,Dubai-e72b,20,45,Normal
2026-02-16 22:20:24.658095,Dubai-e72b,45,44,Normal
2026-02-16 22:20:25.658095,Dubai-e72b,-16,97,Normal
2026-02-16 22:20:26.658095,Dubai-e72b,40,82,Normal
2026-02-16 22:20:27.658095,Dubai-e72b,11,4,Normal
2026-02-16 22:20:28.658095,Dubai-e72b,-19,29,Normal
2026-02-16 22:20:29.658095,Dubai-e72b,23,37,Normal
2026-02-16 22:20:30.658095,Dubai-e72b,-28,43,Normal
2026-02-16 22:20:31.658095,Dubai-e72b,38,90,Normal
2026-02-16 22:20:32.658095,Dubai-e72b,8,28,Normal
2026-02-16 22:20:33.658095,Dubai-e72b,21,16,Normal
2026-02-16 22:20:34.658095,Dubai-e72b,14,92,Normal
2026-02-16 22:20:35.658095,Dubai-e72b,31,58,Normal
2026-02-16 22:20:36.658095,Dubai-e72b,-5,36,Normal
2026-02-16 22:20:37.658095,Dubai-e72b,38,86,Normal
2026-02-16 22:20:38.658095,Dubai-e72b,3,38,Normal
2026-02-16 22:20:39.658095,Dubai-e72b,29,16,Normal
2026-02-16 22:20:40.658095,Dubai-e72b,29,31,Normal
2026-02-16 22:20:41.658095,Dubai-e72b,41,99,Normal
2026-02-16 22:20:42.658095,Dubai-e72b,10,76,Normal
2026-02-16 22:20:43.658095,Dubai-e72b,23,87,Normal
2026-02-16 22:20:44.658095,Dubai-e72b,-1,17,Normal
2026-02-16 22:20:45.658095,Dubai-e72b,21,21,Normal
2026-02-16 22:20:46.658095,Dubai-e72b,-21,18,Normal
2026-02-16 22:20:47.658095,Dubai-e72b,-21,90,Normal
2026-02-16 22:20:48.658095,Dubai-e72b,25,30,Normal
2026-02-16 22:20:49.658095,Dubai-e72b,-26,3,Normal
2026-02-16 22:20:50.658095,Dubai-e72b,50,71,Normal
2026-02-16 22:20:51.658095,Dubai-e72b,31,77,Normal
2026-02-16 22:20:52.658095,Dubai-e72b,45,2,Normal
2026-02-16 22:20:53.658095,Dubai-e72b,-15,57,Normal
2026-02-16 22:20:54.658095,Dubai-e72b,-9,83,Normal
2026-02-16 22:20:55.658095,Dubai-e72b,6,32,Normal
2026-02-16 22:20:56.658095,Dubai-e72b,20,84,Normal
2026-02-16 22:20:57.658095,Dubai-e72b,-14,92,Normal
2026-02-16 22:20:58.658095,Dubai-e72b,10,16,Normal
2026-02-16 22:20:59.658095,Dubai-e72b,29,44,Normal
2026-02-16 22:21:00.658095,Dubai-e72b,9,96,Normal
2026-02-16 22:21:01.658095,Dubai-e72b,-21,89,Normal
2026-02-16 22:21:02.658095,Dubai-e72b,-1,82,Normal
2026-02-16 22:21:03.658095,Dubai-e72b,50,25,Normal
2026-02-16 22:21:04.658095,Dubai-e72b,25,48,Normal
2026-02-16 22:21:05.658095,Dubai-e72b,12,84,Normal
2026-02-16 22:21:06.658095,Dubai-e72b,-16,16,Normal
2026-02-16 22:21:07.658095,Dubai-e72b,-11,50,Normal
2026-02-16 22:21:08.658095,Dubai-e72b,44,41,Normal
2026-02-16 22:21:09.658095,Dubai-e72b,30,59,Normal
2026-02-16 22:21:10.658095,Dubai-e72b,-30,9,Normal
2026-02-16 22:21:11.658095,Dubai-e72b,26,85,Normal
2026-02-16 22:21:12.658095,Dubai-e72b,34,81,Normal
2026-02-16 22:21:13.658095,Dubai-e72b,26,62,Normal
2026-02-16 22:21:14.658095,Dubai-e72b,-7,52,Normal
2026-02-16 22:21:15.658095,Dubai-e72b,2,87,Normal
2026-02-16 22:21:16.658095,Dubai-e72b,44,61,Normal
2026-02-16 22:21:17.658095,Dubai-e72b,1,49,Normal
2026-02-16 22:21:18.658095,Dubai-e72b,-17,7,Normal
2026-02-16 22:21:19.658095,Dubai-e72b,-19,66,Normal
2026-02-16 22:21:20.658095,Dubai-e72b,2,3,Normal
2026-02-16 22:21:21.658095,Dubai-e72b,-8,9,Normal
2026-02-16 22:21:22.658095,Dubai-e72b,14,86,Normal
2026-02-16 22:21:23.658095,Dubai-e72b,-20,81,Normal
2026-02-16 22:21:24.658095,Dubai-e72b,-1,67,Normal
2026-02-16 22:21:25.658095,Dubai-e72b,11,32,Normal
2026-02-16 22:21:26.658095,Dubai-e72b,-7,61,Normal
2026-02-16 22:21:27.658095,Dubai-e72b,-11,18,Normal
2026-02-16 22:21:28.658095,Dubai-e72b,35,80,Normal
2026-02-16 22:21:29.658095,Dubai-e72b,-13,55,Normal
2026-02-16 22:21:30.658095,Dubai-e72b,47,64,Normal
2026-02-16 22:21:31.658095,Dubai-e72b,-15,47,Normal
2026-02-16 22:21:32.658095,Dubai-e72b,19,16,Normal
2026-02-16 22:21:33.658095,Dubai-e72b,17,11,Normal
2026-02-16 22:21:34.658095,Dubai-e72b,-7,95,Normal
2026-02-16 22:21:35.658095,Dubai-e72b,18,1,Normal
2026-02-16 22:21:36.658095,Dubai-e72b,27,29,Normal
2026-02-16 22:21:37.658095,Dubai-e72b,49,97,Normal
2026-02-16 22:21:38.658095,Dubai-e72b,41,13,Normal
2026-02-16 22:21:39.658095,Dubai-e72b,-11,60,Normal
2026-02-16 22:21:40.658095,Dubai-e72b,-14,13,Normal
2026-02-16 22:21:41.658095,Dubai-e72b,-26,72,Normal
2026-02-16 22:21:42.658095,Dubai-e72b,32,67,Normal
2026-02-16 22:21:43.658095,Dubai-e72b,40,98,Normal
2026-02-16 22:21:44.658095,Dubai-e72b,5,72,Normal
2026-02-16 22:21:45.658095,Dubai-e72b,26,11,Normal
2026-02-16 22:21:46.658095,Dubai-e72b,21,46,Normal
2026-02-16 22:21:47.658095,Dubai-e72b,-2,68,Normal
2026-02-16 22:21:48.658095,Dubai-e72b,-11,45,Normal
2026-02-16 22:21:49.658095,Dubai-e72b,26,46,Normal
2026-02-16 22:21:50.658095,Dubai-e72b,48,97,Normal
2026-02-16 22:21:51.658095,Dubai-e72b,-17,20,Normal
2026-02-16 22:21:52.658095,Dubai-e72b,-19,88,Normal
2026-02-16 22:21:53.658095,Dubai-e72b,-18,97,Normal
2026-02-16 22:21:54.658095,Dubai-e72b,-12,2,Normal
2026-02-16 22:21:55.658095,Dubai-e72b,-25,11,Normal
2026-02-16 22:21:56.658095,Dubai-e72b,2,67,Normal
2026-02-16 22:21:57.658095,Dubai-e72b,9,84,Normal
2026-02-16 22:21:58.658095,Dubai-e72b,-27,38,Normal
2026-02-16 22:21:59.658095,Dubai-e72b,-21,93,Normal
2026-02-16 22:22:00.658095,Dubai-e72b,16,89,Normal
2026-02-16 22:22:01.658095,Dubai-e72b,-5,8,Normal
2026-02-16 22:22:02.658095,Dubai-e72b,35,72,Normal
2026-02-16 22:22:03.658095,Dubai-e72b,-30,49,Normal
2026-02-16 22:22:04.658095,Dubai-e72b,4,74,Normal
2026-02-16 22:22:05.658095,Dubai-e72b,-23,66,Normal
2026-02-16 22:22:06.658095,Dubai-e72b,-23,58,Normal
2026-02-16 22:22:07.658095,Dubai-e72b,29,22,Normal
2026-02-16 22:22:08.658095,Dubai-e72b,-2,57,Normal
2026-02-16 22:22:09.658095,Dubai-e72b,-3,2,Normal
2026-02-16 22:22:10.658095,Dubai-e72b,-16,51,Normal
2026-02-16 22:22:11.658095,Dubai-e72b,12,52,Normal
2026-02-16 22:22:12.658095,Dubai-e72b,-30,88,Normal
2026-02-16 22:22:13.658095,Dubai-e72b,-27,44,Normal
2026-02-16 22:22:14.658095,Dubai-e72b,14,95,Normal
2026-02-16 22:22:15.658095,Dubai-e72b,0,5,Normal
2026-02-16 22:22:16.658095,Dubai-e72b,25,13,Normal
2026-02-16 22:22:17.658095,Dubai-e72b,30,79,Normal
2026-02-16 22:22:18.658095,Dubai-e72b,28,63,Normal
2026-02-16 22:22:19.658095,Dubai-e72b,42,52,Normal
2026-02-16 22:22:20.658095,Dubai-e72b,-6,74,Normal
2026-02-16 22:22:21.658095,Dubai-e72b,43,13,Normal
2026-02-16 22:22:22.658095,Dubai-e72b,6,99,Normal
2026-02-16 22:22:23.658095,Dubai-e72b,32,27,Normal
2026-02-16 22:22:24.658095,Dubai-e72b,22,38,Normal
2026-02-16 22:22:25.658095,Dubai-e72b,-29,63,Normal
2026-02-16 22:22:26.658095,Dubai-e72b,37,93,Normal
2026-02-16 22:22:27.658095,Dubai-e72b,-16,34,Normal
2026-02-16 22:22:28.658095,Dubai-e72b,-24,4,Normal
2026-02-16 22:22:29.658095,Dubai-e72b,2,66,Normal
2026-02-16 22:22:30.658095,Dubai-e72b,-28,90,Normal
2026-02-16 22:22:31.658095,Dubai-e72b,-21,57,Normal
2026-02-16 22:22:32.658095,Dubai-e72b,-2,12,Normal
2026-02-16 22:22:33.658095,Dubai-e72b,10,30,Normal
2026-02-16 22:22:34.658095,Dubai-e72b,33,80,Normal
2026-02-16 22:22:35.658095,Dubai-e72b,8,31,Normal
2026-02-16 22:22:36.658095,Dubai-e72b,41,25,Normal
2026-02-16 22:22:37.658095,Dubai-e72b,-29,74,Normal
2026-02-16 22:22:38.658095,Dubai-e72b,22,61,Normal
2026-02-16 22:22:39.658095,Dubai-e72b,-10,62,Normal
2026-02-16 22:22:40.658095,Dubai-e72b,23,7,Normal
2026-02-16 22:22:41.658095,Dubai-e72b,17,56,Normal
2026-02-16 22:22:42.658095,Dubai-e72b,33,40,Normal
2026-02-16 22:22:43.658095,Dubai-e72b,19,14,Normal
2026-02-16 22:22:44.658095,Dubai-e72b,-24,90,Normal
2026-02-16 22:22:45.658095,Dubai-e72b,-19,59,Normal
2026-02-16 22:22:46.658095,Dubai-e72b,9,59,Normal
2026-02-16 22:22:47.658095,Dubai-e72b,3,98,Normal
2026-02-16 22:22:48.658095,Dubai-e72b,32,91,Normal
2026-02-16 22:22:49.658095,Dubai-e72b,-29,96,Normal
2026-02-16 22:22:50.658095,Dubai-e72b,-2,88,Normal
2026-02-16 22:22:51.658095,Dubai-e72b,23,14,Normal
2026-02-16 22:22:52.658095,Dubai-e72b,31,100,Normal
2026-02-16 22:22:53.658095,Dubai-e72b,-14,98,Normal
2026-02-16 22:22:54.658095,Dubai-e72b,49,17,Normal
2026-02-16 22:22:55.658095,Dubai-e72b,12,12,Normal
2026-02-16 22:22:56.658095,Dubai-e72b,-26,54,Normal
2026-02-16 22:22:57.658095,Dubai-e72b,17,16,Normal
2026-02-16 22:22:58.658095,Dubai-e72b,-3,64,Normal
2026-02-16 22:22:59.658095,Dubai-e72b,9,28,Normal
2026-02-16 22:23:00.658095,Dubai-e72b,-16,64,Normal
2026-02-16 22:23:01.658095,Dubai-e72b,2,59,Normal
2026-02-16 22:23:02.658095,Dubai-e72b,20,38,Normal
2026-02-16 22:23:03.658095,Dubai-e72b,2,46,Normal
2026-02-16 22:23:04.658095,Dubai-e72b,-17,77,Normal
2026-02-16 22:23:05.658095,Dubai-e72b,-5,85,Normal
2026-02-16 22:23:06.658095,Dubai-e72b,20,71,Normal
2026-02-16 22:23:07.658095,Dubai-e72b,14,39,Normal
2026-02-16 22:23:08.658095,Dubai-e72b,42,60,Normal
2026-02-16 22:23:09.658095,Dubai-e72b,46,57,Normal
2026-02-16 22:23:10.658095,Dubai-e72b,50,44,Normal
2026-02-16 22:23:11.658095,Dubai-e72b,50,95,Normal
2026-02-16 22:23:12.658095,Dubai-e72b,-7,92,Normal
2026-02-16 22:23:13.658095,Dubai-e72b,0,56,Normal
2026-02-16 22:23:14.658095,Dubai-e72b,8,84,Normal
2026-02-16 22:23:15.658095,Dubai-e72b,32,73,Normal
2026-02-16 22:23:16.658095,Dubai-e72b,23,33,Normal
2026-02-16 22:23:17.658095,Dubai-e72b,2,88,Normal
2026-02-16 22:23:18.658095,Dubai-e72b,-20,45,Normal
2026-02-16 22:23:19.658095,Dubai-e72b,12,42,Normal
2026-02-16 22:23:20.658095,Dubai-e72b,4,8,Normal
2026-02-16 22:23:21.658095,Dubai-e72b,30,57,Normal
2026-02-16 22:23:22.658095,Dubai-e72b,19,97,Normal
2026-02-16 22:23:23.658095,Dubai-e72b,19,35,Normal
2026-02-16 22:23:24.658095,Dubai-e72b,-11,32,Normal
2026-02-16 22:23:25.658095,Dubai-e72b,-1,78,Normal
2026-02-16 22:23:26.658095,Dubai-e72b,21,94,Normal
2026-02-16 22:23:27.658095,Dubai-e72b,3,26,Normal
2026-02-16 22:23:28.658095,Dubai-e72b,25,91,Normal
2026-02-16 22:23:29.658095,Dubai-e72b,16,36,Normal
2026-02-16 22:23:30.658095,Dubai-e72b,-10,46,Normal
2026-02-16 22:23:31.658095,Dubai-e72b,-11,76,Normal
2026-02-16 22:23:32.658095,Dubai-e72b,30,55,Normal
2026-02-16 22:23:33.658095,Dubai-e72b,-15,32,Normal
2026-02-16 22:23:34.658095,Dubai-e72b,30,41,Normal
2026-02-16 22:23:35.658095,Dubai-e72b,8,64,Normal
2026-02-16 22:23:36.658095,Dubai-e72b,-7,76,Normal
2026-02-16 22:23:37.658095,Dubai-e72b,-1,84,Normal
2026-02-16 22:23:38.658095,Dubai-e72b,33,27,Normal
2026-02-16 22:23:39.658095,Dubai-e72b,32,70,Normal
2026-02-16 22:23:40.658095,Dubai-e72b,-2,69,Normal
2026-02-16 22:23:41.658095,Dubai-e72b,-16,82,Normal
2026-02-16 22:23:42.658095,Dubai-e72b,-9,53,Normal
2026-02-16 22:23:43.658095,Dubai-e72b,-17,91,Normal
2026-02-16 22:23:44.658095,Dubai-e72b,12,24,Normal
2026-02-16 22:23:45.658095,Dubai-e72b,49,21,Normal
2026-02-16 22:23:46.658095,Dubai-e72b,50,40,Normal
2026-02-16 22:23:47.658095,Dubai-e72b,18,81,Normal
2026-02-16 22:23:48.658095,Dubai-e72b,-16,77,Normal
2026-02-16 22:23:49.658095,Dubai-e72b,-9,7,Normal
2026-02-16 22:23:50.658095,Dubai-e72b,36,44,Normal
2026-02-16 22:23:51.658095,Dubai-e72b,-15,82,Normal
2026-02-16 22:23:52.658095,Dubai-e72b,-19,62,Normal
2026-02-16 22:23:53.658095,Dubai-e72b,-25,3,Normal
2026-02-16 22:23:54.658095,Dubai-e72b,-24,73,Normal
2026-02-16 22:23:55.658095,Dubai-e72b,23,25,Normal
2026-02-16 22:23:56.658095,Dubai-e72b,16,53,Normal
2026-02-16 22:23:57.658095,Dubai-e72b,14,35,Normal
2026-02-16 22:23:58.658095,Dubai-e72b,26,43,Normal
2026-02-16 22:23:59.658095,Dubai-e72b,39,49,Normal
2026-02-16 22:24:00.658095,Dubai-e72b,42,37,Normal
2026-02-16 22:24:01.658095,Dubai-e72b,27,8,Normal
2026-02-16 22:24:02.658095,Dubai-e72b,21,18,Normal
2026-02-16 22:24:03.658095,Dubai-e72b,-27,87,Normal
2026-02-16 22:24:04.658095,Dubai-e72b,30,49,Normal
2026-02-16 22:24:05.658095,Dubai-e72b,9,13,Normal
2026-02-16 22:24:06.658095,Dubai-e72b,-27,98,Normal
2026-02-16 22:24:07.658095,Dubai-e72b,-15,80,Normal
2026-02-16 22:24:08.658095,Dubai-e72b,32,70,Normal
2026-02-16 22:24:09.658095,Dubai-e72b,-20,50,Normal
2026-02-16 22:24:10.658095,Dubai-e72b,-24,74,Normal
2026-02-16 22:24:11.658095,Dubai-e72b,3,97,Normal
2026-02-16 22:24:12.658095,Dubai-e72b,-10,9,Normal
2026-02-16 22:24:13.658095,Dubai-e72b,-18,32,Normal
2026-02-16 22:24:14.658095,Dubai-e72b,2,84,Normal
2026-02-16 22:24:15.658095,Dubai-e72b,10,29,Normal
2026-02-16 22:24:16.658095,Dubai-e72b,8,1,Normal
2026-02-16 22:24:17.658095,Dubai-e72b,19,18,Normal
2026-02-16 22:24:18.658095,Dubai-e72b,11,94,Normal
2026-02-16 22:24:19.658095,Dubai-e72b,-10,73,Normal
2026-02-16 22:24:20.658095,Dubai-e72b,-10,35,Normal
2026-02-16 22:24:21.658095,Dubai-e72b,39,32,Normal
2026-02-16 22:24:22.658095,Dubai-e72b,31,81,Normal
2026-02-16 22:24:23.658095,Dubai-e72b,3,74,Normal
2026-02-16 22:24:24.658095,Dubai-e72b,30,58,Normal
2026-02-16 22:24:25.658095,Dubai-e72b,-9,65,Normal
2026-02-16 22:24:26.658095,Dubai-e72b,-30,41,Normal
2026-02-16 22:24:27.658095,Dubai-e72b,-23,78,Normal
2026-02-16 22:24:28.658095,Dubai-e72b,3,8,Normal
2026-02-16 22:24:29.658095,Dubai-e72b,-4,73,Normal
2026-02-16 22:24:30.658095,Dubai-e72b,47,75,Normal
2026-02-16 22:24:31.658095,Dubai-e72b,24,75,Normal
2026-02-16 22:24:32.658095,Dubai-e72b,23,44,Normal
2026-02-16 22:24:33.658095,Dubai-e72b,23,49,Normal
2026-02-16 22:24:34.658095,Dubai-e72b,9,96,Normal
2026-02-16 22:24:35.658095,Dubai-e72b,47,25,Normal
2026-02-16 22:24:36.658095,Dubai-e72b,-7,68,Normal
2026-02-16 22:24:37.658095,Dubai-e72b,13,68,Normal
2026-02-16 22:24:38.658095,Dubai-e72b,36,91,Normal
2026-02-16 22:24:39.658095,Dubai-e72b,-23,0,Normal
2026-02-16 22:24:40.658095,Dubai-e72b,-11,46,Normal
2026-02-16 22:24:41.658095,Dubai-e72b,-15,9,Normal
2026-02-16 22:24:42.658095,Dubai-e72b,2,15,Normal
2026-02-16 22:24:43.658095,Dubai-e72b,-15,83,Normal
2026-02-16 22:24:44.658095,Dubai-e72b,13,83,Normal
2026-02-16 22:24:45.658095,Dubai-e72b,-19,85,Normal
2026-02-16 22:24:46.658095,Dubai-e72b,-22,47,Normal
2026-02-16 22:24:47.658095,Dubai-e72b,42,15,Normal
2026-02-16 22:24:48.658095,Dubai-e72b,41,26,Normal
2026-02-16 22:24:49.658095,Dubai-e72b,2,52,Normal
2026-02-16 22:24:50.658095,Dubai-e72b,5,57,Normal
2026-02-16 22:24:51.658095,Dubai-e72b,8,89,Normal
2026-02-16 22:24:52.658095,Dubai-e72b,-9,86,Normal
2026-02-16 22:24:53.658095,Dubai-e72b,-2,82,Normal
2026-02-16 22:24:54.658095,Dubai-e72b,37,20,Normal
2026-02-16 22:24:55.658095,Dubai-e72b,12,6,Normal
2026-02-16 22:24:56.658095,Dubai-e72b,17,29,Normal
2026-02-16 22:24:57.658095,Dubai-e72b,29,47,Normal
2026-02-16 22:24:58.658095,Dubai-e72b,49,96,Normal
2026-02-16 22:24:59.658095,Dubai-e72b,7,88,Normal
2026-02-16 22:25:00.658095,Dubai-e72b,6,55,Normal
2026-02-16 22:25:01.658095,Dubai-e72b,37,4,Normal
2026-02-16 22:25:02.658095,Dubai-e72b,26,37,Normal
2026-02-16 22:25:03.658095,Dubai-e72b,36,12,Normal
2026-02-16 22:25:04.658095,Dubai-e72b,-30,95,Normal
2026-02-16 22:25:05.658095,Dubai-e72b,22,59,Normal
2026-02-16 22:25:06.658095,Dubai-e72b,47,70,Normal
2026-02-16 22:25:07.658095,Dubai-e72b,2,71,Normal
2026-02-16 22:25:08.658095,Dubai-e72b,-15,37,Normal
2026-02-16 22:25:09.658095,Dubai-e72b,-9,70,Normal
2026-02-16 22:25:10.658095,Dubai-e72b,2,99,Normal
2026-02-16 22:25:11.658095,Dubai-e72b,-7,26,Normal
2026-02-16 22:25:12.658095,Dubai-e72b,36,7,Normal
2026-02-16 22:25:13.658095,Dubai-e72b,-29,94,Normal
2026-02-16 22:25:14.658095,Dubai-e72b,-6,33,Normal
2026-02-16 22:25:15.658095,Dubai-e72b,5,59,Normal
2026-02-16 22:25:16.658095,Dubai-e72b,13,27,Normal
2026-02-16 22:25:17.658095,Dubai-e72b,39,88,Normal
2026-02-16 22:25:18.658095,Dubai-e72b,16,96,Normal
2026-02-16 22:25:19.658095,Dubai-e72b,-21,37,Normal
2026-02-16 22:25:20.658095,Dubai-e72b,9,60,Normal
2026-02-16 22:25:21.658095,Dubai-e72b,1,53,Normal
2026-02-16 22:25:22.658095,Dubai-e72b,28,45,Normal
2026-02-16 22:25:23.658095,Dubai-e72b,1,19,Normal
2026-02-16 22:25:24.658095,Dubai-e72b,-21,19,Normal
2026-02-16 22:25:25.658095,Dubai-e72b,-27,33,Normal
2026-02-16 22:25:26.658095,Dubai-e72b,-3,32,Normal
2026-02-16 22:25:27.658095,Dubai-e72b,-24,100,Normal
2026-02-16 22:25:28.658095,Dubai-e72b,37,63,Normal
2026-02-16 22:25:29.658095,Dubai-e72b,7,71,Normal
2026-02-16 22:25:30.658095,Dubai-e72b,-2,48,Normal
2026-02-16 22:25:31.658095,Dubai-e72b,-21,23,Normal
2026-02-16 22:25:32.658095,Dubai-e72b,-26,45,Normal
2026-02-16 22:25:33.658095,Dubai-e72b,43,1,Normal
2026-02-16 22:25:34.658095,Dubai-e72b,-2,88,Normal
2026-02-16 22:25:35.658095,Dubai-e72b,26,17,Normal
2026-02-16 22:25:36.658095,Dubai-e72b,28,36,Normal
2026-02-16 22:25:37.658095,Dubai-e72b,-14,26,Normal
2026-02-16 22:25:38.658095,Dubai-e72b,21,48,Normal
2026-02-16 22:25:39.658095,Dubai-e72b,-8,98,Normal
2026-02-16 22:25:40.658095,Dubai-e72b,-14,64,Normal
2026-02-16 22:25:41.658095,Dubai-e72b,-27,82,Normal
2026-02-16 22:25:42.658095,Dubai-e72b,37,63,Normal
2026-02-16 22:25:43.658095,Dubai-e72b,46,90,Normal
2026-02-16 22:25:44.658095,Dubai-e72b,36,66,Normal
2026-02-16 22:25:45.658095,Dubai-e72b,-14,37,Normal
2026-02-16 22:25:46.658095,Dubai-e72b,-15,44,Normal
2026-02-16 22:25:47.658095,Dubai-e72b,50,52,Normal
2026-02-16 22:25:48.658095,Dubai-e72b,43,91,Normal
2026-02-16 22:25:49.658095,Dubai-e72b,-7,84,Normal
2026-02-16 22:25:50.658095,Dubai-e72b,-11,17,Normal
2026-02-16 22:25:51.658095,Dubai-e72b,38,27,Normal
2026-02-16 22:25:52.658095,Dubai-e72b,12,7,Normal
2026-02-16 22:25:53.658095,Dubai-e72b,47,7,Normal
2026-02-16 22:25:54.658095,Dubai-e72b,44,52,Normal
2026-02-16 22:25:55.658095,Dubai-e72b,12,66,Normal
2026-02-16 22:25:56.658095,Dubai-e72b,1,85,Normal
2026-02-16 22:25:57.658095,Dubai-e72b,15,29,Normal
2026-02-16 22:25:58.658095,Dubai-e72b,-2,89,Normal
2026-02-16 22:25:59.658095,Dubai-e72b,9,69,Normal
2026-02-16 22:26:00.658095,Dubai-e72b,31,65,Normal
2026-02-16 22:26:01.658095,Dubai-e72b,23,23,Normal
2026-02-16 22:26:02.658095,Dubai-e72b,46,91,Normal
2026-02-16 22:26:03.658095,Dubai-e72b,13,74,Normal
2026-02-16 22:26:04.658095,Dubai-e72b,29,13,Normal
2026-02-16 22:26:05.658095,Dubai-e72b,20,29,Normal
2026-02-16 22:26:06.658095,Dubai-e72b,0,23,Normal
2026-02-16 22:26:07.658095,Dubai-e72b,-22,13,Normal
2026-02-16 22:26:08.658095,Dubai-e72b,-18,50,Normal
2026-02-16 22:26:09.658095,Dubai-e72b,17,53,Normal
2026-02-16 22:26:10.658095,Dubai-e72b,-14,50,Normal
2026-02-16 22:26:11.658095,Dubai-e72b,-7,8,Normal
2026-02-16 22:26:12.658095,Dubai-e72b,-13,77,Normal
2026-02-16 22:26:13.658095,Dubai-e72b,35,13,Normal
2026-02-16 22:26:14.658095,Dubai-e72b,48,66,Normal
2026-02-16 22:26:15.658095,Dubai-e72b,-22,18,Normal
2026-02-16 22:26:16.658095,Dubai-e72b,-6,35,Normal
2026-02-16 22:26:17.658095,Dubai-e72b,8,97,Normal
2026-02-16 22:26:18.658095,Dubai-e72b,14,69,Normal
2026-02-16 22:26:19.658095,Dubai-e72b,11,74,Normal
2026-02-16 22:26:20.658095,Dubai-e72b,-22,4,Normal
2026-02-16 22:26:21.658095,Dubai-e72b,-18,32,Normal
2026-02-16 22:26:22.658095,Dubai-e72b,9,70,Normal
2026-02-16 22:26:23.658095,Dubai-e72b,46,8,Normal
2026-02-16 22:26:24.658095,Dubai-e72b,37,15,Normal
2026-02-16 22:26:25.658095,Dubai-e72b,49,42,Normal
2026-02-16 22:26:26.658095,Dubai-e72b,1,83,Normal
2026-02-16 22:26:27.658095,Dubai-e72b,23,87,Normal
2026-02-16 22:26:28.658095,Dubai-e72b,46,44,Normal
2026-02-16 22:26:29.658095,Dubai-e72b,28,93,Normal
2026-02-16 22:26:30.658095,Dubai-e72b,31,63,Normal
2026-02-16 22:26:31.658095,Dubai-e72b,21,27,Normal
2026-02-16 22:26:32.658095,Dubai-e72b,44,47,Normal
2026-02-16 22:26:33.658095,Dubai-e72b,3,62,Normal
2026-02-16 22:26:34.658095,Dubai-e72b,-21,18,Normal
2026-02-16 22:26:35.658095,Dubai-e72b,-4,71,Normal
2026-02-16 22:26:36.658095,Dubai-e72b,17,33,Normal
2026-02-16 22:26:37.658095,Dubai-e72b,1,11,Normal
2026-02-16 22:26:38.658095,Dubai-e72b,47,24,Normal
2026-02-16 22:26:39.658095,Dubai-e72b,-17,67,Normal
2026-02-16 22:26:40.658095,Dubai-e72b,30,68,Normal
2026-02-16 22:26:41.658095,Dubai-e72b,29,5,Normal
2026-02-16 22:26:42.658095,Dubai-e72b,-7,54,Normal
2026-02-16 22:26:43.658095,Dubai-e72b,14,10,Normal
2026-02-16 22:26:44.658095,Dubai-e72b,37,87,Normal
2026-02-16 22:26:45.658095,Dubai-e72b,30,88,Normal
2026-02-16 22:26:46.658095,Dubai-e72b,44,49,Normal
2026-02-16 22:26:47.658095,Dubai-e72b,-15,40,Normal
2026-02-16 22:26:48.658095,Dubai-e72b,48,97,Normal
2026-02-16 22:26:49.658095,Dubai-e72b,3,12,Normal
2026-02-16 22:26:50.658095,Dubai-e72b,38,28,Normal
2026-02-16 22:26:51.658095,Dubai-e72b,7,3,Normal
2026-02-16 22:26:52.658095,Dubai-e72b,31,88,Normal
2026-02-16 22:26:53.658095,Dubai-e72b,-28,69,Normal
2026-02-16 22:26:54.658095,Dubai-e72b,21,20,Normal
2026-02-16 22:26:55.658095,Dubai-e72b,-23,89,Normal
2026-02-16 22:26:56.658095,Dubai-e72b,8,100,Normal
2026-02-16 22:26:57.658095,Dubai-e72b,-2,83,Normal
2026-02-16 22:26:58.658095,Dubai-e72b,18,42,Normal
2026-02-16 22:26:59.658095,Dubai-e72b,27,100,Normal
2026-02-16 22:27:00.658095,Dubai-e72b,48,68,Normal
2026-02-16 22:27:01.658095,Dubai-e72b,6,93,Normal
2026-02-16 22:27:02.658095,Dubai-e72b,-16,49,Normal
2026-02-16 22:27:03.658095,Dubai-e72b,27,11,Normal
2026-02-16 22:27:04.658095,Dubai-e72b,20,79,Normal
2026-02-16 22:27:05.658095,Dubai-e72b,-18,74,Normal
2026-02-16 22:27:06.658095,Dubai-e72b,39,48,Normal
2026-02-16 22:27:07.658095,Dubai-e72b,-26,57,Normal
2026-02-16 22:27:08.658095,Dubai-e72b,-19,20,Normal
2026-02-16 22:27:09.658095,Dubai-e72b,49,66,Normal
2026-02-16 22:27:10.658095,Dubai-e72b,1,21,Normal
2026-02-16 22:27:11.658095,Dubai-e72b,-3,76,Normal
2026-02-16 22:27:12.658095,Dubai-e72b,45,100,Normal
2026-02-16 22:27:13.658095,Dubai-e72b,18,47,Normal
2026-02-16 22:27:14.658095,Dubai-e72b,29,88,Normal
2026-02-16 22:27:15.658095,Dubai-e72b,44,69,Normal
2026-02-16 22:27:16.658095,Dubai-e72b,-21,16,Normal
2026-02-16 22:27:17.658095,Dubai-e72b,-15,56,Normal
2026-02-16 22:27:18.658095,Dubai-e72b,-25,32,Normal
2026-02-16 22:27:19.658095,Dubai-e72b,-3,20,Normal
2026-02-16 22:27:20.658095,Dubai-e72b,23,89,Normal
2026-02-16 22:27:21.658095,Dubai-e72b,-4,4,Normal
2026-02-16 22:27:22.658095,Dubai-e72b,13,97,Normal
2026-02-16 22:27:23.658095,Dubai-e72b,19,30,Normal
2026-02-16 22:27:24.658095,Dubai-e72b,12,35,Normal
2026-02-16 22:27:25.658095,Dubai-e72b,26,24,Normal
2026-02-16 22:27:26.658095,Dubai-e72b,-8,10,Normal
2026-02-16 22:27:27.658095,Dubai-e72b,48,40,Normal
2026-02-16 22:27:28.658095,Dubai-e72b,19,1,Normal
2026-02-16 22:27:29.658095,Dubai-e72b,25,21,Normal
2026-02-16 22:27:30.658095,Dubai-e72b,4,24,Normal
2026-02-16 22:27:31.658095,Dubai-e72b,2,58,Normal
2026-02-16 22:27:32.658095,Dubai-e72b,-4,85,Normal
2026-02-16 22:27:33.658095,Dubai-e72b,-20,59,Normal
2026-02-16 22:27:34.658095,Dubai-e72b,44,10,Normal
2026-02-16 22:27:35.658095,Dubai-e72b,50,54,Normal
2026-02-16 22:27:36.658095,Dubai-e72b,3,13,Normal
2026-02-16 22:27:37.658095,Dubai-e72b,5,70,Normal
2026-02-16 22:27:38.658095,Dubai-e72b,22,6,Normal
2026-02-16 22:27:39.658095,Dubai-e72b,48,3,Normal
2026-02-16 22:27:40.658095,Dubai-e72b,37,5,Normal
2026-02-16 22:27:41.658095,Dubai-e72b,28,18,Normal
2026-02-16 22:27:42.658095,Dubai-e72b,14,22,Normal
2026-02-16 22:27:43.658095,Dubai-e72b,18,12,Normal
2026-02-16 22:27:44.658095,Dubai-e72b,17,73,Normal
2026-02-16 22:27:45.658095,Dubai-e72b,38,32,Normal
2026-02-16 22:27:46.658095,Dubai-e72b,-24,9,Normal
2026-02-16 22:27:47.658095,Dubai-e72b,50,79,Normal
2026-02-16 22:27:48.658095,Dubai-e72b,18,46,Normal
2026-02-16 22:27:49.658095,Dubai-e72b,6,30,Normal
2026-02-16 22:27:50.658095,Dubai-e72b,49,63,Normal
2026-02-16 22:27:51.658095,Dubai-e72b,-23,90,Normal
2026-02-16 22:27:52.658095,Dubai-e72b,-30,5,Normal
2026-02-16 22:27:53.658095,Dubai-e72b,24,68,Normal
2026-02-16 22:27:54.658095,Dubai-e72b,7,66,Normal
2026-02-16 22:27:55.658095,Dubai-e72b,7,50,Normal
2026-02-16 22:27:56.658095,Dubai-e72b,47,82,Normal
2026-02-16 22:27:57.658095,Dubai-e72b,9,76,Normal
2026-02-16 22:27:58.658095,Dubai-e72b,-12,92,Normal
2026-02-16 22:27:59.658095,Dubai-e72b,43,85,Normal
2026-02-16 22:28:00.658095,Dubai-e72b,25,6,Normal
2026-02-16 22:28:01.658095,Dubai-e72b,-23,1,Normal
2026-02-16 22:28:02.658095,Dubai-e72b,-22,54,Normal
2026-02-16 22:28:03.658095,Dubai-e72b,21,17,Normal
2026-02-16 22:28:04.658095,Dubai-e72b,9,55,Normal
2026-02-16 22:28:05.658095,Dubai-e72b,43,63,Normal
2026-02-16 22:28:06.658095,Dubai-e72b,-15,97,Normal
2026-02-16 22:28:07.658095,Dubai-e72b,-24,33,Normal
2026-02-16 22:28:08.658095,Dubai-e72b,-28,53,Normal
2026-02-16 22:28:09.658095,Dubai-e72b,-3,42,Normal
2026-02-16 22:28:10.658095,Dubai-e72b,19,4,Normal
2026-02-16 22:28:11.658095,Dubai-e72b,50,3,Normal
2026-02-16 22:28:12.658095,Dubai-e72b,43,79,Normal
2026-02-16 22:28:13.658095,Dubai-e72b,-20,24,Normal
2026-02-16 22:28:14.658095,Dubai-e72b,18,50,Normal
2026-02-16 22:28:15.658095,Dubai-e72b,-14,51,Normal
2026-02-16 22:28:16.658095,Dubai-e72b,44,16,Normal
2026-02-16 22:28:17.658095,Dubai-e72b,15,40,Normal
2026-02-16 22:28:18.658095,Dubai-e72b,28,72,Normal
2026-02-16 22:28:19.658095,Dubai-e72b,2,2,Normal
2026-02-16 22:28:20.658095,Dubai-e72b,-17,84,Normal
2026-02-16 22:28:21.658095,Dubai-e72b,-10,33,Normal
2026-02-16 22:28:22.658095,Dubai-e72b,6,16,Normal
2026-02-16 22:28:23.658095,Dubai-e72b,1,3,Normal
2026-02-16 22:28:24.658095,Dubai-e72b,-19,89,Normal
2026-02-16 22:28:25.658095,Dubai-e72b,5,9,Normal
2026-02-16 22:28:26.658095,Dubai-e72b,48,17,Normal
2026-02-16 22:28:27.658095,Dubai-e72b,-29,23,Normal
2026-02-16 22:28:28.658095,Dubai-e72b,-25,31,Normal
2026-02-16 22:28:29.658095,Dubai-e72b,-20,78,Normal
2026-02-16 22:28:30.658095,Dubai-e72b,-8,15,Normal
2026-02-16 22:28:31.658095,Dubai-e72b,38,60,Normal
2026-02-16 22:28:32.658095,Dubai-e72b,41,48,Normal
2026-02-16 22:28:33.658095,Dubai-e72b,39,14,Normal
2026-02-16 22:28:34.658095,Dubai-e72b,-18,64,Normal
2026-02-16 22:28:35.658095,Dubai-e72b,-12,36,Normal
2026-02-16 22:28:36.658095,Dubai-e72b,34,51,Normal
2026-02-16 22:28:37.658095,Dubai-e72b,37,7,Normal
2026-02-16 22:28:38.658095,Dubai-e72b,47,13,Normal
2026-02-16 22:28:39.658095,Dubai-e72b,-9,52,Normal
2026-02-16 22:28:40.658095,Dubai-e72b,28,43,Normal
2026-02-16 22:28:41.658095,Dubai-e72b,47,99,Normal
2026-02-16 22:28:42.658095,Dubai-e72b,-26,56,Normal
2026-02-16 22:28:43.658095,Dubai-e72b,20,63,Normal
2026-02-16 22:28:44.658095,Dubai-e72b,-16,36,Normal
2026-02-16 22:28:45.658095,Dubai-e72b,20,16,Normal
2026-02-16 22:28:46.658095,Dubai-e72b,-6,5,Normal
2026-02-16 22:28:47.658095,Dubai-e72b,42,42,Normal
2026-02-16 22:28:48.658095,Dubai-e72b,8,40,Normal
2026-02-16 22:28:49.658095,Dubai-e72b,-2,52,Normal
2026-02-16 22:28:50.658095,Dubai-e72b,39,90,Normal
2026-02-16 22:28:51.658095,Dubai-e72b,-6,13,Normal
2026-02-16 22:28:52.658095,Dubai-e72b,10,99,Normal
2026-02-16 22:28:53.658095,Dubai-e72b,-18,49,Normal
2026-02-16 22:28:54.658095,Dubai-e72b,50,92,Normal
2026-02-16 22:28:55.658095,Dubai-e72b,32,37,Normal
2026-02-16 22:28:56.658095,Dubai-e72b,4,79,Normal
2026-02-16 22:28:57.658095,Dubai-e72b,45,99,Normal
2026-02-16 22:28:58.658095,Dubai-e72b,-18,92,Normal
2026-02-16 22:28:59.658095,Dubai-e72b,47,69,Normal
2026-02-16 22:29:00.658095,Dubai-e72b,23,51,Normal
2026-02-16 22:29:01.658095,Dubai-e72b,3,32,Normal
2026-02-16 22:29:02.658095,Dubai-e72b,-9,58,Normal
2026-02-16 22:29:03.658095,Dubai-e72b,49,41,Normal
2026-02-16 22:29:04.658095,Dubai-e72b,30,26,Normal
2026-02-16 22:29:05.658095,Dubai-e72b,32,51,Normal
2026-02-16 22:29:06.658095,Dubai-e72b,-1,38,Normal
2026-02-16 22:29:07.658095,Dubai-e72b,-21,90,Normal
2026-02-16 22:29:08.658095,Dubai-e72b,-7,32,Normal
2026-02-16 22:29:09.658095,Dubai-e72b,28,12,Normal
2026-02-16 22:29:10.658095,Dubai-e72b,39,87,Normal
2026-02-16 22:29:11.658095,Dubai-e72b,23,20,Normal
2026-02-16 22:29:12.658095,Dubai-e72b,10,94,Normal
2026-02-16 22:29:13.658095,Dubai-e72b,29,23,Normal
2026-02-16 22:29:14.658095,Dubai-e72b,31,81,Normal
2026-02-16 22:29:15.658095,Dubai-e72b,23,54,Normal
2026-02-16 22:29:16.658095,Dubai-e72b,33,40,Normal
2026-02-16 22:29:17.658095,Dubai-e72b,-14,95,Normal
2026-02-16 22:29:18.658095,Dubai-e72b,48,1,Normal
2026-02-16 22:29:19.658095,Dubai-e72b,35,20,Normal
2026-02-16 22:29:20.658095,Dubai-e72b,2,65,Normal
2026-02-16 22:29:21.658095,Dubai-e72b,18,51,Normal
2026-02-16 22:29:22.658095,Dubai-e72b,-23,25,Normal
2026-02-16 22:29:23.658095,Dubai-e72b,-9,68,Normal
2026-02-16 22:29:24.658095,Dubai-e72b,50,72,Normal
2026-02-16 22:29:25.658095,Dubai-e72b,-3,44,Normal
2026-02-16 22:29:26.658095,Dubai-e72b,-4,72,Normal
2026-02-16 22:29:27.658095,Dubai-e72b,13,2,Normal
2026-02-16 22:29:28.658095,Dubai-e72b,3,4,Normal
2026-02-16 22:29:29.658095,Dubai-e72b,40,24,Normal
2026-02-16 22:29:30.658095,Dubai-e72b,-16,39,Normal
2026-02-16 22:29:31.658095,Dubai-e72b,-25,48,Normal
2026-02-16 22:29:32.658095,Dubai-e72b,-9,60,Normal
2026-02-16 22:29:33.658095,Dubai-e72b,-13,29,Normal
2026-02-16 22:29:34.658095,Dubai-e72b,-8,90,Normal
2026-02-16 22:29:35.658095,Dubai-e72b,-22,4,Normal
2026-02-16 22:29:36.658095,Dubai-e72b,34,12,Normal
2026-02-16 22:29:37.658095,Dubai-e72b,23,28,Normal
2026-02-16 22:29:38.658095,Dubai-e72b,31,30,Normal
2026-02-16 22:29:39.658095,Dubai-e72b,-6,27,Normal
2026-02-16 22:29:40.658095,Dubai-e72b,-14,61,Normal
2026-02-16 22:29:41.658095,Dubai-e72b,6,59,Normal
2026-02-16 22:29:42.658095,Dubai-e72b,5,80,Normal
2026-02-16 22:29:43.658095,Dubai-e72b,-29,51,Normal
2026-02-16 22:29:44.658095,Dubai-e72b,28,34,Normal
2026-02-16 22:29:45.658095,Dubai-e72b,32,19,Normal
2026-02-16 22:29:46.658095,Dubai-e72b,-30,14,Normal
2026-02-16 22:29:47.658095,Dubai-e72b,-18,18,Normal
2026-02-16 22:29:48.658095,Dubai-e72b,22,35,Normal
2026-02-16 22:29:49.658095,Dubai-e72b,38,90,Normal
2026-02-16 22:29:50.658095,Dubai-e72b,-21,10,Normal
2026-02-16 22:29:51.658095,Dubai-e72b,32,24,Normal
2026-02-16 22:29:52.658095,Dubai-e72b,12,42,Normal
2026-02-16 22:29:53.658095,Dubai-e72b,50,9,Normal
2026-02-16 22:29:54.658095,Dubai-e72b,-20,91,Normal
2026-02-16 22:29:55.658095,Dubai-e72b,25,77,Normal
2026-02-16 22:29:56.658095,Dubai-e72b,43,78,Normal
2026-02-16 22:29:57.658095,Dubai-e72b,31,15,Normal
2026-02-16 22:29:58.658095,Dubai-e72b,14,73,Normal
2026-02-16 22:29:59.658095,Dubai-e72b,-13,56,Normal
2026-02-16 22:30:00.658095,Dubai-e72b,39,85,Normal
2026-02-16 22:30:01.658095,Dubai-e72b,32,15,Normal
2026-02-16 22:30:02.658095,Dubai-e72b,-2,100,Normal
2026-02-16 22:30:03.658095,Dubai-e72b,25,60,Normal
2026-02-16 22:30:04.658095,Dubai-e72b,13,92,Normal
2026-02-16 22:30:05.658095,Dubai-e72b,-28,65,Normal
2026-02-16 22:30:06.658095,Dubai-e72b,-26,48,Normal
2026-02-16 22:30:07.658095,Dubai-e72b,-28,46,Normal
2026-02-16 22:30:08.658095,Dubai-e72b,-24,90,Normal
2026-02-16 22:30:09.658095,Dubai-e72b,-22,73,Normal
2026-02-16 22:30:10.658095,Dubai-e72b,25,75,Normal
2026-02-16 22:30:11.658095,Dubai-e72b,6,52,Normal
2026-02-16 22:30:12.658095,Dubai-e72b,11,14,Normal
2026-02-16 22:30:13.658095,Dubai-e72b,-24,39,Normal
2026-02-16 22:30:14.658095,Dubai-e72b,49,88,Normal
2026-02-16 22:30:15.658095,Dubai-e72b,-21,25,Normal
2026-02-16 22:30:16.658095,Dubai-e72b,27,49,Normal
2026-02-16 22:30:17.658095,Dubai-e72b,-13,32,Normal
2026-02-16 22:30:18.658095,Dubai-e72b,-13,3,Normal
2026-02-16 22:30:19.658095,Dubai-e72b,28,53,Normal
2026-02-16 22:30:20.658095,Dubai-e72b,39,93,Normal
2026-02-16 22:30:21.658095,Dubai-e72b,-5,2,Normal
2026-02-16 22:30:22.658095,Dubai-e72b,8,55,Normal
2026-02-16 22:30:23.658095,Dubai-e72b,-29,9,Normal
2026-02-16 22:30:24.658095,Dubai-e72b,7,68,Normal
2026-02-16 22:30:25.658095,Dubai-e72b,-18,85,Normal
2026-02-16 22:30:26.658095,Dubai-e72b,-24,68,Normal
2026-02-16 22:30:27.658095,Dubai-e72b,41,71,Normal
2026-02-16 22:30:28.658095,Dubai-e72b,-5,41,Normal
2026-02-16 22:30:29.658095,Dubai-e72b,25,69,Normal
2026-02-16 22:30:30.658095,Dubai-e72b,42,44,Normal
2026-02-16 22:30:31.658095,Dubai-e72b,-9,34,Normal
2026-02-16 22:30:32.658095,Dubai-e72b,3,25,Normal
2026-02-16 22:30:33.658095,Dubai-e72b,15,31,Normal
2026-02-16 22:30:34.658095,Dubai-e72b,41,73,Normal
2026-02-16 22:30:35.658095,Dubai-e72b,1,10,Normal
2026-02-16 22:30:36.658095,Dubai-e72b,19,61,Normal
2026-02-16 22:30:37.658095,Dubai-e72b,12,60,Normal
2026-02-16 22:30:38.658095,Dubai-e72b,-5,52,Normal
2026-02-16 22:30:39.658095,Dubai-e72b,3,80,Normal
2026-02-16 22:30:40.658095,Dubai-e72b,47,8,Normal
2026-02-16 22:30:41.658095,Dubai-e72b,32,95,Normal
2026-02-16 22:30:42.658095,Dubai-e72b,40,15,Normal
2026-02-16 22:30:43.658095,Dubai-e72b,-30,27,Normal
2026-02-16 22:30:44.658095,Dubai-e72b,-9,41,Normal
2026-02-16 22:30:45.658095,Dubai-e72b,-4,93,Normal
2026-02-16 22:30:46.658095,Dubai-e72b,-13,60,Normal
2026-02-16 22:30:47.658095,Dubai-e72b,23,66,Normal
2026-02-16 22:30:48.658095,Dubai-e72b,-7,32,Normal
2026-02-16 22:30:49.658095,Dubai-e72b,20,63,Normal
2026-02-16 22:30:50.658095,Dubai-e72b,2,78,Normal
2026-02-16 22:30:51.658095,Dubai-e72b,14,98,Normal
2026-02-16 22:30:52.658095,Dubai-e72b,30,88,Normal
2026-02-16 22:30:53.658095,Dubai-e72b,-12,42,Normal
2026-02-16 22:30:54.658095,Dubai-e72b,48,12,Normal
2026-02-16 22:30:55.658095,Dubai-e72b,45,50,Normal
2026-02-16 22:30:56.658095,Dubai-e72b,37,25,Normal
2026-02-16 22:30:57.658095,Dubai-e72b,9,51,Normal
2026-02-16 22:30:58.658095,Dubai-e72b,-17,34,Normal
2026-02-16 22:30:59.658095,Dubai-e72b,-8,43,Normal
2026-02-16 22:31:00.658095,Dubai-e72b,-2,42,Normal
2026-02-16 22:31:01.658095,Dubai-e72b,35,28,Normal
2026-02-16 22:31:02.658095,Dubai-e72b,39,96,Normal
2026-02-16 22:31:03.658095,Dubai-e72b,47,11,Normal
2026-02-16 22:31:04.658095,Dubai-e72b,5,75,Normal
2026-02-16 22:31:05.658095,Dubai-e72b,-19,42,Normal
2026-02-16 22:31:06.658095,Dubai-e72b,-16,19,Normal
2026-02-16 22:31:07.658095,Dubai-e72b,45,32,Normal
2026-02-16 22:31:08.658095,Dubai-e72b,-6,61,Normal
2026-02-16 22:31:09.658095,Dubai-e72b,-30,20,Normal
2026-02-16 22:31:10.658095,Dubai-e72b,-6,76,Normal
2026-02-16 22:31:11.658095,Dubai-e72b,31,75,Normal
2026-02-16 22:31:12.658095,Dubai-e72b,-30,65,Normal
2026-02-16 22:31:13.658095,Dubai-e72b,15,62,Normal
2026-02-16 22:31:14.658095,Dubai-e72b,-25,12,Normal
2026-02-16 22:31:15.658095,Dubai-e72b,17,33,Normal
2026-02-16 22:31:16.658095,Dubai-e72b,17,26,Normal
2026-02-16 22:31:17.658095,Dubai-e72b,20,95,Normal
2026-02-16 22:31:18.658095,Dubai-e72b,41,89,Normal
2026-02-16 22:31:19.658095,Dubai-e72b,3,17,Normal
2026-02-16 22:31:20.658095,Dubai-e72b,-4,62,Normal
2026-02-16 22:31:21.658095,Dubai-e72b,-3,36,Normal
2026-02-16 22:31:22.658095,Dubai-e72b,8,42,Normal
2026-02-16 22:31:23.658095,Dubai-e72b,-3,24,Normal
2026-02-16 22:31:24.658095,Dubai-e72b,19,76,Normal
2026-02-16 22:31:25.658095,Dubai-e72b,7,55,Normal
2026-02-16 22:31:26.658095,Dubai-e72b,-1,14,Normal
2026-02-16 22:31:27.658095,Dubai-e72b,25,5,Normal
2026-02-16 22:31:28.658095,Dubai-e72b,42,56,Normal
2026-02-16 22:31:29.658095,Dubai-e72b,34,32,Normal
2026-02-16 22:31:30.658095,Dubai-e72b,49,32,Normal
2026-02-16 22:31:31.658095,Dubai-e72b,-4,18,Normal
2026-02-16 22:31:32.658095,Dubai-e72b,-23,86,Normal
2026-02-16 22:31:33.658095,Dubai-e72b,-21,50,Normal
2026-02-16 22:31:34.658095,Dubai-e72b,42,49,Normal
2026-02-16 22:31:35.658095,Dubai-e72b,49,51,Normal
2026-02-16 22:31:36.658095,Dubai-e72b,-14,18,Normal
2026-02-16 22:31:37.658095,Dubai-e72b,-5,90,Normal
2026-02-16 22:31:38.658095,Dubai-e72b,-24,45,Normal
2026-02-16 22:31:39.658095,Dubai-e72b,6,27,Normal
2026-02-16 22:31:40.658095,Dubai-e72b,2,49,Normal
2026-02-16 22:31:41.658095,Dubai-e72b,-19,81,Normal
2026-02-16 22:31:42.658095,Dubai-e72b,-23,57,Normal
2026-02-16 22:31:43.658095,Dubai-e72b,7,42,Normal
2026-02-16 22:31:44.658095,Dubai-e72b,-11,72,Normal
2026-02-16 22:31:45.658095,Dubai-e72b,13,88,Normal
2026-02-16 22:31:46.658095,Dubai-e72b,-30,37,Normal
2026-02-16 22:31:47.658095,Dubai-e72b,18,68,Normal
2026-02-16 22:31:48.658095,Dubai-e72b,-9,86,Normal
2026-02-16 22:31:49.658095,Dubai-e72b,24,79,Normal
2026-02-16 22:31:50.658095,Dubai-e72b,47,78,Normal
2026-02-16 22:31:51.658095,Dubai-e72b,19,69,Normal
2026-02-16 22:31:52.658095,Dubai-e72b,-27,39,Normal
2026-02-16 22:31:53.658095,Dubai-e72b,-1,83,Normal
2026-02-16 22:31:54.658095,Dubai-e72b,4,43,Normal
2026-02-16 22:31:55.658095,Dubai-e72b,7,79,Normal
2026-02-16 22:31:56.658095,Dubai-e72b,-23,37,Normal
2026-02-16 22:31:57.658095,Dubai-e72b,34,86,Normal
2026-02-16 22:31:58.658095,Dubai-e72b,-8,40,Normal
2026-02-16 22:31:59.658095,Dubai-e72b,-23,14,Normal
2026-02-16 22:32:00.658095,Dubai-e72b,43,20,Normal
2026-02-16 22:32:01.658095,Dubai-e72b,-8,39,Normal
2026-02-16 22:32:02.658095,Dubai-e72b,-18,47,Normal
2026-02-16 22:32:03.658095,Dubai-e72b,27,78,Normal
2026-02-16 22:32:04.658095,Dubai-e72b,-2,90,Normal
2026-02-16 22:32:05.658095,Dubai-e72b,47,1,Normal
2026-02-16 22:32:06.658095,Dubai-e72b,35,44,Normal
2026-02-16 22:32:07.658095,Dubai-e72b,-21,97,Normal
2026-02-16 22:32:08.658095,Dubai-e72b,-18,5,Normal
2026-02-16 22:32:09.658095,Dubai-e72b,42,22,Normal
2026-02-16 22:32:10.658095,Dubai-e72b,-30,96,Normal
2026-02-16 22:32:11.658095,Dubai-e72b,-14,42,Normal
2026-02-16 22:32:12.658095,Dubai-e72b,-6,100,Normal
2026-02-16 22:32:13.658095,Dubai-e72b,40,42,Normal
2026-02-16 22:32:14.658095,Dubai-e72b,48,50,Normal
2026-02-16 22:32:15.658095,Dubai-e72b,9,76,Normal
2026-02-16 22:32:16.658095,Dubai-e72b,25,65,Normal
2026-02-16 22:32:17.658095,Dubai-e72b,2,0,Normal
2026-02-16 22:32:18.658095,Dubai-e72b,36,16,Normal
2026-02-16 22:32:19.658095,Dubai-e72b,-30,2,Normal
2026-02-16 22:32:20.658095,Dubai-e72b,-14,24,Normal
2026-02-16 22:32:21.658095,Dubai-e72b,21,97,Normal
2026-02-16 22:32:22.658095,Dubai-e72b,29,5,Normal
2026-02-16 22:32:23.658095,Dubai-e72b,-15,76,Normal
2026-02-16 22:32:24.658095,Dubai-e72b,40,23,Normal
2026-02-16 22:32:25.658095,Dubai-e72b,20,83,Normal
2026-02-16 22:32:26.658095,Dubai-e72b,-23,86,Normal
2026-02-16 22:32:27.658095,Dubai-e72b,26,25,Normal
2026-02-16 22:32:28.658095,Dubai-e72b,47,10,Normal
2026-02-16 22:32:29.658095,Dubai-e72b,-3,43,Normal
2026-02-16 22:32:30.658095,Dubai-e72b,35,94,Normal
2026-02-16 22:32:31.658095,Dubai-e72b,-3,51,Normal
2026-02-16 22:32:32.658095,Dubai-e72b,-20,25,Normal
2026-02-16 22:32:33.658095,Dubai-e72b,29,34,Normal
2026-02-16 22:32:34.658095,Dubai-e72b,19,28,Normal
2026-02-16 22:32:35.658095,Dubai-e72b,34,79,Normal
2026-02-16 22:32:36.658095,Dubai-e72b,29,60,Normal
2026-02-16 22:32:37.658095,Dubai-e72b,25,47,Normal
2026-02-16 22:32:38.658095,Dubai-e72b,-24,92,Normal
2026-02-16 22:32:39.658095,Dubai-e72b,28,85,Normal
2026-02-16 22:32:40.658095,Dubai-e72b,-11,32,Normal
2026-02-16 22:32:41.658095,Dubai-e72b,26,72,Normal
2026-02-16 22:32:42.658095,Dubai-e72b,-1,39,Normal
2026-02-16 22:32:43.658095,Dubai-e72b,-11,9,Normal
2026-02-16 22:32:44.658095,Dubai-e72b,-24,79,Normal
2026-02-16 22:32:45.658095,Dubai-e72b,-26,79,Normal
2026-02-16 22:32:46.658095,Dubai-e72b,32,61,Normal
2026-02-16 22:32:47.658095,Dubai-e72b,-30,100,Normal
2026-02-16 22:32:48.658095,Dubai-e72b,30,8,Normal
2026-02-16 22:32:49.658095,Dubai-e72b,30,25,Normal
2026-02-16 22:32:50.658095,Dubai-e72b,27,84,Normal
2026-02-16 22:32:51.658095,Dubai-e72b,40,86,Normal
2026-02-16 22:32:52.658095,Dubai-e72b,43,78,Normal
2026-02-16 22:32:53.658095,Dubai-e72b,39,59,Normal
2026-02-16 22:32:54.658095,Dubai-e72b,15,53,Normal
2026-02-16 22:32:55.658095,Dubai-e72b,-25,39,Normal
2026-02-16 22:32:56.658095,Dubai-e72b,-13,33,Normal
2026-02-16 22:32:57.658095,Dubai-e72b,13,14,Normal
2026-02-16 22:32:58.658095,Dubai-e72b,8,74,Normal
2026-02-16 22:32:59.658095,Dubai-e72b,47,86,Normal
2026-02-16 22:33:00.658095,Dubai-e72b,-25,98,Normal
2026-02-16 22:33:01.658095,Dubai-e72b,19,52,Normal
2026-02-16 22:33:02.658095,Dubai-e72b,8,31,Normal
2026-02-16 22:33:03.658095,Dubai-e72b,26,2,Normal
2026-02-16 22:33:04.658095,Dubai-e72b,-7,32,Normal
2026-02-16 22:33:05.658095,Dubai-e72b,3,57,Normal
2026-02-16 22:33:06.658095,Dubai-e72b,-28,81,Normal
2026-02-16 22:33:07.658095,Dubai-e72b,26,17,Normal
2026-02-16 22:33:08.658095,Dubai-e72b,-19,10,Normal
2026-02-16 22:33:09.658095,Dubai-e72b,11,45,Normal
2026-02-16 22:33:10.658095,Dubai-e72b,49,46,Normal
2026-02-16 22:33:11.658095,Dubai-e72b,-8,99,Normal
2026-02-16 22:33:12.658095,Dubai-e72b,-8,13,Normal
2026-02-16 22:33:13.658095,Dubai-e72b,18,93,Normal
2026-02-16 22:33:14.658095,Dubai-e72b,-29,23,Normal
2026-02-16 22:33:15.658095,Dubai-e72b,41,36,Normal
2026-02-16 22:33:16.658095,Dubai-e72b,17,38,Normal
2026-02-16 22:33:17.658095,Dubai-e72b,40,52,Normal
2026-02-16 22:33:18.658095,Dubai-e72b,18,72,Normal
2026-02-16 22:33:19.658095,Dubai-e72b,25,82,Normal
2026-02-16 22:33:20.658095,Dubai-e72b,-12,12,Normal
2026-02-16 22:33:21.658095,Dubai-e72b,35,63,Normal
2026-02-16 22:33:22.658095,Dubai-e72b,-22,7,Normal
2026-02-16 22:33:23.658095,Dubai-e72b,44,34,Normal
2026-02-16 22:33:24.658095,Dubai-e72b,42,2,Normal
2026-02-16 22:33:25.658095,Dubai-e72b,26,94,Normal
2026-02-16 22:33:26.658095,Dubai-e72b,16,30,Normal
2026-02-16 22:33:27.658095,Dubai-e72b,29,49,Normal
2026-02-16 22:33:28.658095,Dubai-e72b,-15,84,Normal
2026-02-16 22:33:29.658095,Dubai-e72b,32,39,Normal
