timestamp,station_id,temp,humid,condition
2026-02-15 16:24:05.089244,Berlin-1be2,33,7,Normal
2026-02-15 16:24:06.089244,Berlin-1be2,-30,23,Normal
2026-02-15 16:24:07.089244,Berlin-1be2,-28,99,Normal
2026-02-15 16:24:08.089244,Berlin-1be2,-29,9,Normal
2026-02-15 16:24:09.089244,Berlin-1be2,7,5,Normal
2026-02-15 16:24:10.089244,Berlin-1be2,-20,49,Normal
2026-02-15 16:24:11.089244,Berlin-1be2,-19,18,Normal
2026-02-15 16:24:12.089244,Berlin-1be2,-14,100,Normal
2026-02-15 16:24:13.089244,Berlin-1be2,-3,72,Normal
2026-02-15 16:24:14.089244,Berlin-1be2,41,12,Normal
2026-02-15 16:24:15.089244,Berlin-1be2,48,70,Normal
2026-02-15 16:24:16.089244,Berlin-1be2,-20,9,Normal
2026-02-15 16:24:17.089244,Berlin-1be2,-26,27,Normal
2026-02-15 16:24:18.089244,Berlin-1be2,6,18,Normal
2026-02-15 16:24:19.089244,Berlin-1be2,-9,61,Normal
2026-02-15 16:24:20.089244,Berlin-1be2,-17,70,Normal
2026-02-15 16:24:21.089244,Berlin-1be2,48,6,Normal
2026-02-15 16:24:22.089244,Berlin-1be2,-2,90,Normal
2026-02-15 16:24:23.089244,Berlin-1be2,9,58,Normal
2026-02-15 16:24:24.089244,Berlin-1be2,34,100,Normal
2026-02-15 16:24:25.089244,Berlin-1be2,20,37,Normal
2026-02-15 16:24:26.089244,Berlin-1be2,32,68,Normal
2026-02-15 16:24:27.089244,Berlin-1be2,25,58,Normal
2026-02-15 16:24:28.089244,Berlin-1be2,21,90,Normal
2026-02-15 16:24:29.089244,Berlin-1be2,43,39,Normal
2026-02-15 16:24:30.089244,Berlin-1be2,33,87,Normal
2026-02-15 16:24:31.089244,Berlin-1be2,21,77,Normal
2026-02-15 16:24:32.089244,Berlin-1be2,21,26,Normal
2026-02-15 16:24:33.089244,Berlin-1be2,18,97,Normal
2026-02-15 16:24:34.089244,Berlin-1be2,23,66,Normal
2026-02-15 16:24:35.089244,Berlin-1be2,24,88,Normal
2026-02-15 16:24:36.089244,Berlin-1be2,30,60,Normal
2026-02-15 16:24:37.089244,Berlin-1be2,-17,72,Normal
2026-02-15 16:24:38.089244,Berlin-1be2,38,88,Normal
2026-02-15 16:24:39.089244,Berlin-1be2,39,79,Normal
2026-02-15 16:24:40.089244,Berlin-1be2,45,38,Normal
2026-02-15 16:24:41.089244,Berlin-1be2,0,17,Normal
2026-02-15 16:24:42.089244,Berlin-1be2,0,93,Normal
2026-02-15 16:24:43.089244,Berlin-1be2,3,58,Normal
2026-02-15 16:24:44.089244,Berlin-1be2,42,12,Normal
2026-02-15 16:24:45.089244,Berlin-1be2,-6,22,Normal
2026-02-15 16:24:46.089244,Berlin-1be2,16,59,Normal
2026-02-15 16:24:47.089244,Berlin-1be2,43,26,Normal
2026-02-15 16:24:48.089244,Berlin-1be2,-19,42,Normal
2026-02-15 16:24:49.089244,Berlin-1be2,-14,58,Normal
2026-02-15 16:24:50.089244,Berlin-1be2,14,19,Normal
2026-02-15 16:24:51.089244,Berlin-1be2,29,94,Normal
2026-02-15 16:24:52.089244,Berlin-1be2,24,69,Normal
2026-02-15 16:24:53.089244,Berlin-1be2,-20,16,Normal
2026-02-15 16:24:54.089244,Berlin-1be2,41,2,Normal
2026-02-15 16:24:55.089244,Berlin-1be2,-30,82,Normal
2026-02-15 16:24:56.089244,Berlin-1be2,33,36,Normal
2026-02-15 16:24:57.089244,Berlin-1be2,39,42,Normal
2026-02-15 16:24:58.089244,Berlin-1be2,-4,35,Normal
2026-02-15 16:24:59.089244,Berlin-1be2,25,65,Normal
2026-02-15 16:25:00.089244,Berlin-1be2,47,47,Normal
2026-02-15 16:25:01.089244,Berlin-1be2,50,75,Normal
2026-02-15 16:25:02.089244,Berlin-1be2,37,78,Normal
2026-02-15 16:25:03.089244,Berlin-1be2,10,49,Normal
2026-02-15 16:25:04.089244,Berlin-1be2,-10,47,Normal
2026-02-15 16:25:05.089244,Berlin-1be2,-24,28,Normal
2026-02-15 16:25:06.089244,Berlin-1be2,2,18,Normal
2026-02-15 16:25:07.089244,Berlin-1be2,-10,94,Normal
2026-02-15 16:25:08.089244,Berlin-1be2,21,6,Normal
2026-02-15 16:25:09.089244,Berlin-1be2,35,42,Normal
2026-02-15 16:25:10.089244,Berlin-1be2,-3,16,Normal
2026-02-15 16:25:11.089244,Berlin-1be2,-20,70,Normal
2026-02-15 16:25:12.089244,Berlin-1be2,-29,57,Normal
2026-02-15 16:25:13.089244,Berlin-1be2,7,4,Normal
2026-02-15 16:25:14.089244,Berlin-1be2,17,64,Normal
2026-02-15 16:25:15.089244,Berlin-1be2,-12,18,Normal
2026-02-15 16:25:16.089244,Berlin-1be2,9,69,Normal
2026-02-15 16:25:17.089244,Berlin-1be2,-2,38,Normal
2026-02-15 16:25:18.089244,Berlin-1be2,-30,91,Normal
2026-02-15 16:25:19.089244,Berlin-1be2,6,70,Normal
2026-02-15 16:25:20.089244,Berlin-1be2,-20,99,Normal
2026-02-15 16:25:21.089244,Berlin-1be2,-1,68,Normal
2026-02-15 16:25:22.089244,Berlin-1be2,7,27,Normal
2026-02-15 16:25:23.089244,Berlin-1be2,23,97,Normal
2026-02-15 16:25:24.089244,Berlin-1be2,4,57,Normal
2026-02-15 16:25:25.089244,Berlin-1be2,-11,39,Normal
2026-02-15 16:25:26.089244,Berlin-1be2,33,42,Normal
2026-02-15 16:25:27.089244,Berlin-1be2,-8,3,Normal
2026-02-15 16:25:28.089244,Berlin-1be2,-29,38,Normal
2026-02-15 16:25:29.089244,Berlin-1be2,18,43,Normal
2026-02-15 16:25:30.089244,Berlin-1be2,27,87,Normal
2026-02-15 16:25:31.089244,Berlin-1be2,47,52,Normal
2026-02-15 16:25:32.089244,Berlin-1be2,-1,99,Normal
2026-02-15 16:25:33.089244,Berlin-1be2,-7,33,Normal
2026-02-15 16:25:34.089244,Berlin-1be2,24,83,Normal
2026-02-15 16:25:35.089244,Berlin-1be2,-26,38,Normal
2026-02-15 16:25:36.089244,Berlin-1be2,-13,90,Normal
2026-02-15 16:25:37.089244,Berlin-1be2,-4,60,Normal
2026-02-15 16:25:38.089244,Berlin-1be2,-2,2,Normal
2026-02-15 16:25:39.089244,Berlin-1be2,-24,62,Normal
2026-02-15 16:25:40.089244,Berlin-1be2,41,72,Normal
2026-02-15 16:25:41.089244,Berlin-1be2,24,78,Normal
2026-02-15 16:25:42.089244,Berlin-1be2,35,65,Normal
2026-02-15 16:25:43.089244,Berlin-1be2,-29,14,Normal
2026-02-15 16:25:44.089244,Berlin-1be2,17,21,Normal
2026-02-15 16:25:45.089244,Berlin-1be2,-4,37,Normal
2026-02-15 16:25:46.089244,Berlin-1be2,-25,43,Normal
2026-02-15 16:25:47.089244,Berlin-1be2,36,8,Normal
2026-02-15 16:25:48.089244,Berlin-1be2,12,98,Normal
2026-02-15 16:25:49.089244,Berlin-1be2,-2,9,Normal
2026-02-15 16:25:50.089244,Berlin-1be2,50,50,Normal
2026-02-15 16:25:51.089244,Berlin-1be2,13,55,Normal
2026-02-15 16:25:52.089244,Berlin-1be2,25,31,Normal
2026-02-15 16:25:53.089244,Berlin-1be2,46,82,Normal
2026-02-15 16:25:54.089244,Berlin-1be2,37,0,Normal
2026-02-15 16:25:55.089244,Berlin-1be2,37,79,Normal
2026-02-15 16:25:56.089244,Berlin-1be2,-25,53,Normal
2026-02-15 16:25:57.089244,Berlin-1be2,37,96,Normal
2026-02-15 16:25:58.089244,Berlin-1be2,4,10,Normal
2026-02-15 16:25:59.089244,Berlin-1be2,34,4,Normal
2026-02-15 16:26:00.089244,Berlin-1be2,-3,48,Normal
2026-02-15 16:26:01.089244,Berlin-1be2,-20,3,Normal
2026-02-15 16:26:02.089244,Berlin-1be2,-8,60,Normal
2026-02-15 16:26:03.089244,Berlin-1be2,-10,28,Normal
2026-02-15 16:26:04.089244,Berlin-1be2,34,67,Normal
2026-02-15 16:26:05.089244,Berlin-1be2,-9,48,Normal
2026-02-15 16:26:06.089244,Berlin-1be2,-20,49,Normal
2026-02-15 16:26:07.089244,Berlin-1be2,-22,32,Normal
2026-02-15 16:26:08.089244,Berlin-1be2,48,26,Normal
2026-02-15 16:26:09.089244,Berlin-1be2,-25,53,Normal
2026-02-15 16:26:10.089244,Berlin-1be2,-4,83,Normal
2026-02-15 16:26:11.089244,Berlin-1be2,12,72,Normal
2026-02-15 16:26:12.089244,Berlin-1be2,49,57,Normal
2026-02-15 16:26:13.089244,Berlin-1be2,-30,33,Normal
2026-02-15 16:26:14.089244,Berlin-1be2,36,21,Normal
2026-02-15 16:26:15.089244,Berlin-1be2,15,41,Normal
2026-02-15 16:26:16.089244,Berlin-1be2,-30,9,Normal
2026-02-15 16:26:17.089244,Berlin-1be2,41,71,Normal
2026-02-15 16:26:18.089244,Berlin-1be2,-4,16,Normal
2026-02-15 16:26:19.089244,Berlin-1be2,20,71,Normal
2026-02-15 16:26:20.089244,Berlin-1be2,39,76,Normal
2026-02-15 16:26:21.089244,Berlin-1be2,32,73,Normal
2026-02-15 16:26:22.089244,Berlin-1be2,18,52,Normal
2026-02-15 16:26:23.089244,Berlin-1be2,-5,68,Normal
2026-02-15 16:26:24.089244,Berlin-1be2,21,85,Normal
2026-02-15 16:26:25.089244,Berlin-1be2,-21,80,Normal
2026-02-15 16:26:26.089244,Berlin-1be2,-6,74,Normal
2026-02-15 16:26:27.089244,Berlin-1be2,23,69,Normal
2026-02-15 16:26:28.089244,Berlin-1be2,39,39,Normal
2026-02-15 16:26:29.089244,Berlin-1be2,33,100,Normal
2026-02-15 16:26:30.089244,Berlin-1be2,47,77,Normal
2026-02-15 16:26:31.089244,Berlin-1be2,-7,45,Normal
2026-02-15 16:26:32.089244,Berlin-1be2,-12,71,Normal
2026-02-15 16:26:33.089244,Berlin-1be2,37,87,Normal
2026-02-15 16:26:34.089244,Berlin-1be2,-15,40,Normal
2026-02-15 16:26:35.089244,Berlin-1be2,36,95,Normal
2026-02-15 16:26:36.089244,Berlin-1be2,3,79,Normal
2026-02-15 16:26:37.089244,Berlin-1be2,-29,95,Normal
2026-02-15 16:26:38.089244,Berlin-1be2,-6,10,Normal
2026-02-15 16:26:39.089244,Berlin-1be2,33,31,Normal
2026-02-15 16:26:40.089244,Berlin-1be2,-18,65,Normal
2026-02-15 16:26:41.089244,Berlin-1be2,38,25,Normal
2026-02-15 16:26:42.089244,Berlin-1be2,23,3,Normal
2026-02-15 16:26:43.089244,Berlin-1be2,7,53,Normal
2026-02-15 16:26:44.089244,Berlin-1be2,-14,19,Normal
2026-02-15 16:26:45.089244,Berlin-1be2,7,93,Normal
2026-02-15 16:26:46.089244,Berlin-1be2,22,85,Normal
2026-02-15 16:26:47.089244,Berlin-1be2,-11,89,Normal
2026-02-15 16:26:48.089244,Berlin-1be2,2,60,Normal
2026-02-15 16:26:49.089244,Berlin-1be2,-21,78,Normal
2026-02-15 16:26:50.089244,Berlin-1be2,-29,91,Normal
2026-02-15 16:26:51.089244,Berlin-1be2,-2,96,Normal
2026-02-15 16:26:52.089244,Berlin-1be2,-5,68,Normal
2026-02-15 16:26:53.089244,Berlin-1be2,20,79,Normal
2026-02-15 16:26:54.089244,Berlin-1be2,4,30,Normal
2026-02-15 16:26:55.089244,Berlin-1be2,26,10,Normal
2026-02-15 16:26:56.089244,Berlin-1be2,6,9,Normal
2026-02-15 16:26:57.089244,Berlin-1be2,24,90,Normal
2026-02-15 16:26:58.089244,Berlin-1be2,4,32,Normal
2026-02-15 16:26:59.089244,Berlin-1be2,8,73,Normal
2026-02-15 16:27:00.089244,Berlin-1be2,-25,54,Normal
2026-02-15 16:27:01.089244,Berlin-1be2,-13,94,Normal
2026-02-15 16:27:02.089244,Berlin-1be2,46,15,Normal
2026-02-15 16:27:03.089244,Berlin-1be2,9,18,Normal
2026-02-15 16:27:04.089244,Berlin-1be2,-8,78,Normal
2026-02-15 16:27:05.089244,Berlin-1be2,36,54,Normal
2026-02-15 16:27:06.089244,Berlin-1be2,-23,76,Normal
2026-02-15 16:27:07.089244,Berlin-1be2,45,37,Normal
2026-02-15 16:27:08.089244,Berlin-1be2,18,45,Normal
2026-02-15 16:27:09.089244,Berlin-1be2,10,86,Normal
2026-02-15 16:27:10.089244,Berlin-1be2,37,70,Normal
2026-02-15 16:27:11.089244,Berlin-1be2,49,92,Normal
2026-02-15 16:27:12.089244,Berlin-1be2,-14,79,Normal
2026-02-15 16:27:13.089244,Berlin-1be2,-16,60,Normal
2026-02-15 16:27:14.089244,Berlin-1be2,22,19,Normal
2026-02-15 16:27:15.089244,Berlin-1be2,9,54,Normal
2026-02-15 16:27:16.089244,Berlin-1be2,34,52,Normal
2026-02-15 16:27:17.089244,Berlin-1be2,36,99,Normal
2026-02-15 16:27:18.089244,Berlin-1be2,33,16,Normal
2026-02-15 16:27:19.089244,Berlin-1be2,-23,83,Normal
2026-02-15 16:27:20.089244,Berlin-1be2,11,5,Normal
2026-02-15 16:27:21.089244,Berlin-1be2,-23,1,Normal
2026-02-15 16:27:22.089244,Berlin-1be2,-5,14,Normal
2026-02-15 16:27:23.089244,Berlin-1be2,-5,93,Normal
2026-02-15 16:27:24.089244,Berlin-1be2,-6,63,Normal
2026-02-15 16:27:25.089244,Berlin-1be2,6,82,Normal
2026-02-15 16:27:26.089244,Berlin-1be2,37,39,Normal
2026-02-15 16:27:27.089244,Berlin-1be2,32,97,Normal
2026-02-15 16:27:28.089244,Berlin-1be2,23,48,Normal
2026-02-15 16:27:29.089244,Berlin-1be2,-27,9,Normal
2026-02-15 16:27:30.089244,Berlin-1be2,40,14,Normal
2026-02-15 16:27:31.089244,Berlin-1be2,-19,86,Normal
2026-02-15 16:27:32.089244,Berlin-1be2,33,15,Normal
2026-02-15 16:27:33.089244,Berlin-1be2,15,12,Normal
2026-02-15 16:27:34.089244,Berlin-1be2,20,68,Normal
2026-02-15 16:27:35.089244,Berlin-1be2,9,16,Normal
2026-02-15 16:27:36.089244,Berlin-1be2,11,38,Normal
2026-02-15 16:27:37.089244,Berlin-1be2,9,36,Normal
2026-02-15 16:27:38.089244,Berlin-1be2,47,97,Normal
2026-02-15 16:27:39.089244,Berlin-1be2,-8,46,Normal
2026-02-15 16:27:40.089244,Berlin-1be2,20,77,Normal
2026-02-15 16:27:41.089244,Berlin-1be2,20,28,Normal
2026-02-15 16:27:42.089244,Berlin-1be2,46,52,Normal
2026-02-15 16:27:43.089244,Berlin-1be2,38,19,Normal
2026-02-15 16:27:44.089244,Berlin-1be2,38,29,Normal
2026-02-15 16:27:45.089244,Berlin-1be2,4,96,Normal
2026-02-15 16:27:46.089244,Berlin-1be2,22,12,Normal
2026-02-15 16:27:47.089244,Berlin-1be2,-6,66,Normal
2026-02-15 16:27:48.089244,Berlin-1be2,-27,55,Normal
2026-02-15 16:27:49.089244,Berlin-1be2,39,0,Normal
2026-02-15 16:27:50.089244,Berlin-1be2,41,2,Normal
2026-02-15 16:27:51.089244,Berlin-1be2,-3,93,Normal
2026-02-15 16:27:52.089244,Berlin-1be2,22,63,Normal
2026-02-15 16:27:53.089244,Berlin-1be2,34,18,Normal
2026-02-15 16:27:54.089244,Berlin-1be2,-7,37,Normal
2026-02-15 16:27:55.089244,Berlin-1be2,3,88,Normal
2026-02-15 16:27:56.089244,Berlin-1be2,13,81,Normal
2026-02-15 16:27:57.089244,Berlin-1be2,15,52,Normal
2026-02-15 16:27:58.089244,Berlin-1be2,16,92,Normal
2026-02-15 16:27:59.089244,Berlin-1be2,-28,90,Normal
2026-02-15 16:28:00.089244,Berlin-1be2,10,23,Normal
2026-02-15 16:28:01.089244,Berlin-1be2,-20,43,Normal
2026-02-15 16:28:02.089244,Berlin-1be2,12,32,Normal
2026-02-15 16:28:03.089244,Berlin-1be2,-23,23,Normal
2026-02-15 16:28:04.089244,Berlin-1be2,-9,100,Normal
2026-02-15 16:28:05.089244,Berlin-1be2,25,88,Normal
2026-02-15 16:28:06.089244,Berlin-1be2,38,27,Normal
2026-02-15 16:28:07.089244,Berlin-1be2,2,5,Normal
2026-02-15 16:28:08.089244,Berlin-1be2,-2,44,Normal
2026-02-15 16:28:09.089244,Berlin-1be2,13,43,Normal
2026-02-15 16:28:10.089244,Berlin-1be2,26,39,Normal
2026-02-15 16:28:11.089244,Berlin-1be2,-8,60,Normal
2026-02-15 16:28:12.089244,Berlin-1be2,46,6,Normal
2026-02-15 16:28:13.089244,Berlin-1be2,41,80,Normal
2026-02-15 16:28:14.089244,Berlin-1be2,2,68,Normal
2026-02-15 16:28:15.089244,Berlin-1be2,16,46,Normal
2026-02-15 16:28:16.089244,Berlin-1be2,21,8,Normal
2026-02-15 16:28:17.089244,Berlin-1be2,43,4,Normal
2026-02-15 16:28:18.089244,Berlin-1be2,49,53,Normal
2026-02-15 16:28:19.089244,Berlin-1be2,-27,16,Normal
2026-02-15 16:28:20.089244,Berlin-1be2,47,60,Normal
2026-02-15 16:28:21.089244,Berlin-1be2,4,21,Normal
2026-02-15 16:28:22.089244,Berlin-1be2,14,78,Normal
2026-02-15 16:28:23.089244,Berlin-1be2,-7,52,Normal
2026-02-15 16:28:24.089244,Berlin-1be2,-20,52,Normal
2026-02-15 16:28:25.089244,Berlin-1be2,11,70,Normal
2026-02-15 16:28:26.089244,Berlin-1be2,-1,41,Normal
2026-02-15 16:28:27.089244,Berlin-1be2,38,92,Normal
2026-02-15 16:28:28.089244,Berlin-1be2,43,62,Normal
2026-02-15 16:28:29.089244,Berlin-1be2,36,97,Normal
2026-02-15 16:28:30.089244,Berlin-1be2,50,70,Normal
2026-02-15 16:28:31.089244,Berlin-1be2,25,24,Normal
2026-02-15 16:28:32.089244,Berlin-1be2,32,85,Normal
2026-02-15 16:28:33.089244,Berlin-1be2,26,29,Normal
2026-02-15 16:28:34.089244,Berlin-1be2,-30,93,Normal
2026-02-15 16:28:35.089244,Berlin-1be2,-10,83,Normal
2026-02-15 16:28:36.089244,Berlin-1be2,21,28,Normal
2026-02-15 16:28:37.089244,Berlin-1be2,38,62,Normal
2026-02-15 16:28:38.089244,Berlin-1be2,-27,54,Normal
2026-02-15 16:28:39.089244,Berlin-1be2,-4,78,Normal
2026-02-15 16:28:40.089244,Berlin-1be2,12,30,Normal
2026-02-15 16:28:41.089244,Berlin-1be2,10,40,Normal
2026-02-15 16:28:42.089244,Berlin-1be2,10,45,Normal
2026-02-15 16:28:43.089244,Berlin-1be2,7,4,Normal
2026-02-15 16:28:44.089244,Berlin-1be2,14,99,Normal
2026-02-15 16:28:45.089244,Berlin-1be2,8,61,Normal
2026-02-15 16:28:46.089244,Berlin-1be2,30,64,Normal
2026-02-15 16:28:47.089244,Berlin-1be2,33,14,Normal
2026-02-15 16:28:48.089244,Berlin-1be2,1,81,Normal
2026-02-15 16:28:49.089244,Berlin-1be2,23,100,Normal
2026-02-15 16:28:50.089244,Berlin-1be2,27,38,Normal
2026-02-15 16:28:51.089244,Berlin-1be2,10,30,Normal
2026-02-15 16:28:52.089244,Berlin-1be2,6,12,Normal
2026-02-15 16:28:53.089244,Berlin-1be2,32,3,Normal
2026-02-15 16:28:54.089244,Berlin-1be2,11,88,Normal
2026-02-15 16:28:55.089244,Berlin-1be2,22,62,Normal
2026-02-15 16:28:56.089244,Berlin-1be2,48,76,Normal
2026-02-15 16:28:57.089244,Berlin-1be2,28,16,Normal
2026-02-15 16:28:58.089244,Berlin-1be2,-22,23,Normal
2026-02-15 16:28:59.089244,Berlin-1be2,19,70,Normal
2026-02-15 16:29:00.089244,Berlin-1be2,-29,2,Normal
2026-02-15 16:29:01.089244,Berlin-1be2,21,17,Normal
2026-02-15 16:29:02.089244,Berlin-1be2,25,76,Normal
2026-02-15 16:29:03.089244,Berlin-1be2,-28,63,Normal
2026-02-15 16:29:04.089244,Berlin-1be2,47,92,Normal
2026-02-15 16:29:05.089244,Berlin-1be2,-14,90,Normal
2026-02-15 16:29:06.089244,Berlin-1be2,24,73,Normal
2026-02-15 16:29:07.089244,Berlin-1be2,-25,5,Normal
2026-02-15 16:29:08.089244,Berlin-1be2,-18,61,Normal
2026-02-15 16:29:09.089244,Berlin-1be2,2,11,Normal
2026-02-15 16:29:10.089244,Berlin-1be2,19,32,Normal
2026-02-15 16:29:11.089244,Berlin-1be2,26,12,Normal
2026-02-15 16:29:12.089244,Berlin-1be2,-20,41,Normal
2026-02-15 16:29:13.089244,Berlin-1be2,0,96,Normal
2026-02-15 16:29:14.089244,Berlin-1be2,-24,93,Normal
2026-02-15 16:29:15.089244,Berlin-1be2,-10,62,Normal
2026-02-15 16:29:16.089244,Berlin-1be2,-13,34,Normal
2026-02-15 16:29:17.089244,Berlin-1be2,-11,54,Normal
2026-02-15 16:29:18.089244,Berlin-1be2,-27,83,Normal
2026-02-15 16:29:19.089244,Berlin-1be2,-6,94,Normal
2026-02-15 16:29:20.089244,Berlin-1be2,49,83,Normal
2026-02-15 16:29:21.089244,Berlin-1be2,-14,5,Normal
2026-02-15 16:29:22.089244,Berlin-1be2,-26,56,Normal
2026-02-15 16:29:23.089244,Berlin-1be2,-15,86,Normal
2026-02-15 16:29:24.089244,Berlin-1be2,-8,75,Normal
2026-02-15 16:29:25.089244,Berlin-1be2,16,1,Normal
2026-02-15 16:29:26.089244,Berlin-1be2,23,46,Normal
2026-02-15 16:29:27.089244,Berlin-1be2,2,78,Normal
2026-02-15 16:29:28.089244,Berlin-1be2,5,59,Normal
2026-02-15 16:29:29.089244,Berlin-1be2,40,24,Normal
2026-02-15 16:29:30.089244,Berlin-1be2,27,82,Normal
2026-02-15 16:29:31.089244,Berlin-1be2,30,30,Normal
2026-02-15 16:29:32.089244,Berlin-1be2,38,10,Normal
2026-02-15 16:29:33.089244,Berlin-1be2,-12,8,Normal
2026-02-15 16:29:34.089244,Berlin-1be2,12,4,Normal
2026-02-15 16:29:35.089244,Berlin-1be2,19,39,Normal
2026-02-15 16:29:36.089244,Berlin-1be2,30,46,Normal
2026-02-15 16:29:37.089244,Berlin-1be2,-26,12,Normal
2026-02-15 16:29:38.089244,Berlin-1be2,49,7,Normal
2026-02-15 16:29:39.089244,Berlin-1be2,46,86,Normal
2026-02-15 16:29:40.089244,Berlin-1be2,49,31,Normal
2026-02-15 16:29:41.089244,Berlin-1be2,-2,94,Normal
2026-02-15 16:29:42.089244,Berlin-1be2,49,34,Normal
2026-02-15 16:29:43.089244,Berlin-1be2,-21,94,Normal
2026-02-15 16:29:44.089244,Berlin-1be2,22,6,Normal
2026-02-15 16:29:45.089244,Berlin-1be2,31,36,Normal
2026-02-15 16:29:46.089244,Berlin-1be2,10,72,Normal
2026-02-15 16:29:47.089244,Berlin-1be2,48,24,Normal
2026-02-15 16:29:48.089244,Berlin-1be2,39,86,Normal
2026-02-15 16:29:49.089244,Berlin-1be2,11,0,Normal
2026-02-15 16:29:50.089244,Berlin-1be2,11,74,Normal
2026-02-15 16:29:51.089244,Berlin-1be2,-1,10,Normal
2026-02-15 16:29:52.089244,Berlin-1be2,-29,91,Normal
2026-02-15 16:29:53.089244,Berlin-1be2,-15,33,Normal
2026-02-15 16:29:54.089244,Berlin-1be2,23,97,Normal
2026-02-15 16:29:55.089244,Berlin-1be2,21,81,Normal
2026-02-15 16:29:56.089244,Berlin-1be2,5,94,Normal
2026-02-15 16:29:57.089244,Berlin-1be2,46,60,Normal
2026-02-15 16:29:58.089244,Berlin-1be2,15,70,Normal
2026-02-15 16:29:59.089244,Berlin-1be2,9,12,Normal
2026-02-15 16:30:00.089244,Berlin-1be2,-26,40,Normal
2026-02-15 16:30:01.089244,Berlin-1be2,22,24,Normal
2026-02-15 16:30:02.089244,Berlin-1be2,7,55,Normal
2026-02-15 16:30:03.089244,Berlin-1be2,41,75,Normal
2026-02-15 16:30:04.089244,Berlin-1be2,8,92,Normal
2026-02-15 16:30:05.089244,Berlin-1be2,-3,22,Normal
2026-02-15 16:30:06.089244,Berlin-1be2,-22,67,Normal
2026-02-15 16:30:07.089244,Berlin-1be2,-25,17,Normal
2026-02-15 16:30:08.089244,Berlin-1be2,-18,99,Normal
2026-02-15 16:30:09.089244,Berlin-1be2,-13,82,Normal
2026-02-15 16:30:10.089244,Berlin-1be2,-30,9,Normal
2026-02-15 16:30:11.089244,Berlin-1be2,46,21,Normal
2026-02-15 16:30:12.089244,Berlin-1be2,6,66,Normal
2026-02-15 16:30:13.089244,Berlin-1be2,12,52,Normal
2026-02-15 16:30:14.089244,Berlin-1be2,-7,83,Normal
2026-02-15 16:30:15.089244,Berlin-1be2,6,97,Normal
2026-02-15 16:30:16.089244,Berlin-1be2,-8,52,Normal
2026-02-15 16:30:17.089244,Berlin-1be2,-24,22,Normal
2026-02-15 16:30:18.089244,Berlin-1be2,41,24,Normal
2026-02-15 16:30:19.089244,Berlin-1be2,47,67,Normal
2026-02-15 16:30:20.089244,Berlin-1be2,-23,42,Normal
2026-02-15 16:30:21.089244,Berlin-1be2,18,75,Normal
2026-02-15 16:30:22.089244,Berlin-1be2,2,63,Normal
2026-02-15 16:30:23.089244,Berlin-1be2,-9,87,Normal
2026-02-15 16:30:24.089244,Berlin-1be2,31,8,Normal
2026-02-15 16:30:25.089244,Berlin-1be2,24,67,Normal
2026-02-15 16:30:26.089244,Berlin-1be2,-30,34,Normal
2026-02-15 16:30:27.089244,Berlin-1be2,10,10,Normal
2026-02-15 16:30:28.089244,Berlin-1be2,2,20,Normal
2026-02-15 16:30:29.089244,Berlin-1be2,23,89,Normal
2026-02-15 16:30:30.089244,Berlin-1be2,-25,63,Normal
2026-02-15 16:30:31.089244,Berlin-1be2,42,25,Normal
2026-02-15 16:30:32.089244,Berlin-1be2,-22,23,Normal
2026-02-15 16:30:33.089244,Berlin-1be2,-20,86,Normal
2026-02-15 16:30:34.089244,Berlin-1be2,-25,90,Normal
2026-02-15 16:30:35.089244,Berlin-1be2,20,36,Normal
2026-02-15 16:30:36.089244,Berlin-1be2,-9,77,Normal
2026-02-15 16:30:37.089244,Berlin-1be2,43,75,Normal
2026-02-15 16:30:38.089244,Berlin-1be2,-2,4,Normal
2026-02-15 16:30:39.089244,Berlin-1be2,-26,29,Normal
2026-02-15 16:30:40.089244,Berlin-1be2,42,93,Normal
2026-02-15 16:30:41.089244,Berlin-1be2,0,79,Normal
2026-02-15 16:30:42.089244,Berlin-1be2,-25,28,Normal
2026-02-15 16:30:43.089244,Berlin-1be2,11,43,Normal
2026-02-15 16:30:44.089244,Berlin-1be2,13,39,Normal
2026-02-15 16:30:45.089244,Berlin-1be2,22,88,Normal
2026-02-15 16:30:46.089244,Berlin-1be2,48,100,Normal
2026-02-15 16:30:47.089244,Berlin-1be2,8,15,Normal
2026-02-15 16:30:48.089244,Berlin-1be2,-25,15,Normal
2026-02-15 16:30:49.089244,Berlin-1be2,-17,83,Normal
2026-02-15 16:30:50.089244,Berlin-1be2,13,42,Normal
2026-02-15 16:30:51.089244,Berlin-1be2,2,97,Normal
2026-02-15 16:30:52.089244,Berlin-1be2,49,96,Normal
2026-02-15 16:30:53.089244,Berlin-1be2,5,81,Normal
2026-02-15 16:30:54.089244,Berlin-1be2,-14,38,Normal
2026-02-15 16:30:55.089244,Berlin-1be2,34,72,Normal
2026-02-15 16:30:56.089244,Berlin-1be2,6,50,Normal
2026-02-15 16:30:57.089244,Berlin-1be2,-8,78,Normal
2026-02-15 16:30:58.089244,Berlin-1be2,-5,27,Normal
2026-02-15 16:30:59.089244,Berlin-1be2,18,10,Normal
2026-02-15 16:31:00.089244,Berlin-1be2,43,91,Normal
2026-02-15 16:31:01.089244,Berlin-1be2,28,13,Normal
2026-02-15 16:31:02.089244,Berlin-1be2,25,79,Normal
2026-02-15 16:31:03.089244,Berlin-1be2,42,21,Normal
2026-02-15 16:31:04.089244,Berlin-1be2,-24,3,Normal
2026-02-15 16:31:05.089244,Berlin-1be2,7,87,Normal
2026-02-15 16:31:06.089244,Berlin-1be2,45,3,Normal
2026-02-15 16:31:07.089244,Berlin-1be2,22,67,Normal
2026-02-15 16:31:08.089244,Berlin-1be2,15,53,Normal
2026-02-15 16:31:09.089244,Berlin-1be2,38,55,Normal
2026-02-15 16:31:10.089244,Berlin-1be2,-6,47,Normal
2026-02-15 16:31:11.089244,Berlin-1be2,16,79,Normal
2026-02-15 16:31:12.089244,Berlin-1be2,-19,31,Normal
2026-02-15 16:31:13.089244,Berlin-1be2,16,64,Normal
2026-02-15 16:31:14.089244,Berlin-1be2,21,39,Normal
2026-02-15 16:31:15.089244,Berlin-1be2,47,73,Normal
2026-02-15 16:31:16.089244,Berlin-1be2,0,20,Normal
2026-02-15 16:31:17.089244,Berlin-1be2,-18,21,Normal
2026-02-15 16:31:18.089244,Berlin-1be2,-17,99,Normal
2026-02-15 16:31:19.089244,Berlin-1be2,45,81,Normal
2026-02-15 16:31:20.089244,Berlin-1be2,-8,23,Normal
2026-02-15 16:31:21.089244,Berlin-1be2,1,98,Normal
2026-02-15 16:31:22.089244,Berlin-1be2,21,13,Normal
2026-02-15 16:31:23.089244,Berlin-1be2,28,20,Normal
2026-02-15 16:31:24.089244,Berlin-1be2,16,4,Normal
2026-02-15 16:31:25.089244,Berlin-1be2,28,81,Normal
2026-02-15 16:31:26.089244,Berlin-1be2,33,46,Normal
2026-02-15 16:31:27.089244,Berlin-1be2,-21,99,Normal
2026-02-15 16:31:28.089244,Berlin-1be2,-15,32,Normal
2026-02-15 16:31:29.089244,Berlin-1be2,44,50,Normal
2026-02-15 16:31:30.089244,Berlin-1be2,19,81,Normal
2026-02-15 16:31:31.089244,Berlin-1be2,5,25,Normal
2026-02-15 16:31:32.089244,Berlin-1be2,-11,89,Normal
2026-02-15 16:31:33.089244,Berlin-1be2,22,81,Normal
2026-02-15 16:31:34.089244,Berlin-1be2,11,71,Normal
2026-02-15 16:31:35.089244,Berlin-1be2,-4,0,Normal
2026-02-15 16:31:36.089244,Berlin-1be2,-8,53,Normal
2026-02-15 16:31:37.089244,Berlin-1be2,2,58,Normal
2026-02-15 16:31:38.089244,Berlin-1be2,50,97,Normal
2026-02-15 16:31:39.089244,Berlin-1be2,3,20,Normal
2026-02-15 16:31:40.089244,Berlin-1be2,1,34,Normal
2026-02-15 16:31:41.089244,Berlin-1be2,20,86,Normal
2026-02-15 16:31:42.089244,Berlin-1be2,19,55,Normal
2026-02-15 16:31:43.089244,Berlin-1be2,3,47,Normal
2026-02-15 16:31:44.089244,Berlin-1be2,22,98,Normal
2026-02-15 16:31:45.089244,Berlin-1be2,-9,49,Normal
2026-02-15 16:31:46.089244,Berlin-1be2,20,73,Normal
2026-02-15 16:31:47.089244,Berlin-1be2,-28,86,Normal
2026-02-15 16:31:48.089244,Berlin-1be2,23,2,Normal
2026-02-15 16:31:49.089244,Berlin-1be2,-5,34,Normal
2026-02-15 16:31:50.089244,Berlin-1be2,-17,75,Normal
2026-02-15 16:31:51.089244,Berlin-1be2,-8,39,Normal
2026-02-15 16:31:52.089244,Berlin-1be2,49,74,Normal
2026-02-15 16:31:53.089244,Berlin-1be2,14,56,Normal
2026-02-15 16:31:54.089244,Berlin-1be2,-2,2,Normal
2026-02-15 16:31:55.089244,Berlin-1be2,-7,18,Normal
2026-02-15 16:31:56.089244,Berlin-1be2,22,12,Normal
2026-02-15 16:31:57.089244,Berlin-1be2,4,18,Normal
2026-02-15 16:31:58.089244,Berlin-1be2,-1,88,Normal
2026-02-15 16:31:59.089244,Berlin-1be2,24,98,Normal
2026-02-15 16:32:00.089244,Berlin-1be2,-18,43,Normal
2026-02-15 16:32:01.089244,Berlin-1be2,27,47,Normal
2026-02-15 16:32:02.089244,Berlin-1be2,0,93,Normal
2026-02-15 16:32:03.089244,Berlin-1be2,30,59,Normal
2026-02-15 16:32:04.089244,Berlin-1be2,-5,60,Normal
2026-02-15 16:32:05.089244,Berlin-1be2,47,37,Normal
2026-02-15 16:32:06.089244,Berlin-1be2,0,73,Normal
2026-02-15 16:32:07.089244,Berlin-1be2,-16,9,Normal
2026-02-15 16:32:08.089244,Berlin-1be2,4,29,Normal
2026-02-15 16:32:09.089244,Berlin-1be2,50,82,Normal
2026-02-15 16:32:10.089244,Berlin-1be2,38,16,Normal
2026-02-15 16:32:11.089244,Berlin-1be2,-16,49,Normal
2026-02-15 16:32:12.089244,Berlin-1be2,24,59,Normal
2026-02-15 16:32:13.089244,Berlin-1be2,10,97,Normal
2026-02-15 16:32:14.089244,Berlin-1be2,35,16,Normal
2026-02-15 16:32:15.089244,Berlin-1be2,-28,4,Normal
2026-02-15 16:32:16.089244,Berlin-1be2,25,64,Normal
2026-02-15 16:32:17.089244,Berlin-1be2,-24,67,Normal
2026-02-15 16:32:18.089244,Berlin-1be2,49,14,Normal
2026-02-15 16:32:19.089244,Berlin-1be2,-26,52,Normal
2026-02-15 16:32:20.089244,Berlin-1be2,25,83,Normal
2026-02-15 16:32:21.089244,Berlin-1be2,-13,23,Normal
2026-02-15 16:32:22.089244,Berlin-1be2,21,38,Normal
2026-02-15 16:32:23.089244,Berlin-1be2,38,71,Normal
2026-02-15 16:32:24.089244,Berlin-1be2,38,62,Normal
2026-02-15 16:32:25.089244,Berlin-1be2,43,74,Normal
2026-02-15 16:32:26.089244,Berlin-1be2,-10,3,Normal
2026-02-15 16:32:27.089244,Berlin-1be2,24,99,Normal
2026-02-15 16:32:28.089244,Berlin-1be2,31,4,Normal
2026-02-15 16:32:29.089244,Berlin-1be2,20,87,Normal
2026-02-15 16:32:30.089244,Berlin-1be2,-9,82,Normal
2026-02-15 16:32:31.089244,Berlin-1be2,39,47,Normal
2026-02-15 16:32:32.089244,Berlin-1be2,8,36,Normal
2026-02-15 16:32:33.089244,Berlin-1be2,-14,86,Normal
2026-02-15 16:32:34.089244,Berlin-1be2,-3,95,Normal
2026-02-15 16:32:35.089244,Berlin-1be2,-3,79,Normal
2026-02-15 16:32:36.089244,Berlin-1be2,8,60,Normal
2026-02-15 16:32:37.089244,Berlin-1be2,-7,20,Normal
2026-02-15 16:32:38.089244,Berlin-1be2,48,55,Normal
2026-02-15 16:32:39.089244,Berlin-1be2,-26,58,Normal
2026-02-15 16:32:40.089244,Berlin-1be2,6,41,Normal
2026-02-15 16:32:41.089244,Berlin-1be2,15,6,Normal
2026-02-15 16:32:42.089244,Berlin-1be2,47,89,Normal
2026-02-15 16:32:43.089244,Berlin-1be2,46,79,Normal
2026-02-15 16:32:44.089244,Berlin-1be2,-16,62,Normal
2026-02-15 16:32:45.089244,Berlin-1be2,-10,26,Normal
2026-02-15 16:32:46.089244,Berlin-1be2,-27,37,Normal
2026-02-15 16:32:47.089244,Berlin-1be2,40,46,Normal
2026-02-15 16:32:48.089244,Berlin-1be2,-2,81,Normal
2026-02-15 16:32:49.089244,Berlin-1be2,-25,77,Normal
2026-02-15 16:32:50.089244,Berlin-1be2,-9,47,Normal
2026-02-15 16:32:51.089244,Berlin-1be2,-20,100,Normal
2026-02-15 16:32:52.089244,Berlin-1be2,21,33,Normal
2026-02-15 16:32:53.089244,Berlin-1be2,38,87,Normal
2026-02-15 16:32:54.089244,Berlin-1be2,21,85,Normal
2026-02-15 16:32:55.089244,Berlin-1be2,31,12,Normal
2026-02-15 16:32:56.089244,Berlin-1be2,49,10,Normal
2026-02-15 16:32:57.089244,Berlin-1be2,8,62,Normal
2026-02-15 16:32:58.089244,Berlin-1be2,24,28,Normal
2026-02-15 16:32:59.089244,Berlin-1be2,19,61,Normal
2026-02-15 16:33:00.089244,Berlin-1be2,31,49,Normal
2026-02-15 16:33:01.089244,Berlin-1be2,-1,61,Normal
2026-02-15 16:33:02.089244,Berlin-1be2,34,52,Normal
2026-02-15 16:33:03.089244,Berlin-1be2,8,83,Normal
2026-02-15 16:33:04.089244,Berlin-1be2,-25,27,Normal
2026-02-15 16:33:05.089244,Berlin-1be2,21,85,Normal
2026-02-15 16:33:06.089244,Berlin-1be2,25,12,Normal
2026-02-15 16:33:07.089244,Berlin-1be2,6,6,Normal
2026-02-15 16:33:08.089244,Berlin-1be2,-7,56,Normal
2026-02-15 16:33:09.089244,Berlin-1be2,37,55,Normal
2026-02-15 16:33:10.089244,Berlin-1be2,17,14,Normal
2026-02-15 16:33:11.089244,Berlin-1be2,9,0,Normal
2026-02-15 16:33:12.089244,Berlin-1be2,12,88,Normal
2026-02-15 16:33:13.089244,Berlin-1be2,35,28,Normal
2026-02-15 16:33:14.089244,Berlin-1be2,17,90,Normal
2026-02-15 16:33:15.089244,Berlin-1be2,10,41,Normal
2026-02-15 16:33:16.089244,Berlin-1be2,-17,83,Normal
2026-02-15 16:33:17.089244,Berlin-1be2,16,30,Normal
2026-02-15 16:33:18.089244,Berlin-1be2,-18,4,Normal
2026-02-15 16:33:19.089244,Berlin-1be2,-16,12,Normal
2026-02-15 16:33:20.089244,Berlin-1be2,45,0,Normal
2026-02-15 16:33:21.089244,Berlin-1be2,-30,18,Normal
2026-02-15 16:33:22.089244,Berlin-1be2,37,96,Normal
2026-02-15 16:33:23.089244,Berlin-1be2,19,28,Normal
2026-02-15 16:33:24.089244,Berlin-1be2,5,57,Normal
2026-02-15 16:33:25.089244,Berlin-1be2,20,40,Normal
2026-02-15 16:33:26.089244,Berlin-1be2,-21,73,Normal
2026-02-15 16:33:27.089244,Berlin-1be2,11,58,Normal
2026-02-15 16:33:28.089244,Berlin-1be2,18,19,Normal
2026-02-15 16:33:29.089244,Berlin-1be2,31,60,Normal
2026-02-15 16:33:30.089244,Berlin-1be2,40,11,Normal
2026-02-15 16:33:31.089244,Berlin-1be2,12,81,Normal
2026-02-15 16:33:32.089244,Berlin-1be2,41,16,Normal
2026-02-15 16:33:33.089244,Berlin-1be2,45,56,Normal
2026-02-15 16:33:34.089244,Berlin-1be2,31,91,Normal
2026-02-15 16:33:35.089244,Berlin-1be2,-17,45,Normal
2026-02-15 16:33:36.089244,Berlin-1be2,19,72,Normal
2026-02-15 16:33:37.089244,Berlin-1be2,-11,58,Normal
2026-02-15 16:33:38.089244,Berlin-1be2,35,92,Normal
2026-02-15 16:33:39.089244,Berlin-1be2,1,64,Normal
2026-02-15 16:33:40.089244,Berlin-1be2,19,51,Normal
2026-02-15 16:33:41.089244,Berlin-1be2,9,71,Normal
2026-02-15 16:33:42.089244,Berlin-1be2,-5,7,Normal
2026-02-15 16:33:43.089244,Berlin-1be2,9,44,Normal
2026-02-15 16:33:44.089244,Berlin-1be2,1,89,Normal
2026-02-15 16:33:45.089244,Berlin-1be2,-8,82,Normal
2026-02-15 16:33:46.089244,Berlin-1be2,-11,88,Normal
2026-02-15 16:33:47.089244,Berlin-1be2,20,77,Normal
2026-02-15 16:33:48.089244,Berlin-1be2,-8,58,Normal
2026-02-15 16:33:49.089244,Berlin-1be2,-24,30,Normal
2026-02-15 16:33:50.089244,Berlin-1be2,37,97,Normal
2026-02-15 16:33:51.089244,Berlin-1be2,28,51,Normal
2026-02-15 16:33:52.089244,Berlin-1be2,13,32,Normal
2026-02-15 16:33:53.089244,Berlin-1be2,-1,13,Normal
2026-02-15 16:33:54.089244,Berlin-1be2,-26,56,Normal
2026-02-15 16:33:55.089244,Berlin-1be2,2,2,Normal
2026-02-15 16:33:56.089244,Berlin-1be2,-3,25,Normal
2026-02-15 16:33:57.089244,Berlin-1be2,-6,16,Normal
2026-02-15 16:33:58.089244,Berlin-1be2,-10,86,Normal
2026-02-15 16:33:59.089244,Berlin-1be2,-10,98,Normal
2026-02-15 16:34:00.089244,Berlin-1be2,49,27,Normal
2026-02-15 16:34:01.089244,Berlin-1be2,4,92,Normal
2026-02-15 16:34:02.089244,Berlin-1be2,2,2,Normal
2026-02-15 16:34:03.089244,Berlin-1be2,46,94,Normal
2026-02-15 16:34:04.089244,Berlin-1be2,-29,2,Normal
2026-02-15 16:34:05.089244,Berlin-1be2,-12,97,Normal
2026-02-15 16:34:06.089244,Berlin-1be2,40,68,Normal
2026-02-15 16:34:07.089244,Berlin-1be2,35,20,Normal
2026-02-15 16:34:08.089244,Berlin-1be2,16,1,Normal
2026-02-15 16:34:09.089244,Berlin-1be2,2,29,Normal
2026-02-15 16:34:10.089244,Berlin-1be2,-10,31,Normal
2026-02-15 16:34:11.089244,Berlin-1be2,15,91,Normal
2026-02-15 16:34:12.089244,Berlin-1be2,0,1,Normal
2026-02-15 16:34:13.089244,Berlin-1be2,45,2,Normal
2026-02-15 16:34:14.089244,Berlin-1be2,10,80,Normal
2026-02-15 16:34:15.089244,Berlin-1be2,1,33,Normal
2026-02-15 16:34:16.089244,Berlin-1be2,49,81,Normal
2026-02-15 16:34:17.089244,Berlin-1be2,15,85,Normal
2026-02-15 16:34:18.089244,Berlin-1be2,-5,26,Normal
2026-02-15 16:34:19.089244,Berlin-1be2,-26,24,Normal
2026-02-15 16:34:20.089244,Berlin-1be2,44,63,Normal
2026-02-15 16:34:21.089244,Berlin-1be2,-28,49,Normal
2026-02-15 16:34:22.089244,Berlin-1be2,6,53,Normal
2026-02-15 16:34:23.089244,Berlin-1be2,-19,57,Normal
2026-02-15 16:34:24.089244,Berlin-1be2,42,80,Normal
2026-02-15 16:34:25.089244,Berlin-1be2,-8,43,Normal
2026-02-15 16:34:26.089244,Berlin-1be2,50,49,Normal
2026-02-15 16:34:27.089244,Berlin-1be2,16,37,Normal
2026-02-15 16:34:28.089244,Berlin-1be2,49,51,Normal
2026-02-15 16:34:29.089244,Berlin-1be2,39,71,Normal
2026-02-15 16:34:30.089244,Berlin-1be2,-18,57,Normal
2026-02-15 16:34:31.089244,Berlin-1be2,18,45,Normal
2026-02-15 16:34:32.089244,Berlin-1be2,28,20,Normal
2026-02-15 16:34:33.089244,Berlin-1be2,45,0,Normal
2026-02-15 16:34:34.089244,Berlin-1be2,-19,14,Normal
2026-02-15 16:34:35.089244,Berlin-1be2,45,8,Normal
2026-02-15 16:34:36.089244,Berlin-1be2,-30,43,Normal
2026-02-15 16:34:37.089244,Berlin-1be2,-10,49,Normal
2026-02-15 16:34:38.089244,Berlin-1be2,35,89,Normal
2026-02-15 16:34:39.089244,Berlin-1be2,-3,65,Normal
2026-02-15 16:34:40.089244,Berlin-1be2,37,16,Normal
2026-02-15 16:34:41.089244,Berlin-1be2,28,48,Normal
2026-02-15 16:34:42.089244,Berlin-1be2,-3,1,Normal
2026-02-15 16:34:43.089244,Berlin-1be2,-16,90,Normal
2026-02-15 16:34:44.089244,Berlin-1be2,17,4,Normal
2026-02-15 16:34:45.089244,Berlin-1be2,33,83,Normal
2026-02-15 16:34:46.089244,Berlin-1be2,-6,91,Normal
2026-02-15 16:34:47.089244,Berlin-1be2,34,44,Normal
2026-02-15 16:34:48.089244,Berlin-1be2,10,56,Normal
2026-02-15 16:34:49.089244,Berlin-1be2,18,11,Normal
2026-02-15 16:34:50.089244,Berlin-1be2,33,33,Normal
2026-02-15 16:34:51.089244,Berlin-1be2,-19,15,Normal
2026-02-15 16:34:52.089244,Berlin-1be2,-14,87,Normal
2026-02-15 16:34:53.089244,Berlin-1be2,29,67,Normal
2026-02-15 16:34:54.089244,Berlin-1be2,44,6,Normal
2026-02-15 16:34:55.089244,Berlin-1be2,35,2,Normal
2026-02-15 16:34:56.089244,Berlin-1be2,28,39,Normal
2026-02-15 16:34:57.089244,Berlin-1be2,36,79,Normal
2026-02-15 16:34:58.089244,Berlin-1be2,-27,81,Normal
2026-02-15 16:34:59.089244,Berlin-1be2,47,73,Normal
2026-02-15 16:35:00.089244,Berlin-1be2,50,57,Normal
2026-02-15 16:35:01.089244,Berlin-1be2,49,68,Normal
2026-02-15 16:35:02.089244,Berlin-1be2,49,58,Normal
2026-02-15 16:35:03.089244,Berlin-1be2,-17,88,Normal
2026-02-15 16:35:04.089244,Berlin-1be2,46,29,Normal
2026-02-15 16:35:05.089244,Berlin-1be2,-23,74,Normal
2026-02-15 16:35:06.089244,Berlin-1be2,28,97,Normal
2026-02-15 16:35:07.089244,Berlin-1be2,23,35,Normal
2026-02-15 16:35:08.089244,Berlin-1be2,-8,98,Normal
2026-02-15 16:35:09.089244,Berlin-1be2,8,51,Normal
2026-02-15 16:35:10.089244,Berlin-1be2,-20,0,Normal
2026-02-15 16:35:11.089244,Berlin-1be2,21,82,Normal
2026-02-15 16:35:12.089244,Berlin-1be2,38,65,Normal
2026-02-15 16:35:13.089244,Berlin-1be2,6,70,Normal
2026-02-15 16:35:14.089244,Berlin-1be2,25,31,Normal
2026-02-15 16:35:15.089244,Berlin-1be2,40,54,Normal
2026-02-15 16:35:16.089244,Berlin-1be2,20,23,Normal
2026-02-15 16:35:17.089244,Berlin-1be2,-26,36,Normal
2026-02-15 16:35:18.089244,Berlin-1be2,31,66,Normal
2026-02-15 16:35:19.089244,Berlin-1be2,1,89,Normal
2026-02-15 16:35:20.089244,Berlin-1be2,31,28,Normal
2026-02-15 16:35:21.089244,Berlin-1be2,-1,69,Normal
2026-02-15 16:35:22.089244,Berlin-1be2,7,36,Normal
2026-02-15 16:35:23.089244,Berlin-1be2,-18,61,Normal
2026-02-15 16:35:24.089244,Berlin-1be2,6,19,Normal
2026-02-15 16:35:25.089244,Berlin-1be2,44,62,Normal
2026-02-15 16:35:26.089244,Berlin-1be2,-19,77,Normal
2026-02-15 16:35:27.089244,Berlin-1be2,-9,25,Normal
2026-02-15 16:35:28.089244,Berlin-1be2,-26,22,Normal
2026-02-15 16:35:29.089244,Berlin-1be2,49,68,Normal
2026-02-15 16:35:30.089244,Berlin-1be2,18,80,Normal
2026-02-15 16:35:31.089244,Berlin-1be2,33,19,Normal
2026-02-15 16:35:32.089244,Berlin-1be2,13,16,Normal
2026-02-15 16:35:33.089244,Berlin-1be2,13,65,Normal
2026-02-15 16:35:34.089244,Berlin-1be2,-17,82,Normal
2026-02-15 16:35:35.089244,Berlin-1be2,46,90,Normal
2026-02-15 16:35:36.089244,Berlin-1be2,10,78,Normal
2026-02-15 16:35:37.089244,Berlin-1be2,28,5,Normal
2026-02-15 16:35:38.089244,Berlin-1be2,34,25,Normal
2026-02-15 16:35:39.089244,Berlin-1be2,-3,73,Normal
2026-02-15 16:35:40.089244,Berlin-1be2,6,55,Normal
2026-02-15 16:35:41.089244,Berlin-1be2,46,64,Normal
2026-02-15 16:35:42.089244,Berlin-1be2,9,21,Normal
2026-02-15 16:35:43.089244,Berlin-1be2,15,71,Normal
2026-02-15 16:35:44.089244,Berlin-1be2,37,16,Normal
2026-02-15 16:35:45.089244,Berlin-1be2,-15,77,Normal
2026-02-15 16:35:46.089244,Berlin-1be2,-28,7,Normal
2026-02-15 16:35:47.089244,Berlin-1be2,48,47,Normal
2026-02-15 16:35:48.089244,Berlin-1be2,-16,26,Normal
2026-02-15 16:35:49.089244,Berlin-1be2,5,38,Normal
2026-02-15 16:35:50.089244,Berlin-1be2,-23,73,Normal
2026-02-15 16:35:51.089244,Berlin-1be2,-16,88,Normal
2026-02-15 16:35:52.089244,Berlin-1be2,-8,52,Normal
2026-02-15 16:35:53.089244,Berlin-1be2,4,68,Normal
2026-02-15 16:35:54.089244,Berlin-1be2,20,25,Normal
2026-02-15 16:35:55.089244,Berlin-1be2,33,100,Normal
2026-02-15 16:35:56.089244,Berlin-1be2,4,14,Normal
2026-02-15 16:35:57.089244,Berlin-1be2,15,26,Normal
2026-02-15 16:35:58.089244,Berlin-1be2,-28,13,Normal
2026-02-15 16:35:59.089244,Berlin-1be2,-29,77,Normal
2026-02-15 16:36:00.089244,Berlin-1be2,50,81,Normal
2026-02-15 16:36:01.089244,Berlin-1be2,44,31,Normal
2026-02-15 16:36:02.089244,Berlin-1be2,24,75,Normal
2026-02-15 16:36:03.089244,Berlin-1be2,29,81,Normal
2026-02-15 16:36:04.089244,Berlin-1be2,47,46,Normal
2026-02-15 16:36:05.089244,Berlin-1be2,-8,58,Normal
2026-02-15 16:36:06.089244,Berlin-1be2,36,51,Normal
2026-02-15 16:36:07.089244,Berlin-1be2,-13,68,Normal
2026-02-15 16:36:08.089244,Berlin-1be2,50,33,Normal
2026-02-15 16:36:09.089244,Berlin-1be2,27,85,Normal
2026-02-15 16:36:10.089244,Berlin-1be2,4,22,Normal
2026-02-15 16:36:11.089244,Berlin-1be2,30,24,Normal
2026-02-15 16:36:12.089244,Berlin-1be2,26,6,Normal
2026-02-15 16:36:13.089244,Berlin-1be2,-22,61,Normal
2026-02-15 16:36:14.089244,Berlin-1be2,-14,61,Normal
2026-02-15 16:36:15.089244,Berlin-1be2,50,85,Normal
2026-02-15 16:36:16.089244,Berlin-1be2,-14,14,Normal
2026-02-15 16:36:17.089244,Berlin-1be2,6,5,Normal
2026-02-15 16:36:18.089244,Berlin-1be2,-3,75,Normal
2026-02-15 16:36:19.089244,Berlin-1be2,-1,59,Normal
2026-02-15 16:36:20.089244,Berlin-1be2,13,98,Normal
2026-02-15 16:36:21.089244,Berlin-1be2,-9,3,Normal
2026-02-15 16:36:22.089244,Berlin-1be2,18,16,Normal
2026-02-15 16:36:23.089244,Berlin-1be2,-20,76,Normal
2026-02-15 16:36:24.089244,Berlin-1be2,48,38,Normal
2026-02-15 16:36:25.089244,Berlin-1be2,22,88,Normal
2026-02-15 16:36:26.089244,Berlin-1be2,4,61,Normal
2026-02-15 16:36:27.089244,Berlin-1be2,20,38,Normal
2026-02-15 16:36:28.089244,Berlin-1be2,7,94,Normal
2026-02-15 16:36:29.089244,Berlin-1be2,16,67,Normal
2026-02-15 16:36:30.089244,Berlin-1be2,22,66,Normal
2026-02-15 16:36:31.089244,Berlin-1be2,-7,39,Normal
2026-02-15 16:36:32.089244,Berlin-1be2,11,95,Normal
2026-02-15 16:36:33.089244,Berlin-1be2,-30,34,Normal
2026-02-15 16:36:34.089244,Berlin-1be2,13,63,Normal
2026-02-15 16:36:35.089244,Berlin-1be2,9,0,Normal
2026-02-15 16:36:36.089244,Berlin-1be2,-20,56,Normal
2026-02-15 16:36:37.089244,Berlin-1be2,-13,16,Normal
2026-02-15 16:36:38.089244,Berlin-1be2,39,97,Normal
2026-02-15 16:36:39.089244,Berlin-1be2,0,24,Normal
2026-02-15 16:36:40.089244,Berlin-1be2,38,24,Normal
2026-02-15 16:36:41.089244,Berlin-1be2,-24,25,Normal
2026-02-15 16:36:42.089244,Berlin-1be2,39,31,Normal
2026-02-15 16:36:43.089244,Berlin-1be2,-28,68,Normal
2026-02-15 16:36:44.089244,Berlin-1be2,12,67,Normal
2026-02-15 16:36:45.089244,Berlin-1be2,12,18,Normal
2026-02-15 16:36:46.089244,Berlin-1be2,46,77,Normal
2026-02-15 16:36:47.089244,Berlin-1be2,44,85,Normal
2026-02-15 16:36:48.089244,Berlin-1be2,-30,76,Normal
2026-02-15 16:36:49.089244,Berlin-1be2,-25,67,Normal
2026-02-15 16:36:50.089244,Berlin-1be2,-7,19,Normal
2026-02-15 16:36:51.089244,Berlin-1be2,-24,65,Normal
2026-02-15 16:36:52.089244,Berlin-1be2,31,51,Normal
2026-02-15 16:36:53.089244,Berlin-1be2,29,82,Normal
2026-02-15 16:36:54.089244,Berlin-1be2,-7,88,Normal
2026-02-15 16:36:55.089244,Berlin-1be2,-5,100,Normal
2026-02-15 16:36:56.089244,Berlin-1be2,-21,100,Normal
2026-02-15 16:36:57.089244,Berlin-1be2,-24,89,Normal
2026-02-15 16:36:58.089244,Berlin-1be2,-30,38,Normal
2026-02-15 16:36:59.089244,Berlin-1be2,15,26,Normal
2026-02-15 16:37:00.089244,Berlin-1be2,41,69,Normal
2026-02-15 16:37:01.089244,Berlin-1be2,35,88,Normal
2026-02-15 16:37:02.089244,Berlin-1be2,48,93,Normal
2026-02-15 16:37:03.089244,Berlin-1be2,-24,74,Normal
2026-02-15 16:37:04.089244,Berlin-1be2,30,10,Normal
2026-02-15 16:37:05.089244,Berlin-1be2,-3,64,Normal
2026-02-15 16:37:06.089244,Berlin-1be2,-24,62,Normal
2026-02-15 16:37:07.089244,Berlin-1be2,-22,6,Normal
2026-02-15 16:37:08.089244,Berlin-1be2,30,54,Normal
2026-02-15 16:37:09.089244,Berlin-1be2,35,100,Normal
2026-02-15 16:37:10.089244,Berlin-1be2,2,84,Normal
2026-02-15 16:37:11.089244,Berlin-1be2,-5,55,Normal
2026-02-15 16:37:12.089244,Berlin-1be2,3,89,Normal
2026-02-15 16:37:13.089244,Berlin-1be2,30,90,Normal
2026-02-15 16:37:14.089244,Berlin-1be2,13,5,Normal
2026-02-15 16:37:15.089244,Berlin-1be2,40,26,Normal
2026-02-15 16:37:16.089244,Berlin-1be2,-12,74,Normal
2026-02-15 16:37:17.089244,Berlin-1be2,10,9,Normal
2026-02-15 16:37:18.089244,Berlin-1be2,30,81,Normal
2026-02-15 16:37:19.089244,Berlin-1be2,-10,73,Normal
2026-02-15 16:37:20.089244,Berlin-1be2,48,87,Normal
2026-02-15 16:37:21.089244,Berlin-1be2,-11,14,Normal
2026-02-15 16:37:22.089244,Berlin-1be2,-30,50,Normal
2026-02-15 16:37:23.089244,Berlin-1be2,42,16,Normal
2026-02-15 16:37:24.089244,Berlin-1be2,28,38,Normal
2026-02-15 16:37:25.089244,Berlin-1be2,-30,31,Normal
2026-02-15 16:37:26.089244,Berlin-1be2,1,83,Normal
2026-02-15 16:37:27.089244,Berlin-1be2,0,19,Normal
2026-02-15 16:37:28.089244,Berlin-1be2,42,94,Normal
2026-02-15 16:37:29.089244,Berlin-1be2,-16,12,Normal
2026-02-15 16:37:30.089244,Berlin-1be2,36,35,Normal
2026-02-15 16:37:31.089244,Berlin-1be2,41,18,Normal
2026-02-15 16:37:32.089244,Berlin-1be2,-1,12,Normal
2026-02-15 16:37:33.089244,Berlin-1be2,6,50,Normal
2026-02-15 16:37:34.089244,Berlin-1be2,-1,66,Normal
2026-02-15 16:37:35.089244,Berlin-1be2,13,24,Normal
2026-02-15 16:37:36.089244,Berlin-1be2,35,6,Normal
2026-02-15 16:37:37.089244,Berlin-1be2,34,36,Normal
2026-02-15 16:37:38.089244,Berlin-1be2,47,12,Normal
2026-02-15 16:37:39.089244,Berlin-1be2,36,91,Normal
2026-02-15 16:37:40.089244,Berlin-1be2,46,73,Normal
2026-02-15 16:37:41.089244,Berlin-1be2,-3,39,Normal
2026-02-15 16:37:42.089244,Berlin-1be2,8,3,Normal
2026-02-15 16:37:43.089244,Berlin-1be2,32,82,Normal
2026-02-15 16:37:44.089244,Berlin-1be2,47,100,Normal
2026-02-15 16:37:45.089244,Berlin-1be2,-30,100,Normal
2026-02-15 16:37:46.089244,Berlin-1be2,-20,34,Normal
2026-02-15 16:37:47.089244,Berlin-1be2,38,74,Normal
2026-02-15 16:37:48.089244,Berlin-1be2,30,62,Normal
2026-02-15 16:37:49.089244,Berlin-1be2,0,76,Normal
2026-02-15 16:37:50.089244,Berlin-1be2,26,60,Normal
2026-02-15 16:37:51.089244,Berlin-1be2,30,75,Normal
2026-02-15 16:37:52.089244,Berlin-1be2,-12,32,Normal
2026-02-15 16:37:53.089244,Berlin-1be2,19,62,Normal
2026-02-15 16:37:54.089244,Berlin-1be2,-12,11,Normal
2026-02-15 16:37:55.089244,Berlin-1be2,46,36,Normal
2026-02-15 16:37:56.089244,Berlin-1be2,5,0,Normal
2026-02-15 16:37:57.089244,Berlin-1be2,39,85,Normal
2026-02-15 16:37:58.089244,Berlin-1be2,40,23,Normal
2026-02-15 16:37:59.089244,Berlin-1be2,-30,0,Normal
2026-02-15 16:38:00.089244,Berlin-1be2,-7,63,Normal
2026-02-15 16:38:01.089244,Berlin-1be2,2,83,Normal
2026-02-15 16:38:02.089244,Berlin-1be2,-30,5,Normal
2026-02-15 16:38:03.089244,Berlin-1be2,27,44,Normal
2026-02-15 16:38:04.089244,Berlin-1be2,23,4,Normal
2026-02-15 16:38:05.089244,Berlin-1be2,-19,15,Normal
2026-02-15 16:38:06.089244,Berlin-1be2,26,20,Normal
2026-02-15 16:38:07.089244,Berlin-1be2,19,1,Normal
2026-02-15 16:38:08.089244,Berlin-1be2,15,48,Normal
2026-02-15 16:38:09.089244,Berlin-1be2,44,29,Normal
2026-02-15 16:38:10.089244,Berlin-1be2,15,46,Normal
2026-02-15 16:38:11.089244,Berlin-1be2,-24,79,Normal
2026-02-15 16:38:12.089244,Berlin-1be2,31,64,Normal
2026-02-15 16:38:13.089244,Berlin-1be2,16,41,Normal
2026-02-15 16:38:14.089244,Berlin-1be2,36,69,Normal
2026-02-15 16:38:15.089244,Berlin-1be2,21,29,Normal
2026-02-15 16:38:16.089244,Berlin-1be2,-15,52,Normal
2026-02-15 16:38:17.089244,Berlin-1be2,-27,76,Normal
2026-02-15 16:38:18.089244,Berlin-1be2,0,91,Normal
2026-02-15 16:38:19.089244,Berlin-1be2,-1,6,Normal
2026-02-15 16:38:20.089244,Berlin-1be2,36,22,Normal
2026-02-15 16:38:21.089244,Berlin-1be2,25,40,Normal
2026-02-15 16:38:22.089244,Berlin-1be2,-13,40,Normal
2026-02-15 16:38:23.089244,Berlin-1be2,32,75,Normal
2026-02-15 16:38:24.089244,Berlin-1be2,-18,12,Normal
2026-02-15 16:38:25.089244,Berlin-1be2,1,89,Normal
2026-02-15 16:38:26.089244,Berlin-1be2,47,68,Normal
2026-02-15 16:38:27.089244,Berlin-1be2,48,11,Normal
2026-02-15 16:38:28.089244,Berlin-1be2,22,50,Normal
2026-02-15 16:38:29.089244,Berlin-1be2,6,16,Normal
2026-02-15 16:38:30.089244,Berlin-1be2,50,34,Normal
2026-02-15 16:38:31.089244,Berlin-1be2,16,5,Normal
2026-02-15 16:38:32.089244,Berlin-1be2,46,85,Normal
2026-02-15 16:38:33.089244,Berlin-1be2,24,82,Normal
2026-02-15 16:38:34.089244,Berlin-1be2,23,74,Normal
2026-02-15 16:38:35.089244,Berlin-1be2,42,75,Normal
2026-02-15 16:38:36.089244,Berlin-1be2,22,61,Normal
2026-02-15 16:38:37.089244,Berlin-1be2,19,47,Normal
2026-02-15 16:38:38.089244,Berlin-1be2,49,94,Normal
2026-02-15 16:38:39.089244,Berlin-1be2,38,27,Normal
2026-02-15 16:38:40.089244,Berlin-1be2,-23,28,Normal
2026-02-15 16:38:41.089244,Berlin-1be2,-18,26,Normal
2026-02-15 16:38:42.089244,Berlin-1be2,24,2,Normal
2026-02-15 16:38:43.089244,Berlin-1be2,3,75,Normal
2026-02-15 16:38:44.089244,Berlin-1be2,-30,17,Normal
2026-02-15 16:38:45.089244,Berlin-1be2,39,11,Normal
2026-02-15 16:38:46.089244,Berlin-1be2,24,82,Normal
2026-02-15 16:38:47.089244,Berlin-1be2,24,40,Normal
2026-02-15 16:38:48.089244,Berlin-1be2,38,12,Normal
2026-02-15 16:38:49.089244,Berlin-1be2,24,59,Normal
2026-02-15 16:38:50.089244,Berlin-1be2,-1,41,Normal
2026-02-15 16:38:51.089244,Berlin-1be2,-6,86,Normal
2026-02-15 16:38:52.089244,Berlin-1be2,-8,49,Normal
2026-02-15 16:38:53.089244,Berlin-1be2,43,25,Normal
2026-02-15 16:38:54.089244,Berlin-1be2,21,30,Normal
2026-02-15 16:38:55.089244,Berlin-1be2,-5,89,Normal
2026-02-15 16:38:56.089244,Berlin-1be2,8,21,Normal
2026-02-15 16:38:57.089244,Berlin-1be2,-14,47,Normal
2026-02-15 16:38:58.089244,Berlin-1be2,10,89,Normal
2026-02-15 16:38:59.089244,Berlin-1be2,9,86,Normal
2026-02-15 16:39:00.089244,Berlin-1be2,43,66,Normal
2026-02-15 16:39:01.089244,Berlin-1be2,-8,95,Normal
2026-02-15 16:39:02.089244,Berlin-1be2,44,84,Normal
2026-02-15 16:39:03.089244,Berlin-1be2,-18,54,Normal
2026-02-15 16:39:04.089244,Berlin-1be2,-23,47,Normal
2026-02-15 16:39:05.089244,Berlin-1be2,-29,91,Normal
2026-02-15 16:39:06.089244,Berlin-1be2,11,22,Normal
2026-02-15 16:39:07.089244,Berlin-1be2,-14,25,Normal
2026-02-15 16:39:08.089244,Berlin-1be2,12,11,Normal
2026-02-15 16:39:09.089244,Berlin-1be2,50,46,Normal
2026-02-15 16:39:10.089244,Berlin-1be2,3,20,Normal
2026-02-15 16:39:11.089244,Berlin-1be2,-28,34,Normal
2026-02-15 16:39:12.089244,Berlin-1be2,39,69,Normal
2026-02-15 16:39:13.089244,Berlin-1be2,8,6,Normal
2026-02-15 16:39:14.089244,Berlin-1be2,1,30,Normal
2026-02-15 16:39:15.089244,Berlin-1be2,43,33,Normal
2026-02-15 16:39:16.089244,Berlin-1be2,37,75,Normal
2026-02-15 16:39:17.089244,Berlin-1be2,39,22,Normal
2026-02-15 16:39:18.089244,Berlin-1be2,40,50,Normal
2026-02-15 16:39:19.089244,Berlin-1be2,-1,41,Normal
2026-02-15 16:39:20.089244,Berlin-1be2,-23,19,Normal
2026-02-15 16:39:21.089244,Berlin-1be2,-24,82,Normal
2026-02-15 16:39:22.089244,Berlin-1be2,21,20,Normal
2026-02-15 16:39:23.089244,Berlin-1be2,38,30,Normal
2026-02-15 16:39:24.089244,Berlin-1be2,-16,22,Normal
2026-02-15 16:39:25.089244,Berlin-1be2,-27,64,Normal
2026-02-15 16:39:26.089244,Berlin-1be2,38,6,Normal
2026-02-15 16:39:27.089244,Berlin-1be2,34,13,Normal
2026-02-15 16:39:28.089244,Berlin-1be2,-13,39,Normal
2026-02-15 16:39:29.089244,Berlin-1be2,34,53,Normal
2026-02-15 16:39:30.089244,Berlin-1be2,16,68,Normal
2026-02-15 16:39:31.089244,Berlin-1be2,30,60,Normal
2026-02-15 16:39:32.089244,Berlin-1be2,-10,7,Normal
2026-02-15 16:39:33.089244,Berlin-1be2,-19,30,Normal
2026-02-15 16:39:34.089244,Berlin-1be2,-15,82,Normal
2026-02-15 16:39:35.089244,Berlin-1be2,11,23,Normal
2026-02-15 16:39:36.089244,Berlin-1be2,21,31,Normal
2026-02-15 16:39:37.089244,Berlin-1be2,29,36,Normal
2026-02-15 16:39:38.089244,Berlin-1be2,19,68,Normal
2026-02-15 16:39:39.089244,Berlin-1be2,-1,94,Normal
2026-02-15 16:39:40.089244,Berlin-1be2,34,45,Normal
2026-02-15 16:39:41.089244,Berlin-1be2,7,41,Normal
2026-02-15 16:39:42.089244,Berlin-1be2,29,72,Normal
2026-02-15 16:39:43.089244,Berlin-1be2,-12,74,Normal
2026-02-15 16:39:44.089244,Berlin-1be2,16,3,Normal
2026-02-15 16:39:45.089244,Berlin-1be2,31,92,Normal
2026-02-15 16:39:46.089244,Berlin-1be2,35,35,Normal
2026-02-15 16:39:47.089244,Berlin-1be2,4,57,Normal
2026-02-15 16:39:48.089244,Berlin-1be2,-4,78,Normal
2026-02-15 16:39:49.089244,Berlin-1be2,-16,62,Normal
2026-02-15 16:39:50.089244,Berlin-1be2,2,65,Normal
2026-02-15 16:39:51.089244,Berlin-1be2,-13,7,Normal
2026-02-15 16:39:52.089244,Berlin-1be2,-3,53,Normal
2026-02-15 16:39:53.089244,Berlin-1be2,8,53,Normal
2026-02-15 16:39:54.089244,Berlin-1be2,40,41,Normal
2026-02-15 16:39:55.089244,Berlin-1be2,23,16,Normal
2026-02-15 16:39:56.089244,Berlin-1be2,-3,25,Normal
2026-02-15 16:39:57.089244,Berlin-1be2,1,23,Normal
2026-02-15 16:39:58.089244,Berlin-1be2,27,88,Normal
2026-02-15 16:39:59.089244,Berlin-1be2,15,61,Normal
2026-02-15 16:40:00.089244,Berlin-1be2,40,7,Normal
2026-02-15 16:40:01.089244,Berlin-1be2,8,85,Normal
2026-02-15 16:40:02.089244,Berlin-1be2,-7,12,Normal
2026-02-15 16:40:03.089244,Berlin-1be2,1,57,Normal
2026-02-15 16:40:04.089244,Berlin-1be2,45,53,Normal
2026-02-15 16:40:05.089244,Berlin-1be2,35,23,Normal
2026-02-15 16:40:06.089244,Berlin-1be2,-1,91,Normal
2026-02-15 16:40:07.089244,Berlin-1be2,43,56,Normal
2026-02-15 16:40:08.089244,Berlin-1be2,43,20,Normal
2026-02-15 16:40:09.089244,Berlin-1be2,-3,9,Normal
2026-02-15 16:40:10.089244,Berlin-1be2,0,40,Normal
2026-02-15 16:40:11.089244,Berlin-1be2,41,83,Normal
2026-02-15 16:40:12.089244,Berlin-1be2,-23,30,Normal
2026-02-15 16:40:13.089244,Berlin-1be2,7,43,Normal
2026-02-15 16:40:14.089244,Berlin-1be2,15,35,Normal
2026-02-15 16:40:15.089244,Berlin-1be2,32,24,Normal
2026-02-15 16:40:16.089244,Berlin-1be2,17,4,Normal
2026-02-15 16:40:17.089244,Berlin-1be2,5,86,Normal
2026-02-15 16:40:18.089244,Berlin-1be2,25,99,Normal
2026-02-15 16:40:19.089244,Berlin-1be2,41,8,Normal
2026-02-15 16:40:20.089244,Berlin-1be2,22,90,Normal
2026-02-15 16:40:21.089244,Berlin-1be2,23,42,Normal
2026-02-15 16:40:22.089244,Berlin-1be2,28,75,Normal
2026-02-15 16:40:23.089244,Berlin-1be2,16,9,Normal
2026-02-15 16:40:24.089244,Berlin-1be2,-14,61,Normal
2026-02-15 16:40:25.089244,Berlin-1be2,44,37,Normal
2026-02-15 16:40:26.089244,Berlin-1be2,23,63,Normal
2026-02-15 16:40:27.089244,Berlin-1be2,-9,6,Normal
2026-02-15 16:40:28.089244,Berlin-1be2,39,6,Normal
2026-02-15 16:40:29.089244,Berlin-1be2,50,60,Normal
2026-02-15 16:40:30.089244,Berlin-1be2,11,86,Normal
2026-02-15 16:40:31.089244,Berlin-1be2,-7,21,Normal
2026-02-15 16:40:32.089244,Berlin-1be2,44,63,Normal
2026-02-15 16:40:33.089244,Berlin-1be2,42,24,Normal
2026-02-15 16:40:34.089244,Berlin-1be2,0,27,Normal
2026-02-15 16:40:35.089244,Berlin-1be2,28,35,Normal
2026-02-15 16:40:36.089244,Berlin-1be2,21,37,Normal
2026-02-15 16:40:37.089244,Berlin-1be2,2,28,Normal
2026-02-15 16:40:38.089244,Berlin-1be2,36,98,Normal
2026-02-15 16:40:39.089244,Berlin-1be2,-24,87,Normal
2026-02-15 16:40:40.089244,Berlin-1be2,42,90,Normal
2026-02-15 16:40:41.089244,Berlin-1be2,49,52,Normal
2026-02-15 16:40:42.089244,Berlin-1be2,32,68,Normal
2026-02-15 16:40:43.089244,Berlin-1be2,-1,100,Normal
2026-02-15 16:40:44.089244,Berlin-1be2,50,59,Normal
2026-02-15 16:40:45.089244,Berlin-1be2,-19,52,Normal
2026-02-15 16:40:46.089244,Berlin-1be2,-2,73,Normal
2026-02-15 16:40:47.089244,Berlin-1be2,-22,84,Normal
2026-02-15 16:40:48.089244,Berlin-1be2,-30,36,Normal
2026-02-15 16:40:49.089244,Berlin-1be2,41,87,Normal
2026-02-15 16:40:50.089244,Berlin-1be2,47,49,Normal
2026-02-15 16:40:51.089244,Berlin-1be2,48,60,Normal
2026-02-15 16:40:52.089244,Berlin-1be2,9,42,Normal
2026-02-15 16:40:53.089244,Berlin-1be2,46,10,Normal
2026-02-15 16:40:54.089244,Berlin-1be2,-9,34,Normal
2026-02-15 16:40:55.089244,Berlin-1be2,26,63,Normal
2026-02-15 16:40:56.089244,Berlin-1be2,47,99,Normal
2026-02-15 16:40:57.089244,Berlin-1be2,26,22,Normal
2026-02-15 16:40:58.089244,Berlin-1be2,22,33,Normal
2026-02-15 16:40:59.089244,Berlin-1be2,-13,98,Normal
2026-02-15 16:41:00.089244,Berlin-1be2,-6,4,Normal
2026-02-15 16:41:01.089244,Berlin-1be2,14,21,Normal
2026-02-15 16:41:02.089244,Berlin-1be2,-26,19,Normal
2026-02-15 16:41:03.089244,Berlin-1be2,-6,30,Normal
2026-02-15 16:41:04.089244,Berlin-1be2,12,36,Normal
2026-02-15 16:41:05.089244,Berlin-1be2,2,55,Normal
2026-02-15 16:41:06.089244,Berlin-1be2,-14,54,Normal
2026-02-15 16:41:07.089244,Berlin-1be2,15,52,Normal
2026-02-15 16:41:08.089244,Berlin-1be2,-22,70,Normal
2026-02-15 16:41:09.089244,Berlin-1be2,-18,100,Normal
2026-02-15 16:41:10.089244,Berlin-1be2,41,79,Normal
2026-02-15 16:41:11.089244,Berlin-1be2,11,83,Normal
2026-02-15 16:41:12.089244,Berlin-1be2,32,81,Normal
2026-02-15 16:41:13.089244,Berlin-1be2,-20,33,Normal
2026-02-15 16:41:14.089244,Berlin-1be2,7,47,Normal
2026-02-15 16:41:15.089244,Berlin-1be2,0,81,Normal
2026-02-15 16:41:16.089244,Berlin-1be2,45,78,Normal
2026-02-15 16:41:17.089244,Berlin-1be2,16,42,Normal
2026-02-15 16:41:18.089244,Berlin-1be2,10,54,Normal
2026-02-15 16:41:19.089244,Berlin-1be2,7,33,Normal
2026-02-15 16:41:20.089244,Berlin-1be2,-2,16,Normal
2026-02-15 16:41:21.089244,Berlin-1be2,-28,69,Normal
2026-02-15 16:41:22.089244,Berlin-1be2,15,94,Normal
2026-02-15 16:41:23.089244,Berlin-1be2,-19,31,Normal
2026-02-15 16:41:24.089244,Berlin-1be2,6,33,Normal
2026-02-15 16:41:25.089244,Berlin-1be2,2,81,Normal
2026-02-15 16:41:26.089244,Berlin-1be2,3,4,Normal
2026-02-15 16:41:27.089244,Berlin-1be2,-23,83,Normal
2026-02-15 16:41:28.089244,Berlin-1be2,31,86,Normal
2026-02-15 16:41:29.089244,Berlin-1be2,23,52,Normal
2026-02-15 16:41:30.089244,Berlin-1be2,-6,95,Normal
2026-02-15 16:41:31.089244,Berlin-1be2,-4,87,Normal
2026-02-15 16:41:32.089244,Berlin-1be2,43,48,Normal
2026-02-15 16:41:33.089244,Berlin-1be2,12,20,Normal
2026-02-15 16:41:34.089244,Berlin-1be2,-16,17,Normal
2026-02-15 16:41:35.089244,Berlin-1be2,14,57,Normal
2026-02-15 16:41:36.089244,Berlin-1be2,23,32,Normal
2026-02-15 16:41:37.089244,Berlin-1be2,-10,64,Normal
2026-02-15 16:41:38.089244,Berlin-1be2,6,11,Normal
2026-02-15 16:41:39.089244,Berlin-1be2,48,74,Normal
2026-02-15 16:41:40.089244,Berlin-1be2,2,100,Normal
2026-02-15 16:41:41.089244,Berlin-1be2,-20,55,Normal
2026-02-15 16:41:42.089244,Berlin-1be2,24,84,Normal
2026-02-15 16:41:43.089244,Berlin-1be2,12,11,Normal
2026-02-15 16:41:44.089244,Berlin-1be2,-29,31,Normal
2026-02-15 16:41:45.089244,Berlin-1be2,27,53,Normal
2026-02-15 16:41:46.089244,Berlin-1be2,3,29,Normal
2026-02-15 16:41:47.089244,Berlin-1be2,27,70,Normal
2026-02-15 16:41:48.089244,Berlin-1be2,-29,65,Normal
2026-02-15 16:41:49.089244,Berlin-1be2,-27,38,Normal
2026-02-15 16:41:50.089244,Berlin-1be2,45,88,Normal
2026-02-15 16:41:51.089244,Berlin-1be2,1,72,Normal
2026-02-15 16:41:52.089244,Berlin-1be2,-14,96,Normal
2026-02-15 16:41:53.089244,Berlin-1be2,18,0,Normal
2026-02-15 16:41:54.089244,Berlin-1be2,19,94,Normal
2026-02-15 16:41:55.089244,Berlin-1be2,-4,0,Normal
2026-02-15 16:41:56.089244,Berlin-1be2,-16,0,Normal
2026-02-15 16:41:57.089244,Berlin-1be2,-9,42,Normal
2026-02-15 16:41:58.089244,Berlin-1be2,2,76,Normal
2026-02-15 16:41:59.089244,Berlin-1be2,-9,28,Normal
2026-02-15 16:42:00.089244,Berlin-1be2,39,9,Normal
2026-02-15 16:42:01.089244,Berlin-1be2,-9,42,Normal
2026-02-15 16:42:02.089244,Berlin-1be2,18,64,Normal
2026-02-15 16:42:03.089244,Berlin-1be2,43,72,Normal
2026-02-15 16:42:04.089244,Berlin-1be2,-16,34,Normal
2026-02-15 16:42:05.089244,Berlin-1be2,47,41,Normal
2026-02-15 16:42:06.089244,Berlin-1be2,-9,40,Normal
2026-02-15 16:42:07.089244,Berlin-1be2,17,43,Normal
2026-02-15 16:42:08.089244,Berlin-1be2,-30,1,Normal
2026-02-15 16:42:09.089244,Berlin-1be2,8,15,Normal
2026-02-15 16:42:10.089244,Berlin-1be2,-4,93,Normal
2026-02-15 16:42:11.089244,Berlin-1be2,31,34,Normal
2026-02-15 16:42:12.089244,Berlin-1be2,15,66,Normal
2026-02-15 16:42:13.089244,Berlin-1be2,34,5,Normal
2026-02-15 16:42:14.089244,Berlin-1be2,11,81,Normal
2026-02-15 16:42:15.089244,Berlin-1be2,-7,12,Normal
2026-02-15 16:42:16.089244,Berlin-1be2,-11,32,Normal
2026-02-15 16:42:17.089244,Berlin-1be2,45,78,Normal
2026-02-15 16:42:18.089244,Berlin-1be2,-18,37,Normal
2026-02-15 16:42:19.089244,Berlin-1be2,30,66,Normal
2026-02-15 16:42:20.089244,Berlin-1be2,-5,93,Normal
2026-02-15 16:42:21.089244,Berlin-1be2,12,21,Normal
2026-02-15 16:42:22.089244,Berlin-1be2,37,53,Normal
2026-02-15 16:42:23.089244,Berlin-1be2,-14,11,Normal
2026-02-15 16:42:24.089244,Berlin-1be2,41,48,Normal
2026-02-15 16:42:25.089244,Berlin-1be2,-22,2,Normal
2026-02-15 16:42:26.089244,Berlin-1be2,1,22,Normal
2026-02-15 16:42:27.089244,Berlin-1be2,11,34,Normal
2026-02-15 16:42:28.089244,Berlin-1be2,35,30,Normal
2026-02-15 16:42:29.089244,Berlin-1be2,4,72,Normal
2026-02-15 16:42:30.089244,Berlin-1be2,2,73,Normal
2026-02-15 16:42:31.089244,Berlin-1be2,-17,70,Normal
2026-02-15 16:42:32.089244,Berlin-1be2,30,56,Normal
2026-02-15 16:42:33.089244,Berlin-1be2,0,41,Normal
2026-02-15 16:42:34.089244,Berlin-1be2,16,56,Normal
2026-02-15 16:42:35.089244,Berlin-1be2,-11,77,Normal
2026-02-15 16:42:36.089244,Berlin-1be2,-15,52,Normal
2026-02-15 16:42:37.089244,Berlin-1be2,-26,19,Normal
2026-02-15 16:42:38.089244,Berlin-1be2,-23,32,Normal
2026-02-15 16:42:39.089244,Berlin-1be2,26,85,Normal
2026-02-15 16:42:40.089244,Berlin-1be2,5,15,Normal
2026-02-15 16:42:41.089244,Berlin-1be2,41,23,Normal
2026-02-15 16:42:42.089244,Berlin-1be2,0,9,Normal
2026-02-15 16:42:43.089244,Berlin-1be2,27,100,Normal
2026-02-15 16:42:44.089244,Berlin-1be2,48,89,Normal
2026-02-15 16:42:45.089244,Berlin-1be2,41,91,Normal
2026-02-15 16:42:46.089244,Berlin-1be2,-22,75,Normal
2026-02-15 16:42:47.089244,Berlin-1be2,32,71,Normal
2026-02-15 16:42:48.089244,Berlin-1be2,20,51,Normal
2026-02-15 16:42:49.089244,Berlin-1be2,-3,27,Normal
2026-02-15 16:42:50.089244,Berlin-1be2,7,13,Normal
2026-02-15 16:42:51.089244,Berlin-1be2,0,98,Normal
2026-02-15 16:42:52.089244,Berlin-1be2,15,62,Normal
2026-02-15 16:42:53.089244,Berlin-1be2,10,61,Normal
2026-02-15 16:42:54.089244,Berlin-1be2,-21,17,Normal
2026-02-15 16:42:55.089244,Berlin-1be2,3,23,Normal
2026-02-15 16:42:56.089244,Berlin-1be2,21,63,Normal
2026-02-15 16:42:57.089244,Berlin-1be2,-6,37,Normal
2026-02-15 16:42:58.089244,Berlin-1be2,-2,94,Normal
2026-02-15 16:42:59.089244,Berlin-1be2,-19,1,Normal
2026-02-15 16:43:00.089244,Berlin-1be2,-30,89,Normal
2026-02-15 16:43:01.089244,Berlin-1be2,29,13,Normal
2026-02-15 16:43:02.089244,Berlin-1be2,17,77,Normal
2026-02-15 16:43:03.089244,Berlin-1be2,38,81,Normal
2026-02-15 16:43:04.089244,Berlin-1be2,50,94,Normal
2026-02-15 16:43:05.089244,Berlin-1be2,-8,89,Normal
2026-02-15 16:43:06.089244,Berlin-1be2,-19,90,Normal
2026-02-15 16:43:07.089244,Berlin-1be2,24,32,Normal
2026-02-15 16:43:08.089244,Berlin-1be2,38,45,Normal
2026-02-15 16:43:09.089244,Berlin-1be2,-6,27,Normal
2026-02-15 16:43:10.089244,Berlin-1be2,37,15,Normal
2026-02-15 16:43:11.089244,Berlin-1be2,13,12,Normal
2026-02-15 16:43:12.089244,Berlin-1be2,-29,30,Normal
2026-02-15 16:43:13.089244,Berlin-1be2,39,57,Normal
2026-02-15 16:43:14.089244,Berlin-1be2,-16,53,Normal
2026-02-15 16:43:15.089244,Berlin-1be2,-25,32,Normal
2026-02-15 16:43:16.089244,Berlin-1be2,45,80,Normal
2026-02-15 16:43:17.089244,Berlin-1be2,-7,67,Normal
2026-02-15 16:43:18.089244,Berlin-1be2,48,17,Normal
2026-02-15 16:43:19.089244,Berlin-1be2,32,37,Normal
2026-02-15 16:43:20.089244,Berlin-1be2,6,6,Normal
2026-02-15 16:43:21.089244,Berlin-1be2,-1,37,Normal
2026-02-15 16:43:22.089244,Berlin-1be2,-5,43,Normal
2026-02-15 16:43:23.089244,Berlin-1be2,33,26,Normal
2026-02-15 16:43:24.089244,Berlin-1be2,29,92,Normal
2026-02-15 16:43:25.089244,Berlin-1be2,14,64,Normal
2026-02-15 16:43:26.089244,Berlin-1be2,-11,58,Normal
2026-02-15 16:43:27.089244,Berlin-1be2,31,47,Normal
2026-02-15 16:43:28.089244,Berlin-1be2,4,2,Normal
2026-02-15 16:43:29.089244,Berlin-1be2,-7,71,Normal
2026-02-15 16:43:30.089244,Berlin-1be2,-7,53,Normal
2026-02-15 16:43:31.089244,Berlin-1be2,29,37,Normal
2026-02-15 16:43:32.089244,Berlin-1be2,-30,77,Normal
2026-02-15 16:43:33.089244,Berlin-1be2,40,2,Normal
2026-02-15 16:43:34.089244,Berlin-1be2,24,82,Normal
2026-02-15 16:43:35.089244,Berlin-1be2,-2,15,Normal
2026-02-15 16:43:36.089244,Berlin-1be2,39,57,Normal
2026-02-15 16:43:37.089244,Berlin-1be2,9,93,Normal
2026-02-15 16:43:38.089244,Berlin-1be2,18,23,Normal
2026-02-15 16:43:39.089244,Berlin-1be2,-12,52,Normal
2026-02-15 16:43:40.089244,Berlin-1be2,23,100,Normal
2026-02-15 16:43:41.089244,Berlin-1be2,27,98,Normal
2026-02-15 16:43:42.089244,Berlin-1be2,-23,83,Normal
2026-02-15 16:43:43.089244,Berlin-1be2,-8,77,Normal
2026-02-15 16:43:44.089244,Berlin-1be2,13,78,Normal
2026-02-15 16:43:45.089244,Berlin-1be2,34,21,Normal
2026-02-15 16:43:46.089244,Berlin-1be2,-10,69,Normal
2026-02-15 16:43:47.089244,Berlin-1be2,28,53,Normal
2026-02-15 16:43:48.089244,Berlin-1be2,7,43,Normal
2026-02-15 16:43:49.089244,Berlin-1be2,45,0,Normal
2026-02-15 16:43:50.089244,Berlin-1be2,-6,6,Normal
2026-02-15 16:43:51.089244,Berlin-1be2,-4,60,Normal
2026-02-15 16:43:52.089244,Berlin-1be2,-5,31,Normal
2026-02-15 16:43:53.089244,Berlin-1be2,19,18,Normal
2026-02-15 16:43:54.089244,Berlin-1be2,-19,63,Normal
2026-02-15 16:43:55.089244,Berlin-1be2,-29,76,Normal
2026-02-15 16:43:56.089244,Berlin-1be2,47,39,Normal
2026-02-15 16:43:57.089244,Berlin-1be2,-25,65,Normal
2026-02-15 16:43:58.089244,Berlin-1be2,-5,77,Normal
2026-02-15 16:43:59.089244,Berlin-1be2,24,60,Normal
2026-02-15 16:44:00.089244,Berlin-1be2,-10,29,Normal
2026-02-15 16:44:01.089244,Berlin-1be2,41,0,Normal
2026-02-15 16:44:02.089244,Berlin-1be2,49,45,Normal
2026-02-15 16:44:03.089244,Berlin-1be2,20,15,Normal
2026-02-15 16:44:04.089244,Berlin-1be2,29,10,Normal
2026-02-15 16:44:05.089244,Berlin-1be2,26,64,Normal
2026-02-15 16:44:06.089244,Berlin-1be2,11,67,Normal
2026-02-15 16:44:07.089244,Berlin-1be2,22,7,Normal
2026-02-15 16:44:08.089244,Berlin-1be2,16,51,Normal
2026-02-15 16:44:09.089244,Berlin-1be2,-2,37,Normal
2026-02-15 16:44:10.089244,Berlin-1be2,4,11,Normal
2026-02-15 16:44:11.089244,Berlin-1be2,-26,7,Normal
2026-02-15 16:44:12.089244,Berlin-1be2,-11,34,Normal
2026-02-15 16:44:13.089244,Berlin-1be2,21,56,Normal
2026-02-15 16:44:14.089244,Berlin-1be2,-11,48,Normal
2026-02-15 16:44:15.089244,Berlin-1be2,49,17,Normal
2026-02-15 16:44:16.089244,Berlin-1be2,-21,0,Normal
2026-02-15 16:44:17.089244,Berlin-1be2,29,22,Normal
2026-02-15 16:44:18.089244,Berlin-1be2,22,49,Normal
2026-02-15 16:44:19.089244,Berlin-1be2,-3,64,Normal
2026-02-15 16:44:20.089244,Berlin-1be2,-30,51,Normal
2026-02-15 16:44:21.089244,Berlin-1be2,-27,47,Normal
2026-02-15 16:44:22.089244,Berlin-1be2,40,89,Normal
2026-02-15 16:44:23.089244,Berlin-1be2,-16,44,Normal
2026-02-15 16:44:24.089244,Berlin-1be2,21,74,Normal
2026-02-15 16:44:25.089244,Berlin-1be2,49,71,Normal
2026-02-15 16:44:26.089244,Berlin-1be2,-19,12,Normal
2026-02-15 16:44:27.089244,Berlin-1be2,39,25,Normal
2026-02-15 16:44:28.089244,Berlin-1be2,25,90,Normal
2026-02-15 16:44:29.089244,Berlin-1be2,45,85,Normal
2026-02-15 16:44:30.089244,Berlin-1be2,33,64,Normal
2026-02-15 16:44:31.089244,Berlin-1be2,23,42,Normal
2026-02-15 16:44:32.089244,Berlin-1be2,-26,73,Normal
2026-02-15 16:44:33.089244,Berlin-1be2,21,48,Normal
2026-02-15 16:44:34.089244,Berlin-1be2,14,72,Normal
2026-02-15 16:44:35.089244,Berlin-1be2,-16,79,Normal
2026-02-15 16:44:36.089244,Berlin-1be2,46,26,Normal
2026-02-15 16:44:37.089244,Berlin-1be2,4,27,Normal
2026-02-15 16:44:38.089244,Berlin-1be2,1,91,Normal
2026-02-15 16:44:39.089244,Berlin-1be2,46,37,Normal
2026-02-15 16:44:40.089244,Berlin-1be2,49,42,Normal
2026-02-15 16:44:41.089244,Berlin-1be2,50,36,Normal
2026-02-15 16:44:42.089244,Berlin-1be2,20,60,Normal
2026-02-15 16:44:43.089244,Berlin-1be2,-12,90,Normal
2026-02-15 16:44:44.089244,Berlin-1be2,13,77,Normal
2026-02-15 16:44:45.089244,Berlin-1be2,-16,61,Normal
2026-02-15 16:44:46.089244,Berlin-1be2,6,47,Normal
2026-02-15 16:44:47.089244,Berlin-1be2,4,52,Normal
2026-02-15 16:44:48.089244,Berlin-1be2,15,33,Normal
2026-02-15 16:44:49.089244,Berlin-1be2,50,48,Normal
2026-02-15 16:44:50.089244,Berlin-1be2,22,2,Normal
2026-02-15 16:44:51.089244,Berlin-1be2,-20,36,Normal
2026-02-15 16:44:52.089244,Berlin-1be2,-1,86,Normal
2026-02-15 16:44:53.089244,Berlin-1be2,-14,16,Normal
2026-02-15 16:44:54.089244,Berlin-1be2,-12,74,Normal
2026-02-15 16:44:55.089244,Berlin-1be2,0,32,Normal
2026-02-15 16:44:56.089244,Berlin-1be2,-21,2,Normal
2026-02-15 16:44:57.089244,Berlin-1be2,0,83,Normal
2026-02-15 16:44:58.089244,Berlin-1be2,-17,40,Normal
2026-02-15 16:44:59.089244,Berlin-1be2,30,21,Normal
2026-02-15 16:45:00.089244,Berlin-1be2,18,55,Normal
2026-02-15 16:45:01.089244,Berlin-1be2,17,7,Normal
2026-02-15 16:45:02.089244,Berlin-1be2,37,17,Normal
2026-02-15 16:45:03.089244,Berlin-1be2,24,39,Normal
2026-02-15 16:45:04.089244,Berlin-1be2,-12,24,Normal
2026-02-15 16:45:05.089244,Berlin-1be2,42,0,Normal
2026-02-15 16:45:06.089244,Berlin-1be2,0,54,Normal
2026-02-15 16:45:07.089244,Berlin-1be2,47,96,Normal
2026-02-15 16:45:08.089244,Berlin-1be2,50,51,Normal
2026-02-15 16:45:09.089244,Berlin-1be2,5,53,Normal
2026-02-15 16:45:10.089244,Berlin-1be2,-10,74,Normal
2026-02-15 16:45:11.089244,Berlin-1be2,-20,39,Normal
2026-02-15 16:45:12.089244,Berlin-1be2,14,99,Normal
2026-02-15 16:45:13.089244,Berlin-1be2,-2,14,Normal
2026-02-15 16:45:14.089244,Berlin-1be2,16,41,Normal
2026-02-15 16:45:15.089244,Berlin-1be2,36,69,Normal
2026-02-15 16:45:16.089244,Berlin-1be2,-1,10,Normal
2026-02-15 16:45:17.089244,Berlin-1be2,23,92,Normal
2026-02-15 16:45:18.089244,Berlin-1be2,12,77,Normal
2026-02-15 16:45:19.089244,Berlin-1be2,-29,42,Normal
2026-02-15 16:45:20.089244,Berlin-1be2,44,82,Normal
2026-02-15 16:45:21.089244,Berlin-1be2,46,57,Normal
2026-02-15 16:45:22.089244,Berlin-1be2,-9,68,Normal
2026-02-15 16:45:23.089244,Berlin-1be2,8,100,Normal
2026-02-15 16:45:24.089244,Berlin-1be2,-1,36,Normal
2026-02-15 16:45:25.089244,Berlin-1be2,4,99,Normal
2026-02-15 16:45:26.089244,Berlin-1be2,37,75,Normal
2026-02-15 16:45:27.089244,Berlin-1be2,40,71,Normal
2026-02-15 16:45:28.089244,Berlin-1be2,3,31,Normal
2026-02-15 16:45:29.089244,Berlin-1be2,28,2,Normal
2026-02-15 16:45:30.089244,Berlin-1be2,50,24,Normal
2026-02-15 16:45:31.089244,Berlin-1be2,1,46,Normal
2026-02-15 16:45:32.089244,Berlin-1be2,-2,14,Normal
2026-02-15 16:45:33.089244,Berlin-1be2,37,15,Normal
2026-02-15 16:45:34.089244,Berlin-1be2,-16,3,Normal
2026-02-15 16:45:35.089244,Berlin-1be2,-17,70,Normal
2026-02-15 16:45:36.089244,Berlin-1be2,-19,42,Normal
2026-02-15 16:45:37.089244,Berlin-1be2,24,43,Normal
2026-02-15 16:45:38.089244,Berlin-1be2,27,85,Normal
2026-02-15 16:45:39.089244,Berlin-1be2,-26,4,Normal
2026-02-15 16:45:40.089244,Berlin-1be2,-9,15,Normal
2026-02-15 16:45:41.089244,Berlin-1be2,2,12,Normal
2026-02-15 16:45:42.089244,Berlin-1be2,24,0,Normal
2026-02-15 16:45:43.089244,Berlin-1be2,26,71,Normal
2026-02-15 16:45:44.089244,Berlin-1be2,-4,25,Normal
2026-02-15 16:45:45.089244,Berlin-1be2,37,94,Normal
2026-02-15 16:45:46.089244,Berlin-1be2,34,89,Normal
2026-02-15 16:45:47.089244,Berlin-1be2,-27,29,Normal
2026-02-15 16:45:48.089244,Berlin-1be2,6,24,Normal
2026-02-15 16:45:49.089244,Berlin-1be2,-7,68,Normal
2026-02-15 16:45:50.089244,Berlin-1be2,36,71,Normal
2026-02-15 16:45:51.089244,Berlin-1be2,-4,12,Normal
2026-02-15 16:45:52.089244,Berlin-1be2,-6,31,Normal
2026-02-15 16:45:53.089244,Berlin-1be2,44,45,Normal
2026-02-15 16:45:54.089244,Berlin-1be2,39,2,Normal
2026-02-15 16:45:55.089244,Berlin-1be2,42,65,Normal
2026-02-15 16:45:56.089244,Berlin-1be2,-11,11,Normal
2026-02-15 16:45:57.089244,Berlin-1be2,13,63,Normal
2026-02-15 16:45:58.089244,Berlin-1be2,43,99,Normal
2026-02-15 16:45:59.089244,Berlin-1be2,3,62,Normal
2026-02-15 16:46:00.089244,Berlin-1be2,17,17,Normal
2026-02-15 16:46:01.089244,Berlin-1be2,6,71,Normal
2026-02-15 16:46:02.089244,Berlin-1be2,-16,51,Normal
2026-02-15 16:46:03.089244,Berlin-1be2,-25,34,Normal
2026-02-15 16:46:04.089244,Berlin-1be2,33,62,Normal
2026-02-15 16:46:05.089244,Berlin-1be2,42,57,Normal
2026-02-15 16:46:06.089244,Berlin-1be2,6,87,Normal
2026-02-15 16:46:07.089244,Berlin-1be2,-24,71,Normal
2026-02-15 16:46:08.089244,Berlin-1be2,47,88,Normal
2026-02-15 16:46:09.089244,Berlin-1be2,-28,98,Normal
2026-02-15 16:46:10.089244,Berlin-1be2,-12,46,Normal
2026-02-15 16:46:11.089244,Berlin-1be2,19,72,Normal
2026-02-15 16:46:12.089244,Berlin-1be2,4,67,Normal
2026-02-15 16:46:13.089244,Berlin-1be2,-27,19,Normal
2026-02-15 16:46:14.089244,Berlin-1be2,18,2,Normal
2026-02-15 16:46:15.089244,Berlin-1be2,21,56,Normal
2026-02-15 16:46:16.089244,Berlin-1be2,45,40,Normal
2026-02-15 16:46:17.089244,Berlin-1be2,-25,86,Normal
2026-02-15 16:46:18.089244,Berlin-1be2,30,31,Normal
2026-02-15 16:46:19.089244,Berlin-1be2,7,63,Normal
2026-02-15 16:46:20.089244,Berlin-1be2,-27,15,Normal
2026-02-15 16:46:21.089244,Berlin-1be2,12,57,Normal
2026-02-15 16:46:22.089244,Berlin-1be2,-1,66,Normal
2026-02-15 16:46:23.089244,Berlin-1be2,34,28,Normal
2026-02-15 16:46:24.089244,Berlin-1be2,29,70,Normal
2026-02-15 16:46:25.089244,Berlin-1be2,29,36,Normal
2026-02-15 16:46:26.089244,Berlin-1be2,15,38,Normal
2026-02-15 16:46:27.089244,Berlin-1be2,41,92,Normal
2026-02-15 16:46:28.089244,Berlin-1be2,-15,92,Normal
2026-02-15 16:46:29.089244,Berlin-1be2,44,99,Normal
2026-02-15 16:46:30.089244,Berlin-1be2,-16,38,Normal
2026-02-15 16:46:31.089244,Berlin-1be2,-13,4,Normal
2026-02-15 16:46:32.089244,Berlin-1be2,8,48,Normal
2026-02-15 16:46:33.089244,Berlin-1be2,47,43,Normal
2026-02-15 16:46:34.089244,Berlin-1be2,17,25,Normal
2026-02-15 16:46:35.089244,Berlin-1be2,31,100,Normal
2026-02-15 16:46:36.089244,Berlin-1be2,-7,52,Normal
2026-02-15 16:46:37.089244,Berlin-1be2,41,31,Normal
2026-02-15 16:46:38.089244,Berlin-1be2,34,100,Normal
2026-02-15 16:46:39.089244,Berlin-1be2,41,12,Normal
2026-02-15 16:46:40.089244,Berlin-1be2,38,41,Normal
2026-02-15 16:46:41.089244,Berlin-1be2,5,17,Normal
2026-02-15 16:46:42.089244,Berlin-1be2,39,90,Normal
2026-02-15 16:46:43.089244,Berlin-1be2,15,17,Normal
2026-02-15 16:46:44.089244,Berlin-1be2,-5,9,Normal
2026-02-15 16:46:45.089244,Berlin-1be2,7,31,Normal
2026-02-15 16:46:46.089244,Berlin-1be2,43,52,Normal
2026-02-15 16:46:47.089244,Berlin-1be2,25,6,Normal
2026-02-15 16:46:48.089244,Berlin-1be2,-1,75,Normal
2026-02-15 16:46:49.089244,Berlin-1be2,31,48,Normal
2026-02-15 16:46:50.089244,Berlin-1be2,46,5,Normal
2026-02-15 16:46:51.089244,Berlin-1be2,21,83,Normal
2026-02-15 16:46:52.089244,Berlin-1be2,-25,86,Normal
2026-02-15 16:46:53.089244,Berlin-1be2,-28,95,Normal
2026-02-15 16:46:54.089244,Berlin-1be2,43,59,Normal
2026-02-15 16:46:55.089244,Berlin-1be2,1,85,Normal
2026-02-15 16:46:56.089244,Berlin-1be2,-30,2,Normal
2026-02-15 16:46:57.089244,Berlin-1be2,-15,38,Normal
2026-02-15 16:46:58.089244,Berlin-1be2,33,2,Normal
2026-02-15 16:46:59.089244,Berlin-1be2,5,10,Normal
2026-02-15 16:47:00.089244,Berlin-1be2,29,86,Normal
2026-02-15 16:47:01.089244,Berlin-1be2,47,84,Normal
2026-02-15 16:47:02.089244,Berlin-1be2,-17,69,Normal
2026-02-15 16:47:03.089244,Berlin-1be2,-14,56,Normal
2026-02-15 16:47:04.089244,Berlin-1be2,26,81,Normal
2026-02-15 16:47:05.089244,Berlin-1be2,46,12,Normal
2026-02-15 16:47:06.089244,Berlin-1be2,11,92,Normal
2026-02-15 16:47:07.089244,Berlin-1be2,14,82,Normal
2026-02-15 16:47:08.089244,Berlin-1be2,-14,54,Normal
2026-02-15 16:47:09.089244,Berlin-1be2,-5,17,Normal
2026-02-15 16:47:10.089244,Berlin-1be2,33,32,Normal
2026-02-15 16:47:11.089244,Berlin-1be2,3,57,Normal
2026-02-15 16:47:12.089244,Berlin-1be2,-22,60,Normal
2026-02-15 16:47:13.089244,Berlin-1be2,43,100,Normal
2026-02-15 16:47:14.089244,Berlin-1be2,-14,17,Normal
2026-02-15 16:47:15.089244,Berlin-1be2,-1,57,Normal
2026-02-15 16:47:16.089244,Berlin-1be2,-1,56,Normal
2026-02-15 16:47:17.089244,Berlin-1be2,22,73,Normal
2026-02-15 16:47:18.089244,Berlin-1be2,-24,16,Normal
2026-02-15 16:47:19.089244,Berlin-1be2,3,96,Normal
2026-02-15 16:47:20.089244,Berlin-1be2,-3,37,Normal
2026-02-15 16:47:21.089244,Berlin-1be2,18,64,Normal
2026-02-15 16:47:22.089244,Berlin-1be2,26,95,Normal
2026-02-15 16:47:23.089244,Berlin-1be2,28,0,Normal
2026-02-15 16:47:24.089244,Berlin-1be2,-30,73,Normal
2026-02-15 16:47:25.089244,Berlin-1be2,34,98,Normal
2026-02-15 16:47:26.089244,Berlin-1be2,43,49,Normal
2026-02-15 16:47:27.089244,Berlin-1be2,18,72,Normal
2026-02-15 16:47:28.089244,Berlin-1be2,7,44,Normal
2026-02-15 16:47:29.089244,Berlin-1be2,-23,49,Normal
2026-02-15 16:47:30.089244,Berlin-1be2,-8,28,Normal
2026-02-15 16:47:31.089244,Berlin-1be2,-26,40,Normal
2026-02-15 16:47:32.089244,Berlin-1be2,5,56,Normal
2026-02-15 16:47:33.089244,Berlin-1be2,-29,94,Normal
2026-02-15 16:47:34.089244,Berlin-1be2,33,76,Normal
2026-02-15 16:47:35.089244,Berlin-1be2,16,89,Normal
2026-02-15 16:47:36.089244,Berlin-1be2,-6,81,Normal
2026-02-15 16:47:37.089244,Berlin-1be2,-9,88,Normal
2026-02-15 16:47:38.089244,Berlin-1be2,-26,0,Normal
2026-02-15 16:47:39.089244,Berlin-1be2,37,85,Normal
2026-02-15 16:47:40.089244,Berlin-1be2,-1,51,Normal
2026-02-15 16:47:41.089244,Berlin-1be2,-16,77,Normal
2026-02-15 16:47:42.089244,Berlin-1be2,-24,9,Normal
2026-02-15 16:47:43.089244,Berlin-1be2,-8,94,Normal
2026-02-15 16:47:44.089244,Berlin-1be2,-13,59,Normal
2026-02-15 16:47:45.089244,Berlin-1be2,-7,20,Normal
2026-02-15 16:47:46.089244,Berlin-1be2,-14,19,Normal
2026-02-15 16:47:47.089244,Berlin-1be2,26,60,Normal
2026-02-15 16:47:48.089244,Berlin-1be2,-17,31,Normal
2026-02-15 16:47:49.089244,Berlin-1be2,-11,23,Normal
2026-02-15 16:47:50.089244,Berlin-1be2,-17,32,Normal
2026-02-15 16:47:51.089244,Berlin-1be2,28,69,Normal
2026-02-15 16:47:52.089244,Berlin-1be2,2,57,Normal
2026-02-15 16:47:53.089244,Berlin-1be2,-10,78,Normal
2026-02-15 16:47:54.089244,Berlin-1be2,22,73,Normal
2026-02-15 16:47:55.089244,Berlin-1be2,-16,31,Normal
2026-02-15 16:47:56.089244,Berlin-1be2,-29,54,Normal
2026-02-15 16:47:57.089244,Berlin-1be2,-3,48,Normal
2026-02-15 16:47:58.089244,Berlin-1be2,24,65,Normal
2026-02-15 16:47:59.089244,Berlin-1be2,31,61,Normal
2026-02-15 16:48:00.089244,Berlin-1be2,31,22,Normal
2026-02-15 16:48:01.089244,Berlin-1be2,28,15,Normal
2026-02-15 16:48:02.089244,Berlin-1be2,-6,73,Normal
2026-02-15 16:48:03.089244,Berlin-1be2,26,32,Normal
2026-02-15 16:48:04.089244,Berlin-1be2,40,97,Normal
2026-02-15 16:48:05.089244,Berlin-1be2,-7,33,Normal
2026-02-15 16:48:06.089244,Berlin-1be2,-26,75,Normal
2026-02-15 16:48:07.089244,Berlin-1be2,-2,2,Normal
2026-02-15 16:48:08.089244,Berlin-1be2,12,4,Normal
2026-02-15 16:48:09.089244,Berlin-1be2,-21,69,Normal
2026-02-15 16:48:10.089244,Berlin-1be2,-12,21,Normal
2026-02-15 16:48:11.089244,Berlin-1be2,-15,63,Normal
2026-02-15 16:48:12.089244,Berlin-1be2,3,92,Normal
2026-02-15 16:48:13.089244,Berlin-1be2,-4,5,Normal
2026-02-15 16:48:14.089244,Berlin-1be2,-15,6,Normal
2026-02-15 16:48:15.089244,Berlin-1be2,-24,51,Normal
2026-02-15 16:48:16.089244,Berlin-1be2,-6,65,Normal
2026-02-15 16:48:17.089244,Berlin-1be2,10,92,Normal
2026-02-15 16:48:18.089244,Berlin-1be2,14,37,Normal
2026-02-15 16:48:19.089244,Berlin-1be2,-5,23,Normal
2026-02-15 16:48:20.089244,Berlin-1be2,38,28,Normal
2026-02-15 16:48:21.089244,Berlin-1be2,-15,70,Normal
2026-02-15 16:48:22.089244,Berlin-1be2,6,55,Normal
2026-02-15 16:48:23.089244,Berlin-1be2,-12,21,Normal
2026-02-15 16:48:24.089244,Berlin-1be2,11,10,Normal
2026-02-15 16:48:25.089244,Berlin-1be2,14,99,Normal
2026-02-15 16:48:26.089244,Berlin-1be2,44,49,Normal
2026-02-15 16:48:27.089244,Berlin-1be2,11,4,Normal
2026-02-15 16:48:28.089244,Berlin-1be2,-6,73,Normal
2026-02-15 16:48:29.089244,Berlin-1be2,-13,20,Normal
2026-02-15 16:48:30.089244,Berlin-1be2,30,98,Normal
2026-02-15 16:48:31.089244,Berlin-1be2,-20,78,Normal
2026-02-15 16:48:32.089244,Berlin-1be2,-23,90,Normal
2026-02-15 16:48:33.089244,Berlin-1be2,-5,43,Normal
2026-02-15 16:48:34.089244,Berlin-1be2,26,28,Normal
2026-02-15 16:48:35.089244,Berlin-1be2,43,35,Normal
2026-02-15 16:48:36.089244,Berlin-1be2,17,100,Normal
2026-02-15 16:48:37.089244,Berlin-1be2,31,14,Normal
2026-02-15 16:48:38.089244,Berlin-1be2,9,17,Normal
2026-02-15 16:48:39.089244,Berlin-1be2,-2,84,Normal
2026-02-15 16:48:40.089244,Berlin-1be2,-27,12,Normal
2026-02-15 16:48:41.089244,Berlin-1be2,2,78,Normal
2026-02-15 16:48:42.089244,Berlin-1be2,26,1,Normal
2026-02-15 16:48:43.089244,Berlin-1be2,42,10,Normal
2026-02-15 16:48:44.089244,Berlin-1be2,1,40,Normal
2026-02-15 16:48:45.089244,Berlin-1be2,-14,87,Normal
2026-02-15 16:48:46.089244,Berlin-1be2,25,45,Normal
2026-02-15 16:48:47.089244,Berlin-1be2,45,26,Normal
2026-02-15 16:48:48.089244,Berlin-1be2,-20,49,Normal
2026-02-15 16:48:49.089244,Berlin-1be2,5,49,Normal
2026-02-15 16:48:50.089244,Berlin-1be2,-29,63,Normal
2026-02-15 16:48:51.089244,Berlin-1be2,27,23,Normal
2026-02-15 16:48:52.089244,Berlin-1be2,46,36,Normal
2026-02-15 16:48:53.089244,Berlin-1be2,42,70,Normal
2026-02-15 16:48:54.089244,Berlin-1be2,-21,52,Normal
2026-02-15 16:48:55.089244,Berlin-1be2,26,7,Normal
2026-02-15 16:48:56.089244,Berlin-1be2,-28,63,Normal
2026-02-15 16:48:57.089244,Berlin-1be2,2,84,Normal
2026-02-15 16:48:58.089244,Berlin-1be2,-9,4,Normal
2026-02-15 16:48:59.089244,Berlin-1be2,16,25,Normal
2026-02-15 16:49:00.089244,Berlin-1be2,5,29,Normal
2026-02-15 16:49:01.089244,Berlin-1be2,12,68,Normal
2026-02-15 16:49:02.089244,Berlin-1be2,9,58,Normal
2026-02-15 16:49:03.089244,Berlin-1be2,17,40,Normal
2026-02-15 16:49:04.089244,Berlin-1be2,8,41,Normal
2026-02-15 16:49:05.089244,Berlin-1be2,6,100,Normal
2026-02-15 16:49:06.089244,Berlin-1be2,-12,14,Normal
2026-02-15 16:49:07.089244,Berlin-1be2,43,91,Normal
2026-02-15 16:49:08.089244,Berlin-1be2,1,59,Normal
2026-02-15 16:49:09.089244,Berlin-1be2,-2,2,Normal
2026-02-15 16:49:10.089244,Berlin-1be2,-6,70,Normal
2026-02-15 16:49:11.089244,Berlin-1be2,24,15,Normal
2026-02-15 16:49:12.089244,Berlin-1be2,-25,51,Normal
2026-02-15 16:49:13.089244,Berlin-1be2,36,17,Normal
2026-02-15 16:49:14.089244,Berlin-1be2,-14,75,Normal
2026-02-15 16:49:15.089244,Berlin-1be2,19,18,Normal
2026-02-15 16:49:16.089244,Berlin-1be2,-15,61,Normal
2026-02-15 16:49:17.089244,Berlin-1be2,32,53,Normal
2026-02-15 16:49:18.089244,Berlin-1be2,48,26,Normal
2026-02-15 16:49:19.089244,Berlin-1be2,-15,16,Normal
2026-02-15 16:49:20.089244,Berlin-1be2,19,100,Normal
2026-02-15 16:49:21.089244,Berlin-1be2,48,73,Normal
2026-02-15 16:49:22.089244,Berlin-1be2,-29,3,Normal
2026-02-15 16:49:23.089244,Berlin-1be2,-28,80,Normal
2026-02-15 16:49:24.089244,Berlin-1be2,-19,4,Normal
2026-02-15 16:49:25.089244,Berlin-1be2,32,45,Normal
2026-02-15 16:49:26.089244,Berlin-1be2,24,95,Normal
2026-02-15 16:49:27.089244,Berlin-1be2,16,51,Normal
2026-02-15 16:49:28.089244,Berlin-1be2,9,56,Normal
2026-02-15 16:49:29.089244,Berlin-1be2,48,43,Normal
2026-02-15 16:49:30.089244,Berlin-1be2,16,9,Normal
2026-02-15 16:49:31.089244,Berlin-1be2,19,12,Normal
2026-02-15 16:49:32.089244,Berlin-1be2,15,0,Normal
2026-02-15 16:49:33.089244,Berlin-1be2,29,92,Normal
2026-02-15 16:49:34.089244,Berlin-1be2,11,38,Normal
2026-02-15 16:49:35.089244,Berlin-1be2,14,60,Normal
2026-02-15 16:49:36.089244,Berlin-1be2,23,26,Normal
2026-02-15 16:49:37.089244,Berlin-1be2,-3,48,Normal
2026-02-15 16:49:38.089244,Berlin-1be2,-12,3,Normal
2026-02-15 16:49:39.089244,Berlin-1be2,-20,79,Normal
2026-02-15 16:49:40.089244,Berlin-1be2,-28,73,Normal
2026-02-15 16:49:41.089244,Berlin-1be2,0,39,Normal
2026-02-15 16:49:42.089244,Berlin-1be2,-10,64,Normal
2026-02-15 16:49:43.089244,Berlin-1be2,-8,73,Normal
2026-02-15 16:49:44.089244,Berlin-1be2,22,74,Normal
2026-02-15 16:49:45.089244,Berlin-1be2,16,33,Normal
2026-02-15 16:49:46.089244,Berlin-1be2,17,66,Normal
2026-02-15 16:49:47.089244,Berlin-1be2,-21,36,Normal
2026-02-15 16:49:48.089244,Berlin-1be2,34,37,Normal
2026-02-15 16:49:49.089244,Berlin-1be2,3,45,Normal
2026-02-15 16:49:50.089244,Berlin-1be2,-8,5,Normal
2026-02-15 16:49:51.089244,Berlin-1be2,28,44,Normal
2026-02-15 16:49:52.089244,Berlin-1be2,-10,30,Normal
2026-02-15 16:49:53.089244,Berlin-1be2,12,36,Normal
2026-02-15 16:49:54.089244,Berlin-1be2,-9,30,Normal
2026-02-15 16:49:55.089244,Berlin-1be2,-19,11,Normal
2026-02-15 16:49:56.089244,Berlin-1be2,33,77,Normal
2026-02-15 16:49:57.089244,Berlin-1be2,-14,36,Normal
2026-02-15 16:49:58.089244,Berlin-1be2,9,54,Normal
2026-02-15 16:49:59.089244,Berlin-1be2,-5,99,Normal
2026-02-15 16:50:00.089244,Berlin-1be2,14,93,Normal
2026-02-15 16:50:01.089244,Berlin-1be2,37,53,Normal
2026-02-15 16:50:02.089244,Berlin-1be2,26,95,Normal
2026-02-15 16:50:03.089244,Berlin-1be2,40,82,Normal
2026-02-15 16:50:04.089244,Berlin-1be2,49,60,Normal
2026-02-15 16:50:05.089244,Berlin-1be2,48,48,Normal
2026-02-15 16:50:06.089244,Berlin-1be2,34,11,Normal
2026-02-15 16:50:07.089244,Berlin-1be2,37,54,Normal
2026-02-15 16:50:08.089244,Berlin-1be2,-28,77,Normal
2026-02-15 16:50:09.089244,Berlin-1be2,24,33,Normal
2026-02-15 16:50:10.089244,Berlin-1be2,-23,93,Normal
2026-02-15 16:50:11.089244,Berlin-1be2,-1,21,Normal
2026-02-15 16:50:12.089244,Berlin-1be2,29,31,Normal
2026-02-15 16:50:13.089244,Berlin-1be2,-16,19,Normal
2026-02-15 16:50:14.089244,Berlin-1be2,-17,30,Normal
2026-02-15 16:50:15.089244,Berlin-1be2,-20,75,Normal
2026-02-15 16:50:16.089244,Berlin-1be2,2,37,Normal
2026-02-15 16:50:17.089244,Berlin-1be2,14,27,Normal
2026-02-15 16:50:18.089244,Berlin-1be2,-24,38,Normal
2026-02-15 16:50:19.089244,Berlin-1be2,29,92,Normal
2026-02-15 16:50:20.089244,Berlin-1be2,18,31,Normal
2026-02-15 16:50:21.089244,Berlin-1be2,-19,18,Normal
2026-02-15 16:50:22.089244,Berlin-1be2,33,54,Normal
2026-02-15 16:50:23.089244,Berlin-1be2,0,93,Normal
2026-02-15 16:50:24.089244,Berlin-1be2,-18,80,Normal
2026-02-15 16:50:25.089244,Berlin-1be2,31,14,Normal
2026-02-15 16:50:26.089244,Berlin-1be2,7,72,Normal
2026-02-15 16:50:27.089244,Berlin-1be2,-8,9,Normal
2026-02-15 16:50:28.089244,Berlin-1be2,-18,92,Normal
2026-02-15 16:50:29.089244,Berlin-1be2,13,42,Normal
2026-02-15 16:50:30.089244,Berlin-1be2,-20,15,Normal
2026-02-15 16:50:31.089244,Berlin-1be2,-4,32,Normal
2026-02-15 16:50:32.089244,Berlin-1be2,35,60,Normal
2026-02-15 16:50:33.089244,Berlin-1be2,-20,77,Normal
2026-02-15 16:50:34.089244,Berlin-1be2,34,28,Normal
2026-02-15 16:50:35.089244,Berlin-1be2,-5,43,Normal
2026-02-15 16:50:36.089244,Berlin-1be2,33,68,Normal
2026-02-15 16:50:37.089244,Berlin-1be2,10,0,Normal
2026-02-15 16:50:38.089244,Berlin-1be2,22,69,Normal
2026-02-15 16:50:39.089244,Berlin-1be2,25,5,Normal
2026-02-15 16:50:40.089244,Berlin-1be2,-1,27,Normal
2026-02-15 16:50:41.089244,Berlin-1be2,8,53,Normal
2026-02-15 16:50:42.089244,Berlin-1be2,16,62,Normal
2026-02-15 16:50:43.089244,Berlin-1be2,5,83,Normal
2026-02-15 16:50:44.089244,Berlin-1be2,-13,5,Normal
2026-02-15 16:50:45.089244,Berlin-1be2,35,59,Normal
2026-02-15 16:50:46.089244,Berlin-1be2,12,51,Normal
2026-02-15 16:50:47.089244,Berlin-1be2,46,25,Normal
2026-02-15 16:50:48.089244,Berlin-1be2,26,56,Normal
2026-02-15 16:50:49.089244,Berlin-1be2,32,45,Normal
2026-02-15 16:50:50.089244,Berlin-1be2,6,13,Normal
2026-02-15 16:50:51.089244,Berlin-1be2,-27,40,Normal
2026-02-15 16:50:52.089244,Berlin-1be2,38,17,Normal
2026-02-15 16:50:53.089244,Berlin-1be2,44,52,Normal
2026-02-15 16:50:54.089244,Berlin-1be2,-11,85,Normal
2026-02-15 16:50:55.089244,Berlin-1be2,48,80,Normal
2026-02-15 16:50:56.089244,Berlin-1be2,45,87,Normal
2026-02-15 16:50:57.089244,Berlin-1be2,0,8,Normal
2026-02-15 16:50:58.089244,Berlin-1be2,-28,52,Normal
2026-02-15 16:50:59.089244,Berlin-1be2,4,73,Normal
2026-02-15 16:51:00.089244,Berlin-1be2,-29,32,Normal
2026-02-15 16:51:01.089244,Berlin-1be2,28,30,Normal
2026-02-15 16:51:02.089244,Berlin-1be2,-6,21,Normal
2026-02-15 16:51:03.089244,Berlin-1be2,-3,100,Normal
2026-02-15 16:51:04.089244,Berlin-1be2,12,62,Normal
2026-02-15 16:51:05.089244,Berlin-1be2,-17,27,Normal
2026-02-15 16:51:06.089244,Berlin-1be2,27,9,Normal
2026-02-15 16:51:07.089244,Berlin-1be2,34,89,Normal
2026-02-15 16:51:08.089244,Berlin-1be2,-26,3,Normal
2026-02-15 16:51:09.089244,Berlin-1be2,43,6,Normal
2026-02-15 16:51:10.089244,Berlin-1be2,-4,90,Normal
2026-02-15 16:51:11.089244,Berlin-1be2,12,19,Normal
2026-02-15 16:51:12.089244,Berlin-1be2,32,5,Normal
2026-02-15 16:51:13.089244,Berlin-1be2,1,31,Normal
2026-02-15 16:51:14.089244,Berlin-1be2,32,99,Normal
2026-02-15 16:51:15.089244,Berlin-1be2,40,38,Normal
2026-02-15 16:51:16.089244,Berlin-1be2,49,73,Normal
2026-02-15 16:51:17.089244,Berlin-1be2,22,99,Normal
2026-02-15 16:51:18.089244,Berlin-1be2,-21,40,Normal
2026-02-15 16:51:19.089244,Berlin-1be2,-11,4,Normal
2026-02-15 16:51:20.089244,Berlin-1be2,-6,59,Normal
2026-02-15 16:51:21.089244,Berlin-1be2,15,13,Normal
2026-02-15 16:51:22.089244,Berlin-1be2,4,41,Normal
2026-02-15 16:51:23.089244,Berlin-1be2,29,86,Normal
2026-02-15 16:51:24.089244,Berlin-1be2,-4,51,Normal
2026-02-15 16:51:25.089244,Berlin-1be2,-21,87,Normal
2026-02-15 16:51:26.089244,Berlin-1be2,36,47,Normal
2026-02-15 16:51:27.089244,Berlin-1be2,15,38,Normal
2026-02-15 16:51:28.089244,Berlin-1be2,16,70,Normal
2026-02-15 16:51:29.089244,Berlin-1be2,29,56,Normal
2026-02-15 16:51:30.089244,Berlin-1be2,0,13,Normal
2026-02-15 16:51:31.089244,Berlin-1be2,-2,39,Normal
2026-02-15 16:51:32.089244,Berlin-1be2,-24,0,Normal
2026-02-15 16:51:33.089244,Berlin-1be2,24,13,Normal
2026-02-15 16:51:34.089244,Berlin-1be2,33,42,Normal
2026-02-15 16:51:35.089244,Berlin-1be2,29,68,Normal
2026-02-15 16:51:36.089244,Berlin-1be2,40,56,Normal
2026-02-15 16:51:37.089244,Berlin-1be2,27,36,Normal
2026-02-15 16:51:38.089244,Berlin-1be2,26,55,Normal
2026-02-15 16:51:39.089244,Berlin-1be2,2,84,Normal
2026-02-15 16:51:40.089244,Berlin-1be2,4,26,Normal
2026-02-15 16:51:41.089244,Berlin-1be2,36,88,Normal
2026-02-15 16:51:42.089244,Berlin-1be2,10,61,Normal
2026-02-15 16:51:43.089244,Berlin-1be2,31,78,Normal
2026-02-15 16:51:44.089244,Berlin-1be2,10,77,Normal
2026-02-15 16:51:45.089244,Berlin-1be2,31,77,Normal
2026-02-15 16:51:46.089244,Berlin-1be2,-10,28,Normal
2026-02-15 16:51:47.089244,Berlin-1be2,-4,16,Normal
2026-02-15 16:51:48.089244,Berlin-1be2,25,27,Normal
2026-02-15 16:51:49.089244,Berlin-1be2,-8,62,Normal
2026-02-15 16:51:50.089244,Berlin-1be2,39,11,Normal
2026-02-15 16:51:51.089244,Berlin-1be2,-26,80,Normal
2026-02-15 16:51:52.089244,Berlin-1be2,17,33,Normal
2026-02-15 16:51:53.089244,Berlin-1be2,47,61,Normal
2026-02-15 16:51:54.089244,Berlin-1be2,48,19,Normal
2026-02-15 16:51:55.089244,Berlin-1be2,31,17,Normal
2026-02-15 16:51:56.089244,Berlin-1be2,45,28,Normal
2026-02-15 16:51:57.089244,Berlin-1be2,22,50,Normal
2026-02-15 16:51:58.089244,Berlin-1be2,10,16,Normal
2026-02-15 16:51:59.089244,Berlin-1be2,44,8,Normal
2026-02-15 16:52:00.089244,Berlin-1be2,24,69,Normal
2026-02-15 16:52:01.089244,Berlin-1be2,2,21,Normal
2026-02-15 16:52:02.089244,Berlin-1be2,44,9,Normal
2026-02-15 16:52:03.089244,Berlin-1be2,44,48,Normal
2026-02-15 16:52:04.089244,Berlin-1be2,-22,49,Normal
2026-02-15 16:52:05.089244,Berlin-1be2,17,49,Normal
2026-02-15 16:52:06.089244,Berlin-1be2,5,92,Normal
2026-02-15 16:52:07.089244,Berlin-1be2,44,36,Normal
2026-02-15 16:52:08.089244,Berlin-1be2,41,33,Normal
2026-02-15 16:52:09.089244,Berlin-1be2,30,93,Normal
2026-02-15 16:52:10.089244,Berlin-1be2,-9,75,Normal
2026-02-15 16:52:11.089244,Berlin-1be2,-18,89,Normal
2026-02-15 16:52:12.089244,Berlin-1be2,28,85,Normal
2026-02-15 16:52:13.089244,Berlin-1be2,38,33,Normal
2026-02-15 16:52:14.089244,Berlin-1be2,3,54,Normal
2026-02-15 16:52:15.089244,Berlin-1be2,-9,51,Normal
2026-02-15 16:52:16.089244,Berlin-1be2,-4,61,Normal
2026-02-15 16:52:17.089244,Berlin-1be2,27,100,Normal
2026-02-15 16:52:18.089244,Berlin-1be2,-9,59,Normal
2026-02-15 16:52:19.089244,Berlin-1be2,37,84,Normal
2026-02-15 16:52:20.089244,Berlin-1be2,-23,15,Normal
2026-02-15 16:52:21.089244,Berlin-1be2,19,66,Normal
2026-02-15 16:52:22.089244,Berlin-1be2,-12,88,Normal
2026-02-15 16:52:23.089244,Berlin-1be2,18,64,Normal
2026-02-15 16:52:24.089244,Berlin-1be2,17,35,Normal
2026-02-15 16:52:25.089244,Berlin-1be2,38,44,Normal
2026-02-15 16:52:26.089244,Berlin-1be2,-14,34,Normal
2026-02-15 16:52:27.089244,Berlin-1be2,25,37,Normal
2026-02-15 16:52:28.089244,Berlin-1be2,-14,24,Normal
2026-02-15 16:52:29.089244,Berlin-1be2,-12,59,Normal
2026-02-15 16:52:30.089244,Berlin-1be2,17,85,Normal
2026-02-15 16:52:31.089244,Berlin-1be2,21,13,Normal
2026-02-15 16:52:32.089244,Berlin-1be2,-15,26,Normal
2026-02-15 16:52:33.089244,Berlin-1be2,-28,37,Normal
2026-02-15 16:52:34.089244,Berlin-1be2,13,64,Normal
2026-02-15 16:52:35.089244,Berlin-1be2,-2,90,Normal
2026-02-15 16:52:36.089244,Berlin-1be2,28,38,Normal
2026-02-15 16:52:37.089244,Berlin-1be2,-27,36,Normal
2026-02-15 16:52:38.089244,Berlin-1be2,-25,90,Normal
2026-02-15 16:52:39.089244,Berlin-1be2,-5,10,Normal
2026-02-15 16:52:40.089244,Berlin-1be2,21,24,Normal
2026-02-15 16:52:41.089244,Berlin-1be2,34,53,Normal
2026-02-15 16:52:42.089244,Berlin-1be2,6,11,Normal
2026-02-15 16:52:43.089244,Berlin-1be2,47,15,Normal
2026-02-15 16:52:44.089244,Berlin-1be2,13,88,Normal
2026-02-15 16:52:45.089244,Berlin-1be2,39,57,Normal
2026-02-15 16:52:46.089244,Berlin-1be2,24,46,Normal
2026-02-15 16:52:47.089244,Berlin-1be2,-7,83,Normal
2026-02-15 16:52:48.089244,Berlin-1be2,44,2,Normal
2026-02-15 16:52:49.089244,Berlin-1be2,-9,0,Normal
2026-02-15 16:52:50.089244,Berlin-1be2,50,75,Normal
2026-02-15 16:52:51.089244,Berlin-1be2,3,92,Normal
2026-02-15 16:52:52.089244,Berlin-1be2,49,77,Normal
2026-02-15 16:52:53.089244,Berlin-1be2,43,73,Normal
2026-02-15 16:52:54.089244,Berlin-1be2,43,75,Normal
2026-02-15 16:52:55.089244,Berlin-1be2,15,61,Normal
2026-02-15 16:52:56.089244,Berlin-1be2,4,79,Normal
2026-02-15 16:52:57.089244,Berlin-1be2,25,29,Normal
2026-02-15 16:52:58.089244,Berlin-1be2,-19,62,Normal
2026-02-15 16:52:59.089244,Berlin-1be2,29,59,Normal
2026-02-15 16:53:00.089244,Berlin-1be2,-3,93,Normal
2026-02-15 16:53:01.089244,Berlin-1be2,49,93,Normal
2026-02-15 16:53:02.089244,Berlin-1be2,16,29,Normal
2026-02-15 16:53:03.089244,Berlin-1be2,41,27,Normal
2026-02-15 16:53:04.089244,Berlin-1be2,45,14,Normal
2026-02-15 16:53:05.089244,Berlin-1be2,17,88,Normal
2026-02-15 16:53:06.089244,Berlin-1be2,17,44,Normal
2026-02-15 16:53:07.089244,Berlin-1be2,3,83,Normal
2026-02-15 16:53:08.089244,Berlin-1be2,40,42,Normal
2026-02-15 16:53:09.089244,Berlin-1be2,-9,57,Normal
2026-02-15 16:53:10.089244,Berlin-1be2,-6,18,Normal
2026-02-15 16:53:11.089244,Berlin-1be2,27,53,Normal
2026-02-15 16:53:12.089244,Berlin-1be2,1,24,Normal
2026-02-15 16:53:13.089244,Berlin-1be2,26,7,Normal
2026-02-15 16:53:14.089244,Berlin-1be2,44,70,Normal
2026-02-15 16:53:15.089244,Berlin-1be2,-4,28,Normal
2026-02-15 16:53:16.089244,Berlin-1be2,-17,33,Normal
2026-02-15 16:53:17.089244,Berlin-1be2,-16,13,Normal
2026-02-15 16:53:18.089244,Berlin-1be2,-29,17,Normal
2026-02-15 16:53:19.089244,Berlin-1be2,13,62,Normal
2026-02-15 16:53:20.089244,Berlin-1be2,33,38,Normal
2026-02-15 16:53:21.089244,Berlin-1be2,18,4,Normal
2026-02-15 16:53:22.089244,Berlin-1be2,46,45,Normal
2026-02-15 16:53:23.089244,Berlin-1be2,7,96,Normal
2026-02-15 16:53:24.089244,Berlin-1be2,46,50,Normal
2026-02-15 16:53:25.089244,Berlin-1be2,-25,89,Normal
2026-02-15 16:53:26.089244,Berlin-1be2,6,25,Normal
2026-02-15 16:53:27.089244,Berlin-1be2,26,27,Normal
2026-02-15 16:53:28.089244,Berlin-1be2,2,1,Normal
2026-02-15 16:53:29.089244,Berlin-1be2,-10,6,Normal
2026-02-15 16:53:30.089244,Berlin-1be2,-5,64,Normal
2026-02-15 16:53:31.089244,Berlin-1be2,12,55,Normal
2026-02-15 16:53:32.089244,Berlin-1be2,36,82,Normal
2026-02-15 16:53:33.089244,Berlin-1be2,49,31,Normal
2026-02-15 16:53:34.089244,Berlin-1be2,25,22,Normal
2026-02-15 16:53:35.089244,Berlin-1be2,24,100,Normal
2026-02-15 16:53:36.089244,Berlin-1be2,-16,27,Normal
2026-02-15 16:53:37.089244,Berlin-1be2,28,5,Normal
2026-02-15 16:53:38.089244,Berlin-1be2,25,53,Normal
2026-02-15 16:53:39.089244,Berlin-1be2,-9,81,Normal
2026-02-15 16:53:40.089244,Berlin-1be2,-24,35,Normal
2026-02-15 16:53:41.089244,Berlin-1be2,-10,84,Normal
2026-02-15 16:53:42.089244,Berlin-1be2,-5,46,Normal
2026-02-15 16:53:43.089244,Berlin-1be2,31,93,Normal
2026-02-15 16:53:44.089244,Berlin-1be2,4,96,Normal
2026-02-15 16:53:45.089244,Berlin-1be2,-14,20,Normal
2026-02-15 16:53:46.089244,Berlin-1be2,45,70,Normal
2026-02-15 16:53:47.089244,Berlin-1be2,21,16,Normal
2026-02-15 16:53:48.089244,Berlin-1be2,-1,97,Normal
2026-02-15 16:53:49.089244,Berlin-1be2,17,77,Normal
2026-02-15 16:53:50.089244,Berlin-1be2,18,75,Normal
2026-02-15 16:53:51.089244,Berlin-1be2,-1,6,Normal
2026-02-15 16:53:52.089244,Berlin-1be2,50,55,Normal
2026-02-15 16:53:53.089244,Berlin-1be2,18,84,Normal
2026-02-15 16:53:54.089244,Berlin-1be2,14,11,Normal
2026-02-15 16:53:55.089244,Berlin-1be2,33,12,Normal
2026-02-15 16:53:56.089244,Berlin-1be2,39,36,Normal
2026-02-15 16:53:57.089244,Berlin-1be2,9,10,Normal
2026-02-15 16:53:58.089244,Berlin-1be2,7,10,Normal
2026-02-15 16:53:59.089244,Berlin-1be2,41,30,Normal
2026-02-15 16:54:00.089244,Berlin-1be2,44,66,Normal
2026-02-15 16:54:01.089244,Berlin-1be2,29,73,Normal
2026-02-15 16:54:02.089244,Berlin-1be2,33,73,Normal
2026-02-15 16:54:03.089244,Berlin-1be2,-13,88,Normal
2026-02-15 16:54:04.089244,Berlin-1be2,-15,1,Normal
2026-02-15 16:54:05.089244,Berlin-1be2,23,39,Normal
2026-02-15 16:54:06.089244,Berlin-1be2,-20,75,Normal
2026-02-15 16:54:07.089244,Berlin-1be2,-10,50,Normal
2026-02-15 16:54:08.089244,Berlin-1be2,7,44,Normal
2026-02-15 16:54:09.089244,Berlin-1be2,-22,95,Normal
2026-02-15 16:54:10.089244,Berlin-1be2,-24,6,Normal
2026-02-15 16:54:11.089244,Berlin-1be2,-7,77,Normal
2026-02-15 16:54:12.089244,Berlin-1be2,42,44,Normal
2026-02-15 16:54:13.089244,Berlin-1be2,-23,39,Normal
2026-02-15 16:54:14.089244,Berlin-1be2,13,63,Normal
2026-02-15 16:54:15.089244,Berlin-1be2,-10,32,Normal
2026-02-15 16:54:16.089244,Berlin-1be2,-29,47,Normal
2026-02-15 16:54:17.089244,Berlin-1be2,7,71,Normal
2026-02-15 16:54:18.089244,Berlin-1be2,33,63,Normal
2026-02-15 16:54:19.089244,Berlin-1be2,-19,84,Normal
2026-02-15 16:54:20.089244,Berlin-1be2,-25,15,Normal
2026-02-15 16:54:21.089244,Berlin-1be2,-26,40,Normal
2026-02-15 16:54:22.089244,Berlin-1be2,19,15,Normal
2026-02-15 16:54:23.089244,Berlin-1be2,8,61,Normal
2026-02-15 16:54:24.089244,Berlin-1be2,26,92,Normal
2026-02-15 16:54:25.089244,Berlin-1be2,-21,33,Normal
2026-02-15 16:54:26.089244,Berlin-1be2,-24,73,Normal
2026-02-15 16:54:27.089244,Berlin-1be2,22,64,Normal
2026-02-15 16:54:28.089244,Berlin-1be2,24,14,Normal
2026-02-15 16:54:29.089244,Berlin-1be2,45,49,Normal
2026-02-15 16:54:30.089244,Berlin-1be2,7,75,Normal
2026-02-15 16:54:31.089244,Berlin-1be2,4,44,Normal
2026-02-15 16:54:32.089244,Berlin-1be2,11,23,Normal
2026-02-15 16:54:33.089244,Berlin-1be2,44,74,Normal
2026-02-15 16:54:34.089244,Berlin-1be2,4,60,Normal
2026-02-15 16:54:35.089244,Berlin-1be2,48,15,Normal
2026-02-15 16:54:36.089244,Berlin-1be2,-6,4,Normal
2026-02-15 16:54:37.089244,Berlin-1be2,46,38,Normal
2026-02-15 16:54:38.089244,Berlin-1be2,35,97,Normal
2026-02-15 16:54:39.089244,Berlin-1be2,-13,1,Normal
2026-02-15 16:54:40.089244,Berlin-1be2,-1,15,Normal
2026-02-15 16:54:41.089244,Berlin-1be2,14,28,Normal
2026-02-15 16:54:42.089244,Berlin-1be2,-26,42,Normal
2026-02-15 16:54:43.089244,Berlin-1be2,31,68,Normal
2026-02-15 16:54:44.089244,Berlin-1be2,33,13,Normal
2026-02-15 16:54:45.089244,Berlin-1be2,-4,50,Normal
2026-02-15 16:54:46.089244,Berlin-1be2,23,43,Normal
2026-02-15 16:54:47.089244,Berlin-1be2,14,72,Normal
2026-02-15 16:54:48.089244,Berlin-1be2,42,89,Normal
2026-02-15 16:54:49.089244,Berlin-1be2,-7,28,Normal
2026-02-15 16:54:50.089244,Berlin-1be2,41,98,Normal
2026-02-15 16:54:51.089244,Berlin-1be2,-23,86,Normal
2026-02-15 16:54:52.089244,Berlin-1be2,-7,83,Normal
2026-02-15 16:54:53.089244,Berlin-1be2,-27,27,Normal
2026-02-15 16:54:54.089244,Berlin-1be2,44,89,Normal
2026-02-15 16:54:55.089244,Berlin-1be2,42,52,Normal
2026-02-15 16:54:56.089244,Berlin-1be2,26,51,Normal
2026-02-15 16:54:57.089244,Berlin-1be2,34,39,Normal
2026-02-15 16:54:58.089244,Berlin-1be2,36,7,Normal
2026-02-15 16:54:59.089244,Berlin-1be2,1,97,Normal
2026-02-15 16:55:00.089244,Berlin-1be2,-1,18,Normal
2026-02-15 16:55:01.089244,Berlin-1be2,-12,63,Normal
2026-02-15 16:55:02.089244,Berlin-1be2,43,7,Normal
2026-02-15 16:55:03.089244,Berlin-1be2,16,75,Normal
2026-02-15 16:55:04.089244,Berlin-1be2,23,80,Normal
2026-02-15 16:55:05.089244,Berlin-1be2,-6,82,Normal
2026-02-15 16:55:06.089244,Berlin-1be2,18,83,Normal
2026-02-15 16:55:07.089244,Berlin-1be2,7,67,Normal
2026-02-15 16:55:08.089244,Berlin-1be2,6,85,Normal
2026-02-15 16:55:09.089244,Berlin-1be2,19,96,Normal
2026-02-15 16:55:10.089244,Berlin-1be2,-30,18,Normal
2026-02-15 16:55:11.089244,Berlin-1be2,27,68,Normal
2026-02-15 16:55:12.089244,Berlin-1be2,19,26,Normal
2026-02-15 16:55:13.089244,Berlin-1be2,4,80,Normal
2026-02-15 16:55:14.089244,Berlin-1be2,50,1,Normal
2026-02-15 16:55:15.089244,Berlin-1be2,-14,10,Normal
2026-02-15 16:55:16.089244,Berlin-1be2,19,81,Normal
2026-02-15 16:55:17.089244,Berlin-1be2,3,40,Normal
2026-02-15 16:55:18.089244,Berlin-1be2,16,4,Normal
2026-02-15 16:55:19.089244,Berlin-1be2,-13,15,Normal
2026-02-15 16:55:20.089244,Berlin-1be2,-23,76,Normal
2026-02-15 16:55:21.089244,Berlin-1be2,-8,60,Normal
2026-02-15 16:55:22.089244,Berlin-1be2,-20,6,Normal
2026-02-15 16:55:23.089244,Berlin-1be2,35,0,Normal
2026-02-15 16:55:24.089244,Berlin-1be2,-24,74,Normal
2026-02-15 16:55:25.089244,Berlin-1be2,32,2,Normal
2026-02-15 16:55:26.089244,Berlin-1be2,-4,73,Normal
2026-02-15 16:55:27.089244,Berlin-1be2,19,99,Normal
2026-02-15 16:55:28.089244,Berlin-1be2,9,13,Normal
2026-02-15 16:55:29.089244,Berlin-1be2,43,40,Normal
2026-02-15 16:55:30.089244,Berlin-1be2,-28,66,Normal
2026-02-15 16:55:31.089244,Berlin-1be2,4,50,Normal
2026-02-15 16:55:32.089244,Berlin-1be2,8,91,Normal
2026-02-15 16:55:33.089244,Berlin-1be2,16,76,Normal
2026-02-15 16:55:34.089244,Berlin-1be2,28,79,Normal
2026-02-15 16:55:35.089244,Berlin-1be2,11,46,Normal
2026-02-15 16:55:36.089244,Berlin-1be2,34,81,Normal
2026-02-15 16:55:37.089244,Berlin-1be2,-17,51,Normal
2026-02-15 16:55:38.089244,Berlin-1be2,2,43,Normal
2026-02-15 16:55:39.089244,Berlin-1be2,-22,14,Normal
2026-02-15 16:55:40.089244,Berlin-1be2,-3,99,Normal
2026-02-15 16:55:41.089244,Berlin-1be2,23,86,Normal
2026-02-15 16:55:42.089244,Berlin-1be2,-28,54,Normal
2026-02-15 16:55:43.089244,Berlin-1be2,39,66,Normal
2026-02-15 16:55:44.089244,Berlin-1be2,37,15,Normal
2026-02-15 16:55:45.089244,Berlin-1be2,6,83,Normal
2026-02-15 16:55:46.089244,Berlin-1be2,49,23,Normal
2026-02-15 16:55:47.089244,Berlin-1be2,10,65,Normal
2026-02-15 16:55:48.089244,Berlin-1be2,47,23,Normal
2026-02-15 16:55:49.089244,Berlin-1be2,42,11,Normal
2026-02-15 16:55:50.089244,Berlin-1be2,5,11,Normal
2026-02-15 16:55:51.089244,Berlin-1be2,1,13,Normal
2026-02-15 16:55:52.089244,Berlin-1be2,-22,36,Normal
2026-02-15 16:55:53.089244,Berlin-1be2,22,26,Normal
2026-02-15 16:55:54.089244,Berlin-1be2,21,67,Normal
2026-02-15 16:55:55.089244,Berlin-1be2,19,15,Normal
2026-02-15 16:55:56.089244,Berlin-1be2,32,5,Normal
2026-02-15 16:55:57.089244,Berlin-1be2,29,60,Normal
2026-02-15 16:55:58.089244,Berlin-1be2,-7,55,Normal
2026-02-15 16:55:59.089244,Berlin-1be2,42,59,Normal
2026-02-15 16:56:00.089244,Berlin-1be2,-14,94,Normal
2026-02-15 16:56:01.089244,Berlin-1be2,36,66,Normal
2026-02-15 16:56:02.089244,Berlin-1be2,-10,52,Normal
2026-02-15 16:56:03.089244,Berlin-1be2,49,21,Normal
2026-02-15 16:56:04.089244,Berlin-1be2,-7,16,Normal
2026-02-15 16:56:05.089244,Berlin-1be2,40,81,Normal
2026-02-15 16:56:06.089244,Berlin-1be2,-22,1,Normal
2026-02-15 16:56:07.089244,Berlin-1be2,-14,14,Normal
2026-02-15 16:56:08.089244,Berlin-1be2,38,65,Normal
2026-02-15 16:56:09.089244,Berlin-1be2,0,21,Normal
2026-02-15 16:56:10.089244,Berlin-1be2,-8,34,Normal
2026-02-15 16:56:11.089244,Berlin-1be2,40,90,Normal
2026-02-15 16:56:12.089244,Berlin-1be2,12,58,Normal
2026-02-15 16:56:13.089244,Berlin-1be2,37,33,Normal
2026-02-15 16:56:14.089244,Berlin-1be2,45,4,Normal
2026-02-15 16:56:15.089244,Berlin-1be2,-2,10,Normal
2026-02-15 16:56:16.089244,Berlin-1be2,37,95,Normal
2026-02-15 16:56:17.089244,Berlin-1be2,-1,82,Normal
2026-02-15 16:56:18.089244,Berlin-1be2,-29,48,Normal
2026-02-15 16:56:19.089244,Berlin-1be2,21,82,Normal
2026-02-15 16:56:20.089244,Berlin-1be2,21,71,Normal
2026-02-15 16:56:21.089244,Berlin-1be2,17,35,Normal
2026-02-15 16:56:22.089244,Berlin-1be2,35,71,Normal
2026-02-15 16:56:23.089244,Berlin-1be2,-25,87,Normal
2026-02-15 16:56:24.089244,Berlin-1be2,-20,92,Normal
2026-02-15 16:56:25.089244,Berlin-1be2,46,97,Normal
2026-02-15 16:56:26.089244,Berlin-1be2,-12,49,Normal
2026-02-15 16:56:27.089244,Berlin-1be2,4,78,Normal
2026-02-15 16:56:28.089244,Berlin-1be2,-8,31,Normal
2026-02-15 16:56:29.089244,Berlin-1be2,-20,36,Normal
2026-02-15 16:56:30.089244,Berlin-1be2,6,64,Normal
2026-02-15 16:56:31.089244,Berlin-1be2,43,58,Normal
2026-02-15 16:56:32.089244,Berlin-1be2,35,89,Normal
2026-02-15 16:56:33.089244,Berlin-1be2,36,56,Normal
2026-02-15 16:56:34.089244,Berlin-1be2,-28,75,Normal
2026-02-15 16:56:35.089244,Berlin-1be2,-25,89,Normal
2026-02-15 16:56:36.089244,Berlin-1be2,-2,46,Normal
2026-02-15 16:56:37.089244,Berlin-1be2,25,37,Normal
2026-02-15 16:56:38.089244,Berlin-1be2,5,71,Normal
2026-02-15 16:56:39.089244,Berlin-1be2,3,83,Normal
2026-02-15 16:56:40.089244,Berlin-1be2,-16,57,Normal
2026-02-15 16:56:41.089244,Berlin-1be2,-17,70,Normal
2026-02-15 16:56:42.089244,Berlin-1be2,-30,74,Normal
2026-02-15 16:56:43.089244,Berlin-1be2,-30,95,Normal
2026-02-15 16:56:44.089244,Berlin-1be2,4,48,Normal
2026-02-15 16:56:45.089244,Berlin-1be2,-25,52,Normal
2026-02-15 16:56:46.089244,Berlin-1be2,-27,60,Normal
2026-02-15 16:56:47.089244,Berlin-1be2,37,64,Normal
2026-02-15 16:56:48.089244,Berlin-1be2,22,13,Normal
2026-02-15 16:56:49.089244,Berlin-1be2,-3,60,Normal
2026-02-15 16:56:50.089244,Berlin-1be2,33,54,Normal
2026-02-15 16:56:51.089244,Berlin-1be2,-3,75,Normal
2026-02-15 16:56:52.089244,Berlin-1be2,5,59,Normal
2026-02-15 16:56:53.089244,Berlin-1be2,47,30,Normal
2026-02-15 16:56:54.089244,Berlin-1be2,-20,19,Normal
2026-02-15 16:56:55.089244,Berlin-1be2,37,37,Normal
2026-02-15 16:56:56.089244,Berlin-1be2,-30,96,Normal
2026-02-15 16:56:57.089244,Berlin-1be2,-4,87,Normal
2026-02-15 16:56:58.089244,Berlin-1be2,-2,41,Normal
2026-02-15 16:56:59.089244,Berlin-1be2,-11,10,Normal
2026-02-15 16:57:00.089244,Berlin-1be2,30,8,Normal
2026-02-15 16:57:01.089244,Berlin-1be2,44,46,Normal
2026-02-15 16:57:02.089244,Berlin-1be2,7,82,Normal
2026-02-15 16:57:03.089244,Berlin-1be2,27,10,Normal
2026-02-15 16:57:04.089244,Berlin-1be2,-21,55,Normal
2026-02-15 16:57:05.089244,Berlin-1be2,37,1,Normal
2026-02-15 16:57:06.089244,Berlin-1be2,-30,75,Normal
2026-02-15 16:57:07.089244,Berlin-1be2,33,91,Normal
2026-02-15 16:57:08.089244,Berlin-1be2,6,5,Normal
2026-02-15 16:57:09.089244,Berlin-1be2,-12,0,Normal
2026-02-15 16:57:10.089244,Berlin-1be2,17,41,Normal
2026-02-15 16:57:11.089244,Berlin-1be2,-29,17,Normal
2026-02-15 16:57:12.089244,Berlin-1be2,-4,49,Normal
2026-02-15 16:57:13.089244,Berlin-1be2,35,1,Normal
2026-02-15 16:57:14.089244,Berlin-1be2,46,72,Normal
2026-02-15 16:57:15.089244,Berlin-1be2,-26,29,Normal
2026-02-15 16:57:16.089244,Berlin-1be2,-2,59,Normal
2026-02-15 16:57:17.089244,Berlin-1be2,0,42,Normal
2026-02-15 16:57:18.089244,Berlin-1be2,3,14,Normal
2026-02-15 16:57:19.089244,Berlin-1be2,23,83,Normal
2026-02-15 16:57:20.089244,Berlin-1be2,-4,29,Normal
2026-02-15 16:57:21.089244,Berlin-1be2,13,28,Normal
2026-02-15 16:57:22.089244,Berlin-1be2,30,34,Normal
2026-02-15 16:57:23.089244,Berlin-1be2,42,76,Normal
2026-02-15 16:57:24.089244,Berlin-1be2,47,62,Normal
