timestamp,station_id,temp,humid,condition
2026-02-15 00:59:37.031401,NewYork-b6f9,31,14,Normal
2026-02-15 00:59:38.031401,NewYork-b6f9,-16,64,Normal
2026-02-15 00:59:39.031401,NewYork-b6f9,49,87,Normal
2026-02-15 00:59:40.031401,NewYork-b6f9,-5,41,Normal
2026-02-15 00:59:41.031401,NewYork-b6f9,22,49,Normal
2026-02-15 00:59:42.031401,NewYork-b6f9,-3,57,Normal
2026-02-15 00:59:43.031401,NewYork-b6f9,0,66,Normal
2026-02-15 00:59:44.031401,NewYork-b6f9,32,35,Normal
2026-02-15 00:59:45.031401,NewYork-b6f9,0,51,Normal
2026-02-15 00:59:46.031401,NewYork-b6f9,-16,96,Normal
2026-02-15 00:59:47.031401,NewYork-b6f9,-25,79,Normal
2026-02-15 00:59:48.031401,NewYork-b6f9,-8,57,Normal
2026-02-15 00:59:49.031401,NewYork-b6f9,-22,43,Normal
2026-02-15 00:59:50.031401,NewYork-b6f9,17,30,Normal
2026-02-15 00:59:51.031401,NewYork-b6f9,-23,76,Normal
2026-02-15 00:59:52.031401,NewYork-b6f9,28,19,Normal
2026-02-15 00:59:53.031401,NewYork-b6f9,50,67,Normal
2026-02-15 00:59:54.031401,NewYork-b6f9,-10,59,Normal
2026-02-15 00:59:55.031401,NewYork-b6f9,39,28,Normal
2026-02-15 00:59:56.031401,NewYork-b6f9,39,47,Normal
2026-02-15 00:59:57.031401,NewYork-b6f9,45,55,Normal
2026-02-15 00:59:58.031401,NewYork-b6f9,-14,22,Normal
2026-02-15 00:59:59.031401,NewYork-b6f9,8,92,Normal
2026-02-15 01:00:00.031401,NewYork-b6f9,17,12,Normal
2026-02-15 01:00:01.031401,NewYork-b6f9,27,59,Normal
2026-02-15 01:00:02.031401,NewYork-b6f9,14,91,Normal
2026-02-15 01:00:03.031401,NewYork-b6f9,50,66,Normal
2026-02-15 01:00:04.031401,NewYork-b6f9,24,90,Normal
2026-02-15 01:00:05.031401,NewYork-b6f9,30,17,Normal
2026-02-15 01:00:06.031401,NewYork-b6f9,22,87,Normal
2026-02-15 01:00:07.031401,NewYork-b6f9,28,63,Normal
2026-02-15 01:00:08.031401,NewYork-b6f9,-30,78,Normal
2026-02-15 01:00:09.031401,NewYork-b6f9,-21,14,Normal
2026-02-15 01:00:10.031401,NewYork-b6f9,38,100,Normal
2026-02-15 01:00:11.031401,NewYork-b6f9,20,67,Normal
2026-02-15 01:00:12.031401,NewYork-b6f9,32,22,Normal
2026-02-15 01:00:13.031401,NewYork-b6f9,26,25,Normal
2026-02-15 01:00:14.031401,NewYork-b6f9,8,9,Normal
2026-02-15 01:00:15.031401,NewYork-b6f9,11,40,Normal
2026-02-15 01:00:16.031401,NewYork-b6f9,8,34,Normal
2026-02-15 01:00:17.031401,NewYork-b6f9,-20,24,Normal
2026-02-15 01:00:18.031401,NewYork-b6f9,42,60,Normal
2026-02-15 01:00:19.031401,NewYork-b6f9,4,70,Normal
2026-02-15 01:00:20.031401,NewYork-b6f9,-11,65,Normal
2026-02-15 01:00:21.031401,NewYork-b6f9,4,11,Normal
2026-02-15 01:00:22.031401,NewYork-b6f9,44,83,Normal
2026-02-15 01:00:23.031401,NewYork-b6f9,29,47,Normal
2026-02-15 01:00:24.031401,NewYork-b6f9,-4,20,Normal
2026-02-15 01:00:25.031401,NewYork-b6f9,27,73,Normal
2026-02-15 01:00:26.031401,NewYork-b6f9,-15,82,Normal
2026-02-15 01:00:27.031401,NewYork-b6f9,23,13,Normal
2026-02-15 01:00:28.031401,NewYork-b6f9,-1,41,Normal
2026-02-15 01:00:29.031401,NewYork-b6f9,-6,65,Normal
2026-02-15 01:00:30.031401,NewYork-b6f9,31,43,Normal
2026-02-15 01:00:31.031401,NewYork-b6f9,15,31,Normal
2026-02-15 01:00:32.031401,NewYork-b6f9,-22,6,Normal
2026-02-15 01:00:33.031401,NewYork-b6f9,41,73,Normal
2026-02-15 01:00:34.031401,NewYork-b6f9,18,61,Normal
2026-02-15 01:00:35.031401,NewYork-b6f9,22,68,Normal
2026-02-15 01:00:36.031401,NewYork-b6f9,14,59,Normal
2026-02-15 01:00:37.031401,NewYork-b6f9,-22,66,Normal
2026-02-15 01:00:38.031401,NewYork-b6f9,46,56,Normal
2026-02-15 01:00:39.031401,NewYork-b6f9,27,25,Normal
2026-02-15 01:00:40.031401,NewYork-b6f9,6,41,Normal
2026-02-15 01:00:41.031401,NewYork-b6f9,-9,90,Normal
2026-02-15 01:00:42.031401,NewYork-b6f9,13,88,Normal
2026-02-15 01:00:43.031401,NewYork-b6f9,-18,84,Normal
2026-02-15 01:00:44.031401,NewYork-b6f9,2,37,Normal
2026-02-15 01:00:45.031401,NewYork-b6f9,25,70,Normal
2026-02-15 01:00:46.031401,NewYork-b6f9,4,29,Normal
2026-02-15 01:00:47.031401,NewYork-b6f9,-30,23,Normal
2026-02-15 01:00:48.031401,NewYork-b6f9,-6,26,Normal
2026-02-15 01:00:49.031401,NewYork-b6f9,24,46,Normal
2026-02-15 01:00:50.031401,NewYork-b6f9,-8,54,Normal
2026-02-15 01:00:51.031401,NewYork-b6f9,-11,88,Normal
2026-02-15 01:00:52.031401,NewYork-b6f9,-9,2,Normal
2026-02-15 01:00:53.031401,NewYork-b6f9,17,75,Normal
2026-02-15 01:00:54.031401,NewYork-b6f9,41,93,Normal
2026-02-15 01:00:55.031401,NewYork-b6f9,-6,7,Normal
2026-02-15 01:00:56.031401,NewYork-b6f9,27,70,Normal
2026-02-15 01:00:57.031401,NewYork-b6f9,17,37,Normal
2026-02-15 01:00:58.031401,NewYork-b6f9,47,96,Normal
2026-02-15 01:00:59.031401,NewYork-b6f9,-12,98,Normal
2026-02-15 01:01:00.031401,NewYork-b6f9,46,79,Normal
2026-02-15 01:01:01.031401,NewYork-b6f9,8,21,Normal
2026-02-15 01:01:02.031401,NewYork-b6f9,-28,66,Normal
2026-02-15 01:01:03.031401,NewYork-b6f9,38,22,Normal
2026-02-15 01:01:04.031401,NewYork-b6f9,-17,47,Normal
2026-02-15 01:01:05.031401,NewYork-b6f9,-21,18,Normal
2026-02-15 01:01:06.031401,NewYork-b6f9,33,53,Normal
2026-02-15 01:01:07.031401,NewYork-b6f9,-14,1,Normal
2026-02-15 01:01:08.031401,NewYork-b6f9,49,51,Normal
2026-02-15 01:01:09.031401,NewYork-b6f9,-10,89,Normal
2026-02-15 01:01:10.031401,NewYork-b6f9,49,24,Normal
2026-02-15 01:01:11.031401,NewYork-b6f9,31,59,Normal
2026-02-15 01:01:12.031401,NewYork-b6f9,43,75,Normal
2026-02-15 01:01:13.031401,NewYork-b6f9,20,93,Normal
2026-02-15 01:01:14.031401,NewYork-b6f9,-17,38,Normal
2026-02-15 01:01:15.031401,NewYork-b6f9,-14,95,Normal
2026-02-15 01:01:16.031401,NewYork-b6f9,21,66,Normal
2026-02-15 01:01:17.031401,NewYork-b6f9,-13,87,Normal
2026-02-15 01:01:18.031401,NewYork-b6f9,39,92,Normal
2026-02-15 01:01:19.031401,NewYork-b6f9,44,20,Normal
2026-02-15 01:01:20.031401,NewYork-b6f9,17,91,Normal
2026-02-15 01:01:21.031401,NewYork-b6f9,2,59,Normal
2026-02-15 01:01:22.031401,NewYork-b6f9,-8,53,Normal
2026-02-15 01:01:23.031401,NewYork-b6f9,-12,56,Normal
2026-02-15 01:01:24.031401,NewYork-b6f9,5,52,Normal
2026-02-15 01:01:25.031401,NewYork-b6f9,3,11,Normal
2026-02-15 01:01:26.031401,NewYork-b6f9,-17,36,Normal
2026-02-15 01:01:27.031401,NewYork-b6f9,16,14,Normal
2026-02-15 01:01:28.031401,NewYork-b6f9,31,20,Normal
2026-02-15 01:01:29.031401,NewYork-b6f9,38,10,Normal
2026-02-15 01:01:30.031401,NewYork-b6f9,45,90,Normal
2026-02-15 01:01:31.031401,NewYork-b6f9,28,61,Normal
2026-02-15 01:01:32.031401,NewYork-b6f9,-28,64,Normal
2026-02-15 01:01:33.031401,NewYork-b6f9,35,3,Normal
2026-02-15 01:01:34.031401,NewYork-b6f9,-16,36,Normal
2026-02-15 01:01:35.031401,NewYork-b6f9,20,23,Normal
2026-02-15 01:01:36.031401,NewYork-b6f9,-25,81,Normal
2026-02-15 01:01:37.031401,NewYork-b6f9,14,90,Normal
2026-02-15 01:01:38.031401,NewYork-b6f9,-7,54,Normal
2026-02-15 01:01:39.031401,NewYork-b6f9,-18,74,Normal
2026-02-15 01:01:40.031401,NewYork-b6f9,12,22,Normal
2026-02-15 01:01:41.031401,NewYork-b6f9,-17,9,Normal
2026-02-15 01:01:42.031401,NewYork-b6f9,8,31,Normal
2026-02-15 01:01:43.031401,NewYork-b6f9,10,70,Normal
2026-02-15 01:01:44.031401,NewYork-b6f9,-16,80,Normal
2026-02-15 01:01:45.031401,NewYork-b6f9,0,99,Normal
2026-02-15 01:01:46.031401,NewYork-b6f9,17,68,Normal
2026-02-15 01:01:47.031401,NewYork-b6f9,-16,8,Normal
2026-02-15 01:01:48.031401,NewYork-b6f9,-10,5,Normal
2026-02-15 01:01:49.031401,NewYork-b6f9,22,7,Normal
2026-02-15 01:01:50.031401,NewYork-b6f9,34,18,Normal
2026-02-15 01:01:51.031401,NewYork-b6f9,-6,84,Normal
2026-02-15 01:01:52.031401,NewYork-b6f9,-7,42,Normal
2026-02-15 01:01:53.031401,NewYork-b6f9,-10,99,Normal
2026-02-15 01:01:54.031401,NewYork-b6f9,-12,13,Normal
2026-02-15 01:01:55.031401,NewYork-b6f9,20,62,Normal
2026-02-15 01:01:56.031401,NewYork-b6f9,12,44,Normal
2026-02-15 01:01:57.031401,NewYork-b6f9,-6,98,Normal
2026-02-15 01:01:58.031401,NewYork-b6f9,-9,24,Normal
2026-02-15 01:01:59.031401,NewYork-b6f9,2,14,Normal
2026-02-15 01:02:00.031401,NewYork-b6f9,17,10,Normal
2026-02-15 01:02:01.031401,NewYork-b6f9,-1,41,Normal
2026-02-15 01:02:02.031401,NewYork-b6f9,36,40,Normal
2026-02-15 01:02:03.031401,NewYork-b6f9,46,100,Normal
2026-02-15 01:02:04.031401,NewYork-b6f9,17,47,Normal
2026-02-15 01:02:05.031401,NewYork-b6f9,11,60,Normal
2026-02-15 01:02:06.031401,NewYork-b6f9,24,30,Normal
2026-02-15 01:02:07.031401,NewYork-b6f9,36,39,Normal
2026-02-15 01:02:08.031401,NewYork-b6f9,0,14,Normal
2026-02-15 01:02:09.031401,NewYork-b6f9,-24,44,Normal
2026-02-15 01:02:10.031401,NewYork-b6f9,-20,99,Normal
2026-02-15 01:02:11.031401,NewYork-b6f9,-9,66,Normal
2026-02-15 01:02:12.031401,NewYork-b6f9,46,77,Normal
2026-02-15 01:02:13.031401,NewYork-b6f9,46,86,Normal
2026-02-15 01:02:14.031401,NewYork-b6f9,-25,52,Normal
2026-02-15 01:02:15.031401,NewYork-b6f9,47,39,Normal
2026-02-15 01:02:16.031401,NewYork-b6f9,14,80,Normal
2026-02-15 01:02:17.031401,NewYork-b6f9,16,21,Normal
2026-02-15 01:02:18.031401,NewYork-b6f9,-8,51,Normal
2026-02-15 01:02:19.031401,NewYork-b6f9,1,6,Normal
2026-02-15 01:02:20.031401,NewYork-b6f9,36,96,Normal
2026-02-15 01:02:21.031401,NewYork-b6f9,-26,38,Normal
2026-02-15 01:02:22.031401,NewYork-b6f9,-27,69,Normal
2026-02-15 01:02:23.031401,NewYork-b6f9,-24,70,Normal
2026-02-15 01:02:24.031401,NewYork-b6f9,20,66,Normal
2026-02-15 01:02:25.031401,NewYork-b6f9,-9,21,Normal
2026-02-15 01:02:26.031401,NewYork-b6f9,-17,49,Normal
2026-02-15 01:02:27.031401,NewYork-b6f9,-5,32,Normal
2026-02-15 01:02:28.031401,NewYork-b6f9,36,75,Normal
2026-02-15 01:02:29.031401,NewYork-b6f9,-20,94,Normal
2026-02-15 01:02:30.031401,NewYork-b6f9,-6,20,Normal
2026-02-15 01:02:31.031401,NewYork-b6f9,27,91,Normal
2026-02-15 01:02:32.031401,NewYork-b6f9,-27,99,Normal
2026-02-15 01:02:33.031401,NewYork-b6f9,48,10,Normal
2026-02-15 01:02:34.031401,NewYork-b6f9,-30,7,Normal
2026-02-15 01:02:35.031401,NewYork-b6f9,-9,38,Normal
2026-02-15 01:02:36.031401,NewYork-b6f9,-30,89,Normal
2026-02-15 01:02:37.031401,NewYork-b6f9,32,13,Normal
2026-02-15 01:02:38.031401,NewYork-b6f9,44,69,Normal
2026-02-15 01:02:39.031401,NewYork-b6f9,-2,5,Normal
2026-02-15 01:02:40.031401,NewYork-b6f9,16,66,Normal
2026-02-15 01:02:41.031401,NewYork-b6f9,47,49,Normal
2026-02-15 01:02:42.031401,NewYork-b6f9,38,9,Normal
2026-02-15 01:02:43.031401,NewYork-b6f9,6,60,Normal
2026-02-15 01:02:44.031401,NewYork-b6f9,-23,11,Normal
2026-02-15 01:02:45.031401,NewYork-b6f9,-10,46,Normal
2026-02-15 01:02:46.031401,NewYork-b6f9,17,46,Normal
2026-02-15 01:02:47.031401,NewYork-b6f9,41,8,Normal
2026-02-15 01:02:48.031401,NewYork-b6f9,2,12,Normal
2026-02-15 01:02:49.031401,NewYork-b6f9,42,62,Normal
2026-02-15 01:02:50.031401,NewYork-b6f9,20,55,Normal
2026-02-15 01:02:51.031401,NewYork-b6f9,22,88,Normal
2026-02-15 01:02:52.031401,NewYork-b6f9,37,65,Normal
2026-02-15 01:02:53.031401,NewYork-b6f9,-26,83,Normal
2026-02-15 01:02:54.031401,NewYork-b6f9,-22,75,Normal
2026-02-15 01:02:55.031401,NewYork-b6f9,20,82,Normal
2026-02-15 01:02:56.031401,NewYork-b6f9,2,50,Normal
2026-02-15 01:02:57.031401,NewYork-b6f9,18,6,Normal
2026-02-15 01:02:58.031401,NewYork-b6f9,21,7,Normal
2026-02-15 01:02:59.031401,NewYork-b6f9,-25,5,Normal
2026-02-15 01:03:00.031401,NewYork-b6f9,-28,62,Normal
2026-02-15 01:03:01.031401,NewYork-b6f9,25,23,Normal
2026-02-15 01:03:02.031401,NewYork-b6f9,-25,27,Normal
2026-02-15 01:03:03.031401,NewYork-b6f9,13,92,Normal
2026-02-15 01:03:04.031401,NewYork-b6f9,44,43,Normal
2026-02-15 01:03:05.031401,NewYork-b6f9,48,38,Normal
2026-02-15 01:03:06.031401,NewYork-b6f9,8,65,Normal
2026-02-15 01:03:07.031401,NewYork-b6f9,38,0,Normal
2026-02-15 01:03:08.031401,NewYork-b6f9,-17,26,Normal
2026-02-15 01:03:09.031401,NewYork-b6f9,-5,76,Normal
2026-02-15 01:03:10.031401,NewYork-b6f9,-26,22,Normal
2026-02-15 01:03:11.031401,NewYork-b6f9,1,8,Normal
2026-02-15 01:03:12.031401,NewYork-b6f9,44,19,Normal
2026-02-15 01:03:13.031401,NewYork-b6f9,37,25,Normal
2026-02-15 01:03:14.031401,NewYork-b6f9,47,46,Normal
2026-02-15 01:03:15.031401,NewYork-b6f9,11,65,Normal
2026-02-15 01:03:16.031401,NewYork-b6f9,-12,21,Normal
2026-02-15 01:03:17.031401,NewYork-b6f9,47,2,Normal
2026-02-15 01:03:18.031401,NewYork-b6f9,19,18,Normal
2026-02-15 01:03:19.031401,NewYork-b6f9,-19,75,Normal
2026-02-15 01:03:20.031401,NewYork-b6f9,23,82,Normal
2026-02-15 01:03:21.031401,NewYork-b6f9,21,80,Normal
2026-02-15 01:03:22.031401,NewYork-b6f9,-9,43,Normal
2026-02-15 01:03:23.031401,NewYork-b6f9,19,13,Normal
2026-02-15 01:03:24.031401,NewYork-b6f9,-13,85,Normal
2026-02-15 01:03:25.031401,NewYork-b6f9,-18,90,Normal
2026-02-15 01:03:26.031401,NewYork-b6f9,0,70,Normal
2026-02-15 01:03:27.031401,NewYork-b6f9,11,18,Normal
2026-02-15 01:03:28.031401,NewYork-b6f9,33,19,Normal
2026-02-15 01:03:29.031401,NewYork-b6f9,-22,25,Normal
2026-02-15 01:03:30.031401,NewYork-b6f9,-1,1,Normal
2026-02-15 01:03:31.031401,NewYork-b6f9,-9,26,Normal
2026-02-15 01:03:32.031401,NewYork-b6f9,27,13,Normal
2026-02-15 01:03:33.031401,NewYork-b6f9,30,34,Normal
2026-02-15 01:03:34.031401,NewYork-b6f9,17,91,Normal
2026-02-15 01:03:35.031401,NewYork-b6f9,13,81,Normal
2026-02-15 01:03:36.031401,NewYork-b6f9,-16,69,Normal
2026-02-15 01:03:37.031401,NewYork-b6f9,8,67,Normal
2026-02-15 01:03:38.031401,NewYork-b6f9,31,18,Normal
2026-02-15 01:03:39.031401,NewYork-b6f9,17,83,Normal
2026-02-15 01:03:40.031401,NewYork-b6f9,8,37,Normal
2026-02-15 01:03:41.031401,NewYork-b6f9,11,83,Normal
2026-02-15 01:03:42.031401,NewYork-b6f9,36,22,Normal
2026-02-15 01:03:43.031401,NewYork-b6f9,18,34,Normal
2026-02-15 01:03:44.031401,NewYork-b6f9,5,44,Normal
2026-02-15 01:03:45.031401,NewYork-b6f9,46,66,Normal
2026-02-15 01:03:46.031401,NewYork-b6f9,7,72,Normal
2026-02-15 01:03:47.031401,NewYork-b6f9,19,96,Normal
2026-02-15 01:03:48.031401,NewYork-b6f9,49,47,Normal
2026-02-15 01:03:49.031401,NewYork-b6f9,16,93,Normal
2026-02-15 01:03:50.031401,NewYork-b6f9,19,13,Normal
2026-02-15 01:03:51.031401,NewYork-b6f9,-27,5,Normal
2026-02-15 01:03:52.031401,NewYork-b6f9,-18,67,Normal
2026-02-15 01:03:53.031401,NewYork-b6f9,21,58,Normal
2026-02-15 01:03:54.031401,NewYork-b6f9,18,64,Normal
2026-02-15 01:03:55.031401,NewYork-b6f9,17,54,Normal
2026-02-15 01:03:56.031401,NewYork-b6f9,-9,97,Normal
2026-02-15 01:03:57.031401,NewYork-b6f9,-6,58,Normal
2026-02-15 01:03:58.031401,NewYork-b6f9,25,57,Normal
2026-02-15 01:03:59.031401,NewYork-b6f9,-18,49,Normal
2026-02-15 01:04:00.031401,NewYork-b6f9,15,9,Normal
2026-02-15 01:04:01.031401,NewYork-b6f9,38,47,Normal
2026-02-15 01:04:02.031401,NewYork-b6f9,26,82,Normal
2026-02-15 01:04:03.031401,NewYork-b6f9,20,81,Normal
2026-02-15 01:04:04.031401,NewYork-b6f9,-11,14,Normal
2026-02-15 01:04:05.031401,NewYork-b6f9,-18,54,Normal
2026-02-15 01:04:06.031401,NewYork-b6f9,-14,64,Normal
2026-02-15 01:04:07.031401,NewYork-b6f9,10,38,Normal
2026-02-15 01:04:08.031401,NewYork-b6f9,-24,59,Normal
2026-02-15 01:04:09.031401,NewYork-b6f9,35,90,Normal
2026-02-15 01:04:10.031401,NewYork-b6f9,-3,94,Normal
2026-02-15 01:04:11.031401,NewYork-b6f9,18,77,Normal
2026-02-15 01:04:12.031401,NewYork-b6f9,20,68,Normal
2026-02-15 01:04:13.031401,NewYork-b6f9,-2,16,Normal
2026-02-15 01:04:14.031401,NewYork-b6f9,17,59,Normal
2026-02-15 01:04:15.031401,NewYork-b6f9,8,97,Normal
2026-02-15 01:04:16.031401,NewYork-b6f9,-3,97,Normal
2026-02-15 01:04:17.031401,NewYork-b6f9,36,31,Normal
2026-02-15 01:04:18.031401,NewYork-b6f9,39,70,Normal
2026-02-15 01:04:19.031401,NewYork-b6f9,-2,38,Normal
2026-02-15 01:04:20.031401,NewYork-b6f9,20,13,Normal
2026-02-15 01:04:21.031401,NewYork-b6f9,31,64,Normal
2026-02-15 01:04:22.031401,NewYork-b6f9,8,87,Normal
2026-02-15 01:04:23.031401,NewYork-b6f9,35,85,Normal
2026-02-15 01:04:24.031401,NewYork-b6f9,-27,82,Normal
2026-02-15 01:04:25.031401,NewYork-b6f9,50,50,Normal
2026-02-15 01:04:26.031401,NewYork-b6f9,-24,37,Normal
2026-02-15 01:04:27.031401,NewYork-b6f9,49,100,Normal
2026-02-15 01:04:28.031401,NewYork-b6f9,6,30,Normal
2026-02-15 01:04:29.031401,NewYork-b6f9,22,66,Normal
2026-02-15 01:04:30.031401,NewYork-b6f9,37,60,Normal
2026-02-15 01:04:31.031401,NewYork-b6f9,0,0,Normal
2026-02-15 01:04:32.031401,NewYork-b6f9,18,81,Normal
2026-02-15 01:04:33.031401,NewYork-b6f9,-28,60,Normal
2026-02-15 01:04:34.031401,NewYork-b6f9,-28,92,Normal
2026-02-15 01:04:35.031401,NewYork-b6f9,9,1,Normal
2026-02-15 01:04:36.031401,NewYork-b6f9,-23,75,Normal
2026-02-15 01:04:37.031401,NewYork-b6f9,-11,63,Normal
2026-02-15 01:04:38.031401,NewYork-b6f9,34,88,Normal
2026-02-15 01:04:39.031401,NewYork-b6f9,27,74,Normal
2026-02-15 01:04:40.031401,NewYork-b6f9,7,48,Normal
2026-02-15 01:04:41.031401,NewYork-b6f9,47,66,Normal
2026-02-15 01:04:42.031401,NewYork-b6f9,18,37,Normal
2026-02-15 01:04:43.031401,NewYork-b6f9,44,87,Normal
2026-02-15 01:04:44.031401,NewYork-b6f9,44,61,Normal
2026-02-15 01:04:45.031401,NewYork-b6f9,49,64,Normal
2026-02-15 01:04:46.031401,NewYork-b6f9,-2,99,Normal
2026-02-15 01:04:47.031401,NewYork-b6f9,-2,46,Normal
2026-02-15 01:04:48.031401,NewYork-b6f9,-13,79,Normal
2026-02-15 01:04:49.031401,NewYork-b6f9,0,20,Normal
2026-02-15 01:04:50.031401,NewYork-b6f9,46,30,Normal
2026-02-15 01:04:51.031401,NewYork-b6f9,4,58,Normal
2026-02-15 01:04:52.031401,NewYork-b6f9,-18,42,Normal
2026-02-15 01:04:53.031401,NewYork-b6f9,39,24,Normal
2026-02-15 01:04:54.031401,NewYork-b6f9,26,32,Normal
2026-02-15 01:04:55.031401,NewYork-b6f9,-29,33,Normal
2026-02-15 01:04:56.031401,NewYork-b6f9,15,58,Normal
2026-02-15 01:04:57.031401,NewYork-b6f9,-20,28,Normal
2026-02-15 01:04:58.031401,NewYork-b6f9,12,35,Normal
2026-02-15 01:04:59.031401,NewYork-b6f9,34,69,Normal
2026-02-15 01:05:00.031401,NewYork-b6f9,-10,97,Normal
2026-02-15 01:05:01.031401,NewYork-b6f9,50,1,Normal
2026-02-15 01:05:02.031401,NewYork-b6f9,28,65,Normal
2026-02-15 01:05:03.031401,NewYork-b6f9,21,91,Normal
2026-02-15 01:05:04.031401,NewYork-b6f9,24,24,Normal
2026-02-15 01:05:05.031401,NewYork-b6f9,33,3,Normal
2026-02-15 01:05:06.031401,NewYork-b6f9,-25,53,Normal
2026-02-15 01:05:07.031401,NewYork-b6f9,-8,82,Normal
2026-02-15 01:05:08.031401,NewYork-b6f9,37,71,Normal
2026-02-15 01:05:09.031401,NewYork-b6f9,8,17,Normal
2026-02-15 01:05:10.031401,NewYork-b6f9,44,54,Normal
2026-02-15 01:05:11.031401,NewYork-b6f9,31,18,Normal
2026-02-15 01:05:12.031401,NewYork-b6f9,-21,2,Normal
2026-02-15 01:05:13.031401,NewYork-b6f9,47,44,Normal
2026-02-15 01:05:14.031401,NewYork-b6f9,33,94,Normal
2026-02-15 01:05:15.031401,NewYork-b6f9,48,2,Normal
2026-02-15 01:05:16.031401,NewYork-b6f9,29,5,Normal
2026-02-15 01:05:17.031401,NewYork-b6f9,29,35,Normal
2026-02-15 01:05:18.031401,NewYork-b6f9,2,24,Normal
2026-02-15 01:05:19.031401,NewYork-b6f9,-25,42,Normal
2026-02-15 01:05:20.031401,NewYork-b6f9,28,52,Normal
2026-02-15 01:05:21.031401,NewYork-b6f9,48,18,Normal
2026-02-15 01:05:22.031401,NewYork-b6f9,32,32,Normal
2026-02-15 01:05:23.031401,NewYork-b6f9,30,30,Normal
2026-02-15 01:05:24.031401,NewYork-b6f9,-3,34,Normal
2026-02-15 01:05:25.031401,NewYork-b6f9,12,59,Normal
2026-02-15 01:05:26.031401,NewYork-b6f9,-26,59,Normal
2026-02-15 01:05:27.031401,NewYork-b6f9,18,0,Normal
2026-02-15 01:05:28.031401,NewYork-b6f9,-25,17,Normal
2026-02-15 01:05:29.031401,NewYork-b6f9,50,14,Normal
2026-02-15 01:05:30.031401,NewYork-b6f9,35,75,Normal
2026-02-15 01:05:31.031401,NewYork-b6f9,-30,38,Normal
2026-02-15 01:05:32.031401,NewYork-b6f9,-7,23,Normal
2026-02-15 01:05:33.031401,NewYork-b6f9,-11,58,Normal
2026-02-15 01:05:34.031401,NewYork-b6f9,-23,21,Normal
2026-02-15 01:05:35.031401,NewYork-b6f9,43,50,Normal
2026-02-15 01:05:36.031401,NewYork-b6f9,33,88,Normal
2026-02-15 01:05:37.031401,NewYork-b6f9,-12,93,Normal
2026-02-15 01:05:38.031401,NewYork-b6f9,-4,93,Normal
2026-02-15 01:05:39.031401,NewYork-b6f9,-13,62,Normal
2026-02-15 01:05:40.031401,NewYork-b6f9,20,71,Normal
2026-02-15 01:05:41.031401,NewYork-b6f9,-29,97,Normal
2026-02-15 01:05:42.031401,NewYork-b6f9,7,53,Normal
2026-02-15 01:05:43.031401,NewYork-b6f9,18,77,Normal
2026-02-15 01:05:44.031401,NewYork-b6f9,-15,77,Normal
2026-02-15 01:05:45.031401,NewYork-b6f9,-14,20,Normal
2026-02-15 01:05:46.031401,NewYork-b6f9,-19,42,Normal
2026-02-15 01:05:47.031401,NewYork-b6f9,-5,37,Normal
2026-02-15 01:05:48.031401,NewYork-b6f9,47,25,Normal
2026-02-15 01:05:49.031401,NewYork-b6f9,47,48,Normal
2026-02-15 01:05:50.031401,NewYork-b6f9,20,12,Normal
2026-02-15 01:05:51.031401,NewYork-b6f9,-13,51,Normal
2026-02-15 01:05:52.031401,NewYork-b6f9,-8,13,Normal
2026-02-15 01:05:53.031401,NewYork-b6f9,6,54,Normal
2026-02-15 01:05:54.031401,NewYork-b6f9,7,39,Normal
2026-02-15 01:05:55.031401,NewYork-b6f9,22,64,Normal
2026-02-15 01:05:56.031401,NewYork-b6f9,23,0,Normal
2026-02-15 01:05:57.031401,NewYork-b6f9,39,48,Normal
2026-02-15 01:05:58.031401,NewYork-b6f9,26,85,Normal
2026-02-15 01:05:59.031401,NewYork-b6f9,8,31,Normal
2026-02-15 01:06:00.031401,NewYork-b6f9,40,87,Normal
2026-02-15 01:06:01.031401,NewYork-b6f9,-9,50,Normal
2026-02-15 01:06:02.031401,NewYork-b6f9,20,72,Normal
2026-02-15 01:06:03.031401,NewYork-b6f9,1,47,Normal
2026-02-15 01:06:04.031401,NewYork-b6f9,-21,95,Normal
2026-02-15 01:06:05.031401,NewYork-b6f9,-30,41,Normal
2026-02-15 01:06:06.031401,NewYork-b6f9,47,96,Normal
2026-02-15 01:06:07.031401,NewYork-b6f9,6,45,Normal
2026-02-15 01:06:08.031401,NewYork-b6f9,46,62,Normal
2026-02-15 01:06:09.031401,NewYork-b6f9,33,67,Normal
2026-02-15 01:06:10.031401,NewYork-b6f9,36,27,Normal
2026-02-15 01:06:11.031401,NewYork-b6f9,18,88,Normal
2026-02-15 01:06:12.031401,NewYork-b6f9,-11,82,Normal
2026-02-15 01:06:13.031401,NewYork-b6f9,-23,27,Normal
2026-02-15 01:06:14.031401,NewYork-b6f9,4,23,Normal
2026-02-15 01:06:15.031401,NewYork-b6f9,-4,45,Normal
2026-02-15 01:06:16.031401,NewYork-b6f9,-17,70,Normal
2026-02-15 01:06:17.031401,NewYork-b6f9,-4,46,Normal
2026-02-15 01:06:18.031401,NewYork-b6f9,2,19,Normal
2026-02-15 01:06:19.031401,NewYork-b6f9,-3,77,Normal
2026-02-15 01:06:20.031401,NewYork-b6f9,-14,30,Normal
2026-02-15 01:06:21.031401,NewYork-b6f9,3,10,Normal
2026-02-15 01:06:22.031401,NewYork-b6f9,31,57,Normal
2026-02-15 01:06:23.031401,NewYork-b6f9,-25,25,Normal
2026-02-15 01:06:24.031401,NewYork-b6f9,-28,36,Normal
2026-02-15 01:06:25.031401,NewYork-b6f9,30,64,Normal
2026-02-15 01:06:26.031401,NewYork-b6f9,45,32,Normal
2026-02-15 01:06:27.031401,NewYork-b6f9,50,17,Normal
2026-02-15 01:06:28.031401,NewYork-b6f9,-18,62,Normal
2026-02-15 01:06:29.031401,NewYork-b6f9,50,77,Normal
2026-02-15 01:06:30.031401,NewYork-b6f9,-29,93,Normal
2026-02-15 01:06:31.031401,NewYork-b6f9,26,73,Normal
2026-02-15 01:06:32.031401,NewYork-b6f9,31,14,Normal
2026-02-15 01:06:33.031401,NewYork-b6f9,12,22,Normal
2026-02-15 01:06:34.031401,NewYork-b6f9,2,78,Normal
2026-02-15 01:06:35.031401,NewYork-b6f9,2,40,Normal
2026-02-15 01:06:36.031401,NewYork-b6f9,21,43,Normal
2026-02-15 01:06:37.031401,NewYork-b6f9,6,34,Normal
2026-02-15 01:06:38.031401,NewYork-b6f9,-15,61,Normal
2026-02-15 01:06:39.031401,NewYork-b6f9,14,88,Normal
2026-02-15 01:06:40.031401,NewYork-b6f9,43,86,Normal
2026-02-15 01:06:41.031401,NewYork-b6f9,-19,32,Normal
2026-02-15 01:06:42.031401,NewYork-b6f9,25,69,Normal
2026-02-15 01:06:43.031401,NewYork-b6f9,-20,14,Normal
2026-02-15 01:06:44.031401,NewYork-b6f9,20,61,Normal
2026-02-15 01:06:45.031401,NewYork-b6f9,-15,8,Normal
2026-02-15 01:06:46.031401,NewYork-b6f9,-23,54,Normal
2026-02-15 01:06:47.031401,NewYork-b6f9,-1,97,Normal
2026-02-15 01:06:48.031401,NewYork-b6f9,4,73,Normal
2026-02-15 01:06:49.031401,NewYork-b6f9,-30,0,Normal
2026-02-15 01:06:50.031401,NewYork-b6f9,15,96,Normal
2026-02-15 01:06:51.031401,NewYork-b6f9,-2,22,Normal
2026-02-15 01:06:52.031401,NewYork-b6f9,-7,46,Normal
2026-02-15 01:06:53.031401,NewYork-b6f9,-10,76,Normal
2026-02-15 01:06:54.031401,NewYork-b6f9,7,59,Normal
2026-02-15 01:06:55.031401,NewYork-b6f9,-29,71,Normal
2026-02-15 01:06:56.031401,NewYork-b6f9,47,20,Normal
2026-02-15 01:06:57.031401,NewYork-b6f9,-17,37,Normal
2026-02-15 01:06:58.031401,NewYork-b6f9,49,38,Normal
2026-02-15 01:06:59.031401,NewYork-b6f9,-21,99,Normal
2026-02-15 01:07:00.031401,NewYork-b6f9,36,48,Normal
2026-02-15 01:07:01.031401,NewYork-b6f9,8,72,Normal
2026-02-15 01:07:02.031401,NewYork-b6f9,11,63,Normal
2026-02-15 01:07:03.031401,NewYork-b6f9,-6,85,Normal
2026-02-15 01:07:04.031401,NewYork-b6f9,22,13,Normal
2026-02-15 01:07:05.031401,NewYork-b6f9,27,42,Normal
2026-02-15 01:07:06.031401,NewYork-b6f9,24,72,Normal
2026-02-15 01:07:07.031401,NewYork-b6f9,28,94,Normal
2026-02-15 01:07:08.031401,NewYork-b6f9,12,19,Normal
2026-02-15 01:07:09.031401,NewYork-b6f9,35,81,Normal
2026-02-15 01:07:10.031401,NewYork-b6f9,37,93,Normal
2026-02-15 01:07:11.031401,NewYork-b6f9,22,4,Normal
2026-02-15 01:07:12.031401,NewYork-b6f9,-5,90,Normal
2026-02-15 01:07:13.031401,NewYork-b6f9,-9,74,Normal
2026-02-15 01:07:14.031401,NewYork-b6f9,6,30,Normal
2026-02-15 01:07:15.031401,NewYork-b6f9,-17,13,Normal
2026-02-15 01:07:16.031401,NewYork-b6f9,33,56,Normal
2026-02-15 01:07:17.031401,NewYork-b6f9,-30,48,Normal
2026-02-15 01:07:18.031401,NewYork-b6f9,-14,99,Normal
2026-02-15 01:07:19.031401,NewYork-b6f9,-9,35,Normal
2026-02-15 01:07:20.031401,NewYork-b6f9,0,49,Normal
2026-02-15 01:07:21.031401,NewYork-b6f9,12,59,Normal
2026-02-15 01:07:22.031401,NewYork-b6f9,-21,58,Normal
2026-02-15 01:07:23.031401,NewYork-b6f9,-22,92,Normal
2026-02-15 01:07:24.031401,NewYork-b6f9,33,82,Normal
2026-02-15 01:07:25.031401,NewYork-b6f9,30,31,Normal
2026-02-15 01:07:26.031401,NewYork-b6f9,-19,99,Normal
2026-02-15 01:07:27.031401,NewYork-b6f9,-22,21,Normal
2026-02-15 01:07:28.031401,NewYork-b6f9,-27,66,Normal
2026-02-15 01:07:29.031401,NewYork-b6f9,38,30,Normal
2026-02-15 01:07:30.031401,NewYork-b6f9,-22,64,Normal
2026-02-15 01:07:31.031401,NewYork-b6f9,-19,77,Normal
2026-02-15 01:07:32.031401,NewYork-b6f9,-26,69,Normal
2026-02-15 01:07:33.031401,NewYork-b6f9,36,7,Normal
2026-02-15 01:07:34.031401,NewYork-b6f9,26,72,Normal
2026-02-15 01:07:35.031401,NewYork-b6f9,17,19,Normal
2026-02-15 01:07:36.031401,NewYork-b6f9,-26,45,Normal
2026-02-15 01:07:37.031401,NewYork-b6f9,35,64,Normal
2026-02-15 01:07:38.031401,NewYork-b6f9,1,98,Normal
2026-02-15 01:07:39.031401,NewYork-b6f9,10,42,Normal
2026-02-15 01:07:40.031401,NewYork-b6f9,-8,20,Normal
2026-02-15 01:07:41.031401,NewYork-b6f9,23,89,Normal
2026-02-15 01:07:42.031401,NewYork-b6f9,32,28,Normal
2026-02-15 01:07:43.031401,NewYork-b6f9,-23,17,Normal
2026-02-15 01:07:44.031401,NewYork-b6f9,-29,62,Normal
2026-02-15 01:07:45.031401,NewYork-b6f9,-15,74,Normal
2026-02-15 01:07:46.031401,NewYork-b6f9,-4,38,Normal
2026-02-15 01:07:47.031401,NewYork-b6f9,-20,78,Normal
2026-02-15 01:07:48.031401,NewYork-b6f9,-14,54,Normal
2026-02-15 01:07:49.031401,NewYork-b6f9,22,60,Normal
2026-02-15 01:07:50.031401,NewYork-b6f9,-18,44,Normal
2026-02-15 01:07:51.031401,NewYork-b6f9,19,15,Normal
2026-02-15 01:07:52.031401,NewYork-b6f9,33,62,Normal
2026-02-15 01:07:53.031401,NewYork-b6f9,-4,28,Normal
2026-02-15 01:07:54.031401,NewYork-b6f9,-27,12,Normal
2026-02-15 01:07:55.031401,NewYork-b6f9,20,31,Normal
2026-02-15 01:07:56.031401,NewYork-b6f9,9,95,Normal
2026-02-15 01:07:57.031401,NewYork-b6f9,8,82,Normal
2026-02-15 01:07:58.031401,NewYork-b6f9,12,80,Normal
2026-02-15 01:07:59.031401,NewYork-b6f9,37,30,Normal
2026-02-15 01:08:00.031401,NewYork-b6f9,49,45,Normal
2026-02-15 01:08:01.031401,NewYork-b6f9,1,90,Normal
2026-02-15 01:08:02.031401,NewYork-b6f9,-25,15,Normal
2026-02-15 01:08:03.031401,NewYork-b6f9,-18,32,Normal
2026-02-15 01:08:04.031401,NewYork-b6f9,-17,60,Normal
2026-02-15 01:08:05.031401,NewYork-b6f9,42,63,Normal
2026-02-15 01:08:06.031401,NewYork-b6f9,42,100,Normal
2026-02-15 01:08:07.031401,NewYork-b6f9,-27,74,Normal
2026-02-15 01:08:08.031401,NewYork-b6f9,44,67,Normal
2026-02-15 01:08:09.031401,NewYork-b6f9,-25,15,Normal
2026-02-15 01:08:10.031401,NewYork-b6f9,13,58,Normal
2026-02-15 01:08:11.031401,NewYork-b6f9,-30,84,Normal
2026-02-15 01:08:12.031401,NewYork-b6f9,43,34,Normal
2026-02-15 01:08:13.031401,NewYork-b6f9,13,91,Normal
2026-02-15 01:08:14.031401,NewYork-b6f9,-17,90,Normal
2026-02-15 01:08:15.031401,NewYork-b6f9,-29,97,Normal
2026-02-15 01:08:16.031401,NewYork-b6f9,35,96,Normal
2026-02-15 01:08:17.031401,NewYork-b6f9,-24,20,Normal
2026-02-15 01:08:18.031401,NewYork-b6f9,-30,75,Normal
2026-02-15 01:08:19.031401,NewYork-b6f9,-4,69,Normal
2026-02-15 01:08:20.031401,NewYork-b6f9,43,21,Normal
2026-02-15 01:08:21.031401,NewYork-b6f9,33,90,Normal
2026-02-15 01:08:22.031401,NewYork-b6f9,-16,51,Normal
2026-02-15 01:08:23.031401,NewYork-b6f9,-27,78,Normal
2026-02-15 01:08:24.031401,NewYork-b6f9,13,56,Normal
2026-02-15 01:08:25.031401,NewYork-b6f9,-16,58,Normal
2026-02-15 01:08:26.031401,NewYork-b6f9,35,98,Normal
2026-02-15 01:08:27.031401,NewYork-b6f9,-2,71,Normal
2026-02-15 01:08:28.031401,NewYork-b6f9,19,36,Normal
2026-02-15 01:08:29.031401,NewYork-b6f9,-26,45,Normal
2026-02-15 01:08:30.031401,NewYork-b6f9,-20,69,Normal
2026-02-15 01:08:31.031401,NewYork-b6f9,-3,14,Normal
2026-02-15 01:08:32.031401,NewYork-b6f9,-9,18,Normal
2026-02-15 01:08:33.031401,NewYork-b6f9,15,68,Normal
2026-02-15 01:08:34.031401,NewYork-b6f9,34,66,Normal
2026-02-15 01:08:35.031401,NewYork-b6f9,-10,15,Normal
2026-02-15 01:08:36.031401,NewYork-b6f9,-21,76,Normal
2026-02-15 01:08:37.031401,NewYork-b6f9,37,11,Normal
2026-02-15 01:08:38.031401,NewYork-b6f9,20,12,Normal
2026-02-15 01:08:39.031401,NewYork-b6f9,7,34,Normal
2026-02-15 01:08:40.031401,NewYork-b6f9,-9,55,Normal
2026-02-15 01:08:41.031401,NewYork-b6f9,-27,7,Normal
2026-02-15 01:08:42.031401,NewYork-b6f9,-7,21,Normal
2026-02-15 01:08:43.031401,NewYork-b6f9,-18,86,Normal
2026-02-15 01:08:44.031401,NewYork-b6f9,-13,49,Normal
2026-02-15 01:08:45.031401,NewYork-b6f9,44,91,Normal
2026-02-15 01:08:46.031401,NewYork-b6f9,28,32,Normal
2026-02-15 01:08:47.031401,NewYork-b6f9,44,6,Normal
2026-02-15 01:08:48.031401,NewYork-b6f9,41,95,Normal
2026-02-15 01:08:49.031401,NewYork-b6f9,39,70,Normal
2026-02-15 01:08:50.031401,NewYork-b6f9,36,7,Normal
2026-02-15 01:08:51.031401,NewYork-b6f9,-26,35,Normal
2026-02-15 01:08:52.031401,NewYork-b6f9,44,58,Normal
2026-02-15 01:08:53.031401,NewYork-b6f9,46,82,Normal
2026-02-15 01:08:54.031401,NewYork-b6f9,16,15,Normal
2026-02-15 01:08:55.031401,NewYork-b6f9,21,90,Normal
2026-02-15 01:08:56.031401,NewYork-b6f9,21,16,Normal
2026-02-15 01:08:57.031401,NewYork-b6f9,15,12,Normal
2026-02-15 01:08:58.031401,NewYork-b6f9,26,75,Normal
2026-02-15 01:08:59.031401,NewYork-b6f9,2,30,Normal
2026-02-15 01:09:00.031401,NewYork-b6f9,8,48,Normal
2026-02-15 01:09:01.031401,NewYork-b6f9,45,18,Normal
2026-02-15 01:09:02.031401,NewYork-b6f9,19,77,Normal
2026-02-15 01:09:03.031401,NewYork-b6f9,9,21,Normal
2026-02-15 01:09:04.031401,NewYork-b6f9,48,32,Normal
2026-02-15 01:09:05.031401,NewYork-b6f9,33,59,Normal
2026-02-15 01:09:06.031401,NewYork-b6f9,44,63,Normal
2026-02-15 01:09:07.031401,NewYork-b6f9,0,4,Normal
2026-02-15 01:09:08.031401,NewYork-b6f9,27,43,Normal
2026-02-15 01:09:09.031401,NewYork-b6f9,-21,77,Normal
2026-02-15 01:09:10.031401,NewYork-b6f9,-19,61,Normal
2026-02-15 01:09:11.031401,NewYork-b6f9,29,97,Normal
2026-02-15 01:09:12.031401,NewYork-b6f9,-20,6,Normal
2026-02-15 01:09:13.031401,NewYork-b6f9,27,100,Normal
2026-02-15 01:09:14.031401,NewYork-b6f9,2,33,Normal
2026-02-15 01:09:15.031401,NewYork-b6f9,35,78,Normal
2026-02-15 01:09:16.031401,NewYork-b6f9,-1,32,Normal
2026-02-15 01:09:17.031401,NewYork-b6f9,35,38,Normal
2026-02-15 01:09:18.031401,NewYork-b6f9,-15,84,Normal
2026-02-15 01:09:19.031401,NewYork-b6f9,28,23,Normal
2026-02-15 01:09:20.031401,NewYork-b6f9,-14,62,Normal
2026-02-15 01:09:21.031401,NewYork-b6f9,49,56,Normal
2026-02-15 01:09:22.031401,NewYork-b6f9,47,4,Normal
2026-02-15 01:09:23.031401,NewYork-b6f9,8,99,Normal
2026-02-15 01:09:24.031401,NewYork-b6f9,47,55,Normal
2026-02-15 01:09:25.031401,NewYork-b6f9,39,46,Normal
2026-02-15 01:09:26.031401,NewYork-b6f9,27,58,Normal
2026-02-15 01:09:27.031401,NewYork-b6f9,20,80,Normal
2026-02-15 01:09:28.031401,NewYork-b6f9,31,9,Normal
2026-02-15 01:09:29.031401,NewYork-b6f9,34,74,Normal
2026-02-15 01:09:30.031401,NewYork-b6f9,22,42,Normal
2026-02-15 01:09:31.031401,NewYork-b6f9,-6,90,Normal
2026-02-15 01:09:32.031401,NewYork-b6f9,5,31,Normal
2026-02-15 01:09:33.031401,NewYork-b6f9,21,23,Normal
2026-02-15 01:09:34.031401,NewYork-b6f9,40,97,Normal
2026-02-15 01:09:35.031401,NewYork-b6f9,25,45,Normal
2026-02-15 01:09:36.031401,NewYork-b6f9,11,42,Normal
2026-02-15 01:09:37.031401,NewYork-b6f9,44,10,Normal
2026-02-15 01:09:38.031401,NewYork-b6f9,7,82,Normal
2026-02-15 01:09:39.031401,NewYork-b6f9,9,66,Normal
2026-02-15 01:09:40.031401,NewYork-b6f9,12,10,Normal
2026-02-15 01:09:41.031401,NewYork-b6f9,41,61,Normal
2026-02-15 01:09:42.031401,NewYork-b6f9,4,86,Normal
2026-02-15 01:09:43.031401,NewYork-b6f9,50,93,Normal
2026-02-15 01:09:44.031401,NewYork-b6f9,-20,84,Normal
2026-02-15 01:09:45.031401,NewYork-b6f9,10,2,Normal
2026-02-15 01:09:46.031401,NewYork-b6f9,42,7,Normal
2026-02-15 01:09:47.031401,NewYork-b6f9,35,33,Normal
2026-02-15 01:09:48.031401,NewYork-b6f9,-15,21,Normal
2026-02-15 01:09:49.031401,NewYork-b6f9,25,23,Normal
2026-02-15 01:09:50.031401,NewYork-b6f9,2,47,Normal
2026-02-15 01:09:51.031401,NewYork-b6f9,-12,23,Normal
2026-02-15 01:09:52.031401,NewYork-b6f9,-30,3,Normal
2026-02-15 01:09:53.031401,NewYork-b6f9,48,3,Normal
2026-02-15 01:09:54.031401,NewYork-b6f9,22,11,Normal
2026-02-15 01:09:55.031401,NewYork-b6f9,-1,73,Normal
2026-02-15 01:09:56.031401,NewYork-b6f9,30,54,Normal
2026-02-15 01:09:57.031401,NewYork-b6f9,-15,89,Normal
2026-02-15 01:09:58.031401,NewYork-b6f9,-29,17,Normal
2026-02-15 01:09:59.031401,NewYork-b6f9,17,42,Normal
2026-02-15 01:10:00.031401,NewYork-b6f9,-3,91,Normal
2026-02-15 01:10:01.031401,NewYork-b6f9,7,95,Normal
2026-02-15 01:10:02.031401,NewYork-b6f9,31,52,Normal
2026-02-15 01:10:03.031401,NewYork-b6f9,44,28,Normal
2026-02-15 01:10:04.031401,NewYork-b6f9,0,87,Normal
2026-02-15 01:10:05.031401,NewYork-b6f9,49,79,Normal
2026-02-15 01:10:06.031401,NewYork-b6f9,5,21,Normal
2026-02-15 01:10:07.031401,NewYork-b6f9,-1,80,Normal
2026-02-15 01:10:08.031401,NewYork-b6f9,34,16,Normal
2026-02-15 01:10:09.031401,NewYork-b6f9,-9,26,Normal
2026-02-15 01:10:10.031401,NewYork-b6f9,-2,45,Normal
2026-02-15 01:10:11.031401,NewYork-b6f9,37,31,Normal
2026-02-15 01:10:12.031401,NewYork-b6f9,49,87,Normal
2026-02-15 01:10:13.031401,NewYork-b6f9,-24,31,Normal
2026-02-15 01:10:14.031401,NewYork-b6f9,25,77,Normal
2026-02-15 01:10:15.031401,NewYork-b6f9,-19,13,Normal
2026-02-15 01:10:16.031401,NewYork-b6f9,16,8,Normal
2026-02-15 01:10:17.031401,NewYork-b6f9,-17,18,Normal
2026-02-15 01:10:18.031401,NewYork-b6f9,30,33,Normal
2026-02-15 01:10:19.031401,NewYork-b6f9,45,100,Normal
2026-02-15 01:10:20.031401,NewYork-b6f9,4,27,Normal
2026-02-15 01:10:21.031401,NewYork-b6f9,28,52,Normal
2026-02-15 01:10:22.031401,NewYork-b6f9,2,71,Normal
2026-02-15 01:10:23.031401,NewYork-b6f9,-16,4,Normal
2026-02-15 01:10:24.031401,NewYork-b6f9,12,59,Normal
2026-02-15 01:10:25.031401,NewYork-b6f9,23,28,Normal
2026-02-15 01:10:26.031401,NewYork-b6f9,-23,14,Normal
2026-02-15 01:10:27.031401,NewYork-b6f9,22,82,Normal
2026-02-15 01:10:28.031401,NewYork-b6f9,14,67,Normal
2026-02-15 01:10:29.031401,NewYork-b6f9,-21,29,Normal
2026-02-15 01:10:30.031401,NewYork-b6f9,25,67,Normal
2026-02-15 01:10:31.031401,NewYork-b6f9,-20,100,Normal
2026-02-15 01:10:32.031401,NewYork-b6f9,-21,89,Normal
2026-02-15 01:10:33.031401,NewYork-b6f9,-10,98,Normal
2026-02-15 01:10:34.031401,NewYork-b6f9,3,75,Normal
2026-02-15 01:10:35.031401,NewYork-b6f9,46,27,Normal
2026-02-15 01:10:36.031401,NewYork-b6f9,40,38,Normal
2026-02-15 01:10:37.031401,NewYork-b6f9,37,0,Normal
2026-02-15 01:10:38.031401,NewYork-b6f9,20,92,Normal
2026-02-15 01:10:39.031401,NewYork-b6f9,-6,24,Normal
2026-02-15 01:10:40.031401,NewYork-b6f9,-27,58,Normal
2026-02-15 01:10:41.031401,NewYork-b6f9,-14,3,Normal
2026-02-15 01:10:42.031401,NewYork-b6f9,12,77,Normal
2026-02-15 01:10:43.031401,NewYork-b6f9,6,57,Normal
2026-02-15 01:10:44.031401,NewYork-b6f9,-25,48,Normal
2026-02-15 01:10:45.031401,NewYork-b6f9,-27,56,Normal
2026-02-15 01:10:46.031401,NewYork-b6f9,-30,26,Normal
2026-02-15 01:10:47.031401,NewYork-b6f9,45,5,Normal
2026-02-15 01:10:48.031401,NewYork-b6f9,-17,46,Normal
2026-02-15 01:10:49.031401,NewYork-b6f9,24,1,Normal
2026-02-15 01:10:50.031401,NewYork-b6f9,-5,99,Normal
2026-02-15 01:10:51.031401,NewYork-b6f9,29,4,Normal
2026-02-15 01:10:52.031401,NewYork-b6f9,4,22,Normal
2026-02-15 01:10:53.031401,NewYork-b6f9,14,37,Normal
2026-02-15 01:10:54.031401,NewYork-b6f9,-20,90,Normal
2026-02-15 01:10:55.031401,NewYork-b6f9,40,41,Normal
2026-02-15 01:10:56.031401,NewYork-b6f9,11,19,Normal
2026-02-15 01:10:57.031401,NewYork-b6f9,23,4,Normal
2026-02-15 01:10:58.031401,NewYork-b6f9,14,65,Normal
2026-02-15 01:10:59.031401,NewYork-b6f9,-8,31,Normal
2026-02-15 01:11:00.031401,NewYork-b6f9,15,76,Normal
2026-02-15 01:11:01.031401,NewYork-b6f9,43,19,Normal
2026-02-15 01:11:02.031401,NewYork-b6f9,18,92,Normal
2026-02-15 01:11:03.031401,NewYork-b6f9,-24,23,Normal
2026-02-15 01:11:04.031401,NewYork-b6f9,-19,71,Normal
2026-02-15 01:11:05.031401,NewYork-b6f9,-16,9,Normal
2026-02-15 01:11:06.031401,NewYork-b6f9,-2,58,Normal
2026-02-15 01:11:07.031401,NewYork-b6f9,25,41,Normal
2026-02-15 01:11:08.031401,NewYork-b6f9,-15,33,Normal
2026-02-15 01:11:09.031401,NewYork-b6f9,11,41,Normal
2026-02-15 01:11:10.031401,NewYork-b6f9,-29,60,Normal
2026-02-15 01:11:11.031401,NewYork-b6f9,7,25,Normal
2026-02-15 01:11:12.031401,NewYork-b6f9,43,90,Normal
2026-02-15 01:11:13.031401,NewYork-b6f9,36,63,Normal
2026-02-15 01:11:14.031401,NewYork-b6f9,-28,63,Normal
2026-02-15 01:11:15.031401,NewYork-b6f9,-27,36,Normal
2026-02-15 01:11:16.031401,NewYork-b6f9,-4,11,Normal
2026-02-15 01:11:17.031401,NewYork-b6f9,2,54,Normal
2026-02-15 01:11:18.031401,NewYork-b6f9,-16,25,Normal
2026-02-15 01:11:19.031401,NewYork-b6f9,11,68,Normal
2026-02-15 01:11:20.031401,NewYork-b6f9,43,4,Normal
2026-02-15 01:11:21.031401,NewYork-b6f9,31,65,Normal
2026-02-15 01:11:22.031401,NewYork-b6f9,25,39,Normal
2026-02-15 01:11:23.031401,NewYork-b6f9,-24,44,Normal
2026-02-15 01:11:24.031401,NewYork-b6f9,-30,91,Normal
2026-02-15 01:11:25.031401,NewYork-b6f9,-22,12,Normal
2026-02-15 01:11:26.031401,NewYork-b6f9,47,4,Normal
2026-02-15 01:11:27.031401,NewYork-b6f9,12,19,Normal
2026-02-15 01:11:28.031401,NewYork-b6f9,-27,69,Normal
2026-02-15 01:11:29.031401,NewYork-b6f9,45,71,Normal
2026-02-15 01:11:30.031401,NewYork-b6f9,-8,35,Normal
2026-02-15 01:11:31.031401,NewYork-b6f9,50,45,Normal
2026-02-15 01:11:32.031401,NewYork-b6f9,-13,35,Normal
2026-02-15 01:11:33.031401,NewYork-b6f9,43,64,Normal
2026-02-15 01:11:34.031401,NewYork-b6f9,19,44,Normal
2026-02-15 01:11:35.031401,NewYork-b6f9,-4,24,Normal
2026-02-15 01:11:36.031401,NewYork-b6f9,-20,93,Normal
2026-02-15 01:11:37.031401,NewYork-b6f9,0,75,Normal
2026-02-15 01:11:38.031401,NewYork-b6f9,-22,73,Normal
2026-02-15 01:11:39.031401,NewYork-b6f9,28,6,Normal
2026-02-15 01:11:40.031401,NewYork-b6f9,37,69,Normal
2026-02-15 01:11:41.031401,NewYork-b6f9,-29,96,Normal
2026-02-15 01:11:42.031401,NewYork-b6f9,10,21,Normal
2026-02-15 01:11:43.031401,NewYork-b6f9,27,81,Normal
2026-02-15 01:11:44.031401,NewYork-b6f9,32,22,Normal
2026-02-15 01:11:45.031401,NewYork-b6f9,28,87,Normal
2026-02-15 01:11:46.031401,NewYork-b6f9,47,49,Normal
2026-02-15 01:11:47.031401,NewYork-b6f9,-16,24,Normal
2026-02-15 01:11:48.031401,NewYork-b6f9,-22,95,Normal
2026-02-15 01:11:49.031401,NewYork-b6f9,-9,82,Normal
2026-02-15 01:11:50.031401,NewYork-b6f9,33,93,Normal
2026-02-15 01:11:51.031401,NewYork-b6f9,-8,29,Normal
2026-02-15 01:11:52.031401,NewYork-b6f9,6,40,Normal
2026-02-15 01:11:53.031401,NewYork-b6f9,-9,32,Normal
2026-02-15 01:11:54.031401,NewYork-b6f9,18,87,Normal
2026-02-15 01:11:55.031401,NewYork-b6f9,37,55,Normal
2026-02-15 01:11:56.031401,NewYork-b6f9,-5,34,Normal
2026-02-15 01:11:57.031401,NewYork-b6f9,40,10,Normal
2026-02-15 01:11:58.031401,NewYork-b6f9,30,98,Normal
2026-02-15 01:11:59.031401,NewYork-b6f9,-22,80,Normal
2026-02-15 01:12:00.031401,NewYork-b6f9,-30,34,Normal
2026-02-15 01:12:01.031401,NewYork-b6f9,50,75,Normal
2026-02-15 01:12:02.031401,NewYork-b6f9,37,9,Normal
2026-02-15 01:12:03.031401,NewYork-b6f9,13,73,Normal
2026-02-15 01:12:04.031401,NewYork-b6f9,41,60,Normal
2026-02-15 01:12:05.031401,NewYork-b6f9,-22,33,Normal
2026-02-15 01:12:06.031401,NewYork-b6f9,26,23,Normal
2026-02-15 01:12:07.031401,NewYork-b6f9,-30,78,Normal
2026-02-15 01:12:08.031401,NewYork-b6f9,47,80,Normal
2026-02-15 01:12:09.031401,NewYork-b6f9,38,23,Normal
2026-02-15 01:12:10.031401,NewYork-b6f9,-4,22,Normal
2026-02-15 01:12:11.031401,NewYork-b6f9,-6,45,Normal
2026-02-15 01:12:12.031401,NewYork-b6f9,-27,91,Normal
2026-02-15 01:12:13.031401,NewYork-b6f9,-14,52,Normal
2026-02-15 01:12:14.031401,NewYork-b6f9,-6,71,Normal
2026-02-15 01:12:15.031401,NewYork-b6f9,-14,48,Normal
2026-02-15 01:12:16.031401,NewYork-b6f9,-16,5,Normal
2026-02-15 01:12:17.031401,NewYork-b6f9,10,78,Normal
2026-02-15 01:12:18.031401,NewYork-b6f9,22,93,Normal
2026-02-15 01:12:19.031401,NewYork-b6f9,3,20,Normal
2026-02-15 01:12:20.031401,NewYork-b6f9,18,27,Normal
2026-02-15 01:12:21.031401,NewYork-b6f9,-22,26,Normal
2026-02-15 01:12:22.031401,NewYork-b6f9,10,45,Normal
2026-02-15 01:12:23.031401,NewYork-b6f9,-9,85,Normal
2026-02-15 01:12:24.031401,NewYork-b6f9,-10,58,Normal
2026-02-15 01:12:25.031401,NewYork-b6f9,28,93,Normal
2026-02-15 01:12:26.031401,NewYork-b6f9,17,1,Normal
2026-02-15 01:12:27.031401,NewYork-b6f9,45,82,Normal
2026-02-15 01:12:28.031401,NewYork-b6f9,9,79,Normal
2026-02-15 01:12:29.031401,NewYork-b6f9,-29,40,Normal
2026-02-15 01:12:30.031401,NewYork-b6f9,8,86,Normal
2026-02-15 01:12:31.031401,NewYork-b6f9,8,2,Normal
2026-02-15 01:12:32.031401,NewYork-b6f9,35,68,Normal
2026-02-15 01:12:33.031401,NewYork-b6f9,15,16,Normal
2026-02-15 01:12:34.031401,NewYork-b6f9,15,67,Normal
2026-02-15 01:12:35.031401,NewYork-b6f9,-25,81,Normal
2026-02-15 01:12:36.031401,NewYork-b6f9,17,81,Normal
2026-02-15 01:12:37.031401,NewYork-b6f9,-2,50,Normal
2026-02-15 01:12:38.031401,NewYork-b6f9,25,8,Normal
2026-02-15 01:12:39.031401,NewYork-b6f9,48,45,Normal
2026-02-15 01:12:40.031401,NewYork-b6f9,30,18,Normal
2026-02-15 01:12:41.031401,NewYork-b6f9,49,47,Normal
2026-02-15 01:12:42.031401,NewYork-b6f9,47,67,Normal
2026-02-15 01:12:43.031401,NewYork-b6f9,-12,19,Normal
2026-02-15 01:12:44.031401,NewYork-b6f9,43,61,Normal
2026-02-15 01:12:45.031401,NewYork-b6f9,21,98,Normal
2026-02-15 01:12:46.031401,NewYork-b6f9,33,57,Normal
2026-02-15 01:12:47.031401,NewYork-b6f9,36,35,Normal
2026-02-15 01:12:48.031401,NewYork-b6f9,-28,32,Normal
2026-02-15 01:12:49.031401,NewYork-b6f9,49,34,Normal
2026-02-15 01:12:50.031401,NewYork-b6f9,50,57,Normal
2026-02-15 01:12:51.031401,NewYork-b6f9,10,99,Normal
2026-02-15 01:12:52.031401,NewYork-b6f9,2,78,Normal
2026-02-15 01:12:53.031401,NewYork-b6f9,-28,36,Normal
2026-02-15 01:12:54.031401,NewYork-b6f9,10,15,Normal
2026-02-15 01:12:55.031401,NewYork-b6f9,42,90,Normal
2026-02-15 01:12:56.031401,NewYork-b6f9,13,27,Normal
2026-02-15 01:12:57.031401,NewYork-b6f9,7,31,Normal
2026-02-15 01:12:58.031401,NewYork-b6f9,13,61,Normal
2026-02-15 01:12:59.031401,NewYork-b6f9,-9,89,Normal
2026-02-15 01:13:00.031401,NewYork-b6f9,21,33,Normal
2026-02-15 01:13:01.031401,NewYork-b6f9,25,70,Normal
2026-02-15 01:13:02.031401,NewYork-b6f9,22,70,Normal
2026-02-15 01:13:03.031401,NewYork-b6f9,-25,8,Normal
2026-02-15 01:13:04.031401,NewYork-b6f9,33,20,Normal
2026-02-15 01:13:05.031401,NewYork-b6f9,-24,81,Normal
2026-02-15 01:13:06.031401,NewYork-b6f9,-4,29,Normal
2026-02-15 01:13:07.031401,NewYork-b6f9,39,60,Normal
2026-02-15 01:13:08.031401,NewYork-b6f9,32,47,Normal
2026-02-15 01:13:09.031401,NewYork-b6f9,5,47,Normal
2026-02-15 01:13:10.031401,NewYork-b6f9,13,44,Normal
2026-02-15 01:13:11.031401,NewYork-b6f9,-19,53,Normal
2026-02-15 01:13:12.031401,NewYork-b6f9,22,42,Normal
2026-02-15 01:13:13.031401,NewYork-b6f9,-10,13,Normal
2026-02-15 01:13:14.031401,NewYork-b6f9,7,92,Normal
2026-02-15 01:13:15.031401,NewYork-b6f9,-12,7,Normal
2026-02-15 01:13:16.031401,NewYork-b6f9,22,85,Normal
2026-02-15 01:13:17.031401,NewYork-b6f9,-17,49,Normal
2026-02-15 01:13:18.031401,NewYork-b6f9,-24,57,Normal
2026-02-15 01:13:19.031401,NewYork-b6f9,13,24,Normal
2026-02-15 01:13:20.031401,NewYork-b6f9,-23,74,Normal
2026-02-15 01:13:21.031401,NewYork-b6f9,6,60,Normal
2026-02-15 01:13:22.031401,NewYork-b6f9,43,75,Normal
2026-02-15 01:13:23.031401,NewYork-b6f9,-27,58,Normal
2026-02-15 01:13:24.031401,NewYork-b6f9,18,36,Normal
2026-02-15 01:13:25.031401,NewYork-b6f9,-3,58,Normal
2026-02-15 01:13:26.031401,NewYork-b6f9,-12,21,Normal
2026-02-15 01:13:27.031401,NewYork-b6f9,6,23,Normal
2026-02-15 01:13:28.031401,NewYork-b6f9,0,35,Normal
2026-02-15 01:13:29.031401,NewYork-b6f9,41,29,Normal
2026-02-15 01:13:30.031401,NewYork-b6f9,11,63,Normal
2026-02-15 01:13:31.031401,NewYork-b6f9,28,71,Normal
2026-02-15 01:13:32.031401,NewYork-b6f9,-29,80,Normal
2026-02-15 01:13:33.031401,NewYork-b6f9,48,37,Normal
2026-02-15 01:13:34.031401,NewYork-b6f9,-2,95,Normal
2026-02-15 01:13:35.031401,NewYork-b6f9,-2,76,Normal
2026-02-15 01:13:36.031401,NewYork-b6f9,-15,95,Normal
2026-02-15 01:13:37.031401,NewYork-b6f9,-14,15,Normal
2026-02-15 01:13:38.031401,NewYork-b6f9,24,79,Normal
2026-02-15 01:13:39.031401,NewYork-b6f9,21,11,Normal
2026-02-15 01:13:40.031401,NewYork-b6f9,45,62,Normal
2026-02-15 01:13:41.031401,NewYork-b6f9,22,96,Normal
2026-02-15 01:13:42.031401,NewYork-b6f9,5,15,Normal
2026-02-15 01:13:43.031401,NewYork-b6f9,30,32,Normal
2026-02-15 01:13:44.031401,NewYork-b6f9,-5,30,Normal
2026-02-15 01:13:45.031401,NewYork-b6f9,-12,76,Normal
2026-02-15 01:13:46.031401,NewYork-b6f9,23,17,Normal
2026-02-15 01:13:47.031401,NewYork-b6f9,14,97,Normal
2026-02-15 01:13:48.031401,NewYork-b6f9,22,91,Normal
2026-02-15 01:13:49.031401,NewYork-b6f9,33,39,Normal
2026-02-15 01:13:50.031401,NewYork-b6f9,37,62,Normal
2026-02-15 01:13:51.031401,NewYork-b6f9,-17,13,Normal
2026-02-15 01:13:52.031401,NewYork-b6f9,-18,25,Normal
2026-02-15 01:13:53.031401,NewYork-b6f9,50,79,Normal
2026-02-15 01:13:54.031401,NewYork-b6f9,49,10,Normal
2026-02-15 01:13:55.031401,NewYork-b6f9,21,81,Normal
2026-02-15 01:13:56.031401,NewYork-b6f9,32,38,Normal
2026-02-15 01:13:57.031401,NewYork-b6f9,-19,90,Normal
2026-02-15 01:13:58.031401,NewYork-b6f9,48,92,Normal
2026-02-15 01:13:59.031401,NewYork-b6f9,33,15,Normal
2026-02-15 01:14:00.031401,NewYork-b6f9,33,78,Normal
2026-02-15 01:14:01.031401,NewYork-b6f9,7,36,Normal
2026-02-15 01:14:02.031401,NewYork-b6f9,23,96,Normal
2026-02-15 01:14:03.031401,NewYork-b6f9,-11,31,Normal
2026-02-15 01:14:04.031401,NewYork-b6f9,39,90,Normal
2026-02-15 01:14:05.031401,NewYork-b6f9,-15,66,Normal
2026-02-15 01:14:06.031401,NewYork-b6f9,-4,23,Normal
2026-02-15 01:14:07.031401,NewYork-b6f9,25,23,Normal
2026-02-15 01:14:08.031401,NewYork-b6f9,-4,5,Normal
2026-02-15 01:14:09.031401,NewYork-b6f9,46,62,Normal
2026-02-15 01:14:10.031401,NewYork-b6f9,9,40,Normal
2026-02-15 01:14:11.031401,NewYork-b6f9,10,37,Normal
2026-02-15 01:14:12.031401,NewYork-b6f9,31,68,Normal
2026-02-15 01:14:13.031401,NewYork-b6f9,12,0,Normal
2026-02-15 01:14:14.031401,NewYork-b6f9,-25,35,Normal
2026-02-15 01:14:15.031401,NewYork-b6f9,5,79,Normal
2026-02-15 01:14:16.031401,NewYork-b6f9,46,79,Normal
2026-02-15 01:14:17.031401,NewYork-b6f9,13,39,Normal
2026-02-15 01:14:18.031401,NewYork-b6f9,12,85,Normal
2026-02-15 01:14:19.031401,NewYork-b6f9,3,68,Normal
2026-02-15 01:14:20.031401,NewYork-b6f9,23,76,Normal
2026-02-15 01:14:21.031401,NewYork-b6f9,20,56,Normal
2026-02-15 01:14:22.031401,NewYork-b6f9,17,71,Normal
2026-02-15 01:14:23.031401,NewYork-b6f9,40,70,Normal
2026-02-15 01:14:24.031401,NewYork-b6f9,-7,30,Normal
2026-02-15 01:14:25.031401,NewYork-b6f9,27,71,Normal
2026-02-15 01:14:26.031401,NewYork-b6f9,-9,86,Normal
2026-02-15 01:14:27.031401,NewYork-b6f9,21,58,Normal
2026-02-15 01:14:28.031401,NewYork-b6f9,33,97,Normal
2026-02-15 01:14:29.031401,NewYork-b6f9,-18,7,Normal
2026-02-15 01:14:30.031401,NewYork-b6f9,-15,77,Normal
2026-02-15 01:14:31.031401,NewYork-b6f9,2,56,Normal
2026-02-15 01:14:32.031401,NewYork-b6f9,27,59,Normal
2026-02-15 01:14:33.031401,NewYork-b6f9,-6,12,Normal
2026-02-15 01:14:34.031401,NewYork-b6f9,23,54,Normal
2026-02-15 01:14:35.031401,NewYork-b6f9,-18,34,Normal
2026-02-15 01:14:36.031401,NewYork-b6f9,45,21,Normal
2026-02-15 01:14:37.031401,NewYork-b6f9,45,36,Normal
2026-02-15 01:14:38.031401,NewYork-b6f9,-23,41,Normal
2026-02-15 01:14:39.031401,NewYork-b6f9,-24,57,Normal
2026-02-15 01:14:40.031401,NewYork-b6f9,16,10,Normal
2026-02-15 01:14:41.031401,NewYork-b6f9,49,92,Normal
2026-02-15 01:14:42.031401,NewYork-b6f9,-8,6,Normal
2026-02-15 01:14:43.031401,NewYork-b6f9,-18,32,Normal
2026-02-15 01:14:44.031401,NewYork-b6f9,27,5,Normal
2026-02-15 01:14:45.031401,NewYork-b6f9,-12,70,Normal
2026-02-15 01:14:46.031401,NewYork-b6f9,39,70,Normal
2026-02-15 01:14:47.031401,NewYork-b6f9,36,61,Normal
2026-02-15 01:14:48.031401,NewYork-b6f9,17,25,Normal
2026-02-15 01:14:49.031401,NewYork-b6f9,36,79,Normal
2026-02-15 01:14:50.031401,NewYork-b6f9,35,13,Normal
2026-02-15 01:14:51.031401,NewYork-b6f9,-28,39,Normal
2026-02-15 01:14:52.031401,NewYork-b6f9,44,26,Normal
2026-02-15 01:14:53.031401,NewYork-b6f9,38,9,Normal
2026-02-15 01:14:54.031401,NewYork-b6f9,6,84,Normal
2026-02-15 01:14:55.031401,NewYork-b6f9,0,29,Normal
2026-02-15 01:14:56.031401,NewYork-b6f9,0,67,Normal
2026-02-15 01:14:57.031401,NewYork-b6f9,-28,37,Normal
2026-02-15 01:14:58.031401,NewYork-b6f9,48,83,Normal
2026-02-15 01:14:59.031401,NewYork-b6f9,45,77,Normal
2026-02-15 01:15:00.031401,NewYork-b6f9,34,84,Normal
2026-02-15 01:15:01.031401,NewYork-b6f9,23,3,Normal
2026-02-15 01:15:02.031401,NewYork-b6f9,31,91,Normal
2026-02-15 01:15:03.031401,NewYork-b6f9,11,45,Normal
2026-02-15 01:15:04.031401,NewYork-b6f9,47,28,Normal
2026-02-15 01:15:05.031401,NewYork-b6f9,-19,54,Normal
2026-02-15 01:15:06.031401,NewYork-b6f9,24,13,Normal
2026-02-15 01:15:07.031401,NewYork-b6f9,28,82,Normal
2026-02-15 01:15:08.031401,NewYork-b6f9,-12,51,Normal
2026-02-15 01:15:09.031401,NewYork-b6f9,14,15,Normal
2026-02-15 01:15:10.031401,NewYork-b6f9,-30,5,Normal
2026-02-15 01:15:11.031401,NewYork-b6f9,24,74,Normal
2026-02-15 01:15:12.031401,NewYork-b6f9,1,10,Normal
2026-02-15 01:15:13.031401,NewYork-b6f9,35,97,Normal
2026-02-15 01:15:14.031401,NewYork-b6f9,-26,63,Normal
2026-02-15 01:15:15.031401,NewYork-b6f9,28,25,Normal
2026-02-15 01:15:16.031401,NewYork-b6f9,-22,40,Normal
2026-02-15 01:15:17.031401,NewYork-b6f9,2,34,Normal
2026-02-15 01:15:18.031401,NewYork-b6f9,-15,2,Normal
2026-02-15 01:15:19.031401,NewYork-b6f9,4,93,Normal
2026-02-15 01:15:20.031401,NewYork-b6f9,-20,13,Normal
2026-02-15 01:15:21.031401,NewYork-b6f9,37,16,Normal
2026-02-15 01:15:22.031401,NewYork-b6f9,19,4,Normal
2026-02-15 01:15:23.031401,NewYork-b6f9,39,34,Normal
2026-02-15 01:15:24.031401,NewYork-b6f9,9,34,Normal
2026-02-15 01:15:25.031401,NewYork-b6f9,4,18,Normal
2026-02-15 01:15:26.031401,NewYork-b6f9,50,0,Normal
2026-02-15 01:15:27.031401,NewYork-b6f9,30,86,Normal
2026-02-15 01:15:28.031401,NewYork-b6f9,43,57,Normal
2026-02-15 01:15:29.031401,NewYork-b6f9,37,43,Normal
2026-02-15 01:15:30.031401,NewYork-b6f9,13,81,Normal
2026-02-15 01:15:31.031401,NewYork-b6f9,33,84,Normal
2026-02-15 01:15:32.031401,NewYork-b6f9,-27,71,Normal
2026-02-15 01:15:33.031401,NewYork-b6f9,47,8,Normal
2026-02-15 01:15:34.031401,NewYork-b6f9,-23,43,Normal
2026-02-15 01:15:35.031401,NewYork-b6f9,39,84,Normal
2026-02-15 01:15:36.031401,NewYork-b6f9,-7,1,Normal
2026-02-15 01:15:37.031401,NewYork-b6f9,8,13,Normal
2026-02-15 01:15:38.031401,NewYork-b6f9,6,0,Normal
2026-02-15 01:15:39.031401,NewYork-b6f9,-10,15,Normal
2026-02-15 01:15:40.031401,NewYork-b6f9,30,3,Normal
2026-02-15 01:15:41.031401,NewYork-b6f9,-30,74,Normal
2026-02-15 01:15:42.031401,NewYork-b6f9,-21,30,Normal
2026-02-15 01:15:43.031401,NewYork-b6f9,28,41,Normal
2026-02-15 01:15:44.031401,NewYork-b6f9,44,82,Normal
2026-02-15 01:15:45.031401,NewYork-b6f9,47,63,Normal
2026-02-15 01:15:46.031401,NewYork-b6f9,27,27,Normal
2026-02-15 01:15:47.031401,NewYork-b6f9,-13,53,Normal
2026-02-15 01:15:48.031401,NewYork-b6f9,25,62,Normal
2026-02-15 01:15:49.031401,NewYork-b6f9,36,2,Normal
2026-02-15 01:15:50.031401,NewYork-b6f9,29,17,Normal
2026-02-15 01:15:51.031401,NewYork-b6f9,32,27,Normal
2026-02-15 01:15:52.031401,NewYork-b6f9,-27,37,Normal
2026-02-15 01:15:53.031401,NewYork-b6f9,28,63,Normal
2026-02-15 01:15:54.031401,NewYork-b6f9,49,46,Normal
2026-02-15 01:15:55.031401,NewYork-b6f9,-14,70,Normal
2026-02-15 01:15:56.031401,NewYork-b6f9,25,27,Normal
2026-02-15 01:15:57.031401,NewYork-b6f9,-29,46,Normal
2026-02-15 01:15:58.031401,NewYork-b6f9,43,19,Normal
2026-02-15 01:15:59.031401,NewYork-b6f9,-7,91,Normal
2026-02-15 01:16:00.031401,NewYork-b6f9,-13,30,Normal
2026-02-15 01:16:01.031401,NewYork-b6f9,0,39,Normal
2026-02-15 01:16:02.031401,NewYork-b6f9,-12,6,Normal
2026-02-15 01:16:03.031401,NewYork-b6f9,23,22,Normal
2026-02-15 01:16:04.031401,NewYork-b6f9,-21,78,Normal
2026-02-15 01:16:05.031401,NewYork-b6f9,18,62,Normal
2026-02-15 01:16:06.031401,NewYork-b6f9,28,94,Normal
2026-02-15 01:16:07.031401,NewYork-b6f9,-12,92,Normal
2026-02-15 01:16:08.031401,NewYork-b6f9,46,41,Normal
2026-02-15 01:16:09.031401,NewYork-b6f9,-20,35,Normal
2026-02-15 01:16:10.031401,NewYork-b6f9,0,60,Normal
2026-02-15 01:16:11.031401,NewYork-b6f9,-24,77,Normal
2026-02-15 01:16:12.031401,NewYork-b6f9,-3,29,Normal
2026-02-15 01:16:13.031401,NewYork-b6f9,-4,43,Normal
2026-02-15 01:16:14.031401,NewYork-b6f9,16,35,Normal
2026-02-15 01:16:15.031401,NewYork-b6f9,19,56,Normal
2026-02-15 01:16:16.031401,NewYork-b6f9,-17,100,Normal
2026-02-15 01:16:17.031401,NewYork-b6f9,17,83,Normal
2026-02-15 01:16:18.031401,NewYork-b6f9,20,44,Normal
2026-02-15 01:16:19.031401,NewYork-b6f9,36,26,Normal
2026-02-15 01:16:20.031401,NewYork-b6f9,27,46,Normal
2026-02-15 01:16:21.031401,NewYork-b6f9,23,47,Normal
2026-02-15 01:16:22.031401,NewYork-b6f9,3,85,Normal
2026-02-15 01:16:23.031401,NewYork-b6f9,42,70,Normal
2026-02-15 01:16:24.031401,NewYork-b6f9,18,26,Normal
2026-02-15 01:16:25.031401,NewYork-b6f9,4,84,Normal
2026-02-15 01:16:26.031401,NewYork-b6f9,13,91,Normal
2026-02-15 01:16:27.031401,NewYork-b6f9,-19,54,Normal
2026-02-15 01:16:28.031401,NewYork-b6f9,-12,66,Normal
2026-02-15 01:16:29.031401,NewYork-b6f9,-11,93,Normal
2026-02-15 01:16:30.031401,NewYork-b6f9,-28,73,Normal
2026-02-15 01:16:31.031401,NewYork-b6f9,44,66,Normal
2026-02-15 01:16:32.031401,NewYork-b6f9,11,80,Normal
2026-02-15 01:16:33.031401,NewYork-b6f9,28,81,Normal
2026-02-15 01:16:34.031401,NewYork-b6f9,-17,36,Normal
2026-02-15 01:16:35.031401,NewYork-b6f9,40,70,Normal
2026-02-15 01:16:36.031401,NewYork-b6f9,6,92,Normal
2026-02-15 01:16:37.031401,NewYork-b6f9,38,97,Normal
2026-02-15 01:16:38.031401,NewYork-b6f9,27,21,Normal
2026-02-15 01:16:39.031401,NewYork-b6f9,50,84,Normal
2026-02-15 01:16:40.031401,NewYork-b6f9,50,47,Normal
2026-02-15 01:16:41.031401,NewYork-b6f9,23,1,Normal
2026-02-15 01:16:42.031401,NewYork-b6f9,-24,87,Normal
2026-02-15 01:16:43.031401,NewYork-b6f9,-13,11,Normal
2026-02-15 01:16:44.031401,NewYork-b6f9,-25,26,Normal
2026-02-15 01:16:45.031401,NewYork-b6f9,28,14,Normal
2026-02-15 01:16:46.031401,NewYork-b6f9,8,20,Normal
2026-02-15 01:16:47.031401,NewYork-b6f9,-18,85,Normal
2026-02-15 01:16:48.031401,NewYork-b6f9,2,13,Normal
2026-02-15 01:16:49.031401,NewYork-b6f9,19,62,Normal
2026-02-15 01:16:50.031401,NewYork-b6f9,-25,49,Normal
2026-02-15 01:16:51.031401,NewYork-b6f9,21,24,Normal
2026-02-15 01:16:52.031401,NewYork-b6f9,42,1,Normal
2026-02-15 01:16:53.031401,NewYork-b6f9,18,14,Normal
2026-02-15 01:16:54.031401,NewYork-b6f9,-13,8,Normal
2026-02-15 01:16:55.031401,NewYork-b6f9,-27,3,Normal
2026-02-15 01:16:56.031401,NewYork-b6f9,-21,34,Normal
2026-02-15 01:16:57.031401,NewYork-b6f9,37,69,Normal
2026-02-15 01:16:58.031401,NewYork-b6f9,-20,72,Normal
2026-02-15 01:16:59.031401,NewYork-b6f9,-1,66,Normal
2026-02-15 01:17:00.031401,NewYork-b6f9,3,92,Normal
2026-02-15 01:17:01.031401,NewYork-b6f9,19,36,Normal
2026-02-15 01:17:02.031401,NewYork-b6f9,47,78,Normal
2026-02-15 01:17:03.031401,NewYork-b6f9,37,7,Normal
2026-02-15 01:17:04.031401,NewYork-b6f9,22,32,Normal
2026-02-15 01:17:05.031401,NewYork-b6f9,-29,77,Normal
2026-02-15 01:17:06.031401,NewYork-b6f9,-11,5,Normal
2026-02-15 01:17:07.031401,NewYork-b6f9,20,19,Normal
2026-02-15 01:17:08.031401,NewYork-b6f9,0,27,Normal
2026-02-15 01:17:09.031401,NewYork-b6f9,27,3,Normal
2026-02-15 01:17:10.031401,NewYork-b6f9,38,55,Normal
2026-02-15 01:17:11.031401,NewYork-b6f9,17,32,Normal
2026-02-15 01:17:12.031401,NewYork-b6f9,16,27,Normal
2026-02-15 01:17:13.031401,NewYork-b6f9,16,35,Normal
2026-02-15 01:17:14.031401,NewYork-b6f9,30,10,Normal
2026-02-15 01:17:15.031401,NewYork-b6f9,41,76,Normal
2026-02-15 01:17:16.031401,NewYork-b6f9,16,25,Normal
2026-02-15 01:17:17.031401,NewYork-b6f9,36,74,Normal
2026-02-15 01:17:18.031401,NewYork-b6f9,-23,67,Normal
2026-02-15 01:17:19.031401,NewYork-b6f9,24,66,Normal
2026-02-15 01:17:20.031401,NewYork-b6f9,-1,52,Normal
2026-02-15 01:17:21.031401,NewYork-b6f9,-1,27,Normal
2026-02-15 01:17:22.031401,NewYork-b6f9,17,41,Normal
2026-02-15 01:17:23.031401,NewYork-b6f9,22,36,Normal
2026-02-15 01:17:24.031401,NewYork-b6f9,-24,62,Normal
2026-02-15 01:17:25.031401,NewYork-b6f9,-4,79,Normal
2026-02-15 01:17:26.031401,NewYork-b6f9,46,97,Normal
2026-02-15 01:17:27.031401,NewYork-b6f9,-5,90,Normal
2026-02-15 01:17:28.031401,NewYork-b6f9,-22,48,Normal
2026-02-15 01:17:29.031401,NewYork-b6f9,-10,100,Normal
2026-02-15 01:17:30.031401,NewYork-b6f9,42,58,Normal
2026-02-15 01:17:31.031401,NewYork-b6f9,36,38,Normal
2026-02-15 01:17:32.031401,NewYork-b6f9,29,96,Normal
2026-02-15 01:17:33.031401,NewYork-b6f9,31,88,Normal
2026-02-15 01:17:34.031401,NewYork-b6f9,-26,33,Normal
2026-02-15 01:17:35.031401,NewYork-b6f9,-15,34,Normal
2026-02-15 01:17:36.031401,NewYork-b6f9,-5,51,Normal
2026-02-15 01:17:37.031401,NewYork-b6f9,5,21,Normal
2026-02-15 01:17:38.031401,NewYork-b6f9,42,62,Normal
2026-02-15 01:17:39.031401,NewYork-b6f9,5,88,Normal
2026-02-15 01:17:40.031401,NewYork-b6f9,23,99,Normal
2026-02-15 01:17:41.031401,NewYork-b6f9,24,50,Normal
2026-02-15 01:17:42.031401,NewYork-b6f9,-29,19,Normal
2026-02-15 01:17:43.031401,NewYork-b6f9,33,37,Normal
2026-02-15 01:17:44.031401,NewYork-b6f9,20,62,Normal
2026-02-15 01:17:45.031401,NewYork-b6f9,12,5,Normal
2026-02-15 01:17:46.031401,NewYork-b6f9,-8,4,Normal
2026-02-15 01:17:47.031401,NewYork-b6f9,11,18,Normal
2026-02-15 01:17:48.031401,NewYork-b6f9,-12,70,Normal
2026-02-15 01:17:49.031401,NewYork-b6f9,32,35,Normal
2026-02-15 01:17:50.031401,NewYork-b6f9,36,55,Normal
2026-02-15 01:17:51.031401,NewYork-b6f9,-23,80,Normal
2026-02-15 01:17:52.031401,NewYork-b6f9,16,93,Normal
2026-02-15 01:17:53.031401,NewYork-b6f9,28,17,Normal
2026-02-15 01:17:54.031401,NewYork-b6f9,-19,50,Normal
2026-02-15 01:17:55.031401,NewYork-b6f9,18,39,Normal
2026-02-15 01:17:56.031401,NewYork-b6f9,37,90,Normal
2026-02-15 01:17:57.031401,NewYork-b6f9,49,14,Normal
2026-02-15 01:17:58.031401,NewYork-b6f9,23,14,Normal
2026-02-15 01:17:59.031401,NewYork-b6f9,29,86,Normal
2026-02-15 01:18:00.031401,NewYork-b6f9,18,74,Normal
2026-02-15 01:18:01.031401,NewYork-b6f9,23,51,Normal
2026-02-15 01:18:02.031401,NewYork-b6f9,19,42,Normal
2026-02-15 01:18:03.031401,NewYork-b6f9,-13,12,Normal
2026-02-15 01:18:04.031401,NewYork-b6f9,34,25,Normal
2026-02-15 01:18:05.031401,NewYork-b6f9,-11,68,Normal
2026-02-15 01:18:06.031401,NewYork-b6f9,36,13,Normal
2026-02-15 01:18:07.031401,NewYork-b6f9,29,84,Normal
2026-02-15 01:18:08.031401,NewYork-b6f9,11,55,Normal
2026-02-15 01:18:09.031401,NewYork-b6f9,16,94,Normal
2026-02-15 01:18:10.031401,NewYork-b6f9,18,5,Normal
2026-02-15 01:18:11.031401,NewYork-b6f9,-12,64,Normal
2026-02-15 01:18:12.031401,NewYork-b6f9,24,15,Normal
2026-02-15 01:18:13.031401,NewYork-b6f9,24,18,Normal
2026-02-15 01:18:14.031401,NewYork-b6f9,-2,56,Normal
2026-02-15 01:18:15.031401,NewYork-b6f9,3,18,Normal
2026-02-15 01:18:16.031401,NewYork-b6f9,0,34,Normal
2026-02-15 01:18:17.031401,NewYork-b6f9,-13,98,Normal
2026-02-15 01:18:18.031401,NewYork-b6f9,47,25,Normal
2026-02-15 01:18:19.031401,NewYork-b6f9,1,80,Normal
2026-02-15 01:18:20.031401,NewYork-b6f9,-26,95,Normal
2026-02-15 01:18:21.031401,NewYork-b6f9,-8,61,Normal
2026-02-15 01:18:22.031401,NewYork-b6f9,8,26,Normal
2026-02-15 01:18:23.031401,NewYork-b6f9,25,30,Normal
2026-02-15 01:18:24.031401,NewYork-b6f9,-6,57,Normal
2026-02-15 01:18:25.031401,NewYork-b6f9,-26,41,Normal
2026-02-15 01:18:26.031401,NewYork-b6f9,16,19,Normal
2026-02-15 01:18:27.031401,NewYork-b6f9,15,83,Normal
2026-02-15 01:18:28.031401,NewYork-b6f9,12,5,Normal
2026-02-15 01:18:29.031401,NewYork-b6f9,-14,64,Normal
2026-02-15 01:18:30.031401,NewYork-b6f9,19,89,Normal
2026-02-15 01:18:31.031401,NewYork-b6f9,13,30,Normal
2026-02-15 01:18:32.031401,NewYork-b6f9,45,43,Normal
2026-02-15 01:18:33.031401,NewYork-b6f9,-24,57,Normal
2026-02-15 01:18:34.031401,NewYork-b6f9,17,35,Normal
2026-02-15 01:18:35.031401,NewYork-b6f9,-12,13,Normal
2026-02-15 01:18:36.031401,NewYork-b6f9,24,31,Normal
2026-02-15 01:18:37.031401,NewYork-b6f9,-29,39,Normal
2026-02-15 01:18:38.031401,NewYork-b6f9,45,62,Normal
2026-02-15 01:18:39.031401,NewYork-b6f9,37,91,Normal
2026-02-15 01:18:40.031401,NewYork-b6f9,40,86,Normal
2026-02-15 01:18:41.031401,NewYork-b6f9,-19,14,Normal
2026-02-15 01:18:42.031401,NewYork-b6f9,-19,39,Normal
2026-02-15 01:18:43.031401,NewYork-b6f9,2,4,Normal
2026-02-15 01:18:44.031401,NewYork-b6f9,6,63,Normal
2026-02-15 01:18:45.031401,NewYork-b6f9,5,49,Normal
2026-02-15 01:18:46.031401,NewYork-b6f9,-7,95,Normal
2026-02-15 01:18:47.031401,NewYork-b6f9,-26,32,Normal
2026-02-15 01:18:48.031401,NewYork-b6f9,8,56,Normal
2026-02-15 01:18:49.031401,NewYork-b6f9,44,7,Normal
2026-02-15 01:18:50.031401,NewYork-b6f9,-13,34,Normal
2026-02-15 01:18:51.031401,NewYork-b6f9,24,38,Normal
2026-02-15 01:18:52.031401,NewYork-b6f9,10,38,Normal
2026-02-15 01:18:53.031401,NewYork-b6f9,24,3,Normal
2026-02-15 01:18:54.031401,NewYork-b6f9,16,36,Normal
2026-02-15 01:18:55.031401,NewYork-b6f9,32,30,Normal
2026-02-15 01:18:56.031401,NewYork-b6f9,41,40,Normal
2026-02-15 01:18:57.031401,NewYork-b6f9,1,40,Normal
2026-02-15 01:18:58.031401,NewYork-b6f9,-14,64,Normal
2026-02-15 01:18:59.031401,NewYork-b6f9,26,59,Normal
2026-02-15 01:19:00.031401,NewYork-b6f9,-16,69,Normal
2026-02-15 01:19:01.031401,NewYork-b6f9,15,58,Normal
2026-02-15 01:19:02.031401,NewYork-b6f9,-8,5,Normal
2026-02-15 01:19:03.031401,NewYork-b6f9,-3,6,Normal
2026-02-15 01:19:04.031401,NewYork-b6f9,29,13,Normal
2026-02-15 01:19:05.031401,NewYork-b6f9,-30,6,Normal
2026-02-15 01:19:06.031401,NewYork-b6f9,-27,47,Normal
2026-02-15 01:19:07.031401,NewYork-b6f9,27,26,Normal
2026-02-15 01:19:08.031401,NewYork-b6f9,29,41,Normal
2026-02-15 01:19:09.031401,NewYork-b6f9,5,85,Normal
2026-02-15 01:19:10.031401,NewYork-b6f9,-4,22,Normal
2026-02-15 01:19:11.031401,NewYork-b6f9,4,13,Normal
2026-02-15 01:19:12.031401,NewYork-b6f9,35,49,Normal
2026-02-15 01:19:13.031401,NewYork-b6f9,33,52,Normal
2026-02-15 01:19:14.031401,NewYork-b6f9,24,74,Normal
2026-02-15 01:19:15.031401,NewYork-b6f9,32,13,Normal
2026-02-15 01:19:16.031401,NewYork-b6f9,26,77,Normal
2026-02-15 01:19:17.031401,NewYork-b6f9,-30,78,Normal
2026-02-15 01:19:18.031401,NewYork-b6f9,-24,39,Normal
2026-02-15 01:19:19.031401,NewYork-b6f9,-1,99,Normal
2026-02-15 01:19:20.031401,NewYork-b6f9,11,43,Normal
2026-02-15 01:19:21.031401,NewYork-b6f9,-27,63,Normal
2026-02-15 01:19:22.031401,NewYork-b6f9,30,67,Normal
2026-02-15 01:19:23.031401,NewYork-b6f9,37,66,Normal
2026-02-15 01:19:24.031401,NewYork-b6f9,-2,26,Normal
2026-02-15 01:19:25.031401,NewYork-b6f9,35,94,Normal
2026-02-15 01:19:26.031401,NewYork-b6f9,-7,37,Normal
2026-02-15 01:19:27.031401,NewYork-b6f9,-21,87,Normal
2026-02-15 01:19:28.031401,NewYork-b6f9,20,44,Normal
2026-02-15 01:19:29.031401,NewYork-b6f9,8,41,Normal
2026-02-15 01:19:30.031401,NewYork-b6f9,-30,92,Normal
2026-02-15 01:19:31.031401,NewYork-b6f9,39,8,Normal
2026-02-15 01:19:32.031401,NewYork-b6f9,6,69,Normal
2026-02-15 01:19:33.031401,NewYork-b6f9,38,69,Normal
2026-02-15 01:19:34.031401,NewYork-b6f9,-2,17,Normal
2026-02-15 01:19:35.031401,NewYork-b6f9,-12,38,Normal
2026-02-15 01:19:36.031401,NewYork-b6f9,9,65,Normal
2026-02-15 01:19:37.031401,NewYork-b6f9,7,4,Normal
2026-02-15 01:19:38.031401,NewYork-b6f9,15,75,Normal
2026-02-15 01:19:39.031401,NewYork-b6f9,18,3,Normal
2026-02-15 01:19:40.031401,NewYork-b6f9,-24,4,Normal
2026-02-15 01:19:41.031401,NewYork-b6f9,-28,53,Normal
2026-02-15 01:19:42.031401,NewYork-b6f9,-1,33,Normal
2026-02-15 01:19:43.031401,NewYork-b6f9,-17,97,Normal
2026-02-15 01:19:44.031401,NewYork-b6f9,-16,18,Normal
2026-02-15 01:19:45.031401,NewYork-b6f9,47,34,Normal
2026-02-15 01:19:46.031401,NewYork-b6f9,37,47,Normal
2026-02-15 01:19:47.031401,NewYork-b6f9,-9,14,Normal
2026-02-15 01:19:48.031401,NewYork-b6f9,-22,18,Normal
2026-02-15 01:19:49.031401,NewYork-b6f9,4,39,Normal
2026-02-15 01:19:50.031401,NewYork-b6f9,-20,58,Normal
2026-02-15 01:19:51.031401,NewYork-b6f9,13,9,Normal
2026-02-15 01:19:52.031401,NewYork-b6f9,8,18,Normal
2026-02-15 01:19:53.031401,NewYork-b6f9,-28,27,Normal
2026-02-15 01:19:54.031401,NewYork-b6f9,3,31,Normal
2026-02-15 01:19:55.031401,NewYork-b6f9,34,20,Normal
2026-02-15 01:19:56.031401,NewYork-b6f9,8,32,Normal
2026-02-15 01:19:57.031401,NewYork-b6f9,16,94,Normal
2026-02-15 01:19:58.031401,NewYork-b6f9,-10,96,Normal
2026-02-15 01:19:59.031401,NewYork-b6f9,-6,100,Normal
2026-02-15 01:20:00.031401,NewYork-b6f9,20,78,Normal
2026-02-15 01:20:01.031401,NewYork-b6f9,15,58,Normal
2026-02-15 01:20:02.031401,NewYork-b6f9,46,26,Normal
2026-02-15 01:20:03.031401,NewYork-b6f9,45,36,Normal
2026-02-15 01:20:04.031401,NewYork-b6f9,-14,68,Normal
2026-02-15 01:20:05.031401,NewYork-b6f9,-14,33,Normal
2026-02-15 01:20:06.031401,NewYork-b6f9,37,76,Normal
2026-02-15 01:20:07.031401,NewYork-b6f9,44,94,Normal
2026-02-15 01:20:08.031401,NewYork-b6f9,-30,63,Normal
2026-02-15 01:20:09.031401,NewYork-b6f9,43,21,Normal
2026-02-15 01:20:10.031401,NewYork-b6f9,5,24,Normal
2026-02-15 01:20:11.031401,NewYork-b6f9,-8,66,Normal
2026-02-15 01:20:12.031401,NewYork-b6f9,6,21,Normal
2026-02-15 01:20:13.031401,NewYork-b6f9,8,27,Normal
2026-02-15 01:20:14.031401,NewYork-b6f9,-10,0,Normal
2026-02-15 01:20:15.031401,NewYork-b6f9,40,93,Normal
2026-02-15 01:20:16.031401,NewYork-b6f9,41,5,Normal
2026-02-15 01:20:17.031401,NewYork-b6f9,-6,65,Normal
2026-02-15 01:20:18.031401,NewYork-b6f9,30,62,Normal
2026-02-15 01:20:19.031401,NewYork-b6f9,35,11,Normal
2026-02-15 01:20:20.031401,NewYork-b6f9,17,91,Normal
2026-02-15 01:20:21.031401,NewYork-b6f9,-12,57,Normal
2026-02-15 01:20:22.031401,NewYork-b6f9,1,9,Normal
2026-02-15 01:20:23.031401,NewYork-b6f9,-7,71,Normal
2026-02-15 01:20:24.031401,NewYork-b6f9,10,90,Normal
2026-02-15 01:20:25.031401,NewYork-b6f9,26,98,Normal
2026-02-15 01:20:26.031401,NewYork-b6f9,14,25,Normal
2026-02-15 01:20:27.031401,NewYork-b6f9,-7,54,Normal
2026-02-15 01:20:28.031401,NewYork-b6f9,-18,43,Normal
2026-02-15 01:20:29.031401,NewYork-b6f9,-11,94,Normal
2026-02-15 01:20:30.031401,NewYork-b6f9,-21,86,Normal
2026-02-15 01:20:31.031401,NewYork-b6f9,21,34,Normal
2026-02-15 01:20:32.031401,NewYork-b6f9,6,9,Normal
2026-02-15 01:20:33.031401,NewYork-b6f9,24,96,Normal
2026-02-15 01:20:34.031401,NewYork-b6f9,-27,27,Normal
2026-02-15 01:20:35.031401,NewYork-b6f9,-23,10,Normal
2026-02-15 01:20:36.031401,NewYork-b6f9,-29,54,Normal
2026-02-15 01:20:37.031401,NewYork-b6f9,-25,98,Normal
2026-02-15 01:20:38.031401,NewYork-b6f9,21,41,Normal
2026-02-15 01:20:39.031401,NewYork-b6f9,-6,70,Normal
2026-02-15 01:20:40.031401,NewYork-b6f9,40,2,Normal
2026-02-15 01:20:41.031401,NewYork-b6f9,-29,19,Normal
2026-02-15 01:20:42.031401,NewYork-b6f9,-4,43,Normal
2026-02-15 01:20:43.031401,NewYork-b6f9,-19,88,Normal
2026-02-15 01:20:44.031401,NewYork-b6f9,41,22,Normal
2026-02-15 01:20:45.031401,NewYork-b6f9,45,43,Normal
2026-02-15 01:20:46.031401,NewYork-b6f9,44,87,Normal
2026-02-15 01:20:47.031401,NewYork-b6f9,48,97,Normal
2026-02-15 01:20:48.031401,NewYork-b6f9,-7,22,Normal
2026-02-15 01:20:49.031401,NewYork-b6f9,-19,64,Normal
2026-02-15 01:20:50.031401,NewYork-b6f9,4,48,Normal
2026-02-15 01:20:51.031401,NewYork-b6f9,-26,79,Normal
2026-02-15 01:20:52.031401,NewYork-b6f9,-24,87,Normal
2026-02-15 01:20:53.031401,NewYork-b6f9,39,50,Normal
2026-02-15 01:20:54.031401,NewYork-b6f9,-21,6,Normal
2026-02-15 01:20:55.031401,NewYork-b6f9,-13,27,Normal
2026-02-15 01:20:56.031401,NewYork-b6f9,41,12,Normal
2026-02-15 01:20:57.031401,NewYork-b6f9,44,11,Normal
2026-02-15 01:20:58.031401,NewYork-b6f9,-11,28,Normal
2026-02-15 01:20:59.031401,NewYork-b6f9,-17,39,Normal
2026-02-15 01:21:00.031401,NewYork-b6f9,-5,47,Normal
2026-02-15 01:21:01.031401,NewYork-b6f9,0,78,Normal
2026-02-15 01:21:02.031401,NewYork-b6f9,-28,78,Normal
2026-02-15 01:21:03.031401,NewYork-b6f9,1,98,Normal
2026-02-15 01:21:04.031401,NewYork-b6f9,34,11,Normal
2026-02-15 01:21:05.031401,NewYork-b6f9,3,26,Normal
2026-02-15 01:21:06.031401,NewYork-b6f9,-22,46,Normal
2026-02-15 01:21:07.031401,NewYork-b6f9,13,67,Normal
2026-02-15 01:21:08.031401,NewYork-b6f9,-17,40,Normal
2026-02-15 01:21:09.031401,NewYork-b6f9,14,83,Normal
2026-02-15 01:21:10.031401,NewYork-b6f9,22,12,Normal
2026-02-15 01:21:11.031401,NewYork-b6f9,42,2,Normal
2026-02-15 01:21:12.031401,NewYork-b6f9,24,95,Normal
2026-02-15 01:21:13.031401,NewYork-b6f9,18,75,Normal
2026-02-15 01:21:14.031401,NewYork-b6f9,11,8,Normal
2026-02-15 01:21:15.031401,NewYork-b6f9,38,18,Normal
2026-02-15 01:21:16.031401,NewYork-b6f9,19,34,Normal
2026-02-15 01:21:17.031401,NewYork-b6f9,37,84,Normal
2026-02-15 01:21:18.031401,NewYork-b6f9,21,26,Normal
2026-02-15 01:21:19.031401,NewYork-b6f9,4,91,Normal
2026-02-15 01:21:20.031401,NewYork-b6f9,-1,25,Normal
2026-02-15 01:21:21.031401,NewYork-b6f9,1,52,Normal
2026-02-15 01:21:22.031401,NewYork-b6f9,-25,75,Normal
2026-02-15 01:21:23.031401,NewYork-b6f9,-16,59,Normal
2026-02-15 01:21:24.031401,NewYork-b6f9,15,2,Normal
2026-02-15 01:21:25.031401,NewYork-b6f9,37,79,Normal
2026-02-15 01:21:26.031401,NewYork-b6f9,18,44,Normal
2026-02-15 01:21:27.031401,NewYork-b6f9,-29,0,Normal
2026-02-15 01:21:28.031401,NewYork-b6f9,-1,48,Normal
2026-02-15 01:21:29.031401,NewYork-b6f9,11,13,Normal
2026-02-15 01:21:30.031401,NewYork-b6f9,13,96,Normal
2026-02-15 01:21:31.031401,NewYork-b6f9,28,24,Normal
2026-02-15 01:21:32.031401,NewYork-b6f9,-13,82,Normal
2026-02-15 01:21:33.031401,NewYork-b6f9,-23,11,Normal
2026-02-15 01:21:34.031401,NewYork-b6f9,12,59,Normal
2026-02-15 01:21:35.031401,NewYork-b6f9,47,37,Normal
2026-02-15 01:21:36.031401,NewYork-b6f9,-30,3,Normal
2026-02-15 01:21:37.031401,NewYork-b6f9,0,100,Normal
2026-02-15 01:21:38.031401,NewYork-b6f9,21,77,Normal
2026-02-15 01:21:39.031401,NewYork-b6f9,19,55,Normal
2026-02-15 01:21:40.031401,NewYork-b6f9,-11,92,Normal
2026-02-15 01:21:41.031401,NewYork-b6f9,24,41,Normal
2026-02-15 01:21:42.031401,NewYork-b6f9,-3,23,Normal
2026-02-15 01:21:43.031401,NewYork-b6f9,-11,20,Normal
2026-02-15 01:21:44.031401,NewYork-b6f9,22,42,Normal
2026-02-15 01:21:45.031401,NewYork-b6f9,-25,39,Normal
2026-02-15 01:21:46.031401,NewYork-b6f9,-21,17,Normal
2026-02-15 01:21:47.031401,NewYork-b6f9,45,42,Normal
2026-02-15 01:21:48.031401,NewYork-b6f9,7,13,Normal
2026-02-15 01:21:49.031401,NewYork-b6f9,2,28,Normal
2026-02-15 01:21:50.031401,NewYork-b6f9,20,98,Normal
2026-02-15 01:21:51.031401,NewYork-b6f9,12,67,Normal
2026-02-15 01:21:52.031401,NewYork-b6f9,-12,70,Normal
2026-02-15 01:21:53.031401,NewYork-b6f9,-1,23,Normal
2026-02-15 01:21:54.031401,NewYork-b6f9,0,13,Normal
2026-02-15 01:21:55.031401,NewYork-b6f9,-12,67,Normal
2026-02-15 01:21:56.031401,NewYork-b6f9,-17,74,Normal
2026-02-15 01:21:57.031401,NewYork-b6f9,22,30,Normal
2026-02-15 01:21:58.031401,NewYork-b6f9,33,21,Normal
2026-02-15 01:21:59.031401,NewYork-b6f9,9,94,Normal
2026-02-15 01:22:00.031401,NewYork-b6f9,16,44,Normal
2026-02-15 01:22:01.031401,NewYork-b6f9,21,27,Normal
2026-02-15 01:22:02.031401,NewYork-b6f9,-1,26,Normal
2026-02-15 01:22:03.031401,NewYork-b6f9,25,72,Normal
2026-02-15 01:22:04.031401,NewYork-b6f9,-20,56,Normal
2026-02-15 01:22:05.031401,NewYork-b6f9,12,89,Normal
2026-02-15 01:22:06.031401,NewYork-b6f9,-14,97,Normal
2026-02-15 01:22:07.031401,NewYork-b6f9,-30,79,Normal
2026-02-15 01:22:08.031401,NewYork-b6f9,13,10,Normal
2026-02-15 01:22:09.031401,NewYork-b6f9,1,48,Normal
2026-02-15 01:22:10.031401,NewYork-b6f9,25,24,Normal
2026-02-15 01:22:11.031401,NewYork-b6f9,24,85,Normal
2026-02-15 01:22:12.031401,NewYork-b6f9,43,72,Normal
2026-02-15 01:22:13.031401,NewYork-b6f9,42,12,Normal
2026-02-15 01:22:14.031401,NewYork-b6f9,43,75,Normal
2026-02-15 01:22:15.031401,NewYork-b6f9,21,45,Normal
2026-02-15 01:22:16.031401,NewYork-b6f9,-4,74,Normal
2026-02-15 01:22:17.031401,NewYork-b6f9,24,44,Normal
2026-02-15 01:22:18.031401,NewYork-b6f9,30,9,Normal
2026-02-15 01:22:19.031401,NewYork-b6f9,10,40,Normal
2026-02-15 01:22:20.031401,NewYork-b6f9,8,70,Normal
2026-02-15 01:22:21.031401,NewYork-b6f9,17,63,Normal
2026-02-15 01:22:22.031401,NewYork-b6f9,49,63,Normal
2026-02-15 01:22:23.031401,NewYork-b6f9,45,60,Normal
2026-02-15 01:22:24.031401,NewYork-b6f9,-17,96,Normal
2026-02-15 01:22:25.031401,NewYork-b6f9,43,19,Normal
2026-02-15 01:22:26.031401,NewYork-b6f9,23,73,Normal
2026-02-15 01:22:27.031401,NewYork-b6f9,-4,63,Normal
2026-02-15 01:22:28.031401,NewYork-b6f9,-4,2,Normal
2026-02-15 01:22:29.031401,NewYork-b6f9,-14,76,Normal
2026-02-15 01:22:30.031401,NewYork-b6f9,-14,21,Normal
2026-02-15 01:22:31.031401,NewYork-b6f9,30,7,Normal
2026-02-15 01:22:32.031401,NewYork-b6f9,34,39,Normal
2026-02-15 01:22:33.031401,NewYork-b6f9,-2,41,Normal
2026-02-15 01:22:34.031401,NewYork-b6f9,-19,44,Normal
2026-02-15 01:22:35.031401,NewYork-b6f9,5,97,Normal
2026-02-15 01:22:36.031401,NewYork-b6f9,28,24,Normal
2026-02-15 01:22:37.031401,NewYork-b6f9,7,55,Normal
2026-02-15 01:22:38.031401,NewYork-b6f9,-28,14,Normal
2026-02-15 01:22:39.031401,NewYork-b6f9,22,89,Normal
2026-02-15 01:22:40.031401,NewYork-b6f9,-29,60,Normal
2026-02-15 01:22:41.031401,NewYork-b6f9,17,1,Normal
2026-02-15 01:22:42.031401,NewYork-b6f9,21,46,Normal
2026-02-15 01:22:43.031401,NewYork-b6f9,-27,85,Normal
2026-02-15 01:22:44.031401,NewYork-b6f9,4,50,Normal
2026-02-15 01:22:45.031401,NewYork-b6f9,28,73,Normal
2026-02-15 01:22:46.031401,NewYork-b6f9,-1,71,Normal
2026-02-15 01:22:47.031401,NewYork-b6f9,42,23,Normal
2026-02-15 01:22:48.031401,NewYork-b6f9,20,63,Normal
2026-02-15 01:22:49.031401,NewYork-b6f9,-18,90,Normal
2026-02-15 01:22:50.031401,NewYork-b6f9,16,46,Normal
2026-02-15 01:22:51.031401,NewYork-b6f9,3,11,Normal
2026-02-15 01:22:52.031401,NewYork-b6f9,12,11,Normal
2026-02-15 01:22:53.031401,NewYork-b6f9,46,54,Normal
2026-02-15 01:22:54.031401,NewYork-b6f9,21,50,Normal
2026-02-15 01:22:55.031401,NewYork-b6f9,2,45,Normal
2026-02-15 01:22:56.031401,NewYork-b6f9,-21,6,Normal
2026-02-15 01:22:57.031401,NewYork-b6f9,34,42,Normal
2026-02-15 01:22:58.031401,NewYork-b6f9,-27,0,Normal
2026-02-15 01:22:59.031401,NewYork-b6f9,-3,11,Normal
2026-02-15 01:23:00.031401,NewYork-b6f9,25,89,Normal
2026-02-15 01:23:01.031401,NewYork-b6f9,-20,72,Normal
2026-02-15 01:23:02.031401,NewYork-b6f9,38,73,Normal
2026-02-15 01:23:03.031401,NewYork-b6f9,-25,48,Normal
2026-02-15 01:23:04.031401,NewYork-b6f9,-21,25,Normal
2026-02-15 01:23:05.031401,NewYork-b6f9,-8,16,Normal
2026-02-15 01:23:06.031401,NewYork-b6f9,34,35,Normal
2026-02-15 01:23:07.031401,NewYork-b6f9,13,1,Normal
2026-02-15 01:23:08.031401,NewYork-b6f9,-21,96,Normal
2026-02-15 01:23:09.031401,NewYork-b6f9,-1,31,Normal
2026-02-15 01:23:10.031401,NewYork-b6f9,48,39,Normal
2026-02-15 01:23:11.031401,NewYork-b6f9,47,27,Normal
2026-02-15 01:23:12.031401,NewYork-b6f9,9,84,Normal
2026-02-15 01:23:13.031401,NewYork-b6f9,-14,11,Normal
2026-02-15 01:23:14.031401,NewYork-b6f9,2,91,Normal
2026-02-15 01:23:15.031401,NewYork-b6f9,3,2,Normal
2026-02-15 01:23:16.031401,NewYork-b6f9,18,96,Normal
2026-02-15 01:23:17.031401,NewYork-b6f9,-9,5,Normal
2026-02-15 01:23:18.031401,NewYork-b6f9,-13,86,Normal
2026-02-15 01:23:19.031401,NewYork-b6f9,50,41,Normal
2026-02-15 01:23:20.031401,NewYork-b6f9,50,53,Normal
2026-02-15 01:23:21.031401,NewYork-b6f9,28,94,Normal
2026-02-15 01:23:22.031401,NewYork-b6f9,-14,82,Normal
2026-02-15 01:23:23.031401,NewYork-b6f9,1,46,Normal
2026-02-15 01:23:24.031401,NewYork-b6f9,27,31,Normal
2026-02-15 01:23:25.031401,NewYork-b6f9,-25,51,Normal
2026-02-15 01:23:26.031401,NewYork-b6f9,48,43,Normal
2026-02-15 01:23:27.031401,NewYork-b6f9,27,73,Normal
2026-02-15 01:23:28.031401,NewYork-b6f9,47,43,Normal
2026-02-15 01:23:29.031401,NewYork-b6f9,44,38,Normal
2026-02-15 01:23:30.031401,NewYork-b6f9,18,38,Normal
2026-02-15 01:23:31.031401,NewYork-b6f9,-2,14,Normal
2026-02-15 01:23:32.031401,NewYork-b6f9,1,67,Normal
2026-02-15 01:23:33.031401,NewYork-b6f9,4,29,Normal
2026-02-15 01:23:34.031401,NewYork-b6f9,-8,26,Normal
2026-02-15 01:23:35.031401,NewYork-b6f9,2,57,Normal
2026-02-15 01:23:36.031401,NewYork-b6f9,-26,76,Normal
2026-02-15 01:23:37.031401,NewYork-b6f9,11,20,Normal
2026-02-15 01:23:38.031401,NewYork-b6f9,-19,76,Normal
2026-02-15 01:23:39.031401,NewYork-b6f9,45,26,Normal
2026-02-15 01:23:40.031401,NewYork-b6f9,44,82,Normal
2026-02-15 01:23:41.031401,NewYork-b6f9,45,52,Normal
2026-02-15 01:23:42.031401,NewYork-b6f9,18,40,Normal
2026-02-15 01:23:43.031401,NewYork-b6f9,23,68,Normal
2026-02-15 01:23:44.031401,NewYork-b6f9,-21,69,Normal
2026-02-15 01:23:45.031401,NewYork-b6f9,0,26,Normal
2026-02-15 01:23:46.031401,NewYork-b6f9,31,22,Normal
2026-02-15 01:23:47.031401,NewYork-b6f9,8,95,Normal
2026-02-15 01:23:48.031401,NewYork-b6f9,18,95,Normal
2026-02-15 01:23:49.031401,NewYork-b6f9,-26,91,Normal
2026-02-15 01:23:50.031401,NewYork-b6f9,14,6,Normal
2026-02-15 01:23:51.031401,NewYork-b6f9,-25,25,Normal
2026-02-15 01:23:52.031401,NewYork-b6f9,-6,62,Normal
2026-02-15 01:23:53.031401,NewYork-b6f9,2,72,Normal
2026-02-15 01:23:54.031401,NewYork-b6f9,-26,54,Normal
2026-02-15 01:23:55.031401,NewYork-b6f9,44,45,Normal
2026-02-15 01:23:56.031401,NewYork-b6f9,-25,53,Normal
2026-02-15 01:23:57.031401,NewYork-b6f9,9,84,Normal
2026-02-15 01:23:58.031401,NewYork-b6f9,42,41,Normal
2026-02-15 01:23:59.031401,NewYork-b6f9,27,99,Normal
2026-02-15 01:24:00.031401,NewYork-b6f9,0,63,Normal
2026-02-15 01:24:01.031401,NewYork-b6f9,-16,66,Normal
2026-02-15 01:24:02.031401,NewYork-b6f9,17,62,Normal
2026-02-15 01:24:03.031401,NewYork-b6f9,-30,67,Normal
2026-02-15 01:24:04.031401,NewYork-b6f9,21,5,Normal
2026-02-15 01:24:05.031401,NewYork-b6f9,-17,36,Normal
2026-02-15 01:24:06.031401,NewYork-b6f9,24,74,Normal
2026-02-15 01:24:07.031401,NewYork-b6f9,-27,39,Normal
2026-02-15 01:24:08.031401,NewYork-b6f9,-6,18,Normal
2026-02-15 01:24:09.031401,NewYork-b6f9,20,74,Normal
2026-02-15 01:24:10.031401,NewYork-b6f9,36,13,Normal
2026-02-15 01:24:11.031401,NewYork-b6f9,-28,7,Normal
2026-02-15 01:24:12.031401,NewYork-b6f9,48,22,Normal
2026-02-15 01:24:13.031401,NewYork-b6f9,-30,34,Normal
2026-02-15 01:24:14.031401,NewYork-b6f9,24,34,Normal
2026-02-15 01:24:15.031401,NewYork-b6f9,39,23,Normal
2026-02-15 01:24:16.031401,NewYork-b6f9,-28,58,Normal
2026-02-15 01:24:17.031401,NewYork-b6f9,-20,42,Normal
2026-02-15 01:24:18.031401,NewYork-b6f9,23,34,Normal
2026-02-15 01:24:19.031401,NewYork-b6f9,14,7,Normal
2026-02-15 01:24:20.031401,NewYork-b6f9,46,66,Normal
2026-02-15 01:24:21.031401,NewYork-b6f9,30,99,Normal
2026-02-15 01:24:22.031401,NewYork-b6f9,19,78,Normal
2026-02-15 01:24:23.031401,NewYork-b6f9,7,3,Normal
2026-02-15 01:24:24.031401,NewYork-b6f9,25,30,Normal
2026-02-15 01:24:25.031401,NewYork-b6f9,-30,52,Normal
2026-02-15 01:24:26.031401,NewYork-b6f9,-4,78,Normal
2026-02-15 01:24:27.031401,NewYork-b6f9,39,50,Normal
2026-02-15 01:24:28.031401,NewYork-b6f9,42,37,Normal
2026-02-15 01:24:29.031401,NewYork-b6f9,31,89,Normal
2026-02-15 01:24:30.031401,NewYork-b6f9,5,95,Normal
2026-02-15 01:24:31.031401,NewYork-b6f9,29,45,Normal
2026-02-15 01:24:32.031401,NewYork-b6f9,-27,80,Normal
2026-02-15 01:24:33.031401,NewYork-b6f9,43,7,Normal
2026-02-15 01:24:34.031401,NewYork-b6f9,-13,32,Normal
2026-02-15 01:24:35.031401,NewYork-b6f9,45,19,Normal
2026-02-15 01:24:36.031401,NewYork-b6f9,37,39,Normal
2026-02-15 01:24:37.031401,NewYork-b6f9,15,76,Normal
2026-02-15 01:24:38.031401,NewYork-b6f9,43,24,Normal
2026-02-15 01:24:39.031401,NewYork-b6f9,39,20,Normal
2026-02-15 01:24:40.031401,NewYork-b6f9,31,34,Normal
2026-02-15 01:24:41.031401,NewYork-b6f9,20,1,Normal
2026-02-15 01:24:42.031401,NewYork-b6f9,-26,42,Normal
2026-02-15 01:24:43.031401,NewYork-b6f9,-19,94,Normal
2026-02-15 01:24:44.031401,NewYork-b6f9,24,16,Normal
2026-02-15 01:24:45.031401,NewYork-b6f9,-13,82,Normal
2026-02-15 01:24:46.031401,NewYork-b6f9,35,48,Normal
2026-02-15 01:24:47.031401,NewYork-b6f9,-7,26,Normal
2026-02-15 01:24:48.031401,NewYork-b6f9,26,24,Normal
2026-02-15 01:24:49.031401,NewYork-b6f9,2,78,Normal
2026-02-15 01:24:50.031401,NewYork-b6f9,-24,75,Normal
2026-02-15 01:24:51.031401,NewYork-b6f9,-20,41,Normal
2026-02-15 01:24:52.031401,NewYork-b6f9,43,79,Normal
2026-02-15 01:24:53.031401,NewYork-b6f9,-7,51,Normal
2026-02-15 01:24:54.031401,NewYork-b6f9,-2,94,Normal
2026-02-15 01:24:55.031401,NewYork-b6f9,26,37,Normal
2026-02-15 01:24:56.031401,NewYork-b6f9,49,70,Normal
2026-02-15 01:24:57.031401,NewYork-b6f9,11,78,Normal
2026-02-15 01:24:58.031401,NewYork-b6f9,32,39,Normal
2026-02-15 01:24:59.031401,NewYork-b6f9,10,41,Normal
2026-02-15 01:25:00.031401,NewYork-b6f9,30,66,Normal
2026-02-15 01:25:01.031401,NewYork-b6f9,41,0,Normal
2026-02-15 01:25:02.031401,NewYork-b6f9,20,5,Normal
2026-02-15 01:25:03.031401,NewYork-b6f9,42,41,Normal
2026-02-15 01:25:04.031401,NewYork-b6f9,-25,25,Normal
2026-02-15 01:25:05.031401,NewYork-b6f9,12,86,Normal
2026-02-15 01:25:06.031401,NewYork-b6f9,49,17,Normal
2026-02-15 01:25:07.031401,NewYork-b6f9,36,25,Normal
2026-02-15 01:25:08.031401,NewYork-b6f9,19,63,Normal
2026-02-15 01:25:09.031401,NewYork-b6f9,21,63,Normal
2026-02-15 01:25:10.031401,NewYork-b6f9,23,28,Normal
2026-02-15 01:25:11.031401,NewYork-b6f9,24,54,Normal
2026-02-15 01:25:12.031401,NewYork-b6f9,49,72,Normal
2026-02-15 01:25:13.031401,NewYork-b6f9,36,67,Normal
2026-02-15 01:25:14.031401,NewYork-b6f9,6,63,Normal
2026-02-15 01:25:15.031401,NewYork-b6f9,46,75,Normal
2026-02-15 01:25:16.031401,NewYork-b6f9,-9,39,Normal
2026-02-15 01:25:17.031401,NewYork-b6f9,8,58,Normal
2026-02-15 01:25:18.031401,NewYork-b6f9,26,81,Normal
2026-02-15 01:25:19.031401,NewYork-b6f9,26,45,Normal
2026-02-15 01:25:20.031401,NewYork-b6f9,-1,1,Normal
2026-02-15 01:25:21.031401,NewYork-b6f9,41,20,Normal
2026-02-15 01:25:22.031401,NewYork-b6f9,1,5,Normal
2026-02-15 01:25:23.031401,NewYork-b6f9,39,73,Normal
2026-02-15 01:25:24.031401,NewYork-b6f9,25,5,Normal
2026-02-15 01:25:25.031401,NewYork-b6f9,23,64,Normal
2026-02-15 01:25:26.031401,NewYork-b6f9,42,42,Normal
2026-02-15 01:25:27.031401,NewYork-b6f9,44,27,Normal
2026-02-15 01:25:28.031401,NewYork-b6f9,24,31,Normal
2026-02-15 01:25:29.031401,NewYork-b6f9,13,11,Normal
2026-02-15 01:25:30.031401,NewYork-b6f9,23,51,Normal
2026-02-15 01:25:31.031401,NewYork-b6f9,14,47,Normal
2026-02-15 01:25:32.031401,NewYork-b6f9,5,27,Normal
2026-02-15 01:25:33.031401,NewYork-b6f9,37,15,Normal
2026-02-15 01:25:34.031401,NewYork-b6f9,45,63,Normal
2026-02-15 01:25:35.031401,NewYork-b6f9,-19,70,Normal
2026-02-15 01:25:36.031401,NewYork-b6f9,33,64,Normal
2026-02-15 01:25:37.031401,NewYork-b6f9,-2,74,Normal
2026-02-15 01:25:38.031401,NewYork-b6f9,-8,37,Normal
2026-02-15 01:25:39.031401,NewYork-b6f9,-20,53,Normal
2026-02-15 01:25:40.031401,NewYork-b6f9,17,1,Normal
2026-02-15 01:25:41.031401,NewYork-b6f9,10,71,Normal
2026-02-15 01:25:42.031401,NewYork-b6f9,-18,9,Normal
2026-02-15 01:25:43.031401,NewYork-b6f9,-7,85,Normal
2026-02-15 01:25:44.031401,NewYork-b6f9,-21,88,Normal
2026-02-15 01:25:45.031401,NewYork-b6f9,5,10,Normal
2026-02-15 01:25:46.031401,NewYork-b6f9,40,32,Normal
2026-02-15 01:25:47.031401,NewYork-b6f9,-22,93,Normal
2026-02-15 01:25:48.031401,NewYork-b6f9,-2,82,Normal
2026-02-15 01:25:49.031401,NewYork-b6f9,32,45,Normal
2026-02-15 01:25:50.031401,NewYork-b6f9,-25,3,Normal
2026-02-15 01:25:51.031401,NewYork-b6f9,16,38,Normal
2026-02-15 01:25:52.031401,NewYork-b6f9,5,83,Normal
2026-02-15 01:25:53.031401,NewYork-b6f9,-23,54,Normal
2026-02-15 01:25:54.031401,NewYork-b6f9,-3,78,Normal
2026-02-15 01:25:55.031401,NewYork-b6f9,29,49,Normal
2026-02-15 01:25:56.031401,NewYork-b6f9,-2,54,Normal
2026-02-15 01:25:57.031401,NewYork-b6f9,49,69,Normal
2026-02-15 01:25:58.031401,NewYork-b6f9,27,59,Normal
2026-02-15 01:25:59.031401,NewYork-b6f9,-9,8,Normal
2026-02-15 01:26:00.031401,NewYork-b6f9,-10,76,Normal
2026-02-15 01:26:01.031401,NewYork-b6f9,31,70,Normal
2026-02-15 01:26:02.031401,NewYork-b6f9,50,29,Normal
2026-02-15 01:26:03.031401,NewYork-b6f9,15,52,Normal
2026-02-15 01:26:04.031401,NewYork-b6f9,-11,92,Normal
2026-02-15 01:26:05.031401,NewYork-b6f9,-26,8,Normal
2026-02-15 01:26:06.031401,NewYork-b6f9,38,45,Normal
2026-02-15 01:26:07.031401,NewYork-b6f9,-16,55,Normal
2026-02-15 01:26:08.031401,NewYork-b6f9,18,6,Normal
2026-02-15 01:26:09.031401,NewYork-b6f9,-16,75,Normal
2026-02-15 01:26:10.031401,NewYork-b6f9,41,45,Normal
2026-02-15 01:26:11.031401,NewYork-b6f9,-9,24,Normal
2026-02-15 01:26:12.031401,NewYork-b6f9,-20,25,Normal
2026-02-15 01:26:13.031401,NewYork-b6f9,-25,39,Normal
2026-02-15 01:26:14.031401,NewYork-b6f9,-3,24,Normal
2026-02-15 01:26:15.031401,NewYork-b6f9,19,95,Normal
2026-02-15 01:26:16.031401,NewYork-b6f9,48,28,Normal
2026-02-15 01:26:17.031401,NewYork-b6f9,-14,89,Normal
2026-02-15 01:26:18.031401,NewYork-b6f9,3,54,Normal
2026-02-15 01:26:19.031401,NewYork-b6f9,-25,59,Normal
2026-02-15 01:26:20.031401,NewYork-b6f9,16,52,Normal
2026-02-15 01:26:21.031401,NewYork-b6f9,36,16,Normal
2026-02-15 01:26:22.031401,NewYork-b6f9,26,89,Normal
2026-02-15 01:26:23.031401,NewYork-b6f9,-19,29,Normal
2026-02-15 01:26:24.031401,NewYork-b6f9,-21,75,Normal
2026-02-15 01:26:25.031401,NewYork-b6f9,38,87,Normal
2026-02-15 01:26:26.031401,NewYork-b6f9,25,99,Normal
2026-02-15 01:26:27.031401,NewYork-b6f9,-10,47,Normal
2026-02-15 01:26:28.031401,NewYork-b6f9,49,2,Normal
2026-02-15 01:26:29.031401,NewYork-b6f9,27,100,Normal
2026-02-15 01:26:30.031401,NewYork-b6f9,48,48,Normal
2026-02-15 01:26:31.031401,NewYork-b6f9,28,78,Normal
2026-02-15 01:26:32.031401,NewYork-b6f9,29,91,Normal
2026-02-15 01:26:33.031401,NewYork-b6f9,-7,31,Normal
2026-02-15 01:26:34.031401,NewYork-b6f9,-30,45,Normal
2026-02-15 01:26:35.031401,NewYork-b6f9,35,60,Normal
2026-02-15 01:26:36.031401,NewYork-b6f9,42,81,Normal
2026-02-15 01:26:37.031401,NewYork-b6f9,9,79,Normal
2026-02-15 01:26:38.031401,NewYork-b6f9,-26,73,Normal
2026-02-15 01:26:39.031401,NewYork-b6f9,8,94,Normal
2026-02-15 01:26:40.031401,NewYork-b6f9,10,55,Normal
2026-02-15 01:26:41.031401,NewYork-b6f9,36,52,Normal
2026-02-15 01:26:42.031401,NewYork-b6f9,-11,69,Normal
2026-02-15 01:26:43.031401,NewYork-b6f9,6,1,Normal
2026-02-15 01:26:44.031401,NewYork-b6f9,33,17,Normal
2026-02-15 01:26:45.031401,NewYork-b6f9,29,87,Normal
2026-02-15 01:26:46.031401,NewYork-b6f9,-24,21,Normal
2026-02-15 01:26:47.031401,NewYork-b6f9,10,88,Normal
2026-02-15 01:26:48.031401,NewYork-b6f9,-23,57,Normal
2026-02-15 01:26:49.031401,NewYork-b6f9,-14,18,Normal
2026-02-15 01:26:50.031401,NewYork-b6f9,6,40,Normal
2026-02-15 01:26:51.031401,NewYork-b6f9,35,4,Normal
2026-02-15 01:26:52.031401,NewYork-b6f9,22,96,Normal
2026-02-15 01:26:53.031401,NewYork-b6f9,17,1,Normal
2026-02-15 01:26:54.031401,NewYork-b6f9,-16,45,Normal
2026-02-15 01:26:55.031401,NewYork-b6f9,-20,40,Normal
2026-02-15 01:26:56.031401,NewYork-b6f9,31,12,Normal
2026-02-15 01:26:57.031401,NewYork-b6f9,-20,100,Normal
2026-02-15 01:26:58.031401,NewYork-b6f9,49,57,Normal
2026-02-15 01:26:59.031401,NewYork-b6f9,43,63,Normal
2026-02-15 01:27:00.031401,NewYork-b6f9,-25,56,Normal
2026-02-15 01:27:01.031401,NewYork-b6f9,39,67,Normal
2026-02-15 01:27:02.031401,NewYork-b6f9,-13,83,Normal
2026-02-15 01:27:03.031401,NewYork-b6f9,35,67,Normal
2026-02-15 01:27:04.031401,NewYork-b6f9,-2,44,Normal
2026-02-15 01:27:05.031401,NewYork-b6f9,-15,69,Normal
2026-02-15 01:27:06.031401,NewYork-b6f9,-13,26,Normal
2026-02-15 01:27:07.031401,NewYork-b6f9,45,66,Normal
2026-02-15 01:27:08.031401,NewYork-b6f9,-1,28,Normal
2026-02-15 01:27:09.031401,NewYork-b6f9,-9,37,Normal
2026-02-15 01:27:10.031401,NewYork-b6f9,2,24,Normal
2026-02-15 01:27:11.031401,NewYork-b6f9,50,26,Normal
2026-02-15 01:27:12.031401,NewYork-b6f9,15,23,Normal
2026-02-15 01:27:13.031401,NewYork-b6f9,-26,29,Normal
2026-02-15 01:27:14.031401,NewYork-b6f9,33,40,Normal
2026-02-15 01:27:15.031401,NewYork-b6f9,-8,69,Normal
2026-02-15 01:27:16.031401,NewYork-b6f9,19,3,Normal
2026-02-15 01:27:17.031401,NewYork-b6f9,46,74,Normal
2026-02-15 01:27:18.031401,NewYork-b6f9,20,23,Normal
2026-02-15 01:27:19.031401,NewYork-b6f9,0,78,Normal
2026-02-15 01:27:20.031401,NewYork-b6f9,43,15,Normal
2026-02-15 01:27:21.031401,NewYork-b6f9,-25,98,Normal
2026-02-15 01:27:22.031401,NewYork-b6f9,46,47,Normal
2026-02-15 01:27:23.031401,NewYork-b6f9,-11,23,Normal
2026-02-15 01:27:24.031401,NewYork-b6f9,-11,66,Normal
2026-02-15 01:27:25.031401,NewYork-b6f9,45,80,Normal
2026-02-15 01:27:26.031401,NewYork-b6f9,-4,72,Normal
2026-02-15 01:27:27.031401,NewYork-b6f9,31,98,Normal
2026-02-15 01:27:28.031401,NewYork-b6f9,14,39,Normal
2026-02-15 01:27:29.031401,NewYork-b6f9,28,21,Normal
2026-02-15 01:27:30.031401,NewYork-b6f9,-6,56,Normal
2026-02-15 01:27:31.031401,NewYork-b6f9,12,61,Normal
2026-02-15 01:27:32.031401,NewYork-b6f9,-14,5,Normal
2026-02-15 01:27:33.031401,NewYork-b6f9,-6,82,Normal
2026-02-15 01:27:34.031401,NewYork-b6f9,-14,46,Normal
2026-02-15 01:27:35.031401,NewYork-b6f9,50,17,Normal
2026-02-15 01:27:36.031401,NewYork-b6f9,-3,64,Normal
2026-02-15 01:27:37.031401,NewYork-b6f9,42,71,Normal
2026-02-15 01:27:38.031401,NewYork-b6f9,19,1,Normal
2026-02-15 01:27:39.031401,NewYork-b6f9,4,82,Normal
2026-02-15 01:27:40.031401,NewYork-b6f9,1,45,Normal
2026-02-15 01:27:41.031401,NewYork-b6f9,-15,61,Normal
2026-02-15 01:27:42.031401,NewYork-b6f9,-19,37,Normal
2026-02-15 01:27:43.031401,NewYork-b6f9,-1,90,Normal
2026-02-15 01:27:44.031401,NewYork-b6f9,19,47,Normal
2026-02-15 01:27:45.031401,NewYork-b6f9,42,90,Normal
2026-02-15 01:27:46.031401,NewYork-b6f9,-8,40,Normal
2026-02-15 01:27:47.031401,NewYork-b6f9,-10,94,Normal
2026-02-15 01:27:48.031401,NewYork-b6f9,35,55,Normal
2026-02-15 01:27:49.031401,NewYork-b6f9,-7,34,Normal
2026-02-15 01:27:50.031401,NewYork-b6f9,-22,15,Normal
2026-02-15 01:27:51.031401,NewYork-b6f9,29,48,Normal
2026-02-15 01:27:52.031401,NewYork-b6f9,33,92,Normal
2026-02-15 01:27:53.031401,NewYork-b6f9,-24,3,Normal
2026-02-15 01:27:54.031401,NewYork-b6f9,27,41,Normal
2026-02-15 01:27:55.031401,NewYork-b6f9,-3,7,Normal
2026-02-15 01:27:56.031401,NewYork-b6f9,36,38,Normal
2026-02-15 01:27:57.031401,NewYork-b6f9,-19,100,Normal
2026-02-15 01:27:58.031401,NewYork-b6f9,42,40,Normal
2026-02-15 01:27:59.031401,NewYork-b6f9,25,47,Normal
2026-02-15 01:28:00.031401,NewYork-b6f9,15,97,Normal
2026-02-15 01:28:01.031401,NewYork-b6f9,-24,92,Normal
2026-02-15 01:28:02.031401,NewYork-b6f9,-1,52,Normal
2026-02-15 01:28:03.031401,NewYork-b6f9,29,84,Normal
2026-02-15 01:28:04.031401,NewYork-b6f9,-20,89,Normal
2026-02-15 01:28:05.031401,NewYork-b6f9,-25,64,Normal
2026-02-15 01:28:06.031401,NewYork-b6f9,45,40,Normal
2026-02-15 01:28:07.031401,NewYork-b6f9,-15,16,Normal
2026-02-15 01:28:08.031401,NewYork-b6f9,38,33,Normal
2026-02-15 01:28:09.031401,NewYork-b6f9,35,20,Normal
2026-02-15 01:28:10.031401,NewYork-b6f9,-3,10,Normal
2026-02-15 01:28:11.031401,NewYork-b6f9,30,96,Normal
2026-02-15 01:28:12.031401,NewYork-b6f9,9,79,Normal
2026-02-15 01:28:13.031401,NewYork-b6f9,35,20,Normal
2026-02-15 01:28:14.031401,NewYork-b6f9,18,67,Normal
2026-02-15 01:28:15.031401,NewYork-b6f9,32,5,Normal
2026-02-15 01:28:16.031401,NewYork-b6f9,28,54,Normal
2026-02-15 01:28:17.031401,NewYork-b6f9,22,25,Normal
2026-02-15 01:28:18.031401,NewYork-b6f9,12,53,Normal
2026-02-15 01:28:19.031401,NewYork-b6f9,44,98,Normal
2026-02-15 01:28:20.031401,NewYork-b6f9,-27,15,Normal
2026-02-15 01:28:21.031401,NewYork-b6f9,31,6,Normal
2026-02-15 01:28:22.031401,NewYork-b6f9,47,29,Normal
2026-02-15 01:28:23.031401,NewYork-b6f9,-27,89,Normal
2026-02-15 01:28:24.031401,NewYork-b6f9,-6,49,Normal
2026-02-15 01:28:25.031401,NewYork-b6f9,49,23,Normal
2026-02-15 01:28:26.031401,NewYork-b6f9,39,44,Normal
2026-02-15 01:28:27.031401,NewYork-b6f9,-18,23,Normal
2026-02-15 01:28:28.031401,NewYork-b6f9,10,89,Normal
2026-02-15 01:28:29.031401,NewYork-b6f9,25,42,Normal
2026-02-15 01:28:30.031401,NewYork-b6f9,-10,7,Normal
2026-02-15 01:28:31.031401,NewYork-b6f9,-11,34,Normal
2026-02-15 01:28:32.031401,NewYork-b6f9,-26,19,Normal
2026-02-15 01:28:33.031401,NewYork-b6f9,-2,19,Normal
2026-02-15 01:28:34.031401,NewYork-b6f9,44,86,Normal
2026-02-15 01:28:35.031401,NewYork-b6f9,50,80,Normal
2026-02-15 01:28:36.031401,NewYork-b6f9,46,93,Normal
2026-02-15 01:28:37.031401,NewYork-b6f9,5,86,Normal
2026-02-15 01:28:38.031401,NewYork-b6f9,43,26,Normal
2026-02-15 01:28:39.031401,NewYork-b6f9,45,4,Normal
2026-02-15 01:28:40.031401,NewYork-b6f9,27,42,Normal
2026-02-15 01:28:41.031401,NewYork-b6f9,31,4,Normal
2026-02-15 01:28:42.031401,NewYork-b6f9,34,23,Normal
2026-02-15 01:28:43.031401,NewYork-b6f9,47,35,Normal
2026-02-15 01:28:44.031401,NewYork-b6f9,-26,33,Normal
2026-02-15 01:28:45.031401,NewYork-b6f9,25,68,Normal
2026-02-15 01:28:46.031401,NewYork-b6f9,-8,35,Normal
2026-02-15 01:28:47.031401,NewYork-b6f9,39,37,Normal
2026-02-15 01:28:48.031401,NewYork-b6f9,33,6,Normal
2026-02-15 01:28:49.031401,NewYork-b6f9,40,85,Normal
2026-02-15 01:28:50.031401,NewYork-b6f9,24,10,Normal
2026-02-15 01:28:51.031401,NewYork-b6f9,-19,45,Normal
2026-02-15 01:28:52.031401,NewYork-b6f9,43,36,Normal
2026-02-15 01:28:53.031401,NewYork-b6f9,-21,2,Normal
2026-02-15 01:28:54.031401,NewYork-b6f9,-14,41,Normal
2026-02-15 01:28:55.031401,NewYork-b6f9,-12,17,Normal
2026-02-15 01:28:56.031401,NewYork-b6f9,-1,83,Normal
2026-02-15 01:28:57.031401,NewYork-b6f9,-3,68,Normal
2026-02-15 01:28:58.031401,NewYork-b6f9,-11,37,Normal
2026-02-15 01:28:59.031401,NewYork-b6f9,30,53,Normal
2026-02-15 01:29:00.031401,NewYork-b6f9,-1,56,Normal
2026-02-15 01:29:01.031401,NewYork-b6f9,-4,91,Normal
2026-02-15 01:29:02.031401,NewYork-b6f9,31,21,Normal
2026-02-15 01:29:03.031401,NewYork-b6f9,-16,22,Normal
2026-02-15 01:29:04.031401,NewYork-b6f9,21,47,Normal
2026-02-15 01:29:05.031401,NewYork-b6f9,28,85,Normal
2026-02-15 01:29:06.031401,NewYork-b6f9,-18,61,Normal
2026-02-15 01:29:07.031401,NewYork-b6f9,11,40,Normal
2026-02-15 01:29:08.031401,NewYork-b6f9,35,81,Normal
2026-02-15 01:29:09.031401,NewYork-b6f9,19,62,Normal
2026-02-15 01:29:10.031401,NewYork-b6f9,43,81,Normal
2026-02-15 01:29:11.031401,NewYork-b6f9,33,44,Normal
2026-02-15 01:29:12.031401,NewYork-b6f9,5,29,Normal
2026-02-15 01:29:13.031401,NewYork-b6f9,-18,45,Normal
2026-02-15 01:29:14.031401,NewYork-b6f9,27,98,Normal
2026-02-15 01:29:15.031401,NewYork-b6f9,44,17,Normal
2026-02-15 01:29:16.031401,NewYork-b6f9,43,20,Normal
2026-02-15 01:29:17.031401,NewYork-b6f9,42,41,Normal
2026-02-15 01:29:18.031401,NewYork-b6f9,27,98,Normal
2026-02-15 01:29:19.031401,NewYork-b6f9,-27,100,Normal
2026-02-15 01:29:20.031401,NewYork-b6f9,27,72,Normal
2026-02-15 01:29:21.031401,NewYork-b6f9,-9,17,Normal
2026-02-15 01:29:22.031401,NewYork-b6f9,-27,35,Normal
2026-02-15 01:29:23.031401,NewYork-b6f9,44,42,Normal
2026-02-15 01:29:24.031401,NewYork-b6f9,1,83,Normal
2026-02-15 01:29:25.031401,NewYork-b6f9,47,89,Normal
2026-02-15 01:29:26.031401,NewYork-b6f9,-23,66,Normal
2026-02-15 01:29:27.031401,NewYork-b6f9,17,1,Normal
2026-02-15 01:29:28.031401,NewYork-b6f9,32,92,Normal
2026-02-15 01:29:29.031401,NewYork-b6f9,23,67,Normal
2026-02-15 01:29:30.031401,NewYork-b6f9,36,70,Normal
2026-02-15 01:29:31.031401,NewYork-b6f9,30,32,Normal
2026-02-15 01:29:32.031401,NewYork-b6f9,47,61,Normal
2026-02-15 01:29:33.031401,NewYork-b6f9,44,13,Normal
2026-02-15 01:29:34.031401,NewYork-b6f9,8,1,Normal
2026-02-15 01:29:35.031401,NewYork-b6f9,3,46,Normal
2026-02-15 01:29:36.031401,NewYork-b6f9,35,29,Normal
2026-02-15 01:29:37.031401,NewYork-b6f9,16,33,Normal
2026-02-15 01:29:38.031401,NewYork-b6f9,-16,28,Normal
2026-02-15 01:29:39.031401,NewYork-b6f9,39,36,Normal
2026-02-15 01:29:40.031401,NewYork-b6f9,40,37,Normal
2026-02-15 01:29:41.031401,NewYork-b6f9,-10,61,Normal
2026-02-15 01:29:42.031401,NewYork-b6f9,26,59,Normal
2026-02-15 01:29:43.031401,NewYork-b6f9,-3,26,Normal
2026-02-15 01:29:44.031401,NewYork-b6f9,23,87,Normal
2026-02-15 01:29:45.031401,NewYork-b6f9,35,37,Normal
2026-02-15 01:29:46.031401,NewYork-b6f9,42,62,Normal
2026-02-15 01:29:47.031401,NewYork-b6f9,38,12,Normal
2026-02-15 01:29:48.031401,NewYork-b6f9,-20,81,Normal
2026-02-15 01:29:49.031401,NewYork-b6f9,2,7,Normal
2026-02-15 01:29:50.031401,NewYork-b6f9,33,87,Normal
2026-02-15 01:29:51.031401,NewYork-b6f9,-6,41,Normal
2026-02-15 01:29:52.031401,NewYork-b6f9,30,7,Normal
2026-02-15 01:29:53.031401,NewYork-b6f9,24,91,Normal
2026-02-15 01:29:54.031401,NewYork-b6f9,43,21,Normal
2026-02-15 01:29:55.031401,NewYork-b6f9,-28,3,Normal
2026-02-15 01:29:56.031401,NewYork-b6f9,-27,12,Normal
2026-02-15 01:29:57.031401,NewYork-b6f9,-17,13,Normal
2026-02-15 01:29:58.031401,NewYork-b6f9,7,82,Normal
2026-02-15 01:29:59.031401,NewYork-b6f9,-9,21,Normal
2026-02-15 01:30:00.031401,NewYork-b6f9,-21,18,Normal
2026-02-15 01:30:01.031401,NewYork-b6f9,-1,75,Normal
2026-02-15 01:30:02.031401,NewYork-b6f9,-24,29,Normal
2026-02-15 01:30:03.031401,NewYork-b6f9,0,50,Normal
2026-02-15 01:30:04.031401,NewYork-b6f9,8,80,Normal
2026-02-15 01:30:05.031401,NewYork-b6f9,36,65,Normal
2026-02-15 01:30:06.031401,NewYork-b6f9,43,30,Normal
2026-02-15 01:30:07.031401,NewYork-b6f9,3,81,Normal
2026-02-15 01:30:08.031401,NewYork-b6f9,45,86,Normal
2026-02-15 01:30:09.031401,NewYork-b6f9,21,73,Normal
2026-02-15 01:30:10.031401,NewYork-b6f9,-4,11,Normal
2026-02-15 01:30:11.031401,NewYork-b6f9,-1,91,Normal
2026-02-15 01:30:12.031401,NewYork-b6f9,32,38,Normal
2026-02-15 01:30:13.031401,NewYork-b6f9,43,86,Normal
2026-02-15 01:30:14.031401,NewYork-b6f9,32,91,Normal
2026-02-15 01:30:15.031401,NewYork-b6f9,-29,43,Normal
2026-02-15 01:30:16.031401,NewYork-b6f9,-26,67,Normal
2026-02-15 01:30:17.031401,NewYork-b6f9,26,42,Normal
2026-02-15 01:30:18.031401,NewYork-b6f9,19,17,Normal
2026-02-15 01:30:19.031401,NewYork-b6f9,-14,72,Normal
2026-02-15 01:30:20.031401,NewYork-b6f9,-19,70,Normal
2026-02-15 01:30:21.031401,NewYork-b6f9,3,87,Normal
2026-02-15 01:30:22.031401,NewYork-b6f9,37,53,Normal
2026-02-15 01:30:23.031401,NewYork-b6f9,-12,68,Normal
2026-02-15 01:30:24.031401,NewYork-b6f9,-30,67,Normal
2026-02-15 01:30:25.031401,NewYork-b6f9,5,44,Normal
2026-02-15 01:30:26.031401,NewYork-b6f9,34,57,Normal
2026-02-15 01:30:27.031401,NewYork-b6f9,49,75,Normal
2026-02-15 01:30:28.031401,NewYork-b6f9,-12,61,Normal
2026-02-15 01:30:29.031401,NewYork-b6f9,16,16,Normal
2026-02-15 01:30:30.031401,NewYork-b6f9,-15,1,Normal
2026-02-15 01:30:31.031401,NewYork-b6f9,-23,56,Normal
2026-02-15 01:30:32.031401,NewYork-b6f9,-9,64,Normal
2026-02-15 01:30:33.031401,NewYork-b6f9,-10,84,Normal
2026-02-15 01:30:34.031401,NewYork-b6f9,36,78,Normal
2026-02-15 01:30:35.031401,NewYork-b6f9,-4,78,Normal
2026-02-15 01:30:36.031401,NewYork-b6f9,39,60,Normal
2026-02-15 01:30:37.031401,NewYork-b6f9,-1,24,Normal
2026-02-15 01:30:38.031401,NewYork-b6f9,43,95,Normal
2026-02-15 01:30:39.031401,NewYork-b6f9,47,27,Normal
2026-02-15 01:30:40.031401,NewYork-b6f9,34,17,Normal
2026-02-15 01:30:41.031401,NewYork-b6f9,-6,73,Normal
2026-02-15 01:30:42.031401,NewYork-b6f9,-15,61,Normal
2026-02-15 01:30:43.031401,NewYork-b6f9,39,86,Normal
2026-02-15 01:30:44.031401,NewYork-b6f9,-13,69,Normal
2026-02-15 01:30:45.031401,NewYork-b6f9,28,52,Normal
2026-02-15 01:30:46.031401,NewYork-b6f9,38,29,Normal
2026-02-15 01:30:47.031401,NewYork-b6f9,13,83,Normal
2026-02-15 01:30:48.031401,NewYork-b6f9,4,46,Normal
2026-02-15 01:30:49.031401,NewYork-b6f9,11,20,Normal
2026-02-15 01:30:50.031401,NewYork-b6f9,33,31,Normal
2026-02-15 01:30:51.031401,NewYork-b6f9,33,2,Normal
2026-02-15 01:30:52.031401,NewYork-b6f9,40,87,Normal
2026-02-15 01:30:53.031401,NewYork-b6f9,31,55,Normal
2026-02-15 01:30:54.031401,NewYork-b6f9,39,3,Normal
2026-02-15 01:30:55.031401,NewYork-b6f9,10,49,Normal
2026-02-15 01:30:56.031401,NewYork-b6f9,48,2,Normal
2026-02-15 01:30:57.031401,NewYork-b6f9,16,47,Normal
2026-02-15 01:30:58.031401,NewYork-b6f9,-10,79,Normal
2026-02-15 01:30:59.031401,NewYork-b6f9,-7,14,Normal
2026-02-15 01:31:00.031401,NewYork-b6f9,-4,0,Normal
2026-02-15 01:31:01.031401,NewYork-b6f9,14,17,Normal
2026-02-15 01:31:02.031401,NewYork-b6f9,-25,11,Normal
2026-02-15 01:31:03.031401,NewYork-b6f9,19,58,Normal
2026-02-15 01:31:04.031401,NewYork-b6f9,0,7,Normal
2026-02-15 01:31:05.031401,NewYork-b6f9,27,24,Normal
2026-02-15 01:31:06.031401,NewYork-b6f9,-19,34,Normal
2026-02-15 01:31:07.031401,NewYork-b6f9,14,73,Normal
2026-02-15 01:31:08.031401,NewYork-b6f9,46,0,Normal
2026-02-15 01:31:09.031401,NewYork-b6f9,27,60,Normal
2026-02-15 01:31:10.031401,NewYork-b6f9,-12,86,Normal
2026-02-15 01:31:11.031401,NewYork-b6f9,-2,50,Normal
2026-02-15 01:31:12.031401,NewYork-b6f9,16,5,Normal
2026-02-15 01:31:13.031401,NewYork-b6f9,-6,28,Normal
2026-02-15 01:31:14.031401,NewYork-b6f9,39,94,Normal
2026-02-15 01:31:15.031401,NewYork-b6f9,37,13,Normal
2026-02-15 01:31:16.031401,NewYork-b6f9,32,68,Normal
2026-02-15 01:31:17.031401,NewYork-b6f9,-23,67,Normal
2026-02-15 01:31:18.031401,NewYork-b6f9,-10,66,Normal
2026-02-15 01:31:19.031401,NewYork-b6f9,-16,83,Normal
2026-02-15 01:31:20.031401,NewYork-b6f9,9,43,Normal
2026-02-15 01:31:21.031401,NewYork-b6f9,-6,100,Normal
2026-02-15 01:31:22.031401,NewYork-b6f9,23,75,Normal
2026-02-15 01:31:23.031401,NewYork-b6f9,-27,71,Normal
2026-02-15 01:31:24.031401,NewYork-b6f9,3,91,Normal
2026-02-15 01:31:25.031401,NewYork-b6f9,-2,61,Normal
2026-02-15 01:31:26.031401,NewYork-b6f9,26,7,Normal
2026-02-15 01:31:27.031401,NewYork-b6f9,-13,1,Normal
2026-02-15 01:31:28.031401,NewYork-b6f9,28,75,Normal
2026-02-15 01:31:29.031401,NewYork-b6f9,33,27,Normal
2026-02-15 01:31:30.031401,NewYork-b6f9,19,55,Normal
2026-02-15 01:31:31.031401,NewYork-b6f9,28,100,Normal
2026-02-15 01:31:32.031401,NewYork-b6f9,-9,6,Normal
2026-02-15 01:31:33.031401,NewYork-b6f9,9,39,Normal
2026-02-15 01:31:34.031401,NewYork-b6f9,-24,64,Normal
2026-02-15 01:31:35.031401,NewYork-b6f9,-21,56,Normal
2026-02-15 01:31:36.031401,NewYork-b6f9,37,72,Normal
2026-02-15 01:31:37.031401,NewYork-b6f9,-14,21,Normal
2026-02-15 01:31:38.031401,NewYork-b6f9,-5,51,Normal
2026-02-15 01:31:39.031401,NewYork-b6f9,10,31,Normal
2026-02-15 01:31:40.031401,NewYork-b6f9,-11,36,Normal
2026-02-15 01:31:41.031401,NewYork-b6f9,13,11,Normal
2026-02-15 01:31:42.031401,NewYork-b6f9,26,70,Normal
2026-02-15 01:31:43.031401,NewYork-b6f9,31,84,Normal
2026-02-15 01:31:44.031401,NewYork-b6f9,28,20,Normal
2026-02-15 01:31:45.031401,NewYork-b6f9,36,88,Normal
2026-02-15 01:31:46.031401,NewYork-b6f9,40,24,Normal
2026-02-15 01:31:47.031401,NewYork-b6f9,-22,26,Normal
2026-02-15 01:31:48.031401,NewYork-b6f9,-18,48,Normal
2026-02-15 01:31:49.031401,NewYork-b6f9,43,50,Normal
2026-02-15 01:31:50.031401,NewYork-b6f9,-28,73,Normal
2026-02-15 01:31:51.031401,NewYork-b6f9,-6,81,Normal
2026-02-15 01:31:52.031401,NewYork-b6f9,36,12,Normal
2026-02-15 01:31:53.031401,NewYork-b6f9,30,15,Normal
2026-02-15 01:31:54.031401,NewYork-b6f9,36,65,Normal
2026-02-15 01:31:55.031401,NewYork-b6f9,7,18,Normal
2026-02-15 01:31:56.031401,NewYork-b6f9,7,47,Normal
2026-02-15 01:31:57.031401,NewYork-b6f9,7,22,Normal
2026-02-15 01:31:58.031401,NewYork-b6f9,50,71,Normal
2026-02-15 01:31:59.031401,NewYork-b6f9,0,76,Normal
2026-02-15 01:32:00.031401,NewYork-b6f9,38,19,Normal
2026-02-15 01:32:01.031401,NewYork-b6f9,23,28,Normal
2026-02-15 01:32:02.031401,NewYork-b6f9,39,52,Normal
2026-02-15 01:32:03.031401,NewYork-b6f9,-27,51,Normal
2026-02-15 01:32:04.031401,NewYork-b6f9,6,88,Normal
2026-02-15 01:32:05.031401,NewYork-b6f9,39,3,Normal
2026-02-15 01:32:06.031401,NewYork-b6f9,-5,94,Normal
2026-02-15 01:32:07.031401,NewYork-b6f9,1,22,Normal
2026-02-15 01:32:08.031401,NewYork-b6f9,29,9,Normal
2026-02-15 01:32:09.031401,NewYork-b6f9,-1,93,Normal
2026-02-15 01:32:10.031401,NewYork-b6f9,35,91,Normal
2026-02-15 01:32:11.031401,NewYork-b6f9,-24,94,Normal
2026-02-15 01:32:12.031401,NewYork-b6f9,33,52,Normal
2026-02-15 01:32:13.031401,NewYork-b6f9,40,37,Normal
2026-02-15 01:32:14.031401,NewYork-b6f9,-7,61,Normal
2026-02-15 01:32:15.031401,NewYork-b6f9,-24,20,Normal
2026-02-15 01:32:16.031401,NewYork-b6f9,34,86,Normal
2026-02-15 01:32:17.031401,NewYork-b6f9,40,83,Normal
2026-02-15 01:32:18.031401,NewYork-b6f9,45,88,Normal
2026-02-15 01:32:19.031401,NewYork-b6f9,10,63,Normal
2026-02-15 01:32:20.031401,NewYork-b6f9,-26,8,Normal
2026-02-15 01:32:21.031401,NewYork-b6f9,-5,67,Normal
2026-02-15 01:32:22.031401,NewYork-b6f9,-1,97,Normal
2026-02-15 01:32:23.031401,NewYork-b6f9,19,0,Normal
2026-02-15 01:32:24.031401,NewYork-b6f9,15,60,Normal
2026-02-15 01:32:25.031401,NewYork-b6f9,22,78,Normal
2026-02-15 01:32:26.031401,NewYork-b6f9,-28,6,Normal
2026-02-15 01:32:27.031401,NewYork-b6f9,42,89,Normal
2026-02-15 01:32:28.031401,NewYork-b6f9,-5,5,Normal
2026-02-15 01:32:29.031401,NewYork-b6f9,6,30,Normal
2026-02-15 01:32:30.031401,NewYork-b6f9,47,21,Normal
2026-02-15 01:32:31.031401,NewYork-b6f9,1,60,Normal
2026-02-15 01:32:32.031401,NewYork-b6f9,-18,31,Normal
2026-02-15 01:32:33.031401,NewYork-b6f9,17,41,Normal
2026-02-15 01:32:34.031401,NewYork-b6f9,33,22,Normal
2026-02-15 01:32:35.031401,NewYork-b6f9,44,70,Normal
2026-02-15 01:32:36.031401,NewYork-b6f9,-29,56,Normal
2026-02-15 01:32:37.031401,NewYork-b6f9,4,90,Normal
2026-02-15 01:32:38.031401,NewYork-b6f9,43,71,Normal
2026-02-15 01:32:39.031401,NewYork-b6f9,6,87,Normal
2026-02-15 01:32:40.031401,NewYork-b6f9,26,87,Normal
2026-02-15 01:32:41.031401,NewYork-b6f9,27,26,Normal
2026-02-15 01:32:42.031401,NewYork-b6f9,-8,84,Normal
2026-02-15 01:32:43.031401,NewYork-b6f9,-27,26,Normal
2026-02-15 01:32:44.031401,NewYork-b6f9,11,48,Normal
2026-02-15 01:32:45.031401,NewYork-b6f9,27,58,Normal
2026-02-15 01:32:46.031401,NewYork-b6f9,16,76,Normal
2026-02-15 01:32:47.031401,NewYork-b6f9,-4,24,Normal
2026-02-15 01:32:48.031401,NewYork-b6f9,2,24,Normal
2026-02-15 01:32:49.031401,NewYork-b6f9,34,11,Normal
2026-02-15 01:32:50.031401,NewYork-b6f9,4,4,Normal
2026-02-15 01:32:51.031401,NewYork-b6f9,23,49,Normal
2026-02-15 01:32:52.031401,NewYork-b6f9,18,43,Normal
2026-02-15 01:32:53.031401,NewYork-b6f9,33,87,Normal
2026-02-15 01:32:54.031401,NewYork-b6f9,-21,82,Normal
2026-02-15 01:32:55.031401,NewYork-b6f9,50,85,Normal
2026-02-15 01:32:56.031401,NewYork-b6f9,-16,87,Normal
