timestamp,station_id,temp,humid,condition
2026-02-13 19:54:53.079079,Tokyo-6adb,41,36,Normal
2026-02-13 19:54:54.079079,Tokyo-6adb,29,72,Normal
2026-02-13 19:54:55.079079,Tokyo-6adb,19,28,Normal
2026-02-13 19:54:56.079079,Tokyo-6adb,8,9,Normal
2026-02-13 19:54:57.079079,Tokyo-6adb,49,61,Normal
2026-02-13 19:54:58.079079,Tokyo-6adb,32,32,Normal
2026-02-13 19:54:59.079079,Tokyo-6adb,-5,99,Normal
2026-02-13 19:55:00.079079,Tokyo-6adb,-5,81,Normal
2026-02-13 19:55:01.079079,Tokyo-6adb,20,42,Normal
2026-02-13 19:55:02.079079,Tokyo-6adb,-26,60,Normal
2026-02-13 19:55:03.079079,Tokyo-6adb,26,64,Normal
2026-02-13 19:55:04.079079,Tokyo-6adb,49,44,Normal
2026-02-13 19:55:05.079079,Tokyo-6adb,-22,82,Normal
2026-02-13 19:55:06.079079,Tokyo-6adb,-29,42,Normal
2026-02-13 19:55:07.079079,Tokyo-6adb,18,75,Normal
2026-02-13 19:55:08.079079,Tokyo-6adb,14,60,Normal
2026-02-13 19:55:09.079079,Tokyo-6adb,41,7,Normal
2026-02-13 19:55:10.079079,Tokyo-6adb,-10,85,Normal
2026-02-13 19:55:11.079079,Tokyo-6adb,15,97,Normal
2026-02-13 19:55:12.079079,Tokyo-6adb,-27,34,Normal
2026-02-13 19:55:13.079079,Tokyo-6adb,-12,4,Normal
2026-02-13 19:55:14.079079,Tokyo-6adb,45,71,Normal
2026-02-13 19:55:15.079079,Tokyo-6adb,49,39,Normal
2026-02-13 19:55:16.079079,Tokyo-6adb,-5,17,Normal
2026-02-13 19:55:17.079079,Tokyo-6adb,-19,90,Normal
2026-02-13 19:55:18.079079,Tokyo-6adb,-4,96,Normal
2026-02-13 19:55:19.079079,Tokyo-6adb,5,40,Normal
2026-02-13 19:55:20.079079,Tokyo-6adb,48,83,Normal
2026-02-13 19:55:21.079079,Tokyo-6adb,18,33,Normal
2026-02-13 19:55:22.079079,Tokyo-6adb,-19,82,Normal
2026-02-13 19:55:23.079079,Tokyo-6adb,-30,46,Normal
2026-02-13 19:55:24.079079,Tokyo-6adb,40,10,Normal
2026-02-13 19:55:25.079079,Tokyo-6adb,7,34,Normal
2026-02-13 19:55:26.079079,Tokyo-6adb,-20,82,Normal
2026-02-13 19:55:27.079079,Tokyo-6adb,30,37,Normal
2026-02-13 19:55:28.079079,Tokyo-6adb,6,15,Normal
2026-02-13 19:55:29.079079,Tokyo-6adb,5,83,Normal
2026-02-13 19:55:30.079079,Tokyo-6adb,-12,35,Normal
2026-02-13 19:55:31.079079,Tokyo-6adb,-10,80,Normal
2026-02-13 19:55:32.079079,Tokyo-6adb,-26,22,Normal
2026-02-13 19:55:33.079079,Tokyo-6adb,42,74,Normal
2026-02-13 19:55:34.079079,Tokyo-6adb,40,3,Normal
2026-02-13 19:55:35.079079,Tokyo-6adb,31,63,Normal
2026-02-13 19:55:36.079079,Tokyo-6adb,14,45,Normal
2026-02-13 19:55:37.079079,Tokyo-6adb,-14,6,Normal
2026-02-13 19:55:38.079079,Tokyo-6adb,43,53,Normal
2026-02-13 19:55:39.079079,Tokyo-6adb,46,85,Normal
2026-02-13 19:55:40.079079,Tokyo-6adb,-19,60,Normal
2026-02-13 19:55:41.079079,Tokyo-6adb,8,18,Normal
2026-02-13 19:55:42.079079,Tokyo-6adb,-19,12,Normal
2026-02-13 19:55:43.079079,Tokyo-6adb,31,66,Normal
2026-02-13 19:55:44.079079,Tokyo-6adb,47,91,Normal
2026-02-13 19:55:45.079079,Tokyo-6adb,50,0,Normal
2026-02-13 19:55:46.079079,Tokyo-6adb,18,95,Normal
2026-02-13 19:55:47.079079,Tokyo-6adb,37,20,Normal
2026-02-13 19:55:48.079079,Tokyo-6adb,-14,88,Normal
2026-02-13 19:55:49.079079,Tokyo-6adb,-18,15,Normal
2026-02-13 19:55:50.079079,Tokyo-6adb,-18,27,Normal
2026-02-13 19:55:51.079079,Tokyo-6adb,5,57,Normal
2026-02-13 19:55:52.079079,Tokyo-6adb,-16,76,Normal
2026-02-13 19:55:53.079079,Tokyo-6adb,9,31,Normal
2026-02-13 19:55:54.079079,Tokyo-6adb,50,8,Normal
2026-02-13 19:55:55.079079,Tokyo-6adb,18,85,Normal
2026-02-13 19:55:56.079079,Tokyo-6adb,26,61,Normal
2026-02-13 19:55:57.079079,Tokyo-6adb,37,66,Normal
2026-02-13 19:55:58.079079,Tokyo-6adb,-13,64,Normal
2026-02-13 19:55:59.079079,Tokyo-6adb,-7,30,Normal
2026-02-13 19:56:00.079079,Tokyo-6adb,-4,45,Normal
2026-02-13 19:56:01.079079,Tokyo-6adb,35,63,Normal
2026-02-13 19:56:02.079079,Tokyo-6adb,-2,60,Normal
2026-02-13 19:56:03.079079,Tokyo-6adb,36,15,Normal
2026-02-13 19:56:04.079079,Tokyo-6adb,28,30,Normal
2026-02-13 19:56:05.079079,Tokyo-6adb,22,100,Normal
2026-02-13 19:56:06.079079,Tokyo-6adb,37,75,Normal
2026-02-13 19:56:07.079079,Tokyo-6adb,20,16,Normal
2026-02-13 19:56:08.079079,Tokyo-6adb,27,7,Normal
2026-02-13 19:56:09.079079,Tokyo-6adb,42,38,Normal
2026-02-13 19:56:10.079079,Tokyo-6adb,-5,2,Normal
2026-02-13 19:56:11.079079,Tokyo-6adb,26,47,Normal
2026-02-13 19:56:12.079079,Tokyo-6adb,-19,97,Normal
2026-02-13 19:56:13.079079,Tokyo-6adb,1,17,Normal
2026-02-13 19:56:14.079079,Tokyo-6adb,-26,71,Normal
2026-02-13 19:56:15.079079,Tokyo-6adb,42,87,Normal
2026-02-13 19:56:16.079079,Tokyo-6adb,9,62,Normal
2026-02-13 19:56:17.079079,Tokyo-6adb,27,59,Normal
2026-02-13 19:56:18.079079,Tokyo-6adb,31,72,Normal
2026-02-13 19:56:19.079079,Tokyo-6adb,-17,25,Normal
2026-02-13 19:56:20.079079,Tokyo-6adb,-6,9,Normal
2026-02-13 19:56:21.079079,Tokyo-6adb,39,7,Normal
2026-02-13 19:56:22.079079,Tokyo-6adb,49,5,Normal
2026-02-13 19:56:23.079079,Tokyo-6adb,-7,96,Normal
2026-02-13 19:56:24.079079,Tokyo-6adb,34,70,Normal
2026-02-13 19:56:25.079079,Tokyo-6adb,39,90,Normal
2026-02-13 19:56:26.079079,Tokyo-6adb,13,85,Normal
2026-02-13 19:56:27.079079,Tokyo-6adb,4,8,Normal
2026-02-13 19:56:28.079079,Tokyo-6adb,-23,16,Normal
2026-02-13 19:56:29.079079,Tokyo-6adb,34,73,Normal
2026-02-13 19:56:30.079079,Tokyo-6adb,29,56,Normal
2026-02-13 19:56:31.079079,Tokyo-6adb,15,97,Normal
2026-02-13 19:56:32.079079,Tokyo-6adb,22,6,Normal
2026-02-13 19:56:33.079079,Tokyo-6adb,32,62,Normal
2026-02-13 19:56:34.079079,Tokyo-6adb,30,88,Normal
2026-02-13 19:56:35.079079,Tokyo-6adb,45,37,Normal
2026-02-13 19:56:36.079079,Tokyo-6adb,46,46,Normal
2026-02-13 19:56:37.079079,Tokyo-6adb,-26,58,Normal
2026-02-13 19:56:38.079079,Tokyo-6adb,21,41,Normal
2026-02-13 19:56:39.079079,Tokyo-6adb,-12,49,Normal
2026-02-13 19:56:40.079079,Tokyo-6adb,18,63,Normal
2026-02-13 19:56:41.079079,Tokyo-6adb,-27,96,Normal
2026-02-13 19:56:42.079079,Tokyo-6adb,50,4,Normal
2026-02-13 19:56:43.079079,Tokyo-6adb,18,22,Normal
2026-02-13 19:56:44.079079,Tokyo-6adb,12,74,Normal
2026-02-13 19:56:45.079079,Tokyo-6adb,-18,58,Normal
2026-02-13 19:56:46.079079,Tokyo-6adb,-24,58,Normal
2026-02-13 19:56:47.079079,Tokyo-6adb,49,95,Normal
2026-02-13 19:56:48.079079,Tokyo-6adb,-14,8,Normal
2026-02-13 19:56:49.079079,Tokyo-6adb,15,83,Normal
2026-02-13 19:56:50.079079,Tokyo-6adb,43,12,Normal
2026-02-13 19:56:51.079079,Tokyo-6adb,-23,77,Normal
2026-02-13 19:56:52.079079,Tokyo-6adb,38,83,Normal
2026-02-13 19:56:53.079079,Tokyo-6adb,37,58,Normal
2026-02-13 19:56:54.079079,Tokyo-6adb,31,96,Normal
2026-02-13 19:56:55.079079,Tokyo-6adb,26,28,Normal
2026-02-13 19:56:56.079079,Tokyo-6adb,-16,41,Normal
2026-02-13 19:56:57.079079,Tokyo-6adb,-3,95,Normal
2026-02-13 19:56:58.079079,Tokyo-6adb,-7,40,Normal
2026-02-13 19:56:59.079079,Tokyo-6adb,-15,89,Normal
2026-02-13 19:57:00.079079,Tokyo-6adb,-15,69,Normal
2026-02-13 19:57:01.079079,Tokyo-6adb,-25,3,Normal
2026-02-13 19:57:02.079079,Tokyo-6adb,11,12,Normal
2026-02-13 19:57:03.079079,Tokyo-6adb,-30,7,Normal
2026-02-13 19:57:04.079079,Tokyo-6adb,-22,69,Normal
2026-02-13 19:57:05.079079,Tokyo-6adb,35,46,Normal
2026-02-13 19:57:06.079079,Tokyo-6adb,35,10,Normal
2026-02-13 19:57:07.079079,Tokyo-6adb,50,92,Normal
2026-02-13 19:57:08.079079,Tokyo-6adb,44,98,Normal
2026-02-13 19:57:09.079079,Tokyo-6adb,6,0,Normal
2026-02-13 19:57:10.079079,Tokyo-6adb,24,32,Normal
2026-02-13 19:57:11.079079,Tokyo-6adb,5,51,Normal
2026-02-13 19:57:12.079079,Tokyo-6adb,49,48,Normal
2026-02-13 19:57:13.079079,Tokyo-6adb,32,65,Normal
2026-02-13 19:57:14.079079,Tokyo-6adb,11,61,Normal
2026-02-13 19:57:15.079079,Tokyo-6adb,36,74,Normal
2026-02-13 19:57:16.079079,Tokyo-6adb,43,37,Normal
2026-02-13 19:57:17.079079,Tokyo-6adb,-15,52,Normal
2026-02-13 19:57:18.079079,Tokyo-6adb,41,42,Normal
2026-02-13 19:57:19.079079,Tokyo-6adb,-4,53,Normal
2026-02-13 19:57:20.079079,Tokyo-6adb,41,15,Normal
2026-02-13 19:57:21.079079,Tokyo-6adb,9,15,Normal
2026-02-13 19:57:22.079079,Tokyo-6adb,9,73,Normal
2026-02-13 19:57:23.079079,Tokyo-6adb,-19,21,Normal
2026-02-13 19:57:24.079079,Tokyo-6adb,-26,12,Normal
2026-02-13 19:57:25.079079,Tokyo-6adb,0,41,Normal
2026-02-13 19:57:26.079079,Tokyo-6adb,-17,92,Normal
2026-02-13 19:57:27.079079,Tokyo-6adb,10,97,Normal
2026-02-13 19:57:28.079079,Tokyo-6adb,21,81,Normal
2026-02-13 19:57:29.079079,Tokyo-6adb,43,26,Normal
2026-02-13 19:57:30.079079,Tokyo-6adb,-17,44,Normal
2026-02-13 19:57:31.079079,Tokyo-6adb,42,56,Normal
2026-02-13 19:57:32.079079,Tokyo-6adb,48,61,Normal
2026-02-13 19:57:33.079079,Tokyo-6adb,33,64,Normal
2026-02-13 19:57:34.079079,Tokyo-6adb,30,83,Normal
2026-02-13 19:57:35.079079,Tokyo-6adb,-14,24,Normal
2026-02-13 19:57:36.079079,Tokyo-6adb,17,81,Normal
2026-02-13 19:57:37.079079,Tokyo-6adb,36,49,Normal
2026-02-13 19:57:38.079079,Tokyo-6adb,36,93,Normal
2026-02-13 19:57:39.079079,Tokyo-6adb,-1,8,Normal
2026-02-13 19:57:40.079079,Tokyo-6adb,13,55,Normal
2026-02-13 19:57:41.079079,Tokyo-6adb,35,15,Normal
2026-02-13 19:57:42.079079,Tokyo-6adb,17,8,Normal
2026-02-13 19:57:43.079079,Tokyo-6adb,-14,82,Normal
2026-02-13 19:57:44.079079,Tokyo-6adb,-24,19,Normal
2026-02-13 19:57:45.079079,Tokyo-6adb,-28,83,Normal
2026-02-13 19:57:46.079079,Tokyo-6adb,-13,94,Normal
2026-02-13 19:57:47.079079,Tokyo-6adb,-16,5,Normal
2026-02-13 19:57:48.079079,Tokyo-6adb,39,84,Normal
2026-02-13 19:57:49.079079,Tokyo-6adb,-10,21,Normal
2026-02-13 19:57:50.079079,Tokyo-6adb,50,9,Normal
2026-02-13 19:57:51.079079,Tokyo-6adb,38,79,Normal
2026-02-13 19:57:52.079079,Tokyo-6adb,39,40,Normal
2026-02-13 19:57:53.079079,Tokyo-6adb,9,42,Normal
2026-02-13 19:57:54.079079,Tokyo-6adb,-2,94,Normal
2026-02-13 19:57:55.079079,Tokyo-6adb,-27,19,Normal
2026-02-13 19:57:56.079079,Tokyo-6adb,0,29,Normal
2026-02-13 19:57:57.079079,Tokyo-6adb,50,30,Normal
2026-02-13 19:57:58.079079,Tokyo-6adb,13,43,Normal
2026-02-13 19:57:59.079079,Tokyo-6adb,32,84,Normal
2026-02-13 19:58:00.079079,Tokyo-6adb,-25,38,Normal
2026-02-13 19:58:01.079079,Tokyo-6adb,-20,24,Normal
2026-02-13 19:58:02.079079,Tokyo-6adb,47,87,Normal
2026-02-13 19:58:03.079079,Tokyo-6adb,14,79,Normal
2026-02-13 19:58:04.079079,Tokyo-6adb,-8,50,Normal
2026-02-13 19:58:05.079079,Tokyo-6adb,4,76,Normal
2026-02-13 19:58:06.079079,Tokyo-6adb,49,45,Normal
2026-02-13 19:58:07.079079,Tokyo-6adb,28,18,Normal
2026-02-13 19:58:08.079079,Tokyo-6adb,29,33,Normal
2026-02-13 19:58:09.079079,Tokyo-6adb,48,7,Normal
2026-02-13 19:58:10.079079,Tokyo-6adb,24,91,Normal
2026-02-13 19:58:11.079079,Tokyo-6adb,17,10,Normal
2026-02-13 19:58:12.079079,Tokyo-6adb,-8,92,Normal
2026-02-13 19:58:13.079079,Tokyo-6adb,-18,89,Normal
2026-02-13 19:58:14.079079,Tokyo-6adb,7,52,Normal
2026-02-13 19:58:15.079079,Tokyo-6adb,32,73,Normal
2026-02-13 19:58:16.079079,Tokyo-6adb,4,71,Normal
2026-02-13 19:58:17.079079,Tokyo-6adb,-18,44,Normal
2026-02-13 19:58:18.079079,Tokyo-6adb,-21,70,Normal
2026-02-13 19:58:19.079079,Tokyo-6adb,-28,94,Normal
2026-02-13 19:58:20.079079,Tokyo-6adb,-13,51,Normal
2026-02-13 19:58:21.079079,Tokyo-6adb,6,27,Normal
2026-02-13 19:58:22.079079,Tokyo-6adb,-17,25,Normal
2026-02-13 19:58:23.079079,Tokyo-6adb,-8,68,Normal
2026-02-13 19:58:24.079079,Tokyo-6adb,-23,73,Normal
2026-02-13 19:58:25.079079,Tokyo-6adb,34,29,Normal
2026-02-13 19:58:26.079079,Tokyo-6adb,39,28,Normal
2026-02-13 19:58:27.079079,Tokyo-6adb,-30,45,Normal
2026-02-13 19:58:28.079079,Tokyo-6adb,-2,52,Normal
2026-02-13 19:58:29.079079,Tokyo-6adb,50,80,Normal
2026-02-13 19:58:30.079079,Tokyo-6adb,27,85,Normal
2026-02-13 19:58:31.079079,Tokyo-6adb,15,47,Normal
2026-02-13 19:58:32.079079,Tokyo-6adb,22,82,Normal
2026-02-13 19:58:33.079079,Tokyo-6adb,19,2,Normal
2026-02-13 19:58:34.079079,Tokyo-6adb,3,16,Normal
2026-02-13 19:58:35.079079,Tokyo-6adb,-17,68,Normal
2026-02-13 19:58:36.079079,Tokyo-6adb,-8,46,Normal
2026-02-13 19:58:37.079079,Tokyo-6adb,35,21,Normal
2026-02-13 19:58:38.079079,Tokyo-6adb,8,81,Normal
2026-02-13 19:58:39.079079,Tokyo-6adb,42,79,Normal
2026-02-13 19:58:40.079079,Tokyo-6adb,35,62,Normal
2026-02-13 19:58:41.079079,Tokyo-6adb,39,68,Normal
2026-02-13 19:58:42.079079,Tokyo-6adb,-27,3,Normal
2026-02-13 19:58:43.079079,Tokyo-6adb,10,14,Normal
2026-02-13 19:58:44.079079,Tokyo-6adb,38,78,Normal
2026-02-13 19:58:45.079079,Tokyo-6adb,36,44,Normal
2026-02-13 19:58:46.079079,Tokyo-6adb,32,69,Normal
2026-02-13 19:58:47.079079,Tokyo-6adb,40,36,Normal
2026-02-13 19:58:48.079079,Tokyo-6adb,9,77,Normal
2026-02-13 19:58:49.079079,Tokyo-6adb,-30,21,Normal
2026-02-13 19:58:50.079079,Tokyo-6adb,47,6,Normal
2026-02-13 19:58:51.079079,Tokyo-6adb,-23,36,Normal
2026-02-13 19:58:52.079079,Tokyo-6adb,3,92,Normal
2026-02-13 19:58:53.079079,Tokyo-6adb,18,68,Normal
2026-02-13 19:58:54.079079,Tokyo-6adb,-17,3,Normal
2026-02-13 19:58:55.079079,Tokyo-6adb,-13,43,Normal
2026-02-13 19:58:56.079079,Tokyo-6adb,46,87,Normal
2026-02-13 19:58:57.079079,Tokyo-6adb,-12,43,Normal
2026-02-13 19:58:58.079079,Tokyo-6adb,-7,100,Normal
2026-02-13 19:58:59.079079,Tokyo-6adb,27,31,Normal
2026-02-13 19:59:00.079079,Tokyo-6adb,34,95,Normal
2026-02-13 19:59:01.079079,Tokyo-6adb,24,46,Normal
2026-02-13 19:59:02.079079,Tokyo-6adb,-10,20,Normal
2026-02-13 19:59:03.079079,Tokyo-6adb,-14,39,Normal
2026-02-13 19:59:04.079079,Tokyo-6adb,37,56,Normal
2026-02-13 19:59:05.079079,Tokyo-6adb,16,37,Normal
2026-02-13 19:59:06.079079,Tokyo-6adb,12,47,Normal
2026-02-13 19:59:07.079079,Tokyo-6adb,-5,93,Normal
2026-02-13 19:59:08.079079,Tokyo-6adb,5,67,Normal
2026-02-13 19:59:09.079079,Tokyo-6adb,48,77,Normal
2026-02-13 19:59:10.079079,Tokyo-6adb,-19,9,Normal
2026-02-13 19:59:11.079079,Tokyo-6adb,32,8,Normal
2026-02-13 19:59:12.079079,Tokyo-6adb,-1,32,Normal
2026-02-13 19:59:13.079079,Tokyo-6adb,-17,59,Normal
2026-02-13 19:59:14.079079,Tokyo-6adb,41,62,Normal
2026-02-13 19:59:15.079079,Tokyo-6adb,35,33,Normal
2026-02-13 19:59:16.079079,Tokyo-6adb,3,96,Normal
2026-02-13 19:59:17.079079,Tokyo-6adb,-24,7,Normal
2026-02-13 19:59:18.079079,Tokyo-6adb,-18,22,Normal
2026-02-13 19:59:19.079079,Tokyo-6adb,14,84,Normal
2026-02-13 19:59:20.079079,Tokyo-6adb,37,29,Normal
2026-02-13 19:59:21.079079,Tokyo-6adb,-28,13,Normal
2026-02-13 19:59:22.079079,Tokyo-6adb,29,67,Normal
2026-02-13 19:59:23.079079,Tokyo-6adb,17,60,Normal
2026-02-13 19:59:24.079079,Tokyo-6adb,35,3,Normal
2026-02-13 19:59:25.079079,Tokyo-6adb,23,41,Normal
2026-02-13 19:59:26.079079,Tokyo-6adb,8,16,Normal
2026-02-13 19:59:27.079079,Tokyo-6adb,-20,84,Normal
2026-02-13 19:59:28.079079,Tokyo-6adb,30,98,Normal
2026-02-13 19:59:29.079079,Tokyo-6adb,-15,33,Normal
2026-02-13 19:59:30.079079,Tokyo-6adb,18,71,Normal
2026-02-13 19:59:31.079079,Tokyo-6adb,3,100,Normal
2026-02-13 19:59:32.079079,Tokyo-6adb,5,8,Normal
2026-02-13 19:59:33.079079,Tokyo-6adb,-16,61,Normal
2026-02-13 19:59:34.079079,Tokyo-6adb,22,60,Normal
2026-02-13 19:59:35.079079,Tokyo-6adb,-22,39,Normal
2026-02-13 19:59:36.079079,Tokyo-6adb,26,37,Normal
2026-02-13 19:59:37.079079,Tokyo-6adb,-14,85,Normal
2026-02-13 19:59:38.079079,Tokyo-6adb,-16,6,Normal
2026-02-13 19:59:39.079079,Tokyo-6adb,-23,84,Normal
2026-02-13 19:59:40.079079,Tokyo-6adb,-30,22,Normal
2026-02-13 19:59:41.079079,Tokyo-6adb,24,44,Normal
2026-02-13 19:59:42.079079,Tokyo-6adb,26,7,Normal
2026-02-13 19:59:43.079079,Tokyo-6adb,24,48,Normal
2026-02-13 19:59:44.079079,Tokyo-6adb,-12,79,Normal
2026-02-13 19:59:45.079079,Tokyo-6adb,-2,92,Normal
2026-02-13 19:59:46.079079,Tokyo-6adb,12,0,Normal
2026-02-13 19:59:47.079079,Tokyo-6adb,-29,76,Normal
2026-02-13 19:59:48.079079,Tokyo-6adb,17,25,Normal
2026-02-13 19:59:49.079079,Tokyo-6adb,39,85,Normal
2026-02-13 19:59:50.079079,Tokyo-6adb,44,3,Normal
2026-02-13 19:59:51.079079,Tokyo-6adb,-30,2,Normal
2026-02-13 19:59:52.079079,Tokyo-6adb,47,12,Normal
2026-02-13 19:59:53.079079,Tokyo-6adb,-27,78,Normal
2026-02-13 19:59:54.079079,Tokyo-6adb,40,72,Normal
2026-02-13 19:59:55.079079,Tokyo-6adb,-17,60,Normal
2026-02-13 19:59:56.079079,Tokyo-6adb,33,98,Normal
2026-02-13 19:59:57.079079,Tokyo-6adb,-1,66,Normal
2026-02-13 19:59:58.079079,Tokyo-6adb,43,68,Normal
2026-02-13 19:59:59.079079,Tokyo-6adb,2,77,Normal
2026-02-13 20:00:00.079079,Tokyo-6adb,9,91,Normal
2026-02-13 20:00:01.079079,Tokyo-6adb,45,35,Normal
2026-02-13 20:00:02.079079,Tokyo-6adb,49,60,Normal
2026-02-13 20:00:03.079079,Tokyo-6adb,50,6,Normal
2026-02-13 20:00:04.079079,Tokyo-6adb,17,37,Normal
2026-02-13 20:00:05.079079,Tokyo-6adb,-7,4,Normal
2026-02-13 20:00:06.079079,Tokyo-6adb,20,10,Normal
2026-02-13 20:00:07.079079,Tokyo-6adb,47,78,Normal
2026-02-13 20:00:08.079079,Tokyo-6adb,-3,33,Normal
2026-02-13 20:00:09.079079,Tokyo-6adb,26,94,Normal
2026-02-13 20:00:10.079079,Tokyo-6adb,6,7,Normal
2026-02-13 20:00:11.079079,Tokyo-6adb,15,49,Normal
2026-02-13 20:00:12.079079,Tokyo-6adb,33,31,Normal
2026-02-13 20:00:13.079079,Tokyo-6adb,50,47,Normal
2026-02-13 20:00:14.079079,Tokyo-6adb,34,0,Normal
2026-02-13 20:00:15.079079,Tokyo-6adb,47,42,Normal
2026-02-13 20:00:16.079079,Tokyo-6adb,-4,50,Normal
2026-02-13 20:00:17.079079,Tokyo-6adb,16,9,Normal
2026-02-13 20:00:18.079079,Tokyo-6adb,46,31,Normal
2026-02-13 20:00:19.079079,Tokyo-6adb,41,87,Normal
2026-02-13 20:00:20.079079,Tokyo-6adb,23,94,Normal
2026-02-13 20:00:21.079079,Tokyo-6adb,-3,23,Normal
2026-02-13 20:00:22.079079,Tokyo-6adb,45,3,Normal
2026-02-13 20:00:23.079079,Tokyo-6adb,13,81,Normal
2026-02-13 20:00:24.079079,Tokyo-6adb,5,6,Normal
2026-02-13 20:00:25.079079,Tokyo-6adb,26,66,Normal
2026-02-13 20:00:26.079079,Tokyo-6adb,4,38,Normal
2026-02-13 20:00:27.079079,Tokyo-6adb,5,26,Normal
2026-02-13 20:00:28.079079,Tokyo-6adb,-13,38,Normal
2026-02-13 20:00:29.079079,Tokyo-6adb,-18,61,Normal
2026-02-13 20:00:30.079079,Tokyo-6adb,29,62,Normal
2026-02-13 20:00:31.079079,Tokyo-6adb,17,5,Normal
2026-02-13 20:00:32.079079,Tokyo-6adb,-7,94,Normal
2026-02-13 20:00:33.079079,Tokyo-6adb,27,18,Normal
2026-02-13 20:00:34.079079,Tokyo-6adb,41,36,Normal
2026-02-13 20:00:35.079079,Tokyo-6adb,33,30,Normal
2026-02-13 20:00:36.079079,Tokyo-6adb,0,59,Normal
2026-02-13 20:00:37.079079,Tokyo-6adb,-12,25,Normal
2026-02-13 20:00:38.079079,Tokyo-6adb,13,23,Normal
2026-02-13 20:00:39.079079,Tokyo-6adb,-10,20,Normal
2026-02-13 20:00:40.079079,Tokyo-6adb,48,64,Normal
2026-02-13 20:00:41.079079,Tokyo-6adb,-30,29,Normal
2026-02-13 20:00:42.079079,Tokyo-6adb,35,2,Normal
2026-02-13 20:00:43.079079,Tokyo-6adb,18,78,Normal
2026-02-13 20:00:44.079079,Tokyo-6adb,-5,10,Normal
2026-02-13 20:00:45.079079,Tokyo-6adb,-12,49,Normal
2026-02-13 20:00:46.079079,Tokyo-6adb,11,10,Normal
2026-02-13 20:00:47.079079,Tokyo-6adb,49,77,Normal
2026-02-13 20:00:48.079079,Tokyo-6adb,-15,53,Normal
2026-02-13 20:00:49.079079,Tokyo-6adb,38,53,Normal
2026-02-13 20:00:50.079079,Tokyo-6adb,12,86,Normal
2026-02-13 20:00:51.079079,Tokyo-6adb,25,55,Normal
2026-02-13 20:00:52.079079,Tokyo-6adb,-12,37,Normal
2026-02-13 20:00:53.079079,Tokyo-6adb,0,62,Normal
2026-02-13 20:00:54.079079,Tokyo-6adb,24,86,Normal
2026-02-13 20:00:55.079079,Tokyo-6adb,-11,30,Normal
2026-02-13 20:00:56.079079,Tokyo-6adb,6,74,Normal
2026-02-13 20:00:57.079079,Tokyo-6adb,-23,28,Normal
2026-02-13 20:00:58.079079,Tokyo-6adb,31,14,Normal
2026-02-13 20:00:59.079079,Tokyo-6adb,27,40,Normal
2026-02-13 20:01:00.079079,Tokyo-6adb,14,82,Normal
2026-02-13 20:01:01.079079,Tokyo-6adb,21,74,Normal
2026-02-13 20:01:02.079079,Tokyo-6adb,47,3,Normal
2026-02-13 20:01:03.079079,Tokyo-6adb,34,47,Normal
2026-02-13 20:01:04.079079,Tokyo-6adb,-14,78,Normal
2026-02-13 20:01:05.079079,Tokyo-6adb,50,80,Normal
2026-02-13 20:01:06.079079,Tokyo-6adb,39,28,Normal
2026-02-13 20:01:07.079079,Tokyo-6adb,38,90,Normal
2026-02-13 20:01:08.079079,Tokyo-6adb,-3,84,Normal
2026-02-13 20:01:09.079079,Tokyo-6adb,6,25,Normal
2026-02-13 20:01:10.079079,Tokyo-6adb,-13,57,Normal
2026-02-13 20:01:11.079079,Tokyo-6adb,34,53,Normal
2026-02-13 20:01:12.079079,Tokyo-6adb,-21,85,Normal
2026-02-13 20:01:13.079079,Tokyo-6adb,-7,92,Normal
2026-02-13 20:01:14.079079,Tokyo-6adb,-27,90,Normal
2026-02-13 20:01:15.079079,Tokyo-6adb,48,86,Normal
2026-02-13 20:01:16.079079,Tokyo-6adb,39,65,Normal
2026-02-13 20:01:17.079079,Tokyo-6adb,15,3,Normal
2026-02-13 20:01:18.079079,Tokyo-6adb,-1,33,Normal
2026-02-13 20:01:19.079079,Tokyo-6adb,3,79,Normal
2026-02-13 20:01:20.079079,Tokyo-6adb,-30,52,Normal
2026-02-13 20:01:21.079079,Tokyo-6adb,-23,65,Normal
2026-02-13 20:01:22.079079,Tokyo-6adb,5,14,Normal
2026-02-13 20:01:23.079079,Tokyo-6adb,6,19,Normal
2026-02-13 20:01:24.079079,Tokyo-6adb,-19,69,Normal
2026-02-13 20:01:25.079079,Tokyo-6adb,34,61,Normal
2026-02-13 20:01:26.079079,Tokyo-6adb,34,43,Normal
2026-02-13 20:01:27.079079,Tokyo-6adb,29,95,Normal
2026-02-13 20:01:28.079079,Tokyo-6adb,-5,16,Normal
2026-02-13 20:01:29.079079,Tokyo-6adb,-3,82,Normal
2026-02-13 20:01:30.079079,Tokyo-6adb,-3,56,Normal
2026-02-13 20:01:31.079079,Tokyo-6adb,49,57,Normal
2026-02-13 20:01:32.079079,Tokyo-6adb,39,58,Normal
2026-02-13 20:01:33.079079,Tokyo-6adb,-29,80,Normal
2026-02-13 20:01:34.079079,Tokyo-6adb,-30,81,Normal
2026-02-13 20:01:35.079079,Tokyo-6adb,0,46,Normal
2026-02-13 20:01:36.079079,Tokyo-6adb,-25,73,Normal
2026-02-13 20:01:37.079079,Tokyo-6adb,-27,17,Normal
2026-02-13 20:01:38.079079,Tokyo-6adb,-4,6,Normal
2026-02-13 20:01:39.079079,Tokyo-6adb,-26,57,Normal
2026-02-13 20:01:40.079079,Tokyo-6adb,-24,81,Normal
2026-02-13 20:01:41.079079,Tokyo-6adb,-24,11,Normal
2026-02-13 20:01:42.079079,Tokyo-6adb,-27,65,Normal
2026-02-13 20:01:43.079079,Tokyo-6adb,-16,20,Normal
2026-02-13 20:01:44.079079,Tokyo-6adb,13,46,Normal
2026-02-13 20:01:45.079079,Tokyo-6adb,16,9,Normal
2026-02-13 20:01:46.079079,Tokyo-6adb,-15,73,Normal
2026-02-13 20:01:47.079079,Tokyo-6adb,-20,59,Normal
2026-02-13 20:01:48.079079,Tokyo-6adb,45,43,Normal
2026-02-13 20:01:49.079079,Tokyo-6adb,-16,10,Normal
2026-02-13 20:01:50.079079,Tokyo-6adb,48,65,Normal
2026-02-13 20:01:51.079079,Tokyo-6adb,-24,78,Normal
2026-02-13 20:01:52.079079,Tokyo-6adb,3,98,Normal
2026-02-13 20:01:53.079079,Tokyo-6adb,39,24,Normal
2026-02-13 20:01:54.079079,Tokyo-6adb,37,46,Normal
2026-02-13 20:01:55.079079,Tokyo-6adb,37,100,Normal
2026-02-13 20:01:56.079079,Tokyo-6adb,-24,54,Normal
2026-02-13 20:01:57.079079,Tokyo-6adb,-7,58,Normal
2026-02-13 20:01:58.079079,Tokyo-6adb,-16,98,Normal
2026-02-13 20:01:59.079079,Tokyo-6adb,35,61,Normal
2026-02-13 20:02:00.079079,Tokyo-6adb,1,90,Normal
2026-02-13 20:02:01.079079,Tokyo-6adb,33,50,Normal
2026-02-13 20:02:02.079079,Tokyo-6adb,21,77,Normal
2026-02-13 20:02:03.079079,Tokyo-6adb,35,4,Normal
2026-02-13 20:02:04.079079,Tokyo-6adb,42,12,Normal
2026-02-13 20:02:05.079079,Tokyo-6adb,29,76,Normal
2026-02-13 20:02:06.079079,Tokyo-6adb,40,67,Normal
2026-02-13 20:02:07.079079,Tokyo-6adb,-23,28,Normal
2026-02-13 20:02:08.079079,Tokyo-6adb,22,66,Normal
2026-02-13 20:02:09.079079,Tokyo-6adb,-16,17,Normal
2026-02-13 20:02:10.079079,Tokyo-6adb,-22,10,Normal
2026-02-13 20:02:11.079079,Tokyo-6adb,-30,100,Normal
2026-02-13 20:02:12.079079,Tokyo-6adb,30,13,Normal
2026-02-13 20:02:13.079079,Tokyo-6adb,29,63,Normal
2026-02-13 20:02:14.079079,Tokyo-6adb,34,72,Normal
2026-02-13 20:02:15.079079,Tokyo-6adb,32,34,Normal
2026-02-13 20:02:16.079079,Tokyo-6adb,26,64,Normal
2026-02-13 20:02:17.079079,Tokyo-6adb,48,78,Normal
2026-02-13 20:02:18.079079,Tokyo-6adb,28,53,Normal
2026-02-13 20:02:19.079079,Tokyo-6adb,-3,24,Normal
2026-02-13 20:02:20.079079,Tokyo-6adb,50,3,Normal
2026-02-13 20:02:21.079079,Tokyo-6adb,32,83,Normal
2026-02-13 20:02:22.079079,Tokyo-6adb,50,52,Normal
2026-02-13 20:02:23.079079,Tokyo-6adb,-7,61,Normal
2026-02-13 20:02:24.079079,Tokyo-6adb,43,39,Normal
2026-02-13 20:02:25.079079,Tokyo-6adb,29,7,Normal
2026-02-13 20:02:26.079079,Tokyo-6adb,1,28,Normal
2026-02-13 20:02:27.079079,Tokyo-6adb,20,12,Normal
2026-02-13 20:02:28.079079,Tokyo-6adb,3,45,Normal
2026-02-13 20:02:29.079079,Tokyo-6adb,40,13,Normal
2026-02-13 20:02:30.079079,Tokyo-6adb,43,9,Normal
2026-02-13 20:02:31.079079,Tokyo-6adb,29,22,Normal
2026-02-13 20:02:32.079079,Tokyo-6adb,48,31,Normal
2026-02-13 20:02:33.079079,Tokyo-6adb,6,0,Normal
2026-02-13 20:02:34.079079,Tokyo-6adb,-19,55,Normal
2026-02-13 20:02:35.079079,Tokyo-6adb,30,74,Normal
2026-02-13 20:02:36.079079,Tokyo-6adb,3,57,Normal
2026-02-13 20:02:37.079079,Tokyo-6adb,39,95,Normal
2026-02-13 20:02:38.079079,Tokyo-6adb,20,65,Normal
2026-02-13 20:02:39.079079,Tokyo-6adb,11,80,Normal
2026-02-13 20:02:40.079079,Tokyo-6adb,-22,97,Normal
2026-02-13 20:02:41.079079,Tokyo-6adb,49,86,Normal
2026-02-13 20:02:42.079079,Tokyo-6adb,2,68,Normal
2026-02-13 20:02:43.079079,Tokyo-6adb,39,43,Normal
2026-02-13 20:02:44.079079,Tokyo-6adb,-24,30,Normal
2026-02-13 20:02:45.079079,Tokyo-6adb,28,4,Normal
2026-02-13 20:02:46.079079,Tokyo-6adb,26,75,Normal
2026-02-13 20:02:47.079079,Tokyo-6adb,-17,45,Normal
2026-02-13 20:02:48.079079,Tokyo-6adb,-1,11,Normal
2026-02-13 20:02:49.079079,Tokyo-6adb,18,5,Normal
2026-02-13 20:02:50.079079,Tokyo-6adb,-28,1,Normal
2026-02-13 20:02:51.079079,Tokyo-6adb,-18,28,Normal
2026-02-13 20:02:52.079079,Tokyo-6adb,22,19,Normal
2026-02-13 20:02:53.079079,Tokyo-6adb,39,34,Normal
2026-02-13 20:02:54.079079,Tokyo-6adb,-7,95,Normal
2026-02-13 20:02:55.079079,Tokyo-6adb,45,27,Normal
2026-02-13 20:02:56.079079,Tokyo-6adb,16,8,Normal
2026-02-13 20:02:57.079079,Tokyo-6adb,-4,13,Normal
2026-02-13 20:02:58.079079,Tokyo-6adb,0,37,Normal
2026-02-13 20:02:59.079079,Tokyo-6adb,17,87,Normal
2026-02-13 20:03:00.079079,Tokyo-6adb,35,19,Normal
2026-02-13 20:03:01.079079,Tokyo-6adb,33,20,Normal
2026-02-13 20:03:02.079079,Tokyo-6adb,7,49,Normal
2026-02-13 20:03:03.079079,Tokyo-6adb,-21,78,Normal
2026-02-13 20:03:04.079079,Tokyo-6adb,22,98,Normal
2026-02-13 20:03:05.079079,Tokyo-6adb,30,100,Normal
2026-02-13 20:03:06.079079,Tokyo-6adb,23,98,Normal
2026-02-13 20:03:07.079079,Tokyo-6adb,5,75,Normal
2026-02-13 20:03:08.079079,Tokyo-6adb,1,29,Normal
2026-02-13 20:03:09.079079,Tokyo-6adb,24,52,Normal
2026-02-13 20:03:10.079079,Tokyo-6adb,30,25,Normal
2026-02-13 20:03:11.079079,Tokyo-6adb,37,65,Normal
2026-02-13 20:03:12.079079,Tokyo-6adb,-7,13,Normal
2026-02-13 20:03:13.079079,Tokyo-6adb,32,41,Normal
2026-02-13 20:03:14.079079,Tokyo-6adb,33,46,Normal
2026-02-13 20:03:15.079079,Tokyo-6adb,-1,87,Normal
2026-02-13 20:03:16.079079,Tokyo-6adb,49,1,Normal
2026-02-13 20:03:17.079079,Tokyo-6adb,-11,31,Normal
2026-02-13 20:03:18.079079,Tokyo-6adb,44,81,Normal
2026-02-13 20:03:19.079079,Tokyo-6adb,-16,99,Normal
2026-02-13 20:03:20.079079,Tokyo-6adb,-5,26,Normal
2026-02-13 20:03:21.079079,Tokyo-6adb,13,99,Normal
2026-02-13 20:03:22.079079,Tokyo-6adb,6,57,Normal
2026-02-13 20:03:23.079079,Tokyo-6adb,8,37,Normal
2026-02-13 20:03:24.079079,Tokyo-6adb,2,7,Normal
2026-02-13 20:03:25.079079,Tokyo-6adb,3,30,Normal
2026-02-13 20:03:26.079079,Tokyo-6adb,3,65,Normal
2026-02-13 20:03:27.079079,Tokyo-6adb,49,41,Normal
2026-02-13 20:03:28.079079,Tokyo-6adb,-26,41,Normal
2026-02-13 20:03:29.079079,Tokyo-6adb,9,82,Normal
2026-02-13 20:03:30.079079,Tokyo-6adb,11,66,Normal
2026-02-13 20:03:31.079079,Tokyo-6adb,31,96,Normal
2026-02-13 20:03:32.079079,Tokyo-6adb,33,85,Normal
2026-02-13 20:03:33.079079,Tokyo-6adb,-21,15,Normal
2026-02-13 20:03:34.079079,Tokyo-6adb,-5,12,Normal
2026-02-13 20:03:35.079079,Tokyo-6adb,49,85,Normal
2026-02-13 20:03:36.079079,Tokyo-6adb,5,37,Normal
2026-02-13 20:03:37.079079,Tokyo-6adb,34,19,Normal
2026-02-13 20:03:38.079079,Tokyo-6adb,-24,92,Normal
2026-02-13 20:03:39.079079,Tokyo-6adb,-28,63,Normal
2026-02-13 20:03:40.079079,Tokyo-6adb,-8,41,Normal
2026-02-13 20:03:41.079079,Tokyo-6adb,14,39,Normal
2026-02-13 20:03:42.079079,Tokyo-6adb,50,51,Normal
2026-02-13 20:03:43.079079,Tokyo-6adb,40,19,Normal
2026-02-13 20:03:44.079079,Tokyo-6adb,-16,65,Normal
2026-02-13 20:03:45.079079,Tokyo-6adb,-4,66,Normal
2026-02-13 20:03:46.079079,Tokyo-6adb,19,63,Normal
2026-02-13 20:03:47.079079,Tokyo-6adb,10,12,Normal
2026-02-13 20:03:48.079079,Tokyo-6adb,-17,86,Normal
2026-02-13 20:03:49.079079,Tokyo-6adb,46,100,Normal
2026-02-13 20:03:50.079079,Tokyo-6adb,22,7,Normal
2026-02-13 20:03:51.079079,Tokyo-6adb,-30,43,Normal
2026-02-13 20:03:52.079079,Tokyo-6adb,13,59,Normal
2026-02-13 20:03:53.079079,Tokyo-6adb,37,2,Normal
2026-02-13 20:03:54.079079,Tokyo-6adb,-5,21,Normal
2026-02-13 20:03:55.079079,Tokyo-6adb,11,22,Normal
2026-02-13 20:03:56.079079,Tokyo-6adb,34,76,Normal
2026-02-13 20:03:57.079079,Tokyo-6adb,-3,51,Normal
2026-02-13 20:03:58.079079,Tokyo-6adb,-2,45,Normal
2026-02-13 20:03:59.079079,Tokyo-6adb,2,75,Normal
2026-02-13 20:04:00.079079,Tokyo-6adb,42,23,Normal
2026-02-13 20:04:01.079079,Tokyo-6adb,38,17,Normal
2026-02-13 20:04:02.079079,Tokyo-6adb,14,77,Normal
2026-02-13 20:04:03.079079,Tokyo-6adb,11,84,Normal
2026-02-13 20:04:04.079079,Tokyo-6adb,28,3,Normal
2026-02-13 20:04:05.079079,Tokyo-6adb,36,9,Normal
2026-02-13 20:04:06.079079,Tokyo-6adb,-19,7,Normal
2026-02-13 20:04:07.079079,Tokyo-6adb,7,21,Normal
2026-02-13 20:04:08.079079,Tokyo-6adb,36,37,Normal
2026-02-13 20:04:09.079079,Tokyo-6adb,14,54,Normal
2026-02-13 20:04:10.079079,Tokyo-6adb,-30,79,Normal
2026-02-13 20:04:11.079079,Tokyo-6adb,-8,27,Normal
2026-02-13 20:04:12.079079,Tokyo-6adb,-17,38,Normal
2026-02-13 20:04:13.079079,Tokyo-6adb,27,2,Normal
2026-02-13 20:04:14.079079,Tokyo-6adb,15,68,Normal
2026-02-13 20:04:15.079079,Tokyo-6adb,-22,33,Normal
2026-02-13 20:04:16.079079,Tokyo-6adb,-15,62,Normal
2026-02-13 20:04:17.079079,Tokyo-6adb,43,39,Normal
2026-02-13 20:04:18.079079,Tokyo-6adb,13,63,Normal
2026-02-13 20:04:19.079079,Tokyo-6adb,-7,73,Normal
2026-02-13 20:04:20.079079,Tokyo-6adb,32,54,Normal
2026-02-13 20:04:21.079079,Tokyo-6adb,8,35,Normal
2026-02-13 20:04:22.079079,Tokyo-6adb,44,82,Normal
2026-02-13 20:04:23.079079,Tokyo-6adb,-27,66,Normal
2026-02-13 20:04:24.079079,Tokyo-6adb,5,52,Normal
2026-02-13 20:04:25.079079,Tokyo-6adb,27,55,Normal
2026-02-13 20:04:26.079079,Tokyo-6adb,6,7,Normal
2026-02-13 20:04:27.079079,Tokyo-6adb,13,44,Normal
2026-02-13 20:04:28.079079,Tokyo-6adb,1,2,Normal
2026-02-13 20:04:29.079079,Tokyo-6adb,-12,68,Normal
2026-02-13 20:04:30.079079,Tokyo-6adb,-11,98,Normal
2026-02-13 20:04:31.079079,Tokyo-6adb,44,84,Normal
2026-02-13 20:04:32.079079,Tokyo-6adb,3,74,Normal
2026-02-13 20:04:33.079079,Tokyo-6adb,46,16,Normal
2026-02-13 20:04:34.079079,Tokyo-6adb,13,34,Normal
2026-02-13 20:04:35.079079,Tokyo-6adb,44,7,Normal
2026-02-13 20:04:36.079079,Tokyo-6adb,19,41,Normal
2026-02-13 20:04:37.079079,Tokyo-6adb,23,53,Normal
2026-02-13 20:04:38.079079,Tokyo-6adb,4,75,Normal
2026-02-13 20:04:39.079079,Tokyo-6adb,-23,21,Normal
2026-02-13 20:04:40.079079,Tokyo-6adb,27,53,Normal
2026-02-13 20:04:41.079079,Tokyo-6adb,-18,48,Normal
2026-02-13 20:04:42.079079,Tokyo-6adb,16,62,Normal
2026-02-13 20:04:43.079079,Tokyo-6adb,19,9,Normal
2026-02-13 20:04:44.079079,Tokyo-6adb,14,67,Normal
2026-02-13 20:04:45.079079,Tokyo-6adb,23,32,Normal
2026-02-13 20:04:46.079079,Tokyo-6adb,-30,18,Normal
2026-02-13 20:04:47.079079,Tokyo-6adb,-19,29,Normal
2026-02-13 20:04:48.079079,Tokyo-6adb,32,89,Normal
2026-02-13 20:04:49.079079,Tokyo-6adb,-30,37,Normal
2026-02-13 20:04:50.079079,Tokyo-6adb,21,24,Normal
2026-02-13 20:04:51.079079,Tokyo-6adb,-23,33,Normal
2026-02-13 20:04:52.079079,Tokyo-6adb,28,21,Normal
2026-02-13 20:04:53.079079,Tokyo-6adb,-30,47,Normal
2026-02-13 20:04:54.079079,Tokyo-6adb,10,43,Normal
2026-02-13 20:04:55.079079,Tokyo-6adb,-6,92,Normal
2026-02-13 20:04:56.079079,Tokyo-6adb,-18,58,Normal
2026-02-13 20:04:57.079079,Tokyo-6adb,-8,90,Normal
2026-02-13 20:04:58.079079,Tokyo-6adb,50,2,Normal
2026-02-13 20:04:59.079079,Tokyo-6adb,5,39,Normal
2026-02-13 20:05:00.079079,Tokyo-6adb,-6,26,Normal
2026-02-13 20:05:01.079079,Tokyo-6adb,13,17,Normal
2026-02-13 20:05:02.079079,Tokyo-6adb,-25,68,Normal
2026-02-13 20:05:03.079079,Tokyo-6adb,36,52,Normal
2026-02-13 20:05:04.079079,Tokyo-6adb,-9,33,Normal
2026-02-13 20:05:05.079079,Tokyo-6adb,15,58,Normal
2026-02-13 20:05:06.079079,Tokyo-6adb,-25,79,Normal
2026-02-13 20:05:07.079079,Tokyo-6adb,-18,17,Normal
2026-02-13 20:05:08.079079,Tokyo-6adb,-27,27,Normal
2026-02-13 20:05:09.079079,Tokyo-6adb,-15,9,Normal
2026-02-13 20:05:10.079079,Tokyo-6adb,-8,62,Normal
2026-02-13 20:05:11.079079,Tokyo-6adb,-8,1,Normal
2026-02-13 20:05:12.079079,Tokyo-6adb,19,5,Normal
2026-02-13 20:05:13.079079,Tokyo-6adb,-30,56,Normal
2026-02-13 20:05:14.079079,Tokyo-6adb,49,70,Normal
2026-02-13 20:05:15.079079,Tokyo-6adb,-9,53,Normal
2026-02-13 20:05:16.079079,Tokyo-6adb,42,33,Normal
2026-02-13 20:05:17.079079,Tokyo-6adb,46,28,Normal
2026-02-13 20:05:18.079079,Tokyo-6adb,-2,48,Normal
2026-02-13 20:05:19.079079,Tokyo-6adb,17,53,Normal
2026-02-13 20:05:20.079079,Tokyo-6adb,37,32,Normal
2026-02-13 20:05:21.079079,Tokyo-6adb,19,86,Normal
2026-02-13 20:05:22.079079,Tokyo-6adb,18,95,Normal
2026-02-13 20:05:23.079079,Tokyo-6adb,33,44,Normal
2026-02-13 20:05:24.079079,Tokyo-6adb,-15,40,Normal
2026-02-13 20:05:25.079079,Tokyo-6adb,-28,82,Normal
2026-02-13 20:05:26.079079,Tokyo-6adb,16,24,Normal
2026-02-13 20:05:27.079079,Tokyo-6adb,26,61,Normal
2026-02-13 20:05:28.079079,Tokyo-6adb,-14,100,Normal
2026-02-13 20:05:29.079079,Tokyo-6adb,1,13,Normal
2026-02-13 20:05:30.079079,Tokyo-6adb,33,44,Normal
2026-02-13 20:05:31.079079,Tokyo-6adb,-10,71,Normal
2026-02-13 20:05:32.079079,Tokyo-6adb,-13,96,Normal
2026-02-13 20:05:33.079079,Tokyo-6adb,-14,33,Normal
2026-02-13 20:05:34.079079,Tokyo-6adb,-22,40,Normal
2026-02-13 20:05:35.079079,Tokyo-6adb,50,48,Normal
2026-02-13 20:05:36.079079,Tokyo-6adb,11,12,Normal
2026-02-13 20:05:37.079079,Tokyo-6adb,43,51,Normal
2026-02-13 20:05:38.079079,Tokyo-6adb,36,70,Normal
2026-02-13 20:05:39.079079,Tokyo-6adb,14,40,Normal
2026-02-13 20:05:40.079079,Tokyo-6adb,16,82,Normal
2026-02-13 20:05:41.079079,Tokyo-6adb,6,57,Normal
2026-02-13 20:05:42.079079,Tokyo-6adb,-16,56,Normal
2026-02-13 20:05:43.079079,Tokyo-6adb,13,41,Normal
2026-02-13 20:05:44.079079,Tokyo-6adb,44,20,Normal
2026-02-13 20:05:45.079079,Tokyo-6adb,-22,86,Normal
2026-02-13 20:05:46.079079,Tokyo-6adb,-19,72,Normal
2026-02-13 20:05:47.079079,Tokyo-6adb,18,87,Normal
2026-02-13 20:05:48.079079,Tokyo-6adb,-18,4,Normal
2026-02-13 20:05:49.079079,Tokyo-6adb,28,34,Normal
2026-02-13 20:05:50.079079,Tokyo-6adb,38,54,Normal
2026-02-13 20:05:51.079079,Tokyo-6adb,9,41,Normal
2026-02-13 20:05:52.079079,Tokyo-6adb,-2,88,Normal
2026-02-13 20:05:53.079079,Tokyo-6adb,-18,7,Normal
2026-02-13 20:05:54.079079,Tokyo-6adb,2,31,Normal
2026-02-13 20:05:55.079079,Tokyo-6adb,16,90,Normal
2026-02-13 20:05:56.079079,Tokyo-6adb,33,39,Normal
2026-02-13 20:05:57.079079,Tokyo-6adb,-12,40,Normal
2026-02-13 20:05:58.079079,Tokyo-6adb,24,74,Normal
2026-02-13 20:05:59.079079,Tokyo-6adb,-4,25,Normal
2026-02-13 20:06:00.079079,Tokyo-6adb,-19,57,Normal
2026-02-13 20:06:01.079079,Tokyo-6adb,0,91,Normal
2026-02-13 20:06:02.079079,Tokyo-6adb,43,60,Normal
2026-02-13 20:06:03.079079,Tokyo-6adb,0,32,Normal
2026-02-13 20:06:04.079079,Tokyo-6adb,34,33,Normal
2026-02-13 20:06:05.079079,Tokyo-6adb,38,34,Normal
2026-02-13 20:06:06.079079,Tokyo-6adb,8,5,Normal
2026-02-13 20:06:07.079079,Tokyo-6adb,-26,42,Normal
2026-02-13 20:06:08.079079,Tokyo-6adb,26,54,Normal
2026-02-13 20:06:09.079079,Tokyo-6adb,-26,84,Normal
2026-02-13 20:06:10.079079,Tokyo-6adb,-26,52,Normal
2026-02-13 20:06:11.079079,Tokyo-6adb,49,99,Normal
2026-02-13 20:06:12.079079,Tokyo-6adb,-26,43,Normal
2026-02-13 20:06:13.079079,Tokyo-6adb,24,92,Normal
2026-02-13 20:06:14.079079,Tokyo-6adb,22,0,Normal
2026-02-13 20:06:15.079079,Tokyo-6adb,12,32,Normal
2026-02-13 20:06:16.079079,Tokyo-6adb,11,45,Normal
2026-02-13 20:06:17.079079,Tokyo-6adb,13,84,Normal
2026-02-13 20:06:18.079079,Tokyo-6adb,-13,16,Normal
2026-02-13 20:06:19.079079,Tokyo-6adb,14,76,Normal
2026-02-13 20:06:20.079079,Tokyo-6adb,34,24,Normal
2026-02-13 20:06:21.079079,Tokyo-6adb,-22,13,Normal
2026-02-13 20:06:22.079079,Tokyo-6adb,50,95,Normal
2026-02-13 20:06:23.079079,Tokyo-6adb,-23,92,Normal
2026-02-13 20:06:24.079079,Tokyo-6adb,-7,41,Normal
2026-02-13 20:06:25.079079,Tokyo-6adb,-14,63,Normal
2026-02-13 20:06:26.079079,Tokyo-6adb,41,93,Normal
2026-02-13 20:06:27.079079,Tokyo-6adb,38,29,Normal
2026-02-13 20:06:28.079079,Tokyo-6adb,45,46,Normal
2026-02-13 20:06:29.079079,Tokyo-6adb,-9,81,Normal
2026-02-13 20:06:30.079079,Tokyo-6adb,41,81,Normal
2026-02-13 20:06:31.079079,Tokyo-6adb,-25,61,Normal
2026-02-13 20:06:32.079079,Tokyo-6adb,-28,73,Normal
2026-02-13 20:06:33.079079,Tokyo-6adb,-18,42,Normal
2026-02-13 20:06:34.079079,Tokyo-6adb,6,8,Normal
2026-02-13 20:06:35.079079,Tokyo-6adb,-18,88,Normal
2026-02-13 20:06:36.079079,Tokyo-6adb,27,75,Normal
2026-02-13 20:06:37.079079,Tokyo-6adb,43,44,Normal
2026-02-13 20:06:38.079079,Tokyo-6adb,-7,17,Normal
2026-02-13 20:06:39.079079,Tokyo-6adb,13,46,Normal
2026-02-13 20:06:40.079079,Tokyo-6adb,-28,56,Normal
2026-02-13 20:06:41.079079,Tokyo-6adb,36,44,Normal
2026-02-13 20:06:42.079079,Tokyo-6adb,37,54,Normal
2026-02-13 20:06:43.079079,Tokyo-6adb,-15,76,Normal
2026-02-13 20:06:44.079079,Tokyo-6adb,11,86,Normal
2026-02-13 20:06:45.079079,Tokyo-6adb,18,14,Normal
2026-02-13 20:06:46.079079,Tokyo-6adb,1,86,Normal
2026-02-13 20:06:47.079079,Tokyo-6adb,-20,32,Normal
2026-02-13 20:06:48.079079,Tokyo-6adb,-6,64,Normal
2026-02-13 20:06:49.079079,Tokyo-6adb,-2,97,Normal
2026-02-13 20:06:50.079079,Tokyo-6adb,-8,89,Normal
2026-02-13 20:06:51.079079,Tokyo-6adb,8,24,Normal
2026-02-13 20:06:52.079079,Tokyo-6adb,-4,73,Normal
2026-02-13 20:06:53.079079,Tokyo-6adb,28,2,Normal
2026-02-13 20:06:54.079079,Tokyo-6adb,10,26,Normal
2026-02-13 20:06:55.079079,Tokyo-6adb,43,37,Normal
2026-02-13 20:06:56.079079,Tokyo-6adb,-8,50,Normal
2026-02-13 20:06:57.079079,Tokyo-6adb,2,52,Normal
2026-02-13 20:06:58.079079,Tokyo-6adb,3,22,Normal
2026-02-13 20:06:59.079079,Tokyo-6adb,22,67,Normal
2026-02-13 20:07:00.079079,Tokyo-6adb,2,64,Normal
2026-02-13 20:07:01.079079,Tokyo-6adb,21,16,Normal
2026-02-13 20:07:02.079079,Tokyo-6adb,-10,28,Normal
2026-02-13 20:07:03.079079,Tokyo-6adb,11,86,Normal
2026-02-13 20:07:04.079079,Tokyo-6adb,-15,53,Normal
2026-02-13 20:07:05.079079,Tokyo-6adb,-3,62,Normal
2026-02-13 20:07:06.079079,Tokyo-6adb,-5,46,Normal
2026-02-13 20:07:07.079079,Tokyo-6adb,45,32,Normal
2026-02-13 20:07:08.079079,Tokyo-6adb,4,10,Normal
2026-02-13 20:07:09.079079,Tokyo-6adb,46,47,Normal
2026-02-13 20:07:10.079079,Tokyo-6adb,-30,10,Normal
2026-02-13 20:07:11.079079,Tokyo-6adb,-5,13,Normal
2026-02-13 20:07:12.079079,Tokyo-6adb,17,79,Normal
2026-02-13 20:07:13.079079,Tokyo-6adb,-26,99,Normal
2026-02-13 20:07:14.079079,Tokyo-6adb,-18,31,Normal
2026-02-13 20:07:15.079079,Tokyo-6adb,1,52,Normal
2026-02-13 20:07:16.079079,Tokyo-6adb,8,76,Normal
2026-02-13 20:07:17.079079,Tokyo-6adb,-24,48,Normal
2026-02-13 20:07:18.079079,Tokyo-6adb,10,84,Normal
2026-02-13 20:07:19.079079,Tokyo-6adb,-19,88,Normal
2026-02-13 20:07:20.079079,Tokyo-6adb,49,54,Normal
2026-02-13 20:07:21.079079,Tokyo-6adb,24,38,Normal
2026-02-13 20:07:22.079079,Tokyo-6adb,-27,39,Normal
2026-02-13 20:07:23.079079,Tokyo-6adb,27,70,Normal
2026-02-13 20:07:24.079079,Tokyo-6adb,20,20,Normal
2026-02-13 20:07:25.079079,Tokyo-6adb,47,56,Normal
2026-02-13 20:07:26.079079,Tokyo-6adb,23,51,Normal
2026-02-13 20:07:27.079079,Tokyo-6adb,-28,22,Normal
2026-02-13 20:07:28.079079,Tokyo-6adb,10,25,Normal
2026-02-13 20:07:29.079079,Tokyo-6adb,-30,71,Normal
2026-02-13 20:07:30.079079,Tokyo-6adb,23,65,Normal
2026-02-13 20:07:31.079079,Tokyo-6adb,-6,11,Normal
2026-02-13 20:07:32.079079,Tokyo-6adb,-27,3,Normal
2026-02-13 20:07:33.079079,Tokyo-6adb,0,64,Normal
2026-02-13 20:07:34.079079,Tokyo-6adb,47,62,Normal
2026-02-13 20:07:35.079079,Tokyo-6adb,-11,86,Normal
2026-02-13 20:07:36.079079,Tokyo-6adb,28,36,Normal
2026-02-13 20:07:37.079079,Tokyo-6adb,2,69,Normal
2026-02-13 20:07:38.079079,Tokyo-6adb,28,45,Normal
2026-02-13 20:07:39.079079,Tokyo-6adb,34,77,Normal
2026-02-13 20:07:40.079079,Tokyo-6adb,19,55,Normal
2026-02-13 20:07:41.079079,Tokyo-6adb,27,58,Normal
2026-02-13 20:07:42.079079,Tokyo-6adb,-1,20,Normal
2026-02-13 20:07:43.079079,Tokyo-6adb,-30,72,Normal
2026-02-13 20:07:44.079079,Tokyo-6adb,-11,0,Normal
2026-02-13 20:07:45.079079,Tokyo-6adb,-17,94,Normal
2026-02-13 20:07:46.079079,Tokyo-6adb,24,12,Normal
2026-02-13 20:07:47.079079,Tokyo-6adb,-8,31,Normal
2026-02-13 20:07:48.079079,Tokyo-6adb,43,42,Normal
2026-02-13 20:07:49.079079,Tokyo-6adb,-17,44,Normal
2026-02-13 20:07:50.079079,Tokyo-6adb,-21,20,Normal
2026-02-13 20:07:51.079079,Tokyo-6adb,46,37,Normal
2026-02-13 20:07:52.079079,Tokyo-6adb,35,82,Normal
2026-02-13 20:07:53.079079,Tokyo-6adb,6,26,Normal
2026-02-13 20:07:54.079079,Tokyo-6adb,35,88,Normal
2026-02-13 20:07:55.079079,Tokyo-6adb,44,63,Normal
2026-02-13 20:07:56.079079,Tokyo-6adb,-18,65,Normal
2026-02-13 20:07:57.079079,Tokyo-6adb,-2,67,Normal
2026-02-13 20:07:58.079079,Tokyo-6adb,-1,31,Normal
2026-02-13 20:07:59.079079,Tokyo-6adb,11,90,Normal
2026-02-13 20:08:00.079079,Tokyo-6adb,-30,95,Normal
2026-02-13 20:08:01.079079,Tokyo-6adb,36,87,Normal
2026-02-13 20:08:02.079079,Tokyo-6adb,-11,55,Normal
2026-02-13 20:08:03.079079,Tokyo-6adb,49,53,Normal
2026-02-13 20:08:04.079079,Tokyo-6adb,17,49,Normal
2026-02-13 20:08:05.079079,Tokyo-6adb,-16,94,Normal
2026-02-13 20:08:06.079079,Tokyo-6adb,-25,18,Normal
2026-02-13 20:08:07.079079,Tokyo-6adb,22,32,Normal
2026-02-13 20:08:08.079079,Tokyo-6adb,-21,1,Normal
2026-02-13 20:08:09.079079,Tokyo-6adb,34,77,Normal
2026-02-13 20:08:10.079079,Tokyo-6adb,8,65,Normal
2026-02-13 20:08:11.079079,Tokyo-6adb,11,50,Normal
2026-02-13 20:08:12.079079,Tokyo-6adb,-22,100,Normal
2026-02-13 20:08:13.079079,Tokyo-6adb,41,88,Normal
2026-02-13 20:08:14.079079,Tokyo-6adb,-19,25,Normal
2026-02-13 20:08:15.079079,Tokyo-6adb,40,84,Normal
2026-02-13 20:08:16.079079,Tokyo-6adb,4,94,Normal
2026-02-13 20:08:17.079079,Tokyo-6adb,-5,61,Normal
2026-02-13 20:08:18.079079,Tokyo-6adb,39,4,Normal
2026-02-13 20:08:19.079079,Tokyo-6adb,45,95,Normal
2026-02-13 20:08:20.079079,Tokyo-6adb,-8,5,Normal
2026-02-13 20:08:21.079079,Tokyo-6adb,-28,32,Normal
2026-02-13 20:08:22.079079,Tokyo-6adb,45,8,Normal
2026-02-13 20:08:23.079079,Tokyo-6adb,-23,46,Normal
2026-02-13 20:08:24.079079,Tokyo-6adb,34,33,Normal
2026-02-13 20:08:25.079079,Tokyo-6adb,-11,100,Normal
2026-02-13 20:08:26.079079,Tokyo-6adb,0,41,Normal
2026-02-13 20:08:27.079079,Tokyo-6adb,1,42,Normal
2026-02-13 20:08:28.079079,Tokyo-6adb,22,55,Normal
2026-02-13 20:08:29.079079,Tokyo-6adb,35,96,Normal
2026-02-13 20:08:30.079079,Tokyo-6adb,-13,79,Normal
2026-02-13 20:08:31.079079,Tokyo-6adb,47,45,Normal
2026-02-13 20:08:32.079079,Tokyo-6adb,41,69,Normal
2026-02-13 20:08:33.079079,Tokyo-6adb,-13,65,Normal
2026-02-13 20:08:34.079079,Tokyo-6adb,-18,15,Normal
2026-02-13 20:08:35.079079,Tokyo-6adb,-25,57,Normal
2026-02-13 20:08:36.079079,Tokyo-6adb,19,13,Normal
2026-02-13 20:08:37.079079,Tokyo-6adb,27,77,Normal
2026-02-13 20:08:38.079079,Tokyo-6adb,28,93,Normal
2026-02-13 20:08:39.079079,Tokyo-6adb,19,76,Normal
2026-02-13 20:08:40.079079,Tokyo-6adb,11,54,Normal
2026-02-13 20:08:41.079079,Tokyo-6adb,-15,48,Normal
2026-02-13 20:08:42.079079,Tokyo-6adb,4,21,Normal
2026-02-13 20:08:43.079079,Tokyo-6adb,-12,45,Normal
2026-02-13 20:08:44.079079,Tokyo-6adb,42,63,Normal
2026-02-13 20:08:45.079079,Tokyo-6adb,15,17,Normal
2026-02-13 20:08:46.079079,Tokyo-6adb,-22,69,Normal
2026-02-13 20:08:47.079079,Tokyo-6adb,36,8,Normal
2026-02-13 20:08:48.079079,Tokyo-6adb,11,21,Normal
2026-02-13 20:08:49.079079,Tokyo-6adb,-20,79,Normal
2026-02-13 20:08:50.079079,Tokyo-6adb,-27,3,Normal
2026-02-13 20:08:51.079079,Tokyo-6adb,-24,72,Normal
2026-02-13 20:08:52.079079,Tokyo-6adb,9,23,Normal
2026-02-13 20:08:53.079079,Tokyo-6adb,11,96,Normal
2026-02-13 20:08:54.079079,Tokyo-6adb,20,35,Normal
2026-02-13 20:08:55.079079,Tokyo-6adb,-9,61,Normal
2026-02-13 20:08:56.079079,Tokyo-6adb,27,46,Normal
2026-02-13 20:08:57.079079,Tokyo-6adb,20,92,Normal
2026-02-13 20:08:58.079079,Tokyo-6adb,14,26,Normal
2026-02-13 20:08:59.079079,Tokyo-6adb,15,100,Normal
2026-02-13 20:09:00.079079,Tokyo-6adb,-17,80,Normal
2026-02-13 20:09:01.079079,Tokyo-6adb,48,94,Normal
2026-02-13 20:09:02.079079,Tokyo-6adb,14,12,Normal
2026-02-13 20:09:03.079079,Tokyo-6adb,-10,45,Normal
2026-02-13 20:09:04.079079,Tokyo-6adb,34,85,Normal
2026-02-13 20:09:05.079079,Tokyo-6adb,-17,55,Normal
2026-02-13 20:09:06.079079,Tokyo-6adb,-9,99,Normal
2026-02-13 20:09:07.079079,Tokyo-6adb,35,16,Normal
2026-02-13 20:09:08.079079,Tokyo-6adb,8,85,Normal
2026-02-13 20:09:09.079079,Tokyo-6adb,49,22,Normal
2026-02-13 20:09:10.079079,Tokyo-6adb,29,58,Normal
2026-02-13 20:09:11.079079,Tokyo-6adb,38,49,Normal
2026-02-13 20:09:12.079079,Tokyo-6adb,10,15,Normal
2026-02-13 20:09:13.079079,Tokyo-6adb,18,93,Normal
2026-02-13 20:09:14.079079,Tokyo-6adb,-30,76,Normal
2026-02-13 20:09:15.079079,Tokyo-6adb,39,6,Normal
2026-02-13 20:09:16.079079,Tokyo-6adb,16,79,Normal
2026-02-13 20:09:17.079079,Tokyo-6adb,-21,29,Normal
2026-02-13 20:09:18.079079,Tokyo-6adb,6,52,Normal
2026-02-13 20:09:19.079079,Tokyo-6adb,46,90,Normal
2026-02-13 20:09:20.079079,Tokyo-6adb,-15,45,Normal
2026-02-13 20:09:21.079079,Tokyo-6adb,-29,6,Normal
2026-02-13 20:09:22.079079,Tokyo-6adb,10,87,Normal
2026-02-13 20:09:23.079079,Tokyo-6adb,40,0,Normal
2026-02-13 20:09:24.079079,Tokyo-6adb,-29,19,Normal
2026-02-13 20:09:25.079079,Tokyo-6adb,45,55,Normal
2026-02-13 20:09:26.079079,Tokyo-6adb,-6,32,Normal
2026-02-13 20:09:27.079079,Tokyo-6adb,-27,72,Normal
2026-02-13 20:09:28.079079,Tokyo-6adb,2,91,Normal
2026-02-13 20:09:29.079079,Tokyo-6adb,23,98,Normal
2026-02-13 20:09:30.079079,Tokyo-6adb,-9,89,Normal
2026-02-13 20:09:31.079079,Tokyo-6adb,0,64,Normal
2026-02-13 20:09:32.079079,Tokyo-6adb,-15,17,Normal
2026-02-13 20:09:33.079079,Tokyo-6adb,-12,77,Normal
2026-02-13 20:09:34.079079,Tokyo-6adb,35,18,Normal
2026-02-13 20:09:35.079079,Tokyo-6adb,12,23,Normal
2026-02-13 20:09:36.079079,Tokyo-6adb,-19,74,Normal
2026-02-13 20:09:37.079079,Tokyo-6adb,-3,36,Normal
2026-02-13 20:09:38.079079,Tokyo-6adb,20,4,Normal
2026-02-13 20:09:39.079079,Tokyo-6adb,-19,100,Normal
2026-02-13 20:09:40.079079,Tokyo-6adb,6,19,Normal
2026-02-13 20:09:41.079079,Tokyo-6adb,42,38,Normal
2026-02-13 20:09:42.079079,Tokyo-6adb,27,11,Normal
2026-02-13 20:09:43.079079,Tokyo-6adb,3,95,Normal
2026-02-13 20:09:44.079079,Tokyo-6adb,11,73,Normal
2026-02-13 20:09:45.079079,Tokyo-6adb,0,53,Normal
2026-02-13 20:09:46.079079,Tokyo-6adb,-1,22,Normal
2026-02-13 20:09:47.079079,Tokyo-6adb,20,32,Normal
2026-02-13 20:09:48.079079,Tokyo-6adb,-10,13,Normal
2026-02-13 20:09:49.079079,Tokyo-6adb,24,65,Normal
2026-02-13 20:09:50.079079,Tokyo-6adb,-28,5,Normal
2026-02-13 20:09:51.079079,Tokyo-6adb,45,75,Normal
2026-02-13 20:09:52.079079,Tokyo-6adb,32,90,Normal
2026-02-13 20:09:53.079079,Tokyo-6adb,-2,1,Normal
2026-02-13 20:09:54.079079,Tokyo-6adb,1,78,Normal
2026-02-13 20:09:55.079079,Tokyo-6adb,43,100,Normal
2026-02-13 20:09:56.079079,Tokyo-6adb,-20,63,Normal
2026-02-13 20:09:57.079079,Tokyo-6adb,23,79,Normal
2026-02-13 20:09:58.079079,Tokyo-6adb,-29,18,Normal
2026-02-13 20:09:59.079079,Tokyo-6adb,-22,99,Normal
2026-02-13 20:10:00.079079,Tokyo-6adb,-8,9,Normal
2026-02-13 20:10:01.079079,Tokyo-6adb,29,98,Normal
2026-02-13 20:10:02.079079,Tokyo-6adb,6,3,Normal
2026-02-13 20:10:03.079079,Tokyo-6adb,-9,88,Normal
2026-02-13 20:10:04.079079,Tokyo-6adb,-21,27,Normal
2026-02-13 20:10:05.079079,Tokyo-6adb,-12,41,Normal
2026-02-13 20:10:06.079079,Tokyo-6adb,30,60,Normal
2026-02-13 20:10:07.079079,Tokyo-6adb,-23,13,Normal
2026-02-13 20:10:08.079079,Tokyo-6adb,8,58,Normal
2026-02-13 20:10:09.079079,Tokyo-6adb,16,35,Normal
2026-02-13 20:10:10.079079,Tokyo-6adb,-21,57,Normal
2026-02-13 20:10:11.079079,Tokyo-6adb,-11,47,Normal
2026-02-13 20:10:12.079079,Tokyo-6adb,-24,85,Normal
2026-02-13 20:10:13.079079,Tokyo-6adb,-15,60,Normal
2026-02-13 20:10:14.079079,Tokyo-6adb,-2,70,Normal
2026-02-13 20:10:15.079079,Tokyo-6adb,36,19,Normal
2026-02-13 20:10:16.079079,Tokyo-6adb,-14,19,Normal
2026-02-13 20:10:17.079079,Tokyo-6adb,50,100,Normal
2026-02-13 20:10:18.079079,Tokyo-6adb,41,95,Normal
2026-02-13 20:10:19.079079,Tokyo-6adb,29,18,Normal
2026-02-13 20:10:20.079079,Tokyo-6adb,44,35,Normal
2026-02-13 20:10:21.079079,Tokyo-6adb,9,96,Normal
2026-02-13 20:10:22.079079,Tokyo-6adb,-30,58,Normal
2026-02-13 20:10:23.079079,Tokyo-6adb,-11,39,Normal
2026-02-13 20:10:24.079079,Tokyo-6adb,-14,54,Normal
2026-02-13 20:10:25.079079,Tokyo-6adb,29,14,Normal
2026-02-13 20:10:26.079079,Tokyo-6adb,0,32,Normal
2026-02-13 20:10:27.079079,Tokyo-6adb,-20,53,Normal
2026-02-13 20:10:28.079079,Tokyo-6adb,-13,24,Normal
2026-02-13 20:10:29.079079,Tokyo-6adb,-17,92,Normal
2026-02-13 20:10:30.079079,Tokyo-6adb,12,33,Normal
2026-02-13 20:10:31.079079,Tokyo-6adb,29,6,Normal
2026-02-13 20:10:32.079079,Tokyo-6adb,44,2,Normal
2026-02-13 20:10:33.079079,Tokyo-6adb,-22,49,Normal
2026-02-13 20:10:34.079079,Tokyo-6adb,48,17,Normal
2026-02-13 20:10:35.079079,Tokyo-6adb,20,20,Normal
2026-02-13 20:10:36.079079,Tokyo-6adb,18,20,Normal
2026-02-13 20:10:37.079079,Tokyo-6adb,37,40,Normal
2026-02-13 20:10:38.079079,Tokyo-6adb,44,27,Normal
2026-02-13 20:10:39.079079,Tokyo-6adb,24,70,Normal
2026-02-13 20:10:40.079079,Tokyo-6adb,9,48,Normal
2026-02-13 20:10:41.079079,Tokyo-6adb,40,65,Normal
2026-02-13 20:10:42.079079,Tokyo-6adb,44,32,Normal
2026-02-13 20:10:43.079079,Tokyo-6adb,22,36,Normal
2026-02-13 20:10:44.079079,Tokyo-6adb,43,71,Normal
2026-02-13 20:10:45.079079,Tokyo-6adb,-2,41,Normal
2026-02-13 20:10:46.079079,Tokyo-6adb,30,4,Normal
2026-02-13 20:10:47.079079,Tokyo-6adb,12,96,Normal
2026-02-13 20:10:48.079079,Tokyo-6adb,37,9,Normal
2026-02-13 20:10:49.079079,Tokyo-6adb,28,27,Normal
2026-02-13 20:10:50.079079,Tokyo-6adb,16,0,Normal
2026-02-13 20:10:51.079079,Tokyo-6adb,38,4,Normal
2026-02-13 20:10:52.079079,Tokyo-6adb,10,35,Normal
2026-02-13 20:10:53.079079,Tokyo-6adb,-13,16,Normal
2026-02-13 20:10:54.079079,Tokyo-6adb,-24,62,Normal
2026-02-13 20:10:55.079079,Tokyo-6adb,-7,58,Normal
2026-02-13 20:10:56.079079,Tokyo-6adb,-17,40,Normal
2026-02-13 20:10:57.079079,Tokyo-6adb,21,40,Normal
2026-02-13 20:10:58.079079,Tokyo-6adb,20,19,Normal
2026-02-13 20:10:59.079079,Tokyo-6adb,22,53,Normal
2026-02-13 20:11:00.079079,Tokyo-6adb,25,62,Normal
2026-02-13 20:11:01.079079,Tokyo-6adb,39,74,Normal
2026-02-13 20:11:02.079079,Tokyo-6adb,-20,38,Normal
2026-02-13 20:11:03.079079,Tokyo-6adb,-3,9,Normal
2026-02-13 20:11:04.079079,Tokyo-6adb,3,19,Normal
2026-02-13 20:11:05.079079,Tokyo-6adb,-6,79,Normal
2026-02-13 20:11:06.079079,Tokyo-6adb,36,36,Normal
2026-02-13 20:11:07.079079,Tokyo-6adb,1,64,Normal
2026-02-13 20:11:08.079079,Tokyo-6adb,-10,33,Normal
2026-02-13 20:11:09.079079,Tokyo-6adb,26,13,Normal
2026-02-13 20:11:10.079079,Tokyo-6adb,43,57,Normal
2026-02-13 20:11:11.079079,Tokyo-6adb,3,76,Normal
2026-02-13 20:11:12.079079,Tokyo-6adb,-22,25,Normal
2026-02-13 20:11:13.079079,Tokyo-6adb,21,21,Normal
2026-02-13 20:11:14.079079,Tokyo-6adb,-14,47,Normal
2026-02-13 20:11:15.079079,Tokyo-6adb,-22,32,Normal
2026-02-13 20:11:16.079079,Tokyo-6adb,2,39,Normal
2026-02-13 20:11:17.079079,Tokyo-6adb,-20,65,Normal
2026-02-13 20:11:18.079079,Tokyo-6adb,23,67,Normal
2026-02-13 20:11:19.079079,Tokyo-6adb,-8,11,Normal
2026-02-13 20:11:20.079079,Tokyo-6adb,-7,77,Normal
2026-02-13 20:11:21.079079,Tokyo-6adb,47,25,Normal
2026-02-13 20:11:22.079079,Tokyo-6adb,31,1,Normal
2026-02-13 20:11:23.079079,Tokyo-6adb,12,11,Normal
2026-02-13 20:11:24.079079,Tokyo-6adb,6,1,Normal
2026-02-13 20:11:25.079079,Tokyo-6adb,20,31,Normal
2026-02-13 20:11:26.079079,Tokyo-6adb,-9,61,Normal
2026-02-13 20:11:27.079079,Tokyo-6adb,44,72,Normal
2026-02-13 20:11:28.079079,Tokyo-6adb,-1,44,Normal
2026-02-13 20:11:29.079079,Tokyo-6adb,41,8,Normal
2026-02-13 20:11:30.079079,Tokyo-6adb,18,67,Normal
2026-02-13 20:11:31.079079,Tokyo-6adb,-26,0,Normal
2026-02-13 20:11:32.079079,Tokyo-6adb,-11,85,Normal
2026-02-13 20:11:33.079079,Tokyo-6adb,6,13,Normal
2026-02-13 20:11:34.079079,Tokyo-6adb,-14,45,Normal
2026-02-13 20:11:35.079079,Tokyo-6adb,39,64,Normal
2026-02-13 20:11:36.079079,Tokyo-6adb,-14,74,Normal
2026-02-13 20:11:37.079079,Tokyo-6adb,18,85,Normal
2026-02-13 20:11:38.079079,Tokyo-6adb,-20,31,Normal
2026-02-13 20:11:39.079079,Tokyo-6adb,30,85,Normal
2026-02-13 20:11:40.079079,Tokyo-6adb,34,29,Normal
2026-02-13 20:11:41.079079,Tokyo-6adb,43,44,Normal
2026-02-13 20:11:42.079079,Tokyo-6adb,44,55,Normal
2026-02-13 20:11:43.079079,Tokyo-6adb,-1,35,Normal
2026-02-13 20:11:44.079079,Tokyo-6adb,44,2,Normal
2026-02-13 20:11:45.079079,Tokyo-6adb,50,25,Normal
2026-02-13 20:11:46.079079,Tokyo-6adb,13,29,Normal
2026-02-13 20:11:47.079079,Tokyo-6adb,37,68,Normal
2026-02-13 20:11:48.079079,Tokyo-6adb,3,84,Normal
2026-02-13 20:11:49.079079,Tokyo-6adb,38,43,Normal
2026-02-13 20:11:50.079079,Tokyo-6adb,-26,29,Normal
2026-02-13 20:11:51.079079,Tokyo-6adb,29,20,Normal
2026-02-13 20:11:52.079079,Tokyo-6adb,1,75,Normal
2026-02-13 20:11:53.079079,Tokyo-6adb,2,16,Normal
2026-02-13 20:11:54.079079,Tokyo-6adb,4,18,Normal
2026-02-13 20:11:55.079079,Tokyo-6adb,35,31,Normal
2026-02-13 20:11:56.079079,Tokyo-6adb,-9,15,Normal
2026-02-13 20:11:57.079079,Tokyo-6adb,6,20,Normal
2026-02-13 20:11:58.079079,Tokyo-6adb,20,70,Normal
2026-02-13 20:11:59.079079,Tokyo-6adb,-25,75,Normal
2026-02-13 20:12:00.079079,Tokyo-6adb,-7,6,Normal
2026-02-13 20:12:01.079079,Tokyo-6adb,10,35,Normal
2026-02-13 20:12:02.079079,Tokyo-6adb,48,85,Normal
2026-02-13 20:12:03.079079,Tokyo-6adb,-7,89,Normal
2026-02-13 20:12:04.079079,Tokyo-6adb,24,31,Normal
2026-02-13 20:12:05.079079,Tokyo-6adb,-19,34,Normal
2026-02-13 20:12:06.079079,Tokyo-6adb,43,100,Normal
2026-02-13 20:12:07.079079,Tokyo-6adb,45,26,Normal
2026-02-13 20:12:08.079079,Tokyo-6adb,-16,11,Normal
2026-02-13 20:12:09.079079,Tokyo-6adb,33,19,Normal
2026-02-13 20:12:10.079079,Tokyo-6adb,-13,7,Normal
2026-02-13 20:12:11.079079,Tokyo-6adb,14,68,Normal
2026-02-13 20:12:12.079079,Tokyo-6adb,22,70,Normal
2026-02-13 20:12:13.079079,Tokyo-6adb,13,75,Normal
2026-02-13 20:12:14.079079,Tokyo-6adb,42,67,Normal
2026-02-13 20:12:15.079079,Tokyo-6adb,-21,28,Normal
2026-02-13 20:12:16.079079,Tokyo-6adb,-15,37,Normal
2026-02-13 20:12:17.079079,Tokyo-6adb,-27,49,Normal
2026-02-13 20:12:18.079079,Tokyo-6adb,40,42,Normal
2026-02-13 20:12:19.079079,Tokyo-6adb,49,45,Normal
2026-02-13 20:12:20.079079,Tokyo-6adb,11,88,Normal
2026-02-13 20:12:21.079079,Tokyo-6adb,30,63,Normal
2026-02-13 20:12:22.079079,Tokyo-6adb,-16,27,Normal
2026-02-13 20:12:23.079079,Tokyo-6adb,31,1,Normal
2026-02-13 20:12:24.079079,Tokyo-6adb,47,71,Normal
2026-02-13 20:12:25.079079,Tokyo-6adb,31,31,Normal
2026-02-13 20:12:26.079079,Tokyo-6adb,-27,11,Normal
2026-02-13 20:12:27.079079,Tokyo-6adb,17,19,Normal
2026-02-13 20:12:28.079079,Tokyo-6adb,40,25,Normal
2026-02-13 20:12:29.079079,Tokyo-6adb,20,36,Normal
2026-02-13 20:12:30.079079,Tokyo-6adb,35,64,Normal
2026-02-13 20:12:31.079079,Tokyo-6adb,-28,69,Normal
2026-02-13 20:12:32.079079,Tokyo-6adb,-3,86,Normal
2026-02-13 20:12:33.079079,Tokyo-6adb,28,94,Normal
2026-02-13 20:12:34.079079,Tokyo-6adb,37,90,Normal
2026-02-13 20:12:35.079079,Tokyo-6adb,-13,33,Normal
2026-02-13 20:12:36.079079,Tokyo-6adb,27,50,Normal
2026-02-13 20:12:37.079079,Tokyo-6adb,35,61,Normal
2026-02-13 20:12:38.079079,Tokyo-6adb,13,16,Normal
2026-02-13 20:12:39.079079,Tokyo-6adb,16,27,Normal
2026-02-13 20:12:40.079079,Tokyo-6adb,33,74,Normal
2026-02-13 20:12:41.079079,Tokyo-6adb,-12,77,Normal
2026-02-13 20:12:42.079079,Tokyo-6adb,-29,81,Normal
2026-02-13 20:12:43.079079,Tokyo-6adb,-30,85,Normal
2026-02-13 20:12:44.079079,Tokyo-6adb,18,20,Normal
2026-02-13 20:12:45.079079,Tokyo-6adb,25,51,Normal
2026-02-13 20:12:46.079079,Tokyo-6adb,-26,29,Normal
2026-02-13 20:12:47.079079,Tokyo-6adb,-14,46,Normal
2026-02-13 20:12:48.079079,Tokyo-6adb,19,25,Normal
2026-02-13 20:12:49.079079,Tokyo-6adb,24,57,Normal
2026-02-13 20:12:50.079079,Tokyo-6adb,17,60,Normal
2026-02-13 20:12:51.079079,Tokyo-6adb,-1,61,Normal
2026-02-13 20:12:52.079079,Tokyo-6adb,-28,51,Normal
2026-02-13 20:12:53.079079,Tokyo-6adb,6,19,Normal
2026-02-13 20:12:54.079079,Tokyo-6adb,31,4,Normal
2026-02-13 20:12:55.079079,Tokyo-6adb,12,78,Normal
2026-02-13 20:12:56.079079,Tokyo-6adb,-1,80,Normal
2026-02-13 20:12:57.079079,Tokyo-6adb,36,73,Normal
2026-02-13 20:12:58.079079,Tokyo-6adb,-5,56,Normal
2026-02-13 20:12:59.079079,Tokyo-6adb,-24,43,Normal
2026-02-13 20:13:00.079079,Tokyo-6adb,1,53,Normal
2026-02-13 20:13:01.079079,Tokyo-6adb,15,9,Normal
2026-02-13 20:13:02.079079,Tokyo-6adb,31,80,Normal
2026-02-13 20:13:03.079079,Tokyo-6adb,-25,55,Normal
2026-02-13 20:13:04.079079,Tokyo-6adb,31,73,Normal
2026-02-13 20:13:05.079079,Tokyo-6adb,3,23,Normal
2026-02-13 20:13:06.079079,Tokyo-6adb,14,44,Normal
2026-02-13 20:13:07.079079,Tokyo-6adb,-22,39,Normal
2026-02-13 20:13:08.079079,Tokyo-6adb,43,43,Normal
2026-02-13 20:13:09.079079,Tokyo-6adb,41,19,Normal
2026-02-13 20:13:10.079079,Tokyo-6adb,35,60,Normal
2026-02-13 20:13:11.079079,Tokyo-6adb,-17,87,Normal
2026-02-13 20:13:12.079079,Tokyo-6adb,-7,34,Normal
2026-02-13 20:13:13.079079,Tokyo-6adb,4,27,Normal
2026-02-13 20:13:14.079079,Tokyo-6adb,-9,78,Normal
2026-02-13 20:13:15.079079,Tokyo-6adb,29,53,Normal
2026-02-13 20:13:16.079079,Tokyo-6adb,-13,38,Normal
2026-02-13 20:13:17.079079,Tokyo-6adb,29,38,Normal
2026-02-13 20:13:18.079079,Tokyo-6adb,7,8,Normal
2026-02-13 20:13:19.079079,Tokyo-6adb,-15,10,Normal
2026-02-13 20:13:20.079079,Tokyo-6adb,-23,90,Normal
2026-02-13 20:13:21.079079,Tokyo-6adb,6,78,Normal
2026-02-13 20:13:22.079079,Tokyo-6adb,5,56,Normal
2026-02-13 20:13:23.079079,Tokyo-6adb,30,51,Normal
2026-02-13 20:13:24.079079,Tokyo-6adb,-7,53,Normal
2026-02-13 20:13:25.079079,Tokyo-6adb,-21,90,Normal
2026-02-13 20:13:26.079079,Tokyo-6adb,45,43,Normal
2026-02-13 20:13:27.079079,Tokyo-6adb,7,97,Normal
2026-02-13 20:13:28.079079,Tokyo-6adb,-11,81,Normal
2026-02-13 20:13:29.079079,Tokyo-6adb,33,72,Normal
2026-02-13 20:13:30.079079,Tokyo-6adb,-3,46,Normal
2026-02-13 20:13:31.079079,Tokyo-6adb,17,44,Normal
2026-02-13 20:13:32.079079,Tokyo-6adb,-22,26,Normal
2026-02-13 20:13:33.079079,Tokyo-6adb,27,60,Normal
2026-02-13 20:13:34.079079,Tokyo-6adb,-5,87,Normal
2026-02-13 20:13:35.079079,Tokyo-6adb,-11,53,Normal
2026-02-13 20:13:36.079079,Tokyo-6adb,21,82,Normal
2026-02-13 20:13:37.079079,Tokyo-6adb,30,49,Normal
2026-02-13 20:13:38.079079,Tokyo-6adb,46,56,Normal
2026-02-13 20:13:39.079079,Tokyo-6adb,35,52,Normal
2026-02-13 20:13:40.079079,Tokyo-6adb,-26,34,Normal
2026-02-13 20:13:41.079079,Tokyo-6adb,-22,79,Normal
2026-02-13 20:13:42.079079,Tokyo-6adb,20,34,Normal
2026-02-13 20:13:43.079079,Tokyo-6adb,1,64,Normal
2026-02-13 20:13:44.079079,Tokyo-6adb,34,82,Normal
2026-02-13 20:13:45.079079,Tokyo-6adb,45,98,Normal
2026-02-13 20:13:46.079079,Tokyo-6adb,12,24,Normal
2026-02-13 20:13:47.079079,Tokyo-6adb,-24,100,Normal
2026-02-13 20:13:48.079079,Tokyo-6adb,-12,28,Normal
2026-02-13 20:13:49.079079,Tokyo-6adb,-14,55,Normal
2026-02-13 20:13:50.079079,Tokyo-6adb,-19,49,Normal
2026-02-13 20:13:51.079079,Tokyo-6adb,-15,57,Normal
2026-02-13 20:13:52.079079,Tokyo-6adb,-12,45,Normal
2026-02-13 20:13:53.079079,Tokyo-6adb,-22,56,Normal
2026-02-13 20:13:54.079079,Tokyo-6adb,-2,2,Normal
2026-02-13 20:13:55.079079,Tokyo-6adb,30,88,Normal
2026-02-13 20:13:56.079079,Tokyo-6adb,-1,45,Normal
2026-02-13 20:13:57.079079,Tokyo-6adb,31,5,Normal
2026-02-13 20:13:58.079079,Tokyo-6adb,32,98,Normal
2026-02-13 20:13:59.079079,Tokyo-6adb,25,70,Normal
2026-02-13 20:14:00.079079,Tokyo-6adb,31,21,Normal
2026-02-13 20:14:01.079079,Tokyo-6adb,18,0,Normal
2026-02-13 20:14:02.079079,Tokyo-6adb,14,67,Normal
2026-02-13 20:14:03.079079,Tokyo-6adb,-9,80,Normal
2026-02-13 20:14:04.079079,Tokyo-6adb,40,29,Normal
2026-02-13 20:14:05.079079,Tokyo-6adb,-8,80,Normal
2026-02-13 20:14:06.079079,Tokyo-6adb,21,62,Normal
2026-02-13 20:14:07.079079,Tokyo-6adb,0,39,Normal
2026-02-13 20:14:08.079079,Tokyo-6adb,-4,81,Normal
2026-02-13 20:14:09.079079,Tokyo-6adb,50,74,Normal
2026-02-13 20:14:10.079079,Tokyo-6adb,7,61,Normal
2026-02-13 20:14:11.079079,Tokyo-6adb,-20,2,Normal
2026-02-13 20:14:12.079079,Tokyo-6adb,50,34,Normal
2026-02-13 20:14:13.079079,Tokyo-6adb,-1,93,Normal
2026-02-13 20:14:14.079079,Tokyo-6adb,12,0,Normal
2026-02-13 20:14:15.079079,Tokyo-6adb,-2,78,Normal
2026-02-13 20:14:16.079079,Tokyo-6adb,20,13,Normal
2026-02-13 20:14:17.079079,Tokyo-6adb,-20,15,Normal
2026-02-13 20:14:18.079079,Tokyo-6adb,5,78,Normal
2026-02-13 20:14:19.079079,Tokyo-6adb,-1,96,Normal
2026-02-13 20:14:20.079079,Tokyo-6adb,11,70,Normal
2026-02-13 20:14:21.079079,Tokyo-6adb,27,35,Normal
2026-02-13 20:14:22.079079,Tokyo-6adb,-14,18,Normal
2026-02-13 20:14:23.079079,Tokyo-6adb,13,83,Normal
2026-02-13 20:14:24.079079,Tokyo-6adb,-22,51,Normal
2026-02-13 20:14:25.079079,Tokyo-6adb,35,23,Normal
2026-02-13 20:14:26.079079,Tokyo-6adb,20,39,Normal
2026-02-13 20:14:27.079079,Tokyo-6adb,-8,54,Normal
2026-02-13 20:14:28.079079,Tokyo-6adb,21,99,Normal
2026-02-13 20:14:29.079079,Tokyo-6adb,-5,87,Normal
2026-02-13 20:14:30.079079,Tokyo-6adb,9,8,Normal
2026-02-13 20:14:31.079079,Tokyo-6adb,14,29,Normal
2026-02-13 20:14:32.079079,Tokyo-6adb,26,25,Normal
2026-02-13 20:14:33.079079,Tokyo-6adb,47,71,Normal
2026-02-13 20:14:34.079079,Tokyo-6adb,-1,49,Normal
2026-02-13 20:14:35.079079,Tokyo-6adb,36,28,Normal
2026-02-13 20:14:36.079079,Tokyo-6adb,-15,10,Normal
2026-02-13 20:14:37.079079,Tokyo-6adb,-2,70,Normal
2026-02-13 20:14:38.079079,Tokyo-6adb,45,79,Normal
2026-02-13 20:14:39.079079,Tokyo-6adb,-26,77,Normal
2026-02-13 20:14:40.079079,Tokyo-6adb,27,5,Normal
2026-02-13 20:14:41.079079,Tokyo-6adb,34,17,Normal
2026-02-13 20:14:42.079079,Tokyo-6adb,6,77,Normal
2026-02-13 20:14:43.079079,Tokyo-6adb,-6,43,Normal
2026-02-13 20:14:44.079079,Tokyo-6adb,6,36,Normal
2026-02-13 20:14:45.079079,Tokyo-6adb,25,64,Normal
2026-02-13 20:14:46.079079,Tokyo-6adb,28,91,Normal
2026-02-13 20:14:47.079079,Tokyo-6adb,-21,0,Normal
2026-02-13 20:14:48.079079,Tokyo-6adb,14,5,Normal
2026-02-13 20:14:49.079079,Tokyo-6adb,10,81,Normal
2026-02-13 20:14:50.079079,Tokyo-6adb,34,68,Normal
2026-02-13 20:14:51.079079,Tokyo-6adb,-18,16,Normal
2026-02-13 20:14:52.079079,Tokyo-6adb,-10,9,Normal
2026-02-13 20:14:53.079079,Tokyo-6adb,-15,49,Normal
2026-02-13 20:14:54.079079,Tokyo-6adb,-20,93,Normal
2026-02-13 20:14:55.079079,Tokyo-6adb,14,37,Normal
2026-02-13 20:14:56.079079,Tokyo-6adb,-25,6,Normal
2026-02-13 20:14:57.079079,Tokyo-6adb,-11,94,Normal
2026-02-13 20:14:58.079079,Tokyo-6adb,26,70,Normal
2026-02-13 20:14:59.079079,Tokyo-6adb,15,66,Normal
2026-02-13 20:15:00.079079,Tokyo-6adb,33,80,Normal
2026-02-13 20:15:01.079079,Tokyo-6adb,-18,70,Normal
2026-02-13 20:15:02.079079,Tokyo-6adb,48,17,Normal
2026-02-13 20:15:03.079079,Tokyo-6adb,24,8,Normal
2026-02-13 20:15:04.079079,Tokyo-6adb,2,69,Normal
2026-02-13 20:15:05.079079,Tokyo-6adb,9,24,Normal
2026-02-13 20:15:06.079079,Tokyo-6adb,-2,90,Normal
2026-02-13 20:15:07.079079,Tokyo-6adb,48,5,Normal
2026-02-13 20:15:08.079079,Tokyo-6adb,42,53,Normal
2026-02-13 20:15:09.079079,Tokyo-6adb,48,23,Normal
2026-02-13 20:15:10.079079,Tokyo-6adb,45,67,Normal
2026-02-13 20:15:11.079079,Tokyo-6adb,-14,59,Normal
2026-02-13 20:15:12.079079,Tokyo-6adb,16,64,Normal
2026-02-13 20:15:13.079079,Tokyo-6adb,11,0,Normal
2026-02-13 20:15:14.079079,Tokyo-6adb,-25,13,Normal
2026-02-13 20:15:15.079079,Tokyo-6adb,5,17,Normal
2026-02-13 20:15:16.079079,Tokyo-6adb,-6,64,Normal
2026-02-13 20:15:17.079079,Tokyo-6adb,40,66,Normal
2026-02-13 20:15:18.079079,Tokyo-6adb,-30,8,Normal
2026-02-13 20:15:19.079079,Tokyo-6adb,20,52,Normal
2026-02-13 20:15:20.079079,Tokyo-6adb,44,35,Normal
2026-02-13 20:15:21.079079,Tokyo-6adb,17,33,Normal
2026-02-13 20:15:22.079079,Tokyo-6adb,36,94,Normal
2026-02-13 20:15:23.079079,Tokyo-6adb,23,57,Normal
2026-02-13 20:15:24.079079,Tokyo-6adb,4,28,Normal
2026-02-13 20:15:25.079079,Tokyo-6adb,33,94,Normal
2026-02-13 20:15:26.079079,Tokyo-6adb,38,81,Normal
2026-02-13 20:15:27.079079,Tokyo-6adb,19,81,Normal
2026-02-13 20:15:28.079079,Tokyo-6adb,15,42,Normal
2026-02-13 20:15:29.079079,Tokyo-6adb,-8,2,Normal
2026-02-13 20:15:30.079079,Tokyo-6adb,-25,83,Normal
2026-02-13 20:15:31.079079,Tokyo-6adb,9,53,Normal
2026-02-13 20:15:32.079079,Tokyo-6adb,0,5,Normal
2026-02-13 20:15:33.079079,Tokyo-6adb,-2,72,Normal
2026-02-13 20:15:34.079079,Tokyo-6adb,16,4,Normal
2026-02-13 20:15:35.079079,Tokyo-6adb,33,47,Normal
2026-02-13 20:15:36.079079,Tokyo-6adb,7,61,Normal
2026-02-13 20:15:37.079079,Tokyo-6adb,22,45,Normal
2026-02-13 20:15:38.079079,Tokyo-6adb,-3,66,Normal
2026-02-13 20:15:39.079079,Tokyo-6adb,0,67,Normal
2026-02-13 20:15:40.079079,Tokyo-6adb,-21,49,Normal
2026-02-13 20:15:41.079079,Tokyo-6adb,-27,31,Normal
2026-02-13 20:15:42.079079,Tokyo-6adb,23,21,Normal
2026-02-13 20:15:43.079079,Tokyo-6adb,4,78,Normal
2026-02-13 20:15:44.079079,Tokyo-6adb,3,99,Normal
2026-02-13 20:15:45.079079,Tokyo-6adb,-3,42,Normal
2026-02-13 20:15:46.079079,Tokyo-6adb,42,92,Normal
2026-02-13 20:15:47.079079,Tokyo-6adb,15,22,Normal
2026-02-13 20:15:48.079079,Tokyo-6adb,21,43,Normal
2026-02-13 20:15:49.079079,Tokyo-6adb,49,94,Normal
2026-02-13 20:15:50.079079,Tokyo-6adb,-1,88,Normal
2026-02-13 20:15:51.079079,Tokyo-6adb,-10,77,Normal
2026-02-13 20:15:52.079079,Tokyo-6adb,-8,17,Normal
2026-02-13 20:15:53.079079,Tokyo-6adb,44,52,Normal
2026-02-13 20:15:54.079079,Tokyo-6adb,16,45,Normal
2026-02-13 20:15:55.079079,Tokyo-6adb,15,61,Normal
2026-02-13 20:15:56.079079,Tokyo-6adb,-8,78,Normal
2026-02-13 20:15:57.079079,Tokyo-6adb,45,13,Normal
2026-02-13 20:15:58.079079,Tokyo-6adb,26,50,Normal
2026-02-13 20:15:59.079079,Tokyo-6adb,4,23,Normal
2026-02-13 20:16:00.079079,Tokyo-6adb,14,34,Normal
2026-02-13 20:16:01.079079,Tokyo-6adb,3,10,Normal
2026-02-13 20:16:02.079079,Tokyo-6adb,41,7,Normal
2026-02-13 20:16:03.079079,Tokyo-6adb,14,11,Normal
2026-02-13 20:16:04.079079,Tokyo-6adb,48,43,Normal
2026-02-13 20:16:05.079079,Tokyo-6adb,-21,61,Normal
2026-02-13 20:16:06.079079,Tokyo-6adb,43,55,Normal
2026-02-13 20:16:07.079079,Tokyo-6adb,-25,86,Normal
2026-02-13 20:16:08.079079,Tokyo-6adb,44,81,Normal
2026-02-13 20:16:09.079079,Tokyo-6adb,-22,5,Normal
2026-02-13 20:16:10.079079,Tokyo-6adb,-2,5,Normal
2026-02-13 20:16:11.079079,Tokyo-6adb,-21,2,Normal
2026-02-13 20:16:12.079079,Tokyo-6adb,-17,23,Normal
2026-02-13 20:16:13.079079,Tokyo-6adb,-11,36,Normal
2026-02-13 20:16:14.079079,Tokyo-6adb,7,31,Normal
2026-02-13 20:16:15.079079,Tokyo-6adb,-3,69,Normal
2026-02-13 20:16:16.079079,Tokyo-6adb,-20,57,Normal
2026-02-13 20:16:17.079079,Tokyo-6adb,11,7,Normal
2026-02-13 20:16:18.079079,Tokyo-6adb,34,33,Normal
2026-02-13 20:16:19.079079,Tokyo-6adb,19,36,Normal
2026-02-13 20:16:20.079079,Tokyo-6adb,13,81,Normal
2026-02-13 20:16:21.079079,Tokyo-6adb,39,83,Normal
2026-02-13 20:16:22.079079,Tokyo-6adb,44,62,Normal
2026-02-13 20:16:23.079079,Tokyo-6adb,26,58,Normal
2026-02-13 20:16:24.079079,Tokyo-6adb,11,13,Normal
2026-02-13 20:16:25.079079,Tokyo-6adb,32,22,Normal
2026-02-13 20:16:26.079079,Tokyo-6adb,-17,64,Normal
2026-02-13 20:16:27.079079,Tokyo-6adb,33,48,Normal
2026-02-13 20:16:28.079079,Tokyo-6adb,-14,58,Normal
2026-02-13 20:16:29.079079,Tokyo-6adb,14,50,Normal
2026-02-13 20:16:30.079079,Tokyo-6adb,13,49,Normal
2026-02-13 20:16:31.079079,Tokyo-6adb,38,10,Normal
2026-02-13 20:16:32.079079,Tokyo-6adb,7,13,Normal
2026-02-13 20:16:33.079079,Tokyo-6adb,35,41,Normal
2026-02-13 20:16:34.079079,Tokyo-6adb,-22,36,Normal
2026-02-13 20:16:35.079079,Tokyo-6adb,7,78,Normal
2026-02-13 20:16:36.079079,Tokyo-6adb,-20,96,Normal
2026-02-13 20:16:37.079079,Tokyo-6adb,-6,20,Normal
2026-02-13 20:16:38.079079,Tokyo-6adb,-23,17,Normal
2026-02-13 20:16:39.079079,Tokyo-6adb,-10,42,Normal
2026-02-13 20:16:40.079079,Tokyo-6adb,-11,65,Normal
2026-02-13 20:16:41.079079,Tokyo-6adb,-4,52,Normal
2026-02-13 20:16:42.079079,Tokyo-6adb,-6,93,Normal
2026-02-13 20:16:43.079079,Tokyo-6adb,25,2,Normal
2026-02-13 20:16:44.079079,Tokyo-6adb,31,44,Normal
2026-02-13 20:16:45.079079,Tokyo-6adb,-1,78,Normal
2026-02-13 20:16:46.079079,Tokyo-6adb,-8,43,Normal
2026-02-13 20:16:47.079079,Tokyo-6adb,28,25,Normal
2026-02-13 20:16:48.079079,Tokyo-6adb,42,75,Normal
2026-02-13 20:16:49.079079,Tokyo-6adb,38,75,Normal
2026-02-13 20:16:50.079079,Tokyo-6adb,40,54,Normal
2026-02-13 20:16:51.079079,Tokyo-6adb,-25,72,Normal
2026-02-13 20:16:52.079079,Tokyo-6adb,-14,50,Normal
2026-02-13 20:16:53.079079,Tokyo-6adb,13,9,Normal
2026-02-13 20:16:54.079079,Tokyo-6adb,38,28,Normal
2026-02-13 20:16:55.079079,Tokyo-6adb,48,22,Normal
2026-02-13 20:16:56.079079,Tokyo-6adb,-23,100,Normal
2026-02-13 20:16:57.079079,Tokyo-6adb,-22,2,Normal
2026-02-13 20:16:58.079079,Tokyo-6adb,24,8,Normal
2026-02-13 20:16:59.079079,Tokyo-6adb,-4,32,Normal
2026-02-13 20:17:00.079079,Tokyo-6adb,40,85,Normal
2026-02-13 20:17:01.079079,Tokyo-6adb,-4,27,Normal
2026-02-13 20:17:02.079079,Tokyo-6adb,47,88,Normal
2026-02-13 20:17:03.079079,Tokyo-6adb,-21,17,Normal
2026-02-13 20:17:04.079079,Tokyo-6adb,37,52,Normal
2026-02-13 20:17:05.079079,Tokyo-6adb,-11,99,Normal
2026-02-13 20:17:06.079079,Tokyo-6adb,-5,73,Normal
2026-02-13 20:17:07.079079,Tokyo-6adb,0,42,Normal
2026-02-13 20:17:08.079079,Tokyo-6adb,26,78,Normal
2026-02-13 20:17:09.079079,Tokyo-6adb,-4,63,Normal
2026-02-13 20:17:10.079079,Tokyo-6adb,25,32,Normal
2026-02-13 20:17:11.079079,Tokyo-6adb,39,5,Normal
2026-02-13 20:17:12.079079,Tokyo-6adb,-17,62,Normal
2026-02-13 20:17:13.079079,Tokyo-6adb,44,38,Normal
2026-02-13 20:17:14.079079,Tokyo-6adb,-11,88,Normal
2026-02-13 20:17:15.079079,Tokyo-6adb,0,31,Normal
2026-02-13 20:17:16.079079,Tokyo-6adb,-13,95,Normal
2026-02-13 20:17:17.079079,Tokyo-6adb,23,68,Normal
2026-02-13 20:17:18.079079,Tokyo-6adb,49,67,Normal
2026-02-13 20:17:19.079079,Tokyo-6adb,-27,70,Normal
2026-02-13 20:17:20.079079,Tokyo-6adb,-27,64,Normal
2026-02-13 20:17:21.079079,Tokyo-6adb,28,65,Normal
2026-02-13 20:17:22.079079,Tokyo-6adb,-28,23,Normal
2026-02-13 20:17:23.079079,Tokyo-6adb,28,47,Normal
2026-02-13 20:17:24.079079,Tokyo-6adb,-23,48,Normal
2026-02-13 20:17:25.079079,Tokyo-6adb,24,89,Normal
2026-02-13 20:17:26.079079,Tokyo-6adb,-14,95,Normal
2026-02-13 20:17:27.079079,Tokyo-6adb,24,6,Normal
2026-02-13 20:17:28.079079,Tokyo-6adb,-25,79,Normal
2026-02-13 20:17:29.079079,Tokyo-6adb,-4,73,Normal
2026-02-13 20:17:30.079079,Tokyo-6adb,-4,50,Normal
2026-02-13 20:17:31.079079,Tokyo-6adb,-7,65,Normal
2026-02-13 20:17:32.079079,Tokyo-6adb,8,17,Normal
2026-02-13 20:17:33.079079,Tokyo-6adb,31,18,Normal
2026-02-13 20:17:34.079079,Tokyo-6adb,9,95,Normal
2026-02-13 20:17:35.079079,Tokyo-6adb,16,83,Normal
2026-02-13 20:17:36.079079,Tokyo-6adb,18,91,Normal
2026-02-13 20:17:37.079079,Tokyo-6adb,48,95,Normal
2026-02-13 20:17:38.079079,Tokyo-6adb,3,46,Normal
2026-02-13 20:17:39.079079,Tokyo-6adb,28,9,Normal
2026-02-13 20:17:40.079079,Tokyo-6adb,-1,41,Normal
2026-02-13 20:17:41.079079,Tokyo-6adb,-16,53,Normal
2026-02-13 20:17:42.079079,Tokyo-6adb,1,76,Normal
2026-02-13 20:17:43.079079,Tokyo-6adb,-20,41,Normal
2026-02-13 20:17:44.079079,Tokyo-6adb,-24,78,Normal
2026-02-13 20:17:45.079079,Tokyo-6adb,4,55,Normal
2026-02-13 20:17:46.079079,Tokyo-6adb,33,20,Normal
2026-02-13 20:17:47.079079,Tokyo-6adb,0,31,Normal
2026-02-13 20:17:48.079079,Tokyo-6adb,48,84,Normal
2026-02-13 20:17:49.079079,Tokyo-6adb,-27,46,Normal
2026-02-13 20:17:50.079079,Tokyo-6adb,9,45,Normal
2026-02-13 20:17:51.079079,Tokyo-6adb,50,35,Normal
2026-02-13 20:17:52.079079,Tokyo-6adb,47,97,Normal
2026-02-13 20:17:53.079079,Tokyo-6adb,18,13,Normal
2026-02-13 20:17:54.079079,Tokyo-6adb,40,39,Normal
2026-02-13 20:17:55.079079,Tokyo-6adb,23,9,Normal
2026-02-13 20:17:56.079079,Tokyo-6adb,32,21,Normal
2026-02-13 20:17:57.079079,Tokyo-6adb,37,90,Normal
2026-02-13 20:17:58.079079,Tokyo-6adb,14,8,Normal
2026-02-13 20:17:59.079079,Tokyo-6adb,15,59,Normal
2026-02-13 20:18:00.079079,Tokyo-6adb,-15,55,Normal
2026-02-13 20:18:01.079079,Tokyo-6adb,18,63,Normal
2026-02-13 20:18:02.079079,Tokyo-6adb,49,30,Normal
2026-02-13 20:18:03.079079,Tokyo-6adb,12,39,Normal
2026-02-13 20:18:04.079079,Tokyo-6adb,-10,1,Normal
2026-02-13 20:18:05.079079,Tokyo-6adb,25,76,Normal
2026-02-13 20:18:06.079079,Tokyo-6adb,-8,100,Normal
2026-02-13 20:18:07.079079,Tokyo-6adb,24,29,Normal
2026-02-13 20:18:08.079079,Tokyo-6adb,47,59,Normal
2026-02-13 20:18:09.079079,Tokyo-6adb,37,15,Normal
2026-02-13 20:18:10.079079,Tokyo-6adb,24,36,Normal
2026-02-13 20:18:11.079079,Tokyo-6adb,5,82,Normal
2026-02-13 20:18:12.079079,Tokyo-6adb,31,52,Normal
2026-02-13 20:18:13.079079,Tokyo-6adb,-25,36,Normal
2026-02-13 20:18:14.079079,Tokyo-6adb,-9,72,Normal
2026-02-13 20:18:15.079079,Tokyo-6adb,30,20,Normal
2026-02-13 20:18:16.079079,Tokyo-6adb,4,12,Normal
2026-02-13 20:18:17.079079,Tokyo-6adb,-14,88,Normal
2026-02-13 20:18:18.079079,Tokyo-6adb,50,15,Normal
2026-02-13 20:18:19.079079,Tokyo-6adb,1,70,Normal
2026-02-13 20:18:20.079079,Tokyo-6adb,-25,20,Normal
2026-02-13 20:18:21.079079,Tokyo-6adb,45,55,Normal
2026-02-13 20:18:22.079079,Tokyo-6adb,-15,76,Normal
2026-02-13 20:18:23.079079,Tokyo-6adb,-11,48,Normal
2026-02-13 20:18:24.079079,Tokyo-6adb,-14,4,Normal
2026-02-13 20:18:25.079079,Tokyo-6adb,-22,56,Normal
2026-02-13 20:18:26.079079,Tokyo-6adb,32,34,Normal
2026-02-13 20:18:27.079079,Tokyo-6adb,16,3,Normal
2026-02-13 20:18:28.079079,Tokyo-6adb,24,69,Normal
2026-02-13 20:18:29.079079,Tokyo-6adb,30,92,Normal
2026-02-13 20:18:30.079079,Tokyo-6adb,-4,50,Normal
2026-02-13 20:18:31.079079,Tokyo-6adb,47,39,Normal
2026-02-13 20:18:32.079079,Tokyo-6adb,31,74,Normal
2026-02-13 20:18:33.079079,Tokyo-6adb,25,75,Normal
2026-02-13 20:18:34.079079,Tokyo-6adb,-14,74,Normal
2026-02-13 20:18:35.079079,Tokyo-6adb,45,54,Normal
2026-02-13 20:18:36.079079,Tokyo-6adb,34,36,Normal
2026-02-13 20:18:37.079079,Tokyo-6adb,42,39,Normal
2026-02-13 20:18:38.079079,Tokyo-6adb,48,55,Normal
2026-02-13 20:18:39.079079,Tokyo-6adb,-23,100,Normal
2026-02-13 20:18:40.079079,Tokyo-6adb,-15,43,Normal
2026-02-13 20:18:41.079079,Tokyo-6adb,0,40,Normal
2026-02-13 20:18:42.079079,Tokyo-6adb,17,41,Normal
2026-02-13 20:18:43.079079,Tokyo-6adb,44,52,Normal
2026-02-13 20:18:44.079079,Tokyo-6adb,-12,100,Normal
2026-02-13 20:18:45.079079,Tokyo-6adb,-30,64,Normal
2026-02-13 20:18:46.079079,Tokyo-6adb,6,78,Normal
2026-02-13 20:18:47.079079,Tokyo-6adb,42,73,Normal
2026-02-13 20:18:48.079079,Tokyo-6adb,27,63,Normal
2026-02-13 20:18:49.079079,Tokyo-6adb,45,11,Normal
2026-02-13 20:18:50.079079,Tokyo-6adb,47,53,Normal
2026-02-13 20:18:51.079079,Tokyo-6adb,23,11,Normal
2026-02-13 20:18:52.079079,Tokyo-6adb,17,74,Normal
2026-02-13 20:18:53.079079,Tokyo-6adb,-2,81,Normal
2026-02-13 20:18:54.079079,Tokyo-6adb,-12,76,Normal
2026-02-13 20:18:55.079079,Tokyo-6adb,-15,13,Normal
2026-02-13 20:18:56.079079,Tokyo-6adb,36,93,Normal
2026-02-13 20:18:57.079079,Tokyo-6adb,-16,84,Normal
2026-02-13 20:18:58.079079,Tokyo-6adb,6,45,Normal
2026-02-13 20:18:59.079079,Tokyo-6adb,-15,44,Normal
2026-02-13 20:19:00.079079,Tokyo-6adb,31,29,Normal
2026-02-13 20:19:01.079079,Tokyo-6adb,45,72,Normal
2026-02-13 20:19:02.079079,Tokyo-6adb,21,77,Normal
2026-02-13 20:19:03.079079,Tokyo-6adb,34,1,Normal
2026-02-13 20:19:04.079079,Tokyo-6adb,9,84,Normal
2026-02-13 20:19:05.079079,Tokyo-6adb,-29,52,Normal
2026-02-13 20:19:06.079079,Tokyo-6adb,-6,14,Normal
2026-02-13 20:19:07.079079,Tokyo-6adb,2,41,Normal
2026-02-13 20:19:08.079079,Tokyo-6adb,39,73,Normal
2026-02-13 20:19:09.079079,Tokyo-6adb,-12,20,Normal
2026-02-13 20:19:10.079079,Tokyo-6adb,-19,63,Normal
2026-02-13 20:19:11.079079,Tokyo-6adb,-10,90,Normal
2026-02-13 20:19:12.079079,Tokyo-6adb,-26,98,Normal
2026-02-13 20:19:13.079079,Tokyo-6adb,34,43,Normal
2026-02-13 20:19:14.079079,Tokyo-6adb,22,68,Normal
2026-02-13 20:19:15.079079,Tokyo-6adb,7,66,Normal
2026-02-13 20:19:16.079079,Tokyo-6adb,13,88,Normal
2026-02-13 20:19:17.079079,Tokyo-6adb,-26,42,Normal
2026-02-13 20:19:18.079079,Tokyo-6adb,-5,53,Normal
2026-02-13 20:19:19.079079,Tokyo-6adb,-26,49,Normal
2026-02-13 20:19:20.079079,Tokyo-6adb,40,47,Normal
2026-02-13 20:19:21.079079,Tokyo-6adb,-19,11,Normal
2026-02-13 20:19:22.079079,Tokyo-6adb,-24,78,Normal
2026-02-13 20:19:23.079079,Tokyo-6adb,-6,45,Normal
2026-02-13 20:19:24.079079,Tokyo-6adb,-10,27,Normal
2026-02-13 20:19:25.079079,Tokyo-6adb,8,82,Normal
2026-02-13 20:19:26.079079,Tokyo-6adb,29,21,Normal
2026-02-13 20:19:27.079079,Tokyo-6adb,4,63,Normal
2026-02-13 20:19:28.079079,Tokyo-6adb,-14,66,Normal
2026-02-13 20:19:29.079079,Tokyo-6adb,20,75,Normal
2026-02-13 20:19:30.079079,Tokyo-6adb,37,74,Normal
2026-02-13 20:19:31.079079,Tokyo-6adb,-16,50,Normal
2026-02-13 20:19:32.079079,Tokyo-6adb,-25,19,Normal
2026-02-13 20:19:33.079079,Tokyo-6adb,42,91,Normal
2026-02-13 20:19:34.079079,Tokyo-6adb,3,94,Normal
2026-02-13 20:19:35.079079,Tokyo-6adb,-13,47,Normal
2026-02-13 20:19:36.079079,Tokyo-6adb,50,61,Normal
2026-02-13 20:19:37.079079,Tokyo-6adb,0,7,Normal
2026-02-13 20:19:38.079079,Tokyo-6adb,-18,24,Normal
2026-02-13 20:19:39.079079,Tokyo-6adb,40,20,Normal
2026-02-13 20:19:40.079079,Tokyo-6adb,-23,30,Normal
2026-02-13 20:19:41.079079,Tokyo-6adb,7,65,Normal
2026-02-13 20:19:42.079079,Tokyo-6adb,38,8,Normal
2026-02-13 20:19:43.079079,Tokyo-6adb,13,39,Normal
2026-02-13 20:19:44.079079,Tokyo-6adb,30,45,Normal
2026-02-13 20:19:45.079079,Tokyo-6adb,-30,10,Normal
2026-02-13 20:19:46.079079,Tokyo-6adb,5,34,Normal
2026-02-13 20:19:47.079079,Tokyo-6adb,-29,55,Normal
2026-02-13 20:19:48.079079,Tokyo-6adb,-3,84,Normal
2026-02-13 20:19:49.079079,Tokyo-6adb,2,62,Normal
2026-02-13 20:19:50.079079,Tokyo-6adb,-26,13,Normal
2026-02-13 20:19:51.079079,Tokyo-6adb,-7,39,Normal
2026-02-13 20:19:52.079079,Tokyo-6adb,29,58,Normal
2026-02-13 20:19:53.079079,Tokyo-6adb,50,3,Normal
2026-02-13 20:19:54.079079,Tokyo-6adb,3,40,Normal
2026-02-13 20:19:55.079079,Tokyo-6adb,39,59,Normal
2026-02-13 20:19:56.079079,Tokyo-6adb,7,7,Normal
2026-02-13 20:19:57.079079,Tokyo-6adb,40,88,Normal
2026-02-13 20:19:58.079079,Tokyo-6adb,-3,0,Normal
2026-02-13 20:19:59.079079,Tokyo-6adb,-19,94,Normal
2026-02-13 20:20:00.079079,Tokyo-6adb,-7,28,Normal
2026-02-13 20:20:01.079079,Tokyo-6adb,-11,3,Normal
2026-02-13 20:20:02.079079,Tokyo-6adb,4,12,Normal
2026-02-13 20:20:03.079079,Tokyo-6adb,10,37,Normal
2026-02-13 20:20:04.079079,Tokyo-6adb,23,66,Normal
2026-02-13 20:20:05.079079,Tokyo-6adb,3,69,Normal
2026-02-13 20:20:06.079079,Tokyo-6adb,21,70,Normal
2026-02-13 20:20:07.079079,Tokyo-6adb,-5,25,Normal
2026-02-13 20:20:08.079079,Tokyo-6adb,-5,51,Normal
2026-02-13 20:20:09.079079,Tokyo-6adb,-2,52,Normal
2026-02-13 20:20:10.079079,Tokyo-6adb,-30,65,Normal
2026-02-13 20:20:11.079079,Tokyo-6adb,-20,45,Normal
2026-02-13 20:20:12.079079,Tokyo-6adb,22,21,Normal
2026-02-13 20:20:13.079079,Tokyo-6adb,13,38,Normal
2026-02-13 20:20:14.079079,Tokyo-6adb,-17,57,Normal
2026-02-13 20:20:15.079079,Tokyo-6adb,-21,56,Normal
2026-02-13 20:20:16.079079,Tokyo-6adb,3,17,Normal
2026-02-13 20:20:17.079079,Tokyo-6adb,-22,75,Normal
2026-02-13 20:20:18.079079,Tokyo-6adb,31,67,Normal
2026-02-13 20:20:19.079079,Tokyo-6adb,-8,21,Normal
2026-02-13 20:20:20.079079,Tokyo-6adb,-10,73,Normal
2026-02-13 20:20:21.079079,Tokyo-6adb,28,2,Normal
2026-02-13 20:20:22.079079,Tokyo-6adb,6,19,Normal
2026-02-13 20:20:23.079079,Tokyo-6adb,25,65,Normal
2026-02-13 20:20:24.079079,Tokyo-6adb,-9,94,Normal
2026-02-13 20:20:25.079079,Tokyo-6adb,-3,22,Normal
2026-02-13 20:20:26.079079,Tokyo-6adb,-3,2,Normal
2026-02-13 20:20:27.079079,Tokyo-6adb,40,65,Normal
2026-02-13 20:20:28.079079,Tokyo-6adb,45,59,Normal
2026-02-13 20:20:29.079079,Tokyo-6adb,24,8,Normal
2026-02-13 20:20:30.079079,Tokyo-6adb,32,20,Normal
2026-02-13 20:20:31.079079,Tokyo-6adb,-29,23,Normal
2026-02-13 20:20:32.079079,Tokyo-6adb,9,84,Normal
2026-02-13 20:20:33.079079,Tokyo-6adb,-12,4,Normal
2026-02-13 20:20:34.079079,Tokyo-6adb,-25,15,Normal
2026-02-13 20:20:35.079079,Tokyo-6adb,43,12,Normal
2026-02-13 20:20:36.079079,Tokyo-6adb,40,57,Normal
2026-02-13 20:20:37.079079,Tokyo-6adb,-20,2,Normal
2026-02-13 20:20:38.079079,Tokyo-6adb,42,78,Normal
2026-02-13 20:20:39.079079,Tokyo-6adb,37,66,Normal
2026-02-13 20:20:40.079079,Tokyo-6adb,41,63,Normal
2026-02-13 20:20:41.079079,Tokyo-6adb,5,27,Normal
2026-02-13 20:20:42.079079,Tokyo-6adb,7,62,Normal
2026-02-13 20:20:43.079079,Tokyo-6adb,25,17,Normal
2026-02-13 20:20:44.079079,Tokyo-6adb,-7,94,Normal
2026-02-13 20:20:45.079079,Tokyo-6adb,12,33,Normal
2026-02-13 20:20:46.079079,Tokyo-6adb,-9,16,Normal
2026-02-13 20:20:47.079079,Tokyo-6adb,-1,95,Normal
2026-02-13 20:20:48.079079,Tokyo-6adb,13,48,Normal
2026-02-13 20:20:49.079079,Tokyo-6adb,47,53,Normal
2026-02-13 20:20:50.079079,Tokyo-6adb,-23,56,Normal
2026-02-13 20:20:51.079079,Tokyo-6adb,-3,86,Normal
2026-02-13 20:20:52.079079,Tokyo-6adb,17,98,Normal
2026-02-13 20:20:53.079079,Tokyo-6adb,15,46,Normal
2026-02-13 20:20:54.079079,Tokyo-6adb,-14,58,Normal
2026-02-13 20:20:55.079079,Tokyo-6adb,8,70,Normal
2026-02-13 20:20:56.079079,Tokyo-6adb,2,37,Normal
2026-02-13 20:20:57.079079,Tokyo-6adb,4,62,Normal
2026-02-13 20:20:58.079079,Tokyo-6adb,3,21,Normal
2026-02-13 20:20:59.079079,Tokyo-6adb,19,100,Normal
2026-02-13 20:21:00.079079,Tokyo-6adb,3,70,Normal
2026-02-13 20:21:01.079079,Tokyo-6adb,47,51,Normal
2026-02-13 20:21:02.079079,Tokyo-6adb,28,64,Normal
2026-02-13 20:21:03.079079,Tokyo-6adb,-28,46,Normal
2026-02-13 20:21:04.079079,Tokyo-6adb,-9,11,Normal
2026-02-13 20:21:05.079079,Tokyo-6adb,47,35,Normal
2026-02-13 20:21:06.079079,Tokyo-6adb,43,68,Normal
2026-02-13 20:21:07.079079,Tokyo-6adb,45,52,Normal
2026-02-13 20:21:08.079079,Tokyo-6adb,-3,33,Normal
2026-02-13 20:21:09.079079,Tokyo-6adb,-29,46,Normal
2026-02-13 20:21:10.079079,Tokyo-6adb,-2,20,Normal
2026-02-13 20:21:11.079079,Tokyo-6adb,40,96,Normal
2026-02-13 20:21:12.079079,Tokyo-6adb,-5,51,Normal
2026-02-13 20:21:13.079079,Tokyo-6adb,37,94,Normal
2026-02-13 20:21:14.079079,Tokyo-6adb,28,30,Normal
2026-02-13 20:21:15.079079,Tokyo-6adb,-8,22,Normal
2026-02-13 20:21:16.079079,Tokyo-6adb,31,88,Normal
2026-02-13 20:21:17.079079,Tokyo-6adb,20,99,Normal
2026-02-13 20:21:18.079079,Tokyo-6adb,11,40,Normal
2026-02-13 20:21:19.079079,Tokyo-6adb,40,52,Normal
2026-02-13 20:21:20.079079,Tokyo-6adb,-14,67,Normal
2026-02-13 20:21:21.079079,Tokyo-6adb,9,47,Normal
2026-02-13 20:21:22.079079,Tokyo-6adb,-27,99,Normal
2026-02-13 20:21:23.079079,Tokyo-6adb,1,14,Normal
2026-02-13 20:21:24.079079,Tokyo-6adb,-2,61,Normal
2026-02-13 20:21:25.079079,Tokyo-6adb,18,23,Normal
2026-02-13 20:21:26.079079,Tokyo-6adb,-3,28,Normal
2026-02-13 20:21:27.079079,Tokyo-6adb,43,28,Normal
2026-02-13 20:21:28.079079,Tokyo-6adb,-1,29,Normal
2026-02-13 20:21:29.079079,Tokyo-6adb,7,86,Normal
2026-02-13 20:21:30.079079,Tokyo-6adb,-24,44,Normal
2026-02-13 20:21:31.079079,Tokyo-6adb,-2,41,Normal
2026-02-13 20:21:32.079079,Tokyo-6adb,50,42,Normal
2026-02-13 20:21:33.079079,Tokyo-6adb,19,79,Normal
2026-02-13 20:21:34.079079,Tokyo-6adb,-25,43,Normal
2026-02-13 20:21:35.079079,Tokyo-6adb,-27,71,Normal
2026-02-13 20:21:36.079079,Tokyo-6adb,26,100,Normal
2026-02-13 20:21:37.079079,Tokyo-6adb,-14,88,Normal
2026-02-13 20:21:38.079079,Tokyo-6adb,28,89,Normal
2026-02-13 20:21:39.079079,Tokyo-6adb,39,39,Normal
2026-02-13 20:21:40.079079,Tokyo-6adb,37,14,Normal
2026-02-13 20:21:41.079079,Tokyo-6adb,28,59,Normal
2026-02-13 20:21:42.079079,Tokyo-6adb,35,23,Normal
2026-02-13 20:21:43.079079,Tokyo-6adb,46,29,Normal
2026-02-13 20:21:44.079079,Tokyo-6adb,-24,97,Normal
2026-02-13 20:21:45.079079,Tokyo-6adb,21,28,Normal
2026-02-13 20:21:46.079079,Tokyo-6adb,-10,55,Normal
2026-02-13 20:21:47.079079,Tokyo-6adb,29,97,Normal
2026-02-13 20:21:48.079079,Tokyo-6adb,-24,4,Normal
2026-02-13 20:21:49.079079,Tokyo-6adb,4,46,Normal
2026-02-13 20:21:50.079079,Tokyo-6adb,0,89,Normal
2026-02-13 20:21:51.079079,Tokyo-6adb,-28,67,Normal
2026-02-13 20:21:52.079079,Tokyo-6adb,17,13,Normal
2026-02-13 20:21:53.079079,Tokyo-6adb,24,48,Normal
2026-02-13 20:21:54.079079,Tokyo-6adb,-10,48,Normal
2026-02-13 20:21:55.079079,Tokyo-6adb,24,7,Normal
2026-02-13 20:21:56.079079,Tokyo-6adb,24,42,Normal
2026-02-13 20:21:57.079079,Tokyo-6adb,20,33,Normal
2026-02-13 20:21:58.079079,Tokyo-6adb,-12,81,Normal
2026-02-13 20:21:59.079079,Tokyo-6adb,9,89,Normal
2026-02-13 20:22:00.079079,Tokyo-6adb,-12,89,Normal
2026-02-13 20:22:01.079079,Tokyo-6adb,-25,53,Normal
2026-02-13 20:22:02.079079,Tokyo-6adb,41,92,Normal
2026-02-13 20:22:03.079079,Tokyo-6adb,12,33,Normal
2026-02-13 20:22:04.079079,Tokyo-6adb,24,27,Normal
2026-02-13 20:22:05.079079,Tokyo-6adb,8,86,Normal
2026-02-13 20:22:06.079079,Tokyo-6adb,-26,3,Normal
2026-02-13 20:22:07.079079,Tokyo-6adb,-11,20,Normal
2026-02-13 20:22:08.079079,Tokyo-6adb,39,72,Normal
2026-02-13 20:22:09.079079,Tokyo-6adb,40,44,Normal
2026-02-13 20:22:10.079079,Tokyo-6adb,27,47,Normal
2026-02-13 20:22:11.079079,Tokyo-6adb,-18,77,Normal
2026-02-13 20:22:12.079079,Tokyo-6adb,-27,63,Normal
2026-02-13 20:22:13.079079,Tokyo-6adb,-29,22,Normal
2026-02-13 20:22:14.079079,Tokyo-6adb,20,94,Normal
2026-02-13 20:22:15.079079,Tokyo-6adb,41,56,Normal
2026-02-13 20:22:16.079079,Tokyo-6adb,-16,37,Normal
2026-02-13 20:22:17.079079,Tokyo-6adb,-8,49,Normal
2026-02-13 20:22:18.079079,Tokyo-6adb,-3,92,Normal
2026-02-13 20:22:19.079079,Tokyo-6adb,43,92,Normal
2026-02-13 20:22:20.079079,Tokyo-6adb,28,68,Normal
2026-02-13 20:22:21.079079,Tokyo-6adb,-19,1,Normal
2026-02-13 20:22:22.079079,Tokyo-6adb,49,54,Normal
2026-02-13 20:22:23.079079,Tokyo-6adb,18,98,Normal
2026-02-13 20:22:24.079079,Tokyo-6adb,-12,10,Normal
2026-02-13 20:22:25.079079,Tokyo-6adb,27,82,Normal
2026-02-13 20:22:26.079079,Tokyo-6adb,16,56,Normal
2026-02-13 20:22:27.079079,Tokyo-6adb,13,75,Normal
2026-02-13 20:22:28.079079,Tokyo-6adb,45,36,Normal
2026-02-13 20:22:29.079079,Tokyo-6adb,-25,9,Normal
2026-02-13 20:22:30.079079,Tokyo-6adb,2,71,Normal
2026-02-13 20:22:31.079079,Tokyo-6adb,37,72,Normal
2026-02-13 20:22:32.079079,Tokyo-6adb,43,6,Normal
2026-02-13 20:22:33.079079,Tokyo-6adb,-3,90,Normal
2026-02-13 20:22:34.079079,Tokyo-6adb,1,71,Normal
2026-02-13 20:22:35.079079,Tokyo-6adb,-14,79,Normal
2026-02-13 20:22:36.079079,Tokyo-6adb,8,83,Normal
2026-02-13 20:22:37.079079,Tokyo-6adb,-13,100,Normal
2026-02-13 20:22:38.079079,Tokyo-6adb,23,38,Normal
2026-02-13 20:22:39.079079,Tokyo-6adb,2,23,Normal
2026-02-13 20:22:40.079079,Tokyo-6adb,-23,71,Normal
2026-02-13 20:22:41.079079,Tokyo-6adb,29,88,Normal
2026-02-13 20:22:42.079079,Tokyo-6adb,36,97,Normal
2026-02-13 20:22:43.079079,Tokyo-6adb,5,18,Normal
2026-02-13 20:22:44.079079,Tokyo-6adb,-21,18,Normal
2026-02-13 20:22:45.079079,Tokyo-6adb,-21,29,Normal
2026-02-13 20:22:46.079079,Tokyo-6adb,31,88,Normal
2026-02-13 20:22:47.079079,Tokyo-6adb,28,15,Normal
2026-02-13 20:22:48.079079,Tokyo-6adb,-9,17,Normal
2026-02-13 20:22:49.079079,Tokyo-6adb,24,51,Normal
2026-02-13 20:22:50.079079,Tokyo-6adb,33,49,Normal
2026-02-13 20:22:51.079079,Tokyo-6adb,36,88,Normal
2026-02-13 20:22:52.079079,Tokyo-6adb,28,48,Normal
2026-02-13 20:22:53.079079,Tokyo-6adb,-28,42,Normal
2026-02-13 20:22:54.079079,Tokyo-6adb,-24,98,Normal
2026-02-13 20:22:55.079079,Tokyo-6adb,34,5,Normal
2026-02-13 20:22:56.079079,Tokyo-6adb,36,45,Normal
2026-02-13 20:22:57.079079,Tokyo-6adb,-28,3,Normal
2026-02-13 20:22:58.079079,Tokyo-6adb,45,54,Normal
2026-02-13 20:22:59.079079,Tokyo-6adb,20,2,Normal
2026-02-13 20:23:00.079079,Tokyo-6adb,-26,97,Normal
2026-02-13 20:23:01.079079,Tokyo-6adb,-4,22,Normal
2026-02-13 20:23:02.079079,Tokyo-6adb,40,29,Normal
2026-02-13 20:23:03.079079,Tokyo-6adb,-25,15,Normal
2026-02-13 20:23:04.079079,Tokyo-6adb,34,77,Normal
2026-02-13 20:23:05.079079,Tokyo-6adb,18,79,Normal
2026-02-13 20:23:06.079079,Tokyo-6adb,-23,14,Normal
2026-02-13 20:23:07.079079,Tokyo-6adb,-19,26,Normal
2026-02-13 20:23:08.079079,Tokyo-6adb,39,18,Normal
2026-02-13 20:23:09.079079,Tokyo-6adb,-18,51,Normal
2026-02-13 20:23:10.079079,Tokyo-6adb,19,40,Normal
2026-02-13 20:23:11.079079,Tokyo-6adb,-21,32,Normal
2026-02-13 20:23:12.079079,Tokyo-6adb,-1,14,Normal
2026-02-13 20:23:13.079079,Tokyo-6adb,20,11,Normal
2026-02-13 20:23:14.079079,Tokyo-6adb,-16,80,Normal
2026-02-13 20:23:15.079079,Tokyo-6adb,-25,94,Normal
2026-02-13 20:23:16.079079,Tokyo-6adb,41,53,Normal
2026-02-13 20:23:17.079079,Tokyo-6adb,1,64,Normal
2026-02-13 20:23:18.079079,Tokyo-6adb,26,55,Normal
2026-02-13 20:23:19.079079,Tokyo-6adb,10,24,Normal
2026-02-13 20:23:20.079079,Tokyo-6adb,7,38,Normal
2026-02-13 20:23:21.079079,Tokyo-6adb,21,49,Normal
2026-02-13 20:23:22.079079,Tokyo-6adb,-18,80,Normal
2026-02-13 20:23:23.079079,Tokyo-6adb,43,19,Normal
2026-02-13 20:23:24.079079,Tokyo-6adb,48,92,Normal
2026-02-13 20:23:25.079079,Tokyo-6adb,49,80,Normal
2026-02-13 20:23:26.079079,Tokyo-6adb,21,13,Normal
2026-02-13 20:23:27.079079,Tokyo-6adb,5,7,Normal
2026-02-13 20:23:28.079079,Tokyo-6adb,15,32,Normal
2026-02-13 20:23:29.079079,Tokyo-6adb,28,18,Normal
2026-02-13 20:23:30.079079,Tokyo-6adb,-10,81,Normal
2026-02-13 20:23:31.079079,Tokyo-6adb,1,77,Normal
2026-02-13 20:23:32.079079,Tokyo-6adb,10,28,Normal
2026-02-13 20:23:33.079079,Tokyo-6adb,-5,56,Normal
2026-02-13 20:23:34.079079,Tokyo-6adb,32,19,Normal
2026-02-13 20:23:35.079079,Tokyo-6adb,25,0,Normal
2026-02-13 20:23:36.079079,Tokyo-6adb,-29,56,Normal
2026-02-13 20:23:37.079079,Tokyo-6adb,-20,81,Normal
2026-02-13 20:23:38.079079,Tokyo-6adb,-28,50,Normal
2026-02-13 20:23:39.079079,Tokyo-6adb,-7,69,Normal
2026-02-13 20:23:40.079079,Tokyo-6adb,1,79,Normal
2026-02-13 20:23:41.079079,Tokyo-6adb,42,51,Normal
2026-02-13 20:23:42.079079,Tokyo-6adb,-16,80,Normal
2026-02-13 20:23:43.079079,Tokyo-6adb,29,37,Normal
2026-02-13 20:23:44.079079,Tokyo-6adb,9,61,Normal
2026-02-13 20:23:45.079079,Tokyo-6adb,28,27,Normal
2026-02-13 20:23:46.079079,Tokyo-6adb,31,58,Normal
2026-02-13 20:23:47.079079,Tokyo-6adb,37,97,Normal
2026-02-13 20:23:48.079079,Tokyo-6adb,40,23,Normal
2026-02-13 20:23:49.079079,Tokyo-6adb,27,42,Normal
2026-02-13 20:23:50.079079,Tokyo-6adb,16,5,Normal
2026-02-13 20:23:51.079079,Tokyo-6adb,-23,76,Normal
2026-02-13 20:23:52.079079,Tokyo-6adb,44,31,Normal
2026-02-13 20:23:53.079079,Tokyo-6adb,48,28,Normal
2026-02-13 20:23:54.079079,Tokyo-6adb,20,69,Normal
2026-02-13 20:23:55.079079,Tokyo-6adb,-16,62,Normal
2026-02-13 20:23:56.079079,Tokyo-6adb,-17,9,Normal
2026-02-13 20:23:57.079079,Tokyo-6adb,31,31,Normal
2026-02-13 20:23:58.079079,Tokyo-6adb,24,13,Normal
2026-02-13 20:23:59.079079,Tokyo-6adb,8,93,Normal
2026-02-13 20:24:00.079079,Tokyo-6adb,47,15,Normal
2026-02-13 20:24:01.079079,Tokyo-6adb,17,29,Normal
2026-02-13 20:24:02.079079,Tokyo-6adb,-12,20,Normal
2026-02-13 20:24:03.079079,Tokyo-6adb,-23,94,Normal
2026-02-13 20:24:04.079079,Tokyo-6adb,39,67,Normal
2026-02-13 20:24:05.079079,Tokyo-6adb,-11,72,Normal
2026-02-13 20:24:06.079079,Tokyo-6adb,-21,1,Normal
2026-02-13 20:24:07.079079,Tokyo-6adb,25,47,Normal
2026-02-13 20:24:08.079079,Tokyo-6adb,21,25,Normal
2026-02-13 20:24:09.079079,Tokyo-6adb,40,83,Normal
2026-02-13 20:24:10.079079,Tokyo-6adb,27,9,Normal
2026-02-13 20:24:11.079079,Tokyo-6adb,24,94,Normal
2026-02-13 20:24:12.079079,Tokyo-6adb,-9,23,Normal
2026-02-13 20:24:13.079079,Tokyo-6adb,5,91,Normal
2026-02-13 20:24:14.079079,Tokyo-6adb,33,89,Normal
2026-02-13 20:24:15.079079,Tokyo-6adb,16,9,Normal
2026-02-13 20:24:16.079079,Tokyo-6adb,-27,4,Normal
2026-02-13 20:24:17.079079,Tokyo-6adb,-13,48,Normal
2026-02-13 20:24:18.079079,Tokyo-6adb,24,60,Normal
2026-02-13 20:24:19.079079,Tokyo-6adb,-13,67,Normal
2026-02-13 20:24:20.079079,Tokyo-6adb,-7,64,Normal
2026-02-13 20:24:21.079079,Tokyo-6adb,-16,34,Normal
2026-02-13 20:24:22.079079,Tokyo-6adb,26,6,Normal
2026-02-13 20:24:23.079079,Tokyo-6adb,-8,7,Normal
2026-02-13 20:24:24.079079,Tokyo-6adb,-17,59,Normal
2026-02-13 20:24:25.079079,Tokyo-6adb,14,48,Normal
2026-02-13 20:24:26.079079,Tokyo-6adb,-29,37,Normal
2026-02-13 20:24:27.079079,Tokyo-6adb,-9,55,Normal
2026-02-13 20:24:28.079079,Tokyo-6adb,18,32,Normal
2026-02-13 20:24:29.079079,Tokyo-6adb,16,27,Normal
2026-02-13 20:24:30.079079,Tokyo-6adb,35,84,Normal
2026-02-13 20:24:31.079079,Tokyo-6adb,-30,43,Normal
2026-02-13 20:24:32.079079,Tokyo-6adb,17,18,Normal
2026-02-13 20:24:33.079079,Tokyo-6adb,-21,84,Normal
2026-02-13 20:24:34.079079,Tokyo-6adb,41,29,Normal
2026-02-13 20:24:35.079079,Tokyo-6adb,28,28,Normal
2026-02-13 20:24:36.079079,Tokyo-6adb,6,97,Normal
2026-02-13 20:24:37.079079,Tokyo-6adb,2,68,Normal
2026-02-13 20:24:38.079079,Tokyo-6adb,48,99,Normal
2026-02-13 20:24:39.079079,Tokyo-6adb,16,79,Normal
2026-02-13 20:24:40.079079,Tokyo-6adb,8,23,Normal
2026-02-13 20:24:41.079079,Tokyo-6adb,-22,94,Normal
2026-02-13 20:24:42.079079,Tokyo-6adb,-10,21,Normal
2026-02-13 20:24:43.079079,Tokyo-6adb,34,76,Normal
2026-02-13 20:24:44.079079,Tokyo-6adb,44,96,Normal
2026-02-13 20:24:45.079079,Tokyo-6adb,24,25,Normal
2026-02-13 20:24:46.079079,Tokyo-6adb,-1,28,Normal
2026-02-13 20:24:47.079079,Tokyo-6adb,-21,82,Normal
2026-02-13 20:24:48.079079,Tokyo-6adb,-23,37,Normal
2026-02-13 20:24:49.079079,Tokyo-6adb,16,37,Normal
2026-02-13 20:24:50.079079,Tokyo-6adb,50,7,Normal
2026-02-13 20:24:51.079079,Tokyo-6adb,41,0,Normal
2026-02-13 20:24:52.079079,Tokyo-6adb,-9,78,Normal
2026-02-13 20:24:53.079079,Tokyo-6adb,29,43,Normal
2026-02-13 20:24:54.079079,Tokyo-6adb,13,61,Normal
2026-02-13 20:24:55.079079,Tokyo-6adb,-4,23,Normal
2026-02-13 20:24:56.079079,Tokyo-6adb,50,22,Normal
2026-02-13 20:24:57.079079,Tokyo-6adb,39,27,Normal
2026-02-13 20:24:58.079079,Tokyo-6adb,38,79,Normal
2026-02-13 20:24:59.079079,Tokyo-6adb,-3,7,Normal
2026-02-13 20:25:00.079079,Tokyo-6adb,49,27,Normal
2026-02-13 20:25:01.079079,Tokyo-6adb,-7,6,Normal
2026-02-13 20:25:02.079079,Tokyo-6adb,9,89,Normal
2026-02-13 20:25:03.079079,Tokyo-6adb,-6,43,Normal
2026-02-13 20:25:04.079079,Tokyo-6adb,13,60,Normal
2026-02-13 20:25:05.079079,Tokyo-6adb,-2,36,Normal
2026-02-13 20:25:06.079079,Tokyo-6adb,-3,4,Normal
2026-02-13 20:25:07.079079,Tokyo-6adb,-20,94,Normal
2026-02-13 20:25:08.079079,Tokyo-6adb,-29,100,Normal
2026-02-13 20:25:09.079079,Tokyo-6adb,15,64,Normal
2026-02-13 20:25:10.079079,Tokyo-6adb,15,89,Normal
2026-02-13 20:25:11.079079,Tokyo-6adb,-10,95,Normal
2026-02-13 20:25:12.079079,Tokyo-6adb,-19,94,Normal
2026-02-13 20:25:13.079079,Tokyo-6adb,-1,40,Normal
2026-02-13 20:25:14.079079,Tokyo-6adb,-5,34,Normal
2026-02-13 20:25:15.079079,Tokyo-6adb,-3,11,Normal
2026-02-13 20:25:16.079079,Tokyo-6adb,9,50,Normal
2026-02-13 20:25:17.079079,Tokyo-6adb,35,35,Normal
2026-02-13 20:25:18.079079,Tokyo-6adb,-10,28,Normal
2026-02-13 20:25:19.079079,Tokyo-6adb,37,96,Normal
2026-02-13 20:25:20.079079,Tokyo-6adb,-2,45,Normal
2026-02-13 20:25:21.079079,Tokyo-6adb,-20,23,Normal
2026-02-13 20:25:22.079079,Tokyo-6adb,1,18,Normal
2026-02-13 20:25:23.079079,Tokyo-6adb,11,29,Normal
2026-02-13 20:25:24.079079,Tokyo-6adb,-11,11,Normal
2026-02-13 20:25:25.079079,Tokyo-6adb,-12,59,Normal
2026-02-13 20:25:26.079079,Tokyo-6adb,46,51,Normal
2026-02-13 20:25:27.079079,Tokyo-6adb,-5,62,Normal
2026-02-13 20:25:28.079079,Tokyo-6adb,-5,44,Normal
2026-02-13 20:25:29.079079,Tokyo-6adb,13,93,Normal
2026-02-13 20:25:30.079079,Tokyo-6adb,-28,74,Normal
2026-02-13 20:25:31.079079,Tokyo-6adb,26,74,Normal
2026-02-13 20:25:32.079079,Tokyo-6adb,-15,47,Normal
2026-02-13 20:25:33.079079,Tokyo-6adb,-2,44,Normal
2026-02-13 20:25:34.079079,Tokyo-6adb,26,84,Normal
2026-02-13 20:25:35.079079,Tokyo-6adb,17,17,Normal
2026-02-13 20:25:36.079079,Tokyo-6adb,31,82,Normal
2026-02-13 20:25:37.079079,Tokyo-6adb,27,10,Normal
2026-02-13 20:25:38.079079,Tokyo-6adb,-18,34,Normal
2026-02-13 20:25:39.079079,Tokyo-6adb,21,30,Normal
2026-02-13 20:25:40.079079,Tokyo-6adb,-22,69,Normal
2026-02-13 20:25:41.079079,Tokyo-6adb,-6,99,Normal
2026-02-13 20:25:42.079079,Tokyo-6adb,48,90,Normal
2026-02-13 20:25:43.079079,Tokyo-6adb,26,32,Normal
2026-02-13 20:25:44.079079,Tokyo-6adb,29,74,Normal
2026-02-13 20:25:45.079079,Tokyo-6adb,12,8,Normal
2026-02-13 20:25:46.079079,Tokyo-6adb,-8,13,Normal
2026-02-13 20:25:47.079079,Tokyo-6adb,10,44,Normal
2026-02-13 20:25:48.079079,Tokyo-6adb,36,85,Normal
2026-02-13 20:25:49.079079,Tokyo-6adb,17,25,Normal
2026-02-13 20:25:50.079079,Tokyo-6adb,-8,44,Normal
2026-02-13 20:25:51.079079,Tokyo-6adb,46,25,Normal
2026-02-13 20:25:52.079079,Tokyo-6adb,35,96,Normal
2026-02-13 20:25:53.079079,Tokyo-6adb,-9,79,Normal
2026-02-13 20:25:54.079079,Tokyo-6adb,5,100,Normal
2026-02-13 20:25:55.079079,Tokyo-6adb,-10,96,Normal
2026-02-13 20:25:56.079079,Tokyo-6adb,48,6,Normal
2026-02-13 20:25:57.079079,Tokyo-6adb,-22,41,Normal
2026-02-13 20:25:58.079079,Tokyo-6adb,26,17,Normal
2026-02-13 20:25:59.079079,Tokyo-6adb,33,22,Normal
2026-02-13 20:26:00.079079,Tokyo-6adb,44,67,Normal
2026-02-13 20:26:01.079079,Tokyo-6adb,29,64,Normal
2026-02-13 20:26:02.079079,Tokyo-6adb,34,76,Normal
2026-02-13 20:26:03.079079,Tokyo-6adb,45,78,Normal
2026-02-13 20:26:04.079079,Tokyo-6adb,42,62,Normal
2026-02-13 20:26:05.079079,Tokyo-6adb,44,20,Normal
2026-02-13 20:26:06.079079,Tokyo-6adb,-1,79,Normal
2026-02-13 20:26:07.079079,Tokyo-6adb,1,32,Normal
2026-02-13 20:26:08.079079,Tokyo-6adb,29,29,Normal
2026-02-13 20:26:09.079079,Tokyo-6adb,-6,26,Normal
2026-02-13 20:26:10.079079,Tokyo-6adb,-26,47,Normal
2026-02-13 20:26:11.079079,Tokyo-6adb,3,71,Normal
2026-02-13 20:26:12.079079,Tokyo-6adb,49,22,Normal
2026-02-13 20:26:13.079079,Tokyo-6adb,39,76,Normal
2026-02-13 20:26:14.079079,Tokyo-6adb,-11,50,Normal
2026-02-13 20:26:15.079079,Tokyo-6adb,9,92,Normal
2026-02-13 20:26:16.079079,Tokyo-6adb,-29,20,Normal
2026-02-13 20:26:17.079079,Tokyo-6adb,18,60,Normal
2026-02-13 20:26:18.079079,Tokyo-6adb,-17,89,Normal
2026-02-13 20:26:19.079079,Tokyo-6adb,28,92,Normal
2026-02-13 20:26:20.079079,Tokyo-6adb,23,21,Normal
2026-02-13 20:26:21.079079,Tokyo-6adb,3,16,Normal
2026-02-13 20:26:22.079079,Tokyo-6adb,-15,7,Normal
2026-02-13 20:26:23.079079,Tokyo-6adb,25,39,Normal
2026-02-13 20:26:24.079079,Tokyo-6adb,3,17,Normal
2026-02-13 20:26:25.079079,Tokyo-6adb,19,7,Normal
2026-02-13 20:26:26.079079,Tokyo-6adb,2,86,Normal
2026-02-13 20:26:27.079079,Tokyo-6adb,11,10,Normal
2026-02-13 20:26:28.079079,Tokyo-6adb,10,94,Normal
2026-02-13 20:26:29.079079,Tokyo-6adb,8,95,Normal
2026-02-13 20:26:30.079079,Tokyo-6adb,-3,82,Normal
2026-02-13 20:26:31.079079,Tokyo-6adb,40,80,Normal
2026-02-13 20:26:32.079079,Tokyo-6adb,-26,66,Normal
2026-02-13 20:26:33.079079,Tokyo-6adb,34,89,Normal
2026-02-13 20:26:34.079079,Tokyo-6adb,-3,91,Normal
2026-02-13 20:26:35.079079,Tokyo-6adb,9,78,Normal
2026-02-13 20:26:36.079079,Tokyo-6adb,-8,4,Normal
2026-02-13 20:26:37.079079,Tokyo-6adb,5,82,Normal
2026-02-13 20:26:38.079079,Tokyo-6adb,5,61,Normal
2026-02-13 20:26:39.079079,Tokyo-6adb,-17,32,Normal
2026-02-13 20:26:40.079079,Tokyo-6adb,-25,87,Normal
2026-02-13 20:26:41.079079,Tokyo-6adb,-10,13,Normal
2026-02-13 20:26:42.079079,Tokyo-6adb,17,7,Normal
2026-02-13 20:26:43.079079,Tokyo-6adb,-7,70,Normal
2026-02-13 20:26:44.079079,Tokyo-6adb,48,13,Normal
2026-02-13 20:26:45.079079,Tokyo-6adb,-23,22,Normal
2026-02-13 20:26:46.079079,Tokyo-6adb,-6,67,Normal
2026-02-13 20:26:47.079079,Tokyo-6adb,-28,79,Normal
2026-02-13 20:26:48.079079,Tokyo-6adb,-27,13,Normal
2026-02-13 20:26:49.079079,Tokyo-6adb,14,79,Normal
2026-02-13 20:26:50.079079,Tokyo-6adb,-24,17,Normal
2026-02-13 20:26:51.079079,Tokyo-6adb,-14,14,Normal
2026-02-13 20:26:52.079079,Tokyo-6adb,40,42,Normal
2026-02-13 20:26:53.079079,Tokyo-6adb,4,21,Normal
2026-02-13 20:26:54.079079,Tokyo-6adb,28,31,Normal
2026-02-13 20:26:55.079079,Tokyo-6adb,1,22,Normal
2026-02-13 20:26:56.079079,Tokyo-6adb,10,47,Normal
2026-02-13 20:26:57.079079,Tokyo-6adb,-26,52,Normal
2026-02-13 20:26:58.079079,Tokyo-6adb,-11,95,Normal
2026-02-13 20:26:59.079079,Tokyo-6adb,22,82,Normal
2026-02-13 20:27:00.079079,Tokyo-6adb,12,18,Normal
2026-02-13 20:27:01.079079,Tokyo-6adb,29,86,Normal
2026-02-13 20:27:02.079079,Tokyo-6adb,16,44,Normal
2026-02-13 20:27:03.079079,Tokyo-6adb,20,64,Normal
2026-02-13 20:27:04.079079,Tokyo-6adb,30,4,Normal
2026-02-13 20:27:05.079079,Tokyo-6adb,11,69,Normal
2026-02-13 20:27:06.079079,Tokyo-6adb,50,34,Normal
2026-02-13 20:27:07.079079,Tokyo-6adb,-30,4,Normal
2026-02-13 20:27:08.079079,Tokyo-6adb,28,38,Normal
2026-02-13 20:27:09.079079,Tokyo-6adb,-14,47,Normal
2026-02-13 20:27:10.079079,Tokyo-6adb,34,91,Normal
2026-02-13 20:27:11.079079,Tokyo-6adb,-11,13,Normal
2026-02-13 20:27:12.079079,Tokyo-6adb,2,53,Normal
2026-02-13 20:27:13.079079,Tokyo-6adb,26,89,Normal
2026-02-13 20:27:14.079079,Tokyo-6adb,22,20,Normal
2026-02-13 20:27:15.079079,Tokyo-6adb,26,76,Normal
2026-02-13 20:27:16.079079,Tokyo-6adb,-21,73,Normal
2026-02-13 20:27:17.079079,Tokyo-6adb,28,79,Normal
2026-02-13 20:27:18.079079,Tokyo-6adb,36,64,Normal
2026-02-13 20:27:19.079079,Tokyo-6adb,5,94,Normal
2026-02-13 20:27:20.079079,Tokyo-6adb,20,33,Normal
2026-02-13 20:27:21.079079,Tokyo-6adb,-8,14,Normal
2026-02-13 20:27:22.079079,Tokyo-6adb,23,4,Normal
2026-02-13 20:27:23.079079,Tokyo-6adb,50,89,Normal
2026-02-13 20:27:24.079079,Tokyo-6adb,14,88,Normal
2026-02-13 20:27:25.079079,Tokyo-6adb,15,33,Normal
2026-02-13 20:27:26.079079,Tokyo-6adb,-15,15,Normal
2026-02-13 20:27:27.079079,Tokyo-6adb,26,20,Normal
2026-02-13 20:27:28.079079,Tokyo-6adb,-9,40,Normal
2026-02-13 20:27:29.079079,Tokyo-6adb,-6,65,Normal
2026-02-13 20:27:30.079079,Tokyo-6adb,0,89,Normal
2026-02-13 20:27:31.079079,Tokyo-6adb,29,57,Normal
2026-02-13 20:27:32.079079,Tokyo-6adb,18,38,Normal
2026-02-13 20:27:33.079079,Tokyo-6adb,-18,4,Normal
2026-02-13 20:27:34.079079,Tokyo-6adb,38,82,Normal
2026-02-13 20:27:35.079079,Tokyo-6adb,-27,61,Normal
2026-02-13 20:27:36.079079,Tokyo-6adb,28,48,Normal
2026-02-13 20:27:37.079079,Tokyo-6adb,46,97,Normal
2026-02-13 20:27:38.079079,Tokyo-6adb,1,70,Normal
2026-02-13 20:27:39.079079,Tokyo-6adb,27,94,Normal
2026-02-13 20:27:40.079079,Tokyo-6adb,-22,52,Normal
2026-02-13 20:27:41.079079,Tokyo-6adb,-15,14,Normal
2026-02-13 20:27:42.079079,Tokyo-6adb,12,99,Normal
2026-02-13 20:27:43.079079,Tokyo-6adb,-4,22,Normal
2026-02-13 20:27:44.079079,Tokyo-6adb,6,36,Normal
2026-02-13 20:27:45.079079,Tokyo-6adb,-28,27,Normal
2026-02-13 20:27:46.079079,Tokyo-6adb,49,28,Normal
2026-02-13 20:27:47.079079,Tokyo-6adb,-19,39,Normal
2026-02-13 20:27:48.079079,Tokyo-6adb,-5,44,Normal
2026-02-13 20:27:49.079079,Tokyo-6adb,28,47,Normal
2026-02-13 20:27:50.079079,Tokyo-6adb,35,34,Normal
2026-02-13 20:27:51.079079,Tokyo-6adb,-2,73,Normal
2026-02-13 20:27:52.079079,Tokyo-6adb,31,77,Normal
2026-02-13 20:27:53.079079,Tokyo-6adb,10,6,Normal
2026-02-13 20:27:54.079079,Tokyo-6adb,33,98,Normal
2026-02-13 20:27:55.079079,Tokyo-6adb,-8,49,Normal
2026-02-13 20:27:56.079079,Tokyo-6adb,-15,51,Normal
2026-02-13 20:27:57.079079,Tokyo-6adb,-22,2,Normal
2026-02-13 20:27:58.079079,Tokyo-6adb,13,72,Normal
2026-02-13 20:27:59.079079,Tokyo-6adb,45,53,Normal
2026-02-13 20:28:00.079079,Tokyo-6adb,39,91,Normal
2026-02-13 20:28:01.079079,Tokyo-6adb,37,4,Normal
2026-02-13 20:28:02.079079,Tokyo-6adb,-16,78,Normal
2026-02-13 20:28:03.079079,Tokyo-6adb,22,36,Normal
2026-02-13 20:28:04.079079,Tokyo-6adb,4,17,Normal
2026-02-13 20:28:05.079079,Tokyo-6adb,-2,12,Normal
2026-02-13 20:28:06.079079,Tokyo-6adb,15,8,Normal
2026-02-13 20:28:07.079079,Tokyo-6adb,3,84,Normal
2026-02-13 20:28:08.079079,Tokyo-6adb,39,87,Normal
2026-02-13 20:28:09.079079,Tokyo-6adb,34,29,Normal
2026-02-13 20:28:10.079079,Tokyo-6adb,27,96,Normal
2026-02-13 20:28:11.079079,Tokyo-6adb,18,88,Normal
2026-02-13 20:28:12.079079,Tokyo-6adb,32,89,Normal
