timestamp,station_id,temp,humid,condition
2026-02-13 17:29:31.243177,Toronto-3d7e,-12,23,Normal
2026-02-13 17:29:32.243177,Toronto-3d7e,34,33,Normal
2026-02-13 17:29:33.243177,Toronto-3d7e,19,68,Normal
2026-02-13 17:29:34.243177,Toronto-3d7e,-29,26,Normal
2026-02-13 17:29:35.243177,Toronto-3d7e,35,31,Normal
2026-02-13 17:29:36.243177,Toronto-3d7e,-30,19,Normal
2026-02-13 17:29:37.243177,Toronto-3d7e,24,68,Normal
2026-02-13 17:29:38.243177,Toronto-3d7e,-8,62,Normal
2026-02-13 17:29:39.243177,Toronto-3d7e,49,34,Normal
2026-02-13 17:29:40.243177,Toronto-3d7e,-28,69,Normal
2026-02-13 17:29:41.243177,Toronto-3d7e,-21,8,Normal
2026-02-13 17:29:42.243177,Toronto-3d7e,12,92,Normal
2026-02-13 17:29:43.243177,Toronto-3d7e,47,37,Normal
2026-02-13 17:29:44.243177,Toronto-3d7e,25,19,Normal
2026-02-13 17:29:45.243177,Toronto-3d7e,-27,80,Normal
2026-02-13 17:29:46.243177,Toronto-3d7e,11,32,Normal
2026-02-13 17:29:47.243177,Toronto-3d7e,47,94,Normal
2026-02-13 17:29:48.243177,Toronto-3d7e,46,13,Normal
2026-02-13 17:29:49.243177,Toronto-3d7e,39,0,Normal
2026-02-13 17:29:50.243177,Toronto-3d7e,24,31,Normal
2026-02-13 17:29:51.243177,Toronto-3d7e,-22,26,Normal
2026-02-13 17:29:52.243177,Toronto-3d7e,-10,94,Normal
2026-02-13 17:29:53.243177,Toronto-3d7e,-1,21,Normal
2026-02-13 17:29:54.243177,Toronto-3d7e,-5,71,Normal
2026-02-13 17:29:55.243177,Toronto-3d7e,27,43,Normal
2026-02-13 17:29:56.243177,Toronto-3d7e,20,87,Normal
2026-02-13 17:29:57.243177,Toronto-3d7e,-18,14,Normal
2026-02-13 17:29:58.243177,Toronto-3d7e,39,16,Normal
2026-02-13 17:29:59.243177,Toronto-3d7e,3,84,Normal
2026-02-13 17:30:00.243177,Toronto-3d7e,34,9,Normal
2026-02-13 17:30:01.243177,Toronto-3d7e,16,0,Normal
2026-02-13 17:30:02.243177,Toronto-3d7e,42,30,Normal
2026-02-13 17:30:03.243177,Toronto-3d7e,-12,68,Normal
2026-02-13 17:30:04.243177,Toronto-3d7e,3,7,Normal
2026-02-13 17:30:05.243177,Toronto-3d7e,22,69,Normal
2026-02-13 17:30:06.243177,Toronto-3d7e,43,59,Normal
2026-02-13 17:30:07.243177,Toronto-3d7e,-30,49,Normal
2026-02-13 17:30:08.243177,Toronto-3d7e,26,6,Normal
2026-02-13 17:30:09.243177,Toronto-3d7e,-26,19,Normal
2026-02-13 17:30:10.243177,Toronto-3d7e,31,89,Normal
2026-02-13 17:30:11.243177,Toronto-3d7e,-10,40,Normal
2026-02-13 17:30:12.243177,Toronto-3d7e,46,68,Normal
2026-02-13 17:30:13.243177,Toronto-3d7e,17,86,Normal
2026-02-13 17:30:14.243177,Toronto-3d7e,36,1,Normal
2026-02-13 17:30:15.243177,Toronto-3d7e,26,25,Normal
2026-02-13 17:30:16.243177,Toronto-3d7e,16,29,Normal
2026-02-13 17:30:17.243177,Toronto-3d7e,-1,78,Normal
2026-02-13 17:30:18.243177,Toronto-3d7e,-24,54,Normal
2026-02-13 17:30:19.243177,Toronto-3d7e,-5,93,Normal
2026-02-13 17:30:20.243177,Toronto-3d7e,21,89,Normal
2026-02-13 17:30:21.243177,Toronto-3d7e,-27,95,Normal
2026-02-13 17:30:22.243177,Toronto-3d7e,22,11,Normal
2026-02-13 17:30:23.243177,Toronto-3d7e,40,62,Normal
2026-02-13 17:30:24.243177,Toronto-3d7e,11,11,Normal
2026-02-13 17:30:25.243177,Toronto-3d7e,23,83,Normal
2026-02-13 17:30:26.243177,Toronto-3d7e,-4,90,Normal
2026-02-13 17:30:27.243177,Toronto-3d7e,41,41,Normal
2026-02-13 17:30:28.243177,Toronto-3d7e,28,58,Normal
2026-02-13 17:30:29.243177,Toronto-3d7e,46,37,Normal
2026-02-13 17:30:30.243177,Toronto-3d7e,44,47,Normal
2026-02-13 17:30:31.243177,Toronto-3d7e,-12,76,Normal
2026-02-13 17:30:32.243177,Toronto-3d7e,20,59,Normal
2026-02-13 17:30:33.243177,Toronto-3d7e,5,39,Normal
2026-02-13 17:30:34.243177,Toronto-3d7e,39,91,Normal
2026-02-13 17:30:35.243177,Toronto-3d7e,-13,28,Normal
2026-02-13 17:30:36.243177,Toronto-3d7e,-3,82,Normal
2026-02-13 17:30:37.243177,Toronto-3d7e,-21,57,Normal
2026-02-13 17:30:38.243177,Toronto-3d7e,22,61,Normal
2026-02-13 17:30:39.243177,Toronto-3d7e,34,24,Normal
2026-02-13 17:30:40.243177,Toronto-3d7e,46,68,Normal
2026-02-13 17:30:41.243177,Toronto-3d7e,20,16,Normal
2026-02-13 17:30:42.243177,Toronto-3d7e,33,5,Normal
2026-02-13 17:30:43.243177,Toronto-3d7e,-23,70,Normal
2026-02-13 17:30:44.243177,Toronto-3d7e,8,17,Normal
2026-02-13 17:30:45.243177,Toronto-3d7e,40,87,Normal
2026-02-13 17:30:46.243177,Toronto-3d7e,46,50,Normal
2026-02-13 17:30:47.243177,Toronto-3d7e,-8,79,Normal
2026-02-13 17:30:48.243177,Toronto-3d7e,15,39,Normal
2026-02-13 17:30:49.243177,Toronto-3d7e,11,0,Normal
2026-02-13 17:30:50.243177,Toronto-3d7e,-10,52,Normal
2026-02-13 17:30:51.243177,Toronto-3d7e,16,69,Normal
2026-02-13 17:30:52.243177,Toronto-3d7e,9,26,Normal
2026-02-13 17:30:53.243177,Toronto-3d7e,-15,92,Normal
2026-02-13 17:30:54.243177,Toronto-3d7e,48,74,Normal
2026-02-13 17:30:55.243177,Toronto-3d7e,36,28,Normal
2026-02-13 17:30:56.243177,Toronto-3d7e,3,35,Normal
2026-02-13 17:30:57.243177,Toronto-3d7e,21,93,Normal
2026-02-13 17:30:58.243177,Toronto-3d7e,0,31,Normal
2026-02-13 17:30:59.243177,Toronto-3d7e,18,90,Normal
2026-02-13 17:31:00.243177,Toronto-3d7e,39,44,Normal
2026-02-13 17:31:01.243177,Toronto-3d7e,10,94,Normal
2026-02-13 17:31:02.243177,Toronto-3d7e,5,53,Normal
2026-02-13 17:31:03.243177,Toronto-3d7e,7,22,Normal
2026-02-13 17:31:04.243177,Toronto-3d7e,47,100,Normal
2026-02-13 17:31:05.243177,Toronto-3d7e,-2,96,Normal
2026-02-13 17:31:06.243177,Toronto-3d7e,-13,1,Normal
2026-02-13 17:31:07.243177,Toronto-3d7e,30,65,Normal
2026-02-13 17:31:08.243177,Toronto-3d7e,32,75,Normal
2026-02-13 17:31:09.243177,Toronto-3d7e,11,54,Normal
2026-02-13 17:31:10.243177,Toronto-3d7e,-8,33,Normal
2026-02-13 17:31:11.243177,Toronto-3d7e,38,69,Normal
2026-02-13 17:31:12.243177,Toronto-3d7e,36,38,Normal
2026-02-13 17:31:13.243177,Toronto-3d7e,-20,23,Normal
2026-02-13 17:31:14.243177,Toronto-3d7e,5,74,Normal
2026-02-13 17:31:15.243177,Toronto-3d7e,-14,32,Normal
2026-02-13 17:31:16.243177,Toronto-3d7e,-28,26,Normal
2026-02-13 17:31:17.243177,Toronto-3d7e,-4,24,Normal
2026-02-13 17:31:18.243177,Toronto-3d7e,-13,36,Normal
2026-02-13 17:31:19.243177,Toronto-3d7e,25,78,Normal
2026-02-13 17:31:20.243177,Toronto-3d7e,-17,18,Normal
2026-02-13 17:31:21.243177,Toronto-3d7e,37,83,Normal
2026-02-13 17:31:22.243177,Toronto-3d7e,25,7,Normal
2026-02-13 17:31:23.243177,Toronto-3d7e,43,19,Normal
2026-02-13 17:31:24.243177,Toronto-3d7e,28,34,Normal
2026-02-13 17:31:25.243177,Toronto-3d7e,41,98,Normal
2026-02-13 17:31:26.243177,Toronto-3d7e,-25,54,Normal
2026-02-13 17:31:27.243177,Toronto-3d7e,31,31,Normal
2026-02-13 17:31:28.243177,Toronto-3d7e,6,13,Normal
2026-02-13 17:31:29.243177,Toronto-3d7e,20,35,Normal
2026-02-13 17:31:30.243177,Toronto-3d7e,-20,38,Normal
2026-02-13 17:31:31.243177,Toronto-3d7e,-28,23,Normal
2026-02-13 17:31:32.243177,Toronto-3d7e,43,70,Normal
2026-02-13 17:31:33.243177,Toronto-3d7e,-2,3,Normal
2026-02-13 17:31:34.243177,Toronto-3d7e,33,53,Normal
2026-02-13 17:31:35.243177,Toronto-3d7e,-4,3,Normal
2026-02-13 17:31:36.243177,Toronto-3d7e,-6,69,Normal
2026-02-13 17:31:37.243177,Toronto-3d7e,-7,81,Normal
2026-02-13 17:31:38.243177,Toronto-3d7e,38,38,Normal
2026-02-13 17:31:39.243177,Toronto-3d7e,10,48,Normal
2026-02-13 17:31:40.243177,Toronto-3d7e,30,6,Normal
2026-02-13 17:31:41.243177,Toronto-3d7e,48,81,Normal
2026-02-13 17:31:42.243177,Toronto-3d7e,16,67,Normal
2026-02-13 17:31:43.243177,Toronto-3d7e,13,63,Normal
2026-02-13 17:31:44.243177,Toronto-3d7e,49,89,Normal
2026-02-13 17:31:45.243177,Toronto-3d7e,-27,28,Normal
2026-02-13 17:31:46.243177,Toronto-3d7e,-15,66,Normal
2026-02-13 17:31:47.243177,Toronto-3d7e,10,77,Normal
2026-02-13 17:31:48.243177,Toronto-3d7e,-6,74,Normal
2026-02-13 17:31:49.243177,Toronto-3d7e,7,9,Normal
2026-02-13 17:31:50.243177,Toronto-3d7e,-21,21,Normal
2026-02-13 17:31:51.243177,Toronto-3d7e,48,98,Normal
2026-02-13 17:31:52.243177,Toronto-3d7e,-24,68,Normal
2026-02-13 17:31:53.243177,Toronto-3d7e,-24,92,Normal
2026-02-13 17:31:54.243177,Toronto-3d7e,17,21,Normal
2026-02-13 17:31:55.243177,Toronto-3d7e,38,71,Normal
2026-02-13 17:31:56.243177,Toronto-3d7e,-11,0,Normal
2026-02-13 17:31:57.243177,Toronto-3d7e,36,90,Normal
2026-02-13 17:31:58.243177,Toronto-3d7e,48,88,Normal
2026-02-13 17:31:59.243177,Toronto-3d7e,-2,79,Normal
2026-02-13 17:32:00.243177,Toronto-3d7e,6,29,Normal
2026-02-13 17:32:01.243177,Toronto-3d7e,47,25,Normal
2026-02-13 17:32:02.243177,Toronto-3d7e,33,75,Normal
2026-02-13 17:32:03.243177,Toronto-3d7e,46,23,Normal
2026-02-13 17:32:04.243177,Toronto-3d7e,-28,54,Normal
2026-02-13 17:32:05.243177,Toronto-3d7e,44,5,Normal
2026-02-13 17:32:06.243177,Toronto-3d7e,-27,40,Normal
2026-02-13 17:32:07.243177,Toronto-3d7e,-22,55,Normal
2026-02-13 17:32:08.243177,Toronto-3d7e,41,55,Normal
2026-02-13 17:32:09.243177,Toronto-3d7e,31,53,Normal
2026-02-13 17:32:10.243177,Toronto-3d7e,3,42,Normal
2026-02-13 17:32:11.243177,Toronto-3d7e,42,50,Normal
2026-02-13 17:32:12.243177,Toronto-3d7e,-27,5,Normal
2026-02-13 17:32:13.243177,Toronto-3d7e,-3,80,Normal
2026-02-13 17:32:14.243177,Toronto-3d7e,25,1,Normal
2026-02-13 17:32:15.243177,Toronto-3d7e,-7,21,Normal
2026-02-13 17:32:16.243177,Toronto-3d7e,-26,16,Normal
2026-02-13 17:32:17.243177,Toronto-3d7e,30,36,Normal
2026-02-13 17:32:18.243177,Toronto-3d7e,42,2,Normal
2026-02-13 17:32:19.243177,Toronto-3d7e,-23,38,Normal
2026-02-13 17:32:20.243177,Toronto-3d7e,-24,73,Normal
2026-02-13 17:32:21.243177,Toronto-3d7e,-22,69,Normal
2026-02-13 17:32:22.243177,Toronto-3d7e,-18,84,Normal
2026-02-13 17:32:23.243177,Toronto-3d7e,-1,15,Normal
2026-02-13 17:32:24.243177,Toronto-3d7e,1,21,Normal
2026-02-13 17:32:25.243177,Toronto-3d7e,-14,60,Normal
2026-02-13 17:32:26.243177,Toronto-3d7e,34,64,Normal
2026-02-13 17:32:27.243177,Toronto-3d7e,-24,86,Normal
2026-02-13 17:32:28.243177,Toronto-3d7e,-19,80,Normal
2026-02-13 17:32:29.243177,Toronto-3d7e,40,95,Normal
2026-02-13 17:32:30.243177,Toronto-3d7e,-9,7,Normal
2026-02-13 17:32:31.243177,Toronto-3d7e,-27,17,Normal
2026-02-13 17:32:32.243177,Toronto-3d7e,-24,76,Normal
2026-02-13 17:32:33.243177,Toronto-3d7e,-21,61,Normal
2026-02-13 17:32:34.243177,Toronto-3d7e,33,97,Normal
2026-02-13 17:32:35.243177,Toronto-3d7e,8,88,Normal
2026-02-13 17:32:36.243177,Toronto-3d7e,-4,64,Normal
2026-02-13 17:32:37.243177,Toronto-3d7e,15,58,Normal
2026-02-13 17:32:38.243177,Toronto-3d7e,22,3,Normal
2026-02-13 17:32:39.243177,Toronto-3d7e,-26,56,Normal
2026-02-13 17:32:40.243177,Toronto-3d7e,27,46,Normal
2026-02-13 17:32:41.243177,Toronto-3d7e,-29,52,Normal
2026-02-13 17:32:42.243177,Toronto-3d7e,11,6,Normal
2026-02-13 17:32:43.243177,Toronto-3d7e,-26,25,Normal
2026-02-13 17:32:44.243177,Toronto-3d7e,22,38,Normal
2026-02-13 17:32:45.243177,Toronto-3d7e,-6,6,Normal
2026-02-13 17:32:46.243177,Toronto-3d7e,4,89,Normal
2026-02-13 17:32:47.243177,Toronto-3d7e,-24,77,Normal
2026-02-13 17:32:48.243177,Toronto-3d7e,2,72,Normal
2026-02-13 17:32:49.243177,Toronto-3d7e,-5,71,Normal
2026-02-13 17:32:50.243177,Toronto-3d7e,37,72,Normal
2026-02-13 17:32:51.243177,Toronto-3d7e,29,89,Normal
2026-02-13 17:32:52.243177,Toronto-3d7e,42,59,Normal
2026-02-13 17:32:53.243177,Toronto-3d7e,26,96,Normal
2026-02-13 17:32:54.243177,Toronto-3d7e,26,87,Normal
2026-02-13 17:32:55.243177,Toronto-3d7e,-6,69,Normal
2026-02-13 17:32:56.243177,Toronto-3d7e,21,54,Normal
2026-02-13 17:32:57.243177,Toronto-3d7e,18,69,Normal
2026-02-13 17:32:58.243177,Toronto-3d7e,6,5,Normal
2026-02-13 17:32:59.243177,Toronto-3d7e,45,27,Normal
2026-02-13 17:33:00.243177,Toronto-3d7e,-20,45,Normal
2026-02-13 17:33:01.243177,Toronto-3d7e,-17,56,Normal
2026-02-13 17:33:02.243177,Toronto-3d7e,-30,99,Normal
2026-02-13 17:33:03.243177,Toronto-3d7e,-22,0,Normal
2026-02-13 17:33:04.243177,Toronto-3d7e,31,33,Normal
2026-02-13 17:33:05.243177,Toronto-3d7e,-8,56,Normal
2026-02-13 17:33:06.243177,Toronto-3d7e,18,3,Normal
2026-02-13 17:33:07.243177,Toronto-3d7e,22,0,Normal
2026-02-13 17:33:08.243177,Toronto-3d7e,13,71,Normal
2026-02-13 17:33:09.243177,Toronto-3d7e,15,99,Normal
2026-02-13 17:33:10.243177,Toronto-3d7e,-28,28,Normal
2026-02-13 17:33:11.243177,Toronto-3d7e,-20,19,Normal
2026-02-13 17:33:12.243177,Toronto-3d7e,-20,73,Normal
2026-02-13 17:33:13.243177,Toronto-3d7e,19,7,Normal
2026-02-13 17:33:14.243177,Toronto-3d7e,23,58,Normal
2026-02-13 17:33:15.243177,Toronto-3d7e,-4,8,Normal
2026-02-13 17:33:16.243177,Toronto-3d7e,-3,100,Normal
2026-02-13 17:33:17.243177,Toronto-3d7e,-17,100,Normal
2026-02-13 17:33:18.243177,Toronto-3d7e,-13,19,Normal
2026-02-13 17:33:19.243177,Toronto-3d7e,-24,93,Normal
2026-02-13 17:33:20.243177,Toronto-3d7e,3,92,Normal
2026-02-13 17:33:21.243177,Toronto-3d7e,-28,27,Normal
2026-02-13 17:33:22.243177,Toronto-3d7e,26,33,Normal
2026-02-13 17:33:23.243177,Toronto-3d7e,-22,4,Normal
2026-02-13 17:33:24.243177,Toronto-3d7e,-12,95,Normal
2026-02-13 17:33:25.243177,Toronto-3d7e,-27,15,Normal
2026-02-13 17:33:26.243177,Toronto-3d7e,30,96,Normal
2026-02-13 17:33:27.243177,Toronto-3d7e,-26,75,Normal
2026-02-13 17:33:28.243177,Toronto-3d7e,33,45,Normal
2026-02-13 17:33:29.243177,Toronto-3d7e,26,85,Normal
2026-02-13 17:33:30.243177,Toronto-3d7e,0,60,Normal
2026-02-13 17:33:31.243177,Toronto-3d7e,-3,67,Normal
2026-02-13 17:33:32.243177,Toronto-3d7e,7,79,Normal
2026-02-13 17:33:33.243177,Toronto-3d7e,47,66,Normal
2026-02-13 17:33:34.243177,Toronto-3d7e,35,8,Normal
2026-02-13 17:33:35.243177,Toronto-3d7e,-24,12,Normal
2026-02-13 17:33:36.243177,Toronto-3d7e,-3,68,Normal
2026-02-13 17:33:37.243177,Toronto-3d7e,-5,37,Normal
2026-02-13 17:33:38.243177,Toronto-3d7e,49,58,Normal
2026-02-13 17:33:39.243177,Toronto-3d7e,38,9,Normal
2026-02-13 17:33:40.243177,Toronto-3d7e,43,55,Normal
2026-02-13 17:33:41.243177,Toronto-3d7e,-29,95,Normal
2026-02-13 17:33:42.243177,Toronto-3d7e,-16,79,Normal
2026-02-13 17:33:43.243177,Toronto-3d7e,15,51,Normal
2026-02-13 17:33:44.243177,Toronto-3d7e,40,12,Normal
2026-02-13 17:33:45.243177,Toronto-3d7e,-20,41,Normal
2026-02-13 17:33:46.243177,Toronto-3d7e,29,19,Normal
2026-02-13 17:33:47.243177,Toronto-3d7e,37,54,Normal
2026-02-13 17:33:48.243177,Toronto-3d7e,-15,67,Normal
2026-02-13 17:33:49.243177,Toronto-3d7e,9,97,Normal
2026-02-13 17:33:50.243177,Toronto-3d7e,-3,21,Normal
2026-02-13 17:33:51.243177,Toronto-3d7e,35,67,Normal
2026-02-13 17:33:52.243177,Toronto-3d7e,32,0,Normal
2026-02-13 17:33:53.243177,Toronto-3d7e,-24,85,Normal
2026-02-13 17:33:54.243177,Toronto-3d7e,-9,7,Normal
2026-02-13 17:33:55.243177,Toronto-3d7e,-22,100,Normal
2026-02-13 17:33:56.243177,Toronto-3d7e,1,94,Normal
2026-02-13 17:33:57.243177,Toronto-3d7e,40,79,Normal
2026-02-13 17:33:58.243177,Toronto-3d7e,8,8,Normal
2026-02-13 17:33:59.243177,Toronto-3d7e,46,0,Normal
2026-02-13 17:34:00.243177,Toronto-3d7e,6,78,Normal
2026-02-13 17:34:01.243177,Toronto-3d7e,36,92,Normal
2026-02-13 17:34:02.243177,Toronto-3d7e,5,67,Normal
2026-02-13 17:34:03.243177,Toronto-3d7e,-15,17,Normal
2026-02-13 17:34:04.243177,Toronto-3d7e,-25,68,Normal
2026-02-13 17:34:05.243177,Toronto-3d7e,38,35,Normal
2026-02-13 17:34:06.243177,Toronto-3d7e,36,23,Normal
2026-02-13 17:34:07.243177,Toronto-3d7e,-23,59,Normal
2026-02-13 17:34:08.243177,Toronto-3d7e,20,41,Normal
2026-02-13 17:34:09.243177,Toronto-3d7e,19,7,Normal
2026-02-13 17:34:10.243177,Toronto-3d7e,-27,39,Normal
2026-02-13 17:34:11.243177,Toronto-3d7e,-30,89,Normal
2026-02-13 17:34:12.243177,Toronto-3d7e,17,67,Normal
2026-02-13 17:34:13.243177,Toronto-3d7e,-23,68,Normal
2026-02-13 17:34:14.243177,Toronto-3d7e,-14,22,Normal
2026-02-13 17:34:15.243177,Toronto-3d7e,45,8,Normal
2026-02-13 17:34:16.243177,Toronto-3d7e,17,5,Normal
2026-02-13 17:34:17.243177,Toronto-3d7e,-16,58,Normal
2026-02-13 17:34:18.243177,Toronto-3d7e,10,52,Normal
2026-02-13 17:34:19.243177,Toronto-3d7e,-29,34,Normal
2026-02-13 17:34:20.243177,Toronto-3d7e,-12,37,Normal
2026-02-13 17:34:21.243177,Toronto-3d7e,29,61,Normal
2026-02-13 17:34:22.243177,Toronto-3d7e,20,2,Normal
2026-02-13 17:34:23.243177,Toronto-3d7e,18,53,Normal
2026-02-13 17:34:24.243177,Toronto-3d7e,29,78,Normal
2026-02-13 17:34:25.243177,Toronto-3d7e,25,63,Normal
2026-02-13 17:34:26.243177,Toronto-3d7e,-14,55,Normal
2026-02-13 17:34:27.243177,Toronto-3d7e,-10,61,Normal
2026-02-13 17:34:28.243177,Toronto-3d7e,24,79,Normal
2026-02-13 17:34:29.243177,Toronto-3d7e,-18,3,Normal
2026-02-13 17:34:30.243177,Toronto-3d7e,34,33,Normal
2026-02-13 17:34:31.243177,Toronto-3d7e,-6,23,Normal
2026-02-13 17:34:32.243177,Toronto-3d7e,-21,94,Normal
2026-02-13 17:34:33.243177,Toronto-3d7e,14,32,Normal
2026-02-13 17:34:34.243177,Toronto-3d7e,-21,87,Normal
2026-02-13 17:34:35.243177,Toronto-3d7e,7,100,Normal
2026-02-13 17:34:36.243177,Toronto-3d7e,29,83,Normal
2026-02-13 17:34:37.243177,Toronto-3d7e,-22,40,Normal
2026-02-13 17:34:38.243177,Toronto-3d7e,-1,84,Normal
2026-02-13 17:34:39.243177,Toronto-3d7e,45,4,Normal
2026-02-13 17:34:40.243177,Toronto-3d7e,45,0,Normal
2026-02-13 17:34:41.243177,Toronto-3d7e,36,89,Normal
2026-02-13 17:34:42.243177,Toronto-3d7e,5,13,Normal
2026-02-13 17:34:43.243177,Toronto-3d7e,-25,76,Normal
2026-02-13 17:34:44.243177,Toronto-3d7e,-21,13,Normal
2026-02-13 17:34:45.243177,Toronto-3d7e,12,16,Normal
2026-02-13 17:34:46.243177,Toronto-3d7e,43,14,Normal
2026-02-13 17:34:47.243177,Toronto-3d7e,11,13,Normal
2026-02-13 17:34:48.243177,Toronto-3d7e,-23,55,Normal
2026-02-13 17:34:49.243177,Toronto-3d7e,42,37,Normal
2026-02-13 17:34:50.243177,Toronto-3d7e,35,31,Normal
2026-02-13 17:34:51.243177,Toronto-3d7e,-15,74,Normal
2026-02-13 17:34:52.243177,Toronto-3d7e,46,66,Normal
2026-02-13 17:34:53.243177,Toronto-3d7e,-20,28,Normal
2026-02-13 17:34:54.243177,Toronto-3d7e,-29,39,Normal
2026-02-13 17:34:55.243177,Toronto-3d7e,-20,50,Normal
2026-02-13 17:34:56.243177,Toronto-3d7e,-15,2,Normal
2026-02-13 17:34:57.243177,Toronto-3d7e,-1,22,Normal
2026-02-13 17:34:58.243177,Toronto-3d7e,25,68,Normal
2026-02-13 17:34:59.243177,Toronto-3d7e,-4,28,Normal
2026-02-13 17:35:00.243177,Toronto-3d7e,36,1,Normal
2026-02-13 17:35:01.243177,Toronto-3d7e,35,86,Normal
2026-02-13 17:35:02.243177,Toronto-3d7e,-12,44,Normal
2026-02-13 17:35:03.243177,Toronto-3d7e,-14,88,Normal
2026-02-13 17:35:04.243177,Toronto-3d7e,-2,75,Normal
2026-02-13 17:35:05.243177,Toronto-3d7e,19,98,Normal
2026-02-13 17:35:06.243177,Toronto-3d7e,12,48,Normal
2026-02-13 17:35:07.243177,Toronto-3d7e,26,26,Normal
2026-02-13 17:35:08.243177,Toronto-3d7e,-23,17,Normal
2026-02-13 17:35:09.243177,Toronto-3d7e,14,84,Normal
2026-02-13 17:35:10.243177,Toronto-3d7e,-17,65,Normal
2026-02-13 17:35:11.243177,Toronto-3d7e,-9,78,Normal
2026-02-13 17:35:12.243177,Toronto-3d7e,-11,59,Normal
2026-02-13 17:35:13.243177,Toronto-3d7e,39,54,Normal
2026-02-13 17:35:14.243177,Toronto-3d7e,48,27,Normal
2026-02-13 17:35:15.243177,Toronto-3d7e,-20,72,Normal
2026-02-13 17:35:16.243177,Toronto-3d7e,30,67,Normal
2026-02-13 17:35:17.243177,Toronto-3d7e,46,17,Normal
2026-02-13 17:35:18.243177,Toronto-3d7e,-25,44,Normal
2026-02-13 17:35:19.243177,Toronto-3d7e,-18,68,Normal
2026-02-13 17:35:20.243177,Toronto-3d7e,1,27,Normal
2026-02-13 17:35:21.243177,Toronto-3d7e,6,27,Normal
2026-02-13 17:35:22.243177,Toronto-3d7e,35,21,Normal
2026-02-13 17:35:23.243177,Toronto-3d7e,-14,12,Normal
2026-02-13 17:35:24.243177,Toronto-3d7e,43,61,Normal
2026-02-13 17:35:25.243177,Toronto-3d7e,-8,21,Normal
2026-02-13 17:35:26.243177,Toronto-3d7e,-16,93,Normal
2026-02-13 17:35:27.243177,Toronto-3d7e,-28,10,Normal
2026-02-13 17:35:28.243177,Toronto-3d7e,-11,41,Normal
2026-02-13 17:35:29.243177,Toronto-3d7e,-20,54,Normal
2026-02-13 17:35:30.243177,Toronto-3d7e,4,55,Normal
2026-02-13 17:35:31.243177,Toronto-3d7e,-22,3,Normal
2026-02-13 17:35:32.243177,Toronto-3d7e,-21,16,Normal
2026-02-13 17:35:33.243177,Toronto-3d7e,-28,71,Normal
2026-02-13 17:35:34.243177,Toronto-3d7e,6,82,Normal
2026-02-13 17:35:35.243177,Toronto-3d7e,27,87,Normal
2026-02-13 17:35:36.243177,Toronto-3d7e,14,57,Normal
2026-02-13 17:35:37.243177,Toronto-3d7e,39,25,Normal
2026-02-13 17:35:38.243177,Toronto-3d7e,-15,24,Normal
2026-02-13 17:35:39.243177,Toronto-3d7e,23,99,Normal
2026-02-13 17:35:40.243177,Toronto-3d7e,5,96,Normal
2026-02-13 17:35:41.243177,Toronto-3d7e,16,46,Normal
2026-02-13 17:35:42.243177,Toronto-3d7e,10,79,Normal
2026-02-13 17:35:43.243177,Toronto-3d7e,-30,83,Normal
2026-02-13 17:35:44.243177,Toronto-3d7e,25,30,Normal
2026-02-13 17:35:45.243177,Toronto-3d7e,-30,79,Normal
2026-02-13 17:35:46.243177,Toronto-3d7e,16,79,Normal
2026-02-13 17:35:47.243177,Toronto-3d7e,38,88,Normal
2026-02-13 17:35:48.243177,Toronto-3d7e,-27,71,Normal
2026-02-13 17:35:49.243177,Toronto-3d7e,-4,51,Normal
2026-02-13 17:35:50.243177,Toronto-3d7e,-7,67,Normal
2026-02-13 17:35:51.243177,Toronto-3d7e,25,3,Normal
2026-02-13 17:35:52.243177,Toronto-3d7e,44,75,Normal
2026-02-13 17:35:53.243177,Toronto-3d7e,25,31,Normal
2026-02-13 17:35:54.243177,Toronto-3d7e,34,79,Normal
2026-02-13 17:35:55.243177,Toronto-3d7e,-23,31,Normal
2026-02-13 17:35:56.243177,Toronto-3d7e,22,72,Normal
2026-02-13 17:35:57.243177,Toronto-3d7e,-1,18,Normal
2026-02-13 17:35:58.243177,Toronto-3d7e,30,100,Normal
2026-02-13 17:35:59.243177,Toronto-3d7e,4,58,Normal
2026-02-13 17:36:00.243177,Toronto-3d7e,28,63,Normal
2026-02-13 17:36:01.243177,Toronto-3d7e,0,8,Normal
2026-02-13 17:36:02.243177,Toronto-3d7e,-28,69,Normal
2026-02-13 17:36:03.243177,Toronto-3d7e,38,24,Normal
2026-02-13 17:36:04.243177,Toronto-3d7e,23,31,Normal
2026-02-13 17:36:05.243177,Toronto-3d7e,25,30,Normal
2026-02-13 17:36:06.243177,Toronto-3d7e,-10,93,Normal
2026-02-13 17:36:07.243177,Toronto-3d7e,-25,29,Normal
2026-02-13 17:36:08.243177,Toronto-3d7e,21,4,Normal
2026-02-13 17:36:09.243177,Toronto-3d7e,-8,41,Normal
2026-02-13 17:36:10.243177,Toronto-3d7e,-12,4,Normal
2026-02-13 17:36:11.243177,Toronto-3d7e,-15,62,Normal
2026-02-13 17:36:12.243177,Toronto-3d7e,49,26,Normal
2026-02-13 17:36:13.243177,Toronto-3d7e,30,45,Normal
2026-02-13 17:36:14.243177,Toronto-3d7e,1,40,Normal
2026-02-13 17:36:15.243177,Toronto-3d7e,30,28,Normal
2026-02-13 17:36:16.243177,Toronto-3d7e,-12,75,Normal
2026-02-13 17:36:17.243177,Toronto-3d7e,49,25,Normal
2026-02-13 17:36:18.243177,Toronto-3d7e,-16,52,Normal
2026-02-13 17:36:19.243177,Toronto-3d7e,30,36,Normal
2026-02-13 17:36:20.243177,Toronto-3d7e,-24,70,Normal
2026-02-13 17:36:21.243177,Toronto-3d7e,-18,84,Normal
2026-02-13 17:36:22.243177,Toronto-3d7e,-22,74,Normal
2026-02-13 17:36:23.243177,Toronto-3d7e,6,74,Normal
2026-02-13 17:36:24.243177,Toronto-3d7e,34,39,Normal
2026-02-13 17:36:25.243177,Toronto-3d7e,-14,77,Normal
2026-02-13 17:36:26.243177,Toronto-3d7e,45,5,Normal
2026-02-13 17:36:27.243177,Toronto-3d7e,11,10,Normal
2026-02-13 17:36:28.243177,Toronto-3d7e,27,13,Normal
2026-02-13 17:36:29.243177,Toronto-3d7e,50,54,Normal
2026-02-13 17:36:30.243177,Toronto-3d7e,44,73,Normal
2026-02-13 17:36:31.243177,Toronto-3d7e,14,96,Normal
2026-02-13 17:36:32.243177,Toronto-3d7e,-21,66,Normal
2026-02-13 17:36:33.243177,Toronto-3d7e,-17,93,Normal
2026-02-13 17:36:34.243177,Toronto-3d7e,0,39,Normal
2026-02-13 17:36:35.243177,Toronto-3d7e,26,23,Normal
2026-02-13 17:36:36.243177,Toronto-3d7e,26,86,Normal
2026-02-13 17:36:37.243177,Toronto-3d7e,-1,62,Normal
2026-02-13 17:36:38.243177,Toronto-3d7e,-23,25,Normal
2026-02-13 17:36:39.243177,Toronto-3d7e,18,16,Normal
2026-02-13 17:36:40.243177,Toronto-3d7e,10,29,Normal
2026-02-13 17:36:41.243177,Toronto-3d7e,39,98,Normal
2026-02-13 17:36:42.243177,Toronto-3d7e,-28,76,Normal
2026-02-13 17:36:43.243177,Toronto-3d7e,49,91,Normal
2026-02-13 17:36:44.243177,Toronto-3d7e,15,56,Normal
2026-02-13 17:36:45.243177,Toronto-3d7e,-25,40,Normal
2026-02-13 17:36:46.243177,Toronto-3d7e,2,1,Normal
2026-02-13 17:36:47.243177,Toronto-3d7e,-24,27,Normal
2026-02-13 17:36:48.243177,Toronto-3d7e,24,25,Normal
2026-02-13 17:36:49.243177,Toronto-3d7e,50,46,Normal
2026-02-13 17:36:50.243177,Toronto-3d7e,12,95,Normal
2026-02-13 17:36:51.243177,Toronto-3d7e,28,95,Normal
2026-02-13 17:36:52.243177,Toronto-3d7e,34,31,Normal
2026-02-13 17:36:53.243177,Toronto-3d7e,0,57,Normal
2026-02-13 17:36:54.243177,Toronto-3d7e,40,84,Normal
2026-02-13 17:36:55.243177,Toronto-3d7e,-8,83,Normal
2026-02-13 17:36:56.243177,Toronto-3d7e,44,98,Normal
2026-02-13 17:36:57.243177,Toronto-3d7e,31,97,Normal
2026-02-13 17:36:58.243177,Toronto-3d7e,19,70,Normal
2026-02-13 17:36:59.243177,Toronto-3d7e,-3,71,Normal
2026-02-13 17:37:00.243177,Toronto-3d7e,24,60,Normal
2026-02-13 17:37:01.243177,Toronto-3d7e,47,55,Normal
2026-02-13 17:37:02.243177,Toronto-3d7e,-19,74,Normal
2026-02-13 17:37:03.243177,Toronto-3d7e,24,30,Normal
2026-02-13 17:37:04.243177,Toronto-3d7e,-15,59,Normal
2026-02-13 17:37:05.243177,Toronto-3d7e,38,89,Normal
2026-02-13 17:37:06.243177,Toronto-3d7e,50,33,Normal
2026-02-13 17:37:07.243177,Toronto-3d7e,33,29,Normal
2026-02-13 17:37:08.243177,Toronto-3d7e,48,31,Normal
2026-02-13 17:37:09.243177,Toronto-3d7e,13,3,Normal
2026-02-13 17:37:10.243177,Toronto-3d7e,30,81,Normal
2026-02-13 17:37:11.243177,Toronto-3d7e,-7,2,Normal
2026-02-13 17:37:12.243177,Toronto-3d7e,-13,87,Normal
2026-02-13 17:37:13.243177,Toronto-3d7e,-25,29,Normal
2026-02-13 17:37:14.243177,Toronto-3d7e,23,77,Normal
2026-02-13 17:37:15.243177,Toronto-3d7e,8,61,Normal
2026-02-13 17:37:16.243177,Toronto-3d7e,3,73,Normal
2026-02-13 17:37:17.243177,Toronto-3d7e,12,76,Normal
2026-02-13 17:37:18.243177,Toronto-3d7e,-16,41,Normal
2026-02-13 17:37:19.243177,Toronto-3d7e,50,34,Normal
2026-02-13 17:37:20.243177,Toronto-3d7e,-15,40,Normal
2026-02-13 17:37:21.243177,Toronto-3d7e,-20,29,Normal
2026-02-13 17:37:22.243177,Toronto-3d7e,-27,66,Normal
2026-02-13 17:37:23.243177,Toronto-3d7e,-12,8,Normal
2026-02-13 17:37:24.243177,Toronto-3d7e,5,53,Normal
2026-02-13 17:37:25.243177,Toronto-3d7e,-28,78,Normal
2026-02-13 17:37:26.243177,Toronto-3d7e,1,80,Normal
2026-02-13 17:37:27.243177,Toronto-3d7e,-4,40,Normal
2026-02-13 17:37:28.243177,Toronto-3d7e,-8,22,Normal
2026-02-13 17:37:29.243177,Toronto-3d7e,49,86,Normal
2026-02-13 17:37:30.243177,Toronto-3d7e,41,61,Normal
2026-02-13 17:37:31.243177,Toronto-3d7e,27,39,Normal
2026-02-13 17:37:32.243177,Toronto-3d7e,3,78,Normal
2026-02-13 17:37:33.243177,Toronto-3d7e,-13,27,Normal
2026-02-13 17:37:34.243177,Toronto-3d7e,3,45,Normal
2026-02-13 17:37:35.243177,Toronto-3d7e,43,54,Normal
2026-02-13 17:37:36.243177,Toronto-3d7e,-28,53,Normal
2026-02-13 17:37:37.243177,Toronto-3d7e,11,75,Normal
2026-02-13 17:37:38.243177,Toronto-3d7e,-1,25,Normal
2026-02-13 17:37:39.243177,Toronto-3d7e,4,99,Normal
2026-02-13 17:37:40.243177,Toronto-3d7e,-22,84,Normal
2026-02-13 17:37:41.243177,Toronto-3d7e,43,87,Normal
2026-02-13 17:37:42.243177,Toronto-3d7e,7,59,Normal
2026-02-13 17:37:43.243177,Toronto-3d7e,-6,17,Normal
2026-02-13 17:37:44.243177,Toronto-3d7e,-25,19,Normal
2026-02-13 17:37:45.243177,Toronto-3d7e,-12,88,Normal
2026-02-13 17:37:46.243177,Toronto-3d7e,-21,27,Normal
2026-02-13 17:37:47.243177,Toronto-3d7e,-12,28,Normal
2026-02-13 17:37:48.243177,Toronto-3d7e,18,90,Normal
2026-02-13 17:37:49.243177,Toronto-3d7e,41,57,Normal
2026-02-13 17:37:50.243177,Toronto-3d7e,17,54,Normal
2026-02-13 17:37:51.243177,Toronto-3d7e,10,42,Normal
2026-02-13 17:37:52.243177,Toronto-3d7e,1,72,Normal
2026-02-13 17:37:53.243177,Toronto-3d7e,-8,10,Normal
2026-02-13 17:37:54.243177,Toronto-3d7e,-1,33,Normal
2026-02-13 17:37:55.243177,Toronto-3d7e,18,21,Normal
2026-02-13 17:37:56.243177,Toronto-3d7e,-6,81,Normal
2026-02-13 17:37:57.243177,Toronto-3d7e,-30,39,Normal
2026-02-13 17:37:58.243177,Toronto-3d7e,-17,76,Normal
2026-02-13 17:37:59.243177,Toronto-3d7e,-2,1,Normal
2026-02-13 17:38:00.243177,Toronto-3d7e,18,73,Normal
2026-02-13 17:38:01.243177,Toronto-3d7e,35,8,Normal
2026-02-13 17:38:02.243177,Toronto-3d7e,-26,49,Normal
2026-02-13 17:38:03.243177,Toronto-3d7e,5,17,Normal
2026-02-13 17:38:04.243177,Toronto-3d7e,29,5,Normal
2026-02-13 17:38:05.243177,Toronto-3d7e,27,44,Normal
2026-02-13 17:38:06.243177,Toronto-3d7e,-10,28,Normal
2026-02-13 17:38:07.243177,Toronto-3d7e,8,77,Normal
2026-02-13 17:38:08.243177,Toronto-3d7e,32,40,Normal
2026-02-13 17:38:09.243177,Toronto-3d7e,-16,91,Normal
2026-02-13 17:38:10.243177,Toronto-3d7e,35,25,Normal
2026-02-13 17:38:11.243177,Toronto-3d7e,-16,18,Normal
2026-02-13 17:38:12.243177,Toronto-3d7e,-8,58,Normal
2026-02-13 17:38:13.243177,Toronto-3d7e,35,4,Normal
2026-02-13 17:38:14.243177,Toronto-3d7e,2,38,Normal
2026-02-13 17:38:15.243177,Toronto-3d7e,-7,11,Normal
2026-02-13 17:38:16.243177,Toronto-3d7e,50,71,Normal
2026-02-13 17:38:17.243177,Toronto-3d7e,-28,33,Normal
2026-02-13 17:38:18.243177,Toronto-3d7e,15,4,Normal
2026-02-13 17:38:19.243177,Toronto-3d7e,-23,39,Normal
2026-02-13 17:38:20.243177,Toronto-3d7e,29,11,Normal
2026-02-13 17:38:21.243177,Toronto-3d7e,17,100,Normal
2026-02-13 17:38:22.243177,Toronto-3d7e,-13,10,Normal
2026-02-13 17:38:23.243177,Toronto-3d7e,45,3,Normal
2026-02-13 17:38:24.243177,Toronto-3d7e,20,37,Normal
2026-02-13 17:38:25.243177,Toronto-3d7e,18,79,Normal
2026-02-13 17:38:26.243177,Toronto-3d7e,9,7,Normal
2026-02-13 17:38:27.243177,Toronto-3d7e,23,25,Normal
2026-02-13 17:38:28.243177,Toronto-3d7e,39,95,Normal
2026-02-13 17:38:29.243177,Toronto-3d7e,-23,14,Normal
2026-02-13 17:38:30.243177,Toronto-3d7e,-5,12,Normal
2026-02-13 17:38:31.243177,Toronto-3d7e,18,74,Normal
2026-02-13 17:38:32.243177,Toronto-3d7e,27,1,Normal
2026-02-13 17:38:33.243177,Toronto-3d7e,40,28,Normal
2026-02-13 17:38:34.243177,Toronto-3d7e,-16,84,Normal
2026-02-13 17:38:35.243177,Toronto-3d7e,32,44,Normal
2026-02-13 17:38:36.243177,Toronto-3d7e,48,25,Normal
2026-02-13 17:38:37.243177,Toronto-3d7e,40,26,Normal
2026-02-13 17:38:38.243177,Toronto-3d7e,19,17,Normal
2026-02-13 17:38:39.243177,Toronto-3d7e,21,0,Normal
2026-02-13 17:38:40.243177,Toronto-3d7e,25,85,Normal
2026-02-13 17:38:41.243177,Toronto-3d7e,-30,95,Normal
2026-02-13 17:38:42.243177,Toronto-3d7e,-10,51,Normal
2026-02-13 17:38:43.243177,Toronto-3d7e,43,6,Normal
2026-02-13 17:38:44.243177,Toronto-3d7e,26,88,Normal
2026-02-13 17:38:45.243177,Toronto-3d7e,-29,40,Normal
2026-02-13 17:38:46.243177,Toronto-3d7e,13,40,Normal
2026-02-13 17:38:47.243177,Toronto-3d7e,38,98,Normal
2026-02-13 17:38:48.243177,Toronto-3d7e,45,16,Normal
2026-02-13 17:38:49.243177,Toronto-3d7e,24,39,Normal
2026-02-13 17:38:50.243177,Toronto-3d7e,-19,8,Normal
2026-02-13 17:38:51.243177,Toronto-3d7e,-13,28,Normal
2026-02-13 17:38:52.243177,Toronto-3d7e,9,85,Normal
2026-02-13 17:38:53.243177,Toronto-3d7e,38,82,Normal
2026-02-13 17:38:54.243177,Toronto-3d7e,24,46,Normal
2026-02-13 17:38:55.243177,Toronto-3d7e,46,19,Normal
2026-02-13 17:38:56.243177,Toronto-3d7e,-8,97,Normal
2026-02-13 17:38:57.243177,Toronto-3d7e,36,44,Normal
2026-02-13 17:38:58.243177,Toronto-3d7e,12,3,Normal
2026-02-13 17:38:59.243177,Toronto-3d7e,-25,18,Normal
2026-02-13 17:39:00.243177,Toronto-3d7e,32,40,Normal
2026-02-13 17:39:01.243177,Toronto-3d7e,13,72,Normal
2026-02-13 17:39:02.243177,Toronto-3d7e,41,79,Normal
2026-02-13 17:39:03.243177,Toronto-3d7e,-27,37,Normal
2026-02-13 17:39:04.243177,Toronto-3d7e,4,90,Normal
2026-02-13 17:39:05.243177,Toronto-3d7e,15,61,Normal
2026-02-13 17:39:06.243177,Toronto-3d7e,15,91,Normal
2026-02-13 17:39:07.243177,Toronto-3d7e,10,26,Normal
2026-02-13 17:39:08.243177,Toronto-3d7e,-26,12,Normal
2026-02-13 17:39:09.243177,Toronto-3d7e,6,43,Normal
2026-02-13 17:39:10.243177,Toronto-3d7e,24,63,Normal
2026-02-13 17:39:11.243177,Toronto-3d7e,-15,70,Normal
2026-02-13 17:39:12.243177,Toronto-3d7e,-18,59,Normal
2026-02-13 17:39:13.243177,Toronto-3d7e,7,85,Normal
2026-02-13 17:39:14.243177,Toronto-3d7e,-26,11,Normal
2026-02-13 17:39:15.243177,Toronto-3d7e,15,33,Normal
2026-02-13 17:39:16.243177,Toronto-3d7e,47,94,Normal
2026-02-13 17:39:17.243177,Toronto-3d7e,49,12,Normal
2026-02-13 17:39:18.243177,Toronto-3d7e,44,97,Normal
2026-02-13 17:39:19.243177,Toronto-3d7e,-19,39,Normal
2026-02-13 17:39:20.243177,Toronto-3d7e,-22,95,Normal
2026-02-13 17:39:21.243177,Toronto-3d7e,-4,98,Normal
2026-02-13 17:39:22.243177,Toronto-3d7e,-10,37,Normal
2026-02-13 17:39:23.243177,Toronto-3d7e,21,10,Normal
2026-02-13 17:39:24.243177,Toronto-3d7e,-28,81,Normal
2026-02-13 17:39:25.243177,Toronto-3d7e,-28,68,Normal
2026-02-13 17:39:26.243177,Toronto-3d7e,5,96,Normal
2026-02-13 17:39:27.243177,Toronto-3d7e,-22,81,Normal
2026-02-13 17:39:28.243177,Toronto-3d7e,2,67,Normal
2026-02-13 17:39:29.243177,Toronto-3d7e,39,76,Normal
2026-02-13 17:39:30.243177,Toronto-3d7e,6,36,Normal
2026-02-13 17:39:31.243177,Toronto-3d7e,-23,6,Normal
2026-02-13 17:39:32.243177,Toronto-3d7e,7,74,Normal
2026-02-13 17:39:33.243177,Toronto-3d7e,11,16,Normal
2026-02-13 17:39:34.243177,Toronto-3d7e,33,0,Normal
2026-02-13 17:39:35.243177,Toronto-3d7e,22,39,Normal
2026-02-13 17:39:36.243177,Toronto-3d7e,-25,100,Normal
2026-02-13 17:39:37.243177,Toronto-3d7e,41,85,Normal
2026-02-13 17:39:38.243177,Toronto-3d7e,-21,55,Normal
2026-02-13 17:39:39.243177,Toronto-3d7e,-2,94,Normal
2026-02-13 17:39:40.243177,Toronto-3d7e,-10,38,Normal
2026-02-13 17:39:41.243177,Toronto-3d7e,13,9,Normal
2026-02-13 17:39:42.243177,Toronto-3d7e,-19,7,Normal
2026-02-13 17:39:43.243177,Toronto-3d7e,32,76,Normal
2026-02-13 17:39:44.243177,Toronto-3d7e,42,85,Normal
2026-02-13 17:39:45.243177,Toronto-3d7e,12,30,Normal
2026-02-13 17:39:46.243177,Toronto-3d7e,-11,34,Normal
2026-02-13 17:39:47.243177,Toronto-3d7e,16,12,Normal
2026-02-13 17:39:48.243177,Toronto-3d7e,19,62,Normal
2026-02-13 17:39:49.243177,Toronto-3d7e,-17,30,Normal
2026-02-13 17:39:50.243177,Toronto-3d7e,-18,24,Normal
2026-02-13 17:39:51.243177,Toronto-3d7e,0,0,Normal
2026-02-13 17:39:52.243177,Toronto-3d7e,-24,26,Normal
2026-02-13 17:39:53.243177,Toronto-3d7e,19,4,Normal
2026-02-13 17:39:54.243177,Toronto-3d7e,10,52,Normal
2026-02-13 17:39:55.243177,Toronto-3d7e,13,12,Normal
2026-02-13 17:39:56.243177,Toronto-3d7e,19,93,Normal
2026-02-13 17:39:57.243177,Toronto-3d7e,-21,4,Normal
2026-02-13 17:39:58.243177,Toronto-3d7e,47,58,Normal
2026-02-13 17:39:59.243177,Toronto-3d7e,-22,6,Normal
2026-02-13 17:40:00.243177,Toronto-3d7e,6,30,Normal
2026-02-13 17:40:01.243177,Toronto-3d7e,-21,13,Normal
2026-02-13 17:40:02.243177,Toronto-3d7e,-23,89,Normal
2026-02-13 17:40:03.243177,Toronto-3d7e,-2,29,Normal
2026-02-13 17:40:04.243177,Toronto-3d7e,24,54,Normal
2026-02-13 17:40:05.243177,Toronto-3d7e,36,45,Normal
2026-02-13 17:40:06.243177,Toronto-3d7e,10,8,Normal
2026-02-13 17:40:07.243177,Toronto-3d7e,-21,24,Normal
2026-02-13 17:40:08.243177,Toronto-3d7e,-5,78,Normal
2026-02-13 17:40:09.243177,Toronto-3d7e,24,43,Normal
2026-02-13 17:40:10.243177,Toronto-3d7e,-26,54,Normal
2026-02-13 17:40:11.243177,Toronto-3d7e,31,48,Normal
2026-02-13 17:40:12.243177,Toronto-3d7e,-10,73,Normal
2026-02-13 17:40:13.243177,Toronto-3d7e,-17,44,Normal
2026-02-13 17:40:14.243177,Toronto-3d7e,38,96,Normal
2026-02-13 17:40:15.243177,Toronto-3d7e,24,46,Normal
2026-02-13 17:40:16.243177,Toronto-3d7e,-27,97,Normal
2026-02-13 17:40:17.243177,Toronto-3d7e,20,38,Normal
2026-02-13 17:40:18.243177,Toronto-3d7e,-12,14,Normal
2026-02-13 17:40:19.243177,Toronto-3d7e,35,16,Normal
2026-02-13 17:40:20.243177,Toronto-3d7e,-27,53,Normal
2026-02-13 17:40:21.243177,Toronto-3d7e,-30,76,Normal
2026-02-13 17:40:22.243177,Toronto-3d7e,35,2,Normal
2026-02-13 17:40:23.243177,Toronto-3d7e,-7,19,Normal
2026-02-13 17:40:24.243177,Toronto-3d7e,16,79,Normal
2026-02-13 17:40:25.243177,Toronto-3d7e,-21,34,Normal
2026-02-13 17:40:26.243177,Toronto-3d7e,6,73,Normal
2026-02-13 17:40:27.243177,Toronto-3d7e,21,4,Normal
2026-02-13 17:40:28.243177,Toronto-3d7e,-17,59,Normal
2026-02-13 17:40:29.243177,Toronto-3d7e,2,74,Normal
2026-02-13 17:40:30.243177,Toronto-3d7e,-2,57,Normal
2026-02-13 17:40:31.243177,Toronto-3d7e,37,43,Normal
2026-02-13 17:40:32.243177,Toronto-3d7e,-13,84,Normal
2026-02-13 17:40:33.243177,Toronto-3d7e,-7,4,Normal
2026-02-13 17:40:34.243177,Toronto-3d7e,31,58,Normal
2026-02-13 17:40:35.243177,Toronto-3d7e,40,63,Normal
2026-02-13 17:40:36.243177,Toronto-3d7e,-9,97,Normal
2026-02-13 17:40:37.243177,Toronto-3d7e,39,19,Normal
2026-02-13 17:40:38.243177,Toronto-3d7e,23,11,Normal
2026-02-13 17:40:39.243177,Toronto-3d7e,9,21,Normal
2026-02-13 17:40:40.243177,Toronto-3d7e,24,14,Normal
2026-02-13 17:40:41.243177,Toronto-3d7e,-8,92,Normal
2026-02-13 17:40:42.243177,Toronto-3d7e,1,0,Normal
2026-02-13 17:40:43.243177,Toronto-3d7e,-1,18,Normal
2026-02-13 17:40:44.243177,Toronto-3d7e,-1,98,Normal
2026-02-13 17:40:45.243177,Toronto-3d7e,35,23,Normal
2026-02-13 17:40:46.243177,Toronto-3d7e,12,81,Normal
2026-02-13 17:40:47.243177,Toronto-3d7e,-2,5,Normal
2026-02-13 17:40:48.243177,Toronto-3d7e,6,60,Normal
2026-02-13 17:40:49.243177,Toronto-3d7e,-27,11,Normal
2026-02-13 17:40:50.243177,Toronto-3d7e,0,14,Normal
2026-02-13 17:40:51.243177,Toronto-3d7e,45,77,Normal
2026-02-13 17:40:52.243177,Toronto-3d7e,37,23,Normal
2026-02-13 17:40:53.243177,Toronto-3d7e,50,52,Normal
2026-02-13 17:40:54.243177,Toronto-3d7e,14,89,Normal
2026-02-13 17:40:55.243177,Toronto-3d7e,48,25,Normal
2026-02-13 17:40:56.243177,Toronto-3d7e,3,75,Normal
2026-02-13 17:40:57.243177,Toronto-3d7e,21,81,Normal
2026-02-13 17:40:58.243177,Toronto-3d7e,15,71,Normal
2026-02-13 17:40:59.243177,Toronto-3d7e,-4,42,Normal
2026-02-13 17:41:00.243177,Toronto-3d7e,49,66,Normal
2026-02-13 17:41:01.243177,Toronto-3d7e,34,55,Normal
2026-02-13 17:41:02.243177,Toronto-3d7e,18,77,Normal
2026-02-13 17:41:03.243177,Toronto-3d7e,26,5,Normal
2026-02-13 17:41:04.243177,Toronto-3d7e,49,68,Normal
2026-02-13 17:41:05.243177,Toronto-3d7e,10,81,Normal
2026-02-13 17:41:06.243177,Toronto-3d7e,20,100,Normal
2026-02-13 17:41:07.243177,Toronto-3d7e,-15,17,Normal
2026-02-13 17:41:08.243177,Toronto-3d7e,-25,73,Normal
2026-02-13 17:41:09.243177,Toronto-3d7e,29,57,Normal
2026-02-13 17:41:10.243177,Toronto-3d7e,37,4,Normal
2026-02-13 17:41:11.243177,Toronto-3d7e,-26,55,Normal
2026-02-13 17:41:12.243177,Toronto-3d7e,50,7,Normal
2026-02-13 17:41:13.243177,Toronto-3d7e,-15,83,Normal
2026-02-13 17:41:14.243177,Toronto-3d7e,18,16,Normal
2026-02-13 17:41:15.243177,Toronto-3d7e,-15,26,Normal
2026-02-13 17:41:16.243177,Toronto-3d7e,14,80,Normal
2026-02-13 17:41:17.243177,Toronto-3d7e,20,77,Normal
2026-02-13 17:41:18.243177,Toronto-3d7e,-10,13,Normal
2026-02-13 17:41:19.243177,Toronto-3d7e,-9,53,Normal
2026-02-13 17:41:20.243177,Toronto-3d7e,39,96,Normal
2026-02-13 17:41:21.243177,Toronto-3d7e,39,28,Normal
2026-02-13 17:41:22.243177,Toronto-3d7e,41,52,Normal
2026-02-13 17:41:23.243177,Toronto-3d7e,48,50,Normal
2026-02-13 17:41:24.243177,Toronto-3d7e,19,50,Normal
2026-02-13 17:41:25.243177,Toronto-3d7e,-30,66,Normal
2026-02-13 17:41:26.243177,Toronto-3d7e,11,75,Normal
2026-02-13 17:41:27.243177,Toronto-3d7e,17,87,Normal
2026-02-13 17:41:28.243177,Toronto-3d7e,43,14,Normal
2026-02-13 17:41:29.243177,Toronto-3d7e,6,43,Normal
2026-02-13 17:41:30.243177,Toronto-3d7e,-11,32,Normal
2026-02-13 17:41:31.243177,Toronto-3d7e,-29,34,Normal
2026-02-13 17:41:32.243177,Toronto-3d7e,16,89,Normal
2026-02-13 17:41:33.243177,Toronto-3d7e,-18,48,Normal
2026-02-13 17:41:34.243177,Toronto-3d7e,8,26,Normal
2026-02-13 17:41:35.243177,Toronto-3d7e,-19,96,Normal
2026-02-13 17:41:36.243177,Toronto-3d7e,-10,28,Normal
2026-02-13 17:41:37.243177,Toronto-3d7e,5,68,Normal
2026-02-13 17:41:38.243177,Toronto-3d7e,27,39,Normal
2026-02-13 17:41:39.243177,Toronto-3d7e,45,14,Normal
2026-02-13 17:41:40.243177,Toronto-3d7e,-17,10,Normal
2026-02-13 17:41:41.243177,Toronto-3d7e,27,78,Normal
2026-02-13 17:41:42.243177,Toronto-3d7e,41,46,Normal
2026-02-13 17:41:43.243177,Toronto-3d7e,19,27,Normal
2026-02-13 17:41:44.243177,Toronto-3d7e,-30,62,Normal
2026-02-13 17:41:45.243177,Toronto-3d7e,4,22,Normal
2026-02-13 17:41:46.243177,Toronto-3d7e,9,45,Normal
2026-02-13 17:41:47.243177,Toronto-3d7e,8,62,Normal
2026-02-13 17:41:48.243177,Toronto-3d7e,9,13,Normal
2026-02-13 17:41:49.243177,Toronto-3d7e,34,33,Normal
2026-02-13 17:41:50.243177,Toronto-3d7e,-29,66,Normal
2026-02-13 17:41:51.243177,Toronto-3d7e,30,84,Normal
2026-02-13 17:41:52.243177,Toronto-3d7e,9,79,Normal
2026-02-13 17:41:53.243177,Toronto-3d7e,-20,25,Normal
2026-02-13 17:41:54.243177,Toronto-3d7e,-27,83,Normal
2026-02-13 17:41:55.243177,Toronto-3d7e,31,49,Normal
2026-02-13 17:41:56.243177,Toronto-3d7e,-19,77,Normal
2026-02-13 17:41:57.243177,Toronto-3d7e,-29,65,Normal
2026-02-13 17:41:58.243177,Toronto-3d7e,22,84,Normal
2026-02-13 17:41:59.243177,Toronto-3d7e,34,74,Normal
2026-02-13 17:42:00.243177,Toronto-3d7e,-27,49,Normal
2026-02-13 17:42:01.243177,Toronto-3d7e,32,100,Normal
2026-02-13 17:42:02.243177,Toronto-3d7e,48,63,Normal
2026-02-13 17:42:03.243177,Toronto-3d7e,11,89,Normal
2026-02-13 17:42:04.243177,Toronto-3d7e,45,38,Normal
2026-02-13 17:42:05.243177,Toronto-3d7e,10,92,Normal
2026-02-13 17:42:06.243177,Toronto-3d7e,-30,80,Normal
2026-02-13 17:42:07.243177,Toronto-3d7e,-7,37,Normal
2026-02-13 17:42:08.243177,Toronto-3d7e,26,50,Normal
2026-02-13 17:42:09.243177,Toronto-3d7e,33,82,Normal
2026-02-13 17:42:10.243177,Toronto-3d7e,-6,65,Normal
2026-02-13 17:42:11.243177,Toronto-3d7e,-13,24,Normal
2026-02-13 17:42:12.243177,Toronto-3d7e,-15,64,Normal
2026-02-13 17:42:13.243177,Toronto-3d7e,29,62,Normal
2026-02-13 17:42:14.243177,Toronto-3d7e,-27,6,Normal
2026-02-13 17:42:15.243177,Toronto-3d7e,35,90,Normal
2026-02-13 17:42:16.243177,Toronto-3d7e,-13,81,Normal
2026-02-13 17:42:17.243177,Toronto-3d7e,-27,39,Normal
2026-02-13 17:42:18.243177,Toronto-3d7e,50,96,Normal
2026-02-13 17:42:19.243177,Toronto-3d7e,-19,19,Normal
2026-02-13 17:42:20.243177,Toronto-3d7e,-17,32,Normal
2026-02-13 17:42:21.243177,Toronto-3d7e,1,4,Normal
2026-02-13 17:42:22.243177,Toronto-3d7e,-19,88,Normal
2026-02-13 17:42:23.243177,Toronto-3d7e,24,60,Normal
2026-02-13 17:42:24.243177,Toronto-3d7e,33,9,Normal
2026-02-13 17:42:25.243177,Toronto-3d7e,-19,45,Normal
2026-02-13 17:42:26.243177,Toronto-3d7e,5,25,Normal
2026-02-13 17:42:27.243177,Toronto-3d7e,35,48,Normal
2026-02-13 17:42:28.243177,Toronto-3d7e,32,23,Normal
2026-02-13 17:42:29.243177,Toronto-3d7e,10,47,Normal
2026-02-13 17:42:30.243177,Toronto-3d7e,47,94,Normal
2026-02-13 17:42:31.243177,Toronto-3d7e,45,66,Normal
2026-02-13 17:42:32.243177,Toronto-3d7e,33,7,Normal
2026-02-13 17:42:33.243177,Toronto-3d7e,-21,48,Normal
2026-02-13 17:42:34.243177,Toronto-3d7e,-7,9,Normal
2026-02-13 17:42:35.243177,Toronto-3d7e,5,60,Normal
2026-02-13 17:42:36.243177,Toronto-3d7e,-20,66,Normal
2026-02-13 17:42:37.243177,Toronto-3d7e,13,74,Normal
2026-02-13 17:42:38.243177,Toronto-3d7e,-29,31,Normal
2026-02-13 17:42:39.243177,Toronto-3d7e,-2,8,Normal
2026-02-13 17:42:40.243177,Toronto-3d7e,21,34,Normal
2026-02-13 17:42:41.243177,Toronto-3d7e,50,46,Normal
2026-02-13 17:42:42.243177,Toronto-3d7e,-30,26,Normal
2026-02-13 17:42:43.243177,Toronto-3d7e,-4,43,Normal
2026-02-13 17:42:44.243177,Toronto-3d7e,47,26,Normal
2026-02-13 17:42:45.243177,Toronto-3d7e,43,72,Normal
2026-02-13 17:42:46.243177,Toronto-3d7e,-11,35,Normal
2026-02-13 17:42:47.243177,Toronto-3d7e,27,84,Normal
2026-02-13 17:42:48.243177,Toronto-3d7e,31,19,Normal
2026-02-13 17:42:49.243177,Toronto-3d7e,-6,37,Normal
2026-02-13 17:42:50.243177,Toronto-3d7e,28,88,Normal
2026-02-13 17:42:51.243177,Toronto-3d7e,48,74,Normal
2026-02-13 17:42:52.243177,Toronto-3d7e,12,16,Normal
2026-02-13 17:42:53.243177,Toronto-3d7e,30,71,Normal
2026-02-13 17:42:54.243177,Toronto-3d7e,1,42,Normal
2026-02-13 17:42:55.243177,Toronto-3d7e,25,25,Normal
2026-02-13 17:42:56.243177,Toronto-3d7e,-6,62,Normal
2026-02-13 17:42:57.243177,Toronto-3d7e,-9,88,Normal
2026-02-13 17:42:58.243177,Toronto-3d7e,-13,20,Normal
2026-02-13 17:42:59.243177,Toronto-3d7e,40,88,Normal
2026-02-13 17:43:00.243177,Toronto-3d7e,-9,32,Normal
2026-02-13 17:43:01.243177,Toronto-3d7e,36,14,Normal
2026-02-13 17:43:02.243177,Toronto-3d7e,35,30,Normal
2026-02-13 17:43:03.243177,Toronto-3d7e,28,47,Normal
2026-02-13 17:43:04.243177,Toronto-3d7e,0,51,Normal
2026-02-13 17:43:05.243177,Toronto-3d7e,38,76,Normal
2026-02-13 17:43:06.243177,Toronto-3d7e,-19,41,Normal
2026-02-13 17:43:07.243177,Toronto-3d7e,26,92,Normal
2026-02-13 17:43:08.243177,Toronto-3d7e,44,7,Normal
2026-02-13 17:43:09.243177,Toronto-3d7e,5,71,Normal
2026-02-13 17:43:10.243177,Toronto-3d7e,-20,15,Normal
2026-02-13 17:43:11.243177,Toronto-3d7e,16,72,Normal
2026-02-13 17:43:12.243177,Toronto-3d7e,13,47,Normal
2026-02-13 17:43:13.243177,Toronto-3d7e,-5,52,Normal
2026-02-13 17:43:14.243177,Toronto-3d7e,41,9,Normal
2026-02-13 17:43:15.243177,Toronto-3d7e,-8,14,Normal
2026-02-13 17:43:16.243177,Toronto-3d7e,-20,14,Normal
2026-02-13 17:43:17.243177,Toronto-3d7e,-29,86,Normal
2026-02-13 17:43:18.243177,Toronto-3d7e,19,68,Normal
2026-02-13 17:43:19.243177,Toronto-3d7e,29,39,Normal
2026-02-13 17:43:20.243177,Toronto-3d7e,-4,71,Normal
2026-02-13 17:43:21.243177,Toronto-3d7e,-28,65,Normal
2026-02-13 17:43:22.243177,Toronto-3d7e,37,97,Normal
2026-02-13 17:43:23.243177,Toronto-3d7e,-19,49,Normal
2026-02-13 17:43:24.243177,Toronto-3d7e,22,47,Normal
2026-02-13 17:43:25.243177,Toronto-3d7e,50,59,Normal
2026-02-13 17:43:26.243177,Toronto-3d7e,30,32,Normal
2026-02-13 17:43:27.243177,Toronto-3d7e,-15,57,Normal
2026-02-13 17:43:28.243177,Toronto-3d7e,-14,86,Normal
2026-02-13 17:43:29.243177,Toronto-3d7e,-11,11,Normal
2026-02-13 17:43:30.243177,Toronto-3d7e,-8,13,Normal
2026-02-13 17:43:31.243177,Toronto-3d7e,-6,52,Normal
2026-02-13 17:43:32.243177,Toronto-3d7e,-30,63,Normal
2026-02-13 17:43:33.243177,Toronto-3d7e,-27,62,Normal
2026-02-13 17:43:34.243177,Toronto-3d7e,43,57,Normal
2026-02-13 17:43:35.243177,Toronto-3d7e,-13,94,Normal
2026-02-13 17:43:36.243177,Toronto-3d7e,33,84,Normal
2026-02-13 17:43:37.243177,Toronto-3d7e,47,50,Normal
2026-02-13 17:43:38.243177,Toronto-3d7e,-23,25,Normal
2026-02-13 17:43:39.243177,Toronto-3d7e,32,35,Normal
2026-02-13 17:43:40.243177,Toronto-3d7e,33,66,Normal
2026-02-13 17:43:41.243177,Toronto-3d7e,-7,58,Normal
2026-02-13 17:43:42.243177,Toronto-3d7e,-10,99,Normal
2026-02-13 17:43:43.243177,Toronto-3d7e,46,28,Normal
2026-02-13 17:43:44.243177,Toronto-3d7e,18,62,Normal
2026-02-13 17:43:45.243177,Toronto-3d7e,-5,52,Normal
2026-02-13 17:43:46.243177,Toronto-3d7e,24,3,Normal
2026-02-13 17:43:47.243177,Toronto-3d7e,-29,86,Normal
2026-02-13 17:43:48.243177,Toronto-3d7e,5,78,Normal
2026-02-13 17:43:49.243177,Toronto-3d7e,29,71,Normal
2026-02-13 17:43:50.243177,Toronto-3d7e,-29,76,Normal
2026-02-13 17:43:51.243177,Toronto-3d7e,-15,10,Normal
2026-02-13 17:43:52.243177,Toronto-3d7e,23,91,Normal
2026-02-13 17:43:53.243177,Toronto-3d7e,25,29,Normal
2026-02-13 17:43:54.243177,Toronto-3d7e,20,6,Normal
2026-02-13 17:43:55.243177,Toronto-3d7e,12,15,Normal
2026-02-13 17:43:56.243177,Toronto-3d7e,9,74,Normal
2026-02-13 17:43:57.243177,Toronto-3d7e,3,100,Normal
2026-02-13 17:43:58.243177,Toronto-3d7e,27,15,Normal
2026-02-13 17:43:59.243177,Toronto-3d7e,15,87,Normal
2026-02-13 17:44:00.243177,Toronto-3d7e,15,63,Normal
2026-02-13 17:44:01.243177,Toronto-3d7e,32,62,Normal
2026-02-13 17:44:02.243177,Toronto-3d7e,-29,24,Normal
2026-02-13 17:44:03.243177,Toronto-3d7e,18,7,Normal
2026-02-13 17:44:04.243177,Toronto-3d7e,16,29,Normal
2026-02-13 17:44:05.243177,Toronto-3d7e,28,13,Normal
2026-02-13 17:44:06.243177,Toronto-3d7e,47,70,Normal
2026-02-13 17:44:07.243177,Toronto-3d7e,17,1,Normal
2026-02-13 17:44:08.243177,Toronto-3d7e,24,65,Normal
2026-02-13 17:44:09.243177,Toronto-3d7e,39,35,Normal
2026-02-13 17:44:10.243177,Toronto-3d7e,41,10,Normal
2026-02-13 17:44:11.243177,Toronto-3d7e,-28,3,Normal
2026-02-13 17:44:12.243177,Toronto-3d7e,20,43,Normal
2026-02-13 17:44:13.243177,Toronto-3d7e,-9,22,Normal
2026-02-13 17:44:14.243177,Toronto-3d7e,-24,81,Normal
2026-02-13 17:44:15.243177,Toronto-3d7e,40,65,Normal
2026-02-13 17:44:16.243177,Toronto-3d7e,3,71,Normal
2026-02-13 17:44:17.243177,Toronto-3d7e,7,2,Normal
2026-02-13 17:44:18.243177,Toronto-3d7e,48,69,Normal
2026-02-13 17:44:19.243177,Toronto-3d7e,-20,50,Normal
2026-02-13 17:44:20.243177,Toronto-3d7e,23,58,Normal
2026-02-13 17:44:21.243177,Toronto-3d7e,24,63,Normal
2026-02-13 17:44:22.243177,Toronto-3d7e,14,50,Normal
2026-02-13 17:44:23.243177,Toronto-3d7e,40,78,Normal
2026-02-13 17:44:24.243177,Toronto-3d7e,27,39,Normal
2026-02-13 17:44:25.243177,Toronto-3d7e,9,72,Normal
2026-02-13 17:44:26.243177,Toronto-3d7e,2,7,Normal
2026-02-13 17:44:27.243177,Toronto-3d7e,-12,41,Normal
2026-02-13 17:44:28.243177,Toronto-3d7e,3,28,Normal
2026-02-13 17:44:29.243177,Toronto-3d7e,0,45,Normal
2026-02-13 17:44:30.243177,Toronto-3d7e,-19,12,Normal
2026-02-13 17:44:31.243177,Toronto-3d7e,16,39,Normal
2026-02-13 17:44:32.243177,Toronto-3d7e,19,32,Normal
2026-02-13 17:44:33.243177,Toronto-3d7e,17,29,Normal
2026-02-13 17:44:34.243177,Toronto-3d7e,7,42,Normal
2026-02-13 17:44:35.243177,Toronto-3d7e,22,59,Normal
2026-02-13 17:44:36.243177,Toronto-3d7e,33,25,Normal
2026-02-13 17:44:37.243177,Toronto-3d7e,-12,35,Normal
2026-02-13 17:44:38.243177,Toronto-3d7e,-3,59,Normal
2026-02-13 17:44:39.243177,Toronto-3d7e,18,10,Normal
2026-02-13 17:44:40.243177,Toronto-3d7e,-20,54,Normal
2026-02-13 17:44:41.243177,Toronto-3d7e,-5,98,Normal
2026-02-13 17:44:42.243177,Toronto-3d7e,-12,3,Normal
2026-02-13 17:44:43.243177,Toronto-3d7e,6,7,Normal
2026-02-13 17:44:44.243177,Toronto-3d7e,29,4,Normal
2026-02-13 17:44:45.243177,Toronto-3d7e,24,44,Normal
2026-02-13 17:44:46.243177,Toronto-3d7e,27,86,Normal
2026-02-13 17:44:47.243177,Toronto-3d7e,-21,62,Normal
2026-02-13 17:44:48.243177,Toronto-3d7e,33,76,Normal
2026-02-13 17:44:49.243177,Toronto-3d7e,-11,67,Normal
2026-02-13 17:44:50.243177,Toronto-3d7e,38,71,Normal
2026-02-13 17:44:51.243177,Toronto-3d7e,-2,40,Normal
2026-02-13 17:44:52.243177,Toronto-3d7e,12,91,Normal
2026-02-13 17:44:53.243177,Toronto-3d7e,30,95,Normal
2026-02-13 17:44:54.243177,Toronto-3d7e,0,97,Normal
2026-02-13 17:44:55.243177,Toronto-3d7e,25,100,Normal
2026-02-13 17:44:56.243177,Toronto-3d7e,43,50,Normal
2026-02-13 17:44:57.243177,Toronto-3d7e,8,61,Normal
2026-02-13 17:44:58.243177,Toronto-3d7e,12,54,Normal
2026-02-13 17:44:59.243177,Toronto-3d7e,19,38,Normal
2026-02-13 17:45:00.243177,Toronto-3d7e,43,91,Normal
2026-02-13 17:45:01.243177,Toronto-3d7e,29,55,Normal
2026-02-13 17:45:02.243177,Toronto-3d7e,-25,81,Normal
2026-02-13 17:45:03.243177,Toronto-3d7e,5,93,Normal
2026-02-13 17:45:04.243177,Toronto-3d7e,17,12,Normal
2026-02-13 17:45:05.243177,Toronto-3d7e,28,63,Normal
2026-02-13 17:45:06.243177,Toronto-3d7e,-2,65,Normal
2026-02-13 17:45:07.243177,Toronto-3d7e,4,32,Normal
2026-02-13 17:45:08.243177,Toronto-3d7e,-2,58,Normal
2026-02-13 17:45:09.243177,Toronto-3d7e,34,84,Normal
2026-02-13 17:45:10.243177,Toronto-3d7e,-9,80,Normal
2026-02-13 17:45:11.243177,Toronto-3d7e,1,38,Normal
2026-02-13 17:45:12.243177,Toronto-3d7e,28,47,Normal
2026-02-13 17:45:13.243177,Toronto-3d7e,31,37,Normal
2026-02-13 17:45:14.243177,Toronto-3d7e,-25,34,Normal
2026-02-13 17:45:15.243177,Toronto-3d7e,18,31,Normal
2026-02-13 17:45:16.243177,Toronto-3d7e,-11,64,Normal
2026-02-13 17:45:17.243177,Toronto-3d7e,40,90,Normal
2026-02-13 17:45:18.243177,Toronto-3d7e,-17,3,Normal
2026-02-13 17:45:19.243177,Toronto-3d7e,-28,74,Normal
2026-02-13 17:45:20.243177,Toronto-3d7e,15,62,Normal
2026-02-13 17:45:21.243177,Toronto-3d7e,16,90,Normal
2026-02-13 17:45:22.243177,Toronto-3d7e,46,47,Normal
2026-02-13 17:45:23.243177,Toronto-3d7e,21,31,Normal
2026-02-13 17:45:24.243177,Toronto-3d7e,42,2,Normal
2026-02-13 17:45:25.243177,Toronto-3d7e,-4,57,Normal
2026-02-13 17:45:26.243177,Toronto-3d7e,12,6,Normal
2026-02-13 17:45:27.243177,Toronto-3d7e,0,34,Normal
2026-02-13 17:45:28.243177,Toronto-3d7e,24,54,Normal
2026-02-13 17:45:29.243177,Toronto-3d7e,25,44,Normal
2026-02-13 17:45:30.243177,Toronto-3d7e,48,1,Normal
2026-02-13 17:45:31.243177,Toronto-3d7e,17,68,Normal
2026-02-13 17:45:32.243177,Toronto-3d7e,31,6,Normal
2026-02-13 17:45:33.243177,Toronto-3d7e,29,13,Normal
2026-02-13 17:45:34.243177,Toronto-3d7e,45,5,Normal
2026-02-13 17:45:35.243177,Toronto-3d7e,-14,49,Normal
2026-02-13 17:45:36.243177,Toronto-3d7e,39,12,Normal
2026-02-13 17:45:37.243177,Toronto-3d7e,41,46,Normal
2026-02-13 17:45:38.243177,Toronto-3d7e,2,7,Normal
2026-02-13 17:45:39.243177,Toronto-3d7e,24,66,Normal
2026-02-13 17:45:40.243177,Toronto-3d7e,14,44,Normal
2026-02-13 17:45:41.243177,Toronto-3d7e,5,66,Normal
2026-02-13 17:45:42.243177,Toronto-3d7e,3,30,Normal
2026-02-13 17:45:43.243177,Toronto-3d7e,3,25,Normal
2026-02-13 17:45:44.243177,Toronto-3d7e,-6,16,Normal
2026-02-13 17:45:45.243177,Toronto-3d7e,39,51,Normal
2026-02-13 17:45:46.243177,Toronto-3d7e,-18,50,Normal
2026-02-13 17:45:47.243177,Toronto-3d7e,44,61,Normal
2026-02-13 17:45:48.243177,Toronto-3d7e,20,91,Normal
2026-02-13 17:45:49.243177,Toronto-3d7e,50,9,Normal
2026-02-13 17:45:50.243177,Toronto-3d7e,35,8,Normal
2026-02-13 17:45:51.243177,Toronto-3d7e,4,95,Normal
2026-02-13 17:45:52.243177,Toronto-3d7e,25,17,Normal
2026-02-13 17:45:53.243177,Toronto-3d7e,5,25,Normal
2026-02-13 17:45:54.243177,Toronto-3d7e,-5,87,Normal
2026-02-13 17:45:55.243177,Toronto-3d7e,44,74,Normal
2026-02-13 17:45:56.243177,Toronto-3d7e,49,62,Normal
2026-02-13 17:45:57.243177,Toronto-3d7e,41,75,Normal
2026-02-13 17:45:58.243177,Toronto-3d7e,-30,94,Normal
2026-02-13 17:45:59.243177,Toronto-3d7e,-16,29,Normal
2026-02-13 17:46:00.243177,Toronto-3d7e,-13,54,Normal
2026-02-13 17:46:01.243177,Toronto-3d7e,-17,96,Normal
2026-02-13 17:46:02.243177,Toronto-3d7e,29,11,Normal
2026-02-13 17:46:03.243177,Toronto-3d7e,27,23,Normal
2026-02-13 17:46:04.243177,Toronto-3d7e,45,3,Normal
2026-02-13 17:46:05.243177,Toronto-3d7e,-10,5,Normal
2026-02-13 17:46:06.243177,Toronto-3d7e,-5,81,Normal
2026-02-13 17:46:07.243177,Toronto-3d7e,3,76,Normal
2026-02-13 17:46:08.243177,Toronto-3d7e,-11,72,Normal
2026-02-13 17:46:09.243177,Toronto-3d7e,-5,44,Normal
2026-02-13 17:46:10.243177,Toronto-3d7e,5,7,Normal
2026-02-13 17:46:11.243177,Toronto-3d7e,12,44,Normal
2026-02-13 17:46:12.243177,Toronto-3d7e,-9,52,Normal
2026-02-13 17:46:13.243177,Toronto-3d7e,14,68,Normal
2026-02-13 17:46:14.243177,Toronto-3d7e,25,48,Normal
2026-02-13 17:46:15.243177,Toronto-3d7e,32,98,Normal
2026-02-13 17:46:16.243177,Toronto-3d7e,14,20,Normal
2026-02-13 17:46:17.243177,Toronto-3d7e,-23,18,Normal
2026-02-13 17:46:18.243177,Toronto-3d7e,-11,42,Normal
2026-02-13 17:46:19.243177,Toronto-3d7e,3,71,Normal
2026-02-13 17:46:20.243177,Toronto-3d7e,-22,24,Normal
2026-02-13 17:46:21.243177,Toronto-3d7e,-14,42,Normal
2026-02-13 17:46:22.243177,Toronto-3d7e,8,54,Normal
2026-02-13 17:46:23.243177,Toronto-3d7e,39,73,Normal
2026-02-13 17:46:24.243177,Toronto-3d7e,32,19,Normal
2026-02-13 17:46:25.243177,Toronto-3d7e,34,44,Normal
2026-02-13 17:46:26.243177,Toronto-3d7e,24,10,Normal
2026-02-13 17:46:27.243177,Toronto-3d7e,48,33,Normal
2026-02-13 17:46:28.243177,Toronto-3d7e,14,2,Normal
2026-02-13 17:46:29.243177,Toronto-3d7e,10,24,Normal
2026-02-13 17:46:30.243177,Toronto-3d7e,-22,27,Normal
2026-02-13 17:46:31.243177,Toronto-3d7e,2,50,Normal
2026-02-13 17:46:32.243177,Toronto-3d7e,15,10,Normal
2026-02-13 17:46:33.243177,Toronto-3d7e,49,47,Normal
2026-02-13 17:46:34.243177,Toronto-3d7e,-2,24,Normal
2026-02-13 17:46:35.243177,Toronto-3d7e,27,6,Normal
2026-02-13 17:46:36.243177,Toronto-3d7e,39,38,Normal
2026-02-13 17:46:37.243177,Toronto-3d7e,35,33,Normal
2026-02-13 17:46:38.243177,Toronto-3d7e,38,20,Normal
2026-02-13 17:46:39.243177,Toronto-3d7e,5,27,Normal
2026-02-13 17:46:40.243177,Toronto-3d7e,24,46,Normal
2026-02-13 17:46:41.243177,Toronto-3d7e,5,49,Normal
2026-02-13 17:46:42.243177,Toronto-3d7e,6,48,Normal
2026-02-13 17:46:43.243177,Toronto-3d7e,29,57,Normal
2026-02-13 17:46:44.243177,Toronto-3d7e,44,56,Normal
2026-02-13 17:46:45.243177,Toronto-3d7e,-15,32,Normal
2026-02-13 17:46:46.243177,Toronto-3d7e,-17,40,Normal
2026-02-13 17:46:47.243177,Toronto-3d7e,-21,15,Normal
2026-02-13 17:46:48.243177,Toronto-3d7e,-5,66,Normal
2026-02-13 17:46:49.243177,Toronto-3d7e,47,16,Normal
2026-02-13 17:46:50.243177,Toronto-3d7e,46,14,Normal
2026-02-13 17:46:51.243177,Toronto-3d7e,-25,84,Normal
2026-02-13 17:46:52.243177,Toronto-3d7e,23,93,Normal
2026-02-13 17:46:53.243177,Toronto-3d7e,-11,12,Normal
2026-02-13 17:46:54.243177,Toronto-3d7e,33,4,Normal
2026-02-13 17:46:55.243177,Toronto-3d7e,19,64,Normal
2026-02-13 17:46:56.243177,Toronto-3d7e,-9,19,Normal
2026-02-13 17:46:57.243177,Toronto-3d7e,44,15,Normal
2026-02-13 17:46:58.243177,Toronto-3d7e,20,15,Normal
2026-02-13 17:46:59.243177,Toronto-3d7e,16,9,Normal
2026-02-13 17:47:00.243177,Toronto-3d7e,-6,31,Normal
2026-02-13 17:47:01.243177,Toronto-3d7e,-22,14,Normal
2026-02-13 17:47:02.243177,Toronto-3d7e,35,39,Normal
2026-02-13 17:47:03.243177,Toronto-3d7e,-9,52,Normal
2026-02-13 17:47:04.243177,Toronto-3d7e,8,3,Normal
2026-02-13 17:47:05.243177,Toronto-3d7e,36,81,Normal
2026-02-13 17:47:06.243177,Toronto-3d7e,29,53,Normal
2026-02-13 17:47:07.243177,Toronto-3d7e,-27,72,Normal
2026-02-13 17:47:08.243177,Toronto-3d7e,27,83,Normal
2026-02-13 17:47:09.243177,Toronto-3d7e,38,12,Normal
2026-02-13 17:47:10.243177,Toronto-3d7e,17,24,Normal
2026-02-13 17:47:11.243177,Toronto-3d7e,40,53,Normal
2026-02-13 17:47:12.243177,Toronto-3d7e,-9,52,Normal
2026-02-13 17:47:13.243177,Toronto-3d7e,-1,52,Normal
2026-02-13 17:47:14.243177,Toronto-3d7e,24,17,Normal
2026-02-13 17:47:15.243177,Toronto-3d7e,30,78,Normal
2026-02-13 17:47:16.243177,Toronto-3d7e,30,97,Normal
2026-02-13 17:47:17.243177,Toronto-3d7e,-11,19,Normal
2026-02-13 17:47:18.243177,Toronto-3d7e,23,100,Normal
2026-02-13 17:47:19.243177,Toronto-3d7e,-2,84,Normal
2026-02-13 17:47:20.243177,Toronto-3d7e,-23,69,Normal
2026-02-13 17:47:21.243177,Toronto-3d7e,-26,74,Normal
2026-02-13 17:47:22.243177,Toronto-3d7e,-21,11,Normal
2026-02-13 17:47:23.243177,Toronto-3d7e,-1,96,Normal
2026-02-13 17:47:24.243177,Toronto-3d7e,-20,88,Normal
2026-02-13 17:47:25.243177,Toronto-3d7e,-18,90,Normal
2026-02-13 17:47:26.243177,Toronto-3d7e,24,17,Normal
2026-02-13 17:47:27.243177,Toronto-3d7e,-26,97,Normal
2026-02-13 17:47:28.243177,Toronto-3d7e,1,49,Normal
2026-02-13 17:47:29.243177,Toronto-3d7e,31,81,Normal
2026-02-13 17:47:30.243177,Toronto-3d7e,10,31,Normal
2026-02-13 17:47:31.243177,Toronto-3d7e,-29,72,Normal
2026-02-13 17:47:32.243177,Toronto-3d7e,36,0,Normal
2026-02-13 17:47:33.243177,Toronto-3d7e,35,9,Normal
2026-02-13 17:47:34.243177,Toronto-3d7e,-25,97,Normal
2026-02-13 17:47:35.243177,Toronto-3d7e,-30,18,Normal
2026-02-13 17:47:36.243177,Toronto-3d7e,4,98,Normal
2026-02-13 17:47:37.243177,Toronto-3d7e,-8,65,Normal
2026-02-13 17:47:38.243177,Toronto-3d7e,33,51,Normal
2026-02-13 17:47:39.243177,Toronto-3d7e,-15,80,Normal
2026-02-13 17:47:40.243177,Toronto-3d7e,18,35,Normal
2026-02-13 17:47:41.243177,Toronto-3d7e,-11,99,Normal
2026-02-13 17:47:42.243177,Toronto-3d7e,-3,83,Normal
2026-02-13 17:47:43.243177,Toronto-3d7e,11,33,Normal
2026-02-13 17:47:44.243177,Toronto-3d7e,37,83,Normal
2026-02-13 17:47:45.243177,Toronto-3d7e,-3,39,Normal
2026-02-13 17:47:46.243177,Toronto-3d7e,-19,34,Normal
2026-02-13 17:47:47.243177,Toronto-3d7e,12,91,Normal
2026-02-13 17:47:48.243177,Toronto-3d7e,-23,49,Normal
2026-02-13 17:47:49.243177,Toronto-3d7e,-15,97,Normal
2026-02-13 17:47:50.243177,Toronto-3d7e,3,69,Normal
2026-02-13 17:47:51.243177,Toronto-3d7e,14,55,Normal
2026-02-13 17:47:52.243177,Toronto-3d7e,-14,7,Normal
2026-02-13 17:47:53.243177,Toronto-3d7e,20,98,Normal
2026-02-13 17:47:54.243177,Toronto-3d7e,29,54,Normal
2026-02-13 17:47:55.243177,Toronto-3d7e,42,100,Normal
2026-02-13 17:47:56.243177,Toronto-3d7e,-20,9,Normal
2026-02-13 17:47:57.243177,Toronto-3d7e,0,52,Normal
2026-02-13 17:47:58.243177,Toronto-3d7e,-26,98,Normal
2026-02-13 17:47:59.243177,Toronto-3d7e,14,39,Normal
2026-02-13 17:48:00.243177,Toronto-3d7e,-28,85,Normal
2026-02-13 17:48:01.243177,Toronto-3d7e,-24,59,Normal
2026-02-13 17:48:02.243177,Toronto-3d7e,32,77,Normal
2026-02-13 17:48:03.243177,Toronto-3d7e,29,83,Normal
2026-02-13 17:48:04.243177,Toronto-3d7e,9,51,Normal
2026-02-13 17:48:05.243177,Toronto-3d7e,30,16,Normal
2026-02-13 17:48:06.243177,Toronto-3d7e,19,16,Normal
2026-02-13 17:48:07.243177,Toronto-3d7e,-26,71,Normal
2026-02-13 17:48:08.243177,Toronto-3d7e,24,4,Normal
2026-02-13 17:48:09.243177,Toronto-3d7e,-14,16,Normal
2026-02-13 17:48:10.243177,Toronto-3d7e,2,99,Normal
2026-02-13 17:48:11.243177,Toronto-3d7e,-27,94,Normal
2026-02-13 17:48:12.243177,Toronto-3d7e,41,99,Normal
2026-02-13 17:48:13.243177,Toronto-3d7e,-16,75,Normal
2026-02-13 17:48:14.243177,Toronto-3d7e,5,61,Normal
2026-02-13 17:48:15.243177,Toronto-3d7e,-28,63,Normal
2026-02-13 17:48:16.243177,Toronto-3d7e,25,37,Normal
2026-02-13 17:48:17.243177,Toronto-3d7e,-12,57,Normal
2026-02-13 17:48:18.243177,Toronto-3d7e,48,57,Normal
2026-02-13 17:48:19.243177,Toronto-3d7e,-13,34,Normal
2026-02-13 17:48:20.243177,Toronto-3d7e,-24,83,Normal
2026-02-13 17:48:21.243177,Toronto-3d7e,29,91,Normal
2026-02-13 17:48:22.243177,Toronto-3d7e,5,79,Normal
2026-02-13 17:48:23.243177,Toronto-3d7e,-16,63,Normal
2026-02-13 17:48:24.243177,Toronto-3d7e,30,95,Normal
2026-02-13 17:48:25.243177,Toronto-3d7e,35,14,Normal
2026-02-13 17:48:26.243177,Toronto-3d7e,23,32,Normal
2026-02-13 17:48:27.243177,Toronto-3d7e,-7,2,Normal
2026-02-13 17:48:28.243177,Toronto-3d7e,43,36,Normal
2026-02-13 17:48:29.243177,Toronto-3d7e,20,44,Normal
2026-02-13 17:48:30.243177,Toronto-3d7e,-11,58,Normal
2026-02-13 17:48:31.243177,Toronto-3d7e,-27,83,Normal
2026-02-13 17:48:32.243177,Toronto-3d7e,16,96,Normal
2026-02-13 17:48:33.243177,Toronto-3d7e,49,30,Normal
2026-02-13 17:48:34.243177,Toronto-3d7e,10,69,Normal
2026-02-13 17:48:35.243177,Toronto-3d7e,-27,44,Normal
2026-02-13 17:48:36.243177,Toronto-3d7e,-18,68,Normal
2026-02-13 17:48:37.243177,Toronto-3d7e,-28,16,Normal
2026-02-13 17:48:38.243177,Toronto-3d7e,14,29,Normal
2026-02-13 17:48:39.243177,Toronto-3d7e,40,8,Normal
2026-02-13 17:48:40.243177,Toronto-3d7e,11,18,Normal
2026-02-13 17:48:41.243177,Toronto-3d7e,33,49,Normal
2026-02-13 17:48:42.243177,Toronto-3d7e,11,13,Normal
2026-02-13 17:48:43.243177,Toronto-3d7e,4,89,Normal
2026-02-13 17:48:44.243177,Toronto-3d7e,-29,38,Normal
2026-02-13 17:48:45.243177,Toronto-3d7e,0,55,Normal
2026-02-13 17:48:46.243177,Toronto-3d7e,23,45,Normal
2026-02-13 17:48:47.243177,Toronto-3d7e,-4,34,Normal
2026-02-13 17:48:48.243177,Toronto-3d7e,13,76,Normal
2026-02-13 17:48:49.243177,Toronto-3d7e,3,28,Normal
2026-02-13 17:48:50.243177,Toronto-3d7e,33,66,Normal
2026-02-13 17:48:51.243177,Toronto-3d7e,16,59,Normal
2026-02-13 17:48:52.243177,Toronto-3d7e,47,27,Normal
2026-02-13 17:48:53.243177,Toronto-3d7e,-29,26,Normal
2026-02-13 17:48:54.243177,Toronto-3d7e,8,51,Normal
2026-02-13 17:48:55.243177,Toronto-3d7e,-1,44,Normal
2026-02-13 17:48:56.243177,Toronto-3d7e,42,18,Normal
2026-02-13 17:48:57.243177,Toronto-3d7e,25,57,Normal
2026-02-13 17:48:58.243177,Toronto-3d7e,35,82,Normal
2026-02-13 17:48:59.243177,Toronto-3d7e,-15,48,Normal
2026-02-13 17:49:00.243177,Toronto-3d7e,-8,94,Normal
2026-02-13 17:49:01.243177,Toronto-3d7e,-16,9,Normal
2026-02-13 17:49:02.243177,Toronto-3d7e,-22,5,Normal
2026-02-13 17:49:03.243177,Toronto-3d7e,-29,46,Normal
2026-02-13 17:49:04.243177,Toronto-3d7e,-29,55,Normal
2026-02-13 17:49:05.243177,Toronto-3d7e,-7,59,Normal
2026-02-13 17:49:06.243177,Toronto-3d7e,34,79,Normal
2026-02-13 17:49:07.243177,Toronto-3d7e,-19,100,Normal
2026-02-13 17:49:08.243177,Toronto-3d7e,10,12,Normal
2026-02-13 17:49:09.243177,Toronto-3d7e,-27,65,Normal
2026-02-13 17:49:10.243177,Toronto-3d7e,35,10,Normal
2026-02-13 17:49:11.243177,Toronto-3d7e,35,97,Normal
2026-02-13 17:49:12.243177,Toronto-3d7e,-10,56,Normal
2026-02-13 17:49:13.243177,Toronto-3d7e,3,89,Normal
2026-02-13 17:49:14.243177,Toronto-3d7e,46,53,Normal
2026-02-13 17:49:15.243177,Toronto-3d7e,19,89,Normal
2026-02-13 17:49:16.243177,Toronto-3d7e,-28,48,Normal
2026-02-13 17:49:17.243177,Toronto-3d7e,-5,24,Normal
2026-02-13 17:49:18.243177,Toronto-3d7e,-13,92,Normal
2026-02-13 17:49:19.243177,Toronto-3d7e,-4,14,Normal
2026-02-13 17:49:20.243177,Toronto-3d7e,10,25,Normal
2026-02-13 17:49:21.243177,Toronto-3d7e,-5,43,Normal
2026-02-13 17:49:22.243177,Toronto-3d7e,8,27,Normal
2026-02-13 17:49:23.243177,Toronto-3d7e,16,45,Normal
2026-02-13 17:49:24.243177,Toronto-3d7e,-12,5,Normal
2026-02-13 17:49:25.243177,Toronto-3d7e,-12,47,Normal
2026-02-13 17:49:26.243177,Toronto-3d7e,23,22,Normal
2026-02-13 17:49:27.243177,Toronto-3d7e,-19,29,Normal
2026-02-13 17:49:28.243177,Toronto-3d7e,0,44,Normal
2026-02-13 17:49:29.243177,Toronto-3d7e,23,91,Normal
2026-02-13 17:49:30.243177,Toronto-3d7e,24,87,Normal
2026-02-13 17:49:31.243177,Toronto-3d7e,-30,9,Normal
2026-02-13 17:49:32.243177,Toronto-3d7e,-20,78,Normal
2026-02-13 17:49:33.243177,Toronto-3d7e,-27,45,Normal
2026-02-13 17:49:34.243177,Toronto-3d7e,38,58,Normal
2026-02-13 17:49:35.243177,Toronto-3d7e,11,92,Normal
2026-02-13 17:49:36.243177,Toronto-3d7e,22,96,Normal
2026-02-13 17:49:37.243177,Toronto-3d7e,-2,51,Normal
2026-02-13 17:49:38.243177,Toronto-3d7e,40,88,Normal
2026-02-13 17:49:39.243177,Toronto-3d7e,12,84,Normal
2026-02-13 17:49:40.243177,Toronto-3d7e,8,76,Normal
2026-02-13 17:49:41.243177,Toronto-3d7e,33,67,Normal
2026-02-13 17:49:42.243177,Toronto-3d7e,-16,13,Normal
2026-02-13 17:49:43.243177,Toronto-3d7e,43,28,Normal
2026-02-13 17:49:44.243177,Toronto-3d7e,20,78,Normal
2026-02-13 17:49:45.243177,Toronto-3d7e,45,16,Normal
2026-02-13 17:49:46.243177,Toronto-3d7e,31,49,Normal
2026-02-13 17:49:47.243177,Toronto-3d7e,-28,62,Normal
2026-02-13 17:49:48.243177,Toronto-3d7e,39,95,Normal
2026-02-13 17:49:49.243177,Toronto-3d7e,26,37,Normal
2026-02-13 17:49:50.243177,Toronto-3d7e,10,64,Normal
2026-02-13 17:49:51.243177,Toronto-3d7e,-9,7,Normal
2026-02-13 17:49:52.243177,Toronto-3d7e,43,52,Normal
2026-02-13 17:49:53.243177,Toronto-3d7e,49,15,Normal
2026-02-13 17:49:54.243177,Toronto-3d7e,-13,15,Normal
2026-02-13 17:49:55.243177,Toronto-3d7e,12,1,Normal
2026-02-13 17:49:56.243177,Toronto-3d7e,33,90,Normal
2026-02-13 17:49:57.243177,Toronto-3d7e,14,93,Normal
2026-02-13 17:49:58.243177,Toronto-3d7e,-29,1,Normal
2026-02-13 17:49:59.243177,Toronto-3d7e,32,50,Normal
2026-02-13 17:50:00.243177,Toronto-3d7e,44,6,Normal
2026-02-13 17:50:01.243177,Toronto-3d7e,35,27,Normal
2026-02-13 17:50:02.243177,Toronto-3d7e,-7,72,Normal
2026-02-13 17:50:03.243177,Toronto-3d7e,50,89,Normal
2026-02-13 17:50:04.243177,Toronto-3d7e,34,34,Normal
2026-02-13 17:50:05.243177,Toronto-3d7e,-29,57,Normal
2026-02-13 17:50:06.243177,Toronto-3d7e,21,49,Normal
2026-02-13 17:50:07.243177,Toronto-3d7e,46,50,Normal
2026-02-13 17:50:08.243177,Toronto-3d7e,16,15,Normal
2026-02-13 17:50:09.243177,Toronto-3d7e,41,69,Normal
2026-02-13 17:50:10.243177,Toronto-3d7e,32,66,Normal
2026-02-13 17:50:11.243177,Toronto-3d7e,-27,78,Normal
2026-02-13 17:50:12.243177,Toronto-3d7e,-22,4,Normal
2026-02-13 17:50:13.243177,Toronto-3d7e,-9,19,Normal
2026-02-13 17:50:14.243177,Toronto-3d7e,5,76,Normal
2026-02-13 17:50:15.243177,Toronto-3d7e,29,93,Normal
2026-02-13 17:50:16.243177,Toronto-3d7e,18,44,Normal
2026-02-13 17:50:17.243177,Toronto-3d7e,14,38,Normal
2026-02-13 17:50:18.243177,Toronto-3d7e,-24,61,Normal
2026-02-13 17:50:19.243177,Toronto-3d7e,4,68,Normal
2026-02-13 17:50:20.243177,Toronto-3d7e,12,2,Normal
2026-02-13 17:50:21.243177,Toronto-3d7e,-28,88,Normal
2026-02-13 17:50:22.243177,Toronto-3d7e,-11,22,Normal
2026-02-13 17:50:23.243177,Toronto-3d7e,-25,34,Normal
2026-02-13 17:50:24.243177,Toronto-3d7e,20,79,Normal
2026-02-13 17:50:25.243177,Toronto-3d7e,30,3,Normal
2026-02-13 17:50:26.243177,Toronto-3d7e,15,49,Normal
2026-02-13 17:50:27.243177,Toronto-3d7e,-5,42,Normal
2026-02-13 17:50:28.243177,Toronto-3d7e,14,41,Normal
2026-02-13 17:50:29.243177,Toronto-3d7e,31,83,Normal
2026-02-13 17:50:30.243177,Toronto-3d7e,37,24,Normal
2026-02-13 17:50:31.243177,Toronto-3d7e,5,74,Normal
2026-02-13 17:50:32.243177,Toronto-3d7e,41,66,Normal
2026-02-13 17:50:33.243177,Toronto-3d7e,46,54,Normal
2026-02-13 17:50:34.243177,Toronto-3d7e,-17,86,Normal
2026-02-13 17:50:35.243177,Toronto-3d7e,28,73,Normal
2026-02-13 17:50:36.243177,Toronto-3d7e,44,2,Normal
2026-02-13 17:50:37.243177,Toronto-3d7e,12,51,Normal
2026-02-13 17:50:38.243177,Toronto-3d7e,-12,65,Normal
2026-02-13 17:50:39.243177,Toronto-3d7e,-3,45,Normal
2026-02-13 17:50:40.243177,Toronto-3d7e,14,90,Normal
2026-02-13 17:50:41.243177,Toronto-3d7e,-17,14,Normal
2026-02-13 17:50:42.243177,Toronto-3d7e,38,71,Normal
2026-02-13 17:50:43.243177,Toronto-3d7e,50,72,Normal
2026-02-13 17:50:44.243177,Toronto-3d7e,-24,64,Normal
2026-02-13 17:50:45.243177,Toronto-3d7e,-4,76,Normal
2026-02-13 17:50:46.243177,Toronto-3d7e,47,8,Normal
2026-02-13 17:50:47.243177,Toronto-3d7e,20,59,Normal
2026-02-13 17:50:48.243177,Toronto-3d7e,10,61,Normal
2026-02-13 17:50:49.243177,Toronto-3d7e,25,8,Normal
2026-02-13 17:50:50.243177,Toronto-3d7e,-20,20,Normal
2026-02-13 17:50:51.243177,Toronto-3d7e,41,90,Normal
2026-02-13 17:50:52.243177,Toronto-3d7e,-7,92,Normal
2026-02-13 17:50:53.243177,Toronto-3d7e,27,87,Normal
2026-02-13 17:50:54.243177,Toronto-3d7e,8,53,Normal
2026-02-13 17:50:55.243177,Toronto-3d7e,40,98,Normal
2026-02-13 17:50:56.243177,Toronto-3d7e,46,32,Normal
2026-02-13 17:50:57.243177,Toronto-3d7e,5,16,Normal
2026-02-13 17:50:58.243177,Toronto-3d7e,38,1,Normal
2026-02-13 17:50:59.243177,Toronto-3d7e,45,18,Normal
2026-02-13 17:51:00.243177,Toronto-3d7e,-20,51,Normal
2026-02-13 17:51:01.243177,Toronto-3d7e,-12,37,Normal
2026-02-13 17:51:02.243177,Toronto-3d7e,46,18,Normal
2026-02-13 17:51:03.243177,Toronto-3d7e,-29,99,Normal
2026-02-13 17:51:04.243177,Toronto-3d7e,37,79,Normal
2026-02-13 17:51:05.243177,Toronto-3d7e,-22,90,Normal
2026-02-13 17:51:06.243177,Toronto-3d7e,1,86,Normal
2026-02-13 17:51:07.243177,Toronto-3d7e,-15,93,Normal
2026-02-13 17:51:08.243177,Toronto-3d7e,21,73,Normal
2026-02-13 17:51:09.243177,Toronto-3d7e,48,70,Normal
2026-02-13 17:51:10.243177,Toronto-3d7e,-17,82,Normal
2026-02-13 17:51:11.243177,Toronto-3d7e,42,72,Normal
2026-02-13 17:51:12.243177,Toronto-3d7e,41,28,Normal
2026-02-13 17:51:13.243177,Toronto-3d7e,-12,70,Normal
2026-02-13 17:51:14.243177,Toronto-3d7e,36,69,Normal
2026-02-13 17:51:15.243177,Toronto-3d7e,29,95,Normal
2026-02-13 17:51:16.243177,Toronto-3d7e,-6,44,Normal
2026-02-13 17:51:17.243177,Toronto-3d7e,2,89,Normal
2026-02-13 17:51:18.243177,Toronto-3d7e,-7,22,Normal
2026-02-13 17:51:19.243177,Toronto-3d7e,-12,72,Normal
2026-02-13 17:51:20.243177,Toronto-3d7e,36,36,Normal
2026-02-13 17:51:21.243177,Toronto-3d7e,7,65,Normal
2026-02-13 17:51:22.243177,Toronto-3d7e,-4,44,Normal
2026-02-13 17:51:23.243177,Toronto-3d7e,40,2,Normal
2026-02-13 17:51:24.243177,Toronto-3d7e,-7,45,Normal
2026-02-13 17:51:25.243177,Toronto-3d7e,0,47,Normal
2026-02-13 17:51:26.243177,Toronto-3d7e,-17,77,Normal
2026-02-13 17:51:27.243177,Toronto-3d7e,23,48,Normal
2026-02-13 17:51:28.243177,Toronto-3d7e,17,19,Normal
2026-02-13 17:51:29.243177,Toronto-3d7e,42,56,Normal
2026-02-13 17:51:30.243177,Toronto-3d7e,20,31,Normal
2026-02-13 17:51:31.243177,Toronto-3d7e,-21,10,Normal
2026-02-13 17:51:32.243177,Toronto-3d7e,-25,1,Normal
2026-02-13 17:51:33.243177,Toronto-3d7e,21,96,Normal
2026-02-13 17:51:34.243177,Toronto-3d7e,8,2,Normal
2026-02-13 17:51:35.243177,Toronto-3d7e,43,42,Normal
2026-02-13 17:51:36.243177,Toronto-3d7e,17,76,Normal
2026-02-13 17:51:37.243177,Toronto-3d7e,-26,0,Normal
2026-02-13 17:51:38.243177,Toronto-3d7e,41,22,Normal
2026-02-13 17:51:39.243177,Toronto-3d7e,-6,47,Normal
2026-02-13 17:51:40.243177,Toronto-3d7e,17,40,Normal
2026-02-13 17:51:41.243177,Toronto-3d7e,33,30,Normal
2026-02-13 17:51:42.243177,Toronto-3d7e,33,90,Normal
2026-02-13 17:51:43.243177,Toronto-3d7e,21,56,Normal
2026-02-13 17:51:44.243177,Toronto-3d7e,-13,12,Normal
2026-02-13 17:51:45.243177,Toronto-3d7e,10,22,Normal
2026-02-13 17:51:46.243177,Toronto-3d7e,16,39,Normal
2026-02-13 17:51:47.243177,Toronto-3d7e,20,15,Normal
2026-02-13 17:51:48.243177,Toronto-3d7e,-27,83,Normal
2026-02-13 17:51:49.243177,Toronto-3d7e,-19,96,Normal
2026-02-13 17:51:50.243177,Toronto-3d7e,13,65,Normal
2026-02-13 17:51:51.243177,Toronto-3d7e,36,83,Normal
2026-02-13 17:51:52.243177,Toronto-3d7e,-25,18,Normal
2026-02-13 17:51:53.243177,Toronto-3d7e,9,29,Normal
2026-02-13 17:51:54.243177,Toronto-3d7e,-11,72,Normal
2026-02-13 17:51:55.243177,Toronto-3d7e,-15,12,Normal
2026-02-13 17:51:56.243177,Toronto-3d7e,20,23,Normal
2026-02-13 17:51:57.243177,Toronto-3d7e,-5,80,Normal
2026-02-13 17:51:58.243177,Toronto-3d7e,27,50,Normal
2026-02-13 17:51:59.243177,Toronto-3d7e,5,17,Normal
2026-02-13 17:52:00.243177,Toronto-3d7e,-14,11,Normal
2026-02-13 17:52:01.243177,Toronto-3d7e,-24,96,Normal
2026-02-13 17:52:02.243177,Toronto-3d7e,38,69,Normal
2026-02-13 17:52:03.243177,Toronto-3d7e,14,52,Normal
2026-02-13 17:52:04.243177,Toronto-3d7e,-27,81,Normal
2026-02-13 17:52:05.243177,Toronto-3d7e,33,98,Normal
2026-02-13 17:52:06.243177,Toronto-3d7e,25,38,Normal
2026-02-13 17:52:07.243177,Toronto-3d7e,3,28,Normal
2026-02-13 17:52:08.243177,Toronto-3d7e,12,77,Normal
2026-02-13 17:52:09.243177,Toronto-3d7e,50,12,Normal
2026-02-13 17:52:10.243177,Toronto-3d7e,21,77,Normal
2026-02-13 17:52:11.243177,Toronto-3d7e,35,5,Normal
2026-02-13 17:52:12.243177,Toronto-3d7e,-22,94,Normal
2026-02-13 17:52:13.243177,Toronto-3d7e,-26,47,Normal
2026-02-13 17:52:14.243177,Toronto-3d7e,34,61,Normal
2026-02-13 17:52:15.243177,Toronto-3d7e,30,9,Normal
2026-02-13 17:52:16.243177,Toronto-3d7e,-11,99,Normal
2026-02-13 17:52:17.243177,Toronto-3d7e,-17,45,Normal
2026-02-13 17:52:18.243177,Toronto-3d7e,-29,88,Normal
2026-02-13 17:52:19.243177,Toronto-3d7e,37,2,Normal
2026-02-13 17:52:20.243177,Toronto-3d7e,28,9,Normal
2026-02-13 17:52:21.243177,Toronto-3d7e,28,38,Normal
2026-02-13 17:52:22.243177,Toronto-3d7e,-4,83,Normal
2026-02-13 17:52:23.243177,Toronto-3d7e,25,87,Normal
2026-02-13 17:52:24.243177,Toronto-3d7e,39,62,Normal
2026-02-13 17:52:25.243177,Toronto-3d7e,-1,32,Normal
2026-02-13 17:52:26.243177,Toronto-3d7e,19,61,Normal
2026-02-13 17:52:27.243177,Toronto-3d7e,37,62,Normal
2026-02-13 17:52:28.243177,Toronto-3d7e,3,22,Normal
2026-02-13 17:52:29.243177,Toronto-3d7e,-19,73,Normal
2026-02-13 17:52:30.243177,Toronto-3d7e,-17,17,Normal
2026-02-13 17:52:31.243177,Toronto-3d7e,21,56,Normal
2026-02-13 17:52:32.243177,Toronto-3d7e,8,71,Normal
2026-02-13 17:52:33.243177,Toronto-3d7e,43,46,Normal
2026-02-13 17:52:34.243177,Toronto-3d7e,-1,100,Normal
2026-02-13 17:52:35.243177,Toronto-3d7e,7,65,Normal
2026-02-13 17:52:36.243177,Toronto-3d7e,35,87,Normal
2026-02-13 17:52:37.243177,Toronto-3d7e,29,67,Normal
2026-02-13 17:52:38.243177,Toronto-3d7e,43,43,Normal
2026-02-13 17:52:39.243177,Toronto-3d7e,-4,87,Normal
2026-02-13 17:52:40.243177,Toronto-3d7e,31,54,Normal
2026-02-13 17:52:41.243177,Toronto-3d7e,-7,71,Normal
2026-02-13 17:52:42.243177,Toronto-3d7e,13,8,Normal
2026-02-13 17:52:43.243177,Toronto-3d7e,-10,34,Normal
2026-02-13 17:52:44.243177,Toronto-3d7e,-13,61,Normal
2026-02-13 17:52:45.243177,Toronto-3d7e,-24,73,Normal
2026-02-13 17:52:46.243177,Toronto-3d7e,-10,28,Normal
2026-02-13 17:52:47.243177,Toronto-3d7e,-14,56,Normal
2026-02-13 17:52:48.243177,Toronto-3d7e,35,3,Normal
2026-02-13 17:52:49.243177,Toronto-3d7e,-24,3,Normal
2026-02-13 17:52:50.243177,Toronto-3d7e,5,77,Normal
2026-02-13 17:52:51.243177,Toronto-3d7e,-17,34,Normal
2026-02-13 17:52:52.243177,Toronto-3d7e,-25,60,Normal
2026-02-13 17:52:53.243177,Toronto-3d7e,36,53,Normal
2026-02-13 17:52:54.243177,Toronto-3d7e,-8,70,Normal
2026-02-13 17:52:55.243177,Toronto-3d7e,-23,61,Normal
2026-02-13 17:52:56.243177,Toronto-3d7e,6,57,Normal
2026-02-13 17:52:57.243177,Toronto-3d7e,3,93,Normal
2026-02-13 17:52:58.243177,Toronto-3d7e,28,80,Normal
2026-02-13 17:52:59.243177,Toronto-3d7e,40,97,Normal
2026-02-13 17:53:00.243177,Toronto-3d7e,25,83,Normal
2026-02-13 17:53:01.243177,Toronto-3d7e,49,27,Normal
2026-02-13 17:53:02.243177,Toronto-3d7e,16,31,Normal
2026-02-13 17:53:03.243177,Toronto-3d7e,-19,58,Normal
2026-02-13 17:53:04.243177,Toronto-3d7e,-16,86,Normal
2026-02-13 17:53:05.243177,Toronto-3d7e,-10,8,Normal
2026-02-13 17:53:06.243177,Toronto-3d7e,35,86,Normal
2026-02-13 17:53:07.243177,Toronto-3d7e,-29,89,Normal
2026-02-13 17:53:08.243177,Toronto-3d7e,-25,61,Normal
2026-02-13 17:53:09.243177,Toronto-3d7e,27,52,Normal
2026-02-13 17:53:10.243177,Toronto-3d7e,-17,94,Normal
2026-02-13 17:53:11.243177,Toronto-3d7e,4,24,Normal
2026-02-13 17:53:12.243177,Toronto-3d7e,46,18,Normal
2026-02-13 17:53:13.243177,Toronto-3d7e,-5,26,Normal
2026-02-13 17:53:14.243177,Toronto-3d7e,44,32,Normal
2026-02-13 17:53:15.243177,Toronto-3d7e,47,86,Normal
2026-02-13 17:53:16.243177,Toronto-3d7e,31,76,Normal
2026-02-13 17:53:17.243177,Toronto-3d7e,-10,10,Normal
2026-02-13 17:53:18.243177,Toronto-3d7e,13,0,Normal
2026-02-13 17:53:19.243177,Toronto-3d7e,50,78,Normal
2026-02-13 17:53:20.243177,Toronto-3d7e,-10,18,Normal
2026-02-13 17:53:21.243177,Toronto-3d7e,44,23,Normal
2026-02-13 17:53:22.243177,Toronto-3d7e,12,63,Normal
2026-02-13 17:53:23.243177,Toronto-3d7e,23,46,Normal
2026-02-13 17:53:24.243177,Toronto-3d7e,15,53,Normal
2026-02-13 17:53:25.243177,Toronto-3d7e,2,15,Normal
2026-02-13 17:53:26.243177,Toronto-3d7e,-6,28,Normal
2026-02-13 17:53:27.243177,Toronto-3d7e,41,25,Normal
2026-02-13 17:53:28.243177,Toronto-3d7e,48,21,Normal
2026-02-13 17:53:29.243177,Toronto-3d7e,30,5,Normal
2026-02-13 17:53:30.243177,Toronto-3d7e,35,58,Normal
2026-02-13 17:53:31.243177,Toronto-3d7e,43,86,Normal
2026-02-13 17:53:32.243177,Toronto-3d7e,-5,37,Normal
2026-02-13 17:53:33.243177,Toronto-3d7e,37,54,Normal
2026-02-13 17:53:34.243177,Toronto-3d7e,30,74,Normal
2026-02-13 17:53:35.243177,Toronto-3d7e,45,99,Normal
2026-02-13 17:53:36.243177,Toronto-3d7e,46,76,Normal
2026-02-13 17:53:37.243177,Toronto-3d7e,43,35,Normal
2026-02-13 17:53:38.243177,Toronto-3d7e,21,94,Normal
2026-02-13 17:53:39.243177,Toronto-3d7e,-12,43,Normal
2026-02-13 17:53:40.243177,Toronto-3d7e,-22,10,Normal
2026-02-13 17:53:41.243177,Toronto-3d7e,40,7,Normal
2026-02-13 17:53:42.243177,Toronto-3d7e,-30,32,Normal
2026-02-13 17:53:43.243177,Toronto-3d7e,41,57,Normal
2026-02-13 17:53:44.243177,Toronto-3d7e,29,46,Normal
2026-02-13 17:53:45.243177,Toronto-3d7e,-11,86,Normal
2026-02-13 17:53:46.243177,Toronto-3d7e,36,45,Normal
2026-02-13 17:53:47.243177,Toronto-3d7e,23,47,Normal
2026-02-13 17:53:48.243177,Toronto-3d7e,-23,28,Normal
2026-02-13 17:53:49.243177,Toronto-3d7e,38,26,Normal
2026-02-13 17:53:50.243177,Toronto-3d7e,44,92,Normal
2026-02-13 17:53:51.243177,Toronto-3d7e,31,93,Normal
2026-02-13 17:53:52.243177,Toronto-3d7e,-13,72,Normal
2026-02-13 17:53:53.243177,Toronto-3d7e,7,42,Normal
2026-02-13 17:53:54.243177,Toronto-3d7e,-1,69,Normal
2026-02-13 17:53:55.243177,Toronto-3d7e,31,41,Normal
2026-02-13 17:53:56.243177,Toronto-3d7e,42,2,Normal
2026-02-13 17:53:57.243177,Toronto-3d7e,0,46,Normal
2026-02-13 17:53:58.243177,Toronto-3d7e,25,79,Normal
2026-02-13 17:53:59.243177,Toronto-3d7e,-22,16,Normal
2026-02-13 17:54:00.243177,Toronto-3d7e,-1,95,Normal
2026-02-13 17:54:01.243177,Toronto-3d7e,10,92,Normal
2026-02-13 17:54:02.243177,Toronto-3d7e,-27,33,Normal
2026-02-13 17:54:03.243177,Toronto-3d7e,3,48,Normal
2026-02-13 17:54:04.243177,Toronto-3d7e,-15,95,Normal
2026-02-13 17:54:05.243177,Toronto-3d7e,-1,72,Normal
2026-02-13 17:54:06.243177,Toronto-3d7e,-12,26,Normal
2026-02-13 17:54:07.243177,Toronto-3d7e,-9,21,Normal
2026-02-13 17:54:08.243177,Toronto-3d7e,45,54,Normal
2026-02-13 17:54:09.243177,Toronto-3d7e,3,6,Normal
2026-02-13 17:54:10.243177,Toronto-3d7e,45,42,Normal
2026-02-13 17:54:11.243177,Toronto-3d7e,-9,45,Normal
2026-02-13 17:54:12.243177,Toronto-3d7e,39,73,Normal
2026-02-13 17:54:13.243177,Toronto-3d7e,26,68,Normal
2026-02-13 17:54:14.243177,Toronto-3d7e,10,20,Normal
2026-02-13 17:54:15.243177,Toronto-3d7e,22,85,Normal
2026-02-13 17:54:16.243177,Toronto-3d7e,37,13,Normal
2026-02-13 17:54:17.243177,Toronto-3d7e,-8,6,Normal
2026-02-13 17:54:18.243177,Toronto-3d7e,-10,60,Normal
2026-02-13 17:54:19.243177,Toronto-3d7e,32,56,Normal
2026-02-13 17:54:20.243177,Toronto-3d7e,39,90,Normal
2026-02-13 17:54:21.243177,Toronto-3d7e,36,0,Normal
2026-02-13 17:54:22.243177,Toronto-3d7e,-12,49,Normal
2026-02-13 17:54:23.243177,Toronto-3d7e,-3,77,Normal
2026-02-13 17:54:24.243177,Toronto-3d7e,25,59,Normal
2026-02-13 17:54:25.243177,Toronto-3d7e,12,86,Normal
2026-02-13 17:54:26.243177,Toronto-3d7e,10,0,Normal
2026-02-13 17:54:27.243177,Toronto-3d7e,42,86,Normal
2026-02-13 17:54:28.243177,Toronto-3d7e,-21,86,Normal
2026-02-13 17:54:29.243177,Toronto-3d7e,0,63,Normal
2026-02-13 17:54:30.243177,Toronto-3d7e,-14,4,Normal
2026-02-13 17:54:31.243177,Toronto-3d7e,32,61,Normal
2026-02-13 17:54:32.243177,Toronto-3d7e,38,15,Normal
2026-02-13 17:54:33.243177,Toronto-3d7e,2,67,Normal
2026-02-13 17:54:34.243177,Toronto-3d7e,50,13,Normal
2026-02-13 17:54:35.243177,Toronto-3d7e,-21,63,Normal
2026-02-13 17:54:36.243177,Toronto-3d7e,24,11,Normal
2026-02-13 17:54:37.243177,Toronto-3d7e,-22,43,Normal
2026-02-13 17:54:38.243177,Toronto-3d7e,-19,71,Normal
2026-02-13 17:54:39.243177,Toronto-3d7e,44,64,Normal
2026-02-13 17:54:40.243177,Toronto-3d7e,-3,20,Normal
2026-02-13 17:54:41.243177,Toronto-3d7e,36,60,Normal
2026-02-13 17:54:42.243177,Toronto-3d7e,-9,49,Normal
2026-02-13 17:54:43.243177,Toronto-3d7e,-27,2,Normal
2026-02-13 17:54:44.243177,Toronto-3d7e,20,59,Normal
2026-02-13 17:54:45.243177,Toronto-3d7e,-23,92,Normal
2026-02-13 17:54:46.243177,Toronto-3d7e,-16,62,Normal
2026-02-13 17:54:47.243177,Toronto-3d7e,36,96,Normal
2026-02-13 17:54:48.243177,Toronto-3d7e,-3,57,Normal
2026-02-13 17:54:49.243177,Toronto-3d7e,16,74,Normal
2026-02-13 17:54:50.243177,Toronto-3d7e,17,42,Normal
2026-02-13 17:54:51.243177,Toronto-3d7e,6,50,Normal
2026-02-13 17:54:52.243177,Toronto-3d7e,5,19,Normal
2026-02-13 17:54:53.243177,Toronto-3d7e,29,4,Normal
2026-02-13 17:54:54.243177,Toronto-3d7e,5,78,Normal
2026-02-13 17:54:55.243177,Toronto-3d7e,-21,33,Normal
2026-02-13 17:54:56.243177,Toronto-3d7e,44,86,Normal
2026-02-13 17:54:57.243177,Toronto-3d7e,23,14,Normal
2026-02-13 17:54:58.243177,Toronto-3d7e,14,74,Normal
2026-02-13 17:54:59.243177,Toronto-3d7e,-10,66,Normal
2026-02-13 17:55:00.243177,Toronto-3d7e,-26,39,Normal
2026-02-13 17:55:01.243177,Toronto-3d7e,-29,71,Normal
2026-02-13 17:55:02.243177,Toronto-3d7e,8,24,Normal
2026-02-13 17:55:03.243177,Toronto-3d7e,-27,25,Normal
2026-02-13 17:55:04.243177,Toronto-3d7e,5,87,Normal
2026-02-13 17:55:05.243177,Toronto-3d7e,-29,65,Normal
2026-02-13 17:55:06.243177,Toronto-3d7e,27,23,Normal
2026-02-13 17:55:07.243177,Toronto-3d7e,35,31,Normal
2026-02-13 17:55:08.243177,Toronto-3d7e,31,50,Normal
2026-02-13 17:55:09.243177,Toronto-3d7e,38,16,Normal
2026-02-13 17:55:10.243177,Toronto-3d7e,-13,15,Normal
2026-02-13 17:55:11.243177,Toronto-3d7e,41,68,Normal
2026-02-13 17:55:12.243177,Toronto-3d7e,38,78,Normal
2026-02-13 17:55:13.243177,Toronto-3d7e,8,71,Normal
2026-02-13 17:55:14.243177,Toronto-3d7e,30,65,Normal
2026-02-13 17:55:15.243177,Toronto-3d7e,43,34,Normal
2026-02-13 17:55:16.243177,Toronto-3d7e,-11,5,Normal
2026-02-13 17:55:17.243177,Toronto-3d7e,-23,99,Normal
2026-02-13 17:55:18.243177,Toronto-3d7e,-29,38,Normal
2026-02-13 17:55:19.243177,Toronto-3d7e,16,61,Normal
2026-02-13 17:55:20.243177,Toronto-3d7e,8,81,Normal
2026-02-13 17:55:21.243177,Toronto-3d7e,5,58,Normal
2026-02-13 17:55:22.243177,Toronto-3d7e,41,52,Normal
2026-02-13 17:55:23.243177,Toronto-3d7e,48,4,Normal
2026-02-13 17:55:24.243177,Toronto-3d7e,-14,65,Normal
2026-02-13 17:55:25.243177,Toronto-3d7e,15,17,Normal
2026-02-13 17:55:26.243177,Toronto-3d7e,-4,84,Normal
2026-02-13 17:55:27.243177,Toronto-3d7e,37,25,Normal
2026-02-13 17:55:28.243177,Toronto-3d7e,8,59,Normal
2026-02-13 17:55:29.243177,Toronto-3d7e,31,88,Normal
2026-02-13 17:55:30.243177,Toronto-3d7e,21,99,Normal
2026-02-13 17:55:31.243177,Toronto-3d7e,-7,20,Normal
2026-02-13 17:55:32.243177,Toronto-3d7e,-2,12,Normal
2026-02-13 17:55:33.243177,Toronto-3d7e,46,6,Normal
2026-02-13 17:55:34.243177,Toronto-3d7e,48,23,Normal
2026-02-13 17:55:35.243177,Toronto-3d7e,7,94,Normal
2026-02-13 17:55:36.243177,Toronto-3d7e,48,26,Normal
2026-02-13 17:55:37.243177,Toronto-3d7e,19,25,Normal
2026-02-13 17:55:38.243177,Toronto-3d7e,16,64,Normal
2026-02-13 17:55:39.243177,Toronto-3d7e,6,73,Normal
2026-02-13 17:55:40.243177,Toronto-3d7e,-5,3,Normal
2026-02-13 17:55:41.243177,Toronto-3d7e,-19,81,Normal
2026-02-13 17:55:42.243177,Toronto-3d7e,23,57,Normal
2026-02-13 17:55:43.243177,Toronto-3d7e,-27,50,Normal
2026-02-13 17:55:44.243177,Toronto-3d7e,18,70,Normal
2026-02-13 17:55:45.243177,Toronto-3d7e,-10,1,Normal
2026-02-13 17:55:46.243177,Toronto-3d7e,-6,49,Normal
2026-02-13 17:55:47.243177,Toronto-3d7e,-8,10,Normal
2026-02-13 17:55:48.243177,Toronto-3d7e,-3,19,Normal
2026-02-13 17:55:49.243177,Toronto-3d7e,8,62,Normal
2026-02-13 17:55:50.243177,Toronto-3d7e,10,72,Normal
2026-02-13 17:55:51.243177,Toronto-3d7e,7,37,Normal
2026-02-13 17:55:52.243177,Toronto-3d7e,22,32,Normal
2026-02-13 17:55:53.243177,Toronto-3d7e,35,6,Normal
2026-02-13 17:55:54.243177,Toronto-3d7e,-3,33,Normal
2026-02-13 17:55:55.243177,Toronto-3d7e,-22,83,Normal
2026-02-13 17:55:56.243177,Toronto-3d7e,-21,52,Normal
2026-02-13 17:55:57.243177,Toronto-3d7e,-8,7,Normal
2026-02-13 17:55:58.243177,Toronto-3d7e,1,96,Normal
2026-02-13 17:55:59.243177,Toronto-3d7e,6,27,Normal
2026-02-13 17:56:00.243177,Toronto-3d7e,43,40,Normal
2026-02-13 17:56:01.243177,Toronto-3d7e,-29,21,Normal
2026-02-13 17:56:02.243177,Toronto-3d7e,-25,54,Normal
2026-02-13 17:56:03.243177,Toronto-3d7e,1,31,Normal
2026-02-13 17:56:04.243177,Toronto-3d7e,48,45,Normal
2026-02-13 17:56:05.243177,Toronto-3d7e,39,26,Normal
2026-02-13 17:56:06.243177,Toronto-3d7e,-24,68,Normal
2026-02-13 17:56:07.243177,Toronto-3d7e,41,18,Normal
2026-02-13 17:56:08.243177,Toronto-3d7e,-11,36,Normal
2026-02-13 17:56:09.243177,Toronto-3d7e,49,53,Normal
2026-02-13 17:56:10.243177,Toronto-3d7e,14,0,Normal
2026-02-13 17:56:11.243177,Toronto-3d7e,5,66,Normal
2026-02-13 17:56:12.243177,Toronto-3d7e,-20,34,Normal
2026-02-13 17:56:13.243177,Toronto-3d7e,-29,12,Normal
2026-02-13 17:56:14.243177,Toronto-3d7e,43,27,Normal
2026-02-13 17:56:15.243177,Toronto-3d7e,37,1,Normal
2026-02-13 17:56:16.243177,Toronto-3d7e,48,21,Normal
2026-02-13 17:56:17.243177,Toronto-3d7e,-6,77,Normal
2026-02-13 17:56:18.243177,Toronto-3d7e,46,73,Normal
2026-02-13 17:56:19.243177,Toronto-3d7e,-30,72,Normal
2026-02-13 17:56:20.243177,Toronto-3d7e,13,6,Normal
2026-02-13 17:56:21.243177,Toronto-3d7e,28,82,Normal
2026-02-13 17:56:22.243177,Toronto-3d7e,-14,60,Normal
2026-02-13 17:56:23.243177,Toronto-3d7e,43,39,Normal
2026-02-13 17:56:24.243177,Toronto-3d7e,30,27,Normal
2026-02-13 17:56:25.243177,Toronto-3d7e,-22,30,Normal
2026-02-13 17:56:26.243177,Toronto-3d7e,29,67,Normal
2026-02-13 17:56:27.243177,Toronto-3d7e,26,61,Normal
2026-02-13 17:56:28.243177,Toronto-3d7e,38,53,Normal
2026-02-13 17:56:29.243177,Toronto-3d7e,-30,72,Normal
2026-02-13 17:56:30.243177,Toronto-3d7e,34,18,Normal
2026-02-13 17:56:31.243177,Toronto-3d7e,28,30,Normal
2026-02-13 17:56:32.243177,Toronto-3d7e,12,48,Normal
2026-02-13 17:56:33.243177,Toronto-3d7e,42,13,Normal
2026-02-13 17:56:34.243177,Toronto-3d7e,2,22,Normal
2026-02-13 17:56:35.243177,Toronto-3d7e,45,1,Normal
2026-02-13 17:56:36.243177,Toronto-3d7e,48,56,Normal
2026-02-13 17:56:37.243177,Toronto-3d7e,30,27,Normal
2026-02-13 17:56:38.243177,Toronto-3d7e,46,79,Normal
2026-02-13 17:56:39.243177,Toronto-3d7e,-28,61,Normal
2026-02-13 17:56:40.243177,Toronto-3d7e,17,20,Normal
2026-02-13 17:56:41.243177,Toronto-3d7e,14,52,Normal
2026-02-13 17:56:42.243177,Toronto-3d7e,47,76,Normal
2026-02-13 17:56:43.243177,Toronto-3d7e,44,18,Normal
2026-02-13 17:56:44.243177,Toronto-3d7e,32,56,Normal
2026-02-13 17:56:45.243177,Toronto-3d7e,22,58,Normal
2026-02-13 17:56:46.243177,Toronto-3d7e,23,76,Normal
2026-02-13 17:56:47.243177,Toronto-3d7e,32,74,Normal
2026-02-13 17:56:48.243177,Toronto-3d7e,13,18,Normal
2026-02-13 17:56:49.243177,Toronto-3d7e,30,0,Normal
2026-02-13 17:56:50.243177,Toronto-3d7e,-23,84,Normal
2026-02-13 17:56:51.243177,Toronto-3d7e,-26,86,Normal
2026-02-13 17:56:52.243177,Toronto-3d7e,9,20,Normal
2026-02-13 17:56:53.243177,Toronto-3d7e,44,28,Normal
2026-02-13 17:56:54.243177,Toronto-3d7e,-4,15,Normal
2026-02-13 17:56:55.243177,Toronto-3d7e,10,10,Normal
2026-02-13 17:56:56.243177,Toronto-3d7e,16,5,Normal
2026-02-13 17:56:57.243177,Toronto-3d7e,46,41,Normal
2026-02-13 17:56:58.243177,Toronto-3d7e,42,98,Normal
2026-02-13 17:56:59.243177,Toronto-3d7e,14,74,Normal
2026-02-13 17:57:00.243177,Toronto-3d7e,0,86,Normal
2026-02-13 17:57:01.243177,Toronto-3d7e,24,1,Normal
2026-02-13 17:57:02.243177,Toronto-3d7e,-15,74,Normal
2026-02-13 17:57:03.243177,Toronto-3d7e,4,37,Normal
2026-02-13 17:57:04.243177,Toronto-3d7e,6,86,Normal
2026-02-13 17:57:05.243177,Toronto-3d7e,6,71,Normal
2026-02-13 17:57:06.243177,Toronto-3d7e,19,10,Normal
2026-02-13 17:57:07.243177,Toronto-3d7e,-2,91,Normal
2026-02-13 17:57:08.243177,Toronto-3d7e,45,94,Normal
2026-02-13 17:57:09.243177,Toronto-3d7e,30,9,Normal
2026-02-13 17:57:10.243177,Toronto-3d7e,33,69,Normal
2026-02-13 17:57:11.243177,Toronto-3d7e,-15,75,Normal
2026-02-13 17:57:12.243177,Toronto-3d7e,9,75,Normal
2026-02-13 17:57:13.243177,Toronto-3d7e,7,0,Normal
2026-02-13 17:57:14.243177,Toronto-3d7e,14,7,Normal
2026-02-13 17:57:15.243177,Toronto-3d7e,14,24,Normal
2026-02-13 17:57:16.243177,Toronto-3d7e,10,84,Normal
2026-02-13 17:57:17.243177,Toronto-3d7e,27,12,Normal
2026-02-13 17:57:18.243177,Toronto-3d7e,24,7,Normal
2026-02-13 17:57:19.243177,Toronto-3d7e,1,84,Normal
2026-02-13 17:57:20.243177,Toronto-3d7e,-29,5,Normal
2026-02-13 17:57:21.243177,Toronto-3d7e,16,72,Normal
2026-02-13 17:57:22.243177,Toronto-3d7e,-9,55,Normal
2026-02-13 17:57:23.243177,Toronto-3d7e,7,51,Normal
2026-02-13 17:57:24.243177,Toronto-3d7e,42,13,Normal
2026-02-13 17:57:25.243177,Toronto-3d7e,-8,37,Normal
2026-02-13 17:57:26.243177,Toronto-3d7e,-5,64,Normal
2026-02-13 17:57:27.243177,Toronto-3d7e,-8,45,Normal
2026-02-13 17:57:28.243177,Toronto-3d7e,0,67,Normal
2026-02-13 17:57:29.243177,Toronto-3d7e,-14,12,Normal
2026-02-13 17:57:30.243177,Toronto-3d7e,21,95,Normal
2026-02-13 17:57:31.243177,Toronto-3d7e,-7,84,Normal
2026-02-13 17:57:32.243177,Toronto-3d7e,45,24,Normal
2026-02-13 17:57:33.243177,Toronto-3d7e,5,76,Normal
2026-02-13 17:57:34.243177,Toronto-3d7e,9,80,Normal
2026-02-13 17:57:35.243177,Toronto-3d7e,6,29,Normal
2026-02-13 17:57:36.243177,Toronto-3d7e,-23,40,Normal
2026-02-13 17:57:37.243177,Toronto-3d7e,3,35,Normal
2026-02-13 17:57:38.243177,Toronto-3d7e,41,78,Normal
2026-02-13 17:57:39.243177,Toronto-3d7e,-20,65,Normal
2026-02-13 17:57:40.243177,Toronto-3d7e,-28,82,Normal
2026-02-13 17:57:41.243177,Toronto-3d7e,-26,93,Normal
2026-02-13 17:57:42.243177,Toronto-3d7e,-26,95,Normal
2026-02-13 17:57:43.243177,Toronto-3d7e,4,51,Normal
2026-02-13 17:57:44.243177,Toronto-3d7e,50,77,Normal
2026-02-13 17:57:45.243177,Toronto-3d7e,-19,29,Normal
2026-02-13 17:57:46.243177,Toronto-3d7e,33,91,Normal
2026-02-13 17:57:47.243177,Toronto-3d7e,-27,24,Normal
2026-02-13 17:57:48.243177,Toronto-3d7e,39,79,Normal
2026-02-13 17:57:49.243177,Toronto-3d7e,45,63,Normal
2026-02-13 17:57:50.243177,Toronto-3d7e,-11,24,Normal
2026-02-13 17:57:51.243177,Toronto-3d7e,-8,10,Normal
2026-02-13 17:57:52.243177,Toronto-3d7e,46,84,Normal
2026-02-13 17:57:53.243177,Toronto-3d7e,44,81,Normal
2026-02-13 17:57:54.243177,Toronto-3d7e,22,72,Normal
2026-02-13 17:57:55.243177,Toronto-3d7e,-17,23,Normal
2026-02-13 17:57:56.243177,Toronto-3d7e,31,56,Normal
2026-02-13 17:57:57.243177,Toronto-3d7e,9,91,Normal
2026-02-13 17:57:58.243177,Toronto-3d7e,16,50,Normal
2026-02-13 17:57:59.243177,Toronto-3d7e,19,2,Normal
2026-02-13 17:58:00.243177,Toronto-3d7e,-14,62,Normal
2026-02-13 17:58:01.243177,Toronto-3d7e,12,4,Normal
2026-02-13 17:58:02.243177,Toronto-3d7e,23,60,Normal
2026-02-13 17:58:03.243177,Toronto-3d7e,-13,0,Normal
2026-02-13 17:58:04.243177,Toronto-3d7e,1,86,Normal
2026-02-13 17:58:05.243177,Toronto-3d7e,-5,57,Normal
2026-02-13 17:58:06.243177,Toronto-3d7e,-20,38,Normal
2026-02-13 17:58:07.243177,Toronto-3d7e,37,19,Normal
2026-02-13 17:58:08.243177,Toronto-3d7e,32,18,Normal
2026-02-13 17:58:09.243177,Toronto-3d7e,12,83,Normal
2026-02-13 17:58:10.243177,Toronto-3d7e,-11,98,Normal
2026-02-13 17:58:11.243177,Toronto-3d7e,-8,86,Normal
2026-02-13 17:58:12.243177,Toronto-3d7e,-2,44,Normal
2026-02-13 17:58:13.243177,Toronto-3d7e,7,74,Normal
2026-02-13 17:58:14.243177,Toronto-3d7e,19,24,Normal
2026-02-13 17:58:15.243177,Toronto-3d7e,-9,20,Normal
2026-02-13 17:58:16.243177,Toronto-3d7e,42,72,Normal
2026-02-13 17:58:17.243177,Toronto-3d7e,13,79,Normal
2026-02-13 17:58:18.243177,Toronto-3d7e,-12,79,Normal
2026-02-13 17:58:19.243177,Toronto-3d7e,15,9,Normal
2026-02-13 17:58:20.243177,Toronto-3d7e,25,21,Normal
2026-02-13 17:58:21.243177,Toronto-3d7e,24,12,Normal
2026-02-13 17:58:22.243177,Toronto-3d7e,-18,59,Normal
2026-02-13 17:58:23.243177,Toronto-3d7e,-8,71,Normal
2026-02-13 17:58:24.243177,Toronto-3d7e,-7,24,Normal
2026-02-13 17:58:25.243177,Toronto-3d7e,23,51,Normal
2026-02-13 17:58:26.243177,Toronto-3d7e,-6,40,Normal
2026-02-13 17:58:27.243177,Toronto-3d7e,40,67,Normal
2026-02-13 17:58:28.243177,Toronto-3d7e,-3,80,Normal
2026-02-13 17:58:29.243177,Toronto-3d7e,-10,95,Normal
2026-02-13 17:58:30.243177,Toronto-3d7e,7,19,Normal
2026-02-13 17:58:31.243177,Toronto-3d7e,-7,92,Normal
2026-02-13 17:58:32.243177,Toronto-3d7e,22,84,Normal
2026-02-13 17:58:33.243177,Toronto-3d7e,24,1,Normal
2026-02-13 17:58:34.243177,Toronto-3d7e,6,6,Normal
2026-02-13 17:58:35.243177,Toronto-3d7e,19,90,Normal
2026-02-13 17:58:36.243177,Toronto-3d7e,-29,100,Normal
2026-02-13 17:58:37.243177,Toronto-3d7e,30,75,Normal
2026-02-13 17:58:38.243177,Toronto-3d7e,-26,25,Normal
2026-02-13 17:58:39.243177,Toronto-3d7e,33,1,Normal
2026-02-13 17:58:40.243177,Toronto-3d7e,10,15,Normal
2026-02-13 17:58:41.243177,Toronto-3d7e,-27,89,Normal
2026-02-13 17:58:42.243177,Toronto-3d7e,19,30,Normal
2026-02-13 17:58:43.243177,Toronto-3d7e,39,9,Normal
2026-02-13 17:58:44.243177,Toronto-3d7e,8,31,Normal
2026-02-13 17:58:45.243177,Toronto-3d7e,-28,67,Normal
2026-02-13 17:58:46.243177,Toronto-3d7e,-15,1,Normal
2026-02-13 17:58:47.243177,Toronto-3d7e,-22,62,Normal
2026-02-13 17:58:48.243177,Toronto-3d7e,28,41,Normal
2026-02-13 17:58:49.243177,Toronto-3d7e,-15,23,Normal
2026-02-13 17:58:50.243177,Toronto-3d7e,21,92,Normal
2026-02-13 17:58:51.243177,Toronto-3d7e,-10,98,Normal
2026-02-13 17:58:52.243177,Toronto-3d7e,-20,7,Normal
2026-02-13 17:58:53.243177,Toronto-3d7e,-12,24,Normal
2026-02-13 17:58:54.243177,Toronto-3d7e,16,63,Normal
2026-02-13 17:58:55.243177,Toronto-3d7e,17,78,Normal
2026-02-13 17:58:56.243177,Toronto-3d7e,14,75,Normal
2026-02-13 17:58:57.243177,Toronto-3d7e,25,70,Normal
2026-02-13 17:58:58.243177,Toronto-3d7e,27,64,Normal
2026-02-13 17:58:59.243177,Toronto-3d7e,-7,12,Normal
2026-02-13 17:59:00.243177,Toronto-3d7e,13,4,Normal
2026-02-13 17:59:01.243177,Toronto-3d7e,26,28,Normal
2026-02-13 17:59:02.243177,Toronto-3d7e,25,94,Normal
2026-02-13 17:59:03.243177,Toronto-3d7e,29,4,Normal
2026-02-13 17:59:04.243177,Toronto-3d7e,29,53,Normal
2026-02-13 17:59:05.243177,Toronto-3d7e,41,78,Normal
2026-02-13 17:59:06.243177,Toronto-3d7e,29,26,Normal
2026-02-13 17:59:07.243177,Toronto-3d7e,-3,89,Normal
2026-02-13 17:59:08.243177,Toronto-3d7e,6,42,Normal
2026-02-13 17:59:09.243177,Toronto-3d7e,-20,45,Normal
2026-02-13 17:59:10.243177,Toronto-3d7e,-13,41,Normal
2026-02-13 17:59:11.243177,Toronto-3d7e,-8,3,Normal
2026-02-13 17:59:12.243177,Toronto-3d7e,-14,73,Normal
2026-02-13 17:59:13.243177,Toronto-3d7e,-7,62,Normal
2026-02-13 17:59:14.243177,Toronto-3d7e,-2,16,Normal
2026-02-13 17:59:15.243177,Toronto-3d7e,-1,49,Normal
2026-02-13 17:59:16.243177,Toronto-3d7e,16,16,Normal
2026-02-13 17:59:17.243177,Toronto-3d7e,-10,83,Normal
2026-02-13 17:59:18.243177,Toronto-3d7e,-21,24,Normal
2026-02-13 17:59:19.243177,Toronto-3d7e,-24,1,Normal
2026-02-13 17:59:20.243177,Toronto-3d7e,24,16,Normal
2026-02-13 17:59:21.243177,Toronto-3d7e,-5,98,Normal
2026-02-13 17:59:22.243177,Toronto-3d7e,12,75,Normal
2026-02-13 17:59:23.243177,Toronto-3d7e,-29,87,Normal
2026-02-13 17:59:24.243177,Toronto-3d7e,-1,80,Normal
2026-02-13 17:59:25.243177,Toronto-3d7e,-21,87,Normal
2026-02-13 17:59:26.243177,Toronto-3d7e,-27,19,Normal
2026-02-13 17:59:27.243177,Toronto-3d7e,39,24,Normal
2026-02-13 17:59:28.243177,Toronto-3d7e,-11,5,Normal
2026-02-13 17:59:29.243177,Toronto-3d7e,38,22,Normal
2026-02-13 17:59:30.243177,Toronto-3d7e,-17,70,Normal
2026-02-13 17:59:31.243177,Toronto-3d7e,-18,83,Normal
2026-02-13 17:59:32.243177,Toronto-3d7e,41,35,Normal
2026-02-13 17:59:33.243177,Toronto-3d7e,28,10,Normal
2026-02-13 17:59:34.243177,Toronto-3d7e,-4,92,Normal
2026-02-13 17:59:35.243177,Toronto-3d7e,50,88,Normal
2026-02-13 17:59:36.243177,Toronto-3d7e,2,64,Normal
2026-02-13 17:59:37.243177,Toronto-3d7e,-25,50,Normal
2026-02-13 17:59:38.243177,Toronto-3d7e,6,93,Normal
2026-02-13 17:59:39.243177,Toronto-3d7e,8,28,Normal
2026-02-13 17:59:40.243177,Toronto-3d7e,34,60,Normal
2026-02-13 17:59:41.243177,Toronto-3d7e,37,1,Normal
2026-02-13 17:59:42.243177,Toronto-3d7e,30,36,Normal
2026-02-13 17:59:43.243177,Toronto-3d7e,-4,42,Normal
2026-02-13 17:59:44.243177,Toronto-3d7e,22,61,Normal
2026-02-13 17:59:45.243177,Toronto-3d7e,34,96,Normal
2026-02-13 17:59:46.243177,Toronto-3d7e,-7,11,Normal
2026-02-13 17:59:47.243177,Toronto-3d7e,15,48,Normal
2026-02-13 17:59:48.243177,Toronto-3d7e,28,34,Normal
2026-02-13 17:59:49.243177,Toronto-3d7e,-16,10,Normal
2026-02-13 17:59:50.243177,Toronto-3d7e,7,95,Normal
2026-02-13 17:59:51.243177,Toronto-3d7e,-17,76,Normal
2026-02-13 17:59:52.243177,Toronto-3d7e,-13,97,Normal
2026-02-13 17:59:53.243177,Toronto-3d7e,-16,25,Normal
2026-02-13 17:59:54.243177,Toronto-3d7e,44,66,Normal
2026-02-13 17:59:55.243177,Toronto-3d7e,19,93,Normal
2026-02-13 17:59:56.243177,Toronto-3d7e,-23,84,Normal
2026-02-13 17:59:57.243177,Toronto-3d7e,36,26,Normal
2026-02-13 17:59:58.243177,Toronto-3d7e,-21,95,Normal
2026-02-13 17:59:59.243177,Toronto-3d7e,-5,80,Normal
2026-02-13 18:00:00.243177,Toronto-3d7e,32,22,Normal
2026-02-13 18:00:01.243177,Toronto-3d7e,25,72,Normal
2026-02-13 18:00:02.243177,Toronto-3d7e,17,45,Normal
2026-02-13 18:00:03.243177,Toronto-3d7e,-10,92,Normal
2026-02-13 18:00:04.243177,Toronto-3d7e,36,12,Normal
2026-02-13 18:00:05.243177,Toronto-3d7e,-9,80,Normal
2026-02-13 18:00:06.243177,Toronto-3d7e,20,54,Normal
2026-02-13 18:00:07.243177,Toronto-3d7e,50,3,Normal
2026-02-13 18:00:08.243177,Toronto-3d7e,-13,9,Normal
2026-02-13 18:00:09.243177,Toronto-3d7e,4,80,Normal
2026-02-13 18:00:10.243177,Toronto-3d7e,2,39,Normal
2026-02-13 18:00:11.243177,Toronto-3d7e,40,67,Normal
2026-02-13 18:00:12.243177,Toronto-3d7e,-9,49,Normal
2026-02-13 18:00:13.243177,Toronto-3d7e,-29,91,Normal
2026-02-13 18:00:14.243177,Toronto-3d7e,33,18,Normal
2026-02-13 18:00:15.243177,Toronto-3d7e,15,93,Normal
2026-02-13 18:00:16.243177,Toronto-3d7e,11,23,Normal
2026-02-13 18:00:17.243177,Toronto-3d7e,13,33,Normal
2026-02-13 18:00:18.243177,Toronto-3d7e,50,100,Normal
2026-02-13 18:00:19.243177,Toronto-3d7e,25,20,Normal
2026-02-13 18:00:20.243177,Toronto-3d7e,40,29,Normal
2026-02-13 18:00:21.243177,Toronto-3d7e,50,75,Normal
2026-02-13 18:00:22.243177,Toronto-3d7e,-16,73,Normal
2026-02-13 18:00:23.243177,Toronto-3d7e,39,90,Normal
2026-02-13 18:00:24.243177,Toronto-3d7e,0,38,Normal
2026-02-13 18:00:25.243177,Toronto-3d7e,-24,39,Normal
2026-02-13 18:00:26.243177,Toronto-3d7e,42,65,Normal
2026-02-13 18:00:27.243177,Toronto-3d7e,-5,31,Normal
2026-02-13 18:00:28.243177,Toronto-3d7e,-22,85,Normal
2026-02-13 18:00:29.243177,Toronto-3d7e,34,7,Normal
2026-02-13 18:00:30.243177,Toronto-3d7e,9,4,Normal
2026-02-13 18:00:31.243177,Toronto-3d7e,10,2,Normal
2026-02-13 18:00:32.243177,Toronto-3d7e,29,34,Normal
2026-02-13 18:00:33.243177,Toronto-3d7e,-6,79,Normal
2026-02-13 18:00:34.243177,Toronto-3d7e,2,8,Normal
2026-02-13 18:00:35.243177,Toronto-3d7e,-16,100,Normal
2026-02-13 18:00:36.243177,Toronto-3d7e,12,32,Normal
2026-02-13 18:00:37.243177,Toronto-3d7e,0,65,Normal
2026-02-13 18:00:38.243177,Toronto-3d7e,26,1,Normal
2026-02-13 18:00:39.243177,Toronto-3d7e,-29,74,Normal
2026-02-13 18:00:40.243177,Toronto-3d7e,38,37,Normal
2026-02-13 18:00:41.243177,Toronto-3d7e,45,36,Normal
2026-02-13 18:00:42.243177,Toronto-3d7e,-7,78,Normal
2026-02-13 18:00:43.243177,Toronto-3d7e,-18,97,Normal
2026-02-13 18:00:44.243177,Toronto-3d7e,25,71,Normal
2026-02-13 18:00:45.243177,Toronto-3d7e,18,44,Normal
2026-02-13 18:00:46.243177,Toronto-3d7e,47,24,Normal
2026-02-13 18:00:47.243177,Toronto-3d7e,-27,94,Normal
2026-02-13 18:00:48.243177,Toronto-3d7e,-13,9,Normal
2026-02-13 18:00:49.243177,Toronto-3d7e,28,72,Normal
2026-02-13 18:00:50.243177,Toronto-3d7e,11,81,Normal
2026-02-13 18:00:51.243177,Toronto-3d7e,-26,20,Normal
2026-02-13 18:00:52.243177,Toronto-3d7e,45,94,Normal
2026-02-13 18:00:53.243177,Toronto-3d7e,40,82,Normal
2026-02-13 18:00:54.243177,Toronto-3d7e,29,18,Normal
2026-02-13 18:00:55.243177,Toronto-3d7e,0,61,Normal
2026-02-13 18:00:56.243177,Toronto-3d7e,24,9,Normal
2026-02-13 18:00:57.243177,Toronto-3d7e,26,84,Normal
2026-02-13 18:00:58.243177,Toronto-3d7e,7,90,Normal
2026-02-13 18:00:59.243177,Toronto-3d7e,15,15,Normal
2026-02-13 18:01:00.243177,Toronto-3d7e,23,27,Normal
2026-02-13 18:01:01.243177,Toronto-3d7e,0,1,Normal
2026-02-13 18:01:02.243177,Toronto-3d7e,8,87,Normal
2026-02-13 18:01:03.243177,Toronto-3d7e,29,45,Normal
2026-02-13 18:01:04.243177,Toronto-3d7e,28,35,Normal
2026-02-13 18:01:05.243177,Toronto-3d7e,5,78,Normal
2026-02-13 18:01:06.243177,Toronto-3d7e,-9,38,Normal
2026-02-13 18:01:07.243177,Toronto-3d7e,39,47,Normal
2026-02-13 18:01:08.243177,Toronto-3d7e,10,4,Normal
2026-02-13 18:01:09.243177,Toronto-3d7e,23,64,Normal
2026-02-13 18:01:10.243177,Toronto-3d7e,10,86,Normal
2026-02-13 18:01:11.243177,Toronto-3d7e,15,27,Normal
2026-02-13 18:01:12.243177,Toronto-3d7e,0,41,Normal
2026-02-13 18:01:13.243177,Toronto-3d7e,22,22,Normal
2026-02-13 18:01:14.243177,Toronto-3d7e,33,81,Normal
2026-02-13 18:01:15.243177,Toronto-3d7e,21,56,Normal
2026-02-13 18:01:16.243177,Toronto-3d7e,44,93,Normal
2026-02-13 18:01:17.243177,Toronto-3d7e,35,1,Normal
2026-02-13 18:01:18.243177,Toronto-3d7e,-13,14,Normal
2026-02-13 18:01:19.243177,Toronto-3d7e,-8,10,Normal
2026-02-13 18:01:20.243177,Toronto-3d7e,-25,28,Normal
2026-02-13 18:01:21.243177,Toronto-3d7e,36,21,Normal
2026-02-13 18:01:22.243177,Toronto-3d7e,9,68,Normal
2026-02-13 18:01:23.243177,Toronto-3d7e,49,54,Normal
2026-02-13 18:01:24.243177,Toronto-3d7e,-2,17,Normal
2026-02-13 18:01:25.243177,Toronto-3d7e,44,85,Normal
2026-02-13 18:01:26.243177,Toronto-3d7e,43,54,Normal
2026-02-13 18:01:27.243177,Toronto-3d7e,11,2,Normal
2026-02-13 18:01:28.243177,Toronto-3d7e,17,46,Normal
2026-02-13 18:01:29.243177,Toronto-3d7e,35,80,Normal
2026-02-13 18:01:30.243177,Toronto-3d7e,-28,98,Normal
2026-02-13 18:01:31.243177,Toronto-3d7e,-1,31,Normal
2026-02-13 18:01:32.243177,Toronto-3d7e,29,17,Normal
2026-02-13 18:01:33.243177,Toronto-3d7e,28,83,Normal
2026-02-13 18:01:34.243177,Toronto-3d7e,-26,4,Normal
2026-02-13 18:01:35.243177,Toronto-3d7e,27,54,Normal
2026-02-13 18:01:36.243177,Toronto-3d7e,7,75,Normal
2026-02-13 18:01:37.243177,Toronto-3d7e,-27,70,Normal
2026-02-13 18:01:38.243177,Toronto-3d7e,-27,71,Normal
2026-02-13 18:01:39.243177,Toronto-3d7e,42,20,Normal
2026-02-13 18:01:40.243177,Toronto-3d7e,-24,2,Normal
2026-02-13 18:01:41.243177,Toronto-3d7e,1,67,Normal
2026-02-13 18:01:42.243177,Toronto-3d7e,19,48,Normal
2026-02-13 18:01:43.243177,Toronto-3d7e,-28,31,Normal
2026-02-13 18:01:44.243177,Toronto-3d7e,-5,72,Normal
2026-02-13 18:01:45.243177,Toronto-3d7e,-9,44,Normal
2026-02-13 18:01:46.243177,Toronto-3d7e,-1,73,Normal
2026-02-13 18:01:47.243177,Toronto-3d7e,-4,48,Normal
2026-02-13 18:01:48.243177,Toronto-3d7e,19,68,Normal
2026-02-13 18:01:49.243177,Toronto-3d7e,35,24,Normal
2026-02-13 18:01:50.243177,Toronto-3d7e,35,41,Normal
2026-02-13 18:01:51.243177,Toronto-3d7e,34,97,Normal
2026-02-13 18:01:52.243177,Toronto-3d7e,41,62,Normal
2026-02-13 18:01:53.243177,Toronto-3d7e,29,71,Normal
2026-02-13 18:01:54.243177,Toronto-3d7e,-5,83,Normal
2026-02-13 18:01:55.243177,Toronto-3d7e,47,92,Normal
2026-02-13 18:01:56.243177,Toronto-3d7e,-8,70,Normal
2026-02-13 18:01:57.243177,Toronto-3d7e,29,29,Normal
2026-02-13 18:01:58.243177,Toronto-3d7e,36,19,Normal
2026-02-13 18:01:59.243177,Toronto-3d7e,-28,64,Normal
2026-02-13 18:02:00.243177,Toronto-3d7e,24,30,Normal
2026-02-13 18:02:01.243177,Toronto-3d7e,42,16,Normal
2026-02-13 18:02:02.243177,Toronto-3d7e,-11,65,Normal
2026-02-13 18:02:03.243177,Toronto-3d7e,31,15,Normal
2026-02-13 18:02:04.243177,Toronto-3d7e,23,65,Normal
2026-02-13 18:02:05.243177,Toronto-3d7e,1,57,Normal
2026-02-13 18:02:06.243177,Toronto-3d7e,-5,41,Normal
2026-02-13 18:02:07.243177,Toronto-3d7e,9,62,Normal
2026-02-13 18:02:08.243177,Toronto-3d7e,25,34,Normal
2026-02-13 18:02:09.243177,Toronto-3d7e,-24,28,Normal
2026-02-13 18:02:10.243177,Toronto-3d7e,-24,23,Normal
2026-02-13 18:02:11.243177,Toronto-3d7e,27,2,Normal
2026-02-13 18:02:12.243177,Toronto-3d7e,10,70,Normal
2026-02-13 18:02:13.243177,Toronto-3d7e,31,75,Normal
2026-02-13 18:02:14.243177,Toronto-3d7e,38,58,Normal
2026-02-13 18:02:15.243177,Toronto-3d7e,44,67,Normal
2026-02-13 18:02:16.243177,Toronto-3d7e,3,42,Normal
2026-02-13 18:02:17.243177,Toronto-3d7e,2,66,Normal
2026-02-13 18:02:18.243177,Toronto-3d7e,38,27,Normal
2026-02-13 18:02:19.243177,Toronto-3d7e,42,81,Normal
2026-02-13 18:02:20.243177,Toronto-3d7e,30,87,Normal
2026-02-13 18:02:21.243177,Toronto-3d7e,4,27,Normal
2026-02-13 18:02:22.243177,Toronto-3d7e,22,78,Normal
2026-02-13 18:02:23.243177,Toronto-3d7e,-29,54,Normal
2026-02-13 18:02:24.243177,Toronto-3d7e,-28,32,Normal
2026-02-13 18:02:25.243177,Toronto-3d7e,3,21,Normal
2026-02-13 18:02:26.243177,Toronto-3d7e,14,7,Normal
2026-02-13 18:02:27.243177,Toronto-3d7e,45,77,Normal
2026-02-13 18:02:28.243177,Toronto-3d7e,34,15,Normal
2026-02-13 18:02:29.243177,Toronto-3d7e,14,27,Normal
2026-02-13 18:02:30.243177,Toronto-3d7e,32,97,Normal
2026-02-13 18:02:31.243177,Toronto-3d7e,32,50,Normal
2026-02-13 18:02:32.243177,Toronto-3d7e,36,61,Normal
2026-02-13 18:02:33.243177,Toronto-3d7e,-20,11,Normal
2026-02-13 18:02:34.243177,Toronto-3d7e,-12,7,Normal
2026-02-13 18:02:35.243177,Toronto-3d7e,13,45,Normal
2026-02-13 18:02:36.243177,Toronto-3d7e,-19,38,Normal
2026-02-13 18:02:37.243177,Toronto-3d7e,2,6,Normal
2026-02-13 18:02:38.243177,Toronto-3d7e,40,91,Normal
2026-02-13 18:02:39.243177,Toronto-3d7e,18,98,Normal
2026-02-13 18:02:40.243177,Toronto-3d7e,32,72,Normal
2026-02-13 18:02:41.243177,Toronto-3d7e,4,60,Normal
2026-02-13 18:02:42.243177,Toronto-3d7e,1,63,Normal
2026-02-13 18:02:43.243177,Toronto-3d7e,24,60,Normal
2026-02-13 18:02:44.243177,Toronto-3d7e,36,45,Normal
2026-02-13 18:02:45.243177,Toronto-3d7e,-18,55,Normal
2026-02-13 18:02:46.243177,Toronto-3d7e,-29,37,Normal
2026-02-13 18:02:47.243177,Toronto-3d7e,1,78,Normal
2026-02-13 18:02:48.243177,Toronto-3d7e,-11,17,Normal
2026-02-13 18:02:49.243177,Toronto-3d7e,43,84,Normal
2026-02-13 18:02:50.243177,Toronto-3d7e,-10,0,Normal
