timestamp,station_id,temp,humid,condition
2026-02-08 14:05:35.305138,Tokyo-4fc0,-4,87,Normal
2026-02-08 14:05:36.305138,Tokyo-4fc0,-20,8,Normal
2026-02-08 14:05:37.305138,Tokyo-4fc0,20,92,Normal
2026-02-08 14:05:38.305138,Tokyo-4fc0,-20,56,Normal
2026-02-08 14:05:39.305138,Tokyo-4fc0,2,44,Normal
2026-02-08 14:05:40.305138,Tokyo-4fc0,-13,87,Normal
2026-02-08 14:05:41.305138,Tokyo-4fc0,12,11,Normal
2026-02-08 14:05:42.305138,Tokyo-4fc0,24,25,Normal
2026-02-08 14:05:43.305138,Tokyo-4fc0,14,74,Normal
2026-02-08 14:05:44.305138,Tokyo-4fc0,16,11,Normal
2026-02-08 14:05:45.305138,Tokyo-4fc0,30,84,Normal
2026-02-08 14:05:46.305138,Tokyo-4fc0,48,16,Normal
2026-02-08 14:05:47.305138,Tokyo-4fc0,-23,30,Normal
2026-02-08 14:05:48.305138,Tokyo-4fc0,29,4,Normal
2026-02-08 14:05:49.305138,Tokyo-4fc0,20,73,Normal
2026-02-08 14:05:50.305138,Tokyo-4fc0,5,85,Normal
2026-02-08 14:05:51.305138,Tokyo-4fc0,31,64,Normal
2026-02-08 14:05:52.305138,Tokyo-4fc0,6,58,Normal
2026-02-08 14:05:53.305138,Tokyo-4fc0,-9,26,Normal
2026-02-08 14:05:54.305138,Tokyo-4fc0,30,56,Normal
2026-02-08 14:05:55.305138,Tokyo-4fc0,0,67,Normal
2026-02-08 14:05:56.305138,Tokyo-4fc0,48,1,Normal
2026-02-08 14:05:57.305138,Tokyo-4fc0,37,34,Normal
2026-02-08 14:05:58.305138,Tokyo-4fc0,-11,97,Normal
2026-02-08 14:05:59.305138,Tokyo-4fc0,50,51,Normal
2026-02-08 14:06:00.305138,Tokyo-4fc0,1,99,Normal
2026-02-08 14:06:01.305138,Tokyo-4fc0,46,81,Normal
2026-02-08 14:06:02.305138,Tokyo-4fc0,43,20,Normal
2026-02-08 14:06:03.305138,Tokyo-4fc0,-27,15,Normal
2026-02-08 14:06:04.305138,Tokyo-4fc0,5,71,Normal
2026-02-08 14:06:05.305138,Tokyo-4fc0,42,68,Normal
2026-02-08 14:06:06.305138,Tokyo-4fc0,36,88,Normal
2026-02-08 14:06:07.305138,Tokyo-4fc0,2,22,Normal
2026-02-08 14:06:08.305138,Tokyo-4fc0,20,98,Normal
2026-02-08 14:06:09.305138,Tokyo-4fc0,-16,93,Normal
2026-02-08 14:06:10.305138,Tokyo-4fc0,33,60,Normal
2026-02-08 14:06:11.305138,Tokyo-4fc0,-29,9,Normal
2026-02-08 14:06:12.305138,Tokyo-4fc0,39,95,Normal
2026-02-08 14:06:13.305138,Tokyo-4fc0,13,61,Normal
2026-02-08 14:06:14.305138,Tokyo-4fc0,35,22,Normal
2026-02-08 14:06:15.305138,Tokyo-4fc0,20,78,Normal
2026-02-08 14:06:16.305138,Tokyo-4fc0,-19,9,Normal
2026-02-08 14:06:17.305138,Tokyo-4fc0,30,36,Normal
2026-02-08 14:06:18.305138,Tokyo-4fc0,-19,2,Normal
2026-02-08 14:06:19.305138,Tokyo-4fc0,21,65,Normal
2026-02-08 14:06:20.305138,Tokyo-4fc0,16,75,Normal
2026-02-08 14:06:21.305138,Tokyo-4fc0,9,65,Normal
2026-02-08 14:06:22.305138,Tokyo-4fc0,-1,83,Normal
2026-02-08 14:06:23.305138,Tokyo-4fc0,1,49,Normal
2026-02-08 14:06:24.305138,Tokyo-4fc0,-11,13,Normal
2026-02-08 14:06:25.305138,Tokyo-4fc0,-10,65,Normal
2026-02-08 14:06:26.305138,Tokyo-4fc0,-27,19,Normal
2026-02-08 14:06:27.305138,Tokyo-4fc0,-28,67,Normal
2026-02-08 14:06:28.305138,Tokyo-4fc0,7,85,Normal
2026-02-08 14:06:29.305138,Tokyo-4fc0,16,23,Normal
2026-02-08 14:06:30.305138,Tokyo-4fc0,-12,76,Normal
2026-02-08 14:06:31.305138,Tokyo-4fc0,42,97,Normal
2026-02-08 14:06:32.305138,Tokyo-4fc0,39,46,Normal
2026-02-08 14:06:33.305138,Tokyo-4fc0,-5,71,Normal
2026-02-08 14:06:34.305138,Tokyo-4fc0,-22,53,Normal
2026-02-08 14:06:35.305138,Tokyo-4fc0,46,8,Normal
2026-02-08 14:06:36.305138,Tokyo-4fc0,37,62,Normal
2026-02-08 14:06:37.305138,Tokyo-4fc0,12,21,Normal
2026-02-08 14:06:38.305138,Tokyo-4fc0,-7,92,Normal
2026-02-08 14:06:39.305138,Tokyo-4fc0,23,11,Normal
2026-02-08 14:06:40.305138,Tokyo-4fc0,15,44,Normal
2026-02-08 14:06:41.305138,Tokyo-4fc0,15,33,Normal
2026-02-08 14:06:42.305138,Tokyo-4fc0,-12,20,Normal
2026-02-08 14:06:43.305138,Tokyo-4fc0,29,38,Normal
2026-02-08 14:06:44.305138,Tokyo-4fc0,41,25,Normal
2026-02-08 14:06:45.305138,Tokyo-4fc0,0,67,Normal
2026-02-08 14:06:46.305138,Tokyo-4fc0,9,62,Normal
2026-02-08 14:06:47.305138,Tokyo-4fc0,-15,91,Normal
2026-02-08 14:06:48.305138,Tokyo-4fc0,38,40,Normal
2026-02-08 14:06:49.305138,Tokyo-4fc0,10,100,Normal
2026-02-08 14:06:50.305138,Tokyo-4fc0,-9,80,Normal
2026-02-08 14:06:51.305138,Tokyo-4fc0,22,16,Normal
2026-02-08 14:06:52.305138,Tokyo-4fc0,46,66,Normal
2026-02-08 14:06:53.305138,Tokyo-4fc0,-28,25,Normal
2026-02-08 14:06:54.305138,Tokyo-4fc0,-4,60,Normal
2026-02-08 14:06:55.305138,Tokyo-4fc0,0,51,Normal
2026-02-08 14:06:56.305138,Tokyo-4fc0,37,77,Normal
2026-02-08 14:06:57.305138,Tokyo-4fc0,-24,18,Normal
2026-02-08 14:06:58.305138,Tokyo-4fc0,-2,40,Normal
2026-02-08 14:06:59.305138,Tokyo-4fc0,-4,19,Normal
2026-02-08 14:07:00.305138,Tokyo-4fc0,17,3,Normal
2026-02-08 14:07:01.305138,Tokyo-4fc0,33,95,Normal
2026-02-08 14:07:02.305138,Tokyo-4fc0,6,67,Normal
2026-02-08 14:07:03.305138,Tokyo-4fc0,5,96,Normal
2026-02-08 14:07:04.305138,Tokyo-4fc0,50,15,Normal
2026-02-08 14:07:05.305138,Tokyo-4fc0,2,25,Normal
2026-02-08 14:07:06.305138,Tokyo-4fc0,49,33,Normal
2026-02-08 14:07:07.305138,Tokyo-4fc0,-4,77,Normal
2026-02-08 14:07:08.305138,Tokyo-4fc0,-10,61,Normal
2026-02-08 14:07:09.305138,Tokyo-4fc0,-14,28,Normal
2026-02-08 14:07:10.305138,Tokyo-4fc0,5,26,Normal
2026-02-08 14:07:11.305138,Tokyo-4fc0,47,37,Normal
2026-02-08 14:07:12.305138,Tokyo-4fc0,-1,79,Normal
2026-02-08 14:07:13.305138,Tokyo-4fc0,-12,30,Normal
2026-02-08 14:07:14.305138,Tokyo-4fc0,-22,87,Normal
2026-02-08 14:07:15.305138,Tokyo-4fc0,37,86,Normal
2026-02-08 14:07:16.305138,Tokyo-4fc0,2,87,Normal
2026-02-08 14:07:17.305138,Tokyo-4fc0,32,64,Normal
2026-02-08 14:07:18.305138,Tokyo-4fc0,18,21,Normal
2026-02-08 14:07:19.305138,Tokyo-4fc0,-25,72,Normal
2026-02-08 14:07:20.305138,Tokyo-4fc0,29,7,Normal
2026-02-08 14:07:21.305138,Tokyo-4fc0,0,99,Normal
2026-02-08 14:07:22.305138,Tokyo-4fc0,24,17,Normal
2026-02-08 14:07:23.305138,Tokyo-4fc0,24,61,Normal
2026-02-08 14:07:24.305138,Tokyo-4fc0,17,50,Normal
2026-02-08 14:07:25.305138,Tokyo-4fc0,-25,2,Normal
2026-02-08 14:07:26.305138,Tokyo-4fc0,-19,73,Normal
2026-02-08 14:07:27.305138,Tokyo-4fc0,24,16,Normal
2026-02-08 14:07:28.305138,Tokyo-4fc0,-22,54,Normal
2026-02-08 14:07:29.305138,Tokyo-4fc0,-12,75,Normal
2026-02-08 14:07:30.305138,Tokyo-4fc0,-10,98,Normal
2026-02-08 14:07:31.305138,Tokyo-4fc0,-6,71,Normal
2026-02-08 14:07:32.305138,Tokyo-4fc0,19,23,Normal
2026-02-08 14:07:33.305138,Tokyo-4fc0,46,39,Normal
2026-02-08 14:07:34.305138,Tokyo-4fc0,-23,5,Normal
2026-02-08 14:07:35.305138,Tokyo-4fc0,6,12,Normal
2026-02-08 14:07:36.305138,Tokyo-4fc0,50,59,Normal
2026-02-08 14:07:37.305138,Tokyo-4fc0,-29,89,Normal
2026-02-08 14:07:38.305138,Tokyo-4fc0,-29,34,Normal
2026-02-08 14:07:39.305138,Tokyo-4fc0,42,33,Normal
2026-02-08 14:07:40.305138,Tokyo-4fc0,36,48,Normal
2026-02-08 14:07:41.305138,Tokyo-4fc0,-6,32,Normal
2026-02-08 14:07:42.305138,Tokyo-4fc0,27,75,Normal
2026-02-08 14:07:43.305138,Tokyo-4fc0,-24,16,Normal
2026-02-08 14:07:44.305138,Tokyo-4fc0,49,82,Normal
2026-02-08 14:07:45.305138,Tokyo-4fc0,36,29,Normal
2026-02-08 14:07:46.305138,Tokyo-4fc0,7,96,Normal
2026-02-08 14:07:47.305138,Tokyo-4fc0,50,95,Normal
2026-02-08 14:07:48.305138,Tokyo-4fc0,45,47,Normal
2026-02-08 14:07:49.305138,Tokyo-4fc0,25,71,Normal
2026-02-08 14:07:50.305138,Tokyo-4fc0,21,52,Normal
2026-02-08 14:07:51.305138,Tokyo-4fc0,4,52,Normal
2026-02-08 14:07:52.305138,Tokyo-4fc0,38,78,Normal
2026-02-08 14:07:53.305138,Tokyo-4fc0,-18,48,Normal
2026-02-08 14:07:54.305138,Tokyo-4fc0,5,48,Normal
2026-02-08 14:07:55.305138,Tokyo-4fc0,34,48,Normal
2026-02-08 14:07:56.305138,Tokyo-4fc0,37,23,Normal
2026-02-08 14:07:57.305138,Tokyo-4fc0,50,34,Normal
2026-02-08 14:07:58.305138,Tokyo-4fc0,34,70,Normal
2026-02-08 14:07:59.305138,Tokyo-4fc0,20,74,Normal
2026-02-08 14:08:00.305138,Tokyo-4fc0,25,6,Normal
2026-02-08 14:08:01.305138,Tokyo-4fc0,-14,7,Normal
2026-02-08 14:08:02.305138,Tokyo-4fc0,22,68,Normal
2026-02-08 14:08:03.305138,Tokyo-4fc0,14,42,Normal
2026-02-08 14:08:04.305138,Tokyo-4fc0,33,33,Normal
2026-02-08 14:08:05.305138,Tokyo-4fc0,17,87,Normal
2026-02-08 14:08:06.305138,Tokyo-4fc0,-30,98,Normal
2026-02-08 14:08:07.305138,Tokyo-4fc0,-1,42,Normal
2026-02-08 14:08:08.305138,Tokyo-4fc0,27,30,Normal
2026-02-08 14:08:09.305138,Tokyo-4fc0,15,15,Normal
2026-02-08 14:08:10.305138,Tokyo-4fc0,41,44,Normal
2026-02-08 14:08:11.305138,Tokyo-4fc0,-2,65,Normal
2026-02-08 14:08:12.305138,Tokyo-4fc0,45,95,Normal
2026-02-08 14:08:13.305138,Tokyo-4fc0,12,12,Normal
2026-02-08 14:08:14.305138,Tokyo-4fc0,-19,26,Normal
2026-02-08 14:08:15.305138,Tokyo-4fc0,-3,51,Normal
2026-02-08 14:08:16.305138,Tokyo-4fc0,-6,55,Normal
2026-02-08 14:08:17.305138,Tokyo-4fc0,40,45,Normal
2026-02-08 14:08:18.305138,Tokyo-4fc0,45,78,Normal
2026-02-08 14:08:19.305138,Tokyo-4fc0,-25,26,Normal
2026-02-08 14:08:20.305138,Tokyo-4fc0,-26,67,Normal
2026-02-08 14:08:21.305138,Tokyo-4fc0,-7,60,Normal
2026-02-08 14:08:22.305138,Tokyo-4fc0,12,22,Normal
2026-02-08 14:08:23.305138,Tokyo-4fc0,25,90,Normal
2026-02-08 14:08:24.305138,Tokyo-4fc0,-28,69,Normal
2026-02-08 14:08:25.305138,Tokyo-4fc0,-27,48,Normal
2026-02-08 14:08:26.305138,Tokyo-4fc0,25,62,Normal
2026-02-08 14:08:27.305138,Tokyo-4fc0,18,57,Normal
2026-02-08 14:08:28.305138,Tokyo-4fc0,-25,85,Normal
2026-02-08 14:08:29.305138,Tokyo-4fc0,18,35,Normal
2026-02-08 14:08:30.305138,Tokyo-4fc0,-9,40,Normal
2026-02-08 14:08:31.305138,Tokyo-4fc0,-3,75,Normal
2026-02-08 14:08:32.305138,Tokyo-4fc0,11,5,Normal
2026-02-08 14:08:33.305138,Tokyo-4fc0,-18,81,Normal
2026-02-08 14:08:34.305138,Tokyo-4fc0,47,23,Normal
2026-02-08 14:08:35.305138,Tokyo-4fc0,28,90,Normal
2026-02-08 14:08:36.305138,Tokyo-4fc0,49,21,Normal
2026-02-08 14:08:37.305138,Tokyo-4fc0,21,42,Normal
2026-02-08 14:08:38.305138,Tokyo-4fc0,0,22,Normal
2026-02-08 14:08:39.305138,Tokyo-4fc0,4,86,Normal
2026-02-08 14:08:40.305138,Tokyo-4fc0,47,48,Normal
2026-02-08 14:08:41.305138,Tokyo-4fc0,-13,16,Normal
2026-02-08 14:08:42.305138,Tokyo-4fc0,50,25,Normal
2026-02-08 14:08:43.305138,Tokyo-4fc0,24,6,Normal
2026-02-08 14:08:44.305138,Tokyo-4fc0,-20,59,Normal
2026-02-08 14:08:45.305138,Tokyo-4fc0,26,29,Normal
2026-02-08 14:08:46.305138,Tokyo-4fc0,24,99,Normal
2026-02-08 14:08:47.305138,Tokyo-4fc0,43,49,Normal
2026-02-08 14:08:48.305138,Tokyo-4fc0,9,27,Normal
2026-02-08 14:08:49.305138,Tokyo-4fc0,-3,65,Normal
2026-02-08 14:08:50.305138,Tokyo-4fc0,26,65,Normal
2026-02-08 14:08:51.305138,Tokyo-4fc0,-12,39,Normal
2026-02-08 14:08:52.305138,Tokyo-4fc0,0,96,Normal
2026-02-08 14:08:53.305138,Tokyo-4fc0,49,27,Normal
2026-02-08 14:08:54.305138,Tokyo-4fc0,-9,13,Normal
2026-02-08 14:08:55.305138,Tokyo-4fc0,14,91,Normal
2026-02-08 14:08:56.305138,Tokyo-4fc0,-4,90,Normal
2026-02-08 14:08:57.305138,Tokyo-4fc0,43,71,Normal
2026-02-08 14:08:58.305138,Tokyo-4fc0,-30,83,Normal
2026-02-08 14:08:59.305138,Tokyo-4fc0,43,67,Normal
2026-02-08 14:09:00.305138,Tokyo-4fc0,42,92,Normal
2026-02-08 14:09:01.305138,Tokyo-4fc0,24,54,Normal
2026-02-08 14:09:02.305138,Tokyo-4fc0,-15,7,Normal
2026-02-08 14:09:03.305138,Tokyo-4fc0,19,6,Normal
2026-02-08 14:09:04.305138,Tokyo-4fc0,2,15,Normal
2026-02-08 14:09:05.305138,Tokyo-4fc0,43,58,Normal
2026-02-08 14:09:06.305138,Tokyo-4fc0,39,2,Normal
2026-02-08 14:09:07.305138,Tokyo-4fc0,36,4,Normal
2026-02-08 14:09:08.305138,Tokyo-4fc0,32,24,Normal
2026-02-08 14:09:09.305138,Tokyo-4fc0,-23,66,Normal
2026-02-08 14:09:10.305138,Tokyo-4fc0,44,49,Normal
2026-02-08 14:09:11.305138,Tokyo-4fc0,21,84,Normal
2026-02-08 14:09:12.305138,Tokyo-4fc0,5,14,Normal
2026-02-08 14:09:13.305138,Tokyo-4fc0,-5,44,Normal
2026-02-08 14:09:14.305138,Tokyo-4fc0,32,20,Normal
2026-02-08 14:09:15.305138,Tokyo-4fc0,-19,57,Normal
2026-02-08 14:09:16.305138,Tokyo-4fc0,23,40,Normal
2026-02-08 14:09:17.305138,Tokyo-4fc0,9,88,Normal
2026-02-08 14:09:18.305138,Tokyo-4fc0,39,84,Normal
2026-02-08 14:09:19.305138,Tokyo-4fc0,34,31,Normal
2026-02-08 14:09:20.305138,Tokyo-4fc0,34,39,Normal
2026-02-08 14:09:21.305138,Tokyo-4fc0,-19,42,Normal
2026-02-08 14:09:22.305138,Tokyo-4fc0,4,47,Normal
2026-02-08 14:09:23.305138,Tokyo-4fc0,14,81,Normal
2026-02-08 14:09:24.305138,Tokyo-4fc0,35,4,Normal
2026-02-08 14:09:25.305138,Tokyo-4fc0,11,65,Normal
2026-02-08 14:09:26.305138,Tokyo-4fc0,48,93,Normal
2026-02-08 14:09:27.305138,Tokyo-4fc0,12,22,Normal
2026-02-08 14:09:28.305138,Tokyo-4fc0,-30,2,Normal
2026-02-08 14:09:29.305138,Tokyo-4fc0,28,49,Normal
2026-02-08 14:09:30.305138,Tokyo-4fc0,38,37,Normal
2026-02-08 14:09:31.305138,Tokyo-4fc0,2,11,Normal
2026-02-08 14:09:32.305138,Tokyo-4fc0,34,2,Normal
2026-02-08 14:09:33.305138,Tokyo-4fc0,27,2,Normal
2026-02-08 14:09:34.305138,Tokyo-4fc0,23,82,Normal
2026-02-08 14:09:35.305138,Tokyo-4fc0,10,51,Normal
2026-02-08 14:09:36.305138,Tokyo-4fc0,13,5,Normal
2026-02-08 14:09:37.305138,Tokyo-4fc0,1,98,Normal
2026-02-08 14:09:38.305138,Tokyo-4fc0,-29,32,Normal
2026-02-08 14:09:39.305138,Tokyo-4fc0,31,68,Normal
2026-02-08 14:09:40.305138,Tokyo-4fc0,12,81,Normal
2026-02-08 14:09:41.305138,Tokyo-4fc0,-27,59,Normal
2026-02-08 14:09:42.305138,Tokyo-4fc0,41,79,Normal
2026-02-08 14:09:43.305138,Tokyo-4fc0,46,95,Normal
2026-02-08 14:09:44.305138,Tokyo-4fc0,-30,81,Normal
2026-02-08 14:09:45.305138,Tokyo-4fc0,11,75,Normal
2026-02-08 14:09:46.305138,Tokyo-4fc0,21,34,Normal
2026-02-08 14:09:47.305138,Tokyo-4fc0,45,100,Normal
2026-02-08 14:09:48.305138,Tokyo-4fc0,-20,91,Normal
2026-02-08 14:09:49.305138,Tokyo-4fc0,31,49,Normal
2026-02-08 14:09:50.305138,Tokyo-4fc0,16,27,Normal
2026-02-08 14:09:51.305138,Tokyo-4fc0,10,16,Normal
2026-02-08 14:09:52.305138,Tokyo-4fc0,-2,9,Normal
2026-02-08 14:09:53.305138,Tokyo-4fc0,29,91,Normal
2026-02-08 14:09:54.305138,Tokyo-4fc0,-4,52,Normal
2026-02-08 14:09:55.305138,Tokyo-4fc0,12,84,Normal
2026-02-08 14:09:56.305138,Tokyo-4fc0,-15,68,Normal
2026-02-08 14:09:57.305138,Tokyo-4fc0,-21,3,Normal
2026-02-08 14:09:58.305138,Tokyo-4fc0,28,20,Normal
2026-02-08 14:09:59.305138,Tokyo-4fc0,17,35,Normal
2026-02-08 14:10:00.305138,Tokyo-4fc0,47,2,Normal
2026-02-08 14:10:01.305138,Tokyo-4fc0,47,0,Normal
2026-02-08 14:10:02.305138,Tokyo-4fc0,-7,82,Normal
2026-02-08 14:10:03.305138,Tokyo-4fc0,31,51,Normal
2026-02-08 14:10:04.305138,Tokyo-4fc0,45,78,Normal
2026-02-08 14:10:05.305138,Tokyo-4fc0,-29,64,Normal
2026-02-08 14:10:06.305138,Tokyo-4fc0,28,25,Normal
2026-02-08 14:10:07.305138,Tokyo-4fc0,-15,91,Normal
2026-02-08 14:10:08.305138,Tokyo-4fc0,31,69,Normal
2026-02-08 14:10:09.305138,Tokyo-4fc0,12,16,Normal
2026-02-08 14:10:10.305138,Tokyo-4fc0,-27,28,Normal
2026-02-08 14:10:11.305138,Tokyo-4fc0,22,14,Normal
2026-02-08 14:10:12.305138,Tokyo-4fc0,50,74,Normal
2026-02-08 14:10:13.305138,Tokyo-4fc0,-14,39,Normal
2026-02-08 14:10:14.305138,Tokyo-4fc0,-20,8,Normal
2026-02-08 14:10:15.305138,Tokyo-4fc0,-14,17,Normal
2026-02-08 14:10:16.305138,Tokyo-4fc0,6,28,Normal
2026-02-08 14:10:17.305138,Tokyo-4fc0,-24,52,Normal
2026-02-08 14:10:18.305138,Tokyo-4fc0,46,98,Normal
2026-02-08 14:10:19.305138,Tokyo-4fc0,-30,96,Normal
2026-02-08 14:10:20.305138,Tokyo-4fc0,12,35,Normal
2026-02-08 14:10:21.305138,Tokyo-4fc0,11,20,Normal
2026-02-08 14:10:22.305138,Tokyo-4fc0,-17,90,Normal
2026-02-08 14:10:23.305138,Tokyo-4fc0,-12,41,Normal
2026-02-08 14:10:24.305138,Tokyo-4fc0,17,6,Normal
2026-02-08 14:10:25.305138,Tokyo-4fc0,22,88,Normal
2026-02-08 14:10:26.305138,Tokyo-4fc0,24,86,Normal
2026-02-08 14:10:27.305138,Tokyo-4fc0,49,58,Normal
2026-02-08 14:10:28.305138,Tokyo-4fc0,46,32,Normal
2026-02-08 14:10:29.305138,Tokyo-4fc0,24,12,Normal
2026-02-08 14:10:30.305138,Tokyo-4fc0,-8,25,Normal
2026-02-08 14:10:31.305138,Tokyo-4fc0,-14,26,Normal
2026-02-08 14:10:32.305138,Tokyo-4fc0,5,38,Normal
2026-02-08 14:10:33.305138,Tokyo-4fc0,-2,68,Normal
2026-02-08 14:10:34.305138,Tokyo-4fc0,22,18,Normal
2026-02-08 14:10:35.305138,Tokyo-4fc0,17,65,Normal
2026-02-08 14:10:36.305138,Tokyo-4fc0,27,95,Normal
2026-02-08 14:10:37.305138,Tokyo-4fc0,2,22,Normal
2026-02-08 14:10:38.305138,Tokyo-4fc0,4,37,Normal
2026-02-08 14:10:39.305138,Tokyo-4fc0,26,18,Normal
2026-02-08 14:10:40.305138,Tokyo-4fc0,-27,20,Normal
2026-02-08 14:10:41.305138,Tokyo-4fc0,19,26,Normal
2026-02-08 14:10:42.305138,Tokyo-4fc0,-2,13,Normal
2026-02-08 14:10:43.305138,Tokyo-4fc0,1,13,Normal
2026-02-08 14:10:44.305138,Tokyo-4fc0,-18,100,Normal
2026-02-08 14:10:45.305138,Tokyo-4fc0,-28,17,Normal
2026-02-08 14:10:46.305138,Tokyo-4fc0,14,20,Normal
2026-02-08 14:10:47.305138,Tokyo-4fc0,26,77,Normal
2026-02-08 14:10:48.305138,Tokyo-4fc0,36,99,Normal
2026-02-08 14:10:49.305138,Tokyo-4fc0,24,88,Normal
2026-02-08 14:10:50.305138,Tokyo-4fc0,22,10,Normal
2026-02-08 14:10:51.305138,Tokyo-4fc0,4,80,Normal
2026-02-08 14:10:52.305138,Tokyo-4fc0,-22,11,Normal
2026-02-08 14:10:53.305138,Tokyo-4fc0,15,13,Normal
2026-02-08 14:10:54.305138,Tokyo-4fc0,18,44,Normal
2026-02-08 14:10:55.305138,Tokyo-4fc0,-12,52,Normal
2026-02-08 14:10:56.305138,Tokyo-4fc0,13,64,Normal
2026-02-08 14:10:57.305138,Tokyo-4fc0,-20,8,Normal
2026-02-08 14:10:58.305138,Tokyo-4fc0,29,0,Normal
2026-02-08 14:10:59.305138,Tokyo-4fc0,28,71,Normal
2026-02-08 14:11:00.305138,Tokyo-4fc0,30,26,Normal
2026-02-08 14:11:01.305138,Tokyo-4fc0,35,25,Normal
2026-02-08 14:11:02.305138,Tokyo-4fc0,35,24,Normal
2026-02-08 14:11:03.305138,Tokyo-4fc0,26,31,Normal
2026-02-08 14:11:04.305138,Tokyo-4fc0,29,4,Normal
2026-02-08 14:11:05.305138,Tokyo-4fc0,33,35,Normal
2026-02-08 14:11:06.305138,Tokyo-4fc0,-11,38,Normal
2026-02-08 14:11:07.305138,Tokyo-4fc0,-10,80,Normal
2026-02-08 14:11:08.305138,Tokyo-4fc0,13,45,Normal
2026-02-08 14:11:09.305138,Tokyo-4fc0,50,41,Normal
2026-02-08 14:11:10.305138,Tokyo-4fc0,-15,54,Normal
2026-02-08 14:11:11.305138,Tokyo-4fc0,21,41,Normal
2026-02-08 14:11:12.305138,Tokyo-4fc0,42,1,Normal
2026-02-08 14:11:13.305138,Tokyo-4fc0,40,64,Normal
2026-02-08 14:11:14.305138,Tokyo-4fc0,31,49,Normal
2026-02-08 14:11:15.305138,Tokyo-4fc0,15,73,Normal
2026-02-08 14:11:16.305138,Tokyo-4fc0,-19,64,Normal
2026-02-08 14:11:17.305138,Tokyo-4fc0,40,8,Normal
2026-02-08 14:11:18.305138,Tokyo-4fc0,44,0,Normal
2026-02-08 14:11:19.305138,Tokyo-4fc0,37,90,Normal
2026-02-08 14:11:20.305138,Tokyo-4fc0,46,57,Normal
2026-02-08 14:11:21.305138,Tokyo-4fc0,-11,30,Normal
2026-02-08 14:11:22.305138,Tokyo-4fc0,36,80,Normal
2026-02-08 14:11:23.305138,Tokyo-4fc0,-13,18,Normal
2026-02-08 14:11:24.305138,Tokyo-4fc0,-26,82,Normal
2026-02-08 14:11:25.305138,Tokyo-4fc0,23,46,Normal
2026-02-08 14:11:26.305138,Tokyo-4fc0,-7,73,Normal
2026-02-08 14:11:27.305138,Tokyo-4fc0,17,99,Normal
2026-02-08 14:11:28.305138,Tokyo-4fc0,-12,80,Normal
2026-02-08 14:11:29.305138,Tokyo-4fc0,-17,5,Normal
2026-02-08 14:11:30.305138,Tokyo-4fc0,-17,63,Normal
2026-02-08 14:11:31.305138,Tokyo-4fc0,38,89,Normal
2026-02-08 14:11:32.305138,Tokyo-4fc0,30,99,Normal
2026-02-08 14:11:33.305138,Tokyo-4fc0,-5,2,Normal
2026-02-08 14:11:34.305138,Tokyo-4fc0,50,58,Normal
2026-02-08 14:11:35.305138,Tokyo-4fc0,7,23,Normal
2026-02-08 14:11:36.305138,Tokyo-4fc0,-26,2,Normal
2026-02-08 14:11:37.305138,Tokyo-4fc0,-13,49,Normal
2026-02-08 14:11:38.305138,Tokyo-4fc0,-21,52,Normal
2026-02-08 14:11:39.305138,Tokyo-4fc0,-27,82,Normal
2026-02-08 14:11:40.305138,Tokyo-4fc0,13,55,Normal
2026-02-08 14:11:41.305138,Tokyo-4fc0,-15,71,Normal
2026-02-08 14:11:42.305138,Tokyo-4fc0,26,0,Normal
2026-02-08 14:11:43.305138,Tokyo-4fc0,-9,18,Normal
2026-02-08 14:11:44.305138,Tokyo-4fc0,38,77,Normal
2026-02-08 14:11:45.305138,Tokyo-4fc0,-5,15,Normal
2026-02-08 14:11:46.305138,Tokyo-4fc0,-21,48,Normal
2026-02-08 14:11:47.305138,Tokyo-4fc0,22,8,Normal
2026-02-08 14:11:48.305138,Tokyo-4fc0,47,67,Normal
2026-02-08 14:11:49.305138,Tokyo-4fc0,-25,61,Normal
2026-02-08 14:11:50.305138,Tokyo-4fc0,36,2,Normal
2026-02-08 14:11:51.305138,Tokyo-4fc0,-20,94,Normal
2026-02-08 14:11:52.305138,Tokyo-4fc0,13,28,Normal
2026-02-08 14:11:53.305138,Tokyo-4fc0,27,58,Normal
2026-02-08 14:11:54.305138,Tokyo-4fc0,-25,60,Normal
2026-02-08 14:11:55.305138,Tokyo-4fc0,25,12,Normal
2026-02-08 14:11:56.305138,Tokyo-4fc0,-13,97,Normal
2026-02-08 14:11:57.305138,Tokyo-4fc0,-5,31,Normal
2026-02-08 14:11:58.305138,Tokyo-4fc0,21,24,Normal
2026-02-08 14:11:59.305138,Tokyo-4fc0,-18,19,Normal
2026-02-08 14:12:00.305138,Tokyo-4fc0,-22,73,Normal
2026-02-08 14:12:01.305138,Tokyo-4fc0,15,100,Normal
2026-02-08 14:12:02.305138,Tokyo-4fc0,16,84,Normal
2026-02-08 14:12:03.305138,Tokyo-4fc0,14,65,Normal
2026-02-08 14:12:04.305138,Tokyo-4fc0,-10,16,Normal
2026-02-08 14:12:05.305138,Tokyo-4fc0,5,42,Normal
2026-02-08 14:12:06.305138,Tokyo-4fc0,-28,52,Normal
2026-02-08 14:12:07.305138,Tokyo-4fc0,-5,32,Normal
2026-02-08 14:12:08.305138,Tokyo-4fc0,48,67,Normal
2026-02-08 14:12:09.305138,Tokyo-4fc0,3,99,Normal
2026-02-08 14:12:10.305138,Tokyo-4fc0,15,1,Normal
2026-02-08 14:12:11.305138,Tokyo-4fc0,29,63,Normal
2026-02-08 14:12:12.305138,Tokyo-4fc0,5,9,Normal
2026-02-08 14:12:13.305138,Tokyo-4fc0,-14,25,Normal
2026-02-08 14:12:14.305138,Tokyo-4fc0,13,47,Normal
2026-02-08 14:12:15.305138,Tokyo-4fc0,11,17,Normal
2026-02-08 14:12:16.305138,Tokyo-4fc0,2,54,Normal
2026-02-08 14:12:17.305138,Tokyo-4fc0,20,1,Normal
2026-02-08 14:12:18.305138,Tokyo-4fc0,-27,35,Normal
2026-02-08 14:12:19.305138,Tokyo-4fc0,-10,60,Normal
2026-02-08 14:12:20.305138,Tokyo-4fc0,39,96,Normal
2026-02-08 14:12:21.305138,Tokyo-4fc0,8,69,Normal
2026-02-08 14:12:22.305138,Tokyo-4fc0,24,17,Normal
2026-02-08 14:12:23.305138,Tokyo-4fc0,43,76,Normal
2026-02-08 14:12:24.305138,Tokyo-4fc0,24,67,Normal
2026-02-08 14:12:25.305138,Tokyo-4fc0,10,81,Normal
2026-02-08 14:12:26.305138,Tokyo-4fc0,36,70,Normal
2026-02-08 14:12:27.305138,Tokyo-4fc0,49,22,Normal
2026-02-08 14:12:28.305138,Tokyo-4fc0,30,43,Normal
2026-02-08 14:12:29.305138,Tokyo-4fc0,-13,7,Normal
2026-02-08 14:12:30.305138,Tokyo-4fc0,-10,22,Normal
2026-02-08 14:12:31.305138,Tokyo-4fc0,50,25,Normal
2026-02-08 14:12:32.305138,Tokyo-4fc0,12,27,Normal
2026-02-08 14:12:33.305138,Tokyo-4fc0,19,2,Normal
2026-02-08 14:12:34.305138,Tokyo-4fc0,9,37,Normal
2026-02-08 14:12:35.305138,Tokyo-4fc0,-26,52,Normal
2026-02-08 14:12:36.305138,Tokyo-4fc0,5,50,Normal
2026-02-08 14:12:37.305138,Tokyo-4fc0,-9,32,Normal
2026-02-08 14:12:38.305138,Tokyo-4fc0,25,78,Normal
2026-02-08 14:12:39.305138,Tokyo-4fc0,26,84,Normal
2026-02-08 14:12:40.305138,Tokyo-4fc0,42,84,Normal
2026-02-08 14:12:41.305138,Tokyo-4fc0,27,54,Normal
2026-02-08 14:12:42.305138,Tokyo-4fc0,49,56,Normal
2026-02-08 14:12:43.305138,Tokyo-4fc0,8,32,Normal
2026-02-08 14:12:44.305138,Tokyo-4fc0,3,54,Normal
2026-02-08 14:12:45.305138,Tokyo-4fc0,30,70,Normal
2026-02-08 14:12:46.305138,Tokyo-4fc0,20,52,Normal
2026-02-08 14:12:47.305138,Tokyo-4fc0,-18,7,Normal
2026-02-08 14:12:48.305138,Tokyo-4fc0,26,79,Normal
2026-02-08 14:12:49.305138,Tokyo-4fc0,4,47,Normal
2026-02-08 14:12:50.305138,Tokyo-4fc0,42,55,Normal
2026-02-08 14:12:51.305138,Tokyo-4fc0,19,12,Normal
2026-02-08 14:12:52.305138,Tokyo-4fc0,33,0,Normal
2026-02-08 14:12:53.305138,Tokyo-4fc0,35,99,Normal
2026-02-08 14:12:54.305138,Tokyo-4fc0,-24,15,Normal
2026-02-08 14:12:55.305138,Tokyo-4fc0,-14,13,Normal
2026-02-08 14:12:56.305138,Tokyo-4fc0,1,90,Normal
2026-02-08 14:12:57.305138,Tokyo-4fc0,33,74,Normal
2026-02-08 14:12:58.305138,Tokyo-4fc0,28,27,Normal
2026-02-08 14:12:59.305138,Tokyo-4fc0,41,95,Normal
2026-02-08 14:13:00.305138,Tokyo-4fc0,-23,9,Normal
2026-02-08 14:13:01.305138,Tokyo-4fc0,7,64,Normal
2026-02-08 14:13:02.305138,Tokyo-4fc0,28,2,Normal
2026-02-08 14:13:03.305138,Tokyo-4fc0,-28,64,Normal
2026-02-08 14:13:04.305138,Tokyo-4fc0,3,64,Normal
2026-02-08 14:13:05.305138,Tokyo-4fc0,5,18,Normal
2026-02-08 14:13:06.305138,Tokyo-4fc0,-3,96,Normal
2026-02-08 14:13:07.305138,Tokyo-4fc0,-8,60,Normal
2026-02-08 14:13:08.305138,Tokyo-4fc0,24,13,Normal
2026-02-08 14:13:09.305138,Tokyo-4fc0,-4,37,Normal
2026-02-08 14:13:10.305138,Tokyo-4fc0,-29,95,Normal
2026-02-08 14:13:11.305138,Tokyo-4fc0,37,29,Normal
2026-02-08 14:13:12.305138,Tokyo-4fc0,-17,30,Normal
2026-02-08 14:13:13.305138,Tokyo-4fc0,47,29,Normal
2026-02-08 14:13:14.305138,Tokyo-4fc0,0,85,Normal
2026-02-08 14:13:15.305138,Tokyo-4fc0,40,3,Normal
2026-02-08 14:13:16.305138,Tokyo-4fc0,46,27,Normal
2026-02-08 14:13:17.305138,Tokyo-4fc0,6,96,Normal
2026-02-08 14:13:18.305138,Tokyo-4fc0,23,38,Normal
2026-02-08 14:13:19.305138,Tokyo-4fc0,45,99,Normal
2026-02-08 14:13:20.305138,Tokyo-4fc0,24,79,Normal
2026-02-08 14:13:21.305138,Tokyo-4fc0,13,100,Normal
2026-02-08 14:13:22.305138,Tokyo-4fc0,-22,81,Normal
2026-02-08 14:13:23.305138,Tokyo-4fc0,-8,1,Normal
2026-02-08 14:13:24.305138,Tokyo-4fc0,20,88,Normal
2026-02-08 14:13:25.305138,Tokyo-4fc0,-17,17,Normal
2026-02-08 14:13:26.305138,Tokyo-4fc0,-19,72,Normal
2026-02-08 14:13:27.305138,Tokyo-4fc0,49,85,Normal
2026-02-08 14:13:28.305138,Tokyo-4fc0,39,91,Normal
2026-02-08 14:13:29.305138,Tokyo-4fc0,1,79,Normal
2026-02-08 14:13:30.305138,Tokyo-4fc0,14,93,Normal
2026-02-08 14:13:31.305138,Tokyo-4fc0,47,25,Normal
2026-02-08 14:13:32.305138,Tokyo-4fc0,27,42,Normal
2026-02-08 14:13:33.305138,Tokyo-4fc0,-16,52,Normal
2026-02-08 14:13:34.305138,Tokyo-4fc0,20,94,Normal
2026-02-08 14:13:35.305138,Tokyo-4fc0,24,84,Normal
2026-02-08 14:13:36.305138,Tokyo-4fc0,50,86,Normal
2026-02-08 14:13:37.305138,Tokyo-4fc0,-13,34,Normal
2026-02-08 14:13:38.305138,Tokyo-4fc0,31,66,Normal
2026-02-08 14:13:39.305138,Tokyo-4fc0,-19,83,Normal
2026-02-08 14:13:40.305138,Tokyo-4fc0,-17,97,Normal
2026-02-08 14:13:41.305138,Tokyo-4fc0,14,75,Normal
2026-02-08 14:13:42.305138,Tokyo-4fc0,41,55,Normal
2026-02-08 14:13:43.305138,Tokyo-4fc0,31,78,Normal
2026-02-08 14:13:44.305138,Tokyo-4fc0,41,62,Normal
2026-02-08 14:13:45.305138,Tokyo-4fc0,-9,14,Normal
2026-02-08 14:13:46.305138,Tokyo-4fc0,-25,57,Normal
2026-02-08 14:13:47.305138,Tokyo-4fc0,-2,88,Normal
2026-02-08 14:13:48.305138,Tokyo-4fc0,15,98,Normal
2026-02-08 14:13:49.305138,Tokyo-4fc0,-1,85,Normal
2026-02-08 14:13:50.305138,Tokyo-4fc0,10,28,Normal
2026-02-08 14:13:51.305138,Tokyo-4fc0,30,74,Normal
2026-02-08 14:13:52.305138,Tokyo-4fc0,22,76,Normal
2026-02-08 14:13:53.305138,Tokyo-4fc0,23,52,Normal
2026-02-08 14:13:54.305138,Tokyo-4fc0,35,50,Normal
2026-02-08 14:13:55.305138,Tokyo-4fc0,14,85,Normal
2026-02-08 14:13:56.305138,Tokyo-4fc0,19,44,Normal
2026-02-08 14:13:57.305138,Tokyo-4fc0,8,52,Normal
2026-02-08 14:13:58.305138,Tokyo-4fc0,2,1,Normal
2026-02-08 14:13:59.305138,Tokyo-4fc0,17,99,Normal
2026-02-08 14:14:00.305138,Tokyo-4fc0,28,87,Normal
2026-02-08 14:14:01.305138,Tokyo-4fc0,7,94,Normal
2026-02-08 14:14:02.305138,Tokyo-4fc0,44,97,Normal
2026-02-08 14:14:03.305138,Tokyo-4fc0,-30,36,Normal
2026-02-08 14:14:04.305138,Tokyo-4fc0,9,0,Normal
2026-02-08 14:14:05.305138,Tokyo-4fc0,22,61,Normal
2026-02-08 14:14:06.305138,Tokyo-4fc0,48,73,Normal
2026-02-08 14:14:07.305138,Tokyo-4fc0,42,22,Normal
2026-02-08 14:14:08.305138,Tokyo-4fc0,-1,46,Normal
2026-02-08 14:14:09.305138,Tokyo-4fc0,17,81,Normal
2026-02-08 14:14:10.305138,Tokyo-4fc0,-16,97,Normal
2026-02-08 14:14:11.305138,Tokyo-4fc0,12,52,Normal
2026-02-08 14:14:12.305138,Tokyo-4fc0,2,79,Normal
2026-02-08 14:14:13.305138,Tokyo-4fc0,-8,87,Normal
2026-02-08 14:14:14.305138,Tokyo-4fc0,3,94,Normal
2026-02-08 14:14:15.305138,Tokyo-4fc0,-18,63,Normal
2026-02-08 14:14:16.305138,Tokyo-4fc0,-14,47,Normal
2026-02-08 14:14:17.305138,Tokyo-4fc0,42,16,Normal
2026-02-08 14:14:18.305138,Tokyo-4fc0,47,40,Normal
2026-02-08 14:14:19.305138,Tokyo-4fc0,8,35,Normal
2026-02-08 14:14:20.305138,Tokyo-4fc0,43,60,Normal
2026-02-08 14:14:21.305138,Tokyo-4fc0,46,95,Normal
2026-02-08 14:14:22.305138,Tokyo-4fc0,44,11,Normal
2026-02-08 14:14:23.305138,Tokyo-4fc0,-24,71,Normal
2026-02-08 14:14:24.305138,Tokyo-4fc0,-21,93,Normal
2026-02-08 14:14:25.305138,Tokyo-4fc0,20,28,Normal
2026-02-08 14:14:26.305138,Tokyo-4fc0,18,26,Normal
2026-02-08 14:14:27.305138,Tokyo-4fc0,-26,37,Normal
2026-02-08 14:14:28.305138,Tokyo-4fc0,16,96,Normal
2026-02-08 14:14:29.305138,Tokyo-4fc0,-5,77,Normal
2026-02-08 14:14:30.305138,Tokyo-4fc0,31,66,Normal
2026-02-08 14:14:31.305138,Tokyo-4fc0,2,7,Normal
2026-02-08 14:14:32.305138,Tokyo-4fc0,45,46,Normal
2026-02-08 14:14:33.305138,Tokyo-4fc0,38,75,Normal
2026-02-08 14:14:34.305138,Tokyo-4fc0,-1,7,Normal
2026-02-08 14:14:35.305138,Tokyo-4fc0,-14,34,Normal
2026-02-08 14:14:36.305138,Tokyo-4fc0,26,93,Normal
2026-02-08 14:14:37.305138,Tokyo-4fc0,2,39,Normal
2026-02-08 14:14:38.305138,Tokyo-4fc0,5,84,Normal
2026-02-08 14:14:39.305138,Tokyo-4fc0,6,5,Normal
2026-02-08 14:14:40.305138,Tokyo-4fc0,24,58,Normal
2026-02-08 14:14:41.305138,Tokyo-4fc0,50,28,Normal
2026-02-08 14:14:42.305138,Tokyo-4fc0,-19,3,Normal
2026-02-08 14:14:43.305138,Tokyo-4fc0,12,81,Normal
2026-02-08 14:14:44.305138,Tokyo-4fc0,-16,48,Normal
2026-02-08 14:14:45.305138,Tokyo-4fc0,40,60,Normal
2026-02-08 14:14:46.305138,Tokyo-4fc0,46,71,Normal
2026-02-08 14:14:47.305138,Tokyo-4fc0,33,81,Normal
2026-02-08 14:14:48.305138,Tokyo-4fc0,18,13,Normal
2026-02-08 14:14:49.305138,Tokyo-4fc0,-16,81,Normal
2026-02-08 14:14:50.305138,Tokyo-4fc0,29,82,Normal
2026-02-08 14:14:51.305138,Tokyo-4fc0,-14,40,Normal
2026-02-08 14:14:52.305138,Tokyo-4fc0,11,64,Normal
2026-02-08 14:14:53.305138,Tokyo-4fc0,-6,91,Normal
2026-02-08 14:14:54.305138,Tokyo-4fc0,-14,83,Normal
2026-02-08 14:14:55.305138,Tokyo-4fc0,49,39,Normal
2026-02-08 14:14:56.305138,Tokyo-4fc0,13,5,Normal
2026-02-08 14:14:57.305138,Tokyo-4fc0,-9,82,Normal
2026-02-08 14:14:58.305138,Tokyo-4fc0,-10,3,Normal
2026-02-08 14:14:59.305138,Tokyo-4fc0,-27,53,Normal
2026-02-08 14:15:00.305138,Tokyo-4fc0,33,77,Normal
2026-02-08 14:15:01.305138,Tokyo-4fc0,-22,81,Normal
2026-02-08 14:15:02.305138,Tokyo-4fc0,-25,14,Normal
2026-02-08 14:15:03.305138,Tokyo-4fc0,8,88,Normal
2026-02-08 14:15:04.305138,Tokyo-4fc0,16,98,Normal
2026-02-08 14:15:05.305138,Tokyo-4fc0,43,20,Normal
2026-02-08 14:15:06.305138,Tokyo-4fc0,-6,57,Normal
2026-02-08 14:15:07.305138,Tokyo-4fc0,2,78,Normal
2026-02-08 14:15:08.305138,Tokyo-4fc0,-28,67,Normal
2026-02-08 14:15:09.305138,Tokyo-4fc0,2,71,Normal
2026-02-08 14:15:10.305138,Tokyo-4fc0,48,36,Normal
2026-02-08 14:15:11.305138,Tokyo-4fc0,30,60,Normal
2026-02-08 14:15:12.305138,Tokyo-4fc0,42,73,Normal
2026-02-08 14:15:13.305138,Tokyo-4fc0,-9,18,Normal
2026-02-08 14:15:14.305138,Tokyo-4fc0,5,97,Normal
2026-02-08 14:15:15.305138,Tokyo-4fc0,-1,92,Normal
2026-02-08 14:15:16.305138,Tokyo-4fc0,-20,44,Normal
2026-02-08 14:15:17.305138,Tokyo-4fc0,23,64,Normal
2026-02-08 14:15:18.305138,Tokyo-4fc0,29,83,Normal
2026-02-08 14:15:19.305138,Tokyo-4fc0,40,58,Normal
2026-02-08 14:15:20.305138,Tokyo-4fc0,-1,55,Normal
2026-02-08 14:15:21.305138,Tokyo-4fc0,37,12,Normal
2026-02-08 14:15:22.305138,Tokyo-4fc0,-7,94,Normal
2026-02-08 14:15:23.305138,Tokyo-4fc0,35,98,Normal
2026-02-08 14:15:24.305138,Tokyo-4fc0,-14,56,Normal
2026-02-08 14:15:25.305138,Tokyo-4fc0,-5,68,Normal
2026-02-08 14:15:26.305138,Tokyo-4fc0,32,65,Normal
2026-02-08 14:15:27.305138,Tokyo-4fc0,-22,38,Normal
2026-02-08 14:15:28.305138,Tokyo-4fc0,5,15,Normal
2026-02-08 14:15:29.305138,Tokyo-4fc0,-10,59,Normal
2026-02-08 14:15:30.305138,Tokyo-4fc0,-19,81,Normal
2026-02-08 14:15:31.305138,Tokyo-4fc0,13,19,Normal
2026-02-08 14:15:32.305138,Tokyo-4fc0,15,90,Normal
2026-02-08 14:15:33.305138,Tokyo-4fc0,-30,40,Normal
2026-02-08 14:15:34.305138,Tokyo-4fc0,-13,31,Normal
2026-02-08 14:15:35.305138,Tokyo-4fc0,-17,67,Normal
2026-02-08 14:15:36.305138,Tokyo-4fc0,20,42,Normal
2026-02-08 14:15:37.305138,Tokyo-4fc0,12,35,Normal
2026-02-08 14:15:38.305138,Tokyo-4fc0,25,43,Normal
2026-02-08 14:15:39.305138,Tokyo-4fc0,-9,51,Normal
2026-02-08 14:15:40.305138,Tokyo-4fc0,20,65,Normal
2026-02-08 14:15:41.305138,Tokyo-4fc0,41,76,Normal
2026-02-08 14:15:42.305138,Tokyo-4fc0,16,93,Normal
2026-02-08 14:15:43.305138,Tokyo-4fc0,26,25,Normal
2026-02-08 14:15:44.305138,Tokyo-4fc0,15,59,Normal
2026-02-08 14:15:45.305138,Tokyo-4fc0,40,39,Normal
2026-02-08 14:15:46.305138,Tokyo-4fc0,-5,58,Normal
2026-02-08 14:15:47.305138,Tokyo-4fc0,34,40,Normal
2026-02-08 14:15:48.305138,Tokyo-4fc0,-9,29,Normal
2026-02-08 14:15:49.305138,Tokyo-4fc0,-6,68,Normal
2026-02-08 14:15:50.305138,Tokyo-4fc0,50,18,Normal
2026-02-08 14:15:51.305138,Tokyo-4fc0,-27,85,Normal
2026-02-08 14:15:52.305138,Tokyo-4fc0,9,100,Normal
2026-02-08 14:15:53.305138,Tokyo-4fc0,28,48,Normal
2026-02-08 14:15:54.305138,Tokyo-4fc0,5,87,Normal
2026-02-08 14:15:55.305138,Tokyo-4fc0,-8,60,Normal
2026-02-08 14:15:56.305138,Tokyo-4fc0,-29,14,Normal
2026-02-08 14:15:57.305138,Tokyo-4fc0,47,84,Normal
2026-02-08 14:15:58.305138,Tokyo-4fc0,2,19,Normal
2026-02-08 14:15:59.305138,Tokyo-4fc0,38,70,Normal
2026-02-08 14:16:00.305138,Tokyo-4fc0,43,12,Normal
2026-02-08 14:16:01.305138,Tokyo-4fc0,1,61,Normal
2026-02-08 14:16:02.305138,Tokyo-4fc0,-11,47,Normal
2026-02-08 14:16:03.305138,Tokyo-4fc0,43,20,Normal
2026-02-08 14:16:04.305138,Tokyo-4fc0,16,81,Normal
2026-02-08 14:16:05.305138,Tokyo-4fc0,22,78,Normal
2026-02-08 14:16:06.305138,Tokyo-4fc0,45,93,Normal
2026-02-08 14:16:07.305138,Tokyo-4fc0,18,49,Normal
2026-02-08 14:16:08.305138,Tokyo-4fc0,20,34,Normal
2026-02-08 14:16:09.305138,Tokyo-4fc0,36,58,Normal
2026-02-08 14:16:10.305138,Tokyo-4fc0,49,48,Normal
2026-02-08 14:16:11.305138,Tokyo-4fc0,-12,11,Normal
2026-02-08 14:16:12.305138,Tokyo-4fc0,-7,6,Normal
2026-02-08 14:16:13.305138,Tokyo-4fc0,-9,31,Normal
2026-02-08 14:16:14.305138,Tokyo-4fc0,5,94,Normal
2026-02-08 14:16:15.305138,Tokyo-4fc0,43,79,Normal
2026-02-08 14:16:16.305138,Tokyo-4fc0,-24,6,Normal
2026-02-08 14:16:17.305138,Tokyo-4fc0,10,19,Normal
2026-02-08 14:16:18.305138,Tokyo-4fc0,17,8,Normal
2026-02-08 14:16:19.305138,Tokyo-4fc0,31,52,Normal
2026-02-08 14:16:20.305138,Tokyo-4fc0,-18,93,Normal
2026-02-08 14:16:21.305138,Tokyo-4fc0,46,65,Normal
2026-02-08 14:16:22.305138,Tokyo-4fc0,6,79,Normal
2026-02-08 14:16:23.305138,Tokyo-4fc0,-7,62,Normal
2026-02-08 14:16:24.305138,Tokyo-4fc0,-28,22,Normal
2026-02-08 14:16:25.305138,Tokyo-4fc0,1,37,Normal
2026-02-08 14:16:26.305138,Tokyo-4fc0,37,33,Normal
2026-02-08 14:16:27.305138,Tokyo-4fc0,15,66,Normal
2026-02-08 14:16:28.305138,Tokyo-4fc0,35,44,Normal
2026-02-08 14:16:29.305138,Tokyo-4fc0,-15,37,Normal
2026-02-08 14:16:30.305138,Tokyo-4fc0,26,45,Normal
2026-02-08 14:16:31.305138,Tokyo-4fc0,-2,37,Normal
2026-02-08 14:16:32.305138,Tokyo-4fc0,22,88,Normal
2026-02-08 14:16:33.305138,Tokyo-4fc0,-9,93,Normal
2026-02-08 14:16:34.305138,Tokyo-4fc0,40,63,Normal
2026-02-08 14:16:35.305138,Tokyo-4fc0,35,68,Normal
2026-02-08 14:16:36.305138,Tokyo-4fc0,29,66,Normal
2026-02-08 14:16:37.305138,Tokyo-4fc0,22,62,Normal
2026-02-08 14:16:38.305138,Tokyo-4fc0,13,3,Normal
2026-02-08 14:16:39.305138,Tokyo-4fc0,29,95,Normal
2026-02-08 14:16:40.305138,Tokyo-4fc0,-22,82,Normal
2026-02-08 14:16:41.305138,Tokyo-4fc0,-8,62,Normal
2026-02-08 14:16:42.305138,Tokyo-4fc0,-7,70,Normal
2026-02-08 14:16:43.305138,Tokyo-4fc0,21,27,Normal
2026-02-08 14:16:44.305138,Tokyo-4fc0,39,54,Normal
2026-02-08 14:16:45.305138,Tokyo-4fc0,-15,54,Normal
2026-02-08 14:16:46.305138,Tokyo-4fc0,20,13,Normal
2026-02-08 14:16:47.305138,Tokyo-4fc0,-5,43,Normal
2026-02-08 14:16:48.305138,Tokyo-4fc0,-21,96,Normal
2026-02-08 14:16:49.305138,Tokyo-4fc0,3,86,Normal
2026-02-08 14:16:50.305138,Tokyo-4fc0,-2,98,Normal
2026-02-08 14:16:51.305138,Tokyo-4fc0,42,57,Normal
2026-02-08 14:16:52.305138,Tokyo-4fc0,37,80,Normal
2026-02-08 14:16:53.305138,Tokyo-4fc0,-18,81,Normal
2026-02-08 14:16:54.305138,Tokyo-4fc0,39,92,Normal
2026-02-08 14:16:55.305138,Tokyo-4fc0,48,98,Normal
2026-02-08 14:16:56.305138,Tokyo-4fc0,31,12,Normal
2026-02-08 14:16:57.305138,Tokyo-4fc0,0,34,Normal
2026-02-08 14:16:58.305138,Tokyo-4fc0,-8,49,Normal
2026-02-08 14:16:59.305138,Tokyo-4fc0,26,48,Normal
2026-02-08 14:17:00.305138,Tokyo-4fc0,4,43,Normal
2026-02-08 14:17:01.305138,Tokyo-4fc0,-7,48,Normal
2026-02-08 14:17:02.305138,Tokyo-4fc0,-6,55,Normal
2026-02-08 14:17:03.305138,Tokyo-4fc0,13,52,Normal
2026-02-08 14:17:04.305138,Tokyo-4fc0,47,39,Normal
2026-02-08 14:17:05.305138,Tokyo-4fc0,24,5,Normal
2026-02-08 14:17:06.305138,Tokyo-4fc0,-24,52,Normal
2026-02-08 14:17:07.305138,Tokyo-4fc0,-7,3,Normal
2026-02-08 14:17:08.305138,Tokyo-4fc0,23,25,Normal
2026-02-08 14:17:09.305138,Tokyo-4fc0,25,92,Normal
2026-02-08 14:17:10.305138,Tokyo-4fc0,7,86,Normal
2026-02-08 14:17:11.305138,Tokyo-4fc0,-14,64,Normal
2026-02-08 14:17:12.305138,Tokyo-4fc0,42,96,Normal
2026-02-08 14:17:13.305138,Tokyo-4fc0,3,83,Normal
2026-02-08 14:17:14.305138,Tokyo-4fc0,3,94,Normal
2026-02-08 14:17:15.305138,Tokyo-4fc0,32,81,Normal
2026-02-08 14:17:16.305138,Tokyo-4fc0,12,73,Normal
2026-02-08 14:17:17.305138,Tokyo-4fc0,-2,68,Normal
2026-02-08 14:17:18.305138,Tokyo-4fc0,-19,15,Normal
2026-02-08 14:17:19.305138,Tokyo-4fc0,12,52,Normal
2026-02-08 14:17:20.305138,Tokyo-4fc0,49,78,Normal
2026-02-08 14:17:21.305138,Tokyo-4fc0,-13,58,Normal
2026-02-08 14:17:22.305138,Tokyo-4fc0,-25,99,Normal
2026-02-08 14:17:23.305138,Tokyo-4fc0,18,82,Normal
2026-02-08 14:17:24.305138,Tokyo-4fc0,-29,0,Normal
2026-02-08 14:17:25.305138,Tokyo-4fc0,41,96,Normal
2026-02-08 14:17:26.305138,Tokyo-4fc0,-26,85,Normal
2026-02-08 14:17:27.305138,Tokyo-4fc0,15,81,Normal
2026-02-08 14:17:28.305138,Tokyo-4fc0,-15,36,Normal
2026-02-08 14:17:29.305138,Tokyo-4fc0,43,62,Normal
2026-02-08 14:17:30.305138,Tokyo-4fc0,21,53,Normal
2026-02-08 14:17:31.305138,Tokyo-4fc0,-1,18,Normal
2026-02-08 14:17:32.305138,Tokyo-4fc0,25,37,Normal
2026-02-08 14:17:33.305138,Tokyo-4fc0,5,1,Normal
2026-02-08 14:17:34.305138,Tokyo-4fc0,-26,73,Normal
2026-02-08 14:17:35.305138,Tokyo-4fc0,45,19,Normal
2026-02-08 14:17:36.305138,Tokyo-4fc0,-21,12,Normal
2026-02-08 14:17:37.305138,Tokyo-4fc0,24,91,Normal
2026-02-08 14:17:38.305138,Tokyo-4fc0,21,40,Normal
2026-02-08 14:17:39.305138,Tokyo-4fc0,-15,47,Normal
2026-02-08 14:17:40.305138,Tokyo-4fc0,-4,7,Normal
2026-02-08 14:17:41.305138,Tokyo-4fc0,48,19,Normal
2026-02-08 14:17:42.305138,Tokyo-4fc0,32,14,Normal
2026-02-08 14:17:43.305138,Tokyo-4fc0,6,65,Normal
2026-02-08 14:17:44.305138,Tokyo-4fc0,45,5,Normal
2026-02-08 14:17:45.305138,Tokyo-4fc0,38,40,Normal
2026-02-08 14:17:46.305138,Tokyo-4fc0,-8,45,Normal
2026-02-08 14:17:47.305138,Tokyo-4fc0,42,65,Normal
2026-02-08 14:17:48.305138,Tokyo-4fc0,22,53,Normal
2026-02-08 14:17:49.305138,Tokyo-4fc0,-23,34,Normal
2026-02-08 14:17:50.305138,Tokyo-4fc0,5,52,Normal
2026-02-08 14:17:51.305138,Tokyo-4fc0,-17,63,Normal
2026-02-08 14:17:52.305138,Tokyo-4fc0,2,67,Normal
2026-02-08 14:17:53.305138,Tokyo-4fc0,24,34,Normal
2026-02-08 14:17:54.305138,Tokyo-4fc0,-11,77,Normal
2026-02-08 14:17:55.305138,Tokyo-4fc0,0,77,Normal
2026-02-08 14:17:56.305138,Tokyo-4fc0,34,79,Normal
2026-02-08 14:17:57.305138,Tokyo-4fc0,32,8,Normal
2026-02-08 14:17:58.305138,Tokyo-4fc0,5,15,Normal
2026-02-08 14:17:59.305138,Tokyo-4fc0,16,9,Normal
2026-02-08 14:18:00.305138,Tokyo-4fc0,-23,73,Normal
2026-02-08 14:18:01.305138,Tokyo-4fc0,10,44,Normal
2026-02-08 14:18:02.305138,Tokyo-4fc0,-20,82,Normal
2026-02-08 14:18:03.305138,Tokyo-4fc0,2,13,Normal
2026-02-08 14:18:04.305138,Tokyo-4fc0,29,26,Normal
2026-02-08 14:18:05.305138,Tokyo-4fc0,-5,13,Normal
2026-02-08 14:18:06.305138,Tokyo-4fc0,44,15,Normal
2026-02-08 14:18:07.305138,Tokyo-4fc0,-29,7,Normal
2026-02-08 14:18:08.305138,Tokyo-4fc0,-7,17,Normal
2026-02-08 14:18:09.305138,Tokyo-4fc0,2,80,Normal
2026-02-08 14:18:10.305138,Tokyo-4fc0,-5,37,Normal
2026-02-08 14:18:11.305138,Tokyo-4fc0,-13,22,Normal
2026-02-08 14:18:12.305138,Tokyo-4fc0,29,3,Normal
2026-02-08 14:18:13.305138,Tokyo-4fc0,34,45,Normal
2026-02-08 14:18:14.305138,Tokyo-4fc0,9,59,Normal
2026-02-08 14:18:15.305138,Tokyo-4fc0,17,54,Normal
2026-02-08 14:18:16.305138,Tokyo-4fc0,31,69,Normal
2026-02-08 14:18:17.305138,Tokyo-4fc0,-21,4,Normal
2026-02-08 14:18:18.305138,Tokyo-4fc0,16,82,Normal
2026-02-08 14:18:19.305138,Tokyo-4fc0,17,73,Normal
2026-02-08 14:18:20.305138,Tokyo-4fc0,31,5,Normal
2026-02-08 14:18:21.305138,Tokyo-4fc0,49,88,Normal
2026-02-08 14:18:22.305138,Tokyo-4fc0,18,21,Normal
2026-02-08 14:18:23.305138,Tokyo-4fc0,13,4,Normal
2026-02-08 14:18:24.305138,Tokyo-4fc0,0,39,Normal
2026-02-08 14:18:25.305138,Tokyo-4fc0,42,28,Normal
2026-02-08 14:18:26.305138,Tokyo-4fc0,8,99,Normal
2026-02-08 14:18:27.305138,Tokyo-4fc0,50,32,Normal
2026-02-08 14:18:28.305138,Tokyo-4fc0,0,37,Normal
2026-02-08 14:18:29.305138,Tokyo-4fc0,19,31,Normal
2026-02-08 14:18:30.305138,Tokyo-4fc0,-2,48,Normal
2026-02-08 14:18:31.305138,Tokyo-4fc0,9,24,Normal
2026-02-08 14:18:32.305138,Tokyo-4fc0,11,83,Normal
2026-02-08 14:18:33.305138,Tokyo-4fc0,-16,82,Normal
2026-02-08 14:18:34.305138,Tokyo-4fc0,-2,3,Normal
2026-02-08 14:18:35.305138,Tokyo-4fc0,50,16,Normal
2026-02-08 14:18:36.305138,Tokyo-4fc0,-2,72,Normal
2026-02-08 14:18:37.305138,Tokyo-4fc0,-29,8,Normal
2026-02-08 14:18:38.305138,Tokyo-4fc0,23,55,Normal
2026-02-08 14:18:39.305138,Tokyo-4fc0,12,71,Normal
2026-02-08 14:18:40.305138,Tokyo-4fc0,7,71,Normal
2026-02-08 14:18:41.305138,Tokyo-4fc0,-12,13,Normal
2026-02-08 14:18:42.305138,Tokyo-4fc0,48,91,Normal
2026-02-08 14:18:43.305138,Tokyo-4fc0,-9,66,Normal
2026-02-08 14:18:44.305138,Tokyo-4fc0,19,100,Normal
2026-02-08 14:18:45.305138,Tokyo-4fc0,28,74,Normal
2026-02-08 14:18:46.305138,Tokyo-4fc0,32,70,Normal
2026-02-08 14:18:47.305138,Tokyo-4fc0,13,62,Normal
2026-02-08 14:18:48.305138,Tokyo-4fc0,26,38,Normal
2026-02-08 14:18:49.305138,Tokyo-4fc0,24,84,Normal
2026-02-08 14:18:50.305138,Tokyo-4fc0,-13,89,Normal
2026-02-08 14:18:51.305138,Tokyo-4fc0,42,57,Normal
2026-02-08 14:18:52.305138,Tokyo-4fc0,37,79,Normal
2026-02-08 14:18:53.305138,Tokyo-4fc0,-19,88,Normal
2026-02-08 14:18:54.305138,Tokyo-4fc0,37,27,Normal
2026-02-08 14:18:55.305138,Tokyo-4fc0,50,95,Normal
2026-02-08 14:18:56.305138,Tokyo-4fc0,28,61,Normal
2026-02-08 14:18:57.305138,Tokyo-4fc0,45,40,Normal
2026-02-08 14:18:58.305138,Tokyo-4fc0,-23,92,Normal
2026-02-08 14:18:59.305138,Tokyo-4fc0,50,96,Normal
2026-02-08 14:19:00.305138,Tokyo-4fc0,12,82,Normal
2026-02-08 14:19:01.305138,Tokyo-4fc0,16,31,Normal
2026-02-08 14:19:02.305138,Tokyo-4fc0,17,0,Normal
2026-02-08 14:19:03.305138,Tokyo-4fc0,21,85,Normal
2026-02-08 14:19:04.305138,Tokyo-4fc0,48,25,Normal
2026-02-08 14:19:05.305138,Tokyo-4fc0,20,39,Normal
2026-02-08 14:19:06.305138,Tokyo-4fc0,7,10,Normal
2026-02-08 14:19:07.305138,Tokyo-4fc0,25,19,Normal
2026-02-08 14:19:08.305138,Tokyo-4fc0,38,49,Normal
2026-02-08 14:19:09.305138,Tokyo-4fc0,-19,69,Normal
2026-02-08 14:19:10.305138,Tokyo-4fc0,45,39,Normal
2026-02-08 14:19:11.305138,Tokyo-4fc0,-13,35,Normal
2026-02-08 14:19:12.305138,Tokyo-4fc0,-30,48,Normal
2026-02-08 14:19:13.305138,Tokyo-4fc0,-7,39,Normal
2026-02-08 14:19:14.305138,Tokyo-4fc0,-15,51,Normal
2026-02-08 14:19:15.305138,Tokyo-4fc0,36,59,Normal
2026-02-08 14:19:16.305138,Tokyo-4fc0,-22,2,Normal
2026-02-08 14:19:17.305138,Tokyo-4fc0,42,51,Normal
2026-02-08 14:19:18.305138,Tokyo-4fc0,-10,97,Normal
2026-02-08 14:19:19.305138,Tokyo-4fc0,32,13,Normal
2026-02-08 14:19:20.305138,Tokyo-4fc0,27,21,Normal
2026-02-08 14:19:21.305138,Tokyo-4fc0,30,92,Normal
2026-02-08 14:19:22.305138,Tokyo-4fc0,37,86,Normal
2026-02-08 14:19:23.305138,Tokyo-4fc0,-22,39,Normal
2026-02-08 14:19:24.305138,Tokyo-4fc0,-10,68,Normal
2026-02-08 14:19:25.305138,Tokyo-4fc0,31,49,Normal
2026-02-08 14:19:26.305138,Tokyo-4fc0,21,12,Normal
2026-02-08 14:19:27.305138,Tokyo-4fc0,26,0,Normal
2026-02-08 14:19:28.305138,Tokyo-4fc0,4,99,Normal
2026-02-08 14:19:29.305138,Tokyo-4fc0,16,50,Normal
2026-02-08 14:19:30.305138,Tokyo-4fc0,45,96,Normal
2026-02-08 14:19:31.305138,Tokyo-4fc0,8,94,Normal
2026-02-08 14:19:32.305138,Tokyo-4fc0,-5,21,Normal
2026-02-08 14:19:33.305138,Tokyo-4fc0,33,79,Normal
2026-02-08 14:19:34.305138,Tokyo-4fc0,48,90,Normal
2026-02-08 14:19:35.305138,Tokyo-4fc0,28,35,Normal
2026-02-08 14:19:36.305138,Tokyo-4fc0,-19,81,Normal
2026-02-08 14:19:37.305138,Tokyo-4fc0,33,80,Normal
2026-02-08 14:19:38.305138,Tokyo-4fc0,12,14,Normal
2026-02-08 14:19:39.305138,Tokyo-4fc0,20,2,Normal
2026-02-08 14:19:40.305138,Tokyo-4fc0,-18,6,Normal
2026-02-08 14:19:41.305138,Tokyo-4fc0,8,8,Normal
2026-02-08 14:19:42.305138,Tokyo-4fc0,-7,19,Normal
2026-02-08 14:19:43.305138,Tokyo-4fc0,-4,49,Normal
2026-02-08 14:19:44.305138,Tokyo-4fc0,10,48,Normal
2026-02-08 14:19:45.305138,Tokyo-4fc0,-20,66,Normal
2026-02-08 14:19:46.305138,Tokyo-4fc0,34,59,Normal
2026-02-08 14:19:47.305138,Tokyo-4fc0,40,73,Normal
2026-02-08 14:19:48.305138,Tokyo-4fc0,-19,37,Normal
2026-02-08 14:19:49.305138,Tokyo-4fc0,33,11,Normal
2026-02-08 14:19:50.305138,Tokyo-4fc0,-28,20,Normal
2026-02-08 14:19:51.305138,Tokyo-4fc0,-9,63,Normal
2026-02-08 14:19:52.305138,Tokyo-4fc0,13,11,Normal
2026-02-08 14:19:53.305138,Tokyo-4fc0,26,5,Normal
2026-02-08 14:19:54.305138,Tokyo-4fc0,17,74,Normal
2026-02-08 14:19:55.305138,Tokyo-4fc0,7,62,Normal
2026-02-08 14:19:56.305138,Tokyo-4fc0,-18,16,Normal
2026-02-08 14:19:57.305138,Tokyo-4fc0,-17,28,Normal
2026-02-08 14:19:58.305138,Tokyo-4fc0,-22,17,Normal
2026-02-08 14:19:59.305138,Tokyo-4fc0,-9,94,Normal
2026-02-08 14:20:00.305138,Tokyo-4fc0,37,28,Normal
2026-02-08 14:20:01.305138,Tokyo-4fc0,41,29,Normal
2026-02-08 14:20:02.305138,Tokyo-4fc0,-7,18,Normal
2026-02-08 14:20:03.305138,Tokyo-4fc0,1,84,Normal
2026-02-08 14:20:04.305138,Tokyo-4fc0,35,63,Normal
2026-02-08 14:20:05.305138,Tokyo-4fc0,13,33,Normal
2026-02-08 14:20:06.305138,Tokyo-4fc0,-17,63,Normal
2026-02-08 14:20:07.305138,Tokyo-4fc0,-9,36,Normal
2026-02-08 14:20:08.305138,Tokyo-4fc0,36,69,Normal
2026-02-08 14:20:09.305138,Tokyo-4fc0,-19,92,Normal
2026-02-08 14:20:10.305138,Tokyo-4fc0,36,54,Normal
2026-02-08 14:20:11.305138,Tokyo-4fc0,-8,83,Normal
2026-02-08 14:20:12.305138,Tokyo-4fc0,11,14,Normal
2026-02-08 14:20:13.305138,Tokyo-4fc0,16,2,Normal
2026-02-08 14:20:14.305138,Tokyo-4fc0,-27,88,Normal
2026-02-08 14:20:15.305138,Tokyo-4fc0,48,53,Normal
2026-02-08 14:20:16.305138,Tokyo-4fc0,-14,62,Normal
2026-02-08 14:20:17.305138,Tokyo-4fc0,25,30,Normal
2026-02-08 14:20:18.305138,Tokyo-4fc0,-14,11,Normal
2026-02-08 14:20:19.305138,Tokyo-4fc0,44,43,Normal
2026-02-08 14:20:20.305138,Tokyo-4fc0,-25,83,Normal
2026-02-08 14:20:21.305138,Tokyo-4fc0,41,0,Normal
2026-02-08 14:20:22.305138,Tokyo-4fc0,-3,56,Normal
2026-02-08 14:20:23.305138,Tokyo-4fc0,48,49,Normal
2026-02-08 14:20:24.305138,Tokyo-4fc0,3,6,Normal
2026-02-08 14:20:25.305138,Tokyo-4fc0,38,97,Normal
2026-02-08 14:20:26.305138,Tokyo-4fc0,-2,32,Normal
2026-02-08 14:20:27.305138,Tokyo-4fc0,-2,42,Normal
2026-02-08 14:20:28.305138,Tokyo-4fc0,-29,56,Normal
2026-02-08 14:20:29.305138,Tokyo-4fc0,33,52,Normal
2026-02-08 14:20:30.305138,Tokyo-4fc0,16,14,Normal
2026-02-08 14:20:31.305138,Tokyo-4fc0,3,91,Normal
2026-02-08 14:20:32.305138,Tokyo-4fc0,42,69,Normal
2026-02-08 14:20:33.305138,Tokyo-4fc0,3,97,Normal
2026-02-08 14:20:34.305138,Tokyo-4fc0,-30,93,Normal
2026-02-08 14:20:35.305138,Tokyo-4fc0,-13,1,Normal
2026-02-08 14:20:36.305138,Tokyo-4fc0,46,21,Normal
2026-02-08 14:20:37.305138,Tokyo-4fc0,-24,89,Normal
2026-02-08 14:20:38.305138,Tokyo-4fc0,32,61,Normal
2026-02-08 14:20:39.305138,Tokyo-4fc0,0,24,Normal
2026-02-08 14:20:40.305138,Tokyo-4fc0,11,99,Normal
2026-02-08 14:20:41.305138,Tokyo-4fc0,9,23,Normal
2026-02-08 14:20:42.305138,Tokyo-4fc0,-27,10,Normal
2026-02-08 14:20:43.305138,Tokyo-4fc0,-6,44,Normal
2026-02-08 14:20:44.305138,Tokyo-4fc0,-29,73,Normal
2026-02-08 14:20:45.305138,Tokyo-4fc0,26,93,Normal
2026-02-08 14:20:46.305138,Tokyo-4fc0,45,52,Normal
2026-02-08 14:20:47.305138,Tokyo-4fc0,-17,19,Normal
2026-02-08 14:20:48.305138,Tokyo-4fc0,11,15,Normal
2026-02-08 14:20:49.305138,Tokyo-4fc0,48,99,Normal
2026-02-08 14:20:50.305138,Tokyo-4fc0,36,67,Normal
2026-02-08 14:20:51.305138,Tokyo-4fc0,-30,53,Normal
2026-02-08 14:20:52.305138,Tokyo-4fc0,17,44,Normal
2026-02-08 14:20:53.305138,Tokyo-4fc0,5,8,Normal
2026-02-08 14:20:54.305138,Tokyo-4fc0,-22,87,Normal
2026-02-08 14:20:55.305138,Tokyo-4fc0,25,58,Normal
2026-02-08 14:20:56.305138,Tokyo-4fc0,-8,96,Normal
2026-02-08 14:20:57.305138,Tokyo-4fc0,-21,68,Normal
2026-02-08 14:20:58.305138,Tokyo-4fc0,15,25,Normal
2026-02-08 14:20:59.305138,Tokyo-4fc0,-25,59,Normal
2026-02-08 14:21:00.305138,Tokyo-4fc0,30,29,Normal
2026-02-08 14:21:01.305138,Tokyo-4fc0,35,61,Normal
2026-02-08 14:21:02.305138,Tokyo-4fc0,-21,76,Normal
2026-02-08 14:21:03.305138,Tokyo-4fc0,23,11,Normal
2026-02-08 14:21:04.305138,Tokyo-4fc0,35,85,Normal
2026-02-08 14:21:05.305138,Tokyo-4fc0,-14,61,Normal
2026-02-08 14:21:06.305138,Tokyo-4fc0,-6,19,Normal
2026-02-08 14:21:07.305138,Tokyo-4fc0,42,75,Normal
2026-02-08 14:21:08.305138,Tokyo-4fc0,4,88,Normal
2026-02-08 14:21:09.305138,Tokyo-4fc0,12,31,Normal
2026-02-08 14:21:10.305138,Tokyo-4fc0,1,97,Normal
2026-02-08 14:21:11.305138,Tokyo-4fc0,39,65,Normal
2026-02-08 14:21:12.305138,Tokyo-4fc0,-5,86,Normal
2026-02-08 14:21:13.305138,Tokyo-4fc0,37,45,Normal
2026-02-08 14:21:14.305138,Tokyo-4fc0,47,87,Normal
2026-02-08 14:21:15.305138,Tokyo-4fc0,23,93,Normal
2026-02-08 14:21:16.305138,Tokyo-4fc0,-13,20,Normal
2026-02-08 14:21:17.305138,Tokyo-4fc0,-7,46,Normal
2026-02-08 14:21:18.305138,Tokyo-4fc0,32,93,Normal
2026-02-08 14:21:19.305138,Tokyo-4fc0,-20,90,Normal
2026-02-08 14:21:20.305138,Tokyo-4fc0,-2,27,Normal
2026-02-08 14:21:21.305138,Tokyo-4fc0,-3,21,Normal
2026-02-08 14:21:22.305138,Tokyo-4fc0,-29,30,Normal
2026-02-08 14:21:23.305138,Tokyo-4fc0,-3,37,Normal
2026-02-08 14:21:24.305138,Tokyo-4fc0,14,26,Normal
2026-02-08 14:21:25.305138,Tokyo-4fc0,42,5,Normal
2026-02-08 14:21:26.305138,Tokyo-4fc0,33,0,Normal
2026-02-08 14:21:27.305138,Tokyo-4fc0,12,85,Normal
2026-02-08 14:21:28.305138,Tokyo-4fc0,31,67,Normal
2026-02-08 14:21:29.305138,Tokyo-4fc0,21,49,Normal
2026-02-08 14:21:30.305138,Tokyo-4fc0,49,98,Normal
2026-02-08 14:21:31.305138,Tokyo-4fc0,26,50,Normal
2026-02-08 14:21:32.305138,Tokyo-4fc0,38,67,Normal
2026-02-08 14:21:33.305138,Tokyo-4fc0,26,73,Normal
2026-02-08 14:21:34.305138,Tokyo-4fc0,-24,94,Normal
2026-02-08 14:21:35.305138,Tokyo-4fc0,-6,90,Normal
2026-02-08 14:21:36.305138,Tokyo-4fc0,7,19,Normal
2026-02-08 14:21:37.305138,Tokyo-4fc0,44,67,Normal
2026-02-08 14:21:38.305138,Tokyo-4fc0,24,76,Normal
2026-02-08 14:21:39.305138,Tokyo-4fc0,12,41,Normal
2026-02-08 14:21:40.305138,Tokyo-4fc0,-11,20,Normal
2026-02-08 14:21:41.305138,Tokyo-4fc0,22,57,Normal
2026-02-08 14:21:42.305138,Tokyo-4fc0,31,47,Normal
2026-02-08 14:21:43.305138,Tokyo-4fc0,-12,94,Normal
2026-02-08 14:21:44.305138,Tokyo-4fc0,-17,80,Normal
2026-02-08 14:21:45.305138,Tokyo-4fc0,-10,81,Normal
2026-02-08 14:21:46.305138,Tokyo-4fc0,24,29,Normal
2026-02-08 14:21:47.305138,Tokyo-4fc0,-10,24,Normal
2026-02-08 14:21:48.305138,Tokyo-4fc0,2,43,Normal
2026-02-08 14:21:49.305138,Tokyo-4fc0,33,26,Normal
2026-02-08 14:21:50.305138,Tokyo-4fc0,31,22,Normal
2026-02-08 14:21:51.305138,Tokyo-4fc0,-26,47,Normal
2026-02-08 14:21:52.305138,Tokyo-4fc0,9,70,Normal
2026-02-08 14:21:53.305138,Tokyo-4fc0,-24,14,Normal
2026-02-08 14:21:54.305138,Tokyo-4fc0,7,18,Normal
2026-02-08 14:21:55.305138,Tokyo-4fc0,35,75,Normal
2026-02-08 14:21:56.305138,Tokyo-4fc0,34,13,Normal
2026-02-08 14:21:57.305138,Tokyo-4fc0,47,78,Normal
2026-02-08 14:21:58.305138,Tokyo-4fc0,14,62,Normal
2026-02-08 14:21:59.305138,Tokyo-4fc0,-4,76,Normal
2026-02-08 14:22:00.305138,Tokyo-4fc0,-27,44,Normal
2026-02-08 14:22:01.305138,Tokyo-4fc0,-2,33,Normal
2026-02-08 14:22:02.305138,Tokyo-4fc0,7,14,Normal
2026-02-08 14:22:03.305138,Tokyo-4fc0,-26,6,Normal
2026-02-08 14:22:04.305138,Tokyo-4fc0,-28,33,Normal
2026-02-08 14:22:05.305138,Tokyo-4fc0,-6,46,Normal
2026-02-08 14:22:06.305138,Tokyo-4fc0,11,17,Normal
2026-02-08 14:22:07.305138,Tokyo-4fc0,-26,24,Normal
2026-02-08 14:22:08.305138,Tokyo-4fc0,16,18,Normal
2026-02-08 14:22:09.305138,Tokyo-4fc0,19,24,Normal
2026-02-08 14:22:10.305138,Tokyo-4fc0,1,94,Normal
2026-02-08 14:22:11.305138,Tokyo-4fc0,5,98,Normal
2026-02-08 14:22:12.305138,Tokyo-4fc0,27,75,Normal
2026-02-08 14:22:13.305138,Tokyo-4fc0,18,62,Normal
2026-02-08 14:22:14.305138,Tokyo-4fc0,37,94,Normal
2026-02-08 14:22:15.305138,Tokyo-4fc0,33,2,Normal
2026-02-08 14:22:16.305138,Tokyo-4fc0,-10,1,Normal
2026-02-08 14:22:17.305138,Tokyo-4fc0,-25,36,Normal
2026-02-08 14:22:18.305138,Tokyo-4fc0,20,76,Normal
2026-02-08 14:22:19.305138,Tokyo-4fc0,-15,91,Normal
2026-02-08 14:22:20.305138,Tokyo-4fc0,31,66,Normal
2026-02-08 14:22:21.305138,Tokyo-4fc0,2,98,Normal
2026-02-08 14:22:22.305138,Tokyo-4fc0,39,59,Normal
2026-02-08 14:22:23.305138,Tokyo-4fc0,16,52,Normal
2026-02-08 14:22:24.305138,Tokyo-4fc0,43,64,Normal
2026-02-08 14:22:25.305138,Tokyo-4fc0,39,51,Normal
2026-02-08 14:22:26.305138,Tokyo-4fc0,47,81,Normal
2026-02-08 14:22:27.305138,Tokyo-4fc0,5,72,Normal
2026-02-08 14:22:28.305138,Tokyo-4fc0,28,91,Normal
2026-02-08 14:22:29.305138,Tokyo-4fc0,21,74,Normal
2026-02-08 14:22:30.305138,Tokyo-4fc0,49,24,Normal
2026-02-08 14:22:31.305138,Tokyo-4fc0,-21,36,Normal
2026-02-08 14:22:32.305138,Tokyo-4fc0,27,22,Normal
2026-02-08 14:22:33.305138,Tokyo-4fc0,37,85,Normal
2026-02-08 14:22:34.305138,Tokyo-4fc0,21,70,Normal
2026-02-08 14:22:35.305138,Tokyo-4fc0,-5,77,Normal
2026-02-08 14:22:36.305138,Tokyo-4fc0,-5,82,Normal
2026-02-08 14:22:37.305138,Tokyo-4fc0,-8,84,Normal
2026-02-08 14:22:38.305138,Tokyo-4fc0,37,45,Normal
2026-02-08 14:22:39.305138,Tokyo-4fc0,6,28,Normal
2026-02-08 14:22:40.305138,Tokyo-4fc0,-24,63,Normal
2026-02-08 14:22:41.305138,Tokyo-4fc0,49,97,Normal
2026-02-08 14:22:42.305138,Tokyo-4fc0,50,20,Normal
2026-02-08 14:22:43.305138,Tokyo-4fc0,33,17,Normal
2026-02-08 14:22:44.305138,Tokyo-4fc0,50,67,Normal
2026-02-08 14:22:45.305138,Tokyo-4fc0,-6,74,Normal
2026-02-08 14:22:46.305138,Tokyo-4fc0,-30,2,Normal
2026-02-08 14:22:47.305138,Tokyo-4fc0,11,52,Normal
2026-02-08 14:22:48.305138,Tokyo-4fc0,2,37,Normal
2026-02-08 14:22:49.305138,Tokyo-4fc0,-19,64,Normal
2026-02-08 14:22:50.305138,Tokyo-4fc0,-21,91,Normal
2026-02-08 14:22:51.305138,Tokyo-4fc0,44,34,Normal
2026-02-08 14:22:52.305138,Tokyo-4fc0,42,60,Normal
2026-02-08 14:22:53.305138,Tokyo-4fc0,37,18,Normal
2026-02-08 14:22:54.305138,Tokyo-4fc0,35,18,Normal
2026-02-08 14:22:55.305138,Tokyo-4fc0,18,32,Normal
2026-02-08 14:22:56.305138,Tokyo-4fc0,-5,100,Normal
2026-02-08 14:22:57.305138,Tokyo-4fc0,-9,80,Normal
2026-02-08 14:22:58.305138,Tokyo-4fc0,19,46,Normal
2026-02-08 14:22:59.305138,Tokyo-4fc0,-27,92,Normal
2026-02-08 14:23:00.305138,Tokyo-4fc0,10,3,Normal
2026-02-08 14:23:01.305138,Tokyo-4fc0,36,89,Normal
2026-02-08 14:23:02.305138,Tokyo-4fc0,23,11,Normal
2026-02-08 14:23:03.305138,Tokyo-4fc0,-9,73,Normal
2026-02-08 14:23:04.305138,Tokyo-4fc0,-18,9,Normal
2026-02-08 14:23:05.305138,Tokyo-4fc0,42,2,Normal
2026-02-08 14:23:06.305138,Tokyo-4fc0,0,95,Normal
2026-02-08 14:23:07.305138,Tokyo-4fc0,-2,77,Normal
2026-02-08 14:23:08.305138,Tokyo-4fc0,50,30,Normal
2026-02-08 14:23:09.305138,Tokyo-4fc0,43,27,Normal
2026-02-08 14:23:10.305138,Tokyo-4fc0,8,94,Normal
2026-02-08 14:23:11.305138,Tokyo-4fc0,2,90,Normal
2026-02-08 14:23:12.305138,Tokyo-4fc0,31,37,Normal
2026-02-08 14:23:13.305138,Tokyo-4fc0,38,90,Normal
2026-02-08 14:23:14.305138,Tokyo-4fc0,6,79,Normal
2026-02-08 14:23:15.305138,Tokyo-4fc0,39,72,Normal
2026-02-08 14:23:16.305138,Tokyo-4fc0,-3,23,Normal
2026-02-08 14:23:17.305138,Tokyo-4fc0,2,40,Normal
2026-02-08 14:23:18.305138,Tokyo-4fc0,-19,100,Normal
2026-02-08 14:23:19.305138,Tokyo-4fc0,0,8,Normal
2026-02-08 14:23:20.305138,Tokyo-4fc0,36,13,Normal
2026-02-08 14:23:21.305138,Tokyo-4fc0,45,19,Normal
2026-02-08 14:23:22.305138,Tokyo-4fc0,4,75,Normal
2026-02-08 14:23:23.305138,Tokyo-4fc0,6,19,Normal
2026-02-08 14:23:24.305138,Tokyo-4fc0,20,29,Normal
2026-02-08 14:23:25.305138,Tokyo-4fc0,27,1,Normal
2026-02-08 14:23:26.305138,Tokyo-4fc0,39,24,Normal
2026-02-08 14:23:27.305138,Tokyo-4fc0,-19,46,Normal
2026-02-08 14:23:28.305138,Tokyo-4fc0,31,0,Normal
2026-02-08 14:23:29.305138,Tokyo-4fc0,35,16,Normal
2026-02-08 14:23:30.305138,Tokyo-4fc0,-19,12,Normal
2026-02-08 14:23:31.305138,Tokyo-4fc0,3,47,Normal
2026-02-08 14:23:32.305138,Tokyo-4fc0,-6,0,Normal
2026-02-08 14:23:33.305138,Tokyo-4fc0,-29,9,Normal
2026-02-08 14:23:34.305138,Tokyo-4fc0,20,51,Normal
2026-02-08 14:23:35.305138,Tokyo-4fc0,-20,40,Normal
2026-02-08 14:23:36.305138,Tokyo-4fc0,-6,68,Normal
2026-02-08 14:23:37.305138,Tokyo-4fc0,16,78,Normal
2026-02-08 14:23:38.305138,Tokyo-4fc0,-7,1,Normal
2026-02-08 14:23:39.305138,Tokyo-4fc0,-28,28,Normal
2026-02-08 14:23:40.305138,Tokyo-4fc0,15,64,Normal
2026-02-08 14:23:41.305138,Tokyo-4fc0,44,12,Normal
2026-02-08 14:23:42.305138,Tokyo-4fc0,28,99,Normal
2026-02-08 14:23:43.305138,Tokyo-4fc0,-4,32,Normal
2026-02-08 14:23:44.305138,Tokyo-4fc0,-29,60,Normal
2026-02-08 14:23:45.305138,Tokyo-4fc0,28,33,Normal
2026-02-08 14:23:46.305138,Tokyo-4fc0,32,85,Normal
2026-02-08 14:23:47.305138,Tokyo-4fc0,-5,50,Normal
2026-02-08 14:23:48.305138,Tokyo-4fc0,-11,20,Normal
2026-02-08 14:23:49.305138,Tokyo-4fc0,24,42,Normal
2026-02-08 14:23:50.305138,Tokyo-4fc0,-23,18,Normal
2026-02-08 14:23:51.305138,Tokyo-4fc0,34,7,Normal
2026-02-08 14:23:52.305138,Tokyo-4fc0,-22,16,Normal
2026-02-08 14:23:53.305138,Tokyo-4fc0,-28,26,Normal
2026-02-08 14:23:54.305138,Tokyo-4fc0,21,84,Normal
2026-02-08 14:23:55.305138,Tokyo-4fc0,-30,22,Normal
2026-02-08 14:23:56.305138,Tokyo-4fc0,23,59,Normal
2026-02-08 14:23:57.305138,Tokyo-4fc0,16,94,Normal
2026-02-08 14:23:58.305138,Tokyo-4fc0,33,62,Normal
2026-02-08 14:23:59.305138,Tokyo-4fc0,26,96,Normal
2026-02-08 14:24:00.305138,Tokyo-4fc0,29,70,Normal
2026-02-08 14:24:01.305138,Tokyo-4fc0,21,79,Normal
2026-02-08 14:24:02.305138,Tokyo-4fc0,28,44,Normal
2026-02-08 14:24:03.305138,Tokyo-4fc0,-13,99,Normal
2026-02-08 14:24:04.305138,Tokyo-4fc0,16,12,Normal
2026-02-08 14:24:05.305138,Tokyo-4fc0,8,2,Normal
2026-02-08 14:24:06.305138,Tokyo-4fc0,17,18,Normal
2026-02-08 14:24:07.305138,Tokyo-4fc0,-26,75,Normal
2026-02-08 14:24:08.305138,Tokyo-4fc0,-9,52,Normal
2026-02-08 14:24:09.305138,Tokyo-4fc0,37,85,Normal
2026-02-08 14:24:10.305138,Tokyo-4fc0,13,8,Normal
2026-02-08 14:24:11.305138,Tokyo-4fc0,37,84,Normal
2026-02-08 14:24:12.305138,Tokyo-4fc0,14,13,Normal
2026-02-08 14:24:13.305138,Tokyo-4fc0,29,28,Normal
2026-02-08 14:24:14.305138,Tokyo-4fc0,-24,45,Normal
2026-02-08 14:24:15.305138,Tokyo-4fc0,43,85,Normal
2026-02-08 14:24:16.305138,Tokyo-4fc0,35,49,Normal
2026-02-08 14:24:17.305138,Tokyo-4fc0,-5,86,Normal
2026-02-08 14:24:18.305138,Tokyo-4fc0,3,58,Normal
2026-02-08 14:24:19.305138,Tokyo-4fc0,24,90,Normal
2026-02-08 14:24:20.305138,Tokyo-4fc0,-1,36,Normal
2026-02-08 14:24:21.305138,Tokyo-4fc0,12,16,Normal
2026-02-08 14:24:22.305138,Tokyo-4fc0,-15,58,Normal
2026-02-08 14:24:23.305138,Tokyo-4fc0,13,23,Normal
2026-02-08 14:24:24.305138,Tokyo-4fc0,-22,32,Normal
2026-02-08 14:24:25.305138,Tokyo-4fc0,44,99,Normal
2026-02-08 14:24:26.305138,Tokyo-4fc0,38,1,Normal
2026-02-08 14:24:27.305138,Tokyo-4fc0,-14,67,Normal
2026-02-08 14:24:28.305138,Tokyo-4fc0,12,3,Normal
2026-02-08 14:24:29.305138,Tokyo-4fc0,29,96,Normal
2026-02-08 14:24:30.305138,Tokyo-4fc0,18,96,Normal
2026-02-08 14:24:31.305138,Tokyo-4fc0,-9,62,Normal
2026-02-08 14:24:32.305138,Tokyo-4fc0,37,73,Normal
2026-02-08 14:24:33.305138,Tokyo-4fc0,-5,86,Normal
2026-02-08 14:24:34.305138,Tokyo-4fc0,4,78,Normal
2026-02-08 14:24:35.305138,Tokyo-4fc0,44,85,Normal
2026-02-08 14:24:36.305138,Tokyo-4fc0,6,66,Normal
2026-02-08 14:24:37.305138,Tokyo-4fc0,-7,73,Normal
2026-02-08 14:24:38.305138,Tokyo-4fc0,-21,97,Normal
2026-02-08 14:24:39.305138,Tokyo-4fc0,-12,96,Normal
2026-02-08 14:24:40.305138,Tokyo-4fc0,-8,77,Normal
2026-02-08 14:24:41.305138,Tokyo-4fc0,29,83,Normal
2026-02-08 14:24:42.305138,Tokyo-4fc0,7,85,Normal
2026-02-08 14:24:43.305138,Tokyo-4fc0,30,64,Normal
2026-02-08 14:24:44.305138,Tokyo-4fc0,7,37,Normal
2026-02-08 14:24:45.305138,Tokyo-4fc0,6,61,Normal
2026-02-08 14:24:46.305138,Tokyo-4fc0,-9,6,Normal
2026-02-08 14:24:47.305138,Tokyo-4fc0,37,70,Normal
2026-02-08 14:24:48.305138,Tokyo-4fc0,-26,74,Normal
2026-02-08 14:24:49.305138,Tokyo-4fc0,-30,27,Normal
2026-02-08 14:24:50.305138,Tokyo-4fc0,26,93,Normal
2026-02-08 14:24:51.305138,Tokyo-4fc0,-16,82,Normal
2026-02-08 14:24:52.305138,Tokyo-4fc0,14,97,Normal
2026-02-08 14:24:53.305138,Tokyo-4fc0,26,84,Normal
2026-02-08 14:24:54.305138,Tokyo-4fc0,-11,31,Normal
2026-02-08 14:24:55.305138,Tokyo-4fc0,-20,62,Normal
2026-02-08 14:24:56.305138,Tokyo-4fc0,-3,86,Normal
2026-02-08 14:24:57.305138,Tokyo-4fc0,11,70,Normal
2026-02-08 14:24:58.305138,Tokyo-4fc0,-13,40,Normal
2026-02-08 14:24:59.305138,Tokyo-4fc0,20,43,Normal
2026-02-08 14:25:00.305138,Tokyo-4fc0,-23,77,Normal
2026-02-08 14:25:01.305138,Tokyo-4fc0,7,79,Normal
2026-02-08 14:25:02.305138,Tokyo-4fc0,-6,84,Normal
2026-02-08 14:25:03.305138,Tokyo-4fc0,45,69,Normal
2026-02-08 14:25:04.305138,Tokyo-4fc0,-27,77,Normal
2026-02-08 14:25:05.305138,Tokyo-4fc0,48,6,Normal
2026-02-08 14:25:06.305138,Tokyo-4fc0,26,98,Normal
2026-02-08 14:25:07.305138,Tokyo-4fc0,-21,61,Normal
2026-02-08 14:25:08.305138,Tokyo-4fc0,-13,46,Normal
2026-02-08 14:25:09.305138,Tokyo-4fc0,33,64,Normal
2026-02-08 14:25:10.305138,Tokyo-4fc0,-7,88,Normal
2026-02-08 14:25:11.305138,Tokyo-4fc0,31,57,Normal
2026-02-08 14:25:12.305138,Tokyo-4fc0,-23,37,Normal
2026-02-08 14:25:13.305138,Tokyo-4fc0,21,30,Normal
2026-02-08 14:25:14.305138,Tokyo-4fc0,4,15,Normal
2026-02-08 14:25:15.305138,Tokyo-4fc0,27,25,Normal
2026-02-08 14:25:16.305138,Tokyo-4fc0,30,6,Normal
2026-02-08 14:25:17.305138,Tokyo-4fc0,-20,45,Normal
2026-02-08 14:25:18.305138,Tokyo-4fc0,45,82,Normal
2026-02-08 14:25:19.305138,Tokyo-4fc0,23,99,Normal
2026-02-08 14:25:20.305138,Tokyo-4fc0,47,16,Normal
2026-02-08 14:25:21.305138,Tokyo-4fc0,30,46,Normal
2026-02-08 14:25:22.305138,Tokyo-4fc0,-5,29,Normal
2026-02-08 14:25:23.305138,Tokyo-4fc0,-17,86,Normal
2026-02-08 14:25:24.305138,Tokyo-4fc0,-14,38,Normal
2026-02-08 14:25:25.305138,Tokyo-4fc0,45,20,Normal
2026-02-08 14:25:26.305138,Tokyo-4fc0,7,55,Normal
2026-02-08 14:25:27.305138,Tokyo-4fc0,-30,73,Normal
2026-02-08 14:25:28.305138,Tokyo-4fc0,50,57,Normal
2026-02-08 14:25:29.305138,Tokyo-4fc0,-7,73,Normal
2026-02-08 14:25:30.305138,Tokyo-4fc0,-5,42,Normal
2026-02-08 14:25:31.305138,Tokyo-4fc0,49,28,Normal
2026-02-08 14:25:32.305138,Tokyo-4fc0,3,73,Normal
2026-02-08 14:25:33.305138,Tokyo-4fc0,-3,68,Normal
2026-02-08 14:25:34.305138,Tokyo-4fc0,-8,53,Normal
2026-02-08 14:25:35.305138,Tokyo-4fc0,25,73,Normal
2026-02-08 14:25:36.305138,Tokyo-4fc0,2,55,Normal
2026-02-08 14:25:37.305138,Tokyo-4fc0,26,73,Normal
2026-02-08 14:25:38.305138,Tokyo-4fc0,-2,49,Normal
2026-02-08 14:25:39.305138,Tokyo-4fc0,23,11,Normal
2026-02-08 14:25:40.305138,Tokyo-4fc0,6,4,Normal
2026-02-08 14:25:41.305138,Tokyo-4fc0,19,41,Normal
2026-02-08 14:25:42.305138,Tokyo-4fc0,-4,28,Normal
2026-02-08 14:25:43.305138,Tokyo-4fc0,-15,61,Normal
2026-02-08 14:25:44.305138,Tokyo-4fc0,-18,16,Normal
2026-02-08 14:25:45.305138,Tokyo-4fc0,-29,70,Normal
2026-02-08 14:25:46.305138,Tokyo-4fc0,-4,13,Normal
2026-02-08 14:25:47.305138,Tokyo-4fc0,44,63,Normal
2026-02-08 14:25:48.305138,Tokyo-4fc0,-16,33,Normal
2026-02-08 14:25:49.305138,Tokyo-4fc0,36,39,Normal
2026-02-08 14:25:50.305138,Tokyo-4fc0,38,23,Normal
2026-02-08 14:25:51.305138,Tokyo-4fc0,-16,84,Normal
2026-02-08 14:25:52.305138,Tokyo-4fc0,36,67,Normal
2026-02-08 14:25:53.305138,Tokyo-4fc0,-24,72,Normal
2026-02-08 14:25:54.305138,Tokyo-4fc0,-13,45,Normal
2026-02-08 14:25:55.305138,Tokyo-4fc0,46,83,Normal
2026-02-08 14:25:56.305138,Tokyo-4fc0,40,62,Normal
2026-02-08 14:25:57.305138,Tokyo-4fc0,49,46,Normal
2026-02-08 14:25:58.305138,Tokyo-4fc0,36,58,Normal
2026-02-08 14:25:59.305138,Tokyo-4fc0,33,94,Normal
2026-02-08 14:26:00.305138,Tokyo-4fc0,45,7,Normal
2026-02-08 14:26:01.305138,Tokyo-4fc0,23,69,Normal
2026-02-08 14:26:02.305138,Tokyo-4fc0,22,75,Normal
2026-02-08 14:26:03.305138,Tokyo-4fc0,14,34,Normal
2026-02-08 14:26:04.305138,Tokyo-4fc0,-22,48,Normal
2026-02-08 14:26:05.305138,Tokyo-4fc0,47,91,Normal
2026-02-08 14:26:06.305138,Tokyo-4fc0,13,20,Normal
2026-02-08 14:26:07.305138,Tokyo-4fc0,41,98,Normal
2026-02-08 14:26:08.305138,Tokyo-4fc0,-14,48,Normal
2026-02-08 14:26:09.305138,Tokyo-4fc0,35,23,Normal
2026-02-08 14:26:10.305138,Tokyo-4fc0,-8,46,Normal
2026-02-08 14:26:11.305138,Tokyo-4fc0,14,6,Normal
2026-02-08 14:26:12.305138,Tokyo-4fc0,-17,78,Normal
2026-02-08 14:26:13.305138,Tokyo-4fc0,-29,69,Normal
2026-02-08 14:26:14.305138,Tokyo-4fc0,-14,93,Normal
2026-02-08 14:26:15.305138,Tokyo-4fc0,-19,80,Normal
2026-02-08 14:26:16.305138,Tokyo-4fc0,-29,94,Normal
2026-02-08 14:26:17.305138,Tokyo-4fc0,2,16,Normal
2026-02-08 14:26:18.305138,Tokyo-4fc0,44,27,Normal
2026-02-08 14:26:19.305138,Tokyo-4fc0,-28,57,Normal
2026-02-08 14:26:20.305138,Tokyo-4fc0,-16,24,Normal
2026-02-08 14:26:21.305138,Tokyo-4fc0,19,44,Normal
2026-02-08 14:26:22.305138,Tokyo-4fc0,-21,43,Normal
2026-02-08 14:26:23.305138,Tokyo-4fc0,15,65,Normal
2026-02-08 14:26:24.305138,Tokyo-4fc0,12,64,Normal
2026-02-08 14:26:25.305138,Tokyo-4fc0,-21,97,Normal
2026-02-08 14:26:26.305138,Tokyo-4fc0,17,70,Normal
2026-02-08 14:26:27.305138,Tokyo-4fc0,-23,72,Normal
2026-02-08 14:26:28.305138,Tokyo-4fc0,31,79,Normal
2026-02-08 14:26:29.305138,Tokyo-4fc0,-30,97,Normal
2026-02-08 14:26:30.305138,Tokyo-4fc0,-19,88,Normal
2026-02-08 14:26:31.305138,Tokyo-4fc0,41,97,Normal
2026-02-08 14:26:32.305138,Tokyo-4fc0,35,57,Normal
2026-02-08 14:26:33.305138,Tokyo-4fc0,-9,32,Normal
2026-02-08 14:26:34.305138,Tokyo-4fc0,45,51,Normal
2026-02-08 14:26:35.305138,Tokyo-4fc0,1,8,Normal
2026-02-08 14:26:36.305138,Tokyo-4fc0,-5,12,Normal
2026-02-08 14:26:37.305138,Tokyo-4fc0,-15,22,Normal
2026-02-08 14:26:38.305138,Tokyo-4fc0,-25,89,Normal
2026-02-08 14:26:39.305138,Tokyo-4fc0,-7,46,Normal
2026-02-08 14:26:40.305138,Tokyo-4fc0,-3,90,Normal
2026-02-08 14:26:41.305138,Tokyo-4fc0,38,2,Normal
2026-02-08 14:26:42.305138,Tokyo-4fc0,36,54,Normal
2026-02-08 14:26:43.305138,Tokyo-4fc0,9,27,Normal
2026-02-08 14:26:44.305138,Tokyo-4fc0,-9,74,Normal
2026-02-08 14:26:45.305138,Tokyo-4fc0,3,36,Normal
2026-02-08 14:26:46.305138,Tokyo-4fc0,6,4,Normal
2026-02-08 14:26:47.305138,Tokyo-4fc0,7,36,Normal
2026-02-08 14:26:48.305138,Tokyo-4fc0,14,51,Normal
2026-02-08 14:26:49.305138,Tokyo-4fc0,17,38,Normal
2026-02-08 14:26:50.305138,Tokyo-4fc0,32,91,Normal
2026-02-08 14:26:51.305138,Tokyo-4fc0,10,17,Normal
2026-02-08 14:26:52.305138,Tokyo-4fc0,47,96,Normal
2026-02-08 14:26:53.305138,Tokyo-4fc0,-17,90,Normal
2026-02-08 14:26:54.305138,Tokyo-4fc0,44,92,Normal
2026-02-08 14:26:55.305138,Tokyo-4fc0,44,53,Normal
2026-02-08 14:26:56.305138,Tokyo-4fc0,-12,55,Normal
2026-02-08 14:26:57.305138,Tokyo-4fc0,-23,27,Normal
2026-02-08 14:26:58.305138,Tokyo-4fc0,22,12,Normal
2026-02-08 14:26:59.305138,Tokyo-4fc0,1,43,Normal
2026-02-08 14:27:00.305138,Tokyo-4fc0,-28,88,Normal
2026-02-08 14:27:01.305138,Tokyo-4fc0,-14,35,Normal
2026-02-08 14:27:02.305138,Tokyo-4fc0,-25,32,Normal
2026-02-08 14:27:03.305138,Tokyo-4fc0,31,26,Normal
2026-02-08 14:27:04.305138,Tokyo-4fc0,20,95,Normal
2026-02-08 14:27:05.305138,Tokyo-4fc0,20,19,Normal
2026-02-08 14:27:06.305138,Tokyo-4fc0,-26,33,Normal
2026-02-08 14:27:07.305138,Tokyo-4fc0,8,18,Normal
2026-02-08 14:27:08.305138,Tokyo-4fc0,-29,83,Normal
2026-02-08 14:27:09.305138,Tokyo-4fc0,-17,8,Normal
2026-02-08 14:27:10.305138,Tokyo-4fc0,10,23,Normal
2026-02-08 14:27:11.305138,Tokyo-4fc0,-22,53,Normal
2026-02-08 14:27:12.305138,Tokyo-4fc0,47,83,Normal
2026-02-08 14:27:13.305138,Tokyo-4fc0,-16,92,Normal
2026-02-08 14:27:14.305138,Tokyo-4fc0,31,23,Normal
2026-02-08 14:27:15.305138,Tokyo-4fc0,33,59,Normal
2026-02-08 14:27:16.305138,Tokyo-4fc0,-14,58,Normal
2026-02-08 14:27:17.305138,Tokyo-4fc0,-13,2,Normal
2026-02-08 14:27:18.305138,Tokyo-4fc0,6,70,Normal
2026-02-08 14:27:19.305138,Tokyo-4fc0,44,33,Normal
2026-02-08 14:27:20.305138,Tokyo-4fc0,32,74,Normal
2026-02-08 14:27:21.305138,Tokyo-4fc0,41,80,Normal
2026-02-08 14:27:22.305138,Tokyo-4fc0,43,98,Normal
2026-02-08 14:27:23.305138,Tokyo-4fc0,-9,80,Normal
2026-02-08 14:27:24.305138,Tokyo-4fc0,5,42,Normal
2026-02-08 14:27:25.305138,Tokyo-4fc0,20,10,Normal
2026-02-08 14:27:26.305138,Tokyo-4fc0,-2,85,Normal
2026-02-08 14:27:27.305138,Tokyo-4fc0,26,70,Normal
2026-02-08 14:27:28.305138,Tokyo-4fc0,-1,45,Normal
2026-02-08 14:27:29.305138,Tokyo-4fc0,20,58,Normal
2026-02-08 14:27:30.305138,Tokyo-4fc0,-18,12,Normal
2026-02-08 14:27:31.305138,Tokyo-4fc0,-13,19,Normal
2026-02-08 14:27:32.305138,Tokyo-4fc0,-10,43,Normal
2026-02-08 14:27:33.305138,Tokyo-4fc0,29,60,Normal
2026-02-08 14:27:34.305138,Tokyo-4fc0,-30,65,Normal
2026-02-08 14:27:35.305138,Tokyo-4fc0,-29,13,Normal
2026-02-08 14:27:36.305138,Tokyo-4fc0,-25,12,Normal
2026-02-08 14:27:37.305138,Tokyo-4fc0,19,80,Normal
2026-02-08 14:27:38.305138,Tokyo-4fc0,-16,10,Normal
2026-02-08 14:27:39.305138,Tokyo-4fc0,-3,1,Normal
2026-02-08 14:27:40.305138,Tokyo-4fc0,-25,86,Normal
2026-02-08 14:27:41.305138,Tokyo-4fc0,26,1,Normal
2026-02-08 14:27:42.305138,Tokyo-4fc0,-19,74,Normal
2026-02-08 14:27:43.305138,Tokyo-4fc0,-21,76,Normal
2026-02-08 14:27:44.305138,Tokyo-4fc0,-1,31,Normal
2026-02-08 14:27:45.305138,Tokyo-4fc0,19,49,Normal
2026-02-08 14:27:46.305138,Tokyo-4fc0,-14,89,Normal
2026-02-08 14:27:47.305138,Tokyo-4fc0,37,96,Normal
2026-02-08 14:27:48.305138,Tokyo-4fc0,-11,0,Normal
2026-02-08 14:27:49.305138,Tokyo-4fc0,-1,99,Normal
2026-02-08 14:27:50.305138,Tokyo-4fc0,2,35,Normal
2026-02-08 14:27:51.305138,Tokyo-4fc0,36,29,Normal
2026-02-08 14:27:52.305138,Tokyo-4fc0,-10,86,Normal
2026-02-08 14:27:53.305138,Tokyo-4fc0,-5,44,Normal
2026-02-08 14:27:54.305138,Tokyo-4fc0,13,14,Normal
2026-02-08 14:27:55.305138,Tokyo-4fc0,4,38,Normal
2026-02-08 14:27:56.305138,Tokyo-4fc0,47,42,Normal
2026-02-08 14:27:57.305138,Tokyo-4fc0,19,50,Normal
2026-02-08 14:27:58.305138,Tokyo-4fc0,-13,43,Normal
2026-02-08 14:27:59.305138,Tokyo-4fc0,35,10,Normal
2026-02-08 14:28:00.305138,Tokyo-4fc0,22,63,Normal
2026-02-08 14:28:01.305138,Tokyo-4fc0,-22,74,Normal
2026-02-08 14:28:02.305138,Tokyo-4fc0,15,59,Normal
2026-02-08 14:28:03.305138,Tokyo-4fc0,14,23,Normal
2026-02-08 14:28:04.305138,Tokyo-4fc0,3,22,Normal
2026-02-08 14:28:05.305138,Tokyo-4fc0,-7,81,Normal
2026-02-08 14:28:06.305138,Tokyo-4fc0,-27,67,Normal
2026-02-08 14:28:07.305138,Tokyo-4fc0,-7,37,Normal
2026-02-08 14:28:08.305138,Tokyo-4fc0,-30,80,Normal
2026-02-08 14:28:09.305138,Tokyo-4fc0,-27,45,Normal
2026-02-08 14:28:10.305138,Tokyo-4fc0,24,82,Normal
2026-02-08 14:28:11.305138,Tokyo-4fc0,7,65,Normal
2026-02-08 14:28:12.305138,Tokyo-4fc0,-7,73,Normal
2026-02-08 14:28:13.305138,Tokyo-4fc0,30,37,Normal
2026-02-08 14:28:14.305138,Tokyo-4fc0,40,12,Normal
2026-02-08 14:28:15.305138,Tokyo-4fc0,24,7,Normal
2026-02-08 14:28:16.305138,Tokyo-4fc0,-19,16,Normal
2026-02-08 14:28:17.305138,Tokyo-4fc0,21,86,Normal
2026-02-08 14:28:18.305138,Tokyo-4fc0,36,12,Normal
2026-02-08 14:28:19.305138,Tokyo-4fc0,42,22,Normal
2026-02-08 14:28:20.305138,Tokyo-4fc0,-7,65,Normal
2026-02-08 14:28:21.305138,Tokyo-4fc0,35,5,Normal
2026-02-08 14:28:22.305138,Tokyo-4fc0,-30,49,Normal
2026-02-08 14:28:23.305138,Tokyo-4fc0,6,4,Normal
2026-02-08 14:28:24.305138,Tokyo-4fc0,-11,79,Normal
2026-02-08 14:28:25.305138,Tokyo-4fc0,-7,93,Normal
2026-02-08 14:28:26.305138,Tokyo-4fc0,5,54,Normal
2026-02-08 14:28:27.305138,Tokyo-4fc0,45,66,Normal
2026-02-08 14:28:28.305138,Tokyo-4fc0,-7,52,Normal
2026-02-08 14:28:29.305138,Tokyo-4fc0,20,35,Normal
2026-02-08 14:28:30.305138,Tokyo-4fc0,-3,61,Normal
2026-02-08 14:28:31.305138,Tokyo-4fc0,3,89,Normal
2026-02-08 14:28:32.305138,Tokyo-4fc0,-18,95,Normal
2026-02-08 14:28:33.305138,Tokyo-4fc0,32,44,Normal
2026-02-08 14:28:34.305138,Tokyo-4fc0,36,76,Normal
2026-02-08 14:28:35.305138,Tokyo-4fc0,17,54,Normal
2026-02-08 14:28:36.305138,Tokyo-4fc0,23,82,Normal
2026-02-08 14:28:37.305138,Tokyo-4fc0,-15,53,Normal
2026-02-08 14:28:38.305138,Tokyo-4fc0,-18,45,Normal
2026-02-08 14:28:39.305138,Tokyo-4fc0,5,61,Normal
2026-02-08 14:28:40.305138,Tokyo-4fc0,5,71,Normal
2026-02-08 14:28:41.305138,Tokyo-4fc0,-10,65,Normal
2026-02-08 14:28:42.305138,Tokyo-4fc0,-28,3,Normal
2026-02-08 14:28:43.305138,Tokyo-4fc0,-10,2,Normal
2026-02-08 14:28:44.305138,Tokyo-4fc0,44,90,Normal
2026-02-08 14:28:45.305138,Tokyo-4fc0,12,11,Normal
2026-02-08 14:28:46.305138,Tokyo-4fc0,28,10,Normal
2026-02-08 14:28:47.305138,Tokyo-4fc0,-30,65,Normal
2026-02-08 14:28:48.305138,Tokyo-4fc0,48,87,Normal
2026-02-08 14:28:49.305138,Tokyo-4fc0,5,40,Normal
2026-02-08 14:28:50.305138,Tokyo-4fc0,-19,78,Normal
2026-02-08 14:28:51.305138,Tokyo-4fc0,-15,0,Normal
2026-02-08 14:28:52.305138,Tokyo-4fc0,38,44,Normal
2026-02-08 14:28:53.305138,Tokyo-4fc0,6,39,Normal
2026-02-08 14:28:54.305138,Tokyo-4fc0,11,89,Normal
2026-02-08 14:28:55.305138,Tokyo-4fc0,12,63,Normal
2026-02-08 14:28:56.305138,Tokyo-4fc0,19,60,Normal
2026-02-08 14:28:57.305138,Tokyo-4fc0,-14,77,Normal
2026-02-08 14:28:58.305138,Tokyo-4fc0,-6,78,Normal
2026-02-08 14:28:59.305138,Tokyo-4fc0,33,16,Normal
2026-02-08 14:29:00.305138,Tokyo-4fc0,-16,59,Normal
2026-02-08 14:29:01.305138,Tokyo-4fc0,-4,29,Normal
2026-02-08 14:29:02.305138,Tokyo-4fc0,30,14,Normal
2026-02-08 14:29:03.305138,Tokyo-4fc0,-8,4,Normal
2026-02-08 14:29:04.305138,Tokyo-4fc0,-26,26,Normal
2026-02-08 14:29:05.305138,Tokyo-4fc0,-24,21,Normal
2026-02-08 14:29:06.305138,Tokyo-4fc0,44,37,Normal
2026-02-08 14:29:07.305138,Tokyo-4fc0,-20,92,Normal
2026-02-08 14:29:08.305138,Tokyo-4fc0,22,20,Normal
2026-02-08 14:29:09.305138,Tokyo-4fc0,-16,69,Normal
2026-02-08 14:29:10.305138,Tokyo-4fc0,41,19,Normal
2026-02-08 14:29:11.305138,Tokyo-4fc0,48,91,Normal
2026-02-08 14:29:12.305138,Tokyo-4fc0,42,11,Normal
2026-02-08 14:29:13.305138,Tokyo-4fc0,22,59,Normal
2026-02-08 14:29:14.305138,Tokyo-4fc0,27,40,Normal
2026-02-08 14:29:15.305138,Tokyo-4fc0,33,19,Normal
2026-02-08 14:29:16.305138,Tokyo-4fc0,-23,21,Normal
2026-02-08 14:29:17.305138,Tokyo-4fc0,7,60,Normal
2026-02-08 14:29:18.305138,Tokyo-4fc0,-5,56,Normal
2026-02-08 14:29:19.305138,Tokyo-4fc0,8,100,Normal
2026-02-08 14:29:20.305138,Tokyo-4fc0,21,73,Normal
2026-02-08 14:29:21.305138,Tokyo-4fc0,33,12,Normal
2026-02-08 14:29:22.305138,Tokyo-4fc0,43,39,Normal
2026-02-08 14:29:23.305138,Tokyo-4fc0,18,0,Normal
2026-02-08 14:29:24.305138,Tokyo-4fc0,6,15,Normal
2026-02-08 14:29:25.305138,Tokyo-4fc0,-19,28,Normal
2026-02-08 14:29:26.305138,Tokyo-4fc0,5,72,Normal
2026-02-08 14:29:27.305138,Tokyo-4fc0,-5,13,Normal
2026-02-08 14:29:28.305138,Tokyo-4fc0,15,25,Normal
2026-02-08 14:29:29.305138,Tokyo-4fc0,5,4,Normal
2026-02-08 14:29:30.305138,Tokyo-4fc0,50,87,Normal
2026-02-08 14:29:31.305138,Tokyo-4fc0,40,26,Normal
2026-02-08 14:29:32.305138,Tokyo-4fc0,3,76,Normal
2026-02-08 14:29:33.305138,Tokyo-4fc0,-23,62,Normal
2026-02-08 14:29:34.305138,Tokyo-4fc0,47,29,Normal
2026-02-08 14:29:35.305138,Tokyo-4fc0,38,12,Normal
2026-02-08 14:29:36.305138,Tokyo-4fc0,28,91,Normal
2026-02-08 14:29:37.305138,Tokyo-4fc0,10,78,Normal
2026-02-08 14:29:38.305138,Tokyo-4fc0,46,17,Normal
2026-02-08 14:29:39.305138,Tokyo-4fc0,-3,25,Normal
2026-02-08 14:29:40.305138,Tokyo-4fc0,9,93,Normal
2026-02-08 14:29:41.305138,Tokyo-4fc0,41,22,Normal
2026-02-08 14:29:42.305138,Tokyo-4fc0,-6,71,Normal
2026-02-08 14:29:43.305138,Tokyo-4fc0,21,44,Normal
2026-02-08 14:29:44.305138,Tokyo-4fc0,22,75,Normal
2026-02-08 14:29:45.305138,Tokyo-4fc0,28,53,Normal
2026-02-08 14:29:46.305138,Tokyo-4fc0,-22,38,Normal
2026-02-08 14:29:47.305138,Tokyo-4fc0,13,99,Normal
2026-02-08 14:29:48.305138,Tokyo-4fc0,26,3,Normal
2026-02-08 14:29:49.305138,Tokyo-4fc0,6,72,Normal
2026-02-08 14:29:50.305138,Tokyo-4fc0,50,29,Normal
2026-02-08 14:29:51.305138,Tokyo-4fc0,-25,27,Normal
2026-02-08 14:29:52.305138,Tokyo-4fc0,50,73,Normal
2026-02-08 14:29:53.305138,Tokyo-4fc0,30,34,Normal
2026-02-08 14:29:54.305138,Tokyo-4fc0,35,75,Normal
2026-02-08 14:29:55.305138,Tokyo-4fc0,4,40,Normal
2026-02-08 14:29:56.305138,Tokyo-4fc0,50,41,Normal
2026-02-08 14:29:57.305138,Tokyo-4fc0,43,64,Normal
2026-02-08 14:29:58.305138,Tokyo-4fc0,-4,25,Normal
2026-02-08 14:29:59.305138,Tokyo-4fc0,21,16,Normal
2026-02-08 14:30:00.305138,Tokyo-4fc0,-19,11,Normal
2026-02-08 14:30:01.305138,Tokyo-4fc0,7,98,Normal
2026-02-08 14:30:02.305138,Tokyo-4fc0,38,87,Normal
2026-02-08 14:30:03.305138,Tokyo-4fc0,37,80,Normal
2026-02-08 14:30:04.305138,Tokyo-4fc0,22,7,Normal
2026-02-08 14:30:05.305138,Tokyo-4fc0,-3,17,Normal
2026-02-08 14:30:06.305138,Tokyo-4fc0,17,100,Normal
2026-02-08 14:30:07.305138,Tokyo-4fc0,9,31,Normal
2026-02-08 14:30:08.305138,Tokyo-4fc0,23,79,Normal
2026-02-08 14:30:09.305138,Tokyo-4fc0,39,78,Normal
2026-02-08 14:30:10.305138,Tokyo-4fc0,-21,45,Normal
2026-02-08 14:30:11.305138,Tokyo-4fc0,-11,17,Normal
2026-02-08 14:30:12.305138,Tokyo-4fc0,50,6,Normal
2026-02-08 14:30:13.305138,Tokyo-4fc0,7,25,Normal
2026-02-08 14:30:14.305138,Tokyo-4fc0,29,41,Normal
2026-02-08 14:30:15.305138,Tokyo-4fc0,43,100,Normal
2026-02-08 14:30:16.305138,Tokyo-4fc0,5,48,Normal
2026-02-08 14:30:17.305138,Tokyo-4fc0,23,0,Normal
2026-02-08 14:30:18.305138,Tokyo-4fc0,-11,14,Normal
2026-02-08 14:30:19.305138,Tokyo-4fc0,38,68,Normal
2026-02-08 14:30:20.305138,Tokyo-4fc0,9,91,Normal
2026-02-08 14:30:21.305138,Tokyo-4fc0,-5,8,Normal
2026-02-08 14:30:22.305138,Tokyo-4fc0,-14,93,Normal
2026-02-08 14:30:23.305138,Tokyo-4fc0,49,19,Normal
2026-02-08 14:30:24.305138,Tokyo-4fc0,-28,40,Normal
2026-02-08 14:30:25.305138,Tokyo-4fc0,-20,31,Normal
2026-02-08 14:30:26.305138,Tokyo-4fc0,11,78,Normal
2026-02-08 14:30:27.305138,Tokyo-4fc0,12,27,Normal
2026-02-08 14:30:28.305138,Tokyo-4fc0,1,29,Normal
2026-02-08 14:30:29.305138,Tokyo-4fc0,-10,100,Normal
2026-02-08 14:30:30.305138,Tokyo-4fc0,13,22,Normal
2026-02-08 14:30:31.305138,Tokyo-4fc0,-8,42,Normal
2026-02-08 14:30:32.305138,Tokyo-4fc0,38,6,Normal
2026-02-08 14:30:33.305138,Tokyo-4fc0,24,55,Normal
2026-02-08 14:30:34.305138,Tokyo-4fc0,4,62,Normal
2026-02-08 14:30:35.305138,Tokyo-4fc0,8,30,Normal
2026-02-08 14:30:36.305138,Tokyo-4fc0,41,61,Normal
2026-02-08 14:30:37.305138,Tokyo-4fc0,-10,17,Normal
2026-02-08 14:30:38.305138,Tokyo-4fc0,22,27,Normal
2026-02-08 14:30:39.305138,Tokyo-4fc0,-5,15,Normal
2026-02-08 14:30:40.305138,Tokyo-4fc0,-26,84,Normal
2026-02-08 14:30:41.305138,Tokyo-4fc0,5,19,Normal
2026-02-08 14:30:42.305138,Tokyo-4fc0,20,67,Normal
2026-02-08 14:30:43.305138,Tokyo-4fc0,-10,4,Normal
2026-02-08 14:30:44.305138,Tokyo-4fc0,-5,47,Normal
2026-02-08 14:30:45.305138,Tokyo-4fc0,21,1,Normal
2026-02-08 14:30:46.305138,Tokyo-4fc0,42,78,Normal
2026-02-08 14:30:47.305138,Tokyo-4fc0,37,54,Normal
2026-02-08 14:30:48.305138,Tokyo-4fc0,-29,77,Normal
2026-02-08 14:30:49.305138,Tokyo-4fc0,-8,70,Normal
2026-02-08 14:30:50.305138,Tokyo-4fc0,-2,32,Normal
2026-02-08 14:30:51.305138,Tokyo-4fc0,-13,90,Normal
2026-02-08 14:30:52.305138,Tokyo-4fc0,36,37,Normal
2026-02-08 14:30:53.305138,Tokyo-4fc0,-2,19,Normal
2026-02-08 14:30:54.305138,Tokyo-4fc0,7,74,Normal
2026-02-08 14:30:55.305138,Tokyo-4fc0,10,74,Normal
2026-02-08 14:30:56.305138,Tokyo-4fc0,34,64,Normal
2026-02-08 14:30:57.305138,Tokyo-4fc0,-3,15,Normal
2026-02-08 14:30:58.305138,Tokyo-4fc0,9,56,Normal
2026-02-08 14:30:59.305138,Tokyo-4fc0,34,49,Normal
2026-02-08 14:31:00.305138,Tokyo-4fc0,45,44,Normal
2026-02-08 14:31:01.305138,Tokyo-4fc0,-4,1,Normal
2026-02-08 14:31:02.305138,Tokyo-4fc0,18,67,Normal
2026-02-08 14:31:03.305138,Tokyo-4fc0,-8,9,Normal
2026-02-08 14:31:04.305138,Tokyo-4fc0,27,100,Normal
2026-02-08 14:31:05.305138,Tokyo-4fc0,34,70,Normal
2026-02-08 14:31:06.305138,Tokyo-4fc0,-23,59,Normal
2026-02-08 14:31:07.305138,Tokyo-4fc0,-18,31,Normal
2026-02-08 14:31:08.305138,Tokyo-4fc0,31,98,Normal
2026-02-08 14:31:09.305138,Tokyo-4fc0,1,47,Normal
2026-02-08 14:31:10.305138,Tokyo-4fc0,29,84,Normal
2026-02-08 14:31:11.305138,Tokyo-4fc0,46,67,Normal
2026-02-08 14:31:12.305138,Tokyo-4fc0,49,93,Normal
2026-02-08 14:31:13.305138,Tokyo-4fc0,23,64,Normal
2026-02-08 14:31:14.305138,Tokyo-4fc0,-18,10,Normal
2026-02-08 14:31:15.305138,Tokyo-4fc0,11,33,Normal
2026-02-08 14:31:16.305138,Tokyo-4fc0,-12,58,Normal
2026-02-08 14:31:17.305138,Tokyo-4fc0,49,88,Normal
2026-02-08 14:31:18.305138,Tokyo-4fc0,6,28,Normal
2026-02-08 14:31:19.305138,Tokyo-4fc0,-15,46,Normal
2026-02-08 14:31:20.305138,Tokyo-4fc0,-7,93,Normal
2026-02-08 14:31:21.305138,Tokyo-4fc0,33,64,Normal
2026-02-08 14:31:22.305138,Tokyo-4fc0,-27,7,Normal
2026-02-08 14:31:23.305138,Tokyo-4fc0,-11,3,Normal
2026-02-08 14:31:24.305138,Tokyo-4fc0,-6,31,Normal
2026-02-08 14:31:25.305138,Tokyo-4fc0,38,75,Normal
2026-02-08 14:31:26.305138,Tokyo-4fc0,39,20,Normal
2026-02-08 14:31:27.305138,Tokyo-4fc0,5,61,Normal
2026-02-08 14:31:28.305138,Tokyo-4fc0,22,19,Normal
2026-02-08 14:31:29.305138,Tokyo-4fc0,5,25,Normal
2026-02-08 14:31:30.305138,Tokyo-4fc0,23,68,Normal
2026-02-08 14:31:31.305138,Tokyo-4fc0,-1,100,Normal
2026-02-08 14:31:32.305138,Tokyo-4fc0,12,23,Normal
2026-02-08 14:31:33.305138,Tokyo-4fc0,-1,67,Normal
2026-02-08 14:31:34.305138,Tokyo-4fc0,-6,77,Normal
2026-02-08 14:31:35.305138,Tokyo-4fc0,34,85,Normal
2026-02-08 14:31:36.305138,Tokyo-4fc0,-3,56,Normal
2026-02-08 14:31:37.305138,Tokyo-4fc0,-24,22,Normal
2026-02-08 14:31:38.305138,Tokyo-4fc0,23,90,Normal
2026-02-08 14:31:39.305138,Tokyo-4fc0,-13,20,Normal
2026-02-08 14:31:40.305138,Tokyo-4fc0,17,62,Normal
2026-02-08 14:31:41.305138,Tokyo-4fc0,-7,11,Normal
2026-02-08 14:31:42.305138,Tokyo-4fc0,26,58,Normal
2026-02-08 14:31:43.305138,Tokyo-4fc0,-25,72,Normal
2026-02-08 14:31:44.305138,Tokyo-4fc0,32,5,Normal
2026-02-08 14:31:45.305138,Tokyo-4fc0,17,95,Normal
2026-02-08 14:31:46.305138,Tokyo-4fc0,18,42,Normal
2026-02-08 14:31:47.305138,Tokyo-4fc0,-18,3,Normal
2026-02-08 14:31:48.305138,Tokyo-4fc0,26,93,Normal
2026-02-08 14:31:49.305138,Tokyo-4fc0,-8,33,Normal
2026-02-08 14:31:50.305138,Tokyo-4fc0,22,42,Normal
2026-02-08 14:31:51.305138,Tokyo-4fc0,-17,32,Normal
2026-02-08 14:31:52.305138,Tokyo-4fc0,24,99,Normal
2026-02-08 14:31:53.305138,Tokyo-4fc0,20,61,Normal
2026-02-08 14:31:54.305138,Tokyo-4fc0,11,25,Normal
2026-02-08 14:31:55.305138,Tokyo-4fc0,32,23,Normal
2026-02-08 14:31:56.305138,Tokyo-4fc0,-14,63,Normal
2026-02-08 14:31:57.305138,Tokyo-4fc0,20,59,Normal
2026-02-08 14:31:58.305138,Tokyo-4fc0,46,18,Normal
2026-02-08 14:31:59.305138,Tokyo-4fc0,-2,70,Normal
2026-02-08 14:32:00.305138,Tokyo-4fc0,29,76,Normal
2026-02-08 14:32:01.305138,Tokyo-4fc0,35,60,Normal
2026-02-08 14:32:02.305138,Tokyo-4fc0,14,15,Normal
2026-02-08 14:32:03.305138,Tokyo-4fc0,24,72,Normal
2026-02-08 14:32:04.305138,Tokyo-4fc0,15,1,Normal
2026-02-08 14:32:05.305138,Tokyo-4fc0,17,82,Normal
2026-02-08 14:32:06.305138,Tokyo-4fc0,-24,14,Normal
2026-02-08 14:32:07.305138,Tokyo-4fc0,-26,35,Normal
2026-02-08 14:32:08.305138,Tokyo-4fc0,18,66,Normal
2026-02-08 14:32:09.305138,Tokyo-4fc0,4,76,Normal
2026-02-08 14:32:10.305138,Tokyo-4fc0,43,24,Normal
2026-02-08 14:32:11.305138,Tokyo-4fc0,-9,58,Normal
2026-02-08 14:32:12.305138,Tokyo-4fc0,14,85,Normal
2026-02-08 14:32:13.305138,Tokyo-4fc0,-10,53,Normal
2026-02-08 14:32:14.305138,Tokyo-4fc0,18,89,Normal
2026-02-08 14:32:15.305138,Tokyo-4fc0,1,31,Normal
2026-02-08 14:32:16.305138,Tokyo-4fc0,-6,25,Normal
2026-02-08 14:32:17.305138,Tokyo-4fc0,11,67,Normal
2026-02-08 14:32:18.305138,Tokyo-4fc0,-24,8,Normal
2026-02-08 14:32:19.305138,Tokyo-4fc0,-27,17,Normal
2026-02-08 14:32:20.305138,Tokyo-4fc0,47,100,Normal
2026-02-08 14:32:21.305138,Tokyo-4fc0,49,15,Normal
2026-02-08 14:32:22.305138,Tokyo-4fc0,-19,60,Normal
2026-02-08 14:32:23.305138,Tokyo-4fc0,-8,92,Normal
2026-02-08 14:32:24.305138,Tokyo-4fc0,34,16,Normal
2026-02-08 14:32:25.305138,Tokyo-4fc0,-1,20,Normal
2026-02-08 14:32:26.305138,Tokyo-4fc0,22,88,Normal
2026-02-08 14:32:27.305138,Tokyo-4fc0,-27,53,Normal
2026-02-08 14:32:28.305138,Tokyo-4fc0,-7,62,Normal
2026-02-08 14:32:29.305138,Tokyo-4fc0,-11,38,Normal
2026-02-08 14:32:30.305138,Tokyo-4fc0,13,88,Normal
2026-02-08 14:32:31.305138,Tokyo-4fc0,-22,100,Normal
2026-02-08 14:32:32.305138,Tokyo-4fc0,-26,99,Normal
2026-02-08 14:32:33.305138,Tokyo-4fc0,45,7,Normal
2026-02-08 14:32:34.305138,Tokyo-4fc0,-9,31,Normal
2026-02-08 14:32:35.305138,Tokyo-4fc0,12,50,Normal
2026-02-08 14:32:36.305138,Tokyo-4fc0,28,13,Normal
2026-02-08 14:32:37.305138,Tokyo-4fc0,19,46,Normal
2026-02-08 14:32:38.305138,Tokyo-4fc0,-24,39,Normal
2026-02-08 14:32:39.305138,Tokyo-4fc0,-21,81,Normal
2026-02-08 14:32:40.305138,Tokyo-4fc0,1,22,Normal
2026-02-08 14:32:41.305138,Tokyo-4fc0,26,28,Normal
2026-02-08 14:32:42.305138,Tokyo-4fc0,-1,61,Normal
2026-02-08 14:32:43.305138,Tokyo-4fc0,-24,69,Normal
2026-02-08 14:32:44.305138,Tokyo-4fc0,-21,91,Normal
2026-02-08 14:32:45.305138,Tokyo-4fc0,-28,9,Normal
2026-02-08 14:32:46.305138,Tokyo-4fc0,45,92,Normal
2026-02-08 14:32:47.305138,Tokyo-4fc0,43,16,Normal
2026-02-08 14:32:48.305138,Tokyo-4fc0,-11,20,Normal
2026-02-08 14:32:49.305138,Tokyo-4fc0,43,23,Normal
2026-02-08 14:32:50.305138,Tokyo-4fc0,-26,54,Normal
2026-02-08 14:32:51.305138,Tokyo-4fc0,-23,44,Normal
2026-02-08 14:32:52.305138,Tokyo-4fc0,22,92,Normal
2026-02-08 14:32:53.305138,Tokyo-4fc0,-25,68,Normal
2026-02-08 14:32:54.305138,Tokyo-4fc0,-25,57,Normal
2026-02-08 14:32:55.305138,Tokyo-4fc0,20,86,Normal
2026-02-08 14:32:56.305138,Tokyo-4fc0,20,55,Normal
2026-02-08 14:32:57.305138,Tokyo-4fc0,-19,75,Normal
2026-02-08 14:32:58.305138,Tokyo-4fc0,15,52,Normal
2026-02-08 14:32:59.305138,Tokyo-4fc0,-14,85,Normal
2026-02-08 14:33:00.305138,Tokyo-4fc0,-20,3,Normal
2026-02-08 14:33:01.305138,Tokyo-4fc0,15,82,Normal
2026-02-08 14:33:02.305138,Tokyo-4fc0,6,51,Normal
2026-02-08 14:33:03.305138,Tokyo-4fc0,-14,43,Normal
2026-02-08 14:33:04.305138,Tokyo-4fc0,12,31,Normal
2026-02-08 14:33:05.305138,Tokyo-4fc0,-13,20,Normal
2026-02-08 14:33:06.305138,Tokyo-4fc0,30,70,Normal
2026-02-08 14:33:07.305138,Tokyo-4fc0,24,4,Normal
2026-02-08 14:33:08.305138,Tokyo-4fc0,16,18,Normal
2026-02-08 14:33:09.305138,Tokyo-4fc0,-30,12,Normal
2026-02-08 14:33:10.305138,Tokyo-4fc0,-18,10,Normal
2026-02-08 14:33:11.305138,Tokyo-4fc0,3,87,Normal
2026-02-08 14:33:12.305138,Tokyo-4fc0,-14,26,Normal
2026-02-08 14:33:13.305138,Tokyo-4fc0,-10,56,Normal
2026-02-08 14:33:14.305138,Tokyo-4fc0,19,62,Normal
2026-02-08 14:33:15.305138,Tokyo-4fc0,22,88,Normal
2026-02-08 14:33:16.305138,Tokyo-4fc0,6,27,Normal
2026-02-08 14:33:17.305138,Tokyo-4fc0,24,64,Normal
2026-02-08 14:33:18.305138,Tokyo-4fc0,3,78,Normal
2026-02-08 14:33:19.305138,Tokyo-4fc0,-23,11,Normal
2026-02-08 14:33:20.305138,Tokyo-4fc0,24,27,Normal
2026-02-08 14:33:21.305138,Tokyo-4fc0,-21,31,Normal
2026-02-08 14:33:22.305138,Tokyo-4fc0,36,58,Normal
2026-02-08 14:33:23.305138,Tokyo-4fc0,-27,100,Normal
2026-02-08 14:33:24.305138,Tokyo-4fc0,-20,16,Normal
2026-02-08 14:33:25.305138,Tokyo-4fc0,-9,7,Normal
2026-02-08 14:33:26.305138,Tokyo-4fc0,30,56,Normal
2026-02-08 14:33:27.305138,Tokyo-4fc0,-13,54,Normal
2026-02-08 14:33:28.305138,Tokyo-4fc0,46,94,Normal
2026-02-08 14:33:29.305138,Tokyo-4fc0,18,27,Normal
2026-02-08 14:33:30.305138,Tokyo-4fc0,37,31,Normal
2026-02-08 14:33:31.305138,Tokyo-4fc0,45,11,Normal
2026-02-08 14:33:32.305138,Tokyo-4fc0,47,98,Normal
2026-02-08 14:33:33.305138,Tokyo-4fc0,-24,47,Normal
2026-02-08 14:33:34.305138,Tokyo-4fc0,47,29,Normal
2026-02-08 14:33:35.305138,Tokyo-4fc0,34,63,Normal
2026-02-08 14:33:36.305138,Tokyo-4fc0,-26,64,Normal
2026-02-08 14:33:37.305138,Tokyo-4fc0,-23,97,Normal
2026-02-08 14:33:38.305138,Tokyo-4fc0,6,63,Normal
2026-02-08 14:33:39.305138,Tokyo-4fc0,44,65,Normal
2026-02-08 14:33:40.305138,Tokyo-4fc0,43,24,Normal
2026-02-08 14:33:41.305138,Tokyo-4fc0,5,48,Normal
2026-02-08 14:33:42.305138,Tokyo-4fc0,11,69,Normal
2026-02-08 14:33:43.305138,Tokyo-4fc0,13,86,Normal
2026-02-08 14:33:44.305138,Tokyo-4fc0,10,74,Normal
2026-02-08 14:33:45.305138,Tokyo-4fc0,49,31,Normal
2026-02-08 14:33:46.305138,Tokyo-4fc0,24,71,Normal
2026-02-08 14:33:47.305138,Tokyo-4fc0,-27,89,Normal
2026-02-08 14:33:48.305138,Tokyo-4fc0,11,60,Normal
2026-02-08 14:33:49.305138,Tokyo-4fc0,-9,18,Normal
2026-02-08 14:33:50.305138,Tokyo-4fc0,-9,100,Normal
2026-02-08 14:33:51.305138,Tokyo-4fc0,-17,85,Normal
2026-02-08 14:33:52.305138,Tokyo-4fc0,16,89,Normal
2026-02-08 14:33:53.305138,Tokyo-4fc0,19,43,Normal
2026-02-08 14:33:54.305138,Tokyo-4fc0,41,4,Normal
2026-02-08 14:33:55.305138,Tokyo-4fc0,12,43,Normal
2026-02-08 14:33:56.305138,Tokyo-4fc0,16,10,Normal
2026-02-08 14:33:57.305138,Tokyo-4fc0,9,8,Normal
2026-02-08 14:33:58.305138,Tokyo-4fc0,25,70,Normal
2026-02-08 14:33:59.305138,Tokyo-4fc0,-1,93,Normal
2026-02-08 14:34:00.305138,Tokyo-4fc0,20,33,Normal
2026-02-08 14:34:01.305138,Tokyo-4fc0,-9,9,Normal
2026-02-08 14:34:02.305138,Tokyo-4fc0,27,21,Normal
2026-02-08 14:34:03.305138,Tokyo-4fc0,49,9,Normal
2026-02-08 14:34:04.305138,Tokyo-4fc0,38,28,Normal
2026-02-08 14:34:05.305138,Tokyo-4fc0,-25,52,Normal
2026-02-08 14:34:06.305138,Tokyo-4fc0,33,80,Normal
2026-02-08 14:34:07.305138,Tokyo-4fc0,-2,70,Normal
2026-02-08 14:34:08.305138,Tokyo-4fc0,9,52,Normal
2026-02-08 14:34:09.305138,Tokyo-4fc0,30,56,Normal
2026-02-08 14:34:10.305138,Tokyo-4fc0,43,32,Normal
2026-02-08 14:34:11.305138,Tokyo-4fc0,27,68,Normal
2026-02-08 14:34:12.305138,Tokyo-4fc0,16,40,Normal
2026-02-08 14:34:13.305138,Tokyo-4fc0,-27,82,Normal
2026-02-08 14:34:14.305138,Tokyo-4fc0,29,14,Normal
2026-02-08 14:34:15.305138,Tokyo-4fc0,45,22,Normal
2026-02-08 14:34:16.305138,Tokyo-4fc0,28,51,Normal
2026-02-08 14:34:17.305138,Tokyo-4fc0,-8,86,Normal
2026-02-08 14:34:18.305138,Tokyo-4fc0,-20,8,Normal
2026-02-08 14:34:19.305138,Tokyo-4fc0,18,18,Normal
2026-02-08 14:34:20.305138,Tokyo-4fc0,-28,2,Normal
2026-02-08 14:34:21.305138,Tokyo-4fc0,25,79,Normal
2026-02-08 14:34:22.305138,Tokyo-4fc0,38,10,Normal
2026-02-08 14:34:23.305138,Tokyo-4fc0,32,4,Normal
2026-02-08 14:34:24.305138,Tokyo-4fc0,29,25,Normal
2026-02-08 14:34:25.305138,Tokyo-4fc0,-28,62,Normal
2026-02-08 14:34:26.305138,Tokyo-4fc0,49,41,Normal
2026-02-08 14:34:27.305138,Tokyo-4fc0,21,80,Normal
2026-02-08 14:34:28.305138,Tokyo-4fc0,-2,62,Normal
2026-02-08 14:34:29.305138,Tokyo-4fc0,-15,10,Normal
2026-02-08 14:34:30.305138,Tokyo-4fc0,35,16,Normal
2026-02-08 14:34:31.305138,Tokyo-4fc0,-19,69,Normal
2026-02-08 14:34:32.305138,Tokyo-4fc0,10,24,Normal
2026-02-08 14:34:33.305138,Tokyo-4fc0,37,78,Normal
2026-02-08 14:34:34.305138,Tokyo-4fc0,-8,6,Normal
2026-02-08 14:34:35.305138,Tokyo-4fc0,4,35,Normal
2026-02-08 14:34:36.305138,Tokyo-4fc0,-20,35,Normal
2026-02-08 14:34:37.305138,Tokyo-4fc0,25,3,Normal
2026-02-08 14:34:38.305138,Tokyo-4fc0,-18,58,Normal
2026-02-08 14:34:39.305138,Tokyo-4fc0,30,41,Normal
2026-02-08 14:34:40.305138,Tokyo-4fc0,14,38,Normal
2026-02-08 14:34:41.305138,Tokyo-4fc0,12,5,Normal
2026-02-08 14:34:42.305138,Tokyo-4fc0,-2,67,Normal
2026-02-08 14:34:43.305138,Tokyo-4fc0,6,25,Normal
2026-02-08 14:34:44.305138,Tokyo-4fc0,22,17,Normal
2026-02-08 14:34:45.305138,Tokyo-4fc0,33,31,Normal
2026-02-08 14:34:46.305138,Tokyo-4fc0,42,43,Normal
2026-02-08 14:34:47.305138,Tokyo-4fc0,18,51,Normal
2026-02-08 14:34:48.305138,Tokyo-4fc0,20,42,Normal
2026-02-08 14:34:49.305138,Tokyo-4fc0,10,83,Normal
2026-02-08 14:34:50.305138,Tokyo-4fc0,-7,48,Normal
2026-02-08 14:34:51.305138,Tokyo-4fc0,-11,37,Normal
2026-02-08 14:34:52.305138,Tokyo-4fc0,-10,72,Normal
2026-02-08 14:34:53.305138,Tokyo-4fc0,-21,33,Normal
2026-02-08 14:34:54.305138,Tokyo-4fc0,-13,61,Normal
2026-02-08 14:34:55.305138,Tokyo-4fc0,-25,65,Normal
2026-02-08 14:34:56.305138,Tokyo-4fc0,6,94,Normal
2026-02-08 14:34:57.305138,Tokyo-4fc0,-30,84,Normal
2026-02-08 14:34:58.305138,Tokyo-4fc0,6,2,Normal
2026-02-08 14:34:59.305138,Tokyo-4fc0,32,35,Normal
2026-02-08 14:35:00.305138,Tokyo-4fc0,-12,53,Normal
2026-02-08 14:35:01.305138,Tokyo-4fc0,28,44,Normal
2026-02-08 14:35:02.305138,Tokyo-4fc0,46,53,Normal
2026-02-08 14:35:03.305138,Tokyo-4fc0,19,69,Normal
2026-02-08 14:35:04.305138,Tokyo-4fc0,8,36,Normal
2026-02-08 14:35:05.305138,Tokyo-4fc0,20,25,Normal
2026-02-08 14:35:06.305138,Tokyo-4fc0,33,49,Normal
2026-02-08 14:35:07.305138,Tokyo-4fc0,47,55,Normal
2026-02-08 14:35:08.305138,Tokyo-4fc0,-2,75,Normal
2026-02-08 14:35:09.305138,Tokyo-4fc0,18,53,Normal
2026-02-08 14:35:10.305138,Tokyo-4fc0,20,97,Normal
2026-02-08 14:35:11.305138,Tokyo-4fc0,1,16,Normal
2026-02-08 14:35:12.305138,Tokyo-4fc0,-7,34,Normal
2026-02-08 14:35:13.305138,Tokyo-4fc0,1,92,Normal
2026-02-08 14:35:14.305138,Tokyo-4fc0,41,45,Normal
2026-02-08 14:35:15.305138,Tokyo-4fc0,-29,83,Normal
2026-02-08 14:35:16.305138,Tokyo-4fc0,-10,18,Normal
2026-02-08 14:35:17.305138,Tokyo-4fc0,6,92,Normal
2026-02-08 14:35:18.305138,Tokyo-4fc0,6,23,Normal
2026-02-08 14:35:19.305138,Tokyo-4fc0,-16,40,Normal
2026-02-08 14:35:20.305138,Tokyo-4fc0,8,53,Normal
2026-02-08 14:35:21.305138,Tokyo-4fc0,30,71,Normal
2026-02-08 14:35:22.305138,Tokyo-4fc0,0,31,Normal
2026-02-08 14:35:23.305138,Tokyo-4fc0,37,55,Normal
2026-02-08 14:35:24.305138,Tokyo-4fc0,27,21,Normal
2026-02-08 14:35:25.305138,Tokyo-4fc0,29,85,Normal
2026-02-08 14:35:26.305138,Tokyo-4fc0,-6,19,Normal
2026-02-08 14:35:27.305138,Tokyo-4fc0,-6,47,Normal
2026-02-08 14:35:28.305138,Tokyo-4fc0,26,25,Normal
2026-02-08 14:35:29.305138,Tokyo-4fc0,40,26,Normal
2026-02-08 14:35:30.305138,Tokyo-4fc0,30,90,Normal
2026-02-08 14:35:31.305138,Tokyo-4fc0,12,44,Normal
2026-02-08 14:35:32.305138,Tokyo-4fc0,-11,32,Normal
2026-02-08 14:35:33.305138,Tokyo-4fc0,-27,37,Normal
2026-02-08 14:35:34.305138,Tokyo-4fc0,12,50,Normal
2026-02-08 14:35:35.305138,Tokyo-4fc0,-14,96,Normal
2026-02-08 14:35:36.305138,Tokyo-4fc0,10,16,Normal
2026-02-08 14:35:37.305138,Tokyo-4fc0,-2,41,Normal
2026-02-08 14:35:38.305138,Tokyo-4fc0,22,38,Normal
2026-02-08 14:35:39.305138,Tokyo-4fc0,14,11,Normal
2026-02-08 14:35:40.305138,Tokyo-4fc0,49,30,Normal
2026-02-08 14:35:41.305138,Tokyo-4fc0,6,42,Normal
2026-02-08 14:35:42.305138,Tokyo-4fc0,42,86,Normal
2026-02-08 14:35:43.305138,Tokyo-4fc0,44,71,Normal
2026-02-08 14:35:44.305138,Tokyo-4fc0,7,80,Normal
2026-02-08 14:35:45.305138,Tokyo-4fc0,12,96,Normal
2026-02-08 14:35:46.305138,Tokyo-4fc0,0,52,Normal
2026-02-08 14:35:47.305138,Tokyo-4fc0,-11,77,Normal
2026-02-08 14:35:48.305138,Tokyo-4fc0,25,69,Normal
2026-02-08 14:35:49.305138,Tokyo-4fc0,15,42,Normal
2026-02-08 14:35:50.305138,Tokyo-4fc0,-30,94,Normal
2026-02-08 14:35:51.305138,Tokyo-4fc0,2,92,Normal
2026-02-08 14:35:52.305138,Tokyo-4fc0,48,72,Normal
2026-02-08 14:35:53.305138,Tokyo-4fc0,-28,69,Normal
2026-02-08 14:35:54.305138,Tokyo-4fc0,2,24,Normal
2026-02-08 14:35:55.305138,Tokyo-4fc0,-10,100,Normal
2026-02-08 14:35:56.305138,Tokyo-4fc0,-25,4,Normal
2026-02-08 14:35:57.305138,Tokyo-4fc0,-20,85,Normal
2026-02-08 14:35:58.305138,Tokyo-4fc0,-10,48,Normal
2026-02-08 14:35:59.305138,Tokyo-4fc0,-6,98,Normal
2026-02-08 14:36:00.305138,Tokyo-4fc0,36,85,Normal
2026-02-08 14:36:01.305138,Tokyo-4fc0,31,20,Normal
2026-02-08 14:36:02.305138,Tokyo-4fc0,49,43,Normal
2026-02-08 14:36:03.305138,Tokyo-4fc0,-30,88,Normal
2026-02-08 14:36:04.305138,Tokyo-4fc0,32,31,Normal
2026-02-08 14:36:05.305138,Tokyo-4fc0,6,46,Normal
2026-02-08 14:36:06.305138,Tokyo-4fc0,16,15,Normal
2026-02-08 14:36:07.305138,Tokyo-4fc0,-21,16,Normal
2026-02-08 14:36:08.305138,Tokyo-4fc0,-15,38,Normal
2026-02-08 14:36:09.305138,Tokyo-4fc0,43,78,Normal
2026-02-08 14:36:10.305138,Tokyo-4fc0,-14,43,Normal
2026-02-08 14:36:11.305138,Tokyo-4fc0,41,2,Normal
2026-02-08 14:36:12.305138,Tokyo-4fc0,-5,77,Normal
2026-02-08 14:36:13.305138,Tokyo-4fc0,1,76,Normal
2026-02-08 14:36:14.305138,Tokyo-4fc0,-23,40,Normal
2026-02-08 14:36:15.305138,Tokyo-4fc0,-22,30,Normal
2026-02-08 14:36:16.305138,Tokyo-4fc0,18,59,Normal
2026-02-08 14:36:17.305138,Tokyo-4fc0,27,71,Normal
2026-02-08 14:36:18.305138,Tokyo-4fc0,17,54,Normal
2026-02-08 14:36:19.305138,Tokyo-4fc0,7,81,Normal
2026-02-08 14:36:20.305138,Tokyo-4fc0,21,99,Normal
2026-02-08 14:36:21.305138,Tokyo-4fc0,33,3,Normal
2026-02-08 14:36:22.305138,Tokyo-4fc0,46,50,Normal
2026-02-08 14:36:23.305138,Tokyo-4fc0,47,74,Normal
2026-02-08 14:36:24.305138,Tokyo-4fc0,-20,61,Normal
2026-02-08 14:36:25.305138,Tokyo-4fc0,-13,49,Normal
2026-02-08 14:36:26.305138,Tokyo-4fc0,-21,24,Normal
2026-02-08 14:36:27.305138,Tokyo-4fc0,0,15,Normal
2026-02-08 14:36:28.305138,Tokyo-4fc0,-1,87,Normal
2026-02-08 14:36:29.305138,Tokyo-4fc0,45,91,Normal
2026-02-08 14:36:30.305138,Tokyo-4fc0,-12,82,Normal
2026-02-08 14:36:31.305138,Tokyo-4fc0,-12,19,Normal
2026-02-08 14:36:32.305138,Tokyo-4fc0,-20,60,Normal
2026-02-08 14:36:33.305138,Tokyo-4fc0,4,18,Normal
2026-02-08 14:36:34.305138,Tokyo-4fc0,3,68,Normal
2026-02-08 14:36:35.305138,Tokyo-4fc0,0,69,Normal
2026-02-08 14:36:36.305138,Tokyo-4fc0,-3,19,Normal
2026-02-08 14:36:37.305138,Tokyo-4fc0,1,25,Normal
2026-02-08 14:36:38.305138,Tokyo-4fc0,43,78,Normal
2026-02-08 14:36:39.305138,Tokyo-4fc0,31,50,Normal
2026-02-08 14:36:40.305138,Tokyo-4fc0,-17,95,Normal
2026-02-08 14:36:41.305138,Tokyo-4fc0,-8,12,Normal
2026-02-08 14:36:42.305138,Tokyo-4fc0,44,16,Normal
2026-02-08 14:36:43.305138,Tokyo-4fc0,30,49,Normal
2026-02-08 14:36:44.305138,Tokyo-4fc0,2,83,Normal
2026-02-08 14:36:45.305138,Tokyo-4fc0,-10,95,Normal
2026-02-08 14:36:46.305138,Tokyo-4fc0,-6,74,Normal
2026-02-08 14:36:47.305138,Tokyo-4fc0,29,75,Normal
2026-02-08 14:36:48.305138,Tokyo-4fc0,-29,12,Normal
2026-02-08 14:36:49.305138,Tokyo-4fc0,6,49,Normal
2026-02-08 14:36:50.305138,Tokyo-4fc0,7,22,Normal
2026-02-08 14:36:51.305138,Tokyo-4fc0,12,60,Normal
2026-02-08 14:36:52.305138,Tokyo-4fc0,-20,38,Normal
2026-02-08 14:36:53.305138,Tokyo-4fc0,12,49,Normal
2026-02-08 14:36:54.305138,Tokyo-4fc0,31,30,Normal
2026-02-08 14:36:55.305138,Tokyo-4fc0,48,88,Normal
2026-02-08 14:36:56.305138,Tokyo-4fc0,32,51,Normal
2026-02-08 14:36:57.305138,Tokyo-4fc0,-29,69,Normal
2026-02-08 14:36:58.305138,Tokyo-4fc0,13,1,Normal
2026-02-08 14:36:59.305138,Tokyo-4fc0,-16,25,Normal
2026-02-08 14:37:00.305138,Tokyo-4fc0,2,65,Normal
2026-02-08 14:37:01.305138,Tokyo-4fc0,-26,38,Normal
2026-02-08 14:37:02.305138,Tokyo-4fc0,14,98,Normal
2026-02-08 14:37:03.305138,Tokyo-4fc0,13,38,Normal
2026-02-08 14:37:04.305138,Tokyo-4fc0,-20,34,Normal
2026-02-08 14:37:05.305138,Tokyo-4fc0,-19,32,Normal
2026-02-08 14:37:06.305138,Tokyo-4fc0,17,95,Normal
2026-02-08 14:37:07.305138,Tokyo-4fc0,-12,84,Normal
2026-02-08 14:37:08.305138,Tokyo-4fc0,5,15,Normal
2026-02-08 14:37:09.305138,Tokyo-4fc0,26,19,Normal
2026-02-08 14:37:10.305138,Tokyo-4fc0,-28,86,Normal
2026-02-08 14:37:11.305138,Tokyo-4fc0,21,91,Normal
2026-02-08 14:37:12.305138,Tokyo-4fc0,-11,89,Normal
2026-02-08 14:37:13.305138,Tokyo-4fc0,17,15,Normal
2026-02-08 14:37:14.305138,Tokyo-4fc0,48,96,Normal
2026-02-08 14:37:15.305138,Tokyo-4fc0,33,99,Normal
2026-02-08 14:37:16.305138,Tokyo-4fc0,47,100,Normal
2026-02-08 14:37:17.305138,Tokyo-4fc0,29,66,Normal
2026-02-08 14:37:18.305138,Tokyo-4fc0,-27,48,Normal
2026-02-08 14:37:19.305138,Tokyo-4fc0,45,73,Normal
2026-02-08 14:37:20.305138,Tokyo-4fc0,40,48,Normal
2026-02-08 14:37:21.305138,Tokyo-4fc0,39,22,Normal
2026-02-08 14:37:22.305138,Tokyo-4fc0,17,33,Normal
2026-02-08 14:37:23.305138,Tokyo-4fc0,44,64,Normal
2026-02-08 14:37:24.305138,Tokyo-4fc0,9,66,Normal
2026-02-08 14:37:25.305138,Tokyo-4fc0,48,6,Normal
2026-02-08 14:37:26.305138,Tokyo-4fc0,19,56,Normal
2026-02-08 14:37:27.305138,Tokyo-4fc0,31,80,Normal
2026-02-08 14:37:28.305138,Tokyo-4fc0,25,26,Normal
2026-02-08 14:37:29.305138,Tokyo-4fc0,14,15,Normal
2026-02-08 14:37:30.305138,Tokyo-4fc0,15,93,Normal
2026-02-08 14:37:31.305138,Tokyo-4fc0,15,63,Normal
2026-02-08 14:37:32.305138,Tokyo-4fc0,28,73,Normal
2026-02-08 14:37:33.305138,Tokyo-4fc0,18,25,Normal
2026-02-08 14:37:34.305138,Tokyo-4fc0,42,31,Normal
2026-02-08 14:37:35.305138,Tokyo-4fc0,23,34,Normal
2026-02-08 14:37:36.305138,Tokyo-4fc0,33,73,Normal
2026-02-08 14:37:37.305138,Tokyo-4fc0,9,2,Normal
2026-02-08 14:37:38.305138,Tokyo-4fc0,17,44,Normal
2026-02-08 14:37:39.305138,Tokyo-4fc0,-30,47,Normal
2026-02-08 14:37:40.305138,Tokyo-4fc0,14,78,Normal
2026-02-08 14:37:41.305138,Tokyo-4fc0,-21,9,Normal
2026-02-08 14:37:42.305138,Tokyo-4fc0,29,88,Normal
2026-02-08 14:37:43.305138,Tokyo-4fc0,25,40,Normal
2026-02-08 14:37:44.305138,Tokyo-4fc0,-1,45,Normal
2026-02-08 14:37:45.305138,Tokyo-4fc0,-8,51,Normal
2026-02-08 14:37:46.305138,Tokyo-4fc0,47,3,Normal
2026-02-08 14:37:47.305138,Tokyo-4fc0,38,93,Normal
2026-02-08 14:37:48.305138,Tokyo-4fc0,48,46,Normal
2026-02-08 14:37:49.305138,Tokyo-4fc0,14,57,Normal
2026-02-08 14:37:50.305138,Tokyo-4fc0,-26,68,Normal
2026-02-08 14:37:51.305138,Tokyo-4fc0,38,47,Normal
2026-02-08 14:37:52.305138,Tokyo-4fc0,34,65,Normal
2026-02-08 14:37:53.305138,Tokyo-4fc0,44,58,Normal
2026-02-08 14:37:54.305138,Tokyo-4fc0,-11,17,Normal
2026-02-08 14:37:55.305138,Tokyo-4fc0,-2,30,Normal
2026-02-08 14:37:56.305138,Tokyo-4fc0,29,86,Normal
2026-02-08 14:37:57.305138,Tokyo-4fc0,-19,71,Normal
2026-02-08 14:37:58.305138,Tokyo-4fc0,-16,48,Normal
2026-02-08 14:37:59.305138,Tokyo-4fc0,14,34,Normal
2026-02-08 14:38:00.305138,Tokyo-4fc0,12,24,Normal
2026-02-08 14:38:01.305138,Tokyo-4fc0,-8,85,Normal
2026-02-08 14:38:02.305138,Tokyo-4fc0,-11,24,Normal
2026-02-08 14:38:03.305138,Tokyo-4fc0,19,63,Normal
2026-02-08 14:38:04.305138,Tokyo-4fc0,15,1,Normal
2026-02-08 14:38:05.305138,Tokyo-4fc0,-24,82,Normal
2026-02-08 14:38:06.305138,Tokyo-4fc0,-8,10,Normal
2026-02-08 14:38:07.305138,Tokyo-4fc0,-1,74,Normal
2026-02-08 14:38:08.305138,Tokyo-4fc0,32,67,Normal
2026-02-08 14:38:09.305138,Tokyo-4fc0,32,72,Normal
2026-02-08 14:38:10.305138,Tokyo-4fc0,45,35,Normal
2026-02-08 14:38:11.305138,Tokyo-4fc0,19,92,Normal
2026-02-08 14:38:12.305138,Tokyo-4fc0,-1,5,Normal
2026-02-08 14:38:13.305138,Tokyo-4fc0,50,55,Normal
2026-02-08 14:38:14.305138,Tokyo-4fc0,34,89,Normal
2026-02-08 14:38:15.305138,Tokyo-4fc0,-12,100,Normal
2026-02-08 14:38:16.305138,Tokyo-4fc0,50,74,Normal
2026-02-08 14:38:17.305138,Tokyo-4fc0,16,50,Normal
2026-02-08 14:38:18.305138,Tokyo-4fc0,37,71,Normal
2026-02-08 14:38:19.305138,Tokyo-4fc0,26,9,Normal
2026-02-08 14:38:20.305138,Tokyo-4fc0,-21,36,Normal
2026-02-08 14:38:21.305138,Tokyo-4fc0,19,3,Normal
2026-02-08 14:38:22.305138,Tokyo-4fc0,50,17,Normal
2026-02-08 14:38:23.305138,Tokyo-4fc0,-21,11,Normal
2026-02-08 14:38:24.305138,Tokyo-4fc0,20,35,Normal
2026-02-08 14:38:25.305138,Tokyo-4fc0,41,62,Normal
2026-02-08 14:38:26.305138,Tokyo-4fc0,45,15,Normal
2026-02-08 14:38:27.305138,Tokyo-4fc0,44,96,Normal
2026-02-08 14:38:28.305138,Tokyo-4fc0,-29,3,Normal
2026-02-08 14:38:29.305138,Tokyo-4fc0,28,50,Normal
2026-02-08 14:38:30.305138,Tokyo-4fc0,11,53,Normal
2026-02-08 14:38:31.305138,Tokyo-4fc0,48,43,Normal
2026-02-08 14:38:32.305138,Tokyo-4fc0,-18,97,Normal
2026-02-08 14:38:33.305138,Tokyo-4fc0,-23,40,Normal
2026-02-08 14:38:34.305138,Tokyo-4fc0,-10,30,Normal
2026-02-08 14:38:35.305138,Tokyo-4fc0,-26,81,Normal
2026-02-08 14:38:36.305138,Tokyo-4fc0,31,70,Normal
2026-02-08 14:38:37.305138,Tokyo-4fc0,34,100,Normal
2026-02-08 14:38:38.305138,Tokyo-4fc0,-11,34,Normal
2026-02-08 14:38:39.305138,Tokyo-4fc0,-14,78,Normal
2026-02-08 14:38:40.305138,Tokyo-4fc0,13,46,Normal
2026-02-08 14:38:41.305138,Tokyo-4fc0,45,81,Normal
2026-02-08 14:38:42.305138,Tokyo-4fc0,-29,76,Normal
2026-02-08 14:38:43.305138,Tokyo-4fc0,-1,74,Normal
2026-02-08 14:38:44.305138,Tokyo-4fc0,37,16,Normal
2026-02-08 14:38:45.305138,Tokyo-4fc0,24,45,Normal
2026-02-08 14:38:46.305138,Tokyo-4fc0,43,94,Normal
2026-02-08 14:38:47.305138,Tokyo-4fc0,0,3,Normal
2026-02-08 14:38:48.305138,Tokyo-4fc0,-29,1,Normal
2026-02-08 14:38:49.305138,Tokyo-4fc0,46,33,Normal
2026-02-08 14:38:50.305138,Tokyo-4fc0,41,8,Normal
2026-02-08 14:38:51.305138,Tokyo-4fc0,-3,13,Normal
2026-02-08 14:38:52.305138,Tokyo-4fc0,5,92,Normal
2026-02-08 14:38:53.305138,Tokyo-4fc0,-10,6,Normal
2026-02-08 14:38:54.305138,Tokyo-4fc0,31,27,Normal
