timestamp,station_id,temp,humid,condition
2026-02-08 06:51:27.588851,Toronto-473d,12,23,Normal
2026-02-08 06:51:28.588851,Toronto-473d,11,70,Normal
2026-02-08 06:51:29.588851,Toronto-473d,47,68,Normal
2026-02-08 06:51:30.588851,Toronto-473d,-21,28,Normal
2026-02-08 06:51:31.588851,Toronto-473d,21,16,Normal
2026-02-08 06:51:32.588851,Toronto-473d,8,24,Normal
2026-02-08 06:51:33.588851,Toronto-473d,32,89,Normal
2026-02-08 06:51:34.588851,Toronto-473d,-13,10,Normal
2026-02-08 06:51:35.588851,Toronto-473d,-11,8,Normal
2026-02-08 06:51:36.588851,Toronto-473d,-18,43,Normal
2026-02-08 06:51:37.588851,Toronto-473d,-11,67,Normal
2026-02-08 06:51:38.588851,Toronto-473d,38,28,Normal
2026-02-08 06:51:39.588851,Toronto-473d,5,68,Normal
2026-02-08 06:51:40.588851,Toronto-473d,33,72,Normal
2026-02-08 06:51:41.588851,Toronto-473d,-16,13,Normal
2026-02-08 06:51:42.588851,Toronto-473d,36,74,Normal
2026-02-08 06:51:43.588851,Toronto-473d,18,67,Normal
2026-02-08 06:51:44.588851,Toronto-473d,-6,35,Normal
2026-02-08 06:51:45.588851,Toronto-473d,-25,39,Normal
2026-02-08 06:51:46.588851,Toronto-473d,12,62,Normal
2026-02-08 06:51:47.588851,Toronto-473d,-12,91,Normal
2026-02-08 06:51:48.588851,Toronto-473d,2,38,Normal
2026-02-08 06:51:49.588851,Toronto-473d,-10,65,Normal
2026-02-08 06:51:50.588851,Toronto-473d,-29,72,Normal
2026-02-08 06:51:51.588851,Toronto-473d,2,61,Normal
2026-02-08 06:51:52.588851,Toronto-473d,-8,55,Normal
2026-02-08 06:51:53.588851,Toronto-473d,-25,70,Normal
2026-02-08 06:51:54.588851,Toronto-473d,13,84,Normal
2026-02-08 06:51:55.588851,Toronto-473d,-29,77,Normal
2026-02-08 06:51:56.588851,Toronto-473d,39,6,Normal
2026-02-08 06:51:57.588851,Toronto-473d,35,100,Normal
2026-02-08 06:51:58.588851,Toronto-473d,42,79,Normal
2026-02-08 06:51:59.588851,Toronto-473d,9,15,Normal
2026-02-08 06:52:00.588851,Toronto-473d,-22,81,Normal
2026-02-08 06:52:01.588851,Toronto-473d,-3,78,Normal
2026-02-08 06:52:02.588851,Toronto-473d,1,66,Normal
2026-02-08 06:52:03.588851,Toronto-473d,10,66,Normal
2026-02-08 06:52:04.588851,Toronto-473d,46,17,Normal
2026-02-08 06:52:05.588851,Toronto-473d,-6,29,Normal
2026-02-08 06:52:06.588851,Toronto-473d,0,74,Normal
2026-02-08 06:52:07.588851,Toronto-473d,42,33,Normal
2026-02-08 06:52:08.588851,Toronto-473d,41,24,Normal
2026-02-08 06:52:09.588851,Toronto-473d,-11,77,Normal
2026-02-08 06:52:10.588851,Toronto-473d,15,1,Normal
2026-02-08 06:52:11.588851,Toronto-473d,50,40,Normal
2026-02-08 06:52:12.588851,Toronto-473d,-23,94,Normal
2026-02-08 06:52:13.588851,Toronto-473d,27,40,Normal
2026-02-08 06:52:14.588851,Toronto-473d,-5,73,Normal
2026-02-08 06:52:15.588851,Toronto-473d,16,62,Normal
2026-02-08 06:52:16.588851,Toronto-473d,-5,22,Normal
2026-02-08 06:52:17.588851,Toronto-473d,41,32,Normal
2026-02-08 06:52:18.588851,Toronto-473d,31,66,Normal
2026-02-08 06:52:19.588851,Toronto-473d,17,7,Normal
2026-02-08 06:52:20.588851,Toronto-473d,41,39,Normal
2026-02-08 06:52:21.588851,Toronto-473d,40,65,Normal
2026-02-08 06:52:22.588851,Toronto-473d,44,78,Normal
2026-02-08 06:52:23.588851,Toronto-473d,19,64,Normal
2026-02-08 06:52:24.588851,Toronto-473d,-9,52,Normal
2026-02-08 06:52:25.588851,Toronto-473d,38,12,Normal
2026-02-08 06:52:26.588851,Toronto-473d,47,47,Normal
2026-02-08 06:52:27.588851,Toronto-473d,-12,25,Normal
2026-02-08 06:52:28.588851,Toronto-473d,-20,15,Normal
2026-02-08 06:52:29.588851,Toronto-473d,-8,36,Normal
2026-02-08 06:52:30.588851,Toronto-473d,8,32,Normal
2026-02-08 06:52:31.588851,Toronto-473d,-25,91,Normal
2026-02-08 06:52:32.588851,Toronto-473d,0,1,Normal
2026-02-08 06:52:33.588851,Toronto-473d,26,26,Normal
2026-02-08 06:52:34.588851,Toronto-473d,3,35,Normal
2026-02-08 06:52:35.588851,Toronto-473d,-16,34,Normal
2026-02-08 06:52:36.588851,Toronto-473d,-8,47,Normal
2026-02-08 06:52:37.588851,Toronto-473d,11,58,Normal
2026-02-08 06:52:38.588851,Toronto-473d,-8,24,Normal
2026-02-08 06:52:39.588851,Toronto-473d,45,84,Normal
2026-02-08 06:52:40.588851,Toronto-473d,20,90,Normal
2026-02-08 06:52:41.588851,Toronto-473d,34,41,Normal
2026-02-08 06:52:42.588851,Toronto-473d,50,38,Normal
2026-02-08 06:52:43.588851,Toronto-473d,49,59,Normal
2026-02-08 06:52:44.588851,Toronto-473d,45,8,Normal
2026-02-08 06:52:45.588851,Toronto-473d,-5,71,Normal
2026-02-08 06:52:46.588851,Toronto-473d,50,9,Normal
2026-02-08 06:52:47.588851,Toronto-473d,-6,16,Normal
2026-02-08 06:52:48.588851,Toronto-473d,-1,39,Normal
2026-02-08 06:52:49.588851,Toronto-473d,31,86,Normal
2026-02-08 06:52:50.588851,Toronto-473d,50,52,Normal
2026-02-08 06:52:51.588851,Toronto-473d,23,12,Normal
2026-02-08 06:52:52.588851,Toronto-473d,31,27,Normal
2026-02-08 06:52:53.588851,Toronto-473d,34,72,Normal
2026-02-08 06:52:54.588851,Toronto-473d,35,90,Normal
2026-02-08 06:52:55.588851,Toronto-473d,8,64,Normal
2026-02-08 06:52:56.588851,Toronto-473d,-10,76,Normal
2026-02-08 06:52:57.588851,Toronto-473d,20,25,Normal
2026-02-08 06:52:58.588851,Toronto-473d,-24,54,Normal
2026-02-08 06:52:59.588851,Toronto-473d,47,58,Normal
2026-02-08 06:53:00.588851,Toronto-473d,-25,41,Normal
2026-02-08 06:53:01.588851,Toronto-473d,38,48,Normal
2026-02-08 06:53:02.588851,Toronto-473d,24,14,Normal
2026-02-08 06:53:03.588851,Toronto-473d,-5,50,Normal
2026-02-08 06:53:04.588851,Toronto-473d,-9,59,Normal
2026-02-08 06:53:05.588851,Toronto-473d,10,26,Normal
2026-02-08 06:53:06.588851,Toronto-473d,-25,53,Normal
2026-02-08 06:53:07.588851,Toronto-473d,19,61,Normal
2026-02-08 06:53:08.588851,Toronto-473d,38,87,Normal
2026-02-08 06:53:09.588851,Toronto-473d,0,71,Normal
2026-02-08 06:53:10.588851,Toronto-473d,23,68,Normal
2026-02-08 06:53:11.588851,Toronto-473d,48,79,Normal
2026-02-08 06:53:12.588851,Toronto-473d,3,42,Normal
2026-02-08 06:53:13.588851,Toronto-473d,-30,10,Normal
2026-02-08 06:53:14.588851,Toronto-473d,-12,57,Normal
2026-02-08 06:53:15.588851,Toronto-473d,8,49,Normal
2026-02-08 06:53:16.588851,Toronto-473d,-12,98,Normal
2026-02-08 06:53:17.588851,Toronto-473d,8,31,Normal
2026-02-08 06:53:18.588851,Toronto-473d,0,9,Normal
2026-02-08 06:53:19.588851,Toronto-473d,-12,89,Normal
2026-02-08 06:53:20.588851,Toronto-473d,21,22,Normal
2026-02-08 06:53:21.588851,Toronto-473d,14,33,Normal
2026-02-08 06:53:22.588851,Toronto-473d,31,0,Normal
2026-02-08 06:53:23.588851,Toronto-473d,-5,81,Normal
2026-02-08 06:53:24.588851,Toronto-473d,49,29,Normal
2026-02-08 06:53:25.588851,Toronto-473d,14,72,Normal
2026-02-08 06:53:26.588851,Toronto-473d,-14,95,Normal
2026-02-08 06:53:27.588851,Toronto-473d,21,27,Normal
2026-02-08 06:53:28.588851,Toronto-473d,2,37,Normal
2026-02-08 06:53:29.588851,Toronto-473d,-10,7,Normal
2026-02-08 06:53:30.588851,Toronto-473d,8,12,Normal
2026-02-08 06:53:31.588851,Toronto-473d,-2,70,Normal
2026-02-08 06:53:32.588851,Toronto-473d,-28,14,Normal
2026-02-08 06:53:33.588851,Toronto-473d,-12,71,Normal
2026-02-08 06:53:34.588851,Toronto-473d,0,24,Normal
2026-02-08 06:53:35.588851,Toronto-473d,50,93,Normal
2026-02-08 06:53:36.588851,Toronto-473d,-14,21,Normal
2026-02-08 06:53:37.588851,Toronto-473d,3,47,Normal
2026-02-08 06:53:38.588851,Toronto-473d,30,46,Normal
2026-02-08 06:53:39.588851,Toronto-473d,20,56,Normal
2026-02-08 06:53:40.588851,Toronto-473d,-15,44,Normal
2026-02-08 06:53:41.588851,Toronto-473d,35,69,Normal
2026-02-08 06:53:42.588851,Toronto-473d,-12,59,Normal
2026-02-08 06:53:43.588851,Toronto-473d,12,58,Normal
2026-02-08 06:53:44.588851,Toronto-473d,3,96,Normal
2026-02-08 06:53:45.588851,Toronto-473d,9,73,Normal
2026-02-08 06:53:46.588851,Toronto-473d,40,73,Normal
2026-02-08 06:53:47.588851,Toronto-473d,39,17,Normal
2026-02-08 06:53:48.588851,Toronto-473d,15,6,Normal
2026-02-08 06:53:49.588851,Toronto-473d,-30,92,Normal
2026-02-08 06:53:50.588851,Toronto-473d,-22,38,Normal
2026-02-08 06:53:51.588851,Toronto-473d,24,63,Normal
2026-02-08 06:53:52.588851,Toronto-473d,-13,35,Normal
2026-02-08 06:53:53.588851,Toronto-473d,-7,63,Normal
2026-02-08 06:53:54.588851,Toronto-473d,24,50,Normal
2026-02-08 06:53:55.588851,Toronto-473d,34,56,Normal
2026-02-08 06:53:56.588851,Toronto-473d,-25,11,Normal
2026-02-08 06:53:57.588851,Toronto-473d,-2,24,Normal
2026-02-08 06:53:58.588851,Toronto-473d,34,64,Normal
2026-02-08 06:53:59.588851,Toronto-473d,37,9,Normal
2026-02-08 06:54:00.588851,Toronto-473d,-26,22,Normal
2026-02-08 06:54:01.588851,Toronto-473d,20,24,Normal
2026-02-08 06:54:02.588851,Toronto-473d,-19,27,Normal
2026-02-08 06:54:03.588851,Toronto-473d,7,24,Normal
2026-02-08 06:54:04.588851,Toronto-473d,18,48,Normal
2026-02-08 06:54:05.588851,Toronto-473d,41,100,Normal
2026-02-08 06:54:06.588851,Toronto-473d,-8,47,Normal
2026-02-08 06:54:07.588851,Toronto-473d,7,56,Normal
2026-02-08 06:54:08.588851,Toronto-473d,12,87,Normal
2026-02-08 06:54:09.588851,Toronto-473d,11,27,Normal
2026-02-08 06:54:10.588851,Toronto-473d,39,23,Normal
2026-02-08 06:54:11.588851,Toronto-473d,-8,55,Normal
2026-02-08 06:54:12.588851,Toronto-473d,44,85,Normal
2026-02-08 06:54:13.588851,Toronto-473d,5,86,Normal
2026-02-08 06:54:14.588851,Toronto-473d,21,43,Normal
2026-02-08 06:54:15.588851,Toronto-473d,37,37,Normal
2026-02-08 06:54:16.588851,Toronto-473d,19,58,Normal
2026-02-08 06:54:17.588851,Toronto-473d,39,3,Normal
2026-02-08 06:54:18.588851,Toronto-473d,37,91,Normal
2026-02-08 06:54:19.588851,Toronto-473d,-22,99,Normal
2026-02-08 06:54:20.588851,Toronto-473d,39,27,Normal
2026-02-08 06:54:21.588851,Toronto-473d,26,89,Normal
2026-02-08 06:54:22.588851,Toronto-473d,-15,68,Normal
2026-02-08 06:54:23.588851,Toronto-473d,-5,39,Normal
2026-02-08 06:54:24.588851,Toronto-473d,-11,67,Normal
2026-02-08 06:54:25.588851,Toronto-473d,-2,88,Normal
2026-02-08 06:54:26.588851,Toronto-473d,40,45,Normal
2026-02-08 06:54:27.588851,Toronto-473d,-14,36,Normal
2026-02-08 06:54:28.588851,Toronto-473d,50,49,Normal
2026-02-08 06:54:29.588851,Toronto-473d,-5,95,Normal
2026-02-08 06:54:30.588851,Toronto-473d,8,8,Normal
2026-02-08 06:54:31.588851,Toronto-473d,3,68,Normal
2026-02-08 06:54:32.588851,Toronto-473d,24,53,Normal
2026-02-08 06:54:33.588851,Toronto-473d,12,33,Normal
2026-02-08 06:54:34.588851,Toronto-473d,31,6,Normal
2026-02-08 06:54:35.588851,Toronto-473d,-2,49,Normal
2026-02-08 06:54:36.588851,Toronto-473d,45,7,Normal
2026-02-08 06:54:37.588851,Toronto-473d,-12,13,Normal
2026-02-08 06:54:38.588851,Toronto-473d,-10,14,Normal
2026-02-08 06:54:39.588851,Toronto-473d,42,21,Normal
2026-02-08 06:54:40.588851,Toronto-473d,4,30,Normal
2026-02-08 06:54:41.588851,Toronto-473d,-10,46,Normal
2026-02-08 06:54:42.588851,Toronto-473d,-20,58,Normal
2026-02-08 06:54:43.588851,Toronto-473d,12,44,Normal
2026-02-08 06:54:44.588851,Toronto-473d,-19,42,Normal
2026-02-08 06:54:45.588851,Toronto-473d,33,64,Normal
2026-02-08 06:54:46.588851,Toronto-473d,32,58,Normal
2026-02-08 06:54:47.588851,Toronto-473d,-27,72,Normal
2026-02-08 06:54:48.588851,Toronto-473d,33,82,Normal
2026-02-08 06:54:49.588851,Toronto-473d,17,34,Normal
2026-02-08 06:54:50.588851,Toronto-473d,45,41,Normal
2026-02-08 06:54:51.588851,Toronto-473d,20,21,Normal
2026-02-08 06:54:52.588851,Toronto-473d,47,83,Normal
2026-02-08 06:54:53.588851,Toronto-473d,42,87,Normal
2026-02-08 06:54:54.588851,Toronto-473d,25,73,Normal
2026-02-08 06:54:55.588851,Toronto-473d,-5,5,Normal
2026-02-08 06:54:56.588851,Toronto-473d,41,95,Normal
2026-02-08 06:54:57.588851,Toronto-473d,-1,74,Normal
2026-02-08 06:54:58.588851,Toronto-473d,17,33,Normal
2026-02-08 06:54:59.588851,Toronto-473d,29,47,Normal
2026-02-08 06:55:00.588851,Toronto-473d,-22,78,Normal
2026-02-08 06:55:01.588851,Toronto-473d,-12,41,Normal
2026-02-08 06:55:02.588851,Toronto-473d,11,1,Normal
2026-02-08 06:55:03.588851,Toronto-473d,19,54,Normal
2026-02-08 06:55:04.588851,Toronto-473d,26,95,Normal
2026-02-08 06:55:05.588851,Toronto-473d,-25,99,Normal
2026-02-08 06:55:06.588851,Toronto-473d,50,55,Normal
2026-02-08 06:55:07.588851,Toronto-473d,17,10,Normal
2026-02-08 06:55:08.588851,Toronto-473d,-30,22,Normal
2026-02-08 06:55:09.588851,Toronto-473d,31,57,Normal
2026-02-08 06:55:10.588851,Toronto-473d,38,23,Normal
2026-02-08 06:55:11.588851,Toronto-473d,-19,46,Normal
2026-02-08 06:55:12.588851,Toronto-473d,43,71,Normal
2026-02-08 06:55:13.588851,Toronto-473d,35,92,Normal
2026-02-08 06:55:14.588851,Toronto-473d,36,1,Normal
2026-02-08 06:55:15.588851,Toronto-473d,22,94,Normal
2026-02-08 06:55:16.588851,Toronto-473d,-19,55,Normal
2026-02-08 06:55:17.588851,Toronto-473d,20,91,Normal
2026-02-08 06:55:18.588851,Toronto-473d,17,91,Normal
2026-02-08 06:55:19.588851,Toronto-473d,15,33,Normal
2026-02-08 06:55:20.588851,Toronto-473d,30,18,Normal
2026-02-08 06:55:21.588851,Toronto-473d,-19,13,Normal
2026-02-08 06:55:22.588851,Toronto-473d,-21,80,Normal
2026-02-08 06:55:23.588851,Toronto-473d,35,10,Normal
2026-02-08 06:55:24.588851,Toronto-473d,20,35,Normal
2026-02-08 06:55:25.588851,Toronto-473d,49,43,Normal
2026-02-08 06:55:26.588851,Toronto-473d,10,38,Normal
2026-02-08 06:55:27.588851,Toronto-473d,17,4,Normal
2026-02-08 06:55:28.588851,Toronto-473d,5,51,Normal
2026-02-08 06:55:29.588851,Toronto-473d,-3,30,Normal
2026-02-08 06:55:30.588851,Toronto-473d,-27,63,Normal
2026-02-08 06:55:31.588851,Toronto-473d,11,40,Normal
2026-02-08 06:55:32.588851,Toronto-473d,10,77,Normal
2026-02-08 06:55:33.588851,Toronto-473d,-29,24,Normal
2026-02-08 06:55:34.588851,Toronto-473d,34,11,Normal
2026-02-08 06:55:35.588851,Toronto-473d,9,67,Normal
2026-02-08 06:55:36.588851,Toronto-473d,-21,98,Normal
2026-02-08 06:55:37.588851,Toronto-473d,3,54,Normal
2026-02-08 06:55:38.588851,Toronto-473d,38,92,Normal
2026-02-08 06:55:39.588851,Toronto-473d,-5,67,Normal
2026-02-08 06:55:40.588851,Toronto-473d,14,69,Normal
2026-02-08 06:55:41.588851,Toronto-473d,14,70,Normal
2026-02-08 06:55:42.588851,Toronto-473d,42,97,Normal
2026-02-08 06:55:43.588851,Toronto-473d,-12,57,Normal
2026-02-08 06:55:44.588851,Toronto-473d,22,58,Normal
2026-02-08 06:55:45.588851,Toronto-473d,-29,46,Normal
2026-02-08 06:55:46.588851,Toronto-473d,0,39,Normal
2026-02-08 06:55:47.588851,Toronto-473d,18,96,Normal
2026-02-08 06:55:48.588851,Toronto-473d,-4,52,Normal
2026-02-08 06:55:49.588851,Toronto-473d,29,31,Normal
2026-02-08 06:55:50.588851,Toronto-473d,-30,93,Normal
2026-02-08 06:55:51.588851,Toronto-473d,-27,94,Normal
2026-02-08 06:55:52.588851,Toronto-473d,-11,16,Normal
2026-02-08 06:55:53.588851,Toronto-473d,43,89,Normal
2026-02-08 06:55:54.588851,Toronto-473d,-10,48,Normal
2026-02-08 06:55:55.588851,Toronto-473d,10,98,Normal
2026-02-08 06:55:56.588851,Toronto-473d,-14,40,Normal
2026-02-08 06:55:57.588851,Toronto-473d,9,23,Normal
2026-02-08 06:55:58.588851,Toronto-473d,-15,56,Normal
2026-02-08 06:55:59.588851,Toronto-473d,39,0,Normal
2026-02-08 06:56:00.588851,Toronto-473d,43,21,Normal
2026-02-08 06:56:01.588851,Toronto-473d,13,87,Normal
2026-02-08 06:56:02.588851,Toronto-473d,13,94,Normal
2026-02-08 06:56:03.588851,Toronto-473d,15,69,Normal
2026-02-08 06:56:04.588851,Toronto-473d,-10,32,Normal
2026-02-08 06:56:05.588851,Toronto-473d,-1,33,Normal
2026-02-08 06:56:06.588851,Toronto-473d,24,80,Normal
2026-02-08 06:56:07.588851,Toronto-473d,42,69,Normal
2026-02-08 06:56:08.588851,Toronto-473d,-27,92,Normal
2026-02-08 06:56:09.588851,Toronto-473d,-24,1,Normal
2026-02-08 06:56:10.588851,Toronto-473d,23,31,Normal
2026-02-08 06:56:11.588851,Toronto-473d,27,91,Normal
2026-02-08 06:56:12.588851,Toronto-473d,22,22,Normal
2026-02-08 06:56:13.588851,Toronto-473d,12,1,Normal
2026-02-08 06:56:14.588851,Toronto-473d,30,40,Normal
2026-02-08 06:56:15.588851,Toronto-473d,46,31,Normal
2026-02-08 06:56:16.588851,Toronto-473d,-4,56,Normal
2026-02-08 06:56:17.588851,Toronto-473d,37,42,Normal
2026-02-08 06:56:18.588851,Toronto-473d,23,30,Normal
2026-02-08 06:56:19.588851,Toronto-473d,-30,68,Normal
2026-02-08 06:56:20.588851,Toronto-473d,41,3,Normal
2026-02-08 06:56:21.588851,Toronto-473d,-30,1,Normal
2026-02-08 06:56:22.588851,Toronto-473d,-13,85,Normal
2026-02-08 06:56:23.588851,Toronto-473d,50,82,Normal
2026-02-08 06:56:24.588851,Toronto-473d,37,17,Normal
2026-02-08 06:56:25.588851,Toronto-473d,25,23,Normal
2026-02-08 06:56:26.588851,Toronto-473d,-22,97,Normal
2026-02-08 06:56:27.588851,Toronto-473d,-6,61,Normal
2026-02-08 06:56:28.588851,Toronto-473d,-3,67,Normal
2026-02-08 06:56:29.588851,Toronto-473d,-16,74,Normal
2026-02-08 06:56:30.588851,Toronto-473d,-1,43,Normal
2026-02-08 06:56:31.588851,Toronto-473d,20,3,Normal
2026-02-08 06:56:32.588851,Toronto-473d,49,41,Normal
2026-02-08 06:56:33.588851,Toronto-473d,6,92,Normal
2026-02-08 06:56:34.588851,Toronto-473d,8,100,Normal
2026-02-08 06:56:35.588851,Toronto-473d,30,14,Normal
2026-02-08 06:56:36.588851,Toronto-473d,-3,45,Normal
2026-02-08 06:56:37.588851,Toronto-473d,-23,53,Normal
2026-02-08 06:56:38.588851,Toronto-473d,5,33,Normal
2026-02-08 06:56:39.588851,Toronto-473d,-19,74,Normal
2026-02-08 06:56:40.588851,Toronto-473d,14,6,Normal
2026-02-08 06:56:41.588851,Toronto-473d,4,39,Normal
2026-02-08 06:56:42.588851,Toronto-473d,-10,39,Normal
2026-02-08 06:56:43.588851,Toronto-473d,-5,62,Normal
2026-02-08 06:56:44.588851,Toronto-473d,23,70,Normal
2026-02-08 06:56:45.588851,Toronto-473d,-19,67,Normal
2026-02-08 06:56:46.588851,Toronto-473d,36,53,Normal
2026-02-08 06:56:47.588851,Toronto-473d,35,18,Normal
2026-02-08 06:56:48.588851,Toronto-473d,1,8,Normal
2026-02-08 06:56:49.588851,Toronto-473d,-6,8,Normal
2026-02-08 06:56:50.588851,Toronto-473d,27,59,Normal
2026-02-08 06:56:51.588851,Toronto-473d,19,38,Normal
2026-02-08 06:56:52.588851,Toronto-473d,-22,57,Normal
2026-02-08 06:56:53.588851,Toronto-473d,32,18,Normal
2026-02-08 06:56:54.588851,Toronto-473d,27,92,Normal
2026-02-08 06:56:55.588851,Toronto-473d,39,2,Normal
2026-02-08 06:56:56.588851,Toronto-473d,34,89,Normal
2026-02-08 06:56:57.588851,Toronto-473d,-29,46,Normal
2026-02-08 06:56:58.588851,Toronto-473d,21,23,Normal
2026-02-08 06:56:59.588851,Toronto-473d,-18,40,Normal
2026-02-08 06:57:00.588851,Toronto-473d,39,48,Normal
2026-02-08 06:57:01.588851,Toronto-473d,-3,81,Normal
2026-02-08 06:57:02.588851,Toronto-473d,21,40,Normal
2026-02-08 06:57:03.588851,Toronto-473d,30,76,Normal
2026-02-08 06:57:04.588851,Toronto-473d,46,100,Normal
2026-02-08 06:57:05.588851,Toronto-473d,45,96,Normal
2026-02-08 06:57:06.588851,Toronto-473d,-18,35,Normal
2026-02-08 06:57:07.588851,Toronto-473d,-27,61,Normal
2026-02-08 06:57:08.588851,Toronto-473d,50,12,Normal
2026-02-08 06:57:09.588851,Toronto-473d,46,16,Normal
2026-02-08 06:57:10.588851,Toronto-473d,-16,39,Normal
2026-02-08 06:57:11.588851,Toronto-473d,-15,20,Normal
2026-02-08 06:57:12.588851,Toronto-473d,-13,30,Normal
2026-02-08 06:57:13.588851,Toronto-473d,2,97,Normal
2026-02-08 06:57:14.588851,Toronto-473d,-23,26,Normal
2026-02-08 06:57:15.588851,Toronto-473d,7,97,Normal
2026-02-08 06:57:16.588851,Toronto-473d,21,46,Normal
2026-02-08 06:57:17.588851,Toronto-473d,24,26,Normal
2026-02-08 06:57:18.588851,Toronto-473d,24,10,Normal
2026-02-08 06:57:19.588851,Toronto-473d,-8,70,Normal
2026-02-08 06:57:20.588851,Toronto-473d,-29,88,Normal
2026-02-08 06:57:21.588851,Toronto-473d,-18,28,Normal
2026-02-08 06:57:22.588851,Toronto-473d,24,93,Normal
2026-02-08 06:57:23.588851,Toronto-473d,26,75,Normal
2026-02-08 06:57:24.588851,Toronto-473d,9,0,Normal
2026-02-08 06:57:25.588851,Toronto-473d,4,70,Normal
2026-02-08 06:57:26.588851,Toronto-473d,-10,60,Normal
2026-02-08 06:57:27.588851,Toronto-473d,15,16,Normal
2026-02-08 06:57:28.588851,Toronto-473d,-30,29,Normal
2026-02-08 06:57:29.588851,Toronto-473d,-5,43,Normal
2026-02-08 06:57:30.588851,Toronto-473d,29,100,Normal
2026-02-08 06:57:31.588851,Toronto-473d,49,16,Normal
2026-02-08 06:57:32.588851,Toronto-473d,26,55,Normal
2026-02-08 06:57:33.588851,Toronto-473d,-16,95,Normal
2026-02-08 06:57:34.588851,Toronto-473d,15,87,Normal
2026-02-08 06:57:35.588851,Toronto-473d,30,75,Normal
2026-02-08 06:57:36.588851,Toronto-473d,-27,81,Normal
2026-02-08 06:57:37.588851,Toronto-473d,24,38,Normal
2026-02-08 06:57:38.588851,Toronto-473d,21,99,Normal
2026-02-08 06:57:39.588851,Toronto-473d,47,81,Normal
2026-02-08 06:57:40.588851,Toronto-473d,-19,72,Normal
2026-02-08 06:57:41.588851,Toronto-473d,19,57,Normal
2026-02-08 06:57:42.588851,Toronto-473d,-30,86,Normal
2026-02-08 06:57:43.588851,Toronto-473d,20,99,Normal
2026-02-08 06:57:44.588851,Toronto-473d,17,73,Normal
2026-02-08 06:57:45.588851,Toronto-473d,38,44,Normal
2026-02-08 06:57:46.588851,Toronto-473d,-19,29,Normal
2026-02-08 06:57:47.588851,Toronto-473d,-9,86,Normal
2026-02-08 06:57:48.588851,Toronto-473d,-9,37,Normal
2026-02-08 06:57:49.588851,Toronto-473d,-11,17,Normal
2026-02-08 06:57:50.588851,Toronto-473d,5,80,Normal
2026-02-08 06:57:51.588851,Toronto-473d,-19,53,Normal
2026-02-08 06:57:52.588851,Toronto-473d,-4,28,Normal
2026-02-08 06:57:53.588851,Toronto-473d,-4,0,Normal
2026-02-08 06:57:54.588851,Toronto-473d,7,82,Normal
2026-02-08 06:57:55.588851,Toronto-473d,31,87,Normal
2026-02-08 06:57:56.588851,Toronto-473d,46,27,Normal
2026-02-08 06:57:57.588851,Toronto-473d,46,85,Normal
2026-02-08 06:57:58.588851,Toronto-473d,30,10,Normal
2026-02-08 06:57:59.588851,Toronto-473d,28,89,Normal
2026-02-08 06:58:00.588851,Toronto-473d,-26,97,Normal
2026-02-08 06:58:01.588851,Toronto-473d,8,46,Normal
2026-02-08 06:58:02.588851,Toronto-473d,35,81,Normal
2026-02-08 06:58:03.588851,Toronto-473d,-26,71,Normal
2026-02-08 06:58:04.588851,Toronto-473d,4,10,Normal
2026-02-08 06:58:05.588851,Toronto-473d,26,43,Normal
2026-02-08 06:58:06.588851,Toronto-473d,32,75,Normal
2026-02-08 06:58:07.588851,Toronto-473d,-8,30,Normal
2026-02-08 06:58:08.588851,Toronto-473d,-23,89,Normal
2026-02-08 06:58:09.588851,Toronto-473d,-3,46,Normal
2026-02-08 06:58:10.588851,Toronto-473d,12,40,Normal
2026-02-08 06:58:11.588851,Toronto-473d,14,57,Normal
2026-02-08 06:58:12.588851,Toronto-473d,-24,74,Normal
2026-02-08 06:58:13.588851,Toronto-473d,-10,36,Normal
2026-02-08 06:58:14.588851,Toronto-473d,46,48,Normal
2026-02-08 06:58:15.588851,Toronto-473d,32,37,Normal
2026-02-08 06:58:16.588851,Toronto-473d,46,51,Normal
2026-02-08 06:58:17.588851,Toronto-473d,-27,11,Normal
2026-02-08 06:58:18.588851,Toronto-473d,-12,42,Normal
2026-02-08 06:58:19.588851,Toronto-473d,29,77,Normal
2026-02-08 06:58:20.588851,Toronto-473d,10,43,Normal
2026-02-08 06:58:21.588851,Toronto-473d,20,57,Normal
2026-02-08 06:58:22.588851,Toronto-473d,49,52,Normal
2026-02-08 06:58:23.588851,Toronto-473d,47,73,Normal
2026-02-08 06:58:24.588851,Toronto-473d,16,4,Normal
2026-02-08 06:58:25.588851,Toronto-473d,35,42,Normal
2026-02-08 06:58:26.588851,Toronto-473d,25,44,Normal
2026-02-08 06:58:27.588851,Toronto-473d,12,92,Normal
2026-02-08 06:58:28.588851,Toronto-473d,49,59,Normal
2026-02-08 06:58:29.588851,Toronto-473d,-25,6,Normal
2026-02-08 06:58:30.588851,Toronto-473d,44,54,Normal
2026-02-08 06:58:31.588851,Toronto-473d,18,60,Normal
2026-02-08 06:58:32.588851,Toronto-473d,41,56,Normal
2026-02-08 06:58:33.588851,Toronto-473d,48,73,Normal
2026-02-08 06:58:34.588851,Toronto-473d,-17,90,Normal
2026-02-08 06:58:35.588851,Toronto-473d,29,0,Normal
2026-02-08 06:58:36.588851,Toronto-473d,33,23,Normal
2026-02-08 06:58:37.588851,Toronto-473d,12,92,Normal
2026-02-08 06:58:38.588851,Toronto-473d,48,19,Normal
2026-02-08 06:58:39.588851,Toronto-473d,-6,87,Normal
2026-02-08 06:58:40.588851,Toronto-473d,44,65,Normal
2026-02-08 06:58:41.588851,Toronto-473d,24,70,Normal
2026-02-08 06:58:42.588851,Toronto-473d,-23,27,Normal
2026-02-08 06:58:43.588851,Toronto-473d,-18,62,Normal
2026-02-08 06:58:44.588851,Toronto-473d,34,12,Normal
2026-02-08 06:58:45.588851,Toronto-473d,37,88,Normal
2026-02-08 06:58:46.588851,Toronto-473d,-19,28,Normal
2026-02-08 06:58:47.588851,Toronto-473d,27,38,Normal
2026-02-08 06:58:48.588851,Toronto-473d,35,15,Normal
2026-02-08 06:58:49.588851,Toronto-473d,40,16,Normal
2026-02-08 06:58:50.588851,Toronto-473d,8,8,Normal
2026-02-08 06:58:51.588851,Toronto-473d,7,15,Normal
2026-02-08 06:58:52.588851,Toronto-473d,-21,97,Normal
2026-02-08 06:58:53.588851,Toronto-473d,2,100,Normal
2026-02-08 06:58:54.588851,Toronto-473d,1,2,Normal
2026-02-08 06:58:55.588851,Toronto-473d,27,38,Normal
2026-02-08 06:58:56.588851,Toronto-473d,-21,26,Normal
2026-02-08 06:58:57.588851,Toronto-473d,34,95,Normal
2026-02-08 06:58:58.588851,Toronto-473d,11,67,Normal
2026-02-08 06:58:59.588851,Toronto-473d,27,50,Normal
2026-02-08 06:59:00.588851,Toronto-473d,49,43,Normal
2026-02-08 06:59:01.588851,Toronto-473d,-7,19,Normal
2026-02-08 06:59:02.588851,Toronto-473d,-17,7,Normal
2026-02-08 06:59:03.588851,Toronto-473d,41,100,Normal
2026-02-08 06:59:04.588851,Toronto-473d,-25,44,Normal
2026-02-08 06:59:05.588851,Toronto-473d,7,70,Normal
2026-02-08 06:59:06.588851,Toronto-473d,0,59,Normal
2026-02-08 06:59:07.588851,Toronto-473d,6,100,Normal
2026-02-08 06:59:08.588851,Toronto-473d,40,27,Normal
2026-02-08 06:59:09.588851,Toronto-473d,-5,86,Normal
2026-02-08 06:59:10.588851,Toronto-473d,50,73,Normal
2026-02-08 06:59:11.588851,Toronto-473d,2,88,Normal
2026-02-08 06:59:12.588851,Toronto-473d,-8,83,Normal
2026-02-08 06:59:13.588851,Toronto-473d,45,13,Normal
2026-02-08 06:59:14.588851,Toronto-473d,26,61,Normal
2026-02-08 06:59:15.588851,Toronto-473d,-2,100,Normal
2026-02-08 06:59:16.588851,Toronto-473d,17,73,Normal
2026-02-08 06:59:17.588851,Toronto-473d,14,88,Normal
2026-02-08 06:59:18.588851,Toronto-473d,47,99,Normal
2026-02-08 06:59:19.588851,Toronto-473d,-14,20,Normal
2026-02-08 06:59:20.588851,Toronto-473d,-2,78,Normal
2026-02-08 06:59:21.588851,Toronto-473d,20,17,Normal
2026-02-08 06:59:22.588851,Toronto-473d,23,75,Normal
2026-02-08 06:59:23.588851,Toronto-473d,9,25,Normal
2026-02-08 06:59:24.588851,Toronto-473d,47,61,Normal
2026-02-08 06:59:25.588851,Toronto-473d,45,40,Normal
2026-02-08 06:59:26.588851,Toronto-473d,-28,35,Normal
2026-02-08 06:59:27.588851,Toronto-473d,44,82,Normal
2026-02-08 06:59:28.588851,Toronto-473d,2,12,Normal
2026-02-08 06:59:29.588851,Toronto-473d,-25,35,Normal
2026-02-08 06:59:30.588851,Toronto-473d,-3,7,Normal
2026-02-08 06:59:31.588851,Toronto-473d,3,9,Normal
2026-02-08 06:59:32.588851,Toronto-473d,-29,93,Normal
2026-02-08 06:59:33.588851,Toronto-473d,-30,94,Normal
2026-02-08 06:59:34.588851,Toronto-473d,36,100,Normal
2026-02-08 06:59:35.588851,Toronto-473d,29,56,Normal
2026-02-08 06:59:36.588851,Toronto-473d,24,42,Normal
2026-02-08 06:59:37.588851,Toronto-473d,-19,79,Normal
2026-02-08 06:59:38.588851,Toronto-473d,44,2,Normal
2026-02-08 06:59:39.588851,Toronto-473d,-22,90,Normal
2026-02-08 06:59:40.588851,Toronto-473d,-7,11,Normal
2026-02-08 06:59:41.588851,Toronto-473d,39,51,Normal
2026-02-08 06:59:42.588851,Toronto-473d,48,80,Normal
2026-02-08 06:59:43.588851,Toronto-473d,27,14,Normal
2026-02-08 06:59:44.588851,Toronto-473d,27,65,Normal
2026-02-08 06:59:45.588851,Toronto-473d,-20,66,Normal
2026-02-08 06:59:46.588851,Toronto-473d,22,59,Normal
2026-02-08 06:59:47.588851,Toronto-473d,37,42,Normal
2026-02-08 06:59:48.588851,Toronto-473d,-11,88,Normal
2026-02-08 06:59:49.588851,Toronto-473d,29,1,Normal
2026-02-08 06:59:50.588851,Toronto-473d,-18,64,Normal
2026-02-08 06:59:51.588851,Toronto-473d,10,90,Normal
2026-02-08 06:59:52.588851,Toronto-473d,2,9,Normal
2026-02-08 06:59:53.588851,Toronto-473d,48,28,Normal
2026-02-08 06:59:54.588851,Toronto-473d,41,95,Normal
2026-02-08 06:59:55.588851,Toronto-473d,-15,26,Normal
2026-02-08 06:59:56.588851,Toronto-473d,-16,64,Normal
2026-02-08 06:59:57.588851,Toronto-473d,7,22,Normal
2026-02-08 06:59:58.588851,Toronto-473d,1,0,Normal
2026-02-08 06:59:59.588851,Toronto-473d,-14,54,Normal
2026-02-08 07:00:00.588851,Toronto-473d,12,31,Normal
2026-02-08 07:00:01.588851,Toronto-473d,-6,55,Normal
2026-02-08 07:00:02.588851,Toronto-473d,-29,70,Normal
2026-02-08 07:00:03.588851,Toronto-473d,-4,74,Normal
2026-02-08 07:00:04.588851,Toronto-473d,16,99,Normal
2026-02-08 07:00:05.588851,Toronto-473d,40,8,Normal
2026-02-08 07:00:06.588851,Toronto-473d,36,91,Normal
2026-02-08 07:00:07.588851,Toronto-473d,33,100,Normal
2026-02-08 07:00:08.588851,Toronto-473d,-3,79,Normal
2026-02-08 07:00:09.588851,Toronto-473d,31,7,Normal
2026-02-08 07:00:10.588851,Toronto-473d,10,56,Normal
2026-02-08 07:00:11.588851,Toronto-473d,1,68,Normal
2026-02-08 07:00:12.588851,Toronto-473d,22,65,Normal
2026-02-08 07:00:13.588851,Toronto-473d,-28,98,Normal
2026-02-08 07:00:14.588851,Toronto-473d,-11,34,Normal
2026-02-08 07:00:15.588851,Toronto-473d,-10,19,Normal
2026-02-08 07:00:16.588851,Toronto-473d,-27,36,Normal
2026-02-08 07:00:17.588851,Toronto-473d,-21,93,Normal
2026-02-08 07:00:18.588851,Toronto-473d,49,99,Normal
2026-02-08 07:00:19.588851,Toronto-473d,45,38,Normal
2026-02-08 07:00:20.588851,Toronto-473d,-6,29,Normal
2026-02-08 07:00:21.588851,Toronto-473d,32,56,Normal
2026-02-08 07:00:22.588851,Toronto-473d,5,69,Normal
2026-02-08 07:00:23.588851,Toronto-473d,-2,35,Normal
2026-02-08 07:00:24.588851,Toronto-473d,-6,45,Normal
2026-02-08 07:00:25.588851,Toronto-473d,39,35,Normal
2026-02-08 07:00:26.588851,Toronto-473d,38,40,Normal
2026-02-08 07:00:27.588851,Toronto-473d,-15,28,Normal
2026-02-08 07:00:28.588851,Toronto-473d,-12,56,Normal
2026-02-08 07:00:29.588851,Toronto-473d,26,61,Normal
2026-02-08 07:00:30.588851,Toronto-473d,26,96,Normal
2026-02-08 07:00:31.588851,Toronto-473d,-24,86,Normal
2026-02-08 07:00:32.588851,Toronto-473d,-5,39,Normal
2026-02-08 07:00:33.588851,Toronto-473d,19,57,Normal
2026-02-08 07:00:34.588851,Toronto-473d,50,46,Normal
2026-02-08 07:00:35.588851,Toronto-473d,37,13,Normal
2026-02-08 07:00:36.588851,Toronto-473d,-7,74,Normal
2026-02-08 07:00:37.588851,Toronto-473d,34,36,Normal
2026-02-08 07:00:38.588851,Toronto-473d,37,61,Normal
2026-02-08 07:00:39.588851,Toronto-473d,18,43,Normal
2026-02-08 07:00:40.588851,Toronto-473d,7,15,Normal
2026-02-08 07:00:41.588851,Toronto-473d,-18,24,Normal
2026-02-08 07:00:42.588851,Toronto-473d,-1,44,Normal
2026-02-08 07:00:43.588851,Toronto-473d,-17,48,Normal
2026-02-08 07:00:44.588851,Toronto-473d,29,95,Normal
2026-02-08 07:00:45.588851,Toronto-473d,39,31,Normal
2026-02-08 07:00:46.588851,Toronto-473d,12,58,Normal
2026-02-08 07:00:47.588851,Toronto-473d,35,55,Normal
2026-02-08 07:00:48.588851,Toronto-473d,8,65,Normal
2026-02-08 07:00:49.588851,Toronto-473d,1,66,Normal
2026-02-08 07:00:50.588851,Toronto-473d,7,42,Normal
2026-02-08 07:00:51.588851,Toronto-473d,4,23,Normal
2026-02-08 07:00:52.588851,Toronto-473d,-7,13,Normal
2026-02-08 07:00:53.588851,Toronto-473d,32,95,Normal
2026-02-08 07:00:54.588851,Toronto-473d,-8,50,Normal
2026-02-08 07:00:55.588851,Toronto-473d,43,3,Normal
2026-02-08 07:00:56.588851,Toronto-473d,24,76,Normal
2026-02-08 07:00:57.588851,Toronto-473d,0,60,Normal
2026-02-08 07:00:58.588851,Toronto-473d,22,63,Normal
2026-02-08 07:00:59.588851,Toronto-473d,-30,35,Normal
2026-02-08 07:01:00.588851,Toronto-473d,-17,38,Normal
2026-02-08 07:01:01.588851,Toronto-473d,49,31,Normal
2026-02-08 07:01:02.588851,Toronto-473d,40,46,Normal
2026-02-08 07:01:03.588851,Toronto-473d,-8,44,Normal
2026-02-08 07:01:04.588851,Toronto-473d,24,44,Normal
2026-02-08 07:01:05.588851,Toronto-473d,-2,86,Normal
2026-02-08 07:01:06.588851,Toronto-473d,-14,12,Normal
2026-02-08 07:01:07.588851,Toronto-473d,42,74,Normal
2026-02-08 07:01:08.588851,Toronto-473d,-20,8,Normal
2026-02-08 07:01:09.588851,Toronto-473d,-21,26,Normal
2026-02-08 07:01:10.588851,Toronto-473d,-17,56,Normal
2026-02-08 07:01:11.588851,Toronto-473d,-15,50,Normal
2026-02-08 07:01:12.588851,Toronto-473d,-10,94,Normal
2026-02-08 07:01:13.588851,Toronto-473d,-23,97,Normal
2026-02-08 07:01:14.588851,Toronto-473d,35,19,Normal
2026-02-08 07:01:15.588851,Toronto-473d,-26,76,Normal
2026-02-08 07:01:16.588851,Toronto-473d,14,49,Normal
2026-02-08 07:01:17.588851,Toronto-473d,-3,48,Normal
2026-02-08 07:01:18.588851,Toronto-473d,-19,44,Normal
2026-02-08 07:01:19.588851,Toronto-473d,35,26,Normal
2026-02-08 07:01:20.588851,Toronto-473d,-25,54,Normal
2026-02-08 07:01:21.588851,Toronto-473d,30,80,Normal
2026-02-08 07:01:22.588851,Toronto-473d,-5,1,Normal
2026-02-08 07:01:23.588851,Toronto-473d,-10,33,Normal
2026-02-08 07:01:24.588851,Toronto-473d,-24,20,Normal
2026-02-08 07:01:25.588851,Toronto-473d,-3,31,Normal
2026-02-08 07:01:26.588851,Toronto-473d,48,53,Normal
2026-02-08 07:01:27.588851,Toronto-473d,-1,54,Normal
2026-02-08 07:01:28.588851,Toronto-473d,15,4,Normal
2026-02-08 07:01:29.588851,Toronto-473d,-26,25,Normal
2026-02-08 07:01:30.588851,Toronto-473d,27,1,Normal
2026-02-08 07:01:31.588851,Toronto-473d,-14,76,Normal
2026-02-08 07:01:32.588851,Toronto-473d,29,50,Normal
2026-02-08 07:01:33.588851,Toronto-473d,2,45,Normal
2026-02-08 07:01:34.588851,Toronto-473d,42,73,Normal
2026-02-08 07:01:35.588851,Toronto-473d,11,100,Normal
2026-02-08 07:01:36.588851,Toronto-473d,4,74,Normal
2026-02-08 07:01:37.588851,Toronto-473d,38,38,Normal
2026-02-08 07:01:38.588851,Toronto-473d,16,37,Normal
2026-02-08 07:01:39.588851,Toronto-473d,36,93,Normal
2026-02-08 07:01:40.588851,Toronto-473d,49,79,Normal
2026-02-08 07:01:41.588851,Toronto-473d,17,59,Normal
2026-02-08 07:01:42.588851,Toronto-473d,20,24,Normal
2026-02-08 07:01:43.588851,Toronto-473d,47,60,Normal
2026-02-08 07:01:44.588851,Toronto-473d,-21,3,Normal
2026-02-08 07:01:45.588851,Toronto-473d,46,68,Normal
2026-02-08 07:01:46.588851,Toronto-473d,-14,43,Normal
2026-02-08 07:01:47.588851,Toronto-473d,-22,42,Normal
2026-02-08 07:01:48.588851,Toronto-473d,5,86,Normal
2026-02-08 07:01:49.588851,Toronto-473d,23,80,Normal
2026-02-08 07:01:50.588851,Toronto-473d,-13,17,Normal
2026-02-08 07:01:51.588851,Toronto-473d,44,69,Normal
2026-02-08 07:01:52.588851,Toronto-473d,0,29,Normal
2026-02-08 07:01:53.588851,Toronto-473d,-17,52,Normal
2026-02-08 07:01:54.588851,Toronto-473d,-23,29,Normal
2026-02-08 07:01:55.588851,Toronto-473d,44,78,Normal
2026-02-08 07:01:56.588851,Toronto-473d,39,9,Normal
2026-02-08 07:01:57.588851,Toronto-473d,16,72,Normal
2026-02-08 07:01:58.588851,Toronto-473d,-8,6,Normal
2026-02-08 07:01:59.588851,Toronto-473d,-22,39,Normal
2026-02-08 07:02:00.588851,Toronto-473d,2,43,Normal
2026-02-08 07:02:01.588851,Toronto-473d,-17,76,Normal
2026-02-08 07:02:02.588851,Toronto-473d,14,73,Normal
2026-02-08 07:02:03.588851,Toronto-473d,-15,62,Normal
2026-02-08 07:02:04.588851,Toronto-473d,36,28,Normal
2026-02-08 07:02:05.588851,Toronto-473d,40,77,Normal
2026-02-08 07:02:06.588851,Toronto-473d,-23,54,Normal
2026-02-08 07:02:07.588851,Toronto-473d,-21,69,Normal
2026-02-08 07:02:08.588851,Toronto-473d,-14,29,Normal
2026-02-08 07:02:09.588851,Toronto-473d,8,55,Normal
2026-02-08 07:02:10.588851,Toronto-473d,0,22,Normal
2026-02-08 07:02:11.588851,Toronto-473d,-30,98,Normal
2026-02-08 07:02:12.588851,Toronto-473d,-22,96,Normal
2026-02-08 07:02:13.588851,Toronto-473d,-15,2,Normal
2026-02-08 07:02:14.588851,Toronto-473d,-23,71,Normal
2026-02-08 07:02:15.588851,Toronto-473d,26,81,Normal
2026-02-08 07:02:16.588851,Toronto-473d,-3,82,Normal
2026-02-08 07:02:17.588851,Toronto-473d,-23,86,Normal
2026-02-08 07:02:18.588851,Toronto-473d,45,83,Normal
2026-02-08 07:02:19.588851,Toronto-473d,35,14,Normal
2026-02-08 07:02:20.588851,Toronto-473d,-22,57,Normal
2026-02-08 07:02:21.588851,Toronto-473d,19,15,Normal
2026-02-08 07:02:22.588851,Toronto-473d,33,45,Normal
2026-02-08 07:02:23.588851,Toronto-473d,-15,68,Normal
2026-02-08 07:02:24.588851,Toronto-473d,-20,4,Normal
2026-02-08 07:02:25.588851,Toronto-473d,-17,66,Normal
2026-02-08 07:02:26.588851,Toronto-473d,27,75,Normal
2026-02-08 07:02:27.588851,Toronto-473d,42,36,Normal
2026-02-08 07:02:28.588851,Toronto-473d,11,43,Normal
2026-02-08 07:02:29.588851,Toronto-473d,30,27,Normal
2026-02-08 07:02:30.588851,Toronto-473d,-20,62,Normal
2026-02-08 07:02:31.588851,Toronto-473d,6,80,Normal
2026-02-08 07:02:32.588851,Toronto-473d,46,29,Normal
2026-02-08 07:02:33.588851,Toronto-473d,-24,3,Normal
2026-02-08 07:02:34.588851,Toronto-473d,-21,11,Normal
2026-02-08 07:02:35.588851,Toronto-473d,-29,69,Normal
2026-02-08 07:02:36.588851,Toronto-473d,-17,4,Normal
2026-02-08 07:02:37.588851,Toronto-473d,4,5,Normal
2026-02-08 07:02:38.588851,Toronto-473d,46,98,Normal
2026-02-08 07:02:39.588851,Toronto-473d,36,43,Normal
2026-02-08 07:02:40.588851,Toronto-473d,46,11,Normal
2026-02-08 07:02:41.588851,Toronto-473d,33,100,Normal
2026-02-08 07:02:42.588851,Toronto-473d,-8,97,Normal
2026-02-08 07:02:43.588851,Toronto-473d,28,62,Normal
2026-02-08 07:02:44.588851,Toronto-473d,-27,63,Normal
2026-02-08 07:02:45.588851,Toronto-473d,16,61,Normal
2026-02-08 07:02:46.588851,Toronto-473d,-26,61,Normal
2026-02-08 07:02:47.588851,Toronto-473d,44,89,Normal
2026-02-08 07:02:48.588851,Toronto-473d,9,21,Normal
2026-02-08 07:02:49.588851,Toronto-473d,0,48,Normal
2026-02-08 07:02:50.588851,Toronto-473d,13,66,Normal
2026-02-08 07:02:51.588851,Toronto-473d,31,30,Normal
2026-02-08 07:02:52.588851,Toronto-473d,-24,41,Normal
2026-02-08 07:02:53.588851,Toronto-473d,42,5,Normal
2026-02-08 07:02:54.588851,Toronto-473d,2,3,Normal
2026-02-08 07:02:55.588851,Toronto-473d,32,48,Normal
2026-02-08 07:02:56.588851,Toronto-473d,-16,15,Normal
2026-02-08 07:02:57.588851,Toronto-473d,-20,68,Normal
2026-02-08 07:02:58.588851,Toronto-473d,23,64,Normal
2026-02-08 07:02:59.588851,Toronto-473d,32,89,Normal
2026-02-08 07:03:00.588851,Toronto-473d,-24,28,Normal
2026-02-08 07:03:01.588851,Toronto-473d,-29,84,Normal
2026-02-08 07:03:02.588851,Toronto-473d,-9,93,Normal
2026-02-08 07:03:03.588851,Toronto-473d,23,16,Normal
2026-02-08 07:03:04.588851,Toronto-473d,7,85,Normal
2026-02-08 07:03:05.588851,Toronto-473d,21,26,Normal
2026-02-08 07:03:06.588851,Toronto-473d,-29,28,Normal
2026-02-08 07:03:07.588851,Toronto-473d,22,58,Normal
2026-02-08 07:03:08.588851,Toronto-473d,16,45,Normal
2026-02-08 07:03:09.588851,Toronto-473d,40,52,Normal
2026-02-08 07:03:10.588851,Toronto-473d,-29,3,Normal
2026-02-08 07:03:11.588851,Toronto-473d,-29,40,Normal
2026-02-08 07:03:12.588851,Toronto-473d,15,23,Normal
2026-02-08 07:03:13.588851,Toronto-473d,-4,56,Normal
2026-02-08 07:03:14.588851,Toronto-473d,33,39,Normal
2026-02-08 07:03:15.588851,Toronto-473d,-15,23,Normal
2026-02-08 07:03:16.588851,Toronto-473d,40,14,Normal
2026-02-08 07:03:17.588851,Toronto-473d,-16,92,Normal
2026-02-08 07:03:18.588851,Toronto-473d,38,52,Normal
2026-02-08 07:03:19.588851,Toronto-473d,10,66,Normal
2026-02-08 07:03:20.588851,Toronto-473d,14,49,Normal
2026-02-08 07:03:21.588851,Toronto-473d,50,31,Normal
2026-02-08 07:03:22.588851,Toronto-473d,14,0,Normal
2026-02-08 07:03:23.588851,Toronto-473d,-21,25,Normal
2026-02-08 07:03:24.588851,Toronto-473d,50,79,Normal
2026-02-08 07:03:25.588851,Toronto-473d,38,4,Normal
2026-02-08 07:03:26.588851,Toronto-473d,-5,95,Normal
2026-02-08 07:03:27.588851,Toronto-473d,-4,86,Normal
2026-02-08 07:03:28.588851,Toronto-473d,15,16,Normal
2026-02-08 07:03:29.588851,Toronto-473d,-9,57,Normal
2026-02-08 07:03:30.588851,Toronto-473d,0,19,Normal
2026-02-08 07:03:31.588851,Toronto-473d,-15,24,Normal
2026-02-08 07:03:32.588851,Toronto-473d,49,92,Normal
2026-02-08 07:03:33.588851,Toronto-473d,17,100,Normal
2026-02-08 07:03:34.588851,Toronto-473d,17,82,Normal
2026-02-08 07:03:35.588851,Toronto-473d,-15,4,Normal
2026-02-08 07:03:36.588851,Toronto-473d,-9,39,Normal
2026-02-08 07:03:37.588851,Toronto-473d,-17,98,Normal
2026-02-08 07:03:38.588851,Toronto-473d,35,37,Normal
2026-02-08 07:03:39.588851,Toronto-473d,-22,20,Normal
2026-02-08 07:03:40.588851,Toronto-473d,-15,57,Normal
2026-02-08 07:03:41.588851,Toronto-473d,50,66,Normal
2026-02-08 07:03:42.588851,Toronto-473d,-11,88,Normal
2026-02-08 07:03:43.588851,Toronto-473d,25,3,Normal
2026-02-08 07:03:44.588851,Toronto-473d,7,66,Normal
2026-02-08 07:03:45.588851,Toronto-473d,25,34,Normal
2026-02-08 07:03:46.588851,Toronto-473d,39,23,Normal
2026-02-08 07:03:47.588851,Toronto-473d,20,33,Normal
2026-02-08 07:03:48.588851,Toronto-473d,14,40,Normal
2026-02-08 07:03:49.588851,Toronto-473d,15,72,Normal
2026-02-08 07:03:50.588851,Toronto-473d,-18,32,Normal
2026-02-08 07:03:51.588851,Toronto-473d,43,88,Normal
2026-02-08 07:03:52.588851,Toronto-473d,29,87,Normal
2026-02-08 07:03:53.588851,Toronto-473d,-27,72,Normal
2026-02-08 07:03:54.588851,Toronto-473d,-7,4,Normal
2026-02-08 07:03:55.588851,Toronto-473d,44,91,Normal
2026-02-08 07:03:56.588851,Toronto-473d,-7,4,Normal
2026-02-08 07:03:57.588851,Toronto-473d,-25,21,Normal
2026-02-08 07:03:58.588851,Toronto-473d,26,5,Normal
2026-02-08 07:03:59.588851,Toronto-473d,-10,44,Normal
2026-02-08 07:04:00.588851,Toronto-473d,-29,67,Normal
2026-02-08 07:04:01.588851,Toronto-473d,-15,24,Normal
2026-02-08 07:04:02.588851,Toronto-473d,18,42,Normal
2026-02-08 07:04:03.588851,Toronto-473d,25,47,Normal
2026-02-08 07:04:04.588851,Toronto-473d,39,12,Normal
2026-02-08 07:04:05.588851,Toronto-473d,-7,100,Normal
2026-02-08 07:04:06.588851,Toronto-473d,-26,22,Normal
2026-02-08 07:04:07.588851,Toronto-473d,42,27,Normal
2026-02-08 07:04:08.588851,Toronto-473d,38,77,Normal
2026-02-08 07:04:09.588851,Toronto-473d,5,29,Normal
2026-02-08 07:04:10.588851,Toronto-473d,14,14,Normal
2026-02-08 07:04:11.588851,Toronto-473d,-11,13,Normal
2026-02-08 07:04:12.588851,Toronto-473d,45,76,Normal
2026-02-08 07:04:13.588851,Toronto-473d,20,98,Normal
2026-02-08 07:04:14.588851,Toronto-473d,-4,57,Normal
2026-02-08 07:04:15.588851,Toronto-473d,46,27,Normal
2026-02-08 07:04:16.588851,Toronto-473d,37,64,Normal
2026-02-08 07:04:17.588851,Toronto-473d,-20,76,Normal
2026-02-08 07:04:18.588851,Toronto-473d,-27,25,Normal
2026-02-08 07:04:19.588851,Toronto-473d,-17,39,Normal
2026-02-08 07:04:20.588851,Toronto-473d,33,86,Normal
2026-02-08 07:04:21.588851,Toronto-473d,31,19,Normal
2026-02-08 07:04:22.588851,Toronto-473d,43,25,Normal
2026-02-08 07:04:23.588851,Toronto-473d,4,53,Normal
2026-02-08 07:04:24.588851,Toronto-473d,9,41,Normal
2026-02-08 07:04:25.588851,Toronto-473d,36,38,Normal
2026-02-08 07:04:26.588851,Toronto-473d,37,30,Normal
2026-02-08 07:04:27.588851,Toronto-473d,-16,9,Normal
2026-02-08 07:04:28.588851,Toronto-473d,-8,49,Normal
2026-02-08 07:04:29.588851,Toronto-473d,-5,4,Normal
2026-02-08 07:04:30.588851,Toronto-473d,-29,0,Normal
2026-02-08 07:04:31.588851,Toronto-473d,-24,20,Normal
2026-02-08 07:04:32.588851,Toronto-473d,-27,10,Normal
2026-02-08 07:04:33.588851,Toronto-473d,24,13,Normal
2026-02-08 07:04:34.588851,Toronto-473d,34,90,Normal
2026-02-08 07:04:35.588851,Toronto-473d,-17,72,Normal
2026-02-08 07:04:36.588851,Toronto-473d,-17,49,Normal
2026-02-08 07:04:37.588851,Toronto-473d,0,93,Normal
2026-02-08 07:04:38.588851,Toronto-473d,10,97,Normal
2026-02-08 07:04:39.588851,Toronto-473d,25,32,Normal
2026-02-08 07:04:40.588851,Toronto-473d,-24,34,Normal
2026-02-08 07:04:41.588851,Toronto-473d,-30,53,Normal
2026-02-08 07:04:42.588851,Toronto-473d,22,21,Normal
2026-02-08 07:04:43.588851,Toronto-473d,50,53,Normal
2026-02-08 07:04:44.588851,Toronto-473d,-1,15,Normal
2026-02-08 07:04:45.588851,Toronto-473d,42,85,Normal
2026-02-08 07:04:46.588851,Toronto-473d,13,79,Normal
2026-02-08 07:04:47.588851,Toronto-473d,-26,51,Normal
2026-02-08 07:04:48.588851,Toronto-473d,50,2,Normal
2026-02-08 07:04:49.588851,Toronto-473d,-22,47,Normal
2026-02-08 07:04:50.588851,Toronto-473d,-27,53,Normal
2026-02-08 07:04:51.588851,Toronto-473d,20,8,Normal
2026-02-08 07:04:52.588851,Toronto-473d,-26,80,Normal
2026-02-08 07:04:53.588851,Toronto-473d,-24,68,Normal
2026-02-08 07:04:54.588851,Toronto-473d,13,43,Normal
2026-02-08 07:04:55.588851,Toronto-473d,-7,29,Normal
2026-02-08 07:04:56.588851,Toronto-473d,17,91,Normal
2026-02-08 07:04:57.588851,Toronto-473d,7,20,Normal
2026-02-08 07:04:58.588851,Toronto-473d,11,82,Normal
2026-02-08 07:04:59.588851,Toronto-473d,42,15,Normal
2026-02-08 07:05:00.588851,Toronto-473d,-24,46,Normal
2026-02-08 07:05:01.588851,Toronto-473d,34,65,Normal
2026-02-08 07:05:02.588851,Toronto-473d,47,4,Normal
2026-02-08 07:05:03.588851,Toronto-473d,0,27,Normal
2026-02-08 07:05:04.588851,Toronto-473d,13,9,Normal
2026-02-08 07:05:05.588851,Toronto-473d,-12,90,Normal
2026-02-08 07:05:06.588851,Toronto-473d,30,46,Normal
2026-02-08 07:05:07.588851,Toronto-473d,-13,14,Normal
2026-02-08 07:05:08.588851,Toronto-473d,-19,52,Normal
2026-02-08 07:05:09.588851,Toronto-473d,-26,19,Normal
2026-02-08 07:05:10.588851,Toronto-473d,1,8,Normal
2026-02-08 07:05:11.588851,Toronto-473d,9,22,Normal
2026-02-08 07:05:12.588851,Toronto-473d,-28,0,Normal
2026-02-08 07:05:13.588851,Toronto-473d,50,29,Normal
2026-02-08 07:05:14.588851,Toronto-473d,31,36,Normal
2026-02-08 07:05:15.588851,Toronto-473d,-5,84,Normal
2026-02-08 07:05:16.588851,Toronto-473d,15,67,Normal
2026-02-08 07:05:17.588851,Toronto-473d,-23,31,Normal
2026-02-08 07:05:18.588851,Toronto-473d,-19,80,Normal
2026-02-08 07:05:19.588851,Toronto-473d,-27,98,Normal
2026-02-08 07:05:20.588851,Toronto-473d,29,90,Normal
2026-02-08 07:05:21.588851,Toronto-473d,37,89,Normal
2026-02-08 07:05:22.588851,Toronto-473d,-22,11,Normal
2026-02-08 07:05:23.588851,Toronto-473d,22,88,Normal
2026-02-08 07:05:24.588851,Toronto-473d,45,22,Normal
2026-02-08 07:05:25.588851,Toronto-473d,42,77,Normal
2026-02-08 07:05:26.588851,Toronto-473d,27,65,Normal
2026-02-08 07:05:27.588851,Toronto-473d,-27,90,Normal
2026-02-08 07:05:28.588851,Toronto-473d,-26,34,Normal
2026-02-08 07:05:29.588851,Toronto-473d,13,68,Normal
2026-02-08 07:05:30.588851,Toronto-473d,-22,56,Normal
2026-02-08 07:05:31.588851,Toronto-473d,29,24,Normal
2026-02-08 07:05:32.588851,Toronto-473d,13,66,Normal
2026-02-08 07:05:33.588851,Toronto-473d,42,56,Normal
2026-02-08 07:05:34.588851,Toronto-473d,-19,37,Normal
2026-02-08 07:05:35.588851,Toronto-473d,4,45,Normal
2026-02-08 07:05:36.588851,Toronto-473d,41,14,Normal
2026-02-08 07:05:37.588851,Toronto-473d,18,49,Normal
2026-02-08 07:05:38.588851,Toronto-473d,17,66,Normal
2026-02-08 07:05:39.588851,Toronto-473d,31,60,Normal
2026-02-08 07:05:40.588851,Toronto-473d,-29,5,Normal
2026-02-08 07:05:41.588851,Toronto-473d,-14,94,Normal
2026-02-08 07:05:42.588851,Toronto-473d,15,96,Normal
2026-02-08 07:05:43.588851,Toronto-473d,-2,43,Normal
2026-02-08 07:05:44.588851,Toronto-473d,18,54,Normal
2026-02-08 07:05:45.588851,Toronto-473d,-12,7,Normal
2026-02-08 07:05:46.588851,Toronto-473d,26,57,Normal
2026-02-08 07:05:47.588851,Toronto-473d,28,97,Normal
2026-02-08 07:05:48.588851,Toronto-473d,26,4,Normal
2026-02-08 07:05:49.588851,Toronto-473d,33,78,Normal
2026-02-08 07:05:50.588851,Toronto-473d,25,11,Normal
2026-02-08 07:05:51.588851,Toronto-473d,0,82,Normal
2026-02-08 07:05:52.588851,Toronto-473d,7,22,Normal
2026-02-08 07:05:53.588851,Toronto-473d,47,25,Normal
2026-02-08 07:05:54.588851,Toronto-473d,44,64,Normal
2026-02-08 07:05:55.588851,Toronto-473d,-18,59,Normal
2026-02-08 07:05:56.588851,Toronto-473d,2,95,Normal
2026-02-08 07:05:57.588851,Toronto-473d,-28,26,Normal
2026-02-08 07:05:58.588851,Toronto-473d,9,9,Normal
2026-02-08 07:05:59.588851,Toronto-473d,3,78,Normal
2026-02-08 07:06:00.588851,Toronto-473d,20,11,Normal
2026-02-08 07:06:01.588851,Toronto-473d,50,21,Normal
2026-02-08 07:06:02.588851,Toronto-473d,-25,32,Normal
2026-02-08 07:06:03.588851,Toronto-473d,-7,15,Normal
2026-02-08 07:06:04.588851,Toronto-473d,7,79,Normal
2026-02-08 07:06:05.588851,Toronto-473d,-6,20,Normal
2026-02-08 07:06:06.588851,Toronto-473d,8,61,Normal
2026-02-08 07:06:07.588851,Toronto-473d,-4,94,Normal
2026-02-08 07:06:08.588851,Toronto-473d,2,57,Normal
2026-02-08 07:06:09.588851,Toronto-473d,23,29,Normal
2026-02-08 07:06:10.588851,Toronto-473d,-28,53,Normal
2026-02-08 07:06:11.588851,Toronto-473d,-15,2,Normal
2026-02-08 07:06:12.588851,Toronto-473d,33,70,Normal
2026-02-08 07:06:13.588851,Toronto-473d,8,11,Normal
2026-02-08 07:06:14.588851,Toronto-473d,16,29,Normal
2026-02-08 07:06:15.588851,Toronto-473d,-29,13,Normal
2026-02-08 07:06:16.588851,Toronto-473d,26,53,Normal
2026-02-08 07:06:17.588851,Toronto-473d,-15,0,Normal
2026-02-08 07:06:18.588851,Toronto-473d,20,62,Normal
2026-02-08 07:06:19.588851,Toronto-473d,19,11,Normal
2026-02-08 07:06:20.588851,Toronto-473d,-1,33,Normal
2026-02-08 07:06:21.588851,Toronto-473d,-18,86,Normal
2026-02-08 07:06:22.588851,Toronto-473d,-25,80,Normal
2026-02-08 07:06:23.588851,Toronto-473d,48,0,Normal
2026-02-08 07:06:24.588851,Toronto-473d,-4,22,Normal
2026-02-08 07:06:25.588851,Toronto-473d,41,15,Normal
2026-02-08 07:06:26.588851,Toronto-473d,-18,66,Normal
2026-02-08 07:06:27.588851,Toronto-473d,22,39,Normal
2026-02-08 07:06:28.588851,Toronto-473d,-15,58,Normal
2026-02-08 07:06:29.588851,Toronto-473d,30,43,Normal
2026-02-08 07:06:30.588851,Toronto-473d,-1,20,Normal
2026-02-08 07:06:31.588851,Toronto-473d,17,80,Normal
2026-02-08 07:06:32.588851,Toronto-473d,40,17,Normal
2026-02-08 07:06:33.588851,Toronto-473d,24,69,Normal
2026-02-08 07:06:34.588851,Toronto-473d,-4,7,Normal
2026-02-08 07:06:35.588851,Toronto-473d,39,40,Normal
2026-02-08 07:06:36.588851,Toronto-473d,26,92,Normal
2026-02-08 07:06:37.588851,Toronto-473d,38,33,Normal
2026-02-08 07:06:38.588851,Toronto-473d,-15,83,Normal
2026-02-08 07:06:39.588851,Toronto-473d,-13,15,Normal
2026-02-08 07:06:40.588851,Toronto-473d,-4,34,Normal
2026-02-08 07:06:41.588851,Toronto-473d,4,49,Normal
2026-02-08 07:06:42.588851,Toronto-473d,7,1,Normal
2026-02-08 07:06:43.588851,Toronto-473d,-10,46,Normal
2026-02-08 07:06:44.588851,Toronto-473d,17,70,Normal
2026-02-08 07:06:45.588851,Toronto-473d,47,9,Normal
2026-02-08 07:06:46.588851,Toronto-473d,21,26,Normal
2026-02-08 07:06:47.588851,Toronto-473d,-14,77,Normal
2026-02-08 07:06:48.588851,Toronto-473d,3,45,Normal
2026-02-08 07:06:49.588851,Toronto-473d,36,74,Normal
2026-02-08 07:06:50.588851,Toronto-473d,50,32,Normal
2026-02-08 07:06:51.588851,Toronto-473d,10,99,Normal
2026-02-08 07:06:52.588851,Toronto-473d,-8,23,Normal
2026-02-08 07:06:53.588851,Toronto-473d,-13,60,Normal
2026-02-08 07:06:54.588851,Toronto-473d,17,75,Normal
2026-02-08 07:06:55.588851,Toronto-473d,-15,89,Normal
2026-02-08 07:06:56.588851,Toronto-473d,-9,71,Normal
2026-02-08 07:06:57.588851,Toronto-473d,-25,42,Normal
2026-02-08 07:06:58.588851,Toronto-473d,28,2,Normal
2026-02-08 07:06:59.588851,Toronto-473d,-9,8,Normal
2026-02-08 07:07:00.588851,Toronto-473d,29,93,Normal
2026-02-08 07:07:01.588851,Toronto-473d,13,12,Normal
2026-02-08 07:07:02.588851,Toronto-473d,14,43,Normal
2026-02-08 07:07:03.588851,Toronto-473d,29,62,Normal
2026-02-08 07:07:04.588851,Toronto-473d,19,27,Normal
2026-02-08 07:07:05.588851,Toronto-473d,39,68,Normal
2026-02-08 07:07:06.588851,Toronto-473d,46,19,Normal
2026-02-08 07:07:07.588851,Toronto-473d,15,95,Normal
2026-02-08 07:07:08.588851,Toronto-473d,7,77,Normal
2026-02-08 07:07:09.588851,Toronto-473d,43,32,Normal
2026-02-08 07:07:10.588851,Toronto-473d,43,13,Normal
2026-02-08 07:07:11.588851,Toronto-473d,-9,38,Normal
2026-02-08 07:07:12.588851,Toronto-473d,30,15,Normal
2026-02-08 07:07:13.588851,Toronto-473d,38,72,Normal
2026-02-08 07:07:14.588851,Toronto-473d,-22,58,Normal
2026-02-08 07:07:15.588851,Toronto-473d,5,24,Normal
2026-02-08 07:07:16.588851,Toronto-473d,14,92,Normal
2026-02-08 07:07:17.588851,Toronto-473d,3,84,Normal
2026-02-08 07:07:18.588851,Toronto-473d,31,16,Normal
2026-02-08 07:07:19.588851,Toronto-473d,-30,85,Normal
2026-02-08 07:07:20.588851,Toronto-473d,-9,77,Normal
2026-02-08 07:07:21.588851,Toronto-473d,0,31,Normal
2026-02-08 07:07:22.588851,Toronto-473d,-22,2,Normal
2026-02-08 07:07:23.588851,Toronto-473d,28,86,Normal
2026-02-08 07:07:24.588851,Toronto-473d,-24,77,Normal
2026-02-08 07:07:25.588851,Toronto-473d,49,25,Normal
2026-02-08 07:07:26.588851,Toronto-473d,-26,40,Normal
2026-02-08 07:07:27.588851,Toronto-473d,-23,17,Normal
2026-02-08 07:07:28.588851,Toronto-473d,39,96,Normal
2026-02-08 07:07:29.588851,Toronto-473d,-30,9,Normal
2026-02-08 07:07:30.588851,Toronto-473d,-14,33,Normal
2026-02-08 07:07:31.588851,Toronto-473d,24,65,Normal
2026-02-08 07:07:32.588851,Toronto-473d,3,12,Normal
2026-02-08 07:07:33.588851,Toronto-473d,44,57,Normal
2026-02-08 07:07:34.588851,Toronto-473d,31,36,Normal
2026-02-08 07:07:35.588851,Toronto-473d,23,95,Normal
2026-02-08 07:07:36.588851,Toronto-473d,9,100,Normal
2026-02-08 07:07:37.588851,Toronto-473d,9,35,Normal
2026-02-08 07:07:38.588851,Toronto-473d,42,24,Normal
2026-02-08 07:07:39.588851,Toronto-473d,-6,0,Normal
2026-02-08 07:07:40.588851,Toronto-473d,22,61,Normal
2026-02-08 07:07:41.588851,Toronto-473d,-7,81,Normal
2026-02-08 07:07:42.588851,Toronto-473d,-27,17,Normal
2026-02-08 07:07:43.588851,Toronto-473d,39,11,Normal
2026-02-08 07:07:44.588851,Toronto-473d,47,97,Normal
2026-02-08 07:07:45.588851,Toronto-473d,31,37,Normal
2026-02-08 07:07:46.588851,Toronto-473d,5,20,Normal
2026-02-08 07:07:47.588851,Toronto-473d,-1,72,Normal
2026-02-08 07:07:48.588851,Toronto-473d,26,62,Normal
2026-02-08 07:07:49.588851,Toronto-473d,-26,41,Normal
2026-02-08 07:07:50.588851,Toronto-473d,-2,11,Normal
2026-02-08 07:07:51.588851,Toronto-473d,-15,57,Normal
2026-02-08 07:07:52.588851,Toronto-473d,-12,8,Normal
2026-02-08 07:07:53.588851,Toronto-473d,32,63,Normal
2026-02-08 07:07:54.588851,Toronto-473d,-24,37,Normal
2026-02-08 07:07:55.588851,Toronto-473d,-2,33,Normal
2026-02-08 07:07:56.588851,Toronto-473d,-27,3,Normal
2026-02-08 07:07:57.588851,Toronto-473d,0,76,Normal
2026-02-08 07:07:58.588851,Toronto-473d,-9,89,Normal
2026-02-08 07:07:59.588851,Toronto-473d,32,88,Normal
2026-02-08 07:08:00.588851,Toronto-473d,42,39,Normal
2026-02-08 07:08:01.588851,Toronto-473d,16,50,Normal
2026-02-08 07:08:02.588851,Toronto-473d,5,34,Normal
2026-02-08 07:08:03.588851,Toronto-473d,0,88,Normal
2026-02-08 07:08:04.588851,Toronto-473d,-14,92,Normal
2026-02-08 07:08:05.588851,Toronto-473d,3,96,Normal
2026-02-08 07:08:06.588851,Toronto-473d,31,98,Normal
2026-02-08 07:08:07.588851,Toronto-473d,-19,65,Normal
2026-02-08 07:08:08.588851,Toronto-473d,42,13,Normal
2026-02-08 07:08:09.588851,Toronto-473d,-5,9,Normal
2026-02-08 07:08:10.588851,Toronto-473d,21,74,Normal
2026-02-08 07:08:11.588851,Toronto-473d,-4,43,Normal
2026-02-08 07:08:12.588851,Toronto-473d,-8,56,Normal
2026-02-08 07:08:13.588851,Toronto-473d,-22,67,Normal
2026-02-08 07:08:14.588851,Toronto-473d,-20,73,Normal
2026-02-08 07:08:15.588851,Toronto-473d,14,20,Normal
2026-02-08 07:08:16.588851,Toronto-473d,-26,26,Normal
2026-02-08 07:08:17.588851,Toronto-473d,2,23,Normal
2026-02-08 07:08:18.588851,Toronto-473d,-17,95,Normal
2026-02-08 07:08:19.588851,Toronto-473d,2,57,Normal
2026-02-08 07:08:20.588851,Toronto-473d,14,42,Normal
2026-02-08 07:08:21.588851,Toronto-473d,-19,100,Normal
2026-02-08 07:08:22.588851,Toronto-473d,-30,57,Normal
2026-02-08 07:08:23.588851,Toronto-473d,-26,90,Normal
2026-02-08 07:08:24.588851,Toronto-473d,15,52,Normal
2026-02-08 07:08:25.588851,Toronto-473d,43,76,Normal
2026-02-08 07:08:26.588851,Toronto-473d,43,40,Normal
2026-02-08 07:08:27.588851,Toronto-473d,35,68,Normal
2026-02-08 07:08:28.588851,Toronto-473d,-22,57,Normal
2026-02-08 07:08:29.588851,Toronto-473d,-15,41,Normal
2026-02-08 07:08:30.588851,Toronto-473d,31,32,Normal
2026-02-08 07:08:31.588851,Toronto-473d,28,36,Normal
2026-02-08 07:08:32.588851,Toronto-473d,32,8,Normal
2026-02-08 07:08:33.588851,Toronto-473d,31,100,Normal
2026-02-08 07:08:34.588851,Toronto-473d,34,73,Normal
2026-02-08 07:08:35.588851,Toronto-473d,-5,35,Normal
2026-02-08 07:08:36.588851,Toronto-473d,-27,58,Normal
2026-02-08 07:08:37.588851,Toronto-473d,-18,69,Normal
2026-02-08 07:08:38.588851,Toronto-473d,-18,15,Normal
2026-02-08 07:08:39.588851,Toronto-473d,-10,92,Normal
2026-02-08 07:08:40.588851,Toronto-473d,43,58,Normal
2026-02-08 07:08:41.588851,Toronto-473d,49,75,Normal
2026-02-08 07:08:42.588851,Toronto-473d,-30,6,Normal
2026-02-08 07:08:43.588851,Toronto-473d,-16,40,Normal
2026-02-08 07:08:44.588851,Toronto-473d,41,4,Normal
2026-02-08 07:08:45.588851,Toronto-473d,-19,56,Normal
2026-02-08 07:08:46.588851,Toronto-473d,42,16,Normal
2026-02-08 07:08:47.588851,Toronto-473d,-16,95,Normal
2026-02-08 07:08:48.588851,Toronto-473d,22,16,Normal
2026-02-08 07:08:49.588851,Toronto-473d,6,9,Normal
2026-02-08 07:08:50.588851,Toronto-473d,37,90,Normal
2026-02-08 07:08:51.588851,Toronto-473d,-24,65,Normal
2026-02-08 07:08:52.588851,Toronto-473d,-29,56,Normal
2026-02-08 07:08:53.588851,Toronto-473d,38,34,Normal
2026-02-08 07:08:54.588851,Toronto-473d,-9,12,Normal
2026-02-08 07:08:55.588851,Toronto-473d,31,80,Normal
2026-02-08 07:08:56.588851,Toronto-473d,33,81,Normal
2026-02-08 07:08:57.588851,Toronto-473d,19,8,Normal
2026-02-08 07:08:58.588851,Toronto-473d,34,35,Normal
2026-02-08 07:08:59.588851,Toronto-473d,2,43,Normal
2026-02-08 07:09:00.588851,Toronto-473d,7,93,Normal
2026-02-08 07:09:01.588851,Toronto-473d,-9,59,Normal
2026-02-08 07:09:02.588851,Toronto-473d,17,74,Normal
2026-02-08 07:09:03.588851,Toronto-473d,-30,66,Normal
2026-02-08 07:09:04.588851,Toronto-473d,7,58,Normal
2026-02-08 07:09:05.588851,Toronto-473d,-3,75,Normal
2026-02-08 07:09:06.588851,Toronto-473d,-28,24,Normal
2026-02-08 07:09:07.588851,Toronto-473d,-14,3,Normal
2026-02-08 07:09:08.588851,Toronto-473d,-30,17,Normal
2026-02-08 07:09:09.588851,Toronto-473d,-25,73,Normal
2026-02-08 07:09:10.588851,Toronto-473d,42,87,Normal
2026-02-08 07:09:11.588851,Toronto-473d,-25,80,Normal
2026-02-08 07:09:12.588851,Toronto-473d,42,97,Normal
2026-02-08 07:09:13.588851,Toronto-473d,22,34,Normal
2026-02-08 07:09:14.588851,Toronto-473d,25,93,Normal
2026-02-08 07:09:15.588851,Toronto-473d,46,8,Normal
2026-02-08 07:09:16.588851,Toronto-473d,3,93,Normal
2026-02-08 07:09:17.588851,Toronto-473d,-5,55,Normal
2026-02-08 07:09:18.588851,Toronto-473d,-24,31,Normal
2026-02-08 07:09:19.588851,Toronto-473d,38,61,Normal
2026-02-08 07:09:20.588851,Toronto-473d,3,52,Normal
2026-02-08 07:09:21.588851,Toronto-473d,28,67,Normal
2026-02-08 07:09:22.588851,Toronto-473d,-18,43,Normal
2026-02-08 07:09:23.588851,Toronto-473d,-18,67,Normal
2026-02-08 07:09:24.588851,Toronto-473d,-2,13,Normal
2026-02-08 07:09:25.588851,Toronto-473d,14,33,Normal
2026-02-08 07:09:26.588851,Toronto-473d,23,71,Normal
2026-02-08 07:09:27.588851,Toronto-473d,5,65,Normal
2026-02-08 07:09:28.588851,Toronto-473d,11,56,Normal
2026-02-08 07:09:29.588851,Toronto-473d,-23,45,Normal
2026-02-08 07:09:30.588851,Toronto-473d,-7,12,Normal
2026-02-08 07:09:31.588851,Toronto-473d,-24,83,Normal
2026-02-08 07:09:32.588851,Toronto-473d,-1,36,Normal
2026-02-08 07:09:33.588851,Toronto-473d,-1,8,Normal
2026-02-08 07:09:34.588851,Toronto-473d,26,79,Normal
2026-02-08 07:09:35.588851,Toronto-473d,-8,57,Normal
2026-02-08 07:09:36.588851,Toronto-473d,-10,98,Normal
2026-02-08 07:09:37.588851,Toronto-473d,17,17,Normal
2026-02-08 07:09:38.588851,Toronto-473d,-11,83,Normal
2026-02-08 07:09:39.588851,Toronto-473d,19,42,Normal
2026-02-08 07:09:40.588851,Toronto-473d,46,88,Normal
2026-02-08 07:09:41.588851,Toronto-473d,30,39,Normal
2026-02-08 07:09:42.588851,Toronto-473d,48,0,Normal
2026-02-08 07:09:43.588851,Toronto-473d,-19,32,Normal
2026-02-08 07:09:44.588851,Toronto-473d,25,39,Normal
2026-02-08 07:09:45.588851,Toronto-473d,10,10,Normal
2026-02-08 07:09:46.588851,Toronto-473d,46,61,Normal
2026-02-08 07:09:47.588851,Toronto-473d,15,52,Normal
2026-02-08 07:09:48.588851,Toronto-473d,50,33,Normal
2026-02-08 07:09:49.588851,Toronto-473d,-1,76,Normal
2026-02-08 07:09:50.588851,Toronto-473d,33,0,Normal
2026-02-08 07:09:51.588851,Toronto-473d,-1,63,Normal
2026-02-08 07:09:52.588851,Toronto-473d,-27,75,Normal
2026-02-08 07:09:53.588851,Toronto-473d,43,33,Normal
2026-02-08 07:09:54.588851,Toronto-473d,31,69,Normal
2026-02-08 07:09:55.588851,Toronto-473d,-18,32,Normal
2026-02-08 07:09:56.588851,Toronto-473d,8,59,Normal
2026-02-08 07:09:57.588851,Toronto-473d,-22,76,Normal
2026-02-08 07:09:58.588851,Toronto-473d,-9,7,Normal
2026-02-08 07:09:59.588851,Toronto-473d,17,4,Normal
2026-02-08 07:10:00.588851,Toronto-473d,-21,77,Normal
2026-02-08 07:10:01.588851,Toronto-473d,22,50,Normal
2026-02-08 07:10:02.588851,Toronto-473d,7,93,Normal
2026-02-08 07:10:03.588851,Toronto-473d,-18,60,Normal
2026-02-08 07:10:04.588851,Toronto-473d,-19,42,Normal
2026-02-08 07:10:05.588851,Toronto-473d,-25,21,Normal
2026-02-08 07:10:06.588851,Toronto-473d,-20,18,Normal
2026-02-08 07:10:07.588851,Toronto-473d,23,61,Normal
2026-02-08 07:10:08.588851,Toronto-473d,44,52,Normal
2026-02-08 07:10:09.588851,Toronto-473d,33,73,Normal
2026-02-08 07:10:10.588851,Toronto-473d,-1,72,Normal
2026-02-08 07:10:11.588851,Toronto-473d,40,24,Normal
2026-02-08 07:10:12.588851,Toronto-473d,48,52,Normal
2026-02-08 07:10:13.588851,Toronto-473d,23,83,Normal
2026-02-08 07:10:14.588851,Toronto-473d,42,46,Normal
2026-02-08 07:10:15.588851,Toronto-473d,30,89,Normal
2026-02-08 07:10:16.588851,Toronto-473d,37,48,Normal
2026-02-08 07:10:17.588851,Toronto-473d,-5,73,Normal
2026-02-08 07:10:18.588851,Toronto-473d,-27,15,Normal
2026-02-08 07:10:19.588851,Toronto-473d,-22,78,Normal
2026-02-08 07:10:20.588851,Toronto-473d,3,13,Normal
2026-02-08 07:10:21.588851,Toronto-473d,-11,26,Normal
2026-02-08 07:10:22.588851,Toronto-473d,-15,33,Normal
2026-02-08 07:10:23.588851,Toronto-473d,46,2,Normal
2026-02-08 07:10:24.588851,Toronto-473d,35,37,Normal
2026-02-08 07:10:25.588851,Toronto-473d,43,72,Normal
2026-02-08 07:10:26.588851,Toronto-473d,28,47,Normal
2026-02-08 07:10:27.588851,Toronto-473d,22,68,Normal
2026-02-08 07:10:28.588851,Toronto-473d,42,92,Normal
2026-02-08 07:10:29.588851,Toronto-473d,-6,19,Normal
2026-02-08 07:10:30.588851,Toronto-473d,-30,95,Normal
2026-02-08 07:10:31.588851,Toronto-473d,16,36,Normal
2026-02-08 07:10:32.588851,Toronto-473d,-21,92,Normal
2026-02-08 07:10:33.588851,Toronto-473d,37,38,Normal
2026-02-08 07:10:34.588851,Toronto-473d,-4,61,Normal
2026-02-08 07:10:35.588851,Toronto-473d,13,68,Normal
2026-02-08 07:10:36.588851,Toronto-473d,-16,37,Normal
2026-02-08 07:10:37.588851,Toronto-473d,36,26,Normal
2026-02-08 07:10:38.588851,Toronto-473d,-17,61,Normal
2026-02-08 07:10:39.588851,Toronto-473d,22,50,Normal
2026-02-08 07:10:40.588851,Toronto-473d,-17,7,Normal
2026-02-08 07:10:41.588851,Toronto-473d,15,41,Normal
2026-02-08 07:10:42.588851,Toronto-473d,32,45,Normal
2026-02-08 07:10:43.588851,Toronto-473d,2,67,Normal
2026-02-08 07:10:44.588851,Toronto-473d,14,53,Normal
2026-02-08 07:10:45.588851,Toronto-473d,23,17,Normal
2026-02-08 07:10:46.588851,Toronto-473d,-7,48,Normal
2026-02-08 07:10:47.588851,Toronto-473d,0,99,Normal
2026-02-08 07:10:48.588851,Toronto-473d,45,7,Normal
2026-02-08 07:10:49.588851,Toronto-473d,29,16,Normal
2026-02-08 07:10:50.588851,Toronto-473d,-15,67,Normal
2026-02-08 07:10:51.588851,Toronto-473d,29,81,Normal
2026-02-08 07:10:52.588851,Toronto-473d,-10,72,Normal
2026-02-08 07:10:53.588851,Toronto-473d,-19,42,Normal
2026-02-08 07:10:54.588851,Toronto-473d,49,64,Normal
2026-02-08 07:10:55.588851,Toronto-473d,-21,80,Normal
2026-02-08 07:10:56.588851,Toronto-473d,31,48,Normal
2026-02-08 07:10:57.588851,Toronto-473d,-21,64,Normal
2026-02-08 07:10:58.588851,Toronto-473d,49,71,Normal
2026-02-08 07:10:59.588851,Toronto-473d,3,30,Normal
2026-02-08 07:11:00.588851,Toronto-473d,35,46,Normal
2026-02-08 07:11:01.588851,Toronto-473d,24,36,Normal
2026-02-08 07:11:02.588851,Toronto-473d,49,99,Normal
2026-02-08 07:11:03.588851,Toronto-473d,44,40,Normal
2026-02-08 07:11:04.588851,Toronto-473d,47,34,Normal
2026-02-08 07:11:05.588851,Toronto-473d,25,36,Normal
2026-02-08 07:11:06.588851,Toronto-473d,34,91,Normal
2026-02-08 07:11:07.588851,Toronto-473d,-8,54,Normal
2026-02-08 07:11:08.588851,Toronto-473d,-2,19,Normal
2026-02-08 07:11:09.588851,Toronto-473d,-28,72,Normal
2026-02-08 07:11:10.588851,Toronto-473d,49,31,Normal
2026-02-08 07:11:11.588851,Toronto-473d,44,61,Normal
2026-02-08 07:11:12.588851,Toronto-473d,-3,85,Normal
2026-02-08 07:11:13.588851,Toronto-473d,19,58,Normal
2026-02-08 07:11:14.588851,Toronto-473d,6,91,Normal
2026-02-08 07:11:15.588851,Toronto-473d,0,65,Normal
2026-02-08 07:11:16.588851,Toronto-473d,20,19,Normal
2026-02-08 07:11:17.588851,Toronto-473d,41,53,Normal
2026-02-08 07:11:18.588851,Toronto-473d,0,48,Normal
2026-02-08 07:11:19.588851,Toronto-473d,-22,64,Normal
2026-02-08 07:11:20.588851,Toronto-473d,46,98,Normal
2026-02-08 07:11:21.588851,Toronto-473d,44,91,Normal
2026-02-08 07:11:22.588851,Toronto-473d,31,26,Normal
2026-02-08 07:11:23.588851,Toronto-473d,-3,64,Normal
2026-02-08 07:11:24.588851,Toronto-473d,18,7,Normal
2026-02-08 07:11:25.588851,Toronto-473d,-13,84,Normal
2026-02-08 07:11:26.588851,Toronto-473d,18,47,Normal
2026-02-08 07:11:27.588851,Toronto-473d,25,75,Normal
2026-02-08 07:11:28.588851,Toronto-473d,49,90,Normal
2026-02-08 07:11:29.588851,Toronto-473d,-25,60,Normal
2026-02-08 07:11:30.588851,Toronto-473d,46,33,Normal
2026-02-08 07:11:31.588851,Toronto-473d,10,17,Normal
2026-02-08 07:11:32.588851,Toronto-473d,-3,63,Normal
2026-02-08 07:11:33.588851,Toronto-473d,30,39,Normal
2026-02-08 07:11:34.588851,Toronto-473d,19,50,Normal
2026-02-08 07:11:35.588851,Toronto-473d,41,73,Normal
2026-02-08 07:11:36.588851,Toronto-473d,33,31,Normal
2026-02-08 07:11:37.588851,Toronto-473d,-15,77,Normal
2026-02-08 07:11:38.588851,Toronto-473d,-30,19,Normal
2026-02-08 07:11:39.588851,Toronto-473d,-11,95,Normal
2026-02-08 07:11:40.588851,Toronto-473d,8,73,Normal
2026-02-08 07:11:41.588851,Toronto-473d,48,38,Normal
2026-02-08 07:11:42.588851,Toronto-473d,27,25,Normal
2026-02-08 07:11:43.588851,Toronto-473d,7,55,Normal
2026-02-08 07:11:44.588851,Toronto-473d,-29,24,Normal
2026-02-08 07:11:45.588851,Toronto-473d,20,61,Normal
2026-02-08 07:11:46.588851,Toronto-473d,49,27,Normal
2026-02-08 07:11:47.588851,Toronto-473d,46,29,Normal
2026-02-08 07:11:48.588851,Toronto-473d,-14,73,Normal
2026-02-08 07:11:49.588851,Toronto-473d,-13,61,Normal
2026-02-08 07:11:50.588851,Toronto-473d,-21,76,Normal
2026-02-08 07:11:51.588851,Toronto-473d,40,45,Normal
2026-02-08 07:11:52.588851,Toronto-473d,-8,49,Normal
2026-02-08 07:11:53.588851,Toronto-473d,15,96,Normal
2026-02-08 07:11:54.588851,Toronto-473d,33,34,Normal
2026-02-08 07:11:55.588851,Toronto-473d,10,78,Normal
2026-02-08 07:11:56.588851,Toronto-473d,-16,86,Normal
2026-02-08 07:11:57.588851,Toronto-473d,43,33,Normal
2026-02-08 07:11:58.588851,Toronto-473d,22,54,Normal
2026-02-08 07:11:59.588851,Toronto-473d,37,96,Normal
2026-02-08 07:12:00.588851,Toronto-473d,-24,88,Normal
2026-02-08 07:12:01.588851,Toronto-473d,-17,51,Normal
2026-02-08 07:12:02.588851,Toronto-473d,-27,25,Normal
2026-02-08 07:12:03.588851,Toronto-473d,12,5,Normal
2026-02-08 07:12:04.588851,Toronto-473d,32,1,Normal
2026-02-08 07:12:05.588851,Toronto-473d,4,32,Normal
2026-02-08 07:12:06.588851,Toronto-473d,-12,8,Normal
2026-02-08 07:12:07.588851,Toronto-473d,-2,96,Normal
2026-02-08 07:12:08.588851,Toronto-473d,-18,38,Normal
2026-02-08 07:12:09.588851,Toronto-473d,19,26,Normal
2026-02-08 07:12:10.588851,Toronto-473d,1,87,Normal
2026-02-08 07:12:11.588851,Toronto-473d,46,51,Normal
2026-02-08 07:12:12.588851,Toronto-473d,-1,6,Normal
2026-02-08 07:12:13.588851,Toronto-473d,16,37,Normal
2026-02-08 07:12:14.588851,Toronto-473d,45,24,Normal
2026-02-08 07:12:15.588851,Toronto-473d,34,48,Normal
2026-02-08 07:12:16.588851,Toronto-473d,-30,77,Normal
2026-02-08 07:12:17.588851,Toronto-473d,-30,53,Normal
2026-02-08 07:12:18.588851,Toronto-473d,2,92,Normal
2026-02-08 07:12:19.588851,Toronto-473d,24,65,Normal
2026-02-08 07:12:20.588851,Toronto-473d,-2,84,Normal
2026-02-08 07:12:21.588851,Toronto-473d,32,23,Normal
2026-02-08 07:12:22.588851,Toronto-473d,43,42,Normal
2026-02-08 07:12:23.588851,Toronto-473d,7,76,Normal
2026-02-08 07:12:24.588851,Toronto-473d,3,10,Normal
2026-02-08 07:12:25.588851,Toronto-473d,29,88,Normal
2026-02-08 07:12:26.588851,Toronto-473d,16,25,Normal
2026-02-08 07:12:27.588851,Toronto-473d,46,97,Normal
2026-02-08 07:12:28.588851,Toronto-473d,6,56,Normal
2026-02-08 07:12:29.588851,Toronto-473d,35,62,Normal
2026-02-08 07:12:30.588851,Toronto-473d,39,48,Normal
2026-02-08 07:12:31.588851,Toronto-473d,33,70,Normal
2026-02-08 07:12:32.588851,Toronto-473d,-7,65,Normal
2026-02-08 07:12:33.588851,Toronto-473d,5,23,Normal
2026-02-08 07:12:34.588851,Toronto-473d,9,97,Normal
2026-02-08 07:12:35.588851,Toronto-473d,1,83,Normal
2026-02-08 07:12:36.588851,Toronto-473d,-26,81,Normal
2026-02-08 07:12:37.588851,Toronto-473d,16,55,Normal
2026-02-08 07:12:38.588851,Toronto-473d,-14,66,Normal
2026-02-08 07:12:39.588851,Toronto-473d,43,64,Normal
2026-02-08 07:12:40.588851,Toronto-473d,-1,94,Normal
2026-02-08 07:12:41.588851,Toronto-473d,17,53,Normal
2026-02-08 07:12:42.588851,Toronto-473d,-7,5,Normal
2026-02-08 07:12:43.588851,Toronto-473d,-14,77,Normal
2026-02-08 07:12:44.588851,Toronto-473d,-15,79,Normal
2026-02-08 07:12:45.588851,Toronto-473d,43,19,Normal
2026-02-08 07:12:46.588851,Toronto-473d,-30,89,Normal
2026-02-08 07:12:47.588851,Toronto-473d,6,74,Normal
2026-02-08 07:12:48.588851,Toronto-473d,2,18,Normal
2026-02-08 07:12:49.588851,Toronto-473d,-28,47,Normal
2026-02-08 07:12:50.588851,Toronto-473d,9,54,Normal
2026-02-08 07:12:51.588851,Toronto-473d,-23,28,Normal
2026-02-08 07:12:52.588851,Toronto-473d,9,39,Normal
2026-02-08 07:12:53.588851,Toronto-473d,43,13,Normal
2026-02-08 07:12:54.588851,Toronto-473d,9,46,Normal
2026-02-08 07:12:55.588851,Toronto-473d,-10,96,Normal
2026-02-08 07:12:56.588851,Toronto-473d,-20,88,Normal
2026-02-08 07:12:57.588851,Toronto-473d,-11,45,Normal
2026-02-08 07:12:58.588851,Toronto-473d,-14,62,Normal
2026-02-08 07:12:59.588851,Toronto-473d,23,17,Normal
2026-02-08 07:13:00.588851,Toronto-473d,-8,71,Normal
2026-02-08 07:13:01.588851,Toronto-473d,32,29,Normal
2026-02-08 07:13:02.588851,Toronto-473d,2,36,Normal
2026-02-08 07:13:03.588851,Toronto-473d,25,79,Normal
2026-02-08 07:13:04.588851,Toronto-473d,-9,71,Normal
2026-02-08 07:13:05.588851,Toronto-473d,24,70,Normal
2026-02-08 07:13:06.588851,Toronto-473d,43,42,Normal
2026-02-08 07:13:07.588851,Toronto-473d,41,79,Normal
2026-02-08 07:13:08.588851,Toronto-473d,19,61,Normal
2026-02-08 07:13:09.588851,Toronto-473d,47,36,Normal
2026-02-08 07:13:10.588851,Toronto-473d,49,96,Normal
2026-02-08 07:13:11.588851,Toronto-473d,8,67,Normal
2026-02-08 07:13:12.588851,Toronto-473d,-27,81,Normal
2026-02-08 07:13:13.588851,Toronto-473d,10,12,Normal
2026-02-08 07:13:14.588851,Toronto-473d,-5,78,Normal
2026-02-08 07:13:15.588851,Toronto-473d,4,15,Normal
2026-02-08 07:13:16.588851,Toronto-473d,-9,26,Normal
2026-02-08 07:13:17.588851,Toronto-473d,-20,55,Normal
2026-02-08 07:13:18.588851,Toronto-473d,-23,18,Normal
2026-02-08 07:13:19.588851,Toronto-473d,19,27,Normal
2026-02-08 07:13:20.588851,Toronto-473d,20,65,Normal
2026-02-08 07:13:21.588851,Toronto-473d,19,86,Normal
2026-02-08 07:13:22.588851,Toronto-473d,-28,39,Normal
2026-02-08 07:13:23.588851,Toronto-473d,35,68,Normal
2026-02-08 07:13:24.588851,Toronto-473d,-11,45,Normal
2026-02-08 07:13:25.588851,Toronto-473d,22,33,Normal
2026-02-08 07:13:26.588851,Toronto-473d,6,100,Normal
2026-02-08 07:13:27.588851,Toronto-473d,-15,1,Normal
2026-02-08 07:13:28.588851,Toronto-473d,-7,89,Normal
2026-02-08 07:13:29.588851,Toronto-473d,-23,88,Normal
2026-02-08 07:13:30.588851,Toronto-473d,44,80,Normal
2026-02-08 07:13:31.588851,Toronto-473d,45,79,Normal
2026-02-08 07:13:32.588851,Toronto-473d,16,64,Normal
2026-02-08 07:13:33.588851,Toronto-473d,16,49,Normal
2026-02-08 07:13:34.588851,Toronto-473d,35,23,Normal
2026-02-08 07:13:35.588851,Toronto-473d,23,13,Normal
2026-02-08 07:13:36.588851,Toronto-473d,-15,84,Normal
2026-02-08 07:13:37.588851,Toronto-473d,19,62,Normal
2026-02-08 07:13:38.588851,Toronto-473d,13,21,Normal
2026-02-08 07:13:39.588851,Toronto-473d,33,84,Normal
2026-02-08 07:13:40.588851,Toronto-473d,32,45,Normal
2026-02-08 07:13:41.588851,Toronto-473d,19,73,Normal
2026-02-08 07:13:42.588851,Toronto-473d,-9,31,Normal
2026-02-08 07:13:43.588851,Toronto-473d,30,98,Normal
2026-02-08 07:13:44.588851,Toronto-473d,45,54,Normal
2026-02-08 07:13:45.588851,Toronto-473d,-12,84,Normal
2026-02-08 07:13:46.588851,Toronto-473d,-18,97,Normal
2026-02-08 07:13:47.588851,Toronto-473d,-2,14,Normal
2026-02-08 07:13:48.588851,Toronto-473d,-18,73,Normal
2026-02-08 07:13:49.588851,Toronto-473d,22,81,Normal
2026-02-08 07:13:50.588851,Toronto-473d,29,47,Normal
2026-02-08 07:13:51.588851,Toronto-473d,29,19,Normal
2026-02-08 07:13:52.588851,Toronto-473d,-30,89,Normal
2026-02-08 07:13:53.588851,Toronto-473d,43,45,Normal
2026-02-08 07:13:54.588851,Toronto-473d,12,67,Normal
2026-02-08 07:13:55.588851,Toronto-473d,-10,33,Normal
2026-02-08 07:13:56.588851,Toronto-473d,16,43,Normal
2026-02-08 07:13:57.588851,Toronto-473d,42,51,Normal
2026-02-08 07:13:58.588851,Toronto-473d,41,80,Normal
2026-02-08 07:13:59.588851,Toronto-473d,34,17,Normal
2026-02-08 07:14:00.588851,Toronto-473d,36,59,Normal
2026-02-08 07:14:01.588851,Toronto-473d,41,10,Normal
2026-02-08 07:14:02.588851,Toronto-473d,42,79,Normal
2026-02-08 07:14:03.588851,Toronto-473d,21,27,Normal
2026-02-08 07:14:04.588851,Toronto-473d,33,70,Normal
2026-02-08 07:14:05.588851,Toronto-473d,33,62,Normal
2026-02-08 07:14:06.588851,Toronto-473d,47,17,Normal
2026-02-08 07:14:07.588851,Toronto-473d,-7,78,Normal
2026-02-08 07:14:08.588851,Toronto-473d,43,46,Normal
2026-02-08 07:14:09.588851,Toronto-473d,-6,5,Normal
2026-02-08 07:14:10.588851,Toronto-473d,21,83,Normal
2026-02-08 07:14:11.588851,Toronto-473d,-5,93,Normal
2026-02-08 07:14:12.588851,Toronto-473d,47,8,Normal
2026-02-08 07:14:13.588851,Toronto-473d,14,77,Normal
2026-02-08 07:14:14.588851,Toronto-473d,40,95,Normal
2026-02-08 07:14:15.588851,Toronto-473d,14,75,Normal
2026-02-08 07:14:16.588851,Toronto-473d,44,37,Normal
2026-02-08 07:14:17.588851,Toronto-473d,41,77,Normal
2026-02-08 07:14:18.588851,Toronto-473d,15,91,Normal
2026-02-08 07:14:19.588851,Toronto-473d,17,44,Normal
2026-02-08 07:14:20.588851,Toronto-473d,-6,47,Normal
2026-02-08 07:14:21.588851,Toronto-473d,-2,25,Normal
2026-02-08 07:14:22.588851,Toronto-473d,20,32,Normal
2026-02-08 07:14:23.588851,Toronto-473d,-23,14,Normal
2026-02-08 07:14:24.588851,Toronto-473d,31,23,Normal
2026-02-08 07:14:25.588851,Toronto-473d,22,59,Normal
2026-02-08 07:14:26.588851,Toronto-473d,42,9,Normal
2026-02-08 07:14:27.588851,Toronto-473d,-17,23,Normal
2026-02-08 07:14:28.588851,Toronto-473d,50,89,Normal
2026-02-08 07:14:29.588851,Toronto-473d,-2,40,Normal
2026-02-08 07:14:30.588851,Toronto-473d,43,40,Normal
2026-02-08 07:14:31.588851,Toronto-473d,14,12,Normal
2026-02-08 07:14:32.588851,Toronto-473d,36,41,Normal
2026-02-08 07:14:33.588851,Toronto-473d,22,56,Normal
2026-02-08 07:14:34.588851,Toronto-473d,-12,14,Normal
2026-02-08 07:14:35.588851,Toronto-473d,-24,77,Normal
2026-02-08 07:14:36.588851,Toronto-473d,2,7,Normal
2026-02-08 07:14:37.588851,Toronto-473d,-18,82,Normal
2026-02-08 07:14:38.588851,Toronto-473d,12,59,Normal
2026-02-08 07:14:39.588851,Toronto-473d,-5,86,Normal
2026-02-08 07:14:40.588851,Toronto-473d,50,57,Normal
2026-02-08 07:14:41.588851,Toronto-473d,-6,20,Normal
2026-02-08 07:14:42.588851,Toronto-473d,-23,35,Normal
2026-02-08 07:14:43.588851,Toronto-473d,-11,0,Normal
2026-02-08 07:14:44.588851,Toronto-473d,13,84,Normal
2026-02-08 07:14:45.588851,Toronto-473d,-4,84,Normal
2026-02-08 07:14:46.588851,Toronto-473d,3,65,Normal
2026-02-08 07:14:47.588851,Toronto-473d,4,77,Normal
2026-02-08 07:14:48.588851,Toronto-473d,12,46,Normal
2026-02-08 07:14:49.588851,Toronto-473d,-16,14,Normal
2026-02-08 07:14:50.588851,Toronto-473d,-29,94,Normal
2026-02-08 07:14:51.588851,Toronto-473d,-10,38,Normal
2026-02-08 07:14:52.588851,Toronto-473d,-21,16,Normal
2026-02-08 07:14:53.588851,Toronto-473d,-13,92,Normal
2026-02-08 07:14:54.588851,Toronto-473d,31,78,Normal
2026-02-08 07:14:55.588851,Toronto-473d,-23,13,Normal
2026-02-08 07:14:56.588851,Toronto-473d,-3,99,Normal
2026-02-08 07:14:57.588851,Toronto-473d,15,45,Normal
2026-02-08 07:14:58.588851,Toronto-473d,33,89,Normal
2026-02-08 07:14:59.588851,Toronto-473d,-23,48,Normal
2026-02-08 07:15:00.588851,Toronto-473d,22,13,Normal
2026-02-08 07:15:01.588851,Toronto-473d,50,35,Normal
2026-02-08 07:15:02.588851,Toronto-473d,18,48,Normal
2026-02-08 07:15:03.588851,Toronto-473d,31,76,Normal
2026-02-08 07:15:04.588851,Toronto-473d,-12,19,Normal
2026-02-08 07:15:05.588851,Toronto-473d,26,17,Normal
2026-02-08 07:15:06.588851,Toronto-473d,-28,7,Normal
2026-02-08 07:15:07.588851,Toronto-473d,-25,30,Normal
2026-02-08 07:15:08.588851,Toronto-473d,11,4,Normal
2026-02-08 07:15:09.588851,Toronto-473d,4,37,Normal
2026-02-08 07:15:10.588851,Toronto-473d,-25,86,Normal
2026-02-08 07:15:11.588851,Toronto-473d,46,6,Normal
2026-02-08 07:15:12.588851,Toronto-473d,2,2,Normal
2026-02-08 07:15:13.588851,Toronto-473d,12,14,Normal
2026-02-08 07:15:14.588851,Toronto-473d,28,39,Normal
2026-02-08 07:15:15.588851,Toronto-473d,-9,69,Normal
2026-02-08 07:15:16.588851,Toronto-473d,20,82,Normal
2026-02-08 07:15:17.588851,Toronto-473d,-19,8,Normal
2026-02-08 07:15:18.588851,Toronto-473d,-26,55,Normal
2026-02-08 07:15:19.588851,Toronto-473d,-7,26,Normal
2026-02-08 07:15:20.588851,Toronto-473d,43,18,Normal
2026-02-08 07:15:21.588851,Toronto-473d,-10,20,Normal
2026-02-08 07:15:22.588851,Toronto-473d,19,3,Normal
2026-02-08 07:15:23.588851,Toronto-473d,-20,30,Normal
2026-02-08 07:15:24.588851,Toronto-473d,30,15,Normal
2026-02-08 07:15:25.588851,Toronto-473d,33,10,Normal
2026-02-08 07:15:26.588851,Toronto-473d,14,8,Normal
2026-02-08 07:15:27.588851,Toronto-473d,45,34,Normal
2026-02-08 07:15:28.588851,Toronto-473d,47,70,Normal
2026-02-08 07:15:29.588851,Toronto-473d,31,33,Normal
2026-02-08 07:15:30.588851,Toronto-473d,-2,38,Normal
2026-02-08 07:15:31.588851,Toronto-473d,-30,98,Normal
2026-02-08 07:15:32.588851,Toronto-473d,-18,65,Normal
2026-02-08 07:15:33.588851,Toronto-473d,45,97,Normal
2026-02-08 07:15:34.588851,Toronto-473d,-24,63,Normal
2026-02-08 07:15:35.588851,Toronto-473d,-20,66,Normal
2026-02-08 07:15:36.588851,Toronto-473d,-6,26,Normal
2026-02-08 07:15:37.588851,Toronto-473d,31,35,Normal
2026-02-08 07:15:38.588851,Toronto-473d,28,40,Normal
2026-02-08 07:15:39.588851,Toronto-473d,-13,86,Normal
2026-02-08 07:15:40.588851,Toronto-473d,25,84,Normal
2026-02-08 07:15:41.588851,Toronto-473d,36,53,Normal
2026-02-08 07:15:42.588851,Toronto-473d,23,72,Normal
2026-02-08 07:15:43.588851,Toronto-473d,15,51,Normal
2026-02-08 07:15:44.588851,Toronto-473d,23,79,Normal
2026-02-08 07:15:45.588851,Toronto-473d,-17,78,Normal
2026-02-08 07:15:46.588851,Toronto-473d,-10,69,Normal
2026-02-08 07:15:47.588851,Toronto-473d,8,61,Normal
2026-02-08 07:15:48.588851,Toronto-473d,41,63,Normal
2026-02-08 07:15:49.588851,Toronto-473d,23,5,Normal
2026-02-08 07:15:50.588851,Toronto-473d,-17,99,Normal
2026-02-08 07:15:51.588851,Toronto-473d,9,31,Normal
2026-02-08 07:15:52.588851,Toronto-473d,-19,99,Normal
2026-02-08 07:15:53.588851,Toronto-473d,-28,52,Normal
2026-02-08 07:15:54.588851,Toronto-473d,43,27,Normal
2026-02-08 07:15:55.588851,Toronto-473d,-22,88,Normal
2026-02-08 07:15:56.588851,Toronto-473d,-27,87,Normal
2026-02-08 07:15:57.588851,Toronto-473d,-6,9,Normal
2026-02-08 07:15:58.588851,Toronto-473d,-26,46,Normal
2026-02-08 07:15:59.588851,Toronto-473d,9,82,Normal
2026-02-08 07:16:00.588851,Toronto-473d,1,58,Normal
2026-02-08 07:16:01.588851,Toronto-473d,-2,23,Normal
2026-02-08 07:16:02.588851,Toronto-473d,-3,60,Normal
2026-02-08 07:16:03.588851,Toronto-473d,18,54,Normal
2026-02-08 07:16:04.588851,Toronto-473d,26,79,Normal
2026-02-08 07:16:05.588851,Toronto-473d,34,38,Normal
2026-02-08 07:16:06.588851,Toronto-473d,-10,17,Normal
2026-02-08 07:16:07.588851,Toronto-473d,13,69,Normal
2026-02-08 07:16:08.588851,Toronto-473d,43,4,Normal
2026-02-08 07:16:09.588851,Toronto-473d,34,57,Normal
2026-02-08 07:16:10.588851,Toronto-473d,6,61,Normal
2026-02-08 07:16:11.588851,Toronto-473d,13,3,Normal
2026-02-08 07:16:12.588851,Toronto-473d,-29,90,Normal
2026-02-08 07:16:13.588851,Toronto-473d,-20,45,Normal
2026-02-08 07:16:14.588851,Toronto-473d,-14,13,Normal
2026-02-08 07:16:15.588851,Toronto-473d,40,12,Normal
2026-02-08 07:16:16.588851,Toronto-473d,19,83,Normal
2026-02-08 07:16:17.588851,Toronto-473d,-20,50,Normal
2026-02-08 07:16:18.588851,Toronto-473d,-15,95,Normal
2026-02-08 07:16:19.588851,Toronto-473d,-6,54,Normal
2026-02-08 07:16:20.588851,Toronto-473d,1,73,Normal
2026-02-08 07:16:21.588851,Toronto-473d,29,19,Normal
2026-02-08 07:16:22.588851,Toronto-473d,2,45,Normal
2026-02-08 07:16:23.588851,Toronto-473d,-11,79,Normal
2026-02-08 07:16:24.588851,Toronto-473d,-30,29,Normal
2026-02-08 07:16:25.588851,Toronto-473d,43,52,Normal
2026-02-08 07:16:26.588851,Toronto-473d,43,84,Normal
2026-02-08 07:16:27.588851,Toronto-473d,4,69,Normal
2026-02-08 07:16:28.588851,Toronto-473d,29,40,Normal
2026-02-08 07:16:29.588851,Toronto-473d,-20,42,Normal
2026-02-08 07:16:30.588851,Toronto-473d,-9,80,Normal
2026-02-08 07:16:31.588851,Toronto-473d,32,39,Normal
2026-02-08 07:16:32.588851,Toronto-473d,-10,99,Normal
2026-02-08 07:16:33.588851,Toronto-473d,27,92,Normal
2026-02-08 07:16:34.588851,Toronto-473d,-10,36,Normal
2026-02-08 07:16:35.588851,Toronto-473d,-3,77,Normal
2026-02-08 07:16:36.588851,Toronto-473d,50,25,Normal
2026-02-08 07:16:37.588851,Toronto-473d,14,23,Normal
2026-02-08 07:16:38.588851,Toronto-473d,40,12,Normal
2026-02-08 07:16:39.588851,Toronto-473d,4,54,Normal
2026-02-08 07:16:40.588851,Toronto-473d,16,30,Normal
2026-02-08 07:16:41.588851,Toronto-473d,-21,78,Normal
2026-02-08 07:16:42.588851,Toronto-473d,-13,23,Normal
2026-02-08 07:16:43.588851,Toronto-473d,2,57,Normal
2026-02-08 07:16:44.588851,Toronto-473d,19,86,Normal
2026-02-08 07:16:45.588851,Toronto-473d,43,67,Normal
2026-02-08 07:16:46.588851,Toronto-473d,-13,84,Normal
2026-02-08 07:16:47.588851,Toronto-473d,18,68,Normal
2026-02-08 07:16:48.588851,Toronto-473d,44,33,Normal
2026-02-08 07:16:49.588851,Toronto-473d,50,47,Normal
2026-02-08 07:16:50.588851,Toronto-473d,-5,76,Normal
2026-02-08 07:16:51.588851,Toronto-473d,10,11,Normal
2026-02-08 07:16:52.588851,Toronto-473d,-30,66,Normal
2026-02-08 07:16:53.588851,Toronto-473d,-5,21,Normal
2026-02-08 07:16:54.588851,Toronto-473d,39,74,Normal
2026-02-08 07:16:55.588851,Toronto-473d,-2,1,Normal
2026-02-08 07:16:56.588851,Toronto-473d,26,39,Normal
2026-02-08 07:16:57.588851,Toronto-473d,12,84,Normal
2026-02-08 07:16:58.588851,Toronto-473d,28,38,Normal
2026-02-08 07:16:59.588851,Toronto-473d,47,46,Normal
2026-02-08 07:17:00.588851,Toronto-473d,17,10,Normal
2026-02-08 07:17:01.588851,Toronto-473d,46,97,Normal
2026-02-08 07:17:02.588851,Toronto-473d,-19,48,Normal
2026-02-08 07:17:03.588851,Toronto-473d,40,71,Normal
2026-02-08 07:17:04.588851,Toronto-473d,49,76,Normal
2026-02-08 07:17:05.588851,Toronto-473d,-10,4,Normal
2026-02-08 07:17:06.588851,Toronto-473d,44,33,Normal
2026-02-08 07:17:07.588851,Toronto-473d,17,82,Normal
2026-02-08 07:17:08.588851,Toronto-473d,-4,81,Normal
2026-02-08 07:17:09.588851,Toronto-473d,47,10,Normal
2026-02-08 07:17:10.588851,Toronto-473d,-9,62,Normal
2026-02-08 07:17:11.588851,Toronto-473d,-4,58,Normal
2026-02-08 07:17:12.588851,Toronto-473d,-12,60,Normal
2026-02-08 07:17:13.588851,Toronto-473d,2,13,Normal
2026-02-08 07:17:14.588851,Toronto-473d,33,19,Normal
2026-02-08 07:17:15.588851,Toronto-473d,30,73,Normal
2026-02-08 07:17:16.588851,Toronto-473d,21,0,Normal
2026-02-08 07:17:17.588851,Toronto-473d,16,9,Normal
2026-02-08 07:17:18.588851,Toronto-473d,-24,78,Normal
2026-02-08 07:17:19.588851,Toronto-473d,7,95,Normal
2026-02-08 07:17:20.588851,Toronto-473d,40,35,Normal
2026-02-08 07:17:21.588851,Toronto-473d,-29,32,Normal
2026-02-08 07:17:22.588851,Toronto-473d,36,38,Normal
2026-02-08 07:17:23.588851,Toronto-473d,20,56,Normal
2026-02-08 07:17:24.588851,Toronto-473d,-2,13,Normal
2026-02-08 07:17:25.588851,Toronto-473d,6,0,Normal
2026-02-08 07:17:26.588851,Toronto-473d,33,15,Normal
2026-02-08 07:17:27.588851,Toronto-473d,-24,17,Normal
2026-02-08 07:17:28.588851,Toronto-473d,-22,23,Normal
2026-02-08 07:17:29.588851,Toronto-473d,-23,20,Normal
2026-02-08 07:17:30.588851,Toronto-473d,27,49,Normal
2026-02-08 07:17:31.588851,Toronto-473d,-6,78,Normal
2026-02-08 07:17:32.588851,Toronto-473d,45,35,Normal
2026-02-08 07:17:33.588851,Toronto-473d,42,98,Normal
2026-02-08 07:17:34.588851,Toronto-473d,-21,16,Normal
2026-02-08 07:17:35.588851,Toronto-473d,-18,81,Normal
2026-02-08 07:17:36.588851,Toronto-473d,48,43,Normal
2026-02-08 07:17:37.588851,Toronto-473d,28,63,Normal
2026-02-08 07:17:38.588851,Toronto-473d,44,71,Normal
2026-02-08 07:17:39.588851,Toronto-473d,1,67,Normal
2026-02-08 07:17:40.588851,Toronto-473d,15,24,Normal
2026-02-08 07:17:41.588851,Toronto-473d,14,19,Normal
2026-02-08 07:17:42.588851,Toronto-473d,-18,75,Normal
2026-02-08 07:17:43.588851,Toronto-473d,-16,19,Normal
2026-02-08 07:17:44.588851,Toronto-473d,40,91,Normal
2026-02-08 07:17:45.588851,Toronto-473d,0,73,Normal
2026-02-08 07:17:46.588851,Toronto-473d,-18,67,Normal
2026-02-08 07:17:47.588851,Toronto-473d,26,99,Normal
2026-02-08 07:17:48.588851,Toronto-473d,-29,39,Normal
2026-02-08 07:17:49.588851,Toronto-473d,35,86,Normal
2026-02-08 07:17:50.588851,Toronto-473d,-13,69,Normal
2026-02-08 07:17:51.588851,Toronto-473d,49,51,Normal
2026-02-08 07:17:52.588851,Toronto-473d,9,69,Normal
2026-02-08 07:17:53.588851,Toronto-473d,-1,45,Normal
2026-02-08 07:17:54.588851,Toronto-473d,-18,62,Normal
2026-02-08 07:17:55.588851,Toronto-473d,20,79,Normal
2026-02-08 07:17:56.588851,Toronto-473d,-21,33,Normal
2026-02-08 07:17:57.588851,Toronto-473d,36,77,Normal
2026-02-08 07:17:58.588851,Toronto-473d,-27,41,Normal
2026-02-08 07:17:59.588851,Toronto-473d,25,62,Normal
2026-02-08 07:18:00.588851,Toronto-473d,46,37,Normal
2026-02-08 07:18:01.588851,Toronto-473d,39,52,Normal
2026-02-08 07:18:02.588851,Toronto-473d,30,38,Normal
2026-02-08 07:18:03.588851,Toronto-473d,35,70,Normal
2026-02-08 07:18:04.588851,Toronto-473d,20,98,Normal
2026-02-08 07:18:05.588851,Toronto-473d,32,17,Normal
2026-02-08 07:18:06.588851,Toronto-473d,3,42,Normal
2026-02-08 07:18:07.588851,Toronto-473d,-17,78,Normal
2026-02-08 07:18:08.588851,Toronto-473d,-26,46,Normal
2026-02-08 07:18:09.588851,Toronto-473d,32,83,Normal
2026-02-08 07:18:10.588851,Toronto-473d,-22,100,Normal
2026-02-08 07:18:11.588851,Toronto-473d,46,60,Normal
2026-02-08 07:18:12.588851,Toronto-473d,15,34,Normal
2026-02-08 07:18:13.588851,Toronto-473d,-22,97,Normal
2026-02-08 07:18:14.588851,Toronto-473d,30,21,Normal
2026-02-08 07:18:15.588851,Toronto-473d,-30,97,Normal
2026-02-08 07:18:16.588851,Toronto-473d,6,86,Normal
2026-02-08 07:18:17.588851,Toronto-473d,27,43,Normal
2026-02-08 07:18:18.588851,Toronto-473d,2,72,Normal
2026-02-08 07:18:19.588851,Toronto-473d,12,1,Normal
2026-02-08 07:18:20.588851,Toronto-473d,0,79,Normal
2026-02-08 07:18:21.588851,Toronto-473d,-29,2,Normal
2026-02-08 07:18:22.588851,Toronto-473d,42,10,Normal
2026-02-08 07:18:23.588851,Toronto-473d,28,10,Normal
2026-02-08 07:18:24.588851,Toronto-473d,26,50,Normal
2026-02-08 07:18:25.588851,Toronto-473d,48,5,Normal
2026-02-08 07:18:26.588851,Toronto-473d,45,43,Normal
2026-02-08 07:18:27.588851,Toronto-473d,9,43,Normal
2026-02-08 07:18:28.588851,Toronto-473d,8,2,Normal
2026-02-08 07:18:29.588851,Toronto-473d,-3,3,Normal
2026-02-08 07:18:30.588851,Toronto-473d,8,73,Normal
2026-02-08 07:18:31.588851,Toronto-473d,45,4,Normal
2026-02-08 07:18:32.588851,Toronto-473d,-8,91,Normal
2026-02-08 07:18:33.588851,Toronto-473d,-16,27,Normal
2026-02-08 07:18:34.588851,Toronto-473d,-27,6,Normal
2026-02-08 07:18:35.588851,Toronto-473d,41,11,Normal
2026-02-08 07:18:36.588851,Toronto-473d,-16,60,Normal
2026-02-08 07:18:37.588851,Toronto-473d,-14,77,Normal
2026-02-08 07:18:38.588851,Toronto-473d,23,46,Normal
2026-02-08 07:18:39.588851,Toronto-473d,-23,14,Normal
2026-02-08 07:18:40.588851,Toronto-473d,-6,92,Normal
2026-02-08 07:18:41.588851,Toronto-473d,-19,13,Normal
2026-02-08 07:18:42.588851,Toronto-473d,-5,32,Normal
2026-02-08 07:18:43.588851,Toronto-473d,3,50,Normal
2026-02-08 07:18:44.588851,Toronto-473d,-4,58,Normal
2026-02-08 07:18:45.588851,Toronto-473d,28,78,Normal
2026-02-08 07:18:46.588851,Toronto-473d,-6,37,Normal
2026-02-08 07:18:47.588851,Toronto-473d,21,34,Normal
2026-02-08 07:18:48.588851,Toronto-473d,-22,61,Normal
2026-02-08 07:18:49.588851,Toronto-473d,-8,40,Normal
2026-02-08 07:18:50.588851,Toronto-473d,21,46,Normal
2026-02-08 07:18:51.588851,Toronto-473d,38,76,Normal
2026-02-08 07:18:52.588851,Toronto-473d,23,36,Normal
2026-02-08 07:18:53.588851,Toronto-473d,48,64,Normal
2026-02-08 07:18:54.588851,Toronto-473d,50,57,Normal
2026-02-08 07:18:55.588851,Toronto-473d,-8,4,Normal
2026-02-08 07:18:56.588851,Toronto-473d,40,46,Normal
2026-02-08 07:18:57.588851,Toronto-473d,-1,13,Normal
2026-02-08 07:18:58.588851,Toronto-473d,44,78,Normal
2026-02-08 07:18:59.588851,Toronto-473d,10,76,Normal
2026-02-08 07:19:00.588851,Toronto-473d,42,72,Normal
2026-02-08 07:19:01.588851,Toronto-473d,27,28,Normal
2026-02-08 07:19:02.588851,Toronto-473d,32,77,Normal
2026-02-08 07:19:03.588851,Toronto-473d,-12,57,Normal
2026-02-08 07:19:04.588851,Toronto-473d,14,70,Normal
2026-02-08 07:19:05.588851,Toronto-473d,-11,11,Normal
2026-02-08 07:19:06.588851,Toronto-473d,30,12,Normal
2026-02-08 07:19:07.588851,Toronto-473d,-6,38,Normal
2026-02-08 07:19:08.588851,Toronto-473d,2,40,Normal
2026-02-08 07:19:09.588851,Toronto-473d,-7,69,Normal
2026-02-08 07:19:10.588851,Toronto-473d,-26,52,Normal
2026-02-08 07:19:11.588851,Toronto-473d,-16,54,Normal
2026-02-08 07:19:12.588851,Toronto-473d,26,25,Normal
2026-02-08 07:19:13.588851,Toronto-473d,-6,38,Normal
2026-02-08 07:19:14.588851,Toronto-473d,24,61,Normal
2026-02-08 07:19:15.588851,Toronto-473d,44,98,Normal
2026-02-08 07:19:16.588851,Toronto-473d,-2,17,Normal
2026-02-08 07:19:17.588851,Toronto-473d,4,83,Normal
2026-02-08 07:19:18.588851,Toronto-473d,5,58,Normal
2026-02-08 07:19:19.588851,Toronto-473d,-29,83,Normal
2026-02-08 07:19:20.588851,Toronto-473d,35,83,Normal
2026-02-08 07:19:21.588851,Toronto-473d,-8,50,Normal
2026-02-08 07:19:22.588851,Toronto-473d,18,91,Normal
2026-02-08 07:19:23.588851,Toronto-473d,-1,3,Normal
2026-02-08 07:19:24.588851,Toronto-473d,-13,67,Normal
2026-02-08 07:19:25.588851,Toronto-473d,33,27,Normal
2026-02-08 07:19:26.588851,Toronto-473d,32,38,Normal
2026-02-08 07:19:27.588851,Toronto-473d,42,100,Normal
2026-02-08 07:19:28.588851,Toronto-473d,28,61,Normal
2026-02-08 07:19:29.588851,Toronto-473d,-19,18,Normal
2026-02-08 07:19:30.588851,Toronto-473d,19,71,Normal
2026-02-08 07:19:31.588851,Toronto-473d,1,83,Normal
2026-02-08 07:19:32.588851,Toronto-473d,23,19,Normal
2026-02-08 07:19:33.588851,Toronto-473d,-10,16,Normal
2026-02-08 07:19:34.588851,Toronto-473d,8,40,Normal
2026-02-08 07:19:35.588851,Toronto-473d,28,11,Normal
2026-02-08 07:19:36.588851,Toronto-473d,44,33,Normal
2026-02-08 07:19:37.588851,Toronto-473d,47,63,Normal
2026-02-08 07:19:38.588851,Toronto-473d,13,71,Normal
2026-02-08 07:19:39.588851,Toronto-473d,0,0,Normal
2026-02-08 07:19:40.588851,Toronto-473d,-15,56,Normal
2026-02-08 07:19:41.588851,Toronto-473d,49,35,Normal
2026-02-08 07:19:42.588851,Toronto-473d,-19,89,Normal
2026-02-08 07:19:43.588851,Toronto-473d,-1,5,Normal
2026-02-08 07:19:44.588851,Toronto-473d,-24,79,Normal
2026-02-08 07:19:45.588851,Toronto-473d,5,92,Normal
2026-02-08 07:19:46.588851,Toronto-473d,22,28,Normal
2026-02-08 07:19:47.588851,Toronto-473d,11,96,Normal
2026-02-08 07:19:48.588851,Toronto-473d,13,13,Normal
2026-02-08 07:19:49.588851,Toronto-473d,-28,98,Normal
2026-02-08 07:19:50.588851,Toronto-473d,8,69,Normal
2026-02-08 07:19:51.588851,Toronto-473d,22,67,Normal
2026-02-08 07:19:52.588851,Toronto-473d,6,11,Normal
2026-02-08 07:19:53.588851,Toronto-473d,-8,79,Normal
2026-02-08 07:19:54.588851,Toronto-473d,28,39,Normal
2026-02-08 07:19:55.588851,Toronto-473d,37,74,Normal
2026-02-08 07:19:56.588851,Toronto-473d,1,76,Normal
2026-02-08 07:19:57.588851,Toronto-473d,-13,21,Normal
2026-02-08 07:19:58.588851,Toronto-473d,34,91,Normal
2026-02-08 07:19:59.588851,Toronto-473d,15,61,Normal
2026-02-08 07:20:00.588851,Toronto-473d,10,19,Normal
2026-02-08 07:20:01.588851,Toronto-473d,6,13,Normal
2026-02-08 07:20:02.588851,Toronto-473d,-18,55,Normal
2026-02-08 07:20:03.588851,Toronto-473d,15,91,Normal
2026-02-08 07:20:04.588851,Toronto-473d,-24,86,Normal
2026-02-08 07:20:05.588851,Toronto-473d,0,86,Normal
2026-02-08 07:20:06.588851,Toronto-473d,-13,57,Normal
2026-02-08 07:20:07.588851,Toronto-473d,3,51,Normal
2026-02-08 07:20:08.588851,Toronto-473d,-12,55,Normal
2026-02-08 07:20:09.588851,Toronto-473d,41,94,Normal
2026-02-08 07:20:10.588851,Toronto-473d,19,42,Normal
2026-02-08 07:20:11.588851,Toronto-473d,-13,19,Normal
2026-02-08 07:20:12.588851,Toronto-473d,43,11,Normal
2026-02-08 07:20:13.588851,Toronto-473d,42,11,Normal
2026-02-08 07:20:14.588851,Toronto-473d,49,54,Normal
2026-02-08 07:20:15.588851,Toronto-473d,44,70,Normal
2026-02-08 07:20:16.588851,Toronto-473d,24,100,Normal
2026-02-08 07:20:17.588851,Toronto-473d,-30,43,Normal
2026-02-08 07:20:18.588851,Toronto-473d,-29,38,Normal
2026-02-08 07:20:19.588851,Toronto-473d,-20,86,Normal
2026-02-08 07:20:20.588851,Toronto-473d,21,33,Normal
2026-02-08 07:20:21.588851,Toronto-473d,-5,99,Normal
2026-02-08 07:20:22.588851,Toronto-473d,39,43,Normal
2026-02-08 07:20:23.588851,Toronto-473d,-4,51,Normal
2026-02-08 07:20:24.588851,Toronto-473d,33,25,Normal
2026-02-08 07:20:25.588851,Toronto-473d,8,92,Normal
2026-02-08 07:20:26.588851,Toronto-473d,48,60,Normal
2026-02-08 07:20:27.588851,Toronto-473d,37,9,Normal
2026-02-08 07:20:28.588851,Toronto-473d,31,5,Normal
2026-02-08 07:20:29.588851,Toronto-473d,-7,11,Normal
2026-02-08 07:20:30.588851,Toronto-473d,14,46,Normal
2026-02-08 07:20:31.588851,Toronto-473d,-14,16,Normal
2026-02-08 07:20:32.588851,Toronto-473d,-6,41,Normal
2026-02-08 07:20:33.588851,Toronto-473d,13,99,Normal
2026-02-08 07:20:34.588851,Toronto-473d,8,79,Normal
2026-02-08 07:20:35.588851,Toronto-473d,25,75,Normal
2026-02-08 07:20:36.588851,Toronto-473d,19,92,Normal
2026-02-08 07:20:37.588851,Toronto-473d,20,36,Normal
2026-02-08 07:20:38.588851,Toronto-473d,2,28,Normal
2026-02-08 07:20:39.588851,Toronto-473d,35,44,Normal
2026-02-08 07:20:40.588851,Toronto-473d,17,19,Normal
2026-02-08 07:20:41.588851,Toronto-473d,42,65,Normal
2026-02-08 07:20:42.588851,Toronto-473d,37,9,Normal
2026-02-08 07:20:43.588851,Toronto-473d,38,36,Normal
2026-02-08 07:20:44.588851,Toronto-473d,-5,53,Normal
2026-02-08 07:20:45.588851,Toronto-473d,-24,17,Normal
2026-02-08 07:20:46.588851,Toronto-473d,-13,11,Normal
2026-02-08 07:20:47.588851,Toronto-473d,7,75,Normal
2026-02-08 07:20:48.588851,Toronto-473d,36,70,Normal
2026-02-08 07:20:49.588851,Toronto-473d,8,40,Normal
2026-02-08 07:20:50.588851,Toronto-473d,-21,63,Normal
2026-02-08 07:20:51.588851,Toronto-473d,29,15,Normal
2026-02-08 07:20:52.588851,Toronto-473d,35,29,Normal
2026-02-08 07:20:53.588851,Toronto-473d,-16,39,Normal
2026-02-08 07:20:54.588851,Toronto-473d,10,16,Normal
2026-02-08 07:20:55.588851,Toronto-473d,44,86,Normal
2026-02-08 07:20:56.588851,Toronto-473d,35,80,Normal
2026-02-08 07:20:57.588851,Toronto-473d,48,49,Normal
2026-02-08 07:20:58.588851,Toronto-473d,2,88,Normal
2026-02-08 07:20:59.588851,Toronto-473d,-11,53,Normal
2026-02-08 07:21:00.588851,Toronto-473d,-23,76,Normal
2026-02-08 07:21:01.588851,Toronto-473d,45,8,Normal
2026-02-08 07:21:02.588851,Toronto-473d,11,68,Normal
2026-02-08 07:21:03.588851,Toronto-473d,38,69,Normal
2026-02-08 07:21:04.588851,Toronto-473d,34,19,Normal
2026-02-08 07:21:05.588851,Toronto-473d,-15,87,Normal
2026-02-08 07:21:06.588851,Toronto-473d,19,53,Normal
2026-02-08 07:21:07.588851,Toronto-473d,47,55,Normal
2026-02-08 07:21:08.588851,Toronto-473d,34,24,Normal
2026-02-08 07:21:09.588851,Toronto-473d,48,39,Normal
2026-02-08 07:21:10.588851,Toronto-473d,37,21,Normal
2026-02-08 07:21:11.588851,Toronto-473d,35,33,Normal
2026-02-08 07:21:12.588851,Toronto-473d,24,31,Normal
2026-02-08 07:21:13.588851,Toronto-473d,-15,1,Normal
2026-02-08 07:21:14.588851,Toronto-473d,6,53,Normal
2026-02-08 07:21:15.588851,Toronto-473d,6,35,Normal
2026-02-08 07:21:16.588851,Toronto-473d,5,47,Normal
2026-02-08 07:21:17.588851,Toronto-473d,6,35,Normal
2026-02-08 07:21:18.588851,Toronto-473d,18,93,Normal
2026-02-08 07:21:19.588851,Toronto-473d,37,35,Normal
2026-02-08 07:21:20.588851,Toronto-473d,15,59,Normal
2026-02-08 07:21:21.588851,Toronto-473d,1,33,Normal
2026-02-08 07:21:22.588851,Toronto-473d,31,3,Normal
2026-02-08 07:21:23.588851,Toronto-473d,19,27,Normal
2026-02-08 07:21:24.588851,Toronto-473d,4,94,Normal
2026-02-08 07:21:25.588851,Toronto-473d,34,63,Normal
2026-02-08 07:21:26.588851,Toronto-473d,43,37,Normal
2026-02-08 07:21:27.588851,Toronto-473d,42,54,Normal
2026-02-08 07:21:28.588851,Toronto-473d,9,40,Normal
2026-02-08 07:21:29.588851,Toronto-473d,29,15,Normal
2026-02-08 07:21:30.588851,Toronto-473d,17,91,Normal
2026-02-08 07:21:31.588851,Toronto-473d,1,0,Normal
2026-02-08 07:21:32.588851,Toronto-473d,-22,89,Normal
2026-02-08 07:21:33.588851,Toronto-473d,24,42,Normal
2026-02-08 07:21:34.588851,Toronto-473d,44,55,Normal
2026-02-08 07:21:35.588851,Toronto-473d,7,65,Normal
2026-02-08 07:21:36.588851,Toronto-473d,-26,59,Normal
2026-02-08 07:21:37.588851,Toronto-473d,16,0,Normal
2026-02-08 07:21:38.588851,Toronto-473d,1,42,Normal
2026-02-08 07:21:39.588851,Toronto-473d,-16,91,Normal
2026-02-08 07:21:40.588851,Toronto-473d,-29,10,Normal
2026-02-08 07:21:41.588851,Toronto-473d,-25,25,Normal
2026-02-08 07:21:42.588851,Toronto-473d,31,5,Normal
2026-02-08 07:21:43.588851,Toronto-473d,-28,73,Normal
2026-02-08 07:21:44.588851,Toronto-473d,14,3,Normal
2026-02-08 07:21:45.588851,Toronto-473d,-11,81,Normal
2026-02-08 07:21:46.588851,Toronto-473d,21,84,Normal
2026-02-08 07:21:47.588851,Toronto-473d,-17,94,Normal
2026-02-08 07:21:48.588851,Toronto-473d,-15,69,Normal
2026-02-08 07:21:49.588851,Toronto-473d,3,7,Normal
2026-02-08 07:21:50.588851,Toronto-473d,49,12,Normal
2026-02-08 07:21:51.588851,Toronto-473d,-20,91,Normal
2026-02-08 07:21:52.588851,Toronto-473d,-17,15,Normal
2026-02-08 07:21:53.588851,Toronto-473d,13,7,Normal
2026-02-08 07:21:54.588851,Toronto-473d,-29,61,Normal
2026-02-08 07:21:55.588851,Toronto-473d,34,54,Normal
2026-02-08 07:21:56.588851,Toronto-473d,48,85,Normal
2026-02-08 07:21:57.588851,Toronto-473d,-7,40,Normal
2026-02-08 07:21:58.588851,Toronto-473d,36,9,Normal
2026-02-08 07:21:59.588851,Toronto-473d,-25,59,Normal
2026-02-08 07:22:00.588851,Toronto-473d,49,45,Normal
2026-02-08 07:22:01.588851,Toronto-473d,19,23,Normal
2026-02-08 07:22:02.588851,Toronto-473d,-19,58,Normal
2026-02-08 07:22:03.588851,Toronto-473d,18,95,Normal
2026-02-08 07:22:04.588851,Toronto-473d,46,91,Normal
2026-02-08 07:22:05.588851,Toronto-473d,-25,88,Normal
2026-02-08 07:22:06.588851,Toronto-473d,30,24,Normal
2026-02-08 07:22:07.588851,Toronto-473d,37,72,Normal
2026-02-08 07:22:08.588851,Toronto-473d,40,6,Normal
2026-02-08 07:22:09.588851,Toronto-473d,-12,83,Normal
2026-02-08 07:22:10.588851,Toronto-473d,31,32,Normal
2026-02-08 07:22:11.588851,Toronto-473d,28,19,Normal
2026-02-08 07:22:12.588851,Toronto-473d,49,87,Normal
2026-02-08 07:22:13.588851,Toronto-473d,35,41,Normal
2026-02-08 07:22:14.588851,Toronto-473d,11,22,Normal
2026-02-08 07:22:15.588851,Toronto-473d,46,77,Normal
2026-02-08 07:22:16.588851,Toronto-473d,36,94,Normal
2026-02-08 07:22:17.588851,Toronto-473d,45,74,Normal
2026-02-08 07:22:18.588851,Toronto-473d,-7,48,Normal
2026-02-08 07:22:19.588851,Toronto-473d,-29,53,Normal
2026-02-08 07:22:20.588851,Toronto-473d,-14,55,Normal
2026-02-08 07:22:21.588851,Toronto-473d,47,98,Normal
2026-02-08 07:22:22.588851,Toronto-473d,44,17,Normal
2026-02-08 07:22:23.588851,Toronto-473d,37,69,Normal
2026-02-08 07:22:24.588851,Toronto-473d,47,89,Normal
2026-02-08 07:22:25.588851,Toronto-473d,-16,60,Normal
2026-02-08 07:22:26.588851,Toronto-473d,-15,72,Normal
2026-02-08 07:22:27.588851,Toronto-473d,47,78,Normal
2026-02-08 07:22:28.588851,Toronto-473d,34,76,Normal
2026-02-08 07:22:29.588851,Toronto-473d,2,17,Normal
2026-02-08 07:22:30.588851,Toronto-473d,29,92,Normal
2026-02-08 07:22:31.588851,Toronto-473d,-12,16,Normal
2026-02-08 07:22:32.588851,Toronto-473d,10,69,Normal
2026-02-08 07:22:33.588851,Toronto-473d,-26,24,Normal
2026-02-08 07:22:34.588851,Toronto-473d,-20,51,Normal
2026-02-08 07:22:35.588851,Toronto-473d,37,64,Normal
2026-02-08 07:22:36.588851,Toronto-473d,37,32,Normal
2026-02-08 07:22:37.588851,Toronto-473d,-12,100,Normal
2026-02-08 07:22:38.588851,Toronto-473d,11,21,Normal
2026-02-08 07:22:39.588851,Toronto-473d,27,50,Normal
2026-02-08 07:22:40.588851,Toronto-473d,8,86,Normal
2026-02-08 07:22:41.588851,Toronto-473d,-1,77,Normal
2026-02-08 07:22:42.588851,Toronto-473d,-15,10,Normal
2026-02-08 07:22:43.588851,Toronto-473d,-20,9,Normal
2026-02-08 07:22:44.588851,Toronto-473d,37,32,Normal
2026-02-08 07:22:45.588851,Toronto-473d,39,58,Normal
2026-02-08 07:22:46.588851,Toronto-473d,-11,87,Normal
2026-02-08 07:22:47.588851,Toronto-473d,-3,19,Normal
2026-02-08 07:22:48.588851,Toronto-473d,10,69,Normal
2026-02-08 07:22:49.588851,Toronto-473d,-28,14,Normal
2026-02-08 07:22:50.588851,Toronto-473d,-13,52,Normal
2026-02-08 07:22:51.588851,Toronto-473d,7,86,Normal
2026-02-08 07:22:52.588851,Toronto-473d,28,42,Normal
2026-02-08 07:22:53.588851,Toronto-473d,-19,84,Normal
2026-02-08 07:22:54.588851,Toronto-473d,26,99,Normal
2026-02-08 07:22:55.588851,Toronto-473d,-8,49,Normal
2026-02-08 07:22:56.588851,Toronto-473d,-28,38,Normal
2026-02-08 07:22:57.588851,Toronto-473d,29,43,Normal
2026-02-08 07:22:58.588851,Toronto-473d,-16,72,Normal
2026-02-08 07:22:59.588851,Toronto-473d,-11,51,Normal
2026-02-08 07:23:00.588851,Toronto-473d,25,84,Normal
2026-02-08 07:23:01.588851,Toronto-473d,-21,93,Normal
2026-02-08 07:23:02.588851,Toronto-473d,-27,88,Normal
2026-02-08 07:23:03.588851,Toronto-473d,17,67,Normal
2026-02-08 07:23:04.588851,Toronto-473d,-11,36,Normal
2026-02-08 07:23:05.588851,Toronto-473d,48,8,Normal
2026-02-08 07:23:06.588851,Toronto-473d,-25,59,Normal
2026-02-08 07:23:07.588851,Toronto-473d,5,2,Normal
2026-02-08 07:23:08.588851,Toronto-473d,44,46,Normal
2026-02-08 07:23:09.588851,Toronto-473d,30,94,Normal
2026-02-08 07:23:10.588851,Toronto-473d,-23,99,Normal
2026-02-08 07:23:11.588851,Toronto-473d,10,6,Normal
2026-02-08 07:23:12.588851,Toronto-473d,6,41,Normal
2026-02-08 07:23:13.588851,Toronto-473d,-14,33,Normal
2026-02-08 07:23:14.588851,Toronto-473d,-20,13,Normal
2026-02-08 07:23:15.588851,Toronto-473d,-21,65,Normal
2026-02-08 07:23:16.588851,Toronto-473d,4,69,Normal
2026-02-08 07:23:17.588851,Toronto-473d,-21,97,Normal
2026-02-08 07:23:18.588851,Toronto-473d,5,93,Normal
2026-02-08 07:23:19.588851,Toronto-473d,-11,23,Normal
2026-02-08 07:23:20.588851,Toronto-473d,11,28,Normal
2026-02-08 07:23:21.588851,Toronto-473d,-2,90,Normal
2026-02-08 07:23:22.588851,Toronto-473d,-16,31,Normal
2026-02-08 07:23:23.588851,Toronto-473d,48,18,Normal
2026-02-08 07:23:24.588851,Toronto-473d,9,76,Normal
2026-02-08 07:23:25.588851,Toronto-473d,37,31,Normal
2026-02-08 07:23:26.588851,Toronto-473d,28,65,Normal
2026-02-08 07:23:27.588851,Toronto-473d,8,10,Normal
2026-02-08 07:23:28.588851,Toronto-473d,-10,23,Normal
2026-02-08 07:23:29.588851,Toronto-473d,-24,41,Normal
2026-02-08 07:23:30.588851,Toronto-473d,41,38,Normal
2026-02-08 07:23:31.588851,Toronto-473d,-19,18,Normal
2026-02-08 07:23:32.588851,Toronto-473d,17,87,Normal
2026-02-08 07:23:33.588851,Toronto-473d,13,60,Normal
2026-02-08 07:23:34.588851,Toronto-473d,-6,87,Normal
2026-02-08 07:23:35.588851,Toronto-473d,-21,44,Normal
2026-02-08 07:23:36.588851,Toronto-473d,-11,89,Normal
2026-02-08 07:23:37.588851,Toronto-473d,12,1,Normal
2026-02-08 07:23:38.588851,Toronto-473d,24,74,Normal
2026-02-08 07:23:39.588851,Toronto-473d,47,49,Normal
2026-02-08 07:23:40.588851,Toronto-473d,20,68,Normal
2026-02-08 07:23:41.588851,Toronto-473d,-5,26,Normal
2026-02-08 07:23:42.588851,Toronto-473d,8,10,Normal
2026-02-08 07:23:43.588851,Toronto-473d,-27,55,Normal
2026-02-08 07:23:44.588851,Toronto-473d,-20,93,Normal
2026-02-08 07:23:45.588851,Toronto-473d,-17,59,Normal
2026-02-08 07:23:46.588851,Toronto-473d,16,52,Normal
2026-02-08 07:23:47.588851,Toronto-473d,11,91,Normal
2026-02-08 07:23:48.588851,Toronto-473d,-16,20,Normal
2026-02-08 07:23:49.588851,Toronto-473d,-16,37,Normal
2026-02-08 07:23:50.588851,Toronto-473d,4,60,Normal
2026-02-08 07:23:51.588851,Toronto-473d,38,3,Normal
2026-02-08 07:23:52.588851,Toronto-473d,15,21,Normal
2026-02-08 07:23:53.588851,Toronto-473d,49,88,Normal
2026-02-08 07:23:54.588851,Toronto-473d,18,71,Normal
2026-02-08 07:23:55.588851,Toronto-473d,4,4,Normal
2026-02-08 07:23:56.588851,Toronto-473d,-18,9,Normal
2026-02-08 07:23:57.588851,Toronto-473d,-12,3,Normal
2026-02-08 07:23:58.588851,Toronto-473d,-15,66,Normal
2026-02-08 07:23:59.588851,Toronto-473d,-15,4,Normal
2026-02-08 07:24:00.588851,Toronto-473d,-26,31,Normal
2026-02-08 07:24:01.588851,Toronto-473d,49,96,Normal
2026-02-08 07:24:02.588851,Toronto-473d,29,12,Normal
2026-02-08 07:24:03.588851,Toronto-473d,-14,55,Normal
2026-02-08 07:24:04.588851,Toronto-473d,22,31,Normal
2026-02-08 07:24:05.588851,Toronto-473d,38,21,Normal
2026-02-08 07:24:06.588851,Toronto-473d,48,17,Normal
2026-02-08 07:24:07.588851,Toronto-473d,-28,4,Normal
2026-02-08 07:24:08.588851,Toronto-473d,8,46,Normal
2026-02-08 07:24:09.588851,Toronto-473d,-16,45,Normal
2026-02-08 07:24:10.588851,Toronto-473d,13,58,Normal
2026-02-08 07:24:11.588851,Toronto-473d,25,32,Normal
2026-02-08 07:24:12.588851,Toronto-473d,-14,18,Normal
2026-02-08 07:24:13.588851,Toronto-473d,29,87,Normal
2026-02-08 07:24:14.588851,Toronto-473d,50,9,Normal
2026-02-08 07:24:15.588851,Toronto-473d,46,68,Normal
2026-02-08 07:24:16.588851,Toronto-473d,37,6,Normal
2026-02-08 07:24:17.588851,Toronto-473d,-8,5,Normal
2026-02-08 07:24:18.588851,Toronto-473d,-26,29,Normal
2026-02-08 07:24:19.588851,Toronto-473d,-14,67,Normal
2026-02-08 07:24:20.588851,Toronto-473d,19,2,Normal
2026-02-08 07:24:21.588851,Toronto-473d,49,42,Normal
2026-02-08 07:24:22.588851,Toronto-473d,39,87,Normal
2026-02-08 07:24:23.588851,Toronto-473d,1,62,Normal
2026-02-08 07:24:24.588851,Toronto-473d,31,85,Normal
2026-02-08 07:24:25.588851,Toronto-473d,-7,69,Normal
2026-02-08 07:24:26.588851,Toronto-473d,4,0,Normal
2026-02-08 07:24:27.588851,Toronto-473d,15,100,Normal
2026-02-08 07:24:28.588851,Toronto-473d,-12,73,Normal
2026-02-08 07:24:29.588851,Toronto-473d,-7,22,Normal
2026-02-08 07:24:30.588851,Toronto-473d,10,55,Normal
2026-02-08 07:24:31.588851,Toronto-473d,1,81,Normal
2026-02-08 07:24:32.588851,Toronto-473d,16,60,Normal
2026-02-08 07:24:33.588851,Toronto-473d,14,28,Normal
2026-02-08 07:24:34.588851,Toronto-473d,-29,81,Normal
2026-02-08 07:24:35.588851,Toronto-473d,11,54,Normal
2026-02-08 07:24:36.588851,Toronto-473d,26,56,Normal
2026-02-08 07:24:37.588851,Toronto-473d,30,37,Normal
2026-02-08 07:24:38.588851,Toronto-473d,25,100,Normal
2026-02-08 07:24:39.588851,Toronto-473d,8,30,Normal
2026-02-08 07:24:40.588851,Toronto-473d,30,72,Normal
2026-02-08 07:24:41.588851,Toronto-473d,-5,90,Normal
2026-02-08 07:24:42.588851,Toronto-473d,-17,42,Normal
2026-02-08 07:24:43.588851,Toronto-473d,47,82,Normal
2026-02-08 07:24:44.588851,Toronto-473d,-8,36,Normal
2026-02-08 07:24:45.588851,Toronto-473d,-21,69,Normal
2026-02-08 07:24:46.588851,Toronto-473d,43,74,Normal
