timestamp,station_id,temp,humid,condition
2026-02-08 12:31:46.374270,Seoul-2a9e,13,63,Normal
2026-02-08 12:31:47.374270,Seoul-2a9e,-4,48,Normal
2026-02-08 12:31:48.374270,Seoul-2a9e,-11,99,Normal
2026-02-08 12:31:49.374270,Seoul-2a9e,46,80,Normal
2026-02-08 12:31:50.374270,Seoul-2a9e,4,94,Normal
2026-02-08 12:31:51.374270,Seoul-2a9e,-14,32,Normal
2026-02-08 12:31:52.374270,Seoul-2a9e,-4,42,Normal
2026-02-08 12:31:53.374270,Seoul-2a9e,5,84,Normal
2026-02-08 12:31:54.374270,Seoul-2a9e,-8,99,Normal
2026-02-08 12:31:55.374270,Seoul-2a9e,15,53,Normal
2026-02-08 12:31:56.374270,Seoul-2a9e,18,9,Normal
2026-02-08 12:31:57.374270,Seoul-2a9e,-19,21,Normal
2026-02-08 12:31:58.374270,Seoul-2a9e,46,0,Normal
2026-02-08 12:31:59.374270,Seoul-2a9e,18,20,Normal
2026-02-08 12:32:00.374270,Seoul-2a9e,2,47,Normal
2026-02-08 12:32:01.374270,Seoul-2a9e,-30,13,Normal
2026-02-08 12:32:02.374270,Seoul-2a9e,-22,97,Normal
2026-02-08 12:32:03.374270,Seoul-2a9e,35,10,Normal
2026-02-08 12:32:04.374270,Seoul-2a9e,44,73,Normal
2026-02-08 12:32:05.374270,Seoul-2a9e,-29,60,Normal
2026-02-08 12:32:06.374270,Seoul-2a9e,24,99,Normal
2026-02-08 12:32:07.374270,Seoul-2a9e,-1,52,Normal
2026-02-08 12:32:08.374270,Seoul-2a9e,42,28,Normal
2026-02-08 12:32:09.374270,Seoul-2a9e,0,37,Normal
2026-02-08 12:32:10.374270,Seoul-2a9e,37,42,Normal
2026-02-08 12:32:11.374270,Seoul-2a9e,-27,5,Normal
2026-02-08 12:32:12.374270,Seoul-2a9e,-29,68,Normal
2026-02-08 12:32:13.374270,Seoul-2a9e,23,84,Normal
2026-02-08 12:32:14.374270,Seoul-2a9e,24,77,Normal
2026-02-08 12:32:15.374270,Seoul-2a9e,-14,46,Normal
2026-02-08 12:32:16.374270,Seoul-2a9e,40,81,Normal
2026-02-08 12:32:17.374270,Seoul-2a9e,48,92,Normal
2026-02-08 12:32:18.374270,Seoul-2a9e,28,75,Normal
2026-02-08 12:32:19.374270,Seoul-2a9e,-1,4,Normal
2026-02-08 12:32:20.374270,Seoul-2a9e,-4,48,Normal
2026-02-08 12:32:21.374270,Seoul-2a9e,36,55,Normal
2026-02-08 12:32:22.374270,Seoul-2a9e,-9,49,Normal
2026-02-08 12:32:23.374270,Seoul-2a9e,4,61,Normal
2026-02-08 12:32:24.374270,Seoul-2a9e,26,5,Normal
2026-02-08 12:32:25.374270,Seoul-2a9e,7,95,Normal
2026-02-08 12:32:26.374270,Seoul-2a9e,38,60,Normal
2026-02-08 12:32:27.374270,Seoul-2a9e,-22,96,Normal
2026-02-08 12:32:28.374270,Seoul-2a9e,2,66,Normal
2026-02-08 12:32:29.374270,Seoul-2a9e,-30,30,Normal
2026-02-08 12:32:30.374270,Seoul-2a9e,-4,83,Normal
2026-02-08 12:32:31.374270,Seoul-2a9e,0,75,Normal
2026-02-08 12:32:32.374270,Seoul-2a9e,11,82,Normal
2026-02-08 12:32:33.374270,Seoul-2a9e,35,56,Normal
2026-02-08 12:32:34.374270,Seoul-2a9e,-30,30,Normal
2026-02-08 12:32:35.374270,Seoul-2a9e,16,59,Normal
2026-02-08 12:32:36.374270,Seoul-2a9e,-2,4,Normal
2026-02-08 12:32:37.374270,Seoul-2a9e,-2,92,Normal
2026-02-08 12:32:38.374270,Seoul-2a9e,-23,29,Normal
2026-02-08 12:32:39.374270,Seoul-2a9e,22,59,Normal
2026-02-08 12:32:40.374270,Seoul-2a9e,-16,32,Normal
2026-02-08 12:32:41.374270,Seoul-2a9e,47,66,Normal
2026-02-08 12:32:42.374270,Seoul-2a9e,14,53,Normal
2026-02-08 12:32:43.374270,Seoul-2a9e,10,14,Normal
2026-02-08 12:32:44.374270,Seoul-2a9e,38,68,Normal
2026-02-08 12:32:45.374270,Seoul-2a9e,22,16,Normal
2026-02-08 12:32:46.374270,Seoul-2a9e,-11,1,Normal
2026-02-08 12:32:47.374270,Seoul-2a9e,36,50,Normal
2026-02-08 12:32:48.374270,Seoul-2a9e,-18,62,Normal
2026-02-08 12:32:49.374270,Seoul-2a9e,7,74,Normal
2026-02-08 12:32:50.374270,Seoul-2a9e,49,40,Normal
2026-02-08 12:32:51.374270,Seoul-2a9e,17,10,Normal
2026-02-08 12:32:52.374270,Seoul-2a9e,-23,30,Normal
2026-02-08 12:32:53.374270,Seoul-2a9e,-3,20,Normal
2026-02-08 12:32:54.374270,Seoul-2a9e,22,74,Normal
2026-02-08 12:32:55.374270,Seoul-2a9e,28,93,Normal
2026-02-08 12:32:56.374270,Seoul-2a9e,8,51,Normal
2026-02-08 12:32:57.374270,Seoul-2a9e,17,52,Normal
2026-02-08 12:32:58.374270,Seoul-2a9e,50,76,Normal
2026-02-08 12:32:59.374270,Seoul-2a9e,24,69,Normal
2026-02-08 12:33:00.374270,Seoul-2a9e,28,70,Normal
2026-02-08 12:33:01.374270,Seoul-2a9e,31,43,Normal
2026-02-08 12:33:02.374270,Seoul-2a9e,-24,27,Normal
2026-02-08 12:33:03.374270,Seoul-2a9e,-7,91,Normal
2026-02-08 12:33:04.374270,Seoul-2a9e,10,93,Normal
2026-02-08 12:33:05.374270,Seoul-2a9e,9,31,Normal
2026-02-08 12:33:06.374270,Seoul-2a9e,-1,98,Normal
2026-02-08 12:33:07.374270,Seoul-2a9e,0,91,Normal
2026-02-08 12:33:08.374270,Seoul-2a9e,7,41,Normal
2026-02-08 12:33:09.374270,Seoul-2a9e,-3,77,Normal
2026-02-08 12:33:10.374270,Seoul-2a9e,-21,57,Normal
2026-02-08 12:33:11.374270,Seoul-2a9e,-17,89,Normal
2026-02-08 12:33:12.374270,Seoul-2a9e,-21,56,Normal
2026-02-08 12:33:13.374270,Seoul-2a9e,28,88,Normal
2026-02-08 12:33:14.374270,Seoul-2a9e,47,44,Normal
2026-02-08 12:33:15.374270,Seoul-2a9e,40,44,Normal
2026-02-08 12:33:16.374270,Seoul-2a9e,-21,20,Normal
2026-02-08 12:33:17.374270,Seoul-2a9e,-20,74,Normal
2026-02-08 12:33:18.374270,Seoul-2a9e,46,81,Normal
2026-02-08 12:33:19.374270,Seoul-2a9e,41,94,Normal
2026-02-08 12:33:20.374270,Seoul-2a9e,2,36,Normal
2026-02-08 12:33:21.374270,Seoul-2a9e,18,66,Normal
2026-02-08 12:33:22.374270,Seoul-2a9e,34,41,Normal
2026-02-08 12:33:23.374270,Seoul-2a9e,-8,16,Normal
2026-02-08 12:33:24.374270,Seoul-2a9e,-6,91,Normal
2026-02-08 12:33:25.374270,Seoul-2a9e,41,98,Normal
2026-02-08 12:33:26.374270,Seoul-2a9e,22,14,Normal
2026-02-08 12:33:27.374270,Seoul-2a9e,30,66,Normal
2026-02-08 12:33:28.374270,Seoul-2a9e,19,95,Normal
2026-02-08 12:33:29.374270,Seoul-2a9e,-9,26,Normal
2026-02-08 12:33:30.374270,Seoul-2a9e,44,31,Normal
2026-02-08 12:33:31.374270,Seoul-2a9e,3,44,Normal
2026-02-08 12:33:32.374270,Seoul-2a9e,-24,19,Normal
2026-02-08 12:33:33.374270,Seoul-2a9e,6,73,Normal
2026-02-08 12:33:34.374270,Seoul-2a9e,30,50,Normal
2026-02-08 12:33:35.374270,Seoul-2a9e,-18,41,Normal
2026-02-08 12:33:36.374270,Seoul-2a9e,-9,39,Normal
2026-02-08 12:33:37.374270,Seoul-2a9e,39,18,Normal
2026-02-08 12:33:38.374270,Seoul-2a9e,46,73,Normal
2026-02-08 12:33:39.374270,Seoul-2a9e,-10,92,Normal
2026-02-08 12:33:40.374270,Seoul-2a9e,-17,6,Normal
2026-02-08 12:33:41.374270,Seoul-2a9e,37,87,Normal
2026-02-08 12:33:42.374270,Seoul-2a9e,-27,30,Normal
2026-02-08 12:33:43.374270,Seoul-2a9e,-13,48,Normal
2026-02-08 12:33:44.374270,Seoul-2a9e,-23,50,Normal
2026-02-08 12:33:45.374270,Seoul-2a9e,-2,69,Normal
2026-02-08 12:33:46.374270,Seoul-2a9e,42,13,Normal
2026-02-08 12:33:47.374270,Seoul-2a9e,-21,42,Normal
2026-02-08 12:33:48.374270,Seoul-2a9e,17,56,Normal
2026-02-08 12:33:49.374270,Seoul-2a9e,46,90,Normal
2026-02-08 12:33:50.374270,Seoul-2a9e,-6,6,Normal
2026-02-08 12:33:51.374270,Seoul-2a9e,14,63,Normal
2026-02-08 12:33:52.374270,Seoul-2a9e,20,24,Normal
2026-02-08 12:33:53.374270,Seoul-2a9e,43,44,Normal
2026-02-08 12:33:54.374270,Seoul-2a9e,50,21,Normal
2026-02-08 12:33:55.374270,Seoul-2a9e,-2,9,Normal
2026-02-08 12:33:56.374270,Seoul-2a9e,36,25,Normal
2026-02-08 12:33:57.374270,Seoul-2a9e,14,9,Normal
2026-02-08 12:33:58.374270,Seoul-2a9e,4,61,Normal
2026-02-08 12:33:59.374270,Seoul-2a9e,3,1,Normal
2026-02-08 12:34:00.374270,Seoul-2a9e,-4,16,Normal
2026-02-08 12:34:01.374270,Seoul-2a9e,28,73,Normal
2026-02-08 12:34:02.374270,Seoul-2a9e,-23,97,Normal
2026-02-08 12:34:03.374270,Seoul-2a9e,-23,2,Normal
2026-02-08 12:34:04.374270,Seoul-2a9e,-11,66,Normal
2026-02-08 12:34:05.374270,Seoul-2a9e,-5,22,Normal
2026-02-08 12:34:06.374270,Seoul-2a9e,2,76,Normal
2026-02-08 12:34:07.374270,Seoul-2a9e,-4,33,Normal
2026-02-08 12:34:08.374270,Seoul-2a9e,39,10,Normal
2026-02-08 12:34:09.374270,Seoul-2a9e,6,95,Normal
2026-02-08 12:34:10.374270,Seoul-2a9e,33,64,Normal
2026-02-08 12:34:11.374270,Seoul-2a9e,36,95,Normal
2026-02-08 12:34:12.374270,Seoul-2a9e,8,65,Normal
2026-02-08 12:34:13.374270,Seoul-2a9e,-17,99,Normal
2026-02-08 12:34:14.374270,Seoul-2a9e,-16,50,Normal
2026-02-08 12:34:15.374270,Seoul-2a9e,49,82,Normal
2026-02-08 12:34:16.374270,Seoul-2a9e,30,73,Normal
2026-02-08 12:34:17.374270,Seoul-2a9e,40,93,Normal
2026-02-08 12:34:18.374270,Seoul-2a9e,49,27,Normal
2026-02-08 12:34:19.374270,Seoul-2a9e,-10,42,Normal
2026-02-08 12:34:20.374270,Seoul-2a9e,-23,52,Normal
2026-02-08 12:34:21.374270,Seoul-2a9e,48,1,Normal
2026-02-08 12:34:22.374270,Seoul-2a9e,-28,66,Normal
2026-02-08 12:34:23.374270,Seoul-2a9e,-9,99,Normal
2026-02-08 12:34:24.374270,Seoul-2a9e,-21,12,Normal
2026-02-08 12:34:25.374270,Seoul-2a9e,24,61,Normal
2026-02-08 12:34:26.374270,Seoul-2a9e,19,38,Normal
2026-02-08 12:34:27.374270,Seoul-2a9e,8,78,Normal
2026-02-08 12:34:28.374270,Seoul-2a9e,-4,100,Normal
2026-02-08 12:34:29.374270,Seoul-2a9e,-23,66,Normal
2026-02-08 12:34:30.374270,Seoul-2a9e,20,27,Normal
2026-02-08 12:34:31.374270,Seoul-2a9e,7,34,Normal
2026-02-08 12:34:32.374270,Seoul-2a9e,-10,73,Normal
2026-02-08 12:34:33.374270,Seoul-2a9e,30,60,Normal
2026-02-08 12:34:34.374270,Seoul-2a9e,44,93,Normal
2026-02-08 12:34:35.374270,Seoul-2a9e,-9,11,Normal
2026-02-08 12:34:36.374270,Seoul-2a9e,44,62,Normal
2026-02-08 12:34:37.374270,Seoul-2a9e,14,10,Normal
2026-02-08 12:34:38.374270,Seoul-2a9e,50,84,Normal
2026-02-08 12:34:39.374270,Seoul-2a9e,36,19,Normal
2026-02-08 12:34:40.374270,Seoul-2a9e,-2,18,Normal
2026-02-08 12:34:41.374270,Seoul-2a9e,33,31,Normal
2026-02-08 12:34:42.374270,Seoul-2a9e,-16,79,Normal
2026-02-08 12:34:43.374270,Seoul-2a9e,4,90,Normal
2026-02-08 12:34:44.374270,Seoul-2a9e,37,8,Normal
2026-02-08 12:34:45.374270,Seoul-2a9e,27,55,Normal
2026-02-08 12:34:46.374270,Seoul-2a9e,37,11,Normal
2026-02-08 12:34:47.374270,Seoul-2a9e,15,92,Normal
2026-02-08 12:34:48.374270,Seoul-2a9e,12,41,Normal
2026-02-08 12:34:49.374270,Seoul-2a9e,-5,52,Normal
2026-02-08 12:34:50.374270,Seoul-2a9e,7,3,Normal
2026-02-08 12:34:51.374270,Seoul-2a9e,48,56,Normal
2026-02-08 12:34:52.374270,Seoul-2a9e,-28,37,Normal
2026-02-08 12:34:53.374270,Seoul-2a9e,13,69,Normal
2026-02-08 12:34:54.374270,Seoul-2a9e,24,30,Normal
2026-02-08 12:34:55.374270,Seoul-2a9e,18,78,Normal
2026-02-08 12:34:56.374270,Seoul-2a9e,20,13,Normal
2026-02-08 12:34:57.374270,Seoul-2a9e,-2,55,Normal
2026-02-08 12:34:58.374270,Seoul-2a9e,-21,28,Normal
2026-02-08 12:34:59.374270,Seoul-2a9e,-7,32,Normal
2026-02-08 12:35:00.374270,Seoul-2a9e,11,81,Normal
2026-02-08 12:35:01.374270,Seoul-2a9e,26,99,Normal
2026-02-08 12:35:02.374270,Seoul-2a9e,46,86,Normal
2026-02-08 12:35:03.374270,Seoul-2a9e,-26,24,Normal
2026-02-08 12:35:04.374270,Seoul-2a9e,2,78,Normal
2026-02-08 12:35:05.374270,Seoul-2a9e,14,25,Normal
2026-02-08 12:35:06.374270,Seoul-2a9e,26,76,Normal
2026-02-08 12:35:07.374270,Seoul-2a9e,50,93,Normal
2026-02-08 12:35:08.374270,Seoul-2a9e,2,32,Normal
2026-02-08 12:35:09.374270,Seoul-2a9e,-11,94,Normal
2026-02-08 12:35:10.374270,Seoul-2a9e,-23,24,Normal
2026-02-08 12:35:11.374270,Seoul-2a9e,6,6,Normal
2026-02-08 12:35:12.374270,Seoul-2a9e,27,8,Normal
2026-02-08 12:35:13.374270,Seoul-2a9e,-22,13,Normal
2026-02-08 12:35:14.374270,Seoul-2a9e,23,34,Normal
2026-02-08 12:35:15.374270,Seoul-2a9e,-2,5,Normal
2026-02-08 12:35:16.374270,Seoul-2a9e,50,78,Normal
2026-02-08 12:35:17.374270,Seoul-2a9e,-27,12,Normal
2026-02-08 12:35:18.374270,Seoul-2a9e,28,13,Normal
2026-02-08 12:35:19.374270,Seoul-2a9e,32,57,Normal
2026-02-08 12:35:20.374270,Seoul-2a9e,-8,18,Normal
2026-02-08 12:35:21.374270,Seoul-2a9e,-23,19,Normal
2026-02-08 12:35:22.374270,Seoul-2a9e,40,2,Normal
2026-02-08 12:35:23.374270,Seoul-2a9e,37,37,Normal
2026-02-08 12:35:24.374270,Seoul-2a9e,48,11,Normal
2026-02-08 12:35:25.374270,Seoul-2a9e,-7,2,Normal
2026-02-08 12:35:26.374270,Seoul-2a9e,33,22,Normal
2026-02-08 12:35:27.374270,Seoul-2a9e,24,32,Normal
2026-02-08 12:35:28.374270,Seoul-2a9e,-18,80,Normal
2026-02-08 12:35:29.374270,Seoul-2a9e,30,19,Normal
2026-02-08 12:35:30.374270,Seoul-2a9e,18,53,Normal
2026-02-08 12:35:31.374270,Seoul-2a9e,-5,86,Normal
2026-02-08 12:35:32.374270,Seoul-2a9e,12,49,Normal
2026-02-08 12:35:33.374270,Seoul-2a9e,13,94,Normal
2026-02-08 12:35:34.374270,Seoul-2a9e,1,40,Normal
2026-02-08 12:35:35.374270,Seoul-2a9e,23,87,Normal
2026-02-08 12:35:36.374270,Seoul-2a9e,23,49,Normal
2026-02-08 12:35:37.374270,Seoul-2a9e,-30,45,Normal
2026-02-08 12:35:38.374270,Seoul-2a9e,-11,48,Normal
2026-02-08 12:35:39.374270,Seoul-2a9e,-12,19,Normal
2026-02-08 12:35:40.374270,Seoul-2a9e,-1,62,Normal
2026-02-08 12:35:41.374270,Seoul-2a9e,-15,91,Normal
2026-02-08 12:35:42.374270,Seoul-2a9e,-26,98,Normal
2026-02-08 12:35:43.374270,Seoul-2a9e,-7,5,Normal
2026-02-08 12:35:44.374270,Seoul-2a9e,-6,17,Normal
2026-02-08 12:35:45.374270,Seoul-2a9e,35,98,Normal
2026-02-08 12:35:46.374270,Seoul-2a9e,9,46,Normal
2026-02-08 12:35:47.374270,Seoul-2a9e,5,97,Normal
2026-02-08 12:35:48.374270,Seoul-2a9e,44,9,Normal
2026-02-08 12:35:49.374270,Seoul-2a9e,9,89,Normal
2026-02-08 12:35:50.374270,Seoul-2a9e,18,15,Normal
2026-02-08 12:35:51.374270,Seoul-2a9e,24,59,Normal
2026-02-08 12:35:52.374270,Seoul-2a9e,-6,26,Normal
2026-02-08 12:35:53.374270,Seoul-2a9e,29,76,Normal
2026-02-08 12:35:54.374270,Seoul-2a9e,25,81,Normal
2026-02-08 12:35:55.374270,Seoul-2a9e,34,88,Normal
2026-02-08 12:35:56.374270,Seoul-2a9e,38,59,Normal
2026-02-08 12:35:57.374270,Seoul-2a9e,-15,54,Normal
2026-02-08 12:35:58.374270,Seoul-2a9e,-22,80,Normal
2026-02-08 12:35:59.374270,Seoul-2a9e,23,21,Normal
2026-02-08 12:36:00.374270,Seoul-2a9e,-17,17,Normal
2026-02-08 12:36:01.374270,Seoul-2a9e,-29,30,Normal
2026-02-08 12:36:02.374270,Seoul-2a9e,-23,78,Normal
2026-02-08 12:36:03.374270,Seoul-2a9e,8,51,Normal
2026-02-08 12:36:04.374270,Seoul-2a9e,10,85,Normal
2026-02-08 12:36:05.374270,Seoul-2a9e,4,29,Normal
2026-02-08 12:36:06.374270,Seoul-2a9e,17,15,Normal
2026-02-08 12:36:07.374270,Seoul-2a9e,3,34,Normal
2026-02-08 12:36:08.374270,Seoul-2a9e,10,40,Normal
2026-02-08 12:36:09.374270,Seoul-2a9e,12,43,Normal
2026-02-08 12:36:10.374270,Seoul-2a9e,-22,98,Normal
2026-02-08 12:36:11.374270,Seoul-2a9e,38,83,Normal
2026-02-08 12:36:12.374270,Seoul-2a9e,-23,47,Normal
2026-02-08 12:36:13.374270,Seoul-2a9e,-1,24,Normal
2026-02-08 12:36:14.374270,Seoul-2a9e,10,53,Normal
2026-02-08 12:36:15.374270,Seoul-2a9e,16,7,Normal
2026-02-08 12:36:16.374270,Seoul-2a9e,49,29,Normal
2026-02-08 12:36:17.374270,Seoul-2a9e,7,68,Normal
2026-02-08 12:36:18.374270,Seoul-2a9e,-12,100,Normal
2026-02-08 12:36:19.374270,Seoul-2a9e,22,2,Normal
2026-02-08 12:36:20.374270,Seoul-2a9e,8,90,Normal
2026-02-08 12:36:21.374270,Seoul-2a9e,29,69,Normal
2026-02-08 12:36:22.374270,Seoul-2a9e,32,62,Normal
2026-02-08 12:36:23.374270,Seoul-2a9e,21,52,Normal
2026-02-08 12:36:24.374270,Seoul-2a9e,33,98,Normal
2026-02-08 12:36:25.374270,Seoul-2a9e,45,16,Normal
2026-02-08 12:36:26.374270,Seoul-2a9e,-14,39,Normal
2026-02-08 12:36:27.374270,Seoul-2a9e,2,63,Normal
2026-02-08 12:36:28.374270,Seoul-2a9e,-17,0,Normal
2026-02-08 12:36:29.374270,Seoul-2a9e,29,14,Normal
2026-02-08 12:36:30.374270,Seoul-2a9e,48,80,Normal
2026-02-08 12:36:31.374270,Seoul-2a9e,33,43,Normal
2026-02-08 12:36:32.374270,Seoul-2a9e,-16,44,Normal
2026-02-08 12:36:33.374270,Seoul-2a9e,33,25,Normal
2026-02-08 12:36:34.374270,Seoul-2a9e,22,41,Normal
2026-02-08 12:36:35.374270,Seoul-2a9e,44,78,Normal
2026-02-08 12:36:36.374270,Seoul-2a9e,-10,93,Normal
2026-02-08 12:36:37.374270,Seoul-2a9e,17,73,Normal
2026-02-08 12:36:38.374270,Seoul-2a9e,7,70,Normal
2026-02-08 12:36:39.374270,Seoul-2a9e,15,93,Normal
2026-02-08 12:36:40.374270,Seoul-2a9e,30,57,Normal
2026-02-08 12:36:41.374270,Seoul-2a9e,47,29,Normal
2026-02-08 12:36:42.374270,Seoul-2a9e,-16,66,Normal
2026-02-08 12:36:43.374270,Seoul-2a9e,13,45,Normal
2026-02-08 12:36:44.374270,Seoul-2a9e,43,76,Normal
2026-02-08 12:36:45.374270,Seoul-2a9e,8,56,Normal
2026-02-08 12:36:46.374270,Seoul-2a9e,-1,9,Normal
2026-02-08 12:36:47.374270,Seoul-2a9e,9,9,Normal
2026-02-08 12:36:48.374270,Seoul-2a9e,-12,63,Normal
2026-02-08 12:36:49.374270,Seoul-2a9e,5,48,Normal
2026-02-08 12:36:50.374270,Seoul-2a9e,-3,53,Normal
2026-02-08 12:36:51.374270,Seoul-2a9e,10,20,Normal
2026-02-08 12:36:52.374270,Seoul-2a9e,-12,78,Normal
2026-02-08 12:36:53.374270,Seoul-2a9e,-11,24,Normal
2026-02-08 12:36:54.374270,Seoul-2a9e,2,31,Normal
2026-02-08 12:36:55.374270,Seoul-2a9e,12,11,Normal
2026-02-08 12:36:56.374270,Seoul-2a9e,-7,39,Normal
2026-02-08 12:36:57.374270,Seoul-2a9e,-19,95,Normal
2026-02-08 12:36:58.374270,Seoul-2a9e,-30,87,Normal
2026-02-08 12:36:59.374270,Seoul-2a9e,-27,25,Normal
2026-02-08 12:37:00.374270,Seoul-2a9e,20,92,Normal
2026-02-08 12:37:01.374270,Seoul-2a9e,17,12,Normal
2026-02-08 12:37:02.374270,Seoul-2a9e,14,12,Normal
2026-02-08 12:37:03.374270,Seoul-2a9e,2,94,Normal
2026-02-08 12:37:04.374270,Seoul-2a9e,3,60,Normal
2026-02-08 12:37:05.374270,Seoul-2a9e,-1,79,Normal
2026-02-08 12:37:06.374270,Seoul-2a9e,-1,40,Normal
2026-02-08 12:37:07.374270,Seoul-2a9e,44,70,Normal
2026-02-08 12:37:08.374270,Seoul-2a9e,4,34,Normal
2026-02-08 12:37:09.374270,Seoul-2a9e,3,10,Normal
2026-02-08 12:37:10.374270,Seoul-2a9e,33,14,Normal
2026-02-08 12:37:11.374270,Seoul-2a9e,35,7,Normal
2026-02-08 12:37:12.374270,Seoul-2a9e,-4,47,Normal
2026-02-08 12:37:13.374270,Seoul-2a9e,50,49,Normal
2026-02-08 12:37:14.374270,Seoul-2a9e,-22,30,Normal
2026-02-08 12:37:15.374270,Seoul-2a9e,14,37,Normal
2026-02-08 12:37:16.374270,Seoul-2a9e,33,69,Normal
2026-02-08 12:37:17.374270,Seoul-2a9e,19,87,Normal
2026-02-08 12:37:18.374270,Seoul-2a9e,38,60,Normal
2026-02-08 12:37:19.374270,Seoul-2a9e,-29,55,Normal
2026-02-08 12:37:20.374270,Seoul-2a9e,10,76,Normal
2026-02-08 12:37:21.374270,Seoul-2a9e,37,69,Normal
2026-02-08 12:37:22.374270,Seoul-2a9e,38,76,Normal
2026-02-08 12:37:23.374270,Seoul-2a9e,32,31,Normal
2026-02-08 12:37:24.374270,Seoul-2a9e,-28,53,Normal
2026-02-08 12:37:25.374270,Seoul-2a9e,9,59,Normal
2026-02-08 12:37:26.374270,Seoul-2a9e,40,96,Normal
2026-02-08 12:37:27.374270,Seoul-2a9e,14,42,Normal
2026-02-08 12:37:28.374270,Seoul-2a9e,5,54,Normal
2026-02-08 12:37:29.374270,Seoul-2a9e,22,79,Normal
2026-02-08 12:37:30.374270,Seoul-2a9e,36,48,Normal
2026-02-08 12:37:31.374270,Seoul-2a9e,46,43,Normal
2026-02-08 12:37:32.374270,Seoul-2a9e,26,62,Normal
2026-02-08 12:37:33.374270,Seoul-2a9e,7,50,Normal
2026-02-08 12:37:34.374270,Seoul-2a9e,48,30,Normal
2026-02-08 12:37:35.374270,Seoul-2a9e,36,4,Normal
2026-02-08 12:37:36.374270,Seoul-2a9e,36,45,Normal
2026-02-08 12:37:37.374270,Seoul-2a9e,23,91,Normal
2026-02-08 12:37:38.374270,Seoul-2a9e,21,8,Normal
2026-02-08 12:37:39.374270,Seoul-2a9e,-24,3,Normal
2026-02-08 12:37:40.374270,Seoul-2a9e,11,100,Normal
2026-02-08 12:37:41.374270,Seoul-2a9e,36,37,Normal
2026-02-08 12:37:42.374270,Seoul-2a9e,36,58,Normal
2026-02-08 12:37:43.374270,Seoul-2a9e,-24,39,Normal
2026-02-08 12:37:44.374270,Seoul-2a9e,5,49,Normal
2026-02-08 12:37:45.374270,Seoul-2a9e,29,57,Normal
2026-02-08 12:37:46.374270,Seoul-2a9e,36,80,Normal
2026-02-08 12:37:47.374270,Seoul-2a9e,2,72,Normal
2026-02-08 12:37:48.374270,Seoul-2a9e,38,47,Normal
2026-02-08 12:37:49.374270,Seoul-2a9e,-8,22,Normal
2026-02-08 12:37:50.374270,Seoul-2a9e,-16,3,Normal
2026-02-08 12:37:51.374270,Seoul-2a9e,8,25,Normal
2026-02-08 12:37:52.374270,Seoul-2a9e,-26,75,Normal
2026-02-08 12:37:53.374270,Seoul-2a9e,21,61,Normal
2026-02-08 12:37:54.374270,Seoul-2a9e,37,12,Normal
2026-02-08 12:37:55.374270,Seoul-2a9e,37,91,Normal
2026-02-08 12:37:56.374270,Seoul-2a9e,29,40,Normal
2026-02-08 12:37:57.374270,Seoul-2a9e,38,69,Normal
2026-02-08 12:37:58.374270,Seoul-2a9e,-12,97,Normal
2026-02-08 12:37:59.374270,Seoul-2a9e,50,63,Normal
2026-02-08 12:38:00.374270,Seoul-2a9e,4,71,Normal
2026-02-08 12:38:01.374270,Seoul-2a9e,7,11,Normal
2026-02-08 12:38:02.374270,Seoul-2a9e,-17,85,Normal
2026-02-08 12:38:03.374270,Seoul-2a9e,-7,10,Normal
2026-02-08 12:38:04.374270,Seoul-2a9e,14,62,Normal
2026-02-08 12:38:05.374270,Seoul-2a9e,-4,8,Normal
2026-02-08 12:38:06.374270,Seoul-2a9e,16,94,Normal
2026-02-08 12:38:07.374270,Seoul-2a9e,3,76,Normal
2026-02-08 12:38:08.374270,Seoul-2a9e,-14,30,Normal
2026-02-08 12:38:09.374270,Seoul-2a9e,20,82,Normal
2026-02-08 12:38:10.374270,Seoul-2a9e,44,61,Normal
2026-02-08 12:38:11.374270,Seoul-2a9e,-22,97,Normal
2026-02-08 12:38:12.374270,Seoul-2a9e,48,96,Normal
2026-02-08 12:38:13.374270,Seoul-2a9e,-20,6,Normal
2026-02-08 12:38:14.374270,Seoul-2a9e,-17,82,Normal
2026-02-08 12:38:15.374270,Seoul-2a9e,3,36,Normal
2026-02-08 12:38:16.374270,Seoul-2a9e,-16,7,Normal
2026-02-08 12:38:17.374270,Seoul-2a9e,20,30,Normal
2026-02-08 12:38:18.374270,Seoul-2a9e,4,32,Normal
2026-02-08 12:38:19.374270,Seoul-2a9e,45,58,Normal
2026-02-08 12:38:20.374270,Seoul-2a9e,31,67,Normal
2026-02-08 12:38:21.374270,Seoul-2a9e,-2,34,Normal
2026-02-08 12:38:22.374270,Seoul-2a9e,-28,70,Normal
2026-02-08 12:38:23.374270,Seoul-2a9e,50,67,Normal
2026-02-08 12:38:24.374270,Seoul-2a9e,-29,95,Normal
2026-02-08 12:38:25.374270,Seoul-2a9e,-21,33,Normal
2026-02-08 12:38:26.374270,Seoul-2a9e,4,3,Normal
2026-02-08 12:38:27.374270,Seoul-2a9e,49,7,Normal
2026-02-08 12:38:28.374270,Seoul-2a9e,-15,86,Normal
2026-02-08 12:38:29.374270,Seoul-2a9e,-6,96,Normal
2026-02-08 12:38:30.374270,Seoul-2a9e,-27,49,Normal
2026-02-08 12:38:31.374270,Seoul-2a9e,34,15,Normal
2026-02-08 12:38:32.374270,Seoul-2a9e,34,86,Normal
2026-02-08 12:38:33.374270,Seoul-2a9e,38,74,Normal
2026-02-08 12:38:34.374270,Seoul-2a9e,41,4,Normal
2026-02-08 12:38:35.374270,Seoul-2a9e,-29,18,Normal
2026-02-08 12:38:36.374270,Seoul-2a9e,39,27,Normal
2026-02-08 12:38:37.374270,Seoul-2a9e,25,64,Normal
2026-02-08 12:38:38.374270,Seoul-2a9e,19,26,Normal
2026-02-08 12:38:39.374270,Seoul-2a9e,18,56,Normal
2026-02-08 12:38:40.374270,Seoul-2a9e,-24,31,Normal
2026-02-08 12:38:41.374270,Seoul-2a9e,35,11,Normal
2026-02-08 12:38:42.374270,Seoul-2a9e,-16,58,Normal
2026-02-08 12:38:43.374270,Seoul-2a9e,-29,21,Normal
2026-02-08 12:38:44.374270,Seoul-2a9e,-15,10,Normal
2026-02-08 12:38:45.374270,Seoul-2a9e,-4,28,Normal
2026-02-08 12:38:46.374270,Seoul-2a9e,8,68,Normal
2026-02-08 12:38:47.374270,Seoul-2a9e,-14,11,Normal
2026-02-08 12:38:48.374270,Seoul-2a9e,50,97,Normal
2026-02-08 12:38:49.374270,Seoul-2a9e,42,45,Normal
2026-02-08 12:38:50.374270,Seoul-2a9e,-17,86,Normal
2026-02-08 12:38:51.374270,Seoul-2a9e,-22,53,Normal
2026-02-08 12:38:52.374270,Seoul-2a9e,31,5,Normal
2026-02-08 12:38:53.374270,Seoul-2a9e,32,20,Normal
2026-02-08 12:38:54.374270,Seoul-2a9e,18,41,Normal
2026-02-08 12:38:55.374270,Seoul-2a9e,-13,78,Normal
2026-02-08 12:38:56.374270,Seoul-2a9e,45,3,Normal
2026-02-08 12:38:57.374270,Seoul-2a9e,-12,44,Normal
2026-02-08 12:38:58.374270,Seoul-2a9e,-9,20,Normal
2026-02-08 12:38:59.374270,Seoul-2a9e,11,10,Normal
2026-02-08 12:39:00.374270,Seoul-2a9e,8,82,Normal
2026-02-08 12:39:01.374270,Seoul-2a9e,24,29,Normal
2026-02-08 12:39:02.374270,Seoul-2a9e,-1,81,Normal
2026-02-08 12:39:03.374270,Seoul-2a9e,-24,44,Normal
2026-02-08 12:39:04.374270,Seoul-2a9e,-14,11,Normal
2026-02-08 12:39:05.374270,Seoul-2a9e,25,4,Normal
2026-02-08 12:39:06.374270,Seoul-2a9e,35,62,Normal
2026-02-08 12:39:07.374270,Seoul-2a9e,-24,85,Normal
2026-02-08 12:39:08.374270,Seoul-2a9e,19,11,Normal
2026-02-08 12:39:09.374270,Seoul-2a9e,10,1,Normal
2026-02-08 12:39:10.374270,Seoul-2a9e,28,48,Normal
2026-02-08 12:39:11.374270,Seoul-2a9e,-20,38,Normal
2026-02-08 12:39:12.374270,Seoul-2a9e,20,32,Normal
2026-02-08 12:39:13.374270,Seoul-2a9e,7,86,Normal
2026-02-08 12:39:14.374270,Seoul-2a9e,4,16,Normal
2026-02-08 12:39:15.374270,Seoul-2a9e,16,45,Normal
2026-02-08 12:39:16.374270,Seoul-2a9e,-22,24,Normal
2026-02-08 12:39:17.374270,Seoul-2a9e,11,46,Normal
2026-02-08 12:39:18.374270,Seoul-2a9e,-6,12,Normal
2026-02-08 12:39:19.374270,Seoul-2a9e,16,82,Normal
2026-02-08 12:39:20.374270,Seoul-2a9e,-8,1,Normal
2026-02-08 12:39:21.374270,Seoul-2a9e,49,20,Normal
2026-02-08 12:39:22.374270,Seoul-2a9e,-4,71,Normal
2026-02-08 12:39:23.374270,Seoul-2a9e,-13,81,Normal
2026-02-08 12:39:24.374270,Seoul-2a9e,-19,97,Normal
2026-02-08 12:39:25.374270,Seoul-2a9e,33,35,Normal
2026-02-08 12:39:26.374270,Seoul-2a9e,-5,25,Normal
2026-02-08 12:39:27.374270,Seoul-2a9e,21,65,Normal
2026-02-08 12:39:28.374270,Seoul-2a9e,5,1,Normal
2026-02-08 12:39:29.374270,Seoul-2a9e,-4,44,Normal
2026-02-08 12:39:30.374270,Seoul-2a9e,23,18,Normal
2026-02-08 12:39:31.374270,Seoul-2a9e,12,51,Normal
2026-02-08 12:39:32.374270,Seoul-2a9e,11,17,Normal
2026-02-08 12:39:33.374270,Seoul-2a9e,-14,77,Normal
2026-02-08 12:39:34.374270,Seoul-2a9e,32,31,Normal
2026-02-08 12:39:35.374270,Seoul-2a9e,11,65,Normal
2026-02-08 12:39:36.374270,Seoul-2a9e,-28,36,Normal
2026-02-08 12:39:37.374270,Seoul-2a9e,0,86,Normal
2026-02-08 12:39:38.374270,Seoul-2a9e,-17,2,Normal
2026-02-08 12:39:39.374270,Seoul-2a9e,34,59,Normal
2026-02-08 12:39:40.374270,Seoul-2a9e,-21,82,Normal
2026-02-08 12:39:41.374270,Seoul-2a9e,-2,12,Normal
2026-02-08 12:39:42.374270,Seoul-2a9e,-4,48,Normal
2026-02-08 12:39:43.374270,Seoul-2a9e,-6,69,Normal
2026-02-08 12:39:44.374270,Seoul-2a9e,43,55,Normal
2026-02-08 12:39:45.374270,Seoul-2a9e,-20,56,Normal
2026-02-08 12:39:46.374270,Seoul-2a9e,10,6,Normal
2026-02-08 12:39:47.374270,Seoul-2a9e,11,86,Normal
2026-02-08 12:39:48.374270,Seoul-2a9e,11,57,Normal
2026-02-08 12:39:49.374270,Seoul-2a9e,48,33,Normal
2026-02-08 12:39:50.374270,Seoul-2a9e,35,18,Normal
2026-02-08 12:39:51.374270,Seoul-2a9e,-13,71,Normal
2026-02-08 12:39:52.374270,Seoul-2a9e,-9,47,Normal
2026-02-08 12:39:53.374270,Seoul-2a9e,6,36,Normal
2026-02-08 12:39:54.374270,Seoul-2a9e,-15,11,Normal
2026-02-08 12:39:55.374270,Seoul-2a9e,8,52,Normal
2026-02-08 12:39:56.374270,Seoul-2a9e,5,64,Normal
2026-02-08 12:39:57.374270,Seoul-2a9e,21,68,Normal
2026-02-08 12:39:58.374270,Seoul-2a9e,44,75,Normal
2026-02-08 12:39:59.374270,Seoul-2a9e,-26,75,Normal
2026-02-08 12:40:00.374270,Seoul-2a9e,2,62,Normal
2026-02-08 12:40:01.374270,Seoul-2a9e,-13,22,Normal
2026-02-08 12:40:02.374270,Seoul-2a9e,39,19,Normal
2026-02-08 12:40:03.374270,Seoul-2a9e,28,22,Normal
2026-02-08 12:40:04.374270,Seoul-2a9e,-23,78,Normal
2026-02-08 12:40:05.374270,Seoul-2a9e,48,32,Normal
2026-02-08 12:40:06.374270,Seoul-2a9e,-11,43,Normal
2026-02-08 12:40:07.374270,Seoul-2a9e,21,49,Normal
2026-02-08 12:40:08.374270,Seoul-2a9e,13,94,Normal
2026-02-08 12:40:09.374270,Seoul-2a9e,6,45,Normal
2026-02-08 12:40:10.374270,Seoul-2a9e,19,1,Normal
2026-02-08 12:40:11.374270,Seoul-2a9e,-30,64,Normal
2026-02-08 12:40:12.374270,Seoul-2a9e,4,17,Normal
2026-02-08 12:40:13.374270,Seoul-2a9e,-1,29,Normal
2026-02-08 12:40:14.374270,Seoul-2a9e,-22,26,Normal
2026-02-08 12:40:15.374270,Seoul-2a9e,22,21,Normal
2026-02-08 12:40:16.374270,Seoul-2a9e,47,85,Normal
2026-02-08 12:40:17.374270,Seoul-2a9e,0,82,Normal
2026-02-08 12:40:18.374270,Seoul-2a9e,-16,19,Normal
2026-02-08 12:40:19.374270,Seoul-2a9e,-8,9,Normal
2026-02-08 12:40:20.374270,Seoul-2a9e,49,11,Normal
2026-02-08 12:40:21.374270,Seoul-2a9e,-21,60,Normal
2026-02-08 12:40:22.374270,Seoul-2a9e,3,51,Normal
2026-02-08 12:40:23.374270,Seoul-2a9e,-29,83,Normal
2026-02-08 12:40:24.374270,Seoul-2a9e,35,2,Normal
2026-02-08 12:40:25.374270,Seoul-2a9e,-12,3,Normal
2026-02-08 12:40:26.374270,Seoul-2a9e,-20,99,Normal
2026-02-08 12:40:27.374270,Seoul-2a9e,28,74,Normal
2026-02-08 12:40:28.374270,Seoul-2a9e,7,64,Normal
2026-02-08 12:40:29.374270,Seoul-2a9e,6,72,Normal
2026-02-08 12:40:30.374270,Seoul-2a9e,1,26,Normal
2026-02-08 12:40:31.374270,Seoul-2a9e,-9,7,Normal
2026-02-08 12:40:32.374270,Seoul-2a9e,14,11,Normal
2026-02-08 12:40:33.374270,Seoul-2a9e,23,79,Normal
2026-02-08 12:40:34.374270,Seoul-2a9e,-24,60,Normal
2026-02-08 12:40:35.374270,Seoul-2a9e,23,12,Normal
2026-02-08 12:40:36.374270,Seoul-2a9e,44,100,Normal
2026-02-08 12:40:37.374270,Seoul-2a9e,3,31,Normal
2026-02-08 12:40:38.374270,Seoul-2a9e,-11,70,Normal
2026-02-08 12:40:39.374270,Seoul-2a9e,-29,63,Normal
2026-02-08 12:40:40.374270,Seoul-2a9e,18,61,Normal
2026-02-08 12:40:41.374270,Seoul-2a9e,29,79,Normal
2026-02-08 12:40:42.374270,Seoul-2a9e,-22,39,Normal
2026-02-08 12:40:43.374270,Seoul-2a9e,-13,76,Normal
2026-02-08 12:40:44.374270,Seoul-2a9e,4,2,Normal
2026-02-08 12:40:45.374270,Seoul-2a9e,39,57,Normal
2026-02-08 12:40:46.374270,Seoul-2a9e,10,19,Normal
2026-02-08 12:40:47.374270,Seoul-2a9e,12,90,Normal
2026-02-08 12:40:48.374270,Seoul-2a9e,30,44,Normal
2026-02-08 12:40:49.374270,Seoul-2a9e,32,44,Normal
2026-02-08 12:40:50.374270,Seoul-2a9e,-23,3,Normal
2026-02-08 12:40:51.374270,Seoul-2a9e,3,66,Normal
2026-02-08 12:40:52.374270,Seoul-2a9e,-29,30,Normal
2026-02-08 12:40:53.374270,Seoul-2a9e,-5,82,Normal
2026-02-08 12:40:54.374270,Seoul-2a9e,-29,93,Normal
2026-02-08 12:40:55.374270,Seoul-2a9e,31,28,Normal
2026-02-08 12:40:56.374270,Seoul-2a9e,-16,10,Normal
2026-02-08 12:40:57.374270,Seoul-2a9e,-11,93,Normal
2026-02-08 12:40:58.374270,Seoul-2a9e,15,50,Normal
2026-02-08 12:40:59.374270,Seoul-2a9e,-29,98,Normal
2026-02-08 12:41:00.374270,Seoul-2a9e,0,63,Normal
2026-02-08 12:41:01.374270,Seoul-2a9e,4,37,Normal
2026-02-08 12:41:02.374270,Seoul-2a9e,13,22,Normal
2026-02-08 12:41:03.374270,Seoul-2a9e,35,54,Normal
2026-02-08 12:41:04.374270,Seoul-2a9e,5,0,Normal
2026-02-08 12:41:05.374270,Seoul-2a9e,-15,0,Normal
2026-02-08 12:41:06.374270,Seoul-2a9e,7,44,Normal
2026-02-08 12:41:07.374270,Seoul-2a9e,2,35,Normal
2026-02-08 12:41:08.374270,Seoul-2a9e,-6,43,Normal
2026-02-08 12:41:09.374270,Seoul-2a9e,-30,70,Normal
2026-02-08 12:41:10.374270,Seoul-2a9e,1,30,Normal
2026-02-08 12:41:11.374270,Seoul-2a9e,48,63,Normal
2026-02-08 12:41:12.374270,Seoul-2a9e,-24,45,Normal
2026-02-08 12:41:13.374270,Seoul-2a9e,-4,49,Normal
2026-02-08 12:41:14.374270,Seoul-2a9e,43,17,Normal
2026-02-08 12:41:15.374270,Seoul-2a9e,22,34,Normal
2026-02-08 12:41:16.374270,Seoul-2a9e,-22,77,Normal
2026-02-08 12:41:17.374270,Seoul-2a9e,50,3,Normal
2026-02-08 12:41:18.374270,Seoul-2a9e,35,74,Normal
2026-02-08 12:41:19.374270,Seoul-2a9e,29,57,Normal
2026-02-08 12:41:20.374270,Seoul-2a9e,4,98,Normal
2026-02-08 12:41:21.374270,Seoul-2a9e,-17,45,Normal
2026-02-08 12:41:22.374270,Seoul-2a9e,28,21,Normal
2026-02-08 12:41:23.374270,Seoul-2a9e,7,19,Normal
2026-02-08 12:41:24.374270,Seoul-2a9e,46,97,Normal
2026-02-08 12:41:25.374270,Seoul-2a9e,41,86,Normal
2026-02-08 12:41:26.374270,Seoul-2a9e,1,72,Normal
2026-02-08 12:41:27.374270,Seoul-2a9e,11,39,Normal
2026-02-08 12:41:28.374270,Seoul-2a9e,-23,54,Normal
2026-02-08 12:41:29.374270,Seoul-2a9e,11,93,Normal
2026-02-08 12:41:30.374270,Seoul-2a9e,16,91,Normal
2026-02-08 12:41:31.374270,Seoul-2a9e,8,76,Normal
2026-02-08 12:41:32.374270,Seoul-2a9e,32,48,Normal
2026-02-08 12:41:33.374270,Seoul-2a9e,-29,61,Normal
2026-02-08 12:41:34.374270,Seoul-2a9e,-14,81,Normal
2026-02-08 12:41:35.374270,Seoul-2a9e,-11,41,Normal
2026-02-08 12:41:36.374270,Seoul-2a9e,-14,55,Normal
2026-02-08 12:41:37.374270,Seoul-2a9e,13,78,Normal
2026-02-08 12:41:38.374270,Seoul-2a9e,-21,42,Normal
2026-02-08 12:41:39.374270,Seoul-2a9e,45,23,Normal
2026-02-08 12:41:40.374270,Seoul-2a9e,25,87,Normal
2026-02-08 12:41:41.374270,Seoul-2a9e,-22,64,Normal
2026-02-08 12:41:42.374270,Seoul-2a9e,8,62,Normal
2026-02-08 12:41:43.374270,Seoul-2a9e,-23,6,Normal
2026-02-08 12:41:44.374270,Seoul-2a9e,-27,15,Normal
2026-02-08 12:41:45.374270,Seoul-2a9e,-10,24,Normal
2026-02-08 12:41:46.374270,Seoul-2a9e,37,66,Normal
2026-02-08 12:41:47.374270,Seoul-2a9e,40,17,Normal
2026-02-08 12:41:48.374270,Seoul-2a9e,-30,53,Normal
2026-02-08 12:41:49.374270,Seoul-2a9e,28,31,Normal
2026-02-08 12:41:50.374270,Seoul-2a9e,49,59,Normal
2026-02-08 12:41:51.374270,Seoul-2a9e,-1,43,Normal
2026-02-08 12:41:52.374270,Seoul-2a9e,24,98,Normal
2026-02-08 12:41:53.374270,Seoul-2a9e,35,11,Normal
2026-02-08 12:41:54.374270,Seoul-2a9e,-15,39,Normal
2026-02-08 12:41:55.374270,Seoul-2a9e,7,36,Normal
2026-02-08 12:41:56.374270,Seoul-2a9e,32,75,Normal
2026-02-08 12:41:57.374270,Seoul-2a9e,-26,83,Normal
2026-02-08 12:41:58.374270,Seoul-2a9e,47,31,Normal
2026-02-08 12:41:59.374270,Seoul-2a9e,29,10,Normal
2026-02-08 12:42:00.374270,Seoul-2a9e,-20,75,Normal
2026-02-08 12:42:01.374270,Seoul-2a9e,-14,21,Normal
2026-02-08 12:42:02.374270,Seoul-2a9e,4,78,Normal
2026-02-08 12:42:03.374270,Seoul-2a9e,11,30,Normal
2026-02-08 12:42:04.374270,Seoul-2a9e,19,91,Normal
2026-02-08 12:42:05.374270,Seoul-2a9e,6,10,Normal
2026-02-08 12:42:06.374270,Seoul-2a9e,-20,26,Normal
2026-02-08 12:42:07.374270,Seoul-2a9e,-28,53,Normal
2026-02-08 12:42:08.374270,Seoul-2a9e,9,81,Normal
2026-02-08 12:42:09.374270,Seoul-2a9e,21,84,Normal
2026-02-08 12:42:10.374270,Seoul-2a9e,31,27,Normal
2026-02-08 12:42:11.374270,Seoul-2a9e,-4,78,Normal
2026-02-08 12:42:12.374270,Seoul-2a9e,24,64,Normal
2026-02-08 12:42:13.374270,Seoul-2a9e,46,24,Normal
2026-02-08 12:42:14.374270,Seoul-2a9e,33,82,Normal
2026-02-08 12:42:15.374270,Seoul-2a9e,44,66,Normal
2026-02-08 12:42:16.374270,Seoul-2a9e,-13,26,Normal
2026-02-08 12:42:17.374270,Seoul-2a9e,43,79,Normal
2026-02-08 12:42:18.374270,Seoul-2a9e,-2,8,Normal
2026-02-08 12:42:19.374270,Seoul-2a9e,-9,43,Normal
2026-02-08 12:42:20.374270,Seoul-2a9e,5,88,Normal
2026-02-08 12:42:21.374270,Seoul-2a9e,29,16,Normal
2026-02-08 12:42:22.374270,Seoul-2a9e,49,16,Normal
2026-02-08 12:42:23.374270,Seoul-2a9e,30,73,Normal
2026-02-08 12:42:24.374270,Seoul-2a9e,17,12,Normal
2026-02-08 12:42:25.374270,Seoul-2a9e,19,86,Normal
2026-02-08 12:42:26.374270,Seoul-2a9e,47,18,Normal
2026-02-08 12:42:27.374270,Seoul-2a9e,17,88,Normal
2026-02-08 12:42:28.374270,Seoul-2a9e,32,81,Normal
2026-02-08 12:42:29.374270,Seoul-2a9e,13,42,Normal
2026-02-08 12:42:30.374270,Seoul-2a9e,45,3,Normal
2026-02-08 12:42:31.374270,Seoul-2a9e,-21,5,Normal
2026-02-08 12:42:32.374270,Seoul-2a9e,1,37,Normal
2026-02-08 12:42:33.374270,Seoul-2a9e,-28,19,Normal
2026-02-08 12:42:34.374270,Seoul-2a9e,20,15,Normal
2026-02-08 12:42:35.374270,Seoul-2a9e,-27,36,Normal
2026-02-08 12:42:36.374270,Seoul-2a9e,10,42,Normal
2026-02-08 12:42:37.374270,Seoul-2a9e,40,71,Normal
2026-02-08 12:42:38.374270,Seoul-2a9e,48,24,Normal
2026-02-08 12:42:39.374270,Seoul-2a9e,12,99,Normal
2026-02-08 12:42:40.374270,Seoul-2a9e,11,46,Normal
2026-02-08 12:42:41.374270,Seoul-2a9e,-4,56,Normal
2026-02-08 12:42:42.374270,Seoul-2a9e,43,74,Normal
2026-02-08 12:42:43.374270,Seoul-2a9e,29,48,Normal
2026-02-08 12:42:44.374270,Seoul-2a9e,44,56,Normal
2026-02-08 12:42:45.374270,Seoul-2a9e,-18,73,Normal
2026-02-08 12:42:46.374270,Seoul-2a9e,12,98,Normal
2026-02-08 12:42:47.374270,Seoul-2a9e,40,8,Normal
2026-02-08 12:42:48.374270,Seoul-2a9e,17,15,Normal
2026-02-08 12:42:49.374270,Seoul-2a9e,-22,63,Normal
2026-02-08 12:42:50.374270,Seoul-2a9e,31,34,Normal
2026-02-08 12:42:51.374270,Seoul-2a9e,2,43,Normal
2026-02-08 12:42:52.374270,Seoul-2a9e,6,25,Normal
2026-02-08 12:42:53.374270,Seoul-2a9e,-29,73,Normal
2026-02-08 12:42:54.374270,Seoul-2a9e,-25,22,Normal
2026-02-08 12:42:55.374270,Seoul-2a9e,24,96,Normal
2026-02-08 12:42:56.374270,Seoul-2a9e,35,75,Normal
2026-02-08 12:42:57.374270,Seoul-2a9e,38,42,Normal
2026-02-08 12:42:58.374270,Seoul-2a9e,10,98,Normal
2026-02-08 12:42:59.374270,Seoul-2a9e,4,9,Normal
2026-02-08 12:43:00.374270,Seoul-2a9e,47,11,Normal
2026-02-08 12:43:01.374270,Seoul-2a9e,29,20,Normal
2026-02-08 12:43:02.374270,Seoul-2a9e,-11,18,Normal
2026-02-08 12:43:03.374270,Seoul-2a9e,34,8,Normal
2026-02-08 12:43:04.374270,Seoul-2a9e,-19,12,Normal
2026-02-08 12:43:05.374270,Seoul-2a9e,7,43,Normal
2026-02-08 12:43:06.374270,Seoul-2a9e,17,22,Normal
2026-02-08 12:43:07.374270,Seoul-2a9e,45,73,Normal
2026-02-08 12:43:08.374270,Seoul-2a9e,-22,34,Normal
2026-02-08 12:43:09.374270,Seoul-2a9e,7,32,Normal
2026-02-08 12:43:10.374270,Seoul-2a9e,-25,47,Normal
2026-02-08 12:43:11.374270,Seoul-2a9e,15,54,Normal
2026-02-08 12:43:12.374270,Seoul-2a9e,-4,45,Normal
2026-02-08 12:43:13.374270,Seoul-2a9e,-9,15,Normal
2026-02-08 12:43:14.374270,Seoul-2a9e,45,32,Normal
2026-02-08 12:43:15.374270,Seoul-2a9e,36,0,Normal
2026-02-08 12:43:16.374270,Seoul-2a9e,-4,81,Normal
2026-02-08 12:43:17.374270,Seoul-2a9e,37,4,Normal
2026-02-08 12:43:18.374270,Seoul-2a9e,-22,54,Normal
2026-02-08 12:43:19.374270,Seoul-2a9e,18,18,Normal
2026-02-08 12:43:20.374270,Seoul-2a9e,36,18,Normal
2026-02-08 12:43:21.374270,Seoul-2a9e,-24,24,Normal
2026-02-08 12:43:22.374270,Seoul-2a9e,20,5,Normal
2026-02-08 12:43:23.374270,Seoul-2a9e,4,36,Normal
2026-02-08 12:43:24.374270,Seoul-2a9e,25,72,Normal
2026-02-08 12:43:25.374270,Seoul-2a9e,-6,37,Normal
2026-02-08 12:43:26.374270,Seoul-2a9e,11,100,Normal
2026-02-08 12:43:27.374270,Seoul-2a9e,45,80,Normal
2026-02-08 12:43:28.374270,Seoul-2a9e,-7,31,Normal
2026-02-08 12:43:29.374270,Seoul-2a9e,48,54,Normal
2026-02-08 12:43:30.374270,Seoul-2a9e,-8,78,Normal
2026-02-08 12:43:31.374270,Seoul-2a9e,4,86,Normal
2026-02-08 12:43:32.374270,Seoul-2a9e,22,87,Normal
2026-02-08 12:43:33.374270,Seoul-2a9e,47,67,Normal
2026-02-08 12:43:34.374270,Seoul-2a9e,-21,100,Normal
2026-02-08 12:43:35.374270,Seoul-2a9e,39,9,Normal
2026-02-08 12:43:36.374270,Seoul-2a9e,42,1,Normal
2026-02-08 12:43:37.374270,Seoul-2a9e,24,14,Normal
2026-02-08 12:43:38.374270,Seoul-2a9e,-27,82,Normal
2026-02-08 12:43:39.374270,Seoul-2a9e,22,18,Normal
2026-02-08 12:43:40.374270,Seoul-2a9e,12,57,Normal
2026-02-08 12:43:41.374270,Seoul-2a9e,-20,87,Normal
2026-02-08 12:43:42.374270,Seoul-2a9e,33,94,Normal
2026-02-08 12:43:43.374270,Seoul-2a9e,9,47,Normal
2026-02-08 12:43:44.374270,Seoul-2a9e,-6,85,Normal
2026-02-08 12:43:45.374270,Seoul-2a9e,15,68,Normal
2026-02-08 12:43:46.374270,Seoul-2a9e,40,57,Normal
2026-02-08 12:43:47.374270,Seoul-2a9e,0,38,Normal
2026-02-08 12:43:48.374270,Seoul-2a9e,37,13,Normal
2026-02-08 12:43:49.374270,Seoul-2a9e,-26,32,Normal
2026-02-08 12:43:50.374270,Seoul-2a9e,-27,29,Normal
2026-02-08 12:43:51.374270,Seoul-2a9e,-14,1,Normal
2026-02-08 12:43:52.374270,Seoul-2a9e,37,83,Normal
2026-02-08 12:43:53.374270,Seoul-2a9e,26,38,Normal
2026-02-08 12:43:54.374270,Seoul-2a9e,8,66,Normal
2026-02-08 12:43:55.374270,Seoul-2a9e,-22,70,Normal
2026-02-08 12:43:56.374270,Seoul-2a9e,18,97,Normal
2026-02-08 12:43:57.374270,Seoul-2a9e,-10,92,Normal
2026-02-08 12:43:58.374270,Seoul-2a9e,-16,12,Normal
2026-02-08 12:43:59.374270,Seoul-2a9e,8,10,Normal
2026-02-08 12:44:00.374270,Seoul-2a9e,36,91,Normal
2026-02-08 12:44:01.374270,Seoul-2a9e,25,40,Normal
2026-02-08 12:44:02.374270,Seoul-2a9e,-15,77,Normal
2026-02-08 12:44:03.374270,Seoul-2a9e,43,20,Normal
2026-02-08 12:44:04.374270,Seoul-2a9e,28,10,Normal
2026-02-08 12:44:05.374270,Seoul-2a9e,25,30,Normal
2026-02-08 12:44:06.374270,Seoul-2a9e,7,63,Normal
2026-02-08 12:44:07.374270,Seoul-2a9e,-30,78,Normal
2026-02-08 12:44:08.374270,Seoul-2a9e,-1,4,Normal
2026-02-08 12:44:09.374270,Seoul-2a9e,25,47,Normal
2026-02-08 12:44:10.374270,Seoul-2a9e,-9,32,Normal
2026-02-08 12:44:11.374270,Seoul-2a9e,19,96,Normal
2026-02-08 12:44:12.374270,Seoul-2a9e,28,35,Normal
2026-02-08 12:44:13.374270,Seoul-2a9e,-16,6,Normal
2026-02-08 12:44:14.374270,Seoul-2a9e,25,70,Normal
2026-02-08 12:44:15.374270,Seoul-2a9e,-26,43,Normal
2026-02-08 12:44:16.374270,Seoul-2a9e,27,97,Normal
2026-02-08 12:44:17.374270,Seoul-2a9e,-1,26,Normal
2026-02-08 12:44:18.374270,Seoul-2a9e,4,33,Normal
2026-02-08 12:44:19.374270,Seoul-2a9e,15,40,Normal
2026-02-08 12:44:20.374270,Seoul-2a9e,-29,25,Normal
2026-02-08 12:44:21.374270,Seoul-2a9e,46,44,Normal
2026-02-08 12:44:22.374270,Seoul-2a9e,48,29,Normal
2026-02-08 12:44:23.374270,Seoul-2a9e,38,25,Normal
2026-02-08 12:44:24.374270,Seoul-2a9e,46,30,Normal
2026-02-08 12:44:25.374270,Seoul-2a9e,44,13,Normal
2026-02-08 12:44:26.374270,Seoul-2a9e,39,44,Normal
2026-02-08 12:44:27.374270,Seoul-2a9e,-29,5,Normal
2026-02-08 12:44:28.374270,Seoul-2a9e,-27,26,Normal
2026-02-08 12:44:29.374270,Seoul-2a9e,9,5,Normal
2026-02-08 12:44:30.374270,Seoul-2a9e,6,30,Normal
2026-02-08 12:44:31.374270,Seoul-2a9e,49,83,Normal
2026-02-08 12:44:32.374270,Seoul-2a9e,-14,64,Normal
2026-02-08 12:44:33.374270,Seoul-2a9e,41,76,Normal
2026-02-08 12:44:34.374270,Seoul-2a9e,-13,26,Normal
2026-02-08 12:44:35.374270,Seoul-2a9e,-12,11,Normal
2026-02-08 12:44:36.374270,Seoul-2a9e,5,16,Normal
2026-02-08 12:44:37.374270,Seoul-2a9e,45,88,Normal
2026-02-08 12:44:38.374270,Seoul-2a9e,46,52,Normal
2026-02-08 12:44:39.374270,Seoul-2a9e,3,46,Normal
2026-02-08 12:44:40.374270,Seoul-2a9e,-6,49,Normal
2026-02-08 12:44:41.374270,Seoul-2a9e,-20,37,Normal
2026-02-08 12:44:42.374270,Seoul-2a9e,35,84,Normal
2026-02-08 12:44:43.374270,Seoul-2a9e,-5,17,Normal
2026-02-08 12:44:44.374270,Seoul-2a9e,49,85,Normal
2026-02-08 12:44:45.374270,Seoul-2a9e,-24,9,Normal
2026-02-08 12:44:46.374270,Seoul-2a9e,18,63,Normal
2026-02-08 12:44:47.374270,Seoul-2a9e,-16,87,Normal
2026-02-08 12:44:48.374270,Seoul-2a9e,-27,92,Normal
2026-02-08 12:44:49.374270,Seoul-2a9e,-27,15,Normal
2026-02-08 12:44:50.374270,Seoul-2a9e,1,7,Normal
2026-02-08 12:44:51.374270,Seoul-2a9e,10,21,Normal
2026-02-08 12:44:52.374270,Seoul-2a9e,23,1,Normal
2026-02-08 12:44:53.374270,Seoul-2a9e,17,99,Normal
2026-02-08 12:44:54.374270,Seoul-2a9e,41,91,Normal
2026-02-08 12:44:55.374270,Seoul-2a9e,-4,40,Normal
2026-02-08 12:44:56.374270,Seoul-2a9e,-15,76,Normal
2026-02-08 12:44:57.374270,Seoul-2a9e,30,94,Normal
2026-02-08 12:44:58.374270,Seoul-2a9e,-24,36,Normal
2026-02-08 12:44:59.374270,Seoul-2a9e,32,59,Normal
2026-02-08 12:45:00.374270,Seoul-2a9e,30,93,Normal
2026-02-08 12:45:01.374270,Seoul-2a9e,47,63,Normal
2026-02-08 12:45:02.374270,Seoul-2a9e,-13,86,Normal
2026-02-08 12:45:03.374270,Seoul-2a9e,-20,84,Normal
2026-02-08 12:45:04.374270,Seoul-2a9e,43,27,Normal
2026-02-08 12:45:05.374270,Seoul-2a9e,-23,43,Normal
2026-02-08 12:45:06.374270,Seoul-2a9e,35,97,Normal
2026-02-08 12:45:07.374270,Seoul-2a9e,-29,7,Normal
2026-02-08 12:45:08.374270,Seoul-2a9e,-30,31,Normal
2026-02-08 12:45:09.374270,Seoul-2a9e,-22,45,Normal
2026-02-08 12:45:10.374270,Seoul-2a9e,-26,83,Normal
2026-02-08 12:45:11.374270,Seoul-2a9e,-18,87,Normal
2026-02-08 12:45:12.374270,Seoul-2a9e,49,19,Normal
2026-02-08 12:45:13.374270,Seoul-2a9e,-28,59,Normal
2026-02-08 12:45:14.374270,Seoul-2a9e,-13,32,Normal
2026-02-08 12:45:15.374270,Seoul-2a9e,-23,9,Normal
2026-02-08 12:45:16.374270,Seoul-2a9e,5,36,Normal
2026-02-08 12:45:17.374270,Seoul-2a9e,-23,45,Normal
2026-02-08 12:45:18.374270,Seoul-2a9e,35,58,Normal
2026-02-08 12:45:19.374270,Seoul-2a9e,48,89,Normal
2026-02-08 12:45:20.374270,Seoul-2a9e,22,8,Normal
2026-02-08 12:45:21.374270,Seoul-2a9e,-26,14,Normal
2026-02-08 12:45:22.374270,Seoul-2a9e,13,81,Normal
2026-02-08 12:45:23.374270,Seoul-2a9e,-25,96,Normal
2026-02-08 12:45:24.374270,Seoul-2a9e,2,52,Normal
2026-02-08 12:45:25.374270,Seoul-2a9e,8,71,Normal
2026-02-08 12:45:26.374270,Seoul-2a9e,5,69,Normal
2026-02-08 12:45:27.374270,Seoul-2a9e,43,66,Normal
2026-02-08 12:45:28.374270,Seoul-2a9e,27,1,Normal
2026-02-08 12:45:29.374270,Seoul-2a9e,-13,29,Normal
2026-02-08 12:45:30.374270,Seoul-2a9e,-24,37,Normal
2026-02-08 12:45:31.374270,Seoul-2a9e,17,42,Normal
2026-02-08 12:45:32.374270,Seoul-2a9e,-16,64,Normal
2026-02-08 12:45:33.374270,Seoul-2a9e,7,21,Normal
2026-02-08 12:45:34.374270,Seoul-2a9e,44,75,Normal
2026-02-08 12:45:35.374270,Seoul-2a9e,-6,37,Normal
2026-02-08 12:45:36.374270,Seoul-2a9e,8,3,Normal
2026-02-08 12:45:37.374270,Seoul-2a9e,2,7,Normal
2026-02-08 12:45:38.374270,Seoul-2a9e,-5,95,Normal
2026-02-08 12:45:39.374270,Seoul-2a9e,14,43,Normal
2026-02-08 12:45:40.374270,Seoul-2a9e,41,15,Normal
2026-02-08 12:45:41.374270,Seoul-2a9e,16,71,Normal
2026-02-08 12:45:42.374270,Seoul-2a9e,-22,14,Normal
2026-02-08 12:45:43.374270,Seoul-2a9e,-16,23,Normal
2026-02-08 12:45:44.374270,Seoul-2a9e,39,28,Normal
2026-02-08 12:45:45.374270,Seoul-2a9e,-12,56,Normal
2026-02-08 12:45:46.374270,Seoul-2a9e,-29,22,Normal
2026-02-08 12:45:47.374270,Seoul-2a9e,-11,63,Normal
2026-02-08 12:45:48.374270,Seoul-2a9e,48,36,Normal
2026-02-08 12:45:49.374270,Seoul-2a9e,19,74,Normal
2026-02-08 12:45:50.374270,Seoul-2a9e,-12,31,Normal
2026-02-08 12:45:51.374270,Seoul-2a9e,4,55,Normal
2026-02-08 12:45:52.374270,Seoul-2a9e,-27,89,Normal
2026-02-08 12:45:53.374270,Seoul-2a9e,-13,85,Normal
2026-02-08 12:45:54.374270,Seoul-2a9e,-5,25,Normal
2026-02-08 12:45:55.374270,Seoul-2a9e,-6,36,Normal
2026-02-08 12:45:56.374270,Seoul-2a9e,35,35,Normal
2026-02-08 12:45:57.374270,Seoul-2a9e,-28,13,Normal
2026-02-08 12:45:58.374270,Seoul-2a9e,45,35,Normal
2026-02-08 12:45:59.374270,Seoul-2a9e,-13,35,Normal
2026-02-08 12:46:00.374270,Seoul-2a9e,5,50,Normal
2026-02-08 12:46:01.374270,Seoul-2a9e,44,6,Normal
2026-02-08 12:46:02.374270,Seoul-2a9e,34,78,Normal
2026-02-08 12:46:03.374270,Seoul-2a9e,-7,63,Normal
2026-02-08 12:46:04.374270,Seoul-2a9e,13,21,Normal
2026-02-08 12:46:05.374270,Seoul-2a9e,13,48,Normal
2026-02-08 12:46:06.374270,Seoul-2a9e,-19,0,Normal
2026-02-08 12:46:07.374270,Seoul-2a9e,6,86,Normal
2026-02-08 12:46:08.374270,Seoul-2a9e,40,99,Normal
2026-02-08 12:46:09.374270,Seoul-2a9e,35,89,Normal
2026-02-08 12:46:10.374270,Seoul-2a9e,7,24,Normal
2026-02-08 12:46:11.374270,Seoul-2a9e,-26,6,Normal
2026-02-08 12:46:12.374270,Seoul-2a9e,19,54,Normal
2026-02-08 12:46:13.374270,Seoul-2a9e,21,69,Normal
2026-02-08 12:46:14.374270,Seoul-2a9e,43,86,Normal
2026-02-08 12:46:15.374270,Seoul-2a9e,15,74,Normal
2026-02-08 12:46:16.374270,Seoul-2a9e,-22,30,Normal
2026-02-08 12:46:17.374270,Seoul-2a9e,29,96,Normal
2026-02-08 12:46:18.374270,Seoul-2a9e,4,32,Normal
2026-02-08 12:46:19.374270,Seoul-2a9e,-6,1,Normal
2026-02-08 12:46:20.374270,Seoul-2a9e,14,78,Normal
2026-02-08 12:46:21.374270,Seoul-2a9e,29,70,Normal
2026-02-08 12:46:22.374270,Seoul-2a9e,23,74,Normal
2026-02-08 12:46:23.374270,Seoul-2a9e,22,57,Normal
2026-02-08 12:46:24.374270,Seoul-2a9e,-27,76,Normal
2026-02-08 12:46:25.374270,Seoul-2a9e,-14,15,Normal
2026-02-08 12:46:26.374270,Seoul-2a9e,-11,39,Normal
2026-02-08 12:46:27.374270,Seoul-2a9e,33,16,Normal
2026-02-08 12:46:28.374270,Seoul-2a9e,-14,65,Normal
2026-02-08 12:46:29.374270,Seoul-2a9e,4,46,Normal
2026-02-08 12:46:30.374270,Seoul-2a9e,14,80,Normal
2026-02-08 12:46:31.374270,Seoul-2a9e,28,44,Normal
2026-02-08 12:46:32.374270,Seoul-2a9e,-17,99,Normal
2026-02-08 12:46:33.374270,Seoul-2a9e,-21,32,Normal
2026-02-08 12:46:34.374270,Seoul-2a9e,-22,81,Normal
2026-02-08 12:46:35.374270,Seoul-2a9e,49,23,Normal
2026-02-08 12:46:36.374270,Seoul-2a9e,43,84,Normal
2026-02-08 12:46:37.374270,Seoul-2a9e,47,18,Normal
2026-02-08 12:46:38.374270,Seoul-2a9e,-14,29,Normal
2026-02-08 12:46:39.374270,Seoul-2a9e,3,66,Normal
2026-02-08 12:46:40.374270,Seoul-2a9e,17,34,Normal
2026-02-08 12:46:41.374270,Seoul-2a9e,27,86,Normal
2026-02-08 12:46:42.374270,Seoul-2a9e,-2,63,Normal
2026-02-08 12:46:43.374270,Seoul-2a9e,45,19,Normal
2026-02-08 12:46:44.374270,Seoul-2a9e,15,21,Normal
2026-02-08 12:46:45.374270,Seoul-2a9e,-23,7,Normal
2026-02-08 12:46:46.374270,Seoul-2a9e,37,59,Normal
2026-02-08 12:46:47.374270,Seoul-2a9e,16,4,Normal
2026-02-08 12:46:48.374270,Seoul-2a9e,19,36,Normal
2026-02-08 12:46:49.374270,Seoul-2a9e,42,17,Normal
2026-02-08 12:46:50.374270,Seoul-2a9e,-27,11,Normal
2026-02-08 12:46:51.374270,Seoul-2a9e,46,94,Normal
2026-02-08 12:46:52.374270,Seoul-2a9e,37,5,Normal
2026-02-08 12:46:53.374270,Seoul-2a9e,-19,8,Normal
2026-02-08 12:46:54.374270,Seoul-2a9e,-29,29,Normal
2026-02-08 12:46:55.374270,Seoul-2a9e,2,9,Normal
2026-02-08 12:46:56.374270,Seoul-2a9e,-1,69,Normal
2026-02-08 12:46:57.374270,Seoul-2a9e,-9,77,Normal
2026-02-08 12:46:58.374270,Seoul-2a9e,21,29,Normal
2026-02-08 12:46:59.374270,Seoul-2a9e,-9,16,Normal
2026-02-08 12:47:00.374270,Seoul-2a9e,39,37,Normal
2026-02-08 12:47:01.374270,Seoul-2a9e,33,96,Normal
2026-02-08 12:47:02.374270,Seoul-2a9e,-16,22,Normal
2026-02-08 12:47:03.374270,Seoul-2a9e,20,72,Normal
2026-02-08 12:47:04.374270,Seoul-2a9e,42,66,Normal
2026-02-08 12:47:05.374270,Seoul-2a9e,-21,42,Normal
2026-02-08 12:47:06.374270,Seoul-2a9e,-21,88,Normal
2026-02-08 12:47:07.374270,Seoul-2a9e,12,43,Normal
2026-02-08 12:47:08.374270,Seoul-2a9e,-24,2,Normal
2026-02-08 12:47:09.374270,Seoul-2a9e,17,53,Normal
2026-02-08 12:47:10.374270,Seoul-2a9e,45,66,Normal
2026-02-08 12:47:11.374270,Seoul-2a9e,16,84,Normal
2026-02-08 12:47:12.374270,Seoul-2a9e,-6,85,Normal
2026-02-08 12:47:13.374270,Seoul-2a9e,30,56,Normal
2026-02-08 12:47:14.374270,Seoul-2a9e,-17,65,Normal
2026-02-08 12:47:15.374270,Seoul-2a9e,20,23,Normal
2026-02-08 12:47:16.374270,Seoul-2a9e,34,94,Normal
2026-02-08 12:47:17.374270,Seoul-2a9e,4,4,Normal
2026-02-08 12:47:18.374270,Seoul-2a9e,-28,97,Normal
2026-02-08 12:47:19.374270,Seoul-2a9e,35,44,Normal
2026-02-08 12:47:20.374270,Seoul-2a9e,-14,72,Normal
2026-02-08 12:47:21.374270,Seoul-2a9e,39,49,Normal
2026-02-08 12:47:22.374270,Seoul-2a9e,-14,37,Normal
2026-02-08 12:47:23.374270,Seoul-2a9e,38,28,Normal
2026-02-08 12:47:24.374270,Seoul-2a9e,35,0,Normal
2026-02-08 12:47:25.374270,Seoul-2a9e,27,70,Normal
2026-02-08 12:47:26.374270,Seoul-2a9e,-5,100,Normal
2026-02-08 12:47:27.374270,Seoul-2a9e,11,85,Normal
2026-02-08 12:47:28.374270,Seoul-2a9e,2,67,Normal
2026-02-08 12:47:29.374270,Seoul-2a9e,24,50,Normal
2026-02-08 12:47:30.374270,Seoul-2a9e,46,68,Normal
2026-02-08 12:47:31.374270,Seoul-2a9e,16,65,Normal
2026-02-08 12:47:32.374270,Seoul-2a9e,38,71,Normal
2026-02-08 12:47:33.374270,Seoul-2a9e,25,11,Normal
2026-02-08 12:47:34.374270,Seoul-2a9e,13,56,Normal
2026-02-08 12:47:35.374270,Seoul-2a9e,23,55,Normal
2026-02-08 12:47:36.374270,Seoul-2a9e,5,81,Normal
2026-02-08 12:47:37.374270,Seoul-2a9e,-11,35,Normal
2026-02-08 12:47:38.374270,Seoul-2a9e,-20,19,Normal
2026-02-08 12:47:39.374270,Seoul-2a9e,42,36,Normal
2026-02-08 12:47:40.374270,Seoul-2a9e,-4,24,Normal
2026-02-08 12:47:41.374270,Seoul-2a9e,31,55,Normal
2026-02-08 12:47:42.374270,Seoul-2a9e,-23,88,Normal
2026-02-08 12:47:43.374270,Seoul-2a9e,-5,35,Normal
2026-02-08 12:47:44.374270,Seoul-2a9e,1,91,Normal
2026-02-08 12:47:45.374270,Seoul-2a9e,5,19,Normal
2026-02-08 12:47:46.374270,Seoul-2a9e,-12,5,Normal
2026-02-08 12:47:47.374270,Seoul-2a9e,6,43,Normal
2026-02-08 12:47:48.374270,Seoul-2a9e,-3,95,Normal
2026-02-08 12:47:49.374270,Seoul-2a9e,6,90,Normal
2026-02-08 12:47:50.374270,Seoul-2a9e,-3,90,Normal
2026-02-08 12:47:51.374270,Seoul-2a9e,-16,4,Normal
2026-02-08 12:47:52.374270,Seoul-2a9e,-14,47,Normal
2026-02-08 12:47:53.374270,Seoul-2a9e,-5,85,Normal
2026-02-08 12:47:54.374270,Seoul-2a9e,43,49,Normal
2026-02-08 12:47:55.374270,Seoul-2a9e,-21,22,Normal
2026-02-08 12:47:56.374270,Seoul-2a9e,43,4,Normal
2026-02-08 12:47:57.374270,Seoul-2a9e,3,11,Normal
2026-02-08 12:47:58.374270,Seoul-2a9e,9,82,Normal
2026-02-08 12:47:59.374270,Seoul-2a9e,-1,86,Normal
2026-02-08 12:48:00.374270,Seoul-2a9e,-10,62,Normal
2026-02-08 12:48:01.374270,Seoul-2a9e,1,19,Normal
2026-02-08 12:48:02.374270,Seoul-2a9e,1,6,Normal
2026-02-08 12:48:03.374270,Seoul-2a9e,-9,84,Normal
2026-02-08 12:48:04.374270,Seoul-2a9e,33,9,Normal
2026-02-08 12:48:05.374270,Seoul-2a9e,28,78,Normal
2026-02-08 12:48:06.374270,Seoul-2a9e,35,34,Normal
2026-02-08 12:48:07.374270,Seoul-2a9e,2,94,Normal
2026-02-08 12:48:08.374270,Seoul-2a9e,21,61,Normal
2026-02-08 12:48:09.374270,Seoul-2a9e,31,84,Normal
2026-02-08 12:48:10.374270,Seoul-2a9e,29,68,Normal
2026-02-08 12:48:11.374270,Seoul-2a9e,27,30,Normal
2026-02-08 12:48:12.374270,Seoul-2a9e,41,63,Normal
2026-02-08 12:48:13.374270,Seoul-2a9e,-19,8,Normal
2026-02-08 12:48:14.374270,Seoul-2a9e,12,73,Normal
2026-02-08 12:48:15.374270,Seoul-2a9e,37,23,Normal
2026-02-08 12:48:16.374270,Seoul-2a9e,26,5,Normal
2026-02-08 12:48:17.374270,Seoul-2a9e,26,18,Normal
2026-02-08 12:48:18.374270,Seoul-2a9e,10,59,Normal
2026-02-08 12:48:19.374270,Seoul-2a9e,-3,24,Normal
2026-02-08 12:48:20.374270,Seoul-2a9e,-24,87,Normal
2026-02-08 12:48:21.374270,Seoul-2a9e,50,54,Normal
2026-02-08 12:48:22.374270,Seoul-2a9e,-10,24,Normal
2026-02-08 12:48:23.374270,Seoul-2a9e,14,82,Normal
2026-02-08 12:48:24.374270,Seoul-2a9e,-13,62,Normal
2026-02-08 12:48:25.374270,Seoul-2a9e,11,44,Normal
2026-02-08 12:48:26.374270,Seoul-2a9e,46,100,Normal
2026-02-08 12:48:27.374270,Seoul-2a9e,39,72,Normal
2026-02-08 12:48:28.374270,Seoul-2a9e,10,94,Normal
2026-02-08 12:48:29.374270,Seoul-2a9e,-28,15,Normal
2026-02-08 12:48:30.374270,Seoul-2a9e,33,5,Normal
2026-02-08 12:48:31.374270,Seoul-2a9e,10,16,Normal
2026-02-08 12:48:32.374270,Seoul-2a9e,36,65,Normal
2026-02-08 12:48:33.374270,Seoul-2a9e,38,14,Normal
2026-02-08 12:48:34.374270,Seoul-2a9e,34,19,Normal
2026-02-08 12:48:35.374270,Seoul-2a9e,7,78,Normal
2026-02-08 12:48:36.374270,Seoul-2a9e,-6,67,Normal
2026-02-08 12:48:37.374270,Seoul-2a9e,-23,72,Normal
2026-02-08 12:48:38.374270,Seoul-2a9e,25,13,Normal
2026-02-08 12:48:39.374270,Seoul-2a9e,23,78,Normal
2026-02-08 12:48:40.374270,Seoul-2a9e,-9,71,Normal
2026-02-08 12:48:41.374270,Seoul-2a9e,-25,9,Normal
2026-02-08 12:48:42.374270,Seoul-2a9e,-14,0,Normal
2026-02-08 12:48:43.374270,Seoul-2a9e,3,2,Normal
2026-02-08 12:48:44.374270,Seoul-2a9e,-3,98,Normal
2026-02-08 12:48:45.374270,Seoul-2a9e,-19,39,Normal
2026-02-08 12:48:46.374270,Seoul-2a9e,1,23,Normal
2026-02-08 12:48:47.374270,Seoul-2a9e,42,48,Normal
2026-02-08 12:48:48.374270,Seoul-2a9e,23,75,Normal
2026-02-08 12:48:49.374270,Seoul-2a9e,47,82,Normal
2026-02-08 12:48:50.374270,Seoul-2a9e,43,34,Normal
2026-02-08 12:48:51.374270,Seoul-2a9e,-19,25,Normal
2026-02-08 12:48:52.374270,Seoul-2a9e,23,94,Normal
2026-02-08 12:48:53.374270,Seoul-2a9e,19,16,Normal
2026-02-08 12:48:54.374270,Seoul-2a9e,-2,1,Normal
2026-02-08 12:48:55.374270,Seoul-2a9e,-29,61,Normal
2026-02-08 12:48:56.374270,Seoul-2a9e,-23,55,Normal
2026-02-08 12:48:57.374270,Seoul-2a9e,-1,84,Normal
2026-02-08 12:48:58.374270,Seoul-2a9e,-29,12,Normal
2026-02-08 12:48:59.374270,Seoul-2a9e,49,42,Normal
2026-02-08 12:49:00.374270,Seoul-2a9e,49,28,Normal
2026-02-08 12:49:01.374270,Seoul-2a9e,27,49,Normal
2026-02-08 12:49:02.374270,Seoul-2a9e,16,36,Normal
2026-02-08 12:49:03.374270,Seoul-2a9e,44,95,Normal
2026-02-08 12:49:04.374270,Seoul-2a9e,-15,95,Normal
2026-02-08 12:49:05.374270,Seoul-2a9e,10,3,Normal
2026-02-08 12:49:06.374270,Seoul-2a9e,15,15,Normal
2026-02-08 12:49:07.374270,Seoul-2a9e,33,79,Normal
2026-02-08 12:49:08.374270,Seoul-2a9e,34,8,Normal
2026-02-08 12:49:09.374270,Seoul-2a9e,5,22,Normal
2026-02-08 12:49:10.374270,Seoul-2a9e,-16,46,Normal
2026-02-08 12:49:11.374270,Seoul-2a9e,-21,4,Normal
2026-02-08 12:49:12.374270,Seoul-2a9e,9,99,Normal
2026-02-08 12:49:13.374270,Seoul-2a9e,-18,14,Normal
2026-02-08 12:49:14.374270,Seoul-2a9e,-26,87,Normal
2026-02-08 12:49:15.374270,Seoul-2a9e,6,66,Normal
2026-02-08 12:49:16.374270,Seoul-2a9e,45,6,Normal
2026-02-08 12:49:17.374270,Seoul-2a9e,-19,4,Normal
2026-02-08 12:49:18.374270,Seoul-2a9e,44,85,Normal
2026-02-08 12:49:19.374270,Seoul-2a9e,-10,30,Normal
2026-02-08 12:49:20.374270,Seoul-2a9e,0,51,Normal
2026-02-08 12:49:21.374270,Seoul-2a9e,-30,100,Normal
2026-02-08 12:49:22.374270,Seoul-2a9e,-9,95,Normal
2026-02-08 12:49:23.374270,Seoul-2a9e,2,66,Normal
2026-02-08 12:49:24.374270,Seoul-2a9e,40,43,Normal
2026-02-08 12:49:25.374270,Seoul-2a9e,-14,6,Normal
2026-02-08 12:49:26.374270,Seoul-2a9e,40,41,Normal
2026-02-08 12:49:27.374270,Seoul-2a9e,-28,32,Normal
2026-02-08 12:49:28.374270,Seoul-2a9e,13,37,Normal
2026-02-08 12:49:29.374270,Seoul-2a9e,7,80,Normal
2026-02-08 12:49:30.374270,Seoul-2a9e,0,81,Normal
2026-02-08 12:49:31.374270,Seoul-2a9e,19,69,Normal
2026-02-08 12:49:32.374270,Seoul-2a9e,-23,49,Normal
2026-02-08 12:49:33.374270,Seoul-2a9e,-17,72,Normal
2026-02-08 12:49:34.374270,Seoul-2a9e,-29,41,Normal
2026-02-08 12:49:35.374270,Seoul-2a9e,-5,57,Normal
2026-02-08 12:49:36.374270,Seoul-2a9e,13,55,Normal
2026-02-08 12:49:37.374270,Seoul-2a9e,25,67,Normal
2026-02-08 12:49:38.374270,Seoul-2a9e,-20,74,Normal
2026-02-08 12:49:39.374270,Seoul-2a9e,12,61,Normal
2026-02-08 12:49:40.374270,Seoul-2a9e,-6,76,Normal
2026-02-08 12:49:41.374270,Seoul-2a9e,-8,83,Normal
2026-02-08 12:49:42.374270,Seoul-2a9e,4,94,Normal
2026-02-08 12:49:43.374270,Seoul-2a9e,8,57,Normal
2026-02-08 12:49:44.374270,Seoul-2a9e,-27,71,Normal
2026-02-08 12:49:45.374270,Seoul-2a9e,46,76,Normal
2026-02-08 12:49:46.374270,Seoul-2a9e,45,75,Normal
2026-02-08 12:49:47.374270,Seoul-2a9e,42,15,Normal
2026-02-08 12:49:48.374270,Seoul-2a9e,43,43,Normal
2026-02-08 12:49:49.374270,Seoul-2a9e,-26,25,Normal
2026-02-08 12:49:50.374270,Seoul-2a9e,37,84,Normal
2026-02-08 12:49:51.374270,Seoul-2a9e,-7,16,Normal
2026-02-08 12:49:52.374270,Seoul-2a9e,-12,25,Normal
2026-02-08 12:49:53.374270,Seoul-2a9e,12,89,Normal
2026-02-08 12:49:54.374270,Seoul-2a9e,32,0,Normal
2026-02-08 12:49:55.374270,Seoul-2a9e,-16,69,Normal
2026-02-08 12:49:56.374270,Seoul-2a9e,15,14,Normal
2026-02-08 12:49:57.374270,Seoul-2a9e,11,39,Normal
2026-02-08 12:49:58.374270,Seoul-2a9e,-27,32,Normal
2026-02-08 12:49:59.374270,Seoul-2a9e,42,86,Normal
2026-02-08 12:50:00.374270,Seoul-2a9e,6,78,Normal
2026-02-08 12:50:01.374270,Seoul-2a9e,-6,40,Normal
2026-02-08 12:50:02.374270,Seoul-2a9e,37,32,Normal
2026-02-08 12:50:03.374270,Seoul-2a9e,14,50,Normal
2026-02-08 12:50:04.374270,Seoul-2a9e,38,47,Normal
2026-02-08 12:50:05.374270,Seoul-2a9e,26,72,Normal
2026-02-08 12:50:06.374270,Seoul-2a9e,47,92,Normal
2026-02-08 12:50:07.374270,Seoul-2a9e,-27,98,Normal
2026-02-08 12:50:08.374270,Seoul-2a9e,47,66,Normal
2026-02-08 12:50:09.374270,Seoul-2a9e,22,77,Normal
2026-02-08 12:50:10.374270,Seoul-2a9e,-4,70,Normal
2026-02-08 12:50:11.374270,Seoul-2a9e,-28,43,Normal
2026-02-08 12:50:12.374270,Seoul-2a9e,13,9,Normal
2026-02-08 12:50:13.374270,Seoul-2a9e,49,61,Normal
2026-02-08 12:50:14.374270,Seoul-2a9e,22,35,Normal
2026-02-08 12:50:15.374270,Seoul-2a9e,14,77,Normal
2026-02-08 12:50:16.374270,Seoul-2a9e,38,48,Normal
2026-02-08 12:50:17.374270,Seoul-2a9e,-3,13,Normal
2026-02-08 12:50:18.374270,Seoul-2a9e,32,14,Normal
2026-02-08 12:50:19.374270,Seoul-2a9e,11,98,Normal
2026-02-08 12:50:20.374270,Seoul-2a9e,42,41,Normal
2026-02-08 12:50:21.374270,Seoul-2a9e,1,48,Normal
2026-02-08 12:50:22.374270,Seoul-2a9e,-15,81,Normal
2026-02-08 12:50:23.374270,Seoul-2a9e,-26,58,Normal
2026-02-08 12:50:24.374270,Seoul-2a9e,-6,66,Normal
2026-02-08 12:50:25.374270,Seoul-2a9e,-26,41,Normal
2026-02-08 12:50:26.374270,Seoul-2a9e,6,7,Normal
2026-02-08 12:50:27.374270,Seoul-2a9e,-20,36,Normal
2026-02-08 12:50:28.374270,Seoul-2a9e,-9,8,Normal
2026-02-08 12:50:29.374270,Seoul-2a9e,38,12,Normal
2026-02-08 12:50:30.374270,Seoul-2a9e,31,23,Normal
2026-02-08 12:50:31.374270,Seoul-2a9e,-25,31,Normal
2026-02-08 12:50:32.374270,Seoul-2a9e,33,67,Normal
2026-02-08 12:50:33.374270,Seoul-2a9e,-17,64,Normal
2026-02-08 12:50:34.374270,Seoul-2a9e,17,97,Normal
2026-02-08 12:50:35.374270,Seoul-2a9e,10,18,Normal
2026-02-08 12:50:36.374270,Seoul-2a9e,50,94,Normal
2026-02-08 12:50:37.374270,Seoul-2a9e,25,90,Normal
2026-02-08 12:50:38.374270,Seoul-2a9e,-27,70,Normal
2026-02-08 12:50:39.374270,Seoul-2a9e,19,12,Normal
2026-02-08 12:50:40.374270,Seoul-2a9e,-17,25,Normal
2026-02-08 12:50:41.374270,Seoul-2a9e,29,54,Normal
2026-02-08 12:50:42.374270,Seoul-2a9e,-15,88,Normal
2026-02-08 12:50:43.374270,Seoul-2a9e,-15,24,Normal
2026-02-08 12:50:44.374270,Seoul-2a9e,5,69,Normal
2026-02-08 12:50:45.374270,Seoul-2a9e,45,38,Normal
2026-02-08 12:50:46.374270,Seoul-2a9e,9,2,Normal
2026-02-08 12:50:47.374270,Seoul-2a9e,2,66,Normal
2026-02-08 12:50:48.374270,Seoul-2a9e,43,95,Normal
2026-02-08 12:50:49.374270,Seoul-2a9e,42,15,Normal
2026-02-08 12:50:50.374270,Seoul-2a9e,0,55,Normal
2026-02-08 12:50:51.374270,Seoul-2a9e,-26,5,Normal
2026-02-08 12:50:52.374270,Seoul-2a9e,35,11,Normal
2026-02-08 12:50:53.374270,Seoul-2a9e,14,73,Normal
2026-02-08 12:50:54.374270,Seoul-2a9e,-5,63,Normal
2026-02-08 12:50:55.374270,Seoul-2a9e,19,3,Normal
2026-02-08 12:50:56.374270,Seoul-2a9e,-26,45,Normal
2026-02-08 12:50:57.374270,Seoul-2a9e,-20,79,Normal
2026-02-08 12:50:58.374270,Seoul-2a9e,-11,31,Normal
2026-02-08 12:50:59.374270,Seoul-2a9e,33,58,Normal
2026-02-08 12:51:00.374270,Seoul-2a9e,44,14,Normal
2026-02-08 12:51:01.374270,Seoul-2a9e,2,63,Normal
2026-02-08 12:51:02.374270,Seoul-2a9e,14,21,Normal
2026-02-08 12:51:03.374270,Seoul-2a9e,24,98,Normal
2026-02-08 12:51:04.374270,Seoul-2a9e,-30,85,Normal
2026-02-08 12:51:05.374270,Seoul-2a9e,48,92,Normal
2026-02-08 12:51:06.374270,Seoul-2a9e,31,38,Normal
2026-02-08 12:51:07.374270,Seoul-2a9e,12,91,Normal
2026-02-08 12:51:08.374270,Seoul-2a9e,23,46,Normal
2026-02-08 12:51:09.374270,Seoul-2a9e,10,42,Normal
2026-02-08 12:51:10.374270,Seoul-2a9e,17,77,Normal
2026-02-08 12:51:11.374270,Seoul-2a9e,27,68,Normal
2026-02-08 12:51:12.374270,Seoul-2a9e,-3,56,Normal
2026-02-08 12:51:13.374270,Seoul-2a9e,20,95,Normal
2026-02-08 12:51:14.374270,Seoul-2a9e,-5,5,Normal
2026-02-08 12:51:15.374270,Seoul-2a9e,-8,83,Normal
2026-02-08 12:51:16.374270,Seoul-2a9e,-13,18,Normal
2026-02-08 12:51:17.374270,Seoul-2a9e,31,35,Normal
2026-02-08 12:51:18.374270,Seoul-2a9e,33,20,Normal
2026-02-08 12:51:19.374270,Seoul-2a9e,-21,39,Normal
2026-02-08 12:51:20.374270,Seoul-2a9e,34,85,Normal
2026-02-08 12:51:21.374270,Seoul-2a9e,-4,93,Normal
2026-02-08 12:51:22.374270,Seoul-2a9e,47,96,Normal
2026-02-08 12:51:23.374270,Seoul-2a9e,34,97,Normal
2026-02-08 12:51:24.374270,Seoul-2a9e,13,11,Normal
2026-02-08 12:51:25.374270,Seoul-2a9e,47,61,Normal
2026-02-08 12:51:26.374270,Seoul-2a9e,-10,15,Normal
2026-02-08 12:51:27.374270,Seoul-2a9e,46,3,Normal
2026-02-08 12:51:28.374270,Seoul-2a9e,4,36,Normal
2026-02-08 12:51:29.374270,Seoul-2a9e,-17,14,Normal
2026-02-08 12:51:30.374270,Seoul-2a9e,-12,10,Normal
2026-02-08 12:51:31.374270,Seoul-2a9e,-19,39,Normal
2026-02-08 12:51:32.374270,Seoul-2a9e,-19,63,Normal
2026-02-08 12:51:33.374270,Seoul-2a9e,-12,76,Normal
2026-02-08 12:51:34.374270,Seoul-2a9e,-12,44,Normal
2026-02-08 12:51:35.374270,Seoul-2a9e,21,5,Normal
2026-02-08 12:51:36.374270,Seoul-2a9e,2,89,Normal
2026-02-08 12:51:37.374270,Seoul-2a9e,29,61,Normal
2026-02-08 12:51:38.374270,Seoul-2a9e,-27,67,Normal
2026-02-08 12:51:39.374270,Seoul-2a9e,25,95,Normal
2026-02-08 12:51:40.374270,Seoul-2a9e,-2,14,Normal
2026-02-08 12:51:41.374270,Seoul-2a9e,49,78,Normal
2026-02-08 12:51:42.374270,Seoul-2a9e,-17,45,Normal
2026-02-08 12:51:43.374270,Seoul-2a9e,40,95,Normal
2026-02-08 12:51:44.374270,Seoul-2a9e,16,1,Normal
2026-02-08 12:51:45.374270,Seoul-2a9e,33,42,Normal
2026-02-08 12:51:46.374270,Seoul-2a9e,-11,39,Normal
2026-02-08 12:51:47.374270,Seoul-2a9e,36,14,Normal
2026-02-08 12:51:48.374270,Seoul-2a9e,-9,41,Normal
2026-02-08 12:51:49.374270,Seoul-2a9e,45,81,Normal
2026-02-08 12:51:50.374270,Seoul-2a9e,-7,4,Normal
2026-02-08 12:51:51.374270,Seoul-2a9e,-3,80,Normal
2026-02-08 12:51:52.374270,Seoul-2a9e,-9,2,Normal
2026-02-08 12:51:53.374270,Seoul-2a9e,33,84,Normal
2026-02-08 12:51:54.374270,Seoul-2a9e,-11,79,Normal
2026-02-08 12:51:55.374270,Seoul-2a9e,-30,29,Normal
2026-02-08 12:51:56.374270,Seoul-2a9e,-19,83,Normal
2026-02-08 12:51:57.374270,Seoul-2a9e,-17,95,Normal
2026-02-08 12:51:58.374270,Seoul-2a9e,22,16,Normal
2026-02-08 12:51:59.374270,Seoul-2a9e,14,85,Normal
2026-02-08 12:52:00.374270,Seoul-2a9e,-12,70,Normal
2026-02-08 12:52:01.374270,Seoul-2a9e,-2,58,Normal
2026-02-08 12:52:02.374270,Seoul-2a9e,-29,28,Normal
2026-02-08 12:52:03.374270,Seoul-2a9e,-27,92,Normal
2026-02-08 12:52:04.374270,Seoul-2a9e,-2,73,Normal
2026-02-08 12:52:05.374270,Seoul-2a9e,24,59,Normal
2026-02-08 12:52:06.374270,Seoul-2a9e,43,47,Normal
2026-02-08 12:52:07.374270,Seoul-2a9e,41,77,Normal
2026-02-08 12:52:08.374270,Seoul-2a9e,-12,16,Normal
2026-02-08 12:52:09.374270,Seoul-2a9e,-25,57,Normal
2026-02-08 12:52:10.374270,Seoul-2a9e,29,8,Normal
2026-02-08 12:52:11.374270,Seoul-2a9e,15,94,Normal
2026-02-08 12:52:12.374270,Seoul-2a9e,0,44,Normal
2026-02-08 12:52:13.374270,Seoul-2a9e,15,97,Normal
2026-02-08 12:52:14.374270,Seoul-2a9e,-8,78,Normal
2026-02-08 12:52:15.374270,Seoul-2a9e,6,16,Normal
2026-02-08 12:52:16.374270,Seoul-2a9e,41,40,Normal
2026-02-08 12:52:17.374270,Seoul-2a9e,33,74,Normal
2026-02-08 12:52:18.374270,Seoul-2a9e,-25,31,Normal
2026-02-08 12:52:19.374270,Seoul-2a9e,23,6,Normal
2026-02-08 12:52:20.374270,Seoul-2a9e,-17,47,Normal
2026-02-08 12:52:21.374270,Seoul-2a9e,-13,31,Normal
2026-02-08 12:52:22.374270,Seoul-2a9e,30,79,Normal
2026-02-08 12:52:23.374270,Seoul-2a9e,7,13,Normal
2026-02-08 12:52:24.374270,Seoul-2a9e,2,78,Normal
2026-02-08 12:52:25.374270,Seoul-2a9e,11,92,Normal
2026-02-08 12:52:26.374270,Seoul-2a9e,27,81,Normal
2026-02-08 12:52:27.374270,Seoul-2a9e,-14,28,Normal
2026-02-08 12:52:28.374270,Seoul-2a9e,27,9,Normal
2026-02-08 12:52:29.374270,Seoul-2a9e,5,91,Normal
2026-02-08 12:52:30.374270,Seoul-2a9e,-27,21,Normal
2026-02-08 12:52:31.374270,Seoul-2a9e,23,83,Normal
2026-02-08 12:52:32.374270,Seoul-2a9e,8,87,Normal
2026-02-08 12:52:33.374270,Seoul-2a9e,-11,37,Normal
2026-02-08 12:52:34.374270,Seoul-2a9e,30,12,Normal
2026-02-08 12:52:35.374270,Seoul-2a9e,34,24,Normal
2026-02-08 12:52:36.374270,Seoul-2a9e,-21,73,Normal
2026-02-08 12:52:37.374270,Seoul-2a9e,-25,80,Normal
2026-02-08 12:52:38.374270,Seoul-2a9e,28,2,Normal
2026-02-08 12:52:39.374270,Seoul-2a9e,15,25,Normal
2026-02-08 12:52:40.374270,Seoul-2a9e,17,36,Normal
2026-02-08 12:52:41.374270,Seoul-2a9e,35,14,Normal
2026-02-08 12:52:42.374270,Seoul-2a9e,-24,50,Normal
2026-02-08 12:52:43.374270,Seoul-2a9e,-23,10,Normal
2026-02-08 12:52:44.374270,Seoul-2a9e,36,84,Normal
2026-02-08 12:52:45.374270,Seoul-2a9e,-21,63,Normal
2026-02-08 12:52:46.374270,Seoul-2a9e,30,5,Normal
2026-02-08 12:52:47.374270,Seoul-2a9e,31,92,Normal
2026-02-08 12:52:48.374270,Seoul-2a9e,-29,83,Normal
2026-02-08 12:52:49.374270,Seoul-2a9e,-30,21,Normal
2026-02-08 12:52:50.374270,Seoul-2a9e,18,18,Normal
2026-02-08 12:52:51.374270,Seoul-2a9e,-20,63,Normal
2026-02-08 12:52:52.374270,Seoul-2a9e,-9,79,Normal
2026-02-08 12:52:53.374270,Seoul-2a9e,-3,100,Normal
2026-02-08 12:52:54.374270,Seoul-2a9e,13,31,Normal
2026-02-08 12:52:55.374270,Seoul-2a9e,18,39,Normal
2026-02-08 12:52:56.374270,Seoul-2a9e,40,66,Normal
2026-02-08 12:52:57.374270,Seoul-2a9e,-5,63,Normal
2026-02-08 12:52:58.374270,Seoul-2a9e,35,24,Normal
2026-02-08 12:52:59.374270,Seoul-2a9e,-2,88,Normal
2026-02-08 12:53:00.374270,Seoul-2a9e,-19,47,Normal
2026-02-08 12:53:01.374270,Seoul-2a9e,19,15,Normal
2026-02-08 12:53:02.374270,Seoul-2a9e,5,36,Normal
2026-02-08 12:53:03.374270,Seoul-2a9e,22,91,Normal
2026-02-08 12:53:04.374270,Seoul-2a9e,-13,76,Normal
2026-02-08 12:53:05.374270,Seoul-2a9e,12,39,Normal
2026-02-08 12:53:06.374270,Seoul-2a9e,15,11,Normal
2026-02-08 12:53:07.374270,Seoul-2a9e,24,71,Normal
2026-02-08 12:53:08.374270,Seoul-2a9e,29,76,Normal
2026-02-08 12:53:09.374270,Seoul-2a9e,35,43,Normal
2026-02-08 12:53:10.374270,Seoul-2a9e,39,92,Normal
2026-02-08 12:53:11.374270,Seoul-2a9e,8,0,Normal
2026-02-08 12:53:12.374270,Seoul-2a9e,8,32,Normal
2026-02-08 12:53:13.374270,Seoul-2a9e,-29,10,Normal
2026-02-08 12:53:14.374270,Seoul-2a9e,11,71,Normal
2026-02-08 12:53:15.374270,Seoul-2a9e,33,25,Normal
2026-02-08 12:53:16.374270,Seoul-2a9e,-12,64,Normal
2026-02-08 12:53:17.374270,Seoul-2a9e,-4,56,Normal
2026-02-08 12:53:18.374270,Seoul-2a9e,-23,88,Normal
2026-02-08 12:53:19.374270,Seoul-2a9e,-10,53,Normal
2026-02-08 12:53:20.374270,Seoul-2a9e,5,83,Normal
2026-02-08 12:53:21.374270,Seoul-2a9e,-27,48,Normal
2026-02-08 12:53:22.374270,Seoul-2a9e,21,45,Normal
2026-02-08 12:53:23.374270,Seoul-2a9e,16,54,Normal
2026-02-08 12:53:24.374270,Seoul-2a9e,36,85,Normal
2026-02-08 12:53:25.374270,Seoul-2a9e,-13,29,Normal
2026-02-08 12:53:26.374270,Seoul-2a9e,40,12,Normal
2026-02-08 12:53:27.374270,Seoul-2a9e,-23,46,Normal
2026-02-08 12:53:28.374270,Seoul-2a9e,-10,97,Normal
2026-02-08 12:53:29.374270,Seoul-2a9e,-21,70,Normal
2026-02-08 12:53:30.374270,Seoul-2a9e,44,33,Normal
2026-02-08 12:53:31.374270,Seoul-2a9e,35,45,Normal
2026-02-08 12:53:32.374270,Seoul-2a9e,5,93,Normal
2026-02-08 12:53:33.374270,Seoul-2a9e,-14,22,Normal
2026-02-08 12:53:34.374270,Seoul-2a9e,45,4,Normal
2026-02-08 12:53:35.374270,Seoul-2a9e,41,46,Normal
2026-02-08 12:53:36.374270,Seoul-2a9e,41,93,Normal
2026-02-08 12:53:37.374270,Seoul-2a9e,-19,90,Normal
2026-02-08 12:53:38.374270,Seoul-2a9e,24,75,Normal
2026-02-08 12:53:39.374270,Seoul-2a9e,19,27,Normal
2026-02-08 12:53:40.374270,Seoul-2a9e,-25,55,Normal
2026-02-08 12:53:41.374270,Seoul-2a9e,-4,77,Normal
2026-02-08 12:53:42.374270,Seoul-2a9e,13,16,Normal
2026-02-08 12:53:43.374270,Seoul-2a9e,49,85,Normal
2026-02-08 12:53:44.374270,Seoul-2a9e,6,64,Normal
2026-02-08 12:53:45.374270,Seoul-2a9e,-23,97,Normal
2026-02-08 12:53:46.374270,Seoul-2a9e,47,29,Normal
2026-02-08 12:53:47.374270,Seoul-2a9e,11,22,Normal
2026-02-08 12:53:48.374270,Seoul-2a9e,0,88,Normal
2026-02-08 12:53:49.374270,Seoul-2a9e,41,39,Normal
2026-02-08 12:53:50.374270,Seoul-2a9e,15,57,Normal
2026-02-08 12:53:51.374270,Seoul-2a9e,-10,87,Normal
2026-02-08 12:53:52.374270,Seoul-2a9e,34,62,Normal
2026-02-08 12:53:53.374270,Seoul-2a9e,14,94,Normal
2026-02-08 12:53:54.374270,Seoul-2a9e,28,54,Normal
2026-02-08 12:53:55.374270,Seoul-2a9e,10,72,Normal
2026-02-08 12:53:56.374270,Seoul-2a9e,14,20,Normal
2026-02-08 12:53:57.374270,Seoul-2a9e,43,21,Normal
2026-02-08 12:53:58.374270,Seoul-2a9e,-29,28,Normal
2026-02-08 12:53:59.374270,Seoul-2a9e,-13,87,Normal
2026-02-08 12:54:00.374270,Seoul-2a9e,16,47,Normal
2026-02-08 12:54:01.374270,Seoul-2a9e,35,53,Normal
2026-02-08 12:54:02.374270,Seoul-2a9e,43,38,Normal
2026-02-08 12:54:03.374270,Seoul-2a9e,13,97,Normal
2026-02-08 12:54:04.374270,Seoul-2a9e,40,97,Normal
2026-02-08 12:54:05.374270,Seoul-2a9e,18,59,Normal
2026-02-08 12:54:06.374270,Seoul-2a9e,10,62,Normal
2026-02-08 12:54:07.374270,Seoul-2a9e,17,23,Normal
2026-02-08 12:54:08.374270,Seoul-2a9e,29,93,Normal
2026-02-08 12:54:09.374270,Seoul-2a9e,-27,5,Normal
2026-02-08 12:54:10.374270,Seoul-2a9e,-11,43,Normal
2026-02-08 12:54:11.374270,Seoul-2a9e,-1,52,Normal
2026-02-08 12:54:12.374270,Seoul-2a9e,-27,34,Normal
2026-02-08 12:54:13.374270,Seoul-2a9e,32,13,Normal
2026-02-08 12:54:14.374270,Seoul-2a9e,-11,83,Normal
2026-02-08 12:54:15.374270,Seoul-2a9e,12,9,Normal
2026-02-08 12:54:16.374270,Seoul-2a9e,46,4,Normal
2026-02-08 12:54:17.374270,Seoul-2a9e,-14,51,Normal
2026-02-08 12:54:18.374270,Seoul-2a9e,-19,11,Normal
2026-02-08 12:54:19.374270,Seoul-2a9e,-9,100,Normal
2026-02-08 12:54:20.374270,Seoul-2a9e,32,43,Normal
2026-02-08 12:54:21.374270,Seoul-2a9e,-4,64,Normal
2026-02-08 12:54:22.374270,Seoul-2a9e,-28,58,Normal
2026-02-08 12:54:23.374270,Seoul-2a9e,8,26,Normal
2026-02-08 12:54:24.374270,Seoul-2a9e,26,28,Normal
2026-02-08 12:54:25.374270,Seoul-2a9e,42,48,Normal
2026-02-08 12:54:26.374270,Seoul-2a9e,18,81,Normal
2026-02-08 12:54:27.374270,Seoul-2a9e,3,30,Normal
2026-02-08 12:54:28.374270,Seoul-2a9e,23,72,Normal
2026-02-08 12:54:29.374270,Seoul-2a9e,1,69,Normal
2026-02-08 12:54:30.374270,Seoul-2a9e,4,24,Normal
2026-02-08 12:54:31.374270,Seoul-2a9e,32,76,Normal
2026-02-08 12:54:32.374270,Seoul-2a9e,-1,25,Normal
2026-02-08 12:54:33.374270,Seoul-2a9e,19,30,Normal
2026-02-08 12:54:34.374270,Seoul-2a9e,-25,17,Normal
2026-02-08 12:54:35.374270,Seoul-2a9e,-13,23,Normal
2026-02-08 12:54:36.374270,Seoul-2a9e,45,41,Normal
2026-02-08 12:54:37.374270,Seoul-2a9e,46,89,Normal
2026-02-08 12:54:38.374270,Seoul-2a9e,-28,48,Normal
2026-02-08 12:54:39.374270,Seoul-2a9e,1,27,Normal
2026-02-08 12:54:40.374270,Seoul-2a9e,2,48,Normal
2026-02-08 12:54:41.374270,Seoul-2a9e,31,87,Normal
2026-02-08 12:54:42.374270,Seoul-2a9e,-4,52,Normal
2026-02-08 12:54:43.374270,Seoul-2a9e,-14,0,Normal
2026-02-08 12:54:44.374270,Seoul-2a9e,48,2,Normal
2026-02-08 12:54:45.374270,Seoul-2a9e,45,43,Normal
2026-02-08 12:54:46.374270,Seoul-2a9e,11,93,Normal
2026-02-08 12:54:47.374270,Seoul-2a9e,45,57,Normal
2026-02-08 12:54:48.374270,Seoul-2a9e,7,11,Normal
2026-02-08 12:54:49.374270,Seoul-2a9e,30,63,Normal
2026-02-08 12:54:50.374270,Seoul-2a9e,-5,82,Normal
2026-02-08 12:54:51.374270,Seoul-2a9e,42,52,Normal
2026-02-08 12:54:52.374270,Seoul-2a9e,41,88,Normal
2026-02-08 12:54:53.374270,Seoul-2a9e,40,85,Normal
2026-02-08 12:54:54.374270,Seoul-2a9e,-3,39,Normal
2026-02-08 12:54:55.374270,Seoul-2a9e,40,94,Normal
2026-02-08 12:54:56.374270,Seoul-2a9e,21,51,Normal
2026-02-08 12:54:57.374270,Seoul-2a9e,-25,74,Normal
2026-02-08 12:54:58.374270,Seoul-2a9e,38,89,Normal
2026-02-08 12:54:59.374270,Seoul-2a9e,15,2,Normal
2026-02-08 12:55:00.374270,Seoul-2a9e,32,10,Normal
2026-02-08 12:55:01.374270,Seoul-2a9e,7,23,Normal
2026-02-08 12:55:02.374270,Seoul-2a9e,9,15,Normal
2026-02-08 12:55:03.374270,Seoul-2a9e,46,47,Normal
2026-02-08 12:55:04.374270,Seoul-2a9e,44,16,Normal
2026-02-08 12:55:05.374270,Seoul-2a9e,18,71,Normal
2026-02-08 12:55:06.374270,Seoul-2a9e,-19,100,Normal
2026-02-08 12:55:07.374270,Seoul-2a9e,-22,41,Normal
2026-02-08 12:55:08.374270,Seoul-2a9e,25,92,Normal
2026-02-08 12:55:09.374270,Seoul-2a9e,35,85,Normal
2026-02-08 12:55:10.374270,Seoul-2a9e,28,24,Normal
2026-02-08 12:55:11.374270,Seoul-2a9e,11,77,Normal
2026-02-08 12:55:12.374270,Seoul-2a9e,19,49,Normal
2026-02-08 12:55:13.374270,Seoul-2a9e,-9,51,Normal
2026-02-08 12:55:14.374270,Seoul-2a9e,-3,67,Normal
2026-02-08 12:55:15.374270,Seoul-2a9e,5,46,Normal
2026-02-08 12:55:16.374270,Seoul-2a9e,30,20,Normal
2026-02-08 12:55:17.374270,Seoul-2a9e,-21,84,Normal
2026-02-08 12:55:18.374270,Seoul-2a9e,5,15,Normal
2026-02-08 12:55:19.374270,Seoul-2a9e,-4,7,Normal
2026-02-08 12:55:20.374270,Seoul-2a9e,15,47,Normal
2026-02-08 12:55:21.374270,Seoul-2a9e,33,38,Normal
2026-02-08 12:55:22.374270,Seoul-2a9e,8,97,Normal
2026-02-08 12:55:23.374270,Seoul-2a9e,5,36,Normal
2026-02-08 12:55:24.374270,Seoul-2a9e,41,20,Normal
2026-02-08 12:55:25.374270,Seoul-2a9e,42,40,Normal
2026-02-08 12:55:26.374270,Seoul-2a9e,1,39,Normal
2026-02-08 12:55:27.374270,Seoul-2a9e,-20,59,Normal
2026-02-08 12:55:28.374270,Seoul-2a9e,38,75,Normal
2026-02-08 12:55:29.374270,Seoul-2a9e,25,100,Normal
2026-02-08 12:55:30.374270,Seoul-2a9e,-21,72,Normal
2026-02-08 12:55:31.374270,Seoul-2a9e,7,6,Normal
2026-02-08 12:55:32.374270,Seoul-2a9e,-10,98,Normal
2026-02-08 12:55:33.374270,Seoul-2a9e,-25,18,Normal
2026-02-08 12:55:34.374270,Seoul-2a9e,44,62,Normal
2026-02-08 12:55:35.374270,Seoul-2a9e,-11,4,Normal
2026-02-08 12:55:36.374270,Seoul-2a9e,27,14,Normal
2026-02-08 12:55:37.374270,Seoul-2a9e,-4,37,Normal
2026-02-08 12:55:38.374270,Seoul-2a9e,-2,10,Normal
2026-02-08 12:55:39.374270,Seoul-2a9e,-4,76,Normal
2026-02-08 12:55:40.374270,Seoul-2a9e,-9,99,Normal
2026-02-08 12:55:41.374270,Seoul-2a9e,18,30,Normal
2026-02-08 12:55:42.374270,Seoul-2a9e,22,3,Normal
2026-02-08 12:55:43.374270,Seoul-2a9e,41,49,Normal
2026-02-08 12:55:44.374270,Seoul-2a9e,42,38,Normal
2026-02-08 12:55:45.374270,Seoul-2a9e,-5,44,Normal
2026-02-08 12:55:46.374270,Seoul-2a9e,-7,11,Normal
2026-02-08 12:55:47.374270,Seoul-2a9e,33,53,Normal
2026-02-08 12:55:48.374270,Seoul-2a9e,40,8,Normal
2026-02-08 12:55:49.374270,Seoul-2a9e,-9,44,Normal
2026-02-08 12:55:50.374270,Seoul-2a9e,24,61,Normal
2026-02-08 12:55:51.374270,Seoul-2a9e,-11,48,Normal
2026-02-08 12:55:52.374270,Seoul-2a9e,20,7,Normal
2026-02-08 12:55:53.374270,Seoul-2a9e,47,32,Normal
2026-02-08 12:55:54.374270,Seoul-2a9e,-8,7,Normal
2026-02-08 12:55:55.374270,Seoul-2a9e,-6,10,Normal
2026-02-08 12:55:56.374270,Seoul-2a9e,-11,31,Normal
2026-02-08 12:55:57.374270,Seoul-2a9e,-20,38,Normal
2026-02-08 12:55:58.374270,Seoul-2a9e,-20,9,Normal
2026-02-08 12:55:59.374270,Seoul-2a9e,-16,91,Normal
2026-02-08 12:56:00.374270,Seoul-2a9e,2,72,Normal
2026-02-08 12:56:01.374270,Seoul-2a9e,42,39,Normal
2026-02-08 12:56:02.374270,Seoul-2a9e,6,2,Normal
2026-02-08 12:56:03.374270,Seoul-2a9e,21,11,Normal
2026-02-08 12:56:04.374270,Seoul-2a9e,33,18,Normal
2026-02-08 12:56:05.374270,Seoul-2a9e,44,60,Normal
2026-02-08 12:56:06.374270,Seoul-2a9e,32,75,Normal
2026-02-08 12:56:07.374270,Seoul-2a9e,38,5,Normal
2026-02-08 12:56:08.374270,Seoul-2a9e,32,85,Normal
2026-02-08 12:56:09.374270,Seoul-2a9e,4,40,Normal
2026-02-08 12:56:10.374270,Seoul-2a9e,-19,46,Normal
2026-02-08 12:56:11.374270,Seoul-2a9e,43,34,Normal
2026-02-08 12:56:12.374270,Seoul-2a9e,-6,63,Normal
2026-02-08 12:56:13.374270,Seoul-2a9e,25,72,Normal
2026-02-08 12:56:14.374270,Seoul-2a9e,20,67,Normal
2026-02-08 12:56:15.374270,Seoul-2a9e,-16,22,Normal
2026-02-08 12:56:16.374270,Seoul-2a9e,-3,73,Normal
2026-02-08 12:56:17.374270,Seoul-2a9e,6,5,Normal
2026-02-08 12:56:18.374270,Seoul-2a9e,-1,14,Normal
2026-02-08 12:56:19.374270,Seoul-2a9e,-4,53,Normal
2026-02-08 12:56:20.374270,Seoul-2a9e,-10,42,Normal
2026-02-08 12:56:21.374270,Seoul-2a9e,32,34,Normal
2026-02-08 12:56:22.374270,Seoul-2a9e,2,61,Normal
2026-02-08 12:56:23.374270,Seoul-2a9e,35,1,Normal
2026-02-08 12:56:24.374270,Seoul-2a9e,7,52,Normal
2026-02-08 12:56:25.374270,Seoul-2a9e,-10,95,Normal
2026-02-08 12:56:26.374270,Seoul-2a9e,7,79,Normal
2026-02-08 12:56:27.374270,Seoul-2a9e,25,4,Normal
2026-02-08 12:56:28.374270,Seoul-2a9e,43,82,Normal
2026-02-08 12:56:29.374270,Seoul-2a9e,25,6,Normal
2026-02-08 12:56:30.374270,Seoul-2a9e,-19,38,Normal
2026-02-08 12:56:31.374270,Seoul-2a9e,-9,14,Normal
2026-02-08 12:56:32.374270,Seoul-2a9e,-30,8,Normal
2026-02-08 12:56:33.374270,Seoul-2a9e,39,49,Normal
2026-02-08 12:56:34.374270,Seoul-2a9e,-3,5,Normal
2026-02-08 12:56:35.374270,Seoul-2a9e,12,56,Normal
2026-02-08 12:56:36.374270,Seoul-2a9e,41,16,Normal
2026-02-08 12:56:37.374270,Seoul-2a9e,0,30,Normal
2026-02-08 12:56:38.374270,Seoul-2a9e,10,36,Normal
2026-02-08 12:56:39.374270,Seoul-2a9e,-10,99,Normal
2026-02-08 12:56:40.374270,Seoul-2a9e,20,96,Normal
2026-02-08 12:56:41.374270,Seoul-2a9e,23,24,Normal
2026-02-08 12:56:42.374270,Seoul-2a9e,27,96,Normal
2026-02-08 12:56:43.374270,Seoul-2a9e,3,91,Normal
2026-02-08 12:56:44.374270,Seoul-2a9e,-19,20,Normal
2026-02-08 12:56:45.374270,Seoul-2a9e,10,71,Normal
2026-02-08 12:56:46.374270,Seoul-2a9e,28,71,Normal
2026-02-08 12:56:47.374270,Seoul-2a9e,-2,44,Normal
2026-02-08 12:56:48.374270,Seoul-2a9e,-22,97,Normal
2026-02-08 12:56:49.374270,Seoul-2a9e,-22,79,Normal
2026-02-08 12:56:50.374270,Seoul-2a9e,-1,16,Normal
2026-02-08 12:56:51.374270,Seoul-2a9e,40,52,Normal
2026-02-08 12:56:52.374270,Seoul-2a9e,-17,28,Normal
2026-02-08 12:56:53.374270,Seoul-2a9e,-19,92,Normal
2026-02-08 12:56:54.374270,Seoul-2a9e,4,8,Normal
2026-02-08 12:56:55.374270,Seoul-2a9e,-3,78,Normal
2026-02-08 12:56:56.374270,Seoul-2a9e,2,39,Normal
2026-02-08 12:56:57.374270,Seoul-2a9e,-24,49,Normal
2026-02-08 12:56:58.374270,Seoul-2a9e,-5,95,Normal
2026-02-08 12:56:59.374270,Seoul-2a9e,-27,49,Normal
2026-02-08 12:57:00.374270,Seoul-2a9e,-12,98,Normal
2026-02-08 12:57:01.374270,Seoul-2a9e,-16,83,Normal
2026-02-08 12:57:02.374270,Seoul-2a9e,24,98,Normal
2026-02-08 12:57:03.374270,Seoul-2a9e,-15,30,Normal
2026-02-08 12:57:04.374270,Seoul-2a9e,-4,2,Normal
2026-02-08 12:57:05.374270,Seoul-2a9e,-15,69,Normal
2026-02-08 12:57:06.374270,Seoul-2a9e,27,78,Normal
2026-02-08 12:57:07.374270,Seoul-2a9e,21,58,Normal
2026-02-08 12:57:08.374270,Seoul-2a9e,19,80,Normal
2026-02-08 12:57:09.374270,Seoul-2a9e,-27,28,Normal
2026-02-08 12:57:10.374270,Seoul-2a9e,32,60,Normal
2026-02-08 12:57:11.374270,Seoul-2a9e,8,77,Normal
2026-02-08 12:57:12.374270,Seoul-2a9e,12,26,Normal
2026-02-08 12:57:13.374270,Seoul-2a9e,8,0,Normal
2026-02-08 12:57:14.374270,Seoul-2a9e,-25,7,Normal
2026-02-08 12:57:15.374270,Seoul-2a9e,31,68,Normal
2026-02-08 12:57:16.374270,Seoul-2a9e,-22,95,Normal
2026-02-08 12:57:17.374270,Seoul-2a9e,29,9,Normal
2026-02-08 12:57:18.374270,Seoul-2a9e,-21,91,Normal
2026-02-08 12:57:19.374270,Seoul-2a9e,20,96,Normal
2026-02-08 12:57:20.374270,Seoul-2a9e,4,93,Normal
2026-02-08 12:57:21.374270,Seoul-2a9e,33,35,Normal
2026-02-08 12:57:22.374270,Seoul-2a9e,1,22,Normal
2026-02-08 12:57:23.374270,Seoul-2a9e,16,70,Normal
2026-02-08 12:57:24.374270,Seoul-2a9e,39,38,Normal
2026-02-08 12:57:25.374270,Seoul-2a9e,-15,11,Normal
2026-02-08 12:57:26.374270,Seoul-2a9e,43,48,Normal
2026-02-08 12:57:27.374270,Seoul-2a9e,-11,91,Normal
2026-02-08 12:57:28.374270,Seoul-2a9e,30,15,Normal
2026-02-08 12:57:29.374270,Seoul-2a9e,2,23,Normal
2026-02-08 12:57:30.374270,Seoul-2a9e,2,49,Normal
2026-02-08 12:57:31.374270,Seoul-2a9e,13,85,Normal
2026-02-08 12:57:32.374270,Seoul-2a9e,35,99,Normal
2026-02-08 12:57:33.374270,Seoul-2a9e,50,31,Normal
2026-02-08 12:57:34.374270,Seoul-2a9e,-23,63,Normal
2026-02-08 12:57:35.374270,Seoul-2a9e,35,72,Normal
2026-02-08 12:57:36.374270,Seoul-2a9e,49,66,Normal
2026-02-08 12:57:37.374270,Seoul-2a9e,7,63,Normal
2026-02-08 12:57:38.374270,Seoul-2a9e,50,8,Normal
2026-02-08 12:57:39.374270,Seoul-2a9e,50,57,Normal
2026-02-08 12:57:40.374270,Seoul-2a9e,-20,2,Normal
2026-02-08 12:57:41.374270,Seoul-2a9e,-18,84,Normal
2026-02-08 12:57:42.374270,Seoul-2a9e,48,31,Normal
2026-02-08 12:57:43.374270,Seoul-2a9e,4,56,Normal
2026-02-08 12:57:44.374270,Seoul-2a9e,-21,48,Normal
2026-02-08 12:57:45.374270,Seoul-2a9e,27,62,Normal
2026-02-08 12:57:46.374270,Seoul-2a9e,8,2,Normal
2026-02-08 12:57:47.374270,Seoul-2a9e,-12,76,Normal
2026-02-08 12:57:48.374270,Seoul-2a9e,8,27,Normal
2026-02-08 12:57:49.374270,Seoul-2a9e,49,55,Normal
2026-02-08 12:57:50.374270,Seoul-2a9e,7,67,Normal
2026-02-08 12:57:51.374270,Seoul-2a9e,-28,31,Normal
2026-02-08 12:57:52.374270,Seoul-2a9e,-18,2,Normal
2026-02-08 12:57:53.374270,Seoul-2a9e,-20,69,Normal
2026-02-08 12:57:54.374270,Seoul-2a9e,33,53,Normal
2026-02-08 12:57:55.374270,Seoul-2a9e,-20,73,Normal
2026-02-08 12:57:56.374270,Seoul-2a9e,-24,73,Normal
2026-02-08 12:57:57.374270,Seoul-2a9e,41,100,Normal
2026-02-08 12:57:58.374270,Seoul-2a9e,-17,59,Normal
2026-02-08 12:57:59.374270,Seoul-2a9e,-25,6,Normal
2026-02-08 12:58:00.374270,Seoul-2a9e,6,26,Normal
2026-02-08 12:58:01.374270,Seoul-2a9e,13,19,Normal
2026-02-08 12:58:02.374270,Seoul-2a9e,9,14,Normal
2026-02-08 12:58:03.374270,Seoul-2a9e,43,56,Normal
2026-02-08 12:58:04.374270,Seoul-2a9e,1,4,Normal
2026-02-08 12:58:05.374270,Seoul-2a9e,-7,1,Normal
2026-02-08 12:58:06.374270,Seoul-2a9e,9,32,Normal
2026-02-08 12:58:07.374270,Seoul-2a9e,3,68,Normal
2026-02-08 12:58:08.374270,Seoul-2a9e,8,85,Normal
2026-02-08 12:58:09.374270,Seoul-2a9e,7,23,Normal
2026-02-08 12:58:10.374270,Seoul-2a9e,18,97,Normal
2026-02-08 12:58:11.374270,Seoul-2a9e,32,70,Normal
2026-02-08 12:58:12.374270,Seoul-2a9e,6,93,Normal
2026-02-08 12:58:13.374270,Seoul-2a9e,47,68,Normal
2026-02-08 12:58:14.374270,Seoul-2a9e,47,62,Normal
2026-02-08 12:58:15.374270,Seoul-2a9e,26,45,Normal
2026-02-08 12:58:16.374270,Seoul-2a9e,11,47,Normal
2026-02-08 12:58:17.374270,Seoul-2a9e,24,22,Normal
2026-02-08 12:58:18.374270,Seoul-2a9e,-6,37,Normal
2026-02-08 12:58:19.374270,Seoul-2a9e,1,22,Normal
2026-02-08 12:58:20.374270,Seoul-2a9e,9,50,Normal
2026-02-08 12:58:21.374270,Seoul-2a9e,37,0,Normal
2026-02-08 12:58:22.374270,Seoul-2a9e,49,41,Normal
2026-02-08 12:58:23.374270,Seoul-2a9e,34,3,Normal
2026-02-08 12:58:24.374270,Seoul-2a9e,-15,58,Normal
2026-02-08 12:58:25.374270,Seoul-2a9e,6,74,Normal
2026-02-08 12:58:26.374270,Seoul-2a9e,17,18,Normal
2026-02-08 12:58:27.374270,Seoul-2a9e,-24,41,Normal
2026-02-08 12:58:28.374270,Seoul-2a9e,-30,57,Normal
2026-02-08 12:58:29.374270,Seoul-2a9e,48,22,Normal
2026-02-08 12:58:30.374270,Seoul-2a9e,32,67,Normal
2026-02-08 12:58:31.374270,Seoul-2a9e,-14,3,Normal
2026-02-08 12:58:32.374270,Seoul-2a9e,-14,80,Normal
2026-02-08 12:58:33.374270,Seoul-2a9e,-20,93,Normal
2026-02-08 12:58:34.374270,Seoul-2a9e,28,14,Normal
2026-02-08 12:58:35.374270,Seoul-2a9e,21,0,Normal
2026-02-08 12:58:36.374270,Seoul-2a9e,-20,68,Normal
2026-02-08 12:58:37.374270,Seoul-2a9e,5,14,Normal
2026-02-08 12:58:38.374270,Seoul-2a9e,0,90,Normal
2026-02-08 12:58:39.374270,Seoul-2a9e,-7,67,Normal
2026-02-08 12:58:40.374270,Seoul-2a9e,-24,67,Normal
2026-02-08 12:58:41.374270,Seoul-2a9e,26,13,Normal
2026-02-08 12:58:42.374270,Seoul-2a9e,4,16,Normal
2026-02-08 12:58:43.374270,Seoul-2a9e,35,25,Normal
2026-02-08 12:58:44.374270,Seoul-2a9e,26,65,Normal
2026-02-08 12:58:45.374270,Seoul-2a9e,36,51,Normal
2026-02-08 12:58:46.374270,Seoul-2a9e,30,89,Normal
2026-02-08 12:58:47.374270,Seoul-2a9e,48,29,Normal
2026-02-08 12:58:48.374270,Seoul-2a9e,12,89,Normal
2026-02-08 12:58:49.374270,Seoul-2a9e,20,10,Normal
2026-02-08 12:58:50.374270,Seoul-2a9e,11,67,Normal
2026-02-08 12:58:51.374270,Seoul-2a9e,30,42,Normal
2026-02-08 12:58:52.374270,Seoul-2a9e,24,3,Normal
2026-02-08 12:58:53.374270,Seoul-2a9e,49,79,Normal
2026-02-08 12:58:54.374270,Seoul-2a9e,46,71,Normal
2026-02-08 12:58:55.374270,Seoul-2a9e,22,3,Normal
2026-02-08 12:58:56.374270,Seoul-2a9e,10,7,Normal
2026-02-08 12:58:57.374270,Seoul-2a9e,29,53,Normal
2026-02-08 12:58:58.374270,Seoul-2a9e,-14,16,Normal
2026-02-08 12:58:59.374270,Seoul-2a9e,42,50,Normal
2026-02-08 12:59:00.374270,Seoul-2a9e,-7,6,Normal
2026-02-08 12:59:01.374270,Seoul-2a9e,-4,71,Normal
2026-02-08 12:59:02.374270,Seoul-2a9e,3,94,Normal
2026-02-08 12:59:03.374270,Seoul-2a9e,-26,75,Normal
2026-02-08 12:59:04.374270,Seoul-2a9e,18,56,Normal
2026-02-08 12:59:05.374270,Seoul-2a9e,-11,8,Normal
2026-02-08 12:59:06.374270,Seoul-2a9e,-20,94,Normal
2026-02-08 12:59:07.374270,Seoul-2a9e,9,5,Normal
2026-02-08 12:59:08.374270,Seoul-2a9e,29,18,Normal
2026-02-08 12:59:09.374270,Seoul-2a9e,32,6,Normal
2026-02-08 12:59:10.374270,Seoul-2a9e,-5,26,Normal
2026-02-08 12:59:11.374270,Seoul-2a9e,33,90,Normal
2026-02-08 12:59:12.374270,Seoul-2a9e,21,0,Normal
2026-02-08 12:59:13.374270,Seoul-2a9e,18,83,Normal
2026-02-08 12:59:14.374270,Seoul-2a9e,40,20,Normal
2026-02-08 12:59:15.374270,Seoul-2a9e,16,86,Normal
2026-02-08 12:59:16.374270,Seoul-2a9e,-5,67,Normal
2026-02-08 12:59:17.374270,Seoul-2a9e,11,44,Normal
2026-02-08 12:59:18.374270,Seoul-2a9e,4,84,Normal
2026-02-08 12:59:19.374270,Seoul-2a9e,-19,12,Normal
2026-02-08 12:59:20.374270,Seoul-2a9e,1,90,Normal
2026-02-08 12:59:21.374270,Seoul-2a9e,-5,80,Normal
2026-02-08 12:59:22.374270,Seoul-2a9e,17,54,Normal
2026-02-08 12:59:23.374270,Seoul-2a9e,32,23,Normal
2026-02-08 12:59:24.374270,Seoul-2a9e,37,63,Normal
2026-02-08 12:59:25.374270,Seoul-2a9e,43,87,Normal
2026-02-08 12:59:26.374270,Seoul-2a9e,45,48,Normal
2026-02-08 12:59:27.374270,Seoul-2a9e,-19,21,Normal
2026-02-08 12:59:28.374270,Seoul-2a9e,30,54,Normal
2026-02-08 12:59:29.374270,Seoul-2a9e,-17,18,Normal
2026-02-08 12:59:30.374270,Seoul-2a9e,-19,44,Normal
2026-02-08 12:59:31.374270,Seoul-2a9e,43,48,Normal
2026-02-08 12:59:32.374270,Seoul-2a9e,27,63,Normal
2026-02-08 12:59:33.374270,Seoul-2a9e,21,89,Normal
2026-02-08 12:59:34.374270,Seoul-2a9e,40,11,Normal
2026-02-08 12:59:35.374270,Seoul-2a9e,-28,88,Normal
2026-02-08 12:59:36.374270,Seoul-2a9e,-2,23,Normal
2026-02-08 12:59:37.374270,Seoul-2a9e,11,21,Normal
2026-02-08 12:59:38.374270,Seoul-2a9e,-1,59,Normal
2026-02-08 12:59:39.374270,Seoul-2a9e,20,88,Normal
2026-02-08 12:59:40.374270,Seoul-2a9e,7,68,Normal
2026-02-08 12:59:41.374270,Seoul-2a9e,25,57,Normal
2026-02-08 12:59:42.374270,Seoul-2a9e,-16,68,Normal
2026-02-08 12:59:43.374270,Seoul-2a9e,33,57,Normal
2026-02-08 12:59:44.374270,Seoul-2a9e,-12,64,Normal
2026-02-08 12:59:45.374270,Seoul-2a9e,27,19,Normal
2026-02-08 12:59:46.374270,Seoul-2a9e,13,38,Normal
2026-02-08 12:59:47.374270,Seoul-2a9e,-20,67,Normal
2026-02-08 12:59:48.374270,Seoul-2a9e,21,9,Normal
2026-02-08 12:59:49.374270,Seoul-2a9e,41,22,Normal
2026-02-08 12:59:50.374270,Seoul-2a9e,-7,3,Normal
2026-02-08 12:59:51.374270,Seoul-2a9e,-30,71,Normal
2026-02-08 12:59:52.374270,Seoul-2a9e,-17,67,Normal
2026-02-08 12:59:53.374270,Seoul-2a9e,-15,92,Normal
2026-02-08 12:59:54.374270,Seoul-2a9e,13,3,Normal
2026-02-08 12:59:55.374270,Seoul-2a9e,-4,24,Normal
2026-02-08 12:59:56.374270,Seoul-2a9e,46,29,Normal
2026-02-08 12:59:57.374270,Seoul-2a9e,8,99,Normal
2026-02-08 12:59:58.374270,Seoul-2a9e,-25,74,Normal
2026-02-08 12:59:59.374270,Seoul-2a9e,47,32,Normal
2026-02-08 13:00:00.374270,Seoul-2a9e,36,58,Normal
2026-02-08 13:00:01.374270,Seoul-2a9e,-10,69,Normal
2026-02-08 13:00:02.374270,Seoul-2a9e,24,2,Normal
2026-02-08 13:00:03.374270,Seoul-2a9e,1,43,Normal
2026-02-08 13:00:04.374270,Seoul-2a9e,-3,34,Normal
2026-02-08 13:00:05.374270,Seoul-2a9e,47,62,Normal
2026-02-08 13:00:06.374270,Seoul-2a9e,-24,84,Normal
2026-02-08 13:00:07.374270,Seoul-2a9e,16,35,Normal
2026-02-08 13:00:08.374270,Seoul-2a9e,36,1,Normal
2026-02-08 13:00:09.374270,Seoul-2a9e,4,20,Normal
2026-02-08 13:00:10.374270,Seoul-2a9e,-23,35,Normal
2026-02-08 13:00:11.374270,Seoul-2a9e,45,49,Normal
2026-02-08 13:00:12.374270,Seoul-2a9e,-15,11,Normal
2026-02-08 13:00:13.374270,Seoul-2a9e,39,76,Normal
2026-02-08 13:00:14.374270,Seoul-2a9e,-12,86,Normal
2026-02-08 13:00:15.374270,Seoul-2a9e,-26,97,Normal
2026-02-08 13:00:16.374270,Seoul-2a9e,-23,40,Normal
2026-02-08 13:00:17.374270,Seoul-2a9e,2,83,Normal
2026-02-08 13:00:18.374270,Seoul-2a9e,-15,10,Normal
2026-02-08 13:00:19.374270,Seoul-2a9e,24,9,Normal
2026-02-08 13:00:20.374270,Seoul-2a9e,44,15,Normal
2026-02-08 13:00:21.374270,Seoul-2a9e,25,6,Normal
2026-02-08 13:00:22.374270,Seoul-2a9e,27,32,Normal
2026-02-08 13:00:23.374270,Seoul-2a9e,-18,67,Normal
2026-02-08 13:00:24.374270,Seoul-2a9e,4,90,Normal
2026-02-08 13:00:25.374270,Seoul-2a9e,-5,6,Normal
2026-02-08 13:00:26.374270,Seoul-2a9e,12,2,Normal
2026-02-08 13:00:27.374270,Seoul-2a9e,36,25,Normal
2026-02-08 13:00:28.374270,Seoul-2a9e,-21,45,Normal
2026-02-08 13:00:29.374270,Seoul-2a9e,-29,47,Normal
2026-02-08 13:00:30.374270,Seoul-2a9e,-6,53,Normal
2026-02-08 13:00:31.374270,Seoul-2a9e,-10,17,Normal
2026-02-08 13:00:32.374270,Seoul-2a9e,-11,9,Normal
2026-02-08 13:00:33.374270,Seoul-2a9e,45,3,Normal
2026-02-08 13:00:34.374270,Seoul-2a9e,2,33,Normal
2026-02-08 13:00:35.374270,Seoul-2a9e,1,66,Normal
2026-02-08 13:00:36.374270,Seoul-2a9e,24,74,Normal
2026-02-08 13:00:37.374270,Seoul-2a9e,40,5,Normal
2026-02-08 13:00:38.374270,Seoul-2a9e,9,85,Normal
2026-02-08 13:00:39.374270,Seoul-2a9e,-26,92,Normal
2026-02-08 13:00:40.374270,Seoul-2a9e,50,53,Normal
2026-02-08 13:00:41.374270,Seoul-2a9e,-17,13,Normal
2026-02-08 13:00:42.374270,Seoul-2a9e,-17,62,Normal
2026-02-08 13:00:43.374270,Seoul-2a9e,27,98,Normal
2026-02-08 13:00:44.374270,Seoul-2a9e,-5,2,Normal
2026-02-08 13:00:45.374270,Seoul-2a9e,12,21,Normal
2026-02-08 13:00:46.374270,Seoul-2a9e,-20,37,Normal
2026-02-08 13:00:47.374270,Seoul-2a9e,-12,48,Normal
2026-02-08 13:00:48.374270,Seoul-2a9e,-24,1,Normal
2026-02-08 13:00:49.374270,Seoul-2a9e,49,90,Normal
2026-02-08 13:00:50.374270,Seoul-2a9e,26,34,Normal
2026-02-08 13:00:51.374270,Seoul-2a9e,28,9,Normal
2026-02-08 13:00:52.374270,Seoul-2a9e,12,47,Normal
2026-02-08 13:00:53.374270,Seoul-2a9e,47,15,Normal
2026-02-08 13:00:54.374270,Seoul-2a9e,-10,44,Normal
2026-02-08 13:00:55.374270,Seoul-2a9e,-6,80,Normal
2026-02-08 13:00:56.374270,Seoul-2a9e,32,80,Normal
2026-02-08 13:00:57.374270,Seoul-2a9e,-14,19,Normal
2026-02-08 13:00:58.374270,Seoul-2a9e,-3,17,Normal
2026-02-08 13:00:59.374270,Seoul-2a9e,22,32,Normal
2026-02-08 13:01:00.374270,Seoul-2a9e,39,40,Normal
2026-02-08 13:01:01.374270,Seoul-2a9e,-26,100,Normal
2026-02-08 13:01:02.374270,Seoul-2a9e,45,64,Normal
2026-02-08 13:01:03.374270,Seoul-2a9e,13,25,Normal
2026-02-08 13:01:04.374270,Seoul-2a9e,38,66,Normal
2026-02-08 13:01:05.374270,Seoul-2a9e,50,4,Normal
2026-02-08 13:01:06.374270,Seoul-2a9e,-30,6,Normal
2026-02-08 13:01:07.374270,Seoul-2a9e,-13,39,Normal
2026-02-08 13:01:08.374270,Seoul-2a9e,40,35,Normal
2026-02-08 13:01:09.374270,Seoul-2a9e,22,11,Normal
2026-02-08 13:01:10.374270,Seoul-2a9e,-23,30,Normal
2026-02-08 13:01:11.374270,Seoul-2a9e,34,45,Normal
2026-02-08 13:01:12.374270,Seoul-2a9e,-30,79,Normal
2026-02-08 13:01:13.374270,Seoul-2a9e,-27,67,Normal
2026-02-08 13:01:14.374270,Seoul-2a9e,36,40,Normal
2026-02-08 13:01:15.374270,Seoul-2a9e,-17,27,Normal
2026-02-08 13:01:16.374270,Seoul-2a9e,16,96,Normal
2026-02-08 13:01:17.374270,Seoul-2a9e,7,77,Normal
2026-02-08 13:01:18.374270,Seoul-2a9e,-19,1,Normal
2026-02-08 13:01:19.374270,Seoul-2a9e,-8,56,Normal
2026-02-08 13:01:20.374270,Seoul-2a9e,30,26,Normal
2026-02-08 13:01:21.374270,Seoul-2a9e,-21,1,Normal
2026-02-08 13:01:22.374270,Seoul-2a9e,21,90,Normal
2026-02-08 13:01:23.374270,Seoul-2a9e,-6,88,Normal
2026-02-08 13:01:24.374270,Seoul-2a9e,-3,54,Normal
2026-02-08 13:01:25.374270,Seoul-2a9e,33,65,Normal
2026-02-08 13:01:26.374270,Seoul-2a9e,-25,96,Normal
2026-02-08 13:01:27.374270,Seoul-2a9e,-4,77,Normal
2026-02-08 13:01:28.374270,Seoul-2a9e,36,29,Normal
2026-02-08 13:01:29.374270,Seoul-2a9e,20,74,Normal
2026-02-08 13:01:30.374270,Seoul-2a9e,28,8,Normal
2026-02-08 13:01:31.374270,Seoul-2a9e,-6,94,Normal
2026-02-08 13:01:32.374270,Seoul-2a9e,-6,59,Normal
2026-02-08 13:01:33.374270,Seoul-2a9e,42,0,Normal
2026-02-08 13:01:34.374270,Seoul-2a9e,10,34,Normal
2026-02-08 13:01:35.374270,Seoul-2a9e,-23,2,Normal
2026-02-08 13:01:36.374270,Seoul-2a9e,44,56,Normal
2026-02-08 13:01:37.374270,Seoul-2a9e,-14,46,Normal
2026-02-08 13:01:38.374270,Seoul-2a9e,15,80,Normal
2026-02-08 13:01:39.374270,Seoul-2a9e,42,78,Normal
2026-02-08 13:01:40.374270,Seoul-2a9e,46,80,Normal
2026-02-08 13:01:41.374270,Seoul-2a9e,19,8,Normal
2026-02-08 13:01:42.374270,Seoul-2a9e,-8,77,Normal
2026-02-08 13:01:43.374270,Seoul-2a9e,-6,78,Normal
2026-02-08 13:01:44.374270,Seoul-2a9e,4,87,Normal
2026-02-08 13:01:45.374270,Seoul-2a9e,-20,72,Normal
2026-02-08 13:01:46.374270,Seoul-2a9e,8,73,Normal
2026-02-08 13:01:47.374270,Seoul-2a9e,20,84,Normal
2026-02-08 13:01:48.374270,Seoul-2a9e,49,51,Normal
2026-02-08 13:01:49.374270,Seoul-2a9e,17,1,Normal
2026-02-08 13:01:50.374270,Seoul-2a9e,-1,60,Normal
2026-02-08 13:01:51.374270,Seoul-2a9e,-28,13,Normal
2026-02-08 13:01:52.374270,Seoul-2a9e,25,77,Normal
2026-02-08 13:01:53.374270,Seoul-2a9e,12,54,Normal
2026-02-08 13:01:54.374270,Seoul-2a9e,-19,63,Normal
2026-02-08 13:01:55.374270,Seoul-2a9e,47,4,Normal
2026-02-08 13:01:56.374270,Seoul-2a9e,46,38,Normal
2026-02-08 13:01:57.374270,Seoul-2a9e,-17,62,Normal
2026-02-08 13:01:58.374270,Seoul-2a9e,49,52,Normal
2026-02-08 13:01:59.374270,Seoul-2a9e,-9,82,Normal
2026-02-08 13:02:00.374270,Seoul-2a9e,-26,95,Normal
2026-02-08 13:02:01.374270,Seoul-2a9e,3,82,Normal
2026-02-08 13:02:02.374270,Seoul-2a9e,24,72,Normal
2026-02-08 13:02:03.374270,Seoul-2a9e,-8,94,Normal
2026-02-08 13:02:04.374270,Seoul-2a9e,13,18,Normal
2026-02-08 13:02:05.374270,Seoul-2a9e,-25,47,Normal
2026-02-08 13:02:06.374270,Seoul-2a9e,-10,54,Normal
2026-02-08 13:02:07.374270,Seoul-2a9e,-1,49,Normal
2026-02-08 13:02:08.374270,Seoul-2a9e,-30,14,Normal
2026-02-08 13:02:09.374270,Seoul-2a9e,-13,85,Normal
2026-02-08 13:02:10.374270,Seoul-2a9e,-30,17,Normal
2026-02-08 13:02:11.374270,Seoul-2a9e,-14,40,Normal
2026-02-08 13:02:12.374270,Seoul-2a9e,29,12,Normal
2026-02-08 13:02:13.374270,Seoul-2a9e,-22,80,Normal
2026-02-08 13:02:14.374270,Seoul-2a9e,18,96,Normal
2026-02-08 13:02:15.374270,Seoul-2a9e,38,72,Normal
2026-02-08 13:02:16.374270,Seoul-2a9e,-26,58,Normal
2026-02-08 13:02:17.374270,Seoul-2a9e,-19,12,Normal
2026-02-08 13:02:18.374270,Seoul-2a9e,-10,67,Normal
2026-02-08 13:02:19.374270,Seoul-2a9e,24,87,Normal
2026-02-08 13:02:20.374270,Seoul-2a9e,34,72,Normal
2026-02-08 13:02:21.374270,Seoul-2a9e,23,7,Normal
2026-02-08 13:02:22.374270,Seoul-2a9e,-18,24,Normal
2026-02-08 13:02:23.374270,Seoul-2a9e,11,71,Normal
2026-02-08 13:02:24.374270,Seoul-2a9e,12,36,Normal
2026-02-08 13:02:25.374270,Seoul-2a9e,-18,15,Normal
2026-02-08 13:02:26.374270,Seoul-2a9e,-7,83,Normal
2026-02-08 13:02:27.374270,Seoul-2a9e,-25,76,Normal
2026-02-08 13:02:28.374270,Seoul-2a9e,32,87,Normal
2026-02-08 13:02:29.374270,Seoul-2a9e,34,13,Normal
2026-02-08 13:02:30.374270,Seoul-2a9e,13,56,Normal
2026-02-08 13:02:31.374270,Seoul-2a9e,27,50,Normal
2026-02-08 13:02:32.374270,Seoul-2a9e,-12,62,Normal
2026-02-08 13:02:33.374270,Seoul-2a9e,42,41,Normal
2026-02-08 13:02:34.374270,Seoul-2a9e,13,55,Normal
2026-02-08 13:02:35.374270,Seoul-2a9e,2,61,Normal
2026-02-08 13:02:36.374270,Seoul-2a9e,-30,64,Normal
2026-02-08 13:02:37.374270,Seoul-2a9e,35,75,Normal
2026-02-08 13:02:38.374270,Seoul-2a9e,10,1,Normal
2026-02-08 13:02:39.374270,Seoul-2a9e,-2,95,Normal
2026-02-08 13:02:40.374270,Seoul-2a9e,50,56,Normal
2026-02-08 13:02:41.374270,Seoul-2a9e,44,56,Normal
2026-02-08 13:02:42.374270,Seoul-2a9e,-8,43,Normal
2026-02-08 13:02:43.374270,Seoul-2a9e,-26,21,Normal
2026-02-08 13:02:44.374270,Seoul-2a9e,-10,50,Normal
2026-02-08 13:02:45.374270,Seoul-2a9e,49,18,Normal
2026-02-08 13:02:46.374270,Seoul-2a9e,-23,26,Normal
2026-02-08 13:02:47.374270,Seoul-2a9e,28,66,Normal
2026-02-08 13:02:48.374270,Seoul-2a9e,18,66,Normal
2026-02-08 13:02:49.374270,Seoul-2a9e,12,53,Normal
2026-02-08 13:02:50.374270,Seoul-2a9e,-1,40,Normal
2026-02-08 13:02:51.374270,Seoul-2a9e,-6,57,Normal
2026-02-08 13:02:52.374270,Seoul-2a9e,46,24,Normal
2026-02-08 13:02:53.374270,Seoul-2a9e,11,66,Normal
2026-02-08 13:02:54.374270,Seoul-2a9e,1,54,Normal
2026-02-08 13:02:55.374270,Seoul-2a9e,-17,51,Normal
2026-02-08 13:02:56.374270,Seoul-2a9e,-2,83,Normal
2026-02-08 13:02:57.374270,Seoul-2a9e,-8,51,Normal
2026-02-08 13:02:58.374270,Seoul-2a9e,13,3,Normal
2026-02-08 13:02:59.374270,Seoul-2a9e,11,71,Normal
2026-02-08 13:03:00.374270,Seoul-2a9e,-24,44,Normal
2026-02-08 13:03:01.374270,Seoul-2a9e,30,70,Normal
2026-02-08 13:03:02.374270,Seoul-2a9e,-29,99,Normal
2026-02-08 13:03:03.374270,Seoul-2a9e,4,47,Normal
2026-02-08 13:03:04.374270,Seoul-2a9e,-13,48,Normal
2026-02-08 13:03:05.374270,Seoul-2a9e,-10,93,Normal
2026-02-08 13:03:06.374270,Seoul-2a9e,-10,69,Normal
2026-02-08 13:03:07.374270,Seoul-2a9e,33,49,Normal
2026-02-08 13:03:08.374270,Seoul-2a9e,16,85,Normal
2026-02-08 13:03:09.374270,Seoul-2a9e,-20,93,Normal
2026-02-08 13:03:10.374270,Seoul-2a9e,-13,46,Normal
2026-02-08 13:03:11.374270,Seoul-2a9e,21,38,Normal
2026-02-08 13:03:12.374270,Seoul-2a9e,-3,13,Normal
2026-02-08 13:03:13.374270,Seoul-2a9e,41,81,Normal
2026-02-08 13:03:14.374270,Seoul-2a9e,26,9,Normal
2026-02-08 13:03:15.374270,Seoul-2a9e,-25,24,Normal
2026-02-08 13:03:16.374270,Seoul-2a9e,-14,83,Normal
2026-02-08 13:03:17.374270,Seoul-2a9e,-20,68,Normal
2026-02-08 13:03:18.374270,Seoul-2a9e,-14,20,Normal
2026-02-08 13:03:19.374270,Seoul-2a9e,10,34,Normal
2026-02-08 13:03:20.374270,Seoul-2a9e,-14,91,Normal
2026-02-08 13:03:21.374270,Seoul-2a9e,27,83,Normal
2026-02-08 13:03:22.374270,Seoul-2a9e,38,32,Normal
2026-02-08 13:03:23.374270,Seoul-2a9e,11,83,Normal
2026-02-08 13:03:24.374270,Seoul-2a9e,44,4,Normal
2026-02-08 13:03:25.374270,Seoul-2a9e,5,8,Normal
2026-02-08 13:03:26.374270,Seoul-2a9e,19,70,Normal
2026-02-08 13:03:27.374270,Seoul-2a9e,17,97,Normal
2026-02-08 13:03:28.374270,Seoul-2a9e,-14,5,Normal
2026-02-08 13:03:29.374270,Seoul-2a9e,21,12,Normal
2026-02-08 13:03:30.374270,Seoul-2a9e,-17,90,Normal
2026-02-08 13:03:31.374270,Seoul-2a9e,5,7,Normal
2026-02-08 13:03:32.374270,Seoul-2a9e,13,67,Normal
2026-02-08 13:03:33.374270,Seoul-2a9e,20,53,Normal
2026-02-08 13:03:34.374270,Seoul-2a9e,-18,49,Normal
2026-02-08 13:03:35.374270,Seoul-2a9e,-6,31,Normal
2026-02-08 13:03:36.374270,Seoul-2a9e,44,37,Normal
2026-02-08 13:03:37.374270,Seoul-2a9e,-7,88,Normal
2026-02-08 13:03:38.374270,Seoul-2a9e,2,14,Normal
2026-02-08 13:03:39.374270,Seoul-2a9e,-20,48,Normal
2026-02-08 13:03:40.374270,Seoul-2a9e,28,56,Normal
2026-02-08 13:03:41.374270,Seoul-2a9e,43,43,Normal
2026-02-08 13:03:42.374270,Seoul-2a9e,-12,31,Normal
2026-02-08 13:03:43.374270,Seoul-2a9e,49,71,Normal
2026-02-08 13:03:44.374270,Seoul-2a9e,14,43,Normal
2026-02-08 13:03:45.374270,Seoul-2a9e,-3,22,Normal
2026-02-08 13:03:46.374270,Seoul-2a9e,-6,88,Normal
2026-02-08 13:03:47.374270,Seoul-2a9e,-27,46,Normal
2026-02-08 13:03:48.374270,Seoul-2a9e,12,54,Normal
2026-02-08 13:03:49.374270,Seoul-2a9e,26,44,Normal
2026-02-08 13:03:50.374270,Seoul-2a9e,21,86,Normal
2026-02-08 13:03:51.374270,Seoul-2a9e,-22,84,Normal
2026-02-08 13:03:52.374270,Seoul-2a9e,50,49,Normal
2026-02-08 13:03:53.374270,Seoul-2a9e,8,62,Normal
2026-02-08 13:03:54.374270,Seoul-2a9e,-14,95,Normal
2026-02-08 13:03:55.374270,Seoul-2a9e,45,91,Normal
2026-02-08 13:03:56.374270,Seoul-2a9e,-28,80,Normal
2026-02-08 13:03:57.374270,Seoul-2a9e,-11,31,Normal
2026-02-08 13:03:58.374270,Seoul-2a9e,16,50,Normal
2026-02-08 13:03:59.374270,Seoul-2a9e,7,91,Normal
2026-02-08 13:04:00.374270,Seoul-2a9e,-24,96,Normal
2026-02-08 13:04:01.374270,Seoul-2a9e,-3,13,Normal
2026-02-08 13:04:02.374270,Seoul-2a9e,46,44,Normal
2026-02-08 13:04:03.374270,Seoul-2a9e,6,49,Normal
2026-02-08 13:04:04.374270,Seoul-2a9e,43,92,Normal
2026-02-08 13:04:05.374270,Seoul-2a9e,0,11,Normal
2026-02-08 13:04:06.374270,Seoul-2a9e,22,40,Normal
2026-02-08 13:04:07.374270,Seoul-2a9e,19,19,Normal
2026-02-08 13:04:08.374270,Seoul-2a9e,-5,27,Normal
2026-02-08 13:04:09.374270,Seoul-2a9e,50,12,Normal
2026-02-08 13:04:10.374270,Seoul-2a9e,23,18,Normal
2026-02-08 13:04:11.374270,Seoul-2a9e,42,39,Normal
2026-02-08 13:04:12.374270,Seoul-2a9e,-23,1,Normal
2026-02-08 13:04:13.374270,Seoul-2a9e,1,4,Normal
2026-02-08 13:04:14.374270,Seoul-2a9e,13,88,Normal
2026-02-08 13:04:15.374270,Seoul-2a9e,39,10,Normal
2026-02-08 13:04:16.374270,Seoul-2a9e,29,98,Normal
2026-02-08 13:04:17.374270,Seoul-2a9e,20,35,Normal
2026-02-08 13:04:18.374270,Seoul-2a9e,26,10,Normal
2026-02-08 13:04:19.374270,Seoul-2a9e,40,16,Normal
2026-02-08 13:04:20.374270,Seoul-2a9e,13,100,Normal
2026-02-08 13:04:21.374270,Seoul-2a9e,35,57,Normal
2026-02-08 13:04:22.374270,Seoul-2a9e,13,40,Normal
2026-02-08 13:04:23.374270,Seoul-2a9e,-6,20,Normal
2026-02-08 13:04:24.374270,Seoul-2a9e,47,25,Normal
2026-02-08 13:04:25.374270,Seoul-2a9e,-12,99,Normal
2026-02-08 13:04:26.374270,Seoul-2a9e,10,6,Normal
2026-02-08 13:04:27.374270,Seoul-2a9e,-27,60,Normal
2026-02-08 13:04:28.374270,Seoul-2a9e,-10,20,Normal
2026-02-08 13:04:29.374270,Seoul-2a9e,-10,23,Normal
2026-02-08 13:04:30.374270,Seoul-2a9e,-3,85,Normal
2026-02-08 13:04:31.374270,Seoul-2a9e,22,99,Normal
2026-02-08 13:04:32.374270,Seoul-2a9e,-1,62,Normal
2026-02-08 13:04:33.374270,Seoul-2a9e,-9,21,Normal
2026-02-08 13:04:34.374270,Seoul-2a9e,41,22,Normal
2026-02-08 13:04:35.374270,Seoul-2a9e,-28,59,Normal
2026-02-08 13:04:36.374270,Seoul-2a9e,33,31,Normal
2026-02-08 13:04:37.374270,Seoul-2a9e,10,72,Normal
2026-02-08 13:04:38.374270,Seoul-2a9e,15,24,Normal
2026-02-08 13:04:39.374270,Seoul-2a9e,17,27,Normal
2026-02-08 13:04:40.374270,Seoul-2a9e,17,13,Normal
2026-02-08 13:04:41.374270,Seoul-2a9e,29,14,Normal
2026-02-08 13:04:42.374270,Seoul-2a9e,44,55,Normal
2026-02-08 13:04:43.374270,Seoul-2a9e,43,18,Normal
2026-02-08 13:04:44.374270,Seoul-2a9e,-22,48,Normal
2026-02-08 13:04:45.374270,Seoul-2a9e,-23,66,Normal
2026-02-08 13:04:46.374270,Seoul-2a9e,-15,5,Normal
2026-02-08 13:04:47.374270,Seoul-2a9e,-14,11,Normal
2026-02-08 13:04:48.374270,Seoul-2a9e,20,83,Normal
2026-02-08 13:04:49.374270,Seoul-2a9e,9,22,Normal
2026-02-08 13:04:50.374270,Seoul-2a9e,-6,59,Normal
2026-02-08 13:04:51.374270,Seoul-2a9e,47,71,Normal
2026-02-08 13:04:52.374270,Seoul-2a9e,39,89,Normal
2026-02-08 13:04:53.374270,Seoul-2a9e,40,17,Normal
2026-02-08 13:04:54.374270,Seoul-2a9e,17,54,Normal
2026-02-08 13:04:55.374270,Seoul-2a9e,42,25,Normal
2026-02-08 13:04:56.374270,Seoul-2a9e,-10,17,Normal
2026-02-08 13:04:57.374270,Seoul-2a9e,-1,29,Normal
2026-02-08 13:04:58.374270,Seoul-2a9e,29,74,Normal
2026-02-08 13:04:59.374270,Seoul-2a9e,11,91,Normal
2026-02-08 13:05:00.374270,Seoul-2a9e,-15,88,Normal
2026-02-08 13:05:01.374270,Seoul-2a9e,47,72,Normal
2026-02-08 13:05:02.374270,Seoul-2a9e,-9,61,Normal
2026-02-08 13:05:03.374270,Seoul-2a9e,2,49,Normal
2026-02-08 13:05:04.374270,Seoul-2a9e,-8,45,Normal
2026-02-08 13:05:05.374270,Seoul-2a9e,25,75,Normal
