timestamp,station_id,temp,humid,condition
2026-02-08 08:49:35.553501,Tokyo-ef3b,25,55,Normal
2026-02-08 08:49:36.553501,Tokyo-ef3b,34,54,Normal
2026-02-08 08:49:37.553501,Tokyo-ef3b,-2,81,Normal
2026-02-08 08:49:38.553501,Tokyo-ef3b,40,30,Normal
2026-02-08 08:49:39.553501,Tokyo-ef3b,-10,40,Normal
2026-02-08 08:49:40.553501,Tokyo-ef3b,44,95,Normal
2026-02-08 08:49:41.553501,Tokyo-ef3b,25,77,Normal
2026-02-08 08:49:42.553501,Tokyo-ef3b,-4,65,Normal
2026-02-08 08:49:43.553501,Tokyo-ef3b,19,48,Normal
2026-02-08 08:49:44.553501,Tokyo-ef3b,16,33,Normal
2026-02-08 08:49:45.553501,Tokyo-ef3b,-28,86,Normal
2026-02-08 08:49:46.553501,Tokyo-ef3b,-28,87,Normal
2026-02-08 08:49:47.553501,Tokyo-ef3b,-30,60,Normal
2026-02-08 08:49:48.553501,Tokyo-ef3b,34,74,Normal
2026-02-08 08:49:49.553501,Tokyo-ef3b,-5,49,Normal
2026-02-08 08:49:50.553501,Tokyo-ef3b,27,83,Normal
2026-02-08 08:49:51.553501,Tokyo-ef3b,12,97,Normal
2026-02-08 08:49:52.553501,Tokyo-ef3b,7,13,Normal
2026-02-08 08:49:53.553501,Tokyo-ef3b,29,8,Normal
2026-02-08 08:49:54.553501,Tokyo-ef3b,35,61,Normal
2026-02-08 08:49:55.553501,Tokyo-ef3b,43,55,Normal
2026-02-08 08:49:56.553501,Tokyo-ef3b,21,36,Normal
2026-02-08 08:49:57.553501,Tokyo-ef3b,-3,4,Normal
2026-02-08 08:49:58.553501,Tokyo-ef3b,-18,20,Normal
2026-02-08 08:49:59.553501,Tokyo-ef3b,29,56,Normal
2026-02-08 08:50:00.553501,Tokyo-ef3b,25,44,Normal
2026-02-08 08:50:01.553501,Tokyo-ef3b,39,52,Normal
2026-02-08 08:50:02.553501,Tokyo-ef3b,-29,13,Normal
2026-02-08 08:50:03.553501,Tokyo-ef3b,30,69,Normal
2026-02-08 08:50:04.553501,Tokyo-ef3b,-18,57,Normal
2026-02-08 08:50:05.553501,Tokyo-ef3b,9,76,Normal
2026-02-08 08:50:06.553501,Tokyo-ef3b,-9,10,Normal
2026-02-08 08:50:07.553501,Tokyo-ef3b,13,33,Normal
2026-02-08 08:50:08.553501,Tokyo-ef3b,27,65,Normal
2026-02-08 08:50:09.553501,Tokyo-ef3b,17,74,Normal
2026-02-08 08:50:10.553501,Tokyo-ef3b,6,94,Normal
2026-02-08 08:50:11.553501,Tokyo-ef3b,-18,55,Normal
2026-02-08 08:50:12.553501,Tokyo-ef3b,-16,55,Normal
2026-02-08 08:50:13.553501,Tokyo-ef3b,6,64,Normal
2026-02-08 08:50:14.553501,Tokyo-ef3b,-18,53,Normal
2026-02-08 08:50:15.553501,Tokyo-ef3b,17,79,Normal
2026-02-08 08:50:16.553501,Tokyo-ef3b,43,54,Normal
2026-02-08 08:50:17.553501,Tokyo-ef3b,-8,72,Normal
2026-02-08 08:50:18.553501,Tokyo-ef3b,10,73,Normal
2026-02-08 08:50:19.553501,Tokyo-ef3b,6,44,Normal
2026-02-08 08:50:20.553501,Tokyo-ef3b,45,99,Normal
2026-02-08 08:50:21.553501,Tokyo-ef3b,11,20,Normal
2026-02-08 08:50:22.553501,Tokyo-ef3b,42,31,Normal
2026-02-08 08:50:23.553501,Tokyo-ef3b,0,82,Normal
2026-02-08 08:50:24.553501,Tokyo-ef3b,-27,80,Normal
2026-02-08 08:50:25.553501,Tokyo-ef3b,30,9,Normal
2026-02-08 08:50:26.553501,Tokyo-ef3b,-2,25,Normal
2026-02-08 08:50:27.553501,Tokyo-ef3b,18,62,Normal
2026-02-08 08:50:28.553501,Tokyo-ef3b,-25,59,Normal
2026-02-08 08:50:29.553501,Tokyo-ef3b,42,90,Normal
2026-02-08 08:50:30.553501,Tokyo-ef3b,33,63,Normal
2026-02-08 08:50:31.553501,Tokyo-ef3b,-23,92,Normal
2026-02-08 08:50:32.553501,Tokyo-ef3b,-20,34,Normal
2026-02-08 08:50:33.553501,Tokyo-ef3b,24,44,Normal
2026-02-08 08:50:34.553501,Tokyo-ef3b,45,34,Normal
2026-02-08 08:50:35.553501,Tokyo-ef3b,47,72,Normal
2026-02-08 08:50:36.553501,Tokyo-ef3b,-29,88,Normal
2026-02-08 08:50:37.553501,Tokyo-ef3b,12,100,Normal
2026-02-08 08:50:38.553501,Tokyo-ef3b,44,82,Normal
2026-02-08 08:50:39.553501,Tokyo-ef3b,4,77,Normal
2026-02-08 08:50:40.553501,Tokyo-ef3b,40,48,Normal
2026-02-08 08:50:41.553501,Tokyo-ef3b,-4,17,Normal
2026-02-08 08:50:42.553501,Tokyo-ef3b,7,51,Normal
2026-02-08 08:50:43.553501,Tokyo-ef3b,39,100,Normal
2026-02-08 08:50:44.553501,Tokyo-ef3b,-7,12,Normal
2026-02-08 08:50:45.553501,Tokyo-ef3b,47,26,Normal
2026-02-08 08:50:46.553501,Tokyo-ef3b,43,12,Normal
2026-02-08 08:50:47.553501,Tokyo-ef3b,36,40,Normal
2026-02-08 08:50:48.553501,Tokyo-ef3b,29,25,Normal
2026-02-08 08:50:49.553501,Tokyo-ef3b,23,30,Normal
2026-02-08 08:50:50.553501,Tokyo-ef3b,7,32,Normal
2026-02-08 08:50:51.553501,Tokyo-ef3b,2,15,Normal
2026-02-08 08:50:52.553501,Tokyo-ef3b,3,28,Normal
2026-02-08 08:50:53.553501,Tokyo-ef3b,30,36,Normal
2026-02-08 08:50:54.553501,Tokyo-ef3b,-18,99,Normal
2026-02-08 08:50:55.553501,Tokyo-ef3b,27,14,Normal
2026-02-08 08:50:56.553501,Tokyo-ef3b,-15,14,Normal
2026-02-08 08:50:57.553501,Tokyo-ef3b,43,13,Normal
2026-02-08 08:50:58.553501,Tokyo-ef3b,-27,12,Normal
2026-02-08 08:50:59.553501,Tokyo-ef3b,29,74,Normal
2026-02-08 08:51:00.553501,Tokyo-ef3b,4,34,Normal
2026-02-08 08:51:01.553501,Tokyo-ef3b,49,84,Normal
2026-02-08 08:51:02.553501,Tokyo-ef3b,45,40,Normal
2026-02-08 08:51:03.553501,Tokyo-ef3b,27,98,Normal
2026-02-08 08:51:04.553501,Tokyo-ef3b,24,58,Normal
2026-02-08 08:51:05.553501,Tokyo-ef3b,-15,47,Normal
2026-02-08 08:51:06.553501,Tokyo-ef3b,7,38,Normal
2026-02-08 08:51:07.553501,Tokyo-ef3b,39,81,Normal
2026-02-08 08:51:08.553501,Tokyo-ef3b,20,53,Normal
2026-02-08 08:51:09.553501,Tokyo-ef3b,49,26,Normal
2026-02-08 08:51:10.553501,Tokyo-ef3b,-13,9,Normal
2026-02-08 08:51:11.553501,Tokyo-ef3b,47,53,Normal
2026-02-08 08:51:12.553501,Tokyo-ef3b,40,46,Normal
2026-02-08 08:51:13.553501,Tokyo-ef3b,25,26,Normal
2026-02-08 08:51:14.553501,Tokyo-ef3b,16,33,Normal
2026-02-08 08:51:15.553501,Tokyo-ef3b,46,11,Normal
2026-02-08 08:51:16.553501,Tokyo-ef3b,9,70,Normal
2026-02-08 08:51:17.553501,Tokyo-ef3b,-27,21,Normal
2026-02-08 08:51:18.553501,Tokyo-ef3b,16,64,Normal
2026-02-08 08:51:19.553501,Tokyo-ef3b,40,8,Normal
2026-02-08 08:51:20.553501,Tokyo-ef3b,33,64,Normal
2026-02-08 08:51:21.553501,Tokyo-ef3b,17,5,Normal
2026-02-08 08:51:22.553501,Tokyo-ef3b,19,34,Normal
2026-02-08 08:51:23.553501,Tokyo-ef3b,18,7,Normal
2026-02-08 08:51:24.553501,Tokyo-ef3b,21,60,Normal
2026-02-08 08:51:25.553501,Tokyo-ef3b,-26,3,Normal
2026-02-08 08:51:26.553501,Tokyo-ef3b,35,58,Normal
2026-02-08 08:51:27.553501,Tokyo-ef3b,-13,79,Normal
2026-02-08 08:51:28.553501,Tokyo-ef3b,30,59,Normal
2026-02-08 08:51:29.553501,Tokyo-ef3b,1,44,Normal
2026-02-08 08:51:30.553501,Tokyo-ef3b,7,60,Normal
2026-02-08 08:51:31.553501,Tokyo-ef3b,49,19,Normal
2026-02-08 08:51:32.553501,Tokyo-ef3b,18,95,Normal
2026-02-08 08:51:33.553501,Tokyo-ef3b,18,68,Normal
2026-02-08 08:51:34.553501,Tokyo-ef3b,46,63,Normal
2026-02-08 08:51:35.553501,Tokyo-ef3b,13,89,Normal
2026-02-08 08:51:36.553501,Tokyo-ef3b,-30,73,Normal
2026-02-08 08:51:37.553501,Tokyo-ef3b,29,100,Normal
2026-02-08 08:51:38.553501,Tokyo-ef3b,19,93,Normal
2026-02-08 08:51:39.553501,Tokyo-ef3b,30,23,Normal
2026-02-08 08:51:40.553501,Tokyo-ef3b,44,74,Normal
2026-02-08 08:51:41.553501,Tokyo-ef3b,-4,80,Normal
2026-02-08 08:51:42.553501,Tokyo-ef3b,-22,64,Normal
2026-02-08 08:51:43.553501,Tokyo-ef3b,46,94,Normal
2026-02-08 08:51:44.553501,Tokyo-ef3b,2,44,Normal
2026-02-08 08:51:45.553501,Tokyo-ef3b,-23,32,Normal
2026-02-08 08:51:46.553501,Tokyo-ef3b,46,85,Normal
2026-02-08 08:51:47.553501,Tokyo-ef3b,39,36,Normal
2026-02-08 08:51:48.553501,Tokyo-ef3b,-5,75,Normal
2026-02-08 08:51:49.553501,Tokyo-ef3b,-3,41,Normal
2026-02-08 08:51:50.553501,Tokyo-ef3b,-11,87,Normal
2026-02-08 08:51:51.553501,Tokyo-ef3b,-11,93,Normal
2026-02-08 08:51:52.553501,Tokyo-ef3b,28,91,Normal
2026-02-08 08:51:53.553501,Tokyo-ef3b,-10,92,Normal
2026-02-08 08:51:54.553501,Tokyo-ef3b,18,19,Normal
2026-02-08 08:51:55.553501,Tokyo-ef3b,39,29,Normal
2026-02-08 08:51:56.553501,Tokyo-ef3b,49,43,Normal
2026-02-08 08:51:57.553501,Tokyo-ef3b,44,73,Normal
2026-02-08 08:51:58.553501,Tokyo-ef3b,30,70,Normal
2026-02-08 08:51:59.553501,Tokyo-ef3b,34,94,Normal
2026-02-08 08:52:00.553501,Tokyo-ef3b,12,13,Normal
2026-02-08 08:52:01.553501,Tokyo-ef3b,13,84,Normal
2026-02-08 08:52:02.553501,Tokyo-ef3b,17,71,Normal
2026-02-08 08:52:03.553501,Tokyo-ef3b,-15,99,Normal
2026-02-08 08:52:04.553501,Tokyo-ef3b,30,64,Normal
2026-02-08 08:52:05.553501,Tokyo-ef3b,33,74,Normal
2026-02-08 08:52:06.553501,Tokyo-ef3b,45,48,Normal
2026-02-08 08:52:07.553501,Tokyo-ef3b,-28,46,Normal
2026-02-08 08:52:08.553501,Tokyo-ef3b,-12,76,Normal
2026-02-08 08:52:09.553501,Tokyo-ef3b,42,78,Normal
2026-02-08 08:52:10.553501,Tokyo-ef3b,-3,5,Normal
2026-02-08 08:52:11.553501,Tokyo-ef3b,5,92,Normal
2026-02-08 08:52:12.553501,Tokyo-ef3b,2,18,Normal
2026-02-08 08:52:13.553501,Tokyo-ef3b,-12,52,Normal
2026-02-08 08:52:14.553501,Tokyo-ef3b,-4,76,Normal
2026-02-08 08:52:15.553501,Tokyo-ef3b,-5,80,Normal
2026-02-08 08:52:16.553501,Tokyo-ef3b,-20,78,Normal
2026-02-08 08:52:17.553501,Tokyo-ef3b,50,10,Normal
2026-02-08 08:52:18.553501,Tokyo-ef3b,34,27,Normal
2026-02-08 08:52:19.553501,Tokyo-ef3b,35,73,Normal
2026-02-08 08:52:20.553501,Tokyo-ef3b,-12,47,Normal
2026-02-08 08:52:21.553501,Tokyo-ef3b,-24,2,Normal
2026-02-08 08:52:22.553501,Tokyo-ef3b,41,33,Normal
2026-02-08 08:52:23.553501,Tokyo-ef3b,47,56,Normal
2026-02-08 08:52:24.553501,Tokyo-ef3b,50,38,Normal
2026-02-08 08:52:25.553501,Tokyo-ef3b,44,75,Normal
2026-02-08 08:52:26.553501,Tokyo-ef3b,37,68,Normal
2026-02-08 08:52:27.553501,Tokyo-ef3b,22,14,Normal
2026-02-08 08:52:28.553501,Tokyo-ef3b,26,14,Normal
2026-02-08 08:52:29.553501,Tokyo-ef3b,28,81,Normal
2026-02-08 08:52:30.553501,Tokyo-ef3b,3,58,Normal
2026-02-08 08:52:31.553501,Tokyo-ef3b,47,43,Normal
2026-02-08 08:52:32.553501,Tokyo-ef3b,-19,90,Normal
2026-02-08 08:52:33.553501,Tokyo-ef3b,6,63,Normal
2026-02-08 08:52:34.553501,Tokyo-ef3b,1,57,Normal
2026-02-08 08:52:35.553501,Tokyo-ef3b,-17,98,Normal
2026-02-08 08:52:36.553501,Tokyo-ef3b,31,33,Normal
2026-02-08 08:52:37.553501,Tokyo-ef3b,42,84,Normal
2026-02-08 08:52:38.553501,Tokyo-ef3b,48,27,Normal
2026-02-08 08:52:39.553501,Tokyo-ef3b,40,99,Normal
2026-02-08 08:52:40.553501,Tokyo-ef3b,1,0,Normal
2026-02-08 08:52:41.553501,Tokyo-ef3b,-3,88,Normal
2026-02-08 08:52:42.553501,Tokyo-ef3b,43,72,Normal
2026-02-08 08:52:43.553501,Tokyo-ef3b,35,84,Normal
2026-02-08 08:52:44.553501,Tokyo-ef3b,-17,55,Normal
2026-02-08 08:52:45.553501,Tokyo-ef3b,15,92,Normal
2026-02-08 08:52:46.553501,Tokyo-ef3b,40,9,Normal
2026-02-08 08:52:47.553501,Tokyo-ef3b,5,31,Normal
2026-02-08 08:52:48.553501,Tokyo-ef3b,40,18,Normal
2026-02-08 08:52:49.553501,Tokyo-ef3b,-19,7,Normal
2026-02-08 08:52:50.553501,Tokyo-ef3b,-14,99,Normal
2026-02-08 08:52:51.553501,Tokyo-ef3b,50,38,Normal
2026-02-08 08:52:52.553501,Tokyo-ef3b,5,11,Normal
2026-02-08 08:52:53.553501,Tokyo-ef3b,47,81,Normal
2026-02-08 08:52:54.553501,Tokyo-ef3b,-10,1,Normal
2026-02-08 08:52:55.553501,Tokyo-ef3b,-8,53,Normal
2026-02-08 08:52:56.553501,Tokyo-ef3b,42,29,Normal
2026-02-08 08:52:57.553501,Tokyo-ef3b,10,78,Normal
2026-02-08 08:52:58.553501,Tokyo-ef3b,6,47,Normal
2026-02-08 08:52:59.553501,Tokyo-ef3b,28,92,Normal
2026-02-08 08:53:00.553501,Tokyo-ef3b,49,76,Normal
2026-02-08 08:53:01.553501,Tokyo-ef3b,-19,77,Normal
2026-02-08 08:53:02.553501,Tokyo-ef3b,-9,43,Normal
2026-02-08 08:53:03.553501,Tokyo-ef3b,46,95,Normal
2026-02-08 08:53:04.553501,Tokyo-ef3b,-2,88,Normal
2026-02-08 08:53:05.553501,Tokyo-ef3b,-28,92,Normal
2026-02-08 08:53:06.553501,Tokyo-ef3b,7,14,Normal
2026-02-08 08:53:07.553501,Tokyo-ef3b,21,90,Normal
2026-02-08 08:53:08.553501,Tokyo-ef3b,32,6,Normal
2026-02-08 08:53:09.553501,Tokyo-ef3b,25,1,Normal
2026-02-08 08:53:10.553501,Tokyo-ef3b,-3,15,Normal
2026-02-08 08:53:11.553501,Tokyo-ef3b,27,4,Normal
2026-02-08 08:53:12.553501,Tokyo-ef3b,-13,95,Normal
2026-02-08 08:53:13.553501,Tokyo-ef3b,-28,88,Normal
2026-02-08 08:53:14.553501,Tokyo-ef3b,-1,98,Normal
2026-02-08 08:53:15.553501,Tokyo-ef3b,18,12,Normal
2026-02-08 08:53:16.553501,Tokyo-ef3b,-23,87,Normal
2026-02-08 08:53:17.553501,Tokyo-ef3b,31,34,Normal
2026-02-08 08:53:18.553501,Tokyo-ef3b,-13,23,Normal
2026-02-08 08:53:19.553501,Tokyo-ef3b,0,30,Normal
2026-02-08 08:53:20.553501,Tokyo-ef3b,42,34,Normal
2026-02-08 08:53:21.553501,Tokyo-ef3b,-26,16,Normal
2026-02-08 08:53:22.553501,Tokyo-ef3b,36,88,Normal
2026-02-08 08:53:23.553501,Tokyo-ef3b,-21,0,Normal
2026-02-08 08:53:24.553501,Tokyo-ef3b,31,84,Normal
2026-02-08 08:53:25.553501,Tokyo-ef3b,-5,65,Normal
2026-02-08 08:53:26.553501,Tokyo-ef3b,8,48,Normal
2026-02-08 08:53:27.553501,Tokyo-ef3b,14,68,Normal
2026-02-08 08:53:28.553501,Tokyo-ef3b,-3,1,Normal
2026-02-08 08:53:29.553501,Tokyo-ef3b,1,74,Normal
2026-02-08 08:53:30.553501,Tokyo-ef3b,31,87,Normal
2026-02-08 08:53:31.553501,Tokyo-ef3b,-25,80,Normal
2026-02-08 08:53:32.553501,Tokyo-ef3b,-21,100,Normal
2026-02-08 08:53:33.553501,Tokyo-ef3b,-26,42,Normal
2026-02-08 08:53:34.553501,Tokyo-ef3b,41,32,Normal
2026-02-08 08:53:35.553501,Tokyo-ef3b,-23,50,Normal
2026-02-08 08:53:36.553501,Tokyo-ef3b,28,9,Normal
2026-02-08 08:53:37.553501,Tokyo-ef3b,48,56,Normal
2026-02-08 08:53:38.553501,Tokyo-ef3b,19,20,Normal
2026-02-08 08:53:39.553501,Tokyo-ef3b,24,59,Normal
2026-02-08 08:53:40.553501,Tokyo-ef3b,40,9,Normal
2026-02-08 08:53:41.553501,Tokyo-ef3b,-26,26,Normal
2026-02-08 08:53:42.553501,Tokyo-ef3b,21,54,Normal
2026-02-08 08:53:43.553501,Tokyo-ef3b,-11,68,Normal
2026-02-08 08:53:44.553501,Tokyo-ef3b,27,98,Normal
2026-02-08 08:53:45.553501,Tokyo-ef3b,-5,32,Normal
2026-02-08 08:53:46.553501,Tokyo-ef3b,-11,25,Normal
2026-02-08 08:53:47.553501,Tokyo-ef3b,-2,78,Normal
2026-02-08 08:53:48.553501,Tokyo-ef3b,22,43,Normal
2026-02-08 08:53:49.553501,Tokyo-ef3b,-18,13,Normal
2026-02-08 08:53:50.553501,Tokyo-ef3b,-27,24,Normal
2026-02-08 08:53:51.553501,Tokyo-ef3b,49,34,Normal
2026-02-08 08:53:52.553501,Tokyo-ef3b,-25,41,Normal
2026-02-08 08:53:53.553501,Tokyo-ef3b,5,24,Normal
2026-02-08 08:53:54.553501,Tokyo-ef3b,30,59,Normal
2026-02-08 08:53:55.553501,Tokyo-ef3b,-17,63,Normal
2026-02-08 08:53:56.553501,Tokyo-ef3b,48,75,Normal
2026-02-08 08:53:57.553501,Tokyo-ef3b,-19,33,Normal
2026-02-08 08:53:58.553501,Tokyo-ef3b,7,30,Normal
2026-02-08 08:53:59.553501,Tokyo-ef3b,39,21,Normal
2026-02-08 08:54:00.553501,Tokyo-ef3b,-23,15,Normal
2026-02-08 08:54:01.553501,Tokyo-ef3b,35,83,Normal
2026-02-08 08:54:02.553501,Tokyo-ef3b,-7,7,Normal
2026-02-08 08:54:03.553501,Tokyo-ef3b,-20,59,Normal
2026-02-08 08:54:04.553501,Tokyo-ef3b,21,12,Normal
2026-02-08 08:54:05.553501,Tokyo-ef3b,3,12,Normal
2026-02-08 08:54:06.553501,Tokyo-ef3b,-29,74,Normal
2026-02-08 08:54:07.553501,Tokyo-ef3b,-17,40,Normal
2026-02-08 08:54:08.553501,Tokyo-ef3b,20,41,Normal
2026-02-08 08:54:09.553501,Tokyo-ef3b,34,53,Normal
2026-02-08 08:54:10.553501,Tokyo-ef3b,50,37,Normal
2026-02-08 08:54:11.553501,Tokyo-ef3b,39,15,Normal
2026-02-08 08:54:12.553501,Tokyo-ef3b,4,68,Normal
2026-02-08 08:54:13.553501,Tokyo-ef3b,0,15,Normal
2026-02-08 08:54:14.553501,Tokyo-ef3b,5,33,Normal
2026-02-08 08:54:15.553501,Tokyo-ef3b,32,0,Normal
2026-02-08 08:54:16.553501,Tokyo-ef3b,42,52,Normal
2026-02-08 08:54:17.553501,Tokyo-ef3b,-27,13,Normal
2026-02-08 08:54:18.553501,Tokyo-ef3b,40,72,Normal
2026-02-08 08:54:19.553501,Tokyo-ef3b,16,100,Normal
2026-02-08 08:54:20.553501,Tokyo-ef3b,18,37,Normal
2026-02-08 08:54:21.553501,Tokyo-ef3b,-12,71,Normal
2026-02-08 08:54:22.553501,Tokyo-ef3b,17,46,Normal
2026-02-08 08:54:23.553501,Tokyo-ef3b,46,43,Normal
2026-02-08 08:54:24.553501,Tokyo-ef3b,44,68,Normal
2026-02-08 08:54:25.553501,Tokyo-ef3b,-13,13,Normal
2026-02-08 08:54:26.553501,Tokyo-ef3b,36,61,Normal
2026-02-08 08:54:27.553501,Tokyo-ef3b,-29,45,Normal
2026-02-08 08:54:28.553501,Tokyo-ef3b,5,30,Normal
2026-02-08 08:54:29.553501,Tokyo-ef3b,-15,38,Normal
2026-02-08 08:54:30.553501,Tokyo-ef3b,5,46,Normal
2026-02-08 08:54:31.553501,Tokyo-ef3b,15,11,Normal
2026-02-08 08:54:32.553501,Tokyo-ef3b,-22,98,Normal
2026-02-08 08:54:33.553501,Tokyo-ef3b,8,71,Normal
2026-02-08 08:54:34.553501,Tokyo-ef3b,49,14,Normal
2026-02-08 08:54:35.553501,Tokyo-ef3b,-12,22,Normal
2026-02-08 08:54:36.553501,Tokyo-ef3b,11,6,Normal
2026-02-08 08:54:37.553501,Tokyo-ef3b,4,44,Normal
2026-02-08 08:54:38.553501,Tokyo-ef3b,-27,10,Normal
2026-02-08 08:54:39.553501,Tokyo-ef3b,42,53,Normal
2026-02-08 08:54:40.553501,Tokyo-ef3b,-10,32,Normal
2026-02-08 08:54:41.553501,Tokyo-ef3b,31,55,Normal
2026-02-08 08:54:42.553501,Tokyo-ef3b,21,1,Normal
2026-02-08 08:54:43.553501,Tokyo-ef3b,37,60,Normal
2026-02-08 08:54:44.553501,Tokyo-ef3b,47,22,Normal
2026-02-08 08:54:45.553501,Tokyo-ef3b,16,47,Normal
2026-02-08 08:54:46.553501,Tokyo-ef3b,50,47,Normal
2026-02-08 08:54:47.553501,Tokyo-ef3b,-9,59,Normal
2026-02-08 08:54:48.553501,Tokyo-ef3b,38,65,Normal
2026-02-08 08:54:49.553501,Tokyo-ef3b,36,99,Normal
2026-02-08 08:54:50.553501,Tokyo-ef3b,-12,24,Normal
2026-02-08 08:54:51.553501,Tokyo-ef3b,-5,41,Normal
2026-02-08 08:54:52.553501,Tokyo-ef3b,7,30,Normal
2026-02-08 08:54:53.553501,Tokyo-ef3b,13,76,Normal
2026-02-08 08:54:54.553501,Tokyo-ef3b,-23,46,Normal
2026-02-08 08:54:55.553501,Tokyo-ef3b,40,24,Normal
2026-02-08 08:54:56.553501,Tokyo-ef3b,-6,7,Normal
2026-02-08 08:54:57.553501,Tokyo-ef3b,34,69,Normal
2026-02-08 08:54:58.553501,Tokyo-ef3b,2,97,Normal
2026-02-08 08:54:59.553501,Tokyo-ef3b,36,53,Normal
2026-02-08 08:55:00.553501,Tokyo-ef3b,-19,81,Normal
2026-02-08 08:55:01.553501,Tokyo-ef3b,17,37,Normal
2026-02-08 08:55:02.553501,Tokyo-ef3b,-1,72,Normal
2026-02-08 08:55:03.553501,Tokyo-ef3b,-2,51,Normal
2026-02-08 08:55:04.553501,Tokyo-ef3b,-21,98,Normal
2026-02-08 08:55:05.553501,Tokyo-ef3b,12,81,Normal
2026-02-08 08:55:06.553501,Tokyo-ef3b,32,52,Normal
2026-02-08 08:55:07.553501,Tokyo-ef3b,18,37,Normal
2026-02-08 08:55:08.553501,Tokyo-ef3b,-6,33,Normal
2026-02-08 08:55:09.553501,Tokyo-ef3b,21,57,Normal
2026-02-08 08:55:10.553501,Tokyo-ef3b,-2,80,Normal
2026-02-08 08:55:11.553501,Tokyo-ef3b,-18,48,Normal
2026-02-08 08:55:12.553501,Tokyo-ef3b,-12,10,Normal
2026-02-08 08:55:13.553501,Tokyo-ef3b,-21,99,Normal
2026-02-08 08:55:14.553501,Tokyo-ef3b,17,34,Normal
2026-02-08 08:55:15.553501,Tokyo-ef3b,-21,75,Normal
2026-02-08 08:55:16.553501,Tokyo-ef3b,-17,61,Normal
2026-02-08 08:55:17.553501,Tokyo-ef3b,15,38,Normal
2026-02-08 08:55:18.553501,Tokyo-ef3b,18,31,Normal
2026-02-08 08:55:19.553501,Tokyo-ef3b,-27,18,Normal
2026-02-08 08:55:20.553501,Tokyo-ef3b,5,86,Normal
2026-02-08 08:55:21.553501,Tokyo-ef3b,30,19,Normal
2026-02-08 08:55:22.553501,Tokyo-ef3b,30,28,Normal
2026-02-08 08:55:23.553501,Tokyo-ef3b,-6,72,Normal
2026-02-08 08:55:24.553501,Tokyo-ef3b,-17,59,Normal
2026-02-08 08:55:25.553501,Tokyo-ef3b,50,91,Normal
2026-02-08 08:55:26.553501,Tokyo-ef3b,5,94,Normal
2026-02-08 08:55:27.553501,Tokyo-ef3b,28,71,Normal
2026-02-08 08:55:28.553501,Tokyo-ef3b,-5,18,Normal
2026-02-08 08:55:29.553501,Tokyo-ef3b,-19,82,Normal
2026-02-08 08:55:30.553501,Tokyo-ef3b,-11,46,Normal
2026-02-08 08:55:31.553501,Tokyo-ef3b,-22,62,Normal
2026-02-08 08:55:32.553501,Tokyo-ef3b,-24,56,Normal
2026-02-08 08:55:33.553501,Tokyo-ef3b,46,31,Normal
2026-02-08 08:55:34.553501,Tokyo-ef3b,34,2,Normal
2026-02-08 08:55:35.553501,Tokyo-ef3b,2,76,Normal
2026-02-08 08:55:36.553501,Tokyo-ef3b,-29,3,Normal
2026-02-08 08:55:37.553501,Tokyo-ef3b,-15,29,Normal
2026-02-08 08:55:38.553501,Tokyo-ef3b,-20,59,Normal
2026-02-08 08:55:39.553501,Tokyo-ef3b,32,64,Normal
2026-02-08 08:55:40.553501,Tokyo-ef3b,-14,83,Normal
2026-02-08 08:55:41.553501,Tokyo-ef3b,27,91,Normal
2026-02-08 08:55:42.553501,Tokyo-ef3b,8,10,Normal
2026-02-08 08:55:43.553501,Tokyo-ef3b,20,72,Normal
2026-02-08 08:55:44.553501,Tokyo-ef3b,34,97,Normal
2026-02-08 08:55:45.553501,Tokyo-ef3b,-28,54,Normal
2026-02-08 08:55:46.553501,Tokyo-ef3b,-29,43,Normal
2026-02-08 08:55:47.553501,Tokyo-ef3b,-3,14,Normal
2026-02-08 08:55:48.553501,Tokyo-ef3b,50,0,Normal
2026-02-08 08:55:49.553501,Tokyo-ef3b,-28,9,Normal
2026-02-08 08:55:50.553501,Tokyo-ef3b,26,70,Normal
2026-02-08 08:55:51.553501,Tokyo-ef3b,-24,72,Normal
2026-02-08 08:55:52.553501,Tokyo-ef3b,-29,17,Normal
2026-02-08 08:55:53.553501,Tokyo-ef3b,42,30,Normal
2026-02-08 08:55:54.553501,Tokyo-ef3b,-12,27,Normal
2026-02-08 08:55:55.553501,Tokyo-ef3b,4,99,Normal
2026-02-08 08:55:56.553501,Tokyo-ef3b,-8,48,Normal
2026-02-08 08:55:57.553501,Tokyo-ef3b,12,60,Normal
2026-02-08 08:55:58.553501,Tokyo-ef3b,-16,91,Normal
2026-02-08 08:55:59.553501,Tokyo-ef3b,20,6,Normal
2026-02-08 08:56:00.553501,Tokyo-ef3b,-18,28,Normal
2026-02-08 08:56:01.553501,Tokyo-ef3b,-29,10,Normal
2026-02-08 08:56:02.553501,Tokyo-ef3b,36,26,Normal
2026-02-08 08:56:03.553501,Tokyo-ef3b,46,92,Normal
2026-02-08 08:56:04.553501,Tokyo-ef3b,-16,96,Normal
2026-02-08 08:56:05.553501,Tokyo-ef3b,40,87,Normal
2026-02-08 08:56:06.553501,Tokyo-ef3b,2,37,Normal
2026-02-08 08:56:07.553501,Tokyo-ef3b,-25,16,Normal
2026-02-08 08:56:08.553501,Tokyo-ef3b,-28,18,Normal
2026-02-08 08:56:09.553501,Tokyo-ef3b,-6,18,Normal
2026-02-08 08:56:10.553501,Tokyo-ef3b,-12,69,Normal
2026-02-08 08:56:11.553501,Tokyo-ef3b,8,15,Normal
2026-02-08 08:56:12.553501,Tokyo-ef3b,36,31,Normal
2026-02-08 08:56:13.553501,Tokyo-ef3b,7,65,Normal
2026-02-08 08:56:14.553501,Tokyo-ef3b,27,41,Normal
2026-02-08 08:56:15.553501,Tokyo-ef3b,14,67,Normal
2026-02-08 08:56:16.553501,Tokyo-ef3b,-19,46,Normal
2026-02-08 08:56:17.553501,Tokyo-ef3b,28,43,Normal
2026-02-08 08:56:18.553501,Tokyo-ef3b,-25,6,Normal
2026-02-08 08:56:19.553501,Tokyo-ef3b,-19,81,Normal
2026-02-08 08:56:20.553501,Tokyo-ef3b,-6,30,Normal
2026-02-08 08:56:21.553501,Tokyo-ef3b,2,45,Normal
2026-02-08 08:56:22.553501,Tokyo-ef3b,-26,18,Normal
2026-02-08 08:56:23.553501,Tokyo-ef3b,45,39,Normal
2026-02-08 08:56:24.553501,Tokyo-ef3b,27,22,Normal
2026-02-08 08:56:25.553501,Tokyo-ef3b,9,78,Normal
2026-02-08 08:56:26.553501,Tokyo-ef3b,19,82,Normal
2026-02-08 08:56:27.553501,Tokyo-ef3b,-13,60,Normal
2026-02-08 08:56:28.553501,Tokyo-ef3b,-6,83,Normal
2026-02-08 08:56:29.553501,Tokyo-ef3b,33,57,Normal
2026-02-08 08:56:30.553501,Tokyo-ef3b,-19,83,Normal
2026-02-08 08:56:31.553501,Tokyo-ef3b,29,49,Normal
2026-02-08 08:56:32.553501,Tokyo-ef3b,14,27,Normal
2026-02-08 08:56:33.553501,Tokyo-ef3b,26,50,Normal
2026-02-08 08:56:34.553501,Tokyo-ef3b,-16,69,Normal
2026-02-08 08:56:35.553501,Tokyo-ef3b,-12,24,Normal
2026-02-08 08:56:36.553501,Tokyo-ef3b,-2,70,Normal
2026-02-08 08:56:37.553501,Tokyo-ef3b,46,47,Normal
2026-02-08 08:56:38.553501,Tokyo-ef3b,28,32,Normal
2026-02-08 08:56:39.553501,Tokyo-ef3b,-14,14,Normal
2026-02-08 08:56:40.553501,Tokyo-ef3b,-8,95,Normal
2026-02-08 08:56:41.553501,Tokyo-ef3b,44,13,Normal
2026-02-08 08:56:42.553501,Tokyo-ef3b,4,89,Normal
2026-02-08 08:56:43.553501,Tokyo-ef3b,39,1,Normal
2026-02-08 08:56:44.553501,Tokyo-ef3b,-24,39,Normal
2026-02-08 08:56:45.553501,Tokyo-ef3b,29,12,Normal
2026-02-08 08:56:46.553501,Tokyo-ef3b,-16,80,Normal
2026-02-08 08:56:47.553501,Tokyo-ef3b,47,12,Normal
2026-02-08 08:56:48.553501,Tokyo-ef3b,-22,2,Normal
2026-02-08 08:56:49.553501,Tokyo-ef3b,-12,49,Normal
2026-02-08 08:56:50.553501,Tokyo-ef3b,0,26,Normal
2026-02-08 08:56:51.553501,Tokyo-ef3b,33,21,Normal
2026-02-08 08:56:52.553501,Tokyo-ef3b,-14,79,Normal
2026-02-08 08:56:53.553501,Tokyo-ef3b,-23,72,Normal
2026-02-08 08:56:54.553501,Tokyo-ef3b,15,38,Normal
2026-02-08 08:56:55.553501,Tokyo-ef3b,19,1,Normal
2026-02-08 08:56:56.553501,Tokyo-ef3b,-25,71,Normal
2026-02-08 08:56:57.553501,Tokyo-ef3b,11,64,Normal
2026-02-08 08:56:58.553501,Tokyo-ef3b,-17,100,Normal
2026-02-08 08:56:59.553501,Tokyo-ef3b,-24,49,Normal
2026-02-08 08:57:00.553501,Tokyo-ef3b,34,33,Normal
2026-02-08 08:57:01.553501,Tokyo-ef3b,26,51,Normal
2026-02-08 08:57:02.553501,Tokyo-ef3b,-28,12,Normal
2026-02-08 08:57:03.553501,Tokyo-ef3b,10,82,Normal
2026-02-08 08:57:04.553501,Tokyo-ef3b,-17,26,Normal
2026-02-08 08:57:05.553501,Tokyo-ef3b,19,54,Normal
2026-02-08 08:57:06.553501,Tokyo-ef3b,24,9,Normal
2026-02-08 08:57:07.553501,Tokyo-ef3b,46,2,Normal
2026-02-08 08:57:08.553501,Tokyo-ef3b,18,58,Normal
2026-02-08 08:57:09.553501,Tokyo-ef3b,-5,9,Normal
2026-02-08 08:57:10.553501,Tokyo-ef3b,-1,10,Normal
2026-02-08 08:57:11.553501,Tokyo-ef3b,-9,67,Normal
2026-02-08 08:57:12.553501,Tokyo-ef3b,-20,90,Normal
2026-02-08 08:57:13.553501,Tokyo-ef3b,-28,34,Normal
2026-02-08 08:57:14.553501,Tokyo-ef3b,-15,67,Normal
2026-02-08 08:57:15.553501,Tokyo-ef3b,8,77,Normal
2026-02-08 08:57:16.553501,Tokyo-ef3b,48,30,Normal
2026-02-08 08:57:17.553501,Tokyo-ef3b,15,77,Normal
2026-02-08 08:57:18.553501,Tokyo-ef3b,44,55,Normal
2026-02-08 08:57:19.553501,Tokyo-ef3b,46,94,Normal
2026-02-08 08:57:20.553501,Tokyo-ef3b,-20,12,Normal
2026-02-08 08:57:21.553501,Tokyo-ef3b,0,66,Normal
2026-02-08 08:57:22.553501,Tokyo-ef3b,-23,52,Normal
2026-02-08 08:57:23.553501,Tokyo-ef3b,-15,80,Normal
2026-02-08 08:57:24.553501,Tokyo-ef3b,15,43,Normal
2026-02-08 08:57:25.553501,Tokyo-ef3b,20,13,Normal
2026-02-08 08:57:26.553501,Tokyo-ef3b,-4,5,Normal
2026-02-08 08:57:27.553501,Tokyo-ef3b,6,3,Normal
2026-02-08 08:57:28.553501,Tokyo-ef3b,40,38,Normal
2026-02-08 08:57:29.553501,Tokyo-ef3b,22,39,Normal
2026-02-08 08:57:30.553501,Tokyo-ef3b,29,70,Normal
2026-02-08 08:57:31.553501,Tokyo-ef3b,13,17,Normal
2026-02-08 08:57:32.553501,Tokyo-ef3b,-1,21,Normal
2026-02-08 08:57:33.553501,Tokyo-ef3b,-2,6,Normal
2026-02-08 08:57:34.553501,Tokyo-ef3b,-7,22,Normal
2026-02-08 08:57:35.553501,Tokyo-ef3b,32,100,Normal
2026-02-08 08:57:36.553501,Tokyo-ef3b,30,6,Normal
2026-02-08 08:57:37.553501,Tokyo-ef3b,-21,52,Normal
2026-02-08 08:57:38.553501,Tokyo-ef3b,-15,92,Normal
2026-02-08 08:57:39.553501,Tokyo-ef3b,36,3,Normal
2026-02-08 08:57:40.553501,Tokyo-ef3b,9,87,Normal
2026-02-08 08:57:41.553501,Tokyo-ef3b,-12,93,Normal
2026-02-08 08:57:42.553501,Tokyo-ef3b,38,24,Normal
2026-02-08 08:57:43.553501,Tokyo-ef3b,6,30,Normal
2026-02-08 08:57:44.553501,Tokyo-ef3b,13,77,Normal
2026-02-08 08:57:45.553501,Tokyo-ef3b,34,28,Normal
2026-02-08 08:57:46.553501,Tokyo-ef3b,-24,35,Normal
2026-02-08 08:57:47.553501,Tokyo-ef3b,-14,82,Normal
2026-02-08 08:57:48.553501,Tokyo-ef3b,8,39,Normal
2026-02-08 08:57:49.553501,Tokyo-ef3b,15,27,Normal
2026-02-08 08:57:50.553501,Tokyo-ef3b,24,19,Normal
2026-02-08 08:57:51.553501,Tokyo-ef3b,25,96,Normal
2026-02-08 08:57:52.553501,Tokyo-ef3b,1,15,Normal
2026-02-08 08:57:53.553501,Tokyo-ef3b,-6,49,Normal
2026-02-08 08:57:54.553501,Tokyo-ef3b,36,55,Normal
2026-02-08 08:57:55.553501,Tokyo-ef3b,0,7,Normal
2026-02-08 08:57:56.553501,Tokyo-ef3b,12,84,Normal
2026-02-08 08:57:57.553501,Tokyo-ef3b,-22,17,Normal
2026-02-08 08:57:58.553501,Tokyo-ef3b,39,7,Normal
2026-02-08 08:57:59.553501,Tokyo-ef3b,32,46,Normal
2026-02-08 08:58:00.553501,Tokyo-ef3b,-25,26,Normal
2026-02-08 08:58:01.553501,Tokyo-ef3b,14,33,Normal
2026-02-08 08:58:02.553501,Tokyo-ef3b,30,70,Normal
2026-02-08 08:58:03.553501,Tokyo-ef3b,29,77,Normal
2026-02-08 08:58:04.553501,Tokyo-ef3b,-24,87,Normal
2026-02-08 08:58:05.553501,Tokyo-ef3b,-28,89,Normal
2026-02-08 08:58:06.553501,Tokyo-ef3b,38,74,Normal
2026-02-08 08:58:07.553501,Tokyo-ef3b,27,58,Normal
2026-02-08 08:58:08.553501,Tokyo-ef3b,8,68,Normal
2026-02-08 08:58:09.553501,Tokyo-ef3b,-23,15,Normal
2026-02-08 08:58:10.553501,Tokyo-ef3b,-15,70,Normal
2026-02-08 08:58:11.553501,Tokyo-ef3b,44,23,Normal
2026-02-08 08:58:12.553501,Tokyo-ef3b,-23,57,Normal
2026-02-08 08:58:13.553501,Tokyo-ef3b,6,2,Normal
2026-02-08 08:58:14.553501,Tokyo-ef3b,23,0,Normal
2026-02-08 08:58:15.553501,Tokyo-ef3b,-14,55,Normal
2026-02-08 08:58:16.553501,Tokyo-ef3b,18,94,Normal
2026-02-08 08:58:17.553501,Tokyo-ef3b,-17,100,Normal
2026-02-08 08:58:18.553501,Tokyo-ef3b,14,96,Normal
2026-02-08 08:58:19.553501,Tokyo-ef3b,24,57,Normal
2026-02-08 08:58:20.553501,Tokyo-ef3b,-27,95,Normal
2026-02-08 08:58:21.553501,Tokyo-ef3b,-1,56,Normal
2026-02-08 08:58:22.553501,Tokyo-ef3b,-7,35,Normal
2026-02-08 08:58:23.553501,Tokyo-ef3b,8,98,Normal
2026-02-08 08:58:24.553501,Tokyo-ef3b,33,86,Normal
2026-02-08 08:58:25.553501,Tokyo-ef3b,-3,75,Normal
2026-02-08 08:58:26.553501,Tokyo-ef3b,-9,21,Normal
2026-02-08 08:58:27.553501,Tokyo-ef3b,4,74,Normal
2026-02-08 08:58:28.553501,Tokyo-ef3b,-29,48,Normal
2026-02-08 08:58:29.553501,Tokyo-ef3b,18,48,Normal
2026-02-08 08:58:30.553501,Tokyo-ef3b,-29,50,Normal
2026-02-08 08:58:31.553501,Tokyo-ef3b,-18,76,Normal
2026-02-08 08:58:32.553501,Tokyo-ef3b,-7,36,Normal
2026-02-08 08:58:33.553501,Tokyo-ef3b,43,67,Normal
2026-02-08 08:58:34.553501,Tokyo-ef3b,10,2,Normal
2026-02-08 08:58:35.553501,Tokyo-ef3b,-16,62,Normal
2026-02-08 08:58:36.553501,Tokyo-ef3b,43,8,Normal
2026-02-08 08:58:37.553501,Tokyo-ef3b,18,88,Normal
2026-02-08 08:58:38.553501,Tokyo-ef3b,7,93,Normal
2026-02-08 08:58:39.553501,Tokyo-ef3b,42,45,Normal
2026-02-08 08:58:40.553501,Tokyo-ef3b,-17,100,Normal
2026-02-08 08:58:41.553501,Tokyo-ef3b,-30,24,Normal
2026-02-08 08:58:42.553501,Tokyo-ef3b,-1,82,Normal
2026-02-08 08:58:43.553501,Tokyo-ef3b,-20,16,Normal
2026-02-08 08:58:44.553501,Tokyo-ef3b,13,72,Normal
2026-02-08 08:58:45.553501,Tokyo-ef3b,36,58,Normal
2026-02-08 08:58:46.553501,Tokyo-ef3b,-29,1,Normal
2026-02-08 08:58:47.553501,Tokyo-ef3b,-28,81,Normal
2026-02-08 08:58:48.553501,Tokyo-ef3b,41,53,Normal
2026-02-08 08:58:49.553501,Tokyo-ef3b,37,90,Normal
2026-02-08 08:58:50.553501,Tokyo-ef3b,-10,67,Normal
2026-02-08 08:58:51.553501,Tokyo-ef3b,-14,65,Normal
2026-02-08 08:58:52.553501,Tokyo-ef3b,37,30,Normal
2026-02-08 08:58:53.553501,Tokyo-ef3b,-21,83,Normal
2026-02-08 08:58:54.553501,Tokyo-ef3b,-4,86,Normal
2026-02-08 08:58:55.553501,Tokyo-ef3b,0,84,Normal
2026-02-08 08:58:56.553501,Tokyo-ef3b,21,57,Normal
2026-02-08 08:58:57.553501,Tokyo-ef3b,2,96,Normal
2026-02-08 08:58:58.553501,Tokyo-ef3b,-15,21,Normal
2026-02-08 08:58:59.553501,Tokyo-ef3b,37,20,Normal
2026-02-08 08:59:00.553501,Tokyo-ef3b,-1,89,Normal
2026-02-08 08:59:01.553501,Tokyo-ef3b,8,87,Normal
2026-02-08 08:59:02.553501,Tokyo-ef3b,-17,56,Normal
2026-02-08 08:59:03.553501,Tokyo-ef3b,16,45,Normal
2026-02-08 08:59:04.553501,Tokyo-ef3b,12,40,Normal
2026-02-08 08:59:05.553501,Tokyo-ef3b,11,83,Normal
2026-02-08 08:59:06.553501,Tokyo-ef3b,45,71,Normal
2026-02-08 08:59:07.553501,Tokyo-ef3b,24,51,Normal
2026-02-08 08:59:08.553501,Tokyo-ef3b,-15,40,Normal
2026-02-08 08:59:09.553501,Tokyo-ef3b,40,66,Normal
2026-02-08 08:59:10.553501,Tokyo-ef3b,34,95,Normal
2026-02-08 08:59:11.553501,Tokyo-ef3b,-5,20,Normal
2026-02-08 08:59:12.553501,Tokyo-ef3b,-4,70,Normal
2026-02-08 08:59:13.553501,Tokyo-ef3b,42,59,Normal
2026-02-08 08:59:14.553501,Tokyo-ef3b,39,70,Normal
2026-02-08 08:59:15.553501,Tokyo-ef3b,37,11,Normal
2026-02-08 08:59:16.553501,Tokyo-ef3b,45,78,Normal
2026-02-08 08:59:17.553501,Tokyo-ef3b,31,98,Normal
2026-02-08 08:59:18.553501,Tokyo-ef3b,30,94,Normal
2026-02-08 08:59:19.553501,Tokyo-ef3b,-10,10,Normal
2026-02-08 08:59:20.553501,Tokyo-ef3b,42,22,Normal
2026-02-08 08:59:21.553501,Tokyo-ef3b,-24,80,Normal
2026-02-08 08:59:22.553501,Tokyo-ef3b,23,60,Normal
2026-02-08 08:59:23.553501,Tokyo-ef3b,15,87,Normal
2026-02-08 08:59:24.553501,Tokyo-ef3b,15,77,Normal
2026-02-08 08:59:25.553501,Tokyo-ef3b,50,100,Normal
2026-02-08 08:59:26.553501,Tokyo-ef3b,-24,1,Normal
2026-02-08 08:59:27.553501,Tokyo-ef3b,32,32,Normal
2026-02-08 08:59:28.553501,Tokyo-ef3b,-8,65,Normal
2026-02-08 08:59:29.553501,Tokyo-ef3b,40,55,Normal
2026-02-08 08:59:30.553501,Tokyo-ef3b,38,7,Normal
2026-02-08 08:59:31.553501,Tokyo-ef3b,18,84,Normal
2026-02-08 08:59:32.553501,Tokyo-ef3b,35,99,Normal
2026-02-08 08:59:33.553501,Tokyo-ef3b,14,82,Normal
2026-02-08 08:59:34.553501,Tokyo-ef3b,0,62,Normal
2026-02-08 08:59:35.553501,Tokyo-ef3b,-27,33,Normal
2026-02-08 08:59:36.553501,Tokyo-ef3b,46,0,Normal
2026-02-08 08:59:37.553501,Tokyo-ef3b,50,89,Normal
2026-02-08 08:59:38.553501,Tokyo-ef3b,38,45,Normal
2026-02-08 08:59:39.553501,Tokyo-ef3b,-11,62,Normal
2026-02-08 08:59:40.553501,Tokyo-ef3b,34,88,Normal
2026-02-08 08:59:41.553501,Tokyo-ef3b,14,24,Normal
2026-02-08 08:59:42.553501,Tokyo-ef3b,-1,4,Normal
2026-02-08 08:59:43.553501,Tokyo-ef3b,40,45,Normal
2026-02-08 08:59:44.553501,Tokyo-ef3b,-8,63,Normal
2026-02-08 08:59:45.553501,Tokyo-ef3b,-6,88,Normal
2026-02-08 08:59:46.553501,Tokyo-ef3b,-25,17,Normal
2026-02-08 08:59:47.553501,Tokyo-ef3b,16,66,Normal
2026-02-08 08:59:48.553501,Tokyo-ef3b,32,9,Normal
2026-02-08 08:59:49.553501,Tokyo-ef3b,11,33,Normal
2026-02-08 08:59:50.553501,Tokyo-ef3b,-10,84,Normal
2026-02-08 08:59:51.553501,Tokyo-ef3b,32,87,Normal
2026-02-08 08:59:52.553501,Tokyo-ef3b,20,61,Normal
2026-02-08 08:59:53.553501,Tokyo-ef3b,40,16,Normal
2026-02-08 08:59:54.553501,Tokyo-ef3b,-4,19,Normal
2026-02-08 08:59:55.553501,Tokyo-ef3b,35,88,Normal
2026-02-08 08:59:56.553501,Tokyo-ef3b,0,59,Normal
2026-02-08 08:59:57.553501,Tokyo-ef3b,-20,92,Normal
2026-02-08 08:59:58.553501,Tokyo-ef3b,39,25,Normal
2026-02-08 08:59:59.553501,Tokyo-ef3b,20,43,Normal
2026-02-08 09:00:00.553501,Tokyo-ef3b,-24,51,Normal
2026-02-08 09:00:01.553501,Tokyo-ef3b,29,21,Normal
2026-02-08 09:00:02.553501,Tokyo-ef3b,12,55,Normal
2026-02-08 09:00:03.553501,Tokyo-ef3b,-13,25,Normal
2026-02-08 09:00:04.553501,Tokyo-ef3b,13,5,Normal
2026-02-08 09:00:05.553501,Tokyo-ef3b,-25,98,Normal
2026-02-08 09:00:06.553501,Tokyo-ef3b,-17,85,Normal
2026-02-08 09:00:07.553501,Tokyo-ef3b,43,62,Normal
2026-02-08 09:00:08.553501,Tokyo-ef3b,24,2,Normal
2026-02-08 09:00:09.553501,Tokyo-ef3b,-17,41,Normal
2026-02-08 09:00:10.553501,Tokyo-ef3b,36,2,Normal
2026-02-08 09:00:11.553501,Tokyo-ef3b,-11,18,Normal
2026-02-08 09:00:12.553501,Tokyo-ef3b,-13,6,Normal
2026-02-08 09:00:13.553501,Tokyo-ef3b,27,50,Normal
2026-02-08 09:00:14.553501,Tokyo-ef3b,18,99,Normal
2026-02-08 09:00:15.553501,Tokyo-ef3b,-15,60,Normal
2026-02-08 09:00:16.553501,Tokyo-ef3b,-16,53,Normal
2026-02-08 09:00:17.553501,Tokyo-ef3b,29,28,Normal
2026-02-08 09:00:18.553501,Tokyo-ef3b,-28,91,Normal
2026-02-08 09:00:19.553501,Tokyo-ef3b,23,30,Normal
2026-02-08 09:00:20.553501,Tokyo-ef3b,38,0,Normal
2026-02-08 09:00:21.553501,Tokyo-ef3b,-2,94,Normal
2026-02-08 09:00:22.553501,Tokyo-ef3b,25,21,Normal
2026-02-08 09:00:23.553501,Tokyo-ef3b,25,40,Normal
2026-02-08 09:00:24.553501,Tokyo-ef3b,-9,23,Normal
2026-02-08 09:00:25.553501,Tokyo-ef3b,16,91,Normal
2026-02-08 09:00:26.553501,Tokyo-ef3b,2,87,Normal
2026-02-08 09:00:27.553501,Tokyo-ef3b,47,62,Normal
2026-02-08 09:00:28.553501,Tokyo-ef3b,-18,29,Normal
2026-02-08 09:00:29.553501,Tokyo-ef3b,11,54,Normal
2026-02-08 09:00:30.553501,Tokyo-ef3b,-24,90,Normal
2026-02-08 09:00:31.553501,Tokyo-ef3b,42,16,Normal
2026-02-08 09:00:32.553501,Tokyo-ef3b,34,29,Normal
2026-02-08 09:00:33.553501,Tokyo-ef3b,10,2,Normal
2026-02-08 09:00:34.553501,Tokyo-ef3b,14,85,Normal
2026-02-08 09:00:35.553501,Tokyo-ef3b,46,13,Normal
2026-02-08 09:00:36.553501,Tokyo-ef3b,-22,78,Normal
2026-02-08 09:00:37.553501,Tokyo-ef3b,-26,50,Normal
2026-02-08 09:00:38.553501,Tokyo-ef3b,-11,16,Normal
2026-02-08 09:00:39.553501,Tokyo-ef3b,-28,96,Normal
2026-02-08 09:00:40.553501,Tokyo-ef3b,22,84,Normal
2026-02-08 09:00:41.553501,Tokyo-ef3b,-1,26,Normal
2026-02-08 09:00:42.553501,Tokyo-ef3b,-22,4,Normal
2026-02-08 09:00:43.553501,Tokyo-ef3b,45,91,Normal
2026-02-08 09:00:44.553501,Tokyo-ef3b,45,94,Normal
2026-02-08 09:00:45.553501,Tokyo-ef3b,50,64,Normal
2026-02-08 09:00:46.553501,Tokyo-ef3b,15,56,Normal
2026-02-08 09:00:47.553501,Tokyo-ef3b,-26,13,Normal
2026-02-08 09:00:48.553501,Tokyo-ef3b,31,90,Normal
2026-02-08 09:00:49.553501,Tokyo-ef3b,-12,80,Normal
2026-02-08 09:00:50.553501,Tokyo-ef3b,2,38,Normal
2026-02-08 09:00:51.553501,Tokyo-ef3b,-8,63,Normal
2026-02-08 09:00:52.553501,Tokyo-ef3b,0,6,Normal
2026-02-08 09:00:53.553501,Tokyo-ef3b,-10,55,Normal
2026-02-08 09:00:54.553501,Tokyo-ef3b,15,75,Normal
2026-02-08 09:00:55.553501,Tokyo-ef3b,-6,63,Normal
2026-02-08 09:00:56.553501,Tokyo-ef3b,-4,52,Normal
2026-02-08 09:00:57.553501,Tokyo-ef3b,48,2,Normal
2026-02-08 09:00:58.553501,Tokyo-ef3b,3,62,Normal
2026-02-08 09:00:59.553501,Tokyo-ef3b,45,63,Normal
2026-02-08 09:01:00.553501,Tokyo-ef3b,27,48,Normal
2026-02-08 09:01:01.553501,Tokyo-ef3b,-24,34,Normal
2026-02-08 09:01:02.553501,Tokyo-ef3b,46,99,Normal
2026-02-08 09:01:03.553501,Tokyo-ef3b,19,78,Normal
2026-02-08 09:01:04.553501,Tokyo-ef3b,-13,81,Normal
2026-02-08 09:01:05.553501,Tokyo-ef3b,41,31,Normal
2026-02-08 09:01:06.553501,Tokyo-ef3b,3,17,Normal
2026-02-08 09:01:07.553501,Tokyo-ef3b,24,54,Normal
2026-02-08 09:01:08.553501,Tokyo-ef3b,43,36,Normal
2026-02-08 09:01:09.553501,Tokyo-ef3b,47,84,Normal
2026-02-08 09:01:10.553501,Tokyo-ef3b,6,72,Normal
2026-02-08 09:01:11.553501,Tokyo-ef3b,40,42,Normal
2026-02-08 09:01:12.553501,Tokyo-ef3b,-6,11,Normal
2026-02-08 09:01:13.553501,Tokyo-ef3b,14,75,Normal
2026-02-08 09:01:14.553501,Tokyo-ef3b,-7,59,Normal
2026-02-08 09:01:15.553501,Tokyo-ef3b,20,0,Normal
2026-02-08 09:01:16.553501,Tokyo-ef3b,26,17,Normal
2026-02-08 09:01:17.553501,Tokyo-ef3b,38,43,Normal
2026-02-08 09:01:18.553501,Tokyo-ef3b,11,43,Normal
2026-02-08 09:01:19.553501,Tokyo-ef3b,2,19,Normal
2026-02-08 09:01:20.553501,Tokyo-ef3b,-22,68,Normal
2026-02-08 09:01:21.553501,Tokyo-ef3b,22,18,Normal
2026-02-08 09:01:22.553501,Tokyo-ef3b,-30,22,Normal
2026-02-08 09:01:23.553501,Tokyo-ef3b,17,85,Normal
2026-02-08 09:01:24.553501,Tokyo-ef3b,20,7,Normal
2026-02-08 09:01:25.553501,Tokyo-ef3b,-25,60,Normal
2026-02-08 09:01:26.553501,Tokyo-ef3b,23,76,Normal
2026-02-08 09:01:27.553501,Tokyo-ef3b,40,51,Normal
2026-02-08 09:01:28.553501,Tokyo-ef3b,12,40,Normal
2026-02-08 09:01:29.553501,Tokyo-ef3b,-26,2,Normal
2026-02-08 09:01:30.553501,Tokyo-ef3b,-30,21,Normal
2026-02-08 09:01:31.553501,Tokyo-ef3b,-20,80,Normal
2026-02-08 09:01:32.553501,Tokyo-ef3b,-29,72,Normal
2026-02-08 09:01:33.553501,Tokyo-ef3b,-23,25,Normal
2026-02-08 09:01:34.553501,Tokyo-ef3b,-15,26,Normal
2026-02-08 09:01:35.553501,Tokyo-ef3b,-29,48,Normal
2026-02-08 09:01:36.553501,Tokyo-ef3b,-27,34,Normal
2026-02-08 09:01:37.553501,Tokyo-ef3b,19,95,Normal
2026-02-08 09:01:38.553501,Tokyo-ef3b,8,30,Normal
2026-02-08 09:01:39.553501,Tokyo-ef3b,40,78,Normal
2026-02-08 09:01:40.553501,Tokyo-ef3b,46,12,Normal
2026-02-08 09:01:41.553501,Tokyo-ef3b,-27,36,Normal
2026-02-08 09:01:42.553501,Tokyo-ef3b,-21,16,Normal
2026-02-08 09:01:43.553501,Tokyo-ef3b,-29,23,Normal
2026-02-08 09:01:44.553501,Tokyo-ef3b,9,64,Normal
2026-02-08 09:01:45.553501,Tokyo-ef3b,37,17,Normal
2026-02-08 09:01:46.553501,Tokyo-ef3b,30,95,Normal
2026-02-08 09:01:47.553501,Tokyo-ef3b,46,22,Normal
2026-02-08 09:01:48.553501,Tokyo-ef3b,-1,50,Normal
2026-02-08 09:01:49.553501,Tokyo-ef3b,-8,6,Normal
2026-02-08 09:01:50.553501,Tokyo-ef3b,-27,17,Normal
2026-02-08 09:01:51.553501,Tokyo-ef3b,-4,11,Normal
2026-02-08 09:01:52.553501,Tokyo-ef3b,47,12,Normal
2026-02-08 09:01:53.553501,Tokyo-ef3b,47,52,Normal
2026-02-08 09:01:54.553501,Tokyo-ef3b,-7,13,Normal
2026-02-08 09:01:55.553501,Tokyo-ef3b,23,43,Normal
2026-02-08 09:01:56.553501,Tokyo-ef3b,32,10,Normal
2026-02-08 09:01:57.553501,Tokyo-ef3b,-15,44,Normal
2026-02-08 09:01:58.553501,Tokyo-ef3b,47,8,Normal
2026-02-08 09:01:59.553501,Tokyo-ef3b,-4,34,Normal
2026-02-08 09:02:00.553501,Tokyo-ef3b,-16,92,Normal
2026-02-08 09:02:01.553501,Tokyo-ef3b,18,47,Normal
2026-02-08 09:02:02.553501,Tokyo-ef3b,1,81,Normal
2026-02-08 09:02:03.553501,Tokyo-ef3b,42,30,Normal
2026-02-08 09:02:04.553501,Tokyo-ef3b,-7,76,Normal
2026-02-08 09:02:05.553501,Tokyo-ef3b,-30,40,Normal
2026-02-08 09:02:06.553501,Tokyo-ef3b,6,79,Normal
2026-02-08 09:02:07.553501,Tokyo-ef3b,44,24,Normal
2026-02-08 09:02:08.553501,Tokyo-ef3b,-19,74,Normal
2026-02-08 09:02:09.553501,Tokyo-ef3b,-14,61,Normal
2026-02-08 09:02:10.553501,Tokyo-ef3b,15,47,Normal
2026-02-08 09:02:11.553501,Tokyo-ef3b,7,64,Normal
2026-02-08 09:02:12.553501,Tokyo-ef3b,-30,12,Normal
2026-02-08 09:02:13.553501,Tokyo-ef3b,5,55,Normal
2026-02-08 09:02:14.553501,Tokyo-ef3b,42,22,Normal
2026-02-08 09:02:15.553501,Tokyo-ef3b,48,20,Normal
2026-02-08 09:02:16.553501,Tokyo-ef3b,17,55,Normal
2026-02-08 09:02:17.553501,Tokyo-ef3b,-21,74,Normal
2026-02-08 09:02:18.553501,Tokyo-ef3b,-15,62,Normal
2026-02-08 09:02:19.553501,Tokyo-ef3b,-4,51,Normal
2026-02-08 09:02:20.553501,Tokyo-ef3b,-24,34,Normal
2026-02-08 09:02:21.553501,Tokyo-ef3b,-23,26,Normal
2026-02-08 09:02:22.553501,Tokyo-ef3b,3,12,Normal
2026-02-08 09:02:23.553501,Tokyo-ef3b,-17,2,Normal
2026-02-08 09:02:24.553501,Tokyo-ef3b,39,76,Normal
2026-02-08 09:02:25.553501,Tokyo-ef3b,28,78,Normal
2026-02-08 09:02:26.553501,Tokyo-ef3b,37,83,Normal
2026-02-08 09:02:27.553501,Tokyo-ef3b,-18,34,Normal
2026-02-08 09:02:28.553501,Tokyo-ef3b,32,73,Normal
2026-02-08 09:02:29.553501,Tokyo-ef3b,47,94,Normal
2026-02-08 09:02:30.553501,Tokyo-ef3b,35,92,Normal
2026-02-08 09:02:31.553501,Tokyo-ef3b,-11,23,Normal
2026-02-08 09:02:32.553501,Tokyo-ef3b,-2,44,Normal
2026-02-08 09:02:33.553501,Tokyo-ef3b,-23,56,Normal
2026-02-08 09:02:34.553501,Tokyo-ef3b,30,77,Normal
2026-02-08 09:02:35.553501,Tokyo-ef3b,42,92,Normal
2026-02-08 09:02:36.553501,Tokyo-ef3b,-20,73,Normal
2026-02-08 09:02:37.553501,Tokyo-ef3b,15,75,Normal
2026-02-08 09:02:38.553501,Tokyo-ef3b,37,8,Normal
2026-02-08 09:02:39.553501,Tokyo-ef3b,11,56,Normal
2026-02-08 09:02:40.553501,Tokyo-ef3b,43,31,Normal
2026-02-08 09:02:41.553501,Tokyo-ef3b,19,45,Normal
2026-02-08 09:02:42.553501,Tokyo-ef3b,-15,17,Normal
2026-02-08 09:02:43.553501,Tokyo-ef3b,15,98,Normal
2026-02-08 09:02:44.553501,Tokyo-ef3b,-4,2,Normal
2026-02-08 09:02:45.553501,Tokyo-ef3b,43,56,Normal
2026-02-08 09:02:46.553501,Tokyo-ef3b,-5,67,Normal
2026-02-08 09:02:47.553501,Tokyo-ef3b,16,22,Normal
2026-02-08 09:02:48.553501,Tokyo-ef3b,25,86,Normal
2026-02-08 09:02:49.553501,Tokyo-ef3b,11,42,Normal
2026-02-08 09:02:50.553501,Tokyo-ef3b,-30,95,Normal
2026-02-08 09:02:51.553501,Tokyo-ef3b,-28,85,Normal
2026-02-08 09:02:52.553501,Tokyo-ef3b,-24,73,Normal
2026-02-08 09:02:53.553501,Tokyo-ef3b,6,12,Normal
2026-02-08 09:02:54.553501,Tokyo-ef3b,2,42,Normal
2026-02-08 09:02:55.553501,Tokyo-ef3b,7,46,Normal
2026-02-08 09:02:56.553501,Tokyo-ef3b,-13,66,Normal
2026-02-08 09:02:57.553501,Tokyo-ef3b,3,18,Normal
2026-02-08 09:02:58.553501,Tokyo-ef3b,47,100,Normal
2026-02-08 09:02:59.553501,Tokyo-ef3b,-18,96,Normal
2026-02-08 09:03:00.553501,Tokyo-ef3b,46,36,Normal
2026-02-08 09:03:01.553501,Tokyo-ef3b,-3,18,Normal
2026-02-08 09:03:02.553501,Tokyo-ef3b,6,38,Normal
2026-02-08 09:03:03.553501,Tokyo-ef3b,-18,6,Normal
2026-02-08 09:03:04.553501,Tokyo-ef3b,-15,37,Normal
2026-02-08 09:03:05.553501,Tokyo-ef3b,2,20,Normal
2026-02-08 09:03:06.553501,Tokyo-ef3b,45,46,Normal
2026-02-08 09:03:07.553501,Tokyo-ef3b,44,51,Normal
2026-02-08 09:03:08.553501,Tokyo-ef3b,27,17,Normal
2026-02-08 09:03:09.553501,Tokyo-ef3b,-27,33,Normal
2026-02-08 09:03:10.553501,Tokyo-ef3b,37,59,Normal
2026-02-08 09:03:11.553501,Tokyo-ef3b,3,3,Normal
2026-02-08 09:03:12.553501,Tokyo-ef3b,38,92,Normal
2026-02-08 09:03:13.553501,Tokyo-ef3b,-25,31,Normal
2026-02-08 09:03:14.553501,Tokyo-ef3b,-19,36,Normal
2026-02-08 09:03:15.553501,Tokyo-ef3b,-30,59,Normal
2026-02-08 09:03:16.553501,Tokyo-ef3b,-17,41,Normal
2026-02-08 09:03:17.553501,Tokyo-ef3b,22,81,Normal
2026-02-08 09:03:18.553501,Tokyo-ef3b,-28,59,Normal
2026-02-08 09:03:19.553501,Tokyo-ef3b,49,4,Normal
2026-02-08 09:03:20.553501,Tokyo-ef3b,37,51,Normal
2026-02-08 09:03:21.553501,Tokyo-ef3b,25,28,Normal
2026-02-08 09:03:22.553501,Tokyo-ef3b,44,84,Normal
2026-02-08 09:03:23.553501,Tokyo-ef3b,34,99,Normal
2026-02-08 09:03:24.553501,Tokyo-ef3b,-19,47,Normal
2026-02-08 09:03:25.553501,Tokyo-ef3b,21,6,Normal
2026-02-08 09:03:26.553501,Tokyo-ef3b,44,4,Normal
2026-02-08 09:03:27.553501,Tokyo-ef3b,-17,0,Normal
2026-02-08 09:03:28.553501,Tokyo-ef3b,49,69,Normal
2026-02-08 09:03:29.553501,Tokyo-ef3b,-19,49,Normal
2026-02-08 09:03:30.553501,Tokyo-ef3b,-5,62,Normal
2026-02-08 09:03:31.553501,Tokyo-ef3b,1,59,Normal
2026-02-08 09:03:32.553501,Tokyo-ef3b,-5,31,Normal
2026-02-08 09:03:33.553501,Tokyo-ef3b,43,92,Normal
2026-02-08 09:03:34.553501,Tokyo-ef3b,42,42,Normal
2026-02-08 09:03:35.553501,Tokyo-ef3b,-16,24,Normal
2026-02-08 09:03:36.553501,Tokyo-ef3b,13,30,Normal
2026-02-08 09:03:37.553501,Tokyo-ef3b,-10,11,Normal
2026-02-08 09:03:38.553501,Tokyo-ef3b,-24,88,Normal
2026-02-08 09:03:39.553501,Tokyo-ef3b,-6,37,Normal
2026-02-08 09:03:40.553501,Tokyo-ef3b,-1,60,Normal
2026-02-08 09:03:41.553501,Tokyo-ef3b,39,92,Normal
2026-02-08 09:03:42.553501,Tokyo-ef3b,-24,64,Normal
2026-02-08 09:03:43.553501,Tokyo-ef3b,17,64,Normal
2026-02-08 09:03:44.553501,Tokyo-ef3b,47,92,Normal
2026-02-08 09:03:45.553501,Tokyo-ef3b,40,32,Normal
2026-02-08 09:03:46.553501,Tokyo-ef3b,-17,68,Normal
2026-02-08 09:03:47.553501,Tokyo-ef3b,33,62,Normal
2026-02-08 09:03:48.553501,Tokyo-ef3b,45,32,Normal
2026-02-08 09:03:49.553501,Tokyo-ef3b,-14,18,Normal
2026-02-08 09:03:50.553501,Tokyo-ef3b,46,47,Normal
2026-02-08 09:03:51.553501,Tokyo-ef3b,-30,72,Normal
2026-02-08 09:03:52.553501,Tokyo-ef3b,42,23,Normal
2026-02-08 09:03:53.553501,Tokyo-ef3b,30,48,Normal
2026-02-08 09:03:54.553501,Tokyo-ef3b,-21,14,Normal
2026-02-08 09:03:55.553501,Tokyo-ef3b,-7,84,Normal
2026-02-08 09:03:56.553501,Tokyo-ef3b,49,63,Normal
2026-02-08 09:03:57.553501,Tokyo-ef3b,27,94,Normal
2026-02-08 09:03:58.553501,Tokyo-ef3b,-12,4,Normal
2026-02-08 09:03:59.553501,Tokyo-ef3b,-21,66,Normal
2026-02-08 09:04:00.553501,Tokyo-ef3b,32,98,Normal
2026-02-08 09:04:01.553501,Tokyo-ef3b,7,75,Normal
2026-02-08 09:04:02.553501,Tokyo-ef3b,37,64,Normal
2026-02-08 09:04:03.553501,Tokyo-ef3b,-21,21,Normal
2026-02-08 09:04:04.553501,Tokyo-ef3b,48,68,Normal
2026-02-08 09:04:05.553501,Tokyo-ef3b,-4,24,Normal
2026-02-08 09:04:06.553501,Tokyo-ef3b,-24,37,Normal
2026-02-08 09:04:07.553501,Tokyo-ef3b,45,17,Normal
2026-02-08 09:04:08.553501,Tokyo-ef3b,-11,3,Normal
2026-02-08 09:04:09.553501,Tokyo-ef3b,20,91,Normal
2026-02-08 09:04:10.553501,Tokyo-ef3b,37,71,Normal
2026-02-08 09:04:11.553501,Tokyo-ef3b,4,82,Normal
2026-02-08 09:04:12.553501,Tokyo-ef3b,1,19,Normal
2026-02-08 09:04:13.553501,Tokyo-ef3b,4,9,Normal
2026-02-08 09:04:14.553501,Tokyo-ef3b,9,70,Normal
2026-02-08 09:04:15.553501,Tokyo-ef3b,1,58,Normal
2026-02-08 09:04:16.553501,Tokyo-ef3b,33,32,Normal
2026-02-08 09:04:17.553501,Tokyo-ef3b,-20,1,Normal
2026-02-08 09:04:18.553501,Tokyo-ef3b,-10,7,Normal
2026-02-08 09:04:19.553501,Tokyo-ef3b,-24,18,Normal
2026-02-08 09:04:20.553501,Tokyo-ef3b,-1,62,Normal
2026-02-08 09:04:21.553501,Tokyo-ef3b,-7,91,Normal
2026-02-08 09:04:22.553501,Tokyo-ef3b,-14,98,Normal
2026-02-08 09:04:23.553501,Tokyo-ef3b,-2,30,Normal
2026-02-08 09:04:24.553501,Tokyo-ef3b,2,74,Normal
2026-02-08 09:04:25.553501,Tokyo-ef3b,17,68,Normal
2026-02-08 09:04:26.553501,Tokyo-ef3b,27,0,Normal
2026-02-08 09:04:27.553501,Tokyo-ef3b,19,86,Normal
2026-02-08 09:04:28.553501,Tokyo-ef3b,-1,81,Normal
2026-02-08 09:04:29.553501,Tokyo-ef3b,8,89,Normal
2026-02-08 09:04:30.553501,Tokyo-ef3b,26,14,Normal
2026-02-08 09:04:31.553501,Tokyo-ef3b,12,39,Normal
2026-02-08 09:04:32.553501,Tokyo-ef3b,0,37,Normal
2026-02-08 09:04:33.553501,Tokyo-ef3b,-23,18,Normal
2026-02-08 09:04:34.553501,Tokyo-ef3b,31,15,Normal
2026-02-08 09:04:35.553501,Tokyo-ef3b,16,97,Normal
2026-02-08 09:04:36.553501,Tokyo-ef3b,4,64,Normal
2026-02-08 09:04:37.553501,Tokyo-ef3b,23,91,Normal
2026-02-08 09:04:38.553501,Tokyo-ef3b,-17,49,Normal
2026-02-08 09:04:39.553501,Tokyo-ef3b,10,86,Normal
2026-02-08 09:04:40.553501,Tokyo-ef3b,8,0,Normal
2026-02-08 09:04:41.553501,Tokyo-ef3b,-27,33,Normal
2026-02-08 09:04:42.553501,Tokyo-ef3b,21,22,Normal
2026-02-08 09:04:43.553501,Tokyo-ef3b,6,15,Normal
2026-02-08 09:04:44.553501,Tokyo-ef3b,-18,5,Normal
2026-02-08 09:04:45.553501,Tokyo-ef3b,1,41,Normal
2026-02-08 09:04:46.553501,Tokyo-ef3b,10,8,Normal
2026-02-08 09:04:47.553501,Tokyo-ef3b,-20,41,Normal
2026-02-08 09:04:48.553501,Tokyo-ef3b,24,97,Normal
2026-02-08 09:04:49.553501,Tokyo-ef3b,-2,31,Normal
2026-02-08 09:04:50.553501,Tokyo-ef3b,-8,1,Normal
2026-02-08 09:04:51.553501,Tokyo-ef3b,29,0,Normal
2026-02-08 09:04:52.553501,Tokyo-ef3b,13,68,Normal
2026-02-08 09:04:53.553501,Tokyo-ef3b,4,3,Normal
2026-02-08 09:04:54.553501,Tokyo-ef3b,45,39,Normal
2026-02-08 09:04:55.553501,Tokyo-ef3b,34,33,Normal
2026-02-08 09:04:56.553501,Tokyo-ef3b,-13,86,Normal
2026-02-08 09:04:57.553501,Tokyo-ef3b,-8,72,Normal
2026-02-08 09:04:58.553501,Tokyo-ef3b,-2,78,Normal
2026-02-08 09:04:59.553501,Tokyo-ef3b,-7,46,Normal
2026-02-08 09:05:00.553501,Tokyo-ef3b,45,88,Normal
2026-02-08 09:05:01.553501,Tokyo-ef3b,-21,48,Normal
2026-02-08 09:05:02.553501,Tokyo-ef3b,14,44,Normal
2026-02-08 09:05:03.553501,Tokyo-ef3b,-15,52,Normal
2026-02-08 09:05:04.553501,Tokyo-ef3b,30,41,Normal
2026-02-08 09:05:05.553501,Tokyo-ef3b,13,62,Normal
2026-02-08 09:05:06.553501,Tokyo-ef3b,18,94,Normal
2026-02-08 09:05:07.553501,Tokyo-ef3b,4,26,Normal
2026-02-08 09:05:08.553501,Tokyo-ef3b,4,71,Normal
2026-02-08 09:05:09.553501,Tokyo-ef3b,16,51,Normal
2026-02-08 09:05:10.553501,Tokyo-ef3b,-20,72,Normal
2026-02-08 09:05:11.553501,Tokyo-ef3b,46,3,Normal
2026-02-08 09:05:12.553501,Tokyo-ef3b,37,68,Normal
2026-02-08 09:05:13.553501,Tokyo-ef3b,-19,88,Normal
2026-02-08 09:05:14.553501,Tokyo-ef3b,-8,19,Normal
2026-02-08 09:05:15.553501,Tokyo-ef3b,46,100,Normal
2026-02-08 09:05:16.553501,Tokyo-ef3b,37,18,Normal
2026-02-08 09:05:17.553501,Tokyo-ef3b,-30,25,Normal
2026-02-08 09:05:18.553501,Tokyo-ef3b,42,20,Normal
2026-02-08 09:05:19.553501,Tokyo-ef3b,39,65,Normal
2026-02-08 09:05:20.553501,Tokyo-ef3b,34,74,Normal
2026-02-08 09:05:21.553501,Tokyo-ef3b,-12,100,Normal
2026-02-08 09:05:22.553501,Tokyo-ef3b,-18,24,Normal
2026-02-08 09:05:23.553501,Tokyo-ef3b,6,96,Normal
2026-02-08 09:05:24.553501,Tokyo-ef3b,44,80,Normal
2026-02-08 09:05:25.553501,Tokyo-ef3b,48,89,Normal
2026-02-08 09:05:26.553501,Tokyo-ef3b,11,3,Normal
2026-02-08 09:05:27.553501,Tokyo-ef3b,37,97,Normal
2026-02-08 09:05:28.553501,Tokyo-ef3b,-19,72,Normal
2026-02-08 09:05:29.553501,Tokyo-ef3b,49,75,Normal
2026-02-08 09:05:30.553501,Tokyo-ef3b,-3,64,Normal
2026-02-08 09:05:31.553501,Tokyo-ef3b,2,4,Normal
2026-02-08 09:05:32.553501,Tokyo-ef3b,-21,92,Normal
2026-02-08 09:05:33.553501,Tokyo-ef3b,29,8,Normal
2026-02-08 09:05:34.553501,Tokyo-ef3b,-26,48,Normal
2026-02-08 09:05:35.553501,Tokyo-ef3b,27,58,Normal
2026-02-08 09:05:36.553501,Tokyo-ef3b,-23,80,Normal
2026-02-08 09:05:37.553501,Tokyo-ef3b,36,32,Normal
2026-02-08 09:05:38.553501,Tokyo-ef3b,48,29,Normal
2026-02-08 09:05:39.553501,Tokyo-ef3b,-27,67,Normal
2026-02-08 09:05:40.553501,Tokyo-ef3b,11,16,Normal
2026-02-08 09:05:41.553501,Tokyo-ef3b,-30,88,Normal
2026-02-08 09:05:42.553501,Tokyo-ef3b,-15,84,Normal
2026-02-08 09:05:43.553501,Tokyo-ef3b,-9,70,Normal
2026-02-08 09:05:44.553501,Tokyo-ef3b,29,21,Normal
2026-02-08 09:05:45.553501,Tokyo-ef3b,25,30,Normal
2026-02-08 09:05:46.553501,Tokyo-ef3b,-11,68,Normal
2026-02-08 09:05:47.553501,Tokyo-ef3b,4,23,Normal
2026-02-08 09:05:48.553501,Tokyo-ef3b,43,42,Normal
2026-02-08 09:05:49.553501,Tokyo-ef3b,12,64,Normal
2026-02-08 09:05:50.553501,Tokyo-ef3b,-17,48,Normal
2026-02-08 09:05:51.553501,Tokyo-ef3b,21,70,Normal
2026-02-08 09:05:52.553501,Tokyo-ef3b,31,13,Normal
2026-02-08 09:05:53.553501,Tokyo-ef3b,-23,99,Normal
2026-02-08 09:05:54.553501,Tokyo-ef3b,39,13,Normal
2026-02-08 09:05:55.553501,Tokyo-ef3b,31,46,Normal
2026-02-08 09:05:56.553501,Tokyo-ef3b,10,16,Normal
2026-02-08 09:05:57.553501,Tokyo-ef3b,29,81,Normal
2026-02-08 09:05:58.553501,Tokyo-ef3b,9,48,Normal
2026-02-08 09:05:59.553501,Tokyo-ef3b,39,77,Normal
2026-02-08 09:06:00.553501,Tokyo-ef3b,28,77,Normal
2026-02-08 09:06:01.553501,Tokyo-ef3b,-28,78,Normal
2026-02-08 09:06:02.553501,Tokyo-ef3b,35,6,Normal
2026-02-08 09:06:03.553501,Tokyo-ef3b,8,20,Normal
2026-02-08 09:06:04.553501,Tokyo-ef3b,46,40,Normal
2026-02-08 09:06:05.553501,Tokyo-ef3b,1,10,Normal
2026-02-08 09:06:06.553501,Tokyo-ef3b,-27,51,Normal
2026-02-08 09:06:07.553501,Tokyo-ef3b,-25,76,Normal
2026-02-08 09:06:08.553501,Tokyo-ef3b,7,35,Normal
2026-02-08 09:06:09.553501,Tokyo-ef3b,11,30,Normal
2026-02-08 09:06:10.553501,Tokyo-ef3b,12,45,Normal
2026-02-08 09:06:11.553501,Tokyo-ef3b,-6,21,Normal
2026-02-08 09:06:12.553501,Tokyo-ef3b,18,63,Normal
2026-02-08 09:06:13.553501,Tokyo-ef3b,-19,11,Normal
2026-02-08 09:06:14.553501,Tokyo-ef3b,43,50,Normal
2026-02-08 09:06:15.553501,Tokyo-ef3b,42,91,Normal
2026-02-08 09:06:16.553501,Tokyo-ef3b,-16,75,Normal
2026-02-08 09:06:17.553501,Tokyo-ef3b,24,6,Normal
2026-02-08 09:06:18.553501,Tokyo-ef3b,-9,27,Normal
2026-02-08 09:06:19.553501,Tokyo-ef3b,24,63,Normal
2026-02-08 09:06:20.553501,Tokyo-ef3b,-7,48,Normal
2026-02-08 09:06:21.553501,Tokyo-ef3b,-17,49,Normal
2026-02-08 09:06:22.553501,Tokyo-ef3b,-18,23,Normal
2026-02-08 09:06:23.553501,Tokyo-ef3b,17,77,Normal
2026-02-08 09:06:24.553501,Tokyo-ef3b,7,75,Normal
2026-02-08 09:06:25.553501,Tokyo-ef3b,44,66,Normal
2026-02-08 09:06:26.553501,Tokyo-ef3b,22,30,Normal
2026-02-08 09:06:27.553501,Tokyo-ef3b,27,91,Normal
2026-02-08 09:06:28.553501,Tokyo-ef3b,-9,9,Normal
2026-02-08 09:06:29.553501,Tokyo-ef3b,2,32,Normal
2026-02-08 09:06:30.553501,Tokyo-ef3b,12,6,Normal
2026-02-08 09:06:31.553501,Tokyo-ef3b,-25,41,Normal
2026-02-08 09:06:32.553501,Tokyo-ef3b,-30,57,Normal
2026-02-08 09:06:33.553501,Tokyo-ef3b,9,12,Normal
2026-02-08 09:06:34.553501,Tokyo-ef3b,31,86,Normal
2026-02-08 09:06:35.553501,Tokyo-ef3b,31,90,Normal
2026-02-08 09:06:36.553501,Tokyo-ef3b,25,86,Normal
2026-02-08 09:06:37.553501,Tokyo-ef3b,43,22,Normal
2026-02-08 09:06:38.553501,Tokyo-ef3b,49,39,Normal
2026-02-08 09:06:39.553501,Tokyo-ef3b,36,96,Normal
2026-02-08 09:06:40.553501,Tokyo-ef3b,33,90,Normal
2026-02-08 09:06:41.553501,Tokyo-ef3b,12,76,Normal
2026-02-08 09:06:42.553501,Tokyo-ef3b,-9,3,Normal
2026-02-08 09:06:43.553501,Tokyo-ef3b,-7,85,Normal
2026-02-08 09:06:44.553501,Tokyo-ef3b,6,25,Normal
2026-02-08 09:06:45.553501,Tokyo-ef3b,44,41,Normal
2026-02-08 09:06:46.553501,Tokyo-ef3b,12,53,Normal
2026-02-08 09:06:47.553501,Tokyo-ef3b,32,9,Normal
2026-02-08 09:06:48.553501,Tokyo-ef3b,49,29,Normal
2026-02-08 09:06:49.553501,Tokyo-ef3b,17,25,Normal
2026-02-08 09:06:50.553501,Tokyo-ef3b,-20,38,Normal
2026-02-08 09:06:51.553501,Tokyo-ef3b,1,8,Normal
2026-02-08 09:06:52.553501,Tokyo-ef3b,48,17,Normal
2026-02-08 09:06:53.553501,Tokyo-ef3b,-27,30,Normal
2026-02-08 09:06:54.553501,Tokyo-ef3b,32,64,Normal
2026-02-08 09:06:55.553501,Tokyo-ef3b,-6,82,Normal
2026-02-08 09:06:56.553501,Tokyo-ef3b,23,72,Normal
2026-02-08 09:06:57.553501,Tokyo-ef3b,40,5,Normal
2026-02-08 09:06:58.553501,Tokyo-ef3b,46,96,Normal
2026-02-08 09:06:59.553501,Tokyo-ef3b,18,92,Normal
2026-02-08 09:07:00.553501,Tokyo-ef3b,44,2,Normal
2026-02-08 09:07:01.553501,Tokyo-ef3b,-5,86,Normal
2026-02-08 09:07:02.553501,Tokyo-ef3b,23,49,Normal
2026-02-08 09:07:03.553501,Tokyo-ef3b,19,80,Normal
2026-02-08 09:07:04.553501,Tokyo-ef3b,-1,62,Normal
2026-02-08 09:07:05.553501,Tokyo-ef3b,13,17,Normal
2026-02-08 09:07:06.553501,Tokyo-ef3b,24,95,Normal
2026-02-08 09:07:07.553501,Tokyo-ef3b,28,57,Normal
2026-02-08 09:07:08.553501,Tokyo-ef3b,-19,24,Normal
2026-02-08 09:07:09.553501,Tokyo-ef3b,-17,88,Normal
2026-02-08 09:07:10.553501,Tokyo-ef3b,26,28,Normal
2026-02-08 09:07:11.553501,Tokyo-ef3b,-14,12,Normal
2026-02-08 09:07:12.553501,Tokyo-ef3b,36,61,Normal
2026-02-08 09:07:13.553501,Tokyo-ef3b,40,45,Normal
2026-02-08 09:07:14.553501,Tokyo-ef3b,-10,50,Normal
2026-02-08 09:07:15.553501,Tokyo-ef3b,27,46,Normal
2026-02-08 09:07:16.553501,Tokyo-ef3b,-3,55,Normal
2026-02-08 09:07:17.553501,Tokyo-ef3b,-4,77,Normal
2026-02-08 09:07:18.553501,Tokyo-ef3b,-8,6,Normal
2026-02-08 09:07:19.553501,Tokyo-ef3b,1,9,Normal
2026-02-08 09:07:20.553501,Tokyo-ef3b,12,93,Normal
2026-02-08 09:07:21.553501,Tokyo-ef3b,-28,93,Normal
2026-02-08 09:07:22.553501,Tokyo-ef3b,6,33,Normal
2026-02-08 09:07:23.553501,Tokyo-ef3b,-28,1,Normal
2026-02-08 09:07:24.553501,Tokyo-ef3b,15,73,Normal
2026-02-08 09:07:25.553501,Tokyo-ef3b,13,40,Normal
2026-02-08 09:07:26.553501,Tokyo-ef3b,32,56,Normal
2026-02-08 09:07:27.553501,Tokyo-ef3b,12,43,Normal
2026-02-08 09:07:28.553501,Tokyo-ef3b,-17,92,Normal
2026-02-08 09:07:29.553501,Tokyo-ef3b,29,79,Normal
2026-02-08 09:07:30.553501,Tokyo-ef3b,-7,65,Normal
2026-02-08 09:07:31.553501,Tokyo-ef3b,24,57,Normal
2026-02-08 09:07:32.553501,Tokyo-ef3b,45,99,Normal
2026-02-08 09:07:33.553501,Tokyo-ef3b,8,26,Normal
2026-02-08 09:07:34.553501,Tokyo-ef3b,-23,19,Normal
2026-02-08 09:07:35.553501,Tokyo-ef3b,50,42,Normal
2026-02-08 09:07:36.553501,Tokyo-ef3b,-25,5,Normal
2026-02-08 09:07:37.553501,Tokyo-ef3b,-23,24,Normal
2026-02-08 09:07:38.553501,Tokyo-ef3b,28,45,Normal
2026-02-08 09:07:39.553501,Tokyo-ef3b,0,92,Normal
2026-02-08 09:07:40.553501,Tokyo-ef3b,2,83,Normal
2026-02-08 09:07:41.553501,Tokyo-ef3b,45,7,Normal
2026-02-08 09:07:42.553501,Tokyo-ef3b,10,92,Normal
2026-02-08 09:07:43.553501,Tokyo-ef3b,23,3,Normal
2026-02-08 09:07:44.553501,Tokyo-ef3b,47,35,Normal
2026-02-08 09:07:45.553501,Tokyo-ef3b,27,16,Normal
2026-02-08 09:07:46.553501,Tokyo-ef3b,-21,47,Normal
2026-02-08 09:07:47.553501,Tokyo-ef3b,6,35,Normal
2026-02-08 09:07:48.553501,Tokyo-ef3b,-6,10,Normal
2026-02-08 09:07:49.553501,Tokyo-ef3b,11,56,Normal
2026-02-08 09:07:50.553501,Tokyo-ef3b,13,85,Normal
2026-02-08 09:07:51.553501,Tokyo-ef3b,0,6,Normal
2026-02-08 09:07:52.553501,Tokyo-ef3b,13,88,Normal
2026-02-08 09:07:53.553501,Tokyo-ef3b,24,42,Normal
2026-02-08 09:07:54.553501,Tokyo-ef3b,24,11,Normal
2026-02-08 09:07:55.553501,Tokyo-ef3b,8,25,Normal
2026-02-08 09:07:56.553501,Tokyo-ef3b,-5,37,Normal
2026-02-08 09:07:57.553501,Tokyo-ef3b,-11,93,Normal
2026-02-08 09:07:58.553501,Tokyo-ef3b,13,46,Normal
2026-02-08 09:07:59.553501,Tokyo-ef3b,-12,34,Normal
2026-02-08 09:08:00.553501,Tokyo-ef3b,-26,38,Normal
2026-02-08 09:08:01.553501,Tokyo-ef3b,40,89,Normal
2026-02-08 09:08:02.553501,Tokyo-ef3b,13,36,Normal
2026-02-08 09:08:03.553501,Tokyo-ef3b,40,57,Normal
2026-02-08 09:08:04.553501,Tokyo-ef3b,36,100,Normal
2026-02-08 09:08:05.553501,Tokyo-ef3b,-19,11,Normal
2026-02-08 09:08:06.553501,Tokyo-ef3b,29,8,Normal
2026-02-08 09:08:07.553501,Tokyo-ef3b,-8,49,Normal
2026-02-08 09:08:08.553501,Tokyo-ef3b,39,77,Normal
2026-02-08 09:08:09.553501,Tokyo-ef3b,-13,25,Normal
2026-02-08 09:08:10.553501,Tokyo-ef3b,-26,27,Normal
2026-02-08 09:08:11.553501,Tokyo-ef3b,44,32,Normal
2026-02-08 09:08:12.553501,Tokyo-ef3b,-4,74,Normal
2026-02-08 09:08:13.553501,Tokyo-ef3b,39,84,Normal
2026-02-08 09:08:14.553501,Tokyo-ef3b,42,16,Normal
2026-02-08 09:08:15.553501,Tokyo-ef3b,27,100,Normal
2026-02-08 09:08:16.553501,Tokyo-ef3b,-19,38,Normal
2026-02-08 09:08:17.553501,Tokyo-ef3b,21,58,Normal
2026-02-08 09:08:18.553501,Tokyo-ef3b,-17,84,Normal
2026-02-08 09:08:19.553501,Tokyo-ef3b,17,13,Normal
2026-02-08 09:08:20.553501,Tokyo-ef3b,-7,46,Normal
2026-02-08 09:08:21.553501,Tokyo-ef3b,9,86,Normal
2026-02-08 09:08:22.553501,Tokyo-ef3b,6,68,Normal
2026-02-08 09:08:23.553501,Tokyo-ef3b,4,17,Normal
2026-02-08 09:08:24.553501,Tokyo-ef3b,-27,23,Normal
2026-02-08 09:08:25.553501,Tokyo-ef3b,45,0,Normal
2026-02-08 09:08:26.553501,Tokyo-ef3b,28,19,Normal
2026-02-08 09:08:27.553501,Tokyo-ef3b,-15,87,Normal
2026-02-08 09:08:28.553501,Tokyo-ef3b,37,53,Normal
2026-02-08 09:08:29.553501,Tokyo-ef3b,41,8,Normal
2026-02-08 09:08:30.553501,Tokyo-ef3b,-14,8,Normal
2026-02-08 09:08:31.553501,Tokyo-ef3b,6,24,Normal
2026-02-08 09:08:32.553501,Tokyo-ef3b,33,54,Normal
2026-02-08 09:08:33.553501,Tokyo-ef3b,-2,85,Normal
2026-02-08 09:08:34.553501,Tokyo-ef3b,35,31,Normal
2026-02-08 09:08:35.553501,Tokyo-ef3b,-29,19,Normal
2026-02-08 09:08:36.553501,Tokyo-ef3b,-5,59,Normal
2026-02-08 09:08:37.553501,Tokyo-ef3b,38,4,Normal
2026-02-08 09:08:38.553501,Tokyo-ef3b,35,70,Normal
2026-02-08 09:08:39.553501,Tokyo-ef3b,19,68,Normal
2026-02-08 09:08:40.553501,Tokyo-ef3b,-9,78,Normal
2026-02-08 09:08:41.553501,Tokyo-ef3b,26,33,Normal
2026-02-08 09:08:42.553501,Tokyo-ef3b,-10,83,Normal
2026-02-08 09:08:43.553501,Tokyo-ef3b,48,11,Normal
2026-02-08 09:08:44.553501,Tokyo-ef3b,-15,48,Normal
2026-02-08 09:08:45.553501,Tokyo-ef3b,3,90,Normal
2026-02-08 09:08:46.553501,Tokyo-ef3b,0,97,Normal
2026-02-08 09:08:47.553501,Tokyo-ef3b,36,72,Normal
2026-02-08 09:08:48.553501,Tokyo-ef3b,16,20,Normal
2026-02-08 09:08:49.553501,Tokyo-ef3b,30,83,Normal
2026-02-08 09:08:50.553501,Tokyo-ef3b,-5,57,Normal
2026-02-08 09:08:51.553501,Tokyo-ef3b,27,82,Normal
2026-02-08 09:08:52.553501,Tokyo-ef3b,36,56,Normal
2026-02-08 09:08:53.553501,Tokyo-ef3b,23,53,Normal
2026-02-08 09:08:54.553501,Tokyo-ef3b,-13,99,Normal
2026-02-08 09:08:55.553501,Tokyo-ef3b,31,9,Normal
2026-02-08 09:08:56.553501,Tokyo-ef3b,-6,2,Normal
2026-02-08 09:08:57.553501,Tokyo-ef3b,45,7,Normal
2026-02-08 09:08:58.553501,Tokyo-ef3b,-27,10,Normal
2026-02-08 09:08:59.553501,Tokyo-ef3b,18,17,Normal
2026-02-08 09:09:00.553501,Tokyo-ef3b,-3,8,Normal
2026-02-08 09:09:01.553501,Tokyo-ef3b,17,58,Normal
2026-02-08 09:09:02.553501,Tokyo-ef3b,-11,0,Normal
2026-02-08 09:09:03.553501,Tokyo-ef3b,4,33,Normal
2026-02-08 09:09:04.553501,Tokyo-ef3b,28,95,Normal
2026-02-08 09:09:05.553501,Tokyo-ef3b,-17,100,Normal
2026-02-08 09:09:06.553501,Tokyo-ef3b,-21,69,Normal
2026-02-08 09:09:07.553501,Tokyo-ef3b,-15,12,Normal
2026-02-08 09:09:08.553501,Tokyo-ef3b,47,30,Normal
2026-02-08 09:09:09.553501,Tokyo-ef3b,-4,0,Normal
2026-02-08 09:09:10.553501,Tokyo-ef3b,26,100,Normal
2026-02-08 09:09:11.553501,Tokyo-ef3b,34,57,Normal
2026-02-08 09:09:12.553501,Tokyo-ef3b,12,60,Normal
2026-02-08 09:09:13.553501,Tokyo-ef3b,-3,94,Normal
2026-02-08 09:09:14.553501,Tokyo-ef3b,-7,77,Normal
2026-02-08 09:09:15.553501,Tokyo-ef3b,45,7,Normal
2026-02-08 09:09:16.553501,Tokyo-ef3b,-9,44,Normal
2026-02-08 09:09:17.553501,Tokyo-ef3b,33,26,Normal
2026-02-08 09:09:18.553501,Tokyo-ef3b,32,29,Normal
2026-02-08 09:09:19.553501,Tokyo-ef3b,12,8,Normal
2026-02-08 09:09:20.553501,Tokyo-ef3b,-9,54,Normal
2026-02-08 09:09:21.553501,Tokyo-ef3b,41,97,Normal
2026-02-08 09:09:22.553501,Tokyo-ef3b,28,19,Normal
2026-02-08 09:09:23.553501,Tokyo-ef3b,-22,1,Normal
2026-02-08 09:09:24.553501,Tokyo-ef3b,2,52,Normal
2026-02-08 09:09:25.553501,Tokyo-ef3b,-15,6,Normal
2026-02-08 09:09:26.553501,Tokyo-ef3b,7,15,Normal
2026-02-08 09:09:27.553501,Tokyo-ef3b,7,86,Normal
2026-02-08 09:09:28.553501,Tokyo-ef3b,12,21,Normal
2026-02-08 09:09:29.553501,Tokyo-ef3b,25,100,Normal
2026-02-08 09:09:30.553501,Tokyo-ef3b,41,49,Normal
2026-02-08 09:09:31.553501,Tokyo-ef3b,13,84,Normal
2026-02-08 09:09:32.553501,Tokyo-ef3b,34,95,Normal
2026-02-08 09:09:33.553501,Tokyo-ef3b,25,53,Normal
2026-02-08 09:09:34.553501,Tokyo-ef3b,-5,42,Normal
2026-02-08 09:09:35.553501,Tokyo-ef3b,-23,38,Normal
2026-02-08 09:09:36.553501,Tokyo-ef3b,19,94,Normal
2026-02-08 09:09:37.553501,Tokyo-ef3b,41,54,Normal
2026-02-08 09:09:38.553501,Tokyo-ef3b,40,15,Normal
2026-02-08 09:09:39.553501,Tokyo-ef3b,29,84,Normal
2026-02-08 09:09:40.553501,Tokyo-ef3b,43,51,Normal
2026-02-08 09:09:41.553501,Tokyo-ef3b,33,31,Normal
2026-02-08 09:09:42.553501,Tokyo-ef3b,39,57,Normal
2026-02-08 09:09:43.553501,Tokyo-ef3b,-17,66,Normal
2026-02-08 09:09:44.553501,Tokyo-ef3b,-20,45,Normal
2026-02-08 09:09:45.553501,Tokyo-ef3b,-27,61,Normal
2026-02-08 09:09:46.553501,Tokyo-ef3b,21,64,Normal
2026-02-08 09:09:47.553501,Tokyo-ef3b,0,50,Normal
2026-02-08 09:09:48.553501,Tokyo-ef3b,-7,71,Normal
2026-02-08 09:09:49.553501,Tokyo-ef3b,-23,2,Normal
2026-02-08 09:09:50.553501,Tokyo-ef3b,35,86,Normal
2026-02-08 09:09:51.553501,Tokyo-ef3b,3,61,Normal
2026-02-08 09:09:52.553501,Tokyo-ef3b,14,25,Normal
2026-02-08 09:09:53.553501,Tokyo-ef3b,41,55,Normal
2026-02-08 09:09:54.553501,Tokyo-ef3b,37,14,Normal
2026-02-08 09:09:55.553501,Tokyo-ef3b,19,76,Normal
2026-02-08 09:09:56.553501,Tokyo-ef3b,-6,0,Normal
2026-02-08 09:09:57.553501,Tokyo-ef3b,49,57,Normal
2026-02-08 09:09:58.553501,Tokyo-ef3b,15,41,Normal
2026-02-08 09:09:59.553501,Tokyo-ef3b,-23,83,Normal
2026-02-08 09:10:00.553501,Tokyo-ef3b,13,13,Normal
2026-02-08 09:10:01.553501,Tokyo-ef3b,8,8,Normal
2026-02-08 09:10:02.553501,Tokyo-ef3b,-6,18,Normal
2026-02-08 09:10:03.553501,Tokyo-ef3b,6,14,Normal
2026-02-08 09:10:04.553501,Tokyo-ef3b,48,87,Normal
2026-02-08 09:10:05.553501,Tokyo-ef3b,-3,16,Normal
2026-02-08 09:10:06.553501,Tokyo-ef3b,-25,32,Normal
2026-02-08 09:10:07.553501,Tokyo-ef3b,11,67,Normal
2026-02-08 09:10:08.553501,Tokyo-ef3b,50,60,Normal
2026-02-08 09:10:09.553501,Tokyo-ef3b,27,97,Normal
2026-02-08 09:10:10.553501,Tokyo-ef3b,17,2,Normal
2026-02-08 09:10:11.553501,Tokyo-ef3b,44,93,Normal
2026-02-08 09:10:12.553501,Tokyo-ef3b,19,3,Normal
2026-02-08 09:10:13.553501,Tokyo-ef3b,44,48,Normal
2026-02-08 09:10:14.553501,Tokyo-ef3b,15,73,Normal
2026-02-08 09:10:15.553501,Tokyo-ef3b,32,48,Normal
2026-02-08 09:10:16.553501,Tokyo-ef3b,-13,7,Normal
2026-02-08 09:10:17.553501,Tokyo-ef3b,37,14,Normal
2026-02-08 09:10:18.553501,Tokyo-ef3b,3,17,Normal
2026-02-08 09:10:19.553501,Tokyo-ef3b,23,23,Normal
2026-02-08 09:10:20.553501,Tokyo-ef3b,-28,64,Normal
2026-02-08 09:10:21.553501,Tokyo-ef3b,22,41,Normal
2026-02-08 09:10:22.553501,Tokyo-ef3b,44,78,Normal
2026-02-08 09:10:23.553501,Tokyo-ef3b,46,39,Normal
2026-02-08 09:10:24.553501,Tokyo-ef3b,21,66,Normal
2026-02-08 09:10:25.553501,Tokyo-ef3b,42,20,Normal
2026-02-08 09:10:26.553501,Tokyo-ef3b,-9,60,Normal
2026-02-08 09:10:27.553501,Tokyo-ef3b,-27,64,Normal
2026-02-08 09:10:28.553501,Tokyo-ef3b,23,85,Normal
2026-02-08 09:10:29.553501,Tokyo-ef3b,23,84,Normal
2026-02-08 09:10:30.553501,Tokyo-ef3b,-3,11,Normal
2026-02-08 09:10:31.553501,Tokyo-ef3b,38,55,Normal
2026-02-08 09:10:32.553501,Tokyo-ef3b,10,43,Normal
2026-02-08 09:10:33.553501,Tokyo-ef3b,-10,22,Normal
2026-02-08 09:10:34.553501,Tokyo-ef3b,-22,23,Normal
2026-02-08 09:10:35.553501,Tokyo-ef3b,-22,35,Normal
2026-02-08 09:10:36.553501,Tokyo-ef3b,-29,72,Normal
2026-02-08 09:10:37.553501,Tokyo-ef3b,-19,0,Normal
2026-02-08 09:10:38.553501,Tokyo-ef3b,38,51,Normal
2026-02-08 09:10:39.553501,Tokyo-ef3b,-19,58,Normal
2026-02-08 09:10:40.553501,Tokyo-ef3b,-10,12,Normal
2026-02-08 09:10:41.553501,Tokyo-ef3b,46,19,Normal
2026-02-08 09:10:42.553501,Tokyo-ef3b,30,9,Normal
2026-02-08 09:10:43.553501,Tokyo-ef3b,7,71,Normal
2026-02-08 09:10:44.553501,Tokyo-ef3b,-8,45,Normal
2026-02-08 09:10:45.553501,Tokyo-ef3b,-7,52,Normal
2026-02-08 09:10:46.553501,Tokyo-ef3b,22,89,Normal
2026-02-08 09:10:47.553501,Tokyo-ef3b,48,74,Normal
2026-02-08 09:10:48.553501,Tokyo-ef3b,2,61,Normal
2026-02-08 09:10:49.553501,Tokyo-ef3b,-30,97,Normal
2026-02-08 09:10:50.553501,Tokyo-ef3b,-21,37,Normal
2026-02-08 09:10:51.553501,Tokyo-ef3b,1,76,Normal
2026-02-08 09:10:52.553501,Tokyo-ef3b,-15,80,Normal
2026-02-08 09:10:53.553501,Tokyo-ef3b,20,62,Normal
2026-02-08 09:10:54.553501,Tokyo-ef3b,-15,52,Normal
2026-02-08 09:10:55.553501,Tokyo-ef3b,48,71,Normal
2026-02-08 09:10:56.553501,Tokyo-ef3b,50,77,Normal
2026-02-08 09:10:57.553501,Tokyo-ef3b,23,80,Normal
2026-02-08 09:10:58.553501,Tokyo-ef3b,32,58,Normal
2026-02-08 09:10:59.553501,Tokyo-ef3b,38,53,Normal
2026-02-08 09:11:00.553501,Tokyo-ef3b,48,87,Normal
2026-02-08 09:11:01.553501,Tokyo-ef3b,21,26,Normal
2026-02-08 09:11:02.553501,Tokyo-ef3b,50,99,Normal
2026-02-08 09:11:03.553501,Tokyo-ef3b,-15,68,Normal
2026-02-08 09:11:04.553501,Tokyo-ef3b,-6,93,Normal
2026-02-08 09:11:05.553501,Tokyo-ef3b,8,20,Normal
2026-02-08 09:11:06.553501,Tokyo-ef3b,18,31,Normal
2026-02-08 09:11:07.553501,Tokyo-ef3b,45,2,Normal
2026-02-08 09:11:08.553501,Tokyo-ef3b,28,0,Normal
2026-02-08 09:11:09.553501,Tokyo-ef3b,-26,59,Normal
2026-02-08 09:11:10.553501,Tokyo-ef3b,14,37,Normal
2026-02-08 09:11:11.553501,Tokyo-ef3b,45,2,Normal
2026-02-08 09:11:12.553501,Tokyo-ef3b,32,64,Normal
2026-02-08 09:11:13.553501,Tokyo-ef3b,-22,84,Normal
2026-02-08 09:11:14.553501,Tokyo-ef3b,14,6,Normal
2026-02-08 09:11:15.553501,Tokyo-ef3b,-2,4,Normal
2026-02-08 09:11:16.553501,Tokyo-ef3b,-9,60,Normal
2026-02-08 09:11:17.553501,Tokyo-ef3b,12,87,Normal
2026-02-08 09:11:18.553501,Tokyo-ef3b,47,61,Normal
2026-02-08 09:11:19.553501,Tokyo-ef3b,19,6,Normal
2026-02-08 09:11:20.553501,Tokyo-ef3b,-14,64,Normal
2026-02-08 09:11:21.553501,Tokyo-ef3b,4,55,Normal
2026-02-08 09:11:22.553501,Tokyo-ef3b,44,65,Normal
2026-02-08 09:11:23.553501,Tokyo-ef3b,47,89,Normal
2026-02-08 09:11:24.553501,Tokyo-ef3b,-4,37,Normal
2026-02-08 09:11:25.553501,Tokyo-ef3b,-16,62,Normal
2026-02-08 09:11:26.553501,Tokyo-ef3b,1,38,Normal
2026-02-08 09:11:27.553501,Tokyo-ef3b,0,32,Normal
2026-02-08 09:11:28.553501,Tokyo-ef3b,9,65,Normal
2026-02-08 09:11:29.553501,Tokyo-ef3b,-22,61,Normal
2026-02-08 09:11:30.553501,Tokyo-ef3b,41,14,Normal
2026-02-08 09:11:31.553501,Tokyo-ef3b,38,36,Normal
2026-02-08 09:11:32.553501,Tokyo-ef3b,19,55,Normal
2026-02-08 09:11:33.553501,Tokyo-ef3b,-13,55,Normal
2026-02-08 09:11:34.553501,Tokyo-ef3b,29,13,Normal
2026-02-08 09:11:35.553501,Tokyo-ef3b,45,44,Normal
2026-02-08 09:11:36.553501,Tokyo-ef3b,36,73,Normal
2026-02-08 09:11:37.553501,Tokyo-ef3b,16,26,Normal
2026-02-08 09:11:38.553501,Tokyo-ef3b,13,6,Normal
2026-02-08 09:11:39.553501,Tokyo-ef3b,31,55,Normal
2026-02-08 09:11:40.553501,Tokyo-ef3b,-25,83,Normal
2026-02-08 09:11:41.553501,Tokyo-ef3b,-20,69,Normal
2026-02-08 09:11:42.553501,Tokyo-ef3b,-29,54,Normal
2026-02-08 09:11:43.553501,Tokyo-ef3b,32,31,Normal
2026-02-08 09:11:44.553501,Tokyo-ef3b,23,59,Normal
2026-02-08 09:11:45.553501,Tokyo-ef3b,33,66,Normal
2026-02-08 09:11:46.553501,Tokyo-ef3b,27,9,Normal
2026-02-08 09:11:47.553501,Tokyo-ef3b,12,95,Normal
2026-02-08 09:11:48.553501,Tokyo-ef3b,5,65,Normal
2026-02-08 09:11:49.553501,Tokyo-ef3b,36,50,Normal
2026-02-08 09:11:50.553501,Tokyo-ef3b,27,96,Normal
2026-02-08 09:11:51.553501,Tokyo-ef3b,19,79,Normal
2026-02-08 09:11:52.553501,Tokyo-ef3b,39,84,Normal
2026-02-08 09:11:53.553501,Tokyo-ef3b,41,100,Normal
2026-02-08 09:11:54.553501,Tokyo-ef3b,37,92,Normal
2026-02-08 09:11:55.553501,Tokyo-ef3b,-30,28,Normal
2026-02-08 09:11:56.553501,Tokyo-ef3b,-8,9,Normal
2026-02-08 09:11:57.553501,Tokyo-ef3b,36,40,Normal
2026-02-08 09:11:58.553501,Tokyo-ef3b,18,64,Normal
2026-02-08 09:11:59.553501,Tokyo-ef3b,22,35,Normal
2026-02-08 09:12:00.553501,Tokyo-ef3b,29,47,Normal
2026-02-08 09:12:01.553501,Tokyo-ef3b,47,3,Normal
2026-02-08 09:12:02.553501,Tokyo-ef3b,-17,54,Normal
2026-02-08 09:12:03.553501,Tokyo-ef3b,29,16,Normal
2026-02-08 09:12:04.553501,Tokyo-ef3b,11,69,Normal
2026-02-08 09:12:05.553501,Tokyo-ef3b,-25,76,Normal
2026-02-08 09:12:06.553501,Tokyo-ef3b,5,1,Normal
2026-02-08 09:12:07.553501,Tokyo-ef3b,-24,40,Normal
2026-02-08 09:12:08.553501,Tokyo-ef3b,44,1,Normal
2026-02-08 09:12:09.553501,Tokyo-ef3b,42,41,Normal
2026-02-08 09:12:10.553501,Tokyo-ef3b,-17,56,Normal
2026-02-08 09:12:11.553501,Tokyo-ef3b,25,64,Normal
2026-02-08 09:12:12.553501,Tokyo-ef3b,-11,71,Normal
2026-02-08 09:12:13.553501,Tokyo-ef3b,10,52,Normal
2026-02-08 09:12:14.553501,Tokyo-ef3b,-2,83,Normal
2026-02-08 09:12:15.553501,Tokyo-ef3b,-26,72,Normal
2026-02-08 09:12:16.553501,Tokyo-ef3b,-27,77,Normal
2026-02-08 09:12:17.553501,Tokyo-ef3b,2,3,Normal
2026-02-08 09:12:18.553501,Tokyo-ef3b,-23,5,Normal
2026-02-08 09:12:19.553501,Tokyo-ef3b,-12,23,Normal
2026-02-08 09:12:20.553501,Tokyo-ef3b,1,43,Normal
2026-02-08 09:12:21.553501,Tokyo-ef3b,16,33,Normal
2026-02-08 09:12:22.553501,Tokyo-ef3b,31,55,Normal
2026-02-08 09:12:23.553501,Tokyo-ef3b,-30,36,Normal
2026-02-08 09:12:24.553501,Tokyo-ef3b,-21,96,Normal
2026-02-08 09:12:25.553501,Tokyo-ef3b,-16,18,Normal
2026-02-08 09:12:26.553501,Tokyo-ef3b,-2,35,Normal
2026-02-08 09:12:27.553501,Tokyo-ef3b,1,57,Normal
2026-02-08 09:12:28.553501,Tokyo-ef3b,47,35,Normal
2026-02-08 09:12:29.553501,Tokyo-ef3b,35,30,Normal
2026-02-08 09:12:30.553501,Tokyo-ef3b,-16,11,Normal
2026-02-08 09:12:31.553501,Tokyo-ef3b,10,15,Normal
2026-02-08 09:12:32.553501,Tokyo-ef3b,36,88,Normal
2026-02-08 09:12:33.553501,Tokyo-ef3b,-13,42,Normal
2026-02-08 09:12:34.553501,Tokyo-ef3b,39,35,Normal
2026-02-08 09:12:35.553501,Tokyo-ef3b,14,37,Normal
2026-02-08 09:12:36.553501,Tokyo-ef3b,-25,35,Normal
2026-02-08 09:12:37.553501,Tokyo-ef3b,45,54,Normal
2026-02-08 09:12:38.553501,Tokyo-ef3b,44,3,Normal
2026-02-08 09:12:39.553501,Tokyo-ef3b,46,94,Normal
2026-02-08 09:12:40.553501,Tokyo-ef3b,17,97,Normal
2026-02-08 09:12:41.553501,Tokyo-ef3b,22,17,Normal
2026-02-08 09:12:42.553501,Tokyo-ef3b,47,90,Normal
2026-02-08 09:12:43.553501,Tokyo-ef3b,-28,72,Normal
2026-02-08 09:12:44.553501,Tokyo-ef3b,-23,14,Normal
2026-02-08 09:12:45.553501,Tokyo-ef3b,42,23,Normal
2026-02-08 09:12:46.553501,Tokyo-ef3b,25,93,Normal
2026-02-08 09:12:47.553501,Tokyo-ef3b,6,73,Normal
2026-02-08 09:12:48.553501,Tokyo-ef3b,28,62,Normal
2026-02-08 09:12:49.553501,Tokyo-ef3b,2,81,Normal
2026-02-08 09:12:50.553501,Tokyo-ef3b,0,51,Normal
2026-02-08 09:12:51.553501,Tokyo-ef3b,30,72,Normal
2026-02-08 09:12:52.553501,Tokyo-ef3b,-16,41,Normal
2026-02-08 09:12:53.553501,Tokyo-ef3b,41,67,Normal
2026-02-08 09:12:54.553501,Tokyo-ef3b,-18,89,Normal
2026-02-08 09:12:55.553501,Tokyo-ef3b,-2,50,Normal
2026-02-08 09:12:56.553501,Tokyo-ef3b,5,93,Normal
2026-02-08 09:12:57.553501,Tokyo-ef3b,-30,27,Normal
2026-02-08 09:12:58.553501,Tokyo-ef3b,17,35,Normal
2026-02-08 09:12:59.553501,Tokyo-ef3b,-25,36,Normal
2026-02-08 09:13:00.553501,Tokyo-ef3b,47,46,Normal
2026-02-08 09:13:01.553501,Tokyo-ef3b,-27,64,Normal
2026-02-08 09:13:02.553501,Tokyo-ef3b,23,95,Normal
2026-02-08 09:13:03.553501,Tokyo-ef3b,48,99,Normal
2026-02-08 09:13:04.553501,Tokyo-ef3b,-5,58,Normal
2026-02-08 09:13:05.553501,Tokyo-ef3b,-15,71,Normal
2026-02-08 09:13:06.553501,Tokyo-ef3b,-8,54,Normal
2026-02-08 09:13:07.553501,Tokyo-ef3b,17,1,Normal
2026-02-08 09:13:08.553501,Tokyo-ef3b,-25,96,Normal
2026-02-08 09:13:09.553501,Tokyo-ef3b,20,56,Normal
2026-02-08 09:13:10.553501,Tokyo-ef3b,-15,90,Normal
2026-02-08 09:13:11.553501,Tokyo-ef3b,50,35,Normal
2026-02-08 09:13:12.553501,Tokyo-ef3b,37,56,Normal
2026-02-08 09:13:13.553501,Tokyo-ef3b,37,30,Normal
2026-02-08 09:13:14.553501,Tokyo-ef3b,40,27,Normal
2026-02-08 09:13:15.553501,Tokyo-ef3b,3,92,Normal
2026-02-08 09:13:16.553501,Tokyo-ef3b,37,41,Normal
2026-02-08 09:13:17.553501,Tokyo-ef3b,34,8,Normal
2026-02-08 09:13:18.553501,Tokyo-ef3b,26,82,Normal
2026-02-08 09:13:19.553501,Tokyo-ef3b,13,5,Normal
2026-02-08 09:13:20.553501,Tokyo-ef3b,32,39,Normal
2026-02-08 09:13:21.553501,Tokyo-ef3b,39,7,Normal
2026-02-08 09:13:22.553501,Tokyo-ef3b,-8,70,Normal
2026-02-08 09:13:23.553501,Tokyo-ef3b,-13,58,Normal
2026-02-08 09:13:24.553501,Tokyo-ef3b,50,51,Normal
2026-02-08 09:13:25.553501,Tokyo-ef3b,-28,18,Normal
2026-02-08 09:13:26.553501,Tokyo-ef3b,-2,40,Normal
2026-02-08 09:13:27.553501,Tokyo-ef3b,39,21,Normal
2026-02-08 09:13:28.553501,Tokyo-ef3b,23,81,Normal
2026-02-08 09:13:29.553501,Tokyo-ef3b,14,79,Normal
2026-02-08 09:13:30.553501,Tokyo-ef3b,-5,31,Normal
2026-02-08 09:13:31.553501,Tokyo-ef3b,-21,18,Normal
2026-02-08 09:13:32.553501,Tokyo-ef3b,5,81,Normal
2026-02-08 09:13:33.553501,Tokyo-ef3b,32,41,Normal
2026-02-08 09:13:34.553501,Tokyo-ef3b,30,87,Normal
2026-02-08 09:13:35.553501,Tokyo-ef3b,0,87,Normal
2026-02-08 09:13:36.553501,Tokyo-ef3b,4,78,Normal
2026-02-08 09:13:37.553501,Tokyo-ef3b,31,6,Normal
2026-02-08 09:13:38.553501,Tokyo-ef3b,8,90,Normal
2026-02-08 09:13:39.553501,Tokyo-ef3b,8,30,Normal
2026-02-08 09:13:40.553501,Tokyo-ef3b,-5,95,Normal
2026-02-08 09:13:41.553501,Tokyo-ef3b,-18,76,Normal
2026-02-08 09:13:42.553501,Tokyo-ef3b,-23,22,Normal
2026-02-08 09:13:43.553501,Tokyo-ef3b,5,42,Normal
2026-02-08 09:13:44.553501,Tokyo-ef3b,19,11,Normal
2026-02-08 09:13:45.553501,Tokyo-ef3b,2,37,Normal
2026-02-08 09:13:46.553501,Tokyo-ef3b,-17,24,Normal
2026-02-08 09:13:47.553501,Tokyo-ef3b,17,40,Normal
2026-02-08 09:13:48.553501,Tokyo-ef3b,34,23,Normal
2026-02-08 09:13:49.553501,Tokyo-ef3b,35,94,Normal
2026-02-08 09:13:50.553501,Tokyo-ef3b,0,94,Normal
2026-02-08 09:13:51.553501,Tokyo-ef3b,6,48,Normal
2026-02-08 09:13:52.553501,Tokyo-ef3b,-7,87,Normal
2026-02-08 09:13:53.553501,Tokyo-ef3b,24,16,Normal
2026-02-08 09:13:54.553501,Tokyo-ef3b,-14,21,Normal
2026-02-08 09:13:55.553501,Tokyo-ef3b,8,7,Normal
2026-02-08 09:13:56.553501,Tokyo-ef3b,-11,63,Normal
2026-02-08 09:13:57.553501,Tokyo-ef3b,50,4,Normal
2026-02-08 09:13:58.553501,Tokyo-ef3b,48,88,Normal
2026-02-08 09:13:59.553501,Tokyo-ef3b,8,21,Normal
2026-02-08 09:14:00.553501,Tokyo-ef3b,11,65,Normal
2026-02-08 09:14:01.553501,Tokyo-ef3b,14,44,Normal
2026-02-08 09:14:02.553501,Tokyo-ef3b,24,69,Normal
2026-02-08 09:14:03.553501,Tokyo-ef3b,13,93,Normal
2026-02-08 09:14:04.553501,Tokyo-ef3b,19,47,Normal
2026-02-08 09:14:05.553501,Tokyo-ef3b,-27,70,Normal
2026-02-08 09:14:06.553501,Tokyo-ef3b,-9,92,Normal
2026-02-08 09:14:07.553501,Tokyo-ef3b,43,39,Normal
2026-02-08 09:14:08.553501,Tokyo-ef3b,-12,7,Normal
2026-02-08 09:14:09.553501,Tokyo-ef3b,23,37,Normal
2026-02-08 09:14:10.553501,Tokyo-ef3b,7,81,Normal
2026-02-08 09:14:11.553501,Tokyo-ef3b,14,67,Normal
2026-02-08 09:14:12.553501,Tokyo-ef3b,3,3,Normal
2026-02-08 09:14:13.553501,Tokyo-ef3b,-30,45,Normal
2026-02-08 09:14:14.553501,Tokyo-ef3b,-3,43,Normal
2026-02-08 09:14:15.553501,Tokyo-ef3b,8,7,Normal
2026-02-08 09:14:16.553501,Tokyo-ef3b,34,59,Normal
2026-02-08 09:14:17.553501,Tokyo-ef3b,-11,36,Normal
2026-02-08 09:14:18.553501,Tokyo-ef3b,10,62,Normal
2026-02-08 09:14:19.553501,Tokyo-ef3b,-25,18,Normal
2026-02-08 09:14:20.553501,Tokyo-ef3b,-28,51,Normal
2026-02-08 09:14:21.553501,Tokyo-ef3b,18,69,Normal
2026-02-08 09:14:22.553501,Tokyo-ef3b,47,73,Normal
2026-02-08 09:14:23.553501,Tokyo-ef3b,-13,90,Normal
2026-02-08 09:14:24.553501,Tokyo-ef3b,-12,10,Normal
2026-02-08 09:14:25.553501,Tokyo-ef3b,-20,78,Normal
2026-02-08 09:14:26.553501,Tokyo-ef3b,22,41,Normal
2026-02-08 09:14:27.553501,Tokyo-ef3b,6,21,Normal
2026-02-08 09:14:28.553501,Tokyo-ef3b,44,41,Normal
2026-02-08 09:14:29.553501,Tokyo-ef3b,33,96,Normal
2026-02-08 09:14:30.553501,Tokyo-ef3b,-24,21,Normal
2026-02-08 09:14:31.553501,Tokyo-ef3b,38,42,Normal
2026-02-08 09:14:32.553501,Tokyo-ef3b,-28,66,Normal
2026-02-08 09:14:33.553501,Tokyo-ef3b,-20,10,Normal
2026-02-08 09:14:34.553501,Tokyo-ef3b,-5,37,Normal
2026-02-08 09:14:35.553501,Tokyo-ef3b,46,74,Normal
2026-02-08 09:14:36.553501,Tokyo-ef3b,46,10,Normal
2026-02-08 09:14:37.553501,Tokyo-ef3b,-5,28,Normal
2026-02-08 09:14:38.553501,Tokyo-ef3b,43,15,Normal
2026-02-08 09:14:39.553501,Tokyo-ef3b,-25,73,Normal
2026-02-08 09:14:40.553501,Tokyo-ef3b,13,1,Normal
2026-02-08 09:14:41.553501,Tokyo-ef3b,48,44,Normal
2026-02-08 09:14:42.553501,Tokyo-ef3b,-10,11,Normal
2026-02-08 09:14:43.553501,Tokyo-ef3b,-14,58,Normal
2026-02-08 09:14:44.553501,Tokyo-ef3b,-14,57,Normal
2026-02-08 09:14:45.553501,Tokyo-ef3b,-8,59,Normal
2026-02-08 09:14:46.553501,Tokyo-ef3b,-19,48,Normal
2026-02-08 09:14:47.553501,Tokyo-ef3b,-16,94,Normal
2026-02-08 09:14:48.553501,Tokyo-ef3b,45,71,Normal
2026-02-08 09:14:49.553501,Tokyo-ef3b,31,96,Normal
2026-02-08 09:14:50.553501,Tokyo-ef3b,9,72,Normal
2026-02-08 09:14:51.553501,Tokyo-ef3b,-30,3,Normal
2026-02-08 09:14:52.553501,Tokyo-ef3b,41,39,Normal
2026-02-08 09:14:53.553501,Tokyo-ef3b,-23,100,Normal
2026-02-08 09:14:54.553501,Tokyo-ef3b,23,42,Normal
2026-02-08 09:14:55.553501,Tokyo-ef3b,-14,75,Normal
2026-02-08 09:14:56.553501,Tokyo-ef3b,-18,34,Normal
2026-02-08 09:14:57.553501,Tokyo-ef3b,22,92,Normal
2026-02-08 09:14:58.553501,Tokyo-ef3b,-2,65,Normal
2026-02-08 09:14:59.553501,Tokyo-ef3b,-8,68,Normal
2026-02-08 09:15:00.553501,Tokyo-ef3b,-21,39,Normal
2026-02-08 09:15:01.553501,Tokyo-ef3b,3,4,Normal
2026-02-08 09:15:02.553501,Tokyo-ef3b,8,49,Normal
2026-02-08 09:15:03.553501,Tokyo-ef3b,-17,87,Normal
2026-02-08 09:15:04.553501,Tokyo-ef3b,21,84,Normal
2026-02-08 09:15:05.553501,Tokyo-ef3b,-5,33,Normal
2026-02-08 09:15:06.553501,Tokyo-ef3b,1,28,Normal
2026-02-08 09:15:07.553501,Tokyo-ef3b,-12,80,Normal
2026-02-08 09:15:08.553501,Tokyo-ef3b,25,82,Normal
2026-02-08 09:15:09.553501,Tokyo-ef3b,-27,66,Normal
2026-02-08 09:15:10.553501,Tokyo-ef3b,7,22,Normal
2026-02-08 09:15:11.553501,Tokyo-ef3b,-24,37,Normal
2026-02-08 09:15:12.553501,Tokyo-ef3b,16,5,Normal
2026-02-08 09:15:13.553501,Tokyo-ef3b,28,51,Normal
2026-02-08 09:15:14.553501,Tokyo-ef3b,-11,61,Normal
2026-02-08 09:15:15.553501,Tokyo-ef3b,26,10,Normal
2026-02-08 09:15:16.553501,Tokyo-ef3b,-13,50,Normal
2026-02-08 09:15:17.553501,Tokyo-ef3b,-24,64,Normal
2026-02-08 09:15:18.553501,Tokyo-ef3b,35,98,Normal
2026-02-08 09:15:19.553501,Tokyo-ef3b,49,28,Normal
2026-02-08 09:15:20.553501,Tokyo-ef3b,43,67,Normal
2026-02-08 09:15:21.553501,Tokyo-ef3b,14,87,Normal
2026-02-08 09:15:22.553501,Tokyo-ef3b,6,69,Normal
2026-02-08 09:15:23.553501,Tokyo-ef3b,-22,64,Normal
2026-02-08 09:15:24.553501,Tokyo-ef3b,30,99,Normal
2026-02-08 09:15:25.553501,Tokyo-ef3b,17,67,Normal
2026-02-08 09:15:26.553501,Tokyo-ef3b,36,24,Normal
2026-02-08 09:15:27.553501,Tokyo-ef3b,-17,39,Normal
2026-02-08 09:15:28.553501,Tokyo-ef3b,-10,15,Normal
2026-02-08 09:15:29.553501,Tokyo-ef3b,-15,14,Normal
2026-02-08 09:15:30.553501,Tokyo-ef3b,-19,40,Normal
2026-02-08 09:15:31.553501,Tokyo-ef3b,-19,64,Normal
2026-02-08 09:15:32.553501,Tokyo-ef3b,41,31,Normal
2026-02-08 09:15:33.553501,Tokyo-ef3b,49,65,Normal
2026-02-08 09:15:34.553501,Tokyo-ef3b,34,67,Normal
2026-02-08 09:15:35.553501,Tokyo-ef3b,2,76,Normal
2026-02-08 09:15:36.553501,Tokyo-ef3b,28,46,Normal
2026-02-08 09:15:37.553501,Tokyo-ef3b,-23,88,Normal
2026-02-08 09:15:38.553501,Tokyo-ef3b,47,86,Normal
2026-02-08 09:15:39.553501,Tokyo-ef3b,25,77,Normal
2026-02-08 09:15:40.553501,Tokyo-ef3b,-10,44,Normal
2026-02-08 09:15:41.553501,Tokyo-ef3b,22,49,Normal
2026-02-08 09:15:42.553501,Tokyo-ef3b,23,33,Normal
2026-02-08 09:15:43.553501,Tokyo-ef3b,-11,80,Normal
2026-02-08 09:15:44.553501,Tokyo-ef3b,19,41,Normal
2026-02-08 09:15:45.553501,Tokyo-ef3b,4,58,Normal
2026-02-08 09:15:46.553501,Tokyo-ef3b,31,65,Normal
2026-02-08 09:15:47.553501,Tokyo-ef3b,-27,2,Normal
2026-02-08 09:15:48.553501,Tokyo-ef3b,28,58,Normal
2026-02-08 09:15:49.553501,Tokyo-ef3b,6,80,Normal
2026-02-08 09:15:50.553501,Tokyo-ef3b,42,79,Normal
2026-02-08 09:15:51.553501,Tokyo-ef3b,-1,94,Normal
2026-02-08 09:15:52.553501,Tokyo-ef3b,21,40,Normal
2026-02-08 09:15:53.553501,Tokyo-ef3b,34,66,Normal
2026-02-08 09:15:54.553501,Tokyo-ef3b,38,38,Normal
2026-02-08 09:15:55.553501,Tokyo-ef3b,41,41,Normal
2026-02-08 09:15:56.553501,Tokyo-ef3b,-30,5,Normal
2026-02-08 09:15:57.553501,Tokyo-ef3b,-1,66,Normal
2026-02-08 09:15:58.553501,Tokyo-ef3b,0,17,Normal
2026-02-08 09:15:59.553501,Tokyo-ef3b,21,53,Normal
2026-02-08 09:16:00.553501,Tokyo-ef3b,1,95,Normal
2026-02-08 09:16:01.553501,Tokyo-ef3b,-21,83,Normal
2026-02-08 09:16:02.553501,Tokyo-ef3b,33,74,Normal
2026-02-08 09:16:03.553501,Tokyo-ef3b,-27,78,Normal
2026-02-08 09:16:04.553501,Tokyo-ef3b,14,5,Normal
2026-02-08 09:16:05.553501,Tokyo-ef3b,-29,96,Normal
2026-02-08 09:16:06.553501,Tokyo-ef3b,43,7,Normal
2026-02-08 09:16:07.553501,Tokyo-ef3b,49,51,Normal
2026-02-08 09:16:08.553501,Tokyo-ef3b,15,94,Normal
2026-02-08 09:16:09.553501,Tokyo-ef3b,-8,13,Normal
2026-02-08 09:16:10.553501,Tokyo-ef3b,-18,94,Normal
2026-02-08 09:16:11.553501,Tokyo-ef3b,14,76,Normal
2026-02-08 09:16:12.553501,Tokyo-ef3b,23,20,Normal
2026-02-08 09:16:13.553501,Tokyo-ef3b,-27,79,Normal
2026-02-08 09:16:14.553501,Tokyo-ef3b,26,44,Normal
2026-02-08 09:16:15.553501,Tokyo-ef3b,-29,83,Normal
2026-02-08 09:16:16.553501,Tokyo-ef3b,38,96,Normal
2026-02-08 09:16:17.553501,Tokyo-ef3b,-25,34,Normal
2026-02-08 09:16:18.553501,Tokyo-ef3b,4,34,Normal
2026-02-08 09:16:19.553501,Tokyo-ef3b,39,8,Normal
2026-02-08 09:16:20.553501,Tokyo-ef3b,37,88,Normal
2026-02-08 09:16:21.553501,Tokyo-ef3b,-30,20,Normal
2026-02-08 09:16:22.553501,Tokyo-ef3b,24,31,Normal
2026-02-08 09:16:23.553501,Tokyo-ef3b,-12,61,Normal
2026-02-08 09:16:24.553501,Tokyo-ef3b,41,86,Normal
2026-02-08 09:16:25.553501,Tokyo-ef3b,27,15,Normal
2026-02-08 09:16:26.553501,Tokyo-ef3b,-29,1,Normal
2026-02-08 09:16:27.553501,Tokyo-ef3b,33,36,Normal
2026-02-08 09:16:28.553501,Tokyo-ef3b,1,66,Normal
2026-02-08 09:16:29.553501,Tokyo-ef3b,36,20,Normal
2026-02-08 09:16:30.553501,Tokyo-ef3b,-15,0,Normal
2026-02-08 09:16:31.553501,Tokyo-ef3b,26,53,Normal
2026-02-08 09:16:32.553501,Tokyo-ef3b,37,98,Normal
2026-02-08 09:16:33.553501,Tokyo-ef3b,-30,61,Normal
2026-02-08 09:16:34.553501,Tokyo-ef3b,-26,61,Normal
2026-02-08 09:16:35.553501,Tokyo-ef3b,39,68,Normal
2026-02-08 09:16:36.553501,Tokyo-ef3b,47,85,Normal
2026-02-08 09:16:37.553501,Tokyo-ef3b,-28,12,Normal
2026-02-08 09:16:38.553501,Tokyo-ef3b,41,73,Normal
2026-02-08 09:16:39.553501,Tokyo-ef3b,-26,64,Normal
2026-02-08 09:16:40.553501,Tokyo-ef3b,1,83,Normal
2026-02-08 09:16:41.553501,Tokyo-ef3b,15,93,Normal
2026-02-08 09:16:42.553501,Tokyo-ef3b,11,44,Normal
2026-02-08 09:16:43.553501,Tokyo-ef3b,2,4,Normal
2026-02-08 09:16:44.553501,Tokyo-ef3b,47,39,Normal
2026-02-08 09:16:45.553501,Tokyo-ef3b,-6,45,Normal
2026-02-08 09:16:46.553501,Tokyo-ef3b,-6,4,Normal
2026-02-08 09:16:47.553501,Tokyo-ef3b,-18,19,Normal
2026-02-08 09:16:48.553501,Tokyo-ef3b,24,75,Normal
2026-02-08 09:16:49.553501,Tokyo-ef3b,11,6,Normal
2026-02-08 09:16:50.553501,Tokyo-ef3b,21,6,Normal
2026-02-08 09:16:51.553501,Tokyo-ef3b,-14,82,Normal
2026-02-08 09:16:52.553501,Tokyo-ef3b,11,22,Normal
2026-02-08 09:16:53.553501,Tokyo-ef3b,9,29,Normal
2026-02-08 09:16:54.553501,Tokyo-ef3b,-22,62,Normal
2026-02-08 09:16:55.553501,Tokyo-ef3b,40,51,Normal
2026-02-08 09:16:56.553501,Tokyo-ef3b,46,10,Normal
2026-02-08 09:16:57.553501,Tokyo-ef3b,39,69,Normal
2026-02-08 09:16:58.553501,Tokyo-ef3b,40,33,Normal
2026-02-08 09:16:59.553501,Tokyo-ef3b,-23,35,Normal
2026-02-08 09:17:00.553501,Tokyo-ef3b,35,54,Normal
2026-02-08 09:17:01.553501,Tokyo-ef3b,-2,47,Normal
2026-02-08 09:17:02.553501,Tokyo-ef3b,-15,70,Normal
2026-02-08 09:17:03.553501,Tokyo-ef3b,11,4,Normal
2026-02-08 09:17:04.553501,Tokyo-ef3b,13,80,Normal
2026-02-08 09:17:05.553501,Tokyo-ef3b,-7,54,Normal
2026-02-08 09:17:06.553501,Tokyo-ef3b,-13,27,Normal
2026-02-08 09:17:07.553501,Tokyo-ef3b,25,61,Normal
2026-02-08 09:17:08.553501,Tokyo-ef3b,-9,26,Normal
2026-02-08 09:17:09.553501,Tokyo-ef3b,14,75,Normal
2026-02-08 09:17:10.553501,Tokyo-ef3b,2,26,Normal
2026-02-08 09:17:11.553501,Tokyo-ef3b,43,94,Normal
2026-02-08 09:17:12.553501,Tokyo-ef3b,-26,29,Normal
2026-02-08 09:17:13.553501,Tokyo-ef3b,39,85,Normal
2026-02-08 09:17:14.553501,Tokyo-ef3b,-30,86,Normal
2026-02-08 09:17:15.553501,Tokyo-ef3b,36,79,Normal
2026-02-08 09:17:16.553501,Tokyo-ef3b,48,70,Normal
2026-02-08 09:17:17.553501,Tokyo-ef3b,45,65,Normal
2026-02-08 09:17:18.553501,Tokyo-ef3b,28,93,Normal
2026-02-08 09:17:19.553501,Tokyo-ef3b,30,96,Normal
2026-02-08 09:17:20.553501,Tokyo-ef3b,-6,90,Normal
2026-02-08 09:17:21.553501,Tokyo-ef3b,38,39,Normal
2026-02-08 09:17:22.553501,Tokyo-ef3b,30,51,Normal
2026-02-08 09:17:23.553501,Tokyo-ef3b,-9,99,Normal
2026-02-08 09:17:24.553501,Tokyo-ef3b,-24,21,Normal
2026-02-08 09:17:25.553501,Tokyo-ef3b,44,62,Normal
2026-02-08 09:17:26.553501,Tokyo-ef3b,-6,22,Normal
2026-02-08 09:17:27.553501,Tokyo-ef3b,19,11,Normal
2026-02-08 09:17:28.553501,Tokyo-ef3b,8,20,Normal
2026-02-08 09:17:29.553501,Tokyo-ef3b,50,68,Normal
2026-02-08 09:17:30.553501,Tokyo-ef3b,24,75,Normal
2026-02-08 09:17:31.553501,Tokyo-ef3b,-16,84,Normal
2026-02-08 09:17:32.553501,Tokyo-ef3b,-22,91,Normal
2026-02-08 09:17:33.553501,Tokyo-ef3b,0,37,Normal
2026-02-08 09:17:34.553501,Tokyo-ef3b,18,10,Normal
2026-02-08 09:17:35.553501,Tokyo-ef3b,42,42,Normal
2026-02-08 09:17:36.553501,Tokyo-ef3b,21,74,Normal
2026-02-08 09:17:37.553501,Tokyo-ef3b,1,88,Normal
2026-02-08 09:17:38.553501,Tokyo-ef3b,-16,75,Normal
2026-02-08 09:17:39.553501,Tokyo-ef3b,10,72,Normal
2026-02-08 09:17:40.553501,Tokyo-ef3b,-10,96,Normal
2026-02-08 09:17:41.553501,Tokyo-ef3b,2,78,Normal
2026-02-08 09:17:42.553501,Tokyo-ef3b,-12,63,Normal
2026-02-08 09:17:43.553501,Tokyo-ef3b,4,51,Normal
2026-02-08 09:17:44.553501,Tokyo-ef3b,39,14,Normal
2026-02-08 09:17:45.553501,Tokyo-ef3b,2,7,Normal
2026-02-08 09:17:46.553501,Tokyo-ef3b,-11,31,Normal
2026-02-08 09:17:47.553501,Tokyo-ef3b,30,21,Normal
2026-02-08 09:17:48.553501,Tokyo-ef3b,48,0,Normal
2026-02-08 09:17:49.553501,Tokyo-ef3b,28,99,Normal
2026-02-08 09:17:50.553501,Tokyo-ef3b,47,84,Normal
2026-02-08 09:17:51.553501,Tokyo-ef3b,48,33,Normal
2026-02-08 09:17:52.553501,Tokyo-ef3b,37,72,Normal
2026-02-08 09:17:53.553501,Tokyo-ef3b,3,34,Normal
2026-02-08 09:17:54.553501,Tokyo-ef3b,12,61,Normal
2026-02-08 09:17:55.553501,Tokyo-ef3b,-30,100,Normal
2026-02-08 09:17:56.553501,Tokyo-ef3b,37,2,Normal
2026-02-08 09:17:57.553501,Tokyo-ef3b,34,24,Normal
2026-02-08 09:17:58.553501,Tokyo-ef3b,-13,94,Normal
2026-02-08 09:17:59.553501,Tokyo-ef3b,0,83,Normal
2026-02-08 09:18:00.553501,Tokyo-ef3b,28,89,Normal
2026-02-08 09:18:01.553501,Tokyo-ef3b,49,36,Normal
2026-02-08 09:18:02.553501,Tokyo-ef3b,2,92,Normal
2026-02-08 09:18:03.553501,Tokyo-ef3b,38,11,Normal
2026-02-08 09:18:04.553501,Tokyo-ef3b,-21,35,Normal
2026-02-08 09:18:05.553501,Tokyo-ef3b,7,45,Normal
2026-02-08 09:18:06.553501,Tokyo-ef3b,19,58,Normal
2026-02-08 09:18:07.553501,Tokyo-ef3b,-13,19,Normal
2026-02-08 09:18:08.553501,Tokyo-ef3b,27,93,Normal
2026-02-08 09:18:09.553501,Tokyo-ef3b,4,84,Normal
2026-02-08 09:18:10.553501,Tokyo-ef3b,-24,64,Normal
2026-02-08 09:18:11.553501,Tokyo-ef3b,-30,80,Normal
2026-02-08 09:18:12.553501,Tokyo-ef3b,39,14,Normal
2026-02-08 09:18:13.553501,Tokyo-ef3b,21,47,Normal
2026-02-08 09:18:14.553501,Tokyo-ef3b,-10,51,Normal
2026-02-08 09:18:15.553501,Tokyo-ef3b,37,100,Normal
2026-02-08 09:18:16.553501,Tokyo-ef3b,4,26,Normal
2026-02-08 09:18:17.553501,Tokyo-ef3b,-3,24,Normal
2026-02-08 09:18:18.553501,Tokyo-ef3b,31,32,Normal
2026-02-08 09:18:19.553501,Tokyo-ef3b,47,21,Normal
2026-02-08 09:18:20.553501,Tokyo-ef3b,34,60,Normal
2026-02-08 09:18:21.553501,Tokyo-ef3b,4,60,Normal
2026-02-08 09:18:22.553501,Tokyo-ef3b,21,70,Normal
2026-02-08 09:18:23.553501,Tokyo-ef3b,36,49,Normal
2026-02-08 09:18:24.553501,Tokyo-ef3b,17,95,Normal
2026-02-08 09:18:25.553501,Tokyo-ef3b,6,65,Normal
2026-02-08 09:18:26.553501,Tokyo-ef3b,-18,13,Normal
2026-02-08 09:18:27.553501,Tokyo-ef3b,-9,99,Normal
2026-02-08 09:18:28.553501,Tokyo-ef3b,-18,68,Normal
2026-02-08 09:18:29.553501,Tokyo-ef3b,45,94,Normal
2026-02-08 09:18:30.553501,Tokyo-ef3b,10,96,Normal
2026-02-08 09:18:31.553501,Tokyo-ef3b,-27,74,Normal
2026-02-08 09:18:32.553501,Tokyo-ef3b,25,71,Normal
2026-02-08 09:18:33.553501,Tokyo-ef3b,12,94,Normal
2026-02-08 09:18:34.553501,Tokyo-ef3b,45,59,Normal
2026-02-08 09:18:35.553501,Tokyo-ef3b,14,35,Normal
2026-02-08 09:18:36.553501,Tokyo-ef3b,15,92,Normal
2026-02-08 09:18:37.553501,Tokyo-ef3b,5,49,Normal
2026-02-08 09:18:38.553501,Tokyo-ef3b,-26,100,Normal
2026-02-08 09:18:39.553501,Tokyo-ef3b,32,60,Normal
2026-02-08 09:18:40.553501,Tokyo-ef3b,-2,6,Normal
2026-02-08 09:18:41.553501,Tokyo-ef3b,-30,61,Normal
2026-02-08 09:18:42.553501,Tokyo-ef3b,39,85,Normal
2026-02-08 09:18:43.553501,Tokyo-ef3b,37,20,Normal
2026-02-08 09:18:44.553501,Tokyo-ef3b,12,30,Normal
2026-02-08 09:18:45.553501,Tokyo-ef3b,-4,80,Normal
2026-02-08 09:18:46.553501,Tokyo-ef3b,31,9,Normal
2026-02-08 09:18:47.553501,Tokyo-ef3b,25,48,Normal
2026-02-08 09:18:48.553501,Tokyo-ef3b,43,31,Normal
2026-02-08 09:18:49.553501,Tokyo-ef3b,-26,53,Normal
2026-02-08 09:18:50.553501,Tokyo-ef3b,-16,40,Normal
2026-02-08 09:18:51.553501,Tokyo-ef3b,-24,68,Normal
2026-02-08 09:18:52.553501,Tokyo-ef3b,-23,84,Normal
2026-02-08 09:18:53.553501,Tokyo-ef3b,41,81,Normal
2026-02-08 09:18:54.553501,Tokyo-ef3b,32,15,Normal
2026-02-08 09:18:55.553501,Tokyo-ef3b,-15,12,Normal
2026-02-08 09:18:56.553501,Tokyo-ef3b,46,98,Normal
2026-02-08 09:18:57.553501,Tokyo-ef3b,35,44,Normal
2026-02-08 09:18:58.553501,Tokyo-ef3b,-30,58,Normal
2026-02-08 09:18:59.553501,Tokyo-ef3b,-18,100,Normal
2026-02-08 09:19:00.553501,Tokyo-ef3b,11,4,Normal
2026-02-08 09:19:01.553501,Tokyo-ef3b,11,64,Normal
2026-02-08 09:19:02.553501,Tokyo-ef3b,28,5,Normal
2026-02-08 09:19:03.553501,Tokyo-ef3b,8,12,Normal
2026-02-08 09:19:04.553501,Tokyo-ef3b,42,44,Normal
2026-02-08 09:19:05.553501,Tokyo-ef3b,35,57,Normal
2026-02-08 09:19:06.553501,Tokyo-ef3b,27,81,Normal
2026-02-08 09:19:07.553501,Tokyo-ef3b,25,75,Normal
2026-02-08 09:19:08.553501,Tokyo-ef3b,29,83,Normal
2026-02-08 09:19:09.553501,Tokyo-ef3b,0,42,Normal
2026-02-08 09:19:10.553501,Tokyo-ef3b,19,95,Normal
2026-02-08 09:19:11.553501,Tokyo-ef3b,23,97,Normal
2026-02-08 09:19:12.553501,Tokyo-ef3b,35,0,Normal
2026-02-08 09:19:13.553501,Tokyo-ef3b,-19,7,Normal
2026-02-08 09:19:14.553501,Tokyo-ef3b,33,47,Normal
2026-02-08 09:19:15.553501,Tokyo-ef3b,21,27,Normal
2026-02-08 09:19:16.553501,Tokyo-ef3b,43,3,Normal
2026-02-08 09:19:17.553501,Tokyo-ef3b,7,100,Normal
2026-02-08 09:19:18.553501,Tokyo-ef3b,42,30,Normal
2026-02-08 09:19:19.553501,Tokyo-ef3b,-28,93,Normal
2026-02-08 09:19:20.553501,Tokyo-ef3b,-1,39,Normal
2026-02-08 09:19:21.553501,Tokyo-ef3b,29,15,Normal
2026-02-08 09:19:22.553501,Tokyo-ef3b,47,5,Normal
2026-02-08 09:19:23.553501,Tokyo-ef3b,-9,6,Normal
2026-02-08 09:19:24.553501,Tokyo-ef3b,28,52,Normal
2026-02-08 09:19:25.553501,Tokyo-ef3b,19,61,Normal
2026-02-08 09:19:26.553501,Tokyo-ef3b,20,96,Normal
2026-02-08 09:19:27.553501,Tokyo-ef3b,46,25,Normal
2026-02-08 09:19:28.553501,Tokyo-ef3b,-27,98,Normal
2026-02-08 09:19:29.553501,Tokyo-ef3b,35,29,Normal
2026-02-08 09:19:30.553501,Tokyo-ef3b,7,64,Normal
2026-02-08 09:19:31.553501,Tokyo-ef3b,-19,29,Normal
2026-02-08 09:19:32.553501,Tokyo-ef3b,-16,71,Normal
2026-02-08 09:19:33.553501,Tokyo-ef3b,-16,52,Normal
2026-02-08 09:19:34.553501,Tokyo-ef3b,-16,65,Normal
2026-02-08 09:19:35.553501,Tokyo-ef3b,-16,87,Normal
2026-02-08 09:19:36.553501,Tokyo-ef3b,-9,10,Normal
2026-02-08 09:19:37.553501,Tokyo-ef3b,38,16,Normal
2026-02-08 09:19:38.553501,Tokyo-ef3b,38,91,Normal
2026-02-08 09:19:39.553501,Tokyo-ef3b,-29,93,Normal
2026-02-08 09:19:40.553501,Tokyo-ef3b,27,16,Normal
2026-02-08 09:19:41.553501,Tokyo-ef3b,5,97,Normal
2026-02-08 09:19:42.553501,Tokyo-ef3b,8,26,Normal
2026-02-08 09:19:43.553501,Tokyo-ef3b,30,9,Normal
2026-02-08 09:19:44.553501,Tokyo-ef3b,-6,96,Normal
2026-02-08 09:19:45.553501,Tokyo-ef3b,12,13,Normal
2026-02-08 09:19:46.553501,Tokyo-ef3b,-27,59,Normal
2026-02-08 09:19:47.553501,Tokyo-ef3b,-7,54,Normal
2026-02-08 09:19:48.553501,Tokyo-ef3b,8,95,Normal
2026-02-08 09:19:49.553501,Tokyo-ef3b,-10,54,Normal
2026-02-08 09:19:50.553501,Tokyo-ef3b,-5,94,Normal
2026-02-08 09:19:51.553501,Tokyo-ef3b,-29,100,Normal
2026-02-08 09:19:52.553501,Tokyo-ef3b,-14,6,Normal
2026-02-08 09:19:53.553501,Tokyo-ef3b,50,46,Normal
2026-02-08 09:19:54.553501,Tokyo-ef3b,-12,5,Normal
2026-02-08 09:19:55.553501,Tokyo-ef3b,-7,71,Normal
2026-02-08 09:19:56.553501,Tokyo-ef3b,27,78,Normal
2026-02-08 09:19:57.553501,Tokyo-ef3b,21,21,Normal
2026-02-08 09:19:58.553501,Tokyo-ef3b,50,84,Normal
2026-02-08 09:19:59.553501,Tokyo-ef3b,-25,2,Normal
2026-02-08 09:20:00.553501,Tokyo-ef3b,-2,31,Normal
2026-02-08 09:20:01.553501,Tokyo-ef3b,45,54,Normal
2026-02-08 09:20:02.553501,Tokyo-ef3b,-16,83,Normal
2026-02-08 09:20:03.553501,Tokyo-ef3b,5,51,Normal
2026-02-08 09:20:04.553501,Tokyo-ef3b,4,41,Normal
2026-02-08 09:20:05.553501,Tokyo-ef3b,45,90,Normal
2026-02-08 09:20:06.553501,Tokyo-ef3b,7,48,Normal
2026-02-08 09:20:07.553501,Tokyo-ef3b,-18,71,Normal
2026-02-08 09:20:08.553501,Tokyo-ef3b,47,41,Normal
2026-02-08 09:20:09.553501,Tokyo-ef3b,-24,98,Normal
2026-02-08 09:20:10.553501,Tokyo-ef3b,43,38,Normal
2026-02-08 09:20:11.553501,Tokyo-ef3b,50,96,Normal
2026-02-08 09:20:12.553501,Tokyo-ef3b,-10,88,Normal
2026-02-08 09:20:13.553501,Tokyo-ef3b,23,2,Normal
2026-02-08 09:20:14.553501,Tokyo-ef3b,46,23,Normal
2026-02-08 09:20:15.553501,Tokyo-ef3b,-6,16,Normal
2026-02-08 09:20:16.553501,Tokyo-ef3b,35,58,Normal
2026-02-08 09:20:17.553501,Tokyo-ef3b,32,87,Normal
2026-02-08 09:20:18.553501,Tokyo-ef3b,32,38,Normal
2026-02-08 09:20:19.553501,Tokyo-ef3b,-27,56,Normal
2026-02-08 09:20:20.553501,Tokyo-ef3b,10,42,Normal
2026-02-08 09:20:21.553501,Tokyo-ef3b,36,0,Normal
2026-02-08 09:20:22.553501,Tokyo-ef3b,33,87,Normal
2026-02-08 09:20:23.553501,Tokyo-ef3b,-14,64,Normal
2026-02-08 09:20:24.553501,Tokyo-ef3b,0,43,Normal
2026-02-08 09:20:25.553501,Tokyo-ef3b,11,34,Normal
2026-02-08 09:20:26.553501,Tokyo-ef3b,2,55,Normal
2026-02-08 09:20:27.553501,Tokyo-ef3b,36,96,Normal
2026-02-08 09:20:28.553501,Tokyo-ef3b,-20,72,Normal
2026-02-08 09:20:29.553501,Tokyo-ef3b,23,85,Normal
2026-02-08 09:20:30.553501,Tokyo-ef3b,5,79,Normal
2026-02-08 09:20:31.553501,Tokyo-ef3b,45,70,Normal
2026-02-08 09:20:32.553501,Tokyo-ef3b,-6,80,Normal
2026-02-08 09:20:33.553501,Tokyo-ef3b,42,0,Normal
2026-02-08 09:20:34.553501,Tokyo-ef3b,50,20,Normal
2026-02-08 09:20:35.553501,Tokyo-ef3b,-6,56,Normal
2026-02-08 09:20:36.553501,Tokyo-ef3b,-27,72,Normal
2026-02-08 09:20:37.553501,Tokyo-ef3b,-16,13,Normal
2026-02-08 09:20:38.553501,Tokyo-ef3b,24,29,Normal
2026-02-08 09:20:39.553501,Tokyo-ef3b,-2,21,Normal
2026-02-08 09:20:40.553501,Tokyo-ef3b,-18,44,Normal
2026-02-08 09:20:41.553501,Tokyo-ef3b,23,59,Normal
2026-02-08 09:20:42.553501,Tokyo-ef3b,5,13,Normal
2026-02-08 09:20:43.553501,Tokyo-ef3b,36,78,Normal
2026-02-08 09:20:44.553501,Tokyo-ef3b,14,90,Normal
2026-02-08 09:20:45.553501,Tokyo-ef3b,-27,12,Normal
2026-02-08 09:20:46.553501,Tokyo-ef3b,11,34,Normal
2026-02-08 09:20:47.553501,Tokyo-ef3b,36,38,Normal
2026-02-08 09:20:48.553501,Tokyo-ef3b,-29,98,Normal
2026-02-08 09:20:49.553501,Tokyo-ef3b,-17,11,Normal
2026-02-08 09:20:50.553501,Tokyo-ef3b,32,57,Normal
2026-02-08 09:20:51.553501,Tokyo-ef3b,24,74,Normal
2026-02-08 09:20:52.553501,Tokyo-ef3b,0,75,Normal
2026-02-08 09:20:53.553501,Tokyo-ef3b,-26,86,Normal
2026-02-08 09:20:54.553501,Tokyo-ef3b,22,67,Normal
2026-02-08 09:20:55.553501,Tokyo-ef3b,-10,43,Normal
2026-02-08 09:20:56.553501,Tokyo-ef3b,-16,26,Normal
2026-02-08 09:20:57.553501,Tokyo-ef3b,40,63,Normal
2026-02-08 09:20:58.553501,Tokyo-ef3b,27,95,Normal
2026-02-08 09:20:59.553501,Tokyo-ef3b,-14,55,Normal
2026-02-08 09:21:00.553501,Tokyo-ef3b,-16,66,Normal
2026-02-08 09:21:01.553501,Tokyo-ef3b,-2,98,Normal
2026-02-08 09:21:02.553501,Tokyo-ef3b,19,15,Normal
2026-02-08 09:21:03.553501,Tokyo-ef3b,26,14,Normal
2026-02-08 09:21:04.553501,Tokyo-ef3b,3,33,Normal
2026-02-08 09:21:05.553501,Tokyo-ef3b,5,47,Normal
2026-02-08 09:21:06.553501,Tokyo-ef3b,-26,11,Normal
2026-02-08 09:21:07.553501,Tokyo-ef3b,-25,18,Normal
2026-02-08 09:21:08.553501,Tokyo-ef3b,-9,88,Normal
2026-02-08 09:21:09.553501,Tokyo-ef3b,1,32,Normal
2026-02-08 09:21:10.553501,Tokyo-ef3b,47,94,Normal
2026-02-08 09:21:11.553501,Tokyo-ef3b,7,75,Normal
2026-02-08 09:21:12.553501,Tokyo-ef3b,40,58,Normal
2026-02-08 09:21:13.553501,Tokyo-ef3b,8,20,Normal
2026-02-08 09:21:14.553501,Tokyo-ef3b,-14,25,Normal
2026-02-08 09:21:15.553501,Tokyo-ef3b,-26,94,Normal
2026-02-08 09:21:16.553501,Tokyo-ef3b,36,82,Normal
2026-02-08 09:21:17.553501,Tokyo-ef3b,32,14,Normal
2026-02-08 09:21:18.553501,Tokyo-ef3b,48,30,Normal
2026-02-08 09:21:19.553501,Tokyo-ef3b,30,89,Normal
2026-02-08 09:21:20.553501,Tokyo-ef3b,-22,79,Normal
2026-02-08 09:21:21.553501,Tokyo-ef3b,3,7,Normal
2026-02-08 09:21:22.553501,Tokyo-ef3b,-29,23,Normal
2026-02-08 09:21:23.553501,Tokyo-ef3b,9,53,Normal
2026-02-08 09:21:24.553501,Tokyo-ef3b,-24,51,Normal
2026-02-08 09:21:25.553501,Tokyo-ef3b,18,38,Normal
2026-02-08 09:21:26.553501,Tokyo-ef3b,-11,39,Normal
2026-02-08 09:21:27.553501,Tokyo-ef3b,5,67,Normal
2026-02-08 09:21:28.553501,Tokyo-ef3b,-21,8,Normal
2026-02-08 09:21:29.553501,Tokyo-ef3b,-9,5,Normal
2026-02-08 09:21:30.553501,Tokyo-ef3b,-22,61,Normal
2026-02-08 09:21:31.553501,Tokyo-ef3b,46,28,Normal
2026-02-08 09:21:32.553501,Tokyo-ef3b,4,60,Normal
2026-02-08 09:21:33.553501,Tokyo-ef3b,42,74,Normal
2026-02-08 09:21:34.553501,Tokyo-ef3b,-24,73,Normal
2026-02-08 09:21:35.553501,Tokyo-ef3b,-6,24,Normal
2026-02-08 09:21:36.553501,Tokyo-ef3b,-9,79,Normal
2026-02-08 09:21:37.553501,Tokyo-ef3b,-9,19,Normal
2026-02-08 09:21:38.553501,Tokyo-ef3b,0,96,Normal
2026-02-08 09:21:39.553501,Tokyo-ef3b,16,54,Normal
2026-02-08 09:21:40.553501,Tokyo-ef3b,23,56,Normal
2026-02-08 09:21:41.553501,Tokyo-ef3b,-19,88,Normal
2026-02-08 09:21:42.553501,Tokyo-ef3b,6,16,Normal
2026-02-08 09:21:43.553501,Tokyo-ef3b,33,62,Normal
2026-02-08 09:21:44.553501,Tokyo-ef3b,45,65,Normal
2026-02-08 09:21:45.553501,Tokyo-ef3b,22,27,Normal
2026-02-08 09:21:46.553501,Tokyo-ef3b,38,86,Normal
2026-02-08 09:21:47.553501,Tokyo-ef3b,39,26,Normal
2026-02-08 09:21:48.553501,Tokyo-ef3b,8,53,Normal
2026-02-08 09:21:49.553501,Tokyo-ef3b,22,14,Normal
2026-02-08 09:21:50.553501,Tokyo-ef3b,1,21,Normal
2026-02-08 09:21:51.553501,Tokyo-ef3b,4,77,Normal
2026-02-08 09:21:52.553501,Tokyo-ef3b,48,12,Normal
2026-02-08 09:21:53.553501,Tokyo-ef3b,-2,56,Normal
2026-02-08 09:21:54.553501,Tokyo-ef3b,-8,47,Normal
2026-02-08 09:21:55.553501,Tokyo-ef3b,30,75,Normal
2026-02-08 09:21:56.553501,Tokyo-ef3b,42,73,Normal
2026-02-08 09:21:57.553501,Tokyo-ef3b,-2,82,Normal
2026-02-08 09:21:58.553501,Tokyo-ef3b,5,95,Normal
2026-02-08 09:21:59.553501,Tokyo-ef3b,-18,48,Normal
2026-02-08 09:22:00.553501,Tokyo-ef3b,42,7,Normal
2026-02-08 09:22:01.553501,Tokyo-ef3b,28,48,Normal
2026-02-08 09:22:02.553501,Tokyo-ef3b,11,93,Normal
2026-02-08 09:22:03.553501,Tokyo-ef3b,11,83,Normal
2026-02-08 09:22:04.553501,Tokyo-ef3b,-9,92,Normal
2026-02-08 09:22:05.553501,Tokyo-ef3b,37,68,Normal
2026-02-08 09:22:06.553501,Tokyo-ef3b,43,59,Normal
2026-02-08 09:22:07.553501,Tokyo-ef3b,6,65,Normal
2026-02-08 09:22:08.553501,Tokyo-ef3b,44,9,Normal
2026-02-08 09:22:09.553501,Tokyo-ef3b,4,94,Normal
2026-02-08 09:22:10.553501,Tokyo-ef3b,36,34,Normal
2026-02-08 09:22:11.553501,Tokyo-ef3b,-8,77,Normal
2026-02-08 09:22:12.553501,Tokyo-ef3b,1,73,Normal
2026-02-08 09:22:13.553501,Tokyo-ef3b,19,28,Normal
2026-02-08 09:22:14.553501,Tokyo-ef3b,27,38,Normal
2026-02-08 09:22:15.553501,Tokyo-ef3b,44,85,Normal
2026-02-08 09:22:16.553501,Tokyo-ef3b,9,29,Normal
2026-02-08 09:22:17.553501,Tokyo-ef3b,-3,15,Normal
2026-02-08 09:22:18.553501,Tokyo-ef3b,-30,38,Normal
2026-02-08 09:22:19.553501,Tokyo-ef3b,49,65,Normal
2026-02-08 09:22:20.553501,Tokyo-ef3b,-27,21,Normal
2026-02-08 09:22:21.553501,Tokyo-ef3b,-8,79,Normal
2026-02-08 09:22:22.553501,Tokyo-ef3b,41,97,Normal
2026-02-08 09:22:23.553501,Tokyo-ef3b,11,6,Normal
2026-02-08 09:22:24.553501,Tokyo-ef3b,-24,86,Normal
2026-02-08 09:22:25.553501,Tokyo-ef3b,2,38,Normal
2026-02-08 09:22:26.553501,Tokyo-ef3b,-30,86,Normal
2026-02-08 09:22:27.553501,Tokyo-ef3b,-21,70,Normal
2026-02-08 09:22:28.553501,Tokyo-ef3b,-16,42,Normal
2026-02-08 09:22:29.553501,Tokyo-ef3b,34,28,Normal
2026-02-08 09:22:30.553501,Tokyo-ef3b,-14,99,Normal
2026-02-08 09:22:31.553501,Tokyo-ef3b,-12,22,Normal
2026-02-08 09:22:32.553501,Tokyo-ef3b,26,82,Normal
2026-02-08 09:22:33.553501,Tokyo-ef3b,36,44,Normal
2026-02-08 09:22:34.553501,Tokyo-ef3b,36,53,Normal
2026-02-08 09:22:35.553501,Tokyo-ef3b,-30,99,Normal
2026-02-08 09:22:36.553501,Tokyo-ef3b,4,97,Normal
2026-02-08 09:22:37.553501,Tokyo-ef3b,31,97,Normal
2026-02-08 09:22:38.553501,Tokyo-ef3b,5,29,Normal
2026-02-08 09:22:39.553501,Tokyo-ef3b,40,76,Normal
2026-02-08 09:22:40.553501,Tokyo-ef3b,-1,22,Normal
2026-02-08 09:22:41.553501,Tokyo-ef3b,39,27,Normal
2026-02-08 09:22:42.553501,Tokyo-ef3b,-10,63,Normal
2026-02-08 09:22:43.553501,Tokyo-ef3b,-26,16,Normal
2026-02-08 09:22:44.553501,Tokyo-ef3b,8,14,Normal
2026-02-08 09:22:45.553501,Tokyo-ef3b,-16,24,Normal
2026-02-08 09:22:46.553501,Tokyo-ef3b,-12,98,Normal
2026-02-08 09:22:47.553501,Tokyo-ef3b,2,91,Normal
2026-02-08 09:22:48.553501,Tokyo-ef3b,8,82,Normal
2026-02-08 09:22:49.553501,Tokyo-ef3b,-5,64,Normal
2026-02-08 09:22:50.553501,Tokyo-ef3b,49,24,Normal
2026-02-08 09:22:51.553501,Tokyo-ef3b,-6,48,Normal
2026-02-08 09:22:52.553501,Tokyo-ef3b,-17,3,Normal
2026-02-08 09:22:53.553501,Tokyo-ef3b,10,86,Normal
2026-02-08 09:22:54.553501,Tokyo-ef3b,14,28,Normal
