timestamp,station_id,temp,humid,condition
2026-02-16 20:29:55.378621,Seoul-dc5f,11,43,Normal
2026-02-16 20:29:56.378621,Seoul-dc5f,-22,52,Normal
2026-02-16 20:29:57.378621,Seoul-dc5f,27,13,Normal
2026-02-16 20:29:58.378621,Seoul-dc5f,10,87,Normal
2026-02-16 20:29:59.378621,Seoul-dc5f,0,50,Normal
2026-02-16 20:30:00.378621,Seoul-dc5f,15,79,Normal
2026-02-16 20:30:01.378621,Seoul-dc5f,-11,54,Normal
2026-02-16 20:30:02.378621,Seoul-dc5f,17,4,Normal
2026-02-16 20:30:03.378621,Seoul-dc5f,17,26,Normal
2026-02-16 20:30:04.378621,Seoul-dc5f,37,76,Normal
2026-02-16 20:30:05.378621,Seoul-dc5f,42,39,Normal
2026-02-16 20:30:06.378621,Seoul-dc5f,30,63,Normal
2026-02-16 20:30:07.378621,Seoul-dc5f,30,16,Normal
2026-02-16 20:30:08.378621,Seoul-dc5f,7,37,Normal
2026-02-16 20:30:09.378621,Seoul-dc5f,-2,81,Normal
2026-02-16 20:30:10.378621,Seoul-dc5f,39,99,Normal
2026-02-16 20:30:11.378621,Seoul-dc5f,48,90,Normal
2026-02-16 20:30:12.378621,Seoul-dc5f,50,49,Normal
2026-02-16 20:30:13.378621,Seoul-dc5f,39,72,Normal
2026-02-16 20:30:14.378621,Seoul-dc5f,-9,38,Normal
2026-02-16 20:30:15.378621,Seoul-dc5f,-5,2,Normal
2026-02-16 20:30:16.378621,Seoul-dc5f,8,33,Normal
2026-02-16 20:30:17.378621,Seoul-dc5f,-21,5,Normal
2026-02-16 20:30:18.378621,Seoul-dc5f,34,37,Normal
2026-02-16 20:30:19.378621,Seoul-dc5f,-29,33,Normal
2026-02-16 20:30:20.378621,Seoul-dc5f,5,98,Normal
2026-02-16 20:30:21.378621,Seoul-dc5f,-22,24,Normal
2026-02-16 20:30:22.378621,Seoul-dc5f,-24,94,Normal
2026-02-16 20:30:23.378621,Seoul-dc5f,-28,87,Normal
2026-02-16 20:30:24.378621,Seoul-dc5f,6,7,Normal
2026-02-16 20:30:25.378621,Seoul-dc5f,44,9,Normal
2026-02-16 20:30:26.378621,Seoul-dc5f,9,31,Normal
2026-02-16 20:30:27.378621,Seoul-dc5f,-23,17,Normal
2026-02-16 20:30:28.378621,Seoul-dc5f,-4,9,Normal
2026-02-16 20:30:29.378621,Seoul-dc5f,-16,96,Normal
2026-02-16 20:30:30.378621,Seoul-dc5f,2,11,Normal
2026-02-16 20:30:31.378621,Seoul-dc5f,36,9,Normal
2026-02-16 20:30:32.378621,Seoul-dc5f,1,34,Normal
2026-02-16 20:30:33.378621,Seoul-dc5f,-24,54,Normal
2026-02-16 20:30:34.378621,Seoul-dc5f,-18,12,Normal
2026-02-16 20:30:35.378621,Seoul-dc5f,-11,44,Normal
2026-02-16 20:30:36.378621,Seoul-dc5f,42,36,Normal
2026-02-16 20:30:37.378621,Seoul-dc5f,27,59,Normal
2026-02-16 20:30:38.378621,Seoul-dc5f,1,62,Normal
2026-02-16 20:30:39.378621,Seoul-dc5f,37,7,Normal
2026-02-16 20:30:40.378621,Seoul-dc5f,37,40,Normal
2026-02-16 20:30:41.378621,Seoul-dc5f,22,26,Normal
2026-02-16 20:30:42.378621,Seoul-dc5f,18,58,Normal
2026-02-16 20:30:43.378621,Seoul-dc5f,36,76,Normal
2026-02-16 20:30:44.378621,Seoul-dc5f,-28,29,Normal
2026-02-16 20:30:45.378621,Seoul-dc5f,40,12,Normal
2026-02-16 20:30:46.378621,Seoul-dc5f,-29,50,Normal
2026-02-16 20:30:47.378621,Seoul-dc5f,7,4,Normal
2026-02-16 20:30:48.378621,Seoul-dc5f,-16,27,Normal
2026-02-16 20:30:49.378621,Seoul-dc5f,19,61,Normal
2026-02-16 20:30:50.378621,Seoul-dc5f,27,79,Normal
2026-02-16 20:30:51.378621,Seoul-dc5f,20,65,Normal
2026-02-16 20:30:52.378621,Seoul-dc5f,-26,74,Normal
2026-02-16 20:30:53.378621,Seoul-dc5f,29,71,Normal
2026-02-16 20:30:54.378621,Seoul-dc5f,-17,12,Normal
2026-02-16 20:30:55.378621,Seoul-dc5f,-20,34,Normal
2026-02-16 20:30:56.378621,Seoul-dc5f,-12,94,Normal
2026-02-16 20:30:57.378621,Seoul-dc5f,-30,61,Normal
2026-02-16 20:30:58.378621,Seoul-dc5f,9,73,Normal
2026-02-16 20:30:59.378621,Seoul-dc5f,39,31,Normal
2026-02-16 20:31:00.378621,Seoul-dc5f,13,57,Normal
2026-02-16 20:31:01.378621,Seoul-dc5f,22,92,Normal
2026-02-16 20:31:02.378621,Seoul-dc5f,-8,1,Normal
2026-02-16 20:31:03.378621,Seoul-dc5f,-9,47,Normal
2026-02-16 20:31:04.378621,Seoul-dc5f,-17,63,Normal
2026-02-16 20:31:05.378621,Seoul-dc5f,-25,21,Normal
2026-02-16 20:31:06.378621,Seoul-dc5f,5,96,Normal
2026-02-16 20:31:07.378621,Seoul-dc5f,-14,88,Normal
2026-02-16 20:31:08.378621,Seoul-dc5f,20,24,Normal
2026-02-16 20:31:09.378621,Seoul-dc5f,40,71,Normal
2026-02-16 20:31:10.378621,Seoul-dc5f,-15,81,Normal
2026-02-16 20:31:11.378621,Seoul-dc5f,31,48,Normal
2026-02-16 20:31:12.378621,Seoul-dc5f,-18,22,Normal
2026-02-16 20:31:13.378621,Seoul-dc5f,30,15,Normal
2026-02-16 20:31:14.378621,Seoul-dc5f,21,58,Normal
2026-02-16 20:31:15.378621,Seoul-dc5f,22,15,Normal
2026-02-16 20:31:16.378621,Seoul-dc5f,-23,96,Normal
2026-02-16 20:31:17.378621,Seoul-dc5f,44,34,Normal
2026-02-16 20:31:18.378621,Seoul-dc5f,-3,15,Normal
2026-02-16 20:31:19.378621,Seoul-dc5f,37,16,Normal
2026-02-16 20:31:20.378621,Seoul-dc5f,36,15,Normal
2026-02-16 20:31:21.378621,Seoul-dc5f,41,77,Normal
2026-02-16 20:31:22.378621,Seoul-dc5f,-25,56,Normal
2026-02-16 20:31:23.378621,Seoul-dc5f,-23,39,Normal
2026-02-16 20:31:24.378621,Seoul-dc5f,39,77,Normal
2026-02-16 20:31:25.378621,Seoul-dc5f,-3,21,Normal
2026-02-16 20:31:26.378621,Seoul-dc5f,27,67,Normal
2026-02-16 20:31:27.378621,Seoul-dc5f,16,5,Normal
2026-02-16 20:31:28.378621,Seoul-dc5f,40,63,Normal
2026-02-16 20:31:29.378621,Seoul-dc5f,21,0,Normal
2026-02-16 20:31:30.378621,Seoul-dc5f,27,5,Normal
2026-02-16 20:31:31.378621,Seoul-dc5f,35,21,Normal
2026-02-16 20:31:32.378621,Seoul-dc5f,-25,64,Normal
2026-02-16 20:31:33.378621,Seoul-dc5f,-9,4,Normal
2026-02-16 20:31:34.378621,Seoul-dc5f,20,60,Normal
2026-02-16 20:31:35.378621,Seoul-dc5f,7,89,Normal
2026-02-16 20:31:36.378621,Seoul-dc5f,13,27,Normal
2026-02-16 20:31:37.378621,Seoul-dc5f,-17,86,Normal
2026-02-16 20:31:38.378621,Seoul-dc5f,50,37,Normal
2026-02-16 20:31:39.378621,Seoul-dc5f,14,13,Normal
2026-02-16 20:31:40.378621,Seoul-dc5f,19,33,Normal
2026-02-16 20:31:41.378621,Seoul-dc5f,43,11,Normal
2026-02-16 20:31:42.378621,Seoul-dc5f,-2,58,Normal
2026-02-16 20:31:43.378621,Seoul-dc5f,3,30,Normal
2026-02-16 20:31:44.378621,Seoul-dc5f,44,92,Normal
2026-02-16 20:31:45.378621,Seoul-dc5f,28,3,Normal
2026-02-16 20:31:46.378621,Seoul-dc5f,23,28,Normal
2026-02-16 20:31:47.378621,Seoul-dc5f,-6,7,Normal
2026-02-16 20:31:48.378621,Seoul-dc5f,39,10,Normal
2026-02-16 20:31:49.378621,Seoul-dc5f,39,89,Normal
2026-02-16 20:31:50.378621,Seoul-dc5f,-30,20,Normal
2026-02-16 20:31:51.378621,Seoul-dc5f,34,37,Normal
2026-02-16 20:31:52.378621,Seoul-dc5f,-22,95,Normal
2026-02-16 20:31:53.378621,Seoul-dc5f,47,85,Normal
2026-02-16 20:31:54.378621,Seoul-dc5f,-24,76,Normal
2026-02-16 20:31:55.378621,Seoul-dc5f,6,77,Normal
2026-02-16 20:31:56.378621,Seoul-dc5f,34,56,Normal
2026-02-16 20:31:57.378621,Seoul-dc5f,32,82,Normal
2026-02-16 20:31:58.378621,Seoul-dc5f,33,81,Normal
2026-02-16 20:31:59.378621,Seoul-dc5f,37,58,Normal
2026-02-16 20:32:00.378621,Seoul-dc5f,37,66,Normal
2026-02-16 20:32:01.378621,Seoul-dc5f,21,90,Normal
2026-02-16 20:32:02.378621,Seoul-dc5f,-12,10,Normal
2026-02-16 20:32:03.378621,Seoul-dc5f,-2,52,Normal
2026-02-16 20:32:04.378621,Seoul-dc5f,-26,16,Normal
2026-02-16 20:32:05.378621,Seoul-dc5f,-15,0,Normal
2026-02-16 20:32:06.378621,Seoul-dc5f,31,40,Normal
2026-02-16 20:32:07.378621,Seoul-dc5f,-25,43,Normal
2026-02-16 20:32:08.378621,Seoul-dc5f,26,90,Normal
2026-02-16 20:32:09.378621,Seoul-dc5f,-22,69,Normal
2026-02-16 20:32:10.378621,Seoul-dc5f,21,72,Normal
2026-02-16 20:32:11.378621,Seoul-dc5f,-11,7,Normal
2026-02-16 20:32:12.378621,Seoul-dc5f,6,30,Normal
2026-02-16 20:32:13.378621,Seoul-dc5f,-2,14,Normal
2026-02-16 20:32:14.378621,Seoul-dc5f,44,52,Normal
2026-02-16 20:32:15.378621,Seoul-dc5f,-21,4,Normal
2026-02-16 20:32:16.378621,Seoul-dc5f,41,29,Normal
2026-02-16 20:32:17.378621,Seoul-dc5f,-13,76,Normal
2026-02-16 20:32:18.378621,Seoul-dc5f,-30,95,Normal
2026-02-16 20:32:19.378621,Seoul-dc5f,-11,97,Normal
2026-02-16 20:32:20.378621,Seoul-dc5f,-7,43,Normal
2026-02-16 20:32:21.378621,Seoul-dc5f,2,2,Normal
2026-02-16 20:32:22.378621,Seoul-dc5f,37,96,Normal
2026-02-16 20:32:23.378621,Seoul-dc5f,23,26,Normal
2026-02-16 20:32:24.378621,Seoul-dc5f,-21,54,Normal
2026-02-16 20:32:25.378621,Seoul-dc5f,-22,20,Normal
2026-02-16 20:32:26.378621,Seoul-dc5f,37,20,Normal
2026-02-16 20:32:27.378621,Seoul-dc5f,-28,82,Normal
2026-02-16 20:32:28.378621,Seoul-dc5f,-5,24,Normal
2026-02-16 20:32:29.378621,Seoul-dc5f,-23,93,Normal
2026-02-16 20:32:30.378621,Seoul-dc5f,8,95,Normal
2026-02-16 20:32:31.378621,Seoul-dc5f,48,72,Normal
2026-02-16 20:32:32.378621,Seoul-dc5f,29,81,Normal
2026-02-16 20:32:33.378621,Seoul-dc5f,-3,57,Normal
2026-02-16 20:32:34.378621,Seoul-dc5f,-15,72,Normal
2026-02-16 20:32:35.378621,Seoul-dc5f,42,66,Normal
2026-02-16 20:32:36.378621,Seoul-dc5f,-24,46,Normal
2026-02-16 20:32:37.378621,Seoul-dc5f,-19,55,Normal
2026-02-16 20:32:38.378621,Seoul-dc5f,45,61,Normal
2026-02-16 20:32:39.378621,Seoul-dc5f,-22,38,Normal
2026-02-16 20:32:40.378621,Seoul-dc5f,-5,61,Normal
2026-02-16 20:32:41.378621,Seoul-dc5f,20,69,Normal
2026-02-16 20:32:42.378621,Seoul-dc5f,42,78,Normal
2026-02-16 20:32:43.378621,Seoul-dc5f,18,7,Normal
2026-02-16 20:32:44.378621,Seoul-dc5f,36,87,Normal
2026-02-16 20:32:45.378621,Seoul-dc5f,-11,44,Normal
2026-02-16 20:32:46.378621,Seoul-dc5f,-3,13,Normal
2026-02-16 20:32:47.378621,Seoul-dc5f,26,91,Normal
2026-02-16 20:32:48.378621,Seoul-dc5f,31,38,Normal
2026-02-16 20:32:49.378621,Seoul-dc5f,-14,40,Normal
2026-02-16 20:32:50.378621,Seoul-dc5f,8,14,Normal
2026-02-16 20:32:51.378621,Seoul-dc5f,-21,11,Normal
2026-02-16 20:32:52.378621,Seoul-dc5f,46,14,Normal
2026-02-16 20:32:53.378621,Seoul-dc5f,-22,11,Normal
2026-02-16 20:32:54.378621,Seoul-dc5f,-27,2,Normal
2026-02-16 20:32:55.378621,Seoul-dc5f,-14,83,Normal
2026-02-16 20:32:56.378621,Seoul-dc5f,47,85,Normal
2026-02-16 20:32:57.378621,Seoul-dc5f,-29,9,Normal
2026-02-16 20:32:58.378621,Seoul-dc5f,14,66,Normal
2026-02-16 20:32:59.378621,Seoul-dc5f,36,27,Normal
2026-02-16 20:33:00.378621,Seoul-dc5f,-11,41,Normal
2026-02-16 20:33:01.378621,Seoul-dc5f,-25,69,Normal
2026-02-16 20:33:02.378621,Seoul-dc5f,31,100,Normal
2026-02-16 20:33:03.378621,Seoul-dc5f,45,3,Normal
2026-02-16 20:33:04.378621,Seoul-dc5f,6,47,Normal
2026-02-16 20:33:05.378621,Seoul-dc5f,42,52,Normal
2026-02-16 20:33:06.378621,Seoul-dc5f,26,97,Normal
2026-02-16 20:33:07.378621,Seoul-dc5f,-11,10,Normal
2026-02-16 20:33:08.378621,Seoul-dc5f,36,40,Normal
2026-02-16 20:33:09.378621,Seoul-dc5f,-17,0,Normal
2026-02-16 20:33:10.378621,Seoul-dc5f,-28,96,Normal
2026-02-16 20:33:11.378621,Seoul-dc5f,3,53,Normal
2026-02-16 20:33:12.378621,Seoul-dc5f,-29,46,Normal
2026-02-16 20:33:13.378621,Seoul-dc5f,50,13,Normal
2026-02-16 20:33:14.378621,Seoul-dc5f,2,56,Normal
2026-02-16 20:33:15.378621,Seoul-dc5f,-1,6,Normal
2026-02-16 20:33:16.378621,Seoul-dc5f,36,87,Normal
2026-02-16 20:33:17.378621,Seoul-dc5f,14,76,Normal
2026-02-16 20:33:18.378621,Seoul-dc5f,-6,9,Normal
2026-02-16 20:33:19.378621,Seoul-dc5f,37,92,Normal
2026-02-16 20:33:20.378621,Seoul-dc5f,-5,39,Normal
2026-02-16 20:33:21.378621,Seoul-dc5f,3,29,Normal
2026-02-16 20:33:22.378621,Seoul-dc5f,-26,12,Normal
2026-02-16 20:33:23.378621,Seoul-dc5f,48,33,Normal
2026-02-16 20:33:24.378621,Seoul-dc5f,-10,49,Normal
2026-02-16 20:33:25.378621,Seoul-dc5f,8,13,Normal
2026-02-16 20:33:26.378621,Seoul-dc5f,10,9,Normal
2026-02-16 20:33:27.378621,Seoul-dc5f,-13,17,Normal
2026-02-16 20:33:28.378621,Seoul-dc5f,23,0,Normal
2026-02-16 20:33:29.378621,Seoul-dc5f,8,94,Normal
2026-02-16 20:33:30.378621,Seoul-dc5f,-28,13,Normal
2026-02-16 20:33:31.378621,Seoul-dc5f,36,76,Normal
2026-02-16 20:33:32.378621,Seoul-dc5f,44,62,Normal
2026-02-16 20:33:33.378621,Seoul-dc5f,-7,18,Normal
2026-02-16 20:33:34.378621,Seoul-dc5f,50,86,Normal
2026-02-16 20:33:35.378621,Seoul-dc5f,34,66,Normal
2026-02-16 20:33:36.378621,Seoul-dc5f,26,38,Normal
2026-02-16 20:33:37.378621,Seoul-dc5f,21,46,Normal
2026-02-16 20:33:38.378621,Seoul-dc5f,8,11,Normal
2026-02-16 20:33:39.378621,Seoul-dc5f,22,70,Normal
2026-02-16 20:33:40.378621,Seoul-dc5f,17,76,Normal
2026-02-16 20:33:41.378621,Seoul-dc5f,41,79,Normal
2026-02-16 20:33:42.378621,Seoul-dc5f,-30,68,Normal
2026-02-16 20:33:43.378621,Seoul-dc5f,41,100,Normal
2026-02-16 20:33:44.378621,Seoul-dc5f,9,85,Normal
2026-02-16 20:33:45.378621,Seoul-dc5f,32,22,Normal
2026-02-16 20:33:46.378621,Seoul-dc5f,-12,62,Normal
2026-02-16 20:33:47.378621,Seoul-dc5f,-27,32,Normal
2026-02-16 20:33:48.378621,Seoul-dc5f,46,84,Normal
2026-02-16 20:33:49.378621,Seoul-dc5f,5,17,Normal
2026-02-16 20:33:50.378621,Seoul-dc5f,2,96,Normal
2026-02-16 20:33:51.378621,Seoul-dc5f,22,31,Normal
2026-02-16 20:33:52.378621,Seoul-dc5f,-9,59,Normal
2026-02-16 20:33:53.378621,Seoul-dc5f,3,64,Normal
2026-02-16 20:33:54.378621,Seoul-dc5f,14,30,Normal
2026-02-16 20:33:55.378621,Seoul-dc5f,0,33,Normal
2026-02-16 20:33:56.378621,Seoul-dc5f,-19,80,Normal
2026-02-16 20:33:57.378621,Seoul-dc5f,32,16,Normal
2026-02-16 20:33:58.378621,Seoul-dc5f,43,44,Normal
2026-02-16 20:33:59.378621,Seoul-dc5f,28,15,Normal
2026-02-16 20:34:00.378621,Seoul-dc5f,41,24,Normal
2026-02-16 20:34:01.378621,Seoul-dc5f,-20,13,Normal
2026-02-16 20:34:02.378621,Seoul-dc5f,35,79,Normal
2026-02-16 20:34:03.378621,Seoul-dc5f,24,53,Normal
2026-02-16 20:34:04.378621,Seoul-dc5f,-17,77,Normal
2026-02-16 20:34:05.378621,Seoul-dc5f,23,30,Normal
2026-02-16 20:34:06.378621,Seoul-dc5f,-18,36,Normal
2026-02-16 20:34:07.378621,Seoul-dc5f,6,34,Normal
2026-02-16 20:34:08.378621,Seoul-dc5f,27,89,Normal
2026-02-16 20:34:09.378621,Seoul-dc5f,-16,50,Normal
2026-02-16 20:34:10.378621,Seoul-dc5f,-14,76,Normal
2026-02-16 20:34:11.378621,Seoul-dc5f,-22,75,Normal
2026-02-16 20:34:12.378621,Seoul-dc5f,17,9,Normal
2026-02-16 20:34:13.378621,Seoul-dc5f,39,64,Normal
2026-02-16 20:34:14.378621,Seoul-dc5f,-27,36,Normal
2026-02-16 20:34:15.378621,Seoul-dc5f,8,3,Normal
2026-02-16 20:34:16.378621,Seoul-dc5f,31,90,Normal
2026-02-16 20:34:17.378621,Seoul-dc5f,-24,91,Normal
2026-02-16 20:34:18.378621,Seoul-dc5f,38,67,Normal
2026-02-16 20:34:19.378621,Seoul-dc5f,46,24,Normal
2026-02-16 20:34:20.378621,Seoul-dc5f,-21,95,Normal
2026-02-16 20:34:21.378621,Seoul-dc5f,38,71,Normal
2026-02-16 20:34:22.378621,Seoul-dc5f,29,45,Normal
2026-02-16 20:34:23.378621,Seoul-dc5f,17,72,Normal
2026-02-16 20:34:24.378621,Seoul-dc5f,35,13,Normal
2026-02-16 20:34:25.378621,Seoul-dc5f,9,75,Normal
2026-02-16 20:34:26.378621,Seoul-dc5f,40,24,Normal
2026-02-16 20:34:27.378621,Seoul-dc5f,37,2,Normal
2026-02-16 20:34:28.378621,Seoul-dc5f,15,0,Normal
2026-02-16 20:34:29.378621,Seoul-dc5f,-24,18,Normal
2026-02-16 20:34:30.378621,Seoul-dc5f,14,92,Normal
2026-02-16 20:34:31.378621,Seoul-dc5f,-7,21,Normal
2026-02-16 20:34:32.378621,Seoul-dc5f,3,34,Normal
2026-02-16 20:34:33.378621,Seoul-dc5f,24,23,Normal
2026-02-16 20:34:34.378621,Seoul-dc5f,-25,47,Normal
2026-02-16 20:34:35.378621,Seoul-dc5f,48,38,Normal
2026-02-16 20:34:36.378621,Seoul-dc5f,-13,10,Normal
2026-02-16 20:34:37.378621,Seoul-dc5f,36,9,Normal
2026-02-16 20:34:38.378621,Seoul-dc5f,23,47,Normal
2026-02-16 20:34:39.378621,Seoul-dc5f,20,93,Normal
2026-02-16 20:34:40.378621,Seoul-dc5f,-25,5,Normal
2026-02-16 20:34:41.378621,Seoul-dc5f,-9,25,Normal
2026-02-16 20:34:42.378621,Seoul-dc5f,43,83,Normal
2026-02-16 20:34:43.378621,Seoul-dc5f,-1,4,Normal
2026-02-16 20:34:44.378621,Seoul-dc5f,7,1,Normal
2026-02-16 20:34:45.378621,Seoul-dc5f,-16,79,Normal
2026-02-16 20:34:46.378621,Seoul-dc5f,11,79,Normal
2026-02-16 20:34:47.378621,Seoul-dc5f,15,64,Normal
2026-02-16 20:34:48.378621,Seoul-dc5f,41,29,Normal
2026-02-16 20:34:49.378621,Seoul-dc5f,10,69,Normal
2026-02-16 20:34:50.378621,Seoul-dc5f,11,83,Normal
2026-02-16 20:34:51.378621,Seoul-dc5f,34,37,Normal
2026-02-16 20:34:52.378621,Seoul-dc5f,-13,26,Normal
2026-02-16 20:34:53.378621,Seoul-dc5f,13,61,Normal
2026-02-16 20:34:54.378621,Seoul-dc5f,-19,88,Normal
2026-02-16 20:34:55.378621,Seoul-dc5f,46,32,Normal
2026-02-16 20:34:56.378621,Seoul-dc5f,22,61,Normal
2026-02-16 20:34:57.378621,Seoul-dc5f,50,80,Normal
2026-02-16 20:34:58.378621,Seoul-dc5f,18,16,Normal
2026-02-16 20:34:59.378621,Seoul-dc5f,20,42,Normal
2026-02-16 20:35:00.378621,Seoul-dc5f,-16,47,Normal
2026-02-16 20:35:01.378621,Seoul-dc5f,13,54,Normal
2026-02-16 20:35:02.378621,Seoul-dc5f,31,86,Normal
2026-02-16 20:35:03.378621,Seoul-dc5f,30,48,Normal
2026-02-16 20:35:04.378621,Seoul-dc5f,22,70,Normal
2026-02-16 20:35:05.378621,Seoul-dc5f,27,96,Normal
2026-02-16 20:35:06.378621,Seoul-dc5f,38,70,Normal
2026-02-16 20:35:07.378621,Seoul-dc5f,-13,97,Normal
2026-02-16 20:35:08.378621,Seoul-dc5f,-7,67,Normal
2026-02-16 20:35:09.378621,Seoul-dc5f,-12,17,Normal
2026-02-16 20:35:10.378621,Seoul-dc5f,34,35,Normal
2026-02-16 20:35:11.378621,Seoul-dc5f,42,62,Normal
2026-02-16 20:35:12.378621,Seoul-dc5f,-6,60,Normal
2026-02-16 20:35:13.378621,Seoul-dc5f,31,66,Normal
2026-02-16 20:35:14.378621,Seoul-dc5f,11,45,Normal
2026-02-16 20:35:15.378621,Seoul-dc5f,27,56,Normal
2026-02-16 20:35:16.378621,Seoul-dc5f,-28,88,Normal
2026-02-16 20:35:17.378621,Seoul-dc5f,44,87,Normal
2026-02-16 20:35:18.378621,Seoul-dc5f,-26,34,Normal
2026-02-16 20:35:19.378621,Seoul-dc5f,40,35,Normal
2026-02-16 20:35:20.378621,Seoul-dc5f,-19,99,Normal
2026-02-16 20:35:21.378621,Seoul-dc5f,-23,16,Normal
2026-02-16 20:35:22.378621,Seoul-dc5f,-24,41,Normal
2026-02-16 20:35:23.378621,Seoul-dc5f,-19,91,Normal
2026-02-16 20:35:24.378621,Seoul-dc5f,-9,67,Normal
2026-02-16 20:35:25.378621,Seoul-dc5f,24,0,Normal
2026-02-16 20:35:26.378621,Seoul-dc5f,8,31,Normal
2026-02-16 20:35:27.378621,Seoul-dc5f,41,78,Normal
2026-02-16 20:35:28.378621,Seoul-dc5f,43,25,Normal
2026-02-16 20:35:29.378621,Seoul-dc5f,28,2,Normal
2026-02-16 20:35:30.378621,Seoul-dc5f,6,51,Normal
2026-02-16 20:35:31.378621,Seoul-dc5f,16,52,Normal
2026-02-16 20:35:32.378621,Seoul-dc5f,-10,72,Normal
2026-02-16 20:35:33.378621,Seoul-dc5f,-5,33,Normal
2026-02-16 20:35:34.378621,Seoul-dc5f,8,17,Normal
2026-02-16 20:35:35.378621,Seoul-dc5f,21,21,Normal
2026-02-16 20:35:36.378621,Seoul-dc5f,21,19,Normal
2026-02-16 20:35:37.378621,Seoul-dc5f,39,54,Normal
2026-02-16 20:35:38.378621,Seoul-dc5f,-29,83,Normal
2026-02-16 20:35:39.378621,Seoul-dc5f,26,11,Normal
2026-02-16 20:35:40.378621,Seoul-dc5f,-19,48,Normal
2026-02-16 20:35:41.378621,Seoul-dc5f,35,23,Normal
2026-02-16 20:35:42.378621,Seoul-dc5f,-21,10,Normal
2026-02-16 20:35:43.378621,Seoul-dc5f,-13,85,Normal
2026-02-16 20:35:44.378621,Seoul-dc5f,-17,31,Normal
2026-02-16 20:35:45.378621,Seoul-dc5f,28,17,Normal
2026-02-16 20:35:46.378621,Seoul-dc5f,3,63,Normal
2026-02-16 20:35:47.378621,Seoul-dc5f,29,22,Normal
2026-02-16 20:35:48.378621,Seoul-dc5f,33,78,Normal
2026-02-16 20:35:49.378621,Seoul-dc5f,-30,31,Normal
2026-02-16 20:35:50.378621,Seoul-dc5f,-4,55,Normal
2026-02-16 20:35:51.378621,Seoul-dc5f,50,87,Normal
2026-02-16 20:35:52.378621,Seoul-dc5f,-21,47,Normal
2026-02-16 20:35:53.378621,Seoul-dc5f,48,88,Normal
2026-02-16 20:35:54.378621,Seoul-dc5f,50,78,Normal
2026-02-16 20:35:55.378621,Seoul-dc5f,5,32,Normal
2026-02-16 20:35:56.378621,Seoul-dc5f,47,10,Normal
2026-02-16 20:35:57.378621,Seoul-dc5f,-15,5,Normal
2026-02-16 20:35:58.378621,Seoul-dc5f,36,99,Normal
2026-02-16 20:35:59.378621,Seoul-dc5f,27,5,Normal
2026-02-16 20:36:00.378621,Seoul-dc5f,48,86,Normal
2026-02-16 20:36:01.378621,Seoul-dc5f,-13,30,Normal
2026-02-16 20:36:02.378621,Seoul-dc5f,31,14,Normal
2026-02-16 20:36:03.378621,Seoul-dc5f,-30,62,Normal
2026-02-16 20:36:04.378621,Seoul-dc5f,-28,5,Normal
2026-02-16 20:36:05.378621,Seoul-dc5f,2,37,Normal
2026-02-16 20:36:06.378621,Seoul-dc5f,14,20,Normal
2026-02-16 20:36:07.378621,Seoul-dc5f,44,84,Normal
2026-02-16 20:36:08.378621,Seoul-dc5f,28,39,Normal
2026-02-16 20:36:09.378621,Seoul-dc5f,-20,62,Normal
2026-02-16 20:36:10.378621,Seoul-dc5f,50,33,Normal
2026-02-16 20:36:11.378621,Seoul-dc5f,-18,69,Normal
2026-02-16 20:36:12.378621,Seoul-dc5f,2,58,Normal
2026-02-16 20:36:13.378621,Seoul-dc5f,47,75,Normal
2026-02-16 20:36:14.378621,Seoul-dc5f,1,1,Normal
2026-02-16 20:36:15.378621,Seoul-dc5f,7,26,Normal
2026-02-16 20:36:16.378621,Seoul-dc5f,-5,57,Normal
2026-02-16 20:36:17.378621,Seoul-dc5f,16,55,Normal
2026-02-16 20:36:18.378621,Seoul-dc5f,29,30,Normal
2026-02-16 20:36:19.378621,Seoul-dc5f,-21,32,Normal
2026-02-16 20:36:20.378621,Seoul-dc5f,33,20,Normal
2026-02-16 20:36:21.378621,Seoul-dc5f,16,90,Normal
2026-02-16 20:36:22.378621,Seoul-dc5f,-6,54,Normal
2026-02-16 20:36:23.378621,Seoul-dc5f,26,98,Normal
2026-02-16 20:36:24.378621,Seoul-dc5f,34,40,Normal
2026-02-16 20:36:25.378621,Seoul-dc5f,4,77,Normal
2026-02-16 20:36:26.378621,Seoul-dc5f,-21,51,Normal
2026-02-16 20:36:27.378621,Seoul-dc5f,24,80,Normal
2026-02-16 20:36:28.378621,Seoul-dc5f,33,82,Normal
2026-02-16 20:36:29.378621,Seoul-dc5f,34,9,Normal
2026-02-16 20:36:30.378621,Seoul-dc5f,12,86,Normal
2026-02-16 20:36:31.378621,Seoul-dc5f,42,30,Normal
2026-02-16 20:36:32.378621,Seoul-dc5f,34,52,Normal
2026-02-16 20:36:33.378621,Seoul-dc5f,-3,21,Normal
2026-02-16 20:36:34.378621,Seoul-dc5f,-23,14,Normal
2026-02-16 20:36:35.378621,Seoul-dc5f,33,27,Normal
2026-02-16 20:36:36.378621,Seoul-dc5f,9,58,Normal
2026-02-16 20:36:37.378621,Seoul-dc5f,1,83,Normal
2026-02-16 20:36:38.378621,Seoul-dc5f,41,9,Normal
2026-02-16 20:36:39.378621,Seoul-dc5f,19,68,Normal
2026-02-16 20:36:40.378621,Seoul-dc5f,8,46,Normal
2026-02-16 20:36:41.378621,Seoul-dc5f,12,5,Normal
2026-02-16 20:36:42.378621,Seoul-dc5f,50,6,Normal
2026-02-16 20:36:43.378621,Seoul-dc5f,49,67,Normal
2026-02-16 20:36:44.378621,Seoul-dc5f,20,93,Normal
2026-02-16 20:36:45.378621,Seoul-dc5f,31,88,Normal
2026-02-16 20:36:46.378621,Seoul-dc5f,45,16,Normal
2026-02-16 20:36:47.378621,Seoul-dc5f,3,58,Normal
2026-02-16 20:36:48.378621,Seoul-dc5f,32,4,Normal
2026-02-16 20:36:49.378621,Seoul-dc5f,50,59,Normal
2026-02-16 20:36:50.378621,Seoul-dc5f,3,65,Normal
2026-02-16 20:36:51.378621,Seoul-dc5f,-6,58,Normal
2026-02-16 20:36:52.378621,Seoul-dc5f,-20,51,Normal
2026-02-16 20:36:53.378621,Seoul-dc5f,6,81,Normal
2026-02-16 20:36:54.378621,Seoul-dc5f,-13,59,Normal
2026-02-16 20:36:55.378621,Seoul-dc5f,-14,72,Normal
2026-02-16 20:36:56.378621,Seoul-dc5f,-11,38,Normal
2026-02-16 20:36:57.378621,Seoul-dc5f,42,22,Normal
2026-02-16 20:36:58.378621,Seoul-dc5f,22,28,Normal
2026-02-16 20:36:59.378621,Seoul-dc5f,-7,88,Normal
2026-02-16 20:37:00.378621,Seoul-dc5f,-20,30,Normal
2026-02-16 20:37:01.378621,Seoul-dc5f,27,96,Normal
2026-02-16 20:37:02.378621,Seoul-dc5f,1,83,Normal
2026-02-16 20:37:03.378621,Seoul-dc5f,18,43,Normal
2026-02-16 20:37:04.378621,Seoul-dc5f,27,52,Normal
2026-02-16 20:37:05.378621,Seoul-dc5f,20,57,Normal
2026-02-16 20:37:06.378621,Seoul-dc5f,-18,33,Normal
2026-02-16 20:37:07.378621,Seoul-dc5f,-21,73,Normal
2026-02-16 20:37:08.378621,Seoul-dc5f,36,21,Normal
2026-02-16 20:37:09.378621,Seoul-dc5f,-17,72,Normal
2026-02-16 20:37:10.378621,Seoul-dc5f,42,20,Normal
2026-02-16 20:37:11.378621,Seoul-dc5f,18,50,Normal
2026-02-16 20:37:12.378621,Seoul-dc5f,42,79,Normal
2026-02-16 20:37:13.378621,Seoul-dc5f,-25,32,Normal
2026-02-16 20:37:14.378621,Seoul-dc5f,-7,86,Normal
2026-02-16 20:37:15.378621,Seoul-dc5f,7,54,Normal
2026-02-16 20:37:16.378621,Seoul-dc5f,-26,58,Normal
2026-02-16 20:37:17.378621,Seoul-dc5f,-15,46,Normal
2026-02-16 20:37:18.378621,Seoul-dc5f,-27,22,Normal
2026-02-16 20:37:19.378621,Seoul-dc5f,-1,39,Normal
2026-02-16 20:37:20.378621,Seoul-dc5f,39,43,Normal
2026-02-16 20:37:21.378621,Seoul-dc5f,-12,18,Normal
2026-02-16 20:37:22.378621,Seoul-dc5f,41,100,Normal
2026-02-16 20:37:23.378621,Seoul-dc5f,49,32,Normal
2026-02-16 20:37:24.378621,Seoul-dc5f,13,0,Normal
2026-02-16 20:37:25.378621,Seoul-dc5f,-10,70,Normal
2026-02-16 20:37:26.378621,Seoul-dc5f,31,80,Normal
2026-02-16 20:37:27.378621,Seoul-dc5f,4,29,Normal
2026-02-16 20:37:28.378621,Seoul-dc5f,-18,28,Normal
2026-02-16 20:37:29.378621,Seoul-dc5f,42,40,Normal
2026-02-16 20:37:30.378621,Seoul-dc5f,-12,99,Normal
2026-02-16 20:37:31.378621,Seoul-dc5f,44,49,Normal
2026-02-16 20:37:32.378621,Seoul-dc5f,49,22,Normal
2026-02-16 20:37:33.378621,Seoul-dc5f,48,53,Normal
2026-02-16 20:37:34.378621,Seoul-dc5f,-9,65,Normal
2026-02-16 20:37:35.378621,Seoul-dc5f,-4,90,Normal
2026-02-16 20:37:36.378621,Seoul-dc5f,-22,48,Normal
2026-02-16 20:37:37.378621,Seoul-dc5f,-18,70,Normal
2026-02-16 20:37:38.378621,Seoul-dc5f,34,68,Normal
2026-02-16 20:37:39.378621,Seoul-dc5f,42,50,Normal
2026-02-16 20:37:40.378621,Seoul-dc5f,11,27,Normal
2026-02-16 20:37:41.378621,Seoul-dc5f,-17,5,Normal
2026-02-16 20:37:42.378621,Seoul-dc5f,24,74,Normal
2026-02-16 20:37:43.378621,Seoul-dc5f,31,72,Normal
2026-02-16 20:37:44.378621,Seoul-dc5f,8,11,Normal
2026-02-16 20:37:45.378621,Seoul-dc5f,-29,95,Normal
2026-02-16 20:37:46.378621,Seoul-dc5f,-19,52,Normal
2026-02-16 20:37:47.378621,Seoul-dc5f,-23,9,Normal
2026-02-16 20:37:48.378621,Seoul-dc5f,12,31,Normal
2026-02-16 20:37:49.378621,Seoul-dc5f,11,68,Normal
2026-02-16 20:37:50.378621,Seoul-dc5f,-20,68,Normal
2026-02-16 20:37:51.378621,Seoul-dc5f,3,74,Normal
2026-02-16 20:37:52.378621,Seoul-dc5f,-2,92,Normal
2026-02-16 20:37:53.378621,Seoul-dc5f,-8,57,Normal
2026-02-16 20:37:54.378621,Seoul-dc5f,-11,29,Normal
2026-02-16 20:37:55.378621,Seoul-dc5f,10,30,Normal
2026-02-16 20:37:56.378621,Seoul-dc5f,10,78,Normal
2026-02-16 20:37:57.378621,Seoul-dc5f,-12,59,Normal
2026-02-16 20:37:58.378621,Seoul-dc5f,10,98,Normal
2026-02-16 20:37:59.378621,Seoul-dc5f,-24,22,Normal
2026-02-16 20:38:00.378621,Seoul-dc5f,17,96,Normal
2026-02-16 20:38:01.378621,Seoul-dc5f,-20,59,Normal
2026-02-16 20:38:02.378621,Seoul-dc5f,29,63,Normal
2026-02-16 20:38:03.378621,Seoul-dc5f,14,100,Normal
2026-02-16 20:38:04.378621,Seoul-dc5f,28,34,Normal
2026-02-16 20:38:05.378621,Seoul-dc5f,9,16,Normal
2026-02-16 20:38:06.378621,Seoul-dc5f,20,79,Normal
2026-02-16 20:38:07.378621,Seoul-dc5f,22,31,Normal
2026-02-16 20:38:08.378621,Seoul-dc5f,-25,46,Normal
2026-02-16 20:38:09.378621,Seoul-dc5f,47,17,Normal
2026-02-16 20:38:10.378621,Seoul-dc5f,45,90,Normal
2026-02-16 20:38:11.378621,Seoul-dc5f,46,21,Normal
2026-02-16 20:38:12.378621,Seoul-dc5f,19,30,Normal
2026-02-16 20:38:13.378621,Seoul-dc5f,-27,39,Normal
2026-02-16 20:38:14.378621,Seoul-dc5f,14,62,Normal
2026-02-16 20:38:15.378621,Seoul-dc5f,35,48,Normal
2026-02-16 20:38:16.378621,Seoul-dc5f,-10,84,Normal
2026-02-16 20:38:17.378621,Seoul-dc5f,7,73,Normal
2026-02-16 20:38:18.378621,Seoul-dc5f,27,0,Normal
2026-02-16 20:38:19.378621,Seoul-dc5f,47,73,Normal
2026-02-16 20:38:20.378621,Seoul-dc5f,45,57,Normal
2026-02-16 20:38:21.378621,Seoul-dc5f,-20,13,Normal
2026-02-16 20:38:22.378621,Seoul-dc5f,-26,75,Normal
2026-02-16 20:38:23.378621,Seoul-dc5f,-4,35,Normal
2026-02-16 20:38:24.378621,Seoul-dc5f,50,71,Normal
2026-02-16 20:38:25.378621,Seoul-dc5f,29,5,Normal
2026-02-16 20:38:26.378621,Seoul-dc5f,39,36,Normal
2026-02-16 20:38:27.378621,Seoul-dc5f,41,53,Normal
2026-02-16 20:38:28.378621,Seoul-dc5f,-18,52,Normal
2026-02-16 20:38:29.378621,Seoul-dc5f,-10,51,Normal
2026-02-16 20:38:30.378621,Seoul-dc5f,-28,95,Normal
2026-02-16 20:38:31.378621,Seoul-dc5f,14,16,Normal
2026-02-16 20:38:32.378621,Seoul-dc5f,-25,46,Normal
2026-02-16 20:38:33.378621,Seoul-dc5f,-29,31,Normal
2026-02-16 20:38:34.378621,Seoul-dc5f,0,97,Normal
2026-02-16 20:38:35.378621,Seoul-dc5f,-23,27,Normal
2026-02-16 20:38:36.378621,Seoul-dc5f,44,18,Normal
2026-02-16 20:38:37.378621,Seoul-dc5f,35,8,Normal
2026-02-16 20:38:38.378621,Seoul-dc5f,32,22,Normal
2026-02-16 20:38:39.378621,Seoul-dc5f,18,15,Normal
2026-02-16 20:38:40.378621,Seoul-dc5f,-20,56,Normal
2026-02-16 20:38:41.378621,Seoul-dc5f,-18,64,Normal
2026-02-16 20:38:42.378621,Seoul-dc5f,-3,32,Normal
2026-02-16 20:38:43.378621,Seoul-dc5f,-18,90,Normal
2026-02-16 20:38:44.378621,Seoul-dc5f,40,78,Normal
2026-02-16 20:38:45.378621,Seoul-dc5f,-12,41,Normal
2026-02-16 20:38:46.378621,Seoul-dc5f,-3,8,Normal
2026-02-16 20:38:47.378621,Seoul-dc5f,21,9,Normal
2026-02-16 20:38:48.378621,Seoul-dc5f,5,88,Normal
2026-02-16 20:38:49.378621,Seoul-dc5f,-4,11,Normal
2026-02-16 20:38:50.378621,Seoul-dc5f,9,18,Normal
2026-02-16 20:38:51.378621,Seoul-dc5f,6,39,Normal
2026-02-16 20:38:52.378621,Seoul-dc5f,-29,9,Normal
2026-02-16 20:38:53.378621,Seoul-dc5f,-12,43,Normal
2026-02-16 20:38:54.378621,Seoul-dc5f,-25,77,Normal
2026-02-16 20:38:55.378621,Seoul-dc5f,17,84,Normal
2026-02-16 20:38:56.378621,Seoul-dc5f,19,21,Normal
2026-02-16 20:38:57.378621,Seoul-dc5f,35,37,Normal
2026-02-16 20:38:58.378621,Seoul-dc5f,1,77,Normal
2026-02-16 20:38:59.378621,Seoul-dc5f,-6,75,Normal
2026-02-16 20:39:00.378621,Seoul-dc5f,-20,31,Normal
2026-02-16 20:39:01.378621,Seoul-dc5f,-16,76,Normal
2026-02-16 20:39:02.378621,Seoul-dc5f,-30,28,Normal
2026-02-16 20:39:03.378621,Seoul-dc5f,25,82,Normal
2026-02-16 20:39:04.378621,Seoul-dc5f,-7,18,Normal
2026-02-16 20:39:05.378621,Seoul-dc5f,-18,34,Normal
2026-02-16 20:39:06.378621,Seoul-dc5f,45,19,Normal
2026-02-16 20:39:07.378621,Seoul-dc5f,-10,53,Normal
2026-02-16 20:39:08.378621,Seoul-dc5f,-1,57,Normal
2026-02-16 20:39:09.378621,Seoul-dc5f,39,17,Normal
2026-02-16 20:39:10.378621,Seoul-dc5f,23,76,Normal
2026-02-16 20:39:11.378621,Seoul-dc5f,5,93,Normal
2026-02-16 20:39:12.378621,Seoul-dc5f,-13,4,Normal
2026-02-16 20:39:13.378621,Seoul-dc5f,-19,77,Normal
2026-02-16 20:39:14.378621,Seoul-dc5f,13,94,Normal
2026-02-16 20:39:15.378621,Seoul-dc5f,49,91,Normal
2026-02-16 20:39:16.378621,Seoul-dc5f,46,96,Normal
2026-02-16 20:39:17.378621,Seoul-dc5f,-24,83,Normal
2026-02-16 20:39:18.378621,Seoul-dc5f,10,90,Normal
2026-02-16 20:39:19.378621,Seoul-dc5f,38,63,Normal
2026-02-16 20:39:20.378621,Seoul-dc5f,0,62,Normal
2026-02-16 20:39:21.378621,Seoul-dc5f,46,8,Normal
2026-02-16 20:39:22.378621,Seoul-dc5f,39,22,Normal
2026-02-16 20:39:23.378621,Seoul-dc5f,3,44,Normal
2026-02-16 20:39:24.378621,Seoul-dc5f,46,15,Normal
2026-02-16 20:39:25.378621,Seoul-dc5f,3,63,Normal
2026-02-16 20:39:26.378621,Seoul-dc5f,-7,42,Normal
2026-02-16 20:39:27.378621,Seoul-dc5f,35,45,Normal
2026-02-16 20:39:28.378621,Seoul-dc5f,8,45,Normal
2026-02-16 20:39:29.378621,Seoul-dc5f,47,37,Normal
2026-02-16 20:39:30.378621,Seoul-dc5f,-17,11,Normal
2026-02-16 20:39:31.378621,Seoul-dc5f,3,39,Normal
2026-02-16 20:39:32.378621,Seoul-dc5f,11,71,Normal
2026-02-16 20:39:33.378621,Seoul-dc5f,-3,7,Normal
2026-02-16 20:39:34.378621,Seoul-dc5f,50,10,Normal
2026-02-16 20:39:35.378621,Seoul-dc5f,-9,72,Normal
2026-02-16 20:39:36.378621,Seoul-dc5f,-25,66,Normal
2026-02-16 20:39:37.378621,Seoul-dc5f,-3,33,Normal
2026-02-16 20:39:38.378621,Seoul-dc5f,-11,66,Normal
2026-02-16 20:39:39.378621,Seoul-dc5f,13,1,Normal
2026-02-16 20:39:40.378621,Seoul-dc5f,-7,57,Normal
2026-02-16 20:39:41.378621,Seoul-dc5f,16,27,Normal
2026-02-16 20:39:42.378621,Seoul-dc5f,-20,81,Normal
2026-02-16 20:39:43.378621,Seoul-dc5f,43,19,Normal
2026-02-16 20:39:44.378621,Seoul-dc5f,26,97,Normal
2026-02-16 20:39:45.378621,Seoul-dc5f,47,66,Normal
2026-02-16 20:39:46.378621,Seoul-dc5f,3,8,Normal
2026-02-16 20:39:47.378621,Seoul-dc5f,-28,42,Normal
2026-02-16 20:39:48.378621,Seoul-dc5f,13,75,Normal
2026-02-16 20:39:49.378621,Seoul-dc5f,-8,42,Normal
2026-02-16 20:39:50.378621,Seoul-dc5f,32,36,Normal
2026-02-16 20:39:51.378621,Seoul-dc5f,41,78,Normal
2026-02-16 20:39:52.378621,Seoul-dc5f,2,12,Normal
2026-02-16 20:39:53.378621,Seoul-dc5f,10,86,Normal
2026-02-16 20:39:54.378621,Seoul-dc5f,-30,96,Normal
2026-02-16 20:39:55.378621,Seoul-dc5f,30,54,Normal
2026-02-16 20:39:56.378621,Seoul-dc5f,-30,52,Normal
2026-02-16 20:39:57.378621,Seoul-dc5f,-28,6,Normal
2026-02-16 20:39:58.378621,Seoul-dc5f,34,56,Normal
2026-02-16 20:39:59.378621,Seoul-dc5f,14,17,Normal
2026-02-16 20:40:00.378621,Seoul-dc5f,-22,96,Normal
2026-02-16 20:40:01.378621,Seoul-dc5f,-20,93,Normal
2026-02-16 20:40:02.378621,Seoul-dc5f,-29,49,Normal
2026-02-16 20:40:03.378621,Seoul-dc5f,12,0,Normal
2026-02-16 20:40:04.378621,Seoul-dc5f,26,8,Normal
2026-02-16 20:40:05.378621,Seoul-dc5f,-30,61,Normal
2026-02-16 20:40:06.378621,Seoul-dc5f,1,78,Normal
2026-02-16 20:40:07.378621,Seoul-dc5f,-26,91,Normal
2026-02-16 20:40:08.378621,Seoul-dc5f,40,76,Normal
2026-02-16 20:40:09.378621,Seoul-dc5f,-14,16,Normal
2026-02-16 20:40:10.378621,Seoul-dc5f,15,55,Normal
2026-02-16 20:40:11.378621,Seoul-dc5f,-3,0,Normal
2026-02-16 20:40:12.378621,Seoul-dc5f,19,84,Normal
2026-02-16 20:40:13.378621,Seoul-dc5f,-19,42,Normal
2026-02-16 20:40:14.378621,Seoul-dc5f,3,73,Normal
2026-02-16 20:40:15.378621,Seoul-dc5f,-20,71,Normal
2026-02-16 20:40:16.378621,Seoul-dc5f,32,38,Normal
2026-02-16 20:40:17.378621,Seoul-dc5f,15,74,Normal
2026-02-16 20:40:18.378621,Seoul-dc5f,-5,16,Normal
2026-02-16 20:40:19.378621,Seoul-dc5f,-5,80,Normal
2026-02-16 20:40:20.378621,Seoul-dc5f,-5,5,Normal
2026-02-16 20:40:21.378621,Seoul-dc5f,0,82,Normal
2026-02-16 20:40:22.378621,Seoul-dc5f,1,30,Normal
2026-02-16 20:40:23.378621,Seoul-dc5f,22,57,Normal
2026-02-16 20:40:24.378621,Seoul-dc5f,32,35,Normal
2026-02-16 20:40:25.378621,Seoul-dc5f,3,18,Normal
2026-02-16 20:40:26.378621,Seoul-dc5f,2,0,Normal
2026-02-16 20:40:27.378621,Seoul-dc5f,-9,50,Normal
2026-02-16 20:40:28.378621,Seoul-dc5f,-12,27,Normal
2026-02-16 20:40:29.378621,Seoul-dc5f,17,45,Normal
2026-02-16 20:40:30.378621,Seoul-dc5f,17,3,Normal
2026-02-16 20:40:31.378621,Seoul-dc5f,-6,36,Normal
2026-02-16 20:40:32.378621,Seoul-dc5f,37,57,Normal
2026-02-16 20:40:33.378621,Seoul-dc5f,-18,1,Normal
2026-02-16 20:40:34.378621,Seoul-dc5f,48,64,Normal
2026-02-16 20:40:35.378621,Seoul-dc5f,-26,12,Normal
2026-02-16 20:40:36.378621,Seoul-dc5f,20,93,Normal
2026-02-16 20:40:37.378621,Seoul-dc5f,-4,32,Normal
2026-02-16 20:40:38.378621,Seoul-dc5f,15,64,Normal
2026-02-16 20:40:39.378621,Seoul-dc5f,5,38,Normal
2026-02-16 20:40:40.378621,Seoul-dc5f,12,1,Normal
2026-02-16 20:40:41.378621,Seoul-dc5f,17,3,Normal
2026-02-16 20:40:42.378621,Seoul-dc5f,-6,35,Normal
2026-02-16 20:40:43.378621,Seoul-dc5f,4,69,Normal
2026-02-16 20:40:44.378621,Seoul-dc5f,-19,44,Normal
2026-02-16 20:40:45.378621,Seoul-dc5f,-14,18,Normal
2026-02-16 20:40:46.378621,Seoul-dc5f,-11,82,Normal
2026-02-16 20:40:47.378621,Seoul-dc5f,44,43,Normal
2026-02-16 20:40:48.378621,Seoul-dc5f,11,20,Normal
2026-02-16 20:40:49.378621,Seoul-dc5f,0,44,Normal
2026-02-16 20:40:50.378621,Seoul-dc5f,7,20,Normal
2026-02-16 20:40:51.378621,Seoul-dc5f,45,8,Normal
2026-02-16 20:40:52.378621,Seoul-dc5f,-9,18,Normal
2026-02-16 20:40:53.378621,Seoul-dc5f,19,100,Normal
2026-02-16 20:40:54.378621,Seoul-dc5f,21,2,Normal
2026-02-16 20:40:55.378621,Seoul-dc5f,4,64,Normal
2026-02-16 20:40:56.378621,Seoul-dc5f,48,27,Normal
2026-02-16 20:40:57.378621,Seoul-dc5f,32,65,Normal
2026-02-16 20:40:58.378621,Seoul-dc5f,-23,36,Normal
2026-02-16 20:40:59.378621,Seoul-dc5f,-24,92,Normal
2026-02-16 20:41:00.378621,Seoul-dc5f,25,20,Normal
2026-02-16 20:41:01.378621,Seoul-dc5f,30,32,Normal
2026-02-16 20:41:02.378621,Seoul-dc5f,-28,47,Normal
2026-02-16 20:41:03.378621,Seoul-dc5f,38,54,Normal
2026-02-16 20:41:04.378621,Seoul-dc5f,-13,62,Normal
2026-02-16 20:41:05.378621,Seoul-dc5f,-24,10,Normal
2026-02-16 20:41:06.378621,Seoul-dc5f,-5,60,Normal
2026-02-16 20:41:07.378621,Seoul-dc5f,-20,24,Normal
2026-02-16 20:41:08.378621,Seoul-dc5f,13,51,Normal
2026-02-16 20:41:09.378621,Seoul-dc5f,24,0,Normal
2026-02-16 20:41:10.378621,Seoul-dc5f,11,81,Normal
2026-02-16 20:41:11.378621,Seoul-dc5f,46,20,Normal
2026-02-16 20:41:12.378621,Seoul-dc5f,37,25,Normal
2026-02-16 20:41:13.378621,Seoul-dc5f,-19,64,Normal
2026-02-16 20:41:14.378621,Seoul-dc5f,-18,14,Normal
2026-02-16 20:41:15.378621,Seoul-dc5f,43,3,Normal
2026-02-16 20:41:16.378621,Seoul-dc5f,22,42,Normal
2026-02-16 20:41:17.378621,Seoul-dc5f,-8,17,Normal
2026-02-16 20:41:18.378621,Seoul-dc5f,19,17,Normal
2026-02-16 20:41:19.378621,Seoul-dc5f,24,52,Normal
2026-02-16 20:41:20.378621,Seoul-dc5f,-29,7,Normal
2026-02-16 20:41:21.378621,Seoul-dc5f,20,37,Normal
2026-02-16 20:41:22.378621,Seoul-dc5f,-14,15,Normal
2026-02-16 20:41:23.378621,Seoul-dc5f,35,4,Normal
2026-02-16 20:41:24.378621,Seoul-dc5f,30,50,Normal
2026-02-16 20:41:25.378621,Seoul-dc5f,15,32,Normal
2026-02-16 20:41:26.378621,Seoul-dc5f,-4,97,Normal
2026-02-16 20:41:27.378621,Seoul-dc5f,44,64,Normal
2026-02-16 20:41:28.378621,Seoul-dc5f,34,86,Normal
2026-02-16 20:41:29.378621,Seoul-dc5f,-4,26,Normal
2026-02-16 20:41:30.378621,Seoul-dc5f,7,39,Normal
2026-02-16 20:41:31.378621,Seoul-dc5f,-30,70,Normal
2026-02-16 20:41:32.378621,Seoul-dc5f,16,28,Normal
2026-02-16 20:41:33.378621,Seoul-dc5f,10,26,Normal
2026-02-16 20:41:34.378621,Seoul-dc5f,14,14,Normal
2026-02-16 20:41:35.378621,Seoul-dc5f,7,99,Normal
2026-02-16 20:41:36.378621,Seoul-dc5f,-29,57,Normal
2026-02-16 20:41:37.378621,Seoul-dc5f,36,66,Normal
2026-02-16 20:41:38.378621,Seoul-dc5f,42,88,Normal
2026-02-16 20:41:39.378621,Seoul-dc5f,-3,17,Normal
2026-02-16 20:41:40.378621,Seoul-dc5f,42,6,Normal
2026-02-16 20:41:41.378621,Seoul-dc5f,-21,90,Normal
2026-02-16 20:41:42.378621,Seoul-dc5f,17,8,Normal
2026-02-16 20:41:43.378621,Seoul-dc5f,-3,27,Normal
2026-02-16 20:41:44.378621,Seoul-dc5f,15,57,Normal
2026-02-16 20:41:45.378621,Seoul-dc5f,-8,12,Normal
2026-02-16 20:41:46.378621,Seoul-dc5f,50,34,Normal
2026-02-16 20:41:47.378621,Seoul-dc5f,-16,74,Normal
2026-02-16 20:41:48.378621,Seoul-dc5f,-10,0,Normal
2026-02-16 20:41:49.378621,Seoul-dc5f,-3,44,Normal
2026-02-16 20:41:50.378621,Seoul-dc5f,1,28,Normal
2026-02-16 20:41:51.378621,Seoul-dc5f,33,93,Normal
2026-02-16 20:41:52.378621,Seoul-dc5f,-4,62,Normal
2026-02-16 20:41:53.378621,Seoul-dc5f,3,91,Normal
2026-02-16 20:41:54.378621,Seoul-dc5f,17,30,Normal
2026-02-16 20:41:55.378621,Seoul-dc5f,28,39,Normal
2026-02-16 20:41:56.378621,Seoul-dc5f,44,33,Normal
2026-02-16 20:41:57.378621,Seoul-dc5f,23,0,Normal
2026-02-16 20:41:58.378621,Seoul-dc5f,50,21,Normal
2026-02-16 20:41:59.378621,Seoul-dc5f,-29,34,Normal
2026-02-16 20:42:00.378621,Seoul-dc5f,45,90,Normal
2026-02-16 20:42:01.378621,Seoul-dc5f,26,27,Normal
2026-02-16 20:42:02.378621,Seoul-dc5f,-28,95,Normal
2026-02-16 20:42:03.378621,Seoul-dc5f,-10,47,Normal
2026-02-16 20:42:04.378621,Seoul-dc5f,44,90,Normal
2026-02-16 20:42:05.378621,Seoul-dc5f,-27,71,Normal
2026-02-16 20:42:06.378621,Seoul-dc5f,4,11,Normal
2026-02-16 20:42:07.378621,Seoul-dc5f,29,38,Normal
2026-02-16 20:42:08.378621,Seoul-dc5f,-12,30,Normal
2026-02-16 20:42:09.378621,Seoul-dc5f,26,37,Normal
2026-02-16 20:42:10.378621,Seoul-dc5f,34,60,Normal
2026-02-16 20:42:11.378621,Seoul-dc5f,18,58,Normal
2026-02-16 20:42:12.378621,Seoul-dc5f,-9,57,Normal
2026-02-16 20:42:13.378621,Seoul-dc5f,32,15,Normal
2026-02-16 20:42:14.378621,Seoul-dc5f,6,46,Normal
2026-02-16 20:42:15.378621,Seoul-dc5f,26,85,Normal
2026-02-16 20:42:16.378621,Seoul-dc5f,17,53,Normal
2026-02-16 20:42:17.378621,Seoul-dc5f,19,78,Normal
2026-02-16 20:42:18.378621,Seoul-dc5f,-29,82,Normal
2026-02-16 20:42:19.378621,Seoul-dc5f,26,10,Normal
2026-02-16 20:42:20.378621,Seoul-dc5f,33,39,Normal
2026-02-16 20:42:21.378621,Seoul-dc5f,-16,37,Normal
2026-02-16 20:42:22.378621,Seoul-dc5f,-12,46,Normal
2026-02-16 20:42:23.378621,Seoul-dc5f,19,72,Normal
2026-02-16 20:42:24.378621,Seoul-dc5f,37,94,Normal
2026-02-16 20:42:25.378621,Seoul-dc5f,1,7,Normal
2026-02-16 20:42:26.378621,Seoul-dc5f,2,9,Normal
2026-02-16 20:42:27.378621,Seoul-dc5f,-7,71,Normal
2026-02-16 20:42:28.378621,Seoul-dc5f,17,77,Normal
2026-02-16 20:42:29.378621,Seoul-dc5f,-23,48,Normal
2026-02-16 20:42:30.378621,Seoul-dc5f,-9,0,Normal
2026-02-16 20:42:31.378621,Seoul-dc5f,9,25,Normal
2026-02-16 20:42:32.378621,Seoul-dc5f,6,63,Normal
2026-02-16 20:42:33.378621,Seoul-dc5f,15,68,Normal
2026-02-16 20:42:34.378621,Seoul-dc5f,34,79,Normal
2026-02-16 20:42:35.378621,Seoul-dc5f,47,40,Normal
2026-02-16 20:42:36.378621,Seoul-dc5f,29,36,Normal
2026-02-16 20:42:37.378621,Seoul-dc5f,34,18,Normal
2026-02-16 20:42:38.378621,Seoul-dc5f,27,84,Normal
2026-02-16 20:42:39.378621,Seoul-dc5f,28,43,Normal
2026-02-16 20:42:40.378621,Seoul-dc5f,-2,96,Normal
2026-02-16 20:42:41.378621,Seoul-dc5f,-28,68,Normal
2026-02-16 20:42:42.378621,Seoul-dc5f,18,59,Normal
2026-02-16 20:42:43.378621,Seoul-dc5f,17,75,Normal
2026-02-16 20:42:44.378621,Seoul-dc5f,-14,3,Normal
2026-02-16 20:42:45.378621,Seoul-dc5f,-28,35,Normal
2026-02-16 20:42:46.378621,Seoul-dc5f,-22,26,Normal
2026-02-16 20:42:47.378621,Seoul-dc5f,-10,78,Normal
2026-02-16 20:42:48.378621,Seoul-dc5f,13,6,Normal
2026-02-16 20:42:49.378621,Seoul-dc5f,-9,4,Normal
2026-02-16 20:42:50.378621,Seoul-dc5f,-21,32,Normal
2026-02-16 20:42:51.378621,Seoul-dc5f,-25,47,Normal
2026-02-16 20:42:52.378621,Seoul-dc5f,6,66,Normal
2026-02-16 20:42:53.378621,Seoul-dc5f,30,91,Normal
2026-02-16 20:42:54.378621,Seoul-dc5f,30,3,Normal
2026-02-16 20:42:55.378621,Seoul-dc5f,15,0,Normal
2026-02-16 20:42:56.378621,Seoul-dc5f,3,56,Normal
2026-02-16 20:42:57.378621,Seoul-dc5f,0,12,Normal
2026-02-16 20:42:58.378621,Seoul-dc5f,45,86,Normal
2026-02-16 20:42:59.378621,Seoul-dc5f,-14,9,Normal
2026-02-16 20:43:00.378621,Seoul-dc5f,1,78,Normal
2026-02-16 20:43:01.378621,Seoul-dc5f,2,6,Normal
2026-02-16 20:43:02.378621,Seoul-dc5f,7,17,Normal
2026-02-16 20:43:03.378621,Seoul-dc5f,45,17,Normal
2026-02-16 20:43:04.378621,Seoul-dc5f,24,68,Normal
2026-02-16 20:43:05.378621,Seoul-dc5f,-19,57,Normal
2026-02-16 20:43:06.378621,Seoul-dc5f,10,41,Normal
2026-02-16 20:43:07.378621,Seoul-dc5f,29,46,Normal
2026-02-16 20:43:08.378621,Seoul-dc5f,41,76,Normal
2026-02-16 20:43:09.378621,Seoul-dc5f,35,62,Normal
2026-02-16 20:43:10.378621,Seoul-dc5f,29,36,Normal
2026-02-16 20:43:11.378621,Seoul-dc5f,-14,85,Normal
2026-02-16 20:43:12.378621,Seoul-dc5f,8,21,Normal
2026-02-16 20:43:13.378621,Seoul-dc5f,3,91,Normal
2026-02-16 20:43:14.378621,Seoul-dc5f,19,99,Normal
2026-02-16 20:43:15.378621,Seoul-dc5f,-29,3,Normal
2026-02-16 20:43:16.378621,Seoul-dc5f,-27,47,Normal
2026-02-16 20:43:17.378621,Seoul-dc5f,37,57,Normal
2026-02-16 20:43:18.378621,Seoul-dc5f,25,30,Normal
2026-02-16 20:43:19.378621,Seoul-dc5f,31,97,Normal
2026-02-16 20:43:20.378621,Seoul-dc5f,9,50,Normal
2026-02-16 20:43:21.378621,Seoul-dc5f,6,37,Normal
2026-02-16 20:43:22.378621,Seoul-dc5f,23,74,Normal
2026-02-16 20:43:23.378621,Seoul-dc5f,25,55,Normal
2026-02-16 20:43:24.378621,Seoul-dc5f,-8,58,Normal
2026-02-16 20:43:25.378621,Seoul-dc5f,-21,18,Normal
2026-02-16 20:43:26.378621,Seoul-dc5f,-13,38,Normal
2026-02-16 20:43:27.378621,Seoul-dc5f,-4,9,Normal
2026-02-16 20:43:28.378621,Seoul-dc5f,-15,92,Normal
2026-02-16 20:43:29.378621,Seoul-dc5f,-20,60,Normal
2026-02-16 20:43:30.378621,Seoul-dc5f,-27,21,Normal
2026-02-16 20:43:31.378621,Seoul-dc5f,-19,34,Normal
2026-02-16 20:43:32.378621,Seoul-dc5f,32,87,Normal
2026-02-16 20:43:33.378621,Seoul-dc5f,-1,79,Normal
2026-02-16 20:43:34.378621,Seoul-dc5f,31,5,Normal
2026-02-16 20:43:35.378621,Seoul-dc5f,17,25,Normal
2026-02-16 20:43:36.378621,Seoul-dc5f,28,37,Normal
2026-02-16 20:43:37.378621,Seoul-dc5f,-6,10,Normal
2026-02-16 20:43:38.378621,Seoul-dc5f,14,5,Normal
2026-02-16 20:43:39.378621,Seoul-dc5f,-11,32,Normal
2026-02-16 20:43:40.378621,Seoul-dc5f,27,80,Normal
2026-02-16 20:43:41.378621,Seoul-dc5f,46,32,Normal
2026-02-16 20:43:42.378621,Seoul-dc5f,-29,46,Normal
2026-02-16 20:43:43.378621,Seoul-dc5f,-6,49,Normal
2026-02-16 20:43:44.378621,Seoul-dc5f,20,83,Normal
2026-02-16 20:43:45.378621,Seoul-dc5f,9,91,Normal
2026-02-16 20:43:46.378621,Seoul-dc5f,3,86,Normal
2026-02-16 20:43:47.378621,Seoul-dc5f,-16,26,Normal
2026-02-16 20:43:48.378621,Seoul-dc5f,7,64,Normal
2026-02-16 20:43:49.378621,Seoul-dc5f,-20,20,Normal
2026-02-16 20:43:50.378621,Seoul-dc5f,-15,13,Normal
2026-02-16 20:43:51.378621,Seoul-dc5f,38,78,Normal
2026-02-16 20:43:52.378621,Seoul-dc5f,6,66,Normal
2026-02-16 20:43:53.378621,Seoul-dc5f,40,28,Normal
2026-02-16 20:43:54.378621,Seoul-dc5f,-8,62,Normal
2026-02-16 20:43:55.378621,Seoul-dc5f,28,52,Normal
2026-02-16 20:43:56.378621,Seoul-dc5f,18,54,Normal
2026-02-16 20:43:57.378621,Seoul-dc5f,10,53,Normal
2026-02-16 20:43:58.378621,Seoul-dc5f,42,68,Normal
2026-02-16 20:43:59.378621,Seoul-dc5f,2,14,Normal
2026-02-16 20:44:00.378621,Seoul-dc5f,4,47,Normal
2026-02-16 20:44:01.378621,Seoul-dc5f,35,39,Normal
2026-02-16 20:44:02.378621,Seoul-dc5f,-26,48,Normal
2026-02-16 20:44:03.378621,Seoul-dc5f,-16,85,Normal
2026-02-16 20:44:04.378621,Seoul-dc5f,12,33,Normal
2026-02-16 20:44:05.378621,Seoul-dc5f,26,87,Normal
2026-02-16 20:44:06.378621,Seoul-dc5f,1,63,Normal
2026-02-16 20:44:07.378621,Seoul-dc5f,18,78,Normal
2026-02-16 20:44:08.378621,Seoul-dc5f,-6,70,Normal
2026-02-16 20:44:09.378621,Seoul-dc5f,-18,88,Normal
2026-02-16 20:44:10.378621,Seoul-dc5f,-10,82,Normal
2026-02-16 20:44:11.378621,Seoul-dc5f,-12,12,Normal
2026-02-16 20:44:12.378621,Seoul-dc5f,11,37,Normal
2026-02-16 20:44:13.378621,Seoul-dc5f,12,83,Normal
2026-02-16 20:44:14.378621,Seoul-dc5f,28,33,Normal
2026-02-16 20:44:15.378621,Seoul-dc5f,28,100,Normal
2026-02-16 20:44:16.378621,Seoul-dc5f,-25,73,Normal
2026-02-16 20:44:17.378621,Seoul-dc5f,37,30,Normal
2026-02-16 20:44:18.378621,Seoul-dc5f,-17,72,Normal
2026-02-16 20:44:19.378621,Seoul-dc5f,21,35,Normal
2026-02-16 20:44:20.378621,Seoul-dc5f,-5,9,Normal
2026-02-16 20:44:21.378621,Seoul-dc5f,27,4,Normal
2026-02-16 20:44:22.378621,Seoul-dc5f,-2,35,Normal
2026-02-16 20:44:23.378621,Seoul-dc5f,-23,97,Normal
2026-02-16 20:44:24.378621,Seoul-dc5f,1,27,Normal
2026-02-16 20:44:25.378621,Seoul-dc5f,46,86,Normal
2026-02-16 20:44:26.378621,Seoul-dc5f,-19,6,Normal
2026-02-16 20:44:27.378621,Seoul-dc5f,46,74,Normal
2026-02-16 20:44:28.378621,Seoul-dc5f,39,60,Normal
2026-02-16 20:44:29.378621,Seoul-dc5f,5,35,Normal
2026-02-16 20:44:30.378621,Seoul-dc5f,-18,29,Normal
2026-02-16 20:44:31.378621,Seoul-dc5f,14,49,Normal
2026-02-16 20:44:32.378621,Seoul-dc5f,50,57,Normal
2026-02-16 20:44:33.378621,Seoul-dc5f,10,24,Normal
2026-02-16 20:44:34.378621,Seoul-dc5f,-24,16,Normal
2026-02-16 20:44:35.378621,Seoul-dc5f,-7,37,Normal
2026-02-16 20:44:36.378621,Seoul-dc5f,-11,57,Normal
2026-02-16 20:44:37.378621,Seoul-dc5f,-4,22,Normal
2026-02-16 20:44:38.378621,Seoul-dc5f,11,63,Normal
2026-02-16 20:44:39.378621,Seoul-dc5f,-6,30,Normal
2026-02-16 20:44:40.378621,Seoul-dc5f,9,72,Normal
2026-02-16 20:44:41.378621,Seoul-dc5f,-22,55,Normal
2026-02-16 20:44:42.378621,Seoul-dc5f,11,44,Normal
2026-02-16 20:44:43.378621,Seoul-dc5f,25,81,Normal
2026-02-16 20:44:44.378621,Seoul-dc5f,-4,25,Normal
2026-02-16 20:44:45.378621,Seoul-dc5f,-25,3,Normal
2026-02-16 20:44:46.378621,Seoul-dc5f,21,18,Normal
2026-02-16 20:44:47.378621,Seoul-dc5f,-20,92,Normal
2026-02-16 20:44:48.378621,Seoul-dc5f,25,82,Normal
2026-02-16 20:44:49.378621,Seoul-dc5f,-25,60,Normal
2026-02-16 20:44:50.378621,Seoul-dc5f,-10,29,Normal
2026-02-16 20:44:51.378621,Seoul-dc5f,-14,31,Normal
2026-02-16 20:44:52.378621,Seoul-dc5f,38,94,Normal
2026-02-16 20:44:53.378621,Seoul-dc5f,14,44,Normal
2026-02-16 20:44:54.378621,Seoul-dc5f,37,65,Normal
2026-02-16 20:44:55.378621,Seoul-dc5f,27,2,Normal
2026-02-16 20:44:56.378621,Seoul-dc5f,36,88,Normal
2026-02-16 20:44:57.378621,Seoul-dc5f,17,44,Normal
2026-02-16 20:44:58.378621,Seoul-dc5f,35,86,Normal
2026-02-16 20:44:59.378621,Seoul-dc5f,3,62,Normal
2026-02-16 20:45:00.378621,Seoul-dc5f,5,4,Normal
2026-02-16 20:45:01.378621,Seoul-dc5f,-30,29,Normal
2026-02-16 20:45:02.378621,Seoul-dc5f,-30,48,Normal
2026-02-16 20:45:03.378621,Seoul-dc5f,43,90,Normal
2026-02-16 20:45:04.378621,Seoul-dc5f,15,43,Normal
2026-02-16 20:45:05.378621,Seoul-dc5f,44,18,Normal
2026-02-16 20:45:06.378621,Seoul-dc5f,17,56,Normal
2026-02-16 20:45:07.378621,Seoul-dc5f,7,34,Normal
2026-02-16 20:45:08.378621,Seoul-dc5f,-6,85,Normal
2026-02-16 20:45:09.378621,Seoul-dc5f,40,83,Normal
2026-02-16 20:45:10.378621,Seoul-dc5f,-2,8,Normal
2026-02-16 20:45:11.378621,Seoul-dc5f,0,51,Normal
2026-02-16 20:45:12.378621,Seoul-dc5f,-7,5,Normal
2026-02-16 20:45:13.378621,Seoul-dc5f,2,95,Normal
2026-02-16 20:45:14.378621,Seoul-dc5f,3,96,Normal
2026-02-16 20:45:15.378621,Seoul-dc5f,33,42,Normal
2026-02-16 20:45:16.378621,Seoul-dc5f,19,95,Normal
2026-02-16 20:45:17.378621,Seoul-dc5f,-7,30,Normal
2026-02-16 20:45:18.378621,Seoul-dc5f,8,93,Normal
2026-02-16 20:45:19.378621,Seoul-dc5f,-28,70,Normal
2026-02-16 20:45:20.378621,Seoul-dc5f,-17,1,Normal
2026-02-16 20:45:21.378621,Seoul-dc5f,38,24,Normal
2026-02-16 20:45:22.378621,Seoul-dc5f,2,46,Normal
2026-02-16 20:45:23.378621,Seoul-dc5f,13,39,Normal
2026-02-16 20:45:24.378621,Seoul-dc5f,39,66,Normal
2026-02-16 20:45:25.378621,Seoul-dc5f,-25,84,Normal
2026-02-16 20:45:26.378621,Seoul-dc5f,-20,17,Normal
2026-02-16 20:45:27.378621,Seoul-dc5f,16,99,Normal
2026-02-16 20:45:28.378621,Seoul-dc5f,46,91,Normal
2026-02-16 20:45:29.378621,Seoul-dc5f,-28,34,Normal
2026-02-16 20:45:30.378621,Seoul-dc5f,-2,93,Normal
2026-02-16 20:45:31.378621,Seoul-dc5f,8,54,Normal
2026-02-16 20:45:32.378621,Seoul-dc5f,31,60,Normal
2026-02-16 20:45:33.378621,Seoul-dc5f,14,30,Normal
2026-02-16 20:45:34.378621,Seoul-dc5f,19,93,Normal
2026-02-16 20:45:35.378621,Seoul-dc5f,25,41,Normal
2026-02-16 20:45:36.378621,Seoul-dc5f,24,77,Normal
2026-02-16 20:45:37.378621,Seoul-dc5f,26,6,Normal
2026-02-16 20:45:38.378621,Seoul-dc5f,40,42,Normal
2026-02-16 20:45:39.378621,Seoul-dc5f,-15,49,Normal
2026-02-16 20:45:40.378621,Seoul-dc5f,1,31,Normal
2026-02-16 20:45:41.378621,Seoul-dc5f,-27,27,Normal
2026-02-16 20:45:42.378621,Seoul-dc5f,-6,24,Normal
2026-02-16 20:45:43.378621,Seoul-dc5f,-2,47,Normal
2026-02-16 20:45:44.378621,Seoul-dc5f,19,85,Normal
2026-02-16 20:45:45.378621,Seoul-dc5f,36,46,Normal
2026-02-16 20:45:46.378621,Seoul-dc5f,-16,11,Normal
2026-02-16 20:45:47.378621,Seoul-dc5f,-28,45,Normal
2026-02-16 20:45:48.378621,Seoul-dc5f,9,45,Normal
2026-02-16 20:45:49.378621,Seoul-dc5f,35,41,Normal
2026-02-16 20:45:50.378621,Seoul-dc5f,33,91,Normal
2026-02-16 20:45:51.378621,Seoul-dc5f,48,68,Normal
2026-02-16 20:45:52.378621,Seoul-dc5f,38,68,Normal
2026-02-16 20:45:53.378621,Seoul-dc5f,50,47,Normal
2026-02-16 20:45:54.378621,Seoul-dc5f,-27,74,Normal
2026-02-16 20:45:55.378621,Seoul-dc5f,21,94,Normal
2026-02-16 20:45:56.378621,Seoul-dc5f,3,89,Normal
2026-02-16 20:45:57.378621,Seoul-dc5f,-23,67,Normal
2026-02-16 20:45:58.378621,Seoul-dc5f,4,38,Normal
2026-02-16 20:45:59.378621,Seoul-dc5f,-23,7,Normal
2026-02-16 20:46:00.378621,Seoul-dc5f,-9,19,Normal
2026-02-16 20:46:01.378621,Seoul-dc5f,-30,97,Normal
2026-02-16 20:46:02.378621,Seoul-dc5f,45,34,Normal
2026-02-16 20:46:03.378621,Seoul-dc5f,41,9,Normal
2026-02-16 20:46:04.378621,Seoul-dc5f,36,2,Normal
2026-02-16 20:46:05.378621,Seoul-dc5f,37,13,Normal
2026-02-16 20:46:06.378621,Seoul-dc5f,-9,85,Normal
2026-02-16 20:46:07.378621,Seoul-dc5f,28,94,Normal
2026-02-16 20:46:08.378621,Seoul-dc5f,-21,89,Normal
2026-02-16 20:46:09.378621,Seoul-dc5f,-16,99,Normal
2026-02-16 20:46:10.378621,Seoul-dc5f,12,54,Normal
2026-02-16 20:46:11.378621,Seoul-dc5f,-11,53,Normal
2026-02-16 20:46:12.378621,Seoul-dc5f,39,66,Normal
2026-02-16 20:46:13.378621,Seoul-dc5f,12,87,Normal
2026-02-16 20:46:14.378621,Seoul-dc5f,26,94,Normal
2026-02-16 20:46:15.378621,Seoul-dc5f,36,34,Normal
2026-02-16 20:46:16.378621,Seoul-dc5f,32,39,Normal
2026-02-16 20:46:17.378621,Seoul-dc5f,0,11,Normal
2026-02-16 20:46:18.378621,Seoul-dc5f,-3,8,Normal
2026-02-16 20:46:19.378621,Seoul-dc5f,2,93,Normal
2026-02-16 20:46:20.378621,Seoul-dc5f,-18,38,Normal
2026-02-16 20:46:21.378621,Seoul-dc5f,44,2,Normal
2026-02-16 20:46:22.378621,Seoul-dc5f,25,72,Normal
2026-02-16 20:46:23.378621,Seoul-dc5f,-19,88,Normal
2026-02-16 20:46:24.378621,Seoul-dc5f,16,71,Normal
2026-02-16 20:46:25.378621,Seoul-dc5f,13,22,Normal
2026-02-16 20:46:26.378621,Seoul-dc5f,-27,75,Normal
2026-02-16 20:46:27.378621,Seoul-dc5f,44,26,Normal
2026-02-16 20:46:28.378621,Seoul-dc5f,-7,47,Normal
2026-02-16 20:46:29.378621,Seoul-dc5f,34,56,Normal
2026-02-16 20:46:30.378621,Seoul-dc5f,-11,71,Normal
2026-02-16 20:46:31.378621,Seoul-dc5f,-8,24,Normal
2026-02-16 20:46:32.378621,Seoul-dc5f,19,34,Normal
2026-02-16 20:46:33.378621,Seoul-dc5f,11,92,Normal
2026-02-16 20:46:34.378621,Seoul-dc5f,-1,73,Normal
2026-02-16 20:46:35.378621,Seoul-dc5f,49,72,Normal
2026-02-16 20:46:36.378621,Seoul-dc5f,-12,43,Normal
2026-02-16 20:46:37.378621,Seoul-dc5f,-18,71,Normal
2026-02-16 20:46:38.378621,Seoul-dc5f,34,7,Normal
2026-02-16 20:46:39.378621,Seoul-dc5f,19,15,Normal
2026-02-16 20:46:40.378621,Seoul-dc5f,41,82,Normal
2026-02-16 20:46:41.378621,Seoul-dc5f,39,51,Normal
2026-02-16 20:46:42.378621,Seoul-dc5f,39,10,Normal
2026-02-16 20:46:43.378621,Seoul-dc5f,-13,43,Normal
2026-02-16 20:46:44.378621,Seoul-dc5f,-23,0,Normal
2026-02-16 20:46:45.378621,Seoul-dc5f,30,75,Normal
2026-02-16 20:46:46.378621,Seoul-dc5f,-1,45,Normal
2026-02-16 20:46:47.378621,Seoul-dc5f,-10,27,Normal
2026-02-16 20:46:48.378621,Seoul-dc5f,17,5,Normal
2026-02-16 20:46:49.378621,Seoul-dc5f,36,88,Normal
2026-02-16 20:46:50.378621,Seoul-dc5f,-22,95,Normal
2026-02-16 20:46:51.378621,Seoul-dc5f,39,8,Normal
2026-02-16 20:46:52.378621,Seoul-dc5f,-4,47,Normal
2026-02-16 20:46:53.378621,Seoul-dc5f,1,85,Normal
2026-02-16 20:46:54.378621,Seoul-dc5f,-18,90,Normal
2026-02-16 20:46:55.378621,Seoul-dc5f,48,32,Normal
2026-02-16 20:46:56.378621,Seoul-dc5f,12,78,Normal
2026-02-16 20:46:57.378621,Seoul-dc5f,-28,57,Normal
2026-02-16 20:46:58.378621,Seoul-dc5f,0,10,Normal
2026-02-16 20:46:59.378621,Seoul-dc5f,-21,41,Normal
2026-02-16 20:47:00.378621,Seoul-dc5f,-10,13,Normal
2026-02-16 20:47:01.378621,Seoul-dc5f,7,54,Normal
2026-02-16 20:47:02.378621,Seoul-dc5f,12,45,Normal
2026-02-16 20:47:03.378621,Seoul-dc5f,-22,42,Normal
2026-02-16 20:47:04.378621,Seoul-dc5f,7,93,Normal
2026-02-16 20:47:05.378621,Seoul-dc5f,38,90,Normal
2026-02-16 20:47:06.378621,Seoul-dc5f,-15,58,Normal
2026-02-16 20:47:07.378621,Seoul-dc5f,43,47,Normal
2026-02-16 20:47:08.378621,Seoul-dc5f,33,86,Normal
2026-02-16 20:47:09.378621,Seoul-dc5f,6,47,Normal
2026-02-16 20:47:10.378621,Seoul-dc5f,24,1,Normal
2026-02-16 20:47:11.378621,Seoul-dc5f,38,68,Normal
2026-02-16 20:47:12.378621,Seoul-dc5f,14,82,Normal
2026-02-16 20:47:13.378621,Seoul-dc5f,35,50,Normal
2026-02-16 20:47:14.378621,Seoul-dc5f,-27,84,Normal
2026-02-16 20:47:15.378621,Seoul-dc5f,-2,33,Normal
2026-02-16 20:47:16.378621,Seoul-dc5f,10,34,Normal
2026-02-16 20:47:17.378621,Seoul-dc5f,4,76,Normal
2026-02-16 20:47:18.378621,Seoul-dc5f,15,54,Normal
2026-02-16 20:47:19.378621,Seoul-dc5f,7,43,Normal
2026-02-16 20:47:20.378621,Seoul-dc5f,29,53,Normal
2026-02-16 20:47:21.378621,Seoul-dc5f,8,29,Normal
2026-02-16 20:47:22.378621,Seoul-dc5f,2,95,Normal
2026-02-16 20:47:23.378621,Seoul-dc5f,-3,62,Normal
2026-02-16 20:47:24.378621,Seoul-dc5f,-15,91,Normal
2026-02-16 20:47:25.378621,Seoul-dc5f,27,13,Normal
2026-02-16 20:47:26.378621,Seoul-dc5f,7,60,Normal
2026-02-16 20:47:27.378621,Seoul-dc5f,-3,55,Normal
2026-02-16 20:47:28.378621,Seoul-dc5f,18,22,Normal
2026-02-16 20:47:29.378621,Seoul-dc5f,42,65,Normal
2026-02-16 20:47:30.378621,Seoul-dc5f,30,78,Normal
2026-02-16 20:47:31.378621,Seoul-dc5f,29,82,Normal
2026-02-16 20:47:32.378621,Seoul-dc5f,14,83,Normal
2026-02-16 20:47:33.378621,Seoul-dc5f,-17,40,Normal
2026-02-16 20:47:34.378621,Seoul-dc5f,-5,16,Normal
2026-02-16 20:47:35.378621,Seoul-dc5f,-16,43,Normal
2026-02-16 20:47:36.378621,Seoul-dc5f,41,17,Normal
2026-02-16 20:47:37.378621,Seoul-dc5f,22,46,Normal
2026-02-16 20:47:38.378621,Seoul-dc5f,31,39,Normal
2026-02-16 20:47:39.378621,Seoul-dc5f,0,65,Normal
2026-02-16 20:47:40.378621,Seoul-dc5f,-30,14,Normal
2026-02-16 20:47:41.378621,Seoul-dc5f,40,7,Normal
2026-02-16 20:47:42.378621,Seoul-dc5f,-1,74,Normal
2026-02-16 20:47:43.378621,Seoul-dc5f,3,53,Normal
2026-02-16 20:47:44.378621,Seoul-dc5f,-18,9,Normal
2026-02-16 20:47:45.378621,Seoul-dc5f,3,88,Normal
2026-02-16 20:47:46.378621,Seoul-dc5f,14,14,Normal
2026-02-16 20:47:47.378621,Seoul-dc5f,-4,81,Normal
2026-02-16 20:47:48.378621,Seoul-dc5f,18,9,Normal
2026-02-16 20:47:49.378621,Seoul-dc5f,-25,8,Normal
2026-02-16 20:47:50.378621,Seoul-dc5f,49,100,Normal
2026-02-16 20:47:51.378621,Seoul-dc5f,28,9,Normal
2026-02-16 20:47:52.378621,Seoul-dc5f,-28,18,Normal
2026-02-16 20:47:53.378621,Seoul-dc5f,22,57,Normal
2026-02-16 20:47:54.378621,Seoul-dc5f,42,63,Normal
2026-02-16 20:47:55.378621,Seoul-dc5f,39,50,Normal
2026-02-16 20:47:56.378621,Seoul-dc5f,-22,42,Normal
2026-02-16 20:47:57.378621,Seoul-dc5f,40,37,Normal
2026-02-16 20:47:58.378621,Seoul-dc5f,10,80,Normal
2026-02-16 20:47:59.378621,Seoul-dc5f,14,88,Normal
2026-02-16 20:48:00.378621,Seoul-dc5f,37,49,Normal
2026-02-16 20:48:01.378621,Seoul-dc5f,-12,55,Normal
2026-02-16 20:48:02.378621,Seoul-dc5f,22,34,Normal
2026-02-16 20:48:03.378621,Seoul-dc5f,39,21,Normal
2026-02-16 20:48:04.378621,Seoul-dc5f,12,62,Normal
2026-02-16 20:48:05.378621,Seoul-dc5f,25,61,Normal
2026-02-16 20:48:06.378621,Seoul-dc5f,34,85,Normal
2026-02-16 20:48:07.378621,Seoul-dc5f,41,16,Normal
2026-02-16 20:48:08.378621,Seoul-dc5f,45,79,Normal
2026-02-16 20:48:09.378621,Seoul-dc5f,42,35,Normal
2026-02-16 20:48:10.378621,Seoul-dc5f,1,73,Normal
2026-02-16 20:48:11.378621,Seoul-dc5f,-12,60,Normal
2026-02-16 20:48:12.378621,Seoul-dc5f,32,74,Normal
2026-02-16 20:48:13.378621,Seoul-dc5f,-10,28,Normal
2026-02-16 20:48:14.378621,Seoul-dc5f,40,11,Normal
2026-02-16 20:48:15.378621,Seoul-dc5f,41,59,Normal
2026-02-16 20:48:16.378621,Seoul-dc5f,28,85,Normal
2026-02-16 20:48:17.378621,Seoul-dc5f,-30,8,Normal
2026-02-16 20:48:18.378621,Seoul-dc5f,28,35,Normal
2026-02-16 20:48:19.378621,Seoul-dc5f,-19,35,Normal
2026-02-16 20:48:20.378621,Seoul-dc5f,10,34,Normal
2026-02-16 20:48:21.378621,Seoul-dc5f,-1,98,Normal
2026-02-16 20:48:22.378621,Seoul-dc5f,29,34,Normal
2026-02-16 20:48:23.378621,Seoul-dc5f,14,10,Normal
2026-02-16 20:48:24.378621,Seoul-dc5f,-3,97,Normal
2026-02-16 20:48:25.378621,Seoul-dc5f,-29,64,Normal
2026-02-16 20:48:26.378621,Seoul-dc5f,13,49,Normal
2026-02-16 20:48:27.378621,Seoul-dc5f,44,99,Normal
2026-02-16 20:48:28.378621,Seoul-dc5f,-11,18,Normal
2026-02-16 20:48:29.378621,Seoul-dc5f,-14,72,Normal
2026-02-16 20:48:30.378621,Seoul-dc5f,44,39,Normal
2026-02-16 20:48:31.378621,Seoul-dc5f,44,34,Normal
2026-02-16 20:48:32.378621,Seoul-dc5f,-8,58,Normal
2026-02-16 20:48:33.378621,Seoul-dc5f,47,93,Normal
2026-02-16 20:48:34.378621,Seoul-dc5f,45,40,Normal
2026-02-16 20:48:35.378621,Seoul-dc5f,23,61,Normal
2026-02-16 20:48:36.378621,Seoul-dc5f,35,11,Normal
2026-02-16 20:48:37.378621,Seoul-dc5f,15,56,Normal
2026-02-16 20:48:38.378621,Seoul-dc5f,33,11,Normal
2026-02-16 20:48:39.378621,Seoul-dc5f,28,16,Normal
2026-02-16 20:48:40.378621,Seoul-dc5f,-21,90,Normal
2026-02-16 20:48:41.378621,Seoul-dc5f,-12,94,Normal
2026-02-16 20:48:42.378621,Seoul-dc5f,-29,38,Normal
2026-02-16 20:48:43.378621,Seoul-dc5f,36,4,Normal
2026-02-16 20:48:44.378621,Seoul-dc5f,33,33,Normal
2026-02-16 20:48:45.378621,Seoul-dc5f,31,19,Normal
2026-02-16 20:48:46.378621,Seoul-dc5f,7,32,Normal
2026-02-16 20:48:47.378621,Seoul-dc5f,20,83,Normal
2026-02-16 20:48:48.378621,Seoul-dc5f,-13,45,Normal
2026-02-16 20:48:49.378621,Seoul-dc5f,-7,69,Normal
2026-02-16 20:48:50.378621,Seoul-dc5f,9,97,Normal
2026-02-16 20:48:51.378621,Seoul-dc5f,4,6,Normal
2026-02-16 20:48:52.378621,Seoul-dc5f,-23,45,Normal
2026-02-16 20:48:53.378621,Seoul-dc5f,-11,43,Normal
2026-02-16 20:48:54.378621,Seoul-dc5f,18,46,Normal
2026-02-16 20:48:55.378621,Seoul-dc5f,40,2,Normal
2026-02-16 20:48:56.378621,Seoul-dc5f,-1,17,Normal
2026-02-16 20:48:57.378621,Seoul-dc5f,-1,28,Normal
2026-02-16 20:48:58.378621,Seoul-dc5f,-16,31,Normal
2026-02-16 20:48:59.378621,Seoul-dc5f,8,43,Normal
2026-02-16 20:49:00.378621,Seoul-dc5f,18,81,Normal
2026-02-16 20:49:01.378621,Seoul-dc5f,-24,94,Normal
2026-02-16 20:49:02.378621,Seoul-dc5f,-4,61,Normal
2026-02-16 20:49:03.378621,Seoul-dc5f,46,54,Normal
2026-02-16 20:49:04.378621,Seoul-dc5f,12,21,Normal
2026-02-16 20:49:05.378621,Seoul-dc5f,29,16,Normal
2026-02-16 20:49:06.378621,Seoul-dc5f,0,7,Normal
2026-02-16 20:49:07.378621,Seoul-dc5f,-20,52,Normal
2026-02-16 20:49:08.378621,Seoul-dc5f,37,58,Normal
2026-02-16 20:49:09.378621,Seoul-dc5f,32,75,Normal
2026-02-16 20:49:10.378621,Seoul-dc5f,-26,28,Normal
2026-02-16 20:49:11.378621,Seoul-dc5f,21,58,Normal
2026-02-16 20:49:12.378621,Seoul-dc5f,-14,28,Normal
2026-02-16 20:49:13.378621,Seoul-dc5f,-14,72,Normal
2026-02-16 20:49:14.378621,Seoul-dc5f,-3,76,Normal
2026-02-16 20:49:15.378621,Seoul-dc5f,29,24,Normal
2026-02-16 20:49:16.378621,Seoul-dc5f,17,18,Normal
2026-02-16 20:49:17.378621,Seoul-dc5f,35,78,Normal
2026-02-16 20:49:18.378621,Seoul-dc5f,-16,4,Normal
2026-02-16 20:49:19.378621,Seoul-dc5f,32,85,Normal
2026-02-16 20:49:20.378621,Seoul-dc5f,35,63,Normal
2026-02-16 20:49:21.378621,Seoul-dc5f,2,44,Normal
2026-02-16 20:49:22.378621,Seoul-dc5f,30,8,Normal
2026-02-16 20:49:23.378621,Seoul-dc5f,-17,82,Normal
2026-02-16 20:49:24.378621,Seoul-dc5f,-16,10,Normal
2026-02-16 20:49:25.378621,Seoul-dc5f,47,29,Normal
2026-02-16 20:49:26.378621,Seoul-dc5f,25,0,Normal
2026-02-16 20:49:27.378621,Seoul-dc5f,32,36,Normal
2026-02-16 20:49:28.378621,Seoul-dc5f,35,95,Normal
2026-02-16 20:49:29.378621,Seoul-dc5f,-21,47,Normal
2026-02-16 20:49:30.378621,Seoul-dc5f,45,71,Normal
2026-02-16 20:49:31.378621,Seoul-dc5f,48,18,Normal
2026-02-16 20:49:32.378621,Seoul-dc5f,26,89,Normal
2026-02-16 20:49:33.378621,Seoul-dc5f,18,39,Normal
2026-02-16 20:49:34.378621,Seoul-dc5f,-23,51,Normal
2026-02-16 20:49:35.378621,Seoul-dc5f,-27,95,Normal
2026-02-16 20:49:36.378621,Seoul-dc5f,16,50,Normal
2026-02-16 20:49:37.378621,Seoul-dc5f,15,2,Normal
2026-02-16 20:49:38.378621,Seoul-dc5f,10,36,Normal
2026-02-16 20:49:39.378621,Seoul-dc5f,14,50,Normal
2026-02-16 20:49:40.378621,Seoul-dc5f,27,88,Normal
2026-02-16 20:49:41.378621,Seoul-dc5f,17,26,Normal
2026-02-16 20:49:42.378621,Seoul-dc5f,41,78,Normal
2026-02-16 20:49:43.378621,Seoul-dc5f,-5,39,Normal
2026-02-16 20:49:44.378621,Seoul-dc5f,11,53,Normal
2026-02-16 20:49:45.378621,Seoul-dc5f,27,38,Normal
2026-02-16 20:49:46.378621,Seoul-dc5f,-13,78,Normal
2026-02-16 20:49:47.378621,Seoul-dc5f,-19,93,Normal
2026-02-16 20:49:48.378621,Seoul-dc5f,1,97,Normal
2026-02-16 20:49:49.378621,Seoul-dc5f,5,100,Normal
2026-02-16 20:49:50.378621,Seoul-dc5f,15,82,Normal
2026-02-16 20:49:51.378621,Seoul-dc5f,34,18,Normal
2026-02-16 20:49:52.378621,Seoul-dc5f,17,77,Normal
2026-02-16 20:49:53.378621,Seoul-dc5f,-23,74,Normal
2026-02-16 20:49:54.378621,Seoul-dc5f,37,10,Normal
2026-02-16 20:49:55.378621,Seoul-dc5f,33,98,Normal
2026-02-16 20:49:56.378621,Seoul-dc5f,18,79,Normal
2026-02-16 20:49:57.378621,Seoul-dc5f,35,54,Normal
2026-02-16 20:49:58.378621,Seoul-dc5f,-5,73,Normal
2026-02-16 20:49:59.378621,Seoul-dc5f,-17,42,Normal
2026-02-16 20:50:00.378621,Seoul-dc5f,-21,26,Normal
2026-02-16 20:50:01.378621,Seoul-dc5f,-28,49,Normal
2026-02-16 20:50:02.378621,Seoul-dc5f,-9,48,Normal
2026-02-16 20:50:03.378621,Seoul-dc5f,39,42,Normal
2026-02-16 20:50:04.378621,Seoul-dc5f,-16,0,Normal
2026-02-16 20:50:05.378621,Seoul-dc5f,26,17,Normal
2026-02-16 20:50:06.378621,Seoul-dc5f,18,88,Normal
2026-02-16 20:50:07.378621,Seoul-dc5f,8,3,Normal
2026-02-16 20:50:08.378621,Seoul-dc5f,-7,52,Normal
2026-02-16 20:50:09.378621,Seoul-dc5f,-13,97,Normal
2026-02-16 20:50:10.378621,Seoul-dc5f,-9,38,Normal
2026-02-16 20:50:11.378621,Seoul-dc5f,47,48,Normal
2026-02-16 20:50:12.378621,Seoul-dc5f,18,3,Normal
2026-02-16 20:50:13.378621,Seoul-dc5f,21,43,Normal
2026-02-16 20:50:14.378621,Seoul-dc5f,0,56,Normal
2026-02-16 20:50:15.378621,Seoul-dc5f,4,75,Normal
2026-02-16 20:50:16.378621,Seoul-dc5f,8,49,Normal
2026-02-16 20:50:17.378621,Seoul-dc5f,29,87,Normal
2026-02-16 20:50:18.378621,Seoul-dc5f,28,5,Normal
2026-02-16 20:50:19.378621,Seoul-dc5f,31,40,Normal
2026-02-16 20:50:20.378621,Seoul-dc5f,35,21,Normal
2026-02-16 20:50:21.378621,Seoul-dc5f,41,66,Normal
2026-02-16 20:50:22.378621,Seoul-dc5f,-1,1,Normal
2026-02-16 20:50:23.378621,Seoul-dc5f,44,86,Normal
2026-02-16 20:50:24.378621,Seoul-dc5f,39,34,Normal
2026-02-16 20:50:25.378621,Seoul-dc5f,49,71,Normal
2026-02-16 20:50:26.378621,Seoul-dc5f,-27,2,Normal
2026-02-16 20:50:27.378621,Seoul-dc5f,-29,95,Normal
2026-02-16 20:50:28.378621,Seoul-dc5f,-26,27,Normal
2026-02-16 20:50:29.378621,Seoul-dc5f,45,13,Normal
2026-02-16 20:50:30.378621,Seoul-dc5f,-19,30,Normal
2026-02-16 20:50:31.378621,Seoul-dc5f,37,74,Normal
2026-02-16 20:50:32.378621,Seoul-dc5f,9,73,Normal
2026-02-16 20:50:33.378621,Seoul-dc5f,0,93,Normal
2026-02-16 20:50:34.378621,Seoul-dc5f,33,43,Normal
2026-02-16 20:50:35.378621,Seoul-dc5f,-17,73,Normal
2026-02-16 20:50:36.378621,Seoul-dc5f,-2,89,Normal
2026-02-16 20:50:37.378621,Seoul-dc5f,46,73,Normal
2026-02-16 20:50:38.378621,Seoul-dc5f,-5,70,Normal
2026-02-16 20:50:39.378621,Seoul-dc5f,-21,87,Normal
2026-02-16 20:50:40.378621,Seoul-dc5f,33,41,Normal
2026-02-16 20:50:41.378621,Seoul-dc5f,-12,34,Normal
2026-02-16 20:50:42.378621,Seoul-dc5f,45,95,Normal
2026-02-16 20:50:43.378621,Seoul-dc5f,12,4,Normal
2026-02-16 20:50:44.378621,Seoul-dc5f,-29,12,Normal
2026-02-16 20:50:45.378621,Seoul-dc5f,-29,85,Normal
2026-02-16 20:50:46.378621,Seoul-dc5f,11,78,Normal
2026-02-16 20:50:47.378621,Seoul-dc5f,-6,5,Normal
2026-02-16 20:50:48.378621,Seoul-dc5f,14,25,Normal
2026-02-16 20:50:49.378621,Seoul-dc5f,11,83,Normal
2026-02-16 20:50:50.378621,Seoul-dc5f,-21,43,Normal
2026-02-16 20:50:51.378621,Seoul-dc5f,50,45,Normal
2026-02-16 20:50:52.378621,Seoul-dc5f,-9,63,Normal
2026-02-16 20:50:53.378621,Seoul-dc5f,26,27,Normal
2026-02-16 20:50:54.378621,Seoul-dc5f,46,67,Normal
2026-02-16 20:50:55.378621,Seoul-dc5f,16,64,Normal
2026-02-16 20:50:56.378621,Seoul-dc5f,-21,56,Normal
2026-02-16 20:50:57.378621,Seoul-dc5f,-12,28,Normal
2026-02-16 20:50:58.378621,Seoul-dc5f,-6,44,Normal
2026-02-16 20:50:59.378621,Seoul-dc5f,-23,72,Normal
2026-02-16 20:51:00.378621,Seoul-dc5f,9,84,Normal
2026-02-16 20:51:01.378621,Seoul-dc5f,12,77,Normal
2026-02-16 20:51:02.378621,Seoul-dc5f,-20,16,Normal
2026-02-16 20:51:03.378621,Seoul-dc5f,-28,7,Normal
2026-02-16 20:51:04.378621,Seoul-dc5f,-25,98,Normal
2026-02-16 20:51:05.378621,Seoul-dc5f,10,97,Normal
2026-02-16 20:51:06.378621,Seoul-dc5f,45,39,Normal
2026-02-16 20:51:07.378621,Seoul-dc5f,29,77,Normal
2026-02-16 20:51:08.378621,Seoul-dc5f,-29,16,Normal
2026-02-16 20:51:09.378621,Seoul-dc5f,24,60,Normal
2026-02-16 20:51:10.378621,Seoul-dc5f,-8,26,Normal
2026-02-16 20:51:11.378621,Seoul-dc5f,-10,82,Normal
2026-02-16 20:51:12.378621,Seoul-dc5f,-27,14,Normal
2026-02-16 20:51:13.378621,Seoul-dc5f,-30,88,Normal
2026-02-16 20:51:14.378621,Seoul-dc5f,38,84,Normal
2026-02-16 20:51:15.378621,Seoul-dc5f,12,20,Normal
2026-02-16 20:51:16.378621,Seoul-dc5f,-21,80,Normal
2026-02-16 20:51:17.378621,Seoul-dc5f,-1,7,Normal
2026-02-16 20:51:18.378621,Seoul-dc5f,-23,96,Normal
2026-02-16 20:51:19.378621,Seoul-dc5f,33,62,Normal
2026-02-16 20:51:20.378621,Seoul-dc5f,-16,30,Normal
2026-02-16 20:51:21.378621,Seoul-dc5f,48,41,Normal
2026-02-16 20:51:22.378621,Seoul-dc5f,2,30,Normal
2026-02-16 20:51:23.378621,Seoul-dc5f,3,94,Normal
2026-02-16 20:51:24.378621,Seoul-dc5f,5,31,Normal
2026-02-16 20:51:25.378621,Seoul-dc5f,43,56,Normal
2026-02-16 20:51:26.378621,Seoul-dc5f,13,10,Normal
2026-02-16 20:51:27.378621,Seoul-dc5f,11,65,Normal
2026-02-16 20:51:28.378621,Seoul-dc5f,31,99,Normal
2026-02-16 20:51:29.378621,Seoul-dc5f,0,17,Normal
2026-02-16 20:51:30.378621,Seoul-dc5f,-16,8,Normal
2026-02-16 20:51:31.378621,Seoul-dc5f,-26,91,Normal
2026-02-16 20:51:32.378621,Seoul-dc5f,19,42,Normal
2026-02-16 20:51:33.378621,Seoul-dc5f,27,75,Normal
2026-02-16 20:51:34.378621,Seoul-dc5f,42,58,Normal
2026-02-16 20:51:35.378621,Seoul-dc5f,16,89,Normal
2026-02-16 20:51:36.378621,Seoul-dc5f,-10,50,Normal
2026-02-16 20:51:37.378621,Seoul-dc5f,45,57,Normal
2026-02-16 20:51:38.378621,Seoul-dc5f,29,61,Normal
2026-02-16 20:51:39.378621,Seoul-dc5f,-14,59,Normal
2026-02-16 20:51:40.378621,Seoul-dc5f,0,22,Normal
2026-02-16 20:51:41.378621,Seoul-dc5f,41,3,Normal
2026-02-16 20:51:42.378621,Seoul-dc5f,-11,59,Normal
2026-02-16 20:51:43.378621,Seoul-dc5f,43,100,Normal
2026-02-16 20:51:44.378621,Seoul-dc5f,-27,20,Normal
2026-02-16 20:51:45.378621,Seoul-dc5f,42,47,Normal
2026-02-16 20:51:46.378621,Seoul-dc5f,34,86,Normal
2026-02-16 20:51:47.378621,Seoul-dc5f,-12,70,Normal
2026-02-16 20:51:48.378621,Seoul-dc5f,-12,43,Normal
2026-02-16 20:51:49.378621,Seoul-dc5f,-14,32,Normal
2026-02-16 20:51:50.378621,Seoul-dc5f,19,51,Normal
2026-02-16 20:51:51.378621,Seoul-dc5f,-27,5,Normal
2026-02-16 20:51:52.378621,Seoul-dc5f,-18,37,Normal
2026-02-16 20:51:53.378621,Seoul-dc5f,-19,51,Normal
2026-02-16 20:51:54.378621,Seoul-dc5f,16,65,Normal
2026-02-16 20:51:55.378621,Seoul-dc5f,8,92,Normal
2026-02-16 20:51:56.378621,Seoul-dc5f,-12,15,Normal
2026-02-16 20:51:57.378621,Seoul-dc5f,-28,36,Normal
2026-02-16 20:51:58.378621,Seoul-dc5f,-9,38,Normal
2026-02-16 20:51:59.378621,Seoul-dc5f,22,14,Normal
2026-02-16 20:52:00.378621,Seoul-dc5f,26,68,Normal
2026-02-16 20:52:01.378621,Seoul-dc5f,21,28,Normal
2026-02-16 20:52:02.378621,Seoul-dc5f,-4,50,Normal
2026-02-16 20:52:03.378621,Seoul-dc5f,-3,91,Normal
2026-02-16 20:52:04.378621,Seoul-dc5f,9,51,Normal
2026-02-16 20:52:05.378621,Seoul-dc5f,19,79,Normal
2026-02-16 20:52:06.378621,Seoul-dc5f,42,21,Normal
2026-02-16 20:52:07.378621,Seoul-dc5f,-24,72,Normal
2026-02-16 20:52:08.378621,Seoul-dc5f,50,28,Normal
2026-02-16 20:52:09.378621,Seoul-dc5f,15,32,Normal
2026-02-16 20:52:10.378621,Seoul-dc5f,11,90,Normal
2026-02-16 20:52:11.378621,Seoul-dc5f,7,92,Normal
2026-02-16 20:52:12.378621,Seoul-dc5f,13,62,Normal
2026-02-16 20:52:13.378621,Seoul-dc5f,16,37,Normal
2026-02-16 20:52:14.378621,Seoul-dc5f,-25,55,Normal
2026-02-16 20:52:15.378621,Seoul-dc5f,28,66,Normal
2026-02-16 20:52:16.378621,Seoul-dc5f,34,11,Normal
2026-02-16 20:52:17.378621,Seoul-dc5f,31,58,Normal
2026-02-16 20:52:18.378621,Seoul-dc5f,2,45,Normal
2026-02-16 20:52:19.378621,Seoul-dc5f,31,14,Normal
2026-02-16 20:52:20.378621,Seoul-dc5f,-11,86,Normal
2026-02-16 20:52:21.378621,Seoul-dc5f,2,83,Normal
2026-02-16 20:52:22.378621,Seoul-dc5f,-3,53,Normal
2026-02-16 20:52:23.378621,Seoul-dc5f,10,67,Normal
2026-02-16 20:52:24.378621,Seoul-dc5f,-5,71,Normal
2026-02-16 20:52:25.378621,Seoul-dc5f,41,6,Normal
2026-02-16 20:52:26.378621,Seoul-dc5f,11,80,Normal
2026-02-16 20:52:27.378621,Seoul-dc5f,30,43,Normal
2026-02-16 20:52:28.378621,Seoul-dc5f,-2,93,Normal
2026-02-16 20:52:29.378621,Seoul-dc5f,-18,75,Normal
2026-02-16 20:52:30.378621,Seoul-dc5f,-11,56,Normal
2026-02-16 20:52:31.378621,Seoul-dc5f,-2,54,Normal
2026-02-16 20:52:32.378621,Seoul-dc5f,-20,20,Normal
2026-02-16 20:52:33.378621,Seoul-dc5f,-7,46,Normal
2026-02-16 20:52:34.378621,Seoul-dc5f,-13,10,Normal
2026-02-16 20:52:35.378621,Seoul-dc5f,39,11,Normal
2026-02-16 20:52:36.378621,Seoul-dc5f,5,23,Normal
2026-02-16 20:52:37.378621,Seoul-dc5f,-18,50,Normal
2026-02-16 20:52:38.378621,Seoul-dc5f,-21,75,Normal
2026-02-16 20:52:39.378621,Seoul-dc5f,22,95,Normal
2026-02-16 20:52:40.378621,Seoul-dc5f,47,96,Normal
2026-02-16 20:52:41.378621,Seoul-dc5f,44,36,Normal
2026-02-16 20:52:42.378621,Seoul-dc5f,14,100,Normal
2026-02-16 20:52:43.378621,Seoul-dc5f,-24,89,Normal
2026-02-16 20:52:44.378621,Seoul-dc5f,19,63,Normal
2026-02-16 20:52:45.378621,Seoul-dc5f,47,46,Normal
2026-02-16 20:52:46.378621,Seoul-dc5f,15,64,Normal
2026-02-16 20:52:47.378621,Seoul-dc5f,-25,56,Normal
2026-02-16 20:52:48.378621,Seoul-dc5f,17,1,Normal
2026-02-16 20:52:49.378621,Seoul-dc5f,-1,0,Normal
2026-02-16 20:52:50.378621,Seoul-dc5f,-7,27,Normal
2026-02-16 20:52:51.378621,Seoul-dc5f,-8,49,Normal
2026-02-16 20:52:52.378621,Seoul-dc5f,11,40,Normal
2026-02-16 20:52:53.378621,Seoul-dc5f,19,17,Normal
2026-02-16 20:52:54.378621,Seoul-dc5f,5,18,Normal
2026-02-16 20:52:55.378621,Seoul-dc5f,30,50,Normal
2026-02-16 20:52:56.378621,Seoul-dc5f,-4,88,Normal
2026-02-16 20:52:57.378621,Seoul-dc5f,9,83,Normal
2026-02-16 20:52:58.378621,Seoul-dc5f,21,74,Normal
2026-02-16 20:52:59.378621,Seoul-dc5f,37,75,Normal
2026-02-16 20:53:00.378621,Seoul-dc5f,23,63,Normal
2026-02-16 20:53:01.378621,Seoul-dc5f,46,80,Normal
2026-02-16 20:53:02.378621,Seoul-dc5f,-10,56,Normal
2026-02-16 20:53:03.378621,Seoul-dc5f,4,13,Normal
2026-02-16 20:53:04.378621,Seoul-dc5f,-27,93,Normal
2026-02-16 20:53:05.378621,Seoul-dc5f,-5,42,Normal
2026-02-16 20:53:06.378621,Seoul-dc5f,-13,76,Normal
2026-02-16 20:53:07.378621,Seoul-dc5f,33,10,Normal
2026-02-16 20:53:08.378621,Seoul-dc5f,-28,46,Normal
2026-02-16 20:53:09.378621,Seoul-dc5f,-26,74,Normal
2026-02-16 20:53:10.378621,Seoul-dc5f,0,68,Normal
2026-02-16 20:53:11.378621,Seoul-dc5f,27,6,Normal
2026-02-16 20:53:12.378621,Seoul-dc5f,45,63,Normal
2026-02-16 20:53:13.378621,Seoul-dc5f,35,34,Normal
2026-02-16 20:53:14.378621,Seoul-dc5f,3,26,Normal
2026-02-16 20:53:15.378621,Seoul-dc5f,-2,64,Normal
2026-02-16 20:53:16.378621,Seoul-dc5f,31,71,Normal
2026-02-16 20:53:17.378621,Seoul-dc5f,38,36,Normal
2026-02-16 20:53:18.378621,Seoul-dc5f,-23,62,Normal
2026-02-16 20:53:19.378621,Seoul-dc5f,-30,62,Normal
2026-02-16 20:53:20.378621,Seoul-dc5f,-24,38,Normal
2026-02-16 20:53:21.378621,Seoul-dc5f,-2,66,Normal
2026-02-16 20:53:22.378621,Seoul-dc5f,0,82,Normal
2026-02-16 20:53:23.378621,Seoul-dc5f,19,17,Normal
2026-02-16 20:53:24.378621,Seoul-dc5f,26,68,Normal
2026-02-16 20:53:25.378621,Seoul-dc5f,4,69,Normal
2026-02-16 20:53:26.378621,Seoul-dc5f,20,36,Normal
2026-02-16 20:53:27.378621,Seoul-dc5f,13,74,Normal
2026-02-16 20:53:28.378621,Seoul-dc5f,38,21,Normal
2026-02-16 20:53:29.378621,Seoul-dc5f,-24,43,Normal
2026-02-16 20:53:30.378621,Seoul-dc5f,15,55,Normal
2026-02-16 20:53:31.378621,Seoul-dc5f,12,65,Normal
2026-02-16 20:53:32.378621,Seoul-dc5f,2,95,Normal
2026-02-16 20:53:33.378621,Seoul-dc5f,-20,8,Normal
2026-02-16 20:53:34.378621,Seoul-dc5f,8,62,Normal
2026-02-16 20:53:35.378621,Seoul-dc5f,8,36,Normal
2026-02-16 20:53:36.378621,Seoul-dc5f,-1,59,Normal
2026-02-16 20:53:37.378621,Seoul-dc5f,40,97,Normal
2026-02-16 20:53:38.378621,Seoul-dc5f,-3,60,Normal
2026-02-16 20:53:39.378621,Seoul-dc5f,-21,100,Normal
2026-02-16 20:53:40.378621,Seoul-dc5f,23,86,Normal
2026-02-16 20:53:41.378621,Seoul-dc5f,7,78,Normal
2026-02-16 20:53:42.378621,Seoul-dc5f,23,75,Normal
2026-02-16 20:53:43.378621,Seoul-dc5f,-12,68,Normal
2026-02-16 20:53:44.378621,Seoul-dc5f,16,56,Normal
2026-02-16 20:53:45.378621,Seoul-dc5f,33,11,Normal
2026-02-16 20:53:46.378621,Seoul-dc5f,16,60,Normal
2026-02-16 20:53:47.378621,Seoul-dc5f,-24,62,Normal
2026-02-16 20:53:48.378621,Seoul-dc5f,-23,43,Normal
2026-02-16 20:53:49.378621,Seoul-dc5f,-14,37,Normal
2026-02-16 20:53:50.378621,Seoul-dc5f,5,3,Normal
2026-02-16 20:53:51.378621,Seoul-dc5f,-25,76,Normal
2026-02-16 20:53:52.378621,Seoul-dc5f,31,9,Normal
2026-02-16 20:53:53.378621,Seoul-dc5f,34,33,Normal
2026-02-16 20:53:54.378621,Seoul-dc5f,33,73,Normal
2026-02-16 20:53:55.378621,Seoul-dc5f,50,52,Normal
2026-02-16 20:53:56.378621,Seoul-dc5f,10,38,Normal
2026-02-16 20:53:57.378621,Seoul-dc5f,2,16,Normal
2026-02-16 20:53:58.378621,Seoul-dc5f,27,93,Normal
2026-02-16 20:53:59.378621,Seoul-dc5f,12,70,Normal
2026-02-16 20:54:00.378621,Seoul-dc5f,22,29,Normal
2026-02-16 20:54:01.378621,Seoul-dc5f,-30,98,Normal
2026-02-16 20:54:02.378621,Seoul-dc5f,-11,63,Normal
2026-02-16 20:54:03.378621,Seoul-dc5f,-3,68,Normal
2026-02-16 20:54:04.378621,Seoul-dc5f,4,59,Normal
2026-02-16 20:54:05.378621,Seoul-dc5f,-7,59,Normal
2026-02-16 20:54:06.378621,Seoul-dc5f,14,4,Normal
2026-02-16 20:54:07.378621,Seoul-dc5f,25,76,Normal
2026-02-16 20:54:08.378621,Seoul-dc5f,43,61,Normal
2026-02-16 20:54:09.378621,Seoul-dc5f,3,89,Normal
2026-02-16 20:54:10.378621,Seoul-dc5f,-18,43,Normal
2026-02-16 20:54:11.378621,Seoul-dc5f,-7,49,Normal
2026-02-16 20:54:12.378621,Seoul-dc5f,40,94,Normal
2026-02-16 20:54:13.378621,Seoul-dc5f,5,56,Normal
2026-02-16 20:54:14.378621,Seoul-dc5f,30,26,Normal
2026-02-16 20:54:15.378621,Seoul-dc5f,-8,96,Normal
2026-02-16 20:54:16.378621,Seoul-dc5f,-24,15,Normal
2026-02-16 20:54:17.378621,Seoul-dc5f,-17,52,Normal
2026-02-16 20:54:18.378621,Seoul-dc5f,26,80,Normal
2026-02-16 20:54:19.378621,Seoul-dc5f,27,13,Normal
2026-02-16 20:54:20.378621,Seoul-dc5f,-15,89,Normal
2026-02-16 20:54:21.378621,Seoul-dc5f,-24,9,Normal
2026-02-16 20:54:22.378621,Seoul-dc5f,35,53,Normal
2026-02-16 20:54:23.378621,Seoul-dc5f,46,5,Normal
2026-02-16 20:54:24.378621,Seoul-dc5f,2,9,Normal
2026-02-16 20:54:25.378621,Seoul-dc5f,33,32,Normal
2026-02-16 20:54:26.378621,Seoul-dc5f,27,91,Normal
2026-02-16 20:54:27.378621,Seoul-dc5f,12,76,Normal
2026-02-16 20:54:28.378621,Seoul-dc5f,22,56,Normal
2026-02-16 20:54:29.378621,Seoul-dc5f,0,76,Normal
2026-02-16 20:54:30.378621,Seoul-dc5f,8,30,Normal
2026-02-16 20:54:31.378621,Seoul-dc5f,22,16,Normal
2026-02-16 20:54:32.378621,Seoul-dc5f,-5,43,Normal
2026-02-16 20:54:33.378621,Seoul-dc5f,16,83,Normal
2026-02-16 20:54:34.378621,Seoul-dc5f,-10,79,Normal
2026-02-16 20:54:35.378621,Seoul-dc5f,22,77,Normal
2026-02-16 20:54:36.378621,Seoul-dc5f,-23,82,Normal
2026-02-16 20:54:37.378621,Seoul-dc5f,25,7,Normal
2026-02-16 20:54:38.378621,Seoul-dc5f,34,42,Normal
2026-02-16 20:54:39.378621,Seoul-dc5f,-25,77,Normal
2026-02-16 20:54:40.378621,Seoul-dc5f,-6,14,Normal
2026-02-16 20:54:41.378621,Seoul-dc5f,18,35,Normal
2026-02-16 20:54:42.378621,Seoul-dc5f,35,99,Normal
2026-02-16 20:54:43.378621,Seoul-dc5f,4,56,Normal
2026-02-16 20:54:44.378621,Seoul-dc5f,42,74,Normal
2026-02-16 20:54:45.378621,Seoul-dc5f,46,56,Normal
2026-02-16 20:54:46.378621,Seoul-dc5f,49,75,Normal
2026-02-16 20:54:47.378621,Seoul-dc5f,44,69,Normal
2026-02-16 20:54:48.378621,Seoul-dc5f,35,19,Normal
2026-02-16 20:54:49.378621,Seoul-dc5f,-28,86,Normal
2026-02-16 20:54:50.378621,Seoul-dc5f,47,92,Normal
2026-02-16 20:54:51.378621,Seoul-dc5f,-27,55,Normal
2026-02-16 20:54:52.378621,Seoul-dc5f,-27,45,Normal
2026-02-16 20:54:53.378621,Seoul-dc5f,37,29,Normal
2026-02-16 20:54:54.378621,Seoul-dc5f,48,75,Normal
2026-02-16 20:54:55.378621,Seoul-dc5f,-26,68,Normal
2026-02-16 20:54:56.378621,Seoul-dc5f,39,85,Normal
2026-02-16 20:54:57.378621,Seoul-dc5f,3,81,Normal
2026-02-16 20:54:58.378621,Seoul-dc5f,-4,80,Normal
2026-02-16 20:54:59.378621,Seoul-dc5f,-11,21,Normal
2026-02-16 20:55:00.378621,Seoul-dc5f,-11,36,Normal
2026-02-16 20:55:01.378621,Seoul-dc5f,-30,6,Normal
2026-02-16 20:55:02.378621,Seoul-dc5f,50,59,Normal
2026-02-16 20:55:03.378621,Seoul-dc5f,-4,17,Normal
2026-02-16 20:55:04.378621,Seoul-dc5f,34,65,Normal
2026-02-16 20:55:05.378621,Seoul-dc5f,-26,35,Normal
2026-02-16 20:55:06.378621,Seoul-dc5f,39,95,Normal
2026-02-16 20:55:07.378621,Seoul-dc5f,43,23,Normal
2026-02-16 20:55:08.378621,Seoul-dc5f,-24,65,Normal
2026-02-16 20:55:09.378621,Seoul-dc5f,31,99,Normal
2026-02-16 20:55:10.378621,Seoul-dc5f,48,36,Normal
2026-02-16 20:55:11.378621,Seoul-dc5f,-19,10,Normal
2026-02-16 20:55:12.378621,Seoul-dc5f,1,4,Normal
2026-02-16 20:55:13.378621,Seoul-dc5f,-25,76,Normal
2026-02-16 20:55:14.378621,Seoul-dc5f,33,70,Normal
2026-02-16 20:55:15.378621,Seoul-dc5f,-23,14,Normal
2026-02-16 20:55:16.378621,Seoul-dc5f,16,54,Normal
2026-02-16 20:55:17.378621,Seoul-dc5f,23,31,Normal
2026-02-16 20:55:18.378621,Seoul-dc5f,10,19,Normal
2026-02-16 20:55:19.378621,Seoul-dc5f,24,25,Normal
2026-02-16 20:55:20.378621,Seoul-dc5f,12,81,Normal
2026-02-16 20:55:21.378621,Seoul-dc5f,42,19,Normal
2026-02-16 20:55:22.378621,Seoul-dc5f,35,56,Normal
2026-02-16 20:55:23.378621,Seoul-dc5f,-10,61,Normal
2026-02-16 20:55:24.378621,Seoul-dc5f,17,8,Normal
2026-02-16 20:55:25.378621,Seoul-dc5f,-8,3,Normal
2026-02-16 20:55:26.378621,Seoul-dc5f,-22,90,Normal
2026-02-16 20:55:27.378621,Seoul-dc5f,8,98,Normal
2026-02-16 20:55:28.378621,Seoul-dc5f,46,0,Normal
2026-02-16 20:55:29.378621,Seoul-dc5f,-15,92,Normal
2026-02-16 20:55:30.378621,Seoul-dc5f,6,74,Normal
2026-02-16 20:55:31.378621,Seoul-dc5f,-11,32,Normal
2026-02-16 20:55:32.378621,Seoul-dc5f,15,88,Normal
2026-02-16 20:55:33.378621,Seoul-dc5f,-7,35,Normal
2026-02-16 20:55:34.378621,Seoul-dc5f,5,16,Normal
2026-02-16 20:55:35.378621,Seoul-dc5f,19,58,Normal
2026-02-16 20:55:36.378621,Seoul-dc5f,-14,1,Normal
2026-02-16 20:55:37.378621,Seoul-dc5f,21,73,Normal
2026-02-16 20:55:38.378621,Seoul-dc5f,29,72,Normal
2026-02-16 20:55:39.378621,Seoul-dc5f,23,36,Normal
2026-02-16 20:55:40.378621,Seoul-dc5f,7,91,Normal
2026-02-16 20:55:41.378621,Seoul-dc5f,-17,78,Normal
2026-02-16 20:55:42.378621,Seoul-dc5f,21,60,Normal
2026-02-16 20:55:43.378621,Seoul-dc5f,42,49,Normal
2026-02-16 20:55:44.378621,Seoul-dc5f,43,15,Normal
2026-02-16 20:55:45.378621,Seoul-dc5f,-21,44,Normal
2026-02-16 20:55:46.378621,Seoul-dc5f,36,91,Normal
2026-02-16 20:55:47.378621,Seoul-dc5f,26,17,Normal
2026-02-16 20:55:48.378621,Seoul-dc5f,-12,93,Normal
2026-02-16 20:55:49.378621,Seoul-dc5f,-23,8,Normal
2026-02-16 20:55:50.378621,Seoul-dc5f,-11,13,Normal
2026-02-16 20:55:51.378621,Seoul-dc5f,-27,8,Normal
2026-02-16 20:55:52.378621,Seoul-dc5f,27,97,Normal
2026-02-16 20:55:53.378621,Seoul-dc5f,17,85,Normal
2026-02-16 20:55:54.378621,Seoul-dc5f,40,95,Normal
2026-02-16 20:55:55.378621,Seoul-dc5f,-22,28,Normal
2026-02-16 20:55:56.378621,Seoul-dc5f,36,90,Normal
2026-02-16 20:55:57.378621,Seoul-dc5f,-22,46,Normal
2026-02-16 20:55:58.378621,Seoul-dc5f,-3,81,Normal
2026-02-16 20:55:59.378621,Seoul-dc5f,-20,37,Normal
2026-02-16 20:56:00.378621,Seoul-dc5f,-30,44,Normal
2026-02-16 20:56:01.378621,Seoul-dc5f,20,59,Normal
2026-02-16 20:56:02.378621,Seoul-dc5f,48,71,Normal
2026-02-16 20:56:03.378621,Seoul-dc5f,6,70,Normal
2026-02-16 20:56:04.378621,Seoul-dc5f,-8,7,Normal
2026-02-16 20:56:05.378621,Seoul-dc5f,-22,93,Normal
2026-02-16 20:56:06.378621,Seoul-dc5f,15,79,Normal
2026-02-16 20:56:07.378621,Seoul-dc5f,2,52,Normal
2026-02-16 20:56:08.378621,Seoul-dc5f,10,100,Normal
2026-02-16 20:56:09.378621,Seoul-dc5f,-10,34,Normal
2026-02-16 20:56:10.378621,Seoul-dc5f,-6,39,Normal
2026-02-16 20:56:11.378621,Seoul-dc5f,6,43,Normal
2026-02-16 20:56:12.378621,Seoul-dc5f,-9,100,Normal
2026-02-16 20:56:13.378621,Seoul-dc5f,-19,4,Normal
2026-02-16 20:56:14.378621,Seoul-dc5f,20,70,Normal
2026-02-16 20:56:15.378621,Seoul-dc5f,38,79,Normal
2026-02-16 20:56:16.378621,Seoul-dc5f,31,0,Normal
2026-02-16 20:56:17.378621,Seoul-dc5f,18,56,Normal
2026-02-16 20:56:18.378621,Seoul-dc5f,36,38,Normal
2026-02-16 20:56:19.378621,Seoul-dc5f,25,61,Normal
2026-02-16 20:56:20.378621,Seoul-dc5f,39,97,Normal
2026-02-16 20:56:21.378621,Seoul-dc5f,50,3,Normal
2026-02-16 20:56:22.378621,Seoul-dc5f,43,20,Normal
2026-02-16 20:56:23.378621,Seoul-dc5f,31,94,Normal
2026-02-16 20:56:24.378621,Seoul-dc5f,-29,83,Normal
2026-02-16 20:56:25.378621,Seoul-dc5f,36,12,Normal
2026-02-16 20:56:26.378621,Seoul-dc5f,23,74,Normal
2026-02-16 20:56:27.378621,Seoul-dc5f,1,17,Normal
2026-02-16 20:56:28.378621,Seoul-dc5f,-24,31,Normal
2026-02-16 20:56:29.378621,Seoul-dc5f,10,10,Normal
2026-02-16 20:56:30.378621,Seoul-dc5f,-12,74,Normal
2026-02-16 20:56:31.378621,Seoul-dc5f,16,18,Normal
2026-02-16 20:56:32.378621,Seoul-dc5f,-2,5,Normal
2026-02-16 20:56:33.378621,Seoul-dc5f,-23,4,Normal
2026-02-16 20:56:34.378621,Seoul-dc5f,-16,24,Normal
2026-02-16 20:56:35.378621,Seoul-dc5f,-8,67,Normal
2026-02-16 20:56:36.378621,Seoul-dc5f,31,95,Normal
2026-02-16 20:56:37.378621,Seoul-dc5f,-25,50,Normal
2026-02-16 20:56:38.378621,Seoul-dc5f,-19,73,Normal
2026-02-16 20:56:39.378621,Seoul-dc5f,21,80,Normal
2026-02-16 20:56:40.378621,Seoul-dc5f,40,38,Normal
2026-02-16 20:56:41.378621,Seoul-dc5f,-30,86,Normal
2026-02-16 20:56:42.378621,Seoul-dc5f,1,92,Normal
2026-02-16 20:56:43.378621,Seoul-dc5f,-1,71,Normal
2026-02-16 20:56:44.378621,Seoul-dc5f,50,53,Normal
2026-02-16 20:56:45.378621,Seoul-dc5f,12,50,Normal
2026-02-16 20:56:46.378621,Seoul-dc5f,41,49,Normal
2026-02-16 20:56:47.378621,Seoul-dc5f,50,16,Normal
2026-02-16 20:56:48.378621,Seoul-dc5f,-26,23,Normal
2026-02-16 20:56:49.378621,Seoul-dc5f,16,75,Normal
2026-02-16 20:56:50.378621,Seoul-dc5f,-24,40,Normal
2026-02-16 20:56:51.378621,Seoul-dc5f,18,20,Normal
2026-02-16 20:56:52.378621,Seoul-dc5f,39,58,Normal
2026-02-16 20:56:53.378621,Seoul-dc5f,32,16,Normal
2026-02-16 20:56:54.378621,Seoul-dc5f,9,12,Normal
2026-02-16 20:56:55.378621,Seoul-dc5f,22,41,Normal
2026-02-16 20:56:56.378621,Seoul-dc5f,-24,23,Normal
2026-02-16 20:56:57.378621,Seoul-dc5f,47,67,Normal
2026-02-16 20:56:58.378621,Seoul-dc5f,26,56,Normal
2026-02-16 20:56:59.378621,Seoul-dc5f,2,97,Normal
2026-02-16 20:57:00.378621,Seoul-dc5f,45,80,Normal
2026-02-16 20:57:01.378621,Seoul-dc5f,45,1,Normal
2026-02-16 20:57:02.378621,Seoul-dc5f,50,8,Normal
2026-02-16 20:57:03.378621,Seoul-dc5f,-24,82,Normal
2026-02-16 20:57:04.378621,Seoul-dc5f,17,62,Normal
2026-02-16 20:57:05.378621,Seoul-dc5f,-16,39,Normal
2026-02-16 20:57:06.378621,Seoul-dc5f,-7,75,Normal
2026-02-16 20:57:07.378621,Seoul-dc5f,28,94,Normal
2026-02-16 20:57:08.378621,Seoul-dc5f,-15,86,Normal
2026-02-16 20:57:09.378621,Seoul-dc5f,-10,65,Normal
2026-02-16 20:57:10.378621,Seoul-dc5f,50,36,Normal
2026-02-16 20:57:11.378621,Seoul-dc5f,42,16,Normal
2026-02-16 20:57:12.378621,Seoul-dc5f,-25,36,Normal
2026-02-16 20:57:13.378621,Seoul-dc5f,42,36,Normal
2026-02-16 20:57:14.378621,Seoul-dc5f,19,48,Normal
2026-02-16 20:57:15.378621,Seoul-dc5f,37,26,Normal
2026-02-16 20:57:16.378621,Seoul-dc5f,20,7,Normal
2026-02-16 20:57:17.378621,Seoul-dc5f,24,67,Normal
2026-02-16 20:57:18.378621,Seoul-dc5f,41,86,Normal
2026-02-16 20:57:19.378621,Seoul-dc5f,9,35,Normal
2026-02-16 20:57:20.378621,Seoul-dc5f,5,90,Normal
2026-02-16 20:57:21.378621,Seoul-dc5f,35,36,Normal
2026-02-16 20:57:22.378621,Seoul-dc5f,17,62,Normal
2026-02-16 20:57:23.378621,Seoul-dc5f,29,63,Normal
2026-02-16 20:57:24.378621,Seoul-dc5f,-22,53,Normal
2026-02-16 20:57:25.378621,Seoul-dc5f,-3,99,Normal
2026-02-16 20:57:26.378621,Seoul-dc5f,44,78,Normal
2026-02-16 20:57:27.378621,Seoul-dc5f,8,12,Normal
2026-02-16 20:57:28.378621,Seoul-dc5f,27,93,Normal
2026-02-16 20:57:29.378621,Seoul-dc5f,20,37,Normal
2026-02-16 20:57:30.378621,Seoul-dc5f,12,23,Normal
2026-02-16 20:57:31.378621,Seoul-dc5f,-30,94,Normal
2026-02-16 20:57:32.378621,Seoul-dc5f,-25,96,Normal
2026-02-16 20:57:33.378621,Seoul-dc5f,-4,4,Normal
2026-02-16 20:57:34.378621,Seoul-dc5f,10,5,Normal
2026-02-16 20:57:35.378621,Seoul-dc5f,-24,79,Normal
2026-02-16 20:57:36.378621,Seoul-dc5f,44,86,Normal
2026-02-16 20:57:37.378621,Seoul-dc5f,0,82,Normal
2026-02-16 20:57:38.378621,Seoul-dc5f,8,62,Normal
2026-02-16 20:57:39.378621,Seoul-dc5f,-18,9,Normal
2026-02-16 20:57:40.378621,Seoul-dc5f,16,76,Normal
2026-02-16 20:57:41.378621,Seoul-dc5f,37,49,Normal
2026-02-16 20:57:42.378621,Seoul-dc5f,23,59,Normal
2026-02-16 20:57:43.378621,Seoul-dc5f,-23,97,Normal
2026-02-16 20:57:44.378621,Seoul-dc5f,1,18,Normal
2026-02-16 20:57:45.378621,Seoul-dc5f,11,5,Normal
2026-02-16 20:57:46.378621,Seoul-dc5f,13,97,Normal
2026-02-16 20:57:47.378621,Seoul-dc5f,-21,75,Normal
2026-02-16 20:57:48.378621,Seoul-dc5f,23,50,Normal
2026-02-16 20:57:49.378621,Seoul-dc5f,27,20,Normal
2026-02-16 20:57:50.378621,Seoul-dc5f,30,31,Normal
2026-02-16 20:57:51.378621,Seoul-dc5f,28,77,Normal
2026-02-16 20:57:52.378621,Seoul-dc5f,-6,63,Normal
2026-02-16 20:57:53.378621,Seoul-dc5f,11,52,Normal
2026-02-16 20:57:54.378621,Seoul-dc5f,24,42,Normal
2026-02-16 20:57:55.378621,Seoul-dc5f,-26,82,Normal
2026-02-16 20:57:56.378621,Seoul-dc5f,-25,77,Normal
2026-02-16 20:57:57.378621,Seoul-dc5f,18,83,Normal
2026-02-16 20:57:58.378621,Seoul-dc5f,-12,77,Normal
2026-02-16 20:57:59.378621,Seoul-dc5f,-14,82,Normal
2026-02-16 20:58:00.378621,Seoul-dc5f,41,21,Normal
2026-02-16 20:58:01.378621,Seoul-dc5f,6,69,Normal
2026-02-16 20:58:02.378621,Seoul-dc5f,15,48,Normal
2026-02-16 20:58:03.378621,Seoul-dc5f,-2,85,Normal
2026-02-16 20:58:04.378621,Seoul-dc5f,-26,42,Normal
2026-02-16 20:58:05.378621,Seoul-dc5f,31,38,Normal
2026-02-16 20:58:06.378621,Seoul-dc5f,-6,68,Normal
2026-02-16 20:58:07.378621,Seoul-dc5f,44,18,Normal
2026-02-16 20:58:08.378621,Seoul-dc5f,4,52,Normal
2026-02-16 20:58:09.378621,Seoul-dc5f,26,89,Normal
2026-02-16 20:58:10.378621,Seoul-dc5f,-30,92,Normal
2026-02-16 20:58:11.378621,Seoul-dc5f,1,83,Normal
2026-02-16 20:58:12.378621,Seoul-dc5f,-20,34,Normal
2026-02-16 20:58:13.378621,Seoul-dc5f,34,55,Normal
2026-02-16 20:58:14.378621,Seoul-dc5f,-21,2,Normal
2026-02-16 20:58:15.378621,Seoul-dc5f,-3,24,Normal
2026-02-16 20:58:16.378621,Seoul-dc5f,-25,27,Normal
2026-02-16 20:58:17.378621,Seoul-dc5f,-6,39,Normal
2026-02-16 20:58:18.378621,Seoul-dc5f,30,83,Normal
2026-02-16 20:58:19.378621,Seoul-dc5f,-22,4,Normal
2026-02-16 20:58:20.378621,Seoul-dc5f,29,76,Normal
2026-02-16 20:58:21.378621,Seoul-dc5f,19,8,Normal
2026-02-16 20:58:22.378621,Seoul-dc5f,-8,69,Normal
2026-02-16 20:58:23.378621,Seoul-dc5f,40,24,Normal
2026-02-16 20:58:24.378621,Seoul-dc5f,15,62,Normal
2026-02-16 20:58:25.378621,Seoul-dc5f,-18,92,Normal
2026-02-16 20:58:26.378621,Seoul-dc5f,34,11,Normal
2026-02-16 20:58:27.378621,Seoul-dc5f,6,73,Normal
2026-02-16 20:58:28.378621,Seoul-dc5f,50,64,Normal
2026-02-16 20:58:29.378621,Seoul-dc5f,29,18,Normal
2026-02-16 20:58:30.378621,Seoul-dc5f,-15,40,Normal
2026-02-16 20:58:31.378621,Seoul-dc5f,1,40,Normal
2026-02-16 20:58:32.378621,Seoul-dc5f,0,1,Normal
2026-02-16 20:58:33.378621,Seoul-dc5f,1,91,Normal
2026-02-16 20:58:34.378621,Seoul-dc5f,30,35,Normal
2026-02-16 20:58:35.378621,Seoul-dc5f,-19,60,Normal
2026-02-16 20:58:36.378621,Seoul-dc5f,18,34,Normal
2026-02-16 20:58:37.378621,Seoul-dc5f,-13,8,Normal
2026-02-16 20:58:38.378621,Seoul-dc5f,-28,7,Normal
2026-02-16 20:58:39.378621,Seoul-dc5f,-19,74,Normal
2026-02-16 20:58:40.378621,Seoul-dc5f,30,9,Normal
2026-02-16 20:58:41.378621,Seoul-dc5f,10,59,Normal
2026-02-16 20:58:42.378621,Seoul-dc5f,49,93,Normal
2026-02-16 20:58:43.378621,Seoul-dc5f,2,56,Normal
2026-02-16 20:58:44.378621,Seoul-dc5f,15,53,Normal
2026-02-16 20:58:45.378621,Seoul-dc5f,2,23,Normal
2026-02-16 20:58:46.378621,Seoul-dc5f,-16,1,Normal
2026-02-16 20:58:47.378621,Seoul-dc5f,7,46,Normal
2026-02-16 20:58:48.378621,Seoul-dc5f,-30,60,Normal
2026-02-16 20:58:49.378621,Seoul-dc5f,31,77,Normal
2026-02-16 20:58:50.378621,Seoul-dc5f,25,65,Normal
2026-02-16 20:58:51.378621,Seoul-dc5f,-22,88,Normal
2026-02-16 20:58:52.378621,Seoul-dc5f,50,89,Normal
2026-02-16 20:58:53.378621,Seoul-dc5f,44,38,Normal
2026-02-16 20:58:54.378621,Seoul-dc5f,2,68,Normal
2026-02-16 20:58:55.378621,Seoul-dc5f,15,46,Normal
2026-02-16 20:58:56.378621,Seoul-dc5f,24,100,Normal
2026-02-16 20:58:57.378621,Seoul-dc5f,-14,77,Normal
2026-02-16 20:58:58.378621,Seoul-dc5f,-26,44,Normal
2026-02-16 20:58:59.378621,Seoul-dc5f,21,67,Normal
2026-02-16 20:59:00.378621,Seoul-dc5f,29,0,Normal
2026-02-16 20:59:01.378621,Seoul-dc5f,17,4,Normal
2026-02-16 20:59:02.378621,Seoul-dc5f,-29,100,Normal
2026-02-16 20:59:03.378621,Seoul-dc5f,-3,28,Normal
2026-02-16 20:59:04.378621,Seoul-dc5f,10,83,Normal
2026-02-16 20:59:05.378621,Seoul-dc5f,38,45,Normal
2026-02-16 20:59:06.378621,Seoul-dc5f,-25,65,Normal
2026-02-16 20:59:07.378621,Seoul-dc5f,-2,73,Normal
2026-02-16 20:59:08.378621,Seoul-dc5f,-23,82,Normal
2026-02-16 20:59:09.378621,Seoul-dc5f,-7,51,Normal
2026-02-16 20:59:10.378621,Seoul-dc5f,-28,88,Normal
2026-02-16 20:59:11.378621,Seoul-dc5f,18,87,Normal
2026-02-16 20:59:12.378621,Seoul-dc5f,-3,28,Normal
2026-02-16 20:59:13.378621,Seoul-dc5f,-29,37,Normal
2026-02-16 20:59:14.378621,Seoul-dc5f,26,5,Normal
2026-02-16 20:59:15.378621,Seoul-dc5f,49,32,Normal
2026-02-16 20:59:16.378621,Seoul-dc5f,-23,17,Normal
2026-02-16 20:59:17.378621,Seoul-dc5f,50,60,Normal
2026-02-16 20:59:18.378621,Seoul-dc5f,-27,61,Normal
2026-02-16 20:59:19.378621,Seoul-dc5f,29,47,Normal
2026-02-16 20:59:20.378621,Seoul-dc5f,6,90,Normal
2026-02-16 20:59:21.378621,Seoul-dc5f,28,73,Normal
2026-02-16 20:59:22.378621,Seoul-dc5f,46,80,Normal
2026-02-16 20:59:23.378621,Seoul-dc5f,-27,42,Normal
2026-02-16 20:59:24.378621,Seoul-dc5f,42,62,Normal
2026-02-16 20:59:25.378621,Seoul-dc5f,-11,57,Normal
2026-02-16 20:59:26.378621,Seoul-dc5f,38,93,Normal
2026-02-16 20:59:27.378621,Seoul-dc5f,-26,8,Normal
2026-02-16 20:59:28.378621,Seoul-dc5f,35,39,Normal
2026-02-16 20:59:29.378621,Seoul-dc5f,-15,13,Normal
2026-02-16 20:59:30.378621,Seoul-dc5f,3,71,Normal
2026-02-16 20:59:31.378621,Seoul-dc5f,-1,14,Normal
2026-02-16 20:59:32.378621,Seoul-dc5f,46,96,Normal
2026-02-16 20:59:33.378621,Seoul-dc5f,-28,53,Normal
2026-02-16 20:59:34.378621,Seoul-dc5f,19,54,Normal
2026-02-16 20:59:35.378621,Seoul-dc5f,-1,71,Normal
2026-02-16 20:59:36.378621,Seoul-dc5f,-1,37,Normal
2026-02-16 20:59:37.378621,Seoul-dc5f,46,28,Normal
2026-02-16 20:59:38.378621,Seoul-dc5f,-29,42,Normal
2026-02-16 20:59:39.378621,Seoul-dc5f,14,11,Normal
2026-02-16 20:59:40.378621,Seoul-dc5f,43,41,Normal
2026-02-16 20:59:41.378621,Seoul-dc5f,27,76,Normal
2026-02-16 20:59:42.378621,Seoul-dc5f,18,56,Normal
2026-02-16 20:59:43.378621,Seoul-dc5f,45,31,Normal
2026-02-16 20:59:44.378621,Seoul-dc5f,43,60,Normal
2026-02-16 20:59:45.378621,Seoul-dc5f,27,62,Normal
2026-02-16 20:59:46.378621,Seoul-dc5f,-25,20,Normal
2026-02-16 20:59:47.378621,Seoul-dc5f,16,38,Normal
2026-02-16 20:59:48.378621,Seoul-dc5f,-27,90,Normal
2026-02-16 20:59:49.378621,Seoul-dc5f,-14,77,Normal
2026-02-16 20:59:50.378621,Seoul-dc5f,36,86,Normal
2026-02-16 20:59:51.378621,Seoul-dc5f,10,19,Normal
2026-02-16 20:59:52.378621,Seoul-dc5f,38,43,Normal
2026-02-16 20:59:53.378621,Seoul-dc5f,34,98,Normal
2026-02-16 20:59:54.378621,Seoul-dc5f,-16,89,Normal
2026-02-16 20:59:55.378621,Seoul-dc5f,38,21,Normal
2026-02-16 20:59:56.378621,Seoul-dc5f,9,30,Normal
2026-02-16 20:59:57.378621,Seoul-dc5f,-14,35,Normal
2026-02-16 20:59:58.378621,Seoul-dc5f,30,98,Normal
2026-02-16 20:59:59.378621,Seoul-dc5f,50,6,Normal
2026-02-16 21:00:00.378621,Seoul-dc5f,3,57,Normal
2026-02-16 21:00:01.378621,Seoul-dc5f,-11,50,Normal
2026-02-16 21:00:02.378621,Seoul-dc5f,-11,17,Normal
2026-02-16 21:00:03.378621,Seoul-dc5f,-13,88,Normal
2026-02-16 21:00:04.378621,Seoul-dc5f,-13,27,Normal
2026-02-16 21:00:05.378621,Seoul-dc5f,32,65,Normal
2026-02-16 21:00:06.378621,Seoul-dc5f,23,46,Normal
2026-02-16 21:00:07.378621,Seoul-dc5f,-17,72,Normal
2026-02-16 21:00:08.378621,Seoul-dc5f,9,34,Normal
2026-02-16 21:00:09.378621,Seoul-dc5f,23,88,Normal
2026-02-16 21:00:10.378621,Seoul-dc5f,20,46,Normal
2026-02-16 21:00:11.378621,Seoul-dc5f,-8,28,Normal
2026-02-16 21:00:12.378621,Seoul-dc5f,45,47,Normal
2026-02-16 21:00:13.378621,Seoul-dc5f,-27,71,Normal
2026-02-16 21:00:14.378621,Seoul-dc5f,13,33,Normal
2026-02-16 21:00:15.378621,Seoul-dc5f,45,69,Normal
2026-02-16 21:00:16.378621,Seoul-dc5f,-21,60,Normal
2026-02-16 21:00:17.378621,Seoul-dc5f,2,53,Normal
2026-02-16 21:00:18.378621,Seoul-dc5f,0,40,Normal
2026-02-16 21:00:19.378621,Seoul-dc5f,-6,39,Normal
2026-02-16 21:00:20.378621,Seoul-dc5f,-13,63,Normal
2026-02-16 21:00:21.378621,Seoul-dc5f,22,79,Normal
2026-02-16 21:00:22.378621,Seoul-dc5f,-27,3,Normal
2026-02-16 21:00:23.378621,Seoul-dc5f,-6,20,Normal
2026-02-16 21:00:24.378621,Seoul-dc5f,34,99,Normal
2026-02-16 21:00:25.378621,Seoul-dc5f,-14,29,Normal
2026-02-16 21:00:26.378621,Seoul-dc5f,-27,84,Normal
2026-02-16 21:00:27.378621,Seoul-dc5f,-12,84,Normal
2026-02-16 21:00:28.378621,Seoul-dc5f,-21,70,Normal
2026-02-16 21:00:29.378621,Seoul-dc5f,38,44,Normal
2026-02-16 21:00:30.378621,Seoul-dc5f,42,58,Normal
2026-02-16 21:00:31.378621,Seoul-dc5f,-18,38,Normal
2026-02-16 21:00:32.378621,Seoul-dc5f,-4,5,Normal
2026-02-16 21:00:33.378621,Seoul-dc5f,47,44,Normal
2026-02-16 21:00:34.378621,Seoul-dc5f,-19,40,Normal
2026-02-16 21:00:35.378621,Seoul-dc5f,-13,11,Normal
2026-02-16 21:00:36.378621,Seoul-dc5f,23,95,Normal
2026-02-16 21:00:37.378621,Seoul-dc5f,-21,23,Normal
2026-02-16 21:00:38.378621,Seoul-dc5f,-12,81,Normal
2026-02-16 21:00:39.378621,Seoul-dc5f,12,92,Normal
2026-02-16 21:00:40.378621,Seoul-dc5f,22,40,Normal
2026-02-16 21:00:41.378621,Seoul-dc5f,34,18,Normal
2026-02-16 21:00:42.378621,Seoul-dc5f,26,38,Normal
2026-02-16 21:00:43.378621,Seoul-dc5f,-26,61,Normal
2026-02-16 21:00:44.378621,Seoul-dc5f,41,0,Normal
2026-02-16 21:00:45.378621,Seoul-dc5f,50,81,Normal
2026-02-16 21:00:46.378621,Seoul-dc5f,1,22,Normal
2026-02-16 21:00:47.378621,Seoul-dc5f,-18,66,Normal
2026-02-16 21:00:48.378621,Seoul-dc5f,25,34,Normal
2026-02-16 21:00:49.378621,Seoul-dc5f,23,79,Normal
2026-02-16 21:00:50.378621,Seoul-dc5f,-2,52,Normal
2026-02-16 21:00:51.378621,Seoul-dc5f,9,11,Normal
2026-02-16 21:00:52.378621,Seoul-dc5f,-27,100,Normal
2026-02-16 21:00:53.378621,Seoul-dc5f,40,0,Normal
2026-02-16 21:00:54.378621,Seoul-dc5f,-16,44,Normal
2026-02-16 21:00:55.378621,Seoul-dc5f,-21,44,Normal
2026-02-16 21:00:56.378621,Seoul-dc5f,22,44,Normal
2026-02-16 21:00:57.378621,Seoul-dc5f,3,94,Normal
2026-02-16 21:00:58.378621,Seoul-dc5f,-25,35,Normal
2026-02-16 21:00:59.378621,Seoul-dc5f,-29,78,Normal
2026-02-16 21:01:00.378621,Seoul-dc5f,-28,52,Normal
2026-02-16 21:01:01.378621,Seoul-dc5f,-24,36,Normal
2026-02-16 21:01:02.378621,Seoul-dc5f,-30,4,Normal
2026-02-16 21:01:03.378621,Seoul-dc5f,19,57,Normal
2026-02-16 21:01:04.378621,Seoul-dc5f,23,31,Normal
2026-02-16 21:01:05.378621,Seoul-dc5f,7,97,Normal
2026-02-16 21:01:06.378621,Seoul-dc5f,17,3,Normal
2026-02-16 21:01:07.378621,Seoul-dc5f,19,73,Normal
2026-02-16 21:01:08.378621,Seoul-dc5f,47,84,Normal
2026-02-16 21:01:09.378621,Seoul-dc5f,20,13,Normal
2026-02-16 21:01:10.378621,Seoul-dc5f,-9,93,Normal
2026-02-16 21:01:11.378621,Seoul-dc5f,10,30,Normal
2026-02-16 21:01:12.378621,Seoul-dc5f,34,53,Normal
2026-02-16 21:01:13.378621,Seoul-dc5f,23,49,Normal
2026-02-16 21:01:14.378621,Seoul-dc5f,11,79,Normal
2026-02-16 21:01:15.378621,Seoul-dc5f,35,48,Normal
2026-02-16 21:01:16.378621,Seoul-dc5f,-5,54,Normal
2026-02-16 21:01:17.378621,Seoul-dc5f,23,98,Normal
2026-02-16 21:01:18.378621,Seoul-dc5f,3,81,Normal
2026-02-16 21:01:19.378621,Seoul-dc5f,38,98,Normal
2026-02-16 21:01:20.378621,Seoul-dc5f,16,20,Normal
2026-02-16 21:01:21.378621,Seoul-dc5f,-29,34,Normal
2026-02-16 21:01:22.378621,Seoul-dc5f,29,87,Normal
2026-02-16 21:01:23.378621,Seoul-dc5f,44,18,Normal
2026-02-16 21:01:24.378621,Seoul-dc5f,-21,34,Normal
2026-02-16 21:01:25.378621,Seoul-dc5f,36,77,Normal
2026-02-16 21:01:26.378621,Seoul-dc5f,-26,58,Normal
2026-02-16 21:01:27.378621,Seoul-dc5f,19,94,Normal
2026-02-16 21:01:28.378621,Seoul-dc5f,-7,4,Normal
2026-02-16 21:01:29.378621,Seoul-dc5f,-17,1,Normal
2026-02-16 21:01:30.378621,Seoul-dc5f,2,97,Normal
2026-02-16 21:01:31.378621,Seoul-dc5f,5,81,Normal
2026-02-16 21:01:32.378621,Seoul-dc5f,32,60,Normal
2026-02-16 21:01:33.378621,Seoul-dc5f,26,7,Normal
2026-02-16 21:01:34.378621,Seoul-dc5f,35,36,Normal
2026-02-16 21:01:35.378621,Seoul-dc5f,46,81,Normal
2026-02-16 21:01:36.378621,Seoul-dc5f,-7,42,Normal
2026-02-16 21:01:37.378621,Seoul-dc5f,37,29,Normal
2026-02-16 21:01:38.378621,Seoul-dc5f,-11,56,Normal
2026-02-16 21:01:39.378621,Seoul-dc5f,-16,34,Normal
2026-02-16 21:01:40.378621,Seoul-dc5f,30,43,Normal
2026-02-16 21:01:41.378621,Seoul-dc5f,-24,12,Normal
2026-02-16 21:01:42.378621,Seoul-dc5f,49,99,Normal
2026-02-16 21:01:43.378621,Seoul-dc5f,-24,86,Normal
2026-02-16 21:01:44.378621,Seoul-dc5f,-22,56,Normal
2026-02-16 21:01:45.378621,Seoul-dc5f,46,56,Normal
2026-02-16 21:01:46.378621,Seoul-dc5f,18,35,Normal
2026-02-16 21:01:47.378621,Seoul-dc5f,-20,5,Normal
2026-02-16 21:01:48.378621,Seoul-dc5f,7,69,Normal
2026-02-16 21:01:49.378621,Seoul-dc5f,44,39,Normal
2026-02-16 21:01:50.378621,Seoul-dc5f,-12,2,Normal
2026-02-16 21:01:51.378621,Seoul-dc5f,38,50,Normal
2026-02-16 21:01:52.378621,Seoul-dc5f,7,80,Normal
2026-02-16 21:01:53.378621,Seoul-dc5f,20,41,Normal
2026-02-16 21:01:54.378621,Seoul-dc5f,0,1,Normal
2026-02-16 21:01:55.378621,Seoul-dc5f,0,13,Normal
2026-02-16 21:01:56.378621,Seoul-dc5f,-28,64,Normal
2026-02-16 21:01:57.378621,Seoul-dc5f,29,41,Normal
2026-02-16 21:01:58.378621,Seoul-dc5f,43,19,Normal
2026-02-16 21:01:59.378621,Seoul-dc5f,26,36,Normal
2026-02-16 21:02:00.378621,Seoul-dc5f,3,75,Normal
2026-02-16 21:02:01.378621,Seoul-dc5f,17,22,Normal
2026-02-16 21:02:02.378621,Seoul-dc5f,10,66,Normal
2026-02-16 21:02:03.378621,Seoul-dc5f,-9,80,Normal
2026-02-16 21:02:04.378621,Seoul-dc5f,18,90,Normal
2026-02-16 21:02:05.378621,Seoul-dc5f,-3,88,Normal
2026-02-16 21:02:06.378621,Seoul-dc5f,3,68,Normal
2026-02-16 21:02:07.378621,Seoul-dc5f,-13,11,Normal
2026-02-16 21:02:08.378621,Seoul-dc5f,-2,93,Normal
2026-02-16 21:02:09.378621,Seoul-dc5f,8,65,Normal
2026-02-16 21:02:10.378621,Seoul-dc5f,3,78,Normal
2026-02-16 21:02:11.378621,Seoul-dc5f,-15,69,Normal
2026-02-16 21:02:12.378621,Seoul-dc5f,-11,90,Normal
2026-02-16 21:02:13.378621,Seoul-dc5f,43,4,Normal
2026-02-16 21:02:14.378621,Seoul-dc5f,42,100,Normal
2026-02-16 21:02:15.378621,Seoul-dc5f,38,94,Normal
2026-02-16 21:02:16.378621,Seoul-dc5f,-28,10,Normal
2026-02-16 21:02:17.378621,Seoul-dc5f,31,99,Normal
2026-02-16 21:02:18.378621,Seoul-dc5f,-3,85,Normal
2026-02-16 21:02:19.378621,Seoul-dc5f,49,43,Normal
2026-02-16 21:02:20.378621,Seoul-dc5f,-20,11,Normal
2026-02-16 21:02:21.378621,Seoul-dc5f,-30,83,Normal
2026-02-16 21:02:22.378621,Seoul-dc5f,29,66,Normal
2026-02-16 21:02:23.378621,Seoul-dc5f,10,88,Normal
2026-02-16 21:02:24.378621,Seoul-dc5f,50,84,Normal
2026-02-16 21:02:25.378621,Seoul-dc5f,34,34,Normal
2026-02-16 21:02:26.378621,Seoul-dc5f,-16,30,Normal
2026-02-16 21:02:27.378621,Seoul-dc5f,-25,70,Normal
2026-02-16 21:02:28.378621,Seoul-dc5f,17,81,Normal
2026-02-16 21:02:29.378621,Seoul-dc5f,36,5,Normal
2026-02-16 21:02:30.378621,Seoul-dc5f,-14,99,Normal
2026-02-16 21:02:31.378621,Seoul-dc5f,47,54,Normal
2026-02-16 21:02:32.378621,Seoul-dc5f,-4,19,Normal
2026-02-16 21:02:33.378621,Seoul-dc5f,-1,97,Normal
2026-02-16 21:02:34.378621,Seoul-dc5f,31,11,Normal
2026-02-16 21:02:35.378621,Seoul-dc5f,11,49,Normal
2026-02-16 21:02:36.378621,Seoul-dc5f,-30,97,Normal
2026-02-16 21:02:37.378621,Seoul-dc5f,40,9,Normal
2026-02-16 21:02:38.378621,Seoul-dc5f,5,95,Normal
2026-02-16 21:02:39.378621,Seoul-dc5f,45,57,Normal
2026-02-16 21:02:40.378621,Seoul-dc5f,25,50,Normal
2026-02-16 21:02:41.378621,Seoul-dc5f,-14,68,Normal
2026-02-16 21:02:42.378621,Seoul-dc5f,43,44,Normal
2026-02-16 21:02:43.378621,Seoul-dc5f,-16,59,Normal
2026-02-16 21:02:44.378621,Seoul-dc5f,27,68,Normal
2026-02-16 21:02:45.378621,Seoul-dc5f,6,47,Normal
2026-02-16 21:02:46.378621,Seoul-dc5f,6,99,Normal
2026-02-16 21:02:47.378621,Seoul-dc5f,33,49,Normal
2026-02-16 21:02:48.378621,Seoul-dc5f,23,67,Normal
2026-02-16 21:02:49.378621,Seoul-dc5f,-21,97,Normal
2026-02-16 21:02:50.378621,Seoul-dc5f,49,95,Normal
2026-02-16 21:02:51.378621,Seoul-dc5f,-23,66,Normal
2026-02-16 21:02:52.378621,Seoul-dc5f,47,9,Normal
2026-02-16 21:02:53.378621,Seoul-dc5f,-1,86,Normal
2026-02-16 21:02:54.378621,Seoul-dc5f,5,75,Normal
2026-02-16 21:02:55.378621,Seoul-dc5f,-15,99,Normal
2026-02-16 21:02:56.378621,Seoul-dc5f,-29,4,Normal
2026-02-16 21:02:57.378621,Seoul-dc5f,-21,81,Normal
2026-02-16 21:02:58.378621,Seoul-dc5f,-10,51,Normal
2026-02-16 21:02:59.378621,Seoul-dc5f,-6,98,Normal
2026-02-16 21:03:00.378621,Seoul-dc5f,34,30,Normal
2026-02-16 21:03:01.378621,Seoul-dc5f,-4,48,Normal
2026-02-16 21:03:02.378621,Seoul-dc5f,27,11,Normal
2026-02-16 21:03:03.378621,Seoul-dc5f,30,63,Normal
2026-02-16 21:03:04.378621,Seoul-dc5f,-15,79,Normal
2026-02-16 21:03:05.378621,Seoul-dc5f,0,91,Normal
2026-02-16 21:03:06.378621,Seoul-dc5f,-21,97,Normal
2026-02-16 21:03:07.378621,Seoul-dc5f,43,44,Normal
2026-02-16 21:03:08.378621,Seoul-dc5f,6,94,Normal
2026-02-16 21:03:09.378621,Seoul-dc5f,8,39,Normal
2026-02-16 21:03:10.378621,Seoul-dc5f,22,38,Normal
2026-02-16 21:03:11.378621,Seoul-dc5f,-15,48,Normal
2026-02-16 21:03:12.378621,Seoul-dc5f,16,26,Normal
2026-02-16 21:03:13.378621,Seoul-dc5f,21,89,Normal
2026-02-16 21:03:14.378621,Seoul-dc5f,27,41,Normal
