timestamp,station_id,temp,humid,condition
2026-02-09 15:04:12.349505,London-76e5,16,11,Normal
2026-02-09 15:04:13.349505,London-76e5,-24,39,Normal
2026-02-09 15:04:14.349505,London-76e5,-22,67,Normal
2026-02-09 15:04:15.349505,London-76e5,26,36,Normal
2026-02-09 15:04:16.349505,London-76e5,41,8,Normal
2026-02-09 15:04:17.349505,London-76e5,11,7,Normal
2026-02-09 15:04:18.349505,London-76e5,-9,85,Normal
2026-02-09 15:04:19.349505,London-76e5,-15,97,Normal
2026-02-09 15:04:20.349505,London-76e5,34,94,Normal
2026-02-09 15:04:21.349505,London-76e5,-17,76,Normal
2026-02-09 15:04:22.349505,London-76e5,43,74,Normal
2026-02-09 15:04:23.349505,London-76e5,45,33,Normal
2026-02-09 15:04:24.349505,London-76e5,45,59,Normal
2026-02-09 15:04:25.349505,London-76e5,34,13,Normal
2026-02-09 15:04:26.349505,London-76e5,8,74,Normal
2026-02-09 15:04:27.349505,London-76e5,-23,70,Normal
2026-02-09 15:04:28.349505,London-76e5,-28,70,Normal
2026-02-09 15:04:29.349505,London-76e5,-6,94,Normal
2026-02-09 15:04:30.349505,London-76e5,3,29,Normal
2026-02-09 15:04:31.349505,London-76e5,-17,3,Normal
2026-02-09 15:04:32.349505,London-76e5,36,43,Normal
2026-02-09 15:04:33.349505,London-76e5,-5,24,Normal
2026-02-09 15:04:34.349505,London-76e5,44,11,Normal
2026-02-09 15:04:35.349505,London-76e5,-19,68,Normal
2026-02-09 15:04:36.349505,London-76e5,-2,29,Normal
2026-02-09 15:04:37.349505,London-76e5,49,100,Normal
2026-02-09 15:04:38.349505,London-76e5,28,29,Normal
2026-02-09 15:04:39.349505,London-76e5,43,53,Normal
2026-02-09 15:04:40.349505,London-76e5,29,3,Normal
2026-02-09 15:04:41.349505,London-76e5,17,62,Normal
2026-02-09 15:04:42.349505,London-76e5,-7,96,Normal
2026-02-09 15:04:43.349505,London-76e5,11,77,Normal
2026-02-09 15:04:44.349505,London-76e5,45,93,Normal
2026-02-09 15:04:45.349505,London-76e5,-6,84,Normal
2026-02-09 15:04:46.349505,London-76e5,3,0,Normal
2026-02-09 15:04:47.349505,London-76e5,-5,72,Normal
2026-02-09 15:04:48.349505,London-76e5,40,76,Normal
2026-02-09 15:04:49.349505,London-76e5,1,18,Normal
2026-02-09 15:04:50.349505,London-76e5,38,46,Normal
2026-02-09 15:04:51.349505,London-76e5,-19,86,Normal
2026-02-09 15:04:52.349505,London-76e5,23,8,Normal
2026-02-09 15:04:53.349505,London-76e5,29,84,Normal
2026-02-09 15:04:54.349505,London-76e5,-28,16,Normal
2026-02-09 15:04:55.349505,London-76e5,-28,69,Normal
2026-02-09 15:04:56.349505,London-76e5,16,84,Normal
2026-02-09 15:04:57.349505,London-76e5,21,75,Normal
2026-02-09 15:04:58.349505,London-76e5,20,57,Normal
2026-02-09 15:04:59.349505,London-76e5,-28,78,Normal
2026-02-09 15:05:00.349505,London-76e5,-3,22,Normal
2026-02-09 15:05:01.349505,London-76e5,-6,74,Normal
2026-02-09 15:05:02.349505,London-76e5,-8,48,Normal
2026-02-09 15:05:03.349505,London-76e5,-9,52,Normal
2026-02-09 15:05:04.349505,London-76e5,-18,21,Normal
2026-02-09 15:05:05.349505,London-76e5,8,14,Normal
2026-02-09 15:05:06.349505,London-76e5,-12,63,Normal
2026-02-09 15:05:07.349505,London-76e5,13,54,Normal
2026-02-09 15:05:08.349505,London-76e5,18,52,Normal
2026-02-09 15:05:09.349505,London-76e5,34,91,Normal
2026-02-09 15:05:10.349505,London-76e5,-19,3,Normal
2026-02-09 15:05:11.349505,London-76e5,14,14,Normal
2026-02-09 15:05:12.349505,London-76e5,35,94,Normal
2026-02-09 15:05:13.349505,London-76e5,46,54,Normal
2026-02-09 15:05:14.349505,London-76e5,-6,47,Normal
2026-02-09 15:05:15.349505,London-76e5,-8,78,Normal
2026-02-09 15:05:16.349505,London-76e5,11,5,Normal
2026-02-09 15:05:17.349505,London-76e5,-26,59,Normal
2026-02-09 15:05:18.349505,London-76e5,42,38,Normal
2026-02-09 15:05:19.349505,London-76e5,3,32,Normal
2026-02-09 15:05:20.349505,London-76e5,21,8,Normal
2026-02-09 15:05:21.349505,London-76e5,-4,29,Normal
2026-02-09 15:05:22.349505,London-76e5,9,23,Normal
2026-02-09 15:05:23.349505,London-76e5,39,18,Normal
2026-02-09 15:05:24.349505,London-76e5,0,83,Normal
2026-02-09 15:05:25.349505,London-76e5,11,9,Normal
2026-02-09 15:05:26.349505,London-76e5,-1,44,Normal
2026-02-09 15:05:27.349505,London-76e5,32,95,Normal
2026-02-09 15:05:28.349505,London-76e5,-29,46,Normal
2026-02-09 15:05:29.349505,London-76e5,-24,38,Normal
2026-02-09 15:05:30.349505,London-76e5,14,2,Normal
2026-02-09 15:05:31.349505,London-76e5,48,76,Normal
2026-02-09 15:05:32.349505,London-76e5,7,27,Normal
2026-02-09 15:05:33.349505,London-76e5,38,3,Normal
2026-02-09 15:05:34.349505,London-76e5,-4,4,Normal
2026-02-09 15:05:35.349505,London-76e5,21,25,Normal
2026-02-09 15:05:36.349505,London-76e5,50,27,Normal
2026-02-09 15:05:37.349505,London-76e5,-6,91,Normal
2026-02-09 15:05:38.349505,London-76e5,-25,26,Normal
2026-02-09 15:05:39.349505,London-76e5,0,40,Normal
2026-02-09 15:05:40.349505,London-76e5,33,26,Normal
2026-02-09 15:05:41.349505,London-76e5,2,20,Normal
2026-02-09 15:05:42.349505,London-76e5,-24,7,Normal
2026-02-09 15:05:43.349505,London-76e5,7,65,Normal
2026-02-09 15:05:44.349505,London-76e5,16,11,Normal
2026-02-09 15:05:45.349505,London-76e5,23,31,Normal
2026-02-09 15:05:46.349505,London-76e5,-16,39,Normal
2026-02-09 15:05:47.349505,London-76e5,-12,78,Normal
2026-02-09 15:05:48.349505,London-76e5,36,76,Normal
2026-02-09 15:05:49.349505,London-76e5,23,31,Normal
2026-02-09 15:05:50.349505,London-76e5,-29,74,Normal
2026-02-09 15:05:51.349505,London-76e5,-2,0,Normal
2026-02-09 15:05:52.349505,London-76e5,27,94,Normal
2026-02-09 15:05:53.349505,London-76e5,10,92,Normal
2026-02-09 15:05:54.349505,London-76e5,28,46,Normal
2026-02-09 15:05:55.349505,London-76e5,-24,79,Normal
2026-02-09 15:05:56.349505,London-76e5,5,33,Normal
2026-02-09 15:05:57.349505,London-76e5,23,87,Normal
2026-02-09 15:05:58.349505,London-76e5,25,13,Normal
2026-02-09 15:05:59.349505,London-76e5,45,80,Normal
2026-02-09 15:06:00.349505,London-76e5,35,76,Normal
2026-02-09 15:06:01.349505,London-76e5,10,33,Normal
2026-02-09 15:06:02.349505,London-76e5,-18,73,Normal
2026-02-09 15:06:03.349505,London-76e5,30,52,Normal
2026-02-09 15:06:04.349505,London-76e5,-16,99,Normal
2026-02-09 15:06:05.349505,London-76e5,47,2,Normal
2026-02-09 15:06:06.349505,London-76e5,47,93,Normal
2026-02-09 15:06:07.349505,London-76e5,1,31,Normal
2026-02-09 15:06:08.349505,London-76e5,33,84,Normal
2026-02-09 15:06:09.349505,London-76e5,44,28,Normal
2026-02-09 15:06:10.349505,London-76e5,-7,33,Normal
2026-02-09 15:06:11.349505,London-76e5,36,28,Normal
2026-02-09 15:06:12.349505,London-76e5,39,7,Normal
2026-02-09 15:06:13.349505,London-76e5,-26,73,Normal
2026-02-09 15:06:14.349505,London-76e5,17,90,Normal
2026-02-09 15:06:15.349505,London-76e5,18,38,Normal
2026-02-09 15:06:16.349505,London-76e5,7,65,Normal
2026-02-09 15:06:17.349505,London-76e5,-20,24,Normal
2026-02-09 15:06:18.349505,London-76e5,-11,48,Normal
2026-02-09 15:06:19.349505,London-76e5,13,27,Normal
2026-02-09 15:06:20.349505,London-76e5,-19,5,Normal
2026-02-09 15:06:21.349505,London-76e5,50,80,Normal
2026-02-09 15:06:22.349505,London-76e5,41,54,Normal
2026-02-09 15:06:23.349505,London-76e5,-16,16,Normal
2026-02-09 15:06:24.349505,London-76e5,8,18,Normal
2026-02-09 15:06:25.349505,London-76e5,-15,93,Normal
2026-02-09 15:06:26.349505,London-76e5,32,42,Normal
2026-02-09 15:06:27.349505,London-76e5,11,4,Normal
2026-02-09 15:06:28.349505,London-76e5,26,54,Normal
2026-02-09 15:06:29.349505,London-76e5,39,39,Normal
2026-02-09 15:06:30.349505,London-76e5,32,48,Normal
2026-02-09 15:06:31.349505,London-76e5,19,100,Normal
2026-02-09 15:06:32.349505,London-76e5,24,40,Normal
2026-02-09 15:06:33.349505,London-76e5,33,28,Normal
2026-02-09 15:06:34.349505,London-76e5,41,53,Normal
2026-02-09 15:06:35.349505,London-76e5,34,85,Normal
2026-02-09 15:06:36.349505,London-76e5,46,43,Normal
2026-02-09 15:06:37.349505,London-76e5,28,68,Normal
2026-02-09 15:06:38.349505,London-76e5,34,3,Normal
2026-02-09 15:06:39.349505,London-76e5,-1,64,Normal
2026-02-09 15:06:40.349505,London-76e5,24,40,Normal
2026-02-09 15:06:41.349505,London-76e5,27,65,Normal
2026-02-09 15:06:42.349505,London-76e5,8,37,Normal
2026-02-09 15:06:43.349505,London-76e5,-2,88,Normal
2026-02-09 15:06:44.349505,London-76e5,23,77,Normal
2026-02-09 15:06:45.349505,London-76e5,32,32,Normal
2026-02-09 15:06:46.349505,London-76e5,46,63,Normal
2026-02-09 15:06:47.349505,London-76e5,10,39,Normal
2026-02-09 15:06:48.349505,London-76e5,-6,67,Normal
2026-02-09 15:06:49.349505,London-76e5,-8,79,Normal
2026-02-09 15:06:50.349505,London-76e5,16,52,Normal
2026-02-09 15:06:51.349505,London-76e5,15,25,Normal
2026-02-09 15:06:52.349505,London-76e5,0,63,Normal
2026-02-09 15:06:53.349505,London-76e5,34,68,Normal
2026-02-09 15:06:54.349505,London-76e5,38,45,Normal
2026-02-09 15:06:55.349505,London-76e5,3,36,Normal
2026-02-09 15:06:56.349505,London-76e5,-30,90,Normal
2026-02-09 15:06:57.349505,London-76e5,-10,77,Normal
2026-02-09 15:06:58.349505,London-76e5,-7,24,Normal
2026-02-09 15:06:59.349505,London-76e5,-21,57,Normal
2026-02-09 15:07:00.349505,London-76e5,28,27,Normal
2026-02-09 15:07:01.349505,London-76e5,-1,17,Normal
2026-02-09 15:07:02.349505,London-76e5,45,79,Normal
2026-02-09 15:07:03.349505,London-76e5,9,2,Normal
2026-02-09 15:07:04.349505,London-76e5,16,53,Normal
2026-02-09 15:07:05.349505,London-76e5,-24,48,Normal
2026-02-09 15:07:06.349505,London-76e5,-4,83,Normal
2026-02-09 15:07:07.349505,London-76e5,15,86,Normal
2026-02-09 15:07:08.349505,London-76e5,45,54,Normal
2026-02-09 15:07:09.349505,London-76e5,-28,75,Normal
2026-02-09 15:07:10.349505,London-76e5,8,80,Normal
2026-02-09 15:07:11.349505,London-76e5,-3,69,Normal
2026-02-09 15:07:12.349505,London-76e5,15,9,Normal
2026-02-09 15:07:13.349505,London-76e5,24,67,Normal
2026-02-09 15:07:14.349505,London-76e5,-5,23,Normal
2026-02-09 15:07:15.349505,London-76e5,11,100,Normal
2026-02-09 15:07:16.349505,London-76e5,-18,87,Normal
2026-02-09 15:07:17.349505,London-76e5,-15,48,Normal
2026-02-09 15:07:18.349505,London-76e5,22,16,Normal
2026-02-09 15:07:19.349505,London-76e5,48,42,Normal
2026-02-09 15:07:20.349505,London-76e5,33,4,Normal
2026-02-09 15:07:21.349505,London-76e5,-21,30,Normal
2026-02-09 15:07:22.349505,London-76e5,-4,60,Normal
2026-02-09 15:07:23.349505,London-76e5,-13,53,Normal
2026-02-09 15:07:24.349505,London-76e5,-16,8,Normal
2026-02-09 15:07:25.349505,London-76e5,-18,22,Normal
2026-02-09 15:07:26.349505,London-76e5,-25,56,Normal
2026-02-09 15:07:27.349505,London-76e5,-11,89,Normal
2026-02-09 15:07:28.349505,London-76e5,19,92,Normal
2026-02-09 15:07:29.349505,London-76e5,30,46,Normal
2026-02-09 15:07:30.349505,London-76e5,29,8,Normal
2026-02-09 15:07:31.349505,London-76e5,27,41,Normal
2026-02-09 15:07:32.349505,London-76e5,48,81,Normal
2026-02-09 15:07:33.349505,London-76e5,34,15,Normal
2026-02-09 15:07:34.349505,London-76e5,-17,8,Normal
2026-02-09 15:07:35.349505,London-76e5,-9,26,Normal
2026-02-09 15:07:36.349505,London-76e5,8,33,Normal
2026-02-09 15:07:37.349505,London-76e5,-9,2,Normal
2026-02-09 15:07:38.349505,London-76e5,41,31,Normal
2026-02-09 15:07:39.349505,London-76e5,47,6,Normal
2026-02-09 15:07:40.349505,London-76e5,2,56,Normal
2026-02-09 15:07:41.349505,London-76e5,15,83,Normal
2026-02-09 15:07:42.349505,London-76e5,1,3,Normal
2026-02-09 15:07:43.349505,London-76e5,18,73,Normal
2026-02-09 15:07:44.349505,London-76e5,-1,50,Normal
2026-02-09 15:07:45.349505,London-76e5,27,57,Normal
2026-02-09 15:07:46.349505,London-76e5,34,25,Normal
2026-02-09 15:07:47.349505,London-76e5,6,15,Normal
2026-02-09 15:07:48.349505,London-76e5,-11,83,Normal
2026-02-09 15:07:49.349505,London-76e5,-28,89,Normal
2026-02-09 15:07:50.349505,London-76e5,6,35,Normal
2026-02-09 15:07:51.349505,London-76e5,-23,13,Normal
2026-02-09 15:07:52.349505,London-76e5,31,97,Normal
2026-02-09 15:07:53.349505,London-76e5,23,51,Normal
2026-02-09 15:07:54.349505,London-76e5,24,69,Normal
2026-02-09 15:07:55.349505,London-76e5,-30,44,Normal
2026-02-09 15:07:56.349505,London-76e5,28,21,Normal
2026-02-09 15:07:57.349505,London-76e5,-18,75,Normal
2026-02-09 15:07:58.349505,London-76e5,0,68,Normal
2026-02-09 15:07:59.349505,London-76e5,-4,76,Normal
2026-02-09 15:08:00.349505,London-76e5,43,27,Normal
2026-02-09 15:08:01.349505,London-76e5,43,33,Normal
2026-02-09 15:08:02.349505,London-76e5,-23,91,Normal
2026-02-09 15:08:03.349505,London-76e5,15,20,Normal
2026-02-09 15:08:04.349505,London-76e5,-13,100,Normal
2026-02-09 15:08:05.349505,London-76e5,-1,28,Normal
2026-02-09 15:08:06.349505,London-76e5,0,71,Normal
2026-02-09 15:08:07.349505,London-76e5,33,67,Normal
2026-02-09 15:08:08.349505,London-76e5,1,76,Normal
2026-02-09 15:08:09.349505,London-76e5,35,88,Normal
2026-02-09 15:08:10.349505,London-76e5,37,51,Normal
2026-02-09 15:08:11.349505,London-76e5,26,46,Normal
2026-02-09 15:08:12.349505,London-76e5,30,96,Normal
2026-02-09 15:08:13.349505,London-76e5,-4,25,Normal
2026-02-09 15:08:14.349505,London-76e5,40,37,Normal
2026-02-09 15:08:15.349505,London-76e5,-19,90,Normal
2026-02-09 15:08:16.349505,London-76e5,1,11,Normal
2026-02-09 15:08:17.349505,London-76e5,32,8,Normal
2026-02-09 15:08:18.349505,London-76e5,-21,81,Normal
2026-02-09 15:08:19.349505,London-76e5,9,48,Normal
2026-02-09 15:08:20.349505,London-76e5,-26,4,Normal
2026-02-09 15:08:21.349505,London-76e5,-13,72,Normal
2026-02-09 15:08:22.349505,London-76e5,-7,78,Normal
2026-02-09 15:08:23.349505,London-76e5,-23,53,Normal
2026-02-09 15:08:24.349505,London-76e5,4,29,Normal
2026-02-09 15:08:25.349505,London-76e5,33,61,Normal
2026-02-09 15:08:26.349505,London-76e5,18,72,Normal
2026-02-09 15:08:27.349505,London-76e5,-28,6,Normal
2026-02-09 15:08:28.349505,London-76e5,21,81,Normal
2026-02-09 15:08:29.349505,London-76e5,-19,75,Normal
2026-02-09 15:08:30.349505,London-76e5,20,98,Normal
2026-02-09 15:08:31.349505,London-76e5,12,99,Normal
2026-02-09 15:08:32.349505,London-76e5,-5,39,Normal
2026-02-09 15:08:33.349505,London-76e5,-21,35,Normal
2026-02-09 15:08:34.349505,London-76e5,31,33,Normal
2026-02-09 15:08:35.349505,London-76e5,26,82,Normal
2026-02-09 15:08:36.349505,London-76e5,48,32,Normal
2026-02-09 15:08:37.349505,London-76e5,-11,21,Normal
2026-02-09 15:08:38.349505,London-76e5,-4,23,Normal
2026-02-09 15:08:39.349505,London-76e5,25,62,Normal
2026-02-09 15:08:40.349505,London-76e5,-5,54,Normal
2026-02-09 15:08:41.349505,London-76e5,19,71,Normal
2026-02-09 15:08:42.349505,London-76e5,11,30,Normal
2026-02-09 15:08:43.349505,London-76e5,-22,32,Normal
2026-02-09 15:08:44.349505,London-76e5,-27,49,Normal
2026-02-09 15:08:45.349505,London-76e5,15,98,Normal
2026-02-09 15:08:46.349505,London-76e5,7,4,Normal
2026-02-09 15:08:47.349505,London-76e5,24,14,Normal
2026-02-09 15:08:48.349505,London-76e5,3,29,Normal
2026-02-09 15:08:49.349505,London-76e5,32,45,Normal
2026-02-09 15:08:50.349505,London-76e5,48,100,Normal
2026-02-09 15:08:51.349505,London-76e5,-27,28,Normal
2026-02-09 15:08:52.349505,London-76e5,5,23,Normal
2026-02-09 15:08:53.349505,London-76e5,-12,57,Normal
2026-02-09 15:08:54.349505,London-76e5,-7,27,Normal
2026-02-09 15:08:55.349505,London-76e5,31,94,Normal
2026-02-09 15:08:56.349505,London-76e5,-14,9,Normal
2026-02-09 15:08:57.349505,London-76e5,43,3,Normal
2026-02-09 15:08:58.349505,London-76e5,4,62,Normal
2026-02-09 15:08:59.349505,London-76e5,46,5,Normal
2026-02-09 15:09:00.349505,London-76e5,46,32,Normal
2026-02-09 15:09:01.349505,London-76e5,-21,65,Normal
2026-02-09 15:09:02.349505,London-76e5,36,79,Normal
2026-02-09 15:09:03.349505,London-76e5,42,40,Normal
2026-02-09 15:09:04.349505,London-76e5,11,62,Normal
2026-02-09 15:09:05.349505,London-76e5,25,75,Normal
2026-02-09 15:09:06.349505,London-76e5,32,79,Normal
2026-02-09 15:09:07.349505,London-76e5,-5,22,Normal
2026-02-09 15:09:08.349505,London-76e5,35,34,Normal
2026-02-09 15:09:09.349505,London-76e5,8,24,Normal
2026-02-09 15:09:10.349505,London-76e5,17,13,Normal
2026-02-09 15:09:11.349505,London-76e5,-14,12,Normal
2026-02-09 15:09:12.349505,London-76e5,6,0,Normal
2026-02-09 15:09:13.349505,London-76e5,36,89,Normal
2026-02-09 15:09:14.349505,London-76e5,50,14,Normal
2026-02-09 15:09:15.349505,London-76e5,-1,6,Normal
2026-02-09 15:09:16.349505,London-76e5,8,73,Normal
2026-02-09 15:09:17.349505,London-76e5,37,81,Normal
2026-02-09 15:09:18.349505,London-76e5,-19,44,Normal
2026-02-09 15:09:19.349505,London-76e5,48,28,Normal
2026-02-09 15:09:20.349505,London-76e5,14,18,Normal
2026-02-09 15:09:21.349505,London-76e5,6,87,Normal
2026-02-09 15:09:22.349505,London-76e5,16,95,Normal
2026-02-09 15:09:23.349505,London-76e5,37,68,Normal
2026-02-09 15:09:24.349505,London-76e5,50,70,Normal
2026-02-09 15:09:25.349505,London-76e5,32,48,Normal
2026-02-09 15:09:26.349505,London-76e5,-22,48,Normal
2026-02-09 15:09:27.349505,London-76e5,2,91,Normal
2026-02-09 15:09:28.349505,London-76e5,-30,51,Normal
2026-02-09 15:09:29.349505,London-76e5,6,81,Normal
2026-02-09 15:09:30.349505,London-76e5,1,30,Normal
2026-02-09 15:09:31.349505,London-76e5,24,10,Normal
2026-02-09 15:09:32.349505,London-76e5,-13,74,Normal
2026-02-09 15:09:33.349505,London-76e5,4,52,Normal
2026-02-09 15:09:34.349505,London-76e5,13,56,Normal
2026-02-09 15:09:35.349505,London-76e5,17,83,Normal
2026-02-09 15:09:36.349505,London-76e5,-17,46,Normal
2026-02-09 15:09:37.349505,London-76e5,37,82,Normal
2026-02-09 15:09:38.349505,London-76e5,-15,88,Normal
2026-02-09 15:09:39.349505,London-76e5,0,19,Normal
2026-02-09 15:09:40.349505,London-76e5,-9,32,Normal
2026-02-09 15:09:41.349505,London-76e5,-7,9,Normal
2026-02-09 15:09:42.349505,London-76e5,6,8,Normal
2026-02-09 15:09:43.349505,London-76e5,46,43,Normal
2026-02-09 15:09:44.349505,London-76e5,26,32,Normal
2026-02-09 15:09:45.349505,London-76e5,50,95,Normal
2026-02-09 15:09:46.349505,London-76e5,2,5,Normal
2026-02-09 15:09:47.349505,London-76e5,1,44,Normal
2026-02-09 15:09:48.349505,London-76e5,6,20,Normal
2026-02-09 15:09:49.349505,London-76e5,44,0,Normal
2026-02-09 15:09:50.349505,London-76e5,16,75,Normal
2026-02-09 15:09:51.349505,London-76e5,3,43,Normal
2026-02-09 15:09:52.349505,London-76e5,31,99,Normal
2026-02-09 15:09:53.349505,London-76e5,-27,45,Normal
2026-02-09 15:09:54.349505,London-76e5,13,15,Normal
2026-02-09 15:09:55.349505,London-76e5,30,82,Normal
2026-02-09 15:09:56.349505,London-76e5,36,84,Normal
2026-02-09 15:09:57.349505,London-76e5,13,99,Normal
2026-02-09 15:09:58.349505,London-76e5,-9,26,Normal
2026-02-09 15:09:59.349505,London-76e5,33,6,Normal
2026-02-09 15:10:00.349505,London-76e5,-24,63,Normal
2026-02-09 15:10:01.349505,London-76e5,-11,55,Normal
2026-02-09 15:10:02.349505,London-76e5,40,1,Normal
2026-02-09 15:10:03.349505,London-76e5,-10,23,Normal
2026-02-09 15:10:04.349505,London-76e5,-2,31,Normal
2026-02-09 15:10:05.349505,London-76e5,4,2,Normal
2026-02-09 15:10:06.349505,London-76e5,29,41,Normal
2026-02-09 15:10:07.349505,London-76e5,-3,17,Normal
2026-02-09 15:10:08.349505,London-76e5,1,5,Normal
2026-02-09 15:10:09.349505,London-76e5,32,28,Normal
2026-02-09 15:10:10.349505,London-76e5,42,41,Normal
2026-02-09 15:10:11.349505,London-76e5,-5,79,Normal
2026-02-09 15:10:12.349505,London-76e5,48,91,Normal
2026-02-09 15:10:13.349505,London-76e5,-1,54,Normal
2026-02-09 15:10:14.349505,London-76e5,34,22,Normal
2026-02-09 15:10:15.349505,London-76e5,23,40,Normal
2026-02-09 15:10:16.349505,London-76e5,3,51,Normal
2026-02-09 15:10:17.349505,London-76e5,-9,21,Normal
2026-02-09 15:10:18.349505,London-76e5,45,85,Normal
2026-02-09 15:10:19.349505,London-76e5,34,46,Normal
2026-02-09 15:10:20.349505,London-76e5,47,17,Normal
2026-02-09 15:10:21.349505,London-76e5,15,11,Normal
2026-02-09 15:10:22.349505,London-76e5,-5,62,Normal
2026-02-09 15:10:23.349505,London-76e5,-30,1,Normal
2026-02-09 15:10:24.349505,London-76e5,-8,97,Normal
2026-02-09 15:10:25.349505,London-76e5,-8,65,Normal
2026-02-09 15:10:26.349505,London-76e5,35,81,Normal
2026-02-09 15:10:27.349505,London-76e5,27,76,Normal
2026-02-09 15:10:28.349505,London-76e5,-21,100,Normal
2026-02-09 15:10:29.349505,London-76e5,7,99,Normal
2026-02-09 15:10:30.349505,London-76e5,36,34,Normal
2026-02-09 15:10:31.349505,London-76e5,-16,37,Normal
2026-02-09 15:10:32.349505,London-76e5,25,59,Normal
2026-02-09 15:10:33.349505,London-76e5,-25,13,Normal
2026-02-09 15:10:34.349505,London-76e5,44,61,Normal
2026-02-09 15:10:35.349505,London-76e5,-12,50,Normal
2026-02-09 15:10:36.349505,London-76e5,25,82,Normal
2026-02-09 15:10:37.349505,London-76e5,6,52,Normal
2026-02-09 15:10:38.349505,London-76e5,19,39,Normal
2026-02-09 15:10:39.349505,London-76e5,-3,32,Normal
2026-02-09 15:10:40.349505,London-76e5,40,95,Normal
2026-02-09 15:10:41.349505,London-76e5,25,4,Normal
2026-02-09 15:10:42.349505,London-76e5,36,1,Normal
2026-02-09 15:10:43.349505,London-76e5,6,73,Normal
2026-02-09 15:10:44.349505,London-76e5,49,46,Normal
2026-02-09 15:10:45.349505,London-76e5,26,76,Normal
2026-02-09 15:10:46.349505,London-76e5,25,91,Normal
2026-02-09 15:10:47.349505,London-76e5,1,50,Normal
2026-02-09 15:10:48.349505,London-76e5,44,79,Normal
2026-02-09 15:10:49.349505,London-76e5,48,47,Normal
2026-02-09 15:10:50.349505,London-76e5,1,55,Normal
2026-02-09 15:10:51.349505,London-76e5,20,86,Normal
2026-02-09 15:10:52.349505,London-76e5,3,43,Normal
2026-02-09 15:10:53.349505,London-76e5,-25,99,Normal
2026-02-09 15:10:54.349505,London-76e5,-3,45,Normal
2026-02-09 15:10:55.349505,London-76e5,24,33,Normal
2026-02-09 15:10:56.349505,London-76e5,3,1,Normal
2026-02-09 15:10:57.349505,London-76e5,42,18,Normal
2026-02-09 15:10:58.349505,London-76e5,2,6,Normal
2026-02-09 15:10:59.349505,London-76e5,-18,68,Normal
2026-02-09 15:11:00.349505,London-76e5,-17,11,Normal
2026-02-09 15:11:01.349505,London-76e5,43,61,Normal
2026-02-09 15:11:02.349505,London-76e5,-25,65,Normal
2026-02-09 15:11:03.349505,London-76e5,-30,59,Normal
2026-02-09 15:11:04.349505,London-76e5,44,14,Normal
2026-02-09 15:11:05.349505,London-76e5,47,95,Normal
2026-02-09 15:11:06.349505,London-76e5,45,85,Normal
2026-02-09 15:11:07.349505,London-76e5,27,55,Normal
2026-02-09 15:11:08.349505,London-76e5,39,23,Normal
2026-02-09 15:11:09.349505,London-76e5,5,22,Normal
2026-02-09 15:11:10.349505,London-76e5,13,80,Normal
2026-02-09 15:11:11.349505,London-76e5,-14,94,Normal
2026-02-09 15:11:12.349505,London-76e5,42,75,Normal
2026-02-09 15:11:13.349505,London-76e5,34,73,Normal
2026-02-09 15:11:14.349505,London-76e5,20,26,Normal
2026-02-09 15:11:15.349505,London-76e5,6,46,Normal
2026-02-09 15:11:16.349505,London-76e5,34,19,Normal
2026-02-09 15:11:17.349505,London-76e5,-24,22,Normal
2026-02-09 15:11:18.349505,London-76e5,-20,72,Normal
2026-02-09 15:11:19.349505,London-76e5,-13,48,Normal
2026-02-09 15:11:20.349505,London-76e5,46,68,Normal
2026-02-09 15:11:21.349505,London-76e5,48,9,Normal
2026-02-09 15:11:22.349505,London-76e5,39,32,Normal
2026-02-09 15:11:23.349505,London-76e5,-7,51,Normal
2026-02-09 15:11:24.349505,London-76e5,-28,94,Normal
2026-02-09 15:11:25.349505,London-76e5,7,51,Normal
2026-02-09 15:11:26.349505,London-76e5,-19,44,Normal
2026-02-09 15:11:27.349505,London-76e5,-2,54,Normal
2026-02-09 15:11:28.349505,London-76e5,0,70,Normal
2026-02-09 15:11:29.349505,London-76e5,1,1,Normal
2026-02-09 15:11:30.349505,London-76e5,40,58,Normal
2026-02-09 15:11:31.349505,London-76e5,1,29,Normal
2026-02-09 15:11:32.349505,London-76e5,-15,90,Normal
2026-02-09 15:11:33.349505,London-76e5,21,10,Normal
2026-02-09 15:11:34.349505,London-76e5,-9,96,Normal
2026-02-09 15:11:35.349505,London-76e5,35,83,Normal
2026-02-09 15:11:36.349505,London-76e5,6,34,Normal
2026-02-09 15:11:37.349505,London-76e5,-15,34,Normal
2026-02-09 15:11:38.349505,London-76e5,-5,34,Normal
2026-02-09 15:11:39.349505,London-76e5,36,19,Normal
2026-02-09 15:11:40.349505,London-76e5,6,95,Normal
2026-02-09 15:11:41.349505,London-76e5,-26,30,Normal
2026-02-09 15:11:42.349505,London-76e5,-6,34,Normal
2026-02-09 15:11:43.349505,London-76e5,31,38,Normal
2026-02-09 15:11:44.349505,London-76e5,46,85,Normal
2026-02-09 15:11:45.349505,London-76e5,-12,94,Normal
2026-02-09 15:11:46.349505,London-76e5,-18,14,Normal
2026-02-09 15:11:47.349505,London-76e5,6,73,Normal
2026-02-09 15:11:48.349505,London-76e5,-24,56,Normal
2026-02-09 15:11:49.349505,London-76e5,27,82,Normal
2026-02-09 15:11:50.349505,London-76e5,33,93,Normal
2026-02-09 15:11:51.349505,London-76e5,-23,84,Normal
2026-02-09 15:11:52.349505,London-76e5,-18,66,Normal
2026-02-09 15:11:53.349505,London-76e5,46,45,Normal
2026-02-09 15:11:54.349505,London-76e5,32,2,Normal
2026-02-09 15:11:55.349505,London-76e5,29,85,Normal
2026-02-09 15:11:56.349505,London-76e5,-27,40,Normal
2026-02-09 15:11:57.349505,London-76e5,46,39,Normal
2026-02-09 15:11:58.349505,London-76e5,5,78,Normal
2026-02-09 15:11:59.349505,London-76e5,-11,93,Normal
2026-02-09 15:12:00.349505,London-76e5,14,82,Normal
2026-02-09 15:12:01.349505,London-76e5,-13,51,Normal
2026-02-09 15:12:02.349505,London-76e5,46,15,Normal
2026-02-09 15:12:03.349505,London-76e5,34,18,Normal
2026-02-09 15:12:04.349505,London-76e5,-18,79,Normal
2026-02-09 15:12:05.349505,London-76e5,7,3,Normal
2026-02-09 15:12:06.349505,London-76e5,-10,55,Normal
2026-02-09 15:12:07.349505,London-76e5,20,22,Normal
2026-02-09 15:12:08.349505,London-76e5,9,89,Normal
2026-02-09 15:12:09.349505,London-76e5,8,46,Normal
2026-02-09 15:12:10.349505,London-76e5,34,80,Normal
2026-02-09 15:12:11.349505,London-76e5,26,0,Normal
2026-02-09 15:12:12.349505,London-76e5,22,83,Normal
2026-02-09 15:12:13.349505,London-76e5,26,60,Normal
2026-02-09 15:12:14.349505,London-76e5,-7,22,Normal
2026-02-09 15:12:15.349505,London-76e5,-20,90,Normal
2026-02-09 15:12:16.349505,London-76e5,-2,96,Normal
2026-02-09 15:12:17.349505,London-76e5,13,99,Normal
2026-02-09 15:12:18.349505,London-76e5,36,13,Normal
2026-02-09 15:12:19.349505,London-76e5,-1,30,Normal
2026-02-09 15:12:20.349505,London-76e5,-6,11,Normal
2026-02-09 15:12:21.349505,London-76e5,45,78,Normal
2026-02-09 15:12:22.349505,London-76e5,-20,96,Normal
2026-02-09 15:12:23.349505,London-76e5,48,69,Normal
2026-02-09 15:12:24.349505,London-76e5,6,98,Normal
2026-02-09 15:12:25.349505,London-76e5,30,62,Normal
2026-02-09 15:12:26.349505,London-76e5,-29,92,Normal
2026-02-09 15:12:27.349505,London-76e5,2,56,Normal
2026-02-09 15:12:28.349505,London-76e5,46,24,Normal
2026-02-09 15:12:29.349505,London-76e5,-18,2,Normal
2026-02-09 15:12:30.349505,London-76e5,-8,8,Normal
2026-02-09 15:12:31.349505,London-76e5,32,11,Normal
2026-02-09 15:12:32.349505,London-76e5,-6,23,Normal
2026-02-09 15:12:33.349505,London-76e5,-8,16,Normal
2026-02-09 15:12:34.349505,London-76e5,2,42,Normal
2026-02-09 15:12:35.349505,London-76e5,44,16,Normal
2026-02-09 15:12:36.349505,London-76e5,26,96,Normal
2026-02-09 15:12:37.349505,London-76e5,18,41,Normal
2026-02-09 15:12:38.349505,London-76e5,18,87,Normal
2026-02-09 15:12:39.349505,London-76e5,7,11,Normal
2026-02-09 15:12:40.349505,London-76e5,-22,14,Normal
2026-02-09 15:12:41.349505,London-76e5,20,79,Normal
2026-02-09 15:12:42.349505,London-76e5,28,98,Normal
2026-02-09 15:12:43.349505,London-76e5,-22,69,Normal
2026-02-09 15:12:44.349505,London-76e5,6,67,Normal
2026-02-09 15:12:45.349505,London-76e5,32,2,Normal
2026-02-09 15:12:46.349505,London-76e5,-24,34,Normal
2026-02-09 15:12:47.349505,London-76e5,45,52,Normal
2026-02-09 15:12:48.349505,London-76e5,25,41,Normal
2026-02-09 15:12:49.349505,London-76e5,-20,88,Normal
2026-02-09 15:12:50.349505,London-76e5,48,0,Normal
2026-02-09 15:12:51.349505,London-76e5,10,94,Normal
2026-02-09 15:12:52.349505,London-76e5,24,100,Normal
2026-02-09 15:12:53.349505,London-76e5,1,76,Normal
2026-02-09 15:12:54.349505,London-76e5,44,4,Normal
2026-02-09 15:12:55.349505,London-76e5,-13,19,Normal
2026-02-09 15:12:56.349505,London-76e5,47,88,Normal
2026-02-09 15:12:57.349505,London-76e5,43,96,Normal
2026-02-09 15:12:58.349505,London-76e5,5,30,Normal
2026-02-09 15:12:59.349505,London-76e5,-15,63,Normal
2026-02-09 15:13:00.349505,London-76e5,46,79,Normal
2026-02-09 15:13:01.349505,London-76e5,28,94,Normal
2026-02-09 15:13:02.349505,London-76e5,19,79,Normal
2026-02-09 15:13:03.349505,London-76e5,-19,96,Normal
2026-02-09 15:13:04.349505,London-76e5,41,64,Normal
2026-02-09 15:13:05.349505,London-76e5,42,77,Normal
2026-02-09 15:13:06.349505,London-76e5,2,93,Normal
2026-02-09 15:13:07.349505,London-76e5,-24,45,Normal
2026-02-09 15:13:08.349505,London-76e5,-6,45,Normal
2026-02-09 15:13:09.349505,London-76e5,-9,21,Normal
2026-02-09 15:13:10.349505,London-76e5,-17,97,Normal
2026-02-09 15:13:11.349505,London-76e5,27,95,Normal
2026-02-09 15:13:12.349505,London-76e5,-11,9,Normal
2026-02-09 15:13:13.349505,London-76e5,-12,91,Normal
2026-02-09 15:13:14.349505,London-76e5,-17,54,Normal
2026-02-09 15:13:15.349505,London-76e5,-8,17,Normal
2026-02-09 15:13:16.349505,London-76e5,-9,70,Normal
2026-02-09 15:13:17.349505,London-76e5,29,40,Normal
2026-02-09 15:13:18.349505,London-76e5,33,12,Normal
2026-02-09 15:13:19.349505,London-76e5,45,33,Normal
2026-02-09 15:13:20.349505,London-76e5,22,42,Normal
2026-02-09 15:13:21.349505,London-76e5,-4,42,Normal
2026-02-09 15:13:22.349505,London-76e5,-16,89,Normal
2026-02-09 15:13:23.349505,London-76e5,33,32,Normal
2026-02-09 15:13:24.349505,London-76e5,-16,25,Normal
2026-02-09 15:13:25.349505,London-76e5,39,16,Normal
2026-02-09 15:13:26.349505,London-76e5,47,84,Normal
2026-02-09 15:13:27.349505,London-76e5,-18,50,Normal
2026-02-09 15:13:28.349505,London-76e5,22,94,Normal
2026-02-09 15:13:29.349505,London-76e5,49,23,Normal
2026-02-09 15:13:30.349505,London-76e5,38,8,Normal
2026-02-09 15:13:31.349505,London-76e5,-23,53,Normal
2026-02-09 15:13:32.349505,London-76e5,14,35,Normal
2026-02-09 15:13:33.349505,London-76e5,-14,82,Normal
2026-02-09 15:13:34.349505,London-76e5,-9,16,Normal
2026-02-09 15:13:35.349505,London-76e5,46,15,Normal
2026-02-09 15:13:36.349505,London-76e5,-25,10,Normal
2026-02-09 15:13:37.349505,London-76e5,9,89,Normal
2026-02-09 15:13:38.349505,London-76e5,-13,18,Normal
2026-02-09 15:13:39.349505,London-76e5,-24,25,Normal
2026-02-09 15:13:40.349505,London-76e5,6,35,Normal
2026-02-09 15:13:41.349505,London-76e5,-26,13,Normal
2026-02-09 15:13:42.349505,London-76e5,49,10,Normal
2026-02-09 15:13:43.349505,London-76e5,-9,43,Normal
2026-02-09 15:13:44.349505,London-76e5,47,38,Normal
2026-02-09 15:13:45.349505,London-76e5,10,34,Normal
2026-02-09 15:13:46.349505,London-76e5,38,61,Normal
2026-02-09 15:13:47.349505,London-76e5,-3,2,Normal
2026-02-09 15:13:48.349505,London-76e5,-20,13,Normal
2026-02-09 15:13:49.349505,London-76e5,-17,47,Normal
2026-02-09 15:13:50.349505,London-76e5,-23,91,Normal
2026-02-09 15:13:51.349505,London-76e5,45,46,Normal
2026-02-09 15:13:52.349505,London-76e5,10,91,Normal
2026-02-09 15:13:53.349505,London-76e5,37,53,Normal
2026-02-09 15:13:54.349505,London-76e5,-8,80,Normal
2026-02-09 15:13:55.349505,London-76e5,32,66,Normal
2026-02-09 15:13:56.349505,London-76e5,31,31,Normal
2026-02-09 15:13:57.349505,London-76e5,14,12,Normal
2026-02-09 15:13:58.349505,London-76e5,-26,24,Normal
2026-02-09 15:13:59.349505,London-76e5,-27,43,Normal
2026-02-09 15:14:00.349505,London-76e5,-19,76,Normal
2026-02-09 15:14:01.349505,London-76e5,36,85,Normal
2026-02-09 15:14:02.349505,London-76e5,39,16,Normal
2026-02-09 15:14:03.349505,London-76e5,-21,68,Normal
2026-02-09 15:14:04.349505,London-76e5,-8,58,Normal
2026-02-09 15:14:05.349505,London-76e5,45,75,Normal
2026-02-09 15:14:06.349505,London-76e5,19,64,Normal
2026-02-09 15:14:07.349505,London-76e5,-9,97,Normal
2026-02-09 15:14:08.349505,London-76e5,45,60,Normal
2026-02-09 15:14:09.349505,London-76e5,6,21,Normal
2026-02-09 15:14:10.349505,London-76e5,13,11,Normal
2026-02-09 15:14:11.349505,London-76e5,-10,77,Normal
2026-02-09 15:14:12.349505,London-76e5,18,43,Normal
2026-02-09 15:14:13.349505,London-76e5,37,90,Normal
2026-02-09 15:14:14.349505,London-76e5,25,63,Normal
2026-02-09 15:14:15.349505,London-76e5,28,83,Normal
2026-02-09 15:14:16.349505,London-76e5,-20,76,Normal
2026-02-09 15:14:17.349505,London-76e5,-4,9,Normal
2026-02-09 15:14:18.349505,London-76e5,-11,35,Normal
2026-02-09 15:14:19.349505,London-76e5,-16,80,Normal
2026-02-09 15:14:20.349505,London-76e5,41,71,Normal
2026-02-09 15:14:21.349505,London-76e5,2,4,Normal
2026-02-09 15:14:22.349505,London-76e5,34,73,Normal
2026-02-09 15:14:23.349505,London-76e5,-15,61,Normal
2026-02-09 15:14:24.349505,London-76e5,-30,57,Normal
2026-02-09 15:14:25.349505,London-76e5,-12,17,Normal
2026-02-09 15:14:26.349505,London-76e5,43,45,Normal
2026-02-09 15:14:27.349505,London-76e5,10,11,Normal
2026-02-09 15:14:28.349505,London-76e5,-5,85,Normal
2026-02-09 15:14:29.349505,London-76e5,-6,10,Normal
2026-02-09 15:14:30.349505,London-76e5,38,7,Normal
2026-02-09 15:14:31.349505,London-76e5,39,19,Normal
2026-02-09 15:14:32.349505,London-76e5,22,85,Normal
2026-02-09 15:14:33.349505,London-76e5,-27,52,Normal
2026-02-09 15:14:34.349505,London-76e5,7,79,Normal
2026-02-09 15:14:35.349505,London-76e5,49,56,Normal
2026-02-09 15:14:36.349505,London-76e5,15,35,Normal
2026-02-09 15:14:37.349505,London-76e5,4,5,Normal
2026-02-09 15:14:38.349505,London-76e5,37,92,Normal
2026-02-09 15:14:39.349505,London-76e5,-6,47,Normal
2026-02-09 15:14:40.349505,London-76e5,-29,49,Normal
2026-02-09 15:14:41.349505,London-76e5,23,52,Normal
2026-02-09 15:14:42.349505,London-76e5,-4,77,Normal
2026-02-09 15:14:43.349505,London-76e5,47,29,Normal
2026-02-09 15:14:44.349505,London-76e5,-20,27,Normal
2026-02-09 15:14:45.349505,London-76e5,14,68,Normal
2026-02-09 15:14:46.349505,London-76e5,29,55,Normal
2026-02-09 15:14:47.349505,London-76e5,28,29,Normal
2026-02-09 15:14:48.349505,London-76e5,22,46,Normal
2026-02-09 15:14:49.349505,London-76e5,1,11,Normal
2026-02-09 15:14:50.349505,London-76e5,43,56,Normal
2026-02-09 15:14:51.349505,London-76e5,40,96,Normal
2026-02-09 15:14:52.349505,London-76e5,-25,3,Normal
2026-02-09 15:14:53.349505,London-76e5,19,77,Normal
2026-02-09 15:14:54.349505,London-76e5,19,10,Normal
2026-02-09 15:14:55.349505,London-76e5,37,39,Normal
2026-02-09 15:14:56.349505,London-76e5,-28,31,Normal
2026-02-09 15:14:57.349505,London-76e5,35,15,Normal
2026-02-09 15:14:58.349505,London-76e5,33,73,Normal
2026-02-09 15:14:59.349505,London-76e5,-15,65,Normal
2026-02-09 15:15:00.349505,London-76e5,-25,5,Normal
2026-02-09 15:15:01.349505,London-76e5,-9,0,Normal
2026-02-09 15:15:02.349505,London-76e5,-25,44,Normal
2026-02-09 15:15:03.349505,London-76e5,18,18,Normal
2026-02-09 15:15:04.349505,London-76e5,-20,47,Normal
2026-02-09 15:15:05.349505,London-76e5,-30,34,Normal
2026-02-09 15:15:06.349505,London-76e5,3,40,Normal
2026-02-09 15:15:07.349505,London-76e5,-15,66,Normal
2026-02-09 15:15:08.349505,London-76e5,-25,55,Normal
2026-02-09 15:15:09.349505,London-76e5,14,29,Normal
2026-02-09 15:15:10.349505,London-76e5,25,30,Normal
2026-02-09 15:15:11.349505,London-76e5,3,13,Normal
2026-02-09 15:15:12.349505,London-76e5,-29,58,Normal
2026-02-09 15:15:13.349505,London-76e5,49,82,Normal
2026-02-09 15:15:14.349505,London-76e5,44,89,Normal
2026-02-09 15:15:15.349505,London-76e5,27,95,Normal
2026-02-09 15:15:16.349505,London-76e5,3,69,Normal
2026-02-09 15:15:17.349505,London-76e5,45,73,Normal
2026-02-09 15:15:18.349505,London-76e5,43,28,Normal
2026-02-09 15:15:19.349505,London-76e5,50,63,Normal
2026-02-09 15:15:20.349505,London-76e5,25,87,Normal
2026-02-09 15:15:21.349505,London-76e5,-14,17,Normal
2026-02-09 15:15:22.349505,London-76e5,44,75,Normal
2026-02-09 15:15:23.349505,London-76e5,17,95,Normal
2026-02-09 15:15:24.349505,London-76e5,24,30,Normal
2026-02-09 15:15:25.349505,London-76e5,9,37,Normal
2026-02-09 15:15:26.349505,London-76e5,50,0,Normal
2026-02-09 15:15:27.349505,London-76e5,-19,76,Normal
2026-02-09 15:15:28.349505,London-76e5,13,82,Normal
2026-02-09 15:15:29.349505,London-76e5,41,12,Normal
2026-02-09 15:15:30.349505,London-76e5,-13,80,Normal
2026-02-09 15:15:31.349505,London-76e5,-11,52,Normal
2026-02-09 15:15:32.349505,London-76e5,-16,28,Normal
2026-02-09 15:15:33.349505,London-76e5,35,49,Normal
2026-02-09 15:15:34.349505,London-76e5,12,44,Normal
2026-02-09 15:15:35.349505,London-76e5,29,26,Normal
2026-02-09 15:15:36.349505,London-76e5,-25,51,Normal
2026-02-09 15:15:37.349505,London-76e5,24,13,Normal
2026-02-09 15:15:38.349505,London-76e5,-3,64,Normal
2026-02-09 15:15:39.349505,London-76e5,-27,35,Normal
2026-02-09 15:15:40.349505,London-76e5,-13,36,Normal
2026-02-09 15:15:41.349505,London-76e5,2,67,Normal
2026-02-09 15:15:42.349505,London-76e5,19,54,Normal
2026-02-09 15:15:43.349505,London-76e5,24,88,Normal
2026-02-09 15:15:44.349505,London-76e5,34,84,Normal
2026-02-09 15:15:45.349505,London-76e5,1,15,Normal
2026-02-09 15:15:46.349505,London-76e5,-2,97,Normal
2026-02-09 15:15:47.349505,London-76e5,7,45,Normal
2026-02-09 15:15:48.349505,London-76e5,23,84,Normal
2026-02-09 15:15:49.349505,London-76e5,44,4,Normal
2026-02-09 15:15:50.349505,London-76e5,15,49,Normal
2026-02-09 15:15:51.349505,London-76e5,24,57,Normal
2026-02-09 15:15:52.349505,London-76e5,36,82,Normal
2026-02-09 15:15:53.349505,London-76e5,-18,25,Normal
2026-02-09 15:15:54.349505,London-76e5,-14,94,Normal
2026-02-09 15:15:55.349505,London-76e5,4,21,Normal
2026-02-09 15:15:56.349505,London-76e5,10,100,Normal
2026-02-09 15:15:57.349505,London-76e5,-9,42,Normal
2026-02-09 15:15:58.349505,London-76e5,-18,13,Normal
2026-02-09 15:15:59.349505,London-76e5,21,1,Normal
2026-02-09 15:16:00.349505,London-76e5,-7,46,Normal
2026-02-09 15:16:01.349505,London-76e5,-27,11,Normal
2026-02-09 15:16:02.349505,London-76e5,21,36,Normal
2026-02-09 15:16:03.349505,London-76e5,7,7,Normal
2026-02-09 15:16:04.349505,London-76e5,0,8,Normal
2026-02-09 15:16:05.349505,London-76e5,-25,78,Normal
2026-02-09 15:16:06.349505,London-76e5,-22,98,Normal
2026-02-09 15:16:07.349505,London-76e5,-3,5,Normal
2026-02-09 15:16:08.349505,London-76e5,-22,30,Normal
2026-02-09 15:16:09.349505,London-76e5,46,44,Normal
2026-02-09 15:16:10.349505,London-76e5,-11,95,Normal
2026-02-09 15:16:11.349505,London-76e5,39,70,Normal
2026-02-09 15:16:12.349505,London-76e5,-21,18,Normal
2026-02-09 15:16:13.349505,London-76e5,37,23,Normal
2026-02-09 15:16:14.349505,London-76e5,31,55,Normal
2026-02-09 15:16:15.349505,London-76e5,-13,91,Normal
2026-02-09 15:16:16.349505,London-76e5,4,86,Normal
2026-02-09 15:16:17.349505,London-76e5,21,30,Normal
2026-02-09 15:16:18.349505,London-76e5,20,0,Normal
2026-02-09 15:16:19.349505,London-76e5,-21,81,Normal
2026-02-09 15:16:20.349505,London-76e5,-2,55,Normal
2026-02-09 15:16:21.349505,London-76e5,-29,94,Normal
2026-02-09 15:16:22.349505,London-76e5,10,94,Normal
2026-02-09 15:16:23.349505,London-76e5,-2,19,Normal
2026-02-09 15:16:24.349505,London-76e5,0,64,Normal
2026-02-09 15:16:25.349505,London-76e5,-29,59,Normal
2026-02-09 15:16:26.349505,London-76e5,-17,21,Normal
2026-02-09 15:16:27.349505,London-76e5,28,32,Normal
2026-02-09 15:16:28.349505,London-76e5,35,96,Normal
2026-02-09 15:16:29.349505,London-76e5,50,69,Normal
2026-02-09 15:16:30.349505,London-76e5,5,42,Normal
2026-02-09 15:16:31.349505,London-76e5,27,26,Normal
2026-02-09 15:16:32.349505,London-76e5,-26,14,Normal
2026-02-09 15:16:33.349505,London-76e5,34,72,Normal
2026-02-09 15:16:34.349505,London-76e5,-24,69,Normal
2026-02-09 15:16:35.349505,London-76e5,-11,93,Normal
2026-02-09 15:16:36.349505,London-76e5,-16,29,Normal
2026-02-09 15:16:37.349505,London-76e5,29,69,Normal
2026-02-09 15:16:38.349505,London-76e5,-18,69,Normal
2026-02-09 15:16:39.349505,London-76e5,5,91,Normal
2026-02-09 15:16:40.349505,London-76e5,-12,71,Normal
2026-02-09 15:16:41.349505,London-76e5,39,56,Normal
2026-02-09 15:16:42.349505,London-76e5,42,77,Normal
2026-02-09 15:16:43.349505,London-76e5,17,74,Normal
2026-02-09 15:16:44.349505,London-76e5,-10,36,Normal
2026-02-09 15:16:45.349505,London-76e5,-5,95,Normal
2026-02-09 15:16:46.349505,London-76e5,32,55,Normal
2026-02-09 15:16:47.349505,London-76e5,-28,89,Normal
2026-02-09 15:16:48.349505,London-76e5,-3,64,Normal
2026-02-09 15:16:49.349505,London-76e5,17,15,Normal
2026-02-09 15:16:50.349505,London-76e5,11,2,Normal
2026-02-09 15:16:51.349505,London-76e5,49,33,Normal
2026-02-09 15:16:52.349505,London-76e5,-17,59,Normal
2026-02-09 15:16:53.349505,London-76e5,16,1,Normal
2026-02-09 15:16:54.349505,London-76e5,32,40,Normal
2026-02-09 15:16:55.349505,London-76e5,-9,96,Normal
2026-02-09 15:16:56.349505,London-76e5,35,9,Normal
2026-02-09 15:16:57.349505,London-76e5,22,3,Normal
2026-02-09 15:16:58.349505,London-76e5,-10,2,Normal
2026-02-09 15:16:59.349505,London-76e5,-18,89,Normal
2026-02-09 15:17:00.349505,London-76e5,7,66,Normal
2026-02-09 15:17:01.349505,London-76e5,19,76,Normal
2026-02-09 15:17:02.349505,London-76e5,-9,74,Normal
2026-02-09 15:17:03.349505,London-76e5,43,99,Normal
2026-02-09 15:17:04.349505,London-76e5,-5,80,Normal
2026-02-09 15:17:05.349505,London-76e5,42,46,Normal
2026-02-09 15:17:06.349505,London-76e5,-15,74,Normal
2026-02-09 15:17:07.349505,London-76e5,49,82,Normal
2026-02-09 15:17:08.349505,London-76e5,41,2,Normal
2026-02-09 15:17:09.349505,London-76e5,9,8,Normal
2026-02-09 15:17:10.349505,London-76e5,46,37,Normal
2026-02-09 15:17:11.349505,London-76e5,29,67,Normal
2026-02-09 15:17:12.349505,London-76e5,25,74,Normal
2026-02-09 15:17:13.349505,London-76e5,30,98,Normal
2026-02-09 15:17:14.349505,London-76e5,-19,13,Normal
2026-02-09 15:17:15.349505,London-76e5,32,92,Normal
2026-02-09 15:17:16.349505,London-76e5,-25,39,Normal
2026-02-09 15:17:17.349505,London-76e5,25,97,Normal
2026-02-09 15:17:18.349505,London-76e5,22,11,Normal
2026-02-09 15:17:19.349505,London-76e5,11,16,Normal
2026-02-09 15:17:20.349505,London-76e5,48,89,Normal
2026-02-09 15:17:21.349505,London-76e5,41,85,Normal
2026-02-09 15:17:22.349505,London-76e5,-6,1,Normal
2026-02-09 15:17:23.349505,London-76e5,22,72,Normal
2026-02-09 15:17:24.349505,London-76e5,28,1,Normal
2026-02-09 15:17:25.349505,London-76e5,23,3,Normal
2026-02-09 15:17:26.349505,London-76e5,19,74,Normal
2026-02-09 15:17:27.349505,London-76e5,9,48,Normal
2026-02-09 15:17:28.349505,London-76e5,-30,100,Normal
2026-02-09 15:17:29.349505,London-76e5,-1,84,Normal
2026-02-09 15:17:30.349505,London-76e5,9,70,Normal
2026-02-09 15:17:31.349505,London-76e5,36,10,Normal
2026-02-09 15:17:32.349505,London-76e5,45,36,Normal
2026-02-09 15:17:33.349505,London-76e5,-11,1,Normal
2026-02-09 15:17:34.349505,London-76e5,-28,11,Normal
2026-02-09 15:17:35.349505,London-76e5,34,90,Normal
2026-02-09 15:17:36.349505,London-76e5,1,1,Normal
2026-02-09 15:17:37.349505,London-76e5,-26,77,Normal
2026-02-09 15:17:38.349505,London-76e5,9,88,Normal
2026-02-09 15:17:39.349505,London-76e5,38,55,Normal
2026-02-09 15:17:40.349505,London-76e5,-14,97,Normal
2026-02-09 15:17:41.349505,London-76e5,-10,50,Normal
2026-02-09 15:17:42.349505,London-76e5,18,98,Normal
2026-02-09 15:17:43.349505,London-76e5,-25,46,Normal
2026-02-09 15:17:44.349505,London-76e5,23,44,Normal
2026-02-09 15:17:45.349505,London-76e5,41,73,Normal
2026-02-09 15:17:46.349505,London-76e5,3,33,Normal
2026-02-09 15:17:47.349505,London-76e5,-21,96,Normal
2026-02-09 15:17:48.349505,London-76e5,19,34,Normal
2026-02-09 15:17:49.349505,London-76e5,-11,98,Normal
2026-02-09 15:17:50.349505,London-76e5,33,17,Normal
2026-02-09 15:17:51.349505,London-76e5,21,77,Normal
2026-02-09 15:17:52.349505,London-76e5,40,12,Normal
2026-02-09 15:17:53.349505,London-76e5,25,44,Normal
2026-02-09 15:17:54.349505,London-76e5,13,30,Normal
2026-02-09 15:17:55.349505,London-76e5,7,79,Normal
2026-02-09 15:17:56.349505,London-76e5,21,98,Normal
2026-02-09 15:17:57.349505,London-76e5,13,88,Normal
2026-02-09 15:17:58.349505,London-76e5,-23,31,Normal
2026-02-09 15:17:59.349505,London-76e5,-22,96,Normal
2026-02-09 15:18:00.349505,London-76e5,1,79,Normal
2026-02-09 15:18:01.349505,London-76e5,30,22,Normal
2026-02-09 15:18:02.349505,London-76e5,45,40,Normal
2026-02-09 15:18:03.349505,London-76e5,42,97,Normal
2026-02-09 15:18:04.349505,London-76e5,-2,38,Normal
2026-02-09 15:18:05.349505,London-76e5,9,12,Normal
2026-02-09 15:18:06.349505,London-76e5,-15,36,Normal
2026-02-09 15:18:07.349505,London-76e5,33,7,Normal
2026-02-09 15:18:08.349505,London-76e5,8,30,Normal
2026-02-09 15:18:09.349505,London-76e5,21,45,Normal
2026-02-09 15:18:10.349505,London-76e5,5,100,Normal
2026-02-09 15:18:11.349505,London-76e5,41,60,Normal
2026-02-09 15:18:12.349505,London-76e5,24,83,Normal
2026-02-09 15:18:13.349505,London-76e5,49,80,Normal
2026-02-09 15:18:14.349505,London-76e5,1,67,Normal
2026-02-09 15:18:15.349505,London-76e5,3,87,Normal
2026-02-09 15:18:16.349505,London-76e5,48,62,Normal
2026-02-09 15:18:17.349505,London-76e5,42,86,Normal
2026-02-09 15:18:18.349505,London-76e5,20,8,Normal
2026-02-09 15:18:19.349505,London-76e5,42,4,Normal
2026-02-09 15:18:20.349505,London-76e5,6,96,Normal
2026-02-09 15:18:21.349505,London-76e5,-21,56,Normal
2026-02-09 15:18:22.349505,London-76e5,10,6,Normal
2026-02-09 15:18:23.349505,London-76e5,32,29,Normal
2026-02-09 15:18:24.349505,London-76e5,-9,56,Normal
2026-02-09 15:18:25.349505,London-76e5,-28,45,Normal
2026-02-09 15:18:26.349505,London-76e5,43,30,Normal
2026-02-09 15:18:27.349505,London-76e5,36,20,Normal
2026-02-09 15:18:28.349505,London-76e5,21,66,Normal
2026-02-09 15:18:29.349505,London-76e5,48,76,Normal
2026-02-09 15:18:30.349505,London-76e5,49,77,Normal
2026-02-09 15:18:31.349505,London-76e5,50,96,Normal
2026-02-09 15:18:32.349505,London-76e5,5,67,Normal
2026-02-09 15:18:33.349505,London-76e5,-8,25,Normal
2026-02-09 15:18:34.349505,London-76e5,26,74,Normal
2026-02-09 15:18:35.349505,London-76e5,-6,50,Normal
2026-02-09 15:18:36.349505,London-76e5,34,52,Normal
2026-02-09 15:18:37.349505,London-76e5,20,41,Normal
2026-02-09 15:18:38.349505,London-76e5,14,83,Normal
2026-02-09 15:18:39.349505,London-76e5,-20,44,Normal
2026-02-09 15:18:40.349505,London-76e5,38,38,Normal
2026-02-09 15:18:41.349505,London-76e5,3,73,Normal
2026-02-09 15:18:42.349505,London-76e5,0,4,Normal
2026-02-09 15:18:43.349505,London-76e5,0,66,Normal
2026-02-09 15:18:44.349505,London-76e5,48,36,Normal
2026-02-09 15:18:45.349505,London-76e5,36,69,Normal
2026-02-09 15:18:46.349505,London-76e5,-26,13,Normal
2026-02-09 15:18:47.349505,London-76e5,-12,56,Normal
2026-02-09 15:18:48.349505,London-76e5,35,29,Normal
2026-02-09 15:18:49.349505,London-76e5,-26,48,Normal
2026-02-09 15:18:50.349505,London-76e5,-30,64,Normal
2026-02-09 15:18:51.349505,London-76e5,-25,42,Normal
2026-02-09 15:18:52.349505,London-76e5,27,100,Normal
2026-02-09 15:18:53.349505,London-76e5,-11,91,Normal
2026-02-09 15:18:54.349505,London-76e5,36,48,Normal
2026-02-09 15:18:55.349505,London-76e5,-6,52,Normal
2026-02-09 15:18:56.349505,London-76e5,-11,49,Normal
2026-02-09 15:18:57.349505,London-76e5,-25,52,Normal
2026-02-09 15:18:58.349505,London-76e5,48,42,Normal
2026-02-09 15:18:59.349505,London-76e5,-27,59,Normal
2026-02-09 15:19:00.349505,London-76e5,-6,85,Normal
2026-02-09 15:19:01.349505,London-76e5,-11,10,Normal
2026-02-09 15:19:02.349505,London-76e5,-13,6,Normal
2026-02-09 15:19:03.349505,London-76e5,37,66,Normal
2026-02-09 15:19:04.349505,London-76e5,-9,59,Normal
2026-02-09 15:19:05.349505,London-76e5,29,75,Normal
2026-02-09 15:19:06.349505,London-76e5,9,78,Normal
2026-02-09 15:19:07.349505,London-76e5,35,77,Normal
2026-02-09 15:19:08.349505,London-76e5,18,47,Normal
2026-02-09 15:19:09.349505,London-76e5,18,71,Normal
2026-02-09 15:19:10.349505,London-76e5,40,13,Normal
2026-02-09 15:19:11.349505,London-76e5,39,50,Normal
2026-02-09 15:19:12.349505,London-76e5,12,22,Normal
2026-02-09 15:19:13.349505,London-76e5,11,5,Normal
2026-02-09 15:19:14.349505,London-76e5,38,22,Normal
2026-02-09 15:19:15.349505,London-76e5,22,15,Normal
2026-02-09 15:19:16.349505,London-76e5,49,29,Normal
2026-02-09 15:19:17.349505,London-76e5,-3,41,Normal
2026-02-09 15:19:18.349505,London-76e5,-9,1,Normal
2026-02-09 15:19:19.349505,London-76e5,13,40,Normal
2026-02-09 15:19:20.349505,London-76e5,-3,98,Normal
2026-02-09 15:19:21.349505,London-76e5,42,26,Normal
2026-02-09 15:19:22.349505,London-76e5,45,76,Normal
2026-02-09 15:19:23.349505,London-76e5,-9,86,Normal
2026-02-09 15:19:24.349505,London-76e5,8,28,Normal
2026-02-09 15:19:25.349505,London-76e5,-4,43,Normal
2026-02-09 15:19:26.349505,London-76e5,-2,58,Normal
2026-02-09 15:19:27.349505,London-76e5,18,9,Normal
2026-02-09 15:19:28.349505,London-76e5,-28,10,Normal
2026-02-09 15:19:29.349505,London-76e5,21,83,Normal
2026-02-09 15:19:30.349505,London-76e5,30,81,Normal
2026-02-09 15:19:31.349505,London-76e5,11,76,Normal
2026-02-09 15:19:32.349505,London-76e5,-12,31,Normal
2026-02-09 15:19:33.349505,London-76e5,-14,88,Normal
2026-02-09 15:19:34.349505,London-76e5,48,28,Normal
2026-02-09 15:19:35.349505,London-76e5,16,95,Normal
2026-02-09 15:19:36.349505,London-76e5,29,64,Normal
2026-02-09 15:19:37.349505,London-76e5,41,92,Normal
2026-02-09 15:19:38.349505,London-76e5,1,68,Normal
2026-02-09 15:19:39.349505,London-76e5,34,21,Normal
2026-02-09 15:19:40.349505,London-76e5,19,42,Normal
2026-02-09 15:19:41.349505,London-76e5,1,84,Normal
2026-02-09 15:19:42.349505,London-76e5,-18,96,Normal
2026-02-09 15:19:43.349505,London-76e5,25,55,Normal
2026-02-09 15:19:44.349505,London-76e5,10,85,Normal
2026-02-09 15:19:45.349505,London-76e5,2,23,Normal
2026-02-09 15:19:46.349505,London-76e5,-21,21,Normal
2026-02-09 15:19:47.349505,London-76e5,-23,55,Normal
2026-02-09 15:19:48.349505,London-76e5,-9,84,Normal
2026-02-09 15:19:49.349505,London-76e5,-1,83,Normal
2026-02-09 15:19:50.349505,London-76e5,-22,34,Normal
2026-02-09 15:19:51.349505,London-76e5,12,53,Normal
2026-02-09 15:19:52.349505,London-76e5,-28,52,Normal
2026-02-09 15:19:53.349505,London-76e5,-6,7,Normal
2026-02-09 15:19:54.349505,London-76e5,23,98,Normal
2026-02-09 15:19:55.349505,London-76e5,22,89,Normal
2026-02-09 15:19:56.349505,London-76e5,6,12,Normal
2026-02-09 15:19:57.349505,London-76e5,-4,86,Normal
2026-02-09 15:19:58.349505,London-76e5,-3,48,Normal
2026-02-09 15:19:59.349505,London-76e5,32,20,Normal
2026-02-09 15:20:00.349505,London-76e5,9,84,Normal
2026-02-09 15:20:01.349505,London-76e5,19,79,Normal
2026-02-09 15:20:02.349505,London-76e5,25,22,Normal
2026-02-09 15:20:03.349505,London-76e5,21,41,Normal
2026-02-09 15:20:04.349505,London-76e5,45,20,Normal
2026-02-09 15:20:05.349505,London-76e5,-29,65,Normal
2026-02-09 15:20:06.349505,London-76e5,29,8,Normal
2026-02-09 15:20:07.349505,London-76e5,-3,45,Normal
2026-02-09 15:20:08.349505,London-76e5,41,42,Normal
2026-02-09 15:20:09.349505,London-76e5,-29,88,Normal
2026-02-09 15:20:10.349505,London-76e5,37,41,Normal
2026-02-09 15:20:11.349505,London-76e5,13,12,Normal
2026-02-09 15:20:12.349505,London-76e5,36,91,Normal
2026-02-09 15:20:13.349505,London-76e5,-12,27,Normal
2026-02-09 15:20:14.349505,London-76e5,29,72,Normal
2026-02-09 15:20:15.349505,London-76e5,25,91,Normal
2026-02-09 15:20:16.349505,London-76e5,2,18,Normal
2026-02-09 15:20:17.349505,London-76e5,4,80,Normal
2026-02-09 15:20:18.349505,London-76e5,1,23,Normal
2026-02-09 15:20:19.349505,London-76e5,-12,65,Normal
2026-02-09 15:20:20.349505,London-76e5,9,77,Normal
2026-02-09 15:20:21.349505,London-76e5,47,99,Normal
2026-02-09 15:20:22.349505,London-76e5,22,86,Normal
2026-02-09 15:20:23.349505,London-76e5,37,28,Normal
2026-02-09 15:20:24.349505,London-76e5,48,11,Normal
2026-02-09 15:20:25.349505,London-76e5,44,22,Normal
2026-02-09 15:20:26.349505,London-76e5,3,15,Normal
2026-02-09 15:20:27.349505,London-76e5,43,11,Normal
2026-02-09 15:20:28.349505,London-76e5,33,21,Normal
2026-02-09 15:20:29.349505,London-76e5,19,15,Normal
2026-02-09 15:20:30.349505,London-76e5,-8,1,Normal
2026-02-09 15:20:31.349505,London-76e5,43,56,Normal
2026-02-09 15:20:32.349505,London-76e5,34,27,Normal
2026-02-09 15:20:33.349505,London-76e5,11,29,Normal
2026-02-09 15:20:34.349505,London-76e5,45,75,Normal
2026-02-09 15:20:35.349505,London-76e5,28,78,Normal
2026-02-09 15:20:36.349505,London-76e5,-26,40,Normal
2026-02-09 15:20:37.349505,London-76e5,-6,2,Normal
2026-02-09 15:20:38.349505,London-76e5,-21,68,Normal
2026-02-09 15:20:39.349505,London-76e5,-10,36,Normal
2026-02-09 15:20:40.349505,London-76e5,-4,91,Normal
2026-02-09 15:20:41.349505,London-76e5,41,82,Normal
2026-02-09 15:20:42.349505,London-76e5,21,89,Normal
2026-02-09 15:20:43.349505,London-76e5,2,23,Normal
2026-02-09 15:20:44.349505,London-76e5,20,59,Normal
2026-02-09 15:20:45.349505,London-76e5,-17,8,Normal
2026-02-09 15:20:46.349505,London-76e5,34,99,Normal
2026-02-09 15:20:47.349505,London-76e5,39,30,Normal
2026-02-09 15:20:48.349505,London-76e5,48,7,Normal
2026-02-09 15:20:49.349505,London-76e5,-6,46,Normal
2026-02-09 15:20:50.349505,London-76e5,6,22,Normal
2026-02-09 15:20:51.349505,London-76e5,-9,41,Normal
2026-02-09 15:20:52.349505,London-76e5,-9,60,Normal
2026-02-09 15:20:53.349505,London-76e5,-10,93,Normal
2026-02-09 15:20:54.349505,London-76e5,-22,80,Normal
2026-02-09 15:20:55.349505,London-76e5,36,63,Normal
2026-02-09 15:20:56.349505,London-76e5,18,10,Normal
2026-02-09 15:20:57.349505,London-76e5,41,5,Normal
2026-02-09 15:20:58.349505,London-76e5,11,4,Normal
2026-02-09 15:20:59.349505,London-76e5,-8,93,Normal
2026-02-09 15:21:00.349505,London-76e5,-11,24,Normal
2026-02-09 15:21:01.349505,London-76e5,5,72,Normal
2026-02-09 15:21:02.349505,London-76e5,6,75,Normal
2026-02-09 15:21:03.349505,London-76e5,-9,23,Normal
2026-02-09 15:21:04.349505,London-76e5,-17,31,Normal
2026-02-09 15:21:05.349505,London-76e5,3,71,Normal
2026-02-09 15:21:06.349505,London-76e5,14,45,Normal
2026-02-09 15:21:07.349505,London-76e5,-11,26,Normal
2026-02-09 15:21:08.349505,London-76e5,-4,65,Normal
2026-02-09 15:21:09.349505,London-76e5,-22,34,Normal
2026-02-09 15:21:10.349505,London-76e5,48,18,Normal
2026-02-09 15:21:11.349505,London-76e5,6,33,Normal
2026-02-09 15:21:12.349505,London-76e5,48,84,Normal
2026-02-09 15:21:13.349505,London-76e5,20,30,Normal
2026-02-09 15:21:14.349505,London-76e5,-19,11,Normal
2026-02-09 15:21:15.349505,London-76e5,8,79,Normal
2026-02-09 15:21:16.349505,London-76e5,-23,91,Normal
2026-02-09 15:21:17.349505,London-76e5,30,7,Normal
2026-02-09 15:21:18.349505,London-76e5,7,5,Normal
2026-02-09 15:21:19.349505,London-76e5,19,43,Normal
2026-02-09 15:21:20.349505,London-76e5,-15,45,Normal
2026-02-09 15:21:21.349505,London-76e5,46,96,Normal
2026-02-09 15:21:22.349505,London-76e5,3,8,Normal
2026-02-09 15:21:23.349505,London-76e5,-23,19,Normal
2026-02-09 15:21:24.349505,London-76e5,10,37,Normal
2026-02-09 15:21:25.349505,London-76e5,39,3,Normal
2026-02-09 15:21:26.349505,London-76e5,-20,19,Normal
2026-02-09 15:21:27.349505,London-76e5,-14,64,Normal
2026-02-09 15:21:28.349505,London-76e5,-4,14,Normal
2026-02-09 15:21:29.349505,London-76e5,12,81,Normal
2026-02-09 15:21:30.349505,London-76e5,0,87,Normal
2026-02-09 15:21:31.349505,London-76e5,50,41,Normal
2026-02-09 15:21:32.349505,London-76e5,29,12,Normal
2026-02-09 15:21:33.349505,London-76e5,-8,72,Normal
2026-02-09 15:21:34.349505,London-76e5,-12,68,Normal
2026-02-09 15:21:35.349505,London-76e5,31,10,Normal
2026-02-09 15:21:36.349505,London-76e5,2,85,Normal
2026-02-09 15:21:37.349505,London-76e5,15,66,Normal
2026-02-09 15:21:38.349505,London-76e5,13,40,Normal
2026-02-09 15:21:39.349505,London-76e5,-28,32,Normal
2026-02-09 15:21:40.349505,London-76e5,27,68,Normal
2026-02-09 15:21:41.349505,London-76e5,14,76,Normal
2026-02-09 15:21:42.349505,London-76e5,-25,53,Normal
2026-02-09 15:21:43.349505,London-76e5,-1,41,Normal
2026-02-09 15:21:44.349505,London-76e5,31,92,Normal
2026-02-09 15:21:45.349505,London-76e5,10,19,Normal
2026-02-09 15:21:46.349505,London-76e5,0,79,Normal
2026-02-09 15:21:47.349505,London-76e5,20,93,Normal
2026-02-09 15:21:48.349505,London-76e5,-9,22,Normal
2026-02-09 15:21:49.349505,London-76e5,13,38,Normal
2026-02-09 15:21:50.349505,London-76e5,-11,34,Normal
2026-02-09 15:21:51.349505,London-76e5,-15,43,Normal
2026-02-09 15:21:52.349505,London-76e5,42,65,Normal
2026-02-09 15:21:53.349505,London-76e5,-18,71,Normal
2026-02-09 15:21:54.349505,London-76e5,43,53,Normal
2026-02-09 15:21:55.349505,London-76e5,38,2,Normal
2026-02-09 15:21:56.349505,London-76e5,-5,10,Normal
2026-02-09 15:21:57.349505,London-76e5,25,35,Normal
2026-02-09 15:21:58.349505,London-76e5,21,14,Normal
2026-02-09 15:21:59.349505,London-76e5,-27,88,Normal
2026-02-09 15:22:00.349505,London-76e5,34,23,Normal
2026-02-09 15:22:01.349505,London-76e5,-15,0,Normal
2026-02-09 15:22:02.349505,London-76e5,-16,62,Normal
2026-02-09 15:22:03.349505,London-76e5,7,49,Normal
2026-02-09 15:22:04.349505,London-76e5,-9,25,Normal
2026-02-09 15:22:05.349505,London-76e5,29,82,Normal
2026-02-09 15:22:06.349505,London-76e5,-27,7,Normal
2026-02-09 15:22:07.349505,London-76e5,1,77,Normal
2026-02-09 15:22:08.349505,London-76e5,8,87,Normal
2026-02-09 15:22:09.349505,London-76e5,11,60,Normal
2026-02-09 15:22:10.349505,London-76e5,15,32,Normal
2026-02-09 15:22:11.349505,London-76e5,-25,20,Normal
2026-02-09 15:22:12.349505,London-76e5,24,83,Normal
2026-02-09 15:22:13.349505,London-76e5,-11,3,Normal
2026-02-09 15:22:14.349505,London-76e5,-5,77,Normal
2026-02-09 15:22:15.349505,London-76e5,16,61,Normal
2026-02-09 15:22:16.349505,London-76e5,12,97,Normal
2026-02-09 15:22:17.349505,London-76e5,44,82,Normal
2026-02-09 15:22:18.349505,London-76e5,19,22,Normal
2026-02-09 15:22:19.349505,London-76e5,10,35,Normal
2026-02-09 15:22:20.349505,London-76e5,-27,26,Normal
2026-02-09 15:22:21.349505,London-76e5,21,87,Normal
2026-02-09 15:22:22.349505,London-76e5,31,96,Normal
2026-02-09 15:22:23.349505,London-76e5,39,36,Normal
2026-02-09 15:22:24.349505,London-76e5,1,19,Normal
2026-02-09 15:22:25.349505,London-76e5,18,83,Normal
2026-02-09 15:22:26.349505,London-76e5,29,5,Normal
2026-02-09 15:22:27.349505,London-76e5,23,93,Normal
2026-02-09 15:22:28.349505,London-76e5,-16,81,Normal
2026-02-09 15:22:29.349505,London-76e5,-17,11,Normal
2026-02-09 15:22:30.349505,London-76e5,-10,14,Normal
2026-02-09 15:22:31.349505,London-76e5,40,26,Normal
2026-02-09 15:22:32.349505,London-76e5,35,49,Normal
2026-02-09 15:22:33.349505,London-76e5,49,64,Normal
2026-02-09 15:22:34.349505,London-76e5,0,76,Normal
2026-02-09 15:22:35.349505,London-76e5,-9,70,Normal
2026-02-09 15:22:36.349505,London-76e5,4,70,Normal
2026-02-09 15:22:37.349505,London-76e5,-25,34,Normal
2026-02-09 15:22:38.349505,London-76e5,-26,40,Normal
2026-02-09 15:22:39.349505,London-76e5,-17,40,Normal
2026-02-09 15:22:40.349505,London-76e5,0,38,Normal
2026-02-09 15:22:41.349505,London-76e5,2,72,Normal
2026-02-09 15:22:42.349505,London-76e5,20,3,Normal
2026-02-09 15:22:43.349505,London-76e5,-28,27,Normal
2026-02-09 15:22:44.349505,London-76e5,8,86,Normal
2026-02-09 15:22:45.349505,London-76e5,-16,23,Normal
2026-02-09 15:22:46.349505,London-76e5,-1,28,Normal
2026-02-09 15:22:47.349505,London-76e5,-26,17,Normal
2026-02-09 15:22:48.349505,London-76e5,-18,96,Normal
2026-02-09 15:22:49.349505,London-76e5,49,3,Normal
2026-02-09 15:22:50.349505,London-76e5,22,78,Normal
2026-02-09 15:22:51.349505,London-76e5,-28,3,Normal
2026-02-09 15:22:52.349505,London-76e5,40,76,Normal
2026-02-09 15:22:53.349505,London-76e5,28,34,Normal
2026-02-09 15:22:54.349505,London-76e5,1,86,Normal
2026-02-09 15:22:55.349505,London-76e5,42,89,Normal
2026-02-09 15:22:56.349505,London-76e5,-29,6,Normal
2026-02-09 15:22:57.349505,London-76e5,48,42,Normal
2026-02-09 15:22:58.349505,London-76e5,49,79,Normal
2026-02-09 15:22:59.349505,London-76e5,-6,40,Normal
2026-02-09 15:23:00.349505,London-76e5,22,69,Normal
2026-02-09 15:23:01.349505,London-76e5,-25,64,Normal
2026-02-09 15:23:02.349505,London-76e5,-29,29,Normal
2026-02-09 15:23:03.349505,London-76e5,-28,36,Normal
2026-02-09 15:23:04.349505,London-76e5,49,48,Normal
2026-02-09 15:23:05.349505,London-76e5,18,80,Normal
2026-02-09 15:23:06.349505,London-76e5,-2,79,Normal
2026-02-09 15:23:07.349505,London-76e5,-16,45,Normal
2026-02-09 15:23:08.349505,London-76e5,43,41,Normal
2026-02-09 15:23:09.349505,London-76e5,16,15,Normal
2026-02-09 15:23:10.349505,London-76e5,19,74,Normal
2026-02-09 15:23:11.349505,London-76e5,15,59,Normal
2026-02-09 15:23:12.349505,London-76e5,43,74,Normal
2026-02-09 15:23:13.349505,London-76e5,-17,30,Normal
2026-02-09 15:23:14.349505,London-76e5,29,81,Normal
2026-02-09 15:23:15.349505,London-76e5,2,17,Normal
2026-02-09 15:23:16.349505,London-76e5,-24,95,Normal
2026-02-09 15:23:17.349505,London-76e5,-13,40,Normal
2026-02-09 15:23:18.349505,London-76e5,-14,25,Normal
2026-02-09 15:23:19.349505,London-76e5,7,13,Normal
2026-02-09 15:23:20.349505,London-76e5,50,23,Normal
2026-02-09 15:23:21.349505,London-76e5,-13,8,Normal
2026-02-09 15:23:22.349505,London-76e5,31,74,Normal
2026-02-09 15:23:23.349505,London-76e5,17,17,Normal
2026-02-09 15:23:24.349505,London-76e5,-29,15,Normal
2026-02-09 15:23:25.349505,London-76e5,46,89,Normal
2026-02-09 15:23:26.349505,London-76e5,37,35,Normal
2026-02-09 15:23:27.349505,London-76e5,-28,49,Normal
2026-02-09 15:23:28.349505,London-76e5,-13,61,Normal
2026-02-09 15:23:29.349505,London-76e5,16,19,Normal
2026-02-09 15:23:30.349505,London-76e5,-1,45,Normal
2026-02-09 15:23:31.349505,London-76e5,6,96,Normal
2026-02-09 15:23:32.349505,London-76e5,-24,63,Normal
2026-02-09 15:23:33.349505,London-76e5,6,93,Normal
2026-02-09 15:23:34.349505,London-76e5,-14,51,Normal
2026-02-09 15:23:35.349505,London-76e5,-6,87,Normal
2026-02-09 15:23:36.349505,London-76e5,0,19,Normal
2026-02-09 15:23:37.349505,London-76e5,-11,35,Normal
2026-02-09 15:23:38.349505,London-76e5,-21,36,Normal
2026-02-09 15:23:39.349505,London-76e5,-8,12,Normal
2026-02-09 15:23:40.349505,London-76e5,-19,27,Normal
2026-02-09 15:23:41.349505,London-76e5,8,1,Normal
2026-02-09 15:23:42.349505,London-76e5,-18,54,Normal
2026-02-09 15:23:43.349505,London-76e5,42,84,Normal
2026-02-09 15:23:44.349505,London-76e5,10,16,Normal
2026-02-09 15:23:45.349505,London-76e5,-22,58,Normal
2026-02-09 15:23:46.349505,London-76e5,23,92,Normal
2026-02-09 15:23:47.349505,London-76e5,23,4,Normal
2026-02-09 15:23:48.349505,London-76e5,17,35,Normal
2026-02-09 15:23:49.349505,London-76e5,-3,10,Normal
2026-02-09 15:23:50.349505,London-76e5,37,26,Normal
2026-02-09 15:23:51.349505,London-76e5,31,2,Normal
2026-02-09 15:23:52.349505,London-76e5,30,17,Normal
2026-02-09 15:23:53.349505,London-76e5,-14,20,Normal
2026-02-09 15:23:54.349505,London-76e5,17,84,Normal
2026-02-09 15:23:55.349505,London-76e5,-1,19,Normal
2026-02-09 15:23:56.349505,London-76e5,30,37,Normal
2026-02-09 15:23:57.349505,London-76e5,-29,19,Normal
2026-02-09 15:23:58.349505,London-76e5,45,72,Normal
2026-02-09 15:23:59.349505,London-76e5,35,8,Normal
2026-02-09 15:24:00.349505,London-76e5,-2,82,Normal
2026-02-09 15:24:01.349505,London-76e5,-14,31,Normal
2026-02-09 15:24:02.349505,London-76e5,38,4,Normal
2026-02-09 15:24:03.349505,London-76e5,-5,31,Normal
2026-02-09 15:24:04.349505,London-76e5,-14,42,Normal
2026-02-09 15:24:05.349505,London-76e5,35,34,Normal
2026-02-09 15:24:06.349505,London-76e5,28,91,Normal
2026-02-09 15:24:07.349505,London-76e5,20,36,Normal
2026-02-09 15:24:08.349505,London-76e5,50,64,Normal
2026-02-09 15:24:09.349505,London-76e5,-6,72,Normal
2026-02-09 15:24:10.349505,London-76e5,-19,58,Normal
2026-02-09 15:24:11.349505,London-76e5,-1,43,Normal
2026-02-09 15:24:12.349505,London-76e5,6,24,Normal
2026-02-09 15:24:13.349505,London-76e5,1,61,Normal
2026-02-09 15:24:14.349505,London-76e5,-11,0,Normal
2026-02-09 15:24:15.349505,London-76e5,27,18,Normal
2026-02-09 15:24:16.349505,London-76e5,45,93,Normal
2026-02-09 15:24:17.349505,London-76e5,6,79,Normal
2026-02-09 15:24:18.349505,London-76e5,28,24,Normal
2026-02-09 15:24:19.349505,London-76e5,-22,73,Normal
2026-02-09 15:24:20.349505,London-76e5,-30,59,Normal
2026-02-09 15:24:21.349505,London-76e5,-16,79,Normal
2026-02-09 15:24:22.349505,London-76e5,15,7,Normal
2026-02-09 15:24:23.349505,London-76e5,24,38,Normal
2026-02-09 15:24:24.349505,London-76e5,-21,48,Normal
2026-02-09 15:24:25.349505,London-76e5,-2,56,Normal
2026-02-09 15:24:26.349505,London-76e5,-4,87,Normal
2026-02-09 15:24:27.349505,London-76e5,-1,36,Normal
2026-02-09 15:24:28.349505,London-76e5,31,75,Normal
2026-02-09 15:24:29.349505,London-76e5,28,99,Normal
2026-02-09 15:24:30.349505,London-76e5,27,2,Normal
2026-02-09 15:24:31.349505,London-76e5,-17,63,Normal
2026-02-09 15:24:32.349505,London-76e5,-14,78,Normal
2026-02-09 15:24:33.349505,London-76e5,35,60,Normal
2026-02-09 15:24:34.349505,London-76e5,2,61,Normal
2026-02-09 15:24:35.349505,London-76e5,20,65,Normal
2026-02-09 15:24:36.349505,London-76e5,2,20,Normal
2026-02-09 15:24:37.349505,London-76e5,13,22,Normal
2026-02-09 15:24:38.349505,London-76e5,-28,87,Normal
2026-02-09 15:24:39.349505,London-76e5,14,9,Normal
2026-02-09 15:24:40.349505,London-76e5,-17,42,Normal
2026-02-09 15:24:41.349505,London-76e5,-24,46,Normal
2026-02-09 15:24:42.349505,London-76e5,-1,21,Normal
2026-02-09 15:24:43.349505,London-76e5,41,31,Normal
2026-02-09 15:24:44.349505,London-76e5,-18,50,Normal
2026-02-09 15:24:45.349505,London-76e5,-18,75,Normal
2026-02-09 15:24:46.349505,London-76e5,32,57,Normal
2026-02-09 15:24:47.349505,London-76e5,-13,92,Normal
2026-02-09 15:24:48.349505,London-76e5,34,59,Normal
2026-02-09 15:24:49.349505,London-76e5,48,62,Normal
2026-02-09 15:24:50.349505,London-76e5,50,77,Normal
2026-02-09 15:24:51.349505,London-76e5,-22,33,Normal
2026-02-09 15:24:52.349505,London-76e5,-3,22,Normal
2026-02-09 15:24:53.349505,London-76e5,-15,34,Normal
2026-02-09 15:24:54.349505,London-76e5,-23,16,Normal
2026-02-09 15:24:55.349505,London-76e5,-5,48,Normal
2026-02-09 15:24:56.349505,London-76e5,14,12,Normal
2026-02-09 15:24:57.349505,London-76e5,47,61,Normal
2026-02-09 15:24:58.349505,London-76e5,13,66,Normal
2026-02-09 15:24:59.349505,London-76e5,-1,46,Normal
2026-02-09 15:25:00.349505,London-76e5,1,11,Normal
2026-02-09 15:25:01.349505,London-76e5,-21,53,Normal
2026-02-09 15:25:02.349505,London-76e5,19,28,Normal
2026-02-09 15:25:03.349505,London-76e5,34,77,Normal
2026-02-09 15:25:04.349505,London-76e5,-3,77,Normal
2026-02-09 15:25:05.349505,London-76e5,-29,90,Normal
2026-02-09 15:25:06.349505,London-76e5,-20,96,Normal
2026-02-09 15:25:07.349505,London-76e5,24,42,Normal
2026-02-09 15:25:08.349505,London-76e5,43,87,Normal
2026-02-09 15:25:09.349505,London-76e5,2,56,Normal
2026-02-09 15:25:10.349505,London-76e5,46,15,Normal
2026-02-09 15:25:11.349505,London-76e5,-9,48,Normal
2026-02-09 15:25:12.349505,London-76e5,-3,57,Normal
2026-02-09 15:25:13.349505,London-76e5,49,88,Normal
2026-02-09 15:25:14.349505,London-76e5,-4,47,Normal
2026-02-09 15:25:15.349505,London-76e5,-7,39,Normal
2026-02-09 15:25:16.349505,London-76e5,-20,97,Normal
2026-02-09 15:25:17.349505,London-76e5,-25,83,Normal
2026-02-09 15:25:18.349505,London-76e5,-15,71,Normal
2026-02-09 15:25:19.349505,London-76e5,-15,97,Normal
2026-02-09 15:25:20.349505,London-76e5,7,39,Normal
2026-02-09 15:25:21.349505,London-76e5,26,65,Normal
2026-02-09 15:25:22.349505,London-76e5,-28,89,Normal
2026-02-09 15:25:23.349505,London-76e5,18,20,Normal
2026-02-09 15:25:24.349505,London-76e5,-27,0,Normal
2026-02-09 15:25:25.349505,London-76e5,-5,75,Normal
2026-02-09 15:25:26.349505,London-76e5,-16,83,Normal
2026-02-09 15:25:27.349505,London-76e5,-18,93,Normal
2026-02-09 15:25:28.349505,London-76e5,46,59,Normal
2026-02-09 15:25:29.349505,London-76e5,-24,84,Normal
2026-02-09 15:25:30.349505,London-76e5,42,29,Normal
2026-02-09 15:25:31.349505,London-76e5,36,12,Normal
2026-02-09 15:25:32.349505,London-76e5,8,3,Normal
2026-02-09 15:25:33.349505,London-76e5,39,34,Normal
2026-02-09 15:25:34.349505,London-76e5,36,28,Normal
2026-02-09 15:25:35.349505,London-76e5,20,28,Normal
2026-02-09 15:25:36.349505,London-76e5,8,5,Normal
2026-02-09 15:25:37.349505,London-76e5,35,64,Normal
2026-02-09 15:25:38.349505,London-76e5,-4,13,Normal
2026-02-09 15:25:39.349505,London-76e5,8,15,Normal
2026-02-09 15:25:40.349505,London-76e5,-6,29,Normal
2026-02-09 15:25:41.349505,London-76e5,20,68,Normal
2026-02-09 15:25:42.349505,London-76e5,-12,52,Normal
2026-02-09 15:25:43.349505,London-76e5,48,71,Normal
2026-02-09 15:25:44.349505,London-76e5,7,6,Normal
2026-02-09 15:25:45.349505,London-76e5,12,49,Normal
2026-02-09 15:25:46.349505,London-76e5,45,67,Normal
2026-02-09 15:25:47.349505,London-76e5,11,13,Normal
2026-02-09 15:25:48.349505,London-76e5,50,34,Normal
2026-02-09 15:25:49.349505,London-76e5,43,39,Normal
2026-02-09 15:25:50.349505,London-76e5,-12,4,Normal
2026-02-09 15:25:51.349505,London-76e5,30,87,Normal
2026-02-09 15:25:52.349505,London-76e5,-13,64,Normal
2026-02-09 15:25:53.349505,London-76e5,33,22,Normal
2026-02-09 15:25:54.349505,London-76e5,28,30,Normal
2026-02-09 15:25:55.349505,London-76e5,33,73,Normal
2026-02-09 15:25:56.349505,London-76e5,-2,0,Normal
2026-02-09 15:25:57.349505,London-76e5,7,59,Normal
2026-02-09 15:25:58.349505,London-76e5,-5,35,Normal
2026-02-09 15:25:59.349505,London-76e5,47,70,Normal
2026-02-09 15:26:00.349505,London-76e5,6,34,Normal
2026-02-09 15:26:01.349505,London-76e5,41,97,Normal
2026-02-09 15:26:02.349505,London-76e5,-18,23,Normal
2026-02-09 15:26:03.349505,London-76e5,-30,32,Normal
2026-02-09 15:26:04.349505,London-76e5,25,50,Normal
2026-02-09 15:26:05.349505,London-76e5,4,53,Normal
2026-02-09 15:26:06.349505,London-76e5,11,21,Normal
2026-02-09 15:26:07.349505,London-76e5,40,61,Normal
2026-02-09 15:26:08.349505,London-76e5,43,72,Normal
2026-02-09 15:26:09.349505,London-76e5,7,14,Normal
2026-02-09 15:26:10.349505,London-76e5,49,78,Normal
2026-02-09 15:26:11.349505,London-76e5,-11,32,Normal
2026-02-09 15:26:12.349505,London-76e5,16,58,Normal
2026-02-09 15:26:13.349505,London-76e5,8,13,Normal
2026-02-09 15:26:14.349505,London-76e5,-21,74,Normal
2026-02-09 15:26:15.349505,London-76e5,-17,68,Normal
2026-02-09 15:26:16.349505,London-76e5,23,96,Normal
2026-02-09 15:26:17.349505,London-76e5,0,74,Normal
2026-02-09 15:26:18.349505,London-76e5,-24,70,Normal
2026-02-09 15:26:19.349505,London-76e5,5,37,Normal
2026-02-09 15:26:20.349505,London-76e5,28,12,Normal
2026-02-09 15:26:21.349505,London-76e5,48,5,Normal
2026-02-09 15:26:22.349505,London-76e5,-17,38,Normal
2026-02-09 15:26:23.349505,London-76e5,-23,62,Normal
2026-02-09 15:26:24.349505,London-76e5,-22,48,Normal
2026-02-09 15:26:25.349505,London-76e5,21,72,Normal
2026-02-09 15:26:26.349505,London-76e5,44,29,Normal
2026-02-09 15:26:27.349505,London-76e5,28,31,Normal
2026-02-09 15:26:28.349505,London-76e5,9,4,Normal
2026-02-09 15:26:29.349505,London-76e5,-14,52,Normal
2026-02-09 15:26:30.349505,London-76e5,49,98,Normal
2026-02-09 15:26:31.349505,London-76e5,27,87,Normal
2026-02-09 15:26:32.349505,London-76e5,15,36,Normal
2026-02-09 15:26:33.349505,London-76e5,-8,72,Normal
2026-02-09 15:26:34.349505,London-76e5,21,42,Normal
2026-02-09 15:26:35.349505,London-76e5,8,81,Normal
2026-02-09 15:26:36.349505,London-76e5,14,71,Normal
2026-02-09 15:26:37.349505,London-76e5,-10,68,Normal
2026-02-09 15:26:38.349505,London-76e5,40,95,Normal
2026-02-09 15:26:39.349505,London-76e5,-17,83,Normal
2026-02-09 15:26:40.349505,London-76e5,13,8,Normal
2026-02-09 15:26:41.349505,London-76e5,-20,22,Normal
2026-02-09 15:26:42.349505,London-76e5,-9,38,Normal
2026-02-09 15:26:43.349505,London-76e5,39,45,Normal
2026-02-09 15:26:44.349505,London-76e5,6,63,Normal
2026-02-09 15:26:45.349505,London-76e5,5,64,Normal
2026-02-09 15:26:46.349505,London-76e5,-3,83,Normal
2026-02-09 15:26:47.349505,London-76e5,-30,19,Normal
2026-02-09 15:26:48.349505,London-76e5,-26,61,Normal
2026-02-09 15:26:49.349505,London-76e5,31,64,Normal
2026-02-09 15:26:50.349505,London-76e5,-1,10,Normal
2026-02-09 15:26:51.349505,London-76e5,-14,90,Normal
2026-02-09 15:26:52.349505,London-76e5,50,52,Normal
2026-02-09 15:26:53.349505,London-76e5,-10,59,Normal
2026-02-09 15:26:54.349505,London-76e5,-2,48,Normal
2026-02-09 15:26:55.349505,London-76e5,31,25,Normal
2026-02-09 15:26:56.349505,London-76e5,29,51,Normal
2026-02-09 15:26:57.349505,London-76e5,-16,84,Normal
2026-02-09 15:26:58.349505,London-76e5,37,89,Normal
2026-02-09 15:26:59.349505,London-76e5,36,85,Normal
2026-02-09 15:27:00.349505,London-76e5,-13,82,Normal
2026-02-09 15:27:01.349505,London-76e5,10,17,Normal
2026-02-09 15:27:02.349505,London-76e5,-26,98,Normal
2026-02-09 15:27:03.349505,London-76e5,-28,43,Normal
2026-02-09 15:27:04.349505,London-76e5,-7,83,Normal
2026-02-09 15:27:05.349505,London-76e5,4,73,Normal
2026-02-09 15:27:06.349505,London-76e5,34,35,Normal
2026-02-09 15:27:07.349505,London-76e5,33,76,Normal
2026-02-09 15:27:08.349505,London-76e5,6,10,Normal
2026-02-09 15:27:09.349505,London-76e5,19,61,Normal
2026-02-09 15:27:10.349505,London-76e5,-19,96,Normal
2026-02-09 15:27:11.349505,London-76e5,-10,30,Normal
2026-02-09 15:27:12.349505,London-76e5,-4,31,Normal
2026-02-09 15:27:13.349505,London-76e5,0,53,Normal
2026-02-09 15:27:14.349505,London-76e5,48,58,Normal
2026-02-09 15:27:15.349505,London-76e5,32,44,Normal
2026-02-09 15:27:16.349505,London-76e5,-19,93,Normal
2026-02-09 15:27:17.349505,London-76e5,50,46,Normal
2026-02-09 15:27:18.349505,London-76e5,24,69,Normal
2026-02-09 15:27:19.349505,London-76e5,9,73,Normal
2026-02-09 15:27:20.349505,London-76e5,44,73,Normal
2026-02-09 15:27:21.349505,London-76e5,-7,25,Normal
2026-02-09 15:27:22.349505,London-76e5,-12,83,Normal
2026-02-09 15:27:23.349505,London-76e5,-25,23,Normal
2026-02-09 15:27:24.349505,London-76e5,-8,51,Normal
2026-02-09 15:27:25.349505,London-76e5,46,29,Normal
2026-02-09 15:27:26.349505,London-76e5,4,50,Normal
2026-02-09 15:27:27.349505,London-76e5,40,42,Normal
2026-02-09 15:27:28.349505,London-76e5,-6,37,Normal
2026-02-09 15:27:29.349505,London-76e5,46,52,Normal
2026-02-09 15:27:30.349505,London-76e5,-9,82,Normal
2026-02-09 15:27:31.349505,London-76e5,10,10,Normal
2026-02-09 15:27:32.349505,London-76e5,13,87,Normal
2026-02-09 15:27:33.349505,London-76e5,-15,92,Normal
2026-02-09 15:27:34.349505,London-76e5,31,80,Normal
2026-02-09 15:27:35.349505,London-76e5,-15,25,Normal
2026-02-09 15:27:36.349505,London-76e5,48,63,Normal
2026-02-09 15:27:37.349505,London-76e5,-19,78,Normal
2026-02-09 15:27:38.349505,London-76e5,36,91,Normal
2026-02-09 15:27:39.349505,London-76e5,-1,97,Normal
2026-02-09 15:27:40.349505,London-76e5,-27,94,Normal
2026-02-09 15:27:41.349505,London-76e5,2,75,Normal
2026-02-09 15:27:42.349505,London-76e5,12,81,Normal
2026-02-09 15:27:43.349505,London-76e5,8,59,Normal
2026-02-09 15:27:44.349505,London-76e5,33,26,Normal
2026-02-09 15:27:45.349505,London-76e5,28,26,Normal
2026-02-09 15:27:46.349505,London-76e5,0,20,Normal
2026-02-09 15:27:47.349505,London-76e5,39,49,Normal
2026-02-09 15:27:48.349505,London-76e5,36,10,Normal
2026-02-09 15:27:49.349505,London-76e5,-7,1,Normal
2026-02-09 15:27:50.349505,London-76e5,-27,58,Normal
2026-02-09 15:27:51.349505,London-76e5,10,71,Normal
2026-02-09 15:27:52.349505,London-76e5,-9,31,Normal
2026-02-09 15:27:53.349505,London-76e5,-14,11,Normal
2026-02-09 15:27:54.349505,London-76e5,16,15,Normal
2026-02-09 15:27:55.349505,London-76e5,27,69,Normal
2026-02-09 15:27:56.349505,London-76e5,-16,56,Normal
2026-02-09 15:27:57.349505,London-76e5,-23,75,Normal
2026-02-09 15:27:58.349505,London-76e5,-24,3,Normal
2026-02-09 15:27:59.349505,London-76e5,-29,78,Normal
2026-02-09 15:28:00.349505,London-76e5,30,12,Normal
2026-02-09 15:28:01.349505,London-76e5,-21,87,Normal
2026-02-09 15:28:02.349505,London-76e5,9,98,Normal
2026-02-09 15:28:03.349505,London-76e5,-30,99,Normal
2026-02-09 15:28:04.349505,London-76e5,11,92,Normal
2026-02-09 15:28:05.349505,London-76e5,42,86,Normal
2026-02-09 15:28:06.349505,London-76e5,-21,62,Normal
2026-02-09 15:28:07.349505,London-76e5,-2,23,Normal
2026-02-09 15:28:08.349505,London-76e5,4,28,Normal
2026-02-09 15:28:09.349505,London-76e5,19,85,Normal
2026-02-09 15:28:10.349505,London-76e5,24,67,Normal
2026-02-09 15:28:11.349505,London-76e5,45,74,Normal
2026-02-09 15:28:12.349505,London-76e5,-18,19,Normal
2026-02-09 15:28:13.349505,London-76e5,-8,66,Normal
2026-02-09 15:28:14.349505,London-76e5,43,23,Normal
2026-02-09 15:28:15.349505,London-76e5,37,74,Normal
2026-02-09 15:28:16.349505,London-76e5,31,92,Normal
2026-02-09 15:28:17.349505,London-76e5,22,53,Normal
2026-02-09 15:28:18.349505,London-76e5,4,13,Normal
2026-02-09 15:28:19.349505,London-76e5,21,81,Normal
2026-02-09 15:28:20.349505,London-76e5,36,29,Normal
2026-02-09 15:28:21.349505,London-76e5,1,93,Normal
2026-02-09 15:28:22.349505,London-76e5,-17,85,Normal
2026-02-09 15:28:23.349505,London-76e5,0,24,Normal
2026-02-09 15:28:24.349505,London-76e5,0,50,Normal
2026-02-09 15:28:25.349505,London-76e5,37,55,Normal
2026-02-09 15:28:26.349505,London-76e5,0,94,Normal
2026-02-09 15:28:27.349505,London-76e5,-7,97,Normal
2026-02-09 15:28:28.349505,London-76e5,21,91,Normal
2026-02-09 15:28:29.349505,London-76e5,-29,9,Normal
2026-02-09 15:28:30.349505,London-76e5,1,72,Normal
2026-02-09 15:28:31.349505,London-76e5,11,87,Normal
2026-02-09 15:28:32.349505,London-76e5,-18,81,Normal
2026-02-09 15:28:33.349505,London-76e5,40,51,Normal
2026-02-09 15:28:34.349505,London-76e5,33,28,Normal
2026-02-09 15:28:35.349505,London-76e5,-19,60,Normal
2026-02-09 15:28:36.349505,London-76e5,-29,27,Normal
2026-02-09 15:28:37.349505,London-76e5,32,97,Normal
2026-02-09 15:28:38.349505,London-76e5,30,73,Normal
2026-02-09 15:28:39.349505,London-76e5,23,25,Normal
2026-02-09 15:28:40.349505,London-76e5,-14,7,Normal
2026-02-09 15:28:41.349505,London-76e5,10,45,Normal
2026-02-09 15:28:42.349505,London-76e5,-12,49,Normal
2026-02-09 15:28:43.349505,London-76e5,-1,25,Normal
2026-02-09 15:28:44.349505,London-76e5,-19,15,Normal
2026-02-09 15:28:45.349505,London-76e5,-24,90,Normal
2026-02-09 15:28:46.349505,London-76e5,23,9,Normal
2026-02-09 15:28:47.349505,London-76e5,-11,23,Normal
2026-02-09 15:28:48.349505,London-76e5,1,3,Normal
2026-02-09 15:28:49.349505,London-76e5,1,61,Normal
2026-02-09 15:28:50.349505,London-76e5,-5,83,Normal
2026-02-09 15:28:51.349505,London-76e5,7,44,Normal
2026-02-09 15:28:52.349505,London-76e5,44,35,Normal
2026-02-09 15:28:53.349505,London-76e5,12,31,Normal
2026-02-09 15:28:54.349505,London-76e5,-6,23,Normal
2026-02-09 15:28:55.349505,London-76e5,13,33,Normal
2026-02-09 15:28:56.349505,London-76e5,-12,57,Normal
2026-02-09 15:28:57.349505,London-76e5,12,0,Normal
2026-02-09 15:28:58.349505,London-76e5,42,77,Normal
2026-02-09 15:28:59.349505,London-76e5,24,99,Normal
2026-02-09 15:29:00.349505,London-76e5,23,73,Normal
2026-02-09 15:29:01.349505,London-76e5,6,53,Normal
2026-02-09 15:29:02.349505,London-76e5,17,50,Normal
2026-02-09 15:29:03.349505,London-76e5,-29,25,Normal
2026-02-09 15:29:04.349505,London-76e5,15,12,Normal
2026-02-09 15:29:05.349505,London-76e5,41,13,Normal
2026-02-09 15:29:06.349505,London-76e5,28,63,Normal
2026-02-09 15:29:07.349505,London-76e5,25,76,Normal
2026-02-09 15:29:08.349505,London-76e5,6,59,Normal
2026-02-09 15:29:09.349505,London-76e5,48,97,Normal
2026-02-09 15:29:10.349505,London-76e5,-29,24,Normal
2026-02-09 15:29:11.349505,London-76e5,35,44,Normal
2026-02-09 15:29:12.349505,London-76e5,31,23,Normal
2026-02-09 15:29:13.349505,London-76e5,42,57,Normal
2026-02-09 15:29:14.349505,London-76e5,-11,97,Normal
2026-02-09 15:29:15.349505,London-76e5,-26,82,Normal
2026-02-09 15:29:16.349505,London-76e5,13,1,Normal
2026-02-09 15:29:17.349505,London-76e5,49,67,Normal
2026-02-09 15:29:18.349505,London-76e5,26,45,Normal
2026-02-09 15:29:19.349505,London-76e5,7,14,Normal
2026-02-09 15:29:20.349505,London-76e5,44,26,Normal
2026-02-09 15:29:21.349505,London-76e5,-9,67,Normal
2026-02-09 15:29:22.349505,London-76e5,35,25,Normal
2026-02-09 15:29:23.349505,London-76e5,-5,57,Normal
2026-02-09 15:29:24.349505,London-76e5,34,99,Normal
2026-02-09 15:29:25.349505,London-76e5,-19,90,Normal
2026-02-09 15:29:26.349505,London-76e5,-1,94,Normal
2026-02-09 15:29:27.349505,London-76e5,-2,100,Normal
2026-02-09 15:29:28.349505,London-76e5,-21,90,Normal
2026-02-09 15:29:29.349505,London-76e5,8,39,Normal
2026-02-09 15:29:30.349505,London-76e5,12,77,Normal
2026-02-09 15:29:31.349505,London-76e5,44,83,Normal
2026-02-09 15:29:32.349505,London-76e5,9,30,Normal
2026-02-09 15:29:33.349505,London-76e5,45,41,Normal
2026-02-09 15:29:34.349505,London-76e5,27,10,Normal
2026-02-09 15:29:35.349505,London-76e5,-26,3,Normal
2026-02-09 15:29:36.349505,London-76e5,8,84,Normal
2026-02-09 15:29:37.349505,London-76e5,-27,91,Normal
2026-02-09 15:29:38.349505,London-76e5,-19,15,Normal
2026-02-09 15:29:39.349505,London-76e5,-18,85,Normal
2026-02-09 15:29:40.349505,London-76e5,49,26,Normal
2026-02-09 15:29:41.349505,London-76e5,8,34,Normal
2026-02-09 15:29:42.349505,London-76e5,-27,2,Normal
2026-02-09 15:29:43.349505,London-76e5,40,69,Normal
2026-02-09 15:29:44.349505,London-76e5,18,15,Normal
2026-02-09 15:29:45.349505,London-76e5,-18,44,Normal
2026-02-09 15:29:46.349505,London-76e5,-24,65,Normal
2026-02-09 15:29:47.349505,London-76e5,47,59,Normal
2026-02-09 15:29:48.349505,London-76e5,42,80,Normal
2026-02-09 15:29:49.349505,London-76e5,21,60,Normal
2026-02-09 15:29:50.349505,London-76e5,9,32,Normal
2026-02-09 15:29:51.349505,London-76e5,44,97,Normal
2026-02-09 15:29:52.349505,London-76e5,37,31,Normal
2026-02-09 15:29:53.349505,London-76e5,13,66,Normal
2026-02-09 15:29:54.349505,London-76e5,-19,11,Normal
2026-02-09 15:29:55.349505,London-76e5,15,82,Normal
2026-02-09 15:29:56.349505,London-76e5,48,69,Normal
2026-02-09 15:29:57.349505,London-76e5,3,67,Normal
2026-02-09 15:29:58.349505,London-76e5,33,78,Normal
2026-02-09 15:29:59.349505,London-76e5,1,29,Normal
2026-02-09 15:30:00.349505,London-76e5,24,90,Normal
2026-02-09 15:30:01.349505,London-76e5,-12,62,Normal
2026-02-09 15:30:02.349505,London-76e5,10,67,Normal
2026-02-09 15:30:03.349505,London-76e5,18,93,Normal
2026-02-09 15:30:04.349505,London-76e5,8,80,Normal
2026-02-09 15:30:05.349505,London-76e5,21,39,Normal
2026-02-09 15:30:06.349505,London-76e5,5,60,Normal
2026-02-09 15:30:07.349505,London-76e5,31,47,Normal
2026-02-09 15:30:08.349505,London-76e5,-27,24,Normal
2026-02-09 15:30:09.349505,London-76e5,28,61,Normal
2026-02-09 15:30:10.349505,London-76e5,28,39,Normal
2026-02-09 15:30:11.349505,London-76e5,44,52,Normal
2026-02-09 15:30:12.349505,London-76e5,29,22,Normal
2026-02-09 15:30:13.349505,London-76e5,-4,90,Normal
2026-02-09 15:30:14.349505,London-76e5,23,33,Normal
2026-02-09 15:30:15.349505,London-76e5,-11,85,Normal
2026-02-09 15:30:16.349505,London-76e5,-25,9,Normal
2026-02-09 15:30:17.349505,London-76e5,25,71,Normal
2026-02-09 15:30:18.349505,London-76e5,-5,97,Normal
2026-02-09 15:30:19.349505,London-76e5,11,38,Normal
2026-02-09 15:30:20.349505,London-76e5,-13,72,Normal
2026-02-09 15:30:21.349505,London-76e5,-19,20,Normal
2026-02-09 15:30:22.349505,London-76e5,23,4,Normal
2026-02-09 15:30:23.349505,London-76e5,36,5,Normal
2026-02-09 15:30:24.349505,London-76e5,-6,78,Normal
2026-02-09 15:30:25.349505,London-76e5,-8,5,Normal
2026-02-09 15:30:26.349505,London-76e5,29,55,Normal
2026-02-09 15:30:27.349505,London-76e5,19,19,Normal
2026-02-09 15:30:28.349505,London-76e5,11,48,Normal
2026-02-09 15:30:29.349505,London-76e5,-15,79,Normal
2026-02-09 15:30:30.349505,London-76e5,-3,88,Normal
2026-02-09 15:30:31.349505,London-76e5,-21,35,Normal
2026-02-09 15:30:32.349505,London-76e5,0,11,Normal
2026-02-09 15:30:33.349505,London-76e5,36,59,Normal
2026-02-09 15:30:34.349505,London-76e5,4,87,Normal
2026-02-09 15:30:35.349505,London-76e5,43,4,Normal
2026-02-09 15:30:36.349505,London-76e5,9,1,Normal
2026-02-09 15:30:37.349505,London-76e5,21,82,Normal
2026-02-09 15:30:38.349505,London-76e5,7,33,Normal
2026-02-09 15:30:39.349505,London-76e5,11,11,Normal
2026-02-09 15:30:40.349505,London-76e5,46,41,Normal
2026-02-09 15:30:41.349505,London-76e5,45,9,Normal
2026-02-09 15:30:42.349505,London-76e5,9,50,Normal
2026-02-09 15:30:43.349505,London-76e5,-23,69,Normal
2026-02-09 15:30:44.349505,London-76e5,4,9,Normal
2026-02-09 15:30:45.349505,London-76e5,33,36,Normal
2026-02-09 15:30:46.349505,London-76e5,-11,51,Normal
2026-02-09 15:30:47.349505,London-76e5,-5,76,Normal
2026-02-09 15:30:48.349505,London-76e5,24,44,Normal
2026-02-09 15:30:49.349505,London-76e5,-24,29,Normal
2026-02-09 15:30:50.349505,London-76e5,-22,28,Normal
2026-02-09 15:30:51.349505,London-76e5,-26,95,Normal
2026-02-09 15:30:52.349505,London-76e5,-29,72,Normal
2026-02-09 15:30:53.349505,London-76e5,14,16,Normal
2026-02-09 15:30:54.349505,London-76e5,3,72,Normal
2026-02-09 15:30:55.349505,London-76e5,45,6,Normal
2026-02-09 15:30:56.349505,London-76e5,12,40,Normal
2026-02-09 15:30:57.349505,London-76e5,-3,8,Normal
2026-02-09 15:30:58.349505,London-76e5,25,21,Normal
2026-02-09 15:30:59.349505,London-76e5,-26,27,Normal
2026-02-09 15:31:00.349505,London-76e5,49,60,Normal
2026-02-09 15:31:01.349505,London-76e5,47,73,Normal
2026-02-09 15:31:02.349505,London-76e5,36,95,Normal
2026-02-09 15:31:03.349505,London-76e5,-30,36,Normal
2026-02-09 15:31:04.349505,London-76e5,-11,59,Normal
2026-02-09 15:31:05.349505,London-76e5,19,65,Normal
2026-02-09 15:31:06.349505,London-76e5,14,15,Normal
2026-02-09 15:31:07.349505,London-76e5,-29,23,Normal
2026-02-09 15:31:08.349505,London-76e5,-1,14,Normal
2026-02-09 15:31:09.349505,London-76e5,19,75,Normal
2026-02-09 15:31:10.349505,London-76e5,35,16,Normal
2026-02-09 15:31:11.349505,London-76e5,-18,38,Normal
2026-02-09 15:31:12.349505,London-76e5,36,25,Normal
2026-02-09 15:31:13.349505,London-76e5,46,20,Normal
2026-02-09 15:31:14.349505,London-76e5,-18,73,Normal
2026-02-09 15:31:15.349505,London-76e5,-2,93,Normal
2026-02-09 15:31:16.349505,London-76e5,16,34,Normal
2026-02-09 15:31:17.349505,London-76e5,-25,57,Normal
2026-02-09 15:31:18.349505,London-76e5,45,15,Normal
2026-02-09 15:31:19.349505,London-76e5,-11,44,Normal
2026-02-09 15:31:20.349505,London-76e5,-10,5,Normal
2026-02-09 15:31:21.349505,London-76e5,-4,68,Normal
2026-02-09 15:31:22.349505,London-76e5,44,23,Normal
2026-02-09 15:31:23.349505,London-76e5,10,26,Normal
2026-02-09 15:31:24.349505,London-76e5,25,25,Normal
2026-02-09 15:31:25.349505,London-76e5,-30,85,Normal
2026-02-09 15:31:26.349505,London-76e5,43,61,Normal
2026-02-09 15:31:27.349505,London-76e5,44,87,Normal
2026-02-09 15:31:28.349505,London-76e5,3,25,Normal
2026-02-09 15:31:29.349505,London-76e5,42,24,Normal
2026-02-09 15:31:30.349505,London-76e5,45,55,Normal
2026-02-09 15:31:31.349505,London-76e5,32,49,Normal
2026-02-09 15:31:32.349505,London-76e5,40,7,Normal
2026-02-09 15:31:33.349505,London-76e5,-3,15,Normal
2026-02-09 15:31:34.349505,London-76e5,45,53,Normal
2026-02-09 15:31:35.349505,London-76e5,39,34,Normal
2026-02-09 15:31:36.349505,London-76e5,13,11,Normal
2026-02-09 15:31:37.349505,London-76e5,33,79,Normal
2026-02-09 15:31:38.349505,London-76e5,-20,4,Normal
2026-02-09 15:31:39.349505,London-76e5,23,71,Normal
2026-02-09 15:31:40.349505,London-76e5,-6,0,Normal
2026-02-09 15:31:41.349505,London-76e5,-27,100,Normal
2026-02-09 15:31:42.349505,London-76e5,-25,85,Normal
2026-02-09 15:31:43.349505,London-76e5,40,95,Normal
2026-02-09 15:31:44.349505,London-76e5,6,3,Normal
2026-02-09 15:31:45.349505,London-76e5,-7,40,Normal
2026-02-09 15:31:46.349505,London-76e5,-6,7,Normal
2026-02-09 15:31:47.349505,London-76e5,41,99,Normal
2026-02-09 15:31:48.349505,London-76e5,16,65,Normal
2026-02-09 15:31:49.349505,London-76e5,16,32,Normal
2026-02-09 15:31:50.349505,London-76e5,14,78,Normal
2026-02-09 15:31:51.349505,London-76e5,46,79,Normal
2026-02-09 15:31:52.349505,London-76e5,4,100,Normal
2026-02-09 15:31:53.349505,London-76e5,29,55,Normal
2026-02-09 15:31:54.349505,London-76e5,-8,7,Normal
2026-02-09 15:31:55.349505,London-76e5,-9,5,Normal
2026-02-09 15:31:56.349505,London-76e5,37,27,Normal
2026-02-09 15:31:57.349505,London-76e5,-5,21,Normal
2026-02-09 15:31:58.349505,London-76e5,9,23,Normal
2026-02-09 15:31:59.349505,London-76e5,8,3,Normal
2026-02-09 15:32:00.349505,London-76e5,-27,45,Normal
2026-02-09 15:32:01.349505,London-76e5,22,60,Normal
2026-02-09 15:32:02.349505,London-76e5,35,85,Normal
2026-02-09 15:32:03.349505,London-76e5,-8,53,Normal
2026-02-09 15:32:04.349505,London-76e5,36,4,Normal
2026-02-09 15:32:05.349505,London-76e5,4,73,Normal
2026-02-09 15:32:06.349505,London-76e5,35,50,Normal
2026-02-09 15:32:07.349505,London-76e5,16,5,Normal
2026-02-09 15:32:08.349505,London-76e5,19,90,Normal
2026-02-09 15:32:09.349505,London-76e5,25,61,Normal
2026-02-09 15:32:10.349505,London-76e5,-16,83,Normal
2026-02-09 15:32:11.349505,London-76e5,-1,39,Normal
2026-02-09 15:32:12.349505,London-76e5,36,46,Normal
2026-02-09 15:32:13.349505,London-76e5,-2,3,Normal
2026-02-09 15:32:14.349505,London-76e5,-25,33,Normal
2026-02-09 15:32:15.349505,London-76e5,14,26,Normal
2026-02-09 15:32:16.349505,London-76e5,39,22,Normal
2026-02-09 15:32:17.349505,London-76e5,-17,36,Normal
2026-02-09 15:32:18.349505,London-76e5,-3,93,Normal
2026-02-09 15:32:19.349505,London-76e5,-21,41,Normal
2026-02-09 15:32:20.349505,London-76e5,25,52,Normal
2026-02-09 15:32:21.349505,London-76e5,-7,13,Normal
2026-02-09 15:32:22.349505,London-76e5,50,53,Normal
2026-02-09 15:32:23.349505,London-76e5,-26,29,Normal
2026-02-09 15:32:24.349505,London-76e5,7,19,Normal
2026-02-09 15:32:25.349505,London-76e5,-3,66,Normal
2026-02-09 15:32:26.349505,London-76e5,29,38,Normal
2026-02-09 15:32:27.349505,London-76e5,17,24,Normal
2026-02-09 15:32:28.349505,London-76e5,-1,89,Normal
2026-02-09 15:32:29.349505,London-76e5,13,23,Normal
2026-02-09 15:32:30.349505,London-76e5,-17,93,Normal
2026-02-09 15:32:31.349505,London-76e5,34,19,Normal
2026-02-09 15:32:32.349505,London-76e5,41,85,Normal
2026-02-09 15:32:33.349505,London-76e5,3,61,Normal
2026-02-09 15:32:34.349505,London-76e5,45,86,Normal
2026-02-09 15:32:35.349505,London-76e5,36,16,Normal
2026-02-09 15:32:36.349505,London-76e5,1,22,Normal
2026-02-09 15:32:37.349505,London-76e5,-8,17,Normal
2026-02-09 15:32:38.349505,London-76e5,42,41,Normal
2026-02-09 15:32:39.349505,London-76e5,21,37,Normal
2026-02-09 15:32:40.349505,London-76e5,43,99,Normal
2026-02-09 15:32:41.349505,London-76e5,47,1,Normal
2026-02-09 15:32:42.349505,London-76e5,37,94,Normal
2026-02-09 15:32:43.349505,London-76e5,2,88,Normal
2026-02-09 15:32:44.349505,London-76e5,40,59,Normal
2026-02-09 15:32:45.349505,London-76e5,16,54,Normal
2026-02-09 15:32:46.349505,London-76e5,11,36,Normal
2026-02-09 15:32:47.349505,London-76e5,41,23,Normal
2026-02-09 15:32:48.349505,London-76e5,6,41,Normal
2026-02-09 15:32:49.349505,London-76e5,1,12,Normal
2026-02-09 15:32:50.349505,London-76e5,-7,82,Normal
2026-02-09 15:32:51.349505,London-76e5,-3,73,Normal
2026-02-09 15:32:52.349505,London-76e5,27,41,Normal
2026-02-09 15:32:53.349505,London-76e5,23,64,Normal
2026-02-09 15:32:54.349505,London-76e5,-17,26,Normal
2026-02-09 15:32:55.349505,London-76e5,4,17,Normal
2026-02-09 15:32:56.349505,London-76e5,24,2,Normal
2026-02-09 15:32:57.349505,London-76e5,41,0,Normal
2026-02-09 15:32:58.349505,London-76e5,-23,25,Normal
2026-02-09 15:32:59.349505,London-76e5,43,86,Normal
2026-02-09 15:33:00.349505,London-76e5,9,66,Normal
2026-02-09 15:33:01.349505,London-76e5,15,1,Normal
2026-02-09 15:33:02.349505,London-76e5,31,69,Normal
2026-02-09 15:33:03.349505,London-76e5,46,9,Normal
2026-02-09 15:33:04.349505,London-76e5,-1,55,Normal
2026-02-09 15:33:05.349505,London-76e5,-2,36,Normal
2026-02-09 15:33:06.349505,London-76e5,18,65,Normal
2026-02-09 15:33:07.349505,London-76e5,11,42,Normal
2026-02-09 15:33:08.349505,London-76e5,42,26,Normal
2026-02-09 15:33:09.349505,London-76e5,-3,35,Normal
2026-02-09 15:33:10.349505,London-76e5,33,59,Normal
2026-02-09 15:33:11.349505,London-76e5,20,9,Normal
2026-02-09 15:33:12.349505,London-76e5,-4,36,Normal
2026-02-09 15:33:13.349505,London-76e5,-14,20,Normal
2026-02-09 15:33:14.349505,London-76e5,17,90,Normal
2026-02-09 15:33:15.349505,London-76e5,20,85,Normal
2026-02-09 15:33:16.349505,London-76e5,-8,93,Normal
2026-02-09 15:33:17.349505,London-76e5,-27,20,Normal
2026-02-09 15:33:18.349505,London-76e5,0,37,Normal
2026-02-09 15:33:19.349505,London-76e5,49,44,Normal
2026-02-09 15:33:20.349505,London-76e5,9,36,Normal
2026-02-09 15:33:21.349505,London-76e5,24,74,Normal
2026-02-09 15:33:22.349505,London-76e5,13,75,Normal
2026-02-09 15:33:23.349505,London-76e5,3,50,Normal
2026-02-09 15:33:24.349505,London-76e5,11,4,Normal
2026-02-09 15:33:25.349505,London-76e5,48,26,Normal
2026-02-09 15:33:26.349505,London-76e5,-8,54,Normal
2026-02-09 15:33:27.349505,London-76e5,-25,5,Normal
2026-02-09 15:33:28.349505,London-76e5,5,14,Normal
2026-02-09 15:33:29.349505,London-76e5,33,96,Normal
2026-02-09 15:33:30.349505,London-76e5,-9,7,Normal
2026-02-09 15:33:31.349505,London-76e5,39,51,Normal
2026-02-09 15:33:32.349505,London-76e5,-18,99,Normal
2026-02-09 15:33:33.349505,London-76e5,0,3,Normal
2026-02-09 15:33:34.349505,London-76e5,42,1,Normal
2026-02-09 15:33:35.349505,London-76e5,-7,94,Normal
2026-02-09 15:33:36.349505,London-76e5,40,88,Normal
2026-02-09 15:33:37.349505,London-76e5,-5,40,Normal
2026-02-09 15:33:38.349505,London-76e5,27,69,Normal
2026-02-09 15:33:39.349505,London-76e5,5,6,Normal
2026-02-09 15:33:40.349505,London-76e5,-16,48,Normal
2026-02-09 15:33:41.349505,London-76e5,2,37,Normal
2026-02-09 15:33:42.349505,London-76e5,49,90,Normal
2026-02-09 15:33:43.349505,London-76e5,-10,10,Normal
2026-02-09 15:33:44.349505,London-76e5,-9,91,Normal
2026-02-09 15:33:45.349505,London-76e5,34,53,Normal
2026-02-09 15:33:46.349505,London-76e5,29,13,Normal
2026-02-09 15:33:47.349505,London-76e5,-15,29,Normal
2026-02-09 15:33:48.349505,London-76e5,26,6,Normal
2026-02-09 15:33:49.349505,London-76e5,-11,62,Normal
2026-02-09 15:33:50.349505,London-76e5,14,38,Normal
2026-02-09 15:33:51.349505,London-76e5,-20,62,Normal
2026-02-09 15:33:52.349505,London-76e5,-28,75,Normal
2026-02-09 15:33:53.349505,London-76e5,13,12,Normal
2026-02-09 15:33:54.349505,London-76e5,22,0,Normal
2026-02-09 15:33:55.349505,London-76e5,-12,19,Normal
2026-02-09 15:33:56.349505,London-76e5,49,87,Normal
2026-02-09 15:33:57.349505,London-76e5,45,2,Normal
2026-02-09 15:33:58.349505,London-76e5,16,26,Normal
2026-02-09 15:33:59.349505,London-76e5,46,42,Normal
2026-02-09 15:34:00.349505,London-76e5,-2,89,Normal
2026-02-09 15:34:01.349505,London-76e5,-23,57,Normal
2026-02-09 15:34:02.349505,London-76e5,16,6,Normal
2026-02-09 15:34:03.349505,London-76e5,-19,65,Normal
2026-02-09 15:34:04.349505,London-76e5,-23,13,Normal
2026-02-09 15:34:05.349505,London-76e5,-17,16,Normal
2026-02-09 15:34:06.349505,London-76e5,6,47,Normal
2026-02-09 15:34:07.349505,London-76e5,4,19,Normal
2026-02-09 15:34:08.349505,London-76e5,-1,74,Normal
2026-02-09 15:34:09.349505,London-76e5,-22,4,Normal
2026-02-09 15:34:10.349505,London-76e5,-5,47,Normal
2026-02-09 15:34:11.349505,London-76e5,34,86,Normal
2026-02-09 15:34:12.349505,London-76e5,27,56,Normal
2026-02-09 15:34:13.349505,London-76e5,-24,18,Normal
2026-02-09 15:34:14.349505,London-76e5,10,16,Normal
2026-02-09 15:34:15.349505,London-76e5,7,52,Normal
2026-02-09 15:34:16.349505,London-76e5,-15,84,Normal
2026-02-09 15:34:17.349505,London-76e5,2,17,Normal
2026-02-09 15:34:18.349505,London-76e5,10,32,Normal
2026-02-09 15:34:19.349505,London-76e5,26,23,Normal
2026-02-09 15:34:20.349505,London-76e5,25,59,Normal
2026-02-09 15:34:21.349505,London-76e5,-28,8,Normal
2026-02-09 15:34:22.349505,London-76e5,31,22,Normal
2026-02-09 15:34:23.349505,London-76e5,7,40,Normal
2026-02-09 15:34:24.349505,London-76e5,40,69,Normal
2026-02-09 15:34:25.349505,London-76e5,12,32,Normal
2026-02-09 15:34:26.349505,London-76e5,-16,94,Normal
2026-02-09 15:34:27.349505,London-76e5,40,82,Normal
2026-02-09 15:34:28.349505,London-76e5,29,75,Normal
2026-02-09 15:34:29.349505,London-76e5,-25,11,Normal
2026-02-09 15:34:30.349505,London-76e5,5,90,Normal
2026-02-09 15:34:31.349505,London-76e5,23,51,Normal
2026-02-09 15:34:32.349505,London-76e5,-5,16,Normal
2026-02-09 15:34:33.349505,London-76e5,29,26,Normal
2026-02-09 15:34:34.349505,London-76e5,0,89,Normal
2026-02-09 15:34:35.349505,London-76e5,9,78,Normal
2026-02-09 15:34:36.349505,London-76e5,38,34,Normal
2026-02-09 15:34:37.349505,London-76e5,42,9,Normal
2026-02-09 15:34:38.349505,London-76e5,4,66,Normal
2026-02-09 15:34:39.349505,London-76e5,29,16,Normal
2026-02-09 15:34:40.349505,London-76e5,9,13,Normal
2026-02-09 15:34:41.349505,London-76e5,29,37,Normal
2026-02-09 15:34:42.349505,London-76e5,40,17,Normal
2026-02-09 15:34:43.349505,London-76e5,29,27,Normal
2026-02-09 15:34:44.349505,London-76e5,3,82,Normal
2026-02-09 15:34:45.349505,London-76e5,-17,85,Normal
2026-02-09 15:34:46.349505,London-76e5,15,12,Normal
2026-02-09 15:34:47.349505,London-76e5,24,56,Normal
2026-02-09 15:34:48.349505,London-76e5,46,8,Normal
2026-02-09 15:34:49.349505,London-76e5,26,25,Normal
2026-02-09 15:34:50.349505,London-76e5,-13,22,Normal
2026-02-09 15:34:51.349505,London-76e5,47,66,Normal
2026-02-09 15:34:52.349505,London-76e5,33,32,Normal
2026-02-09 15:34:53.349505,London-76e5,-2,87,Normal
2026-02-09 15:34:54.349505,London-76e5,-30,33,Normal
2026-02-09 15:34:55.349505,London-76e5,-19,81,Normal
2026-02-09 15:34:56.349505,London-76e5,18,87,Normal
2026-02-09 15:34:57.349505,London-76e5,24,90,Normal
2026-02-09 15:34:58.349505,London-76e5,13,47,Normal
2026-02-09 15:34:59.349505,London-76e5,1,41,Normal
2026-02-09 15:35:00.349505,London-76e5,30,45,Normal
2026-02-09 15:35:01.349505,London-76e5,15,70,Normal
2026-02-09 15:35:02.349505,London-76e5,-20,30,Normal
2026-02-09 15:35:03.349505,London-76e5,-9,7,Normal
2026-02-09 15:35:04.349505,London-76e5,27,88,Normal
2026-02-09 15:35:05.349505,London-76e5,7,59,Normal
2026-02-09 15:35:06.349505,London-76e5,42,49,Normal
2026-02-09 15:35:07.349505,London-76e5,-20,71,Normal
2026-02-09 15:35:08.349505,London-76e5,-11,21,Normal
2026-02-09 15:35:09.349505,London-76e5,50,51,Normal
2026-02-09 15:35:10.349505,London-76e5,12,28,Normal
2026-02-09 15:35:11.349505,London-76e5,14,75,Normal
2026-02-09 15:35:12.349505,London-76e5,23,95,Normal
2026-02-09 15:35:13.349505,London-76e5,27,30,Normal
2026-02-09 15:35:14.349505,London-76e5,-12,60,Normal
2026-02-09 15:35:15.349505,London-76e5,-21,45,Normal
2026-02-09 15:35:16.349505,London-76e5,26,17,Normal
2026-02-09 15:35:17.349505,London-76e5,33,51,Normal
2026-02-09 15:35:18.349505,London-76e5,14,69,Normal
2026-02-09 15:35:19.349505,London-76e5,25,88,Normal
2026-02-09 15:35:20.349505,London-76e5,36,26,Normal
2026-02-09 15:35:21.349505,London-76e5,-11,45,Normal
2026-02-09 15:35:22.349505,London-76e5,30,90,Normal
2026-02-09 15:35:23.349505,London-76e5,21,76,Normal
2026-02-09 15:35:24.349505,London-76e5,9,85,Normal
2026-02-09 15:35:25.349505,London-76e5,19,50,Normal
2026-02-09 15:35:26.349505,London-76e5,41,85,Normal
2026-02-09 15:35:27.349505,London-76e5,8,74,Normal
2026-02-09 15:35:28.349505,London-76e5,-8,100,Normal
2026-02-09 15:35:29.349505,London-76e5,-25,5,Normal
2026-02-09 15:35:30.349505,London-76e5,-6,11,Normal
2026-02-09 15:35:31.349505,London-76e5,24,17,Normal
2026-02-09 15:35:32.349505,London-76e5,20,52,Normal
2026-02-09 15:35:33.349505,London-76e5,39,44,Normal
2026-02-09 15:35:34.349505,London-76e5,48,71,Normal
2026-02-09 15:35:35.349505,London-76e5,10,12,Normal
2026-02-09 15:35:36.349505,London-76e5,6,78,Normal
2026-02-09 15:35:37.349505,London-76e5,42,95,Normal
2026-02-09 15:35:38.349505,London-76e5,43,69,Normal
2026-02-09 15:35:39.349505,London-76e5,-27,76,Normal
2026-02-09 15:35:40.349505,London-76e5,-10,2,Normal
2026-02-09 15:35:41.349505,London-76e5,-29,29,Normal
2026-02-09 15:35:42.349505,London-76e5,5,35,Normal
2026-02-09 15:35:43.349505,London-76e5,-25,90,Normal
2026-02-09 15:35:44.349505,London-76e5,-21,6,Normal
2026-02-09 15:35:45.349505,London-76e5,-19,27,Normal
2026-02-09 15:35:46.349505,London-76e5,-10,66,Normal
2026-02-09 15:35:47.349505,London-76e5,23,76,Normal
2026-02-09 15:35:48.349505,London-76e5,31,39,Normal
2026-02-09 15:35:49.349505,London-76e5,-13,30,Normal
2026-02-09 15:35:50.349505,London-76e5,-20,49,Normal
2026-02-09 15:35:51.349505,London-76e5,21,32,Normal
2026-02-09 15:35:52.349505,London-76e5,35,14,Normal
2026-02-09 15:35:53.349505,London-76e5,-29,42,Normal
2026-02-09 15:35:54.349505,London-76e5,3,8,Normal
2026-02-09 15:35:55.349505,London-76e5,10,32,Normal
2026-02-09 15:35:56.349505,London-76e5,-11,20,Normal
2026-02-09 15:35:57.349505,London-76e5,32,37,Normal
2026-02-09 15:35:58.349505,London-76e5,-5,9,Normal
2026-02-09 15:35:59.349505,London-76e5,-20,100,Normal
2026-02-09 15:36:00.349505,London-76e5,2,4,Normal
2026-02-09 15:36:01.349505,London-76e5,43,22,Normal
2026-02-09 15:36:02.349505,London-76e5,48,31,Normal
2026-02-09 15:36:03.349505,London-76e5,-22,30,Normal
2026-02-09 15:36:04.349505,London-76e5,-29,25,Normal
2026-02-09 15:36:05.349505,London-76e5,34,38,Normal
2026-02-09 15:36:06.349505,London-76e5,1,42,Normal
2026-02-09 15:36:07.349505,London-76e5,-19,21,Normal
2026-02-09 15:36:08.349505,London-76e5,2,48,Normal
2026-02-09 15:36:09.349505,London-76e5,49,36,Normal
2026-02-09 15:36:10.349505,London-76e5,40,100,Normal
2026-02-09 15:36:11.349505,London-76e5,26,50,Normal
2026-02-09 15:36:12.349505,London-76e5,20,30,Normal
2026-02-09 15:36:13.349505,London-76e5,19,97,Normal
2026-02-09 15:36:14.349505,London-76e5,-22,45,Normal
2026-02-09 15:36:15.349505,London-76e5,29,17,Normal
2026-02-09 15:36:16.349505,London-76e5,5,47,Normal
2026-02-09 15:36:17.349505,London-76e5,16,14,Normal
2026-02-09 15:36:18.349505,London-76e5,-16,12,Normal
2026-02-09 15:36:19.349505,London-76e5,14,50,Normal
2026-02-09 15:36:20.349505,London-76e5,5,92,Normal
2026-02-09 15:36:21.349505,London-76e5,-7,29,Normal
2026-02-09 15:36:22.349505,London-76e5,27,67,Normal
2026-02-09 15:36:23.349505,London-76e5,45,20,Normal
2026-02-09 15:36:24.349505,London-76e5,-8,49,Normal
2026-02-09 15:36:25.349505,London-76e5,-28,38,Normal
2026-02-09 15:36:26.349505,London-76e5,-9,20,Normal
2026-02-09 15:36:27.349505,London-76e5,-25,13,Normal
2026-02-09 15:36:28.349505,London-76e5,-2,89,Normal
2026-02-09 15:36:29.349505,London-76e5,0,25,Normal
2026-02-09 15:36:30.349505,London-76e5,15,45,Normal
2026-02-09 15:36:31.349505,London-76e5,20,15,Normal
2026-02-09 15:36:32.349505,London-76e5,9,21,Normal
2026-02-09 15:36:33.349505,London-76e5,39,25,Normal
2026-02-09 15:36:34.349505,London-76e5,-8,2,Normal
2026-02-09 15:36:35.349505,London-76e5,19,48,Normal
2026-02-09 15:36:36.349505,London-76e5,32,11,Normal
2026-02-09 15:36:37.349505,London-76e5,12,0,Normal
2026-02-09 15:36:38.349505,London-76e5,-23,33,Normal
2026-02-09 15:36:39.349505,London-76e5,-26,34,Normal
2026-02-09 15:36:40.349505,London-76e5,21,6,Normal
2026-02-09 15:36:41.349505,London-76e5,33,76,Normal
2026-02-09 15:36:42.349505,London-76e5,-18,65,Normal
2026-02-09 15:36:43.349505,London-76e5,-26,23,Normal
2026-02-09 15:36:44.349505,London-76e5,11,64,Normal
2026-02-09 15:36:45.349505,London-76e5,8,49,Normal
2026-02-09 15:36:46.349505,London-76e5,47,42,Normal
2026-02-09 15:36:47.349505,London-76e5,-9,0,Normal
2026-02-09 15:36:48.349505,London-76e5,38,0,Normal
2026-02-09 15:36:49.349505,London-76e5,15,6,Normal
2026-02-09 15:36:50.349505,London-76e5,13,89,Normal
2026-02-09 15:36:51.349505,London-76e5,22,65,Normal
2026-02-09 15:36:52.349505,London-76e5,46,93,Normal
2026-02-09 15:36:53.349505,London-76e5,34,76,Normal
2026-02-09 15:36:54.349505,London-76e5,25,0,Normal
2026-02-09 15:36:55.349505,London-76e5,27,7,Normal
2026-02-09 15:36:56.349505,London-76e5,-25,14,Normal
2026-02-09 15:36:57.349505,London-76e5,-4,94,Normal
2026-02-09 15:36:58.349505,London-76e5,21,35,Normal
2026-02-09 15:36:59.349505,London-76e5,8,30,Normal
2026-02-09 15:37:00.349505,London-76e5,41,4,Normal
2026-02-09 15:37:01.349505,London-76e5,14,92,Normal
2026-02-09 15:37:02.349505,London-76e5,-13,79,Normal
2026-02-09 15:37:03.349505,London-76e5,43,92,Normal
2026-02-09 15:37:04.349505,London-76e5,-13,84,Normal
2026-02-09 15:37:05.349505,London-76e5,33,68,Normal
2026-02-09 15:37:06.349505,London-76e5,34,95,Normal
2026-02-09 15:37:07.349505,London-76e5,21,13,Normal
2026-02-09 15:37:08.349505,London-76e5,-18,38,Normal
2026-02-09 15:37:09.349505,London-76e5,4,60,Normal
2026-02-09 15:37:10.349505,London-76e5,4,51,Normal
2026-02-09 15:37:11.349505,London-76e5,37,2,Normal
2026-02-09 15:37:12.349505,London-76e5,13,49,Normal
2026-02-09 15:37:13.349505,London-76e5,18,96,Normal
2026-02-09 15:37:14.349505,London-76e5,5,56,Normal
2026-02-09 15:37:15.349505,London-76e5,-2,64,Normal
2026-02-09 15:37:16.349505,London-76e5,37,55,Normal
2026-02-09 15:37:17.349505,London-76e5,-28,57,Normal
2026-02-09 15:37:18.349505,London-76e5,-10,36,Normal
2026-02-09 15:37:19.349505,London-76e5,49,86,Normal
2026-02-09 15:37:20.349505,London-76e5,38,60,Normal
2026-02-09 15:37:21.349505,London-76e5,30,21,Normal
2026-02-09 15:37:22.349505,London-76e5,26,14,Normal
2026-02-09 15:37:23.349505,London-76e5,18,48,Normal
2026-02-09 15:37:24.349505,London-76e5,6,97,Normal
2026-02-09 15:37:25.349505,London-76e5,4,34,Normal
2026-02-09 15:37:26.349505,London-76e5,12,39,Normal
2026-02-09 15:37:27.349505,London-76e5,-12,47,Normal
2026-02-09 15:37:28.349505,London-76e5,-28,45,Normal
2026-02-09 15:37:29.349505,London-76e5,1,4,Normal
2026-02-09 15:37:30.349505,London-76e5,-21,68,Normal
2026-02-09 15:37:31.349505,London-76e5,-16,58,Normal
