timestamp,station_id,temp,humid,condition
2026-02-08 14:05:38.025930,Dubai-d39f,27,96,Normal
2026-02-08 14:05:39.025930,Dubai-d39f,-2,50,Normal
2026-02-08 14:05:40.025930,Dubai-d39f,32,34,Normal
2026-02-08 14:05:41.025930,Dubai-d39f,-26,54,Normal
2026-02-08 14:05:42.025930,Dubai-d39f,-8,58,Normal
2026-02-08 14:05:43.025930,Dubai-d39f,36,80,Normal
2026-02-08 14:05:44.025930,Dubai-d39f,32,63,Normal
2026-02-08 14:05:45.025930,Dubai-d39f,-26,1,Normal
2026-02-08 14:05:46.025930,Dubai-d39f,-9,61,Normal
2026-02-08 14:05:47.025930,Dubai-d39f,-13,19,Normal
2026-02-08 14:05:48.025930,Dubai-d39f,-26,99,Normal
2026-02-08 14:05:49.025930,Dubai-d39f,2,89,Normal
2026-02-08 14:05:50.025930,Dubai-d39f,28,37,Normal
2026-02-08 14:05:51.025930,Dubai-d39f,33,69,Normal
2026-02-08 14:05:52.025930,Dubai-d39f,-15,0,Normal
2026-02-08 14:05:53.025930,Dubai-d39f,29,9,Normal
2026-02-08 14:05:54.025930,Dubai-d39f,-10,3,Normal
2026-02-08 14:05:55.025930,Dubai-d39f,23,55,Normal
2026-02-08 14:05:56.025930,Dubai-d39f,32,50,Normal
2026-02-08 14:05:57.025930,Dubai-d39f,20,62,Normal
2026-02-08 14:05:58.025930,Dubai-d39f,12,65,Normal
2026-02-08 14:05:59.025930,Dubai-d39f,34,91,Normal
2026-02-08 14:06:00.025930,Dubai-d39f,-6,96,Normal
2026-02-08 14:06:01.025930,Dubai-d39f,12,94,Normal
2026-02-08 14:06:02.025930,Dubai-d39f,45,36,Normal
2026-02-08 14:06:03.025930,Dubai-d39f,11,33,Normal
2026-02-08 14:06:04.025930,Dubai-d39f,14,92,Normal
2026-02-08 14:06:05.025930,Dubai-d39f,9,62,Normal
2026-02-08 14:06:06.025930,Dubai-d39f,-19,82,Normal
2026-02-08 14:06:07.025930,Dubai-d39f,36,48,Normal
2026-02-08 14:06:08.025930,Dubai-d39f,34,58,Normal
2026-02-08 14:06:09.025930,Dubai-d39f,-26,36,Normal
2026-02-08 14:06:10.025930,Dubai-d39f,-22,17,Normal
2026-02-08 14:06:11.025930,Dubai-d39f,46,55,Normal
2026-02-08 14:06:12.025930,Dubai-d39f,-29,90,Normal
2026-02-08 14:06:13.025930,Dubai-d39f,32,60,Normal
2026-02-08 14:06:14.025930,Dubai-d39f,-2,55,Normal
2026-02-08 14:06:15.025930,Dubai-d39f,7,51,Normal
2026-02-08 14:06:16.025930,Dubai-d39f,-18,93,Normal
2026-02-08 14:06:17.025930,Dubai-d39f,8,11,Normal
2026-02-08 14:06:18.025930,Dubai-d39f,31,100,Normal
2026-02-08 14:06:19.025930,Dubai-d39f,-5,11,Normal
2026-02-08 14:06:20.025930,Dubai-d39f,-21,67,Normal
2026-02-08 14:06:21.025930,Dubai-d39f,5,31,Normal
2026-02-08 14:06:22.025930,Dubai-d39f,16,87,Normal
2026-02-08 14:06:23.025930,Dubai-d39f,12,71,Normal
2026-02-08 14:06:24.025930,Dubai-d39f,29,0,Normal
2026-02-08 14:06:25.025930,Dubai-d39f,-30,41,Normal
2026-02-08 14:06:26.025930,Dubai-d39f,30,12,Normal
2026-02-08 14:06:27.025930,Dubai-d39f,38,93,Normal
2026-02-08 14:06:28.025930,Dubai-d39f,26,33,Normal
2026-02-08 14:06:29.025930,Dubai-d39f,-11,25,Normal
2026-02-08 14:06:30.025930,Dubai-d39f,-8,60,Normal
2026-02-08 14:06:31.025930,Dubai-d39f,-7,89,Normal
2026-02-08 14:06:32.025930,Dubai-d39f,27,17,Normal
2026-02-08 14:06:33.025930,Dubai-d39f,-10,64,Normal
2026-02-08 14:06:34.025930,Dubai-d39f,48,44,Normal
2026-02-08 14:06:35.025930,Dubai-d39f,46,46,Normal
2026-02-08 14:06:36.025930,Dubai-d39f,43,27,Normal
2026-02-08 14:06:37.025930,Dubai-d39f,-17,49,Normal
2026-02-08 14:06:38.025930,Dubai-d39f,7,100,Normal
2026-02-08 14:06:39.025930,Dubai-d39f,-21,72,Normal
2026-02-08 14:06:40.025930,Dubai-d39f,19,66,Normal
2026-02-08 14:06:41.025930,Dubai-d39f,12,77,Normal
2026-02-08 14:06:42.025930,Dubai-d39f,17,29,Normal
2026-02-08 14:06:43.025930,Dubai-d39f,15,39,Normal
2026-02-08 14:06:44.025930,Dubai-d39f,-14,88,Normal
2026-02-08 14:06:45.025930,Dubai-d39f,41,81,Normal
2026-02-08 14:06:46.025930,Dubai-d39f,-15,39,Normal
2026-02-08 14:06:47.025930,Dubai-d39f,39,24,Normal
2026-02-08 14:06:48.025930,Dubai-d39f,35,36,Normal
2026-02-08 14:06:49.025930,Dubai-d39f,9,97,Normal
2026-02-08 14:06:50.025930,Dubai-d39f,-9,37,Normal
2026-02-08 14:06:51.025930,Dubai-d39f,-11,69,Normal
2026-02-08 14:06:52.025930,Dubai-d39f,47,72,Normal
2026-02-08 14:06:53.025930,Dubai-d39f,2,50,Normal
2026-02-08 14:06:54.025930,Dubai-d39f,-19,17,Normal
2026-02-08 14:06:55.025930,Dubai-d39f,-13,86,Normal
2026-02-08 14:06:56.025930,Dubai-d39f,-6,78,Normal
2026-02-08 14:06:57.025930,Dubai-d39f,28,59,Normal
2026-02-08 14:06:58.025930,Dubai-d39f,-30,12,Normal
2026-02-08 14:06:59.025930,Dubai-d39f,44,93,Normal
2026-02-08 14:07:00.025930,Dubai-d39f,43,18,Normal
2026-02-08 14:07:01.025930,Dubai-d39f,-24,61,Normal
2026-02-08 14:07:02.025930,Dubai-d39f,6,10,Normal
2026-02-08 14:07:03.025930,Dubai-d39f,23,26,Normal
2026-02-08 14:07:04.025930,Dubai-d39f,4,69,Normal
2026-02-08 14:07:05.025930,Dubai-d39f,21,33,Normal
2026-02-08 14:07:06.025930,Dubai-d39f,-26,73,Normal
2026-02-08 14:07:07.025930,Dubai-d39f,-22,55,Normal
2026-02-08 14:07:08.025930,Dubai-d39f,18,5,Normal
2026-02-08 14:07:09.025930,Dubai-d39f,-2,90,Normal
2026-02-08 14:07:10.025930,Dubai-d39f,-22,18,Normal
2026-02-08 14:07:11.025930,Dubai-d39f,50,30,Normal
2026-02-08 14:07:12.025930,Dubai-d39f,26,72,Normal
2026-02-08 14:07:13.025930,Dubai-d39f,-1,74,Normal
2026-02-08 14:07:14.025930,Dubai-d39f,-20,92,Normal
2026-02-08 14:07:15.025930,Dubai-d39f,-1,41,Normal
2026-02-08 14:07:16.025930,Dubai-d39f,12,51,Normal
2026-02-08 14:07:17.025930,Dubai-d39f,7,56,Normal
2026-02-08 14:07:18.025930,Dubai-d39f,-19,20,Normal
2026-02-08 14:07:19.025930,Dubai-d39f,-16,21,Normal
2026-02-08 14:07:20.025930,Dubai-d39f,4,8,Normal
2026-02-08 14:07:21.025930,Dubai-d39f,-26,97,Normal
2026-02-08 14:07:22.025930,Dubai-d39f,50,40,Normal
2026-02-08 14:07:23.025930,Dubai-d39f,8,92,Normal
2026-02-08 14:07:24.025930,Dubai-d39f,-7,85,Normal
2026-02-08 14:07:25.025930,Dubai-d39f,-2,39,Normal
2026-02-08 14:07:26.025930,Dubai-d39f,-14,46,Normal
2026-02-08 14:07:27.025930,Dubai-d39f,11,49,Normal
2026-02-08 14:07:28.025930,Dubai-d39f,34,32,Normal
2026-02-08 14:07:29.025930,Dubai-d39f,3,48,Normal
2026-02-08 14:07:30.025930,Dubai-d39f,-26,6,Normal
2026-02-08 14:07:31.025930,Dubai-d39f,15,6,Normal
2026-02-08 14:07:32.025930,Dubai-d39f,-5,7,Normal
2026-02-08 14:07:33.025930,Dubai-d39f,2,41,Normal
2026-02-08 14:07:34.025930,Dubai-d39f,-23,2,Normal
2026-02-08 14:07:35.025930,Dubai-d39f,30,93,Normal
2026-02-08 14:07:36.025930,Dubai-d39f,49,2,Normal
2026-02-08 14:07:37.025930,Dubai-d39f,24,20,Normal
2026-02-08 14:07:38.025930,Dubai-d39f,-29,53,Normal
2026-02-08 14:07:39.025930,Dubai-d39f,31,92,Normal
2026-02-08 14:07:40.025930,Dubai-d39f,-25,14,Normal
2026-02-08 14:07:41.025930,Dubai-d39f,-24,23,Normal
2026-02-08 14:07:42.025930,Dubai-d39f,-29,80,Normal
2026-02-08 14:07:43.025930,Dubai-d39f,-9,29,Normal
2026-02-08 14:07:44.025930,Dubai-d39f,-8,0,Normal
2026-02-08 14:07:45.025930,Dubai-d39f,44,66,Normal
2026-02-08 14:07:46.025930,Dubai-d39f,-4,80,Normal
2026-02-08 14:07:47.025930,Dubai-d39f,43,90,Normal
2026-02-08 14:07:48.025930,Dubai-d39f,15,43,Normal
2026-02-08 14:07:49.025930,Dubai-d39f,18,24,Normal
2026-02-08 14:07:50.025930,Dubai-d39f,4,39,Normal
2026-02-08 14:07:51.025930,Dubai-d39f,-1,31,Normal
2026-02-08 14:07:52.025930,Dubai-d39f,7,56,Normal
2026-02-08 14:07:53.025930,Dubai-d39f,-30,58,Normal
2026-02-08 14:07:54.025930,Dubai-d39f,42,25,Normal
2026-02-08 14:07:55.025930,Dubai-d39f,-16,8,Normal
2026-02-08 14:07:56.025930,Dubai-d39f,20,89,Normal
2026-02-08 14:07:57.025930,Dubai-d39f,34,5,Normal
2026-02-08 14:07:58.025930,Dubai-d39f,-20,60,Normal
2026-02-08 14:07:59.025930,Dubai-d39f,34,5,Normal
2026-02-08 14:08:00.025930,Dubai-d39f,44,87,Normal
2026-02-08 14:08:01.025930,Dubai-d39f,22,91,Normal
2026-02-08 14:08:02.025930,Dubai-d39f,7,64,Normal
2026-02-08 14:08:03.025930,Dubai-d39f,38,52,Normal
2026-02-08 14:08:04.025930,Dubai-d39f,6,11,Normal
2026-02-08 14:08:05.025930,Dubai-d39f,-7,81,Normal
2026-02-08 14:08:06.025930,Dubai-d39f,-22,70,Normal
2026-02-08 14:08:07.025930,Dubai-d39f,16,47,Normal
2026-02-08 14:08:08.025930,Dubai-d39f,2,93,Normal
2026-02-08 14:08:09.025930,Dubai-d39f,3,79,Normal
2026-02-08 14:08:10.025930,Dubai-d39f,23,98,Normal
2026-02-08 14:08:11.025930,Dubai-d39f,44,17,Normal
2026-02-08 14:08:12.025930,Dubai-d39f,1,60,Normal
2026-02-08 14:08:13.025930,Dubai-d39f,-27,82,Normal
2026-02-08 14:08:14.025930,Dubai-d39f,24,75,Normal
2026-02-08 14:08:15.025930,Dubai-d39f,5,67,Normal
2026-02-08 14:08:16.025930,Dubai-d39f,-16,40,Normal
2026-02-08 14:08:17.025930,Dubai-d39f,15,71,Normal
2026-02-08 14:08:18.025930,Dubai-d39f,7,81,Normal
2026-02-08 14:08:19.025930,Dubai-d39f,9,53,Normal
2026-02-08 14:08:20.025930,Dubai-d39f,2,33,Normal
2026-02-08 14:08:21.025930,Dubai-d39f,47,47,Normal
2026-02-08 14:08:22.025930,Dubai-d39f,3,43,Normal
2026-02-08 14:08:23.025930,Dubai-d39f,29,81,Normal
2026-02-08 14:08:24.025930,Dubai-d39f,40,61,Normal
2026-02-08 14:08:25.025930,Dubai-d39f,34,72,Normal
2026-02-08 14:08:26.025930,Dubai-d39f,-29,89,Normal
2026-02-08 14:08:27.025930,Dubai-d39f,23,28,Normal
2026-02-08 14:08:28.025930,Dubai-d39f,-8,63,Normal
2026-02-08 14:08:29.025930,Dubai-d39f,-3,15,Normal
2026-02-08 14:08:30.025930,Dubai-d39f,-18,16,Normal
2026-02-08 14:08:31.025930,Dubai-d39f,39,50,Normal
2026-02-08 14:08:32.025930,Dubai-d39f,-3,74,Normal
2026-02-08 14:08:33.025930,Dubai-d39f,9,81,Normal
2026-02-08 14:08:34.025930,Dubai-d39f,18,71,Normal
2026-02-08 14:08:35.025930,Dubai-d39f,17,92,Normal
2026-02-08 14:08:36.025930,Dubai-d39f,-3,30,Normal
2026-02-08 14:08:37.025930,Dubai-d39f,32,95,Normal
2026-02-08 14:08:38.025930,Dubai-d39f,44,25,Normal
2026-02-08 14:08:39.025930,Dubai-d39f,-14,9,Normal
2026-02-08 14:08:40.025930,Dubai-d39f,-23,63,Normal
2026-02-08 14:08:41.025930,Dubai-d39f,8,68,Normal
2026-02-08 14:08:42.025930,Dubai-d39f,-1,35,Normal
2026-02-08 14:08:43.025930,Dubai-d39f,1,15,Normal
2026-02-08 14:08:44.025930,Dubai-d39f,22,50,Normal
2026-02-08 14:08:45.025930,Dubai-d39f,-29,41,Normal
2026-02-08 14:08:46.025930,Dubai-d39f,6,6,Normal
2026-02-08 14:08:47.025930,Dubai-d39f,-4,1,Normal
2026-02-08 14:08:48.025930,Dubai-d39f,-21,31,Normal
2026-02-08 14:08:49.025930,Dubai-d39f,43,17,Normal
2026-02-08 14:08:50.025930,Dubai-d39f,17,66,Normal
2026-02-08 14:08:51.025930,Dubai-d39f,-2,32,Normal
2026-02-08 14:08:52.025930,Dubai-d39f,-25,87,Normal
2026-02-08 14:08:53.025930,Dubai-d39f,36,34,Normal
2026-02-08 14:08:54.025930,Dubai-d39f,32,87,Normal
2026-02-08 14:08:55.025930,Dubai-d39f,49,76,Normal
2026-02-08 14:08:56.025930,Dubai-d39f,39,45,Normal
2026-02-08 14:08:57.025930,Dubai-d39f,-11,28,Normal
2026-02-08 14:08:58.025930,Dubai-d39f,47,54,Normal
2026-02-08 14:08:59.025930,Dubai-d39f,14,24,Normal
2026-02-08 14:09:00.025930,Dubai-d39f,40,72,Normal
2026-02-08 14:09:01.025930,Dubai-d39f,25,15,Normal
2026-02-08 14:09:02.025930,Dubai-d39f,26,18,Normal
2026-02-08 14:09:03.025930,Dubai-d39f,-7,83,Normal
2026-02-08 14:09:04.025930,Dubai-d39f,-19,6,Normal
2026-02-08 14:09:05.025930,Dubai-d39f,47,10,Normal
2026-02-08 14:09:06.025930,Dubai-d39f,-26,34,Normal
2026-02-08 14:09:07.025930,Dubai-d39f,19,12,Normal
2026-02-08 14:09:08.025930,Dubai-d39f,45,4,Normal
2026-02-08 14:09:09.025930,Dubai-d39f,10,5,Normal
2026-02-08 14:09:10.025930,Dubai-d39f,-12,17,Normal
2026-02-08 14:09:11.025930,Dubai-d39f,-26,65,Normal
2026-02-08 14:09:12.025930,Dubai-d39f,7,35,Normal
2026-02-08 14:09:13.025930,Dubai-d39f,22,24,Normal
2026-02-08 14:09:14.025930,Dubai-d39f,-5,72,Normal
2026-02-08 14:09:15.025930,Dubai-d39f,45,74,Normal
2026-02-08 14:09:16.025930,Dubai-d39f,-28,81,Normal
2026-02-08 14:09:17.025930,Dubai-d39f,6,55,Normal
2026-02-08 14:09:18.025930,Dubai-d39f,-16,95,Normal
2026-02-08 14:09:19.025930,Dubai-d39f,-14,39,Normal
2026-02-08 14:09:20.025930,Dubai-d39f,-20,0,Normal
2026-02-08 14:09:21.025930,Dubai-d39f,31,68,Normal
2026-02-08 14:09:22.025930,Dubai-d39f,-29,13,Normal
2026-02-08 14:09:23.025930,Dubai-d39f,42,6,Normal
2026-02-08 14:09:24.025930,Dubai-d39f,-15,74,Normal
2026-02-08 14:09:25.025930,Dubai-d39f,-14,20,Normal
2026-02-08 14:09:26.025930,Dubai-d39f,23,92,Normal
2026-02-08 14:09:27.025930,Dubai-d39f,34,95,Normal
2026-02-08 14:09:28.025930,Dubai-d39f,15,64,Normal
2026-02-08 14:09:29.025930,Dubai-d39f,50,74,Normal
2026-02-08 14:09:30.025930,Dubai-d39f,-17,67,Normal
2026-02-08 14:09:31.025930,Dubai-d39f,44,85,Normal
2026-02-08 14:09:32.025930,Dubai-d39f,28,43,Normal
2026-02-08 14:09:33.025930,Dubai-d39f,-3,31,Normal
2026-02-08 14:09:34.025930,Dubai-d39f,40,84,Normal
2026-02-08 14:09:35.025930,Dubai-d39f,-7,97,Normal
2026-02-08 14:09:36.025930,Dubai-d39f,33,96,Normal
2026-02-08 14:09:37.025930,Dubai-d39f,-14,45,Normal
2026-02-08 14:09:38.025930,Dubai-d39f,41,91,Normal
2026-02-08 14:09:39.025930,Dubai-d39f,17,57,Normal
2026-02-08 14:09:40.025930,Dubai-d39f,-28,64,Normal
2026-02-08 14:09:41.025930,Dubai-d39f,-17,78,Normal
2026-02-08 14:09:42.025930,Dubai-d39f,12,57,Normal
2026-02-08 14:09:43.025930,Dubai-d39f,-19,19,Normal
2026-02-08 14:09:44.025930,Dubai-d39f,-14,27,Normal
2026-02-08 14:09:45.025930,Dubai-d39f,45,49,Normal
2026-02-08 14:09:46.025930,Dubai-d39f,19,34,Normal
2026-02-08 14:09:47.025930,Dubai-d39f,22,54,Normal
2026-02-08 14:09:48.025930,Dubai-d39f,49,73,Normal
2026-02-08 14:09:49.025930,Dubai-d39f,37,24,Normal
2026-02-08 14:09:50.025930,Dubai-d39f,29,21,Normal
2026-02-08 14:09:51.025930,Dubai-d39f,-6,26,Normal
2026-02-08 14:09:52.025930,Dubai-d39f,-1,23,Normal
2026-02-08 14:09:53.025930,Dubai-d39f,-13,85,Normal
2026-02-08 14:09:54.025930,Dubai-d39f,43,7,Normal
2026-02-08 14:09:55.025930,Dubai-d39f,-1,83,Normal
2026-02-08 14:09:56.025930,Dubai-d39f,0,50,Normal
2026-02-08 14:09:57.025930,Dubai-d39f,1,94,Normal
2026-02-08 14:09:58.025930,Dubai-d39f,-10,33,Normal
2026-02-08 14:09:59.025930,Dubai-d39f,-11,16,Normal
2026-02-08 14:10:00.025930,Dubai-d39f,41,75,Normal
2026-02-08 14:10:01.025930,Dubai-d39f,10,35,Normal
2026-02-08 14:10:02.025930,Dubai-d39f,-21,33,Normal
2026-02-08 14:10:03.025930,Dubai-d39f,-20,66,Normal
2026-02-08 14:10:04.025930,Dubai-d39f,-10,2,Normal
2026-02-08 14:10:05.025930,Dubai-d39f,8,90,Normal
2026-02-08 14:10:06.025930,Dubai-d39f,39,94,Normal
2026-02-08 14:10:07.025930,Dubai-d39f,0,83,Normal
2026-02-08 14:10:08.025930,Dubai-d39f,32,30,Normal
2026-02-08 14:10:09.025930,Dubai-d39f,-17,100,Normal
2026-02-08 14:10:10.025930,Dubai-d39f,-17,20,Normal
2026-02-08 14:10:11.025930,Dubai-d39f,27,91,Normal
2026-02-08 14:10:12.025930,Dubai-d39f,13,39,Normal
2026-02-08 14:10:13.025930,Dubai-d39f,14,91,Normal
2026-02-08 14:10:14.025930,Dubai-d39f,25,67,Normal
2026-02-08 14:10:15.025930,Dubai-d39f,-30,27,Normal
2026-02-08 14:10:16.025930,Dubai-d39f,-3,41,Normal
2026-02-08 14:10:17.025930,Dubai-d39f,30,2,Normal
2026-02-08 14:10:18.025930,Dubai-d39f,7,87,Normal
2026-02-08 14:10:19.025930,Dubai-d39f,46,0,Normal
2026-02-08 14:10:20.025930,Dubai-d39f,-1,67,Normal
2026-02-08 14:10:21.025930,Dubai-d39f,-9,73,Normal
2026-02-08 14:10:22.025930,Dubai-d39f,6,30,Normal
2026-02-08 14:10:23.025930,Dubai-d39f,49,13,Normal
2026-02-08 14:10:24.025930,Dubai-d39f,40,55,Normal
2026-02-08 14:10:25.025930,Dubai-d39f,-24,100,Normal
2026-02-08 14:10:26.025930,Dubai-d39f,40,34,Normal
2026-02-08 14:10:27.025930,Dubai-d39f,21,12,Normal
2026-02-08 14:10:28.025930,Dubai-d39f,19,24,Normal
2026-02-08 14:10:29.025930,Dubai-d39f,0,20,Normal
2026-02-08 14:10:30.025930,Dubai-d39f,-8,87,Normal
2026-02-08 14:10:31.025930,Dubai-d39f,-7,3,Normal
2026-02-08 14:10:32.025930,Dubai-d39f,8,32,Normal
2026-02-08 14:10:33.025930,Dubai-d39f,-13,98,Normal
2026-02-08 14:10:34.025930,Dubai-d39f,32,76,Normal
2026-02-08 14:10:35.025930,Dubai-d39f,-12,33,Normal
2026-02-08 14:10:36.025930,Dubai-d39f,47,35,Normal
2026-02-08 14:10:37.025930,Dubai-d39f,36,85,Normal
2026-02-08 14:10:38.025930,Dubai-d39f,2,70,Normal
2026-02-08 14:10:39.025930,Dubai-d39f,-15,1,Normal
2026-02-08 14:10:40.025930,Dubai-d39f,-17,38,Normal
2026-02-08 14:10:41.025930,Dubai-d39f,15,13,Normal
2026-02-08 14:10:42.025930,Dubai-d39f,10,84,Normal
2026-02-08 14:10:43.025930,Dubai-d39f,-20,30,Normal
2026-02-08 14:10:44.025930,Dubai-d39f,-11,33,Normal
2026-02-08 14:10:45.025930,Dubai-d39f,19,69,Normal
2026-02-08 14:10:46.025930,Dubai-d39f,-12,100,Normal
2026-02-08 14:10:47.025930,Dubai-d39f,13,40,Normal
2026-02-08 14:10:48.025930,Dubai-d39f,-11,88,Normal
2026-02-08 14:10:49.025930,Dubai-d39f,-19,12,Normal
2026-02-08 14:10:50.025930,Dubai-d39f,48,13,Normal
2026-02-08 14:10:51.025930,Dubai-d39f,-23,72,Normal
2026-02-08 14:10:52.025930,Dubai-d39f,28,97,Normal
2026-02-08 14:10:53.025930,Dubai-d39f,15,64,Normal
2026-02-08 14:10:54.025930,Dubai-d39f,3,84,Normal
2026-02-08 14:10:55.025930,Dubai-d39f,40,61,Normal
2026-02-08 14:10:56.025930,Dubai-d39f,-25,18,Normal
2026-02-08 14:10:57.025930,Dubai-d39f,-17,51,Normal
2026-02-08 14:10:58.025930,Dubai-d39f,-26,39,Normal
2026-02-08 14:10:59.025930,Dubai-d39f,-3,95,Normal
2026-02-08 14:11:00.025930,Dubai-d39f,-22,75,Normal
2026-02-08 14:11:01.025930,Dubai-d39f,-19,74,Normal
2026-02-08 14:11:02.025930,Dubai-d39f,47,6,Normal
2026-02-08 14:11:03.025930,Dubai-d39f,-21,13,Normal
2026-02-08 14:11:04.025930,Dubai-d39f,12,8,Normal
2026-02-08 14:11:05.025930,Dubai-d39f,33,75,Normal
2026-02-08 14:11:06.025930,Dubai-d39f,-21,92,Normal
2026-02-08 14:11:07.025930,Dubai-d39f,-2,2,Normal
2026-02-08 14:11:08.025930,Dubai-d39f,0,54,Normal
2026-02-08 14:11:09.025930,Dubai-d39f,-9,36,Normal
2026-02-08 14:11:10.025930,Dubai-d39f,44,94,Normal
2026-02-08 14:11:11.025930,Dubai-d39f,40,79,Normal
2026-02-08 14:11:12.025930,Dubai-d39f,9,70,Normal
2026-02-08 14:11:13.025930,Dubai-d39f,-28,65,Normal
2026-02-08 14:11:14.025930,Dubai-d39f,36,64,Normal
2026-02-08 14:11:15.025930,Dubai-d39f,2,29,Normal
2026-02-08 14:11:16.025930,Dubai-d39f,13,38,Normal
2026-02-08 14:11:17.025930,Dubai-d39f,32,92,Normal
2026-02-08 14:11:18.025930,Dubai-d39f,16,13,Normal
2026-02-08 14:11:19.025930,Dubai-d39f,47,36,Normal
2026-02-08 14:11:20.025930,Dubai-d39f,4,46,Normal
2026-02-08 14:11:21.025930,Dubai-d39f,-16,74,Normal
2026-02-08 14:11:22.025930,Dubai-d39f,21,0,Normal
2026-02-08 14:11:23.025930,Dubai-d39f,35,93,Normal
2026-02-08 14:11:24.025930,Dubai-d39f,-8,53,Normal
2026-02-08 14:11:25.025930,Dubai-d39f,-14,29,Normal
2026-02-08 14:11:26.025930,Dubai-d39f,-7,41,Normal
2026-02-08 14:11:27.025930,Dubai-d39f,-18,71,Normal
2026-02-08 14:11:28.025930,Dubai-d39f,12,16,Normal
2026-02-08 14:11:29.025930,Dubai-d39f,23,67,Normal
2026-02-08 14:11:30.025930,Dubai-d39f,-30,81,Normal
2026-02-08 14:11:31.025930,Dubai-d39f,44,27,Normal
2026-02-08 14:11:32.025930,Dubai-d39f,6,40,Normal
2026-02-08 14:11:33.025930,Dubai-d39f,-22,24,Normal
2026-02-08 14:11:34.025930,Dubai-d39f,8,68,Normal
2026-02-08 14:11:35.025930,Dubai-d39f,22,75,Normal
2026-02-08 14:11:36.025930,Dubai-d39f,-22,10,Normal
2026-02-08 14:11:37.025930,Dubai-d39f,5,87,Normal
2026-02-08 14:11:38.025930,Dubai-d39f,-4,48,Normal
2026-02-08 14:11:39.025930,Dubai-d39f,9,78,Normal
2026-02-08 14:11:40.025930,Dubai-d39f,-11,76,Normal
2026-02-08 14:11:41.025930,Dubai-d39f,19,61,Normal
2026-02-08 14:11:42.025930,Dubai-d39f,28,81,Normal
2026-02-08 14:11:43.025930,Dubai-d39f,-25,65,Normal
2026-02-08 14:11:44.025930,Dubai-d39f,49,93,Normal
2026-02-08 14:11:45.025930,Dubai-d39f,-14,52,Normal
2026-02-08 14:11:46.025930,Dubai-d39f,9,11,Normal
2026-02-08 14:11:47.025930,Dubai-d39f,4,61,Normal
2026-02-08 14:11:48.025930,Dubai-d39f,-12,91,Normal
2026-02-08 14:11:49.025930,Dubai-d39f,-27,66,Normal
2026-02-08 14:11:50.025930,Dubai-d39f,24,72,Normal
2026-02-08 14:11:51.025930,Dubai-d39f,-8,58,Normal
2026-02-08 14:11:52.025930,Dubai-d39f,-16,10,Normal
2026-02-08 14:11:53.025930,Dubai-d39f,35,79,Normal
2026-02-08 14:11:54.025930,Dubai-d39f,29,35,Normal
2026-02-08 14:11:55.025930,Dubai-d39f,12,37,Normal
2026-02-08 14:11:56.025930,Dubai-d39f,16,94,Normal
2026-02-08 14:11:57.025930,Dubai-d39f,14,83,Normal
2026-02-08 14:11:58.025930,Dubai-d39f,5,88,Normal
2026-02-08 14:11:59.025930,Dubai-d39f,1,83,Normal
2026-02-08 14:12:00.025930,Dubai-d39f,23,76,Normal
2026-02-08 14:12:01.025930,Dubai-d39f,-16,13,Normal
2026-02-08 14:12:02.025930,Dubai-d39f,24,20,Normal
2026-02-08 14:12:03.025930,Dubai-d39f,29,70,Normal
2026-02-08 14:12:04.025930,Dubai-d39f,15,69,Normal
2026-02-08 14:12:05.025930,Dubai-d39f,23,58,Normal
2026-02-08 14:12:06.025930,Dubai-d39f,26,63,Normal
2026-02-08 14:12:07.025930,Dubai-d39f,33,83,Normal
2026-02-08 14:12:08.025930,Dubai-d39f,-17,4,Normal
2026-02-08 14:12:09.025930,Dubai-d39f,47,56,Normal
2026-02-08 14:12:10.025930,Dubai-d39f,21,79,Normal
2026-02-08 14:12:11.025930,Dubai-d39f,20,41,Normal
2026-02-08 14:12:12.025930,Dubai-d39f,21,25,Normal
2026-02-08 14:12:13.025930,Dubai-d39f,18,28,Normal
2026-02-08 14:12:14.025930,Dubai-d39f,23,58,Normal
2026-02-08 14:12:15.025930,Dubai-d39f,-24,48,Normal
2026-02-08 14:12:16.025930,Dubai-d39f,-26,76,Normal
2026-02-08 14:12:17.025930,Dubai-d39f,2,84,Normal
2026-02-08 14:12:18.025930,Dubai-d39f,-9,85,Normal
2026-02-08 14:12:19.025930,Dubai-d39f,-22,25,Normal
2026-02-08 14:12:20.025930,Dubai-d39f,19,69,Normal
2026-02-08 14:12:21.025930,Dubai-d39f,0,9,Normal
2026-02-08 14:12:22.025930,Dubai-d39f,2,88,Normal
2026-02-08 14:12:23.025930,Dubai-d39f,-14,20,Normal
2026-02-08 14:12:24.025930,Dubai-d39f,-23,33,Normal
2026-02-08 14:12:25.025930,Dubai-d39f,-13,55,Normal
2026-02-08 14:12:26.025930,Dubai-d39f,26,6,Normal
2026-02-08 14:12:27.025930,Dubai-d39f,21,55,Normal
2026-02-08 14:12:28.025930,Dubai-d39f,23,69,Normal
2026-02-08 14:12:29.025930,Dubai-d39f,-22,70,Normal
2026-02-08 14:12:30.025930,Dubai-d39f,33,12,Normal
2026-02-08 14:12:31.025930,Dubai-d39f,13,72,Normal
2026-02-08 14:12:32.025930,Dubai-d39f,-9,80,Normal
2026-02-08 14:12:33.025930,Dubai-d39f,37,41,Normal
2026-02-08 14:12:34.025930,Dubai-d39f,5,42,Normal
2026-02-08 14:12:35.025930,Dubai-d39f,0,1,Normal
2026-02-08 14:12:36.025930,Dubai-d39f,-16,1,Normal
2026-02-08 14:12:37.025930,Dubai-d39f,-24,75,Normal
2026-02-08 14:12:38.025930,Dubai-d39f,0,46,Normal
2026-02-08 14:12:39.025930,Dubai-d39f,21,80,Normal
2026-02-08 14:12:40.025930,Dubai-d39f,28,43,Normal
2026-02-08 14:12:41.025930,Dubai-d39f,-25,21,Normal
2026-02-08 14:12:42.025930,Dubai-d39f,-8,36,Normal
2026-02-08 14:12:43.025930,Dubai-d39f,16,69,Normal
2026-02-08 14:12:44.025930,Dubai-d39f,28,72,Normal
2026-02-08 14:12:45.025930,Dubai-d39f,18,65,Normal
2026-02-08 14:12:46.025930,Dubai-d39f,20,37,Normal
2026-02-08 14:12:47.025930,Dubai-d39f,18,13,Normal
2026-02-08 14:12:48.025930,Dubai-d39f,-10,98,Normal
2026-02-08 14:12:49.025930,Dubai-d39f,-23,57,Normal
2026-02-08 14:12:50.025930,Dubai-d39f,40,47,Normal
2026-02-08 14:12:51.025930,Dubai-d39f,36,2,Normal
2026-02-08 14:12:52.025930,Dubai-d39f,48,10,Normal
2026-02-08 14:12:53.025930,Dubai-d39f,33,59,Normal
2026-02-08 14:12:54.025930,Dubai-d39f,30,71,Normal
2026-02-08 14:12:55.025930,Dubai-d39f,5,60,Normal
2026-02-08 14:12:56.025930,Dubai-d39f,-28,50,Normal
2026-02-08 14:12:57.025930,Dubai-d39f,1,0,Normal
2026-02-08 14:12:58.025930,Dubai-d39f,2,38,Normal
2026-02-08 14:12:59.025930,Dubai-d39f,-18,95,Normal
2026-02-08 14:13:00.025930,Dubai-d39f,9,74,Normal
2026-02-08 14:13:01.025930,Dubai-d39f,3,40,Normal
2026-02-08 14:13:02.025930,Dubai-d39f,-8,10,Normal
2026-02-08 14:13:03.025930,Dubai-d39f,-26,3,Normal
2026-02-08 14:13:04.025930,Dubai-d39f,-9,80,Normal
2026-02-08 14:13:05.025930,Dubai-d39f,1,61,Normal
2026-02-08 14:13:06.025930,Dubai-d39f,28,67,Normal
2026-02-08 14:13:07.025930,Dubai-d39f,-25,29,Normal
2026-02-08 14:13:08.025930,Dubai-d39f,-13,44,Normal
2026-02-08 14:13:09.025930,Dubai-d39f,-5,51,Normal
2026-02-08 14:13:10.025930,Dubai-d39f,-10,1,Normal
2026-02-08 14:13:11.025930,Dubai-d39f,-27,83,Normal
2026-02-08 14:13:12.025930,Dubai-d39f,-26,61,Normal
2026-02-08 14:13:13.025930,Dubai-d39f,2,69,Normal
2026-02-08 14:13:14.025930,Dubai-d39f,22,89,Normal
2026-02-08 14:13:15.025930,Dubai-d39f,11,73,Normal
2026-02-08 14:13:16.025930,Dubai-d39f,35,10,Normal
2026-02-08 14:13:17.025930,Dubai-d39f,-1,17,Normal
2026-02-08 14:13:18.025930,Dubai-d39f,27,1,Normal
2026-02-08 14:13:19.025930,Dubai-d39f,34,86,Normal
2026-02-08 14:13:20.025930,Dubai-d39f,1,84,Normal
2026-02-08 14:13:21.025930,Dubai-d39f,-1,21,Normal
2026-02-08 14:13:22.025930,Dubai-d39f,-6,70,Normal
2026-02-08 14:13:23.025930,Dubai-d39f,-18,3,Normal
2026-02-08 14:13:24.025930,Dubai-d39f,11,83,Normal
2026-02-08 14:13:25.025930,Dubai-d39f,-13,69,Normal
2026-02-08 14:13:26.025930,Dubai-d39f,11,42,Normal
2026-02-08 14:13:27.025930,Dubai-d39f,4,80,Normal
2026-02-08 14:13:28.025930,Dubai-d39f,41,64,Normal
2026-02-08 14:13:29.025930,Dubai-d39f,45,26,Normal
2026-02-08 14:13:30.025930,Dubai-d39f,40,41,Normal
2026-02-08 14:13:31.025930,Dubai-d39f,36,79,Normal
2026-02-08 14:13:32.025930,Dubai-d39f,-26,94,Normal
2026-02-08 14:13:33.025930,Dubai-d39f,11,37,Normal
2026-02-08 14:13:34.025930,Dubai-d39f,-24,56,Normal
2026-02-08 14:13:35.025930,Dubai-d39f,14,49,Normal
2026-02-08 14:13:36.025930,Dubai-d39f,9,25,Normal
2026-02-08 14:13:37.025930,Dubai-d39f,49,89,Normal
2026-02-08 14:13:38.025930,Dubai-d39f,2,37,Normal
2026-02-08 14:13:39.025930,Dubai-d39f,-6,49,Normal
2026-02-08 14:13:40.025930,Dubai-d39f,29,65,Normal
2026-02-08 14:13:41.025930,Dubai-d39f,-23,30,Normal
2026-02-08 14:13:42.025930,Dubai-d39f,-13,93,Normal
2026-02-08 14:13:43.025930,Dubai-d39f,5,56,Normal
2026-02-08 14:13:44.025930,Dubai-d39f,-19,55,Normal
2026-02-08 14:13:45.025930,Dubai-d39f,37,22,Normal
2026-02-08 14:13:46.025930,Dubai-d39f,23,28,Normal
2026-02-08 14:13:47.025930,Dubai-d39f,-1,90,Normal
2026-02-08 14:13:48.025930,Dubai-d39f,-16,76,Normal
2026-02-08 14:13:49.025930,Dubai-d39f,28,35,Normal
2026-02-08 14:13:50.025930,Dubai-d39f,-24,28,Normal
2026-02-08 14:13:51.025930,Dubai-d39f,33,47,Normal
2026-02-08 14:13:52.025930,Dubai-d39f,42,81,Normal
2026-02-08 14:13:53.025930,Dubai-d39f,14,8,Normal
2026-02-08 14:13:54.025930,Dubai-d39f,12,45,Normal
2026-02-08 14:13:55.025930,Dubai-d39f,4,44,Normal
2026-02-08 14:13:56.025930,Dubai-d39f,30,83,Normal
2026-02-08 14:13:57.025930,Dubai-d39f,41,64,Normal
2026-02-08 14:13:58.025930,Dubai-d39f,-21,18,Normal
2026-02-08 14:13:59.025930,Dubai-d39f,20,44,Normal
2026-02-08 14:14:00.025930,Dubai-d39f,7,42,Normal
2026-02-08 14:14:01.025930,Dubai-d39f,16,67,Normal
2026-02-08 14:14:02.025930,Dubai-d39f,38,37,Normal
2026-02-08 14:14:03.025930,Dubai-d39f,21,70,Normal
2026-02-08 14:14:04.025930,Dubai-d39f,8,46,Normal
2026-02-08 14:14:05.025930,Dubai-d39f,29,28,Normal
2026-02-08 14:14:06.025930,Dubai-d39f,42,17,Normal
2026-02-08 14:14:07.025930,Dubai-d39f,7,68,Normal
2026-02-08 14:14:08.025930,Dubai-d39f,-2,98,Normal
2026-02-08 14:14:09.025930,Dubai-d39f,21,44,Normal
2026-02-08 14:14:10.025930,Dubai-d39f,-22,69,Normal
2026-02-08 14:14:11.025930,Dubai-d39f,26,82,Normal
2026-02-08 14:14:12.025930,Dubai-d39f,12,0,Normal
2026-02-08 14:14:13.025930,Dubai-d39f,15,2,Normal
2026-02-08 14:14:14.025930,Dubai-d39f,10,24,Normal
2026-02-08 14:14:15.025930,Dubai-d39f,24,9,Normal
2026-02-08 14:14:16.025930,Dubai-d39f,1,25,Normal
2026-02-08 14:14:17.025930,Dubai-d39f,48,14,Normal
2026-02-08 14:14:18.025930,Dubai-d39f,-11,29,Normal
2026-02-08 14:14:19.025930,Dubai-d39f,-1,78,Normal
2026-02-08 14:14:20.025930,Dubai-d39f,35,95,Normal
2026-02-08 14:14:21.025930,Dubai-d39f,-26,62,Normal
2026-02-08 14:14:22.025930,Dubai-d39f,17,74,Normal
2026-02-08 14:14:23.025930,Dubai-d39f,44,95,Normal
2026-02-08 14:14:24.025930,Dubai-d39f,-23,34,Normal
2026-02-08 14:14:25.025930,Dubai-d39f,21,44,Normal
2026-02-08 14:14:26.025930,Dubai-d39f,49,19,Normal
2026-02-08 14:14:27.025930,Dubai-d39f,-29,7,Normal
2026-02-08 14:14:28.025930,Dubai-d39f,-1,22,Normal
2026-02-08 14:14:29.025930,Dubai-d39f,27,99,Normal
2026-02-08 14:14:30.025930,Dubai-d39f,-28,68,Normal
2026-02-08 14:14:31.025930,Dubai-d39f,49,88,Normal
2026-02-08 14:14:32.025930,Dubai-d39f,9,79,Normal
2026-02-08 14:14:33.025930,Dubai-d39f,22,41,Normal
2026-02-08 14:14:34.025930,Dubai-d39f,10,58,Normal
2026-02-08 14:14:35.025930,Dubai-d39f,47,69,Normal
2026-02-08 14:14:36.025930,Dubai-d39f,48,28,Normal
2026-02-08 14:14:37.025930,Dubai-d39f,-16,1,Normal
2026-02-08 14:14:38.025930,Dubai-d39f,-5,94,Normal
2026-02-08 14:14:39.025930,Dubai-d39f,22,51,Normal
2026-02-08 14:14:40.025930,Dubai-d39f,12,60,Normal
2026-02-08 14:14:41.025930,Dubai-d39f,16,19,Normal
2026-02-08 14:14:42.025930,Dubai-d39f,-8,81,Normal
2026-02-08 14:14:43.025930,Dubai-d39f,-21,29,Normal
2026-02-08 14:14:44.025930,Dubai-d39f,27,70,Normal
2026-02-08 14:14:45.025930,Dubai-d39f,49,98,Normal
2026-02-08 14:14:46.025930,Dubai-d39f,-1,89,Normal
2026-02-08 14:14:47.025930,Dubai-d39f,-20,16,Normal
2026-02-08 14:14:48.025930,Dubai-d39f,-22,1,Normal
2026-02-08 14:14:49.025930,Dubai-d39f,45,6,Normal
2026-02-08 14:14:50.025930,Dubai-d39f,-21,54,Normal
2026-02-08 14:14:51.025930,Dubai-d39f,-14,73,Normal
2026-02-08 14:14:52.025930,Dubai-d39f,34,37,Normal
2026-02-08 14:14:53.025930,Dubai-d39f,-17,65,Normal
2026-02-08 14:14:54.025930,Dubai-d39f,0,10,Normal
2026-02-08 14:14:55.025930,Dubai-d39f,41,95,Normal
2026-02-08 14:14:56.025930,Dubai-d39f,43,52,Normal
2026-02-08 14:14:57.025930,Dubai-d39f,7,83,Normal
2026-02-08 14:14:58.025930,Dubai-d39f,-5,99,Normal
2026-02-08 14:14:59.025930,Dubai-d39f,39,60,Normal
2026-02-08 14:15:00.025930,Dubai-d39f,-19,40,Normal
2026-02-08 14:15:01.025930,Dubai-d39f,48,38,Normal
2026-02-08 14:15:02.025930,Dubai-d39f,-9,34,Normal
2026-02-08 14:15:03.025930,Dubai-d39f,41,47,Normal
2026-02-08 14:15:04.025930,Dubai-d39f,33,72,Normal
2026-02-08 14:15:05.025930,Dubai-d39f,36,86,Normal
2026-02-08 14:15:06.025930,Dubai-d39f,34,12,Normal
2026-02-08 14:15:07.025930,Dubai-d39f,8,94,Normal
2026-02-08 14:15:08.025930,Dubai-d39f,-19,56,Normal
2026-02-08 14:15:09.025930,Dubai-d39f,21,97,Normal
2026-02-08 14:15:10.025930,Dubai-d39f,-27,68,Normal
2026-02-08 14:15:11.025930,Dubai-d39f,14,55,Normal
2026-02-08 14:15:12.025930,Dubai-d39f,27,34,Normal
2026-02-08 14:15:13.025930,Dubai-d39f,12,50,Normal
2026-02-08 14:15:14.025930,Dubai-d39f,-17,27,Normal
2026-02-08 14:15:15.025930,Dubai-d39f,31,76,Normal
2026-02-08 14:15:16.025930,Dubai-d39f,-25,79,Normal
2026-02-08 14:15:17.025930,Dubai-d39f,31,42,Normal
2026-02-08 14:15:18.025930,Dubai-d39f,-5,79,Normal
2026-02-08 14:15:19.025930,Dubai-d39f,41,44,Normal
2026-02-08 14:15:20.025930,Dubai-d39f,-1,17,Normal
2026-02-08 14:15:21.025930,Dubai-d39f,3,8,Normal
2026-02-08 14:15:22.025930,Dubai-d39f,27,57,Normal
2026-02-08 14:15:23.025930,Dubai-d39f,20,62,Normal
2026-02-08 14:15:24.025930,Dubai-d39f,-19,53,Normal
2026-02-08 14:15:25.025930,Dubai-d39f,22,36,Normal
2026-02-08 14:15:26.025930,Dubai-d39f,-15,10,Normal
2026-02-08 14:15:27.025930,Dubai-d39f,7,92,Normal
2026-02-08 14:15:28.025930,Dubai-d39f,7,41,Normal
2026-02-08 14:15:29.025930,Dubai-d39f,29,77,Normal
2026-02-08 14:15:30.025930,Dubai-d39f,-15,70,Normal
2026-02-08 14:15:31.025930,Dubai-d39f,-22,38,Normal
2026-02-08 14:15:32.025930,Dubai-d39f,46,99,Normal
2026-02-08 14:15:33.025930,Dubai-d39f,43,15,Normal
2026-02-08 14:15:34.025930,Dubai-d39f,8,67,Normal
2026-02-08 14:15:35.025930,Dubai-d39f,41,37,Normal
2026-02-08 14:15:36.025930,Dubai-d39f,25,42,Normal
2026-02-08 14:15:37.025930,Dubai-d39f,-14,23,Normal
2026-02-08 14:15:38.025930,Dubai-d39f,30,15,Normal
2026-02-08 14:15:39.025930,Dubai-d39f,-9,70,Normal
2026-02-08 14:15:40.025930,Dubai-d39f,21,15,Normal
2026-02-08 14:15:41.025930,Dubai-d39f,-18,31,Normal
2026-02-08 14:15:42.025930,Dubai-d39f,-24,24,Normal
2026-02-08 14:15:43.025930,Dubai-d39f,31,47,Normal
2026-02-08 14:15:44.025930,Dubai-d39f,-18,36,Normal
2026-02-08 14:15:45.025930,Dubai-d39f,-22,8,Normal
2026-02-08 14:15:46.025930,Dubai-d39f,-7,69,Normal
2026-02-08 14:15:47.025930,Dubai-d39f,25,12,Normal
2026-02-08 14:15:48.025930,Dubai-d39f,12,92,Normal
2026-02-08 14:15:49.025930,Dubai-d39f,-14,33,Normal
2026-02-08 14:15:50.025930,Dubai-d39f,-24,24,Normal
2026-02-08 14:15:51.025930,Dubai-d39f,35,38,Normal
2026-02-08 14:15:52.025930,Dubai-d39f,42,53,Normal
2026-02-08 14:15:53.025930,Dubai-d39f,5,49,Normal
2026-02-08 14:15:54.025930,Dubai-d39f,-15,5,Normal
2026-02-08 14:15:55.025930,Dubai-d39f,42,19,Normal
2026-02-08 14:15:56.025930,Dubai-d39f,47,89,Normal
2026-02-08 14:15:57.025930,Dubai-d39f,-12,18,Normal
2026-02-08 14:15:58.025930,Dubai-d39f,-18,68,Normal
2026-02-08 14:15:59.025930,Dubai-d39f,-8,6,Normal
2026-02-08 14:16:00.025930,Dubai-d39f,48,41,Normal
2026-02-08 14:16:01.025930,Dubai-d39f,39,49,Normal
2026-02-08 14:16:02.025930,Dubai-d39f,37,16,Normal
2026-02-08 14:16:03.025930,Dubai-d39f,-1,75,Normal
2026-02-08 14:16:04.025930,Dubai-d39f,-18,69,Normal
2026-02-08 14:16:05.025930,Dubai-d39f,-4,22,Normal
2026-02-08 14:16:06.025930,Dubai-d39f,-7,79,Normal
2026-02-08 14:16:07.025930,Dubai-d39f,-6,25,Normal
2026-02-08 14:16:08.025930,Dubai-d39f,28,58,Normal
2026-02-08 14:16:09.025930,Dubai-d39f,-21,93,Normal
2026-02-08 14:16:10.025930,Dubai-d39f,-8,85,Normal
2026-02-08 14:16:11.025930,Dubai-d39f,19,4,Normal
2026-02-08 14:16:12.025930,Dubai-d39f,32,2,Normal
2026-02-08 14:16:13.025930,Dubai-d39f,-11,58,Normal
2026-02-08 14:16:14.025930,Dubai-d39f,-25,39,Normal
2026-02-08 14:16:15.025930,Dubai-d39f,-7,30,Normal
2026-02-08 14:16:16.025930,Dubai-d39f,7,69,Normal
2026-02-08 14:16:17.025930,Dubai-d39f,36,8,Normal
2026-02-08 14:16:18.025930,Dubai-d39f,-15,37,Normal
2026-02-08 14:16:19.025930,Dubai-d39f,-6,59,Normal
2026-02-08 14:16:20.025930,Dubai-d39f,18,13,Normal
2026-02-08 14:16:21.025930,Dubai-d39f,46,79,Normal
2026-02-08 14:16:22.025930,Dubai-d39f,-1,16,Normal
2026-02-08 14:16:23.025930,Dubai-d39f,17,18,Normal
2026-02-08 14:16:24.025930,Dubai-d39f,41,16,Normal
2026-02-08 14:16:25.025930,Dubai-d39f,-13,11,Normal
2026-02-08 14:16:26.025930,Dubai-d39f,9,23,Normal
2026-02-08 14:16:27.025930,Dubai-d39f,37,67,Normal
2026-02-08 14:16:28.025930,Dubai-d39f,49,24,Normal
2026-02-08 14:16:29.025930,Dubai-d39f,-11,23,Normal
2026-02-08 14:16:30.025930,Dubai-d39f,40,35,Normal
2026-02-08 14:16:31.025930,Dubai-d39f,26,14,Normal
2026-02-08 14:16:32.025930,Dubai-d39f,37,87,Normal
2026-02-08 14:16:33.025930,Dubai-d39f,-21,98,Normal
2026-02-08 14:16:34.025930,Dubai-d39f,50,90,Normal
2026-02-08 14:16:35.025930,Dubai-d39f,-1,10,Normal
2026-02-08 14:16:36.025930,Dubai-d39f,21,64,Normal
2026-02-08 14:16:37.025930,Dubai-d39f,47,81,Normal
2026-02-08 14:16:38.025930,Dubai-d39f,33,2,Normal
2026-02-08 14:16:39.025930,Dubai-d39f,-11,62,Normal
2026-02-08 14:16:40.025930,Dubai-d39f,-1,2,Normal
2026-02-08 14:16:41.025930,Dubai-d39f,-26,35,Normal
2026-02-08 14:16:42.025930,Dubai-d39f,3,89,Normal
2026-02-08 14:16:43.025930,Dubai-d39f,-2,30,Normal
2026-02-08 14:16:44.025930,Dubai-d39f,17,6,Normal
2026-02-08 14:16:45.025930,Dubai-d39f,-6,87,Normal
2026-02-08 14:16:46.025930,Dubai-d39f,-10,47,Normal
2026-02-08 14:16:47.025930,Dubai-d39f,15,24,Normal
2026-02-08 14:16:48.025930,Dubai-d39f,35,95,Normal
2026-02-08 14:16:49.025930,Dubai-d39f,5,6,Normal
2026-02-08 14:16:50.025930,Dubai-d39f,28,46,Normal
2026-02-08 14:16:51.025930,Dubai-d39f,38,87,Normal
2026-02-08 14:16:52.025930,Dubai-d39f,-12,71,Normal
2026-02-08 14:16:53.025930,Dubai-d39f,15,87,Normal
2026-02-08 14:16:54.025930,Dubai-d39f,-17,77,Normal
2026-02-08 14:16:55.025930,Dubai-d39f,45,24,Normal
2026-02-08 14:16:56.025930,Dubai-d39f,25,48,Normal
2026-02-08 14:16:57.025930,Dubai-d39f,43,3,Normal
2026-02-08 14:16:58.025930,Dubai-d39f,29,68,Normal
2026-02-08 14:16:59.025930,Dubai-d39f,46,3,Normal
2026-02-08 14:17:00.025930,Dubai-d39f,-12,86,Normal
2026-02-08 14:17:01.025930,Dubai-d39f,16,7,Normal
2026-02-08 14:17:02.025930,Dubai-d39f,16,45,Normal
2026-02-08 14:17:03.025930,Dubai-d39f,-2,60,Normal
2026-02-08 14:17:04.025930,Dubai-d39f,41,32,Normal
2026-02-08 14:17:05.025930,Dubai-d39f,33,62,Normal
2026-02-08 14:17:06.025930,Dubai-d39f,43,100,Normal
2026-02-08 14:17:07.025930,Dubai-d39f,1,49,Normal
2026-02-08 14:17:08.025930,Dubai-d39f,-15,15,Normal
2026-02-08 14:17:09.025930,Dubai-d39f,36,3,Normal
2026-02-08 14:17:10.025930,Dubai-d39f,5,40,Normal
2026-02-08 14:17:11.025930,Dubai-d39f,-22,5,Normal
2026-02-08 14:17:12.025930,Dubai-d39f,2,88,Normal
2026-02-08 14:17:13.025930,Dubai-d39f,33,12,Normal
2026-02-08 14:17:14.025930,Dubai-d39f,45,75,Normal
2026-02-08 14:17:15.025930,Dubai-d39f,42,90,Normal
2026-02-08 14:17:16.025930,Dubai-d39f,48,81,Normal
2026-02-08 14:17:17.025930,Dubai-d39f,38,41,Normal
2026-02-08 14:17:18.025930,Dubai-d39f,-13,57,Normal
2026-02-08 14:17:19.025930,Dubai-d39f,-19,16,Normal
2026-02-08 14:17:20.025930,Dubai-d39f,-17,7,Normal
2026-02-08 14:17:21.025930,Dubai-d39f,-4,54,Normal
2026-02-08 14:17:22.025930,Dubai-d39f,10,82,Normal
2026-02-08 14:17:23.025930,Dubai-d39f,13,91,Normal
2026-02-08 14:17:24.025930,Dubai-d39f,16,7,Normal
2026-02-08 14:17:25.025930,Dubai-d39f,8,36,Normal
2026-02-08 14:17:26.025930,Dubai-d39f,22,94,Normal
2026-02-08 14:17:27.025930,Dubai-d39f,38,84,Normal
2026-02-08 14:17:28.025930,Dubai-d39f,32,77,Normal
2026-02-08 14:17:29.025930,Dubai-d39f,38,12,Normal
2026-02-08 14:17:30.025930,Dubai-d39f,12,80,Normal
2026-02-08 14:17:31.025930,Dubai-d39f,-23,24,Normal
2026-02-08 14:17:32.025930,Dubai-d39f,43,66,Normal
2026-02-08 14:17:33.025930,Dubai-d39f,28,58,Normal
2026-02-08 14:17:34.025930,Dubai-d39f,14,91,Normal
2026-02-08 14:17:35.025930,Dubai-d39f,14,63,Normal
2026-02-08 14:17:36.025930,Dubai-d39f,7,9,Normal
2026-02-08 14:17:37.025930,Dubai-d39f,-19,50,Normal
2026-02-08 14:17:38.025930,Dubai-d39f,33,91,Normal
2026-02-08 14:17:39.025930,Dubai-d39f,-4,19,Normal
2026-02-08 14:17:40.025930,Dubai-d39f,-6,78,Normal
2026-02-08 14:17:41.025930,Dubai-d39f,29,86,Normal
2026-02-08 14:17:42.025930,Dubai-d39f,-16,32,Normal
2026-02-08 14:17:43.025930,Dubai-d39f,30,88,Normal
2026-02-08 14:17:44.025930,Dubai-d39f,-11,46,Normal
2026-02-08 14:17:45.025930,Dubai-d39f,-27,65,Normal
2026-02-08 14:17:46.025930,Dubai-d39f,41,73,Normal
2026-02-08 14:17:47.025930,Dubai-d39f,-20,7,Normal
2026-02-08 14:17:48.025930,Dubai-d39f,34,41,Normal
2026-02-08 14:17:49.025930,Dubai-d39f,-20,37,Normal
2026-02-08 14:17:50.025930,Dubai-d39f,49,90,Normal
2026-02-08 14:17:51.025930,Dubai-d39f,5,64,Normal
2026-02-08 14:17:52.025930,Dubai-d39f,-9,72,Normal
2026-02-08 14:17:53.025930,Dubai-d39f,39,77,Normal
2026-02-08 14:17:54.025930,Dubai-d39f,41,65,Normal
2026-02-08 14:17:55.025930,Dubai-d39f,25,44,Normal
2026-02-08 14:17:56.025930,Dubai-d39f,33,43,Normal
2026-02-08 14:17:57.025930,Dubai-d39f,-12,98,Normal
2026-02-08 14:17:58.025930,Dubai-d39f,-15,6,Normal
2026-02-08 14:17:59.025930,Dubai-d39f,23,9,Normal
2026-02-08 14:18:00.025930,Dubai-d39f,12,75,Normal
2026-02-08 14:18:01.025930,Dubai-d39f,22,60,Normal
2026-02-08 14:18:02.025930,Dubai-d39f,22,1,Normal
2026-02-08 14:18:03.025930,Dubai-d39f,-14,72,Normal
2026-02-08 14:18:04.025930,Dubai-d39f,23,4,Normal
2026-02-08 14:18:05.025930,Dubai-d39f,41,93,Normal
2026-02-08 14:18:06.025930,Dubai-d39f,40,86,Normal
2026-02-08 14:18:07.025930,Dubai-d39f,-22,13,Normal
2026-02-08 14:18:08.025930,Dubai-d39f,33,87,Normal
2026-02-08 14:18:09.025930,Dubai-d39f,-29,78,Normal
2026-02-08 14:18:10.025930,Dubai-d39f,22,88,Normal
2026-02-08 14:18:11.025930,Dubai-d39f,49,8,Normal
2026-02-08 14:18:12.025930,Dubai-d39f,24,99,Normal
2026-02-08 14:18:13.025930,Dubai-d39f,10,27,Normal
2026-02-08 14:18:14.025930,Dubai-d39f,-8,81,Normal
2026-02-08 14:18:15.025930,Dubai-d39f,35,13,Normal
2026-02-08 14:18:16.025930,Dubai-d39f,-20,70,Normal
2026-02-08 14:18:17.025930,Dubai-d39f,47,12,Normal
2026-02-08 14:18:18.025930,Dubai-d39f,23,59,Normal
2026-02-08 14:18:19.025930,Dubai-d39f,41,81,Normal
2026-02-08 14:18:20.025930,Dubai-d39f,8,75,Normal
2026-02-08 14:18:21.025930,Dubai-d39f,36,24,Normal
2026-02-08 14:18:22.025930,Dubai-d39f,-13,64,Normal
2026-02-08 14:18:23.025930,Dubai-d39f,-16,34,Normal
2026-02-08 14:18:24.025930,Dubai-d39f,30,100,Normal
2026-02-08 14:18:25.025930,Dubai-d39f,49,97,Normal
2026-02-08 14:18:26.025930,Dubai-d39f,49,93,Normal
2026-02-08 14:18:27.025930,Dubai-d39f,-27,32,Normal
2026-02-08 14:18:28.025930,Dubai-d39f,10,43,Normal
2026-02-08 14:18:29.025930,Dubai-d39f,42,97,Normal
2026-02-08 14:18:30.025930,Dubai-d39f,5,46,Normal
2026-02-08 14:18:31.025930,Dubai-d39f,44,59,Normal
2026-02-08 14:18:32.025930,Dubai-d39f,-19,23,Normal
2026-02-08 14:18:33.025930,Dubai-d39f,11,9,Normal
2026-02-08 14:18:34.025930,Dubai-d39f,8,54,Normal
2026-02-08 14:18:35.025930,Dubai-d39f,34,21,Normal
2026-02-08 14:18:36.025930,Dubai-d39f,2,54,Normal
2026-02-08 14:18:37.025930,Dubai-d39f,15,83,Normal
2026-02-08 14:18:38.025930,Dubai-d39f,27,43,Normal
2026-02-08 14:18:39.025930,Dubai-d39f,-8,28,Normal
2026-02-08 14:18:40.025930,Dubai-d39f,21,0,Normal
2026-02-08 14:18:41.025930,Dubai-d39f,48,5,Normal
2026-02-08 14:18:42.025930,Dubai-d39f,-23,55,Normal
2026-02-08 14:18:43.025930,Dubai-d39f,44,21,Normal
2026-02-08 14:18:44.025930,Dubai-d39f,24,2,Normal
2026-02-08 14:18:45.025930,Dubai-d39f,2,6,Normal
2026-02-08 14:18:46.025930,Dubai-d39f,15,22,Normal
2026-02-08 14:18:47.025930,Dubai-d39f,15,81,Normal
2026-02-08 14:18:48.025930,Dubai-d39f,46,50,Normal
2026-02-08 14:18:49.025930,Dubai-d39f,28,82,Normal
2026-02-08 14:18:50.025930,Dubai-d39f,-29,51,Normal
2026-02-08 14:18:51.025930,Dubai-d39f,-19,87,Normal
2026-02-08 14:18:52.025930,Dubai-d39f,-15,53,Normal
2026-02-08 14:18:53.025930,Dubai-d39f,-12,1,Normal
2026-02-08 14:18:54.025930,Dubai-d39f,-4,65,Normal
2026-02-08 14:18:55.025930,Dubai-d39f,36,48,Normal
2026-02-08 14:18:56.025930,Dubai-d39f,28,42,Normal
2026-02-08 14:18:57.025930,Dubai-d39f,32,47,Normal
2026-02-08 14:18:58.025930,Dubai-d39f,22,99,Normal
2026-02-08 14:18:59.025930,Dubai-d39f,-11,94,Normal
2026-02-08 14:19:00.025930,Dubai-d39f,-2,47,Normal
2026-02-08 14:19:01.025930,Dubai-d39f,50,17,Normal
2026-02-08 14:19:02.025930,Dubai-d39f,0,49,Normal
2026-02-08 14:19:03.025930,Dubai-d39f,50,17,Normal
2026-02-08 14:19:04.025930,Dubai-d39f,12,14,Normal
2026-02-08 14:19:05.025930,Dubai-d39f,-6,7,Normal
2026-02-08 14:19:06.025930,Dubai-d39f,11,33,Normal
2026-02-08 14:19:07.025930,Dubai-d39f,-23,20,Normal
2026-02-08 14:19:08.025930,Dubai-d39f,-11,6,Normal
2026-02-08 14:19:09.025930,Dubai-d39f,30,30,Normal
2026-02-08 14:19:10.025930,Dubai-d39f,-5,18,Normal
2026-02-08 14:19:11.025930,Dubai-d39f,16,94,Normal
2026-02-08 14:19:12.025930,Dubai-d39f,36,13,Normal
2026-02-08 14:19:13.025930,Dubai-d39f,6,86,Normal
2026-02-08 14:19:14.025930,Dubai-d39f,10,74,Normal
2026-02-08 14:19:15.025930,Dubai-d39f,2,64,Normal
2026-02-08 14:19:16.025930,Dubai-d39f,4,36,Normal
2026-02-08 14:19:17.025930,Dubai-d39f,-27,64,Normal
2026-02-08 14:19:18.025930,Dubai-d39f,-5,1,Normal
2026-02-08 14:19:19.025930,Dubai-d39f,28,63,Normal
2026-02-08 14:19:20.025930,Dubai-d39f,0,97,Normal
2026-02-08 14:19:21.025930,Dubai-d39f,-10,70,Normal
2026-02-08 14:19:22.025930,Dubai-d39f,2,12,Normal
2026-02-08 14:19:23.025930,Dubai-d39f,-21,20,Normal
2026-02-08 14:19:24.025930,Dubai-d39f,9,79,Normal
2026-02-08 14:19:25.025930,Dubai-d39f,21,19,Normal
2026-02-08 14:19:26.025930,Dubai-d39f,11,69,Normal
2026-02-08 14:19:27.025930,Dubai-d39f,12,77,Normal
2026-02-08 14:19:28.025930,Dubai-d39f,10,67,Normal
2026-02-08 14:19:29.025930,Dubai-d39f,43,39,Normal
2026-02-08 14:19:30.025930,Dubai-d39f,47,38,Normal
2026-02-08 14:19:31.025930,Dubai-d39f,7,65,Normal
2026-02-08 14:19:32.025930,Dubai-d39f,14,66,Normal
2026-02-08 14:19:33.025930,Dubai-d39f,-10,94,Normal
2026-02-08 14:19:34.025930,Dubai-d39f,7,31,Normal
2026-02-08 14:19:35.025930,Dubai-d39f,12,69,Normal
2026-02-08 14:19:36.025930,Dubai-d39f,23,48,Normal
2026-02-08 14:19:37.025930,Dubai-d39f,-4,74,Normal
2026-02-08 14:19:38.025930,Dubai-d39f,40,73,Normal
2026-02-08 14:19:39.025930,Dubai-d39f,8,2,Normal
2026-02-08 14:19:40.025930,Dubai-d39f,46,80,Normal
2026-02-08 14:19:41.025930,Dubai-d39f,9,43,Normal
2026-02-08 14:19:42.025930,Dubai-d39f,2,13,Normal
2026-02-08 14:19:43.025930,Dubai-d39f,13,29,Normal
2026-02-08 14:19:44.025930,Dubai-d39f,-18,25,Normal
2026-02-08 14:19:45.025930,Dubai-d39f,-30,14,Normal
2026-02-08 14:19:46.025930,Dubai-d39f,-9,88,Normal
2026-02-08 14:19:47.025930,Dubai-d39f,-17,7,Normal
2026-02-08 14:19:48.025930,Dubai-d39f,32,47,Normal
2026-02-08 14:19:49.025930,Dubai-d39f,-24,80,Normal
2026-02-08 14:19:50.025930,Dubai-d39f,19,5,Normal
2026-02-08 14:19:51.025930,Dubai-d39f,6,2,Normal
2026-02-08 14:19:52.025930,Dubai-d39f,-30,92,Normal
2026-02-08 14:19:53.025930,Dubai-d39f,4,87,Normal
2026-02-08 14:19:54.025930,Dubai-d39f,-8,36,Normal
2026-02-08 14:19:55.025930,Dubai-d39f,6,28,Normal
2026-02-08 14:19:56.025930,Dubai-d39f,-16,54,Normal
2026-02-08 14:19:57.025930,Dubai-d39f,15,0,Normal
2026-02-08 14:19:58.025930,Dubai-d39f,24,92,Normal
2026-02-08 14:19:59.025930,Dubai-d39f,28,22,Normal
2026-02-08 14:20:00.025930,Dubai-d39f,21,37,Normal
2026-02-08 14:20:01.025930,Dubai-d39f,38,80,Normal
2026-02-08 14:20:02.025930,Dubai-d39f,5,63,Normal
2026-02-08 14:20:03.025930,Dubai-d39f,-5,10,Normal
2026-02-08 14:20:04.025930,Dubai-d39f,-1,36,Normal
2026-02-08 14:20:05.025930,Dubai-d39f,7,89,Normal
2026-02-08 14:20:06.025930,Dubai-d39f,50,82,Normal
2026-02-08 14:20:07.025930,Dubai-d39f,-2,50,Normal
2026-02-08 14:20:08.025930,Dubai-d39f,33,81,Normal
2026-02-08 14:20:09.025930,Dubai-d39f,9,100,Normal
2026-02-08 14:20:10.025930,Dubai-d39f,-14,68,Normal
2026-02-08 14:20:11.025930,Dubai-d39f,-27,23,Normal
2026-02-08 14:20:12.025930,Dubai-d39f,-16,48,Normal
2026-02-08 14:20:13.025930,Dubai-d39f,-30,82,Normal
2026-02-08 14:20:14.025930,Dubai-d39f,35,17,Normal
2026-02-08 14:20:15.025930,Dubai-d39f,-7,52,Normal
2026-02-08 14:20:16.025930,Dubai-d39f,46,44,Normal
2026-02-08 14:20:17.025930,Dubai-d39f,32,84,Normal
2026-02-08 14:20:18.025930,Dubai-d39f,39,2,Normal
2026-02-08 14:20:19.025930,Dubai-d39f,3,44,Normal
2026-02-08 14:20:20.025930,Dubai-d39f,48,75,Normal
2026-02-08 14:20:21.025930,Dubai-d39f,-20,23,Normal
2026-02-08 14:20:22.025930,Dubai-d39f,-22,52,Normal
2026-02-08 14:20:23.025930,Dubai-d39f,10,64,Normal
2026-02-08 14:20:24.025930,Dubai-d39f,-7,18,Normal
2026-02-08 14:20:25.025930,Dubai-d39f,47,12,Normal
2026-02-08 14:20:26.025930,Dubai-d39f,-5,62,Normal
2026-02-08 14:20:27.025930,Dubai-d39f,-12,12,Normal
2026-02-08 14:20:28.025930,Dubai-d39f,24,85,Normal
2026-02-08 14:20:29.025930,Dubai-d39f,-7,83,Normal
2026-02-08 14:20:30.025930,Dubai-d39f,37,44,Normal
2026-02-08 14:20:31.025930,Dubai-d39f,-17,58,Normal
2026-02-08 14:20:32.025930,Dubai-d39f,30,18,Normal
2026-02-08 14:20:33.025930,Dubai-d39f,-21,5,Normal
2026-02-08 14:20:34.025930,Dubai-d39f,-30,27,Normal
2026-02-08 14:20:35.025930,Dubai-d39f,-28,78,Normal
2026-02-08 14:20:36.025930,Dubai-d39f,47,26,Normal
2026-02-08 14:20:37.025930,Dubai-d39f,33,73,Normal
2026-02-08 14:20:38.025930,Dubai-d39f,41,41,Normal
2026-02-08 14:20:39.025930,Dubai-d39f,50,39,Normal
2026-02-08 14:20:40.025930,Dubai-d39f,49,67,Normal
2026-02-08 14:20:41.025930,Dubai-d39f,1,66,Normal
2026-02-08 14:20:42.025930,Dubai-d39f,13,31,Normal
2026-02-08 14:20:43.025930,Dubai-d39f,-30,94,Normal
2026-02-08 14:20:44.025930,Dubai-d39f,7,35,Normal
2026-02-08 14:20:45.025930,Dubai-d39f,-9,71,Normal
2026-02-08 14:20:46.025930,Dubai-d39f,36,1,Normal
2026-02-08 14:20:47.025930,Dubai-d39f,45,87,Normal
2026-02-08 14:20:48.025930,Dubai-d39f,-10,71,Normal
2026-02-08 14:20:49.025930,Dubai-d39f,2,52,Normal
2026-02-08 14:20:50.025930,Dubai-d39f,46,13,Normal
2026-02-08 14:20:51.025930,Dubai-d39f,-30,75,Normal
2026-02-08 14:20:52.025930,Dubai-d39f,-9,32,Normal
2026-02-08 14:20:53.025930,Dubai-d39f,43,59,Normal
2026-02-08 14:20:54.025930,Dubai-d39f,48,38,Normal
2026-02-08 14:20:55.025930,Dubai-d39f,-7,66,Normal
2026-02-08 14:20:56.025930,Dubai-d39f,16,83,Normal
2026-02-08 14:20:57.025930,Dubai-d39f,43,62,Normal
2026-02-08 14:20:58.025930,Dubai-d39f,34,100,Normal
2026-02-08 14:20:59.025930,Dubai-d39f,-17,17,Normal
2026-02-08 14:21:00.025930,Dubai-d39f,2,98,Normal
2026-02-08 14:21:01.025930,Dubai-d39f,-6,39,Normal
2026-02-08 14:21:02.025930,Dubai-d39f,-13,50,Normal
2026-02-08 14:21:03.025930,Dubai-d39f,29,61,Normal
2026-02-08 14:21:04.025930,Dubai-d39f,-12,39,Normal
2026-02-08 14:21:05.025930,Dubai-d39f,-11,90,Normal
2026-02-08 14:21:06.025930,Dubai-d39f,-3,31,Normal
2026-02-08 14:21:07.025930,Dubai-d39f,-10,79,Normal
2026-02-08 14:21:08.025930,Dubai-d39f,-28,14,Normal
2026-02-08 14:21:09.025930,Dubai-d39f,43,40,Normal
2026-02-08 14:21:10.025930,Dubai-d39f,4,0,Normal
2026-02-08 14:21:11.025930,Dubai-d39f,-6,32,Normal
2026-02-08 14:21:12.025930,Dubai-d39f,9,21,Normal
2026-02-08 14:21:13.025930,Dubai-d39f,45,9,Normal
2026-02-08 14:21:14.025930,Dubai-d39f,26,15,Normal
2026-02-08 14:21:15.025930,Dubai-d39f,19,27,Normal
2026-02-08 14:21:16.025930,Dubai-d39f,6,34,Normal
2026-02-08 14:21:17.025930,Dubai-d39f,-29,48,Normal
2026-02-08 14:21:18.025930,Dubai-d39f,3,93,Normal
2026-02-08 14:21:19.025930,Dubai-d39f,15,67,Normal
2026-02-08 14:21:20.025930,Dubai-d39f,-28,90,Normal
2026-02-08 14:21:21.025930,Dubai-d39f,11,75,Normal
2026-02-08 14:21:22.025930,Dubai-d39f,50,6,Normal
2026-02-08 14:21:23.025930,Dubai-d39f,1,17,Normal
2026-02-08 14:21:24.025930,Dubai-d39f,16,32,Normal
2026-02-08 14:21:25.025930,Dubai-d39f,33,72,Normal
2026-02-08 14:21:26.025930,Dubai-d39f,-2,40,Normal
2026-02-08 14:21:27.025930,Dubai-d39f,38,44,Normal
2026-02-08 14:21:28.025930,Dubai-d39f,8,1,Normal
2026-02-08 14:21:29.025930,Dubai-d39f,-7,87,Normal
2026-02-08 14:21:30.025930,Dubai-d39f,-7,41,Normal
2026-02-08 14:21:31.025930,Dubai-d39f,-3,22,Normal
2026-02-08 14:21:32.025930,Dubai-d39f,17,36,Normal
2026-02-08 14:21:33.025930,Dubai-d39f,30,71,Normal
2026-02-08 14:21:34.025930,Dubai-d39f,-10,29,Normal
2026-02-08 14:21:35.025930,Dubai-d39f,-19,39,Normal
2026-02-08 14:21:36.025930,Dubai-d39f,25,45,Normal
2026-02-08 14:21:37.025930,Dubai-d39f,-15,32,Normal
2026-02-08 14:21:38.025930,Dubai-d39f,-12,89,Normal
2026-02-08 14:21:39.025930,Dubai-d39f,22,78,Normal
2026-02-08 14:21:40.025930,Dubai-d39f,20,98,Normal
2026-02-08 14:21:41.025930,Dubai-d39f,37,56,Normal
2026-02-08 14:21:42.025930,Dubai-d39f,-14,82,Normal
2026-02-08 14:21:43.025930,Dubai-d39f,28,39,Normal
2026-02-08 14:21:44.025930,Dubai-d39f,7,41,Normal
2026-02-08 14:21:45.025930,Dubai-d39f,47,77,Normal
2026-02-08 14:21:46.025930,Dubai-d39f,7,95,Normal
2026-02-08 14:21:47.025930,Dubai-d39f,-6,87,Normal
2026-02-08 14:21:48.025930,Dubai-d39f,-24,51,Normal
2026-02-08 14:21:49.025930,Dubai-d39f,-21,87,Normal
2026-02-08 14:21:50.025930,Dubai-d39f,30,13,Normal
2026-02-08 14:21:51.025930,Dubai-d39f,-9,54,Normal
2026-02-08 14:21:52.025930,Dubai-d39f,20,87,Normal
2026-02-08 14:21:53.025930,Dubai-d39f,22,30,Normal
2026-02-08 14:21:54.025930,Dubai-d39f,-7,3,Normal
2026-02-08 14:21:55.025930,Dubai-d39f,30,16,Normal
2026-02-08 14:21:56.025930,Dubai-d39f,9,43,Normal
2026-02-08 14:21:57.025930,Dubai-d39f,-16,40,Normal
2026-02-08 14:21:58.025930,Dubai-d39f,34,17,Normal
2026-02-08 14:21:59.025930,Dubai-d39f,-23,15,Normal
2026-02-08 14:22:00.025930,Dubai-d39f,17,79,Normal
2026-02-08 14:22:01.025930,Dubai-d39f,-1,96,Normal
2026-02-08 14:22:02.025930,Dubai-d39f,39,6,Normal
2026-02-08 14:22:03.025930,Dubai-d39f,43,31,Normal
2026-02-08 14:22:04.025930,Dubai-d39f,30,78,Normal
2026-02-08 14:22:05.025930,Dubai-d39f,36,82,Normal
2026-02-08 14:22:06.025930,Dubai-d39f,6,47,Normal
2026-02-08 14:22:07.025930,Dubai-d39f,-19,43,Normal
2026-02-08 14:22:08.025930,Dubai-d39f,17,11,Normal
2026-02-08 14:22:09.025930,Dubai-d39f,45,42,Normal
2026-02-08 14:22:10.025930,Dubai-d39f,-15,48,Normal
2026-02-08 14:22:11.025930,Dubai-d39f,49,24,Normal
2026-02-08 14:22:12.025930,Dubai-d39f,33,90,Normal
2026-02-08 14:22:13.025930,Dubai-d39f,-12,86,Normal
2026-02-08 14:22:14.025930,Dubai-d39f,26,72,Normal
2026-02-08 14:22:15.025930,Dubai-d39f,-24,85,Normal
2026-02-08 14:22:16.025930,Dubai-d39f,14,79,Normal
2026-02-08 14:22:17.025930,Dubai-d39f,48,15,Normal
2026-02-08 14:22:18.025930,Dubai-d39f,24,96,Normal
2026-02-08 14:22:19.025930,Dubai-d39f,15,82,Normal
2026-02-08 14:22:20.025930,Dubai-d39f,48,100,Normal
2026-02-08 14:22:21.025930,Dubai-d39f,28,82,Normal
2026-02-08 14:22:22.025930,Dubai-d39f,49,34,Normal
2026-02-08 14:22:23.025930,Dubai-d39f,15,69,Normal
2026-02-08 14:22:24.025930,Dubai-d39f,-4,26,Normal
2026-02-08 14:22:25.025930,Dubai-d39f,-6,33,Normal
2026-02-08 14:22:26.025930,Dubai-d39f,5,1,Normal
2026-02-08 14:22:27.025930,Dubai-d39f,-4,13,Normal
2026-02-08 14:22:28.025930,Dubai-d39f,25,21,Normal
2026-02-08 14:22:29.025930,Dubai-d39f,15,88,Normal
2026-02-08 14:22:30.025930,Dubai-d39f,21,95,Normal
2026-02-08 14:22:31.025930,Dubai-d39f,7,15,Normal
2026-02-08 14:22:32.025930,Dubai-d39f,10,53,Normal
2026-02-08 14:22:33.025930,Dubai-d39f,42,14,Normal
2026-02-08 14:22:34.025930,Dubai-d39f,42,46,Normal
2026-02-08 14:22:35.025930,Dubai-d39f,-25,8,Normal
2026-02-08 14:22:36.025930,Dubai-d39f,16,11,Normal
2026-02-08 14:22:37.025930,Dubai-d39f,-15,40,Normal
2026-02-08 14:22:38.025930,Dubai-d39f,48,55,Normal
2026-02-08 14:22:39.025930,Dubai-d39f,18,19,Normal
2026-02-08 14:22:40.025930,Dubai-d39f,-19,2,Normal
2026-02-08 14:22:41.025930,Dubai-d39f,42,58,Normal
2026-02-08 14:22:42.025930,Dubai-d39f,-20,73,Normal
2026-02-08 14:22:43.025930,Dubai-d39f,7,87,Normal
2026-02-08 14:22:44.025930,Dubai-d39f,26,34,Normal
2026-02-08 14:22:45.025930,Dubai-d39f,8,83,Normal
2026-02-08 14:22:46.025930,Dubai-d39f,48,65,Normal
2026-02-08 14:22:47.025930,Dubai-d39f,46,20,Normal
2026-02-08 14:22:48.025930,Dubai-d39f,34,11,Normal
2026-02-08 14:22:49.025930,Dubai-d39f,22,12,Normal
2026-02-08 14:22:50.025930,Dubai-d39f,4,71,Normal
2026-02-08 14:22:51.025930,Dubai-d39f,13,37,Normal
2026-02-08 14:22:52.025930,Dubai-d39f,22,98,Normal
2026-02-08 14:22:53.025930,Dubai-d39f,-27,56,Normal
2026-02-08 14:22:54.025930,Dubai-d39f,-3,27,Normal
2026-02-08 14:22:55.025930,Dubai-d39f,13,100,Normal
2026-02-08 14:22:56.025930,Dubai-d39f,-27,44,Normal
2026-02-08 14:22:57.025930,Dubai-d39f,30,21,Normal
2026-02-08 14:22:58.025930,Dubai-d39f,-27,20,Normal
2026-02-08 14:22:59.025930,Dubai-d39f,18,1,Normal
2026-02-08 14:23:00.025930,Dubai-d39f,43,13,Normal
2026-02-08 14:23:01.025930,Dubai-d39f,-11,47,Normal
2026-02-08 14:23:02.025930,Dubai-d39f,49,65,Normal
2026-02-08 14:23:03.025930,Dubai-d39f,19,90,Normal
2026-02-08 14:23:04.025930,Dubai-d39f,3,9,Normal
2026-02-08 14:23:05.025930,Dubai-d39f,-15,40,Normal
2026-02-08 14:23:06.025930,Dubai-d39f,2,49,Normal
2026-02-08 14:23:07.025930,Dubai-d39f,30,11,Normal
2026-02-08 14:23:08.025930,Dubai-d39f,35,16,Normal
2026-02-08 14:23:09.025930,Dubai-d39f,15,63,Normal
2026-02-08 14:23:10.025930,Dubai-d39f,12,15,Normal
2026-02-08 14:23:11.025930,Dubai-d39f,14,99,Normal
2026-02-08 14:23:12.025930,Dubai-d39f,45,7,Normal
2026-02-08 14:23:13.025930,Dubai-d39f,-1,91,Normal
2026-02-08 14:23:14.025930,Dubai-d39f,-23,11,Normal
2026-02-08 14:23:15.025930,Dubai-d39f,11,81,Normal
2026-02-08 14:23:16.025930,Dubai-d39f,25,44,Normal
2026-02-08 14:23:17.025930,Dubai-d39f,-11,23,Normal
2026-02-08 14:23:18.025930,Dubai-d39f,2,47,Normal
2026-02-08 14:23:19.025930,Dubai-d39f,33,69,Normal
2026-02-08 14:23:20.025930,Dubai-d39f,2,26,Normal
2026-02-08 14:23:21.025930,Dubai-d39f,20,53,Normal
2026-02-08 14:23:22.025930,Dubai-d39f,20,64,Normal
2026-02-08 14:23:23.025930,Dubai-d39f,11,48,Normal
2026-02-08 14:23:24.025930,Dubai-d39f,50,1,Normal
2026-02-08 14:23:25.025930,Dubai-d39f,32,76,Normal
2026-02-08 14:23:26.025930,Dubai-d39f,48,76,Normal
2026-02-08 14:23:27.025930,Dubai-d39f,-24,37,Normal
2026-02-08 14:23:28.025930,Dubai-d39f,16,10,Normal
2026-02-08 14:23:29.025930,Dubai-d39f,14,27,Normal
2026-02-08 14:23:30.025930,Dubai-d39f,-25,24,Normal
2026-02-08 14:23:31.025930,Dubai-d39f,12,23,Normal
2026-02-08 14:23:32.025930,Dubai-d39f,43,77,Normal
2026-02-08 14:23:33.025930,Dubai-d39f,-25,41,Normal
2026-02-08 14:23:34.025930,Dubai-d39f,-30,1,Normal
2026-02-08 14:23:35.025930,Dubai-d39f,-27,54,Normal
2026-02-08 14:23:36.025930,Dubai-d39f,34,13,Normal
2026-02-08 14:23:37.025930,Dubai-d39f,-16,82,Normal
2026-02-08 14:23:38.025930,Dubai-d39f,-28,97,Normal
2026-02-08 14:23:39.025930,Dubai-d39f,-21,27,Normal
2026-02-08 14:23:40.025930,Dubai-d39f,5,61,Normal
2026-02-08 14:23:41.025930,Dubai-d39f,34,56,Normal
2026-02-08 14:23:42.025930,Dubai-d39f,-9,75,Normal
2026-02-08 14:23:43.025930,Dubai-d39f,-23,60,Normal
2026-02-08 14:23:44.025930,Dubai-d39f,-7,85,Normal
2026-02-08 14:23:45.025930,Dubai-d39f,-30,60,Normal
2026-02-08 14:23:46.025930,Dubai-d39f,22,66,Normal
2026-02-08 14:23:47.025930,Dubai-d39f,-12,51,Normal
2026-02-08 14:23:48.025930,Dubai-d39f,-29,78,Normal
2026-02-08 14:23:49.025930,Dubai-d39f,-10,76,Normal
2026-02-08 14:23:50.025930,Dubai-d39f,17,4,Normal
2026-02-08 14:23:51.025930,Dubai-d39f,30,31,Normal
2026-02-08 14:23:52.025930,Dubai-d39f,-27,62,Normal
2026-02-08 14:23:53.025930,Dubai-d39f,20,14,Normal
2026-02-08 14:23:54.025930,Dubai-d39f,36,89,Normal
2026-02-08 14:23:55.025930,Dubai-d39f,-6,84,Normal
2026-02-08 14:23:56.025930,Dubai-d39f,-18,53,Normal
2026-02-08 14:23:57.025930,Dubai-d39f,27,90,Normal
2026-02-08 14:23:58.025930,Dubai-d39f,22,85,Normal
2026-02-08 14:23:59.025930,Dubai-d39f,1,76,Normal
2026-02-08 14:24:00.025930,Dubai-d39f,20,94,Normal
2026-02-08 14:24:01.025930,Dubai-d39f,50,4,Normal
2026-02-08 14:24:02.025930,Dubai-d39f,15,85,Normal
2026-02-08 14:24:03.025930,Dubai-d39f,9,93,Normal
2026-02-08 14:24:04.025930,Dubai-d39f,37,69,Normal
2026-02-08 14:24:05.025930,Dubai-d39f,-15,7,Normal
2026-02-08 14:24:06.025930,Dubai-d39f,44,6,Normal
2026-02-08 14:24:07.025930,Dubai-d39f,-19,86,Normal
2026-02-08 14:24:08.025930,Dubai-d39f,-18,31,Normal
2026-02-08 14:24:09.025930,Dubai-d39f,7,41,Normal
2026-02-08 14:24:10.025930,Dubai-d39f,-23,40,Normal
2026-02-08 14:24:11.025930,Dubai-d39f,13,92,Normal
2026-02-08 14:24:12.025930,Dubai-d39f,5,45,Normal
2026-02-08 14:24:13.025930,Dubai-d39f,-5,56,Normal
2026-02-08 14:24:14.025930,Dubai-d39f,8,81,Normal
2026-02-08 14:24:15.025930,Dubai-d39f,29,72,Normal
2026-02-08 14:24:16.025930,Dubai-d39f,40,13,Normal
2026-02-08 14:24:17.025930,Dubai-d39f,5,30,Normal
2026-02-08 14:24:18.025930,Dubai-d39f,27,56,Normal
2026-02-08 14:24:19.025930,Dubai-d39f,43,23,Normal
2026-02-08 14:24:20.025930,Dubai-d39f,8,22,Normal
2026-02-08 14:24:21.025930,Dubai-d39f,-14,48,Normal
2026-02-08 14:24:22.025930,Dubai-d39f,-10,13,Normal
2026-02-08 14:24:23.025930,Dubai-d39f,5,71,Normal
2026-02-08 14:24:24.025930,Dubai-d39f,-6,91,Normal
2026-02-08 14:24:25.025930,Dubai-d39f,-30,36,Normal
2026-02-08 14:24:26.025930,Dubai-d39f,-8,40,Normal
2026-02-08 14:24:27.025930,Dubai-d39f,39,87,Normal
2026-02-08 14:24:28.025930,Dubai-d39f,48,51,Normal
2026-02-08 14:24:29.025930,Dubai-d39f,28,5,Normal
2026-02-08 14:24:30.025930,Dubai-d39f,35,59,Normal
2026-02-08 14:24:31.025930,Dubai-d39f,15,32,Normal
2026-02-08 14:24:32.025930,Dubai-d39f,39,17,Normal
2026-02-08 14:24:33.025930,Dubai-d39f,-9,56,Normal
2026-02-08 14:24:34.025930,Dubai-d39f,-28,34,Normal
2026-02-08 14:24:35.025930,Dubai-d39f,-27,61,Normal
2026-02-08 14:24:36.025930,Dubai-d39f,46,13,Normal
2026-02-08 14:24:37.025930,Dubai-d39f,28,21,Normal
2026-02-08 14:24:38.025930,Dubai-d39f,1,16,Normal
2026-02-08 14:24:39.025930,Dubai-d39f,2,34,Normal
2026-02-08 14:24:40.025930,Dubai-d39f,34,33,Normal
2026-02-08 14:24:41.025930,Dubai-d39f,-21,75,Normal
2026-02-08 14:24:42.025930,Dubai-d39f,-22,38,Normal
2026-02-08 14:24:43.025930,Dubai-d39f,9,4,Normal
2026-02-08 14:24:44.025930,Dubai-d39f,39,86,Normal
2026-02-08 14:24:45.025930,Dubai-d39f,45,4,Normal
2026-02-08 14:24:46.025930,Dubai-d39f,25,47,Normal
2026-02-08 14:24:47.025930,Dubai-d39f,-3,14,Normal
2026-02-08 14:24:48.025930,Dubai-d39f,13,63,Normal
2026-02-08 14:24:49.025930,Dubai-d39f,47,60,Normal
2026-02-08 14:24:50.025930,Dubai-d39f,8,64,Normal
2026-02-08 14:24:51.025930,Dubai-d39f,40,85,Normal
2026-02-08 14:24:52.025930,Dubai-d39f,9,87,Normal
2026-02-08 14:24:53.025930,Dubai-d39f,9,60,Normal
2026-02-08 14:24:54.025930,Dubai-d39f,-19,90,Normal
2026-02-08 14:24:55.025930,Dubai-d39f,42,73,Normal
2026-02-08 14:24:56.025930,Dubai-d39f,49,38,Normal
2026-02-08 14:24:57.025930,Dubai-d39f,36,50,Normal
2026-02-08 14:24:58.025930,Dubai-d39f,-7,4,Normal
2026-02-08 14:24:59.025930,Dubai-d39f,23,69,Normal
2026-02-08 14:25:00.025930,Dubai-d39f,-16,28,Normal
2026-02-08 14:25:01.025930,Dubai-d39f,-7,40,Normal
2026-02-08 14:25:02.025930,Dubai-d39f,18,99,Normal
2026-02-08 14:25:03.025930,Dubai-d39f,-7,50,Normal
2026-02-08 14:25:04.025930,Dubai-d39f,50,84,Normal
2026-02-08 14:25:05.025930,Dubai-d39f,19,68,Normal
2026-02-08 14:25:06.025930,Dubai-d39f,9,24,Normal
2026-02-08 14:25:07.025930,Dubai-d39f,48,55,Normal
2026-02-08 14:25:08.025930,Dubai-d39f,35,88,Normal
2026-02-08 14:25:09.025930,Dubai-d39f,-14,56,Normal
2026-02-08 14:25:10.025930,Dubai-d39f,35,56,Normal
2026-02-08 14:25:11.025930,Dubai-d39f,1,83,Normal
2026-02-08 14:25:12.025930,Dubai-d39f,-22,96,Normal
2026-02-08 14:25:13.025930,Dubai-d39f,48,15,Normal
2026-02-08 14:25:14.025930,Dubai-d39f,16,5,Normal
2026-02-08 14:25:15.025930,Dubai-d39f,40,17,Normal
2026-02-08 14:25:16.025930,Dubai-d39f,10,31,Normal
2026-02-08 14:25:17.025930,Dubai-d39f,3,71,Normal
2026-02-08 14:25:18.025930,Dubai-d39f,-2,24,Normal
2026-02-08 14:25:19.025930,Dubai-d39f,32,66,Normal
2026-02-08 14:25:20.025930,Dubai-d39f,42,84,Normal
2026-02-08 14:25:21.025930,Dubai-d39f,-24,81,Normal
2026-02-08 14:25:22.025930,Dubai-d39f,41,13,Normal
2026-02-08 14:25:23.025930,Dubai-d39f,42,81,Normal
2026-02-08 14:25:24.025930,Dubai-d39f,39,81,Normal
2026-02-08 14:25:25.025930,Dubai-d39f,-21,16,Normal
2026-02-08 14:25:26.025930,Dubai-d39f,-23,65,Normal
2026-02-08 14:25:27.025930,Dubai-d39f,12,21,Normal
2026-02-08 14:25:28.025930,Dubai-d39f,-12,15,Normal
2026-02-08 14:25:29.025930,Dubai-d39f,23,54,Normal
2026-02-08 14:25:30.025930,Dubai-d39f,16,56,Normal
2026-02-08 14:25:31.025930,Dubai-d39f,7,34,Normal
2026-02-08 14:25:32.025930,Dubai-d39f,-18,70,Normal
2026-02-08 14:25:33.025930,Dubai-d39f,48,27,Normal
2026-02-08 14:25:34.025930,Dubai-d39f,-15,18,Normal
2026-02-08 14:25:35.025930,Dubai-d39f,-20,16,Normal
2026-02-08 14:25:36.025930,Dubai-d39f,16,21,Normal
2026-02-08 14:25:37.025930,Dubai-d39f,44,80,Normal
2026-02-08 14:25:38.025930,Dubai-d39f,-16,49,Normal
2026-02-08 14:25:39.025930,Dubai-d39f,27,13,Normal
2026-02-08 14:25:40.025930,Dubai-d39f,39,9,Normal
2026-02-08 14:25:41.025930,Dubai-d39f,45,15,Normal
2026-02-08 14:25:42.025930,Dubai-d39f,34,22,Normal
2026-02-08 14:25:43.025930,Dubai-d39f,41,5,Normal
2026-02-08 14:25:44.025930,Dubai-d39f,4,24,Normal
2026-02-08 14:25:45.025930,Dubai-d39f,-15,70,Normal
2026-02-08 14:25:46.025930,Dubai-d39f,30,76,Normal
2026-02-08 14:25:47.025930,Dubai-d39f,12,8,Normal
2026-02-08 14:25:48.025930,Dubai-d39f,14,50,Normal
2026-02-08 14:25:49.025930,Dubai-d39f,16,9,Normal
2026-02-08 14:25:50.025930,Dubai-d39f,-23,92,Normal
2026-02-08 14:25:51.025930,Dubai-d39f,-16,55,Normal
2026-02-08 14:25:52.025930,Dubai-d39f,-21,54,Normal
2026-02-08 14:25:53.025930,Dubai-d39f,-7,36,Normal
2026-02-08 14:25:54.025930,Dubai-d39f,30,63,Normal
2026-02-08 14:25:55.025930,Dubai-d39f,20,94,Normal
2026-02-08 14:25:56.025930,Dubai-d39f,-18,54,Normal
2026-02-08 14:25:57.025930,Dubai-d39f,36,74,Normal
2026-02-08 14:25:58.025930,Dubai-d39f,4,82,Normal
2026-02-08 14:25:59.025930,Dubai-d39f,0,91,Normal
2026-02-08 14:26:00.025930,Dubai-d39f,2,55,Normal
2026-02-08 14:26:01.025930,Dubai-d39f,29,23,Normal
2026-02-08 14:26:02.025930,Dubai-d39f,-14,34,Normal
2026-02-08 14:26:03.025930,Dubai-d39f,1,60,Normal
2026-02-08 14:26:04.025930,Dubai-d39f,6,28,Normal
2026-02-08 14:26:05.025930,Dubai-d39f,8,71,Normal
2026-02-08 14:26:06.025930,Dubai-d39f,31,46,Normal
2026-02-08 14:26:07.025930,Dubai-d39f,1,6,Normal
2026-02-08 14:26:08.025930,Dubai-d39f,43,0,Normal
2026-02-08 14:26:09.025930,Dubai-d39f,4,85,Normal
2026-02-08 14:26:10.025930,Dubai-d39f,39,33,Normal
2026-02-08 14:26:11.025930,Dubai-d39f,-7,67,Normal
2026-02-08 14:26:12.025930,Dubai-d39f,48,48,Normal
2026-02-08 14:26:13.025930,Dubai-d39f,35,70,Normal
2026-02-08 14:26:14.025930,Dubai-d39f,-1,48,Normal
2026-02-08 14:26:15.025930,Dubai-d39f,-27,69,Normal
2026-02-08 14:26:16.025930,Dubai-d39f,-28,21,Normal
2026-02-08 14:26:17.025930,Dubai-d39f,-18,78,Normal
2026-02-08 14:26:18.025930,Dubai-d39f,-19,56,Normal
2026-02-08 14:26:19.025930,Dubai-d39f,5,62,Normal
2026-02-08 14:26:20.025930,Dubai-d39f,14,64,Normal
2026-02-08 14:26:21.025930,Dubai-d39f,-23,58,Normal
2026-02-08 14:26:22.025930,Dubai-d39f,27,93,Normal
2026-02-08 14:26:23.025930,Dubai-d39f,-13,8,Normal
2026-02-08 14:26:24.025930,Dubai-d39f,15,65,Normal
2026-02-08 14:26:25.025930,Dubai-d39f,44,36,Normal
2026-02-08 14:26:26.025930,Dubai-d39f,27,86,Normal
2026-02-08 14:26:27.025930,Dubai-d39f,14,69,Normal
2026-02-08 14:26:28.025930,Dubai-d39f,-24,90,Normal
2026-02-08 14:26:29.025930,Dubai-d39f,19,93,Normal
2026-02-08 14:26:30.025930,Dubai-d39f,2,68,Normal
2026-02-08 14:26:31.025930,Dubai-d39f,4,56,Normal
2026-02-08 14:26:32.025930,Dubai-d39f,-6,2,Normal
2026-02-08 14:26:33.025930,Dubai-d39f,-22,93,Normal
2026-02-08 14:26:34.025930,Dubai-d39f,19,25,Normal
2026-02-08 14:26:35.025930,Dubai-d39f,41,42,Normal
2026-02-08 14:26:36.025930,Dubai-d39f,33,81,Normal
2026-02-08 14:26:37.025930,Dubai-d39f,48,28,Normal
2026-02-08 14:26:38.025930,Dubai-d39f,-15,33,Normal
2026-02-08 14:26:39.025930,Dubai-d39f,15,5,Normal
2026-02-08 14:26:40.025930,Dubai-d39f,9,43,Normal
2026-02-08 14:26:41.025930,Dubai-d39f,-25,27,Normal
2026-02-08 14:26:42.025930,Dubai-d39f,25,80,Normal
2026-02-08 14:26:43.025930,Dubai-d39f,-9,22,Normal
2026-02-08 14:26:44.025930,Dubai-d39f,38,92,Normal
2026-02-08 14:26:45.025930,Dubai-d39f,4,95,Normal
2026-02-08 14:26:46.025930,Dubai-d39f,-21,10,Normal
2026-02-08 14:26:47.025930,Dubai-d39f,-17,72,Normal
2026-02-08 14:26:48.025930,Dubai-d39f,18,75,Normal
2026-02-08 14:26:49.025930,Dubai-d39f,-29,98,Normal
2026-02-08 14:26:50.025930,Dubai-d39f,-22,86,Normal
2026-02-08 14:26:51.025930,Dubai-d39f,15,92,Normal
2026-02-08 14:26:52.025930,Dubai-d39f,29,44,Normal
2026-02-08 14:26:53.025930,Dubai-d39f,21,98,Normal
2026-02-08 14:26:54.025930,Dubai-d39f,-6,96,Normal
2026-02-08 14:26:55.025930,Dubai-d39f,-9,13,Normal
2026-02-08 14:26:56.025930,Dubai-d39f,-10,96,Normal
2026-02-08 14:26:57.025930,Dubai-d39f,17,51,Normal
2026-02-08 14:26:58.025930,Dubai-d39f,-4,1,Normal
2026-02-08 14:26:59.025930,Dubai-d39f,23,50,Normal
2026-02-08 14:27:00.025930,Dubai-d39f,46,52,Normal
2026-02-08 14:27:01.025930,Dubai-d39f,48,29,Normal
2026-02-08 14:27:02.025930,Dubai-d39f,-13,4,Normal
2026-02-08 14:27:03.025930,Dubai-d39f,34,0,Normal
2026-02-08 14:27:04.025930,Dubai-d39f,-6,50,Normal
2026-02-08 14:27:05.025930,Dubai-d39f,-21,13,Normal
2026-02-08 14:27:06.025930,Dubai-d39f,-4,93,Normal
2026-02-08 14:27:07.025930,Dubai-d39f,-18,50,Normal
2026-02-08 14:27:08.025930,Dubai-d39f,30,95,Normal
2026-02-08 14:27:09.025930,Dubai-d39f,20,65,Normal
2026-02-08 14:27:10.025930,Dubai-d39f,23,96,Normal
2026-02-08 14:27:11.025930,Dubai-d39f,7,32,Normal
2026-02-08 14:27:12.025930,Dubai-d39f,0,87,Normal
2026-02-08 14:27:13.025930,Dubai-d39f,16,0,Normal
2026-02-08 14:27:14.025930,Dubai-d39f,-9,47,Normal
2026-02-08 14:27:15.025930,Dubai-d39f,-26,30,Normal
2026-02-08 14:27:16.025930,Dubai-d39f,22,99,Normal
2026-02-08 14:27:17.025930,Dubai-d39f,36,57,Normal
2026-02-08 14:27:18.025930,Dubai-d39f,50,18,Normal
2026-02-08 14:27:19.025930,Dubai-d39f,33,21,Normal
2026-02-08 14:27:20.025930,Dubai-d39f,-5,42,Normal
2026-02-08 14:27:21.025930,Dubai-d39f,35,54,Normal
2026-02-08 14:27:22.025930,Dubai-d39f,33,57,Normal
2026-02-08 14:27:23.025930,Dubai-d39f,48,47,Normal
2026-02-08 14:27:24.025930,Dubai-d39f,40,99,Normal
2026-02-08 14:27:25.025930,Dubai-d39f,-1,33,Normal
2026-02-08 14:27:26.025930,Dubai-d39f,23,73,Normal
2026-02-08 14:27:27.025930,Dubai-d39f,-18,49,Normal
2026-02-08 14:27:28.025930,Dubai-d39f,46,55,Normal
2026-02-08 14:27:29.025930,Dubai-d39f,-10,39,Normal
2026-02-08 14:27:30.025930,Dubai-d39f,9,28,Normal
2026-02-08 14:27:31.025930,Dubai-d39f,3,78,Normal
2026-02-08 14:27:32.025930,Dubai-d39f,18,40,Normal
2026-02-08 14:27:33.025930,Dubai-d39f,35,15,Normal
2026-02-08 14:27:34.025930,Dubai-d39f,7,90,Normal
2026-02-08 14:27:35.025930,Dubai-d39f,45,19,Normal
2026-02-08 14:27:36.025930,Dubai-d39f,35,40,Normal
2026-02-08 14:27:37.025930,Dubai-d39f,26,34,Normal
2026-02-08 14:27:38.025930,Dubai-d39f,-17,49,Normal
2026-02-08 14:27:39.025930,Dubai-d39f,4,47,Normal
2026-02-08 14:27:40.025930,Dubai-d39f,50,44,Normal
2026-02-08 14:27:41.025930,Dubai-d39f,11,6,Normal
2026-02-08 14:27:42.025930,Dubai-d39f,45,77,Normal
2026-02-08 14:27:43.025930,Dubai-d39f,20,81,Normal
2026-02-08 14:27:44.025930,Dubai-d39f,26,17,Normal
2026-02-08 14:27:45.025930,Dubai-d39f,31,23,Normal
2026-02-08 14:27:46.025930,Dubai-d39f,36,66,Normal
2026-02-08 14:27:47.025930,Dubai-d39f,31,94,Normal
2026-02-08 14:27:48.025930,Dubai-d39f,-15,88,Normal
2026-02-08 14:27:49.025930,Dubai-d39f,-30,13,Normal
2026-02-08 14:27:50.025930,Dubai-d39f,38,98,Normal
2026-02-08 14:27:51.025930,Dubai-d39f,5,79,Normal
2026-02-08 14:27:52.025930,Dubai-d39f,-29,68,Normal
2026-02-08 14:27:53.025930,Dubai-d39f,-22,21,Normal
2026-02-08 14:27:54.025930,Dubai-d39f,47,10,Normal
2026-02-08 14:27:55.025930,Dubai-d39f,-6,59,Normal
2026-02-08 14:27:56.025930,Dubai-d39f,-15,15,Normal
2026-02-08 14:27:57.025930,Dubai-d39f,28,19,Normal
2026-02-08 14:27:58.025930,Dubai-d39f,-11,66,Normal
2026-02-08 14:27:59.025930,Dubai-d39f,-29,78,Normal
2026-02-08 14:28:00.025930,Dubai-d39f,-8,4,Normal
2026-02-08 14:28:01.025930,Dubai-d39f,-12,67,Normal
2026-02-08 14:28:02.025930,Dubai-d39f,2,19,Normal
2026-02-08 14:28:03.025930,Dubai-d39f,8,46,Normal
2026-02-08 14:28:04.025930,Dubai-d39f,35,89,Normal
2026-02-08 14:28:05.025930,Dubai-d39f,-14,42,Normal
2026-02-08 14:28:06.025930,Dubai-d39f,28,88,Normal
2026-02-08 14:28:07.025930,Dubai-d39f,25,78,Normal
2026-02-08 14:28:08.025930,Dubai-d39f,23,19,Normal
2026-02-08 14:28:09.025930,Dubai-d39f,15,79,Normal
2026-02-08 14:28:10.025930,Dubai-d39f,-18,89,Normal
2026-02-08 14:28:11.025930,Dubai-d39f,7,24,Normal
2026-02-08 14:28:12.025930,Dubai-d39f,-20,91,Normal
2026-02-08 14:28:13.025930,Dubai-d39f,22,31,Normal
2026-02-08 14:28:14.025930,Dubai-d39f,15,90,Normal
2026-02-08 14:28:15.025930,Dubai-d39f,38,14,Normal
2026-02-08 14:28:16.025930,Dubai-d39f,38,62,Normal
2026-02-08 14:28:17.025930,Dubai-d39f,27,88,Normal
2026-02-08 14:28:18.025930,Dubai-d39f,25,13,Normal
2026-02-08 14:28:19.025930,Dubai-d39f,24,77,Normal
2026-02-08 14:28:20.025930,Dubai-d39f,-16,53,Normal
2026-02-08 14:28:21.025930,Dubai-d39f,23,77,Normal
2026-02-08 14:28:22.025930,Dubai-d39f,19,82,Normal
2026-02-08 14:28:23.025930,Dubai-d39f,32,98,Normal
2026-02-08 14:28:24.025930,Dubai-d39f,10,9,Normal
2026-02-08 14:28:25.025930,Dubai-d39f,-23,3,Normal
2026-02-08 14:28:26.025930,Dubai-d39f,-21,8,Normal
2026-02-08 14:28:27.025930,Dubai-d39f,-7,85,Normal
2026-02-08 14:28:28.025930,Dubai-d39f,6,13,Normal
2026-02-08 14:28:29.025930,Dubai-d39f,-1,99,Normal
2026-02-08 14:28:30.025930,Dubai-d39f,36,86,Normal
2026-02-08 14:28:31.025930,Dubai-d39f,42,1,Normal
2026-02-08 14:28:32.025930,Dubai-d39f,-2,10,Normal
2026-02-08 14:28:33.025930,Dubai-d39f,23,87,Normal
2026-02-08 14:28:34.025930,Dubai-d39f,-16,60,Normal
2026-02-08 14:28:35.025930,Dubai-d39f,33,45,Normal
2026-02-08 14:28:36.025930,Dubai-d39f,11,84,Normal
2026-02-08 14:28:37.025930,Dubai-d39f,-14,67,Normal
2026-02-08 14:28:38.025930,Dubai-d39f,7,10,Normal
2026-02-08 14:28:39.025930,Dubai-d39f,16,32,Normal
2026-02-08 14:28:40.025930,Dubai-d39f,-21,61,Normal
2026-02-08 14:28:41.025930,Dubai-d39f,-7,59,Normal
2026-02-08 14:28:42.025930,Dubai-d39f,14,60,Normal
2026-02-08 14:28:43.025930,Dubai-d39f,-24,90,Normal
2026-02-08 14:28:44.025930,Dubai-d39f,1,17,Normal
2026-02-08 14:28:45.025930,Dubai-d39f,7,36,Normal
2026-02-08 14:28:46.025930,Dubai-d39f,4,96,Normal
2026-02-08 14:28:47.025930,Dubai-d39f,-6,65,Normal
2026-02-08 14:28:48.025930,Dubai-d39f,38,70,Normal
2026-02-08 14:28:49.025930,Dubai-d39f,-26,0,Normal
2026-02-08 14:28:50.025930,Dubai-d39f,14,2,Normal
2026-02-08 14:28:51.025930,Dubai-d39f,48,12,Normal
2026-02-08 14:28:52.025930,Dubai-d39f,16,82,Normal
2026-02-08 14:28:53.025930,Dubai-d39f,-10,46,Normal
2026-02-08 14:28:54.025930,Dubai-d39f,13,14,Normal
2026-02-08 14:28:55.025930,Dubai-d39f,-2,58,Normal
2026-02-08 14:28:56.025930,Dubai-d39f,-21,38,Normal
2026-02-08 14:28:57.025930,Dubai-d39f,33,9,Normal
2026-02-08 14:28:58.025930,Dubai-d39f,-27,92,Normal
2026-02-08 14:28:59.025930,Dubai-d39f,-16,18,Normal
2026-02-08 14:29:00.025930,Dubai-d39f,-5,62,Normal
2026-02-08 14:29:01.025930,Dubai-d39f,36,74,Normal
2026-02-08 14:29:02.025930,Dubai-d39f,9,82,Normal
2026-02-08 14:29:03.025930,Dubai-d39f,-3,8,Normal
2026-02-08 14:29:04.025930,Dubai-d39f,-30,58,Normal
2026-02-08 14:29:05.025930,Dubai-d39f,31,68,Normal
2026-02-08 14:29:06.025930,Dubai-d39f,7,33,Normal
2026-02-08 14:29:07.025930,Dubai-d39f,7,75,Normal
2026-02-08 14:29:08.025930,Dubai-d39f,26,64,Normal
2026-02-08 14:29:09.025930,Dubai-d39f,27,2,Normal
2026-02-08 14:29:10.025930,Dubai-d39f,-20,24,Normal
2026-02-08 14:29:11.025930,Dubai-d39f,36,30,Normal
2026-02-08 14:29:12.025930,Dubai-d39f,13,23,Normal
2026-02-08 14:29:13.025930,Dubai-d39f,46,3,Normal
2026-02-08 14:29:14.025930,Dubai-d39f,3,0,Normal
2026-02-08 14:29:15.025930,Dubai-d39f,44,35,Normal
2026-02-08 14:29:16.025930,Dubai-d39f,6,94,Normal
2026-02-08 14:29:17.025930,Dubai-d39f,45,69,Normal
2026-02-08 14:29:18.025930,Dubai-d39f,5,46,Normal
2026-02-08 14:29:19.025930,Dubai-d39f,39,62,Normal
2026-02-08 14:29:20.025930,Dubai-d39f,15,4,Normal
2026-02-08 14:29:21.025930,Dubai-d39f,-22,58,Normal
2026-02-08 14:29:22.025930,Dubai-d39f,2,33,Normal
2026-02-08 14:29:23.025930,Dubai-d39f,2,9,Normal
2026-02-08 14:29:24.025930,Dubai-d39f,-19,99,Normal
2026-02-08 14:29:25.025930,Dubai-d39f,20,40,Normal
2026-02-08 14:29:26.025930,Dubai-d39f,48,95,Normal
2026-02-08 14:29:27.025930,Dubai-d39f,15,65,Normal
2026-02-08 14:29:28.025930,Dubai-d39f,-4,16,Normal
2026-02-08 14:29:29.025930,Dubai-d39f,43,13,Normal
2026-02-08 14:29:30.025930,Dubai-d39f,9,36,Normal
2026-02-08 14:29:31.025930,Dubai-d39f,3,75,Normal
2026-02-08 14:29:32.025930,Dubai-d39f,0,28,Normal
2026-02-08 14:29:33.025930,Dubai-d39f,23,35,Normal
2026-02-08 14:29:34.025930,Dubai-d39f,31,86,Normal
2026-02-08 14:29:35.025930,Dubai-d39f,5,78,Normal
2026-02-08 14:29:36.025930,Dubai-d39f,50,69,Normal
2026-02-08 14:29:37.025930,Dubai-d39f,15,10,Normal
2026-02-08 14:29:38.025930,Dubai-d39f,2,71,Normal
2026-02-08 14:29:39.025930,Dubai-d39f,32,70,Normal
2026-02-08 14:29:40.025930,Dubai-d39f,16,67,Normal
2026-02-08 14:29:41.025930,Dubai-d39f,-9,51,Normal
2026-02-08 14:29:42.025930,Dubai-d39f,42,75,Normal
2026-02-08 14:29:43.025930,Dubai-d39f,26,17,Normal
2026-02-08 14:29:44.025930,Dubai-d39f,-30,15,Normal
2026-02-08 14:29:45.025930,Dubai-d39f,50,98,Normal
2026-02-08 14:29:46.025930,Dubai-d39f,36,24,Normal
2026-02-08 14:29:47.025930,Dubai-d39f,-8,0,Normal
2026-02-08 14:29:48.025930,Dubai-d39f,44,45,Normal
2026-02-08 14:29:49.025930,Dubai-d39f,-28,23,Normal
2026-02-08 14:29:50.025930,Dubai-d39f,-28,100,Normal
2026-02-08 14:29:51.025930,Dubai-d39f,37,26,Normal
2026-02-08 14:29:52.025930,Dubai-d39f,-26,58,Normal
2026-02-08 14:29:53.025930,Dubai-d39f,-13,29,Normal
2026-02-08 14:29:54.025930,Dubai-d39f,-6,28,Normal
2026-02-08 14:29:55.025930,Dubai-d39f,-21,62,Normal
2026-02-08 14:29:56.025930,Dubai-d39f,-22,53,Normal
2026-02-08 14:29:57.025930,Dubai-d39f,16,35,Normal
2026-02-08 14:29:58.025930,Dubai-d39f,-29,78,Normal
2026-02-08 14:29:59.025930,Dubai-d39f,6,36,Normal
2026-02-08 14:30:00.025930,Dubai-d39f,-27,7,Normal
2026-02-08 14:30:01.025930,Dubai-d39f,-18,58,Normal
2026-02-08 14:30:02.025930,Dubai-d39f,28,1,Normal
2026-02-08 14:30:03.025930,Dubai-d39f,38,94,Normal
2026-02-08 14:30:04.025930,Dubai-d39f,45,8,Normal
2026-02-08 14:30:05.025930,Dubai-d39f,21,16,Normal
2026-02-08 14:30:06.025930,Dubai-d39f,-29,83,Normal
2026-02-08 14:30:07.025930,Dubai-d39f,5,42,Normal
2026-02-08 14:30:08.025930,Dubai-d39f,23,17,Normal
2026-02-08 14:30:09.025930,Dubai-d39f,33,95,Normal
2026-02-08 14:30:10.025930,Dubai-d39f,2,82,Normal
2026-02-08 14:30:11.025930,Dubai-d39f,-28,32,Normal
2026-02-08 14:30:12.025930,Dubai-d39f,50,45,Normal
2026-02-08 14:30:13.025930,Dubai-d39f,24,71,Normal
2026-02-08 14:30:14.025930,Dubai-d39f,-25,41,Normal
2026-02-08 14:30:15.025930,Dubai-d39f,44,63,Normal
2026-02-08 14:30:16.025930,Dubai-d39f,46,13,Normal
2026-02-08 14:30:17.025930,Dubai-d39f,-20,21,Normal
2026-02-08 14:30:18.025930,Dubai-d39f,18,77,Normal
2026-02-08 14:30:19.025930,Dubai-d39f,13,67,Normal
2026-02-08 14:30:20.025930,Dubai-d39f,10,59,Normal
2026-02-08 14:30:21.025930,Dubai-d39f,-16,100,Normal
2026-02-08 14:30:22.025930,Dubai-d39f,-15,0,Normal
2026-02-08 14:30:23.025930,Dubai-d39f,-28,9,Normal
2026-02-08 14:30:24.025930,Dubai-d39f,-4,31,Normal
2026-02-08 14:30:25.025930,Dubai-d39f,-8,68,Normal
2026-02-08 14:30:26.025930,Dubai-d39f,22,10,Normal
2026-02-08 14:30:27.025930,Dubai-d39f,27,34,Normal
2026-02-08 14:30:28.025930,Dubai-d39f,-9,70,Normal
2026-02-08 14:30:29.025930,Dubai-d39f,-25,34,Normal
2026-02-08 14:30:30.025930,Dubai-d39f,33,13,Normal
2026-02-08 14:30:31.025930,Dubai-d39f,35,64,Normal
2026-02-08 14:30:32.025930,Dubai-d39f,2,88,Normal
2026-02-08 14:30:33.025930,Dubai-d39f,3,76,Normal
2026-02-08 14:30:34.025930,Dubai-d39f,2,55,Normal
2026-02-08 14:30:35.025930,Dubai-d39f,-27,74,Normal
2026-02-08 14:30:36.025930,Dubai-d39f,29,50,Normal
2026-02-08 14:30:37.025930,Dubai-d39f,-21,81,Normal
2026-02-08 14:30:38.025930,Dubai-d39f,28,60,Normal
2026-02-08 14:30:39.025930,Dubai-d39f,48,51,Normal
2026-02-08 14:30:40.025930,Dubai-d39f,-22,20,Normal
2026-02-08 14:30:41.025930,Dubai-d39f,35,69,Normal
2026-02-08 14:30:42.025930,Dubai-d39f,-12,33,Normal
2026-02-08 14:30:43.025930,Dubai-d39f,-2,7,Normal
2026-02-08 14:30:44.025930,Dubai-d39f,32,99,Normal
2026-02-08 14:30:45.025930,Dubai-d39f,-21,54,Normal
2026-02-08 14:30:46.025930,Dubai-d39f,1,53,Normal
2026-02-08 14:30:47.025930,Dubai-d39f,-6,6,Normal
2026-02-08 14:30:48.025930,Dubai-d39f,27,90,Normal
2026-02-08 14:30:49.025930,Dubai-d39f,27,44,Normal
2026-02-08 14:30:50.025930,Dubai-d39f,-2,97,Normal
2026-02-08 14:30:51.025930,Dubai-d39f,19,66,Normal
2026-02-08 14:30:52.025930,Dubai-d39f,45,8,Normal
2026-02-08 14:30:53.025930,Dubai-d39f,33,95,Normal
2026-02-08 14:30:54.025930,Dubai-d39f,21,96,Normal
2026-02-08 14:30:55.025930,Dubai-d39f,21,15,Normal
2026-02-08 14:30:56.025930,Dubai-d39f,-27,0,Normal
2026-02-08 14:30:57.025930,Dubai-d39f,-10,61,Normal
2026-02-08 14:30:58.025930,Dubai-d39f,17,36,Normal
2026-02-08 14:30:59.025930,Dubai-d39f,41,56,Normal
2026-02-08 14:31:00.025930,Dubai-d39f,-29,19,Normal
2026-02-08 14:31:01.025930,Dubai-d39f,-10,58,Normal
2026-02-08 14:31:02.025930,Dubai-d39f,-14,35,Normal
2026-02-08 14:31:03.025930,Dubai-d39f,31,94,Normal
2026-02-08 14:31:04.025930,Dubai-d39f,-12,93,Normal
2026-02-08 14:31:05.025930,Dubai-d39f,-17,43,Normal
2026-02-08 14:31:06.025930,Dubai-d39f,-5,60,Normal
2026-02-08 14:31:07.025930,Dubai-d39f,8,83,Normal
2026-02-08 14:31:08.025930,Dubai-d39f,20,1,Normal
2026-02-08 14:31:09.025930,Dubai-d39f,-19,88,Normal
2026-02-08 14:31:10.025930,Dubai-d39f,28,8,Normal
2026-02-08 14:31:11.025930,Dubai-d39f,11,24,Normal
2026-02-08 14:31:12.025930,Dubai-d39f,-12,52,Normal
2026-02-08 14:31:13.025930,Dubai-d39f,39,34,Normal
2026-02-08 14:31:14.025930,Dubai-d39f,-17,23,Normal
2026-02-08 14:31:15.025930,Dubai-d39f,31,23,Normal
2026-02-08 14:31:16.025930,Dubai-d39f,-9,30,Normal
2026-02-08 14:31:17.025930,Dubai-d39f,-14,19,Normal
2026-02-08 14:31:18.025930,Dubai-d39f,5,21,Normal
2026-02-08 14:31:19.025930,Dubai-d39f,41,26,Normal
2026-02-08 14:31:20.025930,Dubai-d39f,38,65,Normal
2026-02-08 14:31:21.025930,Dubai-d39f,29,91,Normal
2026-02-08 14:31:22.025930,Dubai-d39f,40,8,Normal
2026-02-08 14:31:23.025930,Dubai-d39f,-21,100,Normal
2026-02-08 14:31:24.025930,Dubai-d39f,-9,15,Normal
2026-02-08 14:31:25.025930,Dubai-d39f,-17,31,Normal
2026-02-08 14:31:26.025930,Dubai-d39f,22,92,Normal
2026-02-08 14:31:27.025930,Dubai-d39f,48,75,Normal
2026-02-08 14:31:28.025930,Dubai-d39f,18,29,Normal
2026-02-08 14:31:29.025930,Dubai-d39f,-19,82,Normal
2026-02-08 14:31:30.025930,Dubai-d39f,33,16,Normal
2026-02-08 14:31:31.025930,Dubai-d39f,3,64,Normal
2026-02-08 14:31:32.025930,Dubai-d39f,10,85,Normal
2026-02-08 14:31:33.025930,Dubai-d39f,21,92,Normal
2026-02-08 14:31:34.025930,Dubai-d39f,0,14,Normal
2026-02-08 14:31:35.025930,Dubai-d39f,42,72,Normal
2026-02-08 14:31:36.025930,Dubai-d39f,-16,12,Normal
2026-02-08 14:31:37.025930,Dubai-d39f,50,76,Normal
2026-02-08 14:31:38.025930,Dubai-d39f,4,66,Normal
2026-02-08 14:31:39.025930,Dubai-d39f,44,1,Normal
2026-02-08 14:31:40.025930,Dubai-d39f,12,14,Normal
2026-02-08 14:31:41.025930,Dubai-d39f,-2,6,Normal
2026-02-08 14:31:42.025930,Dubai-d39f,-11,38,Normal
2026-02-08 14:31:43.025930,Dubai-d39f,41,96,Normal
2026-02-08 14:31:44.025930,Dubai-d39f,29,35,Normal
2026-02-08 14:31:45.025930,Dubai-d39f,16,52,Normal
2026-02-08 14:31:46.025930,Dubai-d39f,17,61,Normal
2026-02-08 14:31:47.025930,Dubai-d39f,4,76,Normal
2026-02-08 14:31:48.025930,Dubai-d39f,38,66,Normal
2026-02-08 14:31:49.025930,Dubai-d39f,35,44,Normal
2026-02-08 14:31:50.025930,Dubai-d39f,-6,27,Normal
2026-02-08 14:31:51.025930,Dubai-d39f,37,91,Normal
2026-02-08 14:31:52.025930,Dubai-d39f,-4,19,Normal
2026-02-08 14:31:53.025930,Dubai-d39f,50,41,Normal
2026-02-08 14:31:54.025930,Dubai-d39f,12,68,Normal
2026-02-08 14:31:55.025930,Dubai-d39f,35,52,Normal
2026-02-08 14:31:56.025930,Dubai-d39f,5,81,Normal
2026-02-08 14:31:57.025930,Dubai-d39f,27,21,Normal
2026-02-08 14:31:58.025930,Dubai-d39f,-10,53,Normal
2026-02-08 14:31:59.025930,Dubai-d39f,-14,66,Normal
2026-02-08 14:32:00.025930,Dubai-d39f,-21,99,Normal
2026-02-08 14:32:01.025930,Dubai-d39f,7,45,Normal
2026-02-08 14:32:02.025930,Dubai-d39f,-18,53,Normal
2026-02-08 14:32:03.025930,Dubai-d39f,-6,94,Normal
2026-02-08 14:32:04.025930,Dubai-d39f,-12,19,Normal
2026-02-08 14:32:05.025930,Dubai-d39f,-8,85,Normal
2026-02-08 14:32:06.025930,Dubai-d39f,-19,58,Normal
2026-02-08 14:32:07.025930,Dubai-d39f,-22,34,Normal
2026-02-08 14:32:08.025930,Dubai-d39f,27,45,Normal
2026-02-08 14:32:09.025930,Dubai-d39f,-7,44,Normal
2026-02-08 14:32:10.025930,Dubai-d39f,-12,19,Normal
2026-02-08 14:32:11.025930,Dubai-d39f,-23,69,Normal
2026-02-08 14:32:12.025930,Dubai-d39f,35,76,Normal
2026-02-08 14:32:13.025930,Dubai-d39f,22,77,Normal
2026-02-08 14:32:14.025930,Dubai-d39f,39,53,Normal
2026-02-08 14:32:15.025930,Dubai-d39f,47,15,Normal
2026-02-08 14:32:16.025930,Dubai-d39f,36,17,Normal
2026-02-08 14:32:17.025930,Dubai-d39f,-30,22,Normal
2026-02-08 14:32:18.025930,Dubai-d39f,17,3,Normal
2026-02-08 14:32:19.025930,Dubai-d39f,41,91,Normal
2026-02-08 14:32:20.025930,Dubai-d39f,-30,95,Normal
2026-02-08 14:32:21.025930,Dubai-d39f,-25,94,Normal
2026-02-08 14:32:22.025930,Dubai-d39f,15,12,Normal
2026-02-08 14:32:23.025930,Dubai-d39f,6,86,Normal
2026-02-08 14:32:24.025930,Dubai-d39f,26,46,Normal
2026-02-08 14:32:25.025930,Dubai-d39f,10,65,Normal
2026-02-08 14:32:26.025930,Dubai-d39f,-8,39,Normal
2026-02-08 14:32:27.025930,Dubai-d39f,9,30,Normal
2026-02-08 14:32:28.025930,Dubai-d39f,41,15,Normal
2026-02-08 14:32:29.025930,Dubai-d39f,-1,24,Normal
2026-02-08 14:32:30.025930,Dubai-d39f,-13,68,Normal
2026-02-08 14:32:31.025930,Dubai-d39f,-21,23,Normal
2026-02-08 14:32:32.025930,Dubai-d39f,6,11,Normal
2026-02-08 14:32:33.025930,Dubai-d39f,44,7,Normal
2026-02-08 14:32:34.025930,Dubai-d39f,50,26,Normal
2026-02-08 14:32:35.025930,Dubai-d39f,-22,100,Normal
2026-02-08 14:32:36.025930,Dubai-d39f,-1,76,Normal
2026-02-08 14:32:37.025930,Dubai-d39f,31,7,Normal
2026-02-08 14:32:38.025930,Dubai-d39f,-26,1,Normal
2026-02-08 14:32:39.025930,Dubai-d39f,34,100,Normal
2026-02-08 14:32:40.025930,Dubai-d39f,22,40,Normal
2026-02-08 14:32:41.025930,Dubai-d39f,41,46,Normal
2026-02-08 14:32:42.025930,Dubai-d39f,-7,87,Normal
2026-02-08 14:32:43.025930,Dubai-d39f,18,19,Normal
2026-02-08 14:32:44.025930,Dubai-d39f,4,35,Normal
2026-02-08 14:32:45.025930,Dubai-d39f,12,71,Normal
2026-02-08 14:32:46.025930,Dubai-d39f,26,37,Normal
2026-02-08 14:32:47.025930,Dubai-d39f,25,11,Normal
2026-02-08 14:32:48.025930,Dubai-d39f,26,21,Normal
2026-02-08 14:32:49.025930,Dubai-d39f,48,82,Normal
2026-02-08 14:32:50.025930,Dubai-d39f,-16,12,Normal
2026-02-08 14:32:51.025930,Dubai-d39f,-1,89,Normal
2026-02-08 14:32:52.025930,Dubai-d39f,35,52,Normal
2026-02-08 14:32:53.025930,Dubai-d39f,39,78,Normal
2026-02-08 14:32:54.025930,Dubai-d39f,17,20,Normal
2026-02-08 14:32:55.025930,Dubai-d39f,-7,37,Normal
2026-02-08 14:32:56.025930,Dubai-d39f,2,25,Normal
2026-02-08 14:32:57.025930,Dubai-d39f,-14,31,Normal
2026-02-08 14:32:58.025930,Dubai-d39f,-9,2,Normal
2026-02-08 14:32:59.025930,Dubai-d39f,42,2,Normal
2026-02-08 14:33:00.025930,Dubai-d39f,36,35,Normal
2026-02-08 14:33:01.025930,Dubai-d39f,26,46,Normal
2026-02-08 14:33:02.025930,Dubai-d39f,-7,72,Normal
2026-02-08 14:33:03.025930,Dubai-d39f,38,32,Normal
2026-02-08 14:33:04.025930,Dubai-d39f,39,64,Normal
2026-02-08 14:33:05.025930,Dubai-d39f,46,98,Normal
2026-02-08 14:33:06.025930,Dubai-d39f,-14,3,Normal
2026-02-08 14:33:07.025930,Dubai-d39f,-2,78,Normal
2026-02-08 14:33:08.025930,Dubai-d39f,43,21,Normal
2026-02-08 14:33:09.025930,Dubai-d39f,-26,92,Normal
2026-02-08 14:33:10.025930,Dubai-d39f,-24,99,Normal
2026-02-08 14:33:11.025930,Dubai-d39f,21,34,Normal
2026-02-08 14:33:12.025930,Dubai-d39f,33,64,Normal
2026-02-08 14:33:13.025930,Dubai-d39f,16,0,Normal
2026-02-08 14:33:14.025930,Dubai-d39f,-15,61,Normal
2026-02-08 14:33:15.025930,Dubai-d39f,46,37,Normal
2026-02-08 14:33:16.025930,Dubai-d39f,-10,39,Normal
2026-02-08 14:33:17.025930,Dubai-d39f,-23,94,Normal
2026-02-08 14:33:18.025930,Dubai-d39f,10,84,Normal
2026-02-08 14:33:19.025930,Dubai-d39f,7,54,Normal
2026-02-08 14:33:20.025930,Dubai-d39f,15,43,Normal
2026-02-08 14:33:21.025930,Dubai-d39f,44,59,Normal
2026-02-08 14:33:22.025930,Dubai-d39f,4,34,Normal
2026-02-08 14:33:23.025930,Dubai-d39f,-5,88,Normal
2026-02-08 14:33:24.025930,Dubai-d39f,15,54,Normal
2026-02-08 14:33:25.025930,Dubai-d39f,40,0,Normal
2026-02-08 14:33:26.025930,Dubai-d39f,36,31,Normal
2026-02-08 14:33:27.025930,Dubai-d39f,18,86,Normal
2026-02-08 14:33:28.025930,Dubai-d39f,-10,70,Normal
2026-02-08 14:33:29.025930,Dubai-d39f,-8,87,Normal
2026-02-08 14:33:30.025930,Dubai-d39f,-17,97,Normal
2026-02-08 14:33:31.025930,Dubai-d39f,-13,38,Normal
2026-02-08 14:33:32.025930,Dubai-d39f,16,75,Normal
2026-02-08 14:33:33.025930,Dubai-d39f,-30,24,Normal
2026-02-08 14:33:34.025930,Dubai-d39f,-27,87,Normal
2026-02-08 14:33:35.025930,Dubai-d39f,47,79,Normal
2026-02-08 14:33:36.025930,Dubai-d39f,18,37,Normal
2026-02-08 14:33:37.025930,Dubai-d39f,-20,41,Normal
2026-02-08 14:33:38.025930,Dubai-d39f,32,76,Normal
2026-02-08 14:33:39.025930,Dubai-d39f,49,93,Normal
2026-02-08 14:33:40.025930,Dubai-d39f,-26,33,Normal
2026-02-08 14:33:41.025930,Dubai-d39f,-1,66,Normal
2026-02-08 14:33:42.025930,Dubai-d39f,-30,27,Normal
2026-02-08 14:33:43.025930,Dubai-d39f,29,64,Normal
2026-02-08 14:33:44.025930,Dubai-d39f,42,73,Normal
2026-02-08 14:33:45.025930,Dubai-d39f,-19,1,Normal
2026-02-08 14:33:46.025930,Dubai-d39f,-24,20,Normal
2026-02-08 14:33:47.025930,Dubai-d39f,48,100,Normal
2026-02-08 14:33:48.025930,Dubai-d39f,8,38,Normal
2026-02-08 14:33:49.025930,Dubai-d39f,-5,3,Normal
2026-02-08 14:33:50.025930,Dubai-d39f,19,89,Normal
2026-02-08 14:33:51.025930,Dubai-d39f,26,81,Normal
2026-02-08 14:33:52.025930,Dubai-d39f,17,39,Normal
2026-02-08 14:33:53.025930,Dubai-d39f,37,62,Normal
2026-02-08 14:33:54.025930,Dubai-d39f,-6,92,Normal
2026-02-08 14:33:55.025930,Dubai-d39f,32,43,Normal
2026-02-08 14:33:56.025930,Dubai-d39f,-25,74,Normal
2026-02-08 14:33:57.025930,Dubai-d39f,27,29,Normal
2026-02-08 14:33:58.025930,Dubai-d39f,-5,77,Normal
2026-02-08 14:33:59.025930,Dubai-d39f,-14,99,Normal
2026-02-08 14:34:00.025930,Dubai-d39f,5,4,Normal
2026-02-08 14:34:01.025930,Dubai-d39f,-16,60,Normal
2026-02-08 14:34:02.025930,Dubai-d39f,-14,79,Normal
2026-02-08 14:34:03.025930,Dubai-d39f,-8,16,Normal
2026-02-08 14:34:04.025930,Dubai-d39f,25,26,Normal
2026-02-08 14:34:05.025930,Dubai-d39f,-18,24,Normal
2026-02-08 14:34:06.025930,Dubai-d39f,22,18,Normal
2026-02-08 14:34:07.025930,Dubai-d39f,-26,57,Normal
2026-02-08 14:34:08.025930,Dubai-d39f,-12,48,Normal
2026-02-08 14:34:09.025930,Dubai-d39f,-16,0,Normal
2026-02-08 14:34:10.025930,Dubai-d39f,26,67,Normal
2026-02-08 14:34:11.025930,Dubai-d39f,30,34,Normal
2026-02-08 14:34:12.025930,Dubai-d39f,50,39,Normal
2026-02-08 14:34:13.025930,Dubai-d39f,-10,2,Normal
2026-02-08 14:34:14.025930,Dubai-d39f,-8,90,Normal
2026-02-08 14:34:15.025930,Dubai-d39f,7,79,Normal
2026-02-08 14:34:16.025930,Dubai-d39f,48,31,Normal
2026-02-08 14:34:17.025930,Dubai-d39f,-4,48,Normal
2026-02-08 14:34:18.025930,Dubai-d39f,18,17,Normal
2026-02-08 14:34:19.025930,Dubai-d39f,7,30,Normal
2026-02-08 14:34:20.025930,Dubai-d39f,-3,35,Normal
2026-02-08 14:34:21.025930,Dubai-d39f,10,73,Normal
2026-02-08 14:34:22.025930,Dubai-d39f,39,67,Normal
2026-02-08 14:34:23.025930,Dubai-d39f,6,82,Normal
2026-02-08 14:34:24.025930,Dubai-d39f,2,6,Normal
2026-02-08 14:34:25.025930,Dubai-d39f,11,57,Normal
2026-02-08 14:34:26.025930,Dubai-d39f,-26,100,Normal
2026-02-08 14:34:27.025930,Dubai-d39f,20,77,Normal
2026-02-08 14:34:28.025930,Dubai-d39f,15,52,Normal
2026-02-08 14:34:29.025930,Dubai-d39f,-9,3,Normal
2026-02-08 14:34:30.025930,Dubai-d39f,49,71,Normal
2026-02-08 14:34:31.025930,Dubai-d39f,47,78,Normal
2026-02-08 14:34:32.025930,Dubai-d39f,4,15,Normal
2026-02-08 14:34:33.025930,Dubai-d39f,10,7,Normal
2026-02-08 14:34:34.025930,Dubai-d39f,-6,32,Normal
2026-02-08 14:34:35.025930,Dubai-d39f,-19,96,Normal
2026-02-08 14:34:36.025930,Dubai-d39f,32,7,Normal
2026-02-08 14:34:37.025930,Dubai-d39f,-27,58,Normal
2026-02-08 14:34:38.025930,Dubai-d39f,2,77,Normal
2026-02-08 14:34:39.025930,Dubai-d39f,5,73,Normal
2026-02-08 14:34:40.025930,Dubai-d39f,47,10,Normal
2026-02-08 14:34:41.025930,Dubai-d39f,12,58,Normal
2026-02-08 14:34:42.025930,Dubai-d39f,-27,70,Normal
2026-02-08 14:34:43.025930,Dubai-d39f,-2,3,Normal
2026-02-08 14:34:44.025930,Dubai-d39f,31,62,Normal
2026-02-08 14:34:45.025930,Dubai-d39f,47,59,Normal
2026-02-08 14:34:46.025930,Dubai-d39f,35,79,Normal
2026-02-08 14:34:47.025930,Dubai-d39f,42,91,Normal
2026-02-08 14:34:48.025930,Dubai-d39f,19,15,Normal
2026-02-08 14:34:49.025930,Dubai-d39f,19,45,Normal
2026-02-08 14:34:50.025930,Dubai-d39f,32,18,Normal
2026-02-08 14:34:51.025930,Dubai-d39f,6,97,Normal
2026-02-08 14:34:52.025930,Dubai-d39f,-15,51,Normal
2026-02-08 14:34:53.025930,Dubai-d39f,33,86,Normal
2026-02-08 14:34:54.025930,Dubai-d39f,24,21,Normal
2026-02-08 14:34:55.025930,Dubai-d39f,10,10,Normal
2026-02-08 14:34:56.025930,Dubai-d39f,-18,17,Normal
2026-02-08 14:34:57.025930,Dubai-d39f,24,91,Normal
2026-02-08 14:34:58.025930,Dubai-d39f,49,4,Normal
2026-02-08 14:34:59.025930,Dubai-d39f,19,98,Normal
2026-02-08 14:35:00.025930,Dubai-d39f,-14,6,Normal
2026-02-08 14:35:01.025930,Dubai-d39f,35,32,Normal
2026-02-08 14:35:02.025930,Dubai-d39f,38,79,Normal
2026-02-08 14:35:03.025930,Dubai-d39f,-21,1,Normal
2026-02-08 14:35:04.025930,Dubai-d39f,-21,48,Normal
2026-02-08 14:35:05.025930,Dubai-d39f,1,57,Normal
2026-02-08 14:35:06.025930,Dubai-d39f,47,33,Normal
2026-02-08 14:35:07.025930,Dubai-d39f,-8,30,Normal
2026-02-08 14:35:08.025930,Dubai-d39f,-29,34,Normal
2026-02-08 14:35:09.025930,Dubai-d39f,-19,67,Normal
2026-02-08 14:35:10.025930,Dubai-d39f,-8,0,Normal
2026-02-08 14:35:11.025930,Dubai-d39f,-1,75,Normal
2026-02-08 14:35:12.025930,Dubai-d39f,38,78,Normal
2026-02-08 14:35:13.025930,Dubai-d39f,24,39,Normal
2026-02-08 14:35:14.025930,Dubai-d39f,24,72,Normal
2026-02-08 14:35:15.025930,Dubai-d39f,6,20,Normal
2026-02-08 14:35:16.025930,Dubai-d39f,4,3,Normal
2026-02-08 14:35:17.025930,Dubai-d39f,-29,47,Normal
2026-02-08 14:35:18.025930,Dubai-d39f,-9,42,Normal
2026-02-08 14:35:19.025930,Dubai-d39f,-14,23,Normal
2026-02-08 14:35:20.025930,Dubai-d39f,19,43,Normal
2026-02-08 14:35:21.025930,Dubai-d39f,-15,55,Normal
2026-02-08 14:35:22.025930,Dubai-d39f,40,8,Normal
2026-02-08 14:35:23.025930,Dubai-d39f,28,42,Normal
2026-02-08 14:35:24.025930,Dubai-d39f,39,40,Normal
2026-02-08 14:35:25.025930,Dubai-d39f,2,96,Normal
2026-02-08 14:35:26.025930,Dubai-d39f,-27,51,Normal
2026-02-08 14:35:27.025930,Dubai-d39f,16,11,Normal
2026-02-08 14:35:28.025930,Dubai-d39f,2,75,Normal
2026-02-08 14:35:29.025930,Dubai-d39f,-7,72,Normal
2026-02-08 14:35:30.025930,Dubai-d39f,49,80,Normal
2026-02-08 14:35:31.025930,Dubai-d39f,-28,70,Normal
2026-02-08 14:35:32.025930,Dubai-d39f,0,30,Normal
2026-02-08 14:35:33.025930,Dubai-d39f,-19,78,Normal
2026-02-08 14:35:34.025930,Dubai-d39f,-7,75,Normal
2026-02-08 14:35:35.025930,Dubai-d39f,24,97,Normal
2026-02-08 14:35:36.025930,Dubai-d39f,28,4,Normal
2026-02-08 14:35:37.025930,Dubai-d39f,40,80,Normal
2026-02-08 14:35:38.025930,Dubai-d39f,-14,2,Normal
2026-02-08 14:35:39.025930,Dubai-d39f,-10,50,Normal
2026-02-08 14:35:40.025930,Dubai-d39f,21,100,Normal
2026-02-08 14:35:41.025930,Dubai-d39f,5,100,Normal
2026-02-08 14:35:42.025930,Dubai-d39f,11,82,Normal
2026-02-08 14:35:43.025930,Dubai-d39f,-19,15,Normal
2026-02-08 14:35:44.025930,Dubai-d39f,-9,53,Normal
2026-02-08 14:35:45.025930,Dubai-d39f,-18,53,Normal
2026-02-08 14:35:46.025930,Dubai-d39f,10,63,Normal
2026-02-08 14:35:47.025930,Dubai-d39f,-6,0,Normal
2026-02-08 14:35:48.025930,Dubai-d39f,-30,70,Normal
2026-02-08 14:35:49.025930,Dubai-d39f,40,100,Normal
2026-02-08 14:35:50.025930,Dubai-d39f,10,47,Normal
2026-02-08 14:35:51.025930,Dubai-d39f,8,38,Normal
2026-02-08 14:35:52.025930,Dubai-d39f,28,4,Normal
2026-02-08 14:35:53.025930,Dubai-d39f,46,21,Normal
2026-02-08 14:35:54.025930,Dubai-d39f,-20,91,Normal
2026-02-08 14:35:55.025930,Dubai-d39f,20,80,Normal
2026-02-08 14:35:56.025930,Dubai-d39f,-6,18,Normal
2026-02-08 14:35:57.025930,Dubai-d39f,-7,2,Normal
2026-02-08 14:35:58.025930,Dubai-d39f,-16,99,Normal
2026-02-08 14:35:59.025930,Dubai-d39f,-24,66,Normal
2026-02-08 14:36:00.025930,Dubai-d39f,-13,14,Normal
2026-02-08 14:36:01.025930,Dubai-d39f,38,4,Normal
2026-02-08 14:36:02.025930,Dubai-d39f,-20,70,Normal
2026-02-08 14:36:03.025930,Dubai-d39f,-28,49,Normal
2026-02-08 14:36:04.025930,Dubai-d39f,32,82,Normal
2026-02-08 14:36:05.025930,Dubai-d39f,33,91,Normal
2026-02-08 14:36:06.025930,Dubai-d39f,-12,94,Normal
2026-02-08 14:36:07.025930,Dubai-d39f,43,82,Normal
2026-02-08 14:36:08.025930,Dubai-d39f,-22,59,Normal
2026-02-08 14:36:09.025930,Dubai-d39f,-13,9,Normal
2026-02-08 14:36:10.025930,Dubai-d39f,-7,9,Normal
2026-02-08 14:36:11.025930,Dubai-d39f,22,77,Normal
2026-02-08 14:36:12.025930,Dubai-d39f,35,32,Normal
2026-02-08 14:36:13.025930,Dubai-d39f,-19,19,Normal
2026-02-08 14:36:14.025930,Dubai-d39f,45,18,Normal
2026-02-08 14:36:15.025930,Dubai-d39f,-26,52,Normal
2026-02-08 14:36:16.025930,Dubai-d39f,-15,73,Normal
2026-02-08 14:36:17.025930,Dubai-d39f,38,57,Normal
2026-02-08 14:36:18.025930,Dubai-d39f,41,58,Normal
2026-02-08 14:36:19.025930,Dubai-d39f,-9,69,Normal
2026-02-08 14:36:20.025930,Dubai-d39f,33,46,Normal
2026-02-08 14:36:21.025930,Dubai-d39f,40,0,Normal
2026-02-08 14:36:22.025930,Dubai-d39f,32,77,Normal
2026-02-08 14:36:23.025930,Dubai-d39f,-19,9,Normal
2026-02-08 14:36:24.025930,Dubai-d39f,40,77,Normal
2026-02-08 14:36:25.025930,Dubai-d39f,47,79,Normal
2026-02-08 14:36:26.025930,Dubai-d39f,40,30,Normal
2026-02-08 14:36:27.025930,Dubai-d39f,46,4,Normal
2026-02-08 14:36:28.025930,Dubai-d39f,38,87,Normal
2026-02-08 14:36:29.025930,Dubai-d39f,27,36,Normal
2026-02-08 14:36:30.025930,Dubai-d39f,31,33,Normal
2026-02-08 14:36:31.025930,Dubai-d39f,48,34,Normal
2026-02-08 14:36:32.025930,Dubai-d39f,-17,18,Normal
2026-02-08 14:36:33.025930,Dubai-d39f,48,59,Normal
2026-02-08 14:36:34.025930,Dubai-d39f,5,90,Normal
2026-02-08 14:36:35.025930,Dubai-d39f,29,96,Normal
2026-02-08 14:36:36.025930,Dubai-d39f,-10,100,Normal
2026-02-08 14:36:37.025930,Dubai-d39f,29,35,Normal
2026-02-08 14:36:38.025930,Dubai-d39f,-23,21,Normal
2026-02-08 14:36:39.025930,Dubai-d39f,29,100,Normal
2026-02-08 14:36:40.025930,Dubai-d39f,2,18,Normal
2026-02-08 14:36:41.025930,Dubai-d39f,36,10,Normal
2026-02-08 14:36:42.025930,Dubai-d39f,29,76,Normal
2026-02-08 14:36:43.025930,Dubai-d39f,31,80,Normal
2026-02-08 14:36:44.025930,Dubai-d39f,-2,57,Normal
2026-02-08 14:36:45.025930,Dubai-d39f,43,94,Normal
2026-02-08 14:36:46.025930,Dubai-d39f,-7,6,Normal
2026-02-08 14:36:47.025930,Dubai-d39f,16,50,Normal
2026-02-08 14:36:48.025930,Dubai-d39f,8,44,Normal
2026-02-08 14:36:49.025930,Dubai-d39f,-27,85,Normal
2026-02-08 14:36:50.025930,Dubai-d39f,5,74,Normal
2026-02-08 14:36:51.025930,Dubai-d39f,14,53,Normal
2026-02-08 14:36:52.025930,Dubai-d39f,-30,92,Normal
2026-02-08 14:36:53.025930,Dubai-d39f,-6,49,Normal
2026-02-08 14:36:54.025930,Dubai-d39f,35,51,Normal
2026-02-08 14:36:55.025930,Dubai-d39f,-8,75,Normal
2026-02-08 14:36:56.025930,Dubai-d39f,38,88,Normal
2026-02-08 14:36:57.025930,Dubai-d39f,10,19,Normal
2026-02-08 14:36:58.025930,Dubai-d39f,-22,58,Normal
2026-02-08 14:36:59.025930,Dubai-d39f,6,68,Normal
2026-02-08 14:37:00.025930,Dubai-d39f,38,18,Normal
2026-02-08 14:37:01.025930,Dubai-d39f,26,32,Normal
2026-02-08 14:37:02.025930,Dubai-d39f,27,50,Normal
2026-02-08 14:37:03.025930,Dubai-d39f,20,49,Normal
2026-02-08 14:37:04.025930,Dubai-d39f,0,45,Normal
2026-02-08 14:37:05.025930,Dubai-d39f,32,8,Normal
2026-02-08 14:37:06.025930,Dubai-d39f,36,17,Normal
2026-02-08 14:37:07.025930,Dubai-d39f,-25,88,Normal
2026-02-08 14:37:08.025930,Dubai-d39f,24,55,Normal
2026-02-08 14:37:09.025930,Dubai-d39f,-19,77,Normal
2026-02-08 14:37:10.025930,Dubai-d39f,43,75,Normal
2026-02-08 14:37:11.025930,Dubai-d39f,-9,30,Normal
2026-02-08 14:37:12.025930,Dubai-d39f,42,56,Normal
2026-02-08 14:37:13.025930,Dubai-d39f,29,11,Normal
2026-02-08 14:37:14.025930,Dubai-d39f,42,92,Normal
2026-02-08 14:37:15.025930,Dubai-d39f,49,97,Normal
2026-02-08 14:37:16.025930,Dubai-d39f,49,68,Normal
2026-02-08 14:37:17.025930,Dubai-d39f,48,16,Normal
2026-02-08 14:37:18.025930,Dubai-d39f,26,56,Normal
2026-02-08 14:37:19.025930,Dubai-d39f,-23,16,Normal
2026-02-08 14:37:20.025930,Dubai-d39f,49,19,Normal
2026-02-08 14:37:21.025930,Dubai-d39f,40,34,Normal
2026-02-08 14:37:22.025930,Dubai-d39f,-25,26,Normal
2026-02-08 14:37:23.025930,Dubai-d39f,-19,25,Normal
2026-02-08 14:37:24.025930,Dubai-d39f,48,58,Normal
2026-02-08 14:37:25.025930,Dubai-d39f,46,1,Normal
2026-02-08 14:37:26.025930,Dubai-d39f,8,53,Normal
2026-02-08 14:37:27.025930,Dubai-d39f,47,50,Normal
2026-02-08 14:37:28.025930,Dubai-d39f,-3,99,Normal
2026-02-08 14:37:29.025930,Dubai-d39f,-16,73,Normal
2026-02-08 14:37:30.025930,Dubai-d39f,-7,73,Normal
2026-02-08 14:37:31.025930,Dubai-d39f,26,85,Normal
2026-02-08 14:37:32.025930,Dubai-d39f,-16,1,Normal
2026-02-08 14:37:33.025930,Dubai-d39f,-1,42,Normal
2026-02-08 14:37:34.025930,Dubai-d39f,-21,30,Normal
2026-02-08 14:37:35.025930,Dubai-d39f,26,16,Normal
2026-02-08 14:37:36.025930,Dubai-d39f,22,78,Normal
2026-02-08 14:37:37.025930,Dubai-d39f,24,9,Normal
2026-02-08 14:37:38.025930,Dubai-d39f,-25,78,Normal
2026-02-08 14:37:39.025930,Dubai-d39f,29,32,Normal
2026-02-08 14:37:40.025930,Dubai-d39f,-12,39,Normal
2026-02-08 14:37:41.025930,Dubai-d39f,-25,18,Normal
2026-02-08 14:37:42.025930,Dubai-d39f,14,23,Normal
2026-02-08 14:37:43.025930,Dubai-d39f,29,53,Normal
2026-02-08 14:37:44.025930,Dubai-d39f,31,35,Normal
2026-02-08 14:37:45.025930,Dubai-d39f,-10,81,Normal
2026-02-08 14:37:46.025930,Dubai-d39f,-8,66,Normal
2026-02-08 14:37:47.025930,Dubai-d39f,-5,23,Normal
2026-02-08 14:37:48.025930,Dubai-d39f,-10,48,Normal
2026-02-08 14:37:49.025930,Dubai-d39f,-21,30,Normal
2026-02-08 14:37:50.025930,Dubai-d39f,45,96,Normal
2026-02-08 14:37:51.025930,Dubai-d39f,-24,58,Normal
2026-02-08 14:37:52.025930,Dubai-d39f,39,12,Normal
2026-02-08 14:37:53.025930,Dubai-d39f,28,51,Normal
2026-02-08 14:37:54.025930,Dubai-d39f,7,25,Normal
2026-02-08 14:37:55.025930,Dubai-d39f,49,32,Normal
2026-02-08 14:37:56.025930,Dubai-d39f,18,19,Normal
2026-02-08 14:37:57.025930,Dubai-d39f,-16,84,Normal
2026-02-08 14:37:58.025930,Dubai-d39f,38,34,Normal
2026-02-08 14:37:59.025930,Dubai-d39f,-14,74,Normal
2026-02-08 14:38:00.025930,Dubai-d39f,5,99,Normal
2026-02-08 14:38:01.025930,Dubai-d39f,-18,5,Normal
2026-02-08 14:38:02.025930,Dubai-d39f,5,90,Normal
2026-02-08 14:38:03.025930,Dubai-d39f,-29,15,Normal
2026-02-08 14:38:04.025930,Dubai-d39f,8,79,Normal
2026-02-08 14:38:05.025930,Dubai-d39f,25,76,Normal
2026-02-08 14:38:06.025930,Dubai-d39f,24,0,Normal
2026-02-08 14:38:07.025930,Dubai-d39f,49,48,Normal
2026-02-08 14:38:08.025930,Dubai-d39f,24,82,Normal
2026-02-08 14:38:09.025930,Dubai-d39f,-15,94,Normal
2026-02-08 14:38:10.025930,Dubai-d39f,20,59,Normal
2026-02-08 14:38:11.025930,Dubai-d39f,-15,52,Normal
2026-02-08 14:38:12.025930,Dubai-d39f,19,15,Normal
2026-02-08 14:38:13.025930,Dubai-d39f,40,23,Normal
2026-02-08 14:38:14.025930,Dubai-d39f,-7,69,Normal
2026-02-08 14:38:15.025930,Dubai-d39f,5,38,Normal
2026-02-08 14:38:16.025930,Dubai-d39f,-12,50,Normal
2026-02-08 14:38:17.025930,Dubai-d39f,14,67,Normal
2026-02-08 14:38:18.025930,Dubai-d39f,-20,97,Normal
2026-02-08 14:38:19.025930,Dubai-d39f,-29,26,Normal
2026-02-08 14:38:20.025930,Dubai-d39f,-26,77,Normal
2026-02-08 14:38:21.025930,Dubai-d39f,17,12,Normal
2026-02-08 14:38:22.025930,Dubai-d39f,-17,57,Normal
2026-02-08 14:38:23.025930,Dubai-d39f,28,39,Normal
2026-02-08 14:38:24.025930,Dubai-d39f,45,52,Normal
2026-02-08 14:38:25.025930,Dubai-d39f,20,68,Normal
2026-02-08 14:38:26.025930,Dubai-d39f,-3,89,Normal
2026-02-08 14:38:27.025930,Dubai-d39f,15,47,Normal
2026-02-08 14:38:28.025930,Dubai-d39f,-19,66,Normal
2026-02-08 14:38:29.025930,Dubai-d39f,13,67,Normal
2026-02-08 14:38:30.025930,Dubai-d39f,7,52,Normal
2026-02-08 14:38:31.025930,Dubai-d39f,-8,79,Normal
2026-02-08 14:38:32.025930,Dubai-d39f,11,91,Normal
2026-02-08 14:38:33.025930,Dubai-d39f,-16,11,Normal
2026-02-08 14:38:34.025930,Dubai-d39f,-19,27,Normal
2026-02-08 14:38:35.025930,Dubai-d39f,34,91,Normal
2026-02-08 14:38:36.025930,Dubai-d39f,-7,30,Normal
2026-02-08 14:38:37.025930,Dubai-d39f,-16,66,Normal
2026-02-08 14:38:38.025930,Dubai-d39f,-13,92,Normal
2026-02-08 14:38:39.025930,Dubai-d39f,29,18,Normal
2026-02-08 14:38:40.025930,Dubai-d39f,-1,8,Normal
2026-02-08 14:38:41.025930,Dubai-d39f,49,83,Normal
2026-02-08 14:38:42.025930,Dubai-d39f,45,100,Normal
2026-02-08 14:38:43.025930,Dubai-d39f,-20,89,Normal
2026-02-08 14:38:44.025930,Dubai-d39f,-8,35,Normal
2026-02-08 14:38:45.025930,Dubai-d39f,9,54,Normal
2026-02-08 14:38:46.025930,Dubai-d39f,28,2,Normal
2026-02-08 14:38:47.025930,Dubai-d39f,24,9,Normal
2026-02-08 14:38:48.025930,Dubai-d39f,17,5,Normal
2026-02-08 14:38:49.025930,Dubai-d39f,26,87,Normal
2026-02-08 14:38:50.025930,Dubai-d39f,-15,53,Normal
2026-02-08 14:38:51.025930,Dubai-d39f,-9,77,Normal
2026-02-08 14:38:52.025930,Dubai-d39f,49,84,Normal
2026-02-08 14:38:53.025930,Dubai-d39f,45,37,Normal
2026-02-08 14:38:54.025930,Dubai-d39f,27,80,Normal
2026-02-08 14:38:55.025930,Dubai-d39f,1,84,Normal
2026-02-08 14:38:56.025930,Dubai-d39f,41,11,Normal
2026-02-08 14:38:57.025930,Dubai-d39f,-27,39,Normal
