timestamp,station_id,temp,humid,condition
2026-02-13 21:54:56.426671,Toronto-57ae,47,48,Normal
2026-02-13 21:54:57.426671,Toronto-57ae,12,91,Normal
2026-02-13 21:54:58.426671,Toronto-57ae,32,82,Normal
2026-02-13 21:54:59.426671,Toronto-57ae,38,76,Normal
2026-02-13 21:55:00.426671,Toronto-57ae,33,39,Normal
2026-02-13 21:55:01.426671,Toronto-57ae,16,97,Normal
2026-02-13 21:55:02.426671,Toronto-57ae,35,45,Normal
2026-02-13 21:55:03.426671,Toronto-57ae,1,41,Normal
2026-02-13 21:55:04.426671,Toronto-57ae,13,69,Normal
2026-02-13 21:55:05.426671,Toronto-57ae,38,60,Normal
2026-02-13 21:55:06.426671,Toronto-57ae,23,85,Normal
2026-02-13 21:55:07.426671,Toronto-57ae,28,10,Normal
2026-02-13 21:55:08.426671,Toronto-57ae,-9,40,Normal
2026-02-13 21:55:09.426671,Toronto-57ae,27,25,Normal
2026-02-13 21:55:10.426671,Toronto-57ae,-26,17,Normal
2026-02-13 21:55:11.426671,Toronto-57ae,1,17,Normal
2026-02-13 21:55:12.426671,Toronto-57ae,31,89,Normal
2026-02-13 21:55:13.426671,Toronto-57ae,48,57,Normal
2026-02-13 21:55:14.426671,Toronto-57ae,-1,85,Normal
2026-02-13 21:55:15.426671,Toronto-57ae,42,83,Normal
2026-02-13 21:55:16.426671,Toronto-57ae,11,4,Normal
2026-02-13 21:55:17.426671,Toronto-57ae,28,46,Normal
2026-02-13 21:55:18.426671,Toronto-57ae,-30,88,Normal
2026-02-13 21:55:19.426671,Toronto-57ae,47,58,Normal
2026-02-13 21:55:20.426671,Toronto-57ae,-10,23,Normal
2026-02-13 21:55:21.426671,Toronto-57ae,-6,10,Normal
2026-02-13 21:55:22.426671,Toronto-57ae,-12,26,Normal
2026-02-13 21:55:23.426671,Toronto-57ae,-22,83,Normal
2026-02-13 21:55:24.426671,Toronto-57ae,-30,91,Normal
2026-02-13 21:55:25.426671,Toronto-57ae,20,14,Normal
2026-02-13 21:55:26.426671,Toronto-57ae,17,70,Normal
2026-02-13 21:55:27.426671,Toronto-57ae,-15,40,Normal
2026-02-13 21:55:28.426671,Toronto-57ae,26,8,Normal
2026-02-13 21:55:29.426671,Toronto-57ae,35,59,Normal
2026-02-13 21:55:30.426671,Toronto-57ae,-20,96,Normal
2026-02-13 21:55:31.426671,Toronto-57ae,11,31,Normal
2026-02-13 21:55:32.426671,Toronto-57ae,41,40,Normal
2026-02-13 21:55:33.426671,Toronto-57ae,16,77,Normal
2026-02-13 21:55:34.426671,Toronto-57ae,36,13,Normal
2026-02-13 21:55:35.426671,Toronto-57ae,-17,56,Normal
2026-02-13 21:55:36.426671,Toronto-57ae,-18,54,Normal
2026-02-13 21:55:37.426671,Toronto-57ae,1,81,Normal
2026-02-13 21:55:38.426671,Toronto-57ae,-15,12,Normal
2026-02-13 21:55:39.426671,Toronto-57ae,-24,61,Normal
2026-02-13 21:55:40.426671,Toronto-57ae,10,62,Normal
2026-02-13 21:55:41.426671,Toronto-57ae,10,27,Normal
2026-02-13 21:55:42.426671,Toronto-57ae,-7,3,Normal
2026-02-13 21:55:43.426671,Toronto-57ae,-12,51,Normal
2026-02-13 21:55:44.426671,Toronto-57ae,46,30,Normal
2026-02-13 21:55:45.426671,Toronto-57ae,-6,11,Normal
2026-02-13 21:55:46.426671,Toronto-57ae,-25,42,Normal
2026-02-13 21:55:47.426671,Toronto-57ae,28,82,Normal
2026-02-13 21:55:48.426671,Toronto-57ae,-24,31,Normal
2026-02-13 21:55:49.426671,Toronto-57ae,-5,39,Normal
2026-02-13 21:55:50.426671,Toronto-57ae,-11,92,Normal
2026-02-13 21:55:51.426671,Toronto-57ae,34,14,Normal
2026-02-13 21:55:52.426671,Toronto-57ae,13,70,Normal
2026-02-13 21:55:53.426671,Toronto-57ae,5,45,Normal
2026-02-13 21:55:54.426671,Toronto-57ae,43,90,Normal
2026-02-13 21:55:55.426671,Toronto-57ae,45,13,Normal
2026-02-13 21:55:56.426671,Toronto-57ae,12,87,Normal
2026-02-13 21:55:57.426671,Toronto-57ae,-1,59,Normal
2026-02-13 21:55:58.426671,Toronto-57ae,39,45,Normal
2026-02-13 21:55:59.426671,Toronto-57ae,-22,48,Normal
2026-02-13 21:56:00.426671,Toronto-57ae,15,34,Normal
2026-02-13 21:56:01.426671,Toronto-57ae,25,94,Normal
2026-02-13 21:56:02.426671,Toronto-57ae,-16,92,Normal
2026-02-13 21:56:03.426671,Toronto-57ae,10,35,Normal
2026-02-13 21:56:04.426671,Toronto-57ae,20,21,Normal
2026-02-13 21:56:05.426671,Toronto-57ae,49,45,Normal
2026-02-13 21:56:06.426671,Toronto-57ae,15,10,Normal
2026-02-13 21:56:07.426671,Toronto-57ae,-1,12,Normal
2026-02-13 21:56:08.426671,Toronto-57ae,20,90,Normal
2026-02-13 21:56:09.426671,Toronto-57ae,-15,6,Normal
2026-02-13 21:56:10.426671,Toronto-57ae,19,53,Normal
2026-02-13 21:56:11.426671,Toronto-57ae,-1,58,Normal
2026-02-13 21:56:12.426671,Toronto-57ae,39,24,Normal
2026-02-13 21:56:13.426671,Toronto-57ae,11,83,Normal
2026-02-13 21:56:14.426671,Toronto-57ae,33,96,Normal
2026-02-13 21:56:15.426671,Toronto-57ae,33,53,Normal
2026-02-13 21:56:16.426671,Toronto-57ae,-20,16,Normal
2026-02-13 21:56:17.426671,Toronto-57ae,49,53,Normal
2026-02-13 21:56:18.426671,Toronto-57ae,21,54,Normal
2026-02-13 21:56:19.426671,Toronto-57ae,16,65,Normal
2026-02-13 21:56:20.426671,Toronto-57ae,5,31,Normal
2026-02-13 21:56:21.426671,Toronto-57ae,-25,40,Normal
2026-02-13 21:56:22.426671,Toronto-57ae,4,40,Normal
2026-02-13 21:56:23.426671,Toronto-57ae,-3,46,Normal
2026-02-13 21:56:24.426671,Toronto-57ae,-19,85,Normal
2026-02-13 21:56:25.426671,Toronto-57ae,48,51,Normal
2026-02-13 21:56:26.426671,Toronto-57ae,6,34,Normal
2026-02-13 21:56:27.426671,Toronto-57ae,43,70,Normal
2026-02-13 21:56:28.426671,Toronto-57ae,-11,22,Normal
2026-02-13 21:56:29.426671,Toronto-57ae,46,13,Normal
2026-02-13 21:56:30.426671,Toronto-57ae,-26,40,Normal
2026-02-13 21:56:31.426671,Toronto-57ae,-6,57,Normal
2026-02-13 21:56:32.426671,Toronto-57ae,43,10,Normal
2026-02-13 21:56:33.426671,Toronto-57ae,41,63,Normal
2026-02-13 21:56:34.426671,Toronto-57ae,10,64,Normal
2026-02-13 21:56:35.426671,Toronto-57ae,11,39,Normal
2026-02-13 21:56:36.426671,Toronto-57ae,43,43,Normal
2026-02-13 21:56:37.426671,Toronto-57ae,34,59,Normal
2026-02-13 21:56:38.426671,Toronto-57ae,-4,20,Normal
2026-02-13 21:56:39.426671,Toronto-57ae,-1,2,Normal
2026-02-13 21:56:40.426671,Toronto-57ae,8,43,Normal
2026-02-13 21:56:41.426671,Toronto-57ae,40,72,Normal
2026-02-13 21:56:42.426671,Toronto-57ae,19,61,Normal
2026-02-13 21:56:43.426671,Toronto-57ae,43,3,Normal
2026-02-13 21:56:44.426671,Toronto-57ae,16,54,Normal
2026-02-13 21:56:45.426671,Toronto-57ae,27,67,Normal
2026-02-13 21:56:46.426671,Toronto-57ae,9,63,Normal
2026-02-13 21:56:47.426671,Toronto-57ae,25,36,Normal
2026-02-13 21:56:48.426671,Toronto-57ae,39,80,Normal
2026-02-13 21:56:49.426671,Toronto-57ae,-30,32,Normal
2026-02-13 21:56:50.426671,Toronto-57ae,20,99,Normal
2026-02-13 21:56:51.426671,Toronto-57ae,-26,44,Normal
2026-02-13 21:56:52.426671,Toronto-57ae,36,61,Normal
2026-02-13 21:56:53.426671,Toronto-57ae,-8,0,Normal
2026-02-13 21:56:54.426671,Toronto-57ae,-28,12,Normal
2026-02-13 21:56:55.426671,Toronto-57ae,36,55,Normal
2026-02-13 21:56:56.426671,Toronto-57ae,-25,46,Normal
2026-02-13 21:56:57.426671,Toronto-57ae,4,51,Normal
2026-02-13 21:56:58.426671,Toronto-57ae,44,69,Normal
2026-02-13 21:56:59.426671,Toronto-57ae,4,7,Normal
2026-02-13 21:57:00.426671,Toronto-57ae,-7,14,Normal
2026-02-13 21:57:01.426671,Toronto-57ae,-11,75,Normal
2026-02-13 21:57:02.426671,Toronto-57ae,34,29,Normal
2026-02-13 21:57:03.426671,Toronto-57ae,1,97,Normal
2026-02-13 21:57:04.426671,Toronto-57ae,-2,78,Normal
2026-02-13 21:57:05.426671,Toronto-57ae,-22,65,Normal
2026-02-13 21:57:06.426671,Toronto-57ae,5,93,Normal
2026-02-13 21:57:07.426671,Toronto-57ae,-16,22,Normal
2026-02-13 21:57:08.426671,Toronto-57ae,-15,63,Normal
2026-02-13 21:57:09.426671,Toronto-57ae,3,99,Normal
2026-02-13 21:57:10.426671,Toronto-57ae,29,46,Normal
2026-02-13 21:57:11.426671,Toronto-57ae,31,14,Normal
2026-02-13 21:57:12.426671,Toronto-57ae,5,81,Normal
2026-02-13 21:57:13.426671,Toronto-57ae,-5,39,Normal
2026-02-13 21:57:14.426671,Toronto-57ae,14,78,Normal
2026-02-13 21:57:15.426671,Toronto-57ae,33,98,Normal
2026-02-13 21:57:16.426671,Toronto-57ae,47,87,Normal
2026-02-13 21:57:17.426671,Toronto-57ae,-28,71,Normal
2026-02-13 21:57:18.426671,Toronto-57ae,-23,22,Normal
2026-02-13 21:57:19.426671,Toronto-57ae,-21,52,Normal
2026-02-13 21:57:20.426671,Toronto-57ae,17,39,Normal
2026-02-13 21:57:21.426671,Toronto-57ae,4,92,Normal
2026-02-13 21:57:22.426671,Toronto-57ae,-23,93,Normal
2026-02-13 21:57:23.426671,Toronto-57ae,-14,87,Normal
2026-02-13 21:57:24.426671,Toronto-57ae,-21,2,Normal
2026-02-13 21:57:25.426671,Toronto-57ae,43,90,Normal
2026-02-13 21:57:26.426671,Toronto-57ae,33,80,Normal
2026-02-13 21:57:27.426671,Toronto-57ae,-8,31,Normal
2026-02-13 21:57:28.426671,Toronto-57ae,-19,98,Normal
2026-02-13 21:57:29.426671,Toronto-57ae,32,24,Normal
2026-02-13 21:57:30.426671,Toronto-57ae,21,57,Normal
2026-02-13 21:57:31.426671,Toronto-57ae,43,22,Normal
2026-02-13 21:57:32.426671,Toronto-57ae,10,11,Normal
2026-02-13 21:57:33.426671,Toronto-57ae,17,57,Normal
2026-02-13 21:57:34.426671,Toronto-57ae,7,88,Normal
2026-02-13 21:57:35.426671,Toronto-57ae,47,90,Normal
2026-02-13 21:57:36.426671,Toronto-57ae,25,98,Normal
2026-02-13 21:57:37.426671,Toronto-57ae,21,27,Normal
2026-02-13 21:57:38.426671,Toronto-57ae,44,19,Normal
2026-02-13 21:57:39.426671,Toronto-57ae,26,79,Normal
2026-02-13 21:57:40.426671,Toronto-57ae,13,33,Normal
2026-02-13 21:57:41.426671,Toronto-57ae,-6,48,Normal
2026-02-13 21:57:42.426671,Toronto-57ae,24,15,Normal
2026-02-13 21:57:43.426671,Toronto-57ae,24,65,Normal
2026-02-13 21:57:44.426671,Toronto-57ae,-27,86,Normal
2026-02-13 21:57:45.426671,Toronto-57ae,47,85,Normal
2026-02-13 21:57:46.426671,Toronto-57ae,40,56,Normal
2026-02-13 21:57:47.426671,Toronto-57ae,-10,7,Normal
2026-02-13 21:57:48.426671,Toronto-57ae,47,88,Normal
2026-02-13 21:57:49.426671,Toronto-57ae,4,56,Normal
2026-02-13 21:57:50.426671,Toronto-57ae,41,80,Normal
2026-02-13 21:57:51.426671,Toronto-57ae,7,60,Normal
2026-02-13 21:57:52.426671,Toronto-57ae,-1,75,Normal
2026-02-13 21:57:53.426671,Toronto-57ae,32,85,Normal
2026-02-13 21:57:54.426671,Toronto-57ae,23,85,Normal
2026-02-13 21:57:55.426671,Toronto-57ae,27,34,Normal
2026-02-13 21:57:56.426671,Toronto-57ae,-24,79,Normal
2026-02-13 21:57:57.426671,Toronto-57ae,-9,30,Normal
2026-02-13 21:57:58.426671,Toronto-57ae,32,63,Normal
2026-02-13 21:57:59.426671,Toronto-57ae,-11,85,Normal
2026-02-13 21:58:00.426671,Toronto-57ae,32,58,Normal
2026-02-13 21:58:01.426671,Toronto-57ae,40,9,Normal
2026-02-13 21:58:02.426671,Toronto-57ae,-7,63,Normal
2026-02-13 21:58:03.426671,Toronto-57ae,9,49,Normal
2026-02-13 21:58:04.426671,Toronto-57ae,5,47,Normal
2026-02-13 21:58:05.426671,Toronto-57ae,14,73,Normal
2026-02-13 21:58:06.426671,Toronto-57ae,19,5,Normal
2026-02-13 21:58:07.426671,Toronto-57ae,-7,72,Normal
2026-02-13 21:58:08.426671,Toronto-57ae,24,8,Normal
2026-02-13 21:58:09.426671,Toronto-57ae,47,97,Normal
2026-02-13 21:58:10.426671,Toronto-57ae,-1,88,Normal
2026-02-13 21:58:11.426671,Toronto-57ae,41,24,Normal
2026-02-13 21:58:12.426671,Toronto-57ae,-3,34,Normal
2026-02-13 21:58:13.426671,Toronto-57ae,-22,42,Normal
2026-02-13 21:58:14.426671,Toronto-57ae,32,19,Normal
2026-02-13 21:58:15.426671,Toronto-57ae,1,44,Normal
2026-02-13 21:58:16.426671,Toronto-57ae,-1,56,Normal
2026-02-13 21:58:17.426671,Toronto-57ae,38,41,Normal
2026-02-13 21:58:18.426671,Toronto-57ae,46,12,Normal
2026-02-13 21:58:19.426671,Toronto-57ae,-19,22,Normal
2026-02-13 21:58:20.426671,Toronto-57ae,-19,68,Normal
2026-02-13 21:58:21.426671,Toronto-57ae,45,3,Normal
2026-02-13 21:58:22.426671,Toronto-57ae,-3,31,Normal
2026-02-13 21:58:23.426671,Toronto-57ae,3,19,Normal
2026-02-13 21:58:24.426671,Toronto-57ae,29,49,Normal
2026-02-13 21:58:25.426671,Toronto-57ae,-10,54,Normal
2026-02-13 21:58:26.426671,Toronto-57ae,-19,82,Normal
2026-02-13 21:58:27.426671,Toronto-57ae,9,9,Normal
2026-02-13 21:58:28.426671,Toronto-57ae,-28,92,Normal
2026-02-13 21:58:29.426671,Toronto-57ae,15,94,Normal
2026-02-13 21:58:30.426671,Toronto-57ae,34,0,Normal
2026-02-13 21:58:31.426671,Toronto-57ae,23,10,Normal
2026-02-13 21:58:32.426671,Toronto-57ae,-4,34,Normal
2026-02-13 21:58:33.426671,Toronto-57ae,-14,36,Normal
2026-02-13 21:58:34.426671,Toronto-57ae,-7,23,Normal
2026-02-13 21:58:35.426671,Toronto-57ae,-18,56,Normal
2026-02-13 21:58:36.426671,Toronto-57ae,31,13,Normal
2026-02-13 21:58:37.426671,Toronto-57ae,1,70,Normal
2026-02-13 21:58:38.426671,Toronto-57ae,-6,70,Normal
2026-02-13 21:58:39.426671,Toronto-57ae,-27,91,Normal
2026-02-13 21:58:40.426671,Toronto-57ae,-16,38,Normal
2026-02-13 21:58:41.426671,Toronto-57ae,5,41,Normal
2026-02-13 21:58:42.426671,Toronto-57ae,16,92,Normal
2026-02-13 21:58:43.426671,Toronto-57ae,31,93,Normal
2026-02-13 21:58:44.426671,Toronto-57ae,24,86,Normal
2026-02-13 21:58:45.426671,Toronto-57ae,-24,3,Normal
2026-02-13 21:58:46.426671,Toronto-57ae,-12,27,Normal
2026-02-13 21:58:47.426671,Toronto-57ae,21,61,Normal
2026-02-13 21:58:48.426671,Toronto-57ae,40,39,Normal
2026-02-13 21:58:49.426671,Toronto-57ae,28,79,Normal
2026-02-13 21:58:50.426671,Toronto-57ae,29,70,Normal
2026-02-13 21:58:51.426671,Toronto-57ae,-11,63,Normal
2026-02-13 21:58:52.426671,Toronto-57ae,23,98,Normal
2026-02-13 21:58:53.426671,Toronto-57ae,6,78,Normal
2026-02-13 21:58:54.426671,Toronto-57ae,-1,83,Normal
2026-02-13 21:58:55.426671,Toronto-57ae,41,83,Normal
2026-02-13 21:58:56.426671,Toronto-57ae,40,74,Normal
2026-02-13 21:58:57.426671,Toronto-57ae,-22,48,Normal
2026-02-13 21:58:58.426671,Toronto-57ae,11,74,Normal
2026-02-13 21:58:59.426671,Toronto-57ae,12,6,Normal
2026-02-13 21:59:00.426671,Toronto-57ae,-20,84,Normal
2026-02-13 21:59:01.426671,Toronto-57ae,36,50,Normal
2026-02-13 21:59:02.426671,Toronto-57ae,-25,36,Normal
2026-02-13 21:59:03.426671,Toronto-57ae,6,58,Normal
2026-02-13 21:59:04.426671,Toronto-57ae,-26,37,Normal
2026-02-13 21:59:05.426671,Toronto-57ae,-23,48,Normal
2026-02-13 21:59:06.426671,Toronto-57ae,14,50,Normal
2026-02-13 21:59:07.426671,Toronto-57ae,-10,2,Normal
2026-02-13 21:59:08.426671,Toronto-57ae,18,3,Normal
2026-02-13 21:59:09.426671,Toronto-57ae,-14,53,Normal
2026-02-13 21:59:10.426671,Toronto-57ae,50,3,Normal
2026-02-13 21:59:11.426671,Toronto-57ae,31,43,Normal
2026-02-13 21:59:12.426671,Toronto-57ae,-15,62,Normal
2026-02-13 21:59:13.426671,Toronto-57ae,25,78,Normal
2026-02-13 21:59:14.426671,Toronto-57ae,-2,3,Normal
2026-02-13 21:59:15.426671,Toronto-57ae,-5,60,Normal
2026-02-13 21:59:16.426671,Toronto-57ae,-17,90,Normal
2026-02-13 21:59:17.426671,Toronto-57ae,7,62,Normal
2026-02-13 21:59:18.426671,Toronto-57ae,14,97,Normal
2026-02-13 21:59:19.426671,Toronto-57ae,14,71,Normal
2026-02-13 21:59:20.426671,Toronto-57ae,31,47,Normal
2026-02-13 21:59:21.426671,Toronto-57ae,36,45,Normal
2026-02-13 21:59:22.426671,Toronto-57ae,13,26,Normal
2026-02-13 21:59:23.426671,Toronto-57ae,0,96,Normal
2026-02-13 21:59:24.426671,Toronto-57ae,29,36,Normal
2026-02-13 21:59:25.426671,Toronto-57ae,-19,50,Normal
2026-02-13 21:59:26.426671,Toronto-57ae,14,73,Normal
2026-02-13 21:59:27.426671,Toronto-57ae,1,42,Normal
2026-02-13 21:59:28.426671,Toronto-57ae,36,50,Normal
2026-02-13 21:59:29.426671,Toronto-57ae,4,68,Normal
2026-02-13 21:59:30.426671,Toronto-57ae,-13,32,Normal
2026-02-13 21:59:31.426671,Toronto-57ae,-30,4,Normal
2026-02-13 21:59:32.426671,Toronto-57ae,-10,85,Normal
2026-02-13 21:59:33.426671,Toronto-57ae,-20,75,Normal
2026-02-13 21:59:34.426671,Toronto-57ae,31,45,Normal
2026-02-13 21:59:35.426671,Toronto-57ae,-28,97,Normal
2026-02-13 21:59:36.426671,Toronto-57ae,30,80,Normal
2026-02-13 21:59:37.426671,Toronto-57ae,-30,22,Normal
2026-02-13 21:59:38.426671,Toronto-57ae,-12,38,Normal
2026-02-13 21:59:39.426671,Toronto-57ae,-21,10,Normal
2026-02-13 21:59:40.426671,Toronto-57ae,-27,42,Normal
2026-02-13 21:59:41.426671,Toronto-57ae,-1,3,Normal
2026-02-13 21:59:42.426671,Toronto-57ae,-26,56,Normal
2026-02-13 21:59:43.426671,Toronto-57ae,17,73,Normal
2026-02-13 21:59:44.426671,Toronto-57ae,-13,67,Normal
2026-02-13 21:59:45.426671,Toronto-57ae,-8,55,Normal
2026-02-13 21:59:46.426671,Toronto-57ae,44,12,Normal
2026-02-13 21:59:47.426671,Toronto-57ae,43,11,Normal
2026-02-13 21:59:48.426671,Toronto-57ae,27,31,Normal
2026-02-13 21:59:49.426671,Toronto-57ae,30,12,Normal
2026-02-13 21:59:50.426671,Toronto-57ae,-2,84,Normal
2026-02-13 21:59:51.426671,Toronto-57ae,-30,2,Normal
2026-02-13 21:59:52.426671,Toronto-57ae,32,16,Normal
2026-02-13 21:59:53.426671,Toronto-57ae,34,0,Normal
2026-02-13 21:59:54.426671,Toronto-57ae,33,79,Normal
2026-02-13 21:59:55.426671,Toronto-57ae,39,73,Normal
2026-02-13 21:59:56.426671,Toronto-57ae,-13,85,Normal
2026-02-13 21:59:57.426671,Toronto-57ae,23,95,Normal
2026-02-13 21:59:58.426671,Toronto-57ae,5,42,Normal
2026-02-13 21:59:59.426671,Toronto-57ae,-6,9,Normal
2026-02-13 22:00:00.426671,Toronto-57ae,34,70,Normal
2026-02-13 22:00:01.426671,Toronto-57ae,-4,70,Normal
2026-02-13 22:00:02.426671,Toronto-57ae,-17,88,Normal
2026-02-13 22:00:03.426671,Toronto-57ae,13,18,Normal
2026-02-13 22:00:04.426671,Toronto-57ae,-7,25,Normal
2026-02-13 22:00:05.426671,Toronto-57ae,-27,46,Normal
2026-02-13 22:00:06.426671,Toronto-57ae,46,53,Normal
2026-02-13 22:00:07.426671,Toronto-57ae,32,73,Normal
2026-02-13 22:00:08.426671,Toronto-57ae,-10,14,Normal
2026-02-13 22:00:09.426671,Toronto-57ae,-2,11,Normal
2026-02-13 22:00:10.426671,Toronto-57ae,14,34,Normal
2026-02-13 22:00:11.426671,Toronto-57ae,21,30,Normal
2026-02-13 22:00:12.426671,Toronto-57ae,-30,86,Normal
2026-02-13 22:00:13.426671,Toronto-57ae,-19,49,Normal
2026-02-13 22:00:14.426671,Toronto-57ae,-2,45,Normal
2026-02-13 22:00:15.426671,Toronto-57ae,-19,81,Normal
2026-02-13 22:00:16.426671,Toronto-57ae,17,3,Normal
2026-02-13 22:00:17.426671,Toronto-57ae,5,31,Normal
2026-02-13 22:00:18.426671,Toronto-57ae,-14,98,Normal
2026-02-13 22:00:19.426671,Toronto-57ae,18,80,Normal
2026-02-13 22:00:20.426671,Toronto-57ae,10,62,Normal
2026-02-13 22:00:21.426671,Toronto-57ae,-13,81,Normal
2026-02-13 22:00:22.426671,Toronto-57ae,-8,55,Normal
2026-02-13 22:00:23.426671,Toronto-57ae,43,73,Normal
2026-02-13 22:00:24.426671,Toronto-57ae,-28,73,Normal
2026-02-13 22:00:25.426671,Toronto-57ae,6,50,Normal
2026-02-13 22:00:26.426671,Toronto-57ae,19,54,Normal
2026-02-13 22:00:27.426671,Toronto-57ae,38,70,Normal
2026-02-13 22:00:28.426671,Toronto-57ae,24,85,Normal
2026-02-13 22:00:29.426671,Toronto-57ae,43,21,Normal
2026-02-13 22:00:30.426671,Toronto-57ae,26,63,Normal
2026-02-13 22:00:31.426671,Toronto-57ae,8,88,Normal
2026-02-13 22:00:32.426671,Toronto-57ae,33,10,Normal
2026-02-13 22:00:33.426671,Toronto-57ae,46,41,Normal
2026-02-13 22:00:34.426671,Toronto-57ae,-22,87,Normal
2026-02-13 22:00:35.426671,Toronto-57ae,45,20,Normal
2026-02-13 22:00:36.426671,Toronto-57ae,-11,20,Normal
2026-02-13 22:00:37.426671,Toronto-57ae,21,23,Normal
2026-02-13 22:00:38.426671,Toronto-57ae,-20,17,Normal
2026-02-13 22:00:39.426671,Toronto-57ae,21,45,Normal
2026-02-13 22:00:40.426671,Toronto-57ae,39,58,Normal
2026-02-13 22:00:41.426671,Toronto-57ae,-20,39,Normal
2026-02-13 22:00:42.426671,Toronto-57ae,-27,36,Normal
2026-02-13 22:00:43.426671,Toronto-57ae,40,59,Normal
2026-02-13 22:00:44.426671,Toronto-57ae,-6,84,Normal
2026-02-13 22:00:45.426671,Toronto-57ae,39,36,Normal
2026-02-13 22:00:46.426671,Toronto-57ae,1,9,Normal
2026-02-13 22:00:47.426671,Toronto-57ae,7,50,Normal
2026-02-13 22:00:48.426671,Toronto-57ae,5,59,Normal
2026-02-13 22:00:49.426671,Toronto-57ae,16,66,Normal
2026-02-13 22:00:50.426671,Toronto-57ae,29,81,Normal
2026-02-13 22:00:51.426671,Toronto-57ae,-5,44,Normal
2026-02-13 22:00:52.426671,Toronto-57ae,-30,53,Normal
2026-02-13 22:00:53.426671,Toronto-57ae,-18,17,Normal
2026-02-13 22:00:54.426671,Toronto-57ae,4,83,Normal
2026-02-13 22:00:55.426671,Toronto-57ae,50,73,Normal
2026-02-13 22:00:56.426671,Toronto-57ae,20,64,Normal
2026-02-13 22:00:57.426671,Toronto-57ae,21,72,Normal
2026-02-13 22:00:58.426671,Toronto-57ae,44,5,Normal
2026-02-13 22:00:59.426671,Toronto-57ae,-17,29,Normal
2026-02-13 22:01:00.426671,Toronto-57ae,32,35,Normal
2026-02-13 22:01:01.426671,Toronto-57ae,-24,96,Normal
2026-02-13 22:01:02.426671,Toronto-57ae,7,20,Normal
2026-02-13 22:01:03.426671,Toronto-57ae,49,72,Normal
2026-02-13 22:01:04.426671,Toronto-57ae,-13,3,Normal
2026-02-13 22:01:05.426671,Toronto-57ae,-22,20,Normal
2026-02-13 22:01:06.426671,Toronto-57ae,3,14,Normal
2026-02-13 22:01:07.426671,Toronto-57ae,11,67,Normal
2026-02-13 22:01:08.426671,Toronto-57ae,8,28,Normal
2026-02-13 22:01:09.426671,Toronto-57ae,-13,93,Normal
2026-02-13 22:01:10.426671,Toronto-57ae,22,15,Normal
2026-02-13 22:01:11.426671,Toronto-57ae,49,85,Normal
2026-02-13 22:01:12.426671,Toronto-57ae,34,48,Normal
2026-02-13 22:01:13.426671,Toronto-57ae,10,43,Normal
2026-02-13 22:01:14.426671,Toronto-57ae,-3,75,Normal
2026-02-13 22:01:15.426671,Toronto-57ae,17,94,Normal
2026-02-13 22:01:16.426671,Toronto-57ae,35,24,Normal
2026-02-13 22:01:17.426671,Toronto-57ae,-1,30,Normal
2026-02-13 22:01:18.426671,Toronto-57ae,-28,50,Normal
2026-02-13 22:01:19.426671,Toronto-57ae,26,97,Normal
2026-02-13 22:01:20.426671,Toronto-57ae,30,69,Normal
2026-02-13 22:01:21.426671,Toronto-57ae,11,82,Normal
2026-02-13 22:01:22.426671,Toronto-57ae,3,39,Normal
2026-02-13 22:01:23.426671,Toronto-57ae,-18,82,Normal
2026-02-13 22:01:24.426671,Toronto-57ae,-9,80,Normal
2026-02-13 22:01:25.426671,Toronto-57ae,2,43,Normal
2026-02-13 22:01:26.426671,Toronto-57ae,3,62,Normal
2026-02-13 22:01:27.426671,Toronto-57ae,14,53,Normal
2026-02-13 22:01:28.426671,Toronto-57ae,-26,98,Normal
2026-02-13 22:01:29.426671,Toronto-57ae,29,69,Normal
2026-02-13 22:01:30.426671,Toronto-57ae,28,71,Normal
2026-02-13 22:01:31.426671,Toronto-57ae,-30,75,Normal
2026-02-13 22:01:32.426671,Toronto-57ae,7,36,Normal
2026-02-13 22:01:33.426671,Toronto-57ae,-8,41,Normal
2026-02-13 22:01:34.426671,Toronto-57ae,41,68,Normal
2026-02-13 22:01:35.426671,Toronto-57ae,19,25,Normal
2026-02-13 22:01:36.426671,Toronto-57ae,45,15,Normal
2026-02-13 22:01:37.426671,Toronto-57ae,-3,73,Normal
2026-02-13 22:01:38.426671,Toronto-57ae,8,52,Normal
2026-02-13 22:01:39.426671,Toronto-57ae,0,45,Normal
2026-02-13 22:01:40.426671,Toronto-57ae,24,6,Normal
2026-02-13 22:01:41.426671,Toronto-57ae,3,54,Normal
2026-02-13 22:01:42.426671,Toronto-57ae,4,53,Normal
2026-02-13 22:01:43.426671,Toronto-57ae,47,47,Normal
2026-02-13 22:01:44.426671,Toronto-57ae,-13,21,Normal
2026-02-13 22:01:45.426671,Toronto-57ae,23,77,Normal
2026-02-13 22:01:46.426671,Toronto-57ae,34,72,Normal
2026-02-13 22:01:47.426671,Toronto-57ae,15,37,Normal
2026-02-13 22:01:48.426671,Toronto-57ae,-3,33,Normal
2026-02-13 22:01:49.426671,Toronto-57ae,-28,96,Normal
2026-02-13 22:01:50.426671,Toronto-57ae,47,74,Normal
2026-02-13 22:01:51.426671,Toronto-57ae,-30,10,Normal
2026-02-13 22:01:52.426671,Toronto-57ae,11,15,Normal
2026-02-13 22:01:53.426671,Toronto-57ae,3,13,Normal
2026-02-13 22:01:54.426671,Toronto-57ae,-13,38,Normal
2026-02-13 22:01:55.426671,Toronto-57ae,28,39,Normal
2026-02-13 22:01:56.426671,Toronto-57ae,-21,49,Normal
2026-02-13 22:01:57.426671,Toronto-57ae,11,6,Normal
2026-02-13 22:01:58.426671,Toronto-57ae,31,98,Normal
2026-02-13 22:01:59.426671,Toronto-57ae,-20,73,Normal
2026-02-13 22:02:00.426671,Toronto-57ae,29,20,Normal
2026-02-13 22:02:01.426671,Toronto-57ae,-22,64,Normal
2026-02-13 22:02:02.426671,Toronto-57ae,5,20,Normal
2026-02-13 22:02:03.426671,Toronto-57ae,47,92,Normal
2026-02-13 22:02:04.426671,Toronto-57ae,-5,97,Normal
2026-02-13 22:02:05.426671,Toronto-57ae,11,47,Normal
2026-02-13 22:02:06.426671,Toronto-57ae,24,70,Normal
2026-02-13 22:02:07.426671,Toronto-57ae,32,38,Normal
2026-02-13 22:02:08.426671,Toronto-57ae,34,3,Normal
2026-02-13 22:02:09.426671,Toronto-57ae,37,26,Normal
2026-02-13 22:02:10.426671,Toronto-57ae,-8,6,Normal
2026-02-13 22:02:11.426671,Toronto-57ae,-23,89,Normal
2026-02-13 22:02:12.426671,Toronto-57ae,46,64,Normal
2026-02-13 22:02:13.426671,Toronto-57ae,-5,94,Normal
2026-02-13 22:02:14.426671,Toronto-57ae,-8,67,Normal
2026-02-13 22:02:15.426671,Toronto-57ae,12,85,Normal
2026-02-13 22:02:16.426671,Toronto-57ae,50,35,Normal
2026-02-13 22:02:17.426671,Toronto-57ae,2,72,Normal
2026-02-13 22:02:18.426671,Toronto-57ae,22,40,Normal
2026-02-13 22:02:19.426671,Toronto-57ae,27,9,Normal
2026-02-13 22:02:20.426671,Toronto-57ae,40,46,Normal
2026-02-13 22:02:21.426671,Toronto-57ae,39,59,Normal
2026-02-13 22:02:22.426671,Toronto-57ae,10,10,Normal
2026-02-13 22:02:23.426671,Toronto-57ae,20,93,Normal
2026-02-13 22:02:24.426671,Toronto-57ae,30,77,Normal
2026-02-13 22:02:25.426671,Toronto-57ae,8,30,Normal
2026-02-13 22:02:26.426671,Toronto-57ae,0,28,Normal
2026-02-13 22:02:27.426671,Toronto-57ae,11,62,Normal
2026-02-13 22:02:28.426671,Toronto-57ae,20,65,Normal
2026-02-13 22:02:29.426671,Toronto-57ae,11,96,Normal
2026-02-13 22:02:30.426671,Toronto-57ae,-28,97,Normal
2026-02-13 22:02:31.426671,Toronto-57ae,-17,96,Normal
2026-02-13 22:02:32.426671,Toronto-57ae,-23,58,Normal
2026-02-13 22:02:33.426671,Toronto-57ae,33,64,Normal
2026-02-13 22:02:34.426671,Toronto-57ae,7,70,Normal
2026-02-13 22:02:35.426671,Toronto-57ae,40,9,Normal
2026-02-13 22:02:36.426671,Toronto-57ae,2,5,Normal
2026-02-13 22:02:37.426671,Toronto-57ae,11,77,Normal
2026-02-13 22:02:38.426671,Toronto-57ae,-13,48,Normal
2026-02-13 22:02:39.426671,Toronto-57ae,49,63,Normal
2026-02-13 22:02:40.426671,Toronto-57ae,-28,38,Normal
2026-02-13 22:02:41.426671,Toronto-57ae,-10,75,Normal
2026-02-13 22:02:42.426671,Toronto-57ae,49,30,Normal
2026-02-13 22:02:43.426671,Toronto-57ae,44,33,Normal
2026-02-13 22:02:44.426671,Toronto-57ae,30,63,Normal
2026-02-13 22:02:45.426671,Toronto-57ae,4,56,Normal
2026-02-13 22:02:46.426671,Toronto-57ae,-14,50,Normal
2026-02-13 22:02:47.426671,Toronto-57ae,34,34,Normal
2026-02-13 22:02:48.426671,Toronto-57ae,-7,7,Normal
2026-02-13 22:02:49.426671,Toronto-57ae,-9,100,Normal
2026-02-13 22:02:50.426671,Toronto-57ae,28,12,Normal
2026-02-13 22:02:51.426671,Toronto-57ae,34,80,Normal
2026-02-13 22:02:52.426671,Toronto-57ae,-2,88,Normal
2026-02-13 22:02:53.426671,Toronto-57ae,19,30,Normal
2026-02-13 22:02:54.426671,Toronto-57ae,23,56,Normal
2026-02-13 22:02:55.426671,Toronto-57ae,40,40,Normal
2026-02-13 22:02:56.426671,Toronto-57ae,17,5,Normal
2026-02-13 22:02:57.426671,Toronto-57ae,-14,1,Normal
2026-02-13 22:02:58.426671,Toronto-57ae,-9,99,Normal
2026-02-13 22:02:59.426671,Toronto-57ae,46,52,Normal
2026-02-13 22:03:00.426671,Toronto-57ae,-28,56,Normal
2026-02-13 22:03:01.426671,Toronto-57ae,38,88,Normal
2026-02-13 22:03:02.426671,Toronto-57ae,-23,33,Normal
2026-02-13 22:03:03.426671,Toronto-57ae,14,15,Normal
2026-02-13 22:03:04.426671,Toronto-57ae,10,26,Normal
2026-02-13 22:03:05.426671,Toronto-57ae,44,31,Normal
2026-02-13 22:03:06.426671,Toronto-57ae,43,72,Normal
2026-02-13 22:03:07.426671,Toronto-57ae,11,92,Normal
2026-02-13 22:03:08.426671,Toronto-57ae,-9,39,Normal
2026-02-13 22:03:09.426671,Toronto-57ae,49,78,Normal
2026-02-13 22:03:10.426671,Toronto-57ae,40,0,Normal
2026-02-13 22:03:11.426671,Toronto-57ae,24,67,Normal
2026-02-13 22:03:12.426671,Toronto-57ae,19,12,Normal
2026-02-13 22:03:13.426671,Toronto-57ae,-1,60,Normal
2026-02-13 22:03:14.426671,Toronto-57ae,-13,1,Normal
2026-02-13 22:03:15.426671,Toronto-57ae,-12,9,Normal
2026-02-13 22:03:16.426671,Toronto-57ae,11,9,Normal
2026-02-13 22:03:17.426671,Toronto-57ae,19,89,Normal
2026-02-13 22:03:18.426671,Toronto-57ae,41,45,Normal
2026-02-13 22:03:19.426671,Toronto-57ae,-15,82,Normal
2026-02-13 22:03:20.426671,Toronto-57ae,-3,33,Normal
2026-02-13 22:03:21.426671,Toronto-57ae,33,39,Normal
2026-02-13 22:03:22.426671,Toronto-57ae,30,15,Normal
2026-02-13 22:03:23.426671,Toronto-57ae,40,37,Normal
2026-02-13 22:03:24.426671,Toronto-57ae,-29,4,Normal
2026-02-13 22:03:25.426671,Toronto-57ae,27,80,Normal
2026-02-13 22:03:26.426671,Toronto-57ae,49,85,Normal
2026-02-13 22:03:27.426671,Toronto-57ae,-17,74,Normal
2026-02-13 22:03:28.426671,Toronto-57ae,41,81,Normal
2026-02-13 22:03:29.426671,Toronto-57ae,-23,79,Normal
2026-02-13 22:03:30.426671,Toronto-57ae,-16,47,Normal
2026-02-13 22:03:31.426671,Toronto-57ae,-10,45,Normal
2026-02-13 22:03:32.426671,Toronto-57ae,18,47,Normal
2026-02-13 22:03:33.426671,Toronto-57ae,-23,96,Normal
2026-02-13 22:03:34.426671,Toronto-57ae,28,47,Normal
2026-02-13 22:03:35.426671,Toronto-57ae,-15,49,Normal
2026-02-13 22:03:36.426671,Toronto-57ae,-12,43,Normal
2026-02-13 22:03:37.426671,Toronto-57ae,-14,67,Normal
2026-02-13 22:03:38.426671,Toronto-57ae,-17,1,Normal
2026-02-13 22:03:39.426671,Toronto-57ae,-14,57,Normal
2026-02-13 22:03:40.426671,Toronto-57ae,24,31,Normal
2026-02-13 22:03:41.426671,Toronto-57ae,17,88,Normal
2026-02-13 22:03:42.426671,Toronto-57ae,34,58,Normal
2026-02-13 22:03:43.426671,Toronto-57ae,-29,37,Normal
2026-02-13 22:03:44.426671,Toronto-57ae,-29,11,Normal
2026-02-13 22:03:45.426671,Toronto-57ae,10,100,Normal
2026-02-13 22:03:46.426671,Toronto-57ae,45,31,Normal
2026-02-13 22:03:47.426671,Toronto-57ae,24,12,Normal
2026-02-13 22:03:48.426671,Toronto-57ae,50,90,Normal
2026-02-13 22:03:49.426671,Toronto-57ae,0,66,Normal
2026-02-13 22:03:50.426671,Toronto-57ae,40,59,Normal
2026-02-13 22:03:51.426671,Toronto-57ae,5,8,Normal
2026-02-13 22:03:52.426671,Toronto-57ae,-17,6,Normal
2026-02-13 22:03:53.426671,Toronto-57ae,-15,55,Normal
2026-02-13 22:03:54.426671,Toronto-57ae,-27,53,Normal
2026-02-13 22:03:55.426671,Toronto-57ae,-16,46,Normal
2026-02-13 22:03:56.426671,Toronto-57ae,29,13,Normal
2026-02-13 22:03:57.426671,Toronto-57ae,35,0,Normal
2026-02-13 22:03:58.426671,Toronto-57ae,-11,46,Normal
2026-02-13 22:03:59.426671,Toronto-57ae,37,22,Normal
2026-02-13 22:04:00.426671,Toronto-57ae,44,79,Normal
2026-02-13 22:04:01.426671,Toronto-57ae,-28,42,Normal
2026-02-13 22:04:02.426671,Toronto-57ae,-11,24,Normal
2026-02-13 22:04:03.426671,Toronto-57ae,-17,55,Normal
2026-02-13 22:04:04.426671,Toronto-57ae,39,15,Normal
2026-02-13 22:04:05.426671,Toronto-57ae,7,58,Normal
2026-02-13 22:04:06.426671,Toronto-57ae,14,44,Normal
2026-02-13 22:04:07.426671,Toronto-57ae,-4,54,Normal
2026-02-13 22:04:08.426671,Toronto-57ae,-29,48,Normal
2026-02-13 22:04:09.426671,Toronto-57ae,0,25,Normal
2026-02-13 22:04:10.426671,Toronto-57ae,42,58,Normal
2026-02-13 22:04:11.426671,Toronto-57ae,33,48,Normal
2026-02-13 22:04:12.426671,Toronto-57ae,-30,73,Normal
2026-02-13 22:04:13.426671,Toronto-57ae,43,28,Normal
2026-02-13 22:04:14.426671,Toronto-57ae,24,86,Normal
2026-02-13 22:04:15.426671,Toronto-57ae,38,1,Normal
2026-02-13 22:04:16.426671,Toronto-57ae,-7,71,Normal
2026-02-13 22:04:17.426671,Toronto-57ae,38,21,Normal
2026-02-13 22:04:18.426671,Toronto-57ae,7,15,Normal
2026-02-13 22:04:19.426671,Toronto-57ae,-19,39,Normal
2026-02-13 22:04:20.426671,Toronto-57ae,32,52,Normal
2026-02-13 22:04:21.426671,Toronto-57ae,-6,77,Normal
2026-02-13 22:04:22.426671,Toronto-57ae,-7,15,Normal
2026-02-13 22:04:23.426671,Toronto-57ae,39,18,Normal
2026-02-13 22:04:24.426671,Toronto-57ae,17,100,Normal
2026-02-13 22:04:25.426671,Toronto-57ae,20,52,Normal
2026-02-13 22:04:26.426671,Toronto-57ae,-20,24,Normal
2026-02-13 22:04:27.426671,Toronto-57ae,-11,94,Normal
2026-02-13 22:04:28.426671,Toronto-57ae,40,2,Normal
2026-02-13 22:04:29.426671,Toronto-57ae,50,56,Normal
2026-02-13 22:04:30.426671,Toronto-57ae,50,85,Normal
2026-02-13 22:04:31.426671,Toronto-57ae,4,74,Normal
2026-02-13 22:04:32.426671,Toronto-57ae,33,78,Normal
2026-02-13 22:04:33.426671,Toronto-57ae,-3,92,Normal
2026-02-13 22:04:34.426671,Toronto-57ae,-2,19,Normal
2026-02-13 22:04:35.426671,Toronto-57ae,-18,37,Normal
2026-02-13 22:04:36.426671,Toronto-57ae,16,75,Normal
2026-02-13 22:04:37.426671,Toronto-57ae,48,34,Normal
2026-02-13 22:04:38.426671,Toronto-57ae,10,58,Normal
2026-02-13 22:04:39.426671,Toronto-57ae,-20,43,Normal
2026-02-13 22:04:40.426671,Toronto-57ae,49,15,Normal
2026-02-13 22:04:41.426671,Toronto-57ae,48,75,Normal
2026-02-13 22:04:42.426671,Toronto-57ae,40,51,Normal
2026-02-13 22:04:43.426671,Toronto-57ae,-6,19,Normal
2026-02-13 22:04:44.426671,Toronto-57ae,17,61,Normal
2026-02-13 22:04:45.426671,Toronto-57ae,9,97,Normal
2026-02-13 22:04:46.426671,Toronto-57ae,-22,85,Normal
2026-02-13 22:04:47.426671,Toronto-57ae,49,31,Normal
2026-02-13 22:04:48.426671,Toronto-57ae,8,38,Normal
2026-02-13 22:04:49.426671,Toronto-57ae,-20,31,Normal
2026-02-13 22:04:50.426671,Toronto-57ae,48,14,Normal
2026-02-13 22:04:51.426671,Toronto-57ae,14,30,Normal
2026-02-13 22:04:52.426671,Toronto-57ae,49,15,Normal
2026-02-13 22:04:53.426671,Toronto-57ae,46,9,Normal
2026-02-13 22:04:54.426671,Toronto-57ae,-17,39,Normal
2026-02-13 22:04:55.426671,Toronto-57ae,47,75,Normal
2026-02-13 22:04:56.426671,Toronto-57ae,25,32,Normal
2026-02-13 22:04:57.426671,Toronto-57ae,35,50,Normal
2026-02-13 22:04:58.426671,Toronto-57ae,-3,14,Normal
2026-02-13 22:04:59.426671,Toronto-57ae,-5,58,Normal
2026-02-13 22:05:00.426671,Toronto-57ae,21,14,Normal
2026-02-13 22:05:01.426671,Toronto-57ae,25,52,Normal
2026-02-13 22:05:02.426671,Toronto-57ae,44,79,Normal
2026-02-13 22:05:03.426671,Toronto-57ae,-3,77,Normal
2026-02-13 22:05:04.426671,Toronto-57ae,-19,27,Normal
2026-02-13 22:05:05.426671,Toronto-57ae,-14,22,Normal
2026-02-13 22:05:06.426671,Toronto-57ae,38,77,Normal
2026-02-13 22:05:07.426671,Toronto-57ae,2,14,Normal
2026-02-13 22:05:08.426671,Toronto-57ae,32,6,Normal
2026-02-13 22:05:09.426671,Toronto-57ae,22,65,Normal
2026-02-13 22:05:10.426671,Toronto-57ae,-14,68,Normal
2026-02-13 22:05:11.426671,Toronto-57ae,27,52,Normal
2026-02-13 22:05:12.426671,Toronto-57ae,-10,39,Normal
2026-02-13 22:05:13.426671,Toronto-57ae,48,16,Normal
2026-02-13 22:05:14.426671,Toronto-57ae,3,36,Normal
2026-02-13 22:05:15.426671,Toronto-57ae,29,76,Normal
2026-02-13 22:05:16.426671,Toronto-57ae,40,64,Normal
2026-02-13 22:05:17.426671,Toronto-57ae,-4,44,Normal
2026-02-13 22:05:18.426671,Toronto-57ae,5,97,Normal
2026-02-13 22:05:19.426671,Toronto-57ae,3,23,Normal
2026-02-13 22:05:20.426671,Toronto-57ae,-12,5,Normal
2026-02-13 22:05:21.426671,Toronto-57ae,2,86,Normal
2026-02-13 22:05:22.426671,Toronto-57ae,44,60,Normal
2026-02-13 22:05:23.426671,Toronto-57ae,37,35,Normal
2026-02-13 22:05:24.426671,Toronto-57ae,14,46,Normal
2026-02-13 22:05:25.426671,Toronto-57ae,20,48,Normal
2026-02-13 22:05:26.426671,Toronto-57ae,-5,0,Normal
2026-02-13 22:05:27.426671,Toronto-57ae,-10,66,Normal
2026-02-13 22:05:28.426671,Toronto-57ae,16,23,Normal
2026-02-13 22:05:29.426671,Toronto-57ae,-27,28,Normal
2026-02-13 22:05:30.426671,Toronto-57ae,40,26,Normal
2026-02-13 22:05:31.426671,Toronto-57ae,38,46,Normal
2026-02-13 22:05:32.426671,Toronto-57ae,-22,90,Normal
2026-02-13 22:05:33.426671,Toronto-57ae,-14,2,Normal
2026-02-13 22:05:34.426671,Toronto-57ae,-19,75,Normal
2026-02-13 22:05:35.426671,Toronto-57ae,27,82,Normal
2026-02-13 22:05:36.426671,Toronto-57ae,-17,75,Normal
2026-02-13 22:05:37.426671,Toronto-57ae,23,16,Normal
2026-02-13 22:05:38.426671,Toronto-57ae,-29,98,Normal
2026-02-13 22:05:39.426671,Toronto-57ae,35,47,Normal
2026-02-13 22:05:40.426671,Toronto-57ae,-23,60,Normal
2026-02-13 22:05:41.426671,Toronto-57ae,18,7,Normal
2026-02-13 22:05:42.426671,Toronto-57ae,9,21,Normal
2026-02-13 22:05:43.426671,Toronto-57ae,4,81,Normal
2026-02-13 22:05:44.426671,Toronto-57ae,-1,76,Normal
2026-02-13 22:05:45.426671,Toronto-57ae,0,59,Normal
2026-02-13 22:05:46.426671,Toronto-57ae,25,45,Normal
2026-02-13 22:05:47.426671,Toronto-57ae,49,94,Normal
2026-02-13 22:05:48.426671,Toronto-57ae,28,47,Normal
2026-02-13 22:05:49.426671,Toronto-57ae,15,60,Normal
2026-02-13 22:05:50.426671,Toronto-57ae,-29,65,Normal
2026-02-13 22:05:51.426671,Toronto-57ae,26,50,Normal
2026-02-13 22:05:52.426671,Toronto-57ae,50,38,Normal
2026-02-13 22:05:53.426671,Toronto-57ae,-22,51,Normal
2026-02-13 22:05:54.426671,Toronto-57ae,15,51,Normal
2026-02-13 22:05:55.426671,Toronto-57ae,24,21,Normal
2026-02-13 22:05:56.426671,Toronto-57ae,-13,70,Normal
2026-02-13 22:05:57.426671,Toronto-57ae,29,27,Normal
2026-02-13 22:05:58.426671,Toronto-57ae,-18,94,Normal
2026-02-13 22:05:59.426671,Toronto-57ae,36,11,Normal
2026-02-13 22:06:00.426671,Toronto-57ae,-18,76,Normal
2026-02-13 22:06:01.426671,Toronto-57ae,-17,51,Normal
2026-02-13 22:06:02.426671,Toronto-57ae,-30,5,Normal
2026-02-13 22:06:03.426671,Toronto-57ae,-4,14,Normal
2026-02-13 22:06:04.426671,Toronto-57ae,20,67,Normal
2026-02-13 22:06:05.426671,Toronto-57ae,4,1,Normal
2026-02-13 22:06:06.426671,Toronto-57ae,-7,20,Normal
2026-02-13 22:06:07.426671,Toronto-57ae,-10,9,Normal
2026-02-13 22:06:08.426671,Toronto-57ae,-11,10,Normal
2026-02-13 22:06:09.426671,Toronto-57ae,43,66,Normal
2026-02-13 22:06:10.426671,Toronto-57ae,-1,89,Normal
2026-02-13 22:06:11.426671,Toronto-57ae,-11,37,Normal
2026-02-13 22:06:12.426671,Toronto-57ae,-4,23,Normal
2026-02-13 22:06:13.426671,Toronto-57ae,36,34,Normal
2026-02-13 22:06:14.426671,Toronto-57ae,5,100,Normal
2026-02-13 22:06:15.426671,Toronto-57ae,-5,69,Normal
2026-02-13 22:06:16.426671,Toronto-57ae,34,72,Normal
2026-02-13 22:06:17.426671,Toronto-57ae,-16,68,Normal
2026-02-13 22:06:18.426671,Toronto-57ae,-20,54,Normal
2026-02-13 22:06:19.426671,Toronto-57ae,2,43,Normal
2026-02-13 22:06:20.426671,Toronto-57ae,-13,63,Normal
2026-02-13 22:06:21.426671,Toronto-57ae,15,62,Normal
2026-02-13 22:06:22.426671,Toronto-57ae,16,73,Normal
2026-02-13 22:06:23.426671,Toronto-57ae,-5,28,Normal
2026-02-13 22:06:24.426671,Toronto-57ae,45,76,Normal
2026-02-13 22:06:25.426671,Toronto-57ae,28,68,Normal
2026-02-13 22:06:26.426671,Toronto-57ae,15,73,Normal
2026-02-13 22:06:27.426671,Toronto-57ae,7,82,Normal
2026-02-13 22:06:28.426671,Toronto-57ae,17,73,Normal
2026-02-13 22:06:29.426671,Toronto-57ae,26,88,Normal
2026-02-13 22:06:30.426671,Toronto-57ae,32,9,Normal
2026-02-13 22:06:31.426671,Toronto-57ae,33,15,Normal
2026-02-13 22:06:32.426671,Toronto-57ae,20,36,Normal
2026-02-13 22:06:33.426671,Toronto-57ae,41,11,Normal
2026-02-13 22:06:34.426671,Toronto-57ae,-1,35,Normal
2026-02-13 22:06:35.426671,Toronto-57ae,17,60,Normal
2026-02-13 22:06:36.426671,Toronto-57ae,50,62,Normal
2026-02-13 22:06:37.426671,Toronto-57ae,-16,19,Normal
2026-02-13 22:06:38.426671,Toronto-57ae,-30,92,Normal
2026-02-13 22:06:39.426671,Toronto-57ae,13,72,Normal
2026-02-13 22:06:40.426671,Toronto-57ae,-10,20,Normal
2026-02-13 22:06:41.426671,Toronto-57ae,25,40,Normal
2026-02-13 22:06:42.426671,Toronto-57ae,6,5,Normal
2026-02-13 22:06:43.426671,Toronto-57ae,9,12,Normal
2026-02-13 22:06:44.426671,Toronto-57ae,23,94,Normal
2026-02-13 22:06:45.426671,Toronto-57ae,18,77,Normal
2026-02-13 22:06:46.426671,Toronto-57ae,-11,2,Normal
2026-02-13 22:06:47.426671,Toronto-57ae,50,84,Normal
2026-02-13 22:06:48.426671,Toronto-57ae,-5,98,Normal
2026-02-13 22:06:49.426671,Toronto-57ae,33,67,Normal
2026-02-13 22:06:50.426671,Toronto-57ae,-27,78,Normal
2026-02-13 22:06:51.426671,Toronto-57ae,28,97,Normal
2026-02-13 22:06:52.426671,Toronto-57ae,-26,11,Normal
2026-02-13 22:06:53.426671,Toronto-57ae,18,42,Normal
2026-02-13 22:06:54.426671,Toronto-57ae,15,82,Normal
2026-02-13 22:06:55.426671,Toronto-57ae,-20,23,Normal
2026-02-13 22:06:56.426671,Toronto-57ae,30,21,Normal
2026-02-13 22:06:57.426671,Toronto-57ae,-13,92,Normal
2026-02-13 22:06:58.426671,Toronto-57ae,1,71,Normal
2026-02-13 22:06:59.426671,Toronto-57ae,17,99,Normal
2026-02-13 22:07:00.426671,Toronto-57ae,-4,71,Normal
2026-02-13 22:07:01.426671,Toronto-57ae,30,98,Normal
2026-02-13 22:07:02.426671,Toronto-57ae,-11,26,Normal
2026-02-13 22:07:03.426671,Toronto-57ae,-15,26,Normal
2026-02-13 22:07:04.426671,Toronto-57ae,-30,100,Normal
2026-02-13 22:07:05.426671,Toronto-57ae,-3,71,Normal
2026-02-13 22:07:06.426671,Toronto-57ae,41,66,Normal
2026-02-13 22:07:07.426671,Toronto-57ae,-2,10,Normal
2026-02-13 22:07:08.426671,Toronto-57ae,-19,39,Normal
2026-02-13 22:07:09.426671,Toronto-57ae,0,26,Normal
2026-02-13 22:07:10.426671,Toronto-57ae,-26,100,Normal
2026-02-13 22:07:11.426671,Toronto-57ae,31,81,Normal
2026-02-13 22:07:12.426671,Toronto-57ae,3,18,Normal
2026-02-13 22:07:13.426671,Toronto-57ae,12,9,Normal
2026-02-13 22:07:14.426671,Toronto-57ae,32,76,Normal
2026-02-13 22:07:15.426671,Toronto-57ae,39,56,Normal
2026-02-13 22:07:16.426671,Toronto-57ae,-26,35,Normal
2026-02-13 22:07:17.426671,Toronto-57ae,23,83,Normal
2026-02-13 22:07:18.426671,Toronto-57ae,31,71,Normal
2026-02-13 22:07:19.426671,Toronto-57ae,20,68,Normal
2026-02-13 22:07:20.426671,Toronto-57ae,4,97,Normal
2026-02-13 22:07:21.426671,Toronto-57ae,10,62,Normal
2026-02-13 22:07:22.426671,Toronto-57ae,43,69,Normal
2026-02-13 22:07:23.426671,Toronto-57ae,-10,75,Normal
2026-02-13 22:07:24.426671,Toronto-57ae,-5,54,Normal
2026-02-13 22:07:25.426671,Toronto-57ae,25,84,Normal
2026-02-13 22:07:26.426671,Toronto-57ae,27,74,Normal
2026-02-13 22:07:27.426671,Toronto-57ae,-13,41,Normal
2026-02-13 22:07:28.426671,Toronto-57ae,14,89,Normal
2026-02-13 22:07:29.426671,Toronto-57ae,14,52,Normal
2026-02-13 22:07:30.426671,Toronto-57ae,8,97,Normal
2026-02-13 22:07:31.426671,Toronto-57ae,-16,14,Normal
2026-02-13 22:07:32.426671,Toronto-57ae,-5,81,Normal
2026-02-13 22:07:33.426671,Toronto-57ae,-2,24,Normal
2026-02-13 22:07:34.426671,Toronto-57ae,36,4,Normal
2026-02-13 22:07:35.426671,Toronto-57ae,35,38,Normal
2026-02-13 22:07:36.426671,Toronto-57ae,-12,24,Normal
2026-02-13 22:07:37.426671,Toronto-57ae,0,28,Normal
2026-02-13 22:07:38.426671,Toronto-57ae,-27,68,Normal
2026-02-13 22:07:39.426671,Toronto-57ae,44,38,Normal
2026-02-13 22:07:40.426671,Toronto-57ae,11,21,Normal
2026-02-13 22:07:41.426671,Toronto-57ae,-5,44,Normal
2026-02-13 22:07:42.426671,Toronto-57ae,3,54,Normal
2026-02-13 22:07:43.426671,Toronto-57ae,6,56,Normal
2026-02-13 22:07:44.426671,Toronto-57ae,45,59,Normal
2026-02-13 22:07:45.426671,Toronto-57ae,-5,22,Normal
2026-02-13 22:07:46.426671,Toronto-57ae,-15,48,Normal
2026-02-13 22:07:47.426671,Toronto-57ae,35,58,Normal
2026-02-13 22:07:48.426671,Toronto-57ae,7,61,Normal
2026-02-13 22:07:49.426671,Toronto-57ae,9,92,Normal
2026-02-13 22:07:50.426671,Toronto-57ae,-16,13,Normal
2026-02-13 22:07:51.426671,Toronto-57ae,27,62,Normal
2026-02-13 22:07:52.426671,Toronto-57ae,-3,72,Normal
2026-02-13 22:07:53.426671,Toronto-57ae,10,72,Normal
2026-02-13 22:07:54.426671,Toronto-57ae,0,17,Normal
2026-02-13 22:07:55.426671,Toronto-57ae,-22,56,Normal
2026-02-13 22:07:56.426671,Toronto-57ae,-28,14,Normal
2026-02-13 22:07:57.426671,Toronto-57ae,4,53,Normal
2026-02-13 22:07:58.426671,Toronto-57ae,12,38,Normal
2026-02-13 22:07:59.426671,Toronto-57ae,-12,14,Normal
2026-02-13 22:08:00.426671,Toronto-57ae,12,71,Normal
2026-02-13 22:08:01.426671,Toronto-57ae,9,4,Normal
2026-02-13 22:08:02.426671,Toronto-57ae,33,32,Normal
2026-02-13 22:08:03.426671,Toronto-57ae,11,87,Normal
2026-02-13 22:08:04.426671,Toronto-57ae,-12,6,Normal
2026-02-13 22:08:05.426671,Toronto-57ae,3,92,Normal
2026-02-13 22:08:06.426671,Toronto-57ae,-6,20,Normal
2026-02-13 22:08:07.426671,Toronto-57ae,1,64,Normal
2026-02-13 22:08:08.426671,Toronto-57ae,-8,31,Normal
2026-02-13 22:08:09.426671,Toronto-57ae,13,77,Normal
2026-02-13 22:08:10.426671,Toronto-57ae,-26,92,Normal
2026-02-13 22:08:11.426671,Toronto-57ae,-8,7,Normal
2026-02-13 22:08:12.426671,Toronto-57ae,-8,33,Normal
2026-02-13 22:08:13.426671,Toronto-57ae,0,97,Normal
2026-02-13 22:08:14.426671,Toronto-57ae,-3,78,Normal
2026-02-13 22:08:15.426671,Toronto-57ae,0,92,Normal
2026-02-13 22:08:16.426671,Toronto-57ae,44,67,Normal
2026-02-13 22:08:17.426671,Toronto-57ae,19,14,Normal
2026-02-13 22:08:18.426671,Toronto-57ae,-24,14,Normal
2026-02-13 22:08:19.426671,Toronto-57ae,-6,14,Normal
2026-02-13 22:08:20.426671,Toronto-57ae,-17,69,Normal
2026-02-13 22:08:21.426671,Toronto-57ae,-18,62,Normal
2026-02-13 22:08:22.426671,Toronto-57ae,-19,60,Normal
2026-02-13 22:08:23.426671,Toronto-57ae,26,4,Normal
2026-02-13 22:08:24.426671,Toronto-57ae,33,0,Normal
2026-02-13 22:08:25.426671,Toronto-57ae,31,18,Normal
2026-02-13 22:08:26.426671,Toronto-57ae,-21,30,Normal
2026-02-13 22:08:27.426671,Toronto-57ae,-6,84,Normal
2026-02-13 22:08:28.426671,Toronto-57ae,-28,58,Normal
2026-02-13 22:08:29.426671,Toronto-57ae,30,55,Normal
2026-02-13 22:08:30.426671,Toronto-57ae,12,24,Normal
2026-02-13 22:08:31.426671,Toronto-57ae,33,18,Normal
2026-02-13 22:08:32.426671,Toronto-57ae,41,27,Normal
2026-02-13 22:08:33.426671,Toronto-57ae,-12,45,Normal
2026-02-13 22:08:34.426671,Toronto-57ae,-28,39,Normal
2026-02-13 22:08:35.426671,Toronto-57ae,0,32,Normal
2026-02-13 22:08:36.426671,Toronto-57ae,43,93,Normal
2026-02-13 22:08:37.426671,Toronto-57ae,48,23,Normal
2026-02-13 22:08:38.426671,Toronto-57ae,25,99,Normal
2026-02-13 22:08:39.426671,Toronto-57ae,2,25,Normal
2026-02-13 22:08:40.426671,Toronto-57ae,-3,84,Normal
2026-02-13 22:08:41.426671,Toronto-57ae,-3,81,Normal
2026-02-13 22:08:42.426671,Toronto-57ae,-6,39,Normal
2026-02-13 22:08:43.426671,Toronto-57ae,-4,77,Normal
2026-02-13 22:08:44.426671,Toronto-57ae,20,57,Normal
2026-02-13 22:08:45.426671,Toronto-57ae,49,9,Normal
2026-02-13 22:08:46.426671,Toronto-57ae,-2,20,Normal
2026-02-13 22:08:47.426671,Toronto-57ae,2,52,Normal
2026-02-13 22:08:48.426671,Toronto-57ae,5,67,Normal
2026-02-13 22:08:49.426671,Toronto-57ae,-27,8,Normal
2026-02-13 22:08:50.426671,Toronto-57ae,15,5,Normal
2026-02-13 22:08:51.426671,Toronto-57ae,-18,26,Normal
2026-02-13 22:08:52.426671,Toronto-57ae,4,61,Normal
2026-02-13 22:08:53.426671,Toronto-57ae,36,80,Normal
2026-02-13 22:08:54.426671,Toronto-57ae,16,66,Normal
2026-02-13 22:08:55.426671,Toronto-57ae,-6,7,Normal
2026-02-13 22:08:56.426671,Toronto-57ae,-24,82,Normal
2026-02-13 22:08:57.426671,Toronto-57ae,41,64,Normal
2026-02-13 22:08:58.426671,Toronto-57ae,-18,93,Normal
2026-02-13 22:08:59.426671,Toronto-57ae,15,97,Normal
2026-02-13 22:09:00.426671,Toronto-57ae,-4,41,Normal
2026-02-13 22:09:01.426671,Toronto-57ae,27,88,Normal
2026-02-13 22:09:02.426671,Toronto-57ae,48,1,Normal
2026-02-13 22:09:03.426671,Toronto-57ae,26,56,Normal
2026-02-13 22:09:04.426671,Toronto-57ae,-28,18,Normal
2026-02-13 22:09:05.426671,Toronto-57ae,18,77,Normal
2026-02-13 22:09:06.426671,Toronto-57ae,48,68,Normal
2026-02-13 22:09:07.426671,Toronto-57ae,-28,26,Normal
2026-02-13 22:09:08.426671,Toronto-57ae,-3,58,Normal
2026-02-13 22:09:09.426671,Toronto-57ae,-22,66,Normal
2026-02-13 22:09:10.426671,Toronto-57ae,38,21,Normal
2026-02-13 22:09:11.426671,Toronto-57ae,-29,12,Normal
2026-02-13 22:09:12.426671,Toronto-57ae,23,81,Normal
2026-02-13 22:09:13.426671,Toronto-57ae,17,67,Normal
2026-02-13 22:09:14.426671,Toronto-57ae,-15,34,Normal
2026-02-13 22:09:15.426671,Toronto-57ae,22,11,Normal
2026-02-13 22:09:16.426671,Toronto-57ae,-27,21,Normal
2026-02-13 22:09:17.426671,Toronto-57ae,14,37,Normal
2026-02-13 22:09:18.426671,Toronto-57ae,40,77,Normal
2026-02-13 22:09:19.426671,Toronto-57ae,45,92,Normal
2026-02-13 22:09:20.426671,Toronto-57ae,19,11,Normal
2026-02-13 22:09:21.426671,Toronto-57ae,-21,9,Normal
2026-02-13 22:09:22.426671,Toronto-57ae,-14,99,Normal
2026-02-13 22:09:23.426671,Toronto-57ae,49,25,Normal
2026-02-13 22:09:24.426671,Toronto-57ae,-17,52,Normal
2026-02-13 22:09:25.426671,Toronto-57ae,15,64,Normal
2026-02-13 22:09:26.426671,Toronto-57ae,45,3,Normal
2026-02-13 22:09:27.426671,Toronto-57ae,-26,88,Normal
2026-02-13 22:09:28.426671,Toronto-57ae,-9,80,Normal
2026-02-13 22:09:29.426671,Toronto-57ae,-15,42,Normal
2026-02-13 22:09:30.426671,Toronto-57ae,-9,44,Normal
2026-02-13 22:09:31.426671,Toronto-57ae,-4,27,Normal
2026-02-13 22:09:32.426671,Toronto-57ae,30,21,Normal
2026-02-13 22:09:33.426671,Toronto-57ae,35,35,Normal
2026-02-13 22:09:34.426671,Toronto-57ae,41,77,Normal
2026-02-13 22:09:35.426671,Toronto-57ae,23,50,Normal
2026-02-13 22:09:36.426671,Toronto-57ae,24,8,Normal
2026-02-13 22:09:37.426671,Toronto-57ae,-29,10,Normal
2026-02-13 22:09:38.426671,Toronto-57ae,-29,58,Normal
2026-02-13 22:09:39.426671,Toronto-57ae,47,18,Normal
2026-02-13 22:09:40.426671,Toronto-57ae,20,44,Normal
2026-02-13 22:09:41.426671,Toronto-57ae,10,54,Normal
2026-02-13 22:09:42.426671,Toronto-57ae,2,17,Normal
2026-02-13 22:09:43.426671,Toronto-57ae,48,21,Normal
2026-02-13 22:09:44.426671,Toronto-57ae,21,9,Normal
2026-02-13 22:09:45.426671,Toronto-57ae,7,58,Normal
2026-02-13 22:09:46.426671,Toronto-57ae,2,59,Normal
2026-02-13 22:09:47.426671,Toronto-57ae,26,23,Normal
2026-02-13 22:09:48.426671,Toronto-57ae,40,93,Normal
2026-02-13 22:09:49.426671,Toronto-57ae,22,62,Normal
2026-02-13 22:09:50.426671,Toronto-57ae,-1,99,Normal
2026-02-13 22:09:51.426671,Toronto-57ae,48,40,Normal
2026-02-13 22:09:52.426671,Toronto-57ae,47,21,Normal
2026-02-13 22:09:53.426671,Toronto-57ae,0,20,Normal
2026-02-13 22:09:54.426671,Toronto-57ae,47,69,Normal
2026-02-13 22:09:55.426671,Toronto-57ae,16,13,Normal
2026-02-13 22:09:56.426671,Toronto-57ae,50,82,Normal
2026-02-13 22:09:57.426671,Toronto-57ae,11,74,Normal
2026-02-13 22:09:58.426671,Toronto-57ae,8,42,Normal
2026-02-13 22:09:59.426671,Toronto-57ae,19,41,Normal
2026-02-13 22:10:00.426671,Toronto-57ae,7,52,Normal
2026-02-13 22:10:01.426671,Toronto-57ae,34,93,Normal
2026-02-13 22:10:02.426671,Toronto-57ae,-14,88,Normal
2026-02-13 22:10:03.426671,Toronto-57ae,49,0,Normal
2026-02-13 22:10:04.426671,Toronto-57ae,-1,72,Normal
2026-02-13 22:10:05.426671,Toronto-57ae,-6,49,Normal
2026-02-13 22:10:06.426671,Toronto-57ae,10,5,Normal
2026-02-13 22:10:07.426671,Toronto-57ae,20,74,Normal
2026-02-13 22:10:08.426671,Toronto-57ae,16,54,Normal
2026-02-13 22:10:09.426671,Toronto-57ae,28,36,Normal
2026-02-13 22:10:10.426671,Toronto-57ae,-9,31,Normal
2026-02-13 22:10:11.426671,Toronto-57ae,-4,52,Normal
2026-02-13 22:10:12.426671,Toronto-57ae,28,5,Normal
2026-02-13 22:10:13.426671,Toronto-57ae,3,99,Normal
2026-02-13 22:10:14.426671,Toronto-57ae,19,14,Normal
2026-02-13 22:10:15.426671,Toronto-57ae,23,93,Normal
2026-02-13 22:10:16.426671,Toronto-57ae,-16,75,Normal
2026-02-13 22:10:17.426671,Toronto-57ae,17,8,Normal
2026-02-13 22:10:18.426671,Toronto-57ae,-27,61,Normal
2026-02-13 22:10:19.426671,Toronto-57ae,8,94,Normal
2026-02-13 22:10:20.426671,Toronto-57ae,-26,100,Normal
2026-02-13 22:10:21.426671,Toronto-57ae,37,89,Normal
2026-02-13 22:10:22.426671,Toronto-57ae,9,29,Normal
2026-02-13 22:10:23.426671,Toronto-57ae,50,99,Normal
2026-02-13 22:10:24.426671,Toronto-57ae,20,92,Normal
2026-02-13 22:10:25.426671,Toronto-57ae,-21,59,Normal
2026-02-13 22:10:26.426671,Toronto-57ae,-25,68,Normal
2026-02-13 22:10:27.426671,Toronto-57ae,48,81,Normal
2026-02-13 22:10:28.426671,Toronto-57ae,16,2,Normal
2026-02-13 22:10:29.426671,Toronto-57ae,9,76,Normal
2026-02-13 22:10:30.426671,Toronto-57ae,36,59,Normal
2026-02-13 22:10:31.426671,Toronto-57ae,-30,93,Normal
2026-02-13 22:10:32.426671,Toronto-57ae,40,45,Normal
2026-02-13 22:10:33.426671,Toronto-57ae,49,26,Normal
2026-02-13 22:10:34.426671,Toronto-57ae,-24,24,Normal
2026-02-13 22:10:35.426671,Toronto-57ae,25,43,Normal
2026-02-13 22:10:36.426671,Toronto-57ae,6,16,Normal
2026-02-13 22:10:37.426671,Toronto-57ae,-21,86,Normal
2026-02-13 22:10:38.426671,Toronto-57ae,46,88,Normal
2026-02-13 22:10:39.426671,Toronto-57ae,-23,13,Normal
2026-02-13 22:10:40.426671,Toronto-57ae,3,73,Normal
2026-02-13 22:10:41.426671,Toronto-57ae,-14,95,Normal
2026-02-13 22:10:42.426671,Toronto-57ae,44,80,Normal
2026-02-13 22:10:43.426671,Toronto-57ae,13,93,Normal
2026-02-13 22:10:44.426671,Toronto-57ae,-14,90,Normal
2026-02-13 22:10:45.426671,Toronto-57ae,-28,91,Normal
2026-02-13 22:10:46.426671,Toronto-57ae,-17,21,Normal
2026-02-13 22:10:47.426671,Toronto-57ae,27,41,Normal
2026-02-13 22:10:48.426671,Toronto-57ae,47,37,Normal
2026-02-13 22:10:49.426671,Toronto-57ae,-14,18,Normal
2026-02-13 22:10:50.426671,Toronto-57ae,37,66,Normal
2026-02-13 22:10:51.426671,Toronto-57ae,21,82,Normal
2026-02-13 22:10:52.426671,Toronto-57ae,-2,59,Normal
2026-02-13 22:10:53.426671,Toronto-57ae,33,84,Normal
2026-02-13 22:10:54.426671,Toronto-57ae,-19,85,Normal
2026-02-13 22:10:55.426671,Toronto-57ae,23,63,Normal
2026-02-13 22:10:56.426671,Toronto-57ae,33,3,Normal
2026-02-13 22:10:57.426671,Toronto-57ae,38,13,Normal
2026-02-13 22:10:58.426671,Toronto-57ae,40,92,Normal
2026-02-13 22:10:59.426671,Toronto-57ae,-21,38,Normal
2026-02-13 22:11:00.426671,Toronto-57ae,-25,70,Normal
2026-02-13 22:11:01.426671,Toronto-57ae,37,70,Normal
2026-02-13 22:11:02.426671,Toronto-57ae,-28,96,Normal
2026-02-13 22:11:03.426671,Toronto-57ae,39,48,Normal
2026-02-13 22:11:04.426671,Toronto-57ae,23,12,Normal
2026-02-13 22:11:05.426671,Toronto-57ae,28,5,Normal
2026-02-13 22:11:06.426671,Toronto-57ae,0,17,Normal
2026-02-13 22:11:07.426671,Toronto-57ae,1,82,Normal
2026-02-13 22:11:08.426671,Toronto-57ae,-20,73,Normal
2026-02-13 22:11:09.426671,Toronto-57ae,20,46,Normal
2026-02-13 22:11:10.426671,Toronto-57ae,-18,67,Normal
2026-02-13 22:11:11.426671,Toronto-57ae,36,13,Normal
2026-02-13 22:11:12.426671,Toronto-57ae,40,19,Normal
2026-02-13 22:11:13.426671,Toronto-57ae,-19,33,Normal
2026-02-13 22:11:14.426671,Toronto-57ae,44,100,Normal
2026-02-13 22:11:15.426671,Toronto-57ae,41,37,Normal
2026-02-13 22:11:16.426671,Toronto-57ae,21,86,Normal
2026-02-13 22:11:17.426671,Toronto-57ae,26,32,Normal
2026-02-13 22:11:18.426671,Toronto-57ae,17,73,Normal
2026-02-13 22:11:19.426671,Toronto-57ae,-2,60,Normal
2026-02-13 22:11:20.426671,Toronto-57ae,-30,86,Normal
2026-02-13 22:11:21.426671,Toronto-57ae,33,55,Normal
2026-02-13 22:11:22.426671,Toronto-57ae,-8,61,Normal
2026-02-13 22:11:23.426671,Toronto-57ae,-20,59,Normal
2026-02-13 22:11:24.426671,Toronto-57ae,-1,32,Normal
2026-02-13 22:11:25.426671,Toronto-57ae,-17,84,Normal
2026-02-13 22:11:26.426671,Toronto-57ae,1,32,Normal
2026-02-13 22:11:27.426671,Toronto-57ae,-12,71,Normal
2026-02-13 22:11:28.426671,Toronto-57ae,-21,71,Normal
2026-02-13 22:11:29.426671,Toronto-57ae,43,26,Normal
2026-02-13 22:11:30.426671,Toronto-57ae,8,66,Normal
2026-02-13 22:11:31.426671,Toronto-57ae,19,1,Normal
2026-02-13 22:11:32.426671,Toronto-57ae,-12,16,Normal
2026-02-13 22:11:33.426671,Toronto-57ae,-5,19,Normal
2026-02-13 22:11:34.426671,Toronto-57ae,-27,69,Normal
2026-02-13 22:11:35.426671,Toronto-57ae,0,2,Normal
2026-02-13 22:11:36.426671,Toronto-57ae,-29,35,Normal
2026-02-13 22:11:37.426671,Toronto-57ae,-15,65,Normal
2026-02-13 22:11:38.426671,Toronto-57ae,-1,84,Normal
2026-02-13 22:11:39.426671,Toronto-57ae,6,72,Normal
2026-02-13 22:11:40.426671,Toronto-57ae,39,60,Normal
2026-02-13 22:11:41.426671,Toronto-57ae,44,30,Normal
2026-02-13 22:11:42.426671,Toronto-57ae,-3,95,Normal
2026-02-13 22:11:43.426671,Toronto-57ae,15,75,Normal
2026-02-13 22:11:44.426671,Toronto-57ae,-29,75,Normal
2026-02-13 22:11:45.426671,Toronto-57ae,-8,29,Normal
2026-02-13 22:11:46.426671,Toronto-57ae,-19,90,Normal
2026-02-13 22:11:47.426671,Toronto-57ae,35,21,Normal
2026-02-13 22:11:48.426671,Toronto-57ae,39,37,Normal
2026-02-13 22:11:49.426671,Toronto-57ae,-12,54,Normal
2026-02-13 22:11:50.426671,Toronto-57ae,37,28,Normal
2026-02-13 22:11:51.426671,Toronto-57ae,-16,79,Normal
2026-02-13 22:11:52.426671,Toronto-57ae,6,46,Normal
2026-02-13 22:11:53.426671,Toronto-57ae,39,34,Normal
2026-02-13 22:11:54.426671,Toronto-57ae,-24,8,Normal
2026-02-13 22:11:55.426671,Toronto-57ae,12,81,Normal
2026-02-13 22:11:56.426671,Toronto-57ae,47,29,Normal
2026-02-13 22:11:57.426671,Toronto-57ae,1,33,Normal
2026-02-13 22:11:58.426671,Toronto-57ae,39,72,Normal
2026-02-13 22:11:59.426671,Toronto-57ae,-19,86,Normal
2026-02-13 22:12:00.426671,Toronto-57ae,35,91,Normal
2026-02-13 22:12:01.426671,Toronto-57ae,33,88,Normal
2026-02-13 22:12:02.426671,Toronto-57ae,43,91,Normal
2026-02-13 22:12:03.426671,Toronto-57ae,47,75,Normal
2026-02-13 22:12:04.426671,Toronto-57ae,-15,9,Normal
2026-02-13 22:12:05.426671,Toronto-57ae,47,62,Normal
2026-02-13 22:12:06.426671,Toronto-57ae,18,95,Normal
2026-02-13 22:12:07.426671,Toronto-57ae,46,1,Normal
2026-02-13 22:12:08.426671,Toronto-57ae,-30,51,Normal
2026-02-13 22:12:09.426671,Toronto-57ae,38,7,Normal
2026-02-13 22:12:10.426671,Toronto-57ae,-7,50,Normal
2026-02-13 22:12:11.426671,Toronto-57ae,42,92,Normal
2026-02-13 22:12:12.426671,Toronto-57ae,27,81,Normal
2026-02-13 22:12:13.426671,Toronto-57ae,15,2,Normal
2026-02-13 22:12:14.426671,Toronto-57ae,2,70,Normal
2026-02-13 22:12:15.426671,Toronto-57ae,11,29,Normal
2026-02-13 22:12:16.426671,Toronto-57ae,17,37,Normal
2026-02-13 22:12:17.426671,Toronto-57ae,-5,52,Normal
2026-02-13 22:12:18.426671,Toronto-57ae,-6,87,Normal
2026-02-13 22:12:19.426671,Toronto-57ae,22,97,Normal
2026-02-13 22:12:20.426671,Toronto-57ae,13,51,Normal
2026-02-13 22:12:21.426671,Toronto-57ae,-2,35,Normal
2026-02-13 22:12:22.426671,Toronto-57ae,44,91,Normal
2026-02-13 22:12:23.426671,Toronto-57ae,48,46,Normal
2026-02-13 22:12:24.426671,Toronto-57ae,22,32,Normal
2026-02-13 22:12:25.426671,Toronto-57ae,-22,73,Normal
2026-02-13 22:12:26.426671,Toronto-57ae,7,31,Normal
2026-02-13 22:12:27.426671,Toronto-57ae,-30,83,Normal
2026-02-13 22:12:28.426671,Toronto-57ae,22,41,Normal
2026-02-13 22:12:29.426671,Toronto-57ae,28,35,Normal
2026-02-13 22:12:30.426671,Toronto-57ae,27,10,Normal
2026-02-13 22:12:31.426671,Toronto-57ae,-28,15,Normal
2026-02-13 22:12:32.426671,Toronto-57ae,2,89,Normal
2026-02-13 22:12:33.426671,Toronto-57ae,49,84,Normal
2026-02-13 22:12:34.426671,Toronto-57ae,16,91,Normal
2026-02-13 22:12:35.426671,Toronto-57ae,12,30,Normal
2026-02-13 22:12:36.426671,Toronto-57ae,2,42,Normal
2026-02-13 22:12:37.426671,Toronto-57ae,12,96,Normal
2026-02-13 22:12:38.426671,Toronto-57ae,-1,88,Normal
2026-02-13 22:12:39.426671,Toronto-57ae,13,78,Normal
2026-02-13 22:12:40.426671,Toronto-57ae,-21,27,Normal
2026-02-13 22:12:41.426671,Toronto-57ae,15,33,Normal
2026-02-13 22:12:42.426671,Toronto-57ae,42,4,Normal
2026-02-13 22:12:43.426671,Toronto-57ae,33,11,Normal
2026-02-13 22:12:44.426671,Toronto-57ae,-25,34,Normal
2026-02-13 22:12:45.426671,Toronto-57ae,39,89,Normal
2026-02-13 22:12:46.426671,Toronto-57ae,-30,25,Normal
2026-02-13 22:12:47.426671,Toronto-57ae,-27,45,Normal
2026-02-13 22:12:48.426671,Toronto-57ae,-30,29,Normal
2026-02-13 22:12:49.426671,Toronto-57ae,11,91,Normal
2026-02-13 22:12:50.426671,Toronto-57ae,-29,37,Normal
2026-02-13 22:12:51.426671,Toronto-57ae,-13,60,Normal
2026-02-13 22:12:52.426671,Toronto-57ae,-21,25,Normal
2026-02-13 22:12:53.426671,Toronto-57ae,39,97,Normal
2026-02-13 22:12:54.426671,Toronto-57ae,28,79,Normal
2026-02-13 22:12:55.426671,Toronto-57ae,49,78,Normal
2026-02-13 22:12:56.426671,Toronto-57ae,-5,4,Normal
2026-02-13 22:12:57.426671,Toronto-57ae,31,10,Normal
2026-02-13 22:12:58.426671,Toronto-57ae,7,12,Normal
2026-02-13 22:12:59.426671,Toronto-57ae,34,24,Normal
2026-02-13 22:13:00.426671,Toronto-57ae,14,50,Normal
2026-02-13 22:13:01.426671,Toronto-57ae,20,95,Normal
2026-02-13 22:13:02.426671,Toronto-57ae,-16,75,Normal
2026-02-13 22:13:03.426671,Toronto-57ae,-5,76,Normal
2026-02-13 22:13:04.426671,Toronto-57ae,28,99,Normal
2026-02-13 22:13:05.426671,Toronto-57ae,-8,80,Normal
2026-02-13 22:13:06.426671,Toronto-57ae,43,22,Normal
2026-02-13 22:13:07.426671,Toronto-57ae,-5,87,Normal
2026-02-13 22:13:08.426671,Toronto-57ae,-8,36,Normal
2026-02-13 22:13:09.426671,Toronto-57ae,49,57,Normal
2026-02-13 22:13:10.426671,Toronto-57ae,-10,49,Normal
2026-02-13 22:13:11.426671,Toronto-57ae,43,80,Normal
2026-02-13 22:13:12.426671,Toronto-57ae,20,38,Normal
2026-02-13 22:13:13.426671,Toronto-57ae,2,94,Normal
2026-02-13 22:13:14.426671,Toronto-57ae,48,91,Normal
2026-02-13 22:13:15.426671,Toronto-57ae,-7,51,Normal
2026-02-13 22:13:16.426671,Toronto-57ae,7,8,Normal
2026-02-13 22:13:17.426671,Toronto-57ae,-21,63,Normal
2026-02-13 22:13:18.426671,Toronto-57ae,4,1,Normal
2026-02-13 22:13:19.426671,Toronto-57ae,-11,57,Normal
2026-02-13 22:13:20.426671,Toronto-57ae,43,54,Normal
2026-02-13 22:13:21.426671,Toronto-57ae,28,81,Normal
2026-02-13 22:13:22.426671,Toronto-57ae,48,29,Normal
2026-02-13 22:13:23.426671,Toronto-57ae,-11,91,Normal
2026-02-13 22:13:24.426671,Toronto-57ae,26,66,Normal
2026-02-13 22:13:25.426671,Toronto-57ae,-21,51,Normal
2026-02-13 22:13:26.426671,Toronto-57ae,2,42,Normal
2026-02-13 22:13:27.426671,Toronto-57ae,20,3,Normal
2026-02-13 22:13:28.426671,Toronto-57ae,-30,89,Normal
2026-02-13 22:13:29.426671,Toronto-57ae,17,28,Normal
2026-02-13 22:13:30.426671,Toronto-57ae,-29,81,Normal
2026-02-13 22:13:31.426671,Toronto-57ae,48,49,Normal
2026-02-13 22:13:32.426671,Toronto-57ae,-20,10,Normal
2026-02-13 22:13:33.426671,Toronto-57ae,19,17,Normal
2026-02-13 22:13:34.426671,Toronto-57ae,32,41,Normal
2026-02-13 22:13:35.426671,Toronto-57ae,40,99,Normal
2026-02-13 22:13:36.426671,Toronto-57ae,43,76,Normal
2026-02-13 22:13:37.426671,Toronto-57ae,-2,79,Normal
2026-02-13 22:13:38.426671,Toronto-57ae,20,78,Normal
2026-02-13 22:13:39.426671,Toronto-57ae,50,42,Normal
2026-02-13 22:13:40.426671,Toronto-57ae,34,8,Normal
2026-02-13 22:13:41.426671,Toronto-57ae,-11,81,Normal
2026-02-13 22:13:42.426671,Toronto-57ae,21,61,Normal
2026-02-13 22:13:43.426671,Toronto-57ae,8,68,Normal
2026-02-13 22:13:44.426671,Toronto-57ae,45,21,Normal
2026-02-13 22:13:45.426671,Toronto-57ae,21,81,Normal
2026-02-13 22:13:46.426671,Toronto-57ae,-15,96,Normal
2026-02-13 22:13:47.426671,Toronto-57ae,18,36,Normal
2026-02-13 22:13:48.426671,Toronto-57ae,26,56,Normal
2026-02-13 22:13:49.426671,Toronto-57ae,22,74,Normal
2026-02-13 22:13:50.426671,Toronto-57ae,-11,44,Normal
2026-02-13 22:13:51.426671,Toronto-57ae,-19,45,Normal
2026-02-13 22:13:52.426671,Toronto-57ae,-10,76,Normal
2026-02-13 22:13:53.426671,Toronto-57ae,-8,81,Normal
2026-02-13 22:13:54.426671,Toronto-57ae,-15,56,Normal
2026-02-13 22:13:55.426671,Toronto-57ae,-1,51,Normal
2026-02-13 22:13:56.426671,Toronto-57ae,20,34,Normal
2026-02-13 22:13:57.426671,Toronto-57ae,4,57,Normal
2026-02-13 22:13:58.426671,Toronto-57ae,3,81,Normal
2026-02-13 22:13:59.426671,Toronto-57ae,38,92,Normal
2026-02-13 22:14:00.426671,Toronto-57ae,-6,61,Normal
2026-02-13 22:14:01.426671,Toronto-57ae,47,39,Normal
2026-02-13 22:14:02.426671,Toronto-57ae,47,79,Normal
2026-02-13 22:14:03.426671,Toronto-57ae,5,88,Normal
2026-02-13 22:14:04.426671,Toronto-57ae,-4,87,Normal
2026-02-13 22:14:05.426671,Toronto-57ae,-2,40,Normal
2026-02-13 22:14:06.426671,Toronto-57ae,25,45,Normal
2026-02-13 22:14:07.426671,Toronto-57ae,-19,80,Normal
2026-02-13 22:14:08.426671,Toronto-57ae,36,44,Normal
2026-02-13 22:14:09.426671,Toronto-57ae,44,47,Normal
2026-02-13 22:14:10.426671,Toronto-57ae,38,45,Normal
2026-02-13 22:14:11.426671,Toronto-57ae,13,26,Normal
2026-02-13 22:14:12.426671,Toronto-57ae,-29,63,Normal
2026-02-13 22:14:13.426671,Toronto-57ae,10,31,Normal
2026-02-13 22:14:14.426671,Toronto-57ae,1,75,Normal
2026-02-13 22:14:15.426671,Toronto-57ae,-29,68,Normal
2026-02-13 22:14:16.426671,Toronto-57ae,33,16,Normal
2026-02-13 22:14:17.426671,Toronto-57ae,37,31,Normal
2026-02-13 22:14:18.426671,Toronto-57ae,26,25,Normal
2026-02-13 22:14:19.426671,Toronto-57ae,8,32,Normal
2026-02-13 22:14:20.426671,Toronto-57ae,17,52,Normal
2026-02-13 22:14:21.426671,Toronto-57ae,2,62,Normal
2026-02-13 22:14:22.426671,Toronto-57ae,-22,34,Normal
2026-02-13 22:14:23.426671,Toronto-57ae,-13,59,Normal
2026-02-13 22:14:24.426671,Toronto-57ae,-14,39,Normal
2026-02-13 22:14:25.426671,Toronto-57ae,-20,79,Normal
2026-02-13 22:14:26.426671,Toronto-57ae,24,67,Normal
2026-02-13 22:14:27.426671,Toronto-57ae,19,74,Normal
2026-02-13 22:14:28.426671,Toronto-57ae,50,36,Normal
2026-02-13 22:14:29.426671,Toronto-57ae,8,43,Normal
2026-02-13 22:14:30.426671,Toronto-57ae,17,6,Normal
2026-02-13 22:14:31.426671,Toronto-57ae,49,91,Normal
2026-02-13 22:14:32.426671,Toronto-57ae,11,67,Normal
2026-02-13 22:14:33.426671,Toronto-57ae,43,65,Normal
2026-02-13 22:14:34.426671,Toronto-57ae,26,0,Normal
2026-02-13 22:14:35.426671,Toronto-57ae,-7,43,Normal
2026-02-13 22:14:36.426671,Toronto-57ae,31,61,Normal
2026-02-13 22:14:37.426671,Toronto-57ae,-7,51,Normal
2026-02-13 22:14:38.426671,Toronto-57ae,35,43,Normal
2026-02-13 22:14:39.426671,Toronto-57ae,-26,93,Normal
2026-02-13 22:14:40.426671,Toronto-57ae,3,4,Normal
2026-02-13 22:14:41.426671,Toronto-57ae,-14,68,Normal
2026-02-13 22:14:42.426671,Toronto-57ae,33,65,Normal
2026-02-13 22:14:43.426671,Toronto-57ae,42,83,Normal
2026-02-13 22:14:44.426671,Toronto-57ae,3,94,Normal
2026-02-13 22:14:45.426671,Toronto-57ae,-25,90,Normal
2026-02-13 22:14:46.426671,Toronto-57ae,-28,68,Normal
2026-02-13 22:14:47.426671,Toronto-57ae,48,72,Normal
2026-02-13 22:14:48.426671,Toronto-57ae,-16,4,Normal
2026-02-13 22:14:49.426671,Toronto-57ae,30,77,Normal
2026-02-13 22:14:50.426671,Toronto-57ae,-12,53,Normal
2026-02-13 22:14:51.426671,Toronto-57ae,25,48,Normal
2026-02-13 22:14:52.426671,Toronto-57ae,-22,10,Normal
2026-02-13 22:14:53.426671,Toronto-57ae,27,93,Normal
2026-02-13 22:14:54.426671,Toronto-57ae,15,98,Normal
2026-02-13 22:14:55.426671,Toronto-57ae,29,14,Normal
2026-02-13 22:14:56.426671,Toronto-57ae,45,50,Normal
2026-02-13 22:14:57.426671,Toronto-57ae,13,82,Normal
2026-02-13 22:14:58.426671,Toronto-57ae,-20,27,Normal
2026-02-13 22:14:59.426671,Toronto-57ae,8,11,Normal
2026-02-13 22:15:00.426671,Toronto-57ae,41,88,Normal
2026-02-13 22:15:01.426671,Toronto-57ae,41,6,Normal
2026-02-13 22:15:02.426671,Toronto-57ae,21,40,Normal
2026-02-13 22:15:03.426671,Toronto-57ae,-7,29,Normal
2026-02-13 22:15:04.426671,Toronto-57ae,14,55,Normal
2026-02-13 22:15:05.426671,Toronto-57ae,-8,38,Normal
2026-02-13 22:15:06.426671,Toronto-57ae,-6,60,Normal
2026-02-13 22:15:07.426671,Toronto-57ae,5,41,Normal
2026-02-13 22:15:08.426671,Toronto-57ae,-5,30,Normal
2026-02-13 22:15:09.426671,Toronto-57ae,-29,4,Normal
2026-02-13 22:15:10.426671,Toronto-57ae,11,50,Normal
2026-02-13 22:15:11.426671,Toronto-57ae,44,1,Normal
2026-02-13 22:15:12.426671,Toronto-57ae,27,50,Normal
2026-02-13 22:15:13.426671,Toronto-57ae,15,58,Normal
2026-02-13 22:15:14.426671,Toronto-57ae,9,16,Normal
2026-02-13 22:15:15.426671,Toronto-57ae,-23,95,Normal
2026-02-13 22:15:16.426671,Toronto-57ae,2,71,Normal
2026-02-13 22:15:17.426671,Toronto-57ae,-3,6,Normal
2026-02-13 22:15:18.426671,Toronto-57ae,42,64,Normal
2026-02-13 22:15:19.426671,Toronto-57ae,-20,12,Normal
2026-02-13 22:15:20.426671,Toronto-57ae,39,55,Normal
2026-02-13 22:15:21.426671,Toronto-57ae,5,3,Normal
2026-02-13 22:15:22.426671,Toronto-57ae,39,10,Normal
2026-02-13 22:15:23.426671,Toronto-57ae,12,28,Normal
2026-02-13 22:15:24.426671,Toronto-57ae,15,95,Normal
2026-02-13 22:15:25.426671,Toronto-57ae,-28,47,Normal
2026-02-13 22:15:26.426671,Toronto-57ae,-2,8,Normal
2026-02-13 22:15:27.426671,Toronto-57ae,34,66,Normal
2026-02-13 22:15:28.426671,Toronto-57ae,11,56,Normal
2026-02-13 22:15:29.426671,Toronto-57ae,33,89,Normal
2026-02-13 22:15:30.426671,Toronto-57ae,46,34,Normal
2026-02-13 22:15:31.426671,Toronto-57ae,-20,64,Normal
2026-02-13 22:15:32.426671,Toronto-57ae,-2,81,Normal
2026-02-13 22:15:33.426671,Toronto-57ae,11,74,Normal
2026-02-13 22:15:34.426671,Toronto-57ae,-3,76,Normal
2026-02-13 22:15:35.426671,Toronto-57ae,19,95,Normal
2026-02-13 22:15:36.426671,Toronto-57ae,9,61,Normal
2026-02-13 22:15:37.426671,Toronto-57ae,-6,12,Normal
2026-02-13 22:15:38.426671,Toronto-57ae,-26,41,Normal
2026-02-13 22:15:39.426671,Toronto-57ae,-25,77,Normal
2026-02-13 22:15:40.426671,Toronto-57ae,46,92,Normal
2026-02-13 22:15:41.426671,Toronto-57ae,11,56,Normal
2026-02-13 22:15:42.426671,Toronto-57ae,16,79,Normal
2026-02-13 22:15:43.426671,Toronto-57ae,19,0,Normal
2026-02-13 22:15:44.426671,Toronto-57ae,-14,52,Normal
2026-02-13 22:15:45.426671,Toronto-57ae,-2,77,Normal
2026-02-13 22:15:46.426671,Toronto-57ae,-8,66,Normal
2026-02-13 22:15:47.426671,Toronto-57ae,4,37,Normal
2026-02-13 22:15:48.426671,Toronto-57ae,1,31,Normal
2026-02-13 22:15:49.426671,Toronto-57ae,0,33,Normal
2026-02-13 22:15:50.426671,Toronto-57ae,43,44,Normal
2026-02-13 22:15:51.426671,Toronto-57ae,16,43,Normal
2026-02-13 22:15:52.426671,Toronto-57ae,39,25,Normal
2026-02-13 22:15:53.426671,Toronto-57ae,22,6,Normal
2026-02-13 22:15:54.426671,Toronto-57ae,-14,43,Normal
2026-02-13 22:15:55.426671,Toronto-57ae,-28,24,Normal
2026-02-13 22:15:56.426671,Toronto-57ae,44,0,Normal
2026-02-13 22:15:57.426671,Toronto-57ae,34,43,Normal
2026-02-13 22:15:58.426671,Toronto-57ae,47,70,Normal
2026-02-13 22:15:59.426671,Toronto-57ae,14,90,Normal
2026-02-13 22:16:00.426671,Toronto-57ae,-27,54,Normal
2026-02-13 22:16:01.426671,Toronto-57ae,-26,12,Normal
2026-02-13 22:16:02.426671,Toronto-57ae,49,66,Normal
2026-02-13 22:16:03.426671,Toronto-57ae,18,37,Normal
2026-02-13 22:16:04.426671,Toronto-57ae,-18,42,Normal
2026-02-13 22:16:05.426671,Toronto-57ae,30,63,Normal
2026-02-13 22:16:06.426671,Toronto-57ae,-1,91,Normal
2026-02-13 22:16:07.426671,Toronto-57ae,4,20,Normal
2026-02-13 22:16:08.426671,Toronto-57ae,-10,53,Normal
2026-02-13 22:16:09.426671,Toronto-57ae,-9,28,Normal
2026-02-13 22:16:10.426671,Toronto-57ae,36,87,Normal
2026-02-13 22:16:11.426671,Toronto-57ae,31,75,Normal
2026-02-13 22:16:12.426671,Toronto-57ae,-28,6,Normal
2026-02-13 22:16:13.426671,Toronto-57ae,29,86,Normal
2026-02-13 22:16:14.426671,Toronto-57ae,14,80,Normal
2026-02-13 22:16:15.426671,Toronto-57ae,34,91,Normal
2026-02-13 22:16:16.426671,Toronto-57ae,-18,62,Normal
2026-02-13 22:16:17.426671,Toronto-57ae,30,20,Normal
2026-02-13 22:16:18.426671,Toronto-57ae,33,7,Normal
2026-02-13 22:16:19.426671,Toronto-57ae,-22,56,Normal
2026-02-13 22:16:20.426671,Toronto-57ae,-14,69,Normal
2026-02-13 22:16:21.426671,Toronto-57ae,0,58,Normal
2026-02-13 22:16:22.426671,Toronto-57ae,-2,31,Normal
2026-02-13 22:16:23.426671,Toronto-57ae,31,60,Normal
2026-02-13 22:16:24.426671,Toronto-57ae,-6,57,Normal
2026-02-13 22:16:25.426671,Toronto-57ae,25,12,Normal
2026-02-13 22:16:26.426671,Toronto-57ae,-18,40,Normal
2026-02-13 22:16:27.426671,Toronto-57ae,-25,1,Normal
2026-02-13 22:16:28.426671,Toronto-57ae,-14,21,Normal
2026-02-13 22:16:29.426671,Toronto-57ae,39,75,Normal
2026-02-13 22:16:30.426671,Toronto-57ae,38,87,Normal
2026-02-13 22:16:31.426671,Toronto-57ae,-28,47,Normal
2026-02-13 22:16:32.426671,Toronto-57ae,-16,53,Normal
2026-02-13 22:16:33.426671,Toronto-57ae,26,53,Normal
2026-02-13 22:16:34.426671,Toronto-57ae,6,88,Normal
2026-02-13 22:16:35.426671,Toronto-57ae,12,24,Normal
2026-02-13 22:16:36.426671,Toronto-57ae,47,46,Normal
2026-02-13 22:16:37.426671,Toronto-57ae,38,39,Normal
2026-02-13 22:16:38.426671,Toronto-57ae,48,13,Normal
2026-02-13 22:16:39.426671,Toronto-57ae,42,61,Normal
2026-02-13 22:16:40.426671,Toronto-57ae,46,38,Normal
2026-02-13 22:16:41.426671,Toronto-57ae,-1,94,Normal
2026-02-13 22:16:42.426671,Toronto-57ae,38,90,Normal
2026-02-13 22:16:43.426671,Toronto-57ae,16,55,Normal
2026-02-13 22:16:44.426671,Toronto-57ae,-6,41,Normal
2026-02-13 22:16:45.426671,Toronto-57ae,21,78,Normal
2026-02-13 22:16:46.426671,Toronto-57ae,23,74,Normal
2026-02-13 22:16:47.426671,Toronto-57ae,-24,4,Normal
2026-02-13 22:16:48.426671,Toronto-57ae,23,54,Normal
2026-02-13 22:16:49.426671,Toronto-57ae,21,53,Normal
2026-02-13 22:16:50.426671,Toronto-57ae,49,62,Normal
2026-02-13 22:16:51.426671,Toronto-57ae,-3,97,Normal
2026-02-13 22:16:52.426671,Toronto-57ae,22,19,Normal
2026-02-13 22:16:53.426671,Toronto-57ae,24,13,Normal
2026-02-13 22:16:54.426671,Toronto-57ae,-13,14,Normal
2026-02-13 22:16:55.426671,Toronto-57ae,50,98,Normal
2026-02-13 22:16:56.426671,Toronto-57ae,-28,69,Normal
2026-02-13 22:16:57.426671,Toronto-57ae,-16,6,Normal
2026-02-13 22:16:58.426671,Toronto-57ae,10,20,Normal
2026-02-13 22:16:59.426671,Toronto-57ae,6,71,Normal
2026-02-13 22:17:00.426671,Toronto-57ae,7,17,Normal
2026-02-13 22:17:01.426671,Toronto-57ae,13,51,Normal
2026-02-13 22:17:02.426671,Toronto-57ae,46,4,Normal
2026-02-13 22:17:03.426671,Toronto-57ae,28,17,Normal
2026-02-13 22:17:04.426671,Toronto-57ae,-25,20,Normal
2026-02-13 22:17:05.426671,Toronto-57ae,-2,79,Normal
2026-02-13 22:17:06.426671,Toronto-57ae,38,48,Normal
2026-02-13 22:17:07.426671,Toronto-57ae,10,20,Normal
2026-02-13 22:17:08.426671,Toronto-57ae,-10,59,Normal
2026-02-13 22:17:09.426671,Toronto-57ae,30,78,Normal
2026-02-13 22:17:10.426671,Toronto-57ae,19,7,Normal
2026-02-13 22:17:11.426671,Toronto-57ae,30,49,Normal
2026-02-13 22:17:12.426671,Toronto-57ae,26,63,Normal
2026-02-13 22:17:13.426671,Toronto-57ae,-27,56,Normal
2026-02-13 22:17:14.426671,Toronto-57ae,15,88,Normal
2026-02-13 22:17:15.426671,Toronto-57ae,-8,13,Normal
2026-02-13 22:17:16.426671,Toronto-57ae,-28,86,Normal
2026-02-13 22:17:17.426671,Toronto-57ae,10,31,Normal
2026-02-13 22:17:18.426671,Toronto-57ae,-10,16,Normal
2026-02-13 22:17:19.426671,Toronto-57ae,-6,30,Normal
2026-02-13 22:17:20.426671,Toronto-57ae,45,56,Normal
2026-02-13 22:17:21.426671,Toronto-57ae,-23,54,Normal
2026-02-13 22:17:22.426671,Toronto-57ae,44,29,Normal
2026-02-13 22:17:23.426671,Toronto-57ae,34,20,Normal
2026-02-13 22:17:24.426671,Toronto-57ae,20,94,Normal
2026-02-13 22:17:25.426671,Toronto-57ae,17,28,Normal
2026-02-13 22:17:26.426671,Toronto-57ae,31,3,Normal
2026-02-13 22:17:27.426671,Toronto-57ae,-1,42,Normal
2026-02-13 22:17:28.426671,Toronto-57ae,-12,97,Normal
2026-02-13 22:17:29.426671,Toronto-57ae,5,78,Normal
2026-02-13 22:17:30.426671,Toronto-57ae,20,60,Normal
2026-02-13 22:17:31.426671,Toronto-57ae,-13,93,Normal
2026-02-13 22:17:32.426671,Toronto-57ae,44,32,Normal
2026-02-13 22:17:33.426671,Toronto-57ae,14,68,Normal
2026-02-13 22:17:34.426671,Toronto-57ae,-11,60,Normal
2026-02-13 22:17:35.426671,Toronto-57ae,16,21,Normal
2026-02-13 22:17:36.426671,Toronto-57ae,-25,87,Normal
2026-02-13 22:17:37.426671,Toronto-57ae,31,83,Normal
2026-02-13 22:17:38.426671,Toronto-57ae,49,26,Normal
2026-02-13 22:17:39.426671,Toronto-57ae,45,11,Normal
2026-02-13 22:17:40.426671,Toronto-57ae,14,33,Normal
2026-02-13 22:17:41.426671,Toronto-57ae,47,0,Normal
2026-02-13 22:17:42.426671,Toronto-57ae,-3,78,Normal
2026-02-13 22:17:43.426671,Toronto-57ae,26,54,Normal
2026-02-13 22:17:44.426671,Toronto-57ae,11,83,Normal
2026-02-13 22:17:45.426671,Toronto-57ae,-16,44,Normal
2026-02-13 22:17:46.426671,Toronto-57ae,27,62,Normal
2026-02-13 22:17:47.426671,Toronto-57ae,10,3,Normal
2026-02-13 22:17:48.426671,Toronto-57ae,-17,81,Normal
2026-02-13 22:17:49.426671,Toronto-57ae,27,60,Normal
2026-02-13 22:17:50.426671,Toronto-57ae,-9,5,Normal
2026-02-13 22:17:51.426671,Toronto-57ae,-25,50,Normal
2026-02-13 22:17:52.426671,Toronto-57ae,7,98,Normal
2026-02-13 22:17:53.426671,Toronto-57ae,-25,33,Normal
2026-02-13 22:17:54.426671,Toronto-57ae,-27,49,Normal
2026-02-13 22:17:55.426671,Toronto-57ae,0,5,Normal
2026-02-13 22:17:56.426671,Toronto-57ae,-27,10,Normal
2026-02-13 22:17:57.426671,Toronto-57ae,42,78,Normal
2026-02-13 22:17:58.426671,Toronto-57ae,-9,16,Normal
2026-02-13 22:17:59.426671,Toronto-57ae,46,8,Normal
2026-02-13 22:18:00.426671,Toronto-57ae,30,83,Normal
2026-02-13 22:18:01.426671,Toronto-57ae,-23,45,Normal
2026-02-13 22:18:02.426671,Toronto-57ae,-18,13,Normal
2026-02-13 22:18:03.426671,Toronto-57ae,-26,64,Normal
2026-02-13 22:18:04.426671,Toronto-57ae,15,69,Normal
2026-02-13 22:18:05.426671,Toronto-57ae,23,24,Normal
2026-02-13 22:18:06.426671,Toronto-57ae,19,89,Normal
2026-02-13 22:18:07.426671,Toronto-57ae,11,0,Normal
2026-02-13 22:18:08.426671,Toronto-57ae,-28,68,Normal
2026-02-13 22:18:09.426671,Toronto-57ae,-23,19,Normal
2026-02-13 22:18:10.426671,Toronto-57ae,38,20,Normal
2026-02-13 22:18:11.426671,Toronto-57ae,-2,48,Normal
2026-02-13 22:18:12.426671,Toronto-57ae,41,84,Normal
2026-02-13 22:18:13.426671,Toronto-57ae,-22,58,Normal
2026-02-13 22:18:14.426671,Toronto-57ae,-13,19,Normal
2026-02-13 22:18:15.426671,Toronto-57ae,42,75,Normal
2026-02-13 22:18:16.426671,Toronto-57ae,13,85,Normal
2026-02-13 22:18:17.426671,Toronto-57ae,15,28,Normal
2026-02-13 22:18:18.426671,Toronto-57ae,22,50,Normal
2026-02-13 22:18:19.426671,Toronto-57ae,33,56,Normal
2026-02-13 22:18:20.426671,Toronto-57ae,-8,4,Normal
2026-02-13 22:18:21.426671,Toronto-57ae,38,5,Normal
2026-02-13 22:18:22.426671,Toronto-57ae,-1,84,Normal
2026-02-13 22:18:23.426671,Toronto-57ae,-17,99,Normal
2026-02-13 22:18:24.426671,Toronto-57ae,-9,15,Normal
2026-02-13 22:18:25.426671,Toronto-57ae,29,96,Normal
2026-02-13 22:18:26.426671,Toronto-57ae,-12,92,Normal
2026-02-13 22:18:27.426671,Toronto-57ae,-26,39,Normal
2026-02-13 22:18:28.426671,Toronto-57ae,18,38,Normal
2026-02-13 22:18:29.426671,Toronto-57ae,-28,67,Normal
2026-02-13 22:18:30.426671,Toronto-57ae,-25,60,Normal
2026-02-13 22:18:31.426671,Toronto-57ae,21,68,Normal
2026-02-13 22:18:32.426671,Toronto-57ae,-13,0,Normal
2026-02-13 22:18:33.426671,Toronto-57ae,-18,5,Normal
2026-02-13 22:18:34.426671,Toronto-57ae,39,4,Normal
2026-02-13 22:18:35.426671,Toronto-57ae,32,76,Normal
2026-02-13 22:18:36.426671,Toronto-57ae,-16,64,Normal
2026-02-13 22:18:37.426671,Toronto-57ae,-23,18,Normal
2026-02-13 22:18:38.426671,Toronto-57ae,28,13,Normal
2026-02-13 22:18:39.426671,Toronto-57ae,16,25,Normal
2026-02-13 22:18:40.426671,Toronto-57ae,34,45,Normal
2026-02-13 22:18:41.426671,Toronto-57ae,-10,97,Normal
2026-02-13 22:18:42.426671,Toronto-57ae,10,23,Normal
2026-02-13 22:18:43.426671,Toronto-57ae,28,76,Normal
2026-02-13 22:18:44.426671,Toronto-57ae,-30,30,Normal
2026-02-13 22:18:45.426671,Toronto-57ae,-25,73,Normal
2026-02-13 22:18:46.426671,Toronto-57ae,29,45,Normal
2026-02-13 22:18:47.426671,Toronto-57ae,41,47,Normal
2026-02-13 22:18:48.426671,Toronto-57ae,4,91,Normal
2026-02-13 22:18:49.426671,Toronto-57ae,1,21,Normal
2026-02-13 22:18:50.426671,Toronto-57ae,7,29,Normal
2026-02-13 22:18:51.426671,Toronto-57ae,-13,44,Normal
2026-02-13 22:18:52.426671,Toronto-57ae,-7,78,Normal
2026-02-13 22:18:53.426671,Toronto-57ae,-23,28,Normal
2026-02-13 22:18:54.426671,Toronto-57ae,28,12,Normal
2026-02-13 22:18:55.426671,Toronto-57ae,-7,69,Normal
2026-02-13 22:18:56.426671,Toronto-57ae,18,5,Normal
2026-02-13 22:18:57.426671,Toronto-57ae,-1,39,Normal
2026-02-13 22:18:58.426671,Toronto-57ae,18,72,Normal
2026-02-13 22:18:59.426671,Toronto-57ae,48,69,Normal
2026-02-13 22:19:00.426671,Toronto-57ae,-19,53,Normal
2026-02-13 22:19:01.426671,Toronto-57ae,-3,42,Normal
2026-02-13 22:19:02.426671,Toronto-57ae,-20,93,Normal
2026-02-13 22:19:03.426671,Toronto-57ae,24,86,Normal
2026-02-13 22:19:04.426671,Toronto-57ae,7,99,Normal
2026-02-13 22:19:05.426671,Toronto-57ae,-8,75,Normal
2026-02-13 22:19:06.426671,Toronto-57ae,-17,52,Normal
2026-02-13 22:19:07.426671,Toronto-57ae,-21,69,Normal
2026-02-13 22:19:08.426671,Toronto-57ae,44,34,Normal
2026-02-13 22:19:09.426671,Toronto-57ae,32,42,Normal
2026-02-13 22:19:10.426671,Toronto-57ae,15,64,Normal
2026-02-13 22:19:11.426671,Toronto-57ae,31,2,Normal
2026-02-13 22:19:12.426671,Toronto-57ae,-3,0,Normal
2026-02-13 22:19:13.426671,Toronto-57ae,35,49,Normal
2026-02-13 22:19:14.426671,Toronto-57ae,-4,88,Normal
2026-02-13 22:19:15.426671,Toronto-57ae,14,44,Normal
2026-02-13 22:19:16.426671,Toronto-57ae,36,62,Normal
2026-02-13 22:19:17.426671,Toronto-57ae,22,15,Normal
2026-02-13 22:19:18.426671,Toronto-57ae,-18,61,Normal
2026-02-13 22:19:19.426671,Toronto-57ae,41,67,Normal
2026-02-13 22:19:20.426671,Toronto-57ae,0,8,Normal
2026-02-13 22:19:21.426671,Toronto-57ae,-15,58,Normal
2026-02-13 22:19:22.426671,Toronto-57ae,16,88,Normal
2026-02-13 22:19:23.426671,Toronto-57ae,45,95,Normal
2026-02-13 22:19:24.426671,Toronto-57ae,1,90,Normal
2026-02-13 22:19:25.426671,Toronto-57ae,-6,80,Normal
2026-02-13 22:19:26.426671,Toronto-57ae,-26,68,Normal
2026-02-13 22:19:27.426671,Toronto-57ae,-22,60,Normal
2026-02-13 22:19:28.426671,Toronto-57ae,-11,82,Normal
2026-02-13 22:19:29.426671,Toronto-57ae,-16,9,Normal
2026-02-13 22:19:30.426671,Toronto-57ae,42,87,Normal
2026-02-13 22:19:31.426671,Toronto-57ae,36,91,Normal
2026-02-13 22:19:32.426671,Toronto-57ae,2,37,Normal
2026-02-13 22:19:33.426671,Toronto-57ae,15,100,Normal
2026-02-13 22:19:34.426671,Toronto-57ae,20,85,Normal
2026-02-13 22:19:35.426671,Toronto-57ae,-25,84,Normal
2026-02-13 22:19:36.426671,Toronto-57ae,46,19,Normal
2026-02-13 22:19:37.426671,Toronto-57ae,46,75,Normal
2026-02-13 22:19:38.426671,Toronto-57ae,38,67,Normal
2026-02-13 22:19:39.426671,Toronto-57ae,2,85,Normal
2026-02-13 22:19:40.426671,Toronto-57ae,32,73,Normal
2026-02-13 22:19:41.426671,Toronto-57ae,-23,84,Normal
2026-02-13 22:19:42.426671,Toronto-57ae,8,74,Normal
2026-02-13 22:19:43.426671,Toronto-57ae,38,62,Normal
2026-02-13 22:19:44.426671,Toronto-57ae,-4,78,Normal
2026-02-13 22:19:45.426671,Toronto-57ae,-14,37,Normal
2026-02-13 22:19:46.426671,Toronto-57ae,40,10,Normal
2026-02-13 22:19:47.426671,Toronto-57ae,45,30,Normal
2026-02-13 22:19:48.426671,Toronto-57ae,-8,0,Normal
2026-02-13 22:19:49.426671,Toronto-57ae,39,44,Normal
2026-02-13 22:19:50.426671,Toronto-57ae,13,62,Normal
2026-02-13 22:19:51.426671,Toronto-57ae,-30,36,Normal
2026-02-13 22:19:52.426671,Toronto-57ae,30,9,Normal
2026-02-13 22:19:53.426671,Toronto-57ae,-10,23,Normal
2026-02-13 22:19:54.426671,Toronto-57ae,2,9,Normal
2026-02-13 22:19:55.426671,Toronto-57ae,9,58,Normal
2026-02-13 22:19:56.426671,Toronto-57ae,-4,83,Normal
2026-02-13 22:19:57.426671,Toronto-57ae,13,87,Normal
2026-02-13 22:19:58.426671,Toronto-57ae,-9,36,Normal
2026-02-13 22:19:59.426671,Toronto-57ae,44,98,Normal
2026-02-13 22:20:00.426671,Toronto-57ae,33,14,Normal
2026-02-13 22:20:01.426671,Toronto-57ae,-17,46,Normal
2026-02-13 22:20:02.426671,Toronto-57ae,49,59,Normal
2026-02-13 22:20:03.426671,Toronto-57ae,-4,72,Normal
2026-02-13 22:20:04.426671,Toronto-57ae,0,68,Normal
2026-02-13 22:20:05.426671,Toronto-57ae,12,9,Normal
2026-02-13 22:20:06.426671,Toronto-57ae,32,36,Normal
2026-02-13 22:20:07.426671,Toronto-57ae,27,66,Normal
2026-02-13 22:20:08.426671,Toronto-57ae,-14,38,Normal
2026-02-13 22:20:09.426671,Toronto-57ae,0,29,Normal
2026-02-13 22:20:10.426671,Toronto-57ae,49,20,Normal
2026-02-13 22:20:11.426671,Toronto-57ae,-2,34,Normal
2026-02-13 22:20:12.426671,Toronto-57ae,40,36,Normal
2026-02-13 22:20:13.426671,Toronto-57ae,-15,19,Normal
2026-02-13 22:20:14.426671,Toronto-57ae,10,69,Normal
2026-02-13 22:20:15.426671,Toronto-57ae,17,95,Normal
2026-02-13 22:20:16.426671,Toronto-57ae,-25,68,Normal
2026-02-13 22:20:17.426671,Toronto-57ae,-20,75,Normal
2026-02-13 22:20:18.426671,Toronto-57ae,-5,59,Normal
2026-02-13 22:20:19.426671,Toronto-57ae,-2,88,Normal
2026-02-13 22:20:20.426671,Toronto-57ae,34,46,Normal
2026-02-13 22:20:21.426671,Toronto-57ae,32,63,Normal
2026-02-13 22:20:22.426671,Toronto-57ae,-30,31,Normal
2026-02-13 22:20:23.426671,Toronto-57ae,-30,25,Normal
2026-02-13 22:20:24.426671,Toronto-57ae,27,8,Normal
2026-02-13 22:20:25.426671,Toronto-57ae,-11,8,Normal
2026-02-13 22:20:26.426671,Toronto-57ae,-3,63,Normal
2026-02-13 22:20:27.426671,Toronto-57ae,-2,68,Normal
2026-02-13 22:20:28.426671,Toronto-57ae,-17,88,Normal
2026-02-13 22:20:29.426671,Toronto-57ae,24,46,Normal
2026-02-13 22:20:30.426671,Toronto-57ae,21,68,Normal
2026-02-13 22:20:31.426671,Toronto-57ae,-11,8,Normal
2026-02-13 22:20:32.426671,Toronto-57ae,49,94,Normal
2026-02-13 22:20:33.426671,Toronto-57ae,-12,63,Normal
2026-02-13 22:20:34.426671,Toronto-57ae,37,41,Normal
2026-02-13 22:20:35.426671,Toronto-57ae,-26,40,Normal
2026-02-13 22:20:36.426671,Toronto-57ae,-9,80,Normal
2026-02-13 22:20:37.426671,Toronto-57ae,-15,45,Normal
2026-02-13 22:20:38.426671,Toronto-57ae,40,89,Normal
2026-02-13 22:20:39.426671,Toronto-57ae,50,8,Normal
2026-02-13 22:20:40.426671,Toronto-57ae,-15,77,Normal
2026-02-13 22:20:41.426671,Toronto-57ae,-26,53,Normal
2026-02-13 22:20:42.426671,Toronto-57ae,-14,51,Normal
2026-02-13 22:20:43.426671,Toronto-57ae,-22,60,Normal
2026-02-13 22:20:44.426671,Toronto-57ae,31,55,Normal
2026-02-13 22:20:45.426671,Toronto-57ae,10,92,Normal
2026-02-13 22:20:46.426671,Toronto-57ae,49,51,Normal
2026-02-13 22:20:47.426671,Toronto-57ae,-11,8,Normal
2026-02-13 22:20:48.426671,Toronto-57ae,1,85,Normal
2026-02-13 22:20:49.426671,Toronto-57ae,-15,63,Normal
2026-02-13 22:20:50.426671,Toronto-57ae,4,70,Normal
2026-02-13 22:20:51.426671,Toronto-57ae,43,26,Normal
2026-02-13 22:20:52.426671,Toronto-57ae,2,77,Normal
2026-02-13 22:20:53.426671,Toronto-57ae,-22,89,Normal
2026-02-13 22:20:54.426671,Toronto-57ae,-29,31,Normal
2026-02-13 22:20:55.426671,Toronto-57ae,-11,40,Normal
2026-02-13 22:20:56.426671,Toronto-57ae,44,94,Normal
2026-02-13 22:20:57.426671,Toronto-57ae,11,39,Normal
2026-02-13 22:20:58.426671,Toronto-57ae,8,64,Normal
2026-02-13 22:20:59.426671,Toronto-57ae,20,26,Normal
2026-02-13 22:21:00.426671,Toronto-57ae,8,43,Normal
2026-02-13 22:21:01.426671,Toronto-57ae,44,5,Normal
2026-02-13 22:21:02.426671,Toronto-57ae,-20,71,Normal
2026-02-13 22:21:03.426671,Toronto-57ae,31,46,Normal
2026-02-13 22:21:04.426671,Toronto-57ae,46,4,Normal
2026-02-13 22:21:05.426671,Toronto-57ae,-10,8,Normal
2026-02-13 22:21:06.426671,Toronto-57ae,1,57,Normal
2026-02-13 22:21:07.426671,Toronto-57ae,34,81,Normal
2026-02-13 22:21:08.426671,Toronto-57ae,28,61,Normal
2026-02-13 22:21:09.426671,Toronto-57ae,-3,1,Normal
2026-02-13 22:21:10.426671,Toronto-57ae,-15,96,Normal
2026-02-13 22:21:11.426671,Toronto-57ae,13,92,Normal
2026-02-13 22:21:12.426671,Toronto-57ae,33,1,Normal
2026-02-13 22:21:13.426671,Toronto-57ae,27,94,Normal
2026-02-13 22:21:14.426671,Toronto-57ae,-15,96,Normal
2026-02-13 22:21:15.426671,Toronto-57ae,-21,64,Normal
2026-02-13 22:21:16.426671,Toronto-57ae,-4,15,Normal
2026-02-13 22:21:17.426671,Toronto-57ae,50,73,Normal
2026-02-13 22:21:18.426671,Toronto-57ae,48,8,Normal
2026-02-13 22:21:19.426671,Toronto-57ae,-17,64,Normal
2026-02-13 22:21:20.426671,Toronto-57ae,-25,57,Normal
2026-02-13 22:21:21.426671,Toronto-57ae,1,95,Normal
2026-02-13 22:21:22.426671,Toronto-57ae,20,90,Normal
2026-02-13 22:21:23.426671,Toronto-57ae,25,65,Normal
2026-02-13 22:21:24.426671,Toronto-57ae,-30,100,Normal
2026-02-13 22:21:25.426671,Toronto-57ae,44,65,Normal
2026-02-13 22:21:26.426671,Toronto-57ae,-28,3,Normal
2026-02-13 22:21:27.426671,Toronto-57ae,41,80,Normal
2026-02-13 22:21:28.426671,Toronto-57ae,-3,34,Normal
2026-02-13 22:21:29.426671,Toronto-57ae,44,15,Normal
2026-02-13 22:21:30.426671,Toronto-57ae,39,57,Normal
2026-02-13 22:21:31.426671,Toronto-57ae,26,8,Normal
2026-02-13 22:21:32.426671,Toronto-57ae,-25,94,Normal
2026-02-13 22:21:33.426671,Toronto-57ae,34,14,Normal
2026-02-13 22:21:34.426671,Toronto-57ae,37,36,Normal
2026-02-13 22:21:35.426671,Toronto-57ae,43,88,Normal
2026-02-13 22:21:36.426671,Toronto-57ae,34,100,Normal
2026-02-13 22:21:37.426671,Toronto-57ae,17,73,Normal
2026-02-13 22:21:38.426671,Toronto-57ae,28,62,Normal
2026-02-13 22:21:39.426671,Toronto-57ae,24,62,Normal
2026-02-13 22:21:40.426671,Toronto-57ae,10,71,Normal
2026-02-13 22:21:41.426671,Toronto-57ae,15,51,Normal
2026-02-13 22:21:42.426671,Toronto-57ae,14,25,Normal
2026-02-13 22:21:43.426671,Toronto-57ae,-28,6,Normal
2026-02-13 22:21:44.426671,Toronto-57ae,26,21,Normal
2026-02-13 22:21:45.426671,Toronto-57ae,25,59,Normal
2026-02-13 22:21:46.426671,Toronto-57ae,-26,92,Normal
2026-02-13 22:21:47.426671,Toronto-57ae,47,20,Normal
2026-02-13 22:21:48.426671,Toronto-57ae,0,74,Normal
2026-02-13 22:21:49.426671,Toronto-57ae,-14,24,Normal
2026-02-13 22:21:50.426671,Toronto-57ae,15,1,Normal
2026-02-13 22:21:51.426671,Toronto-57ae,5,18,Normal
2026-02-13 22:21:52.426671,Toronto-57ae,-14,71,Normal
2026-02-13 22:21:53.426671,Toronto-57ae,47,80,Normal
2026-02-13 22:21:54.426671,Toronto-57ae,10,15,Normal
2026-02-13 22:21:55.426671,Toronto-57ae,38,50,Normal
2026-02-13 22:21:56.426671,Toronto-57ae,-22,85,Normal
2026-02-13 22:21:57.426671,Toronto-57ae,30,33,Normal
2026-02-13 22:21:58.426671,Toronto-57ae,-17,10,Normal
2026-02-13 22:21:59.426671,Toronto-57ae,46,28,Normal
2026-02-13 22:22:00.426671,Toronto-57ae,-23,14,Normal
2026-02-13 22:22:01.426671,Toronto-57ae,32,3,Normal
2026-02-13 22:22:02.426671,Toronto-57ae,23,14,Normal
2026-02-13 22:22:03.426671,Toronto-57ae,-28,8,Normal
2026-02-13 22:22:04.426671,Toronto-57ae,-7,60,Normal
2026-02-13 22:22:05.426671,Toronto-57ae,6,5,Normal
2026-02-13 22:22:06.426671,Toronto-57ae,8,80,Normal
2026-02-13 22:22:07.426671,Toronto-57ae,-11,30,Normal
2026-02-13 22:22:08.426671,Toronto-57ae,-15,65,Normal
2026-02-13 22:22:09.426671,Toronto-57ae,-27,6,Normal
2026-02-13 22:22:10.426671,Toronto-57ae,-16,96,Normal
2026-02-13 22:22:11.426671,Toronto-57ae,6,25,Normal
2026-02-13 22:22:12.426671,Toronto-57ae,46,19,Normal
2026-02-13 22:22:13.426671,Toronto-57ae,-3,87,Normal
2026-02-13 22:22:14.426671,Toronto-57ae,48,37,Normal
2026-02-13 22:22:15.426671,Toronto-57ae,-29,38,Normal
2026-02-13 22:22:16.426671,Toronto-57ae,-25,50,Normal
2026-02-13 22:22:17.426671,Toronto-57ae,-27,9,Normal
2026-02-13 22:22:18.426671,Toronto-57ae,41,31,Normal
2026-02-13 22:22:19.426671,Toronto-57ae,23,9,Normal
2026-02-13 22:22:20.426671,Toronto-57ae,30,73,Normal
2026-02-13 22:22:21.426671,Toronto-57ae,40,51,Normal
2026-02-13 22:22:22.426671,Toronto-57ae,-20,74,Normal
2026-02-13 22:22:23.426671,Toronto-57ae,35,59,Normal
2026-02-13 22:22:24.426671,Toronto-57ae,-30,20,Normal
2026-02-13 22:22:25.426671,Toronto-57ae,-23,10,Normal
2026-02-13 22:22:26.426671,Toronto-57ae,-15,40,Normal
2026-02-13 22:22:27.426671,Toronto-57ae,6,85,Normal
2026-02-13 22:22:28.426671,Toronto-57ae,19,78,Normal
2026-02-13 22:22:29.426671,Toronto-57ae,27,55,Normal
2026-02-13 22:22:30.426671,Toronto-57ae,37,10,Normal
2026-02-13 22:22:31.426671,Toronto-57ae,-27,10,Normal
2026-02-13 22:22:32.426671,Toronto-57ae,46,69,Normal
2026-02-13 22:22:33.426671,Toronto-57ae,-28,78,Normal
2026-02-13 22:22:34.426671,Toronto-57ae,8,47,Normal
2026-02-13 22:22:35.426671,Toronto-57ae,6,42,Normal
2026-02-13 22:22:36.426671,Toronto-57ae,36,37,Normal
2026-02-13 22:22:37.426671,Toronto-57ae,20,4,Normal
2026-02-13 22:22:38.426671,Toronto-57ae,-8,37,Normal
2026-02-13 22:22:39.426671,Toronto-57ae,-19,18,Normal
2026-02-13 22:22:40.426671,Toronto-57ae,46,51,Normal
2026-02-13 22:22:41.426671,Toronto-57ae,18,69,Normal
2026-02-13 22:22:42.426671,Toronto-57ae,19,77,Normal
2026-02-13 22:22:43.426671,Toronto-57ae,43,64,Normal
2026-02-13 22:22:44.426671,Toronto-57ae,-12,60,Normal
2026-02-13 22:22:45.426671,Toronto-57ae,-3,67,Normal
2026-02-13 22:22:46.426671,Toronto-57ae,39,56,Normal
2026-02-13 22:22:47.426671,Toronto-57ae,-4,84,Normal
2026-02-13 22:22:48.426671,Toronto-57ae,5,80,Normal
2026-02-13 22:22:49.426671,Toronto-57ae,-29,2,Normal
2026-02-13 22:22:50.426671,Toronto-57ae,42,49,Normal
2026-02-13 22:22:51.426671,Toronto-57ae,42,17,Normal
2026-02-13 22:22:52.426671,Toronto-57ae,-19,13,Normal
2026-02-13 22:22:53.426671,Toronto-57ae,36,83,Normal
2026-02-13 22:22:54.426671,Toronto-57ae,14,65,Normal
2026-02-13 22:22:55.426671,Toronto-57ae,-19,87,Normal
2026-02-13 22:22:56.426671,Toronto-57ae,3,70,Normal
2026-02-13 22:22:57.426671,Toronto-57ae,40,47,Normal
2026-02-13 22:22:58.426671,Toronto-57ae,-5,46,Normal
2026-02-13 22:22:59.426671,Toronto-57ae,-6,86,Normal
2026-02-13 22:23:00.426671,Toronto-57ae,-24,61,Normal
2026-02-13 22:23:01.426671,Toronto-57ae,18,28,Normal
2026-02-13 22:23:02.426671,Toronto-57ae,39,20,Normal
2026-02-13 22:23:03.426671,Toronto-57ae,25,53,Normal
2026-02-13 22:23:04.426671,Toronto-57ae,27,79,Normal
2026-02-13 22:23:05.426671,Toronto-57ae,-8,72,Normal
2026-02-13 22:23:06.426671,Toronto-57ae,9,85,Normal
2026-02-13 22:23:07.426671,Toronto-57ae,40,75,Normal
2026-02-13 22:23:08.426671,Toronto-57ae,-5,4,Normal
2026-02-13 22:23:09.426671,Toronto-57ae,33,0,Normal
2026-02-13 22:23:10.426671,Toronto-57ae,-13,18,Normal
2026-02-13 22:23:11.426671,Toronto-57ae,-10,48,Normal
2026-02-13 22:23:12.426671,Toronto-57ae,36,94,Normal
2026-02-13 22:23:13.426671,Toronto-57ae,6,30,Normal
2026-02-13 22:23:14.426671,Toronto-57ae,-10,14,Normal
2026-02-13 22:23:15.426671,Toronto-57ae,9,38,Normal
2026-02-13 22:23:16.426671,Toronto-57ae,26,29,Normal
2026-02-13 22:23:17.426671,Toronto-57ae,3,93,Normal
2026-02-13 22:23:18.426671,Toronto-57ae,-21,86,Normal
2026-02-13 22:23:19.426671,Toronto-57ae,33,18,Normal
2026-02-13 22:23:20.426671,Toronto-57ae,15,61,Normal
2026-02-13 22:23:21.426671,Toronto-57ae,24,7,Normal
2026-02-13 22:23:22.426671,Toronto-57ae,-19,35,Normal
2026-02-13 22:23:23.426671,Toronto-57ae,49,87,Normal
2026-02-13 22:23:24.426671,Toronto-57ae,50,50,Normal
2026-02-13 22:23:25.426671,Toronto-57ae,30,93,Normal
2026-02-13 22:23:26.426671,Toronto-57ae,-6,76,Normal
2026-02-13 22:23:27.426671,Toronto-57ae,-23,45,Normal
2026-02-13 22:23:28.426671,Toronto-57ae,-14,71,Normal
2026-02-13 22:23:29.426671,Toronto-57ae,7,70,Normal
2026-02-13 22:23:30.426671,Toronto-57ae,-11,73,Normal
2026-02-13 22:23:31.426671,Toronto-57ae,-18,34,Normal
2026-02-13 22:23:32.426671,Toronto-57ae,-20,9,Normal
2026-02-13 22:23:33.426671,Toronto-57ae,26,26,Normal
2026-02-13 22:23:34.426671,Toronto-57ae,47,43,Normal
2026-02-13 22:23:35.426671,Toronto-57ae,5,20,Normal
2026-02-13 22:23:36.426671,Toronto-57ae,0,40,Normal
2026-02-13 22:23:37.426671,Toronto-57ae,-13,21,Normal
2026-02-13 22:23:38.426671,Toronto-57ae,32,93,Normal
2026-02-13 22:23:39.426671,Toronto-57ae,-3,49,Normal
2026-02-13 22:23:40.426671,Toronto-57ae,34,59,Normal
2026-02-13 22:23:41.426671,Toronto-57ae,44,20,Normal
2026-02-13 22:23:42.426671,Toronto-57ae,44,41,Normal
2026-02-13 22:23:43.426671,Toronto-57ae,17,83,Normal
2026-02-13 22:23:44.426671,Toronto-57ae,19,76,Normal
2026-02-13 22:23:45.426671,Toronto-57ae,-3,54,Normal
2026-02-13 22:23:46.426671,Toronto-57ae,-23,82,Normal
2026-02-13 22:23:47.426671,Toronto-57ae,37,38,Normal
2026-02-13 22:23:48.426671,Toronto-57ae,12,9,Normal
2026-02-13 22:23:49.426671,Toronto-57ae,26,71,Normal
2026-02-13 22:23:50.426671,Toronto-57ae,-24,35,Normal
2026-02-13 22:23:51.426671,Toronto-57ae,18,38,Normal
2026-02-13 22:23:52.426671,Toronto-57ae,39,31,Normal
2026-02-13 22:23:53.426671,Toronto-57ae,-13,90,Normal
2026-02-13 22:23:54.426671,Toronto-57ae,33,9,Normal
2026-02-13 22:23:55.426671,Toronto-57ae,5,11,Normal
2026-02-13 22:23:56.426671,Toronto-57ae,40,73,Normal
2026-02-13 22:23:57.426671,Toronto-57ae,50,62,Normal
2026-02-13 22:23:58.426671,Toronto-57ae,13,93,Normal
2026-02-13 22:23:59.426671,Toronto-57ae,0,35,Normal
2026-02-13 22:24:00.426671,Toronto-57ae,0,44,Normal
2026-02-13 22:24:01.426671,Toronto-57ae,-27,84,Normal
2026-02-13 22:24:02.426671,Toronto-57ae,-25,68,Normal
2026-02-13 22:24:03.426671,Toronto-57ae,0,2,Normal
2026-02-13 22:24:04.426671,Toronto-57ae,42,32,Normal
2026-02-13 22:24:05.426671,Toronto-57ae,21,90,Normal
2026-02-13 22:24:06.426671,Toronto-57ae,-9,98,Normal
2026-02-13 22:24:07.426671,Toronto-57ae,48,33,Normal
2026-02-13 22:24:08.426671,Toronto-57ae,5,90,Normal
2026-02-13 22:24:09.426671,Toronto-57ae,13,29,Normal
2026-02-13 22:24:10.426671,Toronto-57ae,23,98,Normal
2026-02-13 22:24:11.426671,Toronto-57ae,29,60,Normal
2026-02-13 22:24:12.426671,Toronto-57ae,39,53,Normal
2026-02-13 22:24:13.426671,Toronto-57ae,34,49,Normal
2026-02-13 22:24:14.426671,Toronto-57ae,0,40,Normal
2026-02-13 22:24:15.426671,Toronto-57ae,26,17,Normal
2026-02-13 22:24:16.426671,Toronto-57ae,27,4,Normal
2026-02-13 22:24:17.426671,Toronto-57ae,-8,42,Normal
2026-02-13 22:24:18.426671,Toronto-57ae,50,13,Normal
2026-02-13 22:24:19.426671,Toronto-57ae,36,7,Normal
2026-02-13 22:24:20.426671,Toronto-57ae,-15,34,Normal
2026-02-13 22:24:21.426671,Toronto-57ae,36,18,Normal
2026-02-13 22:24:22.426671,Toronto-57ae,50,89,Normal
2026-02-13 22:24:23.426671,Toronto-57ae,2,1,Normal
2026-02-13 22:24:24.426671,Toronto-57ae,39,30,Normal
2026-02-13 22:24:25.426671,Toronto-57ae,-4,25,Normal
2026-02-13 22:24:26.426671,Toronto-57ae,3,73,Normal
2026-02-13 22:24:27.426671,Toronto-57ae,15,37,Normal
2026-02-13 22:24:28.426671,Toronto-57ae,10,8,Normal
2026-02-13 22:24:29.426671,Toronto-57ae,29,80,Normal
2026-02-13 22:24:30.426671,Toronto-57ae,25,96,Normal
2026-02-13 22:24:31.426671,Toronto-57ae,7,60,Normal
2026-02-13 22:24:32.426671,Toronto-57ae,4,84,Normal
2026-02-13 22:24:33.426671,Toronto-57ae,13,61,Normal
2026-02-13 22:24:34.426671,Toronto-57ae,43,33,Normal
2026-02-13 22:24:35.426671,Toronto-57ae,-4,32,Normal
2026-02-13 22:24:36.426671,Toronto-57ae,3,47,Normal
2026-02-13 22:24:37.426671,Toronto-57ae,-27,87,Normal
2026-02-13 22:24:38.426671,Toronto-57ae,-14,37,Normal
2026-02-13 22:24:39.426671,Toronto-57ae,-17,55,Normal
2026-02-13 22:24:40.426671,Toronto-57ae,-7,9,Normal
2026-02-13 22:24:41.426671,Toronto-57ae,-27,20,Normal
2026-02-13 22:24:42.426671,Toronto-57ae,46,20,Normal
2026-02-13 22:24:43.426671,Toronto-57ae,-12,5,Normal
2026-02-13 22:24:44.426671,Toronto-57ae,13,56,Normal
2026-02-13 22:24:45.426671,Toronto-57ae,2,97,Normal
2026-02-13 22:24:46.426671,Toronto-57ae,19,60,Normal
2026-02-13 22:24:47.426671,Toronto-57ae,9,46,Normal
2026-02-13 22:24:48.426671,Toronto-57ae,27,29,Normal
2026-02-13 22:24:49.426671,Toronto-57ae,9,57,Normal
2026-02-13 22:24:50.426671,Toronto-57ae,-20,63,Normal
2026-02-13 22:24:51.426671,Toronto-57ae,48,26,Normal
2026-02-13 22:24:52.426671,Toronto-57ae,27,70,Normal
2026-02-13 22:24:53.426671,Toronto-57ae,10,42,Normal
2026-02-13 22:24:54.426671,Toronto-57ae,-4,29,Normal
2026-02-13 22:24:55.426671,Toronto-57ae,-24,80,Normal
2026-02-13 22:24:56.426671,Toronto-57ae,32,79,Normal
2026-02-13 22:24:57.426671,Toronto-57ae,10,4,Normal
2026-02-13 22:24:58.426671,Toronto-57ae,42,43,Normal
2026-02-13 22:24:59.426671,Toronto-57ae,-27,15,Normal
2026-02-13 22:25:00.426671,Toronto-57ae,50,90,Normal
2026-02-13 22:25:01.426671,Toronto-57ae,2,31,Normal
2026-02-13 22:25:02.426671,Toronto-57ae,25,28,Normal
2026-02-13 22:25:03.426671,Toronto-57ae,13,31,Normal
2026-02-13 22:25:04.426671,Toronto-57ae,23,70,Normal
2026-02-13 22:25:05.426671,Toronto-57ae,7,30,Normal
2026-02-13 22:25:06.426671,Toronto-57ae,18,97,Normal
2026-02-13 22:25:07.426671,Toronto-57ae,-22,42,Normal
2026-02-13 22:25:08.426671,Toronto-57ae,6,69,Normal
2026-02-13 22:25:09.426671,Toronto-57ae,21,9,Normal
2026-02-13 22:25:10.426671,Toronto-57ae,35,37,Normal
2026-02-13 22:25:11.426671,Toronto-57ae,-10,21,Normal
2026-02-13 22:25:12.426671,Toronto-57ae,-10,38,Normal
2026-02-13 22:25:13.426671,Toronto-57ae,25,39,Normal
2026-02-13 22:25:14.426671,Toronto-57ae,-25,75,Normal
2026-02-13 22:25:15.426671,Toronto-57ae,-2,84,Normal
2026-02-13 22:25:16.426671,Toronto-57ae,46,21,Normal
2026-02-13 22:25:17.426671,Toronto-57ae,-3,37,Normal
2026-02-13 22:25:18.426671,Toronto-57ae,-26,83,Normal
2026-02-13 22:25:19.426671,Toronto-57ae,29,58,Normal
2026-02-13 22:25:20.426671,Toronto-57ae,10,90,Normal
2026-02-13 22:25:21.426671,Toronto-57ae,-12,85,Normal
2026-02-13 22:25:22.426671,Toronto-57ae,20,74,Normal
2026-02-13 22:25:23.426671,Toronto-57ae,-8,6,Normal
2026-02-13 22:25:24.426671,Toronto-57ae,7,40,Normal
2026-02-13 22:25:25.426671,Toronto-57ae,39,40,Normal
2026-02-13 22:25:26.426671,Toronto-57ae,6,20,Normal
2026-02-13 22:25:27.426671,Toronto-57ae,35,57,Normal
2026-02-13 22:25:28.426671,Toronto-57ae,-19,73,Normal
2026-02-13 22:25:29.426671,Toronto-57ae,45,78,Normal
2026-02-13 22:25:30.426671,Toronto-57ae,10,57,Normal
2026-02-13 22:25:31.426671,Toronto-57ae,31,82,Normal
2026-02-13 22:25:32.426671,Toronto-57ae,5,52,Normal
2026-02-13 22:25:33.426671,Toronto-57ae,-13,87,Normal
2026-02-13 22:25:34.426671,Toronto-57ae,17,72,Normal
2026-02-13 22:25:35.426671,Toronto-57ae,4,6,Normal
2026-02-13 22:25:36.426671,Toronto-57ae,0,3,Normal
2026-02-13 22:25:37.426671,Toronto-57ae,40,41,Normal
2026-02-13 22:25:38.426671,Toronto-57ae,38,38,Normal
2026-02-13 22:25:39.426671,Toronto-57ae,-10,18,Normal
2026-02-13 22:25:40.426671,Toronto-57ae,42,57,Normal
2026-02-13 22:25:41.426671,Toronto-57ae,3,61,Normal
2026-02-13 22:25:42.426671,Toronto-57ae,48,0,Normal
2026-02-13 22:25:43.426671,Toronto-57ae,14,63,Normal
2026-02-13 22:25:44.426671,Toronto-57ae,-24,91,Normal
2026-02-13 22:25:45.426671,Toronto-57ae,36,41,Normal
2026-02-13 22:25:46.426671,Toronto-57ae,22,23,Normal
2026-02-13 22:25:47.426671,Toronto-57ae,-13,82,Normal
2026-02-13 22:25:48.426671,Toronto-57ae,-19,38,Normal
2026-02-13 22:25:49.426671,Toronto-57ae,5,18,Normal
2026-02-13 22:25:50.426671,Toronto-57ae,-15,10,Normal
2026-02-13 22:25:51.426671,Toronto-57ae,22,44,Normal
2026-02-13 22:25:52.426671,Toronto-57ae,45,81,Normal
2026-02-13 22:25:53.426671,Toronto-57ae,-8,89,Normal
2026-02-13 22:25:54.426671,Toronto-57ae,-8,93,Normal
2026-02-13 22:25:55.426671,Toronto-57ae,3,63,Normal
2026-02-13 22:25:56.426671,Toronto-57ae,41,46,Normal
2026-02-13 22:25:57.426671,Toronto-57ae,-27,57,Normal
2026-02-13 22:25:58.426671,Toronto-57ae,13,84,Normal
2026-02-13 22:25:59.426671,Toronto-57ae,19,79,Normal
2026-02-13 22:26:00.426671,Toronto-57ae,33,56,Normal
2026-02-13 22:26:01.426671,Toronto-57ae,-25,10,Normal
2026-02-13 22:26:02.426671,Toronto-57ae,-23,53,Normal
2026-02-13 22:26:03.426671,Toronto-57ae,9,100,Normal
2026-02-13 22:26:04.426671,Toronto-57ae,-22,95,Normal
2026-02-13 22:26:05.426671,Toronto-57ae,27,12,Normal
2026-02-13 22:26:06.426671,Toronto-57ae,-19,11,Normal
2026-02-13 22:26:07.426671,Toronto-57ae,-12,67,Normal
2026-02-13 22:26:08.426671,Toronto-57ae,18,38,Normal
2026-02-13 22:26:09.426671,Toronto-57ae,-23,79,Normal
2026-02-13 22:26:10.426671,Toronto-57ae,-16,99,Normal
2026-02-13 22:26:11.426671,Toronto-57ae,9,75,Normal
2026-02-13 22:26:12.426671,Toronto-57ae,49,91,Normal
2026-02-13 22:26:13.426671,Toronto-57ae,7,65,Normal
2026-02-13 22:26:14.426671,Toronto-57ae,11,49,Normal
2026-02-13 22:26:15.426671,Toronto-57ae,42,78,Normal
2026-02-13 22:26:16.426671,Toronto-57ae,23,17,Normal
2026-02-13 22:26:17.426671,Toronto-57ae,28,39,Normal
2026-02-13 22:26:18.426671,Toronto-57ae,-15,38,Normal
2026-02-13 22:26:19.426671,Toronto-57ae,6,55,Normal
2026-02-13 22:26:20.426671,Toronto-57ae,-4,55,Normal
2026-02-13 22:26:21.426671,Toronto-57ae,22,57,Normal
2026-02-13 22:26:22.426671,Toronto-57ae,20,83,Normal
2026-02-13 22:26:23.426671,Toronto-57ae,-24,66,Normal
2026-02-13 22:26:24.426671,Toronto-57ae,-22,12,Normal
2026-02-13 22:26:25.426671,Toronto-57ae,21,80,Normal
2026-02-13 22:26:26.426671,Toronto-57ae,-27,45,Normal
2026-02-13 22:26:27.426671,Toronto-57ae,33,89,Normal
2026-02-13 22:26:28.426671,Toronto-57ae,42,76,Normal
2026-02-13 22:26:29.426671,Toronto-57ae,32,53,Normal
2026-02-13 22:26:30.426671,Toronto-57ae,10,40,Normal
2026-02-13 22:26:31.426671,Toronto-57ae,-21,73,Normal
2026-02-13 22:26:32.426671,Toronto-57ae,5,32,Normal
2026-02-13 22:26:33.426671,Toronto-57ae,-4,83,Normal
2026-02-13 22:26:34.426671,Toronto-57ae,3,70,Normal
2026-02-13 22:26:35.426671,Toronto-57ae,39,21,Normal
2026-02-13 22:26:36.426671,Toronto-57ae,23,84,Normal
2026-02-13 22:26:37.426671,Toronto-57ae,-6,75,Normal
2026-02-13 22:26:38.426671,Toronto-57ae,23,48,Normal
2026-02-13 22:26:39.426671,Toronto-57ae,17,64,Normal
2026-02-13 22:26:40.426671,Toronto-57ae,1,46,Normal
2026-02-13 22:26:41.426671,Toronto-57ae,-20,59,Normal
2026-02-13 22:26:42.426671,Toronto-57ae,23,92,Normal
2026-02-13 22:26:43.426671,Toronto-57ae,19,84,Normal
2026-02-13 22:26:44.426671,Toronto-57ae,44,63,Normal
2026-02-13 22:26:45.426671,Toronto-57ae,1,92,Normal
2026-02-13 22:26:46.426671,Toronto-57ae,29,64,Normal
2026-02-13 22:26:47.426671,Toronto-57ae,21,36,Normal
2026-02-13 22:26:48.426671,Toronto-57ae,27,8,Normal
2026-02-13 22:26:49.426671,Toronto-57ae,9,31,Normal
2026-02-13 22:26:50.426671,Toronto-57ae,-1,88,Normal
2026-02-13 22:26:51.426671,Toronto-57ae,18,22,Normal
2026-02-13 22:26:52.426671,Toronto-57ae,14,74,Normal
2026-02-13 22:26:53.426671,Toronto-57ae,7,56,Normal
2026-02-13 22:26:54.426671,Toronto-57ae,-29,19,Normal
2026-02-13 22:26:55.426671,Toronto-57ae,-30,100,Normal
2026-02-13 22:26:56.426671,Toronto-57ae,-3,10,Normal
2026-02-13 22:26:57.426671,Toronto-57ae,0,80,Normal
2026-02-13 22:26:58.426671,Toronto-57ae,6,53,Normal
2026-02-13 22:26:59.426671,Toronto-57ae,40,85,Normal
2026-02-13 22:27:00.426671,Toronto-57ae,40,53,Normal
2026-02-13 22:27:01.426671,Toronto-57ae,-9,22,Normal
2026-02-13 22:27:02.426671,Toronto-57ae,-13,86,Normal
2026-02-13 22:27:03.426671,Toronto-57ae,18,91,Normal
2026-02-13 22:27:04.426671,Toronto-57ae,15,25,Normal
2026-02-13 22:27:05.426671,Toronto-57ae,10,50,Normal
2026-02-13 22:27:06.426671,Toronto-57ae,31,12,Normal
2026-02-13 22:27:07.426671,Toronto-57ae,5,75,Normal
2026-02-13 22:27:08.426671,Toronto-57ae,-6,15,Normal
2026-02-13 22:27:09.426671,Toronto-57ae,19,16,Normal
2026-02-13 22:27:10.426671,Toronto-57ae,23,50,Normal
2026-02-13 22:27:11.426671,Toronto-57ae,-5,58,Normal
2026-02-13 22:27:12.426671,Toronto-57ae,38,78,Normal
2026-02-13 22:27:13.426671,Toronto-57ae,39,72,Normal
2026-02-13 22:27:14.426671,Toronto-57ae,27,59,Normal
2026-02-13 22:27:15.426671,Toronto-57ae,23,89,Normal
2026-02-13 22:27:16.426671,Toronto-57ae,-15,100,Normal
2026-02-13 22:27:17.426671,Toronto-57ae,22,57,Normal
2026-02-13 22:27:18.426671,Toronto-57ae,24,82,Normal
2026-02-13 22:27:19.426671,Toronto-57ae,2,58,Normal
2026-02-13 22:27:20.426671,Toronto-57ae,20,66,Normal
2026-02-13 22:27:21.426671,Toronto-57ae,30,100,Normal
2026-02-13 22:27:22.426671,Toronto-57ae,16,69,Normal
2026-02-13 22:27:23.426671,Toronto-57ae,10,42,Normal
2026-02-13 22:27:24.426671,Toronto-57ae,-6,31,Normal
2026-02-13 22:27:25.426671,Toronto-57ae,28,44,Normal
2026-02-13 22:27:26.426671,Toronto-57ae,-5,89,Normal
2026-02-13 22:27:27.426671,Toronto-57ae,-18,38,Normal
2026-02-13 22:27:28.426671,Toronto-57ae,-6,46,Normal
2026-02-13 22:27:29.426671,Toronto-57ae,29,60,Normal
2026-02-13 22:27:30.426671,Toronto-57ae,-8,23,Normal
2026-02-13 22:27:31.426671,Toronto-57ae,35,55,Normal
2026-02-13 22:27:32.426671,Toronto-57ae,-30,12,Normal
2026-02-13 22:27:33.426671,Toronto-57ae,26,66,Normal
2026-02-13 22:27:34.426671,Toronto-57ae,0,97,Normal
2026-02-13 22:27:35.426671,Toronto-57ae,-21,58,Normal
2026-02-13 22:27:36.426671,Toronto-57ae,-26,4,Normal
2026-02-13 22:27:37.426671,Toronto-57ae,12,72,Normal
2026-02-13 22:27:38.426671,Toronto-57ae,36,95,Normal
2026-02-13 22:27:39.426671,Toronto-57ae,-2,31,Normal
2026-02-13 22:27:40.426671,Toronto-57ae,5,87,Normal
2026-02-13 22:27:41.426671,Toronto-57ae,29,85,Normal
2026-02-13 22:27:42.426671,Toronto-57ae,-5,46,Normal
2026-02-13 22:27:43.426671,Toronto-57ae,-3,67,Normal
2026-02-13 22:27:44.426671,Toronto-57ae,-9,92,Normal
2026-02-13 22:27:45.426671,Toronto-57ae,33,51,Normal
2026-02-13 22:27:46.426671,Toronto-57ae,47,28,Normal
2026-02-13 22:27:47.426671,Toronto-57ae,16,23,Normal
2026-02-13 22:27:48.426671,Toronto-57ae,49,48,Normal
2026-02-13 22:27:49.426671,Toronto-57ae,8,67,Normal
2026-02-13 22:27:50.426671,Toronto-57ae,46,81,Normal
2026-02-13 22:27:51.426671,Toronto-57ae,-16,6,Normal
2026-02-13 22:27:52.426671,Toronto-57ae,-12,73,Normal
2026-02-13 22:27:53.426671,Toronto-57ae,37,80,Normal
2026-02-13 22:27:54.426671,Toronto-57ae,39,59,Normal
2026-02-13 22:27:55.426671,Toronto-57ae,38,70,Normal
2026-02-13 22:27:56.426671,Toronto-57ae,47,89,Normal
2026-02-13 22:27:57.426671,Toronto-57ae,-1,81,Normal
2026-02-13 22:27:58.426671,Toronto-57ae,-19,8,Normal
2026-02-13 22:27:59.426671,Toronto-57ae,-24,22,Normal
2026-02-13 22:28:00.426671,Toronto-57ae,18,79,Normal
2026-02-13 22:28:01.426671,Toronto-57ae,43,34,Normal
2026-02-13 22:28:02.426671,Toronto-57ae,27,22,Normal
2026-02-13 22:28:03.426671,Toronto-57ae,22,72,Normal
2026-02-13 22:28:04.426671,Toronto-57ae,1,72,Normal
2026-02-13 22:28:05.426671,Toronto-57ae,15,61,Normal
2026-02-13 22:28:06.426671,Toronto-57ae,29,56,Normal
2026-02-13 22:28:07.426671,Toronto-57ae,-21,65,Normal
2026-02-13 22:28:08.426671,Toronto-57ae,33,47,Normal
2026-02-13 22:28:09.426671,Toronto-57ae,-29,35,Normal
2026-02-13 22:28:10.426671,Toronto-57ae,32,26,Normal
2026-02-13 22:28:11.426671,Toronto-57ae,38,67,Normal
2026-02-13 22:28:12.426671,Toronto-57ae,-9,65,Normal
2026-02-13 22:28:13.426671,Toronto-57ae,-2,12,Normal
2026-02-13 22:28:14.426671,Toronto-57ae,-12,12,Normal
2026-02-13 22:28:15.426671,Toronto-57ae,-6,49,Normal
