timestamp,station_id,temp,humid,condition
2026-02-12 09:04:42.617512,Paris-6160,13,38,Normal
2026-02-12 09:04:43.617512,Paris-6160,17,76,Normal
2026-02-12 09:04:44.617512,Paris-6160,-10,72,Normal
2026-02-12 09:04:45.617512,Paris-6160,34,74,Normal
2026-02-12 09:04:46.617512,Paris-6160,15,34,Normal
2026-02-12 09:04:47.617512,Paris-6160,-18,71,Normal
2026-02-12 09:04:48.617512,Paris-6160,-3,27,Normal
2026-02-12 09:04:49.617512,Paris-6160,24,97,Normal
2026-02-12 09:04:50.617512,Paris-6160,-12,82,Normal
2026-02-12 09:04:51.617512,Paris-6160,8,72,Normal
2026-02-12 09:04:52.617512,Paris-6160,25,61,Normal
2026-02-12 09:04:53.617512,Paris-6160,36,85,Normal
2026-02-12 09:04:54.617512,Paris-6160,-28,62,Normal
2026-02-12 09:04:55.617512,Paris-6160,32,18,Normal
2026-02-12 09:04:56.617512,Paris-6160,12,10,Normal
2026-02-12 09:04:57.617512,Paris-6160,-22,30,Normal
2026-02-12 09:04:58.617512,Paris-6160,-17,49,Normal
2026-02-12 09:04:59.617512,Paris-6160,44,75,Normal
2026-02-12 09:05:00.617512,Paris-6160,-13,25,Normal
2026-02-12 09:05:01.617512,Paris-6160,10,42,Normal
2026-02-12 09:05:02.617512,Paris-6160,17,88,Normal
2026-02-12 09:05:03.617512,Paris-6160,37,72,Normal
2026-02-12 09:05:04.617512,Paris-6160,37,26,Normal
2026-02-12 09:05:05.617512,Paris-6160,16,33,Normal
2026-02-12 09:05:06.617512,Paris-6160,-2,96,Normal
2026-02-12 09:05:07.617512,Paris-6160,18,49,Normal
2026-02-12 09:05:08.617512,Paris-6160,-26,15,Normal
2026-02-12 09:05:09.617512,Paris-6160,8,26,Normal
2026-02-12 09:05:10.617512,Paris-6160,-2,52,Normal
2026-02-12 09:05:11.617512,Paris-6160,-12,87,Normal
2026-02-12 09:05:12.617512,Paris-6160,48,84,Normal
2026-02-12 09:05:13.617512,Paris-6160,20,95,Normal
2026-02-12 09:05:14.617512,Paris-6160,6,27,Normal
2026-02-12 09:05:15.617512,Paris-6160,19,69,Normal
2026-02-12 09:05:16.617512,Paris-6160,34,37,Normal
2026-02-12 09:05:17.617512,Paris-6160,-24,30,Normal
2026-02-12 09:05:18.617512,Paris-6160,48,35,Normal
2026-02-12 09:05:19.617512,Paris-6160,-20,84,Normal
2026-02-12 09:05:20.617512,Paris-6160,39,46,Normal
2026-02-12 09:05:21.617512,Paris-6160,12,30,Normal
2026-02-12 09:05:22.617512,Paris-6160,42,59,Normal
2026-02-12 09:05:23.617512,Paris-6160,-25,22,Normal
2026-02-12 09:05:24.617512,Paris-6160,35,78,Normal
2026-02-12 09:05:25.617512,Paris-6160,25,57,Normal
2026-02-12 09:05:26.617512,Paris-6160,16,0,Normal
2026-02-12 09:05:27.617512,Paris-6160,8,28,Normal
2026-02-12 09:05:28.617512,Paris-6160,-25,10,Normal
2026-02-12 09:05:29.617512,Paris-6160,40,88,Normal
2026-02-12 09:05:30.617512,Paris-6160,8,30,Normal
2026-02-12 09:05:31.617512,Paris-6160,7,91,Normal
2026-02-12 09:05:32.617512,Paris-6160,-2,51,Normal
2026-02-12 09:05:33.617512,Paris-6160,-22,50,Normal
2026-02-12 09:05:34.617512,Paris-6160,46,62,Normal
2026-02-12 09:05:35.617512,Paris-6160,-2,100,Normal
2026-02-12 09:05:36.617512,Paris-6160,11,30,Normal
2026-02-12 09:05:37.617512,Paris-6160,43,48,Normal
2026-02-12 09:05:38.617512,Paris-6160,12,25,Normal
2026-02-12 09:05:39.617512,Paris-6160,22,97,Normal
2026-02-12 09:05:40.617512,Paris-6160,32,48,Normal
2026-02-12 09:05:41.617512,Paris-6160,43,82,Normal
2026-02-12 09:05:42.617512,Paris-6160,50,82,Normal
2026-02-12 09:05:43.617512,Paris-6160,-7,68,Normal
2026-02-12 09:05:44.617512,Paris-6160,-1,55,Normal
2026-02-12 09:05:45.617512,Paris-6160,6,88,Normal
2026-02-12 09:05:46.617512,Paris-6160,16,37,Normal
2026-02-12 09:05:47.617512,Paris-6160,21,68,Normal
2026-02-12 09:05:48.617512,Paris-6160,47,31,Normal
2026-02-12 09:05:49.617512,Paris-6160,8,50,Normal
2026-02-12 09:05:50.617512,Paris-6160,29,61,Normal
2026-02-12 09:05:51.617512,Paris-6160,38,12,Normal
2026-02-12 09:05:52.617512,Paris-6160,-28,79,Normal
2026-02-12 09:05:53.617512,Paris-6160,14,37,Normal
2026-02-12 09:05:54.617512,Paris-6160,0,91,Normal
2026-02-12 09:05:55.617512,Paris-6160,22,11,Normal
2026-02-12 09:05:56.617512,Paris-6160,44,78,Normal
2026-02-12 09:05:57.617512,Paris-6160,34,49,Normal
2026-02-12 09:05:58.617512,Paris-6160,29,56,Normal
2026-02-12 09:05:59.617512,Paris-6160,20,26,Normal
2026-02-12 09:06:00.617512,Paris-6160,49,77,Normal
2026-02-12 09:06:01.617512,Paris-6160,21,55,Normal
2026-02-12 09:06:02.617512,Paris-6160,-30,80,Normal
2026-02-12 09:06:03.617512,Paris-6160,-16,44,Normal
2026-02-12 09:06:04.617512,Paris-6160,-2,84,Normal
2026-02-12 09:06:05.617512,Paris-6160,-18,1,Normal
2026-02-12 09:06:06.617512,Paris-6160,30,60,Normal
2026-02-12 09:06:07.617512,Paris-6160,-16,92,Normal
2026-02-12 09:06:08.617512,Paris-6160,-15,82,Normal
2026-02-12 09:06:09.617512,Paris-6160,45,13,Normal
2026-02-12 09:06:10.617512,Paris-6160,-25,54,Normal
2026-02-12 09:06:11.617512,Paris-6160,-10,28,Normal
2026-02-12 09:06:12.617512,Paris-6160,-3,57,Normal
2026-02-12 09:06:13.617512,Paris-6160,45,37,Normal
2026-02-12 09:06:14.617512,Paris-6160,-18,25,Normal
2026-02-12 09:06:15.617512,Paris-6160,14,58,Normal
2026-02-12 09:06:16.617512,Paris-6160,50,32,Normal
2026-02-12 09:06:17.617512,Paris-6160,38,94,Normal
2026-02-12 09:06:18.617512,Paris-6160,28,53,Normal
2026-02-12 09:06:19.617512,Paris-6160,-5,66,Normal
2026-02-12 09:06:20.617512,Paris-6160,25,19,Normal
2026-02-12 09:06:21.617512,Paris-6160,15,72,Normal
2026-02-12 09:06:22.617512,Paris-6160,-25,10,Normal
2026-02-12 09:06:23.617512,Paris-6160,6,17,Normal
2026-02-12 09:06:24.617512,Paris-6160,28,18,Normal
2026-02-12 09:06:25.617512,Paris-6160,9,52,Normal
2026-02-12 09:06:26.617512,Paris-6160,-26,7,Normal
2026-02-12 09:06:27.617512,Paris-6160,25,26,Normal
2026-02-12 09:06:28.617512,Paris-6160,-18,41,Normal
2026-02-12 09:06:29.617512,Paris-6160,48,17,Normal
2026-02-12 09:06:30.617512,Paris-6160,-5,58,Normal
2026-02-12 09:06:31.617512,Paris-6160,35,36,Normal
2026-02-12 09:06:32.617512,Paris-6160,31,40,Normal
2026-02-12 09:06:33.617512,Paris-6160,44,6,Normal
2026-02-12 09:06:34.617512,Paris-6160,50,67,Normal
2026-02-12 09:06:35.617512,Paris-6160,20,29,Normal
2026-02-12 09:06:36.617512,Paris-6160,38,44,Normal
2026-02-12 09:06:37.617512,Paris-6160,-23,20,Normal
2026-02-12 09:06:38.617512,Paris-6160,31,77,Normal
2026-02-12 09:06:39.617512,Paris-6160,5,82,Normal
2026-02-12 09:06:40.617512,Paris-6160,-14,83,Normal
2026-02-12 09:06:41.617512,Paris-6160,49,51,Normal
2026-02-12 09:06:42.617512,Paris-6160,2,7,Normal
2026-02-12 09:06:43.617512,Paris-6160,-11,33,Normal
2026-02-12 09:06:44.617512,Paris-6160,41,81,Normal
2026-02-12 09:06:45.617512,Paris-6160,45,53,Normal
2026-02-12 09:06:46.617512,Paris-6160,13,28,Normal
2026-02-12 09:06:47.617512,Paris-6160,13,80,Normal
2026-02-12 09:06:48.617512,Paris-6160,-17,67,Normal
2026-02-12 09:06:49.617512,Paris-6160,-5,53,Normal
2026-02-12 09:06:50.617512,Paris-6160,-25,65,Normal
2026-02-12 09:06:51.617512,Paris-6160,27,5,Normal
2026-02-12 09:06:52.617512,Paris-6160,-4,11,Normal
2026-02-12 09:06:53.617512,Paris-6160,25,100,Normal
2026-02-12 09:06:54.617512,Paris-6160,34,38,Normal
2026-02-12 09:06:55.617512,Paris-6160,41,45,Normal
2026-02-12 09:06:56.617512,Paris-6160,18,80,Normal
2026-02-12 09:06:57.617512,Paris-6160,30,28,Normal
2026-02-12 09:06:58.617512,Paris-6160,6,77,Normal
2026-02-12 09:06:59.617512,Paris-6160,36,28,Normal
2026-02-12 09:07:00.617512,Paris-6160,7,89,Normal
2026-02-12 09:07:01.617512,Paris-6160,27,73,Normal
2026-02-12 09:07:02.617512,Paris-6160,31,33,Normal
2026-02-12 09:07:03.617512,Paris-6160,-8,82,Normal
2026-02-12 09:07:04.617512,Paris-6160,37,1,Normal
2026-02-12 09:07:05.617512,Paris-6160,-25,50,Normal
2026-02-12 09:07:06.617512,Paris-6160,40,19,Normal
2026-02-12 09:07:07.617512,Paris-6160,12,63,Normal
2026-02-12 09:07:08.617512,Paris-6160,25,21,Normal
2026-02-12 09:07:09.617512,Paris-6160,-13,40,Normal
2026-02-12 09:07:10.617512,Paris-6160,50,68,Normal
2026-02-12 09:07:11.617512,Paris-6160,-20,35,Normal
2026-02-12 09:07:12.617512,Paris-6160,-29,10,Normal
2026-02-12 09:07:13.617512,Paris-6160,9,52,Normal
2026-02-12 09:07:14.617512,Paris-6160,13,68,Normal
2026-02-12 09:07:15.617512,Paris-6160,34,0,Normal
2026-02-12 09:07:16.617512,Paris-6160,-12,84,Normal
2026-02-12 09:07:17.617512,Paris-6160,-12,83,Normal
2026-02-12 09:07:18.617512,Paris-6160,8,81,Normal
2026-02-12 09:07:19.617512,Paris-6160,37,91,Normal
2026-02-12 09:07:20.617512,Paris-6160,19,78,Normal
2026-02-12 09:07:21.617512,Paris-6160,24,47,Normal
2026-02-12 09:07:22.617512,Paris-6160,26,54,Normal
2026-02-12 09:07:23.617512,Paris-6160,-30,75,Normal
2026-02-12 09:07:24.617512,Paris-6160,45,53,Normal
2026-02-12 09:07:25.617512,Paris-6160,35,45,Normal
2026-02-12 09:07:26.617512,Paris-6160,22,72,Normal
2026-02-12 09:07:27.617512,Paris-6160,49,6,Normal
2026-02-12 09:07:28.617512,Paris-6160,35,100,Normal
2026-02-12 09:07:29.617512,Paris-6160,0,97,Normal
2026-02-12 09:07:30.617512,Paris-6160,37,30,Normal
2026-02-12 09:07:31.617512,Paris-6160,40,78,Normal
2026-02-12 09:07:32.617512,Paris-6160,47,25,Normal
2026-02-12 09:07:33.617512,Paris-6160,4,99,Normal
2026-02-12 09:07:34.617512,Paris-6160,-8,25,Normal
2026-02-12 09:07:35.617512,Paris-6160,25,91,Normal
2026-02-12 09:07:36.617512,Paris-6160,1,1,Normal
2026-02-12 09:07:37.617512,Paris-6160,35,40,Normal
2026-02-12 09:07:38.617512,Paris-6160,-21,61,Normal
2026-02-12 09:07:39.617512,Paris-6160,6,53,Normal
2026-02-12 09:07:40.617512,Paris-6160,19,87,Normal
2026-02-12 09:07:41.617512,Paris-6160,-5,87,Normal
2026-02-12 09:07:42.617512,Paris-6160,8,44,Normal
2026-02-12 09:07:43.617512,Paris-6160,5,22,Normal
2026-02-12 09:07:44.617512,Paris-6160,25,84,Normal
2026-02-12 09:07:45.617512,Paris-6160,37,82,Normal
2026-02-12 09:07:46.617512,Paris-6160,8,16,Normal
2026-02-12 09:07:47.617512,Paris-6160,42,65,Normal
2026-02-12 09:07:48.617512,Paris-6160,42,97,Normal
2026-02-12 09:07:49.617512,Paris-6160,-11,42,Normal
2026-02-12 09:07:50.617512,Paris-6160,12,72,Normal
2026-02-12 09:07:51.617512,Paris-6160,-6,87,Normal
2026-02-12 09:07:52.617512,Paris-6160,15,80,Normal
2026-02-12 09:07:53.617512,Paris-6160,34,71,Normal
2026-02-12 09:07:54.617512,Paris-6160,-8,99,Normal
2026-02-12 09:07:55.617512,Paris-6160,-24,5,Normal
2026-02-12 09:07:56.617512,Paris-6160,7,63,Normal
2026-02-12 09:07:57.617512,Paris-6160,-10,58,Normal
2026-02-12 09:07:58.617512,Paris-6160,-18,15,Normal
2026-02-12 09:07:59.617512,Paris-6160,1,2,Normal
2026-02-12 09:08:00.617512,Paris-6160,-7,49,Normal
2026-02-12 09:08:01.617512,Paris-6160,32,94,Normal
2026-02-12 09:08:02.617512,Paris-6160,0,95,Normal
2026-02-12 09:08:03.617512,Paris-6160,-6,15,Normal
2026-02-12 09:08:04.617512,Paris-6160,16,74,Normal
2026-02-12 09:08:05.617512,Paris-6160,22,16,Normal
2026-02-12 09:08:06.617512,Paris-6160,-22,48,Normal
2026-02-12 09:08:07.617512,Paris-6160,-3,12,Normal
2026-02-12 09:08:08.617512,Paris-6160,-11,79,Normal
2026-02-12 09:08:09.617512,Paris-6160,-15,89,Normal
2026-02-12 09:08:10.617512,Paris-6160,36,67,Normal
2026-02-12 09:08:11.617512,Paris-6160,38,67,Normal
2026-02-12 09:08:12.617512,Paris-6160,24,81,Normal
2026-02-12 09:08:13.617512,Paris-6160,-9,84,Normal
2026-02-12 09:08:14.617512,Paris-6160,49,40,Normal
2026-02-12 09:08:15.617512,Paris-6160,-6,97,Normal
2026-02-12 09:08:16.617512,Paris-6160,19,78,Normal
2026-02-12 09:08:17.617512,Paris-6160,-19,77,Normal
2026-02-12 09:08:18.617512,Paris-6160,20,74,Normal
2026-02-12 09:08:19.617512,Paris-6160,45,0,Normal
2026-02-12 09:08:20.617512,Paris-6160,23,80,Normal
2026-02-12 09:08:21.617512,Paris-6160,21,12,Normal
2026-02-12 09:08:22.617512,Paris-6160,7,8,Normal
2026-02-12 09:08:23.617512,Paris-6160,-9,84,Normal
2026-02-12 09:08:24.617512,Paris-6160,26,43,Normal
2026-02-12 09:08:25.617512,Paris-6160,-22,10,Normal
2026-02-12 09:08:26.617512,Paris-6160,35,84,Normal
2026-02-12 09:08:27.617512,Paris-6160,-7,55,Normal
2026-02-12 09:08:28.617512,Paris-6160,-17,97,Normal
2026-02-12 09:08:29.617512,Paris-6160,41,12,Normal
2026-02-12 09:08:30.617512,Paris-6160,-2,44,Normal
2026-02-12 09:08:31.617512,Paris-6160,33,45,Normal
2026-02-12 09:08:32.617512,Paris-6160,36,5,Normal
2026-02-12 09:08:33.617512,Paris-6160,0,4,Normal
2026-02-12 09:08:34.617512,Paris-6160,42,19,Normal
2026-02-12 09:08:35.617512,Paris-6160,16,51,Normal
2026-02-12 09:08:36.617512,Paris-6160,36,94,Normal
2026-02-12 09:08:37.617512,Paris-6160,-6,71,Normal
2026-02-12 09:08:38.617512,Paris-6160,-11,45,Normal
2026-02-12 09:08:39.617512,Paris-6160,31,59,Normal
2026-02-12 09:08:40.617512,Paris-6160,-23,30,Normal
2026-02-12 09:08:41.617512,Paris-6160,34,31,Normal
2026-02-12 09:08:42.617512,Paris-6160,7,2,Normal
2026-02-12 09:08:43.617512,Paris-6160,35,7,Normal
2026-02-12 09:08:44.617512,Paris-6160,30,93,Normal
2026-02-12 09:08:45.617512,Paris-6160,21,97,Normal
2026-02-12 09:08:46.617512,Paris-6160,40,95,Normal
2026-02-12 09:08:47.617512,Paris-6160,44,77,Normal
2026-02-12 09:08:48.617512,Paris-6160,33,83,Normal
2026-02-12 09:08:49.617512,Paris-6160,-24,40,Normal
2026-02-12 09:08:50.617512,Paris-6160,28,20,Normal
2026-02-12 09:08:51.617512,Paris-6160,0,70,Normal
2026-02-12 09:08:52.617512,Paris-6160,6,13,Normal
2026-02-12 09:08:53.617512,Paris-6160,13,13,Normal
2026-02-12 09:08:54.617512,Paris-6160,40,94,Normal
2026-02-12 09:08:55.617512,Paris-6160,44,8,Normal
2026-02-12 09:08:56.617512,Paris-6160,-6,14,Normal
2026-02-12 09:08:57.617512,Paris-6160,-3,7,Normal
2026-02-12 09:08:58.617512,Paris-6160,-7,60,Normal
2026-02-12 09:08:59.617512,Paris-6160,4,28,Normal
2026-02-12 09:09:00.617512,Paris-6160,-27,36,Normal
2026-02-12 09:09:01.617512,Paris-6160,-2,61,Normal
2026-02-12 09:09:02.617512,Paris-6160,6,16,Normal
2026-02-12 09:09:03.617512,Paris-6160,-7,68,Normal
2026-02-12 09:09:04.617512,Paris-6160,42,85,Normal
2026-02-12 09:09:05.617512,Paris-6160,22,61,Normal
2026-02-12 09:09:06.617512,Paris-6160,13,9,Normal
2026-02-12 09:09:07.617512,Paris-6160,2,37,Normal
2026-02-12 09:09:08.617512,Paris-6160,-16,100,Normal
2026-02-12 09:09:09.617512,Paris-6160,43,19,Normal
2026-02-12 09:09:10.617512,Paris-6160,29,58,Normal
2026-02-12 09:09:11.617512,Paris-6160,1,3,Normal
2026-02-12 09:09:12.617512,Paris-6160,1,4,Normal
2026-02-12 09:09:13.617512,Paris-6160,15,96,Normal
2026-02-12 09:09:14.617512,Paris-6160,26,87,Normal
2026-02-12 09:09:15.617512,Paris-6160,-23,91,Normal
2026-02-12 09:09:16.617512,Paris-6160,11,88,Normal
2026-02-12 09:09:17.617512,Paris-6160,-5,92,Normal
2026-02-12 09:09:18.617512,Paris-6160,42,69,Normal
2026-02-12 09:09:19.617512,Paris-6160,-16,64,Normal
2026-02-12 09:09:20.617512,Paris-6160,11,57,Normal
2026-02-12 09:09:21.617512,Paris-6160,-18,37,Normal
2026-02-12 09:09:22.617512,Paris-6160,44,20,Normal
2026-02-12 09:09:23.617512,Paris-6160,-17,58,Normal
2026-02-12 09:09:24.617512,Paris-6160,-3,26,Normal
2026-02-12 09:09:25.617512,Paris-6160,-20,72,Normal
2026-02-12 09:09:26.617512,Paris-6160,-21,89,Normal
2026-02-12 09:09:27.617512,Paris-6160,4,8,Normal
2026-02-12 09:09:28.617512,Paris-6160,38,52,Normal
2026-02-12 09:09:29.617512,Paris-6160,31,57,Normal
2026-02-12 09:09:30.617512,Paris-6160,37,86,Normal
2026-02-12 09:09:31.617512,Paris-6160,-6,55,Normal
2026-02-12 09:09:32.617512,Paris-6160,21,32,Normal
2026-02-12 09:09:33.617512,Paris-6160,-23,26,Normal
2026-02-12 09:09:34.617512,Paris-6160,-28,97,Normal
2026-02-12 09:09:35.617512,Paris-6160,-11,18,Normal
2026-02-12 09:09:36.617512,Paris-6160,17,24,Normal
2026-02-12 09:09:37.617512,Paris-6160,8,11,Normal
2026-02-12 09:09:38.617512,Paris-6160,27,100,Normal
2026-02-12 09:09:39.617512,Paris-6160,-30,36,Normal
2026-02-12 09:09:40.617512,Paris-6160,-4,46,Normal
2026-02-12 09:09:41.617512,Paris-6160,2,5,Normal
2026-02-12 09:09:42.617512,Paris-6160,24,25,Normal
2026-02-12 09:09:43.617512,Paris-6160,-2,9,Normal
2026-02-12 09:09:44.617512,Paris-6160,11,50,Normal
2026-02-12 09:09:45.617512,Paris-6160,-9,27,Normal
2026-02-12 09:09:46.617512,Paris-6160,-20,94,Normal
2026-02-12 09:09:47.617512,Paris-6160,-16,41,Normal
2026-02-12 09:09:48.617512,Paris-6160,-19,80,Normal
2026-02-12 09:09:49.617512,Paris-6160,42,62,Normal
2026-02-12 09:09:50.617512,Paris-6160,-5,61,Normal
2026-02-12 09:09:51.617512,Paris-6160,-10,93,Normal
2026-02-12 09:09:52.617512,Paris-6160,-22,14,Normal
2026-02-12 09:09:53.617512,Paris-6160,27,37,Normal
2026-02-12 09:09:54.617512,Paris-6160,38,66,Normal
2026-02-12 09:09:55.617512,Paris-6160,-21,53,Normal
2026-02-12 09:09:56.617512,Paris-6160,21,66,Normal
2026-02-12 09:09:57.617512,Paris-6160,16,24,Normal
2026-02-12 09:09:58.617512,Paris-6160,29,95,Normal
2026-02-12 09:09:59.617512,Paris-6160,-19,7,Normal
2026-02-12 09:10:00.617512,Paris-6160,-14,62,Normal
2026-02-12 09:10:01.617512,Paris-6160,-10,97,Normal
2026-02-12 09:10:02.617512,Paris-6160,-15,33,Normal
2026-02-12 09:10:03.617512,Paris-6160,17,56,Normal
2026-02-12 09:10:04.617512,Paris-6160,50,27,Normal
2026-02-12 09:10:05.617512,Paris-6160,-7,69,Normal
2026-02-12 09:10:06.617512,Paris-6160,17,53,Normal
2026-02-12 09:10:07.617512,Paris-6160,-7,9,Normal
2026-02-12 09:10:08.617512,Paris-6160,34,67,Normal
2026-02-12 09:10:09.617512,Paris-6160,22,24,Normal
2026-02-12 09:10:10.617512,Paris-6160,42,93,Normal
2026-02-12 09:10:11.617512,Paris-6160,7,42,Normal
2026-02-12 09:10:12.617512,Paris-6160,19,94,Normal
2026-02-12 09:10:13.617512,Paris-6160,28,3,Normal
2026-02-12 09:10:14.617512,Paris-6160,23,41,Normal
2026-02-12 09:10:15.617512,Paris-6160,48,100,Normal
2026-02-12 09:10:16.617512,Paris-6160,36,35,Normal
2026-02-12 09:10:17.617512,Paris-6160,40,92,Normal
2026-02-12 09:10:18.617512,Paris-6160,17,47,Normal
2026-02-12 09:10:19.617512,Paris-6160,13,60,Normal
2026-02-12 09:10:20.617512,Paris-6160,36,95,Normal
2026-02-12 09:10:21.617512,Paris-6160,40,99,Normal
2026-02-12 09:10:22.617512,Paris-6160,3,78,Normal
2026-02-12 09:10:23.617512,Paris-6160,14,42,Normal
2026-02-12 09:10:24.617512,Paris-6160,-20,1,Normal
2026-02-12 09:10:25.617512,Paris-6160,-10,9,Normal
2026-02-12 09:10:26.617512,Paris-6160,37,1,Normal
2026-02-12 09:10:27.617512,Paris-6160,-12,17,Normal
2026-02-12 09:10:28.617512,Paris-6160,18,15,Normal
2026-02-12 09:10:29.617512,Paris-6160,-22,93,Normal
2026-02-12 09:10:30.617512,Paris-6160,38,67,Normal
2026-02-12 09:10:31.617512,Paris-6160,12,14,Normal
2026-02-12 09:10:32.617512,Paris-6160,40,29,Normal
2026-02-12 09:10:33.617512,Paris-6160,15,20,Normal
2026-02-12 09:10:34.617512,Paris-6160,31,42,Normal
2026-02-12 09:10:35.617512,Paris-6160,47,78,Normal
2026-02-12 09:10:36.617512,Paris-6160,-12,80,Normal
2026-02-12 09:10:37.617512,Paris-6160,47,80,Normal
2026-02-12 09:10:38.617512,Paris-6160,43,98,Normal
2026-02-12 09:10:39.617512,Paris-6160,13,37,Normal
2026-02-12 09:10:40.617512,Paris-6160,25,27,Normal
2026-02-12 09:10:41.617512,Paris-6160,-5,65,Normal
2026-02-12 09:10:42.617512,Paris-6160,46,6,Normal
2026-02-12 09:10:43.617512,Paris-6160,-20,18,Normal
2026-02-12 09:10:44.617512,Paris-6160,34,46,Normal
2026-02-12 09:10:45.617512,Paris-6160,-29,71,Normal
2026-02-12 09:10:46.617512,Paris-6160,23,95,Normal
2026-02-12 09:10:47.617512,Paris-6160,17,69,Normal
2026-02-12 09:10:48.617512,Paris-6160,12,20,Normal
2026-02-12 09:10:49.617512,Paris-6160,35,63,Normal
2026-02-12 09:10:50.617512,Paris-6160,32,90,Normal
2026-02-12 09:10:51.617512,Paris-6160,49,7,Normal
2026-02-12 09:10:52.617512,Paris-6160,28,44,Normal
2026-02-12 09:10:53.617512,Paris-6160,4,28,Normal
2026-02-12 09:10:54.617512,Paris-6160,-16,94,Normal
2026-02-12 09:10:55.617512,Paris-6160,-24,92,Normal
2026-02-12 09:10:56.617512,Paris-6160,41,98,Normal
2026-02-12 09:10:57.617512,Paris-6160,29,45,Normal
2026-02-12 09:10:58.617512,Paris-6160,-18,69,Normal
2026-02-12 09:10:59.617512,Paris-6160,27,82,Normal
2026-02-12 09:11:00.617512,Paris-6160,-25,52,Normal
2026-02-12 09:11:01.617512,Paris-6160,12,68,Normal
2026-02-12 09:11:02.617512,Paris-6160,3,81,Normal
2026-02-12 09:11:03.617512,Paris-6160,21,6,Normal
2026-02-12 09:11:04.617512,Paris-6160,-4,83,Normal
2026-02-12 09:11:05.617512,Paris-6160,32,74,Normal
2026-02-12 09:11:06.617512,Paris-6160,18,39,Normal
2026-02-12 09:11:07.617512,Paris-6160,20,18,Normal
2026-02-12 09:11:08.617512,Paris-6160,31,38,Normal
2026-02-12 09:11:09.617512,Paris-6160,47,40,Normal
2026-02-12 09:11:10.617512,Paris-6160,9,22,Normal
2026-02-12 09:11:11.617512,Paris-6160,0,35,Normal
2026-02-12 09:11:12.617512,Paris-6160,47,55,Normal
2026-02-12 09:11:13.617512,Paris-6160,-7,65,Normal
2026-02-12 09:11:14.617512,Paris-6160,41,53,Normal
2026-02-12 09:11:15.617512,Paris-6160,20,11,Normal
2026-02-12 09:11:16.617512,Paris-6160,40,3,Normal
2026-02-12 09:11:17.617512,Paris-6160,32,84,Normal
2026-02-12 09:11:18.617512,Paris-6160,0,13,Normal
2026-02-12 09:11:19.617512,Paris-6160,2,68,Normal
2026-02-12 09:11:20.617512,Paris-6160,26,75,Normal
2026-02-12 09:11:21.617512,Paris-6160,-5,18,Normal
2026-02-12 09:11:22.617512,Paris-6160,43,1,Normal
2026-02-12 09:11:23.617512,Paris-6160,-16,45,Normal
2026-02-12 09:11:24.617512,Paris-6160,1,52,Normal
2026-02-12 09:11:25.617512,Paris-6160,42,85,Normal
2026-02-12 09:11:26.617512,Paris-6160,-20,36,Normal
2026-02-12 09:11:27.617512,Paris-6160,1,84,Normal
2026-02-12 09:11:28.617512,Paris-6160,18,12,Normal
2026-02-12 09:11:29.617512,Paris-6160,-7,57,Normal
2026-02-12 09:11:30.617512,Paris-6160,40,83,Normal
2026-02-12 09:11:31.617512,Paris-6160,28,97,Normal
2026-02-12 09:11:32.617512,Paris-6160,16,66,Normal
2026-02-12 09:11:33.617512,Paris-6160,-19,65,Normal
2026-02-12 09:11:34.617512,Paris-6160,29,7,Normal
2026-02-12 09:11:35.617512,Paris-6160,25,98,Normal
2026-02-12 09:11:36.617512,Paris-6160,3,62,Normal
2026-02-12 09:11:37.617512,Paris-6160,49,40,Normal
2026-02-12 09:11:38.617512,Paris-6160,-24,73,Normal
2026-02-12 09:11:39.617512,Paris-6160,-3,63,Normal
2026-02-12 09:11:40.617512,Paris-6160,39,55,Normal
2026-02-12 09:11:41.617512,Paris-6160,29,77,Normal
2026-02-12 09:11:42.617512,Paris-6160,34,64,Normal
2026-02-12 09:11:43.617512,Paris-6160,36,19,Normal
2026-02-12 09:11:44.617512,Paris-6160,30,100,Normal
2026-02-12 09:11:45.617512,Paris-6160,-14,4,Normal
2026-02-12 09:11:46.617512,Paris-6160,-14,48,Normal
2026-02-12 09:11:47.617512,Paris-6160,-8,72,Normal
2026-02-12 09:11:48.617512,Paris-6160,24,24,Normal
2026-02-12 09:11:49.617512,Paris-6160,41,37,Normal
2026-02-12 09:11:50.617512,Paris-6160,24,25,Normal
2026-02-12 09:11:51.617512,Paris-6160,9,25,Normal
2026-02-12 09:11:52.617512,Paris-6160,22,52,Normal
2026-02-12 09:11:53.617512,Paris-6160,45,73,Normal
2026-02-12 09:11:54.617512,Paris-6160,2,81,Normal
2026-02-12 09:11:55.617512,Paris-6160,-20,5,Normal
2026-02-12 09:11:56.617512,Paris-6160,-9,10,Normal
2026-02-12 09:11:57.617512,Paris-6160,19,28,Normal
2026-02-12 09:11:58.617512,Paris-6160,34,44,Normal
2026-02-12 09:11:59.617512,Paris-6160,25,45,Normal
2026-02-12 09:12:00.617512,Paris-6160,18,25,Normal
2026-02-12 09:12:01.617512,Paris-6160,10,5,Normal
2026-02-12 09:12:02.617512,Paris-6160,3,97,Normal
2026-02-12 09:12:03.617512,Paris-6160,-19,82,Normal
2026-02-12 09:12:04.617512,Paris-6160,-29,40,Normal
2026-02-12 09:12:05.617512,Paris-6160,5,20,Normal
2026-02-12 09:12:06.617512,Paris-6160,-10,51,Normal
2026-02-12 09:12:07.617512,Paris-6160,28,35,Normal
2026-02-12 09:12:08.617512,Paris-6160,29,8,Normal
2026-02-12 09:12:09.617512,Paris-6160,-30,28,Normal
2026-02-12 09:12:10.617512,Paris-6160,15,17,Normal
2026-02-12 09:12:11.617512,Paris-6160,27,34,Normal
2026-02-12 09:12:12.617512,Paris-6160,9,6,Normal
2026-02-12 09:12:13.617512,Paris-6160,-29,94,Normal
2026-02-12 09:12:14.617512,Paris-6160,-19,61,Normal
2026-02-12 09:12:15.617512,Paris-6160,-11,27,Normal
2026-02-12 09:12:16.617512,Paris-6160,7,44,Normal
2026-02-12 09:12:17.617512,Paris-6160,1,91,Normal
2026-02-12 09:12:18.617512,Paris-6160,-18,35,Normal
2026-02-12 09:12:19.617512,Paris-6160,-27,16,Normal
2026-02-12 09:12:20.617512,Paris-6160,43,67,Normal
2026-02-12 09:12:21.617512,Paris-6160,26,76,Normal
2026-02-12 09:12:22.617512,Paris-6160,12,34,Normal
2026-02-12 09:12:23.617512,Paris-6160,6,39,Normal
2026-02-12 09:12:24.617512,Paris-6160,7,86,Normal
2026-02-12 09:12:25.617512,Paris-6160,5,4,Normal
2026-02-12 09:12:26.617512,Paris-6160,-18,3,Normal
2026-02-12 09:12:27.617512,Paris-6160,-8,34,Normal
2026-02-12 09:12:28.617512,Paris-6160,36,92,Normal
2026-02-12 09:12:29.617512,Paris-6160,26,16,Normal
2026-02-12 09:12:30.617512,Paris-6160,-19,35,Normal
2026-02-12 09:12:31.617512,Paris-6160,33,36,Normal
2026-02-12 09:12:32.617512,Paris-6160,-15,58,Normal
2026-02-12 09:12:33.617512,Paris-6160,-5,41,Normal
2026-02-12 09:12:34.617512,Paris-6160,22,53,Normal
2026-02-12 09:12:35.617512,Paris-6160,3,14,Normal
2026-02-12 09:12:36.617512,Paris-6160,-19,97,Normal
2026-02-12 09:12:37.617512,Paris-6160,-26,6,Normal
2026-02-12 09:12:38.617512,Paris-6160,50,25,Normal
2026-02-12 09:12:39.617512,Paris-6160,21,51,Normal
2026-02-12 09:12:40.617512,Paris-6160,39,4,Normal
2026-02-12 09:12:41.617512,Paris-6160,2,25,Normal
2026-02-12 09:12:42.617512,Paris-6160,22,5,Normal
2026-02-12 09:12:43.617512,Paris-6160,-21,43,Normal
2026-02-12 09:12:44.617512,Paris-6160,37,2,Normal
2026-02-12 09:12:45.617512,Paris-6160,25,100,Normal
2026-02-12 09:12:46.617512,Paris-6160,-20,53,Normal
2026-02-12 09:12:47.617512,Paris-6160,12,3,Normal
2026-02-12 09:12:48.617512,Paris-6160,25,68,Normal
2026-02-12 09:12:49.617512,Paris-6160,30,12,Normal
2026-02-12 09:12:50.617512,Paris-6160,-16,6,Normal
2026-02-12 09:12:51.617512,Paris-6160,48,74,Normal
2026-02-12 09:12:52.617512,Paris-6160,-27,7,Normal
2026-02-12 09:12:53.617512,Paris-6160,27,37,Normal
2026-02-12 09:12:54.617512,Paris-6160,4,97,Normal
2026-02-12 09:12:55.617512,Paris-6160,21,82,Normal
2026-02-12 09:12:56.617512,Paris-6160,47,47,Normal
2026-02-12 09:12:57.617512,Paris-6160,28,23,Normal
2026-02-12 09:12:58.617512,Paris-6160,-16,66,Normal
2026-02-12 09:12:59.617512,Paris-6160,-7,48,Normal
2026-02-12 09:13:00.617512,Paris-6160,35,70,Normal
2026-02-12 09:13:01.617512,Paris-6160,-5,21,Normal
2026-02-12 09:13:02.617512,Paris-6160,30,19,Normal
2026-02-12 09:13:03.617512,Paris-6160,46,62,Normal
2026-02-12 09:13:04.617512,Paris-6160,20,17,Normal
2026-02-12 09:13:05.617512,Paris-6160,34,55,Normal
2026-02-12 09:13:06.617512,Paris-6160,-5,27,Normal
2026-02-12 09:13:07.617512,Paris-6160,29,30,Normal
2026-02-12 09:13:08.617512,Paris-6160,-4,0,Normal
2026-02-12 09:13:09.617512,Paris-6160,-14,61,Normal
2026-02-12 09:13:10.617512,Paris-6160,-18,47,Normal
2026-02-12 09:13:11.617512,Paris-6160,49,59,Normal
2026-02-12 09:13:12.617512,Paris-6160,23,58,Normal
2026-02-12 09:13:13.617512,Paris-6160,42,81,Normal
2026-02-12 09:13:14.617512,Paris-6160,22,9,Normal
2026-02-12 09:13:15.617512,Paris-6160,27,49,Normal
2026-02-12 09:13:16.617512,Paris-6160,25,83,Normal
2026-02-12 09:13:17.617512,Paris-6160,7,32,Normal
2026-02-12 09:13:18.617512,Paris-6160,0,71,Normal
2026-02-12 09:13:19.617512,Paris-6160,43,59,Normal
2026-02-12 09:13:20.617512,Paris-6160,-26,16,Normal
2026-02-12 09:13:21.617512,Paris-6160,-26,95,Normal
2026-02-12 09:13:22.617512,Paris-6160,10,18,Normal
2026-02-12 09:13:23.617512,Paris-6160,-23,23,Normal
2026-02-12 09:13:24.617512,Paris-6160,1,85,Normal
2026-02-12 09:13:25.617512,Paris-6160,23,88,Normal
2026-02-12 09:13:26.617512,Paris-6160,-2,48,Normal
2026-02-12 09:13:27.617512,Paris-6160,-27,77,Normal
2026-02-12 09:13:28.617512,Paris-6160,48,88,Normal
2026-02-12 09:13:29.617512,Paris-6160,-5,83,Normal
2026-02-12 09:13:30.617512,Paris-6160,-20,36,Normal
2026-02-12 09:13:31.617512,Paris-6160,-28,4,Normal
2026-02-12 09:13:32.617512,Paris-6160,50,71,Normal
2026-02-12 09:13:33.617512,Paris-6160,-20,25,Normal
2026-02-12 09:13:34.617512,Paris-6160,0,88,Normal
2026-02-12 09:13:35.617512,Paris-6160,-21,74,Normal
2026-02-12 09:13:36.617512,Paris-6160,36,70,Normal
2026-02-12 09:13:37.617512,Paris-6160,31,3,Normal
2026-02-12 09:13:38.617512,Paris-6160,37,95,Normal
2026-02-12 09:13:39.617512,Paris-6160,28,97,Normal
2026-02-12 09:13:40.617512,Paris-6160,17,33,Normal
2026-02-12 09:13:41.617512,Paris-6160,-9,80,Normal
2026-02-12 09:13:42.617512,Paris-6160,-7,22,Normal
2026-02-12 09:13:43.617512,Paris-6160,12,12,Normal
2026-02-12 09:13:44.617512,Paris-6160,28,85,Normal
2026-02-12 09:13:45.617512,Paris-6160,25,59,Normal
2026-02-12 09:13:46.617512,Paris-6160,49,67,Normal
2026-02-12 09:13:47.617512,Paris-6160,12,76,Normal
2026-02-12 09:13:48.617512,Paris-6160,11,8,Normal
2026-02-12 09:13:49.617512,Paris-6160,35,55,Normal
2026-02-12 09:13:50.617512,Paris-6160,19,39,Normal
2026-02-12 09:13:51.617512,Paris-6160,-4,43,Normal
2026-02-12 09:13:52.617512,Paris-6160,14,23,Normal
2026-02-12 09:13:53.617512,Paris-6160,34,73,Normal
2026-02-12 09:13:54.617512,Paris-6160,-13,78,Normal
2026-02-12 09:13:55.617512,Paris-6160,34,29,Normal
2026-02-12 09:13:56.617512,Paris-6160,29,90,Normal
2026-02-12 09:13:57.617512,Paris-6160,-12,20,Normal
2026-02-12 09:13:58.617512,Paris-6160,7,64,Normal
2026-02-12 09:13:59.617512,Paris-6160,37,77,Normal
2026-02-12 09:14:00.617512,Paris-6160,23,40,Normal
2026-02-12 09:14:01.617512,Paris-6160,-21,82,Normal
2026-02-12 09:14:02.617512,Paris-6160,-21,4,Normal
2026-02-12 09:14:03.617512,Paris-6160,13,71,Normal
2026-02-12 09:14:04.617512,Paris-6160,-28,12,Normal
2026-02-12 09:14:05.617512,Paris-6160,50,79,Normal
2026-02-12 09:14:06.617512,Paris-6160,-21,75,Normal
2026-02-12 09:14:07.617512,Paris-6160,35,76,Normal
2026-02-12 09:14:08.617512,Paris-6160,-14,87,Normal
2026-02-12 09:14:09.617512,Paris-6160,45,73,Normal
2026-02-12 09:14:10.617512,Paris-6160,26,64,Normal
2026-02-12 09:14:11.617512,Paris-6160,30,42,Normal
2026-02-12 09:14:12.617512,Paris-6160,-17,8,Normal
2026-02-12 09:14:13.617512,Paris-6160,-8,63,Normal
2026-02-12 09:14:14.617512,Paris-6160,-4,69,Normal
2026-02-12 09:14:15.617512,Paris-6160,48,39,Normal
2026-02-12 09:14:16.617512,Paris-6160,15,40,Normal
2026-02-12 09:14:17.617512,Paris-6160,-11,48,Normal
2026-02-12 09:14:18.617512,Paris-6160,38,84,Normal
2026-02-12 09:14:19.617512,Paris-6160,-30,81,Normal
2026-02-12 09:14:20.617512,Paris-6160,25,36,Normal
2026-02-12 09:14:21.617512,Paris-6160,-14,56,Normal
2026-02-12 09:14:22.617512,Paris-6160,-16,13,Normal
2026-02-12 09:14:23.617512,Paris-6160,30,72,Normal
2026-02-12 09:14:24.617512,Paris-6160,5,43,Normal
2026-02-12 09:14:25.617512,Paris-6160,12,44,Normal
2026-02-12 09:14:26.617512,Paris-6160,-6,6,Normal
2026-02-12 09:14:27.617512,Paris-6160,18,4,Normal
2026-02-12 09:14:28.617512,Paris-6160,-7,55,Normal
2026-02-12 09:14:29.617512,Paris-6160,17,40,Normal
2026-02-12 09:14:30.617512,Paris-6160,-7,15,Normal
2026-02-12 09:14:31.617512,Paris-6160,43,14,Normal
2026-02-12 09:14:32.617512,Paris-6160,14,90,Normal
2026-02-12 09:14:33.617512,Paris-6160,12,45,Normal
2026-02-12 09:14:34.617512,Paris-6160,45,1,Normal
2026-02-12 09:14:35.617512,Paris-6160,-1,10,Normal
2026-02-12 09:14:36.617512,Paris-6160,-1,49,Normal
2026-02-12 09:14:37.617512,Paris-6160,48,8,Normal
2026-02-12 09:14:38.617512,Paris-6160,30,55,Normal
2026-02-12 09:14:39.617512,Paris-6160,47,6,Normal
2026-02-12 09:14:40.617512,Paris-6160,1,54,Normal
2026-02-12 09:14:41.617512,Paris-6160,-10,52,Normal
2026-02-12 09:14:42.617512,Paris-6160,-2,54,Normal
2026-02-12 09:14:43.617512,Paris-6160,0,91,Normal
2026-02-12 09:14:44.617512,Paris-6160,-25,10,Normal
2026-02-12 09:14:45.617512,Paris-6160,-26,48,Normal
2026-02-12 09:14:46.617512,Paris-6160,22,3,Normal
2026-02-12 09:14:47.617512,Paris-6160,-19,78,Normal
2026-02-12 09:14:48.617512,Paris-6160,-1,46,Normal
2026-02-12 09:14:49.617512,Paris-6160,-4,9,Normal
2026-02-12 09:14:50.617512,Paris-6160,12,90,Normal
2026-02-12 09:14:51.617512,Paris-6160,39,77,Normal
2026-02-12 09:14:52.617512,Paris-6160,28,17,Normal
2026-02-12 09:14:53.617512,Paris-6160,50,37,Normal
2026-02-12 09:14:54.617512,Paris-6160,32,66,Normal
2026-02-12 09:14:55.617512,Paris-6160,-20,82,Normal
2026-02-12 09:14:56.617512,Paris-6160,-18,35,Normal
2026-02-12 09:14:57.617512,Paris-6160,-20,21,Normal
2026-02-12 09:14:58.617512,Paris-6160,17,86,Normal
2026-02-12 09:14:59.617512,Paris-6160,6,89,Normal
2026-02-12 09:15:00.617512,Paris-6160,33,17,Normal
2026-02-12 09:15:01.617512,Paris-6160,45,67,Normal
2026-02-12 09:15:02.617512,Paris-6160,40,48,Normal
2026-02-12 09:15:03.617512,Paris-6160,25,32,Normal
2026-02-12 09:15:04.617512,Paris-6160,47,47,Normal
2026-02-12 09:15:05.617512,Paris-6160,12,100,Normal
2026-02-12 09:15:06.617512,Paris-6160,-28,13,Normal
2026-02-12 09:15:07.617512,Paris-6160,8,66,Normal
2026-02-12 09:15:08.617512,Paris-6160,39,52,Normal
2026-02-12 09:15:09.617512,Paris-6160,20,3,Normal
2026-02-12 09:15:10.617512,Paris-6160,5,23,Normal
2026-02-12 09:15:11.617512,Paris-6160,15,81,Normal
2026-02-12 09:15:12.617512,Paris-6160,29,64,Normal
2026-02-12 09:15:13.617512,Paris-6160,2,76,Normal
2026-02-12 09:15:14.617512,Paris-6160,-19,31,Normal
2026-02-12 09:15:15.617512,Paris-6160,1,75,Normal
2026-02-12 09:15:16.617512,Paris-6160,34,77,Normal
2026-02-12 09:15:17.617512,Paris-6160,-20,6,Normal
2026-02-12 09:15:18.617512,Paris-6160,37,46,Normal
2026-02-12 09:15:19.617512,Paris-6160,37,59,Normal
2026-02-12 09:15:20.617512,Paris-6160,-9,2,Normal
2026-02-12 09:15:21.617512,Paris-6160,48,18,Normal
2026-02-12 09:15:22.617512,Paris-6160,25,80,Normal
2026-02-12 09:15:23.617512,Paris-6160,-6,87,Normal
2026-02-12 09:15:24.617512,Paris-6160,29,82,Normal
2026-02-12 09:15:25.617512,Paris-6160,40,99,Normal
2026-02-12 09:15:26.617512,Paris-6160,50,6,Normal
2026-02-12 09:15:27.617512,Paris-6160,-4,15,Normal
2026-02-12 09:15:28.617512,Paris-6160,7,4,Normal
2026-02-12 09:15:29.617512,Paris-6160,39,13,Normal
2026-02-12 09:15:30.617512,Paris-6160,-11,66,Normal
2026-02-12 09:15:31.617512,Paris-6160,-9,5,Normal
2026-02-12 09:15:32.617512,Paris-6160,25,62,Normal
2026-02-12 09:15:33.617512,Paris-6160,30,69,Normal
2026-02-12 09:15:34.617512,Paris-6160,35,38,Normal
2026-02-12 09:15:35.617512,Paris-6160,48,2,Normal
2026-02-12 09:15:36.617512,Paris-6160,-14,51,Normal
2026-02-12 09:15:37.617512,Paris-6160,-26,74,Normal
2026-02-12 09:15:38.617512,Paris-6160,-15,54,Normal
2026-02-12 09:15:39.617512,Paris-6160,19,9,Normal
2026-02-12 09:15:40.617512,Paris-6160,12,23,Normal
2026-02-12 09:15:41.617512,Paris-6160,34,52,Normal
2026-02-12 09:15:42.617512,Paris-6160,11,1,Normal
2026-02-12 09:15:43.617512,Paris-6160,-16,5,Normal
2026-02-12 09:15:44.617512,Paris-6160,48,21,Normal
2026-02-12 09:15:45.617512,Paris-6160,5,62,Normal
2026-02-12 09:15:46.617512,Paris-6160,-14,1,Normal
2026-02-12 09:15:47.617512,Paris-6160,-1,63,Normal
2026-02-12 09:15:48.617512,Paris-6160,47,84,Normal
2026-02-12 09:15:49.617512,Paris-6160,1,37,Normal
2026-02-12 09:15:50.617512,Paris-6160,-18,2,Normal
2026-02-12 09:15:51.617512,Paris-6160,13,90,Normal
2026-02-12 09:15:52.617512,Paris-6160,41,39,Normal
2026-02-12 09:15:53.617512,Paris-6160,-10,67,Normal
2026-02-12 09:15:54.617512,Paris-6160,25,100,Normal
2026-02-12 09:15:55.617512,Paris-6160,-11,11,Normal
2026-02-12 09:15:56.617512,Paris-6160,-29,94,Normal
2026-02-12 09:15:57.617512,Paris-6160,43,68,Normal
2026-02-12 09:15:58.617512,Paris-6160,44,18,Normal
2026-02-12 09:15:59.617512,Paris-6160,11,93,Normal
2026-02-12 09:16:00.617512,Paris-6160,-17,32,Normal
2026-02-12 09:16:01.617512,Paris-6160,25,60,Normal
2026-02-12 09:16:02.617512,Paris-6160,50,39,Normal
2026-02-12 09:16:03.617512,Paris-6160,6,60,Normal
2026-02-12 09:16:04.617512,Paris-6160,41,23,Normal
2026-02-12 09:16:05.617512,Paris-6160,28,76,Normal
2026-02-12 09:16:06.617512,Paris-6160,12,12,Normal
2026-02-12 09:16:07.617512,Paris-6160,-8,34,Normal
2026-02-12 09:16:08.617512,Paris-6160,45,25,Normal
2026-02-12 09:16:09.617512,Paris-6160,50,85,Normal
2026-02-12 09:16:10.617512,Paris-6160,5,70,Normal
2026-02-12 09:16:11.617512,Paris-6160,-27,2,Normal
2026-02-12 09:16:12.617512,Paris-6160,49,72,Normal
2026-02-12 09:16:13.617512,Paris-6160,37,36,Normal
2026-02-12 09:16:14.617512,Paris-6160,47,71,Normal
2026-02-12 09:16:15.617512,Paris-6160,-13,87,Normal
2026-02-12 09:16:16.617512,Paris-6160,2,81,Normal
2026-02-12 09:16:17.617512,Paris-6160,5,70,Normal
2026-02-12 09:16:18.617512,Paris-6160,-1,60,Normal
2026-02-12 09:16:19.617512,Paris-6160,22,58,Normal
2026-02-12 09:16:20.617512,Paris-6160,50,7,Normal
2026-02-12 09:16:21.617512,Paris-6160,39,91,Normal
2026-02-12 09:16:22.617512,Paris-6160,-29,73,Normal
2026-02-12 09:16:23.617512,Paris-6160,-9,13,Normal
2026-02-12 09:16:24.617512,Paris-6160,49,54,Normal
2026-02-12 09:16:25.617512,Paris-6160,31,79,Normal
2026-02-12 09:16:26.617512,Paris-6160,-28,28,Normal
2026-02-12 09:16:27.617512,Paris-6160,-15,25,Normal
2026-02-12 09:16:28.617512,Paris-6160,-23,66,Normal
2026-02-12 09:16:29.617512,Paris-6160,-29,66,Normal
2026-02-12 09:16:30.617512,Paris-6160,-6,42,Normal
2026-02-12 09:16:31.617512,Paris-6160,18,65,Normal
2026-02-12 09:16:32.617512,Paris-6160,-15,40,Normal
2026-02-12 09:16:33.617512,Paris-6160,30,37,Normal
2026-02-12 09:16:34.617512,Paris-6160,-3,62,Normal
2026-02-12 09:16:35.617512,Paris-6160,-10,16,Normal
2026-02-12 09:16:36.617512,Paris-6160,3,46,Normal
2026-02-12 09:16:37.617512,Paris-6160,-6,1,Normal
2026-02-12 09:16:38.617512,Paris-6160,15,1,Normal
2026-02-12 09:16:39.617512,Paris-6160,-30,78,Normal
2026-02-12 09:16:40.617512,Paris-6160,14,76,Normal
2026-02-12 09:16:41.617512,Paris-6160,13,77,Normal
2026-02-12 09:16:42.617512,Paris-6160,12,76,Normal
2026-02-12 09:16:43.617512,Paris-6160,12,79,Normal
2026-02-12 09:16:44.617512,Paris-6160,17,31,Normal
2026-02-12 09:16:45.617512,Paris-6160,-16,65,Normal
2026-02-12 09:16:46.617512,Paris-6160,37,97,Normal
2026-02-12 09:16:47.617512,Paris-6160,24,72,Normal
2026-02-12 09:16:48.617512,Paris-6160,-2,73,Normal
2026-02-12 09:16:49.617512,Paris-6160,21,100,Normal
2026-02-12 09:16:50.617512,Paris-6160,31,42,Normal
2026-02-12 09:16:51.617512,Paris-6160,26,62,Normal
2026-02-12 09:16:52.617512,Paris-6160,-7,47,Normal
2026-02-12 09:16:53.617512,Paris-6160,8,57,Normal
2026-02-12 09:16:54.617512,Paris-6160,38,69,Normal
2026-02-12 09:16:55.617512,Paris-6160,41,76,Normal
2026-02-12 09:16:56.617512,Paris-6160,36,45,Normal
2026-02-12 09:16:57.617512,Paris-6160,7,98,Normal
2026-02-12 09:16:58.617512,Paris-6160,21,24,Normal
2026-02-12 09:16:59.617512,Paris-6160,-8,18,Normal
2026-02-12 09:17:00.617512,Paris-6160,-13,79,Normal
2026-02-12 09:17:01.617512,Paris-6160,-6,42,Normal
2026-02-12 09:17:02.617512,Paris-6160,-15,57,Normal
2026-02-12 09:17:03.617512,Paris-6160,26,53,Normal
2026-02-12 09:17:04.617512,Paris-6160,-5,89,Normal
2026-02-12 09:17:05.617512,Paris-6160,7,48,Normal
2026-02-12 09:17:06.617512,Paris-6160,-18,91,Normal
2026-02-12 09:17:07.617512,Paris-6160,26,73,Normal
2026-02-12 09:17:08.617512,Paris-6160,35,73,Normal
2026-02-12 09:17:09.617512,Paris-6160,50,84,Normal
2026-02-12 09:17:10.617512,Paris-6160,-28,25,Normal
2026-02-12 09:17:11.617512,Paris-6160,-11,29,Normal
2026-02-12 09:17:12.617512,Paris-6160,38,0,Normal
2026-02-12 09:17:13.617512,Paris-6160,-3,49,Normal
2026-02-12 09:17:14.617512,Paris-6160,-3,7,Normal
2026-02-12 09:17:15.617512,Paris-6160,36,46,Normal
2026-02-12 09:17:16.617512,Paris-6160,13,51,Normal
2026-02-12 09:17:17.617512,Paris-6160,-29,100,Normal
2026-02-12 09:17:18.617512,Paris-6160,10,17,Normal
2026-02-12 09:17:19.617512,Paris-6160,32,77,Normal
2026-02-12 09:17:20.617512,Paris-6160,30,48,Normal
2026-02-12 09:17:21.617512,Paris-6160,30,13,Normal
2026-02-12 09:17:22.617512,Paris-6160,-6,50,Normal
2026-02-12 09:17:23.617512,Paris-6160,10,44,Normal
2026-02-12 09:17:24.617512,Paris-6160,24,55,Normal
2026-02-12 09:17:25.617512,Paris-6160,41,50,Normal
2026-02-12 09:17:26.617512,Paris-6160,-26,33,Normal
2026-02-12 09:17:27.617512,Paris-6160,-18,90,Normal
2026-02-12 09:17:28.617512,Paris-6160,19,71,Normal
2026-02-12 09:17:29.617512,Paris-6160,-13,86,Normal
2026-02-12 09:17:30.617512,Paris-6160,3,38,Normal
2026-02-12 09:17:31.617512,Paris-6160,6,39,Normal
2026-02-12 09:17:32.617512,Paris-6160,-18,87,Normal
2026-02-12 09:17:33.617512,Paris-6160,22,80,Normal
2026-02-12 09:17:34.617512,Paris-6160,43,57,Normal
2026-02-12 09:17:35.617512,Paris-6160,47,40,Normal
2026-02-12 09:17:36.617512,Paris-6160,12,73,Normal
2026-02-12 09:17:37.617512,Paris-6160,44,32,Normal
2026-02-12 09:17:38.617512,Paris-6160,-9,76,Normal
2026-02-12 09:17:39.617512,Paris-6160,24,16,Normal
2026-02-12 09:17:40.617512,Paris-6160,44,82,Normal
2026-02-12 09:17:41.617512,Paris-6160,34,94,Normal
2026-02-12 09:17:42.617512,Paris-6160,8,79,Normal
2026-02-12 09:17:43.617512,Paris-6160,-23,5,Normal
2026-02-12 09:17:44.617512,Paris-6160,23,88,Normal
2026-02-12 09:17:45.617512,Paris-6160,16,52,Normal
2026-02-12 09:17:46.617512,Paris-6160,-2,84,Normal
2026-02-12 09:17:47.617512,Paris-6160,-22,78,Normal
2026-02-12 09:17:48.617512,Paris-6160,-9,74,Normal
2026-02-12 09:17:49.617512,Paris-6160,-26,89,Normal
2026-02-12 09:17:50.617512,Paris-6160,31,38,Normal
2026-02-12 09:17:51.617512,Paris-6160,-25,91,Normal
2026-02-12 09:17:52.617512,Paris-6160,43,80,Normal
2026-02-12 09:17:53.617512,Paris-6160,-22,53,Normal
2026-02-12 09:17:54.617512,Paris-6160,-2,58,Normal
2026-02-12 09:17:55.617512,Paris-6160,-24,64,Normal
2026-02-12 09:17:56.617512,Paris-6160,30,2,Normal
2026-02-12 09:17:57.617512,Paris-6160,2,40,Normal
2026-02-12 09:17:58.617512,Paris-6160,24,67,Normal
2026-02-12 09:17:59.617512,Paris-6160,12,9,Normal
2026-02-12 09:18:00.617512,Paris-6160,4,68,Normal
2026-02-12 09:18:01.617512,Paris-6160,26,65,Normal
2026-02-12 09:18:02.617512,Paris-6160,3,30,Normal
2026-02-12 09:18:03.617512,Paris-6160,-26,32,Normal
2026-02-12 09:18:04.617512,Paris-6160,-2,16,Normal
2026-02-12 09:18:05.617512,Paris-6160,-11,39,Normal
2026-02-12 09:18:06.617512,Paris-6160,-10,95,Normal
2026-02-12 09:18:07.617512,Paris-6160,12,95,Normal
2026-02-12 09:18:08.617512,Paris-6160,21,58,Normal
2026-02-12 09:18:09.617512,Paris-6160,10,47,Normal
2026-02-12 09:18:10.617512,Paris-6160,2,42,Normal
2026-02-12 09:18:11.617512,Paris-6160,-13,14,Normal
2026-02-12 09:18:12.617512,Paris-6160,-28,28,Normal
2026-02-12 09:18:13.617512,Paris-6160,15,56,Normal
2026-02-12 09:18:14.617512,Paris-6160,-12,43,Normal
2026-02-12 09:18:15.617512,Paris-6160,-10,5,Normal
2026-02-12 09:18:16.617512,Paris-6160,24,15,Normal
2026-02-12 09:18:17.617512,Paris-6160,49,48,Normal
2026-02-12 09:18:18.617512,Paris-6160,6,61,Normal
2026-02-12 09:18:19.617512,Paris-6160,-4,6,Normal
2026-02-12 09:18:20.617512,Paris-6160,47,90,Normal
2026-02-12 09:18:21.617512,Paris-6160,-6,51,Normal
2026-02-12 09:18:22.617512,Paris-6160,14,77,Normal
2026-02-12 09:18:23.617512,Paris-6160,17,10,Normal
2026-02-12 09:18:24.617512,Paris-6160,-13,83,Normal
2026-02-12 09:18:25.617512,Paris-6160,12,36,Normal
2026-02-12 09:18:26.617512,Paris-6160,39,45,Normal
2026-02-12 09:18:27.617512,Paris-6160,22,60,Normal
2026-02-12 09:18:28.617512,Paris-6160,39,54,Normal
2026-02-12 09:18:29.617512,Paris-6160,6,16,Normal
2026-02-12 09:18:30.617512,Paris-6160,0,56,Normal
2026-02-12 09:18:31.617512,Paris-6160,-19,43,Normal
2026-02-12 09:18:32.617512,Paris-6160,48,35,Normal
2026-02-12 09:18:33.617512,Paris-6160,-8,1,Normal
2026-02-12 09:18:34.617512,Paris-6160,48,56,Normal
2026-02-12 09:18:35.617512,Paris-6160,49,64,Normal
2026-02-12 09:18:36.617512,Paris-6160,38,6,Normal
2026-02-12 09:18:37.617512,Paris-6160,50,14,Normal
2026-02-12 09:18:38.617512,Paris-6160,-30,31,Normal
2026-02-12 09:18:39.617512,Paris-6160,25,42,Normal
2026-02-12 09:18:40.617512,Paris-6160,-18,2,Normal
2026-02-12 09:18:41.617512,Paris-6160,-12,39,Normal
2026-02-12 09:18:42.617512,Paris-6160,14,68,Normal
2026-02-12 09:18:43.617512,Paris-6160,-29,92,Normal
2026-02-12 09:18:44.617512,Paris-6160,-1,81,Normal
2026-02-12 09:18:45.617512,Paris-6160,45,84,Normal
2026-02-12 09:18:46.617512,Paris-6160,-23,88,Normal
2026-02-12 09:18:47.617512,Paris-6160,49,96,Normal
2026-02-12 09:18:48.617512,Paris-6160,-29,84,Normal
2026-02-12 09:18:49.617512,Paris-6160,6,1,Normal
2026-02-12 09:18:50.617512,Paris-6160,19,98,Normal
2026-02-12 09:18:51.617512,Paris-6160,47,23,Normal
2026-02-12 09:18:52.617512,Paris-6160,-13,25,Normal
2026-02-12 09:18:53.617512,Paris-6160,-1,88,Normal
2026-02-12 09:18:54.617512,Paris-6160,-30,81,Normal
2026-02-12 09:18:55.617512,Paris-6160,14,23,Normal
2026-02-12 09:18:56.617512,Paris-6160,8,49,Normal
2026-02-12 09:18:57.617512,Paris-6160,-27,57,Normal
2026-02-12 09:18:58.617512,Paris-6160,19,46,Normal
2026-02-12 09:18:59.617512,Paris-6160,36,86,Normal
2026-02-12 09:19:00.617512,Paris-6160,6,78,Normal
2026-02-12 09:19:01.617512,Paris-6160,-7,98,Normal
2026-02-12 09:19:02.617512,Paris-6160,-2,99,Normal
2026-02-12 09:19:03.617512,Paris-6160,45,48,Normal
2026-02-12 09:19:04.617512,Paris-6160,39,52,Normal
2026-02-12 09:19:05.617512,Paris-6160,39,48,Normal
2026-02-12 09:19:06.617512,Paris-6160,29,33,Normal
2026-02-12 09:19:07.617512,Paris-6160,45,65,Normal
2026-02-12 09:19:08.617512,Paris-6160,-20,79,Normal
2026-02-12 09:19:09.617512,Paris-6160,3,63,Normal
2026-02-12 09:19:10.617512,Paris-6160,34,87,Normal
2026-02-12 09:19:11.617512,Paris-6160,2,65,Normal
2026-02-12 09:19:12.617512,Paris-6160,11,96,Normal
2026-02-12 09:19:13.617512,Paris-6160,-26,0,Normal
2026-02-12 09:19:14.617512,Paris-6160,25,79,Normal
2026-02-12 09:19:15.617512,Paris-6160,-15,44,Normal
2026-02-12 09:19:16.617512,Paris-6160,0,5,Normal
2026-02-12 09:19:17.617512,Paris-6160,6,26,Normal
2026-02-12 09:19:18.617512,Paris-6160,-15,98,Normal
2026-02-12 09:19:19.617512,Paris-6160,6,20,Normal
2026-02-12 09:19:20.617512,Paris-6160,48,67,Normal
2026-02-12 09:19:21.617512,Paris-6160,-21,73,Normal
2026-02-12 09:19:22.617512,Paris-6160,3,94,Normal
2026-02-12 09:19:23.617512,Paris-6160,10,44,Normal
2026-02-12 09:19:24.617512,Paris-6160,-24,28,Normal
2026-02-12 09:19:25.617512,Paris-6160,23,83,Normal
2026-02-12 09:19:26.617512,Paris-6160,25,77,Normal
2026-02-12 09:19:27.617512,Paris-6160,43,52,Normal
2026-02-12 09:19:28.617512,Paris-6160,33,8,Normal
2026-02-12 09:19:29.617512,Paris-6160,-22,29,Normal
2026-02-12 09:19:30.617512,Paris-6160,14,80,Normal
2026-02-12 09:19:31.617512,Paris-6160,7,71,Normal
2026-02-12 09:19:32.617512,Paris-6160,10,70,Normal
2026-02-12 09:19:33.617512,Paris-6160,-29,75,Normal
2026-02-12 09:19:34.617512,Paris-6160,31,88,Normal
2026-02-12 09:19:35.617512,Paris-6160,-29,97,Normal
2026-02-12 09:19:36.617512,Paris-6160,38,0,Normal
2026-02-12 09:19:37.617512,Paris-6160,43,16,Normal
2026-02-12 09:19:38.617512,Paris-6160,17,45,Normal
2026-02-12 09:19:39.617512,Paris-6160,1,84,Normal
2026-02-12 09:19:40.617512,Paris-6160,17,21,Normal
2026-02-12 09:19:41.617512,Paris-6160,19,75,Normal
2026-02-12 09:19:42.617512,Paris-6160,5,83,Normal
2026-02-12 09:19:43.617512,Paris-6160,5,89,Normal
2026-02-12 09:19:44.617512,Paris-6160,-21,42,Normal
2026-02-12 09:19:45.617512,Paris-6160,-14,25,Normal
2026-02-12 09:19:46.617512,Paris-6160,-30,84,Normal
2026-02-12 09:19:47.617512,Paris-6160,21,7,Normal
2026-02-12 09:19:48.617512,Paris-6160,-1,2,Normal
2026-02-12 09:19:49.617512,Paris-6160,-5,87,Normal
2026-02-12 09:19:50.617512,Paris-6160,-27,86,Normal
2026-02-12 09:19:51.617512,Paris-6160,-7,55,Normal
2026-02-12 09:19:52.617512,Paris-6160,27,26,Normal
2026-02-12 09:19:53.617512,Paris-6160,0,43,Normal
2026-02-12 09:19:54.617512,Paris-6160,16,12,Normal
2026-02-12 09:19:55.617512,Paris-6160,-20,87,Normal
2026-02-12 09:19:56.617512,Paris-6160,10,62,Normal
2026-02-12 09:19:57.617512,Paris-6160,12,69,Normal
2026-02-12 09:19:58.617512,Paris-6160,37,0,Normal
2026-02-12 09:19:59.617512,Paris-6160,23,21,Normal
2026-02-12 09:20:00.617512,Paris-6160,-24,64,Normal
2026-02-12 09:20:01.617512,Paris-6160,-7,37,Normal
2026-02-12 09:20:02.617512,Paris-6160,29,68,Normal
2026-02-12 09:20:03.617512,Paris-6160,18,58,Normal
2026-02-12 09:20:04.617512,Paris-6160,16,89,Normal
2026-02-12 09:20:05.617512,Paris-6160,-21,22,Normal
2026-02-12 09:20:06.617512,Paris-6160,47,20,Normal
2026-02-12 09:20:07.617512,Paris-6160,4,9,Normal
2026-02-12 09:20:08.617512,Paris-6160,-11,6,Normal
2026-02-12 09:20:09.617512,Paris-6160,-26,44,Normal
2026-02-12 09:20:10.617512,Paris-6160,-21,5,Normal
2026-02-12 09:20:11.617512,Paris-6160,37,92,Normal
2026-02-12 09:20:12.617512,Paris-6160,-24,69,Normal
2026-02-12 09:20:13.617512,Paris-6160,-19,85,Normal
2026-02-12 09:20:14.617512,Paris-6160,6,96,Normal
2026-02-12 09:20:15.617512,Paris-6160,37,0,Normal
2026-02-12 09:20:16.617512,Paris-6160,24,89,Normal
2026-02-12 09:20:17.617512,Paris-6160,19,54,Normal
2026-02-12 09:20:18.617512,Paris-6160,28,52,Normal
2026-02-12 09:20:19.617512,Paris-6160,-24,44,Normal
2026-02-12 09:20:20.617512,Paris-6160,3,33,Normal
2026-02-12 09:20:21.617512,Paris-6160,27,36,Normal
2026-02-12 09:20:22.617512,Paris-6160,-10,79,Normal
2026-02-12 09:20:23.617512,Paris-6160,-12,25,Normal
2026-02-12 09:20:24.617512,Paris-6160,47,65,Normal
2026-02-12 09:20:25.617512,Paris-6160,-18,9,Normal
2026-02-12 09:20:26.617512,Paris-6160,-10,92,Normal
2026-02-12 09:20:27.617512,Paris-6160,43,25,Normal
2026-02-12 09:20:28.617512,Paris-6160,-12,66,Normal
2026-02-12 09:20:29.617512,Paris-6160,-23,26,Normal
2026-02-12 09:20:30.617512,Paris-6160,-20,56,Normal
2026-02-12 09:20:31.617512,Paris-6160,25,61,Normal
2026-02-12 09:20:32.617512,Paris-6160,6,54,Normal
2026-02-12 09:20:33.617512,Paris-6160,6,50,Normal
2026-02-12 09:20:34.617512,Paris-6160,-18,51,Normal
2026-02-12 09:20:35.617512,Paris-6160,6,42,Normal
2026-02-12 09:20:36.617512,Paris-6160,37,19,Normal
2026-02-12 09:20:37.617512,Paris-6160,-15,92,Normal
2026-02-12 09:20:38.617512,Paris-6160,22,85,Normal
2026-02-12 09:20:39.617512,Paris-6160,20,70,Normal
2026-02-12 09:20:40.617512,Paris-6160,19,3,Normal
2026-02-12 09:20:41.617512,Paris-6160,24,24,Normal
2026-02-12 09:20:42.617512,Paris-6160,-12,52,Normal
2026-02-12 09:20:43.617512,Paris-6160,37,70,Normal
2026-02-12 09:20:44.617512,Paris-6160,46,75,Normal
2026-02-12 09:20:45.617512,Paris-6160,-9,96,Normal
2026-02-12 09:20:46.617512,Paris-6160,28,61,Normal
2026-02-12 09:20:47.617512,Paris-6160,16,98,Normal
2026-02-12 09:20:48.617512,Paris-6160,22,67,Normal
2026-02-12 09:20:49.617512,Paris-6160,8,82,Normal
2026-02-12 09:20:50.617512,Paris-6160,-6,53,Normal
2026-02-12 09:20:51.617512,Paris-6160,5,1,Normal
2026-02-12 09:20:52.617512,Paris-6160,31,93,Normal
2026-02-12 09:20:53.617512,Paris-6160,23,28,Normal
2026-02-12 09:20:54.617512,Paris-6160,-12,41,Normal
2026-02-12 09:20:55.617512,Paris-6160,22,34,Normal
2026-02-12 09:20:56.617512,Paris-6160,-13,78,Normal
2026-02-12 09:20:57.617512,Paris-6160,-1,14,Normal
2026-02-12 09:20:58.617512,Paris-6160,29,48,Normal
2026-02-12 09:20:59.617512,Paris-6160,-21,38,Normal
2026-02-12 09:21:00.617512,Paris-6160,28,79,Normal
2026-02-12 09:21:01.617512,Paris-6160,32,64,Normal
2026-02-12 09:21:02.617512,Paris-6160,10,49,Normal
2026-02-12 09:21:03.617512,Paris-6160,-7,70,Normal
2026-02-12 09:21:04.617512,Paris-6160,36,6,Normal
2026-02-12 09:21:05.617512,Paris-6160,-27,87,Normal
2026-02-12 09:21:06.617512,Paris-6160,50,74,Normal
2026-02-12 09:21:07.617512,Paris-6160,-23,82,Normal
2026-02-12 09:21:08.617512,Paris-6160,-4,92,Normal
2026-02-12 09:21:09.617512,Paris-6160,35,62,Normal
2026-02-12 09:21:10.617512,Paris-6160,18,39,Normal
2026-02-12 09:21:11.617512,Paris-6160,-19,0,Normal
2026-02-12 09:21:12.617512,Paris-6160,7,79,Normal
2026-02-12 09:21:13.617512,Paris-6160,-10,99,Normal
2026-02-12 09:21:14.617512,Paris-6160,-10,100,Normal
2026-02-12 09:21:15.617512,Paris-6160,3,23,Normal
2026-02-12 09:21:16.617512,Paris-6160,32,52,Normal
2026-02-12 09:21:17.617512,Paris-6160,-11,24,Normal
2026-02-12 09:21:18.617512,Paris-6160,23,15,Normal
2026-02-12 09:21:19.617512,Paris-6160,5,49,Normal
2026-02-12 09:21:20.617512,Paris-6160,-10,25,Normal
2026-02-12 09:21:21.617512,Paris-6160,3,97,Normal
2026-02-12 09:21:22.617512,Paris-6160,43,88,Normal
2026-02-12 09:21:23.617512,Paris-6160,-14,16,Normal
2026-02-12 09:21:24.617512,Paris-6160,-9,1,Normal
2026-02-12 09:21:25.617512,Paris-6160,-2,80,Normal
2026-02-12 09:21:26.617512,Paris-6160,-20,78,Normal
2026-02-12 09:21:27.617512,Paris-6160,23,52,Normal
2026-02-12 09:21:28.617512,Paris-6160,18,10,Normal
2026-02-12 09:21:29.617512,Paris-6160,45,26,Normal
2026-02-12 09:21:30.617512,Paris-6160,-26,21,Normal
2026-02-12 09:21:31.617512,Paris-6160,37,84,Normal
2026-02-12 09:21:32.617512,Paris-6160,-30,89,Normal
2026-02-12 09:21:33.617512,Paris-6160,20,77,Normal
2026-02-12 09:21:34.617512,Paris-6160,20,43,Normal
2026-02-12 09:21:35.617512,Paris-6160,27,52,Normal
2026-02-12 09:21:36.617512,Paris-6160,17,16,Normal
2026-02-12 09:21:37.617512,Paris-6160,20,32,Normal
2026-02-12 09:21:38.617512,Paris-6160,15,91,Normal
2026-02-12 09:21:39.617512,Paris-6160,23,39,Normal
2026-02-12 09:21:40.617512,Paris-6160,14,25,Normal
2026-02-12 09:21:41.617512,Paris-6160,7,37,Normal
2026-02-12 09:21:42.617512,Paris-6160,3,89,Normal
2026-02-12 09:21:43.617512,Paris-6160,38,70,Normal
2026-02-12 09:21:44.617512,Paris-6160,49,57,Normal
2026-02-12 09:21:45.617512,Paris-6160,-20,67,Normal
2026-02-12 09:21:46.617512,Paris-6160,0,18,Normal
2026-02-12 09:21:47.617512,Paris-6160,-26,66,Normal
2026-02-12 09:21:48.617512,Paris-6160,-30,65,Normal
2026-02-12 09:21:49.617512,Paris-6160,-15,65,Normal
2026-02-12 09:21:50.617512,Paris-6160,-26,89,Normal
2026-02-12 09:21:51.617512,Paris-6160,-2,100,Normal
2026-02-12 09:21:52.617512,Paris-6160,-11,65,Normal
2026-02-12 09:21:53.617512,Paris-6160,2,0,Normal
2026-02-12 09:21:54.617512,Paris-6160,20,88,Normal
2026-02-12 09:21:55.617512,Paris-6160,12,34,Normal
2026-02-12 09:21:56.617512,Paris-6160,-28,32,Normal
2026-02-12 09:21:57.617512,Paris-6160,-6,70,Normal
2026-02-12 09:21:58.617512,Paris-6160,21,11,Normal
2026-02-12 09:21:59.617512,Paris-6160,16,46,Normal
2026-02-12 09:22:00.617512,Paris-6160,-12,48,Normal
2026-02-12 09:22:01.617512,Paris-6160,21,45,Normal
2026-02-12 09:22:02.617512,Paris-6160,48,44,Normal
2026-02-12 09:22:03.617512,Paris-6160,-16,72,Normal
2026-02-12 09:22:04.617512,Paris-6160,12,1,Normal
2026-02-12 09:22:05.617512,Paris-6160,31,3,Normal
2026-02-12 09:22:06.617512,Paris-6160,-18,67,Normal
2026-02-12 09:22:07.617512,Paris-6160,45,59,Normal
2026-02-12 09:22:08.617512,Paris-6160,25,34,Normal
2026-02-12 09:22:09.617512,Paris-6160,-6,42,Normal
2026-02-12 09:22:10.617512,Paris-6160,31,14,Normal
2026-02-12 09:22:11.617512,Paris-6160,10,96,Normal
2026-02-12 09:22:12.617512,Paris-6160,-20,61,Normal
2026-02-12 09:22:13.617512,Paris-6160,13,88,Normal
2026-02-12 09:22:14.617512,Paris-6160,-17,43,Normal
2026-02-12 09:22:15.617512,Paris-6160,-21,75,Normal
2026-02-12 09:22:16.617512,Paris-6160,-8,85,Normal
2026-02-12 09:22:17.617512,Paris-6160,-13,85,Normal
2026-02-12 09:22:18.617512,Paris-6160,-23,59,Normal
2026-02-12 09:22:19.617512,Paris-6160,4,35,Normal
2026-02-12 09:22:20.617512,Paris-6160,15,60,Normal
2026-02-12 09:22:21.617512,Paris-6160,-14,72,Normal
2026-02-12 09:22:22.617512,Paris-6160,-19,19,Normal
2026-02-12 09:22:23.617512,Paris-6160,12,10,Normal
2026-02-12 09:22:24.617512,Paris-6160,-18,92,Normal
2026-02-12 09:22:25.617512,Paris-6160,27,85,Normal
2026-02-12 09:22:26.617512,Paris-6160,36,49,Normal
2026-02-12 09:22:27.617512,Paris-6160,32,15,Normal
2026-02-12 09:22:28.617512,Paris-6160,24,91,Normal
2026-02-12 09:22:29.617512,Paris-6160,-23,11,Normal
2026-02-12 09:22:30.617512,Paris-6160,-15,52,Normal
2026-02-12 09:22:31.617512,Paris-6160,-7,95,Normal
2026-02-12 09:22:32.617512,Paris-6160,18,9,Normal
2026-02-12 09:22:33.617512,Paris-6160,-23,45,Normal
2026-02-12 09:22:34.617512,Paris-6160,-30,98,Normal
2026-02-12 09:22:35.617512,Paris-6160,21,16,Normal
2026-02-12 09:22:36.617512,Paris-6160,8,91,Normal
2026-02-12 09:22:37.617512,Paris-6160,-26,81,Normal
2026-02-12 09:22:38.617512,Paris-6160,46,52,Normal
2026-02-12 09:22:39.617512,Paris-6160,7,73,Normal
2026-02-12 09:22:40.617512,Paris-6160,44,46,Normal
2026-02-12 09:22:41.617512,Paris-6160,-15,76,Normal
2026-02-12 09:22:42.617512,Paris-6160,22,19,Normal
2026-02-12 09:22:43.617512,Paris-6160,20,77,Normal
2026-02-12 09:22:44.617512,Paris-6160,12,66,Normal
2026-02-12 09:22:45.617512,Paris-6160,35,57,Normal
2026-02-12 09:22:46.617512,Paris-6160,27,79,Normal
2026-02-12 09:22:47.617512,Paris-6160,26,59,Normal
2026-02-12 09:22:48.617512,Paris-6160,-13,68,Normal
2026-02-12 09:22:49.617512,Paris-6160,44,52,Normal
2026-02-12 09:22:50.617512,Paris-6160,-25,94,Normal
2026-02-12 09:22:51.617512,Paris-6160,50,12,Normal
2026-02-12 09:22:52.617512,Paris-6160,16,88,Normal
2026-02-12 09:22:53.617512,Paris-6160,31,81,Normal
2026-02-12 09:22:54.617512,Paris-6160,-3,98,Normal
2026-02-12 09:22:55.617512,Paris-6160,41,13,Normal
2026-02-12 09:22:56.617512,Paris-6160,29,82,Normal
2026-02-12 09:22:57.617512,Paris-6160,33,46,Normal
2026-02-12 09:22:58.617512,Paris-6160,4,34,Normal
2026-02-12 09:22:59.617512,Paris-6160,28,90,Normal
2026-02-12 09:23:00.617512,Paris-6160,50,100,Normal
2026-02-12 09:23:01.617512,Paris-6160,-4,17,Normal
2026-02-12 09:23:02.617512,Paris-6160,-30,56,Normal
2026-02-12 09:23:03.617512,Paris-6160,26,77,Normal
2026-02-12 09:23:04.617512,Paris-6160,-14,42,Normal
2026-02-12 09:23:05.617512,Paris-6160,-13,22,Normal
2026-02-12 09:23:06.617512,Paris-6160,47,62,Normal
2026-02-12 09:23:07.617512,Paris-6160,-8,11,Normal
2026-02-12 09:23:08.617512,Paris-6160,34,35,Normal
2026-02-12 09:23:09.617512,Paris-6160,-21,82,Normal
2026-02-12 09:23:10.617512,Paris-6160,22,90,Normal
2026-02-12 09:23:11.617512,Paris-6160,-15,71,Normal
2026-02-12 09:23:12.617512,Paris-6160,-10,30,Normal
2026-02-12 09:23:13.617512,Paris-6160,5,31,Normal
2026-02-12 09:23:14.617512,Paris-6160,47,3,Normal
2026-02-12 09:23:15.617512,Paris-6160,-3,22,Normal
2026-02-12 09:23:16.617512,Paris-6160,26,42,Normal
2026-02-12 09:23:17.617512,Paris-6160,24,53,Normal
2026-02-12 09:23:18.617512,Paris-6160,38,60,Normal
2026-02-12 09:23:19.617512,Paris-6160,-26,69,Normal
2026-02-12 09:23:20.617512,Paris-6160,16,77,Normal
2026-02-12 09:23:21.617512,Paris-6160,0,40,Normal
2026-02-12 09:23:22.617512,Paris-6160,-9,87,Normal
2026-02-12 09:23:23.617512,Paris-6160,26,86,Normal
2026-02-12 09:23:24.617512,Paris-6160,-10,1,Normal
2026-02-12 09:23:25.617512,Paris-6160,16,100,Normal
2026-02-12 09:23:26.617512,Paris-6160,13,56,Normal
2026-02-12 09:23:27.617512,Paris-6160,8,45,Normal
2026-02-12 09:23:28.617512,Paris-6160,39,26,Normal
2026-02-12 09:23:29.617512,Paris-6160,31,80,Normal
2026-02-12 09:23:30.617512,Paris-6160,0,61,Normal
2026-02-12 09:23:31.617512,Paris-6160,17,97,Normal
2026-02-12 09:23:32.617512,Paris-6160,-27,66,Normal
2026-02-12 09:23:33.617512,Paris-6160,-26,12,Normal
2026-02-12 09:23:34.617512,Paris-6160,24,13,Normal
2026-02-12 09:23:35.617512,Paris-6160,10,50,Normal
2026-02-12 09:23:36.617512,Paris-6160,12,74,Normal
2026-02-12 09:23:37.617512,Paris-6160,-4,24,Normal
2026-02-12 09:23:38.617512,Paris-6160,10,24,Normal
2026-02-12 09:23:39.617512,Paris-6160,26,66,Normal
2026-02-12 09:23:40.617512,Paris-6160,19,35,Normal
2026-02-12 09:23:41.617512,Paris-6160,36,37,Normal
2026-02-12 09:23:42.617512,Paris-6160,-21,57,Normal
2026-02-12 09:23:43.617512,Paris-6160,15,50,Normal
2026-02-12 09:23:44.617512,Paris-6160,49,62,Normal
2026-02-12 09:23:45.617512,Paris-6160,-25,78,Normal
2026-02-12 09:23:46.617512,Paris-6160,2,71,Normal
2026-02-12 09:23:47.617512,Paris-6160,-18,89,Normal
2026-02-12 09:23:48.617512,Paris-6160,3,95,Normal
2026-02-12 09:23:49.617512,Paris-6160,-26,47,Normal
2026-02-12 09:23:50.617512,Paris-6160,9,43,Normal
2026-02-12 09:23:51.617512,Paris-6160,10,78,Normal
2026-02-12 09:23:52.617512,Paris-6160,43,63,Normal
2026-02-12 09:23:53.617512,Paris-6160,-2,47,Normal
2026-02-12 09:23:54.617512,Paris-6160,9,27,Normal
2026-02-12 09:23:55.617512,Paris-6160,-16,49,Normal
2026-02-12 09:23:56.617512,Paris-6160,30,98,Normal
2026-02-12 09:23:57.617512,Paris-6160,9,23,Normal
2026-02-12 09:23:58.617512,Paris-6160,-22,64,Normal
2026-02-12 09:23:59.617512,Paris-6160,34,78,Normal
2026-02-12 09:24:00.617512,Paris-6160,42,61,Normal
2026-02-12 09:24:01.617512,Paris-6160,49,33,Normal
2026-02-12 09:24:02.617512,Paris-6160,9,3,Normal
2026-02-12 09:24:03.617512,Paris-6160,20,49,Normal
2026-02-12 09:24:04.617512,Paris-6160,16,91,Normal
2026-02-12 09:24:05.617512,Paris-6160,41,87,Normal
2026-02-12 09:24:06.617512,Paris-6160,28,34,Normal
2026-02-12 09:24:07.617512,Paris-6160,3,14,Normal
2026-02-12 09:24:08.617512,Paris-6160,-22,66,Normal
2026-02-12 09:24:09.617512,Paris-6160,-27,39,Normal
2026-02-12 09:24:10.617512,Paris-6160,-13,70,Normal
2026-02-12 09:24:11.617512,Paris-6160,14,21,Normal
2026-02-12 09:24:12.617512,Paris-6160,46,80,Normal
2026-02-12 09:24:13.617512,Paris-6160,-22,77,Normal
2026-02-12 09:24:14.617512,Paris-6160,39,30,Normal
2026-02-12 09:24:15.617512,Paris-6160,17,99,Normal
2026-02-12 09:24:16.617512,Paris-6160,21,86,Normal
2026-02-12 09:24:17.617512,Paris-6160,45,84,Normal
2026-02-12 09:24:18.617512,Paris-6160,28,70,Normal
2026-02-12 09:24:19.617512,Paris-6160,-5,39,Normal
2026-02-12 09:24:20.617512,Paris-6160,-3,22,Normal
2026-02-12 09:24:21.617512,Paris-6160,-17,63,Normal
2026-02-12 09:24:22.617512,Paris-6160,14,33,Normal
2026-02-12 09:24:23.617512,Paris-6160,-9,71,Normal
2026-02-12 09:24:24.617512,Paris-6160,50,1,Normal
2026-02-12 09:24:25.617512,Paris-6160,47,23,Normal
2026-02-12 09:24:26.617512,Paris-6160,8,0,Normal
2026-02-12 09:24:27.617512,Paris-6160,41,82,Normal
2026-02-12 09:24:28.617512,Paris-6160,-20,99,Normal
2026-02-12 09:24:29.617512,Paris-6160,42,55,Normal
2026-02-12 09:24:30.617512,Paris-6160,28,22,Normal
2026-02-12 09:24:31.617512,Paris-6160,-6,47,Normal
2026-02-12 09:24:32.617512,Paris-6160,23,40,Normal
2026-02-12 09:24:33.617512,Paris-6160,9,58,Normal
2026-02-12 09:24:34.617512,Paris-6160,-16,65,Normal
2026-02-12 09:24:35.617512,Paris-6160,-28,51,Normal
2026-02-12 09:24:36.617512,Paris-6160,-29,29,Normal
2026-02-12 09:24:37.617512,Paris-6160,10,74,Normal
2026-02-12 09:24:38.617512,Paris-6160,43,58,Normal
2026-02-12 09:24:39.617512,Paris-6160,-17,47,Normal
2026-02-12 09:24:40.617512,Paris-6160,-17,46,Normal
2026-02-12 09:24:41.617512,Paris-6160,44,7,Normal
2026-02-12 09:24:42.617512,Paris-6160,4,84,Normal
2026-02-12 09:24:43.617512,Paris-6160,5,58,Normal
2026-02-12 09:24:44.617512,Paris-6160,-4,81,Normal
2026-02-12 09:24:45.617512,Paris-6160,-25,11,Normal
2026-02-12 09:24:46.617512,Paris-6160,2,64,Normal
2026-02-12 09:24:47.617512,Paris-6160,-13,60,Normal
2026-02-12 09:24:48.617512,Paris-6160,43,75,Normal
2026-02-12 09:24:49.617512,Paris-6160,-20,48,Normal
2026-02-12 09:24:50.617512,Paris-6160,9,96,Normal
2026-02-12 09:24:51.617512,Paris-6160,-5,91,Normal
2026-02-12 09:24:52.617512,Paris-6160,32,78,Normal
2026-02-12 09:24:53.617512,Paris-6160,46,58,Normal
2026-02-12 09:24:54.617512,Paris-6160,-11,51,Normal
2026-02-12 09:24:55.617512,Paris-6160,-8,51,Normal
2026-02-12 09:24:56.617512,Paris-6160,-17,19,Normal
2026-02-12 09:24:57.617512,Paris-6160,37,53,Normal
2026-02-12 09:24:58.617512,Paris-6160,44,71,Normal
2026-02-12 09:24:59.617512,Paris-6160,-16,47,Normal
2026-02-12 09:25:00.617512,Paris-6160,23,29,Normal
2026-02-12 09:25:01.617512,Paris-6160,-2,21,Normal
2026-02-12 09:25:02.617512,Paris-6160,32,48,Normal
2026-02-12 09:25:03.617512,Paris-6160,33,71,Normal
2026-02-12 09:25:04.617512,Paris-6160,18,44,Normal
2026-02-12 09:25:05.617512,Paris-6160,-12,80,Normal
2026-02-12 09:25:06.617512,Paris-6160,1,59,Normal
2026-02-12 09:25:07.617512,Paris-6160,27,54,Normal
2026-02-12 09:25:08.617512,Paris-6160,20,0,Normal
2026-02-12 09:25:09.617512,Paris-6160,47,94,Normal
2026-02-12 09:25:10.617512,Paris-6160,16,71,Normal
2026-02-12 09:25:11.617512,Paris-6160,-16,82,Normal
2026-02-12 09:25:12.617512,Paris-6160,42,33,Normal
2026-02-12 09:25:13.617512,Paris-6160,-4,46,Normal
2026-02-12 09:25:14.617512,Paris-6160,-6,34,Normal
2026-02-12 09:25:15.617512,Paris-6160,-7,40,Normal
2026-02-12 09:25:16.617512,Paris-6160,-2,50,Normal
2026-02-12 09:25:17.617512,Paris-6160,-8,56,Normal
2026-02-12 09:25:18.617512,Paris-6160,26,31,Normal
2026-02-12 09:25:19.617512,Paris-6160,35,97,Normal
2026-02-12 09:25:20.617512,Paris-6160,47,64,Normal
2026-02-12 09:25:21.617512,Paris-6160,-22,51,Normal
2026-02-12 09:25:22.617512,Paris-6160,-10,29,Normal
2026-02-12 09:25:23.617512,Paris-6160,22,22,Normal
2026-02-12 09:25:24.617512,Paris-6160,13,99,Normal
2026-02-12 09:25:25.617512,Paris-6160,-30,27,Normal
2026-02-12 09:25:26.617512,Paris-6160,12,60,Normal
2026-02-12 09:25:27.617512,Paris-6160,-7,85,Normal
2026-02-12 09:25:28.617512,Paris-6160,22,40,Normal
2026-02-12 09:25:29.617512,Paris-6160,6,30,Normal
2026-02-12 09:25:30.617512,Paris-6160,42,57,Normal
2026-02-12 09:25:31.617512,Paris-6160,30,76,Normal
2026-02-12 09:25:32.617512,Paris-6160,41,90,Normal
2026-02-12 09:25:33.617512,Paris-6160,46,20,Normal
2026-02-12 09:25:34.617512,Paris-6160,32,86,Normal
2026-02-12 09:25:35.617512,Paris-6160,25,100,Normal
2026-02-12 09:25:36.617512,Paris-6160,8,93,Normal
2026-02-12 09:25:37.617512,Paris-6160,30,68,Normal
2026-02-12 09:25:38.617512,Paris-6160,2,22,Normal
2026-02-12 09:25:39.617512,Paris-6160,19,33,Normal
2026-02-12 09:25:40.617512,Paris-6160,16,70,Normal
2026-02-12 09:25:41.617512,Paris-6160,0,80,Normal
2026-02-12 09:25:42.617512,Paris-6160,-19,23,Normal
2026-02-12 09:25:43.617512,Paris-6160,10,62,Normal
2026-02-12 09:25:44.617512,Paris-6160,-26,58,Normal
2026-02-12 09:25:45.617512,Paris-6160,-5,27,Normal
2026-02-12 09:25:46.617512,Paris-6160,33,64,Normal
2026-02-12 09:25:47.617512,Paris-6160,33,42,Normal
2026-02-12 09:25:48.617512,Paris-6160,39,99,Normal
2026-02-12 09:25:49.617512,Paris-6160,18,83,Normal
2026-02-12 09:25:50.617512,Paris-6160,-19,69,Normal
2026-02-12 09:25:51.617512,Paris-6160,39,64,Normal
2026-02-12 09:25:52.617512,Paris-6160,37,17,Normal
2026-02-12 09:25:53.617512,Paris-6160,-6,94,Normal
2026-02-12 09:25:54.617512,Paris-6160,5,17,Normal
2026-02-12 09:25:55.617512,Paris-6160,-4,52,Normal
2026-02-12 09:25:56.617512,Paris-6160,-24,25,Normal
2026-02-12 09:25:57.617512,Paris-6160,40,70,Normal
2026-02-12 09:25:58.617512,Paris-6160,30,42,Normal
2026-02-12 09:25:59.617512,Paris-6160,-11,72,Normal
2026-02-12 09:26:00.617512,Paris-6160,14,81,Normal
2026-02-12 09:26:01.617512,Paris-6160,-29,76,Normal
2026-02-12 09:26:02.617512,Paris-6160,37,7,Normal
2026-02-12 09:26:03.617512,Paris-6160,-15,100,Normal
2026-02-12 09:26:04.617512,Paris-6160,9,38,Normal
2026-02-12 09:26:05.617512,Paris-6160,17,85,Normal
2026-02-12 09:26:06.617512,Paris-6160,-30,21,Normal
2026-02-12 09:26:07.617512,Paris-6160,-19,45,Normal
2026-02-12 09:26:08.617512,Paris-6160,42,90,Normal
2026-02-12 09:26:09.617512,Paris-6160,36,98,Normal
2026-02-12 09:26:10.617512,Paris-6160,26,13,Normal
2026-02-12 09:26:11.617512,Paris-6160,3,28,Normal
2026-02-12 09:26:12.617512,Paris-6160,31,52,Normal
2026-02-12 09:26:13.617512,Paris-6160,-9,59,Normal
2026-02-12 09:26:14.617512,Paris-6160,50,15,Normal
2026-02-12 09:26:15.617512,Paris-6160,-7,34,Normal
2026-02-12 09:26:16.617512,Paris-6160,47,17,Normal
2026-02-12 09:26:17.617512,Paris-6160,13,42,Normal
2026-02-12 09:26:18.617512,Paris-6160,39,49,Normal
2026-02-12 09:26:19.617512,Paris-6160,-9,54,Normal
2026-02-12 09:26:20.617512,Paris-6160,38,80,Normal
2026-02-12 09:26:21.617512,Paris-6160,-14,49,Normal
2026-02-12 09:26:22.617512,Paris-6160,15,15,Normal
2026-02-12 09:26:23.617512,Paris-6160,-14,84,Normal
2026-02-12 09:26:24.617512,Paris-6160,-1,41,Normal
2026-02-12 09:26:25.617512,Paris-6160,47,97,Normal
2026-02-12 09:26:26.617512,Paris-6160,-30,63,Normal
2026-02-12 09:26:27.617512,Paris-6160,17,52,Normal
2026-02-12 09:26:28.617512,Paris-6160,-20,64,Normal
2026-02-12 09:26:29.617512,Paris-6160,38,71,Normal
2026-02-12 09:26:30.617512,Paris-6160,26,3,Normal
2026-02-12 09:26:31.617512,Paris-6160,45,76,Normal
2026-02-12 09:26:32.617512,Paris-6160,38,61,Normal
2026-02-12 09:26:33.617512,Paris-6160,13,59,Normal
2026-02-12 09:26:34.617512,Paris-6160,31,24,Normal
2026-02-12 09:26:35.617512,Paris-6160,26,68,Normal
2026-02-12 09:26:36.617512,Paris-6160,8,4,Normal
2026-02-12 09:26:37.617512,Paris-6160,-25,18,Normal
2026-02-12 09:26:38.617512,Paris-6160,11,75,Normal
2026-02-12 09:26:39.617512,Paris-6160,-6,69,Normal
2026-02-12 09:26:40.617512,Paris-6160,-21,97,Normal
2026-02-12 09:26:41.617512,Paris-6160,42,1,Normal
2026-02-12 09:26:42.617512,Paris-6160,-8,14,Normal
2026-02-12 09:26:43.617512,Paris-6160,26,68,Normal
2026-02-12 09:26:44.617512,Paris-6160,33,1,Normal
2026-02-12 09:26:45.617512,Paris-6160,44,75,Normal
2026-02-12 09:26:46.617512,Paris-6160,50,44,Normal
2026-02-12 09:26:47.617512,Paris-6160,25,3,Normal
2026-02-12 09:26:48.617512,Paris-6160,16,63,Normal
2026-02-12 09:26:49.617512,Paris-6160,21,36,Normal
2026-02-12 09:26:50.617512,Paris-6160,31,75,Normal
2026-02-12 09:26:51.617512,Paris-6160,43,81,Normal
2026-02-12 09:26:52.617512,Paris-6160,14,89,Normal
2026-02-12 09:26:53.617512,Paris-6160,10,85,Normal
2026-02-12 09:26:54.617512,Paris-6160,-22,86,Normal
2026-02-12 09:26:55.617512,Paris-6160,-3,31,Normal
2026-02-12 09:26:56.617512,Paris-6160,-9,97,Normal
2026-02-12 09:26:57.617512,Paris-6160,5,91,Normal
2026-02-12 09:26:58.617512,Paris-6160,34,30,Normal
2026-02-12 09:26:59.617512,Paris-6160,41,28,Normal
2026-02-12 09:27:00.617512,Paris-6160,-21,25,Normal
2026-02-12 09:27:01.617512,Paris-6160,24,38,Normal
2026-02-12 09:27:02.617512,Paris-6160,32,55,Normal
2026-02-12 09:27:03.617512,Paris-6160,-25,2,Normal
2026-02-12 09:27:04.617512,Paris-6160,27,73,Normal
2026-02-12 09:27:05.617512,Paris-6160,-9,4,Normal
2026-02-12 09:27:06.617512,Paris-6160,4,14,Normal
2026-02-12 09:27:07.617512,Paris-6160,31,76,Normal
2026-02-12 09:27:08.617512,Paris-6160,-3,19,Normal
2026-02-12 09:27:09.617512,Paris-6160,25,32,Normal
2026-02-12 09:27:10.617512,Paris-6160,-27,38,Normal
2026-02-12 09:27:11.617512,Paris-6160,-10,100,Normal
2026-02-12 09:27:12.617512,Paris-6160,9,47,Normal
2026-02-12 09:27:13.617512,Paris-6160,35,21,Normal
2026-02-12 09:27:14.617512,Paris-6160,1,26,Normal
2026-02-12 09:27:15.617512,Paris-6160,38,34,Normal
2026-02-12 09:27:16.617512,Paris-6160,36,98,Normal
2026-02-12 09:27:17.617512,Paris-6160,-7,69,Normal
2026-02-12 09:27:18.617512,Paris-6160,39,88,Normal
2026-02-12 09:27:19.617512,Paris-6160,33,96,Normal
2026-02-12 09:27:20.617512,Paris-6160,-24,65,Normal
2026-02-12 09:27:21.617512,Paris-6160,-27,45,Normal
2026-02-12 09:27:22.617512,Paris-6160,43,33,Normal
2026-02-12 09:27:23.617512,Paris-6160,-20,7,Normal
2026-02-12 09:27:24.617512,Paris-6160,-7,90,Normal
2026-02-12 09:27:25.617512,Paris-6160,20,82,Normal
2026-02-12 09:27:26.617512,Paris-6160,43,49,Normal
2026-02-12 09:27:27.617512,Paris-6160,-23,79,Normal
2026-02-12 09:27:28.617512,Paris-6160,36,29,Normal
2026-02-12 09:27:29.617512,Paris-6160,-2,99,Normal
2026-02-12 09:27:30.617512,Paris-6160,15,22,Normal
2026-02-12 09:27:31.617512,Paris-6160,15,32,Normal
2026-02-12 09:27:32.617512,Paris-6160,45,35,Normal
2026-02-12 09:27:33.617512,Paris-6160,49,60,Normal
2026-02-12 09:27:34.617512,Paris-6160,-5,66,Normal
2026-02-12 09:27:35.617512,Paris-6160,36,100,Normal
2026-02-12 09:27:36.617512,Paris-6160,50,79,Normal
2026-02-12 09:27:37.617512,Paris-6160,29,62,Normal
2026-02-12 09:27:38.617512,Paris-6160,26,51,Normal
2026-02-12 09:27:39.617512,Paris-6160,35,78,Normal
2026-02-12 09:27:40.617512,Paris-6160,49,13,Normal
2026-02-12 09:27:41.617512,Paris-6160,-19,96,Normal
2026-02-12 09:27:42.617512,Paris-6160,-19,96,Normal
2026-02-12 09:27:43.617512,Paris-6160,9,87,Normal
2026-02-12 09:27:44.617512,Paris-6160,40,76,Normal
2026-02-12 09:27:45.617512,Paris-6160,-30,36,Normal
2026-02-12 09:27:46.617512,Paris-6160,-13,30,Normal
2026-02-12 09:27:47.617512,Paris-6160,5,20,Normal
2026-02-12 09:27:48.617512,Paris-6160,26,65,Normal
2026-02-12 09:27:49.617512,Paris-6160,-2,38,Normal
2026-02-12 09:27:50.617512,Paris-6160,-3,44,Normal
2026-02-12 09:27:51.617512,Paris-6160,3,44,Normal
2026-02-12 09:27:52.617512,Paris-6160,50,40,Normal
2026-02-12 09:27:53.617512,Paris-6160,3,89,Normal
2026-02-12 09:27:54.617512,Paris-6160,18,32,Normal
2026-02-12 09:27:55.617512,Paris-6160,-22,42,Normal
2026-02-12 09:27:56.617512,Paris-6160,13,77,Normal
2026-02-12 09:27:57.617512,Paris-6160,36,39,Normal
2026-02-12 09:27:58.617512,Paris-6160,-9,86,Normal
2026-02-12 09:27:59.617512,Paris-6160,15,48,Normal
2026-02-12 09:28:00.617512,Paris-6160,-21,3,Normal
2026-02-12 09:28:01.617512,Paris-6160,-30,74,Normal
2026-02-12 09:28:02.617512,Paris-6160,-21,22,Normal
2026-02-12 09:28:03.617512,Paris-6160,23,27,Normal
2026-02-12 09:28:04.617512,Paris-6160,11,94,Normal
2026-02-12 09:28:05.617512,Paris-6160,41,72,Normal
2026-02-12 09:28:06.617512,Paris-6160,8,65,Normal
2026-02-12 09:28:07.617512,Paris-6160,50,33,Normal
2026-02-12 09:28:08.617512,Paris-6160,5,34,Normal
2026-02-12 09:28:09.617512,Paris-6160,45,5,Normal
2026-02-12 09:28:10.617512,Paris-6160,-29,36,Normal
2026-02-12 09:28:11.617512,Paris-6160,28,85,Normal
2026-02-12 09:28:12.617512,Paris-6160,2,97,Normal
2026-02-12 09:28:13.617512,Paris-6160,-24,82,Normal
2026-02-12 09:28:14.617512,Paris-6160,28,86,Normal
2026-02-12 09:28:15.617512,Paris-6160,-28,64,Normal
2026-02-12 09:28:16.617512,Paris-6160,6,63,Normal
2026-02-12 09:28:17.617512,Paris-6160,15,11,Normal
2026-02-12 09:28:18.617512,Paris-6160,8,49,Normal
2026-02-12 09:28:19.617512,Paris-6160,4,21,Normal
2026-02-12 09:28:20.617512,Paris-6160,5,76,Normal
2026-02-12 09:28:21.617512,Paris-6160,31,95,Normal
2026-02-12 09:28:22.617512,Paris-6160,33,97,Normal
2026-02-12 09:28:23.617512,Paris-6160,31,77,Normal
2026-02-12 09:28:24.617512,Paris-6160,47,13,Normal
2026-02-12 09:28:25.617512,Paris-6160,29,22,Normal
2026-02-12 09:28:26.617512,Paris-6160,-6,56,Normal
2026-02-12 09:28:27.617512,Paris-6160,3,64,Normal
2026-02-12 09:28:28.617512,Paris-6160,38,16,Normal
2026-02-12 09:28:29.617512,Paris-6160,17,60,Normal
2026-02-12 09:28:30.617512,Paris-6160,30,48,Normal
2026-02-12 09:28:31.617512,Paris-6160,3,66,Normal
2026-02-12 09:28:32.617512,Paris-6160,-14,71,Normal
2026-02-12 09:28:33.617512,Paris-6160,26,25,Normal
2026-02-12 09:28:34.617512,Paris-6160,2,42,Normal
2026-02-12 09:28:35.617512,Paris-6160,22,17,Normal
2026-02-12 09:28:36.617512,Paris-6160,1,91,Normal
2026-02-12 09:28:37.617512,Paris-6160,7,31,Normal
2026-02-12 09:28:38.617512,Paris-6160,-14,46,Normal
2026-02-12 09:28:39.617512,Paris-6160,21,59,Normal
2026-02-12 09:28:40.617512,Paris-6160,33,27,Normal
2026-02-12 09:28:41.617512,Paris-6160,-1,53,Normal
2026-02-12 09:28:42.617512,Paris-6160,3,57,Normal
2026-02-12 09:28:43.617512,Paris-6160,11,98,Normal
2026-02-12 09:28:44.617512,Paris-6160,37,20,Normal
2026-02-12 09:28:45.617512,Paris-6160,7,86,Normal
2026-02-12 09:28:46.617512,Paris-6160,-11,70,Normal
2026-02-12 09:28:47.617512,Paris-6160,-4,93,Normal
2026-02-12 09:28:48.617512,Paris-6160,-27,60,Normal
2026-02-12 09:28:49.617512,Paris-6160,-24,55,Normal
2026-02-12 09:28:50.617512,Paris-6160,31,83,Normal
2026-02-12 09:28:51.617512,Paris-6160,47,41,Normal
2026-02-12 09:28:52.617512,Paris-6160,3,88,Normal
2026-02-12 09:28:53.617512,Paris-6160,-30,23,Normal
2026-02-12 09:28:54.617512,Paris-6160,-26,59,Normal
2026-02-12 09:28:55.617512,Paris-6160,6,30,Normal
2026-02-12 09:28:56.617512,Paris-6160,35,4,Normal
2026-02-12 09:28:57.617512,Paris-6160,23,70,Normal
2026-02-12 09:28:58.617512,Paris-6160,-7,62,Normal
2026-02-12 09:28:59.617512,Paris-6160,5,67,Normal
2026-02-12 09:29:00.617512,Paris-6160,46,36,Normal
2026-02-12 09:29:01.617512,Paris-6160,-13,18,Normal
2026-02-12 09:29:02.617512,Paris-6160,27,63,Normal
2026-02-12 09:29:03.617512,Paris-6160,-6,47,Normal
2026-02-12 09:29:04.617512,Paris-6160,6,60,Normal
2026-02-12 09:29:05.617512,Paris-6160,13,76,Normal
2026-02-12 09:29:06.617512,Paris-6160,-18,62,Normal
2026-02-12 09:29:07.617512,Paris-6160,21,63,Normal
2026-02-12 09:29:08.617512,Paris-6160,1,52,Normal
2026-02-12 09:29:09.617512,Paris-6160,-25,0,Normal
2026-02-12 09:29:10.617512,Paris-6160,5,12,Normal
2026-02-12 09:29:11.617512,Paris-6160,42,46,Normal
2026-02-12 09:29:12.617512,Paris-6160,-17,61,Normal
2026-02-12 09:29:13.617512,Paris-6160,-6,16,Normal
2026-02-12 09:29:14.617512,Paris-6160,-15,40,Normal
2026-02-12 09:29:15.617512,Paris-6160,44,74,Normal
2026-02-12 09:29:16.617512,Paris-6160,16,97,Normal
2026-02-12 09:29:17.617512,Paris-6160,27,8,Normal
2026-02-12 09:29:18.617512,Paris-6160,12,53,Normal
2026-02-12 09:29:19.617512,Paris-6160,49,74,Normal
2026-02-12 09:29:20.617512,Paris-6160,5,10,Normal
2026-02-12 09:29:21.617512,Paris-6160,1,67,Normal
2026-02-12 09:29:22.617512,Paris-6160,-27,63,Normal
2026-02-12 09:29:23.617512,Paris-6160,26,78,Normal
2026-02-12 09:29:24.617512,Paris-6160,-12,92,Normal
2026-02-12 09:29:25.617512,Paris-6160,-14,81,Normal
2026-02-12 09:29:26.617512,Paris-6160,-21,88,Normal
2026-02-12 09:29:27.617512,Paris-6160,-19,61,Normal
2026-02-12 09:29:28.617512,Paris-6160,-6,23,Normal
2026-02-12 09:29:29.617512,Paris-6160,-1,5,Normal
2026-02-12 09:29:30.617512,Paris-6160,-30,88,Normal
2026-02-12 09:29:31.617512,Paris-6160,22,71,Normal
2026-02-12 09:29:32.617512,Paris-6160,38,7,Normal
2026-02-12 09:29:33.617512,Paris-6160,5,48,Normal
2026-02-12 09:29:34.617512,Paris-6160,47,47,Normal
2026-02-12 09:29:35.617512,Paris-6160,2,69,Normal
2026-02-12 09:29:36.617512,Paris-6160,-10,69,Normal
2026-02-12 09:29:37.617512,Paris-6160,45,37,Normal
2026-02-12 09:29:38.617512,Paris-6160,4,30,Normal
2026-02-12 09:29:39.617512,Paris-6160,-29,5,Normal
2026-02-12 09:29:40.617512,Paris-6160,15,89,Normal
2026-02-12 09:29:41.617512,Paris-6160,2,70,Normal
2026-02-12 09:29:42.617512,Paris-6160,10,50,Normal
2026-02-12 09:29:43.617512,Paris-6160,32,18,Normal
2026-02-12 09:29:44.617512,Paris-6160,42,100,Normal
2026-02-12 09:29:45.617512,Paris-6160,22,44,Normal
2026-02-12 09:29:46.617512,Paris-6160,5,41,Normal
2026-02-12 09:29:47.617512,Paris-6160,-18,96,Normal
2026-02-12 09:29:48.617512,Paris-6160,22,51,Normal
2026-02-12 09:29:49.617512,Paris-6160,-14,80,Normal
2026-02-12 09:29:50.617512,Paris-6160,42,88,Normal
2026-02-12 09:29:51.617512,Paris-6160,36,19,Normal
2026-02-12 09:29:52.617512,Paris-6160,11,91,Normal
2026-02-12 09:29:53.617512,Paris-6160,44,19,Normal
2026-02-12 09:29:54.617512,Paris-6160,21,81,Normal
2026-02-12 09:29:55.617512,Paris-6160,3,54,Normal
2026-02-12 09:29:56.617512,Paris-6160,-15,79,Normal
2026-02-12 09:29:57.617512,Paris-6160,-7,93,Normal
2026-02-12 09:29:58.617512,Paris-6160,1,88,Normal
2026-02-12 09:29:59.617512,Paris-6160,24,97,Normal
2026-02-12 09:30:00.617512,Paris-6160,-14,68,Normal
2026-02-12 09:30:01.617512,Paris-6160,-9,22,Normal
2026-02-12 09:30:02.617512,Paris-6160,0,8,Normal
2026-02-12 09:30:03.617512,Paris-6160,34,15,Normal
2026-02-12 09:30:04.617512,Paris-6160,14,61,Normal
2026-02-12 09:30:05.617512,Paris-6160,34,96,Normal
2026-02-12 09:30:06.617512,Paris-6160,2,90,Normal
2026-02-12 09:30:07.617512,Paris-6160,48,62,Normal
2026-02-12 09:30:08.617512,Paris-6160,-10,43,Normal
2026-02-12 09:30:09.617512,Paris-6160,5,88,Normal
2026-02-12 09:30:10.617512,Paris-6160,2,4,Normal
2026-02-12 09:30:11.617512,Paris-6160,11,94,Normal
2026-02-12 09:30:12.617512,Paris-6160,21,18,Normal
2026-02-12 09:30:13.617512,Paris-6160,20,75,Normal
2026-02-12 09:30:14.617512,Paris-6160,28,91,Normal
2026-02-12 09:30:15.617512,Paris-6160,45,85,Normal
2026-02-12 09:30:16.617512,Paris-6160,26,10,Normal
2026-02-12 09:30:17.617512,Paris-6160,-3,98,Normal
2026-02-12 09:30:18.617512,Paris-6160,19,52,Normal
2026-02-12 09:30:19.617512,Paris-6160,-18,67,Normal
2026-02-12 09:30:20.617512,Paris-6160,18,28,Normal
2026-02-12 09:30:21.617512,Paris-6160,35,66,Normal
2026-02-12 09:30:22.617512,Paris-6160,28,19,Normal
2026-02-12 09:30:23.617512,Paris-6160,41,52,Normal
2026-02-12 09:30:24.617512,Paris-6160,4,59,Normal
2026-02-12 09:30:25.617512,Paris-6160,11,32,Normal
2026-02-12 09:30:26.617512,Paris-6160,43,56,Normal
2026-02-12 09:30:27.617512,Paris-6160,3,50,Normal
2026-02-12 09:30:28.617512,Paris-6160,-26,29,Normal
2026-02-12 09:30:29.617512,Paris-6160,6,63,Normal
2026-02-12 09:30:30.617512,Paris-6160,33,12,Normal
2026-02-12 09:30:31.617512,Paris-6160,47,24,Normal
2026-02-12 09:30:32.617512,Paris-6160,44,51,Normal
2026-02-12 09:30:33.617512,Paris-6160,36,51,Normal
2026-02-12 09:30:34.617512,Paris-6160,1,32,Normal
2026-02-12 09:30:35.617512,Paris-6160,21,96,Normal
2026-02-12 09:30:36.617512,Paris-6160,47,67,Normal
2026-02-12 09:30:37.617512,Paris-6160,30,99,Normal
2026-02-12 09:30:38.617512,Paris-6160,24,15,Normal
2026-02-12 09:30:39.617512,Paris-6160,-6,52,Normal
2026-02-12 09:30:40.617512,Paris-6160,-14,25,Normal
2026-02-12 09:30:41.617512,Paris-6160,5,33,Normal
2026-02-12 09:30:42.617512,Paris-6160,-11,68,Normal
2026-02-12 09:30:43.617512,Paris-6160,37,64,Normal
2026-02-12 09:30:44.617512,Paris-6160,-19,95,Normal
2026-02-12 09:30:45.617512,Paris-6160,46,76,Normal
2026-02-12 09:30:46.617512,Paris-6160,-20,8,Normal
2026-02-12 09:30:47.617512,Paris-6160,18,47,Normal
2026-02-12 09:30:48.617512,Paris-6160,12,83,Normal
2026-02-12 09:30:49.617512,Paris-6160,46,15,Normal
2026-02-12 09:30:50.617512,Paris-6160,9,5,Normal
2026-02-12 09:30:51.617512,Paris-6160,48,94,Normal
2026-02-12 09:30:52.617512,Paris-6160,5,64,Normal
2026-02-12 09:30:53.617512,Paris-6160,47,26,Normal
2026-02-12 09:30:54.617512,Paris-6160,0,91,Normal
2026-02-12 09:30:55.617512,Paris-6160,29,10,Normal
2026-02-12 09:30:56.617512,Paris-6160,-4,0,Normal
2026-02-12 09:30:57.617512,Paris-6160,44,33,Normal
2026-02-12 09:30:58.617512,Paris-6160,36,95,Normal
2026-02-12 09:30:59.617512,Paris-6160,13,40,Normal
2026-02-12 09:31:00.617512,Paris-6160,40,79,Normal
2026-02-12 09:31:01.617512,Paris-6160,16,41,Normal
2026-02-12 09:31:02.617512,Paris-6160,48,68,Normal
2026-02-12 09:31:03.617512,Paris-6160,-2,8,Normal
2026-02-12 09:31:04.617512,Paris-6160,36,15,Normal
2026-02-12 09:31:05.617512,Paris-6160,22,48,Normal
2026-02-12 09:31:06.617512,Paris-6160,43,95,Normal
2026-02-12 09:31:07.617512,Paris-6160,-6,48,Normal
2026-02-12 09:31:08.617512,Paris-6160,47,63,Normal
2026-02-12 09:31:09.617512,Paris-6160,44,12,Normal
2026-02-12 09:31:10.617512,Paris-6160,33,8,Normal
2026-02-12 09:31:11.617512,Paris-6160,-21,77,Normal
2026-02-12 09:31:12.617512,Paris-6160,5,73,Normal
2026-02-12 09:31:13.617512,Paris-6160,35,62,Normal
2026-02-12 09:31:14.617512,Paris-6160,-21,56,Normal
2026-02-12 09:31:15.617512,Paris-6160,24,64,Normal
2026-02-12 09:31:16.617512,Paris-6160,18,46,Normal
2026-02-12 09:31:17.617512,Paris-6160,-21,11,Normal
2026-02-12 09:31:18.617512,Paris-6160,44,99,Normal
2026-02-12 09:31:19.617512,Paris-6160,13,64,Normal
2026-02-12 09:31:20.617512,Paris-6160,-21,6,Normal
2026-02-12 09:31:21.617512,Paris-6160,40,58,Normal
2026-02-12 09:31:22.617512,Paris-6160,-1,57,Normal
2026-02-12 09:31:23.617512,Paris-6160,9,59,Normal
2026-02-12 09:31:24.617512,Paris-6160,9,79,Normal
2026-02-12 09:31:25.617512,Paris-6160,-22,53,Normal
2026-02-12 09:31:26.617512,Paris-6160,35,72,Normal
2026-02-12 09:31:27.617512,Paris-6160,49,83,Normal
2026-02-12 09:31:28.617512,Paris-6160,-11,9,Normal
2026-02-12 09:31:29.617512,Paris-6160,-10,55,Normal
2026-02-12 09:31:30.617512,Paris-6160,-2,59,Normal
2026-02-12 09:31:31.617512,Paris-6160,29,20,Normal
2026-02-12 09:31:32.617512,Paris-6160,3,65,Normal
2026-02-12 09:31:33.617512,Paris-6160,47,58,Normal
2026-02-12 09:31:34.617512,Paris-6160,46,33,Normal
2026-02-12 09:31:35.617512,Paris-6160,-28,48,Normal
2026-02-12 09:31:36.617512,Paris-6160,39,71,Normal
2026-02-12 09:31:37.617512,Paris-6160,-7,1,Normal
2026-02-12 09:31:38.617512,Paris-6160,-21,4,Normal
2026-02-12 09:31:39.617512,Paris-6160,-9,33,Normal
2026-02-12 09:31:40.617512,Paris-6160,23,6,Normal
2026-02-12 09:31:41.617512,Paris-6160,43,6,Normal
2026-02-12 09:31:42.617512,Paris-6160,1,89,Normal
2026-02-12 09:31:43.617512,Paris-6160,30,20,Normal
2026-02-12 09:31:44.617512,Paris-6160,8,10,Normal
2026-02-12 09:31:45.617512,Paris-6160,13,21,Normal
2026-02-12 09:31:46.617512,Paris-6160,-23,31,Normal
2026-02-12 09:31:47.617512,Paris-6160,42,94,Normal
2026-02-12 09:31:48.617512,Paris-6160,47,81,Normal
2026-02-12 09:31:49.617512,Paris-6160,-9,53,Normal
2026-02-12 09:31:50.617512,Paris-6160,-29,76,Normal
2026-02-12 09:31:51.617512,Paris-6160,49,20,Normal
2026-02-12 09:31:52.617512,Paris-6160,0,75,Normal
2026-02-12 09:31:53.617512,Paris-6160,32,50,Normal
2026-02-12 09:31:54.617512,Paris-6160,-26,46,Normal
2026-02-12 09:31:55.617512,Paris-6160,-26,97,Normal
2026-02-12 09:31:56.617512,Paris-6160,-11,33,Normal
2026-02-12 09:31:57.617512,Paris-6160,4,55,Normal
2026-02-12 09:31:58.617512,Paris-6160,36,66,Normal
2026-02-12 09:31:59.617512,Paris-6160,-4,0,Normal
2026-02-12 09:32:00.617512,Paris-6160,33,92,Normal
2026-02-12 09:32:01.617512,Paris-6160,8,69,Normal
2026-02-12 09:32:02.617512,Paris-6160,42,65,Normal
2026-02-12 09:32:03.617512,Paris-6160,-9,75,Normal
2026-02-12 09:32:04.617512,Paris-6160,45,50,Normal
2026-02-12 09:32:05.617512,Paris-6160,12,73,Normal
2026-02-12 09:32:06.617512,Paris-6160,-7,93,Normal
2026-02-12 09:32:07.617512,Paris-6160,4,0,Normal
2026-02-12 09:32:08.617512,Paris-6160,27,96,Normal
2026-02-12 09:32:09.617512,Paris-6160,-9,4,Normal
2026-02-12 09:32:10.617512,Paris-6160,30,54,Normal
2026-02-12 09:32:11.617512,Paris-6160,38,91,Normal
2026-02-12 09:32:12.617512,Paris-6160,50,99,Normal
2026-02-12 09:32:13.617512,Paris-6160,50,98,Normal
2026-02-12 09:32:14.617512,Paris-6160,9,0,Normal
2026-02-12 09:32:15.617512,Paris-6160,27,30,Normal
2026-02-12 09:32:16.617512,Paris-6160,41,94,Normal
2026-02-12 09:32:17.617512,Paris-6160,20,76,Normal
2026-02-12 09:32:18.617512,Paris-6160,-27,25,Normal
2026-02-12 09:32:19.617512,Paris-6160,-25,35,Normal
2026-02-12 09:32:20.617512,Paris-6160,2,74,Normal
2026-02-12 09:32:21.617512,Paris-6160,-6,20,Normal
2026-02-12 09:32:22.617512,Paris-6160,16,8,Normal
2026-02-12 09:32:23.617512,Paris-6160,36,69,Normal
2026-02-12 09:32:24.617512,Paris-6160,6,99,Normal
2026-02-12 09:32:25.617512,Paris-6160,-20,14,Normal
2026-02-12 09:32:26.617512,Paris-6160,-23,67,Normal
2026-02-12 09:32:27.617512,Paris-6160,-19,70,Normal
2026-02-12 09:32:28.617512,Paris-6160,12,95,Normal
2026-02-12 09:32:29.617512,Paris-6160,-12,50,Normal
2026-02-12 09:32:30.617512,Paris-6160,30,19,Normal
2026-02-12 09:32:31.617512,Paris-6160,-18,23,Normal
2026-02-12 09:32:32.617512,Paris-6160,4,62,Normal
2026-02-12 09:32:33.617512,Paris-6160,25,33,Normal
2026-02-12 09:32:34.617512,Paris-6160,39,47,Normal
2026-02-12 09:32:35.617512,Paris-6160,-19,79,Normal
2026-02-12 09:32:36.617512,Paris-6160,-29,27,Normal
2026-02-12 09:32:37.617512,Paris-6160,-20,43,Normal
2026-02-12 09:32:38.617512,Paris-6160,39,1,Normal
2026-02-12 09:32:39.617512,Paris-6160,9,43,Normal
2026-02-12 09:32:40.617512,Paris-6160,46,58,Normal
2026-02-12 09:32:41.617512,Paris-6160,-12,30,Normal
2026-02-12 09:32:42.617512,Paris-6160,-23,38,Normal
2026-02-12 09:32:43.617512,Paris-6160,49,65,Normal
2026-02-12 09:32:44.617512,Paris-6160,2,58,Normal
2026-02-12 09:32:45.617512,Paris-6160,32,68,Normal
2026-02-12 09:32:46.617512,Paris-6160,-23,64,Normal
2026-02-12 09:32:47.617512,Paris-6160,-25,83,Normal
2026-02-12 09:32:48.617512,Paris-6160,14,85,Normal
2026-02-12 09:32:49.617512,Paris-6160,9,16,Normal
2026-02-12 09:32:50.617512,Paris-6160,-11,2,Normal
2026-02-12 09:32:51.617512,Paris-6160,-17,75,Normal
2026-02-12 09:32:52.617512,Paris-6160,21,45,Normal
2026-02-12 09:32:53.617512,Paris-6160,17,4,Normal
2026-02-12 09:32:54.617512,Paris-6160,11,34,Normal
2026-02-12 09:32:55.617512,Paris-6160,14,98,Normal
2026-02-12 09:32:56.617512,Paris-6160,15,45,Normal
2026-02-12 09:32:57.617512,Paris-6160,0,73,Normal
2026-02-12 09:32:58.617512,Paris-6160,-1,17,Normal
2026-02-12 09:32:59.617512,Paris-6160,23,54,Normal
2026-02-12 09:33:00.617512,Paris-6160,10,65,Normal
2026-02-12 09:33:01.617512,Paris-6160,20,24,Normal
2026-02-12 09:33:02.617512,Paris-6160,-15,77,Normal
2026-02-12 09:33:03.617512,Paris-6160,25,10,Normal
2026-02-12 09:33:04.617512,Paris-6160,10,48,Normal
2026-02-12 09:33:05.617512,Paris-6160,-3,18,Normal
2026-02-12 09:33:06.617512,Paris-6160,-5,9,Normal
2026-02-12 09:33:07.617512,Paris-6160,17,5,Normal
2026-02-12 09:33:08.617512,Paris-6160,30,16,Normal
2026-02-12 09:33:09.617512,Paris-6160,-21,15,Normal
2026-02-12 09:33:10.617512,Paris-6160,42,1,Normal
2026-02-12 09:33:11.617512,Paris-6160,38,22,Normal
2026-02-12 09:33:12.617512,Paris-6160,-27,57,Normal
2026-02-12 09:33:13.617512,Paris-6160,19,79,Normal
2026-02-12 09:33:14.617512,Paris-6160,30,60,Normal
2026-02-12 09:33:15.617512,Paris-6160,18,33,Normal
2026-02-12 09:33:16.617512,Paris-6160,38,32,Normal
2026-02-12 09:33:17.617512,Paris-6160,-25,68,Normal
2026-02-12 09:33:18.617512,Paris-6160,-3,34,Normal
2026-02-12 09:33:19.617512,Paris-6160,-22,100,Normal
2026-02-12 09:33:20.617512,Paris-6160,-30,43,Normal
2026-02-12 09:33:21.617512,Paris-6160,-28,19,Normal
2026-02-12 09:33:22.617512,Paris-6160,-29,1,Normal
2026-02-12 09:33:23.617512,Paris-6160,4,66,Normal
2026-02-12 09:33:24.617512,Paris-6160,12,0,Normal
2026-02-12 09:33:25.617512,Paris-6160,-6,26,Normal
2026-02-12 09:33:26.617512,Paris-6160,-1,98,Normal
2026-02-12 09:33:27.617512,Paris-6160,-24,88,Normal
2026-02-12 09:33:28.617512,Paris-6160,44,97,Normal
2026-02-12 09:33:29.617512,Paris-6160,-7,50,Normal
2026-02-12 09:33:30.617512,Paris-6160,34,95,Normal
2026-02-12 09:33:31.617512,Paris-6160,-17,84,Normal
2026-02-12 09:33:32.617512,Paris-6160,-30,19,Normal
2026-02-12 09:33:33.617512,Paris-6160,12,68,Normal
2026-02-12 09:33:34.617512,Paris-6160,18,66,Normal
2026-02-12 09:33:35.617512,Paris-6160,-21,62,Normal
2026-02-12 09:33:36.617512,Paris-6160,-4,91,Normal
2026-02-12 09:33:37.617512,Paris-6160,-28,19,Normal
2026-02-12 09:33:38.617512,Paris-6160,-26,86,Normal
2026-02-12 09:33:39.617512,Paris-6160,-4,71,Normal
2026-02-12 09:33:40.617512,Paris-6160,28,37,Normal
2026-02-12 09:33:41.617512,Paris-6160,23,85,Normal
2026-02-12 09:33:42.617512,Paris-6160,20,4,Normal
2026-02-12 09:33:43.617512,Paris-6160,45,18,Normal
2026-02-12 09:33:44.617512,Paris-6160,38,26,Normal
2026-02-12 09:33:45.617512,Paris-6160,-10,56,Normal
2026-02-12 09:33:46.617512,Paris-6160,33,24,Normal
2026-02-12 09:33:47.617512,Paris-6160,38,48,Normal
2026-02-12 09:33:48.617512,Paris-6160,48,30,Normal
2026-02-12 09:33:49.617512,Paris-6160,37,68,Normal
2026-02-12 09:33:50.617512,Paris-6160,24,19,Normal
2026-02-12 09:33:51.617512,Paris-6160,17,94,Normal
2026-02-12 09:33:52.617512,Paris-6160,-18,1,Normal
2026-02-12 09:33:53.617512,Paris-6160,-29,71,Normal
2026-02-12 09:33:54.617512,Paris-6160,33,57,Normal
2026-02-12 09:33:55.617512,Paris-6160,48,14,Normal
2026-02-12 09:33:56.617512,Paris-6160,45,81,Normal
2026-02-12 09:33:57.617512,Paris-6160,50,50,Normal
2026-02-12 09:33:58.617512,Paris-6160,34,4,Normal
2026-02-12 09:33:59.617512,Paris-6160,-20,14,Normal
2026-02-12 09:34:00.617512,Paris-6160,-21,32,Normal
2026-02-12 09:34:01.617512,Paris-6160,-5,44,Normal
2026-02-12 09:34:02.617512,Paris-6160,6,95,Normal
2026-02-12 09:34:03.617512,Paris-6160,39,48,Normal
2026-02-12 09:34:04.617512,Paris-6160,0,100,Normal
2026-02-12 09:34:05.617512,Paris-6160,-22,100,Normal
2026-02-12 09:34:06.617512,Paris-6160,-22,20,Normal
2026-02-12 09:34:07.617512,Paris-6160,41,47,Normal
2026-02-12 09:34:08.617512,Paris-6160,-22,27,Normal
2026-02-12 09:34:09.617512,Paris-6160,14,68,Normal
2026-02-12 09:34:10.617512,Paris-6160,-17,88,Normal
2026-02-12 09:34:11.617512,Paris-6160,-7,75,Normal
2026-02-12 09:34:12.617512,Paris-6160,18,38,Normal
2026-02-12 09:34:13.617512,Paris-6160,11,17,Normal
2026-02-12 09:34:14.617512,Paris-6160,-15,44,Normal
2026-02-12 09:34:15.617512,Paris-6160,30,41,Normal
2026-02-12 09:34:16.617512,Paris-6160,12,45,Normal
2026-02-12 09:34:17.617512,Paris-6160,45,54,Normal
2026-02-12 09:34:18.617512,Paris-6160,5,76,Normal
2026-02-12 09:34:19.617512,Paris-6160,41,33,Normal
2026-02-12 09:34:20.617512,Paris-6160,19,96,Normal
2026-02-12 09:34:21.617512,Paris-6160,-20,41,Normal
2026-02-12 09:34:22.617512,Paris-6160,6,72,Normal
2026-02-12 09:34:23.617512,Paris-6160,19,5,Normal
2026-02-12 09:34:24.617512,Paris-6160,-24,19,Normal
2026-02-12 09:34:25.617512,Paris-6160,20,7,Normal
2026-02-12 09:34:26.617512,Paris-6160,30,90,Normal
2026-02-12 09:34:27.617512,Paris-6160,-23,85,Normal
2026-02-12 09:34:28.617512,Paris-6160,20,15,Normal
2026-02-12 09:34:29.617512,Paris-6160,41,64,Normal
2026-02-12 09:34:30.617512,Paris-6160,39,73,Normal
2026-02-12 09:34:31.617512,Paris-6160,-16,71,Normal
2026-02-12 09:34:32.617512,Paris-6160,36,13,Normal
2026-02-12 09:34:33.617512,Paris-6160,-7,40,Normal
2026-02-12 09:34:34.617512,Paris-6160,8,2,Normal
2026-02-12 09:34:35.617512,Paris-6160,12,89,Normal
2026-02-12 09:34:36.617512,Paris-6160,43,6,Normal
2026-02-12 09:34:37.617512,Paris-6160,16,18,Normal
2026-02-12 09:34:38.617512,Paris-6160,40,64,Normal
2026-02-12 09:34:39.617512,Paris-6160,45,50,Normal
2026-02-12 09:34:40.617512,Paris-6160,35,17,Normal
2026-02-12 09:34:41.617512,Paris-6160,29,71,Normal
2026-02-12 09:34:42.617512,Paris-6160,1,40,Normal
2026-02-12 09:34:43.617512,Paris-6160,33,3,Normal
2026-02-12 09:34:44.617512,Paris-6160,23,43,Normal
2026-02-12 09:34:45.617512,Paris-6160,-3,50,Normal
2026-02-12 09:34:46.617512,Paris-6160,-22,27,Normal
2026-02-12 09:34:47.617512,Paris-6160,-17,35,Normal
2026-02-12 09:34:48.617512,Paris-6160,37,35,Normal
2026-02-12 09:34:49.617512,Paris-6160,2,28,Normal
2026-02-12 09:34:50.617512,Paris-6160,-27,98,Normal
2026-02-12 09:34:51.617512,Paris-6160,-7,27,Normal
2026-02-12 09:34:52.617512,Paris-6160,-29,99,Normal
2026-02-12 09:34:53.617512,Paris-6160,44,64,Normal
2026-02-12 09:34:54.617512,Paris-6160,26,78,Normal
2026-02-12 09:34:55.617512,Paris-6160,-14,51,Normal
2026-02-12 09:34:56.617512,Paris-6160,10,66,Normal
2026-02-12 09:34:57.617512,Paris-6160,-10,96,Normal
2026-02-12 09:34:58.617512,Paris-6160,-22,95,Normal
2026-02-12 09:34:59.617512,Paris-6160,26,85,Normal
2026-02-12 09:35:00.617512,Paris-6160,4,66,Normal
2026-02-12 09:35:01.617512,Paris-6160,17,63,Normal
2026-02-12 09:35:02.617512,Paris-6160,-29,23,Normal
2026-02-12 09:35:03.617512,Paris-6160,24,39,Normal
2026-02-12 09:35:04.617512,Paris-6160,15,69,Normal
2026-02-12 09:35:05.617512,Paris-6160,22,12,Normal
2026-02-12 09:35:06.617512,Paris-6160,-20,42,Normal
2026-02-12 09:35:07.617512,Paris-6160,-7,4,Normal
2026-02-12 09:35:08.617512,Paris-6160,-11,25,Normal
2026-02-12 09:35:09.617512,Paris-6160,0,44,Normal
2026-02-12 09:35:10.617512,Paris-6160,47,93,Normal
2026-02-12 09:35:11.617512,Paris-6160,-17,61,Normal
2026-02-12 09:35:12.617512,Paris-6160,26,8,Normal
2026-02-12 09:35:13.617512,Paris-6160,-15,39,Normal
2026-02-12 09:35:14.617512,Paris-6160,10,51,Normal
2026-02-12 09:35:15.617512,Paris-6160,2,2,Normal
2026-02-12 09:35:16.617512,Paris-6160,25,66,Normal
2026-02-12 09:35:17.617512,Paris-6160,42,68,Normal
2026-02-12 09:35:18.617512,Paris-6160,20,93,Normal
2026-02-12 09:35:19.617512,Paris-6160,50,44,Normal
2026-02-12 09:35:20.617512,Paris-6160,-21,58,Normal
2026-02-12 09:35:21.617512,Paris-6160,18,25,Normal
2026-02-12 09:35:22.617512,Paris-6160,4,52,Normal
2026-02-12 09:35:23.617512,Paris-6160,4,92,Normal
2026-02-12 09:35:24.617512,Paris-6160,14,50,Normal
2026-02-12 09:35:25.617512,Paris-6160,-26,36,Normal
2026-02-12 09:35:26.617512,Paris-6160,21,34,Normal
2026-02-12 09:35:27.617512,Paris-6160,33,2,Normal
2026-02-12 09:35:28.617512,Paris-6160,-23,98,Normal
2026-02-12 09:35:29.617512,Paris-6160,-1,100,Normal
2026-02-12 09:35:30.617512,Paris-6160,8,86,Normal
2026-02-12 09:35:31.617512,Paris-6160,1,57,Normal
2026-02-12 09:35:32.617512,Paris-6160,-30,42,Normal
2026-02-12 09:35:33.617512,Paris-6160,-3,37,Normal
2026-02-12 09:35:34.617512,Paris-6160,25,27,Normal
2026-02-12 09:35:35.617512,Paris-6160,-2,56,Normal
2026-02-12 09:35:36.617512,Paris-6160,43,23,Normal
2026-02-12 09:35:37.617512,Paris-6160,39,98,Normal
2026-02-12 09:35:38.617512,Paris-6160,-11,15,Normal
2026-02-12 09:35:39.617512,Paris-6160,-7,87,Normal
2026-02-12 09:35:40.617512,Paris-6160,21,40,Normal
2026-02-12 09:35:41.617512,Paris-6160,-18,4,Normal
2026-02-12 09:35:42.617512,Paris-6160,-29,53,Normal
2026-02-12 09:35:43.617512,Paris-6160,-1,10,Normal
2026-02-12 09:35:44.617512,Paris-6160,18,36,Normal
2026-02-12 09:35:45.617512,Paris-6160,46,96,Normal
2026-02-12 09:35:46.617512,Paris-6160,33,25,Normal
2026-02-12 09:35:47.617512,Paris-6160,17,49,Normal
2026-02-12 09:35:48.617512,Paris-6160,14,59,Normal
2026-02-12 09:35:49.617512,Paris-6160,-12,89,Normal
2026-02-12 09:35:50.617512,Paris-6160,-17,4,Normal
2026-02-12 09:35:51.617512,Paris-6160,17,93,Normal
2026-02-12 09:35:52.617512,Paris-6160,37,75,Normal
2026-02-12 09:35:53.617512,Paris-6160,23,11,Normal
2026-02-12 09:35:54.617512,Paris-6160,17,72,Normal
2026-02-12 09:35:55.617512,Paris-6160,48,45,Normal
2026-02-12 09:35:56.617512,Paris-6160,-10,49,Normal
2026-02-12 09:35:57.617512,Paris-6160,-29,3,Normal
2026-02-12 09:35:58.617512,Paris-6160,-16,53,Normal
2026-02-12 09:35:59.617512,Paris-6160,-20,86,Normal
2026-02-12 09:36:00.617512,Paris-6160,22,33,Normal
2026-02-12 09:36:01.617512,Paris-6160,45,92,Normal
2026-02-12 09:36:02.617512,Paris-6160,42,79,Normal
2026-02-12 09:36:03.617512,Paris-6160,0,50,Normal
2026-02-12 09:36:04.617512,Paris-6160,-29,43,Normal
2026-02-12 09:36:05.617512,Paris-6160,-10,38,Normal
2026-02-12 09:36:06.617512,Paris-6160,-26,5,Normal
2026-02-12 09:36:07.617512,Paris-6160,26,9,Normal
2026-02-12 09:36:08.617512,Paris-6160,-20,41,Normal
2026-02-12 09:36:09.617512,Paris-6160,16,57,Normal
2026-02-12 09:36:10.617512,Paris-6160,-24,51,Normal
2026-02-12 09:36:11.617512,Paris-6160,46,69,Normal
2026-02-12 09:36:12.617512,Paris-6160,0,18,Normal
2026-02-12 09:36:13.617512,Paris-6160,34,41,Normal
2026-02-12 09:36:14.617512,Paris-6160,50,79,Normal
2026-02-12 09:36:15.617512,Paris-6160,-8,30,Normal
2026-02-12 09:36:16.617512,Paris-6160,20,63,Normal
2026-02-12 09:36:17.617512,Paris-6160,17,49,Normal
2026-02-12 09:36:18.617512,Paris-6160,7,12,Normal
2026-02-12 09:36:19.617512,Paris-6160,-21,87,Normal
2026-02-12 09:36:20.617512,Paris-6160,-24,2,Normal
2026-02-12 09:36:21.617512,Paris-6160,19,79,Normal
2026-02-12 09:36:22.617512,Paris-6160,34,80,Normal
2026-02-12 09:36:23.617512,Paris-6160,17,48,Normal
2026-02-12 09:36:24.617512,Paris-6160,8,29,Normal
2026-02-12 09:36:25.617512,Paris-6160,-28,94,Normal
2026-02-12 09:36:26.617512,Paris-6160,-1,40,Normal
2026-02-12 09:36:27.617512,Paris-6160,-24,85,Normal
2026-02-12 09:36:28.617512,Paris-6160,43,17,Normal
2026-02-12 09:36:29.617512,Paris-6160,-15,59,Normal
2026-02-12 09:36:30.617512,Paris-6160,6,88,Normal
2026-02-12 09:36:31.617512,Paris-6160,49,67,Normal
2026-02-12 09:36:32.617512,Paris-6160,-3,26,Normal
2026-02-12 09:36:33.617512,Paris-6160,5,89,Normal
2026-02-12 09:36:34.617512,Paris-6160,10,27,Normal
2026-02-12 09:36:35.617512,Paris-6160,-23,96,Normal
2026-02-12 09:36:36.617512,Paris-6160,15,84,Normal
2026-02-12 09:36:37.617512,Paris-6160,2,7,Normal
2026-02-12 09:36:38.617512,Paris-6160,22,99,Normal
2026-02-12 09:36:39.617512,Paris-6160,1,34,Normal
2026-02-12 09:36:40.617512,Paris-6160,43,97,Normal
2026-02-12 09:36:41.617512,Paris-6160,-16,9,Normal
2026-02-12 09:36:42.617512,Paris-6160,-29,52,Normal
2026-02-12 09:36:43.617512,Paris-6160,-13,41,Normal
2026-02-12 09:36:44.617512,Paris-6160,12,6,Normal
2026-02-12 09:36:45.617512,Paris-6160,26,38,Normal
2026-02-12 09:36:46.617512,Paris-6160,42,55,Normal
2026-02-12 09:36:47.617512,Paris-6160,-30,32,Normal
2026-02-12 09:36:48.617512,Paris-6160,3,94,Normal
2026-02-12 09:36:49.617512,Paris-6160,47,55,Normal
2026-02-12 09:36:50.617512,Paris-6160,4,70,Normal
2026-02-12 09:36:51.617512,Paris-6160,-14,14,Normal
2026-02-12 09:36:52.617512,Paris-6160,40,7,Normal
2026-02-12 09:36:53.617512,Paris-6160,7,54,Normal
2026-02-12 09:36:54.617512,Paris-6160,41,24,Normal
2026-02-12 09:36:55.617512,Paris-6160,-5,83,Normal
2026-02-12 09:36:56.617512,Paris-6160,12,83,Normal
2026-02-12 09:36:57.617512,Paris-6160,37,49,Normal
2026-02-12 09:36:58.617512,Paris-6160,-12,23,Normal
2026-02-12 09:36:59.617512,Paris-6160,-30,85,Normal
2026-02-12 09:37:00.617512,Paris-6160,-1,49,Normal
2026-02-12 09:37:01.617512,Paris-6160,43,74,Normal
2026-02-12 09:37:02.617512,Paris-6160,49,59,Normal
2026-02-12 09:37:03.617512,Paris-6160,-16,37,Normal
2026-02-12 09:37:04.617512,Paris-6160,31,33,Normal
2026-02-12 09:37:05.617512,Paris-6160,-1,75,Normal
2026-02-12 09:37:06.617512,Paris-6160,43,76,Normal
2026-02-12 09:37:07.617512,Paris-6160,48,92,Normal
2026-02-12 09:37:08.617512,Paris-6160,-3,37,Normal
2026-02-12 09:37:09.617512,Paris-6160,49,12,Normal
2026-02-12 09:37:10.617512,Paris-6160,-9,29,Normal
2026-02-12 09:37:11.617512,Paris-6160,28,16,Normal
2026-02-12 09:37:12.617512,Paris-6160,15,51,Normal
2026-02-12 09:37:13.617512,Paris-6160,30,45,Normal
2026-02-12 09:37:14.617512,Paris-6160,44,90,Normal
2026-02-12 09:37:15.617512,Paris-6160,11,48,Normal
2026-02-12 09:37:16.617512,Paris-6160,7,79,Normal
2026-02-12 09:37:17.617512,Paris-6160,5,73,Normal
2026-02-12 09:37:18.617512,Paris-6160,35,99,Normal
2026-02-12 09:37:19.617512,Paris-6160,35,2,Normal
2026-02-12 09:37:20.617512,Paris-6160,31,80,Normal
2026-02-12 09:37:21.617512,Paris-6160,-5,78,Normal
2026-02-12 09:37:22.617512,Paris-6160,5,99,Normal
2026-02-12 09:37:23.617512,Paris-6160,-3,97,Normal
2026-02-12 09:37:24.617512,Paris-6160,22,51,Normal
2026-02-12 09:37:25.617512,Paris-6160,-4,60,Normal
2026-02-12 09:37:26.617512,Paris-6160,-22,38,Normal
2026-02-12 09:37:27.617512,Paris-6160,30,72,Normal
2026-02-12 09:37:28.617512,Paris-6160,-17,76,Normal
2026-02-12 09:37:29.617512,Paris-6160,16,46,Normal
2026-02-12 09:37:30.617512,Paris-6160,21,99,Normal
2026-02-12 09:37:31.617512,Paris-6160,5,53,Normal
2026-02-12 09:37:32.617512,Paris-6160,-20,62,Normal
2026-02-12 09:37:33.617512,Paris-6160,41,25,Normal
2026-02-12 09:37:34.617512,Paris-6160,-1,38,Normal
2026-02-12 09:37:35.617512,Paris-6160,36,10,Normal
2026-02-12 09:37:36.617512,Paris-6160,38,59,Normal
2026-02-12 09:37:37.617512,Paris-6160,2,97,Normal
2026-02-12 09:37:38.617512,Paris-6160,28,92,Normal
2026-02-12 09:37:39.617512,Paris-6160,35,65,Normal
2026-02-12 09:37:40.617512,Paris-6160,28,69,Normal
2026-02-12 09:37:41.617512,Paris-6160,8,35,Normal
2026-02-12 09:37:42.617512,Paris-6160,-25,18,Normal
2026-02-12 09:37:43.617512,Paris-6160,-13,100,Normal
2026-02-12 09:37:44.617512,Paris-6160,-20,50,Normal
2026-02-12 09:37:45.617512,Paris-6160,13,90,Normal
2026-02-12 09:37:46.617512,Paris-6160,-25,70,Normal
2026-02-12 09:37:47.617512,Paris-6160,31,96,Normal
2026-02-12 09:37:48.617512,Paris-6160,32,63,Normal
2026-02-12 09:37:49.617512,Paris-6160,3,97,Normal
2026-02-12 09:37:50.617512,Paris-6160,-1,81,Normal
2026-02-12 09:37:51.617512,Paris-6160,27,80,Normal
2026-02-12 09:37:52.617512,Paris-6160,26,100,Normal
2026-02-12 09:37:53.617512,Paris-6160,-16,90,Normal
2026-02-12 09:37:54.617512,Paris-6160,-20,35,Normal
2026-02-12 09:37:55.617512,Paris-6160,41,21,Normal
2026-02-12 09:37:56.617512,Paris-6160,37,29,Normal
2026-02-12 09:37:57.617512,Paris-6160,-27,5,Normal
2026-02-12 09:37:58.617512,Paris-6160,8,92,Normal
2026-02-12 09:37:59.617512,Paris-6160,-15,96,Normal
2026-02-12 09:38:00.617512,Paris-6160,38,97,Normal
2026-02-12 09:38:01.617512,Paris-6160,-27,56,Normal
