timestamp,station_id,temp,humid,condition
2026-02-14 13:57:09.256072,Tokyo-426a,19,27,Normal
2026-02-14 13:57:10.256072,Tokyo-426a,0,66,Normal
2026-02-14 13:57:11.256072,Tokyo-426a,32,94,Normal
2026-02-14 13:57:12.256072,Tokyo-426a,-15,51,Normal
2026-02-14 13:57:13.256072,Tokyo-426a,30,38,Normal
2026-02-14 13:57:14.256072,Tokyo-426a,1,92,Normal
2026-02-14 13:57:15.256072,Tokyo-426a,-1,22,Normal
2026-02-14 13:57:16.256072,Tokyo-426a,18,65,Normal
2026-02-14 13:57:17.256072,Tokyo-426a,-8,78,Normal
2026-02-14 13:57:18.256072,Tokyo-426a,19,31,Normal
2026-02-14 13:57:19.256072,Tokyo-426a,-18,97,Normal
2026-02-14 13:57:20.256072,Tokyo-426a,31,22,Normal
2026-02-14 13:57:21.256072,Tokyo-426a,3,94,Normal
2026-02-14 13:57:22.256072,Tokyo-426a,17,98,Normal
2026-02-14 13:57:23.256072,Tokyo-426a,32,62,Normal
2026-02-14 13:57:24.256072,Tokyo-426a,13,56,Normal
2026-02-14 13:57:25.256072,Tokyo-426a,-26,55,Normal
2026-02-14 13:57:26.256072,Tokyo-426a,38,13,Normal
2026-02-14 13:57:27.256072,Tokyo-426a,39,35,Normal
2026-02-14 13:57:28.256072,Tokyo-426a,41,92,Normal
2026-02-14 13:57:29.256072,Tokyo-426a,1,20,Normal
2026-02-14 13:57:30.256072,Tokyo-426a,21,7,Normal
2026-02-14 13:57:31.256072,Tokyo-426a,-20,76,Normal
2026-02-14 13:57:32.256072,Tokyo-426a,18,10,Normal
2026-02-14 13:57:33.256072,Tokyo-426a,45,2,Normal
2026-02-14 13:57:34.256072,Tokyo-426a,24,63,Normal
2026-02-14 13:57:35.256072,Tokyo-426a,49,58,Normal
2026-02-14 13:57:36.256072,Tokyo-426a,-8,8,Normal
2026-02-14 13:57:37.256072,Tokyo-426a,16,89,Normal
2026-02-14 13:57:38.256072,Tokyo-426a,-4,35,Normal
2026-02-14 13:57:39.256072,Tokyo-426a,-22,24,Normal
2026-02-14 13:57:40.256072,Tokyo-426a,-28,16,Normal
2026-02-14 13:57:41.256072,Tokyo-426a,17,28,Normal
2026-02-14 13:57:42.256072,Tokyo-426a,15,60,Normal
2026-02-14 13:57:43.256072,Tokyo-426a,-16,5,Normal
2026-02-14 13:57:44.256072,Tokyo-426a,31,82,Normal
2026-02-14 13:57:45.256072,Tokyo-426a,15,53,Normal
2026-02-14 13:57:46.256072,Tokyo-426a,3,4,Normal
2026-02-14 13:57:47.256072,Tokyo-426a,-8,78,Normal
2026-02-14 13:57:48.256072,Tokyo-426a,18,30,Normal
2026-02-14 13:57:49.256072,Tokyo-426a,19,41,Normal
2026-02-14 13:57:50.256072,Tokyo-426a,26,29,Normal
2026-02-14 13:57:51.256072,Tokyo-426a,-8,81,Normal
2026-02-14 13:57:52.256072,Tokyo-426a,9,67,Normal
2026-02-14 13:57:53.256072,Tokyo-426a,36,26,Normal
2026-02-14 13:57:54.256072,Tokyo-426a,-15,13,Normal
2026-02-14 13:57:55.256072,Tokyo-426a,5,8,Normal
2026-02-14 13:57:56.256072,Tokyo-426a,-4,61,Normal
2026-02-14 13:57:57.256072,Tokyo-426a,19,53,Normal
2026-02-14 13:57:58.256072,Tokyo-426a,5,42,Normal
2026-02-14 13:57:59.256072,Tokyo-426a,-23,15,Normal
2026-02-14 13:58:00.256072,Tokyo-426a,18,33,Normal
2026-02-14 13:58:01.256072,Tokyo-426a,23,53,Normal
2026-02-14 13:58:02.256072,Tokyo-426a,-5,37,Normal
2026-02-14 13:58:03.256072,Tokyo-426a,39,84,Normal
2026-02-14 13:58:04.256072,Tokyo-426a,-2,31,Normal
2026-02-14 13:58:05.256072,Tokyo-426a,-5,67,Normal
2026-02-14 13:58:06.256072,Tokyo-426a,-23,34,Normal
2026-02-14 13:58:07.256072,Tokyo-426a,49,22,Normal
2026-02-14 13:58:08.256072,Tokyo-426a,-13,35,Normal
2026-02-14 13:58:09.256072,Tokyo-426a,44,34,Normal
2026-02-14 13:58:10.256072,Tokyo-426a,-22,34,Normal
2026-02-14 13:58:11.256072,Tokyo-426a,-19,84,Normal
2026-02-14 13:58:12.256072,Tokyo-426a,15,70,Normal
2026-02-14 13:58:13.256072,Tokyo-426a,19,79,Normal
2026-02-14 13:58:14.256072,Tokyo-426a,27,63,Normal
2026-02-14 13:58:15.256072,Tokyo-426a,42,25,Normal
2026-02-14 13:58:16.256072,Tokyo-426a,-8,59,Normal
2026-02-14 13:58:17.256072,Tokyo-426a,-27,86,Normal
2026-02-14 13:58:18.256072,Tokyo-426a,39,49,Normal
2026-02-14 13:58:19.256072,Tokyo-426a,-18,27,Normal
2026-02-14 13:58:20.256072,Tokyo-426a,29,79,Normal
2026-02-14 13:58:21.256072,Tokyo-426a,-25,83,Normal
2026-02-14 13:58:22.256072,Tokyo-426a,-11,2,Normal
2026-02-14 13:58:23.256072,Tokyo-426a,-2,76,Normal
2026-02-14 13:58:24.256072,Tokyo-426a,3,75,Normal
2026-02-14 13:58:25.256072,Tokyo-426a,-25,88,Normal
2026-02-14 13:58:26.256072,Tokyo-426a,-18,74,Normal
2026-02-14 13:58:27.256072,Tokyo-426a,45,4,Normal
2026-02-14 13:58:28.256072,Tokyo-426a,-6,75,Normal
2026-02-14 13:58:29.256072,Tokyo-426a,-28,4,Normal
2026-02-14 13:58:30.256072,Tokyo-426a,47,68,Normal
2026-02-14 13:58:31.256072,Tokyo-426a,-21,92,Normal
2026-02-14 13:58:32.256072,Tokyo-426a,-5,70,Normal
2026-02-14 13:58:33.256072,Tokyo-426a,47,4,Normal
2026-02-14 13:58:34.256072,Tokyo-426a,33,59,Normal
2026-02-14 13:58:35.256072,Tokyo-426a,-10,25,Normal
2026-02-14 13:58:36.256072,Tokyo-426a,50,98,Normal
2026-02-14 13:58:37.256072,Tokyo-426a,43,28,Normal
2026-02-14 13:58:38.256072,Tokyo-426a,16,42,Normal
2026-02-14 13:58:39.256072,Tokyo-426a,41,14,Normal
2026-02-14 13:58:40.256072,Tokyo-426a,-6,22,Normal
2026-02-14 13:58:41.256072,Tokyo-426a,5,93,Normal
2026-02-14 13:58:42.256072,Tokyo-426a,40,90,Normal
2026-02-14 13:58:43.256072,Tokyo-426a,5,43,Normal
2026-02-14 13:58:44.256072,Tokyo-426a,-9,85,Normal
2026-02-14 13:58:45.256072,Tokyo-426a,27,92,Normal
2026-02-14 13:58:46.256072,Tokyo-426a,16,17,Normal
2026-02-14 13:58:47.256072,Tokyo-426a,50,19,Normal
2026-02-14 13:58:48.256072,Tokyo-426a,17,19,Normal
2026-02-14 13:58:49.256072,Tokyo-426a,37,66,Normal
2026-02-14 13:58:50.256072,Tokyo-426a,-8,44,Normal
2026-02-14 13:58:51.256072,Tokyo-426a,49,91,Normal
2026-02-14 13:58:52.256072,Tokyo-426a,-10,9,Normal
2026-02-14 13:58:53.256072,Tokyo-426a,44,63,Normal
2026-02-14 13:58:54.256072,Tokyo-426a,-6,76,Normal
2026-02-14 13:58:55.256072,Tokyo-426a,-6,99,Normal
2026-02-14 13:58:56.256072,Tokyo-426a,24,40,Normal
2026-02-14 13:58:57.256072,Tokyo-426a,7,19,Normal
2026-02-14 13:58:58.256072,Tokyo-426a,-26,36,Normal
2026-02-14 13:58:59.256072,Tokyo-426a,-29,96,Normal
2026-02-14 13:59:00.256072,Tokyo-426a,23,85,Normal
2026-02-14 13:59:01.256072,Tokyo-426a,29,15,Normal
2026-02-14 13:59:02.256072,Tokyo-426a,-29,6,Normal
2026-02-14 13:59:03.256072,Tokyo-426a,29,15,Normal
2026-02-14 13:59:04.256072,Tokyo-426a,15,25,Normal
2026-02-14 13:59:05.256072,Tokyo-426a,-28,27,Normal
2026-02-14 13:59:06.256072,Tokyo-426a,25,4,Normal
2026-02-14 13:59:07.256072,Tokyo-426a,18,22,Normal
2026-02-14 13:59:08.256072,Tokyo-426a,-19,67,Normal
2026-02-14 13:59:09.256072,Tokyo-426a,-21,43,Normal
2026-02-14 13:59:10.256072,Tokyo-426a,-25,19,Normal
2026-02-14 13:59:11.256072,Tokyo-426a,-28,62,Normal
2026-02-14 13:59:12.256072,Tokyo-426a,-8,56,Normal
2026-02-14 13:59:13.256072,Tokyo-426a,50,98,Normal
2026-02-14 13:59:14.256072,Tokyo-426a,26,5,Normal
2026-02-14 13:59:15.256072,Tokyo-426a,15,48,Normal
2026-02-14 13:59:16.256072,Tokyo-426a,-18,9,Normal
2026-02-14 13:59:17.256072,Tokyo-426a,-28,22,Normal
2026-02-14 13:59:18.256072,Tokyo-426a,-17,68,Normal
2026-02-14 13:59:19.256072,Tokyo-426a,49,77,Normal
2026-02-14 13:59:20.256072,Tokyo-426a,-20,94,Normal
2026-02-14 13:59:21.256072,Tokyo-426a,43,40,Normal
2026-02-14 13:59:22.256072,Tokyo-426a,-29,2,Normal
2026-02-14 13:59:23.256072,Tokyo-426a,41,79,Normal
2026-02-14 13:59:24.256072,Tokyo-426a,39,17,Normal
2026-02-14 13:59:25.256072,Tokyo-426a,40,73,Normal
2026-02-14 13:59:26.256072,Tokyo-426a,-28,85,Normal
2026-02-14 13:59:27.256072,Tokyo-426a,-14,81,Normal
2026-02-14 13:59:28.256072,Tokyo-426a,-28,95,Normal
2026-02-14 13:59:29.256072,Tokyo-426a,-10,11,Normal
2026-02-14 13:59:30.256072,Tokyo-426a,44,15,Normal
2026-02-14 13:59:31.256072,Tokyo-426a,38,33,Normal
2026-02-14 13:59:32.256072,Tokyo-426a,12,79,Normal
2026-02-14 13:59:33.256072,Tokyo-426a,31,42,Normal
2026-02-14 13:59:34.256072,Tokyo-426a,26,89,Normal
2026-02-14 13:59:35.256072,Tokyo-426a,2,11,Normal
2026-02-14 13:59:36.256072,Tokyo-426a,32,54,Normal
2026-02-14 13:59:37.256072,Tokyo-426a,-2,66,Normal
2026-02-14 13:59:38.256072,Tokyo-426a,-1,19,Normal
2026-02-14 13:59:39.256072,Tokyo-426a,-30,32,Normal
2026-02-14 13:59:40.256072,Tokyo-426a,-2,64,Normal
2026-02-14 13:59:41.256072,Tokyo-426a,28,15,Normal
2026-02-14 13:59:42.256072,Tokyo-426a,37,2,Normal
2026-02-14 13:59:43.256072,Tokyo-426a,12,4,Normal
2026-02-14 13:59:44.256072,Tokyo-426a,33,13,Normal
2026-02-14 13:59:45.256072,Tokyo-426a,27,66,Normal
2026-02-14 13:59:46.256072,Tokyo-426a,-30,13,Normal
2026-02-14 13:59:47.256072,Tokyo-426a,38,38,Normal
2026-02-14 13:59:48.256072,Tokyo-426a,4,1,Normal
2026-02-14 13:59:49.256072,Tokyo-426a,18,31,Normal
2026-02-14 13:59:50.256072,Tokyo-426a,-13,27,Normal
2026-02-14 13:59:51.256072,Tokyo-426a,34,76,Normal
2026-02-14 13:59:52.256072,Tokyo-426a,39,7,Normal
2026-02-14 13:59:53.256072,Tokyo-426a,-16,83,Normal
2026-02-14 13:59:54.256072,Tokyo-426a,34,32,Normal
2026-02-14 13:59:55.256072,Tokyo-426a,-30,89,Normal
2026-02-14 13:59:56.256072,Tokyo-426a,33,25,Normal
2026-02-14 13:59:57.256072,Tokyo-426a,-14,3,Normal
2026-02-14 13:59:58.256072,Tokyo-426a,17,67,Normal
2026-02-14 13:59:59.256072,Tokyo-426a,-29,39,Normal
2026-02-14 14:00:00.256072,Tokyo-426a,8,49,Normal
2026-02-14 14:00:01.256072,Tokyo-426a,25,33,Normal
2026-02-14 14:00:02.256072,Tokyo-426a,-6,4,Normal
2026-02-14 14:00:03.256072,Tokyo-426a,28,39,Normal
2026-02-14 14:00:04.256072,Tokyo-426a,-7,32,Normal
2026-02-14 14:00:05.256072,Tokyo-426a,32,38,Normal
2026-02-14 14:00:06.256072,Tokyo-426a,10,61,Normal
2026-02-14 14:00:07.256072,Tokyo-426a,-18,39,Normal
2026-02-14 14:00:08.256072,Tokyo-426a,34,77,Normal
2026-02-14 14:00:09.256072,Tokyo-426a,-8,38,Normal
2026-02-14 14:00:10.256072,Tokyo-426a,48,75,Normal
2026-02-14 14:00:11.256072,Tokyo-426a,6,72,Normal
2026-02-14 14:00:12.256072,Tokyo-426a,6,22,Normal
2026-02-14 14:00:13.256072,Tokyo-426a,-5,24,Normal
2026-02-14 14:00:14.256072,Tokyo-426a,21,28,Normal
2026-02-14 14:00:15.256072,Tokyo-426a,44,34,Normal
2026-02-14 14:00:16.256072,Tokyo-426a,-11,60,Normal
2026-02-14 14:00:17.256072,Tokyo-426a,40,30,Normal
2026-02-14 14:00:18.256072,Tokyo-426a,-18,27,Normal
2026-02-14 14:00:19.256072,Tokyo-426a,-24,18,Normal
2026-02-14 14:00:20.256072,Tokyo-426a,-5,7,Normal
2026-02-14 14:00:21.256072,Tokyo-426a,-5,67,Normal
2026-02-14 14:00:22.256072,Tokyo-426a,3,70,Normal
2026-02-14 14:00:23.256072,Tokyo-426a,27,61,Normal
2026-02-14 14:00:24.256072,Tokyo-426a,40,52,Normal
2026-02-14 14:00:25.256072,Tokyo-426a,29,77,Normal
2026-02-14 14:00:26.256072,Tokyo-426a,-30,81,Normal
2026-02-14 14:00:27.256072,Tokyo-426a,21,74,Normal
2026-02-14 14:00:28.256072,Tokyo-426a,-6,5,Normal
2026-02-14 14:00:29.256072,Tokyo-426a,49,93,Normal
2026-02-14 14:00:30.256072,Tokyo-426a,10,85,Normal
2026-02-14 14:00:31.256072,Tokyo-426a,1,39,Normal
2026-02-14 14:00:32.256072,Tokyo-426a,42,23,Normal
2026-02-14 14:00:33.256072,Tokyo-426a,-3,68,Normal
2026-02-14 14:00:34.256072,Tokyo-426a,8,61,Normal
2026-02-14 14:00:35.256072,Tokyo-426a,42,5,Normal
2026-02-14 14:00:36.256072,Tokyo-426a,-29,73,Normal
2026-02-14 14:00:37.256072,Tokyo-426a,16,35,Normal
2026-02-14 14:00:38.256072,Tokyo-426a,1,57,Normal
2026-02-14 14:00:39.256072,Tokyo-426a,40,38,Normal
2026-02-14 14:00:40.256072,Tokyo-426a,-16,50,Normal
2026-02-14 14:00:41.256072,Tokyo-426a,-9,57,Normal
2026-02-14 14:00:42.256072,Tokyo-426a,-11,73,Normal
2026-02-14 14:00:43.256072,Tokyo-426a,24,82,Normal
2026-02-14 14:00:44.256072,Tokyo-426a,-6,13,Normal
2026-02-14 14:00:45.256072,Tokyo-426a,33,64,Normal
2026-02-14 14:00:46.256072,Tokyo-426a,26,37,Normal
2026-02-14 14:00:47.256072,Tokyo-426a,49,9,Normal
2026-02-14 14:00:48.256072,Tokyo-426a,25,88,Normal
2026-02-14 14:00:49.256072,Tokyo-426a,47,30,Normal
2026-02-14 14:00:50.256072,Tokyo-426a,40,83,Normal
2026-02-14 14:00:51.256072,Tokyo-426a,32,70,Normal
2026-02-14 14:00:52.256072,Tokyo-426a,48,6,Normal
2026-02-14 14:00:53.256072,Tokyo-426a,17,26,Normal
2026-02-14 14:00:54.256072,Tokyo-426a,31,32,Normal
2026-02-14 14:00:55.256072,Tokyo-426a,-14,35,Normal
2026-02-14 14:00:56.256072,Tokyo-426a,33,25,Normal
2026-02-14 14:00:57.256072,Tokyo-426a,16,23,Normal
2026-02-14 14:00:58.256072,Tokyo-426a,45,20,Normal
2026-02-14 14:00:59.256072,Tokyo-426a,30,16,Normal
2026-02-14 14:01:00.256072,Tokyo-426a,10,35,Normal
2026-02-14 14:01:01.256072,Tokyo-426a,20,68,Normal
2026-02-14 14:01:02.256072,Tokyo-426a,41,18,Normal
2026-02-14 14:01:03.256072,Tokyo-426a,27,62,Normal
2026-02-14 14:01:04.256072,Tokyo-426a,45,94,Normal
2026-02-14 14:01:05.256072,Tokyo-426a,47,29,Normal
2026-02-14 14:01:06.256072,Tokyo-426a,38,29,Normal
2026-02-14 14:01:07.256072,Tokyo-426a,17,45,Normal
2026-02-14 14:01:08.256072,Tokyo-426a,37,26,Normal
2026-02-14 14:01:09.256072,Tokyo-426a,-1,74,Normal
2026-02-14 14:01:10.256072,Tokyo-426a,26,21,Normal
2026-02-14 14:01:11.256072,Tokyo-426a,-19,51,Normal
2026-02-14 14:01:12.256072,Tokyo-426a,4,21,Normal
2026-02-14 14:01:13.256072,Tokyo-426a,-24,48,Normal
2026-02-14 14:01:14.256072,Tokyo-426a,23,22,Normal
2026-02-14 14:01:15.256072,Tokyo-426a,38,24,Normal
2026-02-14 14:01:16.256072,Tokyo-426a,7,58,Normal
2026-02-14 14:01:17.256072,Tokyo-426a,17,35,Normal
2026-02-14 14:01:18.256072,Tokyo-426a,10,62,Normal
2026-02-14 14:01:19.256072,Tokyo-426a,-10,32,Normal
2026-02-14 14:01:20.256072,Tokyo-426a,-14,30,Normal
2026-02-14 14:01:21.256072,Tokyo-426a,-2,45,Normal
2026-02-14 14:01:22.256072,Tokyo-426a,13,5,Normal
2026-02-14 14:01:23.256072,Tokyo-426a,39,11,Normal
2026-02-14 14:01:24.256072,Tokyo-426a,24,13,Normal
2026-02-14 14:01:25.256072,Tokyo-426a,34,65,Normal
2026-02-14 14:01:26.256072,Tokyo-426a,16,33,Normal
2026-02-14 14:01:27.256072,Tokyo-426a,23,63,Normal
2026-02-14 14:01:28.256072,Tokyo-426a,11,36,Normal
2026-02-14 14:01:29.256072,Tokyo-426a,17,82,Normal
2026-02-14 14:01:30.256072,Tokyo-426a,35,16,Normal
2026-02-14 14:01:31.256072,Tokyo-426a,7,4,Normal
2026-02-14 14:01:32.256072,Tokyo-426a,-11,32,Normal
2026-02-14 14:01:33.256072,Tokyo-426a,22,23,Normal
2026-02-14 14:01:34.256072,Tokyo-426a,13,0,Normal
2026-02-14 14:01:35.256072,Tokyo-426a,-16,40,Normal
2026-02-14 14:01:36.256072,Tokyo-426a,39,85,Normal
2026-02-14 14:01:37.256072,Tokyo-426a,45,1,Normal
2026-02-14 14:01:38.256072,Tokyo-426a,-13,16,Normal
2026-02-14 14:01:39.256072,Tokyo-426a,-13,32,Normal
2026-02-14 14:01:40.256072,Tokyo-426a,41,61,Normal
2026-02-14 14:01:41.256072,Tokyo-426a,-21,47,Normal
2026-02-14 14:01:42.256072,Tokyo-426a,19,70,Normal
2026-02-14 14:01:43.256072,Tokyo-426a,-19,23,Normal
2026-02-14 14:01:44.256072,Tokyo-426a,37,92,Normal
2026-02-14 14:01:45.256072,Tokyo-426a,13,29,Normal
2026-02-14 14:01:46.256072,Tokyo-426a,-22,100,Normal
2026-02-14 14:01:47.256072,Tokyo-426a,10,98,Normal
2026-02-14 14:01:48.256072,Tokyo-426a,-14,19,Normal
2026-02-14 14:01:49.256072,Tokyo-426a,36,73,Normal
2026-02-14 14:01:50.256072,Tokyo-426a,26,39,Normal
2026-02-14 14:01:51.256072,Tokyo-426a,-12,99,Normal
2026-02-14 14:01:52.256072,Tokyo-426a,-4,47,Normal
2026-02-14 14:01:53.256072,Tokyo-426a,35,42,Normal
2026-02-14 14:01:54.256072,Tokyo-426a,10,49,Normal
2026-02-14 14:01:55.256072,Tokyo-426a,24,34,Normal
2026-02-14 14:01:56.256072,Tokyo-426a,-9,0,Normal
2026-02-14 14:01:57.256072,Tokyo-426a,43,29,Normal
2026-02-14 14:01:58.256072,Tokyo-426a,-27,47,Normal
2026-02-14 14:01:59.256072,Tokyo-426a,0,55,Normal
2026-02-14 14:02:00.256072,Tokyo-426a,-17,69,Normal
2026-02-14 14:02:01.256072,Tokyo-426a,30,60,Normal
2026-02-14 14:02:02.256072,Tokyo-426a,16,8,Normal
2026-02-14 14:02:03.256072,Tokyo-426a,18,47,Normal
2026-02-14 14:02:04.256072,Tokyo-426a,-7,97,Normal
2026-02-14 14:02:05.256072,Tokyo-426a,-2,8,Normal
2026-02-14 14:02:06.256072,Tokyo-426a,25,13,Normal
2026-02-14 14:02:07.256072,Tokyo-426a,31,24,Normal
2026-02-14 14:02:08.256072,Tokyo-426a,49,60,Normal
2026-02-14 14:02:09.256072,Tokyo-426a,-11,62,Normal
2026-02-14 14:02:10.256072,Tokyo-426a,11,63,Normal
2026-02-14 14:02:11.256072,Tokyo-426a,-26,85,Normal
2026-02-14 14:02:12.256072,Tokyo-426a,23,46,Normal
2026-02-14 14:02:13.256072,Tokyo-426a,-27,98,Normal
2026-02-14 14:02:14.256072,Tokyo-426a,38,16,Normal
2026-02-14 14:02:15.256072,Tokyo-426a,13,68,Normal
2026-02-14 14:02:16.256072,Tokyo-426a,2,74,Normal
2026-02-14 14:02:17.256072,Tokyo-426a,22,9,Normal
2026-02-14 14:02:18.256072,Tokyo-426a,-25,93,Normal
2026-02-14 14:02:19.256072,Tokyo-426a,24,43,Normal
2026-02-14 14:02:20.256072,Tokyo-426a,13,15,Normal
2026-02-14 14:02:21.256072,Tokyo-426a,0,93,Normal
2026-02-14 14:02:22.256072,Tokyo-426a,1,18,Normal
2026-02-14 14:02:23.256072,Tokyo-426a,-25,100,Normal
2026-02-14 14:02:24.256072,Tokyo-426a,42,19,Normal
2026-02-14 14:02:25.256072,Tokyo-426a,-12,49,Normal
2026-02-14 14:02:26.256072,Tokyo-426a,-5,25,Normal
2026-02-14 14:02:27.256072,Tokyo-426a,45,85,Normal
2026-02-14 14:02:28.256072,Tokyo-426a,9,39,Normal
2026-02-14 14:02:29.256072,Tokyo-426a,35,54,Normal
2026-02-14 14:02:30.256072,Tokyo-426a,-3,54,Normal
2026-02-14 14:02:31.256072,Tokyo-426a,11,9,Normal
2026-02-14 14:02:32.256072,Tokyo-426a,-12,48,Normal
2026-02-14 14:02:33.256072,Tokyo-426a,34,67,Normal
2026-02-14 14:02:34.256072,Tokyo-426a,44,14,Normal
2026-02-14 14:02:35.256072,Tokyo-426a,-15,47,Normal
2026-02-14 14:02:36.256072,Tokyo-426a,44,50,Normal
2026-02-14 14:02:37.256072,Tokyo-426a,1,64,Normal
2026-02-14 14:02:38.256072,Tokyo-426a,-6,57,Normal
2026-02-14 14:02:39.256072,Tokyo-426a,-11,53,Normal
2026-02-14 14:02:40.256072,Tokyo-426a,-6,77,Normal
2026-02-14 14:02:41.256072,Tokyo-426a,-11,16,Normal
2026-02-14 14:02:42.256072,Tokyo-426a,7,14,Normal
2026-02-14 14:02:43.256072,Tokyo-426a,50,87,Normal
2026-02-14 14:02:44.256072,Tokyo-426a,22,54,Normal
2026-02-14 14:02:45.256072,Tokyo-426a,12,21,Normal
2026-02-14 14:02:46.256072,Tokyo-426a,33,4,Normal
2026-02-14 14:02:47.256072,Tokyo-426a,9,60,Normal
2026-02-14 14:02:48.256072,Tokyo-426a,10,21,Normal
2026-02-14 14:02:49.256072,Tokyo-426a,8,6,Normal
2026-02-14 14:02:50.256072,Tokyo-426a,17,94,Normal
2026-02-14 14:02:51.256072,Tokyo-426a,44,49,Normal
2026-02-14 14:02:52.256072,Tokyo-426a,27,38,Normal
2026-02-14 14:02:53.256072,Tokyo-426a,-3,41,Normal
2026-02-14 14:02:54.256072,Tokyo-426a,-8,44,Normal
2026-02-14 14:02:55.256072,Tokyo-426a,-17,1,Normal
2026-02-14 14:02:56.256072,Tokyo-426a,45,63,Normal
2026-02-14 14:02:57.256072,Tokyo-426a,4,83,Normal
2026-02-14 14:02:58.256072,Tokyo-426a,-22,41,Normal
2026-02-14 14:02:59.256072,Tokyo-426a,41,16,Normal
2026-02-14 14:03:00.256072,Tokyo-426a,45,91,Normal
2026-02-14 14:03:01.256072,Tokyo-426a,4,92,Normal
2026-02-14 14:03:02.256072,Tokyo-426a,2,94,Normal
2026-02-14 14:03:03.256072,Tokyo-426a,30,72,Normal
2026-02-14 14:03:04.256072,Tokyo-426a,3,61,Normal
2026-02-14 14:03:05.256072,Tokyo-426a,-5,44,Normal
2026-02-14 14:03:06.256072,Tokyo-426a,35,53,Normal
2026-02-14 14:03:07.256072,Tokyo-426a,37,68,Normal
2026-02-14 14:03:08.256072,Tokyo-426a,11,93,Normal
2026-02-14 14:03:09.256072,Tokyo-426a,25,42,Normal
2026-02-14 14:03:10.256072,Tokyo-426a,-24,33,Normal
2026-02-14 14:03:11.256072,Tokyo-426a,25,7,Normal
2026-02-14 14:03:12.256072,Tokyo-426a,7,20,Normal
2026-02-14 14:03:13.256072,Tokyo-426a,33,32,Normal
2026-02-14 14:03:14.256072,Tokyo-426a,8,15,Normal
2026-02-14 14:03:15.256072,Tokyo-426a,-4,5,Normal
2026-02-14 14:03:16.256072,Tokyo-426a,5,96,Normal
2026-02-14 14:03:17.256072,Tokyo-426a,15,62,Normal
2026-02-14 14:03:18.256072,Tokyo-426a,33,43,Normal
2026-02-14 14:03:19.256072,Tokyo-426a,49,75,Normal
2026-02-14 14:03:20.256072,Tokyo-426a,28,98,Normal
2026-02-14 14:03:21.256072,Tokyo-426a,19,39,Normal
2026-02-14 14:03:22.256072,Tokyo-426a,20,90,Normal
2026-02-14 14:03:23.256072,Tokyo-426a,-20,60,Normal
2026-02-14 14:03:24.256072,Tokyo-426a,-19,45,Normal
2026-02-14 14:03:25.256072,Tokyo-426a,16,92,Normal
2026-02-14 14:03:26.256072,Tokyo-426a,-7,66,Normal
2026-02-14 14:03:27.256072,Tokyo-426a,0,25,Normal
2026-02-14 14:03:28.256072,Tokyo-426a,32,100,Normal
2026-02-14 14:03:29.256072,Tokyo-426a,29,31,Normal
2026-02-14 14:03:30.256072,Tokyo-426a,18,45,Normal
2026-02-14 14:03:31.256072,Tokyo-426a,1,31,Normal
2026-02-14 14:03:32.256072,Tokyo-426a,-18,64,Normal
2026-02-14 14:03:33.256072,Tokyo-426a,49,62,Normal
2026-02-14 14:03:34.256072,Tokyo-426a,-13,15,Normal
2026-02-14 14:03:35.256072,Tokyo-426a,-29,37,Normal
2026-02-14 14:03:36.256072,Tokyo-426a,49,79,Normal
2026-02-14 14:03:37.256072,Tokyo-426a,-3,63,Normal
2026-02-14 14:03:38.256072,Tokyo-426a,-14,36,Normal
2026-02-14 14:03:39.256072,Tokyo-426a,8,18,Normal
2026-02-14 14:03:40.256072,Tokyo-426a,19,53,Normal
2026-02-14 14:03:41.256072,Tokyo-426a,39,68,Normal
2026-02-14 14:03:42.256072,Tokyo-426a,7,1,Normal
2026-02-14 14:03:43.256072,Tokyo-426a,4,73,Normal
2026-02-14 14:03:44.256072,Tokyo-426a,39,27,Normal
2026-02-14 14:03:45.256072,Tokyo-426a,3,23,Normal
2026-02-14 14:03:46.256072,Tokyo-426a,-27,5,Normal
2026-02-14 14:03:47.256072,Tokyo-426a,9,83,Normal
2026-02-14 14:03:48.256072,Tokyo-426a,-19,94,Normal
2026-02-14 14:03:49.256072,Tokyo-426a,28,65,Normal
2026-02-14 14:03:50.256072,Tokyo-426a,35,10,Normal
2026-02-14 14:03:51.256072,Tokyo-426a,18,89,Normal
2026-02-14 14:03:52.256072,Tokyo-426a,4,25,Normal
2026-02-14 14:03:53.256072,Tokyo-426a,15,48,Normal
2026-02-14 14:03:54.256072,Tokyo-426a,30,62,Normal
2026-02-14 14:03:55.256072,Tokyo-426a,49,76,Normal
2026-02-14 14:03:56.256072,Tokyo-426a,36,49,Normal
2026-02-14 14:03:57.256072,Tokyo-426a,-3,95,Normal
2026-02-14 14:03:58.256072,Tokyo-426a,26,62,Normal
2026-02-14 14:03:59.256072,Tokyo-426a,27,31,Normal
2026-02-14 14:04:00.256072,Tokyo-426a,-9,5,Normal
2026-02-14 14:04:01.256072,Tokyo-426a,11,26,Normal
2026-02-14 14:04:02.256072,Tokyo-426a,29,80,Normal
2026-02-14 14:04:03.256072,Tokyo-426a,-29,82,Normal
2026-02-14 14:04:04.256072,Tokyo-426a,-22,94,Normal
2026-02-14 14:04:05.256072,Tokyo-426a,-21,47,Normal
2026-02-14 14:04:06.256072,Tokyo-426a,-9,21,Normal
2026-02-14 14:04:07.256072,Tokyo-426a,22,12,Normal
2026-02-14 14:04:08.256072,Tokyo-426a,12,93,Normal
2026-02-14 14:04:09.256072,Tokyo-426a,47,30,Normal
2026-02-14 14:04:10.256072,Tokyo-426a,8,43,Normal
2026-02-14 14:04:11.256072,Tokyo-426a,0,89,Normal
2026-02-14 14:04:12.256072,Tokyo-426a,49,21,Normal
2026-02-14 14:04:13.256072,Tokyo-426a,-15,75,Normal
2026-02-14 14:04:14.256072,Tokyo-426a,37,46,Normal
2026-02-14 14:04:15.256072,Tokyo-426a,44,53,Normal
2026-02-14 14:04:16.256072,Tokyo-426a,2,44,Normal
2026-02-14 14:04:17.256072,Tokyo-426a,39,64,Normal
2026-02-14 14:04:18.256072,Tokyo-426a,32,60,Normal
2026-02-14 14:04:19.256072,Tokyo-426a,48,19,Normal
2026-02-14 14:04:20.256072,Tokyo-426a,16,88,Normal
2026-02-14 14:04:21.256072,Tokyo-426a,19,5,Normal
2026-02-14 14:04:22.256072,Tokyo-426a,32,17,Normal
2026-02-14 14:04:23.256072,Tokyo-426a,-6,98,Normal
2026-02-14 14:04:24.256072,Tokyo-426a,-30,11,Normal
2026-02-14 14:04:25.256072,Tokyo-426a,0,92,Normal
2026-02-14 14:04:26.256072,Tokyo-426a,43,18,Normal
2026-02-14 14:04:27.256072,Tokyo-426a,-1,10,Normal
2026-02-14 14:04:28.256072,Tokyo-426a,17,35,Normal
2026-02-14 14:04:29.256072,Tokyo-426a,42,77,Normal
2026-02-14 14:04:30.256072,Tokyo-426a,-30,64,Normal
2026-02-14 14:04:31.256072,Tokyo-426a,33,84,Normal
2026-02-14 14:04:32.256072,Tokyo-426a,9,93,Normal
2026-02-14 14:04:33.256072,Tokyo-426a,-4,63,Normal
2026-02-14 14:04:34.256072,Tokyo-426a,36,30,Normal
2026-02-14 14:04:35.256072,Tokyo-426a,-6,48,Normal
2026-02-14 14:04:36.256072,Tokyo-426a,1,56,Normal
2026-02-14 14:04:37.256072,Tokyo-426a,-22,91,Normal
2026-02-14 14:04:38.256072,Tokyo-426a,26,31,Normal
2026-02-14 14:04:39.256072,Tokyo-426a,19,21,Normal
2026-02-14 14:04:40.256072,Tokyo-426a,30,100,Normal
2026-02-14 14:04:41.256072,Tokyo-426a,5,34,Normal
2026-02-14 14:04:42.256072,Tokyo-426a,-19,81,Normal
2026-02-14 14:04:43.256072,Tokyo-426a,12,85,Normal
2026-02-14 14:04:44.256072,Tokyo-426a,24,43,Normal
2026-02-14 14:04:45.256072,Tokyo-426a,5,68,Normal
2026-02-14 14:04:46.256072,Tokyo-426a,43,54,Normal
2026-02-14 14:04:47.256072,Tokyo-426a,35,28,Normal
2026-02-14 14:04:48.256072,Tokyo-426a,47,50,Normal
2026-02-14 14:04:49.256072,Tokyo-426a,46,27,Normal
2026-02-14 14:04:50.256072,Tokyo-426a,18,42,Normal
2026-02-14 14:04:51.256072,Tokyo-426a,10,88,Normal
2026-02-14 14:04:52.256072,Tokyo-426a,10,15,Normal
2026-02-14 14:04:53.256072,Tokyo-426a,-7,80,Normal
2026-02-14 14:04:54.256072,Tokyo-426a,-26,37,Normal
2026-02-14 14:04:55.256072,Tokyo-426a,26,37,Normal
2026-02-14 14:04:56.256072,Tokyo-426a,-16,49,Normal
2026-02-14 14:04:57.256072,Tokyo-426a,24,66,Normal
2026-02-14 14:04:58.256072,Tokyo-426a,18,42,Normal
2026-02-14 14:04:59.256072,Tokyo-426a,-21,19,Normal
2026-02-14 14:05:00.256072,Tokyo-426a,47,97,Normal
2026-02-14 14:05:01.256072,Tokyo-426a,14,55,Normal
2026-02-14 14:05:02.256072,Tokyo-426a,-18,63,Normal
2026-02-14 14:05:03.256072,Tokyo-426a,37,70,Normal
2026-02-14 14:05:04.256072,Tokyo-426a,19,41,Normal
2026-02-14 14:05:05.256072,Tokyo-426a,46,15,Normal
2026-02-14 14:05:06.256072,Tokyo-426a,-27,100,Normal
2026-02-14 14:05:07.256072,Tokyo-426a,-13,82,Normal
2026-02-14 14:05:08.256072,Tokyo-426a,49,65,Normal
2026-02-14 14:05:09.256072,Tokyo-426a,-11,2,Normal
2026-02-14 14:05:10.256072,Tokyo-426a,-25,18,Normal
2026-02-14 14:05:11.256072,Tokyo-426a,49,50,Normal
2026-02-14 14:05:12.256072,Tokyo-426a,-11,94,Normal
2026-02-14 14:05:13.256072,Tokyo-426a,42,84,Normal
2026-02-14 14:05:14.256072,Tokyo-426a,-26,74,Normal
2026-02-14 14:05:15.256072,Tokyo-426a,0,10,Normal
2026-02-14 14:05:16.256072,Tokyo-426a,-7,66,Normal
2026-02-14 14:05:17.256072,Tokyo-426a,3,54,Normal
2026-02-14 14:05:18.256072,Tokyo-426a,46,80,Normal
2026-02-14 14:05:19.256072,Tokyo-426a,43,83,Normal
2026-02-14 14:05:20.256072,Tokyo-426a,5,57,Normal
2026-02-14 14:05:21.256072,Tokyo-426a,-5,92,Normal
2026-02-14 14:05:22.256072,Tokyo-426a,19,36,Normal
2026-02-14 14:05:23.256072,Tokyo-426a,-22,97,Normal
2026-02-14 14:05:24.256072,Tokyo-426a,-21,11,Normal
2026-02-14 14:05:25.256072,Tokyo-426a,42,2,Normal
2026-02-14 14:05:26.256072,Tokyo-426a,26,94,Normal
2026-02-14 14:05:27.256072,Tokyo-426a,-29,49,Normal
2026-02-14 14:05:28.256072,Tokyo-426a,-22,32,Normal
2026-02-14 14:05:29.256072,Tokyo-426a,33,80,Normal
2026-02-14 14:05:30.256072,Tokyo-426a,-6,52,Normal
2026-02-14 14:05:31.256072,Tokyo-426a,-10,69,Normal
2026-02-14 14:05:32.256072,Tokyo-426a,-27,43,Normal
2026-02-14 14:05:33.256072,Tokyo-426a,-24,86,Normal
2026-02-14 14:05:34.256072,Tokyo-426a,13,8,Normal
2026-02-14 14:05:35.256072,Tokyo-426a,5,45,Normal
2026-02-14 14:05:36.256072,Tokyo-426a,-8,98,Normal
2026-02-14 14:05:37.256072,Tokyo-426a,-10,85,Normal
2026-02-14 14:05:38.256072,Tokyo-426a,36,89,Normal
2026-02-14 14:05:39.256072,Tokyo-426a,-21,24,Normal
2026-02-14 14:05:40.256072,Tokyo-426a,-3,11,Normal
2026-02-14 14:05:41.256072,Tokyo-426a,-15,38,Normal
2026-02-14 14:05:42.256072,Tokyo-426a,-6,99,Normal
2026-02-14 14:05:43.256072,Tokyo-426a,17,15,Normal
2026-02-14 14:05:44.256072,Tokyo-426a,25,31,Normal
2026-02-14 14:05:45.256072,Tokyo-426a,22,17,Normal
2026-02-14 14:05:46.256072,Tokyo-426a,36,15,Normal
2026-02-14 14:05:47.256072,Tokyo-426a,-26,59,Normal
2026-02-14 14:05:48.256072,Tokyo-426a,15,59,Normal
2026-02-14 14:05:49.256072,Tokyo-426a,3,2,Normal
2026-02-14 14:05:50.256072,Tokyo-426a,-10,35,Normal
2026-02-14 14:05:51.256072,Tokyo-426a,-15,43,Normal
2026-02-14 14:05:52.256072,Tokyo-426a,-4,59,Normal
2026-02-14 14:05:53.256072,Tokyo-426a,-19,83,Normal
2026-02-14 14:05:54.256072,Tokyo-426a,47,46,Normal
2026-02-14 14:05:55.256072,Tokyo-426a,13,79,Normal
2026-02-14 14:05:56.256072,Tokyo-426a,-6,15,Normal
2026-02-14 14:05:57.256072,Tokyo-426a,4,88,Normal
2026-02-14 14:05:58.256072,Tokyo-426a,48,4,Normal
2026-02-14 14:05:59.256072,Tokyo-426a,4,78,Normal
2026-02-14 14:06:00.256072,Tokyo-426a,0,92,Normal
2026-02-14 14:06:01.256072,Tokyo-426a,-19,7,Normal
2026-02-14 14:06:02.256072,Tokyo-426a,6,54,Normal
2026-02-14 14:06:03.256072,Tokyo-426a,29,70,Normal
2026-02-14 14:06:04.256072,Tokyo-426a,-29,25,Normal
2026-02-14 14:06:05.256072,Tokyo-426a,25,26,Normal
2026-02-14 14:06:06.256072,Tokyo-426a,36,6,Normal
2026-02-14 14:06:07.256072,Tokyo-426a,13,39,Normal
2026-02-14 14:06:08.256072,Tokyo-426a,-25,13,Normal
2026-02-14 14:06:09.256072,Tokyo-426a,14,8,Normal
2026-02-14 14:06:10.256072,Tokyo-426a,-22,24,Normal
2026-02-14 14:06:11.256072,Tokyo-426a,5,6,Normal
2026-02-14 14:06:12.256072,Tokyo-426a,26,46,Normal
2026-02-14 14:06:13.256072,Tokyo-426a,-18,34,Normal
2026-02-14 14:06:14.256072,Tokyo-426a,-12,74,Normal
2026-02-14 14:06:15.256072,Tokyo-426a,39,78,Normal
2026-02-14 14:06:16.256072,Tokyo-426a,46,33,Normal
2026-02-14 14:06:17.256072,Tokyo-426a,-20,67,Normal
2026-02-14 14:06:18.256072,Tokyo-426a,-26,51,Normal
2026-02-14 14:06:19.256072,Tokyo-426a,-6,89,Normal
2026-02-14 14:06:20.256072,Tokyo-426a,31,17,Normal
2026-02-14 14:06:21.256072,Tokyo-426a,-8,30,Normal
2026-02-14 14:06:22.256072,Tokyo-426a,-21,12,Normal
2026-02-14 14:06:23.256072,Tokyo-426a,44,30,Normal
2026-02-14 14:06:24.256072,Tokyo-426a,44,71,Normal
2026-02-14 14:06:25.256072,Tokyo-426a,-27,69,Normal
2026-02-14 14:06:26.256072,Tokyo-426a,28,42,Normal
2026-02-14 14:06:27.256072,Tokyo-426a,-7,59,Normal
2026-02-14 14:06:28.256072,Tokyo-426a,12,65,Normal
2026-02-14 14:06:29.256072,Tokyo-426a,-13,58,Normal
2026-02-14 14:06:30.256072,Tokyo-426a,40,75,Normal
2026-02-14 14:06:31.256072,Tokyo-426a,48,66,Normal
2026-02-14 14:06:32.256072,Tokyo-426a,-18,54,Normal
2026-02-14 14:06:33.256072,Tokyo-426a,17,94,Normal
2026-02-14 14:06:34.256072,Tokyo-426a,48,62,Normal
2026-02-14 14:06:35.256072,Tokyo-426a,41,57,Normal
2026-02-14 14:06:36.256072,Tokyo-426a,44,1,Normal
2026-02-14 14:06:37.256072,Tokyo-426a,-15,22,Normal
2026-02-14 14:06:38.256072,Tokyo-426a,3,19,Normal
2026-02-14 14:06:39.256072,Tokyo-426a,2,16,Normal
2026-02-14 14:06:40.256072,Tokyo-426a,-20,10,Normal
2026-02-14 14:06:41.256072,Tokyo-426a,33,99,Normal
2026-02-14 14:06:42.256072,Tokyo-426a,13,1,Normal
2026-02-14 14:06:43.256072,Tokyo-426a,0,60,Normal
2026-02-14 14:06:44.256072,Tokyo-426a,-6,10,Normal
2026-02-14 14:06:45.256072,Tokyo-426a,-15,36,Normal
2026-02-14 14:06:46.256072,Tokyo-426a,32,18,Normal
2026-02-14 14:06:47.256072,Tokyo-426a,-30,47,Normal
2026-02-14 14:06:48.256072,Tokyo-426a,20,71,Normal
2026-02-14 14:06:49.256072,Tokyo-426a,10,66,Normal
2026-02-14 14:06:50.256072,Tokyo-426a,34,92,Normal
2026-02-14 14:06:51.256072,Tokyo-426a,-16,94,Normal
2026-02-14 14:06:52.256072,Tokyo-426a,-13,97,Normal
2026-02-14 14:06:53.256072,Tokyo-426a,-8,95,Normal
2026-02-14 14:06:54.256072,Tokyo-426a,-18,44,Normal
2026-02-14 14:06:55.256072,Tokyo-426a,-13,76,Normal
2026-02-14 14:06:56.256072,Tokyo-426a,38,46,Normal
2026-02-14 14:06:57.256072,Tokyo-426a,30,57,Normal
2026-02-14 14:06:58.256072,Tokyo-426a,-12,85,Normal
2026-02-14 14:06:59.256072,Tokyo-426a,41,99,Normal
2026-02-14 14:07:00.256072,Tokyo-426a,15,47,Normal
2026-02-14 14:07:01.256072,Tokyo-426a,47,19,Normal
2026-02-14 14:07:02.256072,Tokyo-426a,6,88,Normal
2026-02-14 14:07:03.256072,Tokyo-426a,-25,34,Normal
2026-02-14 14:07:04.256072,Tokyo-426a,-15,95,Normal
2026-02-14 14:07:05.256072,Tokyo-426a,-23,62,Normal
2026-02-14 14:07:06.256072,Tokyo-426a,23,2,Normal
2026-02-14 14:07:07.256072,Tokyo-426a,-1,70,Normal
2026-02-14 14:07:08.256072,Tokyo-426a,49,70,Normal
2026-02-14 14:07:09.256072,Tokyo-426a,37,44,Normal
2026-02-14 14:07:10.256072,Tokyo-426a,-25,20,Normal
2026-02-14 14:07:11.256072,Tokyo-426a,-7,80,Normal
2026-02-14 14:07:12.256072,Tokyo-426a,-27,40,Normal
2026-02-14 14:07:13.256072,Tokyo-426a,27,51,Normal
2026-02-14 14:07:14.256072,Tokyo-426a,-10,67,Normal
2026-02-14 14:07:15.256072,Tokyo-426a,12,90,Normal
2026-02-14 14:07:16.256072,Tokyo-426a,11,93,Normal
2026-02-14 14:07:17.256072,Tokyo-426a,25,1,Normal
2026-02-14 14:07:18.256072,Tokyo-426a,35,99,Normal
2026-02-14 14:07:19.256072,Tokyo-426a,-12,69,Normal
2026-02-14 14:07:20.256072,Tokyo-426a,34,30,Normal
2026-02-14 14:07:21.256072,Tokyo-426a,33,17,Normal
2026-02-14 14:07:22.256072,Tokyo-426a,41,71,Normal
2026-02-14 14:07:23.256072,Tokyo-426a,11,21,Normal
2026-02-14 14:07:24.256072,Tokyo-426a,-23,7,Normal
2026-02-14 14:07:25.256072,Tokyo-426a,46,81,Normal
2026-02-14 14:07:26.256072,Tokyo-426a,-13,24,Normal
2026-02-14 14:07:27.256072,Tokyo-426a,20,11,Normal
2026-02-14 14:07:28.256072,Tokyo-426a,-4,84,Normal
2026-02-14 14:07:29.256072,Tokyo-426a,-19,62,Normal
2026-02-14 14:07:30.256072,Tokyo-426a,22,63,Normal
2026-02-14 14:07:31.256072,Tokyo-426a,-5,72,Normal
2026-02-14 14:07:32.256072,Tokyo-426a,34,9,Normal
2026-02-14 14:07:33.256072,Tokyo-426a,-10,13,Normal
2026-02-14 14:07:34.256072,Tokyo-426a,-4,36,Normal
2026-02-14 14:07:35.256072,Tokyo-426a,16,17,Normal
2026-02-14 14:07:36.256072,Tokyo-426a,4,4,Normal
2026-02-14 14:07:37.256072,Tokyo-426a,48,68,Normal
2026-02-14 14:07:38.256072,Tokyo-426a,-27,3,Normal
2026-02-14 14:07:39.256072,Tokyo-426a,-22,84,Normal
2026-02-14 14:07:40.256072,Tokyo-426a,17,33,Normal
2026-02-14 14:07:41.256072,Tokyo-426a,-23,43,Normal
2026-02-14 14:07:42.256072,Tokyo-426a,36,57,Normal
2026-02-14 14:07:43.256072,Tokyo-426a,-18,91,Normal
2026-02-14 14:07:44.256072,Tokyo-426a,33,61,Normal
2026-02-14 14:07:45.256072,Tokyo-426a,46,84,Normal
2026-02-14 14:07:46.256072,Tokyo-426a,42,51,Normal
2026-02-14 14:07:47.256072,Tokyo-426a,21,4,Normal
2026-02-14 14:07:48.256072,Tokyo-426a,-17,46,Normal
2026-02-14 14:07:49.256072,Tokyo-426a,-11,70,Normal
2026-02-14 14:07:50.256072,Tokyo-426a,-23,68,Normal
2026-02-14 14:07:51.256072,Tokyo-426a,-27,95,Normal
2026-02-14 14:07:52.256072,Tokyo-426a,-10,74,Normal
2026-02-14 14:07:53.256072,Tokyo-426a,0,75,Normal
2026-02-14 14:07:54.256072,Tokyo-426a,5,42,Normal
2026-02-14 14:07:55.256072,Tokyo-426a,-4,2,Normal
2026-02-14 14:07:56.256072,Tokyo-426a,30,41,Normal
2026-02-14 14:07:57.256072,Tokyo-426a,21,54,Normal
2026-02-14 14:07:58.256072,Tokyo-426a,19,13,Normal
2026-02-14 14:07:59.256072,Tokyo-426a,16,27,Normal
2026-02-14 14:08:00.256072,Tokyo-426a,-18,58,Normal
2026-02-14 14:08:01.256072,Tokyo-426a,38,72,Normal
2026-02-14 14:08:02.256072,Tokyo-426a,1,3,Normal
2026-02-14 14:08:03.256072,Tokyo-426a,-22,59,Normal
2026-02-14 14:08:04.256072,Tokyo-426a,-17,69,Normal
2026-02-14 14:08:05.256072,Tokyo-426a,31,31,Normal
2026-02-14 14:08:06.256072,Tokyo-426a,26,71,Normal
2026-02-14 14:08:07.256072,Tokyo-426a,35,72,Normal
2026-02-14 14:08:08.256072,Tokyo-426a,-5,49,Normal
2026-02-14 14:08:09.256072,Tokyo-426a,-18,10,Normal
2026-02-14 14:08:10.256072,Tokyo-426a,-23,70,Normal
2026-02-14 14:08:11.256072,Tokyo-426a,15,44,Normal
2026-02-14 14:08:12.256072,Tokyo-426a,-8,92,Normal
2026-02-14 14:08:13.256072,Tokyo-426a,1,54,Normal
2026-02-14 14:08:14.256072,Tokyo-426a,14,41,Normal
2026-02-14 14:08:15.256072,Tokyo-426a,-19,0,Normal
2026-02-14 14:08:16.256072,Tokyo-426a,-2,21,Normal
2026-02-14 14:08:17.256072,Tokyo-426a,-14,34,Normal
2026-02-14 14:08:18.256072,Tokyo-426a,18,56,Normal
2026-02-14 14:08:19.256072,Tokyo-426a,-12,29,Normal
2026-02-14 14:08:20.256072,Tokyo-426a,-17,92,Normal
2026-02-14 14:08:21.256072,Tokyo-426a,-27,86,Normal
2026-02-14 14:08:22.256072,Tokyo-426a,-30,68,Normal
2026-02-14 14:08:23.256072,Tokyo-426a,-25,31,Normal
2026-02-14 14:08:24.256072,Tokyo-426a,38,39,Normal
2026-02-14 14:08:25.256072,Tokyo-426a,37,37,Normal
2026-02-14 14:08:26.256072,Tokyo-426a,32,18,Normal
2026-02-14 14:08:27.256072,Tokyo-426a,25,73,Normal
2026-02-14 14:08:28.256072,Tokyo-426a,36,75,Normal
2026-02-14 14:08:29.256072,Tokyo-426a,-8,26,Normal
2026-02-14 14:08:30.256072,Tokyo-426a,17,94,Normal
2026-02-14 14:08:31.256072,Tokyo-426a,26,88,Normal
2026-02-14 14:08:32.256072,Tokyo-426a,33,76,Normal
2026-02-14 14:08:33.256072,Tokyo-426a,19,75,Normal
2026-02-14 14:08:34.256072,Tokyo-426a,1,34,Normal
2026-02-14 14:08:35.256072,Tokyo-426a,43,16,Normal
2026-02-14 14:08:36.256072,Tokyo-426a,-6,86,Normal
2026-02-14 14:08:37.256072,Tokyo-426a,18,100,Normal
2026-02-14 14:08:38.256072,Tokyo-426a,38,72,Normal
2026-02-14 14:08:39.256072,Tokyo-426a,18,15,Normal
2026-02-14 14:08:40.256072,Tokyo-426a,44,81,Normal
2026-02-14 14:08:41.256072,Tokyo-426a,-30,81,Normal
2026-02-14 14:08:42.256072,Tokyo-426a,22,57,Normal
2026-02-14 14:08:43.256072,Tokyo-426a,10,57,Normal
2026-02-14 14:08:44.256072,Tokyo-426a,6,56,Normal
2026-02-14 14:08:45.256072,Tokyo-426a,28,8,Normal
2026-02-14 14:08:46.256072,Tokyo-426a,29,4,Normal
2026-02-14 14:08:47.256072,Tokyo-426a,22,43,Normal
2026-02-14 14:08:48.256072,Tokyo-426a,-28,59,Normal
2026-02-14 14:08:49.256072,Tokyo-426a,35,90,Normal
2026-02-14 14:08:50.256072,Tokyo-426a,15,69,Normal
2026-02-14 14:08:51.256072,Tokyo-426a,-11,84,Normal
2026-02-14 14:08:52.256072,Tokyo-426a,-18,10,Normal
2026-02-14 14:08:53.256072,Tokyo-426a,41,9,Normal
2026-02-14 14:08:54.256072,Tokyo-426a,40,37,Normal
2026-02-14 14:08:55.256072,Tokyo-426a,-30,53,Normal
2026-02-14 14:08:56.256072,Tokyo-426a,-7,1,Normal
2026-02-14 14:08:57.256072,Tokyo-426a,17,3,Normal
2026-02-14 14:08:58.256072,Tokyo-426a,-3,90,Normal
2026-02-14 14:08:59.256072,Tokyo-426a,30,99,Normal
2026-02-14 14:09:00.256072,Tokyo-426a,-17,31,Normal
2026-02-14 14:09:01.256072,Tokyo-426a,-17,93,Normal
2026-02-14 14:09:02.256072,Tokyo-426a,6,39,Normal
2026-02-14 14:09:03.256072,Tokyo-426a,17,25,Normal
2026-02-14 14:09:04.256072,Tokyo-426a,41,25,Normal
2026-02-14 14:09:05.256072,Tokyo-426a,39,29,Normal
2026-02-14 14:09:06.256072,Tokyo-426a,-19,18,Normal
2026-02-14 14:09:07.256072,Tokyo-426a,46,18,Normal
2026-02-14 14:09:08.256072,Tokyo-426a,-4,20,Normal
2026-02-14 14:09:09.256072,Tokyo-426a,-8,14,Normal
2026-02-14 14:09:10.256072,Tokyo-426a,-19,40,Normal
2026-02-14 14:09:11.256072,Tokyo-426a,39,5,Normal
2026-02-14 14:09:12.256072,Tokyo-426a,1,57,Normal
2026-02-14 14:09:13.256072,Tokyo-426a,47,10,Normal
2026-02-14 14:09:14.256072,Tokyo-426a,36,91,Normal
2026-02-14 14:09:15.256072,Tokyo-426a,-5,56,Normal
2026-02-14 14:09:16.256072,Tokyo-426a,50,50,Normal
2026-02-14 14:09:17.256072,Tokyo-426a,19,76,Normal
2026-02-14 14:09:18.256072,Tokyo-426a,48,90,Normal
2026-02-14 14:09:19.256072,Tokyo-426a,2,30,Normal
2026-02-14 14:09:20.256072,Tokyo-426a,7,100,Normal
2026-02-14 14:09:21.256072,Tokyo-426a,-21,71,Normal
2026-02-14 14:09:22.256072,Tokyo-426a,20,22,Normal
2026-02-14 14:09:23.256072,Tokyo-426a,47,17,Normal
2026-02-14 14:09:24.256072,Tokyo-426a,16,75,Normal
2026-02-14 14:09:25.256072,Tokyo-426a,-7,85,Normal
2026-02-14 14:09:26.256072,Tokyo-426a,48,91,Normal
2026-02-14 14:09:27.256072,Tokyo-426a,22,22,Normal
2026-02-14 14:09:28.256072,Tokyo-426a,14,58,Normal
2026-02-14 14:09:29.256072,Tokyo-426a,27,13,Normal
2026-02-14 14:09:30.256072,Tokyo-426a,-9,0,Normal
2026-02-14 14:09:31.256072,Tokyo-426a,5,59,Normal
2026-02-14 14:09:32.256072,Tokyo-426a,22,35,Normal
2026-02-14 14:09:33.256072,Tokyo-426a,32,26,Normal
2026-02-14 14:09:34.256072,Tokyo-426a,18,26,Normal
2026-02-14 14:09:35.256072,Tokyo-426a,30,3,Normal
2026-02-14 14:09:36.256072,Tokyo-426a,-12,33,Normal
2026-02-14 14:09:37.256072,Tokyo-426a,28,69,Normal
2026-02-14 14:09:38.256072,Tokyo-426a,-16,8,Normal
2026-02-14 14:09:39.256072,Tokyo-426a,-26,33,Normal
2026-02-14 14:09:40.256072,Tokyo-426a,42,3,Normal
2026-02-14 14:09:41.256072,Tokyo-426a,22,12,Normal
2026-02-14 14:09:42.256072,Tokyo-426a,28,65,Normal
2026-02-14 14:09:43.256072,Tokyo-426a,45,86,Normal
2026-02-14 14:09:44.256072,Tokyo-426a,-27,58,Normal
2026-02-14 14:09:45.256072,Tokyo-426a,-13,52,Normal
2026-02-14 14:09:46.256072,Tokyo-426a,-21,77,Normal
2026-02-14 14:09:47.256072,Tokyo-426a,-10,69,Normal
2026-02-14 14:09:48.256072,Tokyo-426a,28,16,Normal
2026-02-14 14:09:49.256072,Tokyo-426a,18,42,Normal
2026-02-14 14:09:50.256072,Tokyo-426a,-23,34,Normal
2026-02-14 14:09:51.256072,Tokyo-426a,-21,74,Normal
2026-02-14 14:09:52.256072,Tokyo-426a,-22,78,Normal
2026-02-14 14:09:53.256072,Tokyo-426a,13,41,Normal
2026-02-14 14:09:54.256072,Tokyo-426a,7,47,Normal
2026-02-14 14:09:55.256072,Tokyo-426a,49,30,Normal
2026-02-14 14:09:56.256072,Tokyo-426a,-12,74,Normal
2026-02-14 14:09:57.256072,Tokyo-426a,-27,1,Normal
2026-02-14 14:09:58.256072,Tokyo-426a,38,51,Normal
2026-02-14 14:09:59.256072,Tokyo-426a,-2,94,Normal
2026-02-14 14:10:00.256072,Tokyo-426a,-24,14,Normal
2026-02-14 14:10:01.256072,Tokyo-426a,45,69,Normal
2026-02-14 14:10:02.256072,Tokyo-426a,25,31,Normal
2026-02-14 14:10:03.256072,Tokyo-426a,-25,51,Normal
2026-02-14 14:10:04.256072,Tokyo-426a,1,35,Normal
2026-02-14 14:10:05.256072,Tokyo-426a,46,79,Normal
2026-02-14 14:10:06.256072,Tokyo-426a,36,82,Normal
2026-02-14 14:10:07.256072,Tokyo-426a,11,98,Normal
2026-02-14 14:10:08.256072,Tokyo-426a,-30,69,Normal
2026-02-14 14:10:09.256072,Tokyo-426a,24,5,Normal
2026-02-14 14:10:10.256072,Tokyo-426a,-16,29,Normal
2026-02-14 14:10:11.256072,Tokyo-426a,-27,87,Normal
2026-02-14 14:10:12.256072,Tokyo-426a,30,63,Normal
2026-02-14 14:10:13.256072,Tokyo-426a,44,86,Normal
2026-02-14 14:10:14.256072,Tokyo-426a,-10,44,Normal
2026-02-14 14:10:15.256072,Tokyo-426a,40,35,Normal
2026-02-14 14:10:16.256072,Tokyo-426a,-22,74,Normal
2026-02-14 14:10:17.256072,Tokyo-426a,13,97,Normal
2026-02-14 14:10:18.256072,Tokyo-426a,8,69,Normal
2026-02-14 14:10:19.256072,Tokyo-426a,-30,19,Normal
2026-02-14 14:10:20.256072,Tokyo-426a,9,54,Normal
2026-02-14 14:10:21.256072,Tokyo-426a,37,98,Normal
2026-02-14 14:10:22.256072,Tokyo-426a,42,49,Normal
2026-02-14 14:10:23.256072,Tokyo-426a,2,93,Normal
2026-02-14 14:10:24.256072,Tokyo-426a,50,79,Normal
2026-02-14 14:10:25.256072,Tokyo-426a,23,90,Normal
2026-02-14 14:10:26.256072,Tokyo-426a,-25,32,Normal
2026-02-14 14:10:27.256072,Tokyo-426a,5,39,Normal
2026-02-14 14:10:28.256072,Tokyo-426a,-10,53,Normal
2026-02-14 14:10:29.256072,Tokyo-426a,9,63,Normal
2026-02-14 14:10:30.256072,Tokyo-426a,-19,6,Normal
2026-02-14 14:10:31.256072,Tokyo-426a,45,72,Normal
2026-02-14 14:10:32.256072,Tokyo-426a,25,93,Normal
2026-02-14 14:10:33.256072,Tokyo-426a,48,73,Normal
2026-02-14 14:10:34.256072,Tokyo-426a,47,45,Normal
2026-02-14 14:10:35.256072,Tokyo-426a,36,79,Normal
2026-02-14 14:10:36.256072,Tokyo-426a,31,24,Normal
2026-02-14 14:10:37.256072,Tokyo-426a,39,94,Normal
2026-02-14 14:10:38.256072,Tokyo-426a,17,13,Normal
2026-02-14 14:10:39.256072,Tokyo-426a,-28,16,Normal
2026-02-14 14:10:40.256072,Tokyo-426a,43,3,Normal
2026-02-14 14:10:41.256072,Tokyo-426a,23,25,Normal
2026-02-14 14:10:42.256072,Tokyo-426a,-29,81,Normal
2026-02-14 14:10:43.256072,Tokyo-426a,12,20,Normal
2026-02-14 14:10:44.256072,Tokyo-426a,-10,33,Normal
2026-02-14 14:10:45.256072,Tokyo-426a,36,55,Normal
2026-02-14 14:10:46.256072,Tokyo-426a,28,84,Normal
2026-02-14 14:10:47.256072,Tokyo-426a,46,100,Normal
2026-02-14 14:10:48.256072,Tokyo-426a,-7,6,Normal
2026-02-14 14:10:49.256072,Tokyo-426a,28,44,Normal
2026-02-14 14:10:50.256072,Tokyo-426a,32,7,Normal
2026-02-14 14:10:51.256072,Tokyo-426a,-10,47,Normal
2026-02-14 14:10:52.256072,Tokyo-426a,29,46,Normal
2026-02-14 14:10:53.256072,Tokyo-426a,10,40,Normal
2026-02-14 14:10:54.256072,Tokyo-426a,42,94,Normal
2026-02-14 14:10:55.256072,Tokyo-426a,33,81,Normal
2026-02-14 14:10:56.256072,Tokyo-426a,-27,56,Normal
2026-02-14 14:10:57.256072,Tokyo-426a,39,81,Normal
2026-02-14 14:10:58.256072,Tokyo-426a,32,45,Normal
2026-02-14 14:10:59.256072,Tokyo-426a,-5,74,Normal
2026-02-14 14:11:00.256072,Tokyo-426a,1,23,Normal
2026-02-14 14:11:01.256072,Tokyo-426a,4,11,Normal
2026-02-14 14:11:02.256072,Tokyo-426a,-28,72,Normal
2026-02-14 14:11:03.256072,Tokyo-426a,-27,79,Normal
2026-02-14 14:11:04.256072,Tokyo-426a,-17,50,Normal
2026-02-14 14:11:05.256072,Tokyo-426a,3,2,Normal
2026-02-14 14:11:06.256072,Tokyo-426a,22,56,Normal
2026-02-14 14:11:07.256072,Tokyo-426a,-11,50,Normal
2026-02-14 14:11:08.256072,Tokyo-426a,45,60,Normal
2026-02-14 14:11:09.256072,Tokyo-426a,35,11,Normal
2026-02-14 14:11:10.256072,Tokyo-426a,-29,62,Normal
2026-02-14 14:11:11.256072,Tokyo-426a,0,89,Normal
2026-02-14 14:11:12.256072,Tokyo-426a,6,19,Normal
2026-02-14 14:11:13.256072,Tokyo-426a,24,24,Normal
2026-02-14 14:11:14.256072,Tokyo-426a,10,97,Normal
2026-02-14 14:11:15.256072,Tokyo-426a,4,14,Normal
2026-02-14 14:11:16.256072,Tokyo-426a,-13,98,Normal
2026-02-14 14:11:17.256072,Tokyo-426a,-22,60,Normal
2026-02-14 14:11:18.256072,Tokyo-426a,-3,5,Normal
2026-02-14 14:11:19.256072,Tokyo-426a,38,64,Normal
2026-02-14 14:11:20.256072,Tokyo-426a,-29,7,Normal
2026-02-14 14:11:21.256072,Tokyo-426a,-21,16,Normal
2026-02-14 14:11:22.256072,Tokyo-426a,-12,61,Normal
2026-02-14 14:11:23.256072,Tokyo-426a,43,100,Normal
2026-02-14 14:11:24.256072,Tokyo-426a,47,94,Normal
2026-02-14 14:11:25.256072,Tokyo-426a,-2,89,Normal
2026-02-14 14:11:26.256072,Tokyo-426a,-15,83,Normal
2026-02-14 14:11:27.256072,Tokyo-426a,50,84,Normal
2026-02-14 14:11:28.256072,Tokyo-426a,-16,5,Normal
2026-02-14 14:11:29.256072,Tokyo-426a,-30,13,Normal
2026-02-14 14:11:30.256072,Tokyo-426a,40,41,Normal
2026-02-14 14:11:31.256072,Tokyo-426a,45,98,Normal
2026-02-14 14:11:32.256072,Tokyo-426a,21,23,Normal
2026-02-14 14:11:33.256072,Tokyo-426a,5,67,Normal
2026-02-14 14:11:34.256072,Tokyo-426a,-5,65,Normal
2026-02-14 14:11:35.256072,Tokyo-426a,3,39,Normal
2026-02-14 14:11:36.256072,Tokyo-426a,2,89,Normal
2026-02-14 14:11:37.256072,Tokyo-426a,47,40,Normal
2026-02-14 14:11:38.256072,Tokyo-426a,40,36,Normal
2026-02-14 14:11:39.256072,Tokyo-426a,-28,18,Normal
2026-02-14 14:11:40.256072,Tokyo-426a,7,53,Normal
2026-02-14 14:11:41.256072,Tokyo-426a,-21,100,Normal
2026-02-14 14:11:42.256072,Tokyo-426a,38,31,Normal
2026-02-14 14:11:43.256072,Tokyo-426a,-30,69,Normal
2026-02-14 14:11:44.256072,Tokyo-426a,-18,60,Normal
2026-02-14 14:11:45.256072,Tokyo-426a,22,29,Normal
2026-02-14 14:11:46.256072,Tokyo-426a,19,21,Normal
2026-02-14 14:11:47.256072,Tokyo-426a,26,31,Normal
2026-02-14 14:11:48.256072,Tokyo-426a,28,48,Normal
2026-02-14 14:11:49.256072,Tokyo-426a,14,7,Normal
2026-02-14 14:11:50.256072,Tokyo-426a,4,69,Normal
2026-02-14 14:11:51.256072,Tokyo-426a,18,92,Normal
2026-02-14 14:11:52.256072,Tokyo-426a,37,36,Normal
2026-02-14 14:11:53.256072,Tokyo-426a,16,9,Normal
2026-02-14 14:11:54.256072,Tokyo-426a,-2,94,Normal
2026-02-14 14:11:55.256072,Tokyo-426a,-19,59,Normal
2026-02-14 14:11:56.256072,Tokyo-426a,31,61,Normal
2026-02-14 14:11:57.256072,Tokyo-426a,21,100,Normal
2026-02-14 14:11:58.256072,Tokyo-426a,36,55,Normal
2026-02-14 14:11:59.256072,Tokyo-426a,17,9,Normal
2026-02-14 14:12:00.256072,Tokyo-426a,-2,80,Normal
2026-02-14 14:12:01.256072,Tokyo-426a,-14,63,Normal
2026-02-14 14:12:02.256072,Tokyo-426a,45,66,Normal
2026-02-14 14:12:03.256072,Tokyo-426a,39,44,Normal
2026-02-14 14:12:04.256072,Tokyo-426a,30,44,Normal
2026-02-14 14:12:05.256072,Tokyo-426a,33,82,Normal
2026-02-14 14:12:06.256072,Tokyo-426a,-29,59,Normal
2026-02-14 14:12:07.256072,Tokyo-426a,50,15,Normal
2026-02-14 14:12:08.256072,Tokyo-426a,46,73,Normal
2026-02-14 14:12:09.256072,Tokyo-426a,-20,30,Normal
2026-02-14 14:12:10.256072,Tokyo-426a,-20,88,Normal
2026-02-14 14:12:11.256072,Tokyo-426a,22,26,Normal
2026-02-14 14:12:12.256072,Tokyo-426a,-24,17,Normal
2026-02-14 14:12:13.256072,Tokyo-426a,20,22,Normal
2026-02-14 14:12:14.256072,Tokyo-426a,-23,67,Normal
2026-02-14 14:12:15.256072,Tokyo-426a,11,74,Normal
2026-02-14 14:12:16.256072,Tokyo-426a,11,48,Normal
2026-02-14 14:12:17.256072,Tokyo-426a,-23,4,Normal
2026-02-14 14:12:18.256072,Tokyo-426a,11,86,Normal
2026-02-14 14:12:19.256072,Tokyo-426a,-2,66,Normal
2026-02-14 14:12:20.256072,Tokyo-426a,32,38,Normal
2026-02-14 14:12:21.256072,Tokyo-426a,32,75,Normal
2026-02-14 14:12:22.256072,Tokyo-426a,3,18,Normal
2026-02-14 14:12:23.256072,Tokyo-426a,-17,99,Normal
2026-02-14 14:12:24.256072,Tokyo-426a,25,26,Normal
2026-02-14 14:12:25.256072,Tokyo-426a,21,4,Normal
2026-02-14 14:12:26.256072,Tokyo-426a,11,2,Normal
2026-02-14 14:12:27.256072,Tokyo-426a,28,12,Normal
2026-02-14 14:12:28.256072,Tokyo-426a,-8,92,Normal
2026-02-14 14:12:29.256072,Tokyo-426a,1,70,Normal
2026-02-14 14:12:30.256072,Tokyo-426a,-23,11,Normal
2026-02-14 14:12:31.256072,Tokyo-426a,-25,72,Normal
2026-02-14 14:12:32.256072,Tokyo-426a,39,79,Normal
2026-02-14 14:12:33.256072,Tokyo-426a,-11,56,Normal
2026-02-14 14:12:34.256072,Tokyo-426a,36,1,Normal
2026-02-14 14:12:35.256072,Tokyo-426a,-3,15,Normal
2026-02-14 14:12:36.256072,Tokyo-426a,28,76,Normal
2026-02-14 14:12:37.256072,Tokyo-426a,-6,33,Normal
2026-02-14 14:12:38.256072,Tokyo-426a,13,15,Normal
2026-02-14 14:12:39.256072,Tokyo-426a,6,50,Normal
2026-02-14 14:12:40.256072,Tokyo-426a,-1,71,Normal
2026-02-14 14:12:41.256072,Tokyo-426a,-29,18,Normal
2026-02-14 14:12:42.256072,Tokyo-426a,16,60,Normal
2026-02-14 14:12:43.256072,Tokyo-426a,-4,95,Normal
2026-02-14 14:12:44.256072,Tokyo-426a,29,80,Normal
2026-02-14 14:12:45.256072,Tokyo-426a,-15,18,Normal
2026-02-14 14:12:46.256072,Tokyo-426a,42,52,Normal
2026-02-14 14:12:47.256072,Tokyo-426a,15,73,Normal
2026-02-14 14:12:48.256072,Tokyo-426a,2,92,Normal
2026-02-14 14:12:49.256072,Tokyo-426a,2,84,Normal
2026-02-14 14:12:50.256072,Tokyo-426a,-20,54,Normal
2026-02-14 14:12:51.256072,Tokyo-426a,10,67,Normal
2026-02-14 14:12:52.256072,Tokyo-426a,-14,13,Normal
2026-02-14 14:12:53.256072,Tokyo-426a,-18,30,Normal
2026-02-14 14:12:54.256072,Tokyo-426a,-18,90,Normal
2026-02-14 14:12:55.256072,Tokyo-426a,-18,53,Normal
2026-02-14 14:12:56.256072,Tokyo-426a,12,12,Normal
2026-02-14 14:12:57.256072,Tokyo-426a,37,16,Normal
2026-02-14 14:12:58.256072,Tokyo-426a,5,0,Normal
2026-02-14 14:12:59.256072,Tokyo-426a,-20,40,Normal
2026-02-14 14:13:00.256072,Tokyo-426a,-13,21,Normal
2026-02-14 14:13:01.256072,Tokyo-426a,28,10,Normal
2026-02-14 14:13:02.256072,Tokyo-426a,24,22,Normal
2026-02-14 14:13:03.256072,Tokyo-426a,-12,30,Normal
2026-02-14 14:13:04.256072,Tokyo-426a,-6,47,Normal
2026-02-14 14:13:05.256072,Tokyo-426a,15,3,Normal
2026-02-14 14:13:06.256072,Tokyo-426a,47,17,Normal
2026-02-14 14:13:07.256072,Tokyo-426a,49,80,Normal
2026-02-14 14:13:08.256072,Tokyo-426a,-20,26,Normal
2026-02-14 14:13:09.256072,Tokyo-426a,23,61,Normal
2026-02-14 14:13:10.256072,Tokyo-426a,-1,86,Normal
2026-02-14 14:13:11.256072,Tokyo-426a,-27,25,Normal
2026-02-14 14:13:12.256072,Tokyo-426a,14,58,Normal
2026-02-14 14:13:13.256072,Tokyo-426a,3,52,Normal
2026-02-14 14:13:14.256072,Tokyo-426a,35,24,Normal
2026-02-14 14:13:15.256072,Tokyo-426a,9,37,Normal
2026-02-14 14:13:16.256072,Tokyo-426a,-9,9,Normal
2026-02-14 14:13:17.256072,Tokyo-426a,6,60,Normal
2026-02-14 14:13:18.256072,Tokyo-426a,-2,71,Normal
2026-02-14 14:13:19.256072,Tokyo-426a,27,76,Normal
2026-02-14 14:13:20.256072,Tokyo-426a,15,93,Normal
2026-02-14 14:13:21.256072,Tokyo-426a,18,93,Normal
2026-02-14 14:13:22.256072,Tokyo-426a,29,59,Normal
2026-02-14 14:13:23.256072,Tokyo-426a,6,22,Normal
2026-02-14 14:13:24.256072,Tokyo-426a,-3,56,Normal
2026-02-14 14:13:25.256072,Tokyo-426a,-16,25,Normal
2026-02-14 14:13:26.256072,Tokyo-426a,47,28,Normal
2026-02-14 14:13:27.256072,Tokyo-426a,35,74,Normal
2026-02-14 14:13:28.256072,Tokyo-426a,22,17,Normal
2026-02-14 14:13:29.256072,Tokyo-426a,46,43,Normal
2026-02-14 14:13:30.256072,Tokyo-426a,7,92,Normal
2026-02-14 14:13:31.256072,Tokyo-426a,-10,75,Normal
2026-02-14 14:13:32.256072,Tokyo-426a,11,91,Normal
2026-02-14 14:13:33.256072,Tokyo-426a,47,45,Normal
2026-02-14 14:13:34.256072,Tokyo-426a,-13,54,Normal
2026-02-14 14:13:35.256072,Tokyo-426a,34,97,Normal
2026-02-14 14:13:36.256072,Tokyo-426a,0,35,Normal
2026-02-14 14:13:37.256072,Tokyo-426a,-2,76,Normal
2026-02-14 14:13:38.256072,Tokyo-426a,-11,26,Normal
2026-02-14 14:13:39.256072,Tokyo-426a,19,3,Normal
2026-02-14 14:13:40.256072,Tokyo-426a,-8,86,Normal
2026-02-14 14:13:41.256072,Tokyo-426a,-10,96,Normal
2026-02-14 14:13:42.256072,Tokyo-426a,50,55,Normal
2026-02-14 14:13:43.256072,Tokyo-426a,48,43,Normal
2026-02-14 14:13:44.256072,Tokyo-426a,23,19,Normal
2026-02-14 14:13:45.256072,Tokyo-426a,-24,59,Normal
2026-02-14 14:13:46.256072,Tokyo-426a,50,50,Normal
2026-02-14 14:13:47.256072,Tokyo-426a,20,50,Normal
2026-02-14 14:13:48.256072,Tokyo-426a,35,51,Normal
2026-02-14 14:13:49.256072,Tokyo-426a,11,77,Normal
2026-02-14 14:13:50.256072,Tokyo-426a,37,22,Normal
2026-02-14 14:13:51.256072,Tokyo-426a,-19,85,Normal
2026-02-14 14:13:52.256072,Tokyo-426a,39,76,Normal
2026-02-14 14:13:53.256072,Tokyo-426a,5,87,Normal
2026-02-14 14:13:54.256072,Tokyo-426a,-26,5,Normal
2026-02-14 14:13:55.256072,Tokyo-426a,46,91,Normal
2026-02-14 14:13:56.256072,Tokyo-426a,23,80,Normal
2026-02-14 14:13:57.256072,Tokyo-426a,-15,78,Normal
2026-02-14 14:13:58.256072,Tokyo-426a,-23,30,Normal
2026-02-14 14:13:59.256072,Tokyo-426a,23,7,Normal
2026-02-14 14:14:00.256072,Tokyo-426a,-2,29,Normal
2026-02-14 14:14:01.256072,Tokyo-426a,4,75,Normal
2026-02-14 14:14:02.256072,Tokyo-426a,-23,42,Normal
2026-02-14 14:14:03.256072,Tokyo-426a,-13,47,Normal
2026-02-14 14:14:04.256072,Tokyo-426a,-14,66,Normal
2026-02-14 14:14:05.256072,Tokyo-426a,11,28,Normal
2026-02-14 14:14:06.256072,Tokyo-426a,23,99,Normal
2026-02-14 14:14:07.256072,Tokyo-426a,-22,45,Normal
2026-02-14 14:14:08.256072,Tokyo-426a,4,2,Normal
2026-02-14 14:14:09.256072,Tokyo-426a,-18,99,Normal
2026-02-14 14:14:10.256072,Tokyo-426a,-26,72,Normal
2026-02-14 14:14:11.256072,Tokyo-426a,30,89,Normal
2026-02-14 14:14:12.256072,Tokyo-426a,30,48,Normal
2026-02-14 14:14:13.256072,Tokyo-426a,30,19,Normal
2026-02-14 14:14:14.256072,Tokyo-426a,3,33,Normal
2026-02-14 14:14:15.256072,Tokyo-426a,15,92,Normal
2026-02-14 14:14:16.256072,Tokyo-426a,-2,0,Normal
2026-02-14 14:14:17.256072,Tokyo-426a,-3,73,Normal
2026-02-14 14:14:18.256072,Tokyo-426a,-13,32,Normal
2026-02-14 14:14:19.256072,Tokyo-426a,5,51,Normal
2026-02-14 14:14:20.256072,Tokyo-426a,30,29,Normal
2026-02-14 14:14:21.256072,Tokyo-426a,0,26,Normal
2026-02-14 14:14:22.256072,Tokyo-426a,45,59,Normal
2026-02-14 14:14:23.256072,Tokyo-426a,-18,10,Normal
2026-02-14 14:14:24.256072,Tokyo-426a,36,56,Normal
2026-02-14 14:14:25.256072,Tokyo-426a,-26,55,Normal
2026-02-14 14:14:26.256072,Tokyo-426a,39,53,Normal
2026-02-14 14:14:27.256072,Tokyo-426a,19,29,Normal
2026-02-14 14:14:28.256072,Tokyo-426a,-26,5,Normal
2026-02-14 14:14:29.256072,Tokyo-426a,11,28,Normal
2026-02-14 14:14:30.256072,Tokyo-426a,13,0,Normal
2026-02-14 14:14:31.256072,Tokyo-426a,-18,37,Normal
2026-02-14 14:14:32.256072,Tokyo-426a,5,97,Normal
2026-02-14 14:14:33.256072,Tokyo-426a,27,90,Normal
2026-02-14 14:14:34.256072,Tokyo-426a,12,18,Normal
2026-02-14 14:14:35.256072,Tokyo-426a,33,18,Normal
2026-02-14 14:14:36.256072,Tokyo-426a,-27,56,Normal
2026-02-14 14:14:37.256072,Tokyo-426a,5,1,Normal
2026-02-14 14:14:38.256072,Tokyo-426a,12,19,Normal
2026-02-14 14:14:39.256072,Tokyo-426a,48,52,Normal
2026-02-14 14:14:40.256072,Tokyo-426a,-15,3,Normal
2026-02-14 14:14:41.256072,Tokyo-426a,26,63,Normal
2026-02-14 14:14:42.256072,Tokyo-426a,-5,42,Normal
2026-02-14 14:14:43.256072,Tokyo-426a,30,29,Normal
2026-02-14 14:14:44.256072,Tokyo-426a,-20,90,Normal
2026-02-14 14:14:45.256072,Tokyo-426a,40,72,Normal
2026-02-14 14:14:46.256072,Tokyo-426a,1,46,Normal
2026-02-14 14:14:47.256072,Tokyo-426a,4,88,Normal
2026-02-14 14:14:48.256072,Tokyo-426a,-22,62,Normal
2026-02-14 14:14:49.256072,Tokyo-426a,-6,56,Normal
2026-02-14 14:14:50.256072,Tokyo-426a,5,61,Normal
2026-02-14 14:14:51.256072,Tokyo-426a,41,14,Normal
2026-02-14 14:14:52.256072,Tokyo-426a,37,94,Normal
2026-02-14 14:14:53.256072,Tokyo-426a,10,63,Normal
2026-02-14 14:14:54.256072,Tokyo-426a,31,59,Normal
2026-02-14 14:14:55.256072,Tokyo-426a,-5,58,Normal
2026-02-14 14:14:56.256072,Tokyo-426a,44,41,Normal
2026-02-14 14:14:57.256072,Tokyo-426a,35,4,Normal
2026-02-14 14:14:58.256072,Tokyo-426a,-28,16,Normal
2026-02-14 14:14:59.256072,Tokyo-426a,28,7,Normal
2026-02-14 14:15:00.256072,Tokyo-426a,30,48,Normal
2026-02-14 14:15:01.256072,Tokyo-426a,45,1,Normal
2026-02-14 14:15:02.256072,Tokyo-426a,11,79,Normal
2026-02-14 14:15:03.256072,Tokyo-426a,38,13,Normal
2026-02-14 14:15:04.256072,Tokyo-426a,-22,38,Normal
2026-02-14 14:15:05.256072,Tokyo-426a,-29,89,Normal
2026-02-14 14:15:06.256072,Tokyo-426a,29,29,Normal
2026-02-14 14:15:07.256072,Tokyo-426a,49,58,Normal
2026-02-14 14:15:08.256072,Tokyo-426a,-30,68,Normal
2026-02-14 14:15:09.256072,Tokyo-426a,41,69,Normal
2026-02-14 14:15:10.256072,Tokyo-426a,-6,45,Normal
2026-02-14 14:15:11.256072,Tokyo-426a,-15,57,Normal
2026-02-14 14:15:12.256072,Tokyo-426a,25,49,Normal
2026-02-14 14:15:13.256072,Tokyo-426a,-4,9,Normal
2026-02-14 14:15:14.256072,Tokyo-426a,27,57,Normal
2026-02-14 14:15:15.256072,Tokyo-426a,-24,60,Normal
2026-02-14 14:15:16.256072,Tokyo-426a,-17,14,Normal
2026-02-14 14:15:17.256072,Tokyo-426a,-23,47,Normal
2026-02-14 14:15:18.256072,Tokyo-426a,37,95,Normal
2026-02-14 14:15:19.256072,Tokyo-426a,-22,89,Normal
2026-02-14 14:15:20.256072,Tokyo-426a,-1,24,Normal
2026-02-14 14:15:21.256072,Tokyo-426a,27,14,Normal
2026-02-14 14:15:22.256072,Tokyo-426a,1,2,Normal
2026-02-14 14:15:23.256072,Tokyo-426a,4,75,Normal
2026-02-14 14:15:24.256072,Tokyo-426a,-15,29,Normal
2026-02-14 14:15:25.256072,Tokyo-426a,32,50,Normal
2026-02-14 14:15:26.256072,Tokyo-426a,36,18,Normal
2026-02-14 14:15:27.256072,Tokyo-426a,48,85,Normal
2026-02-14 14:15:28.256072,Tokyo-426a,18,23,Normal
2026-02-14 14:15:29.256072,Tokyo-426a,40,16,Normal
2026-02-14 14:15:30.256072,Tokyo-426a,27,49,Normal
2026-02-14 14:15:31.256072,Tokyo-426a,-14,26,Normal
2026-02-14 14:15:32.256072,Tokyo-426a,-7,44,Normal
2026-02-14 14:15:33.256072,Tokyo-426a,26,32,Normal
2026-02-14 14:15:34.256072,Tokyo-426a,-29,83,Normal
2026-02-14 14:15:35.256072,Tokyo-426a,18,69,Normal
2026-02-14 14:15:36.256072,Tokyo-426a,-19,78,Normal
2026-02-14 14:15:37.256072,Tokyo-426a,-5,35,Normal
2026-02-14 14:15:38.256072,Tokyo-426a,46,29,Normal
2026-02-14 14:15:39.256072,Tokyo-426a,19,4,Normal
2026-02-14 14:15:40.256072,Tokyo-426a,29,28,Normal
2026-02-14 14:15:41.256072,Tokyo-426a,37,1,Normal
2026-02-14 14:15:42.256072,Tokyo-426a,15,13,Normal
2026-02-14 14:15:43.256072,Tokyo-426a,-7,73,Normal
2026-02-14 14:15:44.256072,Tokyo-426a,-7,82,Normal
2026-02-14 14:15:45.256072,Tokyo-426a,-4,55,Normal
2026-02-14 14:15:46.256072,Tokyo-426a,13,73,Normal
2026-02-14 14:15:47.256072,Tokyo-426a,48,37,Normal
2026-02-14 14:15:48.256072,Tokyo-426a,-15,12,Normal
2026-02-14 14:15:49.256072,Tokyo-426a,15,42,Normal
2026-02-14 14:15:50.256072,Tokyo-426a,-9,55,Normal
2026-02-14 14:15:51.256072,Tokyo-426a,-23,43,Normal
2026-02-14 14:15:52.256072,Tokyo-426a,4,98,Normal
2026-02-14 14:15:53.256072,Tokyo-426a,-27,94,Normal
2026-02-14 14:15:54.256072,Tokyo-426a,-8,79,Normal
2026-02-14 14:15:55.256072,Tokyo-426a,-21,69,Normal
2026-02-14 14:15:56.256072,Tokyo-426a,46,92,Normal
2026-02-14 14:15:57.256072,Tokyo-426a,-16,75,Normal
2026-02-14 14:15:58.256072,Tokyo-426a,24,99,Normal
2026-02-14 14:15:59.256072,Tokyo-426a,27,24,Normal
2026-02-14 14:16:00.256072,Tokyo-426a,-6,38,Normal
2026-02-14 14:16:01.256072,Tokyo-426a,-28,16,Normal
2026-02-14 14:16:02.256072,Tokyo-426a,-17,14,Normal
2026-02-14 14:16:03.256072,Tokyo-426a,-16,34,Normal
2026-02-14 14:16:04.256072,Tokyo-426a,29,84,Normal
2026-02-14 14:16:05.256072,Tokyo-426a,-3,27,Normal
2026-02-14 14:16:06.256072,Tokyo-426a,8,91,Normal
2026-02-14 14:16:07.256072,Tokyo-426a,40,44,Normal
2026-02-14 14:16:08.256072,Tokyo-426a,11,86,Normal
2026-02-14 14:16:09.256072,Tokyo-426a,-12,35,Normal
2026-02-14 14:16:10.256072,Tokyo-426a,-16,78,Normal
2026-02-14 14:16:11.256072,Tokyo-426a,18,100,Normal
2026-02-14 14:16:12.256072,Tokyo-426a,-13,0,Normal
2026-02-14 14:16:13.256072,Tokyo-426a,11,50,Normal
2026-02-14 14:16:14.256072,Tokyo-426a,49,31,Normal
2026-02-14 14:16:15.256072,Tokyo-426a,10,74,Normal
2026-02-14 14:16:16.256072,Tokyo-426a,-21,10,Normal
2026-02-14 14:16:17.256072,Tokyo-426a,48,24,Normal
2026-02-14 14:16:18.256072,Tokyo-426a,15,17,Normal
2026-02-14 14:16:19.256072,Tokyo-426a,33,63,Normal
2026-02-14 14:16:20.256072,Tokyo-426a,32,79,Normal
2026-02-14 14:16:21.256072,Tokyo-426a,-14,38,Normal
2026-02-14 14:16:22.256072,Tokyo-426a,-19,97,Normal
2026-02-14 14:16:23.256072,Tokyo-426a,-2,47,Normal
2026-02-14 14:16:24.256072,Tokyo-426a,14,71,Normal
2026-02-14 14:16:25.256072,Tokyo-426a,18,0,Normal
2026-02-14 14:16:26.256072,Tokyo-426a,28,99,Normal
2026-02-14 14:16:27.256072,Tokyo-426a,-17,75,Normal
2026-02-14 14:16:28.256072,Tokyo-426a,34,95,Normal
2026-02-14 14:16:29.256072,Tokyo-426a,-2,70,Normal
2026-02-14 14:16:30.256072,Tokyo-426a,-8,54,Normal
2026-02-14 14:16:31.256072,Tokyo-426a,-12,46,Normal
2026-02-14 14:16:32.256072,Tokyo-426a,29,16,Normal
2026-02-14 14:16:33.256072,Tokyo-426a,-23,40,Normal
2026-02-14 14:16:34.256072,Tokyo-426a,-7,24,Normal
2026-02-14 14:16:35.256072,Tokyo-426a,13,1,Normal
2026-02-14 14:16:36.256072,Tokyo-426a,47,50,Normal
2026-02-14 14:16:37.256072,Tokyo-426a,33,57,Normal
2026-02-14 14:16:38.256072,Tokyo-426a,42,31,Normal
2026-02-14 14:16:39.256072,Tokyo-426a,-10,15,Normal
2026-02-14 14:16:40.256072,Tokyo-426a,-25,18,Normal
2026-02-14 14:16:41.256072,Tokyo-426a,-16,49,Normal
2026-02-14 14:16:42.256072,Tokyo-426a,-9,62,Normal
2026-02-14 14:16:43.256072,Tokyo-426a,42,75,Normal
2026-02-14 14:16:44.256072,Tokyo-426a,4,12,Normal
2026-02-14 14:16:45.256072,Tokyo-426a,41,46,Normal
2026-02-14 14:16:46.256072,Tokyo-426a,7,76,Normal
2026-02-14 14:16:47.256072,Tokyo-426a,42,92,Normal
2026-02-14 14:16:48.256072,Tokyo-426a,-14,86,Normal
2026-02-14 14:16:49.256072,Tokyo-426a,27,78,Normal
2026-02-14 14:16:50.256072,Tokyo-426a,-12,83,Normal
2026-02-14 14:16:51.256072,Tokyo-426a,42,65,Normal
2026-02-14 14:16:52.256072,Tokyo-426a,1,37,Normal
2026-02-14 14:16:53.256072,Tokyo-426a,-25,27,Normal
2026-02-14 14:16:54.256072,Tokyo-426a,30,15,Normal
2026-02-14 14:16:55.256072,Tokyo-426a,-21,14,Normal
2026-02-14 14:16:56.256072,Tokyo-426a,21,94,Normal
2026-02-14 14:16:57.256072,Tokyo-426a,40,62,Normal
2026-02-14 14:16:58.256072,Tokyo-426a,-18,91,Normal
2026-02-14 14:16:59.256072,Tokyo-426a,-2,10,Normal
2026-02-14 14:17:00.256072,Tokyo-426a,-13,26,Normal
2026-02-14 14:17:01.256072,Tokyo-426a,4,13,Normal
2026-02-14 14:17:02.256072,Tokyo-426a,16,49,Normal
2026-02-14 14:17:03.256072,Tokyo-426a,-1,19,Normal
2026-02-14 14:17:04.256072,Tokyo-426a,34,98,Normal
2026-02-14 14:17:05.256072,Tokyo-426a,16,82,Normal
2026-02-14 14:17:06.256072,Tokyo-426a,-12,26,Normal
2026-02-14 14:17:07.256072,Tokyo-426a,39,59,Normal
2026-02-14 14:17:08.256072,Tokyo-426a,11,91,Normal
2026-02-14 14:17:09.256072,Tokyo-426a,7,13,Normal
2026-02-14 14:17:10.256072,Tokyo-426a,8,4,Normal
2026-02-14 14:17:11.256072,Tokyo-426a,-6,45,Normal
2026-02-14 14:17:12.256072,Tokyo-426a,16,73,Normal
2026-02-14 14:17:13.256072,Tokyo-426a,43,33,Normal
2026-02-14 14:17:14.256072,Tokyo-426a,50,64,Normal
2026-02-14 14:17:15.256072,Tokyo-426a,20,5,Normal
2026-02-14 14:17:16.256072,Tokyo-426a,33,39,Normal
2026-02-14 14:17:17.256072,Tokyo-426a,48,48,Normal
2026-02-14 14:17:18.256072,Tokyo-426a,-26,36,Normal
2026-02-14 14:17:19.256072,Tokyo-426a,22,87,Normal
2026-02-14 14:17:20.256072,Tokyo-426a,-10,50,Normal
2026-02-14 14:17:21.256072,Tokyo-426a,18,41,Normal
2026-02-14 14:17:22.256072,Tokyo-426a,19,100,Normal
2026-02-14 14:17:23.256072,Tokyo-426a,-20,61,Normal
2026-02-14 14:17:24.256072,Tokyo-426a,-30,16,Normal
2026-02-14 14:17:25.256072,Tokyo-426a,7,74,Normal
2026-02-14 14:17:26.256072,Tokyo-426a,-16,88,Normal
2026-02-14 14:17:27.256072,Tokyo-426a,-12,83,Normal
2026-02-14 14:17:28.256072,Tokyo-426a,48,49,Normal
2026-02-14 14:17:29.256072,Tokyo-426a,20,64,Normal
2026-02-14 14:17:30.256072,Tokyo-426a,28,85,Normal
2026-02-14 14:17:31.256072,Tokyo-426a,41,49,Normal
2026-02-14 14:17:32.256072,Tokyo-426a,15,74,Normal
2026-02-14 14:17:33.256072,Tokyo-426a,-24,29,Normal
2026-02-14 14:17:34.256072,Tokyo-426a,9,49,Normal
2026-02-14 14:17:35.256072,Tokyo-426a,8,29,Normal
2026-02-14 14:17:36.256072,Tokyo-426a,11,94,Normal
2026-02-14 14:17:37.256072,Tokyo-426a,43,77,Normal
2026-02-14 14:17:38.256072,Tokyo-426a,44,74,Normal
2026-02-14 14:17:39.256072,Tokyo-426a,2,79,Normal
2026-02-14 14:17:40.256072,Tokyo-426a,-18,10,Normal
2026-02-14 14:17:41.256072,Tokyo-426a,-29,12,Normal
2026-02-14 14:17:42.256072,Tokyo-426a,27,93,Normal
2026-02-14 14:17:43.256072,Tokyo-426a,-21,83,Normal
2026-02-14 14:17:44.256072,Tokyo-426a,-13,18,Normal
2026-02-14 14:17:45.256072,Tokyo-426a,36,87,Normal
2026-02-14 14:17:46.256072,Tokyo-426a,-21,51,Normal
2026-02-14 14:17:47.256072,Tokyo-426a,2,7,Normal
2026-02-14 14:17:48.256072,Tokyo-426a,-2,45,Normal
2026-02-14 14:17:49.256072,Tokyo-426a,-7,69,Normal
2026-02-14 14:17:50.256072,Tokyo-426a,50,54,Normal
2026-02-14 14:17:51.256072,Tokyo-426a,12,91,Normal
2026-02-14 14:17:52.256072,Tokyo-426a,-23,43,Normal
2026-02-14 14:17:53.256072,Tokyo-426a,16,31,Normal
2026-02-14 14:17:54.256072,Tokyo-426a,-26,70,Normal
2026-02-14 14:17:55.256072,Tokyo-426a,28,25,Normal
2026-02-14 14:17:56.256072,Tokyo-426a,-15,60,Normal
2026-02-14 14:17:57.256072,Tokyo-426a,49,11,Normal
2026-02-14 14:17:58.256072,Tokyo-426a,5,99,Normal
2026-02-14 14:17:59.256072,Tokyo-426a,3,66,Normal
2026-02-14 14:18:00.256072,Tokyo-426a,39,66,Normal
2026-02-14 14:18:01.256072,Tokyo-426a,-14,43,Normal
2026-02-14 14:18:02.256072,Tokyo-426a,-2,82,Normal
2026-02-14 14:18:03.256072,Tokyo-426a,3,96,Normal
2026-02-14 14:18:04.256072,Tokyo-426a,42,35,Normal
2026-02-14 14:18:05.256072,Tokyo-426a,15,4,Normal
2026-02-14 14:18:06.256072,Tokyo-426a,6,42,Normal
2026-02-14 14:18:07.256072,Tokyo-426a,24,70,Normal
2026-02-14 14:18:08.256072,Tokyo-426a,-25,57,Normal
2026-02-14 14:18:09.256072,Tokyo-426a,20,49,Normal
2026-02-14 14:18:10.256072,Tokyo-426a,28,85,Normal
2026-02-14 14:18:11.256072,Tokyo-426a,3,70,Normal
2026-02-14 14:18:12.256072,Tokyo-426a,6,12,Normal
2026-02-14 14:18:13.256072,Tokyo-426a,-7,13,Normal
2026-02-14 14:18:14.256072,Tokyo-426a,-21,4,Normal
2026-02-14 14:18:15.256072,Tokyo-426a,7,87,Normal
2026-02-14 14:18:16.256072,Tokyo-426a,12,47,Normal
2026-02-14 14:18:17.256072,Tokyo-426a,15,21,Normal
2026-02-14 14:18:18.256072,Tokyo-426a,-3,66,Normal
2026-02-14 14:18:19.256072,Tokyo-426a,-22,67,Normal
2026-02-14 14:18:20.256072,Tokyo-426a,-14,41,Normal
2026-02-14 14:18:21.256072,Tokyo-426a,-7,64,Normal
2026-02-14 14:18:22.256072,Tokyo-426a,30,35,Normal
2026-02-14 14:18:23.256072,Tokyo-426a,31,57,Normal
2026-02-14 14:18:24.256072,Tokyo-426a,42,32,Normal
2026-02-14 14:18:25.256072,Tokyo-426a,17,38,Normal
2026-02-14 14:18:26.256072,Tokyo-426a,8,100,Normal
2026-02-14 14:18:27.256072,Tokyo-426a,46,20,Normal
2026-02-14 14:18:28.256072,Tokyo-426a,-11,84,Normal
2026-02-14 14:18:29.256072,Tokyo-426a,50,56,Normal
2026-02-14 14:18:30.256072,Tokyo-426a,10,96,Normal
2026-02-14 14:18:31.256072,Tokyo-426a,-8,21,Normal
2026-02-14 14:18:32.256072,Tokyo-426a,49,78,Normal
2026-02-14 14:18:33.256072,Tokyo-426a,14,85,Normal
2026-02-14 14:18:34.256072,Tokyo-426a,25,4,Normal
2026-02-14 14:18:35.256072,Tokyo-426a,47,73,Normal
2026-02-14 14:18:36.256072,Tokyo-426a,-7,58,Normal
2026-02-14 14:18:37.256072,Tokyo-426a,3,66,Normal
2026-02-14 14:18:38.256072,Tokyo-426a,47,1,Normal
2026-02-14 14:18:39.256072,Tokyo-426a,32,63,Normal
2026-02-14 14:18:40.256072,Tokyo-426a,49,36,Normal
2026-02-14 14:18:41.256072,Tokyo-426a,15,23,Normal
2026-02-14 14:18:42.256072,Tokyo-426a,9,93,Normal
2026-02-14 14:18:43.256072,Tokyo-426a,46,27,Normal
2026-02-14 14:18:44.256072,Tokyo-426a,5,36,Normal
2026-02-14 14:18:45.256072,Tokyo-426a,38,47,Normal
2026-02-14 14:18:46.256072,Tokyo-426a,24,73,Normal
2026-02-14 14:18:47.256072,Tokyo-426a,-15,40,Normal
2026-02-14 14:18:48.256072,Tokyo-426a,-15,67,Normal
2026-02-14 14:18:49.256072,Tokyo-426a,-23,94,Normal
2026-02-14 14:18:50.256072,Tokyo-426a,-3,13,Normal
2026-02-14 14:18:51.256072,Tokyo-426a,-13,78,Normal
2026-02-14 14:18:52.256072,Tokyo-426a,20,17,Normal
2026-02-14 14:18:53.256072,Tokyo-426a,33,85,Normal
2026-02-14 14:18:54.256072,Tokyo-426a,26,27,Normal
2026-02-14 14:18:55.256072,Tokyo-426a,-28,75,Normal
2026-02-14 14:18:56.256072,Tokyo-426a,30,8,Normal
2026-02-14 14:18:57.256072,Tokyo-426a,-24,56,Normal
2026-02-14 14:18:58.256072,Tokyo-426a,14,11,Normal
2026-02-14 14:18:59.256072,Tokyo-426a,27,13,Normal
2026-02-14 14:19:00.256072,Tokyo-426a,0,91,Normal
2026-02-14 14:19:01.256072,Tokyo-426a,-10,27,Normal
2026-02-14 14:19:02.256072,Tokyo-426a,4,48,Normal
2026-02-14 14:19:03.256072,Tokyo-426a,-28,4,Normal
2026-02-14 14:19:04.256072,Tokyo-426a,-10,18,Normal
2026-02-14 14:19:05.256072,Tokyo-426a,-22,93,Normal
2026-02-14 14:19:06.256072,Tokyo-426a,9,11,Normal
2026-02-14 14:19:07.256072,Tokyo-426a,45,83,Normal
2026-02-14 14:19:08.256072,Tokyo-426a,16,78,Normal
2026-02-14 14:19:09.256072,Tokyo-426a,0,16,Normal
2026-02-14 14:19:10.256072,Tokyo-426a,16,36,Normal
2026-02-14 14:19:11.256072,Tokyo-426a,42,21,Normal
2026-02-14 14:19:12.256072,Tokyo-426a,18,86,Normal
2026-02-14 14:19:13.256072,Tokyo-426a,-4,46,Normal
2026-02-14 14:19:14.256072,Tokyo-426a,23,64,Normal
2026-02-14 14:19:15.256072,Tokyo-426a,-26,17,Normal
2026-02-14 14:19:16.256072,Tokyo-426a,-11,42,Normal
2026-02-14 14:19:17.256072,Tokyo-426a,0,92,Normal
2026-02-14 14:19:18.256072,Tokyo-426a,41,61,Normal
2026-02-14 14:19:19.256072,Tokyo-426a,-26,54,Normal
2026-02-14 14:19:20.256072,Tokyo-426a,-19,84,Normal
2026-02-14 14:19:21.256072,Tokyo-426a,-2,100,Normal
2026-02-14 14:19:22.256072,Tokyo-426a,-4,87,Normal
2026-02-14 14:19:23.256072,Tokyo-426a,3,19,Normal
2026-02-14 14:19:24.256072,Tokyo-426a,9,69,Normal
2026-02-14 14:19:25.256072,Tokyo-426a,33,13,Normal
2026-02-14 14:19:26.256072,Tokyo-426a,20,36,Normal
2026-02-14 14:19:27.256072,Tokyo-426a,35,21,Normal
2026-02-14 14:19:28.256072,Tokyo-426a,15,43,Normal
2026-02-14 14:19:29.256072,Tokyo-426a,39,52,Normal
2026-02-14 14:19:30.256072,Tokyo-426a,-3,0,Normal
2026-02-14 14:19:31.256072,Tokyo-426a,43,5,Normal
2026-02-14 14:19:32.256072,Tokyo-426a,-14,78,Normal
2026-02-14 14:19:33.256072,Tokyo-426a,23,80,Normal
2026-02-14 14:19:34.256072,Tokyo-426a,-25,86,Normal
2026-02-14 14:19:35.256072,Tokyo-426a,31,55,Normal
2026-02-14 14:19:36.256072,Tokyo-426a,-15,96,Normal
2026-02-14 14:19:37.256072,Tokyo-426a,-15,18,Normal
2026-02-14 14:19:38.256072,Tokyo-426a,9,63,Normal
2026-02-14 14:19:39.256072,Tokyo-426a,-1,41,Normal
2026-02-14 14:19:40.256072,Tokyo-426a,48,2,Normal
2026-02-14 14:19:41.256072,Tokyo-426a,38,5,Normal
2026-02-14 14:19:42.256072,Tokyo-426a,20,34,Normal
2026-02-14 14:19:43.256072,Tokyo-426a,4,5,Normal
2026-02-14 14:19:44.256072,Tokyo-426a,31,20,Normal
2026-02-14 14:19:45.256072,Tokyo-426a,-12,14,Normal
2026-02-14 14:19:46.256072,Tokyo-426a,16,40,Normal
2026-02-14 14:19:47.256072,Tokyo-426a,25,2,Normal
2026-02-14 14:19:48.256072,Tokyo-426a,45,32,Normal
2026-02-14 14:19:49.256072,Tokyo-426a,31,58,Normal
2026-02-14 14:19:50.256072,Tokyo-426a,15,40,Normal
2026-02-14 14:19:51.256072,Tokyo-426a,11,29,Normal
2026-02-14 14:19:52.256072,Tokyo-426a,2,10,Normal
2026-02-14 14:19:53.256072,Tokyo-426a,-21,68,Normal
2026-02-14 14:19:54.256072,Tokyo-426a,-8,86,Normal
2026-02-14 14:19:55.256072,Tokyo-426a,-27,38,Normal
2026-02-14 14:19:56.256072,Tokyo-426a,5,51,Normal
2026-02-14 14:19:57.256072,Tokyo-426a,0,41,Normal
2026-02-14 14:19:58.256072,Tokyo-426a,-6,11,Normal
2026-02-14 14:19:59.256072,Tokyo-426a,28,84,Normal
2026-02-14 14:20:00.256072,Tokyo-426a,4,58,Normal
2026-02-14 14:20:01.256072,Tokyo-426a,17,42,Normal
2026-02-14 14:20:02.256072,Tokyo-426a,-27,8,Normal
2026-02-14 14:20:03.256072,Tokyo-426a,-14,45,Normal
2026-02-14 14:20:04.256072,Tokyo-426a,25,14,Normal
2026-02-14 14:20:05.256072,Tokyo-426a,17,30,Normal
2026-02-14 14:20:06.256072,Tokyo-426a,36,79,Normal
2026-02-14 14:20:07.256072,Tokyo-426a,-13,79,Normal
2026-02-14 14:20:08.256072,Tokyo-426a,-30,90,Normal
2026-02-14 14:20:09.256072,Tokyo-426a,-22,30,Normal
2026-02-14 14:20:10.256072,Tokyo-426a,-15,42,Normal
2026-02-14 14:20:11.256072,Tokyo-426a,42,21,Normal
2026-02-14 14:20:12.256072,Tokyo-426a,0,94,Normal
2026-02-14 14:20:13.256072,Tokyo-426a,-3,6,Normal
2026-02-14 14:20:14.256072,Tokyo-426a,-10,35,Normal
2026-02-14 14:20:15.256072,Tokyo-426a,42,0,Normal
2026-02-14 14:20:16.256072,Tokyo-426a,-7,4,Normal
2026-02-14 14:20:17.256072,Tokyo-426a,25,19,Normal
2026-02-14 14:20:18.256072,Tokyo-426a,-17,15,Normal
2026-02-14 14:20:19.256072,Tokyo-426a,14,47,Normal
2026-02-14 14:20:20.256072,Tokyo-426a,22,94,Normal
2026-02-14 14:20:21.256072,Tokyo-426a,-21,90,Normal
2026-02-14 14:20:22.256072,Tokyo-426a,-20,9,Normal
2026-02-14 14:20:23.256072,Tokyo-426a,12,48,Normal
2026-02-14 14:20:24.256072,Tokyo-426a,10,89,Normal
2026-02-14 14:20:25.256072,Tokyo-426a,3,60,Normal
2026-02-14 14:20:26.256072,Tokyo-426a,37,83,Normal
2026-02-14 14:20:27.256072,Tokyo-426a,3,44,Normal
2026-02-14 14:20:28.256072,Tokyo-426a,-20,49,Normal
2026-02-14 14:20:29.256072,Tokyo-426a,48,39,Normal
2026-02-14 14:20:30.256072,Tokyo-426a,31,15,Normal
2026-02-14 14:20:31.256072,Tokyo-426a,-6,0,Normal
2026-02-14 14:20:32.256072,Tokyo-426a,4,28,Normal
2026-02-14 14:20:33.256072,Tokyo-426a,6,91,Normal
2026-02-14 14:20:34.256072,Tokyo-426a,-21,10,Normal
2026-02-14 14:20:35.256072,Tokyo-426a,39,2,Normal
2026-02-14 14:20:36.256072,Tokyo-426a,-23,88,Normal
2026-02-14 14:20:37.256072,Tokyo-426a,-9,99,Normal
2026-02-14 14:20:38.256072,Tokyo-426a,9,0,Normal
2026-02-14 14:20:39.256072,Tokyo-426a,-13,40,Normal
2026-02-14 14:20:40.256072,Tokyo-426a,2,62,Normal
2026-02-14 14:20:41.256072,Tokyo-426a,12,48,Normal
2026-02-14 14:20:42.256072,Tokyo-426a,-5,21,Normal
2026-02-14 14:20:43.256072,Tokyo-426a,25,72,Normal
2026-02-14 14:20:44.256072,Tokyo-426a,27,75,Normal
2026-02-14 14:20:45.256072,Tokyo-426a,-13,99,Normal
2026-02-14 14:20:46.256072,Tokyo-426a,10,50,Normal
2026-02-14 14:20:47.256072,Tokyo-426a,-19,46,Normal
2026-02-14 14:20:48.256072,Tokyo-426a,44,17,Normal
2026-02-14 14:20:49.256072,Tokyo-426a,23,92,Normal
2026-02-14 14:20:50.256072,Tokyo-426a,2,66,Normal
2026-02-14 14:20:51.256072,Tokyo-426a,34,75,Normal
2026-02-14 14:20:52.256072,Tokyo-426a,-23,61,Normal
2026-02-14 14:20:53.256072,Tokyo-426a,43,85,Normal
2026-02-14 14:20:54.256072,Tokyo-426a,-27,49,Normal
2026-02-14 14:20:55.256072,Tokyo-426a,25,75,Normal
2026-02-14 14:20:56.256072,Tokyo-426a,-19,56,Normal
2026-02-14 14:20:57.256072,Tokyo-426a,2,43,Normal
2026-02-14 14:20:58.256072,Tokyo-426a,41,51,Normal
2026-02-14 14:20:59.256072,Tokyo-426a,-15,36,Normal
2026-02-14 14:21:00.256072,Tokyo-426a,11,87,Normal
2026-02-14 14:21:01.256072,Tokyo-426a,5,11,Normal
2026-02-14 14:21:02.256072,Tokyo-426a,17,97,Normal
2026-02-14 14:21:03.256072,Tokyo-426a,3,10,Normal
2026-02-14 14:21:04.256072,Tokyo-426a,-2,42,Normal
2026-02-14 14:21:05.256072,Tokyo-426a,43,1,Normal
2026-02-14 14:21:06.256072,Tokyo-426a,-22,66,Normal
2026-02-14 14:21:07.256072,Tokyo-426a,4,50,Normal
2026-02-14 14:21:08.256072,Tokyo-426a,-6,73,Normal
2026-02-14 14:21:09.256072,Tokyo-426a,-24,98,Normal
2026-02-14 14:21:10.256072,Tokyo-426a,45,30,Normal
2026-02-14 14:21:11.256072,Tokyo-426a,34,80,Normal
2026-02-14 14:21:12.256072,Tokyo-426a,41,71,Normal
2026-02-14 14:21:13.256072,Tokyo-426a,41,14,Normal
2026-02-14 14:21:14.256072,Tokyo-426a,-23,11,Normal
2026-02-14 14:21:15.256072,Tokyo-426a,26,42,Normal
2026-02-14 14:21:16.256072,Tokyo-426a,28,65,Normal
2026-02-14 14:21:17.256072,Tokyo-426a,50,60,Normal
2026-02-14 14:21:18.256072,Tokyo-426a,-15,72,Normal
2026-02-14 14:21:19.256072,Tokyo-426a,44,22,Normal
2026-02-14 14:21:20.256072,Tokyo-426a,39,58,Normal
2026-02-14 14:21:21.256072,Tokyo-426a,43,36,Normal
2026-02-14 14:21:22.256072,Tokyo-426a,26,1,Normal
2026-02-14 14:21:23.256072,Tokyo-426a,28,62,Normal
2026-02-14 14:21:24.256072,Tokyo-426a,-27,66,Normal
2026-02-14 14:21:25.256072,Tokyo-426a,4,50,Normal
2026-02-14 14:21:26.256072,Tokyo-426a,-1,7,Normal
2026-02-14 14:21:27.256072,Tokyo-426a,48,86,Normal
2026-02-14 14:21:28.256072,Tokyo-426a,18,44,Normal
2026-02-14 14:21:29.256072,Tokyo-426a,45,99,Normal
2026-02-14 14:21:30.256072,Tokyo-426a,-19,35,Normal
2026-02-14 14:21:31.256072,Tokyo-426a,9,99,Normal
2026-02-14 14:21:32.256072,Tokyo-426a,13,76,Normal
2026-02-14 14:21:33.256072,Tokyo-426a,1,92,Normal
2026-02-14 14:21:34.256072,Tokyo-426a,-26,31,Normal
2026-02-14 14:21:35.256072,Tokyo-426a,13,20,Normal
2026-02-14 14:21:36.256072,Tokyo-426a,5,3,Normal
2026-02-14 14:21:37.256072,Tokyo-426a,33,46,Normal
2026-02-14 14:21:38.256072,Tokyo-426a,-13,9,Normal
2026-02-14 14:21:39.256072,Tokyo-426a,1,78,Normal
2026-02-14 14:21:40.256072,Tokyo-426a,-13,31,Normal
2026-02-14 14:21:41.256072,Tokyo-426a,2,20,Normal
2026-02-14 14:21:42.256072,Tokyo-426a,-18,28,Normal
2026-02-14 14:21:43.256072,Tokyo-426a,24,30,Normal
2026-02-14 14:21:44.256072,Tokyo-426a,10,87,Normal
2026-02-14 14:21:45.256072,Tokyo-426a,-7,47,Normal
2026-02-14 14:21:46.256072,Tokyo-426a,-24,75,Normal
2026-02-14 14:21:47.256072,Tokyo-426a,46,83,Normal
2026-02-14 14:21:48.256072,Tokyo-426a,45,83,Normal
2026-02-14 14:21:49.256072,Tokyo-426a,5,11,Normal
2026-02-14 14:21:50.256072,Tokyo-426a,25,46,Normal
2026-02-14 14:21:51.256072,Tokyo-426a,-20,41,Normal
2026-02-14 14:21:52.256072,Tokyo-426a,-19,57,Normal
2026-02-14 14:21:53.256072,Tokyo-426a,-19,50,Normal
2026-02-14 14:21:54.256072,Tokyo-426a,7,51,Normal
2026-02-14 14:21:55.256072,Tokyo-426a,45,49,Normal
2026-02-14 14:21:56.256072,Tokyo-426a,31,24,Normal
2026-02-14 14:21:57.256072,Tokyo-426a,40,28,Normal
2026-02-14 14:21:58.256072,Tokyo-426a,29,89,Normal
2026-02-14 14:21:59.256072,Tokyo-426a,-13,25,Normal
2026-02-14 14:22:00.256072,Tokyo-426a,-25,34,Normal
2026-02-14 14:22:01.256072,Tokyo-426a,4,96,Normal
2026-02-14 14:22:02.256072,Tokyo-426a,13,70,Normal
2026-02-14 14:22:03.256072,Tokyo-426a,43,57,Normal
2026-02-14 14:22:04.256072,Tokyo-426a,-20,34,Normal
2026-02-14 14:22:05.256072,Tokyo-426a,-1,68,Normal
2026-02-14 14:22:06.256072,Tokyo-426a,14,68,Normal
2026-02-14 14:22:07.256072,Tokyo-426a,24,12,Normal
2026-02-14 14:22:08.256072,Tokyo-426a,-22,26,Normal
2026-02-14 14:22:09.256072,Tokyo-426a,-24,13,Normal
2026-02-14 14:22:10.256072,Tokyo-426a,-25,50,Normal
2026-02-14 14:22:11.256072,Tokyo-426a,-16,25,Normal
2026-02-14 14:22:12.256072,Tokyo-426a,8,19,Normal
2026-02-14 14:22:13.256072,Tokyo-426a,41,60,Normal
2026-02-14 14:22:14.256072,Tokyo-426a,-24,23,Normal
2026-02-14 14:22:15.256072,Tokyo-426a,38,75,Normal
2026-02-14 14:22:16.256072,Tokyo-426a,-28,5,Normal
2026-02-14 14:22:17.256072,Tokyo-426a,45,32,Normal
2026-02-14 14:22:18.256072,Tokyo-426a,-10,28,Normal
2026-02-14 14:22:19.256072,Tokyo-426a,39,55,Normal
2026-02-14 14:22:20.256072,Tokyo-426a,25,24,Normal
2026-02-14 14:22:21.256072,Tokyo-426a,-14,30,Normal
2026-02-14 14:22:22.256072,Tokyo-426a,-2,21,Normal
2026-02-14 14:22:23.256072,Tokyo-426a,27,90,Normal
2026-02-14 14:22:24.256072,Tokyo-426a,-10,2,Normal
2026-02-14 14:22:25.256072,Tokyo-426a,6,100,Normal
2026-02-14 14:22:26.256072,Tokyo-426a,36,25,Normal
2026-02-14 14:22:27.256072,Tokyo-426a,-21,92,Normal
2026-02-14 14:22:28.256072,Tokyo-426a,11,79,Normal
2026-02-14 14:22:29.256072,Tokyo-426a,4,37,Normal
2026-02-14 14:22:30.256072,Tokyo-426a,22,4,Normal
2026-02-14 14:22:31.256072,Tokyo-426a,24,48,Normal
2026-02-14 14:22:32.256072,Tokyo-426a,2,84,Normal
2026-02-14 14:22:33.256072,Tokyo-426a,-10,70,Normal
2026-02-14 14:22:34.256072,Tokyo-426a,13,65,Normal
2026-02-14 14:22:35.256072,Tokyo-426a,41,2,Normal
2026-02-14 14:22:36.256072,Tokyo-426a,-11,30,Normal
2026-02-14 14:22:37.256072,Tokyo-426a,14,91,Normal
2026-02-14 14:22:38.256072,Tokyo-426a,29,97,Normal
2026-02-14 14:22:39.256072,Tokyo-426a,6,94,Normal
2026-02-14 14:22:40.256072,Tokyo-426a,-8,31,Normal
2026-02-14 14:22:41.256072,Tokyo-426a,2,11,Normal
2026-02-14 14:22:42.256072,Tokyo-426a,10,69,Normal
2026-02-14 14:22:43.256072,Tokyo-426a,-8,91,Normal
2026-02-14 14:22:44.256072,Tokyo-426a,26,79,Normal
2026-02-14 14:22:45.256072,Tokyo-426a,-14,25,Normal
2026-02-14 14:22:46.256072,Tokyo-426a,-19,97,Normal
2026-02-14 14:22:47.256072,Tokyo-426a,31,1,Normal
2026-02-14 14:22:48.256072,Tokyo-426a,29,1,Normal
2026-02-14 14:22:49.256072,Tokyo-426a,24,74,Normal
2026-02-14 14:22:50.256072,Tokyo-426a,2,78,Normal
2026-02-14 14:22:51.256072,Tokyo-426a,2,96,Normal
2026-02-14 14:22:52.256072,Tokyo-426a,-25,22,Normal
2026-02-14 14:22:53.256072,Tokyo-426a,50,25,Normal
2026-02-14 14:22:54.256072,Tokyo-426a,9,5,Normal
2026-02-14 14:22:55.256072,Tokyo-426a,19,29,Normal
2026-02-14 14:22:56.256072,Tokyo-426a,-9,84,Normal
2026-02-14 14:22:57.256072,Tokyo-426a,-12,28,Normal
2026-02-14 14:22:58.256072,Tokyo-426a,8,89,Normal
2026-02-14 14:22:59.256072,Tokyo-426a,0,82,Normal
2026-02-14 14:23:00.256072,Tokyo-426a,46,37,Normal
2026-02-14 14:23:01.256072,Tokyo-426a,-5,67,Normal
2026-02-14 14:23:02.256072,Tokyo-426a,-21,86,Normal
2026-02-14 14:23:03.256072,Tokyo-426a,-5,62,Normal
2026-02-14 14:23:04.256072,Tokyo-426a,45,81,Normal
2026-02-14 14:23:05.256072,Tokyo-426a,-29,7,Normal
2026-02-14 14:23:06.256072,Tokyo-426a,40,89,Normal
2026-02-14 14:23:07.256072,Tokyo-426a,27,17,Normal
2026-02-14 14:23:08.256072,Tokyo-426a,47,93,Normal
2026-02-14 14:23:09.256072,Tokyo-426a,-29,44,Normal
2026-02-14 14:23:10.256072,Tokyo-426a,20,60,Normal
2026-02-14 14:23:11.256072,Tokyo-426a,-16,83,Normal
2026-02-14 14:23:12.256072,Tokyo-426a,28,98,Normal
2026-02-14 14:23:13.256072,Tokyo-426a,10,56,Normal
2026-02-14 14:23:14.256072,Tokyo-426a,-26,37,Normal
2026-02-14 14:23:15.256072,Tokyo-426a,1,91,Normal
2026-02-14 14:23:16.256072,Tokyo-426a,-6,0,Normal
2026-02-14 14:23:17.256072,Tokyo-426a,10,59,Normal
2026-02-14 14:23:18.256072,Tokyo-426a,35,60,Normal
2026-02-14 14:23:19.256072,Tokyo-426a,22,25,Normal
2026-02-14 14:23:20.256072,Tokyo-426a,-26,69,Normal
2026-02-14 14:23:21.256072,Tokyo-426a,-14,84,Normal
2026-02-14 14:23:22.256072,Tokyo-426a,-8,30,Normal
2026-02-14 14:23:23.256072,Tokyo-426a,5,25,Normal
2026-02-14 14:23:24.256072,Tokyo-426a,-14,20,Normal
2026-02-14 14:23:25.256072,Tokyo-426a,-13,81,Normal
2026-02-14 14:23:26.256072,Tokyo-426a,-12,9,Normal
2026-02-14 14:23:27.256072,Tokyo-426a,18,97,Normal
2026-02-14 14:23:28.256072,Tokyo-426a,24,41,Normal
2026-02-14 14:23:29.256072,Tokyo-426a,9,67,Normal
2026-02-14 14:23:30.256072,Tokyo-426a,-17,42,Normal
2026-02-14 14:23:31.256072,Tokyo-426a,34,52,Normal
2026-02-14 14:23:32.256072,Tokyo-426a,2,27,Normal
2026-02-14 14:23:33.256072,Tokyo-426a,38,39,Normal
2026-02-14 14:23:34.256072,Tokyo-426a,27,11,Normal
2026-02-14 14:23:35.256072,Tokyo-426a,44,41,Normal
2026-02-14 14:23:36.256072,Tokyo-426a,-17,94,Normal
2026-02-14 14:23:37.256072,Tokyo-426a,-19,67,Normal
2026-02-14 14:23:38.256072,Tokyo-426a,3,87,Normal
2026-02-14 14:23:39.256072,Tokyo-426a,18,54,Normal
2026-02-14 14:23:40.256072,Tokyo-426a,19,86,Normal
2026-02-14 14:23:41.256072,Tokyo-426a,36,45,Normal
2026-02-14 14:23:42.256072,Tokyo-426a,37,84,Normal
2026-02-14 14:23:43.256072,Tokyo-426a,-10,26,Normal
2026-02-14 14:23:44.256072,Tokyo-426a,36,36,Normal
2026-02-14 14:23:45.256072,Tokyo-426a,25,11,Normal
2026-02-14 14:23:46.256072,Tokyo-426a,-19,10,Normal
2026-02-14 14:23:47.256072,Tokyo-426a,-14,2,Normal
2026-02-14 14:23:48.256072,Tokyo-426a,-19,20,Normal
2026-02-14 14:23:49.256072,Tokyo-426a,-13,57,Normal
2026-02-14 14:23:50.256072,Tokyo-426a,44,57,Normal
2026-02-14 14:23:51.256072,Tokyo-426a,27,63,Normal
2026-02-14 14:23:52.256072,Tokyo-426a,32,61,Normal
2026-02-14 14:23:53.256072,Tokyo-426a,43,31,Normal
2026-02-14 14:23:54.256072,Tokyo-426a,18,35,Normal
2026-02-14 14:23:55.256072,Tokyo-426a,-15,10,Normal
2026-02-14 14:23:56.256072,Tokyo-426a,41,63,Normal
2026-02-14 14:23:57.256072,Tokyo-426a,-15,31,Normal
2026-02-14 14:23:58.256072,Tokyo-426a,4,18,Normal
2026-02-14 14:23:59.256072,Tokyo-426a,45,25,Normal
2026-02-14 14:24:00.256072,Tokyo-426a,31,96,Normal
2026-02-14 14:24:01.256072,Tokyo-426a,-18,70,Normal
2026-02-14 14:24:02.256072,Tokyo-426a,28,68,Normal
2026-02-14 14:24:03.256072,Tokyo-426a,6,49,Normal
2026-02-14 14:24:04.256072,Tokyo-426a,29,97,Normal
2026-02-14 14:24:05.256072,Tokyo-426a,18,59,Normal
2026-02-14 14:24:06.256072,Tokyo-426a,-17,65,Normal
2026-02-14 14:24:07.256072,Tokyo-426a,2,12,Normal
2026-02-14 14:24:08.256072,Tokyo-426a,13,83,Normal
2026-02-14 14:24:09.256072,Tokyo-426a,-11,39,Normal
2026-02-14 14:24:10.256072,Tokyo-426a,-7,26,Normal
2026-02-14 14:24:11.256072,Tokyo-426a,24,49,Normal
2026-02-14 14:24:12.256072,Tokyo-426a,-8,40,Normal
2026-02-14 14:24:13.256072,Tokyo-426a,9,89,Normal
2026-02-14 14:24:14.256072,Tokyo-426a,41,33,Normal
2026-02-14 14:24:15.256072,Tokyo-426a,-18,26,Normal
2026-02-14 14:24:16.256072,Tokyo-426a,25,77,Normal
2026-02-14 14:24:17.256072,Tokyo-426a,-11,2,Normal
2026-02-14 14:24:18.256072,Tokyo-426a,24,64,Normal
2026-02-14 14:24:19.256072,Tokyo-426a,17,100,Normal
2026-02-14 14:24:20.256072,Tokyo-426a,3,31,Normal
2026-02-14 14:24:21.256072,Tokyo-426a,12,94,Normal
2026-02-14 14:24:22.256072,Tokyo-426a,42,21,Normal
2026-02-14 14:24:23.256072,Tokyo-426a,16,43,Normal
2026-02-14 14:24:24.256072,Tokyo-426a,6,81,Normal
2026-02-14 14:24:25.256072,Tokyo-426a,21,6,Normal
2026-02-14 14:24:26.256072,Tokyo-426a,37,59,Normal
2026-02-14 14:24:27.256072,Tokyo-426a,-6,70,Normal
2026-02-14 14:24:28.256072,Tokyo-426a,-20,70,Normal
2026-02-14 14:24:29.256072,Tokyo-426a,-11,99,Normal
2026-02-14 14:24:30.256072,Tokyo-426a,38,52,Normal
2026-02-14 14:24:31.256072,Tokyo-426a,24,3,Normal
2026-02-14 14:24:32.256072,Tokyo-426a,16,45,Normal
2026-02-14 14:24:33.256072,Tokyo-426a,46,47,Normal
2026-02-14 14:24:34.256072,Tokyo-426a,45,88,Normal
2026-02-14 14:24:35.256072,Tokyo-426a,0,8,Normal
2026-02-14 14:24:36.256072,Tokyo-426a,-10,91,Normal
2026-02-14 14:24:37.256072,Tokyo-426a,6,80,Normal
2026-02-14 14:24:38.256072,Tokyo-426a,-19,74,Normal
2026-02-14 14:24:39.256072,Tokyo-426a,22,34,Normal
2026-02-14 14:24:40.256072,Tokyo-426a,-22,13,Normal
2026-02-14 14:24:41.256072,Tokyo-426a,-7,74,Normal
2026-02-14 14:24:42.256072,Tokyo-426a,6,25,Normal
2026-02-14 14:24:43.256072,Tokyo-426a,-18,76,Normal
2026-02-14 14:24:44.256072,Tokyo-426a,8,44,Normal
2026-02-14 14:24:45.256072,Tokyo-426a,-30,17,Normal
2026-02-14 14:24:46.256072,Tokyo-426a,17,96,Normal
2026-02-14 14:24:47.256072,Tokyo-426a,0,41,Normal
2026-02-14 14:24:48.256072,Tokyo-426a,-12,22,Normal
2026-02-14 14:24:49.256072,Tokyo-426a,22,15,Normal
2026-02-14 14:24:50.256072,Tokyo-426a,-27,65,Normal
2026-02-14 14:24:51.256072,Tokyo-426a,4,15,Normal
2026-02-14 14:24:52.256072,Tokyo-426a,-12,19,Normal
2026-02-14 14:24:53.256072,Tokyo-426a,-19,16,Normal
2026-02-14 14:24:54.256072,Tokyo-426a,21,37,Normal
2026-02-14 14:24:55.256072,Tokyo-426a,-25,60,Normal
2026-02-14 14:24:56.256072,Tokyo-426a,-28,50,Normal
2026-02-14 14:24:57.256072,Tokyo-426a,3,90,Normal
2026-02-14 14:24:58.256072,Tokyo-426a,10,39,Normal
2026-02-14 14:24:59.256072,Tokyo-426a,-9,47,Normal
2026-02-14 14:25:00.256072,Tokyo-426a,37,23,Normal
2026-02-14 14:25:01.256072,Tokyo-426a,42,20,Normal
2026-02-14 14:25:02.256072,Tokyo-426a,1,61,Normal
2026-02-14 14:25:03.256072,Tokyo-426a,-16,44,Normal
2026-02-14 14:25:04.256072,Tokyo-426a,5,93,Normal
2026-02-14 14:25:05.256072,Tokyo-426a,12,59,Normal
2026-02-14 14:25:06.256072,Tokyo-426a,-25,93,Normal
2026-02-14 14:25:07.256072,Tokyo-426a,-14,4,Normal
2026-02-14 14:25:08.256072,Tokyo-426a,32,23,Normal
2026-02-14 14:25:09.256072,Tokyo-426a,30,7,Normal
2026-02-14 14:25:10.256072,Tokyo-426a,47,53,Normal
2026-02-14 14:25:11.256072,Tokyo-426a,0,93,Normal
2026-02-14 14:25:12.256072,Tokyo-426a,-4,60,Normal
2026-02-14 14:25:13.256072,Tokyo-426a,40,14,Normal
2026-02-14 14:25:14.256072,Tokyo-426a,16,17,Normal
2026-02-14 14:25:15.256072,Tokyo-426a,35,68,Normal
2026-02-14 14:25:16.256072,Tokyo-426a,-19,43,Normal
2026-02-14 14:25:17.256072,Tokyo-426a,-4,14,Normal
2026-02-14 14:25:18.256072,Tokyo-426a,-20,95,Normal
2026-02-14 14:25:19.256072,Tokyo-426a,2,27,Normal
2026-02-14 14:25:20.256072,Tokyo-426a,8,92,Normal
2026-02-14 14:25:21.256072,Tokyo-426a,48,24,Normal
2026-02-14 14:25:22.256072,Tokyo-426a,-12,82,Normal
2026-02-14 14:25:23.256072,Tokyo-426a,-7,97,Normal
2026-02-14 14:25:24.256072,Tokyo-426a,-5,2,Normal
2026-02-14 14:25:25.256072,Tokyo-426a,45,1,Normal
2026-02-14 14:25:26.256072,Tokyo-426a,5,88,Normal
2026-02-14 14:25:27.256072,Tokyo-426a,14,90,Normal
2026-02-14 14:25:28.256072,Tokyo-426a,35,84,Normal
2026-02-14 14:25:29.256072,Tokyo-426a,9,27,Normal
2026-02-14 14:25:30.256072,Tokyo-426a,24,72,Normal
2026-02-14 14:25:31.256072,Tokyo-426a,-5,17,Normal
2026-02-14 14:25:32.256072,Tokyo-426a,23,18,Normal
2026-02-14 14:25:33.256072,Tokyo-426a,13,13,Normal
2026-02-14 14:25:34.256072,Tokyo-426a,-26,9,Normal
2026-02-14 14:25:35.256072,Tokyo-426a,41,96,Normal
2026-02-14 14:25:36.256072,Tokyo-426a,43,49,Normal
2026-02-14 14:25:37.256072,Tokyo-426a,48,17,Normal
2026-02-14 14:25:38.256072,Tokyo-426a,-27,29,Normal
2026-02-14 14:25:39.256072,Tokyo-426a,7,11,Normal
2026-02-14 14:25:40.256072,Tokyo-426a,29,39,Normal
2026-02-14 14:25:41.256072,Tokyo-426a,8,37,Normal
2026-02-14 14:25:42.256072,Tokyo-426a,-15,78,Normal
2026-02-14 14:25:43.256072,Tokyo-426a,40,94,Normal
2026-02-14 14:25:44.256072,Tokyo-426a,-26,41,Normal
2026-02-14 14:25:45.256072,Tokyo-426a,3,4,Normal
2026-02-14 14:25:46.256072,Tokyo-426a,44,73,Normal
2026-02-14 14:25:47.256072,Tokyo-426a,-19,42,Normal
2026-02-14 14:25:48.256072,Tokyo-426a,31,51,Normal
2026-02-14 14:25:49.256072,Tokyo-426a,47,19,Normal
2026-02-14 14:25:50.256072,Tokyo-426a,26,74,Normal
2026-02-14 14:25:51.256072,Tokyo-426a,9,7,Normal
2026-02-14 14:25:52.256072,Tokyo-426a,23,55,Normal
2026-02-14 14:25:53.256072,Tokyo-426a,10,18,Normal
2026-02-14 14:25:54.256072,Tokyo-426a,-10,30,Normal
2026-02-14 14:25:55.256072,Tokyo-426a,5,80,Normal
2026-02-14 14:25:56.256072,Tokyo-426a,25,35,Normal
2026-02-14 14:25:57.256072,Tokyo-426a,-13,24,Normal
2026-02-14 14:25:58.256072,Tokyo-426a,37,67,Normal
2026-02-14 14:25:59.256072,Tokyo-426a,-8,97,Normal
2026-02-14 14:26:00.256072,Tokyo-426a,-25,86,Normal
2026-02-14 14:26:01.256072,Tokyo-426a,22,53,Normal
2026-02-14 14:26:02.256072,Tokyo-426a,-4,23,Normal
2026-02-14 14:26:03.256072,Tokyo-426a,32,9,Normal
2026-02-14 14:26:04.256072,Tokyo-426a,-28,75,Normal
2026-02-14 14:26:05.256072,Tokyo-426a,9,44,Normal
2026-02-14 14:26:06.256072,Tokyo-426a,-2,58,Normal
2026-02-14 14:26:07.256072,Tokyo-426a,-22,65,Normal
2026-02-14 14:26:08.256072,Tokyo-426a,-8,32,Normal
2026-02-14 14:26:09.256072,Tokyo-426a,-20,57,Normal
2026-02-14 14:26:10.256072,Tokyo-426a,35,79,Normal
2026-02-14 14:26:11.256072,Tokyo-426a,23,94,Normal
2026-02-14 14:26:12.256072,Tokyo-426a,-4,76,Normal
2026-02-14 14:26:13.256072,Tokyo-426a,9,69,Normal
2026-02-14 14:26:14.256072,Tokyo-426a,-25,52,Normal
2026-02-14 14:26:15.256072,Tokyo-426a,0,72,Normal
2026-02-14 14:26:16.256072,Tokyo-426a,-27,55,Normal
2026-02-14 14:26:17.256072,Tokyo-426a,35,20,Normal
2026-02-14 14:26:18.256072,Tokyo-426a,27,2,Normal
2026-02-14 14:26:19.256072,Tokyo-426a,49,97,Normal
2026-02-14 14:26:20.256072,Tokyo-426a,6,1,Normal
2026-02-14 14:26:21.256072,Tokyo-426a,-9,94,Normal
2026-02-14 14:26:22.256072,Tokyo-426a,47,19,Normal
2026-02-14 14:26:23.256072,Tokyo-426a,9,57,Normal
2026-02-14 14:26:24.256072,Tokyo-426a,19,32,Normal
2026-02-14 14:26:25.256072,Tokyo-426a,-19,14,Normal
2026-02-14 14:26:26.256072,Tokyo-426a,45,47,Normal
2026-02-14 14:26:27.256072,Tokyo-426a,-2,92,Normal
2026-02-14 14:26:28.256072,Tokyo-426a,-25,84,Normal
2026-02-14 14:26:29.256072,Tokyo-426a,33,72,Normal
2026-02-14 14:26:30.256072,Tokyo-426a,10,7,Normal
2026-02-14 14:26:31.256072,Tokyo-426a,22,2,Normal
2026-02-14 14:26:32.256072,Tokyo-426a,22,83,Normal
2026-02-14 14:26:33.256072,Tokyo-426a,39,83,Normal
2026-02-14 14:26:34.256072,Tokyo-426a,30,16,Normal
2026-02-14 14:26:35.256072,Tokyo-426a,-23,75,Normal
2026-02-14 14:26:36.256072,Tokyo-426a,-17,69,Normal
2026-02-14 14:26:37.256072,Tokyo-426a,-11,16,Normal
2026-02-14 14:26:38.256072,Tokyo-426a,-11,47,Normal
2026-02-14 14:26:39.256072,Tokyo-426a,-13,15,Normal
2026-02-14 14:26:40.256072,Tokyo-426a,11,47,Normal
2026-02-14 14:26:41.256072,Tokyo-426a,35,31,Normal
2026-02-14 14:26:42.256072,Tokyo-426a,-10,45,Normal
2026-02-14 14:26:43.256072,Tokyo-426a,10,72,Normal
2026-02-14 14:26:44.256072,Tokyo-426a,33,44,Normal
2026-02-14 14:26:45.256072,Tokyo-426a,30,45,Normal
2026-02-14 14:26:46.256072,Tokyo-426a,49,62,Normal
2026-02-14 14:26:47.256072,Tokyo-426a,17,11,Normal
2026-02-14 14:26:48.256072,Tokyo-426a,-28,93,Normal
2026-02-14 14:26:49.256072,Tokyo-426a,27,72,Normal
2026-02-14 14:26:50.256072,Tokyo-426a,-23,19,Normal
2026-02-14 14:26:51.256072,Tokyo-426a,40,50,Normal
2026-02-14 14:26:52.256072,Tokyo-426a,16,35,Normal
2026-02-14 14:26:53.256072,Tokyo-426a,47,78,Normal
2026-02-14 14:26:54.256072,Tokyo-426a,-10,17,Normal
2026-02-14 14:26:55.256072,Tokyo-426a,-30,94,Normal
2026-02-14 14:26:56.256072,Tokyo-426a,50,27,Normal
2026-02-14 14:26:57.256072,Tokyo-426a,-28,42,Normal
2026-02-14 14:26:58.256072,Tokyo-426a,-2,50,Normal
2026-02-14 14:26:59.256072,Tokyo-426a,2,51,Normal
2026-02-14 14:27:00.256072,Tokyo-426a,29,16,Normal
2026-02-14 14:27:01.256072,Tokyo-426a,4,3,Normal
2026-02-14 14:27:02.256072,Tokyo-426a,47,2,Normal
2026-02-14 14:27:03.256072,Tokyo-426a,-12,16,Normal
2026-02-14 14:27:04.256072,Tokyo-426a,39,83,Normal
2026-02-14 14:27:05.256072,Tokyo-426a,23,73,Normal
2026-02-14 14:27:06.256072,Tokyo-426a,50,46,Normal
2026-02-14 14:27:07.256072,Tokyo-426a,27,58,Normal
2026-02-14 14:27:08.256072,Tokyo-426a,-3,57,Normal
2026-02-14 14:27:09.256072,Tokyo-426a,-4,48,Normal
2026-02-14 14:27:10.256072,Tokyo-426a,36,9,Normal
2026-02-14 14:27:11.256072,Tokyo-426a,46,99,Normal
2026-02-14 14:27:12.256072,Tokyo-426a,25,24,Normal
2026-02-14 14:27:13.256072,Tokyo-426a,9,34,Normal
2026-02-14 14:27:14.256072,Tokyo-426a,25,41,Normal
2026-02-14 14:27:15.256072,Tokyo-426a,42,47,Normal
2026-02-14 14:27:16.256072,Tokyo-426a,32,34,Normal
2026-02-14 14:27:17.256072,Tokyo-426a,23,92,Normal
2026-02-14 14:27:18.256072,Tokyo-426a,-15,9,Normal
2026-02-14 14:27:19.256072,Tokyo-426a,34,85,Normal
2026-02-14 14:27:20.256072,Tokyo-426a,38,0,Normal
2026-02-14 14:27:21.256072,Tokyo-426a,-6,59,Normal
2026-02-14 14:27:22.256072,Tokyo-426a,8,58,Normal
2026-02-14 14:27:23.256072,Tokyo-426a,35,29,Normal
2026-02-14 14:27:24.256072,Tokyo-426a,39,22,Normal
2026-02-14 14:27:25.256072,Tokyo-426a,-7,54,Normal
2026-02-14 14:27:26.256072,Tokyo-426a,6,16,Normal
2026-02-14 14:27:27.256072,Tokyo-426a,1,28,Normal
2026-02-14 14:27:28.256072,Tokyo-426a,-9,85,Normal
2026-02-14 14:27:29.256072,Tokyo-426a,-1,90,Normal
2026-02-14 14:27:30.256072,Tokyo-426a,-2,71,Normal
2026-02-14 14:27:31.256072,Tokyo-426a,-9,53,Normal
2026-02-14 14:27:32.256072,Tokyo-426a,31,31,Normal
2026-02-14 14:27:33.256072,Tokyo-426a,-24,87,Normal
2026-02-14 14:27:34.256072,Tokyo-426a,-12,0,Normal
2026-02-14 14:27:35.256072,Tokyo-426a,15,49,Normal
2026-02-14 14:27:36.256072,Tokyo-426a,10,40,Normal
2026-02-14 14:27:37.256072,Tokyo-426a,-3,2,Normal
2026-02-14 14:27:38.256072,Tokyo-426a,48,94,Normal
2026-02-14 14:27:39.256072,Tokyo-426a,11,25,Normal
2026-02-14 14:27:40.256072,Tokyo-426a,4,86,Normal
2026-02-14 14:27:41.256072,Tokyo-426a,28,69,Normal
2026-02-14 14:27:42.256072,Tokyo-426a,34,100,Normal
2026-02-14 14:27:43.256072,Tokyo-426a,2,68,Normal
2026-02-14 14:27:44.256072,Tokyo-426a,-11,2,Normal
2026-02-14 14:27:45.256072,Tokyo-426a,-30,23,Normal
2026-02-14 14:27:46.256072,Tokyo-426a,3,93,Normal
2026-02-14 14:27:47.256072,Tokyo-426a,13,86,Normal
2026-02-14 14:27:48.256072,Tokyo-426a,-15,85,Normal
2026-02-14 14:27:49.256072,Tokyo-426a,-5,23,Normal
2026-02-14 14:27:50.256072,Tokyo-426a,43,64,Normal
2026-02-14 14:27:51.256072,Tokyo-426a,19,0,Normal
2026-02-14 14:27:52.256072,Tokyo-426a,18,97,Normal
2026-02-14 14:27:53.256072,Tokyo-426a,-10,40,Normal
2026-02-14 14:27:54.256072,Tokyo-426a,-1,82,Normal
2026-02-14 14:27:55.256072,Tokyo-426a,37,17,Normal
2026-02-14 14:27:56.256072,Tokyo-426a,10,31,Normal
2026-02-14 14:27:57.256072,Tokyo-426a,42,48,Normal
2026-02-14 14:27:58.256072,Tokyo-426a,42,58,Normal
2026-02-14 14:27:59.256072,Tokyo-426a,43,52,Normal
2026-02-14 14:28:00.256072,Tokyo-426a,19,28,Normal
2026-02-14 14:28:01.256072,Tokyo-426a,-27,91,Normal
2026-02-14 14:28:02.256072,Tokyo-426a,-2,18,Normal
2026-02-14 14:28:03.256072,Tokyo-426a,7,67,Normal
2026-02-14 14:28:04.256072,Tokyo-426a,29,15,Normal
2026-02-14 14:28:05.256072,Tokyo-426a,43,26,Normal
2026-02-14 14:28:06.256072,Tokyo-426a,-26,54,Normal
2026-02-14 14:28:07.256072,Tokyo-426a,50,65,Normal
2026-02-14 14:28:08.256072,Tokyo-426a,-24,5,Normal
2026-02-14 14:28:09.256072,Tokyo-426a,5,52,Normal
2026-02-14 14:28:10.256072,Tokyo-426a,-8,19,Normal
2026-02-14 14:28:11.256072,Tokyo-426a,19,18,Normal
2026-02-14 14:28:12.256072,Tokyo-426a,5,5,Normal
2026-02-14 14:28:13.256072,Tokyo-426a,22,79,Normal
2026-02-14 14:28:14.256072,Tokyo-426a,-27,88,Normal
2026-02-14 14:28:15.256072,Tokyo-426a,23,75,Normal
2026-02-14 14:28:16.256072,Tokyo-426a,50,66,Normal
2026-02-14 14:28:17.256072,Tokyo-426a,44,61,Normal
2026-02-14 14:28:18.256072,Tokyo-426a,-28,80,Normal
2026-02-14 14:28:19.256072,Tokyo-426a,10,17,Normal
2026-02-14 14:28:20.256072,Tokyo-426a,15,35,Normal
2026-02-14 14:28:21.256072,Tokyo-426a,37,41,Normal
2026-02-14 14:28:22.256072,Tokyo-426a,-21,81,Normal
2026-02-14 14:28:23.256072,Tokyo-426a,-5,64,Normal
2026-02-14 14:28:24.256072,Tokyo-426a,-3,53,Normal
2026-02-14 14:28:25.256072,Tokyo-426a,15,41,Normal
2026-02-14 14:28:26.256072,Tokyo-426a,11,46,Normal
2026-02-14 14:28:27.256072,Tokyo-426a,50,55,Normal
2026-02-14 14:28:28.256072,Tokyo-426a,23,42,Normal
2026-02-14 14:28:29.256072,Tokyo-426a,31,98,Normal
2026-02-14 14:28:30.256072,Tokyo-426a,24,47,Normal
2026-02-14 14:28:31.256072,Tokyo-426a,22,17,Normal
2026-02-14 14:28:32.256072,Tokyo-426a,-5,81,Normal
2026-02-14 14:28:33.256072,Tokyo-426a,35,78,Normal
2026-02-14 14:28:34.256072,Tokyo-426a,12,1,Normal
2026-02-14 14:28:35.256072,Tokyo-426a,-14,7,Normal
2026-02-14 14:28:36.256072,Tokyo-426a,29,41,Normal
2026-02-14 14:28:37.256072,Tokyo-426a,49,62,Normal
2026-02-14 14:28:38.256072,Tokyo-426a,9,81,Normal
2026-02-14 14:28:39.256072,Tokyo-426a,-24,67,Normal
2026-02-14 14:28:40.256072,Tokyo-426a,45,41,Normal
2026-02-14 14:28:41.256072,Tokyo-426a,21,29,Normal
2026-02-14 14:28:42.256072,Tokyo-426a,-28,77,Normal
2026-02-14 14:28:43.256072,Tokyo-426a,50,16,Normal
2026-02-14 14:28:44.256072,Tokyo-426a,10,52,Normal
2026-02-14 14:28:45.256072,Tokyo-426a,7,62,Normal
2026-02-14 14:28:46.256072,Tokyo-426a,-15,84,Normal
2026-02-14 14:28:47.256072,Tokyo-426a,49,22,Normal
2026-02-14 14:28:48.256072,Tokyo-426a,-23,72,Normal
2026-02-14 14:28:49.256072,Tokyo-426a,-4,11,Normal
2026-02-14 14:28:50.256072,Tokyo-426a,37,69,Normal
2026-02-14 14:28:51.256072,Tokyo-426a,6,4,Normal
2026-02-14 14:28:52.256072,Tokyo-426a,37,22,Normal
2026-02-14 14:28:53.256072,Tokyo-426a,42,100,Normal
2026-02-14 14:28:54.256072,Tokyo-426a,-3,79,Normal
2026-02-14 14:28:55.256072,Tokyo-426a,5,31,Normal
2026-02-14 14:28:56.256072,Tokyo-426a,29,78,Normal
2026-02-14 14:28:57.256072,Tokyo-426a,-30,2,Normal
2026-02-14 14:28:58.256072,Tokyo-426a,-5,27,Normal
2026-02-14 14:28:59.256072,Tokyo-426a,-10,52,Normal
2026-02-14 14:29:00.256072,Tokyo-426a,-8,70,Normal
2026-02-14 14:29:01.256072,Tokyo-426a,15,59,Normal
2026-02-14 14:29:02.256072,Tokyo-426a,0,36,Normal
2026-02-14 14:29:03.256072,Tokyo-426a,42,79,Normal
2026-02-14 14:29:04.256072,Tokyo-426a,-5,21,Normal
2026-02-14 14:29:05.256072,Tokyo-426a,17,3,Normal
2026-02-14 14:29:06.256072,Tokyo-426a,8,6,Normal
2026-02-14 14:29:07.256072,Tokyo-426a,18,81,Normal
2026-02-14 14:29:08.256072,Tokyo-426a,6,83,Normal
2026-02-14 14:29:09.256072,Tokyo-426a,9,24,Normal
2026-02-14 14:29:10.256072,Tokyo-426a,21,46,Normal
2026-02-14 14:29:11.256072,Tokyo-426a,49,95,Normal
2026-02-14 14:29:12.256072,Tokyo-426a,-30,55,Normal
2026-02-14 14:29:13.256072,Tokyo-426a,12,54,Normal
2026-02-14 14:29:14.256072,Tokyo-426a,-18,54,Normal
2026-02-14 14:29:15.256072,Tokyo-426a,-11,88,Normal
2026-02-14 14:29:16.256072,Tokyo-426a,-29,47,Normal
2026-02-14 14:29:17.256072,Tokyo-426a,49,45,Normal
2026-02-14 14:29:18.256072,Tokyo-426a,-11,68,Normal
2026-02-14 14:29:19.256072,Tokyo-426a,40,29,Normal
2026-02-14 14:29:20.256072,Tokyo-426a,-5,86,Normal
2026-02-14 14:29:21.256072,Tokyo-426a,-17,19,Normal
2026-02-14 14:29:22.256072,Tokyo-426a,14,11,Normal
2026-02-14 14:29:23.256072,Tokyo-426a,45,56,Normal
2026-02-14 14:29:24.256072,Tokyo-426a,49,35,Normal
2026-02-14 14:29:25.256072,Tokyo-426a,41,87,Normal
2026-02-14 14:29:26.256072,Tokyo-426a,-21,16,Normal
2026-02-14 14:29:27.256072,Tokyo-426a,16,35,Normal
2026-02-14 14:29:28.256072,Tokyo-426a,-26,78,Normal
2026-02-14 14:29:29.256072,Tokyo-426a,-15,77,Normal
2026-02-14 14:29:30.256072,Tokyo-426a,13,76,Normal
2026-02-14 14:29:31.256072,Tokyo-426a,-25,76,Normal
2026-02-14 14:29:32.256072,Tokyo-426a,-30,85,Normal
2026-02-14 14:29:33.256072,Tokyo-426a,35,60,Normal
2026-02-14 14:29:34.256072,Tokyo-426a,48,75,Normal
2026-02-14 14:29:35.256072,Tokyo-426a,-9,59,Normal
2026-02-14 14:29:36.256072,Tokyo-426a,22,100,Normal
2026-02-14 14:29:37.256072,Tokyo-426a,48,80,Normal
2026-02-14 14:29:38.256072,Tokyo-426a,-21,19,Normal
2026-02-14 14:29:39.256072,Tokyo-426a,-17,33,Normal
2026-02-14 14:29:40.256072,Tokyo-426a,31,2,Normal
2026-02-14 14:29:41.256072,Tokyo-426a,5,63,Normal
2026-02-14 14:29:42.256072,Tokyo-426a,-29,100,Normal
2026-02-14 14:29:43.256072,Tokyo-426a,45,55,Normal
2026-02-14 14:29:44.256072,Tokyo-426a,-5,78,Normal
2026-02-14 14:29:45.256072,Tokyo-426a,38,80,Normal
2026-02-14 14:29:46.256072,Tokyo-426a,29,0,Normal
2026-02-14 14:29:47.256072,Tokyo-426a,-18,36,Normal
2026-02-14 14:29:48.256072,Tokyo-426a,50,27,Normal
2026-02-14 14:29:49.256072,Tokyo-426a,30,85,Normal
2026-02-14 14:29:50.256072,Tokyo-426a,36,9,Normal
2026-02-14 14:29:51.256072,Tokyo-426a,-9,98,Normal
2026-02-14 14:29:52.256072,Tokyo-426a,-10,89,Normal
2026-02-14 14:29:53.256072,Tokyo-426a,-23,57,Normal
2026-02-14 14:29:54.256072,Tokyo-426a,39,84,Normal
2026-02-14 14:29:55.256072,Tokyo-426a,46,35,Normal
2026-02-14 14:29:56.256072,Tokyo-426a,6,54,Normal
2026-02-14 14:29:57.256072,Tokyo-426a,32,94,Normal
2026-02-14 14:29:58.256072,Tokyo-426a,-9,23,Normal
2026-02-14 14:29:59.256072,Tokyo-426a,-11,90,Normal
2026-02-14 14:30:00.256072,Tokyo-426a,-1,98,Normal
2026-02-14 14:30:01.256072,Tokyo-426a,32,69,Normal
2026-02-14 14:30:02.256072,Tokyo-426a,31,44,Normal
2026-02-14 14:30:03.256072,Tokyo-426a,46,40,Normal
2026-02-14 14:30:04.256072,Tokyo-426a,-26,20,Normal
2026-02-14 14:30:05.256072,Tokyo-426a,8,92,Normal
2026-02-14 14:30:06.256072,Tokyo-426a,-23,41,Normal
2026-02-14 14:30:07.256072,Tokyo-426a,29,63,Normal
2026-02-14 14:30:08.256072,Tokyo-426a,23,8,Normal
2026-02-14 14:30:09.256072,Tokyo-426a,-13,34,Normal
2026-02-14 14:30:10.256072,Tokyo-426a,-15,49,Normal
2026-02-14 14:30:11.256072,Tokyo-426a,35,80,Normal
2026-02-14 14:30:12.256072,Tokyo-426a,39,50,Normal
2026-02-14 14:30:13.256072,Tokyo-426a,-27,36,Normal
2026-02-14 14:30:14.256072,Tokyo-426a,29,42,Normal
2026-02-14 14:30:15.256072,Tokyo-426a,0,23,Normal
2026-02-14 14:30:16.256072,Tokyo-426a,36,68,Normal
2026-02-14 14:30:17.256072,Tokyo-426a,35,31,Normal
2026-02-14 14:30:18.256072,Tokyo-426a,-27,86,Normal
2026-02-14 14:30:19.256072,Tokyo-426a,49,76,Normal
2026-02-14 14:30:20.256072,Tokyo-426a,-20,24,Normal
2026-02-14 14:30:21.256072,Tokyo-426a,-13,0,Normal
2026-02-14 14:30:22.256072,Tokyo-426a,-16,12,Normal
2026-02-14 14:30:23.256072,Tokyo-426a,18,84,Normal
2026-02-14 14:30:24.256072,Tokyo-426a,16,20,Normal
2026-02-14 14:30:25.256072,Tokyo-426a,11,96,Normal
2026-02-14 14:30:26.256072,Tokyo-426a,-22,86,Normal
2026-02-14 14:30:27.256072,Tokyo-426a,46,87,Normal
2026-02-14 14:30:28.256072,Tokyo-426a,2,76,Normal
