timestamp,station_id,temp,humid,condition
2026-02-15 17:23:37.947330,Tokyo-aebe,48,40,Normal
2026-02-15 17:23:38.947330,Tokyo-aebe,-11,44,Normal
2026-02-15 17:23:39.947330,Tokyo-aebe,-17,85,Normal
2026-02-15 17:23:40.947330,Tokyo-aebe,5,69,Normal
2026-02-15 17:23:41.947330,Tokyo-aebe,24,32,Normal
2026-02-15 17:23:42.947330,Tokyo-aebe,34,51,Normal
2026-02-15 17:23:43.947330,Tokyo-aebe,2,25,Normal
2026-02-15 17:23:44.947330,Tokyo-aebe,49,31,Normal
2026-02-15 17:23:45.947330,Tokyo-aebe,19,36,Normal
2026-02-15 17:23:46.947330,Tokyo-aebe,-21,29,Normal
2026-02-15 17:23:47.947330,Tokyo-aebe,39,20,Normal
2026-02-15 17:23:48.947330,Tokyo-aebe,12,10,Normal
2026-02-15 17:23:49.947330,Tokyo-aebe,-28,13,Normal
2026-02-15 17:23:50.947330,Tokyo-aebe,9,16,Normal
2026-02-15 17:23:51.947330,Tokyo-aebe,-16,82,Normal
2026-02-15 17:23:52.947330,Tokyo-aebe,7,67,Normal
2026-02-15 17:23:53.947330,Tokyo-aebe,9,71,Normal
2026-02-15 17:23:54.947330,Tokyo-aebe,-18,19,Normal
2026-02-15 17:23:55.947330,Tokyo-aebe,7,90,Normal
2026-02-15 17:23:56.947330,Tokyo-aebe,26,26,Normal
2026-02-15 17:23:57.947330,Tokyo-aebe,-4,41,Normal
2026-02-15 17:23:58.947330,Tokyo-aebe,26,77,Normal
2026-02-15 17:23:59.947330,Tokyo-aebe,49,6,Normal
2026-02-15 17:24:00.947330,Tokyo-aebe,13,60,Normal
2026-02-15 17:24:01.947330,Tokyo-aebe,40,61,Normal
2026-02-15 17:24:02.947330,Tokyo-aebe,1,38,Normal
2026-02-15 17:24:03.947330,Tokyo-aebe,35,40,Normal
2026-02-15 17:24:04.947330,Tokyo-aebe,33,22,Normal
2026-02-15 17:24:05.947330,Tokyo-aebe,-19,16,Normal
2026-02-15 17:24:06.947330,Tokyo-aebe,-25,84,Normal
2026-02-15 17:24:07.947330,Tokyo-aebe,43,10,Normal
2026-02-15 17:24:08.947330,Tokyo-aebe,26,84,Normal
2026-02-15 17:24:09.947330,Tokyo-aebe,48,92,Normal
2026-02-15 17:24:10.947330,Tokyo-aebe,-11,40,Normal
2026-02-15 17:24:11.947330,Tokyo-aebe,-29,70,Normal
2026-02-15 17:24:12.947330,Tokyo-aebe,-27,11,Normal
2026-02-15 17:24:13.947330,Tokyo-aebe,-13,51,Normal
2026-02-15 17:24:14.947330,Tokyo-aebe,-24,66,Normal
2026-02-15 17:24:15.947330,Tokyo-aebe,37,90,Normal
2026-02-15 17:24:16.947330,Tokyo-aebe,26,72,Normal
2026-02-15 17:24:17.947330,Tokyo-aebe,-5,25,Normal
2026-02-15 17:24:18.947330,Tokyo-aebe,-11,93,Normal
2026-02-15 17:24:19.947330,Tokyo-aebe,12,66,Normal
2026-02-15 17:24:20.947330,Tokyo-aebe,50,78,Normal
2026-02-15 17:24:21.947330,Tokyo-aebe,18,44,Normal
2026-02-15 17:24:22.947330,Tokyo-aebe,14,10,Normal
2026-02-15 17:24:23.947330,Tokyo-aebe,31,70,Normal
2026-02-15 17:24:24.947330,Tokyo-aebe,-23,37,Normal
2026-02-15 17:24:25.947330,Tokyo-aebe,-18,39,Normal
2026-02-15 17:24:26.947330,Tokyo-aebe,21,7,Normal
2026-02-15 17:24:27.947330,Tokyo-aebe,-1,5,Normal
2026-02-15 17:24:28.947330,Tokyo-aebe,-8,15,Normal
2026-02-15 17:24:29.947330,Tokyo-aebe,47,46,Normal
2026-02-15 17:24:30.947330,Tokyo-aebe,49,63,Normal
2026-02-15 17:24:31.947330,Tokyo-aebe,16,56,Normal
2026-02-15 17:24:32.947330,Tokyo-aebe,46,72,Normal
2026-02-15 17:24:33.947330,Tokyo-aebe,37,83,Normal
2026-02-15 17:24:34.947330,Tokyo-aebe,-27,88,Normal
2026-02-15 17:24:35.947330,Tokyo-aebe,-25,73,Normal
2026-02-15 17:24:36.947330,Tokyo-aebe,16,15,Normal
2026-02-15 17:24:37.947330,Tokyo-aebe,-17,17,Normal
2026-02-15 17:24:38.947330,Tokyo-aebe,2,29,Normal
2026-02-15 17:24:39.947330,Tokyo-aebe,-27,28,Normal
2026-02-15 17:24:40.947330,Tokyo-aebe,30,95,Normal
2026-02-15 17:24:41.947330,Tokyo-aebe,-17,75,Normal
2026-02-15 17:24:42.947330,Tokyo-aebe,-23,75,Normal
2026-02-15 17:24:43.947330,Tokyo-aebe,25,4,Normal
2026-02-15 17:24:44.947330,Tokyo-aebe,-6,68,Normal
2026-02-15 17:24:45.947330,Tokyo-aebe,42,46,Normal
2026-02-15 17:24:46.947330,Tokyo-aebe,45,10,Normal
2026-02-15 17:24:47.947330,Tokyo-aebe,-15,96,Normal
2026-02-15 17:24:48.947330,Tokyo-aebe,48,40,Normal
2026-02-15 17:24:49.947330,Tokyo-aebe,45,68,Normal
2026-02-15 17:24:50.947330,Tokyo-aebe,-19,72,Normal
2026-02-15 17:24:51.947330,Tokyo-aebe,3,51,Normal
2026-02-15 17:24:52.947330,Tokyo-aebe,48,12,Normal
2026-02-15 17:24:53.947330,Tokyo-aebe,-17,94,Normal
2026-02-15 17:24:54.947330,Tokyo-aebe,6,26,Normal
2026-02-15 17:24:55.947330,Tokyo-aebe,22,66,Normal
2026-02-15 17:24:56.947330,Tokyo-aebe,25,99,Normal
2026-02-15 17:24:57.947330,Tokyo-aebe,3,87,Normal
2026-02-15 17:24:58.947330,Tokyo-aebe,-12,43,Normal
2026-02-15 17:24:59.947330,Tokyo-aebe,42,56,Normal
2026-02-15 17:25:00.947330,Tokyo-aebe,36,17,Normal
2026-02-15 17:25:01.947330,Tokyo-aebe,26,51,Normal
2026-02-15 17:25:02.947330,Tokyo-aebe,50,54,Normal
2026-02-15 17:25:03.947330,Tokyo-aebe,26,45,Normal
2026-02-15 17:25:04.947330,Tokyo-aebe,-15,61,Normal
2026-02-15 17:25:05.947330,Tokyo-aebe,48,35,Normal
2026-02-15 17:25:06.947330,Tokyo-aebe,2,97,Normal
2026-02-15 17:25:07.947330,Tokyo-aebe,31,18,Normal
2026-02-15 17:25:08.947330,Tokyo-aebe,-21,41,Normal
2026-02-15 17:25:09.947330,Tokyo-aebe,1,81,Normal
2026-02-15 17:25:10.947330,Tokyo-aebe,14,38,Normal
2026-02-15 17:25:11.947330,Tokyo-aebe,-6,93,Normal
2026-02-15 17:25:12.947330,Tokyo-aebe,-3,65,Normal
2026-02-15 17:25:13.947330,Tokyo-aebe,16,52,Normal
2026-02-15 17:25:14.947330,Tokyo-aebe,43,57,Normal
2026-02-15 17:25:15.947330,Tokyo-aebe,33,36,Normal
2026-02-15 17:25:16.947330,Tokyo-aebe,-27,15,Normal
2026-02-15 17:25:17.947330,Tokyo-aebe,3,26,Normal
2026-02-15 17:25:18.947330,Tokyo-aebe,39,40,Normal
2026-02-15 17:25:19.947330,Tokyo-aebe,18,94,Normal
2026-02-15 17:25:20.947330,Tokyo-aebe,-2,77,Normal
2026-02-15 17:25:21.947330,Tokyo-aebe,-23,26,Normal
2026-02-15 17:25:22.947330,Tokyo-aebe,-11,98,Normal
2026-02-15 17:25:23.947330,Tokyo-aebe,45,43,Normal
2026-02-15 17:25:24.947330,Tokyo-aebe,15,63,Normal
2026-02-15 17:25:25.947330,Tokyo-aebe,42,70,Normal
2026-02-15 17:25:26.947330,Tokyo-aebe,2,31,Normal
2026-02-15 17:25:27.947330,Tokyo-aebe,-13,0,Normal
2026-02-15 17:25:28.947330,Tokyo-aebe,42,98,Normal
2026-02-15 17:25:29.947330,Tokyo-aebe,-22,86,Normal
2026-02-15 17:25:30.947330,Tokyo-aebe,50,57,Normal
2026-02-15 17:25:31.947330,Tokyo-aebe,9,100,Normal
2026-02-15 17:25:32.947330,Tokyo-aebe,42,4,Normal
2026-02-15 17:25:33.947330,Tokyo-aebe,50,57,Normal
2026-02-15 17:25:34.947330,Tokyo-aebe,2,76,Normal
2026-02-15 17:25:35.947330,Tokyo-aebe,-5,85,Normal
2026-02-15 17:25:36.947330,Tokyo-aebe,11,66,Normal
2026-02-15 17:25:37.947330,Tokyo-aebe,-10,34,Normal
2026-02-15 17:25:38.947330,Tokyo-aebe,-25,50,Normal
2026-02-15 17:25:39.947330,Tokyo-aebe,48,69,Normal
2026-02-15 17:25:40.947330,Tokyo-aebe,26,33,Normal
2026-02-15 17:25:41.947330,Tokyo-aebe,26,40,Normal
2026-02-15 17:25:42.947330,Tokyo-aebe,20,82,Normal
2026-02-15 17:25:43.947330,Tokyo-aebe,0,59,Normal
2026-02-15 17:25:44.947330,Tokyo-aebe,27,33,Normal
2026-02-15 17:25:45.947330,Tokyo-aebe,39,11,Normal
2026-02-15 17:25:46.947330,Tokyo-aebe,12,43,Normal
2026-02-15 17:25:47.947330,Tokyo-aebe,49,30,Normal
2026-02-15 17:25:48.947330,Tokyo-aebe,-5,33,Normal
2026-02-15 17:25:49.947330,Tokyo-aebe,-6,86,Normal
2026-02-15 17:25:50.947330,Tokyo-aebe,6,48,Normal
2026-02-15 17:25:51.947330,Tokyo-aebe,30,56,Normal
2026-02-15 17:25:52.947330,Tokyo-aebe,1,63,Normal
2026-02-15 17:25:53.947330,Tokyo-aebe,1,66,Normal
2026-02-15 17:25:54.947330,Tokyo-aebe,0,53,Normal
2026-02-15 17:25:55.947330,Tokyo-aebe,-23,2,Normal
2026-02-15 17:25:56.947330,Tokyo-aebe,36,26,Normal
2026-02-15 17:25:57.947330,Tokyo-aebe,-27,13,Normal
2026-02-15 17:25:58.947330,Tokyo-aebe,-9,49,Normal
2026-02-15 17:25:59.947330,Tokyo-aebe,34,30,Normal
2026-02-15 17:26:00.947330,Tokyo-aebe,15,61,Normal
2026-02-15 17:26:01.947330,Tokyo-aebe,-26,89,Normal
2026-02-15 17:26:02.947330,Tokyo-aebe,0,5,Normal
2026-02-15 17:26:03.947330,Tokyo-aebe,36,79,Normal
2026-02-15 17:26:04.947330,Tokyo-aebe,-2,19,Normal
2026-02-15 17:26:05.947330,Tokyo-aebe,-5,46,Normal
2026-02-15 17:26:06.947330,Tokyo-aebe,-24,10,Normal
2026-02-15 17:26:07.947330,Tokyo-aebe,46,29,Normal
2026-02-15 17:26:08.947330,Tokyo-aebe,26,24,Normal
2026-02-15 17:26:09.947330,Tokyo-aebe,12,91,Normal
2026-02-15 17:26:10.947330,Tokyo-aebe,-4,43,Normal
2026-02-15 17:26:11.947330,Tokyo-aebe,33,33,Normal
2026-02-15 17:26:12.947330,Tokyo-aebe,21,69,Normal
2026-02-15 17:26:13.947330,Tokyo-aebe,-23,15,Normal
2026-02-15 17:26:14.947330,Tokyo-aebe,-23,97,Normal
2026-02-15 17:26:15.947330,Tokyo-aebe,3,71,Normal
2026-02-15 17:26:16.947330,Tokyo-aebe,43,90,Normal
2026-02-15 17:26:17.947330,Tokyo-aebe,-3,91,Normal
2026-02-15 17:26:18.947330,Tokyo-aebe,44,38,Normal
2026-02-15 17:26:19.947330,Tokyo-aebe,13,79,Normal
2026-02-15 17:26:20.947330,Tokyo-aebe,9,80,Normal
2026-02-15 17:26:21.947330,Tokyo-aebe,36,21,Normal
2026-02-15 17:26:22.947330,Tokyo-aebe,-14,57,Normal
2026-02-15 17:26:23.947330,Tokyo-aebe,-26,7,Normal
2026-02-15 17:26:24.947330,Tokyo-aebe,46,8,Normal
2026-02-15 17:26:25.947330,Tokyo-aebe,38,13,Normal
2026-02-15 17:26:26.947330,Tokyo-aebe,42,65,Normal
2026-02-15 17:26:27.947330,Tokyo-aebe,27,76,Normal
2026-02-15 17:26:28.947330,Tokyo-aebe,5,18,Normal
2026-02-15 17:26:29.947330,Tokyo-aebe,5,4,Normal
2026-02-15 17:26:30.947330,Tokyo-aebe,-18,15,Normal
2026-02-15 17:26:31.947330,Tokyo-aebe,14,15,Normal
2026-02-15 17:26:32.947330,Tokyo-aebe,-19,27,Normal
2026-02-15 17:26:33.947330,Tokyo-aebe,-25,11,Normal
2026-02-15 17:26:34.947330,Tokyo-aebe,-27,92,Normal
2026-02-15 17:26:35.947330,Tokyo-aebe,18,85,Normal
2026-02-15 17:26:36.947330,Tokyo-aebe,-6,12,Normal
2026-02-15 17:26:37.947330,Tokyo-aebe,30,17,Normal
2026-02-15 17:26:38.947330,Tokyo-aebe,-23,76,Normal
2026-02-15 17:26:39.947330,Tokyo-aebe,-19,59,Normal
2026-02-15 17:26:40.947330,Tokyo-aebe,-27,33,Normal
2026-02-15 17:26:41.947330,Tokyo-aebe,49,80,Normal
2026-02-15 17:26:42.947330,Tokyo-aebe,36,87,Normal
2026-02-15 17:26:43.947330,Tokyo-aebe,-2,80,Normal
2026-02-15 17:26:44.947330,Tokyo-aebe,19,30,Normal
2026-02-15 17:26:45.947330,Tokyo-aebe,19,51,Normal
2026-02-15 17:26:46.947330,Tokyo-aebe,44,49,Normal
2026-02-15 17:26:47.947330,Tokyo-aebe,-15,18,Normal
2026-02-15 17:26:48.947330,Tokyo-aebe,36,32,Normal
2026-02-15 17:26:49.947330,Tokyo-aebe,26,86,Normal
2026-02-15 17:26:50.947330,Tokyo-aebe,-21,97,Normal
2026-02-15 17:26:51.947330,Tokyo-aebe,-22,24,Normal
2026-02-15 17:26:52.947330,Tokyo-aebe,32,33,Normal
2026-02-15 17:26:53.947330,Tokyo-aebe,-17,15,Normal
2026-02-15 17:26:54.947330,Tokyo-aebe,21,42,Normal
2026-02-15 17:26:55.947330,Tokyo-aebe,26,18,Normal
2026-02-15 17:26:56.947330,Tokyo-aebe,-7,94,Normal
2026-02-15 17:26:57.947330,Tokyo-aebe,-20,52,Normal
2026-02-15 17:26:58.947330,Tokyo-aebe,-24,14,Normal
2026-02-15 17:26:59.947330,Tokyo-aebe,4,15,Normal
2026-02-15 17:27:00.947330,Tokyo-aebe,-23,86,Normal
2026-02-15 17:27:01.947330,Tokyo-aebe,-3,0,Normal
2026-02-15 17:27:02.947330,Tokyo-aebe,-5,49,Normal
2026-02-15 17:27:03.947330,Tokyo-aebe,-6,19,Normal
2026-02-15 17:27:04.947330,Tokyo-aebe,-1,74,Normal
2026-02-15 17:27:05.947330,Tokyo-aebe,34,94,Normal
2026-02-15 17:27:06.947330,Tokyo-aebe,2,6,Normal
2026-02-15 17:27:07.947330,Tokyo-aebe,-11,99,Normal
2026-02-15 17:27:08.947330,Tokyo-aebe,35,31,Normal
2026-02-15 17:27:09.947330,Tokyo-aebe,-6,91,Normal
2026-02-15 17:27:10.947330,Tokyo-aebe,-21,94,Normal
2026-02-15 17:27:11.947330,Tokyo-aebe,-1,65,Normal
2026-02-15 17:27:12.947330,Tokyo-aebe,1,90,Normal
2026-02-15 17:27:13.947330,Tokyo-aebe,6,59,Normal
2026-02-15 17:27:14.947330,Tokyo-aebe,47,71,Normal
2026-02-15 17:27:15.947330,Tokyo-aebe,-27,79,Normal
2026-02-15 17:27:16.947330,Tokyo-aebe,40,59,Normal
2026-02-15 17:27:17.947330,Tokyo-aebe,40,88,Normal
2026-02-15 17:27:18.947330,Tokyo-aebe,-2,21,Normal
2026-02-15 17:27:19.947330,Tokyo-aebe,35,92,Normal
2026-02-15 17:27:20.947330,Tokyo-aebe,-29,78,Normal
2026-02-15 17:27:21.947330,Tokyo-aebe,27,22,Normal
2026-02-15 17:27:22.947330,Tokyo-aebe,-19,73,Normal
2026-02-15 17:27:23.947330,Tokyo-aebe,-24,83,Normal
2026-02-15 17:27:24.947330,Tokyo-aebe,-2,7,Normal
2026-02-15 17:27:25.947330,Tokyo-aebe,28,93,Normal
2026-02-15 17:27:26.947330,Tokyo-aebe,48,37,Normal
2026-02-15 17:27:27.947330,Tokyo-aebe,-23,68,Normal
2026-02-15 17:27:28.947330,Tokyo-aebe,39,6,Normal
2026-02-15 17:27:29.947330,Tokyo-aebe,48,66,Normal
2026-02-15 17:27:30.947330,Tokyo-aebe,27,94,Normal
2026-02-15 17:27:31.947330,Tokyo-aebe,-22,5,Normal
2026-02-15 17:27:32.947330,Tokyo-aebe,12,44,Normal
2026-02-15 17:27:33.947330,Tokyo-aebe,10,64,Normal
2026-02-15 17:27:34.947330,Tokyo-aebe,14,79,Normal
2026-02-15 17:27:35.947330,Tokyo-aebe,45,7,Normal
2026-02-15 17:27:36.947330,Tokyo-aebe,16,71,Normal
2026-02-15 17:27:37.947330,Tokyo-aebe,-19,88,Normal
2026-02-15 17:27:38.947330,Tokyo-aebe,8,94,Normal
2026-02-15 17:27:39.947330,Tokyo-aebe,19,97,Normal
2026-02-15 17:27:40.947330,Tokyo-aebe,13,68,Normal
2026-02-15 17:27:41.947330,Tokyo-aebe,27,100,Normal
2026-02-15 17:27:42.947330,Tokyo-aebe,16,80,Normal
2026-02-15 17:27:43.947330,Tokyo-aebe,1,58,Normal
2026-02-15 17:27:44.947330,Tokyo-aebe,40,47,Normal
2026-02-15 17:27:45.947330,Tokyo-aebe,46,6,Normal
2026-02-15 17:27:46.947330,Tokyo-aebe,-29,4,Normal
2026-02-15 17:27:47.947330,Tokyo-aebe,13,62,Normal
2026-02-15 17:27:48.947330,Tokyo-aebe,33,0,Normal
2026-02-15 17:27:49.947330,Tokyo-aebe,17,36,Normal
2026-02-15 17:27:50.947330,Tokyo-aebe,-7,63,Normal
2026-02-15 17:27:51.947330,Tokyo-aebe,50,82,Normal
2026-02-15 17:27:52.947330,Tokyo-aebe,-18,46,Normal
2026-02-15 17:27:53.947330,Tokyo-aebe,-19,94,Normal
2026-02-15 17:27:54.947330,Tokyo-aebe,24,29,Normal
2026-02-15 17:27:55.947330,Tokyo-aebe,-29,47,Normal
2026-02-15 17:27:56.947330,Tokyo-aebe,30,37,Normal
2026-02-15 17:27:57.947330,Tokyo-aebe,-14,97,Normal
2026-02-15 17:27:58.947330,Tokyo-aebe,47,1,Normal
2026-02-15 17:27:59.947330,Tokyo-aebe,34,45,Normal
2026-02-15 17:28:00.947330,Tokyo-aebe,-11,10,Normal
2026-02-15 17:28:01.947330,Tokyo-aebe,44,0,Normal
2026-02-15 17:28:02.947330,Tokyo-aebe,11,65,Normal
2026-02-15 17:28:03.947330,Tokyo-aebe,0,97,Normal
2026-02-15 17:28:04.947330,Tokyo-aebe,-8,66,Normal
2026-02-15 17:28:05.947330,Tokyo-aebe,-27,98,Normal
2026-02-15 17:28:06.947330,Tokyo-aebe,49,20,Normal
2026-02-15 17:28:07.947330,Tokyo-aebe,3,51,Normal
2026-02-15 17:28:08.947330,Tokyo-aebe,-1,36,Normal
2026-02-15 17:28:09.947330,Tokyo-aebe,-16,98,Normal
2026-02-15 17:28:10.947330,Tokyo-aebe,25,73,Normal
2026-02-15 17:28:11.947330,Tokyo-aebe,-11,3,Normal
2026-02-15 17:28:12.947330,Tokyo-aebe,-4,59,Normal
2026-02-15 17:28:13.947330,Tokyo-aebe,38,48,Normal
2026-02-15 17:28:14.947330,Tokyo-aebe,45,12,Normal
2026-02-15 17:28:15.947330,Tokyo-aebe,38,46,Normal
2026-02-15 17:28:16.947330,Tokyo-aebe,24,37,Normal
2026-02-15 17:28:17.947330,Tokyo-aebe,-10,53,Normal
2026-02-15 17:28:18.947330,Tokyo-aebe,45,43,Normal
2026-02-15 17:28:19.947330,Tokyo-aebe,-3,10,Normal
2026-02-15 17:28:20.947330,Tokyo-aebe,-27,65,Normal
2026-02-15 17:28:21.947330,Tokyo-aebe,-3,57,Normal
2026-02-15 17:28:22.947330,Tokyo-aebe,13,16,Normal
2026-02-15 17:28:23.947330,Tokyo-aebe,-1,43,Normal
2026-02-15 17:28:24.947330,Tokyo-aebe,-29,38,Normal
2026-02-15 17:28:25.947330,Tokyo-aebe,30,87,Normal
2026-02-15 17:28:26.947330,Tokyo-aebe,49,30,Normal
2026-02-15 17:28:27.947330,Tokyo-aebe,11,98,Normal
2026-02-15 17:28:28.947330,Tokyo-aebe,36,12,Normal
2026-02-15 17:28:29.947330,Tokyo-aebe,-18,64,Normal
2026-02-15 17:28:30.947330,Tokyo-aebe,48,2,Normal
2026-02-15 17:28:31.947330,Tokyo-aebe,26,96,Normal
2026-02-15 17:28:32.947330,Tokyo-aebe,41,12,Normal
2026-02-15 17:28:33.947330,Tokyo-aebe,8,56,Normal
2026-02-15 17:28:34.947330,Tokyo-aebe,-1,77,Normal
2026-02-15 17:28:35.947330,Tokyo-aebe,-12,40,Normal
2026-02-15 17:28:36.947330,Tokyo-aebe,-1,86,Normal
2026-02-15 17:28:37.947330,Tokyo-aebe,27,88,Normal
2026-02-15 17:28:38.947330,Tokyo-aebe,28,73,Normal
2026-02-15 17:28:39.947330,Tokyo-aebe,-5,72,Normal
2026-02-15 17:28:40.947330,Tokyo-aebe,-27,80,Normal
2026-02-15 17:28:41.947330,Tokyo-aebe,30,90,Normal
2026-02-15 17:28:42.947330,Tokyo-aebe,-26,17,Normal
2026-02-15 17:28:43.947330,Tokyo-aebe,36,100,Normal
2026-02-15 17:28:44.947330,Tokyo-aebe,-24,83,Normal
2026-02-15 17:28:45.947330,Tokyo-aebe,16,2,Normal
2026-02-15 17:28:46.947330,Tokyo-aebe,45,5,Normal
2026-02-15 17:28:47.947330,Tokyo-aebe,50,10,Normal
2026-02-15 17:28:48.947330,Tokyo-aebe,-29,8,Normal
2026-02-15 17:28:49.947330,Tokyo-aebe,-13,6,Normal
2026-02-15 17:28:50.947330,Tokyo-aebe,-25,4,Normal
2026-02-15 17:28:51.947330,Tokyo-aebe,0,60,Normal
2026-02-15 17:28:52.947330,Tokyo-aebe,-7,84,Normal
2026-02-15 17:28:53.947330,Tokyo-aebe,9,17,Normal
2026-02-15 17:28:54.947330,Tokyo-aebe,-4,55,Normal
2026-02-15 17:28:55.947330,Tokyo-aebe,7,74,Normal
2026-02-15 17:28:56.947330,Tokyo-aebe,-4,77,Normal
2026-02-15 17:28:57.947330,Tokyo-aebe,49,45,Normal
2026-02-15 17:28:58.947330,Tokyo-aebe,47,10,Normal
2026-02-15 17:28:59.947330,Tokyo-aebe,28,44,Normal
2026-02-15 17:29:00.947330,Tokyo-aebe,31,86,Normal
2026-02-15 17:29:01.947330,Tokyo-aebe,-19,94,Normal
2026-02-15 17:29:02.947330,Tokyo-aebe,-19,77,Normal
2026-02-15 17:29:03.947330,Tokyo-aebe,20,67,Normal
2026-02-15 17:29:04.947330,Tokyo-aebe,11,41,Normal
2026-02-15 17:29:05.947330,Tokyo-aebe,-22,27,Normal
2026-02-15 17:29:06.947330,Tokyo-aebe,-28,33,Normal
2026-02-15 17:29:07.947330,Tokyo-aebe,26,75,Normal
2026-02-15 17:29:08.947330,Tokyo-aebe,-28,87,Normal
2026-02-15 17:29:09.947330,Tokyo-aebe,-27,81,Normal
2026-02-15 17:29:10.947330,Tokyo-aebe,18,28,Normal
2026-02-15 17:29:11.947330,Tokyo-aebe,50,20,Normal
2026-02-15 17:29:12.947330,Tokyo-aebe,30,32,Normal
2026-02-15 17:29:13.947330,Tokyo-aebe,-18,89,Normal
2026-02-15 17:29:14.947330,Tokyo-aebe,20,36,Normal
2026-02-15 17:29:15.947330,Tokyo-aebe,-1,40,Normal
2026-02-15 17:29:16.947330,Tokyo-aebe,24,44,Normal
2026-02-15 17:29:17.947330,Tokyo-aebe,8,68,Normal
2026-02-15 17:29:18.947330,Tokyo-aebe,19,13,Normal
2026-02-15 17:29:19.947330,Tokyo-aebe,44,21,Normal
2026-02-15 17:29:20.947330,Tokyo-aebe,16,91,Normal
2026-02-15 17:29:21.947330,Tokyo-aebe,-16,93,Normal
2026-02-15 17:29:22.947330,Tokyo-aebe,19,22,Normal
2026-02-15 17:29:23.947330,Tokyo-aebe,-25,53,Normal
2026-02-15 17:29:24.947330,Tokyo-aebe,45,76,Normal
2026-02-15 17:29:25.947330,Tokyo-aebe,27,62,Normal
2026-02-15 17:29:26.947330,Tokyo-aebe,42,61,Normal
2026-02-15 17:29:27.947330,Tokyo-aebe,-4,69,Normal
2026-02-15 17:29:28.947330,Tokyo-aebe,47,69,Normal
2026-02-15 17:29:29.947330,Tokyo-aebe,32,95,Normal
2026-02-15 17:29:30.947330,Tokyo-aebe,29,100,Normal
2026-02-15 17:29:31.947330,Tokyo-aebe,19,15,Normal
2026-02-15 17:29:32.947330,Tokyo-aebe,17,34,Normal
2026-02-15 17:29:33.947330,Tokyo-aebe,38,37,Normal
2026-02-15 17:29:34.947330,Tokyo-aebe,-18,58,Normal
2026-02-15 17:29:35.947330,Tokyo-aebe,-12,85,Normal
2026-02-15 17:29:36.947330,Tokyo-aebe,29,41,Normal
2026-02-15 17:29:37.947330,Tokyo-aebe,-21,77,Normal
2026-02-15 17:29:38.947330,Tokyo-aebe,31,55,Normal
2026-02-15 17:29:39.947330,Tokyo-aebe,13,46,Normal
2026-02-15 17:29:40.947330,Tokyo-aebe,-15,79,Normal
2026-02-15 17:29:41.947330,Tokyo-aebe,-22,88,Normal
2026-02-15 17:29:42.947330,Tokyo-aebe,27,81,Normal
2026-02-15 17:29:43.947330,Tokyo-aebe,-13,10,Normal
2026-02-15 17:29:44.947330,Tokyo-aebe,4,94,Normal
2026-02-15 17:29:45.947330,Tokyo-aebe,9,52,Normal
2026-02-15 17:29:46.947330,Tokyo-aebe,3,97,Normal
2026-02-15 17:29:47.947330,Tokyo-aebe,-22,60,Normal
2026-02-15 17:29:48.947330,Tokyo-aebe,-5,82,Normal
2026-02-15 17:29:49.947330,Tokyo-aebe,28,12,Normal
2026-02-15 17:29:50.947330,Tokyo-aebe,40,21,Normal
2026-02-15 17:29:51.947330,Tokyo-aebe,10,95,Normal
2026-02-15 17:29:52.947330,Tokyo-aebe,8,75,Normal
2026-02-15 17:29:53.947330,Tokyo-aebe,-4,16,Normal
2026-02-15 17:29:54.947330,Tokyo-aebe,-20,90,Normal
2026-02-15 17:29:55.947330,Tokyo-aebe,-28,38,Normal
2026-02-15 17:29:56.947330,Tokyo-aebe,-30,47,Normal
2026-02-15 17:29:57.947330,Tokyo-aebe,-15,19,Normal
2026-02-15 17:29:58.947330,Tokyo-aebe,22,78,Normal
2026-02-15 17:29:59.947330,Tokyo-aebe,22,34,Normal
2026-02-15 17:30:00.947330,Tokyo-aebe,-1,64,Normal
2026-02-15 17:30:01.947330,Tokyo-aebe,4,30,Normal
2026-02-15 17:30:02.947330,Tokyo-aebe,-17,76,Normal
2026-02-15 17:30:03.947330,Tokyo-aebe,-13,20,Normal
2026-02-15 17:30:04.947330,Tokyo-aebe,42,4,Normal
2026-02-15 17:30:05.947330,Tokyo-aebe,14,59,Normal
2026-02-15 17:30:06.947330,Tokyo-aebe,26,90,Normal
2026-02-15 17:30:07.947330,Tokyo-aebe,9,36,Normal
2026-02-15 17:30:08.947330,Tokyo-aebe,17,32,Normal
2026-02-15 17:30:09.947330,Tokyo-aebe,32,49,Normal
2026-02-15 17:30:10.947330,Tokyo-aebe,-20,97,Normal
2026-02-15 17:30:11.947330,Tokyo-aebe,-23,50,Normal
2026-02-15 17:30:12.947330,Tokyo-aebe,33,20,Normal
2026-02-15 17:30:13.947330,Tokyo-aebe,-10,65,Normal
2026-02-15 17:30:14.947330,Tokyo-aebe,31,56,Normal
2026-02-15 17:30:15.947330,Tokyo-aebe,-13,71,Normal
2026-02-15 17:30:16.947330,Tokyo-aebe,7,93,Normal
2026-02-15 17:30:17.947330,Tokyo-aebe,18,97,Normal
2026-02-15 17:30:18.947330,Tokyo-aebe,13,36,Normal
2026-02-15 17:30:19.947330,Tokyo-aebe,-5,60,Normal
2026-02-15 17:30:20.947330,Tokyo-aebe,45,21,Normal
2026-02-15 17:30:21.947330,Tokyo-aebe,-8,44,Normal
2026-02-15 17:30:22.947330,Tokyo-aebe,1,69,Normal
2026-02-15 17:30:23.947330,Tokyo-aebe,-19,90,Normal
2026-02-15 17:30:24.947330,Tokyo-aebe,46,19,Normal
2026-02-15 17:30:25.947330,Tokyo-aebe,30,65,Normal
2026-02-15 17:30:26.947330,Tokyo-aebe,27,74,Normal
2026-02-15 17:30:27.947330,Tokyo-aebe,-12,90,Normal
2026-02-15 17:30:28.947330,Tokyo-aebe,30,50,Normal
2026-02-15 17:30:29.947330,Tokyo-aebe,42,45,Normal
2026-02-15 17:30:30.947330,Tokyo-aebe,-16,73,Normal
2026-02-15 17:30:31.947330,Tokyo-aebe,39,38,Normal
2026-02-15 17:30:32.947330,Tokyo-aebe,46,50,Normal
2026-02-15 17:30:33.947330,Tokyo-aebe,-6,78,Normal
2026-02-15 17:30:34.947330,Tokyo-aebe,11,10,Normal
2026-02-15 17:30:35.947330,Tokyo-aebe,18,81,Normal
2026-02-15 17:30:36.947330,Tokyo-aebe,-13,99,Normal
2026-02-15 17:30:37.947330,Tokyo-aebe,-13,100,Normal
2026-02-15 17:30:38.947330,Tokyo-aebe,33,50,Normal
2026-02-15 17:30:39.947330,Tokyo-aebe,11,84,Normal
2026-02-15 17:30:40.947330,Tokyo-aebe,34,23,Normal
2026-02-15 17:30:41.947330,Tokyo-aebe,37,64,Normal
2026-02-15 17:30:42.947330,Tokyo-aebe,-14,88,Normal
2026-02-15 17:30:43.947330,Tokyo-aebe,18,66,Normal
2026-02-15 17:30:44.947330,Tokyo-aebe,36,36,Normal
2026-02-15 17:30:45.947330,Tokyo-aebe,-19,82,Normal
2026-02-15 17:30:46.947330,Tokyo-aebe,-16,67,Normal
2026-02-15 17:30:47.947330,Tokyo-aebe,-28,35,Normal
2026-02-15 17:30:48.947330,Tokyo-aebe,-14,69,Normal
2026-02-15 17:30:49.947330,Tokyo-aebe,35,68,Normal
2026-02-15 17:30:50.947330,Tokyo-aebe,10,56,Normal
2026-02-15 17:30:51.947330,Tokyo-aebe,-9,70,Normal
2026-02-15 17:30:52.947330,Tokyo-aebe,-22,75,Normal
2026-02-15 17:30:53.947330,Tokyo-aebe,47,47,Normal
2026-02-15 17:30:54.947330,Tokyo-aebe,32,48,Normal
2026-02-15 17:30:55.947330,Tokyo-aebe,3,6,Normal
2026-02-15 17:30:56.947330,Tokyo-aebe,23,49,Normal
2026-02-15 17:30:57.947330,Tokyo-aebe,-12,33,Normal
2026-02-15 17:30:58.947330,Tokyo-aebe,28,43,Normal
2026-02-15 17:30:59.947330,Tokyo-aebe,19,88,Normal
2026-02-15 17:31:00.947330,Tokyo-aebe,-21,35,Normal
2026-02-15 17:31:01.947330,Tokyo-aebe,50,73,Normal
2026-02-15 17:31:02.947330,Tokyo-aebe,-9,93,Normal
2026-02-15 17:31:03.947330,Tokyo-aebe,37,98,Normal
2026-02-15 17:31:04.947330,Tokyo-aebe,26,1,Normal
2026-02-15 17:31:05.947330,Tokyo-aebe,-19,38,Normal
2026-02-15 17:31:06.947330,Tokyo-aebe,49,18,Normal
2026-02-15 17:31:07.947330,Tokyo-aebe,25,83,Normal
2026-02-15 17:31:08.947330,Tokyo-aebe,-7,9,Normal
2026-02-15 17:31:09.947330,Tokyo-aebe,-11,60,Normal
2026-02-15 17:31:10.947330,Tokyo-aebe,-21,88,Normal
2026-02-15 17:31:11.947330,Tokyo-aebe,37,72,Normal
2026-02-15 17:31:12.947330,Tokyo-aebe,7,53,Normal
2026-02-15 17:31:13.947330,Tokyo-aebe,-4,53,Normal
2026-02-15 17:31:14.947330,Tokyo-aebe,-25,41,Normal
2026-02-15 17:31:15.947330,Tokyo-aebe,-7,57,Normal
2026-02-15 17:31:16.947330,Tokyo-aebe,-26,25,Normal
2026-02-15 17:31:17.947330,Tokyo-aebe,-25,88,Normal
2026-02-15 17:31:18.947330,Tokyo-aebe,-5,87,Normal
2026-02-15 17:31:19.947330,Tokyo-aebe,-30,40,Normal
2026-02-15 17:31:20.947330,Tokyo-aebe,-12,47,Normal
2026-02-15 17:31:21.947330,Tokyo-aebe,-9,90,Normal
2026-02-15 17:31:22.947330,Tokyo-aebe,3,53,Normal
2026-02-15 17:31:23.947330,Tokyo-aebe,-16,95,Normal
2026-02-15 17:31:24.947330,Tokyo-aebe,-22,95,Normal
2026-02-15 17:31:25.947330,Tokyo-aebe,-2,96,Normal
2026-02-15 17:31:26.947330,Tokyo-aebe,37,55,Normal
2026-02-15 17:31:27.947330,Tokyo-aebe,20,26,Normal
2026-02-15 17:31:28.947330,Tokyo-aebe,15,40,Normal
2026-02-15 17:31:29.947330,Tokyo-aebe,7,4,Normal
2026-02-15 17:31:30.947330,Tokyo-aebe,3,23,Normal
2026-02-15 17:31:31.947330,Tokyo-aebe,20,73,Normal
2026-02-15 17:31:32.947330,Tokyo-aebe,15,77,Normal
2026-02-15 17:31:33.947330,Tokyo-aebe,12,7,Normal
2026-02-15 17:31:34.947330,Tokyo-aebe,49,5,Normal
2026-02-15 17:31:35.947330,Tokyo-aebe,27,90,Normal
2026-02-15 17:31:36.947330,Tokyo-aebe,18,100,Normal
2026-02-15 17:31:37.947330,Tokyo-aebe,34,31,Normal
2026-02-15 17:31:38.947330,Tokyo-aebe,0,3,Normal
2026-02-15 17:31:39.947330,Tokyo-aebe,49,91,Normal
2026-02-15 17:31:40.947330,Tokyo-aebe,32,17,Normal
2026-02-15 17:31:41.947330,Tokyo-aebe,29,27,Normal
2026-02-15 17:31:42.947330,Tokyo-aebe,30,73,Normal
2026-02-15 17:31:43.947330,Tokyo-aebe,-29,16,Normal
2026-02-15 17:31:44.947330,Tokyo-aebe,2,84,Normal
2026-02-15 17:31:45.947330,Tokyo-aebe,18,9,Normal
2026-02-15 17:31:46.947330,Tokyo-aebe,11,7,Normal
2026-02-15 17:31:47.947330,Tokyo-aebe,25,49,Normal
2026-02-15 17:31:48.947330,Tokyo-aebe,33,91,Normal
2026-02-15 17:31:49.947330,Tokyo-aebe,15,100,Normal
2026-02-15 17:31:50.947330,Tokyo-aebe,30,67,Normal
2026-02-15 17:31:51.947330,Tokyo-aebe,35,81,Normal
2026-02-15 17:31:52.947330,Tokyo-aebe,20,9,Normal
2026-02-15 17:31:53.947330,Tokyo-aebe,-6,32,Normal
2026-02-15 17:31:54.947330,Tokyo-aebe,14,52,Normal
2026-02-15 17:31:55.947330,Tokyo-aebe,28,10,Normal
2026-02-15 17:31:56.947330,Tokyo-aebe,18,31,Normal
2026-02-15 17:31:57.947330,Tokyo-aebe,-27,92,Normal
2026-02-15 17:31:58.947330,Tokyo-aebe,2,77,Normal
2026-02-15 17:31:59.947330,Tokyo-aebe,-8,19,Normal
2026-02-15 17:32:00.947330,Tokyo-aebe,39,95,Normal
2026-02-15 17:32:01.947330,Tokyo-aebe,-7,36,Normal
2026-02-15 17:32:02.947330,Tokyo-aebe,11,39,Normal
2026-02-15 17:32:03.947330,Tokyo-aebe,22,23,Normal
2026-02-15 17:32:04.947330,Tokyo-aebe,-30,54,Normal
2026-02-15 17:32:05.947330,Tokyo-aebe,10,72,Normal
2026-02-15 17:32:06.947330,Tokyo-aebe,34,83,Normal
2026-02-15 17:32:07.947330,Tokyo-aebe,-20,72,Normal
2026-02-15 17:32:08.947330,Tokyo-aebe,33,42,Normal
2026-02-15 17:32:09.947330,Tokyo-aebe,-1,58,Normal
2026-02-15 17:32:10.947330,Tokyo-aebe,-6,53,Normal
2026-02-15 17:32:11.947330,Tokyo-aebe,-30,12,Normal
2026-02-15 17:32:12.947330,Tokyo-aebe,-8,8,Normal
2026-02-15 17:32:13.947330,Tokyo-aebe,39,70,Normal
2026-02-15 17:32:14.947330,Tokyo-aebe,28,25,Normal
2026-02-15 17:32:15.947330,Tokyo-aebe,31,22,Normal
2026-02-15 17:32:16.947330,Tokyo-aebe,33,12,Normal
2026-02-15 17:32:17.947330,Tokyo-aebe,11,39,Normal
2026-02-15 17:32:18.947330,Tokyo-aebe,-3,93,Normal
2026-02-15 17:32:19.947330,Tokyo-aebe,-6,28,Normal
2026-02-15 17:32:20.947330,Tokyo-aebe,9,51,Normal
2026-02-15 17:32:21.947330,Tokyo-aebe,5,14,Normal
2026-02-15 17:32:22.947330,Tokyo-aebe,19,95,Normal
2026-02-15 17:32:23.947330,Tokyo-aebe,47,1,Normal
2026-02-15 17:32:24.947330,Tokyo-aebe,43,1,Normal
2026-02-15 17:32:25.947330,Tokyo-aebe,-4,11,Normal
2026-02-15 17:32:26.947330,Tokyo-aebe,40,55,Normal
2026-02-15 17:32:27.947330,Tokyo-aebe,9,91,Normal
2026-02-15 17:32:28.947330,Tokyo-aebe,0,43,Normal
2026-02-15 17:32:29.947330,Tokyo-aebe,22,67,Normal
2026-02-15 17:32:30.947330,Tokyo-aebe,8,97,Normal
2026-02-15 17:32:31.947330,Tokyo-aebe,-10,59,Normal
2026-02-15 17:32:32.947330,Tokyo-aebe,-18,52,Normal
2026-02-15 17:32:33.947330,Tokyo-aebe,5,22,Normal
2026-02-15 17:32:34.947330,Tokyo-aebe,-25,85,Normal
2026-02-15 17:32:35.947330,Tokyo-aebe,-1,13,Normal
2026-02-15 17:32:36.947330,Tokyo-aebe,3,35,Normal
2026-02-15 17:32:37.947330,Tokyo-aebe,-15,94,Normal
2026-02-15 17:32:38.947330,Tokyo-aebe,40,47,Normal
2026-02-15 17:32:39.947330,Tokyo-aebe,-9,43,Normal
2026-02-15 17:32:40.947330,Tokyo-aebe,-6,63,Normal
2026-02-15 17:32:41.947330,Tokyo-aebe,-10,48,Normal
2026-02-15 17:32:42.947330,Tokyo-aebe,6,7,Normal
2026-02-15 17:32:43.947330,Tokyo-aebe,16,91,Normal
2026-02-15 17:32:44.947330,Tokyo-aebe,8,6,Normal
2026-02-15 17:32:45.947330,Tokyo-aebe,-29,80,Normal
2026-02-15 17:32:46.947330,Tokyo-aebe,-2,61,Normal
2026-02-15 17:32:47.947330,Tokyo-aebe,-27,9,Normal
2026-02-15 17:32:48.947330,Tokyo-aebe,38,78,Normal
2026-02-15 17:32:49.947330,Tokyo-aebe,48,49,Normal
2026-02-15 17:32:50.947330,Tokyo-aebe,-24,88,Normal
2026-02-15 17:32:51.947330,Tokyo-aebe,-30,10,Normal
2026-02-15 17:32:52.947330,Tokyo-aebe,-23,72,Normal
2026-02-15 17:32:53.947330,Tokyo-aebe,-21,82,Normal
2026-02-15 17:32:54.947330,Tokyo-aebe,42,3,Normal
2026-02-15 17:32:55.947330,Tokyo-aebe,28,23,Normal
2026-02-15 17:32:56.947330,Tokyo-aebe,20,35,Normal
2026-02-15 17:32:57.947330,Tokyo-aebe,35,84,Normal
2026-02-15 17:32:58.947330,Tokyo-aebe,14,51,Normal
2026-02-15 17:32:59.947330,Tokyo-aebe,24,35,Normal
2026-02-15 17:33:00.947330,Tokyo-aebe,-16,23,Normal
2026-02-15 17:33:01.947330,Tokyo-aebe,31,19,Normal
2026-02-15 17:33:02.947330,Tokyo-aebe,12,65,Normal
2026-02-15 17:33:03.947330,Tokyo-aebe,20,34,Normal
2026-02-15 17:33:04.947330,Tokyo-aebe,-20,65,Normal
2026-02-15 17:33:05.947330,Tokyo-aebe,15,63,Normal
2026-02-15 17:33:06.947330,Tokyo-aebe,31,89,Normal
2026-02-15 17:33:07.947330,Tokyo-aebe,44,50,Normal
2026-02-15 17:33:08.947330,Tokyo-aebe,22,4,Normal
2026-02-15 17:33:09.947330,Tokyo-aebe,-13,30,Normal
2026-02-15 17:33:10.947330,Tokyo-aebe,15,85,Normal
2026-02-15 17:33:11.947330,Tokyo-aebe,-2,11,Normal
2026-02-15 17:33:12.947330,Tokyo-aebe,-14,18,Normal
2026-02-15 17:33:13.947330,Tokyo-aebe,16,92,Normal
2026-02-15 17:33:14.947330,Tokyo-aebe,-13,34,Normal
2026-02-15 17:33:15.947330,Tokyo-aebe,30,76,Normal
2026-02-15 17:33:16.947330,Tokyo-aebe,22,90,Normal
2026-02-15 17:33:17.947330,Tokyo-aebe,-23,79,Normal
2026-02-15 17:33:18.947330,Tokyo-aebe,-21,76,Normal
2026-02-15 17:33:19.947330,Tokyo-aebe,-22,18,Normal
2026-02-15 17:33:20.947330,Tokyo-aebe,12,64,Normal
2026-02-15 17:33:21.947330,Tokyo-aebe,16,28,Normal
2026-02-15 17:33:22.947330,Tokyo-aebe,3,48,Normal
2026-02-15 17:33:23.947330,Tokyo-aebe,29,47,Normal
2026-02-15 17:33:24.947330,Tokyo-aebe,-15,22,Normal
2026-02-15 17:33:25.947330,Tokyo-aebe,6,8,Normal
2026-02-15 17:33:26.947330,Tokyo-aebe,29,44,Normal
2026-02-15 17:33:27.947330,Tokyo-aebe,7,33,Normal
2026-02-15 17:33:28.947330,Tokyo-aebe,40,20,Normal
2026-02-15 17:33:29.947330,Tokyo-aebe,4,11,Normal
2026-02-15 17:33:30.947330,Tokyo-aebe,-13,96,Normal
2026-02-15 17:33:31.947330,Tokyo-aebe,13,51,Normal
2026-02-15 17:33:32.947330,Tokyo-aebe,20,41,Normal
2026-02-15 17:33:33.947330,Tokyo-aebe,15,0,Normal
2026-02-15 17:33:34.947330,Tokyo-aebe,39,45,Normal
2026-02-15 17:33:35.947330,Tokyo-aebe,-3,25,Normal
2026-02-15 17:33:36.947330,Tokyo-aebe,16,93,Normal
2026-02-15 17:33:37.947330,Tokyo-aebe,9,60,Normal
2026-02-15 17:33:38.947330,Tokyo-aebe,31,19,Normal
2026-02-15 17:33:39.947330,Tokyo-aebe,21,57,Normal
2026-02-15 17:33:40.947330,Tokyo-aebe,3,36,Normal
2026-02-15 17:33:41.947330,Tokyo-aebe,16,78,Normal
2026-02-15 17:33:42.947330,Tokyo-aebe,30,82,Normal
2026-02-15 17:33:43.947330,Tokyo-aebe,-4,86,Normal
2026-02-15 17:33:44.947330,Tokyo-aebe,5,46,Normal
2026-02-15 17:33:45.947330,Tokyo-aebe,-28,9,Normal
2026-02-15 17:33:46.947330,Tokyo-aebe,-11,81,Normal
2026-02-15 17:33:47.947330,Tokyo-aebe,31,68,Normal
2026-02-15 17:33:48.947330,Tokyo-aebe,-5,33,Normal
2026-02-15 17:33:49.947330,Tokyo-aebe,10,4,Normal
2026-02-15 17:33:50.947330,Tokyo-aebe,14,97,Normal
2026-02-15 17:33:51.947330,Tokyo-aebe,28,64,Normal
2026-02-15 17:33:52.947330,Tokyo-aebe,16,17,Normal
2026-02-15 17:33:53.947330,Tokyo-aebe,-28,4,Normal
2026-02-15 17:33:54.947330,Tokyo-aebe,47,16,Normal
2026-02-15 17:33:55.947330,Tokyo-aebe,-8,46,Normal
2026-02-15 17:33:56.947330,Tokyo-aebe,25,95,Normal
2026-02-15 17:33:57.947330,Tokyo-aebe,28,18,Normal
2026-02-15 17:33:58.947330,Tokyo-aebe,1,93,Normal
2026-02-15 17:33:59.947330,Tokyo-aebe,-21,72,Normal
2026-02-15 17:34:00.947330,Tokyo-aebe,11,53,Normal
2026-02-15 17:34:01.947330,Tokyo-aebe,28,70,Normal
2026-02-15 17:34:02.947330,Tokyo-aebe,1,75,Normal
2026-02-15 17:34:03.947330,Tokyo-aebe,50,38,Normal
2026-02-15 17:34:04.947330,Tokyo-aebe,-16,27,Normal
2026-02-15 17:34:05.947330,Tokyo-aebe,-27,93,Normal
2026-02-15 17:34:06.947330,Tokyo-aebe,40,79,Normal
2026-02-15 17:34:07.947330,Tokyo-aebe,22,97,Normal
2026-02-15 17:34:08.947330,Tokyo-aebe,-12,53,Normal
2026-02-15 17:34:09.947330,Tokyo-aebe,-3,13,Normal
2026-02-15 17:34:10.947330,Tokyo-aebe,17,78,Normal
2026-02-15 17:34:11.947330,Tokyo-aebe,34,13,Normal
2026-02-15 17:34:12.947330,Tokyo-aebe,5,92,Normal
2026-02-15 17:34:13.947330,Tokyo-aebe,8,20,Normal
2026-02-15 17:34:14.947330,Tokyo-aebe,31,23,Normal
2026-02-15 17:34:15.947330,Tokyo-aebe,-25,26,Normal
2026-02-15 17:34:16.947330,Tokyo-aebe,19,62,Normal
2026-02-15 17:34:17.947330,Tokyo-aebe,43,28,Normal
2026-02-15 17:34:18.947330,Tokyo-aebe,-8,39,Normal
2026-02-15 17:34:19.947330,Tokyo-aebe,-22,35,Normal
2026-02-15 17:34:20.947330,Tokyo-aebe,22,3,Normal
2026-02-15 17:34:21.947330,Tokyo-aebe,-7,30,Normal
2026-02-15 17:34:22.947330,Tokyo-aebe,27,64,Normal
2026-02-15 17:34:23.947330,Tokyo-aebe,-30,78,Normal
2026-02-15 17:34:24.947330,Tokyo-aebe,50,46,Normal
2026-02-15 17:34:25.947330,Tokyo-aebe,26,48,Normal
2026-02-15 17:34:26.947330,Tokyo-aebe,12,23,Normal
2026-02-15 17:34:27.947330,Tokyo-aebe,14,33,Normal
2026-02-15 17:34:28.947330,Tokyo-aebe,-9,17,Normal
2026-02-15 17:34:29.947330,Tokyo-aebe,42,7,Normal
2026-02-15 17:34:30.947330,Tokyo-aebe,21,48,Normal
2026-02-15 17:34:31.947330,Tokyo-aebe,43,100,Normal
2026-02-15 17:34:32.947330,Tokyo-aebe,16,83,Normal
2026-02-15 17:34:33.947330,Tokyo-aebe,32,52,Normal
2026-02-15 17:34:34.947330,Tokyo-aebe,41,93,Normal
2026-02-15 17:34:35.947330,Tokyo-aebe,23,75,Normal
2026-02-15 17:34:36.947330,Tokyo-aebe,26,89,Normal
2026-02-15 17:34:37.947330,Tokyo-aebe,37,7,Normal
2026-02-15 17:34:38.947330,Tokyo-aebe,49,33,Normal
2026-02-15 17:34:39.947330,Tokyo-aebe,5,68,Normal
2026-02-15 17:34:40.947330,Tokyo-aebe,38,66,Normal
2026-02-15 17:34:41.947330,Tokyo-aebe,-3,10,Normal
2026-02-15 17:34:42.947330,Tokyo-aebe,-27,11,Normal
2026-02-15 17:34:43.947330,Tokyo-aebe,15,32,Normal
2026-02-15 17:34:44.947330,Tokyo-aebe,46,85,Normal
2026-02-15 17:34:45.947330,Tokyo-aebe,30,43,Normal
2026-02-15 17:34:46.947330,Tokyo-aebe,12,57,Normal
2026-02-15 17:34:47.947330,Tokyo-aebe,43,86,Normal
2026-02-15 17:34:48.947330,Tokyo-aebe,33,89,Normal
2026-02-15 17:34:49.947330,Tokyo-aebe,-26,2,Normal
2026-02-15 17:34:50.947330,Tokyo-aebe,30,13,Normal
2026-02-15 17:34:51.947330,Tokyo-aebe,25,24,Normal
2026-02-15 17:34:52.947330,Tokyo-aebe,48,81,Normal
2026-02-15 17:34:53.947330,Tokyo-aebe,3,34,Normal
2026-02-15 17:34:54.947330,Tokyo-aebe,35,41,Normal
2026-02-15 17:34:55.947330,Tokyo-aebe,43,79,Normal
2026-02-15 17:34:56.947330,Tokyo-aebe,44,62,Normal
2026-02-15 17:34:57.947330,Tokyo-aebe,1,35,Normal
2026-02-15 17:34:58.947330,Tokyo-aebe,-8,55,Normal
2026-02-15 17:34:59.947330,Tokyo-aebe,40,29,Normal
2026-02-15 17:35:00.947330,Tokyo-aebe,45,34,Normal
2026-02-15 17:35:01.947330,Tokyo-aebe,21,23,Normal
2026-02-15 17:35:02.947330,Tokyo-aebe,46,33,Normal
2026-02-15 17:35:03.947330,Tokyo-aebe,-9,44,Normal
2026-02-15 17:35:04.947330,Tokyo-aebe,43,41,Normal
2026-02-15 17:35:05.947330,Tokyo-aebe,16,80,Normal
2026-02-15 17:35:06.947330,Tokyo-aebe,-7,49,Normal
2026-02-15 17:35:07.947330,Tokyo-aebe,47,71,Normal
2026-02-15 17:35:08.947330,Tokyo-aebe,-12,63,Normal
2026-02-15 17:35:09.947330,Tokyo-aebe,49,24,Normal
2026-02-15 17:35:10.947330,Tokyo-aebe,24,28,Normal
2026-02-15 17:35:11.947330,Tokyo-aebe,-4,86,Normal
2026-02-15 17:35:12.947330,Tokyo-aebe,-18,73,Normal
2026-02-15 17:35:13.947330,Tokyo-aebe,31,61,Normal
2026-02-15 17:35:14.947330,Tokyo-aebe,9,89,Normal
2026-02-15 17:35:15.947330,Tokyo-aebe,-18,29,Normal
2026-02-15 17:35:16.947330,Tokyo-aebe,28,84,Normal
2026-02-15 17:35:17.947330,Tokyo-aebe,33,94,Normal
2026-02-15 17:35:18.947330,Tokyo-aebe,9,33,Normal
2026-02-15 17:35:19.947330,Tokyo-aebe,3,37,Normal
2026-02-15 17:35:20.947330,Tokyo-aebe,-11,9,Normal
2026-02-15 17:35:21.947330,Tokyo-aebe,-3,69,Normal
2026-02-15 17:35:22.947330,Tokyo-aebe,-23,43,Normal
2026-02-15 17:35:23.947330,Tokyo-aebe,44,18,Normal
2026-02-15 17:35:24.947330,Tokyo-aebe,18,84,Normal
2026-02-15 17:35:25.947330,Tokyo-aebe,-13,70,Normal
2026-02-15 17:35:26.947330,Tokyo-aebe,44,49,Normal
2026-02-15 17:35:27.947330,Tokyo-aebe,-25,60,Normal
2026-02-15 17:35:28.947330,Tokyo-aebe,-2,76,Normal
2026-02-15 17:35:29.947330,Tokyo-aebe,19,42,Normal
2026-02-15 17:35:30.947330,Tokyo-aebe,29,69,Normal
2026-02-15 17:35:31.947330,Tokyo-aebe,-6,14,Normal
2026-02-15 17:35:32.947330,Tokyo-aebe,1,24,Normal
2026-02-15 17:35:33.947330,Tokyo-aebe,40,68,Normal
2026-02-15 17:35:34.947330,Tokyo-aebe,1,86,Normal
2026-02-15 17:35:35.947330,Tokyo-aebe,-9,73,Normal
2026-02-15 17:35:36.947330,Tokyo-aebe,27,2,Normal
2026-02-15 17:35:37.947330,Tokyo-aebe,21,1,Normal
2026-02-15 17:35:38.947330,Tokyo-aebe,-30,1,Normal
2026-02-15 17:35:39.947330,Tokyo-aebe,-23,26,Normal
2026-02-15 17:35:40.947330,Tokyo-aebe,22,81,Normal
2026-02-15 17:35:41.947330,Tokyo-aebe,-5,76,Normal
2026-02-15 17:35:42.947330,Tokyo-aebe,46,67,Normal
2026-02-15 17:35:43.947330,Tokyo-aebe,43,63,Normal
2026-02-15 17:35:44.947330,Tokyo-aebe,-5,77,Normal
2026-02-15 17:35:45.947330,Tokyo-aebe,49,89,Normal
2026-02-15 17:35:46.947330,Tokyo-aebe,-23,54,Normal
2026-02-15 17:35:47.947330,Tokyo-aebe,-3,58,Normal
2026-02-15 17:35:48.947330,Tokyo-aebe,31,53,Normal
2026-02-15 17:35:49.947330,Tokyo-aebe,-20,92,Normal
2026-02-15 17:35:50.947330,Tokyo-aebe,-20,96,Normal
2026-02-15 17:35:51.947330,Tokyo-aebe,-4,35,Normal
2026-02-15 17:35:52.947330,Tokyo-aebe,21,15,Normal
2026-02-15 17:35:53.947330,Tokyo-aebe,18,74,Normal
2026-02-15 17:35:54.947330,Tokyo-aebe,30,90,Normal
2026-02-15 17:35:55.947330,Tokyo-aebe,47,72,Normal
2026-02-15 17:35:56.947330,Tokyo-aebe,37,77,Normal
2026-02-15 17:35:57.947330,Tokyo-aebe,-14,21,Normal
2026-02-15 17:35:58.947330,Tokyo-aebe,-16,92,Normal
2026-02-15 17:35:59.947330,Tokyo-aebe,28,27,Normal
2026-02-15 17:36:00.947330,Tokyo-aebe,-23,12,Normal
2026-02-15 17:36:01.947330,Tokyo-aebe,40,17,Normal
2026-02-15 17:36:02.947330,Tokyo-aebe,2,56,Normal
2026-02-15 17:36:03.947330,Tokyo-aebe,27,79,Normal
2026-02-15 17:36:04.947330,Tokyo-aebe,-6,84,Normal
2026-02-15 17:36:05.947330,Tokyo-aebe,37,50,Normal
2026-02-15 17:36:06.947330,Tokyo-aebe,39,67,Normal
2026-02-15 17:36:07.947330,Tokyo-aebe,-21,10,Normal
2026-02-15 17:36:08.947330,Tokyo-aebe,-17,79,Normal
2026-02-15 17:36:09.947330,Tokyo-aebe,6,92,Normal
2026-02-15 17:36:10.947330,Tokyo-aebe,-4,75,Normal
2026-02-15 17:36:11.947330,Tokyo-aebe,-7,55,Normal
2026-02-15 17:36:12.947330,Tokyo-aebe,48,30,Normal
2026-02-15 17:36:13.947330,Tokyo-aebe,47,73,Normal
2026-02-15 17:36:14.947330,Tokyo-aebe,-16,74,Normal
2026-02-15 17:36:15.947330,Tokyo-aebe,24,10,Normal
2026-02-15 17:36:16.947330,Tokyo-aebe,34,99,Normal
2026-02-15 17:36:17.947330,Tokyo-aebe,-6,11,Normal
2026-02-15 17:36:18.947330,Tokyo-aebe,-13,48,Normal
2026-02-15 17:36:19.947330,Tokyo-aebe,37,85,Normal
2026-02-15 17:36:20.947330,Tokyo-aebe,6,97,Normal
2026-02-15 17:36:21.947330,Tokyo-aebe,38,45,Normal
2026-02-15 17:36:22.947330,Tokyo-aebe,41,5,Normal
2026-02-15 17:36:23.947330,Tokyo-aebe,33,18,Normal
2026-02-15 17:36:24.947330,Tokyo-aebe,-27,51,Normal
2026-02-15 17:36:25.947330,Tokyo-aebe,30,33,Normal
2026-02-15 17:36:26.947330,Tokyo-aebe,8,58,Normal
2026-02-15 17:36:27.947330,Tokyo-aebe,-28,38,Normal
2026-02-15 17:36:28.947330,Tokyo-aebe,19,36,Normal
2026-02-15 17:36:29.947330,Tokyo-aebe,47,1,Normal
2026-02-15 17:36:30.947330,Tokyo-aebe,0,95,Normal
2026-02-15 17:36:31.947330,Tokyo-aebe,19,27,Normal
2026-02-15 17:36:32.947330,Tokyo-aebe,25,45,Normal
2026-02-15 17:36:33.947330,Tokyo-aebe,12,79,Normal
2026-02-15 17:36:34.947330,Tokyo-aebe,40,41,Normal
2026-02-15 17:36:35.947330,Tokyo-aebe,48,72,Normal
2026-02-15 17:36:36.947330,Tokyo-aebe,-23,13,Normal
2026-02-15 17:36:37.947330,Tokyo-aebe,11,19,Normal
2026-02-15 17:36:38.947330,Tokyo-aebe,-13,90,Normal
2026-02-15 17:36:39.947330,Tokyo-aebe,-4,60,Normal
2026-02-15 17:36:40.947330,Tokyo-aebe,-18,16,Normal
2026-02-15 17:36:41.947330,Tokyo-aebe,-4,52,Normal
2026-02-15 17:36:42.947330,Tokyo-aebe,45,74,Normal
2026-02-15 17:36:43.947330,Tokyo-aebe,33,88,Normal
2026-02-15 17:36:44.947330,Tokyo-aebe,47,70,Normal
2026-02-15 17:36:45.947330,Tokyo-aebe,26,47,Normal
2026-02-15 17:36:46.947330,Tokyo-aebe,-19,85,Normal
2026-02-15 17:36:47.947330,Tokyo-aebe,-30,0,Normal
2026-02-15 17:36:48.947330,Tokyo-aebe,45,35,Normal
2026-02-15 17:36:49.947330,Tokyo-aebe,31,8,Normal
2026-02-15 17:36:50.947330,Tokyo-aebe,46,15,Normal
2026-02-15 17:36:51.947330,Tokyo-aebe,50,5,Normal
2026-02-15 17:36:52.947330,Tokyo-aebe,-7,24,Normal
2026-02-15 17:36:53.947330,Tokyo-aebe,-14,42,Normal
2026-02-15 17:36:54.947330,Tokyo-aebe,-24,97,Normal
2026-02-15 17:36:55.947330,Tokyo-aebe,11,40,Normal
2026-02-15 17:36:56.947330,Tokyo-aebe,-22,68,Normal
2026-02-15 17:36:57.947330,Tokyo-aebe,44,15,Normal
2026-02-15 17:36:58.947330,Tokyo-aebe,26,98,Normal
2026-02-15 17:36:59.947330,Tokyo-aebe,-13,17,Normal
2026-02-15 17:37:00.947330,Tokyo-aebe,5,60,Normal
2026-02-15 17:37:01.947330,Tokyo-aebe,6,99,Normal
2026-02-15 17:37:02.947330,Tokyo-aebe,25,62,Normal
2026-02-15 17:37:03.947330,Tokyo-aebe,15,96,Normal
2026-02-15 17:37:04.947330,Tokyo-aebe,-30,3,Normal
2026-02-15 17:37:05.947330,Tokyo-aebe,-7,92,Normal
2026-02-15 17:37:06.947330,Tokyo-aebe,12,18,Normal
2026-02-15 17:37:07.947330,Tokyo-aebe,13,79,Normal
2026-02-15 17:37:08.947330,Tokyo-aebe,40,9,Normal
2026-02-15 17:37:09.947330,Tokyo-aebe,-7,56,Normal
2026-02-15 17:37:10.947330,Tokyo-aebe,-3,61,Normal
2026-02-15 17:37:11.947330,Tokyo-aebe,-16,84,Normal
2026-02-15 17:37:12.947330,Tokyo-aebe,39,51,Normal
2026-02-15 17:37:13.947330,Tokyo-aebe,43,92,Normal
2026-02-15 17:37:14.947330,Tokyo-aebe,29,90,Normal
2026-02-15 17:37:15.947330,Tokyo-aebe,44,18,Normal
2026-02-15 17:37:16.947330,Tokyo-aebe,-27,24,Normal
2026-02-15 17:37:17.947330,Tokyo-aebe,12,75,Normal
2026-02-15 17:37:18.947330,Tokyo-aebe,9,14,Normal
2026-02-15 17:37:19.947330,Tokyo-aebe,-4,89,Normal
2026-02-15 17:37:20.947330,Tokyo-aebe,37,39,Normal
2026-02-15 17:37:21.947330,Tokyo-aebe,32,29,Normal
2026-02-15 17:37:22.947330,Tokyo-aebe,-6,17,Normal
2026-02-15 17:37:23.947330,Tokyo-aebe,14,89,Normal
2026-02-15 17:37:24.947330,Tokyo-aebe,9,97,Normal
2026-02-15 17:37:25.947330,Tokyo-aebe,-8,90,Normal
2026-02-15 17:37:26.947330,Tokyo-aebe,19,53,Normal
2026-02-15 17:37:27.947330,Tokyo-aebe,-30,44,Normal
2026-02-15 17:37:28.947330,Tokyo-aebe,4,97,Normal
2026-02-15 17:37:29.947330,Tokyo-aebe,48,21,Normal
2026-02-15 17:37:30.947330,Tokyo-aebe,-3,75,Normal
2026-02-15 17:37:31.947330,Tokyo-aebe,-19,60,Normal
2026-02-15 17:37:32.947330,Tokyo-aebe,-21,44,Normal
2026-02-15 17:37:33.947330,Tokyo-aebe,-7,32,Normal
2026-02-15 17:37:34.947330,Tokyo-aebe,-27,55,Normal
2026-02-15 17:37:35.947330,Tokyo-aebe,19,11,Normal
2026-02-15 17:37:36.947330,Tokyo-aebe,18,60,Normal
2026-02-15 17:37:37.947330,Tokyo-aebe,18,70,Normal
2026-02-15 17:37:38.947330,Tokyo-aebe,-13,48,Normal
2026-02-15 17:37:39.947330,Tokyo-aebe,10,52,Normal
2026-02-15 17:37:40.947330,Tokyo-aebe,41,32,Normal
2026-02-15 17:37:41.947330,Tokyo-aebe,1,72,Normal
2026-02-15 17:37:42.947330,Tokyo-aebe,-16,63,Normal
2026-02-15 17:37:43.947330,Tokyo-aebe,-13,38,Normal
2026-02-15 17:37:44.947330,Tokyo-aebe,4,13,Normal
2026-02-15 17:37:45.947330,Tokyo-aebe,2,31,Normal
2026-02-15 17:37:46.947330,Tokyo-aebe,-18,46,Normal
2026-02-15 17:37:47.947330,Tokyo-aebe,-28,81,Normal
2026-02-15 17:37:48.947330,Tokyo-aebe,14,66,Normal
2026-02-15 17:37:49.947330,Tokyo-aebe,30,99,Normal
2026-02-15 17:37:50.947330,Tokyo-aebe,49,34,Normal
2026-02-15 17:37:51.947330,Tokyo-aebe,-20,95,Normal
2026-02-15 17:37:52.947330,Tokyo-aebe,44,32,Normal
2026-02-15 17:37:53.947330,Tokyo-aebe,11,51,Normal
2026-02-15 17:37:54.947330,Tokyo-aebe,-5,52,Normal
2026-02-15 17:37:55.947330,Tokyo-aebe,-22,24,Normal
2026-02-15 17:37:56.947330,Tokyo-aebe,37,77,Normal
2026-02-15 17:37:57.947330,Tokyo-aebe,-20,27,Normal
2026-02-15 17:37:58.947330,Tokyo-aebe,-16,32,Normal
2026-02-15 17:37:59.947330,Tokyo-aebe,38,32,Normal
2026-02-15 17:38:00.947330,Tokyo-aebe,3,54,Normal
2026-02-15 17:38:01.947330,Tokyo-aebe,38,73,Normal
2026-02-15 17:38:02.947330,Tokyo-aebe,-17,43,Normal
2026-02-15 17:38:03.947330,Tokyo-aebe,24,32,Normal
2026-02-15 17:38:04.947330,Tokyo-aebe,-1,9,Normal
2026-02-15 17:38:05.947330,Tokyo-aebe,40,76,Normal
2026-02-15 17:38:06.947330,Tokyo-aebe,-28,74,Normal
2026-02-15 17:38:07.947330,Tokyo-aebe,23,25,Normal
2026-02-15 17:38:08.947330,Tokyo-aebe,12,96,Normal
2026-02-15 17:38:09.947330,Tokyo-aebe,33,70,Normal
2026-02-15 17:38:10.947330,Tokyo-aebe,-18,9,Normal
2026-02-15 17:38:11.947330,Tokyo-aebe,40,86,Normal
2026-02-15 17:38:12.947330,Tokyo-aebe,-21,30,Normal
2026-02-15 17:38:13.947330,Tokyo-aebe,-18,92,Normal
2026-02-15 17:38:14.947330,Tokyo-aebe,28,94,Normal
2026-02-15 17:38:15.947330,Tokyo-aebe,-19,50,Normal
2026-02-15 17:38:16.947330,Tokyo-aebe,0,55,Normal
2026-02-15 17:38:17.947330,Tokyo-aebe,-2,23,Normal
2026-02-15 17:38:18.947330,Tokyo-aebe,21,16,Normal
2026-02-15 17:38:19.947330,Tokyo-aebe,-14,19,Normal
2026-02-15 17:38:20.947330,Tokyo-aebe,-2,21,Normal
2026-02-15 17:38:21.947330,Tokyo-aebe,-4,7,Normal
2026-02-15 17:38:22.947330,Tokyo-aebe,1,43,Normal
2026-02-15 17:38:23.947330,Tokyo-aebe,2,28,Normal
2026-02-15 17:38:24.947330,Tokyo-aebe,-17,62,Normal
2026-02-15 17:38:25.947330,Tokyo-aebe,25,95,Normal
2026-02-15 17:38:26.947330,Tokyo-aebe,15,58,Normal
2026-02-15 17:38:27.947330,Tokyo-aebe,-28,54,Normal
2026-02-15 17:38:28.947330,Tokyo-aebe,17,38,Normal
2026-02-15 17:38:29.947330,Tokyo-aebe,27,79,Normal
2026-02-15 17:38:30.947330,Tokyo-aebe,16,5,Normal
2026-02-15 17:38:31.947330,Tokyo-aebe,11,63,Normal
2026-02-15 17:38:32.947330,Tokyo-aebe,35,21,Normal
2026-02-15 17:38:33.947330,Tokyo-aebe,23,82,Normal
2026-02-15 17:38:34.947330,Tokyo-aebe,44,40,Normal
2026-02-15 17:38:35.947330,Tokyo-aebe,49,35,Normal
2026-02-15 17:38:36.947330,Tokyo-aebe,36,36,Normal
2026-02-15 17:38:37.947330,Tokyo-aebe,-24,47,Normal
2026-02-15 17:38:38.947330,Tokyo-aebe,-1,43,Normal
2026-02-15 17:38:39.947330,Tokyo-aebe,18,39,Normal
2026-02-15 17:38:40.947330,Tokyo-aebe,26,93,Normal
2026-02-15 17:38:41.947330,Tokyo-aebe,35,22,Normal
2026-02-15 17:38:42.947330,Tokyo-aebe,-12,81,Normal
2026-02-15 17:38:43.947330,Tokyo-aebe,-4,87,Normal
2026-02-15 17:38:44.947330,Tokyo-aebe,38,7,Normal
2026-02-15 17:38:45.947330,Tokyo-aebe,9,93,Normal
2026-02-15 17:38:46.947330,Tokyo-aebe,22,91,Normal
2026-02-15 17:38:47.947330,Tokyo-aebe,-29,30,Normal
2026-02-15 17:38:48.947330,Tokyo-aebe,0,39,Normal
2026-02-15 17:38:49.947330,Tokyo-aebe,3,19,Normal
2026-02-15 17:38:50.947330,Tokyo-aebe,-14,2,Normal
2026-02-15 17:38:51.947330,Tokyo-aebe,47,15,Normal
2026-02-15 17:38:52.947330,Tokyo-aebe,-3,38,Normal
2026-02-15 17:38:53.947330,Tokyo-aebe,34,26,Normal
2026-02-15 17:38:54.947330,Tokyo-aebe,3,2,Normal
2026-02-15 17:38:55.947330,Tokyo-aebe,25,45,Normal
2026-02-15 17:38:56.947330,Tokyo-aebe,45,76,Normal
2026-02-15 17:38:57.947330,Tokyo-aebe,33,98,Normal
2026-02-15 17:38:58.947330,Tokyo-aebe,9,24,Normal
2026-02-15 17:38:59.947330,Tokyo-aebe,29,9,Normal
2026-02-15 17:39:00.947330,Tokyo-aebe,-20,49,Normal
2026-02-15 17:39:01.947330,Tokyo-aebe,47,65,Normal
2026-02-15 17:39:02.947330,Tokyo-aebe,46,44,Normal
2026-02-15 17:39:03.947330,Tokyo-aebe,-29,5,Normal
2026-02-15 17:39:04.947330,Tokyo-aebe,-17,36,Normal
2026-02-15 17:39:05.947330,Tokyo-aebe,12,93,Normal
2026-02-15 17:39:06.947330,Tokyo-aebe,27,41,Normal
2026-02-15 17:39:07.947330,Tokyo-aebe,2,75,Normal
2026-02-15 17:39:08.947330,Tokyo-aebe,1,51,Normal
2026-02-15 17:39:09.947330,Tokyo-aebe,8,65,Normal
2026-02-15 17:39:10.947330,Tokyo-aebe,-20,45,Normal
2026-02-15 17:39:11.947330,Tokyo-aebe,49,47,Normal
2026-02-15 17:39:12.947330,Tokyo-aebe,47,10,Normal
2026-02-15 17:39:13.947330,Tokyo-aebe,2,1,Normal
2026-02-15 17:39:14.947330,Tokyo-aebe,30,100,Normal
2026-02-15 17:39:15.947330,Tokyo-aebe,46,54,Normal
2026-02-15 17:39:16.947330,Tokyo-aebe,18,64,Normal
2026-02-15 17:39:17.947330,Tokyo-aebe,-4,45,Normal
2026-02-15 17:39:18.947330,Tokyo-aebe,-10,17,Normal
2026-02-15 17:39:19.947330,Tokyo-aebe,30,86,Normal
2026-02-15 17:39:20.947330,Tokyo-aebe,16,24,Normal
2026-02-15 17:39:21.947330,Tokyo-aebe,23,86,Normal
2026-02-15 17:39:22.947330,Tokyo-aebe,18,94,Normal
2026-02-15 17:39:23.947330,Tokyo-aebe,-18,75,Normal
2026-02-15 17:39:24.947330,Tokyo-aebe,10,19,Normal
2026-02-15 17:39:25.947330,Tokyo-aebe,7,3,Normal
2026-02-15 17:39:26.947330,Tokyo-aebe,5,18,Normal
2026-02-15 17:39:27.947330,Tokyo-aebe,-13,39,Normal
2026-02-15 17:39:28.947330,Tokyo-aebe,3,71,Normal
2026-02-15 17:39:29.947330,Tokyo-aebe,-19,52,Normal
2026-02-15 17:39:30.947330,Tokyo-aebe,6,69,Normal
2026-02-15 17:39:31.947330,Tokyo-aebe,21,16,Normal
2026-02-15 17:39:32.947330,Tokyo-aebe,44,53,Normal
2026-02-15 17:39:33.947330,Tokyo-aebe,32,73,Normal
2026-02-15 17:39:34.947330,Tokyo-aebe,39,21,Normal
2026-02-15 17:39:35.947330,Tokyo-aebe,1,29,Normal
2026-02-15 17:39:36.947330,Tokyo-aebe,43,76,Normal
2026-02-15 17:39:37.947330,Tokyo-aebe,-7,85,Normal
2026-02-15 17:39:38.947330,Tokyo-aebe,29,6,Normal
2026-02-15 17:39:39.947330,Tokyo-aebe,23,67,Normal
2026-02-15 17:39:40.947330,Tokyo-aebe,20,45,Normal
2026-02-15 17:39:41.947330,Tokyo-aebe,32,29,Normal
2026-02-15 17:39:42.947330,Tokyo-aebe,16,86,Normal
2026-02-15 17:39:43.947330,Tokyo-aebe,36,21,Normal
2026-02-15 17:39:44.947330,Tokyo-aebe,7,22,Normal
2026-02-15 17:39:45.947330,Tokyo-aebe,43,38,Normal
2026-02-15 17:39:46.947330,Tokyo-aebe,-1,19,Normal
2026-02-15 17:39:47.947330,Tokyo-aebe,-19,72,Normal
2026-02-15 17:39:48.947330,Tokyo-aebe,47,56,Normal
2026-02-15 17:39:49.947330,Tokyo-aebe,-10,3,Normal
2026-02-15 17:39:50.947330,Tokyo-aebe,-18,86,Normal
2026-02-15 17:39:51.947330,Tokyo-aebe,-18,46,Normal
2026-02-15 17:39:52.947330,Tokyo-aebe,-25,92,Normal
2026-02-15 17:39:53.947330,Tokyo-aebe,-24,46,Normal
2026-02-15 17:39:54.947330,Tokyo-aebe,13,42,Normal
2026-02-15 17:39:55.947330,Tokyo-aebe,-14,38,Normal
2026-02-15 17:39:56.947330,Tokyo-aebe,-16,31,Normal
2026-02-15 17:39:57.947330,Tokyo-aebe,25,42,Normal
2026-02-15 17:39:58.947330,Tokyo-aebe,-4,51,Normal
2026-02-15 17:39:59.947330,Tokyo-aebe,13,72,Normal
2026-02-15 17:40:00.947330,Tokyo-aebe,39,59,Normal
2026-02-15 17:40:01.947330,Tokyo-aebe,32,14,Normal
2026-02-15 17:40:02.947330,Tokyo-aebe,27,49,Normal
2026-02-15 17:40:03.947330,Tokyo-aebe,25,87,Normal
2026-02-15 17:40:04.947330,Tokyo-aebe,-8,42,Normal
2026-02-15 17:40:05.947330,Tokyo-aebe,2,63,Normal
2026-02-15 17:40:06.947330,Tokyo-aebe,-8,66,Normal
2026-02-15 17:40:07.947330,Tokyo-aebe,39,70,Normal
2026-02-15 17:40:08.947330,Tokyo-aebe,-22,57,Normal
2026-02-15 17:40:09.947330,Tokyo-aebe,5,83,Normal
2026-02-15 17:40:10.947330,Tokyo-aebe,-18,17,Normal
2026-02-15 17:40:11.947330,Tokyo-aebe,-13,30,Normal
2026-02-15 17:40:12.947330,Tokyo-aebe,-26,26,Normal
2026-02-15 17:40:13.947330,Tokyo-aebe,-16,3,Normal
2026-02-15 17:40:14.947330,Tokyo-aebe,-25,65,Normal
2026-02-15 17:40:15.947330,Tokyo-aebe,36,83,Normal
2026-02-15 17:40:16.947330,Tokyo-aebe,14,77,Normal
2026-02-15 17:40:17.947330,Tokyo-aebe,-18,100,Normal
2026-02-15 17:40:18.947330,Tokyo-aebe,41,32,Normal
2026-02-15 17:40:19.947330,Tokyo-aebe,26,62,Normal
2026-02-15 17:40:20.947330,Tokyo-aebe,-27,75,Normal
2026-02-15 17:40:21.947330,Tokyo-aebe,15,64,Normal
2026-02-15 17:40:22.947330,Tokyo-aebe,40,77,Normal
2026-02-15 17:40:23.947330,Tokyo-aebe,-7,58,Normal
2026-02-15 17:40:24.947330,Tokyo-aebe,-24,79,Normal
2026-02-15 17:40:25.947330,Tokyo-aebe,-1,77,Normal
2026-02-15 17:40:26.947330,Tokyo-aebe,-25,5,Normal
2026-02-15 17:40:27.947330,Tokyo-aebe,20,8,Normal
2026-02-15 17:40:28.947330,Tokyo-aebe,-16,6,Normal
2026-02-15 17:40:29.947330,Tokyo-aebe,-19,19,Normal
2026-02-15 17:40:30.947330,Tokyo-aebe,-4,69,Normal
2026-02-15 17:40:31.947330,Tokyo-aebe,-18,78,Normal
2026-02-15 17:40:32.947330,Tokyo-aebe,22,57,Normal
2026-02-15 17:40:33.947330,Tokyo-aebe,9,11,Normal
2026-02-15 17:40:34.947330,Tokyo-aebe,14,76,Normal
2026-02-15 17:40:35.947330,Tokyo-aebe,6,15,Normal
2026-02-15 17:40:36.947330,Tokyo-aebe,38,27,Normal
2026-02-15 17:40:37.947330,Tokyo-aebe,0,33,Normal
2026-02-15 17:40:38.947330,Tokyo-aebe,45,68,Normal
2026-02-15 17:40:39.947330,Tokyo-aebe,9,92,Normal
2026-02-15 17:40:40.947330,Tokyo-aebe,-20,3,Normal
2026-02-15 17:40:41.947330,Tokyo-aebe,36,84,Normal
2026-02-15 17:40:42.947330,Tokyo-aebe,17,26,Normal
2026-02-15 17:40:43.947330,Tokyo-aebe,-4,50,Normal
2026-02-15 17:40:44.947330,Tokyo-aebe,-14,27,Normal
2026-02-15 17:40:45.947330,Tokyo-aebe,10,22,Normal
2026-02-15 17:40:46.947330,Tokyo-aebe,17,43,Normal
2026-02-15 17:40:47.947330,Tokyo-aebe,42,39,Normal
2026-02-15 17:40:48.947330,Tokyo-aebe,-17,75,Normal
2026-02-15 17:40:49.947330,Tokyo-aebe,-8,24,Normal
2026-02-15 17:40:50.947330,Tokyo-aebe,23,65,Normal
2026-02-15 17:40:51.947330,Tokyo-aebe,-15,12,Normal
2026-02-15 17:40:52.947330,Tokyo-aebe,48,54,Normal
2026-02-15 17:40:53.947330,Tokyo-aebe,49,11,Normal
2026-02-15 17:40:54.947330,Tokyo-aebe,21,83,Normal
2026-02-15 17:40:55.947330,Tokyo-aebe,40,11,Normal
2026-02-15 17:40:56.947330,Tokyo-aebe,13,87,Normal
2026-02-15 17:40:57.947330,Tokyo-aebe,-1,91,Normal
2026-02-15 17:40:58.947330,Tokyo-aebe,-24,12,Normal
2026-02-15 17:40:59.947330,Tokyo-aebe,-11,87,Normal
2026-02-15 17:41:00.947330,Tokyo-aebe,33,63,Normal
2026-02-15 17:41:01.947330,Tokyo-aebe,27,0,Normal
2026-02-15 17:41:02.947330,Tokyo-aebe,6,91,Normal
2026-02-15 17:41:03.947330,Tokyo-aebe,13,7,Normal
2026-02-15 17:41:04.947330,Tokyo-aebe,20,6,Normal
2026-02-15 17:41:05.947330,Tokyo-aebe,49,70,Normal
2026-02-15 17:41:06.947330,Tokyo-aebe,-17,46,Normal
2026-02-15 17:41:07.947330,Tokyo-aebe,-1,65,Normal
2026-02-15 17:41:08.947330,Tokyo-aebe,-28,35,Normal
2026-02-15 17:41:09.947330,Tokyo-aebe,-20,86,Normal
2026-02-15 17:41:10.947330,Tokyo-aebe,-19,100,Normal
2026-02-15 17:41:11.947330,Tokyo-aebe,-9,78,Normal
2026-02-15 17:41:12.947330,Tokyo-aebe,-25,73,Normal
2026-02-15 17:41:13.947330,Tokyo-aebe,2,62,Normal
2026-02-15 17:41:14.947330,Tokyo-aebe,23,65,Normal
2026-02-15 17:41:15.947330,Tokyo-aebe,41,56,Normal
2026-02-15 17:41:16.947330,Tokyo-aebe,9,42,Normal
2026-02-15 17:41:17.947330,Tokyo-aebe,-24,68,Normal
2026-02-15 17:41:18.947330,Tokyo-aebe,19,37,Normal
2026-02-15 17:41:19.947330,Tokyo-aebe,43,16,Normal
2026-02-15 17:41:20.947330,Tokyo-aebe,-3,61,Normal
2026-02-15 17:41:21.947330,Tokyo-aebe,37,89,Normal
2026-02-15 17:41:22.947330,Tokyo-aebe,-24,55,Normal
2026-02-15 17:41:23.947330,Tokyo-aebe,50,95,Normal
2026-02-15 17:41:24.947330,Tokyo-aebe,39,10,Normal
2026-02-15 17:41:25.947330,Tokyo-aebe,24,8,Normal
2026-02-15 17:41:26.947330,Tokyo-aebe,47,63,Normal
2026-02-15 17:41:27.947330,Tokyo-aebe,34,6,Normal
2026-02-15 17:41:28.947330,Tokyo-aebe,22,0,Normal
2026-02-15 17:41:29.947330,Tokyo-aebe,26,24,Normal
2026-02-15 17:41:30.947330,Tokyo-aebe,11,43,Normal
2026-02-15 17:41:31.947330,Tokyo-aebe,46,84,Normal
2026-02-15 17:41:32.947330,Tokyo-aebe,14,37,Normal
2026-02-15 17:41:33.947330,Tokyo-aebe,3,32,Normal
2026-02-15 17:41:34.947330,Tokyo-aebe,-7,15,Normal
2026-02-15 17:41:35.947330,Tokyo-aebe,27,37,Normal
2026-02-15 17:41:36.947330,Tokyo-aebe,-21,86,Normal
2026-02-15 17:41:37.947330,Tokyo-aebe,-30,32,Normal
2026-02-15 17:41:38.947330,Tokyo-aebe,-21,4,Normal
2026-02-15 17:41:39.947330,Tokyo-aebe,43,99,Normal
2026-02-15 17:41:40.947330,Tokyo-aebe,47,43,Normal
2026-02-15 17:41:41.947330,Tokyo-aebe,34,76,Normal
2026-02-15 17:41:42.947330,Tokyo-aebe,29,52,Normal
2026-02-15 17:41:43.947330,Tokyo-aebe,-18,69,Normal
2026-02-15 17:41:44.947330,Tokyo-aebe,7,78,Normal
2026-02-15 17:41:45.947330,Tokyo-aebe,9,20,Normal
2026-02-15 17:41:46.947330,Tokyo-aebe,33,29,Normal
2026-02-15 17:41:47.947330,Tokyo-aebe,14,51,Normal
2026-02-15 17:41:48.947330,Tokyo-aebe,-24,100,Normal
2026-02-15 17:41:49.947330,Tokyo-aebe,45,65,Normal
2026-02-15 17:41:50.947330,Tokyo-aebe,41,48,Normal
2026-02-15 17:41:51.947330,Tokyo-aebe,37,78,Normal
2026-02-15 17:41:52.947330,Tokyo-aebe,-11,5,Normal
2026-02-15 17:41:53.947330,Tokyo-aebe,34,87,Normal
2026-02-15 17:41:54.947330,Tokyo-aebe,1,38,Normal
2026-02-15 17:41:55.947330,Tokyo-aebe,33,81,Normal
2026-02-15 17:41:56.947330,Tokyo-aebe,35,37,Normal
2026-02-15 17:41:57.947330,Tokyo-aebe,28,87,Normal
2026-02-15 17:41:58.947330,Tokyo-aebe,-29,53,Normal
2026-02-15 17:41:59.947330,Tokyo-aebe,27,15,Normal
2026-02-15 17:42:00.947330,Tokyo-aebe,-2,6,Normal
2026-02-15 17:42:01.947330,Tokyo-aebe,28,1,Normal
2026-02-15 17:42:02.947330,Tokyo-aebe,28,72,Normal
2026-02-15 17:42:03.947330,Tokyo-aebe,-18,82,Normal
2026-02-15 17:42:04.947330,Tokyo-aebe,31,81,Normal
2026-02-15 17:42:05.947330,Tokyo-aebe,5,52,Normal
2026-02-15 17:42:06.947330,Tokyo-aebe,39,93,Normal
2026-02-15 17:42:07.947330,Tokyo-aebe,-9,61,Normal
2026-02-15 17:42:08.947330,Tokyo-aebe,-14,60,Normal
2026-02-15 17:42:09.947330,Tokyo-aebe,5,56,Normal
2026-02-15 17:42:10.947330,Tokyo-aebe,3,48,Normal
2026-02-15 17:42:11.947330,Tokyo-aebe,50,16,Normal
2026-02-15 17:42:12.947330,Tokyo-aebe,3,39,Normal
2026-02-15 17:42:13.947330,Tokyo-aebe,22,50,Normal
2026-02-15 17:42:14.947330,Tokyo-aebe,40,12,Normal
2026-02-15 17:42:15.947330,Tokyo-aebe,-19,12,Normal
2026-02-15 17:42:16.947330,Tokyo-aebe,39,25,Normal
2026-02-15 17:42:17.947330,Tokyo-aebe,-11,21,Normal
2026-02-15 17:42:18.947330,Tokyo-aebe,26,4,Normal
2026-02-15 17:42:19.947330,Tokyo-aebe,34,73,Normal
2026-02-15 17:42:20.947330,Tokyo-aebe,-10,47,Normal
2026-02-15 17:42:21.947330,Tokyo-aebe,29,75,Normal
2026-02-15 17:42:22.947330,Tokyo-aebe,34,16,Normal
2026-02-15 17:42:23.947330,Tokyo-aebe,27,55,Normal
2026-02-15 17:42:24.947330,Tokyo-aebe,11,91,Normal
2026-02-15 17:42:25.947330,Tokyo-aebe,39,24,Normal
2026-02-15 17:42:26.947330,Tokyo-aebe,26,63,Normal
2026-02-15 17:42:27.947330,Tokyo-aebe,-27,11,Normal
2026-02-15 17:42:28.947330,Tokyo-aebe,14,33,Normal
2026-02-15 17:42:29.947330,Tokyo-aebe,-12,2,Normal
2026-02-15 17:42:30.947330,Tokyo-aebe,-16,55,Normal
2026-02-15 17:42:31.947330,Tokyo-aebe,18,52,Normal
2026-02-15 17:42:32.947330,Tokyo-aebe,-19,28,Normal
2026-02-15 17:42:33.947330,Tokyo-aebe,22,3,Normal
2026-02-15 17:42:34.947330,Tokyo-aebe,5,99,Normal
2026-02-15 17:42:35.947330,Tokyo-aebe,31,19,Normal
2026-02-15 17:42:36.947330,Tokyo-aebe,40,88,Normal
2026-02-15 17:42:37.947330,Tokyo-aebe,39,38,Normal
2026-02-15 17:42:38.947330,Tokyo-aebe,-18,0,Normal
2026-02-15 17:42:39.947330,Tokyo-aebe,26,5,Normal
2026-02-15 17:42:40.947330,Tokyo-aebe,45,71,Normal
2026-02-15 17:42:41.947330,Tokyo-aebe,49,99,Normal
2026-02-15 17:42:42.947330,Tokyo-aebe,31,11,Normal
2026-02-15 17:42:43.947330,Tokyo-aebe,18,46,Normal
2026-02-15 17:42:44.947330,Tokyo-aebe,-15,16,Normal
2026-02-15 17:42:45.947330,Tokyo-aebe,23,19,Normal
2026-02-15 17:42:46.947330,Tokyo-aebe,-19,41,Normal
2026-02-15 17:42:47.947330,Tokyo-aebe,43,94,Normal
2026-02-15 17:42:48.947330,Tokyo-aebe,9,100,Normal
2026-02-15 17:42:49.947330,Tokyo-aebe,0,83,Normal
2026-02-15 17:42:50.947330,Tokyo-aebe,-8,6,Normal
2026-02-15 17:42:51.947330,Tokyo-aebe,6,37,Normal
2026-02-15 17:42:52.947330,Tokyo-aebe,-14,23,Normal
2026-02-15 17:42:53.947330,Tokyo-aebe,48,71,Normal
2026-02-15 17:42:54.947330,Tokyo-aebe,-4,88,Normal
2026-02-15 17:42:55.947330,Tokyo-aebe,5,98,Normal
2026-02-15 17:42:56.947330,Tokyo-aebe,44,19,Normal
2026-02-15 17:42:57.947330,Tokyo-aebe,40,79,Normal
2026-02-15 17:42:58.947330,Tokyo-aebe,-5,68,Normal
2026-02-15 17:42:59.947330,Tokyo-aebe,39,12,Normal
2026-02-15 17:43:00.947330,Tokyo-aebe,3,2,Normal
2026-02-15 17:43:01.947330,Tokyo-aebe,38,26,Normal
2026-02-15 17:43:02.947330,Tokyo-aebe,-2,56,Normal
2026-02-15 17:43:03.947330,Tokyo-aebe,23,79,Normal
2026-02-15 17:43:04.947330,Tokyo-aebe,-2,50,Normal
2026-02-15 17:43:05.947330,Tokyo-aebe,-8,3,Normal
2026-02-15 17:43:06.947330,Tokyo-aebe,36,35,Normal
2026-02-15 17:43:07.947330,Tokyo-aebe,-18,24,Normal
2026-02-15 17:43:08.947330,Tokyo-aebe,26,35,Normal
2026-02-15 17:43:09.947330,Tokyo-aebe,9,11,Normal
2026-02-15 17:43:10.947330,Tokyo-aebe,31,32,Normal
2026-02-15 17:43:11.947330,Tokyo-aebe,18,32,Normal
2026-02-15 17:43:12.947330,Tokyo-aebe,38,98,Normal
2026-02-15 17:43:13.947330,Tokyo-aebe,-22,65,Normal
2026-02-15 17:43:14.947330,Tokyo-aebe,-20,73,Normal
2026-02-15 17:43:15.947330,Tokyo-aebe,20,16,Normal
2026-02-15 17:43:16.947330,Tokyo-aebe,33,17,Normal
2026-02-15 17:43:17.947330,Tokyo-aebe,47,62,Normal
2026-02-15 17:43:18.947330,Tokyo-aebe,7,81,Normal
2026-02-15 17:43:19.947330,Tokyo-aebe,17,15,Normal
2026-02-15 17:43:20.947330,Tokyo-aebe,37,12,Normal
2026-02-15 17:43:21.947330,Tokyo-aebe,27,90,Normal
2026-02-15 17:43:22.947330,Tokyo-aebe,-28,77,Normal
2026-02-15 17:43:23.947330,Tokyo-aebe,14,54,Normal
2026-02-15 17:43:24.947330,Tokyo-aebe,30,35,Normal
2026-02-15 17:43:25.947330,Tokyo-aebe,39,31,Normal
2026-02-15 17:43:26.947330,Tokyo-aebe,-10,26,Normal
2026-02-15 17:43:27.947330,Tokyo-aebe,-15,53,Normal
2026-02-15 17:43:28.947330,Tokyo-aebe,14,56,Normal
2026-02-15 17:43:29.947330,Tokyo-aebe,11,59,Normal
2026-02-15 17:43:30.947330,Tokyo-aebe,-9,7,Normal
2026-02-15 17:43:31.947330,Tokyo-aebe,42,99,Normal
2026-02-15 17:43:32.947330,Tokyo-aebe,26,16,Normal
2026-02-15 17:43:33.947330,Tokyo-aebe,3,65,Normal
2026-02-15 17:43:34.947330,Tokyo-aebe,13,95,Normal
2026-02-15 17:43:35.947330,Tokyo-aebe,-9,14,Normal
2026-02-15 17:43:36.947330,Tokyo-aebe,-19,33,Normal
2026-02-15 17:43:37.947330,Tokyo-aebe,-26,20,Normal
2026-02-15 17:43:38.947330,Tokyo-aebe,9,31,Normal
2026-02-15 17:43:39.947330,Tokyo-aebe,32,94,Normal
2026-02-15 17:43:40.947330,Tokyo-aebe,-19,62,Normal
2026-02-15 17:43:41.947330,Tokyo-aebe,-6,34,Normal
2026-02-15 17:43:42.947330,Tokyo-aebe,8,2,Normal
2026-02-15 17:43:43.947330,Tokyo-aebe,-7,95,Normal
2026-02-15 17:43:44.947330,Tokyo-aebe,-19,53,Normal
2026-02-15 17:43:45.947330,Tokyo-aebe,13,88,Normal
2026-02-15 17:43:46.947330,Tokyo-aebe,26,27,Normal
2026-02-15 17:43:47.947330,Tokyo-aebe,48,99,Normal
2026-02-15 17:43:48.947330,Tokyo-aebe,-13,27,Normal
2026-02-15 17:43:49.947330,Tokyo-aebe,-23,48,Normal
2026-02-15 17:43:50.947330,Tokyo-aebe,-27,29,Normal
2026-02-15 17:43:51.947330,Tokyo-aebe,34,90,Normal
2026-02-15 17:43:52.947330,Tokyo-aebe,1,88,Normal
2026-02-15 17:43:53.947330,Tokyo-aebe,-29,17,Normal
2026-02-15 17:43:54.947330,Tokyo-aebe,-18,4,Normal
2026-02-15 17:43:55.947330,Tokyo-aebe,5,49,Normal
2026-02-15 17:43:56.947330,Tokyo-aebe,-10,53,Normal
2026-02-15 17:43:57.947330,Tokyo-aebe,48,5,Normal
2026-02-15 17:43:58.947330,Tokyo-aebe,-27,39,Normal
2026-02-15 17:43:59.947330,Tokyo-aebe,43,85,Normal
2026-02-15 17:44:00.947330,Tokyo-aebe,25,85,Normal
2026-02-15 17:44:01.947330,Tokyo-aebe,30,13,Normal
2026-02-15 17:44:02.947330,Tokyo-aebe,1,65,Normal
2026-02-15 17:44:03.947330,Tokyo-aebe,-24,44,Normal
2026-02-15 17:44:04.947330,Tokyo-aebe,42,56,Normal
2026-02-15 17:44:05.947330,Tokyo-aebe,37,21,Normal
2026-02-15 17:44:06.947330,Tokyo-aebe,-22,76,Normal
2026-02-15 17:44:07.947330,Tokyo-aebe,-5,64,Normal
2026-02-15 17:44:08.947330,Tokyo-aebe,18,11,Normal
2026-02-15 17:44:09.947330,Tokyo-aebe,-23,15,Normal
2026-02-15 17:44:10.947330,Tokyo-aebe,49,79,Normal
2026-02-15 17:44:11.947330,Tokyo-aebe,-19,77,Normal
2026-02-15 17:44:12.947330,Tokyo-aebe,2,65,Normal
2026-02-15 17:44:13.947330,Tokyo-aebe,-7,76,Normal
2026-02-15 17:44:14.947330,Tokyo-aebe,46,25,Normal
2026-02-15 17:44:15.947330,Tokyo-aebe,-14,50,Normal
2026-02-15 17:44:16.947330,Tokyo-aebe,-9,14,Normal
2026-02-15 17:44:17.947330,Tokyo-aebe,30,32,Normal
2026-02-15 17:44:18.947330,Tokyo-aebe,41,31,Normal
2026-02-15 17:44:19.947330,Tokyo-aebe,37,7,Normal
2026-02-15 17:44:20.947330,Tokyo-aebe,-11,83,Normal
2026-02-15 17:44:21.947330,Tokyo-aebe,3,68,Normal
2026-02-15 17:44:22.947330,Tokyo-aebe,7,66,Normal
2026-02-15 17:44:23.947330,Tokyo-aebe,-11,78,Normal
2026-02-15 17:44:24.947330,Tokyo-aebe,18,76,Normal
2026-02-15 17:44:25.947330,Tokyo-aebe,-21,94,Normal
2026-02-15 17:44:26.947330,Tokyo-aebe,-2,38,Normal
2026-02-15 17:44:27.947330,Tokyo-aebe,23,56,Normal
2026-02-15 17:44:28.947330,Tokyo-aebe,23,95,Normal
2026-02-15 17:44:29.947330,Tokyo-aebe,23,11,Normal
2026-02-15 17:44:30.947330,Tokyo-aebe,8,79,Normal
2026-02-15 17:44:31.947330,Tokyo-aebe,-29,85,Normal
2026-02-15 17:44:32.947330,Tokyo-aebe,39,74,Normal
2026-02-15 17:44:33.947330,Tokyo-aebe,8,81,Normal
2026-02-15 17:44:34.947330,Tokyo-aebe,28,90,Normal
2026-02-15 17:44:35.947330,Tokyo-aebe,2,74,Normal
2026-02-15 17:44:36.947330,Tokyo-aebe,-24,15,Normal
2026-02-15 17:44:37.947330,Tokyo-aebe,-28,44,Normal
2026-02-15 17:44:38.947330,Tokyo-aebe,-18,4,Normal
2026-02-15 17:44:39.947330,Tokyo-aebe,-29,41,Normal
2026-02-15 17:44:40.947330,Tokyo-aebe,30,57,Normal
2026-02-15 17:44:41.947330,Tokyo-aebe,16,53,Normal
2026-02-15 17:44:42.947330,Tokyo-aebe,34,75,Normal
2026-02-15 17:44:43.947330,Tokyo-aebe,47,53,Normal
2026-02-15 17:44:44.947330,Tokyo-aebe,49,61,Normal
2026-02-15 17:44:45.947330,Tokyo-aebe,5,53,Normal
2026-02-15 17:44:46.947330,Tokyo-aebe,15,86,Normal
2026-02-15 17:44:47.947330,Tokyo-aebe,14,16,Normal
2026-02-15 17:44:48.947330,Tokyo-aebe,43,42,Normal
2026-02-15 17:44:49.947330,Tokyo-aebe,-5,9,Normal
2026-02-15 17:44:50.947330,Tokyo-aebe,8,78,Normal
2026-02-15 17:44:51.947330,Tokyo-aebe,-30,76,Normal
2026-02-15 17:44:52.947330,Tokyo-aebe,2,26,Normal
2026-02-15 17:44:53.947330,Tokyo-aebe,-21,44,Normal
2026-02-15 17:44:54.947330,Tokyo-aebe,-11,100,Normal
2026-02-15 17:44:55.947330,Tokyo-aebe,-30,30,Normal
2026-02-15 17:44:56.947330,Tokyo-aebe,37,87,Normal
2026-02-15 17:44:57.947330,Tokyo-aebe,32,93,Normal
2026-02-15 17:44:58.947330,Tokyo-aebe,46,17,Normal
2026-02-15 17:44:59.947330,Tokyo-aebe,-9,75,Normal
2026-02-15 17:45:00.947330,Tokyo-aebe,26,81,Normal
2026-02-15 17:45:01.947330,Tokyo-aebe,40,86,Normal
2026-02-15 17:45:02.947330,Tokyo-aebe,12,90,Normal
2026-02-15 17:45:03.947330,Tokyo-aebe,-20,14,Normal
2026-02-15 17:45:04.947330,Tokyo-aebe,0,99,Normal
2026-02-15 17:45:05.947330,Tokyo-aebe,-5,18,Normal
2026-02-15 17:45:06.947330,Tokyo-aebe,17,6,Normal
2026-02-15 17:45:07.947330,Tokyo-aebe,46,71,Normal
2026-02-15 17:45:08.947330,Tokyo-aebe,14,40,Normal
2026-02-15 17:45:09.947330,Tokyo-aebe,-7,49,Normal
2026-02-15 17:45:10.947330,Tokyo-aebe,-16,8,Normal
2026-02-15 17:45:11.947330,Tokyo-aebe,-2,32,Normal
2026-02-15 17:45:12.947330,Tokyo-aebe,14,81,Normal
2026-02-15 17:45:13.947330,Tokyo-aebe,-15,12,Normal
2026-02-15 17:45:14.947330,Tokyo-aebe,4,50,Normal
2026-02-15 17:45:15.947330,Tokyo-aebe,17,10,Normal
2026-02-15 17:45:16.947330,Tokyo-aebe,36,51,Normal
2026-02-15 17:45:17.947330,Tokyo-aebe,24,23,Normal
2026-02-15 17:45:18.947330,Tokyo-aebe,-23,10,Normal
2026-02-15 17:45:19.947330,Tokyo-aebe,17,4,Normal
2026-02-15 17:45:20.947330,Tokyo-aebe,6,7,Normal
2026-02-15 17:45:21.947330,Tokyo-aebe,-7,15,Normal
2026-02-15 17:45:22.947330,Tokyo-aebe,9,70,Normal
2026-02-15 17:45:23.947330,Tokyo-aebe,19,64,Normal
2026-02-15 17:45:24.947330,Tokyo-aebe,43,9,Normal
2026-02-15 17:45:25.947330,Tokyo-aebe,9,42,Normal
2026-02-15 17:45:26.947330,Tokyo-aebe,-8,86,Normal
2026-02-15 17:45:27.947330,Tokyo-aebe,30,63,Normal
2026-02-15 17:45:28.947330,Tokyo-aebe,45,54,Normal
2026-02-15 17:45:29.947330,Tokyo-aebe,-16,82,Normal
2026-02-15 17:45:30.947330,Tokyo-aebe,-2,84,Normal
2026-02-15 17:45:31.947330,Tokyo-aebe,-6,61,Normal
2026-02-15 17:45:32.947330,Tokyo-aebe,-5,94,Normal
2026-02-15 17:45:33.947330,Tokyo-aebe,29,22,Normal
2026-02-15 17:45:34.947330,Tokyo-aebe,26,12,Normal
2026-02-15 17:45:35.947330,Tokyo-aebe,-15,23,Normal
2026-02-15 17:45:36.947330,Tokyo-aebe,-26,91,Normal
2026-02-15 17:45:37.947330,Tokyo-aebe,1,11,Normal
2026-02-15 17:45:38.947330,Tokyo-aebe,48,31,Normal
2026-02-15 17:45:39.947330,Tokyo-aebe,10,37,Normal
2026-02-15 17:45:40.947330,Tokyo-aebe,21,1,Normal
2026-02-15 17:45:41.947330,Tokyo-aebe,-16,56,Normal
2026-02-15 17:45:42.947330,Tokyo-aebe,-23,35,Normal
2026-02-15 17:45:43.947330,Tokyo-aebe,10,85,Normal
2026-02-15 17:45:44.947330,Tokyo-aebe,0,92,Normal
2026-02-15 17:45:45.947330,Tokyo-aebe,-28,24,Normal
2026-02-15 17:45:46.947330,Tokyo-aebe,45,53,Normal
2026-02-15 17:45:47.947330,Tokyo-aebe,33,44,Normal
2026-02-15 17:45:48.947330,Tokyo-aebe,40,75,Normal
2026-02-15 17:45:49.947330,Tokyo-aebe,-16,32,Normal
2026-02-15 17:45:50.947330,Tokyo-aebe,6,69,Normal
2026-02-15 17:45:51.947330,Tokyo-aebe,39,28,Normal
2026-02-15 17:45:52.947330,Tokyo-aebe,32,47,Normal
2026-02-15 17:45:53.947330,Tokyo-aebe,43,41,Normal
2026-02-15 17:45:54.947330,Tokyo-aebe,15,41,Normal
2026-02-15 17:45:55.947330,Tokyo-aebe,8,88,Normal
2026-02-15 17:45:56.947330,Tokyo-aebe,11,82,Normal
2026-02-15 17:45:57.947330,Tokyo-aebe,-25,47,Normal
2026-02-15 17:45:58.947330,Tokyo-aebe,7,33,Normal
2026-02-15 17:45:59.947330,Tokyo-aebe,11,69,Normal
2026-02-15 17:46:00.947330,Tokyo-aebe,31,74,Normal
2026-02-15 17:46:01.947330,Tokyo-aebe,43,88,Normal
2026-02-15 17:46:02.947330,Tokyo-aebe,-11,21,Normal
2026-02-15 17:46:03.947330,Tokyo-aebe,-29,89,Normal
2026-02-15 17:46:04.947330,Tokyo-aebe,-1,1,Normal
2026-02-15 17:46:05.947330,Tokyo-aebe,-27,79,Normal
2026-02-15 17:46:06.947330,Tokyo-aebe,-22,43,Normal
2026-02-15 17:46:07.947330,Tokyo-aebe,20,89,Normal
2026-02-15 17:46:08.947330,Tokyo-aebe,37,83,Normal
2026-02-15 17:46:09.947330,Tokyo-aebe,-28,99,Normal
2026-02-15 17:46:10.947330,Tokyo-aebe,24,3,Normal
2026-02-15 17:46:11.947330,Tokyo-aebe,16,75,Normal
2026-02-15 17:46:12.947330,Tokyo-aebe,27,14,Normal
2026-02-15 17:46:13.947330,Tokyo-aebe,16,98,Normal
2026-02-15 17:46:14.947330,Tokyo-aebe,18,4,Normal
2026-02-15 17:46:15.947330,Tokyo-aebe,5,43,Normal
2026-02-15 17:46:16.947330,Tokyo-aebe,-13,49,Normal
2026-02-15 17:46:17.947330,Tokyo-aebe,-15,3,Normal
2026-02-15 17:46:18.947330,Tokyo-aebe,31,77,Normal
2026-02-15 17:46:19.947330,Tokyo-aebe,2,74,Normal
2026-02-15 17:46:20.947330,Tokyo-aebe,-9,57,Normal
2026-02-15 17:46:21.947330,Tokyo-aebe,23,78,Normal
2026-02-15 17:46:22.947330,Tokyo-aebe,8,54,Normal
2026-02-15 17:46:23.947330,Tokyo-aebe,32,63,Normal
2026-02-15 17:46:24.947330,Tokyo-aebe,3,97,Normal
2026-02-15 17:46:25.947330,Tokyo-aebe,11,42,Normal
2026-02-15 17:46:26.947330,Tokyo-aebe,39,24,Normal
2026-02-15 17:46:27.947330,Tokyo-aebe,21,49,Normal
2026-02-15 17:46:28.947330,Tokyo-aebe,23,34,Normal
2026-02-15 17:46:29.947330,Tokyo-aebe,44,30,Normal
2026-02-15 17:46:30.947330,Tokyo-aebe,-30,48,Normal
2026-02-15 17:46:31.947330,Tokyo-aebe,11,10,Normal
2026-02-15 17:46:32.947330,Tokyo-aebe,27,13,Normal
2026-02-15 17:46:33.947330,Tokyo-aebe,17,9,Normal
2026-02-15 17:46:34.947330,Tokyo-aebe,-11,92,Normal
2026-02-15 17:46:35.947330,Tokyo-aebe,37,50,Normal
2026-02-15 17:46:36.947330,Tokyo-aebe,22,12,Normal
2026-02-15 17:46:37.947330,Tokyo-aebe,-18,100,Normal
2026-02-15 17:46:38.947330,Tokyo-aebe,31,22,Normal
2026-02-15 17:46:39.947330,Tokyo-aebe,6,65,Normal
2026-02-15 17:46:40.947330,Tokyo-aebe,20,45,Normal
2026-02-15 17:46:41.947330,Tokyo-aebe,-29,85,Normal
2026-02-15 17:46:42.947330,Tokyo-aebe,-27,14,Normal
2026-02-15 17:46:43.947330,Tokyo-aebe,-14,13,Normal
2026-02-15 17:46:44.947330,Tokyo-aebe,25,2,Normal
2026-02-15 17:46:45.947330,Tokyo-aebe,35,24,Normal
2026-02-15 17:46:46.947330,Tokyo-aebe,45,79,Normal
2026-02-15 17:46:47.947330,Tokyo-aebe,16,2,Normal
2026-02-15 17:46:48.947330,Tokyo-aebe,19,67,Normal
2026-02-15 17:46:49.947330,Tokyo-aebe,-13,7,Normal
2026-02-15 17:46:50.947330,Tokyo-aebe,40,30,Normal
2026-02-15 17:46:51.947330,Tokyo-aebe,-12,32,Normal
2026-02-15 17:46:52.947330,Tokyo-aebe,29,52,Normal
2026-02-15 17:46:53.947330,Tokyo-aebe,14,78,Normal
2026-02-15 17:46:54.947330,Tokyo-aebe,25,71,Normal
2026-02-15 17:46:55.947330,Tokyo-aebe,-14,23,Normal
2026-02-15 17:46:56.947330,Tokyo-aebe,-18,21,Normal
2026-02-15 17:46:57.947330,Tokyo-aebe,-5,9,Normal
2026-02-15 17:46:58.947330,Tokyo-aebe,-27,82,Normal
2026-02-15 17:46:59.947330,Tokyo-aebe,1,76,Normal
2026-02-15 17:47:00.947330,Tokyo-aebe,12,70,Normal
2026-02-15 17:47:01.947330,Tokyo-aebe,11,72,Normal
2026-02-15 17:47:02.947330,Tokyo-aebe,-16,14,Normal
2026-02-15 17:47:03.947330,Tokyo-aebe,30,29,Normal
2026-02-15 17:47:04.947330,Tokyo-aebe,7,2,Normal
2026-02-15 17:47:05.947330,Tokyo-aebe,28,84,Normal
2026-02-15 17:47:06.947330,Tokyo-aebe,25,67,Normal
2026-02-15 17:47:07.947330,Tokyo-aebe,24,68,Normal
2026-02-15 17:47:08.947330,Tokyo-aebe,27,38,Normal
2026-02-15 17:47:09.947330,Tokyo-aebe,-30,2,Normal
2026-02-15 17:47:10.947330,Tokyo-aebe,-28,75,Normal
2026-02-15 17:47:11.947330,Tokyo-aebe,31,90,Normal
2026-02-15 17:47:12.947330,Tokyo-aebe,10,23,Normal
2026-02-15 17:47:13.947330,Tokyo-aebe,13,10,Normal
2026-02-15 17:47:14.947330,Tokyo-aebe,18,11,Normal
2026-02-15 17:47:15.947330,Tokyo-aebe,14,4,Normal
2026-02-15 17:47:16.947330,Tokyo-aebe,49,55,Normal
2026-02-15 17:47:17.947330,Tokyo-aebe,-18,7,Normal
2026-02-15 17:47:18.947330,Tokyo-aebe,-28,62,Normal
2026-02-15 17:47:19.947330,Tokyo-aebe,37,29,Normal
2026-02-15 17:47:20.947330,Tokyo-aebe,-25,54,Normal
2026-02-15 17:47:21.947330,Tokyo-aebe,0,70,Normal
2026-02-15 17:47:22.947330,Tokyo-aebe,-9,95,Normal
2026-02-15 17:47:23.947330,Tokyo-aebe,-1,93,Normal
2026-02-15 17:47:24.947330,Tokyo-aebe,-12,2,Normal
2026-02-15 17:47:25.947330,Tokyo-aebe,-8,55,Normal
2026-02-15 17:47:26.947330,Tokyo-aebe,-17,28,Normal
2026-02-15 17:47:27.947330,Tokyo-aebe,48,15,Normal
2026-02-15 17:47:28.947330,Tokyo-aebe,-14,62,Normal
2026-02-15 17:47:29.947330,Tokyo-aebe,50,49,Normal
2026-02-15 17:47:30.947330,Tokyo-aebe,-28,78,Normal
2026-02-15 17:47:31.947330,Tokyo-aebe,-7,90,Normal
2026-02-15 17:47:32.947330,Tokyo-aebe,24,53,Normal
2026-02-15 17:47:33.947330,Tokyo-aebe,0,24,Normal
2026-02-15 17:47:34.947330,Tokyo-aebe,17,77,Normal
2026-02-15 17:47:35.947330,Tokyo-aebe,5,79,Normal
2026-02-15 17:47:36.947330,Tokyo-aebe,12,64,Normal
2026-02-15 17:47:37.947330,Tokyo-aebe,41,52,Normal
2026-02-15 17:47:38.947330,Tokyo-aebe,-6,7,Normal
2026-02-15 17:47:39.947330,Tokyo-aebe,39,78,Normal
2026-02-15 17:47:40.947330,Tokyo-aebe,42,18,Normal
2026-02-15 17:47:41.947330,Tokyo-aebe,-5,68,Normal
2026-02-15 17:47:42.947330,Tokyo-aebe,14,64,Normal
2026-02-15 17:47:43.947330,Tokyo-aebe,6,42,Normal
2026-02-15 17:47:44.947330,Tokyo-aebe,19,4,Normal
2026-02-15 17:47:45.947330,Tokyo-aebe,23,75,Normal
2026-02-15 17:47:46.947330,Tokyo-aebe,17,45,Normal
2026-02-15 17:47:47.947330,Tokyo-aebe,-9,9,Normal
2026-02-15 17:47:48.947330,Tokyo-aebe,-9,34,Normal
2026-02-15 17:47:49.947330,Tokyo-aebe,-16,54,Normal
2026-02-15 17:47:50.947330,Tokyo-aebe,29,1,Normal
2026-02-15 17:47:51.947330,Tokyo-aebe,-2,6,Normal
2026-02-15 17:47:52.947330,Tokyo-aebe,-7,25,Normal
2026-02-15 17:47:53.947330,Tokyo-aebe,-1,47,Normal
2026-02-15 17:47:54.947330,Tokyo-aebe,-28,75,Normal
2026-02-15 17:47:55.947330,Tokyo-aebe,42,34,Normal
2026-02-15 17:47:56.947330,Tokyo-aebe,-27,27,Normal
2026-02-15 17:47:57.947330,Tokyo-aebe,9,56,Normal
2026-02-15 17:47:58.947330,Tokyo-aebe,34,11,Normal
2026-02-15 17:47:59.947330,Tokyo-aebe,15,39,Normal
2026-02-15 17:48:00.947330,Tokyo-aebe,-8,22,Normal
2026-02-15 17:48:01.947330,Tokyo-aebe,-11,57,Normal
2026-02-15 17:48:02.947330,Tokyo-aebe,18,21,Normal
2026-02-15 17:48:03.947330,Tokyo-aebe,3,75,Normal
2026-02-15 17:48:04.947330,Tokyo-aebe,42,60,Normal
2026-02-15 17:48:05.947330,Tokyo-aebe,-5,15,Normal
2026-02-15 17:48:06.947330,Tokyo-aebe,-15,33,Normal
2026-02-15 17:48:07.947330,Tokyo-aebe,43,62,Normal
2026-02-15 17:48:08.947330,Tokyo-aebe,12,86,Normal
2026-02-15 17:48:09.947330,Tokyo-aebe,9,22,Normal
2026-02-15 17:48:10.947330,Tokyo-aebe,1,14,Normal
2026-02-15 17:48:11.947330,Tokyo-aebe,-21,28,Normal
2026-02-15 17:48:12.947330,Tokyo-aebe,-24,100,Normal
2026-02-15 17:48:13.947330,Tokyo-aebe,4,68,Normal
2026-02-15 17:48:14.947330,Tokyo-aebe,-4,9,Normal
2026-02-15 17:48:15.947330,Tokyo-aebe,13,52,Normal
2026-02-15 17:48:16.947330,Tokyo-aebe,34,81,Normal
2026-02-15 17:48:17.947330,Tokyo-aebe,-11,21,Normal
2026-02-15 17:48:18.947330,Tokyo-aebe,-10,48,Normal
2026-02-15 17:48:19.947330,Tokyo-aebe,-27,42,Normal
2026-02-15 17:48:20.947330,Tokyo-aebe,12,71,Normal
2026-02-15 17:48:21.947330,Tokyo-aebe,26,64,Normal
2026-02-15 17:48:22.947330,Tokyo-aebe,2,46,Normal
2026-02-15 17:48:23.947330,Tokyo-aebe,-2,37,Normal
2026-02-15 17:48:24.947330,Tokyo-aebe,-19,25,Normal
2026-02-15 17:48:25.947330,Tokyo-aebe,29,16,Normal
2026-02-15 17:48:26.947330,Tokyo-aebe,-11,75,Normal
2026-02-15 17:48:27.947330,Tokyo-aebe,10,32,Normal
2026-02-15 17:48:28.947330,Tokyo-aebe,36,24,Normal
2026-02-15 17:48:29.947330,Tokyo-aebe,-26,39,Normal
2026-02-15 17:48:30.947330,Tokyo-aebe,26,62,Normal
2026-02-15 17:48:31.947330,Tokyo-aebe,-22,69,Normal
2026-02-15 17:48:32.947330,Tokyo-aebe,-22,47,Normal
2026-02-15 17:48:33.947330,Tokyo-aebe,12,80,Normal
2026-02-15 17:48:34.947330,Tokyo-aebe,16,82,Normal
2026-02-15 17:48:35.947330,Tokyo-aebe,3,25,Normal
2026-02-15 17:48:36.947330,Tokyo-aebe,50,18,Normal
2026-02-15 17:48:37.947330,Tokyo-aebe,-28,23,Normal
2026-02-15 17:48:38.947330,Tokyo-aebe,-28,78,Normal
2026-02-15 17:48:39.947330,Tokyo-aebe,-6,86,Normal
2026-02-15 17:48:40.947330,Tokyo-aebe,-14,52,Normal
2026-02-15 17:48:41.947330,Tokyo-aebe,20,18,Normal
2026-02-15 17:48:42.947330,Tokyo-aebe,43,56,Normal
2026-02-15 17:48:43.947330,Tokyo-aebe,-5,1,Normal
2026-02-15 17:48:44.947330,Tokyo-aebe,27,68,Normal
2026-02-15 17:48:45.947330,Tokyo-aebe,28,94,Normal
2026-02-15 17:48:46.947330,Tokyo-aebe,26,74,Normal
2026-02-15 17:48:47.947330,Tokyo-aebe,-14,76,Normal
2026-02-15 17:48:48.947330,Tokyo-aebe,34,9,Normal
2026-02-15 17:48:49.947330,Tokyo-aebe,36,7,Normal
2026-02-15 17:48:50.947330,Tokyo-aebe,-6,24,Normal
2026-02-15 17:48:51.947330,Tokyo-aebe,-16,36,Normal
2026-02-15 17:48:52.947330,Tokyo-aebe,38,58,Normal
2026-02-15 17:48:53.947330,Tokyo-aebe,29,3,Normal
2026-02-15 17:48:54.947330,Tokyo-aebe,45,55,Normal
2026-02-15 17:48:55.947330,Tokyo-aebe,6,55,Normal
2026-02-15 17:48:56.947330,Tokyo-aebe,4,54,Normal
2026-02-15 17:48:57.947330,Tokyo-aebe,-24,4,Normal
2026-02-15 17:48:58.947330,Tokyo-aebe,28,50,Normal
2026-02-15 17:48:59.947330,Tokyo-aebe,10,76,Normal
2026-02-15 17:49:00.947330,Tokyo-aebe,40,66,Normal
2026-02-15 17:49:01.947330,Tokyo-aebe,-24,81,Normal
2026-02-15 17:49:02.947330,Tokyo-aebe,29,32,Normal
2026-02-15 17:49:03.947330,Tokyo-aebe,35,7,Normal
2026-02-15 17:49:04.947330,Tokyo-aebe,-8,57,Normal
2026-02-15 17:49:05.947330,Tokyo-aebe,-24,48,Normal
2026-02-15 17:49:06.947330,Tokyo-aebe,1,75,Normal
2026-02-15 17:49:07.947330,Tokyo-aebe,21,3,Normal
2026-02-15 17:49:08.947330,Tokyo-aebe,38,82,Normal
2026-02-15 17:49:09.947330,Tokyo-aebe,-22,28,Normal
2026-02-15 17:49:10.947330,Tokyo-aebe,25,70,Normal
2026-02-15 17:49:11.947330,Tokyo-aebe,26,60,Normal
2026-02-15 17:49:12.947330,Tokyo-aebe,34,98,Normal
2026-02-15 17:49:13.947330,Tokyo-aebe,-14,55,Normal
2026-02-15 17:49:14.947330,Tokyo-aebe,3,67,Normal
2026-02-15 17:49:15.947330,Tokyo-aebe,40,2,Normal
2026-02-15 17:49:16.947330,Tokyo-aebe,17,27,Normal
2026-02-15 17:49:17.947330,Tokyo-aebe,32,41,Normal
2026-02-15 17:49:18.947330,Tokyo-aebe,41,32,Normal
2026-02-15 17:49:19.947330,Tokyo-aebe,49,48,Normal
2026-02-15 17:49:20.947330,Tokyo-aebe,-25,61,Normal
2026-02-15 17:49:21.947330,Tokyo-aebe,-7,44,Normal
2026-02-15 17:49:22.947330,Tokyo-aebe,-10,0,Normal
2026-02-15 17:49:23.947330,Tokyo-aebe,49,90,Normal
2026-02-15 17:49:24.947330,Tokyo-aebe,-29,1,Normal
2026-02-15 17:49:25.947330,Tokyo-aebe,14,4,Normal
2026-02-15 17:49:26.947330,Tokyo-aebe,-10,2,Normal
2026-02-15 17:49:27.947330,Tokyo-aebe,-3,82,Normal
2026-02-15 17:49:28.947330,Tokyo-aebe,-3,41,Normal
2026-02-15 17:49:29.947330,Tokyo-aebe,2,85,Normal
2026-02-15 17:49:30.947330,Tokyo-aebe,45,72,Normal
2026-02-15 17:49:31.947330,Tokyo-aebe,30,72,Normal
2026-02-15 17:49:32.947330,Tokyo-aebe,-5,52,Normal
2026-02-15 17:49:33.947330,Tokyo-aebe,17,79,Normal
2026-02-15 17:49:34.947330,Tokyo-aebe,-5,41,Normal
2026-02-15 17:49:35.947330,Tokyo-aebe,31,52,Normal
2026-02-15 17:49:36.947330,Tokyo-aebe,8,8,Normal
2026-02-15 17:49:37.947330,Tokyo-aebe,20,5,Normal
2026-02-15 17:49:38.947330,Tokyo-aebe,15,31,Normal
2026-02-15 17:49:39.947330,Tokyo-aebe,49,92,Normal
2026-02-15 17:49:40.947330,Tokyo-aebe,25,63,Normal
2026-02-15 17:49:41.947330,Tokyo-aebe,35,40,Normal
2026-02-15 17:49:42.947330,Tokyo-aebe,4,25,Normal
2026-02-15 17:49:43.947330,Tokyo-aebe,1,0,Normal
2026-02-15 17:49:44.947330,Tokyo-aebe,-25,19,Normal
2026-02-15 17:49:45.947330,Tokyo-aebe,26,93,Normal
2026-02-15 17:49:46.947330,Tokyo-aebe,-23,9,Normal
2026-02-15 17:49:47.947330,Tokyo-aebe,-2,84,Normal
2026-02-15 17:49:48.947330,Tokyo-aebe,-17,16,Normal
2026-02-15 17:49:49.947330,Tokyo-aebe,50,60,Normal
2026-02-15 17:49:50.947330,Tokyo-aebe,47,11,Normal
2026-02-15 17:49:51.947330,Tokyo-aebe,30,78,Normal
2026-02-15 17:49:52.947330,Tokyo-aebe,17,60,Normal
2026-02-15 17:49:53.947330,Tokyo-aebe,-19,15,Normal
2026-02-15 17:49:54.947330,Tokyo-aebe,-18,1,Normal
2026-02-15 17:49:55.947330,Tokyo-aebe,-29,8,Normal
2026-02-15 17:49:56.947330,Tokyo-aebe,18,73,Normal
2026-02-15 17:49:57.947330,Tokyo-aebe,48,44,Normal
2026-02-15 17:49:58.947330,Tokyo-aebe,9,48,Normal
2026-02-15 17:49:59.947330,Tokyo-aebe,-27,73,Normal
2026-02-15 17:50:00.947330,Tokyo-aebe,19,70,Normal
2026-02-15 17:50:01.947330,Tokyo-aebe,16,95,Normal
2026-02-15 17:50:02.947330,Tokyo-aebe,35,59,Normal
2026-02-15 17:50:03.947330,Tokyo-aebe,-14,56,Normal
2026-02-15 17:50:04.947330,Tokyo-aebe,15,80,Normal
2026-02-15 17:50:05.947330,Tokyo-aebe,19,83,Normal
2026-02-15 17:50:06.947330,Tokyo-aebe,-5,78,Normal
2026-02-15 17:50:07.947330,Tokyo-aebe,9,25,Normal
2026-02-15 17:50:08.947330,Tokyo-aebe,-29,76,Normal
2026-02-15 17:50:09.947330,Tokyo-aebe,5,100,Normal
2026-02-15 17:50:10.947330,Tokyo-aebe,15,66,Normal
2026-02-15 17:50:11.947330,Tokyo-aebe,9,15,Normal
2026-02-15 17:50:12.947330,Tokyo-aebe,36,20,Normal
2026-02-15 17:50:13.947330,Tokyo-aebe,13,8,Normal
2026-02-15 17:50:14.947330,Tokyo-aebe,-19,9,Normal
2026-02-15 17:50:15.947330,Tokyo-aebe,23,99,Normal
2026-02-15 17:50:16.947330,Tokyo-aebe,-19,24,Normal
2026-02-15 17:50:17.947330,Tokyo-aebe,7,64,Normal
2026-02-15 17:50:18.947330,Tokyo-aebe,-13,12,Normal
2026-02-15 17:50:19.947330,Tokyo-aebe,32,23,Normal
2026-02-15 17:50:20.947330,Tokyo-aebe,24,84,Normal
2026-02-15 17:50:21.947330,Tokyo-aebe,-1,60,Normal
2026-02-15 17:50:22.947330,Tokyo-aebe,-9,29,Normal
2026-02-15 17:50:23.947330,Tokyo-aebe,47,79,Normal
2026-02-15 17:50:24.947330,Tokyo-aebe,-8,7,Normal
2026-02-15 17:50:25.947330,Tokyo-aebe,-11,85,Normal
2026-02-15 17:50:26.947330,Tokyo-aebe,41,60,Normal
2026-02-15 17:50:27.947330,Tokyo-aebe,39,66,Normal
2026-02-15 17:50:28.947330,Tokyo-aebe,23,3,Normal
2026-02-15 17:50:29.947330,Tokyo-aebe,-24,7,Normal
2026-02-15 17:50:30.947330,Tokyo-aebe,-29,91,Normal
2026-02-15 17:50:31.947330,Tokyo-aebe,47,59,Normal
2026-02-15 17:50:32.947330,Tokyo-aebe,27,78,Normal
2026-02-15 17:50:33.947330,Tokyo-aebe,49,15,Normal
2026-02-15 17:50:34.947330,Tokyo-aebe,-5,16,Normal
2026-02-15 17:50:35.947330,Tokyo-aebe,42,28,Normal
2026-02-15 17:50:36.947330,Tokyo-aebe,19,41,Normal
2026-02-15 17:50:37.947330,Tokyo-aebe,18,75,Normal
2026-02-15 17:50:38.947330,Tokyo-aebe,37,83,Normal
2026-02-15 17:50:39.947330,Tokyo-aebe,-27,12,Normal
2026-02-15 17:50:40.947330,Tokyo-aebe,3,96,Normal
2026-02-15 17:50:41.947330,Tokyo-aebe,24,13,Normal
2026-02-15 17:50:42.947330,Tokyo-aebe,7,50,Normal
2026-02-15 17:50:43.947330,Tokyo-aebe,48,99,Normal
2026-02-15 17:50:44.947330,Tokyo-aebe,1,30,Normal
2026-02-15 17:50:45.947330,Tokyo-aebe,3,13,Normal
2026-02-15 17:50:46.947330,Tokyo-aebe,-18,60,Normal
2026-02-15 17:50:47.947330,Tokyo-aebe,4,76,Normal
2026-02-15 17:50:48.947330,Tokyo-aebe,-18,5,Normal
2026-02-15 17:50:49.947330,Tokyo-aebe,-11,25,Normal
2026-02-15 17:50:50.947330,Tokyo-aebe,-5,3,Normal
2026-02-15 17:50:51.947330,Tokyo-aebe,48,15,Normal
2026-02-15 17:50:52.947330,Tokyo-aebe,17,27,Normal
2026-02-15 17:50:53.947330,Tokyo-aebe,19,18,Normal
2026-02-15 17:50:54.947330,Tokyo-aebe,-12,99,Normal
2026-02-15 17:50:55.947330,Tokyo-aebe,-25,66,Normal
2026-02-15 17:50:56.947330,Tokyo-aebe,-30,35,Normal
2026-02-15 17:50:57.947330,Tokyo-aebe,-8,2,Normal
2026-02-15 17:50:58.947330,Tokyo-aebe,-19,84,Normal
2026-02-15 17:50:59.947330,Tokyo-aebe,-25,57,Normal
2026-02-15 17:51:00.947330,Tokyo-aebe,-5,82,Normal
2026-02-15 17:51:01.947330,Tokyo-aebe,20,3,Normal
2026-02-15 17:51:02.947330,Tokyo-aebe,31,68,Normal
2026-02-15 17:51:03.947330,Tokyo-aebe,2,22,Normal
2026-02-15 17:51:04.947330,Tokyo-aebe,18,74,Normal
2026-02-15 17:51:05.947330,Tokyo-aebe,-22,79,Normal
2026-02-15 17:51:06.947330,Tokyo-aebe,32,15,Normal
2026-02-15 17:51:07.947330,Tokyo-aebe,4,39,Normal
2026-02-15 17:51:08.947330,Tokyo-aebe,-24,9,Normal
2026-02-15 17:51:09.947330,Tokyo-aebe,49,68,Normal
2026-02-15 17:51:10.947330,Tokyo-aebe,21,36,Normal
2026-02-15 17:51:11.947330,Tokyo-aebe,45,5,Normal
2026-02-15 17:51:12.947330,Tokyo-aebe,-13,59,Normal
2026-02-15 17:51:13.947330,Tokyo-aebe,-22,6,Normal
2026-02-15 17:51:14.947330,Tokyo-aebe,33,15,Normal
2026-02-15 17:51:15.947330,Tokyo-aebe,12,100,Normal
2026-02-15 17:51:16.947330,Tokyo-aebe,42,74,Normal
2026-02-15 17:51:17.947330,Tokyo-aebe,-8,67,Normal
2026-02-15 17:51:18.947330,Tokyo-aebe,20,29,Normal
2026-02-15 17:51:19.947330,Tokyo-aebe,-20,23,Normal
2026-02-15 17:51:20.947330,Tokyo-aebe,46,51,Normal
2026-02-15 17:51:21.947330,Tokyo-aebe,10,30,Normal
2026-02-15 17:51:22.947330,Tokyo-aebe,25,82,Normal
2026-02-15 17:51:23.947330,Tokyo-aebe,-5,36,Normal
2026-02-15 17:51:24.947330,Tokyo-aebe,22,52,Normal
2026-02-15 17:51:25.947330,Tokyo-aebe,20,87,Normal
2026-02-15 17:51:26.947330,Tokyo-aebe,30,68,Normal
2026-02-15 17:51:27.947330,Tokyo-aebe,39,54,Normal
2026-02-15 17:51:28.947330,Tokyo-aebe,27,63,Normal
2026-02-15 17:51:29.947330,Tokyo-aebe,36,7,Normal
2026-02-15 17:51:30.947330,Tokyo-aebe,-23,79,Normal
2026-02-15 17:51:31.947330,Tokyo-aebe,-15,94,Normal
2026-02-15 17:51:32.947330,Tokyo-aebe,-8,59,Normal
2026-02-15 17:51:33.947330,Tokyo-aebe,21,91,Normal
2026-02-15 17:51:34.947330,Tokyo-aebe,13,98,Normal
2026-02-15 17:51:35.947330,Tokyo-aebe,-26,55,Normal
2026-02-15 17:51:36.947330,Tokyo-aebe,-16,18,Normal
2026-02-15 17:51:37.947330,Tokyo-aebe,-24,32,Normal
2026-02-15 17:51:38.947330,Tokyo-aebe,16,9,Normal
2026-02-15 17:51:39.947330,Tokyo-aebe,30,60,Normal
2026-02-15 17:51:40.947330,Tokyo-aebe,-5,100,Normal
2026-02-15 17:51:41.947330,Tokyo-aebe,-26,15,Normal
2026-02-15 17:51:42.947330,Tokyo-aebe,-3,82,Normal
2026-02-15 17:51:43.947330,Tokyo-aebe,-9,40,Normal
2026-02-15 17:51:44.947330,Tokyo-aebe,27,55,Normal
2026-02-15 17:51:45.947330,Tokyo-aebe,37,80,Normal
2026-02-15 17:51:46.947330,Tokyo-aebe,35,46,Normal
2026-02-15 17:51:47.947330,Tokyo-aebe,-22,60,Normal
2026-02-15 17:51:48.947330,Tokyo-aebe,-15,10,Normal
2026-02-15 17:51:49.947330,Tokyo-aebe,8,69,Normal
2026-02-15 17:51:50.947330,Tokyo-aebe,48,14,Normal
2026-02-15 17:51:51.947330,Tokyo-aebe,29,61,Normal
2026-02-15 17:51:52.947330,Tokyo-aebe,47,27,Normal
2026-02-15 17:51:53.947330,Tokyo-aebe,5,0,Normal
2026-02-15 17:51:54.947330,Tokyo-aebe,25,76,Normal
2026-02-15 17:51:55.947330,Tokyo-aebe,5,12,Normal
2026-02-15 17:51:56.947330,Tokyo-aebe,-19,6,Normal
2026-02-15 17:51:57.947330,Tokyo-aebe,-26,42,Normal
2026-02-15 17:51:58.947330,Tokyo-aebe,-15,65,Normal
2026-02-15 17:51:59.947330,Tokyo-aebe,-11,75,Normal
2026-02-15 17:52:00.947330,Tokyo-aebe,33,87,Normal
2026-02-15 17:52:01.947330,Tokyo-aebe,23,94,Normal
2026-02-15 17:52:02.947330,Tokyo-aebe,32,71,Normal
2026-02-15 17:52:03.947330,Tokyo-aebe,39,27,Normal
2026-02-15 17:52:04.947330,Tokyo-aebe,39,96,Normal
2026-02-15 17:52:05.947330,Tokyo-aebe,-30,78,Normal
2026-02-15 17:52:06.947330,Tokyo-aebe,-8,55,Normal
2026-02-15 17:52:07.947330,Tokyo-aebe,-16,35,Normal
2026-02-15 17:52:08.947330,Tokyo-aebe,12,77,Normal
2026-02-15 17:52:09.947330,Tokyo-aebe,41,87,Normal
2026-02-15 17:52:10.947330,Tokyo-aebe,25,1,Normal
2026-02-15 17:52:11.947330,Tokyo-aebe,-17,26,Normal
2026-02-15 17:52:12.947330,Tokyo-aebe,-29,21,Normal
2026-02-15 17:52:13.947330,Tokyo-aebe,-23,86,Normal
2026-02-15 17:52:14.947330,Tokyo-aebe,45,97,Normal
2026-02-15 17:52:15.947330,Tokyo-aebe,49,77,Normal
2026-02-15 17:52:16.947330,Tokyo-aebe,23,77,Normal
2026-02-15 17:52:17.947330,Tokyo-aebe,48,91,Normal
2026-02-15 17:52:18.947330,Tokyo-aebe,22,45,Normal
2026-02-15 17:52:19.947330,Tokyo-aebe,22,49,Normal
2026-02-15 17:52:20.947330,Tokyo-aebe,-2,66,Normal
2026-02-15 17:52:21.947330,Tokyo-aebe,45,41,Normal
2026-02-15 17:52:22.947330,Tokyo-aebe,23,45,Normal
2026-02-15 17:52:23.947330,Tokyo-aebe,27,25,Normal
2026-02-15 17:52:24.947330,Tokyo-aebe,-23,52,Normal
2026-02-15 17:52:25.947330,Tokyo-aebe,36,17,Normal
2026-02-15 17:52:26.947330,Tokyo-aebe,46,17,Normal
2026-02-15 17:52:27.947330,Tokyo-aebe,3,69,Normal
2026-02-15 17:52:28.947330,Tokyo-aebe,12,73,Normal
2026-02-15 17:52:29.947330,Tokyo-aebe,6,19,Normal
2026-02-15 17:52:30.947330,Tokyo-aebe,34,82,Normal
2026-02-15 17:52:31.947330,Tokyo-aebe,39,99,Normal
2026-02-15 17:52:32.947330,Tokyo-aebe,-6,14,Normal
2026-02-15 17:52:33.947330,Tokyo-aebe,6,61,Normal
2026-02-15 17:52:34.947330,Tokyo-aebe,13,39,Normal
2026-02-15 17:52:35.947330,Tokyo-aebe,11,86,Normal
2026-02-15 17:52:36.947330,Tokyo-aebe,-3,48,Normal
2026-02-15 17:52:37.947330,Tokyo-aebe,-20,29,Normal
2026-02-15 17:52:38.947330,Tokyo-aebe,37,17,Normal
2026-02-15 17:52:39.947330,Tokyo-aebe,0,31,Normal
2026-02-15 17:52:40.947330,Tokyo-aebe,31,88,Normal
2026-02-15 17:52:41.947330,Tokyo-aebe,34,89,Normal
2026-02-15 17:52:42.947330,Tokyo-aebe,-2,4,Normal
2026-02-15 17:52:43.947330,Tokyo-aebe,-4,46,Normal
2026-02-15 17:52:44.947330,Tokyo-aebe,-1,5,Normal
2026-02-15 17:52:45.947330,Tokyo-aebe,15,48,Normal
2026-02-15 17:52:46.947330,Tokyo-aebe,35,6,Normal
2026-02-15 17:52:47.947330,Tokyo-aebe,-5,48,Normal
2026-02-15 17:52:48.947330,Tokyo-aebe,-14,75,Normal
2026-02-15 17:52:49.947330,Tokyo-aebe,0,84,Normal
2026-02-15 17:52:50.947330,Tokyo-aebe,-23,88,Normal
2026-02-15 17:52:51.947330,Tokyo-aebe,-12,8,Normal
2026-02-15 17:52:52.947330,Tokyo-aebe,-15,6,Normal
2026-02-15 17:52:53.947330,Tokyo-aebe,-27,64,Normal
2026-02-15 17:52:54.947330,Tokyo-aebe,-19,96,Normal
2026-02-15 17:52:55.947330,Tokyo-aebe,50,3,Normal
2026-02-15 17:52:56.947330,Tokyo-aebe,29,50,Normal
2026-02-15 17:52:57.947330,Tokyo-aebe,3,44,Normal
2026-02-15 17:52:58.947330,Tokyo-aebe,-16,36,Normal
2026-02-15 17:52:59.947330,Tokyo-aebe,-3,91,Normal
2026-02-15 17:53:00.947330,Tokyo-aebe,48,1,Normal
2026-02-15 17:53:01.947330,Tokyo-aebe,-20,33,Normal
2026-02-15 17:53:02.947330,Tokyo-aebe,16,13,Normal
2026-02-15 17:53:03.947330,Tokyo-aebe,-24,100,Normal
2026-02-15 17:53:04.947330,Tokyo-aebe,15,25,Normal
2026-02-15 17:53:05.947330,Tokyo-aebe,-24,85,Normal
2026-02-15 17:53:06.947330,Tokyo-aebe,19,11,Normal
2026-02-15 17:53:07.947330,Tokyo-aebe,-12,78,Normal
2026-02-15 17:53:08.947330,Tokyo-aebe,5,67,Normal
2026-02-15 17:53:09.947330,Tokyo-aebe,-29,74,Normal
2026-02-15 17:53:10.947330,Tokyo-aebe,39,55,Normal
2026-02-15 17:53:11.947330,Tokyo-aebe,30,0,Normal
2026-02-15 17:53:12.947330,Tokyo-aebe,10,92,Normal
2026-02-15 17:53:13.947330,Tokyo-aebe,-20,52,Normal
2026-02-15 17:53:14.947330,Tokyo-aebe,-12,51,Normal
2026-02-15 17:53:15.947330,Tokyo-aebe,-20,32,Normal
2026-02-15 17:53:16.947330,Tokyo-aebe,26,58,Normal
2026-02-15 17:53:17.947330,Tokyo-aebe,-7,2,Normal
2026-02-15 17:53:18.947330,Tokyo-aebe,34,34,Normal
2026-02-15 17:53:19.947330,Tokyo-aebe,-28,46,Normal
2026-02-15 17:53:20.947330,Tokyo-aebe,37,8,Normal
2026-02-15 17:53:21.947330,Tokyo-aebe,-10,44,Normal
2026-02-15 17:53:22.947330,Tokyo-aebe,-26,92,Normal
2026-02-15 17:53:23.947330,Tokyo-aebe,32,33,Normal
2026-02-15 17:53:24.947330,Tokyo-aebe,28,11,Normal
2026-02-15 17:53:25.947330,Tokyo-aebe,9,44,Normal
2026-02-15 17:53:26.947330,Tokyo-aebe,8,24,Normal
2026-02-15 17:53:27.947330,Tokyo-aebe,34,67,Normal
2026-02-15 17:53:28.947330,Tokyo-aebe,35,27,Normal
2026-02-15 17:53:29.947330,Tokyo-aebe,-8,97,Normal
2026-02-15 17:53:30.947330,Tokyo-aebe,5,86,Normal
2026-02-15 17:53:31.947330,Tokyo-aebe,22,43,Normal
2026-02-15 17:53:32.947330,Tokyo-aebe,-5,49,Normal
2026-02-15 17:53:33.947330,Tokyo-aebe,9,90,Normal
2026-02-15 17:53:34.947330,Tokyo-aebe,-30,83,Normal
2026-02-15 17:53:35.947330,Tokyo-aebe,-28,27,Normal
2026-02-15 17:53:36.947330,Tokyo-aebe,-24,83,Normal
2026-02-15 17:53:37.947330,Tokyo-aebe,30,87,Normal
2026-02-15 17:53:38.947330,Tokyo-aebe,-15,19,Normal
2026-02-15 17:53:39.947330,Tokyo-aebe,24,86,Normal
2026-02-15 17:53:40.947330,Tokyo-aebe,41,52,Normal
2026-02-15 17:53:41.947330,Tokyo-aebe,-26,77,Normal
2026-02-15 17:53:42.947330,Tokyo-aebe,28,47,Normal
2026-02-15 17:53:43.947330,Tokyo-aebe,26,78,Normal
2026-02-15 17:53:44.947330,Tokyo-aebe,47,96,Normal
2026-02-15 17:53:45.947330,Tokyo-aebe,3,36,Normal
2026-02-15 17:53:46.947330,Tokyo-aebe,-23,69,Normal
2026-02-15 17:53:47.947330,Tokyo-aebe,19,83,Normal
2026-02-15 17:53:48.947330,Tokyo-aebe,33,93,Normal
2026-02-15 17:53:49.947330,Tokyo-aebe,-30,62,Normal
2026-02-15 17:53:50.947330,Tokyo-aebe,32,83,Normal
2026-02-15 17:53:51.947330,Tokyo-aebe,-30,45,Normal
2026-02-15 17:53:52.947330,Tokyo-aebe,18,34,Normal
2026-02-15 17:53:53.947330,Tokyo-aebe,-7,21,Normal
2026-02-15 17:53:54.947330,Tokyo-aebe,-27,93,Normal
2026-02-15 17:53:55.947330,Tokyo-aebe,-20,6,Normal
2026-02-15 17:53:56.947330,Tokyo-aebe,-1,73,Normal
2026-02-15 17:53:57.947330,Tokyo-aebe,6,88,Normal
2026-02-15 17:53:58.947330,Tokyo-aebe,-12,67,Normal
2026-02-15 17:53:59.947330,Tokyo-aebe,36,1,Normal
2026-02-15 17:54:00.947330,Tokyo-aebe,-6,41,Normal
2026-02-15 17:54:01.947330,Tokyo-aebe,-8,20,Normal
2026-02-15 17:54:02.947330,Tokyo-aebe,17,50,Normal
2026-02-15 17:54:03.947330,Tokyo-aebe,18,84,Normal
2026-02-15 17:54:04.947330,Tokyo-aebe,-8,34,Normal
2026-02-15 17:54:05.947330,Tokyo-aebe,41,76,Normal
2026-02-15 17:54:06.947330,Tokyo-aebe,-8,77,Normal
2026-02-15 17:54:07.947330,Tokyo-aebe,-1,13,Normal
2026-02-15 17:54:08.947330,Tokyo-aebe,-10,93,Normal
2026-02-15 17:54:09.947330,Tokyo-aebe,4,53,Normal
2026-02-15 17:54:10.947330,Tokyo-aebe,21,77,Normal
2026-02-15 17:54:11.947330,Tokyo-aebe,-30,88,Normal
2026-02-15 17:54:12.947330,Tokyo-aebe,0,54,Normal
2026-02-15 17:54:13.947330,Tokyo-aebe,10,51,Normal
2026-02-15 17:54:14.947330,Tokyo-aebe,10,30,Normal
2026-02-15 17:54:15.947330,Tokyo-aebe,-20,89,Normal
2026-02-15 17:54:16.947330,Tokyo-aebe,50,32,Normal
2026-02-15 17:54:17.947330,Tokyo-aebe,26,70,Normal
2026-02-15 17:54:18.947330,Tokyo-aebe,-18,73,Normal
2026-02-15 17:54:19.947330,Tokyo-aebe,45,23,Normal
2026-02-15 17:54:20.947330,Tokyo-aebe,-28,77,Normal
2026-02-15 17:54:21.947330,Tokyo-aebe,30,79,Normal
2026-02-15 17:54:22.947330,Tokyo-aebe,45,61,Normal
2026-02-15 17:54:23.947330,Tokyo-aebe,33,58,Normal
2026-02-15 17:54:24.947330,Tokyo-aebe,41,57,Normal
2026-02-15 17:54:25.947330,Tokyo-aebe,17,16,Normal
2026-02-15 17:54:26.947330,Tokyo-aebe,50,18,Normal
2026-02-15 17:54:27.947330,Tokyo-aebe,3,42,Normal
2026-02-15 17:54:28.947330,Tokyo-aebe,-20,95,Normal
2026-02-15 17:54:29.947330,Tokyo-aebe,17,99,Normal
2026-02-15 17:54:30.947330,Tokyo-aebe,41,55,Normal
2026-02-15 17:54:31.947330,Tokyo-aebe,7,46,Normal
2026-02-15 17:54:32.947330,Tokyo-aebe,19,88,Normal
2026-02-15 17:54:33.947330,Tokyo-aebe,24,75,Normal
2026-02-15 17:54:34.947330,Tokyo-aebe,8,27,Normal
2026-02-15 17:54:35.947330,Tokyo-aebe,-7,61,Normal
2026-02-15 17:54:36.947330,Tokyo-aebe,-13,46,Normal
2026-02-15 17:54:37.947330,Tokyo-aebe,-20,68,Normal
2026-02-15 17:54:38.947330,Tokyo-aebe,2,75,Normal
2026-02-15 17:54:39.947330,Tokyo-aebe,44,73,Normal
2026-02-15 17:54:40.947330,Tokyo-aebe,8,48,Normal
2026-02-15 17:54:41.947330,Tokyo-aebe,-14,72,Normal
2026-02-15 17:54:42.947330,Tokyo-aebe,21,62,Normal
2026-02-15 17:54:43.947330,Tokyo-aebe,-25,16,Normal
2026-02-15 17:54:44.947330,Tokyo-aebe,-24,1,Normal
2026-02-15 17:54:45.947330,Tokyo-aebe,10,87,Normal
2026-02-15 17:54:46.947330,Tokyo-aebe,24,69,Normal
2026-02-15 17:54:47.947330,Tokyo-aebe,-10,58,Normal
2026-02-15 17:54:48.947330,Tokyo-aebe,-20,91,Normal
2026-02-15 17:54:49.947330,Tokyo-aebe,-25,47,Normal
2026-02-15 17:54:50.947330,Tokyo-aebe,-5,15,Normal
2026-02-15 17:54:51.947330,Tokyo-aebe,25,93,Normal
2026-02-15 17:54:52.947330,Tokyo-aebe,28,66,Normal
2026-02-15 17:54:53.947330,Tokyo-aebe,33,97,Normal
2026-02-15 17:54:54.947330,Tokyo-aebe,50,30,Normal
2026-02-15 17:54:55.947330,Tokyo-aebe,12,12,Normal
2026-02-15 17:54:56.947330,Tokyo-aebe,31,79,Normal
2026-02-15 17:54:57.947330,Tokyo-aebe,44,56,Normal
2026-02-15 17:54:58.947330,Tokyo-aebe,-23,92,Normal
2026-02-15 17:54:59.947330,Tokyo-aebe,31,73,Normal
2026-02-15 17:55:00.947330,Tokyo-aebe,49,2,Normal
2026-02-15 17:55:01.947330,Tokyo-aebe,-27,0,Normal
2026-02-15 17:55:02.947330,Tokyo-aebe,48,11,Normal
2026-02-15 17:55:03.947330,Tokyo-aebe,-25,93,Normal
2026-02-15 17:55:04.947330,Tokyo-aebe,-4,58,Normal
2026-02-15 17:55:05.947330,Tokyo-aebe,-30,84,Normal
2026-02-15 17:55:06.947330,Tokyo-aebe,-3,26,Normal
2026-02-15 17:55:07.947330,Tokyo-aebe,-8,4,Normal
2026-02-15 17:55:08.947330,Tokyo-aebe,-29,21,Normal
2026-02-15 17:55:09.947330,Tokyo-aebe,7,2,Normal
2026-02-15 17:55:10.947330,Tokyo-aebe,6,47,Normal
2026-02-15 17:55:11.947330,Tokyo-aebe,21,21,Normal
2026-02-15 17:55:12.947330,Tokyo-aebe,4,23,Normal
2026-02-15 17:55:13.947330,Tokyo-aebe,-1,49,Normal
2026-02-15 17:55:14.947330,Tokyo-aebe,-23,80,Normal
2026-02-15 17:55:15.947330,Tokyo-aebe,-27,25,Normal
2026-02-15 17:55:16.947330,Tokyo-aebe,-23,56,Normal
2026-02-15 17:55:17.947330,Tokyo-aebe,-23,44,Normal
2026-02-15 17:55:18.947330,Tokyo-aebe,50,29,Normal
2026-02-15 17:55:19.947330,Tokyo-aebe,0,48,Normal
2026-02-15 17:55:20.947330,Tokyo-aebe,-18,66,Normal
2026-02-15 17:55:21.947330,Tokyo-aebe,-12,46,Normal
2026-02-15 17:55:22.947330,Tokyo-aebe,15,5,Normal
2026-02-15 17:55:23.947330,Tokyo-aebe,-30,6,Normal
2026-02-15 17:55:24.947330,Tokyo-aebe,28,21,Normal
2026-02-15 17:55:25.947330,Tokyo-aebe,7,90,Normal
2026-02-15 17:55:26.947330,Tokyo-aebe,-9,4,Normal
2026-02-15 17:55:27.947330,Tokyo-aebe,12,21,Normal
2026-02-15 17:55:28.947330,Tokyo-aebe,22,25,Normal
2026-02-15 17:55:29.947330,Tokyo-aebe,27,9,Normal
2026-02-15 17:55:30.947330,Tokyo-aebe,-1,87,Normal
2026-02-15 17:55:31.947330,Tokyo-aebe,48,90,Normal
2026-02-15 17:55:32.947330,Tokyo-aebe,-16,85,Normal
2026-02-15 17:55:33.947330,Tokyo-aebe,42,99,Normal
2026-02-15 17:55:34.947330,Tokyo-aebe,-28,45,Normal
2026-02-15 17:55:35.947330,Tokyo-aebe,50,68,Normal
2026-02-15 17:55:36.947330,Tokyo-aebe,10,44,Normal
2026-02-15 17:55:37.947330,Tokyo-aebe,13,60,Normal
2026-02-15 17:55:38.947330,Tokyo-aebe,-25,14,Normal
2026-02-15 17:55:39.947330,Tokyo-aebe,-17,41,Normal
2026-02-15 17:55:40.947330,Tokyo-aebe,49,22,Normal
2026-02-15 17:55:41.947330,Tokyo-aebe,25,32,Normal
2026-02-15 17:55:42.947330,Tokyo-aebe,34,21,Normal
2026-02-15 17:55:43.947330,Tokyo-aebe,6,53,Normal
2026-02-15 17:55:44.947330,Tokyo-aebe,-2,98,Normal
2026-02-15 17:55:45.947330,Tokyo-aebe,-19,75,Normal
2026-02-15 17:55:46.947330,Tokyo-aebe,28,33,Normal
2026-02-15 17:55:47.947330,Tokyo-aebe,40,52,Normal
2026-02-15 17:55:48.947330,Tokyo-aebe,30,6,Normal
2026-02-15 17:55:49.947330,Tokyo-aebe,30,3,Normal
2026-02-15 17:55:50.947330,Tokyo-aebe,3,64,Normal
2026-02-15 17:55:51.947330,Tokyo-aebe,44,12,Normal
2026-02-15 17:55:52.947330,Tokyo-aebe,-9,76,Normal
2026-02-15 17:55:53.947330,Tokyo-aebe,2,40,Normal
2026-02-15 17:55:54.947330,Tokyo-aebe,17,55,Normal
2026-02-15 17:55:55.947330,Tokyo-aebe,-21,31,Normal
2026-02-15 17:55:56.947330,Tokyo-aebe,24,87,Normal
2026-02-15 17:55:57.947330,Tokyo-aebe,-22,3,Normal
2026-02-15 17:55:58.947330,Tokyo-aebe,37,4,Normal
2026-02-15 17:55:59.947330,Tokyo-aebe,-23,89,Normal
2026-02-15 17:56:00.947330,Tokyo-aebe,-11,59,Normal
2026-02-15 17:56:01.947330,Tokyo-aebe,-12,2,Normal
2026-02-15 17:56:02.947330,Tokyo-aebe,-3,51,Normal
2026-02-15 17:56:03.947330,Tokyo-aebe,17,53,Normal
2026-02-15 17:56:04.947330,Tokyo-aebe,39,19,Normal
2026-02-15 17:56:05.947330,Tokyo-aebe,-27,11,Normal
2026-02-15 17:56:06.947330,Tokyo-aebe,39,40,Normal
2026-02-15 17:56:07.947330,Tokyo-aebe,24,26,Normal
2026-02-15 17:56:08.947330,Tokyo-aebe,-9,94,Normal
2026-02-15 17:56:09.947330,Tokyo-aebe,-28,69,Normal
2026-02-15 17:56:10.947330,Tokyo-aebe,16,48,Normal
2026-02-15 17:56:11.947330,Tokyo-aebe,-19,5,Normal
2026-02-15 17:56:12.947330,Tokyo-aebe,36,65,Normal
2026-02-15 17:56:13.947330,Tokyo-aebe,28,90,Normal
2026-02-15 17:56:14.947330,Tokyo-aebe,2,30,Normal
2026-02-15 17:56:15.947330,Tokyo-aebe,37,61,Normal
2026-02-15 17:56:16.947330,Tokyo-aebe,-20,29,Normal
2026-02-15 17:56:17.947330,Tokyo-aebe,24,17,Normal
2026-02-15 17:56:18.947330,Tokyo-aebe,-28,92,Normal
2026-02-15 17:56:19.947330,Tokyo-aebe,3,23,Normal
2026-02-15 17:56:20.947330,Tokyo-aebe,-27,32,Normal
2026-02-15 17:56:21.947330,Tokyo-aebe,-25,15,Normal
2026-02-15 17:56:22.947330,Tokyo-aebe,1,55,Normal
2026-02-15 17:56:23.947330,Tokyo-aebe,-10,58,Normal
2026-02-15 17:56:24.947330,Tokyo-aebe,7,54,Normal
2026-02-15 17:56:25.947330,Tokyo-aebe,-8,9,Normal
2026-02-15 17:56:26.947330,Tokyo-aebe,9,46,Normal
2026-02-15 17:56:27.947330,Tokyo-aebe,-13,16,Normal
2026-02-15 17:56:28.947330,Tokyo-aebe,46,30,Normal
2026-02-15 17:56:29.947330,Tokyo-aebe,0,67,Normal
2026-02-15 17:56:30.947330,Tokyo-aebe,25,90,Normal
2026-02-15 17:56:31.947330,Tokyo-aebe,17,52,Normal
2026-02-15 17:56:32.947330,Tokyo-aebe,16,46,Normal
2026-02-15 17:56:33.947330,Tokyo-aebe,17,86,Normal
2026-02-15 17:56:34.947330,Tokyo-aebe,-20,15,Normal
2026-02-15 17:56:35.947330,Tokyo-aebe,-29,82,Normal
2026-02-15 17:56:36.947330,Tokyo-aebe,-14,17,Normal
2026-02-15 17:56:37.947330,Tokyo-aebe,-29,88,Normal
2026-02-15 17:56:38.947330,Tokyo-aebe,50,1,Normal
2026-02-15 17:56:39.947330,Tokyo-aebe,-7,42,Normal
2026-02-15 17:56:40.947330,Tokyo-aebe,-5,21,Normal
2026-02-15 17:56:41.947330,Tokyo-aebe,-6,43,Normal
2026-02-15 17:56:42.947330,Tokyo-aebe,29,99,Normal
2026-02-15 17:56:43.947330,Tokyo-aebe,-22,94,Normal
2026-02-15 17:56:44.947330,Tokyo-aebe,-16,21,Normal
2026-02-15 17:56:45.947330,Tokyo-aebe,-8,33,Normal
2026-02-15 17:56:46.947330,Tokyo-aebe,-14,91,Normal
2026-02-15 17:56:47.947330,Tokyo-aebe,45,10,Normal
2026-02-15 17:56:48.947330,Tokyo-aebe,32,93,Normal
2026-02-15 17:56:49.947330,Tokyo-aebe,-8,75,Normal
2026-02-15 17:56:50.947330,Tokyo-aebe,3,52,Normal
2026-02-15 17:56:51.947330,Tokyo-aebe,-21,27,Normal
2026-02-15 17:56:52.947330,Tokyo-aebe,2,0,Normal
2026-02-15 17:56:53.947330,Tokyo-aebe,36,65,Normal
2026-02-15 17:56:54.947330,Tokyo-aebe,-10,98,Normal
2026-02-15 17:56:55.947330,Tokyo-aebe,48,13,Normal
2026-02-15 17:56:56.947330,Tokyo-aebe,-2,92,Normal
