timestamp,station_id,temp,humid,condition
2026-02-14 07:54:05.669279,Berlin-7b77,-30,18,Normal
2026-02-14 07:54:06.669279,Berlin-7b77,44,88,Normal
2026-02-14 07:54:07.669279,Berlin-7b77,-13,21,Normal
2026-02-14 07:54:08.669279,Berlin-7b77,-16,80,Normal
2026-02-14 07:54:09.669279,Berlin-7b77,-11,46,Normal
2026-02-14 07:54:10.669279,Berlin-7b77,44,58,Normal
2026-02-14 07:54:11.669279,Berlin-7b77,-24,50,Normal
2026-02-14 07:54:12.669279,Berlin-7b77,23,48,Normal
2026-02-14 07:54:13.669279,Berlin-7b77,-27,75,Normal
2026-02-14 07:54:14.669279,Berlin-7b77,22,44,Normal
2026-02-14 07:54:15.669279,Berlin-7b77,-2,13,Normal
2026-02-14 07:54:16.669279,Berlin-7b77,47,4,Normal
2026-02-14 07:54:17.669279,Berlin-7b77,-23,67,Normal
2026-02-14 07:54:18.669279,Berlin-7b77,23,87,Normal
2026-02-14 07:54:19.669279,Berlin-7b77,38,29,Normal
2026-02-14 07:54:20.669279,Berlin-7b77,-13,79,Normal
2026-02-14 07:54:21.669279,Berlin-7b77,33,57,Normal
2026-02-14 07:54:22.669279,Berlin-7b77,-11,44,Normal
2026-02-14 07:54:23.669279,Berlin-7b77,32,43,Normal
2026-02-14 07:54:24.669279,Berlin-7b77,-3,97,Normal
2026-02-14 07:54:25.669279,Berlin-7b77,6,83,Normal
2026-02-14 07:54:26.669279,Berlin-7b77,32,1,Normal
2026-02-14 07:54:27.669279,Berlin-7b77,16,66,Normal
2026-02-14 07:54:28.669279,Berlin-7b77,50,85,Normal
2026-02-14 07:54:29.669279,Berlin-7b77,24,92,Normal
2026-02-14 07:54:30.669279,Berlin-7b77,-8,53,Normal
2026-02-14 07:54:31.669279,Berlin-7b77,22,8,Normal
2026-02-14 07:54:32.669279,Berlin-7b77,48,9,Normal
2026-02-14 07:54:33.669279,Berlin-7b77,35,72,Normal
2026-02-14 07:54:34.669279,Berlin-7b77,46,59,Normal
2026-02-14 07:54:35.669279,Berlin-7b77,11,20,Normal
2026-02-14 07:54:36.669279,Berlin-7b77,-13,37,Normal
2026-02-14 07:54:37.669279,Berlin-7b77,37,75,Normal
2026-02-14 07:54:38.669279,Berlin-7b77,-29,74,Normal
2026-02-14 07:54:39.669279,Berlin-7b77,45,40,Normal
2026-02-14 07:54:40.669279,Berlin-7b77,-26,6,Normal
2026-02-14 07:54:41.669279,Berlin-7b77,44,86,Normal
2026-02-14 07:54:42.669279,Berlin-7b77,30,24,Normal
2026-02-14 07:54:43.669279,Berlin-7b77,-28,21,Normal
2026-02-14 07:54:44.669279,Berlin-7b77,-28,38,Normal
2026-02-14 07:54:45.669279,Berlin-7b77,5,100,Normal
2026-02-14 07:54:46.669279,Berlin-7b77,11,67,Normal
2026-02-14 07:54:47.669279,Berlin-7b77,-23,63,Normal
2026-02-14 07:54:48.669279,Berlin-7b77,4,78,Normal
2026-02-14 07:54:49.669279,Berlin-7b77,22,47,Normal
2026-02-14 07:54:50.669279,Berlin-7b77,42,75,Normal
2026-02-14 07:54:51.669279,Berlin-7b77,-18,36,Normal
2026-02-14 07:54:52.669279,Berlin-7b77,15,29,Normal
2026-02-14 07:54:53.669279,Berlin-7b77,-29,12,Normal
2026-02-14 07:54:54.669279,Berlin-7b77,25,61,Normal
2026-02-14 07:54:55.669279,Berlin-7b77,-13,58,Normal
2026-02-14 07:54:56.669279,Berlin-7b77,24,71,Normal
2026-02-14 07:54:57.669279,Berlin-7b77,50,25,Normal
2026-02-14 07:54:58.669279,Berlin-7b77,6,28,Normal
2026-02-14 07:54:59.669279,Berlin-7b77,-8,77,Normal
2026-02-14 07:55:00.669279,Berlin-7b77,-21,37,Normal
2026-02-14 07:55:01.669279,Berlin-7b77,27,48,Normal
2026-02-14 07:55:02.669279,Berlin-7b77,-20,26,Normal
2026-02-14 07:55:03.669279,Berlin-7b77,-4,59,Normal
2026-02-14 07:55:04.669279,Berlin-7b77,31,91,Normal
2026-02-14 07:55:05.669279,Berlin-7b77,7,48,Normal
2026-02-14 07:55:06.669279,Berlin-7b77,-15,92,Normal
2026-02-14 07:55:07.669279,Berlin-7b77,4,89,Normal
2026-02-14 07:55:08.669279,Berlin-7b77,-4,80,Normal
2026-02-14 07:55:09.669279,Berlin-7b77,35,11,Normal
2026-02-14 07:55:10.669279,Berlin-7b77,10,64,Normal
2026-02-14 07:55:11.669279,Berlin-7b77,7,99,Normal
2026-02-14 07:55:12.669279,Berlin-7b77,29,77,Normal
2026-02-14 07:55:13.669279,Berlin-7b77,30,66,Normal
2026-02-14 07:55:14.669279,Berlin-7b77,48,22,Normal
2026-02-14 07:55:15.669279,Berlin-7b77,29,7,Normal
2026-02-14 07:55:16.669279,Berlin-7b77,-1,95,Normal
2026-02-14 07:55:17.669279,Berlin-7b77,34,67,Normal
2026-02-14 07:55:18.669279,Berlin-7b77,-21,25,Normal
2026-02-14 07:55:19.669279,Berlin-7b77,50,29,Normal
2026-02-14 07:55:20.669279,Berlin-7b77,-25,22,Normal
2026-02-14 07:55:21.669279,Berlin-7b77,28,26,Normal
2026-02-14 07:55:22.669279,Berlin-7b77,9,44,Normal
2026-02-14 07:55:23.669279,Berlin-7b77,36,15,Normal
2026-02-14 07:55:24.669279,Berlin-7b77,-29,100,Normal
2026-02-14 07:55:25.669279,Berlin-7b77,21,10,Normal
2026-02-14 07:55:26.669279,Berlin-7b77,21,46,Normal
2026-02-14 07:55:27.669279,Berlin-7b77,-23,93,Normal
2026-02-14 07:55:28.669279,Berlin-7b77,-24,3,Normal
2026-02-14 07:55:29.669279,Berlin-7b77,-1,33,Normal
2026-02-14 07:55:30.669279,Berlin-7b77,7,5,Normal
2026-02-14 07:55:31.669279,Berlin-7b77,36,60,Normal
2026-02-14 07:55:32.669279,Berlin-7b77,-27,75,Normal
2026-02-14 07:55:33.669279,Berlin-7b77,5,30,Normal
2026-02-14 07:55:34.669279,Berlin-7b77,-6,66,Normal
2026-02-14 07:55:35.669279,Berlin-7b77,2,50,Normal
2026-02-14 07:55:36.669279,Berlin-7b77,13,71,Normal
2026-02-14 07:55:37.669279,Berlin-7b77,34,38,Normal
2026-02-14 07:55:38.669279,Berlin-7b77,4,45,Normal
2026-02-14 07:55:39.669279,Berlin-7b77,-16,71,Normal
2026-02-14 07:55:40.669279,Berlin-7b77,38,84,Normal
2026-02-14 07:55:41.669279,Berlin-7b77,9,14,Normal
2026-02-14 07:55:42.669279,Berlin-7b77,-29,60,Normal
2026-02-14 07:55:43.669279,Berlin-7b77,-26,9,Normal
2026-02-14 07:55:44.669279,Berlin-7b77,18,48,Normal
2026-02-14 07:55:45.669279,Berlin-7b77,24,85,Normal
2026-02-14 07:55:46.669279,Berlin-7b77,3,73,Normal
2026-02-14 07:55:47.669279,Berlin-7b77,39,2,Normal
2026-02-14 07:55:48.669279,Berlin-7b77,50,89,Normal
2026-02-14 07:55:49.669279,Berlin-7b77,42,55,Normal
2026-02-14 07:55:50.669279,Berlin-7b77,-8,88,Normal
2026-02-14 07:55:51.669279,Berlin-7b77,17,9,Normal
2026-02-14 07:55:52.669279,Berlin-7b77,-4,17,Normal
2026-02-14 07:55:53.669279,Berlin-7b77,14,49,Normal
2026-02-14 07:55:54.669279,Berlin-7b77,1,3,Normal
2026-02-14 07:55:55.669279,Berlin-7b77,47,43,Normal
2026-02-14 07:55:56.669279,Berlin-7b77,-22,98,Normal
2026-02-14 07:55:57.669279,Berlin-7b77,19,82,Normal
2026-02-14 07:55:58.669279,Berlin-7b77,16,55,Normal
2026-02-14 07:55:59.669279,Berlin-7b77,41,92,Normal
2026-02-14 07:56:00.669279,Berlin-7b77,-16,69,Normal
2026-02-14 07:56:01.669279,Berlin-7b77,12,74,Normal
2026-02-14 07:56:02.669279,Berlin-7b77,1,51,Normal
2026-02-14 07:56:03.669279,Berlin-7b77,-10,68,Normal
2026-02-14 07:56:04.669279,Berlin-7b77,-14,77,Normal
2026-02-14 07:56:05.669279,Berlin-7b77,46,22,Normal
2026-02-14 07:56:06.669279,Berlin-7b77,3,94,Normal
2026-02-14 07:56:07.669279,Berlin-7b77,13,8,Normal
2026-02-14 07:56:08.669279,Berlin-7b77,13,37,Normal
2026-02-14 07:56:09.669279,Berlin-7b77,0,86,Normal
2026-02-14 07:56:10.669279,Berlin-7b77,13,70,Normal
2026-02-14 07:56:11.669279,Berlin-7b77,18,60,Normal
2026-02-14 07:56:12.669279,Berlin-7b77,31,78,Normal
2026-02-14 07:56:13.669279,Berlin-7b77,15,43,Normal
2026-02-14 07:56:14.669279,Berlin-7b77,25,31,Normal
2026-02-14 07:56:15.669279,Berlin-7b77,0,12,Normal
2026-02-14 07:56:16.669279,Berlin-7b77,-29,23,Normal
2026-02-14 07:56:17.669279,Berlin-7b77,31,13,Normal
2026-02-14 07:56:18.669279,Berlin-7b77,-2,12,Normal
2026-02-14 07:56:19.669279,Berlin-7b77,-5,29,Normal
2026-02-14 07:56:20.669279,Berlin-7b77,-24,81,Normal
2026-02-14 07:56:21.669279,Berlin-7b77,-5,60,Normal
2026-02-14 07:56:22.669279,Berlin-7b77,-9,96,Normal
2026-02-14 07:56:23.669279,Berlin-7b77,-9,33,Normal
2026-02-14 07:56:24.669279,Berlin-7b77,41,88,Normal
2026-02-14 07:56:25.669279,Berlin-7b77,7,17,Normal
2026-02-14 07:56:26.669279,Berlin-7b77,31,37,Normal
2026-02-14 07:56:27.669279,Berlin-7b77,20,71,Normal
2026-02-14 07:56:28.669279,Berlin-7b77,18,9,Normal
2026-02-14 07:56:29.669279,Berlin-7b77,-28,26,Normal
2026-02-14 07:56:30.669279,Berlin-7b77,35,35,Normal
2026-02-14 07:56:31.669279,Berlin-7b77,16,39,Normal
2026-02-14 07:56:32.669279,Berlin-7b77,-17,12,Normal
2026-02-14 07:56:33.669279,Berlin-7b77,-25,88,Normal
2026-02-14 07:56:34.669279,Berlin-7b77,-16,38,Normal
2026-02-14 07:56:35.669279,Berlin-7b77,13,2,Normal
2026-02-14 07:56:36.669279,Berlin-7b77,10,73,Normal
2026-02-14 07:56:37.669279,Berlin-7b77,12,5,Normal
2026-02-14 07:56:38.669279,Berlin-7b77,36,14,Normal
2026-02-14 07:56:39.669279,Berlin-7b77,-25,46,Normal
2026-02-14 07:56:40.669279,Berlin-7b77,0,92,Normal
2026-02-14 07:56:41.669279,Berlin-7b77,19,52,Normal
2026-02-14 07:56:42.669279,Berlin-7b77,8,77,Normal
2026-02-14 07:56:43.669279,Berlin-7b77,21,53,Normal
2026-02-14 07:56:44.669279,Berlin-7b77,-2,71,Normal
2026-02-14 07:56:45.669279,Berlin-7b77,-3,52,Normal
2026-02-14 07:56:46.669279,Berlin-7b77,24,57,Normal
2026-02-14 07:56:47.669279,Berlin-7b77,46,46,Normal
2026-02-14 07:56:48.669279,Berlin-7b77,-12,54,Normal
2026-02-14 07:56:49.669279,Berlin-7b77,13,27,Normal
2026-02-14 07:56:50.669279,Berlin-7b77,4,96,Normal
2026-02-14 07:56:51.669279,Berlin-7b77,9,56,Normal
2026-02-14 07:56:52.669279,Berlin-7b77,23,91,Normal
2026-02-14 07:56:53.669279,Berlin-7b77,13,84,Normal
2026-02-14 07:56:54.669279,Berlin-7b77,-11,42,Normal
2026-02-14 07:56:55.669279,Berlin-7b77,-14,35,Normal
2026-02-14 07:56:56.669279,Berlin-7b77,7,32,Normal
2026-02-14 07:56:57.669279,Berlin-7b77,10,61,Normal
2026-02-14 07:56:58.669279,Berlin-7b77,-18,59,Normal
2026-02-14 07:56:59.669279,Berlin-7b77,-11,10,Normal
2026-02-14 07:57:00.669279,Berlin-7b77,-30,28,Normal
2026-02-14 07:57:01.669279,Berlin-7b77,8,78,Normal
2026-02-14 07:57:02.669279,Berlin-7b77,12,81,Normal
2026-02-14 07:57:03.669279,Berlin-7b77,8,12,Normal
2026-02-14 07:57:04.669279,Berlin-7b77,41,91,Normal
2026-02-14 07:57:05.669279,Berlin-7b77,11,72,Normal
2026-02-14 07:57:06.669279,Berlin-7b77,-21,34,Normal
2026-02-14 07:57:07.669279,Berlin-7b77,-29,87,Normal
2026-02-14 07:57:08.669279,Berlin-7b77,14,3,Normal
2026-02-14 07:57:09.669279,Berlin-7b77,8,74,Normal
2026-02-14 07:57:10.669279,Berlin-7b77,19,10,Normal
2026-02-14 07:57:11.669279,Berlin-7b77,22,90,Normal
2026-02-14 07:57:12.669279,Berlin-7b77,18,27,Normal
2026-02-14 07:57:13.669279,Berlin-7b77,35,18,Normal
2026-02-14 07:57:14.669279,Berlin-7b77,-21,5,Normal
2026-02-14 07:57:15.669279,Berlin-7b77,23,69,Normal
2026-02-14 07:57:16.669279,Berlin-7b77,37,8,Normal
2026-02-14 07:57:17.669279,Berlin-7b77,-25,30,Normal
2026-02-14 07:57:18.669279,Berlin-7b77,13,86,Normal
2026-02-14 07:57:19.669279,Berlin-7b77,36,67,Normal
2026-02-14 07:57:20.669279,Berlin-7b77,4,20,Normal
2026-02-14 07:57:21.669279,Berlin-7b77,-15,19,Normal
2026-02-14 07:57:22.669279,Berlin-7b77,-1,52,Normal
2026-02-14 07:57:23.669279,Berlin-7b77,-25,76,Normal
2026-02-14 07:57:24.669279,Berlin-7b77,-5,79,Normal
2026-02-14 07:57:25.669279,Berlin-7b77,30,50,Normal
2026-02-14 07:57:26.669279,Berlin-7b77,20,63,Normal
2026-02-14 07:57:27.669279,Berlin-7b77,43,71,Normal
2026-02-14 07:57:28.669279,Berlin-7b77,14,17,Normal
2026-02-14 07:57:29.669279,Berlin-7b77,15,33,Normal
2026-02-14 07:57:30.669279,Berlin-7b77,19,29,Normal
2026-02-14 07:57:31.669279,Berlin-7b77,23,50,Normal
2026-02-14 07:57:32.669279,Berlin-7b77,-15,73,Normal
2026-02-14 07:57:33.669279,Berlin-7b77,19,24,Normal
2026-02-14 07:57:34.669279,Berlin-7b77,8,24,Normal
2026-02-14 07:57:35.669279,Berlin-7b77,-14,100,Normal
2026-02-14 07:57:36.669279,Berlin-7b77,43,70,Normal
2026-02-14 07:57:37.669279,Berlin-7b77,30,28,Normal
2026-02-14 07:57:38.669279,Berlin-7b77,9,57,Normal
2026-02-14 07:57:39.669279,Berlin-7b77,-12,5,Normal
2026-02-14 07:57:40.669279,Berlin-7b77,21,33,Normal
2026-02-14 07:57:41.669279,Berlin-7b77,23,57,Normal
2026-02-14 07:57:42.669279,Berlin-7b77,-1,41,Normal
2026-02-14 07:57:43.669279,Berlin-7b77,42,79,Normal
2026-02-14 07:57:44.669279,Berlin-7b77,-26,39,Normal
2026-02-14 07:57:45.669279,Berlin-7b77,46,11,Normal
2026-02-14 07:57:46.669279,Berlin-7b77,17,23,Normal
2026-02-14 07:57:47.669279,Berlin-7b77,8,96,Normal
2026-02-14 07:57:48.669279,Berlin-7b77,27,85,Normal
2026-02-14 07:57:49.669279,Berlin-7b77,35,2,Normal
2026-02-14 07:57:50.669279,Berlin-7b77,-2,73,Normal
2026-02-14 07:57:51.669279,Berlin-7b77,9,23,Normal
2026-02-14 07:57:52.669279,Berlin-7b77,32,24,Normal
2026-02-14 07:57:53.669279,Berlin-7b77,23,74,Normal
2026-02-14 07:57:54.669279,Berlin-7b77,35,96,Normal
2026-02-14 07:57:55.669279,Berlin-7b77,9,17,Normal
2026-02-14 07:57:56.669279,Berlin-7b77,23,19,Normal
2026-02-14 07:57:57.669279,Berlin-7b77,-7,24,Normal
2026-02-14 07:57:58.669279,Berlin-7b77,5,49,Normal
2026-02-14 07:57:59.669279,Berlin-7b77,9,24,Normal
2026-02-14 07:58:00.669279,Berlin-7b77,-8,83,Normal
2026-02-14 07:58:01.669279,Berlin-7b77,-30,54,Normal
2026-02-14 07:58:02.669279,Berlin-7b77,-22,30,Normal
2026-02-14 07:58:03.669279,Berlin-7b77,13,9,Normal
2026-02-14 07:58:04.669279,Berlin-7b77,28,8,Normal
2026-02-14 07:58:05.669279,Berlin-7b77,1,94,Normal
2026-02-14 07:58:06.669279,Berlin-7b77,-20,83,Normal
2026-02-14 07:58:07.669279,Berlin-7b77,30,53,Normal
2026-02-14 07:58:08.669279,Berlin-7b77,14,21,Normal
2026-02-14 07:58:09.669279,Berlin-7b77,24,41,Normal
2026-02-14 07:58:10.669279,Berlin-7b77,35,14,Normal
2026-02-14 07:58:11.669279,Berlin-7b77,17,25,Normal
2026-02-14 07:58:12.669279,Berlin-7b77,1,91,Normal
2026-02-14 07:58:13.669279,Berlin-7b77,35,96,Normal
2026-02-14 07:58:14.669279,Berlin-7b77,21,42,Normal
2026-02-14 07:58:15.669279,Berlin-7b77,46,77,Normal
2026-02-14 07:58:16.669279,Berlin-7b77,7,34,Normal
2026-02-14 07:58:17.669279,Berlin-7b77,-28,85,Normal
2026-02-14 07:58:18.669279,Berlin-7b77,15,75,Normal
2026-02-14 07:58:19.669279,Berlin-7b77,16,60,Normal
2026-02-14 07:58:20.669279,Berlin-7b77,5,56,Normal
2026-02-14 07:58:21.669279,Berlin-7b77,-19,17,Normal
2026-02-14 07:58:22.669279,Berlin-7b77,50,89,Normal
2026-02-14 07:58:23.669279,Berlin-7b77,30,52,Normal
2026-02-14 07:58:24.669279,Berlin-7b77,45,41,Normal
2026-02-14 07:58:25.669279,Berlin-7b77,7,74,Normal
2026-02-14 07:58:26.669279,Berlin-7b77,21,96,Normal
2026-02-14 07:58:27.669279,Berlin-7b77,20,71,Normal
2026-02-14 07:58:28.669279,Berlin-7b77,0,62,Normal
2026-02-14 07:58:29.669279,Berlin-7b77,-22,32,Normal
2026-02-14 07:58:30.669279,Berlin-7b77,18,35,Normal
2026-02-14 07:58:31.669279,Berlin-7b77,-29,54,Normal
2026-02-14 07:58:32.669279,Berlin-7b77,-15,93,Normal
2026-02-14 07:58:33.669279,Berlin-7b77,39,82,Normal
2026-02-14 07:58:34.669279,Berlin-7b77,-19,13,Normal
2026-02-14 07:58:35.669279,Berlin-7b77,-10,17,Normal
2026-02-14 07:58:36.669279,Berlin-7b77,4,54,Normal
2026-02-14 07:58:37.669279,Berlin-7b77,21,72,Normal
2026-02-14 07:58:38.669279,Berlin-7b77,10,14,Normal
2026-02-14 07:58:39.669279,Berlin-7b77,10,8,Normal
2026-02-14 07:58:40.669279,Berlin-7b77,-13,21,Normal
2026-02-14 07:58:41.669279,Berlin-7b77,-20,43,Normal
2026-02-14 07:58:42.669279,Berlin-7b77,18,43,Normal
2026-02-14 07:58:43.669279,Berlin-7b77,43,6,Normal
2026-02-14 07:58:44.669279,Berlin-7b77,-13,2,Normal
2026-02-14 07:58:45.669279,Berlin-7b77,-28,77,Normal
2026-02-14 07:58:46.669279,Berlin-7b77,-20,0,Normal
2026-02-14 07:58:47.669279,Berlin-7b77,-23,95,Normal
2026-02-14 07:58:48.669279,Berlin-7b77,-13,24,Normal
2026-02-14 07:58:49.669279,Berlin-7b77,-25,68,Normal
2026-02-14 07:58:50.669279,Berlin-7b77,26,35,Normal
2026-02-14 07:58:51.669279,Berlin-7b77,22,100,Normal
2026-02-14 07:58:52.669279,Berlin-7b77,-18,70,Normal
2026-02-14 07:58:53.669279,Berlin-7b77,33,64,Normal
2026-02-14 07:58:54.669279,Berlin-7b77,-24,66,Normal
2026-02-14 07:58:55.669279,Berlin-7b77,21,54,Normal
2026-02-14 07:58:56.669279,Berlin-7b77,-26,24,Normal
2026-02-14 07:58:57.669279,Berlin-7b77,-29,27,Normal
2026-02-14 07:58:58.669279,Berlin-7b77,-21,48,Normal
2026-02-14 07:58:59.669279,Berlin-7b77,34,16,Normal
2026-02-14 07:59:00.669279,Berlin-7b77,29,28,Normal
2026-02-14 07:59:01.669279,Berlin-7b77,46,83,Normal
2026-02-14 07:59:02.669279,Berlin-7b77,5,49,Normal
2026-02-14 07:59:03.669279,Berlin-7b77,10,90,Normal
2026-02-14 07:59:04.669279,Berlin-7b77,34,90,Normal
2026-02-14 07:59:05.669279,Berlin-7b77,38,98,Normal
2026-02-14 07:59:06.669279,Berlin-7b77,-13,51,Normal
2026-02-14 07:59:07.669279,Berlin-7b77,28,26,Normal
2026-02-14 07:59:08.669279,Berlin-7b77,9,20,Normal
2026-02-14 07:59:09.669279,Berlin-7b77,25,64,Normal
2026-02-14 07:59:10.669279,Berlin-7b77,-2,82,Normal
2026-02-14 07:59:11.669279,Berlin-7b77,-25,26,Normal
2026-02-14 07:59:12.669279,Berlin-7b77,13,85,Normal
2026-02-14 07:59:13.669279,Berlin-7b77,26,45,Normal
2026-02-14 07:59:14.669279,Berlin-7b77,-25,24,Normal
2026-02-14 07:59:15.669279,Berlin-7b77,34,49,Normal
2026-02-14 07:59:16.669279,Berlin-7b77,44,38,Normal
2026-02-14 07:59:17.669279,Berlin-7b77,4,54,Normal
2026-02-14 07:59:18.669279,Berlin-7b77,20,59,Normal
2026-02-14 07:59:19.669279,Berlin-7b77,9,91,Normal
2026-02-14 07:59:20.669279,Berlin-7b77,-30,15,Normal
2026-02-14 07:59:21.669279,Berlin-7b77,-8,65,Normal
2026-02-14 07:59:22.669279,Berlin-7b77,33,45,Normal
2026-02-14 07:59:23.669279,Berlin-7b77,30,24,Normal
2026-02-14 07:59:24.669279,Berlin-7b77,16,6,Normal
2026-02-14 07:59:25.669279,Berlin-7b77,40,46,Normal
2026-02-14 07:59:26.669279,Berlin-7b77,46,19,Normal
2026-02-14 07:59:27.669279,Berlin-7b77,27,4,Normal
2026-02-14 07:59:28.669279,Berlin-7b77,-28,11,Normal
2026-02-14 07:59:29.669279,Berlin-7b77,-21,51,Normal
2026-02-14 07:59:30.669279,Berlin-7b77,-10,28,Normal
2026-02-14 07:59:31.669279,Berlin-7b77,-11,78,Normal
2026-02-14 07:59:32.669279,Berlin-7b77,45,7,Normal
2026-02-14 07:59:33.669279,Berlin-7b77,26,50,Normal
2026-02-14 07:59:34.669279,Berlin-7b77,-6,1,Normal
2026-02-14 07:59:35.669279,Berlin-7b77,27,7,Normal
2026-02-14 07:59:36.669279,Berlin-7b77,-16,58,Normal
2026-02-14 07:59:37.669279,Berlin-7b77,-9,69,Normal
2026-02-14 07:59:38.669279,Berlin-7b77,-2,58,Normal
2026-02-14 07:59:39.669279,Berlin-7b77,25,38,Normal
2026-02-14 07:59:40.669279,Berlin-7b77,4,10,Normal
2026-02-14 07:59:41.669279,Berlin-7b77,17,1,Normal
2026-02-14 07:59:42.669279,Berlin-7b77,30,75,Normal
2026-02-14 07:59:43.669279,Berlin-7b77,35,55,Normal
2026-02-14 07:59:44.669279,Berlin-7b77,1,91,Normal
2026-02-14 07:59:45.669279,Berlin-7b77,-25,61,Normal
2026-02-14 07:59:46.669279,Berlin-7b77,4,73,Normal
2026-02-14 07:59:47.669279,Berlin-7b77,-29,31,Normal
2026-02-14 07:59:48.669279,Berlin-7b77,45,57,Normal
2026-02-14 07:59:49.669279,Berlin-7b77,17,16,Normal
2026-02-14 07:59:50.669279,Berlin-7b77,35,18,Normal
2026-02-14 07:59:51.669279,Berlin-7b77,35,46,Normal
2026-02-14 07:59:52.669279,Berlin-7b77,29,60,Normal
2026-02-14 07:59:53.669279,Berlin-7b77,39,73,Normal
2026-02-14 07:59:54.669279,Berlin-7b77,-16,73,Normal
2026-02-14 07:59:55.669279,Berlin-7b77,-11,22,Normal
2026-02-14 07:59:56.669279,Berlin-7b77,-29,80,Normal
2026-02-14 07:59:57.669279,Berlin-7b77,28,34,Normal
2026-02-14 07:59:58.669279,Berlin-7b77,42,84,Normal
2026-02-14 07:59:59.669279,Berlin-7b77,41,96,Normal
2026-02-14 08:00:00.669279,Berlin-7b77,9,33,Normal
2026-02-14 08:00:01.669279,Berlin-7b77,-1,97,Normal
2026-02-14 08:00:02.669279,Berlin-7b77,-22,98,Normal
2026-02-14 08:00:03.669279,Berlin-7b77,20,51,Normal
2026-02-14 08:00:04.669279,Berlin-7b77,19,59,Normal
2026-02-14 08:00:05.669279,Berlin-7b77,36,9,Normal
2026-02-14 08:00:06.669279,Berlin-7b77,-2,24,Normal
2026-02-14 08:00:07.669279,Berlin-7b77,3,57,Normal
2026-02-14 08:00:08.669279,Berlin-7b77,-13,18,Normal
2026-02-14 08:00:09.669279,Berlin-7b77,50,50,Normal
2026-02-14 08:00:10.669279,Berlin-7b77,-9,6,Normal
2026-02-14 08:00:11.669279,Berlin-7b77,45,90,Normal
2026-02-14 08:00:12.669279,Berlin-7b77,-13,92,Normal
2026-02-14 08:00:13.669279,Berlin-7b77,-12,53,Normal
2026-02-14 08:00:14.669279,Berlin-7b77,43,28,Normal
2026-02-14 08:00:15.669279,Berlin-7b77,-14,68,Normal
2026-02-14 08:00:16.669279,Berlin-7b77,33,93,Normal
2026-02-14 08:00:17.669279,Berlin-7b77,0,40,Normal
2026-02-14 08:00:18.669279,Berlin-7b77,36,58,Normal
2026-02-14 08:00:19.669279,Berlin-7b77,19,87,Normal
2026-02-14 08:00:20.669279,Berlin-7b77,31,33,Normal
2026-02-14 08:00:21.669279,Berlin-7b77,31,43,Normal
2026-02-14 08:00:22.669279,Berlin-7b77,-4,67,Normal
2026-02-14 08:00:23.669279,Berlin-7b77,13,63,Normal
2026-02-14 08:00:24.669279,Berlin-7b77,27,49,Normal
2026-02-14 08:00:25.669279,Berlin-7b77,-9,1,Normal
2026-02-14 08:00:26.669279,Berlin-7b77,-6,63,Normal
2026-02-14 08:00:27.669279,Berlin-7b77,-28,39,Normal
2026-02-14 08:00:28.669279,Berlin-7b77,34,52,Normal
2026-02-14 08:00:29.669279,Berlin-7b77,9,84,Normal
2026-02-14 08:00:30.669279,Berlin-7b77,-21,17,Normal
2026-02-14 08:00:31.669279,Berlin-7b77,25,9,Normal
2026-02-14 08:00:32.669279,Berlin-7b77,34,24,Normal
2026-02-14 08:00:33.669279,Berlin-7b77,37,100,Normal
2026-02-14 08:00:34.669279,Berlin-7b77,18,87,Normal
2026-02-14 08:00:35.669279,Berlin-7b77,50,93,Normal
2026-02-14 08:00:36.669279,Berlin-7b77,21,71,Normal
2026-02-14 08:00:37.669279,Berlin-7b77,3,30,Normal
2026-02-14 08:00:38.669279,Berlin-7b77,-1,87,Normal
2026-02-14 08:00:39.669279,Berlin-7b77,9,89,Normal
2026-02-14 08:00:40.669279,Berlin-7b77,-2,85,Normal
2026-02-14 08:00:41.669279,Berlin-7b77,33,6,Normal
2026-02-14 08:00:42.669279,Berlin-7b77,-25,20,Normal
2026-02-14 08:00:43.669279,Berlin-7b77,39,81,Normal
2026-02-14 08:00:44.669279,Berlin-7b77,27,69,Normal
2026-02-14 08:00:45.669279,Berlin-7b77,12,54,Normal
2026-02-14 08:00:46.669279,Berlin-7b77,35,34,Normal
2026-02-14 08:00:47.669279,Berlin-7b77,39,30,Normal
2026-02-14 08:00:48.669279,Berlin-7b77,37,42,Normal
2026-02-14 08:00:49.669279,Berlin-7b77,40,4,Normal
2026-02-14 08:00:50.669279,Berlin-7b77,1,53,Normal
2026-02-14 08:00:51.669279,Berlin-7b77,-8,78,Normal
2026-02-14 08:00:52.669279,Berlin-7b77,30,12,Normal
2026-02-14 08:00:53.669279,Berlin-7b77,26,25,Normal
2026-02-14 08:00:54.669279,Berlin-7b77,39,45,Normal
2026-02-14 08:00:55.669279,Berlin-7b77,42,0,Normal
2026-02-14 08:00:56.669279,Berlin-7b77,16,42,Normal
2026-02-14 08:00:57.669279,Berlin-7b77,13,82,Normal
2026-02-14 08:00:58.669279,Berlin-7b77,-27,45,Normal
2026-02-14 08:00:59.669279,Berlin-7b77,46,24,Normal
2026-02-14 08:01:00.669279,Berlin-7b77,42,4,Normal
2026-02-14 08:01:01.669279,Berlin-7b77,-13,4,Normal
2026-02-14 08:01:02.669279,Berlin-7b77,-5,40,Normal
2026-02-14 08:01:03.669279,Berlin-7b77,-22,53,Normal
2026-02-14 08:01:04.669279,Berlin-7b77,0,67,Normal
2026-02-14 08:01:05.669279,Berlin-7b77,10,51,Normal
2026-02-14 08:01:06.669279,Berlin-7b77,10,54,Normal
2026-02-14 08:01:07.669279,Berlin-7b77,24,37,Normal
2026-02-14 08:01:08.669279,Berlin-7b77,0,90,Normal
2026-02-14 08:01:09.669279,Berlin-7b77,-6,54,Normal
2026-02-14 08:01:10.669279,Berlin-7b77,6,49,Normal
2026-02-14 08:01:11.669279,Berlin-7b77,14,92,Normal
2026-02-14 08:01:12.669279,Berlin-7b77,21,82,Normal
2026-02-14 08:01:13.669279,Berlin-7b77,-30,96,Normal
2026-02-14 08:01:14.669279,Berlin-7b77,-13,90,Normal
2026-02-14 08:01:15.669279,Berlin-7b77,37,92,Normal
2026-02-14 08:01:16.669279,Berlin-7b77,40,94,Normal
2026-02-14 08:01:17.669279,Berlin-7b77,39,66,Normal
2026-02-14 08:01:18.669279,Berlin-7b77,-10,50,Normal
2026-02-14 08:01:19.669279,Berlin-7b77,32,67,Normal
2026-02-14 08:01:20.669279,Berlin-7b77,47,28,Normal
2026-02-14 08:01:21.669279,Berlin-7b77,11,72,Normal
2026-02-14 08:01:22.669279,Berlin-7b77,-13,39,Normal
2026-02-14 08:01:23.669279,Berlin-7b77,25,53,Normal
2026-02-14 08:01:24.669279,Berlin-7b77,21,43,Normal
2026-02-14 08:01:25.669279,Berlin-7b77,-8,46,Normal
2026-02-14 08:01:26.669279,Berlin-7b77,6,34,Normal
2026-02-14 08:01:27.669279,Berlin-7b77,-26,31,Normal
2026-02-14 08:01:28.669279,Berlin-7b77,-4,71,Normal
2026-02-14 08:01:29.669279,Berlin-7b77,50,7,Normal
2026-02-14 08:01:30.669279,Berlin-7b77,13,81,Normal
2026-02-14 08:01:31.669279,Berlin-7b77,35,62,Normal
2026-02-14 08:01:32.669279,Berlin-7b77,-21,3,Normal
2026-02-14 08:01:33.669279,Berlin-7b77,0,75,Normal
2026-02-14 08:01:34.669279,Berlin-7b77,7,4,Normal
2026-02-14 08:01:35.669279,Berlin-7b77,-8,49,Normal
2026-02-14 08:01:36.669279,Berlin-7b77,1,73,Normal
2026-02-14 08:01:37.669279,Berlin-7b77,5,5,Normal
2026-02-14 08:01:38.669279,Berlin-7b77,45,13,Normal
2026-02-14 08:01:39.669279,Berlin-7b77,19,32,Normal
2026-02-14 08:01:40.669279,Berlin-7b77,-10,60,Normal
2026-02-14 08:01:41.669279,Berlin-7b77,-24,36,Normal
2026-02-14 08:01:42.669279,Berlin-7b77,29,97,Normal
2026-02-14 08:01:43.669279,Berlin-7b77,26,23,Normal
2026-02-14 08:01:44.669279,Berlin-7b77,26,1,Normal
2026-02-14 08:01:45.669279,Berlin-7b77,-9,79,Normal
2026-02-14 08:01:46.669279,Berlin-7b77,26,4,Normal
2026-02-14 08:01:47.669279,Berlin-7b77,39,66,Normal
2026-02-14 08:01:48.669279,Berlin-7b77,-14,43,Normal
2026-02-14 08:01:49.669279,Berlin-7b77,-1,75,Normal
2026-02-14 08:01:50.669279,Berlin-7b77,5,61,Normal
2026-02-14 08:01:51.669279,Berlin-7b77,15,87,Normal
2026-02-14 08:01:52.669279,Berlin-7b77,41,70,Normal
2026-02-14 08:01:53.669279,Berlin-7b77,15,40,Normal
2026-02-14 08:01:54.669279,Berlin-7b77,30,24,Normal
2026-02-14 08:01:55.669279,Berlin-7b77,-13,80,Normal
2026-02-14 08:01:56.669279,Berlin-7b77,-23,4,Normal
2026-02-14 08:01:57.669279,Berlin-7b77,-8,42,Normal
2026-02-14 08:01:58.669279,Berlin-7b77,-22,62,Normal
2026-02-14 08:01:59.669279,Berlin-7b77,28,48,Normal
2026-02-14 08:02:00.669279,Berlin-7b77,8,47,Normal
2026-02-14 08:02:01.669279,Berlin-7b77,-2,75,Normal
2026-02-14 08:02:02.669279,Berlin-7b77,-19,20,Normal
2026-02-14 08:02:03.669279,Berlin-7b77,-27,18,Normal
2026-02-14 08:02:04.669279,Berlin-7b77,30,22,Normal
2026-02-14 08:02:05.669279,Berlin-7b77,-20,74,Normal
2026-02-14 08:02:06.669279,Berlin-7b77,18,62,Normal
2026-02-14 08:02:07.669279,Berlin-7b77,-8,82,Normal
2026-02-14 08:02:08.669279,Berlin-7b77,3,88,Normal
2026-02-14 08:02:09.669279,Berlin-7b77,-5,66,Normal
2026-02-14 08:02:10.669279,Berlin-7b77,-11,93,Normal
2026-02-14 08:02:11.669279,Berlin-7b77,50,100,Normal
2026-02-14 08:02:12.669279,Berlin-7b77,15,19,Normal
2026-02-14 08:02:13.669279,Berlin-7b77,-17,17,Normal
2026-02-14 08:02:14.669279,Berlin-7b77,34,28,Normal
2026-02-14 08:02:15.669279,Berlin-7b77,42,48,Normal
2026-02-14 08:02:16.669279,Berlin-7b77,-24,3,Normal
2026-02-14 08:02:17.669279,Berlin-7b77,20,19,Normal
2026-02-14 08:02:18.669279,Berlin-7b77,50,2,Normal
2026-02-14 08:02:19.669279,Berlin-7b77,-7,99,Normal
2026-02-14 08:02:20.669279,Berlin-7b77,-27,10,Normal
2026-02-14 08:02:21.669279,Berlin-7b77,25,46,Normal
2026-02-14 08:02:22.669279,Berlin-7b77,16,71,Normal
2026-02-14 08:02:23.669279,Berlin-7b77,25,59,Normal
2026-02-14 08:02:24.669279,Berlin-7b77,16,94,Normal
2026-02-14 08:02:25.669279,Berlin-7b77,-29,37,Normal
2026-02-14 08:02:26.669279,Berlin-7b77,16,9,Normal
2026-02-14 08:02:27.669279,Berlin-7b77,32,81,Normal
2026-02-14 08:02:28.669279,Berlin-7b77,-29,43,Normal
2026-02-14 08:02:29.669279,Berlin-7b77,28,74,Normal
2026-02-14 08:02:30.669279,Berlin-7b77,5,93,Normal
2026-02-14 08:02:31.669279,Berlin-7b77,9,38,Normal
2026-02-14 08:02:32.669279,Berlin-7b77,20,11,Normal
2026-02-14 08:02:33.669279,Berlin-7b77,23,50,Normal
2026-02-14 08:02:34.669279,Berlin-7b77,-3,0,Normal
2026-02-14 08:02:35.669279,Berlin-7b77,18,69,Normal
2026-02-14 08:02:36.669279,Berlin-7b77,43,86,Normal
2026-02-14 08:02:37.669279,Berlin-7b77,38,56,Normal
2026-02-14 08:02:38.669279,Berlin-7b77,22,80,Normal
2026-02-14 08:02:39.669279,Berlin-7b77,30,20,Normal
2026-02-14 08:02:40.669279,Berlin-7b77,43,34,Normal
2026-02-14 08:02:41.669279,Berlin-7b77,38,84,Normal
2026-02-14 08:02:42.669279,Berlin-7b77,12,31,Normal
2026-02-14 08:02:43.669279,Berlin-7b77,13,24,Normal
2026-02-14 08:02:44.669279,Berlin-7b77,-30,49,Normal
2026-02-14 08:02:45.669279,Berlin-7b77,13,47,Normal
2026-02-14 08:02:46.669279,Berlin-7b77,29,5,Normal
2026-02-14 08:02:47.669279,Berlin-7b77,50,49,Normal
2026-02-14 08:02:48.669279,Berlin-7b77,-10,57,Normal
2026-02-14 08:02:49.669279,Berlin-7b77,39,63,Normal
2026-02-14 08:02:50.669279,Berlin-7b77,42,50,Normal
2026-02-14 08:02:51.669279,Berlin-7b77,7,37,Normal
2026-02-14 08:02:52.669279,Berlin-7b77,48,65,Normal
2026-02-14 08:02:53.669279,Berlin-7b77,34,56,Normal
2026-02-14 08:02:54.669279,Berlin-7b77,-8,82,Normal
2026-02-14 08:02:55.669279,Berlin-7b77,44,32,Normal
2026-02-14 08:02:56.669279,Berlin-7b77,-16,14,Normal
2026-02-14 08:02:57.669279,Berlin-7b77,-8,22,Normal
2026-02-14 08:02:58.669279,Berlin-7b77,43,46,Normal
2026-02-14 08:02:59.669279,Berlin-7b77,18,14,Normal
2026-02-14 08:03:00.669279,Berlin-7b77,-16,51,Normal
2026-02-14 08:03:01.669279,Berlin-7b77,-24,16,Normal
2026-02-14 08:03:02.669279,Berlin-7b77,-24,36,Normal
2026-02-14 08:03:03.669279,Berlin-7b77,0,88,Normal
2026-02-14 08:03:04.669279,Berlin-7b77,-8,59,Normal
2026-02-14 08:03:05.669279,Berlin-7b77,13,87,Normal
2026-02-14 08:03:06.669279,Berlin-7b77,42,75,Normal
2026-02-14 08:03:07.669279,Berlin-7b77,43,66,Normal
2026-02-14 08:03:08.669279,Berlin-7b77,29,91,Normal
2026-02-14 08:03:09.669279,Berlin-7b77,11,59,Normal
2026-02-14 08:03:10.669279,Berlin-7b77,5,36,Normal
2026-02-14 08:03:11.669279,Berlin-7b77,2,23,Normal
2026-02-14 08:03:12.669279,Berlin-7b77,23,11,Normal
2026-02-14 08:03:13.669279,Berlin-7b77,5,5,Normal
2026-02-14 08:03:14.669279,Berlin-7b77,19,1,Normal
2026-02-14 08:03:15.669279,Berlin-7b77,-28,17,Normal
2026-02-14 08:03:16.669279,Berlin-7b77,21,19,Normal
2026-02-14 08:03:17.669279,Berlin-7b77,5,91,Normal
2026-02-14 08:03:18.669279,Berlin-7b77,20,79,Normal
2026-02-14 08:03:19.669279,Berlin-7b77,13,89,Normal
2026-02-14 08:03:20.669279,Berlin-7b77,31,11,Normal
2026-02-14 08:03:21.669279,Berlin-7b77,32,49,Normal
2026-02-14 08:03:22.669279,Berlin-7b77,19,76,Normal
2026-02-14 08:03:23.669279,Berlin-7b77,-2,91,Normal
2026-02-14 08:03:24.669279,Berlin-7b77,-18,15,Normal
2026-02-14 08:03:25.669279,Berlin-7b77,10,93,Normal
2026-02-14 08:03:26.669279,Berlin-7b77,22,81,Normal
2026-02-14 08:03:27.669279,Berlin-7b77,3,26,Normal
2026-02-14 08:03:28.669279,Berlin-7b77,14,53,Normal
2026-02-14 08:03:29.669279,Berlin-7b77,39,48,Normal
2026-02-14 08:03:30.669279,Berlin-7b77,-10,97,Normal
2026-02-14 08:03:31.669279,Berlin-7b77,-6,57,Normal
2026-02-14 08:03:32.669279,Berlin-7b77,39,83,Normal
2026-02-14 08:03:33.669279,Berlin-7b77,-15,80,Normal
2026-02-14 08:03:34.669279,Berlin-7b77,24,81,Normal
2026-02-14 08:03:35.669279,Berlin-7b77,14,34,Normal
2026-02-14 08:03:36.669279,Berlin-7b77,50,60,Normal
2026-02-14 08:03:37.669279,Berlin-7b77,-4,86,Normal
2026-02-14 08:03:38.669279,Berlin-7b77,-22,86,Normal
2026-02-14 08:03:39.669279,Berlin-7b77,-7,29,Normal
2026-02-14 08:03:40.669279,Berlin-7b77,-27,100,Normal
2026-02-14 08:03:41.669279,Berlin-7b77,-27,22,Normal
2026-02-14 08:03:42.669279,Berlin-7b77,38,67,Normal
2026-02-14 08:03:43.669279,Berlin-7b77,41,86,Normal
2026-02-14 08:03:44.669279,Berlin-7b77,-28,81,Normal
2026-02-14 08:03:45.669279,Berlin-7b77,-23,35,Normal
2026-02-14 08:03:46.669279,Berlin-7b77,45,24,Normal
2026-02-14 08:03:47.669279,Berlin-7b77,21,100,Normal
2026-02-14 08:03:48.669279,Berlin-7b77,20,62,Normal
2026-02-14 08:03:49.669279,Berlin-7b77,-18,13,Normal
2026-02-14 08:03:50.669279,Berlin-7b77,5,16,Normal
2026-02-14 08:03:51.669279,Berlin-7b77,39,68,Normal
2026-02-14 08:03:52.669279,Berlin-7b77,-20,89,Normal
2026-02-14 08:03:53.669279,Berlin-7b77,36,64,Normal
2026-02-14 08:03:54.669279,Berlin-7b77,14,93,Normal
2026-02-14 08:03:55.669279,Berlin-7b77,31,2,Normal
2026-02-14 08:03:56.669279,Berlin-7b77,13,32,Normal
2026-02-14 08:03:57.669279,Berlin-7b77,41,15,Normal
2026-02-14 08:03:58.669279,Berlin-7b77,38,30,Normal
2026-02-14 08:03:59.669279,Berlin-7b77,30,73,Normal
2026-02-14 08:04:00.669279,Berlin-7b77,24,34,Normal
2026-02-14 08:04:01.669279,Berlin-7b77,40,48,Normal
2026-02-14 08:04:02.669279,Berlin-7b77,45,9,Normal
2026-02-14 08:04:03.669279,Berlin-7b77,25,1,Normal
2026-02-14 08:04:04.669279,Berlin-7b77,9,58,Normal
2026-02-14 08:04:05.669279,Berlin-7b77,-2,43,Normal
2026-02-14 08:04:06.669279,Berlin-7b77,41,47,Normal
2026-02-14 08:04:07.669279,Berlin-7b77,-3,9,Normal
2026-02-14 08:04:08.669279,Berlin-7b77,-12,50,Normal
2026-02-14 08:04:09.669279,Berlin-7b77,-19,22,Normal
2026-02-14 08:04:10.669279,Berlin-7b77,-15,16,Normal
2026-02-14 08:04:11.669279,Berlin-7b77,33,50,Normal
2026-02-14 08:04:12.669279,Berlin-7b77,-21,38,Normal
2026-02-14 08:04:13.669279,Berlin-7b77,-2,42,Normal
2026-02-14 08:04:14.669279,Berlin-7b77,-24,100,Normal
2026-02-14 08:04:15.669279,Berlin-7b77,-21,14,Normal
2026-02-14 08:04:16.669279,Berlin-7b77,1,2,Normal
2026-02-14 08:04:17.669279,Berlin-7b77,-11,95,Normal
2026-02-14 08:04:18.669279,Berlin-7b77,-13,50,Normal
2026-02-14 08:04:19.669279,Berlin-7b77,45,62,Normal
2026-02-14 08:04:20.669279,Berlin-7b77,31,32,Normal
2026-02-14 08:04:21.669279,Berlin-7b77,28,4,Normal
2026-02-14 08:04:22.669279,Berlin-7b77,25,12,Normal
2026-02-14 08:04:23.669279,Berlin-7b77,44,68,Normal
2026-02-14 08:04:24.669279,Berlin-7b77,13,0,Normal
2026-02-14 08:04:25.669279,Berlin-7b77,-27,82,Normal
2026-02-14 08:04:26.669279,Berlin-7b77,31,25,Normal
2026-02-14 08:04:27.669279,Berlin-7b77,-11,83,Normal
2026-02-14 08:04:28.669279,Berlin-7b77,14,50,Normal
2026-02-14 08:04:29.669279,Berlin-7b77,3,75,Normal
2026-02-14 08:04:30.669279,Berlin-7b77,12,17,Normal
2026-02-14 08:04:31.669279,Berlin-7b77,42,73,Normal
2026-02-14 08:04:32.669279,Berlin-7b77,-5,84,Normal
2026-02-14 08:04:33.669279,Berlin-7b77,-3,97,Normal
2026-02-14 08:04:34.669279,Berlin-7b77,5,59,Normal
2026-02-14 08:04:35.669279,Berlin-7b77,1,70,Normal
2026-02-14 08:04:36.669279,Berlin-7b77,-15,68,Normal
2026-02-14 08:04:37.669279,Berlin-7b77,32,44,Normal
2026-02-14 08:04:38.669279,Berlin-7b77,5,22,Normal
2026-02-14 08:04:39.669279,Berlin-7b77,-1,77,Normal
2026-02-14 08:04:40.669279,Berlin-7b77,1,84,Normal
2026-02-14 08:04:41.669279,Berlin-7b77,32,58,Normal
2026-02-14 08:04:42.669279,Berlin-7b77,4,82,Normal
2026-02-14 08:04:43.669279,Berlin-7b77,2,5,Normal
2026-02-14 08:04:44.669279,Berlin-7b77,-22,73,Normal
2026-02-14 08:04:45.669279,Berlin-7b77,18,60,Normal
2026-02-14 08:04:46.669279,Berlin-7b77,-30,63,Normal
2026-02-14 08:04:47.669279,Berlin-7b77,42,69,Normal
2026-02-14 08:04:48.669279,Berlin-7b77,6,6,Normal
2026-02-14 08:04:49.669279,Berlin-7b77,-27,52,Normal
2026-02-14 08:04:50.669279,Berlin-7b77,40,66,Normal
2026-02-14 08:04:51.669279,Berlin-7b77,27,87,Normal
2026-02-14 08:04:52.669279,Berlin-7b77,46,61,Normal
2026-02-14 08:04:53.669279,Berlin-7b77,42,57,Normal
2026-02-14 08:04:54.669279,Berlin-7b77,15,76,Normal
2026-02-14 08:04:55.669279,Berlin-7b77,-3,73,Normal
2026-02-14 08:04:56.669279,Berlin-7b77,14,65,Normal
2026-02-14 08:04:57.669279,Berlin-7b77,50,13,Normal
2026-02-14 08:04:58.669279,Berlin-7b77,10,29,Normal
2026-02-14 08:04:59.669279,Berlin-7b77,36,60,Normal
2026-02-14 08:05:00.669279,Berlin-7b77,-27,70,Normal
2026-02-14 08:05:01.669279,Berlin-7b77,22,81,Normal
2026-02-14 08:05:02.669279,Berlin-7b77,32,81,Normal
2026-02-14 08:05:03.669279,Berlin-7b77,10,3,Normal
2026-02-14 08:05:04.669279,Berlin-7b77,15,48,Normal
2026-02-14 08:05:05.669279,Berlin-7b77,36,9,Normal
2026-02-14 08:05:06.669279,Berlin-7b77,-13,51,Normal
2026-02-14 08:05:07.669279,Berlin-7b77,-23,13,Normal
2026-02-14 08:05:08.669279,Berlin-7b77,-12,92,Normal
2026-02-14 08:05:09.669279,Berlin-7b77,-21,21,Normal
2026-02-14 08:05:10.669279,Berlin-7b77,16,58,Normal
2026-02-14 08:05:11.669279,Berlin-7b77,-5,94,Normal
2026-02-14 08:05:12.669279,Berlin-7b77,35,88,Normal
2026-02-14 08:05:13.669279,Berlin-7b77,50,28,Normal
2026-02-14 08:05:14.669279,Berlin-7b77,-10,81,Normal
2026-02-14 08:05:15.669279,Berlin-7b77,23,18,Normal
2026-02-14 08:05:16.669279,Berlin-7b77,4,98,Normal
2026-02-14 08:05:17.669279,Berlin-7b77,7,99,Normal
2026-02-14 08:05:18.669279,Berlin-7b77,18,40,Normal
2026-02-14 08:05:19.669279,Berlin-7b77,13,88,Normal
2026-02-14 08:05:20.669279,Berlin-7b77,-5,65,Normal
2026-02-14 08:05:21.669279,Berlin-7b77,30,37,Normal
2026-02-14 08:05:22.669279,Berlin-7b77,23,4,Normal
2026-02-14 08:05:23.669279,Berlin-7b77,7,20,Normal
2026-02-14 08:05:24.669279,Berlin-7b77,18,99,Normal
2026-02-14 08:05:25.669279,Berlin-7b77,-9,14,Normal
2026-02-14 08:05:26.669279,Berlin-7b77,32,73,Normal
2026-02-14 08:05:27.669279,Berlin-7b77,18,78,Normal
2026-02-14 08:05:28.669279,Berlin-7b77,-12,95,Normal
2026-02-14 08:05:29.669279,Berlin-7b77,15,1,Normal
2026-02-14 08:05:30.669279,Berlin-7b77,28,66,Normal
2026-02-14 08:05:31.669279,Berlin-7b77,-7,61,Normal
2026-02-14 08:05:32.669279,Berlin-7b77,-23,26,Normal
2026-02-14 08:05:33.669279,Berlin-7b77,-1,69,Normal
2026-02-14 08:05:34.669279,Berlin-7b77,12,68,Normal
2026-02-14 08:05:35.669279,Berlin-7b77,31,75,Normal
2026-02-14 08:05:36.669279,Berlin-7b77,44,9,Normal
2026-02-14 08:05:37.669279,Berlin-7b77,-2,18,Normal
2026-02-14 08:05:38.669279,Berlin-7b77,35,72,Normal
2026-02-14 08:05:39.669279,Berlin-7b77,31,16,Normal
2026-02-14 08:05:40.669279,Berlin-7b77,15,96,Normal
2026-02-14 08:05:41.669279,Berlin-7b77,-5,89,Normal
2026-02-14 08:05:42.669279,Berlin-7b77,20,22,Normal
2026-02-14 08:05:43.669279,Berlin-7b77,11,81,Normal
2026-02-14 08:05:44.669279,Berlin-7b77,1,5,Normal
2026-02-14 08:05:45.669279,Berlin-7b77,10,15,Normal
2026-02-14 08:05:46.669279,Berlin-7b77,-19,82,Normal
2026-02-14 08:05:47.669279,Berlin-7b77,17,35,Normal
2026-02-14 08:05:48.669279,Berlin-7b77,-1,29,Normal
2026-02-14 08:05:49.669279,Berlin-7b77,18,74,Normal
2026-02-14 08:05:50.669279,Berlin-7b77,39,12,Normal
2026-02-14 08:05:51.669279,Berlin-7b77,7,0,Normal
2026-02-14 08:05:52.669279,Berlin-7b77,46,11,Normal
2026-02-14 08:05:53.669279,Berlin-7b77,43,68,Normal
2026-02-14 08:05:54.669279,Berlin-7b77,29,55,Normal
2026-02-14 08:05:55.669279,Berlin-7b77,40,17,Normal
2026-02-14 08:05:56.669279,Berlin-7b77,10,72,Normal
2026-02-14 08:05:57.669279,Berlin-7b77,-18,23,Normal
2026-02-14 08:05:58.669279,Berlin-7b77,21,7,Normal
2026-02-14 08:05:59.669279,Berlin-7b77,22,9,Normal
2026-02-14 08:06:00.669279,Berlin-7b77,37,3,Normal
2026-02-14 08:06:01.669279,Berlin-7b77,45,21,Normal
2026-02-14 08:06:02.669279,Berlin-7b77,8,26,Normal
2026-02-14 08:06:03.669279,Berlin-7b77,-5,47,Normal
2026-02-14 08:06:04.669279,Berlin-7b77,-27,96,Normal
2026-02-14 08:06:05.669279,Berlin-7b77,-8,52,Normal
2026-02-14 08:06:06.669279,Berlin-7b77,34,19,Normal
2026-02-14 08:06:07.669279,Berlin-7b77,42,39,Normal
2026-02-14 08:06:08.669279,Berlin-7b77,11,71,Normal
2026-02-14 08:06:09.669279,Berlin-7b77,-12,14,Normal
2026-02-14 08:06:10.669279,Berlin-7b77,19,25,Normal
2026-02-14 08:06:11.669279,Berlin-7b77,19,21,Normal
2026-02-14 08:06:12.669279,Berlin-7b77,-27,96,Normal
2026-02-14 08:06:13.669279,Berlin-7b77,27,29,Normal
2026-02-14 08:06:14.669279,Berlin-7b77,34,46,Normal
2026-02-14 08:06:15.669279,Berlin-7b77,-25,50,Normal
2026-02-14 08:06:16.669279,Berlin-7b77,32,11,Normal
2026-02-14 08:06:17.669279,Berlin-7b77,48,83,Normal
2026-02-14 08:06:18.669279,Berlin-7b77,2,11,Normal
2026-02-14 08:06:19.669279,Berlin-7b77,-13,89,Normal
2026-02-14 08:06:20.669279,Berlin-7b77,6,82,Normal
2026-02-14 08:06:21.669279,Berlin-7b77,9,92,Normal
2026-02-14 08:06:22.669279,Berlin-7b77,-10,14,Normal
2026-02-14 08:06:23.669279,Berlin-7b77,45,54,Normal
2026-02-14 08:06:24.669279,Berlin-7b77,26,65,Normal
2026-02-14 08:06:25.669279,Berlin-7b77,-12,75,Normal
2026-02-14 08:06:26.669279,Berlin-7b77,-10,94,Normal
2026-02-14 08:06:27.669279,Berlin-7b77,36,82,Normal
2026-02-14 08:06:28.669279,Berlin-7b77,16,47,Normal
2026-02-14 08:06:29.669279,Berlin-7b77,17,90,Normal
2026-02-14 08:06:30.669279,Berlin-7b77,36,10,Normal
2026-02-14 08:06:31.669279,Berlin-7b77,-13,62,Normal
2026-02-14 08:06:32.669279,Berlin-7b77,-15,14,Normal
2026-02-14 08:06:33.669279,Berlin-7b77,7,26,Normal
2026-02-14 08:06:34.669279,Berlin-7b77,8,97,Normal
2026-02-14 08:06:35.669279,Berlin-7b77,37,54,Normal
2026-02-14 08:06:36.669279,Berlin-7b77,4,29,Normal
2026-02-14 08:06:37.669279,Berlin-7b77,-18,47,Normal
2026-02-14 08:06:38.669279,Berlin-7b77,-22,3,Normal
2026-02-14 08:06:39.669279,Berlin-7b77,4,84,Normal
2026-02-14 08:06:40.669279,Berlin-7b77,41,5,Normal
2026-02-14 08:06:41.669279,Berlin-7b77,-1,82,Normal
2026-02-14 08:06:42.669279,Berlin-7b77,-1,85,Normal
2026-02-14 08:06:43.669279,Berlin-7b77,-29,99,Normal
2026-02-14 08:06:44.669279,Berlin-7b77,-30,58,Normal
2026-02-14 08:06:45.669279,Berlin-7b77,-8,11,Normal
2026-02-14 08:06:46.669279,Berlin-7b77,23,86,Normal
2026-02-14 08:06:47.669279,Berlin-7b77,-23,5,Normal
2026-02-14 08:06:48.669279,Berlin-7b77,-26,41,Normal
2026-02-14 08:06:49.669279,Berlin-7b77,21,87,Normal
2026-02-14 08:06:50.669279,Berlin-7b77,0,41,Normal
2026-02-14 08:06:51.669279,Berlin-7b77,-10,47,Normal
2026-02-14 08:06:52.669279,Berlin-7b77,32,62,Normal
2026-02-14 08:06:53.669279,Berlin-7b77,11,41,Normal
2026-02-14 08:06:54.669279,Berlin-7b77,-7,66,Normal
2026-02-14 08:06:55.669279,Berlin-7b77,41,60,Normal
2026-02-14 08:06:56.669279,Berlin-7b77,18,46,Normal
2026-02-14 08:06:57.669279,Berlin-7b77,34,82,Normal
2026-02-14 08:06:58.669279,Berlin-7b77,7,12,Normal
2026-02-14 08:06:59.669279,Berlin-7b77,-15,7,Normal
2026-02-14 08:07:00.669279,Berlin-7b77,-26,66,Normal
2026-02-14 08:07:01.669279,Berlin-7b77,-6,76,Normal
2026-02-14 08:07:02.669279,Berlin-7b77,50,27,Normal
2026-02-14 08:07:03.669279,Berlin-7b77,-6,5,Normal
2026-02-14 08:07:04.669279,Berlin-7b77,41,8,Normal
2026-02-14 08:07:05.669279,Berlin-7b77,41,46,Normal
2026-02-14 08:07:06.669279,Berlin-7b77,-25,41,Normal
2026-02-14 08:07:07.669279,Berlin-7b77,49,42,Normal
2026-02-14 08:07:08.669279,Berlin-7b77,-1,47,Normal
2026-02-14 08:07:09.669279,Berlin-7b77,1,62,Normal
2026-02-14 08:07:10.669279,Berlin-7b77,6,64,Normal
2026-02-14 08:07:11.669279,Berlin-7b77,26,91,Normal
2026-02-14 08:07:12.669279,Berlin-7b77,-21,47,Normal
2026-02-14 08:07:13.669279,Berlin-7b77,22,80,Normal
2026-02-14 08:07:14.669279,Berlin-7b77,-4,79,Normal
2026-02-14 08:07:15.669279,Berlin-7b77,23,10,Normal
2026-02-14 08:07:16.669279,Berlin-7b77,-8,48,Normal
2026-02-14 08:07:17.669279,Berlin-7b77,-20,58,Normal
2026-02-14 08:07:18.669279,Berlin-7b77,-26,62,Normal
2026-02-14 08:07:19.669279,Berlin-7b77,14,4,Normal
2026-02-14 08:07:20.669279,Berlin-7b77,11,56,Normal
2026-02-14 08:07:21.669279,Berlin-7b77,-2,5,Normal
2026-02-14 08:07:22.669279,Berlin-7b77,13,34,Normal
2026-02-14 08:07:23.669279,Berlin-7b77,9,64,Normal
2026-02-14 08:07:24.669279,Berlin-7b77,-7,54,Normal
2026-02-14 08:07:25.669279,Berlin-7b77,-2,49,Normal
2026-02-14 08:07:26.669279,Berlin-7b77,4,71,Normal
2026-02-14 08:07:27.669279,Berlin-7b77,-20,88,Normal
2026-02-14 08:07:28.669279,Berlin-7b77,33,8,Normal
2026-02-14 08:07:29.669279,Berlin-7b77,28,95,Normal
2026-02-14 08:07:30.669279,Berlin-7b77,28,13,Normal
2026-02-14 08:07:31.669279,Berlin-7b77,17,80,Normal
2026-02-14 08:07:32.669279,Berlin-7b77,31,24,Normal
2026-02-14 08:07:33.669279,Berlin-7b77,40,13,Normal
2026-02-14 08:07:34.669279,Berlin-7b77,-9,90,Normal
2026-02-14 08:07:35.669279,Berlin-7b77,0,56,Normal
2026-02-14 08:07:36.669279,Berlin-7b77,42,68,Normal
2026-02-14 08:07:37.669279,Berlin-7b77,35,94,Normal
2026-02-14 08:07:38.669279,Berlin-7b77,-9,34,Normal
2026-02-14 08:07:39.669279,Berlin-7b77,25,17,Normal
2026-02-14 08:07:40.669279,Berlin-7b77,21,67,Normal
2026-02-14 08:07:41.669279,Berlin-7b77,12,95,Normal
2026-02-14 08:07:42.669279,Berlin-7b77,43,32,Normal
2026-02-14 08:07:43.669279,Berlin-7b77,-12,40,Normal
2026-02-14 08:07:44.669279,Berlin-7b77,48,27,Normal
2026-02-14 08:07:45.669279,Berlin-7b77,0,94,Normal
2026-02-14 08:07:46.669279,Berlin-7b77,28,67,Normal
2026-02-14 08:07:47.669279,Berlin-7b77,10,43,Normal
2026-02-14 08:07:48.669279,Berlin-7b77,-7,71,Normal
2026-02-14 08:07:49.669279,Berlin-7b77,-17,15,Normal
2026-02-14 08:07:50.669279,Berlin-7b77,3,67,Normal
2026-02-14 08:07:51.669279,Berlin-7b77,20,34,Normal
2026-02-14 08:07:52.669279,Berlin-7b77,-19,11,Normal
2026-02-14 08:07:53.669279,Berlin-7b77,49,73,Normal
2026-02-14 08:07:54.669279,Berlin-7b77,-13,20,Normal
2026-02-14 08:07:55.669279,Berlin-7b77,47,7,Normal
2026-02-14 08:07:56.669279,Berlin-7b77,-30,38,Normal
2026-02-14 08:07:57.669279,Berlin-7b77,-24,27,Normal
2026-02-14 08:07:58.669279,Berlin-7b77,-2,19,Normal
2026-02-14 08:07:59.669279,Berlin-7b77,36,33,Normal
2026-02-14 08:08:00.669279,Berlin-7b77,15,44,Normal
2026-02-14 08:08:01.669279,Berlin-7b77,31,92,Normal
2026-02-14 08:08:02.669279,Berlin-7b77,16,25,Normal
2026-02-14 08:08:03.669279,Berlin-7b77,-21,33,Normal
2026-02-14 08:08:04.669279,Berlin-7b77,8,33,Normal
2026-02-14 08:08:05.669279,Berlin-7b77,44,84,Normal
2026-02-14 08:08:06.669279,Berlin-7b77,-11,83,Normal
2026-02-14 08:08:07.669279,Berlin-7b77,36,41,Normal
2026-02-14 08:08:08.669279,Berlin-7b77,10,41,Normal
2026-02-14 08:08:09.669279,Berlin-7b77,6,42,Normal
2026-02-14 08:08:10.669279,Berlin-7b77,-9,99,Normal
2026-02-14 08:08:11.669279,Berlin-7b77,12,56,Normal
2026-02-14 08:08:12.669279,Berlin-7b77,0,34,Normal
2026-02-14 08:08:13.669279,Berlin-7b77,12,63,Normal
2026-02-14 08:08:14.669279,Berlin-7b77,-5,36,Normal
2026-02-14 08:08:15.669279,Berlin-7b77,-6,59,Normal
2026-02-14 08:08:16.669279,Berlin-7b77,9,87,Normal
2026-02-14 08:08:17.669279,Berlin-7b77,3,5,Normal
2026-02-14 08:08:18.669279,Berlin-7b77,20,41,Normal
2026-02-14 08:08:19.669279,Berlin-7b77,11,35,Normal
2026-02-14 08:08:20.669279,Berlin-7b77,48,41,Normal
2026-02-14 08:08:21.669279,Berlin-7b77,47,70,Normal
2026-02-14 08:08:22.669279,Berlin-7b77,-4,40,Normal
2026-02-14 08:08:23.669279,Berlin-7b77,29,65,Normal
2026-02-14 08:08:24.669279,Berlin-7b77,-5,2,Normal
2026-02-14 08:08:25.669279,Berlin-7b77,37,77,Normal
2026-02-14 08:08:26.669279,Berlin-7b77,20,60,Normal
2026-02-14 08:08:27.669279,Berlin-7b77,31,54,Normal
2026-02-14 08:08:28.669279,Berlin-7b77,-11,79,Normal
2026-02-14 08:08:29.669279,Berlin-7b77,-30,14,Normal
2026-02-14 08:08:30.669279,Berlin-7b77,4,54,Normal
2026-02-14 08:08:31.669279,Berlin-7b77,31,19,Normal
2026-02-14 08:08:32.669279,Berlin-7b77,45,24,Normal
2026-02-14 08:08:33.669279,Berlin-7b77,12,76,Normal
2026-02-14 08:08:34.669279,Berlin-7b77,-5,23,Normal
2026-02-14 08:08:35.669279,Berlin-7b77,26,86,Normal
2026-02-14 08:08:36.669279,Berlin-7b77,-5,83,Normal
2026-02-14 08:08:37.669279,Berlin-7b77,-24,5,Normal
2026-02-14 08:08:38.669279,Berlin-7b77,-1,93,Normal
2026-02-14 08:08:39.669279,Berlin-7b77,-14,57,Normal
2026-02-14 08:08:40.669279,Berlin-7b77,-14,10,Normal
2026-02-14 08:08:41.669279,Berlin-7b77,-2,16,Normal
2026-02-14 08:08:42.669279,Berlin-7b77,-15,22,Normal
2026-02-14 08:08:43.669279,Berlin-7b77,44,71,Normal
2026-02-14 08:08:44.669279,Berlin-7b77,5,54,Normal
2026-02-14 08:08:45.669279,Berlin-7b77,47,31,Normal
2026-02-14 08:08:46.669279,Berlin-7b77,-9,48,Normal
2026-02-14 08:08:47.669279,Berlin-7b77,-2,45,Normal
2026-02-14 08:08:48.669279,Berlin-7b77,30,76,Normal
2026-02-14 08:08:49.669279,Berlin-7b77,17,81,Normal
2026-02-14 08:08:50.669279,Berlin-7b77,34,14,Normal
2026-02-14 08:08:51.669279,Berlin-7b77,-26,79,Normal
2026-02-14 08:08:52.669279,Berlin-7b77,35,51,Normal
2026-02-14 08:08:53.669279,Berlin-7b77,19,29,Normal
2026-02-14 08:08:54.669279,Berlin-7b77,-5,48,Normal
2026-02-14 08:08:55.669279,Berlin-7b77,-13,88,Normal
2026-02-14 08:08:56.669279,Berlin-7b77,44,96,Normal
2026-02-14 08:08:57.669279,Berlin-7b77,-18,84,Normal
2026-02-14 08:08:58.669279,Berlin-7b77,45,99,Normal
2026-02-14 08:08:59.669279,Berlin-7b77,50,54,Normal
2026-02-14 08:09:00.669279,Berlin-7b77,2,85,Normal
2026-02-14 08:09:01.669279,Berlin-7b77,-6,48,Normal
2026-02-14 08:09:02.669279,Berlin-7b77,-11,26,Normal
2026-02-14 08:09:03.669279,Berlin-7b77,24,65,Normal
2026-02-14 08:09:04.669279,Berlin-7b77,1,82,Normal
2026-02-14 08:09:05.669279,Berlin-7b77,21,19,Normal
2026-02-14 08:09:06.669279,Berlin-7b77,0,20,Normal
2026-02-14 08:09:07.669279,Berlin-7b77,46,38,Normal
2026-02-14 08:09:08.669279,Berlin-7b77,49,89,Normal
2026-02-14 08:09:09.669279,Berlin-7b77,-23,93,Normal
2026-02-14 08:09:10.669279,Berlin-7b77,36,66,Normal
2026-02-14 08:09:11.669279,Berlin-7b77,22,31,Normal
2026-02-14 08:09:12.669279,Berlin-7b77,-13,27,Normal
2026-02-14 08:09:13.669279,Berlin-7b77,13,54,Normal
2026-02-14 08:09:14.669279,Berlin-7b77,45,83,Normal
2026-02-14 08:09:15.669279,Berlin-7b77,10,64,Normal
2026-02-14 08:09:16.669279,Berlin-7b77,46,50,Normal
2026-02-14 08:09:17.669279,Berlin-7b77,-20,89,Normal
2026-02-14 08:09:18.669279,Berlin-7b77,32,58,Normal
2026-02-14 08:09:19.669279,Berlin-7b77,-24,38,Normal
2026-02-14 08:09:20.669279,Berlin-7b77,-4,75,Normal
2026-02-14 08:09:21.669279,Berlin-7b77,-6,35,Normal
2026-02-14 08:09:22.669279,Berlin-7b77,-1,84,Normal
2026-02-14 08:09:23.669279,Berlin-7b77,26,86,Normal
2026-02-14 08:09:24.669279,Berlin-7b77,-19,5,Normal
2026-02-14 08:09:25.669279,Berlin-7b77,-11,16,Normal
2026-02-14 08:09:26.669279,Berlin-7b77,-7,46,Normal
2026-02-14 08:09:27.669279,Berlin-7b77,-21,24,Normal
2026-02-14 08:09:28.669279,Berlin-7b77,4,15,Normal
2026-02-14 08:09:29.669279,Berlin-7b77,20,22,Normal
2026-02-14 08:09:30.669279,Berlin-7b77,-29,16,Normal
2026-02-14 08:09:31.669279,Berlin-7b77,-18,50,Normal
2026-02-14 08:09:32.669279,Berlin-7b77,-27,77,Normal
2026-02-14 08:09:33.669279,Berlin-7b77,29,33,Normal
2026-02-14 08:09:34.669279,Berlin-7b77,42,84,Normal
2026-02-14 08:09:35.669279,Berlin-7b77,-12,18,Normal
2026-02-14 08:09:36.669279,Berlin-7b77,24,19,Normal
2026-02-14 08:09:37.669279,Berlin-7b77,1,51,Normal
2026-02-14 08:09:38.669279,Berlin-7b77,-15,18,Normal
2026-02-14 08:09:39.669279,Berlin-7b77,-5,26,Normal
2026-02-14 08:09:40.669279,Berlin-7b77,7,33,Normal
2026-02-14 08:09:41.669279,Berlin-7b77,46,57,Normal
2026-02-14 08:09:42.669279,Berlin-7b77,39,50,Normal
2026-02-14 08:09:43.669279,Berlin-7b77,29,60,Normal
2026-02-14 08:09:44.669279,Berlin-7b77,30,55,Normal
2026-02-14 08:09:45.669279,Berlin-7b77,29,53,Normal
2026-02-14 08:09:46.669279,Berlin-7b77,0,57,Normal
2026-02-14 08:09:47.669279,Berlin-7b77,-24,6,Normal
2026-02-14 08:09:48.669279,Berlin-7b77,-29,90,Normal
2026-02-14 08:09:49.669279,Berlin-7b77,15,31,Normal
2026-02-14 08:09:50.669279,Berlin-7b77,-10,54,Normal
2026-02-14 08:09:51.669279,Berlin-7b77,47,93,Normal
2026-02-14 08:09:52.669279,Berlin-7b77,12,82,Normal
2026-02-14 08:09:53.669279,Berlin-7b77,25,90,Normal
2026-02-14 08:09:54.669279,Berlin-7b77,-1,22,Normal
2026-02-14 08:09:55.669279,Berlin-7b77,25,13,Normal
2026-02-14 08:09:56.669279,Berlin-7b77,-27,52,Normal
2026-02-14 08:09:57.669279,Berlin-7b77,13,99,Normal
2026-02-14 08:09:58.669279,Berlin-7b77,10,36,Normal
2026-02-14 08:09:59.669279,Berlin-7b77,-20,17,Normal
2026-02-14 08:10:00.669279,Berlin-7b77,15,95,Normal
2026-02-14 08:10:01.669279,Berlin-7b77,-24,44,Normal
2026-02-14 08:10:02.669279,Berlin-7b77,3,27,Normal
2026-02-14 08:10:03.669279,Berlin-7b77,19,12,Normal
2026-02-14 08:10:04.669279,Berlin-7b77,-19,49,Normal
2026-02-14 08:10:05.669279,Berlin-7b77,1,82,Normal
2026-02-14 08:10:06.669279,Berlin-7b77,-25,7,Normal
2026-02-14 08:10:07.669279,Berlin-7b77,42,85,Normal
2026-02-14 08:10:08.669279,Berlin-7b77,-9,28,Normal
2026-02-14 08:10:09.669279,Berlin-7b77,-30,86,Normal
2026-02-14 08:10:10.669279,Berlin-7b77,39,85,Normal
2026-02-14 08:10:11.669279,Berlin-7b77,42,25,Normal
2026-02-14 08:10:12.669279,Berlin-7b77,-2,92,Normal
2026-02-14 08:10:13.669279,Berlin-7b77,-24,57,Normal
2026-02-14 08:10:14.669279,Berlin-7b77,-3,55,Normal
2026-02-14 08:10:15.669279,Berlin-7b77,-12,75,Normal
2026-02-14 08:10:16.669279,Berlin-7b77,10,0,Normal
2026-02-14 08:10:17.669279,Berlin-7b77,-7,70,Normal
2026-02-14 08:10:18.669279,Berlin-7b77,-30,35,Normal
2026-02-14 08:10:19.669279,Berlin-7b77,-21,65,Normal
2026-02-14 08:10:20.669279,Berlin-7b77,-11,43,Normal
2026-02-14 08:10:21.669279,Berlin-7b77,-24,19,Normal
2026-02-14 08:10:22.669279,Berlin-7b77,6,30,Normal
2026-02-14 08:10:23.669279,Berlin-7b77,20,70,Normal
2026-02-14 08:10:24.669279,Berlin-7b77,48,22,Normal
2026-02-14 08:10:25.669279,Berlin-7b77,-28,100,Normal
2026-02-14 08:10:26.669279,Berlin-7b77,-1,100,Normal
2026-02-14 08:10:27.669279,Berlin-7b77,-4,33,Normal
2026-02-14 08:10:28.669279,Berlin-7b77,-23,82,Normal
2026-02-14 08:10:29.669279,Berlin-7b77,40,50,Normal
2026-02-14 08:10:30.669279,Berlin-7b77,-13,67,Normal
2026-02-14 08:10:31.669279,Berlin-7b77,-11,17,Normal
2026-02-14 08:10:32.669279,Berlin-7b77,-21,14,Normal
2026-02-14 08:10:33.669279,Berlin-7b77,35,51,Normal
2026-02-14 08:10:34.669279,Berlin-7b77,30,92,Normal
2026-02-14 08:10:35.669279,Berlin-7b77,32,21,Normal
2026-02-14 08:10:36.669279,Berlin-7b77,-18,74,Normal
2026-02-14 08:10:37.669279,Berlin-7b77,-18,83,Normal
2026-02-14 08:10:38.669279,Berlin-7b77,-15,32,Normal
2026-02-14 08:10:39.669279,Berlin-7b77,28,21,Normal
2026-02-14 08:10:40.669279,Berlin-7b77,41,58,Normal
2026-02-14 08:10:41.669279,Berlin-7b77,19,29,Normal
2026-02-14 08:10:42.669279,Berlin-7b77,25,51,Normal
2026-02-14 08:10:43.669279,Berlin-7b77,11,29,Normal
2026-02-14 08:10:44.669279,Berlin-7b77,9,81,Normal
2026-02-14 08:10:45.669279,Berlin-7b77,31,59,Normal
2026-02-14 08:10:46.669279,Berlin-7b77,-9,30,Normal
2026-02-14 08:10:47.669279,Berlin-7b77,41,56,Normal
2026-02-14 08:10:48.669279,Berlin-7b77,48,25,Normal
2026-02-14 08:10:49.669279,Berlin-7b77,-4,57,Normal
2026-02-14 08:10:50.669279,Berlin-7b77,-24,43,Normal
2026-02-14 08:10:51.669279,Berlin-7b77,-7,57,Normal
2026-02-14 08:10:52.669279,Berlin-7b77,19,36,Normal
2026-02-14 08:10:53.669279,Berlin-7b77,50,63,Normal
2026-02-14 08:10:54.669279,Berlin-7b77,4,54,Normal
2026-02-14 08:10:55.669279,Berlin-7b77,8,17,Normal
2026-02-14 08:10:56.669279,Berlin-7b77,-7,25,Normal
2026-02-14 08:10:57.669279,Berlin-7b77,13,74,Normal
2026-02-14 08:10:58.669279,Berlin-7b77,-1,31,Normal
2026-02-14 08:10:59.669279,Berlin-7b77,28,71,Normal
2026-02-14 08:11:00.669279,Berlin-7b77,-12,85,Normal
2026-02-14 08:11:01.669279,Berlin-7b77,15,42,Normal
2026-02-14 08:11:02.669279,Berlin-7b77,14,19,Normal
2026-02-14 08:11:03.669279,Berlin-7b77,23,81,Normal
2026-02-14 08:11:04.669279,Berlin-7b77,49,62,Normal
2026-02-14 08:11:05.669279,Berlin-7b77,-19,79,Normal
2026-02-14 08:11:06.669279,Berlin-7b77,44,53,Normal
2026-02-14 08:11:07.669279,Berlin-7b77,-10,86,Normal
2026-02-14 08:11:08.669279,Berlin-7b77,5,91,Normal
2026-02-14 08:11:09.669279,Berlin-7b77,8,92,Normal
2026-02-14 08:11:10.669279,Berlin-7b77,-14,18,Normal
2026-02-14 08:11:11.669279,Berlin-7b77,5,82,Normal
2026-02-14 08:11:12.669279,Berlin-7b77,-13,76,Normal
2026-02-14 08:11:13.669279,Berlin-7b77,-21,52,Normal
2026-02-14 08:11:14.669279,Berlin-7b77,49,51,Normal
2026-02-14 08:11:15.669279,Berlin-7b77,45,26,Normal
2026-02-14 08:11:16.669279,Berlin-7b77,8,22,Normal
2026-02-14 08:11:17.669279,Berlin-7b77,16,0,Normal
2026-02-14 08:11:18.669279,Berlin-7b77,24,96,Normal
2026-02-14 08:11:19.669279,Berlin-7b77,0,36,Normal
2026-02-14 08:11:20.669279,Berlin-7b77,-9,76,Normal
2026-02-14 08:11:21.669279,Berlin-7b77,-23,96,Normal
2026-02-14 08:11:22.669279,Berlin-7b77,-23,4,Normal
2026-02-14 08:11:23.669279,Berlin-7b77,-13,68,Normal
2026-02-14 08:11:24.669279,Berlin-7b77,-18,56,Normal
2026-02-14 08:11:25.669279,Berlin-7b77,9,60,Normal
2026-02-14 08:11:26.669279,Berlin-7b77,44,61,Normal
2026-02-14 08:11:27.669279,Berlin-7b77,12,91,Normal
2026-02-14 08:11:28.669279,Berlin-7b77,-6,23,Normal
2026-02-14 08:11:29.669279,Berlin-7b77,11,45,Normal
2026-02-14 08:11:30.669279,Berlin-7b77,-28,44,Normal
2026-02-14 08:11:31.669279,Berlin-7b77,4,29,Normal
2026-02-14 08:11:32.669279,Berlin-7b77,22,79,Normal
2026-02-14 08:11:33.669279,Berlin-7b77,14,54,Normal
2026-02-14 08:11:34.669279,Berlin-7b77,-12,87,Normal
2026-02-14 08:11:35.669279,Berlin-7b77,25,54,Normal
2026-02-14 08:11:36.669279,Berlin-7b77,-5,42,Normal
2026-02-14 08:11:37.669279,Berlin-7b77,-12,92,Normal
2026-02-14 08:11:38.669279,Berlin-7b77,26,100,Normal
2026-02-14 08:11:39.669279,Berlin-7b77,40,4,Normal
2026-02-14 08:11:40.669279,Berlin-7b77,-25,7,Normal
2026-02-14 08:11:41.669279,Berlin-7b77,-15,32,Normal
2026-02-14 08:11:42.669279,Berlin-7b77,-4,86,Normal
2026-02-14 08:11:43.669279,Berlin-7b77,16,94,Normal
2026-02-14 08:11:44.669279,Berlin-7b77,28,7,Normal
2026-02-14 08:11:45.669279,Berlin-7b77,-16,22,Normal
2026-02-14 08:11:46.669279,Berlin-7b77,-12,25,Normal
2026-02-14 08:11:47.669279,Berlin-7b77,-25,93,Normal
2026-02-14 08:11:48.669279,Berlin-7b77,26,17,Normal
2026-02-14 08:11:49.669279,Berlin-7b77,48,87,Normal
2026-02-14 08:11:50.669279,Berlin-7b77,10,35,Normal
2026-02-14 08:11:51.669279,Berlin-7b77,47,37,Normal
2026-02-14 08:11:52.669279,Berlin-7b77,-26,90,Normal
2026-02-14 08:11:53.669279,Berlin-7b77,24,60,Normal
2026-02-14 08:11:54.669279,Berlin-7b77,47,11,Normal
2026-02-14 08:11:55.669279,Berlin-7b77,-29,49,Normal
2026-02-14 08:11:56.669279,Berlin-7b77,21,33,Normal
2026-02-14 08:11:57.669279,Berlin-7b77,-16,14,Normal
2026-02-14 08:11:58.669279,Berlin-7b77,-10,59,Normal
2026-02-14 08:11:59.669279,Berlin-7b77,38,26,Normal
2026-02-14 08:12:00.669279,Berlin-7b77,39,91,Normal
2026-02-14 08:12:01.669279,Berlin-7b77,15,58,Normal
2026-02-14 08:12:02.669279,Berlin-7b77,-9,1,Normal
2026-02-14 08:12:03.669279,Berlin-7b77,47,35,Normal
2026-02-14 08:12:04.669279,Berlin-7b77,5,27,Normal
2026-02-14 08:12:05.669279,Berlin-7b77,-13,100,Normal
2026-02-14 08:12:06.669279,Berlin-7b77,23,78,Normal
2026-02-14 08:12:07.669279,Berlin-7b77,-7,76,Normal
2026-02-14 08:12:08.669279,Berlin-7b77,19,49,Normal
2026-02-14 08:12:09.669279,Berlin-7b77,44,15,Normal
2026-02-14 08:12:10.669279,Berlin-7b77,-30,40,Normal
2026-02-14 08:12:11.669279,Berlin-7b77,28,57,Normal
2026-02-14 08:12:12.669279,Berlin-7b77,18,26,Normal
2026-02-14 08:12:13.669279,Berlin-7b77,-24,55,Normal
2026-02-14 08:12:14.669279,Berlin-7b77,39,68,Normal
2026-02-14 08:12:15.669279,Berlin-7b77,41,84,Normal
2026-02-14 08:12:16.669279,Berlin-7b77,16,22,Normal
2026-02-14 08:12:17.669279,Berlin-7b77,40,60,Normal
2026-02-14 08:12:18.669279,Berlin-7b77,48,23,Normal
2026-02-14 08:12:19.669279,Berlin-7b77,5,37,Normal
2026-02-14 08:12:20.669279,Berlin-7b77,-22,80,Normal
2026-02-14 08:12:21.669279,Berlin-7b77,-14,72,Normal
2026-02-14 08:12:22.669279,Berlin-7b77,30,25,Normal
2026-02-14 08:12:23.669279,Berlin-7b77,-11,59,Normal
2026-02-14 08:12:24.669279,Berlin-7b77,0,90,Normal
2026-02-14 08:12:25.669279,Berlin-7b77,-24,51,Normal
2026-02-14 08:12:26.669279,Berlin-7b77,18,35,Normal
2026-02-14 08:12:27.669279,Berlin-7b77,22,74,Normal
2026-02-14 08:12:28.669279,Berlin-7b77,33,62,Normal
2026-02-14 08:12:29.669279,Berlin-7b77,23,85,Normal
2026-02-14 08:12:30.669279,Berlin-7b77,21,77,Normal
2026-02-14 08:12:31.669279,Berlin-7b77,-26,23,Normal
2026-02-14 08:12:32.669279,Berlin-7b77,-17,78,Normal
2026-02-14 08:12:33.669279,Berlin-7b77,19,75,Normal
2026-02-14 08:12:34.669279,Berlin-7b77,2,3,Normal
2026-02-14 08:12:35.669279,Berlin-7b77,46,36,Normal
2026-02-14 08:12:36.669279,Berlin-7b77,49,32,Normal
2026-02-14 08:12:37.669279,Berlin-7b77,3,75,Normal
2026-02-14 08:12:38.669279,Berlin-7b77,35,86,Normal
2026-02-14 08:12:39.669279,Berlin-7b77,-14,70,Normal
2026-02-14 08:12:40.669279,Berlin-7b77,-28,39,Normal
2026-02-14 08:12:41.669279,Berlin-7b77,44,70,Normal
2026-02-14 08:12:42.669279,Berlin-7b77,13,63,Normal
2026-02-14 08:12:43.669279,Berlin-7b77,-13,47,Normal
2026-02-14 08:12:44.669279,Berlin-7b77,20,63,Normal
2026-02-14 08:12:45.669279,Berlin-7b77,17,41,Normal
2026-02-14 08:12:46.669279,Berlin-7b77,16,51,Normal
2026-02-14 08:12:47.669279,Berlin-7b77,-12,66,Normal
2026-02-14 08:12:48.669279,Berlin-7b77,-22,6,Normal
2026-02-14 08:12:49.669279,Berlin-7b77,-28,20,Normal
2026-02-14 08:12:50.669279,Berlin-7b77,49,46,Normal
2026-02-14 08:12:51.669279,Berlin-7b77,32,93,Normal
2026-02-14 08:12:52.669279,Berlin-7b77,-27,97,Normal
2026-02-14 08:12:53.669279,Berlin-7b77,-19,68,Normal
2026-02-14 08:12:54.669279,Berlin-7b77,-26,55,Normal
2026-02-14 08:12:55.669279,Berlin-7b77,40,97,Normal
2026-02-14 08:12:56.669279,Berlin-7b77,-7,6,Normal
2026-02-14 08:12:57.669279,Berlin-7b77,36,41,Normal
2026-02-14 08:12:58.669279,Berlin-7b77,-19,65,Normal
2026-02-14 08:12:59.669279,Berlin-7b77,19,88,Normal
2026-02-14 08:13:00.669279,Berlin-7b77,45,91,Normal
2026-02-14 08:13:01.669279,Berlin-7b77,46,56,Normal
2026-02-14 08:13:02.669279,Berlin-7b77,-30,93,Normal
2026-02-14 08:13:03.669279,Berlin-7b77,8,23,Normal
2026-02-14 08:13:04.669279,Berlin-7b77,-12,37,Normal
2026-02-14 08:13:05.669279,Berlin-7b77,0,87,Normal
2026-02-14 08:13:06.669279,Berlin-7b77,-24,16,Normal
2026-02-14 08:13:07.669279,Berlin-7b77,-30,83,Normal
2026-02-14 08:13:08.669279,Berlin-7b77,-29,81,Normal
2026-02-14 08:13:09.669279,Berlin-7b77,-24,54,Normal
2026-02-14 08:13:10.669279,Berlin-7b77,41,6,Normal
2026-02-14 08:13:11.669279,Berlin-7b77,-18,80,Normal
2026-02-14 08:13:12.669279,Berlin-7b77,-2,46,Normal
2026-02-14 08:13:13.669279,Berlin-7b77,-12,12,Normal
2026-02-14 08:13:14.669279,Berlin-7b77,-8,63,Normal
2026-02-14 08:13:15.669279,Berlin-7b77,9,7,Normal
2026-02-14 08:13:16.669279,Berlin-7b77,35,47,Normal
2026-02-14 08:13:17.669279,Berlin-7b77,-4,41,Normal
2026-02-14 08:13:18.669279,Berlin-7b77,-21,91,Normal
2026-02-14 08:13:19.669279,Berlin-7b77,-24,17,Normal
2026-02-14 08:13:20.669279,Berlin-7b77,24,81,Normal
2026-02-14 08:13:21.669279,Berlin-7b77,-26,0,Normal
2026-02-14 08:13:22.669279,Berlin-7b77,-8,94,Normal
2026-02-14 08:13:23.669279,Berlin-7b77,2,36,Normal
2026-02-14 08:13:24.669279,Berlin-7b77,1,94,Normal
2026-02-14 08:13:25.669279,Berlin-7b77,-15,8,Normal
2026-02-14 08:13:26.669279,Berlin-7b77,28,13,Normal
2026-02-14 08:13:27.669279,Berlin-7b77,38,39,Normal
2026-02-14 08:13:28.669279,Berlin-7b77,4,4,Normal
2026-02-14 08:13:29.669279,Berlin-7b77,-20,3,Normal
2026-02-14 08:13:30.669279,Berlin-7b77,40,53,Normal
2026-02-14 08:13:31.669279,Berlin-7b77,42,35,Normal
2026-02-14 08:13:32.669279,Berlin-7b77,-11,82,Normal
2026-02-14 08:13:33.669279,Berlin-7b77,10,33,Normal
2026-02-14 08:13:34.669279,Berlin-7b77,37,59,Normal
2026-02-14 08:13:35.669279,Berlin-7b77,47,50,Normal
2026-02-14 08:13:36.669279,Berlin-7b77,15,97,Normal
2026-02-14 08:13:37.669279,Berlin-7b77,25,77,Normal
2026-02-14 08:13:38.669279,Berlin-7b77,-14,76,Normal
2026-02-14 08:13:39.669279,Berlin-7b77,-10,37,Normal
2026-02-14 08:13:40.669279,Berlin-7b77,-8,46,Normal
2026-02-14 08:13:41.669279,Berlin-7b77,37,5,Normal
2026-02-14 08:13:42.669279,Berlin-7b77,-5,70,Normal
2026-02-14 08:13:43.669279,Berlin-7b77,-13,71,Normal
2026-02-14 08:13:44.669279,Berlin-7b77,29,32,Normal
2026-02-14 08:13:45.669279,Berlin-7b77,41,21,Normal
2026-02-14 08:13:46.669279,Berlin-7b77,15,28,Normal
2026-02-14 08:13:47.669279,Berlin-7b77,12,30,Normal
2026-02-14 08:13:48.669279,Berlin-7b77,24,4,Normal
2026-02-14 08:13:49.669279,Berlin-7b77,4,11,Normal
2026-02-14 08:13:50.669279,Berlin-7b77,33,100,Normal
2026-02-14 08:13:51.669279,Berlin-7b77,-23,63,Normal
2026-02-14 08:13:52.669279,Berlin-7b77,-7,86,Normal
2026-02-14 08:13:53.669279,Berlin-7b77,-26,97,Normal
2026-02-14 08:13:54.669279,Berlin-7b77,29,13,Normal
2026-02-14 08:13:55.669279,Berlin-7b77,9,99,Normal
2026-02-14 08:13:56.669279,Berlin-7b77,33,51,Normal
2026-02-14 08:13:57.669279,Berlin-7b77,31,100,Normal
2026-02-14 08:13:58.669279,Berlin-7b77,3,94,Normal
2026-02-14 08:13:59.669279,Berlin-7b77,-4,92,Normal
2026-02-14 08:14:00.669279,Berlin-7b77,31,99,Normal
2026-02-14 08:14:01.669279,Berlin-7b77,49,90,Normal
2026-02-14 08:14:02.669279,Berlin-7b77,-21,54,Normal
2026-02-14 08:14:03.669279,Berlin-7b77,1,41,Normal
2026-02-14 08:14:04.669279,Berlin-7b77,13,62,Normal
2026-02-14 08:14:05.669279,Berlin-7b77,-13,57,Normal
2026-02-14 08:14:06.669279,Berlin-7b77,19,19,Normal
2026-02-14 08:14:07.669279,Berlin-7b77,39,71,Normal
2026-02-14 08:14:08.669279,Berlin-7b77,-24,38,Normal
2026-02-14 08:14:09.669279,Berlin-7b77,23,25,Normal
2026-02-14 08:14:10.669279,Berlin-7b77,20,19,Normal
2026-02-14 08:14:11.669279,Berlin-7b77,0,58,Normal
2026-02-14 08:14:12.669279,Berlin-7b77,-8,96,Normal
2026-02-14 08:14:13.669279,Berlin-7b77,17,81,Normal
2026-02-14 08:14:14.669279,Berlin-7b77,20,1,Normal
2026-02-14 08:14:15.669279,Berlin-7b77,-1,71,Normal
2026-02-14 08:14:16.669279,Berlin-7b77,50,75,Normal
2026-02-14 08:14:17.669279,Berlin-7b77,-10,17,Normal
2026-02-14 08:14:18.669279,Berlin-7b77,-26,29,Normal
2026-02-14 08:14:19.669279,Berlin-7b77,-1,60,Normal
2026-02-14 08:14:20.669279,Berlin-7b77,48,59,Normal
2026-02-14 08:14:21.669279,Berlin-7b77,25,84,Normal
2026-02-14 08:14:22.669279,Berlin-7b77,-13,65,Normal
2026-02-14 08:14:23.669279,Berlin-7b77,43,47,Normal
2026-02-14 08:14:24.669279,Berlin-7b77,22,30,Normal
2026-02-14 08:14:25.669279,Berlin-7b77,2,62,Normal
2026-02-14 08:14:26.669279,Berlin-7b77,44,49,Normal
2026-02-14 08:14:27.669279,Berlin-7b77,-12,86,Normal
2026-02-14 08:14:28.669279,Berlin-7b77,27,71,Normal
2026-02-14 08:14:29.669279,Berlin-7b77,50,3,Normal
2026-02-14 08:14:30.669279,Berlin-7b77,-2,88,Normal
2026-02-14 08:14:31.669279,Berlin-7b77,31,78,Normal
2026-02-14 08:14:32.669279,Berlin-7b77,-25,23,Normal
2026-02-14 08:14:33.669279,Berlin-7b77,35,67,Normal
2026-02-14 08:14:34.669279,Berlin-7b77,8,24,Normal
2026-02-14 08:14:35.669279,Berlin-7b77,-11,17,Normal
2026-02-14 08:14:36.669279,Berlin-7b77,47,70,Normal
2026-02-14 08:14:37.669279,Berlin-7b77,-5,34,Normal
2026-02-14 08:14:38.669279,Berlin-7b77,-16,16,Normal
2026-02-14 08:14:39.669279,Berlin-7b77,46,82,Normal
2026-02-14 08:14:40.669279,Berlin-7b77,-15,81,Normal
2026-02-14 08:14:41.669279,Berlin-7b77,29,8,Normal
2026-02-14 08:14:42.669279,Berlin-7b77,-5,59,Normal
2026-02-14 08:14:43.669279,Berlin-7b77,-2,37,Normal
2026-02-14 08:14:44.669279,Berlin-7b77,37,81,Normal
2026-02-14 08:14:45.669279,Berlin-7b77,36,61,Normal
2026-02-14 08:14:46.669279,Berlin-7b77,-17,73,Normal
2026-02-14 08:14:47.669279,Berlin-7b77,35,9,Normal
2026-02-14 08:14:48.669279,Berlin-7b77,11,11,Normal
2026-02-14 08:14:49.669279,Berlin-7b77,26,34,Normal
2026-02-14 08:14:50.669279,Berlin-7b77,-13,23,Normal
2026-02-14 08:14:51.669279,Berlin-7b77,-15,6,Normal
2026-02-14 08:14:52.669279,Berlin-7b77,-23,100,Normal
2026-02-14 08:14:53.669279,Berlin-7b77,5,78,Normal
2026-02-14 08:14:54.669279,Berlin-7b77,27,23,Normal
2026-02-14 08:14:55.669279,Berlin-7b77,-6,67,Normal
2026-02-14 08:14:56.669279,Berlin-7b77,3,48,Normal
2026-02-14 08:14:57.669279,Berlin-7b77,12,73,Normal
2026-02-14 08:14:58.669279,Berlin-7b77,25,8,Normal
2026-02-14 08:14:59.669279,Berlin-7b77,38,14,Normal
2026-02-14 08:15:00.669279,Berlin-7b77,-28,24,Normal
2026-02-14 08:15:01.669279,Berlin-7b77,-28,62,Normal
2026-02-14 08:15:02.669279,Berlin-7b77,27,91,Normal
2026-02-14 08:15:03.669279,Berlin-7b77,-14,17,Normal
2026-02-14 08:15:04.669279,Berlin-7b77,-19,52,Normal
2026-02-14 08:15:05.669279,Berlin-7b77,48,54,Normal
2026-02-14 08:15:06.669279,Berlin-7b77,-1,54,Normal
2026-02-14 08:15:07.669279,Berlin-7b77,42,31,Normal
2026-02-14 08:15:08.669279,Berlin-7b77,-10,80,Normal
2026-02-14 08:15:09.669279,Berlin-7b77,-18,67,Normal
2026-02-14 08:15:10.669279,Berlin-7b77,6,88,Normal
2026-02-14 08:15:11.669279,Berlin-7b77,45,77,Normal
2026-02-14 08:15:12.669279,Berlin-7b77,13,54,Normal
2026-02-14 08:15:13.669279,Berlin-7b77,35,22,Normal
2026-02-14 08:15:14.669279,Berlin-7b77,37,44,Normal
2026-02-14 08:15:15.669279,Berlin-7b77,-10,95,Normal
2026-02-14 08:15:16.669279,Berlin-7b77,-24,47,Normal
2026-02-14 08:15:17.669279,Berlin-7b77,-10,85,Normal
2026-02-14 08:15:18.669279,Berlin-7b77,-12,87,Normal
2026-02-14 08:15:19.669279,Berlin-7b77,27,73,Normal
2026-02-14 08:15:20.669279,Berlin-7b77,46,89,Normal
2026-02-14 08:15:21.669279,Berlin-7b77,15,63,Normal
2026-02-14 08:15:22.669279,Berlin-7b77,29,32,Normal
2026-02-14 08:15:23.669279,Berlin-7b77,-14,95,Normal
2026-02-14 08:15:24.669279,Berlin-7b77,-28,56,Normal
2026-02-14 08:15:25.669279,Berlin-7b77,21,8,Normal
2026-02-14 08:15:26.669279,Berlin-7b77,-27,43,Normal
2026-02-14 08:15:27.669279,Berlin-7b77,5,17,Normal
2026-02-14 08:15:28.669279,Berlin-7b77,-15,78,Normal
2026-02-14 08:15:29.669279,Berlin-7b77,-13,57,Normal
2026-02-14 08:15:30.669279,Berlin-7b77,-9,56,Normal
2026-02-14 08:15:31.669279,Berlin-7b77,-21,89,Normal
2026-02-14 08:15:32.669279,Berlin-7b77,3,57,Normal
2026-02-14 08:15:33.669279,Berlin-7b77,22,8,Normal
2026-02-14 08:15:34.669279,Berlin-7b77,48,80,Normal
2026-02-14 08:15:35.669279,Berlin-7b77,-22,59,Normal
2026-02-14 08:15:36.669279,Berlin-7b77,-25,7,Normal
2026-02-14 08:15:37.669279,Berlin-7b77,44,37,Normal
2026-02-14 08:15:38.669279,Berlin-7b77,-2,82,Normal
2026-02-14 08:15:39.669279,Berlin-7b77,28,79,Normal
2026-02-14 08:15:40.669279,Berlin-7b77,11,0,Normal
2026-02-14 08:15:41.669279,Berlin-7b77,-19,92,Normal
2026-02-14 08:15:42.669279,Berlin-7b77,25,78,Normal
2026-02-14 08:15:43.669279,Berlin-7b77,22,93,Normal
2026-02-14 08:15:44.669279,Berlin-7b77,16,45,Normal
2026-02-14 08:15:45.669279,Berlin-7b77,6,82,Normal
2026-02-14 08:15:46.669279,Berlin-7b77,27,39,Normal
2026-02-14 08:15:47.669279,Berlin-7b77,20,9,Normal
2026-02-14 08:15:48.669279,Berlin-7b77,-24,92,Normal
2026-02-14 08:15:49.669279,Berlin-7b77,-15,40,Normal
2026-02-14 08:15:50.669279,Berlin-7b77,-13,47,Normal
2026-02-14 08:15:51.669279,Berlin-7b77,17,66,Normal
2026-02-14 08:15:52.669279,Berlin-7b77,9,29,Normal
2026-02-14 08:15:53.669279,Berlin-7b77,-3,54,Normal
2026-02-14 08:15:54.669279,Berlin-7b77,8,75,Normal
2026-02-14 08:15:55.669279,Berlin-7b77,23,64,Normal
2026-02-14 08:15:56.669279,Berlin-7b77,0,84,Normal
2026-02-14 08:15:57.669279,Berlin-7b77,-10,79,Normal
2026-02-14 08:15:58.669279,Berlin-7b77,42,89,Normal
2026-02-14 08:15:59.669279,Berlin-7b77,36,90,Normal
2026-02-14 08:16:00.669279,Berlin-7b77,35,42,Normal
2026-02-14 08:16:01.669279,Berlin-7b77,-25,15,Normal
2026-02-14 08:16:02.669279,Berlin-7b77,-19,69,Normal
2026-02-14 08:16:03.669279,Berlin-7b77,-26,72,Normal
2026-02-14 08:16:04.669279,Berlin-7b77,-9,79,Normal
2026-02-14 08:16:05.669279,Berlin-7b77,49,13,Normal
2026-02-14 08:16:06.669279,Berlin-7b77,-25,100,Normal
2026-02-14 08:16:07.669279,Berlin-7b77,18,6,Normal
2026-02-14 08:16:08.669279,Berlin-7b77,-28,92,Normal
2026-02-14 08:16:09.669279,Berlin-7b77,-3,81,Normal
2026-02-14 08:16:10.669279,Berlin-7b77,25,9,Normal
2026-02-14 08:16:11.669279,Berlin-7b77,21,72,Normal
2026-02-14 08:16:12.669279,Berlin-7b77,41,88,Normal
2026-02-14 08:16:13.669279,Berlin-7b77,31,39,Normal
2026-02-14 08:16:14.669279,Berlin-7b77,20,12,Normal
2026-02-14 08:16:15.669279,Berlin-7b77,4,61,Normal
2026-02-14 08:16:16.669279,Berlin-7b77,-19,57,Normal
2026-02-14 08:16:17.669279,Berlin-7b77,-12,29,Normal
2026-02-14 08:16:18.669279,Berlin-7b77,1,80,Normal
2026-02-14 08:16:19.669279,Berlin-7b77,44,32,Normal
2026-02-14 08:16:20.669279,Berlin-7b77,44,0,Normal
2026-02-14 08:16:21.669279,Berlin-7b77,45,78,Normal
2026-02-14 08:16:22.669279,Berlin-7b77,15,35,Normal
2026-02-14 08:16:23.669279,Berlin-7b77,31,83,Normal
2026-02-14 08:16:24.669279,Berlin-7b77,-12,42,Normal
2026-02-14 08:16:25.669279,Berlin-7b77,-13,3,Normal
2026-02-14 08:16:26.669279,Berlin-7b77,29,60,Normal
2026-02-14 08:16:27.669279,Berlin-7b77,-19,31,Normal
2026-02-14 08:16:28.669279,Berlin-7b77,-15,82,Normal
2026-02-14 08:16:29.669279,Berlin-7b77,1,57,Normal
2026-02-14 08:16:30.669279,Berlin-7b77,32,93,Normal
2026-02-14 08:16:31.669279,Berlin-7b77,-9,6,Normal
2026-02-14 08:16:32.669279,Berlin-7b77,32,81,Normal
2026-02-14 08:16:33.669279,Berlin-7b77,2,54,Normal
2026-02-14 08:16:34.669279,Berlin-7b77,-27,86,Normal
2026-02-14 08:16:35.669279,Berlin-7b77,18,14,Normal
2026-02-14 08:16:36.669279,Berlin-7b77,21,15,Normal
2026-02-14 08:16:37.669279,Berlin-7b77,6,23,Normal
2026-02-14 08:16:38.669279,Berlin-7b77,-11,88,Normal
2026-02-14 08:16:39.669279,Berlin-7b77,38,92,Normal
2026-02-14 08:16:40.669279,Berlin-7b77,-11,72,Normal
2026-02-14 08:16:41.669279,Berlin-7b77,10,100,Normal
2026-02-14 08:16:42.669279,Berlin-7b77,41,8,Normal
2026-02-14 08:16:43.669279,Berlin-7b77,0,42,Normal
2026-02-14 08:16:44.669279,Berlin-7b77,20,45,Normal
2026-02-14 08:16:45.669279,Berlin-7b77,44,92,Normal
2026-02-14 08:16:46.669279,Berlin-7b77,-3,94,Normal
2026-02-14 08:16:47.669279,Berlin-7b77,20,89,Normal
2026-02-14 08:16:48.669279,Berlin-7b77,41,67,Normal
2026-02-14 08:16:49.669279,Berlin-7b77,23,18,Normal
2026-02-14 08:16:50.669279,Berlin-7b77,40,78,Normal
2026-02-14 08:16:51.669279,Berlin-7b77,36,76,Normal
2026-02-14 08:16:52.669279,Berlin-7b77,35,1,Normal
2026-02-14 08:16:53.669279,Berlin-7b77,-13,53,Normal
2026-02-14 08:16:54.669279,Berlin-7b77,-9,90,Normal
2026-02-14 08:16:55.669279,Berlin-7b77,20,82,Normal
2026-02-14 08:16:56.669279,Berlin-7b77,-1,85,Normal
2026-02-14 08:16:57.669279,Berlin-7b77,-14,58,Normal
2026-02-14 08:16:58.669279,Berlin-7b77,-13,18,Normal
2026-02-14 08:16:59.669279,Berlin-7b77,12,6,Normal
2026-02-14 08:17:00.669279,Berlin-7b77,37,75,Normal
2026-02-14 08:17:01.669279,Berlin-7b77,37,17,Normal
2026-02-14 08:17:02.669279,Berlin-7b77,43,1,Normal
2026-02-14 08:17:03.669279,Berlin-7b77,-1,96,Normal
2026-02-14 08:17:04.669279,Berlin-7b77,4,71,Normal
2026-02-14 08:17:05.669279,Berlin-7b77,8,96,Normal
2026-02-14 08:17:06.669279,Berlin-7b77,-2,36,Normal
2026-02-14 08:17:07.669279,Berlin-7b77,39,63,Normal
2026-02-14 08:17:08.669279,Berlin-7b77,-18,23,Normal
2026-02-14 08:17:09.669279,Berlin-7b77,-15,91,Normal
2026-02-14 08:17:10.669279,Berlin-7b77,40,25,Normal
2026-02-14 08:17:11.669279,Berlin-7b77,-23,93,Normal
2026-02-14 08:17:12.669279,Berlin-7b77,26,53,Normal
2026-02-14 08:17:13.669279,Berlin-7b77,0,38,Normal
2026-02-14 08:17:14.669279,Berlin-7b77,-12,17,Normal
2026-02-14 08:17:15.669279,Berlin-7b77,6,69,Normal
2026-02-14 08:17:16.669279,Berlin-7b77,19,92,Normal
2026-02-14 08:17:17.669279,Berlin-7b77,43,97,Normal
2026-02-14 08:17:18.669279,Berlin-7b77,-27,34,Normal
2026-02-14 08:17:19.669279,Berlin-7b77,-18,97,Normal
2026-02-14 08:17:20.669279,Berlin-7b77,38,52,Normal
2026-02-14 08:17:21.669279,Berlin-7b77,-22,57,Normal
2026-02-14 08:17:22.669279,Berlin-7b77,35,89,Normal
2026-02-14 08:17:23.669279,Berlin-7b77,-5,28,Normal
2026-02-14 08:17:24.669279,Berlin-7b77,30,79,Normal
2026-02-14 08:17:25.669279,Berlin-7b77,49,6,Normal
2026-02-14 08:17:26.669279,Berlin-7b77,-10,94,Normal
2026-02-14 08:17:27.669279,Berlin-7b77,21,22,Normal
2026-02-14 08:17:28.669279,Berlin-7b77,39,12,Normal
2026-02-14 08:17:29.669279,Berlin-7b77,39,55,Normal
2026-02-14 08:17:30.669279,Berlin-7b77,34,19,Normal
2026-02-14 08:17:31.669279,Berlin-7b77,-8,21,Normal
2026-02-14 08:17:32.669279,Berlin-7b77,40,59,Normal
2026-02-14 08:17:33.669279,Berlin-7b77,47,67,Normal
2026-02-14 08:17:34.669279,Berlin-7b77,-6,21,Normal
2026-02-14 08:17:35.669279,Berlin-7b77,49,3,Normal
2026-02-14 08:17:36.669279,Berlin-7b77,-2,3,Normal
2026-02-14 08:17:37.669279,Berlin-7b77,-30,68,Normal
2026-02-14 08:17:38.669279,Berlin-7b77,48,18,Normal
2026-02-14 08:17:39.669279,Berlin-7b77,27,15,Normal
2026-02-14 08:17:40.669279,Berlin-7b77,45,4,Normal
2026-02-14 08:17:41.669279,Berlin-7b77,35,12,Normal
2026-02-14 08:17:42.669279,Berlin-7b77,10,26,Normal
2026-02-14 08:17:43.669279,Berlin-7b77,48,42,Normal
2026-02-14 08:17:44.669279,Berlin-7b77,-9,63,Normal
2026-02-14 08:17:45.669279,Berlin-7b77,6,71,Normal
2026-02-14 08:17:46.669279,Berlin-7b77,-30,56,Normal
2026-02-14 08:17:47.669279,Berlin-7b77,-20,17,Normal
2026-02-14 08:17:48.669279,Berlin-7b77,12,39,Normal
2026-02-14 08:17:49.669279,Berlin-7b77,-12,61,Normal
2026-02-14 08:17:50.669279,Berlin-7b77,-18,37,Normal
2026-02-14 08:17:51.669279,Berlin-7b77,5,66,Normal
2026-02-14 08:17:52.669279,Berlin-7b77,-14,28,Normal
2026-02-14 08:17:53.669279,Berlin-7b77,25,72,Normal
2026-02-14 08:17:54.669279,Berlin-7b77,23,88,Normal
2026-02-14 08:17:55.669279,Berlin-7b77,8,20,Normal
2026-02-14 08:17:56.669279,Berlin-7b77,1,29,Normal
2026-02-14 08:17:57.669279,Berlin-7b77,-24,81,Normal
2026-02-14 08:17:58.669279,Berlin-7b77,18,25,Normal
2026-02-14 08:17:59.669279,Berlin-7b77,26,94,Normal
2026-02-14 08:18:00.669279,Berlin-7b77,3,91,Normal
2026-02-14 08:18:01.669279,Berlin-7b77,49,36,Normal
2026-02-14 08:18:02.669279,Berlin-7b77,-19,9,Normal
2026-02-14 08:18:03.669279,Berlin-7b77,-14,96,Normal
2026-02-14 08:18:04.669279,Berlin-7b77,-5,99,Normal
2026-02-14 08:18:05.669279,Berlin-7b77,14,55,Normal
2026-02-14 08:18:06.669279,Berlin-7b77,31,20,Normal
2026-02-14 08:18:07.669279,Berlin-7b77,17,8,Normal
2026-02-14 08:18:08.669279,Berlin-7b77,-20,5,Normal
2026-02-14 08:18:09.669279,Berlin-7b77,34,59,Normal
2026-02-14 08:18:10.669279,Berlin-7b77,26,92,Normal
2026-02-14 08:18:11.669279,Berlin-7b77,47,47,Normal
2026-02-14 08:18:12.669279,Berlin-7b77,-11,89,Normal
2026-02-14 08:18:13.669279,Berlin-7b77,-12,54,Normal
2026-02-14 08:18:14.669279,Berlin-7b77,13,5,Normal
2026-02-14 08:18:15.669279,Berlin-7b77,6,50,Normal
2026-02-14 08:18:16.669279,Berlin-7b77,-1,99,Normal
2026-02-14 08:18:17.669279,Berlin-7b77,30,47,Normal
2026-02-14 08:18:18.669279,Berlin-7b77,-4,61,Normal
2026-02-14 08:18:19.669279,Berlin-7b77,7,100,Normal
2026-02-14 08:18:20.669279,Berlin-7b77,37,61,Normal
2026-02-14 08:18:21.669279,Berlin-7b77,-16,60,Normal
2026-02-14 08:18:22.669279,Berlin-7b77,12,100,Normal
2026-02-14 08:18:23.669279,Berlin-7b77,-17,99,Normal
2026-02-14 08:18:24.669279,Berlin-7b77,36,9,Normal
2026-02-14 08:18:25.669279,Berlin-7b77,-28,2,Normal
2026-02-14 08:18:26.669279,Berlin-7b77,14,26,Normal
2026-02-14 08:18:27.669279,Berlin-7b77,3,59,Normal
2026-02-14 08:18:28.669279,Berlin-7b77,-12,14,Normal
2026-02-14 08:18:29.669279,Berlin-7b77,19,68,Normal
2026-02-14 08:18:30.669279,Berlin-7b77,32,95,Normal
2026-02-14 08:18:31.669279,Berlin-7b77,-26,91,Normal
2026-02-14 08:18:32.669279,Berlin-7b77,28,0,Normal
2026-02-14 08:18:33.669279,Berlin-7b77,-14,67,Normal
2026-02-14 08:18:34.669279,Berlin-7b77,-5,65,Normal
2026-02-14 08:18:35.669279,Berlin-7b77,8,10,Normal
2026-02-14 08:18:36.669279,Berlin-7b77,-11,69,Normal
2026-02-14 08:18:37.669279,Berlin-7b77,44,22,Normal
2026-02-14 08:18:38.669279,Berlin-7b77,17,58,Normal
2026-02-14 08:18:39.669279,Berlin-7b77,23,1,Normal
2026-02-14 08:18:40.669279,Berlin-7b77,5,5,Normal
2026-02-14 08:18:41.669279,Berlin-7b77,-10,32,Normal
2026-02-14 08:18:42.669279,Berlin-7b77,42,63,Normal
2026-02-14 08:18:43.669279,Berlin-7b77,50,40,Normal
2026-02-14 08:18:44.669279,Berlin-7b77,-2,15,Normal
2026-02-14 08:18:45.669279,Berlin-7b77,-10,31,Normal
2026-02-14 08:18:46.669279,Berlin-7b77,-28,49,Normal
2026-02-14 08:18:47.669279,Berlin-7b77,19,55,Normal
2026-02-14 08:18:48.669279,Berlin-7b77,14,32,Normal
2026-02-14 08:18:49.669279,Berlin-7b77,40,78,Normal
2026-02-14 08:18:50.669279,Berlin-7b77,40,80,Normal
2026-02-14 08:18:51.669279,Berlin-7b77,20,4,Normal
2026-02-14 08:18:52.669279,Berlin-7b77,34,61,Normal
2026-02-14 08:18:53.669279,Berlin-7b77,10,77,Normal
2026-02-14 08:18:54.669279,Berlin-7b77,21,77,Normal
2026-02-14 08:18:55.669279,Berlin-7b77,48,19,Normal
2026-02-14 08:18:56.669279,Berlin-7b77,41,2,Normal
2026-02-14 08:18:57.669279,Berlin-7b77,39,51,Normal
2026-02-14 08:18:58.669279,Berlin-7b77,7,73,Normal
2026-02-14 08:18:59.669279,Berlin-7b77,-1,79,Normal
2026-02-14 08:19:00.669279,Berlin-7b77,11,11,Normal
2026-02-14 08:19:01.669279,Berlin-7b77,36,29,Normal
2026-02-14 08:19:02.669279,Berlin-7b77,20,78,Normal
2026-02-14 08:19:03.669279,Berlin-7b77,-20,92,Normal
2026-02-14 08:19:04.669279,Berlin-7b77,-24,73,Normal
2026-02-14 08:19:05.669279,Berlin-7b77,1,53,Normal
2026-02-14 08:19:06.669279,Berlin-7b77,9,22,Normal
2026-02-14 08:19:07.669279,Berlin-7b77,-22,80,Normal
2026-02-14 08:19:08.669279,Berlin-7b77,-3,78,Normal
2026-02-14 08:19:09.669279,Berlin-7b77,18,64,Normal
2026-02-14 08:19:10.669279,Berlin-7b77,9,48,Normal
2026-02-14 08:19:11.669279,Berlin-7b77,6,7,Normal
2026-02-14 08:19:12.669279,Berlin-7b77,40,78,Normal
2026-02-14 08:19:13.669279,Berlin-7b77,47,58,Normal
2026-02-14 08:19:14.669279,Berlin-7b77,21,74,Normal
2026-02-14 08:19:15.669279,Berlin-7b77,-10,33,Normal
2026-02-14 08:19:16.669279,Berlin-7b77,23,89,Normal
2026-02-14 08:19:17.669279,Berlin-7b77,37,82,Normal
2026-02-14 08:19:18.669279,Berlin-7b77,-3,33,Normal
2026-02-14 08:19:19.669279,Berlin-7b77,10,85,Normal
2026-02-14 08:19:20.669279,Berlin-7b77,32,29,Normal
2026-02-14 08:19:21.669279,Berlin-7b77,42,72,Normal
2026-02-14 08:19:22.669279,Berlin-7b77,-24,57,Normal
2026-02-14 08:19:23.669279,Berlin-7b77,-8,56,Normal
2026-02-14 08:19:24.669279,Berlin-7b77,13,78,Normal
2026-02-14 08:19:25.669279,Berlin-7b77,-8,16,Normal
2026-02-14 08:19:26.669279,Berlin-7b77,11,85,Normal
2026-02-14 08:19:27.669279,Berlin-7b77,9,87,Normal
2026-02-14 08:19:28.669279,Berlin-7b77,-30,59,Normal
2026-02-14 08:19:29.669279,Berlin-7b77,-4,16,Normal
2026-02-14 08:19:30.669279,Berlin-7b77,32,85,Normal
2026-02-14 08:19:31.669279,Berlin-7b77,3,77,Normal
2026-02-14 08:19:32.669279,Berlin-7b77,-6,98,Normal
2026-02-14 08:19:33.669279,Berlin-7b77,12,95,Normal
2026-02-14 08:19:34.669279,Berlin-7b77,15,92,Normal
2026-02-14 08:19:35.669279,Berlin-7b77,31,97,Normal
2026-02-14 08:19:36.669279,Berlin-7b77,8,91,Normal
2026-02-14 08:19:37.669279,Berlin-7b77,8,1,Normal
2026-02-14 08:19:38.669279,Berlin-7b77,44,58,Normal
2026-02-14 08:19:39.669279,Berlin-7b77,-28,46,Normal
2026-02-14 08:19:40.669279,Berlin-7b77,19,9,Normal
2026-02-14 08:19:41.669279,Berlin-7b77,-27,86,Normal
2026-02-14 08:19:42.669279,Berlin-7b77,33,59,Normal
2026-02-14 08:19:43.669279,Berlin-7b77,23,55,Normal
2026-02-14 08:19:44.669279,Berlin-7b77,-6,99,Normal
2026-02-14 08:19:45.669279,Berlin-7b77,14,38,Normal
2026-02-14 08:19:46.669279,Berlin-7b77,35,53,Normal
2026-02-14 08:19:47.669279,Berlin-7b77,-8,95,Normal
2026-02-14 08:19:48.669279,Berlin-7b77,22,85,Normal
2026-02-14 08:19:49.669279,Berlin-7b77,40,8,Normal
2026-02-14 08:19:50.669279,Berlin-7b77,26,42,Normal
2026-02-14 08:19:51.669279,Berlin-7b77,-8,36,Normal
2026-02-14 08:19:52.669279,Berlin-7b77,37,34,Normal
2026-02-14 08:19:53.669279,Berlin-7b77,37,47,Normal
2026-02-14 08:19:54.669279,Berlin-7b77,18,37,Normal
2026-02-14 08:19:55.669279,Berlin-7b77,-13,48,Normal
2026-02-14 08:19:56.669279,Berlin-7b77,-1,8,Normal
2026-02-14 08:19:57.669279,Berlin-7b77,-24,98,Normal
2026-02-14 08:19:58.669279,Berlin-7b77,36,26,Normal
2026-02-14 08:19:59.669279,Berlin-7b77,46,83,Normal
2026-02-14 08:20:00.669279,Berlin-7b77,36,2,Normal
2026-02-14 08:20:01.669279,Berlin-7b77,48,44,Normal
2026-02-14 08:20:02.669279,Berlin-7b77,8,26,Normal
2026-02-14 08:20:03.669279,Berlin-7b77,-24,19,Normal
2026-02-14 08:20:04.669279,Berlin-7b77,18,96,Normal
2026-02-14 08:20:05.669279,Berlin-7b77,10,63,Normal
2026-02-14 08:20:06.669279,Berlin-7b77,14,92,Normal
2026-02-14 08:20:07.669279,Berlin-7b77,43,60,Normal
2026-02-14 08:20:08.669279,Berlin-7b77,13,42,Normal
2026-02-14 08:20:09.669279,Berlin-7b77,42,29,Normal
2026-02-14 08:20:10.669279,Berlin-7b77,14,99,Normal
2026-02-14 08:20:11.669279,Berlin-7b77,-15,9,Normal
2026-02-14 08:20:12.669279,Berlin-7b77,36,1,Normal
2026-02-14 08:20:13.669279,Berlin-7b77,45,56,Normal
2026-02-14 08:20:14.669279,Berlin-7b77,1,75,Normal
2026-02-14 08:20:15.669279,Berlin-7b77,15,3,Normal
2026-02-14 08:20:16.669279,Berlin-7b77,48,58,Normal
2026-02-14 08:20:17.669279,Berlin-7b77,37,28,Normal
2026-02-14 08:20:18.669279,Berlin-7b77,44,14,Normal
2026-02-14 08:20:19.669279,Berlin-7b77,4,91,Normal
2026-02-14 08:20:20.669279,Berlin-7b77,0,34,Normal
2026-02-14 08:20:21.669279,Berlin-7b77,-9,3,Normal
2026-02-14 08:20:22.669279,Berlin-7b77,16,42,Normal
2026-02-14 08:20:23.669279,Berlin-7b77,5,47,Normal
2026-02-14 08:20:24.669279,Berlin-7b77,10,14,Normal
2026-02-14 08:20:25.669279,Berlin-7b77,-11,35,Normal
2026-02-14 08:20:26.669279,Berlin-7b77,-27,85,Normal
2026-02-14 08:20:27.669279,Berlin-7b77,-18,45,Normal
2026-02-14 08:20:28.669279,Berlin-7b77,23,15,Normal
2026-02-14 08:20:29.669279,Berlin-7b77,-19,39,Normal
2026-02-14 08:20:30.669279,Berlin-7b77,32,5,Normal
2026-02-14 08:20:31.669279,Berlin-7b77,41,65,Normal
2026-02-14 08:20:32.669279,Berlin-7b77,-24,9,Normal
2026-02-14 08:20:33.669279,Berlin-7b77,-15,27,Normal
2026-02-14 08:20:34.669279,Berlin-7b77,16,90,Normal
2026-02-14 08:20:35.669279,Berlin-7b77,-29,31,Normal
2026-02-14 08:20:36.669279,Berlin-7b77,42,43,Normal
2026-02-14 08:20:37.669279,Berlin-7b77,-4,86,Normal
2026-02-14 08:20:38.669279,Berlin-7b77,24,90,Normal
2026-02-14 08:20:39.669279,Berlin-7b77,36,34,Normal
2026-02-14 08:20:40.669279,Berlin-7b77,-9,16,Normal
2026-02-14 08:20:41.669279,Berlin-7b77,14,20,Normal
2026-02-14 08:20:42.669279,Berlin-7b77,-20,7,Normal
2026-02-14 08:20:43.669279,Berlin-7b77,-13,33,Normal
2026-02-14 08:20:44.669279,Berlin-7b77,31,19,Normal
2026-02-14 08:20:45.669279,Berlin-7b77,22,38,Normal
2026-02-14 08:20:46.669279,Berlin-7b77,48,8,Normal
2026-02-14 08:20:47.669279,Berlin-7b77,46,35,Normal
2026-02-14 08:20:48.669279,Berlin-7b77,-14,1,Normal
2026-02-14 08:20:49.669279,Berlin-7b77,-6,63,Normal
2026-02-14 08:20:50.669279,Berlin-7b77,-4,56,Normal
2026-02-14 08:20:51.669279,Berlin-7b77,-11,49,Normal
2026-02-14 08:20:52.669279,Berlin-7b77,-10,47,Normal
2026-02-14 08:20:53.669279,Berlin-7b77,-26,15,Normal
2026-02-14 08:20:54.669279,Berlin-7b77,1,85,Normal
2026-02-14 08:20:55.669279,Berlin-7b77,33,36,Normal
2026-02-14 08:20:56.669279,Berlin-7b77,-18,89,Normal
2026-02-14 08:20:57.669279,Berlin-7b77,45,16,Normal
2026-02-14 08:20:58.669279,Berlin-7b77,-24,78,Normal
2026-02-14 08:20:59.669279,Berlin-7b77,-11,54,Normal
2026-02-14 08:21:00.669279,Berlin-7b77,12,31,Normal
2026-02-14 08:21:01.669279,Berlin-7b77,-30,57,Normal
2026-02-14 08:21:02.669279,Berlin-7b77,29,74,Normal
2026-02-14 08:21:03.669279,Berlin-7b77,2,12,Normal
2026-02-14 08:21:04.669279,Berlin-7b77,-9,71,Normal
2026-02-14 08:21:05.669279,Berlin-7b77,35,52,Normal
2026-02-14 08:21:06.669279,Berlin-7b77,-16,44,Normal
2026-02-14 08:21:07.669279,Berlin-7b77,-18,85,Normal
2026-02-14 08:21:08.669279,Berlin-7b77,-20,25,Normal
2026-02-14 08:21:09.669279,Berlin-7b77,46,89,Normal
2026-02-14 08:21:10.669279,Berlin-7b77,-9,57,Normal
2026-02-14 08:21:11.669279,Berlin-7b77,35,48,Normal
2026-02-14 08:21:12.669279,Berlin-7b77,48,63,Normal
2026-02-14 08:21:13.669279,Berlin-7b77,-9,48,Normal
2026-02-14 08:21:14.669279,Berlin-7b77,43,73,Normal
2026-02-14 08:21:15.669279,Berlin-7b77,-29,48,Normal
2026-02-14 08:21:16.669279,Berlin-7b77,47,33,Normal
2026-02-14 08:21:17.669279,Berlin-7b77,8,9,Normal
2026-02-14 08:21:18.669279,Berlin-7b77,32,36,Normal
2026-02-14 08:21:19.669279,Berlin-7b77,31,62,Normal
2026-02-14 08:21:20.669279,Berlin-7b77,31,64,Normal
2026-02-14 08:21:21.669279,Berlin-7b77,11,74,Normal
2026-02-14 08:21:22.669279,Berlin-7b77,17,33,Normal
2026-02-14 08:21:23.669279,Berlin-7b77,19,3,Normal
2026-02-14 08:21:24.669279,Berlin-7b77,47,59,Normal
2026-02-14 08:21:25.669279,Berlin-7b77,35,23,Normal
2026-02-14 08:21:26.669279,Berlin-7b77,38,33,Normal
2026-02-14 08:21:27.669279,Berlin-7b77,2,46,Normal
2026-02-14 08:21:28.669279,Berlin-7b77,-30,90,Normal
2026-02-14 08:21:29.669279,Berlin-7b77,-4,31,Normal
2026-02-14 08:21:30.669279,Berlin-7b77,41,43,Normal
2026-02-14 08:21:31.669279,Berlin-7b77,46,37,Normal
2026-02-14 08:21:32.669279,Berlin-7b77,-7,70,Normal
2026-02-14 08:21:33.669279,Berlin-7b77,39,50,Normal
2026-02-14 08:21:34.669279,Berlin-7b77,43,35,Normal
2026-02-14 08:21:35.669279,Berlin-7b77,13,81,Normal
2026-02-14 08:21:36.669279,Berlin-7b77,21,82,Normal
2026-02-14 08:21:37.669279,Berlin-7b77,24,48,Normal
2026-02-14 08:21:38.669279,Berlin-7b77,-24,100,Normal
2026-02-14 08:21:39.669279,Berlin-7b77,29,69,Normal
2026-02-14 08:21:40.669279,Berlin-7b77,16,86,Normal
2026-02-14 08:21:41.669279,Berlin-7b77,3,81,Normal
2026-02-14 08:21:42.669279,Berlin-7b77,36,49,Normal
2026-02-14 08:21:43.669279,Berlin-7b77,26,50,Normal
2026-02-14 08:21:44.669279,Berlin-7b77,35,58,Normal
2026-02-14 08:21:45.669279,Berlin-7b77,7,66,Normal
2026-02-14 08:21:46.669279,Berlin-7b77,11,50,Normal
2026-02-14 08:21:47.669279,Berlin-7b77,14,76,Normal
2026-02-14 08:21:48.669279,Berlin-7b77,2,28,Normal
2026-02-14 08:21:49.669279,Berlin-7b77,17,25,Normal
2026-02-14 08:21:50.669279,Berlin-7b77,39,53,Normal
2026-02-14 08:21:51.669279,Berlin-7b77,17,33,Normal
2026-02-14 08:21:52.669279,Berlin-7b77,47,58,Normal
2026-02-14 08:21:53.669279,Berlin-7b77,-2,64,Normal
2026-02-14 08:21:54.669279,Berlin-7b77,28,87,Normal
2026-02-14 08:21:55.669279,Berlin-7b77,43,68,Normal
2026-02-14 08:21:56.669279,Berlin-7b77,14,1,Normal
2026-02-14 08:21:57.669279,Berlin-7b77,1,68,Normal
2026-02-14 08:21:58.669279,Berlin-7b77,-2,34,Normal
2026-02-14 08:21:59.669279,Berlin-7b77,-6,1,Normal
2026-02-14 08:22:00.669279,Berlin-7b77,19,99,Normal
2026-02-14 08:22:01.669279,Berlin-7b77,-24,26,Normal
2026-02-14 08:22:02.669279,Berlin-7b77,-23,57,Normal
2026-02-14 08:22:03.669279,Berlin-7b77,37,13,Normal
2026-02-14 08:22:04.669279,Berlin-7b77,-24,92,Normal
2026-02-14 08:22:05.669279,Berlin-7b77,29,47,Normal
2026-02-14 08:22:06.669279,Berlin-7b77,29,21,Normal
2026-02-14 08:22:07.669279,Berlin-7b77,-14,77,Normal
2026-02-14 08:22:08.669279,Berlin-7b77,33,69,Normal
2026-02-14 08:22:09.669279,Berlin-7b77,24,78,Normal
2026-02-14 08:22:10.669279,Berlin-7b77,2,4,Normal
2026-02-14 08:22:11.669279,Berlin-7b77,-27,45,Normal
2026-02-14 08:22:12.669279,Berlin-7b77,34,24,Normal
2026-02-14 08:22:13.669279,Berlin-7b77,35,13,Normal
2026-02-14 08:22:14.669279,Berlin-7b77,-8,87,Normal
2026-02-14 08:22:15.669279,Berlin-7b77,15,1,Normal
2026-02-14 08:22:16.669279,Berlin-7b77,47,15,Normal
2026-02-14 08:22:17.669279,Berlin-7b77,22,90,Normal
2026-02-14 08:22:18.669279,Berlin-7b77,2,44,Normal
2026-02-14 08:22:19.669279,Berlin-7b77,20,68,Normal
2026-02-14 08:22:20.669279,Berlin-7b77,-30,18,Normal
2026-02-14 08:22:21.669279,Berlin-7b77,18,64,Normal
2026-02-14 08:22:22.669279,Berlin-7b77,3,93,Normal
2026-02-14 08:22:23.669279,Berlin-7b77,6,46,Normal
2026-02-14 08:22:24.669279,Berlin-7b77,49,27,Normal
2026-02-14 08:22:25.669279,Berlin-7b77,13,97,Normal
2026-02-14 08:22:26.669279,Berlin-7b77,50,5,Normal
2026-02-14 08:22:27.669279,Berlin-7b77,-12,16,Normal
2026-02-14 08:22:28.669279,Berlin-7b77,18,37,Normal
2026-02-14 08:22:29.669279,Berlin-7b77,-21,36,Normal
2026-02-14 08:22:30.669279,Berlin-7b77,-9,9,Normal
2026-02-14 08:22:31.669279,Berlin-7b77,-12,63,Normal
2026-02-14 08:22:32.669279,Berlin-7b77,40,8,Normal
2026-02-14 08:22:33.669279,Berlin-7b77,-7,50,Normal
2026-02-14 08:22:34.669279,Berlin-7b77,-20,97,Normal
2026-02-14 08:22:35.669279,Berlin-7b77,-3,0,Normal
2026-02-14 08:22:36.669279,Berlin-7b77,36,72,Normal
2026-02-14 08:22:37.669279,Berlin-7b77,31,2,Normal
2026-02-14 08:22:38.669279,Berlin-7b77,3,4,Normal
2026-02-14 08:22:39.669279,Berlin-7b77,17,97,Normal
2026-02-14 08:22:40.669279,Berlin-7b77,46,21,Normal
2026-02-14 08:22:41.669279,Berlin-7b77,25,61,Normal
2026-02-14 08:22:42.669279,Berlin-7b77,0,85,Normal
2026-02-14 08:22:43.669279,Berlin-7b77,30,56,Normal
2026-02-14 08:22:44.669279,Berlin-7b77,-22,3,Normal
2026-02-14 08:22:45.669279,Berlin-7b77,0,99,Normal
2026-02-14 08:22:46.669279,Berlin-7b77,24,13,Normal
2026-02-14 08:22:47.669279,Berlin-7b77,49,47,Normal
2026-02-14 08:22:48.669279,Berlin-7b77,46,15,Normal
2026-02-14 08:22:49.669279,Berlin-7b77,-1,10,Normal
2026-02-14 08:22:50.669279,Berlin-7b77,-11,27,Normal
2026-02-14 08:22:51.669279,Berlin-7b77,-14,28,Normal
2026-02-14 08:22:52.669279,Berlin-7b77,33,67,Normal
2026-02-14 08:22:53.669279,Berlin-7b77,-1,24,Normal
2026-02-14 08:22:54.669279,Berlin-7b77,-3,53,Normal
2026-02-14 08:22:55.669279,Berlin-7b77,35,70,Normal
2026-02-14 08:22:56.669279,Berlin-7b77,25,7,Normal
2026-02-14 08:22:57.669279,Berlin-7b77,0,75,Normal
2026-02-14 08:22:58.669279,Berlin-7b77,36,51,Normal
2026-02-14 08:22:59.669279,Berlin-7b77,15,5,Normal
2026-02-14 08:23:00.669279,Berlin-7b77,-7,76,Normal
2026-02-14 08:23:01.669279,Berlin-7b77,40,63,Normal
2026-02-14 08:23:02.669279,Berlin-7b77,30,87,Normal
2026-02-14 08:23:03.669279,Berlin-7b77,-26,58,Normal
2026-02-14 08:23:04.669279,Berlin-7b77,28,89,Normal
2026-02-14 08:23:05.669279,Berlin-7b77,-27,2,Normal
2026-02-14 08:23:06.669279,Berlin-7b77,3,1,Normal
2026-02-14 08:23:07.669279,Berlin-7b77,21,83,Normal
2026-02-14 08:23:08.669279,Berlin-7b77,23,57,Normal
2026-02-14 08:23:09.669279,Berlin-7b77,21,56,Normal
2026-02-14 08:23:10.669279,Berlin-7b77,-20,16,Normal
2026-02-14 08:23:11.669279,Berlin-7b77,2,3,Normal
2026-02-14 08:23:12.669279,Berlin-7b77,-15,90,Normal
2026-02-14 08:23:13.669279,Berlin-7b77,25,6,Normal
2026-02-14 08:23:14.669279,Berlin-7b77,-8,61,Normal
2026-02-14 08:23:15.669279,Berlin-7b77,-9,22,Normal
2026-02-14 08:23:16.669279,Berlin-7b77,-2,30,Normal
2026-02-14 08:23:17.669279,Berlin-7b77,-24,18,Normal
2026-02-14 08:23:18.669279,Berlin-7b77,-9,55,Normal
2026-02-14 08:23:19.669279,Berlin-7b77,-27,38,Normal
2026-02-14 08:23:20.669279,Berlin-7b77,18,97,Normal
2026-02-14 08:23:21.669279,Berlin-7b77,-8,22,Normal
2026-02-14 08:23:22.669279,Berlin-7b77,-12,97,Normal
2026-02-14 08:23:23.669279,Berlin-7b77,-3,44,Normal
2026-02-14 08:23:24.669279,Berlin-7b77,30,85,Normal
2026-02-14 08:23:25.669279,Berlin-7b77,34,65,Normal
2026-02-14 08:23:26.669279,Berlin-7b77,41,87,Normal
2026-02-14 08:23:27.669279,Berlin-7b77,16,52,Normal
2026-02-14 08:23:28.669279,Berlin-7b77,7,16,Normal
2026-02-14 08:23:29.669279,Berlin-7b77,27,65,Normal
2026-02-14 08:23:30.669279,Berlin-7b77,12,56,Normal
2026-02-14 08:23:31.669279,Berlin-7b77,11,63,Normal
2026-02-14 08:23:32.669279,Berlin-7b77,8,56,Normal
2026-02-14 08:23:33.669279,Berlin-7b77,-27,70,Normal
2026-02-14 08:23:34.669279,Berlin-7b77,33,85,Normal
2026-02-14 08:23:35.669279,Berlin-7b77,16,97,Normal
2026-02-14 08:23:36.669279,Berlin-7b77,-22,36,Normal
2026-02-14 08:23:37.669279,Berlin-7b77,34,90,Normal
2026-02-14 08:23:38.669279,Berlin-7b77,-12,53,Normal
2026-02-14 08:23:39.669279,Berlin-7b77,-21,7,Normal
2026-02-14 08:23:40.669279,Berlin-7b77,43,45,Normal
2026-02-14 08:23:41.669279,Berlin-7b77,17,46,Normal
2026-02-14 08:23:42.669279,Berlin-7b77,-28,46,Normal
2026-02-14 08:23:43.669279,Berlin-7b77,4,99,Normal
2026-02-14 08:23:44.669279,Berlin-7b77,31,18,Normal
2026-02-14 08:23:45.669279,Berlin-7b77,-15,50,Normal
2026-02-14 08:23:46.669279,Berlin-7b77,-6,83,Normal
2026-02-14 08:23:47.669279,Berlin-7b77,-26,13,Normal
2026-02-14 08:23:48.669279,Berlin-7b77,17,37,Normal
2026-02-14 08:23:49.669279,Berlin-7b77,10,51,Normal
2026-02-14 08:23:50.669279,Berlin-7b77,-23,84,Normal
2026-02-14 08:23:51.669279,Berlin-7b77,16,60,Normal
2026-02-14 08:23:52.669279,Berlin-7b77,49,82,Normal
2026-02-14 08:23:53.669279,Berlin-7b77,26,71,Normal
2026-02-14 08:23:54.669279,Berlin-7b77,3,3,Normal
2026-02-14 08:23:55.669279,Berlin-7b77,18,9,Normal
2026-02-14 08:23:56.669279,Berlin-7b77,1,64,Normal
2026-02-14 08:23:57.669279,Berlin-7b77,0,40,Normal
2026-02-14 08:23:58.669279,Berlin-7b77,25,76,Normal
2026-02-14 08:23:59.669279,Berlin-7b77,48,80,Normal
2026-02-14 08:24:00.669279,Berlin-7b77,-2,5,Normal
2026-02-14 08:24:01.669279,Berlin-7b77,-7,64,Normal
2026-02-14 08:24:02.669279,Berlin-7b77,28,49,Normal
2026-02-14 08:24:03.669279,Berlin-7b77,21,87,Normal
2026-02-14 08:24:04.669279,Berlin-7b77,49,83,Normal
2026-02-14 08:24:05.669279,Berlin-7b77,-30,4,Normal
2026-02-14 08:24:06.669279,Berlin-7b77,10,68,Normal
2026-02-14 08:24:07.669279,Berlin-7b77,5,93,Normal
2026-02-14 08:24:08.669279,Berlin-7b77,25,78,Normal
2026-02-14 08:24:09.669279,Berlin-7b77,-1,39,Normal
2026-02-14 08:24:10.669279,Berlin-7b77,-6,1,Normal
2026-02-14 08:24:11.669279,Berlin-7b77,40,9,Normal
2026-02-14 08:24:12.669279,Berlin-7b77,7,31,Normal
2026-02-14 08:24:13.669279,Berlin-7b77,47,31,Normal
2026-02-14 08:24:14.669279,Berlin-7b77,-10,29,Normal
2026-02-14 08:24:15.669279,Berlin-7b77,-11,18,Normal
2026-02-14 08:24:16.669279,Berlin-7b77,47,10,Normal
2026-02-14 08:24:17.669279,Berlin-7b77,31,7,Normal
2026-02-14 08:24:18.669279,Berlin-7b77,-16,91,Normal
2026-02-14 08:24:19.669279,Berlin-7b77,32,73,Normal
2026-02-14 08:24:20.669279,Berlin-7b77,40,47,Normal
2026-02-14 08:24:21.669279,Berlin-7b77,29,6,Normal
2026-02-14 08:24:22.669279,Berlin-7b77,8,6,Normal
2026-02-14 08:24:23.669279,Berlin-7b77,43,36,Normal
2026-02-14 08:24:24.669279,Berlin-7b77,-21,12,Normal
2026-02-14 08:24:25.669279,Berlin-7b77,3,75,Normal
2026-02-14 08:24:26.669279,Berlin-7b77,-18,24,Normal
2026-02-14 08:24:27.669279,Berlin-7b77,21,84,Normal
2026-02-14 08:24:28.669279,Berlin-7b77,18,20,Normal
2026-02-14 08:24:29.669279,Berlin-7b77,-1,65,Normal
2026-02-14 08:24:30.669279,Berlin-7b77,18,82,Normal
2026-02-14 08:24:31.669279,Berlin-7b77,-28,82,Normal
2026-02-14 08:24:32.669279,Berlin-7b77,19,69,Normal
2026-02-14 08:24:33.669279,Berlin-7b77,33,37,Normal
2026-02-14 08:24:34.669279,Berlin-7b77,2,34,Normal
2026-02-14 08:24:35.669279,Berlin-7b77,40,83,Normal
2026-02-14 08:24:36.669279,Berlin-7b77,1,34,Normal
2026-02-14 08:24:37.669279,Berlin-7b77,-2,16,Normal
2026-02-14 08:24:38.669279,Berlin-7b77,2,61,Normal
2026-02-14 08:24:39.669279,Berlin-7b77,18,28,Normal
2026-02-14 08:24:40.669279,Berlin-7b77,38,86,Normal
2026-02-14 08:24:41.669279,Berlin-7b77,28,88,Normal
2026-02-14 08:24:42.669279,Berlin-7b77,-11,55,Normal
2026-02-14 08:24:43.669279,Berlin-7b77,-21,57,Normal
2026-02-14 08:24:44.669279,Berlin-7b77,21,90,Normal
2026-02-14 08:24:45.669279,Berlin-7b77,-24,30,Normal
2026-02-14 08:24:46.669279,Berlin-7b77,33,79,Normal
2026-02-14 08:24:47.669279,Berlin-7b77,-6,59,Normal
2026-02-14 08:24:48.669279,Berlin-7b77,14,32,Normal
2026-02-14 08:24:49.669279,Berlin-7b77,7,59,Normal
2026-02-14 08:24:50.669279,Berlin-7b77,48,14,Normal
2026-02-14 08:24:51.669279,Berlin-7b77,-15,23,Normal
2026-02-14 08:24:52.669279,Berlin-7b77,43,37,Normal
2026-02-14 08:24:53.669279,Berlin-7b77,-16,2,Normal
2026-02-14 08:24:54.669279,Berlin-7b77,48,4,Normal
2026-02-14 08:24:55.669279,Berlin-7b77,-19,48,Normal
2026-02-14 08:24:56.669279,Berlin-7b77,4,75,Normal
2026-02-14 08:24:57.669279,Berlin-7b77,5,100,Normal
2026-02-14 08:24:58.669279,Berlin-7b77,12,96,Normal
2026-02-14 08:24:59.669279,Berlin-7b77,36,53,Normal
2026-02-14 08:25:00.669279,Berlin-7b77,8,34,Normal
2026-02-14 08:25:01.669279,Berlin-7b77,0,54,Normal
2026-02-14 08:25:02.669279,Berlin-7b77,8,31,Normal
2026-02-14 08:25:03.669279,Berlin-7b77,3,22,Normal
2026-02-14 08:25:04.669279,Berlin-7b77,-12,39,Normal
2026-02-14 08:25:05.669279,Berlin-7b77,47,52,Normal
2026-02-14 08:25:06.669279,Berlin-7b77,-28,57,Normal
2026-02-14 08:25:07.669279,Berlin-7b77,37,97,Normal
2026-02-14 08:25:08.669279,Berlin-7b77,5,10,Normal
2026-02-14 08:25:09.669279,Berlin-7b77,9,95,Normal
2026-02-14 08:25:10.669279,Berlin-7b77,-10,60,Normal
2026-02-14 08:25:11.669279,Berlin-7b77,-1,23,Normal
2026-02-14 08:25:12.669279,Berlin-7b77,-30,46,Normal
2026-02-14 08:25:13.669279,Berlin-7b77,-19,21,Normal
2026-02-14 08:25:14.669279,Berlin-7b77,-22,87,Normal
2026-02-14 08:25:15.669279,Berlin-7b77,47,74,Normal
2026-02-14 08:25:16.669279,Berlin-7b77,22,42,Normal
2026-02-14 08:25:17.669279,Berlin-7b77,42,89,Normal
2026-02-14 08:25:18.669279,Berlin-7b77,8,22,Normal
2026-02-14 08:25:19.669279,Berlin-7b77,-20,91,Normal
2026-02-14 08:25:20.669279,Berlin-7b77,44,30,Normal
2026-02-14 08:25:21.669279,Berlin-7b77,37,73,Normal
2026-02-14 08:25:22.669279,Berlin-7b77,33,12,Normal
2026-02-14 08:25:23.669279,Berlin-7b77,25,66,Normal
2026-02-14 08:25:24.669279,Berlin-7b77,-25,5,Normal
2026-02-14 08:25:25.669279,Berlin-7b77,2,13,Normal
2026-02-14 08:25:26.669279,Berlin-7b77,10,67,Normal
2026-02-14 08:25:27.669279,Berlin-7b77,-1,80,Normal
2026-02-14 08:25:28.669279,Berlin-7b77,16,4,Normal
2026-02-14 08:25:29.669279,Berlin-7b77,-22,49,Normal
2026-02-14 08:25:30.669279,Berlin-7b77,26,48,Normal
2026-02-14 08:25:31.669279,Berlin-7b77,48,16,Normal
2026-02-14 08:25:32.669279,Berlin-7b77,38,81,Normal
2026-02-14 08:25:33.669279,Berlin-7b77,2,58,Normal
2026-02-14 08:25:34.669279,Berlin-7b77,-12,24,Normal
2026-02-14 08:25:35.669279,Berlin-7b77,26,43,Normal
2026-02-14 08:25:36.669279,Berlin-7b77,14,67,Normal
2026-02-14 08:25:37.669279,Berlin-7b77,13,88,Normal
2026-02-14 08:25:38.669279,Berlin-7b77,22,68,Normal
2026-02-14 08:25:39.669279,Berlin-7b77,17,13,Normal
2026-02-14 08:25:40.669279,Berlin-7b77,-29,76,Normal
2026-02-14 08:25:41.669279,Berlin-7b77,36,93,Normal
2026-02-14 08:25:42.669279,Berlin-7b77,28,30,Normal
2026-02-14 08:25:43.669279,Berlin-7b77,20,6,Normal
2026-02-14 08:25:44.669279,Berlin-7b77,30,9,Normal
2026-02-14 08:25:45.669279,Berlin-7b77,4,61,Normal
2026-02-14 08:25:46.669279,Berlin-7b77,31,75,Normal
2026-02-14 08:25:47.669279,Berlin-7b77,24,0,Normal
2026-02-14 08:25:48.669279,Berlin-7b77,30,97,Normal
2026-02-14 08:25:49.669279,Berlin-7b77,44,60,Normal
2026-02-14 08:25:50.669279,Berlin-7b77,24,65,Normal
2026-02-14 08:25:51.669279,Berlin-7b77,2,96,Normal
2026-02-14 08:25:52.669279,Berlin-7b77,-2,48,Normal
2026-02-14 08:25:53.669279,Berlin-7b77,4,25,Normal
2026-02-14 08:25:54.669279,Berlin-7b77,-20,20,Normal
2026-02-14 08:25:55.669279,Berlin-7b77,41,76,Normal
2026-02-14 08:25:56.669279,Berlin-7b77,1,25,Normal
2026-02-14 08:25:57.669279,Berlin-7b77,32,74,Normal
2026-02-14 08:25:58.669279,Berlin-7b77,-1,66,Normal
2026-02-14 08:25:59.669279,Berlin-7b77,23,32,Normal
2026-02-14 08:26:00.669279,Berlin-7b77,-26,44,Normal
2026-02-14 08:26:01.669279,Berlin-7b77,13,31,Normal
2026-02-14 08:26:02.669279,Berlin-7b77,46,3,Normal
2026-02-14 08:26:03.669279,Berlin-7b77,-27,13,Normal
2026-02-14 08:26:04.669279,Berlin-7b77,0,18,Normal
2026-02-14 08:26:05.669279,Berlin-7b77,-9,23,Normal
2026-02-14 08:26:06.669279,Berlin-7b77,-30,66,Normal
2026-02-14 08:26:07.669279,Berlin-7b77,-30,38,Normal
2026-02-14 08:26:08.669279,Berlin-7b77,-9,8,Normal
2026-02-14 08:26:09.669279,Berlin-7b77,-27,11,Normal
2026-02-14 08:26:10.669279,Berlin-7b77,21,83,Normal
2026-02-14 08:26:11.669279,Berlin-7b77,17,46,Normal
2026-02-14 08:26:12.669279,Berlin-7b77,20,25,Normal
2026-02-14 08:26:13.669279,Berlin-7b77,-13,57,Normal
2026-02-14 08:26:14.669279,Berlin-7b77,45,20,Normal
2026-02-14 08:26:15.669279,Berlin-7b77,24,7,Normal
2026-02-14 08:26:16.669279,Berlin-7b77,7,3,Normal
2026-02-14 08:26:17.669279,Berlin-7b77,17,20,Normal
2026-02-14 08:26:18.669279,Berlin-7b77,30,73,Normal
2026-02-14 08:26:19.669279,Berlin-7b77,50,90,Normal
2026-02-14 08:26:20.669279,Berlin-7b77,22,40,Normal
2026-02-14 08:26:21.669279,Berlin-7b77,4,68,Normal
2026-02-14 08:26:22.669279,Berlin-7b77,-6,51,Normal
2026-02-14 08:26:23.669279,Berlin-7b77,-25,23,Normal
2026-02-14 08:26:24.669279,Berlin-7b77,-21,79,Normal
2026-02-14 08:26:25.669279,Berlin-7b77,-11,14,Normal
2026-02-14 08:26:26.669279,Berlin-7b77,27,67,Normal
2026-02-14 08:26:27.669279,Berlin-7b77,-13,79,Normal
2026-02-14 08:26:28.669279,Berlin-7b77,21,44,Normal
2026-02-14 08:26:29.669279,Berlin-7b77,-4,79,Normal
2026-02-14 08:26:30.669279,Berlin-7b77,-1,99,Normal
2026-02-14 08:26:31.669279,Berlin-7b77,-24,33,Normal
2026-02-14 08:26:32.669279,Berlin-7b77,11,91,Normal
2026-02-14 08:26:33.669279,Berlin-7b77,-16,43,Normal
2026-02-14 08:26:34.669279,Berlin-7b77,28,36,Normal
2026-02-14 08:26:35.669279,Berlin-7b77,44,89,Normal
2026-02-14 08:26:36.669279,Berlin-7b77,25,60,Normal
2026-02-14 08:26:37.669279,Berlin-7b77,26,23,Normal
2026-02-14 08:26:38.669279,Berlin-7b77,-17,13,Normal
2026-02-14 08:26:39.669279,Berlin-7b77,-5,54,Normal
2026-02-14 08:26:40.669279,Berlin-7b77,13,15,Normal
2026-02-14 08:26:41.669279,Berlin-7b77,-12,19,Normal
2026-02-14 08:26:42.669279,Berlin-7b77,4,94,Normal
2026-02-14 08:26:43.669279,Berlin-7b77,-4,30,Normal
2026-02-14 08:26:44.669279,Berlin-7b77,4,87,Normal
2026-02-14 08:26:45.669279,Berlin-7b77,23,81,Normal
2026-02-14 08:26:46.669279,Berlin-7b77,45,76,Normal
2026-02-14 08:26:47.669279,Berlin-7b77,23,75,Normal
2026-02-14 08:26:48.669279,Berlin-7b77,38,65,Normal
2026-02-14 08:26:49.669279,Berlin-7b77,-21,46,Normal
2026-02-14 08:26:50.669279,Berlin-7b77,27,14,Normal
2026-02-14 08:26:51.669279,Berlin-7b77,-13,32,Normal
2026-02-14 08:26:52.669279,Berlin-7b77,-21,99,Normal
2026-02-14 08:26:53.669279,Berlin-7b77,-17,13,Normal
2026-02-14 08:26:54.669279,Berlin-7b77,26,97,Normal
2026-02-14 08:26:55.669279,Berlin-7b77,32,20,Normal
2026-02-14 08:26:56.669279,Berlin-7b77,37,40,Normal
2026-02-14 08:26:57.669279,Berlin-7b77,-6,43,Normal
2026-02-14 08:26:58.669279,Berlin-7b77,7,81,Normal
2026-02-14 08:26:59.669279,Berlin-7b77,-18,9,Normal
2026-02-14 08:27:00.669279,Berlin-7b77,43,1,Normal
2026-02-14 08:27:01.669279,Berlin-7b77,36,35,Normal
2026-02-14 08:27:02.669279,Berlin-7b77,21,76,Normal
2026-02-14 08:27:03.669279,Berlin-7b77,49,74,Normal
2026-02-14 08:27:04.669279,Berlin-7b77,39,57,Normal
2026-02-14 08:27:05.669279,Berlin-7b77,-27,67,Normal
2026-02-14 08:27:06.669279,Berlin-7b77,6,71,Normal
2026-02-14 08:27:07.669279,Berlin-7b77,-25,26,Normal
2026-02-14 08:27:08.669279,Berlin-7b77,7,51,Normal
2026-02-14 08:27:09.669279,Berlin-7b77,-7,44,Normal
2026-02-14 08:27:10.669279,Berlin-7b77,-29,70,Normal
2026-02-14 08:27:11.669279,Berlin-7b77,27,17,Normal
2026-02-14 08:27:12.669279,Berlin-7b77,26,44,Normal
2026-02-14 08:27:13.669279,Berlin-7b77,-3,13,Normal
2026-02-14 08:27:14.669279,Berlin-7b77,26,10,Normal
2026-02-14 08:27:15.669279,Berlin-7b77,15,1,Normal
2026-02-14 08:27:16.669279,Berlin-7b77,29,88,Normal
2026-02-14 08:27:17.669279,Berlin-7b77,33,34,Normal
2026-02-14 08:27:18.669279,Berlin-7b77,49,34,Normal
2026-02-14 08:27:19.669279,Berlin-7b77,5,57,Normal
2026-02-14 08:27:20.669279,Berlin-7b77,-14,52,Normal
2026-02-14 08:27:21.669279,Berlin-7b77,-13,48,Normal
2026-02-14 08:27:22.669279,Berlin-7b77,-7,52,Normal
2026-02-14 08:27:23.669279,Berlin-7b77,39,62,Normal
2026-02-14 08:27:24.669279,Berlin-7b77,43,15,Normal
