timestamp,station_id,temp,humid,condition
2026-02-17 08:39:23.039265,Dubai-14c5,29,87,Normal
2026-02-17 08:39:24.039265,Dubai-14c5,36,92,Normal
2026-02-17 08:39:25.039265,Dubai-14c5,15,32,Normal
2026-02-17 08:39:26.039265,Dubai-14c5,33,13,Normal
2026-02-17 08:39:27.039265,Dubai-14c5,12,61,Normal
2026-02-17 08:39:28.039265,Dubai-14c5,45,71,Normal
2026-02-17 08:39:29.039265,Dubai-14c5,-8,52,Normal
2026-02-17 08:39:30.039265,Dubai-14c5,30,96,Normal
2026-02-17 08:39:31.039265,Dubai-14c5,-4,45,Normal
2026-02-17 08:39:32.039265,Dubai-14c5,44,70,Normal
2026-02-17 08:39:33.039265,Dubai-14c5,32,10,Normal
2026-02-17 08:39:34.039265,Dubai-14c5,-13,50,Normal
2026-02-17 08:39:35.039265,Dubai-14c5,45,28,Normal
2026-02-17 08:39:36.039265,Dubai-14c5,7,41,Normal
2026-02-17 08:39:37.039265,Dubai-14c5,13,43,Normal
2026-02-17 08:39:38.039265,Dubai-14c5,13,84,Normal
2026-02-17 08:39:39.039265,Dubai-14c5,39,89,Normal
2026-02-17 08:39:40.039265,Dubai-14c5,49,69,Normal
2026-02-17 08:39:41.039265,Dubai-14c5,-25,46,Normal
2026-02-17 08:39:42.039265,Dubai-14c5,-28,84,Normal
2026-02-17 08:39:43.039265,Dubai-14c5,3,96,Normal
2026-02-17 08:39:44.039265,Dubai-14c5,2,27,Normal
2026-02-17 08:39:45.039265,Dubai-14c5,-15,42,Normal
2026-02-17 08:39:46.039265,Dubai-14c5,28,32,Normal
2026-02-17 08:39:47.039265,Dubai-14c5,-9,49,Normal
2026-02-17 08:39:48.039265,Dubai-14c5,20,17,Normal
2026-02-17 08:39:49.039265,Dubai-14c5,-28,31,Normal
2026-02-17 08:39:50.039265,Dubai-14c5,43,60,Normal
2026-02-17 08:39:51.039265,Dubai-14c5,-6,100,Normal
2026-02-17 08:39:52.039265,Dubai-14c5,17,37,Normal
2026-02-17 08:39:53.039265,Dubai-14c5,-3,47,Normal
2026-02-17 08:39:54.039265,Dubai-14c5,-12,19,Normal
2026-02-17 08:39:55.039265,Dubai-14c5,-20,12,Normal
2026-02-17 08:39:56.039265,Dubai-14c5,-23,53,Normal
2026-02-17 08:39:57.039265,Dubai-14c5,-29,15,Normal
2026-02-17 08:39:58.039265,Dubai-14c5,22,4,Normal
2026-02-17 08:39:59.039265,Dubai-14c5,-8,27,Normal
2026-02-17 08:40:00.039265,Dubai-14c5,18,30,Normal
2026-02-17 08:40:01.039265,Dubai-14c5,-3,54,Normal
2026-02-17 08:40:02.039265,Dubai-14c5,42,7,Normal
2026-02-17 08:40:03.039265,Dubai-14c5,50,67,Normal
2026-02-17 08:40:04.039265,Dubai-14c5,17,86,Normal
2026-02-17 08:40:05.039265,Dubai-14c5,-23,86,Normal
2026-02-17 08:40:06.039265,Dubai-14c5,46,91,Normal
2026-02-17 08:40:07.039265,Dubai-14c5,3,69,Normal
2026-02-17 08:40:08.039265,Dubai-14c5,14,45,Normal
2026-02-17 08:40:09.039265,Dubai-14c5,30,1,Normal
2026-02-17 08:40:10.039265,Dubai-14c5,-25,86,Normal
2026-02-17 08:40:11.039265,Dubai-14c5,35,89,Normal
2026-02-17 08:40:12.039265,Dubai-14c5,6,62,Normal
2026-02-17 08:40:13.039265,Dubai-14c5,-25,56,Normal
2026-02-17 08:40:14.039265,Dubai-14c5,14,68,Normal
2026-02-17 08:40:15.039265,Dubai-14c5,21,52,Normal
2026-02-17 08:40:16.039265,Dubai-14c5,3,67,Normal
2026-02-17 08:40:17.039265,Dubai-14c5,2,49,Normal
2026-02-17 08:40:18.039265,Dubai-14c5,-6,41,Normal
2026-02-17 08:40:19.039265,Dubai-14c5,39,38,Normal
2026-02-17 08:40:20.039265,Dubai-14c5,5,28,Normal
2026-02-17 08:40:21.039265,Dubai-14c5,34,64,Normal
2026-02-17 08:40:22.039265,Dubai-14c5,48,7,Normal
2026-02-17 08:40:23.039265,Dubai-14c5,35,71,Normal
2026-02-17 08:40:24.039265,Dubai-14c5,18,75,Normal
2026-02-17 08:40:25.039265,Dubai-14c5,23,28,Normal
2026-02-17 08:40:26.039265,Dubai-14c5,-25,10,Normal
2026-02-17 08:40:27.039265,Dubai-14c5,34,87,Normal
2026-02-17 08:40:28.039265,Dubai-14c5,-14,15,Normal
2026-02-17 08:40:29.039265,Dubai-14c5,28,65,Normal
2026-02-17 08:40:30.039265,Dubai-14c5,-29,2,Normal
2026-02-17 08:40:31.039265,Dubai-14c5,36,19,Normal
2026-02-17 08:40:32.039265,Dubai-14c5,28,45,Normal
2026-02-17 08:40:33.039265,Dubai-14c5,3,90,Normal
2026-02-17 08:40:34.039265,Dubai-14c5,-30,28,Normal
2026-02-17 08:40:35.039265,Dubai-14c5,-3,92,Normal
2026-02-17 08:40:36.039265,Dubai-14c5,-10,54,Normal
2026-02-17 08:40:37.039265,Dubai-14c5,19,26,Normal
2026-02-17 08:40:38.039265,Dubai-14c5,48,1,Normal
2026-02-17 08:40:39.039265,Dubai-14c5,0,50,Normal
2026-02-17 08:40:40.039265,Dubai-14c5,-6,10,Normal
2026-02-17 08:40:41.039265,Dubai-14c5,49,94,Normal
2026-02-17 08:40:42.039265,Dubai-14c5,31,26,Normal
2026-02-17 08:40:43.039265,Dubai-14c5,36,88,Normal
2026-02-17 08:40:44.039265,Dubai-14c5,39,92,Normal
2026-02-17 08:40:45.039265,Dubai-14c5,50,28,Normal
2026-02-17 08:40:46.039265,Dubai-14c5,31,7,Normal
2026-02-17 08:40:47.039265,Dubai-14c5,-30,85,Normal
2026-02-17 08:40:48.039265,Dubai-14c5,19,87,Normal
2026-02-17 08:40:49.039265,Dubai-14c5,-24,66,Normal
2026-02-17 08:40:50.039265,Dubai-14c5,3,49,Normal
2026-02-17 08:40:51.039265,Dubai-14c5,-24,66,Normal
2026-02-17 08:40:52.039265,Dubai-14c5,-18,83,Normal
2026-02-17 08:40:53.039265,Dubai-14c5,36,66,Normal
2026-02-17 08:40:54.039265,Dubai-14c5,-9,57,Normal
2026-02-17 08:40:55.039265,Dubai-14c5,27,17,Normal
2026-02-17 08:40:56.039265,Dubai-14c5,-27,96,Normal
2026-02-17 08:40:57.039265,Dubai-14c5,35,32,Normal
2026-02-17 08:40:58.039265,Dubai-14c5,-27,4,Normal
2026-02-17 08:40:59.039265,Dubai-14c5,13,32,Normal
2026-02-17 08:41:00.039265,Dubai-14c5,-26,99,Normal
2026-02-17 08:41:01.039265,Dubai-14c5,-22,8,Normal
2026-02-17 08:41:02.039265,Dubai-14c5,39,36,Normal
2026-02-17 08:41:03.039265,Dubai-14c5,-10,73,Normal
2026-02-17 08:41:04.039265,Dubai-14c5,-15,69,Normal
2026-02-17 08:41:05.039265,Dubai-14c5,-12,46,Normal
2026-02-17 08:41:06.039265,Dubai-14c5,27,97,Normal
2026-02-17 08:41:07.039265,Dubai-14c5,-24,77,Normal
2026-02-17 08:41:08.039265,Dubai-14c5,48,14,Normal
2026-02-17 08:41:09.039265,Dubai-14c5,36,43,Normal
2026-02-17 08:41:10.039265,Dubai-14c5,-12,62,Normal
2026-02-17 08:41:11.039265,Dubai-14c5,16,74,Normal
2026-02-17 08:41:12.039265,Dubai-14c5,2,2,Normal
2026-02-17 08:41:13.039265,Dubai-14c5,35,70,Normal
2026-02-17 08:41:14.039265,Dubai-14c5,15,87,Normal
2026-02-17 08:41:15.039265,Dubai-14c5,14,71,Normal
2026-02-17 08:41:16.039265,Dubai-14c5,-29,15,Normal
2026-02-17 08:41:17.039265,Dubai-14c5,-21,59,Normal
2026-02-17 08:41:18.039265,Dubai-14c5,13,55,Normal
2026-02-17 08:41:19.039265,Dubai-14c5,21,26,Normal
2026-02-17 08:41:20.039265,Dubai-14c5,-26,56,Normal
2026-02-17 08:41:21.039265,Dubai-14c5,-6,76,Normal
2026-02-17 08:41:22.039265,Dubai-14c5,29,44,Normal
2026-02-17 08:41:23.039265,Dubai-14c5,31,81,Normal
2026-02-17 08:41:24.039265,Dubai-14c5,30,37,Normal
2026-02-17 08:41:25.039265,Dubai-14c5,18,11,Normal
2026-02-17 08:41:26.039265,Dubai-14c5,45,16,Normal
2026-02-17 08:41:27.039265,Dubai-14c5,14,4,Normal
2026-02-17 08:41:28.039265,Dubai-14c5,38,56,Normal
2026-02-17 08:41:29.039265,Dubai-14c5,-22,9,Normal
2026-02-17 08:41:30.039265,Dubai-14c5,30,48,Normal
2026-02-17 08:41:31.039265,Dubai-14c5,8,29,Normal
2026-02-17 08:41:32.039265,Dubai-14c5,13,93,Normal
2026-02-17 08:41:33.039265,Dubai-14c5,9,35,Normal
2026-02-17 08:41:34.039265,Dubai-14c5,19,5,Normal
2026-02-17 08:41:35.039265,Dubai-14c5,-8,56,Normal
2026-02-17 08:41:36.039265,Dubai-14c5,-22,43,Normal
2026-02-17 08:41:37.039265,Dubai-14c5,38,73,Normal
2026-02-17 08:41:38.039265,Dubai-14c5,45,95,Normal
2026-02-17 08:41:39.039265,Dubai-14c5,-27,35,Normal
2026-02-17 08:41:40.039265,Dubai-14c5,35,72,Normal
2026-02-17 08:41:41.039265,Dubai-14c5,-17,55,Normal
2026-02-17 08:41:42.039265,Dubai-14c5,25,90,Normal
2026-02-17 08:41:43.039265,Dubai-14c5,-11,100,Normal
2026-02-17 08:41:44.039265,Dubai-14c5,-15,36,Normal
2026-02-17 08:41:45.039265,Dubai-14c5,3,33,Normal
2026-02-17 08:41:46.039265,Dubai-14c5,26,71,Normal
2026-02-17 08:41:47.039265,Dubai-14c5,17,68,Normal
2026-02-17 08:41:48.039265,Dubai-14c5,31,66,Normal
2026-02-17 08:41:49.039265,Dubai-14c5,-19,78,Normal
2026-02-17 08:41:50.039265,Dubai-14c5,4,3,Normal
2026-02-17 08:41:51.039265,Dubai-14c5,-19,20,Normal
2026-02-17 08:41:52.039265,Dubai-14c5,-11,51,Normal
2026-02-17 08:41:53.039265,Dubai-14c5,6,32,Normal
2026-02-17 08:41:54.039265,Dubai-14c5,-9,15,Normal
2026-02-17 08:41:55.039265,Dubai-14c5,-7,30,Normal
2026-02-17 08:41:56.039265,Dubai-14c5,11,75,Normal
2026-02-17 08:41:57.039265,Dubai-14c5,7,48,Normal
2026-02-17 08:41:58.039265,Dubai-14c5,-18,43,Normal
2026-02-17 08:41:59.039265,Dubai-14c5,10,65,Normal
2026-02-17 08:42:00.039265,Dubai-14c5,17,1,Normal
2026-02-17 08:42:01.039265,Dubai-14c5,-28,94,Normal
2026-02-17 08:42:02.039265,Dubai-14c5,44,67,Normal
2026-02-17 08:42:03.039265,Dubai-14c5,46,46,Normal
2026-02-17 08:42:04.039265,Dubai-14c5,41,92,Normal
2026-02-17 08:42:05.039265,Dubai-14c5,10,44,Normal
2026-02-17 08:42:06.039265,Dubai-14c5,6,18,Normal
2026-02-17 08:42:07.039265,Dubai-14c5,3,28,Normal
2026-02-17 08:42:08.039265,Dubai-14c5,-12,18,Normal
2026-02-17 08:42:09.039265,Dubai-14c5,-9,94,Normal
2026-02-17 08:42:10.039265,Dubai-14c5,41,31,Normal
2026-02-17 08:42:11.039265,Dubai-14c5,26,96,Normal
2026-02-17 08:42:12.039265,Dubai-14c5,21,32,Normal
2026-02-17 08:42:13.039265,Dubai-14c5,-11,48,Normal
2026-02-17 08:42:14.039265,Dubai-14c5,-19,41,Normal
2026-02-17 08:42:15.039265,Dubai-14c5,36,7,Normal
2026-02-17 08:42:16.039265,Dubai-14c5,5,5,Normal
2026-02-17 08:42:17.039265,Dubai-14c5,47,36,Normal
2026-02-17 08:42:18.039265,Dubai-14c5,3,23,Normal
2026-02-17 08:42:19.039265,Dubai-14c5,-25,33,Normal
2026-02-17 08:42:20.039265,Dubai-14c5,-6,10,Normal
2026-02-17 08:42:21.039265,Dubai-14c5,-13,87,Normal
2026-02-17 08:42:22.039265,Dubai-14c5,39,15,Normal
2026-02-17 08:42:23.039265,Dubai-14c5,23,70,Normal
2026-02-17 08:42:24.039265,Dubai-14c5,-14,53,Normal
2026-02-17 08:42:25.039265,Dubai-14c5,30,63,Normal
2026-02-17 08:42:26.039265,Dubai-14c5,-28,23,Normal
2026-02-17 08:42:27.039265,Dubai-14c5,21,38,Normal
2026-02-17 08:42:28.039265,Dubai-14c5,47,11,Normal
2026-02-17 08:42:29.039265,Dubai-14c5,9,52,Normal
2026-02-17 08:42:30.039265,Dubai-14c5,43,49,Normal
2026-02-17 08:42:31.039265,Dubai-14c5,7,80,Normal
2026-02-17 08:42:32.039265,Dubai-14c5,22,18,Normal
2026-02-17 08:42:33.039265,Dubai-14c5,48,62,Normal
2026-02-17 08:42:34.039265,Dubai-14c5,-18,87,Normal
2026-02-17 08:42:35.039265,Dubai-14c5,38,84,Normal
2026-02-17 08:42:36.039265,Dubai-14c5,19,68,Normal
2026-02-17 08:42:37.039265,Dubai-14c5,41,24,Normal
2026-02-17 08:42:38.039265,Dubai-14c5,-20,37,Normal
2026-02-17 08:42:39.039265,Dubai-14c5,32,10,Normal
2026-02-17 08:42:40.039265,Dubai-14c5,-18,9,Normal
2026-02-17 08:42:41.039265,Dubai-14c5,0,5,Normal
2026-02-17 08:42:42.039265,Dubai-14c5,35,91,Normal
2026-02-17 08:42:43.039265,Dubai-14c5,-13,5,Normal
2026-02-17 08:42:44.039265,Dubai-14c5,22,94,Normal
2026-02-17 08:42:45.039265,Dubai-14c5,6,15,Normal
2026-02-17 08:42:46.039265,Dubai-14c5,-18,71,Normal
2026-02-17 08:42:47.039265,Dubai-14c5,11,58,Normal
2026-02-17 08:42:48.039265,Dubai-14c5,41,79,Normal
2026-02-17 08:42:49.039265,Dubai-14c5,34,66,Normal
2026-02-17 08:42:50.039265,Dubai-14c5,39,27,Normal
2026-02-17 08:42:51.039265,Dubai-14c5,28,46,Normal
2026-02-17 08:42:52.039265,Dubai-14c5,21,39,Normal
2026-02-17 08:42:53.039265,Dubai-14c5,13,96,Normal
2026-02-17 08:42:54.039265,Dubai-14c5,1,41,Normal
2026-02-17 08:42:55.039265,Dubai-14c5,20,31,Normal
2026-02-17 08:42:56.039265,Dubai-14c5,-15,1,Normal
2026-02-17 08:42:57.039265,Dubai-14c5,-30,81,Normal
2026-02-17 08:42:58.039265,Dubai-14c5,6,19,Normal
2026-02-17 08:42:59.039265,Dubai-14c5,18,0,Normal
2026-02-17 08:43:00.039265,Dubai-14c5,-8,64,Normal
2026-02-17 08:43:01.039265,Dubai-14c5,24,71,Normal
2026-02-17 08:43:02.039265,Dubai-14c5,44,48,Normal
2026-02-17 08:43:03.039265,Dubai-14c5,20,77,Normal
2026-02-17 08:43:04.039265,Dubai-14c5,-24,30,Normal
2026-02-17 08:43:05.039265,Dubai-14c5,44,37,Normal
2026-02-17 08:43:06.039265,Dubai-14c5,-4,91,Normal
2026-02-17 08:43:07.039265,Dubai-14c5,-7,80,Normal
2026-02-17 08:43:08.039265,Dubai-14c5,-30,73,Normal
2026-02-17 08:43:09.039265,Dubai-14c5,-10,41,Normal
2026-02-17 08:43:10.039265,Dubai-14c5,-29,45,Normal
2026-02-17 08:43:11.039265,Dubai-14c5,-8,40,Normal
2026-02-17 08:43:12.039265,Dubai-14c5,16,70,Normal
2026-02-17 08:43:13.039265,Dubai-14c5,-22,73,Normal
2026-02-17 08:43:14.039265,Dubai-14c5,20,63,Normal
2026-02-17 08:43:15.039265,Dubai-14c5,1,13,Normal
2026-02-17 08:43:16.039265,Dubai-14c5,-24,38,Normal
2026-02-17 08:43:17.039265,Dubai-14c5,50,44,Normal
2026-02-17 08:43:18.039265,Dubai-14c5,28,17,Normal
2026-02-17 08:43:19.039265,Dubai-14c5,-5,68,Normal
2026-02-17 08:43:20.039265,Dubai-14c5,16,8,Normal
2026-02-17 08:43:21.039265,Dubai-14c5,17,64,Normal
2026-02-17 08:43:22.039265,Dubai-14c5,48,94,Normal
2026-02-17 08:43:23.039265,Dubai-14c5,-1,1,Normal
2026-02-17 08:43:24.039265,Dubai-14c5,-22,31,Normal
2026-02-17 08:43:25.039265,Dubai-14c5,-9,86,Normal
2026-02-17 08:43:26.039265,Dubai-14c5,-3,85,Normal
2026-02-17 08:43:27.039265,Dubai-14c5,5,42,Normal
2026-02-17 08:43:28.039265,Dubai-14c5,47,78,Normal
2026-02-17 08:43:29.039265,Dubai-14c5,-13,45,Normal
2026-02-17 08:43:30.039265,Dubai-14c5,16,3,Normal
2026-02-17 08:43:31.039265,Dubai-14c5,11,13,Normal
2026-02-17 08:43:32.039265,Dubai-14c5,17,12,Normal
2026-02-17 08:43:33.039265,Dubai-14c5,44,15,Normal
2026-02-17 08:43:34.039265,Dubai-14c5,-4,60,Normal
2026-02-17 08:43:35.039265,Dubai-14c5,-13,1,Normal
2026-02-17 08:43:36.039265,Dubai-14c5,22,71,Normal
2026-02-17 08:43:37.039265,Dubai-14c5,-8,23,Normal
2026-02-17 08:43:38.039265,Dubai-14c5,-14,51,Normal
2026-02-17 08:43:39.039265,Dubai-14c5,46,19,Normal
2026-02-17 08:43:40.039265,Dubai-14c5,49,93,Normal
2026-02-17 08:43:41.039265,Dubai-14c5,-2,50,Normal
2026-02-17 08:43:42.039265,Dubai-14c5,23,78,Normal
2026-02-17 08:43:43.039265,Dubai-14c5,3,29,Normal
2026-02-17 08:43:44.039265,Dubai-14c5,35,6,Normal
2026-02-17 08:43:45.039265,Dubai-14c5,-12,4,Normal
2026-02-17 08:43:46.039265,Dubai-14c5,12,29,Normal
2026-02-17 08:43:47.039265,Dubai-14c5,5,7,Normal
2026-02-17 08:43:48.039265,Dubai-14c5,48,82,Normal
2026-02-17 08:43:49.039265,Dubai-14c5,-17,97,Normal
2026-02-17 08:43:50.039265,Dubai-14c5,31,89,Normal
2026-02-17 08:43:51.039265,Dubai-14c5,1,70,Normal
2026-02-17 08:43:52.039265,Dubai-14c5,-13,11,Normal
2026-02-17 08:43:53.039265,Dubai-14c5,-4,82,Normal
2026-02-17 08:43:54.039265,Dubai-14c5,27,50,Normal
2026-02-17 08:43:55.039265,Dubai-14c5,50,19,Normal
2026-02-17 08:43:56.039265,Dubai-14c5,-9,68,Normal
2026-02-17 08:43:57.039265,Dubai-14c5,-15,5,Normal
2026-02-17 08:43:58.039265,Dubai-14c5,37,30,Normal
2026-02-17 08:43:59.039265,Dubai-14c5,-3,22,Normal
2026-02-17 08:44:00.039265,Dubai-14c5,-13,46,Normal
2026-02-17 08:44:01.039265,Dubai-14c5,19,98,Normal
2026-02-17 08:44:02.039265,Dubai-14c5,15,96,Normal
2026-02-17 08:44:03.039265,Dubai-14c5,39,78,Normal
2026-02-17 08:44:04.039265,Dubai-14c5,-23,66,Normal
2026-02-17 08:44:05.039265,Dubai-14c5,-6,63,Normal
2026-02-17 08:44:06.039265,Dubai-14c5,-20,56,Normal
2026-02-17 08:44:07.039265,Dubai-14c5,-15,17,Normal
2026-02-17 08:44:08.039265,Dubai-14c5,-29,2,Normal
2026-02-17 08:44:09.039265,Dubai-14c5,28,85,Normal
2026-02-17 08:44:10.039265,Dubai-14c5,-22,90,Normal
2026-02-17 08:44:11.039265,Dubai-14c5,31,0,Normal
2026-02-17 08:44:12.039265,Dubai-14c5,30,4,Normal
2026-02-17 08:44:13.039265,Dubai-14c5,-11,0,Normal
2026-02-17 08:44:14.039265,Dubai-14c5,-9,63,Normal
2026-02-17 08:44:15.039265,Dubai-14c5,38,28,Normal
2026-02-17 08:44:16.039265,Dubai-14c5,-21,63,Normal
2026-02-17 08:44:17.039265,Dubai-14c5,39,68,Normal
2026-02-17 08:44:18.039265,Dubai-14c5,-28,0,Normal
2026-02-17 08:44:19.039265,Dubai-14c5,-23,84,Normal
2026-02-17 08:44:20.039265,Dubai-14c5,-21,16,Normal
2026-02-17 08:44:21.039265,Dubai-14c5,-16,6,Normal
2026-02-17 08:44:22.039265,Dubai-14c5,5,71,Normal
2026-02-17 08:44:23.039265,Dubai-14c5,34,56,Normal
2026-02-17 08:44:24.039265,Dubai-14c5,40,6,Normal
2026-02-17 08:44:25.039265,Dubai-14c5,-26,78,Normal
2026-02-17 08:44:26.039265,Dubai-14c5,-25,11,Normal
2026-02-17 08:44:27.039265,Dubai-14c5,-9,56,Normal
2026-02-17 08:44:28.039265,Dubai-14c5,-16,67,Normal
2026-02-17 08:44:29.039265,Dubai-14c5,-17,100,Normal
2026-02-17 08:44:30.039265,Dubai-14c5,21,90,Normal
2026-02-17 08:44:31.039265,Dubai-14c5,-10,33,Normal
2026-02-17 08:44:32.039265,Dubai-14c5,11,60,Normal
2026-02-17 08:44:33.039265,Dubai-14c5,29,78,Normal
2026-02-17 08:44:34.039265,Dubai-14c5,29,62,Normal
2026-02-17 08:44:35.039265,Dubai-14c5,7,58,Normal
2026-02-17 08:44:36.039265,Dubai-14c5,-16,68,Normal
2026-02-17 08:44:37.039265,Dubai-14c5,-2,44,Normal
2026-02-17 08:44:38.039265,Dubai-14c5,-27,19,Normal
2026-02-17 08:44:39.039265,Dubai-14c5,46,11,Normal
2026-02-17 08:44:40.039265,Dubai-14c5,-2,5,Normal
2026-02-17 08:44:41.039265,Dubai-14c5,29,56,Normal
2026-02-17 08:44:42.039265,Dubai-14c5,-22,11,Normal
2026-02-17 08:44:43.039265,Dubai-14c5,-8,97,Normal
2026-02-17 08:44:44.039265,Dubai-14c5,-25,59,Normal
2026-02-17 08:44:45.039265,Dubai-14c5,5,16,Normal
2026-02-17 08:44:46.039265,Dubai-14c5,36,9,Normal
2026-02-17 08:44:47.039265,Dubai-14c5,6,93,Normal
2026-02-17 08:44:48.039265,Dubai-14c5,39,85,Normal
2026-02-17 08:44:49.039265,Dubai-14c5,18,10,Normal
2026-02-17 08:44:50.039265,Dubai-14c5,45,78,Normal
2026-02-17 08:44:51.039265,Dubai-14c5,19,11,Normal
2026-02-17 08:44:52.039265,Dubai-14c5,44,1,Normal
2026-02-17 08:44:53.039265,Dubai-14c5,-23,27,Normal
2026-02-17 08:44:54.039265,Dubai-14c5,2,34,Normal
2026-02-17 08:44:55.039265,Dubai-14c5,26,8,Normal
2026-02-17 08:44:56.039265,Dubai-14c5,18,42,Normal
2026-02-17 08:44:57.039265,Dubai-14c5,35,60,Normal
2026-02-17 08:44:58.039265,Dubai-14c5,7,43,Normal
2026-02-17 08:44:59.039265,Dubai-14c5,-10,44,Normal
2026-02-17 08:45:00.039265,Dubai-14c5,15,58,Normal
2026-02-17 08:45:01.039265,Dubai-14c5,-13,84,Normal
2026-02-17 08:45:02.039265,Dubai-14c5,2,59,Normal
2026-02-17 08:45:03.039265,Dubai-14c5,14,12,Normal
2026-02-17 08:45:04.039265,Dubai-14c5,43,10,Normal
2026-02-17 08:45:05.039265,Dubai-14c5,-12,65,Normal
2026-02-17 08:45:06.039265,Dubai-14c5,-17,71,Normal
2026-02-17 08:45:07.039265,Dubai-14c5,-8,96,Normal
2026-02-17 08:45:08.039265,Dubai-14c5,6,7,Normal
2026-02-17 08:45:09.039265,Dubai-14c5,-23,58,Normal
2026-02-17 08:45:10.039265,Dubai-14c5,-5,98,Normal
2026-02-17 08:45:11.039265,Dubai-14c5,12,39,Normal
2026-02-17 08:45:12.039265,Dubai-14c5,-15,95,Normal
2026-02-17 08:45:13.039265,Dubai-14c5,40,54,Normal
2026-02-17 08:45:14.039265,Dubai-14c5,1,2,Normal
2026-02-17 08:45:15.039265,Dubai-14c5,36,46,Normal
2026-02-17 08:45:16.039265,Dubai-14c5,27,85,Normal
2026-02-17 08:45:17.039265,Dubai-14c5,-30,88,Normal
2026-02-17 08:45:18.039265,Dubai-14c5,-8,97,Normal
2026-02-17 08:45:19.039265,Dubai-14c5,4,54,Normal
2026-02-17 08:45:20.039265,Dubai-14c5,-6,25,Normal
2026-02-17 08:45:21.039265,Dubai-14c5,13,66,Normal
2026-02-17 08:45:22.039265,Dubai-14c5,-8,79,Normal
2026-02-17 08:45:23.039265,Dubai-14c5,5,72,Normal
2026-02-17 08:45:24.039265,Dubai-14c5,-20,20,Normal
2026-02-17 08:45:25.039265,Dubai-14c5,9,15,Normal
2026-02-17 08:45:26.039265,Dubai-14c5,15,80,Normal
2026-02-17 08:45:27.039265,Dubai-14c5,19,81,Normal
2026-02-17 08:45:28.039265,Dubai-14c5,33,12,Normal
2026-02-17 08:45:29.039265,Dubai-14c5,-8,30,Normal
2026-02-17 08:45:30.039265,Dubai-14c5,-15,37,Normal
2026-02-17 08:45:31.039265,Dubai-14c5,24,59,Normal
2026-02-17 08:45:32.039265,Dubai-14c5,-2,23,Normal
2026-02-17 08:45:33.039265,Dubai-14c5,-28,25,Normal
2026-02-17 08:45:34.039265,Dubai-14c5,-20,2,Normal
2026-02-17 08:45:35.039265,Dubai-14c5,23,84,Normal
2026-02-17 08:45:36.039265,Dubai-14c5,13,44,Normal
2026-02-17 08:45:37.039265,Dubai-14c5,-13,90,Normal
2026-02-17 08:45:38.039265,Dubai-14c5,-8,70,Normal
2026-02-17 08:45:39.039265,Dubai-14c5,-5,21,Normal
2026-02-17 08:45:40.039265,Dubai-14c5,48,38,Normal
2026-02-17 08:45:41.039265,Dubai-14c5,3,90,Normal
2026-02-17 08:45:42.039265,Dubai-14c5,-14,63,Normal
2026-02-17 08:45:43.039265,Dubai-14c5,28,25,Normal
2026-02-17 08:45:44.039265,Dubai-14c5,26,20,Normal
2026-02-17 08:45:45.039265,Dubai-14c5,47,26,Normal
2026-02-17 08:45:46.039265,Dubai-14c5,4,56,Normal
2026-02-17 08:45:47.039265,Dubai-14c5,39,92,Normal
2026-02-17 08:45:48.039265,Dubai-14c5,21,51,Normal
2026-02-17 08:45:49.039265,Dubai-14c5,-9,59,Normal
2026-02-17 08:45:50.039265,Dubai-14c5,-11,93,Normal
2026-02-17 08:45:51.039265,Dubai-14c5,14,63,Normal
2026-02-17 08:45:52.039265,Dubai-14c5,-3,19,Normal
2026-02-17 08:45:53.039265,Dubai-14c5,6,9,Normal
2026-02-17 08:45:54.039265,Dubai-14c5,-12,21,Normal
2026-02-17 08:45:55.039265,Dubai-14c5,-14,36,Normal
2026-02-17 08:45:56.039265,Dubai-14c5,12,35,Normal
2026-02-17 08:45:57.039265,Dubai-14c5,-26,47,Normal
2026-02-17 08:45:58.039265,Dubai-14c5,-1,98,Normal
2026-02-17 08:45:59.039265,Dubai-14c5,-24,10,Normal
2026-02-17 08:46:00.039265,Dubai-14c5,-16,24,Normal
2026-02-17 08:46:01.039265,Dubai-14c5,7,57,Normal
2026-02-17 08:46:02.039265,Dubai-14c5,33,21,Normal
2026-02-17 08:46:03.039265,Dubai-14c5,-22,19,Normal
2026-02-17 08:46:04.039265,Dubai-14c5,34,61,Normal
2026-02-17 08:46:05.039265,Dubai-14c5,-2,64,Normal
2026-02-17 08:46:06.039265,Dubai-14c5,33,68,Normal
2026-02-17 08:46:07.039265,Dubai-14c5,47,0,Normal
2026-02-17 08:46:08.039265,Dubai-14c5,-2,55,Normal
2026-02-17 08:46:09.039265,Dubai-14c5,-22,59,Normal
2026-02-17 08:46:10.039265,Dubai-14c5,38,26,Normal
2026-02-17 08:46:11.039265,Dubai-14c5,-24,32,Normal
2026-02-17 08:46:12.039265,Dubai-14c5,27,5,Normal
2026-02-17 08:46:13.039265,Dubai-14c5,-18,93,Normal
2026-02-17 08:46:14.039265,Dubai-14c5,-1,29,Normal
2026-02-17 08:46:15.039265,Dubai-14c5,-28,58,Normal
2026-02-17 08:46:16.039265,Dubai-14c5,-24,53,Normal
2026-02-17 08:46:17.039265,Dubai-14c5,21,62,Normal
2026-02-17 08:46:18.039265,Dubai-14c5,45,77,Normal
2026-02-17 08:46:19.039265,Dubai-14c5,2,86,Normal
2026-02-17 08:46:20.039265,Dubai-14c5,40,6,Normal
2026-02-17 08:46:21.039265,Dubai-14c5,-17,56,Normal
2026-02-17 08:46:22.039265,Dubai-14c5,16,35,Normal
2026-02-17 08:46:23.039265,Dubai-14c5,26,52,Normal
2026-02-17 08:46:24.039265,Dubai-14c5,40,67,Normal
2026-02-17 08:46:25.039265,Dubai-14c5,-23,2,Normal
2026-02-17 08:46:26.039265,Dubai-14c5,14,8,Normal
2026-02-17 08:46:27.039265,Dubai-14c5,28,77,Normal
2026-02-17 08:46:28.039265,Dubai-14c5,-12,6,Normal
2026-02-17 08:46:29.039265,Dubai-14c5,-2,94,Normal
2026-02-17 08:46:30.039265,Dubai-14c5,-6,31,Normal
2026-02-17 08:46:31.039265,Dubai-14c5,32,55,Normal
2026-02-17 08:46:32.039265,Dubai-14c5,10,3,Normal
2026-02-17 08:46:33.039265,Dubai-14c5,26,66,Normal
2026-02-17 08:46:34.039265,Dubai-14c5,29,11,Normal
2026-02-17 08:46:35.039265,Dubai-14c5,-16,17,Normal
2026-02-17 08:46:36.039265,Dubai-14c5,7,88,Normal
2026-02-17 08:46:37.039265,Dubai-14c5,-11,48,Normal
2026-02-17 08:46:38.039265,Dubai-14c5,-4,73,Normal
2026-02-17 08:46:39.039265,Dubai-14c5,10,53,Normal
2026-02-17 08:46:40.039265,Dubai-14c5,1,21,Normal
2026-02-17 08:46:41.039265,Dubai-14c5,24,99,Normal
2026-02-17 08:46:42.039265,Dubai-14c5,-3,96,Normal
2026-02-17 08:46:43.039265,Dubai-14c5,-4,99,Normal
2026-02-17 08:46:44.039265,Dubai-14c5,-18,64,Normal
2026-02-17 08:46:45.039265,Dubai-14c5,-15,9,Normal
2026-02-17 08:46:46.039265,Dubai-14c5,45,85,Normal
2026-02-17 08:46:47.039265,Dubai-14c5,3,34,Normal
2026-02-17 08:46:48.039265,Dubai-14c5,34,32,Normal
2026-02-17 08:46:49.039265,Dubai-14c5,29,76,Normal
2026-02-17 08:46:50.039265,Dubai-14c5,-21,30,Normal
2026-02-17 08:46:51.039265,Dubai-14c5,-15,40,Normal
2026-02-17 08:46:52.039265,Dubai-14c5,15,15,Normal
2026-02-17 08:46:53.039265,Dubai-14c5,50,32,Normal
2026-02-17 08:46:54.039265,Dubai-14c5,39,14,Normal
2026-02-17 08:46:55.039265,Dubai-14c5,27,32,Normal
2026-02-17 08:46:56.039265,Dubai-14c5,-9,61,Normal
2026-02-17 08:46:57.039265,Dubai-14c5,-13,49,Normal
2026-02-17 08:46:58.039265,Dubai-14c5,-1,58,Normal
2026-02-17 08:46:59.039265,Dubai-14c5,23,57,Normal
2026-02-17 08:47:00.039265,Dubai-14c5,-17,3,Normal
2026-02-17 08:47:01.039265,Dubai-14c5,40,15,Normal
2026-02-17 08:47:02.039265,Dubai-14c5,18,26,Normal
2026-02-17 08:47:03.039265,Dubai-14c5,42,66,Normal
2026-02-17 08:47:04.039265,Dubai-14c5,32,46,Normal
2026-02-17 08:47:05.039265,Dubai-14c5,48,31,Normal
2026-02-17 08:47:06.039265,Dubai-14c5,39,64,Normal
2026-02-17 08:47:07.039265,Dubai-14c5,-16,37,Normal
2026-02-17 08:47:08.039265,Dubai-14c5,-9,95,Normal
2026-02-17 08:47:09.039265,Dubai-14c5,30,70,Normal
2026-02-17 08:47:10.039265,Dubai-14c5,8,65,Normal
2026-02-17 08:47:11.039265,Dubai-14c5,30,70,Normal
2026-02-17 08:47:12.039265,Dubai-14c5,39,87,Normal
2026-02-17 08:47:13.039265,Dubai-14c5,9,28,Normal
2026-02-17 08:47:14.039265,Dubai-14c5,48,70,Normal
2026-02-17 08:47:15.039265,Dubai-14c5,-24,18,Normal
2026-02-17 08:47:16.039265,Dubai-14c5,-10,1,Normal
2026-02-17 08:47:17.039265,Dubai-14c5,-23,50,Normal
2026-02-17 08:47:18.039265,Dubai-14c5,-23,27,Normal
2026-02-17 08:47:19.039265,Dubai-14c5,6,91,Normal
2026-02-17 08:47:20.039265,Dubai-14c5,6,75,Normal
2026-02-17 08:47:21.039265,Dubai-14c5,8,87,Normal
2026-02-17 08:47:22.039265,Dubai-14c5,-10,47,Normal
2026-02-17 08:47:23.039265,Dubai-14c5,19,98,Normal
2026-02-17 08:47:24.039265,Dubai-14c5,-4,42,Normal
2026-02-17 08:47:25.039265,Dubai-14c5,-9,51,Normal
2026-02-17 08:47:26.039265,Dubai-14c5,44,79,Normal
2026-02-17 08:47:27.039265,Dubai-14c5,30,69,Normal
2026-02-17 08:47:28.039265,Dubai-14c5,5,72,Normal
2026-02-17 08:47:29.039265,Dubai-14c5,-15,8,Normal
2026-02-17 08:47:30.039265,Dubai-14c5,48,6,Normal
2026-02-17 08:47:31.039265,Dubai-14c5,9,50,Normal
2026-02-17 08:47:32.039265,Dubai-14c5,21,13,Normal
2026-02-17 08:47:33.039265,Dubai-14c5,-21,67,Normal
2026-02-17 08:47:34.039265,Dubai-14c5,16,30,Normal
2026-02-17 08:47:35.039265,Dubai-14c5,9,14,Normal
2026-02-17 08:47:36.039265,Dubai-14c5,14,97,Normal
2026-02-17 08:47:37.039265,Dubai-14c5,-8,57,Normal
2026-02-17 08:47:38.039265,Dubai-14c5,-1,38,Normal
2026-02-17 08:47:39.039265,Dubai-14c5,-3,51,Normal
2026-02-17 08:47:40.039265,Dubai-14c5,-3,73,Normal
2026-02-17 08:47:41.039265,Dubai-14c5,36,80,Normal
2026-02-17 08:47:42.039265,Dubai-14c5,36,93,Normal
2026-02-17 08:47:43.039265,Dubai-14c5,24,84,Normal
2026-02-17 08:47:44.039265,Dubai-14c5,-21,83,Normal
2026-02-17 08:47:45.039265,Dubai-14c5,-23,77,Normal
2026-02-17 08:47:46.039265,Dubai-14c5,-26,100,Normal
2026-02-17 08:47:47.039265,Dubai-14c5,-29,50,Normal
2026-02-17 08:47:48.039265,Dubai-14c5,-14,16,Normal
2026-02-17 08:47:49.039265,Dubai-14c5,-12,4,Normal
2026-02-17 08:47:50.039265,Dubai-14c5,44,11,Normal
2026-02-17 08:47:51.039265,Dubai-14c5,7,26,Normal
2026-02-17 08:47:52.039265,Dubai-14c5,-24,92,Normal
2026-02-17 08:47:53.039265,Dubai-14c5,15,85,Normal
2026-02-17 08:47:54.039265,Dubai-14c5,3,99,Normal
2026-02-17 08:47:55.039265,Dubai-14c5,-30,84,Normal
2026-02-17 08:47:56.039265,Dubai-14c5,9,99,Normal
2026-02-17 08:47:57.039265,Dubai-14c5,25,12,Normal
2026-02-17 08:47:58.039265,Dubai-14c5,-4,38,Normal
2026-02-17 08:47:59.039265,Dubai-14c5,-13,59,Normal
2026-02-17 08:48:00.039265,Dubai-14c5,34,33,Normal
2026-02-17 08:48:01.039265,Dubai-14c5,49,79,Normal
2026-02-17 08:48:02.039265,Dubai-14c5,4,94,Normal
2026-02-17 08:48:03.039265,Dubai-14c5,-20,37,Normal
2026-02-17 08:48:04.039265,Dubai-14c5,-28,40,Normal
2026-02-17 08:48:05.039265,Dubai-14c5,-16,65,Normal
2026-02-17 08:48:06.039265,Dubai-14c5,40,34,Normal
2026-02-17 08:48:07.039265,Dubai-14c5,-4,97,Normal
2026-02-17 08:48:08.039265,Dubai-14c5,21,79,Normal
2026-02-17 08:48:09.039265,Dubai-14c5,21,68,Normal
2026-02-17 08:48:10.039265,Dubai-14c5,-2,62,Normal
2026-02-17 08:48:11.039265,Dubai-14c5,6,22,Normal
2026-02-17 08:48:12.039265,Dubai-14c5,-15,41,Normal
2026-02-17 08:48:13.039265,Dubai-14c5,27,18,Normal
2026-02-17 08:48:14.039265,Dubai-14c5,19,46,Normal
2026-02-17 08:48:15.039265,Dubai-14c5,-3,57,Normal
2026-02-17 08:48:16.039265,Dubai-14c5,-7,23,Normal
2026-02-17 08:48:17.039265,Dubai-14c5,35,67,Normal
2026-02-17 08:48:18.039265,Dubai-14c5,45,96,Normal
2026-02-17 08:48:19.039265,Dubai-14c5,-20,69,Normal
2026-02-17 08:48:20.039265,Dubai-14c5,-18,41,Normal
2026-02-17 08:48:21.039265,Dubai-14c5,15,87,Normal
2026-02-17 08:48:22.039265,Dubai-14c5,32,15,Normal
2026-02-17 08:48:23.039265,Dubai-14c5,33,95,Normal
2026-02-17 08:48:24.039265,Dubai-14c5,-2,85,Normal
2026-02-17 08:48:25.039265,Dubai-14c5,19,56,Normal
2026-02-17 08:48:26.039265,Dubai-14c5,44,28,Normal
2026-02-17 08:48:27.039265,Dubai-14c5,25,75,Normal
2026-02-17 08:48:28.039265,Dubai-14c5,1,98,Normal
2026-02-17 08:48:29.039265,Dubai-14c5,23,63,Normal
2026-02-17 08:48:30.039265,Dubai-14c5,-11,15,Normal
2026-02-17 08:48:31.039265,Dubai-14c5,17,25,Normal
2026-02-17 08:48:32.039265,Dubai-14c5,13,79,Normal
2026-02-17 08:48:33.039265,Dubai-14c5,-27,80,Normal
2026-02-17 08:48:34.039265,Dubai-14c5,29,72,Normal
2026-02-17 08:48:35.039265,Dubai-14c5,2,85,Normal
2026-02-17 08:48:36.039265,Dubai-14c5,-10,18,Normal
2026-02-17 08:48:37.039265,Dubai-14c5,16,8,Normal
2026-02-17 08:48:38.039265,Dubai-14c5,42,8,Normal
2026-02-17 08:48:39.039265,Dubai-14c5,0,36,Normal
2026-02-17 08:48:40.039265,Dubai-14c5,41,56,Normal
2026-02-17 08:48:41.039265,Dubai-14c5,-4,3,Normal
2026-02-17 08:48:42.039265,Dubai-14c5,40,33,Normal
2026-02-17 08:48:43.039265,Dubai-14c5,25,58,Normal
2026-02-17 08:48:44.039265,Dubai-14c5,-28,74,Normal
2026-02-17 08:48:45.039265,Dubai-14c5,-4,15,Normal
2026-02-17 08:48:46.039265,Dubai-14c5,-19,77,Normal
2026-02-17 08:48:47.039265,Dubai-14c5,2,80,Normal
2026-02-17 08:48:48.039265,Dubai-14c5,-5,22,Normal
2026-02-17 08:48:49.039265,Dubai-14c5,-24,73,Normal
2026-02-17 08:48:50.039265,Dubai-14c5,30,60,Normal
2026-02-17 08:48:51.039265,Dubai-14c5,-26,36,Normal
2026-02-17 08:48:52.039265,Dubai-14c5,38,90,Normal
2026-02-17 08:48:53.039265,Dubai-14c5,-30,56,Normal
2026-02-17 08:48:54.039265,Dubai-14c5,-9,86,Normal
2026-02-17 08:48:55.039265,Dubai-14c5,32,72,Normal
2026-02-17 08:48:56.039265,Dubai-14c5,32,45,Normal
2026-02-17 08:48:57.039265,Dubai-14c5,-9,33,Normal
2026-02-17 08:48:58.039265,Dubai-14c5,39,67,Normal
2026-02-17 08:48:59.039265,Dubai-14c5,31,51,Normal
2026-02-17 08:49:00.039265,Dubai-14c5,41,20,Normal
2026-02-17 08:49:01.039265,Dubai-14c5,16,55,Normal
2026-02-17 08:49:02.039265,Dubai-14c5,-5,32,Normal
2026-02-17 08:49:03.039265,Dubai-14c5,44,61,Normal
2026-02-17 08:49:04.039265,Dubai-14c5,47,80,Normal
2026-02-17 08:49:05.039265,Dubai-14c5,-10,73,Normal
2026-02-17 08:49:06.039265,Dubai-14c5,-22,63,Normal
2026-02-17 08:49:07.039265,Dubai-14c5,-17,65,Normal
2026-02-17 08:49:08.039265,Dubai-14c5,42,44,Normal
2026-02-17 08:49:09.039265,Dubai-14c5,-1,80,Normal
2026-02-17 08:49:10.039265,Dubai-14c5,8,45,Normal
2026-02-17 08:49:11.039265,Dubai-14c5,-27,46,Normal
2026-02-17 08:49:12.039265,Dubai-14c5,43,68,Normal
2026-02-17 08:49:13.039265,Dubai-14c5,-5,11,Normal
2026-02-17 08:49:14.039265,Dubai-14c5,-16,97,Normal
2026-02-17 08:49:15.039265,Dubai-14c5,-25,94,Normal
2026-02-17 08:49:16.039265,Dubai-14c5,45,43,Normal
2026-02-17 08:49:17.039265,Dubai-14c5,-18,7,Normal
2026-02-17 08:49:18.039265,Dubai-14c5,0,19,Normal
2026-02-17 08:49:19.039265,Dubai-14c5,49,18,Normal
2026-02-17 08:49:20.039265,Dubai-14c5,44,89,Normal
2026-02-17 08:49:21.039265,Dubai-14c5,38,7,Normal
2026-02-17 08:49:22.039265,Dubai-14c5,-8,98,Normal
2026-02-17 08:49:23.039265,Dubai-14c5,-9,80,Normal
2026-02-17 08:49:24.039265,Dubai-14c5,45,77,Normal
2026-02-17 08:49:25.039265,Dubai-14c5,9,51,Normal
2026-02-17 08:49:26.039265,Dubai-14c5,-8,77,Normal
2026-02-17 08:49:27.039265,Dubai-14c5,34,27,Normal
2026-02-17 08:49:28.039265,Dubai-14c5,-10,37,Normal
2026-02-17 08:49:29.039265,Dubai-14c5,32,60,Normal
2026-02-17 08:49:30.039265,Dubai-14c5,-3,49,Normal
2026-02-17 08:49:31.039265,Dubai-14c5,20,96,Normal
2026-02-17 08:49:32.039265,Dubai-14c5,17,69,Normal
2026-02-17 08:49:33.039265,Dubai-14c5,-20,82,Normal
2026-02-17 08:49:34.039265,Dubai-14c5,42,17,Normal
2026-02-17 08:49:35.039265,Dubai-14c5,-14,68,Normal
2026-02-17 08:49:36.039265,Dubai-14c5,26,78,Normal
2026-02-17 08:49:37.039265,Dubai-14c5,-1,76,Normal
2026-02-17 08:49:38.039265,Dubai-14c5,19,51,Normal
2026-02-17 08:49:39.039265,Dubai-14c5,47,95,Normal
2026-02-17 08:49:40.039265,Dubai-14c5,40,1,Normal
2026-02-17 08:49:41.039265,Dubai-14c5,6,79,Normal
2026-02-17 08:49:42.039265,Dubai-14c5,43,34,Normal
2026-02-17 08:49:43.039265,Dubai-14c5,37,45,Normal
2026-02-17 08:49:44.039265,Dubai-14c5,9,69,Normal
2026-02-17 08:49:45.039265,Dubai-14c5,-13,4,Normal
2026-02-17 08:49:46.039265,Dubai-14c5,19,78,Normal
2026-02-17 08:49:47.039265,Dubai-14c5,48,61,Normal
2026-02-17 08:49:48.039265,Dubai-14c5,36,41,Normal
2026-02-17 08:49:49.039265,Dubai-14c5,37,38,Normal
2026-02-17 08:49:50.039265,Dubai-14c5,-22,74,Normal
2026-02-17 08:49:51.039265,Dubai-14c5,32,30,Normal
2026-02-17 08:49:52.039265,Dubai-14c5,42,77,Normal
2026-02-17 08:49:53.039265,Dubai-14c5,18,44,Normal
2026-02-17 08:49:54.039265,Dubai-14c5,35,82,Normal
2026-02-17 08:49:55.039265,Dubai-14c5,36,99,Normal
2026-02-17 08:49:56.039265,Dubai-14c5,26,6,Normal
2026-02-17 08:49:57.039265,Dubai-14c5,25,40,Normal
2026-02-17 08:49:58.039265,Dubai-14c5,-23,25,Normal
2026-02-17 08:49:59.039265,Dubai-14c5,-22,18,Normal
2026-02-17 08:50:00.039265,Dubai-14c5,-20,46,Normal
2026-02-17 08:50:01.039265,Dubai-14c5,8,98,Normal
2026-02-17 08:50:02.039265,Dubai-14c5,13,3,Normal
2026-02-17 08:50:03.039265,Dubai-14c5,-10,69,Normal
2026-02-17 08:50:04.039265,Dubai-14c5,-2,39,Normal
2026-02-17 08:50:05.039265,Dubai-14c5,7,46,Normal
2026-02-17 08:50:06.039265,Dubai-14c5,-30,30,Normal
2026-02-17 08:50:07.039265,Dubai-14c5,9,5,Normal
2026-02-17 08:50:08.039265,Dubai-14c5,15,97,Normal
2026-02-17 08:50:09.039265,Dubai-14c5,-21,97,Normal
2026-02-17 08:50:10.039265,Dubai-14c5,-7,42,Normal
2026-02-17 08:50:11.039265,Dubai-14c5,-26,21,Normal
2026-02-17 08:50:12.039265,Dubai-14c5,17,48,Normal
2026-02-17 08:50:13.039265,Dubai-14c5,4,29,Normal
2026-02-17 08:50:14.039265,Dubai-14c5,-16,66,Normal
2026-02-17 08:50:15.039265,Dubai-14c5,-8,3,Normal
2026-02-17 08:50:16.039265,Dubai-14c5,41,18,Normal
2026-02-17 08:50:17.039265,Dubai-14c5,16,53,Normal
2026-02-17 08:50:18.039265,Dubai-14c5,31,8,Normal
2026-02-17 08:50:19.039265,Dubai-14c5,1,31,Normal
2026-02-17 08:50:20.039265,Dubai-14c5,48,7,Normal
2026-02-17 08:50:21.039265,Dubai-14c5,-27,10,Normal
2026-02-17 08:50:22.039265,Dubai-14c5,11,63,Normal
2026-02-17 08:50:23.039265,Dubai-14c5,18,59,Normal
2026-02-17 08:50:24.039265,Dubai-14c5,42,76,Normal
2026-02-17 08:50:25.039265,Dubai-14c5,24,68,Normal
2026-02-17 08:50:26.039265,Dubai-14c5,12,96,Normal
2026-02-17 08:50:27.039265,Dubai-14c5,26,81,Normal
2026-02-17 08:50:28.039265,Dubai-14c5,36,60,Normal
2026-02-17 08:50:29.039265,Dubai-14c5,-17,36,Normal
2026-02-17 08:50:30.039265,Dubai-14c5,43,56,Normal
2026-02-17 08:50:31.039265,Dubai-14c5,-22,63,Normal
2026-02-17 08:50:32.039265,Dubai-14c5,14,65,Normal
2026-02-17 08:50:33.039265,Dubai-14c5,30,12,Normal
2026-02-17 08:50:34.039265,Dubai-14c5,48,89,Normal
2026-02-17 08:50:35.039265,Dubai-14c5,22,59,Normal
2026-02-17 08:50:36.039265,Dubai-14c5,38,53,Normal
2026-02-17 08:50:37.039265,Dubai-14c5,-17,19,Normal
2026-02-17 08:50:38.039265,Dubai-14c5,-17,65,Normal
2026-02-17 08:50:39.039265,Dubai-14c5,45,95,Normal
2026-02-17 08:50:40.039265,Dubai-14c5,16,65,Normal
2026-02-17 08:50:41.039265,Dubai-14c5,-5,14,Normal
2026-02-17 08:50:42.039265,Dubai-14c5,47,71,Normal
2026-02-17 08:50:43.039265,Dubai-14c5,23,19,Normal
2026-02-17 08:50:44.039265,Dubai-14c5,44,76,Normal
2026-02-17 08:50:45.039265,Dubai-14c5,49,16,Normal
2026-02-17 08:50:46.039265,Dubai-14c5,-15,27,Normal
2026-02-17 08:50:47.039265,Dubai-14c5,19,55,Normal
2026-02-17 08:50:48.039265,Dubai-14c5,-1,11,Normal
2026-02-17 08:50:49.039265,Dubai-14c5,-9,37,Normal
2026-02-17 08:50:50.039265,Dubai-14c5,9,25,Normal
2026-02-17 08:50:51.039265,Dubai-14c5,38,2,Normal
2026-02-17 08:50:52.039265,Dubai-14c5,10,57,Normal
2026-02-17 08:50:53.039265,Dubai-14c5,-26,24,Normal
2026-02-17 08:50:54.039265,Dubai-14c5,-5,88,Normal
2026-02-17 08:50:55.039265,Dubai-14c5,-15,55,Normal
2026-02-17 08:50:56.039265,Dubai-14c5,-16,66,Normal
2026-02-17 08:50:57.039265,Dubai-14c5,-3,18,Normal
2026-02-17 08:50:58.039265,Dubai-14c5,35,80,Normal
2026-02-17 08:50:59.039265,Dubai-14c5,-28,46,Normal
2026-02-17 08:51:00.039265,Dubai-14c5,49,81,Normal
2026-02-17 08:51:01.039265,Dubai-14c5,-29,64,Normal
2026-02-17 08:51:02.039265,Dubai-14c5,46,51,Normal
2026-02-17 08:51:03.039265,Dubai-14c5,14,38,Normal
2026-02-17 08:51:04.039265,Dubai-14c5,12,24,Normal
2026-02-17 08:51:05.039265,Dubai-14c5,0,9,Normal
2026-02-17 08:51:06.039265,Dubai-14c5,30,49,Normal
2026-02-17 08:51:07.039265,Dubai-14c5,-20,38,Normal
2026-02-17 08:51:08.039265,Dubai-14c5,-7,58,Normal
2026-02-17 08:51:09.039265,Dubai-14c5,-9,4,Normal
2026-02-17 08:51:10.039265,Dubai-14c5,29,80,Normal
2026-02-17 08:51:11.039265,Dubai-14c5,11,24,Normal
2026-02-17 08:51:12.039265,Dubai-14c5,-2,94,Normal
2026-02-17 08:51:13.039265,Dubai-14c5,44,14,Normal
2026-02-17 08:51:14.039265,Dubai-14c5,33,4,Normal
2026-02-17 08:51:15.039265,Dubai-14c5,15,7,Normal
2026-02-17 08:51:16.039265,Dubai-14c5,25,69,Normal
2026-02-17 08:51:17.039265,Dubai-14c5,40,41,Normal
2026-02-17 08:51:18.039265,Dubai-14c5,32,59,Normal
2026-02-17 08:51:19.039265,Dubai-14c5,39,49,Normal
2026-02-17 08:51:20.039265,Dubai-14c5,-16,43,Normal
2026-02-17 08:51:21.039265,Dubai-14c5,-17,55,Normal
2026-02-17 08:51:22.039265,Dubai-14c5,28,14,Normal
2026-02-17 08:51:23.039265,Dubai-14c5,-2,99,Normal
2026-02-17 08:51:24.039265,Dubai-14c5,42,73,Normal
2026-02-17 08:51:25.039265,Dubai-14c5,-8,15,Normal
2026-02-17 08:51:26.039265,Dubai-14c5,-23,25,Normal
2026-02-17 08:51:27.039265,Dubai-14c5,42,58,Normal
2026-02-17 08:51:28.039265,Dubai-14c5,34,5,Normal
2026-02-17 08:51:29.039265,Dubai-14c5,25,16,Normal
2026-02-17 08:51:30.039265,Dubai-14c5,46,84,Normal
2026-02-17 08:51:31.039265,Dubai-14c5,9,97,Normal
2026-02-17 08:51:32.039265,Dubai-14c5,32,32,Normal
2026-02-17 08:51:33.039265,Dubai-14c5,-6,45,Normal
2026-02-17 08:51:34.039265,Dubai-14c5,17,70,Normal
2026-02-17 08:51:35.039265,Dubai-14c5,10,28,Normal
2026-02-17 08:51:36.039265,Dubai-14c5,40,90,Normal
2026-02-17 08:51:37.039265,Dubai-14c5,25,29,Normal
2026-02-17 08:51:38.039265,Dubai-14c5,46,96,Normal
2026-02-17 08:51:39.039265,Dubai-14c5,11,5,Normal
2026-02-17 08:51:40.039265,Dubai-14c5,6,64,Normal
2026-02-17 08:51:41.039265,Dubai-14c5,-23,35,Normal
2026-02-17 08:51:42.039265,Dubai-14c5,7,35,Normal
2026-02-17 08:51:43.039265,Dubai-14c5,8,2,Normal
2026-02-17 08:51:44.039265,Dubai-14c5,28,99,Normal
2026-02-17 08:51:45.039265,Dubai-14c5,-8,22,Normal
2026-02-17 08:51:46.039265,Dubai-14c5,-3,48,Normal
2026-02-17 08:51:47.039265,Dubai-14c5,45,75,Normal
2026-02-17 08:51:48.039265,Dubai-14c5,43,11,Normal
2026-02-17 08:51:49.039265,Dubai-14c5,22,31,Normal
2026-02-17 08:51:50.039265,Dubai-14c5,48,100,Normal
2026-02-17 08:51:51.039265,Dubai-14c5,34,33,Normal
2026-02-17 08:51:52.039265,Dubai-14c5,-10,84,Normal
2026-02-17 08:51:53.039265,Dubai-14c5,4,27,Normal
2026-02-17 08:51:54.039265,Dubai-14c5,27,6,Normal
2026-02-17 08:51:55.039265,Dubai-14c5,9,37,Normal
2026-02-17 08:51:56.039265,Dubai-14c5,-8,35,Normal
2026-02-17 08:51:57.039265,Dubai-14c5,-2,22,Normal
2026-02-17 08:51:58.039265,Dubai-14c5,23,30,Normal
2026-02-17 08:51:59.039265,Dubai-14c5,37,70,Normal
2026-02-17 08:52:00.039265,Dubai-14c5,27,47,Normal
2026-02-17 08:52:01.039265,Dubai-14c5,29,6,Normal
2026-02-17 08:52:02.039265,Dubai-14c5,25,71,Normal
2026-02-17 08:52:03.039265,Dubai-14c5,-30,35,Normal
2026-02-17 08:52:04.039265,Dubai-14c5,-11,91,Normal
2026-02-17 08:52:05.039265,Dubai-14c5,0,88,Normal
2026-02-17 08:52:06.039265,Dubai-14c5,-18,61,Normal
2026-02-17 08:52:07.039265,Dubai-14c5,-7,45,Normal
2026-02-17 08:52:08.039265,Dubai-14c5,35,82,Normal
2026-02-17 08:52:09.039265,Dubai-14c5,7,26,Normal
2026-02-17 08:52:10.039265,Dubai-14c5,23,40,Normal
2026-02-17 08:52:11.039265,Dubai-14c5,5,25,Normal
2026-02-17 08:52:12.039265,Dubai-14c5,-7,81,Normal
2026-02-17 08:52:13.039265,Dubai-14c5,41,56,Normal
2026-02-17 08:52:14.039265,Dubai-14c5,-18,4,Normal
2026-02-17 08:52:15.039265,Dubai-14c5,-17,62,Normal
2026-02-17 08:52:16.039265,Dubai-14c5,33,72,Normal
2026-02-17 08:52:17.039265,Dubai-14c5,12,20,Normal
2026-02-17 08:52:18.039265,Dubai-14c5,25,45,Normal
2026-02-17 08:52:19.039265,Dubai-14c5,-23,55,Normal
2026-02-17 08:52:20.039265,Dubai-14c5,-6,25,Normal
2026-02-17 08:52:21.039265,Dubai-14c5,21,73,Normal
2026-02-17 08:52:22.039265,Dubai-14c5,42,49,Normal
2026-02-17 08:52:23.039265,Dubai-14c5,34,4,Normal
2026-02-17 08:52:24.039265,Dubai-14c5,25,43,Normal
2026-02-17 08:52:25.039265,Dubai-14c5,-12,13,Normal
2026-02-17 08:52:26.039265,Dubai-14c5,6,33,Normal
2026-02-17 08:52:27.039265,Dubai-14c5,50,81,Normal
2026-02-17 08:52:28.039265,Dubai-14c5,17,90,Normal
2026-02-17 08:52:29.039265,Dubai-14c5,48,88,Normal
2026-02-17 08:52:30.039265,Dubai-14c5,-23,96,Normal
2026-02-17 08:52:31.039265,Dubai-14c5,45,44,Normal
2026-02-17 08:52:32.039265,Dubai-14c5,-18,92,Normal
2026-02-17 08:52:33.039265,Dubai-14c5,44,6,Normal
2026-02-17 08:52:34.039265,Dubai-14c5,3,45,Normal
2026-02-17 08:52:35.039265,Dubai-14c5,-1,63,Normal
2026-02-17 08:52:36.039265,Dubai-14c5,26,98,Normal
2026-02-17 08:52:37.039265,Dubai-14c5,-18,83,Normal
2026-02-17 08:52:38.039265,Dubai-14c5,9,39,Normal
2026-02-17 08:52:39.039265,Dubai-14c5,18,67,Normal
2026-02-17 08:52:40.039265,Dubai-14c5,39,77,Normal
2026-02-17 08:52:41.039265,Dubai-14c5,-3,13,Normal
2026-02-17 08:52:42.039265,Dubai-14c5,37,25,Normal
2026-02-17 08:52:43.039265,Dubai-14c5,28,43,Normal
2026-02-17 08:52:44.039265,Dubai-14c5,42,38,Normal
2026-02-17 08:52:45.039265,Dubai-14c5,20,9,Normal
2026-02-17 08:52:46.039265,Dubai-14c5,-17,78,Normal
2026-02-17 08:52:47.039265,Dubai-14c5,30,100,Normal
2026-02-17 08:52:48.039265,Dubai-14c5,28,17,Normal
2026-02-17 08:52:49.039265,Dubai-14c5,32,74,Normal
2026-02-17 08:52:50.039265,Dubai-14c5,10,1,Normal
2026-02-17 08:52:51.039265,Dubai-14c5,-18,42,Normal
2026-02-17 08:52:52.039265,Dubai-14c5,-21,89,Normal
2026-02-17 08:52:53.039265,Dubai-14c5,-9,50,Normal
2026-02-17 08:52:54.039265,Dubai-14c5,-13,40,Normal
2026-02-17 08:52:55.039265,Dubai-14c5,34,50,Normal
2026-02-17 08:52:56.039265,Dubai-14c5,-2,16,Normal
2026-02-17 08:52:57.039265,Dubai-14c5,48,24,Normal
2026-02-17 08:52:58.039265,Dubai-14c5,-26,3,Normal
2026-02-17 08:52:59.039265,Dubai-14c5,24,84,Normal
2026-02-17 08:53:00.039265,Dubai-14c5,-3,62,Normal
2026-02-17 08:53:01.039265,Dubai-14c5,47,42,Normal
2026-02-17 08:53:02.039265,Dubai-14c5,-14,8,Normal
2026-02-17 08:53:03.039265,Dubai-14c5,16,46,Normal
2026-02-17 08:53:04.039265,Dubai-14c5,-6,5,Normal
2026-02-17 08:53:05.039265,Dubai-14c5,-13,98,Normal
2026-02-17 08:53:06.039265,Dubai-14c5,49,29,Normal
2026-02-17 08:53:07.039265,Dubai-14c5,-2,78,Normal
2026-02-17 08:53:08.039265,Dubai-14c5,8,30,Normal
2026-02-17 08:53:09.039265,Dubai-14c5,11,47,Normal
2026-02-17 08:53:10.039265,Dubai-14c5,-16,88,Normal
2026-02-17 08:53:11.039265,Dubai-14c5,22,58,Normal
2026-02-17 08:53:12.039265,Dubai-14c5,40,63,Normal
2026-02-17 08:53:13.039265,Dubai-14c5,31,46,Normal
2026-02-17 08:53:14.039265,Dubai-14c5,16,52,Normal
2026-02-17 08:53:15.039265,Dubai-14c5,21,57,Normal
2026-02-17 08:53:16.039265,Dubai-14c5,33,14,Normal
2026-02-17 08:53:17.039265,Dubai-14c5,9,76,Normal
2026-02-17 08:53:18.039265,Dubai-14c5,10,37,Normal
2026-02-17 08:53:19.039265,Dubai-14c5,47,67,Normal
2026-02-17 08:53:20.039265,Dubai-14c5,-4,0,Normal
2026-02-17 08:53:21.039265,Dubai-14c5,-29,100,Normal
2026-02-17 08:53:22.039265,Dubai-14c5,-28,33,Normal
2026-02-17 08:53:23.039265,Dubai-14c5,35,72,Normal
2026-02-17 08:53:24.039265,Dubai-14c5,32,13,Normal
2026-02-17 08:53:25.039265,Dubai-14c5,23,98,Normal
2026-02-17 08:53:26.039265,Dubai-14c5,-29,9,Normal
2026-02-17 08:53:27.039265,Dubai-14c5,3,46,Normal
2026-02-17 08:53:28.039265,Dubai-14c5,48,64,Normal
2026-02-17 08:53:29.039265,Dubai-14c5,-16,51,Normal
2026-02-17 08:53:30.039265,Dubai-14c5,-3,40,Normal
2026-02-17 08:53:31.039265,Dubai-14c5,48,68,Normal
2026-02-17 08:53:32.039265,Dubai-14c5,-4,12,Normal
2026-02-17 08:53:33.039265,Dubai-14c5,48,29,Normal
2026-02-17 08:53:34.039265,Dubai-14c5,-15,64,Normal
2026-02-17 08:53:35.039265,Dubai-14c5,4,24,Normal
2026-02-17 08:53:36.039265,Dubai-14c5,37,53,Normal
2026-02-17 08:53:37.039265,Dubai-14c5,-18,88,Normal
2026-02-17 08:53:38.039265,Dubai-14c5,-5,3,Normal
2026-02-17 08:53:39.039265,Dubai-14c5,-29,89,Normal
2026-02-17 08:53:40.039265,Dubai-14c5,43,38,Normal
2026-02-17 08:53:41.039265,Dubai-14c5,1,42,Normal
2026-02-17 08:53:42.039265,Dubai-14c5,22,99,Normal
2026-02-17 08:53:43.039265,Dubai-14c5,-26,88,Normal
2026-02-17 08:53:44.039265,Dubai-14c5,29,91,Normal
2026-02-17 08:53:45.039265,Dubai-14c5,37,3,Normal
2026-02-17 08:53:46.039265,Dubai-14c5,-10,31,Normal
2026-02-17 08:53:47.039265,Dubai-14c5,22,88,Normal
2026-02-17 08:53:48.039265,Dubai-14c5,38,12,Normal
2026-02-17 08:53:49.039265,Dubai-14c5,37,58,Normal
2026-02-17 08:53:50.039265,Dubai-14c5,2,22,Normal
2026-02-17 08:53:51.039265,Dubai-14c5,19,38,Normal
2026-02-17 08:53:52.039265,Dubai-14c5,-14,6,Normal
2026-02-17 08:53:53.039265,Dubai-14c5,28,89,Normal
2026-02-17 08:53:54.039265,Dubai-14c5,17,84,Normal
2026-02-17 08:53:55.039265,Dubai-14c5,20,90,Normal
2026-02-17 08:53:56.039265,Dubai-14c5,-26,82,Normal
2026-02-17 08:53:57.039265,Dubai-14c5,8,58,Normal
2026-02-17 08:53:58.039265,Dubai-14c5,-4,25,Normal
2026-02-17 08:53:59.039265,Dubai-14c5,-17,52,Normal
2026-02-17 08:54:00.039265,Dubai-14c5,16,46,Normal
2026-02-17 08:54:01.039265,Dubai-14c5,-13,6,Normal
2026-02-17 08:54:02.039265,Dubai-14c5,-14,45,Normal
2026-02-17 08:54:03.039265,Dubai-14c5,25,87,Normal
2026-02-17 08:54:04.039265,Dubai-14c5,12,77,Normal
2026-02-17 08:54:05.039265,Dubai-14c5,-21,17,Normal
2026-02-17 08:54:06.039265,Dubai-14c5,29,83,Normal
2026-02-17 08:54:07.039265,Dubai-14c5,50,64,Normal
2026-02-17 08:54:08.039265,Dubai-14c5,24,57,Normal
2026-02-17 08:54:09.039265,Dubai-14c5,26,14,Normal
2026-02-17 08:54:10.039265,Dubai-14c5,19,51,Normal
2026-02-17 08:54:11.039265,Dubai-14c5,35,6,Normal
2026-02-17 08:54:12.039265,Dubai-14c5,6,44,Normal
2026-02-17 08:54:13.039265,Dubai-14c5,5,88,Normal
2026-02-17 08:54:14.039265,Dubai-14c5,-18,64,Normal
2026-02-17 08:54:15.039265,Dubai-14c5,1,81,Normal
2026-02-17 08:54:16.039265,Dubai-14c5,6,95,Normal
2026-02-17 08:54:17.039265,Dubai-14c5,-13,48,Normal
2026-02-17 08:54:18.039265,Dubai-14c5,37,93,Normal
2026-02-17 08:54:19.039265,Dubai-14c5,-29,95,Normal
2026-02-17 08:54:20.039265,Dubai-14c5,-23,25,Normal
2026-02-17 08:54:21.039265,Dubai-14c5,30,86,Normal
2026-02-17 08:54:22.039265,Dubai-14c5,49,0,Normal
2026-02-17 08:54:23.039265,Dubai-14c5,9,89,Normal
2026-02-17 08:54:24.039265,Dubai-14c5,19,15,Normal
2026-02-17 08:54:25.039265,Dubai-14c5,-20,55,Normal
2026-02-17 08:54:26.039265,Dubai-14c5,15,74,Normal
2026-02-17 08:54:27.039265,Dubai-14c5,36,55,Normal
2026-02-17 08:54:28.039265,Dubai-14c5,-26,46,Normal
2026-02-17 08:54:29.039265,Dubai-14c5,-8,66,Normal
2026-02-17 08:54:30.039265,Dubai-14c5,-23,3,Normal
2026-02-17 08:54:31.039265,Dubai-14c5,33,77,Normal
2026-02-17 08:54:32.039265,Dubai-14c5,-26,4,Normal
2026-02-17 08:54:33.039265,Dubai-14c5,39,45,Normal
2026-02-17 08:54:34.039265,Dubai-14c5,23,99,Normal
2026-02-17 08:54:35.039265,Dubai-14c5,40,63,Normal
2026-02-17 08:54:36.039265,Dubai-14c5,27,33,Normal
2026-02-17 08:54:37.039265,Dubai-14c5,11,43,Normal
2026-02-17 08:54:38.039265,Dubai-14c5,6,38,Normal
2026-02-17 08:54:39.039265,Dubai-14c5,-13,17,Normal
2026-02-17 08:54:40.039265,Dubai-14c5,35,30,Normal
2026-02-17 08:54:41.039265,Dubai-14c5,14,25,Normal
2026-02-17 08:54:42.039265,Dubai-14c5,3,42,Normal
2026-02-17 08:54:43.039265,Dubai-14c5,1,83,Normal
2026-02-17 08:54:44.039265,Dubai-14c5,-7,69,Normal
2026-02-17 08:54:45.039265,Dubai-14c5,-17,28,Normal
2026-02-17 08:54:46.039265,Dubai-14c5,25,90,Normal
2026-02-17 08:54:47.039265,Dubai-14c5,37,51,Normal
2026-02-17 08:54:48.039265,Dubai-14c5,1,89,Normal
2026-02-17 08:54:49.039265,Dubai-14c5,35,72,Normal
2026-02-17 08:54:50.039265,Dubai-14c5,43,12,Normal
2026-02-17 08:54:51.039265,Dubai-14c5,0,83,Normal
2026-02-17 08:54:52.039265,Dubai-14c5,-21,37,Normal
2026-02-17 08:54:53.039265,Dubai-14c5,-25,75,Normal
2026-02-17 08:54:54.039265,Dubai-14c5,19,65,Normal
2026-02-17 08:54:55.039265,Dubai-14c5,18,91,Normal
2026-02-17 08:54:56.039265,Dubai-14c5,40,24,Normal
2026-02-17 08:54:57.039265,Dubai-14c5,16,88,Normal
2026-02-17 08:54:58.039265,Dubai-14c5,21,83,Normal
2026-02-17 08:54:59.039265,Dubai-14c5,15,53,Normal
2026-02-17 08:55:00.039265,Dubai-14c5,-29,39,Normal
2026-02-17 08:55:01.039265,Dubai-14c5,36,5,Normal
2026-02-17 08:55:02.039265,Dubai-14c5,30,80,Normal
2026-02-17 08:55:03.039265,Dubai-14c5,6,67,Normal
2026-02-17 08:55:04.039265,Dubai-14c5,-16,64,Normal
2026-02-17 08:55:05.039265,Dubai-14c5,0,14,Normal
2026-02-17 08:55:06.039265,Dubai-14c5,40,13,Normal
2026-02-17 08:55:07.039265,Dubai-14c5,39,70,Normal
2026-02-17 08:55:08.039265,Dubai-14c5,-18,40,Normal
2026-02-17 08:55:09.039265,Dubai-14c5,46,42,Normal
2026-02-17 08:55:10.039265,Dubai-14c5,-11,86,Normal
2026-02-17 08:55:11.039265,Dubai-14c5,6,2,Normal
2026-02-17 08:55:12.039265,Dubai-14c5,-14,1,Normal
2026-02-17 08:55:13.039265,Dubai-14c5,-10,80,Normal
2026-02-17 08:55:14.039265,Dubai-14c5,-18,50,Normal
2026-02-17 08:55:15.039265,Dubai-14c5,-17,77,Normal
2026-02-17 08:55:16.039265,Dubai-14c5,-30,31,Normal
2026-02-17 08:55:17.039265,Dubai-14c5,-13,21,Normal
2026-02-17 08:55:18.039265,Dubai-14c5,-5,45,Normal
2026-02-17 08:55:19.039265,Dubai-14c5,-11,15,Normal
2026-02-17 08:55:20.039265,Dubai-14c5,35,48,Normal
2026-02-17 08:55:21.039265,Dubai-14c5,-12,58,Normal
2026-02-17 08:55:22.039265,Dubai-14c5,50,13,Normal
2026-02-17 08:55:23.039265,Dubai-14c5,-15,38,Normal
2026-02-17 08:55:24.039265,Dubai-14c5,30,34,Normal
2026-02-17 08:55:25.039265,Dubai-14c5,-26,28,Normal
2026-02-17 08:55:26.039265,Dubai-14c5,45,79,Normal
2026-02-17 08:55:27.039265,Dubai-14c5,-15,32,Normal
2026-02-17 08:55:28.039265,Dubai-14c5,-16,70,Normal
2026-02-17 08:55:29.039265,Dubai-14c5,1,37,Normal
2026-02-17 08:55:30.039265,Dubai-14c5,47,87,Normal
2026-02-17 08:55:31.039265,Dubai-14c5,5,64,Normal
2026-02-17 08:55:32.039265,Dubai-14c5,7,86,Normal
2026-02-17 08:55:33.039265,Dubai-14c5,4,95,Normal
2026-02-17 08:55:34.039265,Dubai-14c5,35,72,Normal
2026-02-17 08:55:35.039265,Dubai-14c5,41,44,Normal
2026-02-17 08:55:36.039265,Dubai-14c5,41,58,Normal
2026-02-17 08:55:37.039265,Dubai-14c5,15,57,Normal
2026-02-17 08:55:38.039265,Dubai-14c5,14,96,Normal
2026-02-17 08:55:39.039265,Dubai-14c5,36,8,Normal
2026-02-17 08:55:40.039265,Dubai-14c5,50,18,Normal
2026-02-17 08:55:41.039265,Dubai-14c5,33,93,Normal
2026-02-17 08:55:42.039265,Dubai-14c5,8,50,Normal
2026-02-17 08:55:43.039265,Dubai-14c5,-20,44,Normal
2026-02-17 08:55:44.039265,Dubai-14c5,23,84,Normal
2026-02-17 08:55:45.039265,Dubai-14c5,-23,47,Normal
2026-02-17 08:55:46.039265,Dubai-14c5,46,46,Normal
2026-02-17 08:55:47.039265,Dubai-14c5,27,95,Normal
2026-02-17 08:55:48.039265,Dubai-14c5,-4,81,Normal
2026-02-17 08:55:49.039265,Dubai-14c5,-26,92,Normal
2026-02-17 08:55:50.039265,Dubai-14c5,49,90,Normal
2026-02-17 08:55:51.039265,Dubai-14c5,6,29,Normal
2026-02-17 08:55:52.039265,Dubai-14c5,-20,88,Normal
2026-02-17 08:55:53.039265,Dubai-14c5,-27,55,Normal
2026-02-17 08:55:54.039265,Dubai-14c5,-20,76,Normal
2026-02-17 08:55:55.039265,Dubai-14c5,-3,19,Normal
2026-02-17 08:55:56.039265,Dubai-14c5,-14,92,Normal
2026-02-17 08:55:57.039265,Dubai-14c5,8,11,Normal
2026-02-17 08:55:58.039265,Dubai-14c5,21,44,Normal
2026-02-17 08:55:59.039265,Dubai-14c5,11,75,Normal
2026-02-17 08:56:00.039265,Dubai-14c5,-28,27,Normal
2026-02-17 08:56:01.039265,Dubai-14c5,-5,86,Normal
2026-02-17 08:56:02.039265,Dubai-14c5,16,79,Normal
2026-02-17 08:56:03.039265,Dubai-14c5,38,80,Normal
2026-02-17 08:56:04.039265,Dubai-14c5,14,98,Normal
2026-02-17 08:56:05.039265,Dubai-14c5,-26,25,Normal
2026-02-17 08:56:06.039265,Dubai-14c5,21,21,Normal
2026-02-17 08:56:07.039265,Dubai-14c5,21,27,Normal
2026-02-17 08:56:08.039265,Dubai-14c5,41,16,Normal
2026-02-17 08:56:09.039265,Dubai-14c5,47,39,Normal
2026-02-17 08:56:10.039265,Dubai-14c5,41,37,Normal
2026-02-17 08:56:11.039265,Dubai-14c5,19,71,Normal
2026-02-17 08:56:12.039265,Dubai-14c5,19,9,Normal
2026-02-17 08:56:13.039265,Dubai-14c5,23,22,Normal
2026-02-17 08:56:14.039265,Dubai-14c5,-26,30,Normal
2026-02-17 08:56:15.039265,Dubai-14c5,34,93,Normal
2026-02-17 08:56:16.039265,Dubai-14c5,-10,66,Normal
2026-02-17 08:56:17.039265,Dubai-14c5,-8,56,Normal
2026-02-17 08:56:18.039265,Dubai-14c5,37,55,Normal
2026-02-17 08:56:19.039265,Dubai-14c5,31,44,Normal
2026-02-17 08:56:20.039265,Dubai-14c5,8,31,Normal
2026-02-17 08:56:21.039265,Dubai-14c5,11,17,Normal
2026-02-17 08:56:22.039265,Dubai-14c5,50,22,Normal
2026-02-17 08:56:23.039265,Dubai-14c5,19,56,Normal
2026-02-17 08:56:24.039265,Dubai-14c5,-14,96,Normal
2026-02-17 08:56:25.039265,Dubai-14c5,3,82,Normal
2026-02-17 08:56:26.039265,Dubai-14c5,1,35,Normal
2026-02-17 08:56:27.039265,Dubai-14c5,11,0,Normal
2026-02-17 08:56:28.039265,Dubai-14c5,-28,85,Normal
2026-02-17 08:56:29.039265,Dubai-14c5,5,45,Normal
2026-02-17 08:56:30.039265,Dubai-14c5,45,70,Normal
2026-02-17 08:56:31.039265,Dubai-14c5,-30,49,Normal
2026-02-17 08:56:32.039265,Dubai-14c5,42,26,Normal
2026-02-17 08:56:33.039265,Dubai-14c5,1,16,Normal
2026-02-17 08:56:34.039265,Dubai-14c5,-5,94,Normal
2026-02-17 08:56:35.039265,Dubai-14c5,6,52,Normal
2026-02-17 08:56:36.039265,Dubai-14c5,31,74,Normal
2026-02-17 08:56:37.039265,Dubai-14c5,-14,93,Normal
2026-02-17 08:56:38.039265,Dubai-14c5,-30,0,Normal
2026-02-17 08:56:39.039265,Dubai-14c5,27,11,Normal
2026-02-17 08:56:40.039265,Dubai-14c5,-22,64,Normal
2026-02-17 08:56:41.039265,Dubai-14c5,44,8,Normal
2026-02-17 08:56:42.039265,Dubai-14c5,26,8,Normal
2026-02-17 08:56:43.039265,Dubai-14c5,-14,92,Normal
2026-02-17 08:56:44.039265,Dubai-14c5,31,42,Normal
2026-02-17 08:56:45.039265,Dubai-14c5,41,96,Normal
2026-02-17 08:56:46.039265,Dubai-14c5,-27,25,Normal
2026-02-17 08:56:47.039265,Dubai-14c5,44,31,Normal
2026-02-17 08:56:48.039265,Dubai-14c5,-12,36,Normal
2026-02-17 08:56:49.039265,Dubai-14c5,17,36,Normal
2026-02-17 08:56:50.039265,Dubai-14c5,49,88,Normal
2026-02-17 08:56:51.039265,Dubai-14c5,46,3,Normal
2026-02-17 08:56:52.039265,Dubai-14c5,35,92,Normal
2026-02-17 08:56:53.039265,Dubai-14c5,-19,53,Normal
2026-02-17 08:56:54.039265,Dubai-14c5,7,50,Normal
2026-02-17 08:56:55.039265,Dubai-14c5,-16,39,Normal
2026-02-17 08:56:56.039265,Dubai-14c5,42,47,Normal
2026-02-17 08:56:57.039265,Dubai-14c5,28,24,Normal
2026-02-17 08:56:58.039265,Dubai-14c5,43,33,Normal
2026-02-17 08:56:59.039265,Dubai-14c5,19,60,Normal
2026-02-17 08:57:00.039265,Dubai-14c5,44,80,Normal
2026-02-17 08:57:01.039265,Dubai-14c5,-23,85,Normal
2026-02-17 08:57:02.039265,Dubai-14c5,6,6,Normal
2026-02-17 08:57:03.039265,Dubai-14c5,23,30,Normal
2026-02-17 08:57:04.039265,Dubai-14c5,27,40,Normal
2026-02-17 08:57:05.039265,Dubai-14c5,49,82,Normal
2026-02-17 08:57:06.039265,Dubai-14c5,26,0,Normal
2026-02-17 08:57:07.039265,Dubai-14c5,32,4,Normal
2026-02-17 08:57:08.039265,Dubai-14c5,1,20,Normal
2026-02-17 08:57:09.039265,Dubai-14c5,-30,53,Normal
2026-02-17 08:57:10.039265,Dubai-14c5,46,44,Normal
2026-02-17 08:57:11.039265,Dubai-14c5,22,47,Normal
2026-02-17 08:57:12.039265,Dubai-14c5,46,4,Normal
2026-02-17 08:57:13.039265,Dubai-14c5,-4,2,Normal
2026-02-17 08:57:14.039265,Dubai-14c5,-22,98,Normal
2026-02-17 08:57:15.039265,Dubai-14c5,-10,73,Normal
2026-02-17 08:57:16.039265,Dubai-14c5,-6,38,Normal
2026-02-17 08:57:17.039265,Dubai-14c5,8,31,Normal
2026-02-17 08:57:18.039265,Dubai-14c5,10,67,Normal
2026-02-17 08:57:19.039265,Dubai-14c5,43,24,Normal
2026-02-17 08:57:20.039265,Dubai-14c5,20,75,Normal
2026-02-17 08:57:21.039265,Dubai-14c5,-22,52,Normal
2026-02-17 08:57:22.039265,Dubai-14c5,17,54,Normal
2026-02-17 08:57:23.039265,Dubai-14c5,-30,37,Normal
2026-02-17 08:57:24.039265,Dubai-14c5,-7,64,Normal
2026-02-17 08:57:25.039265,Dubai-14c5,-14,72,Normal
2026-02-17 08:57:26.039265,Dubai-14c5,4,23,Normal
2026-02-17 08:57:27.039265,Dubai-14c5,-30,81,Normal
2026-02-17 08:57:28.039265,Dubai-14c5,-4,38,Normal
2026-02-17 08:57:29.039265,Dubai-14c5,-9,67,Normal
2026-02-17 08:57:30.039265,Dubai-14c5,32,64,Normal
2026-02-17 08:57:31.039265,Dubai-14c5,18,28,Normal
2026-02-17 08:57:32.039265,Dubai-14c5,-23,50,Normal
2026-02-17 08:57:33.039265,Dubai-14c5,39,43,Normal
2026-02-17 08:57:34.039265,Dubai-14c5,-30,17,Normal
2026-02-17 08:57:35.039265,Dubai-14c5,25,40,Normal
2026-02-17 08:57:36.039265,Dubai-14c5,-7,64,Normal
2026-02-17 08:57:37.039265,Dubai-14c5,37,46,Normal
2026-02-17 08:57:38.039265,Dubai-14c5,43,3,Normal
2026-02-17 08:57:39.039265,Dubai-14c5,20,7,Normal
2026-02-17 08:57:40.039265,Dubai-14c5,41,20,Normal
2026-02-17 08:57:41.039265,Dubai-14c5,-11,96,Normal
2026-02-17 08:57:42.039265,Dubai-14c5,-3,52,Normal
2026-02-17 08:57:43.039265,Dubai-14c5,0,30,Normal
2026-02-17 08:57:44.039265,Dubai-14c5,-18,95,Normal
2026-02-17 08:57:45.039265,Dubai-14c5,16,74,Normal
2026-02-17 08:57:46.039265,Dubai-14c5,-6,38,Normal
2026-02-17 08:57:47.039265,Dubai-14c5,10,26,Normal
2026-02-17 08:57:48.039265,Dubai-14c5,-17,65,Normal
2026-02-17 08:57:49.039265,Dubai-14c5,-17,100,Normal
2026-02-17 08:57:50.039265,Dubai-14c5,28,2,Normal
2026-02-17 08:57:51.039265,Dubai-14c5,30,51,Normal
2026-02-17 08:57:52.039265,Dubai-14c5,3,20,Normal
2026-02-17 08:57:53.039265,Dubai-14c5,-14,33,Normal
2026-02-17 08:57:54.039265,Dubai-14c5,30,35,Normal
2026-02-17 08:57:55.039265,Dubai-14c5,30,20,Normal
2026-02-17 08:57:56.039265,Dubai-14c5,-23,53,Normal
2026-02-17 08:57:57.039265,Dubai-14c5,-11,67,Normal
2026-02-17 08:57:58.039265,Dubai-14c5,-29,8,Normal
2026-02-17 08:57:59.039265,Dubai-14c5,-4,28,Normal
2026-02-17 08:58:00.039265,Dubai-14c5,17,93,Normal
2026-02-17 08:58:01.039265,Dubai-14c5,-10,2,Normal
2026-02-17 08:58:02.039265,Dubai-14c5,9,22,Normal
2026-02-17 08:58:03.039265,Dubai-14c5,11,27,Normal
2026-02-17 08:58:04.039265,Dubai-14c5,3,15,Normal
2026-02-17 08:58:05.039265,Dubai-14c5,35,1,Normal
2026-02-17 08:58:06.039265,Dubai-14c5,18,36,Normal
2026-02-17 08:58:07.039265,Dubai-14c5,6,4,Normal
2026-02-17 08:58:08.039265,Dubai-14c5,22,26,Normal
2026-02-17 08:58:09.039265,Dubai-14c5,43,18,Normal
2026-02-17 08:58:10.039265,Dubai-14c5,-3,97,Normal
2026-02-17 08:58:11.039265,Dubai-14c5,15,43,Normal
2026-02-17 08:58:12.039265,Dubai-14c5,38,78,Normal
2026-02-17 08:58:13.039265,Dubai-14c5,6,41,Normal
2026-02-17 08:58:14.039265,Dubai-14c5,22,44,Normal
2026-02-17 08:58:15.039265,Dubai-14c5,-24,60,Normal
2026-02-17 08:58:16.039265,Dubai-14c5,3,77,Normal
2026-02-17 08:58:17.039265,Dubai-14c5,39,1,Normal
2026-02-17 08:58:18.039265,Dubai-14c5,-15,15,Normal
2026-02-17 08:58:19.039265,Dubai-14c5,13,99,Normal
2026-02-17 08:58:20.039265,Dubai-14c5,-7,87,Normal
2026-02-17 08:58:21.039265,Dubai-14c5,15,56,Normal
2026-02-17 08:58:22.039265,Dubai-14c5,5,90,Normal
2026-02-17 08:58:23.039265,Dubai-14c5,34,76,Normal
2026-02-17 08:58:24.039265,Dubai-14c5,31,54,Normal
2026-02-17 08:58:25.039265,Dubai-14c5,33,40,Normal
2026-02-17 08:58:26.039265,Dubai-14c5,-27,17,Normal
2026-02-17 08:58:27.039265,Dubai-14c5,-16,51,Normal
2026-02-17 08:58:28.039265,Dubai-14c5,31,10,Normal
2026-02-17 08:58:29.039265,Dubai-14c5,-22,78,Normal
2026-02-17 08:58:30.039265,Dubai-14c5,18,72,Normal
2026-02-17 08:58:31.039265,Dubai-14c5,9,74,Normal
2026-02-17 08:58:32.039265,Dubai-14c5,48,59,Normal
2026-02-17 08:58:33.039265,Dubai-14c5,34,76,Normal
2026-02-17 08:58:34.039265,Dubai-14c5,11,64,Normal
2026-02-17 08:58:35.039265,Dubai-14c5,-26,26,Normal
2026-02-17 08:58:36.039265,Dubai-14c5,24,16,Normal
2026-02-17 08:58:37.039265,Dubai-14c5,-11,48,Normal
2026-02-17 08:58:38.039265,Dubai-14c5,21,41,Normal
2026-02-17 08:58:39.039265,Dubai-14c5,-6,62,Normal
2026-02-17 08:58:40.039265,Dubai-14c5,19,1,Normal
2026-02-17 08:58:41.039265,Dubai-14c5,2,52,Normal
2026-02-17 08:58:42.039265,Dubai-14c5,-23,91,Normal
2026-02-17 08:58:43.039265,Dubai-14c5,-18,51,Normal
2026-02-17 08:58:44.039265,Dubai-14c5,41,11,Normal
2026-02-17 08:58:45.039265,Dubai-14c5,29,55,Normal
2026-02-17 08:58:46.039265,Dubai-14c5,7,25,Normal
2026-02-17 08:58:47.039265,Dubai-14c5,-10,42,Normal
2026-02-17 08:58:48.039265,Dubai-14c5,35,83,Normal
2026-02-17 08:58:49.039265,Dubai-14c5,34,23,Normal
2026-02-17 08:58:50.039265,Dubai-14c5,43,84,Normal
2026-02-17 08:58:51.039265,Dubai-14c5,-21,80,Normal
2026-02-17 08:58:52.039265,Dubai-14c5,29,15,Normal
2026-02-17 08:58:53.039265,Dubai-14c5,-13,88,Normal
2026-02-17 08:58:54.039265,Dubai-14c5,34,86,Normal
2026-02-17 08:58:55.039265,Dubai-14c5,18,15,Normal
2026-02-17 08:58:56.039265,Dubai-14c5,-7,95,Normal
2026-02-17 08:58:57.039265,Dubai-14c5,13,12,Normal
2026-02-17 08:58:58.039265,Dubai-14c5,34,69,Normal
2026-02-17 08:58:59.039265,Dubai-14c5,14,61,Normal
2026-02-17 08:59:00.039265,Dubai-14c5,20,99,Normal
2026-02-17 08:59:01.039265,Dubai-14c5,22,20,Normal
2026-02-17 08:59:02.039265,Dubai-14c5,-10,92,Normal
2026-02-17 08:59:03.039265,Dubai-14c5,-13,91,Normal
2026-02-17 08:59:04.039265,Dubai-14c5,44,90,Normal
2026-02-17 08:59:05.039265,Dubai-14c5,9,75,Normal
2026-02-17 08:59:06.039265,Dubai-14c5,9,25,Normal
2026-02-17 08:59:07.039265,Dubai-14c5,34,92,Normal
2026-02-17 08:59:08.039265,Dubai-14c5,7,9,Normal
2026-02-17 08:59:09.039265,Dubai-14c5,15,94,Normal
2026-02-17 08:59:10.039265,Dubai-14c5,-2,50,Normal
2026-02-17 08:59:11.039265,Dubai-14c5,-8,89,Normal
2026-02-17 08:59:12.039265,Dubai-14c5,-22,87,Normal
2026-02-17 08:59:13.039265,Dubai-14c5,47,48,Normal
2026-02-17 08:59:14.039265,Dubai-14c5,43,57,Normal
2026-02-17 08:59:15.039265,Dubai-14c5,11,83,Normal
2026-02-17 08:59:16.039265,Dubai-14c5,-5,4,Normal
2026-02-17 08:59:17.039265,Dubai-14c5,42,21,Normal
2026-02-17 08:59:18.039265,Dubai-14c5,19,92,Normal
2026-02-17 08:59:19.039265,Dubai-14c5,12,14,Normal
2026-02-17 08:59:20.039265,Dubai-14c5,-23,14,Normal
2026-02-17 08:59:21.039265,Dubai-14c5,6,84,Normal
2026-02-17 08:59:22.039265,Dubai-14c5,2,1,Normal
2026-02-17 08:59:23.039265,Dubai-14c5,7,98,Normal
2026-02-17 08:59:24.039265,Dubai-14c5,19,85,Normal
2026-02-17 08:59:25.039265,Dubai-14c5,-3,50,Normal
2026-02-17 08:59:26.039265,Dubai-14c5,-6,34,Normal
2026-02-17 08:59:27.039265,Dubai-14c5,19,44,Normal
2026-02-17 08:59:28.039265,Dubai-14c5,23,91,Normal
2026-02-17 08:59:29.039265,Dubai-14c5,41,78,Normal
2026-02-17 08:59:30.039265,Dubai-14c5,-17,17,Normal
2026-02-17 08:59:31.039265,Dubai-14c5,-6,9,Normal
2026-02-17 08:59:32.039265,Dubai-14c5,29,74,Normal
2026-02-17 08:59:33.039265,Dubai-14c5,14,72,Normal
2026-02-17 08:59:34.039265,Dubai-14c5,-23,61,Normal
2026-02-17 08:59:35.039265,Dubai-14c5,32,20,Normal
2026-02-17 08:59:36.039265,Dubai-14c5,32,18,Normal
2026-02-17 08:59:37.039265,Dubai-14c5,-29,61,Normal
2026-02-17 08:59:38.039265,Dubai-14c5,38,48,Normal
2026-02-17 08:59:39.039265,Dubai-14c5,20,67,Normal
2026-02-17 08:59:40.039265,Dubai-14c5,7,18,Normal
2026-02-17 08:59:41.039265,Dubai-14c5,49,2,Normal
2026-02-17 08:59:42.039265,Dubai-14c5,-20,31,Normal
2026-02-17 08:59:43.039265,Dubai-14c5,0,19,Normal
2026-02-17 08:59:44.039265,Dubai-14c5,34,49,Normal
2026-02-17 08:59:45.039265,Dubai-14c5,13,44,Normal
2026-02-17 08:59:46.039265,Dubai-14c5,46,4,Normal
2026-02-17 08:59:47.039265,Dubai-14c5,-23,45,Normal
2026-02-17 08:59:48.039265,Dubai-14c5,44,69,Normal
2026-02-17 08:59:49.039265,Dubai-14c5,2,28,Normal
2026-02-17 08:59:50.039265,Dubai-14c5,-18,40,Normal
2026-02-17 08:59:51.039265,Dubai-14c5,-27,23,Normal
2026-02-17 08:59:52.039265,Dubai-14c5,-8,62,Normal
2026-02-17 08:59:53.039265,Dubai-14c5,38,79,Normal
2026-02-17 08:59:54.039265,Dubai-14c5,23,24,Normal
2026-02-17 08:59:55.039265,Dubai-14c5,-28,74,Normal
2026-02-17 08:59:56.039265,Dubai-14c5,44,42,Normal
2026-02-17 08:59:57.039265,Dubai-14c5,27,0,Normal
2026-02-17 08:59:58.039265,Dubai-14c5,31,36,Normal
2026-02-17 08:59:59.039265,Dubai-14c5,-25,44,Normal
2026-02-17 09:00:00.039265,Dubai-14c5,-9,78,Normal
2026-02-17 09:00:01.039265,Dubai-14c5,-20,33,Normal
2026-02-17 09:00:02.039265,Dubai-14c5,-9,9,Normal
2026-02-17 09:00:03.039265,Dubai-14c5,1,5,Normal
2026-02-17 09:00:04.039265,Dubai-14c5,33,13,Normal
2026-02-17 09:00:05.039265,Dubai-14c5,46,79,Normal
2026-02-17 09:00:06.039265,Dubai-14c5,-5,30,Normal
2026-02-17 09:00:07.039265,Dubai-14c5,-6,93,Normal
2026-02-17 09:00:08.039265,Dubai-14c5,29,57,Normal
2026-02-17 09:00:09.039265,Dubai-14c5,-5,97,Normal
2026-02-17 09:00:10.039265,Dubai-14c5,27,18,Normal
2026-02-17 09:00:11.039265,Dubai-14c5,-26,79,Normal
2026-02-17 09:00:12.039265,Dubai-14c5,32,76,Normal
2026-02-17 09:00:13.039265,Dubai-14c5,50,10,Normal
2026-02-17 09:00:14.039265,Dubai-14c5,47,95,Normal
2026-02-17 09:00:15.039265,Dubai-14c5,9,64,Normal
2026-02-17 09:00:16.039265,Dubai-14c5,-11,67,Normal
2026-02-17 09:00:17.039265,Dubai-14c5,-10,79,Normal
2026-02-17 09:00:18.039265,Dubai-14c5,20,83,Normal
2026-02-17 09:00:19.039265,Dubai-14c5,4,64,Normal
2026-02-17 09:00:20.039265,Dubai-14c5,16,87,Normal
2026-02-17 09:00:21.039265,Dubai-14c5,0,73,Normal
2026-02-17 09:00:22.039265,Dubai-14c5,-5,84,Normal
2026-02-17 09:00:23.039265,Dubai-14c5,-24,12,Normal
2026-02-17 09:00:24.039265,Dubai-14c5,-5,45,Normal
2026-02-17 09:00:25.039265,Dubai-14c5,38,17,Normal
2026-02-17 09:00:26.039265,Dubai-14c5,31,2,Normal
2026-02-17 09:00:27.039265,Dubai-14c5,-1,24,Normal
2026-02-17 09:00:28.039265,Dubai-14c5,13,42,Normal
2026-02-17 09:00:29.039265,Dubai-14c5,14,45,Normal
2026-02-17 09:00:30.039265,Dubai-14c5,49,5,Normal
2026-02-17 09:00:31.039265,Dubai-14c5,-21,11,Normal
2026-02-17 09:00:32.039265,Dubai-14c5,42,81,Normal
2026-02-17 09:00:33.039265,Dubai-14c5,-4,42,Normal
2026-02-17 09:00:34.039265,Dubai-14c5,-5,32,Normal
2026-02-17 09:00:35.039265,Dubai-14c5,-8,9,Normal
2026-02-17 09:00:36.039265,Dubai-14c5,35,50,Normal
2026-02-17 09:00:37.039265,Dubai-14c5,9,49,Normal
2026-02-17 09:00:38.039265,Dubai-14c5,15,51,Normal
2026-02-17 09:00:39.039265,Dubai-14c5,-25,7,Normal
2026-02-17 09:00:40.039265,Dubai-14c5,6,14,Normal
2026-02-17 09:00:41.039265,Dubai-14c5,33,27,Normal
2026-02-17 09:00:42.039265,Dubai-14c5,20,99,Normal
2026-02-17 09:00:43.039265,Dubai-14c5,-12,95,Normal
2026-02-17 09:00:44.039265,Dubai-14c5,20,3,Normal
2026-02-17 09:00:45.039265,Dubai-14c5,-12,64,Normal
2026-02-17 09:00:46.039265,Dubai-14c5,40,43,Normal
2026-02-17 09:00:47.039265,Dubai-14c5,24,43,Normal
2026-02-17 09:00:48.039265,Dubai-14c5,-28,22,Normal
2026-02-17 09:00:49.039265,Dubai-14c5,-4,1,Normal
2026-02-17 09:00:50.039265,Dubai-14c5,-29,9,Normal
2026-02-17 09:00:51.039265,Dubai-14c5,46,69,Normal
2026-02-17 09:00:52.039265,Dubai-14c5,-4,35,Normal
2026-02-17 09:00:53.039265,Dubai-14c5,-11,84,Normal
2026-02-17 09:00:54.039265,Dubai-14c5,21,43,Normal
2026-02-17 09:00:55.039265,Dubai-14c5,-17,26,Normal
2026-02-17 09:00:56.039265,Dubai-14c5,19,61,Normal
2026-02-17 09:00:57.039265,Dubai-14c5,41,87,Normal
2026-02-17 09:00:58.039265,Dubai-14c5,29,51,Normal
2026-02-17 09:00:59.039265,Dubai-14c5,26,6,Normal
2026-02-17 09:01:00.039265,Dubai-14c5,3,2,Normal
2026-02-17 09:01:01.039265,Dubai-14c5,-24,30,Normal
2026-02-17 09:01:02.039265,Dubai-14c5,9,46,Normal
2026-02-17 09:01:03.039265,Dubai-14c5,44,85,Normal
2026-02-17 09:01:04.039265,Dubai-14c5,43,41,Normal
2026-02-17 09:01:05.039265,Dubai-14c5,-19,69,Normal
2026-02-17 09:01:06.039265,Dubai-14c5,42,30,Normal
2026-02-17 09:01:07.039265,Dubai-14c5,0,7,Normal
2026-02-17 09:01:08.039265,Dubai-14c5,-28,70,Normal
2026-02-17 09:01:09.039265,Dubai-14c5,19,60,Normal
2026-02-17 09:01:10.039265,Dubai-14c5,22,23,Normal
2026-02-17 09:01:11.039265,Dubai-14c5,43,12,Normal
2026-02-17 09:01:12.039265,Dubai-14c5,-29,21,Normal
2026-02-17 09:01:13.039265,Dubai-14c5,-15,71,Normal
2026-02-17 09:01:14.039265,Dubai-14c5,3,93,Normal
2026-02-17 09:01:15.039265,Dubai-14c5,-22,13,Normal
2026-02-17 09:01:16.039265,Dubai-14c5,6,28,Normal
2026-02-17 09:01:17.039265,Dubai-14c5,40,43,Normal
2026-02-17 09:01:18.039265,Dubai-14c5,46,48,Normal
2026-02-17 09:01:19.039265,Dubai-14c5,-19,31,Normal
2026-02-17 09:01:20.039265,Dubai-14c5,14,7,Normal
2026-02-17 09:01:21.039265,Dubai-14c5,-29,23,Normal
2026-02-17 09:01:22.039265,Dubai-14c5,22,26,Normal
2026-02-17 09:01:23.039265,Dubai-14c5,6,9,Normal
2026-02-17 09:01:24.039265,Dubai-14c5,-30,62,Normal
2026-02-17 09:01:25.039265,Dubai-14c5,-17,85,Normal
2026-02-17 09:01:26.039265,Dubai-14c5,-4,60,Normal
2026-02-17 09:01:27.039265,Dubai-14c5,-30,0,Normal
2026-02-17 09:01:28.039265,Dubai-14c5,36,44,Normal
2026-02-17 09:01:29.039265,Dubai-14c5,22,94,Normal
2026-02-17 09:01:30.039265,Dubai-14c5,10,63,Normal
2026-02-17 09:01:31.039265,Dubai-14c5,-18,100,Normal
2026-02-17 09:01:32.039265,Dubai-14c5,5,55,Normal
2026-02-17 09:01:33.039265,Dubai-14c5,8,51,Normal
2026-02-17 09:01:34.039265,Dubai-14c5,-19,32,Normal
2026-02-17 09:01:35.039265,Dubai-14c5,40,89,Normal
2026-02-17 09:01:36.039265,Dubai-14c5,12,18,Normal
2026-02-17 09:01:37.039265,Dubai-14c5,-9,40,Normal
2026-02-17 09:01:38.039265,Dubai-14c5,26,3,Normal
2026-02-17 09:01:39.039265,Dubai-14c5,37,68,Normal
2026-02-17 09:01:40.039265,Dubai-14c5,40,89,Normal
2026-02-17 09:01:41.039265,Dubai-14c5,49,28,Normal
2026-02-17 09:01:42.039265,Dubai-14c5,-28,70,Normal
2026-02-17 09:01:43.039265,Dubai-14c5,44,85,Normal
2026-02-17 09:01:44.039265,Dubai-14c5,19,77,Normal
2026-02-17 09:01:45.039265,Dubai-14c5,34,92,Normal
2026-02-17 09:01:46.039265,Dubai-14c5,-6,68,Normal
2026-02-17 09:01:47.039265,Dubai-14c5,-21,87,Normal
2026-02-17 09:01:48.039265,Dubai-14c5,42,59,Normal
2026-02-17 09:01:49.039265,Dubai-14c5,42,0,Normal
2026-02-17 09:01:50.039265,Dubai-14c5,-1,4,Normal
2026-02-17 09:01:51.039265,Dubai-14c5,-15,26,Normal
2026-02-17 09:01:52.039265,Dubai-14c5,14,30,Normal
2026-02-17 09:01:53.039265,Dubai-14c5,-24,96,Normal
2026-02-17 09:01:54.039265,Dubai-14c5,16,95,Normal
2026-02-17 09:01:55.039265,Dubai-14c5,37,37,Normal
2026-02-17 09:01:56.039265,Dubai-14c5,-2,83,Normal
2026-02-17 09:01:57.039265,Dubai-14c5,37,19,Normal
2026-02-17 09:01:58.039265,Dubai-14c5,41,59,Normal
2026-02-17 09:01:59.039265,Dubai-14c5,31,87,Normal
2026-02-17 09:02:00.039265,Dubai-14c5,19,67,Normal
2026-02-17 09:02:01.039265,Dubai-14c5,43,79,Normal
2026-02-17 09:02:02.039265,Dubai-14c5,-22,45,Normal
2026-02-17 09:02:03.039265,Dubai-14c5,10,81,Normal
2026-02-17 09:02:04.039265,Dubai-14c5,25,67,Normal
2026-02-17 09:02:05.039265,Dubai-14c5,13,40,Normal
2026-02-17 09:02:06.039265,Dubai-14c5,43,52,Normal
2026-02-17 09:02:07.039265,Dubai-14c5,10,13,Normal
2026-02-17 09:02:08.039265,Dubai-14c5,-10,20,Normal
2026-02-17 09:02:09.039265,Dubai-14c5,33,91,Normal
2026-02-17 09:02:10.039265,Dubai-14c5,27,97,Normal
2026-02-17 09:02:11.039265,Dubai-14c5,17,5,Normal
2026-02-17 09:02:12.039265,Dubai-14c5,-19,14,Normal
2026-02-17 09:02:13.039265,Dubai-14c5,-9,52,Normal
2026-02-17 09:02:14.039265,Dubai-14c5,28,72,Normal
2026-02-17 09:02:15.039265,Dubai-14c5,20,31,Normal
2026-02-17 09:02:16.039265,Dubai-14c5,-10,100,Normal
2026-02-17 09:02:17.039265,Dubai-14c5,44,14,Normal
2026-02-17 09:02:18.039265,Dubai-14c5,-11,24,Normal
2026-02-17 09:02:19.039265,Dubai-14c5,-15,30,Normal
2026-02-17 09:02:20.039265,Dubai-14c5,5,32,Normal
2026-02-17 09:02:21.039265,Dubai-14c5,-22,68,Normal
2026-02-17 09:02:22.039265,Dubai-14c5,25,80,Normal
2026-02-17 09:02:23.039265,Dubai-14c5,44,31,Normal
2026-02-17 09:02:24.039265,Dubai-14c5,33,76,Normal
2026-02-17 09:02:25.039265,Dubai-14c5,27,34,Normal
2026-02-17 09:02:26.039265,Dubai-14c5,27,68,Normal
2026-02-17 09:02:27.039265,Dubai-14c5,28,81,Normal
2026-02-17 09:02:28.039265,Dubai-14c5,18,55,Normal
2026-02-17 09:02:29.039265,Dubai-14c5,-9,12,Normal
2026-02-17 09:02:30.039265,Dubai-14c5,26,84,Normal
2026-02-17 09:02:31.039265,Dubai-14c5,-21,75,Normal
2026-02-17 09:02:32.039265,Dubai-14c5,-28,52,Normal
2026-02-17 09:02:33.039265,Dubai-14c5,-25,25,Normal
2026-02-17 09:02:34.039265,Dubai-14c5,0,89,Normal
2026-02-17 09:02:35.039265,Dubai-14c5,-26,14,Normal
2026-02-17 09:02:36.039265,Dubai-14c5,34,75,Normal
2026-02-17 09:02:37.039265,Dubai-14c5,32,62,Normal
2026-02-17 09:02:38.039265,Dubai-14c5,27,53,Normal
2026-02-17 09:02:39.039265,Dubai-14c5,15,93,Normal
2026-02-17 09:02:40.039265,Dubai-14c5,41,27,Normal
2026-02-17 09:02:41.039265,Dubai-14c5,37,38,Normal
2026-02-17 09:02:42.039265,Dubai-14c5,46,30,Normal
2026-02-17 09:02:43.039265,Dubai-14c5,21,91,Normal
2026-02-17 09:02:44.039265,Dubai-14c5,19,13,Normal
2026-02-17 09:02:45.039265,Dubai-14c5,-3,16,Normal
2026-02-17 09:02:46.039265,Dubai-14c5,40,54,Normal
2026-02-17 09:02:47.039265,Dubai-14c5,12,100,Normal
2026-02-17 09:02:48.039265,Dubai-14c5,-6,36,Normal
2026-02-17 09:02:49.039265,Dubai-14c5,-10,22,Normal
2026-02-17 09:02:50.039265,Dubai-14c5,-12,99,Normal
2026-02-17 09:02:51.039265,Dubai-14c5,28,74,Normal
2026-02-17 09:02:52.039265,Dubai-14c5,-6,68,Normal
2026-02-17 09:02:53.039265,Dubai-14c5,-5,63,Normal
2026-02-17 09:02:54.039265,Dubai-14c5,17,98,Normal
2026-02-17 09:02:55.039265,Dubai-14c5,37,11,Normal
2026-02-17 09:02:56.039265,Dubai-14c5,22,1,Normal
2026-02-17 09:02:57.039265,Dubai-14c5,47,45,Normal
2026-02-17 09:02:58.039265,Dubai-14c5,0,23,Normal
2026-02-17 09:02:59.039265,Dubai-14c5,-27,79,Normal
2026-02-17 09:03:00.039265,Dubai-14c5,26,22,Normal
2026-02-17 09:03:01.039265,Dubai-14c5,-11,88,Normal
2026-02-17 09:03:02.039265,Dubai-14c5,-26,69,Normal
2026-02-17 09:03:03.039265,Dubai-14c5,29,4,Normal
2026-02-17 09:03:04.039265,Dubai-14c5,27,89,Normal
2026-02-17 09:03:05.039265,Dubai-14c5,13,75,Normal
2026-02-17 09:03:06.039265,Dubai-14c5,-27,35,Normal
2026-02-17 09:03:07.039265,Dubai-14c5,-12,22,Normal
2026-02-17 09:03:08.039265,Dubai-14c5,-19,28,Normal
2026-02-17 09:03:09.039265,Dubai-14c5,45,13,Normal
2026-02-17 09:03:10.039265,Dubai-14c5,-8,97,Normal
2026-02-17 09:03:11.039265,Dubai-14c5,-17,50,Normal
2026-02-17 09:03:12.039265,Dubai-14c5,8,44,Normal
2026-02-17 09:03:13.039265,Dubai-14c5,44,75,Normal
2026-02-17 09:03:14.039265,Dubai-14c5,42,58,Normal
2026-02-17 09:03:15.039265,Dubai-14c5,-26,58,Normal
2026-02-17 09:03:16.039265,Dubai-14c5,-25,65,Normal
2026-02-17 09:03:17.039265,Dubai-14c5,8,54,Normal
2026-02-17 09:03:18.039265,Dubai-14c5,4,31,Normal
2026-02-17 09:03:19.039265,Dubai-14c5,31,61,Normal
2026-02-17 09:03:20.039265,Dubai-14c5,32,53,Normal
2026-02-17 09:03:21.039265,Dubai-14c5,39,88,Normal
2026-02-17 09:03:22.039265,Dubai-14c5,-4,95,Normal
2026-02-17 09:03:23.039265,Dubai-14c5,49,2,Normal
2026-02-17 09:03:24.039265,Dubai-14c5,22,61,Normal
2026-02-17 09:03:25.039265,Dubai-14c5,-5,39,Normal
2026-02-17 09:03:26.039265,Dubai-14c5,-1,87,Normal
2026-02-17 09:03:27.039265,Dubai-14c5,-27,78,Normal
2026-02-17 09:03:28.039265,Dubai-14c5,-11,21,Normal
2026-02-17 09:03:29.039265,Dubai-14c5,-13,28,Normal
2026-02-17 09:03:30.039265,Dubai-14c5,15,70,Normal
2026-02-17 09:03:31.039265,Dubai-14c5,-29,84,Normal
2026-02-17 09:03:32.039265,Dubai-14c5,-23,11,Normal
2026-02-17 09:03:33.039265,Dubai-14c5,8,5,Normal
2026-02-17 09:03:34.039265,Dubai-14c5,36,11,Normal
2026-02-17 09:03:35.039265,Dubai-14c5,-11,13,Normal
2026-02-17 09:03:36.039265,Dubai-14c5,24,77,Normal
2026-02-17 09:03:37.039265,Dubai-14c5,-23,69,Normal
2026-02-17 09:03:38.039265,Dubai-14c5,26,97,Normal
2026-02-17 09:03:39.039265,Dubai-14c5,-7,90,Normal
2026-02-17 09:03:40.039265,Dubai-14c5,-9,56,Normal
2026-02-17 09:03:41.039265,Dubai-14c5,18,5,Normal
2026-02-17 09:03:42.039265,Dubai-14c5,37,89,Normal
2026-02-17 09:03:43.039265,Dubai-14c5,-7,91,Normal
2026-02-17 09:03:44.039265,Dubai-14c5,24,81,Normal
2026-02-17 09:03:45.039265,Dubai-14c5,33,53,Normal
2026-02-17 09:03:46.039265,Dubai-14c5,30,8,Normal
2026-02-17 09:03:47.039265,Dubai-14c5,37,4,Normal
2026-02-17 09:03:48.039265,Dubai-14c5,-6,7,Normal
2026-02-17 09:03:49.039265,Dubai-14c5,-9,61,Normal
2026-02-17 09:03:50.039265,Dubai-14c5,29,1,Normal
2026-02-17 09:03:51.039265,Dubai-14c5,46,83,Normal
2026-02-17 09:03:52.039265,Dubai-14c5,21,59,Normal
2026-02-17 09:03:53.039265,Dubai-14c5,9,21,Normal
2026-02-17 09:03:54.039265,Dubai-14c5,-21,92,Normal
2026-02-17 09:03:55.039265,Dubai-14c5,3,67,Normal
2026-02-17 09:03:56.039265,Dubai-14c5,-18,28,Normal
2026-02-17 09:03:57.039265,Dubai-14c5,-8,26,Normal
2026-02-17 09:03:58.039265,Dubai-14c5,-23,35,Normal
2026-02-17 09:03:59.039265,Dubai-14c5,34,84,Normal
2026-02-17 09:04:00.039265,Dubai-14c5,-3,5,Normal
2026-02-17 09:04:01.039265,Dubai-14c5,18,77,Normal
2026-02-17 09:04:02.039265,Dubai-14c5,48,4,Normal
2026-02-17 09:04:03.039265,Dubai-14c5,11,20,Normal
2026-02-17 09:04:04.039265,Dubai-14c5,-2,73,Normal
2026-02-17 09:04:05.039265,Dubai-14c5,14,2,Normal
2026-02-17 09:04:06.039265,Dubai-14c5,17,8,Normal
2026-02-17 09:04:07.039265,Dubai-14c5,25,27,Normal
2026-02-17 09:04:08.039265,Dubai-14c5,19,92,Normal
2026-02-17 09:04:09.039265,Dubai-14c5,40,55,Normal
2026-02-17 09:04:10.039265,Dubai-14c5,35,99,Normal
2026-02-17 09:04:11.039265,Dubai-14c5,41,67,Normal
2026-02-17 09:04:12.039265,Dubai-14c5,12,81,Normal
2026-02-17 09:04:13.039265,Dubai-14c5,13,53,Normal
2026-02-17 09:04:14.039265,Dubai-14c5,12,62,Normal
2026-02-17 09:04:15.039265,Dubai-14c5,-2,13,Normal
2026-02-17 09:04:16.039265,Dubai-14c5,-5,5,Normal
2026-02-17 09:04:17.039265,Dubai-14c5,48,99,Normal
2026-02-17 09:04:18.039265,Dubai-14c5,-20,32,Normal
2026-02-17 09:04:19.039265,Dubai-14c5,-21,80,Normal
2026-02-17 09:04:20.039265,Dubai-14c5,42,80,Normal
2026-02-17 09:04:21.039265,Dubai-14c5,44,81,Normal
2026-02-17 09:04:22.039265,Dubai-14c5,5,41,Normal
2026-02-17 09:04:23.039265,Dubai-14c5,-20,14,Normal
2026-02-17 09:04:24.039265,Dubai-14c5,41,88,Normal
2026-02-17 09:04:25.039265,Dubai-14c5,42,74,Normal
2026-02-17 09:04:26.039265,Dubai-14c5,50,86,Normal
2026-02-17 09:04:27.039265,Dubai-14c5,7,56,Normal
2026-02-17 09:04:28.039265,Dubai-14c5,4,81,Normal
2026-02-17 09:04:29.039265,Dubai-14c5,2,74,Normal
2026-02-17 09:04:30.039265,Dubai-14c5,43,69,Normal
2026-02-17 09:04:31.039265,Dubai-14c5,48,87,Normal
2026-02-17 09:04:32.039265,Dubai-14c5,-10,29,Normal
2026-02-17 09:04:33.039265,Dubai-14c5,47,19,Normal
2026-02-17 09:04:34.039265,Dubai-14c5,29,98,Normal
2026-02-17 09:04:35.039265,Dubai-14c5,13,47,Normal
2026-02-17 09:04:36.039265,Dubai-14c5,43,58,Normal
2026-02-17 09:04:37.039265,Dubai-14c5,27,2,Normal
2026-02-17 09:04:38.039265,Dubai-14c5,-18,58,Normal
2026-02-17 09:04:39.039265,Dubai-14c5,-18,97,Normal
2026-02-17 09:04:40.039265,Dubai-14c5,37,36,Normal
2026-02-17 09:04:41.039265,Dubai-14c5,39,46,Normal
2026-02-17 09:04:42.039265,Dubai-14c5,-9,96,Normal
2026-02-17 09:04:43.039265,Dubai-14c5,32,79,Normal
2026-02-17 09:04:44.039265,Dubai-14c5,-6,33,Normal
2026-02-17 09:04:45.039265,Dubai-14c5,48,67,Normal
2026-02-17 09:04:46.039265,Dubai-14c5,18,99,Normal
2026-02-17 09:04:47.039265,Dubai-14c5,7,78,Normal
2026-02-17 09:04:48.039265,Dubai-14c5,-7,44,Normal
2026-02-17 09:04:49.039265,Dubai-14c5,-30,55,Normal
2026-02-17 09:04:50.039265,Dubai-14c5,-7,48,Normal
2026-02-17 09:04:51.039265,Dubai-14c5,25,12,Normal
2026-02-17 09:04:52.039265,Dubai-14c5,10,1,Normal
2026-02-17 09:04:53.039265,Dubai-14c5,19,38,Normal
2026-02-17 09:04:54.039265,Dubai-14c5,27,58,Normal
2026-02-17 09:04:55.039265,Dubai-14c5,-12,81,Normal
2026-02-17 09:04:56.039265,Dubai-14c5,26,44,Normal
2026-02-17 09:04:57.039265,Dubai-14c5,26,96,Normal
2026-02-17 09:04:58.039265,Dubai-14c5,38,77,Normal
2026-02-17 09:04:59.039265,Dubai-14c5,-19,26,Normal
2026-02-17 09:05:00.039265,Dubai-14c5,50,55,Normal
2026-02-17 09:05:01.039265,Dubai-14c5,16,57,Normal
2026-02-17 09:05:02.039265,Dubai-14c5,-12,21,Normal
2026-02-17 09:05:03.039265,Dubai-14c5,-6,56,Normal
2026-02-17 09:05:04.039265,Dubai-14c5,-25,60,Normal
2026-02-17 09:05:05.039265,Dubai-14c5,-13,54,Normal
2026-02-17 09:05:06.039265,Dubai-14c5,15,14,Normal
2026-02-17 09:05:07.039265,Dubai-14c5,-22,74,Normal
2026-02-17 09:05:08.039265,Dubai-14c5,-11,13,Normal
2026-02-17 09:05:09.039265,Dubai-14c5,13,18,Normal
2026-02-17 09:05:10.039265,Dubai-14c5,-22,50,Normal
2026-02-17 09:05:11.039265,Dubai-14c5,-3,55,Normal
2026-02-17 09:05:12.039265,Dubai-14c5,6,38,Normal
2026-02-17 09:05:13.039265,Dubai-14c5,5,71,Normal
2026-02-17 09:05:14.039265,Dubai-14c5,49,12,Normal
2026-02-17 09:05:15.039265,Dubai-14c5,41,10,Normal
2026-02-17 09:05:16.039265,Dubai-14c5,39,33,Normal
2026-02-17 09:05:17.039265,Dubai-14c5,-3,17,Normal
2026-02-17 09:05:18.039265,Dubai-14c5,-23,94,Normal
2026-02-17 09:05:19.039265,Dubai-14c5,15,12,Normal
2026-02-17 09:05:20.039265,Dubai-14c5,-6,48,Normal
2026-02-17 09:05:21.039265,Dubai-14c5,-24,11,Normal
2026-02-17 09:05:22.039265,Dubai-14c5,-21,75,Normal
2026-02-17 09:05:23.039265,Dubai-14c5,16,18,Normal
2026-02-17 09:05:24.039265,Dubai-14c5,50,63,Normal
2026-02-17 09:05:25.039265,Dubai-14c5,-12,44,Normal
2026-02-17 09:05:26.039265,Dubai-14c5,-24,95,Normal
2026-02-17 09:05:27.039265,Dubai-14c5,4,54,Normal
2026-02-17 09:05:28.039265,Dubai-14c5,43,43,Normal
2026-02-17 09:05:29.039265,Dubai-14c5,25,4,Normal
2026-02-17 09:05:30.039265,Dubai-14c5,-4,55,Normal
2026-02-17 09:05:31.039265,Dubai-14c5,-17,37,Normal
2026-02-17 09:05:32.039265,Dubai-14c5,-15,36,Normal
2026-02-17 09:05:33.039265,Dubai-14c5,-24,40,Normal
2026-02-17 09:05:34.039265,Dubai-14c5,28,38,Normal
2026-02-17 09:05:35.039265,Dubai-14c5,48,58,Normal
2026-02-17 09:05:36.039265,Dubai-14c5,18,63,Normal
2026-02-17 09:05:37.039265,Dubai-14c5,32,39,Normal
2026-02-17 09:05:38.039265,Dubai-14c5,11,42,Normal
2026-02-17 09:05:39.039265,Dubai-14c5,43,38,Normal
2026-02-17 09:05:40.039265,Dubai-14c5,-10,2,Normal
2026-02-17 09:05:41.039265,Dubai-14c5,39,20,Normal
2026-02-17 09:05:42.039265,Dubai-14c5,-24,38,Normal
2026-02-17 09:05:43.039265,Dubai-14c5,38,41,Normal
2026-02-17 09:05:44.039265,Dubai-14c5,-5,67,Normal
2026-02-17 09:05:45.039265,Dubai-14c5,22,30,Normal
2026-02-17 09:05:46.039265,Dubai-14c5,22,35,Normal
2026-02-17 09:05:47.039265,Dubai-14c5,-24,6,Normal
2026-02-17 09:05:48.039265,Dubai-14c5,-9,76,Normal
2026-02-17 09:05:49.039265,Dubai-14c5,29,30,Normal
2026-02-17 09:05:50.039265,Dubai-14c5,-10,60,Normal
2026-02-17 09:05:51.039265,Dubai-14c5,13,13,Normal
2026-02-17 09:05:52.039265,Dubai-14c5,20,18,Normal
2026-02-17 09:05:53.039265,Dubai-14c5,0,41,Normal
2026-02-17 09:05:54.039265,Dubai-14c5,-19,14,Normal
2026-02-17 09:05:55.039265,Dubai-14c5,17,92,Normal
2026-02-17 09:05:56.039265,Dubai-14c5,3,13,Normal
2026-02-17 09:05:57.039265,Dubai-14c5,36,26,Normal
2026-02-17 09:05:58.039265,Dubai-14c5,-10,6,Normal
2026-02-17 09:05:59.039265,Dubai-14c5,3,6,Normal
2026-02-17 09:06:00.039265,Dubai-14c5,28,7,Normal
2026-02-17 09:06:01.039265,Dubai-14c5,48,9,Normal
2026-02-17 09:06:02.039265,Dubai-14c5,-8,26,Normal
2026-02-17 09:06:03.039265,Dubai-14c5,24,1,Normal
2026-02-17 09:06:04.039265,Dubai-14c5,39,12,Normal
2026-02-17 09:06:05.039265,Dubai-14c5,-11,79,Normal
2026-02-17 09:06:06.039265,Dubai-14c5,-28,26,Normal
2026-02-17 09:06:07.039265,Dubai-14c5,-29,93,Normal
2026-02-17 09:06:08.039265,Dubai-14c5,45,92,Normal
2026-02-17 09:06:09.039265,Dubai-14c5,-18,36,Normal
2026-02-17 09:06:10.039265,Dubai-14c5,-14,21,Normal
2026-02-17 09:06:11.039265,Dubai-14c5,40,64,Normal
2026-02-17 09:06:12.039265,Dubai-14c5,40,57,Normal
2026-02-17 09:06:13.039265,Dubai-14c5,47,28,Normal
2026-02-17 09:06:14.039265,Dubai-14c5,22,78,Normal
2026-02-17 09:06:15.039265,Dubai-14c5,-19,39,Normal
2026-02-17 09:06:16.039265,Dubai-14c5,6,15,Normal
2026-02-17 09:06:17.039265,Dubai-14c5,-21,47,Normal
2026-02-17 09:06:18.039265,Dubai-14c5,-4,98,Normal
2026-02-17 09:06:19.039265,Dubai-14c5,-9,95,Normal
2026-02-17 09:06:20.039265,Dubai-14c5,-3,75,Normal
2026-02-17 09:06:21.039265,Dubai-14c5,17,12,Normal
2026-02-17 09:06:22.039265,Dubai-14c5,21,58,Normal
2026-02-17 09:06:23.039265,Dubai-14c5,11,87,Normal
2026-02-17 09:06:24.039265,Dubai-14c5,43,29,Normal
2026-02-17 09:06:25.039265,Dubai-14c5,23,55,Normal
2026-02-17 09:06:26.039265,Dubai-14c5,-27,12,Normal
2026-02-17 09:06:27.039265,Dubai-14c5,-20,68,Normal
2026-02-17 09:06:28.039265,Dubai-14c5,-20,40,Normal
2026-02-17 09:06:29.039265,Dubai-14c5,-19,65,Normal
2026-02-17 09:06:30.039265,Dubai-14c5,37,86,Normal
2026-02-17 09:06:31.039265,Dubai-14c5,16,97,Normal
2026-02-17 09:06:32.039265,Dubai-14c5,-5,6,Normal
2026-02-17 09:06:33.039265,Dubai-14c5,-15,0,Normal
2026-02-17 09:06:34.039265,Dubai-14c5,49,62,Normal
2026-02-17 09:06:35.039265,Dubai-14c5,25,32,Normal
2026-02-17 09:06:36.039265,Dubai-14c5,-17,96,Normal
2026-02-17 09:06:37.039265,Dubai-14c5,39,17,Normal
2026-02-17 09:06:38.039265,Dubai-14c5,-13,1,Normal
2026-02-17 09:06:39.039265,Dubai-14c5,20,49,Normal
2026-02-17 09:06:40.039265,Dubai-14c5,-16,25,Normal
2026-02-17 09:06:41.039265,Dubai-14c5,-15,84,Normal
2026-02-17 09:06:42.039265,Dubai-14c5,33,79,Normal
2026-02-17 09:06:43.039265,Dubai-14c5,45,50,Normal
2026-02-17 09:06:44.039265,Dubai-14c5,0,97,Normal
2026-02-17 09:06:45.039265,Dubai-14c5,26,82,Normal
2026-02-17 09:06:46.039265,Dubai-14c5,-5,41,Normal
2026-02-17 09:06:47.039265,Dubai-14c5,43,6,Normal
2026-02-17 09:06:48.039265,Dubai-14c5,-15,72,Normal
2026-02-17 09:06:49.039265,Dubai-14c5,-30,76,Normal
2026-02-17 09:06:50.039265,Dubai-14c5,-10,90,Normal
2026-02-17 09:06:51.039265,Dubai-14c5,33,99,Normal
2026-02-17 09:06:52.039265,Dubai-14c5,12,91,Normal
2026-02-17 09:06:53.039265,Dubai-14c5,-4,22,Normal
2026-02-17 09:06:54.039265,Dubai-14c5,18,78,Normal
2026-02-17 09:06:55.039265,Dubai-14c5,1,23,Normal
2026-02-17 09:06:56.039265,Dubai-14c5,-1,15,Normal
2026-02-17 09:06:57.039265,Dubai-14c5,-7,70,Normal
2026-02-17 09:06:58.039265,Dubai-14c5,45,69,Normal
2026-02-17 09:06:59.039265,Dubai-14c5,36,11,Normal
2026-02-17 09:07:00.039265,Dubai-14c5,17,66,Normal
2026-02-17 09:07:01.039265,Dubai-14c5,43,15,Normal
2026-02-17 09:07:02.039265,Dubai-14c5,-22,61,Normal
2026-02-17 09:07:03.039265,Dubai-14c5,16,66,Normal
2026-02-17 09:07:04.039265,Dubai-14c5,-27,18,Normal
2026-02-17 09:07:05.039265,Dubai-14c5,23,98,Normal
2026-02-17 09:07:06.039265,Dubai-14c5,42,36,Normal
2026-02-17 09:07:07.039265,Dubai-14c5,48,43,Normal
2026-02-17 09:07:08.039265,Dubai-14c5,-13,81,Normal
2026-02-17 09:07:09.039265,Dubai-14c5,-9,26,Normal
2026-02-17 09:07:10.039265,Dubai-14c5,-16,93,Normal
2026-02-17 09:07:11.039265,Dubai-14c5,12,37,Normal
2026-02-17 09:07:12.039265,Dubai-14c5,14,88,Normal
2026-02-17 09:07:13.039265,Dubai-14c5,41,8,Normal
2026-02-17 09:07:14.039265,Dubai-14c5,-28,8,Normal
2026-02-17 09:07:15.039265,Dubai-14c5,-28,5,Normal
2026-02-17 09:07:16.039265,Dubai-14c5,-7,59,Normal
2026-02-17 09:07:17.039265,Dubai-14c5,-3,18,Normal
2026-02-17 09:07:18.039265,Dubai-14c5,0,27,Normal
2026-02-17 09:07:19.039265,Dubai-14c5,-13,80,Normal
2026-02-17 09:07:20.039265,Dubai-14c5,-9,46,Normal
2026-02-17 09:07:21.039265,Dubai-14c5,23,66,Normal
2026-02-17 09:07:22.039265,Dubai-14c5,41,96,Normal
2026-02-17 09:07:23.039265,Dubai-14c5,32,16,Normal
2026-02-17 09:07:24.039265,Dubai-14c5,34,39,Normal
2026-02-17 09:07:25.039265,Dubai-14c5,-29,72,Normal
2026-02-17 09:07:26.039265,Dubai-14c5,44,40,Normal
2026-02-17 09:07:27.039265,Dubai-14c5,31,80,Normal
2026-02-17 09:07:28.039265,Dubai-14c5,-12,35,Normal
2026-02-17 09:07:29.039265,Dubai-14c5,7,83,Normal
2026-02-17 09:07:30.039265,Dubai-14c5,3,74,Normal
2026-02-17 09:07:31.039265,Dubai-14c5,-17,24,Normal
2026-02-17 09:07:32.039265,Dubai-14c5,29,79,Normal
2026-02-17 09:07:33.039265,Dubai-14c5,27,27,Normal
2026-02-17 09:07:34.039265,Dubai-14c5,-12,3,Normal
2026-02-17 09:07:35.039265,Dubai-14c5,35,0,Normal
2026-02-17 09:07:36.039265,Dubai-14c5,27,55,Normal
2026-02-17 09:07:37.039265,Dubai-14c5,15,45,Normal
2026-02-17 09:07:38.039265,Dubai-14c5,2,16,Normal
2026-02-17 09:07:39.039265,Dubai-14c5,-21,13,Normal
2026-02-17 09:07:40.039265,Dubai-14c5,34,27,Normal
2026-02-17 09:07:41.039265,Dubai-14c5,-29,45,Normal
2026-02-17 09:07:42.039265,Dubai-14c5,-25,57,Normal
2026-02-17 09:07:43.039265,Dubai-14c5,21,18,Normal
2026-02-17 09:07:44.039265,Dubai-14c5,30,83,Normal
2026-02-17 09:07:45.039265,Dubai-14c5,36,44,Normal
2026-02-17 09:07:46.039265,Dubai-14c5,-27,54,Normal
2026-02-17 09:07:47.039265,Dubai-14c5,15,25,Normal
2026-02-17 09:07:48.039265,Dubai-14c5,-17,16,Normal
2026-02-17 09:07:49.039265,Dubai-14c5,4,61,Normal
2026-02-17 09:07:50.039265,Dubai-14c5,3,3,Normal
2026-02-17 09:07:51.039265,Dubai-14c5,0,2,Normal
2026-02-17 09:07:52.039265,Dubai-14c5,21,69,Normal
2026-02-17 09:07:53.039265,Dubai-14c5,0,46,Normal
2026-02-17 09:07:54.039265,Dubai-14c5,32,37,Normal
2026-02-17 09:07:55.039265,Dubai-14c5,23,27,Normal
2026-02-17 09:07:56.039265,Dubai-14c5,6,15,Normal
2026-02-17 09:07:57.039265,Dubai-14c5,-23,27,Normal
2026-02-17 09:07:58.039265,Dubai-14c5,33,66,Normal
2026-02-17 09:07:59.039265,Dubai-14c5,-2,75,Normal
2026-02-17 09:08:00.039265,Dubai-14c5,19,18,Normal
2026-02-17 09:08:01.039265,Dubai-14c5,-29,84,Normal
2026-02-17 09:08:02.039265,Dubai-14c5,10,10,Normal
2026-02-17 09:08:03.039265,Dubai-14c5,-6,57,Normal
2026-02-17 09:08:04.039265,Dubai-14c5,42,32,Normal
2026-02-17 09:08:05.039265,Dubai-14c5,9,87,Normal
2026-02-17 09:08:06.039265,Dubai-14c5,11,66,Normal
2026-02-17 09:08:07.039265,Dubai-14c5,-8,21,Normal
2026-02-17 09:08:08.039265,Dubai-14c5,16,13,Normal
2026-02-17 09:08:09.039265,Dubai-14c5,41,11,Normal
2026-02-17 09:08:10.039265,Dubai-14c5,-8,42,Normal
2026-02-17 09:08:11.039265,Dubai-14c5,7,81,Normal
2026-02-17 09:08:12.039265,Dubai-14c5,13,90,Normal
2026-02-17 09:08:13.039265,Dubai-14c5,25,40,Normal
2026-02-17 09:08:14.039265,Dubai-14c5,-17,100,Normal
2026-02-17 09:08:15.039265,Dubai-14c5,31,0,Normal
2026-02-17 09:08:16.039265,Dubai-14c5,-5,67,Normal
2026-02-17 09:08:17.039265,Dubai-14c5,36,74,Normal
2026-02-17 09:08:18.039265,Dubai-14c5,41,15,Normal
2026-02-17 09:08:19.039265,Dubai-14c5,24,84,Normal
2026-02-17 09:08:20.039265,Dubai-14c5,4,25,Normal
2026-02-17 09:08:21.039265,Dubai-14c5,-21,51,Normal
2026-02-17 09:08:22.039265,Dubai-14c5,-12,51,Normal
2026-02-17 09:08:23.039265,Dubai-14c5,36,75,Normal
2026-02-17 09:08:24.039265,Dubai-14c5,5,92,Normal
2026-02-17 09:08:25.039265,Dubai-14c5,37,42,Normal
2026-02-17 09:08:26.039265,Dubai-14c5,35,29,Normal
2026-02-17 09:08:27.039265,Dubai-14c5,8,72,Normal
2026-02-17 09:08:28.039265,Dubai-14c5,48,14,Normal
2026-02-17 09:08:29.039265,Dubai-14c5,14,56,Normal
2026-02-17 09:08:30.039265,Dubai-14c5,24,67,Normal
2026-02-17 09:08:31.039265,Dubai-14c5,1,68,Normal
2026-02-17 09:08:32.039265,Dubai-14c5,-12,3,Normal
2026-02-17 09:08:33.039265,Dubai-14c5,-7,90,Normal
2026-02-17 09:08:34.039265,Dubai-14c5,43,18,Normal
2026-02-17 09:08:35.039265,Dubai-14c5,-1,13,Normal
2026-02-17 09:08:36.039265,Dubai-14c5,-27,2,Normal
2026-02-17 09:08:37.039265,Dubai-14c5,-17,74,Normal
2026-02-17 09:08:38.039265,Dubai-14c5,43,71,Normal
2026-02-17 09:08:39.039265,Dubai-14c5,48,51,Normal
2026-02-17 09:08:40.039265,Dubai-14c5,39,100,Normal
2026-02-17 09:08:41.039265,Dubai-14c5,42,54,Normal
2026-02-17 09:08:42.039265,Dubai-14c5,28,32,Normal
2026-02-17 09:08:43.039265,Dubai-14c5,5,99,Normal
2026-02-17 09:08:44.039265,Dubai-14c5,-30,36,Normal
2026-02-17 09:08:45.039265,Dubai-14c5,42,67,Normal
2026-02-17 09:08:46.039265,Dubai-14c5,-8,14,Normal
2026-02-17 09:08:47.039265,Dubai-14c5,-11,47,Normal
2026-02-17 09:08:48.039265,Dubai-14c5,-23,35,Normal
2026-02-17 09:08:49.039265,Dubai-14c5,-28,50,Normal
2026-02-17 09:08:50.039265,Dubai-14c5,1,12,Normal
2026-02-17 09:08:51.039265,Dubai-14c5,10,48,Normal
2026-02-17 09:08:52.039265,Dubai-14c5,18,72,Normal
2026-02-17 09:08:53.039265,Dubai-14c5,5,97,Normal
2026-02-17 09:08:54.039265,Dubai-14c5,-29,23,Normal
2026-02-17 09:08:55.039265,Dubai-14c5,20,38,Normal
2026-02-17 09:08:56.039265,Dubai-14c5,21,2,Normal
2026-02-17 09:08:57.039265,Dubai-14c5,0,83,Normal
2026-02-17 09:08:58.039265,Dubai-14c5,-6,91,Normal
2026-02-17 09:08:59.039265,Dubai-14c5,-6,95,Normal
2026-02-17 09:09:00.039265,Dubai-14c5,39,22,Normal
2026-02-17 09:09:01.039265,Dubai-14c5,12,97,Normal
2026-02-17 09:09:02.039265,Dubai-14c5,-15,47,Normal
2026-02-17 09:09:03.039265,Dubai-14c5,7,42,Normal
2026-02-17 09:09:04.039265,Dubai-14c5,-17,97,Normal
2026-02-17 09:09:05.039265,Dubai-14c5,-25,15,Normal
2026-02-17 09:09:06.039265,Dubai-14c5,0,94,Normal
2026-02-17 09:09:07.039265,Dubai-14c5,16,44,Normal
2026-02-17 09:09:08.039265,Dubai-14c5,42,16,Normal
2026-02-17 09:09:09.039265,Dubai-14c5,43,74,Normal
2026-02-17 09:09:10.039265,Dubai-14c5,41,45,Normal
2026-02-17 09:09:11.039265,Dubai-14c5,49,57,Normal
2026-02-17 09:09:12.039265,Dubai-14c5,1,72,Normal
2026-02-17 09:09:13.039265,Dubai-14c5,-3,78,Normal
2026-02-17 09:09:14.039265,Dubai-14c5,46,30,Normal
2026-02-17 09:09:15.039265,Dubai-14c5,41,16,Normal
2026-02-17 09:09:16.039265,Dubai-14c5,27,38,Normal
2026-02-17 09:09:17.039265,Dubai-14c5,14,83,Normal
2026-02-17 09:09:18.039265,Dubai-14c5,-5,45,Normal
2026-02-17 09:09:19.039265,Dubai-14c5,7,12,Normal
2026-02-17 09:09:20.039265,Dubai-14c5,14,92,Normal
2026-02-17 09:09:21.039265,Dubai-14c5,20,78,Normal
2026-02-17 09:09:22.039265,Dubai-14c5,26,63,Normal
2026-02-17 09:09:23.039265,Dubai-14c5,-6,70,Normal
2026-02-17 09:09:24.039265,Dubai-14c5,-24,1,Normal
2026-02-17 09:09:25.039265,Dubai-14c5,24,61,Normal
2026-02-17 09:09:26.039265,Dubai-14c5,45,20,Normal
2026-02-17 09:09:27.039265,Dubai-14c5,-15,13,Normal
2026-02-17 09:09:28.039265,Dubai-14c5,24,93,Normal
2026-02-17 09:09:29.039265,Dubai-14c5,33,38,Normal
2026-02-17 09:09:30.039265,Dubai-14c5,5,91,Normal
2026-02-17 09:09:31.039265,Dubai-14c5,10,14,Normal
2026-02-17 09:09:32.039265,Dubai-14c5,-30,73,Normal
2026-02-17 09:09:33.039265,Dubai-14c5,9,28,Normal
2026-02-17 09:09:34.039265,Dubai-14c5,33,0,Normal
2026-02-17 09:09:35.039265,Dubai-14c5,50,28,Normal
2026-02-17 09:09:36.039265,Dubai-14c5,12,21,Normal
2026-02-17 09:09:37.039265,Dubai-14c5,-26,87,Normal
2026-02-17 09:09:38.039265,Dubai-14c5,-4,12,Normal
2026-02-17 09:09:39.039265,Dubai-14c5,37,51,Normal
2026-02-17 09:09:40.039265,Dubai-14c5,7,60,Normal
2026-02-17 09:09:41.039265,Dubai-14c5,31,79,Normal
2026-02-17 09:09:42.039265,Dubai-14c5,14,29,Normal
2026-02-17 09:09:43.039265,Dubai-14c5,49,45,Normal
2026-02-17 09:09:44.039265,Dubai-14c5,19,27,Normal
2026-02-17 09:09:45.039265,Dubai-14c5,42,33,Normal
2026-02-17 09:09:46.039265,Dubai-14c5,28,7,Normal
2026-02-17 09:09:47.039265,Dubai-14c5,4,21,Normal
2026-02-17 09:09:48.039265,Dubai-14c5,-15,74,Normal
2026-02-17 09:09:49.039265,Dubai-14c5,26,77,Normal
2026-02-17 09:09:50.039265,Dubai-14c5,-28,73,Normal
2026-02-17 09:09:51.039265,Dubai-14c5,8,14,Normal
2026-02-17 09:09:52.039265,Dubai-14c5,32,8,Normal
2026-02-17 09:09:53.039265,Dubai-14c5,12,1,Normal
2026-02-17 09:09:54.039265,Dubai-14c5,-3,98,Normal
2026-02-17 09:09:55.039265,Dubai-14c5,-4,11,Normal
2026-02-17 09:09:56.039265,Dubai-14c5,-13,41,Normal
2026-02-17 09:09:57.039265,Dubai-14c5,34,28,Normal
2026-02-17 09:09:58.039265,Dubai-14c5,47,85,Normal
2026-02-17 09:09:59.039265,Dubai-14c5,34,5,Normal
2026-02-17 09:10:00.039265,Dubai-14c5,-2,0,Normal
2026-02-17 09:10:01.039265,Dubai-14c5,25,83,Normal
2026-02-17 09:10:02.039265,Dubai-14c5,14,37,Normal
2026-02-17 09:10:03.039265,Dubai-14c5,31,95,Normal
2026-02-17 09:10:04.039265,Dubai-14c5,19,31,Normal
2026-02-17 09:10:05.039265,Dubai-14c5,13,91,Normal
2026-02-17 09:10:06.039265,Dubai-14c5,-8,97,Normal
2026-02-17 09:10:07.039265,Dubai-14c5,16,65,Normal
2026-02-17 09:10:08.039265,Dubai-14c5,-1,84,Normal
2026-02-17 09:10:09.039265,Dubai-14c5,-8,51,Normal
2026-02-17 09:10:10.039265,Dubai-14c5,-24,88,Normal
2026-02-17 09:10:11.039265,Dubai-14c5,-24,84,Normal
2026-02-17 09:10:12.039265,Dubai-14c5,-11,77,Normal
2026-02-17 09:10:13.039265,Dubai-14c5,-30,81,Normal
2026-02-17 09:10:14.039265,Dubai-14c5,-8,32,Normal
2026-02-17 09:10:15.039265,Dubai-14c5,49,61,Normal
2026-02-17 09:10:16.039265,Dubai-14c5,-24,12,Normal
2026-02-17 09:10:17.039265,Dubai-14c5,-18,18,Normal
2026-02-17 09:10:18.039265,Dubai-14c5,2,72,Normal
2026-02-17 09:10:19.039265,Dubai-14c5,10,54,Normal
2026-02-17 09:10:20.039265,Dubai-14c5,-1,76,Normal
2026-02-17 09:10:21.039265,Dubai-14c5,-19,100,Normal
2026-02-17 09:10:22.039265,Dubai-14c5,-20,77,Normal
2026-02-17 09:10:23.039265,Dubai-14c5,10,79,Normal
2026-02-17 09:10:24.039265,Dubai-14c5,-15,93,Normal
2026-02-17 09:10:25.039265,Dubai-14c5,-2,18,Normal
2026-02-17 09:10:26.039265,Dubai-14c5,-16,59,Normal
2026-02-17 09:10:27.039265,Dubai-14c5,43,78,Normal
2026-02-17 09:10:28.039265,Dubai-14c5,-25,56,Normal
2026-02-17 09:10:29.039265,Dubai-14c5,1,43,Normal
2026-02-17 09:10:30.039265,Dubai-14c5,40,78,Normal
2026-02-17 09:10:31.039265,Dubai-14c5,13,10,Normal
2026-02-17 09:10:32.039265,Dubai-14c5,39,53,Normal
2026-02-17 09:10:33.039265,Dubai-14c5,0,25,Normal
2026-02-17 09:10:34.039265,Dubai-14c5,-9,4,Normal
2026-02-17 09:10:35.039265,Dubai-14c5,11,40,Normal
2026-02-17 09:10:36.039265,Dubai-14c5,22,40,Normal
2026-02-17 09:10:37.039265,Dubai-14c5,42,100,Normal
2026-02-17 09:10:38.039265,Dubai-14c5,32,4,Normal
2026-02-17 09:10:39.039265,Dubai-14c5,40,93,Normal
2026-02-17 09:10:40.039265,Dubai-14c5,-5,69,Normal
2026-02-17 09:10:41.039265,Dubai-14c5,-20,65,Normal
2026-02-17 09:10:42.039265,Dubai-14c5,41,35,Normal
2026-02-17 09:10:43.039265,Dubai-14c5,25,39,Normal
2026-02-17 09:10:44.039265,Dubai-14c5,-26,78,Normal
2026-02-17 09:10:45.039265,Dubai-14c5,29,51,Normal
2026-02-17 09:10:46.039265,Dubai-14c5,-20,46,Normal
2026-02-17 09:10:47.039265,Dubai-14c5,36,19,Normal
2026-02-17 09:10:48.039265,Dubai-14c5,18,69,Normal
2026-02-17 09:10:49.039265,Dubai-14c5,25,83,Normal
2026-02-17 09:10:50.039265,Dubai-14c5,13,25,Normal
2026-02-17 09:10:51.039265,Dubai-14c5,-22,62,Normal
2026-02-17 09:10:52.039265,Dubai-14c5,-5,61,Normal
2026-02-17 09:10:53.039265,Dubai-14c5,-9,21,Normal
2026-02-17 09:10:54.039265,Dubai-14c5,37,77,Normal
2026-02-17 09:10:55.039265,Dubai-14c5,13,66,Normal
2026-02-17 09:10:56.039265,Dubai-14c5,31,43,Normal
2026-02-17 09:10:57.039265,Dubai-14c5,25,70,Normal
2026-02-17 09:10:58.039265,Dubai-14c5,10,7,Normal
2026-02-17 09:10:59.039265,Dubai-14c5,43,100,Normal
2026-02-17 09:11:00.039265,Dubai-14c5,3,46,Normal
2026-02-17 09:11:01.039265,Dubai-14c5,-27,0,Normal
2026-02-17 09:11:02.039265,Dubai-14c5,6,18,Normal
2026-02-17 09:11:03.039265,Dubai-14c5,13,38,Normal
2026-02-17 09:11:04.039265,Dubai-14c5,41,47,Normal
2026-02-17 09:11:05.039265,Dubai-14c5,17,42,Normal
2026-02-17 09:11:06.039265,Dubai-14c5,18,93,Normal
2026-02-17 09:11:07.039265,Dubai-14c5,-8,53,Normal
2026-02-17 09:11:08.039265,Dubai-14c5,17,27,Normal
2026-02-17 09:11:09.039265,Dubai-14c5,-8,42,Normal
2026-02-17 09:11:10.039265,Dubai-14c5,-22,60,Normal
2026-02-17 09:11:11.039265,Dubai-14c5,33,91,Normal
2026-02-17 09:11:12.039265,Dubai-14c5,13,32,Normal
2026-02-17 09:11:13.039265,Dubai-14c5,43,32,Normal
2026-02-17 09:11:14.039265,Dubai-14c5,9,5,Normal
2026-02-17 09:11:15.039265,Dubai-14c5,46,21,Normal
2026-02-17 09:11:16.039265,Dubai-14c5,45,95,Normal
2026-02-17 09:11:17.039265,Dubai-14c5,3,65,Normal
2026-02-17 09:11:18.039265,Dubai-14c5,-22,48,Normal
2026-02-17 09:11:19.039265,Dubai-14c5,36,3,Normal
2026-02-17 09:11:20.039265,Dubai-14c5,43,64,Normal
2026-02-17 09:11:21.039265,Dubai-14c5,25,81,Normal
2026-02-17 09:11:22.039265,Dubai-14c5,13,22,Normal
2026-02-17 09:11:23.039265,Dubai-14c5,30,48,Normal
2026-02-17 09:11:24.039265,Dubai-14c5,10,79,Normal
2026-02-17 09:11:25.039265,Dubai-14c5,9,95,Normal
2026-02-17 09:11:26.039265,Dubai-14c5,5,93,Normal
2026-02-17 09:11:27.039265,Dubai-14c5,24,35,Normal
2026-02-17 09:11:28.039265,Dubai-14c5,-2,2,Normal
2026-02-17 09:11:29.039265,Dubai-14c5,9,98,Normal
2026-02-17 09:11:30.039265,Dubai-14c5,37,33,Normal
2026-02-17 09:11:31.039265,Dubai-14c5,22,19,Normal
2026-02-17 09:11:32.039265,Dubai-14c5,-17,25,Normal
2026-02-17 09:11:33.039265,Dubai-14c5,20,12,Normal
2026-02-17 09:11:34.039265,Dubai-14c5,-28,12,Normal
2026-02-17 09:11:35.039265,Dubai-14c5,34,53,Normal
2026-02-17 09:11:36.039265,Dubai-14c5,-21,2,Normal
2026-02-17 09:11:37.039265,Dubai-14c5,1,67,Normal
2026-02-17 09:11:38.039265,Dubai-14c5,50,49,Normal
2026-02-17 09:11:39.039265,Dubai-14c5,17,36,Normal
2026-02-17 09:11:40.039265,Dubai-14c5,26,58,Normal
2026-02-17 09:11:41.039265,Dubai-14c5,-13,100,Normal
2026-02-17 09:11:42.039265,Dubai-14c5,-10,45,Normal
2026-02-17 09:11:43.039265,Dubai-14c5,-22,59,Normal
2026-02-17 09:11:44.039265,Dubai-14c5,26,23,Normal
2026-02-17 09:11:45.039265,Dubai-14c5,-20,55,Normal
2026-02-17 09:11:46.039265,Dubai-14c5,-10,93,Normal
2026-02-17 09:11:47.039265,Dubai-14c5,-9,61,Normal
2026-02-17 09:11:48.039265,Dubai-14c5,46,94,Normal
2026-02-17 09:11:49.039265,Dubai-14c5,-20,85,Normal
2026-02-17 09:11:50.039265,Dubai-14c5,40,87,Normal
2026-02-17 09:11:51.039265,Dubai-14c5,19,51,Normal
2026-02-17 09:11:52.039265,Dubai-14c5,19,72,Normal
2026-02-17 09:11:53.039265,Dubai-14c5,-11,37,Normal
2026-02-17 09:11:54.039265,Dubai-14c5,-11,74,Normal
2026-02-17 09:11:55.039265,Dubai-14c5,17,17,Normal
2026-02-17 09:11:56.039265,Dubai-14c5,-10,61,Normal
2026-02-17 09:11:57.039265,Dubai-14c5,23,48,Normal
2026-02-17 09:11:58.039265,Dubai-14c5,-23,45,Normal
2026-02-17 09:11:59.039265,Dubai-14c5,0,33,Normal
2026-02-17 09:12:00.039265,Dubai-14c5,-18,29,Normal
2026-02-17 09:12:01.039265,Dubai-14c5,-19,49,Normal
2026-02-17 09:12:02.039265,Dubai-14c5,-1,18,Normal
2026-02-17 09:12:03.039265,Dubai-14c5,-24,9,Normal
2026-02-17 09:12:04.039265,Dubai-14c5,20,52,Normal
2026-02-17 09:12:05.039265,Dubai-14c5,35,59,Normal
2026-02-17 09:12:06.039265,Dubai-14c5,6,0,Normal
2026-02-17 09:12:07.039265,Dubai-14c5,48,31,Normal
2026-02-17 09:12:08.039265,Dubai-14c5,45,97,Normal
2026-02-17 09:12:09.039265,Dubai-14c5,-23,53,Normal
2026-02-17 09:12:10.039265,Dubai-14c5,-3,88,Normal
2026-02-17 09:12:11.039265,Dubai-14c5,-17,1,Normal
2026-02-17 09:12:12.039265,Dubai-14c5,45,60,Normal
2026-02-17 09:12:13.039265,Dubai-14c5,-1,14,Normal
2026-02-17 09:12:14.039265,Dubai-14c5,49,85,Normal
2026-02-17 09:12:15.039265,Dubai-14c5,32,75,Normal
2026-02-17 09:12:16.039265,Dubai-14c5,24,88,Normal
2026-02-17 09:12:17.039265,Dubai-14c5,32,29,Normal
2026-02-17 09:12:18.039265,Dubai-14c5,1,9,Normal
2026-02-17 09:12:19.039265,Dubai-14c5,-27,9,Normal
2026-02-17 09:12:20.039265,Dubai-14c5,-11,100,Normal
2026-02-17 09:12:21.039265,Dubai-14c5,50,43,Normal
2026-02-17 09:12:22.039265,Dubai-14c5,22,77,Normal
2026-02-17 09:12:23.039265,Dubai-14c5,-17,18,Normal
2026-02-17 09:12:24.039265,Dubai-14c5,23,18,Normal
2026-02-17 09:12:25.039265,Dubai-14c5,48,26,Normal
2026-02-17 09:12:26.039265,Dubai-14c5,37,42,Normal
2026-02-17 09:12:27.039265,Dubai-14c5,23,31,Normal
2026-02-17 09:12:28.039265,Dubai-14c5,-18,82,Normal
2026-02-17 09:12:29.039265,Dubai-14c5,-16,43,Normal
2026-02-17 09:12:30.039265,Dubai-14c5,-30,40,Normal
2026-02-17 09:12:31.039265,Dubai-14c5,16,15,Normal
2026-02-17 09:12:32.039265,Dubai-14c5,-13,70,Normal
2026-02-17 09:12:33.039265,Dubai-14c5,26,9,Normal
2026-02-17 09:12:34.039265,Dubai-14c5,42,76,Normal
2026-02-17 09:12:35.039265,Dubai-14c5,39,37,Normal
2026-02-17 09:12:36.039265,Dubai-14c5,-15,70,Normal
2026-02-17 09:12:37.039265,Dubai-14c5,39,65,Normal
2026-02-17 09:12:38.039265,Dubai-14c5,27,75,Normal
2026-02-17 09:12:39.039265,Dubai-14c5,-15,89,Normal
2026-02-17 09:12:40.039265,Dubai-14c5,50,46,Normal
2026-02-17 09:12:41.039265,Dubai-14c5,-16,35,Normal
2026-02-17 09:12:42.039265,Dubai-14c5,-29,51,Normal
