timestamp,station_id,temp,humid,condition
2026-02-14 03:13:15.080735,Tokyo-e6fd,46,32,Normal
2026-02-14 03:13:16.080735,Tokyo-e6fd,28,50,Normal
2026-02-14 03:13:17.080735,Tokyo-e6fd,0,45,Normal
2026-02-14 03:13:18.080735,Tokyo-e6fd,-8,96,Normal
2026-02-14 03:13:19.080735,Tokyo-e6fd,13,60,Normal
2026-02-14 03:13:20.080735,Tokyo-e6fd,39,40,Normal
2026-02-14 03:13:21.080735,Tokyo-e6fd,6,33,Normal
2026-02-14 03:13:22.080735,Tokyo-e6fd,-29,28,Normal
2026-02-14 03:13:23.080735,Tokyo-e6fd,49,17,Normal
2026-02-14 03:13:24.080735,Tokyo-e6fd,17,82,Normal
2026-02-14 03:13:25.080735,Tokyo-e6fd,22,52,Normal
2026-02-14 03:13:26.080735,Tokyo-e6fd,-16,32,Normal
2026-02-14 03:13:27.080735,Tokyo-e6fd,11,20,Normal
2026-02-14 03:13:28.080735,Tokyo-e6fd,38,98,Normal
2026-02-14 03:13:29.080735,Tokyo-e6fd,38,82,Normal
2026-02-14 03:13:30.080735,Tokyo-e6fd,44,72,Normal
2026-02-14 03:13:31.080735,Tokyo-e6fd,13,81,Normal
2026-02-14 03:13:32.080735,Tokyo-e6fd,22,96,Normal
2026-02-14 03:13:33.080735,Tokyo-e6fd,20,23,Normal
2026-02-14 03:13:34.080735,Tokyo-e6fd,-13,96,Normal
2026-02-14 03:13:35.080735,Tokyo-e6fd,18,40,Normal
2026-02-14 03:13:36.080735,Tokyo-e6fd,-20,74,Normal
2026-02-14 03:13:37.080735,Tokyo-e6fd,-16,19,Normal
2026-02-14 03:13:38.080735,Tokyo-e6fd,-25,99,Normal
2026-02-14 03:13:39.080735,Tokyo-e6fd,9,87,Normal
2026-02-14 03:13:40.080735,Tokyo-e6fd,12,89,Normal
2026-02-14 03:13:41.080735,Tokyo-e6fd,34,79,Normal
2026-02-14 03:13:42.080735,Tokyo-e6fd,-2,66,Normal
2026-02-14 03:13:43.080735,Tokyo-e6fd,11,72,Normal
2026-02-14 03:13:44.080735,Tokyo-e6fd,21,24,Normal
2026-02-14 03:13:45.080735,Tokyo-e6fd,41,69,Normal
2026-02-14 03:13:46.080735,Tokyo-e6fd,-14,67,Normal
2026-02-14 03:13:47.080735,Tokyo-e6fd,46,53,Normal
2026-02-14 03:13:48.080735,Tokyo-e6fd,24,50,Normal
2026-02-14 03:13:49.080735,Tokyo-e6fd,20,82,Normal
2026-02-14 03:13:50.080735,Tokyo-e6fd,42,36,Normal
2026-02-14 03:13:51.080735,Tokyo-e6fd,3,26,Normal
2026-02-14 03:13:52.080735,Tokyo-e6fd,37,42,Normal
2026-02-14 03:13:53.080735,Tokyo-e6fd,-23,54,Normal
2026-02-14 03:13:54.080735,Tokyo-e6fd,-2,19,Normal
2026-02-14 03:13:55.080735,Tokyo-e6fd,33,61,Normal
2026-02-14 03:13:56.080735,Tokyo-e6fd,30,96,Normal
2026-02-14 03:13:57.080735,Tokyo-e6fd,-10,80,Normal
2026-02-14 03:13:58.080735,Tokyo-e6fd,-10,4,Normal
2026-02-14 03:13:59.080735,Tokyo-e6fd,8,24,Normal
2026-02-14 03:14:00.080735,Tokyo-e6fd,-30,93,Normal
2026-02-14 03:14:01.080735,Tokyo-e6fd,-5,71,Normal
2026-02-14 03:14:02.080735,Tokyo-e6fd,-21,62,Normal
2026-02-14 03:14:03.080735,Tokyo-e6fd,42,21,Normal
2026-02-14 03:14:04.080735,Tokyo-e6fd,41,45,Normal
2026-02-14 03:14:05.080735,Tokyo-e6fd,30,49,Normal
2026-02-14 03:14:06.080735,Tokyo-e6fd,-11,100,Normal
2026-02-14 03:14:07.080735,Tokyo-e6fd,22,0,Normal
2026-02-14 03:14:08.080735,Tokyo-e6fd,-8,19,Normal
2026-02-14 03:14:09.080735,Tokyo-e6fd,9,11,Normal
2026-02-14 03:14:10.080735,Tokyo-e6fd,21,53,Normal
2026-02-14 03:14:11.080735,Tokyo-e6fd,-24,12,Normal
2026-02-14 03:14:12.080735,Tokyo-e6fd,-29,86,Normal
2026-02-14 03:14:13.080735,Tokyo-e6fd,24,12,Normal
2026-02-14 03:14:14.080735,Tokyo-e6fd,16,22,Normal
2026-02-14 03:14:15.080735,Tokyo-e6fd,22,79,Normal
2026-02-14 03:14:16.080735,Tokyo-e6fd,28,13,Normal
2026-02-14 03:14:17.080735,Tokyo-e6fd,12,43,Normal
2026-02-14 03:14:18.080735,Tokyo-e6fd,47,72,Normal
2026-02-14 03:14:19.080735,Tokyo-e6fd,31,23,Normal
2026-02-14 03:14:20.080735,Tokyo-e6fd,11,99,Normal
2026-02-14 03:14:21.080735,Tokyo-e6fd,14,33,Normal
2026-02-14 03:14:22.080735,Tokyo-e6fd,-15,45,Normal
2026-02-14 03:14:23.080735,Tokyo-e6fd,28,25,Normal
2026-02-14 03:14:24.080735,Tokyo-e6fd,-28,79,Normal
2026-02-14 03:14:25.080735,Tokyo-e6fd,20,68,Normal
2026-02-14 03:14:26.080735,Tokyo-e6fd,16,12,Normal
2026-02-14 03:14:27.080735,Tokyo-e6fd,10,85,Normal
2026-02-14 03:14:28.080735,Tokyo-e6fd,40,51,Normal
2026-02-14 03:14:29.080735,Tokyo-e6fd,47,77,Normal
2026-02-14 03:14:30.080735,Tokyo-e6fd,50,42,Normal
2026-02-14 03:14:31.080735,Tokyo-e6fd,18,15,Normal
2026-02-14 03:14:32.080735,Tokyo-e6fd,0,85,Normal
2026-02-14 03:14:33.080735,Tokyo-e6fd,20,90,Normal
2026-02-14 03:14:34.080735,Tokyo-e6fd,29,59,Normal
2026-02-14 03:14:35.080735,Tokyo-e6fd,31,74,Normal
2026-02-14 03:14:36.080735,Tokyo-e6fd,-13,64,Normal
2026-02-14 03:14:37.080735,Tokyo-e6fd,47,17,Normal
2026-02-14 03:14:38.080735,Tokyo-e6fd,-25,47,Normal
2026-02-14 03:14:39.080735,Tokyo-e6fd,34,40,Normal
2026-02-14 03:14:40.080735,Tokyo-e6fd,-15,50,Normal
2026-02-14 03:14:41.080735,Tokyo-e6fd,38,5,Normal
2026-02-14 03:14:42.080735,Tokyo-e6fd,10,40,Normal
2026-02-14 03:14:43.080735,Tokyo-e6fd,47,82,Normal
2026-02-14 03:14:44.080735,Tokyo-e6fd,-24,0,Normal
2026-02-14 03:14:45.080735,Tokyo-e6fd,10,78,Normal
2026-02-14 03:14:46.080735,Tokyo-e6fd,19,62,Normal
2026-02-14 03:14:47.080735,Tokyo-e6fd,28,41,Normal
2026-02-14 03:14:48.080735,Tokyo-e6fd,3,88,Normal
2026-02-14 03:14:49.080735,Tokyo-e6fd,9,43,Normal
2026-02-14 03:14:50.080735,Tokyo-e6fd,-23,87,Normal
2026-02-14 03:14:51.080735,Tokyo-e6fd,26,4,Normal
2026-02-14 03:14:52.080735,Tokyo-e6fd,-18,84,Normal
2026-02-14 03:14:53.080735,Tokyo-e6fd,28,99,Normal
2026-02-14 03:14:54.080735,Tokyo-e6fd,13,63,Normal
2026-02-14 03:14:55.080735,Tokyo-e6fd,-22,72,Normal
2026-02-14 03:14:56.080735,Tokyo-e6fd,-5,85,Normal
2026-02-14 03:14:57.080735,Tokyo-e6fd,-22,41,Normal
2026-02-14 03:14:58.080735,Tokyo-e6fd,28,3,Normal
2026-02-14 03:14:59.080735,Tokyo-e6fd,22,62,Normal
2026-02-14 03:15:00.080735,Tokyo-e6fd,19,48,Normal
2026-02-14 03:15:01.080735,Tokyo-e6fd,-9,93,Normal
2026-02-14 03:15:02.080735,Tokyo-e6fd,-24,42,Normal
2026-02-14 03:15:03.080735,Tokyo-e6fd,46,16,Normal
2026-02-14 03:15:04.080735,Tokyo-e6fd,34,47,Normal
2026-02-14 03:15:05.080735,Tokyo-e6fd,-26,46,Normal
2026-02-14 03:15:06.080735,Tokyo-e6fd,0,38,Normal
2026-02-14 03:15:07.080735,Tokyo-e6fd,36,41,Normal
2026-02-14 03:15:08.080735,Tokyo-e6fd,7,41,Normal
2026-02-14 03:15:09.080735,Tokyo-e6fd,-23,50,Normal
2026-02-14 03:15:10.080735,Tokyo-e6fd,45,58,Normal
2026-02-14 03:15:11.080735,Tokyo-e6fd,13,86,Normal
2026-02-14 03:15:12.080735,Tokyo-e6fd,23,96,Normal
2026-02-14 03:15:13.080735,Tokyo-e6fd,12,47,Normal
2026-02-14 03:15:14.080735,Tokyo-e6fd,6,98,Normal
2026-02-14 03:15:15.080735,Tokyo-e6fd,-20,30,Normal
2026-02-14 03:15:16.080735,Tokyo-e6fd,41,82,Normal
2026-02-14 03:15:17.080735,Tokyo-e6fd,31,58,Normal
2026-02-14 03:15:18.080735,Tokyo-e6fd,19,87,Normal
2026-02-14 03:15:19.080735,Tokyo-e6fd,19,77,Normal
2026-02-14 03:15:20.080735,Tokyo-e6fd,38,71,Normal
2026-02-14 03:15:21.080735,Tokyo-e6fd,11,49,Normal
2026-02-14 03:15:22.080735,Tokyo-e6fd,-11,76,Normal
2026-02-14 03:15:23.080735,Tokyo-e6fd,-7,29,Normal
2026-02-14 03:15:24.080735,Tokyo-e6fd,18,70,Normal
2026-02-14 03:15:25.080735,Tokyo-e6fd,-21,47,Normal
2026-02-14 03:15:26.080735,Tokyo-e6fd,-8,7,Normal
2026-02-14 03:15:27.080735,Tokyo-e6fd,17,48,Normal
2026-02-14 03:15:28.080735,Tokyo-e6fd,41,88,Normal
2026-02-14 03:15:29.080735,Tokyo-e6fd,-13,68,Normal
2026-02-14 03:15:30.080735,Tokyo-e6fd,15,90,Normal
2026-02-14 03:15:31.080735,Tokyo-e6fd,41,91,Normal
2026-02-14 03:15:32.080735,Tokyo-e6fd,16,37,Normal
2026-02-14 03:15:33.080735,Tokyo-e6fd,-22,31,Normal
2026-02-14 03:15:34.080735,Tokyo-e6fd,-19,61,Normal
2026-02-14 03:15:35.080735,Tokyo-e6fd,-1,42,Normal
2026-02-14 03:15:36.080735,Tokyo-e6fd,-20,44,Normal
2026-02-14 03:15:37.080735,Tokyo-e6fd,-30,0,Normal
2026-02-14 03:15:38.080735,Tokyo-e6fd,-8,88,Normal
2026-02-14 03:15:39.080735,Tokyo-e6fd,46,54,Normal
2026-02-14 03:15:40.080735,Tokyo-e6fd,35,13,Normal
2026-02-14 03:15:41.080735,Tokyo-e6fd,2,39,Normal
2026-02-14 03:15:42.080735,Tokyo-e6fd,2,38,Normal
2026-02-14 03:15:43.080735,Tokyo-e6fd,25,10,Normal
2026-02-14 03:15:44.080735,Tokyo-e6fd,15,34,Normal
2026-02-14 03:15:45.080735,Tokyo-e6fd,-12,30,Normal
2026-02-14 03:15:46.080735,Tokyo-e6fd,1,29,Normal
2026-02-14 03:15:47.080735,Tokyo-e6fd,-25,25,Normal
2026-02-14 03:15:48.080735,Tokyo-e6fd,-24,83,Normal
2026-02-14 03:15:49.080735,Tokyo-e6fd,-1,36,Normal
2026-02-14 03:15:50.080735,Tokyo-e6fd,44,66,Normal
2026-02-14 03:15:51.080735,Tokyo-e6fd,3,62,Normal
2026-02-14 03:15:52.080735,Tokyo-e6fd,-3,4,Normal
2026-02-14 03:15:53.080735,Tokyo-e6fd,7,98,Normal
2026-02-14 03:15:54.080735,Tokyo-e6fd,50,33,Normal
2026-02-14 03:15:55.080735,Tokyo-e6fd,-1,79,Normal
2026-02-14 03:15:56.080735,Tokyo-e6fd,-21,5,Normal
2026-02-14 03:15:57.080735,Tokyo-e6fd,15,89,Normal
2026-02-14 03:15:58.080735,Tokyo-e6fd,36,49,Normal
2026-02-14 03:15:59.080735,Tokyo-e6fd,-25,31,Normal
2026-02-14 03:16:00.080735,Tokyo-e6fd,30,24,Normal
2026-02-14 03:16:01.080735,Tokyo-e6fd,39,65,Normal
2026-02-14 03:16:02.080735,Tokyo-e6fd,21,97,Normal
2026-02-14 03:16:03.080735,Tokyo-e6fd,38,26,Normal
2026-02-14 03:16:04.080735,Tokyo-e6fd,49,73,Normal
2026-02-14 03:16:05.080735,Tokyo-e6fd,18,70,Normal
2026-02-14 03:16:06.080735,Tokyo-e6fd,-8,46,Normal
2026-02-14 03:16:07.080735,Tokyo-e6fd,-10,17,Normal
2026-02-14 03:16:08.080735,Tokyo-e6fd,40,0,Normal
2026-02-14 03:16:09.080735,Tokyo-e6fd,-15,32,Normal
2026-02-14 03:16:10.080735,Tokyo-e6fd,31,23,Normal
2026-02-14 03:16:11.080735,Tokyo-e6fd,16,69,Normal
2026-02-14 03:16:12.080735,Tokyo-e6fd,43,80,Normal
2026-02-14 03:16:13.080735,Tokyo-e6fd,42,62,Normal
2026-02-14 03:16:14.080735,Tokyo-e6fd,-1,96,Normal
2026-02-14 03:16:15.080735,Tokyo-e6fd,2,40,Normal
2026-02-14 03:16:16.080735,Tokyo-e6fd,1,33,Normal
2026-02-14 03:16:17.080735,Tokyo-e6fd,-14,1,Normal
2026-02-14 03:16:18.080735,Tokyo-e6fd,-5,96,Normal
2026-02-14 03:16:19.080735,Tokyo-e6fd,20,12,Normal
2026-02-14 03:16:20.080735,Tokyo-e6fd,18,67,Normal
2026-02-14 03:16:21.080735,Tokyo-e6fd,43,17,Normal
2026-02-14 03:16:22.080735,Tokyo-e6fd,-22,24,Normal
2026-02-14 03:16:23.080735,Tokyo-e6fd,-15,33,Normal
2026-02-14 03:16:24.080735,Tokyo-e6fd,-24,55,Normal
2026-02-14 03:16:25.080735,Tokyo-e6fd,36,58,Normal
2026-02-14 03:16:26.080735,Tokyo-e6fd,8,46,Normal
2026-02-14 03:16:27.080735,Tokyo-e6fd,6,60,Normal
2026-02-14 03:16:28.080735,Tokyo-e6fd,31,0,Normal
2026-02-14 03:16:29.080735,Tokyo-e6fd,43,1,Normal
2026-02-14 03:16:30.080735,Tokyo-e6fd,19,30,Normal
2026-02-14 03:16:31.080735,Tokyo-e6fd,13,85,Normal
2026-02-14 03:16:32.080735,Tokyo-e6fd,-23,60,Normal
2026-02-14 03:16:33.080735,Tokyo-e6fd,41,63,Normal
2026-02-14 03:16:34.080735,Tokyo-e6fd,14,24,Normal
2026-02-14 03:16:35.080735,Tokyo-e6fd,43,0,Normal
2026-02-14 03:16:36.080735,Tokyo-e6fd,12,20,Normal
2026-02-14 03:16:37.080735,Tokyo-e6fd,24,14,Normal
2026-02-14 03:16:38.080735,Tokyo-e6fd,-4,77,Normal
2026-02-14 03:16:39.080735,Tokyo-e6fd,44,96,Normal
2026-02-14 03:16:40.080735,Tokyo-e6fd,-3,43,Normal
2026-02-14 03:16:41.080735,Tokyo-e6fd,-25,26,Normal
2026-02-14 03:16:42.080735,Tokyo-e6fd,31,26,Normal
2026-02-14 03:16:43.080735,Tokyo-e6fd,45,59,Normal
2026-02-14 03:16:44.080735,Tokyo-e6fd,30,76,Normal
2026-02-14 03:16:45.080735,Tokyo-e6fd,1,94,Normal
2026-02-14 03:16:46.080735,Tokyo-e6fd,40,6,Normal
2026-02-14 03:16:47.080735,Tokyo-e6fd,-6,83,Normal
2026-02-14 03:16:48.080735,Tokyo-e6fd,-6,46,Normal
2026-02-14 03:16:49.080735,Tokyo-e6fd,-8,40,Normal
2026-02-14 03:16:50.080735,Tokyo-e6fd,45,42,Normal
2026-02-14 03:16:51.080735,Tokyo-e6fd,26,85,Normal
2026-02-14 03:16:52.080735,Tokyo-e6fd,10,86,Normal
2026-02-14 03:16:53.080735,Tokyo-e6fd,-30,13,Normal
2026-02-14 03:16:54.080735,Tokyo-e6fd,26,64,Normal
2026-02-14 03:16:55.080735,Tokyo-e6fd,16,65,Normal
2026-02-14 03:16:56.080735,Tokyo-e6fd,10,54,Normal
2026-02-14 03:16:57.080735,Tokyo-e6fd,35,12,Normal
2026-02-14 03:16:58.080735,Tokyo-e6fd,-19,85,Normal
2026-02-14 03:16:59.080735,Tokyo-e6fd,50,76,Normal
2026-02-14 03:17:00.080735,Tokyo-e6fd,-24,31,Normal
2026-02-14 03:17:01.080735,Tokyo-e6fd,27,96,Normal
2026-02-14 03:17:02.080735,Tokyo-e6fd,36,39,Normal
2026-02-14 03:17:03.080735,Tokyo-e6fd,-11,69,Normal
2026-02-14 03:17:04.080735,Tokyo-e6fd,-5,75,Normal
2026-02-14 03:17:05.080735,Tokyo-e6fd,44,5,Normal
2026-02-14 03:17:06.080735,Tokyo-e6fd,6,9,Normal
2026-02-14 03:17:07.080735,Tokyo-e6fd,-23,34,Normal
2026-02-14 03:17:08.080735,Tokyo-e6fd,35,65,Normal
2026-02-14 03:17:09.080735,Tokyo-e6fd,39,53,Normal
2026-02-14 03:17:10.080735,Tokyo-e6fd,22,48,Normal
2026-02-14 03:17:11.080735,Tokyo-e6fd,-19,24,Normal
2026-02-14 03:17:12.080735,Tokyo-e6fd,36,7,Normal
2026-02-14 03:17:13.080735,Tokyo-e6fd,30,90,Normal
2026-02-14 03:17:14.080735,Tokyo-e6fd,-29,98,Normal
2026-02-14 03:17:15.080735,Tokyo-e6fd,-26,96,Normal
2026-02-14 03:17:16.080735,Tokyo-e6fd,33,63,Normal
2026-02-14 03:17:17.080735,Tokyo-e6fd,8,94,Normal
2026-02-14 03:17:18.080735,Tokyo-e6fd,43,20,Normal
2026-02-14 03:17:19.080735,Tokyo-e6fd,-18,94,Normal
2026-02-14 03:17:20.080735,Tokyo-e6fd,-30,73,Normal
2026-02-14 03:17:21.080735,Tokyo-e6fd,45,66,Normal
2026-02-14 03:17:22.080735,Tokyo-e6fd,8,97,Normal
2026-02-14 03:17:23.080735,Tokyo-e6fd,24,13,Normal
2026-02-14 03:17:24.080735,Tokyo-e6fd,38,51,Normal
2026-02-14 03:17:25.080735,Tokyo-e6fd,16,23,Normal
2026-02-14 03:17:26.080735,Tokyo-e6fd,8,15,Normal
2026-02-14 03:17:27.080735,Tokyo-e6fd,33,87,Normal
2026-02-14 03:17:28.080735,Tokyo-e6fd,-17,47,Normal
2026-02-14 03:17:29.080735,Tokyo-e6fd,18,17,Normal
2026-02-14 03:17:30.080735,Tokyo-e6fd,-24,28,Normal
2026-02-14 03:17:31.080735,Tokyo-e6fd,35,65,Normal
2026-02-14 03:17:32.080735,Tokyo-e6fd,37,24,Normal
2026-02-14 03:17:33.080735,Tokyo-e6fd,7,43,Normal
2026-02-14 03:17:34.080735,Tokyo-e6fd,-27,27,Normal
2026-02-14 03:17:35.080735,Tokyo-e6fd,-24,98,Normal
2026-02-14 03:17:36.080735,Tokyo-e6fd,-21,0,Normal
2026-02-14 03:17:37.080735,Tokyo-e6fd,50,83,Normal
2026-02-14 03:17:38.080735,Tokyo-e6fd,37,33,Normal
2026-02-14 03:17:39.080735,Tokyo-e6fd,4,79,Normal
2026-02-14 03:17:40.080735,Tokyo-e6fd,3,3,Normal
2026-02-14 03:17:41.080735,Tokyo-e6fd,41,44,Normal
2026-02-14 03:17:42.080735,Tokyo-e6fd,49,5,Normal
2026-02-14 03:17:43.080735,Tokyo-e6fd,-30,13,Normal
2026-02-14 03:17:44.080735,Tokyo-e6fd,-12,45,Normal
2026-02-14 03:17:45.080735,Tokyo-e6fd,-28,57,Normal
2026-02-14 03:17:46.080735,Tokyo-e6fd,-1,78,Normal
2026-02-14 03:17:47.080735,Tokyo-e6fd,-29,45,Normal
2026-02-14 03:17:48.080735,Tokyo-e6fd,21,72,Normal
2026-02-14 03:17:49.080735,Tokyo-e6fd,6,45,Normal
2026-02-14 03:17:50.080735,Tokyo-e6fd,35,34,Normal
2026-02-14 03:17:51.080735,Tokyo-e6fd,-2,51,Normal
2026-02-14 03:17:52.080735,Tokyo-e6fd,-8,31,Normal
2026-02-14 03:17:53.080735,Tokyo-e6fd,30,49,Normal
2026-02-14 03:17:54.080735,Tokyo-e6fd,-28,18,Normal
2026-02-14 03:17:55.080735,Tokyo-e6fd,41,100,Normal
2026-02-14 03:17:56.080735,Tokyo-e6fd,-12,66,Normal
2026-02-14 03:17:57.080735,Tokyo-e6fd,40,72,Normal
2026-02-14 03:17:58.080735,Tokyo-e6fd,2,48,Normal
2026-02-14 03:17:59.080735,Tokyo-e6fd,-26,53,Normal
2026-02-14 03:18:00.080735,Tokyo-e6fd,21,20,Normal
2026-02-14 03:18:01.080735,Tokyo-e6fd,11,16,Normal
2026-02-14 03:18:02.080735,Tokyo-e6fd,38,76,Normal
2026-02-14 03:18:03.080735,Tokyo-e6fd,-17,9,Normal
2026-02-14 03:18:04.080735,Tokyo-e6fd,-19,96,Normal
2026-02-14 03:18:05.080735,Tokyo-e6fd,25,98,Normal
2026-02-14 03:18:06.080735,Tokyo-e6fd,3,40,Normal
2026-02-14 03:18:07.080735,Tokyo-e6fd,28,33,Normal
2026-02-14 03:18:08.080735,Tokyo-e6fd,-29,82,Normal
2026-02-14 03:18:09.080735,Tokyo-e6fd,7,39,Normal
2026-02-14 03:18:10.080735,Tokyo-e6fd,48,62,Normal
2026-02-14 03:18:11.080735,Tokyo-e6fd,33,55,Normal
2026-02-14 03:18:12.080735,Tokyo-e6fd,-23,78,Normal
2026-02-14 03:18:13.080735,Tokyo-e6fd,44,100,Normal
2026-02-14 03:18:14.080735,Tokyo-e6fd,47,7,Normal
2026-02-14 03:18:15.080735,Tokyo-e6fd,-23,62,Normal
2026-02-14 03:18:16.080735,Tokyo-e6fd,-18,57,Normal
2026-02-14 03:18:17.080735,Tokyo-e6fd,49,98,Normal
2026-02-14 03:18:18.080735,Tokyo-e6fd,25,53,Normal
2026-02-14 03:18:19.080735,Tokyo-e6fd,-6,92,Normal
2026-02-14 03:18:20.080735,Tokyo-e6fd,13,38,Normal
2026-02-14 03:18:21.080735,Tokyo-e6fd,13,72,Normal
2026-02-14 03:18:22.080735,Tokyo-e6fd,-8,6,Normal
2026-02-14 03:18:23.080735,Tokyo-e6fd,23,65,Normal
2026-02-14 03:18:24.080735,Tokyo-e6fd,-16,73,Normal
2026-02-14 03:18:25.080735,Tokyo-e6fd,-8,41,Normal
2026-02-14 03:18:26.080735,Tokyo-e6fd,-19,68,Normal
2026-02-14 03:18:27.080735,Tokyo-e6fd,-22,93,Normal
2026-02-14 03:18:28.080735,Tokyo-e6fd,26,49,Normal
2026-02-14 03:18:29.080735,Tokyo-e6fd,-12,80,Normal
2026-02-14 03:18:30.080735,Tokyo-e6fd,37,81,Normal
2026-02-14 03:18:31.080735,Tokyo-e6fd,6,6,Normal
2026-02-14 03:18:32.080735,Tokyo-e6fd,-29,10,Normal
2026-02-14 03:18:33.080735,Tokyo-e6fd,6,34,Normal
2026-02-14 03:18:34.080735,Tokyo-e6fd,-1,92,Normal
2026-02-14 03:18:35.080735,Tokyo-e6fd,40,66,Normal
2026-02-14 03:18:36.080735,Tokyo-e6fd,41,75,Normal
2026-02-14 03:18:37.080735,Tokyo-e6fd,16,64,Normal
2026-02-14 03:18:38.080735,Tokyo-e6fd,32,93,Normal
2026-02-14 03:18:39.080735,Tokyo-e6fd,28,9,Normal
2026-02-14 03:18:40.080735,Tokyo-e6fd,21,99,Normal
2026-02-14 03:18:41.080735,Tokyo-e6fd,5,45,Normal
2026-02-14 03:18:42.080735,Tokyo-e6fd,-22,0,Normal
2026-02-14 03:18:43.080735,Tokyo-e6fd,-30,71,Normal
2026-02-14 03:18:44.080735,Tokyo-e6fd,-7,100,Normal
2026-02-14 03:18:45.080735,Tokyo-e6fd,37,79,Normal
2026-02-14 03:18:46.080735,Tokyo-e6fd,-13,45,Normal
2026-02-14 03:18:47.080735,Tokyo-e6fd,43,96,Normal
2026-02-14 03:18:48.080735,Tokyo-e6fd,15,39,Normal
2026-02-14 03:18:49.080735,Tokyo-e6fd,30,96,Normal
2026-02-14 03:18:50.080735,Tokyo-e6fd,-23,20,Normal
2026-02-14 03:18:51.080735,Tokyo-e6fd,45,22,Normal
2026-02-14 03:18:52.080735,Tokyo-e6fd,-14,30,Normal
2026-02-14 03:18:53.080735,Tokyo-e6fd,49,29,Normal
2026-02-14 03:18:54.080735,Tokyo-e6fd,37,81,Normal
2026-02-14 03:18:55.080735,Tokyo-e6fd,1,65,Normal
2026-02-14 03:18:56.080735,Tokyo-e6fd,-28,68,Normal
2026-02-14 03:18:57.080735,Tokyo-e6fd,-19,95,Normal
2026-02-14 03:18:58.080735,Tokyo-e6fd,4,70,Normal
2026-02-14 03:18:59.080735,Tokyo-e6fd,21,35,Normal
2026-02-14 03:19:00.080735,Tokyo-e6fd,-6,84,Normal
2026-02-14 03:19:01.080735,Tokyo-e6fd,29,56,Normal
2026-02-14 03:19:02.080735,Tokyo-e6fd,-12,14,Normal
2026-02-14 03:19:03.080735,Tokyo-e6fd,39,25,Normal
2026-02-14 03:19:04.080735,Tokyo-e6fd,-8,81,Normal
2026-02-14 03:19:05.080735,Tokyo-e6fd,-30,77,Normal
2026-02-14 03:19:06.080735,Tokyo-e6fd,45,96,Normal
2026-02-14 03:19:07.080735,Tokyo-e6fd,47,70,Normal
2026-02-14 03:19:08.080735,Tokyo-e6fd,1,87,Normal
2026-02-14 03:19:09.080735,Tokyo-e6fd,9,91,Normal
2026-02-14 03:19:10.080735,Tokyo-e6fd,-3,88,Normal
2026-02-14 03:19:11.080735,Tokyo-e6fd,33,100,Normal
2026-02-14 03:19:12.080735,Tokyo-e6fd,-27,42,Normal
2026-02-14 03:19:13.080735,Tokyo-e6fd,-10,84,Normal
2026-02-14 03:19:14.080735,Tokyo-e6fd,-9,1,Normal
2026-02-14 03:19:15.080735,Tokyo-e6fd,-12,100,Normal
2026-02-14 03:19:16.080735,Tokyo-e6fd,-11,92,Normal
2026-02-14 03:19:17.080735,Tokyo-e6fd,25,78,Normal
2026-02-14 03:19:18.080735,Tokyo-e6fd,-2,83,Normal
2026-02-14 03:19:19.080735,Tokyo-e6fd,1,27,Normal
2026-02-14 03:19:20.080735,Tokyo-e6fd,-16,81,Normal
2026-02-14 03:19:21.080735,Tokyo-e6fd,-4,66,Normal
2026-02-14 03:19:22.080735,Tokyo-e6fd,32,36,Normal
2026-02-14 03:19:23.080735,Tokyo-e6fd,26,62,Normal
2026-02-14 03:19:24.080735,Tokyo-e6fd,-13,50,Normal
2026-02-14 03:19:25.080735,Tokyo-e6fd,31,37,Normal
2026-02-14 03:19:26.080735,Tokyo-e6fd,40,57,Normal
2026-02-14 03:19:27.080735,Tokyo-e6fd,8,64,Normal
2026-02-14 03:19:28.080735,Tokyo-e6fd,17,49,Normal
2026-02-14 03:19:29.080735,Tokyo-e6fd,3,42,Normal
2026-02-14 03:19:30.080735,Tokyo-e6fd,-9,14,Normal
2026-02-14 03:19:31.080735,Tokyo-e6fd,-11,31,Normal
2026-02-14 03:19:32.080735,Tokyo-e6fd,15,27,Normal
2026-02-14 03:19:33.080735,Tokyo-e6fd,6,37,Normal
2026-02-14 03:19:34.080735,Tokyo-e6fd,-18,43,Normal
2026-02-14 03:19:35.080735,Tokyo-e6fd,33,69,Normal
2026-02-14 03:19:36.080735,Tokyo-e6fd,50,46,Normal
2026-02-14 03:19:37.080735,Tokyo-e6fd,7,89,Normal
2026-02-14 03:19:38.080735,Tokyo-e6fd,10,57,Normal
2026-02-14 03:19:39.080735,Tokyo-e6fd,-5,58,Normal
2026-02-14 03:19:40.080735,Tokyo-e6fd,45,22,Normal
2026-02-14 03:19:41.080735,Tokyo-e6fd,-21,66,Normal
2026-02-14 03:19:42.080735,Tokyo-e6fd,9,1,Normal
2026-02-14 03:19:43.080735,Tokyo-e6fd,-12,24,Normal
2026-02-14 03:19:44.080735,Tokyo-e6fd,-22,5,Normal
2026-02-14 03:19:45.080735,Tokyo-e6fd,-9,64,Normal
2026-02-14 03:19:46.080735,Tokyo-e6fd,48,84,Normal
2026-02-14 03:19:47.080735,Tokyo-e6fd,-12,87,Normal
2026-02-14 03:19:48.080735,Tokyo-e6fd,-4,75,Normal
2026-02-14 03:19:49.080735,Tokyo-e6fd,50,50,Normal
2026-02-14 03:19:50.080735,Tokyo-e6fd,-15,10,Normal
2026-02-14 03:19:51.080735,Tokyo-e6fd,40,53,Normal
2026-02-14 03:19:52.080735,Tokyo-e6fd,47,85,Normal
2026-02-14 03:19:53.080735,Tokyo-e6fd,-23,76,Normal
2026-02-14 03:19:54.080735,Tokyo-e6fd,-16,90,Normal
2026-02-14 03:19:55.080735,Tokyo-e6fd,6,55,Normal
2026-02-14 03:19:56.080735,Tokyo-e6fd,12,66,Normal
2026-02-14 03:19:57.080735,Tokyo-e6fd,-30,16,Normal
2026-02-14 03:19:58.080735,Tokyo-e6fd,12,21,Normal
2026-02-14 03:19:59.080735,Tokyo-e6fd,-6,100,Normal
2026-02-14 03:20:00.080735,Tokyo-e6fd,-21,29,Normal
2026-02-14 03:20:01.080735,Tokyo-e6fd,1,62,Normal
2026-02-14 03:20:02.080735,Tokyo-e6fd,20,34,Normal
2026-02-14 03:20:03.080735,Tokyo-e6fd,26,4,Normal
2026-02-14 03:20:04.080735,Tokyo-e6fd,26,19,Normal
2026-02-14 03:20:05.080735,Tokyo-e6fd,32,51,Normal
2026-02-14 03:20:06.080735,Tokyo-e6fd,-10,8,Normal
2026-02-14 03:20:07.080735,Tokyo-e6fd,-18,60,Normal
2026-02-14 03:20:08.080735,Tokyo-e6fd,-16,68,Normal
2026-02-14 03:20:09.080735,Tokyo-e6fd,46,63,Normal
2026-02-14 03:20:10.080735,Tokyo-e6fd,2,66,Normal
2026-02-14 03:20:11.080735,Tokyo-e6fd,37,10,Normal
2026-02-14 03:20:12.080735,Tokyo-e6fd,3,19,Normal
2026-02-14 03:20:13.080735,Tokyo-e6fd,37,99,Normal
2026-02-14 03:20:14.080735,Tokyo-e6fd,0,24,Normal
2026-02-14 03:20:15.080735,Tokyo-e6fd,-2,99,Normal
2026-02-14 03:20:16.080735,Tokyo-e6fd,37,55,Normal
2026-02-14 03:20:17.080735,Tokyo-e6fd,-14,2,Normal
2026-02-14 03:20:18.080735,Tokyo-e6fd,-25,10,Normal
2026-02-14 03:20:19.080735,Tokyo-e6fd,29,68,Normal
2026-02-14 03:20:20.080735,Tokyo-e6fd,33,79,Normal
2026-02-14 03:20:21.080735,Tokyo-e6fd,-9,85,Normal
2026-02-14 03:20:22.080735,Tokyo-e6fd,20,76,Normal
2026-02-14 03:20:23.080735,Tokyo-e6fd,-21,2,Normal
2026-02-14 03:20:24.080735,Tokyo-e6fd,-25,58,Normal
2026-02-14 03:20:25.080735,Tokyo-e6fd,10,92,Normal
2026-02-14 03:20:26.080735,Tokyo-e6fd,3,87,Normal
2026-02-14 03:20:27.080735,Tokyo-e6fd,45,76,Normal
2026-02-14 03:20:28.080735,Tokyo-e6fd,15,28,Normal
2026-02-14 03:20:29.080735,Tokyo-e6fd,-22,36,Normal
2026-02-14 03:20:30.080735,Tokyo-e6fd,41,13,Normal
2026-02-14 03:20:31.080735,Tokyo-e6fd,16,71,Normal
2026-02-14 03:20:32.080735,Tokyo-e6fd,18,80,Normal
2026-02-14 03:20:33.080735,Tokyo-e6fd,-2,45,Normal
2026-02-14 03:20:34.080735,Tokyo-e6fd,-20,40,Normal
2026-02-14 03:20:35.080735,Tokyo-e6fd,-16,20,Normal
2026-02-14 03:20:36.080735,Tokyo-e6fd,8,5,Normal
2026-02-14 03:20:37.080735,Tokyo-e6fd,13,8,Normal
2026-02-14 03:20:38.080735,Tokyo-e6fd,31,51,Normal
2026-02-14 03:20:39.080735,Tokyo-e6fd,18,82,Normal
2026-02-14 03:20:40.080735,Tokyo-e6fd,5,10,Normal
2026-02-14 03:20:41.080735,Tokyo-e6fd,8,71,Normal
2026-02-14 03:20:42.080735,Tokyo-e6fd,2,87,Normal
2026-02-14 03:20:43.080735,Tokyo-e6fd,22,77,Normal
2026-02-14 03:20:44.080735,Tokyo-e6fd,8,9,Normal
2026-02-14 03:20:45.080735,Tokyo-e6fd,-20,9,Normal
2026-02-14 03:20:46.080735,Tokyo-e6fd,22,28,Normal
2026-02-14 03:20:47.080735,Tokyo-e6fd,-26,15,Normal
2026-02-14 03:20:48.080735,Tokyo-e6fd,-28,54,Normal
2026-02-14 03:20:49.080735,Tokyo-e6fd,1,10,Normal
2026-02-14 03:20:50.080735,Tokyo-e6fd,-15,39,Normal
2026-02-14 03:20:51.080735,Tokyo-e6fd,-9,4,Normal
2026-02-14 03:20:52.080735,Tokyo-e6fd,-25,41,Normal
2026-02-14 03:20:53.080735,Tokyo-e6fd,-1,67,Normal
2026-02-14 03:20:54.080735,Tokyo-e6fd,8,34,Normal
2026-02-14 03:20:55.080735,Tokyo-e6fd,-25,16,Normal
2026-02-14 03:20:56.080735,Tokyo-e6fd,6,20,Normal
2026-02-14 03:20:57.080735,Tokyo-e6fd,31,36,Normal
2026-02-14 03:20:58.080735,Tokyo-e6fd,18,61,Normal
2026-02-14 03:20:59.080735,Tokyo-e6fd,-7,17,Normal
2026-02-14 03:21:00.080735,Tokyo-e6fd,49,83,Normal
2026-02-14 03:21:01.080735,Tokyo-e6fd,-15,66,Normal
2026-02-14 03:21:02.080735,Tokyo-e6fd,-5,12,Normal
2026-02-14 03:21:03.080735,Tokyo-e6fd,30,38,Normal
2026-02-14 03:21:04.080735,Tokyo-e6fd,35,25,Normal
2026-02-14 03:21:05.080735,Tokyo-e6fd,46,36,Normal
2026-02-14 03:21:06.080735,Tokyo-e6fd,6,35,Normal
2026-02-14 03:21:07.080735,Tokyo-e6fd,-20,45,Normal
2026-02-14 03:21:08.080735,Tokyo-e6fd,39,57,Normal
2026-02-14 03:21:09.080735,Tokyo-e6fd,-19,72,Normal
2026-02-14 03:21:10.080735,Tokyo-e6fd,-4,46,Normal
2026-02-14 03:21:11.080735,Tokyo-e6fd,5,25,Normal
2026-02-14 03:21:12.080735,Tokyo-e6fd,27,85,Normal
2026-02-14 03:21:13.080735,Tokyo-e6fd,40,0,Normal
2026-02-14 03:21:14.080735,Tokyo-e6fd,19,72,Normal
2026-02-14 03:21:15.080735,Tokyo-e6fd,-1,41,Normal
2026-02-14 03:21:16.080735,Tokyo-e6fd,34,75,Normal
2026-02-14 03:21:17.080735,Tokyo-e6fd,25,46,Normal
2026-02-14 03:21:18.080735,Tokyo-e6fd,-3,74,Normal
2026-02-14 03:21:19.080735,Tokyo-e6fd,13,20,Normal
2026-02-14 03:21:20.080735,Tokyo-e6fd,13,76,Normal
2026-02-14 03:21:21.080735,Tokyo-e6fd,13,0,Normal
2026-02-14 03:21:22.080735,Tokyo-e6fd,-25,5,Normal
2026-02-14 03:21:23.080735,Tokyo-e6fd,-21,49,Normal
2026-02-14 03:21:24.080735,Tokyo-e6fd,5,83,Normal
2026-02-14 03:21:25.080735,Tokyo-e6fd,28,1,Normal
2026-02-14 03:21:26.080735,Tokyo-e6fd,27,30,Normal
2026-02-14 03:21:27.080735,Tokyo-e6fd,28,94,Normal
2026-02-14 03:21:28.080735,Tokyo-e6fd,26,30,Normal
2026-02-14 03:21:29.080735,Tokyo-e6fd,-8,7,Normal
2026-02-14 03:21:30.080735,Tokyo-e6fd,41,46,Normal
2026-02-14 03:21:31.080735,Tokyo-e6fd,-16,73,Normal
2026-02-14 03:21:32.080735,Tokyo-e6fd,-25,61,Normal
2026-02-14 03:21:33.080735,Tokyo-e6fd,-13,98,Normal
2026-02-14 03:21:34.080735,Tokyo-e6fd,33,34,Normal
2026-02-14 03:21:35.080735,Tokyo-e6fd,6,92,Normal
2026-02-14 03:21:36.080735,Tokyo-e6fd,33,60,Normal
2026-02-14 03:21:37.080735,Tokyo-e6fd,39,60,Normal
2026-02-14 03:21:38.080735,Tokyo-e6fd,14,92,Normal
2026-02-14 03:21:39.080735,Tokyo-e6fd,35,47,Normal
2026-02-14 03:21:40.080735,Tokyo-e6fd,41,71,Normal
2026-02-14 03:21:41.080735,Tokyo-e6fd,25,78,Normal
2026-02-14 03:21:42.080735,Tokyo-e6fd,-18,85,Normal
2026-02-14 03:21:43.080735,Tokyo-e6fd,42,49,Normal
2026-02-14 03:21:44.080735,Tokyo-e6fd,43,1,Normal
2026-02-14 03:21:45.080735,Tokyo-e6fd,-3,93,Normal
2026-02-14 03:21:46.080735,Tokyo-e6fd,-18,49,Normal
2026-02-14 03:21:47.080735,Tokyo-e6fd,-14,57,Normal
2026-02-14 03:21:48.080735,Tokyo-e6fd,-13,43,Normal
2026-02-14 03:21:49.080735,Tokyo-e6fd,-19,48,Normal
2026-02-14 03:21:50.080735,Tokyo-e6fd,37,89,Normal
2026-02-14 03:21:51.080735,Tokyo-e6fd,-11,20,Normal
2026-02-14 03:21:52.080735,Tokyo-e6fd,40,92,Normal
2026-02-14 03:21:53.080735,Tokyo-e6fd,-9,50,Normal
2026-02-14 03:21:54.080735,Tokyo-e6fd,-25,45,Normal
2026-02-14 03:21:55.080735,Tokyo-e6fd,-23,75,Normal
2026-02-14 03:21:56.080735,Tokyo-e6fd,-23,71,Normal
2026-02-14 03:21:57.080735,Tokyo-e6fd,7,27,Normal
2026-02-14 03:21:58.080735,Tokyo-e6fd,-18,42,Normal
2026-02-14 03:21:59.080735,Tokyo-e6fd,44,20,Normal
2026-02-14 03:22:00.080735,Tokyo-e6fd,-20,67,Normal
2026-02-14 03:22:01.080735,Tokyo-e6fd,49,20,Normal
2026-02-14 03:22:02.080735,Tokyo-e6fd,-30,21,Normal
2026-02-14 03:22:03.080735,Tokyo-e6fd,15,74,Normal
2026-02-14 03:22:04.080735,Tokyo-e6fd,-28,8,Normal
2026-02-14 03:22:05.080735,Tokyo-e6fd,22,47,Normal
2026-02-14 03:22:06.080735,Tokyo-e6fd,32,79,Normal
2026-02-14 03:22:07.080735,Tokyo-e6fd,31,61,Normal
2026-02-14 03:22:08.080735,Tokyo-e6fd,15,35,Normal
2026-02-14 03:22:09.080735,Tokyo-e6fd,-27,92,Normal
2026-02-14 03:22:10.080735,Tokyo-e6fd,-11,94,Normal
2026-02-14 03:22:11.080735,Tokyo-e6fd,-8,78,Normal
2026-02-14 03:22:12.080735,Tokyo-e6fd,-3,77,Normal
2026-02-14 03:22:13.080735,Tokyo-e6fd,40,71,Normal
2026-02-14 03:22:14.080735,Tokyo-e6fd,-7,5,Normal
2026-02-14 03:22:15.080735,Tokyo-e6fd,-16,77,Normal
2026-02-14 03:22:16.080735,Tokyo-e6fd,9,75,Normal
2026-02-14 03:22:17.080735,Tokyo-e6fd,36,21,Normal
2026-02-14 03:22:18.080735,Tokyo-e6fd,-17,38,Normal
2026-02-14 03:22:19.080735,Tokyo-e6fd,-3,58,Normal
2026-02-14 03:22:20.080735,Tokyo-e6fd,6,90,Normal
2026-02-14 03:22:21.080735,Tokyo-e6fd,34,8,Normal
2026-02-14 03:22:22.080735,Tokyo-e6fd,34,41,Normal
2026-02-14 03:22:23.080735,Tokyo-e6fd,-15,86,Normal
2026-02-14 03:22:24.080735,Tokyo-e6fd,49,11,Normal
2026-02-14 03:22:25.080735,Tokyo-e6fd,-10,74,Normal
2026-02-14 03:22:26.080735,Tokyo-e6fd,49,0,Normal
2026-02-14 03:22:27.080735,Tokyo-e6fd,-1,78,Normal
2026-02-14 03:22:28.080735,Tokyo-e6fd,10,46,Normal
2026-02-14 03:22:29.080735,Tokyo-e6fd,36,34,Normal
2026-02-14 03:22:30.080735,Tokyo-e6fd,-4,71,Normal
2026-02-14 03:22:31.080735,Tokyo-e6fd,7,42,Normal
2026-02-14 03:22:32.080735,Tokyo-e6fd,-26,74,Normal
2026-02-14 03:22:33.080735,Tokyo-e6fd,-27,7,Normal
2026-02-14 03:22:34.080735,Tokyo-e6fd,8,35,Normal
2026-02-14 03:22:35.080735,Tokyo-e6fd,44,33,Normal
2026-02-14 03:22:36.080735,Tokyo-e6fd,-23,77,Normal
2026-02-14 03:22:37.080735,Tokyo-e6fd,5,23,Normal
2026-02-14 03:22:38.080735,Tokyo-e6fd,-13,52,Normal
2026-02-14 03:22:39.080735,Tokyo-e6fd,-25,37,Normal
2026-02-14 03:22:40.080735,Tokyo-e6fd,33,100,Normal
2026-02-14 03:22:41.080735,Tokyo-e6fd,13,6,Normal
2026-02-14 03:22:42.080735,Tokyo-e6fd,-26,78,Normal
2026-02-14 03:22:43.080735,Tokyo-e6fd,-20,26,Normal
2026-02-14 03:22:44.080735,Tokyo-e6fd,-25,12,Normal
2026-02-14 03:22:45.080735,Tokyo-e6fd,-23,61,Normal
2026-02-14 03:22:46.080735,Tokyo-e6fd,2,82,Normal
2026-02-14 03:22:47.080735,Tokyo-e6fd,19,28,Normal
2026-02-14 03:22:48.080735,Tokyo-e6fd,-15,71,Normal
2026-02-14 03:22:49.080735,Tokyo-e6fd,48,69,Normal
2026-02-14 03:22:50.080735,Tokyo-e6fd,38,81,Normal
2026-02-14 03:22:51.080735,Tokyo-e6fd,5,35,Normal
2026-02-14 03:22:52.080735,Tokyo-e6fd,39,86,Normal
2026-02-14 03:22:53.080735,Tokyo-e6fd,28,13,Normal
2026-02-14 03:22:54.080735,Tokyo-e6fd,40,35,Normal
2026-02-14 03:22:55.080735,Tokyo-e6fd,35,26,Normal
2026-02-14 03:22:56.080735,Tokyo-e6fd,-30,84,Normal
2026-02-14 03:22:57.080735,Tokyo-e6fd,-25,18,Normal
2026-02-14 03:22:58.080735,Tokyo-e6fd,25,94,Normal
2026-02-14 03:22:59.080735,Tokyo-e6fd,38,30,Normal
2026-02-14 03:23:00.080735,Tokyo-e6fd,28,15,Normal
2026-02-14 03:23:01.080735,Tokyo-e6fd,49,13,Normal
2026-02-14 03:23:02.080735,Tokyo-e6fd,48,30,Normal
2026-02-14 03:23:03.080735,Tokyo-e6fd,25,79,Normal
2026-02-14 03:23:04.080735,Tokyo-e6fd,-28,91,Normal
2026-02-14 03:23:05.080735,Tokyo-e6fd,14,62,Normal
2026-02-14 03:23:06.080735,Tokyo-e6fd,0,90,Normal
2026-02-14 03:23:07.080735,Tokyo-e6fd,-10,84,Normal
2026-02-14 03:23:08.080735,Tokyo-e6fd,13,81,Normal
2026-02-14 03:23:09.080735,Tokyo-e6fd,-24,33,Normal
2026-02-14 03:23:10.080735,Tokyo-e6fd,-26,58,Normal
2026-02-14 03:23:11.080735,Tokyo-e6fd,-7,8,Normal
2026-02-14 03:23:12.080735,Tokyo-e6fd,33,76,Normal
2026-02-14 03:23:13.080735,Tokyo-e6fd,19,20,Normal
2026-02-14 03:23:14.080735,Tokyo-e6fd,48,1,Normal
2026-02-14 03:23:15.080735,Tokyo-e6fd,-14,38,Normal
2026-02-14 03:23:16.080735,Tokyo-e6fd,-19,59,Normal
2026-02-14 03:23:17.080735,Tokyo-e6fd,49,34,Normal
2026-02-14 03:23:18.080735,Tokyo-e6fd,19,82,Normal
2026-02-14 03:23:19.080735,Tokyo-e6fd,47,20,Normal
2026-02-14 03:23:20.080735,Tokyo-e6fd,-10,61,Normal
2026-02-14 03:23:21.080735,Tokyo-e6fd,-26,75,Normal
2026-02-14 03:23:22.080735,Tokyo-e6fd,38,30,Normal
2026-02-14 03:23:23.080735,Tokyo-e6fd,23,78,Normal
2026-02-14 03:23:24.080735,Tokyo-e6fd,20,4,Normal
2026-02-14 03:23:25.080735,Tokyo-e6fd,26,91,Normal
2026-02-14 03:23:26.080735,Tokyo-e6fd,18,97,Normal
2026-02-14 03:23:27.080735,Tokyo-e6fd,21,37,Normal
2026-02-14 03:23:28.080735,Tokyo-e6fd,43,85,Normal
2026-02-14 03:23:29.080735,Tokyo-e6fd,27,99,Normal
2026-02-14 03:23:30.080735,Tokyo-e6fd,43,35,Normal
2026-02-14 03:23:31.080735,Tokyo-e6fd,0,48,Normal
2026-02-14 03:23:32.080735,Tokyo-e6fd,19,52,Normal
2026-02-14 03:23:33.080735,Tokyo-e6fd,50,31,Normal
2026-02-14 03:23:34.080735,Tokyo-e6fd,12,75,Normal
2026-02-14 03:23:35.080735,Tokyo-e6fd,35,25,Normal
2026-02-14 03:23:36.080735,Tokyo-e6fd,6,23,Normal
2026-02-14 03:23:37.080735,Tokyo-e6fd,22,45,Normal
2026-02-14 03:23:38.080735,Tokyo-e6fd,38,39,Normal
2026-02-14 03:23:39.080735,Tokyo-e6fd,38,67,Normal
2026-02-14 03:23:40.080735,Tokyo-e6fd,-29,73,Normal
2026-02-14 03:23:41.080735,Tokyo-e6fd,-8,41,Normal
2026-02-14 03:23:42.080735,Tokyo-e6fd,3,61,Normal
2026-02-14 03:23:43.080735,Tokyo-e6fd,-6,46,Normal
2026-02-14 03:23:44.080735,Tokyo-e6fd,47,44,Normal
2026-02-14 03:23:45.080735,Tokyo-e6fd,-30,19,Normal
2026-02-14 03:23:46.080735,Tokyo-e6fd,22,33,Normal
2026-02-14 03:23:47.080735,Tokyo-e6fd,45,32,Normal
2026-02-14 03:23:48.080735,Tokyo-e6fd,-11,68,Normal
2026-02-14 03:23:49.080735,Tokyo-e6fd,38,67,Normal
2026-02-14 03:23:50.080735,Tokyo-e6fd,47,47,Normal
2026-02-14 03:23:51.080735,Tokyo-e6fd,-14,44,Normal
2026-02-14 03:23:52.080735,Tokyo-e6fd,-13,23,Normal
2026-02-14 03:23:53.080735,Tokyo-e6fd,-28,0,Normal
2026-02-14 03:23:54.080735,Tokyo-e6fd,-18,90,Normal
2026-02-14 03:23:55.080735,Tokyo-e6fd,30,26,Normal
2026-02-14 03:23:56.080735,Tokyo-e6fd,32,92,Normal
2026-02-14 03:23:57.080735,Tokyo-e6fd,22,17,Normal
2026-02-14 03:23:58.080735,Tokyo-e6fd,20,75,Normal
2026-02-14 03:23:59.080735,Tokyo-e6fd,-29,97,Normal
2026-02-14 03:24:00.080735,Tokyo-e6fd,37,94,Normal
2026-02-14 03:24:01.080735,Tokyo-e6fd,-16,85,Normal
2026-02-14 03:24:02.080735,Tokyo-e6fd,13,97,Normal
2026-02-14 03:24:03.080735,Tokyo-e6fd,19,77,Normal
2026-02-14 03:24:04.080735,Tokyo-e6fd,48,1,Normal
2026-02-14 03:24:05.080735,Tokyo-e6fd,9,49,Normal
2026-02-14 03:24:06.080735,Tokyo-e6fd,6,29,Normal
2026-02-14 03:24:07.080735,Tokyo-e6fd,48,2,Normal
2026-02-14 03:24:08.080735,Tokyo-e6fd,26,94,Normal
2026-02-14 03:24:09.080735,Tokyo-e6fd,23,36,Normal
2026-02-14 03:24:10.080735,Tokyo-e6fd,30,62,Normal
2026-02-14 03:24:11.080735,Tokyo-e6fd,-12,39,Normal
2026-02-14 03:24:12.080735,Tokyo-e6fd,-28,14,Normal
2026-02-14 03:24:13.080735,Tokyo-e6fd,5,29,Normal
2026-02-14 03:24:14.080735,Tokyo-e6fd,19,29,Normal
2026-02-14 03:24:15.080735,Tokyo-e6fd,-21,5,Normal
2026-02-14 03:24:16.080735,Tokyo-e6fd,-18,90,Normal
2026-02-14 03:24:17.080735,Tokyo-e6fd,-7,90,Normal
2026-02-14 03:24:18.080735,Tokyo-e6fd,-30,96,Normal
2026-02-14 03:24:19.080735,Tokyo-e6fd,42,15,Normal
2026-02-14 03:24:20.080735,Tokyo-e6fd,11,74,Normal
2026-02-14 03:24:21.080735,Tokyo-e6fd,-20,61,Normal
2026-02-14 03:24:22.080735,Tokyo-e6fd,-11,13,Normal
2026-02-14 03:24:23.080735,Tokyo-e6fd,24,47,Normal
2026-02-14 03:24:24.080735,Tokyo-e6fd,-13,15,Normal
2026-02-14 03:24:25.080735,Tokyo-e6fd,26,79,Normal
2026-02-14 03:24:26.080735,Tokyo-e6fd,47,7,Normal
2026-02-14 03:24:27.080735,Tokyo-e6fd,-24,46,Normal
2026-02-14 03:24:28.080735,Tokyo-e6fd,-28,36,Normal
2026-02-14 03:24:29.080735,Tokyo-e6fd,-14,67,Normal
2026-02-14 03:24:30.080735,Tokyo-e6fd,-12,51,Normal
2026-02-14 03:24:31.080735,Tokyo-e6fd,2,5,Normal
2026-02-14 03:24:32.080735,Tokyo-e6fd,-26,72,Normal
2026-02-14 03:24:33.080735,Tokyo-e6fd,-25,84,Normal
2026-02-14 03:24:34.080735,Tokyo-e6fd,21,99,Normal
2026-02-14 03:24:35.080735,Tokyo-e6fd,-6,61,Normal
2026-02-14 03:24:36.080735,Tokyo-e6fd,-26,86,Normal
2026-02-14 03:24:37.080735,Tokyo-e6fd,16,58,Normal
2026-02-14 03:24:38.080735,Tokyo-e6fd,-7,76,Normal
2026-02-14 03:24:39.080735,Tokyo-e6fd,4,59,Normal
2026-02-14 03:24:40.080735,Tokyo-e6fd,23,69,Normal
2026-02-14 03:24:41.080735,Tokyo-e6fd,6,17,Normal
2026-02-14 03:24:42.080735,Tokyo-e6fd,-21,68,Normal
2026-02-14 03:24:43.080735,Tokyo-e6fd,-4,51,Normal
2026-02-14 03:24:44.080735,Tokyo-e6fd,-22,69,Normal
2026-02-14 03:24:45.080735,Tokyo-e6fd,-17,33,Normal
2026-02-14 03:24:46.080735,Tokyo-e6fd,8,64,Normal
2026-02-14 03:24:47.080735,Tokyo-e6fd,-25,8,Normal
2026-02-14 03:24:48.080735,Tokyo-e6fd,15,75,Normal
2026-02-14 03:24:49.080735,Tokyo-e6fd,-1,6,Normal
2026-02-14 03:24:50.080735,Tokyo-e6fd,-9,34,Normal
2026-02-14 03:24:51.080735,Tokyo-e6fd,42,76,Normal
2026-02-14 03:24:52.080735,Tokyo-e6fd,34,63,Normal
2026-02-14 03:24:53.080735,Tokyo-e6fd,-24,8,Normal
2026-02-14 03:24:54.080735,Tokyo-e6fd,50,26,Normal
2026-02-14 03:24:55.080735,Tokyo-e6fd,25,31,Normal
2026-02-14 03:24:56.080735,Tokyo-e6fd,11,3,Normal
2026-02-14 03:24:57.080735,Tokyo-e6fd,9,92,Normal
2026-02-14 03:24:58.080735,Tokyo-e6fd,-14,23,Normal
2026-02-14 03:24:59.080735,Tokyo-e6fd,39,2,Normal
2026-02-14 03:25:00.080735,Tokyo-e6fd,-28,37,Normal
2026-02-14 03:25:01.080735,Tokyo-e6fd,37,59,Normal
2026-02-14 03:25:02.080735,Tokyo-e6fd,20,0,Normal
2026-02-14 03:25:03.080735,Tokyo-e6fd,12,66,Normal
2026-02-14 03:25:04.080735,Tokyo-e6fd,-30,18,Normal
2026-02-14 03:25:05.080735,Tokyo-e6fd,43,99,Normal
2026-02-14 03:25:06.080735,Tokyo-e6fd,35,15,Normal
2026-02-14 03:25:07.080735,Tokyo-e6fd,-4,96,Normal
2026-02-14 03:25:08.080735,Tokyo-e6fd,30,51,Normal
2026-02-14 03:25:09.080735,Tokyo-e6fd,-24,13,Normal
2026-02-14 03:25:10.080735,Tokyo-e6fd,5,39,Normal
2026-02-14 03:25:11.080735,Tokyo-e6fd,7,5,Normal
2026-02-14 03:25:12.080735,Tokyo-e6fd,35,4,Normal
2026-02-14 03:25:13.080735,Tokyo-e6fd,50,66,Normal
2026-02-14 03:25:14.080735,Tokyo-e6fd,-18,25,Normal
2026-02-14 03:25:15.080735,Tokyo-e6fd,7,66,Normal
2026-02-14 03:25:16.080735,Tokyo-e6fd,23,93,Normal
2026-02-14 03:25:17.080735,Tokyo-e6fd,-19,99,Normal
2026-02-14 03:25:18.080735,Tokyo-e6fd,39,98,Normal
2026-02-14 03:25:19.080735,Tokyo-e6fd,-1,9,Normal
2026-02-14 03:25:20.080735,Tokyo-e6fd,-17,50,Normal
2026-02-14 03:25:21.080735,Tokyo-e6fd,30,87,Normal
2026-02-14 03:25:22.080735,Tokyo-e6fd,-18,31,Normal
2026-02-14 03:25:23.080735,Tokyo-e6fd,-7,89,Normal
2026-02-14 03:25:24.080735,Tokyo-e6fd,34,17,Normal
2026-02-14 03:25:25.080735,Tokyo-e6fd,-24,3,Normal
2026-02-14 03:25:26.080735,Tokyo-e6fd,45,18,Normal
2026-02-14 03:25:27.080735,Tokyo-e6fd,5,53,Normal
2026-02-14 03:25:28.080735,Tokyo-e6fd,11,90,Normal
2026-02-14 03:25:29.080735,Tokyo-e6fd,11,97,Normal
2026-02-14 03:25:30.080735,Tokyo-e6fd,-26,84,Normal
2026-02-14 03:25:31.080735,Tokyo-e6fd,42,28,Normal
2026-02-14 03:25:32.080735,Tokyo-e6fd,-10,75,Normal
2026-02-14 03:25:33.080735,Tokyo-e6fd,41,49,Normal
2026-02-14 03:25:34.080735,Tokyo-e6fd,19,62,Normal
2026-02-14 03:25:35.080735,Tokyo-e6fd,30,2,Normal
2026-02-14 03:25:36.080735,Tokyo-e6fd,47,45,Normal
2026-02-14 03:25:37.080735,Tokyo-e6fd,47,41,Normal
2026-02-14 03:25:38.080735,Tokyo-e6fd,11,52,Normal
2026-02-14 03:25:39.080735,Tokyo-e6fd,30,15,Normal
2026-02-14 03:25:40.080735,Tokyo-e6fd,21,67,Normal
2026-02-14 03:25:41.080735,Tokyo-e6fd,-5,85,Normal
2026-02-14 03:25:42.080735,Tokyo-e6fd,15,95,Normal
2026-02-14 03:25:43.080735,Tokyo-e6fd,-20,11,Normal
2026-02-14 03:25:44.080735,Tokyo-e6fd,49,76,Normal
2026-02-14 03:25:45.080735,Tokyo-e6fd,-8,64,Normal
2026-02-14 03:25:46.080735,Tokyo-e6fd,7,88,Normal
2026-02-14 03:25:47.080735,Tokyo-e6fd,23,98,Normal
2026-02-14 03:25:48.080735,Tokyo-e6fd,-15,66,Normal
2026-02-14 03:25:49.080735,Tokyo-e6fd,14,93,Normal
2026-02-14 03:25:50.080735,Tokyo-e6fd,3,82,Normal
2026-02-14 03:25:51.080735,Tokyo-e6fd,22,62,Normal
2026-02-14 03:25:52.080735,Tokyo-e6fd,50,99,Normal
2026-02-14 03:25:53.080735,Tokyo-e6fd,37,98,Normal
2026-02-14 03:25:54.080735,Tokyo-e6fd,-6,68,Normal
2026-02-14 03:25:55.080735,Tokyo-e6fd,19,25,Normal
2026-02-14 03:25:56.080735,Tokyo-e6fd,-15,42,Normal
2026-02-14 03:25:57.080735,Tokyo-e6fd,45,86,Normal
2026-02-14 03:25:58.080735,Tokyo-e6fd,1,48,Normal
2026-02-14 03:25:59.080735,Tokyo-e6fd,4,81,Normal
2026-02-14 03:26:00.080735,Tokyo-e6fd,8,18,Normal
2026-02-14 03:26:01.080735,Tokyo-e6fd,49,1,Normal
2026-02-14 03:26:02.080735,Tokyo-e6fd,-16,73,Normal
2026-02-14 03:26:03.080735,Tokyo-e6fd,43,61,Normal
2026-02-14 03:26:04.080735,Tokyo-e6fd,-27,70,Normal
2026-02-14 03:26:05.080735,Tokyo-e6fd,6,52,Normal
2026-02-14 03:26:06.080735,Tokyo-e6fd,24,13,Normal
2026-02-14 03:26:07.080735,Tokyo-e6fd,-8,14,Normal
2026-02-14 03:26:08.080735,Tokyo-e6fd,23,74,Normal
2026-02-14 03:26:09.080735,Tokyo-e6fd,48,65,Normal
2026-02-14 03:26:10.080735,Tokyo-e6fd,4,45,Normal
2026-02-14 03:26:11.080735,Tokyo-e6fd,-10,70,Normal
2026-02-14 03:26:12.080735,Tokyo-e6fd,5,80,Normal
2026-02-14 03:26:13.080735,Tokyo-e6fd,46,95,Normal
2026-02-14 03:26:14.080735,Tokyo-e6fd,33,67,Normal
2026-02-14 03:26:15.080735,Tokyo-e6fd,-18,71,Normal
2026-02-14 03:26:16.080735,Tokyo-e6fd,-24,37,Normal
2026-02-14 03:26:17.080735,Tokyo-e6fd,38,36,Normal
2026-02-14 03:26:18.080735,Tokyo-e6fd,5,26,Normal
2026-02-14 03:26:19.080735,Tokyo-e6fd,-25,41,Normal
2026-02-14 03:26:20.080735,Tokyo-e6fd,22,14,Normal
2026-02-14 03:26:21.080735,Tokyo-e6fd,-29,12,Normal
2026-02-14 03:26:22.080735,Tokyo-e6fd,29,100,Normal
2026-02-14 03:26:23.080735,Tokyo-e6fd,22,22,Normal
2026-02-14 03:26:24.080735,Tokyo-e6fd,1,86,Normal
2026-02-14 03:26:25.080735,Tokyo-e6fd,29,6,Normal
2026-02-14 03:26:26.080735,Tokyo-e6fd,14,25,Normal
2026-02-14 03:26:27.080735,Tokyo-e6fd,-13,70,Normal
2026-02-14 03:26:28.080735,Tokyo-e6fd,0,83,Normal
2026-02-14 03:26:29.080735,Tokyo-e6fd,9,93,Normal
2026-02-14 03:26:30.080735,Tokyo-e6fd,-2,91,Normal
2026-02-14 03:26:31.080735,Tokyo-e6fd,17,17,Normal
2026-02-14 03:26:32.080735,Tokyo-e6fd,-7,16,Normal
2026-02-14 03:26:33.080735,Tokyo-e6fd,-29,6,Normal
2026-02-14 03:26:34.080735,Tokyo-e6fd,-16,17,Normal
2026-02-14 03:26:35.080735,Tokyo-e6fd,18,44,Normal
2026-02-14 03:26:36.080735,Tokyo-e6fd,-22,27,Normal
2026-02-14 03:26:37.080735,Tokyo-e6fd,-22,28,Normal
2026-02-14 03:26:38.080735,Tokyo-e6fd,18,80,Normal
2026-02-14 03:26:39.080735,Tokyo-e6fd,34,67,Normal
2026-02-14 03:26:40.080735,Tokyo-e6fd,13,4,Normal
2026-02-14 03:26:41.080735,Tokyo-e6fd,-1,71,Normal
2026-02-14 03:26:42.080735,Tokyo-e6fd,13,82,Normal
2026-02-14 03:26:43.080735,Tokyo-e6fd,20,19,Normal
2026-02-14 03:26:44.080735,Tokyo-e6fd,-17,18,Normal
2026-02-14 03:26:45.080735,Tokyo-e6fd,36,10,Normal
2026-02-14 03:26:46.080735,Tokyo-e6fd,15,75,Normal
2026-02-14 03:26:47.080735,Tokyo-e6fd,46,97,Normal
2026-02-14 03:26:48.080735,Tokyo-e6fd,42,87,Normal
2026-02-14 03:26:49.080735,Tokyo-e6fd,48,45,Normal
2026-02-14 03:26:50.080735,Tokyo-e6fd,-11,14,Normal
2026-02-14 03:26:51.080735,Tokyo-e6fd,3,26,Normal
2026-02-14 03:26:52.080735,Tokyo-e6fd,-1,11,Normal
2026-02-14 03:26:53.080735,Tokyo-e6fd,-30,27,Normal
2026-02-14 03:26:54.080735,Tokyo-e6fd,3,33,Normal
2026-02-14 03:26:55.080735,Tokyo-e6fd,8,51,Normal
2026-02-14 03:26:56.080735,Tokyo-e6fd,2,3,Normal
2026-02-14 03:26:57.080735,Tokyo-e6fd,19,60,Normal
2026-02-14 03:26:58.080735,Tokyo-e6fd,-23,74,Normal
2026-02-14 03:26:59.080735,Tokyo-e6fd,-24,31,Normal
2026-02-14 03:27:00.080735,Tokyo-e6fd,37,44,Normal
2026-02-14 03:27:01.080735,Tokyo-e6fd,-15,47,Normal
2026-02-14 03:27:02.080735,Tokyo-e6fd,13,36,Normal
2026-02-14 03:27:03.080735,Tokyo-e6fd,48,82,Normal
2026-02-14 03:27:04.080735,Tokyo-e6fd,35,32,Normal
2026-02-14 03:27:05.080735,Tokyo-e6fd,-3,39,Normal
2026-02-14 03:27:06.080735,Tokyo-e6fd,32,25,Normal
2026-02-14 03:27:07.080735,Tokyo-e6fd,15,66,Normal
2026-02-14 03:27:08.080735,Tokyo-e6fd,43,79,Normal
2026-02-14 03:27:09.080735,Tokyo-e6fd,20,100,Normal
2026-02-14 03:27:10.080735,Tokyo-e6fd,-5,100,Normal
2026-02-14 03:27:11.080735,Tokyo-e6fd,10,31,Normal
2026-02-14 03:27:12.080735,Tokyo-e6fd,12,55,Normal
2026-02-14 03:27:13.080735,Tokyo-e6fd,39,55,Normal
2026-02-14 03:27:14.080735,Tokyo-e6fd,-13,64,Normal
2026-02-14 03:27:15.080735,Tokyo-e6fd,11,39,Normal
2026-02-14 03:27:16.080735,Tokyo-e6fd,-2,2,Normal
2026-02-14 03:27:17.080735,Tokyo-e6fd,-24,31,Normal
2026-02-14 03:27:18.080735,Tokyo-e6fd,-23,74,Normal
2026-02-14 03:27:19.080735,Tokyo-e6fd,-17,54,Normal
2026-02-14 03:27:20.080735,Tokyo-e6fd,30,78,Normal
2026-02-14 03:27:21.080735,Tokyo-e6fd,43,53,Normal
2026-02-14 03:27:22.080735,Tokyo-e6fd,20,57,Normal
2026-02-14 03:27:23.080735,Tokyo-e6fd,-2,62,Normal
2026-02-14 03:27:24.080735,Tokyo-e6fd,49,53,Normal
2026-02-14 03:27:25.080735,Tokyo-e6fd,-1,77,Normal
2026-02-14 03:27:26.080735,Tokyo-e6fd,-22,53,Normal
2026-02-14 03:27:27.080735,Tokyo-e6fd,33,56,Normal
2026-02-14 03:27:28.080735,Tokyo-e6fd,43,14,Normal
2026-02-14 03:27:29.080735,Tokyo-e6fd,42,9,Normal
2026-02-14 03:27:30.080735,Tokyo-e6fd,-14,64,Normal
2026-02-14 03:27:31.080735,Tokyo-e6fd,-9,0,Normal
2026-02-14 03:27:32.080735,Tokyo-e6fd,-2,27,Normal
2026-02-14 03:27:33.080735,Tokyo-e6fd,26,99,Normal
2026-02-14 03:27:34.080735,Tokyo-e6fd,25,15,Normal
2026-02-14 03:27:35.080735,Tokyo-e6fd,36,35,Normal
2026-02-14 03:27:36.080735,Tokyo-e6fd,30,30,Normal
2026-02-14 03:27:37.080735,Tokyo-e6fd,-11,16,Normal
2026-02-14 03:27:38.080735,Tokyo-e6fd,25,81,Normal
2026-02-14 03:27:39.080735,Tokyo-e6fd,25,49,Normal
2026-02-14 03:27:40.080735,Tokyo-e6fd,-30,1,Normal
2026-02-14 03:27:41.080735,Tokyo-e6fd,32,9,Normal
2026-02-14 03:27:42.080735,Tokyo-e6fd,6,11,Normal
2026-02-14 03:27:43.080735,Tokyo-e6fd,-19,38,Normal
2026-02-14 03:27:44.080735,Tokyo-e6fd,-19,2,Normal
2026-02-14 03:27:45.080735,Tokyo-e6fd,-10,35,Normal
2026-02-14 03:27:46.080735,Tokyo-e6fd,13,51,Normal
2026-02-14 03:27:47.080735,Tokyo-e6fd,8,73,Normal
2026-02-14 03:27:48.080735,Tokyo-e6fd,9,15,Normal
2026-02-14 03:27:49.080735,Tokyo-e6fd,15,28,Normal
2026-02-14 03:27:50.080735,Tokyo-e6fd,-11,48,Normal
2026-02-14 03:27:51.080735,Tokyo-e6fd,-24,64,Normal
2026-02-14 03:27:52.080735,Tokyo-e6fd,47,94,Normal
2026-02-14 03:27:53.080735,Tokyo-e6fd,5,60,Normal
2026-02-14 03:27:54.080735,Tokyo-e6fd,47,63,Normal
2026-02-14 03:27:55.080735,Tokyo-e6fd,5,70,Normal
2026-02-14 03:27:56.080735,Tokyo-e6fd,-2,81,Normal
2026-02-14 03:27:57.080735,Tokyo-e6fd,37,13,Normal
2026-02-14 03:27:58.080735,Tokyo-e6fd,43,12,Normal
2026-02-14 03:27:59.080735,Tokyo-e6fd,45,3,Normal
2026-02-14 03:28:00.080735,Tokyo-e6fd,-22,43,Normal
2026-02-14 03:28:01.080735,Tokyo-e6fd,36,24,Normal
2026-02-14 03:28:02.080735,Tokyo-e6fd,-29,1,Normal
2026-02-14 03:28:03.080735,Tokyo-e6fd,-12,58,Normal
2026-02-14 03:28:04.080735,Tokyo-e6fd,-26,83,Normal
2026-02-14 03:28:05.080735,Tokyo-e6fd,39,8,Normal
2026-02-14 03:28:06.080735,Tokyo-e6fd,-2,22,Normal
2026-02-14 03:28:07.080735,Tokyo-e6fd,21,54,Normal
2026-02-14 03:28:08.080735,Tokyo-e6fd,-28,49,Normal
2026-02-14 03:28:09.080735,Tokyo-e6fd,-5,77,Normal
2026-02-14 03:28:10.080735,Tokyo-e6fd,12,11,Normal
2026-02-14 03:28:11.080735,Tokyo-e6fd,36,55,Normal
2026-02-14 03:28:12.080735,Tokyo-e6fd,17,21,Normal
2026-02-14 03:28:13.080735,Tokyo-e6fd,-6,79,Normal
2026-02-14 03:28:14.080735,Tokyo-e6fd,23,10,Normal
2026-02-14 03:28:15.080735,Tokyo-e6fd,39,44,Normal
2026-02-14 03:28:16.080735,Tokyo-e6fd,-11,98,Normal
2026-02-14 03:28:17.080735,Tokyo-e6fd,7,83,Normal
2026-02-14 03:28:18.080735,Tokyo-e6fd,32,91,Normal
2026-02-14 03:28:19.080735,Tokyo-e6fd,-26,21,Normal
2026-02-14 03:28:20.080735,Tokyo-e6fd,-4,51,Normal
2026-02-14 03:28:21.080735,Tokyo-e6fd,-23,30,Normal
2026-02-14 03:28:22.080735,Tokyo-e6fd,10,38,Normal
2026-02-14 03:28:23.080735,Tokyo-e6fd,33,100,Normal
2026-02-14 03:28:24.080735,Tokyo-e6fd,37,29,Normal
2026-02-14 03:28:25.080735,Tokyo-e6fd,5,96,Normal
2026-02-14 03:28:26.080735,Tokyo-e6fd,-10,72,Normal
2026-02-14 03:28:27.080735,Tokyo-e6fd,0,28,Normal
2026-02-14 03:28:28.080735,Tokyo-e6fd,42,74,Normal
2026-02-14 03:28:29.080735,Tokyo-e6fd,18,88,Normal
2026-02-14 03:28:30.080735,Tokyo-e6fd,-7,4,Normal
2026-02-14 03:28:31.080735,Tokyo-e6fd,-21,35,Normal
2026-02-14 03:28:32.080735,Tokyo-e6fd,49,1,Normal
2026-02-14 03:28:33.080735,Tokyo-e6fd,24,73,Normal
2026-02-14 03:28:34.080735,Tokyo-e6fd,-21,11,Normal
2026-02-14 03:28:35.080735,Tokyo-e6fd,34,62,Normal
2026-02-14 03:28:36.080735,Tokyo-e6fd,40,58,Normal
2026-02-14 03:28:37.080735,Tokyo-e6fd,-13,42,Normal
2026-02-14 03:28:38.080735,Tokyo-e6fd,-22,0,Normal
2026-02-14 03:28:39.080735,Tokyo-e6fd,50,12,Normal
2026-02-14 03:28:40.080735,Tokyo-e6fd,41,31,Normal
2026-02-14 03:28:41.080735,Tokyo-e6fd,-18,43,Normal
2026-02-14 03:28:42.080735,Tokyo-e6fd,44,2,Normal
2026-02-14 03:28:43.080735,Tokyo-e6fd,38,25,Normal
2026-02-14 03:28:44.080735,Tokyo-e6fd,34,21,Normal
2026-02-14 03:28:45.080735,Tokyo-e6fd,37,39,Normal
2026-02-14 03:28:46.080735,Tokyo-e6fd,31,7,Normal
2026-02-14 03:28:47.080735,Tokyo-e6fd,27,1,Normal
2026-02-14 03:28:48.080735,Tokyo-e6fd,-30,2,Normal
2026-02-14 03:28:49.080735,Tokyo-e6fd,27,61,Normal
2026-02-14 03:28:50.080735,Tokyo-e6fd,42,4,Normal
2026-02-14 03:28:51.080735,Tokyo-e6fd,32,0,Normal
2026-02-14 03:28:52.080735,Tokyo-e6fd,-19,49,Normal
2026-02-14 03:28:53.080735,Tokyo-e6fd,31,55,Normal
2026-02-14 03:28:54.080735,Tokyo-e6fd,27,45,Normal
2026-02-14 03:28:55.080735,Tokyo-e6fd,9,38,Normal
2026-02-14 03:28:56.080735,Tokyo-e6fd,27,53,Normal
2026-02-14 03:28:57.080735,Tokyo-e6fd,41,55,Normal
2026-02-14 03:28:58.080735,Tokyo-e6fd,-5,12,Normal
2026-02-14 03:28:59.080735,Tokyo-e6fd,33,92,Normal
2026-02-14 03:29:00.080735,Tokyo-e6fd,-27,2,Normal
2026-02-14 03:29:01.080735,Tokyo-e6fd,-11,78,Normal
2026-02-14 03:29:02.080735,Tokyo-e6fd,-6,15,Normal
2026-02-14 03:29:03.080735,Tokyo-e6fd,0,3,Normal
2026-02-14 03:29:04.080735,Tokyo-e6fd,-17,98,Normal
2026-02-14 03:29:05.080735,Tokyo-e6fd,41,17,Normal
2026-02-14 03:29:06.080735,Tokyo-e6fd,-8,31,Normal
2026-02-14 03:29:07.080735,Tokyo-e6fd,33,12,Normal
2026-02-14 03:29:08.080735,Tokyo-e6fd,-21,30,Normal
2026-02-14 03:29:09.080735,Tokyo-e6fd,4,55,Normal
2026-02-14 03:29:10.080735,Tokyo-e6fd,0,37,Normal
2026-02-14 03:29:11.080735,Tokyo-e6fd,23,49,Normal
2026-02-14 03:29:12.080735,Tokyo-e6fd,-17,65,Normal
2026-02-14 03:29:13.080735,Tokyo-e6fd,6,61,Normal
2026-02-14 03:29:14.080735,Tokyo-e6fd,35,39,Normal
2026-02-14 03:29:15.080735,Tokyo-e6fd,11,100,Normal
2026-02-14 03:29:16.080735,Tokyo-e6fd,-20,56,Normal
2026-02-14 03:29:17.080735,Tokyo-e6fd,49,65,Normal
2026-02-14 03:29:18.080735,Tokyo-e6fd,-13,28,Normal
2026-02-14 03:29:19.080735,Tokyo-e6fd,48,34,Normal
2026-02-14 03:29:20.080735,Tokyo-e6fd,15,33,Normal
2026-02-14 03:29:21.080735,Tokyo-e6fd,20,93,Normal
2026-02-14 03:29:22.080735,Tokyo-e6fd,-30,17,Normal
2026-02-14 03:29:23.080735,Tokyo-e6fd,12,83,Normal
2026-02-14 03:29:24.080735,Tokyo-e6fd,39,17,Normal
2026-02-14 03:29:25.080735,Tokyo-e6fd,-7,10,Normal
2026-02-14 03:29:26.080735,Tokyo-e6fd,9,3,Normal
2026-02-14 03:29:27.080735,Tokyo-e6fd,9,68,Normal
2026-02-14 03:29:28.080735,Tokyo-e6fd,-27,20,Normal
2026-02-14 03:29:29.080735,Tokyo-e6fd,15,49,Normal
2026-02-14 03:29:30.080735,Tokyo-e6fd,6,71,Normal
2026-02-14 03:29:31.080735,Tokyo-e6fd,1,10,Normal
2026-02-14 03:29:32.080735,Tokyo-e6fd,-20,95,Normal
2026-02-14 03:29:33.080735,Tokyo-e6fd,5,33,Normal
2026-02-14 03:29:34.080735,Tokyo-e6fd,-7,88,Normal
2026-02-14 03:29:35.080735,Tokyo-e6fd,-30,95,Normal
2026-02-14 03:29:36.080735,Tokyo-e6fd,-24,52,Normal
2026-02-14 03:29:37.080735,Tokyo-e6fd,-13,36,Normal
2026-02-14 03:29:38.080735,Tokyo-e6fd,25,81,Normal
2026-02-14 03:29:39.080735,Tokyo-e6fd,40,88,Normal
2026-02-14 03:29:40.080735,Tokyo-e6fd,8,52,Normal
2026-02-14 03:29:41.080735,Tokyo-e6fd,18,61,Normal
2026-02-14 03:29:42.080735,Tokyo-e6fd,27,32,Normal
2026-02-14 03:29:43.080735,Tokyo-e6fd,-7,27,Normal
2026-02-14 03:29:44.080735,Tokyo-e6fd,49,12,Normal
2026-02-14 03:29:45.080735,Tokyo-e6fd,9,55,Normal
2026-02-14 03:29:46.080735,Tokyo-e6fd,22,13,Normal
2026-02-14 03:29:47.080735,Tokyo-e6fd,31,68,Normal
2026-02-14 03:29:48.080735,Tokyo-e6fd,4,82,Normal
2026-02-14 03:29:49.080735,Tokyo-e6fd,-8,82,Normal
2026-02-14 03:29:50.080735,Tokyo-e6fd,13,77,Normal
2026-02-14 03:29:51.080735,Tokyo-e6fd,25,1,Normal
2026-02-14 03:29:52.080735,Tokyo-e6fd,-19,71,Normal
2026-02-14 03:29:53.080735,Tokyo-e6fd,-20,38,Normal
2026-02-14 03:29:54.080735,Tokyo-e6fd,-26,73,Normal
2026-02-14 03:29:55.080735,Tokyo-e6fd,8,28,Normal
2026-02-14 03:29:56.080735,Tokyo-e6fd,14,92,Normal
2026-02-14 03:29:57.080735,Tokyo-e6fd,49,89,Normal
2026-02-14 03:29:58.080735,Tokyo-e6fd,-15,42,Normal
2026-02-14 03:29:59.080735,Tokyo-e6fd,10,1,Normal
2026-02-14 03:30:00.080735,Tokyo-e6fd,4,46,Normal
2026-02-14 03:30:01.080735,Tokyo-e6fd,-5,20,Normal
2026-02-14 03:30:02.080735,Tokyo-e6fd,9,96,Normal
2026-02-14 03:30:03.080735,Tokyo-e6fd,12,34,Normal
2026-02-14 03:30:04.080735,Tokyo-e6fd,46,92,Normal
2026-02-14 03:30:05.080735,Tokyo-e6fd,-15,96,Normal
2026-02-14 03:30:06.080735,Tokyo-e6fd,-28,4,Normal
2026-02-14 03:30:07.080735,Tokyo-e6fd,14,32,Normal
2026-02-14 03:30:08.080735,Tokyo-e6fd,47,96,Normal
2026-02-14 03:30:09.080735,Tokyo-e6fd,20,9,Normal
2026-02-14 03:30:10.080735,Tokyo-e6fd,44,56,Normal
2026-02-14 03:30:11.080735,Tokyo-e6fd,23,47,Normal
2026-02-14 03:30:12.080735,Tokyo-e6fd,-17,49,Normal
2026-02-14 03:30:13.080735,Tokyo-e6fd,-25,22,Normal
2026-02-14 03:30:14.080735,Tokyo-e6fd,-23,49,Normal
2026-02-14 03:30:15.080735,Tokyo-e6fd,38,67,Normal
2026-02-14 03:30:16.080735,Tokyo-e6fd,39,86,Normal
2026-02-14 03:30:17.080735,Tokyo-e6fd,-18,26,Normal
2026-02-14 03:30:18.080735,Tokyo-e6fd,-18,79,Normal
2026-02-14 03:30:19.080735,Tokyo-e6fd,14,16,Normal
2026-02-14 03:30:20.080735,Tokyo-e6fd,-7,77,Normal
2026-02-14 03:30:21.080735,Tokyo-e6fd,46,7,Normal
2026-02-14 03:30:22.080735,Tokyo-e6fd,2,80,Normal
2026-02-14 03:30:23.080735,Tokyo-e6fd,-6,60,Normal
2026-02-14 03:30:24.080735,Tokyo-e6fd,-17,92,Normal
2026-02-14 03:30:25.080735,Tokyo-e6fd,43,81,Normal
2026-02-14 03:30:26.080735,Tokyo-e6fd,-10,55,Normal
2026-02-14 03:30:27.080735,Tokyo-e6fd,-25,45,Normal
2026-02-14 03:30:28.080735,Tokyo-e6fd,5,59,Normal
2026-02-14 03:30:29.080735,Tokyo-e6fd,-23,21,Normal
2026-02-14 03:30:30.080735,Tokyo-e6fd,45,54,Normal
2026-02-14 03:30:31.080735,Tokyo-e6fd,-5,35,Normal
2026-02-14 03:30:32.080735,Tokyo-e6fd,24,53,Normal
2026-02-14 03:30:33.080735,Tokyo-e6fd,50,14,Normal
2026-02-14 03:30:34.080735,Tokyo-e6fd,4,77,Normal
2026-02-14 03:30:35.080735,Tokyo-e6fd,17,12,Normal
2026-02-14 03:30:36.080735,Tokyo-e6fd,19,54,Normal
2026-02-14 03:30:37.080735,Tokyo-e6fd,10,30,Normal
2026-02-14 03:30:38.080735,Tokyo-e6fd,-10,35,Normal
2026-02-14 03:30:39.080735,Tokyo-e6fd,-29,79,Normal
2026-02-14 03:30:40.080735,Tokyo-e6fd,46,47,Normal
2026-02-14 03:30:41.080735,Tokyo-e6fd,-13,65,Normal
2026-02-14 03:30:42.080735,Tokyo-e6fd,-18,42,Normal
2026-02-14 03:30:43.080735,Tokyo-e6fd,23,45,Normal
2026-02-14 03:30:44.080735,Tokyo-e6fd,-10,71,Normal
2026-02-14 03:30:45.080735,Tokyo-e6fd,2,85,Normal
2026-02-14 03:30:46.080735,Tokyo-e6fd,-9,49,Normal
2026-02-14 03:30:47.080735,Tokyo-e6fd,11,60,Normal
2026-02-14 03:30:48.080735,Tokyo-e6fd,24,73,Normal
2026-02-14 03:30:49.080735,Tokyo-e6fd,46,94,Normal
2026-02-14 03:30:50.080735,Tokyo-e6fd,26,100,Normal
2026-02-14 03:30:51.080735,Tokyo-e6fd,-30,35,Normal
2026-02-14 03:30:52.080735,Tokyo-e6fd,-11,93,Normal
2026-02-14 03:30:53.080735,Tokyo-e6fd,24,20,Normal
2026-02-14 03:30:54.080735,Tokyo-e6fd,37,13,Normal
2026-02-14 03:30:55.080735,Tokyo-e6fd,-12,2,Normal
2026-02-14 03:30:56.080735,Tokyo-e6fd,-23,66,Normal
2026-02-14 03:30:57.080735,Tokyo-e6fd,-1,22,Normal
2026-02-14 03:30:58.080735,Tokyo-e6fd,18,32,Normal
2026-02-14 03:30:59.080735,Tokyo-e6fd,30,84,Normal
2026-02-14 03:31:00.080735,Tokyo-e6fd,-26,16,Normal
2026-02-14 03:31:01.080735,Tokyo-e6fd,11,38,Normal
2026-02-14 03:31:02.080735,Tokyo-e6fd,28,77,Normal
2026-02-14 03:31:03.080735,Tokyo-e6fd,-23,46,Normal
2026-02-14 03:31:04.080735,Tokyo-e6fd,-30,88,Normal
2026-02-14 03:31:05.080735,Tokyo-e6fd,26,92,Normal
2026-02-14 03:31:06.080735,Tokyo-e6fd,5,21,Normal
2026-02-14 03:31:07.080735,Tokyo-e6fd,20,76,Normal
2026-02-14 03:31:08.080735,Tokyo-e6fd,38,8,Normal
2026-02-14 03:31:09.080735,Tokyo-e6fd,33,52,Normal
2026-02-14 03:31:10.080735,Tokyo-e6fd,6,15,Normal
2026-02-14 03:31:11.080735,Tokyo-e6fd,-9,57,Normal
2026-02-14 03:31:12.080735,Tokyo-e6fd,47,17,Normal
2026-02-14 03:31:13.080735,Tokyo-e6fd,39,26,Normal
2026-02-14 03:31:14.080735,Tokyo-e6fd,-6,100,Normal
2026-02-14 03:31:15.080735,Tokyo-e6fd,1,46,Normal
2026-02-14 03:31:16.080735,Tokyo-e6fd,4,4,Normal
2026-02-14 03:31:17.080735,Tokyo-e6fd,29,96,Normal
2026-02-14 03:31:18.080735,Tokyo-e6fd,35,24,Normal
2026-02-14 03:31:19.080735,Tokyo-e6fd,-26,63,Normal
2026-02-14 03:31:20.080735,Tokyo-e6fd,-17,8,Normal
2026-02-14 03:31:21.080735,Tokyo-e6fd,50,5,Normal
2026-02-14 03:31:22.080735,Tokyo-e6fd,4,64,Normal
2026-02-14 03:31:23.080735,Tokyo-e6fd,6,50,Normal
2026-02-14 03:31:24.080735,Tokyo-e6fd,-20,40,Normal
2026-02-14 03:31:25.080735,Tokyo-e6fd,48,73,Normal
2026-02-14 03:31:26.080735,Tokyo-e6fd,-20,88,Normal
2026-02-14 03:31:27.080735,Tokyo-e6fd,-17,35,Normal
2026-02-14 03:31:28.080735,Tokyo-e6fd,-18,83,Normal
2026-02-14 03:31:29.080735,Tokyo-e6fd,-9,51,Normal
2026-02-14 03:31:30.080735,Tokyo-e6fd,9,51,Normal
2026-02-14 03:31:31.080735,Tokyo-e6fd,28,41,Normal
2026-02-14 03:31:32.080735,Tokyo-e6fd,44,100,Normal
2026-02-14 03:31:33.080735,Tokyo-e6fd,-13,79,Normal
2026-02-14 03:31:34.080735,Tokyo-e6fd,-6,51,Normal
2026-02-14 03:31:35.080735,Tokyo-e6fd,25,47,Normal
2026-02-14 03:31:36.080735,Tokyo-e6fd,-11,19,Normal
2026-02-14 03:31:37.080735,Tokyo-e6fd,0,23,Normal
2026-02-14 03:31:38.080735,Tokyo-e6fd,-18,94,Normal
2026-02-14 03:31:39.080735,Tokyo-e6fd,26,14,Normal
2026-02-14 03:31:40.080735,Tokyo-e6fd,24,69,Normal
2026-02-14 03:31:41.080735,Tokyo-e6fd,37,33,Normal
2026-02-14 03:31:42.080735,Tokyo-e6fd,48,1,Normal
2026-02-14 03:31:43.080735,Tokyo-e6fd,-15,7,Normal
2026-02-14 03:31:44.080735,Tokyo-e6fd,-10,48,Normal
2026-02-14 03:31:45.080735,Tokyo-e6fd,44,58,Normal
2026-02-14 03:31:46.080735,Tokyo-e6fd,2,43,Normal
2026-02-14 03:31:47.080735,Tokyo-e6fd,-29,14,Normal
2026-02-14 03:31:48.080735,Tokyo-e6fd,31,8,Normal
2026-02-14 03:31:49.080735,Tokyo-e6fd,45,53,Normal
2026-02-14 03:31:50.080735,Tokyo-e6fd,27,27,Normal
2026-02-14 03:31:51.080735,Tokyo-e6fd,48,71,Normal
2026-02-14 03:31:52.080735,Tokyo-e6fd,-5,52,Normal
2026-02-14 03:31:53.080735,Tokyo-e6fd,-8,99,Normal
2026-02-14 03:31:54.080735,Tokyo-e6fd,20,78,Normal
2026-02-14 03:31:55.080735,Tokyo-e6fd,-11,64,Normal
2026-02-14 03:31:56.080735,Tokyo-e6fd,-12,8,Normal
2026-02-14 03:31:57.080735,Tokyo-e6fd,-18,88,Normal
2026-02-14 03:31:58.080735,Tokyo-e6fd,44,99,Normal
2026-02-14 03:31:59.080735,Tokyo-e6fd,23,54,Normal
2026-02-14 03:32:00.080735,Tokyo-e6fd,23,29,Normal
2026-02-14 03:32:01.080735,Tokyo-e6fd,-27,30,Normal
2026-02-14 03:32:02.080735,Tokyo-e6fd,9,74,Normal
2026-02-14 03:32:03.080735,Tokyo-e6fd,36,49,Normal
2026-02-14 03:32:04.080735,Tokyo-e6fd,45,93,Normal
2026-02-14 03:32:05.080735,Tokyo-e6fd,40,37,Normal
2026-02-14 03:32:06.080735,Tokyo-e6fd,4,89,Normal
2026-02-14 03:32:07.080735,Tokyo-e6fd,-8,97,Normal
2026-02-14 03:32:08.080735,Tokyo-e6fd,46,29,Normal
2026-02-14 03:32:09.080735,Tokyo-e6fd,-29,34,Normal
2026-02-14 03:32:10.080735,Tokyo-e6fd,15,42,Normal
2026-02-14 03:32:11.080735,Tokyo-e6fd,8,20,Normal
2026-02-14 03:32:12.080735,Tokyo-e6fd,39,71,Normal
2026-02-14 03:32:13.080735,Tokyo-e6fd,22,13,Normal
2026-02-14 03:32:14.080735,Tokyo-e6fd,37,76,Normal
2026-02-14 03:32:15.080735,Tokyo-e6fd,-3,10,Normal
2026-02-14 03:32:16.080735,Tokyo-e6fd,45,4,Normal
2026-02-14 03:32:17.080735,Tokyo-e6fd,-11,40,Normal
2026-02-14 03:32:18.080735,Tokyo-e6fd,32,32,Normal
2026-02-14 03:32:19.080735,Tokyo-e6fd,11,70,Normal
2026-02-14 03:32:20.080735,Tokyo-e6fd,49,79,Normal
2026-02-14 03:32:21.080735,Tokyo-e6fd,33,36,Normal
2026-02-14 03:32:22.080735,Tokyo-e6fd,-27,86,Normal
2026-02-14 03:32:23.080735,Tokyo-e6fd,11,41,Normal
2026-02-14 03:32:24.080735,Tokyo-e6fd,-19,50,Normal
2026-02-14 03:32:25.080735,Tokyo-e6fd,43,42,Normal
2026-02-14 03:32:26.080735,Tokyo-e6fd,30,44,Normal
2026-02-14 03:32:27.080735,Tokyo-e6fd,44,99,Normal
2026-02-14 03:32:28.080735,Tokyo-e6fd,-27,29,Normal
2026-02-14 03:32:29.080735,Tokyo-e6fd,-22,24,Normal
2026-02-14 03:32:30.080735,Tokyo-e6fd,19,83,Normal
2026-02-14 03:32:31.080735,Tokyo-e6fd,6,99,Normal
2026-02-14 03:32:32.080735,Tokyo-e6fd,-1,88,Normal
2026-02-14 03:32:33.080735,Tokyo-e6fd,-18,97,Normal
2026-02-14 03:32:34.080735,Tokyo-e6fd,-30,22,Normal
2026-02-14 03:32:35.080735,Tokyo-e6fd,-19,41,Normal
2026-02-14 03:32:36.080735,Tokyo-e6fd,-18,16,Normal
2026-02-14 03:32:37.080735,Tokyo-e6fd,21,80,Normal
2026-02-14 03:32:38.080735,Tokyo-e6fd,46,16,Normal
2026-02-14 03:32:39.080735,Tokyo-e6fd,36,27,Normal
2026-02-14 03:32:40.080735,Tokyo-e6fd,3,6,Normal
2026-02-14 03:32:41.080735,Tokyo-e6fd,-24,82,Normal
2026-02-14 03:32:42.080735,Tokyo-e6fd,-10,38,Normal
2026-02-14 03:32:43.080735,Tokyo-e6fd,-28,79,Normal
2026-02-14 03:32:44.080735,Tokyo-e6fd,36,85,Normal
2026-02-14 03:32:45.080735,Tokyo-e6fd,29,86,Normal
2026-02-14 03:32:46.080735,Tokyo-e6fd,19,56,Normal
2026-02-14 03:32:47.080735,Tokyo-e6fd,-21,26,Normal
2026-02-14 03:32:48.080735,Tokyo-e6fd,-5,42,Normal
2026-02-14 03:32:49.080735,Tokyo-e6fd,48,59,Normal
2026-02-14 03:32:50.080735,Tokyo-e6fd,-30,32,Normal
2026-02-14 03:32:51.080735,Tokyo-e6fd,-23,32,Normal
2026-02-14 03:32:52.080735,Tokyo-e6fd,-18,96,Normal
2026-02-14 03:32:53.080735,Tokyo-e6fd,43,28,Normal
2026-02-14 03:32:54.080735,Tokyo-e6fd,41,92,Normal
2026-02-14 03:32:55.080735,Tokyo-e6fd,31,66,Normal
2026-02-14 03:32:56.080735,Tokyo-e6fd,45,2,Normal
2026-02-14 03:32:57.080735,Tokyo-e6fd,-18,52,Normal
2026-02-14 03:32:58.080735,Tokyo-e6fd,26,100,Normal
2026-02-14 03:32:59.080735,Tokyo-e6fd,18,55,Normal
2026-02-14 03:33:00.080735,Tokyo-e6fd,-6,38,Normal
2026-02-14 03:33:01.080735,Tokyo-e6fd,10,63,Normal
2026-02-14 03:33:02.080735,Tokyo-e6fd,6,60,Normal
2026-02-14 03:33:03.080735,Tokyo-e6fd,10,40,Normal
2026-02-14 03:33:04.080735,Tokyo-e6fd,-9,35,Normal
2026-02-14 03:33:05.080735,Tokyo-e6fd,35,78,Normal
2026-02-14 03:33:06.080735,Tokyo-e6fd,11,11,Normal
2026-02-14 03:33:07.080735,Tokyo-e6fd,48,11,Normal
2026-02-14 03:33:08.080735,Tokyo-e6fd,47,99,Normal
2026-02-14 03:33:09.080735,Tokyo-e6fd,-20,26,Normal
2026-02-14 03:33:10.080735,Tokyo-e6fd,7,58,Normal
2026-02-14 03:33:11.080735,Tokyo-e6fd,-11,66,Normal
2026-02-14 03:33:12.080735,Tokyo-e6fd,14,72,Normal
2026-02-14 03:33:13.080735,Tokyo-e6fd,48,33,Normal
2026-02-14 03:33:14.080735,Tokyo-e6fd,24,16,Normal
2026-02-14 03:33:15.080735,Tokyo-e6fd,5,23,Normal
2026-02-14 03:33:16.080735,Tokyo-e6fd,-10,7,Normal
2026-02-14 03:33:17.080735,Tokyo-e6fd,31,18,Normal
2026-02-14 03:33:18.080735,Tokyo-e6fd,5,86,Normal
2026-02-14 03:33:19.080735,Tokyo-e6fd,24,31,Normal
2026-02-14 03:33:20.080735,Tokyo-e6fd,36,3,Normal
2026-02-14 03:33:21.080735,Tokyo-e6fd,47,29,Normal
2026-02-14 03:33:22.080735,Tokyo-e6fd,-1,70,Normal
2026-02-14 03:33:23.080735,Tokyo-e6fd,27,74,Normal
2026-02-14 03:33:24.080735,Tokyo-e6fd,-12,72,Normal
2026-02-14 03:33:25.080735,Tokyo-e6fd,11,89,Normal
2026-02-14 03:33:26.080735,Tokyo-e6fd,44,50,Normal
2026-02-14 03:33:27.080735,Tokyo-e6fd,7,99,Normal
2026-02-14 03:33:28.080735,Tokyo-e6fd,-1,9,Normal
2026-02-14 03:33:29.080735,Tokyo-e6fd,22,72,Normal
2026-02-14 03:33:30.080735,Tokyo-e6fd,41,67,Normal
2026-02-14 03:33:31.080735,Tokyo-e6fd,19,13,Normal
2026-02-14 03:33:32.080735,Tokyo-e6fd,33,27,Normal
2026-02-14 03:33:33.080735,Tokyo-e6fd,-6,14,Normal
2026-02-14 03:33:34.080735,Tokyo-e6fd,-12,12,Normal
2026-02-14 03:33:35.080735,Tokyo-e6fd,8,99,Normal
2026-02-14 03:33:36.080735,Tokyo-e6fd,4,89,Normal
2026-02-14 03:33:37.080735,Tokyo-e6fd,11,69,Normal
2026-02-14 03:33:38.080735,Tokyo-e6fd,36,92,Normal
2026-02-14 03:33:39.080735,Tokyo-e6fd,44,17,Normal
2026-02-14 03:33:40.080735,Tokyo-e6fd,26,77,Normal
2026-02-14 03:33:41.080735,Tokyo-e6fd,34,38,Normal
2026-02-14 03:33:42.080735,Tokyo-e6fd,-1,0,Normal
2026-02-14 03:33:43.080735,Tokyo-e6fd,15,94,Normal
2026-02-14 03:33:44.080735,Tokyo-e6fd,-6,67,Normal
2026-02-14 03:33:45.080735,Tokyo-e6fd,12,51,Normal
2026-02-14 03:33:46.080735,Tokyo-e6fd,26,54,Normal
2026-02-14 03:33:47.080735,Tokyo-e6fd,-28,47,Normal
2026-02-14 03:33:48.080735,Tokyo-e6fd,21,47,Normal
2026-02-14 03:33:49.080735,Tokyo-e6fd,29,86,Normal
2026-02-14 03:33:50.080735,Tokyo-e6fd,31,17,Normal
2026-02-14 03:33:51.080735,Tokyo-e6fd,16,47,Normal
2026-02-14 03:33:52.080735,Tokyo-e6fd,31,23,Normal
2026-02-14 03:33:53.080735,Tokyo-e6fd,6,32,Normal
2026-02-14 03:33:54.080735,Tokyo-e6fd,-2,92,Normal
2026-02-14 03:33:55.080735,Tokyo-e6fd,-1,77,Normal
2026-02-14 03:33:56.080735,Tokyo-e6fd,-6,95,Normal
2026-02-14 03:33:57.080735,Tokyo-e6fd,32,7,Normal
2026-02-14 03:33:58.080735,Tokyo-e6fd,28,56,Normal
2026-02-14 03:33:59.080735,Tokyo-e6fd,44,16,Normal
2026-02-14 03:34:00.080735,Tokyo-e6fd,-3,7,Normal
2026-02-14 03:34:01.080735,Tokyo-e6fd,-19,71,Normal
2026-02-14 03:34:02.080735,Tokyo-e6fd,9,82,Normal
2026-02-14 03:34:03.080735,Tokyo-e6fd,0,84,Normal
2026-02-14 03:34:04.080735,Tokyo-e6fd,-19,11,Normal
2026-02-14 03:34:05.080735,Tokyo-e6fd,5,0,Normal
2026-02-14 03:34:06.080735,Tokyo-e6fd,-14,0,Normal
2026-02-14 03:34:07.080735,Tokyo-e6fd,-29,12,Normal
2026-02-14 03:34:08.080735,Tokyo-e6fd,36,71,Normal
2026-02-14 03:34:09.080735,Tokyo-e6fd,39,67,Normal
2026-02-14 03:34:10.080735,Tokyo-e6fd,39,19,Normal
2026-02-14 03:34:11.080735,Tokyo-e6fd,32,0,Normal
2026-02-14 03:34:12.080735,Tokyo-e6fd,9,74,Normal
2026-02-14 03:34:13.080735,Tokyo-e6fd,23,95,Normal
2026-02-14 03:34:14.080735,Tokyo-e6fd,43,28,Normal
2026-02-14 03:34:15.080735,Tokyo-e6fd,39,6,Normal
2026-02-14 03:34:16.080735,Tokyo-e6fd,37,100,Normal
2026-02-14 03:34:17.080735,Tokyo-e6fd,28,64,Normal
2026-02-14 03:34:18.080735,Tokyo-e6fd,-24,98,Normal
2026-02-14 03:34:19.080735,Tokyo-e6fd,34,45,Normal
2026-02-14 03:34:20.080735,Tokyo-e6fd,-16,84,Normal
2026-02-14 03:34:21.080735,Tokyo-e6fd,-19,96,Normal
2026-02-14 03:34:22.080735,Tokyo-e6fd,38,31,Normal
2026-02-14 03:34:23.080735,Tokyo-e6fd,-24,64,Normal
2026-02-14 03:34:24.080735,Tokyo-e6fd,10,46,Normal
2026-02-14 03:34:25.080735,Tokyo-e6fd,20,2,Normal
2026-02-14 03:34:26.080735,Tokyo-e6fd,-3,11,Normal
2026-02-14 03:34:27.080735,Tokyo-e6fd,2,62,Normal
2026-02-14 03:34:28.080735,Tokyo-e6fd,16,50,Normal
2026-02-14 03:34:29.080735,Tokyo-e6fd,10,66,Normal
2026-02-14 03:34:30.080735,Tokyo-e6fd,27,30,Normal
2026-02-14 03:34:31.080735,Tokyo-e6fd,31,90,Normal
2026-02-14 03:34:32.080735,Tokyo-e6fd,-10,78,Normal
2026-02-14 03:34:33.080735,Tokyo-e6fd,-2,61,Normal
2026-02-14 03:34:34.080735,Tokyo-e6fd,-2,50,Normal
2026-02-14 03:34:35.080735,Tokyo-e6fd,-22,64,Normal
2026-02-14 03:34:36.080735,Tokyo-e6fd,16,19,Normal
2026-02-14 03:34:37.080735,Tokyo-e6fd,-29,39,Normal
2026-02-14 03:34:38.080735,Tokyo-e6fd,31,56,Normal
2026-02-14 03:34:39.080735,Tokyo-e6fd,-12,8,Normal
2026-02-14 03:34:40.080735,Tokyo-e6fd,-27,56,Normal
2026-02-14 03:34:41.080735,Tokyo-e6fd,29,92,Normal
2026-02-14 03:34:42.080735,Tokyo-e6fd,17,38,Normal
2026-02-14 03:34:43.080735,Tokyo-e6fd,28,15,Normal
2026-02-14 03:34:44.080735,Tokyo-e6fd,1,44,Normal
2026-02-14 03:34:45.080735,Tokyo-e6fd,30,90,Normal
2026-02-14 03:34:46.080735,Tokyo-e6fd,-21,43,Normal
2026-02-14 03:34:47.080735,Tokyo-e6fd,10,85,Normal
2026-02-14 03:34:48.080735,Tokyo-e6fd,-2,12,Normal
2026-02-14 03:34:49.080735,Tokyo-e6fd,47,35,Normal
2026-02-14 03:34:50.080735,Tokyo-e6fd,-12,5,Normal
2026-02-14 03:34:51.080735,Tokyo-e6fd,-7,58,Normal
2026-02-14 03:34:52.080735,Tokyo-e6fd,6,78,Normal
2026-02-14 03:34:53.080735,Tokyo-e6fd,36,8,Normal
2026-02-14 03:34:54.080735,Tokyo-e6fd,44,24,Normal
2026-02-14 03:34:55.080735,Tokyo-e6fd,-8,40,Normal
2026-02-14 03:34:56.080735,Tokyo-e6fd,33,18,Normal
2026-02-14 03:34:57.080735,Tokyo-e6fd,47,64,Normal
2026-02-14 03:34:58.080735,Tokyo-e6fd,14,45,Normal
2026-02-14 03:34:59.080735,Tokyo-e6fd,12,51,Normal
2026-02-14 03:35:00.080735,Tokyo-e6fd,8,28,Normal
2026-02-14 03:35:01.080735,Tokyo-e6fd,-3,94,Normal
2026-02-14 03:35:02.080735,Tokyo-e6fd,47,33,Normal
2026-02-14 03:35:03.080735,Tokyo-e6fd,-30,14,Normal
2026-02-14 03:35:04.080735,Tokyo-e6fd,43,91,Normal
2026-02-14 03:35:05.080735,Tokyo-e6fd,5,94,Normal
2026-02-14 03:35:06.080735,Tokyo-e6fd,-18,8,Normal
2026-02-14 03:35:07.080735,Tokyo-e6fd,-15,7,Normal
2026-02-14 03:35:08.080735,Tokyo-e6fd,9,16,Normal
2026-02-14 03:35:09.080735,Tokyo-e6fd,12,74,Normal
2026-02-14 03:35:10.080735,Tokyo-e6fd,20,11,Normal
2026-02-14 03:35:11.080735,Tokyo-e6fd,43,89,Normal
2026-02-14 03:35:12.080735,Tokyo-e6fd,-1,56,Normal
2026-02-14 03:35:13.080735,Tokyo-e6fd,15,78,Normal
2026-02-14 03:35:14.080735,Tokyo-e6fd,39,94,Normal
2026-02-14 03:35:15.080735,Tokyo-e6fd,-19,9,Normal
2026-02-14 03:35:16.080735,Tokyo-e6fd,9,75,Normal
2026-02-14 03:35:17.080735,Tokyo-e6fd,41,72,Normal
2026-02-14 03:35:18.080735,Tokyo-e6fd,-13,43,Normal
2026-02-14 03:35:19.080735,Tokyo-e6fd,-18,88,Normal
2026-02-14 03:35:20.080735,Tokyo-e6fd,15,74,Normal
2026-02-14 03:35:21.080735,Tokyo-e6fd,26,81,Normal
2026-02-14 03:35:22.080735,Tokyo-e6fd,17,88,Normal
2026-02-14 03:35:23.080735,Tokyo-e6fd,-28,51,Normal
2026-02-14 03:35:24.080735,Tokyo-e6fd,15,92,Normal
2026-02-14 03:35:25.080735,Tokyo-e6fd,22,1,Normal
2026-02-14 03:35:26.080735,Tokyo-e6fd,-13,31,Normal
2026-02-14 03:35:27.080735,Tokyo-e6fd,-4,16,Normal
2026-02-14 03:35:28.080735,Tokyo-e6fd,21,97,Normal
2026-02-14 03:35:29.080735,Tokyo-e6fd,45,95,Normal
2026-02-14 03:35:30.080735,Tokyo-e6fd,34,20,Normal
2026-02-14 03:35:31.080735,Tokyo-e6fd,30,62,Normal
2026-02-14 03:35:32.080735,Tokyo-e6fd,5,49,Normal
2026-02-14 03:35:33.080735,Tokyo-e6fd,48,89,Normal
2026-02-14 03:35:34.080735,Tokyo-e6fd,2,6,Normal
2026-02-14 03:35:35.080735,Tokyo-e6fd,45,67,Normal
2026-02-14 03:35:36.080735,Tokyo-e6fd,-1,43,Normal
2026-02-14 03:35:37.080735,Tokyo-e6fd,9,74,Normal
2026-02-14 03:35:38.080735,Tokyo-e6fd,44,42,Normal
2026-02-14 03:35:39.080735,Tokyo-e6fd,37,96,Normal
2026-02-14 03:35:40.080735,Tokyo-e6fd,7,87,Normal
2026-02-14 03:35:41.080735,Tokyo-e6fd,42,87,Normal
2026-02-14 03:35:42.080735,Tokyo-e6fd,14,90,Normal
2026-02-14 03:35:43.080735,Tokyo-e6fd,41,82,Normal
2026-02-14 03:35:44.080735,Tokyo-e6fd,18,96,Normal
2026-02-14 03:35:45.080735,Tokyo-e6fd,11,6,Normal
2026-02-14 03:35:46.080735,Tokyo-e6fd,-13,9,Normal
2026-02-14 03:35:47.080735,Tokyo-e6fd,-9,78,Normal
2026-02-14 03:35:48.080735,Tokyo-e6fd,5,77,Normal
2026-02-14 03:35:49.080735,Tokyo-e6fd,50,67,Normal
2026-02-14 03:35:50.080735,Tokyo-e6fd,30,98,Normal
2026-02-14 03:35:51.080735,Tokyo-e6fd,37,82,Normal
2026-02-14 03:35:52.080735,Tokyo-e6fd,41,98,Normal
2026-02-14 03:35:53.080735,Tokyo-e6fd,25,53,Normal
2026-02-14 03:35:54.080735,Tokyo-e6fd,14,54,Normal
2026-02-14 03:35:55.080735,Tokyo-e6fd,18,15,Normal
2026-02-14 03:35:56.080735,Tokyo-e6fd,-2,66,Normal
2026-02-14 03:35:57.080735,Tokyo-e6fd,17,74,Normal
2026-02-14 03:35:58.080735,Tokyo-e6fd,20,11,Normal
2026-02-14 03:35:59.080735,Tokyo-e6fd,-30,15,Normal
2026-02-14 03:36:00.080735,Tokyo-e6fd,44,4,Normal
2026-02-14 03:36:01.080735,Tokyo-e6fd,43,28,Normal
2026-02-14 03:36:02.080735,Tokyo-e6fd,-22,40,Normal
2026-02-14 03:36:03.080735,Tokyo-e6fd,36,49,Normal
2026-02-14 03:36:04.080735,Tokyo-e6fd,3,50,Normal
2026-02-14 03:36:05.080735,Tokyo-e6fd,1,4,Normal
2026-02-14 03:36:06.080735,Tokyo-e6fd,45,81,Normal
2026-02-14 03:36:07.080735,Tokyo-e6fd,27,76,Normal
2026-02-14 03:36:08.080735,Tokyo-e6fd,-8,32,Normal
2026-02-14 03:36:09.080735,Tokyo-e6fd,-9,77,Normal
2026-02-14 03:36:10.080735,Tokyo-e6fd,36,22,Normal
2026-02-14 03:36:11.080735,Tokyo-e6fd,-10,57,Normal
2026-02-14 03:36:12.080735,Tokyo-e6fd,2,96,Normal
2026-02-14 03:36:13.080735,Tokyo-e6fd,15,23,Normal
2026-02-14 03:36:14.080735,Tokyo-e6fd,45,34,Normal
2026-02-14 03:36:15.080735,Tokyo-e6fd,16,8,Normal
2026-02-14 03:36:16.080735,Tokyo-e6fd,4,30,Normal
2026-02-14 03:36:17.080735,Tokyo-e6fd,-27,93,Normal
2026-02-14 03:36:18.080735,Tokyo-e6fd,-28,72,Normal
2026-02-14 03:36:19.080735,Tokyo-e6fd,-26,21,Normal
2026-02-14 03:36:20.080735,Tokyo-e6fd,-4,84,Normal
2026-02-14 03:36:21.080735,Tokyo-e6fd,44,9,Normal
2026-02-14 03:36:22.080735,Tokyo-e6fd,30,90,Normal
2026-02-14 03:36:23.080735,Tokyo-e6fd,-30,45,Normal
2026-02-14 03:36:24.080735,Tokyo-e6fd,6,42,Normal
2026-02-14 03:36:25.080735,Tokyo-e6fd,-18,52,Normal
2026-02-14 03:36:26.080735,Tokyo-e6fd,-30,59,Normal
2026-02-14 03:36:27.080735,Tokyo-e6fd,23,70,Normal
2026-02-14 03:36:28.080735,Tokyo-e6fd,-5,4,Normal
2026-02-14 03:36:29.080735,Tokyo-e6fd,-3,9,Normal
2026-02-14 03:36:30.080735,Tokyo-e6fd,-23,98,Normal
2026-02-14 03:36:31.080735,Tokyo-e6fd,-22,73,Normal
2026-02-14 03:36:32.080735,Tokyo-e6fd,-5,6,Normal
2026-02-14 03:36:33.080735,Tokyo-e6fd,35,60,Normal
2026-02-14 03:36:34.080735,Tokyo-e6fd,-9,14,Normal
2026-02-14 03:36:35.080735,Tokyo-e6fd,-7,59,Normal
2026-02-14 03:36:36.080735,Tokyo-e6fd,-4,34,Normal
2026-02-14 03:36:37.080735,Tokyo-e6fd,-30,78,Normal
2026-02-14 03:36:38.080735,Tokyo-e6fd,14,25,Normal
2026-02-14 03:36:39.080735,Tokyo-e6fd,40,72,Normal
2026-02-14 03:36:40.080735,Tokyo-e6fd,23,10,Normal
2026-02-14 03:36:41.080735,Tokyo-e6fd,-25,49,Normal
2026-02-14 03:36:42.080735,Tokyo-e6fd,40,56,Normal
2026-02-14 03:36:43.080735,Tokyo-e6fd,12,86,Normal
2026-02-14 03:36:44.080735,Tokyo-e6fd,2,84,Normal
2026-02-14 03:36:45.080735,Tokyo-e6fd,-21,18,Normal
2026-02-14 03:36:46.080735,Tokyo-e6fd,-14,47,Normal
2026-02-14 03:36:47.080735,Tokyo-e6fd,19,86,Normal
2026-02-14 03:36:48.080735,Tokyo-e6fd,-18,42,Normal
2026-02-14 03:36:49.080735,Tokyo-e6fd,34,39,Normal
2026-02-14 03:36:50.080735,Tokyo-e6fd,14,40,Normal
2026-02-14 03:36:51.080735,Tokyo-e6fd,6,51,Normal
2026-02-14 03:36:52.080735,Tokyo-e6fd,-6,3,Normal
2026-02-14 03:36:53.080735,Tokyo-e6fd,49,97,Normal
2026-02-14 03:36:54.080735,Tokyo-e6fd,-15,0,Normal
2026-02-14 03:36:55.080735,Tokyo-e6fd,11,20,Normal
2026-02-14 03:36:56.080735,Tokyo-e6fd,7,29,Normal
2026-02-14 03:36:57.080735,Tokyo-e6fd,50,38,Normal
2026-02-14 03:36:58.080735,Tokyo-e6fd,-22,15,Normal
2026-02-14 03:36:59.080735,Tokyo-e6fd,31,36,Normal
2026-02-14 03:37:00.080735,Tokyo-e6fd,15,61,Normal
2026-02-14 03:37:01.080735,Tokyo-e6fd,50,91,Normal
2026-02-14 03:37:02.080735,Tokyo-e6fd,11,94,Normal
2026-02-14 03:37:03.080735,Tokyo-e6fd,-30,17,Normal
2026-02-14 03:37:04.080735,Tokyo-e6fd,30,24,Normal
2026-02-14 03:37:05.080735,Tokyo-e6fd,35,88,Normal
2026-02-14 03:37:06.080735,Tokyo-e6fd,33,0,Normal
2026-02-14 03:37:07.080735,Tokyo-e6fd,36,14,Normal
2026-02-14 03:37:08.080735,Tokyo-e6fd,18,82,Normal
2026-02-14 03:37:09.080735,Tokyo-e6fd,-20,69,Normal
2026-02-14 03:37:10.080735,Tokyo-e6fd,-20,19,Normal
2026-02-14 03:37:11.080735,Tokyo-e6fd,-5,50,Normal
2026-02-14 03:37:12.080735,Tokyo-e6fd,41,7,Normal
2026-02-14 03:37:13.080735,Tokyo-e6fd,-20,2,Normal
2026-02-14 03:37:14.080735,Tokyo-e6fd,-16,52,Normal
2026-02-14 03:37:15.080735,Tokyo-e6fd,-29,19,Normal
2026-02-14 03:37:16.080735,Tokyo-e6fd,-26,0,Normal
2026-02-14 03:37:17.080735,Tokyo-e6fd,-12,18,Normal
2026-02-14 03:37:18.080735,Tokyo-e6fd,17,64,Normal
2026-02-14 03:37:19.080735,Tokyo-e6fd,32,30,Normal
2026-02-14 03:37:20.080735,Tokyo-e6fd,-25,99,Normal
2026-02-14 03:37:21.080735,Tokyo-e6fd,-9,99,Normal
2026-02-14 03:37:22.080735,Tokyo-e6fd,-27,64,Normal
2026-02-14 03:37:23.080735,Tokyo-e6fd,0,90,Normal
2026-02-14 03:37:24.080735,Tokyo-e6fd,-23,57,Normal
2026-02-14 03:37:25.080735,Tokyo-e6fd,-17,75,Normal
2026-02-14 03:37:26.080735,Tokyo-e6fd,-2,16,Normal
2026-02-14 03:37:27.080735,Tokyo-e6fd,10,54,Normal
2026-02-14 03:37:28.080735,Tokyo-e6fd,-3,71,Normal
2026-02-14 03:37:29.080735,Tokyo-e6fd,-28,5,Normal
2026-02-14 03:37:30.080735,Tokyo-e6fd,14,63,Normal
2026-02-14 03:37:31.080735,Tokyo-e6fd,-4,26,Normal
2026-02-14 03:37:32.080735,Tokyo-e6fd,13,78,Normal
2026-02-14 03:37:33.080735,Tokyo-e6fd,-25,88,Normal
2026-02-14 03:37:34.080735,Tokyo-e6fd,-9,82,Normal
2026-02-14 03:37:35.080735,Tokyo-e6fd,-8,19,Normal
2026-02-14 03:37:36.080735,Tokyo-e6fd,-7,66,Normal
2026-02-14 03:37:37.080735,Tokyo-e6fd,-18,44,Normal
2026-02-14 03:37:38.080735,Tokyo-e6fd,41,40,Normal
2026-02-14 03:37:39.080735,Tokyo-e6fd,3,72,Normal
2026-02-14 03:37:40.080735,Tokyo-e6fd,36,94,Normal
2026-02-14 03:37:41.080735,Tokyo-e6fd,48,27,Normal
2026-02-14 03:37:42.080735,Tokyo-e6fd,41,2,Normal
2026-02-14 03:37:43.080735,Tokyo-e6fd,24,18,Normal
2026-02-14 03:37:44.080735,Tokyo-e6fd,-8,27,Normal
2026-02-14 03:37:45.080735,Tokyo-e6fd,-1,10,Normal
2026-02-14 03:37:46.080735,Tokyo-e6fd,31,75,Normal
2026-02-14 03:37:47.080735,Tokyo-e6fd,4,1,Normal
2026-02-14 03:37:48.080735,Tokyo-e6fd,-6,67,Normal
2026-02-14 03:37:49.080735,Tokyo-e6fd,-8,100,Normal
2026-02-14 03:37:50.080735,Tokyo-e6fd,-30,90,Normal
2026-02-14 03:37:51.080735,Tokyo-e6fd,49,44,Normal
2026-02-14 03:37:52.080735,Tokyo-e6fd,39,62,Normal
2026-02-14 03:37:53.080735,Tokyo-e6fd,-4,13,Normal
2026-02-14 03:37:54.080735,Tokyo-e6fd,29,34,Normal
2026-02-14 03:37:55.080735,Tokyo-e6fd,0,68,Normal
2026-02-14 03:37:56.080735,Tokyo-e6fd,-30,93,Normal
2026-02-14 03:37:57.080735,Tokyo-e6fd,-5,65,Normal
2026-02-14 03:37:58.080735,Tokyo-e6fd,10,26,Normal
2026-02-14 03:37:59.080735,Tokyo-e6fd,-18,60,Normal
2026-02-14 03:38:00.080735,Tokyo-e6fd,-1,6,Normal
2026-02-14 03:38:01.080735,Tokyo-e6fd,-21,1,Normal
2026-02-14 03:38:02.080735,Tokyo-e6fd,49,63,Normal
2026-02-14 03:38:03.080735,Tokyo-e6fd,7,61,Normal
2026-02-14 03:38:04.080735,Tokyo-e6fd,-22,9,Normal
2026-02-14 03:38:05.080735,Tokyo-e6fd,-10,52,Normal
2026-02-14 03:38:06.080735,Tokyo-e6fd,48,81,Normal
2026-02-14 03:38:07.080735,Tokyo-e6fd,32,24,Normal
2026-02-14 03:38:08.080735,Tokyo-e6fd,47,4,Normal
2026-02-14 03:38:09.080735,Tokyo-e6fd,10,77,Normal
2026-02-14 03:38:10.080735,Tokyo-e6fd,8,27,Normal
2026-02-14 03:38:11.080735,Tokyo-e6fd,-15,62,Normal
2026-02-14 03:38:12.080735,Tokyo-e6fd,13,55,Normal
2026-02-14 03:38:13.080735,Tokyo-e6fd,17,53,Normal
2026-02-14 03:38:14.080735,Tokyo-e6fd,19,24,Normal
2026-02-14 03:38:15.080735,Tokyo-e6fd,-14,73,Normal
2026-02-14 03:38:16.080735,Tokyo-e6fd,44,69,Normal
2026-02-14 03:38:17.080735,Tokyo-e6fd,42,30,Normal
2026-02-14 03:38:18.080735,Tokyo-e6fd,-16,3,Normal
2026-02-14 03:38:19.080735,Tokyo-e6fd,-9,84,Normal
2026-02-14 03:38:20.080735,Tokyo-e6fd,46,63,Normal
2026-02-14 03:38:21.080735,Tokyo-e6fd,3,56,Normal
2026-02-14 03:38:22.080735,Tokyo-e6fd,-28,82,Normal
2026-02-14 03:38:23.080735,Tokyo-e6fd,6,70,Normal
2026-02-14 03:38:24.080735,Tokyo-e6fd,50,30,Normal
2026-02-14 03:38:25.080735,Tokyo-e6fd,15,96,Normal
2026-02-14 03:38:26.080735,Tokyo-e6fd,46,73,Normal
2026-02-14 03:38:27.080735,Tokyo-e6fd,28,7,Normal
2026-02-14 03:38:28.080735,Tokyo-e6fd,13,79,Normal
2026-02-14 03:38:29.080735,Tokyo-e6fd,27,36,Normal
2026-02-14 03:38:30.080735,Tokyo-e6fd,-19,52,Normal
2026-02-14 03:38:31.080735,Tokyo-e6fd,-5,83,Normal
2026-02-14 03:38:32.080735,Tokyo-e6fd,37,14,Normal
2026-02-14 03:38:33.080735,Tokyo-e6fd,-11,10,Normal
2026-02-14 03:38:34.080735,Tokyo-e6fd,-8,62,Normal
2026-02-14 03:38:35.080735,Tokyo-e6fd,-27,29,Normal
2026-02-14 03:38:36.080735,Tokyo-e6fd,26,82,Normal
2026-02-14 03:38:37.080735,Tokyo-e6fd,39,85,Normal
2026-02-14 03:38:38.080735,Tokyo-e6fd,-17,16,Normal
2026-02-14 03:38:39.080735,Tokyo-e6fd,43,61,Normal
2026-02-14 03:38:40.080735,Tokyo-e6fd,16,3,Normal
2026-02-14 03:38:41.080735,Tokyo-e6fd,33,72,Normal
2026-02-14 03:38:42.080735,Tokyo-e6fd,26,96,Normal
2026-02-14 03:38:43.080735,Tokyo-e6fd,24,14,Normal
2026-02-14 03:38:44.080735,Tokyo-e6fd,43,21,Normal
2026-02-14 03:38:45.080735,Tokyo-e6fd,-11,68,Normal
2026-02-14 03:38:46.080735,Tokyo-e6fd,17,13,Normal
2026-02-14 03:38:47.080735,Tokyo-e6fd,-4,19,Normal
2026-02-14 03:38:48.080735,Tokyo-e6fd,27,88,Normal
2026-02-14 03:38:49.080735,Tokyo-e6fd,1,62,Normal
2026-02-14 03:38:50.080735,Tokyo-e6fd,-11,38,Normal
2026-02-14 03:38:51.080735,Tokyo-e6fd,35,12,Normal
2026-02-14 03:38:52.080735,Tokyo-e6fd,25,98,Normal
2026-02-14 03:38:53.080735,Tokyo-e6fd,-20,27,Normal
2026-02-14 03:38:54.080735,Tokyo-e6fd,-17,9,Normal
2026-02-14 03:38:55.080735,Tokyo-e6fd,19,13,Normal
2026-02-14 03:38:56.080735,Tokyo-e6fd,20,73,Normal
2026-02-14 03:38:57.080735,Tokyo-e6fd,44,7,Normal
2026-02-14 03:38:58.080735,Tokyo-e6fd,-24,65,Normal
2026-02-14 03:38:59.080735,Tokyo-e6fd,-3,77,Normal
2026-02-14 03:39:00.080735,Tokyo-e6fd,29,65,Normal
2026-02-14 03:39:01.080735,Tokyo-e6fd,36,87,Normal
2026-02-14 03:39:02.080735,Tokyo-e6fd,-9,10,Normal
2026-02-14 03:39:03.080735,Tokyo-e6fd,25,13,Normal
2026-02-14 03:39:04.080735,Tokyo-e6fd,-23,91,Normal
2026-02-14 03:39:05.080735,Tokyo-e6fd,31,15,Normal
2026-02-14 03:39:06.080735,Tokyo-e6fd,33,33,Normal
2026-02-14 03:39:07.080735,Tokyo-e6fd,48,43,Normal
2026-02-14 03:39:08.080735,Tokyo-e6fd,-11,15,Normal
2026-02-14 03:39:09.080735,Tokyo-e6fd,-12,69,Normal
2026-02-14 03:39:10.080735,Tokyo-e6fd,-29,78,Normal
2026-02-14 03:39:11.080735,Tokyo-e6fd,2,37,Normal
2026-02-14 03:39:12.080735,Tokyo-e6fd,19,0,Normal
2026-02-14 03:39:13.080735,Tokyo-e6fd,43,92,Normal
2026-02-14 03:39:14.080735,Tokyo-e6fd,10,28,Normal
2026-02-14 03:39:15.080735,Tokyo-e6fd,-7,16,Normal
2026-02-14 03:39:16.080735,Tokyo-e6fd,-30,60,Normal
2026-02-14 03:39:17.080735,Tokyo-e6fd,-3,84,Normal
2026-02-14 03:39:18.080735,Tokyo-e6fd,-19,22,Normal
2026-02-14 03:39:19.080735,Tokyo-e6fd,1,47,Normal
2026-02-14 03:39:20.080735,Tokyo-e6fd,41,31,Normal
2026-02-14 03:39:21.080735,Tokyo-e6fd,-27,3,Normal
2026-02-14 03:39:22.080735,Tokyo-e6fd,-23,95,Normal
2026-02-14 03:39:23.080735,Tokyo-e6fd,-3,22,Normal
2026-02-14 03:39:24.080735,Tokyo-e6fd,7,68,Normal
2026-02-14 03:39:25.080735,Tokyo-e6fd,48,68,Normal
2026-02-14 03:39:26.080735,Tokyo-e6fd,11,76,Normal
2026-02-14 03:39:27.080735,Tokyo-e6fd,-1,69,Normal
2026-02-14 03:39:28.080735,Tokyo-e6fd,50,39,Normal
2026-02-14 03:39:29.080735,Tokyo-e6fd,6,16,Normal
2026-02-14 03:39:30.080735,Tokyo-e6fd,34,54,Normal
2026-02-14 03:39:31.080735,Tokyo-e6fd,18,91,Normal
2026-02-14 03:39:32.080735,Tokyo-e6fd,0,75,Normal
2026-02-14 03:39:33.080735,Tokyo-e6fd,44,84,Normal
2026-02-14 03:39:34.080735,Tokyo-e6fd,-1,96,Normal
2026-02-14 03:39:35.080735,Tokyo-e6fd,25,38,Normal
2026-02-14 03:39:36.080735,Tokyo-e6fd,49,38,Normal
2026-02-14 03:39:37.080735,Tokyo-e6fd,-19,19,Normal
2026-02-14 03:39:38.080735,Tokyo-e6fd,22,10,Normal
2026-02-14 03:39:39.080735,Tokyo-e6fd,9,40,Normal
2026-02-14 03:39:40.080735,Tokyo-e6fd,2,18,Normal
2026-02-14 03:39:41.080735,Tokyo-e6fd,1,27,Normal
2026-02-14 03:39:42.080735,Tokyo-e6fd,-8,69,Normal
2026-02-14 03:39:43.080735,Tokyo-e6fd,-7,19,Normal
2026-02-14 03:39:44.080735,Tokyo-e6fd,24,86,Normal
2026-02-14 03:39:45.080735,Tokyo-e6fd,8,20,Normal
2026-02-14 03:39:46.080735,Tokyo-e6fd,21,8,Normal
2026-02-14 03:39:47.080735,Tokyo-e6fd,4,79,Normal
2026-02-14 03:39:48.080735,Tokyo-e6fd,-2,97,Normal
2026-02-14 03:39:49.080735,Tokyo-e6fd,45,24,Normal
2026-02-14 03:39:50.080735,Tokyo-e6fd,37,67,Normal
2026-02-14 03:39:51.080735,Tokyo-e6fd,28,70,Normal
2026-02-14 03:39:52.080735,Tokyo-e6fd,7,97,Normal
2026-02-14 03:39:53.080735,Tokyo-e6fd,-3,59,Normal
2026-02-14 03:39:54.080735,Tokyo-e6fd,45,45,Normal
2026-02-14 03:39:55.080735,Tokyo-e6fd,10,98,Normal
2026-02-14 03:39:56.080735,Tokyo-e6fd,14,79,Normal
2026-02-14 03:39:57.080735,Tokyo-e6fd,8,62,Normal
2026-02-14 03:39:58.080735,Tokyo-e6fd,20,85,Normal
2026-02-14 03:39:59.080735,Tokyo-e6fd,11,48,Normal
2026-02-14 03:40:00.080735,Tokyo-e6fd,-20,58,Normal
2026-02-14 03:40:01.080735,Tokyo-e6fd,44,38,Normal
2026-02-14 03:40:02.080735,Tokyo-e6fd,-12,83,Normal
2026-02-14 03:40:03.080735,Tokyo-e6fd,35,32,Normal
2026-02-14 03:40:04.080735,Tokyo-e6fd,37,2,Normal
2026-02-14 03:40:05.080735,Tokyo-e6fd,-30,75,Normal
2026-02-14 03:40:06.080735,Tokyo-e6fd,21,9,Normal
2026-02-14 03:40:07.080735,Tokyo-e6fd,44,77,Normal
2026-02-14 03:40:08.080735,Tokyo-e6fd,36,29,Normal
2026-02-14 03:40:09.080735,Tokyo-e6fd,-3,52,Normal
2026-02-14 03:40:10.080735,Tokyo-e6fd,44,27,Normal
2026-02-14 03:40:11.080735,Tokyo-e6fd,-24,31,Normal
2026-02-14 03:40:12.080735,Tokyo-e6fd,-2,40,Normal
2026-02-14 03:40:13.080735,Tokyo-e6fd,-4,90,Normal
2026-02-14 03:40:14.080735,Tokyo-e6fd,39,71,Normal
2026-02-14 03:40:15.080735,Tokyo-e6fd,10,67,Normal
2026-02-14 03:40:16.080735,Tokyo-e6fd,31,18,Normal
2026-02-14 03:40:17.080735,Tokyo-e6fd,28,18,Normal
2026-02-14 03:40:18.080735,Tokyo-e6fd,37,46,Normal
2026-02-14 03:40:19.080735,Tokyo-e6fd,31,48,Normal
2026-02-14 03:40:20.080735,Tokyo-e6fd,-15,99,Normal
2026-02-14 03:40:21.080735,Tokyo-e6fd,33,98,Normal
2026-02-14 03:40:22.080735,Tokyo-e6fd,12,96,Normal
2026-02-14 03:40:23.080735,Tokyo-e6fd,50,100,Normal
2026-02-14 03:40:24.080735,Tokyo-e6fd,40,65,Normal
2026-02-14 03:40:25.080735,Tokyo-e6fd,8,2,Normal
2026-02-14 03:40:26.080735,Tokyo-e6fd,48,33,Normal
2026-02-14 03:40:27.080735,Tokyo-e6fd,39,76,Normal
2026-02-14 03:40:28.080735,Tokyo-e6fd,-20,32,Normal
2026-02-14 03:40:29.080735,Tokyo-e6fd,2,0,Normal
2026-02-14 03:40:30.080735,Tokyo-e6fd,-21,86,Normal
2026-02-14 03:40:31.080735,Tokyo-e6fd,34,49,Normal
2026-02-14 03:40:32.080735,Tokyo-e6fd,29,29,Normal
2026-02-14 03:40:33.080735,Tokyo-e6fd,40,65,Normal
2026-02-14 03:40:34.080735,Tokyo-e6fd,0,32,Normal
2026-02-14 03:40:35.080735,Tokyo-e6fd,10,58,Normal
2026-02-14 03:40:36.080735,Tokyo-e6fd,-23,33,Normal
2026-02-14 03:40:37.080735,Tokyo-e6fd,-30,86,Normal
2026-02-14 03:40:38.080735,Tokyo-e6fd,33,57,Normal
2026-02-14 03:40:39.080735,Tokyo-e6fd,-28,97,Normal
2026-02-14 03:40:40.080735,Tokyo-e6fd,50,88,Normal
2026-02-14 03:40:41.080735,Tokyo-e6fd,-20,97,Normal
2026-02-14 03:40:42.080735,Tokyo-e6fd,-12,57,Normal
2026-02-14 03:40:43.080735,Tokyo-e6fd,-2,14,Normal
2026-02-14 03:40:44.080735,Tokyo-e6fd,-24,81,Normal
2026-02-14 03:40:45.080735,Tokyo-e6fd,34,89,Normal
2026-02-14 03:40:46.080735,Tokyo-e6fd,-6,97,Normal
2026-02-14 03:40:47.080735,Tokyo-e6fd,-5,77,Normal
2026-02-14 03:40:48.080735,Tokyo-e6fd,-21,51,Normal
2026-02-14 03:40:49.080735,Tokyo-e6fd,-29,100,Normal
2026-02-14 03:40:50.080735,Tokyo-e6fd,-8,60,Normal
2026-02-14 03:40:51.080735,Tokyo-e6fd,-12,8,Normal
2026-02-14 03:40:52.080735,Tokyo-e6fd,-14,5,Normal
2026-02-14 03:40:53.080735,Tokyo-e6fd,-17,50,Normal
2026-02-14 03:40:54.080735,Tokyo-e6fd,14,40,Normal
2026-02-14 03:40:55.080735,Tokyo-e6fd,42,98,Normal
2026-02-14 03:40:56.080735,Tokyo-e6fd,49,9,Normal
2026-02-14 03:40:57.080735,Tokyo-e6fd,-4,7,Normal
2026-02-14 03:40:58.080735,Tokyo-e6fd,-28,14,Normal
2026-02-14 03:40:59.080735,Tokyo-e6fd,-15,15,Normal
2026-02-14 03:41:00.080735,Tokyo-e6fd,11,11,Normal
2026-02-14 03:41:01.080735,Tokyo-e6fd,49,58,Normal
2026-02-14 03:41:02.080735,Tokyo-e6fd,-24,90,Normal
2026-02-14 03:41:03.080735,Tokyo-e6fd,47,64,Normal
2026-02-14 03:41:04.080735,Tokyo-e6fd,43,37,Normal
2026-02-14 03:41:05.080735,Tokyo-e6fd,16,28,Normal
2026-02-14 03:41:06.080735,Tokyo-e6fd,-14,51,Normal
2026-02-14 03:41:07.080735,Tokyo-e6fd,-20,56,Normal
2026-02-14 03:41:08.080735,Tokyo-e6fd,44,21,Normal
2026-02-14 03:41:09.080735,Tokyo-e6fd,-19,12,Normal
2026-02-14 03:41:10.080735,Tokyo-e6fd,3,55,Normal
2026-02-14 03:41:11.080735,Tokyo-e6fd,-30,31,Normal
2026-02-14 03:41:12.080735,Tokyo-e6fd,4,63,Normal
2026-02-14 03:41:13.080735,Tokyo-e6fd,-13,78,Normal
2026-02-14 03:41:14.080735,Tokyo-e6fd,-9,8,Normal
2026-02-14 03:41:15.080735,Tokyo-e6fd,-12,79,Normal
2026-02-14 03:41:16.080735,Tokyo-e6fd,14,87,Normal
2026-02-14 03:41:17.080735,Tokyo-e6fd,37,29,Normal
2026-02-14 03:41:18.080735,Tokyo-e6fd,24,89,Normal
2026-02-14 03:41:19.080735,Tokyo-e6fd,44,100,Normal
2026-02-14 03:41:20.080735,Tokyo-e6fd,19,11,Normal
2026-02-14 03:41:21.080735,Tokyo-e6fd,16,67,Normal
2026-02-14 03:41:22.080735,Tokyo-e6fd,-5,60,Normal
2026-02-14 03:41:23.080735,Tokyo-e6fd,34,39,Normal
2026-02-14 03:41:24.080735,Tokyo-e6fd,-1,18,Normal
2026-02-14 03:41:25.080735,Tokyo-e6fd,32,99,Normal
2026-02-14 03:41:26.080735,Tokyo-e6fd,-23,14,Normal
2026-02-14 03:41:27.080735,Tokyo-e6fd,22,11,Normal
2026-02-14 03:41:28.080735,Tokyo-e6fd,-26,13,Normal
2026-02-14 03:41:29.080735,Tokyo-e6fd,-7,54,Normal
2026-02-14 03:41:30.080735,Tokyo-e6fd,-6,9,Normal
2026-02-14 03:41:31.080735,Tokyo-e6fd,47,57,Normal
2026-02-14 03:41:32.080735,Tokyo-e6fd,29,82,Normal
2026-02-14 03:41:33.080735,Tokyo-e6fd,-15,71,Normal
2026-02-14 03:41:34.080735,Tokyo-e6fd,47,74,Normal
2026-02-14 03:41:35.080735,Tokyo-e6fd,-25,75,Normal
2026-02-14 03:41:36.080735,Tokyo-e6fd,20,44,Normal
2026-02-14 03:41:37.080735,Tokyo-e6fd,33,66,Normal
2026-02-14 03:41:38.080735,Tokyo-e6fd,44,14,Normal
2026-02-14 03:41:39.080735,Tokyo-e6fd,-12,40,Normal
2026-02-14 03:41:40.080735,Tokyo-e6fd,7,44,Normal
2026-02-14 03:41:41.080735,Tokyo-e6fd,22,76,Normal
2026-02-14 03:41:42.080735,Tokyo-e6fd,19,61,Normal
2026-02-14 03:41:43.080735,Tokyo-e6fd,44,90,Normal
2026-02-14 03:41:44.080735,Tokyo-e6fd,28,49,Normal
2026-02-14 03:41:45.080735,Tokyo-e6fd,11,66,Normal
2026-02-14 03:41:46.080735,Tokyo-e6fd,-21,37,Normal
2026-02-14 03:41:47.080735,Tokyo-e6fd,18,51,Normal
2026-02-14 03:41:48.080735,Tokyo-e6fd,10,38,Normal
2026-02-14 03:41:49.080735,Tokyo-e6fd,22,58,Normal
2026-02-14 03:41:50.080735,Tokyo-e6fd,-24,67,Normal
2026-02-14 03:41:51.080735,Tokyo-e6fd,10,62,Normal
2026-02-14 03:41:52.080735,Tokyo-e6fd,50,16,Normal
2026-02-14 03:41:53.080735,Tokyo-e6fd,7,40,Normal
2026-02-14 03:41:54.080735,Tokyo-e6fd,50,87,Normal
2026-02-14 03:41:55.080735,Tokyo-e6fd,-20,49,Normal
2026-02-14 03:41:56.080735,Tokyo-e6fd,33,40,Normal
2026-02-14 03:41:57.080735,Tokyo-e6fd,41,55,Normal
2026-02-14 03:41:58.080735,Tokyo-e6fd,29,17,Normal
2026-02-14 03:41:59.080735,Tokyo-e6fd,-25,93,Normal
2026-02-14 03:42:00.080735,Tokyo-e6fd,16,25,Normal
2026-02-14 03:42:01.080735,Tokyo-e6fd,37,53,Normal
2026-02-14 03:42:02.080735,Tokyo-e6fd,-7,31,Normal
2026-02-14 03:42:03.080735,Tokyo-e6fd,23,67,Normal
2026-02-14 03:42:04.080735,Tokyo-e6fd,-29,59,Normal
2026-02-14 03:42:05.080735,Tokyo-e6fd,35,65,Normal
2026-02-14 03:42:06.080735,Tokyo-e6fd,-6,75,Normal
2026-02-14 03:42:07.080735,Tokyo-e6fd,18,24,Normal
2026-02-14 03:42:08.080735,Tokyo-e6fd,28,2,Normal
2026-02-14 03:42:09.080735,Tokyo-e6fd,30,39,Normal
2026-02-14 03:42:10.080735,Tokyo-e6fd,17,65,Normal
2026-02-14 03:42:11.080735,Tokyo-e6fd,33,54,Normal
2026-02-14 03:42:12.080735,Tokyo-e6fd,18,16,Normal
2026-02-14 03:42:13.080735,Tokyo-e6fd,35,48,Normal
2026-02-14 03:42:14.080735,Tokyo-e6fd,-14,59,Normal
2026-02-14 03:42:15.080735,Tokyo-e6fd,41,46,Normal
2026-02-14 03:42:16.080735,Tokyo-e6fd,11,51,Normal
2026-02-14 03:42:17.080735,Tokyo-e6fd,-29,94,Normal
2026-02-14 03:42:18.080735,Tokyo-e6fd,9,79,Normal
2026-02-14 03:42:19.080735,Tokyo-e6fd,-13,63,Normal
2026-02-14 03:42:20.080735,Tokyo-e6fd,30,92,Normal
2026-02-14 03:42:21.080735,Tokyo-e6fd,-23,8,Normal
2026-02-14 03:42:22.080735,Tokyo-e6fd,5,31,Normal
2026-02-14 03:42:23.080735,Tokyo-e6fd,31,23,Normal
2026-02-14 03:42:24.080735,Tokyo-e6fd,-30,80,Normal
2026-02-14 03:42:25.080735,Tokyo-e6fd,-23,37,Normal
2026-02-14 03:42:26.080735,Tokyo-e6fd,1,81,Normal
2026-02-14 03:42:27.080735,Tokyo-e6fd,28,34,Normal
2026-02-14 03:42:28.080735,Tokyo-e6fd,11,56,Normal
2026-02-14 03:42:29.080735,Tokyo-e6fd,37,79,Normal
2026-02-14 03:42:30.080735,Tokyo-e6fd,-2,23,Normal
2026-02-14 03:42:31.080735,Tokyo-e6fd,48,36,Normal
2026-02-14 03:42:32.080735,Tokyo-e6fd,-23,5,Normal
2026-02-14 03:42:33.080735,Tokyo-e6fd,19,3,Normal
2026-02-14 03:42:34.080735,Tokyo-e6fd,29,52,Normal
2026-02-14 03:42:35.080735,Tokyo-e6fd,24,55,Normal
2026-02-14 03:42:36.080735,Tokyo-e6fd,12,87,Normal
2026-02-14 03:42:37.080735,Tokyo-e6fd,49,85,Normal
2026-02-14 03:42:38.080735,Tokyo-e6fd,-12,40,Normal
2026-02-14 03:42:39.080735,Tokyo-e6fd,25,60,Normal
2026-02-14 03:42:40.080735,Tokyo-e6fd,-6,45,Normal
2026-02-14 03:42:41.080735,Tokyo-e6fd,26,27,Normal
2026-02-14 03:42:42.080735,Tokyo-e6fd,-19,31,Normal
2026-02-14 03:42:43.080735,Tokyo-e6fd,41,69,Normal
2026-02-14 03:42:44.080735,Tokyo-e6fd,-4,43,Normal
2026-02-14 03:42:45.080735,Tokyo-e6fd,29,30,Normal
2026-02-14 03:42:46.080735,Tokyo-e6fd,-23,59,Normal
2026-02-14 03:42:47.080735,Tokyo-e6fd,-18,24,Normal
2026-02-14 03:42:48.080735,Tokyo-e6fd,-9,1,Normal
2026-02-14 03:42:49.080735,Tokyo-e6fd,3,65,Normal
2026-02-14 03:42:50.080735,Tokyo-e6fd,-16,36,Normal
2026-02-14 03:42:51.080735,Tokyo-e6fd,-22,5,Normal
2026-02-14 03:42:52.080735,Tokyo-e6fd,33,47,Normal
2026-02-14 03:42:53.080735,Tokyo-e6fd,44,75,Normal
2026-02-14 03:42:54.080735,Tokyo-e6fd,35,93,Normal
2026-02-14 03:42:55.080735,Tokyo-e6fd,-27,100,Normal
2026-02-14 03:42:56.080735,Tokyo-e6fd,29,45,Normal
2026-02-14 03:42:57.080735,Tokyo-e6fd,28,4,Normal
2026-02-14 03:42:58.080735,Tokyo-e6fd,47,20,Normal
2026-02-14 03:42:59.080735,Tokyo-e6fd,13,2,Normal
2026-02-14 03:43:00.080735,Tokyo-e6fd,-5,0,Normal
2026-02-14 03:43:01.080735,Tokyo-e6fd,10,38,Normal
2026-02-14 03:43:02.080735,Tokyo-e6fd,31,93,Normal
2026-02-14 03:43:03.080735,Tokyo-e6fd,-25,50,Normal
2026-02-14 03:43:04.080735,Tokyo-e6fd,-5,70,Normal
2026-02-14 03:43:05.080735,Tokyo-e6fd,30,24,Normal
2026-02-14 03:43:06.080735,Tokyo-e6fd,-11,94,Normal
2026-02-14 03:43:07.080735,Tokyo-e6fd,-2,74,Normal
2026-02-14 03:43:08.080735,Tokyo-e6fd,23,48,Normal
2026-02-14 03:43:09.080735,Tokyo-e6fd,45,52,Normal
2026-02-14 03:43:10.080735,Tokyo-e6fd,-28,41,Normal
2026-02-14 03:43:11.080735,Tokyo-e6fd,25,99,Normal
2026-02-14 03:43:12.080735,Tokyo-e6fd,50,55,Normal
2026-02-14 03:43:13.080735,Tokyo-e6fd,9,41,Normal
2026-02-14 03:43:14.080735,Tokyo-e6fd,5,8,Normal
2026-02-14 03:43:15.080735,Tokyo-e6fd,-25,42,Normal
2026-02-14 03:43:16.080735,Tokyo-e6fd,-13,50,Normal
2026-02-14 03:43:17.080735,Tokyo-e6fd,48,21,Normal
2026-02-14 03:43:18.080735,Tokyo-e6fd,-3,78,Normal
2026-02-14 03:43:19.080735,Tokyo-e6fd,3,51,Normal
2026-02-14 03:43:20.080735,Tokyo-e6fd,17,81,Normal
2026-02-14 03:43:21.080735,Tokyo-e6fd,40,27,Normal
2026-02-14 03:43:22.080735,Tokyo-e6fd,11,80,Normal
2026-02-14 03:43:23.080735,Tokyo-e6fd,-21,88,Normal
2026-02-14 03:43:24.080735,Tokyo-e6fd,-30,45,Normal
2026-02-14 03:43:25.080735,Tokyo-e6fd,-22,35,Normal
2026-02-14 03:43:26.080735,Tokyo-e6fd,-3,29,Normal
2026-02-14 03:43:27.080735,Tokyo-e6fd,33,36,Normal
2026-02-14 03:43:28.080735,Tokyo-e6fd,-21,30,Normal
2026-02-14 03:43:29.080735,Tokyo-e6fd,-8,54,Normal
2026-02-14 03:43:30.080735,Tokyo-e6fd,7,24,Normal
2026-02-14 03:43:31.080735,Tokyo-e6fd,35,63,Normal
2026-02-14 03:43:32.080735,Tokyo-e6fd,36,5,Normal
2026-02-14 03:43:33.080735,Tokyo-e6fd,32,68,Normal
2026-02-14 03:43:34.080735,Tokyo-e6fd,-11,89,Normal
2026-02-14 03:43:35.080735,Tokyo-e6fd,15,8,Normal
2026-02-14 03:43:36.080735,Tokyo-e6fd,5,8,Normal
2026-02-14 03:43:37.080735,Tokyo-e6fd,-25,35,Normal
2026-02-14 03:43:38.080735,Tokyo-e6fd,24,5,Normal
2026-02-14 03:43:39.080735,Tokyo-e6fd,-20,7,Normal
2026-02-14 03:43:40.080735,Tokyo-e6fd,33,85,Normal
2026-02-14 03:43:41.080735,Tokyo-e6fd,-15,92,Normal
2026-02-14 03:43:42.080735,Tokyo-e6fd,13,61,Normal
2026-02-14 03:43:43.080735,Tokyo-e6fd,12,6,Normal
2026-02-14 03:43:44.080735,Tokyo-e6fd,-2,10,Normal
2026-02-14 03:43:45.080735,Tokyo-e6fd,-15,48,Normal
2026-02-14 03:43:46.080735,Tokyo-e6fd,16,0,Normal
2026-02-14 03:43:47.080735,Tokyo-e6fd,18,51,Normal
2026-02-14 03:43:48.080735,Tokyo-e6fd,0,94,Normal
2026-02-14 03:43:49.080735,Tokyo-e6fd,22,75,Normal
2026-02-14 03:43:50.080735,Tokyo-e6fd,18,52,Normal
2026-02-14 03:43:51.080735,Tokyo-e6fd,45,41,Normal
2026-02-14 03:43:52.080735,Tokyo-e6fd,19,30,Normal
2026-02-14 03:43:53.080735,Tokyo-e6fd,34,26,Normal
2026-02-14 03:43:54.080735,Tokyo-e6fd,-22,35,Normal
2026-02-14 03:43:55.080735,Tokyo-e6fd,-21,41,Normal
2026-02-14 03:43:56.080735,Tokyo-e6fd,16,5,Normal
2026-02-14 03:43:57.080735,Tokyo-e6fd,3,0,Normal
2026-02-14 03:43:58.080735,Tokyo-e6fd,-22,90,Normal
2026-02-14 03:43:59.080735,Tokyo-e6fd,19,26,Normal
2026-02-14 03:44:00.080735,Tokyo-e6fd,20,66,Normal
2026-02-14 03:44:01.080735,Tokyo-e6fd,38,21,Normal
2026-02-14 03:44:02.080735,Tokyo-e6fd,36,35,Normal
2026-02-14 03:44:03.080735,Tokyo-e6fd,-14,86,Normal
2026-02-14 03:44:04.080735,Tokyo-e6fd,36,70,Normal
2026-02-14 03:44:05.080735,Tokyo-e6fd,5,13,Normal
2026-02-14 03:44:06.080735,Tokyo-e6fd,19,41,Normal
2026-02-14 03:44:07.080735,Tokyo-e6fd,35,40,Normal
2026-02-14 03:44:08.080735,Tokyo-e6fd,-4,4,Normal
2026-02-14 03:44:09.080735,Tokyo-e6fd,-19,74,Normal
2026-02-14 03:44:10.080735,Tokyo-e6fd,19,8,Normal
2026-02-14 03:44:11.080735,Tokyo-e6fd,-6,46,Normal
2026-02-14 03:44:12.080735,Tokyo-e6fd,3,81,Normal
2026-02-14 03:44:13.080735,Tokyo-e6fd,-4,48,Normal
2026-02-14 03:44:14.080735,Tokyo-e6fd,-7,43,Normal
2026-02-14 03:44:15.080735,Tokyo-e6fd,-2,17,Normal
2026-02-14 03:44:16.080735,Tokyo-e6fd,27,91,Normal
2026-02-14 03:44:17.080735,Tokyo-e6fd,25,95,Normal
2026-02-14 03:44:18.080735,Tokyo-e6fd,16,98,Normal
2026-02-14 03:44:19.080735,Tokyo-e6fd,48,88,Normal
2026-02-14 03:44:20.080735,Tokyo-e6fd,1,58,Normal
2026-02-14 03:44:21.080735,Tokyo-e6fd,28,42,Normal
2026-02-14 03:44:22.080735,Tokyo-e6fd,-30,40,Normal
2026-02-14 03:44:23.080735,Tokyo-e6fd,-5,90,Normal
2026-02-14 03:44:24.080735,Tokyo-e6fd,-24,53,Normal
2026-02-14 03:44:25.080735,Tokyo-e6fd,4,60,Normal
2026-02-14 03:44:26.080735,Tokyo-e6fd,11,87,Normal
2026-02-14 03:44:27.080735,Tokyo-e6fd,41,58,Normal
2026-02-14 03:44:28.080735,Tokyo-e6fd,20,57,Normal
2026-02-14 03:44:29.080735,Tokyo-e6fd,3,76,Normal
2026-02-14 03:44:30.080735,Tokyo-e6fd,48,64,Normal
2026-02-14 03:44:31.080735,Tokyo-e6fd,27,42,Normal
2026-02-14 03:44:32.080735,Tokyo-e6fd,-13,26,Normal
2026-02-14 03:44:33.080735,Tokyo-e6fd,-10,7,Normal
2026-02-14 03:44:34.080735,Tokyo-e6fd,-2,12,Normal
2026-02-14 03:44:35.080735,Tokyo-e6fd,-20,63,Normal
2026-02-14 03:44:36.080735,Tokyo-e6fd,-8,43,Normal
2026-02-14 03:44:37.080735,Tokyo-e6fd,14,35,Normal
2026-02-14 03:44:38.080735,Tokyo-e6fd,-14,76,Normal
2026-02-14 03:44:39.080735,Tokyo-e6fd,29,55,Normal
2026-02-14 03:44:40.080735,Tokyo-e6fd,11,77,Normal
2026-02-14 03:44:41.080735,Tokyo-e6fd,1,13,Normal
2026-02-14 03:44:42.080735,Tokyo-e6fd,50,8,Normal
2026-02-14 03:44:43.080735,Tokyo-e6fd,11,95,Normal
2026-02-14 03:44:44.080735,Tokyo-e6fd,7,7,Normal
2026-02-14 03:44:45.080735,Tokyo-e6fd,-7,18,Normal
2026-02-14 03:44:46.080735,Tokyo-e6fd,-1,2,Normal
2026-02-14 03:44:47.080735,Tokyo-e6fd,37,48,Normal
2026-02-14 03:44:48.080735,Tokyo-e6fd,34,6,Normal
2026-02-14 03:44:49.080735,Tokyo-e6fd,-10,47,Normal
2026-02-14 03:44:50.080735,Tokyo-e6fd,20,87,Normal
2026-02-14 03:44:51.080735,Tokyo-e6fd,-24,79,Normal
2026-02-14 03:44:52.080735,Tokyo-e6fd,-16,70,Normal
2026-02-14 03:44:53.080735,Tokyo-e6fd,-7,73,Normal
2026-02-14 03:44:54.080735,Tokyo-e6fd,30,63,Normal
2026-02-14 03:44:55.080735,Tokyo-e6fd,24,16,Normal
2026-02-14 03:44:56.080735,Tokyo-e6fd,44,21,Normal
2026-02-14 03:44:57.080735,Tokyo-e6fd,48,35,Normal
2026-02-14 03:44:58.080735,Tokyo-e6fd,33,18,Normal
2026-02-14 03:44:59.080735,Tokyo-e6fd,22,13,Normal
2026-02-14 03:45:00.080735,Tokyo-e6fd,-23,27,Normal
2026-02-14 03:45:01.080735,Tokyo-e6fd,36,77,Normal
2026-02-14 03:45:02.080735,Tokyo-e6fd,25,22,Normal
2026-02-14 03:45:03.080735,Tokyo-e6fd,-23,31,Normal
2026-02-14 03:45:04.080735,Tokyo-e6fd,-25,58,Normal
2026-02-14 03:45:05.080735,Tokyo-e6fd,-28,20,Normal
2026-02-14 03:45:06.080735,Tokyo-e6fd,-15,73,Normal
2026-02-14 03:45:07.080735,Tokyo-e6fd,-17,4,Normal
2026-02-14 03:45:08.080735,Tokyo-e6fd,44,65,Normal
2026-02-14 03:45:09.080735,Tokyo-e6fd,-1,7,Normal
2026-02-14 03:45:10.080735,Tokyo-e6fd,-27,32,Normal
2026-02-14 03:45:11.080735,Tokyo-e6fd,-20,74,Normal
2026-02-14 03:45:12.080735,Tokyo-e6fd,40,19,Normal
2026-02-14 03:45:13.080735,Tokyo-e6fd,-17,9,Normal
2026-02-14 03:45:14.080735,Tokyo-e6fd,-5,23,Normal
2026-02-14 03:45:15.080735,Tokyo-e6fd,-1,72,Normal
2026-02-14 03:45:16.080735,Tokyo-e6fd,48,20,Normal
2026-02-14 03:45:17.080735,Tokyo-e6fd,28,13,Normal
2026-02-14 03:45:18.080735,Tokyo-e6fd,42,14,Normal
2026-02-14 03:45:19.080735,Tokyo-e6fd,-18,2,Normal
2026-02-14 03:45:20.080735,Tokyo-e6fd,-24,25,Normal
2026-02-14 03:45:21.080735,Tokyo-e6fd,-28,8,Normal
2026-02-14 03:45:22.080735,Tokyo-e6fd,20,40,Normal
2026-02-14 03:45:23.080735,Tokyo-e6fd,41,0,Normal
2026-02-14 03:45:24.080735,Tokyo-e6fd,13,7,Normal
2026-02-14 03:45:25.080735,Tokyo-e6fd,19,37,Normal
2026-02-14 03:45:26.080735,Tokyo-e6fd,10,12,Normal
2026-02-14 03:45:27.080735,Tokyo-e6fd,31,64,Normal
2026-02-14 03:45:28.080735,Tokyo-e6fd,7,92,Normal
2026-02-14 03:45:29.080735,Tokyo-e6fd,-1,86,Normal
2026-02-14 03:45:30.080735,Tokyo-e6fd,30,4,Normal
2026-02-14 03:45:31.080735,Tokyo-e6fd,38,26,Normal
2026-02-14 03:45:32.080735,Tokyo-e6fd,-2,1,Normal
2026-02-14 03:45:33.080735,Tokyo-e6fd,39,47,Normal
2026-02-14 03:45:34.080735,Tokyo-e6fd,-18,90,Normal
2026-02-14 03:45:35.080735,Tokyo-e6fd,-22,7,Normal
2026-02-14 03:45:36.080735,Tokyo-e6fd,34,68,Normal
2026-02-14 03:45:37.080735,Tokyo-e6fd,36,58,Normal
2026-02-14 03:45:38.080735,Tokyo-e6fd,2,77,Normal
2026-02-14 03:45:39.080735,Tokyo-e6fd,-18,29,Normal
2026-02-14 03:45:40.080735,Tokyo-e6fd,22,72,Normal
2026-02-14 03:45:41.080735,Tokyo-e6fd,3,41,Normal
2026-02-14 03:45:42.080735,Tokyo-e6fd,7,87,Normal
2026-02-14 03:45:43.080735,Tokyo-e6fd,-29,56,Normal
2026-02-14 03:45:44.080735,Tokyo-e6fd,17,83,Normal
2026-02-14 03:45:45.080735,Tokyo-e6fd,25,16,Normal
2026-02-14 03:45:46.080735,Tokyo-e6fd,50,16,Normal
2026-02-14 03:45:47.080735,Tokyo-e6fd,-3,46,Normal
2026-02-14 03:45:48.080735,Tokyo-e6fd,37,33,Normal
2026-02-14 03:45:49.080735,Tokyo-e6fd,18,79,Normal
2026-02-14 03:45:50.080735,Tokyo-e6fd,-30,93,Normal
2026-02-14 03:45:51.080735,Tokyo-e6fd,-16,44,Normal
2026-02-14 03:45:52.080735,Tokyo-e6fd,-16,5,Normal
2026-02-14 03:45:53.080735,Tokyo-e6fd,-16,100,Normal
2026-02-14 03:45:54.080735,Tokyo-e6fd,17,50,Normal
2026-02-14 03:45:55.080735,Tokyo-e6fd,-2,2,Normal
2026-02-14 03:45:56.080735,Tokyo-e6fd,9,44,Normal
2026-02-14 03:45:57.080735,Tokyo-e6fd,35,55,Normal
2026-02-14 03:45:58.080735,Tokyo-e6fd,17,97,Normal
2026-02-14 03:45:59.080735,Tokyo-e6fd,34,17,Normal
2026-02-14 03:46:00.080735,Tokyo-e6fd,-13,17,Normal
2026-02-14 03:46:01.080735,Tokyo-e6fd,-14,75,Normal
2026-02-14 03:46:02.080735,Tokyo-e6fd,3,92,Normal
2026-02-14 03:46:03.080735,Tokyo-e6fd,-25,1,Normal
2026-02-14 03:46:04.080735,Tokyo-e6fd,33,10,Normal
2026-02-14 03:46:05.080735,Tokyo-e6fd,34,24,Normal
2026-02-14 03:46:06.080735,Tokyo-e6fd,24,74,Normal
2026-02-14 03:46:07.080735,Tokyo-e6fd,-19,93,Normal
2026-02-14 03:46:08.080735,Tokyo-e6fd,-28,32,Normal
2026-02-14 03:46:09.080735,Tokyo-e6fd,-25,44,Normal
2026-02-14 03:46:10.080735,Tokyo-e6fd,-6,64,Normal
2026-02-14 03:46:11.080735,Tokyo-e6fd,42,8,Normal
2026-02-14 03:46:12.080735,Tokyo-e6fd,33,75,Normal
2026-02-14 03:46:13.080735,Tokyo-e6fd,-15,92,Normal
2026-02-14 03:46:14.080735,Tokyo-e6fd,-23,77,Normal
2026-02-14 03:46:15.080735,Tokyo-e6fd,49,98,Normal
2026-02-14 03:46:16.080735,Tokyo-e6fd,-27,99,Normal
2026-02-14 03:46:17.080735,Tokyo-e6fd,11,63,Normal
2026-02-14 03:46:18.080735,Tokyo-e6fd,-12,11,Normal
2026-02-14 03:46:19.080735,Tokyo-e6fd,-1,97,Normal
2026-02-14 03:46:20.080735,Tokyo-e6fd,24,18,Normal
2026-02-14 03:46:21.080735,Tokyo-e6fd,-9,70,Normal
2026-02-14 03:46:22.080735,Tokyo-e6fd,35,44,Normal
2026-02-14 03:46:23.080735,Tokyo-e6fd,49,56,Normal
2026-02-14 03:46:24.080735,Tokyo-e6fd,49,68,Normal
2026-02-14 03:46:25.080735,Tokyo-e6fd,36,93,Normal
2026-02-14 03:46:26.080735,Tokyo-e6fd,17,3,Normal
2026-02-14 03:46:27.080735,Tokyo-e6fd,47,1,Normal
2026-02-14 03:46:28.080735,Tokyo-e6fd,42,12,Normal
2026-02-14 03:46:29.080735,Tokyo-e6fd,33,39,Normal
2026-02-14 03:46:30.080735,Tokyo-e6fd,5,100,Normal
2026-02-14 03:46:31.080735,Tokyo-e6fd,-5,86,Normal
2026-02-14 03:46:32.080735,Tokyo-e6fd,37,5,Normal
2026-02-14 03:46:33.080735,Tokyo-e6fd,-19,94,Normal
2026-02-14 03:46:34.080735,Tokyo-e6fd,10,34,Normal
