timestamp,station_id,temp,humid,condition
2026-04-27 21:44:46.512213,Berlin-41c3,14,44,Normal
2026-04-27 21:44:47.512213,Berlin-41c3,-16,53,Normal
2026-04-27 21:44:48.512213,Berlin-41c3,46,85,Normal
2026-04-27 21:44:49.512213,Berlin-41c3,21,16,Normal
2026-04-27 21:44:50.512213,Berlin-41c3,-1,54,Normal
2026-04-27 21:44:51.512213,Berlin-41c3,11,78,Normal
2026-04-27 21:44:52.512213,Berlin-41c3,25,49,Normal
2026-04-27 21:44:53.512213,Berlin-41c3,-23,21,Normal
2026-04-27 21:44:54.512213,Berlin-41c3,14,0,Normal
2026-04-27 21:44:55.512213,Berlin-41c3,32,35,Normal
2026-04-27 21:44:56.512213,Berlin-41c3,38,20,Normal
2026-04-27 21:44:57.512213,Berlin-41c3,24,100,Normal
2026-04-27 21:44:58.512213,Berlin-41c3,21,39,Normal
2026-04-27 21:44:59.512213,Berlin-41c3,-17,73,Normal
2026-04-27 21:45:00.512213,Berlin-41c3,17,66,Normal
2026-04-27 21:45:01.512213,Berlin-41c3,15,83,Normal
2026-04-27 21:45:02.512213,Berlin-41c3,12,80,Normal
2026-04-27 21:45:03.512213,Berlin-41c3,19,30,Normal
2026-04-27 21:45:04.512213,Berlin-41c3,27,77,Normal
2026-04-27 21:45:05.512213,Berlin-41c3,12,43,Normal
2026-04-27 21:45:06.512213,Berlin-41c3,28,89,Normal
2026-04-27 21:45:07.512213,Berlin-41c3,31,64,Normal
2026-04-27 21:45:08.512213,Berlin-41c3,-22,98,Normal
2026-04-27 21:45:09.512213,Berlin-41c3,19,31,Normal
2026-04-27 21:45:10.512213,Berlin-41c3,-30,80,Normal
2026-04-27 21:45:11.512213,Berlin-41c3,-2,39,Normal
2026-04-27 21:45:12.512213,Berlin-41c3,-7,34,Normal
2026-04-27 21:45:13.512213,Berlin-41c3,-5,37,Normal
2026-04-27 21:45:14.512213,Berlin-41c3,10,31,Normal
2026-04-27 21:45:15.512213,Berlin-41c3,35,83,Normal
2026-04-27 21:45:16.512213,Berlin-41c3,4,61,Normal
2026-04-27 21:45:17.512213,Berlin-41c3,-9,58,Normal
2026-04-27 21:45:18.512213,Berlin-41c3,17,2,Normal
2026-04-27 21:45:19.512213,Berlin-41c3,-24,100,Normal
2026-04-27 21:45:20.512213,Berlin-41c3,45,41,Normal
2026-04-27 21:45:21.512213,Berlin-41c3,1,36,Normal
2026-04-27 21:45:22.512213,Berlin-41c3,46,84,Normal
2026-04-27 21:45:23.512213,Berlin-41c3,15,11,Normal
2026-04-27 21:45:24.512213,Berlin-41c3,-20,13,Normal
2026-04-27 21:45:25.512213,Berlin-41c3,43,81,Normal
2026-04-27 21:45:26.512213,Berlin-41c3,27,85,Normal
2026-04-27 21:45:27.512213,Berlin-41c3,-29,100,Normal
2026-04-27 21:45:28.512213,Berlin-41c3,21,5,Normal
2026-04-27 21:45:29.512213,Berlin-41c3,26,88,Normal
2026-04-27 21:45:30.512213,Berlin-41c3,-15,72,Normal
2026-04-27 21:45:31.512213,Berlin-41c3,-24,17,Normal
2026-04-27 21:45:32.512213,Berlin-41c3,25,58,Normal
2026-04-27 21:45:33.512213,Berlin-41c3,44,58,Normal
2026-04-27 21:45:34.512213,Berlin-41c3,-11,29,Normal
2026-04-27 21:45:35.512213,Berlin-41c3,-5,0,Normal
2026-04-27 21:45:36.512213,Berlin-41c3,-30,3,Normal
2026-04-27 21:45:37.512213,Berlin-41c3,20,93,Normal
2026-04-27 21:45:38.512213,Berlin-41c3,-17,96,Normal
2026-04-27 21:45:39.512213,Berlin-41c3,35,27,Normal
2026-04-27 21:45:40.512213,Berlin-41c3,23,71,Normal
2026-04-27 21:45:41.512213,Berlin-41c3,-30,62,Normal
2026-04-27 21:45:42.512213,Berlin-41c3,0,9,Normal
2026-04-27 21:45:43.512213,Berlin-41c3,11,80,Normal
2026-04-27 21:45:44.512213,Berlin-41c3,3,57,Normal
2026-04-27 21:45:45.512213,Berlin-41c3,35,46,Normal
2026-04-27 21:45:46.512213,Berlin-41c3,-1,82,Normal
2026-04-27 21:45:47.512213,Berlin-41c3,17,92,Normal
2026-04-27 21:45:48.512213,Berlin-41c3,-2,29,Normal
2026-04-27 21:45:49.512213,Berlin-41c3,32,52,Normal
2026-04-27 21:45:50.512213,Berlin-41c3,29,89,Normal
2026-04-27 21:45:51.512213,Berlin-41c3,38,39,Normal
2026-04-27 21:45:52.512213,Berlin-41c3,-24,69,Normal
2026-04-27 21:45:53.512213,Berlin-41c3,-27,8,Normal
2026-04-27 21:45:54.512213,Berlin-41c3,24,96,Normal
2026-04-27 21:45:55.512213,Berlin-41c3,-19,88,Normal
2026-04-27 21:45:56.512213,Berlin-41c3,47,34,Normal
2026-04-27 21:45:57.512213,Berlin-41c3,35,34,Normal
2026-04-27 21:45:58.512213,Berlin-41c3,-17,13,Normal
2026-04-27 21:45:59.512213,Berlin-41c3,16,65,Normal
2026-04-27 21:46:00.512213,Berlin-41c3,28,43,Normal
2026-04-27 21:46:01.512213,Berlin-41c3,23,69,Normal
2026-04-27 21:46:02.512213,Berlin-41c3,-11,67,Normal
2026-04-27 21:46:03.512213,Berlin-41c3,43,98,Normal
2026-04-27 21:46:04.512213,Berlin-41c3,6,49,Normal
2026-04-27 21:46:05.512213,Berlin-41c3,11,93,Normal
2026-04-27 21:46:06.512213,Berlin-41c3,43,68,Normal
2026-04-27 21:46:07.512213,Berlin-41c3,-1,14,Normal
2026-04-27 21:46:08.512213,Berlin-41c3,-15,30,Normal
2026-04-27 21:46:09.512213,Berlin-41c3,0,91,Normal
2026-04-27 21:46:10.512213,Berlin-41c3,1,82,Normal
2026-04-27 21:46:11.512213,Berlin-41c3,-30,71,Normal
2026-04-27 21:46:12.512213,Berlin-41c3,44,56,Normal
2026-04-27 21:46:13.512213,Berlin-41c3,29,52,Normal
2026-04-27 21:46:14.512213,Berlin-41c3,46,14,Normal
2026-04-27 21:46:15.512213,Berlin-41c3,42,27,Normal
2026-04-27 21:46:16.512213,Berlin-41c3,6,74,Normal
2026-04-27 21:46:17.512213,Berlin-41c3,48,30,Normal
2026-04-27 21:46:18.512213,Berlin-41c3,-24,15,Normal
2026-04-27 21:46:19.512213,Berlin-41c3,12,30,Normal
2026-04-27 21:46:20.512213,Berlin-41c3,-6,64,Normal
2026-04-27 21:46:21.512213,Berlin-41c3,43,44,Normal
2026-04-27 21:46:22.512213,Berlin-41c3,-25,47,Normal
2026-04-27 21:46:23.512213,Berlin-41c3,21,77,Normal
2026-04-27 21:46:24.512213,Berlin-41c3,-9,59,Normal
2026-04-27 21:46:25.512213,Berlin-41c3,23,32,Normal
2026-04-27 21:46:26.512213,Berlin-41c3,44,3,Normal
2026-04-27 21:46:27.512213,Berlin-41c3,-21,21,Normal
2026-04-27 21:46:28.512213,Berlin-41c3,13,50,Normal
2026-04-27 21:46:29.512213,Berlin-41c3,49,64,Normal
2026-04-27 21:46:30.512213,Berlin-41c3,22,68,Normal
2026-04-27 21:46:31.512213,Berlin-41c3,16,34,Normal
2026-04-27 21:46:32.512213,Berlin-41c3,-20,57,Normal
2026-04-27 21:46:33.512213,Berlin-41c3,42,49,Normal
2026-04-27 21:46:34.512213,Berlin-41c3,0,20,Normal
2026-04-27 21:46:35.512213,Berlin-41c3,36,61,Normal
2026-04-27 21:46:36.512213,Berlin-41c3,-20,35,Normal
2026-04-27 21:46:37.512213,Berlin-41c3,-27,50,Normal
2026-04-27 21:46:38.512213,Berlin-41c3,16,41,Normal
2026-04-27 21:46:39.512213,Berlin-41c3,34,95,Normal
2026-04-27 21:46:40.512213,Berlin-41c3,4,8,Normal
2026-04-27 21:46:41.512213,Berlin-41c3,-23,39,Normal
2026-04-27 21:46:42.512213,Berlin-41c3,25,65,Normal
2026-04-27 21:46:43.512213,Berlin-41c3,33,63,Normal
2026-04-27 21:46:44.512213,Berlin-41c3,12,7,Normal
2026-04-27 21:46:45.512213,Berlin-41c3,41,74,Normal
2026-04-27 21:46:46.512213,Berlin-41c3,24,18,Normal
2026-04-27 21:46:47.512213,Berlin-41c3,22,47,Normal
2026-04-27 21:46:48.512213,Berlin-41c3,46,66,Normal
2026-04-27 21:46:49.512213,Berlin-41c3,-11,50,Normal
2026-04-27 21:46:50.512213,Berlin-41c3,42,57,Normal
2026-04-27 21:46:51.512213,Berlin-41c3,32,26,Normal
2026-04-27 21:46:52.512213,Berlin-41c3,43,85,Normal
2026-04-27 21:46:53.512213,Berlin-41c3,-26,2,Normal
2026-04-27 21:46:54.512213,Berlin-41c3,26,27,Normal
2026-04-27 21:46:55.512213,Berlin-41c3,25,58,Normal
2026-04-27 21:46:56.512213,Berlin-41c3,43,9,Normal
2026-04-27 21:46:57.512213,Berlin-41c3,-16,74,Normal
2026-04-27 21:46:58.512213,Berlin-41c3,-17,30,Normal
2026-04-27 21:46:59.512213,Berlin-41c3,-27,45,Normal
2026-04-27 21:47:00.512213,Berlin-41c3,19,21,Normal
2026-04-27 21:47:01.512213,Berlin-41c3,35,27,Normal
2026-04-27 21:47:02.512213,Berlin-41c3,39,69,Normal
2026-04-27 21:47:03.512213,Berlin-41c3,-26,15,Normal
2026-04-27 21:47:04.512213,Berlin-41c3,-14,99,Normal
2026-04-27 21:47:05.512213,Berlin-41c3,30,87,Normal
2026-04-27 21:47:06.512213,Berlin-41c3,44,73,Normal
2026-04-27 21:47:07.512213,Berlin-41c3,26,77,Normal
2026-04-27 21:47:08.512213,Berlin-41c3,-4,4,Normal
2026-04-27 21:47:09.512213,Berlin-41c3,48,99,Normal
2026-04-27 21:47:10.512213,Berlin-41c3,3,66,Normal
2026-04-27 21:47:11.512213,Berlin-41c3,-6,42,Normal
2026-04-27 21:47:12.512213,Berlin-41c3,-3,24,Normal
2026-04-27 21:47:13.512213,Berlin-41c3,-11,74,Normal
2026-04-27 21:47:14.512213,Berlin-41c3,-6,80,Normal
2026-04-27 21:47:15.512213,Berlin-41c3,18,46,Normal
2026-04-27 21:47:16.512213,Berlin-41c3,14,89,Normal
2026-04-27 21:47:17.512213,Berlin-41c3,22,36,Normal
2026-04-27 21:47:18.512213,Berlin-41c3,5,65,Normal
2026-04-27 21:47:19.512213,Berlin-41c3,1,39,Normal
2026-04-27 21:47:20.512213,Berlin-41c3,50,75,Normal
2026-04-27 21:47:21.512213,Berlin-41c3,0,98,Normal
2026-04-27 21:47:22.512213,Berlin-41c3,35,8,Normal
2026-04-27 21:47:23.512213,Berlin-41c3,8,89,Normal
2026-04-27 21:47:24.512213,Berlin-41c3,16,52,Normal
2026-04-27 21:47:25.512213,Berlin-41c3,13,23,Normal
2026-04-27 21:47:26.512213,Berlin-41c3,34,86,Normal
2026-04-27 21:47:27.512213,Berlin-41c3,-17,5,Normal
2026-04-27 21:47:28.512213,Berlin-41c3,2,38,Normal
2026-04-27 21:47:29.512213,Berlin-41c3,34,8,Normal
2026-04-27 21:47:30.512213,Berlin-41c3,-14,79,Normal
2026-04-27 21:47:31.512213,Berlin-41c3,-8,38,Normal
2026-04-27 21:47:32.512213,Berlin-41c3,8,91,Normal
2026-04-27 21:47:33.512213,Berlin-41c3,11,60,Normal
2026-04-27 21:47:34.512213,Berlin-41c3,43,46,Normal
2026-04-27 21:47:35.512213,Berlin-41c3,3,88,Normal
2026-04-27 21:47:36.512213,Berlin-41c3,30,88,Normal
2026-04-27 21:47:37.512213,Berlin-41c3,22,99,Normal
2026-04-27 21:47:38.512213,Berlin-41c3,-8,96,Normal
2026-04-27 21:47:39.512213,Berlin-41c3,19,0,Normal
2026-04-27 21:47:40.512213,Berlin-41c3,-4,61,Normal
2026-04-27 21:47:41.512213,Berlin-41c3,30,52,Normal
2026-04-27 21:47:42.512213,Berlin-41c3,4,96,Normal
2026-04-27 21:47:43.512213,Berlin-41c3,-8,60,Normal
2026-04-27 21:47:44.512213,Berlin-41c3,10,66,Normal
2026-04-27 21:47:45.512213,Berlin-41c3,29,2,Normal
2026-04-27 21:47:46.512213,Berlin-41c3,-9,72,Normal
2026-04-27 21:47:47.512213,Berlin-41c3,42,78,Normal
2026-04-27 21:47:48.512213,Berlin-41c3,-2,39,Normal
2026-04-27 21:47:49.512213,Berlin-41c3,-18,89,Normal
2026-04-27 21:47:50.512213,Berlin-41c3,32,83,Normal
2026-04-27 21:47:51.512213,Berlin-41c3,-28,83,Normal
2026-04-27 21:47:52.512213,Berlin-41c3,-21,67,Normal
2026-04-27 21:47:53.512213,Berlin-41c3,43,42,Normal
2026-04-27 21:47:54.512213,Berlin-41c3,-2,81,Normal
2026-04-27 21:47:55.512213,Berlin-41c3,22,29,Normal
2026-04-27 21:47:56.512213,Berlin-41c3,-22,65,Normal
2026-04-27 21:47:57.512213,Berlin-41c3,7,61,Normal
2026-04-27 21:47:58.512213,Berlin-41c3,43,33,Normal
2026-04-27 21:47:59.512213,Berlin-41c3,38,56,Normal
2026-04-27 21:48:00.512213,Berlin-41c3,5,90,Normal
2026-04-27 21:48:01.512213,Berlin-41c3,-10,97,Normal
2026-04-27 21:48:02.512213,Berlin-41c3,-22,46,Normal
2026-04-27 21:48:03.512213,Berlin-41c3,4,73,Normal
2026-04-27 21:48:04.512213,Berlin-41c3,14,39,Normal
2026-04-27 21:48:05.512213,Berlin-41c3,24,90,Normal
2026-04-27 21:48:06.512213,Berlin-41c3,15,99,Normal
2026-04-27 21:48:07.512213,Berlin-41c3,26,79,Normal
2026-04-27 21:48:08.512213,Berlin-41c3,-19,15,Normal
2026-04-27 21:48:09.512213,Berlin-41c3,-14,93,Normal
2026-04-27 21:48:10.512213,Berlin-41c3,8,60,Normal
2026-04-27 21:48:11.512213,Berlin-41c3,44,5,Normal
2026-04-27 21:48:12.512213,Berlin-41c3,16,5,Normal
2026-04-27 21:48:13.512213,Berlin-41c3,0,27,Normal
2026-04-27 21:48:14.512213,Berlin-41c3,-16,94,Normal
2026-04-27 21:48:15.512213,Berlin-41c3,-23,18,Normal
2026-04-27 21:48:16.512213,Berlin-41c3,-6,26,Normal
2026-04-27 21:48:17.512213,Berlin-41c3,-29,60,Normal
2026-04-27 21:48:18.512213,Berlin-41c3,8,94,Normal
2026-04-27 21:48:19.512213,Berlin-41c3,-15,98,Normal
2026-04-27 21:48:20.512213,Berlin-41c3,-30,55,Normal
2026-04-27 21:48:21.512213,Berlin-41c3,3,9,Normal
2026-04-27 21:48:22.512213,Berlin-41c3,1,64,Normal
2026-04-27 21:48:23.512213,Berlin-41c3,10,57,Normal
2026-04-27 21:48:24.512213,Berlin-41c3,-2,90,Normal
2026-04-27 21:48:25.512213,Berlin-41c3,48,29,Normal
2026-04-27 21:48:26.512213,Berlin-41c3,49,63,Normal
2026-04-27 21:48:27.512213,Berlin-41c3,0,20,Normal
2026-04-27 21:48:28.512213,Berlin-41c3,-12,82,Normal
2026-04-27 21:48:29.512213,Berlin-41c3,30,93,Normal
2026-04-27 21:48:30.512213,Berlin-41c3,12,11,Normal
2026-04-27 21:48:31.512213,Berlin-41c3,-13,74,Normal
2026-04-27 21:48:32.512213,Berlin-41c3,-16,47,Normal
2026-04-27 21:48:33.512213,Berlin-41c3,-28,87,Normal
2026-04-27 21:48:34.512213,Berlin-41c3,-1,23,Normal
2026-04-27 21:48:35.512213,Berlin-41c3,35,76,Normal
2026-04-27 21:48:36.512213,Berlin-41c3,17,85,Normal
2026-04-27 21:48:37.512213,Berlin-41c3,4,39,Normal
2026-04-27 21:48:38.512213,Berlin-41c3,-28,89,Normal
2026-04-27 21:48:39.512213,Berlin-41c3,34,89,Normal
2026-04-27 21:48:40.512213,Berlin-41c3,-17,44,Normal
2026-04-27 21:48:41.512213,Berlin-41c3,-12,37,Normal
2026-04-27 21:48:42.512213,Berlin-41c3,24,54,Normal
2026-04-27 21:48:43.512213,Berlin-41c3,-27,77,Normal
2026-04-27 21:48:44.512213,Berlin-41c3,-6,65,Normal
2026-04-27 21:48:45.512213,Berlin-41c3,-11,83,Normal
2026-04-27 21:48:46.512213,Berlin-41c3,-2,9,Normal
2026-04-27 21:48:47.512213,Berlin-41c3,20,9,Normal
2026-04-27 21:48:48.512213,Berlin-41c3,19,51,Normal
2026-04-27 21:48:49.512213,Berlin-41c3,14,53,Normal
2026-04-27 21:48:50.512213,Berlin-41c3,-8,78,Normal
2026-04-27 21:48:51.512213,Berlin-41c3,-7,89,Normal
2026-04-27 21:48:52.512213,Berlin-41c3,41,60,Normal
2026-04-27 21:48:53.512213,Berlin-41c3,39,68,Normal
2026-04-27 21:48:54.512213,Berlin-41c3,25,17,Normal
2026-04-27 21:48:55.512213,Berlin-41c3,14,72,Normal
2026-04-27 21:48:56.512213,Berlin-41c3,16,26,Normal
2026-04-27 21:48:57.512213,Berlin-41c3,24,93,Normal
2026-04-27 21:48:58.512213,Berlin-41c3,21,72,Normal
2026-04-27 21:48:59.512213,Berlin-41c3,18,4,Normal
2026-04-27 21:49:00.512213,Berlin-41c3,-4,1,Normal
2026-04-27 21:49:01.512213,Berlin-41c3,9,1,Normal
2026-04-27 21:49:02.512213,Berlin-41c3,34,78,Normal
2026-04-27 21:49:03.512213,Berlin-41c3,-12,8,Normal
2026-04-27 21:49:04.512213,Berlin-41c3,2,2,Normal
2026-04-27 21:49:05.512213,Berlin-41c3,36,10,Normal
2026-04-27 21:49:06.512213,Berlin-41c3,21,6,Normal
2026-04-27 21:49:07.512213,Berlin-41c3,7,2,Normal
2026-04-27 21:49:08.512213,Berlin-41c3,-24,40,Normal
2026-04-27 21:49:09.512213,Berlin-41c3,0,40,Normal
2026-04-27 21:49:10.512213,Berlin-41c3,-10,70,Normal
2026-04-27 21:49:11.512213,Berlin-41c3,47,77,Normal
2026-04-27 21:49:12.512213,Berlin-41c3,-6,96,Normal
2026-04-27 21:49:13.512213,Berlin-41c3,5,21,Normal
2026-04-27 21:49:14.512213,Berlin-41c3,6,10,Normal
2026-04-27 21:49:15.512213,Berlin-41c3,-8,48,Normal
2026-04-27 21:49:16.512213,Berlin-41c3,30,69,Normal
2026-04-27 21:49:17.512213,Berlin-41c3,6,84,Normal
2026-04-27 21:49:18.512213,Berlin-41c3,8,10,Normal
2026-04-27 21:49:19.512213,Berlin-41c3,7,76,Normal
2026-04-27 21:49:20.512213,Berlin-41c3,19,57,Normal
2026-04-27 21:49:21.512213,Berlin-41c3,-5,78,Normal
2026-04-27 21:49:22.512213,Berlin-41c3,16,44,Normal
2026-04-27 21:49:23.512213,Berlin-41c3,31,50,Normal
2026-04-27 21:49:24.512213,Berlin-41c3,-15,92,Normal
2026-04-27 21:49:25.512213,Berlin-41c3,35,21,Normal
2026-04-27 21:49:26.512213,Berlin-41c3,19,37,Normal
2026-04-27 21:49:27.512213,Berlin-41c3,38,6,Normal
2026-04-27 21:49:28.512213,Berlin-41c3,-16,86,Normal
2026-04-27 21:49:29.512213,Berlin-41c3,-6,96,Normal
2026-04-27 21:49:30.512213,Berlin-41c3,-28,24,Normal
2026-04-27 21:49:31.512213,Berlin-41c3,18,0,Normal
2026-04-27 21:49:32.512213,Berlin-41c3,36,90,Normal
2026-04-27 21:49:33.512213,Berlin-41c3,15,3,Normal
2026-04-27 21:49:34.512213,Berlin-41c3,-4,94,Normal
2026-04-27 21:49:35.512213,Berlin-41c3,17,42,Normal
2026-04-27 21:49:36.512213,Berlin-41c3,-24,54,Normal
2026-04-27 21:49:37.512213,Berlin-41c3,-21,28,Normal
2026-04-27 21:49:38.512213,Berlin-41c3,-12,40,Normal
2026-04-27 21:49:39.512213,Berlin-41c3,25,41,Normal
2026-04-27 21:49:40.512213,Berlin-41c3,-10,57,Normal
2026-04-27 21:49:41.512213,Berlin-41c3,3,20,Normal
2026-04-27 21:49:42.512213,Berlin-41c3,-21,21,Normal
2026-04-27 21:49:43.512213,Berlin-41c3,9,65,Normal
2026-04-27 21:49:44.512213,Berlin-41c3,6,71,Normal
2026-04-27 21:49:45.512213,Berlin-41c3,-6,50,Normal
2026-04-27 21:49:46.512213,Berlin-41c3,-5,13,Normal
2026-04-27 21:49:47.512213,Berlin-41c3,11,20,Normal
2026-04-27 21:49:48.512213,Berlin-41c3,27,48,Normal
2026-04-27 21:49:49.512213,Berlin-41c3,49,10,Normal
2026-04-27 21:49:50.512213,Berlin-41c3,30,65,Normal
2026-04-27 21:49:51.512213,Berlin-41c3,0,11,Normal
2026-04-27 21:49:52.512213,Berlin-41c3,19,23,Normal
2026-04-27 21:49:53.512213,Berlin-41c3,4,46,Normal
2026-04-27 21:49:54.512213,Berlin-41c3,-21,60,Normal
2026-04-27 21:49:55.512213,Berlin-41c3,15,37,Normal
2026-04-27 21:49:56.512213,Berlin-41c3,-7,4,Normal
2026-04-27 21:49:57.512213,Berlin-41c3,-13,71,Normal
2026-04-27 21:49:58.512213,Berlin-41c3,39,4,Normal
2026-04-27 21:49:59.512213,Berlin-41c3,-20,25,Normal
2026-04-27 21:50:00.512213,Berlin-41c3,16,99,Normal
2026-04-27 21:50:01.512213,Berlin-41c3,20,71,Normal
2026-04-27 21:50:02.512213,Berlin-41c3,-27,27,Normal
2026-04-27 21:50:03.512213,Berlin-41c3,4,18,Normal
2026-04-27 21:50:04.512213,Berlin-41c3,45,91,Normal
2026-04-27 21:50:05.512213,Berlin-41c3,32,75,Normal
2026-04-27 21:50:06.512213,Berlin-41c3,11,100,Normal
2026-04-27 21:50:07.512213,Berlin-41c3,5,55,Normal
2026-04-27 21:50:08.512213,Berlin-41c3,30,46,Normal
2026-04-27 21:50:09.512213,Berlin-41c3,-23,64,Normal
2026-04-27 21:50:10.512213,Berlin-41c3,-2,21,Normal
2026-04-27 21:50:11.512213,Berlin-41c3,27,25,Normal
2026-04-27 21:50:12.512213,Berlin-41c3,38,56,Normal
2026-04-27 21:50:13.512213,Berlin-41c3,46,32,Normal
2026-04-27 21:50:14.512213,Berlin-41c3,-11,90,Normal
2026-04-27 21:50:15.512213,Berlin-41c3,-27,84,Normal
2026-04-27 21:50:16.512213,Berlin-41c3,14,5,Normal
2026-04-27 21:50:17.512213,Berlin-41c3,-1,52,Normal
2026-04-27 21:50:18.512213,Berlin-41c3,26,47,Normal
2026-04-27 21:50:19.512213,Berlin-41c3,37,25,Normal
2026-04-27 21:50:20.512213,Berlin-41c3,13,35,Normal
2026-04-27 21:50:21.512213,Berlin-41c3,-3,32,Normal
2026-04-27 21:50:22.512213,Berlin-41c3,18,0,Normal
2026-04-27 21:50:23.512213,Berlin-41c3,37,98,Normal
2026-04-27 21:50:24.512213,Berlin-41c3,-22,5,Normal
2026-04-27 21:50:25.512213,Berlin-41c3,10,66,Normal
2026-04-27 21:50:26.512213,Berlin-41c3,28,57,Normal
2026-04-27 21:50:27.512213,Berlin-41c3,-23,46,Normal
2026-04-27 21:50:28.512213,Berlin-41c3,23,24,Normal
2026-04-27 21:50:29.512213,Berlin-41c3,34,48,Normal
2026-04-27 21:50:30.512213,Berlin-41c3,3,12,Normal
2026-04-27 21:50:31.512213,Berlin-41c3,38,77,Normal
2026-04-27 21:50:32.512213,Berlin-41c3,3,65,Normal
2026-04-27 21:50:33.512213,Berlin-41c3,-11,51,Normal
2026-04-27 21:50:34.512213,Berlin-41c3,19,71,Normal
2026-04-27 21:50:35.512213,Berlin-41c3,43,57,Normal
2026-04-27 21:50:36.512213,Berlin-41c3,-23,99,Normal
2026-04-27 21:50:37.512213,Berlin-41c3,7,49,Normal
2026-04-27 21:50:38.512213,Berlin-41c3,-1,74,Normal
2026-04-27 21:50:39.512213,Berlin-41c3,10,89,Normal
2026-04-27 21:50:40.512213,Berlin-41c3,16,78,Normal
2026-04-27 21:50:41.512213,Berlin-41c3,44,42,Normal
2026-04-27 21:50:42.512213,Berlin-41c3,-5,39,Normal
2026-04-27 21:50:43.512213,Berlin-41c3,39,73,Normal
2026-04-27 21:50:44.512213,Berlin-41c3,41,37,Normal
2026-04-27 21:50:45.512213,Berlin-41c3,35,13,Normal
2026-04-27 21:50:46.512213,Berlin-41c3,2,100,Normal
2026-04-27 21:50:47.512213,Berlin-41c3,13,59,Normal
2026-04-27 21:50:48.512213,Berlin-41c3,45,84,Normal
2026-04-27 21:50:49.512213,Berlin-41c3,3,63,Normal
2026-04-27 21:50:50.512213,Berlin-41c3,1,56,Normal
2026-04-27 21:50:51.512213,Berlin-41c3,-30,78,Normal
2026-04-27 21:50:52.512213,Berlin-41c3,43,95,Normal
2026-04-27 21:50:53.512213,Berlin-41c3,-19,69,Normal
2026-04-27 21:50:54.512213,Berlin-41c3,-28,48,Normal
2026-04-27 21:50:55.512213,Berlin-41c3,36,43,Normal
2026-04-27 21:50:56.512213,Berlin-41c3,-12,25,Normal
2026-04-27 21:50:57.512213,Berlin-41c3,26,53,Normal
2026-04-27 21:50:58.512213,Berlin-41c3,10,2,Normal
2026-04-27 21:50:59.512213,Berlin-41c3,33,35,Normal
2026-04-27 21:51:00.512213,Berlin-41c3,33,61,Normal
2026-04-27 21:51:01.512213,Berlin-41c3,22,11,Normal
2026-04-27 21:51:02.512213,Berlin-41c3,-11,22,Normal
2026-04-27 21:51:03.512213,Berlin-41c3,23,70,Normal
2026-04-27 21:51:04.512213,Berlin-41c3,24,5,Normal
2026-04-27 21:51:05.512213,Berlin-41c3,33,43,Normal
2026-04-27 21:51:06.512213,Berlin-41c3,-4,47,Normal
2026-04-27 21:51:07.512213,Berlin-41c3,-29,10,Normal
2026-04-27 21:51:08.512213,Berlin-41c3,44,52,Normal
2026-04-27 21:51:09.512213,Berlin-41c3,36,0,Normal
2026-04-27 21:51:10.512213,Berlin-41c3,47,1,Normal
2026-04-27 21:51:11.512213,Berlin-41c3,37,72,Normal
2026-04-27 21:51:12.512213,Berlin-41c3,46,68,Normal
2026-04-27 21:51:13.512213,Berlin-41c3,-29,76,Normal
2026-04-27 21:51:14.512213,Berlin-41c3,-19,10,Normal
2026-04-27 21:51:15.512213,Berlin-41c3,26,65,Normal
2026-04-27 21:51:16.512213,Berlin-41c3,-21,28,Normal
2026-04-27 21:51:17.512213,Berlin-41c3,-3,91,Normal
2026-04-27 21:51:18.512213,Berlin-41c3,-21,79,Normal
2026-04-27 21:51:19.512213,Berlin-41c3,-24,4,Normal
2026-04-27 21:51:20.512213,Berlin-41c3,10,51,Normal
2026-04-27 21:51:21.512213,Berlin-41c3,-22,55,Normal
2026-04-27 21:51:22.512213,Berlin-41c3,-11,52,Normal
2026-04-27 21:51:23.512213,Berlin-41c3,18,8,Normal
2026-04-27 21:51:24.512213,Berlin-41c3,-7,45,Normal
2026-04-27 21:51:25.512213,Berlin-41c3,-16,93,Normal
2026-04-27 21:51:26.512213,Berlin-41c3,-30,24,Normal
2026-04-27 21:51:27.512213,Berlin-41c3,23,78,Normal
2026-04-27 21:51:28.512213,Berlin-41c3,-25,20,Normal
2026-04-27 21:51:29.512213,Berlin-41c3,29,29,Normal
2026-04-27 21:51:30.512213,Berlin-41c3,39,93,Normal
2026-04-27 21:51:31.512213,Berlin-41c3,-28,47,Normal
2026-04-27 21:51:32.512213,Berlin-41c3,22,64,Normal
2026-04-27 21:51:33.512213,Berlin-41c3,40,18,Normal
2026-04-27 21:51:34.512213,Berlin-41c3,-3,32,Normal
2026-04-27 21:51:35.512213,Berlin-41c3,1,4,Normal
2026-04-27 21:51:36.512213,Berlin-41c3,40,64,Normal
2026-04-27 21:51:37.512213,Berlin-41c3,-13,62,Normal
2026-04-27 21:51:38.512213,Berlin-41c3,24,77,Normal
2026-04-27 21:51:39.512213,Berlin-41c3,21,100,Normal
2026-04-27 21:51:40.512213,Berlin-41c3,0,97,Normal
2026-04-27 21:51:41.512213,Berlin-41c3,44,30,Normal
2026-04-27 21:51:42.512213,Berlin-41c3,-14,82,Normal
2026-04-27 21:51:43.512213,Berlin-41c3,-19,49,Normal
2026-04-27 21:51:44.512213,Berlin-41c3,35,2,Normal
2026-04-27 21:51:45.512213,Berlin-41c3,-14,40,Normal
2026-04-27 21:51:46.512213,Berlin-41c3,13,19,Normal
2026-04-27 21:51:47.512213,Berlin-41c3,35,67,Normal
2026-04-27 21:51:48.512213,Berlin-41c3,48,69,Normal
2026-04-27 21:51:49.512213,Berlin-41c3,-23,6,Normal
2026-04-27 21:51:50.512213,Berlin-41c3,-20,67,Normal
2026-04-27 21:51:51.512213,Berlin-41c3,-6,29,Normal
2026-04-27 21:51:52.512213,Berlin-41c3,24,55,Normal
2026-04-27 21:51:53.512213,Berlin-41c3,16,26,Normal
2026-04-27 21:51:54.512213,Berlin-41c3,42,85,Normal
2026-04-27 21:51:55.512213,Berlin-41c3,-22,42,Normal
2026-04-27 21:51:56.512213,Berlin-41c3,35,47,Normal
2026-04-27 21:51:57.512213,Berlin-41c3,-12,8,Normal
2026-04-27 21:51:58.512213,Berlin-41c3,32,46,Normal
2026-04-27 21:51:59.512213,Berlin-41c3,40,74,Normal
2026-04-27 21:52:00.512213,Berlin-41c3,22,78,Normal
2026-04-27 21:52:01.512213,Berlin-41c3,-8,5,Normal
2026-04-27 21:52:02.512213,Berlin-41c3,-14,50,Normal
2026-04-27 21:52:03.512213,Berlin-41c3,40,30,Normal
2026-04-27 21:52:04.512213,Berlin-41c3,-26,46,Normal
2026-04-27 21:52:05.512213,Berlin-41c3,41,92,Normal
2026-04-27 21:52:06.512213,Berlin-41c3,-27,74,Normal
2026-04-27 21:52:07.512213,Berlin-41c3,-18,39,Normal
2026-04-27 21:52:08.512213,Berlin-41c3,37,68,Normal
2026-04-27 21:52:09.512213,Berlin-41c3,-4,49,Normal
2026-04-27 21:52:10.512213,Berlin-41c3,18,66,Normal
2026-04-27 21:52:11.512213,Berlin-41c3,42,51,Normal
2026-04-27 21:52:12.512213,Berlin-41c3,-26,77,Normal
2026-04-27 21:52:13.512213,Berlin-41c3,45,48,Normal
2026-04-27 21:52:14.512213,Berlin-41c3,-15,58,Normal
2026-04-27 21:52:15.512213,Berlin-41c3,36,45,Normal
2026-04-27 21:52:16.512213,Berlin-41c3,33,72,Normal
2026-04-27 21:52:17.512213,Berlin-41c3,-26,75,Normal
2026-04-27 21:52:18.512213,Berlin-41c3,28,93,Normal
2026-04-27 21:52:19.512213,Berlin-41c3,-16,25,Normal
2026-04-27 21:52:20.512213,Berlin-41c3,-8,30,Normal
2026-04-27 21:52:21.512213,Berlin-41c3,-30,80,Normal
2026-04-27 21:52:22.512213,Berlin-41c3,43,49,Normal
2026-04-27 21:52:23.512213,Berlin-41c3,-4,27,Normal
2026-04-27 21:52:24.512213,Berlin-41c3,-9,44,Normal
2026-04-27 21:52:25.512213,Berlin-41c3,39,18,Normal
2026-04-27 21:52:26.512213,Berlin-41c3,-7,18,Normal
2026-04-27 21:52:27.512213,Berlin-41c3,25,39,Normal
2026-04-27 21:52:28.512213,Berlin-41c3,48,5,Normal
2026-04-27 21:52:29.512213,Berlin-41c3,3,96,Normal
2026-04-27 21:52:30.512213,Berlin-41c3,3,28,Normal
2026-04-27 21:52:31.512213,Berlin-41c3,7,27,Normal
2026-04-27 21:52:32.512213,Berlin-41c3,44,72,Normal
2026-04-27 21:52:33.512213,Berlin-41c3,7,22,Normal
2026-04-27 21:52:34.512213,Berlin-41c3,9,20,Normal
2026-04-27 21:52:35.512213,Berlin-41c3,1,28,Normal
2026-04-27 21:52:36.512213,Berlin-41c3,-18,88,Normal
2026-04-27 21:52:37.512213,Berlin-41c3,35,29,Normal
2026-04-27 21:52:38.512213,Berlin-41c3,35,76,Normal
2026-04-27 21:52:39.512213,Berlin-41c3,15,72,Normal
2026-04-27 21:52:40.512213,Berlin-41c3,36,46,Normal
2026-04-27 21:52:41.512213,Berlin-41c3,-12,70,Normal
2026-04-27 21:52:42.512213,Berlin-41c3,-18,91,Normal
2026-04-27 21:52:43.512213,Berlin-41c3,-6,61,Normal
2026-04-27 21:52:44.512213,Berlin-41c3,-22,43,Normal
2026-04-27 21:52:45.512213,Berlin-41c3,34,63,Normal
2026-04-27 21:52:46.512213,Berlin-41c3,27,25,Normal
2026-04-27 21:52:47.512213,Berlin-41c3,-24,82,Normal
2026-04-27 21:52:48.512213,Berlin-41c3,46,29,Normal
2026-04-27 21:52:49.512213,Berlin-41c3,-25,46,Normal
2026-04-27 21:52:50.512213,Berlin-41c3,-9,78,Normal
2026-04-27 21:52:51.512213,Berlin-41c3,24,5,Normal
2026-04-27 21:52:52.512213,Berlin-41c3,44,88,Normal
2026-04-27 21:52:53.512213,Berlin-41c3,50,93,Normal
2026-04-27 21:52:54.512213,Berlin-41c3,17,56,Normal
2026-04-27 21:52:55.512213,Berlin-41c3,48,92,Normal
2026-04-27 21:52:56.512213,Berlin-41c3,-15,93,Normal
2026-04-27 21:52:57.512213,Berlin-41c3,33,68,Normal
2026-04-27 21:52:58.512213,Berlin-41c3,27,47,Normal
2026-04-27 21:52:59.512213,Berlin-41c3,42,77,Normal
2026-04-27 21:53:00.512213,Berlin-41c3,7,57,Normal
2026-04-27 21:53:01.512213,Berlin-41c3,-21,37,Normal
2026-04-27 21:53:02.512213,Berlin-41c3,5,78,Normal
2026-04-27 21:53:03.512213,Berlin-41c3,25,54,Normal
2026-04-27 21:53:04.512213,Berlin-41c3,-15,15,Normal
2026-04-27 21:53:05.512213,Berlin-41c3,-24,53,Normal
2026-04-27 21:53:06.512213,Berlin-41c3,3,36,Normal
2026-04-27 21:53:07.512213,Berlin-41c3,29,43,Normal
2026-04-27 21:53:08.512213,Berlin-41c3,23,99,Normal
2026-04-27 21:53:09.512213,Berlin-41c3,-17,98,Normal
2026-04-27 21:53:10.512213,Berlin-41c3,-4,61,Normal
2026-04-27 21:53:11.512213,Berlin-41c3,-17,90,Normal
2026-04-27 21:53:12.512213,Berlin-41c3,-28,7,Normal
2026-04-27 21:53:13.512213,Berlin-41c3,-11,29,Normal
2026-04-27 21:53:14.512213,Berlin-41c3,45,40,Normal
2026-04-27 21:53:15.512213,Berlin-41c3,-1,28,Normal
2026-04-27 21:53:16.512213,Berlin-41c3,35,68,Normal
2026-04-27 21:53:17.512213,Berlin-41c3,-23,91,Normal
2026-04-27 21:53:18.512213,Berlin-41c3,-11,70,Normal
2026-04-27 21:53:19.512213,Berlin-41c3,32,17,Normal
2026-04-27 21:53:20.512213,Berlin-41c3,-6,54,Normal
2026-04-27 21:53:21.512213,Berlin-41c3,13,75,Normal
2026-04-27 21:53:22.512213,Berlin-41c3,-17,40,Normal
2026-04-27 21:53:23.512213,Berlin-41c3,27,24,Normal
2026-04-27 21:53:24.512213,Berlin-41c3,-27,60,Normal
2026-04-27 21:53:25.512213,Berlin-41c3,17,37,Normal
2026-04-27 21:53:26.512213,Berlin-41c3,44,7,Normal
2026-04-27 21:53:27.512213,Berlin-41c3,-17,56,Normal
2026-04-27 21:53:28.512213,Berlin-41c3,-11,15,Normal
2026-04-27 21:53:29.512213,Berlin-41c3,14,48,Normal
2026-04-27 21:53:30.512213,Berlin-41c3,-1,85,Normal
2026-04-27 21:53:31.512213,Berlin-41c3,1,6,Normal
2026-04-27 21:53:32.512213,Berlin-41c3,43,26,Normal
2026-04-27 21:53:33.512213,Berlin-41c3,-16,61,Normal
2026-04-27 21:53:34.512213,Berlin-41c3,49,3,Normal
2026-04-27 21:53:35.512213,Berlin-41c3,47,96,Normal
2026-04-27 21:53:36.512213,Berlin-41c3,48,21,Normal
2026-04-27 21:53:37.512213,Berlin-41c3,25,32,Normal
2026-04-27 21:53:38.512213,Berlin-41c3,8,62,Normal
2026-04-27 21:53:39.512213,Berlin-41c3,25,48,Normal
2026-04-27 21:53:40.512213,Berlin-41c3,35,55,Normal
2026-04-27 21:53:41.512213,Berlin-41c3,24,44,Normal
2026-04-27 21:53:42.512213,Berlin-41c3,-16,97,Normal
2026-04-27 21:53:43.512213,Berlin-41c3,22,26,Normal
2026-04-27 21:53:44.512213,Berlin-41c3,5,98,Normal
2026-04-27 21:53:45.512213,Berlin-41c3,11,67,Normal
2026-04-27 21:53:46.512213,Berlin-41c3,33,91,Normal
2026-04-27 21:53:47.512213,Berlin-41c3,12,26,Normal
2026-04-27 21:53:48.512213,Berlin-41c3,-8,89,Normal
2026-04-27 21:53:49.512213,Berlin-41c3,32,77,Normal
2026-04-27 21:53:50.512213,Berlin-41c3,40,16,Normal
2026-04-27 21:53:51.512213,Berlin-41c3,31,85,Normal
2026-04-27 21:53:52.512213,Berlin-41c3,-17,58,Normal
2026-04-27 21:53:53.512213,Berlin-41c3,17,42,Normal
2026-04-27 21:53:54.512213,Berlin-41c3,21,83,Normal
2026-04-27 21:53:55.512213,Berlin-41c3,47,16,Normal
2026-04-27 21:53:56.512213,Berlin-41c3,-29,59,Normal
2026-04-27 21:53:57.512213,Berlin-41c3,16,22,Normal
2026-04-27 21:53:58.512213,Berlin-41c3,48,47,Normal
2026-04-27 21:53:59.512213,Berlin-41c3,21,54,Normal
2026-04-27 21:54:00.512213,Berlin-41c3,-17,26,Normal
2026-04-27 21:54:01.512213,Berlin-41c3,42,57,Normal
2026-04-27 21:54:02.512213,Berlin-41c3,-4,52,Normal
2026-04-27 21:54:03.512213,Berlin-41c3,23,79,Normal
2026-04-27 21:54:04.512213,Berlin-41c3,-17,9,Normal
2026-04-27 21:54:05.512213,Berlin-41c3,-4,84,Normal
2026-04-27 21:54:06.512213,Berlin-41c3,-21,83,Normal
2026-04-27 21:54:07.512213,Berlin-41c3,32,48,Normal
2026-04-27 21:54:08.512213,Berlin-41c3,-14,52,Normal
2026-04-27 21:54:09.512213,Berlin-41c3,-19,44,Normal
2026-04-27 21:54:10.512213,Berlin-41c3,-13,66,Normal
2026-04-27 21:54:11.512213,Berlin-41c3,-20,11,Normal
2026-04-27 21:54:12.512213,Berlin-41c3,48,12,Normal
2026-04-27 21:54:13.512213,Berlin-41c3,4,67,Normal
2026-04-27 21:54:14.512213,Berlin-41c3,21,13,Normal
2026-04-27 21:54:15.512213,Berlin-41c3,5,64,Normal
2026-04-27 21:54:16.512213,Berlin-41c3,-17,30,Normal
2026-04-27 21:54:17.512213,Berlin-41c3,-22,31,Normal
2026-04-27 21:54:18.512213,Berlin-41c3,-30,81,Normal
2026-04-27 21:54:19.512213,Berlin-41c3,-30,48,Normal
2026-04-27 21:54:20.512213,Berlin-41c3,-6,55,Normal
2026-04-27 21:54:21.512213,Berlin-41c3,24,98,Normal
2026-04-27 21:54:22.512213,Berlin-41c3,46,81,Normal
2026-04-27 21:54:23.512213,Berlin-41c3,-19,74,Normal
2026-04-27 21:54:24.512213,Berlin-41c3,36,77,Normal
2026-04-27 21:54:25.512213,Berlin-41c3,-14,21,Normal
2026-04-27 21:54:26.512213,Berlin-41c3,20,73,Normal
2026-04-27 21:54:27.512213,Berlin-41c3,45,13,Normal
2026-04-27 21:54:28.512213,Berlin-41c3,18,51,Normal
2026-04-27 21:54:29.512213,Berlin-41c3,32,17,Normal
2026-04-27 21:54:30.512213,Berlin-41c3,41,26,Normal
2026-04-27 21:54:31.512213,Berlin-41c3,45,97,Normal
2026-04-27 21:54:32.512213,Berlin-41c3,14,34,Normal
2026-04-27 21:54:33.512213,Berlin-41c3,29,47,Normal
2026-04-27 21:54:34.512213,Berlin-41c3,48,9,Normal
2026-04-27 21:54:35.512213,Berlin-41c3,2,82,Normal
2026-04-27 21:54:36.512213,Berlin-41c3,-9,30,Normal
2026-04-27 21:54:37.512213,Berlin-41c3,18,98,Normal
2026-04-27 21:54:38.512213,Berlin-41c3,-11,57,Normal
2026-04-27 21:54:39.512213,Berlin-41c3,-1,90,Normal
2026-04-27 21:54:40.512213,Berlin-41c3,-24,2,Normal
2026-04-27 21:54:41.512213,Berlin-41c3,37,42,Normal
2026-04-27 21:54:42.512213,Berlin-41c3,-28,55,Normal
2026-04-27 21:54:43.512213,Berlin-41c3,48,36,Normal
2026-04-27 21:54:44.512213,Berlin-41c3,-8,2,Normal
2026-04-27 21:54:45.512213,Berlin-41c3,26,82,Normal
2026-04-27 21:54:46.512213,Berlin-41c3,-2,72,Normal
2026-04-27 21:54:47.512213,Berlin-41c3,-27,52,Normal
2026-04-27 21:54:48.512213,Berlin-41c3,49,32,Normal
2026-04-27 21:54:49.512213,Berlin-41c3,42,80,Normal
2026-04-27 21:54:50.512213,Berlin-41c3,46,98,Normal
2026-04-27 21:54:51.512213,Berlin-41c3,11,82,Normal
2026-04-27 21:54:52.512213,Berlin-41c3,-10,5,Normal
2026-04-27 21:54:53.512213,Berlin-41c3,-6,45,Normal
2026-04-27 21:54:54.512213,Berlin-41c3,-3,86,Normal
2026-04-27 21:54:55.512213,Berlin-41c3,-5,35,Normal
2026-04-27 21:54:56.512213,Berlin-41c3,-14,95,Normal
2026-04-27 21:54:57.512213,Berlin-41c3,-18,26,Normal
2026-04-27 21:54:58.512213,Berlin-41c3,39,67,Normal
2026-04-27 21:54:59.512213,Berlin-41c3,29,14,Normal
2026-04-27 21:55:00.512213,Berlin-41c3,-25,20,Normal
2026-04-27 21:55:01.512213,Berlin-41c3,31,4,Normal
2026-04-27 21:55:02.512213,Berlin-41c3,-26,18,Normal
2026-04-27 21:55:03.512213,Berlin-41c3,21,59,Normal
2026-04-27 21:55:04.512213,Berlin-41c3,1,13,Normal
2026-04-27 21:55:05.512213,Berlin-41c3,-24,0,Normal
2026-04-27 21:55:06.512213,Berlin-41c3,8,58,Normal
2026-04-27 21:55:07.512213,Berlin-41c3,-20,15,Normal
2026-04-27 21:55:08.512213,Berlin-41c3,-17,22,Normal
2026-04-27 21:55:09.512213,Berlin-41c3,21,52,Normal
2026-04-27 21:55:10.512213,Berlin-41c3,-17,66,Normal
2026-04-27 21:55:11.512213,Berlin-41c3,33,78,Normal
2026-04-27 21:55:12.512213,Berlin-41c3,-8,88,Normal
2026-04-27 21:55:13.512213,Berlin-41c3,37,0,Normal
2026-04-27 21:55:14.512213,Berlin-41c3,-16,5,Normal
2026-04-27 21:55:15.512213,Berlin-41c3,12,62,Normal
2026-04-27 21:55:16.512213,Berlin-41c3,-8,45,Normal
2026-04-27 21:55:17.512213,Berlin-41c3,11,60,Normal
2026-04-27 21:55:18.512213,Berlin-41c3,45,69,Normal
2026-04-27 21:55:19.512213,Berlin-41c3,30,12,Normal
2026-04-27 21:55:20.512213,Berlin-41c3,12,47,Normal
2026-04-27 21:55:21.512213,Berlin-41c3,-26,100,Normal
2026-04-27 21:55:22.512213,Berlin-41c3,21,49,Normal
2026-04-27 21:55:23.512213,Berlin-41c3,-30,93,Normal
2026-04-27 21:55:24.512213,Berlin-41c3,-15,53,Normal
2026-04-27 21:55:25.512213,Berlin-41c3,-9,64,Normal
2026-04-27 21:55:26.512213,Berlin-41c3,-3,99,Normal
2026-04-27 21:55:27.512213,Berlin-41c3,48,1,Normal
2026-04-27 21:55:28.512213,Berlin-41c3,46,8,Normal
2026-04-27 21:55:29.512213,Berlin-41c3,43,23,Normal
2026-04-27 21:55:30.512213,Berlin-41c3,-30,29,Normal
2026-04-27 21:55:31.512213,Berlin-41c3,-11,25,Normal
2026-04-27 21:55:32.512213,Berlin-41c3,31,85,Normal
2026-04-27 21:55:33.512213,Berlin-41c3,2,62,Normal
2026-04-27 21:55:34.512213,Berlin-41c3,30,49,Normal
2026-04-27 21:55:35.512213,Berlin-41c3,29,83,Normal
2026-04-27 21:55:36.512213,Berlin-41c3,45,9,Normal
2026-04-27 21:55:37.512213,Berlin-41c3,-26,84,Normal
2026-04-27 21:55:38.512213,Berlin-41c3,13,61,Normal
2026-04-27 21:55:39.512213,Berlin-41c3,11,64,Normal
2026-04-27 21:55:40.512213,Berlin-41c3,10,24,Normal
2026-04-27 21:55:41.512213,Berlin-41c3,17,60,Normal
2026-04-27 21:55:42.512213,Berlin-41c3,-28,82,Normal
2026-04-27 21:55:43.512213,Berlin-41c3,3,32,Normal
2026-04-27 21:55:44.512213,Berlin-41c3,-5,5,Normal
2026-04-27 21:55:45.512213,Berlin-41c3,-3,87,Normal
2026-04-27 21:55:46.512213,Berlin-41c3,47,37,Normal
2026-04-27 21:55:47.512213,Berlin-41c3,2,58,Normal
2026-04-27 21:55:48.512213,Berlin-41c3,-11,9,Normal
2026-04-27 21:55:49.512213,Berlin-41c3,9,73,Normal
2026-04-27 21:55:50.512213,Berlin-41c3,41,22,Normal
2026-04-27 21:55:51.512213,Berlin-41c3,42,60,Normal
2026-04-27 21:55:52.512213,Berlin-41c3,46,30,Normal
2026-04-27 21:55:53.512213,Berlin-41c3,48,79,Normal
2026-04-27 21:55:54.512213,Berlin-41c3,1,57,Normal
2026-04-27 21:55:55.512213,Berlin-41c3,-28,32,Normal
2026-04-27 21:55:56.512213,Berlin-41c3,10,36,Normal
2026-04-27 21:55:57.512213,Berlin-41c3,-8,75,Normal
2026-04-27 21:55:58.512213,Berlin-41c3,43,7,Normal
2026-04-27 21:55:59.512213,Berlin-41c3,29,14,Normal
2026-04-27 21:56:00.512213,Berlin-41c3,18,45,Normal
2026-04-27 21:56:01.512213,Berlin-41c3,-10,59,Normal
2026-04-27 21:56:02.512213,Berlin-41c3,0,29,Normal
2026-04-27 21:56:03.512213,Berlin-41c3,27,20,Normal
2026-04-27 21:56:04.512213,Berlin-41c3,6,82,Normal
2026-04-27 21:56:05.512213,Berlin-41c3,-16,51,Normal
2026-04-27 21:56:06.512213,Berlin-41c3,48,26,Normal
2026-04-27 21:56:07.512213,Berlin-41c3,45,12,Normal
2026-04-27 21:56:08.512213,Berlin-41c3,24,68,Normal
2026-04-27 21:56:09.512213,Berlin-41c3,24,27,Normal
2026-04-27 21:56:10.512213,Berlin-41c3,5,4,Normal
2026-04-27 21:56:11.512213,Berlin-41c3,5,72,Normal
2026-04-27 21:56:12.512213,Berlin-41c3,7,41,Normal
2026-04-27 21:56:13.512213,Berlin-41c3,50,49,Normal
2026-04-27 21:56:14.512213,Berlin-41c3,30,79,Normal
2026-04-27 21:56:15.512213,Berlin-41c3,22,12,Normal
2026-04-27 21:56:16.512213,Berlin-41c3,34,6,Normal
2026-04-27 21:56:17.512213,Berlin-41c3,12,57,Normal
2026-04-27 21:56:18.512213,Berlin-41c3,1,35,Normal
2026-04-27 21:56:19.512213,Berlin-41c3,35,21,Normal
2026-04-27 21:56:20.512213,Berlin-41c3,1,65,Normal
2026-04-27 21:56:21.512213,Berlin-41c3,15,14,Normal
2026-04-27 21:56:22.512213,Berlin-41c3,17,3,Normal
2026-04-27 21:56:23.512213,Berlin-41c3,45,58,Normal
2026-04-27 21:56:24.512213,Berlin-41c3,9,91,Normal
2026-04-27 21:56:25.512213,Berlin-41c3,-30,89,Normal
2026-04-27 21:56:26.512213,Berlin-41c3,-23,75,Normal
2026-04-27 21:56:27.512213,Berlin-41c3,-23,28,Normal
2026-04-27 21:56:28.512213,Berlin-41c3,8,56,Normal
2026-04-27 21:56:29.512213,Berlin-41c3,-8,46,Normal
2026-04-27 21:56:30.512213,Berlin-41c3,9,75,Normal
2026-04-27 21:56:31.512213,Berlin-41c3,-14,33,Normal
2026-04-27 21:56:32.512213,Berlin-41c3,0,63,Normal
2026-04-27 21:56:33.512213,Berlin-41c3,-8,46,Normal
2026-04-27 21:56:34.512213,Berlin-41c3,21,14,Normal
2026-04-27 21:56:35.512213,Berlin-41c3,25,86,Normal
2026-04-27 21:56:36.512213,Berlin-41c3,-25,27,Normal
2026-04-27 21:56:37.512213,Berlin-41c3,-28,11,Normal
2026-04-27 21:56:38.512213,Berlin-41c3,5,40,Normal
2026-04-27 21:56:39.512213,Berlin-41c3,-26,19,Normal
2026-04-27 21:56:40.512213,Berlin-41c3,7,9,Normal
2026-04-27 21:56:41.512213,Berlin-41c3,-9,43,Normal
2026-04-27 21:56:42.512213,Berlin-41c3,37,13,Normal
2026-04-27 21:56:43.512213,Berlin-41c3,-26,22,Normal
2026-04-27 21:56:44.512213,Berlin-41c3,-17,26,Normal
2026-04-27 21:56:45.512213,Berlin-41c3,-12,61,Normal
2026-04-27 21:56:46.512213,Berlin-41c3,-9,18,Normal
2026-04-27 21:56:47.512213,Berlin-41c3,24,62,Normal
2026-04-27 21:56:48.512213,Berlin-41c3,43,3,Normal
2026-04-27 21:56:49.512213,Berlin-41c3,19,70,Normal
2026-04-27 21:56:50.512213,Berlin-41c3,40,42,Normal
2026-04-27 21:56:51.512213,Berlin-41c3,9,45,Normal
2026-04-27 21:56:52.512213,Berlin-41c3,-21,34,Normal
2026-04-27 21:56:53.512213,Berlin-41c3,33,4,Normal
2026-04-27 21:56:54.512213,Berlin-41c3,1,83,Normal
2026-04-27 21:56:55.512213,Berlin-41c3,5,73,Normal
2026-04-27 21:56:56.512213,Berlin-41c3,-16,9,Normal
2026-04-27 21:56:57.512213,Berlin-41c3,34,78,Normal
2026-04-27 21:56:58.512213,Berlin-41c3,6,57,Normal
2026-04-27 21:56:59.512213,Berlin-41c3,49,97,Normal
2026-04-27 21:57:00.512213,Berlin-41c3,15,10,Normal
2026-04-27 21:57:01.512213,Berlin-41c3,-11,3,Normal
2026-04-27 21:57:02.512213,Berlin-41c3,36,2,Normal
2026-04-27 21:57:03.512213,Berlin-41c3,-29,37,Normal
2026-04-27 21:57:04.512213,Berlin-41c3,40,0,Normal
2026-04-27 21:57:05.512213,Berlin-41c3,-1,31,Normal
2026-04-27 21:57:06.512213,Berlin-41c3,4,1,Normal
2026-04-27 21:57:07.512213,Berlin-41c3,28,17,Normal
2026-04-27 21:57:08.512213,Berlin-41c3,4,29,Normal
2026-04-27 21:57:09.512213,Berlin-41c3,48,74,Normal
2026-04-27 21:57:10.512213,Berlin-41c3,11,50,Normal
2026-04-27 21:57:11.512213,Berlin-41c3,-9,56,Normal
2026-04-27 21:57:12.512213,Berlin-41c3,12,11,Normal
2026-04-27 21:57:13.512213,Berlin-41c3,21,85,Normal
2026-04-27 21:57:14.512213,Berlin-41c3,32,73,Normal
2026-04-27 21:57:15.512213,Berlin-41c3,-22,48,Normal
2026-04-27 21:57:16.512213,Berlin-41c3,19,28,Normal
2026-04-27 21:57:17.512213,Berlin-41c3,1,20,Normal
2026-04-27 21:57:18.512213,Berlin-41c3,17,41,Normal
2026-04-27 21:57:19.512213,Berlin-41c3,28,89,Normal
2026-04-27 21:57:20.512213,Berlin-41c3,7,61,Normal
2026-04-27 21:57:21.512213,Berlin-41c3,1,39,Normal
2026-04-27 21:57:22.512213,Berlin-41c3,33,68,Normal
2026-04-27 21:57:23.512213,Berlin-41c3,22,52,Normal
2026-04-27 21:57:24.512213,Berlin-41c3,-3,17,Normal
2026-04-27 21:57:25.512213,Berlin-41c3,-9,20,Normal
2026-04-27 21:57:26.512213,Berlin-41c3,8,90,Normal
2026-04-27 21:57:27.512213,Berlin-41c3,-5,56,Normal
2026-04-27 21:57:28.512213,Berlin-41c3,12,94,Normal
2026-04-27 21:57:29.512213,Berlin-41c3,-15,49,Normal
2026-04-27 21:57:30.512213,Berlin-41c3,17,26,Normal
2026-04-27 21:57:31.512213,Berlin-41c3,50,24,Normal
2026-04-27 21:57:32.512213,Berlin-41c3,-22,93,Normal
2026-04-27 21:57:33.512213,Berlin-41c3,24,65,Normal
2026-04-27 21:57:34.512213,Berlin-41c3,35,92,Normal
2026-04-27 21:57:35.512213,Berlin-41c3,29,49,Normal
2026-04-27 21:57:36.512213,Berlin-41c3,22,55,Normal
2026-04-27 21:57:37.512213,Berlin-41c3,13,93,Normal
2026-04-27 21:57:38.512213,Berlin-41c3,9,0,Normal
2026-04-27 21:57:39.512213,Berlin-41c3,14,31,Normal
2026-04-27 21:57:40.512213,Berlin-41c3,-7,76,Normal
2026-04-27 21:57:41.512213,Berlin-41c3,34,71,Normal
2026-04-27 21:57:42.512213,Berlin-41c3,13,34,Normal
2026-04-27 21:57:43.512213,Berlin-41c3,-8,47,Normal
2026-04-27 21:57:44.512213,Berlin-41c3,32,92,Normal
2026-04-27 21:57:45.512213,Berlin-41c3,-25,90,Normal
2026-04-27 21:57:46.512213,Berlin-41c3,-24,55,Normal
2026-04-27 21:57:47.512213,Berlin-41c3,22,26,Normal
2026-04-27 21:57:48.512213,Berlin-41c3,22,90,Normal
2026-04-27 21:57:49.512213,Berlin-41c3,39,95,Normal
2026-04-27 21:57:50.512213,Berlin-41c3,37,47,Normal
2026-04-27 21:57:51.512213,Berlin-41c3,16,77,Normal
2026-04-27 21:57:52.512213,Berlin-41c3,-23,35,Normal
2026-04-27 21:57:53.512213,Berlin-41c3,-7,78,Normal
2026-04-27 21:57:54.512213,Berlin-41c3,-10,45,Normal
2026-04-27 21:57:55.512213,Berlin-41c3,24,50,Normal
2026-04-27 21:57:56.512213,Berlin-41c3,-19,29,Normal
2026-04-27 21:57:57.512213,Berlin-41c3,4,27,Normal
2026-04-27 21:57:58.512213,Berlin-41c3,-15,53,Normal
2026-04-27 21:57:59.512213,Berlin-41c3,26,39,Normal
2026-04-27 21:58:00.512213,Berlin-41c3,45,12,Normal
2026-04-27 21:58:01.512213,Berlin-41c3,-23,36,Normal
2026-04-27 21:58:02.512213,Berlin-41c3,30,77,Normal
2026-04-27 21:58:03.512213,Berlin-41c3,17,54,Normal
2026-04-27 21:58:04.512213,Berlin-41c3,9,21,Normal
2026-04-27 21:58:05.512213,Berlin-41c3,4,65,Normal
2026-04-27 21:58:06.512213,Berlin-41c3,-8,0,Normal
2026-04-27 21:58:07.512213,Berlin-41c3,28,57,Normal
2026-04-27 21:58:08.512213,Berlin-41c3,-24,96,Normal
2026-04-27 21:58:09.512213,Berlin-41c3,45,23,Normal
2026-04-27 21:58:10.512213,Berlin-41c3,-9,26,Normal
2026-04-27 21:58:11.512213,Berlin-41c3,-2,10,Normal
2026-04-27 21:58:12.512213,Berlin-41c3,46,62,Normal
2026-04-27 21:58:13.512213,Berlin-41c3,-2,67,Normal
2026-04-27 21:58:14.512213,Berlin-41c3,48,1,Normal
2026-04-27 21:58:15.512213,Berlin-41c3,-21,54,Normal
2026-04-27 21:58:16.512213,Berlin-41c3,-5,36,Normal
2026-04-27 21:58:17.512213,Berlin-41c3,6,40,Normal
2026-04-27 21:58:18.512213,Berlin-41c3,-29,42,Normal
2026-04-27 21:58:19.512213,Berlin-41c3,20,2,Normal
2026-04-27 21:58:20.512213,Berlin-41c3,-6,89,Normal
2026-04-27 21:58:21.512213,Berlin-41c3,0,34,Normal
2026-04-27 21:58:22.512213,Berlin-41c3,12,100,Normal
2026-04-27 21:58:23.512213,Berlin-41c3,41,84,Normal
2026-04-27 21:58:24.512213,Berlin-41c3,-25,45,Normal
2026-04-27 21:58:25.512213,Berlin-41c3,-19,3,Normal
2026-04-27 21:58:26.512213,Berlin-41c3,37,86,Normal
2026-04-27 21:58:27.512213,Berlin-41c3,-25,80,Normal
2026-04-27 21:58:28.512213,Berlin-41c3,-3,65,Normal
2026-04-27 21:58:29.512213,Berlin-41c3,42,70,Normal
2026-04-27 21:58:30.512213,Berlin-41c3,-19,8,Normal
2026-04-27 21:58:31.512213,Berlin-41c3,-26,70,Normal
2026-04-27 21:58:32.512213,Berlin-41c3,-30,80,Normal
2026-04-27 21:58:33.512213,Berlin-41c3,-20,71,Normal
2026-04-27 21:58:34.512213,Berlin-41c3,7,93,Normal
2026-04-27 21:58:35.512213,Berlin-41c3,21,49,Normal
2026-04-27 21:58:36.512213,Berlin-41c3,42,28,Normal
2026-04-27 21:58:37.512213,Berlin-41c3,22,33,Normal
2026-04-27 21:58:38.512213,Berlin-41c3,1,59,Normal
2026-04-27 21:58:39.512213,Berlin-41c3,4,32,Normal
2026-04-27 21:58:40.512213,Berlin-41c3,5,23,Normal
2026-04-27 21:58:41.512213,Berlin-41c3,-18,0,Normal
2026-04-27 21:58:42.512213,Berlin-41c3,9,22,Normal
2026-04-27 21:58:43.512213,Berlin-41c3,0,63,Normal
2026-04-27 21:58:44.512213,Berlin-41c3,10,66,Normal
2026-04-27 21:58:45.512213,Berlin-41c3,2,79,Normal
2026-04-27 21:58:46.512213,Berlin-41c3,2,6,Normal
2026-04-27 21:58:47.512213,Berlin-41c3,4,64,Normal
2026-04-27 21:58:48.512213,Berlin-41c3,15,61,Normal
2026-04-27 21:58:49.512213,Berlin-41c3,50,24,Normal
2026-04-27 21:58:50.512213,Berlin-41c3,-22,98,Normal
2026-04-27 21:58:51.512213,Berlin-41c3,-22,85,Normal
2026-04-27 21:58:52.512213,Berlin-41c3,42,26,Normal
2026-04-27 21:58:53.512213,Berlin-41c3,-14,75,Normal
2026-04-27 21:58:54.512213,Berlin-41c3,-6,60,Normal
2026-04-27 21:58:55.512213,Berlin-41c3,-6,88,Normal
2026-04-27 21:58:56.512213,Berlin-41c3,-18,20,Normal
2026-04-27 21:58:57.512213,Berlin-41c3,28,82,Normal
2026-04-27 21:58:58.512213,Berlin-41c3,-27,61,Normal
2026-04-27 21:58:59.512213,Berlin-41c3,-7,39,Normal
2026-04-27 21:59:00.512213,Berlin-41c3,-9,57,Normal
2026-04-27 21:59:01.512213,Berlin-41c3,14,61,Normal
2026-04-27 21:59:02.512213,Berlin-41c3,24,18,Normal
2026-04-27 21:59:03.512213,Berlin-41c3,-30,12,Normal
2026-04-27 21:59:04.512213,Berlin-41c3,40,16,Normal
2026-04-27 21:59:05.512213,Berlin-41c3,8,40,Normal
2026-04-27 21:59:06.512213,Berlin-41c3,6,63,Normal
2026-04-27 21:59:07.512213,Berlin-41c3,49,1,Normal
2026-04-27 21:59:08.512213,Berlin-41c3,13,51,Normal
2026-04-27 21:59:09.512213,Berlin-41c3,-17,95,Normal
2026-04-27 21:59:10.512213,Berlin-41c3,47,70,Normal
2026-04-27 21:59:11.512213,Berlin-41c3,29,27,Normal
2026-04-27 21:59:12.512213,Berlin-41c3,34,9,Normal
2026-04-27 21:59:13.512213,Berlin-41c3,-5,52,Normal
2026-04-27 21:59:14.512213,Berlin-41c3,45,92,Normal
2026-04-27 21:59:15.512213,Berlin-41c3,-3,70,Normal
2026-04-27 21:59:16.512213,Berlin-41c3,-9,28,Normal
2026-04-27 21:59:17.512213,Berlin-41c3,-25,98,Normal
2026-04-27 21:59:18.512213,Berlin-41c3,21,9,Normal
2026-04-27 21:59:19.512213,Berlin-41c3,-24,58,Normal
2026-04-27 21:59:20.512213,Berlin-41c3,23,85,Normal
2026-04-27 21:59:21.512213,Berlin-41c3,-16,66,Normal
2026-04-27 21:59:22.512213,Berlin-41c3,-29,47,Normal
2026-04-27 21:59:23.512213,Berlin-41c3,2,54,Normal
2026-04-27 21:59:24.512213,Berlin-41c3,-7,4,Normal
2026-04-27 21:59:25.512213,Berlin-41c3,-7,7,Normal
2026-04-27 21:59:26.512213,Berlin-41c3,10,33,Normal
2026-04-27 21:59:27.512213,Berlin-41c3,49,8,Normal
2026-04-27 21:59:28.512213,Berlin-41c3,-2,84,Normal
2026-04-27 21:59:29.512213,Berlin-41c3,-21,17,Normal
2026-04-27 21:59:30.512213,Berlin-41c3,37,49,Normal
2026-04-27 21:59:31.512213,Berlin-41c3,-11,67,Normal
2026-04-27 21:59:32.512213,Berlin-41c3,-30,49,Normal
2026-04-27 21:59:33.512213,Berlin-41c3,22,36,Normal
2026-04-27 21:59:34.512213,Berlin-41c3,-25,40,Normal
2026-04-27 21:59:35.512213,Berlin-41c3,-3,5,Normal
2026-04-27 21:59:36.512213,Berlin-41c3,-29,18,Normal
2026-04-27 21:59:37.512213,Berlin-41c3,-7,63,Normal
2026-04-27 21:59:38.512213,Berlin-41c3,12,85,Normal
2026-04-27 21:59:39.512213,Berlin-41c3,35,10,Normal
2026-04-27 21:59:40.512213,Berlin-41c3,-13,4,Normal
2026-04-27 21:59:41.512213,Berlin-41c3,-15,34,Normal
2026-04-27 21:59:42.512213,Berlin-41c3,-5,17,Normal
2026-04-27 21:59:43.512213,Berlin-41c3,-29,83,Normal
2026-04-27 21:59:44.512213,Berlin-41c3,41,92,Normal
2026-04-27 21:59:45.512213,Berlin-41c3,32,33,Normal
2026-04-27 21:59:46.512213,Berlin-41c3,6,92,Normal
2026-04-27 21:59:47.512213,Berlin-41c3,-8,0,Normal
2026-04-27 21:59:48.512213,Berlin-41c3,-6,77,Normal
2026-04-27 21:59:49.512213,Berlin-41c3,49,14,Normal
2026-04-27 21:59:50.512213,Berlin-41c3,-4,57,Normal
2026-04-27 21:59:51.512213,Berlin-41c3,3,34,Normal
2026-04-27 21:59:52.512213,Berlin-41c3,-11,66,Normal
2026-04-27 21:59:53.512213,Berlin-41c3,1,69,Normal
2026-04-27 21:59:54.512213,Berlin-41c3,-24,65,Normal
2026-04-27 21:59:55.512213,Berlin-41c3,-25,95,Normal
2026-04-27 21:59:56.512213,Berlin-41c3,11,41,Normal
2026-04-27 21:59:57.512213,Berlin-41c3,19,32,Normal
2026-04-27 21:59:58.512213,Berlin-41c3,39,39,Normal
2026-04-27 21:59:59.512213,Berlin-41c3,-28,94,Normal
2026-04-27 22:00:00.512213,Berlin-41c3,5,85,Normal
2026-04-27 22:00:01.512213,Berlin-41c3,36,20,Normal
2026-04-27 22:00:02.512213,Berlin-41c3,-19,57,Normal
2026-04-27 22:00:03.512213,Berlin-41c3,24,93,Normal
2026-04-27 22:00:04.512213,Berlin-41c3,31,55,Normal
2026-04-27 22:00:05.512213,Berlin-41c3,-9,25,Normal
2026-04-27 22:00:06.512213,Berlin-41c3,33,60,Normal
2026-04-27 22:00:07.512213,Berlin-41c3,43,75,Normal
2026-04-27 22:00:08.512213,Berlin-41c3,30,32,Normal
2026-04-27 22:00:09.512213,Berlin-41c3,-28,44,Normal
2026-04-27 22:00:10.512213,Berlin-41c3,48,100,Normal
2026-04-27 22:00:11.512213,Berlin-41c3,30,13,Normal
2026-04-27 22:00:12.512213,Berlin-41c3,16,46,Normal
2026-04-27 22:00:13.512213,Berlin-41c3,-10,86,Normal
2026-04-27 22:00:14.512213,Berlin-41c3,-20,52,Normal
2026-04-27 22:00:15.512213,Berlin-41c3,-14,54,Normal
2026-04-27 22:00:16.512213,Berlin-41c3,47,19,Normal
2026-04-27 22:00:17.512213,Berlin-41c3,-3,97,Normal
2026-04-27 22:00:18.512213,Berlin-41c3,-16,42,Normal
2026-04-27 22:00:19.512213,Berlin-41c3,4,26,Normal
2026-04-27 22:00:20.512213,Berlin-41c3,44,48,Normal
2026-04-27 22:00:21.512213,Berlin-41c3,32,77,Normal
2026-04-27 22:00:22.512213,Berlin-41c3,4,2,Normal
2026-04-27 22:00:23.512213,Berlin-41c3,26,55,Normal
2026-04-27 22:00:24.512213,Berlin-41c3,33,68,Normal
2026-04-27 22:00:25.512213,Berlin-41c3,-16,95,Normal
2026-04-27 22:00:26.512213,Berlin-41c3,-11,22,Normal
2026-04-27 22:00:27.512213,Berlin-41c3,-11,58,Normal
2026-04-27 22:00:28.512213,Berlin-41c3,1,52,Normal
2026-04-27 22:00:29.512213,Berlin-41c3,-15,96,Normal
2026-04-27 22:00:30.512213,Berlin-41c3,4,62,Normal
2026-04-27 22:00:31.512213,Berlin-41c3,-16,88,Normal
2026-04-27 22:00:32.512213,Berlin-41c3,-17,90,Normal
2026-04-27 22:00:33.512213,Berlin-41c3,42,36,Normal
2026-04-27 22:00:34.512213,Berlin-41c3,-3,46,Normal
2026-04-27 22:00:35.512213,Berlin-41c3,20,33,Normal
2026-04-27 22:00:36.512213,Berlin-41c3,11,78,Normal
2026-04-27 22:00:37.512213,Berlin-41c3,-12,4,Normal
2026-04-27 22:00:38.512213,Berlin-41c3,-21,20,Normal
2026-04-27 22:00:39.512213,Berlin-41c3,12,20,Normal
2026-04-27 22:00:40.512213,Berlin-41c3,-10,30,Normal
2026-04-27 22:00:41.512213,Berlin-41c3,-20,33,Normal
2026-04-27 22:00:42.512213,Berlin-41c3,-21,81,Normal
2026-04-27 22:00:43.512213,Berlin-41c3,-28,69,Normal
2026-04-27 22:00:44.512213,Berlin-41c3,40,57,Normal
2026-04-27 22:00:45.512213,Berlin-41c3,4,17,Normal
2026-04-27 22:00:46.512213,Berlin-41c3,38,63,Normal
2026-04-27 22:00:47.512213,Berlin-41c3,31,91,Normal
2026-04-27 22:00:48.512213,Berlin-41c3,-23,18,Normal
2026-04-27 22:00:49.512213,Berlin-41c3,2,73,Normal
2026-04-27 22:00:50.512213,Berlin-41c3,36,11,Normal
2026-04-27 22:00:51.512213,Berlin-41c3,41,68,Normal
2026-04-27 22:00:52.512213,Berlin-41c3,36,80,Normal
2026-04-27 22:00:53.512213,Berlin-41c3,46,24,Normal
2026-04-27 22:00:54.512213,Berlin-41c3,18,79,Normal
2026-04-27 22:00:55.512213,Berlin-41c3,-1,54,Normal
2026-04-27 22:00:56.512213,Berlin-41c3,2,39,Normal
2026-04-27 22:00:57.512213,Berlin-41c3,-9,23,Normal
2026-04-27 22:00:58.512213,Berlin-41c3,-25,93,Normal
2026-04-27 22:00:59.512213,Berlin-41c3,1,79,Normal
2026-04-27 22:01:00.512213,Berlin-41c3,-19,19,Normal
2026-04-27 22:01:01.512213,Berlin-41c3,1,62,Normal
2026-04-27 22:01:02.512213,Berlin-41c3,8,53,Normal
2026-04-27 22:01:03.512213,Berlin-41c3,-3,72,Normal
2026-04-27 22:01:04.512213,Berlin-41c3,28,99,Normal
2026-04-27 22:01:05.512213,Berlin-41c3,-23,78,Normal
2026-04-27 22:01:06.512213,Berlin-41c3,-22,67,Normal
2026-04-27 22:01:07.512213,Berlin-41c3,-23,20,Normal
2026-04-27 22:01:08.512213,Berlin-41c3,48,31,Normal
2026-04-27 22:01:09.512213,Berlin-41c3,46,87,Normal
2026-04-27 22:01:10.512213,Berlin-41c3,-27,68,Normal
2026-04-27 22:01:11.512213,Berlin-41c3,-5,71,Normal
2026-04-27 22:01:12.512213,Berlin-41c3,30,32,Normal
2026-04-27 22:01:13.512213,Berlin-41c3,6,72,Normal
2026-04-27 22:01:14.512213,Berlin-41c3,-13,62,Normal
2026-04-27 22:01:15.512213,Berlin-41c3,49,5,Normal
2026-04-27 22:01:16.512213,Berlin-41c3,12,40,Normal
2026-04-27 22:01:17.512213,Berlin-41c3,23,44,Normal
2026-04-27 22:01:18.512213,Berlin-41c3,-18,75,Normal
2026-04-27 22:01:19.512213,Berlin-41c3,-26,71,Normal
2026-04-27 22:01:20.512213,Berlin-41c3,34,44,Normal
2026-04-27 22:01:21.512213,Berlin-41c3,-19,53,Normal
2026-04-27 22:01:22.512213,Berlin-41c3,34,14,Normal
2026-04-27 22:01:23.512213,Berlin-41c3,-28,72,Normal
2026-04-27 22:01:24.512213,Berlin-41c3,-9,92,Normal
2026-04-27 22:01:25.512213,Berlin-41c3,26,22,Normal
2026-04-27 22:01:26.512213,Berlin-41c3,-2,46,Normal
2026-04-27 22:01:27.512213,Berlin-41c3,-5,39,Normal
2026-04-27 22:01:28.512213,Berlin-41c3,19,25,Normal
2026-04-27 22:01:29.512213,Berlin-41c3,-21,53,Normal
2026-04-27 22:01:30.512213,Berlin-41c3,-9,64,Normal
2026-04-27 22:01:31.512213,Berlin-41c3,2,60,Normal
2026-04-27 22:01:32.512213,Berlin-41c3,6,74,Normal
2026-04-27 22:01:33.512213,Berlin-41c3,5,66,Normal
2026-04-27 22:01:34.512213,Berlin-41c3,23,62,Normal
2026-04-27 22:01:35.512213,Berlin-41c3,17,17,Normal
2026-04-27 22:01:36.512213,Berlin-41c3,49,14,Normal
2026-04-27 22:01:37.512213,Berlin-41c3,-22,43,Normal
2026-04-27 22:01:38.512213,Berlin-41c3,-15,29,Normal
2026-04-27 22:01:39.512213,Berlin-41c3,32,49,Normal
2026-04-27 22:01:40.512213,Berlin-41c3,-9,60,Normal
2026-04-27 22:01:41.512213,Berlin-41c3,-29,71,Normal
2026-04-27 22:01:42.512213,Berlin-41c3,24,69,Normal
2026-04-27 22:01:43.512213,Berlin-41c3,-26,20,Normal
2026-04-27 22:01:44.512213,Berlin-41c3,35,84,Normal
2026-04-27 22:01:45.512213,Berlin-41c3,-20,61,Normal
2026-04-27 22:01:46.512213,Berlin-41c3,6,3,Normal
2026-04-27 22:01:47.512213,Berlin-41c3,-12,61,Normal
2026-04-27 22:01:48.512213,Berlin-41c3,-23,39,Normal
2026-04-27 22:01:49.512213,Berlin-41c3,-7,100,Normal
2026-04-27 22:01:50.512213,Berlin-41c3,-5,93,Normal
2026-04-27 22:01:51.512213,Berlin-41c3,-27,13,Normal
2026-04-27 22:01:52.512213,Berlin-41c3,18,9,Normal
2026-04-27 22:01:53.512213,Berlin-41c3,37,34,Normal
2026-04-27 22:01:54.512213,Berlin-41c3,15,93,Normal
2026-04-27 22:01:55.512213,Berlin-41c3,33,28,Normal
2026-04-27 22:01:56.512213,Berlin-41c3,11,100,Normal
2026-04-27 22:01:57.512213,Berlin-41c3,48,63,Normal
2026-04-27 22:01:58.512213,Berlin-41c3,44,100,Normal
2026-04-27 22:01:59.512213,Berlin-41c3,-8,77,Normal
2026-04-27 22:02:00.512213,Berlin-41c3,26,51,Normal
2026-04-27 22:02:01.512213,Berlin-41c3,39,64,Normal
2026-04-27 22:02:02.512213,Berlin-41c3,-4,10,Normal
2026-04-27 22:02:03.512213,Berlin-41c3,38,11,Normal
2026-04-27 22:02:04.512213,Berlin-41c3,19,30,Normal
2026-04-27 22:02:05.512213,Berlin-41c3,-30,42,Normal
2026-04-27 22:02:06.512213,Berlin-41c3,28,90,Normal
2026-04-27 22:02:07.512213,Berlin-41c3,25,92,Normal
2026-04-27 22:02:08.512213,Berlin-41c3,39,39,Normal
2026-04-27 22:02:09.512213,Berlin-41c3,26,22,Normal
2026-04-27 22:02:10.512213,Berlin-41c3,5,76,Normal
2026-04-27 22:02:11.512213,Berlin-41c3,-22,22,Normal
2026-04-27 22:02:12.512213,Berlin-41c3,-19,51,Normal
2026-04-27 22:02:13.512213,Berlin-41c3,-12,23,Normal
2026-04-27 22:02:14.512213,Berlin-41c3,-12,98,Normal
2026-04-27 22:02:15.512213,Berlin-41c3,-8,93,Normal
2026-04-27 22:02:16.512213,Berlin-41c3,-11,20,Normal
2026-04-27 22:02:17.512213,Berlin-41c3,45,21,Normal
2026-04-27 22:02:18.512213,Berlin-41c3,0,31,Normal
2026-04-27 22:02:19.512213,Berlin-41c3,23,47,Normal
2026-04-27 22:02:20.512213,Berlin-41c3,14,49,Normal
2026-04-27 22:02:21.512213,Berlin-41c3,22,85,Normal
2026-04-27 22:02:22.512213,Berlin-41c3,18,88,Normal
2026-04-27 22:02:23.512213,Berlin-41c3,-20,86,Normal
2026-04-27 22:02:24.512213,Berlin-41c3,-10,14,Normal
2026-04-27 22:02:25.512213,Berlin-41c3,-24,27,Normal
2026-04-27 22:02:26.512213,Berlin-41c3,30,88,Normal
2026-04-27 22:02:27.512213,Berlin-41c3,1,63,Normal
2026-04-27 22:02:28.512213,Berlin-41c3,9,56,Normal
2026-04-27 22:02:29.512213,Berlin-41c3,35,52,Normal
2026-04-27 22:02:30.512213,Berlin-41c3,-29,59,Normal
2026-04-27 22:02:31.512213,Berlin-41c3,6,36,Normal
2026-04-27 22:02:32.512213,Berlin-41c3,25,97,Normal
2026-04-27 22:02:33.512213,Berlin-41c3,-19,54,Normal
2026-04-27 22:02:34.512213,Berlin-41c3,-12,95,Normal
2026-04-27 22:02:35.512213,Berlin-41c3,-30,87,Normal
2026-04-27 22:02:36.512213,Berlin-41c3,-25,32,Normal
2026-04-27 22:02:37.512213,Berlin-41c3,8,34,Normal
2026-04-27 22:02:38.512213,Berlin-41c3,-10,25,Normal
2026-04-27 22:02:39.512213,Berlin-41c3,-29,99,Normal
2026-04-27 22:02:40.512213,Berlin-41c3,-23,5,Normal
2026-04-27 22:02:41.512213,Berlin-41c3,-4,100,Normal
2026-04-27 22:02:42.512213,Berlin-41c3,24,80,Normal
2026-04-27 22:02:43.512213,Berlin-41c3,37,78,Normal
2026-04-27 22:02:44.512213,Berlin-41c3,2,90,Normal
2026-04-27 22:02:45.512213,Berlin-41c3,-24,88,Normal
2026-04-27 22:02:46.512213,Berlin-41c3,10,86,Normal
2026-04-27 22:02:47.512213,Berlin-41c3,30,86,Normal
2026-04-27 22:02:48.512213,Berlin-41c3,50,73,Normal
2026-04-27 22:02:49.512213,Berlin-41c3,40,52,Normal
2026-04-27 22:02:50.512213,Berlin-41c3,18,15,Normal
2026-04-27 22:02:51.512213,Berlin-41c3,-7,13,Normal
2026-04-27 22:02:52.512213,Berlin-41c3,-17,41,Normal
2026-04-27 22:02:53.512213,Berlin-41c3,30,98,Normal
2026-04-27 22:02:54.512213,Berlin-41c3,47,35,Normal
2026-04-27 22:02:55.512213,Berlin-41c3,25,86,Normal
2026-04-27 22:02:56.512213,Berlin-41c3,37,72,Normal
2026-04-27 22:02:57.512213,Berlin-41c3,22,98,Normal
2026-04-27 22:02:58.512213,Berlin-41c3,12,90,Normal
2026-04-27 22:02:59.512213,Berlin-41c3,-16,20,Normal
2026-04-27 22:03:00.512213,Berlin-41c3,37,37,Normal
2026-04-27 22:03:01.512213,Berlin-41c3,30,12,Normal
2026-04-27 22:03:02.512213,Berlin-41c3,34,83,Normal
2026-04-27 22:03:03.512213,Berlin-41c3,-18,2,Normal
2026-04-27 22:03:04.512213,Berlin-41c3,14,26,Normal
2026-04-27 22:03:05.512213,Berlin-41c3,46,34,Normal
2026-04-27 22:03:06.512213,Berlin-41c3,11,3,Normal
2026-04-27 22:03:07.512213,Berlin-41c3,16,78,Normal
2026-04-27 22:03:08.512213,Berlin-41c3,-22,74,Normal
2026-04-27 22:03:09.512213,Berlin-41c3,-16,97,Normal
2026-04-27 22:03:10.512213,Berlin-41c3,44,90,Normal
2026-04-27 22:03:11.512213,Berlin-41c3,44,59,Normal
2026-04-27 22:03:12.512213,Berlin-41c3,38,62,Normal
2026-04-27 22:03:13.512213,Berlin-41c3,45,36,Normal
2026-04-27 22:03:14.512213,Berlin-41c3,15,47,Normal
2026-04-27 22:03:15.512213,Berlin-41c3,32,63,Normal
2026-04-27 22:03:16.512213,Berlin-41c3,37,82,Normal
2026-04-27 22:03:17.512213,Berlin-41c3,-3,22,Normal
2026-04-27 22:03:18.512213,Berlin-41c3,15,72,Normal
2026-04-27 22:03:19.512213,Berlin-41c3,9,31,Normal
2026-04-27 22:03:20.512213,Berlin-41c3,19,80,Normal
2026-04-27 22:03:21.512213,Berlin-41c3,10,13,Normal
2026-04-27 22:03:22.512213,Berlin-41c3,38,77,Normal
2026-04-27 22:03:23.512213,Berlin-41c3,39,64,Normal
2026-04-27 22:03:24.512213,Berlin-41c3,-11,20,Normal
2026-04-27 22:03:25.512213,Berlin-41c3,43,49,Normal
2026-04-27 22:03:26.512213,Berlin-41c3,40,40,Normal
2026-04-27 22:03:27.512213,Berlin-41c3,16,1,Normal
2026-04-27 22:03:28.512213,Berlin-41c3,8,98,Normal
2026-04-27 22:03:29.512213,Berlin-41c3,17,23,Normal
2026-04-27 22:03:30.512213,Berlin-41c3,5,56,Normal
2026-04-27 22:03:31.512213,Berlin-41c3,-11,5,Normal
2026-04-27 22:03:32.512213,Berlin-41c3,-14,12,Normal
2026-04-27 22:03:33.512213,Berlin-41c3,-1,90,Normal
2026-04-27 22:03:34.512213,Berlin-41c3,22,50,Normal
2026-04-27 22:03:35.512213,Berlin-41c3,-6,62,Normal
2026-04-27 22:03:36.512213,Berlin-41c3,36,43,Normal
2026-04-27 22:03:37.512213,Berlin-41c3,-26,38,Normal
2026-04-27 22:03:38.512213,Berlin-41c3,-19,69,Normal
2026-04-27 22:03:39.512213,Berlin-41c3,-16,56,Normal
2026-04-27 22:03:40.512213,Berlin-41c3,40,97,Normal
2026-04-27 22:03:41.512213,Berlin-41c3,35,91,Normal
2026-04-27 22:03:42.512213,Berlin-41c3,24,54,Normal
2026-04-27 22:03:43.512213,Berlin-41c3,39,87,Normal
2026-04-27 22:03:44.512213,Berlin-41c3,-10,33,Normal
2026-04-27 22:03:45.512213,Berlin-41c3,13,66,Normal
2026-04-27 22:03:46.512213,Berlin-41c3,4,90,Normal
2026-04-27 22:03:47.512213,Berlin-41c3,30,65,Normal
2026-04-27 22:03:48.512213,Berlin-41c3,32,45,Normal
2026-04-27 22:03:49.512213,Berlin-41c3,42,44,Normal
2026-04-27 22:03:50.512213,Berlin-41c3,-9,48,Normal
2026-04-27 22:03:51.512213,Berlin-41c3,-20,67,Normal
2026-04-27 22:03:52.512213,Berlin-41c3,24,69,Normal
2026-04-27 22:03:53.512213,Berlin-41c3,28,68,Normal
2026-04-27 22:03:54.512213,Berlin-41c3,26,35,Normal
2026-04-27 22:03:55.512213,Berlin-41c3,18,41,Normal
2026-04-27 22:03:56.512213,Berlin-41c3,9,70,Normal
2026-04-27 22:03:57.512213,Berlin-41c3,18,69,Normal
2026-04-27 22:03:58.512213,Berlin-41c3,34,18,Normal
2026-04-27 22:03:59.512213,Berlin-41c3,38,100,Normal
2026-04-27 22:04:00.512213,Berlin-41c3,-14,36,Normal
2026-04-27 22:04:01.512213,Berlin-41c3,45,49,Normal
2026-04-27 22:04:02.512213,Berlin-41c3,50,29,Normal
2026-04-27 22:04:03.512213,Berlin-41c3,-30,34,Normal
2026-04-27 22:04:04.512213,Berlin-41c3,0,93,Normal
2026-04-27 22:04:05.512213,Berlin-41c3,39,33,Normal
2026-04-27 22:04:06.512213,Berlin-41c3,-3,23,Normal
2026-04-27 22:04:07.512213,Berlin-41c3,8,51,Normal
2026-04-27 22:04:08.512213,Berlin-41c3,-24,8,Normal
2026-04-27 22:04:09.512213,Berlin-41c3,25,25,Normal
2026-04-27 22:04:10.512213,Berlin-41c3,-4,75,Normal
2026-04-27 22:04:11.512213,Berlin-41c3,23,97,Normal
2026-04-27 22:04:12.512213,Berlin-41c3,6,28,Normal
2026-04-27 22:04:13.512213,Berlin-41c3,2,56,Normal
2026-04-27 22:04:14.512213,Berlin-41c3,40,30,Normal
2026-04-27 22:04:15.512213,Berlin-41c3,-9,27,Normal
2026-04-27 22:04:16.512213,Berlin-41c3,37,50,Normal
2026-04-27 22:04:17.512213,Berlin-41c3,0,86,Normal
2026-04-27 22:04:18.512213,Berlin-41c3,35,5,Normal
2026-04-27 22:04:19.512213,Berlin-41c3,11,91,Normal
2026-04-27 22:04:20.512213,Berlin-41c3,49,6,Normal
2026-04-27 22:04:21.512213,Berlin-41c3,28,90,Normal
2026-04-27 22:04:22.512213,Berlin-41c3,13,70,Normal
2026-04-27 22:04:23.512213,Berlin-41c3,-10,11,Normal
2026-04-27 22:04:24.512213,Berlin-41c3,7,56,Normal
2026-04-27 22:04:25.512213,Berlin-41c3,20,19,Normal
2026-04-27 22:04:26.512213,Berlin-41c3,18,84,Normal
2026-04-27 22:04:27.512213,Berlin-41c3,4,13,Normal
2026-04-27 22:04:28.512213,Berlin-41c3,-9,57,Normal
2026-04-27 22:04:29.512213,Berlin-41c3,-19,5,Normal
2026-04-27 22:04:30.512213,Berlin-41c3,22,51,Normal
2026-04-27 22:04:31.512213,Berlin-41c3,38,20,Normal
2026-04-27 22:04:32.512213,Berlin-41c3,28,73,Normal
2026-04-27 22:04:33.512213,Berlin-41c3,-17,58,Normal
2026-04-27 22:04:34.512213,Berlin-41c3,21,56,Normal
2026-04-27 22:04:35.512213,Berlin-41c3,36,47,Normal
2026-04-27 22:04:36.512213,Berlin-41c3,-1,49,Normal
2026-04-27 22:04:37.512213,Berlin-41c3,43,17,Normal
2026-04-27 22:04:38.512213,Berlin-41c3,-8,19,Normal
2026-04-27 22:04:39.512213,Berlin-41c3,-21,20,Normal
2026-04-27 22:04:40.512213,Berlin-41c3,35,37,Normal
2026-04-27 22:04:41.512213,Berlin-41c3,38,16,Normal
2026-04-27 22:04:42.512213,Berlin-41c3,11,47,Normal
2026-04-27 22:04:43.512213,Berlin-41c3,-26,84,Normal
2026-04-27 22:04:44.512213,Berlin-41c3,-23,98,Normal
2026-04-27 22:04:45.512213,Berlin-41c3,-6,53,Normal
2026-04-27 22:04:46.512213,Berlin-41c3,-16,13,Normal
2026-04-27 22:04:47.512213,Berlin-41c3,26,61,Normal
2026-04-27 22:04:48.512213,Berlin-41c3,2,98,Normal
2026-04-27 22:04:49.512213,Berlin-41c3,34,44,Normal
2026-04-27 22:04:50.512213,Berlin-41c3,9,67,Normal
2026-04-27 22:04:51.512213,Berlin-41c3,5,70,Normal
2026-04-27 22:04:52.512213,Berlin-41c3,-1,28,Normal
2026-04-27 22:04:53.512213,Berlin-41c3,-28,9,Normal
2026-04-27 22:04:54.512213,Berlin-41c3,-15,87,Normal
2026-04-27 22:04:55.512213,Berlin-41c3,-8,67,Normal
2026-04-27 22:04:56.512213,Berlin-41c3,-26,77,Normal
2026-04-27 22:04:57.512213,Berlin-41c3,2,5,Normal
2026-04-27 22:04:58.512213,Berlin-41c3,1,69,Normal
2026-04-27 22:04:59.512213,Berlin-41c3,-2,75,Normal
2026-04-27 22:05:00.512213,Berlin-41c3,-8,38,Normal
2026-04-27 22:05:01.512213,Berlin-41c3,-12,51,Normal
2026-04-27 22:05:02.512213,Berlin-41c3,-4,43,Normal
2026-04-27 22:05:03.512213,Berlin-41c3,21,33,Normal
2026-04-27 22:05:04.512213,Berlin-41c3,1,31,Normal
2026-04-27 22:05:05.512213,Berlin-41c3,2,39,Normal
2026-04-27 22:05:06.512213,Berlin-41c3,28,91,Normal
2026-04-27 22:05:07.512213,Berlin-41c3,28,25,Normal
2026-04-27 22:05:08.512213,Berlin-41c3,18,60,Normal
2026-04-27 22:05:09.512213,Berlin-41c3,-9,30,Normal
2026-04-27 22:05:10.512213,Berlin-41c3,24,76,Normal
2026-04-27 22:05:11.512213,Berlin-41c3,5,53,Normal
2026-04-27 22:05:12.512213,Berlin-41c3,-1,61,Normal
2026-04-27 22:05:13.512213,Berlin-41c3,6,24,Normal
2026-04-27 22:05:14.512213,Berlin-41c3,0,2,Normal
2026-04-27 22:05:15.512213,Berlin-41c3,-20,52,Normal
2026-04-27 22:05:16.512213,Berlin-41c3,44,80,Normal
2026-04-27 22:05:17.512213,Berlin-41c3,3,51,Normal
2026-04-27 22:05:18.512213,Berlin-41c3,11,94,Normal
2026-04-27 22:05:19.512213,Berlin-41c3,6,87,Normal
2026-04-27 22:05:20.512213,Berlin-41c3,-5,14,Normal
2026-04-27 22:05:21.512213,Berlin-41c3,-22,59,Normal
2026-04-27 22:05:22.512213,Berlin-41c3,6,24,Normal
2026-04-27 22:05:23.512213,Berlin-41c3,29,100,Normal
2026-04-27 22:05:24.512213,Berlin-41c3,-3,43,Normal
2026-04-27 22:05:25.512213,Berlin-41c3,47,81,Normal
2026-04-27 22:05:26.512213,Berlin-41c3,25,79,Normal
2026-04-27 22:05:27.512213,Berlin-41c3,28,79,Normal
2026-04-27 22:05:28.512213,Berlin-41c3,5,9,Normal
2026-04-27 22:05:29.512213,Berlin-41c3,49,86,Normal
2026-04-27 22:05:30.512213,Berlin-41c3,34,28,Normal
2026-04-27 22:05:31.512213,Berlin-41c3,40,69,Normal
2026-04-27 22:05:32.512213,Berlin-41c3,11,44,Normal
2026-04-27 22:05:33.512213,Berlin-41c3,8,76,Normal
2026-04-27 22:05:34.512213,Berlin-41c3,48,57,Normal
2026-04-27 22:05:35.512213,Berlin-41c3,6,26,Normal
2026-04-27 22:05:36.512213,Berlin-41c3,21,32,Normal
2026-04-27 22:05:37.512213,Berlin-41c3,49,24,Normal
2026-04-27 22:05:38.512213,Berlin-41c3,18,46,Normal
2026-04-27 22:05:39.512213,Berlin-41c3,23,41,Normal
2026-04-27 22:05:40.512213,Berlin-41c3,45,79,Normal
2026-04-27 22:05:41.512213,Berlin-41c3,22,62,Normal
2026-04-27 22:05:42.512213,Berlin-41c3,28,62,Normal
2026-04-27 22:05:43.512213,Berlin-41c3,12,45,Normal
2026-04-27 22:05:44.512213,Berlin-41c3,-29,10,Normal
2026-04-27 22:05:45.512213,Berlin-41c3,47,30,Normal
2026-04-27 22:05:46.512213,Berlin-41c3,-10,22,Normal
2026-04-27 22:05:47.512213,Berlin-41c3,-15,76,Normal
2026-04-27 22:05:48.512213,Berlin-41c3,27,97,Normal
2026-04-27 22:05:49.512213,Berlin-41c3,26,2,Normal
2026-04-27 22:05:50.512213,Berlin-41c3,-23,37,Normal
2026-04-27 22:05:51.512213,Berlin-41c3,-21,91,Normal
2026-04-27 22:05:52.512213,Berlin-41c3,-16,25,Normal
2026-04-27 22:05:53.512213,Berlin-41c3,32,32,Normal
2026-04-27 22:05:54.512213,Berlin-41c3,47,100,Normal
2026-04-27 22:05:55.512213,Berlin-41c3,6,13,Normal
2026-04-27 22:05:56.512213,Berlin-41c3,-30,24,Normal
2026-04-27 22:05:57.512213,Berlin-41c3,-11,97,Normal
2026-04-27 22:05:58.512213,Berlin-41c3,9,13,Normal
2026-04-27 22:05:59.512213,Berlin-41c3,-14,20,Normal
2026-04-27 22:06:00.512213,Berlin-41c3,2,40,Normal
2026-04-27 22:06:01.512213,Berlin-41c3,-30,54,Normal
2026-04-27 22:06:02.512213,Berlin-41c3,12,4,Normal
2026-04-27 22:06:03.512213,Berlin-41c3,16,43,Normal
2026-04-27 22:06:04.512213,Berlin-41c3,5,2,Normal
2026-04-27 22:06:05.512213,Berlin-41c3,4,64,Normal
2026-04-27 22:06:06.512213,Berlin-41c3,-3,29,Normal
2026-04-27 22:06:07.512213,Berlin-41c3,-16,19,Normal
2026-04-27 22:06:08.512213,Berlin-41c3,10,91,Normal
2026-04-27 22:06:09.512213,Berlin-41c3,5,19,Normal
2026-04-27 22:06:10.512213,Berlin-41c3,41,96,Normal
2026-04-27 22:06:11.512213,Berlin-41c3,49,35,Normal
2026-04-27 22:06:12.512213,Berlin-41c3,23,91,Normal
2026-04-27 22:06:13.512213,Berlin-41c3,-11,15,Normal
2026-04-27 22:06:14.512213,Berlin-41c3,35,99,Normal
2026-04-27 22:06:15.512213,Berlin-41c3,14,45,Normal
2026-04-27 22:06:16.512213,Berlin-41c3,-21,51,Normal
2026-04-27 22:06:17.512213,Berlin-41c3,29,87,Normal
2026-04-27 22:06:18.512213,Berlin-41c3,28,65,Normal
2026-04-27 22:06:19.512213,Berlin-41c3,-3,83,Normal
2026-04-27 22:06:20.512213,Berlin-41c3,12,17,Normal
2026-04-27 22:06:21.512213,Berlin-41c3,39,62,Normal
2026-04-27 22:06:22.512213,Berlin-41c3,36,47,Normal
2026-04-27 22:06:23.512213,Berlin-41c3,29,27,Normal
2026-04-27 22:06:24.512213,Berlin-41c3,-2,55,Normal
2026-04-27 22:06:25.512213,Berlin-41c3,-19,15,Normal
2026-04-27 22:06:26.512213,Berlin-41c3,35,19,Normal
2026-04-27 22:06:27.512213,Berlin-41c3,27,89,Normal
2026-04-27 22:06:28.512213,Berlin-41c3,-23,4,Normal
2026-04-27 22:06:29.512213,Berlin-41c3,-6,5,Normal
2026-04-27 22:06:30.512213,Berlin-41c3,29,96,Normal
2026-04-27 22:06:31.512213,Berlin-41c3,7,24,Normal
2026-04-27 22:06:32.512213,Berlin-41c3,20,57,Normal
2026-04-27 22:06:33.512213,Berlin-41c3,12,16,Normal
2026-04-27 22:06:34.512213,Berlin-41c3,23,34,Normal
2026-04-27 22:06:35.512213,Berlin-41c3,-19,10,Normal
2026-04-27 22:06:36.512213,Berlin-41c3,12,9,Normal
2026-04-27 22:06:37.512213,Berlin-41c3,5,100,Normal
2026-04-27 22:06:38.512213,Berlin-41c3,13,75,Normal
2026-04-27 22:06:39.512213,Berlin-41c3,13,94,Normal
2026-04-27 22:06:40.512213,Berlin-41c3,13,41,Normal
2026-04-27 22:06:41.512213,Berlin-41c3,-25,80,Normal
2026-04-27 22:06:42.512213,Berlin-41c3,-6,34,Normal
2026-04-27 22:06:43.512213,Berlin-41c3,13,71,Normal
2026-04-27 22:06:44.512213,Berlin-41c3,2,29,Normal
2026-04-27 22:06:45.512213,Berlin-41c3,-9,53,Normal
2026-04-27 22:06:46.512213,Berlin-41c3,23,90,Normal
2026-04-27 22:06:47.512213,Berlin-41c3,-7,97,Normal
2026-04-27 22:06:48.512213,Berlin-41c3,21,17,Normal
2026-04-27 22:06:49.512213,Berlin-41c3,39,75,Normal
2026-04-27 22:06:50.512213,Berlin-41c3,47,4,Normal
2026-04-27 22:06:51.512213,Berlin-41c3,-11,39,Normal
2026-04-27 22:06:52.512213,Berlin-41c3,-17,97,Normal
2026-04-27 22:06:53.512213,Berlin-41c3,26,70,Normal
2026-04-27 22:06:54.512213,Berlin-41c3,18,18,Normal
2026-04-27 22:06:55.512213,Berlin-41c3,-6,53,Normal
2026-04-27 22:06:56.512213,Berlin-41c3,0,79,Normal
2026-04-27 22:06:57.512213,Berlin-41c3,-30,15,Normal
2026-04-27 22:06:58.512213,Berlin-41c3,-3,87,Normal
2026-04-27 22:06:59.512213,Berlin-41c3,43,58,Normal
2026-04-27 22:07:00.512213,Berlin-41c3,-1,31,Normal
2026-04-27 22:07:01.512213,Berlin-41c3,42,90,Normal
2026-04-27 22:07:02.512213,Berlin-41c3,2,79,Normal
2026-04-27 22:07:03.512213,Berlin-41c3,38,77,Normal
2026-04-27 22:07:04.512213,Berlin-41c3,-20,72,Normal
2026-04-27 22:07:05.512213,Berlin-41c3,-8,18,Normal
2026-04-27 22:07:06.512213,Berlin-41c3,24,93,Normal
2026-04-27 22:07:07.512213,Berlin-41c3,10,86,Normal
2026-04-27 22:07:08.512213,Berlin-41c3,36,90,Normal
2026-04-27 22:07:09.512213,Berlin-41c3,0,33,Normal
2026-04-27 22:07:10.512213,Berlin-41c3,32,15,Normal
2026-04-27 22:07:11.512213,Berlin-41c3,-10,47,Normal
2026-04-27 22:07:12.512213,Berlin-41c3,21,77,Normal
2026-04-27 22:07:13.512213,Berlin-41c3,-4,17,Normal
2026-04-27 22:07:14.512213,Berlin-41c3,-10,55,Normal
2026-04-27 22:07:15.512213,Berlin-41c3,-25,61,Normal
2026-04-27 22:07:16.512213,Berlin-41c3,47,62,Normal
2026-04-27 22:07:17.512213,Berlin-41c3,14,83,Normal
2026-04-27 22:07:18.512213,Berlin-41c3,-12,18,Normal
2026-04-27 22:07:19.512213,Berlin-41c3,16,17,Normal
2026-04-27 22:07:20.512213,Berlin-41c3,46,27,Normal
2026-04-27 22:07:21.512213,Berlin-41c3,0,19,Normal
2026-04-27 22:07:22.512213,Berlin-41c3,-11,84,Normal
2026-04-27 22:07:23.512213,Berlin-41c3,31,74,Normal
2026-04-27 22:07:24.512213,Berlin-41c3,45,39,Normal
2026-04-27 22:07:25.512213,Berlin-41c3,19,8,Normal
2026-04-27 22:07:26.512213,Berlin-41c3,-18,16,Normal
2026-04-27 22:07:27.512213,Berlin-41c3,2,69,Normal
2026-04-27 22:07:28.512213,Berlin-41c3,10,15,Normal
2026-04-27 22:07:29.512213,Berlin-41c3,10,5,Normal
2026-04-27 22:07:30.512213,Berlin-41c3,-3,79,Normal
2026-04-27 22:07:31.512213,Berlin-41c3,12,29,Normal
2026-04-27 22:07:32.512213,Berlin-41c3,37,64,Normal
2026-04-27 22:07:33.512213,Berlin-41c3,-16,40,Normal
2026-04-27 22:07:34.512213,Berlin-41c3,48,86,Normal
2026-04-27 22:07:35.512213,Berlin-41c3,23,50,Normal
2026-04-27 22:07:36.512213,Berlin-41c3,-1,88,Normal
2026-04-27 22:07:37.512213,Berlin-41c3,-10,31,Normal
2026-04-27 22:07:38.512213,Berlin-41c3,20,16,Normal
2026-04-27 22:07:39.512213,Berlin-41c3,-12,90,Normal
2026-04-27 22:07:40.512213,Berlin-41c3,38,95,Normal
2026-04-27 22:07:41.512213,Berlin-41c3,41,80,Normal
2026-04-27 22:07:42.512213,Berlin-41c3,25,85,Normal
2026-04-27 22:07:43.512213,Berlin-41c3,43,99,Normal
2026-04-27 22:07:44.512213,Berlin-41c3,22,31,Normal
2026-04-27 22:07:45.512213,Berlin-41c3,6,35,Normal
2026-04-27 22:07:46.512213,Berlin-41c3,-24,12,Normal
2026-04-27 22:07:47.512213,Berlin-41c3,18,26,Normal
2026-04-27 22:07:48.512213,Berlin-41c3,-21,55,Normal
2026-04-27 22:07:49.512213,Berlin-41c3,3,8,Normal
2026-04-27 22:07:50.512213,Berlin-41c3,-28,83,Normal
2026-04-27 22:07:51.512213,Berlin-41c3,31,49,Normal
2026-04-27 22:07:52.512213,Berlin-41c3,-14,64,Normal
2026-04-27 22:07:53.512213,Berlin-41c3,12,64,Normal
2026-04-27 22:07:54.512213,Berlin-41c3,-10,70,Normal
2026-04-27 22:07:55.512213,Berlin-41c3,1,14,Normal
2026-04-27 22:07:56.512213,Berlin-41c3,5,38,Normal
2026-04-27 22:07:57.512213,Berlin-41c3,-7,54,Normal
2026-04-27 22:07:58.512213,Berlin-41c3,9,88,Normal
2026-04-27 22:07:59.512213,Berlin-41c3,-19,94,Normal
2026-04-27 22:08:00.512213,Berlin-41c3,16,16,Normal
2026-04-27 22:08:01.512213,Berlin-41c3,0,31,Normal
2026-04-27 22:08:02.512213,Berlin-41c3,-17,65,Normal
2026-04-27 22:08:03.512213,Berlin-41c3,29,87,Normal
2026-04-27 22:08:04.512213,Berlin-41c3,37,43,Normal
2026-04-27 22:08:05.512213,Berlin-41c3,-29,18,Normal
2026-04-27 22:08:06.512213,Berlin-41c3,26,65,Normal
2026-04-27 22:08:07.512213,Berlin-41c3,18,8,Normal
2026-04-27 22:08:08.512213,Berlin-41c3,-10,49,Normal
2026-04-27 22:08:09.512213,Berlin-41c3,30,48,Normal
2026-04-27 22:08:10.512213,Berlin-41c3,7,35,Normal
2026-04-27 22:08:11.512213,Berlin-41c3,-5,53,Normal
2026-04-27 22:08:12.512213,Berlin-41c3,35,74,Normal
2026-04-27 22:08:13.512213,Berlin-41c3,-15,84,Normal
2026-04-27 22:08:14.512213,Berlin-41c3,-22,44,Normal
2026-04-27 22:08:15.512213,Berlin-41c3,-23,15,Normal
2026-04-27 22:08:16.512213,Berlin-41c3,46,27,Normal
2026-04-27 22:08:17.512213,Berlin-41c3,-5,74,Normal
2026-04-27 22:08:18.512213,Berlin-41c3,-28,99,Normal
2026-04-27 22:08:19.512213,Berlin-41c3,28,1,Normal
2026-04-27 22:08:20.512213,Berlin-41c3,28,66,Normal
2026-04-27 22:08:21.512213,Berlin-41c3,-16,61,Normal
2026-04-27 22:08:22.512213,Berlin-41c3,-26,4,Normal
2026-04-27 22:08:23.512213,Berlin-41c3,28,32,Normal
2026-04-27 22:08:24.512213,Berlin-41c3,-16,20,Normal
2026-04-27 22:08:25.512213,Berlin-41c3,46,78,Normal
2026-04-27 22:08:26.512213,Berlin-41c3,-17,24,Normal
2026-04-27 22:08:27.512213,Berlin-41c3,-6,12,Normal
2026-04-27 22:08:28.512213,Berlin-41c3,26,15,Normal
2026-04-27 22:08:29.512213,Berlin-41c3,39,2,Normal
2026-04-27 22:08:30.512213,Berlin-41c3,-24,94,Normal
2026-04-27 22:08:31.512213,Berlin-41c3,49,75,Normal
2026-04-27 22:08:32.512213,Berlin-41c3,3,93,Normal
2026-04-27 22:08:33.512213,Berlin-41c3,13,82,Normal
2026-04-27 22:08:34.512213,Berlin-41c3,-23,34,Normal
2026-04-27 22:08:35.512213,Berlin-41c3,-9,21,Normal
2026-04-27 22:08:36.512213,Berlin-41c3,38,53,Normal
2026-04-27 22:08:37.512213,Berlin-41c3,-4,61,Normal
2026-04-27 22:08:38.512213,Berlin-41c3,21,87,Normal
2026-04-27 22:08:39.512213,Berlin-41c3,21,5,Normal
2026-04-27 22:08:40.512213,Berlin-41c3,43,93,Normal
2026-04-27 22:08:41.512213,Berlin-41c3,2,34,Normal
2026-04-27 22:08:42.512213,Berlin-41c3,-1,75,Normal
2026-04-27 22:08:43.512213,Berlin-41c3,43,27,Normal
2026-04-27 22:08:44.512213,Berlin-41c3,-23,47,Normal
2026-04-27 22:08:45.512213,Berlin-41c3,23,38,Normal
2026-04-27 22:08:46.512213,Berlin-41c3,48,37,Normal
2026-04-27 22:08:47.512213,Berlin-41c3,-12,4,Normal
2026-04-27 22:08:48.512213,Berlin-41c3,-30,72,Normal
2026-04-27 22:08:49.512213,Berlin-41c3,20,71,Normal
2026-04-27 22:08:50.512213,Berlin-41c3,15,95,Normal
2026-04-27 22:08:51.512213,Berlin-41c3,-3,88,Normal
2026-04-27 22:08:52.512213,Berlin-41c3,-7,0,Normal
2026-04-27 22:08:53.512213,Berlin-41c3,-11,85,Normal
2026-04-27 22:08:54.512213,Berlin-41c3,20,2,Normal
2026-04-27 22:08:55.512213,Berlin-41c3,-1,65,Normal
2026-04-27 22:08:56.512213,Berlin-41c3,34,36,Normal
2026-04-27 22:08:57.512213,Berlin-41c3,44,28,Normal
2026-04-27 22:08:58.512213,Berlin-41c3,40,49,Normal
2026-04-27 22:08:59.512213,Berlin-41c3,46,43,Normal
2026-04-27 22:09:00.512213,Berlin-41c3,-14,1,Normal
2026-04-27 22:09:01.512213,Berlin-41c3,9,29,Normal
2026-04-27 22:09:02.512213,Berlin-41c3,17,75,Normal
2026-04-27 22:09:03.512213,Berlin-41c3,18,97,Normal
2026-04-27 22:09:04.512213,Berlin-41c3,-13,67,Normal
2026-04-27 22:09:05.512213,Berlin-41c3,48,91,Normal
2026-04-27 22:09:06.512213,Berlin-41c3,28,62,Normal
2026-04-27 22:09:07.512213,Berlin-41c3,-24,24,Normal
2026-04-27 22:09:08.512213,Berlin-41c3,-18,34,Normal
2026-04-27 22:09:09.512213,Berlin-41c3,27,52,Normal
2026-04-27 22:09:10.512213,Berlin-41c3,41,76,Normal
2026-04-27 22:09:11.512213,Berlin-41c3,-25,47,Normal
2026-04-27 22:09:12.512213,Berlin-41c3,-22,93,Normal
2026-04-27 22:09:13.512213,Berlin-41c3,15,37,Normal
2026-04-27 22:09:14.512213,Berlin-41c3,44,74,Normal
2026-04-27 22:09:15.512213,Berlin-41c3,27,25,Normal
2026-04-27 22:09:16.512213,Berlin-41c3,-9,38,Normal
2026-04-27 22:09:17.512213,Berlin-41c3,-24,58,Normal
2026-04-27 22:09:18.512213,Berlin-41c3,-2,100,Normal
2026-04-27 22:09:19.512213,Berlin-41c3,0,20,Normal
2026-04-27 22:09:20.512213,Berlin-41c3,14,48,Normal
2026-04-27 22:09:21.512213,Berlin-41c3,22,88,Normal
2026-04-27 22:09:22.512213,Berlin-41c3,33,23,Normal
2026-04-27 22:09:23.512213,Berlin-41c3,-9,12,Normal
2026-04-27 22:09:24.512213,Berlin-41c3,41,67,Normal
2026-04-27 22:09:25.512213,Berlin-41c3,3,92,Normal
2026-04-27 22:09:26.512213,Berlin-41c3,-15,81,Normal
2026-04-27 22:09:27.512213,Berlin-41c3,21,26,Normal
2026-04-27 22:09:28.512213,Berlin-41c3,22,22,Normal
2026-04-27 22:09:29.512213,Berlin-41c3,24,72,Normal
2026-04-27 22:09:30.512213,Berlin-41c3,23,24,Normal
2026-04-27 22:09:31.512213,Berlin-41c3,48,84,Normal
2026-04-27 22:09:32.512213,Berlin-41c3,37,89,Normal
2026-04-27 22:09:33.512213,Berlin-41c3,21,41,Normal
2026-04-27 22:09:34.512213,Berlin-41c3,40,95,Normal
2026-04-27 22:09:35.512213,Berlin-41c3,18,92,Normal
2026-04-27 22:09:36.512213,Berlin-41c3,-1,44,Normal
2026-04-27 22:09:37.512213,Berlin-41c3,22,41,Normal
2026-04-27 22:09:38.512213,Berlin-41c3,-17,39,Normal
2026-04-27 22:09:39.512213,Berlin-41c3,20,54,Normal
2026-04-27 22:09:40.512213,Berlin-41c3,44,56,Normal
2026-04-27 22:09:41.512213,Berlin-41c3,-4,94,Normal
2026-04-27 22:09:42.512213,Berlin-41c3,16,29,Normal
2026-04-27 22:09:43.512213,Berlin-41c3,35,10,Normal
2026-04-27 22:09:44.512213,Berlin-41c3,-13,83,Normal
2026-04-27 22:09:45.512213,Berlin-41c3,1,39,Normal
2026-04-27 22:09:46.512213,Berlin-41c3,16,24,Normal
2026-04-27 22:09:47.512213,Berlin-41c3,11,65,Normal
2026-04-27 22:09:48.512213,Berlin-41c3,-14,37,Normal
2026-04-27 22:09:49.512213,Berlin-41c3,12,35,Normal
2026-04-27 22:09:50.512213,Berlin-41c3,15,94,Normal
2026-04-27 22:09:51.512213,Berlin-41c3,16,92,Normal
2026-04-27 22:09:52.512213,Berlin-41c3,43,43,Normal
2026-04-27 22:09:53.512213,Berlin-41c3,50,11,Normal
2026-04-27 22:09:54.512213,Berlin-41c3,35,9,Normal
2026-04-27 22:09:55.512213,Berlin-41c3,-27,24,Normal
2026-04-27 22:09:56.512213,Berlin-41c3,27,67,Normal
2026-04-27 22:09:57.512213,Berlin-41c3,48,2,Normal
2026-04-27 22:09:58.512213,Berlin-41c3,22,58,Normal
2026-04-27 22:09:59.512213,Berlin-41c3,35,56,Normal
2026-04-27 22:10:00.512213,Berlin-41c3,50,93,Normal
2026-04-27 22:10:01.512213,Berlin-41c3,34,100,Normal
2026-04-27 22:10:02.512213,Berlin-41c3,-2,45,Normal
2026-04-27 22:10:03.512213,Berlin-41c3,19,16,Normal
2026-04-27 22:10:04.512213,Berlin-41c3,41,2,Normal
2026-04-27 22:10:05.512213,Berlin-41c3,19,41,Normal
2026-04-27 22:10:06.512213,Berlin-41c3,43,76,Normal
2026-04-27 22:10:07.512213,Berlin-41c3,-1,94,Normal
2026-04-27 22:10:08.512213,Berlin-41c3,46,54,Normal
2026-04-27 22:10:09.512213,Berlin-41c3,15,6,Normal
2026-04-27 22:10:10.512213,Berlin-41c3,-5,47,Normal
2026-04-27 22:10:11.512213,Berlin-41c3,-23,40,Normal
2026-04-27 22:10:12.512213,Berlin-41c3,-17,90,Normal
2026-04-27 22:10:13.512213,Berlin-41c3,-8,57,Normal
2026-04-27 22:10:14.512213,Berlin-41c3,-16,28,Normal
2026-04-27 22:10:15.512213,Berlin-41c3,-18,23,Normal
2026-04-27 22:10:16.512213,Berlin-41c3,-27,56,Normal
2026-04-27 22:10:17.512213,Berlin-41c3,2,97,Normal
2026-04-27 22:10:18.512213,Berlin-41c3,-19,53,Normal
2026-04-27 22:10:19.512213,Berlin-41c3,-29,51,Normal
2026-04-27 22:10:20.512213,Berlin-41c3,24,86,Normal
2026-04-27 22:10:21.512213,Berlin-41c3,-1,83,Normal
2026-04-27 22:10:22.512213,Berlin-41c3,33,70,Normal
2026-04-27 22:10:23.512213,Berlin-41c3,50,0,Normal
2026-04-27 22:10:24.512213,Berlin-41c3,-22,34,Normal
2026-04-27 22:10:25.512213,Berlin-41c3,-20,97,Normal
2026-04-27 22:10:26.512213,Berlin-41c3,-9,99,Normal
2026-04-27 22:10:27.512213,Berlin-41c3,28,49,Normal
2026-04-27 22:10:28.512213,Berlin-41c3,2,58,Normal
2026-04-27 22:10:29.512213,Berlin-41c3,44,53,Normal
2026-04-27 22:10:30.512213,Berlin-41c3,-24,24,Normal
2026-04-27 22:10:31.512213,Berlin-41c3,-15,44,Normal
2026-04-27 22:10:32.512213,Berlin-41c3,-27,58,Normal
2026-04-27 22:10:33.512213,Berlin-41c3,15,80,Normal
2026-04-27 22:10:34.512213,Berlin-41c3,-22,2,Normal
2026-04-27 22:10:35.512213,Berlin-41c3,42,44,Normal
2026-04-27 22:10:36.512213,Berlin-41c3,-28,51,Normal
2026-04-27 22:10:37.512213,Berlin-41c3,-9,60,Normal
2026-04-27 22:10:38.512213,Berlin-41c3,-26,84,Normal
2026-04-27 22:10:39.512213,Berlin-41c3,24,66,Normal
2026-04-27 22:10:40.512213,Berlin-41c3,29,30,Normal
2026-04-27 22:10:41.512213,Berlin-41c3,-16,58,Normal
2026-04-27 22:10:42.512213,Berlin-41c3,28,90,Normal
2026-04-27 22:10:43.512213,Berlin-41c3,49,73,Normal
2026-04-27 22:10:44.512213,Berlin-41c3,-4,33,Normal
2026-04-27 22:10:45.512213,Berlin-41c3,16,50,Normal
2026-04-27 22:10:46.512213,Berlin-41c3,15,77,Normal
2026-04-27 22:10:47.512213,Berlin-41c3,-19,64,Normal
2026-04-27 22:10:48.512213,Berlin-41c3,8,75,Normal
2026-04-27 22:10:49.512213,Berlin-41c3,24,57,Normal
2026-04-27 22:10:50.512213,Berlin-41c3,1,30,Normal
2026-04-27 22:10:51.512213,Berlin-41c3,42,36,Normal
2026-04-27 22:10:52.512213,Berlin-41c3,-17,46,Normal
2026-04-27 22:10:53.512213,Berlin-41c3,19,66,Normal
2026-04-27 22:10:54.512213,Berlin-41c3,24,63,Normal
2026-04-27 22:10:55.512213,Berlin-41c3,3,42,Normal
2026-04-27 22:10:56.512213,Berlin-41c3,9,69,Normal
2026-04-27 22:10:57.512213,Berlin-41c3,-23,33,Normal
2026-04-27 22:10:58.512213,Berlin-41c3,36,22,Normal
2026-04-27 22:10:59.512213,Berlin-41c3,5,39,Normal
2026-04-27 22:11:00.512213,Berlin-41c3,-29,45,Normal
2026-04-27 22:11:01.512213,Berlin-41c3,-19,57,Normal
2026-04-27 22:11:02.512213,Berlin-41c3,2,31,Normal
2026-04-27 22:11:03.512213,Berlin-41c3,29,94,Normal
2026-04-27 22:11:04.512213,Berlin-41c3,-8,83,Normal
2026-04-27 22:11:05.512213,Berlin-41c3,1,62,Normal
2026-04-27 22:11:06.512213,Berlin-41c3,12,78,Normal
2026-04-27 22:11:07.512213,Berlin-41c3,50,1,Normal
2026-04-27 22:11:08.512213,Berlin-41c3,-9,57,Normal
2026-04-27 22:11:09.512213,Berlin-41c3,13,0,Normal
2026-04-27 22:11:10.512213,Berlin-41c3,-7,66,Normal
2026-04-27 22:11:11.512213,Berlin-41c3,-17,29,Normal
2026-04-27 22:11:12.512213,Berlin-41c3,38,8,Normal
2026-04-27 22:11:13.512213,Berlin-41c3,-30,27,Normal
2026-04-27 22:11:14.512213,Berlin-41c3,12,89,Normal
2026-04-27 22:11:15.512213,Berlin-41c3,-28,9,Normal
2026-04-27 22:11:16.512213,Berlin-41c3,-3,6,Normal
2026-04-27 22:11:17.512213,Berlin-41c3,13,57,Normal
2026-04-27 22:11:18.512213,Berlin-41c3,25,24,Normal
2026-04-27 22:11:19.512213,Berlin-41c3,35,76,Normal
2026-04-27 22:11:20.512213,Berlin-41c3,-10,95,Normal
2026-04-27 22:11:21.512213,Berlin-41c3,15,53,Normal
2026-04-27 22:11:22.512213,Berlin-41c3,-20,97,Normal
2026-04-27 22:11:23.512213,Berlin-41c3,48,24,Normal
2026-04-27 22:11:24.512213,Berlin-41c3,6,75,Normal
2026-04-27 22:11:25.512213,Berlin-41c3,47,39,Normal
2026-04-27 22:11:26.512213,Berlin-41c3,19,1,Normal
2026-04-27 22:11:27.512213,Berlin-41c3,-13,80,Normal
2026-04-27 22:11:28.512213,Berlin-41c3,-27,50,Normal
2026-04-27 22:11:29.512213,Berlin-41c3,40,27,Normal
2026-04-27 22:11:30.512213,Berlin-41c3,45,39,Normal
2026-04-27 22:11:31.512213,Berlin-41c3,8,31,Normal
2026-04-27 22:11:32.512213,Berlin-41c3,-8,48,Normal
2026-04-27 22:11:33.512213,Berlin-41c3,45,99,Normal
2026-04-27 22:11:34.512213,Berlin-41c3,-11,28,Normal
2026-04-27 22:11:35.512213,Berlin-41c3,47,74,Normal
2026-04-27 22:11:36.512213,Berlin-41c3,-23,9,Normal
2026-04-27 22:11:37.512213,Berlin-41c3,-15,85,Normal
2026-04-27 22:11:38.512213,Berlin-41c3,37,11,Normal
2026-04-27 22:11:39.512213,Berlin-41c3,-11,32,Normal
2026-04-27 22:11:40.512213,Berlin-41c3,1,46,Normal
2026-04-27 22:11:41.512213,Berlin-41c3,-9,8,Normal
2026-04-27 22:11:42.512213,Berlin-41c3,-16,43,Normal
2026-04-27 22:11:43.512213,Berlin-41c3,21,28,Normal
2026-04-27 22:11:44.512213,Berlin-41c3,-18,75,Normal
2026-04-27 22:11:45.512213,Berlin-41c3,-24,97,Normal
2026-04-27 22:11:46.512213,Berlin-41c3,3,54,Normal
2026-04-27 22:11:47.512213,Berlin-41c3,28,88,Normal
2026-04-27 22:11:48.512213,Berlin-41c3,-21,68,Normal
2026-04-27 22:11:49.512213,Berlin-41c3,-5,9,Normal
2026-04-27 22:11:50.512213,Berlin-41c3,-6,90,Normal
2026-04-27 22:11:51.512213,Berlin-41c3,8,96,Normal
2026-04-27 22:11:52.512213,Berlin-41c3,34,60,Normal
2026-04-27 22:11:53.512213,Berlin-41c3,-14,39,Normal
2026-04-27 22:11:54.512213,Berlin-41c3,-14,37,Normal
2026-04-27 22:11:55.512213,Berlin-41c3,26,88,Normal
2026-04-27 22:11:56.512213,Berlin-41c3,1,73,Normal
2026-04-27 22:11:57.512213,Berlin-41c3,-7,53,Normal
2026-04-27 22:11:58.512213,Berlin-41c3,-14,7,Normal
2026-04-27 22:11:59.512213,Berlin-41c3,9,36,Normal
2026-04-27 22:12:00.512213,Berlin-41c3,45,34,Normal
2026-04-27 22:12:01.512213,Berlin-41c3,-26,84,Normal
2026-04-27 22:12:02.512213,Berlin-41c3,11,0,Normal
2026-04-27 22:12:03.512213,Berlin-41c3,20,37,Normal
2026-04-27 22:12:04.512213,Berlin-41c3,32,44,Normal
2026-04-27 22:12:05.512213,Berlin-41c3,-18,65,Normal
2026-04-27 22:12:06.512213,Berlin-41c3,-20,25,Normal
2026-04-27 22:12:07.512213,Berlin-41c3,8,89,Normal
2026-04-27 22:12:08.512213,Berlin-41c3,4,24,Normal
2026-04-27 22:12:09.512213,Berlin-41c3,31,93,Normal
2026-04-27 22:12:10.512213,Berlin-41c3,11,43,Normal
2026-04-27 22:12:11.512213,Berlin-41c3,-30,16,Normal
2026-04-27 22:12:12.512213,Berlin-41c3,50,48,Normal
2026-04-27 22:12:13.512213,Berlin-41c3,28,84,Normal
2026-04-27 22:12:14.512213,Berlin-41c3,48,41,Normal
2026-04-27 22:12:15.512213,Berlin-41c3,20,53,Normal
2026-04-27 22:12:16.512213,Berlin-41c3,34,93,Normal
2026-04-27 22:12:17.512213,Berlin-41c3,12,23,Normal
2026-04-27 22:12:18.512213,Berlin-41c3,7,85,Normal
2026-04-27 22:12:19.512213,Berlin-41c3,43,82,Normal
2026-04-27 22:12:20.512213,Berlin-41c3,-6,90,Normal
2026-04-27 22:12:21.512213,Berlin-41c3,-27,39,Normal
2026-04-27 22:12:22.512213,Berlin-41c3,-27,73,Normal
2026-04-27 22:12:23.512213,Berlin-41c3,-19,27,Normal
2026-04-27 22:12:24.512213,Berlin-41c3,-24,66,Normal
2026-04-27 22:12:25.512213,Berlin-41c3,-25,24,Normal
2026-04-27 22:12:26.512213,Berlin-41c3,28,22,Normal
2026-04-27 22:12:27.512213,Berlin-41c3,31,32,Normal
2026-04-27 22:12:28.512213,Berlin-41c3,46,79,Normal
2026-04-27 22:12:29.512213,Berlin-41c3,37,45,Normal
2026-04-27 22:12:30.512213,Berlin-41c3,27,66,Normal
2026-04-27 22:12:31.512213,Berlin-41c3,45,46,Normal
2026-04-27 22:12:32.512213,Berlin-41c3,46,81,Normal
2026-04-27 22:12:33.512213,Berlin-41c3,-6,16,Normal
2026-04-27 22:12:34.512213,Berlin-41c3,9,32,Normal
2026-04-27 22:12:35.512213,Berlin-41c3,-17,4,Normal
2026-04-27 22:12:36.512213,Berlin-41c3,-22,34,Normal
2026-04-27 22:12:37.512213,Berlin-41c3,23,3,Normal
2026-04-27 22:12:38.512213,Berlin-41c3,41,32,Normal
2026-04-27 22:12:39.512213,Berlin-41c3,9,65,Normal
2026-04-27 22:12:40.512213,Berlin-41c3,20,64,Normal
2026-04-27 22:12:41.512213,Berlin-41c3,5,68,Normal
2026-04-27 22:12:42.512213,Berlin-41c3,1,52,Normal
2026-04-27 22:12:43.512213,Berlin-41c3,29,35,Normal
2026-04-27 22:12:44.512213,Berlin-41c3,38,18,Normal
2026-04-27 22:12:45.512213,Berlin-41c3,-14,4,Normal
2026-04-27 22:12:46.512213,Berlin-41c3,39,96,Normal
2026-04-27 22:12:47.512213,Berlin-41c3,30,52,Normal
2026-04-27 22:12:48.512213,Berlin-41c3,36,77,Normal
2026-04-27 22:12:49.512213,Berlin-41c3,-2,78,Normal
2026-04-27 22:12:50.512213,Berlin-41c3,11,24,Normal
2026-04-27 22:12:51.512213,Berlin-41c3,-23,14,Normal
2026-04-27 22:12:52.512213,Berlin-41c3,1,93,Normal
2026-04-27 22:12:53.512213,Berlin-41c3,-8,97,Normal
2026-04-27 22:12:54.512213,Berlin-41c3,-27,33,Normal
2026-04-27 22:12:55.512213,Berlin-41c3,36,12,Normal
2026-04-27 22:12:56.512213,Berlin-41c3,36,71,Normal
2026-04-27 22:12:57.512213,Berlin-41c3,-18,1,Normal
2026-04-27 22:12:58.512213,Berlin-41c3,11,36,Normal
2026-04-27 22:12:59.512213,Berlin-41c3,17,38,Normal
2026-04-27 22:13:00.512213,Berlin-41c3,9,19,Normal
2026-04-27 22:13:01.512213,Berlin-41c3,9,13,Normal
2026-04-27 22:13:02.512213,Berlin-41c3,-30,46,Normal
2026-04-27 22:13:03.512213,Berlin-41c3,-24,32,Normal
2026-04-27 22:13:04.512213,Berlin-41c3,-11,32,Normal
2026-04-27 22:13:05.512213,Berlin-41c3,-12,53,Normal
2026-04-27 22:13:06.512213,Berlin-41c3,43,54,Normal
2026-04-27 22:13:07.512213,Berlin-41c3,3,70,Normal
2026-04-27 22:13:08.512213,Berlin-41c3,-9,76,Normal
2026-04-27 22:13:09.512213,Berlin-41c3,-11,81,Normal
2026-04-27 22:13:10.512213,Berlin-41c3,50,62,Normal
2026-04-27 22:13:11.512213,Berlin-41c3,-20,43,Normal
2026-04-27 22:13:12.512213,Berlin-41c3,45,25,Normal
2026-04-27 22:13:13.512213,Berlin-41c3,38,16,Normal
2026-04-27 22:13:14.512213,Berlin-41c3,15,31,Normal
2026-04-27 22:13:15.512213,Berlin-41c3,19,66,Normal
2026-04-27 22:13:16.512213,Berlin-41c3,45,12,Normal
2026-04-27 22:13:17.512213,Berlin-41c3,-10,70,Normal
2026-04-27 22:13:18.512213,Berlin-41c3,4,2,Normal
2026-04-27 22:13:19.512213,Berlin-41c3,-4,86,Normal
2026-04-27 22:13:20.512213,Berlin-41c3,-14,99,Normal
2026-04-27 22:13:21.512213,Berlin-41c3,49,32,Normal
2026-04-27 22:13:22.512213,Berlin-41c3,16,89,Normal
2026-04-27 22:13:23.512213,Berlin-41c3,-18,4,Normal
2026-04-27 22:13:24.512213,Berlin-41c3,-24,87,Normal
2026-04-27 22:13:25.512213,Berlin-41c3,30,60,Normal
2026-04-27 22:13:26.512213,Berlin-41c3,-14,98,Normal
2026-04-27 22:13:27.512213,Berlin-41c3,35,63,Normal
2026-04-27 22:13:28.512213,Berlin-41c3,33,73,Normal
2026-04-27 22:13:29.512213,Berlin-41c3,-23,28,Normal
2026-04-27 22:13:30.512213,Berlin-41c3,35,100,Normal
2026-04-27 22:13:31.512213,Berlin-41c3,-21,51,Normal
2026-04-27 22:13:32.512213,Berlin-41c3,-30,24,Normal
2026-04-27 22:13:33.512213,Berlin-41c3,14,10,Normal
2026-04-27 22:13:34.512213,Berlin-41c3,-29,83,Normal
2026-04-27 22:13:35.512213,Berlin-41c3,38,61,Normal
2026-04-27 22:13:36.512213,Berlin-41c3,-14,15,Normal
2026-04-27 22:13:37.512213,Berlin-41c3,-16,12,Normal
2026-04-27 22:13:38.512213,Berlin-41c3,6,38,Normal
2026-04-27 22:13:39.512213,Berlin-41c3,-6,68,Normal
2026-04-27 22:13:40.512213,Berlin-41c3,27,14,Normal
2026-04-27 22:13:41.512213,Berlin-41c3,-6,43,Normal
2026-04-27 22:13:42.512213,Berlin-41c3,37,79,Normal
2026-04-27 22:13:43.512213,Berlin-41c3,35,24,Normal
2026-04-27 22:13:44.512213,Berlin-41c3,40,88,Normal
2026-04-27 22:13:45.512213,Berlin-41c3,44,29,Normal
2026-04-27 22:13:46.512213,Berlin-41c3,-28,20,Normal
2026-04-27 22:13:47.512213,Berlin-41c3,8,7,Normal
2026-04-27 22:13:48.512213,Berlin-41c3,1,83,Normal
2026-04-27 22:13:49.512213,Berlin-41c3,-8,13,Normal
2026-04-27 22:13:50.512213,Berlin-41c3,37,93,Normal
2026-04-27 22:13:51.512213,Berlin-41c3,21,7,Normal
2026-04-27 22:13:52.512213,Berlin-41c3,22,59,Normal
2026-04-27 22:13:53.512213,Berlin-41c3,-15,70,Normal
2026-04-27 22:13:54.512213,Berlin-41c3,49,6,Normal
2026-04-27 22:13:55.512213,Berlin-41c3,-30,62,Normal
2026-04-27 22:13:56.512213,Berlin-41c3,39,26,Normal
2026-04-27 22:13:57.512213,Berlin-41c3,34,90,Normal
2026-04-27 22:13:58.512213,Berlin-41c3,-20,44,Normal
2026-04-27 22:13:59.512213,Berlin-41c3,24,76,Normal
2026-04-27 22:14:00.512213,Berlin-41c3,36,85,Normal
2026-04-27 22:14:01.512213,Berlin-41c3,6,97,Normal
2026-04-27 22:14:02.512213,Berlin-41c3,45,71,Normal
2026-04-27 22:14:03.512213,Berlin-41c3,-3,20,Normal
2026-04-27 22:14:04.512213,Berlin-41c3,37,40,Normal
2026-04-27 22:14:05.512213,Berlin-41c3,21,76,Normal
2026-04-27 22:14:06.512213,Berlin-41c3,-20,95,Normal
2026-04-27 22:14:07.512213,Berlin-41c3,-24,13,Normal
2026-04-27 22:14:08.512213,Berlin-41c3,30,37,Normal
2026-04-27 22:14:09.512213,Berlin-41c3,-26,19,Normal
2026-04-27 22:14:10.512213,Berlin-41c3,12,10,Normal
2026-04-27 22:14:11.512213,Berlin-41c3,-26,82,Normal
2026-04-27 22:14:12.512213,Berlin-41c3,-21,87,Normal
2026-04-27 22:14:13.512213,Berlin-41c3,-30,1,Normal
2026-04-27 22:14:14.512213,Berlin-41c3,10,89,Normal
2026-04-27 22:14:15.512213,Berlin-41c3,-6,95,Normal
2026-04-27 22:14:16.512213,Berlin-41c3,-30,94,Normal
2026-04-27 22:14:17.512213,Berlin-41c3,21,78,Normal
2026-04-27 22:14:18.512213,Berlin-41c3,7,26,Normal
2026-04-27 22:14:19.512213,Berlin-41c3,-3,1,Normal
2026-04-27 22:14:20.512213,Berlin-41c3,-22,63,Normal
2026-04-27 22:14:21.512213,Berlin-41c3,19,66,Normal
2026-04-27 22:14:22.512213,Berlin-41c3,-3,31,Normal
2026-04-27 22:14:23.512213,Berlin-41c3,-10,2,Normal
2026-04-27 22:14:24.512213,Berlin-41c3,25,41,Normal
2026-04-27 22:14:25.512213,Berlin-41c3,-10,16,Normal
2026-04-27 22:14:26.512213,Berlin-41c3,9,43,Normal
2026-04-27 22:14:27.512213,Berlin-41c3,3,55,Normal
2026-04-27 22:14:28.512213,Berlin-41c3,7,25,Normal
2026-04-27 22:14:29.512213,Berlin-41c3,-3,24,Normal
2026-04-27 22:14:30.512213,Berlin-41c3,23,85,Normal
2026-04-27 22:14:31.512213,Berlin-41c3,-26,16,Normal
2026-04-27 22:14:32.512213,Berlin-41c3,37,2,Normal
2026-04-27 22:14:33.512213,Berlin-41c3,-30,34,Normal
2026-04-27 22:14:34.512213,Berlin-41c3,-13,59,Normal
2026-04-27 22:14:35.512213,Berlin-41c3,23,8,Normal
2026-04-27 22:14:36.512213,Berlin-41c3,0,91,Normal
2026-04-27 22:14:37.512213,Berlin-41c3,-21,52,Normal
2026-04-27 22:14:38.512213,Berlin-41c3,17,93,Normal
2026-04-27 22:14:39.512213,Berlin-41c3,48,22,Normal
2026-04-27 22:14:40.512213,Berlin-41c3,-4,34,Normal
2026-04-27 22:14:41.512213,Berlin-41c3,0,40,Normal
2026-04-27 22:14:42.512213,Berlin-41c3,-29,85,Normal
2026-04-27 22:14:43.512213,Berlin-41c3,39,29,Normal
2026-04-27 22:14:44.512213,Berlin-41c3,2,82,Normal
2026-04-27 22:14:45.512213,Berlin-41c3,37,29,Normal
2026-04-27 22:14:46.512213,Berlin-41c3,-30,97,Normal
2026-04-27 22:14:47.512213,Berlin-41c3,24,99,Normal
2026-04-27 22:14:48.512213,Berlin-41c3,-2,96,Normal
2026-04-27 22:14:49.512213,Berlin-41c3,-22,38,Normal
2026-04-27 22:14:50.512213,Berlin-41c3,40,13,Normal
2026-04-27 22:14:51.512213,Berlin-41c3,-5,100,Normal
2026-04-27 22:14:52.512213,Berlin-41c3,-16,74,Normal
2026-04-27 22:14:53.512213,Berlin-41c3,26,32,Normal
2026-04-27 22:14:54.512213,Berlin-41c3,-18,36,Normal
2026-04-27 22:14:55.512213,Berlin-41c3,-29,79,Normal
2026-04-27 22:14:56.512213,Berlin-41c3,14,20,Normal
2026-04-27 22:14:57.512213,Berlin-41c3,24,25,Normal
2026-04-27 22:14:58.512213,Berlin-41c3,22,37,Normal
2026-04-27 22:14:59.512213,Berlin-41c3,19,93,Normal
2026-04-27 22:15:00.512213,Berlin-41c3,9,69,Normal
2026-04-27 22:15:01.512213,Berlin-41c3,-14,83,Normal
2026-04-27 22:15:02.512213,Berlin-41c3,13,94,Normal
2026-04-27 22:15:03.512213,Berlin-41c3,50,31,Normal
2026-04-27 22:15:04.512213,Berlin-41c3,-28,58,Normal
2026-04-27 22:15:05.512213,Berlin-41c3,-12,55,Normal
2026-04-27 22:15:06.512213,Berlin-41c3,27,39,Normal
2026-04-27 22:15:07.512213,Berlin-41c3,-25,45,Normal
2026-04-27 22:15:08.512213,Berlin-41c3,-3,2,Normal
2026-04-27 22:15:09.512213,Berlin-41c3,-5,23,Normal
2026-04-27 22:15:10.512213,Berlin-41c3,10,24,Normal
2026-04-27 22:15:11.512213,Berlin-41c3,11,94,Normal
2026-04-27 22:15:12.512213,Berlin-41c3,-6,84,Normal
2026-04-27 22:15:13.512213,Berlin-41c3,8,54,Normal
2026-04-27 22:15:14.512213,Berlin-41c3,-29,0,Normal
2026-04-27 22:15:15.512213,Berlin-41c3,7,7,Normal
2026-04-27 22:15:16.512213,Berlin-41c3,-9,42,Normal
2026-04-27 22:15:17.512213,Berlin-41c3,41,76,Normal
2026-04-27 22:15:18.512213,Berlin-41c3,-29,60,Normal
2026-04-27 22:15:19.512213,Berlin-41c3,2,45,Normal
2026-04-27 22:15:20.512213,Berlin-41c3,19,25,Normal
2026-04-27 22:15:21.512213,Berlin-41c3,-17,19,Normal
2026-04-27 22:15:22.512213,Berlin-41c3,-10,12,Normal
2026-04-27 22:15:23.512213,Berlin-41c3,-15,36,Normal
2026-04-27 22:15:24.512213,Berlin-41c3,-9,80,Normal
2026-04-27 22:15:25.512213,Berlin-41c3,30,64,Normal
2026-04-27 22:15:26.512213,Berlin-41c3,-19,31,Normal
2026-04-27 22:15:27.512213,Berlin-41c3,44,24,Normal
2026-04-27 22:15:28.512213,Berlin-41c3,4,62,Normal
2026-04-27 22:15:29.512213,Berlin-41c3,14,62,Normal
2026-04-27 22:15:30.512213,Berlin-41c3,22,34,Normal
2026-04-27 22:15:31.512213,Berlin-41c3,21,70,Normal
2026-04-27 22:15:32.512213,Berlin-41c3,19,14,Normal
2026-04-27 22:15:33.512213,Berlin-41c3,-18,59,Normal
2026-04-27 22:15:34.512213,Berlin-41c3,44,32,Normal
2026-04-27 22:15:35.512213,Berlin-41c3,-23,44,Normal
2026-04-27 22:15:36.512213,Berlin-41c3,-21,45,Normal
2026-04-27 22:15:37.512213,Berlin-41c3,38,1,Normal
2026-04-27 22:15:38.512213,Berlin-41c3,10,39,Normal
2026-04-27 22:15:39.512213,Berlin-41c3,1,37,Normal
2026-04-27 22:15:40.512213,Berlin-41c3,3,90,Normal
2026-04-27 22:15:41.512213,Berlin-41c3,-30,65,Normal
2026-04-27 22:15:42.512213,Berlin-41c3,42,68,Normal
2026-04-27 22:15:43.512213,Berlin-41c3,-2,30,Normal
2026-04-27 22:15:44.512213,Berlin-41c3,11,88,Normal
2026-04-27 22:15:45.512213,Berlin-41c3,31,41,Normal
2026-04-27 22:15:46.512213,Berlin-41c3,35,28,Normal
2026-04-27 22:15:47.512213,Berlin-41c3,-24,46,Normal
2026-04-27 22:15:48.512213,Berlin-41c3,-23,12,Normal
2026-04-27 22:15:49.512213,Berlin-41c3,40,72,Normal
2026-04-27 22:15:50.512213,Berlin-41c3,-30,94,Normal
2026-04-27 22:15:51.512213,Berlin-41c3,-13,93,Normal
2026-04-27 22:15:52.512213,Berlin-41c3,25,28,Normal
2026-04-27 22:15:53.512213,Berlin-41c3,44,42,Normal
2026-04-27 22:15:54.512213,Berlin-41c3,-18,97,Normal
2026-04-27 22:15:55.512213,Berlin-41c3,-9,78,Normal
2026-04-27 22:15:56.512213,Berlin-41c3,37,0,Normal
2026-04-27 22:15:57.512213,Berlin-41c3,-4,29,Normal
2026-04-27 22:15:58.512213,Berlin-41c3,21,69,Normal
2026-04-27 22:15:59.512213,Berlin-41c3,32,67,Normal
2026-04-27 22:16:00.512213,Berlin-41c3,-8,44,Normal
2026-04-27 22:16:01.512213,Berlin-41c3,42,51,Normal
2026-04-27 22:16:02.512213,Berlin-41c3,12,66,Normal
2026-04-27 22:16:03.512213,Berlin-41c3,-25,20,Normal
2026-04-27 22:16:04.512213,Berlin-41c3,34,94,Normal
2026-04-27 22:16:05.512213,Berlin-41c3,49,57,Normal
2026-04-27 22:16:06.512213,Berlin-41c3,1,23,Normal
2026-04-27 22:16:07.512213,Berlin-41c3,33,31,Normal
2026-04-27 22:16:08.512213,Berlin-41c3,15,69,Normal
2026-04-27 22:16:09.512213,Berlin-41c3,-13,74,Normal
2026-04-27 22:16:10.512213,Berlin-41c3,24,21,Normal
2026-04-27 22:16:11.512213,Berlin-41c3,-2,27,Normal
2026-04-27 22:16:12.512213,Berlin-41c3,-14,56,Normal
2026-04-27 22:16:13.512213,Berlin-41c3,-21,44,Normal
2026-04-27 22:16:14.512213,Berlin-41c3,29,60,Normal
2026-04-27 22:16:15.512213,Berlin-41c3,-24,56,Normal
2026-04-27 22:16:16.512213,Berlin-41c3,-21,63,Normal
2026-04-27 22:16:17.512213,Berlin-41c3,-8,70,Normal
2026-04-27 22:16:18.512213,Berlin-41c3,0,56,Normal
2026-04-27 22:16:19.512213,Berlin-41c3,-30,13,Normal
2026-04-27 22:16:20.512213,Berlin-41c3,35,27,Normal
2026-04-27 22:16:21.512213,Berlin-41c3,24,70,Normal
2026-04-27 22:16:22.512213,Berlin-41c3,31,75,Normal
2026-04-27 22:16:23.512213,Berlin-41c3,-3,10,Normal
2026-04-27 22:16:24.512213,Berlin-41c3,27,55,Normal
2026-04-27 22:16:25.512213,Berlin-41c3,-23,58,Normal
2026-04-27 22:16:26.512213,Berlin-41c3,-24,24,Normal
2026-04-27 22:16:27.512213,Berlin-41c3,0,23,Normal
2026-04-27 22:16:28.512213,Berlin-41c3,41,44,Normal
2026-04-27 22:16:29.512213,Berlin-41c3,-24,41,Normal
2026-04-27 22:16:30.512213,Berlin-41c3,-28,54,Normal
2026-04-27 22:16:31.512213,Berlin-41c3,-21,32,Normal
2026-04-27 22:16:32.512213,Berlin-41c3,32,12,Normal
2026-04-27 22:16:33.512213,Berlin-41c3,31,55,Normal
2026-04-27 22:16:34.512213,Berlin-41c3,8,0,Normal
2026-04-27 22:16:35.512213,Berlin-41c3,-8,9,Normal
2026-04-27 22:16:36.512213,Berlin-41c3,10,78,Normal
2026-04-27 22:16:37.512213,Berlin-41c3,-29,85,Normal
2026-04-27 22:16:38.512213,Berlin-41c3,13,87,Normal
2026-04-27 22:16:39.512213,Berlin-41c3,30,48,Normal
2026-04-27 22:16:40.512213,Berlin-41c3,-4,43,Normal
2026-04-27 22:16:41.512213,Berlin-41c3,-17,3,Normal
2026-04-27 22:16:42.512213,Berlin-41c3,1,21,Normal
2026-04-27 22:16:43.512213,Berlin-41c3,34,61,Normal
2026-04-27 22:16:44.512213,Berlin-41c3,-6,51,Normal
2026-04-27 22:16:45.512213,Berlin-41c3,49,89,Normal
2026-04-27 22:16:46.512213,Berlin-41c3,40,42,Normal
2026-04-27 22:16:47.512213,Berlin-41c3,12,66,Normal
2026-04-27 22:16:48.512213,Berlin-41c3,-24,29,Normal
2026-04-27 22:16:49.512213,Berlin-41c3,-22,47,Normal
2026-04-27 22:16:50.512213,Berlin-41c3,5,67,Normal
2026-04-27 22:16:51.512213,Berlin-41c3,31,87,Normal
2026-04-27 22:16:52.512213,Berlin-41c3,32,19,Normal
2026-04-27 22:16:53.512213,Berlin-41c3,-2,56,Normal
2026-04-27 22:16:54.512213,Berlin-41c3,-4,40,Normal
2026-04-27 22:16:55.512213,Berlin-41c3,-4,2,Normal
2026-04-27 22:16:56.512213,Berlin-41c3,-5,52,Normal
2026-04-27 22:16:57.512213,Berlin-41c3,48,32,Normal
2026-04-27 22:16:58.512213,Berlin-41c3,45,48,Normal
2026-04-27 22:16:59.512213,Berlin-41c3,-15,42,Normal
2026-04-27 22:17:00.512213,Berlin-41c3,-17,61,Normal
2026-04-27 22:17:01.512213,Berlin-41c3,-12,35,Normal
2026-04-27 22:17:02.512213,Berlin-41c3,49,68,Normal
2026-04-27 22:17:03.512213,Berlin-41c3,34,73,Normal
2026-04-27 22:17:04.512213,Berlin-41c3,45,73,Normal
2026-04-27 22:17:05.512213,Berlin-41c3,4,79,Normal
2026-04-27 22:17:06.512213,Berlin-41c3,19,34,Normal
2026-04-27 22:17:07.512213,Berlin-41c3,8,24,Normal
2026-04-27 22:17:08.512213,Berlin-41c3,26,87,Normal
2026-04-27 22:17:09.512213,Berlin-41c3,1,25,Normal
2026-04-27 22:17:10.512213,Berlin-41c3,44,92,Normal
2026-04-27 22:17:11.512213,Berlin-41c3,29,70,Normal
2026-04-27 22:17:12.512213,Berlin-41c3,36,95,Normal
2026-04-27 22:17:13.512213,Berlin-41c3,-3,80,Normal
2026-04-27 22:17:14.512213,Berlin-41c3,20,1,Normal
2026-04-27 22:17:15.512213,Berlin-41c3,10,54,Normal
2026-04-27 22:17:16.512213,Berlin-41c3,12,54,Normal
2026-04-27 22:17:17.512213,Berlin-41c3,41,8,Normal
2026-04-27 22:17:18.512213,Berlin-41c3,1,17,Normal
2026-04-27 22:17:19.512213,Berlin-41c3,13,9,Normal
2026-04-27 22:17:20.512213,Berlin-41c3,-15,22,Normal
2026-04-27 22:17:21.512213,Berlin-41c3,27,53,Normal
2026-04-27 22:17:22.512213,Berlin-41c3,-16,42,Normal
2026-04-27 22:17:23.512213,Berlin-41c3,-14,72,Normal
2026-04-27 22:17:24.512213,Berlin-41c3,0,16,Normal
2026-04-27 22:17:25.512213,Berlin-41c3,34,100,Normal
2026-04-27 22:17:26.512213,Berlin-41c3,48,93,Normal
2026-04-27 22:17:27.512213,Berlin-41c3,-9,48,Normal
2026-04-27 22:17:28.512213,Berlin-41c3,26,25,Normal
2026-04-27 22:17:29.512213,Berlin-41c3,45,22,Normal
2026-04-27 22:17:30.512213,Berlin-41c3,20,1,Normal
2026-04-27 22:17:31.512213,Berlin-41c3,-30,77,Normal
2026-04-27 22:17:32.512213,Berlin-41c3,21,91,Normal
2026-04-27 22:17:33.512213,Berlin-41c3,20,85,Normal
2026-04-27 22:17:34.512213,Berlin-41c3,39,26,Normal
2026-04-27 22:17:35.512213,Berlin-41c3,45,45,Normal
2026-04-27 22:17:36.512213,Berlin-41c3,-12,46,Normal
2026-04-27 22:17:37.512213,Berlin-41c3,-24,28,Normal
2026-04-27 22:17:38.512213,Berlin-41c3,29,41,Normal
2026-04-27 22:17:39.512213,Berlin-41c3,4,88,Normal
2026-04-27 22:17:40.512213,Berlin-41c3,16,48,Normal
2026-04-27 22:17:41.512213,Berlin-41c3,27,98,Normal
2026-04-27 22:17:42.512213,Berlin-41c3,44,74,Normal
2026-04-27 22:17:43.512213,Berlin-41c3,-13,29,Normal
2026-04-27 22:17:44.512213,Berlin-41c3,7,59,Normal
2026-04-27 22:17:45.512213,Berlin-41c3,12,92,Normal
2026-04-27 22:17:46.512213,Berlin-41c3,40,27,Normal
2026-04-27 22:17:47.512213,Berlin-41c3,39,67,Normal
2026-04-27 22:17:48.512213,Berlin-41c3,17,19,Normal
2026-04-27 22:17:49.512213,Berlin-41c3,3,57,Normal
2026-04-27 22:17:50.512213,Berlin-41c3,32,78,Normal
2026-04-27 22:17:51.512213,Berlin-41c3,1,7,Normal
2026-04-27 22:17:52.512213,Berlin-41c3,15,57,Normal
2026-04-27 22:17:53.512213,Berlin-41c3,44,63,Normal
2026-04-27 22:17:54.512213,Berlin-41c3,13,66,Normal
2026-04-27 22:17:55.512213,Berlin-41c3,44,100,Normal
2026-04-27 22:17:56.512213,Berlin-41c3,29,1,Normal
2026-04-27 22:17:57.512213,Berlin-41c3,28,14,Normal
2026-04-27 22:17:58.512213,Berlin-41c3,-16,41,Normal
2026-04-27 22:17:59.512213,Berlin-41c3,22,74,Normal
2026-04-27 22:18:00.512213,Berlin-41c3,16,84,Normal
2026-04-27 22:18:01.512213,Berlin-41c3,-21,63,Normal
2026-04-27 22:18:02.512213,Berlin-41c3,-12,33,Normal
2026-04-27 22:18:03.512213,Berlin-41c3,36,62,Normal
2026-04-27 22:18:04.512213,Berlin-41c3,-24,1,Normal
2026-04-27 22:18:05.512213,Berlin-41c3,-2,32,Normal
