timestamp,station_id,temp,humid,condition
2026-02-15 13:35:15.272076,NewYork-05d3,3,52,Normal
2026-02-15 13:35:16.272076,NewYork-05d3,-21,4,Normal
2026-02-15 13:35:17.272076,NewYork-05d3,27,7,Normal
2026-02-15 13:35:18.272076,NewYork-05d3,-19,65,Normal
2026-02-15 13:35:19.272076,NewYork-05d3,6,38,Normal
2026-02-15 13:35:20.272076,NewYork-05d3,35,15,Normal
2026-02-15 13:35:21.272076,NewYork-05d3,34,11,Normal
2026-02-15 13:35:22.272076,NewYork-05d3,-27,14,Normal
2026-02-15 13:35:23.272076,NewYork-05d3,15,14,Normal
2026-02-15 13:35:24.272076,NewYork-05d3,33,68,Normal
2026-02-15 13:35:25.272076,NewYork-05d3,-3,73,Normal
2026-02-15 13:35:26.272076,NewYork-05d3,25,28,Normal
2026-02-15 13:35:27.272076,NewYork-05d3,1,97,Normal
2026-02-15 13:35:28.272076,NewYork-05d3,-26,34,Normal
2026-02-15 13:35:29.272076,NewYork-05d3,1,31,Normal
2026-02-15 13:35:30.272076,NewYork-05d3,20,74,Normal
2026-02-15 13:35:31.272076,NewYork-05d3,39,20,Normal
2026-02-15 13:35:32.272076,NewYork-05d3,32,97,Normal
2026-02-15 13:35:33.272076,NewYork-05d3,-30,49,Normal
2026-02-15 13:35:34.272076,NewYork-05d3,-29,33,Normal
2026-02-15 13:35:35.272076,NewYork-05d3,44,26,Normal
2026-02-15 13:35:36.272076,NewYork-05d3,5,85,Normal
2026-02-15 13:35:37.272076,NewYork-05d3,-18,71,Normal
2026-02-15 13:35:38.272076,NewYork-05d3,-24,61,Normal
2026-02-15 13:35:39.272076,NewYork-05d3,36,8,Normal
2026-02-15 13:35:40.272076,NewYork-05d3,-6,65,Normal
2026-02-15 13:35:41.272076,NewYork-05d3,41,68,Normal
2026-02-15 13:35:42.272076,NewYork-05d3,-25,45,Normal
2026-02-15 13:35:43.272076,NewYork-05d3,31,94,Normal
2026-02-15 13:35:44.272076,NewYork-05d3,13,26,Normal
2026-02-15 13:35:45.272076,NewYork-05d3,-14,42,Normal
2026-02-15 13:35:46.272076,NewYork-05d3,6,63,Normal
2026-02-15 13:35:47.272076,NewYork-05d3,-11,5,Normal
2026-02-15 13:35:48.272076,NewYork-05d3,39,90,Normal
2026-02-15 13:35:49.272076,NewYork-05d3,45,76,Normal
2026-02-15 13:35:50.272076,NewYork-05d3,6,56,Normal
2026-02-15 13:35:51.272076,NewYork-05d3,45,6,Normal
2026-02-15 13:35:52.272076,NewYork-05d3,10,56,Normal
2026-02-15 13:35:53.272076,NewYork-05d3,49,64,Normal
2026-02-15 13:35:54.272076,NewYork-05d3,-1,56,Normal
2026-02-15 13:35:55.272076,NewYork-05d3,46,16,Normal
2026-02-15 13:35:56.272076,NewYork-05d3,33,8,Normal
2026-02-15 13:35:57.272076,NewYork-05d3,41,77,Normal
2026-02-15 13:35:58.272076,NewYork-05d3,-1,18,Normal
2026-02-15 13:35:59.272076,NewYork-05d3,-12,16,Normal
2026-02-15 13:36:00.272076,NewYork-05d3,-28,86,Normal
2026-02-15 13:36:01.272076,NewYork-05d3,47,53,Normal
2026-02-15 13:36:02.272076,NewYork-05d3,-5,57,Normal
2026-02-15 13:36:03.272076,NewYork-05d3,-17,68,Normal
2026-02-15 13:36:04.272076,NewYork-05d3,45,48,Normal
2026-02-15 13:36:05.272076,NewYork-05d3,6,19,Normal
2026-02-15 13:36:06.272076,NewYork-05d3,-12,31,Normal
2026-02-15 13:36:07.272076,NewYork-05d3,-9,20,Normal
2026-02-15 13:36:08.272076,NewYork-05d3,22,18,Normal
2026-02-15 13:36:09.272076,NewYork-05d3,-15,65,Normal
2026-02-15 13:36:10.272076,NewYork-05d3,8,81,Normal
2026-02-15 13:36:11.272076,NewYork-05d3,38,22,Normal
2026-02-15 13:36:12.272076,NewYork-05d3,-1,79,Normal
2026-02-15 13:36:13.272076,NewYork-05d3,14,53,Normal
2026-02-15 13:36:14.272076,NewYork-05d3,6,75,Normal
2026-02-15 13:36:15.272076,NewYork-05d3,26,5,Normal
2026-02-15 13:36:16.272076,NewYork-05d3,19,62,Normal
2026-02-15 13:36:17.272076,NewYork-05d3,-13,43,Normal
2026-02-15 13:36:18.272076,NewYork-05d3,-22,87,Normal
2026-02-15 13:36:19.272076,NewYork-05d3,1,79,Normal
2026-02-15 13:36:20.272076,NewYork-05d3,15,61,Normal
2026-02-15 13:36:21.272076,NewYork-05d3,-1,83,Normal
2026-02-15 13:36:22.272076,NewYork-05d3,-19,57,Normal
2026-02-15 13:36:23.272076,NewYork-05d3,46,22,Normal
2026-02-15 13:36:24.272076,NewYork-05d3,47,86,Normal
2026-02-15 13:36:25.272076,NewYork-05d3,14,29,Normal
2026-02-15 13:36:26.272076,NewYork-05d3,14,49,Normal
2026-02-15 13:36:27.272076,NewYork-05d3,6,90,Normal
2026-02-15 13:36:28.272076,NewYork-05d3,-30,73,Normal
2026-02-15 13:36:29.272076,NewYork-05d3,20,42,Normal
2026-02-15 13:36:30.272076,NewYork-05d3,35,54,Normal
2026-02-15 13:36:31.272076,NewYork-05d3,3,15,Normal
2026-02-15 13:36:32.272076,NewYork-05d3,39,94,Normal
2026-02-15 13:36:33.272076,NewYork-05d3,35,51,Normal
2026-02-15 13:36:34.272076,NewYork-05d3,2,18,Normal
2026-02-15 13:36:35.272076,NewYork-05d3,19,9,Normal
2026-02-15 13:36:36.272076,NewYork-05d3,-25,57,Normal
2026-02-15 13:36:37.272076,NewYork-05d3,-20,80,Normal
2026-02-15 13:36:38.272076,NewYork-05d3,-11,38,Normal
2026-02-15 13:36:39.272076,NewYork-05d3,31,17,Normal
2026-02-15 13:36:40.272076,NewYork-05d3,-22,70,Normal
2026-02-15 13:36:41.272076,NewYork-05d3,38,14,Normal
2026-02-15 13:36:42.272076,NewYork-05d3,3,77,Normal
2026-02-15 13:36:43.272076,NewYork-05d3,3,31,Normal
2026-02-15 13:36:44.272076,NewYork-05d3,-8,55,Normal
2026-02-15 13:36:45.272076,NewYork-05d3,-21,1,Normal
2026-02-15 13:36:46.272076,NewYork-05d3,-25,8,Normal
2026-02-15 13:36:47.272076,NewYork-05d3,-27,0,Normal
2026-02-15 13:36:48.272076,NewYork-05d3,30,64,Normal
2026-02-15 13:36:49.272076,NewYork-05d3,-23,62,Normal
2026-02-15 13:36:50.272076,NewYork-05d3,2,43,Normal
2026-02-15 13:36:51.272076,NewYork-05d3,-5,84,Normal
2026-02-15 13:36:52.272076,NewYork-05d3,-14,14,Normal
2026-02-15 13:36:53.272076,NewYork-05d3,27,64,Normal
2026-02-15 13:36:54.272076,NewYork-05d3,-30,14,Normal
2026-02-15 13:36:55.272076,NewYork-05d3,-11,65,Normal
2026-02-15 13:36:56.272076,NewYork-05d3,47,8,Normal
2026-02-15 13:36:57.272076,NewYork-05d3,-18,32,Normal
2026-02-15 13:36:58.272076,NewYork-05d3,-7,34,Normal
2026-02-15 13:36:59.272076,NewYork-05d3,20,59,Normal
2026-02-15 13:37:00.272076,NewYork-05d3,-2,73,Normal
2026-02-15 13:37:01.272076,NewYork-05d3,-14,0,Normal
2026-02-15 13:37:02.272076,NewYork-05d3,50,66,Normal
2026-02-15 13:37:03.272076,NewYork-05d3,49,100,Normal
2026-02-15 13:37:04.272076,NewYork-05d3,-14,32,Normal
2026-02-15 13:37:05.272076,NewYork-05d3,-12,18,Normal
2026-02-15 13:37:06.272076,NewYork-05d3,0,69,Normal
2026-02-15 13:37:07.272076,NewYork-05d3,44,69,Normal
2026-02-15 13:37:08.272076,NewYork-05d3,31,9,Normal
2026-02-15 13:37:09.272076,NewYork-05d3,-16,59,Normal
2026-02-15 13:37:10.272076,NewYork-05d3,33,22,Normal
2026-02-15 13:37:11.272076,NewYork-05d3,28,7,Normal
2026-02-15 13:37:12.272076,NewYork-05d3,-16,11,Normal
2026-02-15 13:37:13.272076,NewYork-05d3,14,71,Normal
2026-02-15 13:37:14.272076,NewYork-05d3,11,42,Normal
2026-02-15 13:37:15.272076,NewYork-05d3,46,4,Normal
2026-02-15 13:37:16.272076,NewYork-05d3,26,50,Normal
2026-02-15 13:37:17.272076,NewYork-05d3,6,99,Normal
2026-02-15 13:37:18.272076,NewYork-05d3,5,76,Normal
2026-02-15 13:37:19.272076,NewYork-05d3,18,4,Normal
2026-02-15 13:37:20.272076,NewYork-05d3,1,89,Normal
2026-02-15 13:37:21.272076,NewYork-05d3,-10,48,Normal
2026-02-15 13:37:22.272076,NewYork-05d3,3,3,Normal
2026-02-15 13:37:23.272076,NewYork-05d3,-28,79,Normal
2026-02-15 13:37:24.272076,NewYork-05d3,-28,91,Normal
2026-02-15 13:37:25.272076,NewYork-05d3,43,59,Normal
2026-02-15 13:37:26.272076,NewYork-05d3,13,44,Normal
2026-02-15 13:37:27.272076,NewYork-05d3,-18,59,Normal
2026-02-15 13:37:28.272076,NewYork-05d3,0,72,Normal
2026-02-15 13:37:29.272076,NewYork-05d3,5,78,Normal
2026-02-15 13:37:30.272076,NewYork-05d3,-29,20,Normal
2026-02-15 13:37:31.272076,NewYork-05d3,38,84,Normal
2026-02-15 13:37:32.272076,NewYork-05d3,26,72,Normal
2026-02-15 13:37:33.272076,NewYork-05d3,4,48,Normal
2026-02-15 13:37:34.272076,NewYork-05d3,-16,27,Normal
2026-02-15 13:37:35.272076,NewYork-05d3,-27,4,Normal
2026-02-15 13:37:36.272076,NewYork-05d3,-11,94,Normal
2026-02-15 13:37:37.272076,NewYork-05d3,15,1,Normal
2026-02-15 13:37:38.272076,NewYork-05d3,40,52,Normal
2026-02-15 13:37:39.272076,NewYork-05d3,29,74,Normal
2026-02-15 13:37:40.272076,NewYork-05d3,-19,30,Normal
2026-02-15 13:37:41.272076,NewYork-05d3,24,80,Normal
2026-02-15 13:37:42.272076,NewYork-05d3,8,77,Normal
2026-02-15 13:37:43.272076,NewYork-05d3,39,59,Normal
2026-02-15 13:37:44.272076,NewYork-05d3,-16,68,Normal
2026-02-15 13:37:45.272076,NewYork-05d3,18,100,Normal
2026-02-15 13:37:46.272076,NewYork-05d3,-11,7,Normal
2026-02-15 13:37:47.272076,NewYork-05d3,23,32,Normal
2026-02-15 13:37:48.272076,NewYork-05d3,-27,97,Normal
2026-02-15 13:37:49.272076,NewYork-05d3,8,61,Normal
2026-02-15 13:37:50.272076,NewYork-05d3,47,1,Normal
2026-02-15 13:37:51.272076,NewYork-05d3,41,95,Normal
2026-02-15 13:37:52.272076,NewYork-05d3,4,86,Normal
2026-02-15 13:37:53.272076,NewYork-05d3,-22,79,Normal
2026-02-15 13:37:54.272076,NewYork-05d3,-24,2,Normal
2026-02-15 13:37:55.272076,NewYork-05d3,10,81,Normal
2026-02-15 13:37:56.272076,NewYork-05d3,-18,85,Normal
2026-02-15 13:37:57.272076,NewYork-05d3,24,74,Normal
2026-02-15 13:37:58.272076,NewYork-05d3,-27,65,Normal
2026-02-15 13:37:59.272076,NewYork-05d3,49,38,Normal
2026-02-15 13:38:00.272076,NewYork-05d3,-26,25,Normal
2026-02-15 13:38:01.272076,NewYork-05d3,37,36,Normal
2026-02-15 13:38:02.272076,NewYork-05d3,20,20,Normal
2026-02-15 13:38:03.272076,NewYork-05d3,40,0,Normal
2026-02-15 13:38:04.272076,NewYork-05d3,9,86,Normal
2026-02-15 13:38:05.272076,NewYork-05d3,-1,28,Normal
2026-02-15 13:38:06.272076,NewYork-05d3,0,75,Normal
2026-02-15 13:38:07.272076,NewYork-05d3,9,70,Normal
2026-02-15 13:38:08.272076,NewYork-05d3,41,69,Normal
2026-02-15 13:38:09.272076,NewYork-05d3,33,37,Normal
2026-02-15 13:38:10.272076,NewYork-05d3,27,58,Normal
2026-02-15 13:38:11.272076,NewYork-05d3,-23,2,Normal
2026-02-15 13:38:12.272076,NewYork-05d3,-25,21,Normal
2026-02-15 13:38:13.272076,NewYork-05d3,-9,37,Normal
2026-02-15 13:38:14.272076,NewYork-05d3,-15,60,Normal
2026-02-15 13:38:15.272076,NewYork-05d3,25,76,Normal
2026-02-15 13:38:16.272076,NewYork-05d3,6,80,Normal
2026-02-15 13:38:17.272076,NewYork-05d3,-21,65,Normal
2026-02-15 13:38:18.272076,NewYork-05d3,-10,38,Normal
2026-02-15 13:38:19.272076,NewYork-05d3,-24,5,Normal
2026-02-15 13:38:20.272076,NewYork-05d3,-14,30,Normal
2026-02-15 13:38:21.272076,NewYork-05d3,-9,15,Normal
2026-02-15 13:38:22.272076,NewYork-05d3,38,87,Normal
2026-02-15 13:38:23.272076,NewYork-05d3,-8,57,Normal
2026-02-15 13:38:24.272076,NewYork-05d3,47,63,Normal
2026-02-15 13:38:25.272076,NewYork-05d3,-6,20,Normal
2026-02-15 13:38:26.272076,NewYork-05d3,17,16,Normal
2026-02-15 13:38:27.272076,NewYork-05d3,-26,62,Normal
2026-02-15 13:38:28.272076,NewYork-05d3,44,22,Normal
2026-02-15 13:38:29.272076,NewYork-05d3,34,52,Normal
2026-02-15 13:38:30.272076,NewYork-05d3,8,94,Normal
2026-02-15 13:38:31.272076,NewYork-05d3,49,70,Normal
2026-02-15 13:38:32.272076,NewYork-05d3,36,65,Normal
2026-02-15 13:38:33.272076,NewYork-05d3,35,43,Normal
2026-02-15 13:38:34.272076,NewYork-05d3,-20,77,Normal
2026-02-15 13:38:35.272076,NewYork-05d3,30,11,Normal
2026-02-15 13:38:36.272076,NewYork-05d3,24,48,Normal
2026-02-15 13:38:37.272076,NewYork-05d3,-9,94,Normal
2026-02-15 13:38:38.272076,NewYork-05d3,20,72,Normal
2026-02-15 13:38:39.272076,NewYork-05d3,-15,28,Normal
2026-02-15 13:38:40.272076,NewYork-05d3,3,45,Normal
2026-02-15 13:38:41.272076,NewYork-05d3,6,1,Normal
2026-02-15 13:38:42.272076,NewYork-05d3,48,2,Normal
2026-02-15 13:38:43.272076,NewYork-05d3,37,87,Normal
2026-02-15 13:38:44.272076,NewYork-05d3,-11,42,Normal
2026-02-15 13:38:45.272076,NewYork-05d3,-15,96,Normal
2026-02-15 13:38:46.272076,NewYork-05d3,9,21,Normal
2026-02-15 13:38:47.272076,NewYork-05d3,18,73,Normal
2026-02-15 13:38:48.272076,NewYork-05d3,22,71,Normal
2026-02-15 13:38:49.272076,NewYork-05d3,39,74,Normal
2026-02-15 13:38:50.272076,NewYork-05d3,-23,10,Normal
2026-02-15 13:38:51.272076,NewYork-05d3,-13,97,Normal
2026-02-15 13:38:52.272076,NewYork-05d3,34,68,Normal
2026-02-15 13:38:53.272076,NewYork-05d3,-22,73,Normal
2026-02-15 13:38:54.272076,NewYork-05d3,-14,98,Normal
2026-02-15 13:38:55.272076,NewYork-05d3,-9,61,Normal
2026-02-15 13:38:56.272076,NewYork-05d3,46,20,Normal
2026-02-15 13:38:57.272076,NewYork-05d3,-19,52,Normal
2026-02-15 13:38:58.272076,NewYork-05d3,7,78,Normal
2026-02-15 13:38:59.272076,NewYork-05d3,-30,3,Normal
2026-02-15 13:39:00.272076,NewYork-05d3,-23,30,Normal
2026-02-15 13:39:01.272076,NewYork-05d3,-24,98,Normal
2026-02-15 13:39:02.272076,NewYork-05d3,21,32,Normal
2026-02-15 13:39:03.272076,NewYork-05d3,48,40,Normal
2026-02-15 13:39:04.272076,NewYork-05d3,-5,20,Normal
2026-02-15 13:39:05.272076,NewYork-05d3,44,15,Normal
2026-02-15 13:39:06.272076,NewYork-05d3,40,81,Normal
2026-02-15 13:39:07.272076,NewYork-05d3,-6,24,Normal
2026-02-15 13:39:08.272076,NewYork-05d3,3,98,Normal
2026-02-15 13:39:09.272076,NewYork-05d3,-13,94,Normal
2026-02-15 13:39:10.272076,NewYork-05d3,22,60,Normal
2026-02-15 13:39:11.272076,NewYork-05d3,47,99,Normal
2026-02-15 13:39:12.272076,NewYork-05d3,14,33,Normal
2026-02-15 13:39:13.272076,NewYork-05d3,1,4,Normal
2026-02-15 13:39:14.272076,NewYork-05d3,23,24,Normal
2026-02-15 13:39:15.272076,NewYork-05d3,6,5,Normal
2026-02-15 13:39:16.272076,NewYork-05d3,2,51,Normal
2026-02-15 13:39:17.272076,NewYork-05d3,-7,11,Normal
2026-02-15 13:39:18.272076,NewYork-05d3,40,40,Normal
2026-02-15 13:39:19.272076,NewYork-05d3,-12,90,Normal
2026-02-15 13:39:20.272076,NewYork-05d3,22,51,Normal
2026-02-15 13:39:21.272076,NewYork-05d3,-6,4,Normal
2026-02-15 13:39:22.272076,NewYork-05d3,21,93,Normal
2026-02-15 13:39:23.272076,NewYork-05d3,-5,71,Normal
2026-02-15 13:39:24.272076,NewYork-05d3,40,37,Normal
2026-02-15 13:39:25.272076,NewYork-05d3,-6,45,Normal
2026-02-15 13:39:26.272076,NewYork-05d3,19,75,Normal
2026-02-15 13:39:27.272076,NewYork-05d3,7,46,Normal
2026-02-15 13:39:28.272076,NewYork-05d3,-5,27,Normal
2026-02-15 13:39:29.272076,NewYork-05d3,-2,94,Normal
2026-02-15 13:39:30.272076,NewYork-05d3,-5,75,Normal
2026-02-15 13:39:31.272076,NewYork-05d3,4,86,Normal
2026-02-15 13:39:32.272076,NewYork-05d3,29,2,Normal
2026-02-15 13:39:33.272076,NewYork-05d3,39,91,Normal
2026-02-15 13:39:34.272076,NewYork-05d3,21,51,Normal
2026-02-15 13:39:35.272076,NewYork-05d3,-27,57,Normal
2026-02-15 13:39:36.272076,NewYork-05d3,-30,29,Normal
2026-02-15 13:39:37.272076,NewYork-05d3,-7,13,Normal
2026-02-15 13:39:38.272076,NewYork-05d3,-22,96,Normal
2026-02-15 13:39:39.272076,NewYork-05d3,14,16,Normal
2026-02-15 13:39:40.272076,NewYork-05d3,-1,14,Normal
2026-02-15 13:39:41.272076,NewYork-05d3,7,34,Normal
2026-02-15 13:39:42.272076,NewYork-05d3,15,33,Normal
2026-02-15 13:39:43.272076,NewYork-05d3,10,93,Normal
2026-02-15 13:39:44.272076,NewYork-05d3,-14,92,Normal
2026-02-15 13:39:45.272076,NewYork-05d3,19,21,Normal
2026-02-15 13:39:46.272076,NewYork-05d3,-4,18,Normal
2026-02-15 13:39:47.272076,NewYork-05d3,34,35,Normal
2026-02-15 13:39:48.272076,NewYork-05d3,7,28,Normal
2026-02-15 13:39:49.272076,NewYork-05d3,-26,83,Normal
2026-02-15 13:39:50.272076,NewYork-05d3,44,6,Normal
2026-02-15 13:39:51.272076,NewYork-05d3,29,17,Normal
2026-02-15 13:39:52.272076,NewYork-05d3,42,8,Normal
2026-02-15 13:39:53.272076,NewYork-05d3,34,57,Normal
2026-02-15 13:39:54.272076,NewYork-05d3,-18,49,Normal
2026-02-15 13:39:55.272076,NewYork-05d3,-12,3,Normal
2026-02-15 13:39:56.272076,NewYork-05d3,3,57,Normal
2026-02-15 13:39:57.272076,NewYork-05d3,36,96,Normal
2026-02-15 13:39:58.272076,NewYork-05d3,18,63,Normal
2026-02-15 13:39:59.272076,NewYork-05d3,-3,6,Normal
2026-02-15 13:40:00.272076,NewYork-05d3,0,61,Normal
2026-02-15 13:40:01.272076,NewYork-05d3,25,11,Normal
2026-02-15 13:40:02.272076,NewYork-05d3,-21,60,Normal
2026-02-15 13:40:03.272076,NewYork-05d3,6,5,Normal
2026-02-15 13:40:04.272076,NewYork-05d3,29,73,Normal
2026-02-15 13:40:05.272076,NewYork-05d3,37,7,Normal
2026-02-15 13:40:06.272076,NewYork-05d3,20,27,Normal
2026-02-15 13:40:07.272076,NewYork-05d3,2,20,Normal
2026-02-15 13:40:08.272076,NewYork-05d3,-19,73,Normal
2026-02-15 13:40:09.272076,NewYork-05d3,-1,18,Normal
2026-02-15 13:40:10.272076,NewYork-05d3,30,34,Normal
2026-02-15 13:40:11.272076,NewYork-05d3,18,86,Normal
2026-02-15 13:40:12.272076,NewYork-05d3,1,28,Normal
2026-02-15 13:40:13.272076,NewYork-05d3,10,10,Normal
2026-02-15 13:40:14.272076,NewYork-05d3,29,29,Normal
2026-02-15 13:40:15.272076,NewYork-05d3,30,9,Normal
2026-02-15 13:40:16.272076,NewYork-05d3,27,54,Normal
2026-02-15 13:40:17.272076,NewYork-05d3,-12,91,Normal
2026-02-15 13:40:18.272076,NewYork-05d3,26,5,Normal
2026-02-15 13:40:19.272076,NewYork-05d3,30,54,Normal
2026-02-15 13:40:20.272076,NewYork-05d3,42,7,Normal
2026-02-15 13:40:21.272076,NewYork-05d3,-22,65,Normal
2026-02-15 13:40:22.272076,NewYork-05d3,19,3,Normal
2026-02-15 13:40:23.272076,NewYork-05d3,-4,86,Normal
2026-02-15 13:40:24.272076,NewYork-05d3,-23,90,Normal
2026-02-15 13:40:25.272076,NewYork-05d3,7,82,Normal
2026-02-15 13:40:26.272076,NewYork-05d3,1,78,Normal
2026-02-15 13:40:27.272076,NewYork-05d3,-28,21,Normal
2026-02-15 13:40:28.272076,NewYork-05d3,-9,48,Normal
2026-02-15 13:40:29.272076,NewYork-05d3,17,42,Normal
2026-02-15 13:40:30.272076,NewYork-05d3,28,80,Normal
2026-02-15 13:40:31.272076,NewYork-05d3,-23,21,Normal
2026-02-15 13:40:32.272076,NewYork-05d3,35,76,Normal
2026-02-15 13:40:33.272076,NewYork-05d3,16,54,Normal
2026-02-15 13:40:34.272076,NewYork-05d3,36,23,Normal
2026-02-15 13:40:35.272076,NewYork-05d3,-16,31,Normal
2026-02-15 13:40:36.272076,NewYork-05d3,13,34,Normal
2026-02-15 13:40:37.272076,NewYork-05d3,-28,71,Normal
2026-02-15 13:40:38.272076,NewYork-05d3,-28,12,Normal
2026-02-15 13:40:39.272076,NewYork-05d3,-18,14,Normal
2026-02-15 13:40:40.272076,NewYork-05d3,-17,76,Normal
2026-02-15 13:40:41.272076,NewYork-05d3,-20,75,Normal
2026-02-15 13:40:42.272076,NewYork-05d3,-22,58,Normal
2026-02-15 13:40:43.272076,NewYork-05d3,31,13,Normal
2026-02-15 13:40:44.272076,NewYork-05d3,32,77,Normal
2026-02-15 13:40:45.272076,NewYork-05d3,-25,7,Normal
2026-02-15 13:40:46.272076,NewYork-05d3,-23,76,Normal
2026-02-15 13:40:47.272076,NewYork-05d3,22,60,Normal
2026-02-15 13:40:48.272076,NewYork-05d3,-22,56,Normal
2026-02-15 13:40:49.272076,NewYork-05d3,7,48,Normal
2026-02-15 13:40:50.272076,NewYork-05d3,23,77,Normal
2026-02-15 13:40:51.272076,NewYork-05d3,-20,93,Normal
2026-02-15 13:40:52.272076,NewYork-05d3,-20,58,Normal
2026-02-15 13:40:53.272076,NewYork-05d3,41,22,Normal
2026-02-15 13:40:54.272076,NewYork-05d3,22,5,Normal
2026-02-15 13:40:55.272076,NewYork-05d3,-15,78,Normal
2026-02-15 13:40:56.272076,NewYork-05d3,3,99,Normal
2026-02-15 13:40:57.272076,NewYork-05d3,11,100,Normal
2026-02-15 13:40:58.272076,NewYork-05d3,-14,51,Normal
2026-02-15 13:40:59.272076,NewYork-05d3,5,42,Normal
2026-02-15 13:41:00.272076,NewYork-05d3,30,73,Normal
2026-02-15 13:41:01.272076,NewYork-05d3,27,71,Normal
2026-02-15 13:41:02.272076,NewYork-05d3,-19,100,Normal
2026-02-15 13:41:03.272076,NewYork-05d3,11,79,Normal
2026-02-15 13:41:04.272076,NewYork-05d3,45,88,Normal
2026-02-15 13:41:05.272076,NewYork-05d3,22,12,Normal
2026-02-15 13:41:06.272076,NewYork-05d3,39,79,Normal
2026-02-15 13:41:07.272076,NewYork-05d3,-21,100,Normal
2026-02-15 13:41:08.272076,NewYork-05d3,-14,59,Normal
2026-02-15 13:41:09.272076,NewYork-05d3,11,42,Normal
2026-02-15 13:41:10.272076,NewYork-05d3,-10,54,Normal
2026-02-15 13:41:11.272076,NewYork-05d3,-27,79,Normal
2026-02-15 13:41:12.272076,NewYork-05d3,11,42,Normal
2026-02-15 13:41:13.272076,NewYork-05d3,41,70,Normal
2026-02-15 13:41:14.272076,NewYork-05d3,30,40,Normal
2026-02-15 13:41:15.272076,NewYork-05d3,5,48,Normal
2026-02-15 13:41:16.272076,NewYork-05d3,-28,2,Normal
2026-02-15 13:41:17.272076,NewYork-05d3,34,43,Normal
2026-02-15 13:41:18.272076,NewYork-05d3,-6,68,Normal
2026-02-15 13:41:19.272076,NewYork-05d3,48,63,Normal
2026-02-15 13:41:20.272076,NewYork-05d3,29,8,Normal
2026-02-15 13:41:21.272076,NewYork-05d3,12,68,Normal
2026-02-15 13:41:22.272076,NewYork-05d3,12,21,Normal
2026-02-15 13:41:23.272076,NewYork-05d3,47,36,Normal
2026-02-15 13:41:24.272076,NewYork-05d3,11,40,Normal
2026-02-15 13:41:25.272076,NewYork-05d3,30,23,Normal
2026-02-15 13:41:26.272076,NewYork-05d3,5,29,Normal
2026-02-15 13:41:27.272076,NewYork-05d3,19,53,Normal
2026-02-15 13:41:28.272076,NewYork-05d3,-18,5,Normal
2026-02-15 13:41:29.272076,NewYork-05d3,6,87,Normal
2026-02-15 13:41:30.272076,NewYork-05d3,7,54,Normal
2026-02-15 13:41:31.272076,NewYork-05d3,20,48,Normal
2026-02-15 13:41:32.272076,NewYork-05d3,40,52,Normal
2026-02-15 13:41:33.272076,NewYork-05d3,47,27,Normal
2026-02-15 13:41:34.272076,NewYork-05d3,14,61,Normal
2026-02-15 13:41:35.272076,NewYork-05d3,47,74,Normal
2026-02-15 13:41:36.272076,NewYork-05d3,-10,65,Normal
2026-02-15 13:41:37.272076,NewYork-05d3,-11,76,Normal
2026-02-15 13:41:38.272076,NewYork-05d3,26,97,Normal
2026-02-15 13:41:39.272076,NewYork-05d3,25,47,Normal
2026-02-15 13:41:40.272076,NewYork-05d3,20,10,Normal
2026-02-15 13:41:41.272076,NewYork-05d3,15,89,Normal
2026-02-15 13:41:42.272076,NewYork-05d3,6,87,Normal
2026-02-15 13:41:43.272076,NewYork-05d3,-2,67,Normal
2026-02-15 13:41:44.272076,NewYork-05d3,37,8,Normal
2026-02-15 13:41:45.272076,NewYork-05d3,7,0,Normal
2026-02-15 13:41:46.272076,NewYork-05d3,6,91,Normal
2026-02-15 13:41:47.272076,NewYork-05d3,-27,85,Normal
2026-02-15 13:41:48.272076,NewYork-05d3,-13,58,Normal
2026-02-15 13:41:49.272076,NewYork-05d3,14,2,Normal
2026-02-15 13:41:50.272076,NewYork-05d3,9,6,Normal
2026-02-15 13:41:51.272076,NewYork-05d3,28,55,Normal
2026-02-15 13:41:52.272076,NewYork-05d3,44,75,Normal
2026-02-15 13:41:53.272076,NewYork-05d3,-26,4,Normal
2026-02-15 13:41:54.272076,NewYork-05d3,-25,67,Normal
2026-02-15 13:41:55.272076,NewYork-05d3,-21,83,Normal
2026-02-15 13:41:56.272076,NewYork-05d3,16,6,Normal
2026-02-15 13:41:57.272076,NewYork-05d3,-9,100,Normal
2026-02-15 13:41:58.272076,NewYork-05d3,-26,73,Normal
2026-02-15 13:41:59.272076,NewYork-05d3,-14,84,Normal
2026-02-15 13:42:00.272076,NewYork-05d3,-4,66,Normal
2026-02-15 13:42:01.272076,NewYork-05d3,29,26,Normal
2026-02-15 13:42:02.272076,NewYork-05d3,38,23,Normal
2026-02-15 13:42:03.272076,NewYork-05d3,-5,92,Normal
2026-02-15 13:42:04.272076,NewYork-05d3,8,8,Normal
2026-02-15 13:42:05.272076,NewYork-05d3,-10,48,Normal
2026-02-15 13:42:06.272076,NewYork-05d3,31,37,Normal
2026-02-15 13:42:07.272076,NewYork-05d3,-14,30,Normal
2026-02-15 13:42:08.272076,NewYork-05d3,17,33,Normal
2026-02-15 13:42:09.272076,NewYork-05d3,23,19,Normal
2026-02-15 13:42:10.272076,NewYork-05d3,22,95,Normal
2026-02-15 13:42:11.272076,NewYork-05d3,1,94,Normal
2026-02-15 13:42:12.272076,NewYork-05d3,-4,24,Normal
2026-02-15 13:42:13.272076,NewYork-05d3,3,79,Normal
2026-02-15 13:42:14.272076,NewYork-05d3,-18,54,Normal
2026-02-15 13:42:15.272076,NewYork-05d3,48,97,Normal
2026-02-15 13:42:16.272076,NewYork-05d3,-4,41,Normal
2026-02-15 13:42:17.272076,NewYork-05d3,21,25,Normal
2026-02-15 13:42:18.272076,NewYork-05d3,41,22,Normal
2026-02-15 13:42:19.272076,NewYork-05d3,38,43,Normal
2026-02-15 13:42:20.272076,NewYork-05d3,42,49,Normal
2026-02-15 13:42:21.272076,NewYork-05d3,-25,46,Normal
2026-02-15 13:42:22.272076,NewYork-05d3,-19,46,Normal
2026-02-15 13:42:23.272076,NewYork-05d3,0,17,Normal
2026-02-15 13:42:24.272076,NewYork-05d3,21,34,Normal
2026-02-15 13:42:25.272076,NewYork-05d3,39,59,Normal
2026-02-15 13:42:26.272076,NewYork-05d3,-18,62,Normal
2026-02-15 13:42:27.272076,NewYork-05d3,47,46,Normal
2026-02-15 13:42:28.272076,NewYork-05d3,9,14,Normal
2026-02-15 13:42:29.272076,NewYork-05d3,30,25,Normal
2026-02-15 13:42:30.272076,NewYork-05d3,9,44,Normal
2026-02-15 13:42:31.272076,NewYork-05d3,41,10,Normal
2026-02-15 13:42:32.272076,NewYork-05d3,25,21,Normal
2026-02-15 13:42:33.272076,NewYork-05d3,50,4,Normal
2026-02-15 13:42:34.272076,NewYork-05d3,34,32,Normal
2026-02-15 13:42:35.272076,NewYork-05d3,23,36,Normal
2026-02-15 13:42:36.272076,NewYork-05d3,-19,56,Normal
2026-02-15 13:42:37.272076,NewYork-05d3,-22,48,Normal
2026-02-15 13:42:38.272076,NewYork-05d3,-22,99,Normal
2026-02-15 13:42:39.272076,NewYork-05d3,46,99,Normal
2026-02-15 13:42:40.272076,NewYork-05d3,6,24,Normal
2026-02-15 13:42:41.272076,NewYork-05d3,29,29,Normal
2026-02-15 13:42:42.272076,NewYork-05d3,-11,37,Normal
2026-02-15 13:42:43.272076,NewYork-05d3,3,6,Normal
2026-02-15 13:42:44.272076,NewYork-05d3,-2,27,Normal
2026-02-15 13:42:45.272076,NewYork-05d3,-16,24,Normal
2026-02-15 13:42:46.272076,NewYork-05d3,16,98,Normal
2026-02-15 13:42:47.272076,NewYork-05d3,-4,85,Normal
2026-02-15 13:42:48.272076,NewYork-05d3,-5,96,Normal
2026-02-15 13:42:49.272076,NewYork-05d3,2,63,Normal
2026-02-15 13:42:50.272076,NewYork-05d3,41,99,Normal
2026-02-15 13:42:51.272076,NewYork-05d3,26,66,Normal
2026-02-15 13:42:52.272076,NewYork-05d3,-4,32,Normal
2026-02-15 13:42:53.272076,NewYork-05d3,44,6,Normal
2026-02-15 13:42:54.272076,NewYork-05d3,43,29,Normal
2026-02-15 13:42:55.272076,NewYork-05d3,24,92,Normal
2026-02-15 13:42:56.272076,NewYork-05d3,-28,49,Normal
2026-02-15 13:42:57.272076,NewYork-05d3,-17,96,Normal
2026-02-15 13:42:58.272076,NewYork-05d3,38,8,Normal
2026-02-15 13:42:59.272076,NewYork-05d3,-19,70,Normal
2026-02-15 13:43:00.272076,NewYork-05d3,21,69,Normal
2026-02-15 13:43:01.272076,NewYork-05d3,-25,66,Normal
2026-02-15 13:43:02.272076,NewYork-05d3,8,54,Normal
2026-02-15 13:43:03.272076,NewYork-05d3,-13,6,Normal
2026-02-15 13:43:04.272076,NewYork-05d3,9,31,Normal
2026-02-15 13:43:05.272076,NewYork-05d3,-27,35,Normal
2026-02-15 13:43:06.272076,NewYork-05d3,-3,12,Normal
2026-02-15 13:43:07.272076,NewYork-05d3,42,33,Normal
2026-02-15 13:43:08.272076,NewYork-05d3,13,63,Normal
2026-02-15 13:43:09.272076,NewYork-05d3,40,46,Normal
2026-02-15 13:43:10.272076,NewYork-05d3,15,8,Normal
2026-02-15 13:43:11.272076,NewYork-05d3,-25,11,Normal
2026-02-15 13:43:12.272076,NewYork-05d3,-13,85,Normal
2026-02-15 13:43:13.272076,NewYork-05d3,20,56,Normal
2026-02-15 13:43:14.272076,NewYork-05d3,40,73,Normal
2026-02-15 13:43:15.272076,NewYork-05d3,47,46,Normal
2026-02-15 13:43:16.272076,NewYork-05d3,39,62,Normal
2026-02-15 13:43:17.272076,NewYork-05d3,-28,86,Normal
2026-02-15 13:43:18.272076,NewYork-05d3,1,71,Normal
2026-02-15 13:43:19.272076,NewYork-05d3,20,7,Normal
2026-02-15 13:43:20.272076,NewYork-05d3,45,52,Normal
2026-02-15 13:43:21.272076,NewYork-05d3,27,98,Normal
2026-02-15 13:43:22.272076,NewYork-05d3,-3,96,Normal
2026-02-15 13:43:23.272076,NewYork-05d3,36,63,Normal
2026-02-15 13:43:24.272076,NewYork-05d3,10,6,Normal
2026-02-15 13:43:25.272076,NewYork-05d3,50,50,Normal
2026-02-15 13:43:26.272076,NewYork-05d3,12,54,Normal
2026-02-15 13:43:27.272076,NewYork-05d3,22,72,Normal
2026-02-15 13:43:28.272076,NewYork-05d3,16,21,Normal
2026-02-15 13:43:29.272076,NewYork-05d3,5,92,Normal
2026-02-15 13:43:30.272076,NewYork-05d3,-2,100,Normal
2026-02-15 13:43:31.272076,NewYork-05d3,-19,69,Normal
2026-02-15 13:43:32.272076,NewYork-05d3,7,18,Normal
2026-02-15 13:43:33.272076,NewYork-05d3,34,59,Normal
2026-02-15 13:43:34.272076,NewYork-05d3,32,18,Normal
2026-02-15 13:43:35.272076,NewYork-05d3,-2,96,Normal
2026-02-15 13:43:36.272076,NewYork-05d3,47,98,Normal
2026-02-15 13:43:37.272076,NewYork-05d3,-20,17,Normal
2026-02-15 13:43:38.272076,NewYork-05d3,9,18,Normal
2026-02-15 13:43:39.272076,NewYork-05d3,-3,4,Normal
2026-02-15 13:43:40.272076,NewYork-05d3,6,53,Normal
2026-02-15 13:43:41.272076,NewYork-05d3,10,96,Normal
2026-02-15 13:43:42.272076,NewYork-05d3,-14,90,Normal
2026-02-15 13:43:43.272076,NewYork-05d3,1,67,Normal
2026-02-15 13:43:44.272076,NewYork-05d3,-29,17,Normal
2026-02-15 13:43:45.272076,NewYork-05d3,-30,53,Normal
2026-02-15 13:43:46.272076,NewYork-05d3,-5,6,Normal
2026-02-15 13:43:47.272076,NewYork-05d3,20,59,Normal
2026-02-15 13:43:48.272076,NewYork-05d3,-14,16,Normal
2026-02-15 13:43:49.272076,NewYork-05d3,6,17,Normal
2026-02-15 13:43:50.272076,NewYork-05d3,-30,79,Normal
2026-02-15 13:43:51.272076,NewYork-05d3,32,57,Normal
2026-02-15 13:43:52.272076,NewYork-05d3,28,1,Normal
2026-02-15 13:43:53.272076,NewYork-05d3,23,79,Normal
2026-02-15 13:43:54.272076,NewYork-05d3,-30,80,Normal
2026-02-15 13:43:55.272076,NewYork-05d3,-5,51,Normal
2026-02-15 13:43:56.272076,NewYork-05d3,-22,71,Normal
2026-02-15 13:43:57.272076,NewYork-05d3,-7,51,Normal
2026-02-15 13:43:58.272076,NewYork-05d3,37,58,Normal
2026-02-15 13:43:59.272076,NewYork-05d3,12,10,Normal
2026-02-15 13:44:00.272076,NewYork-05d3,48,79,Normal
2026-02-15 13:44:01.272076,NewYork-05d3,38,79,Normal
2026-02-15 13:44:02.272076,NewYork-05d3,20,89,Normal
2026-02-15 13:44:03.272076,NewYork-05d3,-4,47,Normal
2026-02-15 13:44:04.272076,NewYork-05d3,-11,59,Normal
2026-02-15 13:44:05.272076,NewYork-05d3,11,78,Normal
2026-02-15 13:44:06.272076,NewYork-05d3,-14,79,Normal
2026-02-15 13:44:07.272076,NewYork-05d3,1,12,Normal
2026-02-15 13:44:08.272076,NewYork-05d3,21,77,Normal
2026-02-15 13:44:09.272076,NewYork-05d3,38,58,Normal
2026-02-15 13:44:10.272076,NewYork-05d3,-28,76,Normal
2026-02-15 13:44:11.272076,NewYork-05d3,20,54,Normal
2026-02-15 13:44:12.272076,NewYork-05d3,14,51,Normal
2026-02-15 13:44:13.272076,NewYork-05d3,38,88,Normal
2026-02-15 13:44:14.272076,NewYork-05d3,-13,42,Normal
2026-02-15 13:44:15.272076,NewYork-05d3,-24,89,Normal
2026-02-15 13:44:16.272076,NewYork-05d3,47,51,Normal
2026-02-15 13:44:17.272076,NewYork-05d3,38,1,Normal
2026-02-15 13:44:18.272076,NewYork-05d3,-2,52,Normal
2026-02-15 13:44:19.272076,NewYork-05d3,-16,30,Normal
2026-02-15 13:44:20.272076,NewYork-05d3,16,2,Normal
2026-02-15 13:44:21.272076,NewYork-05d3,40,10,Normal
2026-02-15 13:44:22.272076,NewYork-05d3,4,45,Normal
2026-02-15 13:44:23.272076,NewYork-05d3,48,42,Normal
2026-02-15 13:44:24.272076,NewYork-05d3,17,66,Normal
2026-02-15 13:44:25.272076,NewYork-05d3,39,99,Normal
2026-02-15 13:44:26.272076,NewYork-05d3,7,86,Normal
2026-02-15 13:44:27.272076,NewYork-05d3,-9,19,Normal
2026-02-15 13:44:28.272076,NewYork-05d3,-25,36,Normal
2026-02-15 13:44:29.272076,NewYork-05d3,-24,82,Normal
2026-02-15 13:44:30.272076,NewYork-05d3,32,73,Normal
2026-02-15 13:44:31.272076,NewYork-05d3,14,2,Normal
2026-02-15 13:44:32.272076,NewYork-05d3,-11,33,Normal
2026-02-15 13:44:33.272076,NewYork-05d3,33,48,Normal
2026-02-15 13:44:34.272076,NewYork-05d3,34,46,Normal
2026-02-15 13:44:35.272076,NewYork-05d3,32,97,Normal
2026-02-15 13:44:36.272076,NewYork-05d3,4,44,Normal
2026-02-15 13:44:37.272076,NewYork-05d3,-25,83,Normal
2026-02-15 13:44:38.272076,NewYork-05d3,49,27,Normal
2026-02-15 13:44:39.272076,NewYork-05d3,40,82,Normal
2026-02-15 13:44:40.272076,NewYork-05d3,23,68,Normal
2026-02-15 13:44:41.272076,NewYork-05d3,-3,3,Normal
2026-02-15 13:44:42.272076,NewYork-05d3,9,74,Normal
2026-02-15 13:44:43.272076,NewYork-05d3,41,21,Normal
2026-02-15 13:44:44.272076,NewYork-05d3,39,59,Normal
2026-02-15 13:44:45.272076,NewYork-05d3,42,7,Normal
2026-02-15 13:44:46.272076,NewYork-05d3,45,11,Normal
2026-02-15 13:44:47.272076,NewYork-05d3,36,61,Normal
2026-02-15 13:44:48.272076,NewYork-05d3,21,47,Normal
2026-02-15 13:44:49.272076,NewYork-05d3,8,79,Normal
2026-02-15 13:44:50.272076,NewYork-05d3,-8,79,Normal
2026-02-15 13:44:51.272076,NewYork-05d3,50,69,Normal
2026-02-15 13:44:52.272076,NewYork-05d3,24,19,Normal
2026-02-15 13:44:53.272076,NewYork-05d3,50,35,Normal
2026-02-15 13:44:54.272076,NewYork-05d3,-6,47,Normal
2026-02-15 13:44:55.272076,NewYork-05d3,35,46,Normal
2026-02-15 13:44:56.272076,NewYork-05d3,13,23,Normal
2026-02-15 13:44:57.272076,NewYork-05d3,45,43,Normal
2026-02-15 13:44:58.272076,NewYork-05d3,6,33,Normal
2026-02-15 13:44:59.272076,NewYork-05d3,10,6,Normal
2026-02-15 13:45:00.272076,NewYork-05d3,6,58,Normal
2026-02-15 13:45:01.272076,NewYork-05d3,-10,36,Normal
2026-02-15 13:45:02.272076,NewYork-05d3,10,47,Normal
2026-02-15 13:45:03.272076,NewYork-05d3,-10,47,Normal
2026-02-15 13:45:04.272076,NewYork-05d3,39,25,Normal
2026-02-15 13:45:05.272076,NewYork-05d3,-6,81,Normal
2026-02-15 13:45:06.272076,NewYork-05d3,-4,93,Normal
2026-02-15 13:45:07.272076,NewYork-05d3,-8,26,Normal
2026-02-15 13:45:08.272076,NewYork-05d3,44,87,Normal
2026-02-15 13:45:09.272076,NewYork-05d3,25,48,Normal
2026-02-15 13:45:10.272076,NewYork-05d3,-9,42,Normal
2026-02-15 13:45:11.272076,NewYork-05d3,2,68,Normal
2026-02-15 13:45:12.272076,NewYork-05d3,-23,36,Normal
2026-02-15 13:45:13.272076,NewYork-05d3,37,34,Normal
2026-02-15 13:45:14.272076,NewYork-05d3,12,97,Normal
2026-02-15 13:45:15.272076,NewYork-05d3,9,2,Normal
2026-02-15 13:45:16.272076,NewYork-05d3,-14,38,Normal
2026-02-15 13:45:17.272076,NewYork-05d3,-30,81,Normal
2026-02-15 13:45:18.272076,NewYork-05d3,-9,35,Normal
2026-02-15 13:45:19.272076,NewYork-05d3,1,69,Normal
2026-02-15 13:45:20.272076,NewYork-05d3,22,26,Normal
2026-02-15 13:45:21.272076,NewYork-05d3,-10,56,Normal
2026-02-15 13:45:22.272076,NewYork-05d3,27,24,Normal
2026-02-15 13:45:23.272076,NewYork-05d3,25,82,Normal
2026-02-15 13:45:24.272076,NewYork-05d3,19,12,Normal
2026-02-15 13:45:25.272076,NewYork-05d3,33,22,Normal
2026-02-15 13:45:26.272076,NewYork-05d3,20,72,Normal
2026-02-15 13:45:27.272076,NewYork-05d3,-1,73,Normal
2026-02-15 13:45:28.272076,NewYork-05d3,13,66,Normal
2026-02-15 13:45:29.272076,NewYork-05d3,45,14,Normal
2026-02-15 13:45:30.272076,NewYork-05d3,37,76,Normal
2026-02-15 13:45:31.272076,NewYork-05d3,33,53,Normal
2026-02-15 13:45:32.272076,NewYork-05d3,-22,54,Normal
2026-02-15 13:45:33.272076,NewYork-05d3,1,59,Normal
2026-02-15 13:45:34.272076,NewYork-05d3,-2,29,Normal
2026-02-15 13:45:35.272076,NewYork-05d3,22,21,Normal
2026-02-15 13:45:36.272076,NewYork-05d3,-6,51,Normal
2026-02-15 13:45:37.272076,NewYork-05d3,-25,27,Normal
2026-02-15 13:45:38.272076,NewYork-05d3,0,34,Normal
2026-02-15 13:45:39.272076,NewYork-05d3,-21,86,Normal
2026-02-15 13:45:40.272076,NewYork-05d3,47,68,Normal
2026-02-15 13:45:41.272076,NewYork-05d3,-18,63,Normal
2026-02-15 13:45:42.272076,NewYork-05d3,45,2,Normal
2026-02-15 13:45:43.272076,NewYork-05d3,46,69,Normal
2026-02-15 13:45:44.272076,NewYork-05d3,4,81,Normal
2026-02-15 13:45:45.272076,NewYork-05d3,-17,92,Normal
2026-02-15 13:45:46.272076,NewYork-05d3,-8,72,Normal
2026-02-15 13:45:47.272076,NewYork-05d3,14,79,Normal
2026-02-15 13:45:48.272076,NewYork-05d3,17,27,Normal
2026-02-15 13:45:49.272076,NewYork-05d3,14,90,Normal
2026-02-15 13:45:50.272076,NewYork-05d3,40,60,Normal
2026-02-15 13:45:51.272076,NewYork-05d3,-19,41,Normal
2026-02-15 13:45:52.272076,NewYork-05d3,40,86,Normal
2026-02-15 13:45:53.272076,NewYork-05d3,-6,33,Normal
2026-02-15 13:45:54.272076,NewYork-05d3,-11,12,Normal
2026-02-15 13:45:55.272076,NewYork-05d3,11,94,Normal
2026-02-15 13:45:56.272076,NewYork-05d3,21,90,Normal
2026-02-15 13:45:57.272076,NewYork-05d3,50,24,Normal
2026-02-15 13:45:58.272076,NewYork-05d3,-22,28,Normal
2026-02-15 13:45:59.272076,NewYork-05d3,-2,97,Normal
2026-02-15 13:46:00.272076,NewYork-05d3,21,67,Normal
2026-02-15 13:46:01.272076,NewYork-05d3,7,23,Normal
2026-02-15 13:46:02.272076,NewYork-05d3,-17,59,Normal
2026-02-15 13:46:03.272076,NewYork-05d3,0,30,Normal
2026-02-15 13:46:04.272076,NewYork-05d3,-19,59,Normal
2026-02-15 13:46:05.272076,NewYork-05d3,-4,55,Normal
2026-02-15 13:46:06.272076,NewYork-05d3,36,20,Normal
2026-02-15 13:46:07.272076,NewYork-05d3,-11,2,Normal
2026-02-15 13:46:08.272076,NewYork-05d3,-29,0,Normal
2026-02-15 13:46:09.272076,NewYork-05d3,-27,86,Normal
2026-02-15 13:46:10.272076,NewYork-05d3,15,51,Normal
2026-02-15 13:46:11.272076,NewYork-05d3,-5,41,Normal
2026-02-15 13:46:12.272076,NewYork-05d3,42,60,Normal
2026-02-15 13:46:13.272076,NewYork-05d3,-28,71,Normal
2026-02-15 13:46:14.272076,NewYork-05d3,-30,65,Normal
2026-02-15 13:46:15.272076,NewYork-05d3,-5,12,Normal
2026-02-15 13:46:16.272076,NewYork-05d3,1,52,Normal
2026-02-15 13:46:17.272076,NewYork-05d3,42,4,Normal
2026-02-15 13:46:18.272076,NewYork-05d3,27,34,Normal
2026-02-15 13:46:19.272076,NewYork-05d3,50,94,Normal
2026-02-15 13:46:20.272076,NewYork-05d3,-13,49,Normal
2026-02-15 13:46:21.272076,NewYork-05d3,39,51,Normal
2026-02-15 13:46:22.272076,NewYork-05d3,-28,61,Normal
2026-02-15 13:46:23.272076,NewYork-05d3,6,12,Normal
2026-02-15 13:46:24.272076,NewYork-05d3,44,36,Normal
2026-02-15 13:46:25.272076,NewYork-05d3,21,54,Normal
2026-02-15 13:46:26.272076,NewYork-05d3,32,77,Normal
2026-02-15 13:46:27.272076,NewYork-05d3,-23,42,Normal
2026-02-15 13:46:28.272076,NewYork-05d3,1,57,Normal
2026-02-15 13:46:29.272076,NewYork-05d3,38,63,Normal
2026-02-15 13:46:30.272076,NewYork-05d3,30,100,Normal
2026-02-15 13:46:31.272076,NewYork-05d3,10,85,Normal
2026-02-15 13:46:32.272076,NewYork-05d3,35,32,Normal
2026-02-15 13:46:33.272076,NewYork-05d3,43,6,Normal
2026-02-15 13:46:34.272076,NewYork-05d3,43,85,Normal
2026-02-15 13:46:35.272076,NewYork-05d3,-18,22,Normal
2026-02-15 13:46:36.272076,NewYork-05d3,-30,49,Normal
2026-02-15 13:46:37.272076,NewYork-05d3,-7,57,Normal
2026-02-15 13:46:38.272076,NewYork-05d3,26,61,Normal
2026-02-15 13:46:39.272076,NewYork-05d3,45,25,Normal
2026-02-15 13:46:40.272076,NewYork-05d3,-21,69,Normal
2026-02-15 13:46:41.272076,NewYork-05d3,12,17,Normal
2026-02-15 13:46:42.272076,NewYork-05d3,3,17,Normal
2026-02-15 13:46:43.272076,NewYork-05d3,13,70,Normal
2026-02-15 13:46:44.272076,NewYork-05d3,39,56,Normal
2026-02-15 13:46:45.272076,NewYork-05d3,-13,57,Normal
2026-02-15 13:46:46.272076,NewYork-05d3,17,15,Normal
2026-02-15 13:46:47.272076,NewYork-05d3,21,40,Normal
2026-02-15 13:46:48.272076,NewYork-05d3,-22,18,Normal
2026-02-15 13:46:49.272076,NewYork-05d3,-17,61,Normal
2026-02-15 13:46:50.272076,NewYork-05d3,39,84,Normal
2026-02-15 13:46:51.272076,NewYork-05d3,8,3,Normal
2026-02-15 13:46:52.272076,NewYork-05d3,-21,74,Normal
2026-02-15 13:46:53.272076,NewYork-05d3,31,48,Normal
2026-02-15 13:46:54.272076,NewYork-05d3,11,15,Normal
2026-02-15 13:46:55.272076,NewYork-05d3,26,71,Normal
2026-02-15 13:46:56.272076,NewYork-05d3,48,21,Normal
2026-02-15 13:46:57.272076,NewYork-05d3,16,91,Normal
2026-02-15 13:46:58.272076,NewYork-05d3,-25,89,Normal
2026-02-15 13:46:59.272076,NewYork-05d3,2,35,Normal
2026-02-15 13:47:00.272076,NewYork-05d3,-30,10,Normal
2026-02-15 13:47:01.272076,NewYork-05d3,0,58,Normal
2026-02-15 13:47:02.272076,NewYork-05d3,32,73,Normal
2026-02-15 13:47:03.272076,NewYork-05d3,1,46,Normal
2026-02-15 13:47:04.272076,NewYork-05d3,-20,75,Normal
2026-02-15 13:47:05.272076,NewYork-05d3,1,5,Normal
2026-02-15 13:47:06.272076,NewYork-05d3,16,58,Normal
2026-02-15 13:47:07.272076,NewYork-05d3,38,100,Normal
2026-02-15 13:47:08.272076,NewYork-05d3,-23,24,Normal
2026-02-15 13:47:09.272076,NewYork-05d3,-2,85,Normal
2026-02-15 13:47:10.272076,NewYork-05d3,18,76,Normal
2026-02-15 13:47:11.272076,NewYork-05d3,-29,30,Normal
2026-02-15 13:47:12.272076,NewYork-05d3,32,60,Normal
2026-02-15 13:47:13.272076,NewYork-05d3,36,79,Normal
2026-02-15 13:47:14.272076,NewYork-05d3,-26,84,Normal
2026-02-15 13:47:15.272076,NewYork-05d3,26,18,Normal
2026-02-15 13:47:16.272076,NewYork-05d3,28,3,Normal
2026-02-15 13:47:17.272076,NewYork-05d3,7,54,Normal
2026-02-15 13:47:18.272076,NewYork-05d3,-26,24,Normal
2026-02-15 13:47:19.272076,NewYork-05d3,-30,58,Normal
2026-02-15 13:47:20.272076,NewYork-05d3,50,1,Normal
2026-02-15 13:47:21.272076,NewYork-05d3,11,27,Normal
2026-02-15 13:47:22.272076,NewYork-05d3,-27,80,Normal
2026-02-15 13:47:23.272076,NewYork-05d3,-4,58,Normal
2026-02-15 13:47:24.272076,NewYork-05d3,3,4,Normal
2026-02-15 13:47:25.272076,NewYork-05d3,40,28,Normal
2026-02-15 13:47:26.272076,NewYork-05d3,31,89,Normal
2026-02-15 13:47:27.272076,NewYork-05d3,24,67,Normal
2026-02-15 13:47:28.272076,NewYork-05d3,-1,78,Normal
2026-02-15 13:47:29.272076,NewYork-05d3,3,57,Normal
2026-02-15 13:47:30.272076,NewYork-05d3,41,70,Normal
2026-02-15 13:47:31.272076,NewYork-05d3,49,20,Normal
2026-02-15 13:47:32.272076,NewYork-05d3,-14,64,Normal
2026-02-15 13:47:33.272076,NewYork-05d3,49,19,Normal
2026-02-15 13:47:34.272076,NewYork-05d3,3,95,Normal
2026-02-15 13:47:35.272076,NewYork-05d3,31,26,Normal
2026-02-15 13:47:36.272076,NewYork-05d3,-1,58,Normal
2026-02-15 13:47:37.272076,NewYork-05d3,-6,45,Normal
2026-02-15 13:47:38.272076,NewYork-05d3,36,43,Normal
2026-02-15 13:47:39.272076,NewYork-05d3,-22,36,Normal
2026-02-15 13:47:40.272076,NewYork-05d3,45,0,Normal
2026-02-15 13:47:41.272076,NewYork-05d3,31,57,Normal
2026-02-15 13:47:42.272076,NewYork-05d3,-14,51,Normal
2026-02-15 13:47:43.272076,NewYork-05d3,23,30,Normal
2026-02-15 13:47:44.272076,NewYork-05d3,38,96,Normal
2026-02-15 13:47:45.272076,NewYork-05d3,-29,17,Normal
2026-02-15 13:47:46.272076,NewYork-05d3,45,95,Normal
2026-02-15 13:47:47.272076,NewYork-05d3,30,0,Normal
2026-02-15 13:47:48.272076,NewYork-05d3,47,0,Normal
2026-02-15 13:47:49.272076,NewYork-05d3,44,26,Normal
2026-02-15 13:47:50.272076,NewYork-05d3,44,86,Normal
2026-02-15 13:47:51.272076,NewYork-05d3,-23,79,Normal
2026-02-15 13:47:52.272076,NewYork-05d3,-26,98,Normal
2026-02-15 13:47:53.272076,NewYork-05d3,-25,52,Normal
2026-02-15 13:47:54.272076,NewYork-05d3,7,39,Normal
2026-02-15 13:47:55.272076,NewYork-05d3,33,14,Normal
2026-02-15 13:47:56.272076,NewYork-05d3,-4,87,Normal
2026-02-15 13:47:57.272076,NewYork-05d3,34,61,Normal
2026-02-15 13:47:58.272076,NewYork-05d3,-7,64,Normal
2026-02-15 13:47:59.272076,NewYork-05d3,-1,12,Normal
2026-02-15 13:48:00.272076,NewYork-05d3,-15,77,Normal
2026-02-15 13:48:01.272076,NewYork-05d3,-3,99,Normal
2026-02-15 13:48:02.272076,NewYork-05d3,-29,29,Normal
2026-02-15 13:48:03.272076,NewYork-05d3,-10,3,Normal
2026-02-15 13:48:04.272076,NewYork-05d3,22,35,Normal
2026-02-15 13:48:05.272076,NewYork-05d3,46,70,Normal
2026-02-15 13:48:06.272076,NewYork-05d3,2,3,Normal
2026-02-15 13:48:07.272076,NewYork-05d3,-28,2,Normal
2026-02-15 13:48:08.272076,NewYork-05d3,40,22,Normal
2026-02-15 13:48:09.272076,NewYork-05d3,-25,26,Normal
2026-02-15 13:48:10.272076,NewYork-05d3,-4,78,Normal
2026-02-15 13:48:11.272076,NewYork-05d3,16,83,Normal
2026-02-15 13:48:12.272076,NewYork-05d3,-19,19,Normal
2026-02-15 13:48:13.272076,NewYork-05d3,15,33,Normal
2026-02-15 13:48:14.272076,NewYork-05d3,30,22,Normal
2026-02-15 13:48:15.272076,NewYork-05d3,46,18,Normal
2026-02-15 13:48:16.272076,NewYork-05d3,1,67,Normal
2026-02-15 13:48:17.272076,NewYork-05d3,-20,4,Normal
2026-02-15 13:48:18.272076,NewYork-05d3,13,20,Normal
2026-02-15 13:48:19.272076,NewYork-05d3,-25,59,Normal
2026-02-15 13:48:20.272076,NewYork-05d3,5,82,Normal
2026-02-15 13:48:21.272076,NewYork-05d3,6,69,Normal
2026-02-15 13:48:22.272076,NewYork-05d3,27,57,Normal
2026-02-15 13:48:23.272076,NewYork-05d3,20,96,Normal
2026-02-15 13:48:24.272076,NewYork-05d3,37,81,Normal
2026-02-15 13:48:25.272076,NewYork-05d3,-11,17,Normal
2026-02-15 13:48:26.272076,NewYork-05d3,-23,61,Normal
2026-02-15 13:48:27.272076,NewYork-05d3,-24,70,Normal
2026-02-15 13:48:28.272076,NewYork-05d3,9,28,Normal
2026-02-15 13:48:29.272076,NewYork-05d3,-1,81,Normal
2026-02-15 13:48:30.272076,NewYork-05d3,19,6,Normal
2026-02-15 13:48:31.272076,NewYork-05d3,8,42,Normal
2026-02-15 13:48:32.272076,NewYork-05d3,-12,38,Normal
2026-02-15 13:48:33.272076,NewYork-05d3,-5,33,Normal
2026-02-15 13:48:34.272076,NewYork-05d3,33,37,Normal
2026-02-15 13:48:35.272076,NewYork-05d3,9,24,Normal
2026-02-15 13:48:36.272076,NewYork-05d3,0,11,Normal
2026-02-15 13:48:37.272076,NewYork-05d3,10,50,Normal
2026-02-15 13:48:38.272076,NewYork-05d3,-30,55,Normal
2026-02-15 13:48:39.272076,NewYork-05d3,48,51,Normal
2026-02-15 13:48:40.272076,NewYork-05d3,-19,60,Normal
2026-02-15 13:48:41.272076,NewYork-05d3,33,100,Normal
2026-02-15 13:48:42.272076,NewYork-05d3,44,41,Normal
2026-02-15 13:48:43.272076,NewYork-05d3,20,85,Normal
2026-02-15 13:48:44.272076,NewYork-05d3,47,30,Normal
2026-02-15 13:48:45.272076,NewYork-05d3,40,85,Normal
2026-02-15 13:48:46.272076,NewYork-05d3,41,71,Normal
2026-02-15 13:48:47.272076,NewYork-05d3,40,77,Normal
2026-02-15 13:48:48.272076,NewYork-05d3,36,13,Normal
2026-02-15 13:48:49.272076,NewYork-05d3,3,51,Normal
2026-02-15 13:48:50.272076,NewYork-05d3,43,55,Normal
2026-02-15 13:48:51.272076,NewYork-05d3,24,14,Normal
2026-02-15 13:48:52.272076,NewYork-05d3,26,87,Normal
2026-02-15 13:48:53.272076,NewYork-05d3,27,70,Normal
2026-02-15 13:48:54.272076,NewYork-05d3,13,92,Normal
2026-02-15 13:48:55.272076,NewYork-05d3,-30,75,Normal
2026-02-15 13:48:56.272076,NewYork-05d3,29,98,Normal
2026-02-15 13:48:57.272076,NewYork-05d3,45,89,Normal
2026-02-15 13:48:58.272076,NewYork-05d3,33,34,Normal
2026-02-15 13:48:59.272076,NewYork-05d3,-5,70,Normal
2026-02-15 13:49:00.272076,NewYork-05d3,42,14,Normal
2026-02-15 13:49:01.272076,NewYork-05d3,2,5,Normal
2026-02-15 13:49:02.272076,NewYork-05d3,-24,52,Normal
2026-02-15 13:49:03.272076,NewYork-05d3,17,98,Normal
2026-02-15 13:49:04.272076,NewYork-05d3,19,95,Normal
2026-02-15 13:49:05.272076,NewYork-05d3,-16,82,Normal
2026-02-15 13:49:06.272076,NewYork-05d3,19,26,Normal
2026-02-15 13:49:07.272076,NewYork-05d3,-25,41,Normal
2026-02-15 13:49:08.272076,NewYork-05d3,-12,9,Normal
2026-02-15 13:49:09.272076,NewYork-05d3,50,86,Normal
2026-02-15 13:49:10.272076,NewYork-05d3,6,86,Normal
2026-02-15 13:49:11.272076,NewYork-05d3,32,13,Normal
2026-02-15 13:49:12.272076,NewYork-05d3,-18,31,Normal
2026-02-15 13:49:13.272076,NewYork-05d3,14,55,Normal
2026-02-15 13:49:14.272076,NewYork-05d3,48,74,Normal
2026-02-15 13:49:15.272076,NewYork-05d3,8,66,Normal
2026-02-15 13:49:16.272076,NewYork-05d3,-22,12,Normal
2026-02-15 13:49:17.272076,NewYork-05d3,-18,76,Normal
2026-02-15 13:49:18.272076,NewYork-05d3,30,15,Normal
2026-02-15 13:49:19.272076,NewYork-05d3,14,14,Normal
2026-02-15 13:49:20.272076,NewYork-05d3,45,56,Normal
2026-02-15 13:49:21.272076,NewYork-05d3,-3,53,Normal
2026-02-15 13:49:22.272076,NewYork-05d3,-7,40,Normal
2026-02-15 13:49:23.272076,NewYork-05d3,32,29,Normal
2026-02-15 13:49:24.272076,NewYork-05d3,-3,0,Normal
2026-02-15 13:49:25.272076,NewYork-05d3,36,82,Normal
2026-02-15 13:49:26.272076,NewYork-05d3,35,93,Normal
2026-02-15 13:49:27.272076,NewYork-05d3,19,87,Normal
2026-02-15 13:49:28.272076,NewYork-05d3,20,63,Normal
2026-02-15 13:49:29.272076,NewYork-05d3,-27,96,Normal
2026-02-15 13:49:30.272076,NewYork-05d3,-7,75,Normal
2026-02-15 13:49:31.272076,NewYork-05d3,-14,8,Normal
2026-02-15 13:49:32.272076,NewYork-05d3,2,13,Normal
2026-02-15 13:49:33.272076,NewYork-05d3,41,52,Normal
2026-02-15 13:49:34.272076,NewYork-05d3,-14,98,Normal
2026-02-15 13:49:35.272076,NewYork-05d3,13,86,Normal
2026-02-15 13:49:36.272076,NewYork-05d3,7,35,Normal
2026-02-15 13:49:37.272076,NewYork-05d3,41,53,Normal
2026-02-15 13:49:38.272076,NewYork-05d3,17,4,Normal
2026-02-15 13:49:39.272076,NewYork-05d3,37,23,Normal
2026-02-15 13:49:40.272076,NewYork-05d3,-4,12,Normal
2026-02-15 13:49:41.272076,NewYork-05d3,-15,21,Normal
2026-02-15 13:49:42.272076,NewYork-05d3,15,97,Normal
2026-02-15 13:49:43.272076,NewYork-05d3,-7,81,Normal
2026-02-15 13:49:44.272076,NewYork-05d3,1,17,Normal
2026-02-15 13:49:45.272076,NewYork-05d3,-27,17,Normal
2026-02-15 13:49:46.272076,NewYork-05d3,19,77,Normal
2026-02-15 13:49:47.272076,NewYork-05d3,9,38,Normal
2026-02-15 13:49:48.272076,NewYork-05d3,-14,47,Normal
2026-02-15 13:49:49.272076,NewYork-05d3,34,48,Normal
2026-02-15 13:49:50.272076,NewYork-05d3,19,0,Normal
2026-02-15 13:49:51.272076,NewYork-05d3,-5,49,Normal
2026-02-15 13:49:52.272076,NewYork-05d3,34,20,Normal
2026-02-15 13:49:53.272076,NewYork-05d3,-10,53,Normal
2026-02-15 13:49:54.272076,NewYork-05d3,41,30,Normal
2026-02-15 13:49:55.272076,NewYork-05d3,44,17,Normal
2026-02-15 13:49:56.272076,NewYork-05d3,28,79,Normal
2026-02-15 13:49:57.272076,NewYork-05d3,30,10,Normal
2026-02-15 13:49:58.272076,NewYork-05d3,-24,33,Normal
2026-02-15 13:49:59.272076,NewYork-05d3,35,71,Normal
2026-02-15 13:50:00.272076,NewYork-05d3,-23,53,Normal
2026-02-15 13:50:01.272076,NewYork-05d3,19,35,Normal
2026-02-15 13:50:02.272076,NewYork-05d3,-11,88,Normal
2026-02-15 13:50:03.272076,NewYork-05d3,26,69,Normal
2026-02-15 13:50:04.272076,NewYork-05d3,-3,70,Normal
2026-02-15 13:50:05.272076,NewYork-05d3,10,46,Normal
2026-02-15 13:50:06.272076,NewYork-05d3,-14,90,Normal
2026-02-15 13:50:07.272076,NewYork-05d3,-26,10,Normal
2026-02-15 13:50:08.272076,NewYork-05d3,49,41,Normal
2026-02-15 13:50:09.272076,NewYork-05d3,-20,34,Normal
2026-02-15 13:50:10.272076,NewYork-05d3,9,10,Normal
2026-02-15 13:50:11.272076,NewYork-05d3,-10,51,Normal
2026-02-15 13:50:12.272076,NewYork-05d3,8,34,Normal
2026-02-15 13:50:13.272076,NewYork-05d3,-6,34,Normal
2026-02-15 13:50:14.272076,NewYork-05d3,13,96,Normal
2026-02-15 13:50:15.272076,NewYork-05d3,-5,95,Normal
2026-02-15 13:50:16.272076,NewYork-05d3,49,69,Normal
2026-02-15 13:50:17.272076,NewYork-05d3,-23,18,Normal
2026-02-15 13:50:18.272076,NewYork-05d3,-11,46,Normal
2026-02-15 13:50:19.272076,NewYork-05d3,34,32,Normal
2026-02-15 13:50:20.272076,NewYork-05d3,42,86,Normal
2026-02-15 13:50:21.272076,NewYork-05d3,48,77,Normal
2026-02-15 13:50:22.272076,NewYork-05d3,-15,61,Normal
2026-02-15 13:50:23.272076,NewYork-05d3,13,22,Normal
2026-02-15 13:50:24.272076,NewYork-05d3,-15,49,Normal
2026-02-15 13:50:25.272076,NewYork-05d3,-17,41,Normal
2026-02-15 13:50:26.272076,NewYork-05d3,17,19,Normal
2026-02-15 13:50:27.272076,NewYork-05d3,-11,67,Normal
2026-02-15 13:50:28.272076,NewYork-05d3,18,86,Normal
2026-02-15 13:50:29.272076,NewYork-05d3,-13,26,Normal
2026-02-15 13:50:30.272076,NewYork-05d3,-14,44,Normal
2026-02-15 13:50:31.272076,NewYork-05d3,-1,36,Normal
2026-02-15 13:50:32.272076,NewYork-05d3,-27,75,Normal
2026-02-15 13:50:33.272076,NewYork-05d3,29,4,Normal
2026-02-15 13:50:34.272076,NewYork-05d3,-1,18,Normal
2026-02-15 13:50:35.272076,NewYork-05d3,43,96,Normal
2026-02-15 13:50:36.272076,NewYork-05d3,41,54,Normal
2026-02-15 13:50:37.272076,NewYork-05d3,14,42,Normal
2026-02-15 13:50:38.272076,NewYork-05d3,13,7,Normal
2026-02-15 13:50:39.272076,NewYork-05d3,-29,52,Normal
2026-02-15 13:50:40.272076,NewYork-05d3,-1,21,Normal
2026-02-15 13:50:41.272076,NewYork-05d3,-25,70,Normal
2026-02-15 13:50:42.272076,NewYork-05d3,-6,80,Normal
2026-02-15 13:50:43.272076,NewYork-05d3,37,46,Normal
2026-02-15 13:50:44.272076,NewYork-05d3,-4,57,Normal
2026-02-15 13:50:45.272076,NewYork-05d3,32,24,Normal
2026-02-15 13:50:46.272076,NewYork-05d3,-17,100,Normal
2026-02-15 13:50:47.272076,NewYork-05d3,28,77,Normal
2026-02-15 13:50:48.272076,NewYork-05d3,-28,1,Normal
2026-02-15 13:50:49.272076,NewYork-05d3,17,83,Normal
2026-02-15 13:50:50.272076,NewYork-05d3,46,0,Normal
2026-02-15 13:50:51.272076,NewYork-05d3,-9,76,Normal
2026-02-15 13:50:52.272076,NewYork-05d3,33,36,Normal
2026-02-15 13:50:53.272076,NewYork-05d3,-22,0,Normal
2026-02-15 13:50:54.272076,NewYork-05d3,-15,63,Normal
2026-02-15 13:50:55.272076,NewYork-05d3,-22,57,Normal
2026-02-15 13:50:56.272076,NewYork-05d3,5,10,Normal
2026-02-15 13:50:57.272076,NewYork-05d3,-30,99,Normal
2026-02-15 13:50:58.272076,NewYork-05d3,-13,36,Normal
2026-02-15 13:50:59.272076,NewYork-05d3,-8,84,Normal
2026-02-15 13:51:00.272076,NewYork-05d3,17,26,Normal
2026-02-15 13:51:01.272076,NewYork-05d3,16,24,Normal
2026-02-15 13:51:02.272076,NewYork-05d3,-23,7,Normal
2026-02-15 13:51:03.272076,NewYork-05d3,-23,39,Normal
2026-02-15 13:51:04.272076,NewYork-05d3,27,42,Normal
2026-02-15 13:51:05.272076,NewYork-05d3,-24,4,Normal
2026-02-15 13:51:06.272076,NewYork-05d3,4,95,Normal
2026-02-15 13:51:07.272076,NewYork-05d3,-15,57,Normal
2026-02-15 13:51:08.272076,NewYork-05d3,50,24,Normal
2026-02-15 13:51:09.272076,NewYork-05d3,39,63,Normal
2026-02-15 13:51:10.272076,NewYork-05d3,32,5,Normal
2026-02-15 13:51:11.272076,NewYork-05d3,24,86,Normal
2026-02-15 13:51:12.272076,NewYork-05d3,45,30,Normal
2026-02-15 13:51:13.272076,NewYork-05d3,40,6,Normal
2026-02-15 13:51:14.272076,NewYork-05d3,4,43,Normal
2026-02-15 13:51:15.272076,NewYork-05d3,47,13,Normal
2026-02-15 13:51:16.272076,NewYork-05d3,-23,69,Normal
2026-02-15 13:51:17.272076,NewYork-05d3,29,50,Normal
2026-02-15 13:51:18.272076,NewYork-05d3,35,40,Normal
2026-02-15 13:51:19.272076,NewYork-05d3,-20,24,Normal
2026-02-15 13:51:20.272076,NewYork-05d3,-23,92,Normal
2026-02-15 13:51:21.272076,NewYork-05d3,9,45,Normal
2026-02-15 13:51:22.272076,NewYork-05d3,-7,17,Normal
2026-02-15 13:51:23.272076,NewYork-05d3,-26,65,Normal
2026-02-15 13:51:24.272076,NewYork-05d3,31,56,Normal
2026-02-15 13:51:25.272076,NewYork-05d3,15,40,Normal
2026-02-15 13:51:26.272076,NewYork-05d3,10,94,Normal
2026-02-15 13:51:27.272076,NewYork-05d3,41,51,Normal
2026-02-15 13:51:28.272076,NewYork-05d3,33,28,Normal
2026-02-15 13:51:29.272076,NewYork-05d3,33,95,Normal
2026-02-15 13:51:30.272076,NewYork-05d3,3,51,Normal
2026-02-15 13:51:31.272076,NewYork-05d3,43,92,Normal
2026-02-15 13:51:32.272076,NewYork-05d3,-23,15,Normal
2026-02-15 13:51:33.272076,NewYork-05d3,46,1,Normal
2026-02-15 13:51:34.272076,NewYork-05d3,-10,2,Normal
2026-02-15 13:51:35.272076,NewYork-05d3,36,79,Normal
2026-02-15 13:51:36.272076,NewYork-05d3,3,49,Normal
2026-02-15 13:51:37.272076,NewYork-05d3,35,0,Normal
2026-02-15 13:51:38.272076,NewYork-05d3,8,11,Normal
2026-02-15 13:51:39.272076,NewYork-05d3,11,32,Normal
2026-02-15 13:51:40.272076,NewYork-05d3,11,53,Normal
2026-02-15 13:51:41.272076,NewYork-05d3,20,5,Normal
2026-02-15 13:51:42.272076,NewYork-05d3,-27,35,Normal
2026-02-15 13:51:43.272076,NewYork-05d3,4,52,Normal
2026-02-15 13:51:44.272076,NewYork-05d3,5,50,Normal
2026-02-15 13:51:45.272076,NewYork-05d3,9,87,Normal
2026-02-15 13:51:46.272076,NewYork-05d3,-23,65,Normal
2026-02-15 13:51:47.272076,NewYork-05d3,33,72,Normal
2026-02-15 13:51:48.272076,NewYork-05d3,39,86,Normal
2026-02-15 13:51:49.272076,NewYork-05d3,5,35,Normal
2026-02-15 13:51:50.272076,NewYork-05d3,-2,89,Normal
2026-02-15 13:51:51.272076,NewYork-05d3,32,59,Normal
2026-02-15 13:51:52.272076,NewYork-05d3,-14,89,Normal
2026-02-15 13:51:53.272076,NewYork-05d3,25,36,Normal
2026-02-15 13:51:54.272076,NewYork-05d3,30,69,Normal
2026-02-15 13:51:55.272076,NewYork-05d3,-22,71,Normal
2026-02-15 13:51:56.272076,NewYork-05d3,-12,28,Normal
2026-02-15 13:51:57.272076,NewYork-05d3,6,69,Normal
2026-02-15 13:51:58.272076,NewYork-05d3,-20,93,Normal
2026-02-15 13:51:59.272076,NewYork-05d3,-9,30,Normal
2026-02-15 13:52:00.272076,NewYork-05d3,23,13,Normal
2026-02-15 13:52:01.272076,NewYork-05d3,-18,13,Normal
2026-02-15 13:52:02.272076,NewYork-05d3,-11,22,Normal
2026-02-15 13:52:03.272076,NewYork-05d3,-15,98,Normal
2026-02-15 13:52:04.272076,NewYork-05d3,-4,76,Normal
2026-02-15 13:52:05.272076,NewYork-05d3,45,92,Normal
2026-02-15 13:52:06.272076,NewYork-05d3,28,55,Normal
2026-02-15 13:52:07.272076,NewYork-05d3,49,34,Normal
2026-02-15 13:52:08.272076,NewYork-05d3,31,48,Normal
2026-02-15 13:52:09.272076,NewYork-05d3,-22,26,Normal
2026-02-15 13:52:10.272076,NewYork-05d3,46,71,Normal
2026-02-15 13:52:11.272076,NewYork-05d3,-24,31,Normal
2026-02-15 13:52:12.272076,NewYork-05d3,6,40,Normal
2026-02-15 13:52:13.272076,NewYork-05d3,30,27,Normal
2026-02-15 13:52:14.272076,NewYork-05d3,49,10,Normal
2026-02-15 13:52:15.272076,NewYork-05d3,-2,14,Normal
2026-02-15 13:52:16.272076,NewYork-05d3,46,20,Normal
2026-02-15 13:52:17.272076,NewYork-05d3,33,90,Normal
2026-02-15 13:52:18.272076,NewYork-05d3,17,91,Normal
2026-02-15 13:52:19.272076,NewYork-05d3,-22,96,Normal
2026-02-15 13:52:20.272076,NewYork-05d3,2,55,Normal
2026-02-15 13:52:21.272076,NewYork-05d3,50,2,Normal
2026-02-15 13:52:22.272076,NewYork-05d3,49,75,Normal
2026-02-15 13:52:23.272076,NewYork-05d3,12,19,Normal
2026-02-15 13:52:24.272076,NewYork-05d3,14,32,Normal
2026-02-15 13:52:25.272076,NewYork-05d3,38,8,Normal
2026-02-15 13:52:26.272076,NewYork-05d3,13,69,Normal
2026-02-15 13:52:27.272076,NewYork-05d3,12,75,Normal
2026-02-15 13:52:28.272076,NewYork-05d3,26,71,Normal
2026-02-15 13:52:29.272076,NewYork-05d3,18,61,Normal
2026-02-15 13:52:30.272076,NewYork-05d3,1,12,Normal
2026-02-15 13:52:31.272076,NewYork-05d3,-3,38,Normal
2026-02-15 13:52:32.272076,NewYork-05d3,30,27,Normal
2026-02-15 13:52:33.272076,NewYork-05d3,-23,25,Normal
2026-02-15 13:52:34.272076,NewYork-05d3,9,29,Normal
2026-02-15 13:52:35.272076,NewYork-05d3,10,64,Normal
2026-02-15 13:52:36.272076,NewYork-05d3,1,6,Normal
2026-02-15 13:52:37.272076,NewYork-05d3,9,37,Normal
2026-02-15 13:52:38.272076,NewYork-05d3,38,21,Normal
2026-02-15 13:52:39.272076,NewYork-05d3,-14,74,Normal
2026-02-15 13:52:40.272076,NewYork-05d3,-13,24,Normal
2026-02-15 13:52:41.272076,NewYork-05d3,-30,14,Normal
2026-02-15 13:52:42.272076,NewYork-05d3,46,26,Normal
2026-02-15 13:52:43.272076,NewYork-05d3,-4,4,Normal
2026-02-15 13:52:44.272076,NewYork-05d3,39,85,Normal
2026-02-15 13:52:45.272076,NewYork-05d3,-10,88,Normal
2026-02-15 13:52:46.272076,NewYork-05d3,-28,98,Normal
2026-02-15 13:52:47.272076,NewYork-05d3,-6,78,Normal
2026-02-15 13:52:48.272076,NewYork-05d3,-27,94,Normal
2026-02-15 13:52:49.272076,NewYork-05d3,18,37,Normal
2026-02-15 13:52:50.272076,NewYork-05d3,32,50,Normal
2026-02-15 13:52:51.272076,NewYork-05d3,-16,84,Normal
2026-02-15 13:52:52.272076,NewYork-05d3,-9,66,Normal
2026-02-15 13:52:53.272076,NewYork-05d3,8,49,Normal
2026-02-15 13:52:54.272076,NewYork-05d3,-4,4,Normal
2026-02-15 13:52:55.272076,NewYork-05d3,42,74,Normal
2026-02-15 13:52:56.272076,NewYork-05d3,-8,67,Normal
2026-02-15 13:52:57.272076,NewYork-05d3,-25,4,Normal
2026-02-15 13:52:58.272076,NewYork-05d3,-8,70,Normal
2026-02-15 13:52:59.272076,NewYork-05d3,17,48,Normal
2026-02-15 13:53:00.272076,NewYork-05d3,34,65,Normal
2026-02-15 13:53:01.272076,NewYork-05d3,-12,100,Normal
2026-02-15 13:53:02.272076,NewYork-05d3,-25,2,Normal
2026-02-15 13:53:03.272076,NewYork-05d3,26,68,Normal
2026-02-15 13:53:04.272076,NewYork-05d3,-20,6,Normal
2026-02-15 13:53:05.272076,NewYork-05d3,-5,24,Normal
2026-02-15 13:53:06.272076,NewYork-05d3,-16,15,Normal
2026-02-15 13:53:07.272076,NewYork-05d3,29,4,Normal
2026-02-15 13:53:08.272076,NewYork-05d3,14,33,Normal
2026-02-15 13:53:09.272076,NewYork-05d3,-3,42,Normal
2026-02-15 13:53:10.272076,NewYork-05d3,1,1,Normal
2026-02-15 13:53:11.272076,NewYork-05d3,42,60,Normal
2026-02-15 13:53:12.272076,NewYork-05d3,6,89,Normal
2026-02-15 13:53:13.272076,NewYork-05d3,33,90,Normal
2026-02-15 13:53:14.272076,NewYork-05d3,-26,49,Normal
2026-02-15 13:53:15.272076,NewYork-05d3,-25,66,Normal
2026-02-15 13:53:16.272076,NewYork-05d3,41,11,Normal
2026-02-15 13:53:17.272076,NewYork-05d3,19,66,Normal
2026-02-15 13:53:18.272076,NewYork-05d3,27,77,Normal
2026-02-15 13:53:19.272076,NewYork-05d3,38,2,Normal
2026-02-15 13:53:20.272076,NewYork-05d3,24,82,Normal
2026-02-15 13:53:21.272076,NewYork-05d3,0,54,Normal
2026-02-15 13:53:22.272076,NewYork-05d3,-20,96,Normal
2026-02-15 13:53:23.272076,NewYork-05d3,5,9,Normal
2026-02-15 13:53:24.272076,NewYork-05d3,17,60,Normal
2026-02-15 13:53:25.272076,NewYork-05d3,-15,42,Normal
2026-02-15 13:53:26.272076,NewYork-05d3,-7,9,Normal
2026-02-15 13:53:27.272076,NewYork-05d3,19,30,Normal
2026-02-15 13:53:28.272076,NewYork-05d3,25,85,Normal
2026-02-15 13:53:29.272076,NewYork-05d3,-6,3,Normal
2026-02-15 13:53:30.272076,NewYork-05d3,15,1,Normal
2026-02-15 13:53:31.272076,NewYork-05d3,31,22,Normal
2026-02-15 13:53:32.272076,NewYork-05d3,7,38,Normal
2026-02-15 13:53:33.272076,NewYork-05d3,19,63,Normal
2026-02-15 13:53:34.272076,NewYork-05d3,15,44,Normal
2026-02-15 13:53:35.272076,NewYork-05d3,-11,55,Normal
2026-02-15 13:53:36.272076,NewYork-05d3,22,24,Normal
2026-02-15 13:53:37.272076,NewYork-05d3,50,80,Normal
2026-02-15 13:53:38.272076,NewYork-05d3,45,68,Normal
2026-02-15 13:53:39.272076,NewYork-05d3,14,50,Normal
2026-02-15 13:53:40.272076,NewYork-05d3,-22,16,Normal
2026-02-15 13:53:41.272076,NewYork-05d3,7,37,Normal
2026-02-15 13:53:42.272076,NewYork-05d3,-4,5,Normal
2026-02-15 13:53:43.272076,NewYork-05d3,4,18,Normal
2026-02-15 13:53:44.272076,NewYork-05d3,-18,35,Normal
2026-02-15 13:53:45.272076,NewYork-05d3,-5,31,Normal
2026-02-15 13:53:46.272076,NewYork-05d3,13,84,Normal
2026-02-15 13:53:47.272076,NewYork-05d3,8,97,Normal
2026-02-15 13:53:48.272076,NewYork-05d3,4,9,Normal
2026-02-15 13:53:49.272076,NewYork-05d3,-23,41,Normal
2026-02-15 13:53:50.272076,NewYork-05d3,-28,78,Normal
2026-02-15 13:53:51.272076,NewYork-05d3,45,66,Normal
2026-02-15 13:53:52.272076,NewYork-05d3,12,0,Normal
2026-02-15 13:53:53.272076,NewYork-05d3,-22,73,Normal
2026-02-15 13:53:54.272076,NewYork-05d3,-24,27,Normal
2026-02-15 13:53:55.272076,NewYork-05d3,34,85,Normal
2026-02-15 13:53:56.272076,NewYork-05d3,-18,45,Normal
2026-02-15 13:53:57.272076,NewYork-05d3,-15,87,Normal
2026-02-15 13:53:58.272076,NewYork-05d3,36,1,Normal
2026-02-15 13:53:59.272076,NewYork-05d3,-5,81,Normal
2026-02-15 13:54:00.272076,NewYork-05d3,-22,0,Normal
2026-02-15 13:54:01.272076,NewYork-05d3,18,33,Normal
2026-02-15 13:54:02.272076,NewYork-05d3,-16,10,Normal
2026-02-15 13:54:03.272076,NewYork-05d3,-23,89,Normal
2026-02-15 13:54:04.272076,NewYork-05d3,-10,3,Normal
2026-02-15 13:54:05.272076,NewYork-05d3,26,93,Normal
2026-02-15 13:54:06.272076,NewYork-05d3,20,25,Normal
2026-02-15 13:54:07.272076,NewYork-05d3,10,61,Normal
2026-02-15 13:54:08.272076,NewYork-05d3,36,51,Normal
2026-02-15 13:54:09.272076,NewYork-05d3,22,85,Normal
2026-02-15 13:54:10.272076,NewYork-05d3,-6,99,Normal
2026-02-15 13:54:11.272076,NewYork-05d3,-2,75,Normal
2026-02-15 13:54:12.272076,NewYork-05d3,-13,40,Normal
2026-02-15 13:54:13.272076,NewYork-05d3,-28,95,Normal
2026-02-15 13:54:14.272076,NewYork-05d3,7,46,Normal
2026-02-15 13:54:15.272076,NewYork-05d3,-7,0,Normal
2026-02-15 13:54:16.272076,NewYork-05d3,-12,57,Normal
2026-02-15 13:54:17.272076,NewYork-05d3,44,32,Normal
2026-02-15 13:54:18.272076,NewYork-05d3,7,29,Normal
2026-02-15 13:54:19.272076,NewYork-05d3,-26,87,Normal
2026-02-15 13:54:20.272076,NewYork-05d3,9,52,Normal
2026-02-15 13:54:21.272076,NewYork-05d3,12,62,Normal
2026-02-15 13:54:22.272076,NewYork-05d3,-26,87,Normal
2026-02-15 13:54:23.272076,NewYork-05d3,-9,16,Normal
2026-02-15 13:54:24.272076,NewYork-05d3,-22,5,Normal
2026-02-15 13:54:25.272076,NewYork-05d3,34,32,Normal
2026-02-15 13:54:26.272076,NewYork-05d3,-30,44,Normal
2026-02-15 13:54:27.272076,NewYork-05d3,40,23,Normal
2026-02-15 13:54:28.272076,NewYork-05d3,5,8,Normal
2026-02-15 13:54:29.272076,NewYork-05d3,19,54,Normal
2026-02-15 13:54:30.272076,NewYork-05d3,-28,74,Normal
2026-02-15 13:54:31.272076,NewYork-05d3,28,24,Normal
2026-02-15 13:54:32.272076,NewYork-05d3,20,10,Normal
2026-02-15 13:54:33.272076,NewYork-05d3,23,87,Normal
2026-02-15 13:54:34.272076,NewYork-05d3,6,15,Normal
2026-02-15 13:54:35.272076,NewYork-05d3,-22,92,Normal
2026-02-15 13:54:36.272076,NewYork-05d3,0,26,Normal
2026-02-15 13:54:37.272076,NewYork-05d3,17,71,Normal
2026-02-15 13:54:38.272076,NewYork-05d3,44,46,Normal
2026-02-15 13:54:39.272076,NewYork-05d3,26,78,Normal
2026-02-15 13:54:40.272076,NewYork-05d3,-8,65,Normal
2026-02-15 13:54:41.272076,NewYork-05d3,13,56,Normal
2026-02-15 13:54:42.272076,NewYork-05d3,-15,77,Normal
2026-02-15 13:54:43.272076,NewYork-05d3,34,20,Normal
2026-02-15 13:54:44.272076,NewYork-05d3,26,83,Normal
2026-02-15 13:54:45.272076,NewYork-05d3,-22,55,Normal
2026-02-15 13:54:46.272076,NewYork-05d3,11,80,Normal
2026-02-15 13:54:47.272076,NewYork-05d3,-29,27,Normal
2026-02-15 13:54:48.272076,NewYork-05d3,-16,75,Normal
2026-02-15 13:54:49.272076,NewYork-05d3,-19,29,Normal
2026-02-15 13:54:50.272076,NewYork-05d3,50,44,Normal
2026-02-15 13:54:51.272076,NewYork-05d3,33,46,Normal
2026-02-15 13:54:52.272076,NewYork-05d3,18,39,Normal
2026-02-15 13:54:53.272076,NewYork-05d3,23,3,Normal
2026-02-15 13:54:54.272076,NewYork-05d3,43,44,Normal
2026-02-15 13:54:55.272076,NewYork-05d3,25,50,Normal
2026-02-15 13:54:56.272076,NewYork-05d3,29,49,Normal
2026-02-15 13:54:57.272076,NewYork-05d3,15,46,Normal
2026-02-15 13:54:58.272076,NewYork-05d3,-29,49,Normal
2026-02-15 13:54:59.272076,NewYork-05d3,-1,26,Normal
2026-02-15 13:55:00.272076,NewYork-05d3,23,47,Normal
2026-02-15 13:55:01.272076,NewYork-05d3,-14,18,Normal
2026-02-15 13:55:02.272076,NewYork-05d3,-26,90,Normal
2026-02-15 13:55:03.272076,NewYork-05d3,-24,100,Normal
2026-02-15 13:55:04.272076,NewYork-05d3,36,22,Normal
2026-02-15 13:55:05.272076,NewYork-05d3,43,5,Normal
2026-02-15 13:55:06.272076,NewYork-05d3,22,55,Normal
2026-02-15 13:55:07.272076,NewYork-05d3,-30,76,Normal
2026-02-15 13:55:08.272076,NewYork-05d3,49,37,Normal
2026-02-15 13:55:09.272076,NewYork-05d3,-7,44,Normal
2026-02-15 13:55:10.272076,NewYork-05d3,50,56,Normal
2026-02-15 13:55:11.272076,NewYork-05d3,34,25,Normal
2026-02-15 13:55:12.272076,NewYork-05d3,46,72,Normal
2026-02-15 13:55:13.272076,NewYork-05d3,-9,61,Normal
2026-02-15 13:55:14.272076,NewYork-05d3,3,32,Normal
2026-02-15 13:55:15.272076,NewYork-05d3,46,86,Normal
2026-02-15 13:55:16.272076,NewYork-05d3,-24,58,Normal
2026-02-15 13:55:17.272076,NewYork-05d3,12,62,Normal
2026-02-15 13:55:18.272076,NewYork-05d3,45,42,Normal
2026-02-15 13:55:19.272076,NewYork-05d3,-11,38,Normal
2026-02-15 13:55:20.272076,NewYork-05d3,42,33,Normal
2026-02-15 13:55:21.272076,NewYork-05d3,27,23,Normal
2026-02-15 13:55:22.272076,NewYork-05d3,25,75,Normal
2026-02-15 13:55:23.272076,NewYork-05d3,-30,59,Normal
2026-02-15 13:55:24.272076,NewYork-05d3,-15,62,Normal
2026-02-15 13:55:25.272076,NewYork-05d3,14,17,Normal
2026-02-15 13:55:26.272076,NewYork-05d3,9,80,Normal
2026-02-15 13:55:27.272076,NewYork-05d3,-8,75,Normal
2026-02-15 13:55:28.272076,NewYork-05d3,25,5,Normal
2026-02-15 13:55:29.272076,NewYork-05d3,-21,53,Normal
2026-02-15 13:55:30.272076,NewYork-05d3,-5,43,Normal
2026-02-15 13:55:31.272076,NewYork-05d3,8,23,Normal
2026-02-15 13:55:32.272076,NewYork-05d3,46,100,Normal
2026-02-15 13:55:33.272076,NewYork-05d3,-2,27,Normal
2026-02-15 13:55:34.272076,NewYork-05d3,-7,6,Normal
2026-02-15 13:55:35.272076,NewYork-05d3,-8,6,Normal
2026-02-15 13:55:36.272076,NewYork-05d3,25,30,Normal
2026-02-15 13:55:37.272076,NewYork-05d3,50,65,Normal
2026-02-15 13:55:38.272076,NewYork-05d3,23,82,Normal
2026-02-15 13:55:39.272076,NewYork-05d3,18,70,Normal
2026-02-15 13:55:40.272076,NewYork-05d3,-30,91,Normal
2026-02-15 13:55:41.272076,NewYork-05d3,11,97,Normal
2026-02-15 13:55:42.272076,NewYork-05d3,23,25,Normal
2026-02-15 13:55:43.272076,NewYork-05d3,-5,77,Normal
2026-02-15 13:55:44.272076,NewYork-05d3,17,51,Normal
2026-02-15 13:55:45.272076,NewYork-05d3,26,45,Normal
2026-02-15 13:55:46.272076,NewYork-05d3,-3,81,Normal
2026-02-15 13:55:47.272076,NewYork-05d3,-30,92,Normal
2026-02-15 13:55:48.272076,NewYork-05d3,24,62,Normal
2026-02-15 13:55:49.272076,NewYork-05d3,16,1,Normal
2026-02-15 13:55:50.272076,NewYork-05d3,44,14,Normal
2026-02-15 13:55:51.272076,NewYork-05d3,-9,95,Normal
2026-02-15 13:55:52.272076,NewYork-05d3,46,39,Normal
2026-02-15 13:55:53.272076,NewYork-05d3,-12,52,Normal
2026-02-15 13:55:54.272076,NewYork-05d3,46,6,Normal
2026-02-15 13:55:55.272076,NewYork-05d3,1,83,Normal
2026-02-15 13:55:56.272076,NewYork-05d3,5,63,Normal
2026-02-15 13:55:57.272076,NewYork-05d3,-6,64,Normal
2026-02-15 13:55:58.272076,NewYork-05d3,-10,55,Normal
2026-02-15 13:55:59.272076,NewYork-05d3,50,21,Normal
2026-02-15 13:56:00.272076,NewYork-05d3,-19,17,Normal
2026-02-15 13:56:01.272076,NewYork-05d3,9,74,Normal
2026-02-15 13:56:02.272076,NewYork-05d3,12,17,Normal
2026-02-15 13:56:03.272076,NewYork-05d3,-5,35,Normal
2026-02-15 13:56:04.272076,NewYork-05d3,-20,61,Normal
2026-02-15 13:56:05.272076,NewYork-05d3,37,40,Normal
2026-02-15 13:56:06.272076,NewYork-05d3,-29,75,Normal
2026-02-15 13:56:07.272076,NewYork-05d3,9,13,Normal
2026-02-15 13:56:08.272076,NewYork-05d3,-10,72,Normal
2026-02-15 13:56:09.272076,NewYork-05d3,17,86,Normal
2026-02-15 13:56:10.272076,NewYork-05d3,-18,74,Normal
2026-02-15 13:56:11.272076,NewYork-05d3,35,40,Normal
2026-02-15 13:56:12.272076,NewYork-05d3,38,58,Normal
2026-02-15 13:56:13.272076,NewYork-05d3,-13,12,Normal
2026-02-15 13:56:14.272076,NewYork-05d3,49,58,Normal
2026-02-15 13:56:15.272076,NewYork-05d3,3,21,Normal
2026-02-15 13:56:16.272076,NewYork-05d3,7,40,Normal
2026-02-15 13:56:17.272076,NewYork-05d3,-13,78,Normal
2026-02-15 13:56:18.272076,NewYork-05d3,14,39,Normal
2026-02-15 13:56:19.272076,NewYork-05d3,-13,63,Normal
2026-02-15 13:56:20.272076,NewYork-05d3,-13,34,Normal
2026-02-15 13:56:21.272076,NewYork-05d3,-10,49,Normal
2026-02-15 13:56:22.272076,NewYork-05d3,-22,40,Normal
2026-02-15 13:56:23.272076,NewYork-05d3,31,65,Normal
2026-02-15 13:56:24.272076,NewYork-05d3,35,13,Normal
2026-02-15 13:56:25.272076,NewYork-05d3,-8,12,Normal
2026-02-15 13:56:26.272076,NewYork-05d3,37,87,Normal
2026-02-15 13:56:27.272076,NewYork-05d3,13,94,Normal
2026-02-15 13:56:28.272076,NewYork-05d3,-19,25,Normal
2026-02-15 13:56:29.272076,NewYork-05d3,30,8,Normal
2026-02-15 13:56:30.272076,NewYork-05d3,-23,84,Normal
2026-02-15 13:56:31.272076,NewYork-05d3,44,21,Normal
2026-02-15 13:56:32.272076,NewYork-05d3,-23,21,Normal
2026-02-15 13:56:33.272076,NewYork-05d3,8,55,Normal
2026-02-15 13:56:34.272076,NewYork-05d3,-4,61,Normal
2026-02-15 13:56:35.272076,NewYork-05d3,50,42,Normal
2026-02-15 13:56:36.272076,NewYork-05d3,7,41,Normal
2026-02-15 13:56:37.272076,NewYork-05d3,47,50,Normal
2026-02-15 13:56:38.272076,NewYork-05d3,-9,54,Normal
2026-02-15 13:56:39.272076,NewYork-05d3,33,7,Normal
2026-02-15 13:56:40.272076,NewYork-05d3,47,50,Normal
2026-02-15 13:56:41.272076,NewYork-05d3,-14,59,Normal
2026-02-15 13:56:42.272076,NewYork-05d3,-5,100,Normal
2026-02-15 13:56:43.272076,NewYork-05d3,-16,46,Normal
2026-02-15 13:56:44.272076,NewYork-05d3,35,58,Normal
2026-02-15 13:56:45.272076,NewYork-05d3,45,51,Normal
2026-02-15 13:56:46.272076,NewYork-05d3,-21,73,Normal
2026-02-15 13:56:47.272076,NewYork-05d3,40,49,Normal
2026-02-15 13:56:48.272076,NewYork-05d3,38,16,Normal
2026-02-15 13:56:49.272076,NewYork-05d3,41,71,Normal
2026-02-15 13:56:50.272076,NewYork-05d3,-9,90,Normal
2026-02-15 13:56:51.272076,NewYork-05d3,36,90,Normal
2026-02-15 13:56:52.272076,NewYork-05d3,47,57,Normal
2026-02-15 13:56:53.272076,NewYork-05d3,-9,69,Normal
2026-02-15 13:56:54.272076,NewYork-05d3,11,44,Normal
2026-02-15 13:56:55.272076,NewYork-05d3,-4,33,Normal
2026-02-15 13:56:56.272076,NewYork-05d3,40,61,Normal
2026-02-15 13:56:57.272076,NewYork-05d3,30,100,Normal
2026-02-15 13:56:58.272076,NewYork-05d3,32,34,Normal
2026-02-15 13:56:59.272076,NewYork-05d3,27,61,Normal
2026-02-15 13:57:00.272076,NewYork-05d3,-18,24,Normal
2026-02-15 13:57:01.272076,NewYork-05d3,11,14,Normal
2026-02-15 13:57:02.272076,NewYork-05d3,-3,98,Normal
2026-02-15 13:57:03.272076,NewYork-05d3,28,96,Normal
2026-02-15 13:57:04.272076,NewYork-05d3,-5,64,Normal
2026-02-15 13:57:05.272076,NewYork-05d3,-28,38,Normal
2026-02-15 13:57:06.272076,NewYork-05d3,-23,49,Normal
2026-02-15 13:57:07.272076,NewYork-05d3,43,62,Normal
2026-02-15 13:57:08.272076,NewYork-05d3,-12,42,Normal
2026-02-15 13:57:09.272076,NewYork-05d3,-29,79,Normal
2026-02-15 13:57:10.272076,NewYork-05d3,37,66,Normal
2026-02-15 13:57:11.272076,NewYork-05d3,-8,33,Normal
2026-02-15 13:57:12.272076,NewYork-05d3,-8,93,Normal
2026-02-15 13:57:13.272076,NewYork-05d3,-30,55,Normal
2026-02-15 13:57:14.272076,NewYork-05d3,17,88,Normal
2026-02-15 13:57:15.272076,NewYork-05d3,14,79,Normal
2026-02-15 13:57:16.272076,NewYork-05d3,18,6,Normal
2026-02-15 13:57:17.272076,NewYork-05d3,46,5,Normal
2026-02-15 13:57:18.272076,NewYork-05d3,31,87,Normal
2026-02-15 13:57:19.272076,NewYork-05d3,23,30,Normal
2026-02-15 13:57:20.272076,NewYork-05d3,10,76,Normal
2026-02-15 13:57:21.272076,NewYork-05d3,3,100,Normal
2026-02-15 13:57:22.272076,NewYork-05d3,43,47,Normal
2026-02-15 13:57:23.272076,NewYork-05d3,41,84,Normal
2026-02-15 13:57:24.272076,NewYork-05d3,1,38,Normal
2026-02-15 13:57:25.272076,NewYork-05d3,19,87,Normal
2026-02-15 13:57:26.272076,NewYork-05d3,6,29,Normal
2026-02-15 13:57:27.272076,NewYork-05d3,41,94,Normal
2026-02-15 13:57:28.272076,NewYork-05d3,7,11,Normal
2026-02-15 13:57:29.272076,NewYork-05d3,-8,39,Normal
2026-02-15 13:57:30.272076,NewYork-05d3,-5,21,Normal
2026-02-15 13:57:31.272076,NewYork-05d3,29,61,Normal
2026-02-15 13:57:32.272076,NewYork-05d3,22,20,Normal
2026-02-15 13:57:33.272076,NewYork-05d3,31,86,Normal
2026-02-15 13:57:34.272076,NewYork-05d3,44,9,Normal
2026-02-15 13:57:35.272076,NewYork-05d3,-8,60,Normal
2026-02-15 13:57:36.272076,NewYork-05d3,-7,74,Normal
2026-02-15 13:57:37.272076,NewYork-05d3,41,13,Normal
2026-02-15 13:57:38.272076,NewYork-05d3,5,19,Normal
2026-02-15 13:57:39.272076,NewYork-05d3,-3,40,Normal
2026-02-15 13:57:40.272076,NewYork-05d3,22,61,Normal
2026-02-15 13:57:41.272076,NewYork-05d3,50,59,Normal
2026-02-15 13:57:42.272076,NewYork-05d3,22,75,Normal
2026-02-15 13:57:43.272076,NewYork-05d3,47,72,Normal
2026-02-15 13:57:44.272076,NewYork-05d3,22,92,Normal
2026-02-15 13:57:45.272076,NewYork-05d3,39,28,Normal
2026-02-15 13:57:46.272076,NewYork-05d3,-17,17,Normal
2026-02-15 13:57:47.272076,NewYork-05d3,-2,16,Normal
2026-02-15 13:57:48.272076,NewYork-05d3,50,53,Normal
2026-02-15 13:57:49.272076,NewYork-05d3,-23,49,Normal
2026-02-15 13:57:50.272076,NewYork-05d3,48,95,Normal
2026-02-15 13:57:51.272076,NewYork-05d3,27,9,Normal
2026-02-15 13:57:52.272076,NewYork-05d3,26,43,Normal
2026-02-15 13:57:53.272076,NewYork-05d3,-15,50,Normal
2026-02-15 13:57:54.272076,NewYork-05d3,-6,49,Normal
2026-02-15 13:57:55.272076,NewYork-05d3,13,23,Normal
2026-02-15 13:57:56.272076,NewYork-05d3,29,45,Normal
2026-02-15 13:57:57.272076,NewYork-05d3,31,40,Normal
2026-02-15 13:57:58.272076,NewYork-05d3,42,95,Normal
2026-02-15 13:57:59.272076,NewYork-05d3,-14,50,Normal
2026-02-15 13:58:00.272076,NewYork-05d3,-3,88,Normal
2026-02-15 13:58:01.272076,NewYork-05d3,24,62,Normal
2026-02-15 13:58:02.272076,NewYork-05d3,-11,58,Normal
2026-02-15 13:58:03.272076,NewYork-05d3,19,75,Normal
2026-02-15 13:58:04.272076,NewYork-05d3,12,67,Normal
2026-02-15 13:58:05.272076,NewYork-05d3,35,4,Normal
2026-02-15 13:58:06.272076,NewYork-05d3,-29,29,Normal
2026-02-15 13:58:07.272076,NewYork-05d3,-9,99,Normal
2026-02-15 13:58:08.272076,NewYork-05d3,-9,49,Normal
2026-02-15 13:58:09.272076,NewYork-05d3,-12,32,Normal
2026-02-15 13:58:10.272076,NewYork-05d3,0,11,Normal
2026-02-15 13:58:11.272076,NewYork-05d3,-12,50,Normal
2026-02-15 13:58:12.272076,NewYork-05d3,21,5,Normal
2026-02-15 13:58:13.272076,NewYork-05d3,9,79,Normal
2026-02-15 13:58:14.272076,NewYork-05d3,-17,78,Normal
2026-02-15 13:58:15.272076,NewYork-05d3,-17,22,Normal
2026-02-15 13:58:16.272076,NewYork-05d3,-4,24,Normal
2026-02-15 13:58:17.272076,NewYork-05d3,29,6,Normal
2026-02-15 13:58:18.272076,NewYork-05d3,29,90,Normal
2026-02-15 13:58:19.272076,NewYork-05d3,-14,38,Normal
2026-02-15 13:58:20.272076,NewYork-05d3,25,81,Normal
2026-02-15 13:58:21.272076,NewYork-05d3,39,42,Normal
2026-02-15 13:58:22.272076,NewYork-05d3,38,22,Normal
2026-02-15 13:58:23.272076,NewYork-05d3,-10,22,Normal
2026-02-15 13:58:24.272076,NewYork-05d3,12,75,Normal
2026-02-15 13:58:25.272076,NewYork-05d3,-12,42,Normal
2026-02-15 13:58:26.272076,NewYork-05d3,38,11,Normal
2026-02-15 13:58:27.272076,NewYork-05d3,40,56,Normal
2026-02-15 13:58:28.272076,NewYork-05d3,36,50,Normal
2026-02-15 13:58:29.272076,NewYork-05d3,-18,100,Normal
2026-02-15 13:58:30.272076,NewYork-05d3,20,30,Normal
2026-02-15 13:58:31.272076,NewYork-05d3,0,0,Normal
2026-02-15 13:58:32.272076,NewYork-05d3,40,40,Normal
2026-02-15 13:58:33.272076,NewYork-05d3,13,40,Normal
2026-02-15 13:58:34.272076,NewYork-05d3,-13,29,Normal
2026-02-15 13:58:35.272076,NewYork-05d3,-10,93,Normal
2026-02-15 13:58:36.272076,NewYork-05d3,-12,77,Normal
2026-02-15 13:58:37.272076,NewYork-05d3,-11,25,Normal
2026-02-15 13:58:38.272076,NewYork-05d3,-24,27,Normal
2026-02-15 13:58:39.272076,NewYork-05d3,22,35,Normal
2026-02-15 13:58:40.272076,NewYork-05d3,5,23,Normal
2026-02-15 13:58:41.272076,NewYork-05d3,-16,25,Normal
2026-02-15 13:58:42.272076,NewYork-05d3,-7,58,Normal
2026-02-15 13:58:43.272076,NewYork-05d3,24,91,Normal
2026-02-15 13:58:44.272076,NewYork-05d3,18,91,Normal
2026-02-15 13:58:45.272076,NewYork-05d3,-24,29,Normal
2026-02-15 13:58:46.272076,NewYork-05d3,-24,62,Normal
2026-02-15 13:58:47.272076,NewYork-05d3,-11,92,Normal
2026-02-15 13:58:48.272076,NewYork-05d3,19,61,Normal
2026-02-15 13:58:49.272076,NewYork-05d3,-7,92,Normal
2026-02-15 13:58:50.272076,NewYork-05d3,-29,95,Normal
2026-02-15 13:58:51.272076,NewYork-05d3,9,22,Normal
2026-02-15 13:58:52.272076,NewYork-05d3,-26,4,Normal
2026-02-15 13:58:53.272076,NewYork-05d3,45,5,Normal
2026-02-15 13:58:54.272076,NewYork-05d3,41,32,Normal
2026-02-15 13:58:55.272076,NewYork-05d3,26,66,Normal
2026-02-15 13:58:56.272076,NewYork-05d3,22,21,Normal
2026-02-15 13:58:57.272076,NewYork-05d3,33,73,Normal
2026-02-15 13:58:58.272076,NewYork-05d3,8,19,Normal
2026-02-15 13:58:59.272076,NewYork-05d3,43,38,Normal
2026-02-15 13:59:00.272076,NewYork-05d3,30,5,Normal
2026-02-15 13:59:01.272076,NewYork-05d3,29,0,Normal
2026-02-15 13:59:02.272076,NewYork-05d3,-30,87,Normal
2026-02-15 13:59:03.272076,NewYork-05d3,10,100,Normal
2026-02-15 13:59:04.272076,NewYork-05d3,30,21,Normal
2026-02-15 13:59:05.272076,NewYork-05d3,16,75,Normal
2026-02-15 13:59:06.272076,NewYork-05d3,32,21,Normal
2026-02-15 13:59:07.272076,NewYork-05d3,-15,86,Normal
2026-02-15 13:59:08.272076,NewYork-05d3,-25,1,Normal
2026-02-15 13:59:09.272076,NewYork-05d3,12,78,Normal
2026-02-15 13:59:10.272076,NewYork-05d3,48,49,Normal
2026-02-15 13:59:11.272076,NewYork-05d3,42,67,Normal
2026-02-15 13:59:12.272076,NewYork-05d3,-26,44,Normal
2026-02-15 13:59:13.272076,NewYork-05d3,-14,100,Normal
2026-02-15 13:59:14.272076,NewYork-05d3,27,99,Normal
2026-02-15 13:59:15.272076,NewYork-05d3,-5,9,Normal
2026-02-15 13:59:16.272076,NewYork-05d3,7,22,Normal
2026-02-15 13:59:17.272076,NewYork-05d3,0,68,Normal
2026-02-15 13:59:18.272076,NewYork-05d3,25,26,Normal
2026-02-15 13:59:19.272076,NewYork-05d3,2,5,Normal
2026-02-15 13:59:20.272076,NewYork-05d3,-29,36,Normal
2026-02-15 13:59:21.272076,NewYork-05d3,-26,80,Normal
2026-02-15 13:59:22.272076,NewYork-05d3,27,3,Normal
2026-02-15 13:59:23.272076,NewYork-05d3,29,4,Normal
2026-02-15 13:59:24.272076,NewYork-05d3,-12,2,Normal
2026-02-15 13:59:25.272076,NewYork-05d3,24,32,Normal
2026-02-15 13:59:26.272076,NewYork-05d3,39,60,Normal
2026-02-15 13:59:27.272076,NewYork-05d3,32,5,Normal
2026-02-15 13:59:28.272076,NewYork-05d3,43,77,Normal
2026-02-15 13:59:29.272076,NewYork-05d3,11,15,Normal
2026-02-15 13:59:30.272076,NewYork-05d3,0,39,Normal
2026-02-15 13:59:31.272076,NewYork-05d3,-3,96,Normal
2026-02-15 13:59:32.272076,NewYork-05d3,47,85,Normal
2026-02-15 13:59:33.272076,NewYork-05d3,-19,31,Normal
2026-02-15 13:59:34.272076,NewYork-05d3,-27,6,Normal
2026-02-15 13:59:35.272076,NewYork-05d3,-25,30,Normal
2026-02-15 13:59:36.272076,NewYork-05d3,38,31,Normal
2026-02-15 13:59:37.272076,NewYork-05d3,17,15,Normal
2026-02-15 13:59:38.272076,NewYork-05d3,21,63,Normal
2026-02-15 13:59:39.272076,NewYork-05d3,-5,39,Normal
2026-02-15 13:59:40.272076,NewYork-05d3,25,90,Normal
2026-02-15 13:59:41.272076,NewYork-05d3,41,65,Normal
2026-02-15 13:59:42.272076,NewYork-05d3,20,87,Normal
2026-02-15 13:59:43.272076,NewYork-05d3,40,92,Normal
2026-02-15 13:59:44.272076,NewYork-05d3,-21,15,Normal
2026-02-15 13:59:45.272076,NewYork-05d3,2,44,Normal
2026-02-15 13:59:46.272076,NewYork-05d3,43,82,Normal
2026-02-15 13:59:47.272076,NewYork-05d3,16,13,Normal
2026-02-15 13:59:48.272076,NewYork-05d3,-2,24,Normal
2026-02-15 13:59:49.272076,NewYork-05d3,49,69,Normal
2026-02-15 13:59:50.272076,NewYork-05d3,-5,88,Normal
2026-02-15 13:59:51.272076,NewYork-05d3,-23,52,Normal
2026-02-15 13:59:52.272076,NewYork-05d3,-29,72,Normal
2026-02-15 13:59:53.272076,NewYork-05d3,-17,7,Normal
2026-02-15 13:59:54.272076,NewYork-05d3,-2,67,Normal
2026-02-15 13:59:55.272076,NewYork-05d3,26,37,Normal
2026-02-15 13:59:56.272076,NewYork-05d3,21,8,Normal
2026-02-15 13:59:57.272076,NewYork-05d3,-2,29,Normal
2026-02-15 13:59:58.272076,NewYork-05d3,-15,53,Normal
2026-02-15 13:59:59.272076,NewYork-05d3,44,93,Normal
2026-02-15 14:00:00.272076,NewYork-05d3,45,63,Normal
2026-02-15 14:00:01.272076,NewYork-05d3,39,77,Normal
2026-02-15 14:00:02.272076,NewYork-05d3,13,10,Normal
2026-02-15 14:00:03.272076,NewYork-05d3,-5,9,Normal
2026-02-15 14:00:04.272076,NewYork-05d3,-21,28,Normal
2026-02-15 14:00:05.272076,NewYork-05d3,-30,75,Normal
2026-02-15 14:00:06.272076,NewYork-05d3,49,35,Normal
2026-02-15 14:00:07.272076,NewYork-05d3,-19,24,Normal
2026-02-15 14:00:08.272076,NewYork-05d3,-1,1,Normal
2026-02-15 14:00:09.272076,NewYork-05d3,1,43,Normal
2026-02-15 14:00:10.272076,NewYork-05d3,-24,81,Normal
2026-02-15 14:00:11.272076,NewYork-05d3,45,69,Normal
2026-02-15 14:00:12.272076,NewYork-05d3,17,2,Normal
2026-02-15 14:00:13.272076,NewYork-05d3,-2,25,Normal
2026-02-15 14:00:14.272076,NewYork-05d3,19,31,Normal
2026-02-15 14:00:15.272076,NewYork-05d3,-1,95,Normal
2026-02-15 14:00:16.272076,NewYork-05d3,-15,1,Normal
2026-02-15 14:00:17.272076,NewYork-05d3,20,52,Normal
2026-02-15 14:00:18.272076,NewYork-05d3,16,31,Normal
2026-02-15 14:00:19.272076,NewYork-05d3,-24,0,Normal
2026-02-15 14:00:20.272076,NewYork-05d3,37,16,Normal
2026-02-15 14:00:21.272076,NewYork-05d3,48,20,Normal
2026-02-15 14:00:22.272076,NewYork-05d3,7,38,Normal
2026-02-15 14:00:23.272076,NewYork-05d3,-4,72,Normal
2026-02-15 14:00:24.272076,NewYork-05d3,9,70,Normal
2026-02-15 14:00:25.272076,NewYork-05d3,0,82,Normal
2026-02-15 14:00:26.272076,NewYork-05d3,-4,93,Normal
2026-02-15 14:00:27.272076,NewYork-05d3,21,26,Normal
2026-02-15 14:00:28.272076,NewYork-05d3,20,41,Normal
2026-02-15 14:00:29.272076,NewYork-05d3,7,21,Normal
2026-02-15 14:00:30.272076,NewYork-05d3,-26,47,Normal
2026-02-15 14:00:31.272076,NewYork-05d3,26,42,Normal
2026-02-15 14:00:32.272076,NewYork-05d3,6,46,Normal
2026-02-15 14:00:33.272076,NewYork-05d3,3,39,Normal
2026-02-15 14:00:34.272076,NewYork-05d3,28,28,Normal
2026-02-15 14:00:35.272076,NewYork-05d3,35,81,Normal
2026-02-15 14:00:36.272076,NewYork-05d3,-12,11,Normal
2026-02-15 14:00:37.272076,NewYork-05d3,25,54,Normal
2026-02-15 14:00:38.272076,NewYork-05d3,8,66,Normal
2026-02-15 14:00:39.272076,NewYork-05d3,28,11,Normal
2026-02-15 14:00:40.272076,NewYork-05d3,36,29,Normal
2026-02-15 14:00:41.272076,NewYork-05d3,22,24,Normal
2026-02-15 14:00:42.272076,NewYork-05d3,47,7,Normal
2026-02-15 14:00:43.272076,NewYork-05d3,20,94,Normal
2026-02-15 14:00:44.272076,NewYork-05d3,-1,74,Normal
2026-02-15 14:00:45.272076,NewYork-05d3,50,58,Normal
2026-02-15 14:00:46.272076,NewYork-05d3,-4,28,Normal
2026-02-15 14:00:47.272076,NewYork-05d3,-16,2,Normal
2026-02-15 14:00:48.272076,NewYork-05d3,40,65,Normal
2026-02-15 14:00:49.272076,NewYork-05d3,6,8,Normal
2026-02-15 14:00:50.272076,NewYork-05d3,43,41,Normal
2026-02-15 14:00:51.272076,NewYork-05d3,-19,94,Normal
2026-02-15 14:00:52.272076,NewYork-05d3,39,65,Normal
2026-02-15 14:00:53.272076,NewYork-05d3,-29,32,Normal
2026-02-15 14:00:54.272076,NewYork-05d3,43,54,Normal
2026-02-15 14:00:55.272076,NewYork-05d3,31,7,Normal
2026-02-15 14:00:56.272076,NewYork-05d3,40,61,Normal
2026-02-15 14:00:57.272076,NewYork-05d3,-10,63,Normal
2026-02-15 14:00:58.272076,NewYork-05d3,45,86,Normal
2026-02-15 14:00:59.272076,NewYork-05d3,48,29,Normal
2026-02-15 14:01:00.272076,NewYork-05d3,20,78,Normal
2026-02-15 14:01:01.272076,NewYork-05d3,-25,89,Normal
2026-02-15 14:01:02.272076,NewYork-05d3,-25,82,Normal
2026-02-15 14:01:03.272076,NewYork-05d3,33,88,Normal
2026-02-15 14:01:04.272076,NewYork-05d3,30,72,Normal
2026-02-15 14:01:05.272076,NewYork-05d3,19,24,Normal
2026-02-15 14:01:06.272076,NewYork-05d3,-21,14,Normal
2026-02-15 14:01:07.272076,NewYork-05d3,29,73,Normal
2026-02-15 14:01:08.272076,NewYork-05d3,26,15,Normal
2026-02-15 14:01:09.272076,NewYork-05d3,-18,58,Normal
2026-02-15 14:01:10.272076,NewYork-05d3,39,43,Normal
2026-02-15 14:01:11.272076,NewYork-05d3,20,13,Normal
2026-02-15 14:01:12.272076,NewYork-05d3,-26,72,Normal
2026-02-15 14:01:13.272076,NewYork-05d3,12,99,Normal
2026-02-15 14:01:14.272076,NewYork-05d3,-1,26,Normal
2026-02-15 14:01:15.272076,NewYork-05d3,-14,53,Normal
2026-02-15 14:01:16.272076,NewYork-05d3,6,43,Normal
2026-02-15 14:01:17.272076,NewYork-05d3,4,68,Normal
2026-02-15 14:01:18.272076,NewYork-05d3,-19,14,Normal
2026-02-15 14:01:19.272076,NewYork-05d3,31,83,Normal
2026-02-15 14:01:20.272076,NewYork-05d3,35,26,Normal
2026-02-15 14:01:21.272076,NewYork-05d3,25,98,Normal
2026-02-15 14:01:22.272076,NewYork-05d3,30,80,Normal
2026-02-15 14:01:23.272076,NewYork-05d3,-26,33,Normal
2026-02-15 14:01:24.272076,NewYork-05d3,35,88,Normal
2026-02-15 14:01:25.272076,NewYork-05d3,-25,41,Normal
2026-02-15 14:01:26.272076,NewYork-05d3,-14,44,Normal
2026-02-15 14:01:27.272076,NewYork-05d3,-17,31,Normal
2026-02-15 14:01:28.272076,NewYork-05d3,40,41,Normal
2026-02-15 14:01:29.272076,NewYork-05d3,40,79,Normal
2026-02-15 14:01:30.272076,NewYork-05d3,40,25,Normal
2026-02-15 14:01:31.272076,NewYork-05d3,42,49,Normal
2026-02-15 14:01:32.272076,NewYork-05d3,10,6,Normal
2026-02-15 14:01:33.272076,NewYork-05d3,0,51,Normal
2026-02-15 14:01:34.272076,NewYork-05d3,19,75,Normal
2026-02-15 14:01:35.272076,NewYork-05d3,6,89,Normal
2026-02-15 14:01:36.272076,NewYork-05d3,-11,33,Normal
2026-02-15 14:01:37.272076,NewYork-05d3,40,99,Normal
2026-02-15 14:01:38.272076,NewYork-05d3,-18,46,Normal
2026-02-15 14:01:39.272076,NewYork-05d3,-7,67,Normal
2026-02-15 14:01:40.272076,NewYork-05d3,45,7,Normal
2026-02-15 14:01:41.272076,NewYork-05d3,35,26,Normal
2026-02-15 14:01:42.272076,NewYork-05d3,27,26,Normal
2026-02-15 14:01:43.272076,NewYork-05d3,-10,56,Normal
2026-02-15 14:01:44.272076,NewYork-05d3,30,56,Normal
2026-02-15 14:01:45.272076,NewYork-05d3,-14,48,Normal
2026-02-15 14:01:46.272076,NewYork-05d3,-17,33,Normal
2026-02-15 14:01:47.272076,NewYork-05d3,-28,73,Normal
2026-02-15 14:01:48.272076,NewYork-05d3,-5,36,Normal
2026-02-15 14:01:49.272076,NewYork-05d3,43,47,Normal
2026-02-15 14:01:50.272076,NewYork-05d3,-2,58,Normal
2026-02-15 14:01:51.272076,NewYork-05d3,7,45,Normal
2026-02-15 14:01:52.272076,NewYork-05d3,-23,80,Normal
2026-02-15 14:01:53.272076,NewYork-05d3,11,32,Normal
2026-02-15 14:01:54.272076,NewYork-05d3,28,28,Normal
2026-02-15 14:01:55.272076,NewYork-05d3,12,23,Normal
2026-02-15 14:01:56.272076,NewYork-05d3,26,17,Normal
2026-02-15 14:01:57.272076,NewYork-05d3,18,67,Normal
2026-02-15 14:01:58.272076,NewYork-05d3,15,43,Normal
2026-02-15 14:01:59.272076,NewYork-05d3,-12,69,Normal
2026-02-15 14:02:00.272076,NewYork-05d3,17,47,Normal
2026-02-15 14:02:01.272076,NewYork-05d3,-5,32,Normal
2026-02-15 14:02:02.272076,NewYork-05d3,-20,95,Normal
2026-02-15 14:02:03.272076,NewYork-05d3,-16,85,Normal
2026-02-15 14:02:04.272076,NewYork-05d3,33,49,Normal
2026-02-15 14:02:05.272076,NewYork-05d3,-27,43,Normal
2026-02-15 14:02:06.272076,NewYork-05d3,-29,1,Normal
2026-02-15 14:02:07.272076,NewYork-05d3,9,31,Normal
2026-02-15 14:02:08.272076,NewYork-05d3,5,66,Normal
2026-02-15 14:02:09.272076,NewYork-05d3,1,93,Normal
2026-02-15 14:02:10.272076,NewYork-05d3,-9,77,Normal
2026-02-15 14:02:11.272076,NewYork-05d3,7,94,Normal
2026-02-15 14:02:12.272076,NewYork-05d3,-1,0,Normal
2026-02-15 14:02:13.272076,NewYork-05d3,46,97,Normal
2026-02-15 14:02:14.272076,NewYork-05d3,-14,27,Normal
2026-02-15 14:02:15.272076,NewYork-05d3,4,58,Normal
2026-02-15 14:02:16.272076,NewYork-05d3,-24,31,Normal
2026-02-15 14:02:17.272076,NewYork-05d3,24,83,Normal
2026-02-15 14:02:18.272076,NewYork-05d3,-12,29,Normal
2026-02-15 14:02:19.272076,NewYork-05d3,16,97,Normal
2026-02-15 14:02:20.272076,NewYork-05d3,-22,80,Normal
2026-02-15 14:02:21.272076,NewYork-05d3,-21,34,Normal
2026-02-15 14:02:22.272076,NewYork-05d3,38,68,Normal
2026-02-15 14:02:23.272076,NewYork-05d3,32,58,Normal
2026-02-15 14:02:24.272076,NewYork-05d3,11,52,Normal
2026-02-15 14:02:25.272076,NewYork-05d3,-22,51,Normal
2026-02-15 14:02:26.272076,NewYork-05d3,-23,46,Normal
2026-02-15 14:02:27.272076,NewYork-05d3,50,94,Normal
2026-02-15 14:02:28.272076,NewYork-05d3,-9,3,Normal
2026-02-15 14:02:29.272076,NewYork-05d3,35,37,Normal
2026-02-15 14:02:30.272076,NewYork-05d3,-11,67,Normal
2026-02-15 14:02:31.272076,NewYork-05d3,41,42,Normal
2026-02-15 14:02:32.272076,NewYork-05d3,17,99,Normal
2026-02-15 14:02:33.272076,NewYork-05d3,-9,70,Normal
2026-02-15 14:02:34.272076,NewYork-05d3,-26,42,Normal
2026-02-15 14:02:35.272076,NewYork-05d3,42,59,Normal
2026-02-15 14:02:36.272076,NewYork-05d3,41,34,Normal
2026-02-15 14:02:37.272076,NewYork-05d3,35,49,Normal
2026-02-15 14:02:38.272076,NewYork-05d3,1,83,Normal
2026-02-15 14:02:39.272076,NewYork-05d3,17,30,Normal
2026-02-15 14:02:40.272076,NewYork-05d3,-27,30,Normal
2026-02-15 14:02:41.272076,NewYork-05d3,-3,44,Normal
2026-02-15 14:02:42.272076,NewYork-05d3,20,10,Normal
2026-02-15 14:02:43.272076,NewYork-05d3,18,50,Normal
2026-02-15 14:02:44.272076,NewYork-05d3,9,93,Normal
2026-02-15 14:02:45.272076,NewYork-05d3,33,21,Normal
2026-02-15 14:02:46.272076,NewYork-05d3,12,2,Normal
2026-02-15 14:02:47.272076,NewYork-05d3,-7,27,Normal
2026-02-15 14:02:48.272076,NewYork-05d3,-15,37,Normal
2026-02-15 14:02:49.272076,NewYork-05d3,-20,84,Normal
2026-02-15 14:02:50.272076,NewYork-05d3,3,61,Normal
2026-02-15 14:02:51.272076,NewYork-05d3,46,17,Normal
2026-02-15 14:02:52.272076,NewYork-05d3,-6,10,Normal
2026-02-15 14:02:53.272076,NewYork-05d3,5,23,Normal
2026-02-15 14:02:54.272076,NewYork-05d3,42,68,Normal
2026-02-15 14:02:55.272076,NewYork-05d3,45,36,Normal
2026-02-15 14:02:56.272076,NewYork-05d3,3,53,Normal
2026-02-15 14:02:57.272076,NewYork-05d3,23,40,Normal
2026-02-15 14:02:58.272076,NewYork-05d3,49,97,Normal
2026-02-15 14:02:59.272076,NewYork-05d3,15,53,Normal
2026-02-15 14:03:00.272076,NewYork-05d3,4,16,Normal
2026-02-15 14:03:01.272076,NewYork-05d3,37,56,Normal
2026-02-15 14:03:02.272076,NewYork-05d3,-29,83,Normal
2026-02-15 14:03:03.272076,NewYork-05d3,24,34,Normal
2026-02-15 14:03:04.272076,NewYork-05d3,32,13,Normal
2026-02-15 14:03:05.272076,NewYork-05d3,38,48,Normal
2026-02-15 14:03:06.272076,NewYork-05d3,11,93,Normal
2026-02-15 14:03:07.272076,NewYork-05d3,35,70,Normal
2026-02-15 14:03:08.272076,NewYork-05d3,-13,44,Normal
2026-02-15 14:03:09.272076,NewYork-05d3,36,30,Normal
2026-02-15 14:03:10.272076,NewYork-05d3,43,11,Normal
2026-02-15 14:03:11.272076,NewYork-05d3,41,99,Normal
2026-02-15 14:03:12.272076,NewYork-05d3,0,25,Normal
2026-02-15 14:03:13.272076,NewYork-05d3,-5,40,Normal
2026-02-15 14:03:14.272076,NewYork-05d3,-28,25,Normal
2026-02-15 14:03:15.272076,NewYork-05d3,2,64,Normal
2026-02-15 14:03:16.272076,NewYork-05d3,45,97,Normal
2026-02-15 14:03:17.272076,NewYork-05d3,49,74,Normal
2026-02-15 14:03:18.272076,NewYork-05d3,19,77,Normal
2026-02-15 14:03:19.272076,NewYork-05d3,44,94,Normal
2026-02-15 14:03:20.272076,NewYork-05d3,-5,87,Normal
2026-02-15 14:03:21.272076,NewYork-05d3,-18,64,Normal
2026-02-15 14:03:22.272076,NewYork-05d3,-11,23,Normal
2026-02-15 14:03:23.272076,NewYork-05d3,31,37,Normal
2026-02-15 14:03:24.272076,NewYork-05d3,2,57,Normal
2026-02-15 14:03:25.272076,NewYork-05d3,14,16,Normal
2026-02-15 14:03:26.272076,NewYork-05d3,39,85,Normal
2026-02-15 14:03:27.272076,NewYork-05d3,-10,34,Normal
2026-02-15 14:03:28.272076,NewYork-05d3,18,45,Normal
2026-02-15 14:03:29.272076,NewYork-05d3,-1,71,Normal
2026-02-15 14:03:30.272076,NewYork-05d3,-2,25,Normal
2026-02-15 14:03:31.272076,NewYork-05d3,16,19,Normal
2026-02-15 14:03:32.272076,NewYork-05d3,-10,89,Normal
2026-02-15 14:03:33.272076,NewYork-05d3,-17,100,Normal
2026-02-15 14:03:34.272076,NewYork-05d3,-29,21,Normal
2026-02-15 14:03:35.272076,NewYork-05d3,2,2,Normal
2026-02-15 14:03:36.272076,NewYork-05d3,16,89,Normal
2026-02-15 14:03:37.272076,NewYork-05d3,-12,75,Normal
2026-02-15 14:03:38.272076,NewYork-05d3,24,61,Normal
2026-02-15 14:03:39.272076,NewYork-05d3,33,39,Normal
2026-02-15 14:03:40.272076,NewYork-05d3,42,73,Normal
2026-02-15 14:03:41.272076,NewYork-05d3,34,28,Normal
2026-02-15 14:03:42.272076,NewYork-05d3,30,56,Normal
2026-02-15 14:03:43.272076,NewYork-05d3,-25,59,Normal
2026-02-15 14:03:44.272076,NewYork-05d3,17,81,Normal
2026-02-15 14:03:45.272076,NewYork-05d3,26,44,Normal
2026-02-15 14:03:46.272076,NewYork-05d3,8,86,Normal
2026-02-15 14:03:47.272076,NewYork-05d3,-22,84,Normal
2026-02-15 14:03:48.272076,NewYork-05d3,-11,54,Normal
2026-02-15 14:03:49.272076,NewYork-05d3,-5,76,Normal
2026-02-15 14:03:50.272076,NewYork-05d3,0,83,Normal
2026-02-15 14:03:51.272076,NewYork-05d3,-1,69,Normal
2026-02-15 14:03:52.272076,NewYork-05d3,9,23,Normal
2026-02-15 14:03:53.272076,NewYork-05d3,-1,62,Normal
2026-02-15 14:03:54.272076,NewYork-05d3,-16,69,Normal
2026-02-15 14:03:55.272076,NewYork-05d3,2,44,Normal
2026-02-15 14:03:56.272076,NewYork-05d3,-5,70,Normal
2026-02-15 14:03:57.272076,NewYork-05d3,-21,46,Normal
2026-02-15 14:03:58.272076,NewYork-05d3,23,52,Normal
2026-02-15 14:03:59.272076,NewYork-05d3,40,86,Normal
2026-02-15 14:04:00.272076,NewYork-05d3,40,6,Normal
2026-02-15 14:04:01.272076,NewYork-05d3,-11,93,Normal
2026-02-15 14:04:02.272076,NewYork-05d3,29,66,Normal
2026-02-15 14:04:03.272076,NewYork-05d3,23,26,Normal
2026-02-15 14:04:04.272076,NewYork-05d3,37,5,Normal
2026-02-15 14:04:05.272076,NewYork-05d3,27,7,Normal
2026-02-15 14:04:06.272076,NewYork-05d3,9,2,Normal
2026-02-15 14:04:07.272076,NewYork-05d3,9,68,Normal
2026-02-15 14:04:08.272076,NewYork-05d3,-26,44,Normal
2026-02-15 14:04:09.272076,NewYork-05d3,-12,38,Normal
2026-02-15 14:04:10.272076,NewYork-05d3,-19,5,Normal
2026-02-15 14:04:11.272076,NewYork-05d3,40,26,Normal
2026-02-15 14:04:12.272076,NewYork-05d3,12,45,Normal
2026-02-15 14:04:13.272076,NewYork-05d3,43,23,Normal
2026-02-15 14:04:14.272076,NewYork-05d3,-21,47,Normal
2026-02-15 14:04:15.272076,NewYork-05d3,-22,24,Normal
2026-02-15 14:04:16.272076,NewYork-05d3,34,74,Normal
2026-02-15 14:04:17.272076,NewYork-05d3,-18,77,Normal
2026-02-15 14:04:18.272076,NewYork-05d3,9,18,Normal
2026-02-15 14:04:19.272076,NewYork-05d3,31,35,Normal
2026-02-15 14:04:20.272076,NewYork-05d3,28,26,Normal
2026-02-15 14:04:21.272076,NewYork-05d3,2,8,Normal
2026-02-15 14:04:22.272076,NewYork-05d3,-18,87,Normal
2026-02-15 14:04:23.272076,NewYork-05d3,16,74,Normal
2026-02-15 14:04:24.272076,NewYork-05d3,-5,70,Normal
2026-02-15 14:04:25.272076,NewYork-05d3,27,52,Normal
2026-02-15 14:04:26.272076,NewYork-05d3,-19,33,Normal
2026-02-15 14:04:27.272076,NewYork-05d3,-15,100,Normal
2026-02-15 14:04:28.272076,NewYork-05d3,2,29,Normal
2026-02-15 14:04:29.272076,NewYork-05d3,28,60,Normal
2026-02-15 14:04:30.272076,NewYork-05d3,-23,34,Normal
2026-02-15 14:04:31.272076,NewYork-05d3,16,41,Normal
2026-02-15 14:04:32.272076,NewYork-05d3,-26,25,Normal
2026-02-15 14:04:33.272076,NewYork-05d3,3,96,Normal
2026-02-15 14:04:34.272076,NewYork-05d3,9,35,Normal
2026-02-15 14:04:35.272076,NewYork-05d3,37,77,Normal
2026-02-15 14:04:36.272076,NewYork-05d3,30,11,Normal
2026-02-15 14:04:37.272076,NewYork-05d3,-20,69,Normal
2026-02-15 14:04:38.272076,NewYork-05d3,-4,85,Normal
2026-02-15 14:04:39.272076,NewYork-05d3,24,67,Normal
2026-02-15 14:04:40.272076,NewYork-05d3,47,30,Normal
2026-02-15 14:04:41.272076,NewYork-05d3,-25,3,Normal
2026-02-15 14:04:42.272076,NewYork-05d3,-11,69,Normal
2026-02-15 14:04:43.272076,NewYork-05d3,-5,90,Normal
2026-02-15 14:04:44.272076,NewYork-05d3,13,65,Normal
2026-02-15 14:04:45.272076,NewYork-05d3,18,76,Normal
2026-02-15 14:04:46.272076,NewYork-05d3,-30,83,Normal
2026-02-15 14:04:47.272076,NewYork-05d3,26,2,Normal
2026-02-15 14:04:48.272076,NewYork-05d3,40,93,Normal
2026-02-15 14:04:49.272076,NewYork-05d3,-29,58,Normal
2026-02-15 14:04:50.272076,NewYork-05d3,-15,40,Normal
2026-02-15 14:04:51.272076,NewYork-05d3,-24,25,Normal
2026-02-15 14:04:52.272076,NewYork-05d3,0,16,Normal
2026-02-15 14:04:53.272076,NewYork-05d3,-3,5,Normal
2026-02-15 14:04:54.272076,NewYork-05d3,-10,33,Normal
2026-02-15 14:04:55.272076,NewYork-05d3,18,5,Normal
2026-02-15 14:04:56.272076,NewYork-05d3,3,75,Normal
2026-02-15 14:04:57.272076,NewYork-05d3,-25,51,Normal
2026-02-15 14:04:58.272076,NewYork-05d3,14,17,Normal
2026-02-15 14:04:59.272076,NewYork-05d3,10,30,Normal
2026-02-15 14:05:00.272076,NewYork-05d3,23,7,Normal
2026-02-15 14:05:01.272076,NewYork-05d3,-30,83,Normal
2026-02-15 14:05:02.272076,NewYork-05d3,37,4,Normal
2026-02-15 14:05:03.272076,NewYork-05d3,8,93,Normal
2026-02-15 14:05:04.272076,NewYork-05d3,33,19,Normal
2026-02-15 14:05:05.272076,NewYork-05d3,-15,82,Normal
2026-02-15 14:05:06.272076,NewYork-05d3,48,23,Normal
2026-02-15 14:05:07.272076,NewYork-05d3,3,10,Normal
2026-02-15 14:05:08.272076,NewYork-05d3,34,49,Normal
2026-02-15 14:05:09.272076,NewYork-05d3,30,51,Normal
2026-02-15 14:05:10.272076,NewYork-05d3,21,67,Normal
2026-02-15 14:05:11.272076,NewYork-05d3,19,23,Normal
2026-02-15 14:05:12.272076,NewYork-05d3,-24,70,Normal
2026-02-15 14:05:13.272076,NewYork-05d3,-6,43,Normal
2026-02-15 14:05:14.272076,NewYork-05d3,-20,82,Normal
2026-02-15 14:05:15.272076,NewYork-05d3,43,91,Normal
2026-02-15 14:05:16.272076,NewYork-05d3,30,17,Normal
2026-02-15 14:05:17.272076,NewYork-05d3,18,63,Normal
2026-02-15 14:05:18.272076,NewYork-05d3,-14,73,Normal
2026-02-15 14:05:19.272076,NewYork-05d3,47,51,Normal
2026-02-15 14:05:20.272076,NewYork-05d3,10,68,Normal
2026-02-15 14:05:21.272076,NewYork-05d3,-24,19,Normal
2026-02-15 14:05:22.272076,NewYork-05d3,10,17,Normal
2026-02-15 14:05:23.272076,NewYork-05d3,17,12,Normal
2026-02-15 14:05:24.272076,NewYork-05d3,-28,62,Normal
2026-02-15 14:05:25.272076,NewYork-05d3,31,2,Normal
2026-02-15 14:05:26.272076,NewYork-05d3,26,43,Normal
2026-02-15 14:05:27.272076,NewYork-05d3,32,45,Normal
2026-02-15 14:05:28.272076,NewYork-05d3,3,20,Normal
2026-02-15 14:05:29.272076,NewYork-05d3,-5,75,Normal
2026-02-15 14:05:30.272076,NewYork-05d3,15,34,Normal
2026-02-15 14:05:31.272076,NewYork-05d3,-18,63,Normal
2026-02-15 14:05:32.272076,NewYork-05d3,-7,22,Normal
2026-02-15 14:05:33.272076,NewYork-05d3,21,53,Normal
2026-02-15 14:05:34.272076,NewYork-05d3,-6,5,Normal
2026-02-15 14:05:35.272076,NewYork-05d3,14,15,Normal
2026-02-15 14:05:36.272076,NewYork-05d3,15,64,Normal
2026-02-15 14:05:37.272076,NewYork-05d3,-16,53,Normal
2026-02-15 14:05:38.272076,NewYork-05d3,7,80,Normal
2026-02-15 14:05:39.272076,NewYork-05d3,-23,68,Normal
2026-02-15 14:05:40.272076,NewYork-05d3,1,82,Normal
2026-02-15 14:05:41.272076,NewYork-05d3,-6,65,Normal
2026-02-15 14:05:42.272076,NewYork-05d3,0,3,Normal
2026-02-15 14:05:43.272076,NewYork-05d3,10,22,Normal
2026-02-15 14:05:44.272076,NewYork-05d3,46,52,Normal
2026-02-15 14:05:45.272076,NewYork-05d3,-22,61,Normal
2026-02-15 14:05:46.272076,NewYork-05d3,12,99,Normal
2026-02-15 14:05:47.272076,NewYork-05d3,49,89,Normal
2026-02-15 14:05:48.272076,NewYork-05d3,35,35,Normal
2026-02-15 14:05:49.272076,NewYork-05d3,17,10,Normal
2026-02-15 14:05:50.272076,NewYork-05d3,16,9,Normal
2026-02-15 14:05:51.272076,NewYork-05d3,-22,91,Normal
2026-02-15 14:05:52.272076,NewYork-05d3,13,90,Normal
2026-02-15 14:05:53.272076,NewYork-05d3,18,67,Normal
2026-02-15 14:05:54.272076,NewYork-05d3,-25,72,Normal
2026-02-15 14:05:55.272076,NewYork-05d3,-8,64,Normal
2026-02-15 14:05:56.272076,NewYork-05d3,-18,9,Normal
2026-02-15 14:05:57.272076,NewYork-05d3,21,95,Normal
2026-02-15 14:05:58.272076,NewYork-05d3,29,4,Normal
2026-02-15 14:05:59.272076,NewYork-05d3,18,0,Normal
2026-02-15 14:06:00.272076,NewYork-05d3,30,11,Normal
2026-02-15 14:06:01.272076,NewYork-05d3,30,64,Normal
2026-02-15 14:06:02.272076,NewYork-05d3,31,20,Normal
2026-02-15 14:06:03.272076,NewYork-05d3,-10,59,Normal
2026-02-15 14:06:04.272076,NewYork-05d3,50,80,Normal
2026-02-15 14:06:05.272076,NewYork-05d3,8,3,Normal
2026-02-15 14:06:06.272076,NewYork-05d3,-2,18,Normal
2026-02-15 14:06:07.272076,NewYork-05d3,21,58,Normal
2026-02-15 14:06:08.272076,NewYork-05d3,-5,1,Normal
2026-02-15 14:06:09.272076,NewYork-05d3,-17,100,Normal
2026-02-15 14:06:10.272076,NewYork-05d3,-29,65,Normal
2026-02-15 14:06:11.272076,NewYork-05d3,-22,90,Normal
2026-02-15 14:06:12.272076,NewYork-05d3,-6,35,Normal
2026-02-15 14:06:13.272076,NewYork-05d3,24,36,Normal
2026-02-15 14:06:14.272076,NewYork-05d3,-5,3,Normal
2026-02-15 14:06:15.272076,NewYork-05d3,37,61,Normal
2026-02-15 14:06:16.272076,NewYork-05d3,-26,96,Normal
2026-02-15 14:06:17.272076,NewYork-05d3,8,85,Normal
2026-02-15 14:06:18.272076,NewYork-05d3,32,43,Normal
2026-02-15 14:06:19.272076,NewYork-05d3,-29,27,Normal
2026-02-15 14:06:20.272076,NewYork-05d3,-12,23,Normal
2026-02-15 14:06:21.272076,NewYork-05d3,7,88,Normal
2026-02-15 14:06:22.272076,NewYork-05d3,-28,61,Normal
2026-02-15 14:06:23.272076,NewYork-05d3,35,66,Normal
2026-02-15 14:06:24.272076,NewYork-05d3,-5,66,Normal
2026-02-15 14:06:25.272076,NewYork-05d3,35,28,Normal
2026-02-15 14:06:26.272076,NewYork-05d3,40,23,Normal
2026-02-15 14:06:27.272076,NewYork-05d3,0,41,Normal
2026-02-15 14:06:28.272076,NewYork-05d3,-9,94,Normal
2026-02-15 14:06:29.272076,NewYork-05d3,38,7,Normal
2026-02-15 14:06:30.272076,NewYork-05d3,-17,34,Normal
2026-02-15 14:06:31.272076,NewYork-05d3,39,75,Normal
2026-02-15 14:06:32.272076,NewYork-05d3,29,4,Normal
2026-02-15 14:06:33.272076,NewYork-05d3,20,43,Normal
2026-02-15 14:06:34.272076,NewYork-05d3,-12,25,Normal
2026-02-15 14:06:35.272076,NewYork-05d3,43,3,Normal
2026-02-15 14:06:36.272076,NewYork-05d3,-15,62,Normal
2026-02-15 14:06:37.272076,NewYork-05d3,-15,30,Normal
2026-02-15 14:06:38.272076,NewYork-05d3,42,45,Normal
2026-02-15 14:06:39.272076,NewYork-05d3,-3,47,Normal
2026-02-15 14:06:40.272076,NewYork-05d3,20,42,Normal
2026-02-15 14:06:41.272076,NewYork-05d3,25,57,Normal
2026-02-15 14:06:42.272076,NewYork-05d3,6,14,Normal
2026-02-15 14:06:43.272076,NewYork-05d3,40,76,Normal
2026-02-15 14:06:44.272076,NewYork-05d3,-16,59,Normal
2026-02-15 14:06:45.272076,NewYork-05d3,0,69,Normal
2026-02-15 14:06:46.272076,NewYork-05d3,15,82,Normal
2026-02-15 14:06:47.272076,NewYork-05d3,16,79,Normal
2026-02-15 14:06:48.272076,NewYork-05d3,35,69,Normal
2026-02-15 14:06:49.272076,NewYork-05d3,-4,31,Normal
2026-02-15 14:06:50.272076,NewYork-05d3,-4,42,Normal
2026-02-15 14:06:51.272076,NewYork-05d3,29,28,Normal
2026-02-15 14:06:52.272076,NewYork-05d3,28,68,Normal
2026-02-15 14:06:53.272076,NewYork-05d3,49,27,Normal
2026-02-15 14:06:54.272076,NewYork-05d3,34,13,Normal
2026-02-15 14:06:55.272076,NewYork-05d3,44,61,Normal
2026-02-15 14:06:56.272076,NewYork-05d3,41,46,Normal
2026-02-15 14:06:57.272076,NewYork-05d3,-2,64,Normal
2026-02-15 14:06:58.272076,NewYork-05d3,5,10,Normal
2026-02-15 14:06:59.272076,NewYork-05d3,17,74,Normal
2026-02-15 14:07:00.272076,NewYork-05d3,9,12,Normal
2026-02-15 14:07:01.272076,NewYork-05d3,8,7,Normal
2026-02-15 14:07:02.272076,NewYork-05d3,-17,64,Normal
2026-02-15 14:07:03.272076,NewYork-05d3,27,18,Normal
2026-02-15 14:07:04.272076,NewYork-05d3,15,76,Normal
2026-02-15 14:07:05.272076,NewYork-05d3,43,77,Normal
2026-02-15 14:07:06.272076,NewYork-05d3,42,32,Normal
2026-02-15 14:07:07.272076,NewYork-05d3,-4,72,Normal
2026-02-15 14:07:08.272076,NewYork-05d3,46,38,Normal
2026-02-15 14:07:09.272076,NewYork-05d3,42,19,Normal
2026-02-15 14:07:10.272076,NewYork-05d3,4,64,Normal
2026-02-15 14:07:11.272076,NewYork-05d3,41,83,Normal
2026-02-15 14:07:12.272076,NewYork-05d3,-10,39,Normal
2026-02-15 14:07:13.272076,NewYork-05d3,30,52,Normal
2026-02-15 14:07:14.272076,NewYork-05d3,45,62,Normal
2026-02-15 14:07:15.272076,NewYork-05d3,29,14,Normal
2026-02-15 14:07:16.272076,NewYork-05d3,-1,2,Normal
2026-02-15 14:07:17.272076,NewYork-05d3,-16,20,Normal
2026-02-15 14:07:18.272076,NewYork-05d3,12,1,Normal
2026-02-15 14:07:19.272076,NewYork-05d3,36,58,Normal
2026-02-15 14:07:20.272076,NewYork-05d3,-22,52,Normal
2026-02-15 14:07:21.272076,NewYork-05d3,39,18,Normal
2026-02-15 14:07:22.272076,NewYork-05d3,37,12,Normal
2026-02-15 14:07:23.272076,NewYork-05d3,-4,36,Normal
2026-02-15 14:07:24.272076,NewYork-05d3,41,21,Normal
2026-02-15 14:07:25.272076,NewYork-05d3,48,91,Normal
2026-02-15 14:07:26.272076,NewYork-05d3,-7,45,Normal
2026-02-15 14:07:27.272076,NewYork-05d3,33,35,Normal
2026-02-15 14:07:28.272076,NewYork-05d3,-25,47,Normal
2026-02-15 14:07:29.272076,NewYork-05d3,45,0,Normal
2026-02-15 14:07:30.272076,NewYork-05d3,4,22,Normal
2026-02-15 14:07:31.272076,NewYork-05d3,5,13,Normal
2026-02-15 14:07:32.272076,NewYork-05d3,-16,29,Normal
2026-02-15 14:07:33.272076,NewYork-05d3,32,35,Normal
2026-02-15 14:07:34.272076,NewYork-05d3,11,45,Normal
2026-02-15 14:07:35.272076,NewYork-05d3,50,91,Normal
2026-02-15 14:07:36.272076,NewYork-05d3,9,77,Normal
2026-02-15 14:07:37.272076,NewYork-05d3,-1,43,Normal
2026-02-15 14:07:38.272076,NewYork-05d3,40,37,Normal
2026-02-15 14:07:39.272076,NewYork-05d3,39,2,Normal
2026-02-15 14:07:40.272076,NewYork-05d3,50,76,Normal
2026-02-15 14:07:41.272076,NewYork-05d3,-25,40,Normal
2026-02-15 14:07:42.272076,NewYork-05d3,19,42,Normal
2026-02-15 14:07:43.272076,NewYork-05d3,29,63,Normal
2026-02-15 14:07:44.272076,NewYork-05d3,21,5,Normal
2026-02-15 14:07:45.272076,NewYork-05d3,-3,17,Normal
2026-02-15 14:07:46.272076,NewYork-05d3,4,47,Normal
2026-02-15 14:07:47.272076,NewYork-05d3,-10,82,Normal
2026-02-15 14:07:48.272076,NewYork-05d3,46,77,Normal
2026-02-15 14:07:49.272076,NewYork-05d3,50,26,Normal
2026-02-15 14:07:50.272076,NewYork-05d3,-1,8,Normal
2026-02-15 14:07:51.272076,NewYork-05d3,-28,1,Normal
2026-02-15 14:07:52.272076,NewYork-05d3,-9,20,Normal
2026-02-15 14:07:53.272076,NewYork-05d3,12,18,Normal
2026-02-15 14:07:54.272076,NewYork-05d3,12,63,Normal
2026-02-15 14:07:55.272076,NewYork-05d3,47,76,Normal
2026-02-15 14:07:56.272076,NewYork-05d3,11,86,Normal
2026-02-15 14:07:57.272076,NewYork-05d3,39,92,Normal
2026-02-15 14:07:58.272076,NewYork-05d3,23,20,Normal
2026-02-15 14:07:59.272076,NewYork-05d3,47,7,Normal
2026-02-15 14:08:00.272076,NewYork-05d3,19,15,Normal
2026-02-15 14:08:01.272076,NewYork-05d3,-20,78,Normal
2026-02-15 14:08:02.272076,NewYork-05d3,39,27,Normal
2026-02-15 14:08:03.272076,NewYork-05d3,47,33,Normal
2026-02-15 14:08:04.272076,NewYork-05d3,-20,100,Normal
2026-02-15 14:08:05.272076,NewYork-05d3,-15,69,Normal
2026-02-15 14:08:06.272076,NewYork-05d3,29,58,Normal
2026-02-15 14:08:07.272076,NewYork-05d3,-9,64,Normal
2026-02-15 14:08:08.272076,NewYork-05d3,49,98,Normal
2026-02-15 14:08:09.272076,NewYork-05d3,-22,23,Normal
2026-02-15 14:08:10.272076,NewYork-05d3,4,46,Normal
2026-02-15 14:08:11.272076,NewYork-05d3,29,23,Normal
2026-02-15 14:08:12.272076,NewYork-05d3,-9,35,Normal
2026-02-15 14:08:13.272076,NewYork-05d3,36,48,Normal
2026-02-15 14:08:14.272076,NewYork-05d3,36,19,Normal
2026-02-15 14:08:15.272076,NewYork-05d3,34,23,Normal
2026-02-15 14:08:16.272076,NewYork-05d3,0,84,Normal
2026-02-15 14:08:17.272076,NewYork-05d3,49,21,Normal
2026-02-15 14:08:18.272076,NewYork-05d3,-22,99,Normal
2026-02-15 14:08:19.272076,NewYork-05d3,6,58,Normal
2026-02-15 14:08:20.272076,NewYork-05d3,-12,17,Normal
2026-02-15 14:08:21.272076,NewYork-05d3,43,50,Normal
2026-02-15 14:08:22.272076,NewYork-05d3,15,11,Normal
2026-02-15 14:08:23.272076,NewYork-05d3,-6,86,Normal
2026-02-15 14:08:24.272076,NewYork-05d3,-2,93,Normal
2026-02-15 14:08:25.272076,NewYork-05d3,41,99,Normal
2026-02-15 14:08:26.272076,NewYork-05d3,13,43,Normal
2026-02-15 14:08:27.272076,NewYork-05d3,-2,26,Normal
2026-02-15 14:08:28.272076,NewYork-05d3,26,35,Normal
2026-02-15 14:08:29.272076,NewYork-05d3,16,65,Normal
2026-02-15 14:08:30.272076,NewYork-05d3,24,50,Normal
2026-02-15 14:08:31.272076,NewYork-05d3,41,17,Normal
2026-02-15 14:08:32.272076,NewYork-05d3,-11,21,Normal
2026-02-15 14:08:33.272076,NewYork-05d3,24,53,Normal
2026-02-15 14:08:34.272076,NewYork-05d3,2,87,Normal
