timestamp,station_id,temp,humid,condition
2026-02-14 03:13:13.781888,Berlin-aa7e,-13,32,Normal
2026-02-14 03:13:14.781888,Berlin-aa7e,41,31,Normal
2026-02-14 03:13:15.781888,Berlin-aa7e,42,1,Normal
2026-02-14 03:13:16.781888,Berlin-aa7e,41,15,Normal
2026-02-14 03:13:17.781888,Berlin-aa7e,45,20,Normal
2026-02-14 03:13:18.781888,Berlin-aa7e,30,54,Normal
2026-02-14 03:13:19.781888,Berlin-aa7e,-12,7,Normal
2026-02-14 03:13:20.781888,Berlin-aa7e,31,55,Normal
2026-02-14 03:13:21.781888,Berlin-aa7e,25,48,Normal
2026-02-14 03:13:22.781888,Berlin-aa7e,50,33,Normal
2026-02-14 03:13:23.781888,Berlin-aa7e,50,72,Normal
2026-02-14 03:13:24.781888,Berlin-aa7e,18,92,Normal
2026-02-14 03:13:25.781888,Berlin-aa7e,31,81,Normal
2026-02-14 03:13:26.781888,Berlin-aa7e,32,92,Normal
2026-02-14 03:13:27.781888,Berlin-aa7e,21,23,Normal
2026-02-14 03:13:28.781888,Berlin-aa7e,33,36,Normal
2026-02-14 03:13:29.781888,Berlin-aa7e,47,19,Normal
2026-02-14 03:13:30.781888,Berlin-aa7e,-5,61,Normal
2026-02-14 03:13:31.781888,Berlin-aa7e,-24,88,Normal
2026-02-14 03:13:32.781888,Berlin-aa7e,23,67,Normal
2026-02-14 03:13:33.781888,Berlin-aa7e,7,34,Normal
2026-02-14 03:13:34.781888,Berlin-aa7e,18,9,Normal
2026-02-14 03:13:35.781888,Berlin-aa7e,13,8,Normal
2026-02-14 03:13:36.781888,Berlin-aa7e,31,19,Normal
2026-02-14 03:13:37.781888,Berlin-aa7e,25,28,Normal
2026-02-14 03:13:38.781888,Berlin-aa7e,19,37,Normal
2026-02-14 03:13:39.781888,Berlin-aa7e,44,60,Normal
2026-02-14 03:13:40.781888,Berlin-aa7e,21,55,Normal
2026-02-14 03:13:41.781888,Berlin-aa7e,40,23,Normal
2026-02-14 03:13:42.781888,Berlin-aa7e,41,89,Normal
2026-02-14 03:13:43.781888,Berlin-aa7e,-2,29,Normal
2026-02-14 03:13:44.781888,Berlin-aa7e,-26,69,Normal
2026-02-14 03:13:45.781888,Berlin-aa7e,12,45,Normal
2026-02-14 03:13:46.781888,Berlin-aa7e,-20,90,Normal
2026-02-14 03:13:47.781888,Berlin-aa7e,19,21,Normal
2026-02-14 03:13:48.781888,Berlin-aa7e,22,86,Normal
2026-02-14 03:13:49.781888,Berlin-aa7e,-2,46,Normal
2026-02-14 03:13:50.781888,Berlin-aa7e,35,8,Normal
2026-02-14 03:13:51.781888,Berlin-aa7e,10,38,Normal
2026-02-14 03:13:52.781888,Berlin-aa7e,49,91,Normal
2026-02-14 03:13:53.781888,Berlin-aa7e,16,8,Normal
2026-02-14 03:13:54.781888,Berlin-aa7e,38,60,Normal
2026-02-14 03:13:55.781888,Berlin-aa7e,25,6,Normal
2026-02-14 03:13:56.781888,Berlin-aa7e,48,74,Normal
2026-02-14 03:13:57.781888,Berlin-aa7e,49,40,Normal
2026-02-14 03:13:58.781888,Berlin-aa7e,20,70,Normal
2026-02-14 03:13:59.781888,Berlin-aa7e,-20,66,Normal
2026-02-14 03:14:00.781888,Berlin-aa7e,21,73,Normal
2026-02-14 03:14:01.781888,Berlin-aa7e,-3,32,Normal
2026-02-14 03:14:02.781888,Berlin-aa7e,21,78,Normal
2026-02-14 03:14:03.781888,Berlin-aa7e,-19,5,Normal
2026-02-14 03:14:04.781888,Berlin-aa7e,28,23,Normal
2026-02-14 03:14:05.781888,Berlin-aa7e,39,52,Normal
2026-02-14 03:14:06.781888,Berlin-aa7e,-24,62,Normal
2026-02-14 03:14:07.781888,Berlin-aa7e,46,58,Normal
2026-02-14 03:14:08.781888,Berlin-aa7e,25,46,Normal
2026-02-14 03:14:09.781888,Berlin-aa7e,-22,58,Normal
2026-02-14 03:14:10.781888,Berlin-aa7e,40,27,Normal
2026-02-14 03:14:11.781888,Berlin-aa7e,45,81,Normal
2026-02-14 03:14:12.781888,Berlin-aa7e,43,97,Normal
2026-02-14 03:14:13.781888,Berlin-aa7e,30,96,Normal
2026-02-14 03:14:14.781888,Berlin-aa7e,-19,60,Normal
2026-02-14 03:14:15.781888,Berlin-aa7e,38,34,Normal
2026-02-14 03:14:16.781888,Berlin-aa7e,10,41,Normal
2026-02-14 03:14:17.781888,Berlin-aa7e,-25,89,Normal
2026-02-14 03:14:18.781888,Berlin-aa7e,-18,98,Normal
2026-02-14 03:14:19.781888,Berlin-aa7e,-25,61,Normal
2026-02-14 03:14:20.781888,Berlin-aa7e,18,22,Normal
2026-02-14 03:14:21.781888,Berlin-aa7e,28,11,Normal
2026-02-14 03:14:22.781888,Berlin-aa7e,-11,61,Normal
2026-02-14 03:14:23.781888,Berlin-aa7e,28,54,Normal
2026-02-14 03:14:24.781888,Berlin-aa7e,-1,5,Normal
2026-02-14 03:14:25.781888,Berlin-aa7e,-13,68,Normal
2026-02-14 03:14:26.781888,Berlin-aa7e,26,40,Normal
2026-02-14 03:14:27.781888,Berlin-aa7e,-11,67,Normal
2026-02-14 03:14:28.781888,Berlin-aa7e,-16,5,Normal
2026-02-14 03:14:29.781888,Berlin-aa7e,47,69,Normal
2026-02-14 03:14:30.781888,Berlin-aa7e,-27,86,Normal
2026-02-14 03:14:31.781888,Berlin-aa7e,45,68,Normal
2026-02-14 03:14:32.781888,Berlin-aa7e,35,64,Normal
2026-02-14 03:14:33.781888,Berlin-aa7e,12,69,Normal
2026-02-14 03:14:34.781888,Berlin-aa7e,-27,2,Normal
2026-02-14 03:14:35.781888,Berlin-aa7e,-11,44,Normal
2026-02-14 03:14:36.781888,Berlin-aa7e,-30,13,Normal
2026-02-14 03:14:37.781888,Berlin-aa7e,38,80,Normal
2026-02-14 03:14:38.781888,Berlin-aa7e,14,38,Normal
2026-02-14 03:14:39.781888,Berlin-aa7e,-13,2,Normal
2026-02-14 03:14:40.781888,Berlin-aa7e,-9,96,Normal
2026-02-14 03:14:41.781888,Berlin-aa7e,48,93,Normal
2026-02-14 03:14:42.781888,Berlin-aa7e,-9,40,Normal
2026-02-14 03:14:43.781888,Berlin-aa7e,3,34,Normal
2026-02-14 03:14:44.781888,Berlin-aa7e,2,55,Normal
2026-02-14 03:14:45.781888,Berlin-aa7e,-26,75,Normal
2026-02-14 03:14:46.781888,Berlin-aa7e,-14,46,Normal
2026-02-14 03:14:47.781888,Berlin-aa7e,-15,42,Normal
2026-02-14 03:14:48.781888,Berlin-aa7e,3,60,Normal
2026-02-14 03:14:49.781888,Berlin-aa7e,3,42,Normal
2026-02-14 03:14:50.781888,Berlin-aa7e,40,15,Normal
2026-02-14 03:14:51.781888,Berlin-aa7e,37,54,Normal
2026-02-14 03:14:52.781888,Berlin-aa7e,44,0,Normal
2026-02-14 03:14:53.781888,Berlin-aa7e,-25,39,Normal
2026-02-14 03:14:54.781888,Berlin-aa7e,-22,28,Normal
2026-02-14 03:14:55.781888,Berlin-aa7e,-22,39,Normal
2026-02-14 03:14:56.781888,Berlin-aa7e,-9,58,Normal
2026-02-14 03:14:57.781888,Berlin-aa7e,17,64,Normal
2026-02-14 03:14:58.781888,Berlin-aa7e,1,96,Normal
2026-02-14 03:14:59.781888,Berlin-aa7e,-23,36,Normal
2026-02-14 03:15:00.781888,Berlin-aa7e,-20,46,Normal
2026-02-14 03:15:01.781888,Berlin-aa7e,32,86,Normal
2026-02-14 03:15:02.781888,Berlin-aa7e,-15,9,Normal
2026-02-14 03:15:03.781888,Berlin-aa7e,-19,91,Normal
2026-02-14 03:15:04.781888,Berlin-aa7e,37,41,Normal
2026-02-14 03:15:05.781888,Berlin-aa7e,43,82,Normal
2026-02-14 03:15:06.781888,Berlin-aa7e,-7,60,Normal
2026-02-14 03:15:07.781888,Berlin-aa7e,-26,56,Normal
2026-02-14 03:15:08.781888,Berlin-aa7e,-13,81,Normal
2026-02-14 03:15:09.781888,Berlin-aa7e,35,81,Normal
2026-02-14 03:15:10.781888,Berlin-aa7e,-7,90,Normal
2026-02-14 03:15:11.781888,Berlin-aa7e,28,43,Normal
2026-02-14 03:15:12.781888,Berlin-aa7e,-24,61,Normal
2026-02-14 03:15:13.781888,Berlin-aa7e,14,82,Normal
2026-02-14 03:15:14.781888,Berlin-aa7e,16,20,Normal
2026-02-14 03:15:15.781888,Berlin-aa7e,50,69,Normal
2026-02-14 03:15:16.781888,Berlin-aa7e,37,45,Normal
2026-02-14 03:15:17.781888,Berlin-aa7e,30,96,Normal
2026-02-14 03:15:18.781888,Berlin-aa7e,-27,48,Normal
2026-02-14 03:15:19.781888,Berlin-aa7e,36,43,Normal
2026-02-14 03:15:20.781888,Berlin-aa7e,-15,81,Normal
2026-02-14 03:15:21.781888,Berlin-aa7e,-1,37,Normal
2026-02-14 03:15:22.781888,Berlin-aa7e,46,55,Normal
2026-02-14 03:15:23.781888,Berlin-aa7e,-18,89,Normal
2026-02-14 03:15:24.781888,Berlin-aa7e,-15,64,Normal
2026-02-14 03:15:25.781888,Berlin-aa7e,-20,33,Normal
2026-02-14 03:15:26.781888,Berlin-aa7e,-13,90,Normal
2026-02-14 03:15:27.781888,Berlin-aa7e,7,89,Normal
2026-02-14 03:15:28.781888,Berlin-aa7e,-1,97,Normal
2026-02-14 03:15:29.781888,Berlin-aa7e,0,97,Normal
2026-02-14 03:15:30.781888,Berlin-aa7e,15,19,Normal
2026-02-14 03:15:31.781888,Berlin-aa7e,3,81,Normal
2026-02-14 03:15:32.781888,Berlin-aa7e,47,43,Normal
2026-02-14 03:15:33.781888,Berlin-aa7e,32,69,Normal
2026-02-14 03:15:34.781888,Berlin-aa7e,9,96,Normal
2026-02-14 03:15:35.781888,Berlin-aa7e,4,7,Normal
2026-02-14 03:15:36.781888,Berlin-aa7e,7,35,Normal
2026-02-14 03:15:37.781888,Berlin-aa7e,-12,38,Normal
2026-02-14 03:15:38.781888,Berlin-aa7e,-23,99,Normal
2026-02-14 03:15:39.781888,Berlin-aa7e,22,40,Normal
2026-02-14 03:15:40.781888,Berlin-aa7e,27,21,Normal
2026-02-14 03:15:41.781888,Berlin-aa7e,-21,94,Normal
2026-02-14 03:15:42.781888,Berlin-aa7e,-18,80,Normal
2026-02-14 03:15:43.781888,Berlin-aa7e,0,49,Normal
2026-02-14 03:15:44.781888,Berlin-aa7e,37,97,Normal
2026-02-14 03:15:45.781888,Berlin-aa7e,25,92,Normal
2026-02-14 03:15:46.781888,Berlin-aa7e,-23,49,Normal
2026-02-14 03:15:47.781888,Berlin-aa7e,14,9,Normal
2026-02-14 03:15:48.781888,Berlin-aa7e,-18,60,Normal
2026-02-14 03:15:49.781888,Berlin-aa7e,6,97,Normal
2026-02-14 03:15:50.781888,Berlin-aa7e,50,10,Normal
2026-02-14 03:15:51.781888,Berlin-aa7e,34,31,Normal
2026-02-14 03:15:52.781888,Berlin-aa7e,-4,69,Normal
2026-02-14 03:15:53.781888,Berlin-aa7e,-10,93,Normal
2026-02-14 03:15:54.781888,Berlin-aa7e,13,37,Normal
2026-02-14 03:15:55.781888,Berlin-aa7e,47,90,Normal
2026-02-14 03:15:56.781888,Berlin-aa7e,-26,85,Normal
2026-02-14 03:15:57.781888,Berlin-aa7e,2,93,Normal
2026-02-14 03:15:58.781888,Berlin-aa7e,-12,49,Normal
2026-02-14 03:15:59.781888,Berlin-aa7e,-13,1,Normal
2026-02-14 03:16:00.781888,Berlin-aa7e,-12,51,Normal
2026-02-14 03:16:01.781888,Berlin-aa7e,-12,29,Normal
2026-02-14 03:16:02.781888,Berlin-aa7e,33,48,Normal
2026-02-14 03:16:03.781888,Berlin-aa7e,15,9,Normal
2026-02-14 03:16:04.781888,Berlin-aa7e,27,1,Normal
2026-02-14 03:16:05.781888,Berlin-aa7e,3,0,Normal
2026-02-14 03:16:06.781888,Berlin-aa7e,28,76,Normal
2026-02-14 03:16:07.781888,Berlin-aa7e,9,0,Normal
2026-02-14 03:16:08.781888,Berlin-aa7e,28,31,Normal
2026-02-14 03:16:09.781888,Berlin-aa7e,11,34,Normal
2026-02-14 03:16:10.781888,Berlin-aa7e,-26,40,Normal
2026-02-14 03:16:11.781888,Berlin-aa7e,41,35,Normal
2026-02-14 03:16:12.781888,Berlin-aa7e,11,43,Normal
2026-02-14 03:16:13.781888,Berlin-aa7e,-8,75,Normal
2026-02-14 03:16:14.781888,Berlin-aa7e,16,75,Normal
2026-02-14 03:16:15.781888,Berlin-aa7e,28,83,Normal
2026-02-14 03:16:16.781888,Berlin-aa7e,38,88,Normal
2026-02-14 03:16:17.781888,Berlin-aa7e,43,71,Normal
2026-02-14 03:16:18.781888,Berlin-aa7e,49,43,Normal
2026-02-14 03:16:19.781888,Berlin-aa7e,-25,8,Normal
2026-02-14 03:16:20.781888,Berlin-aa7e,16,22,Normal
2026-02-14 03:16:21.781888,Berlin-aa7e,-21,68,Normal
2026-02-14 03:16:22.781888,Berlin-aa7e,-17,71,Normal
2026-02-14 03:16:23.781888,Berlin-aa7e,19,58,Normal
2026-02-14 03:16:24.781888,Berlin-aa7e,-7,38,Normal
2026-02-14 03:16:25.781888,Berlin-aa7e,16,1,Normal
2026-02-14 03:16:26.781888,Berlin-aa7e,42,25,Normal
2026-02-14 03:16:27.781888,Berlin-aa7e,0,28,Normal
2026-02-14 03:16:28.781888,Berlin-aa7e,-18,77,Normal
2026-02-14 03:16:29.781888,Berlin-aa7e,12,70,Normal
2026-02-14 03:16:30.781888,Berlin-aa7e,13,16,Normal
2026-02-14 03:16:31.781888,Berlin-aa7e,3,77,Normal
2026-02-14 03:16:32.781888,Berlin-aa7e,50,20,Normal
2026-02-14 03:16:33.781888,Berlin-aa7e,-14,52,Normal
2026-02-14 03:16:34.781888,Berlin-aa7e,18,55,Normal
2026-02-14 03:16:35.781888,Berlin-aa7e,22,13,Normal
2026-02-14 03:16:36.781888,Berlin-aa7e,5,88,Normal
2026-02-14 03:16:37.781888,Berlin-aa7e,35,91,Normal
2026-02-14 03:16:38.781888,Berlin-aa7e,-13,82,Normal
2026-02-14 03:16:39.781888,Berlin-aa7e,-4,98,Normal
2026-02-14 03:16:40.781888,Berlin-aa7e,-26,19,Normal
2026-02-14 03:16:41.781888,Berlin-aa7e,-3,62,Normal
2026-02-14 03:16:42.781888,Berlin-aa7e,25,96,Normal
2026-02-14 03:16:43.781888,Berlin-aa7e,3,74,Normal
2026-02-14 03:16:44.781888,Berlin-aa7e,13,94,Normal
2026-02-14 03:16:45.781888,Berlin-aa7e,14,98,Normal
2026-02-14 03:16:46.781888,Berlin-aa7e,4,30,Normal
2026-02-14 03:16:47.781888,Berlin-aa7e,14,49,Normal
2026-02-14 03:16:48.781888,Berlin-aa7e,-8,31,Normal
2026-02-14 03:16:49.781888,Berlin-aa7e,-10,18,Normal
2026-02-14 03:16:50.781888,Berlin-aa7e,50,69,Normal
2026-02-14 03:16:51.781888,Berlin-aa7e,23,92,Normal
2026-02-14 03:16:52.781888,Berlin-aa7e,-27,39,Normal
2026-02-14 03:16:53.781888,Berlin-aa7e,-16,95,Normal
2026-02-14 03:16:54.781888,Berlin-aa7e,24,3,Normal
2026-02-14 03:16:55.781888,Berlin-aa7e,-1,29,Normal
2026-02-14 03:16:56.781888,Berlin-aa7e,50,70,Normal
2026-02-14 03:16:57.781888,Berlin-aa7e,-30,83,Normal
2026-02-14 03:16:58.781888,Berlin-aa7e,41,67,Normal
2026-02-14 03:16:59.781888,Berlin-aa7e,-7,100,Normal
2026-02-14 03:17:00.781888,Berlin-aa7e,31,22,Normal
2026-02-14 03:17:01.781888,Berlin-aa7e,-7,15,Normal
2026-02-14 03:17:02.781888,Berlin-aa7e,19,20,Normal
2026-02-14 03:17:03.781888,Berlin-aa7e,-21,64,Normal
2026-02-14 03:17:04.781888,Berlin-aa7e,-28,18,Normal
2026-02-14 03:17:05.781888,Berlin-aa7e,-18,82,Normal
2026-02-14 03:17:06.781888,Berlin-aa7e,8,52,Normal
2026-02-14 03:17:07.781888,Berlin-aa7e,29,57,Normal
2026-02-14 03:17:08.781888,Berlin-aa7e,7,49,Normal
2026-02-14 03:17:09.781888,Berlin-aa7e,47,17,Normal
2026-02-14 03:17:10.781888,Berlin-aa7e,36,26,Normal
2026-02-14 03:17:11.781888,Berlin-aa7e,26,76,Normal
2026-02-14 03:17:12.781888,Berlin-aa7e,0,41,Normal
2026-02-14 03:17:13.781888,Berlin-aa7e,1,20,Normal
2026-02-14 03:17:14.781888,Berlin-aa7e,-8,66,Normal
2026-02-14 03:17:15.781888,Berlin-aa7e,21,13,Normal
2026-02-14 03:17:16.781888,Berlin-aa7e,-18,52,Normal
2026-02-14 03:17:17.781888,Berlin-aa7e,9,88,Normal
2026-02-14 03:17:18.781888,Berlin-aa7e,-18,21,Normal
2026-02-14 03:17:19.781888,Berlin-aa7e,46,47,Normal
2026-02-14 03:17:20.781888,Berlin-aa7e,2,52,Normal
2026-02-14 03:17:21.781888,Berlin-aa7e,-13,7,Normal
2026-02-14 03:17:22.781888,Berlin-aa7e,-6,3,Normal
2026-02-14 03:17:23.781888,Berlin-aa7e,-19,60,Normal
2026-02-14 03:17:24.781888,Berlin-aa7e,5,38,Normal
2026-02-14 03:17:25.781888,Berlin-aa7e,24,41,Normal
2026-02-14 03:17:26.781888,Berlin-aa7e,16,93,Normal
2026-02-14 03:17:27.781888,Berlin-aa7e,16,32,Normal
2026-02-14 03:17:28.781888,Berlin-aa7e,-6,8,Normal
2026-02-14 03:17:29.781888,Berlin-aa7e,-29,75,Normal
2026-02-14 03:17:30.781888,Berlin-aa7e,5,90,Normal
2026-02-14 03:17:31.781888,Berlin-aa7e,-29,53,Normal
2026-02-14 03:17:32.781888,Berlin-aa7e,12,97,Normal
2026-02-14 03:17:33.781888,Berlin-aa7e,1,79,Normal
2026-02-14 03:17:34.781888,Berlin-aa7e,18,88,Normal
2026-02-14 03:17:35.781888,Berlin-aa7e,10,6,Normal
2026-02-14 03:17:36.781888,Berlin-aa7e,27,94,Normal
2026-02-14 03:17:37.781888,Berlin-aa7e,-20,90,Normal
2026-02-14 03:17:38.781888,Berlin-aa7e,16,52,Normal
2026-02-14 03:17:39.781888,Berlin-aa7e,-5,4,Normal
2026-02-14 03:17:40.781888,Berlin-aa7e,33,39,Normal
2026-02-14 03:17:41.781888,Berlin-aa7e,-4,91,Normal
2026-02-14 03:17:42.781888,Berlin-aa7e,11,84,Normal
2026-02-14 03:17:43.781888,Berlin-aa7e,-12,28,Normal
2026-02-14 03:17:44.781888,Berlin-aa7e,37,50,Normal
2026-02-14 03:17:45.781888,Berlin-aa7e,33,54,Normal
2026-02-14 03:17:46.781888,Berlin-aa7e,39,80,Normal
2026-02-14 03:17:47.781888,Berlin-aa7e,30,89,Normal
2026-02-14 03:17:48.781888,Berlin-aa7e,-22,78,Normal
2026-02-14 03:17:49.781888,Berlin-aa7e,22,72,Normal
2026-02-14 03:17:50.781888,Berlin-aa7e,-5,67,Normal
2026-02-14 03:17:51.781888,Berlin-aa7e,43,96,Normal
2026-02-14 03:17:52.781888,Berlin-aa7e,-12,85,Normal
2026-02-14 03:17:53.781888,Berlin-aa7e,-4,75,Normal
2026-02-14 03:17:54.781888,Berlin-aa7e,31,90,Normal
2026-02-14 03:17:55.781888,Berlin-aa7e,-15,5,Normal
2026-02-14 03:17:56.781888,Berlin-aa7e,26,63,Normal
2026-02-14 03:17:57.781888,Berlin-aa7e,8,29,Normal
2026-02-14 03:17:58.781888,Berlin-aa7e,50,68,Normal
2026-02-14 03:17:59.781888,Berlin-aa7e,-16,40,Normal
2026-02-14 03:18:00.781888,Berlin-aa7e,8,62,Normal
2026-02-14 03:18:01.781888,Berlin-aa7e,31,3,Normal
2026-02-14 03:18:02.781888,Berlin-aa7e,-18,91,Normal
2026-02-14 03:18:03.781888,Berlin-aa7e,14,100,Normal
2026-02-14 03:18:04.781888,Berlin-aa7e,36,91,Normal
2026-02-14 03:18:05.781888,Berlin-aa7e,26,51,Normal
2026-02-14 03:18:06.781888,Berlin-aa7e,37,12,Normal
2026-02-14 03:18:07.781888,Berlin-aa7e,-28,87,Normal
2026-02-14 03:18:08.781888,Berlin-aa7e,43,69,Normal
2026-02-14 03:18:09.781888,Berlin-aa7e,-26,97,Normal
2026-02-14 03:18:10.781888,Berlin-aa7e,40,71,Normal
2026-02-14 03:18:11.781888,Berlin-aa7e,-11,8,Normal
2026-02-14 03:18:12.781888,Berlin-aa7e,22,45,Normal
2026-02-14 03:18:13.781888,Berlin-aa7e,21,75,Normal
2026-02-14 03:18:14.781888,Berlin-aa7e,24,93,Normal
2026-02-14 03:18:15.781888,Berlin-aa7e,-26,7,Normal
2026-02-14 03:18:16.781888,Berlin-aa7e,-6,45,Normal
2026-02-14 03:18:17.781888,Berlin-aa7e,-12,92,Normal
2026-02-14 03:18:18.781888,Berlin-aa7e,11,12,Normal
2026-02-14 03:18:19.781888,Berlin-aa7e,-22,25,Normal
2026-02-14 03:18:20.781888,Berlin-aa7e,24,67,Normal
2026-02-14 03:18:21.781888,Berlin-aa7e,48,65,Normal
2026-02-14 03:18:22.781888,Berlin-aa7e,25,65,Normal
2026-02-14 03:18:23.781888,Berlin-aa7e,-27,94,Normal
2026-02-14 03:18:24.781888,Berlin-aa7e,2,74,Normal
2026-02-14 03:18:25.781888,Berlin-aa7e,5,75,Normal
2026-02-14 03:18:26.781888,Berlin-aa7e,24,73,Normal
2026-02-14 03:18:27.781888,Berlin-aa7e,-6,53,Normal
2026-02-14 03:18:28.781888,Berlin-aa7e,19,2,Normal
2026-02-14 03:18:29.781888,Berlin-aa7e,-26,66,Normal
2026-02-14 03:18:30.781888,Berlin-aa7e,-17,35,Normal
2026-02-14 03:18:31.781888,Berlin-aa7e,48,91,Normal
2026-02-14 03:18:32.781888,Berlin-aa7e,15,47,Normal
2026-02-14 03:18:33.781888,Berlin-aa7e,3,43,Normal
2026-02-14 03:18:34.781888,Berlin-aa7e,36,88,Normal
2026-02-14 03:18:35.781888,Berlin-aa7e,-20,11,Normal
2026-02-14 03:18:36.781888,Berlin-aa7e,-5,55,Normal
2026-02-14 03:18:37.781888,Berlin-aa7e,-5,3,Normal
2026-02-14 03:18:38.781888,Berlin-aa7e,24,100,Normal
2026-02-14 03:18:39.781888,Berlin-aa7e,32,69,Normal
2026-02-14 03:18:40.781888,Berlin-aa7e,21,3,Normal
2026-02-14 03:18:41.781888,Berlin-aa7e,18,83,Normal
2026-02-14 03:18:42.781888,Berlin-aa7e,44,85,Normal
2026-02-14 03:18:43.781888,Berlin-aa7e,2,68,Normal
2026-02-14 03:18:44.781888,Berlin-aa7e,1,71,Normal
2026-02-14 03:18:45.781888,Berlin-aa7e,-13,90,Normal
2026-02-14 03:18:46.781888,Berlin-aa7e,5,45,Normal
2026-02-14 03:18:47.781888,Berlin-aa7e,15,78,Normal
2026-02-14 03:18:48.781888,Berlin-aa7e,-4,82,Normal
2026-02-14 03:18:49.781888,Berlin-aa7e,-14,7,Normal
2026-02-14 03:18:50.781888,Berlin-aa7e,9,56,Normal
2026-02-14 03:18:51.781888,Berlin-aa7e,21,22,Normal
2026-02-14 03:18:52.781888,Berlin-aa7e,37,30,Normal
2026-02-14 03:18:53.781888,Berlin-aa7e,20,49,Normal
2026-02-14 03:18:54.781888,Berlin-aa7e,37,19,Normal
2026-02-14 03:18:55.781888,Berlin-aa7e,11,7,Normal
2026-02-14 03:18:56.781888,Berlin-aa7e,-28,56,Normal
2026-02-14 03:18:57.781888,Berlin-aa7e,-8,63,Normal
2026-02-14 03:18:58.781888,Berlin-aa7e,0,49,Normal
2026-02-14 03:18:59.781888,Berlin-aa7e,48,51,Normal
2026-02-14 03:19:00.781888,Berlin-aa7e,-24,30,Normal
2026-02-14 03:19:01.781888,Berlin-aa7e,-26,76,Normal
2026-02-14 03:19:02.781888,Berlin-aa7e,45,91,Normal
2026-02-14 03:19:03.781888,Berlin-aa7e,29,75,Normal
2026-02-14 03:19:04.781888,Berlin-aa7e,-18,72,Normal
2026-02-14 03:19:05.781888,Berlin-aa7e,-13,9,Normal
2026-02-14 03:19:06.781888,Berlin-aa7e,21,68,Normal
2026-02-14 03:19:07.781888,Berlin-aa7e,29,73,Normal
2026-02-14 03:19:08.781888,Berlin-aa7e,40,3,Normal
2026-02-14 03:19:09.781888,Berlin-aa7e,10,58,Normal
2026-02-14 03:19:10.781888,Berlin-aa7e,33,32,Normal
2026-02-14 03:19:11.781888,Berlin-aa7e,-19,78,Normal
2026-02-14 03:19:12.781888,Berlin-aa7e,32,57,Normal
2026-02-14 03:19:13.781888,Berlin-aa7e,21,76,Normal
2026-02-14 03:19:14.781888,Berlin-aa7e,39,22,Normal
2026-02-14 03:19:15.781888,Berlin-aa7e,6,7,Normal
2026-02-14 03:19:16.781888,Berlin-aa7e,-8,2,Normal
2026-02-14 03:19:17.781888,Berlin-aa7e,50,33,Normal
2026-02-14 03:19:18.781888,Berlin-aa7e,26,36,Normal
2026-02-14 03:19:19.781888,Berlin-aa7e,-24,43,Normal
2026-02-14 03:19:20.781888,Berlin-aa7e,1,3,Normal
2026-02-14 03:19:21.781888,Berlin-aa7e,-25,65,Normal
2026-02-14 03:19:22.781888,Berlin-aa7e,34,72,Normal
2026-02-14 03:19:23.781888,Berlin-aa7e,16,34,Normal
2026-02-14 03:19:24.781888,Berlin-aa7e,30,52,Normal
2026-02-14 03:19:25.781888,Berlin-aa7e,-22,88,Normal
2026-02-14 03:19:26.781888,Berlin-aa7e,26,70,Normal
2026-02-14 03:19:27.781888,Berlin-aa7e,-1,24,Normal
2026-02-14 03:19:28.781888,Berlin-aa7e,13,57,Normal
2026-02-14 03:19:29.781888,Berlin-aa7e,46,49,Normal
2026-02-14 03:19:30.781888,Berlin-aa7e,6,18,Normal
2026-02-14 03:19:31.781888,Berlin-aa7e,-22,67,Normal
2026-02-14 03:19:32.781888,Berlin-aa7e,-12,46,Normal
2026-02-14 03:19:33.781888,Berlin-aa7e,8,27,Normal
2026-02-14 03:19:34.781888,Berlin-aa7e,-17,8,Normal
2026-02-14 03:19:35.781888,Berlin-aa7e,-22,17,Normal
2026-02-14 03:19:36.781888,Berlin-aa7e,38,76,Normal
2026-02-14 03:19:37.781888,Berlin-aa7e,37,74,Normal
2026-02-14 03:19:38.781888,Berlin-aa7e,38,13,Normal
2026-02-14 03:19:39.781888,Berlin-aa7e,0,68,Normal
2026-02-14 03:19:40.781888,Berlin-aa7e,20,95,Normal
2026-02-14 03:19:41.781888,Berlin-aa7e,36,89,Normal
2026-02-14 03:19:42.781888,Berlin-aa7e,10,6,Normal
2026-02-14 03:19:43.781888,Berlin-aa7e,48,90,Normal
2026-02-14 03:19:44.781888,Berlin-aa7e,1,15,Normal
2026-02-14 03:19:45.781888,Berlin-aa7e,18,7,Normal
2026-02-14 03:19:46.781888,Berlin-aa7e,-24,68,Normal
2026-02-14 03:19:47.781888,Berlin-aa7e,48,46,Normal
2026-02-14 03:19:48.781888,Berlin-aa7e,43,53,Normal
2026-02-14 03:19:49.781888,Berlin-aa7e,42,43,Normal
2026-02-14 03:19:50.781888,Berlin-aa7e,-19,72,Normal
2026-02-14 03:19:51.781888,Berlin-aa7e,-6,23,Normal
2026-02-14 03:19:52.781888,Berlin-aa7e,-19,66,Normal
2026-02-14 03:19:53.781888,Berlin-aa7e,-30,50,Normal
2026-02-14 03:19:54.781888,Berlin-aa7e,45,91,Normal
2026-02-14 03:19:55.781888,Berlin-aa7e,40,80,Normal
2026-02-14 03:19:56.781888,Berlin-aa7e,-2,13,Normal
2026-02-14 03:19:57.781888,Berlin-aa7e,13,8,Normal
2026-02-14 03:19:58.781888,Berlin-aa7e,22,9,Normal
2026-02-14 03:19:59.781888,Berlin-aa7e,12,92,Normal
2026-02-14 03:20:00.781888,Berlin-aa7e,-28,76,Normal
2026-02-14 03:20:01.781888,Berlin-aa7e,35,12,Normal
2026-02-14 03:20:02.781888,Berlin-aa7e,49,70,Normal
2026-02-14 03:20:03.781888,Berlin-aa7e,-18,7,Normal
2026-02-14 03:20:04.781888,Berlin-aa7e,-25,2,Normal
2026-02-14 03:20:05.781888,Berlin-aa7e,-6,88,Normal
2026-02-14 03:20:06.781888,Berlin-aa7e,19,66,Normal
2026-02-14 03:20:07.781888,Berlin-aa7e,-15,27,Normal
2026-02-14 03:20:08.781888,Berlin-aa7e,47,41,Normal
2026-02-14 03:20:09.781888,Berlin-aa7e,21,38,Normal
2026-02-14 03:20:10.781888,Berlin-aa7e,49,90,Normal
2026-02-14 03:20:11.781888,Berlin-aa7e,7,56,Normal
2026-02-14 03:20:12.781888,Berlin-aa7e,5,36,Normal
2026-02-14 03:20:13.781888,Berlin-aa7e,40,3,Normal
2026-02-14 03:20:14.781888,Berlin-aa7e,12,93,Normal
2026-02-14 03:20:15.781888,Berlin-aa7e,-2,32,Normal
2026-02-14 03:20:16.781888,Berlin-aa7e,1,77,Normal
2026-02-14 03:20:17.781888,Berlin-aa7e,-3,96,Normal
2026-02-14 03:20:18.781888,Berlin-aa7e,32,72,Normal
2026-02-14 03:20:19.781888,Berlin-aa7e,-19,30,Normal
2026-02-14 03:20:20.781888,Berlin-aa7e,7,41,Normal
2026-02-14 03:20:21.781888,Berlin-aa7e,36,19,Normal
2026-02-14 03:20:22.781888,Berlin-aa7e,43,41,Normal
2026-02-14 03:20:23.781888,Berlin-aa7e,45,71,Normal
2026-02-14 03:20:24.781888,Berlin-aa7e,25,20,Normal
2026-02-14 03:20:25.781888,Berlin-aa7e,32,48,Normal
2026-02-14 03:20:26.781888,Berlin-aa7e,48,77,Normal
2026-02-14 03:20:27.781888,Berlin-aa7e,45,56,Normal
2026-02-14 03:20:28.781888,Berlin-aa7e,-20,41,Normal
2026-02-14 03:20:29.781888,Berlin-aa7e,-3,34,Normal
2026-02-14 03:20:30.781888,Berlin-aa7e,13,62,Normal
2026-02-14 03:20:31.781888,Berlin-aa7e,50,39,Normal
2026-02-14 03:20:32.781888,Berlin-aa7e,-11,91,Normal
2026-02-14 03:20:33.781888,Berlin-aa7e,33,90,Normal
2026-02-14 03:20:34.781888,Berlin-aa7e,-5,98,Normal
2026-02-14 03:20:35.781888,Berlin-aa7e,-27,37,Normal
2026-02-14 03:20:36.781888,Berlin-aa7e,-11,15,Normal
2026-02-14 03:20:37.781888,Berlin-aa7e,34,53,Normal
2026-02-14 03:20:38.781888,Berlin-aa7e,17,56,Normal
2026-02-14 03:20:39.781888,Berlin-aa7e,40,7,Normal
2026-02-14 03:20:40.781888,Berlin-aa7e,45,27,Normal
2026-02-14 03:20:41.781888,Berlin-aa7e,10,49,Normal
2026-02-14 03:20:42.781888,Berlin-aa7e,5,97,Normal
2026-02-14 03:20:43.781888,Berlin-aa7e,-4,35,Normal
2026-02-14 03:20:44.781888,Berlin-aa7e,30,27,Normal
2026-02-14 03:20:45.781888,Berlin-aa7e,5,53,Normal
2026-02-14 03:20:46.781888,Berlin-aa7e,15,28,Normal
2026-02-14 03:20:47.781888,Berlin-aa7e,-12,56,Normal
2026-02-14 03:20:48.781888,Berlin-aa7e,-13,36,Normal
2026-02-14 03:20:49.781888,Berlin-aa7e,31,25,Normal
2026-02-14 03:20:50.781888,Berlin-aa7e,1,44,Normal
2026-02-14 03:20:51.781888,Berlin-aa7e,-12,57,Normal
2026-02-14 03:20:52.781888,Berlin-aa7e,38,66,Normal
2026-02-14 03:20:53.781888,Berlin-aa7e,0,86,Normal
2026-02-14 03:20:54.781888,Berlin-aa7e,44,18,Normal
2026-02-14 03:20:55.781888,Berlin-aa7e,7,45,Normal
2026-02-14 03:20:56.781888,Berlin-aa7e,-11,2,Normal
2026-02-14 03:20:57.781888,Berlin-aa7e,3,72,Normal
2026-02-14 03:20:58.781888,Berlin-aa7e,-26,96,Normal
2026-02-14 03:20:59.781888,Berlin-aa7e,-8,63,Normal
2026-02-14 03:21:00.781888,Berlin-aa7e,48,56,Normal
2026-02-14 03:21:01.781888,Berlin-aa7e,42,73,Normal
2026-02-14 03:21:02.781888,Berlin-aa7e,4,28,Normal
2026-02-14 03:21:03.781888,Berlin-aa7e,6,48,Normal
2026-02-14 03:21:04.781888,Berlin-aa7e,21,72,Normal
2026-02-14 03:21:05.781888,Berlin-aa7e,-19,1,Normal
2026-02-14 03:21:06.781888,Berlin-aa7e,20,15,Normal
2026-02-14 03:21:07.781888,Berlin-aa7e,27,43,Normal
2026-02-14 03:21:08.781888,Berlin-aa7e,-1,4,Normal
2026-02-14 03:21:09.781888,Berlin-aa7e,40,30,Normal
2026-02-14 03:21:10.781888,Berlin-aa7e,-8,21,Normal
2026-02-14 03:21:11.781888,Berlin-aa7e,35,100,Normal
2026-02-14 03:21:12.781888,Berlin-aa7e,-21,94,Normal
2026-02-14 03:21:13.781888,Berlin-aa7e,14,28,Normal
2026-02-14 03:21:14.781888,Berlin-aa7e,-13,76,Normal
2026-02-14 03:21:15.781888,Berlin-aa7e,26,95,Normal
2026-02-14 03:21:16.781888,Berlin-aa7e,2,37,Normal
2026-02-14 03:21:17.781888,Berlin-aa7e,46,74,Normal
2026-02-14 03:21:18.781888,Berlin-aa7e,27,67,Normal
2026-02-14 03:21:19.781888,Berlin-aa7e,-9,69,Normal
2026-02-14 03:21:20.781888,Berlin-aa7e,-1,90,Normal
2026-02-14 03:21:21.781888,Berlin-aa7e,12,6,Normal
2026-02-14 03:21:22.781888,Berlin-aa7e,-30,99,Normal
2026-02-14 03:21:23.781888,Berlin-aa7e,11,78,Normal
2026-02-14 03:21:24.781888,Berlin-aa7e,6,31,Normal
2026-02-14 03:21:25.781888,Berlin-aa7e,24,83,Normal
2026-02-14 03:21:26.781888,Berlin-aa7e,-24,49,Normal
2026-02-14 03:21:27.781888,Berlin-aa7e,0,51,Normal
2026-02-14 03:21:28.781888,Berlin-aa7e,23,1,Normal
2026-02-14 03:21:29.781888,Berlin-aa7e,41,58,Normal
2026-02-14 03:21:30.781888,Berlin-aa7e,-9,85,Normal
2026-02-14 03:21:31.781888,Berlin-aa7e,48,67,Normal
2026-02-14 03:21:32.781888,Berlin-aa7e,43,42,Normal
2026-02-14 03:21:33.781888,Berlin-aa7e,17,76,Normal
2026-02-14 03:21:34.781888,Berlin-aa7e,5,61,Normal
2026-02-14 03:21:35.781888,Berlin-aa7e,-14,13,Normal
2026-02-14 03:21:36.781888,Berlin-aa7e,-4,6,Normal
2026-02-14 03:21:37.781888,Berlin-aa7e,-22,39,Normal
2026-02-14 03:21:38.781888,Berlin-aa7e,42,60,Normal
2026-02-14 03:21:39.781888,Berlin-aa7e,31,23,Normal
2026-02-14 03:21:40.781888,Berlin-aa7e,-3,17,Normal
2026-02-14 03:21:41.781888,Berlin-aa7e,14,18,Normal
2026-02-14 03:21:42.781888,Berlin-aa7e,-12,98,Normal
2026-02-14 03:21:43.781888,Berlin-aa7e,16,41,Normal
2026-02-14 03:21:44.781888,Berlin-aa7e,46,18,Normal
2026-02-14 03:21:45.781888,Berlin-aa7e,-22,76,Normal
2026-02-14 03:21:46.781888,Berlin-aa7e,42,45,Normal
2026-02-14 03:21:47.781888,Berlin-aa7e,-26,34,Normal
2026-02-14 03:21:48.781888,Berlin-aa7e,45,10,Normal
2026-02-14 03:21:49.781888,Berlin-aa7e,-25,100,Normal
2026-02-14 03:21:50.781888,Berlin-aa7e,47,89,Normal
2026-02-14 03:21:51.781888,Berlin-aa7e,9,51,Normal
2026-02-14 03:21:52.781888,Berlin-aa7e,-26,78,Normal
2026-02-14 03:21:53.781888,Berlin-aa7e,34,84,Normal
2026-02-14 03:21:54.781888,Berlin-aa7e,0,2,Normal
2026-02-14 03:21:55.781888,Berlin-aa7e,12,50,Normal
2026-02-14 03:21:56.781888,Berlin-aa7e,35,56,Normal
2026-02-14 03:21:57.781888,Berlin-aa7e,24,68,Normal
2026-02-14 03:21:58.781888,Berlin-aa7e,19,66,Normal
2026-02-14 03:21:59.781888,Berlin-aa7e,16,8,Normal
2026-02-14 03:22:00.781888,Berlin-aa7e,-25,99,Normal
2026-02-14 03:22:01.781888,Berlin-aa7e,-4,70,Normal
2026-02-14 03:22:02.781888,Berlin-aa7e,43,21,Normal
2026-02-14 03:22:03.781888,Berlin-aa7e,46,71,Normal
2026-02-14 03:22:04.781888,Berlin-aa7e,42,11,Normal
2026-02-14 03:22:05.781888,Berlin-aa7e,3,76,Normal
2026-02-14 03:22:06.781888,Berlin-aa7e,-2,81,Normal
2026-02-14 03:22:07.781888,Berlin-aa7e,45,8,Normal
2026-02-14 03:22:08.781888,Berlin-aa7e,-7,10,Normal
2026-02-14 03:22:09.781888,Berlin-aa7e,50,56,Normal
2026-02-14 03:22:10.781888,Berlin-aa7e,7,26,Normal
2026-02-14 03:22:11.781888,Berlin-aa7e,48,18,Normal
2026-02-14 03:22:12.781888,Berlin-aa7e,35,31,Normal
2026-02-14 03:22:13.781888,Berlin-aa7e,18,90,Normal
2026-02-14 03:22:14.781888,Berlin-aa7e,9,52,Normal
2026-02-14 03:22:15.781888,Berlin-aa7e,7,1,Normal
2026-02-14 03:22:16.781888,Berlin-aa7e,37,43,Normal
2026-02-14 03:22:17.781888,Berlin-aa7e,38,26,Normal
2026-02-14 03:22:18.781888,Berlin-aa7e,-4,34,Normal
2026-02-14 03:22:19.781888,Berlin-aa7e,36,29,Normal
2026-02-14 03:22:20.781888,Berlin-aa7e,32,57,Normal
2026-02-14 03:22:21.781888,Berlin-aa7e,40,45,Normal
2026-02-14 03:22:22.781888,Berlin-aa7e,20,73,Normal
2026-02-14 03:22:23.781888,Berlin-aa7e,37,65,Normal
2026-02-14 03:22:24.781888,Berlin-aa7e,-8,4,Normal
2026-02-14 03:22:25.781888,Berlin-aa7e,2,90,Normal
2026-02-14 03:22:26.781888,Berlin-aa7e,39,85,Normal
2026-02-14 03:22:27.781888,Berlin-aa7e,3,50,Normal
2026-02-14 03:22:28.781888,Berlin-aa7e,-26,8,Normal
2026-02-14 03:22:29.781888,Berlin-aa7e,-15,94,Normal
2026-02-14 03:22:30.781888,Berlin-aa7e,28,81,Normal
2026-02-14 03:22:31.781888,Berlin-aa7e,26,10,Normal
2026-02-14 03:22:32.781888,Berlin-aa7e,-15,28,Normal
2026-02-14 03:22:33.781888,Berlin-aa7e,-1,10,Normal
2026-02-14 03:22:34.781888,Berlin-aa7e,-6,33,Normal
2026-02-14 03:22:35.781888,Berlin-aa7e,11,36,Normal
2026-02-14 03:22:36.781888,Berlin-aa7e,37,17,Normal
2026-02-14 03:22:37.781888,Berlin-aa7e,47,55,Normal
2026-02-14 03:22:38.781888,Berlin-aa7e,-26,11,Normal
2026-02-14 03:22:39.781888,Berlin-aa7e,-2,48,Normal
2026-02-14 03:22:40.781888,Berlin-aa7e,7,4,Normal
2026-02-14 03:22:41.781888,Berlin-aa7e,15,3,Normal
2026-02-14 03:22:42.781888,Berlin-aa7e,-13,24,Normal
2026-02-14 03:22:43.781888,Berlin-aa7e,43,65,Normal
2026-02-14 03:22:44.781888,Berlin-aa7e,11,35,Normal
2026-02-14 03:22:45.781888,Berlin-aa7e,0,69,Normal
2026-02-14 03:22:46.781888,Berlin-aa7e,-28,93,Normal
2026-02-14 03:22:47.781888,Berlin-aa7e,38,5,Normal
2026-02-14 03:22:48.781888,Berlin-aa7e,-26,99,Normal
2026-02-14 03:22:49.781888,Berlin-aa7e,-13,91,Normal
2026-02-14 03:22:50.781888,Berlin-aa7e,24,88,Normal
2026-02-14 03:22:51.781888,Berlin-aa7e,11,88,Normal
2026-02-14 03:22:52.781888,Berlin-aa7e,-3,35,Normal
2026-02-14 03:22:53.781888,Berlin-aa7e,8,40,Normal
2026-02-14 03:22:54.781888,Berlin-aa7e,6,35,Normal
2026-02-14 03:22:55.781888,Berlin-aa7e,-6,92,Normal
2026-02-14 03:22:56.781888,Berlin-aa7e,10,61,Normal
2026-02-14 03:22:57.781888,Berlin-aa7e,-30,73,Normal
2026-02-14 03:22:58.781888,Berlin-aa7e,47,77,Normal
2026-02-14 03:22:59.781888,Berlin-aa7e,32,50,Normal
2026-02-14 03:23:00.781888,Berlin-aa7e,-16,52,Normal
2026-02-14 03:23:01.781888,Berlin-aa7e,35,37,Normal
2026-02-14 03:23:02.781888,Berlin-aa7e,1,19,Normal
2026-02-14 03:23:03.781888,Berlin-aa7e,29,37,Normal
2026-02-14 03:23:04.781888,Berlin-aa7e,30,93,Normal
2026-02-14 03:23:05.781888,Berlin-aa7e,-30,17,Normal
2026-02-14 03:23:06.781888,Berlin-aa7e,42,91,Normal
2026-02-14 03:23:07.781888,Berlin-aa7e,-25,93,Normal
2026-02-14 03:23:08.781888,Berlin-aa7e,34,70,Normal
2026-02-14 03:23:09.781888,Berlin-aa7e,11,21,Normal
2026-02-14 03:23:10.781888,Berlin-aa7e,27,11,Normal
2026-02-14 03:23:11.781888,Berlin-aa7e,31,7,Normal
2026-02-14 03:23:12.781888,Berlin-aa7e,4,12,Normal
2026-02-14 03:23:13.781888,Berlin-aa7e,-21,91,Normal
2026-02-14 03:23:14.781888,Berlin-aa7e,18,27,Normal
2026-02-14 03:23:15.781888,Berlin-aa7e,44,17,Normal
2026-02-14 03:23:16.781888,Berlin-aa7e,24,27,Normal
2026-02-14 03:23:17.781888,Berlin-aa7e,16,65,Normal
2026-02-14 03:23:18.781888,Berlin-aa7e,48,91,Normal
2026-02-14 03:23:19.781888,Berlin-aa7e,23,41,Normal
2026-02-14 03:23:20.781888,Berlin-aa7e,33,16,Normal
2026-02-14 03:23:21.781888,Berlin-aa7e,49,83,Normal
2026-02-14 03:23:22.781888,Berlin-aa7e,14,61,Normal
2026-02-14 03:23:23.781888,Berlin-aa7e,26,27,Normal
2026-02-14 03:23:24.781888,Berlin-aa7e,29,28,Normal
2026-02-14 03:23:25.781888,Berlin-aa7e,37,82,Normal
2026-02-14 03:23:26.781888,Berlin-aa7e,-2,90,Normal
2026-02-14 03:23:27.781888,Berlin-aa7e,8,7,Normal
2026-02-14 03:23:28.781888,Berlin-aa7e,5,56,Normal
2026-02-14 03:23:29.781888,Berlin-aa7e,23,75,Normal
2026-02-14 03:23:30.781888,Berlin-aa7e,5,2,Normal
2026-02-14 03:23:31.781888,Berlin-aa7e,4,11,Normal
2026-02-14 03:23:32.781888,Berlin-aa7e,21,84,Normal
2026-02-14 03:23:33.781888,Berlin-aa7e,37,94,Normal
2026-02-14 03:23:34.781888,Berlin-aa7e,30,34,Normal
2026-02-14 03:23:35.781888,Berlin-aa7e,-13,49,Normal
2026-02-14 03:23:36.781888,Berlin-aa7e,-24,91,Normal
2026-02-14 03:23:37.781888,Berlin-aa7e,7,18,Normal
2026-02-14 03:23:38.781888,Berlin-aa7e,21,78,Normal
2026-02-14 03:23:39.781888,Berlin-aa7e,16,43,Normal
2026-02-14 03:23:40.781888,Berlin-aa7e,-15,59,Normal
2026-02-14 03:23:41.781888,Berlin-aa7e,-8,97,Normal
2026-02-14 03:23:42.781888,Berlin-aa7e,15,54,Normal
2026-02-14 03:23:43.781888,Berlin-aa7e,44,98,Normal
2026-02-14 03:23:44.781888,Berlin-aa7e,47,46,Normal
2026-02-14 03:23:45.781888,Berlin-aa7e,-20,77,Normal
2026-02-14 03:23:46.781888,Berlin-aa7e,39,90,Normal
2026-02-14 03:23:47.781888,Berlin-aa7e,12,25,Normal
2026-02-14 03:23:48.781888,Berlin-aa7e,4,41,Normal
2026-02-14 03:23:49.781888,Berlin-aa7e,32,99,Normal
2026-02-14 03:23:50.781888,Berlin-aa7e,36,4,Normal
2026-02-14 03:23:51.781888,Berlin-aa7e,-4,83,Normal
2026-02-14 03:23:52.781888,Berlin-aa7e,-3,67,Normal
2026-02-14 03:23:53.781888,Berlin-aa7e,26,47,Normal
2026-02-14 03:23:54.781888,Berlin-aa7e,-17,62,Normal
2026-02-14 03:23:55.781888,Berlin-aa7e,39,53,Normal
2026-02-14 03:23:56.781888,Berlin-aa7e,50,2,Normal
2026-02-14 03:23:57.781888,Berlin-aa7e,43,80,Normal
2026-02-14 03:23:58.781888,Berlin-aa7e,37,66,Normal
2026-02-14 03:23:59.781888,Berlin-aa7e,39,65,Normal
2026-02-14 03:24:00.781888,Berlin-aa7e,46,56,Normal
2026-02-14 03:24:01.781888,Berlin-aa7e,-22,99,Normal
2026-02-14 03:24:02.781888,Berlin-aa7e,0,42,Normal
2026-02-14 03:24:03.781888,Berlin-aa7e,-26,62,Normal
2026-02-14 03:24:04.781888,Berlin-aa7e,6,55,Normal
2026-02-14 03:24:05.781888,Berlin-aa7e,27,45,Normal
2026-02-14 03:24:06.781888,Berlin-aa7e,-2,52,Normal
2026-02-14 03:24:07.781888,Berlin-aa7e,18,40,Normal
2026-02-14 03:24:08.781888,Berlin-aa7e,7,12,Normal
2026-02-14 03:24:09.781888,Berlin-aa7e,23,69,Normal
2026-02-14 03:24:10.781888,Berlin-aa7e,-25,44,Normal
2026-02-14 03:24:11.781888,Berlin-aa7e,-20,37,Normal
2026-02-14 03:24:12.781888,Berlin-aa7e,-26,71,Normal
2026-02-14 03:24:13.781888,Berlin-aa7e,38,74,Normal
2026-02-14 03:24:14.781888,Berlin-aa7e,-30,17,Normal
2026-02-14 03:24:15.781888,Berlin-aa7e,9,10,Normal
2026-02-14 03:24:16.781888,Berlin-aa7e,19,69,Normal
2026-02-14 03:24:17.781888,Berlin-aa7e,29,15,Normal
2026-02-14 03:24:18.781888,Berlin-aa7e,44,34,Normal
2026-02-14 03:24:19.781888,Berlin-aa7e,-24,47,Normal
2026-02-14 03:24:20.781888,Berlin-aa7e,-2,100,Normal
2026-02-14 03:24:21.781888,Berlin-aa7e,33,54,Normal
2026-02-14 03:24:22.781888,Berlin-aa7e,33,23,Normal
2026-02-14 03:24:23.781888,Berlin-aa7e,15,1,Normal
2026-02-14 03:24:24.781888,Berlin-aa7e,32,47,Normal
2026-02-14 03:24:25.781888,Berlin-aa7e,-20,10,Normal
2026-02-14 03:24:26.781888,Berlin-aa7e,-25,96,Normal
2026-02-14 03:24:27.781888,Berlin-aa7e,-17,2,Normal
2026-02-14 03:24:28.781888,Berlin-aa7e,-7,23,Normal
2026-02-14 03:24:29.781888,Berlin-aa7e,19,54,Normal
2026-02-14 03:24:30.781888,Berlin-aa7e,28,42,Normal
2026-02-14 03:24:31.781888,Berlin-aa7e,-22,54,Normal
2026-02-14 03:24:32.781888,Berlin-aa7e,9,67,Normal
2026-02-14 03:24:33.781888,Berlin-aa7e,16,94,Normal
2026-02-14 03:24:34.781888,Berlin-aa7e,-24,9,Normal
2026-02-14 03:24:35.781888,Berlin-aa7e,30,2,Normal
2026-02-14 03:24:36.781888,Berlin-aa7e,1,87,Normal
2026-02-14 03:24:37.781888,Berlin-aa7e,-3,26,Normal
2026-02-14 03:24:38.781888,Berlin-aa7e,32,45,Normal
2026-02-14 03:24:39.781888,Berlin-aa7e,16,68,Normal
2026-02-14 03:24:40.781888,Berlin-aa7e,-28,84,Normal
2026-02-14 03:24:41.781888,Berlin-aa7e,12,89,Normal
2026-02-14 03:24:42.781888,Berlin-aa7e,-28,71,Normal
2026-02-14 03:24:43.781888,Berlin-aa7e,1,99,Normal
2026-02-14 03:24:44.781888,Berlin-aa7e,-24,0,Normal
2026-02-14 03:24:45.781888,Berlin-aa7e,42,91,Normal
2026-02-14 03:24:46.781888,Berlin-aa7e,-6,8,Normal
2026-02-14 03:24:47.781888,Berlin-aa7e,-7,71,Normal
2026-02-14 03:24:48.781888,Berlin-aa7e,-13,56,Normal
2026-02-14 03:24:49.781888,Berlin-aa7e,-29,95,Normal
2026-02-14 03:24:50.781888,Berlin-aa7e,4,13,Normal
2026-02-14 03:24:51.781888,Berlin-aa7e,11,69,Normal
2026-02-14 03:24:52.781888,Berlin-aa7e,-11,79,Normal
2026-02-14 03:24:53.781888,Berlin-aa7e,19,36,Normal
2026-02-14 03:24:54.781888,Berlin-aa7e,21,33,Normal
2026-02-14 03:24:55.781888,Berlin-aa7e,35,85,Normal
2026-02-14 03:24:56.781888,Berlin-aa7e,25,6,Normal
2026-02-14 03:24:57.781888,Berlin-aa7e,-15,44,Normal
2026-02-14 03:24:58.781888,Berlin-aa7e,22,13,Normal
2026-02-14 03:24:59.781888,Berlin-aa7e,-2,6,Normal
2026-02-14 03:25:00.781888,Berlin-aa7e,-12,0,Normal
2026-02-14 03:25:01.781888,Berlin-aa7e,37,87,Normal
2026-02-14 03:25:02.781888,Berlin-aa7e,39,25,Normal
2026-02-14 03:25:03.781888,Berlin-aa7e,42,16,Normal
2026-02-14 03:25:04.781888,Berlin-aa7e,-24,74,Normal
2026-02-14 03:25:05.781888,Berlin-aa7e,-19,11,Normal
2026-02-14 03:25:06.781888,Berlin-aa7e,47,72,Normal
2026-02-14 03:25:07.781888,Berlin-aa7e,26,83,Normal
2026-02-14 03:25:08.781888,Berlin-aa7e,-20,90,Normal
2026-02-14 03:25:09.781888,Berlin-aa7e,34,53,Normal
2026-02-14 03:25:10.781888,Berlin-aa7e,-17,1,Normal
2026-02-14 03:25:11.781888,Berlin-aa7e,23,92,Normal
2026-02-14 03:25:12.781888,Berlin-aa7e,-4,100,Normal
2026-02-14 03:25:13.781888,Berlin-aa7e,35,67,Normal
2026-02-14 03:25:14.781888,Berlin-aa7e,13,86,Normal
2026-02-14 03:25:15.781888,Berlin-aa7e,27,52,Normal
2026-02-14 03:25:16.781888,Berlin-aa7e,7,18,Normal
2026-02-14 03:25:17.781888,Berlin-aa7e,2,18,Normal
2026-02-14 03:25:18.781888,Berlin-aa7e,25,25,Normal
2026-02-14 03:25:19.781888,Berlin-aa7e,-26,60,Normal
2026-02-14 03:25:20.781888,Berlin-aa7e,28,2,Normal
2026-02-14 03:25:21.781888,Berlin-aa7e,-19,83,Normal
2026-02-14 03:25:22.781888,Berlin-aa7e,43,71,Normal
2026-02-14 03:25:23.781888,Berlin-aa7e,38,95,Normal
2026-02-14 03:25:24.781888,Berlin-aa7e,13,94,Normal
2026-02-14 03:25:25.781888,Berlin-aa7e,-6,49,Normal
2026-02-14 03:25:26.781888,Berlin-aa7e,21,21,Normal
2026-02-14 03:25:27.781888,Berlin-aa7e,-22,63,Normal
2026-02-14 03:25:28.781888,Berlin-aa7e,49,35,Normal
2026-02-14 03:25:29.781888,Berlin-aa7e,37,55,Normal
2026-02-14 03:25:30.781888,Berlin-aa7e,-9,58,Normal
2026-02-14 03:25:31.781888,Berlin-aa7e,-22,96,Normal
2026-02-14 03:25:32.781888,Berlin-aa7e,43,85,Normal
2026-02-14 03:25:33.781888,Berlin-aa7e,6,37,Normal
2026-02-14 03:25:34.781888,Berlin-aa7e,32,41,Normal
2026-02-14 03:25:35.781888,Berlin-aa7e,-29,64,Normal
2026-02-14 03:25:36.781888,Berlin-aa7e,9,39,Normal
2026-02-14 03:25:37.781888,Berlin-aa7e,39,58,Normal
2026-02-14 03:25:38.781888,Berlin-aa7e,-15,28,Normal
2026-02-14 03:25:39.781888,Berlin-aa7e,-30,32,Normal
2026-02-14 03:25:40.781888,Berlin-aa7e,39,83,Normal
2026-02-14 03:25:41.781888,Berlin-aa7e,13,67,Normal
2026-02-14 03:25:42.781888,Berlin-aa7e,34,43,Normal
2026-02-14 03:25:43.781888,Berlin-aa7e,-21,46,Normal
2026-02-14 03:25:44.781888,Berlin-aa7e,5,88,Normal
2026-02-14 03:25:45.781888,Berlin-aa7e,-10,38,Normal
2026-02-14 03:25:46.781888,Berlin-aa7e,-20,26,Normal
2026-02-14 03:25:47.781888,Berlin-aa7e,-27,12,Normal
2026-02-14 03:25:48.781888,Berlin-aa7e,5,26,Normal
2026-02-14 03:25:49.781888,Berlin-aa7e,39,11,Normal
2026-02-14 03:25:50.781888,Berlin-aa7e,-23,77,Normal
2026-02-14 03:25:51.781888,Berlin-aa7e,0,79,Normal
2026-02-14 03:25:52.781888,Berlin-aa7e,6,87,Normal
2026-02-14 03:25:53.781888,Berlin-aa7e,44,9,Normal
2026-02-14 03:25:54.781888,Berlin-aa7e,36,65,Normal
2026-02-14 03:25:55.781888,Berlin-aa7e,-5,20,Normal
2026-02-14 03:25:56.781888,Berlin-aa7e,-27,90,Normal
2026-02-14 03:25:57.781888,Berlin-aa7e,-7,24,Normal
2026-02-14 03:25:58.781888,Berlin-aa7e,20,91,Normal
2026-02-14 03:25:59.781888,Berlin-aa7e,-6,82,Normal
2026-02-14 03:26:00.781888,Berlin-aa7e,28,78,Normal
2026-02-14 03:26:01.781888,Berlin-aa7e,12,82,Normal
2026-02-14 03:26:02.781888,Berlin-aa7e,13,29,Normal
2026-02-14 03:26:03.781888,Berlin-aa7e,45,71,Normal
2026-02-14 03:26:04.781888,Berlin-aa7e,29,57,Normal
2026-02-14 03:26:05.781888,Berlin-aa7e,23,65,Normal
2026-02-14 03:26:06.781888,Berlin-aa7e,29,21,Normal
2026-02-14 03:26:07.781888,Berlin-aa7e,-20,0,Normal
2026-02-14 03:26:08.781888,Berlin-aa7e,29,13,Normal
2026-02-14 03:26:09.781888,Berlin-aa7e,3,57,Normal
2026-02-14 03:26:10.781888,Berlin-aa7e,-28,4,Normal
2026-02-14 03:26:11.781888,Berlin-aa7e,11,57,Normal
2026-02-14 03:26:12.781888,Berlin-aa7e,23,74,Normal
2026-02-14 03:26:13.781888,Berlin-aa7e,-1,62,Normal
2026-02-14 03:26:14.781888,Berlin-aa7e,34,6,Normal
2026-02-14 03:26:15.781888,Berlin-aa7e,-24,36,Normal
2026-02-14 03:26:16.781888,Berlin-aa7e,-23,23,Normal
2026-02-14 03:26:17.781888,Berlin-aa7e,-15,59,Normal
2026-02-14 03:26:18.781888,Berlin-aa7e,37,100,Normal
2026-02-14 03:26:19.781888,Berlin-aa7e,21,68,Normal
2026-02-14 03:26:20.781888,Berlin-aa7e,-7,5,Normal
2026-02-14 03:26:21.781888,Berlin-aa7e,26,91,Normal
2026-02-14 03:26:22.781888,Berlin-aa7e,23,15,Normal
2026-02-14 03:26:23.781888,Berlin-aa7e,4,12,Normal
2026-02-14 03:26:24.781888,Berlin-aa7e,5,48,Normal
2026-02-14 03:26:25.781888,Berlin-aa7e,-15,38,Normal
2026-02-14 03:26:26.781888,Berlin-aa7e,30,61,Normal
2026-02-14 03:26:27.781888,Berlin-aa7e,1,76,Normal
2026-02-14 03:26:28.781888,Berlin-aa7e,-2,16,Normal
2026-02-14 03:26:29.781888,Berlin-aa7e,28,73,Normal
2026-02-14 03:26:30.781888,Berlin-aa7e,9,20,Normal
2026-02-14 03:26:31.781888,Berlin-aa7e,9,15,Normal
2026-02-14 03:26:32.781888,Berlin-aa7e,-29,50,Normal
2026-02-14 03:26:33.781888,Berlin-aa7e,-15,64,Normal
2026-02-14 03:26:34.781888,Berlin-aa7e,18,19,Normal
2026-02-14 03:26:35.781888,Berlin-aa7e,41,100,Normal
2026-02-14 03:26:36.781888,Berlin-aa7e,42,84,Normal
2026-02-14 03:26:37.781888,Berlin-aa7e,-12,68,Normal
2026-02-14 03:26:38.781888,Berlin-aa7e,-8,22,Normal
2026-02-14 03:26:39.781888,Berlin-aa7e,47,13,Normal
2026-02-14 03:26:40.781888,Berlin-aa7e,25,86,Normal
2026-02-14 03:26:41.781888,Berlin-aa7e,-3,79,Normal
2026-02-14 03:26:42.781888,Berlin-aa7e,48,46,Normal
2026-02-14 03:26:43.781888,Berlin-aa7e,-11,81,Normal
2026-02-14 03:26:44.781888,Berlin-aa7e,-16,95,Normal
2026-02-14 03:26:45.781888,Berlin-aa7e,4,50,Normal
2026-02-14 03:26:46.781888,Berlin-aa7e,18,44,Normal
2026-02-14 03:26:47.781888,Berlin-aa7e,-27,81,Normal
2026-02-14 03:26:48.781888,Berlin-aa7e,0,85,Normal
2026-02-14 03:26:49.781888,Berlin-aa7e,24,21,Normal
2026-02-14 03:26:50.781888,Berlin-aa7e,41,8,Normal
2026-02-14 03:26:51.781888,Berlin-aa7e,-18,76,Normal
2026-02-14 03:26:52.781888,Berlin-aa7e,3,12,Normal
2026-02-14 03:26:53.781888,Berlin-aa7e,14,20,Normal
2026-02-14 03:26:54.781888,Berlin-aa7e,-26,13,Normal
2026-02-14 03:26:55.781888,Berlin-aa7e,23,19,Normal
2026-02-14 03:26:56.781888,Berlin-aa7e,43,46,Normal
2026-02-14 03:26:57.781888,Berlin-aa7e,-23,7,Normal
2026-02-14 03:26:58.781888,Berlin-aa7e,2,31,Normal
2026-02-14 03:26:59.781888,Berlin-aa7e,-2,84,Normal
2026-02-14 03:27:00.781888,Berlin-aa7e,-8,58,Normal
2026-02-14 03:27:01.781888,Berlin-aa7e,28,67,Normal
2026-02-14 03:27:02.781888,Berlin-aa7e,-5,53,Normal
2026-02-14 03:27:03.781888,Berlin-aa7e,-3,28,Normal
2026-02-14 03:27:04.781888,Berlin-aa7e,41,31,Normal
2026-02-14 03:27:05.781888,Berlin-aa7e,38,86,Normal
2026-02-14 03:27:06.781888,Berlin-aa7e,28,32,Normal
2026-02-14 03:27:07.781888,Berlin-aa7e,22,95,Normal
2026-02-14 03:27:08.781888,Berlin-aa7e,-28,2,Normal
2026-02-14 03:27:09.781888,Berlin-aa7e,4,77,Normal
2026-02-14 03:27:10.781888,Berlin-aa7e,-18,53,Normal
2026-02-14 03:27:11.781888,Berlin-aa7e,-8,29,Normal
2026-02-14 03:27:12.781888,Berlin-aa7e,-22,52,Normal
2026-02-14 03:27:13.781888,Berlin-aa7e,-5,50,Normal
2026-02-14 03:27:14.781888,Berlin-aa7e,46,61,Normal
2026-02-14 03:27:15.781888,Berlin-aa7e,39,74,Normal
2026-02-14 03:27:16.781888,Berlin-aa7e,5,43,Normal
2026-02-14 03:27:17.781888,Berlin-aa7e,-14,8,Normal
2026-02-14 03:27:18.781888,Berlin-aa7e,-13,4,Normal
2026-02-14 03:27:19.781888,Berlin-aa7e,13,8,Normal
2026-02-14 03:27:20.781888,Berlin-aa7e,34,5,Normal
2026-02-14 03:27:21.781888,Berlin-aa7e,20,63,Normal
2026-02-14 03:27:22.781888,Berlin-aa7e,15,10,Normal
2026-02-14 03:27:23.781888,Berlin-aa7e,26,30,Normal
2026-02-14 03:27:24.781888,Berlin-aa7e,-18,70,Normal
2026-02-14 03:27:25.781888,Berlin-aa7e,31,56,Normal
2026-02-14 03:27:26.781888,Berlin-aa7e,-9,3,Normal
2026-02-14 03:27:27.781888,Berlin-aa7e,14,89,Normal
2026-02-14 03:27:28.781888,Berlin-aa7e,-16,5,Normal
2026-02-14 03:27:29.781888,Berlin-aa7e,40,42,Normal
2026-02-14 03:27:30.781888,Berlin-aa7e,23,55,Normal
2026-02-14 03:27:31.781888,Berlin-aa7e,21,47,Normal
2026-02-14 03:27:32.781888,Berlin-aa7e,-10,30,Normal
2026-02-14 03:27:33.781888,Berlin-aa7e,-14,71,Normal
2026-02-14 03:27:34.781888,Berlin-aa7e,35,23,Normal
2026-02-14 03:27:35.781888,Berlin-aa7e,38,97,Normal
2026-02-14 03:27:36.781888,Berlin-aa7e,-17,90,Normal
2026-02-14 03:27:37.781888,Berlin-aa7e,33,98,Normal
2026-02-14 03:27:38.781888,Berlin-aa7e,-17,50,Normal
2026-02-14 03:27:39.781888,Berlin-aa7e,-24,24,Normal
2026-02-14 03:27:40.781888,Berlin-aa7e,46,26,Normal
2026-02-14 03:27:41.781888,Berlin-aa7e,-18,56,Normal
2026-02-14 03:27:42.781888,Berlin-aa7e,2,48,Normal
2026-02-14 03:27:43.781888,Berlin-aa7e,44,97,Normal
2026-02-14 03:27:44.781888,Berlin-aa7e,49,76,Normal
2026-02-14 03:27:45.781888,Berlin-aa7e,-1,76,Normal
2026-02-14 03:27:46.781888,Berlin-aa7e,-26,33,Normal
2026-02-14 03:27:47.781888,Berlin-aa7e,-25,78,Normal
2026-02-14 03:27:48.781888,Berlin-aa7e,-14,2,Normal
2026-02-14 03:27:49.781888,Berlin-aa7e,2,30,Normal
2026-02-14 03:27:50.781888,Berlin-aa7e,31,25,Normal
2026-02-14 03:27:51.781888,Berlin-aa7e,4,64,Normal
2026-02-14 03:27:52.781888,Berlin-aa7e,14,13,Normal
2026-02-14 03:27:53.781888,Berlin-aa7e,50,9,Normal
2026-02-14 03:27:54.781888,Berlin-aa7e,-9,55,Normal
2026-02-14 03:27:55.781888,Berlin-aa7e,25,13,Normal
2026-02-14 03:27:56.781888,Berlin-aa7e,0,41,Normal
2026-02-14 03:27:57.781888,Berlin-aa7e,-19,34,Normal
2026-02-14 03:27:58.781888,Berlin-aa7e,-8,74,Normal
2026-02-14 03:27:59.781888,Berlin-aa7e,43,66,Normal
2026-02-14 03:28:00.781888,Berlin-aa7e,4,70,Normal
2026-02-14 03:28:01.781888,Berlin-aa7e,4,44,Normal
2026-02-14 03:28:02.781888,Berlin-aa7e,-30,71,Normal
2026-02-14 03:28:03.781888,Berlin-aa7e,9,26,Normal
2026-02-14 03:28:04.781888,Berlin-aa7e,17,6,Normal
2026-02-14 03:28:05.781888,Berlin-aa7e,42,33,Normal
2026-02-14 03:28:06.781888,Berlin-aa7e,-14,26,Normal
2026-02-14 03:28:07.781888,Berlin-aa7e,-10,86,Normal
2026-02-14 03:28:08.781888,Berlin-aa7e,39,99,Normal
2026-02-14 03:28:09.781888,Berlin-aa7e,1,1,Normal
2026-02-14 03:28:10.781888,Berlin-aa7e,37,14,Normal
2026-02-14 03:28:11.781888,Berlin-aa7e,32,76,Normal
2026-02-14 03:28:12.781888,Berlin-aa7e,-9,1,Normal
2026-02-14 03:28:13.781888,Berlin-aa7e,43,48,Normal
2026-02-14 03:28:14.781888,Berlin-aa7e,-4,91,Normal
2026-02-14 03:28:15.781888,Berlin-aa7e,21,6,Normal
2026-02-14 03:28:16.781888,Berlin-aa7e,-23,96,Normal
2026-02-14 03:28:17.781888,Berlin-aa7e,14,11,Normal
2026-02-14 03:28:18.781888,Berlin-aa7e,39,18,Normal
2026-02-14 03:28:19.781888,Berlin-aa7e,31,15,Normal
2026-02-14 03:28:20.781888,Berlin-aa7e,-5,92,Normal
2026-02-14 03:28:21.781888,Berlin-aa7e,-29,26,Normal
2026-02-14 03:28:22.781888,Berlin-aa7e,25,38,Normal
2026-02-14 03:28:23.781888,Berlin-aa7e,49,41,Normal
2026-02-14 03:28:24.781888,Berlin-aa7e,48,53,Normal
2026-02-14 03:28:25.781888,Berlin-aa7e,-19,35,Normal
2026-02-14 03:28:26.781888,Berlin-aa7e,-2,78,Normal
2026-02-14 03:28:27.781888,Berlin-aa7e,28,84,Normal
2026-02-14 03:28:28.781888,Berlin-aa7e,4,87,Normal
2026-02-14 03:28:29.781888,Berlin-aa7e,45,72,Normal
2026-02-14 03:28:30.781888,Berlin-aa7e,41,68,Normal
2026-02-14 03:28:31.781888,Berlin-aa7e,50,12,Normal
2026-02-14 03:28:32.781888,Berlin-aa7e,10,98,Normal
2026-02-14 03:28:33.781888,Berlin-aa7e,31,61,Normal
2026-02-14 03:28:34.781888,Berlin-aa7e,-29,87,Normal
2026-02-14 03:28:35.781888,Berlin-aa7e,-25,2,Normal
2026-02-14 03:28:36.781888,Berlin-aa7e,7,70,Normal
2026-02-14 03:28:37.781888,Berlin-aa7e,34,43,Normal
2026-02-14 03:28:38.781888,Berlin-aa7e,-30,7,Normal
2026-02-14 03:28:39.781888,Berlin-aa7e,-19,99,Normal
2026-02-14 03:28:40.781888,Berlin-aa7e,-18,98,Normal
2026-02-14 03:28:41.781888,Berlin-aa7e,-27,29,Normal
2026-02-14 03:28:42.781888,Berlin-aa7e,-27,52,Normal
2026-02-14 03:28:43.781888,Berlin-aa7e,1,56,Normal
2026-02-14 03:28:44.781888,Berlin-aa7e,-5,51,Normal
2026-02-14 03:28:45.781888,Berlin-aa7e,50,75,Normal
2026-02-14 03:28:46.781888,Berlin-aa7e,-23,89,Normal
2026-02-14 03:28:47.781888,Berlin-aa7e,47,91,Normal
2026-02-14 03:28:48.781888,Berlin-aa7e,-3,67,Normal
2026-02-14 03:28:49.781888,Berlin-aa7e,5,57,Normal
2026-02-14 03:28:50.781888,Berlin-aa7e,29,17,Normal
2026-02-14 03:28:51.781888,Berlin-aa7e,9,44,Normal
2026-02-14 03:28:52.781888,Berlin-aa7e,-28,96,Normal
2026-02-14 03:28:53.781888,Berlin-aa7e,16,8,Normal
2026-02-14 03:28:54.781888,Berlin-aa7e,24,68,Normal
2026-02-14 03:28:55.781888,Berlin-aa7e,17,67,Normal
2026-02-14 03:28:56.781888,Berlin-aa7e,31,30,Normal
2026-02-14 03:28:57.781888,Berlin-aa7e,-22,38,Normal
2026-02-14 03:28:58.781888,Berlin-aa7e,26,52,Normal
2026-02-14 03:28:59.781888,Berlin-aa7e,-3,29,Normal
2026-02-14 03:29:00.781888,Berlin-aa7e,25,43,Normal
2026-02-14 03:29:01.781888,Berlin-aa7e,6,36,Normal
2026-02-14 03:29:02.781888,Berlin-aa7e,31,56,Normal
2026-02-14 03:29:03.781888,Berlin-aa7e,-16,25,Normal
2026-02-14 03:29:04.781888,Berlin-aa7e,14,52,Normal
2026-02-14 03:29:05.781888,Berlin-aa7e,35,35,Normal
2026-02-14 03:29:06.781888,Berlin-aa7e,46,82,Normal
2026-02-14 03:29:07.781888,Berlin-aa7e,-18,43,Normal
2026-02-14 03:29:08.781888,Berlin-aa7e,42,4,Normal
2026-02-14 03:29:09.781888,Berlin-aa7e,-12,80,Normal
2026-02-14 03:29:10.781888,Berlin-aa7e,1,93,Normal
2026-02-14 03:29:11.781888,Berlin-aa7e,28,54,Normal
2026-02-14 03:29:12.781888,Berlin-aa7e,-17,79,Normal
2026-02-14 03:29:13.781888,Berlin-aa7e,-11,55,Normal
2026-02-14 03:29:14.781888,Berlin-aa7e,45,66,Normal
2026-02-14 03:29:15.781888,Berlin-aa7e,-12,12,Normal
2026-02-14 03:29:16.781888,Berlin-aa7e,16,43,Normal
2026-02-14 03:29:17.781888,Berlin-aa7e,-26,50,Normal
2026-02-14 03:29:18.781888,Berlin-aa7e,-10,72,Normal
2026-02-14 03:29:19.781888,Berlin-aa7e,4,93,Normal
2026-02-14 03:29:20.781888,Berlin-aa7e,30,74,Normal
2026-02-14 03:29:21.781888,Berlin-aa7e,30,71,Normal
2026-02-14 03:29:22.781888,Berlin-aa7e,33,57,Normal
2026-02-14 03:29:23.781888,Berlin-aa7e,31,91,Normal
2026-02-14 03:29:24.781888,Berlin-aa7e,50,51,Normal
2026-02-14 03:29:25.781888,Berlin-aa7e,46,28,Normal
2026-02-14 03:29:26.781888,Berlin-aa7e,5,7,Normal
2026-02-14 03:29:27.781888,Berlin-aa7e,-2,30,Normal
2026-02-14 03:29:28.781888,Berlin-aa7e,-12,93,Normal
2026-02-14 03:29:29.781888,Berlin-aa7e,-11,91,Normal
2026-02-14 03:29:30.781888,Berlin-aa7e,43,100,Normal
2026-02-14 03:29:31.781888,Berlin-aa7e,-2,5,Normal
2026-02-14 03:29:32.781888,Berlin-aa7e,31,13,Normal
2026-02-14 03:29:33.781888,Berlin-aa7e,-24,53,Normal
2026-02-14 03:29:34.781888,Berlin-aa7e,-29,13,Normal
2026-02-14 03:29:35.781888,Berlin-aa7e,-24,81,Normal
2026-02-14 03:29:36.781888,Berlin-aa7e,1,50,Normal
2026-02-14 03:29:37.781888,Berlin-aa7e,-29,68,Normal
2026-02-14 03:29:38.781888,Berlin-aa7e,2,45,Normal
2026-02-14 03:29:39.781888,Berlin-aa7e,-21,39,Normal
2026-02-14 03:29:40.781888,Berlin-aa7e,50,49,Normal
2026-02-14 03:29:41.781888,Berlin-aa7e,-2,37,Normal
2026-02-14 03:29:42.781888,Berlin-aa7e,31,80,Normal
2026-02-14 03:29:43.781888,Berlin-aa7e,29,100,Normal
2026-02-14 03:29:44.781888,Berlin-aa7e,-21,30,Normal
2026-02-14 03:29:45.781888,Berlin-aa7e,44,2,Normal
2026-02-14 03:29:46.781888,Berlin-aa7e,-11,56,Normal
2026-02-14 03:29:47.781888,Berlin-aa7e,26,18,Normal
2026-02-14 03:29:48.781888,Berlin-aa7e,15,9,Normal
2026-02-14 03:29:49.781888,Berlin-aa7e,36,88,Normal
2026-02-14 03:29:50.781888,Berlin-aa7e,6,100,Normal
2026-02-14 03:29:51.781888,Berlin-aa7e,0,55,Normal
2026-02-14 03:29:52.781888,Berlin-aa7e,20,62,Normal
2026-02-14 03:29:53.781888,Berlin-aa7e,-26,43,Normal
2026-02-14 03:29:54.781888,Berlin-aa7e,31,10,Normal
2026-02-14 03:29:55.781888,Berlin-aa7e,34,59,Normal
2026-02-14 03:29:56.781888,Berlin-aa7e,6,84,Normal
2026-02-14 03:29:57.781888,Berlin-aa7e,-6,11,Normal
2026-02-14 03:29:58.781888,Berlin-aa7e,36,42,Normal
2026-02-14 03:29:59.781888,Berlin-aa7e,-7,2,Normal
2026-02-14 03:30:00.781888,Berlin-aa7e,-23,82,Normal
2026-02-14 03:30:01.781888,Berlin-aa7e,14,27,Normal
2026-02-14 03:30:02.781888,Berlin-aa7e,30,19,Normal
2026-02-14 03:30:03.781888,Berlin-aa7e,-24,57,Normal
2026-02-14 03:30:04.781888,Berlin-aa7e,-15,28,Normal
2026-02-14 03:30:05.781888,Berlin-aa7e,-10,7,Normal
2026-02-14 03:30:06.781888,Berlin-aa7e,39,53,Normal
2026-02-14 03:30:07.781888,Berlin-aa7e,3,79,Normal
2026-02-14 03:30:08.781888,Berlin-aa7e,-18,32,Normal
2026-02-14 03:30:09.781888,Berlin-aa7e,-18,80,Normal
2026-02-14 03:30:10.781888,Berlin-aa7e,15,49,Normal
2026-02-14 03:30:11.781888,Berlin-aa7e,-11,52,Normal
2026-02-14 03:30:12.781888,Berlin-aa7e,25,48,Normal
2026-02-14 03:30:13.781888,Berlin-aa7e,29,22,Normal
2026-02-14 03:30:14.781888,Berlin-aa7e,-1,23,Normal
2026-02-14 03:30:15.781888,Berlin-aa7e,12,75,Normal
2026-02-14 03:30:16.781888,Berlin-aa7e,6,42,Normal
2026-02-14 03:30:17.781888,Berlin-aa7e,14,27,Normal
2026-02-14 03:30:18.781888,Berlin-aa7e,2,13,Normal
2026-02-14 03:30:19.781888,Berlin-aa7e,8,86,Normal
2026-02-14 03:30:20.781888,Berlin-aa7e,30,48,Normal
2026-02-14 03:30:21.781888,Berlin-aa7e,43,47,Normal
2026-02-14 03:30:22.781888,Berlin-aa7e,16,35,Normal
2026-02-14 03:30:23.781888,Berlin-aa7e,47,32,Normal
2026-02-14 03:30:24.781888,Berlin-aa7e,-5,43,Normal
2026-02-14 03:30:25.781888,Berlin-aa7e,44,29,Normal
2026-02-14 03:30:26.781888,Berlin-aa7e,9,99,Normal
2026-02-14 03:30:27.781888,Berlin-aa7e,12,27,Normal
2026-02-14 03:30:28.781888,Berlin-aa7e,-2,21,Normal
2026-02-14 03:30:29.781888,Berlin-aa7e,-8,53,Normal
2026-02-14 03:30:30.781888,Berlin-aa7e,7,58,Normal
2026-02-14 03:30:31.781888,Berlin-aa7e,-22,28,Normal
2026-02-14 03:30:32.781888,Berlin-aa7e,39,25,Normal
2026-02-14 03:30:33.781888,Berlin-aa7e,19,80,Normal
2026-02-14 03:30:34.781888,Berlin-aa7e,46,1,Normal
2026-02-14 03:30:35.781888,Berlin-aa7e,-30,14,Normal
2026-02-14 03:30:36.781888,Berlin-aa7e,30,98,Normal
2026-02-14 03:30:37.781888,Berlin-aa7e,46,28,Normal
2026-02-14 03:30:38.781888,Berlin-aa7e,4,37,Normal
2026-02-14 03:30:39.781888,Berlin-aa7e,-19,13,Normal
2026-02-14 03:30:40.781888,Berlin-aa7e,-11,8,Normal
2026-02-14 03:30:41.781888,Berlin-aa7e,-1,75,Normal
2026-02-14 03:30:42.781888,Berlin-aa7e,2,90,Normal
2026-02-14 03:30:43.781888,Berlin-aa7e,7,29,Normal
2026-02-14 03:30:44.781888,Berlin-aa7e,-10,74,Normal
2026-02-14 03:30:45.781888,Berlin-aa7e,-8,37,Normal
2026-02-14 03:30:46.781888,Berlin-aa7e,44,83,Normal
2026-02-14 03:30:47.781888,Berlin-aa7e,5,71,Normal
2026-02-14 03:30:48.781888,Berlin-aa7e,6,72,Normal
2026-02-14 03:30:49.781888,Berlin-aa7e,-20,67,Normal
2026-02-14 03:30:50.781888,Berlin-aa7e,-11,4,Normal
2026-02-14 03:30:51.781888,Berlin-aa7e,27,45,Normal
2026-02-14 03:30:52.781888,Berlin-aa7e,42,32,Normal
2026-02-14 03:30:53.781888,Berlin-aa7e,-12,83,Normal
2026-02-14 03:30:54.781888,Berlin-aa7e,47,44,Normal
2026-02-14 03:30:55.781888,Berlin-aa7e,32,69,Normal
2026-02-14 03:30:56.781888,Berlin-aa7e,23,71,Normal
2026-02-14 03:30:57.781888,Berlin-aa7e,-27,70,Normal
2026-02-14 03:30:58.781888,Berlin-aa7e,-1,61,Normal
2026-02-14 03:30:59.781888,Berlin-aa7e,-11,57,Normal
2026-02-14 03:31:00.781888,Berlin-aa7e,25,36,Normal
2026-02-14 03:31:01.781888,Berlin-aa7e,43,67,Normal
2026-02-14 03:31:02.781888,Berlin-aa7e,4,40,Normal
2026-02-14 03:31:03.781888,Berlin-aa7e,8,61,Normal
2026-02-14 03:31:04.781888,Berlin-aa7e,3,53,Normal
2026-02-14 03:31:05.781888,Berlin-aa7e,40,35,Normal
2026-02-14 03:31:06.781888,Berlin-aa7e,-15,59,Normal
2026-02-14 03:31:07.781888,Berlin-aa7e,39,73,Normal
2026-02-14 03:31:08.781888,Berlin-aa7e,31,40,Normal
2026-02-14 03:31:09.781888,Berlin-aa7e,9,9,Normal
2026-02-14 03:31:10.781888,Berlin-aa7e,39,83,Normal
2026-02-14 03:31:11.781888,Berlin-aa7e,-30,1,Normal
2026-02-14 03:31:12.781888,Berlin-aa7e,19,59,Normal
2026-02-14 03:31:13.781888,Berlin-aa7e,20,89,Normal
2026-02-14 03:31:14.781888,Berlin-aa7e,46,80,Normal
2026-02-14 03:31:15.781888,Berlin-aa7e,33,19,Normal
2026-02-14 03:31:16.781888,Berlin-aa7e,-9,68,Normal
2026-02-14 03:31:17.781888,Berlin-aa7e,37,57,Normal
2026-02-14 03:31:18.781888,Berlin-aa7e,-23,48,Normal
2026-02-14 03:31:19.781888,Berlin-aa7e,-28,45,Normal
2026-02-14 03:31:20.781888,Berlin-aa7e,2,29,Normal
2026-02-14 03:31:21.781888,Berlin-aa7e,-2,44,Normal
2026-02-14 03:31:22.781888,Berlin-aa7e,43,22,Normal
2026-02-14 03:31:23.781888,Berlin-aa7e,47,86,Normal
2026-02-14 03:31:24.781888,Berlin-aa7e,43,23,Normal
2026-02-14 03:31:25.781888,Berlin-aa7e,-4,82,Normal
2026-02-14 03:31:26.781888,Berlin-aa7e,29,65,Normal
2026-02-14 03:31:27.781888,Berlin-aa7e,38,32,Normal
2026-02-14 03:31:28.781888,Berlin-aa7e,11,47,Normal
2026-02-14 03:31:29.781888,Berlin-aa7e,44,94,Normal
2026-02-14 03:31:30.781888,Berlin-aa7e,17,26,Normal
2026-02-14 03:31:31.781888,Berlin-aa7e,8,92,Normal
2026-02-14 03:31:32.781888,Berlin-aa7e,16,100,Normal
2026-02-14 03:31:33.781888,Berlin-aa7e,14,53,Normal
2026-02-14 03:31:34.781888,Berlin-aa7e,42,77,Normal
2026-02-14 03:31:35.781888,Berlin-aa7e,27,64,Normal
2026-02-14 03:31:36.781888,Berlin-aa7e,19,94,Normal
2026-02-14 03:31:37.781888,Berlin-aa7e,-23,0,Normal
2026-02-14 03:31:38.781888,Berlin-aa7e,29,62,Normal
2026-02-14 03:31:39.781888,Berlin-aa7e,5,48,Normal
2026-02-14 03:31:40.781888,Berlin-aa7e,12,99,Normal
2026-02-14 03:31:41.781888,Berlin-aa7e,-20,23,Normal
2026-02-14 03:31:42.781888,Berlin-aa7e,17,63,Normal
2026-02-14 03:31:43.781888,Berlin-aa7e,37,45,Normal
2026-02-14 03:31:44.781888,Berlin-aa7e,27,74,Normal
2026-02-14 03:31:45.781888,Berlin-aa7e,16,84,Normal
2026-02-14 03:31:46.781888,Berlin-aa7e,46,59,Normal
2026-02-14 03:31:47.781888,Berlin-aa7e,41,39,Normal
2026-02-14 03:31:48.781888,Berlin-aa7e,-30,35,Normal
2026-02-14 03:31:49.781888,Berlin-aa7e,-11,90,Normal
2026-02-14 03:31:50.781888,Berlin-aa7e,47,43,Normal
2026-02-14 03:31:51.781888,Berlin-aa7e,-21,100,Normal
2026-02-14 03:31:52.781888,Berlin-aa7e,-19,4,Normal
2026-02-14 03:31:53.781888,Berlin-aa7e,13,56,Normal
2026-02-14 03:31:54.781888,Berlin-aa7e,34,61,Normal
2026-02-14 03:31:55.781888,Berlin-aa7e,-19,76,Normal
2026-02-14 03:31:56.781888,Berlin-aa7e,27,59,Normal
2026-02-14 03:31:57.781888,Berlin-aa7e,-22,46,Normal
2026-02-14 03:31:58.781888,Berlin-aa7e,10,86,Normal
2026-02-14 03:31:59.781888,Berlin-aa7e,-30,70,Normal
2026-02-14 03:32:00.781888,Berlin-aa7e,12,35,Normal
2026-02-14 03:32:01.781888,Berlin-aa7e,11,99,Normal
2026-02-14 03:32:02.781888,Berlin-aa7e,4,56,Normal
2026-02-14 03:32:03.781888,Berlin-aa7e,6,1,Normal
2026-02-14 03:32:04.781888,Berlin-aa7e,-12,60,Normal
2026-02-14 03:32:05.781888,Berlin-aa7e,4,78,Normal
2026-02-14 03:32:06.781888,Berlin-aa7e,24,11,Normal
2026-02-14 03:32:07.781888,Berlin-aa7e,22,73,Normal
2026-02-14 03:32:08.781888,Berlin-aa7e,2,76,Normal
2026-02-14 03:32:09.781888,Berlin-aa7e,-1,79,Normal
2026-02-14 03:32:10.781888,Berlin-aa7e,-19,27,Normal
2026-02-14 03:32:11.781888,Berlin-aa7e,50,68,Normal
2026-02-14 03:32:12.781888,Berlin-aa7e,12,40,Normal
2026-02-14 03:32:13.781888,Berlin-aa7e,45,93,Normal
2026-02-14 03:32:14.781888,Berlin-aa7e,-19,99,Normal
2026-02-14 03:32:15.781888,Berlin-aa7e,-1,62,Normal
2026-02-14 03:32:16.781888,Berlin-aa7e,40,13,Normal
2026-02-14 03:32:17.781888,Berlin-aa7e,39,95,Normal
2026-02-14 03:32:18.781888,Berlin-aa7e,-29,46,Normal
2026-02-14 03:32:19.781888,Berlin-aa7e,20,64,Normal
2026-02-14 03:32:20.781888,Berlin-aa7e,22,27,Normal
2026-02-14 03:32:21.781888,Berlin-aa7e,15,30,Normal
2026-02-14 03:32:22.781888,Berlin-aa7e,25,36,Normal
2026-02-14 03:32:23.781888,Berlin-aa7e,41,96,Normal
2026-02-14 03:32:24.781888,Berlin-aa7e,9,57,Normal
2026-02-14 03:32:25.781888,Berlin-aa7e,0,70,Normal
2026-02-14 03:32:26.781888,Berlin-aa7e,-28,49,Normal
2026-02-14 03:32:27.781888,Berlin-aa7e,21,90,Normal
2026-02-14 03:32:28.781888,Berlin-aa7e,30,34,Normal
2026-02-14 03:32:29.781888,Berlin-aa7e,-30,71,Normal
2026-02-14 03:32:30.781888,Berlin-aa7e,-16,77,Normal
2026-02-14 03:32:31.781888,Berlin-aa7e,-11,92,Normal
2026-02-14 03:32:32.781888,Berlin-aa7e,-10,23,Normal
2026-02-14 03:32:33.781888,Berlin-aa7e,31,60,Normal
2026-02-14 03:32:34.781888,Berlin-aa7e,20,67,Normal
2026-02-14 03:32:35.781888,Berlin-aa7e,-14,39,Normal
2026-02-14 03:32:36.781888,Berlin-aa7e,-3,84,Normal
2026-02-14 03:32:37.781888,Berlin-aa7e,-12,31,Normal
2026-02-14 03:32:38.781888,Berlin-aa7e,6,12,Normal
2026-02-14 03:32:39.781888,Berlin-aa7e,32,13,Normal
2026-02-14 03:32:40.781888,Berlin-aa7e,41,31,Normal
2026-02-14 03:32:41.781888,Berlin-aa7e,-17,50,Normal
2026-02-14 03:32:42.781888,Berlin-aa7e,48,79,Normal
2026-02-14 03:32:43.781888,Berlin-aa7e,45,28,Normal
2026-02-14 03:32:44.781888,Berlin-aa7e,7,34,Normal
2026-02-14 03:32:45.781888,Berlin-aa7e,-4,0,Normal
2026-02-14 03:32:46.781888,Berlin-aa7e,-16,53,Normal
2026-02-14 03:32:47.781888,Berlin-aa7e,-25,29,Normal
2026-02-14 03:32:48.781888,Berlin-aa7e,44,55,Normal
2026-02-14 03:32:49.781888,Berlin-aa7e,-30,41,Normal
2026-02-14 03:32:50.781888,Berlin-aa7e,22,23,Normal
2026-02-14 03:32:51.781888,Berlin-aa7e,-28,91,Normal
2026-02-14 03:32:52.781888,Berlin-aa7e,21,90,Normal
2026-02-14 03:32:53.781888,Berlin-aa7e,49,21,Normal
2026-02-14 03:32:54.781888,Berlin-aa7e,-17,100,Normal
2026-02-14 03:32:55.781888,Berlin-aa7e,-4,96,Normal
2026-02-14 03:32:56.781888,Berlin-aa7e,38,58,Normal
2026-02-14 03:32:57.781888,Berlin-aa7e,32,69,Normal
2026-02-14 03:32:58.781888,Berlin-aa7e,49,9,Normal
2026-02-14 03:32:59.781888,Berlin-aa7e,-9,41,Normal
2026-02-14 03:33:00.781888,Berlin-aa7e,11,31,Normal
2026-02-14 03:33:01.781888,Berlin-aa7e,13,88,Normal
2026-02-14 03:33:02.781888,Berlin-aa7e,-9,76,Normal
2026-02-14 03:33:03.781888,Berlin-aa7e,-27,24,Normal
2026-02-14 03:33:04.781888,Berlin-aa7e,-12,19,Normal
2026-02-14 03:33:05.781888,Berlin-aa7e,49,13,Normal
2026-02-14 03:33:06.781888,Berlin-aa7e,37,63,Normal
2026-02-14 03:33:07.781888,Berlin-aa7e,-3,55,Normal
2026-02-14 03:33:08.781888,Berlin-aa7e,30,13,Normal
2026-02-14 03:33:09.781888,Berlin-aa7e,14,84,Normal
2026-02-14 03:33:10.781888,Berlin-aa7e,-5,85,Normal
2026-02-14 03:33:11.781888,Berlin-aa7e,-7,7,Normal
2026-02-14 03:33:12.781888,Berlin-aa7e,-11,45,Normal
2026-02-14 03:33:13.781888,Berlin-aa7e,46,39,Normal
2026-02-14 03:33:14.781888,Berlin-aa7e,21,78,Normal
2026-02-14 03:33:15.781888,Berlin-aa7e,-29,69,Normal
2026-02-14 03:33:16.781888,Berlin-aa7e,30,75,Normal
2026-02-14 03:33:17.781888,Berlin-aa7e,0,6,Normal
2026-02-14 03:33:18.781888,Berlin-aa7e,34,84,Normal
2026-02-14 03:33:19.781888,Berlin-aa7e,43,34,Normal
2026-02-14 03:33:20.781888,Berlin-aa7e,6,99,Normal
2026-02-14 03:33:21.781888,Berlin-aa7e,12,85,Normal
2026-02-14 03:33:22.781888,Berlin-aa7e,44,82,Normal
2026-02-14 03:33:23.781888,Berlin-aa7e,-29,11,Normal
2026-02-14 03:33:24.781888,Berlin-aa7e,-10,49,Normal
2026-02-14 03:33:25.781888,Berlin-aa7e,43,50,Normal
2026-02-14 03:33:26.781888,Berlin-aa7e,8,6,Normal
2026-02-14 03:33:27.781888,Berlin-aa7e,-4,43,Normal
2026-02-14 03:33:28.781888,Berlin-aa7e,12,100,Normal
2026-02-14 03:33:29.781888,Berlin-aa7e,-21,63,Normal
2026-02-14 03:33:30.781888,Berlin-aa7e,31,67,Normal
2026-02-14 03:33:31.781888,Berlin-aa7e,18,91,Normal
2026-02-14 03:33:32.781888,Berlin-aa7e,-14,2,Normal
2026-02-14 03:33:33.781888,Berlin-aa7e,-19,48,Normal
2026-02-14 03:33:34.781888,Berlin-aa7e,-15,95,Normal
2026-02-14 03:33:35.781888,Berlin-aa7e,-16,60,Normal
2026-02-14 03:33:36.781888,Berlin-aa7e,50,69,Normal
2026-02-14 03:33:37.781888,Berlin-aa7e,-13,86,Normal
2026-02-14 03:33:38.781888,Berlin-aa7e,47,49,Normal
2026-02-14 03:33:39.781888,Berlin-aa7e,8,32,Normal
2026-02-14 03:33:40.781888,Berlin-aa7e,-9,3,Normal
2026-02-14 03:33:41.781888,Berlin-aa7e,-25,9,Normal
2026-02-14 03:33:42.781888,Berlin-aa7e,48,54,Normal
2026-02-14 03:33:43.781888,Berlin-aa7e,-28,14,Normal
2026-02-14 03:33:44.781888,Berlin-aa7e,25,36,Normal
2026-02-14 03:33:45.781888,Berlin-aa7e,29,93,Normal
2026-02-14 03:33:46.781888,Berlin-aa7e,42,5,Normal
2026-02-14 03:33:47.781888,Berlin-aa7e,8,9,Normal
2026-02-14 03:33:48.781888,Berlin-aa7e,49,38,Normal
2026-02-14 03:33:49.781888,Berlin-aa7e,6,47,Normal
2026-02-14 03:33:50.781888,Berlin-aa7e,0,86,Normal
2026-02-14 03:33:51.781888,Berlin-aa7e,-29,36,Normal
2026-02-14 03:33:52.781888,Berlin-aa7e,-13,68,Normal
2026-02-14 03:33:53.781888,Berlin-aa7e,-7,79,Normal
2026-02-14 03:33:54.781888,Berlin-aa7e,29,25,Normal
2026-02-14 03:33:55.781888,Berlin-aa7e,-28,99,Normal
2026-02-14 03:33:56.781888,Berlin-aa7e,-22,59,Normal
2026-02-14 03:33:57.781888,Berlin-aa7e,-20,48,Normal
2026-02-14 03:33:58.781888,Berlin-aa7e,-8,2,Normal
2026-02-14 03:33:59.781888,Berlin-aa7e,-11,93,Normal
2026-02-14 03:34:00.781888,Berlin-aa7e,37,43,Normal
2026-02-14 03:34:01.781888,Berlin-aa7e,28,58,Normal
2026-02-14 03:34:02.781888,Berlin-aa7e,22,91,Normal
2026-02-14 03:34:03.781888,Berlin-aa7e,32,45,Normal
2026-02-14 03:34:04.781888,Berlin-aa7e,17,29,Normal
2026-02-14 03:34:05.781888,Berlin-aa7e,14,22,Normal
2026-02-14 03:34:06.781888,Berlin-aa7e,45,8,Normal
2026-02-14 03:34:07.781888,Berlin-aa7e,-16,75,Normal
2026-02-14 03:34:08.781888,Berlin-aa7e,44,66,Normal
2026-02-14 03:34:09.781888,Berlin-aa7e,-23,21,Normal
2026-02-14 03:34:10.781888,Berlin-aa7e,-3,16,Normal
2026-02-14 03:34:11.781888,Berlin-aa7e,12,74,Normal
2026-02-14 03:34:12.781888,Berlin-aa7e,26,59,Normal
2026-02-14 03:34:13.781888,Berlin-aa7e,5,5,Normal
2026-02-14 03:34:14.781888,Berlin-aa7e,-5,15,Normal
2026-02-14 03:34:15.781888,Berlin-aa7e,28,43,Normal
2026-02-14 03:34:16.781888,Berlin-aa7e,-9,92,Normal
2026-02-14 03:34:17.781888,Berlin-aa7e,-21,10,Normal
2026-02-14 03:34:18.781888,Berlin-aa7e,-13,57,Normal
2026-02-14 03:34:19.781888,Berlin-aa7e,26,88,Normal
2026-02-14 03:34:20.781888,Berlin-aa7e,-28,97,Normal
2026-02-14 03:34:21.781888,Berlin-aa7e,4,14,Normal
2026-02-14 03:34:22.781888,Berlin-aa7e,1,42,Normal
2026-02-14 03:34:23.781888,Berlin-aa7e,47,26,Normal
2026-02-14 03:34:24.781888,Berlin-aa7e,-6,11,Normal
2026-02-14 03:34:25.781888,Berlin-aa7e,15,13,Normal
2026-02-14 03:34:26.781888,Berlin-aa7e,-11,23,Normal
2026-02-14 03:34:27.781888,Berlin-aa7e,29,28,Normal
2026-02-14 03:34:28.781888,Berlin-aa7e,-18,25,Normal
2026-02-14 03:34:29.781888,Berlin-aa7e,-16,68,Normal
2026-02-14 03:34:30.781888,Berlin-aa7e,21,77,Normal
2026-02-14 03:34:31.781888,Berlin-aa7e,50,93,Normal
2026-02-14 03:34:32.781888,Berlin-aa7e,34,51,Normal
2026-02-14 03:34:33.781888,Berlin-aa7e,10,79,Normal
2026-02-14 03:34:34.781888,Berlin-aa7e,-9,88,Normal
2026-02-14 03:34:35.781888,Berlin-aa7e,-7,70,Normal
2026-02-14 03:34:36.781888,Berlin-aa7e,-17,82,Normal
2026-02-14 03:34:37.781888,Berlin-aa7e,36,58,Normal
2026-02-14 03:34:38.781888,Berlin-aa7e,33,42,Normal
2026-02-14 03:34:39.781888,Berlin-aa7e,14,25,Normal
2026-02-14 03:34:40.781888,Berlin-aa7e,47,10,Normal
2026-02-14 03:34:41.781888,Berlin-aa7e,-30,29,Normal
2026-02-14 03:34:42.781888,Berlin-aa7e,14,66,Normal
2026-02-14 03:34:43.781888,Berlin-aa7e,-12,63,Normal
2026-02-14 03:34:44.781888,Berlin-aa7e,2,6,Normal
2026-02-14 03:34:45.781888,Berlin-aa7e,46,3,Normal
2026-02-14 03:34:46.781888,Berlin-aa7e,35,26,Normal
2026-02-14 03:34:47.781888,Berlin-aa7e,30,36,Normal
2026-02-14 03:34:48.781888,Berlin-aa7e,25,2,Normal
2026-02-14 03:34:49.781888,Berlin-aa7e,49,69,Normal
2026-02-14 03:34:50.781888,Berlin-aa7e,-23,7,Normal
2026-02-14 03:34:51.781888,Berlin-aa7e,3,77,Normal
2026-02-14 03:34:52.781888,Berlin-aa7e,-5,3,Normal
2026-02-14 03:34:53.781888,Berlin-aa7e,-7,23,Normal
2026-02-14 03:34:54.781888,Berlin-aa7e,34,2,Normal
2026-02-14 03:34:55.781888,Berlin-aa7e,-8,17,Normal
2026-02-14 03:34:56.781888,Berlin-aa7e,5,70,Normal
2026-02-14 03:34:57.781888,Berlin-aa7e,47,83,Normal
2026-02-14 03:34:58.781888,Berlin-aa7e,32,73,Normal
2026-02-14 03:34:59.781888,Berlin-aa7e,15,61,Normal
2026-02-14 03:35:00.781888,Berlin-aa7e,-16,35,Normal
2026-02-14 03:35:01.781888,Berlin-aa7e,43,81,Normal
2026-02-14 03:35:02.781888,Berlin-aa7e,28,63,Normal
2026-02-14 03:35:03.781888,Berlin-aa7e,3,68,Normal
2026-02-14 03:35:04.781888,Berlin-aa7e,41,9,Normal
2026-02-14 03:35:05.781888,Berlin-aa7e,27,2,Normal
2026-02-14 03:35:06.781888,Berlin-aa7e,25,49,Normal
2026-02-14 03:35:07.781888,Berlin-aa7e,-2,32,Normal
2026-02-14 03:35:08.781888,Berlin-aa7e,-17,64,Normal
2026-02-14 03:35:09.781888,Berlin-aa7e,50,69,Normal
2026-02-14 03:35:10.781888,Berlin-aa7e,-24,61,Normal
2026-02-14 03:35:11.781888,Berlin-aa7e,50,79,Normal
2026-02-14 03:35:12.781888,Berlin-aa7e,-28,4,Normal
2026-02-14 03:35:13.781888,Berlin-aa7e,9,43,Normal
2026-02-14 03:35:14.781888,Berlin-aa7e,46,70,Normal
2026-02-14 03:35:15.781888,Berlin-aa7e,31,42,Normal
2026-02-14 03:35:16.781888,Berlin-aa7e,-17,89,Normal
2026-02-14 03:35:17.781888,Berlin-aa7e,-12,64,Normal
2026-02-14 03:35:18.781888,Berlin-aa7e,-30,41,Normal
2026-02-14 03:35:19.781888,Berlin-aa7e,3,92,Normal
2026-02-14 03:35:20.781888,Berlin-aa7e,-12,21,Normal
2026-02-14 03:35:21.781888,Berlin-aa7e,-21,60,Normal
2026-02-14 03:35:22.781888,Berlin-aa7e,-12,34,Normal
2026-02-14 03:35:23.781888,Berlin-aa7e,-9,27,Normal
2026-02-14 03:35:24.781888,Berlin-aa7e,15,61,Normal
2026-02-14 03:35:25.781888,Berlin-aa7e,7,69,Normal
2026-02-14 03:35:26.781888,Berlin-aa7e,44,65,Normal
2026-02-14 03:35:27.781888,Berlin-aa7e,27,38,Normal
2026-02-14 03:35:28.781888,Berlin-aa7e,43,17,Normal
2026-02-14 03:35:29.781888,Berlin-aa7e,27,19,Normal
2026-02-14 03:35:30.781888,Berlin-aa7e,4,2,Normal
2026-02-14 03:35:31.781888,Berlin-aa7e,30,20,Normal
2026-02-14 03:35:32.781888,Berlin-aa7e,26,93,Normal
2026-02-14 03:35:33.781888,Berlin-aa7e,7,60,Normal
2026-02-14 03:35:34.781888,Berlin-aa7e,19,21,Normal
2026-02-14 03:35:35.781888,Berlin-aa7e,49,42,Normal
2026-02-14 03:35:36.781888,Berlin-aa7e,43,6,Normal
2026-02-14 03:35:37.781888,Berlin-aa7e,45,9,Normal
2026-02-14 03:35:38.781888,Berlin-aa7e,-20,44,Normal
2026-02-14 03:35:39.781888,Berlin-aa7e,-22,4,Normal
2026-02-14 03:35:40.781888,Berlin-aa7e,29,27,Normal
2026-02-14 03:35:41.781888,Berlin-aa7e,50,12,Normal
2026-02-14 03:35:42.781888,Berlin-aa7e,-9,69,Normal
2026-02-14 03:35:43.781888,Berlin-aa7e,34,7,Normal
2026-02-14 03:35:44.781888,Berlin-aa7e,47,66,Normal
2026-02-14 03:35:45.781888,Berlin-aa7e,50,16,Normal
2026-02-14 03:35:46.781888,Berlin-aa7e,47,88,Normal
2026-02-14 03:35:47.781888,Berlin-aa7e,17,11,Normal
2026-02-14 03:35:48.781888,Berlin-aa7e,15,6,Normal
2026-02-14 03:35:49.781888,Berlin-aa7e,27,19,Normal
2026-02-14 03:35:50.781888,Berlin-aa7e,-26,86,Normal
2026-02-14 03:35:51.781888,Berlin-aa7e,23,10,Normal
2026-02-14 03:35:52.781888,Berlin-aa7e,-16,58,Normal
2026-02-14 03:35:53.781888,Berlin-aa7e,14,29,Normal
2026-02-14 03:35:54.781888,Berlin-aa7e,7,48,Normal
2026-02-14 03:35:55.781888,Berlin-aa7e,-10,37,Normal
2026-02-14 03:35:56.781888,Berlin-aa7e,-1,84,Normal
2026-02-14 03:35:57.781888,Berlin-aa7e,-13,12,Normal
2026-02-14 03:35:58.781888,Berlin-aa7e,38,53,Normal
2026-02-14 03:35:59.781888,Berlin-aa7e,-16,4,Normal
2026-02-14 03:36:00.781888,Berlin-aa7e,28,83,Normal
2026-02-14 03:36:01.781888,Berlin-aa7e,-22,86,Normal
2026-02-14 03:36:02.781888,Berlin-aa7e,-3,69,Normal
2026-02-14 03:36:03.781888,Berlin-aa7e,-12,46,Normal
2026-02-14 03:36:04.781888,Berlin-aa7e,-4,7,Normal
2026-02-14 03:36:05.781888,Berlin-aa7e,1,91,Normal
2026-02-14 03:36:06.781888,Berlin-aa7e,-27,7,Normal
2026-02-14 03:36:07.781888,Berlin-aa7e,42,66,Normal
2026-02-14 03:36:08.781888,Berlin-aa7e,4,88,Normal
2026-02-14 03:36:09.781888,Berlin-aa7e,50,43,Normal
2026-02-14 03:36:10.781888,Berlin-aa7e,43,23,Normal
2026-02-14 03:36:11.781888,Berlin-aa7e,-19,59,Normal
2026-02-14 03:36:12.781888,Berlin-aa7e,-3,24,Normal
2026-02-14 03:36:13.781888,Berlin-aa7e,-14,2,Normal
2026-02-14 03:36:14.781888,Berlin-aa7e,-8,14,Normal
2026-02-14 03:36:15.781888,Berlin-aa7e,26,17,Normal
2026-02-14 03:36:16.781888,Berlin-aa7e,48,28,Normal
2026-02-14 03:36:17.781888,Berlin-aa7e,48,7,Normal
2026-02-14 03:36:18.781888,Berlin-aa7e,16,95,Normal
2026-02-14 03:36:19.781888,Berlin-aa7e,11,70,Normal
2026-02-14 03:36:20.781888,Berlin-aa7e,18,64,Normal
2026-02-14 03:36:21.781888,Berlin-aa7e,-27,56,Normal
2026-02-14 03:36:22.781888,Berlin-aa7e,37,66,Normal
2026-02-14 03:36:23.781888,Berlin-aa7e,38,40,Normal
2026-02-14 03:36:24.781888,Berlin-aa7e,-1,77,Normal
2026-02-14 03:36:25.781888,Berlin-aa7e,-9,68,Normal
2026-02-14 03:36:26.781888,Berlin-aa7e,-6,56,Normal
2026-02-14 03:36:27.781888,Berlin-aa7e,19,57,Normal
2026-02-14 03:36:28.781888,Berlin-aa7e,-19,87,Normal
2026-02-14 03:36:29.781888,Berlin-aa7e,11,71,Normal
2026-02-14 03:36:30.781888,Berlin-aa7e,-9,96,Normal
2026-02-14 03:36:31.781888,Berlin-aa7e,46,40,Normal
2026-02-14 03:36:32.781888,Berlin-aa7e,-8,46,Normal
2026-02-14 03:36:33.781888,Berlin-aa7e,46,75,Normal
2026-02-14 03:36:34.781888,Berlin-aa7e,26,98,Normal
2026-02-14 03:36:35.781888,Berlin-aa7e,26,91,Normal
2026-02-14 03:36:36.781888,Berlin-aa7e,-23,94,Normal
2026-02-14 03:36:37.781888,Berlin-aa7e,-29,99,Normal
2026-02-14 03:36:38.781888,Berlin-aa7e,35,14,Normal
2026-02-14 03:36:39.781888,Berlin-aa7e,18,28,Normal
2026-02-14 03:36:40.781888,Berlin-aa7e,14,34,Normal
2026-02-14 03:36:41.781888,Berlin-aa7e,24,54,Normal
2026-02-14 03:36:42.781888,Berlin-aa7e,-11,8,Normal
2026-02-14 03:36:43.781888,Berlin-aa7e,14,89,Normal
2026-02-14 03:36:44.781888,Berlin-aa7e,25,39,Normal
2026-02-14 03:36:45.781888,Berlin-aa7e,1,87,Normal
2026-02-14 03:36:46.781888,Berlin-aa7e,-12,85,Normal
2026-02-14 03:36:47.781888,Berlin-aa7e,-21,39,Normal
2026-02-14 03:36:48.781888,Berlin-aa7e,50,38,Normal
2026-02-14 03:36:49.781888,Berlin-aa7e,-29,23,Normal
2026-02-14 03:36:50.781888,Berlin-aa7e,11,17,Normal
2026-02-14 03:36:51.781888,Berlin-aa7e,-5,59,Normal
2026-02-14 03:36:52.781888,Berlin-aa7e,-29,25,Normal
2026-02-14 03:36:53.781888,Berlin-aa7e,-14,37,Normal
2026-02-14 03:36:54.781888,Berlin-aa7e,-8,54,Normal
2026-02-14 03:36:55.781888,Berlin-aa7e,-17,11,Normal
2026-02-14 03:36:56.781888,Berlin-aa7e,22,39,Normal
2026-02-14 03:36:57.781888,Berlin-aa7e,-26,10,Normal
2026-02-14 03:36:58.781888,Berlin-aa7e,43,77,Normal
2026-02-14 03:36:59.781888,Berlin-aa7e,18,83,Normal
2026-02-14 03:37:00.781888,Berlin-aa7e,-12,100,Normal
2026-02-14 03:37:01.781888,Berlin-aa7e,-22,65,Normal
2026-02-14 03:37:02.781888,Berlin-aa7e,39,70,Normal
2026-02-14 03:37:03.781888,Berlin-aa7e,-9,77,Normal
2026-02-14 03:37:04.781888,Berlin-aa7e,35,73,Normal
2026-02-14 03:37:05.781888,Berlin-aa7e,-19,78,Normal
2026-02-14 03:37:06.781888,Berlin-aa7e,30,68,Normal
2026-02-14 03:37:07.781888,Berlin-aa7e,27,86,Normal
2026-02-14 03:37:08.781888,Berlin-aa7e,-10,77,Normal
2026-02-14 03:37:09.781888,Berlin-aa7e,40,61,Normal
2026-02-14 03:37:10.781888,Berlin-aa7e,-4,94,Normal
2026-02-14 03:37:11.781888,Berlin-aa7e,-20,100,Normal
2026-02-14 03:37:12.781888,Berlin-aa7e,-1,18,Normal
2026-02-14 03:37:13.781888,Berlin-aa7e,-10,22,Normal
2026-02-14 03:37:14.781888,Berlin-aa7e,22,92,Normal
2026-02-14 03:37:15.781888,Berlin-aa7e,-18,27,Normal
2026-02-14 03:37:16.781888,Berlin-aa7e,-21,90,Normal
2026-02-14 03:37:17.781888,Berlin-aa7e,-21,13,Normal
2026-02-14 03:37:18.781888,Berlin-aa7e,5,85,Normal
2026-02-14 03:37:19.781888,Berlin-aa7e,9,6,Normal
2026-02-14 03:37:20.781888,Berlin-aa7e,13,100,Normal
2026-02-14 03:37:21.781888,Berlin-aa7e,43,19,Normal
2026-02-14 03:37:22.781888,Berlin-aa7e,-28,31,Normal
2026-02-14 03:37:23.781888,Berlin-aa7e,-15,57,Normal
2026-02-14 03:37:24.781888,Berlin-aa7e,18,9,Normal
2026-02-14 03:37:25.781888,Berlin-aa7e,40,66,Normal
2026-02-14 03:37:26.781888,Berlin-aa7e,5,19,Normal
2026-02-14 03:37:27.781888,Berlin-aa7e,10,69,Normal
2026-02-14 03:37:28.781888,Berlin-aa7e,33,14,Normal
2026-02-14 03:37:29.781888,Berlin-aa7e,11,89,Normal
2026-02-14 03:37:30.781888,Berlin-aa7e,-12,94,Normal
2026-02-14 03:37:31.781888,Berlin-aa7e,30,34,Normal
2026-02-14 03:37:32.781888,Berlin-aa7e,15,46,Normal
2026-02-14 03:37:33.781888,Berlin-aa7e,45,61,Normal
2026-02-14 03:37:34.781888,Berlin-aa7e,5,82,Normal
2026-02-14 03:37:35.781888,Berlin-aa7e,42,36,Normal
2026-02-14 03:37:36.781888,Berlin-aa7e,30,93,Normal
2026-02-14 03:37:37.781888,Berlin-aa7e,-19,21,Normal
2026-02-14 03:37:38.781888,Berlin-aa7e,-24,1,Normal
2026-02-14 03:37:39.781888,Berlin-aa7e,-24,50,Normal
2026-02-14 03:37:40.781888,Berlin-aa7e,42,84,Normal
2026-02-14 03:37:41.781888,Berlin-aa7e,15,95,Normal
2026-02-14 03:37:42.781888,Berlin-aa7e,13,22,Normal
2026-02-14 03:37:43.781888,Berlin-aa7e,-4,97,Normal
2026-02-14 03:37:44.781888,Berlin-aa7e,10,95,Normal
2026-02-14 03:37:45.781888,Berlin-aa7e,-28,23,Normal
2026-02-14 03:37:46.781888,Berlin-aa7e,32,72,Normal
2026-02-14 03:37:47.781888,Berlin-aa7e,27,87,Normal
2026-02-14 03:37:48.781888,Berlin-aa7e,12,11,Normal
2026-02-14 03:37:49.781888,Berlin-aa7e,-28,21,Normal
2026-02-14 03:37:50.781888,Berlin-aa7e,41,99,Normal
2026-02-14 03:37:51.781888,Berlin-aa7e,-25,37,Normal
2026-02-14 03:37:52.781888,Berlin-aa7e,-11,86,Normal
2026-02-14 03:37:53.781888,Berlin-aa7e,30,64,Normal
2026-02-14 03:37:54.781888,Berlin-aa7e,28,27,Normal
2026-02-14 03:37:55.781888,Berlin-aa7e,-15,18,Normal
2026-02-14 03:37:56.781888,Berlin-aa7e,-8,36,Normal
2026-02-14 03:37:57.781888,Berlin-aa7e,32,54,Normal
2026-02-14 03:37:58.781888,Berlin-aa7e,35,64,Normal
2026-02-14 03:37:59.781888,Berlin-aa7e,13,8,Normal
2026-02-14 03:38:00.781888,Berlin-aa7e,-11,46,Normal
2026-02-14 03:38:01.781888,Berlin-aa7e,-15,36,Normal
2026-02-14 03:38:02.781888,Berlin-aa7e,48,68,Normal
2026-02-14 03:38:03.781888,Berlin-aa7e,-14,98,Normal
2026-02-14 03:38:04.781888,Berlin-aa7e,-17,30,Normal
2026-02-14 03:38:05.781888,Berlin-aa7e,-25,55,Normal
2026-02-14 03:38:06.781888,Berlin-aa7e,15,23,Normal
2026-02-14 03:38:07.781888,Berlin-aa7e,3,3,Normal
2026-02-14 03:38:08.781888,Berlin-aa7e,47,1,Normal
2026-02-14 03:38:09.781888,Berlin-aa7e,-14,44,Normal
2026-02-14 03:38:10.781888,Berlin-aa7e,-13,9,Normal
2026-02-14 03:38:11.781888,Berlin-aa7e,-28,43,Normal
2026-02-14 03:38:12.781888,Berlin-aa7e,15,59,Normal
2026-02-14 03:38:13.781888,Berlin-aa7e,-3,25,Normal
2026-02-14 03:38:14.781888,Berlin-aa7e,-6,71,Normal
2026-02-14 03:38:15.781888,Berlin-aa7e,23,89,Normal
2026-02-14 03:38:16.781888,Berlin-aa7e,-4,41,Normal
2026-02-14 03:38:17.781888,Berlin-aa7e,20,29,Normal
2026-02-14 03:38:18.781888,Berlin-aa7e,21,33,Normal
2026-02-14 03:38:19.781888,Berlin-aa7e,12,86,Normal
2026-02-14 03:38:20.781888,Berlin-aa7e,49,57,Normal
2026-02-14 03:38:21.781888,Berlin-aa7e,49,10,Normal
2026-02-14 03:38:22.781888,Berlin-aa7e,-15,27,Normal
2026-02-14 03:38:23.781888,Berlin-aa7e,-12,88,Normal
2026-02-14 03:38:24.781888,Berlin-aa7e,-24,22,Normal
2026-02-14 03:38:25.781888,Berlin-aa7e,-21,74,Normal
2026-02-14 03:38:26.781888,Berlin-aa7e,-28,48,Normal
2026-02-14 03:38:27.781888,Berlin-aa7e,15,63,Normal
2026-02-14 03:38:28.781888,Berlin-aa7e,42,1,Normal
2026-02-14 03:38:29.781888,Berlin-aa7e,5,96,Normal
2026-02-14 03:38:30.781888,Berlin-aa7e,-20,48,Normal
2026-02-14 03:38:31.781888,Berlin-aa7e,13,21,Normal
2026-02-14 03:38:32.781888,Berlin-aa7e,6,58,Normal
2026-02-14 03:38:33.781888,Berlin-aa7e,40,18,Normal
2026-02-14 03:38:34.781888,Berlin-aa7e,-12,62,Normal
2026-02-14 03:38:35.781888,Berlin-aa7e,48,89,Normal
2026-02-14 03:38:36.781888,Berlin-aa7e,-2,46,Normal
2026-02-14 03:38:37.781888,Berlin-aa7e,-28,32,Normal
2026-02-14 03:38:38.781888,Berlin-aa7e,25,70,Normal
2026-02-14 03:38:39.781888,Berlin-aa7e,-2,91,Normal
2026-02-14 03:38:40.781888,Berlin-aa7e,-14,46,Normal
2026-02-14 03:38:41.781888,Berlin-aa7e,-7,55,Normal
2026-02-14 03:38:42.781888,Berlin-aa7e,42,27,Normal
2026-02-14 03:38:43.781888,Berlin-aa7e,40,72,Normal
2026-02-14 03:38:44.781888,Berlin-aa7e,40,97,Normal
2026-02-14 03:38:45.781888,Berlin-aa7e,-1,18,Normal
2026-02-14 03:38:46.781888,Berlin-aa7e,24,21,Normal
2026-02-14 03:38:47.781888,Berlin-aa7e,15,98,Normal
2026-02-14 03:38:48.781888,Berlin-aa7e,-11,77,Normal
2026-02-14 03:38:49.781888,Berlin-aa7e,-17,31,Normal
2026-02-14 03:38:50.781888,Berlin-aa7e,1,98,Normal
2026-02-14 03:38:51.781888,Berlin-aa7e,-24,96,Normal
2026-02-14 03:38:52.781888,Berlin-aa7e,17,30,Normal
2026-02-14 03:38:53.781888,Berlin-aa7e,-8,25,Normal
2026-02-14 03:38:54.781888,Berlin-aa7e,19,14,Normal
2026-02-14 03:38:55.781888,Berlin-aa7e,42,79,Normal
2026-02-14 03:38:56.781888,Berlin-aa7e,-2,55,Normal
2026-02-14 03:38:57.781888,Berlin-aa7e,18,13,Normal
2026-02-14 03:38:58.781888,Berlin-aa7e,4,6,Normal
2026-02-14 03:38:59.781888,Berlin-aa7e,28,94,Normal
2026-02-14 03:39:00.781888,Berlin-aa7e,41,21,Normal
2026-02-14 03:39:01.781888,Berlin-aa7e,16,56,Normal
2026-02-14 03:39:02.781888,Berlin-aa7e,36,69,Normal
2026-02-14 03:39:03.781888,Berlin-aa7e,-12,45,Normal
2026-02-14 03:39:04.781888,Berlin-aa7e,1,10,Normal
2026-02-14 03:39:05.781888,Berlin-aa7e,-20,59,Normal
2026-02-14 03:39:06.781888,Berlin-aa7e,-19,76,Normal
2026-02-14 03:39:07.781888,Berlin-aa7e,37,90,Normal
2026-02-14 03:39:08.781888,Berlin-aa7e,37,12,Normal
2026-02-14 03:39:09.781888,Berlin-aa7e,47,75,Normal
2026-02-14 03:39:10.781888,Berlin-aa7e,18,88,Normal
2026-02-14 03:39:11.781888,Berlin-aa7e,8,92,Normal
2026-02-14 03:39:12.781888,Berlin-aa7e,27,66,Normal
2026-02-14 03:39:13.781888,Berlin-aa7e,17,34,Normal
2026-02-14 03:39:14.781888,Berlin-aa7e,31,13,Normal
2026-02-14 03:39:15.781888,Berlin-aa7e,22,39,Normal
2026-02-14 03:39:16.781888,Berlin-aa7e,-20,38,Normal
2026-02-14 03:39:17.781888,Berlin-aa7e,41,22,Normal
2026-02-14 03:39:18.781888,Berlin-aa7e,6,25,Normal
2026-02-14 03:39:19.781888,Berlin-aa7e,30,96,Normal
2026-02-14 03:39:20.781888,Berlin-aa7e,28,36,Normal
2026-02-14 03:39:21.781888,Berlin-aa7e,21,100,Normal
2026-02-14 03:39:22.781888,Berlin-aa7e,-14,12,Normal
2026-02-14 03:39:23.781888,Berlin-aa7e,-3,91,Normal
2026-02-14 03:39:24.781888,Berlin-aa7e,21,29,Normal
2026-02-14 03:39:25.781888,Berlin-aa7e,24,58,Normal
2026-02-14 03:39:26.781888,Berlin-aa7e,-10,12,Normal
2026-02-14 03:39:27.781888,Berlin-aa7e,17,42,Normal
2026-02-14 03:39:28.781888,Berlin-aa7e,-9,41,Normal
2026-02-14 03:39:29.781888,Berlin-aa7e,5,18,Normal
2026-02-14 03:39:30.781888,Berlin-aa7e,9,71,Normal
2026-02-14 03:39:31.781888,Berlin-aa7e,29,74,Normal
2026-02-14 03:39:32.781888,Berlin-aa7e,-30,29,Normal
2026-02-14 03:39:33.781888,Berlin-aa7e,41,11,Normal
2026-02-14 03:39:34.781888,Berlin-aa7e,-7,23,Normal
2026-02-14 03:39:35.781888,Berlin-aa7e,50,32,Normal
2026-02-14 03:39:36.781888,Berlin-aa7e,48,84,Normal
2026-02-14 03:39:37.781888,Berlin-aa7e,28,91,Normal
2026-02-14 03:39:38.781888,Berlin-aa7e,-10,93,Normal
2026-02-14 03:39:39.781888,Berlin-aa7e,0,83,Normal
2026-02-14 03:39:40.781888,Berlin-aa7e,6,23,Normal
2026-02-14 03:39:41.781888,Berlin-aa7e,50,50,Normal
2026-02-14 03:39:42.781888,Berlin-aa7e,33,63,Normal
2026-02-14 03:39:43.781888,Berlin-aa7e,11,84,Normal
2026-02-14 03:39:44.781888,Berlin-aa7e,39,43,Normal
2026-02-14 03:39:45.781888,Berlin-aa7e,47,43,Normal
2026-02-14 03:39:46.781888,Berlin-aa7e,21,86,Normal
2026-02-14 03:39:47.781888,Berlin-aa7e,-27,1,Normal
2026-02-14 03:39:48.781888,Berlin-aa7e,25,58,Normal
2026-02-14 03:39:49.781888,Berlin-aa7e,9,98,Normal
2026-02-14 03:39:50.781888,Berlin-aa7e,36,86,Normal
2026-02-14 03:39:51.781888,Berlin-aa7e,22,26,Normal
2026-02-14 03:39:52.781888,Berlin-aa7e,42,96,Normal
2026-02-14 03:39:53.781888,Berlin-aa7e,22,60,Normal
2026-02-14 03:39:54.781888,Berlin-aa7e,44,79,Normal
2026-02-14 03:39:55.781888,Berlin-aa7e,-10,72,Normal
2026-02-14 03:39:56.781888,Berlin-aa7e,-19,12,Normal
2026-02-14 03:39:57.781888,Berlin-aa7e,25,84,Normal
2026-02-14 03:39:58.781888,Berlin-aa7e,15,61,Normal
2026-02-14 03:39:59.781888,Berlin-aa7e,14,7,Normal
2026-02-14 03:40:00.781888,Berlin-aa7e,34,83,Normal
2026-02-14 03:40:01.781888,Berlin-aa7e,4,93,Normal
2026-02-14 03:40:02.781888,Berlin-aa7e,24,79,Normal
2026-02-14 03:40:03.781888,Berlin-aa7e,35,0,Normal
2026-02-14 03:40:04.781888,Berlin-aa7e,-21,81,Normal
2026-02-14 03:40:05.781888,Berlin-aa7e,41,81,Normal
2026-02-14 03:40:06.781888,Berlin-aa7e,-17,12,Normal
2026-02-14 03:40:07.781888,Berlin-aa7e,-2,100,Normal
2026-02-14 03:40:08.781888,Berlin-aa7e,-11,37,Normal
2026-02-14 03:40:09.781888,Berlin-aa7e,-13,36,Normal
2026-02-14 03:40:10.781888,Berlin-aa7e,-23,78,Normal
2026-02-14 03:40:11.781888,Berlin-aa7e,5,87,Normal
2026-02-14 03:40:12.781888,Berlin-aa7e,22,41,Normal
2026-02-14 03:40:13.781888,Berlin-aa7e,-14,32,Normal
2026-02-14 03:40:14.781888,Berlin-aa7e,42,95,Normal
2026-02-14 03:40:15.781888,Berlin-aa7e,-12,86,Normal
2026-02-14 03:40:16.781888,Berlin-aa7e,43,11,Normal
2026-02-14 03:40:17.781888,Berlin-aa7e,-30,4,Normal
2026-02-14 03:40:18.781888,Berlin-aa7e,-11,62,Normal
2026-02-14 03:40:19.781888,Berlin-aa7e,-22,28,Normal
2026-02-14 03:40:20.781888,Berlin-aa7e,7,67,Normal
2026-02-14 03:40:21.781888,Berlin-aa7e,19,30,Normal
2026-02-14 03:40:22.781888,Berlin-aa7e,48,62,Normal
2026-02-14 03:40:23.781888,Berlin-aa7e,15,37,Normal
2026-02-14 03:40:24.781888,Berlin-aa7e,-3,53,Normal
2026-02-14 03:40:25.781888,Berlin-aa7e,-29,5,Normal
2026-02-14 03:40:26.781888,Berlin-aa7e,41,73,Normal
2026-02-14 03:40:27.781888,Berlin-aa7e,-20,84,Normal
2026-02-14 03:40:28.781888,Berlin-aa7e,-4,51,Normal
2026-02-14 03:40:29.781888,Berlin-aa7e,49,26,Normal
2026-02-14 03:40:30.781888,Berlin-aa7e,50,34,Normal
2026-02-14 03:40:31.781888,Berlin-aa7e,-30,5,Normal
2026-02-14 03:40:32.781888,Berlin-aa7e,-20,64,Normal
2026-02-14 03:40:33.781888,Berlin-aa7e,-14,10,Normal
2026-02-14 03:40:34.781888,Berlin-aa7e,36,85,Normal
2026-02-14 03:40:35.781888,Berlin-aa7e,29,96,Normal
2026-02-14 03:40:36.781888,Berlin-aa7e,-15,72,Normal
2026-02-14 03:40:37.781888,Berlin-aa7e,-17,40,Normal
2026-02-14 03:40:38.781888,Berlin-aa7e,-19,30,Normal
2026-02-14 03:40:39.781888,Berlin-aa7e,29,7,Normal
2026-02-14 03:40:40.781888,Berlin-aa7e,48,44,Normal
2026-02-14 03:40:41.781888,Berlin-aa7e,-2,18,Normal
2026-02-14 03:40:42.781888,Berlin-aa7e,-21,53,Normal
2026-02-14 03:40:43.781888,Berlin-aa7e,-19,48,Normal
2026-02-14 03:40:44.781888,Berlin-aa7e,8,57,Normal
2026-02-14 03:40:45.781888,Berlin-aa7e,11,95,Normal
2026-02-14 03:40:46.781888,Berlin-aa7e,10,55,Normal
2026-02-14 03:40:47.781888,Berlin-aa7e,17,73,Normal
2026-02-14 03:40:48.781888,Berlin-aa7e,-26,86,Normal
2026-02-14 03:40:49.781888,Berlin-aa7e,9,14,Normal
2026-02-14 03:40:50.781888,Berlin-aa7e,46,68,Normal
2026-02-14 03:40:51.781888,Berlin-aa7e,7,98,Normal
2026-02-14 03:40:52.781888,Berlin-aa7e,7,24,Normal
2026-02-14 03:40:53.781888,Berlin-aa7e,28,78,Normal
2026-02-14 03:40:54.781888,Berlin-aa7e,21,69,Normal
2026-02-14 03:40:55.781888,Berlin-aa7e,-3,99,Normal
2026-02-14 03:40:56.781888,Berlin-aa7e,46,65,Normal
2026-02-14 03:40:57.781888,Berlin-aa7e,7,68,Normal
2026-02-14 03:40:58.781888,Berlin-aa7e,14,51,Normal
2026-02-14 03:40:59.781888,Berlin-aa7e,-30,43,Normal
2026-02-14 03:41:00.781888,Berlin-aa7e,-1,15,Normal
2026-02-14 03:41:01.781888,Berlin-aa7e,14,52,Normal
2026-02-14 03:41:02.781888,Berlin-aa7e,-21,18,Normal
2026-02-14 03:41:03.781888,Berlin-aa7e,-25,51,Normal
2026-02-14 03:41:04.781888,Berlin-aa7e,33,22,Normal
2026-02-14 03:41:05.781888,Berlin-aa7e,-6,4,Normal
2026-02-14 03:41:06.781888,Berlin-aa7e,50,50,Normal
2026-02-14 03:41:07.781888,Berlin-aa7e,42,0,Normal
2026-02-14 03:41:08.781888,Berlin-aa7e,-7,71,Normal
2026-02-14 03:41:09.781888,Berlin-aa7e,22,22,Normal
2026-02-14 03:41:10.781888,Berlin-aa7e,12,27,Normal
2026-02-14 03:41:11.781888,Berlin-aa7e,0,98,Normal
2026-02-14 03:41:12.781888,Berlin-aa7e,21,93,Normal
2026-02-14 03:41:13.781888,Berlin-aa7e,50,2,Normal
2026-02-14 03:41:14.781888,Berlin-aa7e,17,44,Normal
2026-02-14 03:41:15.781888,Berlin-aa7e,6,63,Normal
2026-02-14 03:41:16.781888,Berlin-aa7e,15,2,Normal
2026-02-14 03:41:17.781888,Berlin-aa7e,30,98,Normal
2026-02-14 03:41:18.781888,Berlin-aa7e,-24,100,Normal
2026-02-14 03:41:19.781888,Berlin-aa7e,25,0,Normal
2026-02-14 03:41:20.781888,Berlin-aa7e,1,21,Normal
2026-02-14 03:41:21.781888,Berlin-aa7e,13,6,Normal
2026-02-14 03:41:22.781888,Berlin-aa7e,-24,68,Normal
2026-02-14 03:41:23.781888,Berlin-aa7e,30,7,Normal
2026-02-14 03:41:24.781888,Berlin-aa7e,-25,83,Normal
2026-02-14 03:41:25.781888,Berlin-aa7e,44,20,Normal
2026-02-14 03:41:26.781888,Berlin-aa7e,5,25,Normal
2026-02-14 03:41:27.781888,Berlin-aa7e,36,59,Normal
2026-02-14 03:41:28.781888,Berlin-aa7e,12,74,Normal
2026-02-14 03:41:29.781888,Berlin-aa7e,49,64,Normal
2026-02-14 03:41:30.781888,Berlin-aa7e,38,31,Normal
2026-02-14 03:41:31.781888,Berlin-aa7e,-22,85,Normal
2026-02-14 03:41:32.781888,Berlin-aa7e,-4,32,Normal
2026-02-14 03:41:33.781888,Berlin-aa7e,7,39,Normal
2026-02-14 03:41:34.781888,Berlin-aa7e,41,16,Normal
2026-02-14 03:41:35.781888,Berlin-aa7e,7,3,Normal
2026-02-14 03:41:36.781888,Berlin-aa7e,16,46,Normal
2026-02-14 03:41:37.781888,Berlin-aa7e,17,59,Normal
2026-02-14 03:41:38.781888,Berlin-aa7e,-6,37,Normal
2026-02-14 03:41:39.781888,Berlin-aa7e,3,49,Normal
2026-02-14 03:41:40.781888,Berlin-aa7e,26,64,Normal
2026-02-14 03:41:41.781888,Berlin-aa7e,47,5,Normal
2026-02-14 03:41:42.781888,Berlin-aa7e,8,35,Normal
2026-02-14 03:41:43.781888,Berlin-aa7e,31,70,Normal
2026-02-14 03:41:44.781888,Berlin-aa7e,14,40,Normal
2026-02-14 03:41:45.781888,Berlin-aa7e,25,81,Normal
2026-02-14 03:41:46.781888,Berlin-aa7e,48,19,Normal
2026-02-14 03:41:47.781888,Berlin-aa7e,32,68,Normal
2026-02-14 03:41:48.781888,Berlin-aa7e,-29,41,Normal
2026-02-14 03:41:49.781888,Berlin-aa7e,46,95,Normal
2026-02-14 03:41:50.781888,Berlin-aa7e,1,35,Normal
2026-02-14 03:41:51.781888,Berlin-aa7e,46,66,Normal
2026-02-14 03:41:52.781888,Berlin-aa7e,36,46,Normal
2026-02-14 03:41:53.781888,Berlin-aa7e,21,79,Normal
2026-02-14 03:41:54.781888,Berlin-aa7e,-26,20,Normal
2026-02-14 03:41:55.781888,Berlin-aa7e,-13,32,Normal
2026-02-14 03:41:56.781888,Berlin-aa7e,21,20,Normal
2026-02-14 03:41:57.781888,Berlin-aa7e,-27,25,Normal
2026-02-14 03:41:58.781888,Berlin-aa7e,11,22,Normal
2026-02-14 03:41:59.781888,Berlin-aa7e,-7,19,Normal
2026-02-14 03:42:00.781888,Berlin-aa7e,-16,32,Normal
2026-02-14 03:42:01.781888,Berlin-aa7e,-12,57,Normal
2026-02-14 03:42:02.781888,Berlin-aa7e,24,51,Normal
2026-02-14 03:42:03.781888,Berlin-aa7e,38,18,Normal
2026-02-14 03:42:04.781888,Berlin-aa7e,-9,18,Normal
2026-02-14 03:42:05.781888,Berlin-aa7e,4,98,Normal
2026-02-14 03:42:06.781888,Berlin-aa7e,35,18,Normal
2026-02-14 03:42:07.781888,Berlin-aa7e,-14,74,Normal
2026-02-14 03:42:08.781888,Berlin-aa7e,25,5,Normal
2026-02-14 03:42:09.781888,Berlin-aa7e,-10,29,Normal
2026-02-14 03:42:10.781888,Berlin-aa7e,33,75,Normal
2026-02-14 03:42:11.781888,Berlin-aa7e,22,99,Normal
2026-02-14 03:42:12.781888,Berlin-aa7e,-9,15,Normal
2026-02-14 03:42:13.781888,Berlin-aa7e,-13,20,Normal
2026-02-14 03:42:14.781888,Berlin-aa7e,-6,70,Normal
2026-02-14 03:42:15.781888,Berlin-aa7e,-13,7,Normal
2026-02-14 03:42:16.781888,Berlin-aa7e,-27,39,Normal
2026-02-14 03:42:17.781888,Berlin-aa7e,29,100,Normal
2026-02-14 03:42:18.781888,Berlin-aa7e,-3,34,Normal
2026-02-14 03:42:19.781888,Berlin-aa7e,-28,98,Normal
2026-02-14 03:42:20.781888,Berlin-aa7e,-25,2,Normal
2026-02-14 03:42:21.781888,Berlin-aa7e,-2,4,Normal
2026-02-14 03:42:22.781888,Berlin-aa7e,1,63,Normal
2026-02-14 03:42:23.781888,Berlin-aa7e,-19,71,Normal
2026-02-14 03:42:24.781888,Berlin-aa7e,10,100,Normal
2026-02-14 03:42:25.781888,Berlin-aa7e,34,10,Normal
2026-02-14 03:42:26.781888,Berlin-aa7e,-8,6,Normal
2026-02-14 03:42:27.781888,Berlin-aa7e,36,41,Normal
2026-02-14 03:42:28.781888,Berlin-aa7e,-10,86,Normal
2026-02-14 03:42:29.781888,Berlin-aa7e,9,3,Normal
2026-02-14 03:42:30.781888,Berlin-aa7e,19,87,Normal
2026-02-14 03:42:31.781888,Berlin-aa7e,24,23,Normal
2026-02-14 03:42:32.781888,Berlin-aa7e,17,32,Normal
2026-02-14 03:42:33.781888,Berlin-aa7e,26,61,Normal
2026-02-14 03:42:34.781888,Berlin-aa7e,22,45,Normal
2026-02-14 03:42:35.781888,Berlin-aa7e,12,36,Normal
2026-02-14 03:42:36.781888,Berlin-aa7e,42,69,Normal
2026-02-14 03:42:37.781888,Berlin-aa7e,-20,89,Normal
2026-02-14 03:42:38.781888,Berlin-aa7e,36,53,Normal
2026-02-14 03:42:39.781888,Berlin-aa7e,17,53,Normal
2026-02-14 03:42:40.781888,Berlin-aa7e,39,21,Normal
2026-02-14 03:42:41.781888,Berlin-aa7e,25,49,Normal
2026-02-14 03:42:42.781888,Berlin-aa7e,7,18,Normal
2026-02-14 03:42:43.781888,Berlin-aa7e,-28,39,Normal
2026-02-14 03:42:44.781888,Berlin-aa7e,-5,38,Normal
2026-02-14 03:42:45.781888,Berlin-aa7e,-16,56,Normal
2026-02-14 03:42:46.781888,Berlin-aa7e,27,75,Normal
2026-02-14 03:42:47.781888,Berlin-aa7e,38,4,Normal
2026-02-14 03:42:48.781888,Berlin-aa7e,11,82,Normal
2026-02-14 03:42:49.781888,Berlin-aa7e,37,27,Normal
2026-02-14 03:42:50.781888,Berlin-aa7e,-24,38,Normal
2026-02-14 03:42:51.781888,Berlin-aa7e,0,26,Normal
2026-02-14 03:42:52.781888,Berlin-aa7e,12,21,Normal
2026-02-14 03:42:53.781888,Berlin-aa7e,1,59,Normal
2026-02-14 03:42:54.781888,Berlin-aa7e,41,8,Normal
2026-02-14 03:42:55.781888,Berlin-aa7e,2,30,Normal
2026-02-14 03:42:56.781888,Berlin-aa7e,20,76,Normal
2026-02-14 03:42:57.781888,Berlin-aa7e,17,75,Normal
2026-02-14 03:42:58.781888,Berlin-aa7e,20,97,Normal
2026-02-14 03:42:59.781888,Berlin-aa7e,-11,56,Normal
2026-02-14 03:43:00.781888,Berlin-aa7e,-9,62,Normal
2026-02-14 03:43:01.781888,Berlin-aa7e,-17,35,Normal
2026-02-14 03:43:02.781888,Berlin-aa7e,1,2,Normal
2026-02-14 03:43:03.781888,Berlin-aa7e,21,67,Normal
2026-02-14 03:43:04.781888,Berlin-aa7e,19,25,Normal
2026-02-14 03:43:05.781888,Berlin-aa7e,39,32,Normal
2026-02-14 03:43:06.781888,Berlin-aa7e,32,77,Normal
2026-02-14 03:43:07.781888,Berlin-aa7e,42,83,Normal
2026-02-14 03:43:08.781888,Berlin-aa7e,-1,76,Normal
2026-02-14 03:43:09.781888,Berlin-aa7e,-26,55,Normal
2026-02-14 03:43:10.781888,Berlin-aa7e,-15,18,Normal
2026-02-14 03:43:11.781888,Berlin-aa7e,23,70,Normal
2026-02-14 03:43:12.781888,Berlin-aa7e,38,63,Normal
2026-02-14 03:43:13.781888,Berlin-aa7e,-22,17,Normal
2026-02-14 03:43:14.781888,Berlin-aa7e,-12,67,Normal
2026-02-14 03:43:15.781888,Berlin-aa7e,-25,80,Normal
2026-02-14 03:43:16.781888,Berlin-aa7e,38,51,Normal
2026-02-14 03:43:17.781888,Berlin-aa7e,-1,72,Normal
2026-02-14 03:43:18.781888,Berlin-aa7e,23,8,Normal
2026-02-14 03:43:19.781888,Berlin-aa7e,-13,76,Normal
2026-02-14 03:43:20.781888,Berlin-aa7e,48,81,Normal
2026-02-14 03:43:21.781888,Berlin-aa7e,-13,69,Normal
2026-02-14 03:43:22.781888,Berlin-aa7e,-4,45,Normal
2026-02-14 03:43:23.781888,Berlin-aa7e,33,74,Normal
2026-02-14 03:43:24.781888,Berlin-aa7e,-11,32,Normal
2026-02-14 03:43:25.781888,Berlin-aa7e,5,49,Normal
2026-02-14 03:43:26.781888,Berlin-aa7e,20,53,Normal
2026-02-14 03:43:27.781888,Berlin-aa7e,36,15,Normal
2026-02-14 03:43:28.781888,Berlin-aa7e,18,83,Normal
2026-02-14 03:43:29.781888,Berlin-aa7e,29,91,Normal
2026-02-14 03:43:30.781888,Berlin-aa7e,0,67,Normal
2026-02-14 03:43:31.781888,Berlin-aa7e,38,49,Normal
2026-02-14 03:43:32.781888,Berlin-aa7e,35,55,Normal
2026-02-14 03:43:33.781888,Berlin-aa7e,16,88,Normal
2026-02-14 03:43:34.781888,Berlin-aa7e,34,38,Normal
2026-02-14 03:43:35.781888,Berlin-aa7e,-14,38,Normal
2026-02-14 03:43:36.781888,Berlin-aa7e,27,31,Normal
2026-02-14 03:43:37.781888,Berlin-aa7e,0,63,Normal
2026-02-14 03:43:38.781888,Berlin-aa7e,27,57,Normal
2026-02-14 03:43:39.781888,Berlin-aa7e,20,40,Normal
2026-02-14 03:43:40.781888,Berlin-aa7e,0,14,Normal
2026-02-14 03:43:41.781888,Berlin-aa7e,-8,35,Normal
2026-02-14 03:43:42.781888,Berlin-aa7e,8,10,Normal
2026-02-14 03:43:43.781888,Berlin-aa7e,-12,61,Normal
2026-02-14 03:43:44.781888,Berlin-aa7e,-7,45,Normal
2026-02-14 03:43:45.781888,Berlin-aa7e,45,38,Normal
2026-02-14 03:43:46.781888,Berlin-aa7e,-23,0,Normal
2026-02-14 03:43:47.781888,Berlin-aa7e,-3,81,Normal
2026-02-14 03:43:48.781888,Berlin-aa7e,-14,64,Normal
2026-02-14 03:43:49.781888,Berlin-aa7e,15,4,Normal
2026-02-14 03:43:50.781888,Berlin-aa7e,1,38,Normal
2026-02-14 03:43:51.781888,Berlin-aa7e,-30,10,Normal
2026-02-14 03:43:52.781888,Berlin-aa7e,-2,66,Normal
2026-02-14 03:43:53.781888,Berlin-aa7e,38,53,Normal
2026-02-14 03:43:54.781888,Berlin-aa7e,1,65,Normal
2026-02-14 03:43:55.781888,Berlin-aa7e,-8,3,Normal
2026-02-14 03:43:56.781888,Berlin-aa7e,34,52,Normal
2026-02-14 03:43:57.781888,Berlin-aa7e,-21,76,Normal
2026-02-14 03:43:58.781888,Berlin-aa7e,14,92,Normal
2026-02-14 03:43:59.781888,Berlin-aa7e,-11,11,Normal
2026-02-14 03:44:00.781888,Berlin-aa7e,37,47,Normal
2026-02-14 03:44:01.781888,Berlin-aa7e,-24,88,Normal
2026-02-14 03:44:02.781888,Berlin-aa7e,-17,2,Normal
2026-02-14 03:44:03.781888,Berlin-aa7e,-11,31,Normal
2026-02-14 03:44:04.781888,Berlin-aa7e,-17,28,Normal
2026-02-14 03:44:05.781888,Berlin-aa7e,-26,23,Normal
2026-02-14 03:44:06.781888,Berlin-aa7e,-8,41,Normal
2026-02-14 03:44:07.781888,Berlin-aa7e,19,31,Normal
2026-02-14 03:44:08.781888,Berlin-aa7e,3,51,Normal
2026-02-14 03:44:09.781888,Berlin-aa7e,7,78,Normal
2026-02-14 03:44:10.781888,Berlin-aa7e,-14,86,Normal
2026-02-14 03:44:11.781888,Berlin-aa7e,40,59,Normal
2026-02-14 03:44:12.781888,Berlin-aa7e,30,99,Normal
2026-02-14 03:44:13.781888,Berlin-aa7e,6,34,Normal
2026-02-14 03:44:14.781888,Berlin-aa7e,33,60,Normal
2026-02-14 03:44:15.781888,Berlin-aa7e,-14,27,Normal
2026-02-14 03:44:16.781888,Berlin-aa7e,40,96,Normal
2026-02-14 03:44:17.781888,Berlin-aa7e,-3,26,Normal
2026-02-14 03:44:18.781888,Berlin-aa7e,18,20,Normal
2026-02-14 03:44:19.781888,Berlin-aa7e,34,99,Normal
2026-02-14 03:44:20.781888,Berlin-aa7e,-13,83,Normal
2026-02-14 03:44:21.781888,Berlin-aa7e,36,16,Normal
2026-02-14 03:44:22.781888,Berlin-aa7e,6,65,Normal
2026-02-14 03:44:23.781888,Berlin-aa7e,38,81,Normal
2026-02-14 03:44:24.781888,Berlin-aa7e,9,63,Normal
2026-02-14 03:44:25.781888,Berlin-aa7e,-2,59,Normal
2026-02-14 03:44:26.781888,Berlin-aa7e,38,96,Normal
2026-02-14 03:44:27.781888,Berlin-aa7e,45,95,Normal
2026-02-14 03:44:28.781888,Berlin-aa7e,10,38,Normal
2026-02-14 03:44:29.781888,Berlin-aa7e,17,10,Normal
2026-02-14 03:44:30.781888,Berlin-aa7e,41,8,Normal
2026-02-14 03:44:31.781888,Berlin-aa7e,2,54,Normal
2026-02-14 03:44:32.781888,Berlin-aa7e,31,75,Normal
2026-02-14 03:44:33.781888,Berlin-aa7e,-10,77,Normal
2026-02-14 03:44:34.781888,Berlin-aa7e,19,81,Normal
2026-02-14 03:44:35.781888,Berlin-aa7e,13,31,Normal
2026-02-14 03:44:36.781888,Berlin-aa7e,27,66,Normal
2026-02-14 03:44:37.781888,Berlin-aa7e,17,46,Normal
2026-02-14 03:44:38.781888,Berlin-aa7e,-17,96,Normal
2026-02-14 03:44:39.781888,Berlin-aa7e,22,67,Normal
2026-02-14 03:44:40.781888,Berlin-aa7e,50,69,Normal
2026-02-14 03:44:41.781888,Berlin-aa7e,43,63,Normal
2026-02-14 03:44:42.781888,Berlin-aa7e,17,14,Normal
2026-02-14 03:44:43.781888,Berlin-aa7e,16,10,Normal
2026-02-14 03:44:44.781888,Berlin-aa7e,-30,17,Normal
2026-02-14 03:44:45.781888,Berlin-aa7e,-3,65,Normal
2026-02-14 03:44:46.781888,Berlin-aa7e,47,81,Normal
2026-02-14 03:44:47.781888,Berlin-aa7e,35,42,Normal
2026-02-14 03:44:48.781888,Berlin-aa7e,30,83,Normal
2026-02-14 03:44:49.781888,Berlin-aa7e,50,24,Normal
2026-02-14 03:44:50.781888,Berlin-aa7e,-23,96,Normal
2026-02-14 03:44:51.781888,Berlin-aa7e,-27,0,Normal
2026-02-14 03:44:52.781888,Berlin-aa7e,20,58,Normal
2026-02-14 03:44:53.781888,Berlin-aa7e,-13,100,Normal
2026-02-14 03:44:54.781888,Berlin-aa7e,11,1,Normal
2026-02-14 03:44:55.781888,Berlin-aa7e,38,56,Normal
2026-02-14 03:44:56.781888,Berlin-aa7e,-26,83,Normal
2026-02-14 03:44:57.781888,Berlin-aa7e,-14,76,Normal
2026-02-14 03:44:58.781888,Berlin-aa7e,6,33,Normal
2026-02-14 03:44:59.781888,Berlin-aa7e,12,27,Normal
2026-02-14 03:45:00.781888,Berlin-aa7e,-28,66,Normal
2026-02-14 03:45:01.781888,Berlin-aa7e,26,45,Normal
2026-02-14 03:45:02.781888,Berlin-aa7e,0,74,Normal
2026-02-14 03:45:03.781888,Berlin-aa7e,10,8,Normal
2026-02-14 03:45:04.781888,Berlin-aa7e,0,47,Normal
2026-02-14 03:45:05.781888,Berlin-aa7e,11,97,Normal
2026-02-14 03:45:06.781888,Berlin-aa7e,36,21,Normal
2026-02-14 03:45:07.781888,Berlin-aa7e,17,19,Normal
2026-02-14 03:45:08.781888,Berlin-aa7e,13,2,Normal
2026-02-14 03:45:09.781888,Berlin-aa7e,15,47,Normal
2026-02-14 03:45:10.781888,Berlin-aa7e,-13,73,Normal
2026-02-14 03:45:11.781888,Berlin-aa7e,-6,63,Normal
2026-02-14 03:45:12.781888,Berlin-aa7e,7,50,Normal
2026-02-14 03:45:13.781888,Berlin-aa7e,24,41,Normal
2026-02-14 03:45:14.781888,Berlin-aa7e,23,87,Normal
2026-02-14 03:45:15.781888,Berlin-aa7e,19,31,Normal
2026-02-14 03:45:16.781888,Berlin-aa7e,-13,68,Normal
2026-02-14 03:45:17.781888,Berlin-aa7e,2,100,Normal
2026-02-14 03:45:18.781888,Berlin-aa7e,-6,53,Normal
2026-02-14 03:45:19.781888,Berlin-aa7e,-15,52,Normal
2026-02-14 03:45:20.781888,Berlin-aa7e,35,83,Normal
2026-02-14 03:45:21.781888,Berlin-aa7e,-11,8,Normal
2026-02-14 03:45:22.781888,Berlin-aa7e,0,85,Normal
2026-02-14 03:45:23.781888,Berlin-aa7e,3,62,Normal
2026-02-14 03:45:24.781888,Berlin-aa7e,34,80,Normal
2026-02-14 03:45:25.781888,Berlin-aa7e,-21,72,Normal
2026-02-14 03:45:26.781888,Berlin-aa7e,-18,69,Normal
2026-02-14 03:45:27.781888,Berlin-aa7e,-11,2,Normal
2026-02-14 03:45:28.781888,Berlin-aa7e,-11,6,Normal
2026-02-14 03:45:29.781888,Berlin-aa7e,15,98,Normal
2026-02-14 03:45:30.781888,Berlin-aa7e,-16,53,Normal
2026-02-14 03:45:31.781888,Berlin-aa7e,50,45,Normal
2026-02-14 03:45:32.781888,Berlin-aa7e,23,54,Normal
2026-02-14 03:45:33.781888,Berlin-aa7e,-4,76,Normal
2026-02-14 03:45:34.781888,Berlin-aa7e,9,98,Normal
2026-02-14 03:45:35.781888,Berlin-aa7e,-27,20,Normal
2026-02-14 03:45:36.781888,Berlin-aa7e,-28,0,Normal
2026-02-14 03:45:37.781888,Berlin-aa7e,16,43,Normal
2026-02-14 03:45:38.781888,Berlin-aa7e,25,82,Normal
2026-02-14 03:45:39.781888,Berlin-aa7e,-6,88,Normal
2026-02-14 03:45:40.781888,Berlin-aa7e,42,74,Normal
2026-02-14 03:45:41.781888,Berlin-aa7e,29,42,Normal
2026-02-14 03:45:42.781888,Berlin-aa7e,13,86,Normal
2026-02-14 03:45:43.781888,Berlin-aa7e,9,81,Normal
2026-02-14 03:45:44.781888,Berlin-aa7e,-11,93,Normal
2026-02-14 03:45:45.781888,Berlin-aa7e,-14,45,Normal
2026-02-14 03:45:46.781888,Berlin-aa7e,-25,90,Normal
2026-02-14 03:45:47.781888,Berlin-aa7e,-7,2,Normal
2026-02-14 03:45:48.781888,Berlin-aa7e,33,1,Normal
2026-02-14 03:45:49.781888,Berlin-aa7e,40,10,Normal
2026-02-14 03:45:50.781888,Berlin-aa7e,15,23,Normal
2026-02-14 03:45:51.781888,Berlin-aa7e,-16,97,Normal
2026-02-14 03:45:52.781888,Berlin-aa7e,15,100,Normal
2026-02-14 03:45:53.781888,Berlin-aa7e,-11,63,Normal
2026-02-14 03:45:54.781888,Berlin-aa7e,27,33,Normal
2026-02-14 03:45:55.781888,Berlin-aa7e,9,96,Normal
2026-02-14 03:45:56.781888,Berlin-aa7e,27,38,Normal
2026-02-14 03:45:57.781888,Berlin-aa7e,-25,18,Normal
2026-02-14 03:45:58.781888,Berlin-aa7e,39,13,Normal
2026-02-14 03:45:59.781888,Berlin-aa7e,48,13,Normal
2026-02-14 03:46:00.781888,Berlin-aa7e,3,41,Normal
2026-02-14 03:46:01.781888,Berlin-aa7e,-19,75,Normal
2026-02-14 03:46:02.781888,Berlin-aa7e,-8,35,Normal
2026-02-14 03:46:03.781888,Berlin-aa7e,-3,85,Normal
2026-02-14 03:46:04.781888,Berlin-aa7e,6,97,Normal
2026-02-14 03:46:05.781888,Berlin-aa7e,48,93,Normal
2026-02-14 03:46:06.781888,Berlin-aa7e,32,100,Normal
2026-02-14 03:46:07.781888,Berlin-aa7e,34,45,Normal
2026-02-14 03:46:08.781888,Berlin-aa7e,-23,96,Normal
2026-02-14 03:46:09.781888,Berlin-aa7e,5,53,Normal
2026-02-14 03:46:10.781888,Berlin-aa7e,44,97,Normal
2026-02-14 03:46:11.781888,Berlin-aa7e,-12,63,Normal
2026-02-14 03:46:12.781888,Berlin-aa7e,36,60,Normal
2026-02-14 03:46:13.781888,Berlin-aa7e,36,12,Normal
2026-02-14 03:46:14.781888,Berlin-aa7e,-13,74,Normal
2026-02-14 03:46:15.781888,Berlin-aa7e,39,85,Normal
2026-02-14 03:46:16.781888,Berlin-aa7e,13,34,Normal
2026-02-14 03:46:17.781888,Berlin-aa7e,-1,31,Normal
2026-02-14 03:46:18.781888,Berlin-aa7e,31,94,Normal
2026-02-14 03:46:19.781888,Berlin-aa7e,48,76,Normal
2026-02-14 03:46:20.781888,Berlin-aa7e,4,95,Normal
2026-02-14 03:46:21.781888,Berlin-aa7e,-10,23,Normal
2026-02-14 03:46:22.781888,Berlin-aa7e,11,21,Normal
2026-02-14 03:46:23.781888,Berlin-aa7e,8,99,Normal
2026-02-14 03:46:24.781888,Berlin-aa7e,-19,30,Normal
2026-02-14 03:46:25.781888,Berlin-aa7e,27,27,Normal
2026-02-14 03:46:26.781888,Berlin-aa7e,39,79,Normal
2026-02-14 03:46:27.781888,Berlin-aa7e,-16,57,Normal
2026-02-14 03:46:28.781888,Berlin-aa7e,5,1,Normal
2026-02-14 03:46:29.781888,Berlin-aa7e,42,55,Normal
2026-02-14 03:46:30.781888,Berlin-aa7e,38,51,Normal
2026-02-14 03:46:31.781888,Berlin-aa7e,-19,35,Normal
2026-02-14 03:46:32.781888,Berlin-aa7e,-1,76,Normal
