timestamp,station_id,temp,humid,condition
2026-02-14 04:28:13.817994,Berlin-9047,8,43,Normal
2026-02-14 04:28:14.817994,Berlin-9047,-26,55,Normal
2026-02-14 04:28:15.817994,Berlin-9047,-30,49,Normal
2026-02-14 04:28:16.817994,Berlin-9047,-12,14,Normal
2026-02-14 04:28:17.817994,Berlin-9047,-21,27,Normal
2026-02-14 04:28:18.817994,Berlin-9047,6,17,Normal
2026-02-14 04:28:19.817994,Berlin-9047,1,93,Normal
2026-02-14 04:28:20.817994,Berlin-9047,-16,51,Normal
2026-02-14 04:28:21.817994,Berlin-9047,10,89,Normal
2026-02-14 04:28:22.817994,Berlin-9047,10,92,Normal
2026-02-14 04:28:23.817994,Berlin-9047,41,45,Normal
2026-02-14 04:28:24.817994,Berlin-9047,43,89,Normal
2026-02-14 04:28:25.817994,Berlin-9047,-8,77,Normal
2026-02-14 04:28:26.817994,Berlin-9047,24,60,Normal
2026-02-14 04:28:27.817994,Berlin-9047,10,19,Normal
2026-02-14 04:28:28.817994,Berlin-9047,8,53,Normal
2026-02-14 04:28:29.817994,Berlin-9047,48,46,Normal
2026-02-14 04:28:30.817994,Berlin-9047,-14,22,Normal
2026-02-14 04:28:31.817994,Berlin-9047,36,5,Normal
2026-02-14 04:28:32.817994,Berlin-9047,-17,14,Normal
2026-02-14 04:28:33.817994,Berlin-9047,-6,12,Normal
2026-02-14 04:28:34.817994,Berlin-9047,-4,31,Normal
2026-02-14 04:28:35.817994,Berlin-9047,26,22,Normal
2026-02-14 04:28:36.817994,Berlin-9047,31,98,Normal
2026-02-14 04:28:37.817994,Berlin-9047,-16,94,Normal
2026-02-14 04:28:38.817994,Berlin-9047,-21,3,Normal
2026-02-14 04:28:39.817994,Berlin-9047,10,19,Normal
2026-02-14 04:28:40.817994,Berlin-9047,14,29,Normal
2026-02-14 04:28:41.817994,Berlin-9047,23,6,Normal
2026-02-14 04:28:42.817994,Berlin-9047,-17,15,Normal
2026-02-14 04:28:43.817994,Berlin-9047,31,24,Normal
2026-02-14 04:28:44.817994,Berlin-9047,-22,55,Normal
2026-02-14 04:28:45.817994,Berlin-9047,18,45,Normal
2026-02-14 04:28:46.817994,Berlin-9047,-22,2,Normal
2026-02-14 04:28:47.817994,Berlin-9047,-13,2,Normal
2026-02-14 04:28:48.817994,Berlin-9047,18,43,Normal
2026-02-14 04:28:49.817994,Berlin-9047,23,47,Normal
2026-02-14 04:28:50.817994,Berlin-9047,44,41,Normal
2026-02-14 04:28:51.817994,Berlin-9047,-17,15,Normal
2026-02-14 04:28:52.817994,Berlin-9047,-7,43,Normal
2026-02-14 04:28:53.817994,Berlin-9047,29,51,Normal
2026-02-14 04:28:54.817994,Berlin-9047,44,8,Normal
2026-02-14 04:28:55.817994,Berlin-9047,1,35,Normal
2026-02-14 04:28:56.817994,Berlin-9047,13,55,Normal
2026-02-14 04:28:57.817994,Berlin-9047,13,0,Normal
2026-02-14 04:28:58.817994,Berlin-9047,-6,58,Normal
2026-02-14 04:28:59.817994,Berlin-9047,18,8,Normal
2026-02-14 04:29:00.817994,Berlin-9047,14,66,Normal
2026-02-14 04:29:01.817994,Berlin-9047,-17,51,Normal
2026-02-14 04:29:02.817994,Berlin-9047,12,24,Normal
2026-02-14 04:29:03.817994,Berlin-9047,-17,27,Normal
2026-02-14 04:29:04.817994,Berlin-9047,21,79,Normal
2026-02-14 04:29:05.817994,Berlin-9047,-8,47,Normal
2026-02-14 04:29:06.817994,Berlin-9047,-3,88,Normal
2026-02-14 04:29:07.817994,Berlin-9047,-28,8,Normal
2026-02-14 04:29:08.817994,Berlin-9047,15,61,Normal
2026-02-14 04:29:09.817994,Berlin-9047,3,5,Normal
2026-02-14 04:29:10.817994,Berlin-9047,25,78,Normal
2026-02-14 04:29:11.817994,Berlin-9047,45,69,Normal
2026-02-14 04:29:12.817994,Berlin-9047,39,2,Normal
2026-02-14 04:29:13.817994,Berlin-9047,2,69,Normal
2026-02-14 04:29:14.817994,Berlin-9047,-12,27,Normal
2026-02-14 04:29:15.817994,Berlin-9047,22,89,Normal
2026-02-14 04:29:16.817994,Berlin-9047,-28,3,Normal
2026-02-14 04:29:17.817994,Berlin-9047,22,55,Normal
2026-02-14 04:29:18.817994,Berlin-9047,3,19,Normal
2026-02-14 04:29:19.817994,Berlin-9047,17,83,Normal
2026-02-14 04:29:20.817994,Berlin-9047,-24,97,Normal
2026-02-14 04:29:21.817994,Berlin-9047,36,6,Normal
2026-02-14 04:29:22.817994,Berlin-9047,35,43,Normal
2026-02-14 04:29:23.817994,Berlin-9047,-5,84,Normal
2026-02-14 04:29:24.817994,Berlin-9047,-5,28,Normal
2026-02-14 04:29:25.817994,Berlin-9047,38,51,Normal
2026-02-14 04:29:26.817994,Berlin-9047,46,91,Normal
2026-02-14 04:29:27.817994,Berlin-9047,28,21,Normal
2026-02-14 04:29:28.817994,Berlin-9047,-4,33,Normal
2026-02-14 04:29:29.817994,Berlin-9047,19,87,Normal
2026-02-14 04:29:30.817994,Berlin-9047,-6,66,Normal
2026-02-14 04:29:31.817994,Berlin-9047,15,23,Normal
2026-02-14 04:29:32.817994,Berlin-9047,22,71,Normal
2026-02-14 04:29:33.817994,Berlin-9047,-10,57,Normal
2026-02-14 04:29:34.817994,Berlin-9047,47,50,Normal
2026-02-14 04:29:35.817994,Berlin-9047,-30,51,Normal
2026-02-14 04:29:36.817994,Berlin-9047,1,39,Normal
2026-02-14 04:29:37.817994,Berlin-9047,10,91,Normal
2026-02-14 04:29:38.817994,Berlin-9047,-2,94,Normal
2026-02-14 04:29:39.817994,Berlin-9047,31,1,Normal
2026-02-14 04:29:40.817994,Berlin-9047,11,75,Normal
2026-02-14 04:29:41.817994,Berlin-9047,2,70,Normal
2026-02-14 04:29:42.817994,Berlin-9047,11,76,Normal
2026-02-14 04:29:43.817994,Berlin-9047,28,38,Normal
2026-02-14 04:29:44.817994,Berlin-9047,14,81,Normal
2026-02-14 04:29:45.817994,Berlin-9047,4,38,Normal
2026-02-14 04:29:46.817994,Berlin-9047,35,90,Normal
2026-02-14 04:29:47.817994,Berlin-9047,11,22,Normal
2026-02-14 04:29:48.817994,Berlin-9047,-29,1,Normal
2026-02-14 04:29:49.817994,Berlin-9047,-4,78,Normal
2026-02-14 04:29:50.817994,Berlin-9047,22,44,Normal
2026-02-14 04:29:51.817994,Berlin-9047,-21,93,Normal
2026-02-14 04:29:52.817994,Berlin-9047,31,38,Normal
2026-02-14 04:29:53.817994,Berlin-9047,25,59,Normal
2026-02-14 04:29:54.817994,Berlin-9047,-18,48,Normal
2026-02-14 04:29:55.817994,Berlin-9047,-2,42,Normal
2026-02-14 04:29:56.817994,Berlin-9047,-9,78,Normal
2026-02-14 04:29:57.817994,Berlin-9047,-26,37,Normal
2026-02-14 04:29:58.817994,Berlin-9047,21,19,Normal
2026-02-14 04:29:59.817994,Berlin-9047,42,54,Normal
2026-02-14 04:30:00.817994,Berlin-9047,47,42,Normal
2026-02-14 04:30:01.817994,Berlin-9047,17,86,Normal
2026-02-14 04:30:02.817994,Berlin-9047,35,85,Normal
2026-02-14 04:30:03.817994,Berlin-9047,-5,87,Normal
2026-02-14 04:30:04.817994,Berlin-9047,-3,11,Normal
2026-02-14 04:30:05.817994,Berlin-9047,39,79,Normal
2026-02-14 04:30:06.817994,Berlin-9047,16,96,Normal
2026-02-14 04:30:07.817994,Berlin-9047,6,48,Normal
2026-02-14 04:30:08.817994,Berlin-9047,39,86,Normal
2026-02-14 04:30:09.817994,Berlin-9047,-23,20,Normal
2026-02-14 04:30:10.817994,Berlin-9047,-17,28,Normal
2026-02-14 04:30:11.817994,Berlin-9047,-3,98,Normal
2026-02-14 04:30:12.817994,Berlin-9047,-12,66,Normal
2026-02-14 04:30:13.817994,Berlin-9047,-14,23,Normal
2026-02-14 04:30:14.817994,Berlin-9047,18,10,Normal
2026-02-14 04:30:15.817994,Berlin-9047,-12,34,Normal
2026-02-14 04:30:16.817994,Berlin-9047,10,33,Normal
2026-02-14 04:30:17.817994,Berlin-9047,-2,0,Normal
2026-02-14 04:30:18.817994,Berlin-9047,17,1,Normal
2026-02-14 04:30:19.817994,Berlin-9047,35,30,Normal
2026-02-14 04:30:20.817994,Berlin-9047,-3,3,Normal
2026-02-14 04:30:21.817994,Berlin-9047,32,11,Normal
2026-02-14 04:30:22.817994,Berlin-9047,-15,30,Normal
2026-02-14 04:30:23.817994,Berlin-9047,18,16,Normal
2026-02-14 04:30:24.817994,Berlin-9047,-30,19,Normal
2026-02-14 04:30:25.817994,Berlin-9047,49,37,Normal
2026-02-14 04:30:26.817994,Berlin-9047,17,89,Normal
2026-02-14 04:30:27.817994,Berlin-9047,-17,35,Normal
2026-02-14 04:30:28.817994,Berlin-9047,49,21,Normal
2026-02-14 04:30:29.817994,Berlin-9047,-15,86,Normal
2026-02-14 04:30:30.817994,Berlin-9047,13,18,Normal
2026-02-14 04:30:31.817994,Berlin-9047,-2,94,Normal
2026-02-14 04:30:32.817994,Berlin-9047,19,93,Normal
2026-02-14 04:30:33.817994,Berlin-9047,2,31,Normal
2026-02-14 04:30:34.817994,Berlin-9047,46,47,Normal
2026-02-14 04:30:35.817994,Berlin-9047,3,99,Normal
2026-02-14 04:30:36.817994,Berlin-9047,1,90,Normal
2026-02-14 04:30:37.817994,Berlin-9047,29,17,Normal
2026-02-14 04:30:38.817994,Berlin-9047,10,34,Normal
2026-02-14 04:30:39.817994,Berlin-9047,37,63,Normal
2026-02-14 04:30:40.817994,Berlin-9047,26,22,Normal
2026-02-14 04:30:41.817994,Berlin-9047,18,49,Normal
2026-02-14 04:30:42.817994,Berlin-9047,-27,82,Normal
2026-02-14 04:30:43.817994,Berlin-9047,38,58,Normal
2026-02-14 04:30:44.817994,Berlin-9047,18,58,Normal
2026-02-14 04:30:45.817994,Berlin-9047,24,31,Normal
2026-02-14 04:30:46.817994,Berlin-9047,13,9,Normal
2026-02-14 04:30:47.817994,Berlin-9047,-19,8,Normal
2026-02-14 04:30:48.817994,Berlin-9047,24,30,Normal
2026-02-14 04:30:49.817994,Berlin-9047,31,91,Normal
2026-02-14 04:30:50.817994,Berlin-9047,-23,77,Normal
2026-02-14 04:30:51.817994,Berlin-9047,1,62,Normal
2026-02-14 04:30:52.817994,Berlin-9047,31,3,Normal
2026-02-14 04:30:53.817994,Berlin-9047,40,99,Normal
2026-02-14 04:30:54.817994,Berlin-9047,-21,94,Normal
2026-02-14 04:30:55.817994,Berlin-9047,28,56,Normal
2026-02-14 04:30:56.817994,Berlin-9047,-21,61,Normal
2026-02-14 04:30:57.817994,Berlin-9047,25,41,Normal
2026-02-14 04:30:58.817994,Berlin-9047,-16,30,Normal
2026-02-14 04:30:59.817994,Berlin-9047,35,67,Normal
2026-02-14 04:31:00.817994,Berlin-9047,-16,81,Normal
2026-02-14 04:31:01.817994,Berlin-9047,-2,26,Normal
2026-02-14 04:31:02.817994,Berlin-9047,0,48,Normal
2026-02-14 04:31:03.817994,Berlin-9047,-13,65,Normal
2026-02-14 04:31:04.817994,Berlin-9047,26,63,Normal
2026-02-14 04:31:05.817994,Berlin-9047,16,38,Normal
2026-02-14 04:31:06.817994,Berlin-9047,-30,15,Normal
2026-02-14 04:31:07.817994,Berlin-9047,38,21,Normal
2026-02-14 04:31:08.817994,Berlin-9047,-13,96,Normal
2026-02-14 04:31:09.817994,Berlin-9047,-15,70,Normal
2026-02-14 04:31:10.817994,Berlin-9047,19,42,Normal
2026-02-14 04:31:11.817994,Berlin-9047,39,80,Normal
2026-02-14 04:31:12.817994,Berlin-9047,-25,58,Normal
2026-02-14 04:31:13.817994,Berlin-9047,-28,64,Normal
2026-02-14 04:31:14.817994,Berlin-9047,-24,74,Normal
2026-02-14 04:31:15.817994,Berlin-9047,-6,72,Normal
2026-02-14 04:31:16.817994,Berlin-9047,-18,79,Normal
2026-02-14 04:31:17.817994,Berlin-9047,33,40,Normal
2026-02-14 04:31:18.817994,Berlin-9047,35,39,Normal
2026-02-14 04:31:19.817994,Berlin-9047,42,91,Normal
2026-02-14 04:31:20.817994,Berlin-9047,-17,54,Normal
2026-02-14 04:31:21.817994,Berlin-9047,20,53,Normal
2026-02-14 04:31:22.817994,Berlin-9047,39,61,Normal
2026-02-14 04:31:23.817994,Berlin-9047,5,13,Normal
2026-02-14 04:31:24.817994,Berlin-9047,2,62,Normal
2026-02-14 04:31:25.817994,Berlin-9047,-29,19,Normal
2026-02-14 04:31:26.817994,Berlin-9047,14,74,Normal
2026-02-14 04:31:27.817994,Berlin-9047,50,100,Normal
2026-02-14 04:31:28.817994,Berlin-9047,-18,24,Normal
2026-02-14 04:31:29.817994,Berlin-9047,-24,82,Normal
2026-02-14 04:31:30.817994,Berlin-9047,-16,5,Normal
2026-02-14 04:31:31.817994,Berlin-9047,-22,99,Normal
2026-02-14 04:31:32.817994,Berlin-9047,43,48,Normal
2026-02-14 04:31:33.817994,Berlin-9047,38,58,Normal
2026-02-14 04:31:34.817994,Berlin-9047,28,44,Normal
2026-02-14 04:31:35.817994,Berlin-9047,3,51,Normal
2026-02-14 04:31:36.817994,Berlin-9047,20,50,Normal
2026-02-14 04:31:37.817994,Berlin-9047,15,69,Normal
2026-02-14 04:31:38.817994,Berlin-9047,-3,23,Normal
2026-02-14 04:31:39.817994,Berlin-9047,11,93,Normal
2026-02-14 04:31:40.817994,Berlin-9047,-25,3,Normal
2026-02-14 04:31:41.817994,Berlin-9047,33,81,Normal
2026-02-14 04:31:42.817994,Berlin-9047,43,49,Normal
2026-02-14 04:31:43.817994,Berlin-9047,8,52,Normal
2026-02-14 04:31:44.817994,Berlin-9047,44,4,Normal
2026-02-14 04:31:45.817994,Berlin-9047,5,51,Normal
2026-02-14 04:31:46.817994,Berlin-9047,41,24,Normal
2026-02-14 04:31:47.817994,Berlin-9047,-25,86,Normal
2026-02-14 04:31:48.817994,Berlin-9047,36,10,Normal
2026-02-14 04:31:49.817994,Berlin-9047,10,96,Normal
2026-02-14 04:31:50.817994,Berlin-9047,45,75,Normal
2026-02-14 04:31:51.817994,Berlin-9047,-21,97,Normal
2026-02-14 04:31:52.817994,Berlin-9047,50,88,Normal
2026-02-14 04:31:53.817994,Berlin-9047,47,92,Normal
2026-02-14 04:31:54.817994,Berlin-9047,26,36,Normal
2026-02-14 04:31:55.817994,Berlin-9047,-30,7,Normal
2026-02-14 04:31:56.817994,Berlin-9047,28,62,Normal
2026-02-14 04:31:57.817994,Berlin-9047,19,58,Normal
2026-02-14 04:31:58.817994,Berlin-9047,-10,87,Normal
2026-02-14 04:31:59.817994,Berlin-9047,-8,82,Normal
2026-02-14 04:32:00.817994,Berlin-9047,-4,70,Normal
2026-02-14 04:32:01.817994,Berlin-9047,-21,7,Normal
2026-02-14 04:32:02.817994,Berlin-9047,18,0,Normal
2026-02-14 04:32:03.817994,Berlin-9047,16,100,Normal
2026-02-14 04:32:04.817994,Berlin-9047,-18,68,Normal
2026-02-14 04:32:05.817994,Berlin-9047,-18,12,Normal
2026-02-14 04:32:06.817994,Berlin-9047,-21,26,Normal
2026-02-14 04:32:07.817994,Berlin-9047,-28,8,Normal
2026-02-14 04:32:08.817994,Berlin-9047,-6,18,Normal
2026-02-14 04:32:09.817994,Berlin-9047,-4,95,Normal
2026-02-14 04:32:10.817994,Berlin-9047,-4,25,Normal
2026-02-14 04:32:11.817994,Berlin-9047,-3,58,Normal
2026-02-14 04:32:12.817994,Berlin-9047,27,26,Normal
2026-02-14 04:32:13.817994,Berlin-9047,-5,99,Normal
2026-02-14 04:32:14.817994,Berlin-9047,-10,39,Normal
2026-02-14 04:32:15.817994,Berlin-9047,17,23,Normal
2026-02-14 04:32:16.817994,Berlin-9047,46,71,Normal
2026-02-14 04:32:17.817994,Berlin-9047,20,71,Normal
2026-02-14 04:32:18.817994,Berlin-9047,1,68,Normal
2026-02-14 04:32:19.817994,Berlin-9047,20,31,Normal
2026-02-14 04:32:20.817994,Berlin-9047,21,80,Normal
2026-02-14 04:32:21.817994,Berlin-9047,-3,34,Normal
2026-02-14 04:32:22.817994,Berlin-9047,11,4,Normal
2026-02-14 04:32:23.817994,Berlin-9047,-1,97,Normal
2026-02-14 04:32:24.817994,Berlin-9047,-22,36,Normal
2026-02-14 04:32:25.817994,Berlin-9047,-11,72,Normal
2026-02-14 04:32:26.817994,Berlin-9047,-3,73,Normal
2026-02-14 04:32:27.817994,Berlin-9047,46,57,Normal
2026-02-14 04:32:28.817994,Berlin-9047,31,77,Normal
2026-02-14 04:32:29.817994,Berlin-9047,14,62,Normal
2026-02-14 04:32:30.817994,Berlin-9047,-6,29,Normal
2026-02-14 04:32:31.817994,Berlin-9047,40,20,Normal
2026-02-14 04:32:32.817994,Berlin-9047,6,65,Normal
2026-02-14 04:32:33.817994,Berlin-9047,31,43,Normal
2026-02-14 04:32:34.817994,Berlin-9047,-30,40,Normal
2026-02-14 04:32:35.817994,Berlin-9047,6,80,Normal
2026-02-14 04:32:36.817994,Berlin-9047,37,75,Normal
2026-02-14 04:32:37.817994,Berlin-9047,22,34,Normal
2026-02-14 04:32:38.817994,Berlin-9047,19,5,Normal
2026-02-14 04:32:39.817994,Berlin-9047,-2,30,Normal
2026-02-14 04:32:40.817994,Berlin-9047,15,91,Normal
2026-02-14 04:32:41.817994,Berlin-9047,16,43,Normal
2026-02-14 04:32:42.817994,Berlin-9047,-10,50,Normal
2026-02-14 04:32:43.817994,Berlin-9047,44,70,Normal
2026-02-14 04:32:44.817994,Berlin-9047,25,3,Normal
2026-02-14 04:32:45.817994,Berlin-9047,8,19,Normal
2026-02-14 04:32:46.817994,Berlin-9047,1,7,Normal
2026-02-14 04:32:47.817994,Berlin-9047,-7,62,Normal
2026-02-14 04:32:48.817994,Berlin-9047,41,80,Normal
2026-02-14 04:32:49.817994,Berlin-9047,-17,73,Normal
2026-02-14 04:32:50.817994,Berlin-9047,-30,32,Normal
2026-02-14 04:32:51.817994,Berlin-9047,-17,17,Normal
2026-02-14 04:32:52.817994,Berlin-9047,-18,32,Normal
2026-02-14 04:32:53.817994,Berlin-9047,-20,37,Normal
2026-02-14 04:32:54.817994,Berlin-9047,28,70,Normal
2026-02-14 04:32:55.817994,Berlin-9047,-29,45,Normal
2026-02-14 04:32:56.817994,Berlin-9047,23,84,Normal
2026-02-14 04:32:57.817994,Berlin-9047,50,16,Normal
2026-02-14 04:32:58.817994,Berlin-9047,-20,94,Normal
2026-02-14 04:32:59.817994,Berlin-9047,14,80,Normal
2026-02-14 04:33:00.817994,Berlin-9047,-13,95,Normal
2026-02-14 04:33:01.817994,Berlin-9047,-4,54,Normal
2026-02-14 04:33:02.817994,Berlin-9047,44,24,Normal
2026-02-14 04:33:03.817994,Berlin-9047,6,95,Normal
2026-02-14 04:33:04.817994,Berlin-9047,-10,27,Normal
2026-02-14 04:33:05.817994,Berlin-9047,-5,99,Normal
2026-02-14 04:33:06.817994,Berlin-9047,24,28,Normal
2026-02-14 04:33:07.817994,Berlin-9047,0,63,Normal
2026-02-14 04:33:08.817994,Berlin-9047,44,50,Normal
2026-02-14 04:33:09.817994,Berlin-9047,9,23,Normal
2026-02-14 04:33:10.817994,Berlin-9047,22,44,Normal
2026-02-14 04:33:11.817994,Berlin-9047,-18,65,Normal
2026-02-14 04:33:12.817994,Berlin-9047,32,54,Normal
2026-02-14 04:33:13.817994,Berlin-9047,-3,38,Normal
2026-02-14 04:33:14.817994,Berlin-9047,42,55,Normal
2026-02-14 04:33:15.817994,Berlin-9047,16,89,Normal
2026-02-14 04:33:16.817994,Berlin-9047,-27,66,Normal
2026-02-14 04:33:17.817994,Berlin-9047,44,2,Normal
2026-02-14 04:33:18.817994,Berlin-9047,14,26,Normal
2026-02-14 04:33:19.817994,Berlin-9047,-9,56,Normal
2026-02-14 04:33:20.817994,Berlin-9047,2,84,Normal
2026-02-14 04:33:21.817994,Berlin-9047,-19,13,Normal
2026-02-14 04:33:22.817994,Berlin-9047,35,21,Normal
2026-02-14 04:33:23.817994,Berlin-9047,-27,13,Normal
2026-02-14 04:33:24.817994,Berlin-9047,40,65,Normal
2026-02-14 04:33:25.817994,Berlin-9047,37,29,Normal
2026-02-14 04:33:26.817994,Berlin-9047,-10,16,Normal
2026-02-14 04:33:27.817994,Berlin-9047,14,37,Normal
2026-02-14 04:33:28.817994,Berlin-9047,-29,70,Normal
2026-02-14 04:33:29.817994,Berlin-9047,4,64,Normal
2026-02-14 04:33:30.817994,Berlin-9047,3,61,Normal
2026-02-14 04:33:31.817994,Berlin-9047,49,64,Normal
2026-02-14 04:33:32.817994,Berlin-9047,37,4,Normal
2026-02-14 04:33:33.817994,Berlin-9047,1,20,Normal
2026-02-14 04:33:34.817994,Berlin-9047,7,63,Normal
2026-02-14 04:33:35.817994,Berlin-9047,6,93,Normal
2026-02-14 04:33:36.817994,Berlin-9047,38,34,Normal
2026-02-14 04:33:37.817994,Berlin-9047,11,78,Normal
2026-02-14 04:33:38.817994,Berlin-9047,-23,96,Normal
2026-02-14 04:33:39.817994,Berlin-9047,-23,24,Normal
2026-02-14 04:33:40.817994,Berlin-9047,30,95,Normal
2026-02-14 04:33:41.817994,Berlin-9047,-8,96,Normal
2026-02-14 04:33:42.817994,Berlin-9047,3,69,Normal
2026-02-14 04:33:43.817994,Berlin-9047,-2,72,Normal
2026-02-14 04:33:44.817994,Berlin-9047,17,8,Normal
2026-02-14 04:33:45.817994,Berlin-9047,43,9,Normal
2026-02-14 04:33:46.817994,Berlin-9047,-9,41,Normal
2026-02-14 04:33:47.817994,Berlin-9047,-9,21,Normal
2026-02-14 04:33:48.817994,Berlin-9047,-4,3,Normal
2026-02-14 04:33:49.817994,Berlin-9047,17,26,Normal
2026-02-14 04:33:50.817994,Berlin-9047,-1,49,Normal
2026-02-14 04:33:51.817994,Berlin-9047,-20,15,Normal
2026-02-14 04:33:52.817994,Berlin-9047,-28,62,Normal
2026-02-14 04:33:53.817994,Berlin-9047,50,27,Normal
2026-02-14 04:33:54.817994,Berlin-9047,-9,87,Normal
2026-02-14 04:33:55.817994,Berlin-9047,-17,57,Normal
2026-02-14 04:33:56.817994,Berlin-9047,42,3,Normal
2026-02-14 04:33:57.817994,Berlin-9047,12,92,Normal
2026-02-14 04:33:58.817994,Berlin-9047,33,28,Normal
2026-02-14 04:33:59.817994,Berlin-9047,43,85,Normal
2026-02-14 04:34:00.817994,Berlin-9047,31,66,Normal
2026-02-14 04:34:01.817994,Berlin-9047,12,28,Normal
2026-02-14 04:34:02.817994,Berlin-9047,16,65,Normal
2026-02-14 04:34:03.817994,Berlin-9047,-6,62,Normal
2026-02-14 04:34:04.817994,Berlin-9047,16,2,Normal
2026-02-14 04:34:05.817994,Berlin-9047,-10,95,Normal
2026-02-14 04:34:06.817994,Berlin-9047,-8,53,Normal
2026-02-14 04:34:07.817994,Berlin-9047,47,10,Normal
2026-02-14 04:34:08.817994,Berlin-9047,37,41,Normal
2026-02-14 04:34:09.817994,Berlin-9047,-3,87,Normal
2026-02-14 04:34:10.817994,Berlin-9047,-26,23,Normal
2026-02-14 04:34:11.817994,Berlin-9047,-1,88,Normal
2026-02-14 04:34:12.817994,Berlin-9047,26,17,Normal
2026-02-14 04:34:13.817994,Berlin-9047,4,94,Normal
2026-02-14 04:34:14.817994,Berlin-9047,9,70,Normal
2026-02-14 04:34:15.817994,Berlin-9047,-23,65,Normal
2026-02-14 04:34:16.817994,Berlin-9047,-24,1,Normal
2026-02-14 04:34:17.817994,Berlin-9047,-11,87,Normal
2026-02-14 04:34:18.817994,Berlin-9047,28,62,Normal
2026-02-14 04:34:19.817994,Berlin-9047,44,94,Normal
2026-02-14 04:34:20.817994,Berlin-9047,-7,65,Normal
2026-02-14 04:34:21.817994,Berlin-9047,36,1,Normal
2026-02-14 04:34:22.817994,Berlin-9047,31,74,Normal
2026-02-14 04:34:23.817994,Berlin-9047,33,3,Normal
2026-02-14 04:34:24.817994,Berlin-9047,16,8,Normal
2026-02-14 04:34:25.817994,Berlin-9047,2,30,Normal
2026-02-14 04:34:26.817994,Berlin-9047,-17,28,Normal
2026-02-14 04:34:27.817994,Berlin-9047,25,74,Normal
2026-02-14 04:34:28.817994,Berlin-9047,-19,96,Normal
2026-02-14 04:34:29.817994,Berlin-9047,28,77,Normal
2026-02-14 04:34:30.817994,Berlin-9047,24,68,Normal
2026-02-14 04:34:31.817994,Berlin-9047,37,57,Normal
2026-02-14 04:34:32.817994,Berlin-9047,18,80,Normal
2026-02-14 04:34:33.817994,Berlin-9047,1,98,Normal
2026-02-14 04:34:34.817994,Berlin-9047,46,100,Normal
2026-02-14 04:34:35.817994,Berlin-9047,36,35,Normal
2026-02-14 04:34:36.817994,Berlin-9047,31,90,Normal
2026-02-14 04:34:37.817994,Berlin-9047,-12,49,Normal
2026-02-14 04:34:38.817994,Berlin-9047,28,37,Normal
2026-02-14 04:34:39.817994,Berlin-9047,-1,12,Normal
2026-02-14 04:34:40.817994,Berlin-9047,15,79,Normal
2026-02-14 04:34:41.817994,Berlin-9047,-9,34,Normal
2026-02-14 04:34:42.817994,Berlin-9047,-10,88,Normal
2026-02-14 04:34:43.817994,Berlin-9047,-2,2,Normal
2026-02-14 04:34:44.817994,Berlin-9047,41,4,Normal
2026-02-14 04:34:45.817994,Berlin-9047,3,27,Normal
2026-02-14 04:34:46.817994,Berlin-9047,-4,30,Normal
2026-02-14 04:34:47.817994,Berlin-9047,42,6,Normal
2026-02-14 04:34:48.817994,Berlin-9047,-9,73,Normal
2026-02-14 04:34:49.817994,Berlin-9047,-28,44,Normal
2026-02-14 04:34:50.817994,Berlin-9047,-6,95,Normal
2026-02-14 04:34:51.817994,Berlin-9047,48,49,Normal
2026-02-14 04:34:52.817994,Berlin-9047,-17,83,Normal
2026-02-14 04:34:53.817994,Berlin-9047,3,18,Normal
2026-02-14 04:34:54.817994,Berlin-9047,7,10,Normal
2026-02-14 04:34:55.817994,Berlin-9047,-4,81,Normal
2026-02-14 04:34:56.817994,Berlin-9047,18,39,Normal
2026-02-14 04:34:57.817994,Berlin-9047,0,64,Normal
2026-02-14 04:34:58.817994,Berlin-9047,0,3,Normal
2026-02-14 04:34:59.817994,Berlin-9047,-12,83,Normal
2026-02-14 04:35:00.817994,Berlin-9047,18,2,Normal
2026-02-14 04:35:01.817994,Berlin-9047,-25,73,Normal
2026-02-14 04:35:02.817994,Berlin-9047,19,60,Normal
2026-02-14 04:35:03.817994,Berlin-9047,23,93,Normal
2026-02-14 04:35:04.817994,Berlin-9047,-4,77,Normal
2026-02-14 04:35:05.817994,Berlin-9047,43,13,Normal
2026-02-14 04:35:06.817994,Berlin-9047,5,67,Normal
2026-02-14 04:35:07.817994,Berlin-9047,2,13,Normal
2026-02-14 04:35:08.817994,Berlin-9047,-25,36,Normal
2026-02-14 04:35:09.817994,Berlin-9047,19,100,Normal
2026-02-14 04:35:10.817994,Berlin-9047,-23,21,Normal
2026-02-14 04:35:11.817994,Berlin-9047,-8,2,Normal
2026-02-14 04:35:12.817994,Berlin-9047,2,32,Normal
2026-02-14 04:35:13.817994,Berlin-9047,-14,74,Normal
2026-02-14 04:35:14.817994,Berlin-9047,-10,66,Normal
2026-02-14 04:35:15.817994,Berlin-9047,27,25,Normal
2026-02-14 04:35:16.817994,Berlin-9047,26,26,Normal
2026-02-14 04:35:17.817994,Berlin-9047,44,73,Normal
2026-02-14 04:35:18.817994,Berlin-9047,4,52,Normal
2026-02-14 04:35:19.817994,Berlin-9047,49,28,Normal
2026-02-14 04:35:20.817994,Berlin-9047,44,93,Normal
2026-02-14 04:35:21.817994,Berlin-9047,1,15,Normal
2026-02-14 04:35:22.817994,Berlin-9047,-5,69,Normal
2026-02-14 04:35:23.817994,Berlin-9047,32,44,Normal
2026-02-14 04:35:24.817994,Berlin-9047,-20,57,Normal
2026-02-14 04:35:25.817994,Berlin-9047,15,28,Normal
2026-02-14 04:35:26.817994,Berlin-9047,5,73,Normal
2026-02-14 04:35:27.817994,Berlin-9047,-14,0,Normal
2026-02-14 04:35:28.817994,Berlin-9047,5,97,Normal
2026-02-14 04:35:29.817994,Berlin-9047,-28,81,Normal
2026-02-14 04:35:30.817994,Berlin-9047,-20,23,Normal
2026-02-14 04:35:31.817994,Berlin-9047,-4,29,Normal
2026-02-14 04:35:32.817994,Berlin-9047,18,74,Normal
2026-02-14 04:35:33.817994,Berlin-9047,-7,85,Normal
2026-02-14 04:35:34.817994,Berlin-9047,-6,1,Normal
2026-02-14 04:35:35.817994,Berlin-9047,-2,59,Normal
2026-02-14 04:35:36.817994,Berlin-9047,-29,17,Normal
2026-02-14 04:35:37.817994,Berlin-9047,13,89,Normal
2026-02-14 04:35:38.817994,Berlin-9047,16,56,Normal
2026-02-14 04:35:39.817994,Berlin-9047,-3,3,Normal
2026-02-14 04:35:40.817994,Berlin-9047,-21,49,Normal
2026-02-14 04:35:41.817994,Berlin-9047,-24,0,Normal
2026-02-14 04:35:42.817994,Berlin-9047,0,79,Normal
2026-02-14 04:35:43.817994,Berlin-9047,12,1,Normal
2026-02-14 04:35:44.817994,Berlin-9047,24,72,Normal
2026-02-14 04:35:45.817994,Berlin-9047,32,16,Normal
2026-02-14 04:35:46.817994,Berlin-9047,-22,57,Normal
2026-02-14 04:35:47.817994,Berlin-9047,5,12,Normal
2026-02-14 04:35:48.817994,Berlin-9047,46,93,Normal
2026-02-14 04:35:49.817994,Berlin-9047,-12,46,Normal
2026-02-14 04:35:50.817994,Berlin-9047,41,96,Normal
2026-02-14 04:35:51.817994,Berlin-9047,-29,77,Normal
2026-02-14 04:35:52.817994,Berlin-9047,32,16,Normal
2026-02-14 04:35:53.817994,Berlin-9047,32,57,Normal
2026-02-14 04:35:54.817994,Berlin-9047,26,29,Normal
2026-02-14 04:35:55.817994,Berlin-9047,-22,29,Normal
2026-02-14 04:35:56.817994,Berlin-9047,34,6,Normal
2026-02-14 04:35:57.817994,Berlin-9047,-8,93,Normal
2026-02-14 04:35:58.817994,Berlin-9047,37,9,Normal
2026-02-14 04:35:59.817994,Berlin-9047,40,28,Normal
2026-02-14 04:36:00.817994,Berlin-9047,9,93,Normal
2026-02-14 04:36:01.817994,Berlin-9047,31,46,Normal
2026-02-14 04:36:02.817994,Berlin-9047,-22,47,Normal
2026-02-14 04:36:03.817994,Berlin-9047,45,67,Normal
2026-02-14 04:36:04.817994,Berlin-9047,28,30,Normal
2026-02-14 04:36:05.817994,Berlin-9047,2,78,Normal
2026-02-14 04:36:06.817994,Berlin-9047,0,16,Normal
2026-02-14 04:36:07.817994,Berlin-9047,19,38,Normal
2026-02-14 04:36:08.817994,Berlin-9047,3,12,Normal
2026-02-14 04:36:09.817994,Berlin-9047,21,92,Normal
2026-02-14 04:36:10.817994,Berlin-9047,49,19,Normal
2026-02-14 04:36:11.817994,Berlin-9047,-8,39,Normal
2026-02-14 04:36:12.817994,Berlin-9047,-11,26,Normal
2026-02-14 04:36:13.817994,Berlin-9047,-12,72,Normal
2026-02-14 04:36:14.817994,Berlin-9047,15,68,Normal
2026-02-14 04:36:15.817994,Berlin-9047,3,100,Normal
2026-02-14 04:36:16.817994,Berlin-9047,13,44,Normal
2026-02-14 04:36:17.817994,Berlin-9047,-21,33,Normal
2026-02-14 04:36:18.817994,Berlin-9047,-21,80,Normal
2026-02-14 04:36:19.817994,Berlin-9047,29,35,Normal
2026-02-14 04:36:20.817994,Berlin-9047,-1,95,Normal
2026-02-14 04:36:21.817994,Berlin-9047,30,9,Normal
2026-02-14 04:36:22.817994,Berlin-9047,36,12,Normal
2026-02-14 04:36:23.817994,Berlin-9047,-11,97,Normal
2026-02-14 04:36:24.817994,Berlin-9047,14,26,Normal
2026-02-14 04:36:25.817994,Berlin-9047,24,54,Normal
2026-02-14 04:36:26.817994,Berlin-9047,31,62,Normal
2026-02-14 04:36:27.817994,Berlin-9047,-17,79,Normal
2026-02-14 04:36:28.817994,Berlin-9047,20,97,Normal
2026-02-14 04:36:29.817994,Berlin-9047,47,40,Normal
2026-02-14 04:36:30.817994,Berlin-9047,45,40,Normal
2026-02-14 04:36:31.817994,Berlin-9047,-10,52,Normal
2026-02-14 04:36:32.817994,Berlin-9047,45,58,Normal
2026-02-14 04:36:33.817994,Berlin-9047,-9,76,Normal
2026-02-14 04:36:34.817994,Berlin-9047,25,39,Normal
2026-02-14 04:36:35.817994,Berlin-9047,-9,31,Normal
2026-02-14 04:36:36.817994,Berlin-9047,28,61,Normal
2026-02-14 04:36:37.817994,Berlin-9047,-16,7,Normal
2026-02-14 04:36:38.817994,Berlin-9047,-22,14,Normal
2026-02-14 04:36:39.817994,Berlin-9047,-24,90,Normal
2026-02-14 04:36:40.817994,Berlin-9047,-22,59,Normal
2026-02-14 04:36:41.817994,Berlin-9047,40,82,Normal
2026-02-14 04:36:42.817994,Berlin-9047,10,35,Normal
2026-02-14 04:36:43.817994,Berlin-9047,-11,97,Normal
2026-02-14 04:36:44.817994,Berlin-9047,36,39,Normal
2026-02-14 04:36:45.817994,Berlin-9047,13,48,Normal
2026-02-14 04:36:46.817994,Berlin-9047,16,32,Normal
2026-02-14 04:36:47.817994,Berlin-9047,-17,86,Normal
2026-02-14 04:36:48.817994,Berlin-9047,-13,7,Normal
2026-02-14 04:36:49.817994,Berlin-9047,0,68,Normal
2026-02-14 04:36:50.817994,Berlin-9047,-4,12,Normal
2026-02-14 04:36:51.817994,Berlin-9047,22,40,Normal
2026-02-14 04:36:52.817994,Berlin-9047,13,90,Normal
2026-02-14 04:36:53.817994,Berlin-9047,15,75,Normal
2026-02-14 04:36:54.817994,Berlin-9047,-30,5,Normal
2026-02-14 04:36:55.817994,Berlin-9047,34,55,Normal
2026-02-14 04:36:56.817994,Berlin-9047,17,67,Normal
2026-02-14 04:36:57.817994,Berlin-9047,35,87,Normal
2026-02-14 04:36:58.817994,Berlin-9047,-19,33,Normal
2026-02-14 04:36:59.817994,Berlin-9047,-18,98,Normal
2026-02-14 04:37:00.817994,Berlin-9047,25,11,Normal
2026-02-14 04:37:01.817994,Berlin-9047,13,27,Normal
2026-02-14 04:37:02.817994,Berlin-9047,17,21,Normal
2026-02-14 04:37:03.817994,Berlin-9047,26,55,Normal
2026-02-14 04:37:04.817994,Berlin-9047,-6,63,Normal
2026-02-14 04:37:05.817994,Berlin-9047,-16,51,Normal
2026-02-14 04:37:06.817994,Berlin-9047,8,97,Normal
2026-02-14 04:37:07.817994,Berlin-9047,34,28,Normal
2026-02-14 04:37:08.817994,Berlin-9047,47,2,Normal
2026-02-14 04:37:09.817994,Berlin-9047,-10,37,Normal
2026-02-14 04:37:10.817994,Berlin-9047,23,10,Normal
2026-02-14 04:37:11.817994,Berlin-9047,48,72,Normal
2026-02-14 04:37:12.817994,Berlin-9047,-24,19,Normal
2026-02-14 04:37:13.817994,Berlin-9047,-12,13,Normal
2026-02-14 04:37:14.817994,Berlin-9047,-11,10,Normal
2026-02-14 04:37:15.817994,Berlin-9047,20,89,Normal
2026-02-14 04:37:16.817994,Berlin-9047,48,51,Normal
2026-02-14 04:37:17.817994,Berlin-9047,4,46,Normal
2026-02-14 04:37:18.817994,Berlin-9047,-13,17,Normal
2026-02-14 04:37:19.817994,Berlin-9047,-4,92,Normal
2026-02-14 04:37:20.817994,Berlin-9047,28,62,Normal
2026-02-14 04:37:21.817994,Berlin-9047,-26,66,Normal
2026-02-14 04:37:22.817994,Berlin-9047,-3,38,Normal
2026-02-14 04:37:23.817994,Berlin-9047,-8,13,Normal
2026-02-14 04:37:24.817994,Berlin-9047,-17,94,Normal
2026-02-14 04:37:25.817994,Berlin-9047,-28,59,Normal
2026-02-14 04:37:26.817994,Berlin-9047,-1,40,Normal
2026-02-14 04:37:27.817994,Berlin-9047,-21,21,Normal
2026-02-14 04:37:28.817994,Berlin-9047,10,91,Normal
2026-02-14 04:37:29.817994,Berlin-9047,50,26,Normal
2026-02-14 04:37:30.817994,Berlin-9047,36,91,Normal
2026-02-14 04:37:31.817994,Berlin-9047,36,18,Normal
2026-02-14 04:37:32.817994,Berlin-9047,1,77,Normal
2026-02-14 04:37:33.817994,Berlin-9047,2,76,Normal
2026-02-14 04:37:34.817994,Berlin-9047,38,62,Normal
2026-02-14 04:37:35.817994,Berlin-9047,-18,3,Normal
2026-02-14 04:37:36.817994,Berlin-9047,19,27,Normal
2026-02-14 04:37:37.817994,Berlin-9047,13,28,Normal
2026-02-14 04:37:38.817994,Berlin-9047,20,45,Normal
2026-02-14 04:37:39.817994,Berlin-9047,-7,66,Normal
2026-02-14 04:37:40.817994,Berlin-9047,4,81,Normal
2026-02-14 04:37:41.817994,Berlin-9047,21,23,Normal
2026-02-14 04:37:42.817994,Berlin-9047,19,9,Normal
2026-02-14 04:37:43.817994,Berlin-9047,26,0,Normal
2026-02-14 04:37:44.817994,Berlin-9047,20,64,Normal
2026-02-14 04:37:45.817994,Berlin-9047,-1,90,Normal
2026-02-14 04:37:46.817994,Berlin-9047,40,15,Normal
2026-02-14 04:37:47.817994,Berlin-9047,48,0,Normal
2026-02-14 04:37:48.817994,Berlin-9047,27,76,Normal
2026-02-14 04:37:49.817994,Berlin-9047,36,40,Normal
2026-02-14 04:37:50.817994,Berlin-9047,-13,7,Normal
2026-02-14 04:37:51.817994,Berlin-9047,-19,91,Normal
2026-02-14 04:37:52.817994,Berlin-9047,22,37,Normal
2026-02-14 04:37:53.817994,Berlin-9047,-10,4,Normal
2026-02-14 04:37:54.817994,Berlin-9047,3,98,Normal
2026-02-14 04:37:55.817994,Berlin-9047,-7,35,Normal
2026-02-14 04:37:56.817994,Berlin-9047,2,76,Normal
2026-02-14 04:37:57.817994,Berlin-9047,19,68,Normal
2026-02-14 04:37:58.817994,Berlin-9047,19,79,Normal
2026-02-14 04:37:59.817994,Berlin-9047,9,56,Normal
2026-02-14 04:38:00.817994,Berlin-9047,-9,25,Normal
2026-02-14 04:38:01.817994,Berlin-9047,-16,52,Normal
2026-02-14 04:38:02.817994,Berlin-9047,-26,81,Normal
2026-02-14 04:38:03.817994,Berlin-9047,31,29,Normal
2026-02-14 04:38:04.817994,Berlin-9047,13,27,Normal
2026-02-14 04:38:05.817994,Berlin-9047,7,6,Normal
2026-02-14 04:38:06.817994,Berlin-9047,-2,37,Normal
2026-02-14 04:38:07.817994,Berlin-9047,49,100,Normal
2026-02-14 04:38:08.817994,Berlin-9047,48,91,Normal
2026-02-14 04:38:09.817994,Berlin-9047,50,13,Normal
2026-02-14 04:38:10.817994,Berlin-9047,5,0,Normal
2026-02-14 04:38:11.817994,Berlin-9047,48,29,Normal
2026-02-14 04:38:12.817994,Berlin-9047,44,13,Normal
2026-02-14 04:38:13.817994,Berlin-9047,6,9,Normal
2026-02-14 04:38:14.817994,Berlin-9047,-18,12,Normal
2026-02-14 04:38:15.817994,Berlin-9047,0,93,Normal
2026-02-14 04:38:16.817994,Berlin-9047,-27,17,Normal
2026-02-14 04:38:17.817994,Berlin-9047,24,33,Normal
2026-02-14 04:38:18.817994,Berlin-9047,38,76,Normal
2026-02-14 04:38:19.817994,Berlin-9047,46,91,Normal
2026-02-14 04:38:20.817994,Berlin-9047,-28,62,Normal
2026-02-14 04:38:21.817994,Berlin-9047,3,9,Normal
2026-02-14 04:38:22.817994,Berlin-9047,39,29,Normal
2026-02-14 04:38:23.817994,Berlin-9047,24,1,Normal
2026-02-14 04:38:24.817994,Berlin-9047,-27,22,Normal
2026-02-14 04:38:25.817994,Berlin-9047,-29,18,Normal
2026-02-14 04:38:26.817994,Berlin-9047,-21,0,Normal
2026-02-14 04:38:27.817994,Berlin-9047,33,18,Normal
2026-02-14 04:38:28.817994,Berlin-9047,-6,5,Normal
2026-02-14 04:38:29.817994,Berlin-9047,42,64,Normal
2026-02-14 04:38:30.817994,Berlin-9047,26,56,Normal
2026-02-14 04:38:31.817994,Berlin-9047,-15,80,Normal
2026-02-14 04:38:32.817994,Berlin-9047,-28,34,Normal
2026-02-14 04:38:33.817994,Berlin-9047,0,8,Normal
2026-02-14 04:38:34.817994,Berlin-9047,-29,83,Normal
2026-02-14 04:38:35.817994,Berlin-9047,47,38,Normal
2026-02-14 04:38:36.817994,Berlin-9047,9,81,Normal
2026-02-14 04:38:37.817994,Berlin-9047,47,6,Normal
2026-02-14 04:38:38.817994,Berlin-9047,8,82,Normal
2026-02-14 04:38:39.817994,Berlin-9047,21,76,Normal
2026-02-14 04:38:40.817994,Berlin-9047,19,68,Normal
2026-02-14 04:38:41.817994,Berlin-9047,39,47,Normal
2026-02-14 04:38:42.817994,Berlin-9047,-14,46,Normal
2026-02-14 04:38:43.817994,Berlin-9047,30,59,Normal
2026-02-14 04:38:44.817994,Berlin-9047,-26,31,Normal
2026-02-14 04:38:45.817994,Berlin-9047,-5,1,Normal
2026-02-14 04:38:46.817994,Berlin-9047,-14,40,Normal
2026-02-14 04:38:47.817994,Berlin-9047,-22,79,Normal
2026-02-14 04:38:48.817994,Berlin-9047,27,38,Normal
2026-02-14 04:38:49.817994,Berlin-9047,49,35,Normal
2026-02-14 04:38:50.817994,Berlin-9047,31,98,Normal
2026-02-14 04:38:51.817994,Berlin-9047,-13,37,Normal
2026-02-14 04:38:52.817994,Berlin-9047,15,44,Normal
2026-02-14 04:38:53.817994,Berlin-9047,-20,14,Normal
2026-02-14 04:38:54.817994,Berlin-9047,-19,10,Normal
2026-02-14 04:38:55.817994,Berlin-9047,-23,2,Normal
2026-02-14 04:38:56.817994,Berlin-9047,17,8,Normal
2026-02-14 04:38:57.817994,Berlin-9047,30,66,Normal
2026-02-14 04:38:58.817994,Berlin-9047,12,67,Normal
2026-02-14 04:38:59.817994,Berlin-9047,19,46,Normal
2026-02-14 04:39:00.817994,Berlin-9047,-15,1,Normal
2026-02-14 04:39:01.817994,Berlin-9047,41,18,Normal
2026-02-14 04:39:02.817994,Berlin-9047,-17,99,Normal
2026-02-14 04:39:03.817994,Berlin-9047,26,10,Normal
2026-02-14 04:39:04.817994,Berlin-9047,49,22,Normal
2026-02-14 04:39:05.817994,Berlin-9047,-20,85,Normal
2026-02-14 04:39:06.817994,Berlin-9047,-25,82,Normal
2026-02-14 04:39:07.817994,Berlin-9047,-24,2,Normal
2026-02-14 04:39:08.817994,Berlin-9047,-25,15,Normal
2026-02-14 04:39:09.817994,Berlin-9047,15,94,Normal
2026-02-14 04:39:10.817994,Berlin-9047,2,6,Normal
2026-02-14 04:39:11.817994,Berlin-9047,47,19,Normal
2026-02-14 04:39:12.817994,Berlin-9047,-4,45,Normal
2026-02-14 04:39:13.817994,Berlin-9047,-20,37,Normal
2026-02-14 04:39:14.817994,Berlin-9047,24,10,Normal
2026-02-14 04:39:15.817994,Berlin-9047,-3,66,Normal
2026-02-14 04:39:16.817994,Berlin-9047,11,15,Normal
2026-02-14 04:39:17.817994,Berlin-9047,39,65,Normal
2026-02-14 04:39:18.817994,Berlin-9047,31,63,Normal
2026-02-14 04:39:19.817994,Berlin-9047,-25,21,Normal
2026-02-14 04:39:20.817994,Berlin-9047,14,24,Normal
2026-02-14 04:39:21.817994,Berlin-9047,-8,52,Normal
2026-02-14 04:39:22.817994,Berlin-9047,6,41,Normal
2026-02-14 04:39:23.817994,Berlin-9047,22,31,Normal
2026-02-14 04:39:24.817994,Berlin-9047,-8,6,Normal
2026-02-14 04:39:25.817994,Berlin-9047,-11,66,Normal
2026-02-14 04:39:26.817994,Berlin-9047,-11,24,Normal
2026-02-14 04:39:27.817994,Berlin-9047,-16,99,Normal
2026-02-14 04:39:28.817994,Berlin-9047,30,9,Normal
2026-02-14 04:39:29.817994,Berlin-9047,3,51,Normal
2026-02-14 04:39:30.817994,Berlin-9047,30,33,Normal
2026-02-14 04:39:31.817994,Berlin-9047,-23,82,Normal
2026-02-14 04:39:32.817994,Berlin-9047,-4,50,Normal
2026-02-14 04:39:33.817994,Berlin-9047,11,86,Normal
2026-02-14 04:39:34.817994,Berlin-9047,9,81,Normal
2026-02-14 04:39:35.817994,Berlin-9047,15,18,Normal
2026-02-14 04:39:36.817994,Berlin-9047,0,4,Normal
2026-02-14 04:39:37.817994,Berlin-9047,4,85,Normal
2026-02-14 04:39:38.817994,Berlin-9047,-28,28,Normal
2026-02-14 04:39:39.817994,Berlin-9047,-13,73,Normal
2026-02-14 04:39:40.817994,Berlin-9047,10,23,Normal
2026-02-14 04:39:41.817994,Berlin-9047,7,33,Normal
2026-02-14 04:39:42.817994,Berlin-9047,-23,79,Normal
2026-02-14 04:39:43.817994,Berlin-9047,42,12,Normal
2026-02-14 04:39:44.817994,Berlin-9047,-14,20,Normal
2026-02-14 04:39:45.817994,Berlin-9047,36,5,Normal
2026-02-14 04:39:46.817994,Berlin-9047,-1,54,Normal
2026-02-14 04:39:47.817994,Berlin-9047,26,61,Normal
2026-02-14 04:39:48.817994,Berlin-9047,-4,70,Normal
2026-02-14 04:39:49.817994,Berlin-9047,8,32,Normal
2026-02-14 04:39:50.817994,Berlin-9047,34,70,Normal
2026-02-14 04:39:51.817994,Berlin-9047,-18,9,Normal
2026-02-14 04:39:52.817994,Berlin-9047,11,18,Normal
2026-02-14 04:39:53.817994,Berlin-9047,42,15,Normal
2026-02-14 04:39:54.817994,Berlin-9047,35,82,Normal
2026-02-14 04:39:55.817994,Berlin-9047,-28,27,Normal
2026-02-14 04:39:56.817994,Berlin-9047,-20,2,Normal
2026-02-14 04:39:57.817994,Berlin-9047,26,10,Normal
2026-02-14 04:39:58.817994,Berlin-9047,-12,68,Normal
2026-02-14 04:39:59.817994,Berlin-9047,-27,70,Normal
2026-02-14 04:40:00.817994,Berlin-9047,34,93,Normal
2026-02-14 04:40:01.817994,Berlin-9047,-28,10,Normal
2026-02-14 04:40:02.817994,Berlin-9047,36,2,Normal
2026-02-14 04:40:03.817994,Berlin-9047,14,90,Normal
2026-02-14 04:40:04.817994,Berlin-9047,4,51,Normal
2026-02-14 04:40:05.817994,Berlin-9047,37,33,Normal
2026-02-14 04:40:06.817994,Berlin-9047,49,12,Normal
2026-02-14 04:40:07.817994,Berlin-9047,6,95,Normal
2026-02-14 04:40:08.817994,Berlin-9047,15,54,Normal
2026-02-14 04:40:09.817994,Berlin-9047,22,72,Normal
2026-02-14 04:40:10.817994,Berlin-9047,-6,81,Normal
2026-02-14 04:40:11.817994,Berlin-9047,14,16,Normal
2026-02-14 04:40:12.817994,Berlin-9047,6,95,Normal
2026-02-14 04:40:13.817994,Berlin-9047,3,40,Normal
2026-02-14 04:40:14.817994,Berlin-9047,-2,86,Normal
2026-02-14 04:40:15.817994,Berlin-9047,44,43,Normal
2026-02-14 04:40:16.817994,Berlin-9047,21,39,Normal
2026-02-14 04:40:17.817994,Berlin-9047,-21,83,Normal
2026-02-14 04:40:18.817994,Berlin-9047,21,49,Normal
2026-02-14 04:40:19.817994,Berlin-9047,34,70,Normal
2026-02-14 04:40:20.817994,Berlin-9047,48,45,Normal
2026-02-14 04:40:21.817994,Berlin-9047,-7,3,Normal
2026-02-14 04:40:22.817994,Berlin-9047,-19,36,Normal
2026-02-14 04:40:23.817994,Berlin-9047,-17,56,Normal
2026-02-14 04:40:24.817994,Berlin-9047,-9,84,Normal
2026-02-14 04:40:25.817994,Berlin-9047,-5,3,Normal
2026-02-14 04:40:26.817994,Berlin-9047,-23,82,Normal
2026-02-14 04:40:27.817994,Berlin-9047,22,88,Normal
2026-02-14 04:40:28.817994,Berlin-9047,13,37,Normal
2026-02-14 04:40:29.817994,Berlin-9047,-1,56,Normal
2026-02-14 04:40:30.817994,Berlin-9047,-19,99,Normal
2026-02-14 04:40:31.817994,Berlin-9047,-20,64,Normal
2026-02-14 04:40:32.817994,Berlin-9047,42,77,Normal
2026-02-14 04:40:33.817994,Berlin-9047,44,35,Normal
2026-02-14 04:40:34.817994,Berlin-9047,-28,91,Normal
2026-02-14 04:40:35.817994,Berlin-9047,26,73,Normal
2026-02-14 04:40:36.817994,Berlin-9047,2,93,Normal
2026-02-14 04:40:37.817994,Berlin-9047,44,34,Normal
2026-02-14 04:40:38.817994,Berlin-9047,-9,7,Normal
2026-02-14 04:40:39.817994,Berlin-9047,12,16,Normal
2026-02-14 04:40:40.817994,Berlin-9047,-24,98,Normal
2026-02-14 04:40:41.817994,Berlin-9047,30,17,Normal
2026-02-14 04:40:42.817994,Berlin-9047,-18,99,Normal
2026-02-14 04:40:43.817994,Berlin-9047,28,81,Normal
2026-02-14 04:40:44.817994,Berlin-9047,-17,51,Normal
2026-02-14 04:40:45.817994,Berlin-9047,15,30,Normal
2026-02-14 04:40:46.817994,Berlin-9047,-23,59,Normal
2026-02-14 04:40:47.817994,Berlin-9047,-10,56,Normal
2026-02-14 04:40:48.817994,Berlin-9047,27,16,Normal
2026-02-14 04:40:49.817994,Berlin-9047,3,98,Normal
2026-02-14 04:40:50.817994,Berlin-9047,28,27,Normal
2026-02-14 04:40:51.817994,Berlin-9047,27,93,Normal
2026-02-14 04:40:52.817994,Berlin-9047,42,85,Normal
2026-02-14 04:40:53.817994,Berlin-9047,-27,5,Normal
2026-02-14 04:40:54.817994,Berlin-9047,4,50,Normal
2026-02-14 04:40:55.817994,Berlin-9047,50,56,Normal
2026-02-14 04:40:56.817994,Berlin-9047,-1,41,Normal
2026-02-14 04:40:57.817994,Berlin-9047,-29,65,Normal
2026-02-14 04:40:58.817994,Berlin-9047,41,99,Normal
2026-02-14 04:40:59.817994,Berlin-9047,-26,99,Normal
2026-02-14 04:41:00.817994,Berlin-9047,-16,74,Normal
2026-02-14 04:41:01.817994,Berlin-9047,17,78,Normal
2026-02-14 04:41:02.817994,Berlin-9047,23,37,Normal
2026-02-14 04:41:03.817994,Berlin-9047,28,7,Normal
2026-02-14 04:41:04.817994,Berlin-9047,4,70,Normal
2026-02-14 04:41:05.817994,Berlin-9047,28,12,Normal
2026-02-14 04:41:06.817994,Berlin-9047,3,60,Normal
2026-02-14 04:41:07.817994,Berlin-9047,30,35,Normal
2026-02-14 04:41:08.817994,Berlin-9047,11,41,Normal
2026-02-14 04:41:09.817994,Berlin-9047,40,25,Normal
2026-02-14 04:41:10.817994,Berlin-9047,16,51,Normal
2026-02-14 04:41:11.817994,Berlin-9047,49,77,Normal
2026-02-14 04:41:12.817994,Berlin-9047,38,3,Normal
2026-02-14 04:41:13.817994,Berlin-9047,42,5,Normal
2026-02-14 04:41:14.817994,Berlin-9047,23,12,Normal
2026-02-14 04:41:15.817994,Berlin-9047,42,94,Normal
2026-02-14 04:41:16.817994,Berlin-9047,-3,39,Normal
2026-02-14 04:41:17.817994,Berlin-9047,-30,56,Normal
2026-02-14 04:41:18.817994,Berlin-9047,-28,55,Normal
2026-02-14 04:41:19.817994,Berlin-9047,7,99,Normal
2026-02-14 04:41:20.817994,Berlin-9047,22,90,Normal
2026-02-14 04:41:21.817994,Berlin-9047,-20,50,Normal
2026-02-14 04:41:22.817994,Berlin-9047,-30,87,Normal
2026-02-14 04:41:23.817994,Berlin-9047,6,97,Normal
2026-02-14 04:41:24.817994,Berlin-9047,47,10,Normal
2026-02-14 04:41:25.817994,Berlin-9047,26,9,Normal
2026-02-14 04:41:26.817994,Berlin-9047,28,55,Normal
2026-02-14 04:41:27.817994,Berlin-9047,32,65,Normal
2026-02-14 04:41:28.817994,Berlin-9047,40,17,Normal
2026-02-14 04:41:29.817994,Berlin-9047,3,40,Normal
2026-02-14 04:41:30.817994,Berlin-9047,5,39,Normal
2026-02-14 04:41:31.817994,Berlin-9047,36,40,Normal
2026-02-14 04:41:32.817994,Berlin-9047,-13,38,Normal
2026-02-14 04:41:33.817994,Berlin-9047,-18,28,Normal
2026-02-14 04:41:34.817994,Berlin-9047,48,59,Normal
2026-02-14 04:41:35.817994,Berlin-9047,48,34,Normal
2026-02-14 04:41:36.817994,Berlin-9047,22,29,Normal
2026-02-14 04:41:37.817994,Berlin-9047,12,80,Normal
2026-02-14 04:41:38.817994,Berlin-9047,36,2,Normal
2026-02-14 04:41:39.817994,Berlin-9047,-2,51,Normal
2026-02-14 04:41:40.817994,Berlin-9047,50,20,Normal
2026-02-14 04:41:41.817994,Berlin-9047,-15,99,Normal
2026-02-14 04:41:42.817994,Berlin-9047,24,64,Normal
2026-02-14 04:41:43.817994,Berlin-9047,16,23,Normal
2026-02-14 04:41:44.817994,Berlin-9047,10,94,Normal
2026-02-14 04:41:45.817994,Berlin-9047,43,12,Normal
2026-02-14 04:41:46.817994,Berlin-9047,16,63,Normal
2026-02-14 04:41:47.817994,Berlin-9047,-19,94,Normal
2026-02-14 04:41:48.817994,Berlin-9047,31,5,Normal
2026-02-14 04:41:49.817994,Berlin-9047,-14,7,Normal
2026-02-14 04:41:50.817994,Berlin-9047,47,49,Normal
2026-02-14 04:41:51.817994,Berlin-9047,-13,28,Normal
2026-02-14 04:41:52.817994,Berlin-9047,-8,52,Normal
2026-02-14 04:41:53.817994,Berlin-9047,45,33,Normal
2026-02-14 04:41:54.817994,Berlin-9047,-25,55,Normal
2026-02-14 04:41:55.817994,Berlin-9047,-29,27,Normal
2026-02-14 04:41:56.817994,Berlin-9047,28,14,Normal
2026-02-14 04:41:57.817994,Berlin-9047,37,31,Normal
2026-02-14 04:41:58.817994,Berlin-9047,-15,85,Normal
2026-02-14 04:41:59.817994,Berlin-9047,-13,20,Normal
2026-02-14 04:42:00.817994,Berlin-9047,48,98,Normal
2026-02-14 04:42:01.817994,Berlin-9047,27,100,Normal
2026-02-14 04:42:02.817994,Berlin-9047,44,42,Normal
2026-02-14 04:42:03.817994,Berlin-9047,47,19,Normal
2026-02-14 04:42:04.817994,Berlin-9047,-4,66,Normal
2026-02-14 04:42:05.817994,Berlin-9047,-6,57,Normal
2026-02-14 04:42:06.817994,Berlin-9047,9,36,Normal
2026-02-14 04:42:07.817994,Berlin-9047,-12,77,Normal
2026-02-14 04:42:08.817994,Berlin-9047,34,94,Normal
2026-02-14 04:42:09.817994,Berlin-9047,-26,99,Normal
2026-02-14 04:42:10.817994,Berlin-9047,38,39,Normal
2026-02-14 04:42:11.817994,Berlin-9047,1,96,Normal
2026-02-14 04:42:12.817994,Berlin-9047,25,76,Normal
2026-02-14 04:42:13.817994,Berlin-9047,42,66,Normal
2026-02-14 04:42:14.817994,Berlin-9047,-20,98,Normal
2026-02-14 04:42:15.817994,Berlin-9047,38,75,Normal
2026-02-14 04:42:16.817994,Berlin-9047,9,47,Normal
2026-02-14 04:42:17.817994,Berlin-9047,-11,47,Normal
2026-02-14 04:42:18.817994,Berlin-9047,-10,17,Normal
2026-02-14 04:42:19.817994,Berlin-9047,-28,59,Normal
2026-02-14 04:42:20.817994,Berlin-9047,-8,27,Normal
2026-02-14 04:42:21.817994,Berlin-9047,1,81,Normal
2026-02-14 04:42:22.817994,Berlin-9047,-16,41,Normal
2026-02-14 04:42:23.817994,Berlin-9047,15,15,Normal
2026-02-14 04:42:24.817994,Berlin-9047,-20,46,Normal
2026-02-14 04:42:25.817994,Berlin-9047,16,68,Normal
2026-02-14 04:42:26.817994,Berlin-9047,-24,85,Normal
2026-02-14 04:42:27.817994,Berlin-9047,-20,71,Normal
2026-02-14 04:42:28.817994,Berlin-9047,27,41,Normal
2026-02-14 04:42:29.817994,Berlin-9047,23,44,Normal
2026-02-14 04:42:30.817994,Berlin-9047,30,67,Normal
2026-02-14 04:42:31.817994,Berlin-9047,-7,46,Normal
2026-02-14 04:42:32.817994,Berlin-9047,32,7,Normal
2026-02-14 04:42:33.817994,Berlin-9047,35,77,Normal
2026-02-14 04:42:34.817994,Berlin-9047,5,26,Normal
2026-02-14 04:42:35.817994,Berlin-9047,25,33,Normal
2026-02-14 04:42:36.817994,Berlin-9047,-7,25,Normal
2026-02-14 04:42:37.817994,Berlin-9047,25,32,Normal
2026-02-14 04:42:38.817994,Berlin-9047,31,37,Normal
2026-02-14 04:42:39.817994,Berlin-9047,6,13,Normal
2026-02-14 04:42:40.817994,Berlin-9047,48,46,Normal
2026-02-14 04:42:41.817994,Berlin-9047,27,48,Normal
2026-02-14 04:42:42.817994,Berlin-9047,28,75,Normal
2026-02-14 04:42:43.817994,Berlin-9047,2,21,Normal
2026-02-14 04:42:44.817994,Berlin-9047,-26,89,Normal
2026-02-14 04:42:45.817994,Berlin-9047,-26,18,Normal
2026-02-14 04:42:46.817994,Berlin-9047,32,11,Normal
2026-02-14 04:42:47.817994,Berlin-9047,-29,98,Normal
2026-02-14 04:42:48.817994,Berlin-9047,41,88,Normal
2026-02-14 04:42:49.817994,Berlin-9047,-4,61,Normal
2026-02-14 04:42:50.817994,Berlin-9047,22,45,Normal
2026-02-14 04:42:51.817994,Berlin-9047,3,40,Normal
2026-02-14 04:42:52.817994,Berlin-9047,14,17,Normal
2026-02-14 04:42:53.817994,Berlin-9047,-27,9,Normal
2026-02-14 04:42:54.817994,Berlin-9047,3,30,Normal
2026-02-14 04:42:55.817994,Berlin-9047,-6,93,Normal
2026-02-14 04:42:56.817994,Berlin-9047,-19,15,Normal
2026-02-14 04:42:57.817994,Berlin-9047,-12,22,Normal
2026-02-14 04:42:58.817994,Berlin-9047,-1,29,Normal
2026-02-14 04:42:59.817994,Berlin-9047,11,46,Normal
2026-02-14 04:43:00.817994,Berlin-9047,34,60,Normal
2026-02-14 04:43:01.817994,Berlin-9047,31,12,Normal
2026-02-14 04:43:02.817994,Berlin-9047,43,87,Normal
2026-02-14 04:43:03.817994,Berlin-9047,-1,77,Normal
2026-02-14 04:43:04.817994,Berlin-9047,13,83,Normal
2026-02-14 04:43:05.817994,Berlin-9047,-8,0,Normal
2026-02-14 04:43:06.817994,Berlin-9047,36,89,Normal
2026-02-14 04:43:07.817994,Berlin-9047,43,59,Normal
2026-02-14 04:43:08.817994,Berlin-9047,-11,4,Normal
2026-02-14 04:43:09.817994,Berlin-9047,30,17,Normal
2026-02-14 04:43:10.817994,Berlin-9047,30,93,Normal
2026-02-14 04:43:11.817994,Berlin-9047,31,8,Normal
2026-02-14 04:43:12.817994,Berlin-9047,15,61,Normal
2026-02-14 04:43:13.817994,Berlin-9047,28,48,Normal
2026-02-14 04:43:14.817994,Berlin-9047,14,9,Normal
2026-02-14 04:43:15.817994,Berlin-9047,34,100,Normal
2026-02-14 04:43:16.817994,Berlin-9047,-28,32,Normal
2026-02-14 04:43:17.817994,Berlin-9047,44,12,Normal
2026-02-14 04:43:18.817994,Berlin-9047,-30,11,Normal
2026-02-14 04:43:19.817994,Berlin-9047,36,43,Normal
2026-02-14 04:43:20.817994,Berlin-9047,32,98,Normal
2026-02-14 04:43:21.817994,Berlin-9047,-28,10,Normal
2026-02-14 04:43:22.817994,Berlin-9047,34,19,Normal
2026-02-14 04:43:23.817994,Berlin-9047,-9,51,Normal
2026-02-14 04:43:24.817994,Berlin-9047,-9,6,Normal
2026-02-14 04:43:25.817994,Berlin-9047,29,15,Normal
2026-02-14 04:43:26.817994,Berlin-9047,38,5,Normal
2026-02-14 04:43:27.817994,Berlin-9047,5,20,Normal
2026-02-14 04:43:28.817994,Berlin-9047,13,84,Normal
2026-02-14 04:43:29.817994,Berlin-9047,4,49,Normal
2026-02-14 04:43:30.817994,Berlin-9047,-17,83,Normal
2026-02-14 04:43:31.817994,Berlin-9047,-2,13,Normal
2026-02-14 04:43:32.817994,Berlin-9047,19,59,Normal
2026-02-14 04:43:33.817994,Berlin-9047,-1,49,Normal
2026-02-14 04:43:34.817994,Berlin-9047,-2,36,Normal
2026-02-14 04:43:35.817994,Berlin-9047,21,12,Normal
2026-02-14 04:43:36.817994,Berlin-9047,-17,72,Normal
2026-02-14 04:43:37.817994,Berlin-9047,17,47,Normal
2026-02-14 04:43:38.817994,Berlin-9047,36,77,Normal
2026-02-14 04:43:39.817994,Berlin-9047,-21,4,Normal
2026-02-14 04:43:40.817994,Berlin-9047,-6,56,Normal
2026-02-14 04:43:41.817994,Berlin-9047,24,70,Normal
2026-02-14 04:43:42.817994,Berlin-9047,44,50,Normal
2026-02-14 04:43:43.817994,Berlin-9047,13,39,Normal
2026-02-14 04:43:44.817994,Berlin-9047,14,7,Normal
2026-02-14 04:43:45.817994,Berlin-9047,-21,75,Normal
2026-02-14 04:43:46.817994,Berlin-9047,-15,57,Normal
2026-02-14 04:43:47.817994,Berlin-9047,-12,98,Normal
2026-02-14 04:43:48.817994,Berlin-9047,-11,96,Normal
2026-02-14 04:43:49.817994,Berlin-9047,40,3,Normal
2026-02-14 04:43:50.817994,Berlin-9047,-2,54,Normal
2026-02-14 04:43:51.817994,Berlin-9047,19,30,Normal
2026-02-14 04:43:52.817994,Berlin-9047,36,67,Normal
2026-02-14 04:43:53.817994,Berlin-9047,37,42,Normal
2026-02-14 04:43:54.817994,Berlin-9047,2,34,Normal
2026-02-14 04:43:55.817994,Berlin-9047,34,5,Normal
2026-02-14 04:43:56.817994,Berlin-9047,-24,30,Normal
2026-02-14 04:43:57.817994,Berlin-9047,-14,58,Normal
2026-02-14 04:43:58.817994,Berlin-9047,5,49,Normal
2026-02-14 04:43:59.817994,Berlin-9047,4,3,Normal
2026-02-14 04:44:00.817994,Berlin-9047,-15,52,Normal
2026-02-14 04:44:01.817994,Berlin-9047,-3,87,Normal
2026-02-14 04:44:02.817994,Berlin-9047,-6,50,Normal
2026-02-14 04:44:03.817994,Berlin-9047,-20,61,Normal
2026-02-14 04:44:04.817994,Berlin-9047,-13,70,Normal
2026-02-14 04:44:05.817994,Berlin-9047,27,79,Normal
2026-02-14 04:44:06.817994,Berlin-9047,21,17,Normal
2026-02-14 04:44:07.817994,Berlin-9047,14,12,Normal
2026-02-14 04:44:08.817994,Berlin-9047,39,13,Normal
2026-02-14 04:44:09.817994,Berlin-9047,40,55,Normal
2026-02-14 04:44:10.817994,Berlin-9047,12,62,Normal
2026-02-14 04:44:11.817994,Berlin-9047,-23,1,Normal
2026-02-14 04:44:12.817994,Berlin-9047,35,49,Normal
2026-02-14 04:44:13.817994,Berlin-9047,46,9,Normal
2026-02-14 04:44:14.817994,Berlin-9047,36,6,Normal
2026-02-14 04:44:15.817994,Berlin-9047,27,66,Normal
2026-02-14 04:44:16.817994,Berlin-9047,-12,18,Normal
2026-02-14 04:44:17.817994,Berlin-9047,37,57,Normal
2026-02-14 04:44:18.817994,Berlin-9047,24,70,Normal
2026-02-14 04:44:19.817994,Berlin-9047,22,88,Normal
2026-02-14 04:44:20.817994,Berlin-9047,-11,53,Normal
2026-02-14 04:44:21.817994,Berlin-9047,31,52,Normal
2026-02-14 04:44:22.817994,Berlin-9047,32,70,Normal
2026-02-14 04:44:23.817994,Berlin-9047,-12,28,Normal
2026-02-14 04:44:24.817994,Berlin-9047,-14,80,Normal
2026-02-14 04:44:25.817994,Berlin-9047,-27,65,Normal
2026-02-14 04:44:26.817994,Berlin-9047,40,91,Normal
2026-02-14 04:44:27.817994,Berlin-9047,-28,5,Normal
2026-02-14 04:44:28.817994,Berlin-9047,36,62,Normal
2026-02-14 04:44:29.817994,Berlin-9047,48,69,Normal
2026-02-14 04:44:30.817994,Berlin-9047,24,99,Normal
2026-02-14 04:44:31.817994,Berlin-9047,-23,27,Normal
2026-02-14 04:44:32.817994,Berlin-9047,32,60,Normal
2026-02-14 04:44:33.817994,Berlin-9047,-4,46,Normal
2026-02-14 04:44:34.817994,Berlin-9047,13,90,Normal
2026-02-14 04:44:35.817994,Berlin-9047,4,22,Normal
2026-02-14 04:44:36.817994,Berlin-9047,25,37,Normal
2026-02-14 04:44:37.817994,Berlin-9047,-20,49,Normal
2026-02-14 04:44:38.817994,Berlin-9047,13,12,Normal
2026-02-14 04:44:39.817994,Berlin-9047,9,94,Normal
2026-02-14 04:44:40.817994,Berlin-9047,1,61,Normal
2026-02-14 04:44:41.817994,Berlin-9047,14,27,Normal
2026-02-14 04:44:42.817994,Berlin-9047,-16,50,Normal
2026-02-14 04:44:43.817994,Berlin-9047,35,79,Normal
2026-02-14 04:44:44.817994,Berlin-9047,-4,48,Normal
2026-02-14 04:44:45.817994,Berlin-9047,40,97,Normal
2026-02-14 04:44:46.817994,Berlin-9047,-17,67,Normal
2026-02-14 04:44:47.817994,Berlin-9047,36,72,Normal
2026-02-14 04:44:48.817994,Berlin-9047,5,57,Normal
2026-02-14 04:44:49.817994,Berlin-9047,1,4,Normal
2026-02-14 04:44:50.817994,Berlin-9047,23,44,Normal
2026-02-14 04:44:51.817994,Berlin-9047,-26,57,Normal
2026-02-14 04:44:52.817994,Berlin-9047,12,87,Normal
2026-02-14 04:44:53.817994,Berlin-9047,-2,69,Normal
2026-02-14 04:44:54.817994,Berlin-9047,14,71,Normal
2026-02-14 04:44:55.817994,Berlin-9047,23,47,Normal
2026-02-14 04:44:56.817994,Berlin-9047,-22,9,Normal
2026-02-14 04:44:57.817994,Berlin-9047,-4,10,Normal
2026-02-14 04:44:58.817994,Berlin-9047,14,26,Normal
2026-02-14 04:44:59.817994,Berlin-9047,14,72,Normal
2026-02-14 04:45:00.817994,Berlin-9047,25,86,Normal
2026-02-14 04:45:01.817994,Berlin-9047,-19,98,Normal
2026-02-14 04:45:02.817994,Berlin-9047,-18,76,Normal
2026-02-14 04:45:03.817994,Berlin-9047,50,63,Normal
2026-02-14 04:45:04.817994,Berlin-9047,28,66,Normal
2026-02-14 04:45:05.817994,Berlin-9047,-6,81,Normal
2026-02-14 04:45:06.817994,Berlin-9047,20,6,Normal
2026-02-14 04:45:07.817994,Berlin-9047,16,24,Normal
2026-02-14 04:45:08.817994,Berlin-9047,18,32,Normal
2026-02-14 04:45:09.817994,Berlin-9047,-26,21,Normal
2026-02-14 04:45:10.817994,Berlin-9047,-15,29,Normal
2026-02-14 04:45:11.817994,Berlin-9047,30,66,Normal
2026-02-14 04:45:12.817994,Berlin-9047,-27,94,Normal
2026-02-14 04:45:13.817994,Berlin-9047,-3,18,Normal
2026-02-14 04:45:14.817994,Berlin-9047,-29,68,Normal
2026-02-14 04:45:15.817994,Berlin-9047,4,16,Normal
2026-02-14 04:45:16.817994,Berlin-9047,6,86,Normal
2026-02-14 04:45:17.817994,Berlin-9047,19,24,Normal
2026-02-14 04:45:18.817994,Berlin-9047,-6,37,Normal
2026-02-14 04:45:19.817994,Berlin-9047,49,33,Normal
2026-02-14 04:45:20.817994,Berlin-9047,-15,41,Normal
2026-02-14 04:45:21.817994,Berlin-9047,34,27,Normal
2026-02-14 04:45:22.817994,Berlin-9047,34,33,Normal
2026-02-14 04:45:23.817994,Berlin-9047,-2,47,Normal
2026-02-14 04:45:24.817994,Berlin-9047,2,45,Normal
2026-02-14 04:45:25.817994,Berlin-9047,43,5,Normal
2026-02-14 04:45:26.817994,Berlin-9047,-12,88,Normal
2026-02-14 04:45:27.817994,Berlin-9047,50,66,Normal
2026-02-14 04:45:28.817994,Berlin-9047,18,58,Normal
2026-02-14 04:45:29.817994,Berlin-9047,-8,22,Normal
2026-02-14 04:45:30.817994,Berlin-9047,-18,88,Normal
2026-02-14 04:45:31.817994,Berlin-9047,-1,94,Normal
2026-02-14 04:45:32.817994,Berlin-9047,30,80,Normal
2026-02-14 04:45:33.817994,Berlin-9047,-28,94,Normal
2026-02-14 04:45:34.817994,Berlin-9047,-4,80,Normal
2026-02-14 04:45:35.817994,Berlin-9047,-30,78,Normal
2026-02-14 04:45:36.817994,Berlin-9047,37,70,Normal
2026-02-14 04:45:37.817994,Berlin-9047,48,84,Normal
2026-02-14 04:45:38.817994,Berlin-9047,16,34,Normal
2026-02-14 04:45:39.817994,Berlin-9047,-25,16,Normal
2026-02-14 04:45:40.817994,Berlin-9047,9,93,Normal
2026-02-14 04:45:41.817994,Berlin-9047,-10,71,Normal
2026-02-14 04:45:42.817994,Berlin-9047,-17,41,Normal
2026-02-14 04:45:43.817994,Berlin-9047,-3,0,Normal
2026-02-14 04:45:44.817994,Berlin-9047,-11,37,Normal
2026-02-14 04:45:45.817994,Berlin-9047,40,64,Normal
2026-02-14 04:45:46.817994,Berlin-9047,31,73,Normal
2026-02-14 04:45:47.817994,Berlin-9047,32,72,Normal
2026-02-14 04:45:48.817994,Berlin-9047,42,84,Normal
2026-02-14 04:45:49.817994,Berlin-9047,15,82,Normal
2026-02-14 04:45:50.817994,Berlin-9047,14,85,Normal
2026-02-14 04:45:51.817994,Berlin-9047,48,17,Normal
2026-02-14 04:45:52.817994,Berlin-9047,6,51,Normal
2026-02-14 04:45:53.817994,Berlin-9047,-8,87,Normal
2026-02-14 04:45:54.817994,Berlin-9047,40,74,Normal
2026-02-14 04:45:55.817994,Berlin-9047,18,29,Normal
2026-02-14 04:45:56.817994,Berlin-9047,16,68,Normal
2026-02-14 04:45:57.817994,Berlin-9047,-26,96,Normal
2026-02-14 04:45:58.817994,Berlin-9047,-27,94,Normal
2026-02-14 04:45:59.817994,Berlin-9047,5,59,Normal
2026-02-14 04:46:00.817994,Berlin-9047,48,67,Normal
2026-02-14 04:46:01.817994,Berlin-9047,-2,99,Normal
2026-02-14 04:46:02.817994,Berlin-9047,39,35,Normal
2026-02-14 04:46:03.817994,Berlin-9047,32,81,Normal
2026-02-14 04:46:04.817994,Berlin-9047,26,2,Normal
2026-02-14 04:46:05.817994,Berlin-9047,-23,42,Normal
2026-02-14 04:46:06.817994,Berlin-9047,29,87,Normal
2026-02-14 04:46:07.817994,Berlin-9047,46,24,Normal
2026-02-14 04:46:08.817994,Berlin-9047,41,93,Normal
2026-02-14 04:46:09.817994,Berlin-9047,32,39,Normal
2026-02-14 04:46:10.817994,Berlin-9047,-5,67,Normal
2026-02-14 04:46:11.817994,Berlin-9047,17,1,Normal
2026-02-14 04:46:12.817994,Berlin-9047,-13,24,Normal
2026-02-14 04:46:13.817994,Berlin-9047,-10,69,Normal
2026-02-14 04:46:14.817994,Berlin-9047,33,98,Normal
2026-02-14 04:46:15.817994,Berlin-9047,13,84,Normal
2026-02-14 04:46:16.817994,Berlin-9047,16,22,Normal
2026-02-14 04:46:17.817994,Berlin-9047,48,0,Normal
2026-02-14 04:46:18.817994,Berlin-9047,33,7,Normal
2026-02-14 04:46:19.817994,Berlin-9047,-24,38,Normal
2026-02-14 04:46:20.817994,Berlin-9047,-9,72,Normal
2026-02-14 04:46:21.817994,Berlin-9047,49,77,Normal
2026-02-14 04:46:22.817994,Berlin-9047,-9,97,Normal
2026-02-14 04:46:23.817994,Berlin-9047,26,7,Normal
2026-02-14 04:46:24.817994,Berlin-9047,39,15,Normal
2026-02-14 04:46:25.817994,Berlin-9047,26,99,Normal
2026-02-14 04:46:26.817994,Berlin-9047,23,39,Normal
2026-02-14 04:46:27.817994,Berlin-9047,49,56,Normal
2026-02-14 04:46:28.817994,Berlin-9047,-7,46,Normal
2026-02-14 04:46:29.817994,Berlin-9047,-25,61,Normal
2026-02-14 04:46:30.817994,Berlin-9047,5,22,Normal
2026-02-14 04:46:31.817994,Berlin-9047,-9,71,Normal
2026-02-14 04:46:32.817994,Berlin-9047,-3,94,Normal
2026-02-14 04:46:33.817994,Berlin-9047,17,29,Normal
2026-02-14 04:46:34.817994,Berlin-9047,-3,43,Normal
2026-02-14 04:46:35.817994,Berlin-9047,21,8,Normal
2026-02-14 04:46:36.817994,Berlin-9047,-16,18,Normal
2026-02-14 04:46:37.817994,Berlin-9047,40,62,Normal
2026-02-14 04:46:38.817994,Berlin-9047,50,16,Normal
2026-02-14 04:46:39.817994,Berlin-9047,13,83,Normal
2026-02-14 04:46:40.817994,Berlin-9047,31,9,Normal
2026-02-14 04:46:41.817994,Berlin-9047,42,1,Normal
2026-02-14 04:46:42.817994,Berlin-9047,47,7,Normal
2026-02-14 04:46:43.817994,Berlin-9047,-26,57,Normal
2026-02-14 04:46:44.817994,Berlin-9047,-17,28,Normal
2026-02-14 04:46:45.817994,Berlin-9047,-2,29,Normal
2026-02-14 04:46:46.817994,Berlin-9047,47,47,Normal
2026-02-14 04:46:47.817994,Berlin-9047,47,40,Normal
2026-02-14 04:46:48.817994,Berlin-9047,-29,93,Normal
2026-02-14 04:46:49.817994,Berlin-9047,24,1,Normal
2026-02-14 04:46:50.817994,Berlin-9047,13,58,Normal
2026-02-14 04:46:51.817994,Berlin-9047,38,50,Normal
2026-02-14 04:46:52.817994,Berlin-9047,-22,80,Normal
2026-02-14 04:46:53.817994,Berlin-9047,44,47,Normal
2026-02-14 04:46:54.817994,Berlin-9047,-23,32,Normal
2026-02-14 04:46:55.817994,Berlin-9047,38,7,Normal
2026-02-14 04:46:56.817994,Berlin-9047,-19,46,Normal
2026-02-14 04:46:57.817994,Berlin-9047,-1,28,Normal
2026-02-14 04:46:58.817994,Berlin-9047,45,89,Normal
2026-02-14 04:46:59.817994,Berlin-9047,49,38,Normal
2026-02-14 04:47:00.817994,Berlin-9047,-4,71,Normal
2026-02-14 04:47:01.817994,Berlin-9047,-21,9,Normal
2026-02-14 04:47:02.817994,Berlin-9047,28,33,Normal
2026-02-14 04:47:03.817994,Berlin-9047,19,90,Normal
2026-02-14 04:47:04.817994,Berlin-9047,47,55,Normal
2026-02-14 04:47:05.817994,Berlin-9047,24,44,Normal
2026-02-14 04:47:06.817994,Berlin-9047,-28,37,Normal
2026-02-14 04:47:07.817994,Berlin-9047,48,97,Normal
2026-02-14 04:47:08.817994,Berlin-9047,50,6,Normal
2026-02-14 04:47:09.817994,Berlin-9047,23,75,Normal
2026-02-14 04:47:10.817994,Berlin-9047,-13,63,Normal
2026-02-14 04:47:11.817994,Berlin-9047,50,33,Normal
2026-02-14 04:47:12.817994,Berlin-9047,26,44,Normal
2026-02-14 04:47:13.817994,Berlin-9047,-21,7,Normal
2026-02-14 04:47:14.817994,Berlin-9047,-26,19,Normal
2026-02-14 04:47:15.817994,Berlin-9047,16,60,Normal
2026-02-14 04:47:16.817994,Berlin-9047,9,35,Normal
2026-02-14 04:47:17.817994,Berlin-9047,-21,9,Normal
2026-02-14 04:47:18.817994,Berlin-9047,16,51,Normal
2026-02-14 04:47:19.817994,Berlin-9047,-2,48,Normal
2026-02-14 04:47:20.817994,Berlin-9047,1,74,Normal
2026-02-14 04:47:21.817994,Berlin-9047,44,86,Normal
2026-02-14 04:47:22.817994,Berlin-9047,37,69,Normal
2026-02-14 04:47:23.817994,Berlin-9047,41,94,Normal
2026-02-14 04:47:24.817994,Berlin-9047,6,1,Normal
2026-02-14 04:47:25.817994,Berlin-9047,44,84,Normal
2026-02-14 04:47:26.817994,Berlin-9047,-26,43,Normal
2026-02-14 04:47:27.817994,Berlin-9047,-13,69,Normal
2026-02-14 04:47:28.817994,Berlin-9047,10,9,Normal
2026-02-14 04:47:29.817994,Berlin-9047,-14,93,Normal
2026-02-14 04:47:30.817994,Berlin-9047,35,54,Normal
2026-02-14 04:47:31.817994,Berlin-9047,-1,18,Normal
2026-02-14 04:47:32.817994,Berlin-9047,11,3,Normal
2026-02-14 04:47:33.817994,Berlin-9047,-30,58,Normal
2026-02-14 04:47:34.817994,Berlin-9047,-12,99,Normal
2026-02-14 04:47:35.817994,Berlin-9047,8,13,Normal
2026-02-14 04:47:36.817994,Berlin-9047,-16,10,Normal
2026-02-14 04:47:37.817994,Berlin-9047,-24,30,Normal
2026-02-14 04:47:38.817994,Berlin-9047,6,78,Normal
2026-02-14 04:47:39.817994,Berlin-9047,27,5,Normal
2026-02-14 04:47:40.817994,Berlin-9047,34,37,Normal
2026-02-14 04:47:41.817994,Berlin-9047,7,0,Normal
2026-02-14 04:47:42.817994,Berlin-9047,48,50,Normal
2026-02-14 04:47:43.817994,Berlin-9047,31,17,Normal
2026-02-14 04:47:44.817994,Berlin-9047,50,31,Normal
2026-02-14 04:47:45.817994,Berlin-9047,40,97,Normal
2026-02-14 04:47:46.817994,Berlin-9047,-6,54,Normal
2026-02-14 04:47:47.817994,Berlin-9047,17,98,Normal
2026-02-14 04:47:48.817994,Berlin-9047,-8,95,Normal
2026-02-14 04:47:49.817994,Berlin-9047,28,91,Normal
2026-02-14 04:47:50.817994,Berlin-9047,29,71,Normal
2026-02-14 04:47:51.817994,Berlin-9047,21,9,Normal
2026-02-14 04:47:52.817994,Berlin-9047,-26,62,Normal
2026-02-14 04:47:53.817994,Berlin-9047,32,10,Normal
2026-02-14 04:47:54.817994,Berlin-9047,11,9,Normal
2026-02-14 04:47:55.817994,Berlin-9047,16,73,Normal
2026-02-14 04:47:56.817994,Berlin-9047,-18,33,Normal
2026-02-14 04:47:57.817994,Berlin-9047,48,26,Normal
2026-02-14 04:47:58.817994,Berlin-9047,17,16,Normal
2026-02-14 04:47:59.817994,Berlin-9047,-27,21,Normal
2026-02-14 04:48:00.817994,Berlin-9047,29,23,Normal
2026-02-14 04:48:01.817994,Berlin-9047,-3,39,Normal
2026-02-14 04:48:02.817994,Berlin-9047,-13,23,Normal
2026-02-14 04:48:03.817994,Berlin-9047,-20,32,Normal
2026-02-14 04:48:04.817994,Berlin-9047,12,50,Normal
2026-02-14 04:48:05.817994,Berlin-9047,10,98,Normal
2026-02-14 04:48:06.817994,Berlin-9047,-5,41,Normal
2026-02-14 04:48:07.817994,Berlin-9047,20,68,Normal
2026-02-14 04:48:08.817994,Berlin-9047,-7,36,Normal
2026-02-14 04:48:09.817994,Berlin-9047,30,78,Normal
2026-02-14 04:48:10.817994,Berlin-9047,10,65,Normal
2026-02-14 04:48:11.817994,Berlin-9047,32,90,Normal
2026-02-14 04:48:12.817994,Berlin-9047,34,47,Normal
2026-02-14 04:48:13.817994,Berlin-9047,39,30,Normal
2026-02-14 04:48:14.817994,Berlin-9047,15,94,Normal
2026-02-14 04:48:15.817994,Berlin-9047,-19,47,Normal
2026-02-14 04:48:16.817994,Berlin-9047,-5,76,Normal
2026-02-14 04:48:17.817994,Berlin-9047,25,19,Normal
2026-02-14 04:48:18.817994,Berlin-9047,-1,41,Normal
2026-02-14 04:48:19.817994,Berlin-9047,-20,2,Normal
2026-02-14 04:48:20.817994,Berlin-9047,44,98,Normal
2026-02-14 04:48:21.817994,Berlin-9047,0,65,Normal
2026-02-14 04:48:22.817994,Berlin-9047,-4,40,Normal
2026-02-14 04:48:23.817994,Berlin-9047,28,23,Normal
2026-02-14 04:48:24.817994,Berlin-9047,1,41,Normal
2026-02-14 04:48:25.817994,Berlin-9047,-28,74,Normal
2026-02-14 04:48:26.817994,Berlin-9047,7,6,Normal
2026-02-14 04:48:27.817994,Berlin-9047,6,23,Normal
2026-02-14 04:48:28.817994,Berlin-9047,12,94,Normal
2026-02-14 04:48:29.817994,Berlin-9047,-18,89,Normal
2026-02-14 04:48:30.817994,Berlin-9047,37,84,Normal
2026-02-14 04:48:31.817994,Berlin-9047,-3,70,Normal
2026-02-14 04:48:32.817994,Berlin-9047,43,37,Normal
2026-02-14 04:48:33.817994,Berlin-9047,-18,21,Normal
2026-02-14 04:48:34.817994,Berlin-9047,22,99,Normal
2026-02-14 04:48:35.817994,Berlin-9047,4,84,Normal
2026-02-14 04:48:36.817994,Berlin-9047,49,50,Normal
2026-02-14 04:48:37.817994,Berlin-9047,-7,100,Normal
2026-02-14 04:48:38.817994,Berlin-9047,43,26,Normal
2026-02-14 04:48:39.817994,Berlin-9047,-24,73,Normal
2026-02-14 04:48:40.817994,Berlin-9047,45,61,Normal
2026-02-14 04:48:41.817994,Berlin-9047,23,25,Normal
2026-02-14 04:48:42.817994,Berlin-9047,-26,71,Normal
2026-02-14 04:48:43.817994,Berlin-9047,48,6,Normal
2026-02-14 04:48:44.817994,Berlin-9047,17,1,Normal
2026-02-14 04:48:45.817994,Berlin-9047,14,28,Normal
2026-02-14 04:48:46.817994,Berlin-9047,34,88,Normal
2026-02-14 04:48:47.817994,Berlin-9047,-17,64,Normal
2026-02-14 04:48:48.817994,Berlin-9047,4,8,Normal
2026-02-14 04:48:49.817994,Berlin-9047,9,82,Normal
2026-02-14 04:48:50.817994,Berlin-9047,34,59,Normal
2026-02-14 04:48:51.817994,Berlin-9047,0,60,Normal
2026-02-14 04:48:52.817994,Berlin-9047,41,43,Normal
2026-02-14 04:48:53.817994,Berlin-9047,41,25,Normal
2026-02-14 04:48:54.817994,Berlin-9047,29,53,Normal
2026-02-14 04:48:55.817994,Berlin-9047,33,66,Normal
2026-02-14 04:48:56.817994,Berlin-9047,-23,44,Normal
2026-02-14 04:48:57.817994,Berlin-9047,-16,90,Normal
2026-02-14 04:48:58.817994,Berlin-9047,40,7,Normal
2026-02-14 04:48:59.817994,Berlin-9047,15,79,Normal
2026-02-14 04:49:00.817994,Berlin-9047,-9,35,Normal
2026-02-14 04:49:01.817994,Berlin-9047,0,16,Normal
2026-02-14 04:49:02.817994,Berlin-9047,21,18,Normal
2026-02-14 04:49:03.817994,Berlin-9047,4,33,Normal
2026-02-14 04:49:04.817994,Berlin-9047,34,1,Normal
2026-02-14 04:49:05.817994,Berlin-9047,-14,81,Normal
2026-02-14 04:49:06.817994,Berlin-9047,-17,93,Normal
2026-02-14 04:49:07.817994,Berlin-9047,-3,47,Normal
2026-02-14 04:49:08.817994,Berlin-9047,-29,19,Normal
2026-02-14 04:49:09.817994,Berlin-9047,-29,61,Normal
2026-02-14 04:49:10.817994,Berlin-9047,-11,13,Normal
2026-02-14 04:49:11.817994,Berlin-9047,35,84,Normal
2026-02-14 04:49:12.817994,Berlin-9047,-29,15,Normal
2026-02-14 04:49:13.817994,Berlin-9047,-19,4,Normal
2026-02-14 04:49:14.817994,Berlin-9047,23,28,Normal
2026-02-14 04:49:15.817994,Berlin-9047,-15,63,Normal
2026-02-14 04:49:16.817994,Berlin-9047,16,29,Normal
2026-02-14 04:49:17.817994,Berlin-9047,9,28,Normal
2026-02-14 04:49:18.817994,Berlin-9047,11,59,Normal
2026-02-14 04:49:19.817994,Berlin-9047,24,53,Normal
2026-02-14 04:49:20.817994,Berlin-9047,7,71,Normal
2026-02-14 04:49:21.817994,Berlin-9047,41,78,Normal
2026-02-14 04:49:22.817994,Berlin-9047,14,46,Normal
2026-02-14 04:49:23.817994,Berlin-9047,27,2,Normal
2026-02-14 04:49:24.817994,Berlin-9047,-25,58,Normal
2026-02-14 04:49:25.817994,Berlin-9047,-25,85,Normal
2026-02-14 04:49:26.817994,Berlin-9047,37,28,Normal
2026-02-14 04:49:27.817994,Berlin-9047,16,93,Normal
2026-02-14 04:49:28.817994,Berlin-9047,20,72,Normal
2026-02-14 04:49:29.817994,Berlin-9047,12,60,Normal
2026-02-14 04:49:30.817994,Berlin-9047,-18,20,Normal
2026-02-14 04:49:31.817994,Berlin-9047,18,94,Normal
2026-02-14 04:49:32.817994,Berlin-9047,4,79,Normal
2026-02-14 04:49:33.817994,Berlin-9047,-10,2,Normal
2026-02-14 04:49:34.817994,Berlin-9047,6,88,Normal
2026-02-14 04:49:35.817994,Berlin-9047,-28,9,Normal
2026-02-14 04:49:36.817994,Berlin-9047,35,6,Normal
2026-02-14 04:49:37.817994,Berlin-9047,46,65,Normal
2026-02-14 04:49:38.817994,Berlin-9047,-29,20,Normal
2026-02-14 04:49:39.817994,Berlin-9047,-22,5,Normal
2026-02-14 04:49:40.817994,Berlin-9047,49,12,Normal
2026-02-14 04:49:41.817994,Berlin-9047,2,93,Normal
2026-02-14 04:49:42.817994,Berlin-9047,-22,47,Normal
2026-02-14 04:49:43.817994,Berlin-9047,43,92,Normal
2026-02-14 04:49:44.817994,Berlin-9047,35,33,Normal
2026-02-14 04:49:45.817994,Berlin-9047,-19,99,Normal
2026-02-14 04:49:46.817994,Berlin-9047,-6,43,Normal
2026-02-14 04:49:47.817994,Berlin-9047,-1,79,Normal
2026-02-14 04:49:48.817994,Berlin-9047,-19,38,Normal
2026-02-14 04:49:49.817994,Berlin-9047,49,19,Normal
2026-02-14 04:49:50.817994,Berlin-9047,-25,33,Normal
2026-02-14 04:49:51.817994,Berlin-9047,17,84,Normal
2026-02-14 04:49:52.817994,Berlin-9047,-1,33,Normal
2026-02-14 04:49:53.817994,Berlin-9047,0,21,Normal
2026-02-14 04:49:54.817994,Berlin-9047,11,56,Normal
2026-02-14 04:49:55.817994,Berlin-9047,-6,93,Normal
2026-02-14 04:49:56.817994,Berlin-9047,37,19,Normal
2026-02-14 04:49:57.817994,Berlin-9047,-21,23,Normal
2026-02-14 04:49:58.817994,Berlin-9047,18,61,Normal
2026-02-14 04:49:59.817994,Berlin-9047,38,74,Normal
2026-02-14 04:50:00.817994,Berlin-9047,7,67,Normal
2026-02-14 04:50:01.817994,Berlin-9047,49,44,Normal
2026-02-14 04:50:02.817994,Berlin-9047,-20,3,Normal
2026-02-14 04:50:03.817994,Berlin-9047,-16,0,Normal
2026-02-14 04:50:04.817994,Berlin-9047,9,41,Normal
2026-02-14 04:50:05.817994,Berlin-9047,-3,71,Normal
2026-02-14 04:50:06.817994,Berlin-9047,-15,92,Normal
2026-02-14 04:50:07.817994,Berlin-9047,-21,77,Normal
2026-02-14 04:50:08.817994,Berlin-9047,9,40,Normal
2026-02-14 04:50:09.817994,Berlin-9047,8,47,Normal
2026-02-14 04:50:10.817994,Berlin-9047,43,17,Normal
2026-02-14 04:50:11.817994,Berlin-9047,5,57,Normal
2026-02-14 04:50:12.817994,Berlin-9047,23,46,Normal
2026-02-14 04:50:13.817994,Berlin-9047,45,60,Normal
2026-02-14 04:50:14.817994,Berlin-9047,-13,100,Normal
2026-02-14 04:50:15.817994,Berlin-9047,5,8,Normal
2026-02-14 04:50:16.817994,Berlin-9047,24,95,Normal
2026-02-14 04:50:17.817994,Berlin-9047,39,48,Normal
2026-02-14 04:50:18.817994,Berlin-9047,1,22,Normal
2026-02-14 04:50:19.817994,Berlin-9047,-8,42,Normal
2026-02-14 04:50:20.817994,Berlin-9047,18,58,Normal
2026-02-14 04:50:21.817994,Berlin-9047,18,7,Normal
2026-02-14 04:50:22.817994,Berlin-9047,-30,30,Normal
2026-02-14 04:50:23.817994,Berlin-9047,2,64,Normal
2026-02-14 04:50:24.817994,Berlin-9047,50,45,Normal
2026-02-14 04:50:25.817994,Berlin-9047,-25,22,Normal
2026-02-14 04:50:26.817994,Berlin-9047,-17,79,Normal
2026-02-14 04:50:27.817994,Berlin-9047,5,91,Normal
2026-02-14 04:50:28.817994,Berlin-9047,-22,27,Normal
2026-02-14 04:50:29.817994,Berlin-9047,40,63,Normal
2026-02-14 04:50:30.817994,Berlin-9047,-4,96,Normal
2026-02-14 04:50:31.817994,Berlin-9047,-19,96,Normal
2026-02-14 04:50:32.817994,Berlin-9047,-23,60,Normal
2026-02-14 04:50:33.817994,Berlin-9047,-22,9,Normal
2026-02-14 04:50:34.817994,Berlin-9047,22,27,Normal
2026-02-14 04:50:35.817994,Berlin-9047,45,60,Normal
2026-02-14 04:50:36.817994,Berlin-9047,46,54,Normal
2026-02-14 04:50:37.817994,Berlin-9047,-9,22,Normal
2026-02-14 04:50:38.817994,Berlin-9047,-26,46,Normal
2026-02-14 04:50:39.817994,Berlin-9047,22,12,Normal
2026-02-14 04:50:40.817994,Berlin-9047,47,71,Normal
2026-02-14 04:50:41.817994,Berlin-9047,-16,93,Normal
2026-02-14 04:50:42.817994,Berlin-9047,9,25,Normal
2026-02-14 04:50:43.817994,Berlin-9047,-15,52,Normal
2026-02-14 04:50:44.817994,Berlin-9047,-9,36,Normal
2026-02-14 04:50:45.817994,Berlin-9047,-11,20,Normal
2026-02-14 04:50:46.817994,Berlin-9047,-14,25,Normal
2026-02-14 04:50:47.817994,Berlin-9047,-24,74,Normal
2026-02-14 04:50:48.817994,Berlin-9047,-16,7,Normal
2026-02-14 04:50:49.817994,Berlin-9047,-12,30,Normal
2026-02-14 04:50:50.817994,Berlin-9047,37,22,Normal
2026-02-14 04:50:51.817994,Berlin-9047,2,72,Normal
2026-02-14 04:50:52.817994,Berlin-9047,22,57,Normal
2026-02-14 04:50:53.817994,Berlin-9047,33,36,Normal
2026-02-14 04:50:54.817994,Berlin-9047,9,98,Normal
2026-02-14 04:50:55.817994,Berlin-9047,41,84,Normal
2026-02-14 04:50:56.817994,Berlin-9047,-6,100,Normal
2026-02-14 04:50:57.817994,Berlin-9047,-2,76,Normal
2026-02-14 04:50:58.817994,Berlin-9047,7,100,Normal
2026-02-14 04:50:59.817994,Berlin-9047,2,0,Normal
2026-02-14 04:51:00.817994,Berlin-9047,30,95,Normal
2026-02-14 04:51:01.817994,Berlin-9047,4,10,Normal
2026-02-14 04:51:02.817994,Berlin-9047,46,93,Normal
2026-02-14 04:51:03.817994,Berlin-9047,45,10,Normal
2026-02-14 04:51:04.817994,Berlin-9047,-26,32,Normal
2026-02-14 04:51:05.817994,Berlin-9047,42,6,Normal
2026-02-14 04:51:06.817994,Berlin-9047,-9,67,Normal
2026-02-14 04:51:07.817994,Berlin-9047,-15,65,Normal
2026-02-14 04:51:08.817994,Berlin-9047,-15,58,Normal
2026-02-14 04:51:09.817994,Berlin-9047,16,26,Normal
2026-02-14 04:51:10.817994,Berlin-9047,-11,12,Normal
2026-02-14 04:51:11.817994,Berlin-9047,-29,78,Normal
2026-02-14 04:51:12.817994,Berlin-9047,36,98,Normal
2026-02-14 04:51:13.817994,Berlin-9047,14,73,Normal
2026-02-14 04:51:14.817994,Berlin-9047,44,69,Normal
2026-02-14 04:51:15.817994,Berlin-9047,3,31,Normal
2026-02-14 04:51:16.817994,Berlin-9047,31,82,Normal
2026-02-14 04:51:17.817994,Berlin-9047,-9,29,Normal
2026-02-14 04:51:18.817994,Berlin-9047,-22,0,Normal
2026-02-14 04:51:19.817994,Berlin-9047,-13,88,Normal
2026-02-14 04:51:20.817994,Berlin-9047,-15,54,Normal
2026-02-14 04:51:21.817994,Berlin-9047,29,36,Normal
2026-02-14 04:51:22.817994,Berlin-9047,27,42,Normal
2026-02-14 04:51:23.817994,Berlin-9047,4,76,Normal
2026-02-14 04:51:24.817994,Berlin-9047,16,83,Normal
2026-02-14 04:51:25.817994,Berlin-9047,15,94,Normal
2026-02-14 04:51:26.817994,Berlin-9047,19,63,Normal
2026-02-14 04:51:27.817994,Berlin-9047,-6,5,Normal
2026-02-14 04:51:28.817994,Berlin-9047,-22,15,Normal
2026-02-14 04:51:29.817994,Berlin-9047,-5,85,Normal
2026-02-14 04:51:30.817994,Berlin-9047,-13,22,Normal
2026-02-14 04:51:31.817994,Berlin-9047,-11,17,Normal
2026-02-14 04:51:32.817994,Berlin-9047,23,8,Normal
2026-02-14 04:51:33.817994,Berlin-9047,-21,32,Normal
2026-02-14 04:51:34.817994,Berlin-9047,-8,39,Normal
2026-02-14 04:51:35.817994,Berlin-9047,-17,26,Normal
2026-02-14 04:51:36.817994,Berlin-9047,46,99,Normal
2026-02-14 04:51:37.817994,Berlin-9047,22,72,Normal
2026-02-14 04:51:38.817994,Berlin-9047,20,5,Normal
2026-02-14 04:51:39.817994,Berlin-9047,-1,65,Normal
2026-02-14 04:51:40.817994,Berlin-9047,40,50,Normal
2026-02-14 04:51:41.817994,Berlin-9047,15,6,Normal
2026-02-14 04:51:42.817994,Berlin-9047,32,36,Normal
2026-02-14 04:51:43.817994,Berlin-9047,-20,66,Normal
2026-02-14 04:51:44.817994,Berlin-9047,-15,44,Normal
2026-02-14 04:51:45.817994,Berlin-9047,-29,97,Normal
2026-02-14 04:51:46.817994,Berlin-9047,20,8,Normal
2026-02-14 04:51:47.817994,Berlin-9047,-28,34,Normal
2026-02-14 04:51:48.817994,Berlin-9047,-28,51,Normal
2026-02-14 04:51:49.817994,Berlin-9047,21,1,Normal
2026-02-14 04:51:50.817994,Berlin-9047,44,82,Normal
2026-02-14 04:51:51.817994,Berlin-9047,16,49,Normal
2026-02-14 04:51:52.817994,Berlin-9047,29,92,Normal
2026-02-14 04:51:53.817994,Berlin-9047,-10,62,Normal
2026-02-14 04:51:54.817994,Berlin-9047,9,37,Normal
2026-02-14 04:51:55.817994,Berlin-9047,-17,87,Normal
2026-02-14 04:51:56.817994,Berlin-9047,21,56,Normal
2026-02-14 04:51:57.817994,Berlin-9047,23,18,Normal
2026-02-14 04:51:58.817994,Berlin-9047,5,75,Normal
2026-02-14 04:51:59.817994,Berlin-9047,46,54,Normal
2026-02-14 04:52:00.817994,Berlin-9047,-26,42,Normal
2026-02-14 04:52:01.817994,Berlin-9047,34,80,Normal
2026-02-14 04:52:02.817994,Berlin-9047,-24,58,Normal
2026-02-14 04:52:03.817994,Berlin-9047,25,21,Normal
2026-02-14 04:52:04.817994,Berlin-9047,-22,85,Normal
2026-02-14 04:52:05.817994,Berlin-9047,42,43,Normal
2026-02-14 04:52:06.817994,Berlin-9047,6,82,Normal
2026-02-14 04:52:07.817994,Berlin-9047,-9,1,Normal
2026-02-14 04:52:08.817994,Berlin-9047,-18,11,Normal
2026-02-14 04:52:09.817994,Berlin-9047,12,98,Normal
2026-02-14 04:52:10.817994,Berlin-9047,-29,88,Normal
2026-02-14 04:52:11.817994,Berlin-9047,-21,18,Normal
2026-02-14 04:52:12.817994,Berlin-9047,-22,49,Normal
2026-02-14 04:52:13.817994,Berlin-9047,-26,99,Normal
2026-02-14 04:52:14.817994,Berlin-9047,1,33,Normal
2026-02-14 04:52:15.817994,Berlin-9047,5,69,Normal
2026-02-14 04:52:16.817994,Berlin-9047,8,96,Normal
2026-02-14 04:52:17.817994,Berlin-9047,39,14,Normal
2026-02-14 04:52:18.817994,Berlin-9047,-10,80,Normal
2026-02-14 04:52:19.817994,Berlin-9047,17,61,Normal
2026-02-14 04:52:20.817994,Berlin-9047,43,28,Normal
2026-02-14 04:52:21.817994,Berlin-9047,2,94,Normal
2026-02-14 04:52:22.817994,Berlin-9047,44,32,Normal
2026-02-14 04:52:23.817994,Berlin-9047,-6,5,Normal
2026-02-14 04:52:24.817994,Berlin-9047,35,71,Normal
2026-02-14 04:52:25.817994,Berlin-9047,-13,58,Normal
2026-02-14 04:52:26.817994,Berlin-9047,-21,50,Normal
2026-02-14 04:52:27.817994,Berlin-9047,-15,73,Normal
2026-02-14 04:52:28.817994,Berlin-9047,6,94,Normal
2026-02-14 04:52:29.817994,Berlin-9047,43,10,Normal
2026-02-14 04:52:30.817994,Berlin-9047,19,56,Normal
2026-02-14 04:52:31.817994,Berlin-9047,-29,98,Normal
2026-02-14 04:52:32.817994,Berlin-9047,-11,22,Normal
2026-02-14 04:52:33.817994,Berlin-9047,49,100,Normal
2026-02-14 04:52:34.817994,Berlin-9047,-1,33,Normal
2026-02-14 04:52:35.817994,Berlin-9047,43,28,Normal
2026-02-14 04:52:36.817994,Berlin-9047,-27,34,Normal
2026-02-14 04:52:37.817994,Berlin-9047,-15,58,Normal
2026-02-14 04:52:38.817994,Berlin-9047,45,59,Normal
2026-02-14 04:52:39.817994,Berlin-9047,43,58,Normal
2026-02-14 04:52:40.817994,Berlin-9047,-15,87,Normal
2026-02-14 04:52:41.817994,Berlin-9047,33,56,Normal
2026-02-14 04:52:42.817994,Berlin-9047,-23,66,Normal
2026-02-14 04:52:43.817994,Berlin-9047,20,40,Normal
2026-02-14 04:52:44.817994,Berlin-9047,48,52,Normal
2026-02-14 04:52:45.817994,Berlin-9047,4,16,Normal
2026-02-14 04:52:46.817994,Berlin-9047,-27,48,Normal
2026-02-14 04:52:47.817994,Berlin-9047,-19,88,Normal
2026-02-14 04:52:48.817994,Berlin-9047,-30,69,Normal
2026-02-14 04:52:49.817994,Berlin-9047,17,25,Normal
2026-02-14 04:52:50.817994,Berlin-9047,37,37,Normal
2026-02-14 04:52:51.817994,Berlin-9047,32,93,Normal
2026-02-14 04:52:52.817994,Berlin-9047,-27,43,Normal
2026-02-14 04:52:53.817994,Berlin-9047,-30,36,Normal
2026-02-14 04:52:54.817994,Berlin-9047,44,86,Normal
2026-02-14 04:52:55.817994,Berlin-9047,45,67,Normal
2026-02-14 04:52:56.817994,Berlin-9047,30,5,Normal
2026-02-14 04:52:57.817994,Berlin-9047,-10,41,Normal
2026-02-14 04:52:58.817994,Berlin-9047,5,37,Normal
2026-02-14 04:52:59.817994,Berlin-9047,-16,27,Normal
2026-02-14 04:53:00.817994,Berlin-9047,15,54,Normal
2026-02-14 04:53:01.817994,Berlin-9047,1,15,Normal
2026-02-14 04:53:02.817994,Berlin-9047,-9,80,Normal
2026-02-14 04:53:03.817994,Berlin-9047,-21,74,Normal
2026-02-14 04:53:04.817994,Berlin-9047,18,19,Normal
2026-02-14 04:53:05.817994,Berlin-9047,-11,76,Normal
2026-02-14 04:53:06.817994,Berlin-9047,-29,53,Normal
2026-02-14 04:53:07.817994,Berlin-9047,30,85,Normal
2026-02-14 04:53:08.817994,Berlin-9047,20,40,Normal
2026-02-14 04:53:09.817994,Berlin-9047,30,61,Normal
2026-02-14 04:53:10.817994,Berlin-9047,47,30,Normal
2026-02-14 04:53:11.817994,Berlin-9047,42,18,Normal
2026-02-14 04:53:12.817994,Berlin-9047,4,33,Normal
2026-02-14 04:53:13.817994,Berlin-9047,44,72,Normal
2026-02-14 04:53:14.817994,Berlin-9047,18,100,Normal
2026-02-14 04:53:15.817994,Berlin-9047,-4,58,Normal
2026-02-14 04:53:16.817994,Berlin-9047,-20,11,Normal
2026-02-14 04:53:17.817994,Berlin-9047,-6,36,Normal
2026-02-14 04:53:18.817994,Berlin-9047,-19,31,Normal
2026-02-14 04:53:19.817994,Berlin-9047,30,8,Normal
2026-02-14 04:53:20.817994,Berlin-9047,12,25,Normal
2026-02-14 04:53:21.817994,Berlin-9047,-9,3,Normal
2026-02-14 04:53:22.817994,Berlin-9047,38,2,Normal
2026-02-14 04:53:23.817994,Berlin-9047,-22,72,Normal
2026-02-14 04:53:24.817994,Berlin-9047,47,43,Normal
2026-02-14 04:53:25.817994,Berlin-9047,17,90,Normal
2026-02-14 04:53:26.817994,Berlin-9047,-6,64,Normal
2026-02-14 04:53:27.817994,Berlin-9047,-10,80,Normal
2026-02-14 04:53:28.817994,Berlin-9047,21,66,Normal
2026-02-14 04:53:29.817994,Berlin-9047,11,69,Normal
2026-02-14 04:53:30.817994,Berlin-9047,47,33,Normal
2026-02-14 04:53:31.817994,Berlin-9047,-19,5,Normal
2026-02-14 04:53:32.817994,Berlin-9047,5,29,Normal
2026-02-14 04:53:33.817994,Berlin-9047,20,2,Normal
2026-02-14 04:53:34.817994,Berlin-9047,27,79,Normal
2026-02-14 04:53:35.817994,Berlin-9047,22,56,Normal
2026-02-14 04:53:36.817994,Berlin-9047,-27,97,Normal
2026-02-14 04:53:37.817994,Berlin-9047,-29,71,Normal
2026-02-14 04:53:38.817994,Berlin-9047,-30,98,Normal
2026-02-14 04:53:39.817994,Berlin-9047,3,33,Normal
2026-02-14 04:53:40.817994,Berlin-9047,35,88,Normal
2026-02-14 04:53:41.817994,Berlin-9047,23,63,Normal
2026-02-14 04:53:42.817994,Berlin-9047,-3,43,Normal
2026-02-14 04:53:43.817994,Berlin-9047,40,61,Normal
2026-02-14 04:53:44.817994,Berlin-9047,40,90,Normal
2026-02-14 04:53:45.817994,Berlin-9047,-2,75,Normal
2026-02-14 04:53:46.817994,Berlin-9047,42,16,Normal
2026-02-14 04:53:47.817994,Berlin-9047,49,72,Normal
2026-02-14 04:53:48.817994,Berlin-9047,2,91,Normal
2026-02-14 04:53:49.817994,Berlin-9047,44,69,Normal
2026-02-14 04:53:50.817994,Berlin-9047,0,75,Normal
2026-02-14 04:53:51.817994,Berlin-9047,-17,23,Normal
2026-02-14 04:53:52.817994,Berlin-9047,26,30,Normal
2026-02-14 04:53:53.817994,Berlin-9047,-20,58,Normal
2026-02-14 04:53:54.817994,Berlin-9047,33,91,Normal
2026-02-14 04:53:55.817994,Berlin-9047,-8,10,Normal
2026-02-14 04:53:56.817994,Berlin-9047,16,73,Normal
2026-02-14 04:53:57.817994,Berlin-9047,9,12,Normal
2026-02-14 04:53:58.817994,Berlin-9047,-22,68,Normal
2026-02-14 04:53:59.817994,Berlin-9047,18,79,Normal
2026-02-14 04:54:00.817994,Berlin-9047,6,52,Normal
2026-02-14 04:54:01.817994,Berlin-9047,20,88,Normal
2026-02-14 04:54:02.817994,Berlin-9047,-21,44,Normal
2026-02-14 04:54:03.817994,Berlin-9047,11,41,Normal
2026-02-14 04:54:04.817994,Berlin-9047,34,76,Normal
2026-02-14 04:54:05.817994,Berlin-9047,-24,8,Normal
2026-02-14 04:54:06.817994,Berlin-9047,43,62,Normal
2026-02-14 04:54:07.817994,Berlin-9047,11,39,Normal
2026-02-14 04:54:08.817994,Berlin-9047,38,53,Normal
2026-02-14 04:54:09.817994,Berlin-9047,46,25,Normal
2026-02-14 04:54:10.817994,Berlin-9047,-20,46,Normal
2026-02-14 04:54:11.817994,Berlin-9047,-11,14,Normal
2026-02-14 04:54:12.817994,Berlin-9047,6,26,Normal
2026-02-14 04:54:13.817994,Berlin-9047,-27,41,Normal
2026-02-14 04:54:14.817994,Berlin-9047,37,89,Normal
2026-02-14 04:54:15.817994,Berlin-9047,5,75,Normal
2026-02-14 04:54:16.817994,Berlin-9047,-28,98,Normal
2026-02-14 04:54:17.817994,Berlin-9047,49,82,Normal
2026-02-14 04:54:18.817994,Berlin-9047,46,52,Normal
2026-02-14 04:54:19.817994,Berlin-9047,48,59,Normal
2026-02-14 04:54:20.817994,Berlin-9047,22,94,Normal
2026-02-14 04:54:21.817994,Berlin-9047,34,10,Normal
2026-02-14 04:54:22.817994,Berlin-9047,34,43,Normal
2026-02-14 04:54:23.817994,Berlin-9047,-18,14,Normal
2026-02-14 04:54:24.817994,Berlin-9047,24,28,Normal
2026-02-14 04:54:25.817994,Berlin-9047,-17,36,Normal
2026-02-14 04:54:26.817994,Berlin-9047,25,87,Normal
2026-02-14 04:54:27.817994,Berlin-9047,33,82,Normal
2026-02-14 04:54:28.817994,Berlin-9047,-5,60,Normal
2026-02-14 04:54:29.817994,Berlin-9047,30,77,Normal
2026-02-14 04:54:30.817994,Berlin-9047,15,82,Normal
2026-02-14 04:54:31.817994,Berlin-9047,34,85,Normal
2026-02-14 04:54:32.817994,Berlin-9047,37,47,Normal
2026-02-14 04:54:33.817994,Berlin-9047,32,35,Normal
2026-02-14 04:54:34.817994,Berlin-9047,39,10,Normal
2026-02-14 04:54:35.817994,Berlin-9047,-23,46,Normal
2026-02-14 04:54:36.817994,Berlin-9047,40,6,Normal
2026-02-14 04:54:37.817994,Berlin-9047,49,12,Normal
2026-02-14 04:54:38.817994,Berlin-9047,-12,66,Normal
2026-02-14 04:54:39.817994,Berlin-9047,-13,37,Normal
2026-02-14 04:54:40.817994,Berlin-9047,36,36,Normal
2026-02-14 04:54:41.817994,Berlin-9047,-14,18,Normal
2026-02-14 04:54:42.817994,Berlin-9047,0,4,Normal
2026-02-14 04:54:43.817994,Berlin-9047,2,97,Normal
2026-02-14 04:54:44.817994,Berlin-9047,38,44,Normal
2026-02-14 04:54:45.817994,Berlin-9047,45,65,Normal
2026-02-14 04:54:46.817994,Berlin-9047,2,55,Normal
2026-02-14 04:54:47.817994,Berlin-9047,-16,46,Normal
2026-02-14 04:54:48.817994,Berlin-9047,-11,98,Normal
2026-02-14 04:54:49.817994,Berlin-9047,12,89,Normal
2026-02-14 04:54:50.817994,Berlin-9047,33,64,Normal
2026-02-14 04:54:51.817994,Berlin-9047,-7,49,Normal
2026-02-14 04:54:52.817994,Berlin-9047,-29,32,Normal
2026-02-14 04:54:53.817994,Berlin-9047,18,26,Normal
2026-02-14 04:54:54.817994,Berlin-9047,0,45,Normal
2026-02-14 04:54:55.817994,Berlin-9047,47,39,Normal
2026-02-14 04:54:56.817994,Berlin-9047,8,33,Normal
2026-02-14 04:54:57.817994,Berlin-9047,38,13,Normal
2026-02-14 04:54:58.817994,Berlin-9047,0,23,Normal
2026-02-14 04:54:59.817994,Berlin-9047,-30,16,Normal
2026-02-14 04:55:00.817994,Berlin-9047,34,55,Normal
2026-02-14 04:55:01.817994,Berlin-9047,8,88,Normal
2026-02-14 04:55:02.817994,Berlin-9047,42,70,Normal
2026-02-14 04:55:03.817994,Berlin-9047,1,62,Normal
2026-02-14 04:55:04.817994,Berlin-9047,29,28,Normal
2026-02-14 04:55:05.817994,Berlin-9047,44,100,Normal
2026-02-14 04:55:06.817994,Berlin-9047,19,43,Normal
2026-02-14 04:55:07.817994,Berlin-9047,-30,20,Normal
2026-02-14 04:55:08.817994,Berlin-9047,17,10,Normal
2026-02-14 04:55:09.817994,Berlin-9047,-15,63,Normal
2026-02-14 04:55:10.817994,Berlin-9047,32,94,Normal
2026-02-14 04:55:11.817994,Berlin-9047,42,22,Normal
2026-02-14 04:55:12.817994,Berlin-9047,-8,89,Normal
2026-02-14 04:55:13.817994,Berlin-9047,33,38,Normal
2026-02-14 04:55:14.817994,Berlin-9047,-14,70,Normal
2026-02-14 04:55:15.817994,Berlin-9047,20,2,Normal
2026-02-14 04:55:16.817994,Berlin-9047,29,9,Normal
2026-02-14 04:55:17.817994,Berlin-9047,-4,59,Normal
2026-02-14 04:55:18.817994,Berlin-9047,-2,20,Normal
2026-02-14 04:55:19.817994,Berlin-9047,48,96,Normal
2026-02-14 04:55:20.817994,Berlin-9047,-19,18,Normal
2026-02-14 04:55:21.817994,Berlin-9047,36,66,Normal
2026-02-14 04:55:22.817994,Berlin-9047,-11,42,Normal
2026-02-14 04:55:23.817994,Berlin-9047,-23,75,Normal
2026-02-14 04:55:24.817994,Berlin-9047,48,59,Normal
2026-02-14 04:55:25.817994,Berlin-9047,33,28,Normal
2026-02-14 04:55:26.817994,Berlin-9047,4,62,Normal
2026-02-14 04:55:27.817994,Berlin-9047,-8,50,Normal
2026-02-14 04:55:28.817994,Berlin-9047,2,89,Normal
2026-02-14 04:55:29.817994,Berlin-9047,37,32,Normal
2026-02-14 04:55:30.817994,Berlin-9047,35,76,Normal
2026-02-14 04:55:31.817994,Berlin-9047,18,55,Normal
2026-02-14 04:55:32.817994,Berlin-9047,15,63,Normal
2026-02-14 04:55:33.817994,Berlin-9047,-22,76,Normal
2026-02-14 04:55:34.817994,Berlin-9047,-8,73,Normal
2026-02-14 04:55:35.817994,Berlin-9047,-21,90,Normal
2026-02-14 04:55:36.817994,Berlin-9047,48,96,Normal
2026-02-14 04:55:37.817994,Berlin-9047,43,20,Normal
2026-02-14 04:55:38.817994,Berlin-9047,6,2,Normal
2026-02-14 04:55:39.817994,Berlin-9047,-13,42,Normal
2026-02-14 04:55:40.817994,Berlin-9047,19,61,Normal
2026-02-14 04:55:41.817994,Berlin-9047,39,13,Normal
2026-02-14 04:55:42.817994,Berlin-9047,18,37,Normal
2026-02-14 04:55:43.817994,Berlin-9047,2,3,Normal
2026-02-14 04:55:44.817994,Berlin-9047,34,38,Normal
2026-02-14 04:55:45.817994,Berlin-9047,1,45,Normal
2026-02-14 04:55:46.817994,Berlin-9047,22,58,Normal
2026-02-14 04:55:47.817994,Berlin-9047,-6,27,Normal
2026-02-14 04:55:48.817994,Berlin-9047,-24,82,Normal
2026-02-14 04:55:49.817994,Berlin-9047,-8,7,Normal
2026-02-14 04:55:50.817994,Berlin-9047,19,93,Normal
2026-02-14 04:55:51.817994,Berlin-9047,26,58,Normal
2026-02-14 04:55:52.817994,Berlin-9047,-5,44,Normal
2026-02-14 04:55:53.817994,Berlin-9047,-17,81,Normal
2026-02-14 04:55:54.817994,Berlin-9047,15,7,Normal
2026-02-14 04:55:55.817994,Berlin-9047,-21,16,Normal
2026-02-14 04:55:56.817994,Berlin-9047,-25,16,Normal
2026-02-14 04:55:57.817994,Berlin-9047,-8,59,Normal
2026-02-14 04:55:58.817994,Berlin-9047,38,63,Normal
2026-02-14 04:55:59.817994,Berlin-9047,21,78,Normal
2026-02-14 04:56:00.817994,Berlin-9047,-5,6,Normal
2026-02-14 04:56:01.817994,Berlin-9047,31,47,Normal
2026-02-14 04:56:02.817994,Berlin-9047,33,86,Normal
2026-02-14 04:56:03.817994,Berlin-9047,-25,86,Normal
2026-02-14 04:56:04.817994,Berlin-9047,11,73,Normal
2026-02-14 04:56:05.817994,Berlin-9047,31,43,Normal
2026-02-14 04:56:06.817994,Berlin-9047,-18,83,Normal
2026-02-14 04:56:07.817994,Berlin-9047,40,12,Normal
2026-02-14 04:56:08.817994,Berlin-9047,-28,65,Normal
2026-02-14 04:56:09.817994,Berlin-9047,47,16,Normal
2026-02-14 04:56:10.817994,Berlin-9047,-12,42,Normal
2026-02-14 04:56:11.817994,Berlin-9047,-11,68,Normal
2026-02-14 04:56:12.817994,Berlin-9047,21,6,Normal
2026-02-14 04:56:13.817994,Berlin-9047,16,14,Normal
2026-02-14 04:56:14.817994,Berlin-9047,-16,91,Normal
2026-02-14 04:56:15.817994,Berlin-9047,-25,22,Normal
2026-02-14 04:56:16.817994,Berlin-9047,8,100,Normal
2026-02-14 04:56:17.817994,Berlin-9047,25,67,Normal
2026-02-14 04:56:18.817994,Berlin-9047,13,60,Normal
2026-02-14 04:56:19.817994,Berlin-9047,-21,22,Normal
2026-02-14 04:56:20.817994,Berlin-9047,20,28,Normal
2026-02-14 04:56:21.817994,Berlin-9047,16,96,Normal
2026-02-14 04:56:22.817994,Berlin-9047,28,39,Normal
2026-02-14 04:56:23.817994,Berlin-9047,46,40,Normal
2026-02-14 04:56:24.817994,Berlin-9047,-24,61,Normal
2026-02-14 04:56:25.817994,Berlin-9047,38,8,Normal
2026-02-14 04:56:26.817994,Berlin-9047,31,88,Normal
2026-02-14 04:56:27.817994,Berlin-9047,8,19,Normal
2026-02-14 04:56:28.817994,Berlin-9047,43,69,Normal
2026-02-14 04:56:29.817994,Berlin-9047,-7,10,Normal
2026-02-14 04:56:30.817994,Berlin-9047,-1,34,Normal
2026-02-14 04:56:31.817994,Berlin-9047,0,31,Normal
2026-02-14 04:56:32.817994,Berlin-9047,47,22,Normal
2026-02-14 04:56:33.817994,Berlin-9047,-27,96,Normal
2026-02-14 04:56:34.817994,Berlin-9047,0,16,Normal
2026-02-14 04:56:35.817994,Berlin-9047,4,96,Normal
2026-02-14 04:56:36.817994,Berlin-9047,15,95,Normal
2026-02-14 04:56:37.817994,Berlin-9047,-18,71,Normal
2026-02-14 04:56:38.817994,Berlin-9047,-9,25,Normal
2026-02-14 04:56:39.817994,Berlin-9047,28,55,Normal
2026-02-14 04:56:40.817994,Berlin-9047,27,36,Normal
2026-02-14 04:56:41.817994,Berlin-9047,39,12,Normal
2026-02-14 04:56:42.817994,Berlin-9047,8,94,Normal
2026-02-14 04:56:43.817994,Berlin-9047,30,22,Normal
2026-02-14 04:56:44.817994,Berlin-9047,-15,57,Normal
2026-02-14 04:56:45.817994,Berlin-9047,6,90,Normal
2026-02-14 04:56:46.817994,Berlin-9047,16,13,Normal
2026-02-14 04:56:47.817994,Berlin-9047,-15,55,Normal
2026-02-14 04:56:48.817994,Berlin-9047,-16,69,Normal
2026-02-14 04:56:49.817994,Berlin-9047,17,42,Normal
2026-02-14 04:56:50.817994,Berlin-9047,-15,20,Normal
2026-02-14 04:56:51.817994,Berlin-9047,28,58,Normal
2026-02-14 04:56:52.817994,Berlin-9047,11,85,Normal
2026-02-14 04:56:53.817994,Berlin-9047,32,61,Normal
2026-02-14 04:56:54.817994,Berlin-9047,45,63,Normal
2026-02-14 04:56:55.817994,Berlin-9047,10,14,Normal
2026-02-14 04:56:56.817994,Berlin-9047,6,92,Normal
2026-02-14 04:56:57.817994,Berlin-9047,-16,67,Normal
2026-02-14 04:56:58.817994,Berlin-9047,15,24,Normal
2026-02-14 04:56:59.817994,Berlin-9047,48,78,Normal
2026-02-14 04:57:00.817994,Berlin-9047,-22,34,Normal
2026-02-14 04:57:01.817994,Berlin-9047,-26,89,Normal
2026-02-14 04:57:02.817994,Berlin-9047,30,26,Normal
2026-02-14 04:57:03.817994,Berlin-9047,-16,10,Normal
2026-02-14 04:57:04.817994,Berlin-9047,17,45,Normal
2026-02-14 04:57:05.817994,Berlin-9047,37,47,Normal
2026-02-14 04:57:06.817994,Berlin-9047,27,23,Normal
2026-02-14 04:57:07.817994,Berlin-9047,3,64,Normal
2026-02-14 04:57:08.817994,Berlin-9047,19,25,Normal
2026-02-14 04:57:09.817994,Berlin-9047,22,52,Normal
2026-02-14 04:57:10.817994,Berlin-9047,1,66,Normal
2026-02-14 04:57:11.817994,Berlin-9047,-19,23,Normal
2026-02-14 04:57:12.817994,Berlin-9047,47,59,Normal
2026-02-14 04:57:13.817994,Berlin-9047,-27,3,Normal
2026-02-14 04:57:14.817994,Berlin-9047,-1,76,Normal
2026-02-14 04:57:15.817994,Berlin-9047,2,3,Normal
2026-02-14 04:57:16.817994,Berlin-9047,-15,54,Normal
2026-02-14 04:57:17.817994,Berlin-9047,32,86,Normal
2026-02-14 04:57:18.817994,Berlin-9047,-7,83,Normal
2026-02-14 04:57:19.817994,Berlin-9047,8,33,Normal
2026-02-14 04:57:20.817994,Berlin-9047,19,66,Normal
2026-02-14 04:57:21.817994,Berlin-9047,18,60,Normal
2026-02-14 04:57:22.817994,Berlin-9047,41,30,Normal
2026-02-14 04:57:23.817994,Berlin-9047,1,9,Normal
2026-02-14 04:57:24.817994,Berlin-9047,6,79,Normal
2026-02-14 04:57:25.817994,Berlin-9047,-3,17,Normal
2026-02-14 04:57:26.817994,Berlin-9047,-8,82,Normal
2026-02-14 04:57:27.817994,Berlin-9047,-28,20,Normal
2026-02-14 04:57:28.817994,Berlin-9047,-8,92,Normal
2026-02-14 04:57:29.817994,Berlin-9047,-6,79,Normal
2026-02-14 04:57:30.817994,Berlin-9047,5,88,Normal
2026-02-14 04:57:31.817994,Berlin-9047,21,19,Normal
2026-02-14 04:57:32.817994,Berlin-9047,41,77,Normal
2026-02-14 04:57:33.817994,Berlin-9047,46,95,Normal
2026-02-14 04:57:34.817994,Berlin-9047,-20,90,Normal
2026-02-14 04:57:35.817994,Berlin-9047,40,54,Normal
2026-02-14 04:57:36.817994,Berlin-9047,19,5,Normal
2026-02-14 04:57:37.817994,Berlin-9047,33,38,Normal
2026-02-14 04:57:38.817994,Berlin-9047,-7,53,Normal
2026-02-14 04:57:39.817994,Berlin-9047,16,40,Normal
2026-02-14 04:57:40.817994,Berlin-9047,7,89,Normal
2026-02-14 04:57:41.817994,Berlin-9047,9,26,Normal
2026-02-14 04:57:42.817994,Berlin-9047,11,65,Normal
2026-02-14 04:57:43.817994,Berlin-9047,1,67,Normal
2026-02-14 04:57:44.817994,Berlin-9047,-10,100,Normal
2026-02-14 04:57:45.817994,Berlin-9047,28,28,Normal
2026-02-14 04:57:46.817994,Berlin-9047,-27,40,Normal
2026-02-14 04:57:47.817994,Berlin-9047,0,9,Normal
2026-02-14 04:57:48.817994,Berlin-9047,1,52,Normal
2026-02-14 04:57:49.817994,Berlin-9047,-23,46,Normal
2026-02-14 04:57:50.817994,Berlin-9047,-23,21,Normal
2026-02-14 04:57:51.817994,Berlin-9047,4,98,Normal
2026-02-14 04:57:52.817994,Berlin-9047,41,52,Normal
2026-02-14 04:57:53.817994,Berlin-9047,5,70,Normal
2026-02-14 04:57:54.817994,Berlin-9047,49,33,Normal
2026-02-14 04:57:55.817994,Berlin-9047,4,1,Normal
2026-02-14 04:57:56.817994,Berlin-9047,14,19,Normal
2026-02-14 04:57:57.817994,Berlin-9047,49,55,Normal
2026-02-14 04:57:58.817994,Berlin-9047,21,26,Normal
2026-02-14 04:57:59.817994,Berlin-9047,-16,28,Normal
2026-02-14 04:58:00.817994,Berlin-9047,17,90,Normal
2026-02-14 04:58:01.817994,Berlin-9047,46,58,Normal
2026-02-14 04:58:02.817994,Berlin-9047,-7,29,Normal
2026-02-14 04:58:03.817994,Berlin-9047,6,0,Normal
2026-02-14 04:58:04.817994,Berlin-9047,7,22,Normal
2026-02-14 04:58:05.817994,Berlin-9047,0,0,Normal
2026-02-14 04:58:06.817994,Berlin-9047,7,20,Normal
2026-02-14 04:58:07.817994,Berlin-9047,2,82,Normal
2026-02-14 04:58:08.817994,Berlin-9047,0,11,Normal
2026-02-14 04:58:09.817994,Berlin-9047,5,40,Normal
2026-02-14 04:58:10.817994,Berlin-9047,0,53,Normal
2026-02-14 04:58:11.817994,Berlin-9047,47,59,Normal
2026-02-14 04:58:12.817994,Berlin-9047,-23,36,Normal
2026-02-14 04:58:13.817994,Berlin-9047,50,100,Normal
2026-02-14 04:58:14.817994,Berlin-9047,-14,36,Normal
2026-02-14 04:58:15.817994,Berlin-9047,48,31,Normal
2026-02-14 04:58:16.817994,Berlin-9047,22,89,Normal
2026-02-14 04:58:17.817994,Berlin-9047,25,28,Normal
2026-02-14 04:58:18.817994,Berlin-9047,44,75,Normal
2026-02-14 04:58:19.817994,Berlin-9047,42,6,Normal
2026-02-14 04:58:20.817994,Berlin-9047,39,60,Normal
2026-02-14 04:58:21.817994,Berlin-9047,6,91,Normal
2026-02-14 04:58:22.817994,Berlin-9047,7,47,Normal
2026-02-14 04:58:23.817994,Berlin-9047,15,35,Normal
2026-02-14 04:58:24.817994,Berlin-9047,-24,37,Normal
2026-02-14 04:58:25.817994,Berlin-9047,35,80,Normal
2026-02-14 04:58:26.817994,Berlin-9047,38,52,Normal
2026-02-14 04:58:27.817994,Berlin-9047,-2,84,Normal
2026-02-14 04:58:28.817994,Berlin-9047,3,67,Normal
2026-02-14 04:58:29.817994,Berlin-9047,41,48,Normal
2026-02-14 04:58:30.817994,Berlin-9047,-4,89,Normal
2026-02-14 04:58:31.817994,Berlin-9047,44,68,Normal
2026-02-14 04:58:32.817994,Berlin-9047,12,10,Normal
2026-02-14 04:58:33.817994,Berlin-9047,37,92,Normal
2026-02-14 04:58:34.817994,Berlin-9047,35,2,Normal
2026-02-14 04:58:35.817994,Berlin-9047,4,87,Normal
2026-02-14 04:58:36.817994,Berlin-9047,11,39,Normal
2026-02-14 04:58:37.817994,Berlin-9047,17,61,Normal
2026-02-14 04:58:38.817994,Berlin-9047,-19,73,Normal
2026-02-14 04:58:39.817994,Berlin-9047,19,32,Normal
2026-02-14 04:58:40.817994,Berlin-9047,42,31,Normal
2026-02-14 04:58:41.817994,Berlin-9047,-20,27,Normal
2026-02-14 04:58:42.817994,Berlin-9047,-24,79,Normal
2026-02-14 04:58:43.817994,Berlin-9047,-10,45,Normal
2026-02-14 04:58:44.817994,Berlin-9047,47,68,Normal
2026-02-14 04:58:45.817994,Berlin-9047,24,26,Normal
2026-02-14 04:58:46.817994,Berlin-9047,49,20,Normal
2026-02-14 04:58:47.817994,Berlin-9047,44,17,Normal
2026-02-14 04:58:48.817994,Berlin-9047,44,43,Normal
2026-02-14 04:58:49.817994,Berlin-9047,-12,65,Normal
2026-02-14 04:58:50.817994,Berlin-9047,41,70,Normal
2026-02-14 04:58:51.817994,Berlin-9047,40,68,Normal
2026-02-14 04:58:52.817994,Berlin-9047,-6,0,Normal
2026-02-14 04:58:53.817994,Berlin-9047,39,9,Normal
2026-02-14 04:58:54.817994,Berlin-9047,21,33,Normal
2026-02-14 04:58:55.817994,Berlin-9047,34,76,Normal
2026-02-14 04:58:56.817994,Berlin-9047,-19,74,Normal
2026-02-14 04:58:57.817994,Berlin-9047,-20,8,Normal
2026-02-14 04:58:58.817994,Berlin-9047,-8,100,Normal
2026-02-14 04:58:59.817994,Berlin-9047,38,72,Normal
2026-02-14 04:59:00.817994,Berlin-9047,25,9,Normal
2026-02-14 04:59:01.817994,Berlin-9047,-4,100,Normal
2026-02-14 04:59:02.817994,Berlin-9047,9,28,Normal
2026-02-14 04:59:03.817994,Berlin-9047,-30,47,Normal
2026-02-14 04:59:04.817994,Berlin-9047,22,80,Normal
2026-02-14 04:59:05.817994,Berlin-9047,4,47,Normal
2026-02-14 04:59:06.817994,Berlin-9047,48,89,Normal
2026-02-14 04:59:07.817994,Berlin-9047,44,92,Normal
2026-02-14 04:59:08.817994,Berlin-9047,4,0,Normal
2026-02-14 04:59:09.817994,Berlin-9047,7,29,Normal
2026-02-14 04:59:10.817994,Berlin-9047,38,16,Normal
2026-02-14 04:59:11.817994,Berlin-9047,0,97,Normal
2026-02-14 04:59:12.817994,Berlin-9047,-3,14,Normal
2026-02-14 04:59:13.817994,Berlin-9047,40,96,Normal
2026-02-14 04:59:14.817994,Berlin-9047,-23,95,Normal
2026-02-14 04:59:15.817994,Berlin-9047,33,28,Normal
2026-02-14 04:59:16.817994,Berlin-9047,1,65,Normal
2026-02-14 04:59:17.817994,Berlin-9047,38,38,Normal
2026-02-14 04:59:18.817994,Berlin-9047,6,26,Normal
2026-02-14 04:59:19.817994,Berlin-9047,43,30,Normal
2026-02-14 04:59:20.817994,Berlin-9047,-23,11,Normal
2026-02-14 04:59:21.817994,Berlin-9047,34,79,Normal
2026-02-14 04:59:22.817994,Berlin-9047,-19,50,Normal
2026-02-14 04:59:23.817994,Berlin-9047,10,38,Normal
2026-02-14 04:59:24.817994,Berlin-9047,15,17,Normal
2026-02-14 04:59:25.817994,Berlin-9047,43,47,Normal
2026-02-14 04:59:26.817994,Berlin-9047,48,64,Normal
2026-02-14 04:59:27.817994,Berlin-9047,17,3,Normal
2026-02-14 04:59:28.817994,Berlin-9047,43,80,Normal
2026-02-14 04:59:29.817994,Berlin-9047,-1,43,Normal
2026-02-14 04:59:30.817994,Berlin-9047,21,90,Normal
2026-02-14 04:59:31.817994,Berlin-9047,-23,73,Normal
2026-02-14 04:59:32.817994,Berlin-9047,41,58,Normal
2026-02-14 04:59:33.817994,Berlin-9047,-19,26,Normal
2026-02-14 04:59:34.817994,Berlin-9047,49,47,Normal
2026-02-14 04:59:35.817994,Berlin-9047,-9,60,Normal
2026-02-14 04:59:36.817994,Berlin-9047,31,70,Normal
2026-02-14 04:59:37.817994,Berlin-9047,-25,73,Normal
2026-02-14 04:59:38.817994,Berlin-9047,-23,16,Normal
2026-02-14 04:59:39.817994,Berlin-9047,37,62,Normal
2026-02-14 04:59:40.817994,Berlin-9047,7,91,Normal
2026-02-14 04:59:41.817994,Berlin-9047,-5,90,Normal
2026-02-14 04:59:42.817994,Berlin-9047,-16,51,Normal
2026-02-14 04:59:43.817994,Berlin-9047,49,90,Normal
2026-02-14 04:59:44.817994,Berlin-9047,17,1,Normal
2026-02-14 04:59:45.817994,Berlin-9047,-19,78,Normal
2026-02-14 04:59:46.817994,Berlin-9047,-5,0,Normal
2026-02-14 04:59:47.817994,Berlin-9047,13,94,Normal
2026-02-14 04:59:48.817994,Berlin-9047,36,59,Normal
2026-02-14 04:59:49.817994,Berlin-9047,4,92,Normal
2026-02-14 04:59:50.817994,Berlin-9047,2,96,Normal
2026-02-14 04:59:51.817994,Berlin-9047,12,67,Normal
2026-02-14 04:59:52.817994,Berlin-9047,-25,99,Normal
2026-02-14 04:59:53.817994,Berlin-9047,-5,87,Normal
2026-02-14 04:59:54.817994,Berlin-9047,-9,0,Normal
2026-02-14 04:59:55.817994,Berlin-9047,-10,84,Normal
2026-02-14 04:59:56.817994,Berlin-9047,0,33,Normal
2026-02-14 04:59:57.817994,Berlin-9047,-8,66,Normal
2026-02-14 04:59:58.817994,Berlin-9047,43,93,Normal
2026-02-14 04:59:59.817994,Berlin-9047,39,70,Normal
2026-02-14 05:00:00.817994,Berlin-9047,-1,29,Normal
2026-02-14 05:00:01.817994,Berlin-9047,16,0,Normal
2026-02-14 05:00:02.817994,Berlin-9047,-12,10,Normal
2026-02-14 05:00:03.817994,Berlin-9047,-26,90,Normal
2026-02-14 05:00:04.817994,Berlin-9047,-3,26,Normal
2026-02-14 05:00:05.817994,Berlin-9047,47,54,Normal
2026-02-14 05:00:06.817994,Berlin-9047,16,20,Normal
2026-02-14 05:00:07.817994,Berlin-9047,42,41,Normal
2026-02-14 05:00:08.817994,Berlin-9047,45,8,Normal
2026-02-14 05:00:09.817994,Berlin-9047,24,24,Normal
2026-02-14 05:00:10.817994,Berlin-9047,-25,81,Normal
2026-02-14 05:00:11.817994,Berlin-9047,-15,67,Normal
2026-02-14 05:00:12.817994,Berlin-9047,24,93,Normal
2026-02-14 05:00:13.817994,Berlin-9047,-22,25,Normal
2026-02-14 05:00:14.817994,Berlin-9047,34,81,Normal
2026-02-14 05:00:15.817994,Berlin-9047,50,0,Normal
2026-02-14 05:00:16.817994,Berlin-9047,41,3,Normal
2026-02-14 05:00:17.817994,Berlin-9047,42,74,Normal
2026-02-14 05:00:18.817994,Berlin-9047,-10,44,Normal
2026-02-14 05:00:19.817994,Berlin-9047,31,0,Normal
2026-02-14 05:00:20.817994,Berlin-9047,21,35,Normal
2026-02-14 05:00:21.817994,Berlin-9047,25,95,Normal
2026-02-14 05:00:22.817994,Berlin-9047,45,71,Normal
2026-02-14 05:00:23.817994,Berlin-9047,24,1,Normal
2026-02-14 05:00:24.817994,Berlin-9047,24,24,Normal
2026-02-14 05:00:25.817994,Berlin-9047,50,41,Normal
2026-02-14 05:00:26.817994,Berlin-9047,45,87,Normal
2026-02-14 05:00:27.817994,Berlin-9047,-20,67,Normal
2026-02-14 05:00:28.817994,Berlin-9047,3,36,Normal
2026-02-14 05:00:29.817994,Berlin-9047,46,82,Normal
2026-02-14 05:00:30.817994,Berlin-9047,29,84,Normal
2026-02-14 05:00:31.817994,Berlin-9047,16,17,Normal
2026-02-14 05:00:32.817994,Berlin-9047,-8,37,Normal
2026-02-14 05:00:33.817994,Berlin-9047,17,92,Normal
2026-02-14 05:00:34.817994,Berlin-9047,5,60,Normal
2026-02-14 05:00:35.817994,Berlin-9047,-20,26,Normal
2026-02-14 05:00:36.817994,Berlin-9047,-29,30,Normal
2026-02-14 05:00:37.817994,Berlin-9047,15,37,Normal
2026-02-14 05:00:38.817994,Berlin-9047,9,10,Normal
2026-02-14 05:00:39.817994,Berlin-9047,38,40,Normal
2026-02-14 05:00:40.817994,Berlin-9047,7,39,Normal
2026-02-14 05:00:41.817994,Berlin-9047,22,80,Normal
2026-02-14 05:00:42.817994,Berlin-9047,6,99,Normal
2026-02-14 05:00:43.817994,Berlin-9047,49,41,Normal
2026-02-14 05:00:44.817994,Berlin-9047,14,27,Normal
2026-02-14 05:00:45.817994,Berlin-9047,-19,81,Normal
2026-02-14 05:00:46.817994,Berlin-9047,28,67,Normal
2026-02-14 05:00:47.817994,Berlin-9047,26,97,Normal
2026-02-14 05:00:48.817994,Berlin-9047,38,82,Normal
2026-02-14 05:00:49.817994,Berlin-9047,-10,36,Normal
2026-02-14 05:00:50.817994,Berlin-9047,7,78,Normal
2026-02-14 05:00:51.817994,Berlin-9047,31,75,Normal
2026-02-14 05:00:52.817994,Berlin-9047,35,100,Normal
2026-02-14 05:00:53.817994,Berlin-9047,13,47,Normal
2026-02-14 05:00:54.817994,Berlin-9047,8,78,Normal
2026-02-14 05:00:55.817994,Berlin-9047,35,18,Normal
2026-02-14 05:00:56.817994,Berlin-9047,-23,54,Normal
2026-02-14 05:00:57.817994,Berlin-9047,19,23,Normal
2026-02-14 05:00:58.817994,Berlin-9047,12,19,Normal
2026-02-14 05:00:59.817994,Berlin-9047,34,63,Normal
2026-02-14 05:01:00.817994,Berlin-9047,18,55,Normal
2026-02-14 05:01:01.817994,Berlin-9047,15,19,Normal
2026-02-14 05:01:02.817994,Berlin-9047,30,27,Normal
2026-02-14 05:01:03.817994,Berlin-9047,9,15,Normal
2026-02-14 05:01:04.817994,Berlin-9047,-13,100,Normal
2026-02-14 05:01:05.817994,Berlin-9047,13,71,Normal
2026-02-14 05:01:06.817994,Berlin-9047,-16,14,Normal
2026-02-14 05:01:07.817994,Berlin-9047,47,23,Normal
2026-02-14 05:01:08.817994,Berlin-9047,-30,89,Normal
2026-02-14 05:01:09.817994,Berlin-9047,40,24,Normal
2026-02-14 05:01:10.817994,Berlin-9047,38,38,Normal
2026-02-14 05:01:11.817994,Berlin-9047,21,33,Normal
2026-02-14 05:01:12.817994,Berlin-9047,31,77,Normal
2026-02-14 05:01:13.817994,Berlin-9047,31,45,Normal
2026-02-14 05:01:14.817994,Berlin-9047,50,78,Normal
2026-02-14 05:01:15.817994,Berlin-9047,-14,58,Normal
2026-02-14 05:01:16.817994,Berlin-9047,-20,66,Normal
2026-02-14 05:01:17.817994,Berlin-9047,37,9,Normal
2026-02-14 05:01:18.817994,Berlin-9047,-28,55,Normal
2026-02-14 05:01:19.817994,Berlin-9047,-22,63,Normal
2026-02-14 05:01:20.817994,Berlin-9047,19,64,Normal
2026-02-14 05:01:21.817994,Berlin-9047,31,88,Normal
2026-02-14 05:01:22.817994,Berlin-9047,-29,1,Normal
2026-02-14 05:01:23.817994,Berlin-9047,49,44,Normal
2026-02-14 05:01:24.817994,Berlin-9047,-23,27,Normal
2026-02-14 05:01:25.817994,Berlin-9047,-28,84,Normal
2026-02-14 05:01:26.817994,Berlin-9047,-20,9,Normal
2026-02-14 05:01:27.817994,Berlin-9047,-5,76,Normal
2026-02-14 05:01:28.817994,Berlin-9047,49,73,Normal
2026-02-14 05:01:29.817994,Berlin-9047,-24,81,Normal
2026-02-14 05:01:30.817994,Berlin-9047,7,38,Normal
2026-02-14 05:01:31.817994,Berlin-9047,10,61,Normal
2026-02-14 05:01:32.817994,Berlin-9047,4,74,Normal
