timestamp,station_id,temp,humid,condition
2026-02-12 09:04:37.079277,Berlin-1e68,47,91,Normal
2026-02-12 09:04:38.079277,Berlin-1e68,25,27,Normal
2026-02-12 09:04:39.079277,Berlin-1e68,16,57,Normal
2026-02-12 09:04:40.079277,Berlin-1e68,21,36,Normal
2026-02-12 09:04:41.079277,Berlin-1e68,26,36,Normal
2026-02-12 09:04:42.079277,Berlin-1e68,24,14,Normal
2026-02-12 09:04:43.079277,Berlin-1e68,45,4,Normal
2026-02-12 09:04:44.079277,Berlin-1e68,23,55,Normal
2026-02-12 09:04:45.079277,Berlin-1e68,-21,1,Normal
2026-02-12 09:04:46.079277,Berlin-1e68,-12,73,Normal
2026-02-12 09:04:47.079277,Berlin-1e68,-3,16,Normal
2026-02-12 09:04:48.079277,Berlin-1e68,13,79,Normal
2026-02-12 09:04:49.079277,Berlin-1e68,28,65,Normal
2026-02-12 09:04:50.079277,Berlin-1e68,-3,61,Normal
2026-02-12 09:04:51.079277,Berlin-1e68,12,20,Normal
2026-02-12 09:04:52.079277,Berlin-1e68,4,58,Normal
2026-02-12 09:04:53.079277,Berlin-1e68,-25,8,Normal
2026-02-12 09:04:54.079277,Berlin-1e68,-14,54,Normal
2026-02-12 09:04:55.079277,Berlin-1e68,-4,6,Normal
2026-02-12 09:04:56.079277,Berlin-1e68,38,0,Normal
2026-02-12 09:04:57.079277,Berlin-1e68,-20,59,Normal
2026-02-12 09:04:58.079277,Berlin-1e68,42,38,Normal
2026-02-12 09:04:59.079277,Berlin-1e68,22,81,Normal
2026-02-12 09:05:00.079277,Berlin-1e68,-23,29,Normal
2026-02-12 09:05:01.079277,Berlin-1e68,41,77,Normal
2026-02-12 09:05:02.079277,Berlin-1e68,-3,33,Normal
2026-02-12 09:05:03.079277,Berlin-1e68,25,49,Normal
2026-02-12 09:05:04.079277,Berlin-1e68,-13,64,Normal
2026-02-12 09:05:05.079277,Berlin-1e68,35,52,Normal
2026-02-12 09:05:06.079277,Berlin-1e68,23,25,Normal
2026-02-12 09:05:07.079277,Berlin-1e68,14,42,Normal
2026-02-12 09:05:08.079277,Berlin-1e68,0,40,Normal
2026-02-12 09:05:09.079277,Berlin-1e68,-26,15,Normal
2026-02-12 09:05:10.079277,Berlin-1e68,-21,42,Normal
2026-02-12 09:05:11.079277,Berlin-1e68,35,40,Normal
2026-02-12 09:05:12.079277,Berlin-1e68,-12,73,Normal
2026-02-12 09:05:13.079277,Berlin-1e68,-17,62,Normal
2026-02-12 09:05:14.079277,Berlin-1e68,45,27,Normal
2026-02-12 09:05:15.079277,Berlin-1e68,30,94,Normal
2026-02-12 09:05:16.079277,Berlin-1e68,1,10,Normal
2026-02-12 09:05:17.079277,Berlin-1e68,38,31,Normal
2026-02-12 09:05:18.079277,Berlin-1e68,-17,23,Normal
2026-02-12 09:05:19.079277,Berlin-1e68,-25,47,Normal
2026-02-12 09:05:20.079277,Berlin-1e68,-9,26,Normal
2026-02-12 09:05:21.079277,Berlin-1e68,-8,10,Normal
2026-02-12 09:05:22.079277,Berlin-1e68,-9,17,Normal
2026-02-12 09:05:23.079277,Berlin-1e68,49,45,Normal
2026-02-12 09:05:24.079277,Berlin-1e68,-21,62,Normal
2026-02-12 09:05:25.079277,Berlin-1e68,-22,41,Normal
2026-02-12 09:05:26.079277,Berlin-1e68,50,34,Normal
2026-02-12 09:05:27.079277,Berlin-1e68,24,23,Normal
2026-02-12 09:05:28.079277,Berlin-1e68,38,29,Normal
2026-02-12 09:05:29.079277,Berlin-1e68,0,99,Normal
2026-02-12 09:05:30.079277,Berlin-1e68,27,90,Normal
2026-02-12 09:05:31.079277,Berlin-1e68,19,91,Normal
2026-02-12 09:05:32.079277,Berlin-1e68,-21,41,Normal
2026-02-12 09:05:33.079277,Berlin-1e68,15,100,Normal
2026-02-12 09:05:34.079277,Berlin-1e68,43,92,Normal
2026-02-12 09:05:35.079277,Berlin-1e68,22,82,Normal
2026-02-12 09:05:36.079277,Berlin-1e68,-14,87,Normal
2026-02-12 09:05:37.079277,Berlin-1e68,31,29,Normal
2026-02-12 09:05:38.079277,Berlin-1e68,22,80,Normal
2026-02-12 09:05:39.079277,Berlin-1e68,-14,3,Normal
2026-02-12 09:05:40.079277,Berlin-1e68,47,27,Normal
2026-02-12 09:05:41.079277,Berlin-1e68,34,14,Normal
2026-02-12 09:05:42.079277,Berlin-1e68,28,18,Normal
2026-02-12 09:05:43.079277,Berlin-1e68,-9,57,Normal
2026-02-12 09:05:44.079277,Berlin-1e68,23,36,Normal
2026-02-12 09:05:45.079277,Berlin-1e68,-21,64,Normal
2026-02-12 09:05:46.079277,Berlin-1e68,11,88,Normal
2026-02-12 09:05:47.079277,Berlin-1e68,13,97,Normal
2026-02-12 09:05:48.079277,Berlin-1e68,-30,32,Normal
2026-02-12 09:05:49.079277,Berlin-1e68,45,64,Normal
2026-02-12 09:05:50.079277,Berlin-1e68,6,47,Normal
2026-02-12 09:05:51.079277,Berlin-1e68,8,43,Normal
2026-02-12 09:05:52.079277,Berlin-1e68,16,45,Normal
2026-02-12 09:05:53.079277,Berlin-1e68,39,69,Normal
2026-02-12 09:05:54.079277,Berlin-1e68,20,35,Normal
2026-02-12 09:05:55.079277,Berlin-1e68,23,65,Normal
2026-02-12 09:05:56.079277,Berlin-1e68,38,90,Normal
2026-02-12 09:05:57.079277,Berlin-1e68,-22,91,Normal
2026-02-12 09:05:58.079277,Berlin-1e68,-2,76,Normal
2026-02-12 09:05:59.079277,Berlin-1e68,-13,100,Normal
2026-02-12 09:06:00.079277,Berlin-1e68,45,37,Normal
2026-02-12 09:06:01.079277,Berlin-1e68,22,48,Normal
2026-02-12 09:06:02.079277,Berlin-1e68,-10,21,Normal
2026-02-12 09:06:03.079277,Berlin-1e68,22,86,Normal
2026-02-12 09:06:04.079277,Berlin-1e68,44,14,Normal
2026-02-12 09:06:05.079277,Berlin-1e68,-6,40,Normal
2026-02-12 09:06:06.079277,Berlin-1e68,31,58,Normal
2026-02-12 09:06:07.079277,Berlin-1e68,-26,5,Normal
2026-02-12 09:06:08.079277,Berlin-1e68,46,45,Normal
2026-02-12 09:06:09.079277,Berlin-1e68,23,26,Normal
2026-02-12 09:06:10.079277,Berlin-1e68,29,11,Normal
2026-02-12 09:06:11.079277,Berlin-1e68,44,9,Normal
2026-02-12 09:06:12.079277,Berlin-1e68,-16,82,Normal
2026-02-12 09:06:13.079277,Berlin-1e68,28,77,Normal
2026-02-12 09:06:14.079277,Berlin-1e68,-2,91,Normal
2026-02-12 09:06:15.079277,Berlin-1e68,16,55,Normal
2026-02-12 09:06:16.079277,Berlin-1e68,-28,81,Normal
2026-02-12 09:06:17.079277,Berlin-1e68,22,3,Normal
2026-02-12 09:06:18.079277,Berlin-1e68,33,51,Normal
2026-02-12 09:06:19.079277,Berlin-1e68,0,73,Normal
2026-02-12 09:06:20.079277,Berlin-1e68,27,78,Normal
2026-02-12 09:06:21.079277,Berlin-1e68,40,94,Normal
2026-02-12 09:06:22.079277,Berlin-1e68,33,58,Normal
2026-02-12 09:06:23.079277,Berlin-1e68,14,13,Normal
2026-02-12 09:06:24.079277,Berlin-1e68,17,11,Normal
2026-02-12 09:06:25.079277,Berlin-1e68,22,91,Normal
2026-02-12 09:06:26.079277,Berlin-1e68,-10,48,Normal
2026-02-12 09:06:27.079277,Berlin-1e68,-21,29,Normal
2026-02-12 09:06:28.079277,Berlin-1e68,35,19,Normal
2026-02-12 09:06:29.079277,Berlin-1e68,46,46,Normal
2026-02-12 09:06:30.079277,Berlin-1e68,8,63,Normal
2026-02-12 09:06:31.079277,Berlin-1e68,39,27,Normal
2026-02-12 09:06:32.079277,Berlin-1e68,-15,19,Normal
2026-02-12 09:06:33.079277,Berlin-1e68,6,32,Normal
2026-02-12 09:06:34.079277,Berlin-1e68,-19,36,Normal
2026-02-12 09:06:35.079277,Berlin-1e68,2,8,Normal
2026-02-12 09:06:36.079277,Berlin-1e68,47,96,Normal
2026-02-12 09:06:37.079277,Berlin-1e68,-4,23,Normal
2026-02-12 09:06:38.079277,Berlin-1e68,34,8,Normal
2026-02-12 09:06:39.079277,Berlin-1e68,37,11,Normal
2026-02-12 09:06:40.079277,Berlin-1e68,28,15,Normal
2026-02-12 09:06:41.079277,Berlin-1e68,-14,25,Normal
2026-02-12 09:06:42.079277,Berlin-1e68,6,3,Normal
2026-02-12 09:06:43.079277,Berlin-1e68,23,76,Normal
2026-02-12 09:06:44.079277,Berlin-1e68,40,88,Normal
2026-02-12 09:06:45.079277,Berlin-1e68,25,32,Normal
2026-02-12 09:06:46.079277,Berlin-1e68,35,13,Normal
2026-02-12 09:06:47.079277,Berlin-1e68,-18,53,Normal
2026-02-12 09:06:48.079277,Berlin-1e68,14,78,Normal
2026-02-12 09:06:49.079277,Berlin-1e68,28,100,Normal
2026-02-12 09:06:50.079277,Berlin-1e68,4,29,Normal
2026-02-12 09:06:51.079277,Berlin-1e68,18,37,Normal
2026-02-12 09:06:52.079277,Berlin-1e68,13,68,Normal
2026-02-12 09:06:53.079277,Berlin-1e68,50,92,Normal
2026-02-12 09:06:54.079277,Berlin-1e68,-29,63,Normal
2026-02-12 09:06:55.079277,Berlin-1e68,5,76,Normal
2026-02-12 09:06:56.079277,Berlin-1e68,24,18,Normal
2026-02-12 09:06:57.079277,Berlin-1e68,0,90,Normal
2026-02-12 09:06:58.079277,Berlin-1e68,5,32,Normal
2026-02-12 09:06:59.079277,Berlin-1e68,-22,22,Normal
2026-02-12 09:07:00.079277,Berlin-1e68,3,81,Normal
2026-02-12 09:07:01.079277,Berlin-1e68,-28,72,Normal
2026-02-12 09:07:02.079277,Berlin-1e68,33,21,Normal
2026-02-12 09:07:03.079277,Berlin-1e68,4,67,Normal
2026-02-12 09:07:04.079277,Berlin-1e68,47,71,Normal
2026-02-12 09:07:05.079277,Berlin-1e68,22,13,Normal
2026-02-12 09:07:06.079277,Berlin-1e68,1,49,Normal
2026-02-12 09:07:07.079277,Berlin-1e68,-12,84,Normal
2026-02-12 09:07:08.079277,Berlin-1e68,-18,7,Normal
2026-02-12 09:07:09.079277,Berlin-1e68,47,10,Normal
2026-02-12 09:07:10.079277,Berlin-1e68,46,58,Normal
2026-02-12 09:07:11.079277,Berlin-1e68,22,38,Normal
2026-02-12 09:07:12.079277,Berlin-1e68,21,97,Normal
2026-02-12 09:07:13.079277,Berlin-1e68,-9,79,Normal
2026-02-12 09:07:14.079277,Berlin-1e68,-26,40,Normal
2026-02-12 09:07:15.079277,Berlin-1e68,17,38,Normal
2026-02-12 09:07:16.079277,Berlin-1e68,-18,5,Normal
2026-02-12 09:07:17.079277,Berlin-1e68,36,52,Normal
2026-02-12 09:07:18.079277,Berlin-1e68,12,30,Normal
2026-02-12 09:07:19.079277,Berlin-1e68,42,99,Normal
2026-02-12 09:07:20.079277,Berlin-1e68,6,9,Normal
2026-02-12 09:07:21.079277,Berlin-1e68,3,53,Normal
2026-02-12 09:07:22.079277,Berlin-1e68,10,82,Normal
2026-02-12 09:07:23.079277,Berlin-1e68,-11,77,Normal
2026-02-12 09:07:24.079277,Berlin-1e68,23,34,Normal
2026-02-12 09:07:25.079277,Berlin-1e68,50,70,Normal
2026-02-12 09:07:26.079277,Berlin-1e68,-9,47,Normal
2026-02-12 09:07:27.079277,Berlin-1e68,39,75,Normal
2026-02-12 09:07:28.079277,Berlin-1e68,-29,83,Normal
2026-02-12 09:07:29.079277,Berlin-1e68,-3,41,Normal
2026-02-12 09:07:30.079277,Berlin-1e68,46,94,Normal
2026-02-12 09:07:31.079277,Berlin-1e68,-15,67,Normal
2026-02-12 09:07:32.079277,Berlin-1e68,-13,55,Normal
2026-02-12 09:07:33.079277,Berlin-1e68,-17,69,Normal
2026-02-12 09:07:34.079277,Berlin-1e68,33,48,Normal
2026-02-12 09:07:35.079277,Berlin-1e68,44,98,Normal
2026-02-12 09:07:36.079277,Berlin-1e68,6,33,Normal
2026-02-12 09:07:37.079277,Berlin-1e68,-11,42,Normal
2026-02-12 09:07:38.079277,Berlin-1e68,23,19,Normal
2026-02-12 09:07:39.079277,Berlin-1e68,-24,9,Normal
2026-02-12 09:07:40.079277,Berlin-1e68,-12,22,Normal
2026-02-12 09:07:41.079277,Berlin-1e68,-28,0,Normal
2026-02-12 09:07:42.079277,Berlin-1e68,-20,71,Normal
2026-02-12 09:07:43.079277,Berlin-1e68,-9,99,Normal
2026-02-12 09:07:44.079277,Berlin-1e68,46,29,Normal
2026-02-12 09:07:45.079277,Berlin-1e68,-25,35,Normal
2026-02-12 09:07:46.079277,Berlin-1e68,-28,92,Normal
2026-02-12 09:07:47.079277,Berlin-1e68,28,99,Normal
2026-02-12 09:07:48.079277,Berlin-1e68,-24,19,Normal
2026-02-12 09:07:49.079277,Berlin-1e68,35,60,Normal
2026-02-12 09:07:50.079277,Berlin-1e68,11,30,Normal
2026-02-12 09:07:51.079277,Berlin-1e68,-12,47,Normal
2026-02-12 09:07:52.079277,Berlin-1e68,17,47,Normal
2026-02-12 09:07:53.079277,Berlin-1e68,50,16,Normal
2026-02-12 09:07:54.079277,Berlin-1e68,-21,88,Normal
2026-02-12 09:07:55.079277,Berlin-1e68,-7,45,Normal
2026-02-12 09:07:56.079277,Berlin-1e68,42,93,Normal
2026-02-12 09:07:57.079277,Berlin-1e68,16,52,Normal
2026-02-12 09:07:58.079277,Berlin-1e68,42,68,Normal
2026-02-12 09:07:59.079277,Berlin-1e68,36,30,Normal
2026-02-12 09:08:00.079277,Berlin-1e68,-14,74,Normal
2026-02-12 09:08:01.079277,Berlin-1e68,20,97,Normal
2026-02-12 09:08:02.079277,Berlin-1e68,40,28,Normal
2026-02-12 09:08:03.079277,Berlin-1e68,41,66,Normal
2026-02-12 09:08:04.079277,Berlin-1e68,2,3,Normal
2026-02-12 09:08:05.079277,Berlin-1e68,8,72,Normal
2026-02-12 09:08:06.079277,Berlin-1e68,-15,40,Normal
2026-02-12 09:08:07.079277,Berlin-1e68,-8,88,Normal
2026-02-12 09:08:08.079277,Berlin-1e68,47,49,Normal
2026-02-12 09:08:09.079277,Berlin-1e68,-14,99,Normal
2026-02-12 09:08:10.079277,Berlin-1e68,7,22,Normal
2026-02-12 09:08:11.079277,Berlin-1e68,9,15,Normal
2026-02-12 09:08:12.079277,Berlin-1e68,26,28,Normal
2026-02-12 09:08:13.079277,Berlin-1e68,-23,51,Normal
2026-02-12 09:08:14.079277,Berlin-1e68,-5,44,Normal
2026-02-12 09:08:15.079277,Berlin-1e68,-5,21,Normal
2026-02-12 09:08:16.079277,Berlin-1e68,46,60,Normal
2026-02-12 09:08:17.079277,Berlin-1e68,25,27,Normal
2026-02-12 09:08:18.079277,Berlin-1e68,-22,29,Normal
2026-02-12 09:08:19.079277,Berlin-1e68,47,91,Normal
2026-02-12 09:08:20.079277,Berlin-1e68,-22,90,Normal
2026-02-12 09:08:21.079277,Berlin-1e68,-24,3,Normal
2026-02-12 09:08:22.079277,Berlin-1e68,-2,22,Normal
2026-02-12 09:08:23.079277,Berlin-1e68,-29,56,Normal
2026-02-12 09:08:24.079277,Berlin-1e68,17,71,Normal
2026-02-12 09:08:25.079277,Berlin-1e68,6,33,Normal
2026-02-12 09:08:26.079277,Berlin-1e68,-15,78,Normal
2026-02-12 09:08:27.079277,Berlin-1e68,-2,9,Normal
2026-02-12 09:08:28.079277,Berlin-1e68,47,23,Normal
2026-02-12 09:08:29.079277,Berlin-1e68,47,83,Normal
2026-02-12 09:08:30.079277,Berlin-1e68,-5,68,Normal
2026-02-12 09:08:31.079277,Berlin-1e68,47,52,Normal
2026-02-12 09:08:32.079277,Berlin-1e68,33,52,Normal
2026-02-12 09:08:33.079277,Berlin-1e68,23,1,Normal
2026-02-12 09:08:34.079277,Berlin-1e68,11,80,Normal
2026-02-12 09:08:35.079277,Berlin-1e68,34,84,Normal
2026-02-12 09:08:36.079277,Berlin-1e68,10,63,Normal
2026-02-12 09:08:37.079277,Berlin-1e68,33,53,Normal
2026-02-12 09:08:38.079277,Berlin-1e68,29,51,Normal
2026-02-12 09:08:39.079277,Berlin-1e68,49,65,Normal
2026-02-12 09:08:40.079277,Berlin-1e68,22,66,Normal
2026-02-12 09:08:41.079277,Berlin-1e68,17,11,Normal
2026-02-12 09:08:42.079277,Berlin-1e68,36,37,Normal
2026-02-12 09:08:43.079277,Berlin-1e68,31,59,Normal
2026-02-12 09:08:44.079277,Berlin-1e68,12,64,Normal
2026-02-12 09:08:45.079277,Berlin-1e68,-28,90,Normal
2026-02-12 09:08:46.079277,Berlin-1e68,-6,67,Normal
2026-02-12 09:08:47.079277,Berlin-1e68,-21,76,Normal
2026-02-12 09:08:48.079277,Berlin-1e68,-7,91,Normal
2026-02-12 09:08:49.079277,Berlin-1e68,-4,81,Normal
2026-02-12 09:08:50.079277,Berlin-1e68,19,49,Normal
2026-02-12 09:08:51.079277,Berlin-1e68,29,3,Normal
2026-02-12 09:08:52.079277,Berlin-1e68,19,5,Normal
2026-02-12 09:08:53.079277,Berlin-1e68,-24,35,Normal
2026-02-12 09:08:54.079277,Berlin-1e68,14,7,Normal
2026-02-12 09:08:55.079277,Berlin-1e68,-2,59,Normal
2026-02-12 09:08:56.079277,Berlin-1e68,-10,35,Normal
2026-02-12 09:08:57.079277,Berlin-1e68,17,57,Normal
2026-02-12 09:08:58.079277,Berlin-1e68,20,50,Normal
2026-02-12 09:08:59.079277,Berlin-1e68,43,46,Normal
2026-02-12 09:09:00.079277,Berlin-1e68,37,15,Normal
2026-02-12 09:09:01.079277,Berlin-1e68,14,33,Normal
2026-02-12 09:09:02.079277,Berlin-1e68,5,19,Normal
2026-02-12 09:09:03.079277,Berlin-1e68,-14,3,Normal
2026-02-12 09:09:04.079277,Berlin-1e68,-10,90,Normal
2026-02-12 09:09:05.079277,Berlin-1e68,13,80,Normal
2026-02-12 09:09:06.079277,Berlin-1e68,48,100,Normal
2026-02-12 09:09:07.079277,Berlin-1e68,-3,87,Normal
2026-02-12 09:09:08.079277,Berlin-1e68,30,69,Normal
2026-02-12 09:09:09.079277,Berlin-1e68,19,22,Normal
2026-02-12 09:09:10.079277,Berlin-1e68,33,3,Normal
2026-02-12 09:09:11.079277,Berlin-1e68,32,72,Normal
2026-02-12 09:09:12.079277,Berlin-1e68,20,75,Normal
2026-02-12 09:09:13.079277,Berlin-1e68,36,64,Normal
2026-02-12 09:09:14.079277,Berlin-1e68,50,41,Normal
2026-02-12 09:09:15.079277,Berlin-1e68,-4,80,Normal
2026-02-12 09:09:16.079277,Berlin-1e68,-18,50,Normal
2026-02-12 09:09:17.079277,Berlin-1e68,-3,74,Normal
2026-02-12 09:09:18.079277,Berlin-1e68,14,85,Normal
2026-02-12 09:09:19.079277,Berlin-1e68,-15,89,Normal
2026-02-12 09:09:20.079277,Berlin-1e68,-6,4,Normal
2026-02-12 09:09:21.079277,Berlin-1e68,23,64,Normal
2026-02-12 09:09:22.079277,Berlin-1e68,40,96,Normal
2026-02-12 09:09:23.079277,Berlin-1e68,6,25,Normal
2026-02-12 09:09:24.079277,Berlin-1e68,10,68,Normal
2026-02-12 09:09:25.079277,Berlin-1e68,23,25,Normal
2026-02-12 09:09:26.079277,Berlin-1e68,-28,43,Normal
2026-02-12 09:09:27.079277,Berlin-1e68,-23,56,Normal
2026-02-12 09:09:28.079277,Berlin-1e68,45,93,Normal
2026-02-12 09:09:29.079277,Berlin-1e68,33,21,Normal
2026-02-12 09:09:30.079277,Berlin-1e68,-2,94,Normal
2026-02-12 09:09:31.079277,Berlin-1e68,0,20,Normal
2026-02-12 09:09:32.079277,Berlin-1e68,17,0,Normal
2026-02-12 09:09:33.079277,Berlin-1e68,29,99,Normal
2026-02-12 09:09:34.079277,Berlin-1e68,-14,25,Normal
2026-02-12 09:09:35.079277,Berlin-1e68,-18,46,Normal
2026-02-12 09:09:36.079277,Berlin-1e68,31,70,Normal
2026-02-12 09:09:37.079277,Berlin-1e68,6,92,Normal
2026-02-12 09:09:38.079277,Berlin-1e68,16,94,Normal
2026-02-12 09:09:39.079277,Berlin-1e68,17,59,Normal
2026-02-12 09:09:40.079277,Berlin-1e68,-17,17,Normal
2026-02-12 09:09:41.079277,Berlin-1e68,25,83,Normal
2026-02-12 09:09:42.079277,Berlin-1e68,37,50,Normal
2026-02-12 09:09:43.079277,Berlin-1e68,36,13,Normal
2026-02-12 09:09:44.079277,Berlin-1e68,18,8,Normal
2026-02-12 09:09:45.079277,Berlin-1e68,-25,84,Normal
2026-02-12 09:09:46.079277,Berlin-1e68,-2,58,Normal
2026-02-12 09:09:47.079277,Berlin-1e68,-9,78,Normal
2026-02-12 09:09:48.079277,Berlin-1e68,41,23,Normal
2026-02-12 09:09:49.079277,Berlin-1e68,37,55,Normal
2026-02-12 09:09:50.079277,Berlin-1e68,-26,62,Normal
2026-02-12 09:09:51.079277,Berlin-1e68,7,94,Normal
2026-02-12 09:09:52.079277,Berlin-1e68,43,66,Normal
2026-02-12 09:09:53.079277,Berlin-1e68,17,59,Normal
2026-02-12 09:09:54.079277,Berlin-1e68,35,10,Normal
2026-02-12 09:09:55.079277,Berlin-1e68,-17,30,Normal
2026-02-12 09:09:56.079277,Berlin-1e68,11,63,Normal
2026-02-12 09:09:57.079277,Berlin-1e68,20,33,Normal
2026-02-12 09:09:58.079277,Berlin-1e68,-16,88,Normal
2026-02-12 09:09:59.079277,Berlin-1e68,28,28,Normal
2026-02-12 09:10:00.079277,Berlin-1e68,-19,34,Normal
2026-02-12 09:10:01.079277,Berlin-1e68,28,63,Normal
2026-02-12 09:10:02.079277,Berlin-1e68,13,57,Normal
2026-02-12 09:10:03.079277,Berlin-1e68,13,66,Normal
2026-02-12 09:10:04.079277,Berlin-1e68,32,96,Normal
2026-02-12 09:10:05.079277,Berlin-1e68,-1,57,Normal
2026-02-12 09:10:06.079277,Berlin-1e68,38,86,Normal
2026-02-12 09:10:07.079277,Berlin-1e68,38,51,Normal
2026-02-12 09:10:08.079277,Berlin-1e68,5,37,Normal
2026-02-12 09:10:09.079277,Berlin-1e68,33,29,Normal
2026-02-12 09:10:10.079277,Berlin-1e68,-3,65,Normal
2026-02-12 09:10:11.079277,Berlin-1e68,30,35,Normal
2026-02-12 09:10:12.079277,Berlin-1e68,6,95,Normal
2026-02-12 09:10:13.079277,Berlin-1e68,23,33,Normal
2026-02-12 09:10:14.079277,Berlin-1e68,-21,66,Normal
2026-02-12 09:10:15.079277,Berlin-1e68,27,63,Normal
2026-02-12 09:10:16.079277,Berlin-1e68,21,19,Normal
2026-02-12 09:10:17.079277,Berlin-1e68,4,99,Normal
2026-02-12 09:10:18.079277,Berlin-1e68,-3,86,Normal
2026-02-12 09:10:19.079277,Berlin-1e68,47,24,Normal
2026-02-12 09:10:20.079277,Berlin-1e68,1,13,Normal
2026-02-12 09:10:21.079277,Berlin-1e68,31,33,Normal
2026-02-12 09:10:22.079277,Berlin-1e68,41,27,Normal
2026-02-12 09:10:23.079277,Berlin-1e68,-19,5,Normal
2026-02-12 09:10:24.079277,Berlin-1e68,-4,2,Normal
2026-02-12 09:10:25.079277,Berlin-1e68,20,64,Normal
2026-02-12 09:10:26.079277,Berlin-1e68,7,34,Normal
2026-02-12 09:10:27.079277,Berlin-1e68,14,56,Normal
2026-02-12 09:10:28.079277,Berlin-1e68,0,34,Normal
2026-02-12 09:10:29.079277,Berlin-1e68,-17,11,Normal
2026-02-12 09:10:30.079277,Berlin-1e68,41,23,Normal
2026-02-12 09:10:31.079277,Berlin-1e68,33,93,Normal
2026-02-12 09:10:32.079277,Berlin-1e68,46,97,Normal
2026-02-12 09:10:33.079277,Berlin-1e68,-15,6,Normal
2026-02-12 09:10:34.079277,Berlin-1e68,47,52,Normal
2026-02-12 09:10:35.079277,Berlin-1e68,42,16,Normal
2026-02-12 09:10:36.079277,Berlin-1e68,1,100,Normal
2026-02-12 09:10:37.079277,Berlin-1e68,39,100,Normal
2026-02-12 09:10:38.079277,Berlin-1e68,-1,42,Normal
2026-02-12 09:10:39.079277,Berlin-1e68,38,3,Normal
2026-02-12 09:10:40.079277,Berlin-1e68,1,43,Normal
2026-02-12 09:10:41.079277,Berlin-1e68,20,12,Normal
2026-02-12 09:10:42.079277,Berlin-1e68,21,19,Normal
2026-02-12 09:10:43.079277,Berlin-1e68,39,19,Normal
2026-02-12 09:10:44.079277,Berlin-1e68,-7,72,Normal
2026-02-12 09:10:45.079277,Berlin-1e68,-2,73,Normal
2026-02-12 09:10:46.079277,Berlin-1e68,-4,48,Normal
2026-02-12 09:10:47.079277,Berlin-1e68,-24,93,Normal
2026-02-12 09:10:48.079277,Berlin-1e68,2,59,Normal
2026-02-12 09:10:49.079277,Berlin-1e68,-30,10,Normal
2026-02-12 09:10:50.079277,Berlin-1e68,-20,2,Normal
2026-02-12 09:10:51.079277,Berlin-1e68,-2,69,Normal
2026-02-12 09:10:52.079277,Berlin-1e68,-25,16,Normal
2026-02-12 09:10:53.079277,Berlin-1e68,14,27,Normal
2026-02-12 09:10:54.079277,Berlin-1e68,-16,91,Normal
2026-02-12 09:10:55.079277,Berlin-1e68,15,52,Normal
2026-02-12 09:10:56.079277,Berlin-1e68,44,46,Normal
2026-02-12 09:10:57.079277,Berlin-1e68,41,98,Normal
2026-02-12 09:10:58.079277,Berlin-1e68,-3,56,Normal
2026-02-12 09:10:59.079277,Berlin-1e68,41,34,Normal
2026-02-12 09:11:00.079277,Berlin-1e68,16,87,Normal
2026-02-12 09:11:01.079277,Berlin-1e68,8,60,Normal
2026-02-12 09:11:02.079277,Berlin-1e68,32,76,Normal
2026-02-12 09:11:03.079277,Berlin-1e68,-3,45,Normal
2026-02-12 09:11:04.079277,Berlin-1e68,-17,48,Normal
2026-02-12 09:11:05.079277,Berlin-1e68,-22,26,Normal
2026-02-12 09:11:06.079277,Berlin-1e68,21,31,Normal
2026-02-12 09:11:07.079277,Berlin-1e68,-23,19,Normal
2026-02-12 09:11:08.079277,Berlin-1e68,13,23,Normal
2026-02-12 09:11:09.079277,Berlin-1e68,-2,92,Normal
2026-02-12 09:11:10.079277,Berlin-1e68,-8,97,Normal
2026-02-12 09:11:11.079277,Berlin-1e68,-18,57,Normal
2026-02-12 09:11:12.079277,Berlin-1e68,-19,0,Normal
2026-02-12 09:11:13.079277,Berlin-1e68,19,42,Normal
2026-02-12 09:11:14.079277,Berlin-1e68,-16,96,Normal
2026-02-12 09:11:15.079277,Berlin-1e68,41,26,Normal
2026-02-12 09:11:16.079277,Berlin-1e68,-10,62,Normal
2026-02-12 09:11:17.079277,Berlin-1e68,43,25,Normal
2026-02-12 09:11:18.079277,Berlin-1e68,32,90,Normal
2026-02-12 09:11:19.079277,Berlin-1e68,4,38,Normal
2026-02-12 09:11:20.079277,Berlin-1e68,40,95,Normal
2026-02-12 09:11:21.079277,Berlin-1e68,-14,5,Normal
2026-02-12 09:11:22.079277,Berlin-1e68,-20,54,Normal
2026-02-12 09:11:23.079277,Berlin-1e68,26,26,Normal
2026-02-12 09:11:24.079277,Berlin-1e68,24,18,Normal
2026-02-12 09:11:25.079277,Berlin-1e68,50,33,Normal
2026-02-12 09:11:26.079277,Berlin-1e68,11,61,Normal
2026-02-12 09:11:27.079277,Berlin-1e68,-21,45,Normal
2026-02-12 09:11:28.079277,Berlin-1e68,28,91,Normal
2026-02-12 09:11:29.079277,Berlin-1e68,-1,97,Normal
2026-02-12 09:11:30.079277,Berlin-1e68,-14,65,Normal
2026-02-12 09:11:31.079277,Berlin-1e68,24,53,Normal
2026-02-12 09:11:32.079277,Berlin-1e68,5,93,Normal
2026-02-12 09:11:33.079277,Berlin-1e68,50,52,Normal
2026-02-12 09:11:34.079277,Berlin-1e68,24,71,Normal
2026-02-12 09:11:35.079277,Berlin-1e68,19,25,Normal
2026-02-12 09:11:36.079277,Berlin-1e68,22,6,Normal
2026-02-12 09:11:37.079277,Berlin-1e68,-6,85,Normal
2026-02-12 09:11:38.079277,Berlin-1e68,2,49,Normal
2026-02-12 09:11:39.079277,Berlin-1e68,-17,73,Normal
2026-02-12 09:11:40.079277,Berlin-1e68,26,23,Normal
2026-02-12 09:11:41.079277,Berlin-1e68,-28,55,Normal
2026-02-12 09:11:42.079277,Berlin-1e68,-11,79,Normal
2026-02-12 09:11:43.079277,Berlin-1e68,17,43,Normal
2026-02-12 09:11:44.079277,Berlin-1e68,14,77,Normal
2026-02-12 09:11:45.079277,Berlin-1e68,16,16,Normal
2026-02-12 09:11:46.079277,Berlin-1e68,44,5,Normal
2026-02-12 09:11:47.079277,Berlin-1e68,-21,52,Normal
2026-02-12 09:11:48.079277,Berlin-1e68,16,57,Normal
2026-02-12 09:11:49.079277,Berlin-1e68,19,96,Normal
2026-02-12 09:11:50.079277,Berlin-1e68,41,9,Normal
2026-02-12 09:11:51.079277,Berlin-1e68,7,29,Normal
2026-02-12 09:11:52.079277,Berlin-1e68,27,38,Normal
2026-02-12 09:11:53.079277,Berlin-1e68,-3,51,Normal
2026-02-12 09:11:54.079277,Berlin-1e68,-29,59,Normal
2026-02-12 09:11:55.079277,Berlin-1e68,-23,38,Normal
2026-02-12 09:11:56.079277,Berlin-1e68,-20,21,Normal
2026-02-12 09:11:57.079277,Berlin-1e68,10,53,Normal
2026-02-12 09:11:58.079277,Berlin-1e68,-16,1,Normal
2026-02-12 09:11:59.079277,Berlin-1e68,12,18,Normal
2026-02-12 09:12:00.079277,Berlin-1e68,-9,75,Normal
2026-02-12 09:12:01.079277,Berlin-1e68,5,23,Normal
2026-02-12 09:12:02.079277,Berlin-1e68,14,52,Normal
2026-02-12 09:12:03.079277,Berlin-1e68,-11,76,Normal
2026-02-12 09:12:04.079277,Berlin-1e68,14,2,Normal
2026-02-12 09:12:05.079277,Berlin-1e68,-30,24,Normal
2026-02-12 09:12:06.079277,Berlin-1e68,-9,73,Normal
2026-02-12 09:12:07.079277,Berlin-1e68,31,16,Normal
2026-02-12 09:12:08.079277,Berlin-1e68,-6,23,Normal
2026-02-12 09:12:09.079277,Berlin-1e68,-8,57,Normal
2026-02-12 09:12:10.079277,Berlin-1e68,-1,82,Normal
2026-02-12 09:12:11.079277,Berlin-1e68,-6,46,Normal
2026-02-12 09:12:12.079277,Berlin-1e68,43,12,Normal
2026-02-12 09:12:13.079277,Berlin-1e68,-21,15,Normal
2026-02-12 09:12:14.079277,Berlin-1e68,41,17,Normal
2026-02-12 09:12:15.079277,Berlin-1e68,23,90,Normal
2026-02-12 09:12:16.079277,Berlin-1e68,49,19,Normal
2026-02-12 09:12:17.079277,Berlin-1e68,18,33,Normal
2026-02-12 09:12:18.079277,Berlin-1e68,-15,10,Normal
2026-02-12 09:12:19.079277,Berlin-1e68,5,30,Normal
2026-02-12 09:12:20.079277,Berlin-1e68,-9,43,Normal
2026-02-12 09:12:21.079277,Berlin-1e68,47,10,Normal
2026-02-12 09:12:22.079277,Berlin-1e68,38,19,Normal
2026-02-12 09:12:23.079277,Berlin-1e68,-25,70,Normal
2026-02-12 09:12:24.079277,Berlin-1e68,8,90,Normal
2026-02-12 09:12:25.079277,Berlin-1e68,24,69,Normal
2026-02-12 09:12:26.079277,Berlin-1e68,21,11,Normal
2026-02-12 09:12:27.079277,Berlin-1e68,-9,6,Normal
2026-02-12 09:12:28.079277,Berlin-1e68,-24,14,Normal
2026-02-12 09:12:29.079277,Berlin-1e68,-2,81,Normal
2026-02-12 09:12:30.079277,Berlin-1e68,44,97,Normal
2026-02-12 09:12:31.079277,Berlin-1e68,45,56,Normal
2026-02-12 09:12:32.079277,Berlin-1e68,-7,70,Normal
2026-02-12 09:12:33.079277,Berlin-1e68,15,37,Normal
2026-02-12 09:12:34.079277,Berlin-1e68,6,19,Normal
2026-02-12 09:12:35.079277,Berlin-1e68,42,38,Normal
2026-02-12 09:12:36.079277,Berlin-1e68,-14,14,Normal
2026-02-12 09:12:37.079277,Berlin-1e68,29,74,Normal
2026-02-12 09:12:38.079277,Berlin-1e68,18,5,Normal
2026-02-12 09:12:39.079277,Berlin-1e68,26,70,Normal
2026-02-12 09:12:40.079277,Berlin-1e68,17,50,Normal
2026-02-12 09:12:41.079277,Berlin-1e68,48,12,Normal
2026-02-12 09:12:42.079277,Berlin-1e68,20,58,Normal
2026-02-12 09:12:43.079277,Berlin-1e68,21,72,Normal
2026-02-12 09:12:44.079277,Berlin-1e68,-17,10,Normal
2026-02-12 09:12:45.079277,Berlin-1e68,33,37,Normal
2026-02-12 09:12:46.079277,Berlin-1e68,21,33,Normal
2026-02-12 09:12:47.079277,Berlin-1e68,27,38,Normal
2026-02-12 09:12:48.079277,Berlin-1e68,5,8,Normal
2026-02-12 09:12:49.079277,Berlin-1e68,9,36,Normal
2026-02-12 09:12:50.079277,Berlin-1e68,43,24,Normal
2026-02-12 09:12:51.079277,Berlin-1e68,27,10,Normal
2026-02-12 09:12:52.079277,Berlin-1e68,41,25,Normal
2026-02-12 09:12:53.079277,Berlin-1e68,48,28,Normal
2026-02-12 09:12:54.079277,Berlin-1e68,10,21,Normal
2026-02-12 09:12:55.079277,Berlin-1e68,-17,17,Normal
2026-02-12 09:12:56.079277,Berlin-1e68,-9,23,Normal
2026-02-12 09:12:57.079277,Berlin-1e68,40,72,Normal
2026-02-12 09:12:58.079277,Berlin-1e68,21,40,Normal
2026-02-12 09:12:59.079277,Berlin-1e68,39,3,Normal
2026-02-12 09:13:00.079277,Berlin-1e68,27,1,Normal
2026-02-12 09:13:01.079277,Berlin-1e68,-26,66,Normal
2026-02-12 09:13:02.079277,Berlin-1e68,34,80,Normal
2026-02-12 09:13:03.079277,Berlin-1e68,40,78,Normal
2026-02-12 09:13:04.079277,Berlin-1e68,29,4,Normal
2026-02-12 09:13:05.079277,Berlin-1e68,23,31,Normal
2026-02-12 09:13:06.079277,Berlin-1e68,-1,14,Normal
2026-02-12 09:13:07.079277,Berlin-1e68,50,36,Normal
2026-02-12 09:13:08.079277,Berlin-1e68,40,35,Normal
2026-02-12 09:13:09.079277,Berlin-1e68,-3,42,Normal
2026-02-12 09:13:10.079277,Berlin-1e68,24,77,Normal
2026-02-12 09:13:11.079277,Berlin-1e68,1,54,Normal
2026-02-12 09:13:12.079277,Berlin-1e68,-17,36,Normal
2026-02-12 09:13:13.079277,Berlin-1e68,-20,22,Normal
2026-02-12 09:13:14.079277,Berlin-1e68,-9,52,Normal
2026-02-12 09:13:15.079277,Berlin-1e68,27,13,Normal
2026-02-12 09:13:16.079277,Berlin-1e68,9,93,Normal
2026-02-12 09:13:17.079277,Berlin-1e68,-24,90,Normal
2026-02-12 09:13:18.079277,Berlin-1e68,6,55,Normal
2026-02-12 09:13:19.079277,Berlin-1e68,-25,63,Normal
2026-02-12 09:13:20.079277,Berlin-1e68,18,86,Normal
2026-02-12 09:13:21.079277,Berlin-1e68,-11,38,Normal
2026-02-12 09:13:22.079277,Berlin-1e68,3,85,Normal
2026-02-12 09:13:23.079277,Berlin-1e68,-12,90,Normal
2026-02-12 09:13:24.079277,Berlin-1e68,21,50,Normal
2026-02-12 09:13:25.079277,Berlin-1e68,22,17,Normal
2026-02-12 09:13:26.079277,Berlin-1e68,-18,9,Normal
2026-02-12 09:13:27.079277,Berlin-1e68,-16,19,Normal
2026-02-12 09:13:28.079277,Berlin-1e68,29,53,Normal
2026-02-12 09:13:29.079277,Berlin-1e68,-11,78,Normal
2026-02-12 09:13:30.079277,Berlin-1e68,39,69,Normal
2026-02-12 09:13:31.079277,Berlin-1e68,23,82,Normal
2026-02-12 09:13:32.079277,Berlin-1e68,24,32,Normal
2026-02-12 09:13:33.079277,Berlin-1e68,-16,67,Normal
2026-02-12 09:13:34.079277,Berlin-1e68,20,50,Normal
2026-02-12 09:13:35.079277,Berlin-1e68,40,100,Normal
2026-02-12 09:13:36.079277,Berlin-1e68,9,67,Normal
2026-02-12 09:13:37.079277,Berlin-1e68,20,97,Normal
2026-02-12 09:13:38.079277,Berlin-1e68,19,24,Normal
2026-02-12 09:13:39.079277,Berlin-1e68,32,72,Normal
2026-02-12 09:13:40.079277,Berlin-1e68,-24,79,Normal
2026-02-12 09:13:41.079277,Berlin-1e68,46,5,Normal
2026-02-12 09:13:42.079277,Berlin-1e68,-8,32,Normal
2026-02-12 09:13:43.079277,Berlin-1e68,48,94,Normal
2026-02-12 09:13:44.079277,Berlin-1e68,-24,16,Normal
2026-02-12 09:13:45.079277,Berlin-1e68,-6,22,Normal
2026-02-12 09:13:46.079277,Berlin-1e68,10,96,Normal
2026-02-12 09:13:47.079277,Berlin-1e68,-2,39,Normal
2026-02-12 09:13:48.079277,Berlin-1e68,18,55,Normal
2026-02-12 09:13:49.079277,Berlin-1e68,-22,47,Normal
2026-02-12 09:13:50.079277,Berlin-1e68,-17,0,Normal
2026-02-12 09:13:51.079277,Berlin-1e68,35,30,Normal
2026-02-12 09:13:52.079277,Berlin-1e68,-8,33,Normal
2026-02-12 09:13:53.079277,Berlin-1e68,17,17,Normal
2026-02-12 09:13:54.079277,Berlin-1e68,42,6,Normal
2026-02-12 09:13:55.079277,Berlin-1e68,19,80,Normal
2026-02-12 09:13:56.079277,Berlin-1e68,35,11,Normal
2026-02-12 09:13:57.079277,Berlin-1e68,23,13,Normal
2026-02-12 09:13:58.079277,Berlin-1e68,35,93,Normal
2026-02-12 09:13:59.079277,Berlin-1e68,17,31,Normal
2026-02-12 09:14:00.079277,Berlin-1e68,-30,29,Normal
2026-02-12 09:14:01.079277,Berlin-1e68,16,86,Normal
2026-02-12 09:14:02.079277,Berlin-1e68,4,57,Normal
2026-02-12 09:14:03.079277,Berlin-1e68,14,28,Normal
2026-02-12 09:14:04.079277,Berlin-1e68,35,87,Normal
2026-02-12 09:14:05.079277,Berlin-1e68,-20,80,Normal
2026-02-12 09:14:06.079277,Berlin-1e68,45,80,Normal
2026-02-12 09:14:07.079277,Berlin-1e68,19,40,Normal
2026-02-12 09:14:08.079277,Berlin-1e68,26,9,Normal
2026-02-12 09:14:09.079277,Berlin-1e68,4,23,Normal
2026-02-12 09:14:10.079277,Berlin-1e68,49,93,Normal
2026-02-12 09:14:11.079277,Berlin-1e68,5,0,Normal
2026-02-12 09:14:12.079277,Berlin-1e68,14,80,Normal
2026-02-12 09:14:13.079277,Berlin-1e68,38,80,Normal
2026-02-12 09:14:14.079277,Berlin-1e68,-28,6,Normal
2026-02-12 09:14:15.079277,Berlin-1e68,25,25,Normal
2026-02-12 09:14:16.079277,Berlin-1e68,13,12,Normal
2026-02-12 09:14:17.079277,Berlin-1e68,17,31,Normal
2026-02-12 09:14:18.079277,Berlin-1e68,21,13,Normal
2026-02-12 09:14:19.079277,Berlin-1e68,37,73,Normal
2026-02-12 09:14:20.079277,Berlin-1e68,38,45,Normal
2026-02-12 09:14:21.079277,Berlin-1e68,-11,8,Normal
2026-02-12 09:14:22.079277,Berlin-1e68,6,58,Normal
2026-02-12 09:14:23.079277,Berlin-1e68,23,46,Normal
2026-02-12 09:14:24.079277,Berlin-1e68,7,12,Normal
2026-02-12 09:14:25.079277,Berlin-1e68,11,89,Normal
2026-02-12 09:14:26.079277,Berlin-1e68,4,58,Normal
2026-02-12 09:14:27.079277,Berlin-1e68,10,6,Normal
2026-02-12 09:14:28.079277,Berlin-1e68,-26,70,Normal
2026-02-12 09:14:29.079277,Berlin-1e68,18,82,Normal
2026-02-12 09:14:30.079277,Berlin-1e68,41,32,Normal
2026-02-12 09:14:31.079277,Berlin-1e68,-24,60,Normal
2026-02-12 09:14:32.079277,Berlin-1e68,-1,84,Normal
2026-02-12 09:14:33.079277,Berlin-1e68,-1,27,Normal
2026-02-12 09:14:34.079277,Berlin-1e68,10,54,Normal
2026-02-12 09:14:35.079277,Berlin-1e68,-16,6,Normal
2026-02-12 09:14:36.079277,Berlin-1e68,18,17,Normal
2026-02-12 09:14:37.079277,Berlin-1e68,-3,16,Normal
2026-02-12 09:14:38.079277,Berlin-1e68,-13,76,Normal
2026-02-12 09:14:39.079277,Berlin-1e68,-4,27,Normal
2026-02-12 09:14:40.079277,Berlin-1e68,-5,99,Normal
2026-02-12 09:14:41.079277,Berlin-1e68,14,66,Normal
2026-02-12 09:14:42.079277,Berlin-1e68,5,41,Normal
2026-02-12 09:14:43.079277,Berlin-1e68,-24,27,Normal
2026-02-12 09:14:44.079277,Berlin-1e68,8,97,Normal
2026-02-12 09:14:45.079277,Berlin-1e68,39,36,Normal
2026-02-12 09:14:46.079277,Berlin-1e68,39,80,Normal
2026-02-12 09:14:47.079277,Berlin-1e68,33,15,Normal
2026-02-12 09:14:48.079277,Berlin-1e68,30,25,Normal
2026-02-12 09:14:49.079277,Berlin-1e68,44,1,Normal
2026-02-12 09:14:50.079277,Berlin-1e68,41,11,Normal
2026-02-12 09:14:51.079277,Berlin-1e68,-25,50,Normal
2026-02-12 09:14:52.079277,Berlin-1e68,-20,59,Normal
2026-02-12 09:14:53.079277,Berlin-1e68,-12,15,Normal
2026-02-12 09:14:54.079277,Berlin-1e68,-9,94,Normal
2026-02-12 09:14:55.079277,Berlin-1e68,23,46,Normal
2026-02-12 09:14:56.079277,Berlin-1e68,-8,84,Normal
2026-02-12 09:14:57.079277,Berlin-1e68,-9,50,Normal
2026-02-12 09:14:58.079277,Berlin-1e68,9,34,Normal
2026-02-12 09:14:59.079277,Berlin-1e68,3,46,Normal
2026-02-12 09:15:00.079277,Berlin-1e68,18,31,Normal
2026-02-12 09:15:01.079277,Berlin-1e68,-19,42,Normal
2026-02-12 09:15:02.079277,Berlin-1e68,30,43,Normal
2026-02-12 09:15:03.079277,Berlin-1e68,48,73,Normal
2026-02-12 09:15:04.079277,Berlin-1e68,9,77,Normal
2026-02-12 09:15:05.079277,Berlin-1e68,18,46,Normal
2026-02-12 09:15:06.079277,Berlin-1e68,-4,88,Normal
2026-02-12 09:15:07.079277,Berlin-1e68,7,37,Normal
2026-02-12 09:15:08.079277,Berlin-1e68,-24,47,Normal
2026-02-12 09:15:09.079277,Berlin-1e68,-12,62,Normal
2026-02-12 09:15:10.079277,Berlin-1e68,50,97,Normal
2026-02-12 09:15:11.079277,Berlin-1e68,40,7,Normal
2026-02-12 09:15:12.079277,Berlin-1e68,25,93,Normal
2026-02-12 09:15:13.079277,Berlin-1e68,22,92,Normal
2026-02-12 09:15:14.079277,Berlin-1e68,50,36,Normal
2026-02-12 09:15:15.079277,Berlin-1e68,-18,57,Normal
2026-02-12 09:15:16.079277,Berlin-1e68,-12,40,Normal
2026-02-12 09:15:17.079277,Berlin-1e68,22,0,Normal
2026-02-12 09:15:18.079277,Berlin-1e68,4,72,Normal
2026-02-12 09:15:19.079277,Berlin-1e68,-18,12,Normal
2026-02-12 09:15:20.079277,Berlin-1e68,-20,12,Normal
2026-02-12 09:15:21.079277,Berlin-1e68,-24,32,Normal
2026-02-12 09:15:22.079277,Berlin-1e68,-1,98,Normal
2026-02-12 09:15:23.079277,Berlin-1e68,20,71,Normal
2026-02-12 09:15:24.079277,Berlin-1e68,47,61,Normal
2026-02-12 09:15:25.079277,Berlin-1e68,34,17,Normal
2026-02-12 09:15:26.079277,Berlin-1e68,27,37,Normal
2026-02-12 09:15:27.079277,Berlin-1e68,18,11,Normal
2026-02-12 09:15:28.079277,Berlin-1e68,-6,80,Normal
2026-02-12 09:15:29.079277,Berlin-1e68,2,11,Normal
2026-02-12 09:15:30.079277,Berlin-1e68,-13,47,Normal
2026-02-12 09:15:31.079277,Berlin-1e68,39,50,Normal
2026-02-12 09:15:32.079277,Berlin-1e68,-20,97,Normal
2026-02-12 09:15:33.079277,Berlin-1e68,2,33,Normal
2026-02-12 09:15:34.079277,Berlin-1e68,7,32,Normal
2026-02-12 09:15:35.079277,Berlin-1e68,-16,45,Normal
2026-02-12 09:15:36.079277,Berlin-1e68,34,23,Normal
2026-02-12 09:15:37.079277,Berlin-1e68,2,99,Normal
2026-02-12 09:15:38.079277,Berlin-1e68,16,92,Normal
2026-02-12 09:15:39.079277,Berlin-1e68,36,45,Normal
2026-02-12 09:15:40.079277,Berlin-1e68,-7,16,Normal
2026-02-12 09:15:41.079277,Berlin-1e68,-30,50,Normal
2026-02-12 09:15:42.079277,Berlin-1e68,15,40,Normal
2026-02-12 09:15:43.079277,Berlin-1e68,33,90,Normal
2026-02-12 09:15:44.079277,Berlin-1e68,35,7,Normal
2026-02-12 09:15:45.079277,Berlin-1e68,14,6,Normal
2026-02-12 09:15:46.079277,Berlin-1e68,24,86,Normal
2026-02-12 09:15:47.079277,Berlin-1e68,8,44,Normal
2026-02-12 09:15:48.079277,Berlin-1e68,-21,85,Normal
2026-02-12 09:15:49.079277,Berlin-1e68,3,50,Normal
2026-02-12 09:15:50.079277,Berlin-1e68,-13,87,Normal
2026-02-12 09:15:51.079277,Berlin-1e68,48,78,Normal
2026-02-12 09:15:52.079277,Berlin-1e68,-24,47,Normal
2026-02-12 09:15:53.079277,Berlin-1e68,42,61,Normal
2026-02-12 09:15:54.079277,Berlin-1e68,-25,12,Normal
2026-02-12 09:15:55.079277,Berlin-1e68,25,73,Normal
2026-02-12 09:15:56.079277,Berlin-1e68,-19,73,Normal
2026-02-12 09:15:57.079277,Berlin-1e68,-19,78,Normal
2026-02-12 09:15:58.079277,Berlin-1e68,29,3,Normal
2026-02-12 09:15:59.079277,Berlin-1e68,6,40,Normal
2026-02-12 09:16:00.079277,Berlin-1e68,25,6,Normal
2026-02-12 09:16:01.079277,Berlin-1e68,20,63,Normal
2026-02-12 09:16:02.079277,Berlin-1e68,-15,23,Normal
2026-02-12 09:16:03.079277,Berlin-1e68,-8,51,Normal
2026-02-12 09:16:04.079277,Berlin-1e68,32,55,Normal
2026-02-12 09:16:05.079277,Berlin-1e68,-25,93,Normal
2026-02-12 09:16:06.079277,Berlin-1e68,-7,93,Normal
2026-02-12 09:16:07.079277,Berlin-1e68,-21,35,Normal
2026-02-12 09:16:08.079277,Berlin-1e68,-16,16,Normal
2026-02-12 09:16:09.079277,Berlin-1e68,-2,77,Normal
2026-02-12 09:16:10.079277,Berlin-1e68,5,94,Normal
2026-02-12 09:16:11.079277,Berlin-1e68,-14,11,Normal
2026-02-12 09:16:12.079277,Berlin-1e68,33,58,Normal
2026-02-12 09:16:13.079277,Berlin-1e68,-1,88,Normal
2026-02-12 09:16:14.079277,Berlin-1e68,22,44,Normal
2026-02-12 09:16:15.079277,Berlin-1e68,-15,59,Normal
2026-02-12 09:16:16.079277,Berlin-1e68,-9,27,Normal
2026-02-12 09:16:17.079277,Berlin-1e68,-2,88,Normal
2026-02-12 09:16:18.079277,Berlin-1e68,-21,34,Normal
2026-02-12 09:16:19.079277,Berlin-1e68,45,82,Normal
2026-02-12 09:16:20.079277,Berlin-1e68,-24,35,Normal
2026-02-12 09:16:21.079277,Berlin-1e68,33,10,Normal
2026-02-12 09:16:22.079277,Berlin-1e68,-10,49,Normal
2026-02-12 09:16:23.079277,Berlin-1e68,47,52,Normal
2026-02-12 09:16:24.079277,Berlin-1e68,-30,31,Normal
2026-02-12 09:16:25.079277,Berlin-1e68,31,63,Normal
2026-02-12 09:16:26.079277,Berlin-1e68,29,40,Normal
2026-02-12 09:16:27.079277,Berlin-1e68,-10,38,Normal
2026-02-12 09:16:28.079277,Berlin-1e68,46,28,Normal
2026-02-12 09:16:29.079277,Berlin-1e68,33,85,Normal
2026-02-12 09:16:30.079277,Berlin-1e68,40,21,Normal
2026-02-12 09:16:31.079277,Berlin-1e68,-11,4,Normal
2026-02-12 09:16:32.079277,Berlin-1e68,19,69,Normal
2026-02-12 09:16:33.079277,Berlin-1e68,42,17,Normal
2026-02-12 09:16:34.079277,Berlin-1e68,36,23,Normal
2026-02-12 09:16:35.079277,Berlin-1e68,13,61,Normal
2026-02-12 09:16:36.079277,Berlin-1e68,-23,40,Normal
2026-02-12 09:16:37.079277,Berlin-1e68,10,53,Normal
2026-02-12 09:16:38.079277,Berlin-1e68,20,67,Normal
2026-02-12 09:16:39.079277,Berlin-1e68,30,46,Normal
2026-02-12 09:16:40.079277,Berlin-1e68,19,41,Normal
2026-02-12 09:16:41.079277,Berlin-1e68,-19,87,Normal
2026-02-12 09:16:42.079277,Berlin-1e68,-19,75,Normal
2026-02-12 09:16:43.079277,Berlin-1e68,-19,66,Normal
2026-02-12 09:16:44.079277,Berlin-1e68,-6,15,Normal
2026-02-12 09:16:45.079277,Berlin-1e68,-6,31,Normal
2026-02-12 09:16:46.079277,Berlin-1e68,13,55,Normal
2026-02-12 09:16:47.079277,Berlin-1e68,-2,77,Normal
2026-02-12 09:16:48.079277,Berlin-1e68,17,24,Normal
2026-02-12 09:16:49.079277,Berlin-1e68,12,7,Normal
2026-02-12 09:16:50.079277,Berlin-1e68,-3,6,Normal
2026-02-12 09:16:51.079277,Berlin-1e68,-3,33,Normal
2026-02-12 09:16:52.079277,Berlin-1e68,-1,86,Normal
2026-02-12 09:16:53.079277,Berlin-1e68,19,26,Normal
2026-02-12 09:16:54.079277,Berlin-1e68,6,7,Normal
2026-02-12 09:16:55.079277,Berlin-1e68,38,42,Normal
2026-02-12 09:16:56.079277,Berlin-1e68,-6,30,Normal
2026-02-12 09:16:57.079277,Berlin-1e68,-21,85,Normal
2026-02-12 09:16:58.079277,Berlin-1e68,20,23,Normal
2026-02-12 09:16:59.079277,Berlin-1e68,-18,49,Normal
2026-02-12 09:17:00.079277,Berlin-1e68,48,47,Normal
2026-02-12 09:17:01.079277,Berlin-1e68,13,89,Normal
2026-02-12 09:17:02.079277,Berlin-1e68,50,92,Normal
2026-02-12 09:17:03.079277,Berlin-1e68,37,28,Normal
2026-02-12 09:17:04.079277,Berlin-1e68,46,27,Normal
2026-02-12 09:17:05.079277,Berlin-1e68,-27,20,Normal
2026-02-12 09:17:06.079277,Berlin-1e68,-9,8,Normal
2026-02-12 09:17:07.079277,Berlin-1e68,26,39,Normal
2026-02-12 09:17:08.079277,Berlin-1e68,15,47,Normal
2026-02-12 09:17:09.079277,Berlin-1e68,23,77,Normal
2026-02-12 09:17:10.079277,Berlin-1e68,-16,47,Normal
2026-02-12 09:17:11.079277,Berlin-1e68,46,50,Normal
2026-02-12 09:17:12.079277,Berlin-1e68,20,34,Normal
2026-02-12 09:17:13.079277,Berlin-1e68,-10,20,Normal
2026-02-12 09:17:14.079277,Berlin-1e68,39,33,Normal
2026-02-12 09:17:15.079277,Berlin-1e68,-19,28,Normal
2026-02-12 09:17:16.079277,Berlin-1e68,38,29,Normal
2026-02-12 09:17:17.079277,Berlin-1e68,6,55,Normal
2026-02-12 09:17:18.079277,Berlin-1e68,-6,93,Normal
2026-02-12 09:17:19.079277,Berlin-1e68,7,25,Normal
2026-02-12 09:17:20.079277,Berlin-1e68,38,84,Normal
2026-02-12 09:17:21.079277,Berlin-1e68,4,28,Normal
2026-02-12 09:17:22.079277,Berlin-1e68,41,70,Normal
2026-02-12 09:17:23.079277,Berlin-1e68,12,92,Normal
2026-02-12 09:17:24.079277,Berlin-1e68,34,58,Normal
2026-02-12 09:17:25.079277,Berlin-1e68,24,76,Normal
2026-02-12 09:17:26.079277,Berlin-1e68,0,44,Normal
2026-02-12 09:17:27.079277,Berlin-1e68,20,37,Normal
2026-02-12 09:17:28.079277,Berlin-1e68,-28,87,Normal
2026-02-12 09:17:29.079277,Berlin-1e68,-3,100,Normal
2026-02-12 09:17:30.079277,Berlin-1e68,-10,27,Normal
2026-02-12 09:17:31.079277,Berlin-1e68,-11,75,Normal
2026-02-12 09:17:32.079277,Berlin-1e68,43,85,Normal
2026-02-12 09:17:33.079277,Berlin-1e68,23,68,Normal
2026-02-12 09:17:34.079277,Berlin-1e68,15,87,Normal
2026-02-12 09:17:35.079277,Berlin-1e68,-23,59,Normal
2026-02-12 09:17:36.079277,Berlin-1e68,6,51,Normal
2026-02-12 09:17:37.079277,Berlin-1e68,14,18,Normal
2026-02-12 09:17:38.079277,Berlin-1e68,23,65,Normal
2026-02-12 09:17:39.079277,Berlin-1e68,-24,83,Normal
2026-02-12 09:17:40.079277,Berlin-1e68,-4,57,Normal
2026-02-12 09:17:41.079277,Berlin-1e68,41,57,Normal
2026-02-12 09:17:42.079277,Berlin-1e68,-2,4,Normal
2026-02-12 09:17:43.079277,Berlin-1e68,29,21,Normal
2026-02-12 09:17:44.079277,Berlin-1e68,-6,90,Normal
2026-02-12 09:17:45.079277,Berlin-1e68,30,58,Normal
2026-02-12 09:17:46.079277,Berlin-1e68,-25,77,Normal
2026-02-12 09:17:47.079277,Berlin-1e68,21,65,Normal
2026-02-12 09:17:48.079277,Berlin-1e68,-22,92,Normal
2026-02-12 09:17:49.079277,Berlin-1e68,-10,9,Normal
2026-02-12 09:17:50.079277,Berlin-1e68,38,86,Normal
2026-02-12 09:17:51.079277,Berlin-1e68,-27,9,Normal
2026-02-12 09:17:52.079277,Berlin-1e68,-14,76,Normal
2026-02-12 09:17:53.079277,Berlin-1e68,38,72,Normal
2026-02-12 09:17:54.079277,Berlin-1e68,-30,67,Normal
2026-02-12 09:17:55.079277,Berlin-1e68,-21,9,Normal
2026-02-12 09:17:56.079277,Berlin-1e68,39,13,Normal
2026-02-12 09:17:57.079277,Berlin-1e68,4,33,Normal
2026-02-12 09:17:58.079277,Berlin-1e68,8,100,Normal
2026-02-12 09:17:59.079277,Berlin-1e68,10,65,Normal
2026-02-12 09:18:00.079277,Berlin-1e68,40,36,Normal
2026-02-12 09:18:01.079277,Berlin-1e68,33,24,Normal
2026-02-12 09:18:02.079277,Berlin-1e68,-5,85,Normal
2026-02-12 09:18:03.079277,Berlin-1e68,50,25,Normal
2026-02-12 09:18:04.079277,Berlin-1e68,25,64,Normal
2026-02-12 09:18:05.079277,Berlin-1e68,37,79,Normal
2026-02-12 09:18:06.079277,Berlin-1e68,-11,68,Normal
2026-02-12 09:18:07.079277,Berlin-1e68,-30,93,Normal
2026-02-12 09:18:08.079277,Berlin-1e68,48,77,Normal
2026-02-12 09:18:09.079277,Berlin-1e68,-12,4,Normal
2026-02-12 09:18:10.079277,Berlin-1e68,-21,52,Normal
2026-02-12 09:18:11.079277,Berlin-1e68,21,91,Normal
2026-02-12 09:18:12.079277,Berlin-1e68,-3,6,Normal
2026-02-12 09:18:13.079277,Berlin-1e68,-9,46,Normal
2026-02-12 09:18:14.079277,Berlin-1e68,-7,29,Normal
2026-02-12 09:18:15.079277,Berlin-1e68,23,50,Normal
2026-02-12 09:18:16.079277,Berlin-1e68,0,91,Normal
2026-02-12 09:18:17.079277,Berlin-1e68,-22,30,Normal
2026-02-12 09:18:18.079277,Berlin-1e68,41,61,Normal
2026-02-12 09:18:19.079277,Berlin-1e68,13,84,Normal
2026-02-12 09:18:20.079277,Berlin-1e68,44,33,Normal
2026-02-12 09:18:21.079277,Berlin-1e68,6,42,Normal
2026-02-12 09:18:22.079277,Berlin-1e68,4,26,Normal
2026-02-12 09:18:23.079277,Berlin-1e68,-10,63,Normal
2026-02-12 09:18:24.079277,Berlin-1e68,-24,18,Normal
2026-02-12 09:18:25.079277,Berlin-1e68,-5,71,Normal
2026-02-12 09:18:26.079277,Berlin-1e68,18,82,Normal
2026-02-12 09:18:27.079277,Berlin-1e68,-9,98,Normal
2026-02-12 09:18:28.079277,Berlin-1e68,36,50,Normal
2026-02-12 09:18:29.079277,Berlin-1e68,27,19,Normal
2026-02-12 09:18:30.079277,Berlin-1e68,-19,93,Normal
2026-02-12 09:18:31.079277,Berlin-1e68,-15,48,Normal
2026-02-12 09:18:32.079277,Berlin-1e68,-26,74,Normal
2026-02-12 09:18:33.079277,Berlin-1e68,48,88,Normal
2026-02-12 09:18:34.079277,Berlin-1e68,17,38,Normal
2026-02-12 09:18:35.079277,Berlin-1e68,27,65,Normal
2026-02-12 09:18:36.079277,Berlin-1e68,-23,30,Normal
2026-02-12 09:18:37.079277,Berlin-1e68,-13,36,Normal
2026-02-12 09:18:38.079277,Berlin-1e68,48,70,Normal
2026-02-12 09:18:39.079277,Berlin-1e68,48,64,Normal
2026-02-12 09:18:40.079277,Berlin-1e68,47,31,Normal
2026-02-12 09:18:41.079277,Berlin-1e68,39,11,Normal
2026-02-12 09:18:42.079277,Berlin-1e68,-20,16,Normal
2026-02-12 09:18:43.079277,Berlin-1e68,19,24,Normal
2026-02-12 09:18:44.079277,Berlin-1e68,-16,55,Normal
2026-02-12 09:18:45.079277,Berlin-1e68,-14,12,Normal
2026-02-12 09:18:46.079277,Berlin-1e68,3,24,Normal
2026-02-12 09:18:47.079277,Berlin-1e68,-14,31,Normal
2026-02-12 09:18:48.079277,Berlin-1e68,11,79,Normal
2026-02-12 09:18:49.079277,Berlin-1e68,1,3,Normal
2026-02-12 09:18:50.079277,Berlin-1e68,43,25,Normal
2026-02-12 09:18:51.079277,Berlin-1e68,-23,22,Normal
2026-02-12 09:18:52.079277,Berlin-1e68,-5,97,Normal
2026-02-12 09:18:53.079277,Berlin-1e68,48,37,Normal
2026-02-12 09:18:54.079277,Berlin-1e68,0,92,Normal
2026-02-12 09:18:55.079277,Berlin-1e68,23,37,Normal
2026-02-12 09:18:56.079277,Berlin-1e68,37,7,Normal
2026-02-12 09:18:57.079277,Berlin-1e68,15,100,Normal
2026-02-12 09:18:58.079277,Berlin-1e68,43,56,Normal
2026-02-12 09:18:59.079277,Berlin-1e68,31,20,Normal
2026-02-12 09:19:00.079277,Berlin-1e68,-17,16,Normal
2026-02-12 09:19:01.079277,Berlin-1e68,-18,19,Normal
2026-02-12 09:19:02.079277,Berlin-1e68,-13,83,Normal
2026-02-12 09:19:03.079277,Berlin-1e68,21,96,Normal
2026-02-12 09:19:04.079277,Berlin-1e68,40,44,Normal
2026-02-12 09:19:05.079277,Berlin-1e68,47,86,Normal
2026-02-12 09:19:06.079277,Berlin-1e68,26,32,Normal
2026-02-12 09:19:07.079277,Berlin-1e68,-20,94,Normal
2026-02-12 09:19:08.079277,Berlin-1e68,12,99,Normal
2026-02-12 09:19:09.079277,Berlin-1e68,-5,83,Normal
2026-02-12 09:19:10.079277,Berlin-1e68,20,39,Normal
2026-02-12 09:19:11.079277,Berlin-1e68,-19,11,Normal
2026-02-12 09:19:12.079277,Berlin-1e68,33,76,Normal
2026-02-12 09:19:13.079277,Berlin-1e68,-30,18,Normal
2026-02-12 09:19:14.079277,Berlin-1e68,9,47,Normal
2026-02-12 09:19:15.079277,Berlin-1e68,35,21,Normal
2026-02-12 09:19:16.079277,Berlin-1e68,23,87,Normal
2026-02-12 09:19:17.079277,Berlin-1e68,-13,28,Normal
2026-02-12 09:19:18.079277,Berlin-1e68,13,56,Normal
2026-02-12 09:19:19.079277,Berlin-1e68,-3,8,Normal
2026-02-12 09:19:20.079277,Berlin-1e68,4,13,Normal
2026-02-12 09:19:21.079277,Berlin-1e68,-17,76,Normal
2026-02-12 09:19:22.079277,Berlin-1e68,17,91,Normal
2026-02-12 09:19:23.079277,Berlin-1e68,-11,55,Normal
2026-02-12 09:19:24.079277,Berlin-1e68,-26,3,Normal
2026-02-12 09:19:25.079277,Berlin-1e68,-18,53,Normal
2026-02-12 09:19:26.079277,Berlin-1e68,4,37,Normal
2026-02-12 09:19:27.079277,Berlin-1e68,27,2,Normal
2026-02-12 09:19:28.079277,Berlin-1e68,-12,63,Normal
2026-02-12 09:19:29.079277,Berlin-1e68,13,67,Normal
2026-02-12 09:19:30.079277,Berlin-1e68,37,40,Normal
2026-02-12 09:19:31.079277,Berlin-1e68,22,66,Normal
2026-02-12 09:19:32.079277,Berlin-1e68,30,27,Normal
2026-02-12 09:19:33.079277,Berlin-1e68,-27,19,Normal
2026-02-12 09:19:34.079277,Berlin-1e68,-7,34,Normal
2026-02-12 09:19:35.079277,Berlin-1e68,46,71,Normal
2026-02-12 09:19:36.079277,Berlin-1e68,-22,34,Normal
2026-02-12 09:19:37.079277,Berlin-1e68,-10,6,Normal
2026-02-12 09:19:38.079277,Berlin-1e68,23,69,Normal
2026-02-12 09:19:39.079277,Berlin-1e68,-3,1,Normal
2026-02-12 09:19:40.079277,Berlin-1e68,28,31,Normal
2026-02-12 09:19:41.079277,Berlin-1e68,21,77,Normal
2026-02-12 09:19:42.079277,Berlin-1e68,20,70,Normal
2026-02-12 09:19:43.079277,Berlin-1e68,9,27,Normal
2026-02-12 09:19:44.079277,Berlin-1e68,6,34,Normal
2026-02-12 09:19:45.079277,Berlin-1e68,-27,41,Normal
2026-02-12 09:19:46.079277,Berlin-1e68,-8,34,Normal
2026-02-12 09:19:47.079277,Berlin-1e68,15,23,Normal
2026-02-12 09:19:48.079277,Berlin-1e68,-29,33,Normal
2026-02-12 09:19:49.079277,Berlin-1e68,46,65,Normal
2026-02-12 09:19:50.079277,Berlin-1e68,27,65,Normal
2026-02-12 09:19:51.079277,Berlin-1e68,-22,25,Normal
2026-02-12 09:19:52.079277,Berlin-1e68,49,32,Normal
2026-02-12 09:19:53.079277,Berlin-1e68,10,24,Normal
2026-02-12 09:19:54.079277,Berlin-1e68,-21,4,Normal
2026-02-12 09:19:55.079277,Berlin-1e68,9,46,Normal
2026-02-12 09:19:56.079277,Berlin-1e68,18,80,Normal
2026-02-12 09:19:57.079277,Berlin-1e68,8,72,Normal
2026-02-12 09:19:58.079277,Berlin-1e68,-21,30,Normal
2026-02-12 09:19:59.079277,Berlin-1e68,23,3,Normal
2026-02-12 09:20:00.079277,Berlin-1e68,-27,41,Normal
2026-02-12 09:20:01.079277,Berlin-1e68,23,74,Normal
2026-02-12 09:20:02.079277,Berlin-1e68,21,78,Normal
2026-02-12 09:20:03.079277,Berlin-1e68,8,37,Normal
2026-02-12 09:20:04.079277,Berlin-1e68,-15,47,Normal
2026-02-12 09:20:05.079277,Berlin-1e68,-5,31,Normal
2026-02-12 09:20:06.079277,Berlin-1e68,-14,39,Normal
2026-02-12 09:20:07.079277,Berlin-1e68,45,7,Normal
2026-02-12 09:20:08.079277,Berlin-1e68,-23,61,Normal
2026-02-12 09:20:09.079277,Berlin-1e68,-3,83,Normal
2026-02-12 09:20:10.079277,Berlin-1e68,21,21,Normal
2026-02-12 09:20:11.079277,Berlin-1e68,-30,85,Normal
2026-02-12 09:20:12.079277,Berlin-1e68,-5,15,Normal
2026-02-12 09:20:13.079277,Berlin-1e68,-29,66,Normal
2026-02-12 09:20:14.079277,Berlin-1e68,-30,22,Normal
2026-02-12 09:20:15.079277,Berlin-1e68,-9,77,Normal
2026-02-12 09:20:16.079277,Berlin-1e68,24,77,Normal
2026-02-12 09:20:17.079277,Berlin-1e68,21,59,Normal
2026-02-12 09:20:18.079277,Berlin-1e68,45,40,Normal
2026-02-12 09:20:19.079277,Berlin-1e68,-20,62,Normal
2026-02-12 09:20:20.079277,Berlin-1e68,12,51,Normal
2026-02-12 09:20:21.079277,Berlin-1e68,19,53,Normal
2026-02-12 09:20:22.079277,Berlin-1e68,1,95,Normal
2026-02-12 09:20:23.079277,Berlin-1e68,45,89,Normal
2026-02-12 09:20:24.079277,Berlin-1e68,25,64,Normal
2026-02-12 09:20:25.079277,Berlin-1e68,0,35,Normal
2026-02-12 09:20:26.079277,Berlin-1e68,-3,32,Normal
2026-02-12 09:20:27.079277,Berlin-1e68,-28,67,Normal
2026-02-12 09:20:28.079277,Berlin-1e68,13,32,Normal
2026-02-12 09:20:29.079277,Berlin-1e68,-14,63,Normal
2026-02-12 09:20:30.079277,Berlin-1e68,40,24,Normal
2026-02-12 09:20:31.079277,Berlin-1e68,13,50,Normal
2026-02-12 09:20:32.079277,Berlin-1e68,-1,4,Normal
2026-02-12 09:20:33.079277,Berlin-1e68,-10,57,Normal
2026-02-12 09:20:34.079277,Berlin-1e68,-16,3,Normal
2026-02-12 09:20:35.079277,Berlin-1e68,9,21,Normal
2026-02-12 09:20:36.079277,Berlin-1e68,-9,79,Normal
2026-02-12 09:20:37.079277,Berlin-1e68,20,54,Normal
2026-02-12 09:20:38.079277,Berlin-1e68,28,88,Normal
2026-02-12 09:20:39.079277,Berlin-1e68,-22,84,Normal
2026-02-12 09:20:40.079277,Berlin-1e68,5,1,Normal
2026-02-12 09:20:41.079277,Berlin-1e68,20,15,Normal
2026-02-12 09:20:42.079277,Berlin-1e68,33,66,Normal
2026-02-12 09:20:43.079277,Berlin-1e68,8,34,Normal
2026-02-12 09:20:44.079277,Berlin-1e68,24,33,Normal
2026-02-12 09:20:45.079277,Berlin-1e68,1,48,Normal
2026-02-12 09:20:46.079277,Berlin-1e68,-21,23,Normal
2026-02-12 09:20:47.079277,Berlin-1e68,38,36,Normal
2026-02-12 09:20:48.079277,Berlin-1e68,30,0,Normal
2026-02-12 09:20:49.079277,Berlin-1e68,-21,81,Normal
2026-02-12 09:20:50.079277,Berlin-1e68,33,2,Normal
2026-02-12 09:20:51.079277,Berlin-1e68,50,54,Normal
2026-02-12 09:20:52.079277,Berlin-1e68,-27,43,Normal
2026-02-12 09:20:53.079277,Berlin-1e68,27,97,Normal
2026-02-12 09:20:54.079277,Berlin-1e68,22,17,Normal
2026-02-12 09:20:55.079277,Berlin-1e68,-16,65,Normal
2026-02-12 09:20:56.079277,Berlin-1e68,25,85,Normal
2026-02-12 09:20:57.079277,Berlin-1e68,-27,99,Normal
2026-02-12 09:20:58.079277,Berlin-1e68,8,37,Normal
2026-02-12 09:20:59.079277,Berlin-1e68,33,45,Normal
2026-02-12 09:21:00.079277,Berlin-1e68,37,98,Normal
2026-02-12 09:21:01.079277,Berlin-1e68,36,19,Normal
2026-02-12 09:21:02.079277,Berlin-1e68,20,98,Normal
2026-02-12 09:21:03.079277,Berlin-1e68,43,85,Normal
2026-02-12 09:21:04.079277,Berlin-1e68,-14,32,Normal
2026-02-12 09:21:05.079277,Berlin-1e68,4,46,Normal
2026-02-12 09:21:06.079277,Berlin-1e68,26,62,Normal
2026-02-12 09:21:07.079277,Berlin-1e68,27,68,Normal
2026-02-12 09:21:08.079277,Berlin-1e68,-23,37,Normal
2026-02-12 09:21:09.079277,Berlin-1e68,14,92,Normal
2026-02-12 09:21:10.079277,Berlin-1e68,48,9,Normal
2026-02-12 09:21:11.079277,Berlin-1e68,-23,16,Normal
2026-02-12 09:21:12.079277,Berlin-1e68,-10,88,Normal
2026-02-12 09:21:13.079277,Berlin-1e68,35,6,Normal
2026-02-12 09:21:14.079277,Berlin-1e68,22,92,Normal
2026-02-12 09:21:15.079277,Berlin-1e68,7,87,Normal
2026-02-12 09:21:16.079277,Berlin-1e68,43,78,Normal
2026-02-12 09:21:17.079277,Berlin-1e68,29,17,Normal
2026-02-12 09:21:18.079277,Berlin-1e68,-5,57,Normal
2026-02-12 09:21:19.079277,Berlin-1e68,13,84,Normal
2026-02-12 09:21:20.079277,Berlin-1e68,3,59,Normal
2026-02-12 09:21:21.079277,Berlin-1e68,-8,91,Normal
2026-02-12 09:21:22.079277,Berlin-1e68,10,92,Normal
2026-02-12 09:21:23.079277,Berlin-1e68,-1,2,Normal
2026-02-12 09:21:24.079277,Berlin-1e68,15,34,Normal
2026-02-12 09:21:25.079277,Berlin-1e68,-14,44,Normal
2026-02-12 09:21:26.079277,Berlin-1e68,-6,26,Normal
2026-02-12 09:21:27.079277,Berlin-1e68,26,20,Normal
2026-02-12 09:21:28.079277,Berlin-1e68,39,69,Normal
2026-02-12 09:21:29.079277,Berlin-1e68,16,49,Normal
2026-02-12 09:21:30.079277,Berlin-1e68,42,94,Normal
2026-02-12 09:21:31.079277,Berlin-1e68,-25,19,Normal
2026-02-12 09:21:32.079277,Berlin-1e68,-25,26,Normal
2026-02-12 09:21:33.079277,Berlin-1e68,7,94,Normal
2026-02-12 09:21:34.079277,Berlin-1e68,18,3,Normal
2026-02-12 09:21:35.079277,Berlin-1e68,-18,55,Normal
2026-02-12 09:21:36.079277,Berlin-1e68,44,100,Normal
2026-02-12 09:21:37.079277,Berlin-1e68,7,96,Normal
2026-02-12 09:21:38.079277,Berlin-1e68,0,67,Normal
2026-02-12 09:21:39.079277,Berlin-1e68,16,10,Normal
2026-02-12 09:21:40.079277,Berlin-1e68,10,44,Normal
2026-02-12 09:21:41.079277,Berlin-1e68,21,75,Normal
2026-02-12 09:21:42.079277,Berlin-1e68,-7,11,Normal
2026-02-12 09:21:43.079277,Berlin-1e68,-10,75,Normal
2026-02-12 09:21:44.079277,Berlin-1e68,40,100,Normal
2026-02-12 09:21:45.079277,Berlin-1e68,18,37,Normal
2026-02-12 09:21:46.079277,Berlin-1e68,29,11,Normal
2026-02-12 09:21:47.079277,Berlin-1e68,14,13,Normal
2026-02-12 09:21:48.079277,Berlin-1e68,38,35,Normal
2026-02-12 09:21:49.079277,Berlin-1e68,-22,33,Normal
2026-02-12 09:21:50.079277,Berlin-1e68,27,30,Normal
2026-02-12 09:21:51.079277,Berlin-1e68,-15,50,Normal
2026-02-12 09:21:52.079277,Berlin-1e68,40,42,Normal
2026-02-12 09:21:53.079277,Berlin-1e68,-10,16,Normal
2026-02-12 09:21:54.079277,Berlin-1e68,-2,9,Normal
2026-02-12 09:21:55.079277,Berlin-1e68,32,68,Normal
2026-02-12 09:21:56.079277,Berlin-1e68,45,0,Normal
2026-02-12 09:21:57.079277,Berlin-1e68,2,28,Normal
2026-02-12 09:21:58.079277,Berlin-1e68,4,4,Normal
2026-02-12 09:21:59.079277,Berlin-1e68,17,46,Normal
2026-02-12 09:22:00.079277,Berlin-1e68,-26,29,Normal
2026-02-12 09:22:01.079277,Berlin-1e68,6,39,Normal
2026-02-12 09:22:02.079277,Berlin-1e68,49,49,Normal
2026-02-12 09:22:03.079277,Berlin-1e68,-30,98,Normal
2026-02-12 09:22:04.079277,Berlin-1e68,43,67,Normal
2026-02-12 09:22:05.079277,Berlin-1e68,25,56,Normal
2026-02-12 09:22:06.079277,Berlin-1e68,27,51,Normal
2026-02-12 09:22:07.079277,Berlin-1e68,-6,15,Normal
2026-02-12 09:22:08.079277,Berlin-1e68,-19,66,Normal
2026-02-12 09:22:09.079277,Berlin-1e68,43,86,Normal
2026-02-12 09:22:10.079277,Berlin-1e68,1,6,Normal
2026-02-12 09:22:11.079277,Berlin-1e68,-5,66,Normal
2026-02-12 09:22:12.079277,Berlin-1e68,24,20,Normal
2026-02-12 09:22:13.079277,Berlin-1e68,-25,32,Normal
2026-02-12 09:22:14.079277,Berlin-1e68,-29,97,Normal
2026-02-12 09:22:15.079277,Berlin-1e68,23,88,Normal
2026-02-12 09:22:16.079277,Berlin-1e68,27,75,Normal
2026-02-12 09:22:17.079277,Berlin-1e68,22,46,Normal
2026-02-12 09:22:18.079277,Berlin-1e68,10,53,Normal
2026-02-12 09:22:19.079277,Berlin-1e68,-16,100,Normal
2026-02-12 09:22:20.079277,Berlin-1e68,44,76,Normal
2026-02-12 09:22:21.079277,Berlin-1e68,40,77,Normal
2026-02-12 09:22:22.079277,Berlin-1e68,24,77,Normal
2026-02-12 09:22:23.079277,Berlin-1e68,-23,68,Normal
2026-02-12 09:22:24.079277,Berlin-1e68,11,98,Normal
2026-02-12 09:22:25.079277,Berlin-1e68,50,84,Normal
2026-02-12 09:22:26.079277,Berlin-1e68,1,87,Normal
2026-02-12 09:22:27.079277,Berlin-1e68,-30,49,Normal
2026-02-12 09:22:28.079277,Berlin-1e68,23,73,Normal
2026-02-12 09:22:29.079277,Berlin-1e68,20,79,Normal
2026-02-12 09:22:30.079277,Berlin-1e68,10,99,Normal
2026-02-12 09:22:31.079277,Berlin-1e68,10,62,Normal
2026-02-12 09:22:32.079277,Berlin-1e68,-14,37,Normal
2026-02-12 09:22:33.079277,Berlin-1e68,-15,61,Normal
2026-02-12 09:22:34.079277,Berlin-1e68,42,61,Normal
2026-02-12 09:22:35.079277,Berlin-1e68,-19,1,Normal
2026-02-12 09:22:36.079277,Berlin-1e68,47,27,Normal
2026-02-12 09:22:37.079277,Berlin-1e68,-22,44,Normal
2026-02-12 09:22:38.079277,Berlin-1e68,-1,17,Normal
2026-02-12 09:22:39.079277,Berlin-1e68,2,76,Normal
2026-02-12 09:22:40.079277,Berlin-1e68,30,80,Normal
2026-02-12 09:22:41.079277,Berlin-1e68,7,48,Normal
2026-02-12 09:22:42.079277,Berlin-1e68,26,28,Normal
2026-02-12 09:22:43.079277,Berlin-1e68,35,100,Normal
2026-02-12 09:22:44.079277,Berlin-1e68,6,59,Normal
2026-02-12 09:22:45.079277,Berlin-1e68,-6,44,Normal
2026-02-12 09:22:46.079277,Berlin-1e68,-3,24,Normal
2026-02-12 09:22:47.079277,Berlin-1e68,3,27,Normal
2026-02-12 09:22:48.079277,Berlin-1e68,-28,56,Normal
2026-02-12 09:22:49.079277,Berlin-1e68,-21,35,Normal
2026-02-12 09:22:50.079277,Berlin-1e68,2,36,Normal
2026-02-12 09:22:51.079277,Berlin-1e68,50,57,Normal
2026-02-12 09:22:52.079277,Berlin-1e68,50,6,Normal
2026-02-12 09:22:53.079277,Berlin-1e68,12,82,Normal
2026-02-12 09:22:54.079277,Berlin-1e68,13,52,Normal
2026-02-12 09:22:55.079277,Berlin-1e68,11,24,Normal
2026-02-12 09:22:56.079277,Berlin-1e68,-1,42,Normal
2026-02-12 09:22:57.079277,Berlin-1e68,-26,12,Normal
2026-02-12 09:22:58.079277,Berlin-1e68,-8,99,Normal
2026-02-12 09:22:59.079277,Berlin-1e68,41,37,Normal
2026-02-12 09:23:00.079277,Berlin-1e68,22,40,Normal
2026-02-12 09:23:01.079277,Berlin-1e68,-1,66,Normal
2026-02-12 09:23:02.079277,Berlin-1e68,-13,99,Normal
2026-02-12 09:23:03.079277,Berlin-1e68,40,3,Normal
2026-02-12 09:23:04.079277,Berlin-1e68,-16,1,Normal
2026-02-12 09:23:05.079277,Berlin-1e68,-12,20,Normal
2026-02-12 09:23:06.079277,Berlin-1e68,49,48,Normal
2026-02-12 09:23:07.079277,Berlin-1e68,10,91,Normal
2026-02-12 09:23:08.079277,Berlin-1e68,-20,96,Normal
2026-02-12 09:23:09.079277,Berlin-1e68,23,93,Normal
2026-02-12 09:23:10.079277,Berlin-1e68,-28,84,Normal
2026-02-12 09:23:11.079277,Berlin-1e68,-16,22,Normal
2026-02-12 09:23:12.079277,Berlin-1e68,4,12,Normal
2026-02-12 09:23:13.079277,Berlin-1e68,-25,76,Normal
2026-02-12 09:23:14.079277,Berlin-1e68,46,84,Normal
2026-02-12 09:23:15.079277,Berlin-1e68,-18,20,Normal
2026-02-12 09:23:16.079277,Berlin-1e68,16,89,Normal
2026-02-12 09:23:17.079277,Berlin-1e68,-11,18,Normal
2026-02-12 09:23:18.079277,Berlin-1e68,31,12,Normal
2026-02-12 09:23:19.079277,Berlin-1e68,3,78,Normal
2026-02-12 09:23:20.079277,Berlin-1e68,25,26,Normal
2026-02-12 09:23:21.079277,Berlin-1e68,12,54,Normal
2026-02-12 09:23:22.079277,Berlin-1e68,-25,99,Normal
2026-02-12 09:23:23.079277,Berlin-1e68,10,65,Normal
2026-02-12 09:23:24.079277,Berlin-1e68,15,11,Normal
2026-02-12 09:23:25.079277,Berlin-1e68,-1,35,Normal
2026-02-12 09:23:26.079277,Berlin-1e68,4,58,Normal
2026-02-12 09:23:27.079277,Berlin-1e68,35,49,Normal
2026-02-12 09:23:28.079277,Berlin-1e68,-24,23,Normal
2026-02-12 09:23:29.079277,Berlin-1e68,12,39,Normal
2026-02-12 09:23:30.079277,Berlin-1e68,42,37,Normal
2026-02-12 09:23:31.079277,Berlin-1e68,27,30,Normal
2026-02-12 09:23:32.079277,Berlin-1e68,-24,56,Normal
2026-02-12 09:23:33.079277,Berlin-1e68,25,73,Normal
2026-02-12 09:23:34.079277,Berlin-1e68,-25,34,Normal
2026-02-12 09:23:35.079277,Berlin-1e68,41,86,Normal
2026-02-12 09:23:36.079277,Berlin-1e68,-23,20,Normal
2026-02-12 09:23:37.079277,Berlin-1e68,-7,44,Normal
2026-02-12 09:23:38.079277,Berlin-1e68,-29,60,Normal
2026-02-12 09:23:39.079277,Berlin-1e68,25,71,Normal
2026-02-12 09:23:40.079277,Berlin-1e68,2,68,Normal
2026-02-12 09:23:41.079277,Berlin-1e68,29,43,Normal
2026-02-12 09:23:42.079277,Berlin-1e68,-19,11,Normal
2026-02-12 09:23:43.079277,Berlin-1e68,43,84,Normal
2026-02-12 09:23:44.079277,Berlin-1e68,-7,77,Normal
2026-02-12 09:23:45.079277,Berlin-1e68,16,15,Normal
2026-02-12 09:23:46.079277,Berlin-1e68,14,84,Normal
2026-02-12 09:23:47.079277,Berlin-1e68,8,90,Normal
2026-02-12 09:23:48.079277,Berlin-1e68,29,4,Normal
2026-02-12 09:23:49.079277,Berlin-1e68,-14,71,Normal
2026-02-12 09:23:50.079277,Berlin-1e68,50,47,Normal
2026-02-12 09:23:51.079277,Berlin-1e68,25,51,Normal
2026-02-12 09:23:52.079277,Berlin-1e68,4,66,Normal
2026-02-12 09:23:53.079277,Berlin-1e68,43,57,Normal
2026-02-12 09:23:54.079277,Berlin-1e68,13,57,Normal
2026-02-12 09:23:55.079277,Berlin-1e68,-2,92,Normal
2026-02-12 09:23:56.079277,Berlin-1e68,17,53,Normal
2026-02-12 09:23:57.079277,Berlin-1e68,-9,20,Normal
2026-02-12 09:23:58.079277,Berlin-1e68,2,86,Normal
2026-02-12 09:23:59.079277,Berlin-1e68,43,16,Normal
2026-02-12 09:24:00.079277,Berlin-1e68,48,65,Normal
2026-02-12 09:24:01.079277,Berlin-1e68,-10,54,Normal
2026-02-12 09:24:02.079277,Berlin-1e68,-18,22,Normal
2026-02-12 09:24:03.079277,Berlin-1e68,41,21,Normal
2026-02-12 09:24:04.079277,Berlin-1e68,39,23,Normal
2026-02-12 09:24:05.079277,Berlin-1e68,16,80,Normal
2026-02-12 09:24:06.079277,Berlin-1e68,-3,97,Normal
2026-02-12 09:24:07.079277,Berlin-1e68,22,89,Normal
2026-02-12 09:24:08.079277,Berlin-1e68,-25,56,Normal
2026-02-12 09:24:09.079277,Berlin-1e68,8,64,Normal
2026-02-12 09:24:10.079277,Berlin-1e68,-19,83,Normal
2026-02-12 09:24:11.079277,Berlin-1e68,32,59,Normal
2026-02-12 09:24:12.079277,Berlin-1e68,1,96,Normal
2026-02-12 09:24:13.079277,Berlin-1e68,13,68,Normal
2026-02-12 09:24:14.079277,Berlin-1e68,50,87,Normal
2026-02-12 09:24:15.079277,Berlin-1e68,5,66,Normal
2026-02-12 09:24:16.079277,Berlin-1e68,-9,98,Normal
2026-02-12 09:24:17.079277,Berlin-1e68,36,35,Normal
2026-02-12 09:24:18.079277,Berlin-1e68,37,37,Normal
2026-02-12 09:24:19.079277,Berlin-1e68,-6,0,Normal
2026-02-12 09:24:20.079277,Berlin-1e68,-1,59,Normal
2026-02-12 09:24:21.079277,Berlin-1e68,10,23,Normal
2026-02-12 09:24:22.079277,Berlin-1e68,-14,60,Normal
2026-02-12 09:24:23.079277,Berlin-1e68,43,49,Normal
2026-02-12 09:24:24.079277,Berlin-1e68,-28,78,Normal
2026-02-12 09:24:25.079277,Berlin-1e68,-19,65,Normal
2026-02-12 09:24:26.079277,Berlin-1e68,12,36,Normal
2026-02-12 09:24:27.079277,Berlin-1e68,-5,81,Normal
2026-02-12 09:24:28.079277,Berlin-1e68,19,79,Normal
2026-02-12 09:24:29.079277,Berlin-1e68,-30,66,Normal
2026-02-12 09:24:30.079277,Berlin-1e68,41,4,Normal
2026-02-12 09:24:31.079277,Berlin-1e68,28,36,Normal
2026-02-12 09:24:32.079277,Berlin-1e68,35,74,Normal
2026-02-12 09:24:33.079277,Berlin-1e68,-28,23,Normal
2026-02-12 09:24:34.079277,Berlin-1e68,7,9,Normal
2026-02-12 09:24:35.079277,Berlin-1e68,44,32,Normal
2026-02-12 09:24:36.079277,Berlin-1e68,26,64,Normal
2026-02-12 09:24:37.079277,Berlin-1e68,-15,34,Normal
2026-02-12 09:24:38.079277,Berlin-1e68,-1,66,Normal
2026-02-12 09:24:39.079277,Berlin-1e68,9,89,Normal
2026-02-12 09:24:40.079277,Berlin-1e68,37,53,Normal
2026-02-12 09:24:41.079277,Berlin-1e68,32,93,Normal
2026-02-12 09:24:42.079277,Berlin-1e68,-11,96,Normal
2026-02-12 09:24:43.079277,Berlin-1e68,4,52,Normal
2026-02-12 09:24:44.079277,Berlin-1e68,10,64,Normal
2026-02-12 09:24:45.079277,Berlin-1e68,-4,53,Normal
2026-02-12 09:24:46.079277,Berlin-1e68,-17,70,Normal
2026-02-12 09:24:47.079277,Berlin-1e68,40,81,Normal
2026-02-12 09:24:48.079277,Berlin-1e68,-13,12,Normal
2026-02-12 09:24:49.079277,Berlin-1e68,-8,75,Normal
2026-02-12 09:24:50.079277,Berlin-1e68,34,80,Normal
2026-02-12 09:24:51.079277,Berlin-1e68,-11,12,Normal
2026-02-12 09:24:52.079277,Berlin-1e68,42,46,Normal
2026-02-12 09:24:53.079277,Berlin-1e68,48,64,Normal
2026-02-12 09:24:54.079277,Berlin-1e68,-25,69,Normal
2026-02-12 09:24:55.079277,Berlin-1e68,15,36,Normal
2026-02-12 09:24:56.079277,Berlin-1e68,41,94,Normal
2026-02-12 09:24:57.079277,Berlin-1e68,37,97,Normal
2026-02-12 09:24:58.079277,Berlin-1e68,22,55,Normal
2026-02-12 09:24:59.079277,Berlin-1e68,11,17,Normal
2026-02-12 09:25:00.079277,Berlin-1e68,13,6,Normal
2026-02-12 09:25:01.079277,Berlin-1e68,-27,34,Normal
2026-02-12 09:25:02.079277,Berlin-1e68,-14,56,Normal
2026-02-12 09:25:03.079277,Berlin-1e68,0,78,Normal
2026-02-12 09:25:04.079277,Berlin-1e68,5,58,Normal
2026-02-12 09:25:05.079277,Berlin-1e68,-15,57,Normal
2026-02-12 09:25:06.079277,Berlin-1e68,28,37,Normal
2026-02-12 09:25:07.079277,Berlin-1e68,6,8,Normal
2026-02-12 09:25:08.079277,Berlin-1e68,-6,60,Normal
2026-02-12 09:25:09.079277,Berlin-1e68,-22,27,Normal
2026-02-12 09:25:10.079277,Berlin-1e68,-30,0,Normal
2026-02-12 09:25:11.079277,Berlin-1e68,-22,50,Normal
2026-02-12 09:25:12.079277,Berlin-1e68,-3,73,Normal
2026-02-12 09:25:13.079277,Berlin-1e68,15,85,Normal
2026-02-12 09:25:14.079277,Berlin-1e68,37,92,Normal
2026-02-12 09:25:15.079277,Berlin-1e68,45,24,Normal
2026-02-12 09:25:16.079277,Berlin-1e68,50,9,Normal
2026-02-12 09:25:17.079277,Berlin-1e68,49,26,Normal
2026-02-12 09:25:18.079277,Berlin-1e68,-6,0,Normal
2026-02-12 09:25:19.079277,Berlin-1e68,39,56,Normal
2026-02-12 09:25:20.079277,Berlin-1e68,10,72,Normal
2026-02-12 09:25:21.079277,Berlin-1e68,42,48,Normal
2026-02-12 09:25:22.079277,Berlin-1e68,30,33,Normal
2026-02-12 09:25:23.079277,Berlin-1e68,28,12,Normal
2026-02-12 09:25:24.079277,Berlin-1e68,39,58,Normal
2026-02-12 09:25:25.079277,Berlin-1e68,25,61,Normal
2026-02-12 09:25:26.079277,Berlin-1e68,-6,45,Normal
2026-02-12 09:25:27.079277,Berlin-1e68,37,27,Normal
2026-02-12 09:25:28.079277,Berlin-1e68,-29,71,Normal
2026-02-12 09:25:29.079277,Berlin-1e68,-14,9,Normal
2026-02-12 09:25:30.079277,Berlin-1e68,-9,59,Normal
2026-02-12 09:25:31.079277,Berlin-1e68,14,9,Normal
2026-02-12 09:25:32.079277,Berlin-1e68,-18,87,Normal
2026-02-12 09:25:33.079277,Berlin-1e68,40,37,Normal
2026-02-12 09:25:34.079277,Berlin-1e68,-13,17,Normal
2026-02-12 09:25:35.079277,Berlin-1e68,-8,76,Normal
2026-02-12 09:25:36.079277,Berlin-1e68,47,39,Normal
2026-02-12 09:25:37.079277,Berlin-1e68,2,34,Normal
2026-02-12 09:25:38.079277,Berlin-1e68,33,16,Normal
2026-02-12 09:25:39.079277,Berlin-1e68,-20,47,Normal
2026-02-12 09:25:40.079277,Berlin-1e68,-10,83,Normal
2026-02-12 09:25:41.079277,Berlin-1e68,8,43,Normal
2026-02-12 09:25:42.079277,Berlin-1e68,-18,65,Normal
2026-02-12 09:25:43.079277,Berlin-1e68,-17,4,Normal
2026-02-12 09:25:44.079277,Berlin-1e68,-11,69,Normal
2026-02-12 09:25:45.079277,Berlin-1e68,10,50,Normal
2026-02-12 09:25:46.079277,Berlin-1e68,-15,55,Normal
2026-02-12 09:25:47.079277,Berlin-1e68,34,83,Normal
2026-02-12 09:25:48.079277,Berlin-1e68,42,56,Normal
2026-02-12 09:25:49.079277,Berlin-1e68,27,8,Normal
2026-02-12 09:25:50.079277,Berlin-1e68,-27,27,Normal
2026-02-12 09:25:51.079277,Berlin-1e68,-15,95,Normal
2026-02-12 09:25:52.079277,Berlin-1e68,40,50,Normal
2026-02-12 09:25:53.079277,Berlin-1e68,28,61,Normal
2026-02-12 09:25:54.079277,Berlin-1e68,10,30,Normal
2026-02-12 09:25:55.079277,Berlin-1e68,-26,87,Normal
2026-02-12 09:25:56.079277,Berlin-1e68,-11,96,Normal
2026-02-12 09:25:57.079277,Berlin-1e68,35,56,Normal
2026-02-12 09:25:58.079277,Berlin-1e68,-6,30,Normal
2026-02-12 09:25:59.079277,Berlin-1e68,44,95,Normal
2026-02-12 09:26:00.079277,Berlin-1e68,10,40,Normal
2026-02-12 09:26:01.079277,Berlin-1e68,-29,91,Normal
2026-02-12 09:26:02.079277,Berlin-1e68,4,13,Normal
2026-02-12 09:26:03.079277,Berlin-1e68,40,15,Normal
2026-02-12 09:26:04.079277,Berlin-1e68,25,49,Normal
2026-02-12 09:26:05.079277,Berlin-1e68,46,79,Normal
2026-02-12 09:26:06.079277,Berlin-1e68,-29,68,Normal
2026-02-12 09:26:07.079277,Berlin-1e68,-30,55,Normal
2026-02-12 09:26:08.079277,Berlin-1e68,36,61,Normal
2026-02-12 09:26:09.079277,Berlin-1e68,38,33,Normal
2026-02-12 09:26:10.079277,Berlin-1e68,16,36,Normal
2026-02-12 09:26:11.079277,Berlin-1e68,34,6,Normal
2026-02-12 09:26:12.079277,Berlin-1e68,-10,91,Normal
2026-02-12 09:26:13.079277,Berlin-1e68,4,11,Normal
2026-02-12 09:26:14.079277,Berlin-1e68,35,22,Normal
2026-02-12 09:26:15.079277,Berlin-1e68,21,59,Normal
2026-02-12 09:26:16.079277,Berlin-1e68,2,40,Normal
2026-02-12 09:26:17.079277,Berlin-1e68,11,98,Normal
2026-02-12 09:26:18.079277,Berlin-1e68,11,84,Normal
2026-02-12 09:26:19.079277,Berlin-1e68,-23,75,Normal
2026-02-12 09:26:20.079277,Berlin-1e68,32,3,Normal
2026-02-12 09:26:21.079277,Berlin-1e68,-27,51,Normal
2026-02-12 09:26:22.079277,Berlin-1e68,-24,56,Normal
2026-02-12 09:26:23.079277,Berlin-1e68,49,76,Normal
2026-02-12 09:26:24.079277,Berlin-1e68,36,17,Normal
2026-02-12 09:26:25.079277,Berlin-1e68,-15,32,Normal
2026-02-12 09:26:26.079277,Berlin-1e68,-18,90,Normal
2026-02-12 09:26:27.079277,Berlin-1e68,1,81,Normal
2026-02-12 09:26:28.079277,Berlin-1e68,6,9,Normal
2026-02-12 09:26:29.079277,Berlin-1e68,-27,50,Normal
2026-02-12 09:26:30.079277,Berlin-1e68,-30,99,Normal
2026-02-12 09:26:31.079277,Berlin-1e68,37,18,Normal
2026-02-12 09:26:32.079277,Berlin-1e68,-7,81,Normal
2026-02-12 09:26:33.079277,Berlin-1e68,-9,78,Normal
2026-02-12 09:26:34.079277,Berlin-1e68,18,57,Normal
2026-02-12 09:26:35.079277,Berlin-1e68,48,45,Normal
2026-02-12 09:26:36.079277,Berlin-1e68,45,65,Normal
2026-02-12 09:26:37.079277,Berlin-1e68,0,53,Normal
2026-02-12 09:26:38.079277,Berlin-1e68,11,71,Normal
2026-02-12 09:26:39.079277,Berlin-1e68,28,87,Normal
2026-02-12 09:26:40.079277,Berlin-1e68,39,66,Normal
2026-02-12 09:26:41.079277,Berlin-1e68,46,72,Normal
2026-02-12 09:26:42.079277,Berlin-1e68,0,89,Normal
2026-02-12 09:26:43.079277,Berlin-1e68,43,59,Normal
2026-02-12 09:26:44.079277,Berlin-1e68,42,97,Normal
2026-02-12 09:26:45.079277,Berlin-1e68,5,65,Normal
2026-02-12 09:26:46.079277,Berlin-1e68,10,80,Normal
2026-02-12 09:26:47.079277,Berlin-1e68,-11,86,Normal
2026-02-12 09:26:48.079277,Berlin-1e68,42,48,Normal
2026-02-12 09:26:49.079277,Berlin-1e68,-25,63,Normal
2026-02-12 09:26:50.079277,Berlin-1e68,42,11,Normal
2026-02-12 09:26:51.079277,Berlin-1e68,-22,40,Normal
2026-02-12 09:26:52.079277,Berlin-1e68,-6,49,Normal
2026-02-12 09:26:53.079277,Berlin-1e68,-11,98,Normal
2026-02-12 09:26:54.079277,Berlin-1e68,-25,78,Normal
2026-02-12 09:26:55.079277,Berlin-1e68,12,95,Normal
2026-02-12 09:26:56.079277,Berlin-1e68,45,63,Normal
2026-02-12 09:26:57.079277,Berlin-1e68,-6,78,Normal
2026-02-12 09:26:58.079277,Berlin-1e68,19,37,Normal
2026-02-12 09:26:59.079277,Berlin-1e68,34,97,Normal
2026-02-12 09:27:00.079277,Berlin-1e68,-26,35,Normal
2026-02-12 09:27:01.079277,Berlin-1e68,18,87,Normal
2026-02-12 09:27:02.079277,Berlin-1e68,38,27,Normal
2026-02-12 09:27:03.079277,Berlin-1e68,8,39,Normal
2026-02-12 09:27:04.079277,Berlin-1e68,-26,69,Normal
2026-02-12 09:27:05.079277,Berlin-1e68,3,19,Normal
2026-02-12 09:27:06.079277,Berlin-1e68,-10,38,Normal
2026-02-12 09:27:07.079277,Berlin-1e68,47,25,Normal
2026-02-12 09:27:08.079277,Berlin-1e68,3,52,Normal
2026-02-12 09:27:09.079277,Berlin-1e68,1,12,Normal
2026-02-12 09:27:10.079277,Berlin-1e68,-13,95,Normal
2026-02-12 09:27:11.079277,Berlin-1e68,-15,19,Normal
2026-02-12 09:27:12.079277,Berlin-1e68,-18,81,Normal
2026-02-12 09:27:13.079277,Berlin-1e68,-15,21,Normal
2026-02-12 09:27:14.079277,Berlin-1e68,-5,43,Normal
2026-02-12 09:27:15.079277,Berlin-1e68,2,99,Normal
2026-02-12 09:27:16.079277,Berlin-1e68,46,37,Normal
2026-02-12 09:27:17.079277,Berlin-1e68,22,61,Normal
2026-02-12 09:27:18.079277,Berlin-1e68,12,61,Normal
2026-02-12 09:27:19.079277,Berlin-1e68,10,53,Normal
2026-02-12 09:27:20.079277,Berlin-1e68,4,82,Normal
2026-02-12 09:27:21.079277,Berlin-1e68,9,45,Normal
2026-02-12 09:27:22.079277,Berlin-1e68,-11,0,Normal
2026-02-12 09:27:23.079277,Berlin-1e68,-17,55,Normal
2026-02-12 09:27:24.079277,Berlin-1e68,-19,47,Normal
2026-02-12 09:27:25.079277,Berlin-1e68,17,47,Normal
2026-02-12 09:27:26.079277,Berlin-1e68,2,8,Normal
2026-02-12 09:27:27.079277,Berlin-1e68,46,14,Normal
2026-02-12 09:27:28.079277,Berlin-1e68,14,82,Normal
2026-02-12 09:27:29.079277,Berlin-1e68,46,55,Normal
2026-02-12 09:27:30.079277,Berlin-1e68,-20,62,Normal
2026-02-12 09:27:31.079277,Berlin-1e68,5,66,Normal
2026-02-12 09:27:32.079277,Berlin-1e68,40,99,Normal
2026-02-12 09:27:33.079277,Berlin-1e68,43,59,Normal
2026-02-12 09:27:34.079277,Berlin-1e68,-27,10,Normal
2026-02-12 09:27:35.079277,Berlin-1e68,-24,63,Normal
2026-02-12 09:27:36.079277,Berlin-1e68,-23,32,Normal
2026-02-12 09:27:37.079277,Berlin-1e68,0,36,Normal
2026-02-12 09:27:38.079277,Berlin-1e68,0,49,Normal
2026-02-12 09:27:39.079277,Berlin-1e68,23,96,Normal
2026-02-12 09:27:40.079277,Berlin-1e68,-8,96,Normal
2026-02-12 09:27:41.079277,Berlin-1e68,-6,22,Normal
2026-02-12 09:27:42.079277,Berlin-1e68,23,75,Normal
2026-02-12 09:27:43.079277,Berlin-1e68,-29,99,Normal
2026-02-12 09:27:44.079277,Berlin-1e68,38,82,Normal
2026-02-12 09:27:45.079277,Berlin-1e68,17,8,Normal
2026-02-12 09:27:46.079277,Berlin-1e68,49,6,Normal
2026-02-12 09:27:47.079277,Berlin-1e68,14,68,Normal
2026-02-12 09:27:48.079277,Berlin-1e68,-17,5,Normal
2026-02-12 09:27:49.079277,Berlin-1e68,14,59,Normal
2026-02-12 09:27:50.079277,Berlin-1e68,4,72,Normal
2026-02-12 09:27:51.079277,Berlin-1e68,-1,98,Normal
2026-02-12 09:27:52.079277,Berlin-1e68,-20,13,Normal
2026-02-12 09:27:53.079277,Berlin-1e68,-6,52,Normal
2026-02-12 09:27:54.079277,Berlin-1e68,12,28,Normal
2026-02-12 09:27:55.079277,Berlin-1e68,46,76,Normal
2026-02-12 09:27:56.079277,Berlin-1e68,44,72,Normal
2026-02-12 09:27:57.079277,Berlin-1e68,25,14,Normal
2026-02-12 09:27:58.079277,Berlin-1e68,49,12,Normal
2026-02-12 09:27:59.079277,Berlin-1e68,-16,23,Normal
2026-02-12 09:28:00.079277,Berlin-1e68,-5,72,Normal
2026-02-12 09:28:01.079277,Berlin-1e68,12,28,Normal
2026-02-12 09:28:02.079277,Berlin-1e68,20,4,Normal
2026-02-12 09:28:03.079277,Berlin-1e68,-6,30,Normal
2026-02-12 09:28:04.079277,Berlin-1e68,-11,30,Normal
2026-02-12 09:28:05.079277,Berlin-1e68,-29,15,Normal
2026-02-12 09:28:06.079277,Berlin-1e68,-23,20,Normal
2026-02-12 09:28:07.079277,Berlin-1e68,43,8,Normal
2026-02-12 09:28:08.079277,Berlin-1e68,38,33,Normal
2026-02-12 09:28:09.079277,Berlin-1e68,-13,54,Normal
2026-02-12 09:28:10.079277,Berlin-1e68,19,47,Normal
2026-02-12 09:28:11.079277,Berlin-1e68,-1,20,Normal
2026-02-12 09:28:12.079277,Berlin-1e68,8,42,Normal
2026-02-12 09:28:13.079277,Berlin-1e68,30,0,Normal
2026-02-12 09:28:14.079277,Berlin-1e68,-27,3,Normal
2026-02-12 09:28:15.079277,Berlin-1e68,-8,6,Normal
2026-02-12 09:28:16.079277,Berlin-1e68,9,89,Normal
2026-02-12 09:28:17.079277,Berlin-1e68,-25,63,Normal
2026-02-12 09:28:18.079277,Berlin-1e68,10,92,Normal
2026-02-12 09:28:19.079277,Berlin-1e68,50,0,Normal
2026-02-12 09:28:20.079277,Berlin-1e68,7,25,Normal
2026-02-12 09:28:21.079277,Berlin-1e68,-2,73,Normal
2026-02-12 09:28:22.079277,Berlin-1e68,44,19,Normal
2026-02-12 09:28:23.079277,Berlin-1e68,49,53,Normal
2026-02-12 09:28:24.079277,Berlin-1e68,15,70,Normal
2026-02-12 09:28:25.079277,Berlin-1e68,40,96,Normal
2026-02-12 09:28:26.079277,Berlin-1e68,35,83,Normal
2026-02-12 09:28:27.079277,Berlin-1e68,35,36,Normal
2026-02-12 09:28:28.079277,Berlin-1e68,-8,16,Normal
2026-02-12 09:28:29.079277,Berlin-1e68,12,12,Normal
2026-02-12 09:28:30.079277,Berlin-1e68,39,4,Normal
2026-02-12 09:28:31.079277,Berlin-1e68,-15,23,Normal
2026-02-12 09:28:32.079277,Berlin-1e68,10,34,Normal
2026-02-12 09:28:33.079277,Berlin-1e68,-3,97,Normal
2026-02-12 09:28:34.079277,Berlin-1e68,-2,30,Normal
2026-02-12 09:28:35.079277,Berlin-1e68,19,68,Normal
2026-02-12 09:28:36.079277,Berlin-1e68,15,40,Normal
2026-02-12 09:28:37.079277,Berlin-1e68,38,68,Normal
2026-02-12 09:28:38.079277,Berlin-1e68,7,35,Normal
2026-02-12 09:28:39.079277,Berlin-1e68,-11,17,Normal
2026-02-12 09:28:40.079277,Berlin-1e68,43,11,Normal
2026-02-12 09:28:41.079277,Berlin-1e68,32,59,Normal
2026-02-12 09:28:42.079277,Berlin-1e68,42,28,Normal
2026-02-12 09:28:43.079277,Berlin-1e68,29,31,Normal
2026-02-12 09:28:44.079277,Berlin-1e68,-30,75,Normal
2026-02-12 09:28:45.079277,Berlin-1e68,-7,0,Normal
2026-02-12 09:28:46.079277,Berlin-1e68,13,32,Normal
2026-02-12 09:28:47.079277,Berlin-1e68,42,66,Normal
2026-02-12 09:28:48.079277,Berlin-1e68,29,22,Normal
2026-02-12 09:28:49.079277,Berlin-1e68,36,18,Normal
2026-02-12 09:28:50.079277,Berlin-1e68,24,12,Normal
2026-02-12 09:28:51.079277,Berlin-1e68,-21,31,Normal
2026-02-12 09:28:52.079277,Berlin-1e68,33,54,Normal
2026-02-12 09:28:53.079277,Berlin-1e68,27,26,Normal
2026-02-12 09:28:54.079277,Berlin-1e68,24,44,Normal
2026-02-12 09:28:55.079277,Berlin-1e68,46,5,Normal
2026-02-12 09:28:56.079277,Berlin-1e68,-19,38,Normal
2026-02-12 09:28:57.079277,Berlin-1e68,-11,96,Normal
2026-02-12 09:28:58.079277,Berlin-1e68,-9,27,Normal
2026-02-12 09:28:59.079277,Berlin-1e68,16,61,Normal
2026-02-12 09:29:00.079277,Berlin-1e68,24,36,Normal
2026-02-12 09:29:01.079277,Berlin-1e68,-16,86,Normal
2026-02-12 09:29:02.079277,Berlin-1e68,-4,98,Normal
2026-02-12 09:29:03.079277,Berlin-1e68,-26,38,Normal
2026-02-12 09:29:04.079277,Berlin-1e68,50,100,Normal
2026-02-12 09:29:05.079277,Berlin-1e68,0,19,Normal
2026-02-12 09:29:06.079277,Berlin-1e68,30,82,Normal
2026-02-12 09:29:07.079277,Berlin-1e68,34,7,Normal
2026-02-12 09:29:08.079277,Berlin-1e68,33,73,Normal
2026-02-12 09:29:09.079277,Berlin-1e68,-8,75,Normal
2026-02-12 09:29:10.079277,Berlin-1e68,30,59,Normal
2026-02-12 09:29:11.079277,Berlin-1e68,-28,70,Normal
2026-02-12 09:29:12.079277,Berlin-1e68,13,83,Normal
2026-02-12 09:29:13.079277,Berlin-1e68,-2,57,Normal
2026-02-12 09:29:14.079277,Berlin-1e68,17,60,Normal
2026-02-12 09:29:15.079277,Berlin-1e68,16,71,Normal
2026-02-12 09:29:16.079277,Berlin-1e68,-13,98,Normal
2026-02-12 09:29:17.079277,Berlin-1e68,-26,31,Normal
2026-02-12 09:29:18.079277,Berlin-1e68,-13,100,Normal
2026-02-12 09:29:19.079277,Berlin-1e68,7,50,Normal
2026-02-12 09:29:20.079277,Berlin-1e68,-21,67,Normal
2026-02-12 09:29:21.079277,Berlin-1e68,-18,89,Normal
2026-02-12 09:29:22.079277,Berlin-1e68,2,11,Normal
2026-02-12 09:29:23.079277,Berlin-1e68,4,20,Normal
2026-02-12 09:29:24.079277,Berlin-1e68,-9,73,Normal
2026-02-12 09:29:25.079277,Berlin-1e68,6,64,Normal
2026-02-12 09:29:26.079277,Berlin-1e68,33,5,Normal
2026-02-12 09:29:27.079277,Berlin-1e68,44,11,Normal
2026-02-12 09:29:28.079277,Berlin-1e68,27,9,Normal
2026-02-12 09:29:29.079277,Berlin-1e68,49,42,Normal
2026-02-12 09:29:30.079277,Berlin-1e68,49,63,Normal
2026-02-12 09:29:31.079277,Berlin-1e68,-24,42,Normal
2026-02-12 09:29:32.079277,Berlin-1e68,33,23,Normal
2026-02-12 09:29:33.079277,Berlin-1e68,22,50,Normal
2026-02-12 09:29:34.079277,Berlin-1e68,-4,81,Normal
2026-02-12 09:29:35.079277,Berlin-1e68,41,56,Normal
2026-02-12 09:29:36.079277,Berlin-1e68,-29,44,Normal
2026-02-12 09:29:37.079277,Berlin-1e68,-27,71,Normal
2026-02-12 09:29:38.079277,Berlin-1e68,43,96,Normal
2026-02-12 09:29:39.079277,Berlin-1e68,14,78,Normal
2026-02-12 09:29:40.079277,Berlin-1e68,13,79,Normal
2026-02-12 09:29:41.079277,Berlin-1e68,16,97,Normal
2026-02-12 09:29:42.079277,Berlin-1e68,34,32,Normal
2026-02-12 09:29:43.079277,Berlin-1e68,2,71,Normal
2026-02-12 09:29:44.079277,Berlin-1e68,10,49,Normal
2026-02-12 09:29:45.079277,Berlin-1e68,-13,40,Normal
2026-02-12 09:29:46.079277,Berlin-1e68,-6,20,Normal
2026-02-12 09:29:47.079277,Berlin-1e68,-2,45,Normal
2026-02-12 09:29:48.079277,Berlin-1e68,17,86,Normal
2026-02-12 09:29:49.079277,Berlin-1e68,-16,92,Normal
2026-02-12 09:29:50.079277,Berlin-1e68,27,21,Normal
2026-02-12 09:29:51.079277,Berlin-1e68,-10,43,Normal
2026-02-12 09:29:52.079277,Berlin-1e68,6,55,Normal
2026-02-12 09:29:53.079277,Berlin-1e68,16,72,Normal
2026-02-12 09:29:54.079277,Berlin-1e68,-9,72,Normal
2026-02-12 09:29:55.079277,Berlin-1e68,37,27,Normal
2026-02-12 09:29:56.079277,Berlin-1e68,45,69,Normal
2026-02-12 09:29:57.079277,Berlin-1e68,2,32,Normal
2026-02-12 09:29:58.079277,Berlin-1e68,-19,73,Normal
2026-02-12 09:29:59.079277,Berlin-1e68,35,16,Normal
2026-02-12 09:30:00.079277,Berlin-1e68,30,38,Normal
2026-02-12 09:30:01.079277,Berlin-1e68,-8,77,Normal
2026-02-12 09:30:02.079277,Berlin-1e68,-19,28,Normal
2026-02-12 09:30:03.079277,Berlin-1e68,2,45,Normal
2026-02-12 09:30:04.079277,Berlin-1e68,16,99,Normal
2026-02-12 09:30:05.079277,Berlin-1e68,-17,4,Normal
2026-02-12 09:30:06.079277,Berlin-1e68,-14,50,Normal
2026-02-12 09:30:07.079277,Berlin-1e68,-3,81,Normal
2026-02-12 09:30:08.079277,Berlin-1e68,-30,8,Normal
2026-02-12 09:30:09.079277,Berlin-1e68,-23,16,Normal
2026-02-12 09:30:10.079277,Berlin-1e68,45,15,Normal
2026-02-12 09:30:11.079277,Berlin-1e68,-10,35,Normal
2026-02-12 09:30:12.079277,Berlin-1e68,36,69,Normal
2026-02-12 09:30:13.079277,Berlin-1e68,-1,18,Normal
2026-02-12 09:30:14.079277,Berlin-1e68,11,79,Normal
2026-02-12 09:30:15.079277,Berlin-1e68,9,86,Normal
2026-02-12 09:30:16.079277,Berlin-1e68,24,52,Normal
2026-02-12 09:30:17.079277,Berlin-1e68,17,16,Normal
2026-02-12 09:30:18.079277,Berlin-1e68,-8,15,Normal
2026-02-12 09:30:19.079277,Berlin-1e68,32,50,Normal
2026-02-12 09:30:20.079277,Berlin-1e68,-2,99,Normal
2026-02-12 09:30:21.079277,Berlin-1e68,17,66,Normal
2026-02-12 09:30:22.079277,Berlin-1e68,-25,33,Normal
2026-02-12 09:30:23.079277,Berlin-1e68,32,37,Normal
2026-02-12 09:30:24.079277,Berlin-1e68,23,13,Normal
2026-02-12 09:30:25.079277,Berlin-1e68,-17,14,Normal
2026-02-12 09:30:26.079277,Berlin-1e68,33,82,Normal
2026-02-12 09:30:27.079277,Berlin-1e68,36,44,Normal
2026-02-12 09:30:28.079277,Berlin-1e68,22,17,Normal
2026-02-12 09:30:29.079277,Berlin-1e68,-10,61,Normal
2026-02-12 09:30:30.079277,Berlin-1e68,-4,63,Normal
2026-02-12 09:30:31.079277,Berlin-1e68,46,56,Normal
2026-02-12 09:30:32.079277,Berlin-1e68,34,62,Normal
2026-02-12 09:30:33.079277,Berlin-1e68,14,44,Normal
2026-02-12 09:30:34.079277,Berlin-1e68,-18,61,Normal
2026-02-12 09:30:35.079277,Berlin-1e68,7,80,Normal
2026-02-12 09:30:36.079277,Berlin-1e68,-20,55,Normal
2026-02-12 09:30:37.079277,Berlin-1e68,2,92,Normal
2026-02-12 09:30:38.079277,Berlin-1e68,16,24,Normal
2026-02-12 09:30:39.079277,Berlin-1e68,20,30,Normal
2026-02-12 09:30:40.079277,Berlin-1e68,43,10,Normal
2026-02-12 09:30:41.079277,Berlin-1e68,-5,31,Normal
2026-02-12 09:30:42.079277,Berlin-1e68,36,100,Normal
2026-02-12 09:30:43.079277,Berlin-1e68,30,52,Normal
2026-02-12 09:30:44.079277,Berlin-1e68,-4,21,Normal
2026-02-12 09:30:45.079277,Berlin-1e68,23,7,Normal
2026-02-12 09:30:46.079277,Berlin-1e68,-22,13,Normal
2026-02-12 09:30:47.079277,Berlin-1e68,26,39,Normal
2026-02-12 09:30:48.079277,Berlin-1e68,27,40,Normal
2026-02-12 09:30:49.079277,Berlin-1e68,10,98,Normal
2026-02-12 09:30:50.079277,Berlin-1e68,36,59,Normal
2026-02-12 09:30:51.079277,Berlin-1e68,17,27,Normal
2026-02-12 09:30:52.079277,Berlin-1e68,47,79,Normal
2026-02-12 09:30:53.079277,Berlin-1e68,-2,17,Normal
2026-02-12 09:30:54.079277,Berlin-1e68,42,0,Normal
2026-02-12 09:30:55.079277,Berlin-1e68,21,40,Normal
2026-02-12 09:30:56.079277,Berlin-1e68,-11,81,Normal
2026-02-12 09:30:57.079277,Berlin-1e68,24,10,Normal
2026-02-12 09:30:58.079277,Berlin-1e68,18,16,Normal
2026-02-12 09:30:59.079277,Berlin-1e68,45,67,Normal
2026-02-12 09:31:00.079277,Berlin-1e68,49,18,Normal
2026-02-12 09:31:01.079277,Berlin-1e68,-18,61,Normal
2026-02-12 09:31:02.079277,Berlin-1e68,34,50,Normal
2026-02-12 09:31:03.079277,Berlin-1e68,-24,41,Normal
2026-02-12 09:31:04.079277,Berlin-1e68,33,40,Normal
2026-02-12 09:31:05.079277,Berlin-1e68,-11,55,Normal
2026-02-12 09:31:06.079277,Berlin-1e68,-1,71,Normal
2026-02-12 09:31:07.079277,Berlin-1e68,36,18,Normal
2026-02-12 09:31:08.079277,Berlin-1e68,16,52,Normal
2026-02-12 09:31:09.079277,Berlin-1e68,41,61,Normal
2026-02-12 09:31:10.079277,Berlin-1e68,-16,72,Normal
2026-02-12 09:31:11.079277,Berlin-1e68,18,68,Normal
2026-02-12 09:31:12.079277,Berlin-1e68,9,44,Normal
2026-02-12 09:31:13.079277,Berlin-1e68,-20,36,Normal
2026-02-12 09:31:14.079277,Berlin-1e68,-9,93,Normal
2026-02-12 09:31:15.079277,Berlin-1e68,-1,22,Normal
2026-02-12 09:31:16.079277,Berlin-1e68,19,89,Normal
2026-02-12 09:31:17.079277,Berlin-1e68,8,76,Normal
2026-02-12 09:31:18.079277,Berlin-1e68,45,42,Normal
2026-02-12 09:31:19.079277,Berlin-1e68,-16,73,Normal
2026-02-12 09:31:20.079277,Berlin-1e68,-2,61,Normal
2026-02-12 09:31:21.079277,Berlin-1e68,6,55,Normal
2026-02-12 09:31:22.079277,Berlin-1e68,-14,4,Normal
2026-02-12 09:31:23.079277,Berlin-1e68,-28,87,Normal
2026-02-12 09:31:24.079277,Berlin-1e68,-19,25,Normal
2026-02-12 09:31:25.079277,Berlin-1e68,-26,15,Normal
2026-02-12 09:31:26.079277,Berlin-1e68,-7,8,Normal
2026-02-12 09:31:27.079277,Berlin-1e68,-24,82,Normal
2026-02-12 09:31:28.079277,Berlin-1e68,19,74,Normal
2026-02-12 09:31:29.079277,Berlin-1e68,14,63,Normal
2026-02-12 09:31:30.079277,Berlin-1e68,8,46,Normal
2026-02-12 09:31:31.079277,Berlin-1e68,2,58,Normal
2026-02-12 09:31:32.079277,Berlin-1e68,-15,34,Normal
2026-02-12 09:31:33.079277,Berlin-1e68,-14,37,Normal
2026-02-12 09:31:34.079277,Berlin-1e68,-8,90,Normal
2026-02-12 09:31:35.079277,Berlin-1e68,43,49,Normal
2026-02-12 09:31:36.079277,Berlin-1e68,50,25,Normal
2026-02-12 09:31:37.079277,Berlin-1e68,-16,51,Normal
2026-02-12 09:31:38.079277,Berlin-1e68,-20,4,Normal
2026-02-12 09:31:39.079277,Berlin-1e68,47,91,Normal
2026-02-12 09:31:40.079277,Berlin-1e68,-3,57,Normal
2026-02-12 09:31:41.079277,Berlin-1e68,32,7,Normal
2026-02-12 09:31:42.079277,Berlin-1e68,49,15,Normal
2026-02-12 09:31:43.079277,Berlin-1e68,5,58,Normal
2026-02-12 09:31:44.079277,Berlin-1e68,-22,49,Normal
2026-02-12 09:31:45.079277,Berlin-1e68,6,95,Normal
2026-02-12 09:31:46.079277,Berlin-1e68,41,66,Normal
2026-02-12 09:31:47.079277,Berlin-1e68,-8,93,Normal
2026-02-12 09:31:48.079277,Berlin-1e68,40,2,Normal
2026-02-12 09:31:49.079277,Berlin-1e68,48,59,Normal
2026-02-12 09:31:50.079277,Berlin-1e68,15,82,Normal
2026-02-12 09:31:51.079277,Berlin-1e68,31,49,Normal
2026-02-12 09:31:52.079277,Berlin-1e68,8,44,Normal
2026-02-12 09:31:53.079277,Berlin-1e68,37,13,Normal
2026-02-12 09:31:54.079277,Berlin-1e68,1,96,Normal
2026-02-12 09:31:55.079277,Berlin-1e68,38,21,Normal
2026-02-12 09:31:56.079277,Berlin-1e68,-8,93,Normal
2026-02-12 09:31:57.079277,Berlin-1e68,-30,49,Normal
2026-02-12 09:31:58.079277,Berlin-1e68,28,39,Normal
2026-02-12 09:31:59.079277,Berlin-1e68,-16,64,Normal
2026-02-12 09:32:00.079277,Berlin-1e68,-20,97,Normal
2026-02-12 09:32:01.079277,Berlin-1e68,20,11,Normal
2026-02-12 09:32:02.079277,Berlin-1e68,-9,67,Normal
2026-02-12 09:32:03.079277,Berlin-1e68,-12,64,Normal
2026-02-12 09:32:04.079277,Berlin-1e68,35,54,Normal
2026-02-12 09:32:05.079277,Berlin-1e68,-24,75,Normal
2026-02-12 09:32:06.079277,Berlin-1e68,-4,28,Normal
2026-02-12 09:32:07.079277,Berlin-1e68,1,77,Normal
2026-02-12 09:32:08.079277,Berlin-1e68,31,13,Normal
2026-02-12 09:32:09.079277,Berlin-1e68,-19,69,Normal
2026-02-12 09:32:10.079277,Berlin-1e68,17,6,Normal
2026-02-12 09:32:11.079277,Berlin-1e68,-11,85,Normal
2026-02-12 09:32:12.079277,Berlin-1e68,27,8,Normal
2026-02-12 09:32:13.079277,Berlin-1e68,14,89,Normal
2026-02-12 09:32:14.079277,Berlin-1e68,23,100,Normal
2026-02-12 09:32:15.079277,Berlin-1e68,13,32,Normal
2026-02-12 09:32:16.079277,Berlin-1e68,12,27,Normal
2026-02-12 09:32:17.079277,Berlin-1e68,27,14,Normal
2026-02-12 09:32:18.079277,Berlin-1e68,22,2,Normal
2026-02-12 09:32:19.079277,Berlin-1e68,-3,34,Normal
2026-02-12 09:32:20.079277,Berlin-1e68,12,29,Normal
2026-02-12 09:32:21.079277,Berlin-1e68,24,2,Normal
2026-02-12 09:32:22.079277,Berlin-1e68,-24,60,Normal
2026-02-12 09:32:23.079277,Berlin-1e68,-30,78,Normal
2026-02-12 09:32:24.079277,Berlin-1e68,23,36,Normal
2026-02-12 09:32:25.079277,Berlin-1e68,-27,48,Normal
2026-02-12 09:32:26.079277,Berlin-1e68,28,62,Normal
2026-02-12 09:32:27.079277,Berlin-1e68,2,63,Normal
2026-02-12 09:32:28.079277,Berlin-1e68,6,35,Normal
2026-02-12 09:32:29.079277,Berlin-1e68,12,48,Normal
2026-02-12 09:32:30.079277,Berlin-1e68,-18,44,Normal
2026-02-12 09:32:31.079277,Berlin-1e68,-3,31,Normal
2026-02-12 09:32:32.079277,Berlin-1e68,29,19,Normal
2026-02-12 09:32:33.079277,Berlin-1e68,-8,52,Normal
2026-02-12 09:32:34.079277,Berlin-1e68,-21,48,Normal
2026-02-12 09:32:35.079277,Berlin-1e68,31,15,Normal
2026-02-12 09:32:36.079277,Berlin-1e68,8,29,Normal
2026-02-12 09:32:37.079277,Berlin-1e68,-13,31,Normal
2026-02-12 09:32:38.079277,Berlin-1e68,-4,61,Normal
2026-02-12 09:32:39.079277,Berlin-1e68,2,76,Normal
2026-02-12 09:32:40.079277,Berlin-1e68,28,20,Normal
2026-02-12 09:32:41.079277,Berlin-1e68,-30,27,Normal
2026-02-12 09:32:42.079277,Berlin-1e68,13,65,Normal
2026-02-12 09:32:43.079277,Berlin-1e68,1,93,Normal
2026-02-12 09:32:44.079277,Berlin-1e68,-20,91,Normal
2026-02-12 09:32:45.079277,Berlin-1e68,22,56,Normal
2026-02-12 09:32:46.079277,Berlin-1e68,-23,32,Normal
2026-02-12 09:32:47.079277,Berlin-1e68,-15,99,Normal
2026-02-12 09:32:48.079277,Berlin-1e68,37,0,Normal
2026-02-12 09:32:49.079277,Berlin-1e68,40,1,Normal
2026-02-12 09:32:50.079277,Berlin-1e68,39,61,Normal
2026-02-12 09:32:51.079277,Berlin-1e68,-7,14,Normal
2026-02-12 09:32:52.079277,Berlin-1e68,-17,28,Normal
2026-02-12 09:32:53.079277,Berlin-1e68,7,88,Normal
2026-02-12 09:32:54.079277,Berlin-1e68,11,56,Normal
2026-02-12 09:32:55.079277,Berlin-1e68,21,36,Normal
2026-02-12 09:32:56.079277,Berlin-1e68,-18,88,Normal
2026-02-12 09:32:57.079277,Berlin-1e68,-11,71,Normal
2026-02-12 09:32:58.079277,Berlin-1e68,-24,25,Normal
2026-02-12 09:32:59.079277,Berlin-1e68,41,79,Normal
2026-02-12 09:33:00.079277,Berlin-1e68,-15,16,Normal
2026-02-12 09:33:01.079277,Berlin-1e68,-25,10,Normal
2026-02-12 09:33:02.079277,Berlin-1e68,-18,6,Normal
2026-02-12 09:33:03.079277,Berlin-1e68,15,25,Normal
2026-02-12 09:33:04.079277,Berlin-1e68,40,62,Normal
2026-02-12 09:33:05.079277,Berlin-1e68,8,85,Normal
2026-02-12 09:33:06.079277,Berlin-1e68,5,79,Normal
2026-02-12 09:33:07.079277,Berlin-1e68,0,82,Normal
2026-02-12 09:33:08.079277,Berlin-1e68,17,20,Normal
2026-02-12 09:33:09.079277,Berlin-1e68,9,21,Normal
2026-02-12 09:33:10.079277,Berlin-1e68,-18,66,Normal
2026-02-12 09:33:11.079277,Berlin-1e68,-20,59,Normal
2026-02-12 09:33:12.079277,Berlin-1e68,44,0,Normal
2026-02-12 09:33:13.079277,Berlin-1e68,42,71,Normal
2026-02-12 09:33:14.079277,Berlin-1e68,-12,42,Normal
2026-02-12 09:33:15.079277,Berlin-1e68,-28,64,Normal
2026-02-12 09:33:16.079277,Berlin-1e68,21,1,Normal
2026-02-12 09:33:17.079277,Berlin-1e68,-6,26,Normal
2026-02-12 09:33:18.079277,Berlin-1e68,-20,98,Normal
2026-02-12 09:33:19.079277,Berlin-1e68,14,72,Normal
2026-02-12 09:33:20.079277,Berlin-1e68,39,34,Normal
2026-02-12 09:33:21.079277,Berlin-1e68,5,43,Normal
2026-02-12 09:33:22.079277,Berlin-1e68,-6,84,Normal
2026-02-12 09:33:23.079277,Berlin-1e68,7,13,Normal
2026-02-12 09:33:24.079277,Berlin-1e68,-25,50,Normal
2026-02-12 09:33:25.079277,Berlin-1e68,-6,77,Normal
2026-02-12 09:33:26.079277,Berlin-1e68,17,34,Normal
2026-02-12 09:33:27.079277,Berlin-1e68,20,1,Normal
2026-02-12 09:33:28.079277,Berlin-1e68,-26,81,Normal
2026-02-12 09:33:29.079277,Berlin-1e68,17,62,Normal
2026-02-12 09:33:30.079277,Berlin-1e68,36,0,Normal
2026-02-12 09:33:31.079277,Berlin-1e68,37,20,Normal
2026-02-12 09:33:32.079277,Berlin-1e68,10,13,Normal
2026-02-12 09:33:33.079277,Berlin-1e68,-2,57,Normal
2026-02-12 09:33:34.079277,Berlin-1e68,-4,80,Normal
2026-02-12 09:33:35.079277,Berlin-1e68,45,37,Normal
2026-02-12 09:33:36.079277,Berlin-1e68,-21,60,Normal
2026-02-12 09:33:37.079277,Berlin-1e68,32,17,Normal
2026-02-12 09:33:38.079277,Berlin-1e68,15,8,Normal
2026-02-12 09:33:39.079277,Berlin-1e68,17,90,Normal
2026-02-12 09:33:40.079277,Berlin-1e68,-19,39,Normal
2026-02-12 09:33:41.079277,Berlin-1e68,39,5,Normal
2026-02-12 09:33:42.079277,Berlin-1e68,28,20,Normal
2026-02-12 09:33:43.079277,Berlin-1e68,14,66,Normal
2026-02-12 09:33:44.079277,Berlin-1e68,-30,72,Normal
2026-02-12 09:33:45.079277,Berlin-1e68,-23,27,Normal
2026-02-12 09:33:46.079277,Berlin-1e68,48,27,Normal
2026-02-12 09:33:47.079277,Berlin-1e68,20,90,Normal
2026-02-12 09:33:48.079277,Berlin-1e68,47,22,Normal
2026-02-12 09:33:49.079277,Berlin-1e68,-29,36,Normal
2026-02-12 09:33:50.079277,Berlin-1e68,32,11,Normal
2026-02-12 09:33:51.079277,Berlin-1e68,-28,4,Normal
2026-02-12 09:33:52.079277,Berlin-1e68,19,12,Normal
2026-02-12 09:33:53.079277,Berlin-1e68,3,69,Normal
2026-02-12 09:33:54.079277,Berlin-1e68,39,3,Normal
2026-02-12 09:33:55.079277,Berlin-1e68,-30,40,Normal
2026-02-12 09:33:56.079277,Berlin-1e68,-22,50,Normal
2026-02-12 09:33:57.079277,Berlin-1e68,-6,78,Normal
2026-02-12 09:33:58.079277,Berlin-1e68,39,1,Normal
2026-02-12 09:33:59.079277,Berlin-1e68,23,47,Normal
2026-02-12 09:34:00.079277,Berlin-1e68,7,34,Normal
2026-02-12 09:34:01.079277,Berlin-1e68,-16,19,Normal
2026-02-12 09:34:02.079277,Berlin-1e68,49,33,Normal
2026-02-12 09:34:03.079277,Berlin-1e68,-23,76,Normal
2026-02-12 09:34:04.079277,Berlin-1e68,-13,57,Normal
2026-02-12 09:34:05.079277,Berlin-1e68,40,56,Normal
2026-02-12 09:34:06.079277,Berlin-1e68,-19,71,Normal
2026-02-12 09:34:07.079277,Berlin-1e68,20,14,Normal
2026-02-12 09:34:08.079277,Berlin-1e68,-13,84,Normal
2026-02-12 09:34:09.079277,Berlin-1e68,-9,99,Normal
2026-02-12 09:34:10.079277,Berlin-1e68,-27,33,Normal
2026-02-12 09:34:11.079277,Berlin-1e68,49,16,Normal
2026-02-12 09:34:12.079277,Berlin-1e68,19,24,Normal
2026-02-12 09:34:13.079277,Berlin-1e68,-23,41,Normal
2026-02-12 09:34:14.079277,Berlin-1e68,14,82,Normal
2026-02-12 09:34:15.079277,Berlin-1e68,37,19,Normal
2026-02-12 09:34:16.079277,Berlin-1e68,24,86,Normal
2026-02-12 09:34:17.079277,Berlin-1e68,38,72,Normal
2026-02-12 09:34:18.079277,Berlin-1e68,48,80,Normal
2026-02-12 09:34:19.079277,Berlin-1e68,-5,60,Normal
2026-02-12 09:34:20.079277,Berlin-1e68,23,81,Normal
2026-02-12 09:34:21.079277,Berlin-1e68,37,6,Normal
2026-02-12 09:34:22.079277,Berlin-1e68,-2,85,Normal
2026-02-12 09:34:23.079277,Berlin-1e68,-13,87,Normal
2026-02-12 09:34:24.079277,Berlin-1e68,-18,75,Normal
2026-02-12 09:34:25.079277,Berlin-1e68,15,92,Normal
2026-02-12 09:34:26.079277,Berlin-1e68,28,72,Normal
2026-02-12 09:34:27.079277,Berlin-1e68,37,26,Normal
2026-02-12 09:34:28.079277,Berlin-1e68,16,14,Normal
2026-02-12 09:34:29.079277,Berlin-1e68,-9,99,Normal
2026-02-12 09:34:30.079277,Berlin-1e68,-24,68,Normal
2026-02-12 09:34:31.079277,Berlin-1e68,-2,29,Normal
2026-02-12 09:34:32.079277,Berlin-1e68,-18,6,Normal
2026-02-12 09:34:33.079277,Berlin-1e68,-4,73,Normal
2026-02-12 09:34:34.079277,Berlin-1e68,-16,11,Normal
2026-02-12 09:34:35.079277,Berlin-1e68,14,79,Normal
2026-02-12 09:34:36.079277,Berlin-1e68,2,7,Normal
2026-02-12 09:34:37.079277,Berlin-1e68,-14,75,Normal
2026-02-12 09:34:38.079277,Berlin-1e68,44,45,Normal
2026-02-12 09:34:39.079277,Berlin-1e68,-23,80,Normal
2026-02-12 09:34:40.079277,Berlin-1e68,22,58,Normal
2026-02-12 09:34:41.079277,Berlin-1e68,-30,34,Normal
2026-02-12 09:34:42.079277,Berlin-1e68,-1,43,Normal
2026-02-12 09:34:43.079277,Berlin-1e68,21,8,Normal
2026-02-12 09:34:44.079277,Berlin-1e68,27,93,Normal
2026-02-12 09:34:45.079277,Berlin-1e68,22,34,Normal
2026-02-12 09:34:46.079277,Berlin-1e68,27,55,Normal
2026-02-12 09:34:47.079277,Berlin-1e68,12,54,Normal
2026-02-12 09:34:48.079277,Berlin-1e68,-13,97,Normal
2026-02-12 09:34:49.079277,Berlin-1e68,-25,19,Normal
2026-02-12 09:34:50.079277,Berlin-1e68,12,23,Normal
2026-02-12 09:34:51.079277,Berlin-1e68,47,31,Normal
2026-02-12 09:34:52.079277,Berlin-1e68,9,35,Normal
2026-02-12 09:34:53.079277,Berlin-1e68,27,88,Normal
2026-02-12 09:34:54.079277,Berlin-1e68,-29,96,Normal
2026-02-12 09:34:55.079277,Berlin-1e68,29,74,Normal
2026-02-12 09:34:56.079277,Berlin-1e68,-22,13,Normal
2026-02-12 09:34:57.079277,Berlin-1e68,-21,60,Normal
2026-02-12 09:34:58.079277,Berlin-1e68,6,1,Normal
2026-02-12 09:34:59.079277,Berlin-1e68,-16,93,Normal
2026-02-12 09:35:00.079277,Berlin-1e68,-20,62,Normal
2026-02-12 09:35:01.079277,Berlin-1e68,29,30,Normal
2026-02-12 09:35:02.079277,Berlin-1e68,22,76,Normal
2026-02-12 09:35:03.079277,Berlin-1e68,1,88,Normal
2026-02-12 09:35:04.079277,Berlin-1e68,-22,51,Normal
2026-02-12 09:35:05.079277,Berlin-1e68,41,78,Normal
2026-02-12 09:35:06.079277,Berlin-1e68,27,47,Normal
2026-02-12 09:35:07.079277,Berlin-1e68,-24,20,Normal
2026-02-12 09:35:08.079277,Berlin-1e68,15,33,Normal
2026-02-12 09:35:09.079277,Berlin-1e68,-20,40,Normal
2026-02-12 09:35:10.079277,Berlin-1e68,-21,84,Normal
2026-02-12 09:35:11.079277,Berlin-1e68,-8,4,Normal
2026-02-12 09:35:12.079277,Berlin-1e68,46,96,Normal
2026-02-12 09:35:13.079277,Berlin-1e68,-25,59,Normal
2026-02-12 09:35:14.079277,Berlin-1e68,48,19,Normal
2026-02-12 09:35:15.079277,Berlin-1e68,-5,71,Normal
2026-02-12 09:35:16.079277,Berlin-1e68,-28,20,Normal
2026-02-12 09:35:17.079277,Berlin-1e68,39,50,Normal
2026-02-12 09:35:18.079277,Berlin-1e68,21,50,Normal
2026-02-12 09:35:19.079277,Berlin-1e68,13,8,Normal
2026-02-12 09:35:20.079277,Berlin-1e68,30,13,Normal
2026-02-12 09:35:21.079277,Berlin-1e68,7,66,Normal
2026-02-12 09:35:22.079277,Berlin-1e68,-9,31,Normal
2026-02-12 09:35:23.079277,Berlin-1e68,6,20,Normal
2026-02-12 09:35:24.079277,Berlin-1e68,-19,96,Normal
2026-02-12 09:35:25.079277,Berlin-1e68,45,16,Normal
2026-02-12 09:35:26.079277,Berlin-1e68,40,63,Normal
2026-02-12 09:35:27.079277,Berlin-1e68,6,75,Normal
2026-02-12 09:35:28.079277,Berlin-1e68,41,92,Normal
2026-02-12 09:35:29.079277,Berlin-1e68,10,43,Normal
2026-02-12 09:35:30.079277,Berlin-1e68,26,69,Normal
2026-02-12 09:35:31.079277,Berlin-1e68,-13,73,Normal
2026-02-12 09:35:32.079277,Berlin-1e68,42,55,Normal
2026-02-12 09:35:33.079277,Berlin-1e68,42,19,Normal
2026-02-12 09:35:34.079277,Berlin-1e68,34,21,Normal
2026-02-12 09:35:35.079277,Berlin-1e68,23,77,Normal
2026-02-12 09:35:36.079277,Berlin-1e68,-10,79,Normal
2026-02-12 09:35:37.079277,Berlin-1e68,-22,85,Normal
2026-02-12 09:35:38.079277,Berlin-1e68,-17,81,Normal
2026-02-12 09:35:39.079277,Berlin-1e68,50,69,Normal
2026-02-12 09:35:40.079277,Berlin-1e68,-15,50,Normal
2026-02-12 09:35:41.079277,Berlin-1e68,15,85,Normal
2026-02-12 09:35:42.079277,Berlin-1e68,42,67,Normal
2026-02-12 09:35:43.079277,Berlin-1e68,-4,71,Normal
2026-02-12 09:35:44.079277,Berlin-1e68,47,47,Normal
2026-02-12 09:35:45.079277,Berlin-1e68,-1,45,Normal
2026-02-12 09:35:46.079277,Berlin-1e68,-12,19,Normal
2026-02-12 09:35:47.079277,Berlin-1e68,11,39,Normal
2026-02-12 09:35:48.079277,Berlin-1e68,49,96,Normal
2026-02-12 09:35:49.079277,Berlin-1e68,25,43,Normal
2026-02-12 09:35:50.079277,Berlin-1e68,17,4,Normal
2026-02-12 09:35:51.079277,Berlin-1e68,6,54,Normal
2026-02-12 09:35:52.079277,Berlin-1e68,25,26,Normal
2026-02-12 09:35:53.079277,Berlin-1e68,28,79,Normal
2026-02-12 09:35:54.079277,Berlin-1e68,49,0,Normal
2026-02-12 09:35:55.079277,Berlin-1e68,36,83,Normal
2026-02-12 09:35:56.079277,Berlin-1e68,-24,80,Normal
2026-02-12 09:35:57.079277,Berlin-1e68,-4,67,Normal
2026-02-12 09:35:58.079277,Berlin-1e68,39,42,Normal
2026-02-12 09:35:59.079277,Berlin-1e68,42,66,Normal
2026-02-12 09:36:00.079277,Berlin-1e68,40,19,Normal
2026-02-12 09:36:01.079277,Berlin-1e68,0,75,Normal
2026-02-12 09:36:02.079277,Berlin-1e68,18,33,Normal
2026-02-12 09:36:03.079277,Berlin-1e68,33,5,Normal
2026-02-12 09:36:04.079277,Berlin-1e68,10,97,Normal
2026-02-12 09:36:05.079277,Berlin-1e68,-6,79,Normal
2026-02-12 09:36:06.079277,Berlin-1e68,20,24,Normal
2026-02-12 09:36:07.079277,Berlin-1e68,-2,62,Normal
2026-02-12 09:36:08.079277,Berlin-1e68,7,49,Normal
2026-02-12 09:36:09.079277,Berlin-1e68,19,76,Normal
2026-02-12 09:36:10.079277,Berlin-1e68,34,22,Normal
2026-02-12 09:36:11.079277,Berlin-1e68,-9,65,Normal
2026-02-12 09:36:12.079277,Berlin-1e68,-7,76,Normal
2026-02-12 09:36:13.079277,Berlin-1e68,5,93,Normal
2026-02-12 09:36:14.079277,Berlin-1e68,-21,3,Normal
2026-02-12 09:36:15.079277,Berlin-1e68,7,26,Normal
2026-02-12 09:36:16.079277,Berlin-1e68,-29,11,Normal
2026-02-12 09:36:17.079277,Berlin-1e68,-6,4,Normal
2026-02-12 09:36:18.079277,Berlin-1e68,4,63,Normal
2026-02-12 09:36:19.079277,Berlin-1e68,33,39,Normal
2026-02-12 09:36:20.079277,Berlin-1e68,-5,40,Normal
2026-02-12 09:36:21.079277,Berlin-1e68,-29,23,Normal
2026-02-12 09:36:22.079277,Berlin-1e68,24,75,Normal
2026-02-12 09:36:23.079277,Berlin-1e68,22,99,Normal
2026-02-12 09:36:24.079277,Berlin-1e68,45,36,Normal
2026-02-12 09:36:25.079277,Berlin-1e68,-7,75,Normal
2026-02-12 09:36:26.079277,Berlin-1e68,-27,6,Normal
2026-02-12 09:36:27.079277,Berlin-1e68,29,87,Normal
2026-02-12 09:36:28.079277,Berlin-1e68,46,99,Normal
2026-02-12 09:36:29.079277,Berlin-1e68,27,9,Normal
2026-02-12 09:36:30.079277,Berlin-1e68,-14,47,Normal
2026-02-12 09:36:31.079277,Berlin-1e68,-29,84,Normal
2026-02-12 09:36:32.079277,Berlin-1e68,5,32,Normal
2026-02-12 09:36:33.079277,Berlin-1e68,-16,8,Normal
2026-02-12 09:36:34.079277,Berlin-1e68,26,75,Normal
2026-02-12 09:36:35.079277,Berlin-1e68,15,100,Normal
2026-02-12 09:36:36.079277,Berlin-1e68,-8,69,Normal
2026-02-12 09:36:37.079277,Berlin-1e68,34,19,Normal
2026-02-12 09:36:38.079277,Berlin-1e68,-18,53,Normal
2026-02-12 09:36:39.079277,Berlin-1e68,31,99,Normal
2026-02-12 09:36:40.079277,Berlin-1e68,36,4,Normal
2026-02-12 09:36:41.079277,Berlin-1e68,39,37,Normal
2026-02-12 09:36:42.079277,Berlin-1e68,49,92,Normal
2026-02-12 09:36:43.079277,Berlin-1e68,33,50,Normal
2026-02-12 09:36:44.079277,Berlin-1e68,19,41,Normal
2026-02-12 09:36:45.079277,Berlin-1e68,35,41,Normal
2026-02-12 09:36:46.079277,Berlin-1e68,-11,42,Normal
2026-02-12 09:36:47.079277,Berlin-1e68,-23,74,Normal
2026-02-12 09:36:48.079277,Berlin-1e68,48,19,Normal
2026-02-12 09:36:49.079277,Berlin-1e68,10,87,Normal
2026-02-12 09:36:50.079277,Berlin-1e68,-5,48,Normal
2026-02-12 09:36:51.079277,Berlin-1e68,-22,14,Normal
2026-02-12 09:36:52.079277,Berlin-1e68,40,23,Normal
2026-02-12 09:36:53.079277,Berlin-1e68,26,64,Normal
2026-02-12 09:36:54.079277,Berlin-1e68,25,54,Normal
2026-02-12 09:36:55.079277,Berlin-1e68,-27,14,Normal
2026-02-12 09:36:56.079277,Berlin-1e68,-18,60,Normal
2026-02-12 09:36:57.079277,Berlin-1e68,32,75,Normal
2026-02-12 09:36:58.079277,Berlin-1e68,28,46,Normal
2026-02-12 09:36:59.079277,Berlin-1e68,28,47,Normal
2026-02-12 09:37:00.079277,Berlin-1e68,8,50,Normal
2026-02-12 09:37:01.079277,Berlin-1e68,4,24,Normal
2026-02-12 09:37:02.079277,Berlin-1e68,44,28,Normal
2026-02-12 09:37:03.079277,Berlin-1e68,36,42,Normal
2026-02-12 09:37:04.079277,Berlin-1e68,-30,89,Normal
2026-02-12 09:37:05.079277,Berlin-1e68,13,82,Normal
2026-02-12 09:37:06.079277,Berlin-1e68,30,24,Normal
2026-02-12 09:37:07.079277,Berlin-1e68,-7,96,Normal
2026-02-12 09:37:08.079277,Berlin-1e68,-28,90,Normal
2026-02-12 09:37:09.079277,Berlin-1e68,24,100,Normal
2026-02-12 09:37:10.079277,Berlin-1e68,34,30,Normal
2026-02-12 09:37:11.079277,Berlin-1e68,28,91,Normal
2026-02-12 09:37:12.079277,Berlin-1e68,12,90,Normal
2026-02-12 09:37:13.079277,Berlin-1e68,38,24,Normal
2026-02-12 09:37:14.079277,Berlin-1e68,-24,18,Normal
2026-02-12 09:37:15.079277,Berlin-1e68,-19,63,Normal
2026-02-12 09:37:16.079277,Berlin-1e68,-29,13,Normal
2026-02-12 09:37:17.079277,Berlin-1e68,-3,27,Normal
2026-02-12 09:37:18.079277,Berlin-1e68,-29,22,Normal
2026-02-12 09:37:19.079277,Berlin-1e68,37,33,Normal
2026-02-12 09:37:20.079277,Berlin-1e68,-15,66,Normal
2026-02-12 09:37:21.079277,Berlin-1e68,-5,92,Normal
2026-02-12 09:37:22.079277,Berlin-1e68,-2,16,Normal
2026-02-12 09:37:23.079277,Berlin-1e68,41,7,Normal
2026-02-12 09:37:24.079277,Berlin-1e68,-18,48,Normal
2026-02-12 09:37:25.079277,Berlin-1e68,-22,82,Normal
2026-02-12 09:37:26.079277,Berlin-1e68,6,64,Normal
2026-02-12 09:37:27.079277,Berlin-1e68,-16,4,Normal
2026-02-12 09:37:28.079277,Berlin-1e68,0,42,Normal
2026-02-12 09:37:29.079277,Berlin-1e68,8,84,Normal
2026-02-12 09:37:30.079277,Berlin-1e68,42,8,Normal
2026-02-12 09:37:31.079277,Berlin-1e68,23,18,Normal
2026-02-12 09:37:32.079277,Berlin-1e68,27,32,Normal
2026-02-12 09:37:33.079277,Berlin-1e68,-24,3,Normal
2026-02-12 09:37:34.079277,Berlin-1e68,21,16,Normal
2026-02-12 09:37:35.079277,Berlin-1e68,-11,53,Normal
2026-02-12 09:37:36.079277,Berlin-1e68,24,4,Normal
2026-02-12 09:37:37.079277,Berlin-1e68,-1,86,Normal
2026-02-12 09:37:38.079277,Berlin-1e68,47,0,Normal
2026-02-12 09:37:39.079277,Berlin-1e68,6,92,Normal
2026-02-12 09:37:40.079277,Berlin-1e68,13,21,Normal
2026-02-12 09:37:41.079277,Berlin-1e68,27,86,Normal
2026-02-12 09:37:42.079277,Berlin-1e68,14,5,Normal
2026-02-12 09:37:43.079277,Berlin-1e68,44,73,Normal
2026-02-12 09:37:44.079277,Berlin-1e68,-16,87,Normal
2026-02-12 09:37:45.079277,Berlin-1e68,-6,94,Normal
2026-02-12 09:37:46.079277,Berlin-1e68,3,48,Normal
2026-02-12 09:37:47.079277,Berlin-1e68,9,92,Normal
2026-02-12 09:37:48.079277,Berlin-1e68,-1,78,Normal
2026-02-12 09:37:49.079277,Berlin-1e68,-28,69,Normal
2026-02-12 09:37:50.079277,Berlin-1e68,-1,7,Normal
2026-02-12 09:37:51.079277,Berlin-1e68,16,27,Normal
2026-02-12 09:37:52.079277,Berlin-1e68,43,46,Normal
2026-02-12 09:37:53.079277,Berlin-1e68,2,57,Normal
2026-02-12 09:37:54.079277,Berlin-1e68,34,61,Normal
2026-02-12 09:37:55.079277,Berlin-1e68,33,45,Normal
2026-02-12 09:37:56.079277,Berlin-1e68,-21,90,Normal
