timestamp,station_id,temp,humid,condition
2026-02-08 06:29:39.707965,Toronto-40ea,3,47,Normal
2026-02-08 06:29:40.707965,Toronto-40ea,4,58,Normal
2026-02-08 06:29:41.707965,Toronto-40ea,-7,96,Normal
2026-02-08 06:29:42.707965,Toronto-40ea,-11,11,Normal
2026-02-08 06:29:43.707965,Toronto-40ea,9,21,Normal
2026-02-08 06:29:44.707965,Toronto-40ea,37,55,Normal
2026-02-08 06:29:45.707965,Toronto-40ea,39,7,Normal
2026-02-08 06:29:46.707965,Toronto-40ea,-9,21,Normal
2026-02-08 06:29:47.707965,Toronto-40ea,19,25,Normal
2026-02-08 06:29:48.707965,Toronto-40ea,44,47,Normal
2026-02-08 06:29:49.707965,Toronto-40ea,9,10,Normal
2026-02-08 06:29:50.707965,Toronto-40ea,-12,0,Normal
2026-02-08 06:29:51.707965,Toronto-40ea,-4,28,Normal
2026-02-08 06:29:52.707965,Toronto-40ea,-9,10,Normal
2026-02-08 06:29:53.707965,Toronto-40ea,-23,8,Normal
2026-02-08 06:29:54.707965,Toronto-40ea,-3,2,Normal
2026-02-08 06:29:55.707965,Toronto-40ea,-30,44,Normal
2026-02-08 06:29:56.707965,Toronto-40ea,-11,13,Normal
2026-02-08 06:29:57.707965,Toronto-40ea,-22,90,Normal
2026-02-08 06:29:58.707965,Toronto-40ea,-29,84,Normal
2026-02-08 06:29:59.707965,Toronto-40ea,18,40,Normal
2026-02-08 06:30:00.707965,Toronto-40ea,44,35,Normal
2026-02-08 06:30:01.707965,Toronto-40ea,-26,81,Normal
2026-02-08 06:30:02.707965,Toronto-40ea,3,12,Normal
2026-02-08 06:30:03.707965,Toronto-40ea,22,10,Normal
2026-02-08 06:30:04.707965,Toronto-40ea,31,8,Normal
2026-02-08 06:30:05.707965,Toronto-40ea,43,46,Normal
2026-02-08 06:30:06.707965,Toronto-40ea,7,94,Normal
2026-02-08 06:30:07.707965,Toronto-40ea,-9,17,Normal
2026-02-08 06:30:08.707965,Toronto-40ea,-5,11,Normal
2026-02-08 06:30:09.707965,Toronto-40ea,46,41,Normal
2026-02-08 06:30:10.707965,Toronto-40ea,-24,14,Normal
2026-02-08 06:30:11.707965,Toronto-40ea,16,89,Normal
2026-02-08 06:30:12.707965,Toronto-40ea,-27,98,Normal
2026-02-08 06:30:13.707965,Toronto-40ea,-7,51,Normal
2026-02-08 06:30:14.707965,Toronto-40ea,0,32,Normal
2026-02-08 06:30:15.707965,Toronto-40ea,9,99,Normal
2026-02-08 06:30:16.707965,Toronto-40ea,37,51,Normal
2026-02-08 06:30:17.707965,Toronto-40ea,2,66,Normal
2026-02-08 06:30:18.707965,Toronto-40ea,-18,91,Normal
2026-02-08 06:30:19.707965,Toronto-40ea,-5,99,Normal
2026-02-08 06:30:20.707965,Toronto-40ea,13,6,Normal
2026-02-08 06:30:21.707965,Toronto-40ea,31,3,Normal
2026-02-08 06:30:22.707965,Toronto-40ea,2,1,Normal
2026-02-08 06:30:23.707965,Toronto-40ea,-25,82,Normal
2026-02-08 06:30:24.707965,Toronto-40ea,-17,11,Normal
2026-02-08 06:30:25.707965,Toronto-40ea,-7,16,Normal
2026-02-08 06:30:26.707965,Toronto-40ea,16,88,Normal
2026-02-08 06:30:27.707965,Toronto-40ea,13,73,Normal
2026-02-08 06:30:28.707965,Toronto-40ea,5,42,Normal
2026-02-08 06:30:29.707965,Toronto-40ea,-4,20,Normal
2026-02-08 06:30:30.707965,Toronto-40ea,14,9,Normal
2026-02-08 06:30:31.707965,Toronto-40ea,19,82,Normal
2026-02-08 06:30:32.707965,Toronto-40ea,-14,74,Normal
2026-02-08 06:30:33.707965,Toronto-40ea,28,27,Normal
2026-02-08 06:30:34.707965,Toronto-40ea,45,33,Normal
2026-02-08 06:30:35.707965,Toronto-40ea,18,88,Normal
2026-02-08 06:30:36.707965,Toronto-40ea,2,66,Normal
2026-02-08 06:30:37.707965,Toronto-40ea,4,89,Normal
2026-02-08 06:30:38.707965,Toronto-40ea,28,74,Normal
2026-02-08 06:30:39.707965,Toronto-40ea,-27,16,Normal
2026-02-08 06:30:40.707965,Toronto-40ea,44,1,Normal
2026-02-08 06:30:41.707965,Toronto-40ea,29,48,Normal
2026-02-08 06:30:42.707965,Toronto-40ea,13,64,Normal
2026-02-08 06:30:43.707965,Toronto-40ea,14,24,Normal
2026-02-08 06:30:44.707965,Toronto-40ea,15,30,Normal
2026-02-08 06:30:45.707965,Toronto-40ea,18,56,Normal
2026-02-08 06:30:46.707965,Toronto-40ea,13,75,Normal
2026-02-08 06:30:47.707965,Toronto-40ea,-29,60,Normal
2026-02-08 06:30:48.707965,Toronto-40ea,-18,32,Normal
2026-02-08 06:30:49.707965,Toronto-40ea,17,66,Normal
2026-02-08 06:30:50.707965,Toronto-40ea,14,60,Normal
2026-02-08 06:30:51.707965,Toronto-40ea,-28,100,Normal
2026-02-08 06:30:52.707965,Toronto-40ea,31,44,Normal
2026-02-08 06:30:53.707965,Toronto-40ea,11,84,Normal
2026-02-08 06:30:54.707965,Toronto-40ea,44,95,Normal
2026-02-08 06:30:55.707965,Toronto-40ea,-18,58,Normal
2026-02-08 06:30:56.707965,Toronto-40ea,-23,64,Normal
2026-02-08 06:30:57.707965,Toronto-40ea,-2,96,Normal
2026-02-08 06:30:58.707965,Toronto-40ea,10,39,Normal
2026-02-08 06:30:59.707965,Toronto-40ea,36,24,Normal
2026-02-08 06:31:00.707965,Toronto-40ea,9,4,Normal
2026-02-08 06:31:01.707965,Toronto-40ea,40,46,Normal
2026-02-08 06:31:02.707965,Toronto-40ea,50,9,Normal
2026-02-08 06:31:03.707965,Toronto-40ea,11,79,Normal
2026-02-08 06:31:04.707965,Toronto-40ea,24,96,Normal
2026-02-08 06:31:05.707965,Toronto-40ea,8,20,Normal
2026-02-08 06:31:06.707965,Toronto-40ea,15,15,Normal
2026-02-08 06:31:07.707965,Toronto-40ea,14,66,Normal
2026-02-08 06:31:08.707965,Toronto-40ea,36,19,Normal
2026-02-08 06:31:09.707965,Toronto-40ea,-26,42,Normal
2026-02-08 06:31:10.707965,Toronto-40ea,16,54,Normal
2026-02-08 06:31:11.707965,Toronto-40ea,6,97,Normal
2026-02-08 06:31:12.707965,Toronto-40ea,-24,41,Normal
2026-02-08 06:31:13.707965,Toronto-40ea,-24,61,Normal
2026-02-08 06:31:14.707965,Toronto-40ea,-15,98,Normal
2026-02-08 06:31:15.707965,Toronto-40ea,-29,76,Normal
2026-02-08 06:31:16.707965,Toronto-40ea,24,73,Normal
2026-02-08 06:31:17.707965,Toronto-40ea,21,47,Normal
2026-02-08 06:31:18.707965,Toronto-40ea,-17,45,Normal
2026-02-08 06:31:19.707965,Toronto-40ea,-30,3,Normal
2026-02-08 06:31:20.707965,Toronto-40ea,-21,32,Normal
2026-02-08 06:31:21.707965,Toronto-40ea,-17,49,Normal
2026-02-08 06:31:22.707965,Toronto-40ea,38,46,Normal
2026-02-08 06:31:23.707965,Toronto-40ea,-8,17,Normal
2026-02-08 06:31:24.707965,Toronto-40ea,28,94,Normal
2026-02-08 06:31:25.707965,Toronto-40ea,-17,51,Normal
2026-02-08 06:31:26.707965,Toronto-40ea,-22,99,Normal
2026-02-08 06:31:27.707965,Toronto-40ea,31,54,Normal
2026-02-08 06:31:28.707965,Toronto-40ea,-5,41,Normal
2026-02-08 06:31:29.707965,Toronto-40ea,-14,35,Normal
2026-02-08 06:31:30.707965,Toronto-40ea,9,73,Normal
2026-02-08 06:31:31.707965,Toronto-40ea,-12,14,Normal
2026-02-08 06:31:32.707965,Toronto-40ea,-28,55,Normal
2026-02-08 06:31:33.707965,Toronto-40ea,-20,95,Normal
2026-02-08 06:31:34.707965,Toronto-40ea,-28,7,Normal
2026-02-08 06:31:35.707965,Toronto-40ea,40,82,Normal
2026-02-08 06:31:36.707965,Toronto-40ea,-4,64,Normal
2026-02-08 06:31:37.707965,Toronto-40ea,-11,47,Normal
2026-02-08 06:31:38.707965,Toronto-40ea,30,16,Normal
2026-02-08 06:31:39.707965,Toronto-40ea,25,88,Normal
2026-02-08 06:31:40.707965,Toronto-40ea,-14,22,Normal
2026-02-08 06:31:41.707965,Toronto-40ea,35,64,Normal
2026-02-08 06:31:42.707965,Toronto-40ea,37,84,Normal
2026-02-08 06:31:43.707965,Toronto-40ea,-19,71,Normal
2026-02-08 06:31:44.707965,Toronto-40ea,-12,69,Normal
2026-02-08 06:31:45.707965,Toronto-40ea,18,45,Normal
2026-02-08 06:31:46.707965,Toronto-40ea,41,39,Normal
2026-02-08 06:31:47.707965,Toronto-40ea,-7,54,Normal
2026-02-08 06:31:48.707965,Toronto-40ea,-18,16,Normal
2026-02-08 06:31:49.707965,Toronto-40ea,8,20,Normal
2026-02-08 06:31:50.707965,Toronto-40ea,48,61,Normal
2026-02-08 06:31:51.707965,Toronto-40ea,15,33,Normal
2026-02-08 06:31:52.707965,Toronto-40ea,32,47,Normal
2026-02-08 06:31:53.707965,Toronto-40ea,-1,96,Normal
2026-02-08 06:31:54.707965,Toronto-40ea,28,3,Normal
2026-02-08 06:31:55.707965,Toronto-40ea,20,10,Normal
2026-02-08 06:31:56.707965,Toronto-40ea,-23,41,Normal
2026-02-08 06:31:57.707965,Toronto-40ea,-4,11,Normal
2026-02-08 06:31:58.707965,Toronto-40ea,-14,94,Normal
2026-02-08 06:31:59.707965,Toronto-40ea,6,70,Normal
2026-02-08 06:32:00.707965,Toronto-40ea,41,12,Normal
2026-02-08 06:32:01.707965,Toronto-40ea,22,40,Normal
2026-02-08 06:32:02.707965,Toronto-40ea,19,67,Normal
2026-02-08 06:32:03.707965,Toronto-40ea,49,27,Normal
2026-02-08 06:32:04.707965,Toronto-40ea,22,35,Normal
2026-02-08 06:32:05.707965,Toronto-40ea,12,52,Normal
2026-02-08 06:32:06.707965,Toronto-40ea,25,5,Normal
2026-02-08 06:32:07.707965,Toronto-40ea,41,94,Normal
2026-02-08 06:32:08.707965,Toronto-40ea,3,72,Normal
2026-02-08 06:32:09.707965,Toronto-40ea,-17,21,Normal
2026-02-08 06:32:10.707965,Toronto-40ea,-17,34,Normal
2026-02-08 06:32:11.707965,Toronto-40ea,-3,92,Normal
2026-02-08 06:32:12.707965,Toronto-40ea,-29,34,Normal
2026-02-08 06:32:13.707965,Toronto-40ea,30,59,Normal
2026-02-08 06:32:14.707965,Toronto-40ea,47,42,Normal
2026-02-08 06:32:15.707965,Toronto-40ea,42,35,Normal
2026-02-08 06:32:16.707965,Toronto-40ea,40,49,Normal
2026-02-08 06:32:17.707965,Toronto-40ea,32,63,Normal
2026-02-08 06:32:18.707965,Toronto-40ea,20,71,Normal
2026-02-08 06:32:19.707965,Toronto-40ea,32,79,Normal
2026-02-08 06:32:20.707965,Toronto-40ea,46,78,Normal
2026-02-08 06:32:21.707965,Toronto-40ea,17,69,Normal
2026-02-08 06:32:22.707965,Toronto-40ea,11,98,Normal
2026-02-08 06:32:23.707965,Toronto-40ea,18,45,Normal
2026-02-08 06:32:24.707965,Toronto-40ea,23,68,Normal
2026-02-08 06:32:25.707965,Toronto-40ea,18,11,Normal
2026-02-08 06:32:26.707965,Toronto-40ea,-22,88,Normal
2026-02-08 06:32:27.707965,Toronto-40ea,10,11,Normal
2026-02-08 06:32:28.707965,Toronto-40ea,41,94,Normal
2026-02-08 06:32:29.707965,Toronto-40ea,44,74,Normal
2026-02-08 06:32:30.707965,Toronto-40ea,50,66,Normal
2026-02-08 06:32:31.707965,Toronto-40ea,40,100,Normal
2026-02-08 06:32:32.707965,Toronto-40ea,-12,96,Normal
2026-02-08 06:32:33.707965,Toronto-40ea,11,53,Normal
2026-02-08 06:32:34.707965,Toronto-40ea,-14,52,Normal
2026-02-08 06:32:35.707965,Toronto-40ea,9,33,Normal
2026-02-08 06:32:36.707965,Toronto-40ea,37,100,Normal
2026-02-08 06:32:37.707965,Toronto-40ea,-26,19,Normal
2026-02-08 06:32:38.707965,Toronto-40ea,-15,33,Normal
2026-02-08 06:32:39.707965,Toronto-40ea,38,71,Normal
2026-02-08 06:32:40.707965,Toronto-40ea,21,76,Normal
2026-02-08 06:32:41.707965,Toronto-40ea,-10,48,Normal
2026-02-08 06:32:42.707965,Toronto-40ea,34,43,Normal
2026-02-08 06:32:43.707965,Toronto-40ea,47,23,Normal
2026-02-08 06:32:44.707965,Toronto-40ea,50,74,Normal
2026-02-08 06:32:45.707965,Toronto-40ea,37,8,Normal
2026-02-08 06:32:46.707965,Toronto-40ea,13,23,Normal
2026-02-08 06:32:47.707965,Toronto-40ea,-27,57,Normal
2026-02-08 06:32:48.707965,Toronto-40ea,-5,10,Normal
2026-02-08 06:32:49.707965,Toronto-40ea,47,31,Normal
2026-02-08 06:32:50.707965,Toronto-40ea,-7,56,Normal
2026-02-08 06:32:51.707965,Toronto-40ea,3,96,Normal
2026-02-08 06:32:52.707965,Toronto-40ea,-26,41,Normal
2026-02-08 06:32:53.707965,Toronto-40ea,-3,62,Normal
2026-02-08 06:32:54.707965,Toronto-40ea,-22,78,Normal
2026-02-08 06:32:55.707965,Toronto-40ea,-22,89,Normal
2026-02-08 06:32:56.707965,Toronto-40ea,-1,14,Normal
2026-02-08 06:32:57.707965,Toronto-40ea,-9,36,Normal
2026-02-08 06:32:58.707965,Toronto-40ea,40,25,Normal
2026-02-08 06:32:59.707965,Toronto-40ea,17,66,Normal
2026-02-08 06:33:00.707965,Toronto-40ea,2,66,Normal
2026-02-08 06:33:01.707965,Toronto-40ea,-11,95,Normal
2026-02-08 06:33:02.707965,Toronto-40ea,-9,50,Normal
2026-02-08 06:33:03.707965,Toronto-40ea,-19,72,Normal
2026-02-08 06:33:04.707965,Toronto-40ea,40,86,Normal
2026-02-08 06:33:05.707965,Toronto-40ea,5,20,Normal
2026-02-08 06:33:06.707965,Toronto-40ea,9,5,Normal
2026-02-08 06:33:07.707965,Toronto-40ea,33,39,Normal
2026-02-08 06:33:08.707965,Toronto-40ea,-27,73,Normal
2026-02-08 06:33:09.707965,Toronto-40ea,-21,91,Normal
2026-02-08 06:33:10.707965,Toronto-40ea,41,20,Normal
2026-02-08 06:33:11.707965,Toronto-40ea,39,94,Normal
2026-02-08 06:33:12.707965,Toronto-40ea,7,55,Normal
2026-02-08 06:33:13.707965,Toronto-40ea,20,41,Normal
2026-02-08 06:33:14.707965,Toronto-40ea,-22,78,Normal
2026-02-08 06:33:15.707965,Toronto-40ea,-27,91,Normal
2026-02-08 06:33:16.707965,Toronto-40ea,-4,54,Normal
2026-02-08 06:33:17.707965,Toronto-40ea,39,8,Normal
2026-02-08 06:33:18.707965,Toronto-40ea,-21,30,Normal
2026-02-08 06:33:19.707965,Toronto-40ea,21,81,Normal
2026-02-08 06:33:20.707965,Toronto-40ea,24,61,Normal
2026-02-08 06:33:21.707965,Toronto-40ea,-1,49,Normal
2026-02-08 06:33:22.707965,Toronto-40ea,37,96,Normal
2026-02-08 06:33:23.707965,Toronto-40ea,14,26,Normal
2026-02-08 06:33:24.707965,Toronto-40ea,-18,79,Normal
2026-02-08 06:33:25.707965,Toronto-40ea,-24,21,Normal
2026-02-08 06:33:26.707965,Toronto-40ea,-21,20,Normal
2026-02-08 06:33:27.707965,Toronto-40ea,-27,4,Normal
2026-02-08 06:33:28.707965,Toronto-40ea,-17,28,Normal
2026-02-08 06:33:29.707965,Toronto-40ea,30,86,Normal
2026-02-08 06:33:30.707965,Toronto-40ea,19,53,Normal
2026-02-08 06:33:31.707965,Toronto-40ea,-19,48,Normal
2026-02-08 06:33:32.707965,Toronto-40ea,38,95,Normal
2026-02-08 06:33:33.707965,Toronto-40ea,31,75,Normal
2026-02-08 06:33:34.707965,Toronto-40ea,4,59,Normal
2026-02-08 06:33:35.707965,Toronto-40ea,29,66,Normal
2026-02-08 06:33:36.707965,Toronto-40ea,15,3,Normal
2026-02-08 06:33:37.707965,Toronto-40ea,-5,26,Normal
2026-02-08 06:33:38.707965,Toronto-40ea,20,96,Normal
2026-02-08 06:33:39.707965,Toronto-40ea,13,98,Normal
2026-02-08 06:33:40.707965,Toronto-40ea,17,57,Normal
2026-02-08 06:33:41.707965,Toronto-40ea,20,76,Normal
2026-02-08 06:33:42.707965,Toronto-40ea,30,5,Normal
2026-02-08 06:33:43.707965,Toronto-40ea,3,95,Normal
2026-02-08 06:33:44.707965,Toronto-40ea,-20,32,Normal
2026-02-08 06:33:45.707965,Toronto-40ea,3,29,Normal
2026-02-08 06:33:46.707965,Toronto-40ea,-7,61,Normal
2026-02-08 06:33:47.707965,Toronto-40ea,41,3,Normal
2026-02-08 06:33:48.707965,Toronto-40ea,-24,21,Normal
2026-02-08 06:33:49.707965,Toronto-40ea,-2,96,Normal
2026-02-08 06:33:50.707965,Toronto-40ea,14,4,Normal
2026-02-08 06:33:51.707965,Toronto-40ea,-7,63,Normal
2026-02-08 06:33:52.707965,Toronto-40ea,-27,20,Normal
2026-02-08 06:33:53.707965,Toronto-40ea,21,72,Normal
2026-02-08 06:33:54.707965,Toronto-40ea,-3,54,Normal
2026-02-08 06:33:55.707965,Toronto-40ea,-14,45,Normal
2026-02-08 06:33:56.707965,Toronto-40ea,6,98,Normal
2026-02-08 06:33:57.707965,Toronto-40ea,13,2,Normal
2026-02-08 06:33:58.707965,Toronto-40ea,43,51,Normal
2026-02-08 06:33:59.707965,Toronto-40ea,38,88,Normal
2026-02-08 06:34:00.707965,Toronto-40ea,14,16,Normal
2026-02-08 06:34:01.707965,Toronto-40ea,-14,41,Normal
2026-02-08 06:34:02.707965,Toronto-40ea,32,35,Normal
2026-02-08 06:34:03.707965,Toronto-40ea,50,35,Normal
2026-02-08 06:34:04.707965,Toronto-40ea,39,80,Normal
2026-02-08 06:34:05.707965,Toronto-40ea,16,63,Normal
2026-02-08 06:34:06.707965,Toronto-40ea,-14,43,Normal
2026-02-08 06:34:07.707965,Toronto-40ea,46,46,Normal
2026-02-08 06:34:08.707965,Toronto-40ea,-18,11,Normal
2026-02-08 06:34:09.707965,Toronto-40ea,18,80,Normal
2026-02-08 06:34:10.707965,Toronto-40ea,0,82,Normal
2026-02-08 06:34:11.707965,Toronto-40ea,32,73,Normal
2026-02-08 06:34:12.707965,Toronto-40ea,6,57,Normal
2026-02-08 06:34:13.707965,Toronto-40ea,14,0,Normal
2026-02-08 06:34:14.707965,Toronto-40ea,0,38,Normal
2026-02-08 06:34:15.707965,Toronto-40ea,49,37,Normal
2026-02-08 06:34:16.707965,Toronto-40ea,-20,77,Normal
2026-02-08 06:34:17.707965,Toronto-40ea,33,42,Normal
2026-02-08 06:34:18.707965,Toronto-40ea,28,33,Normal
2026-02-08 06:34:19.707965,Toronto-40ea,43,45,Normal
2026-02-08 06:34:20.707965,Toronto-40ea,27,70,Normal
2026-02-08 06:34:21.707965,Toronto-40ea,0,17,Normal
2026-02-08 06:34:22.707965,Toronto-40ea,25,71,Normal
2026-02-08 06:34:23.707965,Toronto-40ea,-14,3,Normal
2026-02-08 06:34:24.707965,Toronto-40ea,-26,55,Normal
2026-02-08 06:34:25.707965,Toronto-40ea,48,68,Normal
2026-02-08 06:34:26.707965,Toronto-40ea,49,76,Normal
2026-02-08 06:34:27.707965,Toronto-40ea,-19,10,Normal
2026-02-08 06:34:28.707965,Toronto-40ea,21,15,Normal
2026-02-08 06:34:29.707965,Toronto-40ea,-26,33,Normal
2026-02-08 06:34:30.707965,Toronto-40ea,5,32,Normal
2026-02-08 06:34:31.707965,Toronto-40ea,-26,84,Normal
2026-02-08 06:34:32.707965,Toronto-40ea,30,25,Normal
2026-02-08 06:34:33.707965,Toronto-40ea,18,12,Normal
2026-02-08 06:34:34.707965,Toronto-40ea,32,72,Normal
2026-02-08 06:34:35.707965,Toronto-40ea,28,95,Normal
2026-02-08 06:34:36.707965,Toronto-40ea,32,68,Normal
2026-02-08 06:34:37.707965,Toronto-40ea,-25,12,Normal
2026-02-08 06:34:38.707965,Toronto-40ea,35,30,Normal
2026-02-08 06:34:39.707965,Toronto-40ea,-12,48,Normal
2026-02-08 06:34:40.707965,Toronto-40ea,-6,34,Normal
2026-02-08 06:34:41.707965,Toronto-40ea,2,97,Normal
2026-02-08 06:34:42.707965,Toronto-40ea,23,75,Normal
2026-02-08 06:34:43.707965,Toronto-40ea,7,34,Normal
2026-02-08 06:34:44.707965,Toronto-40ea,14,2,Normal
2026-02-08 06:34:45.707965,Toronto-40ea,15,26,Normal
2026-02-08 06:34:46.707965,Toronto-40ea,8,36,Normal
2026-02-08 06:34:47.707965,Toronto-40ea,-21,67,Normal
2026-02-08 06:34:48.707965,Toronto-40ea,19,84,Normal
2026-02-08 06:34:49.707965,Toronto-40ea,12,68,Normal
2026-02-08 06:34:50.707965,Toronto-40ea,-21,42,Normal
2026-02-08 06:34:51.707965,Toronto-40ea,-23,52,Normal
2026-02-08 06:34:52.707965,Toronto-40ea,-3,96,Normal
2026-02-08 06:34:53.707965,Toronto-40ea,-19,64,Normal
2026-02-08 06:34:54.707965,Toronto-40ea,22,63,Normal
2026-02-08 06:34:55.707965,Toronto-40ea,43,26,Normal
2026-02-08 06:34:56.707965,Toronto-40ea,8,31,Normal
2026-02-08 06:34:57.707965,Toronto-40ea,14,60,Normal
2026-02-08 06:34:58.707965,Toronto-40ea,28,15,Normal
2026-02-08 06:34:59.707965,Toronto-40ea,41,85,Normal
2026-02-08 06:35:00.707965,Toronto-40ea,-24,17,Normal
2026-02-08 06:35:01.707965,Toronto-40ea,43,30,Normal
2026-02-08 06:35:02.707965,Toronto-40ea,36,21,Normal
2026-02-08 06:35:03.707965,Toronto-40ea,35,30,Normal
2026-02-08 06:35:04.707965,Toronto-40ea,34,67,Normal
2026-02-08 06:35:05.707965,Toronto-40ea,-6,60,Normal
2026-02-08 06:35:06.707965,Toronto-40ea,19,86,Normal
2026-02-08 06:35:07.707965,Toronto-40ea,23,69,Normal
2026-02-08 06:35:08.707965,Toronto-40ea,48,93,Normal
2026-02-08 06:35:09.707965,Toronto-40ea,25,14,Normal
2026-02-08 06:35:10.707965,Toronto-40ea,-28,15,Normal
2026-02-08 06:35:11.707965,Toronto-40ea,-14,46,Normal
2026-02-08 06:35:12.707965,Toronto-40ea,21,66,Normal
2026-02-08 06:35:13.707965,Toronto-40ea,46,83,Normal
2026-02-08 06:35:14.707965,Toronto-40ea,16,38,Normal
2026-02-08 06:35:15.707965,Toronto-40ea,-26,56,Normal
2026-02-08 06:35:16.707965,Toronto-40ea,17,6,Normal
2026-02-08 06:35:17.707965,Toronto-40ea,24,40,Normal
2026-02-08 06:35:18.707965,Toronto-40ea,-18,16,Normal
2026-02-08 06:35:19.707965,Toronto-40ea,-28,53,Normal
2026-02-08 06:35:20.707965,Toronto-40ea,35,86,Normal
2026-02-08 06:35:21.707965,Toronto-40ea,50,58,Normal
2026-02-08 06:35:22.707965,Toronto-40ea,14,16,Normal
2026-02-08 06:35:23.707965,Toronto-40ea,-2,25,Normal
2026-02-08 06:35:24.707965,Toronto-40ea,-6,90,Normal
2026-02-08 06:35:25.707965,Toronto-40ea,-8,88,Normal
2026-02-08 06:35:26.707965,Toronto-40ea,0,22,Normal
2026-02-08 06:35:27.707965,Toronto-40ea,35,85,Normal
2026-02-08 06:35:28.707965,Toronto-40ea,0,20,Normal
2026-02-08 06:35:29.707965,Toronto-40ea,12,1,Normal
2026-02-08 06:35:30.707965,Toronto-40ea,42,18,Normal
2026-02-08 06:35:31.707965,Toronto-40ea,-29,30,Normal
2026-02-08 06:35:32.707965,Toronto-40ea,-13,75,Normal
2026-02-08 06:35:33.707965,Toronto-40ea,10,36,Normal
2026-02-08 06:35:34.707965,Toronto-40ea,1,100,Normal
2026-02-08 06:35:35.707965,Toronto-40ea,18,57,Normal
2026-02-08 06:35:36.707965,Toronto-40ea,-17,63,Normal
2026-02-08 06:35:37.707965,Toronto-40ea,-10,20,Normal
2026-02-08 06:35:38.707965,Toronto-40ea,31,51,Normal
2026-02-08 06:35:39.707965,Toronto-40ea,26,47,Normal
2026-02-08 06:35:40.707965,Toronto-40ea,35,79,Normal
2026-02-08 06:35:41.707965,Toronto-40ea,-27,90,Normal
2026-02-08 06:35:42.707965,Toronto-40ea,6,77,Normal
2026-02-08 06:35:43.707965,Toronto-40ea,45,91,Normal
2026-02-08 06:35:44.707965,Toronto-40ea,27,18,Normal
2026-02-08 06:35:45.707965,Toronto-40ea,1,34,Normal
2026-02-08 06:35:46.707965,Toronto-40ea,9,96,Normal
2026-02-08 06:35:47.707965,Toronto-40ea,24,10,Normal
2026-02-08 06:35:48.707965,Toronto-40ea,-8,98,Normal
2026-02-08 06:35:49.707965,Toronto-40ea,26,38,Normal
2026-02-08 06:35:50.707965,Toronto-40ea,28,2,Normal
2026-02-08 06:35:51.707965,Toronto-40ea,3,98,Normal
2026-02-08 06:35:52.707965,Toronto-40ea,49,81,Normal
2026-02-08 06:35:53.707965,Toronto-40ea,-22,47,Normal
2026-02-08 06:35:54.707965,Toronto-40ea,-15,55,Normal
2026-02-08 06:35:55.707965,Toronto-40ea,41,15,Normal
2026-02-08 06:35:56.707965,Toronto-40ea,6,91,Normal
2026-02-08 06:35:57.707965,Toronto-40ea,3,19,Normal
2026-02-08 06:35:58.707965,Toronto-40ea,-17,61,Normal
2026-02-08 06:35:59.707965,Toronto-40ea,4,21,Normal
2026-02-08 06:36:00.707965,Toronto-40ea,-17,37,Normal
2026-02-08 06:36:01.707965,Toronto-40ea,-28,17,Normal
2026-02-08 06:36:02.707965,Toronto-40ea,-4,14,Normal
2026-02-08 06:36:03.707965,Toronto-40ea,3,26,Normal
2026-02-08 06:36:04.707965,Toronto-40ea,33,3,Normal
2026-02-08 06:36:05.707965,Toronto-40ea,21,61,Normal
2026-02-08 06:36:06.707965,Toronto-40ea,-29,77,Normal
2026-02-08 06:36:07.707965,Toronto-40ea,17,67,Normal
2026-02-08 06:36:08.707965,Toronto-40ea,2,42,Normal
2026-02-08 06:36:09.707965,Toronto-40ea,-14,60,Normal
2026-02-08 06:36:10.707965,Toronto-40ea,-26,17,Normal
2026-02-08 06:36:11.707965,Toronto-40ea,2,80,Normal
2026-02-08 06:36:12.707965,Toronto-40ea,10,93,Normal
2026-02-08 06:36:13.707965,Toronto-40ea,21,86,Normal
2026-02-08 06:36:14.707965,Toronto-40ea,-28,71,Normal
2026-02-08 06:36:15.707965,Toronto-40ea,36,11,Normal
2026-02-08 06:36:16.707965,Toronto-40ea,-3,16,Normal
2026-02-08 06:36:17.707965,Toronto-40ea,14,65,Normal
2026-02-08 06:36:18.707965,Toronto-40ea,46,7,Normal
2026-02-08 06:36:19.707965,Toronto-40ea,-17,29,Normal
2026-02-08 06:36:20.707965,Toronto-40ea,20,36,Normal
2026-02-08 06:36:21.707965,Toronto-40ea,-26,99,Normal
2026-02-08 06:36:22.707965,Toronto-40ea,-23,66,Normal
2026-02-08 06:36:23.707965,Toronto-40ea,50,75,Normal
2026-02-08 06:36:24.707965,Toronto-40ea,-9,56,Normal
2026-02-08 06:36:25.707965,Toronto-40ea,40,81,Normal
2026-02-08 06:36:26.707965,Toronto-40ea,25,77,Normal
2026-02-08 06:36:27.707965,Toronto-40ea,37,30,Normal
2026-02-08 06:36:28.707965,Toronto-40ea,19,77,Normal
2026-02-08 06:36:29.707965,Toronto-40ea,33,21,Normal
2026-02-08 06:36:30.707965,Toronto-40ea,6,72,Normal
2026-02-08 06:36:31.707965,Toronto-40ea,0,29,Normal
2026-02-08 06:36:32.707965,Toronto-40ea,7,39,Normal
2026-02-08 06:36:33.707965,Toronto-40ea,17,18,Normal
2026-02-08 06:36:34.707965,Toronto-40ea,-2,65,Normal
2026-02-08 06:36:35.707965,Toronto-40ea,16,48,Normal
2026-02-08 06:36:36.707965,Toronto-40ea,50,31,Normal
2026-02-08 06:36:37.707965,Toronto-40ea,-30,62,Normal
2026-02-08 06:36:38.707965,Toronto-40ea,5,32,Normal
2026-02-08 06:36:39.707965,Toronto-40ea,-7,87,Normal
2026-02-08 06:36:40.707965,Toronto-40ea,-23,3,Normal
2026-02-08 06:36:41.707965,Toronto-40ea,43,97,Normal
2026-02-08 06:36:42.707965,Toronto-40ea,32,25,Normal
2026-02-08 06:36:43.707965,Toronto-40ea,13,62,Normal
2026-02-08 06:36:44.707965,Toronto-40ea,-19,34,Normal
2026-02-08 06:36:45.707965,Toronto-40ea,12,85,Normal
2026-02-08 06:36:46.707965,Toronto-40ea,32,7,Normal
2026-02-08 06:36:47.707965,Toronto-40ea,-7,85,Normal
2026-02-08 06:36:48.707965,Toronto-40ea,50,49,Normal
2026-02-08 06:36:49.707965,Toronto-40ea,-30,54,Normal
2026-02-08 06:36:50.707965,Toronto-40ea,15,27,Normal
2026-02-08 06:36:51.707965,Toronto-40ea,-27,67,Normal
2026-02-08 06:36:52.707965,Toronto-40ea,32,24,Normal
2026-02-08 06:36:53.707965,Toronto-40ea,-28,76,Normal
2026-02-08 06:36:54.707965,Toronto-40ea,7,74,Normal
2026-02-08 06:36:55.707965,Toronto-40ea,-23,48,Normal
2026-02-08 06:36:56.707965,Toronto-40ea,-6,18,Normal
2026-02-08 06:36:57.707965,Toronto-40ea,43,96,Normal
2026-02-08 06:36:58.707965,Toronto-40ea,35,73,Normal
2026-02-08 06:36:59.707965,Toronto-40ea,-6,54,Normal
2026-02-08 06:37:00.707965,Toronto-40ea,22,91,Normal
2026-02-08 06:37:01.707965,Toronto-40ea,-2,14,Normal
2026-02-08 06:37:02.707965,Toronto-40ea,42,91,Normal
2026-02-08 06:37:03.707965,Toronto-40ea,47,26,Normal
2026-02-08 06:37:04.707965,Toronto-40ea,20,6,Normal
2026-02-08 06:37:05.707965,Toronto-40ea,-7,13,Normal
2026-02-08 06:37:06.707965,Toronto-40ea,5,52,Normal
2026-02-08 06:37:07.707965,Toronto-40ea,-28,95,Normal
2026-02-08 06:37:08.707965,Toronto-40ea,34,0,Normal
2026-02-08 06:37:09.707965,Toronto-40ea,28,3,Normal
2026-02-08 06:37:10.707965,Toronto-40ea,39,27,Normal
2026-02-08 06:37:11.707965,Toronto-40ea,-3,56,Normal
2026-02-08 06:37:12.707965,Toronto-40ea,-5,9,Normal
2026-02-08 06:37:13.707965,Toronto-40ea,-19,71,Normal
2026-02-08 06:37:14.707965,Toronto-40ea,-27,75,Normal
2026-02-08 06:37:15.707965,Toronto-40ea,-24,56,Normal
2026-02-08 06:37:16.707965,Toronto-40ea,-26,49,Normal
2026-02-08 06:37:17.707965,Toronto-40ea,-14,89,Normal
2026-02-08 06:37:18.707965,Toronto-40ea,25,10,Normal
2026-02-08 06:37:19.707965,Toronto-40ea,44,86,Normal
2026-02-08 06:37:20.707965,Toronto-40ea,-2,25,Normal
2026-02-08 06:37:21.707965,Toronto-40ea,36,48,Normal
2026-02-08 06:37:22.707965,Toronto-40ea,-11,72,Normal
2026-02-08 06:37:23.707965,Toronto-40ea,11,3,Normal
2026-02-08 06:37:24.707965,Toronto-40ea,-10,56,Normal
2026-02-08 06:37:25.707965,Toronto-40ea,-15,94,Normal
2026-02-08 06:37:26.707965,Toronto-40ea,6,74,Normal
2026-02-08 06:37:27.707965,Toronto-40ea,37,30,Normal
2026-02-08 06:37:28.707965,Toronto-40ea,-23,60,Normal
2026-02-08 06:37:29.707965,Toronto-40ea,-23,57,Normal
2026-02-08 06:37:30.707965,Toronto-40ea,-12,64,Normal
2026-02-08 06:37:31.707965,Toronto-40ea,20,11,Normal
2026-02-08 06:37:32.707965,Toronto-40ea,-17,46,Normal
2026-02-08 06:37:33.707965,Toronto-40ea,42,20,Normal
2026-02-08 06:37:34.707965,Toronto-40ea,50,44,Normal
2026-02-08 06:37:35.707965,Toronto-40ea,22,87,Normal
2026-02-08 06:37:36.707965,Toronto-40ea,35,100,Normal
2026-02-08 06:37:37.707965,Toronto-40ea,46,3,Normal
2026-02-08 06:37:38.707965,Toronto-40ea,11,54,Normal
2026-02-08 06:37:39.707965,Toronto-40ea,-19,26,Normal
2026-02-08 06:37:40.707965,Toronto-40ea,30,75,Normal
2026-02-08 06:37:41.707965,Toronto-40ea,-7,88,Normal
2026-02-08 06:37:42.707965,Toronto-40ea,-4,92,Normal
2026-02-08 06:37:43.707965,Toronto-40ea,-13,41,Normal
2026-02-08 06:37:44.707965,Toronto-40ea,36,80,Normal
2026-02-08 06:37:45.707965,Toronto-40ea,28,55,Normal
2026-02-08 06:37:46.707965,Toronto-40ea,25,64,Normal
2026-02-08 06:37:47.707965,Toronto-40ea,34,34,Normal
2026-02-08 06:37:48.707965,Toronto-40ea,-20,82,Normal
2026-02-08 06:37:49.707965,Toronto-40ea,10,39,Normal
2026-02-08 06:37:50.707965,Toronto-40ea,48,19,Normal
2026-02-08 06:37:51.707965,Toronto-40ea,42,13,Normal
2026-02-08 06:37:52.707965,Toronto-40ea,19,76,Normal
2026-02-08 06:37:53.707965,Toronto-40ea,11,8,Normal
2026-02-08 06:37:54.707965,Toronto-40ea,-11,84,Normal
2026-02-08 06:37:55.707965,Toronto-40ea,-21,48,Normal
2026-02-08 06:37:56.707965,Toronto-40ea,-10,33,Normal
2026-02-08 06:37:57.707965,Toronto-40ea,27,9,Normal
2026-02-08 06:37:58.707965,Toronto-40ea,-2,50,Normal
2026-02-08 06:37:59.707965,Toronto-40ea,26,89,Normal
2026-02-08 06:38:00.707965,Toronto-40ea,15,73,Normal
2026-02-08 06:38:01.707965,Toronto-40ea,-9,58,Normal
2026-02-08 06:38:02.707965,Toronto-40ea,23,99,Normal
2026-02-08 06:38:03.707965,Toronto-40ea,-6,37,Normal
2026-02-08 06:38:04.707965,Toronto-40ea,31,47,Normal
2026-02-08 06:38:05.707965,Toronto-40ea,-27,16,Normal
2026-02-08 06:38:06.707965,Toronto-40ea,15,91,Normal
2026-02-08 06:38:07.707965,Toronto-40ea,-11,49,Normal
2026-02-08 06:38:08.707965,Toronto-40ea,-19,34,Normal
2026-02-08 06:38:09.707965,Toronto-40ea,3,91,Normal
2026-02-08 06:38:10.707965,Toronto-40ea,8,69,Normal
2026-02-08 06:38:11.707965,Toronto-40ea,10,16,Normal
2026-02-08 06:38:12.707965,Toronto-40ea,-5,17,Normal
2026-02-08 06:38:13.707965,Toronto-40ea,40,57,Normal
2026-02-08 06:38:14.707965,Toronto-40ea,-29,59,Normal
2026-02-08 06:38:15.707965,Toronto-40ea,2,79,Normal
2026-02-08 06:38:16.707965,Toronto-40ea,12,68,Normal
2026-02-08 06:38:17.707965,Toronto-40ea,50,74,Normal
2026-02-08 06:38:18.707965,Toronto-40ea,-13,86,Normal
2026-02-08 06:38:19.707965,Toronto-40ea,13,99,Normal
2026-02-08 06:38:20.707965,Toronto-40ea,22,25,Normal
2026-02-08 06:38:21.707965,Toronto-40ea,19,59,Normal
2026-02-08 06:38:22.707965,Toronto-40ea,7,96,Normal
2026-02-08 06:38:23.707965,Toronto-40ea,2,44,Normal
2026-02-08 06:38:24.707965,Toronto-40ea,11,60,Normal
2026-02-08 06:38:25.707965,Toronto-40ea,44,65,Normal
2026-02-08 06:38:26.707965,Toronto-40ea,28,12,Normal
2026-02-08 06:38:27.707965,Toronto-40ea,40,39,Normal
2026-02-08 06:38:28.707965,Toronto-40ea,7,28,Normal
2026-02-08 06:38:29.707965,Toronto-40ea,12,57,Normal
2026-02-08 06:38:30.707965,Toronto-40ea,21,55,Normal
2026-02-08 06:38:31.707965,Toronto-40ea,5,84,Normal
2026-02-08 06:38:32.707965,Toronto-40ea,36,69,Normal
2026-02-08 06:38:33.707965,Toronto-40ea,17,16,Normal
2026-02-08 06:38:34.707965,Toronto-40ea,-7,55,Normal
2026-02-08 06:38:35.707965,Toronto-40ea,9,11,Normal
2026-02-08 06:38:36.707965,Toronto-40ea,-22,90,Normal
2026-02-08 06:38:37.707965,Toronto-40ea,43,64,Normal
2026-02-08 06:38:38.707965,Toronto-40ea,-15,78,Normal
2026-02-08 06:38:39.707965,Toronto-40ea,-15,59,Normal
2026-02-08 06:38:40.707965,Toronto-40ea,-5,43,Normal
2026-02-08 06:38:41.707965,Toronto-40ea,2,92,Normal
2026-02-08 06:38:42.707965,Toronto-40ea,35,67,Normal
2026-02-08 06:38:43.707965,Toronto-40ea,10,13,Normal
2026-02-08 06:38:44.707965,Toronto-40ea,-16,66,Normal
2026-02-08 06:38:45.707965,Toronto-40ea,30,6,Normal
2026-02-08 06:38:46.707965,Toronto-40ea,-9,98,Normal
2026-02-08 06:38:47.707965,Toronto-40ea,18,52,Normal
2026-02-08 06:38:48.707965,Toronto-40ea,-20,58,Normal
2026-02-08 06:38:49.707965,Toronto-40ea,5,18,Normal
2026-02-08 06:38:50.707965,Toronto-40ea,-30,10,Normal
2026-02-08 06:38:51.707965,Toronto-40ea,-18,47,Normal
2026-02-08 06:38:52.707965,Toronto-40ea,-9,42,Normal
2026-02-08 06:38:53.707965,Toronto-40ea,-19,51,Normal
2026-02-08 06:38:54.707965,Toronto-40ea,-6,26,Normal
2026-02-08 06:38:55.707965,Toronto-40ea,19,89,Normal
2026-02-08 06:38:56.707965,Toronto-40ea,-24,66,Normal
2026-02-08 06:38:57.707965,Toronto-40ea,28,48,Normal
2026-02-08 06:38:58.707965,Toronto-40ea,-20,37,Normal
2026-02-08 06:38:59.707965,Toronto-40ea,-8,6,Normal
2026-02-08 06:39:00.707965,Toronto-40ea,15,57,Normal
2026-02-08 06:39:01.707965,Toronto-40ea,-28,98,Normal
2026-02-08 06:39:02.707965,Toronto-40ea,2,77,Normal
2026-02-08 06:39:03.707965,Toronto-40ea,25,2,Normal
2026-02-08 06:39:04.707965,Toronto-40ea,47,55,Normal
2026-02-08 06:39:05.707965,Toronto-40ea,-30,51,Normal
2026-02-08 06:39:06.707965,Toronto-40ea,27,86,Normal
2026-02-08 06:39:07.707965,Toronto-40ea,16,68,Normal
2026-02-08 06:39:08.707965,Toronto-40ea,-12,61,Normal
2026-02-08 06:39:09.707965,Toronto-40ea,39,97,Normal
2026-02-08 06:39:10.707965,Toronto-40ea,50,6,Normal
2026-02-08 06:39:11.707965,Toronto-40ea,6,51,Normal
2026-02-08 06:39:12.707965,Toronto-40ea,7,17,Normal
2026-02-08 06:39:13.707965,Toronto-40ea,2,99,Normal
2026-02-08 06:39:14.707965,Toronto-40ea,-11,31,Normal
2026-02-08 06:39:15.707965,Toronto-40ea,15,4,Normal
2026-02-08 06:39:16.707965,Toronto-40ea,-7,21,Normal
2026-02-08 06:39:17.707965,Toronto-40ea,-12,39,Normal
2026-02-08 06:39:18.707965,Toronto-40ea,8,21,Normal
2026-02-08 06:39:19.707965,Toronto-40ea,11,90,Normal
2026-02-08 06:39:20.707965,Toronto-40ea,-26,55,Normal
2026-02-08 06:39:21.707965,Toronto-40ea,45,76,Normal
2026-02-08 06:39:22.707965,Toronto-40ea,5,97,Normal
2026-02-08 06:39:23.707965,Toronto-40ea,15,3,Normal
2026-02-08 06:39:24.707965,Toronto-40ea,-1,60,Normal
2026-02-08 06:39:25.707965,Toronto-40ea,9,32,Normal
2026-02-08 06:39:26.707965,Toronto-40ea,47,37,Normal
2026-02-08 06:39:27.707965,Toronto-40ea,17,8,Normal
2026-02-08 06:39:28.707965,Toronto-40ea,28,94,Normal
2026-02-08 06:39:29.707965,Toronto-40ea,-6,50,Normal
2026-02-08 06:39:30.707965,Toronto-40ea,7,7,Normal
2026-02-08 06:39:31.707965,Toronto-40ea,2,82,Normal
2026-02-08 06:39:32.707965,Toronto-40ea,-20,12,Normal
2026-02-08 06:39:33.707965,Toronto-40ea,4,1,Normal
2026-02-08 06:39:34.707965,Toronto-40ea,26,61,Normal
2026-02-08 06:39:35.707965,Toronto-40ea,10,5,Normal
2026-02-08 06:39:36.707965,Toronto-40ea,-30,56,Normal
2026-02-08 06:39:37.707965,Toronto-40ea,35,91,Normal
2026-02-08 06:39:38.707965,Toronto-40ea,43,72,Normal
2026-02-08 06:39:39.707965,Toronto-40ea,41,52,Normal
2026-02-08 06:39:40.707965,Toronto-40ea,-22,88,Normal
2026-02-08 06:39:41.707965,Toronto-40ea,14,68,Normal
2026-02-08 06:39:42.707965,Toronto-40ea,17,96,Normal
2026-02-08 06:39:43.707965,Toronto-40ea,-21,93,Normal
2026-02-08 06:39:44.707965,Toronto-40ea,21,34,Normal
2026-02-08 06:39:45.707965,Toronto-40ea,-12,92,Normal
2026-02-08 06:39:46.707965,Toronto-40ea,-5,12,Normal
2026-02-08 06:39:47.707965,Toronto-40ea,-14,77,Normal
2026-02-08 06:39:48.707965,Toronto-40ea,-19,99,Normal
2026-02-08 06:39:49.707965,Toronto-40ea,18,50,Normal
2026-02-08 06:39:50.707965,Toronto-40ea,48,39,Normal
2026-02-08 06:39:51.707965,Toronto-40ea,12,47,Normal
2026-02-08 06:39:52.707965,Toronto-40ea,0,46,Normal
2026-02-08 06:39:53.707965,Toronto-40ea,11,63,Normal
2026-02-08 06:39:54.707965,Toronto-40ea,41,37,Normal
2026-02-08 06:39:55.707965,Toronto-40ea,5,66,Normal
2026-02-08 06:39:56.707965,Toronto-40ea,12,73,Normal
2026-02-08 06:39:57.707965,Toronto-40ea,44,47,Normal
2026-02-08 06:39:58.707965,Toronto-40ea,38,89,Normal
2026-02-08 06:39:59.707965,Toronto-40ea,36,10,Normal
2026-02-08 06:40:00.707965,Toronto-40ea,-23,51,Normal
2026-02-08 06:40:01.707965,Toronto-40ea,-3,50,Normal
2026-02-08 06:40:02.707965,Toronto-40ea,-27,64,Normal
2026-02-08 06:40:03.707965,Toronto-40ea,-26,35,Normal
2026-02-08 06:40:04.707965,Toronto-40ea,-9,0,Normal
2026-02-08 06:40:05.707965,Toronto-40ea,4,86,Normal
2026-02-08 06:40:06.707965,Toronto-40ea,-9,8,Normal
2026-02-08 06:40:07.707965,Toronto-40ea,8,40,Normal
2026-02-08 06:40:08.707965,Toronto-40ea,1,16,Normal
2026-02-08 06:40:09.707965,Toronto-40ea,38,23,Normal
2026-02-08 06:40:10.707965,Toronto-40ea,23,98,Normal
2026-02-08 06:40:11.707965,Toronto-40ea,35,90,Normal
2026-02-08 06:40:12.707965,Toronto-40ea,17,44,Normal
2026-02-08 06:40:13.707965,Toronto-40ea,44,50,Normal
2026-02-08 06:40:14.707965,Toronto-40ea,39,63,Normal
2026-02-08 06:40:15.707965,Toronto-40ea,9,86,Normal
2026-02-08 06:40:16.707965,Toronto-40ea,38,21,Normal
2026-02-08 06:40:17.707965,Toronto-40ea,18,40,Normal
2026-02-08 06:40:18.707965,Toronto-40ea,-14,83,Normal
2026-02-08 06:40:19.707965,Toronto-40ea,42,48,Normal
2026-02-08 06:40:20.707965,Toronto-40ea,1,91,Normal
2026-02-08 06:40:21.707965,Toronto-40ea,-26,18,Normal
2026-02-08 06:40:22.707965,Toronto-40ea,-3,62,Normal
2026-02-08 06:40:23.707965,Toronto-40ea,41,99,Normal
2026-02-08 06:40:24.707965,Toronto-40ea,32,92,Normal
2026-02-08 06:40:25.707965,Toronto-40ea,7,46,Normal
2026-02-08 06:40:26.707965,Toronto-40ea,48,49,Normal
2026-02-08 06:40:27.707965,Toronto-40ea,46,63,Normal
2026-02-08 06:40:28.707965,Toronto-40ea,9,39,Normal
2026-02-08 06:40:29.707965,Toronto-40ea,-29,11,Normal
2026-02-08 06:40:30.707965,Toronto-40ea,40,49,Normal
2026-02-08 06:40:31.707965,Toronto-40ea,-12,67,Normal
2026-02-08 06:40:32.707965,Toronto-40ea,22,86,Normal
2026-02-08 06:40:33.707965,Toronto-40ea,28,13,Normal
2026-02-08 06:40:34.707965,Toronto-40ea,36,96,Normal
2026-02-08 06:40:35.707965,Toronto-40ea,3,31,Normal
2026-02-08 06:40:36.707965,Toronto-40ea,50,62,Normal
2026-02-08 06:40:37.707965,Toronto-40ea,22,61,Normal
2026-02-08 06:40:38.707965,Toronto-40ea,41,100,Normal
2026-02-08 06:40:39.707965,Toronto-40ea,-18,13,Normal
2026-02-08 06:40:40.707965,Toronto-40ea,-13,100,Normal
2026-02-08 06:40:41.707965,Toronto-40ea,-8,23,Normal
2026-02-08 06:40:42.707965,Toronto-40ea,-4,31,Normal
2026-02-08 06:40:43.707965,Toronto-40ea,48,43,Normal
2026-02-08 06:40:44.707965,Toronto-40ea,-26,38,Normal
2026-02-08 06:40:45.707965,Toronto-40ea,-9,96,Normal
2026-02-08 06:40:46.707965,Toronto-40ea,27,33,Normal
2026-02-08 06:40:47.707965,Toronto-40ea,16,88,Normal
2026-02-08 06:40:48.707965,Toronto-40ea,-6,28,Normal
2026-02-08 06:40:49.707965,Toronto-40ea,10,21,Normal
2026-02-08 06:40:50.707965,Toronto-40ea,-18,89,Normal
2026-02-08 06:40:51.707965,Toronto-40ea,-13,16,Normal
2026-02-08 06:40:52.707965,Toronto-40ea,8,58,Normal
2026-02-08 06:40:53.707965,Toronto-40ea,3,91,Normal
2026-02-08 06:40:54.707965,Toronto-40ea,-9,68,Normal
2026-02-08 06:40:55.707965,Toronto-40ea,-8,36,Normal
2026-02-08 06:40:56.707965,Toronto-40ea,29,43,Normal
2026-02-08 06:40:57.707965,Toronto-40ea,47,88,Normal
2026-02-08 06:40:58.707965,Toronto-40ea,9,16,Normal
2026-02-08 06:40:59.707965,Toronto-40ea,45,55,Normal
2026-02-08 06:41:00.707965,Toronto-40ea,35,100,Normal
2026-02-08 06:41:01.707965,Toronto-40ea,31,57,Normal
2026-02-08 06:41:02.707965,Toronto-40ea,-1,39,Normal
2026-02-08 06:41:03.707965,Toronto-40ea,-14,18,Normal
2026-02-08 06:41:04.707965,Toronto-40ea,31,65,Normal
2026-02-08 06:41:05.707965,Toronto-40ea,-2,30,Normal
2026-02-08 06:41:06.707965,Toronto-40ea,-10,69,Normal
2026-02-08 06:41:07.707965,Toronto-40ea,-7,19,Normal
2026-02-08 06:41:08.707965,Toronto-40ea,36,89,Normal
2026-02-08 06:41:09.707965,Toronto-40ea,35,78,Normal
2026-02-08 06:41:10.707965,Toronto-40ea,0,60,Normal
2026-02-08 06:41:11.707965,Toronto-40ea,-4,52,Normal
2026-02-08 06:41:12.707965,Toronto-40ea,-13,48,Normal
2026-02-08 06:41:13.707965,Toronto-40ea,39,24,Normal
2026-02-08 06:41:14.707965,Toronto-40ea,41,93,Normal
2026-02-08 06:41:15.707965,Toronto-40ea,18,91,Normal
2026-02-08 06:41:16.707965,Toronto-40ea,-29,83,Normal
2026-02-08 06:41:17.707965,Toronto-40ea,3,1,Normal
2026-02-08 06:41:18.707965,Toronto-40ea,-20,96,Normal
2026-02-08 06:41:19.707965,Toronto-40ea,-17,1,Normal
2026-02-08 06:41:20.707965,Toronto-40ea,-29,21,Normal
2026-02-08 06:41:21.707965,Toronto-40ea,-1,88,Normal
2026-02-08 06:41:22.707965,Toronto-40ea,16,14,Normal
2026-02-08 06:41:23.707965,Toronto-40ea,39,58,Normal
2026-02-08 06:41:24.707965,Toronto-40ea,-29,54,Normal
2026-02-08 06:41:25.707965,Toronto-40ea,-18,71,Normal
2026-02-08 06:41:26.707965,Toronto-40ea,37,94,Normal
2026-02-08 06:41:27.707965,Toronto-40ea,13,32,Normal
2026-02-08 06:41:28.707965,Toronto-40ea,37,84,Normal
2026-02-08 06:41:29.707965,Toronto-40ea,11,58,Normal
2026-02-08 06:41:30.707965,Toronto-40ea,11,79,Normal
2026-02-08 06:41:31.707965,Toronto-40ea,-15,61,Normal
2026-02-08 06:41:32.707965,Toronto-40ea,45,21,Normal
2026-02-08 06:41:33.707965,Toronto-40ea,33,73,Normal
2026-02-08 06:41:34.707965,Toronto-40ea,-26,34,Normal
2026-02-08 06:41:35.707965,Toronto-40ea,34,74,Normal
2026-02-08 06:41:36.707965,Toronto-40ea,14,61,Normal
2026-02-08 06:41:37.707965,Toronto-40ea,12,62,Normal
2026-02-08 06:41:38.707965,Toronto-40ea,16,81,Normal
2026-02-08 06:41:39.707965,Toronto-40ea,-11,62,Normal
2026-02-08 06:41:40.707965,Toronto-40ea,5,8,Normal
2026-02-08 06:41:41.707965,Toronto-40ea,41,79,Normal
2026-02-08 06:41:42.707965,Toronto-40ea,-24,95,Normal
2026-02-08 06:41:43.707965,Toronto-40ea,5,37,Normal
2026-02-08 06:41:44.707965,Toronto-40ea,19,69,Normal
2026-02-08 06:41:45.707965,Toronto-40ea,-2,81,Normal
2026-02-08 06:41:46.707965,Toronto-40ea,35,31,Normal
2026-02-08 06:41:47.707965,Toronto-40ea,24,21,Normal
2026-02-08 06:41:48.707965,Toronto-40ea,-21,27,Normal
2026-02-08 06:41:49.707965,Toronto-40ea,28,73,Normal
2026-02-08 06:41:50.707965,Toronto-40ea,10,28,Normal
2026-02-08 06:41:51.707965,Toronto-40ea,-7,23,Normal
2026-02-08 06:41:52.707965,Toronto-40ea,-9,87,Normal
2026-02-08 06:41:53.707965,Toronto-40ea,-14,29,Normal
2026-02-08 06:41:54.707965,Toronto-40ea,28,46,Normal
2026-02-08 06:41:55.707965,Toronto-40ea,47,29,Normal
2026-02-08 06:41:56.707965,Toronto-40ea,-27,98,Normal
2026-02-08 06:41:57.707965,Toronto-40ea,37,80,Normal
2026-02-08 06:41:58.707965,Toronto-40ea,3,97,Normal
2026-02-08 06:41:59.707965,Toronto-40ea,-8,26,Normal
2026-02-08 06:42:00.707965,Toronto-40ea,-19,2,Normal
2026-02-08 06:42:01.707965,Toronto-40ea,39,74,Normal
2026-02-08 06:42:02.707965,Toronto-40ea,-30,81,Normal
2026-02-08 06:42:03.707965,Toronto-40ea,-12,95,Normal
2026-02-08 06:42:04.707965,Toronto-40ea,29,89,Normal
2026-02-08 06:42:05.707965,Toronto-40ea,32,88,Normal
2026-02-08 06:42:06.707965,Toronto-40ea,-7,2,Normal
2026-02-08 06:42:07.707965,Toronto-40ea,-4,5,Normal
2026-02-08 06:42:08.707965,Toronto-40ea,-15,96,Normal
2026-02-08 06:42:09.707965,Toronto-40ea,9,66,Normal
2026-02-08 06:42:10.707965,Toronto-40ea,-4,29,Normal
2026-02-08 06:42:11.707965,Toronto-40ea,28,1,Normal
2026-02-08 06:42:12.707965,Toronto-40ea,-17,48,Normal
2026-02-08 06:42:13.707965,Toronto-40ea,14,79,Normal
2026-02-08 06:42:14.707965,Toronto-40ea,2,62,Normal
2026-02-08 06:42:15.707965,Toronto-40ea,-2,55,Normal
2026-02-08 06:42:16.707965,Toronto-40ea,-12,80,Normal
2026-02-08 06:42:17.707965,Toronto-40ea,16,55,Normal
2026-02-08 06:42:18.707965,Toronto-40ea,-1,82,Normal
2026-02-08 06:42:19.707965,Toronto-40ea,28,62,Normal
2026-02-08 06:42:20.707965,Toronto-40ea,44,8,Normal
2026-02-08 06:42:21.707965,Toronto-40ea,1,12,Normal
2026-02-08 06:42:22.707965,Toronto-40ea,3,53,Normal
2026-02-08 06:42:23.707965,Toronto-40ea,25,87,Normal
2026-02-08 06:42:24.707965,Toronto-40ea,-15,11,Normal
2026-02-08 06:42:25.707965,Toronto-40ea,-25,10,Normal
2026-02-08 06:42:26.707965,Toronto-40ea,0,84,Normal
2026-02-08 06:42:27.707965,Toronto-40ea,-27,91,Normal
2026-02-08 06:42:28.707965,Toronto-40ea,14,50,Normal
2026-02-08 06:42:29.707965,Toronto-40ea,-5,45,Normal
2026-02-08 06:42:30.707965,Toronto-40ea,-18,66,Normal
2026-02-08 06:42:31.707965,Toronto-40ea,-6,94,Normal
2026-02-08 06:42:32.707965,Toronto-40ea,9,61,Normal
2026-02-08 06:42:33.707965,Toronto-40ea,3,21,Normal
2026-02-08 06:42:34.707965,Toronto-40ea,41,36,Normal
2026-02-08 06:42:35.707965,Toronto-40ea,-1,56,Normal
2026-02-08 06:42:36.707965,Toronto-40ea,-19,10,Normal
2026-02-08 06:42:37.707965,Toronto-40ea,-1,15,Normal
2026-02-08 06:42:38.707965,Toronto-40ea,41,98,Normal
2026-02-08 06:42:39.707965,Toronto-40ea,27,40,Normal
2026-02-08 06:42:40.707965,Toronto-40ea,-5,63,Normal
2026-02-08 06:42:41.707965,Toronto-40ea,23,19,Normal
2026-02-08 06:42:42.707965,Toronto-40ea,-17,38,Normal
2026-02-08 06:42:43.707965,Toronto-40ea,-27,29,Normal
2026-02-08 06:42:44.707965,Toronto-40ea,15,35,Normal
2026-02-08 06:42:45.707965,Toronto-40ea,41,90,Normal
2026-02-08 06:42:46.707965,Toronto-40ea,-18,4,Normal
2026-02-08 06:42:47.707965,Toronto-40ea,39,27,Normal
2026-02-08 06:42:48.707965,Toronto-40ea,41,75,Normal
2026-02-08 06:42:49.707965,Toronto-40ea,9,17,Normal
2026-02-08 06:42:50.707965,Toronto-40ea,-27,11,Normal
2026-02-08 06:42:51.707965,Toronto-40ea,-22,21,Normal
2026-02-08 06:42:52.707965,Toronto-40ea,-13,14,Normal
2026-02-08 06:42:53.707965,Toronto-40ea,-22,86,Normal
2026-02-08 06:42:54.707965,Toronto-40ea,-4,72,Normal
2026-02-08 06:42:55.707965,Toronto-40ea,43,40,Normal
2026-02-08 06:42:56.707965,Toronto-40ea,39,39,Normal
2026-02-08 06:42:57.707965,Toronto-40ea,47,68,Normal
2026-02-08 06:42:58.707965,Toronto-40ea,-10,0,Normal
2026-02-08 06:42:59.707965,Toronto-40ea,-8,32,Normal
2026-02-08 06:43:00.707965,Toronto-40ea,-28,14,Normal
2026-02-08 06:43:01.707965,Toronto-40ea,33,14,Normal
2026-02-08 06:43:02.707965,Toronto-40ea,48,46,Normal
2026-02-08 06:43:03.707965,Toronto-40ea,50,10,Normal
2026-02-08 06:43:04.707965,Toronto-40ea,36,29,Normal
2026-02-08 06:43:05.707965,Toronto-40ea,5,76,Normal
2026-02-08 06:43:06.707965,Toronto-40ea,24,68,Normal
2026-02-08 06:43:07.707965,Toronto-40ea,-7,60,Normal
2026-02-08 06:43:08.707965,Toronto-40ea,27,15,Normal
2026-02-08 06:43:09.707965,Toronto-40ea,14,22,Normal
2026-02-08 06:43:10.707965,Toronto-40ea,-29,90,Normal
2026-02-08 06:43:11.707965,Toronto-40ea,-2,7,Normal
2026-02-08 06:43:12.707965,Toronto-40ea,31,86,Normal
2026-02-08 06:43:13.707965,Toronto-40ea,47,50,Normal
2026-02-08 06:43:14.707965,Toronto-40ea,-16,28,Normal
2026-02-08 06:43:15.707965,Toronto-40ea,45,8,Normal
2026-02-08 06:43:16.707965,Toronto-40ea,30,20,Normal
2026-02-08 06:43:17.707965,Toronto-40ea,-28,57,Normal
2026-02-08 06:43:18.707965,Toronto-40ea,22,8,Normal
2026-02-08 06:43:19.707965,Toronto-40ea,-21,87,Normal
2026-02-08 06:43:20.707965,Toronto-40ea,22,44,Normal
2026-02-08 06:43:21.707965,Toronto-40ea,17,77,Normal
2026-02-08 06:43:22.707965,Toronto-40ea,49,87,Normal
2026-02-08 06:43:23.707965,Toronto-40ea,-2,96,Normal
2026-02-08 06:43:24.707965,Toronto-40ea,-3,4,Normal
2026-02-08 06:43:25.707965,Toronto-40ea,24,16,Normal
2026-02-08 06:43:26.707965,Toronto-40ea,3,85,Normal
2026-02-08 06:43:27.707965,Toronto-40ea,30,95,Normal
2026-02-08 06:43:28.707965,Toronto-40ea,0,81,Normal
2026-02-08 06:43:29.707965,Toronto-40ea,23,39,Normal
2026-02-08 06:43:30.707965,Toronto-40ea,23,12,Normal
2026-02-08 06:43:31.707965,Toronto-40ea,10,94,Normal
2026-02-08 06:43:32.707965,Toronto-40ea,13,85,Normal
2026-02-08 06:43:33.707965,Toronto-40ea,8,76,Normal
2026-02-08 06:43:34.707965,Toronto-40ea,9,18,Normal
2026-02-08 06:43:35.707965,Toronto-40ea,39,81,Normal
2026-02-08 06:43:36.707965,Toronto-40ea,36,62,Normal
2026-02-08 06:43:37.707965,Toronto-40ea,35,79,Normal
2026-02-08 06:43:38.707965,Toronto-40ea,19,100,Normal
2026-02-08 06:43:39.707965,Toronto-40ea,29,10,Normal
2026-02-08 06:43:40.707965,Toronto-40ea,23,65,Normal
2026-02-08 06:43:41.707965,Toronto-40ea,-8,37,Normal
2026-02-08 06:43:42.707965,Toronto-40ea,-3,67,Normal
2026-02-08 06:43:43.707965,Toronto-40ea,6,29,Normal
2026-02-08 06:43:44.707965,Toronto-40ea,-18,22,Normal
2026-02-08 06:43:45.707965,Toronto-40ea,-2,100,Normal
2026-02-08 06:43:46.707965,Toronto-40ea,48,41,Normal
2026-02-08 06:43:47.707965,Toronto-40ea,-29,14,Normal
2026-02-08 06:43:48.707965,Toronto-40ea,-24,8,Normal
2026-02-08 06:43:49.707965,Toronto-40ea,28,96,Normal
2026-02-08 06:43:50.707965,Toronto-40ea,15,47,Normal
2026-02-08 06:43:51.707965,Toronto-40ea,35,96,Normal
2026-02-08 06:43:52.707965,Toronto-40ea,-29,58,Normal
2026-02-08 06:43:53.707965,Toronto-40ea,-23,70,Normal
2026-02-08 06:43:54.707965,Toronto-40ea,-5,34,Normal
2026-02-08 06:43:55.707965,Toronto-40ea,-22,25,Normal
2026-02-08 06:43:56.707965,Toronto-40ea,-24,45,Normal
2026-02-08 06:43:57.707965,Toronto-40ea,5,46,Normal
2026-02-08 06:43:58.707965,Toronto-40ea,40,14,Normal
2026-02-08 06:43:59.707965,Toronto-40ea,-17,74,Normal
2026-02-08 06:44:00.707965,Toronto-40ea,42,75,Normal
2026-02-08 06:44:01.707965,Toronto-40ea,-6,87,Normal
2026-02-08 06:44:02.707965,Toronto-40ea,39,14,Normal
2026-02-08 06:44:03.707965,Toronto-40ea,41,58,Normal
2026-02-08 06:44:04.707965,Toronto-40ea,-19,3,Normal
2026-02-08 06:44:05.707965,Toronto-40ea,-5,73,Normal
2026-02-08 06:44:06.707965,Toronto-40ea,-5,37,Normal
2026-02-08 06:44:07.707965,Toronto-40ea,25,42,Normal
2026-02-08 06:44:08.707965,Toronto-40ea,2,51,Normal
2026-02-08 06:44:09.707965,Toronto-40ea,11,81,Normal
2026-02-08 06:44:10.707965,Toronto-40ea,24,92,Normal
2026-02-08 06:44:11.707965,Toronto-40ea,24,91,Normal
2026-02-08 06:44:12.707965,Toronto-40ea,-21,10,Normal
2026-02-08 06:44:13.707965,Toronto-40ea,39,49,Normal
2026-02-08 06:44:14.707965,Toronto-40ea,26,99,Normal
2026-02-08 06:44:15.707965,Toronto-40ea,22,96,Normal
2026-02-08 06:44:16.707965,Toronto-40ea,-20,33,Normal
2026-02-08 06:44:17.707965,Toronto-40ea,30,7,Normal
2026-02-08 06:44:18.707965,Toronto-40ea,21,65,Normal
2026-02-08 06:44:19.707965,Toronto-40ea,-8,22,Normal
2026-02-08 06:44:20.707965,Toronto-40ea,31,27,Normal
2026-02-08 06:44:21.707965,Toronto-40ea,38,46,Normal
2026-02-08 06:44:22.707965,Toronto-40ea,-9,61,Normal
2026-02-08 06:44:23.707965,Toronto-40ea,-25,3,Normal
2026-02-08 06:44:24.707965,Toronto-40ea,-23,21,Normal
2026-02-08 06:44:25.707965,Toronto-40ea,-6,10,Normal
2026-02-08 06:44:26.707965,Toronto-40ea,29,19,Normal
2026-02-08 06:44:27.707965,Toronto-40ea,12,72,Normal
2026-02-08 06:44:28.707965,Toronto-40ea,32,16,Normal
2026-02-08 06:44:29.707965,Toronto-40ea,31,83,Normal
2026-02-08 06:44:30.707965,Toronto-40ea,2,25,Normal
2026-02-08 06:44:31.707965,Toronto-40ea,-22,72,Normal
2026-02-08 06:44:32.707965,Toronto-40ea,33,63,Normal
2026-02-08 06:44:33.707965,Toronto-40ea,-15,13,Normal
2026-02-08 06:44:34.707965,Toronto-40ea,-2,23,Normal
2026-02-08 06:44:35.707965,Toronto-40ea,50,89,Normal
2026-02-08 06:44:36.707965,Toronto-40ea,36,12,Normal
2026-02-08 06:44:37.707965,Toronto-40ea,-2,28,Normal
2026-02-08 06:44:38.707965,Toronto-40ea,-20,78,Normal
2026-02-08 06:44:39.707965,Toronto-40ea,-10,62,Normal
2026-02-08 06:44:40.707965,Toronto-40ea,30,34,Normal
2026-02-08 06:44:41.707965,Toronto-40ea,-15,57,Normal
2026-02-08 06:44:42.707965,Toronto-40ea,40,89,Normal
2026-02-08 06:44:43.707965,Toronto-40ea,47,26,Normal
2026-02-08 06:44:44.707965,Toronto-40ea,24,74,Normal
2026-02-08 06:44:45.707965,Toronto-40ea,-11,92,Normal
2026-02-08 06:44:46.707965,Toronto-40ea,8,39,Normal
2026-02-08 06:44:47.707965,Toronto-40ea,-25,59,Normal
2026-02-08 06:44:48.707965,Toronto-40ea,15,84,Normal
2026-02-08 06:44:49.707965,Toronto-40ea,5,4,Normal
2026-02-08 06:44:50.707965,Toronto-40ea,-23,28,Normal
2026-02-08 06:44:51.707965,Toronto-40ea,-4,8,Normal
2026-02-08 06:44:52.707965,Toronto-40ea,-3,24,Normal
2026-02-08 06:44:53.707965,Toronto-40ea,-16,52,Normal
2026-02-08 06:44:54.707965,Toronto-40ea,34,88,Normal
2026-02-08 06:44:55.707965,Toronto-40ea,31,42,Normal
2026-02-08 06:44:56.707965,Toronto-40ea,34,49,Normal
2026-02-08 06:44:57.707965,Toronto-40ea,18,40,Normal
2026-02-08 06:44:58.707965,Toronto-40ea,36,14,Normal
2026-02-08 06:44:59.707965,Toronto-40ea,17,94,Normal
2026-02-08 06:45:00.707965,Toronto-40ea,-26,47,Normal
2026-02-08 06:45:01.707965,Toronto-40ea,-6,65,Normal
2026-02-08 06:45:02.707965,Toronto-40ea,17,78,Normal
2026-02-08 06:45:03.707965,Toronto-40ea,-1,93,Normal
2026-02-08 06:45:04.707965,Toronto-40ea,-4,15,Normal
2026-02-08 06:45:05.707965,Toronto-40ea,30,49,Normal
2026-02-08 06:45:06.707965,Toronto-40ea,10,12,Normal
2026-02-08 06:45:07.707965,Toronto-40ea,11,29,Normal
2026-02-08 06:45:08.707965,Toronto-40ea,22,31,Normal
2026-02-08 06:45:09.707965,Toronto-40ea,12,6,Normal
2026-02-08 06:45:10.707965,Toronto-40ea,-8,60,Normal
2026-02-08 06:45:11.707965,Toronto-40ea,11,20,Normal
2026-02-08 06:45:12.707965,Toronto-40ea,-30,30,Normal
2026-02-08 06:45:13.707965,Toronto-40ea,10,94,Normal
2026-02-08 06:45:14.707965,Toronto-40ea,26,77,Normal
2026-02-08 06:45:15.707965,Toronto-40ea,1,83,Normal
2026-02-08 06:45:16.707965,Toronto-40ea,45,100,Normal
2026-02-08 06:45:17.707965,Toronto-40ea,28,50,Normal
2026-02-08 06:45:18.707965,Toronto-40ea,-13,22,Normal
2026-02-08 06:45:19.707965,Toronto-40ea,28,99,Normal
2026-02-08 06:45:20.707965,Toronto-40ea,46,48,Normal
2026-02-08 06:45:21.707965,Toronto-40ea,17,32,Normal
2026-02-08 06:45:22.707965,Toronto-40ea,12,24,Normal
2026-02-08 06:45:23.707965,Toronto-40ea,-22,62,Normal
2026-02-08 06:45:24.707965,Toronto-40ea,21,79,Normal
2026-02-08 06:45:25.707965,Toronto-40ea,-26,99,Normal
2026-02-08 06:45:26.707965,Toronto-40ea,-17,29,Normal
2026-02-08 06:45:27.707965,Toronto-40ea,-19,65,Normal
2026-02-08 06:45:28.707965,Toronto-40ea,-17,49,Normal
2026-02-08 06:45:29.707965,Toronto-40ea,-25,12,Normal
2026-02-08 06:45:30.707965,Toronto-40ea,28,37,Normal
2026-02-08 06:45:31.707965,Toronto-40ea,4,78,Normal
2026-02-08 06:45:32.707965,Toronto-40ea,27,2,Normal
2026-02-08 06:45:33.707965,Toronto-40ea,-3,92,Normal
2026-02-08 06:45:34.707965,Toronto-40ea,3,29,Normal
2026-02-08 06:45:35.707965,Toronto-40ea,7,83,Normal
2026-02-08 06:45:36.707965,Toronto-40ea,39,52,Normal
2026-02-08 06:45:37.707965,Toronto-40ea,48,84,Normal
2026-02-08 06:45:38.707965,Toronto-40ea,22,74,Normal
2026-02-08 06:45:39.707965,Toronto-40ea,40,15,Normal
2026-02-08 06:45:40.707965,Toronto-40ea,40,4,Normal
2026-02-08 06:45:41.707965,Toronto-40ea,37,25,Normal
2026-02-08 06:45:42.707965,Toronto-40ea,6,67,Normal
2026-02-08 06:45:43.707965,Toronto-40ea,14,94,Normal
2026-02-08 06:45:44.707965,Toronto-40ea,15,7,Normal
2026-02-08 06:45:45.707965,Toronto-40ea,1,62,Normal
2026-02-08 06:45:46.707965,Toronto-40ea,29,15,Normal
2026-02-08 06:45:47.707965,Toronto-40ea,-9,23,Normal
2026-02-08 06:45:48.707965,Toronto-40ea,-21,3,Normal
2026-02-08 06:45:49.707965,Toronto-40ea,0,24,Normal
2026-02-08 06:45:50.707965,Toronto-40ea,25,65,Normal
2026-02-08 06:45:51.707965,Toronto-40ea,-5,38,Normal
2026-02-08 06:45:52.707965,Toronto-40ea,11,43,Normal
2026-02-08 06:45:53.707965,Toronto-40ea,11,62,Normal
2026-02-08 06:45:54.707965,Toronto-40ea,-24,76,Normal
2026-02-08 06:45:55.707965,Toronto-40ea,0,19,Normal
2026-02-08 06:45:56.707965,Toronto-40ea,28,80,Normal
2026-02-08 06:45:57.707965,Toronto-40ea,-11,50,Normal
2026-02-08 06:45:58.707965,Toronto-40ea,-19,17,Normal
2026-02-08 06:45:59.707965,Toronto-40ea,34,32,Normal
2026-02-08 06:46:00.707965,Toronto-40ea,19,69,Normal
2026-02-08 06:46:01.707965,Toronto-40ea,-14,77,Normal
2026-02-08 06:46:02.707965,Toronto-40ea,30,79,Normal
2026-02-08 06:46:03.707965,Toronto-40ea,41,67,Normal
2026-02-08 06:46:04.707965,Toronto-40ea,45,100,Normal
2026-02-08 06:46:05.707965,Toronto-40ea,-27,76,Normal
2026-02-08 06:46:06.707965,Toronto-40ea,39,13,Normal
2026-02-08 06:46:07.707965,Toronto-40ea,-29,65,Normal
2026-02-08 06:46:08.707965,Toronto-40ea,9,71,Normal
2026-02-08 06:46:09.707965,Toronto-40ea,46,18,Normal
2026-02-08 06:46:10.707965,Toronto-40ea,18,82,Normal
2026-02-08 06:46:11.707965,Toronto-40ea,-16,8,Normal
2026-02-08 06:46:12.707965,Toronto-40ea,2,11,Normal
2026-02-08 06:46:13.707965,Toronto-40ea,33,17,Normal
2026-02-08 06:46:14.707965,Toronto-40ea,18,71,Normal
2026-02-08 06:46:15.707965,Toronto-40ea,44,45,Normal
2026-02-08 06:46:16.707965,Toronto-40ea,1,45,Normal
2026-02-08 06:46:17.707965,Toronto-40ea,45,82,Normal
2026-02-08 06:46:18.707965,Toronto-40ea,6,18,Normal
2026-02-08 06:46:19.707965,Toronto-40ea,21,37,Normal
2026-02-08 06:46:20.707965,Toronto-40ea,36,2,Normal
2026-02-08 06:46:21.707965,Toronto-40ea,43,47,Normal
2026-02-08 06:46:22.707965,Toronto-40ea,-10,18,Normal
2026-02-08 06:46:23.707965,Toronto-40ea,-8,93,Normal
2026-02-08 06:46:24.707965,Toronto-40ea,26,80,Normal
2026-02-08 06:46:25.707965,Toronto-40ea,33,37,Normal
2026-02-08 06:46:26.707965,Toronto-40ea,27,55,Normal
2026-02-08 06:46:27.707965,Toronto-40ea,-4,48,Normal
2026-02-08 06:46:28.707965,Toronto-40ea,-24,17,Normal
2026-02-08 06:46:29.707965,Toronto-40ea,-2,100,Normal
2026-02-08 06:46:30.707965,Toronto-40ea,-9,15,Normal
2026-02-08 06:46:31.707965,Toronto-40ea,-13,92,Normal
2026-02-08 06:46:32.707965,Toronto-40ea,0,62,Normal
2026-02-08 06:46:33.707965,Toronto-40ea,-2,74,Normal
2026-02-08 06:46:34.707965,Toronto-40ea,29,6,Normal
2026-02-08 06:46:35.707965,Toronto-40ea,25,63,Normal
2026-02-08 06:46:36.707965,Toronto-40ea,-29,75,Normal
2026-02-08 06:46:37.707965,Toronto-40ea,3,90,Normal
2026-02-08 06:46:38.707965,Toronto-40ea,-26,32,Normal
2026-02-08 06:46:39.707965,Toronto-40ea,31,73,Normal
2026-02-08 06:46:40.707965,Toronto-40ea,-30,39,Normal
2026-02-08 06:46:41.707965,Toronto-40ea,31,58,Normal
2026-02-08 06:46:42.707965,Toronto-40ea,32,42,Normal
2026-02-08 06:46:43.707965,Toronto-40ea,18,14,Normal
2026-02-08 06:46:44.707965,Toronto-40ea,-7,70,Normal
2026-02-08 06:46:45.707965,Toronto-40ea,5,58,Normal
2026-02-08 06:46:46.707965,Toronto-40ea,27,77,Normal
2026-02-08 06:46:47.707965,Toronto-40ea,3,34,Normal
2026-02-08 06:46:48.707965,Toronto-40ea,23,25,Normal
2026-02-08 06:46:49.707965,Toronto-40ea,40,97,Normal
2026-02-08 06:46:50.707965,Toronto-40ea,-11,14,Normal
2026-02-08 06:46:51.707965,Toronto-40ea,-8,25,Normal
2026-02-08 06:46:52.707965,Toronto-40ea,25,50,Normal
2026-02-08 06:46:53.707965,Toronto-40ea,-17,65,Normal
2026-02-08 06:46:54.707965,Toronto-40ea,0,46,Normal
2026-02-08 06:46:55.707965,Toronto-40ea,23,54,Normal
2026-02-08 06:46:56.707965,Toronto-40ea,13,48,Normal
2026-02-08 06:46:57.707965,Toronto-40ea,26,79,Normal
2026-02-08 06:46:58.707965,Toronto-40ea,45,12,Normal
2026-02-08 06:46:59.707965,Toronto-40ea,36,1,Normal
2026-02-08 06:47:00.707965,Toronto-40ea,41,97,Normal
2026-02-08 06:47:01.707965,Toronto-40ea,-9,9,Normal
2026-02-08 06:47:02.707965,Toronto-40ea,37,47,Normal
2026-02-08 06:47:03.707965,Toronto-40ea,-19,57,Normal
2026-02-08 06:47:04.707965,Toronto-40ea,39,73,Normal
2026-02-08 06:47:05.707965,Toronto-40ea,-13,26,Normal
2026-02-08 06:47:06.707965,Toronto-40ea,6,84,Normal
2026-02-08 06:47:07.707965,Toronto-40ea,22,100,Normal
2026-02-08 06:47:08.707965,Toronto-40ea,-29,95,Normal
2026-02-08 06:47:09.707965,Toronto-40ea,17,62,Normal
2026-02-08 06:47:10.707965,Toronto-40ea,-23,31,Normal
2026-02-08 06:47:11.707965,Toronto-40ea,42,13,Normal
2026-02-08 06:47:12.707965,Toronto-40ea,-25,35,Normal
2026-02-08 06:47:13.707965,Toronto-40ea,20,75,Normal
2026-02-08 06:47:14.707965,Toronto-40ea,13,87,Normal
2026-02-08 06:47:15.707965,Toronto-40ea,9,18,Normal
2026-02-08 06:47:16.707965,Toronto-40ea,33,13,Normal
2026-02-08 06:47:17.707965,Toronto-40ea,-22,13,Normal
2026-02-08 06:47:18.707965,Toronto-40ea,38,40,Normal
2026-02-08 06:47:19.707965,Toronto-40ea,38,2,Normal
2026-02-08 06:47:20.707965,Toronto-40ea,-28,39,Normal
2026-02-08 06:47:21.707965,Toronto-40ea,-30,5,Normal
2026-02-08 06:47:22.707965,Toronto-40ea,30,100,Normal
2026-02-08 06:47:23.707965,Toronto-40ea,14,21,Normal
2026-02-08 06:47:24.707965,Toronto-40ea,36,73,Normal
2026-02-08 06:47:25.707965,Toronto-40ea,11,72,Normal
2026-02-08 06:47:26.707965,Toronto-40ea,-26,58,Normal
2026-02-08 06:47:27.707965,Toronto-40ea,20,72,Normal
2026-02-08 06:47:28.707965,Toronto-40ea,-14,95,Normal
2026-02-08 06:47:29.707965,Toronto-40ea,-3,85,Normal
2026-02-08 06:47:30.707965,Toronto-40ea,48,11,Normal
2026-02-08 06:47:31.707965,Toronto-40ea,-7,26,Normal
2026-02-08 06:47:32.707965,Toronto-40ea,29,64,Normal
2026-02-08 06:47:33.707965,Toronto-40ea,-21,98,Normal
2026-02-08 06:47:34.707965,Toronto-40ea,-14,100,Normal
2026-02-08 06:47:35.707965,Toronto-40ea,13,99,Normal
2026-02-08 06:47:36.707965,Toronto-40ea,49,92,Normal
2026-02-08 06:47:37.707965,Toronto-40ea,46,72,Normal
2026-02-08 06:47:38.707965,Toronto-40ea,38,21,Normal
2026-02-08 06:47:39.707965,Toronto-40ea,29,65,Normal
2026-02-08 06:47:40.707965,Toronto-40ea,-25,30,Normal
2026-02-08 06:47:41.707965,Toronto-40ea,32,87,Normal
2026-02-08 06:47:42.707965,Toronto-40ea,-3,78,Normal
2026-02-08 06:47:43.707965,Toronto-40ea,-18,3,Normal
2026-02-08 06:47:44.707965,Toronto-40ea,4,3,Normal
2026-02-08 06:47:45.707965,Toronto-40ea,46,10,Normal
2026-02-08 06:47:46.707965,Toronto-40ea,9,53,Normal
2026-02-08 06:47:47.707965,Toronto-40ea,22,85,Normal
2026-02-08 06:47:48.707965,Toronto-40ea,17,17,Normal
2026-02-08 06:47:49.707965,Toronto-40ea,-17,17,Normal
2026-02-08 06:47:50.707965,Toronto-40ea,-25,95,Normal
2026-02-08 06:47:51.707965,Toronto-40ea,44,84,Normal
2026-02-08 06:47:52.707965,Toronto-40ea,45,26,Normal
2026-02-08 06:47:53.707965,Toronto-40ea,32,67,Normal
2026-02-08 06:47:54.707965,Toronto-40ea,-14,3,Normal
2026-02-08 06:47:55.707965,Toronto-40ea,3,64,Normal
2026-02-08 06:47:56.707965,Toronto-40ea,-17,76,Normal
2026-02-08 06:47:57.707965,Toronto-40ea,5,38,Normal
2026-02-08 06:47:58.707965,Toronto-40ea,-14,93,Normal
2026-02-08 06:47:59.707965,Toronto-40ea,-12,19,Normal
2026-02-08 06:48:00.707965,Toronto-40ea,26,84,Normal
2026-02-08 06:48:01.707965,Toronto-40ea,22,56,Normal
2026-02-08 06:48:02.707965,Toronto-40ea,24,79,Normal
2026-02-08 06:48:03.707965,Toronto-40ea,-28,45,Normal
2026-02-08 06:48:04.707965,Toronto-40ea,-2,2,Normal
2026-02-08 06:48:05.707965,Toronto-40ea,42,55,Normal
2026-02-08 06:48:06.707965,Toronto-40ea,-21,58,Normal
2026-02-08 06:48:07.707965,Toronto-40ea,48,93,Normal
2026-02-08 06:48:08.707965,Toronto-40ea,-26,13,Normal
2026-02-08 06:48:09.707965,Toronto-40ea,-10,47,Normal
2026-02-08 06:48:10.707965,Toronto-40ea,25,4,Normal
2026-02-08 06:48:11.707965,Toronto-40ea,17,67,Normal
2026-02-08 06:48:12.707965,Toronto-40ea,12,51,Normal
2026-02-08 06:48:13.707965,Toronto-40ea,45,49,Normal
2026-02-08 06:48:14.707965,Toronto-40ea,-27,96,Normal
2026-02-08 06:48:15.707965,Toronto-40ea,26,58,Normal
2026-02-08 06:48:16.707965,Toronto-40ea,14,33,Normal
2026-02-08 06:48:17.707965,Toronto-40ea,-17,7,Normal
2026-02-08 06:48:18.707965,Toronto-40ea,44,21,Normal
2026-02-08 06:48:19.707965,Toronto-40ea,-12,70,Normal
2026-02-08 06:48:20.707965,Toronto-40ea,-18,29,Normal
2026-02-08 06:48:21.707965,Toronto-40ea,-16,39,Normal
2026-02-08 06:48:22.707965,Toronto-40ea,5,98,Normal
2026-02-08 06:48:23.707965,Toronto-40ea,44,8,Normal
2026-02-08 06:48:24.707965,Toronto-40ea,3,51,Normal
2026-02-08 06:48:25.707965,Toronto-40ea,2,73,Normal
2026-02-08 06:48:26.707965,Toronto-40ea,25,4,Normal
2026-02-08 06:48:27.707965,Toronto-40ea,44,3,Normal
2026-02-08 06:48:28.707965,Toronto-40ea,18,3,Normal
2026-02-08 06:48:29.707965,Toronto-40ea,-30,77,Normal
2026-02-08 06:48:30.707965,Toronto-40ea,45,0,Normal
2026-02-08 06:48:31.707965,Toronto-40ea,1,5,Normal
2026-02-08 06:48:32.707965,Toronto-40ea,41,19,Normal
2026-02-08 06:48:33.707965,Toronto-40ea,-18,94,Normal
2026-02-08 06:48:34.707965,Toronto-40ea,41,79,Normal
2026-02-08 06:48:35.707965,Toronto-40ea,14,42,Normal
2026-02-08 06:48:36.707965,Toronto-40ea,16,44,Normal
2026-02-08 06:48:37.707965,Toronto-40ea,39,67,Normal
2026-02-08 06:48:38.707965,Toronto-40ea,26,68,Normal
2026-02-08 06:48:39.707965,Toronto-40ea,-19,17,Normal
2026-02-08 06:48:40.707965,Toronto-40ea,-13,24,Normal
2026-02-08 06:48:41.707965,Toronto-40ea,-28,74,Normal
2026-02-08 06:48:42.707965,Toronto-40ea,-25,86,Normal
2026-02-08 06:48:43.707965,Toronto-40ea,0,12,Normal
2026-02-08 06:48:44.707965,Toronto-40ea,-29,82,Normal
2026-02-08 06:48:45.707965,Toronto-40ea,1,89,Normal
2026-02-08 06:48:46.707965,Toronto-40ea,44,6,Normal
2026-02-08 06:48:47.707965,Toronto-40ea,9,7,Normal
2026-02-08 06:48:48.707965,Toronto-40ea,-21,90,Normal
2026-02-08 06:48:49.707965,Toronto-40ea,-15,97,Normal
2026-02-08 06:48:50.707965,Toronto-40ea,37,53,Normal
2026-02-08 06:48:51.707965,Toronto-40ea,13,35,Normal
2026-02-08 06:48:52.707965,Toronto-40ea,17,9,Normal
2026-02-08 06:48:53.707965,Toronto-40ea,33,42,Normal
2026-02-08 06:48:54.707965,Toronto-40ea,-3,50,Normal
2026-02-08 06:48:55.707965,Toronto-40ea,32,79,Normal
2026-02-08 06:48:56.707965,Toronto-40ea,28,97,Normal
2026-02-08 06:48:57.707965,Toronto-40ea,29,99,Normal
2026-02-08 06:48:58.707965,Toronto-40ea,39,29,Normal
2026-02-08 06:48:59.707965,Toronto-40ea,38,28,Normal
2026-02-08 06:49:00.707965,Toronto-40ea,-26,19,Normal
2026-02-08 06:49:01.707965,Toronto-40ea,-4,86,Normal
2026-02-08 06:49:02.707965,Toronto-40ea,39,27,Normal
2026-02-08 06:49:03.707965,Toronto-40ea,-23,70,Normal
2026-02-08 06:49:04.707965,Toronto-40ea,-19,9,Normal
2026-02-08 06:49:05.707965,Toronto-40ea,27,76,Normal
2026-02-08 06:49:06.707965,Toronto-40ea,46,51,Normal
2026-02-08 06:49:07.707965,Toronto-40ea,-24,98,Normal
2026-02-08 06:49:08.707965,Toronto-40ea,7,63,Normal
2026-02-08 06:49:09.707965,Toronto-40ea,-26,36,Normal
2026-02-08 06:49:10.707965,Toronto-40ea,46,61,Normal
2026-02-08 06:49:11.707965,Toronto-40ea,0,41,Normal
2026-02-08 06:49:12.707965,Toronto-40ea,-5,74,Normal
2026-02-08 06:49:13.707965,Toronto-40ea,27,17,Normal
2026-02-08 06:49:14.707965,Toronto-40ea,40,19,Normal
2026-02-08 06:49:15.707965,Toronto-40ea,-13,90,Normal
2026-02-08 06:49:16.707965,Toronto-40ea,-11,78,Normal
2026-02-08 06:49:17.707965,Toronto-40ea,42,4,Normal
2026-02-08 06:49:18.707965,Toronto-40ea,16,68,Normal
2026-02-08 06:49:19.707965,Toronto-40ea,3,7,Normal
2026-02-08 06:49:20.707965,Toronto-40ea,19,29,Normal
2026-02-08 06:49:21.707965,Toronto-40ea,-10,60,Normal
2026-02-08 06:49:22.707965,Toronto-40ea,32,1,Normal
2026-02-08 06:49:23.707965,Toronto-40ea,27,18,Normal
2026-02-08 06:49:24.707965,Toronto-40ea,-30,61,Normal
2026-02-08 06:49:25.707965,Toronto-40ea,-28,37,Normal
2026-02-08 06:49:26.707965,Toronto-40ea,-22,22,Normal
2026-02-08 06:49:27.707965,Toronto-40ea,0,21,Normal
2026-02-08 06:49:28.707965,Toronto-40ea,24,82,Normal
2026-02-08 06:49:29.707965,Toronto-40ea,-20,82,Normal
2026-02-08 06:49:30.707965,Toronto-40ea,-17,50,Normal
2026-02-08 06:49:31.707965,Toronto-40ea,-15,0,Normal
2026-02-08 06:49:32.707965,Toronto-40ea,23,73,Normal
2026-02-08 06:49:33.707965,Toronto-40ea,26,32,Normal
2026-02-08 06:49:34.707965,Toronto-40ea,20,80,Normal
2026-02-08 06:49:35.707965,Toronto-40ea,-10,92,Normal
2026-02-08 06:49:36.707965,Toronto-40ea,7,20,Normal
2026-02-08 06:49:37.707965,Toronto-40ea,-9,29,Normal
2026-02-08 06:49:38.707965,Toronto-40ea,41,5,Normal
2026-02-08 06:49:39.707965,Toronto-40ea,37,89,Normal
2026-02-08 06:49:40.707965,Toronto-40ea,26,53,Normal
2026-02-08 06:49:41.707965,Toronto-40ea,-11,19,Normal
2026-02-08 06:49:42.707965,Toronto-40ea,-24,3,Normal
2026-02-08 06:49:43.707965,Toronto-40ea,49,68,Normal
2026-02-08 06:49:44.707965,Toronto-40ea,-22,68,Normal
2026-02-08 06:49:45.707965,Toronto-40ea,-16,79,Normal
2026-02-08 06:49:46.707965,Toronto-40ea,12,81,Normal
2026-02-08 06:49:47.707965,Toronto-40ea,0,50,Normal
2026-02-08 06:49:48.707965,Toronto-40ea,-14,54,Normal
2026-02-08 06:49:49.707965,Toronto-40ea,-8,75,Normal
2026-02-08 06:49:50.707965,Toronto-40ea,-30,79,Normal
2026-02-08 06:49:51.707965,Toronto-40ea,-16,62,Normal
2026-02-08 06:49:52.707965,Toronto-40ea,-23,11,Normal
2026-02-08 06:49:53.707965,Toronto-40ea,6,44,Normal
2026-02-08 06:49:54.707965,Toronto-40ea,-12,92,Normal
2026-02-08 06:49:55.707965,Toronto-40ea,-16,41,Normal
2026-02-08 06:49:56.707965,Toronto-40ea,2,59,Normal
2026-02-08 06:49:57.707965,Toronto-40ea,33,23,Normal
2026-02-08 06:49:58.707965,Toronto-40ea,5,98,Normal
2026-02-08 06:49:59.707965,Toronto-40ea,46,82,Normal
2026-02-08 06:50:00.707965,Toronto-40ea,37,64,Normal
2026-02-08 06:50:01.707965,Toronto-40ea,32,64,Normal
2026-02-08 06:50:02.707965,Toronto-40ea,48,92,Normal
2026-02-08 06:50:03.707965,Toronto-40ea,-28,6,Normal
2026-02-08 06:50:04.707965,Toronto-40ea,12,33,Normal
2026-02-08 06:50:05.707965,Toronto-40ea,21,89,Normal
2026-02-08 06:50:06.707965,Toronto-40ea,-16,69,Normal
2026-02-08 06:50:07.707965,Toronto-40ea,-22,71,Normal
2026-02-08 06:50:08.707965,Toronto-40ea,41,76,Normal
2026-02-08 06:50:09.707965,Toronto-40ea,-3,80,Normal
2026-02-08 06:50:10.707965,Toronto-40ea,13,96,Normal
2026-02-08 06:50:11.707965,Toronto-40ea,8,47,Normal
2026-02-08 06:50:12.707965,Toronto-40ea,21,83,Normal
2026-02-08 06:50:13.707965,Toronto-40ea,-10,27,Normal
2026-02-08 06:50:14.707965,Toronto-40ea,-5,73,Normal
2026-02-08 06:50:15.707965,Toronto-40ea,-3,86,Normal
2026-02-08 06:50:16.707965,Toronto-40ea,15,85,Normal
2026-02-08 06:50:17.707965,Toronto-40ea,-25,77,Normal
2026-02-08 06:50:18.707965,Toronto-40ea,30,0,Normal
2026-02-08 06:50:19.707965,Toronto-40ea,24,73,Normal
2026-02-08 06:50:20.707965,Toronto-40ea,-10,93,Normal
2026-02-08 06:50:21.707965,Toronto-40ea,-9,62,Normal
2026-02-08 06:50:22.707965,Toronto-40ea,-8,25,Normal
2026-02-08 06:50:23.707965,Toronto-40ea,-26,73,Normal
2026-02-08 06:50:24.707965,Toronto-40ea,-11,10,Normal
2026-02-08 06:50:25.707965,Toronto-40ea,33,72,Normal
2026-02-08 06:50:26.707965,Toronto-40ea,9,95,Normal
2026-02-08 06:50:27.707965,Toronto-40ea,41,89,Normal
2026-02-08 06:50:28.707965,Toronto-40ea,-6,75,Normal
2026-02-08 06:50:29.707965,Toronto-40ea,39,42,Normal
2026-02-08 06:50:30.707965,Toronto-40ea,-4,8,Normal
2026-02-08 06:50:31.707965,Toronto-40ea,-16,5,Normal
2026-02-08 06:50:32.707965,Toronto-40ea,-6,68,Normal
2026-02-08 06:50:33.707965,Toronto-40ea,10,14,Normal
2026-02-08 06:50:34.707965,Toronto-40ea,50,67,Normal
2026-02-08 06:50:35.707965,Toronto-40ea,36,30,Normal
2026-02-08 06:50:36.707965,Toronto-40ea,-13,95,Normal
2026-02-08 06:50:37.707965,Toronto-40ea,5,13,Normal
2026-02-08 06:50:38.707965,Toronto-40ea,8,81,Normal
2026-02-08 06:50:39.707965,Toronto-40ea,13,81,Normal
2026-02-08 06:50:40.707965,Toronto-40ea,-22,8,Normal
2026-02-08 06:50:41.707965,Toronto-40ea,-21,14,Normal
2026-02-08 06:50:42.707965,Toronto-40ea,9,45,Normal
2026-02-08 06:50:43.707965,Toronto-40ea,-9,88,Normal
2026-02-08 06:50:44.707965,Toronto-40ea,47,45,Normal
2026-02-08 06:50:45.707965,Toronto-40ea,30,27,Normal
2026-02-08 06:50:46.707965,Toronto-40ea,-29,7,Normal
2026-02-08 06:50:47.707965,Toronto-40ea,36,36,Normal
2026-02-08 06:50:48.707965,Toronto-40ea,10,10,Normal
2026-02-08 06:50:49.707965,Toronto-40ea,-2,97,Normal
2026-02-08 06:50:50.707965,Toronto-40ea,-17,20,Normal
2026-02-08 06:50:51.707965,Toronto-40ea,1,16,Normal
2026-02-08 06:50:52.707965,Toronto-40ea,34,3,Normal
2026-02-08 06:50:53.707965,Toronto-40ea,-13,77,Normal
2026-02-08 06:50:54.707965,Toronto-40ea,-26,64,Normal
2026-02-08 06:50:55.707965,Toronto-40ea,-19,44,Normal
2026-02-08 06:50:56.707965,Toronto-40ea,-10,96,Normal
2026-02-08 06:50:57.707965,Toronto-40ea,9,64,Normal
2026-02-08 06:50:58.707965,Toronto-40ea,13,34,Normal
2026-02-08 06:50:59.707965,Toronto-40ea,20,30,Normal
2026-02-08 06:51:00.707965,Toronto-40ea,33,10,Normal
2026-02-08 06:51:01.707965,Toronto-40ea,46,2,Normal
2026-02-08 06:51:02.707965,Toronto-40ea,16,9,Normal
2026-02-08 06:51:03.707965,Toronto-40ea,-18,0,Normal
2026-02-08 06:51:04.707965,Toronto-40ea,34,56,Normal
2026-02-08 06:51:05.707965,Toronto-40ea,-21,83,Normal
2026-02-08 06:51:06.707965,Toronto-40ea,39,55,Normal
2026-02-08 06:51:07.707965,Toronto-40ea,-14,9,Normal
2026-02-08 06:51:08.707965,Toronto-40ea,33,81,Normal
2026-02-08 06:51:09.707965,Toronto-40ea,-9,42,Normal
2026-02-08 06:51:10.707965,Toronto-40ea,-22,15,Normal
2026-02-08 06:51:11.707965,Toronto-40ea,20,60,Normal
2026-02-08 06:51:12.707965,Toronto-40ea,-3,10,Normal
2026-02-08 06:51:13.707965,Toronto-40ea,43,9,Normal
2026-02-08 06:51:14.707965,Toronto-40ea,41,21,Normal
2026-02-08 06:51:15.707965,Toronto-40ea,50,82,Normal
2026-02-08 06:51:16.707965,Toronto-40ea,-11,51,Normal
2026-02-08 06:51:17.707965,Toronto-40ea,9,71,Normal
2026-02-08 06:51:18.707965,Toronto-40ea,33,76,Normal
2026-02-08 06:51:19.707965,Toronto-40ea,7,60,Normal
2026-02-08 06:51:20.707965,Toronto-40ea,3,44,Normal
2026-02-08 06:51:21.707965,Toronto-40ea,-25,60,Normal
2026-02-08 06:51:22.707965,Toronto-40ea,-22,46,Normal
2026-02-08 06:51:23.707965,Toronto-40ea,-17,55,Normal
2026-02-08 06:51:24.707965,Toronto-40ea,22,68,Normal
2026-02-08 06:51:25.707965,Toronto-40ea,10,58,Normal
2026-02-08 06:51:26.707965,Toronto-40ea,-11,92,Normal
2026-02-08 06:51:27.707965,Toronto-40ea,1,7,Normal
2026-02-08 06:51:28.707965,Toronto-40ea,30,75,Normal
2026-02-08 06:51:29.707965,Toronto-40ea,25,24,Normal
2026-02-08 06:51:30.707965,Toronto-40ea,19,73,Normal
2026-02-08 06:51:31.707965,Toronto-40ea,17,93,Normal
2026-02-08 06:51:32.707965,Toronto-40ea,8,14,Normal
2026-02-08 06:51:33.707965,Toronto-40ea,-4,40,Normal
2026-02-08 06:51:34.707965,Toronto-40ea,30,39,Normal
2026-02-08 06:51:35.707965,Toronto-40ea,-14,48,Normal
2026-02-08 06:51:36.707965,Toronto-40ea,-12,55,Normal
2026-02-08 06:51:37.707965,Toronto-40ea,-9,58,Normal
2026-02-08 06:51:38.707965,Toronto-40ea,18,98,Normal
2026-02-08 06:51:39.707965,Toronto-40ea,26,51,Normal
2026-02-08 06:51:40.707965,Toronto-40ea,39,74,Normal
2026-02-08 06:51:41.707965,Toronto-40ea,47,84,Normal
2026-02-08 06:51:42.707965,Toronto-40ea,1,100,Normal
2026-02-08 06:51:43.707965,Toronto-40ea,48,78,Normal
2026-02-08 06:51:44.707965,Toronto-40ea,3,56,Normal
2026-02-08 06:51:45.707965,Toronto-40ea,-2,62,Normal
2026-02-08 06:51:46.707965,Toronto-40ea,28,76,Normal
2026-02-08 06:51:47.707965,Toronto-40ea,-2,0,Normal
2026-02-08 06:51:48.707965,Toronto-40ea,9,5,Normal
2026-02-08 06:51:49.707965,Toronto-40ea,47,23,Normal
2026-02-08 06:51:50.707965,Toronto-40ea,-23,58,Normal
2026-02-08 06:51:51.707965,Toronto-40ea,-1,19,Normal
2026-02-08 06:51:52.707965,Toronto-40ea,-2,53,Normal
2026-02-08 06:51:53.707965,Toronto-40ea,46,99,Normal
2026-02-08 06:51:54.707965,Toronto-40ea,-28,32,Normal
2026-02-08 06:51:55.707965,Toronto-40ea,-15,89,Normal
2026-02-08 06:51:56.707965,Toronto-40ea,10,98,Normal
2026-02-08 06:51:57.707965,Toronto-40ea,-11,36,Normal
2026-02-08 06:51:58.707965,Toronto-40ea,-24,0,Normal
2026-02-08 06:51:59.707965,Toronto-40ea,37,31,Normal
2026-02-08 06:52:00.707965,Toronto-40ea,35,20,Normal
2026-02-08 06:52:01.707965,Toronto-40ea,-3,74,Normal
2026-02-08 06:52:02.707965,Toronto-40ea,-19,96,Normal
2026-02-08 06:52:03.707965,Toronto-40ea,-11,58,Normal
2026-02-08 06:52:04.707965,Toronto-40ea,21,20,Normal
2026-02-08 06:52:05.707965,Toronto-40ea,-12,88,Normal
2026-02-08 06:52:06.707965,Toronto-40ea,21,69,Normal
2026-02-08 06:52:07.707965,Toronto-40ea,-4,92,Normal
2026-02-08 06:52:08.707965,Toronto-40ea,-4,16,Normal
2026-02-08 06:52:09.707965,Toronto-40ea,34,5,Normal
2026-02-08 06:52:10.707965,Toronto-40ea,2,34,Normal
2026-02-08 06:52:11.707965,Toronto-40ea,-3,69,Normal
2026-02-08 06:52:12.707965,Toronto-40ea,-9,98,Normal
2026-02-08 06:52:13.707965,Toronto-40ea,28,47,Normal
2026-02-08 06:52:14.707965,Toronto-40ea,22,52,Normal
2026-02-08 06:52:15.707965,Toronto-40ea,-8,34,Normal
2026-02-08 06:52:16.707965,Toronto-40ea,-18,82,Normal
2026-02-08 06:52:17.707965,Toronto-40ea,12,20,Normal
2026-02-08 06:52:18.707965,Toronto-40ea,1,0,Normal
2026-02-08 06:52:19.707965,Toronto-40ea,-24,15,Normal
2026-02-08 06:52:20.707965,Toronto-40ea,-16,76,Normal
2026-02-08 06:52:21.707965,Toronto-40ea,-15,16,Normal
2026-02-08 06:52:22.707965,Toronto-40ea,1,8,Normal
2026-02-08 06:52:23.707965,Toronto-40ea,37,10,Normal
2026-02-08 06:52:24.707965,Toronto-40ea,10,14,Normal
2026-02-08 06:52:25.707965,Toronto-40ea,34,2,Normal
2026-02-08 06:52:26.707965,Toronto-40ea,33,51,Normal
2026-02-08 06:52:27.707965,Toronto-40ea,29,50,Normal
2026-02-08 06:52:28.707965,Toronto-40ea,-1,16,Normal
2026-02-08 06:52:29.707965,Toronto-40ea,29,57,Normal
2026-02-08 06:52:30.707965,Toronto-40ea,6,46,Normal
2026-02-08 06:52:31.707965,Toronto-40ea,43,36,Normal
2026-02-08 06:52:32.707965,Toronto-40ea,-26,36,Normal
2026-02-08 06:52:33.707965,Toronto-40ea,42,97,Normal
2026-02-08 06:52:34.707965,Toronto-40ea,-9,71,Normal
2026-02-08 06:52:35.707965,Toronto-40ea,14,25,Normal
2026-02-08 06:52:36.707965,Toronto-40ea,-14,27,Normal
2026-02-08 06:52:37.707965,Toronto-40ea,29,87,Normal
2026-02-08 06:52:38.707965,Toronto-40ea,-19,92,Normal
2026-02-08 06:52:39.707965,Toronto-40ea,-1,44,Normal
2026-02-08 06:52:40.707965,Toronto-40ea,34,38,Normal
2026-02-08 06:52:41.707965,Toronto-40ea,-16,4,Normal
2026-02-08 06:52:42.707965,Toronto-40ea,22,25,Normal
2026-02-08 06:52:43.707965,Toronto-40ea,18,75,Normal
2026-02-08 06:52:44.707965,Toronto-40ea,7,44,Normal
2026-02-08 06:52:45.707965,Toronto-40ea,-17,9,Normal
2026-02-08 06:52:46.707965,Toronto-40ea,28,58,Normal
2026-02-08 06:52:47.707965,Toronto-40ea,9,31,Normal
2026-02-08 06:52:48.707965,Toronto-40ea,0,42,Normal
2026-02-08 06:52:49.707965,Toronto-40ea,-2,38,Normal
2026-02-08 06:52:50.707965,Toronto-40ea,-13,20,Normal
2026-02-08 06:52:51.707965,Toronto-40ea,-23,79,Normal
2026-02-08 06:52:52.707965,Toronto-40ea,9,70,Normal
2026-02-08 06:52:53.707965,Toronto-40ea,38,0,Normal
2026-02-08 06:52:54.707965,Toronto-40ea,32,16,Normal
2026-02-08 06:52:55.707965,Toronto-40ea,15,86,Normal
2026-02-08 06:52:56.707965,Toronto-40ea,-15,18,Normal
2026-02-08 06:52:57.707965,Toronto-40ea,30,11,Normal
2026-02-08 06:52:58.707965,Toronto-40ea,-24,20,Normal
2026-02-08 06:52:59.707965,Toronto-40ea,47,56,Normal
2026-02-08 06:53:00.707965,Toronto-40ea,-11,58,Normal
2026-02-08 06:53:01.707965,Toronto-40ea,50,59,Normal
2026-02-08 06:53:02.707965,Toronto-40ea,39,23,Normal
2026-02-08 06:53:03.707965,Toronto-40ea,-21,76,Normal
2026-02-08 06:53:04.707965,Toronto-40ea,3,44,Normal
2026-02-08 06:53:05.707965,Toronto-40ea,49,58,Normal
2026-02-08 06:53:06.707965,Toronto-40ea,47,24,Normal
2026-02-08 06:53:07.707965,Toronto-40ea,40,29,Normal
2026-02-08 06:53:08.707965,Toronto-40ea,-27,47,Normal
2026-02-08 06:53:09.707965,Toronto-40ea,24,92,Normal
2026-02-08 06:53:10.707965,Toronto-40ea,31,22,Normal
2026-02-08 06:53:11.707965,Toronto-40ea,22,37,Normal
2026-02-08 06:53:12.707965,Toronto-40ea,30,100,Normal
2026-02-08 06:53:13.707965,Toronto-40ea,-3,58,Normal
2026-02-08 06:53:14.707965,Toronto-40ea,48,12,Normal
2026-02-08 06:53:15.707965,Toronto-40ea,25,35,Normal
2026-02-08 06:53:16.707965,Toronto-40ea,4,83,Normal
2026-02-08 06:53:17.707965,Toronto-40ea,-6,60,Normal
2026-02-08 06:53:18.707965,Toronto-40ea,47,16,Normal
2026-02-08 06:53:19.707965,Toronto-40ea,-1,61,Normal
2026-02-08 06:53:20.707965,Toronto-40ea,33,61,Normal
2026-02-08 06:53:21.707965,Toronto-40ea,39,23,Normal
2026-02-08 06:53:22.707965,Toronto-40ea,11,3,Normal
2026-02-08 06:53:23.707965,Toronto-40ea,-2,87,Normal
2026-02-08 06:53:24.707965,Toronto-40ea,-12,19,Normal
2026-02-08 06:53:25.707965,Toronto-40ea,41,28,Normal
2026-02-08 06:53:26.707965,Toronto-40ea,-16,38,Normal
2026-02-08 06:53:27.707965,Toronto-40ea,-26,35,Normal
2026-02-08 06:53:28.707965,Toronto-40ea,-5,24,Normal
2026-02-08 06:53:29.707965,Toronto-40ea,9,43,Normal
2026-02-08 06:53:30.707965,Toronto-40ea,38,43,Normal
2026-02-08 06:53:31.707965,Toronto-40ea,1,22,Normal
2026-02-08 06:53:32.707965,Toronto-40ea,22,13,Normal
2026-02-08 06:53:33.707965,Toronto-40ea,2,98,Normal
2026-02-08 06:53:34.707965,Toronto-40ea,-20,62,Normal
2026-02-08 06:53:35.707965,Toronto-40ea,2,68,Normal
2026-02-08 06:53:36.707965,Toronto-40ea,-12,51,Normal
2026-02-08 06:53:37.707965,Toronto-40ea,36,77,Normal
2026-02-08 06:53:38.707965,Toronto-40ea,23,85,Normal
2026-02-08 06:53:39.707965,Toronto-40ea,-18,11,Normal
2026-02-08 06:53:40.707965,Toronto-40ea,-9,61,Normal
2026-02-08 06:53:41.707965,Toronto-40ea,-22,82,Normal
2026-02-08 06:53:42.707965,Toronto-40ea,28,76,Normal
2026-02-08 06:53:43.707965,Toronto-40ea,3,10,Normal
2026-02-08 06:53:44.707965,Toronto-40ea,31,81,Normal
2026-02-08 06:53:45.707965,Toronto-40ea,-5,27,Normal
2026-02-08 06:53:46.707965,Toronto-40ea,14,19,Normal
2026-02-08 06:53:47.707965,Toronto-40ea,-29,99,Normal
2026-02-08 06:53:48.707965,Toronto-40ea,33,72,Normal
2026-02-08 06:53:49.707965,Toronto-40ea,-6,55,Normal
2026-02-08 06:53:50.707965,Toronto-40ea,24,26,Normal
2026-02-08 06:53:51.707965,Toronto-40ea,48,56,Normal
2026-02-08 06:53:52.707965,Toronto-40ea,-26,83,Normal
2026-02-08 06:53:53.707965,Toronto-40ea,-24,80,Normal
2026-02-08 06:53:54.707965,Toronto-40ea,23,81,Normal
2026-02-08 06:53:55.707965,Toronto-40ea,11,40,Normal
2026-02-08 06:53:56.707965,Toronto-40ea,-12,35,Normal
2026-02-08 06:53:57.707965,Toronto-40ea,-5,7,Normal
2026-02-08 06:53:58.707965,Toronto-40ea,-8,31,Normal
2026-02-08 06:53:59.707965,Toronto-40ea,41,24,Normal
2026-02-08 06:54:00.707965,Toronto-40ea,19,14,Normal
2026-02-08 06:54:01.707965,Toronto-40ea,17,75,Normal
2026-02-08 06:54:02.707965,Toronto-40ea,-17,83,Normal
2026-02-08 06:54:03.707965,Toronto-40ea,-20,63,Normal
2026-02-08 06:54:04.707965,Toronto-40ea,38,65,Normal
2026-02-08 06:54:05.707965,Toronto-40ea,24,80,Normal
2026-02-08 06:54:06.707965,Toronto-40ea,7,90,Normal
2026-02-08 06:54:07.707965,Toronto-40ea,15,53,Normal
2026-02-08 06:54:08.707965,Toronto-40ea,15,87,Normal
2026-02-08 06:54:09.707965,Toronto-40ea,5,48,Normal
2026-02-08 06:54:10.707965,Toronto-40ea,8,96,Normal
2026-02-08 06:54:11.707965,Toronto-40ea,25,3,Normal
2026-02-08 06:54:12.707965,Toronto-40ea,44,54,Normal
2026-02-08 06:54:13.707965,Toronto-40ea,45,75,Normal
2026-02-08 06:54:14.707965,Toronto-40ea,-3,44,Normal
2026-02-08 06:54:15.707965,Toronto-40ea,-10,82,Normal
2026-02-08 06:54:16.707965,Toronto-40ea,0,30,Normal
2026-02-08 06:54:17.707965,Toronto-40ea,36,56,Normal
2026-02-08 06:54:18.707965,Toronto-40ea,31,23,Normal
2026-02-08 06:54:19.707965,Toronto-40ea,24,85,Normal
2026-02-08 06:54:20.707965,Toronto-40ea,49,43,Normal
2026-02-08 06:54:21.707965,Toronto-40ea,39,18,Normal
2026-02-08 06:54:22.707965,Toronto-40ea,-17,62,Normal
2026-02-08 06:54:23.707965,Toronto-40ea,-2,6,Normal
2026-02-08 06:54:24.707965,Toronto-40ea,17,47,Normal
2026-02-08 06:54:25.707965,Toronto-40ea,22,85,Normal
2026-02-08 06:54:26.707965,Toronto-40ea,-12,0,Normal
2026-02-08 06:54:27.707965,Toronto-40ea,9,33,Normal
2026-02-08 06:54:28.707965,Toronto-40ea,30,58,Normal
2026-02-08 06:54:29.707965,Toronto-40ea,-7,17,Normal
2026-02-08 06:54:30.707965,Toronto-40ea,38,57,Normal
2026-02-08 06:54:31.707965,Toronto-40ea,-2,45,Normal
2026-02-08 06:54:32.707965,Toronto-40ea,-6,87,Normal
2026-02-08 06:54:33.707965,Toronto-40ea,-1,68,Normal
2026-02-08 06:54:34.707965,Toronto-40ea,5,93,Normal
2026-02-08 06:54:35.707965,Toronto-40ea,5,94,Normal
2026-02-08 06:54:36.707965,Toronto-40ea,12,67,Normal
2026-02-08 06:54:37.707965,Toronto-40ea,19,16,Normal
2026-02-08 06:54:38.707965,Toronto-40ea,16,21,Normal
2026-02-08 06:54:39.707965,Toronto-40ea,14,16,Normal
2026-02-08 06:54:40.707965,Toronto-40ea,9,21,Normal
2026-02-08 06:54:41.707965,Toronto-40ea,37,70,Normal
2026-02-08 06:54:42.707965,Toronto-40ea,-18,0,Normal
2026-02-08 06:54:43.707965,Toronto-40ea,41,18,Normal
2026-02-08 06:54:44.707965,Toronto-40ea,33,23,Normal
2026-02-08 06:54:45.707965,Toronto-40ea,-2,59,Normal
2026-02-08 06:54:46.707965,Toronto-40ea,49,55,Normal
2026-02-08 06:54:47.707965,Toronto-40ea,12,9,Normal
2026-02-08 06:54:48.707965,Toronto-40ea,-16,26,Normal
2026-02-08 06:54:49.707965,Toronto-40ea,49,60,Normal
2026-02-08 06:54:50.707965,Toronto-40ea,27,62,Normal
2026-02-08 06:54:51.707965,Toronto-40ea,-9,60,Normal
2026-02-08 06:54:52.707965,Toronto-40ea,22,45,Normal
2026-02-08 06:54:53.707965,Toronto-40ea,37,38,Normal
2026-02-08 06:54:54.707965,Toronto-40ea,21,60,Normal
2026-02-08 06:54:55.707965,Toronto-40ea,30,34,Normal
2026-02-08 06:54:56.707965,Toronto-40ea,-28,64,Normal
2026-02-08 06:54:57.707965,Toronto-40ea,46,20,Normal
2026-02-08 06:54:58.707965,Toronto-40ea,-3,0,Normal
2026-02-08 06:54:59.707965,Toronto-40ea,6,51,Normal
2026-02-08 06:55:00.707965,Toronto-40ea,-27,83,Normal
2026-02-08 06:55:01.707965,Toronto-40ea,-5,79,Normal
2026-02-08 06:55:02.707965,Toronto-40ea,-14,72,Normal
2026-02-08 06:55:03.707965,Toronto-40ea,-10,42,Normal
2026-02-08 06:55:04.707965,Toronto-40ea,-5,5,Normal
2026-02-08 06:55:05.707965,Toronto-40ea,2,36,Normal
2026-02-08 06:55:06.707965,Toronto-40ea,-1,77,Normal
2026-02-08 06:55:07.707965,Toronto-40ea,3,18,Normal
2026-02-08 06:55:08.707965,Toronto-40ea,48,24,Normal
2026-02-08 06:55:09.707965,Toronto-40ea,0,78,Normal
2026-02-08 06:55:10.707965,Toronto-40ea,6,71,Normal
2026-02-08 06:55:11.707965,Toronto-40ea,30,29,Normal
2026-02-08 06:55:12.707965,Toronto-40ea,4,83,Normal
2026-02-08 06:55:13.707965,Toronto-40ea,22,60,Normal
2026-02-08 06:55:14.707965,Toronto-40ea,24,40,Normal
2026-02-08 06:55:15.707965,Toronto-40ea,43,88,Normal
2026-02-08 06:55:16.707965,Toronto-40ea,35,80,Normal
2026-02-08 06:55:17.707965,Toronto-40ea,-30,90,Normal
2026-02-08 06:55:18.707965,Toronto-40ea,-4,96,Normal
2026-02-08 06:55:19.707965,Toronto-40ea,-11,4,Normal
2026-02-08 06:55:20.707965,Toronto-40ea,39,8,Normal
2026-02-08 06:55:21.707965,Toronto-40ea,-24,10,Normal
2026-02-08 06:55:22.707965,Toronto-40ea,-7,83,Normal
2026-02-08 06:55:23.707965,Toronto-40ea,34,38,Normal
2026-02-08 06:55:24.707965,Toronto-40ea,-23,12,Normal
2026-02-08 06:55:25.707965,Toronto-40ea,-3,7,Normal
2026-02-08 06:55:26.707965,Toronto-40ea,-11,90,Normal
2026-02-08 06:55:27.707965,Toronto-40ea,46,33,Normal
2026-02-08 06:55:28.707965,Toronto-40ea,5,43,Normal
2026-02-08 06:55:29.707965,Toronto-40ea,11,14,Normal
2026-02-08 06:55:30.707965,Toronto-40ea,2,1,Normal
2026-02-08 06:55:31.707965,Toronto-40ea,49,98,Normal
2026-02-08 06:55:32.707965,Toronto-40ea,-12,19,Normal
2026-02-08 06:55:33.707965,Toronto-40ea,-11,3,Normal
2026-02-08 06:55:34.707965,Toronto-40ea,39,37,Normal
2026-02-08 06:55:35.707965,Toronto-40ea,-22,30,Normal
2026-02-08 06:55:36.707965,Toronto-40ea,-13,94,Normal
2026-02-08 06:55:37.707965,Toronto-40ea,47,41,Normal
2026-02-08 06:55:38.707965,Toronto-40ea,30,65,Normal
2026-02-08 06:55:39.707965,Toronto-40ea,-12,7,Normal
2026-02-08 06:55:40.707965,Toronto-40ea,-5,65,Normal
2026-02-08 06:55:41.707965,Toronto-40ea,5,44,Normal
2026-02-08 06:55:42.707965,Toronto-40ea,2,9,Normal
2026-02-08 06:55:43.707965,Toronto-40ea,20,30,Normal
2026-02-08 06:55:44.707965,Toronto-40ea,-8,39,Normal
2026-02-08 06:55:45.707965,Toronto-40ea,-16,21,Normal
2026-02-08 06:55:46.707965,Toronto-40ea,5,75,Normal
2026-02-08 06:55:47.707965,Toronto-40ea,13,81,Normal
2026-02-08 06:55:48.707965,Toronto-40ea,34,0,Normal
2026-02-08 06:55:49.707965,Toronto-40ea,17,79,Normal
2026-02-08 06:55:50.707965,Toronto-40ea,-23,12,Normal
2026-02-08 06:55:51.707965,Toronto-40ea,8,64,Normal
2026-02-08 06:55:52.707965,Toronto-40ea,-26,68,Normal
2026-02-08 06:55:53.707965,Toronto-40ea,49,12,Normal
2026-02-08 06:55:54.707965,Toronto-40ea,-21,41,Normal
2026-02-08 06:55:55.707965,Toronto-40ea,31,37,Normal
2026-02-08 06:55:56.707965,Toronto-40ea,-1,83,Normal
2026-02-08 06:55:57.707965,Toronto-40ea,26,56,Normal
2026-02-08 06:55:58.707965,Toronto-40ea,-13,70,Normal
2026-02-08 06:55:59.707965,Toronto-40ea,22,72,Normal
2026-02-08 06:56:00.707965,Toronto-40ea,30,39,Normal
2026-02-08 06:56:01.707965,Toronto-40ea,49,68,Normal
2026-02-08 06:56:02.707965,Toronto-40ea,4,39,Normal
2026-02-08 06:56:03.707965,Toronto-40ea,16,2,Normal
2026-02-08 06:56:04.707965,Toronto-40ea,31,100,Normal
2026-02-08 06:56:05.707965,Toronto-40ea,-14,99,Normal
2026-02-08 06:56:06.707965,Toronto-40ea,4,86,Normal
2026-02-08 06:56:07.707965,Toronto-40ea,43,6,Normal
2026-02-08 06:56:08.707965,Toronto-40ea,42,70,Normal
2026-02-08 06:56:09.707965,Toronto-40ea,27,53,Normal
2026-02-08 06:56:10.707965,Toronto-40ea,-8,15,Normal
2026-02-08 06:56:11.707965,Toronto-40ea,23,62,Normal
2026-02-08 06:56:12.707965,Toronto-40ea,-27,54,Normal
2026-02-08 06:56:13.707965,Toronto-40ea,49,1,Normal
2026-02-08 06:56:14.707965,Toronto-40ea,-12,21,Normal
2026-02-08 06:56:15.707965,Toronto-40ea,41,67,Normal
2026-02-08 06:56:16.707965,Toronto-40ea,18,15,Normal
2026-02-08 06:56:17.707965,Toronto-40ea,20,100,Normal
2026-02-08 06:56:18.707965,Toronto-40ea,18,80,Normal
2026-02-08 06:56:19.707965,Toronto-40ea,-4,82,Normal
2026-02-08 06:56:20.707965,Toronto-40ea,-28,30,Normal
2026-02-08 06:56:21.707965,Toronto-40ea,-11,89,Normal
2026-02-08 06:56:22.707965,Toronto-40ea,21,72,Normal
2026-02-08 06:56:23.707965,Toronto-40ea,16,99,Normal
2026-02-08 06:56:24.707965,Toronto-40ea,-16,97,Normal
2026-02-08 06:56:25.707965,Toronto-40ea,-10,97,Normal
2026-02-08 06:56:26.707965,Toronto-40ea,-6,21,Normal
2026-02-08 06:56:27.707965,Toronto-40ea,-16,89,Normal
2026-02-08 06:56:28.707965,Toronto-40ea,34,65,Normal
2026-02-08 06:56:29.707965,Toronto-40ea,37,78,Normal
2026-02-08 06:56:30.707965,Toronto-40ea,7,13,Normal
2026-02-08 06:56:31.707965,Toronto-40ea,46,95,Normal
2026-02-08 06:56:32.707965,Toronto-40ea,42,9,Normal
2026-02-08 06:56:33.707965,Toronto-40ea,17,41,Normal
2026-02-08 06:56:34.707965,Toronto-40ea,39,90,Normal
2026-02-08 06:56:35.707965,Toronto-40ea,-16,43,Normal
2026-02-08 06:56:36.707965,Toronto-40ea,16,37,Normal
2026-02-08 06:56:37.707965,Toronto-40ea,2,85,Normal
2026-02-08 06:56:38.707965,Toronto-40ea,20,54,Normal
2026-02-08 06:56:39.707965,Toronto-40ea,-7,40,Normal
2026-02-08 06:56:40.707965,Toronto-40ea,-28,50,Normal
2026-02-08 06:56:41.707965,Toronto-40ea,36,13,Normal
2026-02-08 06:56:42.707965,Toronto-40ea,-16,25,Normal
2026-02-08 06:56:43.707965,Toronto-40ea,14,22,Normal
2026-02-08 06:56:44.707965,Toronto-40ea,14,61,Normal
2026-02-08 06:56:45.707965,Toronto-40ea,-5,58,Normal
2026-02-08 06:56:46.707965,Toronto-40ea,-22,37,Normal
2026-02-08 06:56:47.707965,Toronto-40ea,48,68,Normal
2026-02-08 06:56:48.707965,Toronto-40ea,24,40,Normal
2026-02-08 06:56:49.707965,Toronto-40ea,4,79,Normal
2026-02-08 06:56:50.707965,Toronto-40ea,34,12,Normal
2026-02-08 06:56:51.707965,Toronto-40ea,6,4,Normal
2026-02-08 06:56:52.707965,Toronto-40ea,23,96,Normal
2026-02-08 06:56:53.707965,Toronto-40ea,-24,41,Normal
2026-02-08 06:56:54.707965,Toronto-40ea,48,40,Normal
2026-02-08 06:56:55.707965,Toronto-40ea,40,89,Normal
2026-02-08 06:56:56.707965,Toronto-40ea,16,92,Normal
2026-02-08 06:56:57.707965,Toronto-40ea,28,65,Normal
2026-02-08 06:56:58.707965,Toronto-40ea,-26,48,Normal
2026-02-08 06:56:59.707965,Toronto-40ea,5,62,Normal
2026-02-08 06:57:00.707965,Toronto-40ea,8,61,Normal
2026-02-08 06:57:01.707965,Toronto-40ea,46,1,Normal
2026-02-08 06:57:02.707965,Toronto-40ea,-10,38,Normal
2026-02-08 06:57:03.707965,Toronto-40ea,-8,95,Normal
2026-02-08 06:57:04.707965,Toronto-40ea,46,14,Normal
2026-02-08 06:57:05.707965,Toronto-40ea,28,73,Normal
2026-02-08 06:57:06.707965,Toronto-40ea,20,78,Normal
2026-02-08 06:57:07.707965,Toronto-40ea,18,14,Normal
2026-02-08 06:57:08.707965,Toronto-40ea,37,38,Normal
2026-02-08 06:57:09.707965,Toronto-40ea,30,92,Normal
2026-02-08 06:57:10.707965,Toronto-40ea,6,22,Normal
2026-02-08 06:57:11.707965,Toronto-40ea,16,4,Normal
2026-02-08 06:57:12.707965,Toronto-40ea,21,34,Normal
2026-02-08 06:57:13.707965,Toronto-40ea,7,81,Normal
2026-02-08 06:57:14.707965,Toronto-40ea,-22,42,Normal
2026-02-08 06:57:15.707965,Toronto-40ea,28,28,Normal
2026-02-08 06:57:16.707965,Toronto-40ea,-21,49,Normal
2026-02-08 06:57:17.707965,Toronto-40ea,12,51,Normal
2026-02-08 06:57:18.707965,Toronto-40ea,34,27,Normal
2026-02-08 06:57:19.707965,Toronto-40ea,28,19,Normal
2026-02-08 06:57:20.707965,Toronto-40ea,-15,10,Normal
2026-02-08 06:57:21.707965,Toronto-40ea,28,75,Normal
2026-02-08 06:57:22.707965,Toronto-40ea,21,1,Normal
2026-02-08 06:57:23.707965,Toronto-40ea,-27,11,Normal
2026-02-08 06:57:24.707965,Toronto-40ea,41,96,Normal
2026-02-08 06:57:25.707965,Toronto-40ea,36,82,Normal
2026-02-08 06:57:26.707965,Toronto-40ea,-10,17,Normal
2026-02-08 06:57:27.707965,Toronto-40ea,23,28,Normal
2026-02-08 06:57:28.707965,Toronto-40ea,-14,50,Normal
2026-02-08 06:57:29.707965,Toronto-40ea,24,41,Normal
2026-02-08 06:57:30.707965,Toronto-40ea,9,72,Normal
2026-02-08 06:57:31.707965,Toronto-40ea,2,67,Normal
2026-02-08 06:57:32.707965,Toronto-40ea,-10,58,Normal
2026-02-08 06:57:33.707965,Toronto-40ea,14,2,Normal
2026-02-08 06:57:34.707965,Toronto-40ea,7,61,Normal
2026-02-08 06:57:35.707965,Toronto-40ea,13,4,Normal
2026-02-08 06:57:36.707965,Toronto-40ea,11,1,Normal
2026-02-08 06:57:37.707965,Toronto-40ea,32,82,Normal
2026-02-08 06:57:38.707965,Toronto-40ea,10,6,Normal
2026-02-08 06:57:39.707965,Toronto-40ea,7,76,Normal
2026-02-08 06:57:40.707965,Toronto-40ea,36,21,Normal
2026-02-08 06:57:41.707965,Toronto-40ea,34,12,Normal
2026-02-08 06:57:42.707965,Toronto-40ea,37,55,Normal
2026-02-08 06:57:43.707965,Toronto-40ea,38,20,Normal
2026-02-08 06:57:44.707965,Toronto-40ea,-15,50,Normal
2026-02-08 06:57:45.707965,Toronto-40ea,36,96,Normal
2026-02-08 06:57:46.707965,Toronto-40ea,-12,38,Normal
2026-02-08 06:57:47.707965,Toronto-40ea,-15,30,Normal
2026-02-08 06:57:48.707965,Toronto-40ea,24,60,Normal
2026-02-08 06:57:49.707965,Toronto-40ea,38,44,Normal
2026-02-08 06:57:50.707965,Toronto-40ea,25,46,Normal
2026-02-08 06:57:51.707965,Toronto-40ea,-28,11,Normal
2026-02-08 06:57:52.707965,Toronto-40ea,35,0,Normal
2026-02-08 06:57:53.707965,Toronto-40ea,6,80,Normal
2026-02-08 06:57:54.707965,Toronto-40ea,8,61,Normal
2026-02-08 06:57:55.707965,Toronto-40ea,48,74,Normal
2026-02-08 06:57:56.707965,Toronto-40ea,-10,17,Normal
2026-02-08 06:57:57.707965,Toronto-40ea,5,78,Normal
2026-02-08 06:57:58.707965,Toronto-40ea,37,4,Normal
2026-02-08 06:57:59.707965,Toronto-40ea,-12,29,Normal
2026-02-08 06:58:00.707965,Toronto-40ea,-24,3,Normal
2026-02-08 06:58:01.707965,Toronto-40ea,32,33,Normal
2026-02-08 06:58:02.707965,Toronto-40ea,17,42,Normal
2026-02-08 06:58:03.707965,Toronto-40ea,28,95,Normal
2026-02-08 06:58:04.707965,Toronto-40ea,2,9,Normal
2026-02-08 06:58:05.707965,Toronto-40ea,-30,75,Normal
2026-02-08 06:58:06.707965,Toronto-40ea,28,87,Normal
2026-02-08 06:58:07.707965,Toronto-40ea,-7,14,Normal
2026-02-08 06:58:08.707965,Toronto-40ea,-8,49,Normal
2026-02-08 06:58:09.707965,Toronto-40ea,10,80,Normal
2026-02-08 06:58:10.707965,Toronto-40ea,7,90,Normal
2026-02-08 06:58:11.707965,Toronto-40ea,35,53,Normal
2026-02-08 06:58:12.707965,Toronto-40ea,-15,20,Normal
2026-02-08 06:58:13.707965,Toronto-40ea,44,90,Normal
2026-02-08 06:58:14.707965,Toronto-40ea,-25,79,Normal
2026-02-08 06:58:15.707965,Toronto-40ea,-2,83,Normal
2026-02-08 06:58:16.707965,Toronto-40ea,-15,5,Normal
2026-02-08 06:58:17.707965,Toronto-40ea,1,54,Normal
2026-02-08 06:58:18.707965,Toronto-40ea,-17,29,Normal
2026-02-08 06:58:19.707965,Toronto-40ea,38,52,Normal
2026-02-08 06:58:20.707965,Toronto-40ea,19,53,Normal
2026-02-08 06:58:21.707965,Toronto-40ea,-17,8,Normal
2026-02-08 06:58:22.707965,Toronto-40ea,41,96,Normal
2026-02-08 06:58:23.707965,Toronto-40ea,34,94,Normal
2026-02-08 06:58:24.707965,Toronto-40ea,-13,24,Normal
2026-02-08 06:58:25.707965,Toronto-40ea,-21,3,Normal
2026-02-08 06:58:26.707965,Toronto-40ea,-27,21,Normal
2026-02-08 06:58:27.707965,Toronto-40ea,28,60,Normal
2026-02-08 06:58:28.707965,Toronto-40ea,-9,15,Normal
2026-02-08 06:58:29.707965,Toronto-40ea,-14,44,Normal
2026-02-08 06:58:30.707965,Toronto-40ea,13,14,Normal
2026-02-08 06:58:31.707965,Toronto-40ea,-1,48,Normal
2026-02-08 06:58:32.707965,Toronto-40ea,18,77,Normal
2026-02-08 06:58:33.707965,Toronto-40ea,34,78,Normal
2026-02-08 06:58:34.707965,Toronto-40ea,8,1,Normal
2026-02-08 06:58:35.707965,Toronto-40ea,40,46,Normal
2026-02-08 06:58:36.707965,Toronto-40ea,32,47,Normal
2026-02-08 06:58:37.707965,Toronto-40ea,50,55,Normal
2026-02-08 06:58:38.707965,Toronto-40ea,-25,24,Normal
2026-02-08 06:58:39.707965,Toronto-40ea,2,11,Normal
2026-02-08 06:58:40.707965,Toronto-40ea,-30,38,Normal
2026-02-08 06:58:41.707965,Toronto-40ea,-18,80,Normal
2026-02-08 06:58:42.707965,Toronto-40ea,-13,11,Normal
2026-02-08 06:58:43.707965,Toronto-40ea,32,72,Normal
2026-02-08 06:58:44.707965,Toronto-40ea,-18,82,Normal
2026-02-08 06:58:45.707965,Toronto-40ea,-17,62,Normal
2026-02-08 06:58:46.707965,Toronto-40ea,-22,85,Normal
2026-02-08 06:58:47.707965,Toronto-40ea,19,98,Normal
2026-02-08 06:58:48.707965,Toronto-40ea,40,90,Normal
2026-02-08 06:58:49.707965,Toronto-40ea,-7,16,Normal
2026-02-08 06:58:50.707965,Toronto-40ea,43,14,Normal
2026-02-08 06:58:51.707965,Toronto-40ea,-24,32,Normal
2026-02-08 06:58:52.707965,Toronto-40ea,50,17,Normal
2026-02-08 06:58:53.707965,Toronto-40ea,50,37,Normal
2026-02-08 06:58:54.707965,Toronto-40ea,-25,78,Normal
2026-02-08 06:58:55.707965,Toronto-40ea,33,23,Normal
2026-02-08 06:58:56.707965,Toronto-40ea,3,92,Normal
2026-02-08 06:58:57.707965,Toronto-40ea,30,68,Normal
2026-02-08 06:58:58.707965,Toronto-40ea,23,33,Normal
2026-02-08 06:58:59.707965,Toronto-40ea,-4,50,Normal
2026-02-08 06:59:00.707965,Toronto-40ea,-15,21,Normal
2026-02-08 06:59:01.707965,Toronto-40ea,-2,36,Normal
2026-02-08 06:59:02.707965,Toronto-40ea,17,10,Normal
2026-02-08 06:59:03.707965,Toronto-40ea,-19,7,Normal
2026-02-08 06:59:04.707965,Toronto-40ea,-21,16,Normal
2026-02-08 06:59:05.707965,Toronto-40ea,46,36,Normal
2026-02-08 06:59:06.707965,Toronto-40ea,23,38,Normal
2026-02-08 06:59:07.707965,Toronto-40ea,20,29,Normal
2026-02-08 06:59:08.707965,Toronto-40ea,-16,24,Normal
2026-02-08 06:59:09.707965,Toronto-40ea,27,4,Normal
2026-02-08 06:59:10.707965,Toronto-40ea,15,33,Normal
2026-02-08 06:59:11.707965,Toronto-40ea,17,65,Normal
2026-02-08 06:59:12.707965,Toronto-40ea,37,12,Normal
2026-02-08 06:59:13.707965,Toronto-40ea,46,55,Normal
2026-02-08 06:59:14.707965,Toronto-40ea,31,68,Normal
2026-02-08 06:59:15.707965,Toronto-40ea,-15,76,Normal
2026-02-08 06:59:16.707965,Toronto-40ea,-19,10,Normal
2026-02-08 06:59:17.707965,Toronto-40ea,-5,91,Normal
2026-02-08 06:59:18.707965,Toronto-40ea,-13,63,Normal
2026-02-08 06:59:19.707965,Toronto-40ea,4,94,Normal
2026-02-08 06:59:20.707965,Toronto-40ea,4,46,Normal
2026-02-08 06:59:21.707965,Toronto-40ea,11,87,Normal
2026-02-08 06:59:22.707965,Toronto-40ea,44,66,Normal
2026-02-08 06:59:23.707965,Toronto-40ea,41,79,Normal
2026-02-08 06:59:24.707965,Toronto-40ea,47,13,Normal
2026-02-08 06:59:25.707965,Toronto-40ea,-23,61,Normal
2026-02-08 06:59:26.707965,Toronto-40ea,-23,31,Normal
2026-02-08 06:59:27.707965,Toronto-40ea,1,51,Normal
2026-02-08 06:59:28.707965,Toronto-40ea,30,73,Normal
2026-02-08 06:59:29.707965,Toronto-40ea,-24,80,Normal
2026-02-08 06:59:30.707965,Toronto-40ea,-29,34,Normal
2026-02-08 06:59:31.707965,Toronto-40ea,3,29,Normal
2026-02-08 06:59:32.707965,Toronto-40ea,22,46,Normal
2026-02-08 06:59:33.707965,Toronto-40ea,27,5,Normal
2026-02-08 06:59:34.707965,Toronto-40ea,11,1,Normal
2026-02-08 06:59:35.707965,Toronto-40ea,-20,2,Normal
2026-02-08 06:59:36.707965,Toronto-40ea,12,87,Normal
2026-02-08 06:59:37.707965,Toronto-40ea,50,97,Normal
2026-02-08 06:59:38.707965,Toronto-40ea,5,22,Normal
2026-02-08 06:59:39.707965,Toronto-40ea,50,32,Normal
2026-02-08 06:59:40.707965,Toronto-40ea,-23,7,Normal
2026-02-08 06:59:41.707965,Toronto-40ea,18,15,Normal
2026-02-08 06:59:42.707965,Toronto-40ea,39,59,Normal
2026-02-08 06:59:43.707965,Toronto-40ea,-12,38,Normal
2026-02-08 06:59:44.707965,Toronto-40ea,3,24,Normal
2026-02-08 06:59:45.707965,Toronto-40ea,45,66,Normal
2026-02-08 06:59:46.707965,Toronto-40ea,42,76,Normal
2026-02-08 06:59:47.707965,Toronto-40ea,44,91,Normal
2026-02-08 06:59:48.707965,Toronto-40ea,29,68,Normal
2026-02-08 06:59:49.707965,Toronto-40ea,10,47,Normal
2026-02-08 06:59:50.707965,Toronto-40ea,-7,52,Normal
2026-02-08 06:59:51.707965,Toronto-40ea,39,33,Normal
2026-02-08 06:59:52.707965,Toronto-40ea,-4,59,Normal
2026-02-08 06:59:53.707965,Toronto-40ea,-19,91,Normal
2026-02-08 06:59:54.707965,Toronto-40ea,38,74,Normal
2026-02-08 06:59:55.707965,Toronto-40ea,20,30,Normal
2026-02-08 06:59:56.707965,Toronto-40ea,34,100,Normal
2026-02-08 06:59:57.707965,Toronto-40ea,-10,88,Normal
2026-02-08 06:59:58.707965,Toronto-40ea,-17,13,Normal
2026-02-08 06:59:59.707965,Toronto-40ea,15,51,Normal
2026-02-08 07:00:00.707965,Toronto-40ea,42,1,Normal
2026-02-08 07:00:01.707965,Toronto-40ea,0,35,Normal
2026-02-08 07:00:02.707965,Toronto-40ea,1,63,Normal
2026-02-08 07:00:03.707965,Toronto-40ea,-28,7,Normal
2026-02-08 07:00:04.707965,Toronto-40ea,-26,97,Normal
2026-02-08 07:00:05.707965,Toronto-40ea,23,87,Normal
2026-02-08 07:00:06.707965,Toronto-40ea,23,6,Normal
2026-02-08 07:00:07.707965,Toronto-40ea,-6,58,Normal
2026-02-08 07:00:08.707965,Toronto-40ea,14,52,Normal
2026-02-08 07:00:09.707965,Toronto-40ea,41,5,Normal
2026-02-08 07:00:10.707965,Toronto-40ea,3,4,Normal
2026-02-08 07:00:11.707965,Toronto-40ea,45,64,Normal
2026-02-08 07:00:12.707965,Toronto-40ea,-23,79,Normal
2026-02-08 07:00:13.707965,Toronto-40ea,24,55,Normal
2026-02-08 07:00:14.707965,Toronto-40ea,-16,16,Normal
2026-02-08 07:00:15.707965,Toronto-40ea,-20,4,Normal
2026-02-08 07:00:16.707965,Toronto-40ea,12,13,Normal
2026-02-08 07:00:17.707965,Toronto-40ea,36,61,Normal
2026-02-08 07:00:18.707965,Toronto-40ea,-19,4,Normal
2026-02-08 07:00:19.707965,Toronto-40ea,13,49,Normal
2026-02-08 07:00:20.707965,Toronto-40ea,37,61,Normal
2026-02-08 07:00:21.707965,Toronto-40ea,22,8,Normal
2026-02-08 07:00:22.707965,Toronto-40ea,-3,5,Normal
2026-02-08 07:00:23.707965,Toronto-40ea,-11,97,Normal
2026-02-08 07:00:24.707965,Toronto-40ea,18,47,Normal
2026-02-08 07:00:25.707965,Toronto-40ea,3,65,Normal
2026-02-08 07:00:26.707965,Toronto-40ea,15,19,Normal
2026-02-08 07:00:27.707965,Toronto-40ea,42,87,Normal
2026-02-08 07:00:28.707965,Toronto-40ea,-14,95,Normal
2026-02-08 07:00:29.707965,Toronto-40ea,-5,86,Normal
2026-02-08 07:00:30.707965,Toronto-40ea,28,99,Normal
2026-02-08 07:00:31.707965,Toronto-40ea,41,39,Normal
2026-02-08 07:00:32.707965,Toronto-40ea,-25,31,Normal
2026-02-08 07:00:33.707965,Toronto-40ea,-24,69,Normal
2026-02-08 07:00:34.707965,Toronto-40ea,42,87,Normal
2026-02-08 07:00:35.707965,Toronto-40ea,15,36,Normal
2026-02-08 07:00:36.707965,Toronto-40ea,-24,48,Normal
2026-02-08 07:00:37.707965,Toronto-40ea,42,97,Normal
2026-02-08 07:00:38.707965,Toronto-40ea,45,99,Normal
2026-02-08 07:00:39.707965,Toronto-40ea,50,25,Normal
2026-02-08 07:00:40.707965,Toronto-40ea,34,16,Normal
2026-02-08 07:00:41.707965,Toronto-40ea,13,90,Normal
2026-02-08 07:00:42.707965,Toronto-40ea,39,5,Normal
2026-02-08 07:00:43.707965,Toronto-40ea,-2,17,Normal
2026-02-08 07:00:44.707965,Toronto-40ea,-29,28,Normal
2026-02-08 07:00:45.707965,Toronto-40ea,-1,9,Normal
2026-02-08 07:00:46.707965,Toronto-40ea,-12,6,Normal
2026-02-08 07:00:47.707965,Toronto-40ea,-10,22,Normal
2026-02-08 07:00:48.707965,Toronto-40ea,11,80,Normal
2026-02-08 07:00:49.707965,Toronto-40ea,-12,48,Normal
2026-02-08 07:00:50.707965,Toronto-40ea,26,55,Normal
2026-02-08 07:00:51.707965,Toronto-40ea,33,59,Normal
2026-02-08 07:00:52.707965,Toronto-40ea,4,100,Normal
2026-02-08 07:00:53.707965,Toronto-40ea,-1,25,Normal
2026-02-08 07:00:54.707965,Toronto-40ea,16,29,Normal
2026-02-08 07:00:55.707965,Toronto-40ea,23,95,Normal
2026-02-08 07:00:56.707965,Toronto-40ea,-2,4,Normal
2026-02-08 07:00:57.707965,Toronto-40ea,-21,56,Normal
2026-02-08 07:00:58.707965,Toronto-40ea,25,3,Normal
2026-02-08 07:00:59.707965,Toronto-40ea,-8,16,Normal
2026-02-08 07:01:00.707965,Toronto-40ea,30,59,Normal
2026-02-08 07:01:01.707965,Toronto-40ea,-21,74,Normal
2026-02-08 07:01:02.707965,Toronto-40ea,38,98,Normal
2026-02-08 07:01:03.707965,Toronto-40ea,1,58,Normal
2026-02-08 07:01:04.707965,Toronto-40ea,-28,68,Normal
2026-02-08 07:01:05.707965,Toronto-40ea,-16,46,Normal
2026-02-08 07:01:06.707965,Toronto-40ea,38,87,Normal
2026-02-08 07:01:07.707965,Toronto-40ea,47,49,Normal
2026-02-08 07:01:08.707965,Toronto-40ea,47,90,Normal
2026-02-08 07:01:09.707965,Toronto-40ea,13,69,Normal
2026-02-08 07:01:10.707965,Toronto-40ea,32,66,Normal
2026-02-08 07:01:11.707965,Toronto-40ea,38,94,Normal
2026-02-08 07:01:12.707965,Toronto-40ea,-8,31,Normal
2026-02-08 07:01:13.707965,Toronto-40ea,-14,25,Normal
2026-02-08 07:01:14.707965,Toronto-40ea,-3,19,Normal
2026-02-08 07:01:15.707965,Toronto-40ea,-20,35,Normal
2026-02-08 07:01:16.707965,Toronto-40ea,3,96,Normal
2026-02-08 07:01:17.707965,Toronto-40ea,4,93,Normal
2026-02-08 07:01:18.707965,Toronto-40ea,42,88,Normal
2026-02-08 07:01:19.707965,Toronto-40ea,20,56,Normal
2026-02-08 07:01:20.707965,Toronto-40ea,-13,5,Normal
2026-02-08 07:01:21.707965,Toronto-40ea,-6,33,Normal
2026-02-08 07:01:22.707965,Toronto-40ea,-29,18,Normal
2026-02-08 07:01:23.707965,Toronto-40ea,-17,19,Normal
2026-02-08 07:01:24.707965,Toronto-40ea,-29,52,Normal
2026-02-08 07:01:25.707965,Toronto-40ea,-9,31,Normal
2026-02-08 07:01:26.707965,Toronto-40ea,-7,55,Normal
2026-02-08 07:01:27.707965,Toronto-40ea,31,0,Normal
2026-02-08 07:01:28.707965,Toronto-40ea,48,32,Normal
2026-02-08 07:01:29.707965,Toronto-40ea,-20,80,Normal
2026-02-08 07:01:30.707965,Toronto-40ea,47,29,Normal
2026-02-08 07:01:31.707965,Toronto-40ea,25,32,Normal
2026-02-08 07:01:32.707965,Toronto-40ea,-5,99,Normal
2026-02-08 07:01:33.707965,Toronto-40ea,-23,95,Normal
2026-02-08 07:01:34.707965,Toronto-40ea,-22,14,Normal
2026-02-08 07:01:35.707965,Toronto-40ea,41,82,Normal
2026-02-08 07:01:36.707965,Toronto-40ea,25,22,Normal
2026-02-08 07:01:37.707965,Toronto-40ea,39,2,Normal
2026-02-08 07:01:38.707965,Toronto-40ea,-20,61,Normal
2026-02-08 07:01:39.707965,Toronto-40ea,37,42,Normal
2026-02-08 07:01:40.707965,Toronto-40ea,19,16,Normal
2026-02-08 07:01:41.707965,Toronto-40ea,22,1,Normal
2026-02-08 07:01:42.707965,Toronto-40ea,-1,23,Normal
2026-02-08 07:01:43.707965,Toronto-40ea,2,87,Normal
2026-02-08 07:01:44.707965,Toronto-40ea,40,88,Normal
2026-02-08 07:01:45.707965,Toronto-40ea,24,55,Normal
2026-02-08 07:01:46.707965,Toronto-40ea,32,11,Normal
2026-02-08 07:01:47.707965,Toronto-40ea,-20,79,Normal
2026-02-08 07:01:48.707965,Toronto-40ea,-9,39,Normal
2026-02-08 07:01:49.707965,Toronto-40ea,-9,6,Normal
2026-02-08 07:01:50.707965,Toronto-40ea,-23,29,Normal
2026-02-08 07:01:51.707965,Toronto-40ea,14,2,Normal
2026-02-08 07:01:52.707965,Toronto-40ea,11,21,Normal
2026-02-08 07:01:53.707965,Toronto-40ea,25,3,Normal
2026-02-08 07:01:54.707965,Toronto-40ea,34,36,Normal
2026-02-08 07:01:55.707965,Toronto-40ea,36,8,Normal
2026-02-08 07:01:56.707965,Toronto-40ea,-28,98,Normal
2026-02-08 07:01:57.707965,Toronto-40ea,-16,35,Normal
2026-02-08 07:01:58.707965,Toronto-40ea,7,26,Normal
2026-02-08 07:01:59.707965,Toronto-40ea,-19,47,Normal
2026-02-08 07:02:00.707965,Toronto-40ea,-17,53,Normal
2026-02-08 07:02:01.707965,Toronto-40ea,-1,6,Normal
2026-02-08 07:02:02.707965,Toronto-40ea,17,51,Normal
2026-02-08 07:02:03.707965,Toronto-40ea,-26,24,Normal
2026-02-08 07:02:04.707965,Toronto-40ea,36,23,Normal
2026-02-08 07:02:05.707965,Toronto-40ea,-2,78,Normal
2026-02-08 07:02:06.707965,Toronto-40ea,48,32,Normal
2026-02-08 07:02:07.707965,Toronto-40ea,21,63,Normal
2026-02-08 07:02:08.707965,Toronto-40ea,-28,67,Normal
2026-02-08 07:02:09.707965,Toronto-40ea,-15,8,Normal
2026-02-08 07:02:10.707965,Toronto-40ea,30,57,Normal
2026-02-08 07:02:11.707965,Toronto-40ea,45,36,Normal
2026-02-08 07:02:12.707965,Toronto-40ea,41,97,Normal
2026-02-08 07:02:13.707965,Toronto-40ea,39,49,Normal
2026-02-08 07:02:14.707965,Toronto-40ea,19,13,Normal
2026-02-08 07:02:15.707965,Toronto-40ea,18,67,Normal
2026-02-08 07:02:16.707965,Toronto-40ea,0,80,Normal
2026-02-08 07:02:17.707965,Toronto-40ea,37,50,Normal
2026-02-08 07:02:18.707965,Toronto-40ea,-3,56,Normal
2026-02-08 07:02:19.707965,Toronto-40ea,-15,40,Normal
2026-02-08 07:02:20.707965,Toronto-40ea,36,83,Normal
2026-02-08 07:02:21.707965,Toronto-40ea,26,82,Normal
2026-02-08 07:02:22.707965,Toronto-40ea,-18,92,Normal
2026-02-08 07:02:23.707965,Toronto-40ea,16,93,Normal
2026-02-08 07:02:24.707965,Toronto-40ea,30,78,Normal
2026-02-08 07:02:25.707965,Toronto-40ea,25,39,Normal
2026-02-08 07:02:26.707965,Toronto-40ea,-21,48,Normal
2026-02-08 07:02:27.707965,Toronto-40ea,-12,100,Normal
2026-02-08 07:02:28.707965,Toronto-40ea,5,52,Normal
2026-02-08 07:02:29.707965,Toronto-40ea,-26,36,Normal
2026-02-08 07:02:30.707965,Toronto-40ea,-20,26,Normal
2026-02-08 07:02:31.707965,Toronto-40ea,14,2,Normal
2026-02-08 07:02:32.707965,Toronto-40ea,-28,9,Normal
2026-02-08 07:02:33.707965,Toronto-40ea,23,13,Normal
2026-02-08 07:02:34.707965,Toronto-40ea,-26,24,Normal
2026-02-08 07:02:35.707965,Toronto-40ea,-12,57,Normal
2026-02-08 07:02:36.707965,Toronto-40ea,-5,11,Normal
2026-02-08 07:02:37.707965,Toronto-40ea,0,32,Normal
2026-02-08 07:02:38.707965,Toronto-40ea,-3,33,Normal
2026-02-08 07:02:39.707965,Toronto-40ea,-29,39,Normal
2026-02-08 07:02:40.707965,Toronto-40ea,31,12,Normal
2026-02-08 07:02:41.707965,Toronto-40ea,38,52,Normal
2026-02-08 07:02:42.707965,Toronto-40ea,43,71,Normal
2026-02-08 07:02:43.707965,Toronto-40ea,22,63,Normal
2026-02-08 07:02:44.707965,Toronto-40ea,-25,78,Normal
2026-02-08 07:02:45.707965,Toronto-40ea,42,90,Normal
2026-02-08 07:02:46.707965,Toronto-40ea,-10,38,Normal
2026-02-08 07:02:47.707965,Toronto-40ea,14,76,Normal
2026-02-08 07:02:48.707965,Toronto-40ea,1,13,Normal
2026-02-08 07:02:49.707965,Toronto-40ea,41,41,Normal
2026-02-08 07:02:50.707965,Toronto-40ea,30,97,Normal
2026-02-08 07:02:51.707965,Toronto-40ea,16,92,Normal
2026-02-08 07:02:52.707965,Toronto-40ea,25,70,Normal
2026-02-08 07:02:53.707965,Toronto-40ea,-20,35,Normal
2026-02-08 07:02:54.707965,Toronto-40ea,-5,94,Normal
2026-02-08 07:02:55.707965,Toronto-40ea,-24,71,Normal
2026-02-08 07:02:56.707965,Toronto-40ea,-30,21,Normal
2026-02-08 07:02:57.707965,Toronto-40ea,-18,51,Normal
2026-02-08 07:02:58.707965,Toronto-40ea,33,54,Normal
