timestamp,station_id,temp,humid,condition
2026-02-16 10:23:41.915888,Dubai-2b78,30,9,Normal
2026-02-16 10:23:42.915888,Dubai-2b78,-26,33,Normal
2026-02-16 10:23:43.915888,Dubai-2b78,2,55,Normal
2026-02-16 10:23:44.915888,Dubai-2b78,-17,35,Normal
2026-02-16 10:23:45.915888,Dubai-2b78,21,55,Normal
2026-02-16 10:23:46.915888,Dubai-2b78,-8,7,Normal
2026-02-16 10:23:47.915888,Dubai-2b78,27,84,Normal
2026-02-16 10:23:48.915888,Dubai-2b78,1,99,Normal
2026-02-16 10:23:49.915888,Dubai-2b78,-9,98,Normal
2026-02-16 10:23:50.915888,Dubai-2b78,1,70,Normal
2026-02-16 10:23:51.915888,Dubai-2b78,-29,30,Normal
2026-02-16 10:23:52.915888,Dubai-2b78,11,21,Normal
2026-02-16 10:23:53.915888,Dubai-2b78,-6,13,Normal
2026-02-16 10:23:54.915888,Dubai-2b78,-25,0,Normal
2026-02-16 10:23:55.915888,Dubai-2b78,17,13,Normal
2026-02-16 10:23:56.915888,Dubai-2b78,-17,99,Normal
2026-02-16 10:23:57.915888,Dubai-2b78,14,5,Normal
2026-02-16 10:23:58.915888,Dubai-2b78,-18,45,Normal
2026-02-16 10:23:59.915888,Dubai-2b78,-19,38,Normal
2026-02-16 10:24:00.915888,Dubai-2b78,-6,98,Normal
2026-02-16 10:24:01.915888,Dubai-2b78,-9,1,Normal
2026-02-16 10:24:02.915888,Dubai-2b78,-16,45,Normal
2026-02-16 10:24:03.915888,Dubai-2b78,35,86,Normal
2026-02-16 10:24:04.915888,Dubai-2b78,-2,27,Normal
2026-02-16 10:24:05.915888,Dubai-2b78,-7,85,Normal
2026-02-16 10:24:06.915888,Dubai-2b78,-18,74,Normal
2026-02-16 10:24:07.915888,Dubai-2b78,21,39,Normal
2026-02-16 10:24:08.915888,Dubai-2b78,32,87,Normal
2026-02-16 10:24:09.915888,Dubai-2b78,39,45,Normal
2026-02-16 10:24:10.915888,Dubai-2b78,35,73,Normal
2026-02-16 10:24:11.915888,Dubai-2b78,17,64,Normal
2026-02-16 10:24:12.915888,Dubai-2b78,30,12,Normal
2026-02-16 10:24:13.915888,Dubai-2b78,-9,76,Normal
2026-02-16 10:24:14.915888,Dubai-2b78,-25,27,Normal
2026-02-16 10:24:15.915888,Dubai-2b78,-28,20,Normal
2026-02-16 10:24:16.915888,Dubai-2b78,-5,80,Normal
2026-02-16 10:24:17.915888,Dubai-2b78,34,30,Normal
2026-02-16 10:24:18.915888,Dubai-2b78,44,50,Normal
2026-02-16 10:24:19.915888,Dubai-2b78,-11,34,Normal
2026-02-16 10:24:20.915888,Dubai-2b78,1,71,Normal
2026-02-16 10:24:21.915888,Dubai-2b78,-13,32,Normal
2026-02-16 10:24:22.915888,Dubai-2b78,-23,78,Normal
2026-02-16 10:24:23.915888,Dubai-2b78,48,1,Normal
2026-02-16 10:24:24.915888,Dubai-2b78,16,72,Normal
2026-02-16 10:24:25.915888,Dubai-2b78,30,10,Normal
2026-02-16 10:24:26.915888,Dubai-2b78,15,14,Normal
2026-02-16 10:24:27.915888,Dubai-2b78,11,16,Normal
2026-02-16 10:24:28.915888,Dubai-2b78,18,2,Normal
2026-02-16 10:24:29.915888,Dubai-2b78,-24,99,Normal
2026-02-16 10:24:30.915888,Dubai-2b78,-16,93,Normal
2026-02-16 10:24:31.915888,Dubai-2b78,-10,88,Normal
2026-02-16 10:24:32.915888,Dubai-2b78,17,86,Normal
2026-02-16 10:24:33.915888,Dubai-2b78,0,11,Normal
2026-02-16 10:24:34.915888,Dubai-2b78,-21,29,Normal
2026-02-16 10:24:35.915888,Dubai-2b78,-26,77,Normal
2026-02-16 10:24:36.915888,Dubai-2b78,31,67,Normal
2026-02-16 10:24:37.915888,Dubai-2b78,50,36,Normal
2026-02-16 10:24:38.915888,Dubai-2b78,28,67,Normal
2026-02-16 10:24:39.915888,Dubai-2b78,1,37,Normal
2026-02-16 10:24:40.915888,Dubai-2b78,50,73,Normal
2026-02-16 10:24:41.915888,Dubai-2b78,26,63,Normal
2026-02-16 10:24:42.915888,Dubai-2b78,4,28,Normal
2026-02-16 10:24:43.915888,Dubai-2b78,-27,76,Normal
2026-02-16 10:24:44.915888,Dubai-2b78,30,82,Normal
2026-02-16 10:24:45.915888,Dubai-2b78,-9,0,Normal
2026-02-16 10:24:46.915888,Dubai-2b78,-19,4,Normal
2026-02-16 10:24:47.915888,Dubai-2b78,7,64,Normal
2026-02-16 10:24:48.915888,Dubai-2b78,40,42,Normal
2026-02-16 10:24:49.915888,Dubai-2b78,-21,87,Normal
2026-02-16 10:24:50.915888,Dubai-2b78,17,36,Normal
2026-02-16 10:24:51.915888,Dubai-2b78,21,44,Normal
2026-02-16 10:24:52.915888,Dubai-2b78,7,96,Normal
2026-02-16 10:24:53.915888,Dubai-2b78,40,7,Normal
2026-02-16 10:24:54.915888,Dubai-2b78,26,69,Normal
2026-02-16 10:24:55.915888,Dubai-2b78,-9,2,Normal
2026-02-16 10:24:56.915888,Dubai-2b78,-19,35,Normal
2026-02-16 10:24:57.915888,Dubai-2b78,13,32,Normal
2026-02-16 10:24:58.915888,Dubai-2b78,45,41,Normal
2026-02-16 10:24:59.915888,Dubai-2b78,47,59,Normal
2026-02-16 10:25:00.915888,Dubai-2b78,-12,7,Normal
2026-02-16 10:25:01.915888,Dubai-2b78,-9,57,Normal
2026-02-16 10:25:02.915888,Dubai-2b78,50,39,Normal
2026-02-16 10:25:03.915888,Dubai-2b78,-17,55,Normal
2026-02-16 10:25:04.915888,Dubai-2b78,-12,71,Normal
2026-02-16 10:25:05.915888,Dubai-2b78,-17,8,Normal
2026-02-16 10:25:06.915888,Dubai-2b78,49,83,Normal
2026-02-16 10:25:07.915888,Dubai-2b78,45,13,Normal
2026-02-16 10:25:08.915888,Dubai-2b78,1,10,Normal
2026-02-16 10:25:09.915888,Dubai-2b78,-23,71,Normal
2026-02-16 10:25:10.915888,Dubai-2b78,1,82,Normal
2026-02-16 10:25:11.915888,Dubai-2b78,44,90,Normal
2026-02-16 10:25:12.915888,Dubai-2b78,-11,5,Normal
2026-02-16 10:25:13.915888,Dubai-2b78,11,5,Normal
2026-02-16 10:25:14.915888,Dubai-2b78,-22,10,Normal
2026-02-16 10:25:15.915888,Dubai-2b78,-4,10,Normal
2026-02-16 10:25:16.915888,Dubai-2b78,-13,3,Normal
2026-02-16 10:25:17.915888,Dubai-2b78,30,79,Normal
2026-02-16 10:25:18.915888,Dubai-2b78,-22,27,Normal
2026-02-16 10:25:19.915888,Dubai-2b78,-19,79,Normal
2026-02-16 10:25:20.915888,Dubai-2b78,-1,54,Normal
2026-02-16 10:25:21.915888,Dubai-2b78,15,8,Normal
2026-02-16 10:25:22.915888,Dubai-2b78,-7,76,Normal
2026-02-16 10:25:23.915888,Dubai-2b78,-6,0,Normal
2026-02-16 10:25:24.915888,Dubai-2b78,-13,97,Normal
2026-02-16 10:25:25.915888,Dubai-2b78,-9,67,Normal
2026-02-16 10:25:26.915888,Dubai-2b78,3,32,Normal
2026-02-16 10:25:27.915888,Dubai-2b78,-13,16,Normal
2026-02-16 10:25:28.915888,Dubai-2b78,-1,60,Normal
2026-02-16 10:25:29.915888,Dubai-2b78,10,9,Normal
2026-02-16 10:25:30.915888,Dubai-2b78,44,17,Normal
2026-02-16 10:25:31.915888,Dubai-2b78,33,18,Normal
2026-02-16 10:25:32.915888,Dubai-2b78,-13,62,Normal
2026-02-16 10:25:33.915888,Dubai-2b78,-17,90,Normal
2026-02-16 10:25:34.915888,Dubai-2b78,-23,9,Normal
2026-02-16 10:25:35.915888,Dubai-2b78,27,94,Normal
2026-02-16 10:25:36.915888,Dubai-2b78,18,65,Normal
2026-02-16 10:25:37.915888,Dubai-2b78,7,93,Normal
2026-02-16 10:25:38.915888,Dubai-2b78,-22,30,Normal
2026-02-16 10:25:39.915888,Dubai-2b78,48,76,Normal
2026-02-16 10:25:40.915888,Dubai-2b78,27,73,Normal
2026-02-16 10:25:41.915888,Dubai-2b78,27,39,Normal
2026-02-16 10:25:42.915888,Dubai-2b78,31,0,Normal
2026-02-16 10:25:43.915888,Dubai-2b78,44,65,Normal
2026-02-16 10:25:44.915888,Dubai-2b78,26,60,Normal
2026-02-16 10:25:45.915888,Dubai-2b78,50,72,Normal
2026-02-16 10:25:46.915888,Dubai-2b78,-8,25,Normal
2026-02-16 10:25:47.915888,Dubai-2b78,34,49,Normal
2026-02-16 10:25:48.915888,Dubai-2b78,44,67,Normal
2026-02-16 10:25:49.915888,Dubai-2b78,-7,17,Normal
2026-02-16 10:25:50.915888,Dubai-2b78,-25,68,Normal
2026-02-16 10:25:51.915888,Dubai-2b78,32,15,Normal
2026-02-16 10:25:52.915888,Dubai-2b78,50,8,Normal
2026-02-16 10:25:53.915888,Dubai-2b78,27,46,Normal
2026-02-16 10:25:54.915888,Dubai-2b78,-10,78,Normal
2026-02-16 10:25:55.915888,Dubai-2b78,6,18,Normal
2026-02-16 10:25:56.915888,Dubai-2b78,-22,98,Normal
2026-02-16 10:25:57.915888,Dubai-2b78,-17,42,Normal
2026-02-16 10:25:58.915888,Dubai-2b78,12,82,Normal
2026-02-16 10:25:59.915888,Dubai-2b78,-5,8,Normal
2026-02-16 10:26:00.915888,Dubai-2b78,-6,92,Normal
2026-02-16 10:26:01.915888,Dubai-2b78,-25,48,Normal
2026-02-16 10:26:02.915888,Dubai-2b78,35,63,Normal
2026-02-16 10:26:03.915888,Dubai-2b78,29,59,Normal
2026-02-16 10:26:04.915888,Dubai-2b78,22,10,Normal
2026-02-16 10:26:05.915888,Dubai-2b78,-15,4,Normal
2026-02-16 10:26:06.915888,Dubai-2b78,-9,26,Normal
2026-02-16 10:26:07.915888,Dubai-2b78,25,64,Normal
2026-02-16 10:26:08.915888,Dubai-2b78,5,54,Normal
2026-02-16 10:26:09.915888,Dubai-2b78,29,18,Normal
2026-02-16 10:26:10.915888,Dubai-2b78,14,33,Normal
2026-02-16 10:26:11.915888,Dubai-2b78,23,99,Normal
2026-02-16 10:26:12.915888,Dubai-2b78,6,81,Normal
2026-02-16 10:26:13.915888,Dubai-2b78,-20,7,Normal
2026-02-16 10:26:14.915888,Dubai-2b78,6,40,Normal
2026-02-16 10:26:15.915888,Dubai-2b78,-12,71,Normal
2026-02-16 10:26:16.915888,Dubai-2b78,21,57,Normal
2026-02-16 10:26:17.915888,Dubai-2b78,15,59,Normal
2026-02-16 10:26:18.915888,Dubai-2b78,6,53,Normal
2026-02-16 10:26:19.915888,Dubai-2b78,10,10,Normal
2026-02-16 10:26:20.915888,Dubai-2b78,-15,83,Normal
2026-02-16 10:26:21.915888,Dubai-2b78,21,25,Normal
2026-02-16 10:26:22.915888,Dubai-2b78,48,5,Normal
2026-02-16 10:26:23.915888,Dubai-2b78,40,30,Normal
2026-02-16 10:26:24.915888,Dubai-2b78,5,57,Normal
2026-02-16 10:26:25.915888,Dubai-2b78,30,13,Normal
2026-02-16 10:26:26.915888,Dubai-2b78,17,58,Normal
2026-02-16 10:26:27.915888,Dubai-2b78,24,69,Normal
2026-02-16 10:26:28.915888,Dubai-2b78,-22,44,Normal
2026-02-16 10:26:29.915888,Dubai-2b78,36,65,Normal
2026-02-16 10:26:30.915888,Dubai-2b78,-10,99,Normal
2026-02-16 10:26:31.915888,Dubai-2b78,-25,77,Normal
2026-02-16 10:26:32.915888,Dubai-2b78,40,68,Normal
2026-02-16 10:26:33.915888,Dubai-2b78,1,21,Normal
2026-02-16 10:26:34.915888,Dubai-2b78,-20,11,Normal
2026-02-16 10:26:35.915888,Dubai-2b78,18,1,Normal
2026-02-16 10:26:36.915888,Dubai-2b78,15,39,Normal
2026-02-16 10:26:37.915888,Dubai-2b78,22,33,Normal
2026-02-16 10:26:38.915888,Dubai-2b78,13,17,Normal
2026-02-16 10:26:39.915888,Dubai-2b78,-28,18,Normal
2026-02-16 10:26:40.915888,Dubai-2b78,-13,59,Normal
2026-02-16 10:26:41.915888,Dubai-2b78,28,9,Normal
2026-02-16 10:26:42.915888,Dubai-2b78,-2,46,Normal
2026-02-16 10:26:43.915888,Dubai-2b78,45,22,Normal
2026-02-16 10:26:44.915888,Dubai-2b78,-7,7,Normal
2026-02-16 10:26:45.915888,Dubai-2b78,28,42,Normal
2026-02-16 10:26:46.915888,Dubai-2b78,5,9,Normal
2026-02-16 10:26:47.915888,Dubai-2b78,-25,70,Normal
2026-02-16 10:26:48.915888,Dubai-2b78,26,65,Normal
2026-02-16 10:26:49.915888,Dubai-2b78,13,76,Normal
2026-02-16 10:26:50.915888,Dubai-2b78,47,64,Normal
2026-02-16 10:26:51.915888,Dubai-2b78,-20,11,Normal
2026-02-16 10:26:52.915888,Dubai-2b78,36,2,Normal
2026-02-16 10:26:53.915888,Dubai-2b78,7,68,Normal
2026-02-16 10:26:54.915888,Dubai-2b78,-26,90,Normal
2026-02-16 10:26:55.915888,Dubai-2b78,17,98,Normal
2026-02-16 10:26:56.915888,Dubai-2b78,8,31,Normal
2026-02-16 10:26:57.915888,Dubai-2b78,-1,16,Normal
2026-02-16 10:26:58.915888,Dubai-2b78,7,22,Normal
2026-02-16 10:26:59.915888,Dubai-2b78,0,74,Normal
2026-02-16 10:27:00.915888,Dubai-2b78,-13,73,Normal
2026-02-16 10:27:01.915888,Dubai-2b78,31,59,Normal
2026-02-16 10:27:02.915888,Dubai-2b78,-27,89,Normal
2026-02-16 10:27:03.915888,Dubai-2b78,6,80,Normal
2026-02-16 10:27:04.915888,Dubai-2b78,0,20,Normal
2026-02-16 10:27:05.915888,Dubai-2b78,40,56,Normal
2026-02-16 10:27:06.915888,Dubai-2b78,46,60,Normal
2026-02-16 10:27:07.915888,Dubai-2b78,-6,71,Normal
2026-02-16 10:27:08.915888,Dubai-2b78,34,27,Normal
2026-02-16 10:27:09.915888,Dubai-2b78,37,64,Normal
2026-02-16 10:27:10.915888,Dubai-2b78,-15,23,Normal
2026-02-16 10:27:11.915888,Dubai-2b78,-13,0,Normal
2026-02-16 10:27:12.915888,Dubai-2b78,12,92,Normal
2026-02-16 10:27:13.915888,Dubai-2b78,19,43,Normal
2026-02-16 10:27:14.915888,Dubai-2b78,46,39,Normal
2026-02-16 10:27:15.915888,Dubai-2b78,-17,88,Normal
2026-02-16 10:27:16.915888,Dubai-2b78,34,73,Normal
2026-02-16 10:27:17.915888,Dubai-2b78,34,9,Normal
2026-02-16 10:27:18.915888,Dubai-2b78,-12,76,Normal
2026-02-16 10:27:19.915888,Dubai-2b78,-21,21,Normal
2026-02-16 10:27:20.915888,Dubai-2b78,20,7,Normal
2026-02-16 10:27:21.915888,Dubai-2b78,41,72,Normal
2026-02-16 10:27:22.915888,Dubai-2b78,20,71,Normal
2026-02-16 10:27:23.915888,Dubai-2b78,-11,50,Normal
2026-02-16 10:27:24.915888,Dubai-2b78,7,29,Normal
2026-02-16 10:27:25.915888,Dubai-2b78,-17,86,Normal
2026-02-16 10:27:26.915888,Dubai-2b78,22,9,Normal
2026-02-16 10:27:27.915888,Dubai-2b78,-22,65,Normal
2026-02-16 10:27:28.915888,Dubai-2b78,-5,1,Normal
2026-02-16 10:27:29.915888,Dubai-2b78,7,66,Normal
2026-02-16 10:27:30.915888,Dubai-2b78,33,88,Normal
2026-02-16 10:27:31.915888,Dubai-2b78,-9,80,Normal
2026-02-16 10:27:32.915888,Dubai-2b78,-17,33,Normal
2026-02-16 10:27:33.915888,Dubai-2b78,-12,28,Normal
2026-02-16 10:27:34.915888,Dubai-2b78,17,8,Normal
2026-02-16 10:27:35.915888,Dubai-2b78,-14,18,Normal
2026-02-16 10:27:36.915888,Dubai-2b78,48,30,Normal
2026-02-16 10:27:37.915888,Dubai-2b78,-28,17,Normal
2026-02-16 10:27:38.915888,Dubai-2b78,-4,34,Normal
2026-02-16 10:27:39.915888,Dubai-2b78,-29,19,Normal
2026-02-16 10:27:40.915888,Dubai-2b78,6,78,Normal
2026-02-16 10:27:41.915888,Dubai-2b78,47,35,Normal
2026-02-16 10:27:42.915888,Dubai-2b78,-25,52,Normal
2026-02-16 10:27:43.915888,Dubai-2b78,35,100,Normal
2026-02-16 10:27:44.915888,Dubai-2b78,-6,54,Normal
2026-02-16 10:27:45.915888,Dubai-2b78,-21,5,Normal
2026-02-16 10:27:46.915888,Dubai-2b78,-16,76,Normal
2026-02-16 10:27:47.915888,Dubai-2b78,-24,97,Normal
2026-02-16 10:27:48.915888,Dubai-2b78,40,89,Normal
2026-02-16 10:27:49.915888,Dubai-2b78,-18,3,Normal
2026-02-16 10:27:50.915888,Dubai-2b78,40,42,Normal
2026-02-16 10:27:51.915888,Dubai-2b78,-1,53,Normal
2026-02-16 10:27:52.915888,Dubai-2b78,32,27,Normal
2026-02-16 10:27:53.915888,Dubai-2b78,28,2,Normal
2026-02-16 10:27:54.915888,Dubai-2b78,30,93,Normal
2026-02-16 10:27:55.915888,Dubai-2b78,-12,44,Normal
2026-02-16 10:27:56.915888,Dubai-2b78,-24,33,Normal
2026-02-16 10:27:57.915888,Dubai-2b78,27,55,Normal
2026-02-16 10:27:58.915888,Dubai-2b78,-12,39,Normal
2026-02-16 10:27:59.915888,Dubai-2b78,-17,62,Normal
2026-02-16 10:28:00.915888,Dubai-2b78,-9,69,Normal
2026-02-16 10:28:01.915888,Dubai-2b78,44,14,Normal
2026-02-16 10:28:02.915888,Dubai-2b78,-13,6,Normal
2026-02-16 10:28:03.915888,Dubai-2b78,-30,48,Normal
2026-02-16 10:28:04.915888,Dubai-2b78,-10,25,Normal
2026-02-16 10:28:05.915888,Dubai-2b78,-8,88,Normal
2026-02-16 10:28:06.915888,Dubai-2b78,-10,26,Normal
2026-02-16 10:28:07.915888,Dubai-2b78,8,5,Normal
2026-02-16 10:28:08.915888,Dubai-2b78,25,88,Normal
2026-02-16 10:28:09.915888,Dubai-2b78,-7,41,Normal
2026-02-16 10:28:10.915888,Dubai-2b78,10,81,Normal
2026-02-16 10:28:11.915888,Dubai-2b78,49,79,Normal
2026-02-16 10:28:12.915888,Dubai-2b78,-9,11,Normal
2026-02-16 10:28:13.915888,Dubai-2b78,6,91,Normal
2026-02-16 10:28:14.915888,Dubai-2b78,-6,29,Normal
2026-02-16 10:28:15.915888,Dubai-2b78,21,77,Normal
2026-02-16 10:28:16.915888,Dubai-2b78,-22,90,Normal
2026-02-16 10:28:17.915888,Dubai-2b78,37,6,Normal
2026-02-16 10:28:18.915888,Dubai-2b78,30,59,Normal
2026-02-16 10:28:19.915888,Dubai-2b78,-1,2,Normal
2026-02-16 10:28:20.915888,Dubai-2b78,19,47,Normal
2026-02-16 10:28:21.915888,Dubai-2b78,49,26,Normal
2026-02-16 10:28:22.915888,Dubai-2b78,-10,70,Normal
2026-02-16 10:28:23.915888,Dubai-2b78,-6,72,Normal
2026-02-16 10:28:24.915888,Dubai-2b78,-19,58,Normal
2026-02-16 10:28:25.915888,Dubai-2b78,7,25,Normal
2026-02-16 10:28:26.915888,Dubai-2b78,3,45,Normal
2026-02-16 10:28:27.915888,Dubai-2b78,-12,82,Normal
2026-02-16 10:28:28.915888,Dubai-2b78,5,4,Normal
2026-02-16 10:28:29.915888,Dubai-2b78,42,61,Normal
2026-02-16 10:28:30.915888,Dubai-2b78,10,48,Normal
2026-02-16 10:28:31.915888,Dubai-2b78,39,31,Normal
2026-02-16 10:28:32.915888,Dubai-2b78,-24,83,Normal
2026-02-16 10:28:33.915888,Dubai-2b78,42,57,Normal
2026-02-16 10:28:34.915888,Dubai-2b78,-10,26,Normal
2026-02-16 10:28:35.915888,Dubai-2b78,12,81,Normal
2026-02-16 10:28:36.915888,Dubai-2b78,30,25,Normal
2026-02-16 10:28:37.915888,Dubai-2b78,-26,13,Normal
2026-02-16 10:28:38.915888,Dubai-2b78,20,92,Normal
2026-02-16 10:28:39.915888,Dubai-2b78,49,24,Normal
2026-02-16 10:28:40.915888,Dubai-2b78,-29,95,Normal
2026-02-16 10:28:41.915888,Dubai-2b78,22,3,Normal
2026-02-16 10:28:42.915888,Dubai-2b78,32,36,Normal
2026-02-16 10:28:43.915888,Dubai-2b78,-26,90,Normal
2026-02-16 10:28:44.915888,Dubai-2b78,27,81,Normal
2026-02-16 10:28:45.915888,Dubai-2b78,31,9,Normal
2026-02-16 10:28:46.915888,Dubai-2b78,18,50,Normal
2026-02-16 10:28:47.915888,Dubai-2b78,16,69,Normal
2026-02-16 10:28:48.915888,Dubai-2b78,24,35,Normal
2026-02-16 10:28:49.915888,Dubai-2b78,15,13,Normal
2026-02-16 10:28:50.915888,Dubai-2b78,32,67,Normal
2026-02-16 10:28:51.915888,Dubai-2b78,14,94,Normal
2026-02-16 10:28:52.915888,Dubai-2b78,-11,50,Normal
2026-02-16 10:28:53.915888,Dubai-2b78,33,23,Normal
2026-02-16 10:28:54.915888,Dubai-2b78,31,65,Normal
2026-02-16 10:28:55.915888,Dubai-2b78,0,27,Normal
2026-02-16 10:28:56.915888,Dubai-2b78,-4,28,Normal
2026-02-16 10:28:57.915888,Dubai-2b78,36,29,Normal
2026-02-16 10:28:58.915888,Dubai-2b78,25,37,Normal
2026-02-16 10:28:59.915888,Dubai-2b78,29,78,Normal
2026-02-16 10:29:00.915888,Dubai-2b78,9,48,Normal
2026-02-16 10:29:01.915888,Dubai-2b78,8,13,Normal
2026-02-16 10:29:02.915888,Dubai-2b78,46,54,Normal
2026-02-16 10:29:03.915888,Dubai-2b78,45,15,Normal
2026-02-16 10:29:04.915888,Dubai-2b78,-1,72,Normal
2026-02-16 10:29:05.915888,Dubai-2b78,4,25,Normal
2026-02-16 10:29:06.915888,Dubai-2b78,9,47,Normal
2026-02-16 10:29:07.915888,Dubai-2b78,-13,99,Normal
2026-02-16 10:29:08.915888,Dubai-2b78,-4,66,Normal
2026-02-16 10:29:09.915888,Dubai-2b78,-6,74,Normal
2026-02-16 10:29:10.915888,Dubai-2b78,-26,94,Normal
2026-02-16 10:29:11.915888,Dubai-2b78,36,26,Normal
2026-02-16 10:29:12.915888,Dubai-2b78,16,86,Normal
2026-02-16 10:29:13.915888,Dubai-2b78,36,65,Normal
2026-02-16 10:29:14.915888,Dubai-2b78,3,65,Normal
2026-02-16 10:29:15.915888,Dubai-2b78,6,81,Normal
2026-02-16 10:29:16.915888,Dubai-2b78,23,97,Normal
2026-02-16 10:29:17.915888,Dubai-2b78,6,48,Normal
2026-02-16 10:29:18.915888,Dubai-2b78,2,22,Normal
2026-02-16 10:29:19.915888,Dubai-2b78,20,18,Normal
2026-02-16 10:29:20.915888,Dubai-2b78,-1,75,Normal
2026-02-16 10:29:21.915888,Dubai-2b78,-15,67,Normal
2026-02-16 10:29:22.915888,Dubai-2b78,1,81,Normal
2026-02-16 10:29:23.915888,Dubai-2b78,3,26,Normal
2026-02-16 10:29:24.915888,Dubai-2b78,-21,33,Normal
2026-02-16 10:29:25.915888,Dubai-2b78,-27,33,Normal
2026-02-16 10:29:26.915888,Dubai-2b78,39,71,Normal
2026-02-16 10:29:27.915888,Dubai-2b78,0,28,Normal
2026-02-16 10:29:28.915888,Dubai-2b78,1,90,Normal
2026-02-16 10:29:29.915888,Dubai-2b78,18,23,Normal
2026-02-16 10:29:30.915888,Dubai-2b78,43,39,Normal
2026-02-16 10:29:31.915888,Dubai-2b78,-30,11,Normal
2026-02-16 10:29:32.915888,Dubai-2b78,-18,14,Normal
2026-02-16 10:29:33.915888,Dubai-2b78,11,22,Normal
2026-02-16 10:29:34.915888,Dubai-2b78,-17,31,Normal
2026-02-16 10:29:35.915888,Dubai-2b78,-26,0,Normal
2026-02-16 10:29:36.915888,Dubai-2b78,-27,47,Normal
2026-02-16 10:29:37.915888,Dubai-2b78,21,46,Normal
2026-02-16 10:29:38.915888,Dubai-2b78,-8,97,Normal
2026-02-16 10:29:39.915888,Dubai-2b78,-8,24,Normal
2026-02-16 10:29:40.915888,Dubai-2b78,45,70,Normal
2026-02-16 10:29:41.915888,Dubai-2b78,-4,39,Normal
2026-02-16 10:29:42.915888,Dubai-2b78,30,46,Normal
2026-02-16 10:29:43.915888,Dubai-2b78,-2,33,Normal
2026-02-16 10:29:44.915888,Dubai-2b78,-1,30,Normal
2026-02-16 10:29:45.915888,Dubai-2b78,41,21,Normal
2026-02-16 10:29:46.915888,Dubai-2b78,-22,10,Normal
2026-02-16 10:29:47.915888,Dubai-2b78,16,1,Normal
2026-02-16 10:29:48.915888,Dubai-2b78,28,75,Normal
2026-02-16 10:29:49.915888,Dubai-2b78,41,76,Normal
2026-02-16 10:29:50.915888,Dubai-2b78,-1,27,Normal
2026-02-16 10:29:51.915888,Dubai-2b78,3,2,Normal
2026-02-16 10:29:52.915888,Dubai-2b78,-5,3,Normal
2026-02-16 10:29:53.915888,Dubai-2b78,41,60,Normal
2026-02-16 10:29:54.915888,Dubai-2b78,-16,75,Normal
2026-02-16 10:29:55.915888,Dubai-2b78,14,60,Normal
2026-02-16 10:29:56.915888,Dubai-2b78,-9,77,Normal
2026-02-16 10:29:57.915888,Dubai-2b78,-20,82,Normal
2026-02-16 10:29:58.915888,Dubai-2b78,46,89,Normal
2026-02-16 10:29:59.915888,Dubai-2b78,-8,13,Normal
2026-02-16 10:30:00.915888,Dubai-2b78,23,45,Normal
2026-02-16 10:30:01.915888,Dubai-2b78,28,67,Normal
2026-02-16 10:30:02.915888,Dubai-2b78,-6,12,Normal
2026-02-16 10:30:03.915888,Dubai-2b78,34,26,Normal
2026-02-16 10:30:04.915888,Dubai-2b78,-21,97,Normal
2026-02-16 10:30:05.915888,Dubai-2b78,49,27,Normal
2026-02-16 10:30:06.915888,Dubai-2b78,27,78,Normal
2026-02-16 10:30:07.915888,Dubai-2b78,-25,23,Normal
2026-02-16 10:30:08.915888,Dubai-2b78,1,86,Normal
2026-02-16 10:30:09.915888,Dubai-2b78,36,14,Normal
2026-02-16 10:30:10.915888,Dubai-2b78,19,7,Normal
2026-02-16 10:30:11.915888,Dubai-2b78,28,5,Normal
2026-02-16 10:30:12.915888,Dubai-2b78,43,70,Normal
2026-02-16 10:30:13.915888,Dubai-2b78,40,52,Normal
2026-02-16 10:30:14.915888,Dubai-2b78,-14,72,Normal
2026-02-16 10:30:15.915888,Dubai-2b78,-29,15,Normal
2026-02-16 10:30:16.915888,Dubai-2b78,34,47,Normal
2026-02-16 10:30:17.915888,Dubai-2b78,11,6,Normal
2026-02-16 10:30:18.915888,Dubai-2b78,21,6,Normal
2026-02-16 10:30:19.915888,Dubai-2b78,-26,28,Normal
2026-02-16 10:30:20.915888,Dubai-2b78,22,34,Normal
2026-02-16 10:30:21.915888,Dubai-2b78,19,52,Normal
2026-02-16 10:30:22.915888,Dubai-2b78,11,5,Normal
2026-02-16 10:30:23.915888,Dubai-2b78,27,41,Normal
2026-02-16 10:30:24.915888,Dubai-2b78,34,10,Normal
2026-02-16 10:30:25.915888,Dubai-2b78,-10,24,Normal
2026-02-16 10:30:26.915888,Dubai-2b78,47,95,Normal
2026-02-16 10:30:27.915888,Dubai-2b78,-21,95,Normal
2026-02-16 10:30:28.915888,Dubai-2b78,-18,65,Normal
2026-02-16 10:30:29.915888,Dubai-2b78,-23,47,Normal
2026-02-16 10:30:30.915888,Dubai-2b78,3,0,Normal
2026-02-16 10:30:31.915888,Dubai-2b78,18,26,Normal
2026-02-16 10:30:32.915888,Dubai-2b78,-22,9,Normal
2026-02-16 10:30:33.915888,Dubai-2b78,27,24,Normal
2026-02-16 10:30:34.915888,Dubai-2b78,-13,48,Normal
2026-02-16 10:30:35.915888,Dubai-2b78,-16,61,Normal
2026-02-16 10:30:36.915888,Dubai-2b78,24,59,Normal
2026-02-16 10:30:37.915888,Dubai-2b78,-9,37,Normal
2026-02-16 10:30:38.915888,Dubai-2b78,49,47,Normal
2026-02-16 10:30:39.915888,Dubai-2b78,38,82,Normal
2026-02-16 10:30:40.915888,Dubai-2b78,-15,57,Normal
2026-02-16 10:30:41.915888,Dubai-2b78,24,44,Normal
2026-02-16 10:30:42.915888,Dubai-2b78,-21,35,Normal
2026-02-16 10:30:43.915888,Dubai-2b78,24,34,Normal
2026-02-16 10:30:44.915888,Dubai-2b78,-9,29,Normal
2026-02-16 10:30:45.915888,Dubai-2b78,-9,95,Normal
2026-02-16 10:30:46.915888,Dubai-2b78,-15,25,Normal
2026-02-16 10:30:47.915888,Dubai-2b78,14,26,Normal
2026-02-16 10:30:48.915888,Dubai-2b78,-3,99,Normal
2026-02-16 10:30:49.915888,Dubai-2b78,5,27,Normal
2026-02-16 10:30:50.915888,Dubai-2b78,-10,83,Normal
2026-02-16 10:30:51.915888,Dubai-2b78,16,76,Normal
2026-02-16 10:30:52.915888,Dubai-2b78,5,16,Normal
2026-02-16 10:30:53.915888,Dubai-2b78,30,78,Normal
2026-02-16 10:30:54.915888,Dubai-2b78,21,76,Normal
2026-02-16 10:30:55.915888,Dubai-2b78,-7,33,Normal
2026-02-16 10:30:56.915888,Dubai-2b78,-9,89,Normal
2026-02-16 10:30:57.915888,Dubai-2b78,11,26,Normal
2026-02-16 10:30:58.915888,Dubai-2b78,-8,69,Normal
2026-02-16 10:30:59.915888,Dubai-2b78,41,89,Normal
2026-02-16 10:31:00.915888,Dubai-2b78,36,2,Normal
2026-02-16 10:31:01.915888,Dubai-2b78,-21,32,Normal
2026-02-16 10:31:02.915888,Dubai-2b78,23,52,Normal
2026-02-16 10:31:03.915888,Dubai-2b78,-12,28,Normal
2026-02-16 10:31:04.915888,Dubai-2b78,46,29,Normal
2026-02-16 10:31:05.915888,Dubai-2b78,5,31,Normal
2026-02-16 10:31:06.915888,Dubai-2b78,-10,43,Normal
2026-02-16 10:31:07.915888,Dubai-2b78,-22,14,Normal
2026-02-16 10:31:08.915888,Dubai-2b78,-30,79,Normal
2026-02-16 10:31:09.915888,Dubai-2b78,-4,25,Normal
2026-02-16 10:31:10.915888,Dubai-2b78,6,11,Normal
2026-02-16 10:31:11.915888,Dubai-2b78,35,70,Normal
2026-02-16 10:31:12.915888,Dubai-2b78,27,35,Normal
2026-02-16 10:31:13.915888,Dubai-2b78,37,62,Normal
2026-02-16 10:31:14.915888,Dubai-2b78,22,23,Normal
2026-02-16 10:31:15.915888,Dubai-2b78,30,58,Normal
2026-02-16 10:31:16.915888,Dubai-2b78,-23,32,Normal
2026-02-16 10:31:17.915888,Dubai-2b78,17,28,Normal
2026-02-16 10:31:18.915888,Dubai-2b78,-11,16,Normal
2026-02-16 10:31:19.915888,Dubai-2b78,22,53,Normal
2026-02-16 10:31:20.915888,Dubai-2b78,-1,23,Normal
2026-02-16 10:31:21.915888,Dubai-2b78,-28,72,Normal
2026-02-16 10:31:22.915888,Dubai-2b78,-1,70,Normal
2026-02-16 10:31:23.915888,Dubai-2b78,-25,32,Normal
2026-02-16 10:31:24.915888,Dubai-2b78,25,55,Normal
2026-02-16 10:31:25.915888,Dubai-2b78,20,96,Normal
2026-02-16 10:31:26.915888,Dubai-2b78,28,61,Normal
2026-02-16 10:31:27.915888,Dubai-2b78,-16,53,Normal
2026-02-16 10:31:28.915888,Dubai-2b78,48,66,Normal
2026-02-16 10:31:29.915888,Dubai-2b78,22,72,Normal
2026-02-16 10:31:30.915888,Dubai-2b78,-8,56,Normal
2026-02-16 10:31:31.915888,Dubai-2b78,-1,98,Normal
2026-02-16 10:31:32.915888,Dubai-2b78,-1,90,Normal
2026-02-16 10:31:33.915888,Dubai-2b78,10,25,Normal
2026-02-16 10:31:34.915888,Dubai-2b78,38,89,Normal
2026-02-16 10:31:35.915888,Dubai-2b78,49,66,Normal
2026-02-16 10:31:36.915888,Dubai-2b78,23,17,Normal
2026-02-16 10:31:37.915888,Dubai-2b78,50,23,Normal
2026-02-16 10:31:38.915888,Dubai-2b78,-23,26,Normal
2026-02-16 10:31:39.915888,Dubai-2b78,26,56,Normal
2026-02-16 10:31:40.915888,Dubai-2b78,37,84,Normal
2026-02-16 10:31:41.915888,Dubai-2b78,20,82,Normal
2026-02-16 10:31:42.915888,Dubai-2b78,8,55,Normal
2026-02-16 10:31:43.915888,Dubai-2b78,-9,17,Normal
2026-02-16 10:31:44.915888,Dubai-2b78,0,3,Normal
2026-02-16 10:31:45.915888,Dubai-2b78,48,79,Normal
2026-02-16 10:31:46.915888,Dubai-2b78,32,68,Normal
2026-02-16 10:31:47.915888,Dubai-2b78,-19,82,Normal
2026-02-16 10:31:48.915888,Dubai-2b78,12,63,Normal
2026-02-16 10:31:49.915888,Dubai-2b78,15,96,Normal
2026-02-16 10:31:50.915888,Dubai-2b78,-15,95,Normal
2026-02-16 10:31:51.915888,Dubai-2b78,22,19,Normal
2026-02-16 10:31:52.915888,Dubai-2b78,23,98,Normal
2026-02-16 10:31:53.915888,Dubai-2b78,47,98,Normal
2026-02-16 10:31:54.915888,Dubai-2b78,49,87,Normal
2026-02-16 10:31:55.915888,Dubai-2b78,-18,83,Normal
2026-02-16 10:31:56.915888,Dubai-2b78,-18,64,Normal
2026-02-16 10:31:57.915888,Dubai-2b78,-27,54,Normal
2026-02-16 10:31:58.915888,Dubai-2b78,43,24,Normal
2026-02-16 10:31:59.915888,Dubai-2b78,47,76,Normal
2026-02-16 10:32:00.915888,Dubai-2b78,10,65,Normal
2026-02-16 10:32:01.915888,Dubai-2b78,38,79,Normal
2026-02-16 10:32:02.915888,Dubai-2b78,-6,9,Normal
2026-02-16 10:32:03.915888,Dubai-2b78,46,30,Normal
2026-02-16 10:32:04.915888,Dubai-2b78,12,68,Normal
2026-02-16 10:32:05.915888,Dubai-2b78,9,61,Normal
2026-02-16 10:32:06.915888,Dubai-2b78,49,73,Normal
2026-02-16 10:32:07.915888,Dubai-2b78,-26,60,Normal
2026-02-16 10:32:08.915888,Dubai-2b78,47,82,Normal
2026-02-16 10:32:09.915888,Dubai-2b78,23,22,Normal
2026-02-16 10:32:10.915888,Dubai-2b78,45,63,Normal
2026-02-16 10:32:11.915888,Dubai-2b78,-5,81,Normal
2026-02-16 10:32:12.915888,Dubai-2b78,13,52,Normal
2026-02-16 10:32:13.915888,Dubai-2b78,4,58,Normal
2026-02-16 10:32:14.915888,Dubai-2b78,31,47,Normal
2026-02-16 10:32:15.915888,Dubai-2b78,-21,23,Normal
2026-02-16 10:32:16.915888,Dubai-2b78,18,37,Normal
2026-02-16 10:32:17.915888,Dubai-2b78,-22,24,Normal
2026-02-16 10:32:18.915888,Dubai-2b78,2,59,Normal
2026-02-16 10:32:19.915888,Dubai-2b78,8,74,Normal
2026-02-16 10:32:20.915888,Dubai-2b78,-15,29,Normal
2026-02-16 10:32:21.915888,Dubai-2b78,-26,7,Normal
2026-02-16 10:32:22.915888,Dubai-2b78,4,75,Normal
2026-02-16 10:32:23.915888,Dubai-2b78,-13,45,Normal
2026-02-16 10:32:24.915888,Dubai-2b78,-17,48,Normal
2026-02-16 10:32:25.915888,Dubai-2b78,5,88,Normal
2026-02-16 10:32:26.915888,Dubai-2b78,-19,1,Normal
2026-02-16 10:32:27.915888,Dubai-2b78,-3,63,Normal
2026-02-16 10:32:28.915888,Dubai-2b78,-9,12,Normal
2026-02-16 10:32:29.915888,Dubai-2b78,12,51,Normal
2026-02-16 10:32:30.915888,Dubai-2b78,-29,74,Normal
2026-02-16 10:32:31.915888,Dubai-2b78,25,67,Normal
2026-02-16 10:32:32.915888,Dubai-2b78,47,17,Normal
2026-02-16 10:32:33.915888,Dubai-2b78,-8,75,Normal
2026-02-16 10:32:34.915888,Dubai-2b78,-24,56,Normal
2026-02-16 10:32:35.915888,Dubai-2b78,48,52,Normal
2026-02-16 10:32:36.915888,Dubai-2b78,47,42,Normal
2026-02-16 10:32:37.915888,Dubai-2b78,35,98,Normal
2026-02-16 10:32:38.915888,Dubai-2b78,30,95,Normal
2026-02-16 10:32:39.915888,Dubai-2b78,-2,48,Normal
2026-02-16 10:32:40.915888,Dubai-2b78,-9,86,Normal
2026-02-16 10:32:41.915888,Dubai-2b78,29,61,Normal
2026-02-16 10:32:42.915888,Dubai-2b78,-1,10,Normal
2026-02-16 10:32:43.915888,Dubai-2b78,5,63,Normal
2026-02-16 10:32:44.915888,Dubai-2b78,-27,89,Normal
2026-02-16 10:32:45.915888,Dubai-2b78,45,9,Normal
2026-02-16 10:32:46.915888,Dubai-2b78,-14,85,Normal
2026-02-16 10:32:47.915888,Dubai-2b78,-12,39,Normal
2026-02-16 10:32:48.915888,Dubai-2b78,40,92,Normal
2026-02-16 10:32:49.915888,Dubai-2b78,44,71,Normal
2026-02-16 10:32:50.915888,Dubai-2b78,-9,90,Normal
2026-02-16 10:32:51.915888,Dubai-2b78,36,43,Normal
2026-02-16 10:32:52.915888,Dubai-2b78,38,100,Normal
2026-02-16 10:32:53.915888,Dubai-2b78,45,11,Normal
2026-02-16 10:32:54.915888,Dubai-2b78,7,34,Normal
2026-02-16 10:32:55.915888,Dubai-2b78,36,60,Normal
2026-02-16 10:32:56.915888,Dubai-2b78,-4,22,Normal
2026-02-16 10:32:57.915888,Dubai-2b78,-15,3,Normal
2026-02-16 10:32:58.915888,Dubai-2b78,0,20,Normal
2026-02-16 10:32:59.915888,Dubai-2b78,-1,23,Normal
2026-02-16 10:33:00.915888,Dubai-2b78,2,5,Normal
2026-02-16 10:33:01.915888,Dubai-2b78,-24,16,Normal
2026-02-16 10:33:02.915888,Dubai-2b78,22,84,Normal
2026-02-16 10:33:03.915888,Dubai-2b78,-24,55,Normal
2026-02-16 10:33:04.915888,Dubai-2b78,48,78,Normal
2026-02-16 10:33:05.915888,Dubai-2b78,-28,3,Normal
2026-02-16 10:33:06.915888,Dubai-2b78,-13,86,Normal
2026-02-16 10:33:07.915888,Dubai-2b78,-30,36,Normal
2026-02-16 10:33:08.915888,Dubai-2b78,22,6,Normal
2026-02-16 10:33:09.915888,Dubai-2b78,-14,62,Normal
2026-02-16 10:33:10.915888,Dubai-2b78,34,43,Normal
2026-02-16 10:33:11.915888,Dubai-2b78,32,76,Normal
2026-02-16 10:33:12.915888,Dubai-2b78,23,18,Normal
2026-02-16 10:33:13.915888,Dubai-2b78,35,74,Normal
2026-02-16 10:33:14.915888,Dubai-2b78,-29,16,Normal
2026-02-16 10:33:15.915888,Dubai-2b78,13,54,Normal
2026-02-16 10:33:16.915888,Dubai-2b78,-3,37,Normal
2026-02-16 10:33:17.915888,Dubai-2b78,-23,12,Normal
2026-02-16 10:33:18.915888,Dubai-2b78,0,87,Normal
2026-02-16 10:33:19.915888,Dubai-2b78,34,48,Normal
2026-02-16 10:33:20.915888,Dubai-2b78,-21,98,Normal
2026-02-16 10:33:21.915888,Dubai-2b78,43,71,Normal
2026-02-16 10:33:22.915888,Dubai-2b78,30,35,Normal
2026-02-16 10:33:23.915888,Dubai-2b78,-7,94,Normal
2026-02-16 10:33:24.915888,Dubai-2b78,-5,90,Normal
2026-02-16 10:33:25.915888,Dubai-2b78,19,85,Normal
2026-02-16 10:33:26.915888,Dubai-2b78,29,83,Normal
2026-02-16 10:33:27.915888,Dubai-2b78,-29,13,Normal
2026-02-16 10:33:28.915888,Dubai-2b78,24,85,Normal
2026-02-16 10:33:29.915888,Dubai-2b78,12,55,Normal
2026-02-16 10:33:30.915888,Dubai-2b78,20,36,Normal
2026-02-16 10:33:31.915888,Dubai-2b78,36,13,Normal
2026-02-16 10:33:32.915888,Dubai-2b78,9,45,Normal
2026-02-16 10:33:33.915888,Dubai-2b78,35,75,Normal
2026-02-16 10:33:34.915888,Dubai-2b78,19,43,Normal
2026-02-16 10:33:35.915888,Dubai-2b78,41,97,Normal
2026-02-16 10:33:36.915888,Dubai-2b78,-17,81,Normal
2026-02-16 10:33:37.915888,Dubai-2b78,22,63,Normal
2026-02-16 10:33:38.915888,Dubai-2b78,32,97,Normal
2026-02-16 10:33:39.915888,Dubai-2b78,-22,20,Normal
2026-02-16 10:33:40.915888,Dubai-2b78,-1,11,Normal
2026-02-16 10:33:41.915888,Dubai-2b78,12,77,Normal
2026-02-16 10:33:42.915888,Dubai-2b78,-21,88,Normal
2026-02-16 10:33:43.915888,Dubai-2b78,-24,4,Normal
2026-02-16 10:33:44.915888,Dubai-2b78,23,4,Normal
2026-02-16 10:33:45.915888,Dubai-2b78,13,69,Normal
2026-02-16 10:33:46.915888,Dubai-2b78,44,36,Normal
2026-02-16 10:33:47.915888,Dubai-2b78,-20,16,Normal
2026-02-16 10:33:48.915888,Dubai-2b78,4,36,Normal
2026-02-16 10:33:49.915888,Dubai-2b78,22,48,Normal
2026-02-16 10:33:50.915888,Dubai-2b78,15,51,Normal
2026-02-16 10:33:51.915888,Dubai-2b78,-23,88,Normal
2026-02-16 10:33:52.915888,Dubai-2b78,-20,25,Normal
2026-02-16 10:33:53.915888,Dubai-2b78,-13,82,Normal
2026-02-16 10:33:54.915888,Dubai-2b78,-25,33,Normal
2026-02-16 10:33:55.915888,Dubai-2b78,47,82,Normal
2026-02-16 10:33:56.915888,Dubai-2b78,23,44,Normal
2026-02-16 10:33:57.915888,Dubai-2b78,5,49,Normal
2026-02-16 10:33:58.915888,Dubai-2b78,-7,35,Normal
2026-02-16 10:33:59.915888,Dubai-2b78,10,89,Normal
2026-02-16 10:34:00.915888,Dubai-2b78,-29,52,Normal
2026-02-16 10:34:01.915888,Dubai-2b78,6,71,Normal
2026-02-16 10:34:02.915888,Dubai-2b78,17,35,Normal
2026-02-16 10:34:03.915888,Dubai-2b78,3,43,Normal
2026-02-16 10:34:04.915888,Dubai-2b78,-20,76,Normal
2026-02-16 10:34:05.915888,Dubai-2b78,-17,19,Normal
2026-02-16 10:34:06.915888,Dubai-2b78,14,55,Normal
2026-02-16 10:34:07.915888,Dubai-2b78,25,96,Normal
2026-02-16 10:34:08.915888,Dubai-2b78,-16,95,Normal
2026-02-16 10:34:09.915888,Dubai-2b78,-22,21,Normal
2026-02-16 10:34:10.915888,Dubai-2b78,-14,55,Normal
2026-02-16 10:34:11.915888,Dubai-2b78,39,59,Normal
2026-02-16 10:34:12.915888,Dubai-2b78,-8,39,Normal
2026-02-16 10:34:13.915888,Dubai-2b78,2,12,Normal
2026-02-16 10:34:14.915888,Dubai-2b78,-21,76,Normal
2026-02-16 10:34:15.915888,Dubai-2b78,2,12,Normal
2026-02-16 10:34:16.915888,Dubai-2b78,21,29,Normal
2026-02-16 10:34:17.915888,Dubai-2b78,-1,51,Normal
2026-02-16 10:34:18.915888,Dubai-2b78,-4,3,Normal
2026-02-16 10:34:19.915888,Dubai-2b78,17,79,Normal
2026-02-16 10:34:20.915888,Dubai-2b78,45,3,Normal
2026-02-16 10:34:21.915888,Dubai-2b78,14,39,Normal
2026-02-16 10:34:22.915888,Dubai-2b78,-6,61,Normal
2026-02-16 10:34:23.915888,Dubai-2b78,6,84,Normal
2026-02-16 10:34:24.915888,Dubai-2b78,16,29,Normal
2026-02-16 10:34:25.915888,Dubai-2b78,20,19,Normal
2026-02-16 10:34:26.915888,Dubai-2b78,-12,65,Normal
2026-02-16 10:34:27.915888,Dubai-2b78,-28,93,Normal
2026-02-16 10:34:28.915888,Dubai-2b78,20,66,Normal
2026-02-16 10:34:29.915888,Dubai-2b78,30,59,Normal
2026-02-16 10:34:30.915888,Dubai-2b78,7,14,Normal
2026-02-16 10:34:31.915888,Dubai-2b78,4,52,Normal
2026-02-16 10:34:32.915888,Dubai-2b78,26,49,Normal
2026-02-16 10:34:33.915888,Dubai-2b78,38,98,Normal
2026-02-16 10:34:34.915888,Dubai-2b78,1,6,Normal
2026-02-16 10:34:35.915888,Dubai-2b78,-25,20,Normal
2026-02-16 10:34:36.915888,Dubai-2b78,19,86,Normal
2026-02-16 10:34:37.915888,Dubai-2b78,12,74,Normal
2026-02-16 10:34:38.915888,Dubai-2b78,13,91,Normal
2026-02-16 10:34:39.915888,Dubai-2b78,-4,21,Normal
2026-02-16 10:34:40.915888,Dubai-2b78,-22,36,Normal
2026-02-16 10:34:41.915888,Dubai-2b78,4,60,Normal
2026-02-16 10:34:42.915888,Dubai-2b78,-30,87,Normal
2026-02-16 10:34:43.915888,Dubai-2b78,18,51,Normal
2026-02-16 10:34:44.915888,Dubai-2b78,39,71,Normal
2026-02-16 10:34:45.915888,Dubai-2b78,12,19,Normal
2026-02-16 10:34:46.915888,Dubai-2b78,9,6,Normal
2026-02-16 10:34:47.915888,Dubai-2b78,15,74,Normal
2026-02-16 10:34:48.915888,Dubai-2b78,26,49,Normal
2026-02-16 10:34:49.915888,Dubai-2b78,-16,3,Normal
2026-02-16 10:34:50.915888,Dubai-2b78,-28,37,Normal
2026-02-16 10:34:51.915888,Dubai-2b78,-30,69,Normal
2026-02-16 10:34:52.915888,Dubai-2b78,19,98,Normal
2026-02-16 10:34:53.915888,Dubai-2b78,23,95,Normal
2026-02-16 10:34:54.915888,Dubai-2b78,39,56,Normal
2026-02-16 10:34:55.915888,Dubai-2b78,44,6,Normal
2026-02-16 10:34:56.915888,Dubai-2b78,-26,23,Normal
2026-02-16 10:34:57.915888,Dubai-2b78,11,37,Normal
2026-02-16 10:34:58.915888,Dubai-2b78,7,89,Normal
2026-02-16 10:34:59.915888,Dubai-2b78,37,15,Normal
2026-02-16 10:35:00.915888,Dubai-2b78,39,48,Normal
2026-02-16 10:35:01.915888,Dubai-2b78,-27,6,Normal
2026-02-16 10:35:02.915888,Dubai-2b78,22,29,Normal
2026-02-16 10:35:03.915888,Dubai-2b78,-12,95,Normal
2026-02-16 10:35:04.915888,Dubai-2b78,-21,79,Normal
2026-02-16 10:35:05.915888,Dubai-2b78,17,88,Normal
2026-02-16 10:35:06.915888,Dubai-2b78,19,45,Normal
2026-02-16 10:35:07.915888,Dubai-2b78,48,47,Normal
2026-02-16 10:35:08.915888,Dubai-2b78,21,99,Normal
2026-02-16 10:35:09.915888,Dubai-2b78,-19,51,Normal
2026-02-16 10:35:10.915888,Dubai-2b78,32,12,Normal
2026-02-16 10:35:11.915888,Dubai-2b78,-11,95,Normal
2026-02-16 10:35:12.915888,Dubai-2b78,-12,1,Normal
2026-02-16 10:35:13.915888,Dubai-2b78,-22,73,Normal
2026-02-16 10:35:14.915888,Dubai-2b78,-9,33,Normal
2026-02-16 10:35:15.915888,Dubai-2b78,47,29,Normal
2026-02-16 10:35:16.915888,Dubai-2b78,6,49,Normal
2026-02-16 10:35:17.915888,Dubai-2b78,-17,22,Normal
2026-02-16 10:35:18.915888,Dubai-2b78,-25,25,Normal
2026-02-16 10:35:19.915888,Dubai-2b78,-21,58,Normal
2026-02-16 10:35:20.915888,Dubai-2b78,22,51,Normal
2026-02-16 10:35:21.915888,Dubai-2b78,-29,29,Normal
2026-02-16 10:35:22.915888,Dubai-2b78,37,73,Normal
2026-02-16 10:35:23.915888,Dubai-2b78,-30,85,Normal
2026-02-16 10:35:24.915888,Dubai-2b78,30,44,Normal
2026-02-16 10:35:25.915888,Dubai-2b78,27,18,Normal
2026-02-16 10:35:26.915888,Dubai-2b78,22,76,Normal
2026-02-16 10:35:27.915888,Dubai-2b78,28,18,Normal
2026-02-16 10:35:28.915888,Dubai-2b78,5,71,Normal
2026-02-16 10:35:29.915888,Dubai-2b78,-16,95,Normal
2026-02-16 10:35:30.915888,Dubai-2b78,-10,82,Normal
2026-02-16 10:35:31.915888,Dubai-2b78,1,7,Normal
2026-02-16 10:35:32.915888,Dubai-2b78,39,4,Normal
2026-02-16 10:35:33.915888,Dubai-2b78,0,94,Normal
2026-02-16 10:35:34.915888,Dubai-2b78,-17,58,Normal
2026-02-16 10:35:35.915888,Dubai-2b78,31,20,Normal
2026-02-16 10:35:36.915888,Dubai-2b78,-22,11,Normal
2026-02-16 10:35:37.915888,Dubai-2b78,-9,90,Normal
2026-02-16 10:35:38.915888,Dubai-2b78,47,3,Normal
2026-02-16 10:35:39.915888,Dubai-2b78,-30,70,Normal
2026-02-16 10:35:40.915888,Dubai-2b78,-5,78,Normal
2026-02-16 10:35:41.915888,Dubai-2b78,-16,40,Normal
2026-02-16 10:35:42.915888,Dubai-2b78,4,20,Normal
2026-02-16 10:35:43.915888,Dubai-2b78,42,62,Normal
2026-02-16 10:35:44.915888,Dubai-2b78,-26,61,Normal
2026-02-16 10:35:45.915888,Dubai-2b78,40,40,Normal
2026-02-16 10:35:46.915888,Dubai-2b78,4,56,Normal
2026-02-16 10:35:47.915888,Dubai-2b78,43,9,Normal
2026-02-16 10:35:48.915888,Dubai-2b78,27,30,Normal
2026-02-16 10:35:49.915888,Dubai-2b78,-4,69,Normal
2026-02-16 10:35:50.915888,Dubai-2b78,-3,22,Normal
2026-02-16 10:35:51.915888,Dubai-2b78,-4,52,Normal
2026-02-16 10:35:52.915888,Dubai-2b78,4,45,Normal
2026-02-16 10:35:53.915888,Dubai-2b78,14,83,Normal
2026-02-16 10:35:54.915888,Dubai-2b78,19,42,Normal
2026-02-16 10:35:55.915888,Dubai-2b78,40,27,Normal
2026-02-16 10:35:56.915888,Dubai-2b78,20,41,Normal
2026-02-16 10:35:57.915888,Dubai-2b78,50,75,Normal
2026-02-16 10:35:58.915888,Dubai-2b78,17,69,Normal
2026-02-16 10:35:59.915888,Dubai-2b78,-14,27,Normal
2026-02-16 10:36:00.915888,Dubai-2b78,-7,72,Normal
2026-02-16 10:36:01.915888,Dubai-2b78,-23,66,Normal
2026-02-16 10:36:02.915888,Dubai-2b78,43,69,Normal
2026-02-16 10:36:03.915888,Dubai-2b78,17,36,Normal
2026-02-16 10:36:04.915888,Dubai-2b78,11,36,Normal
2026-02-16 10:36:05.915888,Dubai-2b78,-13,75,Normal
2026-02-16 10:36:06.915888,Dubai-2b78,-6,17,Normal
2026-02-16 10:36:07.915888,Dubai-2b78,32,39,Normal
2026-02-16 10:36:08.915888,Dubai-2b78,34,18,Normal
2026-02-16 10:36:09.915888,Dubai-2b78,11,32,Normal
2026-02-16 10:36:10.915888,Dubai-2b78,-8,86,Normal
2026-02-16 10:36:11.915888,Dubai-2b78,16,13,Normal
2026-02-16 10:36:12.915888,Dubai-2b78,-3,7,Normal
2026-02-16 10:36:13.915888,Dubai-2b78,6,26,Normal
2026-02-16 10:36:14.915888,Dubai-2b78,1,70,Normal
2026-02-16 10:36:15.915888,Dubai-2b78,13,94,Normal
2026-02-16 10:36:16.915888,Dubai-2b78,-8,29,Normal
2026-02-16 10:36:17.915888,Dubai-2b78,-2,4,Normal
2026-02-16 10:36:18.915888,Dubai-2b78,3,85,Normal
2026-02-16 10:36:19.915888,Dubai-2b78,-24,1,Normal
2026-02-16 10:36:20.915888,Dubai-2b78,35,23,Normal
2026-02-16 10:36:21.915888,Dubai-2b78,19,1,Normal
2026-02-16 10:36:22.915888,Dubai-2b78,38,59,Normal
2026-02-16 10:36:23.915888,Dubai-2b78,-26,93,Normal
2026-02-16 10:36:24.915888,Dubai-2b78,11,41,Normal
2026-02-16 10:36:25.915888,Dubai-2b78,-12,100,Normal
2026-02-16 10:36:26.915888,Dubai-2b78,29,2,Normal
2026-02-16 10:36:27.915888,Dubai-2b78,50,76,Normal
2026-02-16 10:36:28.915888,Dubai-2b78,1,10,Normal
2026-02-16 10:36:29.915888,Dubai-2b78,-12,18,Normal
2026-02-16 10:36:30.915888,Dubai-2b78,-30,7,Normal
2026-02-16 10:36:31.915888,Dubai-2b78,-10,49,Normal
2026-02-16 10:36:32.915888,Dubai-2b78,7,20,Normal
2026-02-16 10:36:33.915888,Dubai-2b78,50,62,Normal
2026-02-16 10:36:34.915888,Dubai-2b78,21,48,Normal
2026-02-16 10:36:35.915888,Dubai-2b78,-26,32,Normal
2026-02-16 10:36:36.915888,Dubai-2b78,-6,59,Normal
2026-02-16 10:36:37.915888,Dubai-2b78,-20,94,Normal
2026-02-16 10:36:38.915888,Dubai-2b78,-24,14,Normal
2026-02-16 10:36:39.915888,Dubai-2b78,-8,37,Normal
2026-02-16 10:36:40.915888,Dubai-2b78,1,51,Normal
2026-02-16 10:36:41.915888,Dubai-2b78,-29,48,Normal
2026-02-16 10:36:42.915888,Dubai-2b78,50,11,Normal
2026-02-16 10:36:43.915888,Dubai-2b78,-29,24,Normal
2026-02-16 10:36:44.915888,Dubai-2b78,39,31,Normal
2026-02-16 10:36:45.915888,Dubai-2b78,-22,51,Normal
2026-02-16 10:36:46.915888,Dubai-2b78,44,80,Normal
2026-02-16 10:36:47.915888,Dubai-2b78,9,99,Normal
2026-02-16 10:36:48.915888,Dubai-2b78,26,97,Normal
2026-02-16 10:36:49.915888,Dubai-2b78,5,25,Normal
2026-02-16 10:36:50.915888,Dubai-2b78,23,69,Normal
2026-02-16 10:36:51.915888,Dubai-2b78,26,66,Normal
2026-02-16 10:36:52.915888,Dubai-2b78,13,8,Normal
2026-02-16 10:36:53.915888,Dubai-2b78,26,36,Normal
2026-02-16 10:36:54.915888,Dubai-2b78,-17,27,Normal
2026-02-16 10:36:55.915888,Dubai-2b78,22,26,Normal
2026-02-16 10:36:56.915888,Dubai-2b78,-9,16,Normal
2026-02-16 10:36:57.915888,Dubai-2b78,21,96,Normal
2026-02-16 10:36:58.915888,Dubai-2b78,-18,11,Normal
2026-02-16 10:36:59.915888,Dubai-2b78,-7,5,Normal
2026-02-16 10:37:00.915888,Dubai-2b78,50,75,Normal
2026-02-16 10:37:01.915888,Dubai-2b78,46,69,Normal
2026-02-16 10:37:02.915888,Dubai-2b78,0,65,Normal
2026-02-16 10:37:03.915888,Dubai-2b78,38,35,Normal
2026-02-16 10:37:04.915888,Dubai-2b78,7,48,Normal
2026-02-16 10:37:05.915888,Dubai-2b78,1,38,Normal
2026-02-16 10:37:06.915888,Dubai-2b78,48,78,Normal
2026-02-16 10:37:07.915888,Dubai-2b78,10,5,Normal
2026-02-16 10:37:08.915888,Dubai-2b78,3,10,Normal
2026-02-16 10:37:09.915888,Dubai-2b78,13,76,Normal
2026-02-16 10:37:10.915888,Dubai-2b78,44,27,Normal
2026-02-16 10:37:11.915888,Dubai-2b78,12,58,Normal
2026-02-16 10:37:12.915888,Dubai-2b78,35,13,Normal
2026-02-16 10:37:13.915888,Dubai-2b78,-8,11,Normal
2026-02-16 10:37:14.915888,Dubai-2b78,20,79,Normal
2026-02-16 10:37:15.915888,Dubai-2b78,14,32,Normal
2026-02-16 10:37:16.915888,Dubai-2b78,-3,6,Normal
2026-02-16 10:37:17.915888,Dubai-2b78,43,90,Normal
2026-02-16 10:37:18.915888,Dubai-2b78,27,10,Normal
2026-02-16 10:37:19.915888,Dubai-2b78,39,55,Normal
2026-02-16 10:37:20.915888,Dubai-2b78,34,29,Normal
2026-02-16 10:37:21.915888,Dubai-2b78,2,50,Normal
2026-02-16 10:37:22.915888,Dubai-2b78,24,13,Normal
2026-02-16 10:37:23.915888,Dubai-2b78,-19,18,Normal
2026-02-16 10:37:24.915888,Dubai-2b78,14,79,Normal
2026-02-16 10:37:25.915888,Dubai-2b78,-23,55,Normal
2026-02-16 10:37:26.915888,Dubai-2b78,43,70,Normal
2026-02-16 10:37:27.915888,Dubai-2b78,24,99,Normal
2026-02-16 10:37:28.915888,Dubai-2b78,7,92,Normal
2026-02-16 10:37:29.915888,Dubai-2b78,39,61,Normal
2026-02-16 10:37:30.915888,Dubai-2b78,13,75,Normal
2026-02-16 10:37:31.915888,Dubai-2b78,26,99,Normal
2026-02-16 10:37:32.915888,Dubai-2b78,-2,59,Normal
2026-02-16 10:37:33.915888,Dubai-2b78,43,54,Normal
2026-02-16 10:37:34.915888,Dubai-2b78,-14,55,Normal
2026-02-16 10:37:35.915888,Dubai-2b78,47,57,Normal
2026-02-16 10:37:36.915888,Dubai-2b78,-3,43,Normal
2026-02-16 10:37:37.915888,Dubai-2b78,13,93,Normal
2026-02-16 10:37:38.915888,Dubai-2b78,35,33,Normal
2026-02-16 10:37:39.915888,Dubai-2b78,7,64,Normal
2026-02-16 10:37:40.915888,Dubai-2b78,-6,60,Normal
2026-02-16 10:37:41.915888,Dubai-2b78,-11,90,Normal
2026-02-16 10:37:42.915888,Dubai-2b78,25,51,Normal
2026-02-16 10:37:43.915888,Dubai-2b78,38,2,Normal
2026-02-16 10:37:44.915888,Dubai-2b78,-11,54,Normal
2026-02-16 10:37:45.915888,Dubai-2b78,-3,19,Normal
2026-02-16 10:37:46.915888,Dubai-2b78,-1,30,Normal
2026-02-16 10:37:47.915888,Dubai-2b78,-3,74,Normal
2026-02-16 10:37:48.915888,Dubai-2b78,8,44,Normal
2026-02-16 10:37:49.915888,Dubai-2b78,10,3,Normal
2026-02-16 10:37:50.915888,Dubai-2b78,48,86,Normal
2026-02-16 10:37:51.915888,Dubai-2b78,-6,32,Normal
2026-02-16 10:37:52.915888,Dubai-2b78,7,88,Normal
2026-02-16 10:37:53.915888,Dubai-2b78,9,0,Normal
2026-02-16 10:37:54.915888,Dubai-2b78,11,75,Normal
2026-02-16 10:37:55.915888,Dubai-2b78,8,52,Normal
2026-02-16 10:37:56.915888,Dubai-2b78,35,37,Normal
2026-02-16 10:37:57.915888,Dubai-2b78,1,23,Normal
2026-02-16 10:37:58.915888,Dubai-2b78,-9,1,Normal
2026-02-16 10:37:59.915888,Dubai-2b78,32,37,Normal
2026-02-16 10:38:00.915888,Dubai-2b78,20,20,Normal
2026-02-16 10:38:01.915888,Dubai-2b78,-21,69,Normal
2026-02-16 10:38:02.915888,Dubai-2b78,-29,68,Normal
2026-02-16 10:38:03.915888,Dubai-2b78,-17,66,Normal
2026-02-16 10:38:04.915888,Dubai-2b78,31,30,Normal
2026-02-16 10:38:05.915888,Dubai-2b78,36,81,Normal
2026-02-16 10:38:06.915888,Dubai-2b78,-13,45,Normal
2026-02-16 10:38:07.915888,Dubai-2b78,-12,17,Normal
2026-02-16 10:38:08.915888,Dubai-2b78,48,68,Normal
2026-02-16 10:38:09.915888,Dubai-2b78,18,84,Normal
2026-02-16 10:38:10.915888,Dubai-2b78,-29,27,Normal
2026-02-16 10:38:11.915888,Dubai-2b78,36,68,Normal
2026-02-16 10:38:12.915888,Dubai-2b78,12,96,Normal
2026-02-16 10:38:13.915888,Dubai-2b78,1,35,Normal
2026-02-16 10:38:14.915888,Dubai-2b78,27,80,Normal
2026-02-16 10:38:15.915888,Dubai-2b78,-21,68,Normal
2026-02-16 10:38:16.915888,Dubai-2b78,-30,89,Normal
2026-02-16 10:38:17.915888,Dubai-2b78,41,79,Normal
2026-02-16 10:38:18.915888,Dubai-2b78,45,63,Normal
2026-02-16 10:38:19.915888,Dubai-2b78,17,18,Normal
2026-02-16 10:38:20.915888,Dubai-2b78,19,53,Normal
2026-02-16 10:38:21.915888,Dubai-2b78,30,24,Normal
2026-02-16 10:38:22.915888,Dubai-2b78,11,44,Normal
2026-02-16 10:38:23.915888,Dubai-2b78,37,90,Normal
2026-02-16 10:38:24.915888,Dubai-2b78,20,1,Normal
2026-02-16 10:38:25.915888,Dubai-2b78,3,70,Normal
2026-02-16 10:38:26.915888,Dubai-2b78,-21,17,Normal
2026-02-16 10:38:27.915888,Dubai-2b78,8,88,Normal
2026-02-16 10:38:28.915888,Dubai-2b78,-13,81,Normal
2026-02-16 10:38:29.915888,Dubai-2b78,-27,84,Normal
2026-02-16 10:38:30.915888,Dubai-2b78,25,43,Normal
2026-02-16 10:38:31.915888,Dubai-2b78,33,75,Normal
2026-02-16 10:38:32.915888,Dubai-2b78,-3,94,Normal
2026-02-16 10:38:33.915888,Dubai-2b78,36,37,Normal
2026-02-16 10:38:34.915888,Dubai-2b78,9,3,Normal
2026-02-16 10:38:35.915888,Dubai-2b78,27,100,Normal
2026-02-16 10:38:36.915888,Dubai-2b78,19,12,Normal
2026-02-16 10:38:37.915888,Dubai-2b78,30,65,Normal
2026-02-16 10:38:38.915888,Dubai-2b78,18,77,Normal
2026-02-16 10:38:39.915888,Dubai-2b78,44,15,Normal
2026-02-16 10:38:40.915888,Dubai-2b78,-6,68,Normal
2026-02-16 10:38:41.915888,Dubai-2b78,20,58,Normal
2026-02-16 10:38:42.915888,Dubai-2b78,-8,5,Normal
2026-02-16 10:38:43.915888,Dubai-2b78,22,44,Normal
2026-02-16 10:38:44.915888,Dubai-2b78,1,13,Normal
2026-02-16 10:38:45.915888,Dubai-2b78,0,38,Normal
2026-02-16 10:38:46.915888,Dubai-2b78,-30,16,Normal
2026-02-16 10:38:47.915888,Dubai-2b78,-7,47,Normal
2026-02-16 10:38:48.915888,Dubai-2b78,28,18,Normal
2026-02-16 10:38:49.915888,Dubai-2b78,-11,97,Normal
2026-02-16 10:38:50.915888,Dubai-2b78,44,0,Normal
2026-02-16 10:38:51.915888,Dubai-2b78,-14,26,Normal
2026-02-16 10:38:52.915888,Dubai-2b78,-22,62,Normal
2026-02-16 10:38:53.915888,Dubai-2b78,-19,28,Normal
2026-02-16 10:38:54.915888,Dubai-2b78,21,67,Normal
2026-02-16 10:38:55.915888,Dubai-2b78,-12,11,Normal
2026-02-16 10:38:56.915888,Dubai-2b78,49,56,Normal
2026-02-16 10:38:57.915888,Dubai-2b78,26,7,Normal
2026-02-16 10:38:58.915888,Dubai-2b78,23,86,Normal
2026-02-16 10:38:59.915888,Dubai-2b78,39,31,Normal
2026-02-16 10:39:00.915888,Dubai-2b78,37,86,Normal
2026-02-16 10:39:01.915888,Dubai-2b78,4,71,Normal
2026-02-16 10:39:02.915888,Dubai-2b78,44,99,Normal
2026-02-16 10:39:03.915888,Dubai-2b78,11,28,Normal
2026-02-16 10:39:04.915888,Dubai-2b78,-11,22,Normal
2026-02-16 10:39:05.915888,Dubai-2b78,10,26,Normal
2026-02-16 10:39:06.915888,Dubai-2b78,15,68,Normal
2026-02-16 10:39:07.915888,Dubai-2b78,16,95,Normal
2026-02-16 10:39:08.915888,Dubai-2b78,37,54,Normal
2026-02-16 10:39:09.915888,Dubai-2b78,40,9,Normal
2026-02-16 10:39:10.915888,Dubai-2b78,1,15,Normal
2026-02-16 10:39:11.915888,Dubai-2b78,48,98,Normal
2026-02-16 10:39:12.915888,Dubai-2b78,30,25,Normal
2026-02-16 10:39:13.915888,Dubai-2b78,-17,4,Normal
2026-02-16 10:39:14.915888,Dubai-2b78,-28,23,Normal
2026-02-16 10:39:15.915888,Dubai-2b78,-4,9,Normal
2026-02-16 10:39:16.915888,Dubai-2b78,38,100,Normal
2026-02-16 10:39:17.915888,Dubai-2b78,43,76,Normal
2026-02-16 10:39:18.915888,Dubai-2b78,48,38,Normal
2026-02-16 10:39:19.915888,Dubai-2b78,9,19,Normal
2026-02-16 10:39:20.915888,Dubai-2b78,48,94,Normal
2026-02-16 10:39:21.915888,Dubai-2b78,35,33,Normal
2026-02-16 10:39:22.915888,Dubai-2b78,49,20,Normal
2026-02-16 10:39:23.915888,Dubai-2b78,49,4,Normal
2026-02-16 10:39:24.915888,Dubai-2b78,47,64,Normal
2026-02-16 10:39:25.915888,Dubai-2b78,41,100,Normal
2026-02-16 10:39:26.915888,Dubai-2b78,22,87,Normal
2026-02-16 10:39:27.915888,Dubai-2b78,34,72,Normal
2026-02-16 10:39:28.915888,Dubai-2b78,5,1,Normal
2026-02-16 10:39:29.915888,Dubai-2b78,-5,100,Normal
2026-02-16 10:39:30.915888,Dubai-2b78,39,7,Normal
2026-02-16 10:39:31.915888,Dubai-2b78,-29,21,Normal
2026-02-16 10:39:32.915888,Dubai-2b78,-1,49,Normal
2026-02-16 10:39:33.915888,Dubai-2b78,36,28,Normal
2026-02-16 10:39:34.915888,Dubai-2b78,15,28,Normal
2026-02-16 10:39:35.915888,Dubai-2b78,36,69,Normal
2026-02-16 10:39:36.915888,Dubai-2b78,4,18,Normal
2026-02-16 10:39:37.915888,Dubai-2b78,-27,25,Normal
2026-02-16 10:39:38.915888,Dubai-2b78,-19,47,Normal
2026-02-16 10:39:39.915888,Dubai-2b78,8,64,Normal
2026-02-16 10:39:40.915888,Dubai-2b78,-10,19,Normal
2026-02-16 10:39:41.915888,Dubai-2b78,-27,2,Normal
2026-02-16 10:39:42.915888,Dubai-2b78,42,79,Normal
2026-02-16 10:39:43.915888,Dubai-2b78,48,97,Normal
2026-02-16 10:39:44.915888,Dubai-2b78,14,99,Normal
2026-02-16 10:39:45.915888,Dubai-2b78,-13,26,Normal
2026-02-16 10:39:46.915888,Dubai-2b78,-4,7,Normal
2026-02-16 10:39:47.915888,Dubai-2b78,3,55,Normal
2026-02-16 10:39:48.915888,Dubai-2b78,3,57,Normal
2026-02-16 10:39:49.915888,Dubai-2b78,9,8,Normal
2026-02-16 10:39:50.915888,Dubai-2b78,33,94,Normal
2026-02-16 10:39:51.915888,Dubai-2b78,8,57,Normal
2026-02-16 10:39:52.915888,Dubai-2b78,36,77,Normal
2026-02-16 10:39:53.915888,Dubai-2b78,-4,76,Normal
2026-02-16 10:39:54.915888,Dubai-2b78,4,22,Normal
2026-02-16 10:39:55.915888,Dubai-2b78,-26,100,Normal
2026-02-16 10:39:56.915888,Dubai-2b78,25,70,Normal
2026-02-16 10:39:57.915888,Dubai-2b78,-29,27,Normal
2026-02-16 10:39:58.915888,Dubai-2b78,-15,21,Normal
2026-02-16 10:39:59.915888,Dubai-2b78,43,56,Normal
2026-02-16 10:40:00.915888,Dubai-2b78,-10,22,Normal
2026-02-16 10:40:01.915888,Dubai-2b78,38,41,Normal
2026-02-16 10:40:02.915888,Dubai-2b78,11,21,Normal
2026-02-16 10:40:03.915888,Dubai-2b78,43,84,Normal
2026-02-16 10:40:04.915888,Dubai-2b78,-24,55,Normal
2026-02-16 10:40:05.915888,Dubai-2b78,14,9,Normal
2026-02-16 10:40:06.915888,Dubai-2b78,36,84,Normal
2026-02-16 10:40:07.915888,Dubai-2b78,37,1,Normal
2026-02-16 10:40:08.915888,Dubai-2b78,10,30,Normal
2026-02-16 10:40:09.915888,Dubai-2b78,24,65,Normal
2026-02-16 10:40:10.915888,Dubai-2b78,7,94,Normal
2026-02-16 10:40:11.915888,Dubai-2b78,33,6,Normal
2026-02-16 10:40:12.915888,Dubai-2b78,37,36,Normal
2026-02-16 10:40:13.915888,Dubai-2b78,35,29,Normal
2026-02-16 10:40:14.915888,Dubai-2b78,28,94,Normal
2026-02-16 10:40:15.915888,Dubai-2b78,-3,63,Normal
2026-02-16 10:40:16.915888,Dubai-2b78,1,77,Normal
2026-02-16 10:40:17.915888,Dubai-2b78,19,8,Normal
2026-02-16 10:40:18.915888,Dubai-2b78,-27,12,Normal
2026-02-16 10:40:19.915888,Dubai-2b78,1,37,Normal
2026-02-16 10:40:20.915888,Dubai-2b78,20,96,Normal
2026-02-16 10:40:21.915888,Dubai-2b78,-23,53,Normal
2026-02-16 10:40:22.915888,Dubai-2b78,7,70,Normal
2026-02-16 10:40:23.915888,Dubai-2b78,3,40,Normal
2026-02-16 10:40:24.915888,Dubai-2b78,13,6,Normal
2026-02-16 10:40:25.915888,Dubai-2b78,23,98,Normal
2026-02-16 10:40:26.915888,Dubai-2b78,-21,9,Normal
2026-02-16 10:40:27.915888,Dubai-2b78,17,16,Normal
2026-02-16 10:40:28.915888,Dubai-2b78,10,70,Normal
2026-02-16 10:40:29.915888,Dubai-2b78,41,63,Normal
2026-02-16 10:40:30.915888,Dubai-2b78,15,67,Normal
2026-02-16 10:40:31.915888,Dubai-2b78,2,90,Normal
2026-02-16 10:40:32.915888,Dubai-2b78,49,45,Normal
2026-02-16 10:40:33.915888,Dubai-2b78,-2,14,Normal
2026-02-16 10:40:34.915888,Dubai-2b78,9,14,Normal
2026-02-16 10:40:35.915888,Dubai-2b78,28,77,Normal
2026-02-16 10:40:36.915888,Dubai-2b78,26,13,Normal
2026-02-16 10:40:37.915888,Dubai-2b78,-18,31,Normal
2026-02-16 10:40:38.915888,Dubai-2b78,-3,16,Normal
2026-02-16 10:40:39.915888,Dubai-2b78,10,12,Normal
2026-02-16 10:40:40.915888,Dubai-2b78,44,61,Normal
2026-02-16 10:40:41.915888,Dubai-2b78,1,95,Normal
2026-02-16 10:40:42.915888,Dubai-2b78,10,93,Normal
2026-02-16 10:40:43.915888,Dubai-2b78,30,66,Normal
2026-02-16 10:40:44.915888,Dubai-2b78,-19,2,Normal
2026-02-16 10:40:45.915888,Dubai-2b78,-15,87,Normal
2026-02-16 10:40:46.915888,Dubai-2b78,-18,13,Normal
2026-02-16 10:40:47.915888,Dubai-2b78,42,58,Normal
2026-02-16 10:40:48.915888,Dubai-2b78,-28,57,Normal
2026-02-16 10:40:49.915888,Dubai-2b78,-7,78,Normal
2026-02-16 10:40:50.915888,Dubai-2b78,15,89,Normal
2026-02-16 10:40:51.915888,Dubai-2b78,11,61,Normal
2026-02-16 10:40:52.915888,Dubai-2b78,48,25,Normal
2026-02-16 10:40:53.915888,Dubai-2b78,13,16,Normal
2026-02-16 10:40:54.915888,Dubai-2b78,-3,38,Normal
2026-02-16 10:40:55.915888,Dubai-2b78,26,11,Normal
2026-02-16 10:40:56.915888,Dubai-2b78,41,13,Normal
2026-02-16 10:40:57.915888,Dubai-2b78,11,50,Normal
2026-02-16 10:40:58.915888,Dubai-2b78,-28,68,Normal
2026-02-16 10:40:59.915888,Dubai-2b78,-23,51,Normal
2026-02-16 10:41:00.915888,Dubai-2b78,47,79,Normal
2026-02-16 10:41:01.915888,Dubai-2b78,26,79,Normal
2026-02-16 10:41:02.915888,Dubai-2b78,36,35,Normal
2026-02-16 10:41:03.915888,Dubai-2b78,40,88,Normal
2026-02-16 10:41:04.915888,Dubai-2b78,14,8,Normal
2026-02-16 10:41:05.915888,Dubai-2b78,43,80,Normal
2026-02-16 10:41:06.915888,Dubai-2b78,9,20,Normal
2026-02-16 10:41:07.915888,Dubai-2b78,-29,46,Normal
2026-02-16 10:41:08.915888,Dubai-2b78,-12,92,Normal
2026-02-16 10:41:09.915888,Dubai-2b78,11,48,Normal
2026-02-16 10:41:10.915888,Dubai-2b78,10,77,Normal
2026-02-16 10:41:11.915888,Dubai-2b78,-28,68,Normal
2026-02-16 10:41:12.915888,Dubai-2b78,-30,4,Normal
2026-02-16 10:41:13.915888,Dubai-2b78,24,50,Normal
2026-02-16 10:41:14.915888,Dubai-2b78,19,66,Normal
2026-02-16 10:41:15.915888,Dubai-2b78,31,21,Normal
2026-02-16 10:41:16.915888,Dubai-2b78,22,50,Normal
2026-02-16 10:41:17.915888,Dubai-2b78,-20,84,Normal
2026-02-16 10:41:18.915888,Dubai-2b78,18,63,Normal
2026-02-16 10:41:19.915888,Dubai-2b78,3,57,Normal
2026-02-16 10:41:20.915888,Dubai-2b78,-15,19,Normal
2026-02-16 10:41:21.915888,Dubai-2b78,-23,95,Normal
2026-02-16 10:41:22.915888,Dubai-2b78,-27,58,Normal
2026-02-16 10:41:23.915888,Dubai-2b78,-25,58,Normal
2026-02-16 10:41:24.915888,Dubai-2b78,17,100,Normal
2026-02-16 10:41:25.915888,Dubai-2b78,7,27,Normal
2026-02-16 10:41:26.915888,Dubai-2b78,30,15,Normal
2026-02-16 10:41:27.915888,Dubai-2b78,-28,17,Normal
2026-02-16 10:41:28.915888,Dubai-2b78,-27,65,Normal
2026-02-16 10:41:29.915888,Dubai-2b78,42,5,Normal
2026-02-16 10:41:30.915888,Dubai-2b78,-20,42,Normal
2026-02-16 10:41:31.915888,Dubai-2b78,-28,71,Normal
2026-02-16 10:41:32.915888,Dubai-2b78,-30,19,Normal
2026-02-16 10:41:33.915888,Dubai-2b78,-10,10,Normal
2026-02-16 10:41:34.915888,Dubai-2b78,32,13,Normal
2026-02-16 10:41:35.915888,Dubai-2b78,-30,41,Normal
2026-02-16 10:41:36.915888,Dubai-2b78,49,75,Normal
2026-02-16 10:41:37.915888,Dubai-2b78,8,27,Normal
2026-02-16 10:41:38.915888,Dubai-2b78,-16,98,Normal
2026-02-16 10:41:39.915888,Dubai-2b78,-7,37,Normal
2026-02-16 10:41:40.915888,Dubai-2b78,42,77,Normal
2026-02-16 10:41:41.915888,Dubai-2b78,-27,28,Normal
2026-02-16 10:41:42.915888,Dubai-2b78,-2,46,Normal
2026-02-16 10:41:43.915888,Dubai-2b78,36,65,Normal
2026-02-16 10:41:44.915888,Dubai-2b78,13,26,Normal
2026-02-16 10:41:45.915888,Dubai-2b78,35,92,Normal
2026-02-16 10:41:46.915888,Dubai-2b78,42,9,Normal
2026-02-16 10:41:47.915888,Dubai-2b78,15,57,Normal
2026-02-16 10:41:48.915888,Dubai-2b78,28,1,Normal
2026-02-16 10:41:49.915888,Dubai-2b78,0,89,Normal
2026-02-16 10:41:50.915888,Dubai-2b78,22,96,Normal
2026-02-16 10:41:51.915888,Dubai-2b78,49,30,Normal
2026-02-16 10:41:52.915888,Dubai-2b78,49,43,Normal
2026-02-16 10:41:53.915888,Dubai-2b78,-10,78,Normal
2026-02-16 10:41:54.915888,Dubai-2b78,10,52,Normal
2026-02-16 10:41:55.915888,Dubai-2b78,17,92,Normal
2026-02-16 10:41:56.915888,Dubai-2b78,20,43,Normal
2026-02-16 10:41:57.915888,Dubai-2b78,-21,13,Normal
2026-02-16 10:41:58.915888,Dubai-2b78,-25,37,Normal
2026-02-16 10:41:59.915888,Dubai-2b78,28,54,Normal
2026-02-16 10:42:00.915888,Dubai-2b78,19,0,Normal
2026-02-16 10:42:01.915888,Dubai-2b78,-15,65,Normal
2026-02-16 10:42:02.915888,Dubai-2b78,36,12,Normal
2026-02-16 10:42:03.915888,Dubai-2b78,-9,17,Normal
2026-02-16 10:42:04.915888,Dubai-2b78,-22,22,Normal
2026-02-16 10:42:05.915888,Dubai-2b78,-27,34,Normal
2026-02-16 10:42:06.915888,Dubai-2b78,20,2,Normal
2026-02-16 10:42:07.915888,Dubai-2b78,-28,63,Normal
2026-02-16 10:42:08.915888,Dubai-2b78,-17,69,Normal
2026-02-16 10:42:09.915888,Dubai-2b78,33,71,Normal
2026-02-16 10:42:10.915888,Dubai-2b78,2,41,Normal
2026-02-16 10:42:11.915888,Dubai-2b78,39,29,Normal
2026-02-16 10:42:12.915888,Dubai-2b78,14,43,Normal
2026-02-16 10:42:13.915888,Dubai-2b78,-9,9,Normal
2026-02-16 10:42:14.915888,Dubai-2b78,-6,68,Normal
2026-02-16 10:42:15.915888,Dubai-2b78,-12,74,Normal
2026-02-16 10:42:16.915888,Dubai-2b78,31,9,Normal
2026-02-16 10:42:17.915888,Dubai-2b78,43,82,Normal
2026-02-16 10:42:18.915888,Dubai-2b78,26,16,Normal
2026-02-16 10:42:19.915888,Dubai-2b78,4,18,Normal
2026-02-16 10:42:20.915888,Dubai-2b78,-17,28,Normal
2026-02-16 10:42:21.915888,Dubai-2b78,-28,41,Normal
2026-02-16 10:42:22.915888,Dubai-2b78,-22,30,Normal
2026-02-16 10:42:23.915888,Dubai-2b78,45,40,Normal
2026-02-16 10:42:24.915888,Dubai-2b78,-26,35,Normal
2026-02-16 10:42:25.915888,Dubai-2b78,36,38,Normal
2026-02-16 10:42:26.915888,Dubai-2b78,15,69,Normal
2026-02-16 10:42:27.915888,Dubai-2b78,-2,83,Normal
2026-02-16 10:42:28.915888,Dubai-2b78,45,64,Normal
2026-02-16 10:42:29.915888,Dubai-2b78,26,76,Normal
2026-02-16 10:42:30.915888,Dubai-2b78,-8,73,Normal
2026-02-16 10:42:31.915888,Dubai-2b78,1,63,Normal
2026-02-16 10:42:32.915888,Dubai-2b78,29,0,Normal
2026-02-16 10:42:33.915888,Dubai-2b78,45,63,Normal
2026-02-16 10:42:34.915888,Dubai-2b78,26,13,Normal
2026-02-16 10:42:35.915888,Dubai-2b78,-28,34,Normal
2026-02-16 10:42:36.915888,Dubai-2b78,-29,10,Normal
2026-02-16 10:42:37.915888,Dubai-2b78,30,46,Normal
2026-02-16 10:42:38.915888,Dubai-2b78,-4,39,Normal
2026-02-16 10:42:39.915888,Dubai-2b78,4,34,Normal
2026-02-16 10:42:40.915888,Dubai-2b78,0,100,Normal
2026-02-16 10:42:41.915888,Dubai-2b78,-28,22,Normal
2026-02-16 10:42:42.915888,Dubai-2b78,-1,31,Normal
2026-02-16 10:42:43.915888,Dubai-2b78,25,23,Normal
2026-02-16 10:42:44.915888,Dubai-2b78,32,94,Normal
2026-02-16 10:42:45.915888,Dubai-2b78,41,93,Normal
2026-02-16 10:42:46.915888,Dubai-2b78,29,1,Normal
2026-02-16 10:42:47.915888,Dubai-2b78,47,29,Normal
2026-02-16 10:42:48.915888,Dubai-2b78,-14,40,Normal
2026-02-16 10:42:49.915888,Dubai-2b78,31,10,Normal
2026-02-16 10:42:50.915888,Dubai-2b78,23,9,Normal
2026-02-16 10:42:51.915888,Dubai-2b78,-12,12,Normal
2026-02-16 10:42:52.915888,Dubai-2b78,8,83,Normal
2026-02-16 10:42:53.915888,Dubai-2b78,16,36,Normal
2026-02-16 10:42:54.915888,Dubai-2b78,35,13,Normal
2026-02-16 10:42:55.915888,Dubai-2b78,31,13,Normal
2026-02-16 10:42:56.915888,Dubai-2b78,-14,14,Normal
2026-02-16 10:42:57.915888,Dubai-2b78,-27,20,Normal
2026-02-16 10:42:58.915888,Dubai-2b78,-15,14,Normal
2026-02-16 10:42:59.915888,Dubai-2b78,41,33,Normal
2026-02-16 10:43:00.915888,Dubai-2b78,-24,50,Normal
2026-02-16 10:43:01.915888,Dubai-2b78,42,15,Normal
2026-02-16 10:43:02.915888,Dubai-2b78,-29,74,Normal
2026-02-16 10:43:03.915888,Dubai-2b78,-14,59,Normal
2026-02-16 10:43:04.915888,Dubai-2b78,-3,15,Normal
2026-02-16 10:43:05.915888,Dubai-2b78,28,34,Normal
2026-02-16 10:43:06.915888,Dubai-2b78,27,28,Normal
2026-02-16 10:43:07.915888,Dubai-2b78,12,64,Normal
2026-02-16 10:43:08.915888,Dubai-2b78,46,91,Normal
2026-02-16 10:43:09.915888,Dubai-2b78,-19,59,Normal
2026-02-16 10:43:10.915888,Dubai-2b78,-14,49,Normal
2026-02-16 10:43:11.915888,Dubai-2b78,16,94,Normal
2026-02-16 10:43:12.915888,Dubai-2b78,24,35,Normal
2026-02-16 10:43:13.915888,Dubai-2b78,-12,12,Normal
2026-02-16 10:43:14.915888,Dubai-2b78,-27,24,Normal
2026-02-16 10:43:15.915888,Dubai-2b78,-8,83,Normal
2026-02-16 10:43:16.915888,Dubai-2b78,1,41,Normal
2026-02-16 10:43:17.915888,Dubai-2b78,-6,45,Normal
2026-02-16 10:43:18.915888,Dubai-2b78,33,74,Normal
2026-02-16 10:43:19.915888,Dubai-2b78,18,97,Normal
2026-02-16 10:43:20.915888,Dubai-2b78,-8,8,Normal
2026-02-16 10:43:21.915888,Dubai-2b78,31,19,Normal
2026-02-16 10:43:22.915888,Dubai-2b78,-2,59,Normal
2026-02-16 10:43:23.915888,Dubai-2b78,-6,69,Normal
2026-02-16 10:43:24.915888,Dubai-2b78,9,77,Normal
2026-02-16 10:43:25.915888,Dubai-2b78,-18,29,Normal
2026-02-16 10:43:26.915888,Dubai-2b78,24,81,Normal
2026-02-16 10:43:27.915888,Dubai-2b78,10,1,Normal
2026-02-16 10:43:28.915888,Dubai-2b78,-2,86,Normal
2026-02-16 10:43:29.915888,Dubai-2b78,-24,78,Normal
2026-02-16 10:43:30.915888,Dubai-2b78,-16,0,Normal
2026-02-16 10:43:31.915888,Dubai-2b78,-20,43,Normal
2026-02-16 10:43:32.915888,Dubai-2b78,-12,32,Normal
2026-02-16 10:43:33.915888,Dubai-2b78,13,11,Normal
2026-02-16 10:43:34.915888,Dubai-2b78,5,59,Normal
2026-02-16 10:43:35.915888,Dubai-2b78,-26,86,Normal
2026-02-16 10:43:36.915888,Dubai-2b78,-7,58,Normal
2026-02-16 10:43:37.915888,Dubai-2b78,49,41,Normal
2026-02-16 10:43:38.915888,Dubai-2b78,28,13,Normal
2026-02-16 10:43:39.915888,Dubai-2b78,29,44,Normal
2026-02-16 10:43:40.915888,Dubai-2b78,-16,96,Normal
2026-02-16 10:43:41.915888,Dubai-2b78,-8,89,Normal
2026-02-16 10:43:42.915888,Dubai-2b78,32,0,Normal
2026-02-16 10:43:43.915888,Dubai-2b78,19,12,Normal
2026-02-16 10:43:44.915888,Dubai-2b78,-2,42,Normal
2026-02-16 10:43:45.915888,Dubai-2b78,-23,46,Normal
2026-02-16 10:43:46.915888,Dubai-2b78,-22,21,Normal
2026-02-16 10:43:47.915888,Dubai-2b78,-14,0,Normal
2026-02-16 10:43:48.915888,Dubai-2b78,15,85,Normal
2026-02-16 10:43:49.915888,Dubai-2b78,33,88,Normal
2026-02-16 10:43:50.915888,Dubai-2b78,28,84,Normal
2026-02-16 10:43:51.915888,Dubai-2b78,-18,48,Normal
2026-02-16 10:43:52.915888,Dubai-2b78,28,0,Normal
2026-02-16 10:43:53.915888,Dubai-2b78,34,53,Normal
2026-02-16 10:43:54.915888,Dubai-2b78,50,99,Normal
2026-02-16 10:43:55.915888,Dubai-2b78,-7,51,Normal
2026-02-16 10:43:56.915888,Dubai-2b78,-20,28,Normal
2026-02-16 10:43:57.915888,Dubai-2b78,19,17,Normal
2026-02-16 10:43:58.915888,Dubai-2b78,-28,4,Normal
2026-02-16 10:43:59.915888,Dubai-2b78,49,8,Normal
2026-02-16 10:44:00.915888,Dubai-2b78,14,48,Normal
2026-02-16 10:44:01.915888,Dubai-2b78,44,42,Normal
2026-02-16 10:44:02.915888,Dubai-2b78,-25,74,Normal
2026-02-16 10:44:03.915888,Dubai-2b78,17,89,Normal
2026-02-16 10:44:04.915888,Dubai-2b78,38,31,Normal
2026-02-16 10:44:05.915888,Dubai-2b78,4,75,Normal
2026-02-16 10:44:06.915888,Dubai-2b78,28,92,Normal
2026-02-16 10:44:07.915888,Dubai-2b78,39,97,Normal
2026-02-16 10:44:08.915888,Dubai-2b78,12,65,Normal
2026-02-16 10:44:09.915888,Dubai-2b78,-30,40,Normal
2026-02-16 10:44:10.915888,Dubai-2b78,5,96,Normal
2026-02-16 10:44:11.915888,Dubai-2b78,5,24,Normal
2026-02-16 10:44:12.915888,Dubai-2b78,0,62,Normal
2026-02-16 10:44:13.915888,Dubai-2b78,43,89,Normal
2026-02-16 10:44:14.915888,Dubai-2b78,-4,61,Normal
2026-02-16 10:44:15.915888,Dubai-2b78,-20,71,Normal
2026-02-16 10:44:16.915888,Dubai-2b78,24,46,Normal
2026-02-16 10:44:17.915888,Dubai-2b78,48,66,Normal
2026-02-16 10:44:18.915888,Dubai-2b78,-17,86,Normal
2026-02-16 10:44:19.915888,Dubai-2b78,38,56,Normal
2026-02-16 10:44:20.915888,Dubai-2b78,-20,42,Normal
2026-02-16 10:44:21.915888,Dubai-2b78,19,14,Normal
2026-02-16 10:44:22.915888,Dubai-2b78,11,62,Normal
2026-02-16 10:44:23.915888,Dubai-2b78,-29,72,Normal
2026-02-16 10:44:24.915888,Dubai-2b78,20,36,Normal
2026-02-16 10:44:25.915888,Dubai-2b78,-6,60,Normal
2026-02-16 10:44:26.915888,Dubai-2b78,-2,6,Normal
2026-02-16 10:44:27.915888,Dubai-2b78,-1,49,Normal
2026-02-16 10:44:28.915888,Dubai-2b78,11,0,Normal
2026-02-16 10:44:29.915888,Dubai-2b78,-3,2,Normal
2026-02-16 10:44:30.915888,Dubai-2b78,10,21,Normal
2026-02-16 10:44:31.915888,Dubai-2b78,-7,42,Normal
2026-02-16 10:44:32.915888,Dubai-2b78,14,2,Normal
2026-02-16 10:44:33.915888,Dubai-2b78,17,65,Normal
2026-02-16 10:44:34.915888,Dubai-2b78,-8,94,Normal
2026-02-16 10:44:35.915888,Dubai-2b78,12,86,Normal
2026-02-16 10:44:36.915888,Dubai-2b78,21,71,Normal
2026-02-16 10:44:37.915888,Dubai-2b78,9,50,Normal
2026-02-16 10:44:38.915888,Dubai-2b78,50,66,Normal
2026-02-16 10:44:39.915888,Dubai-2b78,37,9,Normal
2026-02-16 10:44:40.915888,Dubai-2b78,21,79,Normal
2026-02-16 10:44:41.915888,Dubai-2b78,35,14,Normal
2026-02-16 10:44:42.915888,Dubai-2b78,6,57,Normal
2026-02-16 10:44:43.915888,Dubai-2b78,-2,13,Normal
2026-02-16 10:44:44.915888,Dubai-2b78,37,60,Normal
2026-02-16 10:44:45.915888,Dubai-2b78,-24,4,Normal
2026-02-16 10:44:46.915888,Dubai-2b78,45,55,Normal
2026-02-16 10:44:47.915888,Dubai-2b78,21,50,Normal
2026-02-16 10:44:48.915888,Dubai-2b78,38,8,Normal
2026-02-16 10:44:49.915888,Dubai-2b78,33,26,Normal
2026-02-16 10:44:50.915888,Dubai-2b78,48,36,Normal
2026-02-16 10:44:51.915888,Dubai-2b78,41,21,Normal
2026-02-16 10:44:52.915888,Dubai-2b78,40,54,Normal
2026-02-16 10:44:53.915888,Dubai-2b78,32,5,Normal
2026-02-16 10:44:54.915888,Dubai-2b78,17,20,Normal
2026-02-16 10:44:55.915888,Dubai-2b78,16,38,Normal
2026-02-16 10:44:56.915888,Dubai-2b78,19,13,Normal
2026-02-16 10:44:57.915888,Dubai-2b78,15,4,Normal
2026-02-16 10:44:58.915888,Dubai-2b78,1,77,Normal
2026-02-16 10:44:59.915888,Dubai-2b78,-19,37,Normal
2026-02-16 10:45:00.915888,Dubai-2b78,-13,55,Normal
2026-02-16 10:45:01.915888,Dubai-2b78,-25,74,Normal
2026-02-16 10:45:02.915888,Dubai-2b78,30,4,Normal
2026-02-16 10:45:03.915888,Dubai-2b78,13,31,Normal
2026-02-16 10:45:04.915888,Dubai-2b78,-13,60,Normal
2026-02-16 10:45:05.915888,Dubai-2b78,31,91,Normal
2026-02-16 10:45:06.915888,Dubai-2b78,37,25,Normal
2026-02-16 10:45:07.915888,Dubai-2b78,49,81,Normal
2026-02-16 10:45:08.915888,Dubai-2b78,-9,7,Normal
2026-02-16 10:45:09.915888,Dubai-2b78,39,93,Normal
2026-02-16 10:45:10.915888,Dubai-2b78,1,65,Normal
2026-02-16 10:45:11.915888,Dubai-2b78,26,19,Normal
2026-02-16 10:45:12.915888,Dubai-2b78,-21,5,Normal
2026-02-16 10:45:13.915888,Dubai-2b78,30,41,Normal
2026-02-16 10:45:14.915888,Dubai-2b78,45,30,Normal
2026-02-16 10:45:15.915888,Dubai-2b78,-25,70,Normal
2026-02-16 10:45:16.915888,Dubai-2b78,44,27,Normal
2026-02-16 10:45:17.915888,Dubai-2b78,-21,99,Normal
2026-02-16 10:45:18.915888,Dubai-2b78,8,18,Normal
2026-02-16 10:45:19.915888,Dubai-2b78,18,58,Normal
2026-02-16 10:45:20.915888,Dubai-2b78,31,9,Normal
2026-02-16 10:45:21.915888,Dubai-2b78,39,25,Normal
2026-02-16 10:45:22.915888,Dubai-2b78,38,51,Normal
2026-02-16 10:45:23.915888,Dubai-2b78,15,2,Normal
2026-02-16 10:45:24.915888,Dubai-2b78,-9,50,Normal
2026-02-16 10:45:25.915888,Dubai-2b78,4,65,Normal
2026-02-16 10:45:26.915888,Dubai-2b78,8,47,Normal
2026-02-16 10:45:27.915888,Dubai-2b78,-9,42,Normal
2026-02-16 10:45:28.915888,Dubai-2b78,19,20,Normal
2026-02-16 10:45:29.915888,Dubai-2b78,27,80,Normal
2026-02-16 10:45:30.915888,Dubai-2b78,34,4,Normal
2026-02-16 10:45:31.915888,Dubai-2b78,47,26,Normal
2026-02-16 10:45:32.915888,Dubai-2b78,20,100,Normal
2026-02-16 10:45:33.915888,Dubai-2b78,2,89,Normal
2026-02-16 10:45:34.915888,Dubai-2b78,5,30,Normal
2026-02-16 10:45:35.915888,Dubai-2b78,-1,77,Normal
2026-02-16 10:45:36.915888,Dubai-2b78,11,71,Normal
2026-02-16 10:45:37.915888,Dubai-2b78,50,10,Normal
2026-02-16 10:45:38.915888,Dubai-2b78,-26,11,Normal
2026-02-16 10:45:39.915888,Dubai-2b78,37,49,Normal
2026-02-16 10:45:40.915888,Dubai-2b78,2,86,Normal
2026-02-16 10:45:41.915888,Dubai-2b78,19,36,Normal
2026-02-16 10:45:42.915888,Dubai-2b78,29,49,Normal
2026-02-16 10:45:43.915888,Dubai-2b78,-19,34,Normal
2026-02-16 10:45:44.915888,Dubai-2b78,-10,7,Normal
2026-02-16 10:45:45.915888,Dubai-2b78,-28,67,Normal
2026-02-16 10:45:46.915888,Dubai-2b78,11,31,Normal
2026-02-16 10:45:47.915888,Dubai-2b78,27,8,Normal
2026-02-16 10:45:48.915888,Dubai-2b78,-27,33,Normal
2026-02-16 10:45:49.915888,Dubai-2b78,-20,83,Normal
2026-02-16 10:45:50.915888,Dubai-2b78,7,91,Normal
2026-02-16 10:45:51.915888,Dubai-2b78,-21,7,Normal
2026-02-16 10:45:52.915888,Dubai-2b78,3,39,Normal
2026-02-16 10:45:53.915888,Dubai-2b78,33,39,Normal
2026-02-16 10:45:54.915888,Dubai-2b78,18,99,Normal
2026-02-16 10:45:55.915888,Dubai-2b78,32,27,Normal
2026-02-16 10:45:56.915888,Dubai-2b78,17,3,Normal
2026-02-16 10:45:57.915888,Dubai-2b78,30,41,Normal
2026-02-16 10:45:58.915888,Dubai-2b78,-20,72,Normal
2026-02-16 10:45:59.915888,Dubai-2b78,-2,19,Normal
2026-02-16 10:46:00.915888,Dubai-2b78,-21,45,Normal
2026-02-16 10:46:01.915888,Dubai-2b78,-5,56,Normal
2026-02-16 10:46:02.915888,Dubai-2b78,20,10,Normal
2026-02-16 10:46:03.915888,Dubai-2b78,17,75,Normal
2026-02-16 10:46:04.915888,Dubai-2b78,45,69,Normal
2026-02-16 10:46:05.915888,Dubai-2b78,3,82,Normal
2026-02-16 10:46:06.915888,Dubai-2b78,-21,94,Normal
2026-02-16 10:46:07.915888,Dubai-2b78,27,85,Normal
2026-02-16 10:46:08.915888,Dubai-2b78,-18,24,Normal
2026-02-16 10:46:09.915888,Dubai-2b78,-4,86,Normal
2026-02-16 10:46:10.915888,Dubai-2b78,40,0,Normal
2026-02-16 10:46:11.915888,Dubai-2b78,-7,15,Normal
2026-02-16 10:46:12.915888,Dubai-2b78,38,58,Normal
2026-02-16 10:46:13.915888,Dubai-2b78,-4,69,Normal
2026-02-16 10:46:14.915888,Dubai-2b78,28,89,Normal
2026-02-16 10:46:15.915888,Dubai-2b78,4,3,Normal
2026-02-16 10:46:16.915888,Dubai-2b78,46,56,Normal
2026-02-16 10:46:17.915888,Dubai-2b78,8,9,Normal
2026-02-16 10:46:18.915888,Dubai-2b78,-29,11,Normal
2026-02-16 10:46:19.915888,Dubai-2b78,-25,75,Normal
2026-02-16 10:46:20.915888,Dubai-2b78,36,6,Normal
2026-02-16 10:46:21.915888,Dubai-2b78,-23,75,Normal
2026-02-16 10:46:22.915888,Dubai-2b78,-22,91,Normal
2026-02-16 10:46:23.915888,Dubai-2b78,-27,37,Normal
2026-02-16 10:46:24.915888,Dubai-2b78,-29,42,Normal
2026-02-16 10:46:25.915888,Dubai-2b78,17,73,Normal
2026-02-16 10:46:26.915888,Dubai-2b78,-7,63,Normal
2026-02-16 10:46:27.915888,Dubai-2b78,47,90,Normal
2026-02-16 10:46:28.915888,Dubai-2b78,-1,100,Normal
2026-02-16 10:46:29.915888,Dubai-2b78,-30,43,Normal
2026-02-16 10:46:30.915888,Dubai-2b78,43,96,Normal
2026-02-16 10:46:31.915888,Dubai-2b78,46,94,Normal
2026-02-16 10:46:32.915888,Dubai-2b78,21,44,Normal
2026-02-16 10:46:33.915888,Dubai-2b78,-25,29,Normal
2026-02-16 10:46:34.915888,Dubai-2b78,41,26,Normal
2026-02-16 10:46:35.915888,Dubai-2b78,43,5,Normal
2026-02-16 10:46:36.915888,Dubai-2b78,-14,16,Normal
2026-02-16 10:46:37.915888,Dubai-2b78,22,9,Normal
2026-02-16 10:46:38.915888,Dubai-2b78,35,38,Normal
2026-02-16 10:46:39.915888,Dubai-2b78,28,18,Normal
2026-02-16 10:46:40.915888,Dubai-2b78,-10,4,Normal
2026-02-16 10:46:41.915888,Dubai-2b78,32,75,Normal
2026-02-16 10:46:42.915888,Dubai-2b78,-13,39,Normal
2026-02-16 10:46:43.915888,Dubai-2b78,17,42,Normal
2026-02-16 10:46:44.915888,Dubai-2b78,0,58,Normal
2026-02-16 10:46:45.915888,Dubai-2b78,7,15,Normal
2026-02-16 10:46:46.915888,Dubai-2b78,21,35,Normal
2026-02-16 10:46:47.915888,Dubai-2b78,-25,60,Normal
2026-02-16 10:46:48.915888,Dubai-2b78,45,94,Normal
2026-02-16 10:46:49.915888,Dubai-2b78,20,70,Normal
2026-02-16 10:46:50.915888,Dubai-2b78,-3,80,Normal
2026-02-16 10:46:51.915888,Dubai-2b78,21,27,Normal
2026-02-16 10:46:52.915888,Dubai-2b78,4,42,Normal
2026-02-16 10:46:53.915888,Dubai-2b78,35,45,Normal
2026-02-16 10:46:54.915888,Dubai-2b78,46,35,Normal
2026-02-16 10:46:55.915888,Dubai-2b78,2,57,Normal
2026-02-16 10:46:56.915888,Dubai-2b78,35,13,Normal
2026-02-16 10:46:57.915888,Dubai-2b78,5,39,Normal
2026-02-16 10:46:58.915888,Dubai-2b78,10,24,Normal
2026-02-16 10:46:59.915888,Dubai-2b78,28,30,Normal
2026-02-16 10:47:00.915888,Dubai-2b78,49,35,Normal
2026-02-16 10:47:01.915888,Dubai-2b78,-22,61,Normal
2026-02-16 10:47:02.915888,Dubai-2b78,36,58,Normal
2026-02-16 10:47:03.915888,Dubai-2b78,29,97,Normal
2026-02-16 10:47:04.915888,Dubai-2b78,40,12,Normal
2026-02-16 10:47:05.915888,Dubai-2b78,-8,79,Normal
2026-02-16 10:47:06.915888,Dubai-2b78,-21,89,Normal
2026-02-16 10:47:07.915888,Dubai-2b78,-1,55,Normal
2026-02-16 10:47:08.915888,Dubai-2b78,-25,3,Normal
2026-02-16 10:47:09.915888,Dubai-2b78,23,67,Normal
2026-02-16 10:47:10.915888,Dubai-2b78,26,17,Normal
2026-02-16 10:47:11.915888,Dubai-2b78,-28,22,Normal
2026-02-16 10:47:12.915888,Dubai-2b78,32,17,Normal
2026-02-16 10:47:13.915888,Dubai-2b78,-29,10,Normal
2026-02-16 10:47:14.915888,Dubai-2b78,-14,25,Normal
2026-02-16 10:47:15.915888,Dubai-2b78,-6,2,Normal
2026-02-16 10:47:16.915888,Dubai-2b78,-29,26,Normal
2026-02-16 10:47:17.915888,Dubai-2b78,21,85,Normal
2026-02-16 10:47:18.915888,Dubai-2b78,-23,9,Normal
2026-02-16 10:47:19.915888,Dubai-2b78,14,4,Normal
2026-02-16 10:47:20.915888,Dubai-2b78,1,64,Normal
2026-02-16 10:47:21.915888,Dubai-2b78,14,59,Normal
2026-02-16 10:47:22.915888,Dubai-2b78,36,26,Normal
2026-02-16 10:47:23.915888,Dubai-2b78,48,85,Normal
2026-02-16 10:47:24.915888,Dubai-2b78,10,85,Normal
2026-02-16 10:47:25.915888,Dubai-2b78,47,94,Normal
2026-02-16 10:47:26.915888,Dubai-2b78,-13,12,Normal
2026-02-16 10:47:27.915888,Dubai-2b78,1,1,Normal
2026-02-16 10:47:28.915888,Dubai-2b78,7,28,Normal
2026-02-16 10:47:29.915888,Dubai-2b78,-9,43,Normal
2026-02-16 10:47:30.915888,Dubai-2b78,-2,14,Normal
2026-02-16 10:47:31.915888,Dubai-2b78,46,33,Normal
2026-02-16 10:47:32.915888,Dubai-2b78,49,59,Normal
2026-02-16 10:47:33.915888,Dubai-2b78,42,17,Normal
2026-02-16 10:47:34.915888,Dubai-2b78,-17,13,Normal
2026-02-16 10:47:35.915888,Dubai-2b78,26,26,Normal
2026-02-16 10:47:36.915888,Dubai-2b78,29,42,Normal
2026-02-16 10:47:37.915888,Dubai-2b78,49,76,Normal
2026-02-16 10:47:38.915888,Dubai-2b78,10,63,Normal
2026-02-16 10:47:39.915888,Dubai-2b78,27,39,Normal
2026-02-16 10:47:40.915888,Dubai-2b78,20,24,Normal
2026-02-16 10:47:41.915888,Dubai-2b78,8,85,Normal
2026-02-16 10:47:42.915888,Dubai-2b78,-29,98,Normal
2026-02-16 10:47:43.915888,Dubai-2b78,48,54,Normal
2026-02-16 10:47:44.915888,Dubai-2b78,-18,1,Normal
2026-02-16 10:47:45.915888,Dubai-2b78,24,2,Normal
2026-02-16 10:47:46.915888,Dubai-2b78,-4,56,Normal
2026-02-16 10:47:47.915888,Dubai-2b78,1,100,Normal
2026-02-16 10:47:48.915888,Dubai-2b78,-30,40,Normal
2026-02-16 10:47:49.915888,Dubai-2b78,-29,9,Normal
2026-02-16 10:47:50.915888,Dubai-2b78,1,72,Normal
2026-02-16 10:47:51.915888,Dubai-2b78,-8,82,Normal
2026-02-16 10:47:52.915888,Dubai-2b78,-2,15,Normal
2026-02-16 10:47:53.915888,Dubai-2b78,24,71,Normal
2026-02-16 10:47:54.915888,Dubai-2b78,12,49,Normal
2026-02-16 10:47:55.915888,Dubai-2b78,48,90,Normal
2026-02-16 10:47:56.915888,Dubai-2b78,32,3,Normal
2026-02-16 10:47:57.915888,Dubai-2b78,-13,82,Normal
2026-02-16 10:47:58.915888,Dubai-2b78,37,27,Normal
2026-02-16 10:47:59.915888,Dubai-2b78,36,10,Normal
2026-02-16 10:48:00.915888,Dubai-2b78,46,48,Normal
2026-02-16 10:48:01.915888,Dubai-2b78,-26,75,Normal
2026-02-16 10:48:02.915888,Dubai-2b78,19,95,Normal
2026-02-16 10:48:03.915888,Dubai-2b78,26,80,Normal
2026-02-16 10:48:04.915888,Dubai-2b78,13,63,Normal
2026-02-16 10:48:05.915888,Dubai-2b78,19,99,Normal
2026-02-16 10:48:06.915888,Dubai-2b78,24,77,Normal
2026-02-16 10:48:07.915888,Dubai-2b78,19,85,Normal
2026-02-16 10:48:08.915888,Dubai-2b78,14,35,Normal
2026-02-16 10:48:09.915888,Dubai-2b78,15,37,Normal
2026-02-16 10:48:10.915888,Dubai-2b78,12,97,Normal
2026-02-16 10:48:11.915888,Dubai-2b78,-2,15,Normal
2026-02-16 10:48:12.915888,Dubai-2b78,34,42,Normal
2026-02-16 10:48:13.915888,Dubai-2b78,29,32,Normal
2026-02-16 10:48:14.915888,Dubai-2b78,-15,61,Normal
2026-02-16 10:48:15.915888,Dubai-2b78,8,91,Normal
2026-02-16 10:48:16.915888,Dubai-2b78,-4,65,Normal
2026-02-16 10:48:17.915888,Dubai-2b78,-16,52,Normal
2026-02-16 10:48:18.915888,Dubai-2b78,-21,92,Normal
2026-02-16 10:48:19.915888,Dubai-2b78,18,57,Normal
2026-02-16 10:48:20.915888,Dubai-2b78,10,27,Normal
2026-02-16 10:48:21.915888,Dubai-2b78,-28,99,Normal
2026-02-16 10:48:22.915888,Dubai-2b78,44,87,Normal
2026-02-16 10:48:23.915888,Dubai-2b78,5,8,Normal
2026-02-16 10:48:24.915888,Dubai-2b78,12,13,Normal
2026-02-16 10:48:25.915888,Dubai-2b78,15,74,Normal
2026-02-16 10:48:26.915888,Dubai-2b78,-6,62,Normal
2026-02-16 10:48:27.915888,Dubai-2b78,-20,3,Normal
2026-02-16 10:48:28.915888,Dubai-2b78,-28,4,Normal
2026-02-16 10:48:29.915888,Dubai-2b78,44,31,Normal
2026-02-16 10:48:30.915888,Dubai-2b78,-25,11,Normal
2026-02-16 10:48:31.915888,Dubai-2b78,-8,28,Normal
2026-02-16 10:48:32.915888,Dubai-2b78,23,80,Normal
2026-02-16 10:48:33.915888,Dubai-2b78,48,82,Normal
2026-02-16 10:48:34.915888,Dubai-2b78,-13,81,Normal
2026-02-16 10:48:35.915888,Dubai-2b78,-17,37,Normal
2026-02-16 10:48:36.915888,Dubai-2b78,-3,42,Normal
2026-02-16 10:48:37.915888,Dubai-2b78,-2,89,Normal
2026-02-16 10:48:38.915888,Dubai-2b78,29,9,Normal
2026-02-16 10:48:39.915888,Dubai-2b78,-17,48,Normal
2026-02-16 10:48:40.915888,Dubai-2b78,50,46,Normal
2026-02-16 10:48:41.915888,Dubai-2b78,31,96,Normal
2026-02-16 10:48:42.915888,Dubai-2b78,-9,32,Normal
2026-02-16 10:48:43.915888,Dubai-2b78,29,61,Normal
2026-02-16 10:48:44.915888,Dubai-2b78,-30,32,Normal
2026-02-16 10:48:45.915888,Dubai-2b78,20,27,Normal
2026-02-16 10:48:46.915888,Dubai-2b78,17,81,Normal
2026-02-16 10:48:47.915888,Dubai-2b78,31,84,Normal
2026-02-16 10:48:48.915888,Dubai-2b78,34,100,Normal
2026-02-16 10:48:49.915888,Dubai-2b78,27,60,Normal
2026-02-16 10:48:50.915888,Dubai-2b78,12,20,Normal
2026-02-16 10:48:51.915888,Dubai-2b78,3,10,Normal
2026-02-16 10:48:52.915888,Dubai-2b78,24,20,Normal
2026-02-16 10:48:53.915888,Dubai-2b78,30,8,Normal
2026-02-16 10:48:54.915888,Dubai-2b78,-1,19,Normal
2026-02-16 10:48:55.915888,Dubai-2b78,36,51,Normal
2026-02-16 10:48:56.915888,Dubai-2b78,-22,32,Normal
2026-02-16 10:48:57.915888,Dubai-2b78,23,52,Normal
2026-02-16 10:48:58.915888,Dubai-2b78,33,13,Normal
2026-02-16 10:48:59.915888,Dubai-2b78,-23,79,Normal
2026-02-16 10:49:00.915888,Dubai-2b78,41,46,Normal
2026-02-16 10:49:01.915888,Dubai-2b78,-21,44,Normal
2026-02-16 10:49:02.915888,Dubai-2b78,10,13,Normal
2026-02-16 10:49:03.915888,Dubai-2b78,43,27,Normal
2026-02-16 10:49:04.915888,Dubai-2b78,-20,91,Normal
2026-02-16 10:49:05.915888,Dubai-2b78,-4,59,Normal
2026-02-16 10:49:06.915888,Dubai-2b78,23,43,Normal
2026-02-16 10:49:07.915888,Dubai-2b78,0,72,Normal
2026-02-16 10:49:08.915888,Dubai-2b78,37,44,Normal
2026-02-16 10:49:09.915888,Dubai-2b78,-22,44,Normal
2026-02-16 10:49:10.915888,Dubai-2b78,-3,68,Normal
2026-02-16 10:49:11.915888,Dubai-2b78,47,43,Normal
2026-02-16 10:49:12.915888,Dubai-2b78,-22,30,Normal
2026-02-16 10:49:13.915888,Dubai-2b78,16,17,Normal
2026-02-16 10:49:14.915888,Dubai-2b78,0,75,Normal
2026-02-16 10:49:15.915888,Dubai-2b78,-14,22,Normal
2026-02-16 10:49:16.915888,Dubai-2b78,18,26,Normal
2026-02-16 10:49:17.915888,Dubai-2b78,16,18,Normal
2026-02-16 10:49:18.915888,Dubai-2b78,6,97,Normal
2026-02-16 10:49:19.915888,Dubai-2b78,-25,77,Normal
2026-02-16 10:49:20.915888,Dubai-2b78,-18,1,Normal
2026-02-16 10:49:21.915888,Dubai-2b78,5,9,Normal
2026-02-16 10:49:22.915888,Dubai-2b78,-14,87,Normal
2026-02-16 10:49:23.915888,Dubai-2b78,-10,72,Normal
2026-02-16 10:49:24.915888,Dubai-2b78,22,100,Normal
2026-02-16 10:49:25.915888,Dubai-2b78,-23,73,Normal
2026-02-16 10:49:26.915888,Dubai-2b78,34,56,Normal
2026-02-16 10:49:27.915888,Dubai-2b78,-4,50,Normal
2026-02-16 10:49:28.915888,Dubai-2b78,18,65,Normal
2026-02-16 10:49:29.915888,Dubai-2b78,39,46,Normal
2026-02-16 10:49:30.915888,Dubai-2b78,15,77,Normal
2026-02-16 10:49:31.915888,Dubai-2b78,9,47,Normal
2026-02-16 10:49:32.915888,Dubai-2b78,9,98,Normal
2026-02-16 10:49:33.915888,Dubai-2b78,-21,55,Normal
2026-02-16 10:49:34.915888,Dubai-2b78,31,89,Normal
2026-02-16 10:49:35.915888,Dubai-2b78,-17,47,Normal
2026-02-16 10:49:36.915888,Dubai-2b78,39,80,Normal
2026-02-16 10:49:37.915888,Dubai-2b78,41,12,Normal
2026-02-16 10:49:38.915888,Dubai-2b78,-7,71,Normal
2026-02-16 10:49:39.915888,Dubai-2b78,49,38,Normal
2026-02-16 10:49:40.915888,Dubai-2b78,-11,78,Normal
2026-02-16 10:49:41.915888,Dubai-2b78,43,58,Normal
2026-02-16 10:49:42.915888,Dubai-2b78,32,61,Normal
2026-02-16 10:49:43.915888,Dubai-2b78,18,11,Normal
2026-02-16 10:49:44.915888,Dubai-2b78,-25,88,Normal
2026-02-16 10:49:45.915888,Dubai-2b78,-15,15,Normal
2026-02-16 10:49:46.915888,Dubai-2b78,20,57,Normal
2026-02-16 10:49:47.915888,Dubai-2b78,-30,97,Normal
2026-02-16 10:49:48.915888,Dubai-2b78,10,9,Normal
2026-02-16 10:49:49.915888,Dubai-2b78,4,79,Normal
2026-02-16 10:49:50.915888,Dubai-2b78,2,28,Normal
2026-02-16 10:49:51.915888,Dubai-2b78,-15,45,Normal
2026-02-16 10:49:52.915888,Dubai-2b78,-26,36,Normal
2026-02-16 10:49:53.915888,Dubai-2b78,-10,52,Normal
2026-02-16 10:49:54.915888,Dubai-2b78,50,20,Normal
2026-02-16 10:49:55.915888,Dubai-2b78,16,13,Normal
2026-02-16 10:49:56.915888,Dubai-2b78,-29,33,Normal
2026-02-16 10:49:57.915888,Dubai-2b78,-4,59,Normal
2026-02-16 10:49:58.915888,Dubai-2b78,-11,54,Normal
2026-02-16 10:49:59.915888,Dubai-2b78,-26,65,Normal
2026-02-16 10:50:00.915888,Dubai-2b78,-14,68,Normal
2026-02-16 10:50:01.915888,Dubai-2b78,16,23,Normal
2026-02-16 10:50:02.915888,Dubai-2b78,-20,47,Normal
2026-02-16 10:50:03.915888,Dubai-2b78,21,22,Normal
2026-02-16 10:50:04.915888,Dubai-2b78,24,87,Normal
2026-02-16 10:50:05.915888,Dubai-2b78,31,0,Normal
2026-02-16 10:50:06.915888,Dubai-2b78,-3,3,Normal
2026-02-16 10:50:07.915888,Dubai-2b78,18,16,Normal
2026-02-16 10:50:08.915888,Dubai-2b78,29,35,Normal
2026-02-16 10:50:09.915888,Dubai-2b78,36,0,Normal
2026-02-16 10:50:10.915888,Dubai-2b78,34,79,Normal
2026-02-16 10:50:11.915888,Dubai-2b78,37,90,Normal
2026-02-16 10:50:12.915888,Dubai-2b78,-25,1,Normal
2026-02-16 10:50:13.915888,Dubai-2b78,34,67,Normal
2026-02-16 10:50:14.915888,Dubai-2b78,29,16,Normal
2026-02-16 10:50:15.915888,Dubai-2b78,36,60,Normal
2026-02-16 10:50:16.915888,Dubai-2b78,-8,79,Normal
2026-02-16 10:50:17.915888,Dubai-2b78,13,93,Normal
2026-02-16 10:50:18.915888,Dubai-2b78,38,24,Normal
2026-02-16 10:50:19.915888,Dubai-2b78,29,77,Normal
2026-02-16 10:50:20.915888,Dubai-2b78,-3,6,Normal
2026-02-16 10:50:21.915888,Dubai-2b78,-25,49,Normal
2026-02-16 10:50:22.915888,Dubai-2b78,-19,60,Normal
2026-02-16 10:50:23.915888,Dubai-2b78,23,15,Normal
2026-02-16 10:50:24.915888,Dubai-2b78,-13,7,Normal
2026-02-16 10:50:25.915888,Dubai-2b78,14,92,Normal
2026-02-16 10:50:26.915888,Dubai-2b78,5,10,Normal
2026-02-16 10:50:27.915888,Dubai-2b78,3,98,Normal
2026-02-16 10:50:28.915888,Dubai-2b78,46,87,Normal
2026-02-16 10:50:29.915888,Dubai-2b78,47,32,Normal
2026-02-16 10:50:30.915888,Dubai-2b78,26,12,Normal
2026-02-16 10:50:31.915888,Dubai-2b78,4,88,Normal
2026-02-16 10:50:32.915888,Dubai-2b78,18,40,Normal
2026-02-16 10:50:33.915888,Dubai-2b78,9,88,Normal
2026-02-16 10:50:34.915888,Dubai-2b78,-30,68,Normal
2026-02-16 10:50:35.915888,Dubai-2b78,31,0,Normal
2026-02-16 10:50:36.915888,Dubai-2b78,26,81,Normal
2026-02-16 10:50:37.915888,Dubai-2b78,-28,85,Normal
2026-02-16 10:50:38.915888,Dubai-2b78,31,77,Normal
2026-02-16 10:50:39.915888,Dubai-2b78,-20,87,Normal
2026-02-16 10:50:40.915888,Dubai-2b78,17,15,Normal
2026-02-16 10:50:41.915888,Dubai-2b78,6,70,Normal
2026-02-16 10:50:42.915888,Dubai-2b78,-10,68,Normal
2026-02-16 10:50:43.915888,Dubai-2b78,31,43,Normal
2026-02-16 10:50:44.915888,Dubai-2b78,-3,11,Normal
2026-02-16 10:50:45.915888,Dubai-2b78,19,87,Normal
2026-02-16 10:50:46.915888,Dubai-2b78,5,50,Normal
2026-02-16 10:50:47.915888,Dubai-2b78,-18,19,Normal
2026-02-16 10:50:48.915888,Dubai-2b78,49,93,Normal
2026-02-16 10:50:49.915888,Dubai-2b78,45,78,Normal
2026-02-16 10:50:50.915888,Dubai-2b78,27,40,Normal
2026-02-16 10:50:51.915888,Dubai-2b78,-19,36,Normal
2026-02-16 10:50:52.915888,Dubai-2b78,14,19,Normal
2026-02-16 10:50:53.915888,Dubai-2b78,48,79,Normal
2026-02-16 10:50:54.915888,Dubai-2b78,4,62,Normal
2026-02-16 10:50:55.915888,Dubai-2b78,34,55,Normal
2026-02-16 10:50:56.915888,Dubai-2b78,12,0,Normal
2026-02-16 10:50:57.915888,Dubai-2b78,-12,8,Normal
2026-02-16 10:50:58.915888,Dubai-2b78,22,36,Normal
2026-02-16 10:50:59.915888,Dubai-2b78,48,58,Normal
2026-02-16 10:51:00.915888,Dubai-2b78,-8,51,Normal
2026-02-16 10:51:01.915888,Dubai-2b78,-18,47,Normal
2026-02-16 10:51:02.915888,Dubai-2b78,22,9,Normal
2026-02-16 10:51:03.915888,Dubai-2b78,-17,68,Normal
2026-02-16 10:51:04.915888,Dubai-2b78,17,59,Normal
2026-02-16 10:51:05.915888,Dubai-2b78,14,74,Normal
2026-02-16 10:51:06.915888,Dubai-2b78,-4,75,Normal
2026-02-16 10:51:07.915888,Dubai-2b78,-20,14,Normal
2026-02-16 10:51:08.915888,Dubai-2b78,15,78,Normal
2026-02-16 10:51:09.915888,Dubai-2b78,-1,65,Normal
2026-02-16 10:51:10.915888,Dubai-2b78,-24,24,Normal
2026-02-16 10:51:11.915888,Dubai-2b78,0,93,Normal
2026-02-16 10:51:12.915888,Dubai-2b78,50,43,Normal
2026-02-16 10:51:13.915888,Dubai-2b78,46,2,Normal
2026-02-16 10:51:14.915888,Dubai-2b78,4,30,Normal
2026-02-16 10:51:15.915888,Dubai-2b78,15,56,Normal
2026-02-16 10:51:16.915888,Dubai-2b78,40,70,Normal
2026-02-16 10:51:17.915888,Dubai-2b78,6,39,Normal
2026-02-16 10:51:18.915888,Dubai-2b78,-22,0,Normal
2026-02-16 10:51:19.915888,Dubai-2b78,-15,47,Normal
2026-02-16 10:51:20.915888,Dubai-2b78,-22,23,Normal
2026-02-16 10:51:21.915888,Dubai-2b78,47,24,Normal
2026-02-16 10:51:22.915888,Dubai-2b78,44,56,Normal
2026-02-16 10:51:23.915888,Dubai-2b78,-6,50,Normal
2026-02-16 10:51:24.915888,Dubai-2b78,32,78,Normal
2026-02-16 10:51:25.915888,Dubai-2b78,30,53,Normal
2026-02-16 10:51:26.915888,Dubai-2b78,11,93,Normal
2026-02-16 10:51:27.915888,Dubai-2b78,-27,91,Normal
2026-02-16 10:51:28.915888,Dubai-2b78,-23,49,Normal
2026-02-16 10:51:29.915888,Dubai-2b78,-9,55,Normal
2026-02-16 10:51:30.915888,Dubai-2b78,22,24,Normal
2026-02-16 10:51:31.915888,Dubai-2b78,41,60,Normal
2026-02-16 10:51:32.915888,Dubai-2b78,-2,15,Normal
2026-02-16 10:51:33.915888,Dubai-2b78,19,57,Normal
2026-02-16 10:51:34.915888,Dubai-2b78,11,89,Normal
2026-02-16 10:51:35.915888,Dubai-2b78,-24,94,Normal
2026-02-16 10:51:36.915888,Dubai-2b78,14,14,Normal
2026-02-16 10:51:37.915888,Dubai-2b78,-7,16,Normal
2026-02-16 10:51:38.915888,Dubai-2b78,-4,88,Normal
2026-02-16 10:51:39.915888,Dubai-2b78,27,18,Normal
2026-02-16 10:51:40.915888,Dubai-2b78,17,28,Normal
2026-02-16 10:51:41.915888,Dubai-2b78,24,78,Normal
2026-02-16 10:51:42.915888,Dubai-2b78,-14,50,Normal
2026-02-16 10:51:43.915888,Dubai-2b78,1,24,Normal
2026-02-16 10:51:44.915888,Dubai-2b78,31,18,Normal
2026-02-16 10:51:45.915888,Dubai-2b78,-24,75,Normal
2026-02-16 10:51:46.915888,Dubai-2b78,43,37,Normal
2026-02-16 10:51:47.915888,Dubai-2b78,8,41,Normal
2026-02-16 10:51:48.915888,Dubai-2b78,0,41,Normal
2026-02-16 10:51:49.915888,Dubai-2b78,19,19,Normal
2026-02-16 10:51:50.915888,Dubai-2b78,43,100,Normal
2026-02-16 10:51:51.915888,Dubai-2b78,9,56,Normal
2026-02-16 10:51:52.915888,Dubai-2b78,37,9,Normal
2026-02-16 10:51:53.915888,Dubai-2b78,35,6,Normal
2026-02-16 10:51:54.915888,Dubai-2b78,17,27,Normal
2026-02-16 10:51:55.915888,Dubai-2b78,-17,77,Normal
2026-02-16 10:51:56.915888,Dubai-2b78,-2,94,Normal
2026-02-16 10:51:57.915888,Dubai-2b78,-26,19,Normal
2026-02-16 10:51:58.915888,Dubai-2b78,12,95,Normal
2026-02-16 10:51:59.915888,Dubai-2b78,33,15,Normal
2026-02-16 10:52:00.915888,Dubai-2b78,-11,24,Normal
2026-02-16 10:52:01.915888,Dubai-2b78,50,79,Normal
2026-02-16 10:52:02.915888,Dubai-2b78,35,7,Normal
2026-02-16 10:52:03.915888,Dubai-2b78,-27,70,Normal
2026-02-16 10:52:04.915888,Dubai-2b78,4,83,Normal
2026-02-16 10:52:05.915888,Dubai-2b78,7,91,Normal
2026-02-16 10:52:06.915888,Dubai-2b78,13,78,Normal
2026-02-16 10:52:07.915888,Dubai-2b78,1,46,Normal
2026-02-16 10:52:08.915888,Dubai-2b78,-29,71,Normal
2026-02-16 10:52:09.915888,Dubai-2b78,-15,28,Normal
2026-02-16 10:52:10.915888,Dubai-2b78,-26,30,Normal
2026-02-16 10:52:11.915888,Dubai-2b78,33,33,Normal
2026-02-16 10:52:12.915888,Dubai-2b78,37,48,Normal
2026-02-16 10:52:13.915888,Dubai-2b78,-22,95,Normal
2026-02-16 10:52:14.915888,Dubai-2b78,42,71,Normal
2026-02-16 10:52:15.915888,Dubai-2b78,-22,41,Normal
2026-02-16 10:52:16.915888,Dubai-2b78,-7,81,Normal
2026-02-16 10:52:17.915888,Dubai-2b78,48,100,Normal
2026-02-16 10:52:18.915888,Dubai-2b78,44,21,Normal
2026-02-16 10:52:19.915888,Dubai-2b78,-21,3,Normal
2026-02-16 10:52:20.915888,Dubai-2b78,20,54,Normal
2026-02-16 10:52:21.915888,Dubai-2b78,-21,6,Normal
2026-02-16 10:52:22.915888,Dubai-2b78,-27,27,Normal
2026-02-16 10:52:23.915888,Dubai-2b78,-6,32,Normal
2026-02-16 10:52:24.915888,Dubai-2b78,11,45,Normal
2026-02-16 10:52:25.915888,Dubai-2b78,21,76,Normal
2026-02-16 10:52:26.915888,Dubai-2b78,-19,73,Normal
2026-02-16 10:52:27.915888,Dubai-2b78,45,62,Normal
2026-02-16 10:52:28.915888,Dubai-2b78,24,81,Normal
2026-02-16 10:52:29.915888,Dubai-2b78,3,25,Normal
2026-02-16 10:52:30.915888,Dubai-2b78,30,79,Normal
2026-02-16 10:52:31.915888,Dubai-2b78,0,27,Normal
2026-02-16 10:52:32.915888,Dubai-2b78,41,23,Normal
2026-02-16 10:52:33.915888,Dubai-2b78,4,76,Normal
2026-02-16 10:52:34.915888,Dubai-2b78,-20,46,Normal
2026-02-16 10:52:35.915888,Dubai-2b78,28,21,Normal
2026-02-16 10:52:36.915888,Dubai-2b78,-3,31,Normal
2026-02-16 10:52:37.915888,Dubai-2b78,-18,76,Normal
2026-02-16 10:52:38.915888,Dubai-2b78,24,73,Normal
2026-02-16 10:52:39.915888,Dubai-2b78,15,65,Normal
2026-02-16 10:52:40.915888,Dubai-2b78,6,10,Normal
2026-02-16 10:52:41.915888,Dubai-2b78,24,32,Normal
2026-02-16 10:52:42.915888,Dubai-2b78,-27,71,Normal
2026-02-16 10:52:43.915888,Dubai-2b78,34,47,Normal
2026-02-16 10:52:44.915888,Dubai-2b78,6,83,Normal
2026-02-16 10:52:45.915888,Dubai-2b78,50,74,Normal
2026-02-16 10:52:46.915888,Dubai-2b78,-11,30,Normal
2026-02-16 10:52:47.915888,Dubai-2b78,29,78,Normal
2026-02-16 10:52:48.915888,Dubai-2b78,42,84,Normal
2026-02-16 10:52:49.915888,Dubai-2b78,2,81,Normal
2026-02-16 10:52:50.915888,Dubai-2b78,32,90,Normal
2026-02-16 10:52:51.915888,Dubai-2b78,21,96,Normal
2026-02-16 10:52:52.915888,Dubai-2b78,39,56,Normal
2026-02-16 10:52:53.915888,Dubai-2b78,26,9,Normal
2026-02-16 10:52:54.915888,Dubai-2b78,19,86,Normal
2026-02-16 10:52:55.915888,Dubai-2b78,-20,77,Normal
2026-02-16 10:52:56.915888,Dubai-2b78,-21,46,Normal
2026-02-16 10:52:57.915888,Dubai-2b78,44,84,Normal
2026-02-16 10:52:58.915888,Dubai-2b78,8,46,Normal
2026-02-16 10:52:59.915888,Dubai-2b78,-4,2,Normal
2026-02-16 10:53:00.915888,Dubai-2b78,-21,80,Normal
2026-02-16 10:53:01.915888,Dubai-2b78,-28,88,Normal
2026-02-16 10:53:02.915888,Dubai-2b78,30,6,Normal
2026-02-16 10:53:03.915888,Dubai-2b78,-3,16,Normal
2026-02-16 10:53:04.915888,Dubai-2b78,7,75,Normal
2026-02-16 10:53:05.915888,Dubai-2b78,-22,60,Normal
2026-02-16 10:53:06.915888,Dubai-2b78,-5,3,Normal
2026-02-16 10:53:07.915888,Dubai-2b78,-12,65,Normal
2026-02-16 10:53:08.915888,Dubai-2b78,38,35,Normal
2026-02-16 10:53:09.915888,Dubai-2b78,-1,55,Normal
2026-02-16 10:53:10.915888,Dubai-2b78,11,64,Normal
2026-02-16 10:53:11.915888,Dubai-2b78,42,0,Normal
2026-02-16 10:53:12.915888,Dubai-2b78,5,32,Normal
2026-02-16 10:53:13.915888,Dubai-2b78,10,99,Normal
2026-02-16 10:53:14.915888,Dubai-2b78,-19,54,Normal
2026-02-16 10:53:15.915888,Dubai-2b78,22,50,Normal
2026-02-16 10:53:16.915888,Dubai-2b78,-19,57,Normal
2026-02-16 10:53:17.915888,Dubai-2b78,5,94,Normal
2026-02-16 10:53:18.915888,Dubai-2b78,-7,49,Normal
2026-02-16 10:53:19.915888,Dubai-2b78,32,58,Normal
2026-02-16 10:53:20.915888,Dubai-2b78,32,85,Normal
2026-02-16 10:53:21.915888,Dubai-2b78,11,8,Normal
2026-02-16 10:53:22.915888,Dubai-2b78,43,17,Normal
2026-02-16 10:53:23.915888,Dubai-2b78,-25,65,Normal
2026-02-16 10:53:24.915888,Dubai-2b78,-17,60,Normal
2026-02-16 10:53:25.915888,Dubai-2b78,43,25,Normal
2026-02-16 10:53:26.915888,Dubai-2b78,38,8,Normal
2026-02-16 10:53:27.915888,Dubai-2b78,41,55,Normal
2026-02-16 10:53:28.915888,Dubai-2b78,14,84,Normal
2026-02-16 10:53:29.915888,Dubai-2b78,1,62,Normal
2026-02-16 10:53:30.915888,Dubai-2b78,-22,33,Normal
2026-02-16 10:53:31.915888,Dubai-2b78,10,9,Normal
2026-02-16 10:53:32.915888,Dubai-2b78,44,90,Normal
2026-02-16 10:53:33.915888,Dubai-2b78,35,44,Normal
2026-02-16 10:53:34.915888,Dubai-2b78,17,20,Normal
2026-02-16 10:53:35.915888,Dubai-2b78,16,48,Normal
2026-02-16 10:53:36.915888,Dubai-2b78,16,49,Normal
2026-02-16 10:53:37.915888,Dubai-2b78,49,35,Normal
2026-02-16 10:53:38.915888,Dubai-2b78,21,81,Normal
2026-02-16 10:53:39.915888,Dubai-2b78,18,20,Normal
2026-02-16 10:53:40.915888,Dubai-2b78,-21,39,Normal
2026-02-16 10:53:41.915888,Dubai-2b78,5,56,Normal
2026-02-16 10:53:42.915888,Dubai-2b78,-10,96,Normal
2026-02-16 10:53:43.915888,Dubai-2b78,12,31,Normal
2026-02-16 10:53:44.915888,Dubai-2b78,28,83,Normal
2026-02-16 10:53:45.915888,Dubai-2b78,-29,73,Normal
2026-02-16 10:53:46.915888,Dubai-2b78,-8,24,Normal
2026-02-16 10:53:47.915888,Dubai-2b78,44,43,Normal
2026-02-16 10:53:48.915888,Dubai-2b78,47,78,Normal
2026-02-16 10:53:49.915888,Dubai-2b78,-22,59,Normal
2026-02-16 10:53:50.915888,Dubai-2b78,49,86,Normal
2026-02-16 10:53:51.915888,Dubai-2b78,4,13,Normal
2026-02-16 10:53:52.915888,Dubai-2b78,5,53,Normal
2026-02-16 10:53:53.915888,Dubai-2b78,0,28,Normal
2026-02-16 10:53:54.915888,Dubai-2b78,-16,80,Normal
2026-02-16 10:53:55.915888,Dubai-2b78,36,93,Normal
2026-02-16 10:53:56.915888,Dubai-2b78,7,74,Normal
2026-02-16 10:53:57.915888,Dubai-2b78,-13,82,Normal
2026-02-16 10:53:58.915888,Dubai-2b78,-21,58,Normal
2026-02-16 10:53:59.915888,Dubai-2b78,35,35,Normal
2026-02-16 10:54:00.915888,Dubai-2b78,29,6,Normal
2026-02-16 10:54:01.915888,Dubai-2b78,2,52,Normal
2026-02-16 10:54:02.915888,Dubai-2b78,35,56,Normal
2026-02-16 10:54:03.915888,Dubai-2b78,-7,0,Normal
2026-02-16 10:54:04.915888,Dubai-2b78,50,48,Normal
2026-02-16 10:54:05.915888,Dubai-2b78,30,67,Normal
2026-02-16 10:54:06.915888,Dubai-2b78,11,63,Normal
2026-02-16 10:54:07.915888,Dubai-2b78,-4,62,Normal
2026-02-16 10:54:08.915888,Dubai-2b78,-30,91,Normal
2026-02-16 10:54:09.915888,Dubai-2b78,2,73,Normal
2026-02-16 10:54:10.915888,Dubai-2b78,49,78,Normal
2026-02-16 10:54:11.915888,Dubai-2b78,-2,80,Normal
2026-02-16 10:54:12.915888,Dubai-2b78,15,92,Normal
2026-02-16 10:54:13.915888,Dubai-2b78,15,75,Normal
2026-02-16 10:54:14.915888,Dubai-2b78,20,37,Normal
2026-02-16 10:54:15.915888,Dubai-2b78,-26,64,Normal
2026-02-16 10:54:16.915888,Dubai-2b78,9,91,Normal
2026-02-16 10:54:17.915888,Dubai-2b78,-22,4,Normal
2026-02-16 10:54:18.915888,Dubai-2b78,26,66,Normal
2026-02-16 10:54:19.915888,Dubai-2b78,-16,99,Normal
2026-02-16 10:54:20.915888,Dubai-2b78,6,97,Normal
2026-02-16 10:54:21.915888,Dubai-2b78,46,12,Normal
2026-02-16 10:54:22.915888,Dubai-2b78,-17,87,Normal
2026-02-16 10:54:23.915888,Dubai-2b78,7,99,Normal
2026-02-16 10:54:24.915888,Dubai-2b78,0,5,Normal
2026-02-16 10:54:25.915888,Dubai-2b78,5,57,Normal
2026-02-16 10:54:26.915888,Dubai-2b78,20,60,Normal
2026-02-16 10:54:27.915888,Dubai-2b78,2,79,Normal
2026-02-16 10:54:28.915888,Dubai-2b78,12,38,Normal
2026-02-16 10:54:29.915888,Dubai-2b78,50,55,Normal
2026-02-16 10:54:30.915888,Dubai-2b78,30,33,Normal
2026-02-16 10:54:31.915888,Dubai-2b78,-11,42,Normal
2026-02-16 10:54:32.915888,Dubai-2b78,-16,25,Normal
2026-02-16 10:54:33.915888,Dubai-2b78,20,56,Normal
2026-02-16 10:54:34.915888,Dubai-2b78,7,55,Normal
2026-02-16 10:54:35.915888,Dubai-2b78,23,60,Normal
2026-02-16 10:54:36.915888,Dubai-2b78,27,32,Normal
2026-02-16 10:54:37.915888,Dubai-2b78,27,76,Normal
2026-02-16 10:54:38.915888,Dubai-2b78,-29,34,Normal
2026-02-16 10:54:39.915888,Dubai-2b78,40,50,Normal
2026-02-16 10:54:40.915888,Dubai-2b78,21,50,Normal
2026-02-16 10:54:41.915888,Dubai-2b78,5,50,Normal
2026-02-16 10:54:42.915888,Dubai-2b78,48,8,Normal
2026-02-16 10:54:43.915888,Dubai-2b78,45,89,Normal
2026-02-16 10:54:44.915888,Dubai-2b78,40,49,Normal
2026-02-16 10:54:45.915888,Dubai-2b78,13,52,Normal
2026-02-16 10:54:46.915888,Dubai-2b78,-18,94,Normal
2026-02-16 10:54:47.915888,Dubai-2b78,14,45,Normal
2026-02-16 10:54:48.915888,Dubai-2b78,11,95,Normal
2026-02-16 10:54:49.915888,Dubai-2b78,40,6,Normal
2026-02-16 10:54:50.915888,Dubai-2b78,-9,48,Normal
2026-02-16 10:54:51.915888,Dubai-2b78,15,50,Normal
2026-02-16 10:54:52.915888,Dubai-2b78,43,7,Normal
2026-02-16 10:54:53.915888,Dubai-2b78,39,73,Normal
2026-02-16 10:54:54.915888,Dubai-2b78,-25,48,Normal
2026-02-16 10:54:55.915888,Dubai-2b78,15,67,Normal
2026-02-16 10:54:56.915888,Dubai-2b78,-2,19,Normal
2026-02-16 10:54:57.915888,Dubai-2b78,33,93,Normal
2026-02-16 10:54:58.915888,Dubai-2b78,32,46,Normal
2026-02-16 10:54:59.915888,Dubai-2b78,48,6,Normal
2026-02-16 10:55:00.915888,Dubai-2b78,47,34,Normal
2026-02-16 10:55:01.915888,Dubai-2b78,37,14,Normal
2026-02-16 10:55:02.915888,Dubai-2b78,13,65,Normal
2026-02-16 10:55:03.915888,Dubai-2b78,0,71,Normal
2026-02-16 10:55:04.915888,Dubai-2b78,36,84,Normal
2026-02-16 10:55:05.915888,Dubai-2b78,-17,53,Normal
2026-02-16 10:55:06.915888,Dubai-2b78,35,60,Normal
2026-02-16 10:55:07.915888,Dubai-2b78,-13,59,Normal
2026-02-16 10:55:08.915888,Dubai-2b78,13,43,Normal
2026-02-16 10:55:09.915888,Dubai-2b78,10,67,Normal
2026-02-16 10:55:10.915888,Dubai-2b78,-15,48,Normal
2026-02-16 10:55:11.915888,Dubai-2b78,38,50,Normal
2026-02-16 10:55:12.915888,Dubai-2b78,0,50,Normal
2026-02-16 10:55:13.915888,Dubai-2b78,33,54,Normal
2026-02-16 10:55:14.915888,Dubai-2b78,-26,80,Normal
2026-02-16 10:55:15.915888,Dubai-2b78,-25,84,Normal
2026-02-16 10:55:16.915888,Dubai-2b78,41,6,Normal
2026-02-16 10:55:17.915888,Dubai-2b78,-7,59,Normal
2026-02-16 10:55:18.915888,Dubai-2b78,-2,62,Normal
2026-02-16 10:55:19.915888,Dubai-2b78,-15,94,Normal
2026-02-16 10:55:20.915888,Dubai-2b78,-5,44,Normal
2026-02-16 10:55:21.915888,Dubai-2b78,-4,44,Normal
2026-02-16 10:55:22.915888,Dubai-2b78,-4,53,Normal
2026-02-16 10:55:23.915888,Dubai-2b78,-17,73,Normal
2026-02-16 10:55:24.915888,Dubai-2b78,34,40,Normal
2026-02-16 10:55:25.915888,Dubai-2b78,1,87,Normal
2026-02-16 10:55:26.915888,Dubai-2b78,-28,15,Normal
2026-02-16 10:55:27.915888,Dubai-2b78,-21,94,Normal
2026-02-16 10:55:28.915888,Dubai-2b78,15,82,Normal
2026-02-16 10:55:29.915888,Dubai-2b78,23,41,Normal
2026-02-16 10:55:30.915888,Dubai-2b78,-16,93,Normal
2026-02-16 10:55:31.915888,Dubai-2b78,33,7,Normal
2026-02-16 10:55:32.915888,Dubai-2b78,18,88,Normal
2026-02-16 10:55:33.915888,Dubai-2b78,34,52,Normal
2026-02-16 10:55:34.915888,Dubai-2b78,22,99,Normal
2026-02-16 10:55:35.915888,Dubai-2b78,-30,8,Normal
2026-02-16 10:55:36.915888,Dubai-2b78,-7,49,Normal
2026-02-16 10:55:37.915888,Dubai-2b78,39,19,Normal
2026-02-16 10:55:38.915888,Dubai-2b78,13,65,Normal
2026-02-16 10:55:39.915888,Dubai-2b78,0,67,Normal
2026-02-16 10:55:40.915888,Dubai-2b78,41,51,Normal
2026-02-16 10:55:41.915888,Dubai-2b78,43,58,Normal
2026-02-16 10:55:42.915888,Dubai-2b78,43,71,Normal
2026-02-16 10:55:43.915888,Dubai-2b78,23,94,Normal
2026-02-16 10:55:44.915888,Dubai-2b78,31,71,Normal
2026-02-16 10:55:45.915888,Dubai-2b78,2,45,Normal
2026-02-16 10:55:46.915888,Dubai-2b78,22,10,Normal
2026-02-16 10:55:47.915888,Dubai-2b78,17,33,Normal
2026-02-16 10:55:48.915888,Dubai-2b78,-18,74,Normal
2026-02-16 10:55:49.915888,Dubai-2b78,41,57,Normal
2026-02-16 10:55:50.915888,Dubai-2b78,22,66,Normal
2026-02-16 10:55:51.915888,Dubai-2b78,18,99,Normal
2026-02-16 10:55:52.915888,Dubai-2b78,-22,89,Normal
2026-02-16 10:55:53.915888,Dubai-2b78,-23,80,Normal
2026-02-16 10:55:54.915888,Dubai-2b78,50,84,Normal
2026-02-16 10:55:55.915888,Dubai-2b78,33,15,Normal
2026-02-16 10:55:56.915888,Dubai-2b78,-27,59,Normal
2026-02-16 10:55:57.915888,Dubai-2b78,49,19,Normal
2026-02-16 10:55:58.915888,Dubai-2b78,-30,18,Normal
2026-02-16 10:55:59.915888,Dubai-2b78,-5,7,Normal
2026-02-16 10:56:00.915888,Dubai-2b78,24,75,Normal
2026-02-16 10:56:01.915888,Dubai-2b78,0,47,Normal
2026-02-16 10:56:02.915888,Dubai-2b78,9,87,Normal
2026-02-16 10:56:03.915888,Dubai-2b78,47,29,Normal
2026-02-16 10:56:04.915888,Dubai-2b78,3,7,Normal
2026-02-16 10:56:05.915888,Dubai-2b78,-8,83,Normal
2026-02-16 10:56:06.915888,Dubai-2b78,-10,27,Normal
2026-02-16 10:56:07.915888,Dubai-2b78,7,60,Normal
2026-02-16 10:56:08.915888,Dubai-2b78,1,33,Normal
2026-02-16 10:56:09.915888,Dubai-2b78,-29,21,Normal
2026-02-16 10:56:10.915888,Dubai-2b78,43,70,Normal
2026-02-16 10:56:11.915888,Dubai-2b78,-15,62,Normal
2026-02-16 10:56:12.915888,Dubai-2b78,35,8,Normal
2026-02-16 10:56:13.915888,Dubai-2b78,23,70,Normal
2026-02-16 10:56:14.915888,Dubai-2b78,10,30,Normal
2026-02-16 10:56:15.915888,Dubai-2b78,13,45,Normal
2026-02-16 10:56:16.915888,Dubai-2b78,-20,95,Normal
2026-02-16 10:56:17.915888,Dubai-2b78,-19,3,Normal
2026-02-16 10:56:18.915888,Dubai-2b78,21,28,Normal
2026-02-16 10:56:19.915888,Dubai-2b78,7,91,Normal
2026-02-16 10:56:20.915888,Dubai-2b78,25,93,Normal
2026-02-16 10:56:21.915888,Dubai-2b78,26,73,Normal
2026-02-16 10:56:22.915888,Dubai-2b78,9,97,Normal
2026-02-16 10:56:23.915888,Dubai-2b78,11,49,Normal
2026-02-16 10:56:24.915888,Dubai-2b78,33,35,Normal
2026-02-16 10:56:25.915888,Dubai-2b78,-25,69,Normal
2026-02-16 10:56:26.915888,Dubai-2b78,2,68,Normal
2026-02-16 10:56:27.915888,Dubai-2b78,36,47,Normal
2026-02-16 10:56:28.915888,Dubai-2b78,35,97,Normal
2026-02-16 10:56:29.915888,Dubai-2b78,38,65,Normal
2026-02-16 10:56:30.915888,Dubai-2b78,22,86,Normal
2026-02-16 10:56:31.915888,Dubai-2b78,40,16,Normal
2026-02-16 10:56:32.915888,Dubai-2b78,45,52,Normal
2026-02-16 10:56:33.915888,Dubai-2b78,-30,38,Normal
2026-02-16 10:56:34.915888,Dubai-2b78,-22,53,Normal
2026-02-16 10:56:35.915888,Dubai-2b78,31,38,Normal
2026-02-16 10:56:36.915888,Dubai-2b78,-25,57,Normal
2026-02-16 10:56:37.915888,Dubai-2b78,-8,85,Normal
2026-02-16 10:56:38.915888,Dubai-2b78,-21,63,Normal
2026-02-16 10:56:39.915888,Dubai-2b78,38,39,Normal
2026-02-16 10:56:40.915888,Dubai-2b78,23,55,Normal
2026-02-16 10:56:41.915888,Dubai-2b78,6,74,Normal
2026-02-16 10:56:42.915888,Dubai-2b78,42,53,Normal
2026-02-16 10:56:43.915888,Dubai-2b78,24,73,Normal
2026-02-16 10:56:44.915888,Dubai-2b78,45,46,Normal
2026-02-16 10:56:45.915888,Dubai-2b78,31,75,Normal
2026-02-16 10:56:46.915888,Dubai-2b78,-22,87,Normal
2026-02-16 10:56:47.915888,Dubai-2b78,24,99,Normal
2026-02-16 10:56:48.915888,Dubai-2b78,-24,96,Normal
2026-02-16 10:56:49.915888,Dubai-2b78,39,27,Normal
2026-02-16 10:56:50.915888,Dubai-2b78,46,53,Normal
2026-02-16 10:56:51.915888,Dubai-2b78,-9,61,Normal
2026-02-16 10:56:52.915888,Dubai-2b78,12,88,Normal
2026-02-16 10:56:53.915888,Dubai-2b78,43,86,Normal
2026-02-16 10:56:54.915888,Dubai-2b78,-20,6,Normal
2026-02-16 10:56:55.915888,Dubai-2b78,16,21,Normal
2026-02-16 10:56:56.915888,Dubai-2b78,-2,93,Normal
2026-02-16 10:56:57.915888,Dubai-2b78,21,86,Normal
2026-02-16 10:56:58.915888,Dubai-2b78,37,64,Normal
2026-02-16 10:56:59.915888,Dubai-2b78,11,45,Normal
2026-02-16 10:57:00.915888,Dubai-2b78,-15,89,Normal
