timestamp,station_id,temp,humid,condition
2026-02-17 04:34:25.428756,Dubai-5665,13,34,Normal
2026-02-17 04:34:26.428756,Dubai-5665,10,12,Normal
2026-02-17 04:34:27.428756,Dubai-5665,-6,2,Normal
2026-02-17 04:34:28.428756,Dubai-5665,-4,49,Normal
2026-02-17 04:34:29.428756,Dubai-5665,35,39,Normal
2026-02-17 04:34:30.428756,Dubai-5665,9,44,Normal
2026-02-17 04:34:31.428756,Dubai-5665,13,2,Normal
2026-02-17 04:34:32.428756,Dubai-5665,28,43,Normal
2026-02-17 04:34:33.428756,Dubai-5665,-11,8,Normal
2026-02-17 04:34:34.428756,Dubai-5665,-2,12,Normal
2026-02-17 04:34:35.428756,Dubai-5665,35,9,Normal
2026-02-17 04:34:36.428756,Dubai-5665,35,92,Normal
2026-02-17 04:34:37.428756,Dubai-5665,47,84,Normal
2026-02-17 04:34:38.428756,Dubai-5665,40,69,Normal
2026-02-17 04:34:39.428756,Dubai-5665,31,24,Normal
2026-02-17 04:34:40.428756,Dubai-5665,44,56,Normal
2026-02-17 04:34:41.428756,Dubai-5665,-4,30,Normal
2026-02-17 04:34:42.428756,Dubai-5665,-16,50,Normal
2026-02-17 04:34:43.428756,Dubai-5665,20,67,Normal
2026-02-17 04:34:44.428756,Dubai-5665,26,75,Normal
2026-02-17 04:34:45.428756,Dubai-5665,-1,65,Normal
2026-02-17 04:34:46.428756,Dubai-5665,0,86,Normal
2026-02-17 04:34:47.428756,Dubai-5665,45,61,Normal
2026-02-17 04:34:48.428756,Dubai-5665,16,19,Normal
2026-02-17 04:34:49.428756,Dubai-5665,-7,26,Normal
2026-02-17 04:34:50.428756,Dubai-5665,27,1,Normal
2026-02-17 04:34:51.428756,Dubai-5665,29,82,Normal
2026-02-17 04:34:52.428756,Dubai-5665,-3,100,Normal
2026-02-17 04:34:53.428756,Dubai-5665,-14,13,Normal
2026-02-17 04:34:54.428756,Dubai-5665,31,96,Normal
2026-02-17 04:34:55.428756,Dubai-5665,26,71,Normal
2026-02-17 04:34:56.428756,Dubai-5665,-3,5,Normal
2026-02-17 04:34:57.428756,Dubai-5665,29,8,Normal
2026-02-17 04:34:58.428756,Dubai-5665,22,89,Normal
2026-02-17 04:34:59.428756,Dubai-5665,-6,48,Normal
2026-02-17 04:35:00.428756,Dubai-5665,44,89,Normal
2026-02-17 04:35:01.428756,Dubai-5665,-25,32,Normal
2026-02-17 04:35:02.428756,Dubai-5665,-12,97,Normal
2026-02-17 04:35:03.428756,Dubai-5665,37,77,Normal
2026-02-17 04:35:04.428756,Dubai-5665,-6,76,Normal
2026-02-17 04:35:05.428756,Dubai-5665,44,47,Normal
2026-02-17 04:35:06.428756,Dubai-5665,15,70,Normal
2026-02-17 04:35:07.428756,Dubai-5665,15,8,Normal
2026-02-17 04:35:08.428756,Dubai-5665,3,60,Normal
2026-02-17 04:35:09.428756,Dubai-5665,18,92,Normal
2026-02-17 04:35:10.428756,Dubai-5665,-21,44,Normal
2026-02-17 04:35:11.428756,Dubai-5665,18,59,Normal
2026-02-17 04:35:12.428756,Dubai-5665,33,87,Normal
2026-02-17 04:35:13.428756,Dubai-5665,41,18,Normal
2026-02-17 04:35:14.428756,Dubai-5665,47,23,Normal
2026-02-17 04:35:15.428756,Dubai-5665,4,56,Normal
2026-02-17 04:35:16.428756,Dubai-5665,2,65,Normal
2026-02-17 04:35:17.428756,Dubai-5665,25,61,Normal
2026-02-17 04:35:18.428756,Dubai-5665,37,26,Normal
2026-02-17 04:35:19.428756,Dubai-5665,6,44,Normal
2026-02-17 04:35:20.428756,Dubai-5665,-7,3,Normal
2026-02-17 04:35:21.428756,Dubai-5665,44,0,Normal
2026-02-17 04:35:22.428756,Dubai-5665,48,86,Normal
2026-02-17 04:35:23.428756,Dubai-5665,40,18,Normal
2026-02-17 04:35:24.428756,Dubai-5665,-20,30,Normal
2026-02-17 04:35:25.428756,Dubai-5665,17,88,Normal
2026-02-17 04:35:26.428756,Dubai-5665,16,23,Normal
2026-02-17 04:35:27.428756,Dubai-5665,-2,55,Normal
2026-02-17 04:35:28.428756,Dubai-5665,-26,88,Normal
2026-02-17 04:35:29.428756,Dubai-5665,45,77,Normal
2026-02-17 04:35:30.428756,Dubai-5665,37,84,Normal
2026-02-17 04:35:31.428756,Dubai-5665,21,45,Normal
2026-02-17 04:35:32.428756,Dubai-5665,23,61,Normal
2026-02-17 04:35:33.428756,Dubai-5665,29,96,Normal
2026-02-17 04:35:34.428756,Dubai-5665,2,39,Normal
2026-02-17 04:35:35.428756,Dubai-5665,19,94,Normal
2026-02-17 04:35:36.428756,Dubai-5665,22,59,Normal
2026-02-17 04:35:37.428756,Dubai-5665,47,59,Normal
2026-02-17 04:35:38.428756,Dubai-5665,5,30,Normal
2026-02-17 04:35:39.428756,Dubai-5665,12,87,Normal
2026-02-17 04:35:40.428756,Dubai-5665,6,27,Normal
2026-02-17 04:35:41.428756,Dubai-5665,-27,52,Normal
2026-02-17 04:35:42.428756,Dubai-5665,-15,76,Normal
2026-02-17 04:35:43.428756,Dubai-5665,13,76,Normal
2026-02-17 04:35:44.428756,Dubai-5665,8,49,Normal
2026-02-17 04:35:45.428756,Dubai-5665,-19,73,Normal
2026-02-17 04:35:46.428756,Dubai-5665,41,82,Normal
2026-02-17 04:35:47.428756,Dubai-5665,-12,28,Normal
2026-02-17 04:35:48.428756,Dubai-5665,2,95,Normal
2026-02-17 04:35:49.428756,Dubai-5665,38,2,Normal
2026-02-17 04:35:50.428756,Dubai-5665,26,74,Normal
2026-02-17 04:35:51.428756,Dubai-5665,38,22,Normal
2026-02-17 04:35:52.428756,Dubai-5665,5,96,Normal
2026-02-17 04:35:53.428756,Dubai-5665,8,47,Normal
2026-02-17 04:35:54.428756,Dubai-5665,19,49,Normal
2026-02-17 04:35:55.428756,Dubai-5665,15,57,Normal
2026-02-17 04:35:56.428756,Dubai-5665,-28,25,Normal
2026-02-17 04:35:57.428756,Dubai-5665,-9,59,Normal
2026-02-17 04:35:58.428756,Dubai-5665,-29,36,Normal
2026-02-17 04:35:59.428756,Dubai-5665,26,47,Normal
2026-02-17 04:36:00.428756,Dubai-5665,16,46,Normal
2026-02-17 04:36:01.428756,Dubai-5665,-29,63,Normal
2026-02-17 04:36:02.428756,Dubai-5665,-30,77,Normal
2026-02-17 04:36:03.428756,Dubai-5665,-5,19,Normal
2026-02-17 04:36:04.428756,Dubai-5665,35,68,Normal
2026-02-17 04:36:05.428756,Dubai-5665,-30,81,Normal
2026-02-17 04:36:06.428756,Dubai-5665,20,92,Normal
2026-02-17 04:36:07.428756,Dubai-5665,7,44,Normal
2026-02-17 04:36:08.428756,Dubai-5665,-10,39,Normal
2026-02-17 04:36:09.428756,Dubai-5665,50,69,Normal
2026-02-17 04:36:10.428756,Dubai-5665,37,38,Normal
2026-02-17 04:36:11.428756,Dubai-5665,-25,43,Normal
2026-02-17 04:36:12.428756,Dubai-5665,9,68,Normal
2026-02-17 04:36:13.428756,Dubai-5665,42,37,Normal
2026-02-17 04:36:14.428756,Dubai-5665,46,25,Normal
2026-02-17 04:36:15.428756,Dubai-5665,-13,96,Normal
2026-02-17 04:36:16.428756,Dubai-5665,7,35,Normal
2026-02-17 04:36:17.428756,Dubai-5665,29,78,Normal
2026-02-17 04:36:18.428756,Dubai-5665,40,3,Normal
2026-02-17 04:36:19.428756,Dubai-5665,-28,8,Normal
2026-02-17 04:36:20.428756,Dubai-5665,-3,96,Normal
2026-02-17 04:36:21.428756,Dubai-5665,-30,98,Normal
2026-02-17 04:36:22.428756,Dubai-5665,-5,55,Normal
2026-02-17 04:36:23.428756,Dubai-5665,37,56,Normal
2026-02-17 04:36:24.428756,Dubai-5665,16,16,Normal
2026-02-17 04:36:25.428756,Dubai-5665,-15,85,Normal
2026-02-17 04:36:26.428756,Dubai-5665,10,27,Normal
2026-02-17 04:36:27.428756,Dubai-5665,-12,56,Normal
2026-02-17 04:36:28.428756,Dubai-5665,8,8,Normal
2026-02-17 04:36:29.428756,Dubai-5665,-29,33,Normal
2026-02-17 04:36:30.428756,Dubai-5665,49,63,Normal
2026-02-17 04:36:31.428756,Dubai-5665,35,87,Normal
2026-02-17 04:36:32.428756,Dubai-5665,3,88,Normal
2026-02-17 04:36:33.428756,Dubai-5665,42,33,Normal
2026-02-17 04:36:34.428756,Dubai-5665,-22,87,Normal
2026-02-17 04:36:35.428756,Dubai-5665,12,45,Normal
2026-02-17 04:36:36.428756,Dubai-5665,23,1,Normal
2026-02-17 04:36:37.428756,Dubai-5665,44,55,Normal
2026-02-17 04:36:38.428756,Dubai-5665,21,39,Normal
2026-02-17 04:36:39.428756,Dubai-5665,14,55,Normal
2026-02-17 04:36:40.428756,Dubai-5665,-2,39,Normal
2026-02-17 04:36:41.428756,Dubai-5665,9,85,Normal
2026-02-17 04:36:42.428756,Dubai-5665,35,31,Normal
2026-02-17 04:36:43.428756,Dubai-5665,39,89,Normal
2026-02-17 04:36:44.428756,Dubai-5665,19,31,Normal
2026-02-17 04:36:45.428756,Dubai-5665,-15,50,Normal
2026-02-17 04:36:46.428756,Dubai-5665,24,100,Normal
2026-02-17 04:36:47.428756,Dubai-5665,-3,52,Normal
2026-02-17 04:36:48.428756,Dubai-5665,31,67,Normal
2026-02-17 04:36:49.428756,Dubai-5665,30,48,Normal
2026-02-17 04:36:50.428756,Dubai-5665,-18,17,Normal
2026-02-17 04:36:51.428756,Dubai-5665,46,6,Normal
2026-02-17 04:36:52.428756,Dubai-5665,-6,8,Normal
2026-02-17 04:36:53.428756,Dubai-5665,0,8,Normal
2026-02-17 04:36:54.428756,Dubai-5665,21,82,Normal
2026-02-17 04:36:55.428756,Dubai-5665,46,92,Normal
2026-02-17 04:36:56.428756,Dubai-5665,41,96,Normal
2026-02-17 04:36:57.428756,Dubai-5665,45,3,Normal
2026-02-17 04:36:58.428756,Dubai-5665,1,24,Normal
2026-02-17 04:36:59.428756,Dubai-5665,42,69,Normal
2026-02-17 04:37:00.428756,Dubai-5665,-22,49,Normal
2026-02-17 04:37:01.428756,Dubai-5665,32,83,Normal
2026-02-17 04:37:02.428756,Dubai-5665,-14,24,Normal
2026-02-17 04:37:03.428756,Dubai-5665,33,75,Normal
2026-02-17 04:37:04.428756,Dubai-5665,-24,51,Normal
2026-02-17 04:37:05.428756,Dubai-5665,-13,36,Normal
2026-02-17 04:37:06.428756,Dubai-5665,-7,63,Normal
2026-02-17 04:37:07.428756,Dubai-5665,39,84,Normal
2026-02-17 04:37:08.428756,Dubai-5665,-15,60,Normal
2026-02-17 04:37:09.428756,Dubai-5665,-19,18,Normal
2026-02-17 04:37:10.428756,Dubai-5665,6,16,Normal
2026-02-17 04:37:11.428756,Dubai-5665,38,25,Normal
2026-02-17 04:37:12.428756,Dubai-5665,40,40,Normal
2026-02-17 04:37:13.428756,Dubai-5665,-18,14,Normal
2026-02-17 04:37:14.428756,Dubai-5665,-1,23,Normal
2026-02-17 04:37:15.428756,Dubai-5665,49,84,Normal
2026-02-17 04:37:16.428756,Dubai-5665,47,80,Normal
2026-02-17 04:37:17.428756,Dubai-5665,47,44,Normal
2026-02-17 04:37:18.428756,Dubai-5665,27,2,Normal
2026-02-17 04:37:19.428756,Dubai-5665,-30,2,Normal
2026-02-17 04:37:20.428756,Dubai-5665,43,30,Normal
2026-02-17 04:37:21.428756,Dubai-5665,-30,47,Normal
2026-02-17 04:37:22.428756,Dubai-5665,8,49,Normal
2026-02-17 04:37:23.428756,Dubai-5665,36,66,Normal
2026-02-17 04:37:24.428756,Dubai-5665,9,53,Normal
2026-02-17 04:37:25.428756,Dubai-5665,-2,63,Normal
2026-02-17 04:37:26.428756,Dubai-5665,4,26,Normal
2026-02-17 04:37:27.428756,Dubai-5665,-27,42,Normal
2026-02-17 04:37:28.428756,Dubai-5665,50,20,Normal
2026-02-17 04:37:29.428756,Dubai-5665,-9,24,Normal
2026-02-17 04:37:30.428756,Dubai-5665,34,14,Normal
2026-02-17 04:37:31.428756,Dubai-5665,46,13,Normal
2026-02-17 04:37:32.428756,Dubai-5665,48,62,Normal
2026-02-17 04:37:33.428756,Dubai-5665,-18,13,Normal
2026-02-17 04:37:34.428756,Dubai-5665,25,52,Normal
2026-02-17 04:37:35.428756,Dubai-5665,-20,51,Normal
2026-02-17 04:37:36.428756,Dubai-5665,11,48,Normal
2026-02-17 04:37:37.428756,Dubai-5665,-30,97,Normal
2026-02-17 04:37:38.428756,Dubai-5665,-7,85,Normal
2026-02-17 04:37:39.428756,Dubai-5665,10,12,Normal
2026-02-17 04:37:40.428756,Dubai-5665,3,17,Normal
2026-02-17 04:37:41.428756,Dubai-5665,44,36,Normal
2026-02-17 04:37:42.428756,Dubai-5665,-5,17,Normal
2026-02-17 04:37:43.428756,Dubai-5665,29,88,Normal
2026-02-17 04:37:44.428756,Dubai-5665,50,88,Normal
2026-02-17 04:37:45.428756,Dubai-5665,20,20,Normal
2026-02-17 04:37:46.428756,Dubai-5665,14,63,Normal
2026-02-17 04:37:47.428756,Dubai-5665,29,45,Normal
2026-02-17 04:37:48.428756,Dubai-5665,-14,88,Normal
2026-02-17 04:37:49.428756,Dubai-5665,5,87,Normal
2026-02-17 04:37:50.428756,Dubai-5665,15,2,Normal
2026-02-17 04:37:51.428756,Dubai-5665,-14,96,Normal
2026-02-17 04:37:52.428756,Dubai-5665,-4,58,Normal
2026-02-17 04:37:53.428756,Dubai-5665,50,5,Normal
2026-02-17 04:37:54.428756,Dubai-5665,21,63,Normal
2026-02-17 04:37:55.428756,Dubai-5665,-26,90,Normal
2026-02-17 04:37:56.428756,Dubai-5665,7,20,Normal
2026-02-17 04:37:57.428756,Dubai-5665,42,100,Normal
2026-02-17 04:37:58.428756,Dubai-5665,35,18,Normal
2026-02-17 04:37:59.428756,Dubai-5665,1,56,Normal
2026-02-17 04:38:00.428756,Dubai-5665,-26,53,Normal
2026-02-17 04:38:01.428756,Dubai-5665,-25,56,Normal
2026-02-17 04:38:02.428756,Dubai-5665,20,29,Normal
2026-02-17 04:38:03.428756,Dubai-5665,-22,65,Normal
2026-02-17 04:38:04.428756,Dubai-5665,19,78,Normal
2026-02-17 04:38:05.428756,Dubai-5665,-6,89,Normal
2026-02-17 04:38:06.428756,Dubai-5665,-15,5,Normal
2026-02-17 04:38:07.428756,Dubai-5665,6,80,Normal
2026-02-17 04:38:08.428756,Dubai-5665,1,85,Normal
2026-02-17 04:38:09.428756,Dubai-5665,39,5,Normal
2026-02-17 04:38:10.428756,Dubai-5665,6,77,Normal
2026-02-17 04:38:11.428756,Dubai-5665,-27,53,Normal
2026-02-17 04:38:12.428756,Dubai-5665,25,88,Normal
2026-02-17 04:38:13.428756,Dubai-5665,44,48,Normal
2026-02-17 04:38:14.428756,Dubai-5665,27,54,Normal
2026-02-17 04:38:15.428756,Dubai-5665,18,27,Normal
2026-02-17 04:38:16.428756,Dubai-5665,-2,5,Normal
2026-02-17 04:38:17.428756,Dubai-5665,-5,37,Normal
2026-02-17 04:38:18.428756,Dubai-5665,34,64,Normal
2026-02-17 04:38:19.428756,Dubai-5665,-16,24,Normal
2026-02-17 04:38:20.428756,Dubai-5665,50,60,Normal
2026-02-17 04:38:21.428756,Dubai-5665,34,78,Normal
2026-02-17 04:38:22.428756,Dubai-5665,5,71,Normal
2026-02-17 04:38:23.428756,Dubai-5665,-25,22,Normal
2026-02-17 04:38:24.428756,Dubai-5665,20,85,Normal
2026-02-17 04:38:25.428756,Dubai-5665,31,6,Normal
2026-02-17 04:38:26.428756,Dubai-5665,1,69,Normal
2026-02-17 04:38:27.428756,Dubai-5665,39,31,Normal
2026-02-17 04:38:28.428756,Dubai-5665,-28,100,Normal
2026-02-17 04:38:29.428756,Dubai-5665,-22,51,Normal
2026-02-17 04:38:30.428756,Dubai-5665,-9,33,Normal
2026-02-17 04:38:31.428756,Dubai-5665,-27,41,Normal
2026-02-17 04:38:32.428756,Dubai-5665,-24,96,Normal
2026-02-17 04:38:33.428756,Dubai-5665,17,74,Normal
2026-02-17 04:38:34.428756,Dubai-5665,-18,42,Normal
2026-02-17 04:38:35.428756,Dubai-5665,-4,0,Normal
2026-02-17 04:38:36.428756,Dubai-5665,47,66,Normal
2026-02-17 04:38:37.428756,Dubai-5665,42,34,Normal
2026-02-17 04:38:38.428756,Dubai-5665,18,13,Normal
2026-02-17 04:38:39.428756,Dubai-5665,-1,9,Normal
2026-02-17 04:38:40.428756,Dubai-5665,42,25,Normal
2026-02-17 04:38:41.428756,Dubai-5665,-8,58,Normal
2026-02-17 04:38:42.428756,Dubai-5665,4,7,Normal
2026-02-17 04:38:43.428756,Dubai-5665,-18,77,Normal
2026-02-17 04:38:44.428756,Dubai-5665,40,79,Normal
2026-02-17 04:38:45.428756,Dubai-5665,30,89,Normal
2026-02-17 04:38:46.428756,Dubai-5665,21,8,Normal
2026-02-17 04:38:47.428756,Dubai-5665,-22,23,Normal
2026-02-17 04:38:48.428756,Dubai-5665,42,70,Normal
2026-02-17 04:38:49.428756,Dubai-5665,-29,50,Normal
2026-02-17 04:38:50.428756,Dubai-5665,49,95,Normal
2026-02-17 04:38:51.428756,Dubai-5665,-22,11,Normal
2026-02-17 04:38:52.428756,Dubai-5665,-16,95,Normal
2026-02-17 04:38:53.428756,Dubai-5665,24,43,Normal
2026-02-17 04:38:54.428756,Dubai-5665,-24,55,Normal
2026-02-17 04:38:55.428756,Dubai-5665,18,79,Normal
2026-02-17 04:38:56.428756,Dubai-5665,19,10,Normal
2026-02-17 04:38:57.428756,Dubai-5665,-30,10,Normal
2026-02-17 04:38:58.428756,Dubai-5665,-19,9,Normal
2026-02-17 04:38:59.428756,Dubai-5665,-28,76,Normal
2026-02-17 04:39:00.428756,Dubai-5665,48,0,Normal
2026-02-17 04:39:01.428756,Dubai-5665,-6,36,Normal
2026-02-17 04:39:02.428756,Dubai-5665,5,71,Normal
2026-02-17 04:39:03.428756,Dubai-5665,32,25,Normal
2026-02-17 04:39:04.428756,Dubai-5665,6,48,Normal
2026-02-17 04:39:05.428756,Dubai-5665,-11,70,Normal
2026-02-17 04:39:06.428756,Dubai-5665,45,78,Normal
2026-02-17 04:39:07.428756,Dubai-5665,-8,91,Normal
2026-02-17 04:39:08.428756,Dubai-5665,29,56,Normal
2026-02-17 04:39:09.428756,Dubai-5665,-25,9,Normal
2026-02-17 04:39:10.428756,Dubai-5665,36,49,Normal
2026-02-17 04:39:11.428756,Dubai-5665,36,59,Normal
2026-02-17 04:39:12.428756,Dubai-5665,38,54,Normal
2026-02-17 04:39:13.428756,Dubai-5665,37,21,Normal
2026-02-17 04:39:14.428756,Dubai-5665,22,52,Normal
2026-02-17 04:39:15.428756,Dubai-5665,31,17,Normal
2026-02-17 04:39:16.428756,Dubai-5665,9,76,Normal
2026-02-17 04:39:17.428756,Dubai-5665,30,13,Normal
2026-02-17 04:39:18.428756,Dubai-5665,14,82,Normal
2026-02-17 04:39:19.428756,Dubai-5665,40,3,Normal
2026-02-17 04:39:20.428756,Dubai-5665,6,66,Normal
2026-02-17 04:39:21.428756,Dubai-5665,32,5,Normal
2026-02-17 04:39:22.428756,Dubai-5665,23,45,Normal
2026-02-17 04:39:23.428756,Dubai-5665,16,39,Normal
2026-02-17 04:39:24.428756,Dubai-5665,31,41,Normal
2026-02-17 04:39:25.428756,Dubai-5665,43,77,Normal
2026-02-17 04:39:26.428756,Dubai-5665,5,49,Normal
2026-02-17 04:39:27.428756,Dubai-5665,41,34,Normal
2026-02-17 04:39:28.428756,Dubai-5665,16,0,Normal
2026-02-17 04:39:29.428756,Dubai-5665,27,94,Normal
2026-02-17 04:39:30.428756,Dubai-5665,-14,14,Normal
2026-02-17 04:39:31.428756,Dubai-5665,17,34,Normal
2026-02-17 04:39:32.428756,Dubai-5665,27,73,Normal
2026-02-17 04:39:33.428756,Dubai-5665,13,30,Normal
2026-02-17 04:39:34.428756,Dubai-5665,-22,46,Normal
2026-02-17 04:39:35.428756,Dubai-5665,-23,57,Normal
2026-02-17 04:39:36.428756,Dubai-5665,26,31,Normal
2026-02-17 04:39:37.428756,Dubai-5665,24,28,Normal
2026-02-17 04:39:38.428756,Dubai-5665,-3,83,Normal
2026-02-17 04:39:39.428756,Dubai-5665,45,19,Normal
2026-02-17 04:39:40.428756,Dubai-5665,9,83,Normal
2026-02-17 04:39:41.428756,Dubai-5665,30,32,Normal
2026-02-17 04:39:42.428756,Dubai-5665,11,93,Normal
2026-02-17 04:39:43.428756,Dubai-5665,-27,74,Normal
2026-02-17 04:39:44.428756,Dubai-5665,8,83,Normal
2026-02-17 04:39:45.428756,Dubai-5665,47,5,Normal
2026-02-17 04:39:46.428756,Dubai-5665,-4,1,Normal
2026-02-17 04:39:47.428756,Dubai-5665,19,16,Normal
2026-02-17 04:39:48.428756,Dubai-5665,14,58,Normal
2026-02-17 04:39:49.428756,Dubai-5665,15,67,Normal
2026-02-17 04:39:50.428756,Dubai-5665,39,57,Normal
2026-02-17 04:39:51.428756,Dubai-5665,31,95,Normal
2026-02-17 04:39:52.428756,Dubai-5665,4,43,Normal
2026-02-17 04:39:53.428756,Dubai-5665,-21,99,Normal
2026-02-17 04:39:54.428756,Dubai-5665,-26,88,Normal
2026-02-17 04:39:55.428756,Dubai-5665,-4,17,Normal
2026-02-17 04:39:56.428756,Dubai-5665,18,72,Normal
2026-02-17 04:39:57.428756,Dubai-5665,16,41,Normal
2026-02-17 04:39:58.428756,Dubai-5665,8,39,Normal
2026-02-17 04:39:59.428756,Dubai-5665,44,99,Normal
2026-02-17 04:40:00.428756,Dubai-5665,49,100,Normal
2026-02-17 04:40:01.428756,Dubai-5665,23,100,Normal
2026-02-17 04:40:02.428756,Dubai-5665,-7,84,Normal
2026-02-17 04:40:03.428756,Dubai-5665,-21,85,Normal
2026-02-17 04:40:04.428756,Dubai-5665,5,45,Normal
2026-02-17 04:40:05.428756,Dubai-5665,-24,34,Normal
2026-02-17 04:40:06.428756,Dubai-5665,50,50,Normal
2026-02-17 04:40:07.428756,Dubai-5665,24,48,Normal
2026-02-17 04:40:08.428756,Dubai-5665,45,32,Normal
2026-02-17 04:40:09.428756,Dubai-5665,-10,98,Normal
2026-02-17 04:40:10.428756,Dubai-5665,-11,95,Normal
2026-02-17 04:40:11.428756,Dubai-5665,50,75,Normal
2026-02-17 04:40:12.428756,Dubai-5665,-8,93,Normal
2026-02-17 04:40:13.428756,Dubai-5665,-20,47,Normal
2026-02-17 04:40:14.428756,Dubai-5665,37,59,Normal
2026-02-17 04:40:15.428756,Dubai-5665,18,32,Normal
2026-02-17 04:40:16.428756,Dubai-5665,-7,59,Normal
2026-02-17 04:40:17.428756,Dubai-5665,-25,60,Normal
2026-02-17 04:40:18.428756,Dubai-5665,26,18,Normal
2026-02-17 04:40:19.428756,Dubai-5665,-5,94,Normal
2026-02-17 04:40:20.428756,Dubai-5665,39,62,Normal
2026-02-17 04:40:21.428756,Dubai-5665,16,13,Normal
2026-02-17 04:40:22.428756,Dubai-5665,-5,61,Normal
2026-02-17 04:40:23.428756,Dubai-5665,-6,64,Normal
2026-02-17 04:40:24.428756,Dubai-5665,5,73,Normal
2026-02-17 04:40:25.428756,Dubai-5665,14,81,Normal
2026-02-17 04:40:26.428756,Dubai-5665,-2,92,Normal
2026-02-17 04:40:27.428756,Dubai-5665,12,93,Normal
2026-02-17 04:40:28.428756,Dubai-5665,22,84,Normal
2026-02-17 04:40:29.428756,Dubai-5665,-24,71,Normal
2026-02-17 04:40:30.428756,Dubai-5665,20,86,Normal
2026-02-17 04:40:31.428756,Dubai-5665,33,31,Normal
2026-02-17 04:40:32.428756,Dubai-5665,-3,95,Normal
2026-02-17 04:40:33.428756,Dubai-5665,50,97,Normal
2026-02-17 04:40:34.428756,Dubai-5665,0,96,Normal
2026-02-17 04:40:35.428756,Dubai-5665,-28,6,Normal
2026-02-17 04:40:36.428756,Dubai-5665,-25,18,Normal
2026-02-17 04:40:37.428756,Dubai-5665,7,60,Normal
2026-02-17 04:40:38.428756,Dubai-5665,-14,22,Normal
2026-02-17 04:40:39.428756,Dubai-5665,17,38,Normal
2026-02-17 04:40:40.428756,Dubai-5665,-29,88,Normal
2026-02-17 04:40:41.428756,Dubai-5665,-14,77,Normal
2026-02-17 04:40:42.428756,Dubai-5665,4,1,Normal
2026-02-17 04:40:43.428756,Dubai-5665,39,67,Normal
2026-02-17 04:40:44.428756,Dubai-5665,38,30,Normal
2026-02-17 04:40:45.428756,Dubai-5665,-27,3,Normal
2026-02-17 04:40:46.428756,Dubai-5665,16,54,Normal
2026-02-17 04:40:47.428756,Dubai-5665,3,66,Normal
2026-02-17 04:40:48.428756,Dubai-5665,-20,100,Normal
2026-02-17 04:40:49.428756,Dubai-5665,-5,76,Normal
2026-02-17 04:40:50.428756,Dubai-5665,36,32,Normal
2026-02-17 04:40:51.428756,Dubai-5665,-13,98,Normal
2026-02-17 04:40:52.428756,Dubai-5665,-23,2,Normal
2026-02-17 04:40:53.428756,Dubai-5665,-24,5,Normal
2026-02-17 04:40:54.428756,Dubai-5665,1,44,Normal
2026-02-17 04:40:55.428756,Dubai-5665,-26,64,Normal
2026-02-17 04:40:56.428756,Dubai-5665,-24,80,Normal
2026-02-17 04:40:57.428756,Dubai-5665,-16,80,Normal
2026-02-17 04:40:58.428756,Dubai-5665,10,49,Normal
2026-02-17 04:40:59.428756,Dubai-5665,-28,24,Normal
2026-02-17 04:41:00.428756,Dubai-5665,-12,62,Normal
2026-02-17 04:41:01.428756,Dubai-5665,-5,79,Normal
2026-02-17 04:41:02.428756,Dubai-5665,9,69,Normal
2026-02-17 04:41:03.428756,Dubai-5665,15,93,Normal
2026-02-17 04:41:04.428756,Dubai-5665,0,63,Normal
2026-02-17 04:41:05.428756,Dubai-5665,47,40,Normal
2026-02-17 04:41:06.428756,Dubai-5665,33,63,Normal
2026-02-17 04:41:07.428756,Dubai-5665,21,63,Normal
2026-02-17 04:41:08.428756,Dubai-5665,-3,40,Normal
2026-02-17 04:41:09.428756,Dubai-5665,16,0,Normal
2026-02-17 04:41:10.428756,Dubai-5665,20,30,Normal
2026-02-17 04:41:11.428756,Dubai-5665,18,74,Normal
2026-02-17 04:41:12.428756,Dubai-5665,29,62,Normal
2026-02-17 04:41:13.428756,Dubai-5665,-13,72,Normal
2026-02-17 04:41:14.428756,Dubai-5665,4,75,Normal
2026-02-17 04:41:15.428756,Dubai-5665,3,17,Normal
2026-02-17 04:41:16.428756,Dubai-5665,19,13,Normal
2026-02-17 04:41:17.428756,Dubai-5665,-5,60,Normal
2026-02-17 04:41:18.428756,Dubai-5665,28,78,Normal
2026-02-17 04:41:19.428756,Dubai-5665,9,14,Normal
2026-02-17 04:41:20.428756,Dubai-5665,31,92,Normal
2026-02-17 04:41:21.428756,Dubai-5665,-18,67,Normal
2026-02-17 04:41:22.428756,Dubai-5665,-4,71,Normal
2026-02-17 04:41:23.428756,Dubai-5665,-1,72,Normal
2026-02-17 04:41:24.428756,Dubai-5665,45,97,Normal
2026-02-17 04:41:25.428756,Dubai-5665,-25,63,Normal
2026-02-17 04:41:26.428756,Dubai-5665,-15,58,Normal
2026-02-17 04:41:27.428756,Dubai-5665,19,9,Normal
2026-02-17 04:41:28.428756,Dubai-5665,20,85,Normal
2026-02-17 04:41:29.428756,Dubai-5665,18,33,Normal
2026-02-17 04:41:30.428756,Dubai-5665,38,47,Normal
2026-02-17 04:41:31.428756,Dubai-5665,33,34,Normal
2026-02-17 04:41:32.428756,Dubai-5665,30,55,Normal
2026-02-17 04:41:33.428756,Dubai-5665,36,60,Normal
2026-02-17 04:41:34.428756,Dubai-5665,-24,65,Normal
2026-02-17 04:41:35.428756,Dubai-5665,6,70,Normal
2026-02-17 04:41:36.428756,Dubai-5665,35,18,Normal
2026-02-17 04:41:37.428756,Dubai-5665,44,97,Normal
2026-02-17 04:41:38.428756,Dubai-5665,18,69,Normal
2026-02-17 04:41:39.428756,Dubai-5665,46,9,Normal
2026-02-17 04:41:40.428756,Dubai-5665,43,11,Normal
2026-02-17 04:41:41.428756,Dubai-5665,32,33,Normal
2026-02-17 04:41:42.428756,Dubai-5665,-10,25,Normal
2026-02-17 04:41:43.428756,Dubai-5665,-2,98,Normal
2026-02-17 04:41:44.428756,Dubai-5665,-7,58,Normal
2026-02-17 04:41:45.428756,Dubai-5665,-19,12,Normal
2026-02-17 04:41:46.428756,Dubai-5665,15,39,Normal
2026-02-17 04:41:47.428756,Dubai-5665,33,29,Normal
2026-02-17 04:41:48.428756,Dubai-5665,14,75,Normal
2026-02-17 04:41:49.428756,Dubai-5665,5,21,Normal
2026-02-17 04:41:50.428756,Dubai-5665,43,32,Normal
2026-02-17 04:41:51.428756,Dubai-5665,25,31,Normal
2026-02-17 04:41:52.428756,Dubai-5665,32,43,Normal
2026-02-17 04:41:53.428756,Dubai-5665,12,93,Normal
2026-02-17 04:41:54.428756,Dubai-5665,13,26,Normal
2026-02-17 04:41:55.428756,Dubai-5665,-20,36,Normal
2026-02-17 04:41:56.428756,Dubai-5665,-19,98,Normal
2026-02-17 04:41:57.428756,Dubai-5665,44,13,Normal
2026-02-17 04:41:58.428756,Dubai-5665,-16,58,Normal
2026-02-17 04:41:59.428756,Dubai-5665,34,10,Normal
2026-02-17 04:42:00.428756,Dubai-5665,35,73,Normal
2026-02-17 04:42:01.428756,Dubai-5665,26,35,Normal
2026-02-17 04:42:02.428756,Dubai-5665,32,5,Normal
2026-02-17 04:42:03.428756,Dubai-5665,32,87,Normal
2026-02-17 04:42:04.428756,Dubai-5665,38,60,Normal
2026-02-17 04:42:05.428756,Dubai-5665,31,84,Normal
2026-02-17 04:42:06.428756,Dubai-5665,8,41,Normal
2026-02-17 04:42:07.428756,Dubai-5665,50,0,Normal
2026-02-17 04:42:08.428756,Dubai-5665,-20,21,Normal
2026-02-17 04:42:09.428756,Dubai-5665,-26,52,Normal
2026-02-17 04:42:10.428756,Dubai-5665,5,93,Normal
2026-02-17 04:42:11.428756,Dubai-5665,31,45,Normal
2026-02-17 04:42:12.428756,Dubai-5665,15,82,Normal
2026-02-17 04:42:13.428756,Dubai-5665,-2,38,Normal
2026-02-17 04:42:14.428756,Dubai-5665,50,55,Normal
2026-02-17 04:42:15.428756,Dubai-5665,-23,67,Normal
2026-02-17 04:42:16.428756,Dubai-5665,28,74,Normal
2026-02-17 04:42:17.428756,Dubai-5665,-1,35,Normal
2026-02-17 04:42:18.428756,Dubai-5665,14,53,Normal
2026-02-17 04:42:19.428756,Dubai-5665,3,22,Normal
2026-02-17 04:42:20.428756,Dubai-5665,48,37,Normal
2026-02-17 04:42:21.428756,Dubai-5665,23,11,Normal
2026-02-17 04:42:22.428756,Dubai-5665,36,93,Normal
2026-02-17 04:42:23.428756,Dubai-5665,-20,30,Normal
2026-02-17 04:42:24.428756,Dubai-5665,49,87,Normal
2026-02-17 04:42:25.428756,Dubai-5665,10,95,Normal
2026-02-17 04:42:26.428756,Dubai-5665,-12,26,Normal
2026-02-17 04:42:27.428756,Dubai-5665,-19,12,Normal
2026-02-17 04:42:28.428756,Dubai-5665,13,95,Normal
2026-02-17 04:42:29.428756,Dubai-5665,24,4,Normal
2026-02-17 04:42:30.428756,Dubai-5665,32,1,Normal
2026-02-17 04:42:31.428756,Dubai-5665,-22,35,Normal
2026-02-17 04:42:32.428756,Dubai-5665,7,90,Normal
2026-02-17 04:42:33.428756,Dubai-5665,17,2,Normal
2026-02-17 04:42:34.428756,Dubai-5665,32,68,Normal
2026-02-17 04:42:35.428756,Dubai-5665,25,96,Normal
2026-02-17 04:42:36.428756,Dubai-5665,-3,73,Normal
2026-02-17 04:42:37.428756,Dubai-5665,-29,52,Normal
2026-02-17 04:42:38.428756,Dubai-5665,-12,83,Normal
2026-02-17 04:42:39.428756,Dubai-5665,48,13,Normal
2026-02-17 04:42:40.428756,Dubai-5665,39,48,Normal
2026-02-17 04:42:41.428756,Dubai-5665,45,22,Normal
2026-02-17 04:42:42.428756,Dubai-5665,-4,11,Normal
2026-02-17 04:42:43.428756,Dubai-5665,25,91,Normal
2026-02-17 04:42:44.428756,Dubai-5665,26,52,Normal
2026-02-17 04:42:45.428756,Dubai-5665,-1,82,Normal
2026-02-17 04:42:46.428756,Dubai-5665,-23,65,Normal
2026-02-17 04:42:47.428756,Dubai-5665,24,84,Normal
2026-02-17 04:42:48.428756,Dubai-5665,27,4,Normal
2026-02-17 04:42:49.428756,Dubai-5665,30,88,Normal
2026-02-17 04:42:50.428756,Dubai-5665,50,78,Normal
2026-02-17 04:42:51.428756,Dubai-5665,42,31,Normal
2026-02-17 04:42:52.428756,Dubai-5665,39,99,Normal
2026-02-17 04:42:53.428756,Dubai-5665,35,6,Normal
2026-02-17 04:42:54.428756,Dubai-5665,-2,27,Normal
2026-02-17 04:42:55.428756,Dubai-5665,-30,24,Normal
2026-02-17 04:42:56.428756,Dubai-5665,21,58,Normal
2026-02-17 04:42:57.428756,Dubai-5665,-24,52,Normal
2026-02-17 04:42:58.428756,Dubai-5665,29,32,Normal
2026-02-17 04:42:59.428756,Dubai-5665,-27,9,Normal
2026-02-17 04:43:00.428756,Dubai-5665,-10,88,Normal
2026-02-17 04:43:01.428756,Dubai-5665,20,67,Normal
2026-02-17 04:43:02.428756,Dubai-5665,-14,58,Normal
2026-02-17 04:43:03.428756,Dubai-5665,20,79,Normal
2026-02-17 04:43:04.428756,Dubai-5665,7,11,Normal
2026-02-17 04:43:05.428756,Dubai-5665,49,63,Normal
2026-02-17 04:43:06.428756,Dubai-5665,18,51,Normal
2026-02-17 04:43:07.428756,Dubai-5665,-8,46,Normal
2026-02-17 04:43:08.428756,Dubai-5665,-13,97,Normal
2026-02-17 04:43:09.428756,Dubai-5665,10,17,Normal
2026-02-17 04:43:10.428756,Dubai-5665,-9,41,Normal
2026-02-17 04:43:11.428756,Dubai-5665,15,56,Normal
2026-02-17 04:43:12.428756,Dubai-5665,45,43,Normal
2026-02-17 04:43:13.428756,Dubai-5665,-2,65,Normal
2026-02-17 04:43:14.428756,Dubai-5665,34,48,Normal
2026-02-17 04:43:15.428756,Dubai-5665,44,59,Normal
2026-02-17 04:43:16.428756,Dubai-5665,44,72,Normal
2026-02-17 04:43:17.428756,Dubai-5665,46,86,Normal
2026-02-17 04:43:18.428756,Dubai-5665,-29,92,Normal
2026-02-17 04:43:19.428756,Dubai-5665,-1,15,Normal
2026-02-17 04:43:20.428756,Dubai-5665,45,31,Normal
2026-02-17 04:43:21.428756,Dubai-5665,2,23,Normal
2026-02-17 04:43:22.428756,Dubai-5665,-12,100,Normal
2026-02-17 04:43:23.428756,Dubai-5665,-12,66,Normal
2026-02-17 04:43:24.428756,Dubai-5665,-27,95,Normal
2026-02-17 04:43:25.428756,Dubai-5665,23,7,Normal
2026-02-17 04:43:26.428756,Dubai-5665,42,81,Normal
2026-02-17 04:43:27.428756,Dubai-5665,-4,22,Normal
2026-02-17 04:43:28.428756,Dubai-5665,8,27,Normal
2026-02-17 04:43:29.428756,Dubai-5665,19,48,Normal
2026-02-17 04:43:30.428756,Dubai-5665,-23,82,Normal
2026-02-17 04:43:31.428756,Dubai-5665,14,21,Normal
2026-02-17 04:43:32.428756,Dubai-5665,-24,59,Normal
2026-02-17 04:43:33.428756,Dubai-5665,-26,31,Normal
2026-02-17 04:43:34.428756,Dubai-5665,50,11,Normal
2026-02-17 04:43:35.428756,Dubai-5665,15,32,Normal
2026-02-17 04:43:36.428756,Dubai-5665,-29,79,Normal
2026-02-17 04:43:37.428756,Dubai-5665,33,32,Normal
2026-02-17 04:43:38.428756,Dubai-5665,29,73,Normal
2026-02-17 04:43:39.428756,Dubai-5665,-16,81,Normal
2026-02-17 04:43:40.428756,Dubai-5665,13,81,Normal
2026-02-17 04:43:41.428756,Dubai-5665,11,98,Normal
2026-02-17 04:43:42.428756,Dubai-5665,32,42,Normal
2026-02-17 04:43:43.428756,Dubai-5665,48,91,Normal
2026-02-17 04:43:44.428756,Dubai-5665,44,37,Normal
2026-02-17 04:43:45.428756,Dubai-5665,23,76,Normal
2026-02-17 04:43:46.428756,Dubai-5665,37,99,Normal
2026-02-17 04:43:47.428756,Dubai-5665,-29,16,Normal
2026-02-17 04:43:48.428756,Dubai-5665,34,49,Normal
2026-02-17 04:43:49.428756,Dubai-5665,6,37,Normal
2026-02-17 04:43:50.428756,Dubai-5665,17,23,Normal
2026-02-17 04:43:51.428756,Dubai-5665,14,5,Normal
2026-02-17 04:43:52.428756,Dubai-5665,28,48,Normal
2026-02-17 04:43:53.428756,Dubai-5665,21,4,Normal
2026-02-17 04:43:54.428756,Dubai-5665,-3,7,Normal
2026-02-17 04:43:55.428756,Dubai-5665,7,59,Normal
2026-02-17 04:43:56.428756,Dubai-5665,3,35,Normal
2026-02-17 04:43:57.428756,Dubai-5665,26,47,Normal
2026-02-17 04:43:58.428756,Dubai-5665,43,93,Normal
2026-02-17 04:43:59.428756,Dubai-5665,5,46,Normal
2026-02-17 04:44:00.428756,Dubai-5665,18,78,Normal
2026-02-17 04:44:01.428756,Dubai-5665,21,18,Normal
2026-02-17 04:44:02.428756,Dubai-5665,-30,19,Normal
2026-02-17 04:44:03.428756,Dubai-5665,36,38,Normal
2026-02-17 04:44:04.428756,Dubai-5665,28,7,Normal
2026-02-17 04:44:05.428756,Dubai-5665,-2,26,Normal
2026-02-17 04:44:06.428756,Dubai-5665,-24,56,Normal
2026-02-17 04:44:07.428756,Dubai-5665,43,85,Normal
2026-02-17 04:44:08.428756,Dubai-5665,49,45,Normal
2026-02-17 04:44:09.428756,Dubai-5665,-19,66,Normal
2026-02-17 04:44:10.428756,Dubai-5665,-22,9,Normal
2026-02-17 04:44:11.428756,Dubai-5665,46,93,Normal
2026-02-17 04:44:12.428756,Dubai-5665,26,38,Normal
2026-02-17 04:44:13.428756,Dubai-5665,-1,9,Normal
2026-02-17 04:44:14.428756,Dubai-5665,39,84,Normal
2026-02-17 04:44:15.428756,Dubai-5665,-28,89,Normal
2026-02-17 04:44:16.428756,Dubai-5665,-17,86,Normal
2026-02-17 04:44:17.428756,Dubai-5665,42,12,Normal
2026-02-17 04:44:18.428756,Dubai-5665,-12,3,Normal
2026-02-17 04:44:19.428756,Dubai-5665,28,1,Normal
2026-02-17 04:44:20.428756,Dubai-5665,-11,81,Normal
2026-02-17 04:44:21.428756,Dubai-5665,-25,14,Normal
2026-02-17 04:44:22.428756,Dubai-5665,20,8,Normal
2026-02-17 04:44:23.428756,Dubai-5665,47,78,Normal
2026-02-17 04:44:24.428756,Dubai-5665,46,21,Normal
2026-02-17 04:44:25.428756,Dubai-5665,35,41,Normal
2026-02-17 04:44:26.428756,Dubai-5665,19,73,Normal
2026-02-17 04:44:27.428756,Dubai-5665,-3,27,Normal
2026-02-17 04:44:28.428756,Dubai-5665,1,42,Normal
2026-02-17 04:44:29.428756,Dubai-5665,34,46,Normal
2026-02-17 04:44:30.428756,Dubai-5665,-5,66,Normal
2026-02-17 04:44:31.428756,Dubai-5665,27,32,Normal
2026-02-17 04:44:32.428756,Dubai-5665,30,78,Normal
2026-02-17 04:44:33.428756,Dubai-5665,12,68,Normal
2026-02-17 04:44:34.428756,Dubai-5665,-4,9,Normal
2026-02-17 04:44:35.428756,Dubai-5665,40,87,Normal
2026-02-17 04:44:36.428756,Dubai-5665,25,72,Normal
2026-02-17 04:44:37.428756,Dubai-5665,42,25,Normal
2026-02-17 04:44:38.428756,Dubai-5665,25,52,Normal
2026-02-17 04:44:39.428756,Dubai-5665,-25,10,Normal
2026-02-17 04:44:40.428756,Dubai-5665,17,13,Normal
2026-02-17 04:44:41.428756,Dubai-5665,-19,74,Normal
2026-02-17 04:44:42.428756,Dubai-5665,2,0,Normal
2026-02-17 04:44:43.428756,Dubai-5665,5,32,Normal
2026-02-17 04:44:44.428756,Dubai-5665,-27,53,Normal
2026-02-17 04:44:45.428756,Dubai-5665,33,48,Normal
2026-02-17 04:44:46.428756,Dubai-5665,-29,90,Normal
2026-02-17 04:44:47.428756,Dubai-5665,1,11,Normal
2026-02-17 04:44:48.428756,Dubai-5665,-10,10,Normal
2026-02-17 04:44:49.428756,Dubai-5665,6,36,Normal
2026-02-17 04:44:50.428756,Dubai-5665,12,3,Normal
2026-02-17 04:44:51.428756,Dubai-5665,5,38,Normal
2026-02-17 04:44:52.428756,Dubai-5665,31,90,Normal
2026-02-17 04:44:53.428756,Dubai-5665,-11,42,Normal
2026-02-17 04:44:54.428756,Dubai-5665,2,73,Normal
2026-02-17 04:44:55.428756,Dubai-5665,-1,96,Normal
2026-02-17 04:44:56.428756,Dubai-5665,-15,71,Normal
2026-02-17 04:44:57.428756,Dubai-5665,-7,42,Normal
2026-02-17 04:44:58.428756,Dubai-5665,-7,70,Normal
2026-02-17 04:44:59.428756,Dubai-5665,17,96,Normal
2026-02-17 04:45:00.428756,Dubai-5665,25,17,Normal
2026-02-17 04:45:01.428756,Dubai-5665,32,72,Normal
2026-02-17 04:45:02.428756,Dubai-5665,0,86,Normal
2026-02-17 04:45:03.428756,Dubai-5665,1,52,Normal
2026-02-17 04:45:04.428756,Dubai-5665,13,34,Normal
2026-02-17 04:45:05.428756,Dubai-5665,1,71,Normal
2026-02-17 04:45:06.428756,Dubai-5665,-27,93,Normal
2026-02-17 04:45:07.428756,Dubai-5665,-4,94,Normal
2026-02-17 04:45:08.428756,Dubai-5665,-1,97,Normal
2026-02-17 04:45:09.428756,Dubai-5665,0,17,Normal
2026-02-17 04:45:10.428756,Dubai-5665,-9,23,Normal
2026-02-17 04:45:11.428756,Dubai-5665,3,51,Normal
2026-02-17 04:45:12.428756,Dubai-5665,-19,61,Normal
2026-02-17 04:45:13.428756,Dubai-5665,-7,92,Normal
2026-02-17 04:45:14.428756,Dubai-5665,15,31,Normal
2026-02-17 04:45:15.428756,Dubai-5665,10,62,Normal
2026-02-17 04:45:16.428756,Dubai-5665,34,10,Normal
2026-02-17 04:45:17.428756,Dubai-5665,-3,36,Normal
2026-02-17 04:45:18.428756,Dubai-5665,-14,76,Normal
2026-02-17 04:45:19.428756,Dubai-5665,31,67,Normal
2026-02-17 04:45:20.428756,Dubai-5665,-6,69,Normal
2026-02-17 04:45:21.428756,Dubai-5665,23,2,Normal
2026-02-17 04:45:22.428756,Dubai-5665,50,57,Normal
2026-02-17 04:45:23.428756,Dubai-5665,25,35,Normal
2026-02-17 04:45:24.428756,Dubai-5665,-13,13,Normal
2026-02-17 04:45:25.428756,Dubai-5665,-14,33,Normal
2026-02-17 04:45:26.428756,Dubai-5665,-16,47,Normal
2026-02-17 04:45:27.428756,Dubai-5665,-2,59,Normal
2026-02-17 04:45:28.428756,Dubai-5665,31,10,Normal
2026-02-17 04:45:29.428756,Dubai-5665,-26,35,Normal
2026-02-17 04:45:30.428756,Dubai-5665,8,41,Normal
2026-02-17 04:45:31.428756,Dubai-5665,27,72,Normal
2026-02-17 04:45:32.428756,Dubai-5665,19,18,Normal
2026-02-17 04:45:33.428756,Dubai-5665,1,100,Normal
2026-02-17 04:45:34.428756,Dubai-5665,-27,57,Normal
2026-02-17 04:45:35.428756,Dubai-5665,-15,54,Normal
2026-02-17 04:45:36.428756,Dubai-5665,-16,7,Normal
2026-02-17 04:45:37.428756,Dubai-5665,-26,7,Normal
2026-02-17 04:45:38.428756,Dubai-5665,-10,35,Normal
2026-02-17 04:45:39.428756,Dubai-5665,-1,58,Normal
2026-02-17 04:45:40.428756,Dubai-5665,-11,40,Normal
2026-02-17 04:45:41.428756,Dubai-5665,-15,94,Normal
2026-02-17 04:45:42.428756,Dubai-5665,-9,50,Normal
2026-02-17 04:45:43.428756,Dubai-5665,24,21,Normal
2026-02-17 04:45:44.428756,Dubai-5665,42,19,Normal
2026-02-17 04:45:45.428756,Dubai-5665,31,22,Normal
2026-02-17 04:45:46.428756,Dubai-5665,7,25,Normal
2026-02-17 04:45:47.428756,Dubai-5665,45,35,Normal
2026-02-17 04:45:48.428756,Dubai-5665,-28,2,Normal
2026-02-17 04:45:49.428756,Dubai-5665,14,90,Normal
2026-02-17 04:45:50.428756,Dubai-5665,36,65,Normal
2026-02-17 04:45:51.428756,Dubai-5665,-4,90,Normal
2026-02-17 04:45:52.428756,Dubai-5665,25,100,Normal
2026-02-17 04:45:53.428756,Dubai-5665,39,72,Normal
2026-02-17 04:45:54.428756,Dubai-5665,-6,33,Normal
2026-02-17 04:45:55.428756,Dubai-5665,-12,66,Normal
2026-02-17 04:45:56.428756,Dubai-5665,-27,95,Normal
2026-02-17 04:45:57.428756,Dubai-5665,-11,82,Normal
2026-02-17 04:45:58.428756,Dubai-5665,-24,33,Normal
2026-02-17 04:45:59.428756,Dubai-5665,11,64,Normal
2026-02-17 04:46:00.428756,Dubai-5665,19,56,Normal
2026-02-17 04:46:01.428756,Dubai-5665,-16,93,Normal
2026-02-17 04:46:02.428756,Dubai-5665,42,91,Normal
2026-02-17 04:46:03.428756,Dubai-5665,-20,13,Normal
2026-02-17 04:46:04.428756,Dubai-5665,-11,96,Normal
2026-02-17 04:46:05.428756,Dubai-5665,40,93,Normal
2026-02-17 04:46:06.428756,Dubai-5665,42,73,Normal
2026-02-17 04:46:07.428756,Dubai-5665,43,21,Normal
2026-02-17 04:46:08.428756,Dubai-5665,-28,37,Normal
2026-02-17 04:46:09.428756,Dubai-5665,44,81,Normal
2026-02-17 04:46:10.428756,Dubai-5665,45,45,Normal
2026-02-17 04:46:11.428756,Dubai-5665,28,47,Normal
2026-02-17 04:46:12.428756,Dubai-5665,-27,74,Normal
2026-02-17 04:46:13.428756,Dubai-5665,32,14,Normal
2026-02-17 04:46:14.428756,Dubai-5665,-24,92,Normal
2026-02-17 04:46:15.428756,Dubai-5665,32,78,Normal
2026-02-17 04:46:16.428756,Dubai-5665,2,16,Normal
2026-02-17 04:46:17.428756,Dubai-5665,-14,54,Normal
2026-02-17 04:46:18.428756,Dubai-5665,44,2,Normal
2026-02-17 04:46:19.428756,Dubai-5665,35,92,Normal
2026-02-17 04:46:20.428756,Dubai-5665,44,30,Normal
2026-02-17 04:46:21.428756,Dubai-5665,0,47,Normal
2026-02-17 04:46:22.428756,Dubai-5665,11,37,Normal
2026-02-17 04:46:23.428756,Dubai-5665,16,0,Normal
2026-02-17 04:46:24.428756,Dubai-5665,18,13,Normal
2026-02-17 04:46:25.428756,Dubai-5665,-20,22,Normal
2026-02-17 04:46:26.428756,Dubai-5665,-30,98,Normal
2026-02-17 04:46:27.428756,Dubai-5665,-24,12,Normal
2026-02-17 04:46:28.428756,Dubai-5665,-7,54,Normal
2026-02-17 04:46:29.428756,Dubai-5665,4,64,Normal
2026-02-17 04:46:30.428756,Dubai-5665,-24,62,Normal
2026-02-17 04:46:31.428756,Dubai-5665,-11,2,Normal
2026-02-17 04:46:32.428756,Dubai-5665,44,88,Normal
2026-02-17 04:46:33.428756,Dubai-5665,50,91,Normal
2026-02-17 04:46:34.428756,Dubai-5665,-29,89,Normal
2026-02-17 04:46:35.428756,Dubai-5665,16,53,Normal
2026-02-17 04:46:36.428756,Dubai-5665,50,66,Normal
2026-02-17 04:46:37.428756,Dubai-5665,-22,62,Normal
2026-02-17 04:46:38.428756,Dubai-5665,24,43,Normal
2026-02-17 04:46:39.428756,Dubai-5665,50,90,Normal
2026-02-17 04:46:40.428756,Dubai-5665,-22,10,Normal
2026-02-17 04:46:41.428756,Dubai-5665,4,87,Normal
2026-02-17 04:46:42.428756,Dubai-5665,14,37,Normal
2026-02-17 04:46:43.428756,Dubai-5665,30,67,Normal
2026-02-17 04:46:44.428756,Dubai-5665,26,14,Normal
2026-02-17 04:46:45.428756,Dubai-5665,-25,60,Normal
2026-02-17 04:46:46.428756,Dubai-5665,40,89,Normal
2026-02-17 04:46:47.428756,Dubai-5665,38,18,Normal
2026-02-17 04:46:48.428756,Dubai-5665,18,11,Normal
2026-02-17 04:46:49.428756,Dubai-5665,19,72,Normal
2026-02-17 04:46:50.428756,Dubai-5665,20,0,Normal
2026-02-17 04:46:51.428756,Dubai-5665,-7,20,Normal
2026-02-17 04:46:52.428756,Dubai-5665,41,79,Normal
2026-02-17 04:46:53.428756,Dubai-5665,31,86,Normal
2026-02-17 04:46:54.428756,Dubai-5665,22,99,Normal
2026-02-17 04:46:55.428756,Dubai-5665,17,47,Normal
2026-02-17 04:46:56.428756,Dubai-5665,30,82,Normal
2026-02-17 04:46:57.428756,Dubai-5665,49,15,Normal
2026-02-17 04:46:58.428756,Dubai-5665,48,30,Normal
2026-02-17 04:46:59.428756,Dubai-5665,-12,23,Normal
2026-02-17 04:47:00.428756,Dubai-5665,33,77,Normal
2026-02-17 04:47:01.428756,Dubai-5665,4,86,Normal
2026-02-17 04:47:02.428756,Dubai-5665,-7,38,Normal
2026-02-17 04:47:03.428756,Dubai-5665,5,24,Normal
2026-02-17 04:47:04.428756,Dubai-5665,11,78,Normal
2026-02-17 04:47:05.428756,Dubai-5665,13,31,Normal
2026-02-17 04:47:06.428756,Dubai-5665,28,82,Normal
2026-02-17 04:47:07.428756,Dubai-5665,46,80,Normal
2026-02-17 04:47:08.428756,Dubai-5665,1,57,Normal
2026-02-17 04:47:09.428756,Dubai-5665,19,91,Normal
2026-02-17 04:47:10.428756,Dubai-5665,-24,63,Normal
2026-02-17 04:47:11.428756,Dubai-5665,-16,56,Normal
2026-02-17 04:47:12.428756,Dubai-5665,7,16,Normal
2026-02-17 04:47:13.428756,Dubai-5665,31,71,Normal
2026-02-17 04:47:14.428756,Dubai-5665,-10,62,Normal
2026-02-17 04:47:15.428756,Dubai-5665,-1,83,Normal
2026-02-17 04:47:16.428756,Dubai-5665,24,3,Normal
2026-02-17 04:47:17.428756,Dubai-5665,-15,77,Normal
2026-02-17 04:47:18.428756,Dubai-5665,-23,69,Normal
2026-02-17 04:47:19.428756,Dubai-5665,-28,80,Normal
2026-02-17 04:47:20.428756,Dubai-5665,-19,100,Normal
2026-02-17 04:47:21.428756,Dubai-5665,-25,93,Normal
2026-02-17 04:47:22.428756,Dubai-5665,35,29,Normal
2026-02-17 04:47:23.428756,Dubai-5665,2,23,Normal
2026-02-17 04:47:24.428756,Dubai-5665,-16,63,Normal
2026-02-17 04:47:25.428756,Dubai-5665,45,89,Normal
2026-02-17 04:47:26.428756,Dubai-5665,18,16,Normal
2026-02-17 04:47:27.428756,Dubai-5665,10,30,Normal
2026-02-17 04:47:28.428756,Dubai-5665,50,71,Normal
2026-02-17 04:47:29.428756,Dubai-5665,14,30,Normal
2026-02-17 04:47:30.428756,Dubai-5665,43,89,Normal
2026-02-17 04:47:31.428756,Dubai-5665,-12,43,Normal
2026-02-17 04:47:32.428756,Dubai-5665,44,91,Normal
2026-02-17 04:47:33.428756,Dubai-5665,26,68,Normal
2026-02-17 04:47:34.428756,Dubai-5665,50,5,Normal
2026-02-17 04:47:35.428756,Dubai-5665,37,5,Normal
2026-02-17 04:47:36.428756,Dubai-5665,38,45,Normal
2026-02-17 04:47:37.428756,Dubai-5665,-21,98,Normal
2026-02-17 04:47:38.428756,Dubai-5665,11,46,Normal
2026-02-17 04:47:39.428756,Dubai-5665,35,88,Normal
2026-02-17 04:47:40.428756,Dubai-5665,32,12,Normal
2026-02-17 04:47:41.428756,Dubai-5665,-24,46,Normal
2026-02-17 04:47:42.428756,Dubai-5665,-27,27,Normal
2026-02-17 04:47:43.428756,Dubai-5665,31,4,Normal
2026-02-17 04:47:44.428756,Dubai-5665,33,20,Normal
2026-02-17 04:47:45.428756,Dubai-5665,26,95,Normal
2026-02-17 04:47:46.428756,Dubai-5665,-1,93,Normal
2026-02-17 04:47:47.428756,Dubai-5665,-12,98,Normal
2026-02-17 04:47:48.428756,Dubai-5665,14,12,Normal
2026-02-17 04:47:49.428756,Dubai-5665,-11,84,Normal
2026-02-17 04:47:50.428756,Dubai-5665,16,42,Normal
2026-02-17 04:47:51.428756,Dubai-5665,2,75,Normal
2026-02-17 04:47:52.428756,Dubai-5665,-19,93,Normal
2026-02-17 04:47:53.428756,Dubai-5665,11,12,Normal
2026-02-17 04:47:54.428756,Dubai-5665,18,14,Normal
2026-02-17 04:47:55.428756,Dubai-5665,16,99,Normal
2026-02-17 04:47:56.428756,Dubai-5665,-8,20,Normal
2026-02-17 04:47:57.428756,Dubai-5665,31,41,Normal
2026-02-17 04:47:58.428756,Dubai-5665,6,85,Normal
2026-02-17 04:47:59.428756,Dubai-5665,-28,43,Normal
2026-02-17 04:48:00.428756,Dubai-5665,42,77,Normal
2026-02-17 04:48:01.428756,Dubai-5665,38,4,Normal
2026-02-17 04:48:02.428756,Dubai-5665,-9,56,Normal
2026-02-17 04:48:03.428756,Dubai-5665,29,7,Normal
2026-02-17 04:48:04.428756,Dubai-5665,-18,24,Normal
2026-02-17 04:48:05.428756,Dubai-5665,43,3,Normal
2026-02-17 04:48:06.428756,Dubai-5665,-8,95,Normal
2026-02-17 04:48:07.428756,Dubai-5665,46,26,Normal
2026-02-17 04:48:08.428756,Dubai-5665,37,51,Normal
2026-02-17 04:48:09.428756,Dubai-5665,-17,100,Normal
2026-02-17 04:48:10.428756,Dubai-5665,30,88,Normal
2026-02-17 04:48:11.428756,Dubai-5665,32,43,Normal
2026-02-17 04:48:12.428756,Dubai-5665,-22,87,Normal
2026-02-17 04:48:13.428756,Dubai-5665,5,25,Normal
2026-02-17 04:48:14.428756,Dubai-5665,50,95,Normal
2026-02-17 04:48:15.428756,Dubai-5665,-9,100,Normal
2026-02-17 04:48:16.428756,Dubai-5665,15,88,Normal
2026-02-17 04:48:17.428756,Dubai-5665,-14,47,Normal
2026-02-17 04:48:18.428756,Dubai-5665,3,80,Normal
2026-02-17 04:48:19.428756,Dubai-5665,48,76,Normal
2026-02-17 04:48:20.428756,Dubai-5665,-17,88,Normal
2026-02-17 04:48:21.428756,Dubai-5665,39,43,Normal
2026-02-17 04:48:22.428756,Dubai-5665,25,37,Normal
2026-02-17 04:48:23.428756,Dubai-5665,49,61,Normal
2026-02-17 04:48:24.428756,Dubai-5665,9,78,Normal
2026-02-17 04:48:25.428756,Dubai-5665,-17,87,Normal
2026-02-17 04:48:26.428756,Dubai-5665,42,79,Normal
2026-02-17 04:48:27.428756,Dubai-5665,44,24,Normal
2026-02-17 04:48:28.428756,Dubai-5665,-30,8,Normal
2026-02-17 04:48:29.428756,Dubai-5665,-25,27,Normal
2026-02-17 04:48:30.428756,Dubai-5665,-8,22,Normal
2026-02-17 04:48:31.428756,Dubai-5665,-25,7,Normal
2026-02-17 04:48:32.428756,Dubai-5665,33,36,Normal
2026-02-17 04:48:33.428756,Dubai-5665,-24,65,Normal
2026-02-17 04:48:34.428756,Dubai-5665,-20,21,Normal
2026-02-17 04:48:35.428756,Dubai-5665,-19,54,Normal
2026-02-17 04:48:36.428756,Dubai-5665,45,73,Normal
2026-02-17 04:48:37.428756,Dubai-5665,33,85,Normal
2026-02-17 04:48:38.428756,Dubai-5665,-26,35,Normal
2026-02-17 04:48:39.428756,Dubai-5665,40,3,Normal
2026-02-17 04:48:40.428756,Dubai-5665,27,88,Normal
2026-02-17 04:48:41.428756,Dubai-5665,44,8,Normal
2026-02-17 04:48:42.428756,Dubai-5665,-2,42,Normal
2026-02-17 04:48:43.428756,Dubai-5665,4,70,Normal
2026-02-17 04:48:44.428756,Dubai-5665,25,91,Normal
2026-02-17 04:48:45.428756,Dubai-5665,-7,91,Normal
2026-02-17 04:48:46.428756,Dubai-5665,4,83,Normal
2026-02-17 04:48:47.428756,Dubai-5665,2,25,Normal
2026-02-17 04:48:48.428756,Dubai-5665,-12,71,Normal
2026-02-17 04:48:49.428756,Dubai-5665,-11,10,Normal
2026-02-17 04:48:50.428756,Dubai-5665,-11,90,Normal
2026-02-17 04:48:51.428756,Dubai-5665,-13,31,Normal
2026-02-17 04:48:52.428756,Dubai-5665,21,32,Normal
2026-02-17 04:48:53.428756,Dubai-5665,-20,60,Normal
2026-02-17 04:48:54.428756,Dubai-5665,34,89,Normal
2026-02-17 04:48:55.428756,Dubai-5665,26,96,Normal
2026-02-17 04:48:56.428756,Dubai-5665,38,48,Normal
2026-02-17 04:48:57.428756,Dubai-5665,44,32,Normal
2026-02-17 04:48:58.428756,Dubai-5665,19,60,Normal
2026-02-17 04:48:59.428756,Dubai-5665,32,54,Normal
2026-02-17 04:49:00.428756,Dubai-5665,47,74,Normal
2026-02-17 04:49:01.428756,Dubai-5665,48,63,Normal
2026-02-17 04:49:02.428756,Dubai-5665,13,70,Normal
2026-02-17 04:49:03.428756,Dubai-5665,31,65,Normal
2026-02-17 04:49:04.428756,Dubai-5665,-19,68,Normal
2026-02-17 04:49:05.428756,Dubai-5665,5,45,Normal
2026-02-17 04:49:06.428756,Dubai-5665,41,16,Normal
2026-02-17 04:49:07.428756,Dubai-5665,-3,53,Normal
2026-02-17 04:49:08.428756,Dubai-5665,11,2,Normal
2026-02-17 04:49:09.428756,Dubai-5665,12,53,Normal
2026-02-17 04:49:10.428756,Dubai-5665,-18,52,Normal
2026-02-17 04:49:11.428756,Dubai-5665,34,56,Normal
2026-02-17 04:49:12.428756,Dubai-5665,39,71,Normal
2026-02-17 04:49:13.428756,Dubai-5665,39,40,Normal
2026-02-17 04:49:14.428756,Dubai-5665,4,22,Normal
2026-02-17 04:49:15.428756,Dubai-5665,13,22,Normal
2026-02-17 04:49:16.428756,Dubai-5665,37,51,Normal
2026-02-17 04:49:17.428756,Dubai-5665,1,76,Normal
2026-02-17 04:49:18.428756,Dubai-5665,-10,72,Normal
2026-02-17 04:49:19.428756,Dubai-5665,5,98,Normal
2026-02-17 04:49:20.428756,Dubai-5665,30,9,Normal
2026-02-17 04:49:21.428756,Dubai-5665,-18,11,Normal
2026-02-17 04:49:22.428756,Dubai-5665,-2,82,Normal
2026-02-17 04:49:23.428756,Dubai-5665,20,10,Normal
2026-02-17 04:49:24.428756,Dubai-5665,7,84,Normal
2026-02-17 04:49:25.428756,Dubai-5665,-23,89,Normal
2026-02-17 04:49:26.428756,Dubai-5665,24,37,Normal
2026-02-17 04:49:27.428756,Dubai-5665,4,58,Normal
2026-02-17 04:49:28.428756,Dubai-5665,20,74,Normal
2026-02-17 04:49:29.428756,Dubai-5665,47,66,Normal
2026-02-17 04:49:30.428756,Dubai-5665,37,28,Normal
2026-02-17 04:49:31.428756,Dubai-5665,28,12,Normal
2026-02-17 04:49:32.428756,Dubai-5665,39,28,Normal
2026-02-17 04:49:33.428756,Dubai-5665,-7,60,Normal
2026-02-17 04:49:34.428756,Dubai-5665,26,98,Normal
2026-02-17 04:49:35.428756,Dubai-5665,5,73,Normal
2026-02-17 04:49:36.428756,Dubai-5665,18,35,Normal
2026-02-17 04:49:37.428756,Dubai-5665,28,79,Normal
2026-02-17 04:49:38.428756,Dubai-5665,46,95,Normal
2026-02-17 04:49:39.428756,Dubai-5665,45,43,Normal
2026-02-17 04:49:40.428756,Dubai-5665,24,100,Normal
2026-02-17 04:49:41.428756,Dubai-5665,3,32,Normal
2026-02-17 04:49:42.428756,Dubai-5665,-14,75,Normal
2026-02-17 04:49:43.428756,Dubai-5665,30,28,Normal
2026-02-17 04:49:44.428756,Dubai-5665,27,97,Normal
2026-02-17 04:49:45.428756,Dubai-5665,0,42,Normal
2026-02-17 04:49:46.428756,Dubai-5665,40,79,Normal
2026-02-17 04:49:47.428756,Dubai-5665,29,47,Normal
2026-02-17 04:49:48.428756,Dubai-5665,8,78,Normal
2026-02-17 04:49:49.428756,Dubai-5665,-17,64,Normal
2026-02-17 04:49:50.428756,Dubai-5665,-6,99,Normal
2026-02-17 04:49:51.428756,Dubai-5665,35,34,Normal
2026-02-17 04:49:52.428756,Dubai-5665,44,4,Normal
2026-02-17 04:49:53.428756,Dubai-5665,-8,55,Normal
2026-02-17 04:49:54.428756,Dubai-5665,47,89,Normal
2026-02-17 04:49:55.428756,Dubai-5665,12,21,Normal
2026-02-17 04:49:56.428756,Dubai-5665,41,32,Normal
2026-02-17 04:49:57.428756,Dubai-5665,22,64,Normal
2026-02-17 04:49:58.428756,Dubai-5665,50,99,Normal
2026-02-17 04:49:59.428756,Dubai-5665,0,9,Normal
2026-02-17 04:50:00.428756,Dubai-5665,-15,1,Normal
2026-02-17 04:50:01.428756,Dubai-5665,-26,63,Normal
2026-02-17 04:50:02.428756,Dubai-5665,48,68,Normal
2026-02-17 04:50:03.428756,Dubai-5665,13,85,Normal
2026-02-17 04:50:04.428756,Dubai-5665,-3,62,Normal
2026-02-17 04:50:05.428756,Dubai-5665,18,96,Normal
2026-02-17 04:50:06.428756,Dubai-5665,14,43,Normal
2026-02-17 04:50:07.428756,Dubai-5665,33,9,Normal
2026-02-17 04:50:08.428756,Dubai-5665,9,69,Normal
2026-02-17 04:50:09.428756,Dubai-5665,17,64,Normal
2026-02-17 04:50:10.428756,Dubai-5665,-5,10,Normal
2026-02-17 04:50:11.428756,Dubai-5665,40,100,Normal
2026-02-17 04:50:12.428756,Dubai-5665,28,92,Normal
2026-02-17 04:50:13.428756,Dubai-5665,-27,67,Normal
2026-02-17 04:50:14.428756,Dubai-5665,40,34,Normal
2026-02-17 04:50:15.428756,Dubai-5665,-1,89,Normal
2026-02-17 04:50:16.428756,Dubai-5665,28,16,Normal
2026-02-17 04:50:17.428756,Dubai-5665,44,48,Normal
2026-02-17 04:50:18.428756,Dubai-5665,23,84,Normal
2026-02-17 04:50:19.428756,Dubai-5665,31,32,Normal
2026-02-17 04:50:20.428756,Dubai-5665,-3,45,Normal
2026-02-17 04:50:21.428756,Dubai-5665,9,81,Normal
2026-02-17 04:50:22.428756,Dubai-5665,13,96,Normal
2026-02-17 04:50:23.428756,Dubai-5665,13,26,Normal
2026-02-17 04:50:24.428756,Dubai-5665,18,93,Normal
2026-02-17 04:50:25.428756,Dubai-5665,-8,27,Normal
2026-02-17 04:50:26.428756,Dubai-5665,-6,60,Normal
2026-02-17 04:50:27.428756,Dubai-5665,11,4,Normal
2026-02-17 04:50:28.428756,Dubai-5665,35,83,Normal
2026-02-17 04:50:29.428756,Dubai-5665,35,100,Normal
2026-02-17 04:50:30.428756,Dubai-5665,48,93,Normal
2026-02-17 04:50:31.428756,Dubai-5665,42,8,Normal
2026-02-17 04:50:32.428756,Dubai-5665,-5,71,Normal
2026-02-17 04:50:33.428756,Dubai-5665,-13,72,Normal
2026-02-17 04:50:34.428756,Dubai-5665,40,29,Normal
2026-02-17 04:50:35.428756,Dubai-5665,-11,85,Normal
2026-02-17 04:50:36.428756,Dubai-5665,-8,42,Normal
2026-02-17 04:50:37.428756,Dubai-5665,-3,64,Normal
2026-02-17 04:50:38.428756,Dubai-5665,43,27,Normal
2026-02-17 04:50:39.428756,Dubai-5665,22,44,Normal
2026-02-17 04:50:40.428756,Dubai-5665,-24,99,Normal
2026-02-17 04:50:41.428756,Dubai-5665,35,94,Normal
2026-02-17 04:50:42.428756,Dubai-5665,18,17,Normal
2026-02-17 04:50:43.428756,Dubai-5665,-14,85,Normal
2026-02-17 04:50:44.428756,Dubai-5665,44,98,Normal
2026-02-17 04:50:45.428756,Dubai-5665,6,14,Normal
2026-02-17 04:50:46.428756,Dubai-5665,39,73,Normal
2026-02-17 04:50:47.428756,Dubai-5665,39,80,Normal
2026-02-17 04:50:48.428756,Dubai-5665,33,93,Normal
2026-02-17 04:50:49.428756,Dubai-5665,6,10,Normal
2026-02-17 04:50:50.428756,Dubai-5665,-28,15,Normal
2026-02-17 04:50:51.428756,Dubai-5665,-8,23,Normal
2026-02-17 04:50:52.428756,Dubai-5665,-14,23,Normal
2026-02-17 04:50:53.428756,Dubai-5665,26,4,Normal
2026-02-17 04:50:54.428756,Dubai-5665,33,34,Normal
2026-02-17 04:50:55.428756,Dubai-5665,-27,28,Normal
2026-02-17 04:50:56.428756,Dubai-5665,26,14,Normal
2026-02-17 04:50:57.428756,Dubai-5665,30,55,Normal
2026-02-17 04:50:58.428756,Dubai-5665,1,74,Normal
2026-02-17 04:50:59.428756,Dubai-5665,46,45,Normal
2026-02-17 04:51:00.428756,Dubai-5665,1,32,Normal
2026-02-17 04:51:01.428756,Dubai-5665,-16,93,Normal
2026-02-17 04:51:02.428756,Dubai-5665,42,11,Normal
2026-02-17 04:51:03.428756,Dubai-5665,-2,31,Normal
2026-02-17 04:51:04.428756,Dubai-5665,-6,64,Normal
2026-02-17 04:51:05.428756,Dubai-5665,-4,6,Normal
2026-02-17 04:51:06.428756,Dubai-5665,44,53,Normal
2026-02-17 04:51:07.428756,Dubai-5665,17,69,Normal
2026-02-17 04:51:08.428756,Dubai-5665,34,38,Normal
2026-02-17 04:51:09.428756,Dubai-5665,20,22,Normal
2026-02-17 04:51:10.428756,Dubai-5665,25,92,Normal
2026-02-17 04:51:11.428756,Dubai-5665,24,100,Normal
2026-02-17 04:51:12.428756,Dubai-5665,42,19,Normal
2026-02-17 04:51:13.428756,Dubai-5665,45,13,Normal
2026-02-17 04:51:14.428756,Dubai-5665,-23,22,Normal
2026-02-17 04:51:15.428756,Dubai-5665,29,80,Normal
2026-02-17 04:51:16.428756,Dubai-5665,29,56,Normal
2026-02-17 04:51:17.428756,Dubai-5665,20,45,Normal
2026-02-17 04:51:18.428756,Dubai-5665,32,15,Normal
2026-02-17 04:51:19.428756,Dubai-5665,7,9,Normal
2026-02-17 04:51:20.428756,Dubai-5665,24,41,Normal
2026-02-17 04:51:21.428756,Dubai-5665,15,78,Normal
2026-02-17 04:51:22.428756,Dubai-5665,-8,79,Normal
2026-02-17 04:51:23.428756,Dubai-5665,-22,14,Normal
2026-02-17 04:51:24.428756,Dubai-5665,49,64,Normal
2026-02-17 04:51:25.428756,Dubai-5665,-5,52,Normal
2026-02-17 04:51:26.428756,Dubai-5665,39,85,Normal
2026-02-17 04:51:27.428756,Dubai-5665,35,43,Normal
2026-02-17 04:51:28.428756,Dubai-5665,42,97,Normal
2026-02-17 04:51:29.428756,Dubai-5665,6,39,Normal
2026-02-17 04:51:30.428756,Dubai-5665,39,78,Normal
2026-02-17 04:51:31.428756,Dubai-5665,-29,42,Normal
2026-02-17 04:51:32.428756,Dubai-5665,-26,69,Normal
2026-02-17 04:51:33.428756,Dubai-5665,20,27,Normal
2026-02-17 04:51:34.428756,Dubai-5665,23,64,Normal
2026-02-17 04:51:35.428756,Dubai-5665,37,47,Normal
2026-02-17 04:51:36.428756,Dubai-5665,33,41,Normal
2026-02-17 04:51:37.428756,Dubai-5665,37,75,Normal
2026-02-17 04:51:38.428756,Dubai-5665,14,96,Normal
2026-02-17 04:51:39.428756,Dubai-5665,37,40,Normal
2026-02-17 04:51:40.428756,Dubai-5665,-28,65,Normal
2026-02-17 04:51:41.428756,Dubai-5665,0,85,Normal
2026-02-17 04:51:42.428756,Dubai-5665,25,43,Normal
2026-02-17 04:51:43.428756,Dubai-5665,29,35,Normal
2026-02-17 04:51:44.428756,Dubai-5665,49,91,Normal
2026-02-17 04:51:45.428756,Dubai-5665,36,48,Normal
2026-02-17 04:51:46.428756,Dubai-5665,46,55,Normal
2026-02-17 04:51:47.428756,Dubai-5665,48,82,Normal
2026-02-17 04:51:48.428756,Dubai-5665,0,97,Normal
2026-02-17 04:51:49.428756,Dubai-5665,-12,73,Normal
2026-02-17 04:51:50.428756,Dubai-5665,10,66,Normal
2026-02-17 04:51:51.428756,Dubai-5665,0,27,Normal
2026-02-17 04:51:52.428756,Dubai-5665,50,36,Normal
2026-02-17 04:51:53.428756,Dubai-5665,4,14,Normal
2026-02-17 04:51:54.428756,Dubai-5665,12,44,Normal
2026-02-17 04:51:55.428756,Dubai-5665,-23,79,Normal
2026-02-17 04:51:56.428756,Dubai-5665,-22,24,Normal
2026-02-17 04:51:57.428756,Dubai-5665,-20,16,Normal
2026-02-17 04:51:58.428756,Dubai-5665,-13,92,Normal
2026-02-17 04:51:59.428756,Dubai-5665,-15,40,Normal
2026-02-17 04:52:00.428756,Dubai-5665,2,8,Normal
2026-02-17 04:52:01.428756,Dubai-5665,20,71,Normal
2026-02-17 04:52:02.428756,Dubai-5665,-20,58,Normal
2026-02-17 04:52:03.428756,Dubai-5665,-11,65,Normal
2026-02-17 04:52:04.428756,Dubai-5665,-27,54,Normal
2026-02-17 04:52:05.428756,Dubai-5665,30,51,Normal
2026-02-17 04:52:06.428756,Dubai-5665,5,72,Normal
2026-02-17 04:52:07.428756,Dubai-5665,-4,77,Normal
2026-02-17 04:52:08.428756,Dubai-5665,-10,20,Normal
2026-02-17 04:52:09.428756,Dubai-5665,12,8,Normal
2026-02-17 04:52:10.428756,Dubai-5665,32,30,Normal
2026-02-17 04:52:11.428756,Dubai-5665,-7,26,Normal
2026-02-17 04:52:12.428756,Dubai-5665,-16,34,Normal
2026-02-17 04:52:13.428756,Dubai-5665,-27,66,Normal
2026-02-17 04:52:14.428756,Dubai-5665,42,60,Normal
2026-02-17 04:52:15.428756,Dubai-5665,-20,72,Normal
2026-02-17 04:52:16.428756,Dubai-5665,0,45,Normal
2026-02-17 04:52:17.428756,Dubai-5665,4,87,Normal
2026-02-17 04:52:18.428756,Dubai-5665,-20,64,Normal
2026-02-17 04:52:19.428756,Dubai-5665,6,86,Normal
2026-02-17 04:52:20.428756,Dubai-5665,10,79,Normal
2026-02-17 04:52:21.428756,Dubai-5665,24,21,Normal
2026-02-17 04:52:22.428756,Dubai-5665,28,39,Normal
2026-02-17 04:52:23.428756,Dubai-5665,37,99,Normal
2026-02-17 04:52:24.428756,Dubai-5665,-17,100,Normal
2026-02-17 04:52:25.428756,Dubai-5665,49,89,Normal
2026-02-17 04:52:26.428756,Dubai-5665,-28,45,Normal
2026-02-17 04:52:27.428756,Dubai-5665,36,18,Normal
2026-02-17 04:52:28.428756,Dubai-5665,-25,63,Normal
2026-02-17 04:52:29.428756,Dubai-5665,-18,96,Normal
2026-02-17 04:52:30.428756,Dubai-5665,22,99,Normal
2026-02-17 04:52:31.428756,Dubai-5665,49,67,Normal
2026-02-17 04:52:32.428756,Dubai-5665,-17,7,Normal
2026-02-17 04:52:33.428756,Dubai-5665,-29,84,Normal
2026-02-17 04:52:34.428756,Dubai-5665,-10,80,Normal
2026-02-17 04:52:35.428756,Dubai-5665,-25,48,Normal
2026-02-17 04:52:36.428756,Dubai-5665,-16,11,Normal
2026-02-17 04:52:37.428756,Dubai-5665,45,25,Normal
2026-02-17 04:52:38.428756,Dubai-5665,-11,6,Normal
2026-02-17 04:52:39.428756,Dubai-5665,27,59,Normal
2026-02-17 04:52:40.428756,Dubai-5665,50,91,Normal
2026-02-17 04:52:41.428756,Dubai-5665,27,48,Normal
2026-02-17 04:52:42.428756,Dubai-5665,17,91,Normal
2026-02-17 04:52:43.428756,Dubai-5665,33,37,Normal
2026-02-17 04:52:44.428756,Dubai-5665,-19,38,Normal
2026-02-17 04:52:45.428756,Dubai-5665,-28,0,Normal
2026-02-17 04:52:46.428756,Dubai-5665,47,75,Normal
2026-02-17 04:52:47.428756,Dubai-5665,-11,57,Normal
2026-02-17 04:52:48.428756,Dubai-5665,48,62,Normal
2026-02-17 04:52:49.428756,Dubai-5665,-9,99,Normal
2026-02-17 04:52:50.428756,Dubai-5665,35,94,Normal
2026-02-17 04:52:51.428756,Dubai-5665,-11,56,Normal
2026-02-17 04:52:52.428756,Dubai-5665,44,14,Normal
2026-02-17 04:52:53.428756,Dubai-5665,22,8,Normal
2026-02-17 04:52:54.428756,Dubai-5665,-14,0,Normal
2026-02-17 04:52:55.428756,Dubai-5665,-15,58,Normal
2026-02-17 04:52:56.428756,Dubai-5665,-18,12,Normal
2026-02-17 04:52:57.428756,Dubai-5665,-22,26,Normal
2026-02-17 04:52:58.428756,Dubai-5665,11,26,Normal
2026-02-17 04:52:59.428756,Dubai-5665,46,81,Normal
2026-02-17 04:53:00.428756,Dubai-5665,17,52,Normal
2026-02-17 04:53:01.428756,Dubai-5665,-6,92,Normal
2026-02-17 04:53:02.428756,Dubai-5665,-13,55,Normal
2026-02-17 04:53:03.428756,Dubai-5665,17,37,Normal
2026-02-17 04:53:04.428756,Dubai-5665,-16,12,Normal
2026-02-17 04:53:05.428756,Dubai-5665,-28,49,Normal
2026-02-17 04:53:06.428756,Dubai-5665,17,41,Normal
2026-02-17 04:53:07.428756,Dubai-5665,-30,55,Normal
2026-02-17 04:53:08.428756,Dubai-5665,7,68,Normal
2026-02-17 04:53:09.428756,Dubai-5665,8,23,Normal
2026-02-17 04:53:10.428756,Dubai-5665,8,25,Normal
2026-02-17 04:53:11.428756,Dubai-5665,-24,8,Normal
2026-02-17 04:53:12.428756,Dubai-5665,-14,83,Normal
2026-02-17 04:53:13.428756,Dubai-5665,39,58,Normal
2026-02-17 04:53:14.428756,Dubai-5665,5,44,Normal
2026-02-17 04:53:15.428756,Dubai-5665,23,37,Normal
2026-02-17 04:53:16.428756,Dubai-5665,47,95,Normal
2026-02-17 04:53:17.428756,Dubai-5665,-5,1,Normal
2026-02-17 04:53:18.428756,Dubai-5665,7,3,Normal
2026-02-17 04:53:19.428756,Dubai-5665,3,6,Normal
2026-02-17 04:53:20.428756,Dubai-5665,-1,14,Normal
2026-02-17 04:53:21.428756,Dubai-5665,49,0,Normal
2026-02-17 04:53:22.428756,Dubai-5665,49,55,Normal
2026-02-17 04:53:23.428756,Dubai-5665,-24,58,Normal
2026-02-17 04:53:24.428756,Dubai-5665,24,70,Normal
2026-02-17 04:53:25.428756,Dubai-5665,46,39,Normal
2026-02-17 04:53:26.428756,Dubai-5665,47,73,Normal
2026-02-17 04:53:27.428756,Dubai-5665,-4,77,Normal
2026-02-17 04:53:28.428756,Dubai-5665,-8,13,Normal
2026-02-17 04:53:29.428756,Dubai-5665,8,77,Normal
2026-02-17 04:53:30.428756,Dubai-5665,-9,77,Normal
2026-02-17 04:53:31.428756,Dubai-5665,-10,49,Normal
2026-02-17 04:53:32.428756,Dubai-5665,48,12,Normal
2026-02-17 04:53:33.428756,Dubai-5665,-2,90,Normal
2026-02-17 04:53:34.428756,Dubai-5665,17,40,Normal
2026-02-17 04:53:35.428756,Dubai-5665,-20,12,Normal
2026-02-17 04:53:36.428756,Dubai-5665,31,66,Normal
2026-02-17 04:53:37.428756,Dubai-5665,32,99,Normal
2026-02-17 04:53:38.428756,Dubai-5665,12,78,Normal
2026-02-17 04:53:39.428756,Dubai-5665,27,0,Normal
2026-02-17 04:53:40.428756,Dubai-5665,-2,78,Normal
2026-02-17 04:53:41.428756,Dubai-5665,44,49,Normal
2026-02-17 04:53:42.428756,Dubai-5665,16,42,Normal
2026-02-17 04:53:43.428756,Dubai-5665,-9,87,Normal
2026-02-17 04:53:44.428756,Dubai-5665,-2,48,Normal
2026-02-17 04:53:45.428756,Dubai-5665,-5,3,Normal
2026-02-17 04:53:46.428756,Dubai-5665,-17,2,Normal
2026-02-17 04:53:47.428756,Dubai-5665,44,26,Normal
2026-02-17 04:53:48.428756,Dubai-5665,-29,62,Normal
2026-02-17 04:53:49.428756,Dubai-5665,-16,83,Normal
2026-02-17 04:53:50.428756,Dubai-5665,-11,100,Normal
2026-02-17 04:53:51.428756,Dubai-5665,28,22,Normal
2026-02-17 04:53:52.428756,Dubai-5665,36,53,Normal
2026-02-17 04:53:53.428756,Dubai-5665,20,11,Normal
2026-02-17 04:53:54.428756,Dubai-5665,13,12,Normal
2026-02-17 04:53:55.428756,Dubai-5665,-4,46,Normal
2026-02-17 04:53:56.428756,Dubai-5665,-17,62,Normal
2026-02-17 04:53:57.428756,Dubai-5665,4,65,Normal
2026-02-17 04:53:58.428756,Dubai-5665,50,2,Normal
2026-02-17 04:53:59.428756,Dubai-5665,45,93,Normal
2026-02-17 04:54:00.428756,Dubai-5665,23,50,Normal
2026-02-17 04:54:01.428756,Dubai-5665,20,31,Normal
2026-02-17 04:54:02.428756,Dubai-5665,37,0,Normal
2026-02-17 04:54:03.428756,Dubai-5665,30,23,Normal
2026-02-17 04:54:04.428756,Dubai-5665,13,13,Normal
2026-02-17 04:54:05.428756,Dubai-5665,23,39,Normal
2026-02-17 04:54:06.428756,Dubai-5665,-10,71,Normal
2026-02-17 04:54:07.428756,Dubai-5665,26,98,Normal
2026-02-17 04:54:08.428756,Dubai-5665,-22,14,Normal
2026-02-17 04:54:09.428756,Dubai-5665,39,44,Normal
2026-02-17 04:54:10.428756,Dubai-5665,2,55,Normal
2026-02-17 04:54:11.428756,Dubai-5665,43,4,Normal
2026-02-17 04:54:12.428756,Dubai-5665,-14,69,Normal
2026-02-17 04:54:13.428756,Dubai-5665,34,42,Normal
2026-02-17 04:54:14.428756,Dubai-5665,19,9,Normal
2026-02-17 04:54:15.428756,Dubai-5665,40,27,Normal
2026-02-17 04:54:16.428756,Dubai-5665,-14,23,Normal
2026-02-17 04:54:17.428756,Dubai-5665,10,37,Normal
2026-02-17 04:54:18.428756,Dubai-5665,38,19,Normal
2026-02-17 04:54:19.428756,Dubai-5665,45,42,Normal
2026-02-17 04:54:20.428756,Dubai-5665,38,27,Normal
2026-02-17 04:54:21.428756,Dubai-5665,-7,42,Normal
2026-02-17 04:54:22.428756,Dubai-5665,3,82,Normal
2026-02-17 04:54:23.428756,Dubai-5665,44,72,Normal
2026-02-17 04:54:24.428756,Dubai-5665,9,42,Normal
2026-02-17 04:54:25.428756,Dubai-5665,23,52,Normal
2026-02-17 04:54:26.428756,Dubai-5665,-15,26,Normal
2026-02-17 04:54:27.428756,Dubai-5665,29,73,Normal
2026-02-17 04:54:28.428756,Dubai-5665,-8,72,Normal
2026-02-17 04:54:29.428756,Dubai-5665,32,79,Normal
2026-02-17 04:54:30.428756,Dubai-5665,33,16,Normal
2026-02-17 04:54:31.428756,Dubai-5665,2,68,Normal
2026-02-17 04:54:32.428756,Dubai-5665,38,43,Normal
2026-02-17 04:54:33.428756,Dubai-5665,9,9,Normal
2026-02-17 04:54:34.428756,Dubai-5665,-9,66,Normal
2026-02-17 04:54:35.428756,Dubai-5665,-2,78,Normal
2026-02-17 04:54:36.428756,Dubai-5665,47,1,Normal
2026-02-17 04:54:37.428756,Dubai-5665,-23,68,Normal
2026-02-17 04:54:38.428756,Dubai-5665,7,73,Normal
2026-02-17 04:54:39.428756,Dubai-5665,-11,45,Normal
2026-02-17 04:54:40.428756,Dubai-5665,33,33,Normal
2026-02-17 04:54:41.428756,Dubai-5665,-15,74,Normal
2026-02-17 04:54:42.428756,Dubai-5665,14,39,Normal
2026-02-17 04:54:43.428756,Dubai-5665,2,96,Normal
2026-02-17 04:54:44.428756,Dubai-5665,-19,74,Normal
2026-02-17 04:54:45.428756,Dubai-5665,28,63,Normal
2026-02-17 04:54:46.428756,Dubai-5665,1,81,Normal
2026-02-17 04:54:47.428756,Dubai-5665,45,91,Normal
2026-02-17 04:54:48.428756,Dubai-5665,29,95,Normal
2026-02-17 04:54:49.428756,Dubai-5665,-5,74,Normal
2026-02-17 04:54:50.428756,Dubai-5665,40,80,Normal
2026-02-17 04:54:51.428756,Dubai-5665,10,13,Normal
2026-02-17 04:54:52.428756,Dubai-5665,17,35,Normal
2026-02-17 04:54:53.428756,Dubai-5665,-25,26,Normal
2026-02-17 04:54:54.428756,Dubai-5665,0,26,Normal
2026-02-17 04:54:55.428756,Dubai-5665,-19,47,Normal
2026-02-17 04:54:56.428756,Dubai-5665,37,97,Normal
2026-02-17 04:54:57.428756,Dubai-5665,42,31,Normal
2026-02-17 04:54:58.428756,Dubai-5665,13,60,Normal
2026-02-17 04:54:59.428756,Dubai-5665,-7,66,Normal
2026-02-17 04:55:00.428756,Dubai-5665,-20,50,Normal
2026-02-17 04:55:01.428756,Dubai-5665,23,88,Normal
2026-02-17 04:55:02.428756,Dubai-5665,14,78,Normal
2026-02-17 04:55:03.428756,Dubai-5665,-2,99,Normal
2026-02-17 04:55:04.428756,Dubai-5665,28,13,Normal
2026-02-17 04:55:05.428756,Dubai-5665,20,17,Normal
2026-02-17 04:55:06.428756,Dubai-5665,31,69,Normal
2026-02-17 04:55:07.428756,Dubai-5665,-1,23,Normal
2026-02-17 04:55:08.428756,Dubai-5665,2,26,Normal
2026-02-17 04:55:09.428756,Dubai-5665,-7,41,Normal
2026-02-17 04:55:10.428756,Dubai-5665,49,45,Normal
2026-02-17 04:55:11.428756,Dubai-5665,20,50,Normal
2026-02-17 04:55:12.428756,Dubai-5665,48,56,Normal
2026-02-17 04:55:13.428756,Dubai-5665,31,72,Normal
2026-02-17 04:55:14.428756,Dubai-5665,17,7,Normal
2026-02-17 04:55:15.428756,Dubai-5665,-13,83,Normal
2026-02-17 04:55:16.428756,Dubai-5665,-24,46,Normal
2026-02-17 04:55:17.428756,Dubai-5665,20,7,Normal
2026-02-17 04:55:18.428756,Dubai-5665,23,1,Normal
2026-02-17 04:55:19.428756,Dubai-5665,46,64,Normal
2026-02-17 04:55:20.428756,Dubai-5665,-3,86,Normal
2026-02-17 04:55:21.428756,Dubai-5665,-8,14,Normal
2026-02-17 04:55:22.428756,Dubai-5665,17,42,Normal
2026-02-17 04:55:23.428756,Dubai-5665,-12,15,Normal
2026-02-17 04:55:24.428756,Dubai-5665,36,57,Normal
2026-02-17 04:55:25.428756,Dubai-5665,47,34,Normal
2026-02-17 04:55:26.428756,Dubai-5665,22,60,Normal
2026-02-17 04:55:27.428756,Dubai-5665,10,59,Normal
2026-02-17 04:55:28.428756,Dubai-5665,40,60,Normal
2026-02-17 04:55:29.428756,Dubai-5665,-3,83,Normal
2026-02-17 04:55:30.428756,Dubai-5665,17,90,Normal
2026-02-17 04:55:31.428756,Dubai-5665,1,67,Normal
2026-02-17 04:55:32.428756,Dubai-5665,44,90,Normal
2026-02-17 04:55:33.428756,Dubai-5665,-18,62,Normal
2026-02-17 04:55:34.428756,Dubai-5665,14,3,Normal
2026-02-17 04:55:35.428756,Dubai-5665,21,51,Normal
2026-02-17 04:55:36.428756,Dubai-5665,-14,36,Normal
2026-02-17 04:55:37.428756,Dubai-5665,-29,45,Normal
2026-02-17 04:55:38.428756,Dubai-5665,-2,18,Normal
2026-02-17 04:55:39.428756,Dubai-5665,-29,61,Normal
2026-02-17 04:55:40.428756,Dubai-5665,-13,91,Normal
2026-02-17 04:55:41.428756,Dubai-5665,-17,20,Normal
2026-02-17 04:55:42.428756,Dubai-5665,-24,68,Normal
2026-02-17 04:55:43.428756,Dubai-5665,31,0,Normal
2026-02-17 04:55:44.428756,Dubai-5665,45,44,Normal
2026-02-17 04:55:45.428756,Dubai-5665,7,42,Normal
2026-02-17 04:55:46.428756,Dubai-5665,-8,15,Normal
2026-02-17 04:55:47.428756,Dubai-5665,34,54,Normal
2026-02-17 04:55:48.428756,Dubai-5665,20,35,Normal
2026-02-17 04:55:49.428756,Dubai-5665,14,43,Normal
2026-02-17 04:55:50.428756,Dubai-5665,-14,45,Normal
2026-02-17 04:55:51.428756,Dubai-5665,-19,52,Normal
2026-02-17 04:55:52.428756,Dubai-5665,10,29,Normal
2026-02-17 04:55:53.428756,Dubai-5665,-21,3,Normal
2026-02-17 04:55:54.428756,Dubai-5665,-6,96,Normal
2026-02-17 04:55:55.428756,Dubai-5665,43,96,Normal
2026-02-17 04:55:56.428756,Dubai-5665,6,81,Normal
2026-02-17 04:55:57.428756,Dubai-5665,-7,50,Normal
2026-02-17 04:55:58.428756,Dubai-5665,3,18,Normal
2026-02-17 04:55:59.428756,Dubai-5665,-6,65,Normal
2026-02-17 04:56:00.428756,Dubai-5665,17,17,Normal
2026-02-17 04:56:01.428756,Dubai-5665,11,45,Normal
2026-02-17 04:56:02.428756,Dubai-5665,46,26,Normal
2026-02-17 04:56:03.428756,Dubai-5665,40,100,Normal
2026-02-17 04:56:04.428756,Dubai-5665,14,24,Normal
2026-02-17 04:56:05.428756,Dubai-5665,29,97,Normal
2026-02-17 04:56:06.428756,Dubai-5665,-28,86,Normal
2026-02-17 04:56:07.428756,Dubai-5665,-15,79,Normal
2026-02-17 04:56:08.428756,Dubai-5665,50,43,Normal
2026-02-17 04:56:09.428756,Dubai-5665,29,85,Normal
2026-02-17 04:56:10.428756,Dubai-5665,10,25,Normal
2026-02-17 04:56:11.428756,Dubai-5665,37,27,Normal
2026-02-17 04:56:12.428756,Dubai-5665,27,43,Normal
2026-02-17 04:56:13.428756,Dubai-5665,-16,38,Normal
2026-02-17 04:56:14.428756,Dubai-5665,-21,98,Normal
2026-02-17 04:56:15.428756,Dubai-5665,33,33,Normal
2026-02-17 04:56:16.428756,Dubai-5665,19,89,Normal
2026-02-17 04:56:17.428756,Dubai-5665,-29,98,Normal
2026-02-17 04:56:18.428756,Dubai-5665,11,27,Normal
2026-02-17 04:56:19.428756,Dubai-5665,3,27,Normal
2026-02-17 04:56:20.428756,Dubai-5665,39,43,Normal
2026-02-17 04:56:21.428756,Dubai-5665,-19,94,Normal
2026-02-17 04:56:22.428756,Dubai-5665,-14,43,Normal
2026-02-17 04:56:23.428756,Dubai-5665,-22,58,Normal
2026-02-17 04:56:24.428756,Dubai-5665,40,78,Normal
2026-02-17 04:56:25.428756,Dubai-5665,45,29,Normal
2026-02-17 04:56:26.428756,Dubai-5665,17,70,Normal
2026-02-17 04:56:27.428756,Dubai-5665,36,11,Normal
2026-02-17 04:56:28.428756,Dubai-5665,10,9,Normal
2026-02-17 04:56:29.428756,Dubai-5665,7,59,Normal
2026-02-17 04:56:30.428756,Dubai-5665,47,4,Normal
2026-02-17 04:56:31.428756,Dubai-5665,44,29,Normal
2026-02-17 04:56:32.428756,Dubai-5665,24,93,Normal
2026-02-17 04:56:33.428756,Dubai-5665,38,43,Normal
2026-02-17 04:56:34.428756,Dubai-5665,18,3,Normal
2026-02-17 04:56:35.428756,Dubai-5665,12,27,Normal
2026-02-17 04:56:36.428756,Dubai-5665,-8,38,Normal
2026-02-17 04:56:37.428756,Dubai-5665,44,83,Normal
2026-02-17 04:56:38.428756,Dubai-5665,13,100,Normal
2026-02-17 04:56:39.428756,Dubai-5665,41,81,Normal
2026-02-17 04:56:40.428756,Dubai-5665,-23,33,Normal
2026-02-17 04:56:41.428756,Dubai-5665,14,3,Normal
2026-02-17 04:56:42.428756,Dubai-5665,16,79,Normal
2026-02-17 04:56:43.428756,Dubai-5665,28,27,Normal
2026-02-17 04:56:44.428756,Dubai-5665,48,9,Normal
2026-02-17 04:56:45.428756,Dubai-5665,-30,63,Normal
2026-02-17 04:56:46.428756,Dubai-5665,49,72,Normal
2026-02-17 04:56:47.428756,Dubai-5665,38,24,Normal
2026-02-17 04:56:48.428756,Dubai-5665,-14,77,Normal
2026-02-17 04:56:49.428756,Dubai-5665,34,50,Normal
2026-02-17 04:56:50.428756,Dubai-5665,35,23,Normal
2026-02-17 04:56:51.428756,Dubai-5665,45,15,Normal
2026-02-17 04:56:52.428756,Dubai-5665,-30,65,Normal
2026-02-17 04:56:53.428756,Dubai-5665,10,42,Normal
2026-02-17 04:56:54.428756,Dubai-5665,1,22,Normal
2026-02-17 04:56:55.428756,Dubai-5665,34,96,Normal
2026-02-17 04:56:56.428756,Dubai-5665,17,52,Normal
2026-02-17 04:56:57.428756,Dubai-5665,-9,18,Normal
2026-02-17 04:56:58.428756,Dubai-5665,0,81,Normal
2026-02-17 04:56:59.428756,Dubai-5665,31,57,Normal
2026-02-17 04:57:00.428756,Dubai-5665,-19,33,Normal
2026-02-17 04:57:01.428756,Dubai-5665,-13,19,Normal
2026-02-17 04:57:02.428756,Dubai-5665,-12,88,Normal
2026-02-17 04:57:03.428756,Dubai-5665,41,41,Normal
2026-02-17 04:57:04.428756,Dubai-5665,-30,95,Normal
2026-02-17 04:57:05.428756,Dubai-5665,16,17,Normal
2026-02-17 04:57:06.428756,Dubai-5665,29,11,Normal
2026-02-17 04:57:07.428756,Dubai-5665,-9,52,Normal
2026-02-17 04:57:08.428756,Dubai-5665,12,18,Normal
2026-02-17 04:57:09.428756,Dubai-5665,27,57,Normal
2026-02-17 04:57:10.428756,Dubai-5665,-3,67,Normal
2026-02-17 04:57:11.428756,Dubai-5665,-26,11,Normal
2026-02-17 04:57:12.428756,Dubai-5665,36,51,Normal
2026-02-17 04:57:13.428756,Dubai-5665,36,95,Normal
2026-02-17 04:57:14.428756,Dubai-5665,8,95,Normal
2026-02-17 04:57:15.428756,Dubai-5665,3,65,Normal
2026-02-17 04:57:16.428756,Dubai-5665,38,69,Normal
2026-02-17 04:57:17.428756,Dubai-5665,-4,38,Normal
2026-02-17 04:57:18.428756,Dubai-5665,3,88,Normal
2026-02-17 04:57:19.428756,Dubai-5665,-3,22,Normal
2026-02-17 04:57:20.428756,Dubai-5665,-29,41,Normal
2026-02-17 04:57:21.428756,Dubai-5665,11,63,Normal
2026-02-17 04:57:22.428756,Dubai-5665,45,25,Normal
2026-02-17 04:57:23.428756,Dubai-5665,34,38,Normal
2026-02-17 04:57:24.428756,Dubai-5665,5,24,Normal
2026-02-17 04:57:25.428756,Dubai-5665,-18,67,Normal
2026-02-17 04:57:26.428756,Dubai-5665,-30,19,Normal
2026-02-17 04:57:27.428756,Dubai-5665,17,44,Normal
2026-02-17 04:57:28.428756,Dubai-5665,-16,42,Normal
2026-02-17 04:57:29.428756,Dubai-5665,-18,2,Normal
2026-02-17 04:57:30.428756,Dubai-5665,0,80,Normal
2026-02-17 04:57:31.428756,Dubai-5665,10,6,Normal
2026-02-17 04:57:32.428756,Dubai-5665,10,58,Normal
2026-02-17 04:57:33.428756,Dubai-5665,30,81,Normal
2026-02-17 04:57:34.428756,Dubai-5665,46,4,Normal
2026-02-17 04:57:35.428756,Dubai-5665,34,53,Normal
2026-02-17 04:57:36.428756,Dubai-5665,22,69,Normal
2026-02-17 04:57:37.428756,Dubai-5665,43,40,Normal
2026-02-17 04:57:38.428756,Dubai-5665,-27,34,Normal
2026-02-17 04:57:39.428756,Dubai-5665,10,11,Normal
2026-02-17 04:57:40.428756,Dubai-5665,20,16,Normal
2026-02-17 04:57:41.428756,Dubai-5665,37,14,Normal
2026-02-17 04:57:42.428756,Dubai-5665,-12,91,Normal
2026-02-17 04:57:43.428756,Dubai-5665,-14,58,Normal
2026-02-17 04:57:44.428756,Dubai-5665,31,99,Normal
2026-02-17 04:57:45.428756,Dubai-5665,-18,81,Normal
2026-02-17 04:57:46.428756,Dubai-5665,14,66,Normal
2026-02-17 04:57:47.428756,Dubai-5665,5,48,Normal
2026-02-17 04:57:48.428756,Dubai-5665,-6,51,Normal
2026-02-17 04:57:49.428756,Dubai-5665,43,3,Normal
2026-02-17 04:57:50.428756,Dubai-5665,23,10,Normal
2026-02-17 04:57:51.428756,Dubai-5665,17,41,Normal
2026-02-17 04:57:52.428756,Dubai-5665,30,46,Normal
2026-02-17 04:57:53.428756,Dubai-5665,-9,59,Normal
2026-02-17 04:57:54.428756,Dubai-5665,-12,38,Normal
2026-02-17 04:57:55.428756,Dubai-5665,-4,6,Normal
2026-02-17 04:57:56.428756,Dubai-5665,-16,35,Normal
2026-02-17 04:57:57.428756,Dubai-5665,37,83,Normal
2026-02-17 04:57:58.428756,Dubai-5665,2,98,Normal
2026-02-17 04:57:59.428756,Dubai-5665,25,69,Normal
2026-02-17 04:58:00.428756,Dubai-5665,45,7,Normal
2026-02-17 04:58:01.428756,Dubai-5665,-7,27,Normal
2026-02-17 04:58:02.428756,Dubai-5665,-24,4,Normal
2026-02-17 04:58:03.428756,Dubai-5665,15,63,Normal
2026-02-17 04:58:04.428756,Dubai-5665,-23,7,Normal
2026-02-17 04:58:05.428756,Dubai-5665,35,69,Normal
2026-02-17 04:58:06.428756,Dubai-5665,41,42,Normal
2026-02-17 04:58:07.428756,Dubai-5665,-5,38,Normal
2026-02-17 04:58:08.428756,Dubai-5665,-18,11,Normal
2026-02-17 04:58:09.428756,Dubai-5665,36,49,Normal
2026-02-17 04:58:10.428756,Dubai-5665,-17,54,Normal
2026-02-17 04:58:11.428756,Dubai-5665,2,68,Normal
2026-02-17 04:58:12.428756,Dubai-5665,17,90,Normal
2026-02-17 04:58:13.428756,Dubai-5665,0,85,Normal
2026-02-17 04:58:14.428756,Dubai-5665,20,81,Normal
2026-02-17 04:58:15.428756,Dubai-5665,47,80,Normal
2026-02-17 04:58:16.428756,Dubai-5665,5,92,Normal
2026-02-17 04:58:17.428756,Dubai-5665,17,95,Normal
2026-02-17 04:58:18.428756,Dubai-5665,-10,57,Normal
2026-02-17 04:58:19.428756,Dubai-5665,-19,85,Normal
2026-02-17 04:58:20.428756,Dubai-5665,-22,49,Normal
2026-02-17 04:58:21.428756,Dubai-5665,-11,83,Normal
2026-02-17 04:58:22.428756,Dubai-5665,-6,68,Normal
2026-02-17 04:58:23.428756,Dubai-5665,-24,17,Normal
2026-02-17 04:58:24.428756,Dubai-5665,-10,77,Normal
2026-02-17 04:58:25.428756,Dubai-5665,-20,68,Normal
2026-02-17 04:58:26.428756,Dubai-5665,0,20,Normal
2026-02-17 04:58:27.428756,Dubai-5665,10,63,Normal
2026-02-17 04:58:28.428756,Dubai-5665,28,99,Normal
2026-02-17 04:58:29.428756,Dubai-5665,-20,78,Normal
2026-02-17 04:58:30.428756,Dubai-5665,40,47,Normal
2026-02-17 04:58:31.428756,Dubai-5665,-9,36,Normal
2026-02-17 04:58:32.428756,Dubai-5665,47,28,Normal
2026-02-17 04:58:33.428756,Dubai-5665,-28,40,Normal
2026-02-17 04:58:34.428756,Dubai-5665,37,1,Normal
2026-02-17 04:58:35.428756,Dubai-5665,28,96,Normal
2026-02-17 04:58:36.428756,Dubai-5665,-24,90,Normal
2026-02-17 04:58:37.428756,Dubai-5665,-15,81,Normal
2026-02-17 04:58:38.428756,Dubai-5665,23,79,Normal
2026-02-17 04:58:39.428756,Dubai-5665,13,16,Normal
2026-02-17 04:58:40.428756,Dubai-5665,42,57,Normal
2026-02-17 04:58:41.428756,Dubai-5665,37,50,Normal
2026-02-17 04:58:42.428756,Dubai-5665,-7,35,Normal
2026-02-17 04:58:43.428756,Dubai-5665,1,75,Normal
2026-02-17 04:58:44.428756,Dubai-5665,-29,60,Normal
2026-02-17 04:58:45.428756,Dubai-5665,-8,4,Normal
2026-02-17 04:58:46.428756,Dubai-5665,24,43,Normal
2026-02-17 04:58:47.428756,Dubai-5665,-15,38,Normal
2026-02-17 04:58:48.428756,Dubai-5665,-11,31,Normal
2026-02-17 04:58:49.428756,Dubai-5665,-28,29,Normal
2026-02-17 04:58:50.428756,Dubai-5665,-5,46,Normal
2026-02-17 04:58:51.428756,Dubai-5665,6,13,Normal
2026-02-17 04:58:52.428756,Dubai-5665,-29,20,Normal
2026-02-17 04:58:53.428756,Dubai-5665,38,61,Normal
2026-02-17 04:58:54.428756,Dubai-5665,-11,80,Normal
2026-02-17 04:58:55.428756,Dubai-5665,17,34,Normal
2026-02-17 04:58:56.428756,Dubai-5665,30,49,Normal
2026-02-17 04:58:57.428756,Dubai-5665,-11,72,Normal
2026-02-17 04:58:58.428756,Dubai-5665,36,76,Normal
2026-02-17 04:58:59.428756,Dubai-5665,22,79,Normal
2026-02-17 04:59:00.428756,Dubai-5665,-3,34,Normal
2026-02-17 04:59:01.428756,Dubai-5665,-22,17,Normal
2026-02-17 04:59:02.428756,Dubai-5665,30,37,Normal
2026-02-17 04:59:03.428756,Dubai-5665,1,80,Normal
2026-02-17 04:59:04.428756,Dubai-5665,14,100,Normal
2026-02-17 04:59:05.428756,Dubai-5665,7,74,Normal
2026-02-17 04:59:06.428756,Dubai-5665,36,58,Normal
2026-02-17 04:59:07.428756,Dubai-5665,-9,7,Normal
2026-02-17 04:59:08.428756,Dubai-5665,43,30,Normal
2026-02-17 04:59:09.428756,Dubai-5665,38,96,Normal
2026-02-17 04:59:10.428756,Dubai-5665,27,85,Normal
2026-02-17 04:59:11.428756,Dubai-5665,11,12,Normal
2026-02-17 04:59:12.428756,Dubai-5665,4,10,Normal
2026-02-17 04:59:13.428756,Dubai-5665,2,10,Normal
2026-02-17 04:59:14.428756,Dubai-5665,11,74,Normal
2026-02-17 04:59:15.428756,Dubai-5665,12,24,Normal
2026-02-17 04:59:16.428756,Dubai-5665,-11,22,Normal
2026-02-17 04:59:17.428756,Dubai-5665,20,76,Normal
2026-02-17 04:59:18.428756,Dubai-5665,15,9,Normal
2026-02-17 04:59:19.428756,Dubai-5665,-10,92,Normal
2026-02-17 04:59:20.428756,Dubai-5665,27,70,Normal
2026-02-17 04:59:21.428756,Dubai-5665,35,62,Normal
2026-02-17 04:59:22.428756,Dubai-5665,7,90,Normal
2026-02-17 04:59:23.428756,Dubai-5665,-7,30,Normal
2026-02-17 04:59:24.428756,Dubai-5665,-18,52,Normal
2026-02-17 04:59:25.428756,Dubai-5665,45,24,Normal
2026-02-17 04:59:26.428756,Dubai-5665,-29,46,Normal
2026-02-17 04:59:27.428756,Dubai-5665,46,47,Normal
2026-02-17 04:59:28.428756,Dubai-5665,50,85,Normal
2026-02-17 04:59:29.428756,Dubai-5665,-12,100,Normal
2026-02-17 04:59:30.428756,Dubai-5665,21,66,Normal
2026-02-17 04:59:31.428756,Dubai-5665,24,53,Normal
2026-02-17 04:59:32.428756,Dubai-5665,38,6,Normal
2026-02-17 04:59:33.428756,Dubai-5665,-11,26,Normal
2026-02-17 04:59:34.428756,Dubai-5665,-30,6,Normal
2026-02-17 04:59:35.428756,Dubai-5665,42,4,Normal
2026-02-17 04:59:36.428756,Dubai-5665,14,50,Normal
2026-02-17 04:59:37.428756,Dubai-5665,35,39,Normal
2026-02-17 04:59:38.428756,Dubai-5665,-11,29,Normal
2026-02-17 04:59:39.428756,Dubai-5665,-20,63,Normal
2026-02-17 04:59:40.428756,Dubai-5665,16,60,Normal
2026-02-17 04:59:41.428756,Dubai-5665,-23,97,Normal
2026-02-17 04:59:42.428756,Dubai-5665,8,65,Normal
2026-02-17 04:59:43.428756,Dubai-5665,45,100,Normal
2026-02-17 04:59:44.428756,Dubai-5665,4,41,Normal
2026-02-17 04:59:45.428756,Dubai-5665,21,73,Normal
2026-02-17 04:59:46.428756,Dubai-5665,42,100,Normal
2026-02-17 04:59:47.428756,Dubai-5665,17,9,Normal
2026-02-17 04:59:48.428756,Dubai-5665,45,32,Normal
2026-02-17 04:59:49.428756,Dubai-5665,-17,5,Normal
2026-02-17 04:59:50.428756,Dubai-5665,-1,11,Normal
2026-02-17 04:59:51.428756,Dubai-5665,7,8,Normal
2026-02-17 04:59:52.428756,Dubai-5665,32,44,Normal
2026-02-17 04:59:53.428756,Dubai-5665,22,79,Normal
2026-02-17 04:59:54.428756,Dubai-5665,-1,23,Normal
2026-02-17 04:59:55.428756,Dubai-5665,1,38,Normal
2026-02-17 04:59:56.428756,Dubai-5665,-17,42,Normal
2026-02-17 04:59:57.428756,Dubai-5665,-24,47,Normal
2026-02-17 04:59:58.428756,Dubai-5665,-27,39,Normal
2026-02-17 04:59:59.428756,Dubai-5665,18,40,Normal
2026-02-17 05:00:00.428756,Dubai-5665,-23,83,Normal
2026-02-17 05:00:01.428756,Dubai-5665,12,15,Normal
2026-02-17 05:00:02.428756,Dubai-5665,-3,19,Normal
2026-02-17 05:00:03.428756,Dubai-5665,-1,23,Normal
2026-02-17 05:00:04.428756,Dubai-5665,-2,86,Normal
2026-02-17 05:00:05.428756,Dubai-5665,-27,86,Normal
2026-02-17 05:00:06.428756,Dubai-5665,42,54,Normal
2026-02-17 05:00:07.428756,Dubai-5665,44,85,Normal
2026-02-17 05:00:08.428756,Dubai-5665,15,80,Normal
2026-02-17 05:00:09.428756,Dubai-5665,8,39,Normal
2026-02-17 05:00:10.428756,Dubai-5665,19,18,Normal
2026-02-17 05:00:11.428756,Dubai-5665,46,34,Normal
2026-02-17 05:00:12.428756,Dubai-5665,24,51,Normal
2026-02-17 05:00:13.428756,Dubai-5665,-30,12,Normal
2026-02-17 05:00:14.428756,Dubai-5665,20,55,Normal
2026-02-17 05:00:15.428756,Dubai-5665,-24,65,Normal
2026-02-17 05:00:16.428756,Dubai-5665,-5,44,Normal
2026-02-17 05:00:17.428756,Dubai-5665,-17,41,Normal
2026-02-17 05:00:18.428756,Dubai-5665,27,24,Normal
2026-02-17 05:00:19.428756,Dubai-5665,4,10,Normal
2026-02-17 05:00:20.428756,Dubai-5665,49,87,Normal
2026-02-17 05:00:21.428756,Dubai-5665,45,0,Normal
2026-02-17 05:00:22.428756,Dubai-5665,30,72,Normal
2026-02-17 05:00:23.428756,Dubai-5665,-11,83,Normal
2026-02-17 05:00:24.428756,Dubai-5665,-9,33,Normal
2026-02-17 05:00:25.428756,Dubai-5665,-20,29,Normal
2026-02-17 05:00:26.428756,Dubai-5665,-1,50,Normal
2026-02-17 05:00:27.428756,Dubai-5665,-25,23,Normal
2026-02-17 05:00:28.428756,Dubai-5665,-26,37,Normal
2026-02-17 05:00:29.428756,Dubai-5665,-24,70,Normal
2026-02-17 05:00:30.428756,Dubai-5665,-9,19,Normal
2026-02-17 05:00:31.428756,Dubai-5665,11,70,Normal
2026-02-17 05:00:32.428756,Dubai-5665,-15,59,Normal
2026-02-17 05:00:33.428756,Dubai-5665,7,91,Normal
2026-02-17 05:00:34.428756,Dubai-5665,-25,14,Normal
2026-02-17 05:00:35.428756,Dubai-5665,5,25,Normal
2026-02-17 05:00:36.428756,Dubai-5665,14,9,Normal
2026-02-17 05:00:37.428756,Dubai-5665,4,31,Normal
2026-02-17 05:00:38.428756,Dubai-5665,19,26,Normal
2026-02-17 05:00:39.428756,Dubai-5665,-9,98,Normal
2026-02-17 05:00:40.428756,Dubai-5665,38,56,Normal
2026-02-17 05:00:41.428756,Dubai-5665,21,82,Normal
2026-02-17 05:00:42.428756,Dubai-5665,-13,6,Normal
2026-02-17 05:00:43.428756,Dubai-5665,28,59,Normal
2026-02-17 05:00:44.428756,Dubai-5665,-19,73,Normal
2026-02-17 05:00:45.428756,Dubai-5665,-11,81,Normal
2026-02-17 05:00:46.428756,Dubai-5665,-6,30,Normal
2026-02-17 05:00:47.428756,Dubai-5665,19,87,Normal
2026-02-17 05:00:48.428756,Dubai-5665,1,33,Normal
2026-02-17 05:00:49.428756,Dubai-5665,-14,52,Normal
2026-02-17 05:00:50.428756,Dubai-5665,20,52,Normal
2026-02-17 05:00:51.428756,Dubai-5665,1,40,Normal
2026-02-17 05:00:52.428756,Dubai-5665,46,16,Normal
2026-02-17 05:00:53.428756,Dubai-5665,-16,91,Normal
2026-02-17 05:00:54.428756,Dubai-5665,26,17,Normal
2026-02-17 05:00:55.428756,Dubai-5665,-20,24,Normal
2026-02-17 05:00:56.428756,Dubai-5665,29,72,Normal
2026-02-17 05:00:57.428756,Dubai-5665,35,62,Normal
2026-02-17 05:00:58.428756,Dubai-5665,46,7,Normal
2026-02-17 05:00:59.428756,Dubai-5665,-28,49,Normal
2026-02-17 05:01:00.428756,Dubai-5665,-2,29,Normal
2026-02-17 05:01:01.428756,Dubai-5665,-21,79,Normal
2026-02-17 05:01:02.428756,Dubai-5665,-3,38,Normal
2026-02-17 05:01:03.428756,Dubai-5665,24,37,Normal
2026-02-17 05:01:04.428756,Dubai-5665,32,18,Normal
2026-02-17 05:01:05.428756,Dubai-5665,27,40,Normal
2026-02-17 05:01:06.428756,Dubai-5665,9,38,Normal
2026-02-17 05:01:07.428756,Dubai-5665,30,15,Normal
2026-02-17 05:01:08.428756,Dubai-5665,21,75,Normal
2026-02-17 05:01:09.428756,Dubai-5665,6,42,Normal
2026-02-17 05:01:10.428756,Dubai-5665,34,65,Normal
2026-02-17 05:01:11.428756,Dubai-5665,32,93,Normal
2026-02-17 05:01:12.428756,Dubai-5665,31,90,Normal
2026-02-17 05:01:13.428756,Dubai-5665,17,3,Normal
2026-02-17 05:01:14.428756,Dubai-5665,-18,36,Normal
2026-02-17 05:01:15.428756,Dubai-5665,41,15,Normal
2026-02-17 05:01:16.428756,Dubai-5665,15,38,Normal
2026-02-17 05:01:17.428756,Dubai-5665,41,5,Normal
2026-02-17 05:01:18.428756,Dubai-5665,38,12,Normal
2026-02-17 05:01:19.428756,Dubai-5665,-1,55,Normal
2026-02-17 05:01:20.428756,Dubai-5665,42,65,Normal
2026-02-17 05:01:21.428756,Dubai-5665,-17,32,Normal
2026-02-17 05:01:22.428756,Dubai-5665,1,97,Normal
2026-02-17 05:01:23.428756,Dubai-5665,42,45,Normal
2026-02-17 05:01:24.428756,Dubai-5665,12,62,Normal
2026-02-17 05:01:25.428756,Dubai-5665,48,44,Normal
2026-02-17 05:01:26.428756,Dubai-5665,37,88,Normal
2026-02-17 05:01:27.428756,Dubai-5665,2,16,Normal
2026-02-17 05:01:28.428756,Dubai-5665,24,43,Normal
2026-02-17 05:01:29.428756,Dubai-5665,35,2,Normal
2026-02-17 05:01:30.428756,Dubai-5665,-1,80,Normal
2026-02-17 05:01:31.428756,Dubai-5665,39,73,Normal
2026-02-17 05:01:32.428756,Dubai-5665,40,70,Normal
2026-02-17 05:01:33.428756,Dubai-5665,6,21,Normal
2026-02-17 05:01:34.428756,Dubai-5665,18,2,Normal
2026-02-17 05:01:35.428756,Dubai-5665,23,1,Normal
2026-02-17 05:01:36.428756,Dubai-5665,42,46,Normal
2026-02-17 05:01:37.428756,Dubai-5665,24,47,Normal
2026-02-17 05:01:38.428756,Dubai-5665,40,61,Normal
2026-02-17 05:01:39.428756,Dubai-5665,30,98,Normal
2026-02-17 05:01:40.428756,Dubai-5665,37,79,Normal
2026-02-17 05:01:41.428756,Dubai-5665,12,19,Normal
2026-02-17 05:01:42.428756,Dubai-5665,22,81,Normal
2026-02-17 05:01:43.428756,Dubai-5665,0,79,Normal
2026-02-17 05:01:44.428756,Dubai-5665,34,61,Normal
2026-02-17 05:01:45.428756,Dubai-5665,-9,37,Normal
2026-02-17 05:01:46.428756,Dubai-5665,-22,64,Normal
2026-02-17 05:01:47.428756,Dubai-5665,-9,20,Normal
2026-02-17 05:01:48.428756,Dubai-5665,8,94,Normal
2026-02-17 05:01:49.428756,Dubai-5665,49,71,Normal
2026-02-17 05:01:50.428756,Dubai-5665,42,36,Normal
2026-02-17 05:01:51.428756,Dubai-5665,48,48,Normal
2026-02-17 05:01:52.428756,Dubai-5665,27,30,Normal
2026-02-17 05:01:53.428756,Dubai-5665,-6,31,Normal
2026-02-17 05:01:54.428756,Dubai-5665,14,81,Normal
2026-02-17 05:01:55.428756,Dubai-5665,-28,63,Normal
2026-02-17 05:01:56.428756,Dubai-5665,19,82,Normal
2026-02-17 05:01:57.428756,Dubai-5665,-19,77,Normal
2026-02-17 05:01:58.428756,Dubai-5665,-24,50,Normal
2026-02-17 05:01:59.428756,Dubai-5665,12,80,Normal
2026-02-17 05:02:00.428756,Dubai-5665,-2,67,Normal
2026-02-17 05:02:01.428756,Dubai-5665,39,0,Normal
2026-02-17 05:02:02.428756,Dubai-5665,-9,67,Normal
2026-02-17 05:02:03.428756,Dubai-5665,31,59,Normal
2026-02-17 05:02:04.428756,Dubai-5665,-27,54,Normal
2026-02-17 05:02:05.428756,Dubai-5665,11,21,Normal
2026-02-17 05:02:06.428756,Dubai-5665,-30,33,Normal
2026-02-17 05:02:07.428756,Dubai-5665,22,22,Normal
2026-02-17 05:02:08.428756,Dubai-5665,-20,48,Normal
2026-02-17 05:02:09.428756,Dubai-5665,19,55,Normal
2026-02-17 05:02:10.428756,Dubai-5665,-14,1,Normal
2026-02-17 05:02:11.428756,Dubai-5665,-9,18,Normal
2026-02-17 05:02:12.428756,Dubai-5665,30,6,Normal
2026-02-17 05:02:13.428756,Dubai-5665,-12,40,Normal
2026-02-17 05:02:14.428756,Dubai-5665,44,71,Normal
2026-02-17 05:02:15.428756,Dubai-5665,17,97,Normal
2026-02-17 05:02:16.428756,Dubai-5665,-11,33,Normal
2026-02-17 05:02:17.428756,Dubai-5665,-2,76,Normal
2026-02-17 05:02:18.428756,Dubai-5665,12,38,Normal
2026-02-17 05:02:19.428756,Dubai-5665,7,26,Normal
2026-02-17 05:02:20.428756,Dubai-5665,24,81,Normal
2026-02-17 05:02:21.428756,Dubai-5665,49,66,Normal
2026-02-17 05:02:22.428756,Dubai-5665,7,43,Normal
2026-02-17 05:02:23.428756,Dubai-5665,-21,29,Normal
2026-02-17 05:02:24.428756,Dubai-5665,11,100,Normal
2026-02-17 05:02:25.428756,Dubai-5665,5,8,Normal
2026-02-17 05:02:26.428756,Dubai-5665,45,78,Normal
2026-02-17 05:02:27.428756,Dubai-5665,-25,51,Normal
2026-02-17 05:02:28.428756,Dubai-5665,-5,96,Normal
2026-02-17 05:02:29.428756,Dubai-5665,-11,79,Normal
2026-02-17 05:02:30.428756,Dubai-5665,39,29,Normal
2026-02-17 05:02:31.428756,Dubai-5665,9,33,Normal
2026-02-17 05:02:32.428756,Dubai-5665,-21,40,Normal
2026-02-17 05:02:33.428756,Dubai-5665,-6,49,Normal
2026-02-17 05:02:34.428756,Dubai-5665,23,53,Normal
2026-02-17 05:02:35.428756,Dubai-5665,35,38,Normal
2026-02-17 05:02:36.428756,Dubai-5665,-2,68,Normal
2026-02-17 05:02:37.428756,Dubai-5665,44,26,Normal
2026-02-17 05:02:38.428756,Dubai-5665,6,3,Normal
2026-02-17 05:02:39.428756,Dubai-5665,47,26,Normal
2026-02-17 05:02:40.428756,Dubai-5665,0,75,Normal
2026-02-17 05:02:41.428756,Dubai-5665,20,6,Normal
2026-02-17 05:02:42.428756,Dubai-5665,-23,8,Normal
2026-02-17 05:02:43.428756,Dubai-5665,19,34,Normal
2026-02-17 05:02:44.428756,Dubai-5665,-12,86,Normal
2026-02-17 05:02:45.428756,Dubai-5665,39,74,Normal
2026-02-17 05:02:46.428756,Dubai-5665,50,16,Normal
2026-02-17 05:02:47.428756,Dubai-5665,42,71,Normal
2026-02-17 05:02:48.428756,Dubai-5665,43,30,Normal
2026-02-17 05:02:49.428756,Dubai-5665,-1,28,Normal
2026-02-17 05:02:50.428756,Dubai-5665,2,18,Normal
2026-02-17 05:02:51.428756,Dubai-5665,34,68,Normal
2026-02-17 05:02:52.428756,Dubai-5665,42,39,Normal
2026-02-17 05:02:53.428756,Dubai-5665,10,20,Normal
2026-02-17 05:02:54.428756,Dubai-5665,22,82,Normal
2026-02-17 05:02:55.428756,Dubai-5665,14,64,Normal
2026-02-17 05:02:56.428756,Dubai-5665,43,19,Normal
2026-02-17 05:02:57.428756,Dubai-5665,49,53,Normal
2026-02-17 05:02:58.428756,Dubai-5665,20,68,Normal
2026-02-17 05:02:59.428756,Dubai-5665,43,83,Normal
2026-02-17 05:03:00.428756,Dubai-5665,20,97,Normal
2026-02-17 05:03:01.428756,Dubai-5665,7,97,Normal
2026-02-17 05:03:02.428756,Dubai-5665,12,39,Normal
2026-02-17 05:03:03.428756,Dubai-5665,34,33,Normal
2026-02-17 05:03:04.428756,Dubai-5665,27,43,Normal
2026-02-17 05:03:05.428756,Dubai-5665,33,84,Normal
2026-02-17 05:03:06.428756,Dubai-5665,19,47,Normal
2026-02-17 05:03:07.428756,Dubai-5665,39,13,Normal
2026-02-17 05:03:08.428756,Dubai-5665,-12,6,Normal
2026-02-17 05:03:09.428756,Dubai-5665,19,35,Normal
2026-02-17 05:03:10.428756,Dubai-5665,-7,42,Normal
2026-02-17 05:03:11.428756,Dubai-5665,-5,12,Normal
2026-02-17 05:03:12.428756,Dubai-5665,-6,48,Normal
2026-02-17 05:03:13.428756,Dubai-5665,37,92,Normal
2026-02-17 05:03:14.428756,Dubai-5665,18,42,Normal
2026-02-17 05:03:15.428756,Dubai-5665,-5,38,Normal
2026-02-17 05:03:16.428756,Dubai-5665,-14,9,Normal
2026-02-17 05:03:17.428756,Dubai-5665,-13,9,Normal
2026-02-17 05:03:18.428756,Dubai-5665,18,15,Normal
2026-02-17 05:03:19.428756,Dubai-5665,-29,13,Normal
2026-02-17 05:03:20.428756,Dubai-5665,28,11,Normal
2026-02-17 05:03:21.428756,Dubai-5665,-21,96,Normal
2026-02-17 05:03:22.428756,Dubai-5665,-4,81,Normal
2026-02-17 05:03:23.428756,Dubai-5665,25,65,Normal
2026-02-17 05:03:24.428756,Dubai-5665,-10,88,Normal
2026-02-17 05:03:25.428756,Dubai-5665,7,14,Normal
2026-02-17 05:03:26.428756,Dubai-5665,11,93,Normal
2026-02-17 05:03:27.428756,Dubai-5665,-23,9,Normal
2026-02-17 05:03:28.428756,Dubai-5665,20,91,Normal
2026-02-17 05:03:29.428756,Dubai-5665,28,58,Normal
2026-02-17 05:03:30.428756,Dubai-5665,30,9,Normal
2026-02-17 05:03:31.428756,Dubai-5665,7,66,Normal
2026-02-17 05:03:32.428756,Dubai-5665,47,12,Normal
2026-02-17 05:03:33.428756,Dubai-5665,6,27,Normal
2026-02-17 05:03:34.428756,Dubai-5665,44,67,Normal
2026-02-17 05:03:35.428756,Dubai-5665,-20,30,Normal
2026-02-17 05:03:36.428756,Dubai-5665,5,60,Normal
2026-02-17 05:03:37.428756,Dubai-5665,-16,40,Normal
2026-02-17 05:03:38.428756,Dubai-5665,-9,42,Normal
2026-02-17 05:03:39.428756,Dubai-5665,25,47,Normal
2026-02-17 05:03:40.428756,Dubai-5665,7,71,Normal
2026-02-17 05:03:41.428756,Dubai-5665,-15,41,Normal
2026-02-17 05:03:42.428756,Dubai-5665,0,23,Normal
2026-02-17 05:03:43.428756,Dubai-5665,38,5,Normal
2026-02-17 05:03:44.428756,Dubai-5665,23,10,Normal
2026-02-17 05:03:45.428756,Dubai-5665,38,23,Normal
2026-02-17 05:03:46.428756,Dubai-5665,20,1,Normal
2026-02-17 05:03:47.428756,Dubai-5665,6,82,Normal
2026-02-17 05:03:48.428756,Dubai-5665,5,33,Normal
2026-02-17 05:03:49.428756,Dubai-5665,-5,65,Normal
2026-02-17 05:03:50.428756,Dubai-5665,-5,78,Normal
2026-02-17 05:03:51.428756,Dubai-5665,-18,91,Normal
2026-02-17 05:03:52.428756,Dubai-5665,6,26,Normal
2026-02-17 05:03:53.428756,Dubai-5665,-8,91,Normal
2026-02-17 05:03:54.428756,Dubai-5665,8,71,Normal
2026-02-17 05:03:55.428756,Dubai-5665,-17,38,Normal
2026-02-17 05:03:56.428756,Dubai-5665,34,27,Normal
2026-02-17 05:03:57.428756,Dubai-5665,-17,17,Normal
2026-02-17 05:03:58.428756,Dubai-5665,-24,78,Normal
2026-02-17 05:03:59.428756,Dubai-5665,-15,43,Normal
2026-02-17 05:04:00.428756,Dubai-5665,30,18,Normal
2026-02-17 05:04:01.428756,Dubai-5665,29,35,Normal
2026-02-17 05:04:02.428756,Dubai-5665,-4,56,Normal
2026-02-17 05:04:03.428756,Dubai-5665,3,16,Normal
2026-02-17 05:04:04.428756,Dubai-5665,17,5,Normal
2026-02-17 05:04:05.428756,Dubai-5665,7,91,Normal
2026-02-17 05:04:06.428756,Dubai-5665,0,85,Normal
2026-02-17 05:04:07.428756,Dubai-5665,32,28,Normal
2026-02-17 05:04:08.428756,Dubai-5665,-12,12,Normal
2026-02-17 05:04:09.428756,Dubai-5665,10,58,Normal
2026-02-17 05:04:10.428756,Dubai-5665,29,5,Normal
2026-02-17 05:04:11.428756,Dubai-5665,-28,11,Normal
2026-02-17 05:04:12.428756,Dubai-5665,21,21,Normal
2026-02-17 05:04:13.428756,Dubai-5665,10,17,Normal
2026-02-17 05:04:14.428756,Dubai-5665,-27,78,Normal
2026-02-17 05:04:15.428756,Dubai-5665,23,88,Normal
2026-02-17 05:04:16.428756,Dubai-5665,13,37,Normal
2026-02-17 05:04:17.428756,Dubai-5665,-8,49,Normal
2026-02-17 05:04:18.428756,Dubai-5665,-19,1,Normal
2026-02-17 05:04:19.428756,Dubai-5665,48,85,Normal
2026-02-17 05:04:20.428756,Dubai-5665,-29,3,Normal
2026-02-17 05:04:21.428756,Dubai-5665,-29,41,Normal
2026-02-17 05:04:22.428756,Dubai-5665,-22,28,Normal
2026-02-17 05:04:23.428756,Dubai-5665,15,0,Normal
2026-02-17 05:04:24.428756,Dubai-5665,19,17,Normal
2026-02-17 05:04:25.428756,Dubai-5665,44,16,Normal
2026-02-17 05:04:26.428756,Dubai-5665,17,19,Normal
2026-02-17 05:04:27.428756,Dubai-5665,0,26,Normal
2026-02-17 05:04:28.428756,Dubai-5665,17,76,Normal
2026-02-17 05:04:29.428756,Dubai-5665,36,50,Normal
2026-02-17 05:04:30.428756,Dubai-5665,7,24,Normal
2026-02-17 05:04:31.428756,Dubai-5665,11,86,Normal
2026-02-17 05:04:32.428756,Dubai-5665,43,64,Normal
2026-02-17 05:04:33.428756,Dubai-5665,8,54,Normal
2026-02-17 05:04:34.428756,Dubai-5665,32,79,Normal
2026-02-17 05:04:35.428756,Dubai-5665,-3,48,Normal
2026-02-17 05:04:36.428756,Dubai-5665,31,63,Normal
2026-02-17 05:04:37.428756,Dubai-5665,-30,98,Normal
2026-02-17 05:04:38.428756,Dubai-5665,18,7,Normal
2026-02-17 05:04:39.428756,Dubai-5665,-26,12,Normal
2026-02-17 05:04:40.428756,Dubai-5665,-9,12,Normal
2026-02-17 05:04:41.428756,Dubai-5665,8,50,Normal
2026-02-17 05:04:42.428756,Dubai-5665,30,24,Normal
2026-02-17 05:04:43.428756,Dubai-5665,-11,0,Normal
2026-02-17 05:04:44.428756,Dubai-5665,-12,74,Normal
2026-02-17 05:04:45.428756,Dubai-5665,-20,86,Normal
2026-02-17 05:04:46.428756,Dubai-5665,-9,30,Normal
2026-02-17 05:04:47.428756,Dubai-5665,-22,23,Normal
2026-02-17 05:04:48.428756,Dubai-5665,35,7,Normal
2026-02-17 05:04:49.428756,Dubai-5665,43,36,Normal
2026-02-17 05:04:50.428756,Dubai-5665,37,67,Normal
2026-02-17 05:04:51.428756,Dubai-5665,-4,93,Normal
2026-02-17 05:04:52.428756,Dubai-5665,11,42,Normal
2026-02-17 05:04:53.428756,Dubai-5665,-10,37,Normal
2026-02-17 05:04:54.428756,Dubai-5665,39,47,Normal
2026-02-17 05:04:55.428756,Dubai-5665,-4,90,Normal
2026-02-17 05:04:56.428756,Dubai-5665,10,75,Normal
2026-02-17 05:04:57.428756,Dubai-5665,1,84,Normal
2026-02-17 05:04:58.428756,Dubai-5665,11,37,Normal
2026-02-17 05:04:59.428756,Dubai-5665,15,81,Normal
2026-02-17 05:05:00.428756,Dubai-5665,44,48,Normal
2026-02-17 05:05:01.428756,Dubai-5665,40,11,Normal
2026-02-17 05:05:02.428756,Dubai-5665,-30,49,Normal
2026-02-17 05:05:03.428756,Dubai-5665,46,6,Normal
2026-02-17 05:05:04.428756,Dubai-5665,33,89,Normal
2026-02-17 05:05:05.428756,Dubai-5665,44,75,Normal
2026-02-17 05:05:06.428756,Dubai-5665,-11,43,Normal
2026-02-17 05:05:07.428756,Dubai-5665,19,62,Normal
2026-02-17 05:05:08.428756,Dubai-5665,1,73,Normal
2026-02-17 05:05:09.428756,Dubai-5665,45,25,Normal
2026-02-17 05:05:10.428756,Dubai-5665,-26,16,Normal
2026-02-17 05:05:11.428756,Dubai-5665,-18,8,Normal
2026-02-17 05:05:12.428756,Dubai-5665,25,75,Normal
2026-02-17 05:05:13.428756,Dubai-5665,-23,91,Normal
2026-02-17 05:05:14.428756,Dubai-5665,45,0,Normal
2026-02-17 05:05:15.428756,Dubai-5665,-26,10,Normal
2026-02-17 05:05:16.428756,Dubai-5665,34,21,Normal
2026-02-17 05:05:17.428756,Dubai-5665,12,48,Normal
2026-02-17 05:05:18.428756,Dubai-5665,-14,37,Normal
2026-02-17 05:05:19.428756,Dubai-5665,-16,0,Normal
2026-02-17 05:05:20.428756,Dubai-5665,17,31,Normal
2026-02-17 05:05:21.428756,Dubai-5665,13,3,Normal
2026-02-17 05:05:22.428756,Dubai-5665,31,79,Normal
2026-02-17 05:05:23.428756,Dubai-5665,2,76,Normal
2026-02-17 05:05:24.428756,Dubai-5665,36,93,Normal
2026-02-17 05:05:25.428756,Dubai-5665,21,31,Normal
2026-02-17 05:05:26.428756,Dubai-5665,28,7,Normal
2026-02-17 05:05:27.428756,Dubai-5665,-24,78,Normal
2026-02-17 05:05:28.428756,Dubai-5665,-5,34,Normal
2026-02-17 05:05:29.428756,Dubai-5665,18,79,Normal
2026-02-17 05:05:30.428756,Dubai-5665,-22,19,Normal
2026-02-17 05:05:31.428756,Dubai-5665,1,62,Normal
2026-02-17 05:05:32.428756,Dubai-5665,27,89,Normal
2026-02-17 05:05:33.428756,Dubai-5665,49,93,Normal
2026-02-17 05:05:34.428756,Dubai-5665,29,86,Normal
2026-02-17 05:05:35.428756,Dubai-5665,-28,88,Normal
2026-02-17 05:05:36.428756,Dubai-5665,-7,12,Normal
2026-02-17 05:05:37.428756,Dubai-5665,-17,91,Normal
2026-02-17 05:05:38.428756,Dubai-5665,19,58,Normal
2026-02-17 05:05:39.428756,Dubai-5665,-21,74,Normal
2026-02-17 05:05:40.428756,Dubai-5665,-24,8,Normal
2026-02-17 05:05:41.428756,Dubai-5665,27,82,Normal
2026-02-17 05:05:42.428756,Dubai-5665,23,47,Normal
2026-02-17 05:05:43.428756,Dubai-5665,39,15,Normal
2026-02-17 05:05:44.428756,Dubai-5665,-23,98,Normal
2026-02-17 05:05:45.428756,Dubai-5665,-5,31,Normal
2026-02-17 05:05:46.428756,Dubai-5665,5,73,Normal
2026-02-17 05:05:47.428756,Dubai-5665,-16,73,Normal
2026-02-17 05:05:48.428756,Dubai-5665,8,98,Normal
2026-02-17 05:05:49.428756,Dubai-5665,41,75,Normal
2026-02-17 05:05:50.428756,Dubai-5665,-2,56,Normal
2026-02-17 05:05:51.428756,Dubai-5665,-2,95,Normal
2026-02-17 05:05:52.428756,Dubai-5665,-18,28,Normal
2026-02-17 05:05:53.428756,Dubai-5665,26,48,Normal
2026-02-17 05:05:54.428756,Dubai-5665,31,19,Normal
2026-02-17 05:05:55.428756,Dubai-5665,-1,90,Normal
2026-02-17 05:05:56.428756,Dubai-5665,-18,72,Normal
2026-02-17 05:05:57.428756,Dubai-5665,50,1,Normal
2026-02-17 05:05:58.428756,Dubai-5665,-19,80,Normal
2026-02-17 05:05:59.428756,Dubai-5665,-7,48,Normal
2026-02-17 05:06:00.428756,Dubai-5665,-14,7,Normal
2026-02-17 05:06:01.428756,Dubai-5665,-28,100,Normal
2026-02-17 05:06:02.428756,Dubai-5665,33,61,Normal
2026-02-17 05:06:03.428756,Dubai-5665,14,82,Normal
2026-02-17 05:06:04.428756,Dubai-5665,23,31,Normal
2026-02-17 05:06:05.428756,Dubai-5665,-9,35,Normal
2026-02-17 05:06:06.428756,Dubai-5665,44,77,Normal
2026-02-17 05:06:07.428756,Dubai-5665,23,43,Normal
2026-02-17 05:06:08.428756,Dubai-5665,-7,20,Normal
2026-02-17 05:06:09.428756,Dubai-5665,41,24,Normal
2026-02-17 05:06:10.428756,Dubai-5665,15,78,Normal
2026-02-17 05:06:11.428756,Dubai-5665,41,25,Normal
2026-02-17 05:06:12.428756,Dubai-5665,41,84,Normal
2026-02-17 05:06:13.428756,Dubai-5665,3,65,Normal
2026-02-17 05:06:14.428756,Dubai-5665,10,65,Normal
2026-02-17 05:06:15.428756,Dubai-5665,-4,65,Normal
2026-02-17 05:06:16.428756,Dubai-5665,-9,100,Normal
2026-02-17 05:06:17.428756,Dubai-5665,46,54,Normal
2026-02-17 05:06:18.428756,Dubai-5665,13,29,Normal
2026-02-17 05:06:19.428756,Dubai-5665,-15,65,Normal
2026-02-17 05:06:20.428756,Dubai-5665,43,82,Normal
2026-02-17 05:06:21.428756,Dubai-5665,49,44,Normal
2026-02-17 05:06:22.428756,Dubai-5665,9,32,Normal
2026-02-17 05:06:23.428756,Dubai-5665,32,5,Normal
2026-02-17 05:06:24.428756,Dubai-5665,41,100,Normal
2026-02-17 05:06:25.428756,Dubai-5665,19,69,Normal
2026-02-17 05:06:26.428756,Dubai-5665,-28,52,Normal
2026-02-17 05:06:27.428756,Dubai-5665,35,0,Normal
2026-02-17 05:06:28.428756,Dubai-5665,-5,57,Normal
2026-02-17 05:06:29.428756,Dubai-5665,-12,64,Normal
2026-02-17 05:06:30.428756,Dubai-5665,-19,46,Normal
2026-02-17 05:06:31.428756,Dubai-5665,3,81,Normal
2026-02-17 05:06:32.428756,Dubai-5665,-24,68,Normal
2026-02-17 05:06:33.428756,Dubai-5665,-21,20,Normal
2026-02-17 05:06:34.428756,Dubai-5665,37,61,Normal
2026-02-17 05:06:35.428756,Dubai-5665,-12,46,Normal
2026-02-17 05:06:36.428756,Dubai-5665,24,49,Normal
2026-02-17 05:06:37.428756,Dubai-5665,-21,31,Normal
2026-02-17 05:06:38.428756,Dubai-5665,21,51,Normal
2026-02-17 05:06:39.428756,Dubai-5665,49,92,Normal
2026-02-17 05:06:40.428756,Dubai-5665,-29,13,Normal
2026-02-17 05:06:41.428756,Dubai-5665,-30,92,Normal
2026-02-17 05:06:42.428756,Dubai-5665,-24,11,Normal
2026-02-17 05:06:43.428756,Dubai-5665,44,16,Normal
2026-02-17 05:06:44.428756,Dubai-5665,-26,71,Normal
2026-02-17 05:06:45.428756,Dubai-5665,-15,5,Normal
2026-02-17 05:06:46.428756,Dubai-5665,34,18,Normal
2026-02-17 05:06:47.428756,Dubai-5665,-4,96,Normal
2026-02-17 05:06:48.428756,Dubai-5665,43,1,Normal
2026-02-17 05:06:49.428756,Dubai-5665,43,16,Normal
2026-02-17 05:06:50.428756,Dubai-5665,-29,95,Normal
2026-02-17 05:06:51.428756,Dubai-5665,28,23,Normal
2026-02-17 05:06:52.428756,Dubai-5665,-30,77,Normal
2026-02-17 05:06:53.428756,Dubai-5665,47,5,Normal
2026-02-17 05:06:54.428756,Dubai-5665,10,59,Normal
2026-02-17 05:06:55.428756,Dubai-5665,25,56,Normal
2026-02-17 05:06:56.428756,Dubai-5665,6,43,Normal
2026-02-17 05:06:57.428756,Dubai-5665,-26,41,Normal
2026-02-17 05:06:58.428756,Dubai-5665,27,52,Normal
2026-02-17 05:06:59.428756,Dubai-5665,-21,19,Normal
2026-02-17 05:07:00.428756,Dubai-5665,44,23,Normal
2026-02-17 05:07:01.428756,Dubai-5665,36,6,Normal
2026-02-17 05:07:02.428756,Dubai-5665,-5,7,Normal
2026-02-17 05:07:03.428756,Dubai-5665,-19,2,Normal
2026-02-17 05:07:04.428756,Dubai-5665,25,72,Normal
2026-02-17 05:07:05.428756,Dubai-5665,-18,11,Normal
2026-02-17 05:07:06.428756,Dubai-5665,22,42,Normal
2026-02-17 05:07:07.428756,Dubai-5665,39,41,Normal
2026-02-17 05:07:08.428756,Dubai-5665,23,70,Normal
2026-02-17 05:07:09.428756,Dubai-5665,26,86,Normal
2026-02-17 05:07:10.428756,Dubai-5665,1,61,Normal
2026-02-17 05:07:11.428756,Dubai-5665,-1,59,Normal
2026-02-17 05:07:12.428756,Dubai-5665,25,96,Normal
2026-02-17 05:07:13.428756,Dubai-5665,30,16,Normal
2026-02-17 05:07:14.428756,Dubai-5665,37,100,Normal
2026-02-17 05:07:15.428756,Dubai-5665,31,91,Normal
2026-02-17 05:07:16.428756,Dubai-5665,13,32,Normal
2026-02-17 05:07:17.428756,Dubai-5665,6,59,Normal
2026-02-17 05:07:18.428756,Dubai-5665,21,51,Normal
2026-02-17 05:07:19.428756,Dubai-5665,7,76,Normal
2026-02-17 05:07:20.428756,Dubai-5665,15,40,Normal
2026-02-17 05:07:21.428756,Dubai-5665,46,68,Normal
2026-02-17 05:07:22.428756,Dubai-5665,34,13,Normal
2026-02-17 05:07:23.428756,Dubai-5665,20,55,Normal
2026-02-17 05:07:24.428756,Dubai-5665,17,49,Normal
2026-02-17 05:07:25.428756,Dubai-5665,-19,33,Normal
2026-02-17 05:07:26.428756,Dubai-5665,25,94,Normal
2026-02-17 05:07:27.428756,Dubai-5665,14,52,Normal
2026-02-17 05:07:28.428756,Dubai-5665,45,68,Normal
2026-02-17 05:07:29.428756,Dubai-5665,3,19,Normal
2026-02-17 05:07:30.428756,Dubai-5665,35,99,Normal
2026-02-17 05:07:31.428756,Dubai-5665,-13,49,Normal
2026-02-17 05:07:32.428756,Dubai-5665,-4,78,Normal
2026-02-17 05:07:33.428756,Dubai-5665,-17,45,Normal
2026-02-17 05:07:34.428756,Dubai-5665,25,17,Normal
2026-02-17 05:07:35.428756,Dubai-5665,29,89,Normal
2026-02-17 05:07:36.428756,Dubai-5665,-4,52,Normal
2026-02-17 05:07:37.428756,Dubai-5665,23,45,Normal
2026-02-17 05:07:38.428756,Dubai-5665,12,22,Normal
2026-02-17 05:07:39.428756,Dubai-5665,1,80,Normal
2026-02-17 05:07:40.428756,Dubai-5665,21,28,Normal
2026-02-17 05:07:41.428756,Dubai-5665,9,37,Normal
2026-02-17 05:07:42.428756,Dubai-5665,-9,56,Normal
2026-02-17 05:07:43.428756,Dubai-5665,38,99,Normal
2026-02-17 05:07:44.428756,Dubai-5665,-5,33,Normal
