timestamp,station_id,temp,humid,condition
2026-02-16 15:04:46.995370,Paris-6df7,-19,68,Normal
2026-02-16 15:04:47.995370,Paris-6df7,-29,37,Normal
2026-02-16 15:04:48.995370,Paris-6df7,15,73,Normal
2026-02-16 15:04:49.995370,Paris-6df7,1,56,Normal
2026-02-16 15:04:50.995370,Paris-6df7,37,3,Normal
2026-02-16 15:04:51.995370,Paris-6df7,-18,4,Normal
2026-02-16 15:04:52.995370,Paris-6df7,34,76,Normal
2026-02-16 15:04:53.995370,Paris-6df7,50,27,Normal
2026-02-16 15:04:54.995370,Paris-6df7,31,29,Normal
2026-02-16 15:04:55.995370,Paris-6df7,3,85,Normal
2026-02-16 15:04:56.995370,Paris-6df7,-4,93,Normal
2026-02-16 15:04:57.995370,Paris-6df7,-5,95,Normal
2026-02-16 15:04:58.995370,Paris-6df7,22,5,Normal
2026-02-16 15:04:59.995370,Paris-6df7,-22,85,Normal
2026-02-16 15:05:00.995370,Paris-6df7,48,66,Normal
2026-02-16 15:05:01.995370,Paris-6df7,-11,95,Normal
2026-02-16 15:05:02.995370,Paris-6df7,40,77,Normal
2026-02-16 15:05:03.995370,Paris-6df7,20,80,Normal
2026-02-16 15:05:04.995370,Paris-6df7,-21,95,Normal
2026-02-16 15:05:05.995370,Paris-6df7,46,81,Normal
2026-02-16 15:05:06.995370,Paris-6df7,42,30,Normal
2026-02-16 15:05:07.995370,Paris-6df7,12,93,Normal
2026-02-16 15:05:08.995370,Paris-6df7,-28,89,Normal
2026-02-16 15:05:09.995370,Paris-6df7,45,99,Normal
2026-02-16 15:05:10.995370,Paris-6df7,-25,98,Normal
2026-02-16 15:05:11.995370,Paris-6df7,8,28,Normal
2026-02-16 15:05:12.995370,Paris-6df7,41,66,Normal
2026-02-16 15:05:13.995370,Paris-6df7,31,10,Normal
2026-02-16 15:05:14.995370,Paris-6df7,34,78,Normal
2026-02-16 15:05:15.995370,Paris-6df7,19,74,Normal
2026-02-16 15:05:16.995370,Paris-6df7,-6,50,Normal
2026-02-16 15:05:17.995370,Paris-6df7,-23,77,Normal
2026-02-16 15:05:18.995370,Paris-6df7,34,79,Normal
2026-02-16 15:05:19.995370,Paris-6df7,34,4,Normal
2026-02-16 15:05:20.995370,Paris-6df7,-15,86,Normal
2026-02-16 15:05:21.995370,Paris-6df7,39,87,Normal
2026-02-16 15:05:22.995370,Paris-6df7,2,46,Normal
2026-02-16 15:05:23.995370,Paris-6df7,47,74,Normal
2026-02-16 15:05:24.995370,Paris-6df7,11,19,Normal
2026-02-16 15:05:25.995370,Paris-6df7,49,28,Normal
2026-02-16 15:05:26.995370,Paris-6df7,39,0,Normal
2026-02-16 15:05:27.995370,Paris-6df7,46,33,Normal
2026-02-16 15:05:28.995370,Paris-6df7,-1,24,Normal
2026-02-16 15:05:29.995370,Paris-6df7,48,20,Normal
2026-02-16 15:05:30.995370,Paris-6df7,27,55,Normal
2026-02-16 15:05:31.995370,Paris-6df7,-21,13,Normal
2026-02-16 15:05:32.995370,Paris-6df7,-6,46,Normal
2026-02-16 15:05:33.995370,Paris-6df7,-24,50,Normal
2026-02-16 15:05:34.995370,Paris-6df7,-26,36,Normal
2026-02-16 15:05:35.995370,Paris-6df7,-19,63,Normal
2026-02-16 15:05:36.995370,Paris-6df7,25,78,Normal
2026-02-16 15:05:37.995370,Paris-6df7,-9,26,Normal
2026-02-16 15:05:38.995370,Paris-6df7,22,90,Normal
2026-02-16 15:05:39.995370,Paris-6df7,7,78,Normal
2026-02-16 15:05:40.995370,Paris-6df7,-24,10,Normal
2026-02-16 15:05:41.995370,Paris-6df7,41,1,Normal
2026-02-16 15:05:42.995370,Paris-6df7,-29,80,Normal
2026-02-16 15:05:43.995370,Paris-6df7,-30,16,Normal
2026-02-16 15:05:44.995370,Paris-6df7,33,95,Normal
2026-02-16 15:05:45.995370,Paris-6df7,39,52,Normal
2026-02-16 15:05:46.995370,Paris-6df7,-25,66,Normal
2026-02-16 15:05:47.995370,Paris-6df7,-20,100,Normal
2026-02-16 15:05:48.995370,Paris-6df7,-14,3,Normal
2026-02-16 15:05:49.995370,Paris-6df7,-6,83,Normal
2026-02-16 15:05:50.995370,Paris-6df7,35,58,Normal
2026-02-16 15:05:51.995370,Paris-6df7,33,37,Normal
2026-02-16 15:05:52.995370,Paris-6df7,11,3,Normal
2026-02-16 15:05:53.995370,Paris-6df7,20,84,Normal
2026-02-16 15:05:54.995370,Paris-6df7,-22,54,Normal
2026-02-16 15:05:55.995370,Paris-6df7,-25,39,Normal
2026-02-16 15:05:56.995370,Paris-6df7,17,76,Normal
2026-02-16 15:05:57.995370,Paris-6df7,-30,7,Normal
2026-02-16 15:05:58.995370,Paris-6df7,-2,23,Normal
2026-02-16 15:05:59.995370,Paris-6df7,2,21,Normal
2026-02-16 15:06:00.995370,Paris-6df7,6,72,Normal
2026-02-16 15:06:01.995370,Paris-6df7,28,93,Normal
2026-02-16 15:06:02.995370,Paris-6df7,-18,0,Normal
2026-02-16 15:06:03.995370,Paris-6df7,28,47,Normal
2026-02-16 15:06:04.995370,Paris-6df7,48,32,Normal
2026-02-16 15:06:05.995370,Paris-6df7,26,30,Normal
2026-02-16 15:06:06.995370,Paris-6df7,-11,63,Normal
2026-02-16 15:06:07.995370,Paris-6df7,25,18,Normal
2026-02-16 15:06:08.995370,Paris-6df7,10,66,Normal
2026-02-16 15:06:09.995370,Paris-6df7,36,37,Normal
2026-02-16 15:06:10.995370,Paris-6df7,4,82,Normal
2026-02-16 15:06:11.995370,Paris-6df7,-18,47,Normal
2026-02-16 15:06:12.995370,Paris-6df7,-25,32,Normal
2026-02-16 15:06:13.995370,Paris-6df7,22,2,Normal
2026-02-16 15:06:14.995370,Paris-6df7,-25,88,Normal
2026-02-16 15:06:15.995370,Paris-6df7,11,9,Normal
2026-02-16 15:06:16.995370,Paris-6df7,8,39,Normal
2026-02-16 15:06:17.995370,Paris-6df7,29,87,Normal
2026-02-16 15:06:18.995370,Paris-6df7,32,35,Normal
2026-02-16 15:06:19.995370,Paris-6df7,33,87,Normal
2026-02-16 15:06:20.995370,Paris-6df7,39,48,Normal
2026-02-16 15:06:21.995370,Paris-6df7,12,29,Normal
2026-02-16 15:06:22.995370,Paris-6df7,44,92,Normal
2026-02-16 15:06:23.995370,Paris-6df7,-20,67,Normal
2026-02-16 15:06:24.995370,Paris-6df7,13,27,Normal
2026-02-16 15:06:25.995370,Paris-6df7,-9,77,Normal
2026-02-16 15:06:26.995370,Paris-6df7,0,12,Normal
2026-02-16 15:06:27.995370,Paris-6df7,-24,78,Normal
2026-02-16 15:06:28.995370,Paris-6df7,19,85,Normal
2026-02-16 15:06:29.995370,Paris-6df7,40,77,Normal
2026-02-16 15:06:30.995370,Paris-6df7,18,84,Normal
2026-02-16 15:06:31.995370,Paris-6df7,-19,47,Normal
2026-02-16 15:06:32.995370,Paris-6df7,25,27,Normal
2026-02-16 15:06:33.995370,Paris-6df7,41,65,Normal
2026-02-16 15:06:34.995370,Paris-6df7,25,74,Normal
2026-02-16 15:06:35.995370,Paris-6df7,-16,5,Normal
2026-02-16 15:06:36.995370,Paris-6df7,-13,42,Normal
2026-02-16 15:06:37.995370,Paris-6df7,-9,17,Normal
2026-02-16 15:06:38.995370,Paris-6df7,45,43,Normal
2026-02-16 15:06:39.995370,Paris-6df7,-14,90,Normal
2026-02-16 15:06:40.995370,Paris-6df7,-1,33,Normal
2026-02-16 15:06:41.995370,Paris-6df7,-2,84,Normal
2026-02-16 15:06:42.995370,Paris-6df7,42,98,Normal
2026-02-16 15:06:43.995370,Paris-6df7,29,69,Normal
2026-02-16 15:06:44.995370,Paris-6df7,41,62,Normal
2026-02-16 15:06:45.995370,Paris-6df7,31,52,Normal
2026-02-16 15:06:46.995370,Paris-6df7,7,92,Normal
2026-02-16 15:06:47.995370,Paris-6df7,48,96,Normal
2026-02-16 15:06:48.995370,Paris-6df7,15,9,Normal
2026-02-16 15:06:49.995370,Paris-6df7,-20,42,Normal
2026-02-16 15:06:50.995370,Paris-6df7,43,76,Normal
2026-02-16 15:06:51.995370,Paris-6df7,25,58,Normal
2026-02-16 15:06:52.995370,Paris-6df7,17,0,Normal
2026-02-16 15:06:53.995370,Paris-6df7,-18,0,Normal
2026-02-16 15:06:54.995370,Paris-6df7,33,84,Normal
2026-02-16 15:06:55.995370,Paris-6df7,2,100,Normal
2026-02-16 15:06:56.995370,Paris-6df7,29,61,Normal
2026-02-16 15:06:57.995370,Paris-6df7,2,32,Normal
2026-02-16 15:06:58.995370,Paris-6df7,-6,61,Normal
2026-02-16 15:06:59.995370,Paris-6df7,11,92,Normal
2026-02-16 15:07:00.995370,Paris-6df7,1,8,Normal
2026-02-16 15:07:01.995370,Paris-6df7,13,97,Normal
2026-02-16 15:07:02.995370,Paris-6df7,7,26,Normal
2026-02-16 15:07:03.995370,Paris-6df7,-26,89,Normal
2026-02-16 15:07:04.995370,Paris-6df7,46,96,Normal
2026-02-16 15:07:05.995370,Paris-6df7,-5,44,Normal
2026-02-16 15:07:06.995370,Paris-6df7,-2,13,Normal
2026-02-16 15:07:07.995370,Paris-6df7,-25,23,Normal
2026-02-16 15:07:08.995370,Paris-6df7,-26,83,Normal
2026-02-16 15:07:09.995370,Paris-6df7,19,24,Normal
2026-02-16 15:07:10.995370,Paris-6df7,-15,41,Normal
2026-02-16 15:07:11.995370,Paris-6df7,-9,25,Normal
2026-02-16 15:07:12.995370,Paris-6df7,-30,55,Normal
2026-02-16 15:07:13.995370,Paris-6df7,5,48,Normal
2026-02-16 15:07:14.995370,Paris-6df7,15,0,Normal
2026-02-16 15:07:15.995370,Paris-6df7,26,95,Normal
2026-02-16 15:07:16.995370,Paris-6df7,39,86,Normal
2026-02-16 15:07:17.995370,Paris-6df7,6,70,Normal
2026-02-16 15:07:18.995370,Paris-6df7,11,99,Normal
2026-02-16 15:07:19.995370,Paris-6df7,-17,34,Normal
2026-02-16 15:07:20.995370,Paris-6df7,14,93,Normal
2026-02-16 15:07:21.995370,Paris-6df7,12,91,Normal
2026-02-16 15:07:22.995370,Paris-6df7,41,82,Normal
2026-02-16 15:07:23.995370,Paris-6df7,45,62,Normal
2026-02-16 15:07:24.995370,Paris-6df7,-6,97,Normal
2026-02-16 15:07:25.995370,Paris-6df7,27,34,Normal
2026-02-16 15:07:26.995370,Paris-6df7,31,45,Normal
2026-02-16 15:07:27.995370,Paris-6df7,-8,68,Normal
2026-02-16 15:07:28.995370,Paris-6df7,30,94,Normal
2026-02-16 15:07:29.995370,Paris-6df7,44,86,Normal
2026-02-16 15:07:30.995370,Paris-6df7,11,70,Normal
2026-02-16 15:07:31.995370,Paris-6df7,46,30,Normal
2026-02-16 15:07:32.995370,Paris-6df7,-4,95,Normal
2026-02-16 15:07:33.995370,Paris-6df7,25,58,Normal
2026-02-16 15:07:34.995370,Paris-6df7,-28,23,Normal
2026-02-16 15:07:35.995370,Paris-6df7,-13,28,Normal
2026-02-16 15:07:36.995370,Paris-6df7,-26,1,Normal
2026-02-16 15:07:37.995370,Paris-6df7,46,6,Normal
2026-02-16 15:07:38.995370,Paris-6df7,2,49,Normal
2026-02-16 15:07:39.995370,Paris-6df7,47,84,Normal
2026-02-16 15:07:40.995370,Paris-6df7,15,0,Normal
2026-02-16 15:07:41.995370,Paris-6df7,47,81,Normal
2026-02-16 15:07:42.995370,Paris-6df7,32,35,Normal
2026-02-16 15:07:43.995370,Paris-6df7,-12,25,Normal
2026-02-16 15:07:44.995370,Paris-6df7,49,0,Normal
2026-02-16 15:07:45.995370,Paris-6df7,18,84,Normal
2026-02-16 15:07:46.995370,Paris-6df7,-17,53,Normal
2026-02-16 15:07:47.995370,Paris-6df7,4,10,Normal
2026-02-16 15:07:48.995370,Paris-6df7,48,7,Normal
2026-02-16 15:07:49.995370,Paris-6df7,-29,55,Normal
2026-02-16 15:07:50.995370,Paris-6df7,31,23,Normal
2026-02-16 15:07:51.995370,Paris-6df7,15,4,Normal
2026-02-16 15:07:52.995370,Paris-6df7,33,37,Normal
2026-02-16 15:07:53.995370,Paris-6df7,11,95,Normal
2026-02-16 15:07:54.995370,Paris-6df7,33,38,Normal
2026-02-16 15:07:55.995370,Paris-6df7,9,56,Normal
2026-02-16 15:07:56.995370,Paris-6df7,32,61,Normal
2026-02-16 15:07:57.995370,Paris-6df7,41,26,Normal
2026-02-16 15:07:58.995370,Paris-6df7,37,56,Normal
2026-02-16 15:07:59.995370,Paris-6df7,11,92,Normal
2026-02-16 15:08:00.995370,Paris-6df7,-4,25,Normal
2026-02-16 15:08:01.995370,Paris-6df7,24,52,Normal
2026-02-16 15:08:02.995370,Paris-6df7,-17,21,Normal
2026-02-16 15:08:03.995370,Paris-6df7,44,92,Normal
2026-02-16 15:08:04.995370,Paris-6df7,42,1,Normal
2026-02-16 15:08:05.995370,Paris-6df7,17,0,Normal
2026-02-16 15:08:06.995370,Paris-6df7,43,27,Normal
2026-02-16 15:08:07.995370,Paris-6df7,6,19,Normal
2026-02-16 15:08:08.995370,Paris-6df7,17,42,Normal
2026-02-16 15:08:09.995370,Paris-6df7,0,41,Normal
2026-02-16 15:08:10.995370,Paris-6df7,48,97,Normal
2026-02-16 15:08:11.995370,Paris-6df7,-9,57,Normal
2026-02-16 15:08:12.995370,Paris-6df7,-10,61,Normal
2026-02-16 15:08:13.995370,Paris-6df7,12,12,Normal
2026-02-16 15:08:14.995370,Paris-6df7,-17,55,Normal
2026-02-16 15:08:15.995370,Paris-6df7,34,77,Normal
2026-02-16 15:08:16.995370,Paris-6df7,-11,86,Normal
2026-02-16 15:08:17.995370,Paris-6df7,43,46,Normal
2026-02-16 15:08:18.995370,Paris-6df7,31,64,Normal
2026-02-16 15:08:19.995370,Paris-6df7,-12,2,Normal
2026-02-16 15:08:20.995370,Paris-6df7,-29,81,Normal
2026-02-16 15:08:21.995370,Paris-6df7,14,51,Normal
2026-02-16 15:08:22.995370,Paris-6df7,1,33,Normal
2026-02-16 15:08:23.995370,Paris-6df7,49,81,Normal
2026-02-16 15:08:24.995370,Paris-6df7,-7,34,Normal
2026-02-16 15:08:25.995370,Paris-6df7,42,32,Normal
2026-02-16 15:08:26.995370,Paris-6df7,35,99,Normal
2026-02-16 15:08:27.995370,Paris-6df7,8,67,Normal
2026-02-16 15:08:28.995370,Paris-6df7,-14,45,Normal
2026-02-16 15:08:29.995370,Paris-6df7,-21,33,Normal
2026-02-16 15:08:30.995370,Paris-6df7,8,11,Normal
2026-02-16 15:08:31.995370,Paris-6df7,48,73,Normal
2026-02-16 15:08:32.995370,Paris-6df7,-11,94,Normal
2026-02-16 15:08:33.995370,Paris-6df7,-20,36,Normal
2026-02-16 15:08:34.995370,Paris-6df7,13,27,Normal
2026-02-16 15:08:35.995370,Paris-6df7,-5,42,Normal
2026-02-16 15:08:36.995370,Paris-6df7,-10,76,Normal
2026-02-16 15:08:37.995370,Paris-6df7,-1,74,Normal
2026-02-16 15:08:38.995370,Paris-6df7,12,82,Normal
2026-02-16 15:08:39.995370,Paris-6df7,-29,98,Normal
2026-02-16 15:08:40.995370,Paris-6df7,-30,81,Normal
2026-02-16 15:08:41.995370,Paris-6df7,-23,37,Normal
2026-02-16 15:08:42.995370,Paris-6df7,6,39,Normal
2026-02-16 15:08:43.995370,Paris-6df7,-28,54,Normal
2026-02-16 15:08:44.995370,Paris-6df7,26,39,Normal
2026-02-16 15:08:45.995370,Paris-6df7,8,35,Normal
2026-02-16 15:08:46.995370,Paris-6df7,-23,41,Normal
2026-02-16 15:08:47.995370,Paris-6df7,2,24,Normal
2026-02-16 15:08:48.995370,Paris-6df7,-12,18,Normal
2026-02-16 15:08:49.995370,Paris-6df7,-28,84,Normal
2026-02-16 15:08:50.995370,Paris-6df7,27,51,Normal
2026-02-16 15:08:51.995370,Paris-6df7,24,66,Normal
2026-02-16 15:08:52.995370,Paris-6df7,3,16,Normal
2026-02-16 15:08:53.995370,Paris-6df7,50,71,Normal
2026-02-16 15:08:54.995370,Paris-6df7,-18,66,Normal
2026-02-16 15:08:55.995370,Paris-6df7,2,21,Normal
2026-02-16 15:08:56.995370,Paris-6df7,49,28,Normal
2026-02-16 15:08:57.995370,Paris-6df7,48,17,Normal
2026-02-16 15:08:58.995370,Paris-6df7,-6,64,Normal
2026-02-16 15:08:59.995370,Paris-6df7,32,8,Normal
2026-02-16 15:09:00.995370,Paris-6df7,48,95,Normal
2026-02-16 15:09:01.995370,Paris-6df7,-8,11,Normal
2026-02-16 15:09:02.995370,Paris-6df7,11,5,Normal
2026-02-16 15:09:03.995370,Paris-6df7,-18,24,Normal
2026-02-16 15:09:04.995370,Paris-6df7,-30,4,Normal
2026-02-16 15:09:05.995370,Paris-6df7,-11,100,Normal
2026-02-16 15:09:06.995370,Paris-6df7,1,15,Normal
2026-02-16 15:09:07.995370,Paris-6df7,25,87,Normal
2026-02-16 15:09:08.995370,Paris-6df7,3,61,Normal
2026-02-16 15:09:09.995370,Paris-6df7,13,51,Normal
2026-02-16 15:09:10.995370,Paris-6df7,-1,96,Normal
2026-02-16 15:09:11.995370,Paris-6df7,-11,20,Normal
2026-02-16 15:09:12.995370,Paris-6df7,-27,63,Normal
2026-02-16 15:09:13.995370,Paris-6df7,22,83,Normal
2026-02-16 15:09:14.995370,Paris-6df7,-6,53,Normal
2026-02-16 15:09:15.995370,Paris-6df7,1,3,Normal
2026-02-16 15:09:16.995370,Paris-6df7,-20,36,Normal
2026-02-16 15:09:17.995370,Paris-6df7,-25,80,Normal
2026-02-16 15:09:18.995370,Paris-6df7,-25,44,Normal
2026-02-16 15:09:19.995370,Paris-6df7,-26,85,Normal
2026-02-16 15:09:20.995370,Paris-6df7,14,79,Normal
2026-02-16 15:09:21.995370,Paris-6df7,50,5,Normal
2026-02-16 15:09:22.995370,Paris-6df7,21,11,Normal
2026-02-16 15:09:23.995370,Paris-6df7,-28,2,Normal
2026-02-16 15:09:24.995370,Paris-6df7,-18,96,Normal
2026-02-16 15:09:25.995370,Paris-6df7,0,82,Normal
2026-02-16 15:09:26.995370,Paris-6df7,23,5,Normal
2026-02-16 15:09:27.995370,Paris-6df7,-8,8,Normal
2026-02-16 15:09:28.995370,Paris-6df7,-15,71,Normal
2026-02-16 15:09:29.995370,Paris-6df7,48,2,Normal
2026-02-16 15:09:30.995370,Paris-6df7,14,88,Normal
2026-02-16 15:09:31.995370,Paris-6df7,10,47,Normal
2026-02-16 15:09:32.995370,Paris-6df7,48,65,Normal
2026-02-16 15:09:33.995370,Paris-6df7,-27,54,Normal
2026-02-16 15:09:34.995370,Paris-6df7,-1,61,Normal
2026-02-16 15:09:35.995370,Paris-6df7,-4,85,Normal
2026-02-16 15:09:36.995370,Paris-6df7,49,11,Normal
2026-02-16 15:09:37.995370,Paris-6df7,23,1,Normal
2026-02-16 15:09:38.995370,Paris-6df7,49,40,Normal
2026-02-16 15:09:39.995370,Paris-6df7,40,6,Normal
2026-02-16 15:09:40.995370,Paris-6df7,49,2,Normal
2026-02-16 15:09:41.995370,Paris-6df7,31,85,Normal
2026-02-16 15:09:42.995370,Paris-6df7,34,94,Normal
2026-02-16 15:09:43.995370,Paris-6df7,48,83,Normal
2026-02-16 15:09:44.995370,Paris-6df7,-15,78,Normal
2026-02-16 15:09:45.995370,Paris-6df7,46,61,Normal
2026-02-16 15:09:46.995370,Paris-6df7,50,29,Normal
2026-02-16 15:09:47.995370,Paris-6df7,27,46,Normal
2026-02-16 15:09:48.995370,Paris-6df7,-6,5,Normal
2026-02-16 15:09:49.995370,Paris-6df7,4,55,Normal
2026-02-16 15:09:50.995370,Paris-6df7,-19,39,Normal
2026-02-16 15:09:51.995370,Paris-6df7,17,43,Normal
2026-02-16 15:09:52.995370,Paris-6df7,-3,67,Normal
2026-02-16 15:09:53.995370,Paris-6df7,35,47,Normal
2026-02-16 15:09:54.995370,Paris-6df7,3,26,Normal
2026-02-16 15:09:55.995370,Paris-6df7,13,91,Normal
2026-02-16 15:09:56.995370,Paris-6df7,48,24,Normal
2026-02-16 15:09:57.995370,Paris-6df7,46,11,Normal
2026-02-16 15:09:58.995370,Paris-6df7,-23,96,Normal
2026-02-16 15:09:59.995370,Paris-6df7,25,89,Normal
2026-02-16 15:10:00.995370,Paris-6df7,32,98,Normal
2026-02-16 15:10:01.995370,Paris-6df7,41,14,Normal
2026-02-16 15:10:02.995370,Paris-6df7,19,38,Normal
2026-02-16 15:10:03.995370,Paris-6df7,-13,65,Normal
2026-02-16 15:10:04.995370,Paris-6df7,-16,26,Normal
2026-02-16 15:10:05.995370,Paris-6df7,-24,98,Normal
2026-02-16 15:10:06.995370,Paris-6df7,-19,96,Normal
2026-02-16 15:10:07.995370,Paris-6df7,37,45,Normal
2026-02-16 15:10:08.995370,Paris-6df7,-10,10,Normal
2026-02-16 15:10:09.995370,Paris-6df7,48,7,Normal
2026-02-16 15:10:10.995370,Paris-6df7,-18,25,Normal
2026-02-16 15:10:11.995370,Paris-6df7,-3,25,Normal
2026-02-16 15:10:12.995370,Paris-6df7,27,81,Normal
2026-02-16 15:10:13.995370,Paris-6df7,19,45,Normal
2026-02-16 15:10:14.995370,Paris-6df7,33,66,Normal
2026-02-16 15:10:15.995370,Paris-6df7,-28,15,Normal
2026-02-16 15:10:16.995370,Paris-6df7,12,18,Normal
2026-02-16 15:10:17.995370,Paris-6df7,-24,95,Normal
2026-02-16 15:10:18.995370,Paris-6df7,12,9,Normal
2026-02-16 15:10:19.995370,Paris-6df7,24,26,Normal
2026-02-16 15:10:20.995370,Paris-6df7,49,99,Normal
2026-02-16 15:10:21.995370,Paris-6df7,5,71,Normal
2026-02-16 15:10:22.995370,Paris-6df7,37,79,Normal
2026-02-16 15:10:23.995370,Paris-6df7,33,91,Normal
2026-02-16 15:10:24.995370,Paris-6df7,20,89,Normal
2026-02-16 15:10:25.995370,Paris-6df7,-17,15,Normal
2026-02-16 15:10:26.995370,Paris-6df7,-24,80,Normal
2026-02-16 15:10:27.995370,Paris-6df7,42,14,Normal
2026-02-16 15:10:28.995370,Paris-6df7,13,88,Normal
2026-02-16 15:10:29.995370,Paris-6df7,20,36,Normal
2026-02-16 15:10:30.995370,Paris-6df7,-29,23,Normal
2026-02-16 15:10:31.995370,Paris-6df7,40,75,Normal
2026-02-16 15:10:32.995370,Paris-6df7,-2,6,Normal
2026-02-16 15:10:33.995370,Paris-6df7,-5,66,Normal
2026-02-16 15:10:34.995370,Paris-6df7,46,1,Normal
2026-02-16 15:10:35.995370,Paris-6df7,38,23,Normal
2026-02-16 15:10:36.995370,Paris-6df7,48,87,Normal
2026-02-16 15:10:37.995370,Paris-6df7,-22,83,Normal
2026-02-16 15:10:38.995370,Paris-6df7,11,39,Normal
2026-02-16 15:10:39.995370,Paris-6df7,9,79,Normal
2026-02-16 15:10:40.995370,Paris-6df7,44,12,Normal
2026-02-16 15:10:41.995370,Paris-6df7,-2,2,Normal
2026-02-16 15:10:42.995370,Paris-6df7,47,46,Normal
2026-02-16 15:10:43.995370,Paris-6df7,39,94,Normal
2026-02-16 15:10:44.995370,Paris-6df7,34,79,Normal
2026-02-16 15:10:45.995370,Paris-6df7,48,72,Normal
2026-02-16 15:10:46.995370,Paris-6df7,38,63,Normal
2026-02-16 15:10:47.995370,Paris-6df7,-16,16,Normal
2026-02-16 15:10:48.995370,Paris-6df7,35,19,Normal
2026-02-16 15:10:49.995370,Paris-6df7,7,20,Normal
2026-02-16 15:10:50.995370,Paris-6df7,24,78,Normal
2026-02-16 15:10:51.995370,Paris-6df7,23,51,Normal
2026-02-16 15:10:52.995370,Paris-6df7,18,48,Normal
2026-02-16 15:10:53.995370,Paris-6df7,13,93,Normal
2026-02-16 15:10:54.995370,Paris-6df7,-19,81,Normal
2026-02-16 15:10:55.995370,Paris-6df7,-8,86,Normal
2026-02-16 15:10:56.995370,Paris-6df7,-9,54,Normal
2026-02-16 15:10:57.995370,Paris-6df7,-18,63,Normal
2026-02-16 15:10:58.995370,Paris-6df7,6,56,Normal
2026-02-16 15:10:59.995370,Paris-6df7,22,24,Normal
2026-02-16 15:11:00.995370,Paris-6df7,-6,67,Normal
2026-02-16 15:11:01.995370,Paris-6df7,-8,10,Normal
2026-02-16 15:11:02.995370,Paris-6df7,2,92,Normal
2026-02-16 15:11:03.995370,Paris-6df7,-21,15,Normal
2026-02-16 15:11:04.995370,Paris-6df7,-29,22,Normal
2026-02-16 15:11:05.995370,Paris-6df7,31,7,Normal
2026-02-16 15:11:06.995370,Paris-6df7,1,66,Normal
2026-02-16 15:11:07.995370,Paris-6df7,48,17,Normal
2026-02-16 15:11:08.995370,Paris-6df7,28,78,Normal
2026-02-16 15:11:09.995370,Paris-6df7,44,27,Normal
2026-02-16 15:11:10.995370,Paris-6df7,-14,71,Normal
2026-02-16 15:11:11.995370,Paris-6df7,-24,2,Normal
2026-02-16 15:11:12.995370,Paris-6df7,18,0,Normal
2026-02-16 15:11:13.995370,Paris-6df7,43,27,Normal
2026-02-16 15:11:14.995370,Paris-6df7,-4,98,Normal
2026-02-16 15:11:15.995370,Paris-6df7,-2,62,Normal
2026-02-16 15:11:16.995370,Paris-6df7,26,26,Normal
2026-02-16 15:11:17.995370,Paris-6df7,21,4,Normal
2026-02-16 15:11:18.995370,Paris-6df7,-14,1,Normal
2026-02-16 15:11:19.995370,Paris-6df7,21,82,Normal
2026-02-16 15:11:20.995370,Paris-6df7,31,74,Normal
2026-02-16 15:11:21.995370,Paris-6df7,41,50,Normal
2026-02-16 15:11:22.995370,Paris-6df7,-18,13,Normal
2026-02-16 15:11:23.995370,Paris-6df7,27,31,Normal
2026-02-16 15:11:24.995370,Paris-6df7,-28,42,Normal
2026-02-16 15:11:25.995370,Paris-6df7,-2,7,Normal
2026-02-16 15:11:26.995370,Paris-6df7,12,17,Normal
2026-02-16 15:11:27.995370,Paris-6df7,12,45,Normal
2026-02-16 15:11:28.995370,Paris-6df7,50,41,Normal
2026-02-16 15:11:29.995370,Paris-6df7,-1,98,Normal
2026-02-16 15:11:30.995370,Paris-6df7,-4,73,Normal
2026-02-16 15:11:31.995370,Paris-6df7,21,14,Normal
2026-02-16 15:11:32.995370,Paris-6df7,37,57,Normal
2026-02-16 15:11:33.995370,Paris-6df7,36,5,Normal
2026-02-16 15:11:34.995370,Paris-6df7,-21,23,Normal
2026-02-16 15:11:35.995370,Paris-6df7,27,45,Normal
2026-02-16 15:11:36.995370,Paris-6df7,-20,97,Normal
2026-02-16 15:11:37.995370,Paris-6df7,34,26,Normal
2026-02-16 15:11:38.995370,Paris-6df7,-8,38,Normal
2026-02-16 15:11:39.995370,Paris-6df7,50,73,Normal
2026-02-16 15:11:40.995370,Paris-6df7,49,17,Normal
2026-02-16 15:11:41.995370,Paris-6df7,41,62,Normal
2026-02-16 15:11:42.995370,Paris-6df7,17,16,Normal
2026-02-16 15:11:43.995370,Paris-6df7,-30,27,Normal
2026-02-16 15:11:44.995370,Paris-6df7,41,80,Normal
2026-02-16 15:11:45.995370,Paris-6df7,31,35,Normal
2026-02-16 15:11:46.995370,Paris-6df7,-5,65,Normal
2026-02-16 15:11:47.995370,Paris-6df7,6,100,Normal
2026-02-16 15:11:48.995370,Paris-6df7,11,80,Normal
2026-02-16 15:11:49.995370,Paris-6df7,-23,21,Normal
2026-02-16 15:11:50.995370,Paris-6df7,-16,33,Normal
2026-02-16 15:11:51.995370,Paris-6df7,-30,56,Normal
2026-02-16 15:11:52.995370,Paris-6df7,10,99,Normal
2026-02-16 15:11:53.995370,Paris-6df7,-7,18,Normal
2026-02-16 15:11:54.995370,Paris-6df7,-21,70,Normal
2026-02-16 15:11:55.995370,Paris-6df7,34,24,Normal
2026-02-16 15:11:56.995370,Paris-6df7,42,56,Normal
2026-02-16 15:11:57.995370,Paris-6df7,-2,56,Normal
2026-02-16 15:11:58.995370,Paris-6df7,12,31,Normal
2026-02-16 15:11:59.995370,Paris-6df7,-1,7,Normal
2026-02-16 15:12:00.995370,Paris-6df7,-8,66,Normal
2026-02-16 15:12:01.995370,Paris-6df7,-9,96,Normal
2026-02-16 15:12:02.995370,Paris-6df7,17,38,Normal
2026-02-16 15:12:03.995370,Paris-6df7,39,46,Normal
2026-02-16 15:12:04.995370,Paris-6df7,5,42,Normal
2026-02-16 15:12:05.995370,Paris-6df7,-20,35,Normal
2026-02-16 15:12:06.995370,Paris-6df7,21,37,Normal
2026-02-16 15:12:07.995370,Paris-6df7,50,52,Normal
2026-02-16 15:12:08.995370,Paris-6df7,-25,37,Normal
2026-02-16 15:12:09.995370,Paris-6df7,45,88,Normal
2026-02-16 15:12:10.995370,Paris-6df7,41,20,Normal
2026-02-16 15:12:11.995370,Paris-6df7,-3,33,Normal
2026-02-16 15:12:12.995370,Paris-6df7,17,53,Normal
2026-02-16 15:12:13.995370,Paris-6df7,-25,89,Normal
2026-02-16 15:12:14.995370,Paris-6df7,19,5,Normal
2026-02-16 15:12:15.995370,Paris-6df7,30,11,Normal
2026-02-16 15:12:16.995370,Paris-6df7,-8,22,Normal
2026-02-16 15:12:17.995370,Paris-6df7,1,37,Normal
2026-02-16 15:12:18.995370,Paris-6df7,-22,31,Normal
2026-02-16 15:12:19.995370,Paris-6df7,-7,29,Normal
2026-02-16 15:12:20.995370,Paris-6df7,14,67,Normal
2026-02-16 15:12:21.995370,Paris-6df7,22,30,Normal
2026-02-16 15:12:22.995370,Paris-6df7,-23,25,Normal
2026-02-16 15:12:23.995370,Paris-6df7,29,59,Normal
2026-02-16 15:12:24.995370,Paris-6df7,-2,68,Normal
2026-02-16 15:12:25.995370,Paris-6df7,26,23,Normal
2026-02-16 15:12:26.995370,Paris-6df7,44,43,Normal
2026-02-16 15:12:27.995370,Paris-6df7,-11,45,Normal
2026-02-16 15:12:28.995370,Paris-6df7,-26,11,Normal
2026-02-16 15:12:29.995370,Paris-6df7,-6,47,Normal
2026-02-16 15:12:30.995370,Paris-6df7,4,95,Normal
2026-02-16 15:12:31.995370,Paris-6df7,23,49,Normal
2026-02-16 15:12:32.995370,Paris-6df7,45,27,Normal
2026-02-16 15:12:33.995370,Paris-6df7,-12,41,Normal
2026-02-16 15:12:34.995370,Paris-6df7,-6,39,Normal
2026-02-16 15:12:35.995370,Paris-6df7,-2,32,Normal
2026-02-16 15:12:36.995370,Paris-6df7,40,83,Normal
2026-02-16 15:12:37.995370,Paris-6df7,18,1,Normal
2026-02-16 15:12:38.995370,Paris-6df7,-20,27,Normal
2026-02-16 15:12:39.995370,Paris-6df7,11,12,Normal
2026-02-16 15:12:40.995370,Paris-6df7,13,11,Normal
2026-02-16 15:12:41.995370,Paris-6df7,-16,84,Normal
2026-02-16 15:12:42.995370,Paris-6df7,-30,35,Normal
2026-02-16 15:12:43.995370,Paris-6df7,15,45,Normal
2026-02-16 15:12:44.995370,Paris-6df7,4,2,Normal
2026-02-16 15:12:45.995370,Paris-6df7,-17,33,Normal
2026-02-16 15:12:46.995370,Paris-6df7,-16,11,Normal
2026-02-16 15:12:47.995370,Paris-6df7,-15,5,Normal
2026-02-16 15:12:48.995370,Paris-6df7,-30,26,Normal
2026-02-16 15:12:49.995370,Paris-6df7,-21,38,Normal
2026-02-16 15:12:50.995370,Paris-6df7,-17,53,Normal
2026-02-16 15:12:51.995370,Paris-6df7,-9,69,Normal
2026-02-16 15:12:52.995370,Paris-6df7,-24,50,Normal
2026-02-16 15:12:53.995370,Paris-6df7,-10,20,Normal
2026-02-16 15:12:54.995370,Paris-6df7,46,29,Normal
2026-02-16 15:12:55.995370,Paris-6df7,38,5,Normal
2026-02-16 15:12:56.995370,Paris-6df7,-3,16,Normal
2026-02-16 15:12:57.995370,Paris-6df7,-27,29,Normal
2026-02-16 15:12:58.995370,Paris-6df7,36,20,Normal
2026-02-16 15:12:59.995370,Paris-6df7,-1,43,Normal
2026-02-16 15:13:00.995370,Paris-6df7,-22,61,Normal
2026-02-16 15:13:01.995370,Paris-6df7,-18,46,Normal
2026-02-16 15:13:02.995370,Paris-6df7,27,81,Normal
2026-02-16 15:13:03.995370,Paris-6df7,46,75,Normal
2026-02-16 15:13:04.995370,Paris-6df7,12,24,Normal
2026-02-16 15:13:05.995370,Paris-6df7,-26,93,Normal
2026-02-16 15:13:06.995370,Paris-6df7,-9,97,Normal
2026-02-16 15:13:07.995370,Paris-6df7,21,26,Normal
2026-02-16 15:13:08.995370,Paris-6df7,16,13,Normal
2026-02-16 15:13:09.995370,Paris-6df7,-3,39,Normal
2026-02-16 15:13:10.995370,Paris-6df7,-19,71,Normal
2026-02-16 15:13:11.995370,Paris-6df7,0,22,Normal
2026-02-16 15:13:12.995370,Paris-6df7,-1,10,Normal
2026-02-16 15:13:13.995370,Paris-6df7,-22,7,Normal
2026-02-16 15:13:14.995370,Paris-6df7,-15,77,Normal
2026-02-16 15:13:15.995370,Paris-6df7,26,37,Normal
2026-02-16 15:13:16.995370,Paris-6df7,19,62,Normal
2026-02-16 15:13:17.995370,Paris-6df7,49,22,Normal
2026-02-16 15:13:18.995370,Paris-6df7,-9,72,Normal
2026-02-16 15:13:19.995370,Paris-6df7,-24,54,Normal
2026-02-16 15:13:20.995370,Paris-6df7,24,93,Normal
2026-02-16 15:13:21.995370,Paris-6df7,48,19,Normal
2026-02-16 15:13:22.995370,Paris-6df7,-23,77,Normal
2026-02-16 15:13:23.995370,Paris-6df7,-27,38,Normal
2026-02-16 15:13:24.995370,Paris-6df7,16,37,Normal
2026-02-16 15:13:25.995370,Paris-6df7,6,70,Normal
2026-02-16 15:13:26.995370,Paris-6df7,25,12,Normal
2026-02-16 15:13:27.995370,Paris-6df7,2,27,Normal
2026-02-16 15:13:28.995370,Paris-6df7,21,5,Normal
2026-02-16 15:13:29.995370,Paris-6df7,-18,52,Normal
2026-02-16 15:13:30.995370,Paris-6df7,44,25,Normal
2026-02-16 15:13:31.995370,Paris-6df7,12,75,Normal
2026-02-16 15:13:32.995370,Paris-6df7,35,79,Normal
2026-02-16 15:13:33.995370,Paris-6df7,36,39,Normal
2026-02-16 15:13:34.995370,Paris-6df7,4,63,Normal
2026-02-16 15:13:35.995370,Paris-6df7,-17,86,Normal
2026-02-16 15:13:36.995370,Paris-6df7,49,72,Normal
2026-02-16 15:13:37.995370,Paris-6df7,5,5,Normal
2026-02-16 15:13:38.995370,Paris-6df7,24,5,Normal
2026-02-16 15:13:39.995370,Paris-6df7,45,54,Normal
2026-02-16 15:13:40.995370,Paris-6df7,-16,40,Normal
2026-02-16 15:13:41.995370,Paris-6df7,-15,91,Normal
2026-02-16 15:13:42.995370,Paris-6df7,49,78,Normal
2026-02-16 15:13:43.995370,Paris-6df7,32,100,Normal
2026-02-16 15:13:44.995370,Paris-6df7,38,37,Normal
2026-02-16 15:13:45.995370,Paris-6df7,46,79,Normal
2026-02-16 15:13:46.995370,Paris-6df7,-20,28,Normal
2026-02-16 15:13:47.995370,Paris-6df7,10,24,Normal
2026-02-16 15:13:48.995370,Paris-6df7,26,57,Normal
2026-02-16 15:13:49.995370,Paris-6df7,18,31,Normal
2026-02-16 15:13:50.995370,Paris-6df7,-1,90,Normal
2026-02-16 15:13:51.995370,Paris-6df7,7,62,Normal
2026-02-16 15:13:52.995370,Paris-6df7,6,14,Normal
2026-02-16 15:13:53.995370,Paris-6df7,-3,87,Normal
2026-02-16 15:13:54.995370,Paris-6df7,-25,58,Normal
2026-02-16 15:13:55.995370,Paris-6df7,2,52,Normal
2026-02-16 15:13:56.995370,Paris-6df7,-12,16,Normal
2026-02-16 15:13:57.995370,Paris-6df7,1,30,Normal
2026-02-16 15:13:58.995370,Paris-6df7,44,88,Normal
2026-02-16 15:13:59.995370,Paris-6df7,-28,18,Normal
2026-02-16 15:14:00.995370,Paris-6df7,33,36,Normal
2026-02-16 15:14:01.995370,Paris-6df7,-22,75,Normal
2026-02-16 15:14:02.995370,Paris-6df7,-17,17,Normal
2026-02-16 15:14:03.995370,Paris-6df7,-1,61,Normal
2026-02-16 15:14:04.995370,Paris-6df7,-10,16,Normal
2026-02-16 15:14:05.995370,Paris-6df7,-28,50,Normal
2026-02-16 15:14:06.995370,Paris-6df7,1,78,Normal
2026-02-16 15:14:07.995370,Paris-6df7,10,32,Normal
2026-02-16 15:14:08.995370,Paris-6df7,41,96,Normal
2026-02-16 15:14:09.995370,Paris-6df7,15,91,Normal
2026-02-16 15:14:10.995370,Paris-6df7,37,73,Normal
2026-02-16 15:14:11.995370,Paris-6df7,26,12,Normal
2026-02-16 15:14:12.995370,Paris-6df7,48,50,Normal
2026-02-16 15:14:13.995370,Paris-6df7,25,70,Normal
2026-02-16 15:14:14.995370,Paris-6df7,5,36,Normal
2026-02-16 15:14:15.995370,Paris-6df7,0,49,Normal
2026-02-16 15:14:16.995370,Paris-6df7,49,93,Normal
2026-02-16 15:14:17.995370,Paris-6df7,37,12,Normal
2026-02-16 15:14:18.995370,Paris-6df7,-3,12,Normal
2026-02-16 15:14:19.995370,Paris-6df7,22,77,Normal
2026-02-16 15:14:20.995370,Paris-6df7,49,100,Normal
2026-02-16 15:14:21.995370,Paris-6df7,44,35,Normal
2026-02-16 15:14:22.995370,Paris-6df7,20,86,Normal
2026-02-16 15:14:23.995370,Paris-6df7,7,5,Normal
2026-02-16 15:14:24.995370,Paris-6df7,19,78,Normal
2026-02-16 15:14:25.995370,Paris-6df7,26,8,Normal
2026-02-16 15:14:26.995370,Paris-6df7,4,96,Normal
2026-02-16 15:14:27.995370,Paris-6df7,-2,2,Normal
2026-02-16 15:14:28.995370,Paris-6df7,36,10,Normal
2026-02-16 15:14:29.995370,Paris-6df7,37,70,Normal
2026-02-16 15:14:30.995370,Paris-6df7,-3,61,Normal
2026-02-16 15:14:31.995370,Paris-6df7,-9,53,Normal
2026-02-16 15:14:32.995370,Paris-6df7,-22,30,Normal
2026-02-16 15:14:33.995370,Paris-6df7,18,62,Normal
2026-02-16 15:14:34.995370,Paris-6df7,31,16,Normal
2026-02-16 15:14:35.995370,Paris-6df7,25,45,Normal
2026-02-16 15:14:36.995370,Paris-6df7,24,15,Normal
2026-02-16 15:14:37.995370,Paris-6df7,50,22,Normal
2026-02-16 15:14:38.995370,Paris-6df7,16,96,Normal
2026-02-16 15:14:39.995370,Paris-6df7,39,75,Normal
2026-02-16 15:14:40.995370,Paris-6df7,1,11,Normal
2026-02-16 15:14:41.995370,Paris-6df7,4,64,Normal
2026-02-16 15:14:42.995370,Paris-6df7,-15,76,Normal
2026-02-16 15:14:43.995370,Paris-6df7,-29,96,Normal
2026-02-16 15:14:44.995370,Paris-6df7,23,14,Normal
2026-02-16 15:14:45.995370,Paris-6df7,1,14,Normal
2026-02-16 15:14:46.995370,Paris-6df7,39,60,Normal
2026-02-16 15:14:47.995370,Paris-6df7,30,76,Normal
2026-02-16 15:14:48.995370,Paris-6df7,23,55,Normal
2026-02-16 15:14:49.995370,Paris-6df7,7,23,Normal
2026-02-16 15:14:50.995370,Paris-6df7,8,93,Normal
2026-02-16 15:14:51.995370,Paris-6df7,42,73,Normal
2026-02-16 15:14:52.995370,Paris-6df7,19,16,Normal
2026-02-16 15:14:53.995370,Paris-6df7,37,1,Normal
2026-02-16 15:14:54.995370,Paris-6df7,2,70,Normal
2026-02-16 15:14:55.995370,Paris-6df7,4,23,Normal
2026-02-16 15:14:56.995370,Paris-6df7,16,27,Normal
2026-02-16 15:14:57.995370,Paris-6df7,18,47,Normal
2026-02-16 15:14:58.995370,Paris-6df7,39,8,Normal
2026-02-16 15:14:59.995370,Paris-6df7,-2,63,Normal
2026-02-16 15:15:00.995370,Paris-6df7,24,5,Normal
2026-02-16 15:15:01.995370,Paris-6df7,-24,70,Normal
2026-02-16 15:15:02.995370,Paris-6df7,-12,100,Normal
2026-02-16 15:15:03.995370,Paris-6df7,31,100,Normal
2026-02-16 15:15:04.995370,Paris-6df7,38,50,Normal
2026-02-16 15:15:05.995370,Paris-6df7,-20,68,Normal
2026-02-16 15:15:06.995370,Paris-6df7,0,15,Normal
2026-02-16 15:15:07.995370,Paris-6df7,-20,29,Normal
2026-02-16 15:15:08.995370,Paris-6df7,46,76,Normal
2026-02-16 15:15:09.995370,Paris-6df7,0,43,Normal
2026-02-16 15:15:10.995370,Paris-6df7,-13,50,Normal
2026-02-16 15:15:11.995370,Paris-6df7,8,9,Normal
2026-02-16 15:15:12.995370,Paris-6df7,39,23,Normal
2026-02-16 15:15:13.995370,Paris-6df7,-22,79,Normal
2026-02-16 15:15:14.995370,Paris-6df7,-4,74,Normal
2026-02-16 15:15:15.995370,Paris-6df7,-15,19,Normal
2026-02-16 15:15:16.995370,Paris-6df7,45,5,Normal
2026-02-16 15:15:17.995370,Paris-6df7,-21,33,Normal
2026-02-16 15:15:18.995370,Paris-6df7,-2,39,Normal
2026-02-16 15:15:19.995370,Paris-6df7,13,5,Normal
2026-02-16 15:15:20.995370,Paris-6df7,-1,84,Normal
2026-02-16 15:15:21.995370,Paris-6df7,43,71,Normal
2026-02-16 15:15:22.995370,Paris-6df7,50,63,Normal
2026-02-16 15:15:23.995370,Paris-6df7,36,88,Normal
2026-02-16 15:15:24.995370,Paris-6df7,-23,96,Normal
2026-02-16 15:15:25.995370,Paris-6df7,-20,79,Normal
2026-02-16 15:15:26.995370,Paris-6df7,-29,37,Normal
2026-02-16 15:15:27.995370,Paris-6df7,25,3,Normal
2026-02-16 15:15:28.995370,Paris-6df7,-8,22,Normal
2026-02-16 15:15:29.995370,Paris-6df7,33,30,Normal
2026-02-16 15:15:30.995370,Paris-6df7,30,99,Normal
2026-02-16 15:15:31.995370,Paris-6df7,11,0,Normal
2026-02-16 15:15:32.995370,Paris-6df7,27,17,Normal
2026-02-16 15:15:33.995370,Paris-6df7,0,24,Normal
2026-02-16 15:15:34.995370,Paris-6df7,-1,59,Normal
2026-02-16 15:15:35.995370,Paris-6df7,-6,90,Normal
2026-02-16 15:15:36.995370,Paris-6df7,41,70,Normal
2026-02-16 15:15:37.995370,Paris-6df7,19,72,Normal
2026-02-16 15:15:38.995370,Paris-6df7,9,70,Normal
2026-02-16 15:15:39.995370,Paris-6df7,39,20,Normal
2026-02-16 15:15:40.995370,Paris-6df7,-10,56,Normal
2026-02-16 15:15:41.995370,Paris-6df7,15,11,Normal
2026-02-16 15:15:42.995370,Paris-6df7,-19,93,Normal
2026-02-16 15:15:43.995370,Paris-6df7,19,34,Normal
2026-02-16 15:15:44.995370,Paris-6df7,-21,55,Normal
2026-02-16 15:15:45.995370,Paris-6df7,10,86,Normal
2026-02-16 15:15:46.995370,Paris-6df7,3,69,Normal
2026-02-16 15:15:47.995370,Paris-6df7,37,12,Normal
2026-02-16 15:15:48.995370,Paris-6df7,26,18,Normal
2026-02-16 15:15:49.995370,Paris-6df7,17,40,Normal
2026-02-16 15:15:50.995370,Paris-6df7,7,62,Normal
2026-02-16 15:15:51.995370,Paris-6df7,-25,68,Normal
2026-02-16 15:15:52.995370,Paris-6df7,35,8,Normal
2026-02-16 15:15:53.995370,Paris-6df7,38,87,Normal
2026-02-16 15:15:54.995370,Paris-6df7,-25,40,Normal
2026-02-16 15:15:55.995370,Paris-6df7,-26,80,Normal
2026-02-16 15:15:56.995370,Paris-6df7,36,78,Normal
2026-02-16 15:15:57.995370,Paris-6df7,37,1,Normal
2026-02-16 15:15:58.995370,Paris-6df7,17,81,Normal
2026-02-16 15:15:59.995370,Paris-6df7,14,9,Normal
2026-02-16 15:16:00.995370,Paris-6df7,9,2,Normal
2026-02-16 15:16:01.995370,Paris-6df7,42,94,Normal
2026-02-16 15:16:02.995370,Paris-6df7,1,58,Normal
2026-02-16 15:16:03.995370,Paris-6df7,-27,78,Normal
2026-02-16 15:16:04.995370,Paris-6df7,16,58,Normal
2026-02-16 15:16:05.995370,Paris-6df7,7,3,Normal
2026-02-16 15:16:06.995370,Paris-6df7,-18,61,Normal
2026-02-16 15:16:07.995370,Paris-6df7,20,36,Normal
2026-02-16 15:16:08.995370,Paris-6df7,18,78,Normal
2026-02-16 15:16:09.995370,Paris-6df7,8,42,Normal
2026-02-16 15:16:10.995370,Paris-6df7,25,88,Normal
2026-02-16 15:16:11.995370,Paris-6df7,-21,55,Normal
2026-02-16 15:16:12.995370,Paris-6df7,-24,56,Normal
2026-02-16 15:16:13.995370,Paris-6df7,41,6,Normal
2026-02-16 15:16:14.995370,Paris-6df7,-29,29,Normal
2026-02-16 15:16:15.995370,Paris-6df7,-8,80,Normal
2026-02-16 15:16:16.995370,Paris-6df7,-19,81,Normal
2026-02-16 15:16:17.995370,Paris-6df7,26,10,Normal
2026-02-16 15:16:18.995370,Paris-6df7,-12,90,Normal
2026-02-16 15:16:19.995370,Paris-6df7,48,1,Normal
2026-02-16 15:16:20.995370,Paris-6df7,4,64,Normal
2026-02-16 15:16:21.995370,Paris-6df7,-6,26,Normal
2026-02-16 15:16:22.995370,Paris-6df7,41,45,Normal
2026-02-16 15:16:23.995370,Paris-6df7,42,20,Normal
2026-02-16 15:16:24.995370,Paris-6df7,30,3,Normal
2026-02-16 15:16:25.995370,Paris-6df7,-30,99,Normal
2026-02-16 15:16:26.995370,Paris-6df7,10,71,Normal
2026-02-16 15:16:27.995370,Paris-6df7,-25,83,Normal
2026-02-16 15:16:28.995370,Paris-6df7,22,97,Normal
2026-02-16 15:16:29.995370,Paris-6df7,9,24,Normal
2026-02-16 15:16:30.995370,Paris-6df7,34,100,Normal
2026-02-16 15:16:31.995370,Paris-6df7,-5,20,Normal
2026-02-16 15:16:32.995370,Paris-6df7,7,23,Normal
2026-02-16 15:16:33.995370,Paris-6df7,-16,3,Normal
2026-02-16 15:16:34.995370,Paris-6df7,15,100,Normal
2026-02-16 15:16:35.995370,Paris-6df7,42,45,Normal
2026-02-16 15:16:36.995370,Paris-6df7,26,64,Normal
2026-02-16 15:16:37.995370,Paris-6df7,20,82,Normal
2026-02-16 15:16:38.995370,Paris-6df7,29,33,Normal
2026-02-16 15:16:39.995370,Paris-6df7,-9,30,Normal
2026-02-16 15:16:40.995370,Paris-6df7,15,70,Normal
2026-02-16 15:16:41.995370,Paris-6df7,-6,0,Normal
2026-02-16 15:16:42.995370,Paris-6df7,18,57,Normal
2026-02-16 15:16:43.995370,Paris-6df7,-27,36,Normal
2026-02-16 15:16:44.995370,Paris-6df7,-10,82,Normal
2026-02-16 15:16:45.995370,Paris-6df7,18,76,Normal
2026-02-16 15:16:46.995370,Paris-6df7,40,29,Normal
2026-02-16 15:16:47.995370,Paris-6df7,-29,6,Normal
2026-02-16 15:16:48.995370,Paris-6df7,27,67,Normal
2026-02-16 15:16:49.995370,Paris-6df7,19,93,Normal
2026-02-16 15:16:50.995370,Paris-6df7,-5,92,Normal
2026-02-16 15:16:51.995370,Paris-6df7,-16,21,Normal
2026-02-16 15:16:52.995370,Paris-6df7,-4,84,Normal
2026-02-16 15:16:53.995370,Paris-6df7,-8,38,Normal
2026-02-16 15:16:54.995370,Paris-6df7,50,71,Normal
2026-02-16 15:16:55.995370,Paris-6df7,35,65,Normal
2026-02-16 15:16:56.995370,Paris-6df7,8,61,Normal
2026-02-16 15:16:57.995370,Paris-6df7,-14,95,Normal
2026-02-16 15:16:58.995370,Paris-6df7,29,24,Normal
2026-02-16 15:16:59.995370,Paris-6df7,-4,41,Normal
2026-02-16 15:17:00.995370,Paris-6df7,-10,71,Normal
2026-02-16 15:17:01.995370,Paris-6df7,42,85,Normal
2026-02-16 15:17:02.995370,Paris-6df7,-6,91,Normal
2026-02-16 15:17:03.995370,Paris-6df7,-25,27,Normal
2026-02-16 15:17:04.995370,Paris-6df7,-29,30,Normal
2026-02-16 15:17:05.995370,Paris-6df7,-14,33,Normal
2026-02-16 15:17:06.995370,Paris-6df7,-24,25,Normal
2026-02-16 15:17:07.995370,Paris-6df7,41,81,Normal
2026-02-16 15:17:08.995370,Paris-6df7,-8,33,Normal
2026-02-16 15:17:09.995370,Paris-6df7,50,40,Normal
2026-02-16 15:17:10.995370,Paris-6df7,28,51,Normal
2026-02-16 15:17:11.995370,Paris-6df7,18,27,Normal
2026-02-16 15:17:12.995370,Paris-6df7,-5,61,Normal
2026-02-16 15:17:13.995370,Paris-6df7,-10,67,Normal
2026-02-16 15:17:14.995370,Paris-6df7,42,88,Normal
2026-02-16 15:17:15.995370,Paris-6df7,42,81,Normal
2026-02-16 15:17:16.995370,Paris-6df7,-4,92,Normal
2026-02-16 15:17:17.995370,Paris-6df7,-25,10,Normal
2026-02-16 15:17:18.995370,Paris-6df7,25,28,Normal
2026-02-16 15:17:19.995370,Paris-6df7,30,47,Normal
2026-02-16 15:17:20.995370,Paris-6df7,7,14,Normal
2026-02-16 15:17:21.995370,Paris-6df7,-29,74,Normal
2026-02-16 15:17:22.995370,Paris-6df7,45,37,Normal
2026-02-16 15:17:23.995370,Paris-6df7,48,41,Normal
2026-02-16 15:17:24.995370,Paris-6df7,3,46,Normal
2026-02-16 15:17:25.995370,Paris-6df7,-29,31,Normal
2026-02-16 15:17:26.995370,Paris-6df7,39,33,Normal
2026-02-16 15:17:27.995370,Paris-6df7,13,35,Normal
2026-02-16 15:17:28.995370,Paris-6df7,39,31,Normal
2026-02-16 15:17:29.995370,Paris-6df7,44,98,Normal
2026-02-16 15:17:30.995370,Paris-6df7,23,35,Normal
2026-02-16 15:17:31.995370,Paris-6df7,-12,97,Normal
2026-02-16 15:17:32.995370,Paris-6df7,-29,65,Normal
2026-02-16 15:17:33.995370,Paris-6df7,41,30,Normal
2026-02-16 15:17:34.995370,Paris-6df7,-14,85,Normal
2026-02-16 15:17:35.995370,Paris-6df7,-22,50,Normal
2026-02-16 15:17:36.995370,Paris-6df7,31,80,Normal
2026-02-16 15:17:37.995370,Paris-6df7,20,78,Normal
2026-02-16 15:17:38.995370,Paris-6df7,-10,68,Normal
2026-02-16 15:17:39.995370,Paris-6df7,43,28,Normal
2026-02-16 15:17:40.995370,Paris-6df7,39,20,Normal
2026-02-16 15:17:41.995370,Paris-6df7,2,9,Normal
2026-02-16 15:17:42.995370,Paris-6df7,-13,29,Normal
2026-02-16 15:17:43.995370,Paris-6df7,22,100,Normal
2026-02-16 15:17:44.995370,Paris-6df7,-2,97,Normal
2026-02-16 15:17:45.995370,Paris-6df7,4,79,Normal
2026-02-16 15:17:46.995370,Paris-6df7,45,54,Normal
2026-02-16 15:17:47.995370,Paris-6df7,-6,6,Normal
2026-02-16 15:17:48.995370,Paris-6df7,42,71,Normal
2026-02-16 15:17:49.995370,Paris-6df7,42,79,Normal
2026-02-16 15:17:50.995370,Paris-6df7,22,0,Normal
2026-02-16 15:17:51.995370,Paris-6df7,25,89,Normal
2026-02-16 15:17:52.995370,Paris-6df7,28,75,Normal
2026-02-16 15:17:53.995370,Paris-6df7,5,57,Normal
2026-02-16 15:17:54.995370,Paris-6df7,33,9,Normal
2026-02-16 15:17:55.995370,Paris-6df7,11,68,Normal
2026-02-16 15:17:56.995370,Paris-6df7,24,55,Normal
2026-02-16 15:17:57.995370,Paris-6df7,39,25,Normal
2026-02-16 15:17:58.995370,Paris-6df7,-4,87,Normal
2026-02-16 15:17:59.995370,Paris-6df7,0,100,Normal
2026-02-16 15:18:00.995370,Paris-6df7,7,59,Normal
2026-02-16 15:18:01.995370,Paris-6df7,1,5,Normal
2026-02-16 15:18:02.995370,Paris-6df7,49,40,Normal
2026-02-16 15:18:03.995370,Paris-6df7,-13,50,Normal
2026-02-16 15:18:04.995370,Paris-6df7,-15,28,Normal
2026-02-16 15:18:05.995370,Paris-6df7,14,11,Normal
2026-02-16 15:18:06.995370,Paris-6df7,-26,71,Normal
2026-02-16 15:18:07.995370,Paris-6df7,-9,18,Normal
2026-02-16 15:18:08.995370,Paris-6df7,-5,59,Normal
2026-02-16 15:18:09.995370,Paris-6df7,18,8,Normal
2026-02-16 15:18:10.995370,Paris-6df7,16,15,Normal
2026-02-16 15:18:11.995370,Paris-6df7,43,82,Normal
2026-02-16 15:18:12.995370,Paris-6df7,49,80,Normal
2026-02-16 15:18:13.995370,Paris-6df7,37,74,Normal
2026-02-16 15:18:14.995370,Paris-6df7,14,3,Normal
2026-02-16 15:18:15.995370,Paris-6df7,33,60,Normal
2026-02-16 15:18:16.995370,Paris-6df7,17,43,Normal
2026-02-16 15:18:17.995370,Paris-6df7,32,3,Normal
2026-02-16 15:18:18.995370,Paris-6df7,18,59,Normal
2026-02-16 15:18:19.995370,Paris-6df7,50,2,Normal
2026-02-16 15:18:20.995370,Paris-6df7,-11,94,Normal
2026-02-16 15:18:21.995370,Paris-6df7,36,61,Normal
2026-02-16 15:18:22.995370,Paris-6df7,18,4,Normal
2026-02-16 15:18:23.995370,Paris-6df7,-29,69,Normal
2026-02-16 15:18:24.995370,Paris-6df7,-7,58,Normal
2026-02-16 15:18:25.995370,Paris-6df7,12,64,Normal
2026-02-16 15:18:26.995370,Paris-6df7,2,65,Normal
2026-02-16 15:18:27.995370,Paris-6df7,-4,9,Normal
2026-02-16 15:18:28.995370,Paris-6df7,10,10,Normal
2026-02-16 15:18:29.995370,Paris-6df7,2,82,Normal
2026-02-16 15:18:30.995370,Paris-6df7,20,58,Normal
2026-02-16 15:18:31.995370,Paris-6df7,-30,36,Normal
2026-02-16 15:18:32.995370,Paris-6df7,-9,90,Normal
2026-02-16 15:18:33.995370,Paris-6df7,-3,45,Normal
2026-02-16 15:18:34.995370,Paris-6df7,-29,97,Normal
2026-02-16 15:18:35.995370,Paris-6df7,-26,51,Normal
2026-02-16 15:18:36.995370,Paris-6df7,38,45,Normal
2026-02-16 15:18:37.995370,Paris-6df7,15,7,Normal
2026-02-16 15:18:38.995370,Paris-6df7,-23,98,Normal
2026-02-16 15:18:39.995370,Paris-6df7,-4,9,Normal
2026-02-16 15:18:40.995370,Paris-6df7,39,51,Normal
2026-02-16 15:18:41.995370,Paris-6df7,29,75,Normal
2026-02-16 15:18:42.995370,Paris-6df7,3,52,Normal
2026-02-16 15:18:43.995370,Paris-6df7,1,88,Normal
2026-02-16 15:18:44.995370,Paris-6df7,-30,97,Normal
2026-02-16 15:18:45.995370,Paris-6df7,13,88,Normal
2026-02-16 15:18:46.995370,Paris-6df7,-18,16,Normal
2026-02-16 15:18:47.995370,Paris-6df7,-13,45,Normal
2026-02-16 15:18:48.995370,Paris-6df7,19,27,Normal
2026-02-16 15:18:49.995370,Paris-6df7,-28,99,Normal
2026-02-16 15:18:50.995370,Paris-6df7,18,62,Normal
2026-02-16 15:18:51.995370,Paris-6df7,5,42,Normal
2026-02-16 15:18:52.995370,Paris-6df7,20,50,Normal
2026-02-16 15:18:53.995370,Paris-6df7,-22,37,Normal
2026-02-16 15:18:54.995370,Paris-6df7,21,16,Normal
2026-02-16 15:18:55.995370,Paris-6df7,9,9,Normal
2026-02-16 15:18:56.995370,Paris-6df7,43,51,Normal
2026-02-16 15:18:57.995370,Paris-6df7,3,22,Normal
2026-02-16 15:18:58.995370,Paris-6df7,-18,43,Normal
2026-02-16 15:18:59.995370,Paris-6df7,-29,58,Normal
2026-02-16 15:19:00.995370,Paris-6df7,-20,11,Normal
2026-02-16 15:19:01.995370,Paris-6df7,-12,11,Normal
2026-02-16 15:19:02.995370,Paris-6df7,0,68,Normal
2026-02-16 15:19:03.995370,Paris-6df7,11,92,Normal
2026-02-16 15:19:04.995370,Paris-6df7,42,0,Normal
2026-02-16 15:19:05.995370,Paris-6df7,29,93,Normal
2026-02-16 15:19:06.995370,Paris-6df7,31,78,Normal
2026-02-16 15:19:07.995370,Paris-6df7,-25,27,Normal
2026-02-16 15:19:08.995370,Paris-6df7,19,36,Normal
2026-02-16 15:19:09.995370,Paris-6df7,17,86,Normal
2026-02-16 15:19:10.995370,Paris-6df7,4,18,Normal
2026-02-16 15:19:11.995370,Paris-6df7,7,3,Normal
2026-02-16 15:19:12.995370,Paris-6df7,41,42,Normal
2026-02-16 15:19:13.995370,Paris-6df7,24,9,Normal
2026-02-16 15:19:14.995370,Paris-6df7,-25,13,Normal
2026-02-16 15:19:15.995370,Paris-6df7,33,6,Normal
2026-02-16 15:19:16.995370,Paris-6df7,15,45,Normal
2026-02-16 15:19:17.995370,Paris-6df7,-12,16,Normal
2026-02-16 15:19:18.995370,Paris-6df7,29,4,Normal
2026-02-16 15:19:19.995370,Paris-6df7,37,34,Normal
2026-02-16 15:19:20.995370,Paris-6df7,26,62,Normal
2026-02-16 15:19:21.995370,Paris-6df7,32,88,Normal
2026-02-16 15:19:22.995370,Paris-6df7,-27,41,Normal
2026-02-16 15:19:23.995370,Paris-6df7,-30,92,Normal
2026-02-16 15:19:24.995370,Paris-6df7,41,4,Normal
2026-02-16 15:19:25.995370,Paris-6df7,-22,100,Normal
2026-02-16 15:19:26.995370,Paris-6df7,13,5,Normal
2026-02-16 15:19:27.995370,Paris-6df7,41,41,Normal
2026-02-16 15:19:28.995370,Paris-6df7,-18,23,Normal
2026-02-16 15:19:29.995370,Paris-6df7,48,13,Normal
2026-02-16 15:19:30.995370,Paris-6df7,39,84,Normal
2026-02-16 15:19:31.995370,Paris-6df7,39,71,Normal
2026-02-16 15:19:32.995370,Paris-6df7,-28,94,Normal
2026-02-16 15:19:33.995370,Paris-6df7,-13,41,Normal
2026-02-16 15:19:34.995370,Paris-6df7,-24,54,Normal
2026-02-16 15:19:35.995370,Paris-6df7,20,58,Normal
2026-02-16 15:19:36.995370,Paris-6df7,-30,34,Normal
2026-02-16 15:19:37.995370,Paris-6df7,4,64,Normal
2026-02-16 15:19:38.995370,Paris-6df7,18,42,Normal
2026-02-16 15:19:39.995370,Paris-6df7,39,81,Normal
2026-02-16 15:19:40.995370,Paris-6df7,46,86,Normal
2026-02-16 15:19:41.995370,Paris-6df7,16,91,Normal
2026-02-16 15:19:42.995370,Paris-6df7,27,55,Normal
2026-02-16 15:19:43.995370,Paris-6df7,23,80,Normal
2026-02-16 15:19:44.995370,Paris-6df7,0,14,Normal
2026-02-16 15:19:45.995370,Paris-6df7,14,29,Normal
2026-02-16 15:19:46.995370,Paris-6df7,28,25,Normal
2026-02-16 15:19:47.995370,Paris-6df7,9,76,Normal
2026-02-16 15:19:48.995370,Paris-6df7,35,17,Normal
2026-02-16 15:19:49.995370,Paris-6df7,24,60,Normal
2026-02-16 15:19:50.995370,Paris-6df7,-5,15,Normal
2026-02-16 15:19:51.995370,Paris-6df7,-14,19,Normal
2026-02-16 15:19:52.995370,Paris-6df7,-25,78,Normal
2026-02-16 15:19:53.995370,Paris-6df7,-5,47,Normal
2026-02-16 15:19:54.995370,Paris-6df7,-29,20,Normal
2026-02-16 15:19:55.995370,Paris-6df7,25,49,Normal
2026-02-16 15:19:56.995370,Paris-6df7,-2,64,Normal
2026-02-16 15:19:57.995370,Paris-6df7,-7,96,Normal
2026-02-16 15:19:58.995370,Paris-6df7,9,50,Normal
2026-02-16 15:19:59.995370,Paris-6df7,-3,51,Normal
2026-02-16 15:20:00.995370,Paris-6df7,-30,100,Normal
2026-02-16 15:20:01.995370,Paris-6df7,36,88,Normal
2026-02-16 15:20:02.995370,Paris-6df7,20,54,Normal
2026-02-16 15:20:03.995370,Paris-6df7,0,50,Normal
2026-02-16 15:20:04.995370,Paris-6df7,-29,10,Normal
2026-02-16 15:20:05.995370,Paris-6df7,19,94,Normal
2026-02-16 15:20:06.995370,Paris-6df7,34,48,Normal
2026-02-16 15:20:07.995370,Paris-6df7,1,71,Normal
2026-02-16 15:20:08.995370,Paris-6df7,-22,48,Normal
2026-02-16 15:20:09.995370,Paris-6df7,41,69,Normal
2026-02-16 15:20:10.995370,Paris-6df7,39,54,Normal
2026-02-16 15:20:11.995370,Paris-6df7,-16,88,Normal
2026-02-16 15:20:12.995370,Paris-6df7,-8,0,Normal
2026-02-16 15:20:13.995370,Paris-6df7,36,52,Normal
2026-02-16 15:20:14.995370,Paris-6df7,21,41,Normal
2026-02-16 15:20:15.995370,Paris-6df7,-9,46,Normal
2026-02-16 15:20:16.995370,Paris-6df7,45,12,Normal
2026-02-16 15:20:17.995370,Paris-6df7,37,24,Normal
2026-02-16 15:20:18.995370,Paris-6df7,49,44,Normal
2026-02-16 15:20:19.995370,Paris-6df7,28,53,Normal
2026-02-16 15:20:20.995370,Paris-6df7,-13,12,Normal
2026-02-16 15:20:21.995370,Paris-6df7,-4,85,Normal
2026-02-16 15:20:22.995370,Paris-6df7,35,86,Normal
2026-02-16 15:20:23.995370,Paris-6df7,-24,89,Normal
2026-02-16 15:20:24.995370,Paris-6df7,24,54,Normal
2026-02-16 15:20:25.995370,Paris-6df7,16,91,Normal
2026-02-16 15:20:26.995370,Paris-6df7,33,57,Normal
2026-02-16 15:20:27.995370,Paris-6df7,39,47,Normal
2026-02-16 15:20:28.995370,Paris-6df7,-15,100,Normal
2026-02-16 15:20:29.995370,Paris-6df7,23,88,Normal
2026-02-16 15:20:30.995370,Paris-6df7,-20,46,Normal
2026-02-16 15:20:31.995370,Paris-6df7,36,30,Normal
2026-02-16 15:20:32.995370,Paris-6df7,-19,1,Normal
2026-02-16 15:20:33.995370,Paris-6df7,48,6,Normal
2026-02-16 15:20:34.995370,Paris-6df7,2,12,Normal
2026-02-16 15:20:35.995370,Paris-6df7,-2,30,Normal
2026-02-16 15:20:36.995370,Paris-6df7,44,55,Normal
2026-02-16 15:20:37.995370,Paris-6df7,16,67,Normal
2026-02-16 15:20:38.995370,Paris-6df7,39,100,Normal
2026-02-16 15:20:39.995370,Paris-6df7,-6,72,Normal
2026-02-16 15:20:40.995370,Paris-6df7,4,41,Normal
2026-02-16 15:20:41.995370,Paris-6df7,20,91,Normal
2026-02-16 15:20:42.995370,Paris-6df7,27,79,Normal
2026-02-16 15:20:43.995370,Paris-6df7,34,61,Normal
2026-02-16 15:20:44.995370,Paris-6df7,50,32,Normal
2026-02-16 15:20:45.995370,Paris-6df7,-12,8,Normal
2026-02-16 15:20:46.995370,Paris-6df7,-15,7,Normal
2026-02-16 15:20:47.995370,Paris-6df7,46,79,Normal
2026-02-16 15:20:48.995370,Paris-6df7,18,62,Normal
2026-02-16 15:20:49.995370,Paris-6df7,18,56,Normal
2026-02-16 15:20:50.995370,Paris-6df7,49,75,Normal
2026-02-16 15:20:51.995370,Paris-6df7,9,62,Normal
2026-02-16 15:20:52.995370,Paris-6df7,17,90,Normal
2026-02-16 15:20:53.995370,Paris-6df7,-30,55,Normal
2026-02-16 15:20:54.995370,Paris-6df7,46,98,Normal
2026-02-16 15:20:55.995370,Paris-6df7,21,31,Normal
2026-02-16 15:20:56.995370,Paris-6df7,-2,42,Normal
2026-02-16 15:20:57.995370,Paris-6df7,49,47,Normal
2026-02-16 15:20:58.995370,Paris-6df7,-4,90,Normal
2026-02-16 15:20:59.995370,Paris-6df7,-15,88,Normal
2026-02-16 15:21:00.995370,Paris-6df7,-15,11,Normal
2026-02-16 15:21:01.995370,Paris-6df7,4,92,Normal
2026-02-16 15:21:02.995370,Paris-6df7,-25,52,Normal
2026-02-16 15:21:03.995370,Paris-6df7,17,99,Normal
2026-02-16 15:21:04.995370,Paris-6df7,31,93,Normal
2026-02-16 15:21:05.995370,Paris-6df7,9,27,Normal
2026-02-16 15:21:06.995370,Paris-6df7,-6,50,Normal
2026-02-16 15:21:07.995370,Paris-6df7,22,34,Normal
2026-02-16 15:21:08.995370,Paris-6df7,-13,32,Normal
2026-02-16 15:21:09.995370,Paris-6df7,-21,94,Normal
2026-02-16 15:21:10.995370,Paris-6df7,19,28,Normal
2026-02-16 15:21:11.995370,Paris-6df7,1,61,Normal
2026-02-16 15:21:12.995370,Paris-6df7,-10,98,Normal
2026-02-16 15:21:13.995370,Paris-6df7,-28,49,Normal
2026-02-16 15:21:14.995370,Paris-6df7,-16,34,Normal
2026-02-16 15:21:15.995370,Paris-6df7,24,24,Normal
2026-02-16 15:21:16.995370,Paris-6df7,-23,7,Normal
2026-02-16 15:21:17.995370,Paris-6df7,20,85,Normal
2026-02-16 15:21:18.995370,Paris-6df7,-5,39,Normal
2026-02-16 15:21:19.995370,Paris-6df7,48,72,Normal
2026-02-16 15:21:20.995370,Paris-6df7,32,88,Normal
2026-02-16 15:21:21.995370,Paris-6df7,45,12,Normal
2026-02-16 15:21:22.995370,Paris-6df7,-11,87,Normal
2026-02-16 15:21:23.995370,Paris-6df7,-17,55,Normal
2026-02-16 15:21:24.995370,Paris-6df7,16,60,Normal
2026-02-16 15:21:25.995370,Paris-6df7,-2,90,Normal
2026-02-16 15:21:26.995370,Paris-6df7,-22,70,Normal
2026-02-16 15:21:27.995370,Paris-6df7,-8,2,Normal
2026-02-16 15:21:28.995370,Paris-6df7,-29,93,Normal
2026-02-16 15:21:29.995370,Paris-6df7,-17,100,Normal
2026-02-16 15:21:30.995370,Paris-6df7,42,76,Normal
2026-02-16 15:21:31.995370,Paris-6df7,-10,90,Normal
2026-02-16 15:21:32.995370,Paris-6df7,-5,64,Normal
2026-02-16 15:21:33.995370,Paris-6df7,-15,78,Normal
2026-02-16 15:21:34.995370,Paris-6df7,43,75,Normal
2026-02-16 15:21:35.995370,Paris-6df7,16,90,Normal
2026-02-16 15:21:36.995370,Paris-6df7,-2,78,Normal
2026-02-16 15:21:37.995370,Paris-6df7,47,0,Normal
2026-02-16 15:21:38.995370,Paris-6df7,-8,71,Normal
2026-02-16 15:21:39.995370,Paris-6df7,8,53,Normal
2026-02-16 15:21:40.995370,Paris-6df7,11,15,Normal
2026-02-16 15:21:41.995370,Paris-6df7,41,38,Normal
2026-02-16 15:21:42.995370,Paris-6df7,11,19,Normal
2026-02-16 15:21:43.995370,Paris-6df7,10,46,Normal
2026-02-16 15:21:44.995370,Paris-6df7,44,61,Normal
2026-02-16 15:21:45.995370,Paris-6df7,-2,93,Normal
2026-02-16 15:21:46.995370,Paris-6df7,20,6,Normal
2026-02-16 15:21:47.995370,Paris-6df7,2,5,Normal
2026-02-16 15:21:48.995370,Paris-6df7,2,100,Normal
2026-02-16 15:21:49.995370,Paris-6df7,19,44,Normal
2026-02-16 15:21:50.995370,Paris-6df7,-17,75,Normal
2026-02-16 15:21:51.995370,Paris-6df7,-20,98,Normal
2026-02-16 15:21:52.995370,Paris-6df7,45,77,Normal
2026-02-16 15:21:53.995370,Paris-6df7,2,64,Normal
2026-02-16 15:21:54.995370,Paris-6df7,15,37,Normal
2026-02-16 15:21:55.995370,Paris-6df7,2,0,Normal
2026-02-16 15:21:56.995370,Paris-6df7,7,70,Normal
2026-02-16 15:21:57.995370,Paris-6df7,46,15,Normal
2026-02-16 15:21:58.995370,Paris-6df7,5,82,Normal
2026-02-16 15:21:59.995370,Paris-6df7,-30,81,Normal
2026-02-16 15:22:00.995370,Paris-6df7,-23,40,Normal
2026-02-16 15:22:01.995370,Paris-6df7,11,26,Normal
2026-02-16 15:22:02.995370,Paris-6df7,-25,22,Normal
2026-02-16 15:22:03.995370,Paris-6df7,33,44,Normal
2026-02-16 15:22:04.995370,Paris-6df7,42,92,Normal
2026-02-16 15:22:05.995370,Paris-6df7,18,53,Normal
2026-02-16 15:22:06.995370,Paris-6df7,-16,54,Normal
2026-02-16 15:22:07.995370,Paris-6df7,-6,73,Normal
2026-02-16 15:22:08.995370,Paris-6df7,44,13,Normal
2026-02-16 15:22:09.995370,Paris-6df7,24,61,Normal
2026-02-16 15:22:10.995370,Paris-6df7,-28,48,Normal
2026-02-16 15:22:11.995370,Paris-6df7,40,29,Normal
2026-02-16 15:22:12.995370,Paris-6df7,15,75,Normal
2026-02-16 15:22:13.995370,Paris-6df7,46,21,Normal
2026-02-16 15:22:14.995370,Paris-6df7,26,35,Normal
2026-02-16 15:22:15.995370,Paris-6df7,-28,94,Normal
2026-02-16 15:22:16.995370,Paris-6df7,8,35,Normal
2026-02-16 15:22:17.995370,Paris-6df7,-6,34,Normal
2026-02-16 15:22:18.995370,Paris-6df7,-11,8,Normal
2026-02-16 15:22:19.995370,Paris-6df7,-9,36,Normal
2026-02-16 15:22:20.995370,Paris-6df7,-25,16,Normal
2026-02-16 15:22:21.995370,Paris-6df7,29,16,Normal
2026-02-16 15:22:22.995370,Paris-6df7,-18,51,Normal
2026-02-16 15:22:23.995370,Paris-6df7,-7,88,Normal
2026-02-16 15:22:24.995370,Paris-6df7,-18,51,Normal
2026-02-16 15:22:25.995370,Paris-6df7,-21,17,Normal
2026-02-16 15:22:26.995370,Paris-6df7,6,67,Normal
2026-02-16 15:22:27.995370,Paris-6df7,19,64,Normal
2026-02-16 15:22:28.995370,Paris-6df7,47,78,Normal
2026-02-16 15:22:29.995370,Paris-6df7,15,6,Normal
2026-02-16 15:22:30.995370,Paris-6df7,-24,27,Normal
2026-02-16 15:22:31.995370,Paris-6df7,20,62,Normal
2026-02-16 15:22:32.995370,Paris-6df7,44,2,Normal
2026-02-16 15:22:33.995370,Paris-6df7,44,14,Normal
2026-02-16 15:22:34.995370,Paris-6df7,43,77,Normal
2026-02-16 15:22:35.995370,Paris-6df7,-8,83,Normal
2026-02-16 15:22:36.995370,Paris-6df7,-2,77,Normal
2026-02-16 15:22:37.995370,Paris-6df7,15,19,Normal
2026-02-16 15:22:38.995370,Paris-6df7,-16,34,Normal
2026-02-16 15:22:39.995370,Paris-6df7,-6,21,Normal
2026-02-16 15:22:40.995370,Paris-6df7,26,21,Normal
2026-02-16 15:22:41.995370,Paris-6df7,34,5,Normal
2026-02-16 15:22:42.995370,Paris-6df7,-19,25,Normal
2026-02-16 15:22:43.995370,Paris-6df7,39,2,Normal
2026-02-16 15:22:44.995370,Paris-6df7,-15,82,Normal
2026-02-16 15:22:45.995370,Paris-6df7,49,55,Normal
2026-02-16 15:22:46.995370,Paris-6df7,-14,14,Normal
2026-02-16 15:22:47.995370,Paris-6df7,-22,62,Normal
2026-02-16 15:22:48.995370,Paris-6df7,3,99,Normal
2026-02-16 15:22:49.995370,Paris-6df7,20,36,Normal
2026-02-16 15:22:50.995370,Paris-6df7,-13,18,Normal
2026-02-16 15:22:51.995370,Paris-6df7,11,8,Normal
2026-02-16 15:22:52.995370,Paris-6df7,49,98,Normal
2026-02-16 15:22:53.995370,Paris-6df7,46,5,Normal
2026-02-16 15:22:54.995370,Paris-6df7,-28,76,Normal
2026-02-16 15:22:55.995370,Paris-6df7,27,84,Normal
2026-02-16 15:22:56.995370,Paris-6df7,-28,42,Normal
2026-02-16 15:22:57.995370,Paris-6df7,40,69,Normal
2026-02-16 15:22:58.995370,Paris-6df7,33,14,Normal
2026-02-16 15:22:59.995370,Paris-6df7,-22,45,Normal
2026-02-16 15:23:00.995370,Paris-6df7,40,99,Normal
2026-02-16 15:23:01.995370,Paris-6df7,10,96,Normal
2026-02-16 15:23:02.995370,Paris-6df7,-2,25,Normal
2026-02-16 15:23:03.995370,Paris-6df7,31,78,Normal
2026-02-16 15:23:04.995370,Paris-6df7,35,32,Normal
2026-02-16 15:23:05.995370,Paris-6df7,17,92,Normal
2026-02-16 15:23:06.995370,Paris-6df7,11,67,Normal
2026-02-16 15:23:07.995370,Paris-6df7,-16,91,Normal
2026-02-16 15:23:08.995370,Paris-6df7,24,3,Normal
2026-02-16 15:23:09.995370,Paris-6df7,-11,18,Normal
2026-02-16 15:23:10.995370,Paris-6df7,-11,82,Normal
2026-02-16 15:23:11.995370,Paris-6df7,8,38,Normal
2026-02-16 15:23:12.995370,Paris-6df7,35,94,Normal
2026-02-16 15:23:13.995370,Paris-6df7,45,1,Normal
2026-02-16 15:23:14.995370,Paris-6df7,49,25,Normal
2026-02-16 15:23:15.995370,Paris-6df7,-28,45,Normal
2026-02-16 15:23:16.995370,Paris-6df7,46,38,Normal
2026-02-16 15:23:17.995370,Paris-6df7,-23,21,Normal
2026-02-16 15:23:18.995370,Paris-6df7,-25,29,Normal
2026-02-16 15:23:19.995370,Paris-6df7,-1,61,Normal
2026-02-16 15:23:20.995370,Paris-6df7,15,41,Normal
2026-02-16 15:23:21.995370,Paris-6df7,34,54,Normal
2026-02-16 15:23:22.995370,Paris-6df7,34,44,Normal
2026-02-16 15:23:23.995370,Paris-6df7,42,19,Normal
2026-02-16 15:23:24.995370,Paris-6df7,-1,79,Normal
2026-02-16 15:23:25.995370,Paris-6df7,23,85,Normal
2026-02-16 15:23:26.995370,Paris-6df7,-7,80,Normal
2026-02-16 15:23:27.995370,Paris-6df7,27,65,Normal
2026-02-16 15:23:28.995370,Paris-6df7,-1,23,Normal
2026-02-16 15:23:29.995370,Paris-6df7,-11,67,Normal
2026-02-16 15:23:30.995370,Paris-6df7,0,21,Normal
2026-02-16 15:23:31.995370,Paris-6df7,33,25,Normal
2026-02-16 15:23:32.995370,Paris-6df7,46,50,Normal
2026-02-16 15:23:33.995370,Paris-6df7,-29,4,Normal
2026-02-16 15:23:34.995370,Paris-6df7,27,54,Normal
2026-02-16 15:23:35.995370,Paris-6df7,44,24,Normal
2026-02-16 15:23:36.995370,Paris-6df7,15,77,Normal
2026-02-16 15:23:37.995370,Paris-6df7,42,36,Normal
2026-02-16 15:23:38.995370,Paris-6df7,-25,37,Normal
2026-02-16 15:23:39.995370,Paris-6df7,-26,17,Normal
2026-02-16 15:23:40.995370,Paris-6df7,-7,31,Normal
2026-02-16 15:23:41.995370,Paris-6df7,1,78,Normal
2026-02-16 15:23:42.995370,Paris-6df7,2,14,Normal
2026-02-16 15:23:43.995370,Paris-6df7,29,20,Normal
2026-02-16 15:23:44.995370,Paris-6df7,18,72,Normal
2026-02-16 15:23:45.995370,Paris-6df7,19,43,Normal
2026-02-16 15:23:46.995370,Paris-6df7,38,27,Normal
2026-02-16 15:23:47.995370,Paris-6df7,17,16,Normal
2026-02-16 15:23:48.995370,Paris-6df7,40,29,Normal
2026-02-16 15:23:49.995370,Paris-6df7,-2,64,Normal
2026-02-16 15:23:50.995370,Paris-6df7,10,73,Normal
2026-02-16 15:23:51.995370,Paris-6df7,-26,39,Normal
2026-02-16 15:23:52.995370,Paris-6df7,17,31,Normal
2026-02-16 15:23:53.995370,Paris-6df7,11,83,Normal
2026-02-16 15:23:54.995370,Paris-6df7,50,78,Normal
2026-02-16 15:23:55.995370,Paris-6df7,41,77,Normal
2026-02-16 15:23:56.995370,Paris-6df7,30,57,Normal
2026-02-16 15:23:57.995370,Paris-6df7,18,70,Normal
2026-02-16 15:23:58.995370,Paris-6df7,-1,28,Normal
2026-02-16 15:23:59.995370,Paris-6df7,36,60,Normal
2026-02-16 15:24:00.995370,Paris-6df7,-29,38,Normal
2026-02-16 15:24:01.995370,Paris-6df7,46,1,Normal
2026-02-16 15:24:02.995370,Paris-6df7,-11,0,Normal
2026-02-16 15:24:03.995370,Paris-6df7,-18,40,Normal
2026-02-16 15:24:04.995370,Paris-6df7,38,70,Normal
2026-02-16 15:24:05.995370,Paris-6df7,-6,88,Normal
2026-02-16 15:24:06.995370,Paris-6df7,-2,70,Normal
2026-02-16 15:24:07.995370,Paris-6df7,-28,23,Normal
2026-02-16 15:24:08.995370,Paris-6df7,-26,95,Normal
2026-02-16 15:24:09.995370,Paris-6df7,7,95,Normal
2026-02-16 15:24:10.995370,Paris-6df7,29,41,Normal
2026-02-16 15:24:11.995370,Paris-6df7,-21,23,Normal
2026-02-16 15:24:12.995370,Paris-6df7,-30,84,Normal
2026-02-16 15:24:13.995370,Paris-6df7,5,51,Normal
2026-02-16 15:24:14.995370,Paris-6df7,37,17,Normal
2026-02-16 15:24:15.995370,Paris-6df7,48,8,Normal
2026-02-16 15:24:16.995370,Paris-6df7,22,34,Normal
2026-02-16 15:24:17.995370,Paris-6df7,23,48,Normal
2026-02-16 15:24:18.995370,Paris-6df7,-1,73,Normal
2026-02-16 15:24:19.995370,Paris-6df7,-6,82,Normal
2026-02-16 15:24:20.995370,Paris-6df7,39,90,Normal
2026-02-16 15:24:21.995370,Paris-6df7,-3,18,Normal
2026-02-16 15:24:22.995370,Paris-6df7,-29,92,Normal
2026-02-16 15:24:23.995370,Paris-6df7,27,52,Normal
2026-02-16 15:24:24.995370,Paris-6df7,49,60,Normal
2026-02-16 15:24:25.995370,Paris-6df7,49,76,Normal
2026-02-16 15:24:26.995370,Paris-6df7,45,80,Normal
2026-02-16 15:24:27.995370,Paris-6df7,29,85,Normal
2026-02-16 15:24:28.995370,Paris-6df7,-26,75,Normal
2026-02-16 15:24:29.995370,Paris-6df7,-11,13,Normal
2026-02-16 15:24:30.995370,Paris-6df7,-15,94,Normal
2026-02-16 15:24:31.995370,Paris-6df7,-28,60,Normal
2026-02-16 15:24:32.995370,Paris-6df7,14,23,Normal
2026-02-16 15:24:33.995370,Paris-6df7,6,97,Normal
2026-02-16 15:24:34.995370,Paris-6df7,-24,16,Normal
2026-02-16 15:24:35.995370,Paris-6df7,19,30,Normal
2026-02-16 15:24:36.995370,Paris-6df7,-28,60,Normal
2026-02-16 15:24:37.995370,Paris-6df7,-1,55,Normal
2026-02-16 15:24:38.995370,Paris-6df7,43,10,Normal
2026-02-16 15:24:39.995370,Paris-6df7,-29,54,Normal
2026-02-16 15:24:40.995370,Paris-6df7,-3,19,Normal
2026-02-16 15:24:41.995370,Paris-6df7,23,26,Normal
2026-02-16 15:24:42.995370,Paris-6df7,22,35,Normal
2026-02-16 15:24:43.995370,Paris-6df7,-11,86,Normal
2026-02-16 15:24:44.995370,Paris-6df7,-5,19,Normal
2026-02-16 15:24:45.995370,Paris-6df7,-5,92,Normal
2026-02-16 15:24:46.995370,Paris-6df7,7,60,Normal
2026-02-16 15:24:47.995370,Paris-6df7,49,99,Normal
2026-02-16 15:24:48.995370,Paris-6df7,-10,86,Normal
2026-02-16 15:24:49.995370,Paris-6df7,-23,47,Normal
2026-02-16 15:24:50.995370,Paris-6df7,24,16,Normal
2026-02-16 15:24:51.995370,Paris-6df7,32,30,Normal
2026-02-16 15:24:52.995370,Paris-6df7,1,44,Normal
2026-02-16 15:24:53.995370,Paris-6df7,7,80,Normal
2026-02-16 15:24:54.995370,Paris-6df7,8,43,Normal
2026-02-16 15:24:55.995370,Paris-6df7,8,54,Normal
2026-02-16 15:24:56.995370,Paris-6df7,-10,96,Normal
2026-02-16 15:24:57.995370,Paris-6df7,-30,57,Normal
2026-02-16 15:24:58.995370,Paris-6df7,42,8,Normal
2026-02-16 15:24:59.995370,Paris-6df7,-24,55,Normal
2026-02-16 15:25:00.995370,Paris-6df7,-11,77,Normal
2026-02-16 15:25:01.995370,Paris-6df7,0,33,Normal
2026-02-16 15:25:02.995370,Paris-6df7,-3,78,Normal
2026-02-16 15:25:03.995370,Paris-6df7,18,69,Normal
2026-02-16 15:25:04.995370,Paris-6df7,-7,4,Normal
2026-02-16 15:25:05.995370,Paris-6df7,0,100,Normal
2026-02-16 15:25:06.995370,Paris-6df7,9,55,Normal
2026-02-16 15:25:07.995370,Paris-6df7,3,69,Normal
2026-02-16 15:25:08.995370,Paris-6df7,28,81,Normal
2026-02-16 15:25:09.995370,Paris-6df7,-21,86,Normal
2026-02-16 15:25:10.995370,Paris-6df7,-5,11,Normal
2026-02-16 15:25:11.995370,Paris-6df7,36,75,Normal
2026-02-16 15:25:12.995370,Paris-6df7,48,94,Normal
2026-02-16 15:25:13.995370,Paris-6df7,13,40,Normal
2026-02-16 15:25:14.995370,Paris-6df7,-2,20,Normal
2026-02-16 15:25:15.995370,Paris-6df7,40,7,Normal
2026-02-16 15:25:16.995370,Paris-6df7,-6,100,Normal
2026-02-16 15:25:17.995370,Paris-6df7,-4,61,Normal
2026-02-16 15:25:18.995370,Paris-6df7,-26,90,Normal
2026-02-16 15:25:19.995370,Paris-6df7,7,85,Normal
2026-02-16 15:25:20.995370,Paris-6df7,35,45,Normal
2026-02-16 15:25:21.995370,Paris-6df7,2,6,Normal
2026-02-16 15:25:22.995370,Paris-6df7,49,93,Normal
2026-02-16 15:25:23.995370,Paris-6df7,-28,73,Normal
2026-02-16 15:25:24.995370,Paris-6df7,-1,19,Normal
2026-02-16 15:25:25.995370,Paris-6df7,50,17,Normal
2026-02-16 15:25:26.995370,Paris-6df7,40,81,Normal
2026-02-16 15:25:27.995370,Paris-6df7,42,12,Normal
2026-02-16 15:25:28.995370,Paris-6df7,-29,57,Normal
2026-02-16 15:25:29.995370,Paris-6df7,-12,52,Normal
2026-02-16 15:25:30.995370,Paris-6df7,44,100,Normal
2026-02-16 15:25:31.995370,Paris-6df7,11,29,Normal
2026-02-16 15:25:32.995370,Paris-6df7,18,81,Normal
2026-02-16 15:25:33.995370,Paris-6df7,-16,80,Normal
2026-02-16 15:25:34.995370,Paris-6df7,45,19,Normal
2026-02-16 15:25:35.995370,Paris-6df7,-22,56,Normal
2026-02-16 15:25:36.995370,Paris-6df7,9,91,Normal
2026-02-16 15:25:37.995370,Paris-6df7,22,53,Normal
2026-02-16 15:25:38.995370,Paris-6df7,-1,98,Normal
2026-02-16 15:25:39.995370,Paris-6df7,-26,39,Normal
2026-02-16 15:25:40.995370,Paris-6df7,19,25,Normal
2026-02-16 15:25:41.995370,Paris-6df7,21,41,Normal
2026-02-16 15:25:42.995370,Paris-6df7,12,0,Normal
2026-02-16 15:25:43.995370,Paris-6df7,2,97,Normal
2026-02-16 15:25:44.995370,Paris-6df7,23,68,Normal
2026-02-16 15:25:45.995370,Paris-6df7,45,98,Normal
2026-02-16 15:25:46.995370,Paris-6df7,-19,99,Normal
2026-02-16 15:25:47.995370,Paris-6df7,-16,43,Normal
2026-02-16 15:25:48.995370,Paris-6df7,-9,18,Normal
2026-02-16 15:25:49.995370,Paris-6df7,-26,2,Normal
2026-02-16 15:25:50.995370,Paris-6df7,32,99,Normal
2026-02-16 15:25:51.995370,Paris-6df7,-24,68,Normal
2026-02-16 15:25:52.995370,Paris-6df7,43,1,Normal
2026-02-16 15:25:53.995370,Paris-6df7,47,34,Normal
2026-02-16 15:25:54.995370,Paris-6df7,-28,71,Normal
2026-02-16 15:25:55.995370,Paris-6df7,-12,6,Normal
2026-02-16 15:25:56.995370,Paris-6df7,-20,94,Normal
2026-02-16 15:25:57.995370,Paris-6df7,-12,66,Normal
2026-02-16 15:25:58.995370,Paris-6df7,23,84,Normal
2026-02-16 15:25:59.995370,Paris-6df7,-9,26,Normal
2026-02-16 15:26:00.995370,Paris-6df7,26,86,Normal
2026-02-16 15:26:01.995370,Paris-6df7,-5,42,Normal
2026-02-16 15:26:02.995370,Paris-6df7,28,53,Normal
2026-02-16 15:26:03.995370,Paris-6df7,28,87,Normal
2026-02-16 15:26:04.995370,Paris-6df7,9,68,Normal
2026-02-16 15:26:05.995370,Paris-6df7,15,20,Normal
2026-02-16 15:26:06.995370,Paris-6df7,-13,39,Normal
2026-02-16 15:26:07.995370,Paris-6df7,29,31,Normal
2026-02-16 15:26:08.995370,Paris-6df7,-9,70,Normal
2026-02-16 15:26:09.995370,Paris-6df7,-30,15,Normal
2026-02-16 15:26:10.995370,Paris-6df7,13,33,Normal
2026-02-16 15:26:11.995370,Paris-6df7,-5,61,Normal
2026-02-16 15:26:12.995370,Paris-6df7,8,12,Normal
2026-02-16 15:26:13.995370,Paris-6df7,19,96,Normal
2026-02-16 15:26:14.995370,Paris-6df7,-5,27,Normal
2026-02-16 15:26:15.995370,Paris-6df7,35,16,Normal
2026-02-16 15:26:16.995370,Paris-6df7,50,64,Normal
2026-02-16 15:26:17.995370,Paris-6df7,26,18,Normal
2026-02-16 15:26:18.995370,Paris-6df7,2,0,Normal
2026-02-16 15:26:19.995370,Paris-6df7,13,32,Normal
2026-02-16 15:26:20.995370,Paris-6df7,23,25,Normal
2026-02-16 15:26:21.995370,Paris-6df7,40,31,Normal
2026-02-16 15:26:22.995370,Paris-6df7,10,89,Normal
2026-02-16 15:26:23.995370,Paris-6df7,35,33,Normal
2026-02-16 15:26:24.995370,Paris-6df7,-26,81,Normal
2026-02-16 15:26:25.995370,Paris-6df7,33,90,Normal
2026-02-16 15:26:26.995370,Paris-6df7,12,68,Normal
2026-02-16 15:26:27.995370,Paris-6df7,30,60,Normal
2026-02-16 15:26:28.995370,Paris-6df7,-27,36,Normal
2026-02-16 15:26:29.995370,Paris-6df7,-23,98,Normal
2026-02-16 15:26:30.995370,Paris-6df7,-18,88,Normal
2026-02-16 15:26:31.995370,Paris-6df7,46,39,Normal
2026-02-16 15:26:32.995370,Paris-6df7,50,1,Normal
2026-02-16 15:26:33.995370,Paris-6df7,40,88,Normal
2026-02-16 15:26:34.995370,Paris-6df7,-3,49,Normal
2026-02-16 15:26:35.995370,Paris-6df7,28,44,Normal
2026-02-16 15:26:36.995370,Paris-6df7,24,17,Normal
2026-02-16 15:26:37.995370,Paris-6df7,36,54,Normal
2026-02-16 15:26:38.995370,Paris-6df7,-8,60,Normal
2026-02-16 15:26:39.995370,Paris-6df7,9,98,Normal
2026-02-16 15:26:40.995370,Paris-6df7,-20,61,Normal
2026-02-16 15:26:41.995370,Paris-6df7,45,46,Normal
2026-02-16 15:26:42.995370,Paris-6df7,36,1,Normal
2026-02-16 15:26:43.995370,Paris-6df7,-17,65,Normal
2026-02-16 15:26:44.995370,Paris-6df7,24,57,Normal
2026-02-16 15:26:45.995370,Paris-6df7,-23,59,Normal
2026-02-16 15:26:46.995370,Paris-6df7,20,14,Normal
2026-02-16 15:26:47.995370,Paris-6df7,-16,68,Normal
2026-02-16 15:26:48.995370,Paris-6df7,16,45,Normal
2026-02-16 15:26:49.995370,Paris-6df7,42,58,Normal
2026-02-16 15:26:50.995370,Paris-6df7,30,52,Normal
2026-02-16 15:26:51.995370,Paris-6df7,31,56,Normal
2026-02-16 15:26:52.995370,Paris-6df7,32,63,Normal
2026-02-16 15:26:53.995370,Paris-6df7,37,93,Normal
2026-02-16 15:26:54.995370,Paris-6df7,-6,89,Normal
2026-02-16 15:26:55.995370,Paris-6df7,24,41,Normal
2026-02-16 15:26:56.995370,Paris-6df7,37,54,Normal
2026-02-16 15:26:57.995370,Paris-6df7,-19,100,Normal
2026-02-16 15:26:58.995370,Paris-6df7,24,65,Normal
2026-02-16 15:26:59.995370,Paris-6df7,-3,1,Normal
2026-02-16 15:27:00.995370,Paris-6df7,-19,57,Normal
2026-02-16 15:27:01.995370,Paris-6df7,-3,33,Normal
2026-02-16 15:27:02.995370,Paris-6df7,-13,78,Normal
2026-02-16 15:27:03.995370,Paris-6df7,41,95,Normal
2026-02-16 15:27:04.995370,Paris-6df7,36,55,Normal
2026-02-16 15:27:05.995370,Paris-6df7,48,100,Normal
2026-02-16 15:27:06.995370,Paris-6df7,22,1,Normal
2026-02-16 15:27:07.995370,Paris-6df7,17,4,Normal
2026-02-16 15:27:08.995370,Paris-6df7,13,59,Normal
2026-02-16 15:27:09.995370,Paris-6df7,32,88,Normal
2026-02-16 15:27:10.995370,Paris-6df7,26,39,Normal
2026-02-16 15:27:11.995370,Paris-6df7,-11,88,Normal
2026-02-16 15:27:12.995370,Paris-6df7,44,82,Normal
2026-02-16 15:27:13.995370,Paris-6df7,30,22,Normal
2026-02-16 15:27:14.995370,Paris-6df7,2,67,Normal
2026-02-16 15:27:15.995370,Paris-6df7,32,30,Normal
2026-02-16 15:27:16.995370,Paris-6df7,-12,69,Normal
2026-02-16 15:27:17.995370,Paris-6df7,31,86,Normal
2026-02-16 15:27:18.995370,Paris-6df7,-12,40,Normal
2026-02-16 15:27:19.995370,Paris-6df7,-24,16,Normal
2026-02-16 15:27:20.995370,Paris-6df7,18,21,Normal
2026-02-16 15:27:21.995370,Paris-6df7,-7,90,Normal
2026-02-16 15:27:22.995370,Paris-6df7,3,48,Normal
2026-02-16 15:27:23.995370,Paris-6df7,2,12,Normal
2026-02-16 15:27:24.995370,Paris-6df7,-5,86,Normal
2026-02-16 15:27:25.995370,Paris-6df7,23,19,Normal
2026-02-16 15:27:26.995370,Paris-6df7,17,77,Normal
2026-02-16 15:27:27.995370,Paris-6df7,22,55,Normal
2026-02-16 15:27:28.995370,Paris-6df7,15,13,Normal
2026-02-16 15:27:29.995370,Paris-6df7,49,45,Normal
2026-02-16 15:27:30.995370,Paris-6df7,-20,68,Normal
2026-02-16 15:27:31.995370,Paris-6df7,13,2,Normal
2026-02-16 15:27:32.995370,Paris-6df7,-14,50,Normal
2026-02-16 15:27:33.995370,Paris-6df7,28,59,Normal
2026-02-16 15:27:34.995370,Paris-6df7,25,77,Normal
2026-02-16 15:27:35.995370,Paris-6df7,6,72,Normal
2026-02-16 15:27:36.995370,Paris-6df7,48,25,Normal
2026-02-16 15:27:37.995370,Paris-6df7,19,93,Normal
2026-02-16 15:27:38.995370,Paris-6df7,-22,90,Normal
2026-02-16 15:27:39.995370,Paris-6df7,38,14,Normal
2026-02-16 15:27:40.995370,Paris-6df7,2,61,Normal
2026-02-16 15:27:41.995370,Paris-6df7,-24,42,Normal
2026-02-16 15:27:42.995370,Paris-6df7,-27,99,Normal
2026-02-16 15:27:43.995370,Paris-6df7,13,76,Normal
2026-02-16 15:27:44.995370,Paris-6df7,-14,61,Normal
2026-02-16 15:27:45.995370,Paris-6df7,-30,98,Normal
2026-02-16 15:27:46.995370,Paris-6df7,14,73,Normal
2026-02-16 15:27:47.995370,Paris-6df7,48,42,Normal
2026-02-16 15:27:48.995370,Paris-6df7,42,28,Normal
2026-02-16 15:27:49.995370,Paris-6df7,29,50,Normal
2026-02-16 15:27:50.995370,Paris-6df7,4,97,Normal
2026-02-16 15:27:51.995370,Paris-6df7,43,20,Normal
2026-02-16 15:27:52.995370,Paris-6df7,23,19,Normal
2026-02-16 15:27:53.995370,Paris-6df7,-2,33,Normal
2026-02-16 15:27:54.995370,Paris-6df7,25,74,Normal
2026-02-16 15:27:55.995370,Paris-6df7,40,64,Normal
2026-02-16 15:27:56.995370,Paris-6df7,46,66,Normal
2026-02-16 15:27:57.995370,Paris-6df7,21,58,Normal
2026-02-16 15:27:58.995370,Paris-6df7,41,36,Normal
2026-02-16 15:27:59.995370,Paris-6df7,14,91,Normal
2026-02-16 15:28:00.995370,Paris-6df7,-5,16,Normal
2026-02-16 15:28:01.995370,Paris-6df7,5,74,Normal
2026-02-16 15:28:02.995370,Paris-6df7,13,7,Normal
2026-02-16 15:28:03.995370,Paris-6df7,4,33,Normal
2026-02-16 15:28:04.995370,Paris-6df7,-29,33,Normal
2026-02-16 15:28:05.995370,Paris-6df7,35,88,Normal
2026-02-16 15:28:06.995370,Paris-6df7,6,29,Normal
2026-02-16 15:28:07.995370,Paris-6df7,26,25,Normal
2026-02-16 15:28:08.995370,Paris-6df7,-4,0,Normal
2026-02-16 15:28:09.995370,Paris-6df7,-24,96,Normal
2026-02-16 15:28:10.995370,Paris-6df7,-27,10,Normal
2026-02-16 15:28:11.995370,Paris-6df7,42,92,Normal
2026-02-16 15:28:12.995370,Paris-6df7,32,90,Normal
2026-02-16 15:28:13.995370,Paris-6df7,29,43,Normal
2026-02-16 15:28:14.995370,Paris-6df7,42,16,Normal
2026-02-16 15:28:15.995370,Paris-6df7,37,18,Normal
2026-02-16 15:28:16.995370,Paris-6df7,28,74,Normal
2026-02-16 15:28:17.995370,Paris-6df7,33,76,Normal
2026-02-16 15:28:18.995370,Paris-6df7,-11,91,Normal
2026-02-16 15:28:19.995370,Paris-6df7,50,68,Normal
2026-02-16 15:28:20.995370,Paris-6df7,16,49,Normal
2026-02-16 15:28:21.995370,Paris-6df7,27,37,Normal
2026-02-16 15:28:22.995370,Paris-6df7,45,61,Normal
2026-02-16 15:28:23.995370,Paris-6df7,21,23,Normal
2026-02-16 15:28:24.995370,Paris-6df7,30,74,Normal
2026-02-16 15:28:25.995370,Paris-6df7,44,64,Normal
2026-02-16 15:28:26.995370,Paris-6df7,-10,91,Normal
2026-02-16 15:28:27.995370,Paris-6df7,-14,28,Normal
2026-02-16 15:28:28.995370,Paris-6df7,3,54,Normal
2026-02-16 15:28:29.995370,Paris-6df7,10,42,Normal
2026-02-16 15:28:30.995370,Paris-6df7,-13,29,Normal
2026-02-16 15:28:31.995370,Paris-6df7,-11,54,Normal
2026-02-16 15:28:32.995370,Paris-6df7,40,35,Normal
2026-02-16 15:28:33.995370,Paris-6df7,-24,6,Normal
2026-02-16 15:28:34.995370,Paris-6df7,2,96,Normal
2026-02-16 15:28:35.995370,Paris-6df7,43,90,Normal
2026-02-16 15:28:36.995370,Paris-6df7,-17,79,Normal
2026-02-16 15:28:37.995370,Paris-6df7,20,96,Normal
2026-02-16 15:28:38.995370,Paris-6df7,-16,5,Normal
2026-02-16 15:28:39.995370,Paris-6df7,27,59,Normal
2026-02-16 15:28:40.995370,Paris-6df7,-5,11,Normal
2026-02-16 15:28:41.995370,Paris-6df7,48,49,Normal
2026-02-16 15:28:42.995370,Paris-6df7,16,98,Normal
2026-02-16 15:28:43.995370,Paris-6df7,42,88,Normal
2026-02-16 15:28:44.995370,Paris-6df7,33,95,Normal
2026-02-16 15:28:45.995370,Paris-6df7,20,99,Normal
2026-02-16 15:28:46.995370,Paris-6df7,-24,90,Normal
2026-02-16 15:28:47.995370,Paris-6df7,31,87,Normal
2026-02-16 15:28:48.995370,Paris-6df7,-14,64,Normal
2026-02-16 15:28:49.995370,Paris-6df7,19,79,Normal
2026-02-16 15:28:50.995370,Paris-6df7,42,33,Normal
2026-02-16 15:28:51.995370,Paris-6df7,40,1,Normal
2026-02-16 15:28:52.995370,Paris-6df7,31,27,Normal
2026-02-16 15:28:53.995370,Paris-6df7,5,52,Normal
2026-02-16 15:28:54.995370,Paris-6df7,-4,55,Normal
2026-02-16 15:28:55.995370,Paris-6df7,18,61,Normal
2026-02-16 15:28:56.995370,Paris-6df7,-1,94,Normal
2026-02-16 15:28:57.995370,Paris-6df7,-26,28,Normal
2026-02-16 15:28:58.995370,Paris-6df7,12,26,Normal
2026-02-16 15:28:59.995370,Paris-6df7,-28,48,Normal
2026-02-16 15:29:00.995370,Paris-6df7,14,80,Normal
2026-02-16 15:29:01.995370,Paris-6df7,3,91,Normal
2026-02-16 15:29:02.995370,Paris-6df7,42,86,Normal
2026-02-16 15:29:03.995370,Paris-6df7,10,1,Normal
2026-02-16 15:29:04.995370,Paris-6df7,25,65,Normal
2026-02-16 15:29:05.995370,Paris-6df7,31,3,Normal
2026-02-16 15:29:06.995370,Paris-6df7,14,14,Normal
2026-02-16 15:29:07.995370,Paris-6df7,50,60,Normal
2026-02-16 15:29:08.995370,Paris-6df7,-8,78,Normal
2026-02-16 15:29:09.995370,Paris-6df7,36,37,Normal
2026-02-16 15:29:10.995370,Paris-6df7,-29,3,Normal
2026-02-16 15:29:11.995370,Paris-6df7,37,100,Normal
2026-02-16 15:29:12.995370,Paris-6df7,-14,55,Normal
2026-02-16 15:29:13.995370,Paris-6df7,43,80,Normal
2026-02-16 15:29:14.995370,Paris-6df7,32,86,Normal
2026-02-16 15:29:15.995370,Paris-6df7,29,68,Normal
2026-02-16 15:29:16.995370,Paris-6df7,33,13,Normal
2026-02-16 15:29:17.995370,Paris-6df7,5,89,Normal
2026-02-16 15:29:18.995370,Paris-6df7,21,97,Normal
2026-02-16 15:29:19.995370,Paris-6df7,0,15,Normal
2026-02-16 15:29:20.995370,Paris-6df7,42,52,Normal
2026-02-16 15:29:21.995370,Paris-6df7,40,62,Normal
2026-02-16 15:29:22.995370,Paris-6df7,-13,95,Normal
2026-02-16 15:29:23.995370,Paris-6df7,-15,80,Normal
2026-02-16 15:29:24.995370,Paris-6df7,22,61,Normal
2026-02-16 15:29:25.995370,Paris-6df7,25,6,Normal
2026-02-16 15:29:26.995370,Paris-6df7,1,70,Normal
2026-02-16 15:29:27.995370,Paris-6df7,33,73,Normal
2026-02-16 15:29:28.995370,Paris-6df7,28,32,Normal
2026-02-16 15:29:29.995370,Paris-6df7,40,41,Normal
2026-02-16 15:29:30.995370,Paris-6df7,26,47,Normal
2026-02-16 15:29:31.995370,Paris-6df7,-8,25,Normal
2026-02-16 15:29:32.995370,Paris-6df7,23,1,Normal
2026-02-16 15:29:33.995370,Paris-6df7,-10,67,Normal
2026-02-16 15:29:34.995370,Paris-6df7,26,69,Normal
2026-02-16 15:29:35.995370,Paris-6df7,-9,4,Normal
2026-02-16 15:29:36.995370,Paris-6df7,20,45,Normal
2026-02-16 15:29:37.995370,Paris-6df7,22,95,Normal
2026-02-16 15:29:38.995370,Paris-6df7,10,36,Normal
2026-02-16 15:29:39.995370,Paris-6df7,44,51,Normal
2026-02-16 15:29:40.995370,Paris-6df7,20,14,Normal
2026-02-16 15:29:41.995370,Paris-6df7,13,1,Normal
2026-02-16 15:29:42.995370,Paris-6df7,37,70,Normal
2026-02-16 15:29:43.995370,Paris-6df7,-21,18,Normal
2026-02-16 15:29:44.995370,Paris-6df7,14,66,Normal
2026-02-16 15:29:45.995370,Paris-6df7,31,24,Normal
2026-02-16 15:29:46.995370,Paris-6df7,-6,6,Normal
2026-02-16 15:29:47.995370,Paris-6df7,-7,25,Normal
2026-02-16 15:29:48.995370,Paris-6df7,11,85,Normal
2026-02-16 15:29:49.995370,Paris-6df7,-3,63,Normal
2026-02-16 15:29:50.995370,Paris-6df7,2,94,Normal
2026-02-16 15:29:51.995370,Paris-6df7,4,20,Normal
2026-02-16 15:29:52.995370,Paris-6df7,-12,44,Normal
2026-02-16 15:29:53.995370,Paris-6df7,-23,78,Normal
2026-02-16 15:29:54.995370,Paris-6df7,30,26,Normal
2026-02-16 15:29:55.995370,Paris-6df7,-28,50,Normal
2026-02-16 15:29:56.995370,Paris-6df7,20,77,Normal
2026-02-16 15:29:57.995370,Paris-6df7,-23,72,Normal
2026-02-16 15:29:58.995370,Paris-6df7,46,29,Normal
2026-02-16 15:29:59.995370,Paris-6df7,-25,25,Normal
2026-02-16 15:30:00.995370,Paris-6df7,15,6,Normal
2026-02-16 15:30:01.995370,Paris-6df7,-21,88,Normal
2026-02-16 15:30:02.995370,Paris-6df7,22,7,Normal
2026-02-16 15:30:03.995370,Paris-6df7,19,78,Normal
2026-02-16 15:30:04.995370,Paris-6df7,37,16,Normal
2026-02-16 15:30:05.995370,Paris-6df7,-14,99,Normal
2026-02-16 15:30:06.995370,Paris-6df7,10,28,Normal
2026-02-16 15:30:07.995370,Paris-6df7,-12,90,Normal
2026-02-16 15:30:08.995370,Paris-6df7,-25,55,Normal
2026-02-16 15:30:09.995370,Paris-6df7,12,61,Normal
2026-02-16 15:30:10.995370,Paris-6df7,-7,39,Normal
2026-02-16 15:30:11.995370,Paris-6df7,7,54,Normal
2026-02-16 15:30:12.995370,Paris-6df7,-29,95,Normal
2026-02-16 15:30:13.995370,Paris-6df7,-1,51,Normal
2026-02-16 15:30:14.995370,Paris-6df7,45,20,Normal
2026-02-16 15:30:15.995370,Paris-6df7,49,95,Normal
2026-02-16 15:30:16.995370,Paris-6df7,0,61,Normal
2026-02-16 15:30:17.995370,Paris-6df7,21,29,Normal
2026-02-16 15:30:18.995370,Paris-6df7,-1,42,Normal
2026-02-16 15:30:19.995370,Paris-6df7,35,49,Normal
2026-02-16 15:30:20.995370,Paris-6df7,33,76,Normal
2026-02-16 15:30:21.995370,Paris-6df7,-11,0,Normal
2026-02-16 15:30:22.995370,Paris-6df7,-21,90,Normal
2026-02-16 15:30:23.995370,Paris-6df7,-17,8,Normal
2026-02-16 15:30:24.995370,Paris-6df7,38,19,Normal
2026-02-16 15:30:25.995370,Paris-6df7,28,87,Normal
2026-02-16 15:30:26.995370,Paris-6df7,22,45,Normal
2026-02-16 15:30:27.995370,Paris-6df7,-7,21,Normal
2026-02-16 15:30:28.995370,Paris-6df7,-8,36,Normal
2026-02-16 15:30:29.995370,Paris-6df7,2,68,Normal
2026-02-16 15:30:30.995370,Paris-6df7,-15,80,Normal
2026-02-16 15:30:31.995370,Paris-6df7,-18,96,Normal
2026-02-16 15:30:32.995370,Paris-6df7,18,19,Normal
2026-02-16 15:30:33.995370,Paris-6df7,8,88,Normal
2026-02-16 15:30:34.995370,Paris-6df7,-1,10,Normal
2026-02-16 15:30:35.995370,Paris-6df7,36,16,Normal
2026-02-16 15:30:36.995370,Paris-6df7,31,12,Normal
2026-02-16 15:30:37.995370,Paris-6df7,-13,69,Normal
2026-02-16 15:30:38.995370,Paris-6df7,21,67,Normal
2026-02-16 15:30:39.995370,Paris-6df7,43,18,Normal
2026-02-16 15:30:40.995370,Paris-6df7,31,44,Normal
2026-02-16 15:30:41.995370,Paris-6df7,-28,21,Normal
2026-02-16 15:30:42.995370,Paris-6df7,-21,53,Normal
2026-02-16 15:30:43.995370,Paris-6df7,-19,73,Normal
2026-02-16 15:30:44.995370,Paris-6df7,25,96,Normal
2026-02-16 15:30:45.995370,Paris-6df7,25,5,Normal
2026-02-16 15:30:46.995370,Paris-6df7,8,79,Normal
2026-02-16 15:30:47.995370,Paris-6df7,34,87,Normal
2026-02-16 15:30:48.995370,Paris-6df7,43,63,Normal
2026-02-16 15:30:49.995370,Paris-6df7,37,50,Normal
2026-02-16 15:30:50.995370,Paris-6df7,1,42,Normal
2026-02-16 15:30:51.995370,Paris-6df7,32,63,Normal
2026-02-16 15:30:52.995370,Paris-6df7,-14,77,Normal
2026-02-16 15:30:53.995370,Paris-6df7,43,25,Normal
2026-02-16 15:30:54.995370,Paris-6df7,22,62,Normal
2026-02-16 15:30:55.995370,Paris-6df7,-8,49,Normal
2026-02-16 15:30:56.995370,Paris-6df7,37,38,Normal
2026-02-16 15:30:57.995370,Paris-6df7,29,69,Normal
2026-02-16 15:30:58.995370,Paris-6df7,-18,50,Normal
2026-02-16 15:30:59.995370,Paris-6df7,-5,50,Normal
2026-02-16 15:31:00.995370,Paris-6df7,18,58,Normal
2026-02-16 15:31:01.995370,Paris-6df7,-28,70,Normal
2026-02-16 15:31:02.995370,Paris-6df7,30,39,Normal
2026-02-16 15:31:03.995370,Paris-6df7,29,8,Normal
2026-02-16 15:31:04.995370,Paris-6df7,18,94,Normal
2026-02-16 15:31:05.995370,Paris-6df7,-3,63,Normal
2026-02-16 15:31:06.995370,Paris-6df7,45,42,Normal
2026-02-16 15:31:07.995370,Paris-6df7,23,7,Normal
2026-02-16 15:31:08.995370,Paris-6df7,-26,89,Normal
2026-02-16 15:31:09.995370,Paris-6df7,18,13,Normal
2026-02-16 15:31:10.995370,Paris-6df7,-13,36,Normal
2026-02-16 15:31:11.995370,Paris-6df7,-28,38,Normal
2026-02-16 15:31:12.995370,Paris-6df7,-22,48,Normal
2026-02-16 15:31:13.995370,Paris-6df7,12,35,Normal
2026-02-16 15:31:14.995370,Paris-6df7,40,80,Normal
2026-02-16 15:31:15.995370,Paris-6df7,39,25,Normal
2026-02-16 15:31:16.995370,Paris-6df7,-11,52,Normal
2026-02-16 15:31:17.995370,Paris-6df7,29,86,Normal
2026-02-16 15:31:18.995370,Paris-6df7,-11,79,Normal
2026-02-16 15:31:19.995370,Paris-6df7,38,50,Normal
2026-02-16 15:31:20.995370,Paris-6df7,-11,40,Normal
2026-02-16 15:31:21.995370,Paris-6df7,-20,9,Normal
2026-02-16 15:31:22.995370,Paris-6df7,-8,15,Normal
2026-02-16 15:31:23.995370,Paris-6df7,-8,0,Normal
2026-02-16 15:31:24.995370,Paris-6df7,-13,60,Normal
2026-02-16 15:31:25.995370,Paris-6df7,12,16,Normal
2026-02-16 15:31:26.995370,Paris-6df7,-13,28,Normal
2026-02-16 15:31:27.995370,Paris-6df7,4,18,Normal
2026-02-16 15:31:28.995370,Paris-6df7,28,11,Normal
2026-02-16 15:31:29.995370,Paris-6df7,-23,75,Normal
2026-02-16 15:31:30.995370,Paris-6df7,-18,75,Normal
2026-02-16 15:31:31.995370,Paris-6df7,30,33,Normal
2026-02-16 15:31:32.995370,Paris-6df7,5,65,Normal
2026-02-16 15:31:33.995370,Paris-6df7,5,59,Normal
2026-02-16 15:31:34.995370,Paris-6df7,-18,56,Normal
2026-02-16 15:31:35.995370,Paris-6df7,33,81,Normal
2026-02-16 15:31:36.995370,Paris-6df7,48,76,Normal
2026-02-16 15:31:37.995370,Paris-6df7,49,33,Normal
2026-02-16 15:31:38.995370,Paris-6df7,-15,83,Normal
2026-02-16 15:31:39.995370,Paris-6df7,-18,71,Normal
2026-02-16 15:31:40.995370,Paris-6df7,40,12,Normal
2026-02-16 15:31:41.995370,Paris-6df7,2,25,Normal
2026-02-16 15:31:42.995370,Paris-6df7,36,53,Normal
2026-02-16 15:31:43.995370,Paris-6df7,7,66,Normal
2026-02-16 15:31:44.995370,Paris-6df7,-11,51,Normal
2026-02-16 15:31:45.995370,Paris-6df7,26,74,Normal
2026-02-16 15:31:46.995370,Paris-6df7,19,26,Normal
2026-02-16 15:31:47.995370,Paris-6df7,-1,61,Normal
2026-02-16 15:31:48.995370,Paris-6df7,40,25,Normal
2026-02-16 15:31:49.995370,Paris-6df7,-23,14,Normal
2026-02-16 15:31:50.995370,Paris-6df7,-10,74,Normal
2026-02-16 15:31:51.995370,Paris-6df7,35,64,Normal
2026-02-16 15:31:52.995370,Paris-6df7,28,4,Normal
2026-02-16 15:31:53.995370,Paris-6df7,-29,95,Normal
2026-02-16 15:31:54.995370,Paris-6df7,32,28,Normal
2026-02-16 15:31:55.995370,Paris-6df7,17,10,Normal
2026-02-16 15:31:56.995370,Paris-6df7,37,29,Normal
2026-02-16 15:31:57.995370,Paris-6df7,35,49,Normal
2026-02-16 15:31:58.995370,Paris-6df7,30,71,Normal
2026-02-16 15:31:59.995370,Paris-6df7,10,14,Normal
2026-02-16 15:32:00.995370,Paris-6df7,33,69,Normal
2026-02-16 15:32:01.995370,Paris-6df7,-4,32,Normal
2026-02-16 15:32:02.995370,Paris-6df7,-5,35,Normal
2026-02-16 15:32:03.995370,Paris-6df7,25,64,Normal
2026-02-16 15:32:04.995370,Paris-6df7,-6,82,Normal
2026-02-16 15:32:05.995370,Paris-6df7,-12,49,Normal
2026-02-16 15:32:06.995370,Paris-6df7,-9,50,Normal
2026-02-16 15:32:07.995370,Paris-6df7,45,73,Normal
2026-02-16 15:32:08.995370,Paris-6df7,46,92,Normal
2026-02-16 15:32:09.995370,Paris-6df7,22,18,Normal
2026-02-16 15:32:10.995370,Paris-6df7,-4,27,Normal
2026-02-16 15:32:11.995370,Paris-6df7,-6,75,Normal
2026-02-16 15:32:12.995370,Paris-6df7,-8,25,Normal
2026-02-16 15:32:13.995370,Paris-6df7,-8,73,Normal
2026-02-16 15:32:14.995370,Paris-6df7,45,45,Normal
2026-02-16 15:32:15.995370,Paris-6df7,31,11,Normal
2026-02-16 15:32:16.995370,Paris-6df7,-8,94,Normal
2026-02-16 15:32:17.995370,Paris-6df7,-9,13,Normal
2026-02-16 15:32:18.995370,Paris-6df7,18,61,Normal
2026-02-16 15:32:19.995370,Paris-6df7,9,76,Normal
2026-02-16 15:32:20.995370,Paris-6df7,32,98,Normal
2026-02-16 15:32:21.995370,Paris-6df7,-27,90,Normal
2026-02-16 15:32:22.995370,Paris-6df7,19,86,Normal
2026-02-16 15:32:23.995370,Paris-6df7,35,60,Normal
2026-02-16 15:32:24.995370,Paris-6df7,19,100,Normal
2026-02-16 15:32:25.995370,Paris-6df7,-18,60,Normal
2026-02-16 15:32:26.995370,Paris-6df7,-25,47,Normal
2026-02-16 15:32:27.995370,Paris-6df7,0,91,Normal
2026-02-16 15:32:28.995370,Paris-6df7,-20,32,Normal
2026-02-16 15:32:29.995370,Paris-6df7,-10,65,Normal
2026-02-16 15:32:30.995370,Paris-6df7,-9,90,Normal
2026-02-16 15:32:31.995370,Paris-6df7,10,77,Normal
2026-02-16 15:32:32.995370,Paris-6df7,30,76,Normal
2026-02-16 15:32:33.995370,Paris-6df7,33,11,Normal
2026-02-16 15:32:34.995370,Paris-6df7,38,8,Normal
2026-02-16 15:32:35.995370,Paris-6df7,-6,66,Normal
2026-02-16 15:32:36.995370,Paris-6df7,7,82,Normal
2026-02-16 15:32:37.995370,Paris-6df7,36,49,Normal
2026-02-16 15:32:38.995370,Paris-6df7,50,37,Normal
2026-02-16 15:32:39.995370,Paris-6df7,-25,70,Normal
2026-02-16 15:32:40.995370,Paris-6df7,28,98,Normal
2026-02-16 15:32:41.995370,Paris-6df7,45,50,Normal
2026-02-16 15:32:42.995370,Paris-6df7,1,45,Normal
2026-02-16 15:32:43.995370,Paris-6df7,4,47,Normal
2026-02-16 15:32:44.995370,Paris-6df7,-5,84,Normal
2026-02-16 15:32:45.995370,Paris-6df7,-16,56,Normal
2026-02-16 15:32:46.995370,Paris-6df7,-30,99,Normal
2026-02-16 15:32:47.995370,Paris-6df7,-27,95,Normal
2026-02-16 15:32:48.995370,Paris-6df7,-8,19,Normal
2026-02-16 15:32:49.995370,Paris-6df7,50,96,Normal
2026-02-16 15:32:50.995370,Paris-6df7,31,58,Normal
2026-02-16 15:32:51.995370,Paris-6df7,31,27,Normal
2026-02-16 15:32:52.995370,Paris-6df7,-3,21,Normal
2026-02-16 15:32:53.995370,Paris-6df7,40,17,Normal
2026-02-16 15:32:54.995370,Paris-6df7,-9,45,Normal
2026-02-16 15:32:55.995370,Paris-6df7,31,94,Normal
2026-02-16 15:32:56.995370,Paris-6df7,39,85,Normal
2026-02-16 15:32:57.995370,Paris-6df7,24,45,Normal
2026-02-16 15:32:58.995370,Paris-6df7,31,55,Normal
2026-02-16 15:32:59.995370,Paris-6df7,44,55,Normal
2026-02-16 15:33:00.995370,Paris-6df7,-19,78,Normal
2026-02-16 15:33:01.995370,Paris-6df7,16,69,Normal
2026-02-16 15:33:02.995370,Paris-6df7,-18,37,Normal
2026-02-16 15:33:03.995370,Paris-6df7,20,98,Normal
2026-02-16 15:33:04.995370,Paris-6df7,3,40,Normal
2026-02-16 15:33:05.995370,Paris-6df7,-17,27,Normal
2026-02-16 15:33:06.995370,Paris-6df7,-5,83,Normal
2026-02-16 15:33:07.995370,Paris-6df7,41,45,Normal
2026-02-16 15:33:08.995370,Paris-6df7,20,8,Normal
2026-02-16 15:33:09.995370,Paris-6df7,8,55,Normal
2026-02-16 15:33:10.995370,Paris-6df7,-14,92,Normal
2026-02-16 15:33:11.995370,Paris-6df7,32,82,Normal
2026-02-16 15:33:12.995370,Paris-6df7,2,87,Normal
2026-02-16 15:33:13.995370,Paris-6df7,35,14,Normal
2026-02-16 15:33:14.995370,Paris-6df7,26,100,Normal
2026-02-16 15:33:15.995370,Paris-6df7,5,54,Normal
2026-02-16 15:33:16.995370,Paris-6df7,38,59,Normal
2026-02-16 15:33:17.995370,Paris-6df7,46,0,Normal
2026-02-16 15:33:18.995370,Paris-6df7,28,7,Normal
2026-02-16 15:33:19.995370,Paris-6df7,37,4,Normal
2026-02-16 15:33:20.995370,Paris-6df7,-5,35,Normal
2026-02-16 15:33:21.995370,Paris-6df7,-24,73,Normal
2026-02-16 15:33:22.995370,Paris-6df7,-5,99,Normal
2026-02-16 15:33:23.995370,Paris-6df7,44,8,Normal
2026-02-16 15:33:24.995370,Paris-6df7,32,39,Normal
2026-02-16 15:33:25.995370,Paris-6df7,29,79,Normal
2026-02-16 15:33:26.995370,Paris-6df7,34,69,Normal
2026-02-16 15:33:27.995370,Paris-6df7,14,74,Normal
2026-02-16 15:33:28.995370,Paris-6df7,-19,17,Normal
2026-02-16 15:33:29.995370,Paris-6df7,39,0,Normal
2026-02-16 15:33:30.995370,Paris-6df7,-28,94,Normal
2026-02-16 15:33:31.995370,Paris-6df7,-25,55,Normal
2026-02-16 15:33:32.995370,Paris-6df7,4,31,Normal
2026-02-16 15:33:33.995370,Paris-6df7,45,96,Normal
2026-02-16 15:33:34.995370,Paris-6df7,-26,31,Normal
2026-02-16 15:33:35.995370,Paris-6df7,10,40,Normal
2026-02-16 15:33:36.995370,Paris-6df7,10,28,Normal
2026-02-16 15:33:37.995370,Paris-6df7,-18,99,Normal
2026-02-16 15:33:38.995370,Paris-6df7,36,85,Normal
2026-02-16 15:33:39.995370,Paris-6df7,25,67,Normal
2026-02-16 15:33:40.995370,Paris-6df7,27,18,Normal
2026-02-16 15:33:41.995370,Paris-6df7,43,76,Normal
2026-02-16 15:33:42.995370,Paris-6df7,21,67,Normal
2026-02-16 15:33:43.995370,Paris-6df7,22,92,Normal
2026-02-16 15:33:44.995370,Paris-6df7,-3,37,Normal
2026-02-16 15:33:45.995370,Paris-6df7,-6,79,Normal
2026-02-16 15:33:46.995370,Paris-6df7,50,0,Normal
2026-02-16 15:33:47.995370,Paris-6df7,14,86,Normal
2026-02-16 15:33:48.995370,Paris-6df7,37,12,Normal
2026-02-16 15:33:49.995370,Paris-6df7,-1,49,Normal
2026-02-16 15:33:50.995370,Paris-6df7,-20,49,Normal
2026-02-16 15:33:51.995370,Paris-6df7,9,72,Normal
2026-02-16 15:33:52.995370,Paris-6df7,30,33,Normal
2026-02-16 15:33:53.995370,Paris-6df7,-27,16,Normal
2026-02-16 15:33:54.995370,Paris-6df7,12,4,Normal
2026-02-16 15:33:55.995370,Paris-6df7,36,84,Normal
2026-02-16 15:33:56.995370,Paris-6df7,0,69,Normal
2026-02-16 15:33:57.995370,Paris-6df7,-25,30,Normal
2026-02-16 15:33:58.995370,Paris-6df7,-14,52,Normal
2026-02-16 15:33:59.995370,Paris-6df7,-18,94,Normal
2026-02-16 15:34:00.995370,Paris-6df7,5,17,Normal
2026-02-16 15:34:01.995370,Paris-6df7,11,52,Normal
2026-02-16 15:34:02.995370,Paris-6df7,-10,40,Normal
2026-02-16 15:34:03.995370,Paris-6df7,14,28,Normal
2026-02-16 15:34:04.995370,Paris-6df7,-19,49,Normal
2026-02-16 15:34:05.995370,Paris-6df7,2,75,Normal
2026-02-16 15:34:06.995370,Paris-6df7,1,69,Normal
2026-02-16 15:34:07.995370,Paris-6df7,3,4,Normal
2026-02-16 15:34:08.995370,Paris-6df7,28,18,Normal
2026-02-16 15:34:09.995370,Paris-6df7,38,23,Normal
2026-02-16 15:34:10.995370,Paris-6df7,29,68,Normal
2026-02-16 15:34:11.995370,Paris-6df7,-18,74,Normal
2026-02-16 15:34:12.995370,Paris-6df7,7,25,Normal
2026-02-16 15:34:13.995370,Paris-6df7,-18,65,Normal
2026-02-16 15:34:14.995370,Paris-6df7,43,16,Normal
2026-02-16 15:34:15.995370,Paris-6df7,12,1,Normal
2026-02-16 15:34:16.995370,Paris-6df7,-16,23,Normal
2026-02-16 15:34:17.995370,Paris-6df7,50,14,Normal
2026-02-16 15:34:18.995370,Paris-6df7,16,16,Normal
2026-02-16 15:34:19.995370,Paris-6df7,48,17,Normal
2026-02-16 15:34:20.995370,Paris-6df7,1,51,Normal
2026-02-16 15:34:21.995370,Paris-6df7,-8,40,Normal
2026-02-16 15:34:22.995370,Paris-6df7,12,58,Normal
2026-02-16 15:34:23.995370,Paris-6df7,-18,100,Normal
2026-02-16 15:34:24.995370,Paris-6df7,-16,73,Normal
2026-02-16 15:34:25.995370,Paris-6df7,-15,37,Normal
2026-02-16 15:34:26.995370,Paris-6df7,1,58,Normal
2026-02-16 15:34:27.995370,Paris-6df7,33,97,Normal
2026-02-16 15:34:28.995370,Paris-6df7,-29,98,Normal
2026-02-16 15:34:29.995370,Paris-6df7,-10,66,Normal
2026-02-16 15:34:30.995370,Paris-6df7,40,10,Normal
2026-02-16 15:34:31.995370,Paris-6df7,13,45,Normal
2026-02-16 15:34:32.995370,Paris-6df7,-14,16,Normal
2026-02-16 15:34:33.995370,Paris-6df7,27,84,Normal
2026-02-16 15:34:34.995370,Paris-6df7,13,91,Normal
2026-02-16 15:34:35.995370,Paris-6df7,12,69,Normal
2026-02-16 15:34:36.995370,Paris-6df7,-18,72,Normal
2026-02-16 15:34:37.995370,Paris-6df7,-5,29,Normal
2026-02-16 15:34:38.995370,Paris-6df7,2,48,Normal
2026-02-16 15:34:39.995370,Paris-6df7,24,35,Normal
2026-02-16 15:34:40.995370,Paris-6df7,35,6,Normal
2026-02-16 15:34:41.995370,Paris-6df7,14,32,Normal
2026-02-16 15:34:42.995370,Paris-6df7,-13,49,Normal
2026-02-16 15:34:43.995370,Paris-6df7,-4,9,Normal
2026-02-16 15:34:44.995370,Paris-6df7,9,68,Normal
2026-02-16 15:34:45.995370,Paris-6df7,-28,5,Normal
2026-02-16 15:34:46.995370,Paris-6df7,34,8,Normal
2026-02-16 15:34:47.995370,Paris-6df7,-7,96,Normal
2026-02-16 15:34:48.995370,Paris-6df7,5,5,Normal
2026-02-16 15:34:49.995370,Paris-6df7,-19,6,Normal
2026-02-16 15:34:50.995370,Paris-6df7,11,42,Normal
2026-02-16 15:34:51.995370,Paris-6df7,-30,28,Normal
2026-02-16 15:34:52.995370,Paris-6df7,31,1,Normal
2026-02-16 15:34:53.995370,Paris-6df7,0,16,Normal
2026-02-16 15:34:54.995370,Paris-6df7,-29,35,Normal
2026-02-16 15:34:55.995370,Paris-6df7,47,75,Normal
2026-02-16 15:34:56.995370,Paris-6df7,-3,76,Normal
2026-02-16 15:34:57.995370,Paris-6df7,28,12,Normal
2026-02-16 15:34:58.995370,Paris-6df7,2,83,Normal
2026-02-16 15:34:59.995370,Paris-6df7,-9,85,Normal
2026-02-16 15:35:00.995370,Paris-6df7,24,49,Normal
2026-02-16 15:35:01.995370,Paris-6df7,34,22,Normal
2026-02-16 15:35:02.995370,Paris-6df7,-17,89,Normal
2026-02-16 15:35:03.995370,Paris-6df7,40,47,Normal
2026-02-16 15:35:04.995370,Paris-6df7,-17,89,Normal
2026-02-16 15:35:05.995370,Paris-6df7,45,60,Normal
2026-02-16 15:35:06.995370,Paris-6df7,27,11,Normal
2026-02-16 15:35:07.995370,Paris-6df7,-18,25,Normal
2026-02-16 15:35:08.995370,Paris-6df7,1,75,Normal
2026-02-16 15:35:09.995370,Paris-6df7,-18,68,Normal
2026-02-16 15:35:10.995370,Paris-6df7,10,3,Normal
2026-02-16 15:35:11.995370,Paris-6df7,-1,39,Normal
2026-02-16 15:35:12.995370,Paris-6df7,-2,77,Normal
2026-02-16 15:35:13.995370,Paris-6df7,32,3,Normal
2026-02-16 15:35:14.995370,Paris-6df7,-24,64,Normal
2026-02-16 15:35:15.995370,Paris-6df7,-29,93,Normal
2026-02-16 15:35:16.995370,Paris-6df7,-23,14,Normal
2026-02-16 15:35:17.995370,Paris-6df7,27,57,Normal
2026-02-16 15:35:18.995370,Paris-6df7,2,43,Normal
2026-02-16 15:35:19.995370,Paris-6df7,-22,25,Normal
2026-02-16 15:35:20.995370,Paris-6df7,27,56,Normal
2026-02-16 15:35:21.995370,Paris-6df7,25,62,Normal
2026-02-16 15:35:22.995370,Paris-6df7,22,12,Normal
2026-02-16 15:35:23.995370,Paris-6df7,-30,92,Normal
2026-02-16 15:35:24.995370,Paris-6df7,15,12,Normal
2026-02-16 15:35:25.995370,Paris-6df7,1,83,Normal
2026-02-16 15:35:26.995370,Paris-6df7,3,91,Normal
2026-02-16 15:35:27.995370,Paris-6df7,30,12,Normal
2026-02-16 15:35:28.995370,Paris-6df7,-21,90,Normal
2026-02-16 15:35:29.995370,Paris-6df7,13,28,Normal
2026-02-16 15:35:30.995370,Paris-6df7,46,71,Normal
2026-02-16 15:35:31.995370,Paris-6df7,-1,94,Normal
2026-02-16 15:35:32.995370,Paris-6df7,-10,41,Normal
2026-02-16 15:35:33.995370,Paris-6df7,-14,26,Normal
2026-02-16 15:35:34.995370,Paris-6df7,-12,73,Normal
2026-02-16 15:35:35.995370,Paris-6df7,3,31,Normal
2026-02-16 15:35:36.995370,Paris-6df7,-25,94,Normal
2026-02-16 15:35:37.995370,Paris-6df7,-3,59,Normal
2026-02-16 15:35:38.995370,Paris-6df7,-24,92,Normal
2026-02-16 15:35:39.995370,Paris-6df7,9,27,Normal
2026-02-16 15:35:40.995370,Paris-6df7,37,17,Normal
2026-02-16 15:35:41.995370,Paris-6df7,-8,21,Normal
2026-02-16 15:35:42.995370,Paris-6df7,-7,0,Normal
2026-02-16 15:35:43.995370,Paris-6df7,36,18,Normal
2026-02-16 15:35:44.995370,Paris-6df7,14,16,Normal
2026-02-16 15:35:45.995370,Paris-6df7,-22,58,Normal
2026-02-16 15:35:46.995370,Paris-6df7,-6,87,Normal
2026-02-16 15:35:47.995370,Paris-6df7,5,81,Normal
2026-02-16 15:35:48.995370,Paris-6df7,-19,73,Normal
2026-02-16 15:35:49.995370,Paris-6df7,45,81,Normal
2026-02-16 15:35:50.995370,Paris-6df7,40,63,Normal
2026-02-16 15:35:51.995370,Paris-6df7,6,7,Normal
2026-02-16 15:35:52.995370,Paris-6df7,7,20,Normal
2026-02-16 15:35:53.995370,Paris-6df7,25,71,Normal
2026-02-16 15:35:54.995370,Paris-6df7,-29,93,Normal
2026-02-16 15:35:55.995370,Paris-6df7,35,62,Normal
2026-02-16 15:35:56.995370,Paris-6df7,24,59,Normal
2026-02-16 15:35:57.995370,Paris-6df7,43,49,Normal
2026-02-16 15:35:58.995370,Paris-6df7,-5,25,Normal
2026-02-16 15:35:59.995370,Paris-6df7,34,47,Normal
2026-02-16 15:36:00.995370,Paris-6df7,39,11,Normal
2026-02-16 15:36:01.995370,Paris-6df7,-18,62,Normal
2026-02-16 15:36:02.995370,Paris-6df7,30,42,Normal
2026-02-16 15:36:03.995370,Paris-6df7,-15,32,Normal
2026-02-16 15:36:04.995370,Paris-6df7,50,65,Normal
2026-02-16 15:36:05.995370,Paris-6df7,1,59,Normal
2026-02-16 15:36:06.995370,Paris-6df7,28,14,Normal
2026-02-16 15:36:07.995370,Paris-6df7,17,83,Normal
2026-02-16 15:36:08.995370,Paris-6df7,-17,40,Normal
2026-02-16 15:36:09.995370,Paris-6df7,31,16,Normal
2026-02-16 15:36:10.995370,Paris-6df7,45,84,Normal
2026-02-16 15:36:11.995370,Paris-6df7,-14,11,Normal
2026-02-16 15:36:12.995370,Paris-6df7,22,89,Normal
2026-02-16 15:36:13.995370,Paris-6df7,-1,84,Normal
2026-02-16 15:36:14.995370,Paris-6df7,9,51,Normal
2026-02-16 15:36:15.995370,Paris-6df7,20,17,Normal
2026-02-16 15:36:16.995370,Paris-6df7,-8,70,Normal
2026-02-16 15:36:17.995370,Paris-6df7,2,14,Normal
2026-02-16 15:36:18.995370,Paris-6df7,-10,82,Normal
2026-02-16 15:36:19.995370,Paris-6df7,32,51,Normal
2026-02-16 15:36:20.995370,Paris-6df7,0,75,Normal
2026-02-16 15:36:21.995370,Paris-6df7,27,85,Normal
2026-02-16 15:36:22.995370,Paris-6df7,30,33,Normal
2026-02-16 15:36:23.995370,Paris-6df7,20,34,Normal
2026-02-16 15:36:24.995370,Paris-6df7,7,26,Normal
2026-02-16 15:36:25.995370,Paris-6df7,31,55,Normal
2026-02-16 15:36:26.995370,Paris-6df7,-2,10,Normal
2026-02-16 15:36:27.995370,Paris-6df7,47,69,Normal
2026-02-16 15:36:28.995370,Paris-6df7,3,41,Normal
2026-02-16 15:36:29.995370,Paris-6df7,33,69,Normal
2026-02-16 15:36:30.995370,Paris-6df7,40,87,Normal
2026-02-16 15:36:31.995370,Paris-6df7,45,90,Normal
2026-02-16 15:36:32.995370,Paris-6df7,49,24,Normal
2026-02-16 15:36:33.995370,Paris-6df7,-28,42,Normal
2026-02-16 15:36:34.995370,Paris-6df7,-18,16,Normal
2026-02-16 15:36:35.995370,Paris-6df7,-3,47,Normal
2026-02-16 15:36:36.995370,Paris-6df7,-22,21,Normal
2026-02-16 15:36:37.995370,Paris-6df7,-2,49,Normal
2026-02-16 15:36:38.995370,Paris-6df7,7,79,Normal
2026-02-16 15:36:39.995370,Paris-6df7,26,18,Normal
2026-02-16 15:36:40.995370,Paris-6df7,35,94,Normal
2026-02-16 15:36:41.995370,Paris-6df7,5,77,Normal
2026-02-16 15:36:42.995370,Paris-6df7,-27,98,Normal
2026-02-16 15:36:43.995370,Paris-6df7,-16,96,Normal
2026-02-16 15:36:44.995370,Paris-6df7,46,61,Normal
2026-02-16 15:36:45.995370,Paris-6df7,48,16,Normal
2026-02-16 15:36:46.995370,Paris-6df7,27,9,Normal
2026-02-16 15:36:47.995370,Paris-6df7,18,70,Normal
2026-02-16 15:36:48.995370,Paris-6df7,-21,13,Normal
2026-02-16 15:36:49.995370,Paris-6df7,-27,80,Normal
2026-02-16 15:36:50.995370,Paris-6df7,47,37,Normal
2026-02-16 15:36:51.995370,Paris-6df7,-27,10,Normal
2026-02-16 15:36:52.995370,Paris-6df7,-29,96,Normal
2026-02-16 15:36:53.995370,Paris-6df7,36,80,Normal
2026-02-16 15:36:54.995370,Paris-6df7,21,2,Normal
2026-02-16 15:36:55.995370,Paris-6df7,-7,30,Normal
2026-02-16 15:36:56.995370,Paris-6df7,13,67,Normal
2026-02-16 15:36:57.995370,Paris-6df7,17,99,Normal
2026-02-16 15:36:58.995370,Paris-6df7,-12,44,Normal
2026-02-16 15:36:59.995370,Paris-6df7,18,69,Normal
2026-02-16 15:37:00.995370,Paris-6df7,-5,20,Normal
2026-02-16 15:37:01.995370,Paris-6df7,-30,51,Normal
2026-02-16 15:37:02.995370,Paris-6df7,12,14,Normal
2026-02-16 15:37:03.995370,Paris-6df7,50,70,Normal
2026-02-16 15:37:04.995370,Paris-6df7,11,75,Normal
2026-02-16 15:37:05.995370,Paris-6df7,23,25,Normal
2026-02-16 15:37:06.995370,Paris-6df7,48,21,Normal
2026-02-16 15:37:07.995370,Paris-6df7,18,92,Normal
2026-02-16 15:37:08.995370,Paris-6df7,4,3,Normal
2026-02-16 15:37:09.995370,Paris-6df7,-20,43,Normal
2026-02-16 15:37:10.995370,Paris-6df7,-15,52,Normal
2026-02-16 15:37:11.995370,Paris-6df7,2,3,Normal
2026-02-16 15:37:12.995370,Paris-6df7,36,31,Normal
2026-02-16 15:37:13.995370,Paris-6df7,22,23,Normal
2026-02-16 15:37:14.995370,Paris-6df7,-30,57,Normal
2026-02-16 15:37:15.995370,Paris-6df7,28,94,Normal
2026-02-16 15:37:16.995370,Paris-6df7,37,61,Normal
2026-02-16 15:37:17.995370,Paris-6df7,-18,68,Normal
2026-02-16 15:37:18.995370,Paris-6df7,-26,81,Normal
2026-02-16 15:37:19.995370,Paris-6df7,18,70,Normal
2026-02-16 15:37:20.995370,Paris-6df7,32,79,Normal
2026-02-16 15:37:21.995370,Paris-6df7,-18,81,Normal
2026-02-16 15:37:22.995370,Paris-6df7,35,26,Normal
2026-02-16 15:37:23.995370,Paris-6df7,29,63,Normal
2026-02-16 15:37:24.995370,Paris-6df7,12,43,Normal
2026-02-16 15:37:25.995370,Paris-6df7,31,62,Normal
2026-02-16 15:37:26.995370,Paris-6df7,6,100,Normal
2026-02-16 15:37:27.995370,Paris-6df7,-24,35,Normal
2026-02-16 15:37:28.995370,Paris-6df7,33,68,Normal
2026-02-16 15:37:29.995370,Paris-6df7,1,71,Normal
2026-02-16 15:37:30.995370,Paris-6df7,13,21,Normal
2026-02-16 15:37:31.995370,Paris-6df7,40,40,Normal
2026-02-16 15:37:32.995370,Paris-6df7,-24,93,Normal
2026-02-16 15:37:33.995370,Paris-6df7,50,37,Normal
2026-02-16 15:37:34.995370,Paris-6df7,-25,19,Normal
2026-02-16 15:37:35.995370,Paris-6df7,-15,20,Normal
2026-02-16 15:37:36.995370,Paris-6df7,26,83,Normal
2026-02-16 15:37:37.995370,Paris-6df7,-7,29,Normal
2026-02-16 15:37:38.995370,Paris-6df7,-19,58,Normal
2026-02-16 15:37:39.995370,Paris-6df7,-12,8,Normal
2026-02-16 15:37:40.995370,Paris-6df7,50,23,Normal
2026-02-16 15:37:41.995370,Paris-6df7,46,54,Normal
2026-02-16 15:37:42.995370,Paris-6df7,-18,65,Normal
2026-02-16 15:37:43.995370,Paris-6df7,50,19,Normal
2026-02-16 15:37:44.995370,Paris-6df7,10,77,Normal
2026-02-16 15:37:45.995370,Paris-6df7,13,1,Normal
2026-02-16 15:37:46.995370,Paris-6df7,-6,61,Normal
2026-02-16 15:37:47.995370,Paris-6df7,50,59,Normal
2026-02-16 15:37:48.995370,Paris-6df7,30,87,Normal
2026-02-16 15:37:49.995370,Paris-6df7,46,53,Normal
2026-02-16 15:37:50.995370,Paris-6df7,-25,88,Normal
2026-02-16 15:37:51.995370,Paris-6df7,5,67,Normal
2026-02-16 15:37:52.995370,Paris-6df7,-22,8,Normal
2026-02-16 15:37:53.995370,Paris-6df7,41,76,Normal
2026-02-16 15:37:54.995370,Paris-6df7,11,25,Normal
2026-02-16 15:37:55.995370,Paris-6df7,-26,98,Normal
2026-02-16 15:37:56.995370,Paris-6df7,15,19,Normal
2026-02-16 15:37:57.995370,Paris-6df7,42,63,Normal
2026-02-16 15:37:58.995370,Paris-6df7,14,12,Normal
2026-02-16 15:37:59.995370,Paris-6df7,36,21,Normal
2026-02-16 15:38:00.995370,Paris-6df7,20,68,Normal
2026-02-16 15:38:01.995370,Paris-6df7,-1,37,Normal
2026-02-16 15:38:02.995370,Paris-6df7,-1,74,Normal
2026-02-16 15:38:03.995370,Paris-6df7,-28,94,Normal
2026-02-16 15:38:04.995370,Paris-6df7,37,2,Normal
2026-02-16 15:38:05.995370,Paris-6df7,32,49,Normal
