timestamp,station_id,temp,humid,condition
2026-02-10 00:07:44.610587,Tokyo-7442,-9,92,Normal
2026-02-10 00:07:45.610587,Tokyo-7442,-5,49,Normal
2026-02-10 00:07:46.610587,Tokyo-7442,-6,81,Normal
2026-02-10 00:07:47.610587,Tokyo-7442,-1,63,Normal
2026-02-10 00:07:48.610587,Tokyo-7442,24,11,Normal
2026-02-10 00:07:49.610587,Tokyo-7442,38,91,Normal
2026-02-10 00:07:50.610587,Tokyo-7442,20,40,Normal
2026-02-10 00:07:51.610587,Tokyo-7442,-30,85,Normal
2026-02-10 00:07:52.610587,Tokyo-7442,9,73,Normal
2026-02-10 00:07:53.610587,Tokyo-7442,26,70,Normal
2026-02-10 00:07:54.610587,Tokyo-7442,-30,73,Normal
2026-02-10 00:07:55.610587,Tokyo-7442,1,77,Normal
2026-02-10 00:07:56.610587,Tokyo-7442,47,97,Normal
2026-02-10 00:07:57.610587,Tokyo-7442,0,24,Normal
2026-02-10 00:07:58.610587,Tokyo-7442,23,3,Normal
2026-02-10 00:07:59.610587,Tokyo-7442,30,99,Normal
2026-02-10 00:08:00.610587,Tokyo-7442,11,82,Normal
2026-02-10 00:08:01.610587,Tokyo-7442,-25,94,Normal
2026-02-10 00:08:02.610587,Tokyo-7442,28,70,Normal
2026-02-10 00:08:03.610587,Tokyo-7442,49,27,Normal
2026-02-10 00:08:04.610587,Tokyo-7442,-5,36,Normal
2026-02-10 00:08:05.610587,Tokyo-7442,-2,63,Normal
2026-02-10 00:08:06.610587,Tokyo-7442,20,82,Normal
2026-02-10 00:08:07.610587,Tokyo-7442,-11,35,Normal
2026-02-10 00:08:08.610587,Tokyo-7442,43,1,Normal
2026-02-10 00:08:09.610587,Tokyo-7442,9,20,Normal
2026-02-10 00:08:10.610587,Tokyo-7442,21,33,Normal
2026-02-10 00:08:11.610587,Tokyo-7442,-4,45,Normal
2026-02-10 00:08:12.610587,Tokyo-7442,10,28,Normal
2026-02-10 00:08:13.610587,Tokyo-7442,-14,75,Normal
2026-02-10 00:08:14.610587,Tokyo-7442,21,34,Normal
2026-02-10 00:08:15.610587,Tokyo-7442,27,29,Normal
2026-02-10 00:08:16.610587,Tokyo-7442,-30,85,Normal
2026-02-10 00:08:17.610587,Tokyo-7442,-25,36,Normal
2026-02-10 00:08:18.610587,Tokyo-7442,13,79,Normal
2026-02-10 00:08:19.610587,Tokyo-7442,49,67,Normal
2026-02-10 00:08:20.610587,Tokyo-7442,15,61,Normal
2026-02-10 00:08:21.610587,Tokyo-7442,44,95,Normal
2026-02-10 00:08:22.610587,Tokyo-7442,-17,12,Normal
2026-02-10 00:08:23.610587,Tokyo-7442,32,62,Normal
2026-02-10 00:08:24.610587,Tokyo-7442,-14,39,Normal
2026-02-10 00:08:25.610587,Tokyo-7442,44,17,Normal
2026-02-10 00:08:26.610587,Tokyo-7442,21,4,Normal
2026-02-10 00:08:27.610587,Tokyo-7442,-12,69,Normal
2026-02-10 00:08:28.610587,Tokyo-7442,11,87,Normal
2026-02-10 00:08:29.610587,Tokyo-7442,-26,6,Normal
2026-02-10 00:08:30.610587,Tokyo-7442,15,29,Normal
2026-02-10 00:08:31.610587,Tokyo-7442,26,41,Normal
2026-02-10 00:08:32.610587,Tokyo-7442,-17,26,Normal
2026-02-10 00:08:33.610587,Tokyo-7442,18,75,Normal
2026-02-10 00:08:34.610587,Tokyo-7442,-10,52,Normal
2026-02-10 00:08:35.610587,Tokyo-7442,41,7,Normal
2026-02-10 00:08:36.610587,Tokyo-7442,-4,49,Normal
2026-02-10 00:08:37.610587,Tokyo-7442,45,49,Normal
2026-02-10 00:08:38.610587,Tokyo-7442,-12,87,Normal
2026-02-10 00:08:39.610587,Tokyo-7442,-6,57,Normal
2026-02-10 00:08:40.610587,Tokyo-7442,-24,67,Normal
2026-02-10 00:08:41.610587,Tokyo-7442,9,61,Normal
2026-02-10 00:08:42.610587,Tokyo-7442,48,78,Normal
2026-02-10 00:08:43.610587,Tokyo-7442,42,76,Normal
2026-02-10 00:08:44.610587,Tokyo-7442,33,6,Normal
2026-02-10 00:08:45.610587,Tokyo-7442,3,98,Normal
2026-02-10 00:08:46.610587,Tokyo-7442,-1,32,Normal
2026-02-10 00:08:47.610587,Tokyo-7442,-12,76,Normal
2026-02-10 00:08:48.610587,Tokyo-7442,-12,81,Normal
2026-02-10 00:08:49.610587,Tokyo-7442,-3,76,Normal
2026-02-10 00:08:50.610587,Tokyo-7442,-28,97,Normal
2026-02-10 00:08:51.610587,Tokyo-7442,43,85,Normal
2026-02-10 00:08:52.610587,Tokyo-7442,3,77,Normal
2026-02-10 00:08:53.610587,Tokyo-7442,-7,63,Normal
2026-02-10 00:08:54.610587,Tokyo-7442,35,96,Normal
2026-02-10 00:08:55.610587,Tokyo-7442,19,31,Normal
2026-02-10 00:08:56.610587,Tokyo-7442,41,19,Normal
2026-02-10 00:08:57.610587,Tokyo-7442,-9,57,Normal
2026-02-10 00:08:58.610587,Tokyo-7442,16,67,Normal
2026-02-10 00:08:59.610587,Tokyo-7442,-30,66,Normal
2026-02-10 00:09:00.610587,Tokyo-7442,42,73,Normal
2026-02-10 00:09:01.610587,Tokyo-7442,22,30,Normal
2026-02-10 00:09:02.610587,Tokyo-7442,-8,58,Normal
2026-02-10 00:09:03.610587,Tokyo-7442,43,91,Normal
2026-02-10 00:09:04.610587,Tokyo-7442,3,40,Normal
2026-02-10 00:09:05.610587,Tokyo-7442,4,85,Normal
2026-02-10 00:09:06.610587,Tokyo-7442,-25,82,Normal
2026-02-10 00:09:07.610587,Tokyo-7442,31,79,Normal
2026-02-10 00:09:08.610587,Tokyo-7442,16,37,Normal
2026-02-10 00:09:09.610587,Tokyo-7442,25,73,Normal
2026-02-10 00:09:10.610587,Tokyo-7442,-17,88,Normal
2026-02-10 00:09:11.610587,Tokyo-7442,18,8,Normal
2026-02-10 00:09:12.610587,Tokyo-7442,-1,0,Normal
2026-02-10 00:09:13.610587,Tokyo-7442,16,9,Normal
2026-02-10 00:09:14.610587,Tokyo-7442,18,56,Normal
2026-02-10 00:09:15.610587,Tokyo-7442,-8,89,Normal
2026-02-10 00:09:16.610587,Tokyo-7442,5,96,Normal
2026-02-10 00:09:17.610587,Tokyo-7442,26,52,Normal
2026-02-10 00:09:18.610587,Tokyo-7442,39,13,Normal
2026-02-10 00:09:19.610587,Tokyo-7442,1,19,Normal
2026-02-10 00:09:20.610587,Tokyo-7442,-5,26,Normal
2026-02-10 00:09:21.610587,Tokyo-7442,19,50,Normal
2026-02-10 00:09:22.610587,Tokyo-7442,18,17,Normal
2026-02-10 00:09:23.610587,Tokyo-7442,-13,10,Normal
2026-02-10 00:09:24.610587,Tokyo-7442,-19,69,Normal
2026-02-10 00:09:25.610587,Tokyo-7442,8,34,Normal
2026-02-10 00:09:26.610587,Tokyo-7442,44,51,Normal
2026-02-10 00:09:27.610587,Tokyo-7442,-17,37,Normal
2026-02-10 00:09:28.610587,Tokyo-7442,32,24,Normal
2026-02-10 00:09:29.610587,Tokyo-7442,50,13,Normal
2026-02-10 00:09:30.610587,Tokyo-7442,35,86,Normal
2026-02-10 00:09:31.610587,Tokyo-7442,49,74,Normal
2026-02-10 00:09:32.610587,Tokyo-7442,16,49,Normal
2026-02-10 00:09:33.610587,Tokyo-7442,18,1,Normal
2026-02-10 00:09:34.610587,Tokyo-7442,41,33,Normal
2026-02-10 00:09:35.610587,Tokyo-7442,21,81,Normal
2026-02-10 00:09:36.610587,Tokyo-7442,-5,93,Normal
2026-02-10 00:09:37.610587,Tokyo-7442,-11,12,Normal
2026-02-10 00:09:38.610587,Tokyo-7442,34,41,Normal
2026-02-10 00:09:39.610587,Tokyo-7442,-10,67,Normal
2026-02-10 00:09:40.610587,Tokyo-7442,41,13,Normal
2026-02-10 00:09:41.610587,Tokyo-7442,14,54,Normal
2026-02-10 00:09:42.610587,Tokyo-7442,18,97,Normal
2026-02-10 00:09:43.610587,Tokyo-7442,-9,84,Normal
2026-02-10 00:09:44.610587,Tokyo-7442,18,71,Normal
2026-02-10 00:09:45.610587,Tokyo-7442,-20,90,Normal
2026-02-10 00:09:46.610587,Tokyo-7442,39,15,Normal
2026-02-10 00:09:47.610587,Tokyo-7442,46,95,Normal
2026-02-10 00:09:48.610587,Tokyo-7442,40,89,Normal
2026-02-10 00:09:49.610587,Tokyo-7442,48,58,Normal
2026-02-10 00:09:50.610587,Tokyo-7442,0,0,Normal
2026-02-10 00:09:51.610587,Tokyo-7442,3,85,Normal
2026-02-10 00:09:52.610587,Tokyo-7442,35,37,Normal
2026-02-10 00:09:53.610587,Tokyo-7442,-1,50,Normal
2026-02-10 00:09:54.610587,Tokyo-7442,-8,28,Normal
2026-02-10 00:09:55.610587,Tokyo-7442,-9,70,Normal
2026-02-10 00:09:56.610587,Tokyo-7442,43,78,Normal
2026-02-10 00:09:57.610587,Tokyo-7442,-28,13,Normal
2026-02-10 00:09:58.610587,Tokyo-7442,25,4,Normal
2026-02-10 00:09:59.610587,Tokyo-7442,4,91,Normal
2026-02-10 00:10:00.610587,Tokyo-7442,-14,8,Normal
2026-02-10 00:10:01.610587,Tokyo-7442,0,96,Normal
2026-02-10 00:10:02.610587,Tokyo-7442,-13,84,Normal
2026-02-10 00:10:03.610587,Tokyo-7442,-18,64,Normal
2026-02-10 00:10:04.610587,Tokyo-7442,27,54,Normal
2026-02-10 00:10:05.610587,Tokyo-7442,22,65,Normal
2026-02-10 00:10:06.610587,Tokyo-7442,29,10,Normal
2026-02-10 00:10:07.610587,Tokyo-7442,39,65,Normal
2026-02-10 00:10:08.610587,Tokyo-7442,28,20,Normal
2026-02-10 00:10:09.610587,Tokyo-7442,35,31,Normal
2026-02-10 00:10:10.610587,Tokyo-7442,-20,18,Normal
2026-02-10 00:10:11.610587,Tokyo-7442,43,93,Normal
2026-02-10 00:10:12.610587,Tokyo-7442,1,52,Normal
2026-02-10 00:10:13.610587,Tokyo-7442,17,25,Normal
2026-02-10 00:10:14.610587,Tokyo-7442,-24,47,Normal
2026-02-10 00:10:15.610587,Tokyo-7442,25,62,Normal
2026-02-10 00:10:16.610587,Tokyo-7442,3,40,Normal
2026-02-10 00:10:17.610587,Tokyo-7442,12,84,Normal
2026-02-10 00:10:18.610587,Tokyo-7442,26,26,Normal
2026-02-10 00:10:19.610587,Tokyo-7442,42,89,Normal
2026-02-10 00:10:20.610587,Tokyo-7442,36,12,Normal
2026-02-10 00:10:21.610587,Tokyo-7442,-29,100,Normal
2026-02-10 00:10:22.610587,Tokyo-7442,50,25,Normal
2026-02-10 00:10:23.610587,Tokyo-7442,46,95,Normal
2026-02-10 00:10:24.610587,Tokyo-7442,-17,94,Normal
2026-02-10 00:10:25.610587,Tokyo-7442,20,42,Normal
2026-02-10 00:10:26.610587,Tokyo-7442,27,87,Normal
2026-02-10 00:10:27.610587,Tokyo-7442,-26,77,Normal
2026-02-10 00:10:28.610587,Tokyo-7442,-21,58,Normal
2026-02-10 00:10:29.610587,Tokyo-7442,16,57,Normal
2026-02-10 00:10:30.610587,Tokyo-7442,19,100,Normal
2026-02-10 00:10:31.610587,Tokyo-7442,-30,86,Normal
2026-02-10 00:10:32.610587,Tokyo-7442,-24,70,Normal
2026-02-10 00:10:33.610587,Tokyo-7442,-5,95,Normal
2026-02-10 00:10:34.610587,Tokyo-7442,27,99,Normal
2026-02-10 00:10:35.610587,Tokyo-7442,15,49,Normal
2026-02-10 00:10:36.610587,Tokyo-7442,41,83,Normal
2026-02-10 00:10:37.610587,Tokyo-7442,26,34,Normal
2026-02-10 00:10:38.610587,Tokyo-7442,-28,100,Normal
2026-02-10 00:10:39.610587,Tokyo-7442,23,16,Normal
2026-02-10 00:10:40.610587,Tokyo-7442,37,23,Normal
2026-02-10 00:10:41.610587,Tokyo-7442,-14,61,Normal
2026-02-10 00:10:42.610587,Tokyo-7442,49,61,Normal
2026-02-10 00:10:43.610587,Tokyo-7442,25,82,Normal
2026-02-10 00:10:44.610587,Tokyo-7442,45,89,Normal
2026-02-10 00:10:45.610587,Tokyo-7442,5,29,Normal
2026-02-10 00:10:46.610587,Tokyo-7442,21,96,Normal
2026-02-10 00:10:47.610587,Tokyo-7442,14,12,Normal
2026-02-10 00:10:48.610587,Tokyo-7442,45,89,Normal
2026-02-10 00:10:49.610587,Tokyo-7442,29,90,Normal
2026-02-10 00:10:50.610587,Tokyo-7442,1,34,Normal
2026-02-10 00:10:51.610587,Tokyo-7442,3,3,Normal
2026-02-10 00:10:52.610587,Tokyo-7442,12,68,Normal
2026-02-10 00:10:53.610587,Tokyo-7442,-3,94,Normal
2026-02-10 00:10:54.610587,Tokyo-7442,45,51,Normal
2026-02-10 00:10:55.610587,Tokyo-7442,-27,52,Normal
2026-02-10 00:10:56.610587,Tokyo-7442,-6,18,Normal
2026-02-10 00:10:57.610587,Tokyo-7442,24,34,Normal
2026-02-10 00:10:58.610587,Tokyo-7442,-17,33,Normal
2026-02-10 00:10:59.610587,Tokyo-7442,-3,79,Normal
2026-02-10 00:11:00.610587,Tokyo-7442,-28,95,Normal
2026-02-10 00:11:01.610587,Tokyo-7442,-8,19,Normal
2026-02-10 00:11:02.610587,Tokyo-7442,39,80,Normal
2026-02-10 00:11:03.610587,Tokyo-7442,24,16,Normal
2026-02-10 00:11:04.610587,Tokyo-7442,9,7,Normal
2026-02-10 00:11:05.610587,Tokyo-7442,12,100,Normal
2026-02-10 00:11:06.610587,Tokyo-7442,35,50,Normal
2026-02-10 00:11:07.610587,Tokyo-7442,46,94,Normal
2026-02-10 00:11:08.610587,Tokyo-7442,-20,23,Normal
2026-02-10 00:11:09.610587,Tokyo-7442,-15,53,Normal
2026-02-10 00:11:10.610587,Tokyo-7442,-8,6,Normal
2026-02-10 00:11:11.610587,Tokyo-7442,33,75,Normal
2026-02-10 00:11:12.610587,Tokyo-7442,32,18,Normal
2026-02-10 00:11:13.610587,Tokyo-7442,-19,81,Normal
2026-02-10 00:11:14.610587,Tokyo-7442,12,11,Normal
2026-02-10 00:11:15.610587,Tokyo-7442,9,44,Normal
2026-02-10 00:11:16.610587,Tokyo-7442,-11,99,Normal
2026-02-10 00:11:17.610587,Tokyo-7442,15,60,Normal
2026-02-10 00:11:18.610587,Tokyo-7442,-1,38,Normal
2026-02-10 00:11:19.610587,Tokyo-7442,-25,97,Normal
2026-02-10 00:11:20.610587,Tokyo-7442,17,9,Normal
2026-02-10 00:11:21.610587,Tokyo-7442,38,59,Normal
2026-02-10 00:11:22.610587,Tokyo-7442,1,47,Normal
2026-02-10 00:11:23.610587,Tokyo-7442,38,86,Normal
2026-02-10 00:11:24.610587,Tokyo-7442,-6,96,Normal
2026-02-10 00:11:25.610587,Tokyo-7442,42,99,Normal
2026-02-10 00:11:26.610587,Tokyo-7442,-7,9,Normal
2026-02-10 00:11:27.610587,Tokyo-7442,-4,56,Normal
2026-02-10 00:11:28.610587,Tokyo-7442,44,82,Normal
2026-02-10 00:11:29.610587,Tokyo-7442,-24,0,Normal
2026-02-10 00:11:30.610587,Tokyo-7442,44,33,Normal
2026-02-10 00:11:31.610587,Tokyo-7442,1,73,Normal
2026-02-10 00:11:32.610587,Tokyo-7442,31,93,Normal
2026-02-10 00:11:33.610587,Tokyo-7442,12,11,Normal
2026-02-10 00:11:34.610587,Tokyo-7442,15,85,Normal
2026-02-10 00:11:35.610587,Tokyo-7442,27,43,Normal
2026-02-10 00:11:36.610587,Tokyo-7442,39,58,Normal
2026-02-10 00:11:37.610587,Tokyo-7442,-16,97,Normal
2026-02-10 00:11:38.610587,Tokyo-7442,25,99,Normal
2026-02-10 00:11:39.610587,Tokyo-7442,-13,4,Normal
2026-02-10 00:11:40.610587,Tokyo-7442,35,13,Normal
2026-02-10 00:11:41.610587,Tokyo-7442,46,30,Normal
2026-02-10 00:11:42.610587,Tokyo-7442,43,47,Normal
2026-02-10 00:11:43.610587,Tokyo-7442,-16,89,Normal
2026-02-10 00:11:44.610587,Tokyo-7442,-27,25,Normal
2026-02-10 00:11:45.610587,Tokyo-7442,17,89,Normal
2026-02-10 00:11:46.610587,Tokyo-7442,-22,4,Normal
2026-02-10 00:11:47.610587,Tokyo-7442,25,37,Normal
2026-02-10 00:11:48.610587,Tokyo-7442,-16,45,Normal
2026-02-10 00:11:49.610587,Tokyo-7442,-12,37,Normal
2026-02-10 00:11:50.610587,Tokyo-7442,30,54,Normal
2026-02-10 00:11:51.610587,Tokyo-7442,8,2,Normal
2026-02-10 00:11:52.610587,Tokyo-7442,38,81,Normal
2026-02-10 00:11:53.610587,Tokyo-7442,44,12,Normal
2026-02-10 00:11:54.610587,Tokyo-7442,22,88,Normal
2026-02-10 00:11:55.610587,Tokyo-7442,-22,100,Normal
2026-02-10 00:11:56.610587,Tokyo-7442,44,63,Normal
2026-02-10 00:11:57.610587,Tokyo-7442,38,80,Normal
2026-02-10 00:11:58.610587,Tokyo-7442,28,33,Normal
2026-02-10 00:11:59.610587,Tokyo-7442,-10,70,Normal
2026-02-10 00:12:00.610587,Tokyo-7442,35,82,Normal
2026-02-10 00:12:01.610587,Tokyo-7442,31,20,Normal
2026-02-10 00:12:02.610587,Tokyo-7442,25,80,Normal
2026-02-10 00:12:03.610587,Tokyo-7442,36,78,Normal
2026-02-10 00:12:04.610587,Tokyo-7442,31,94,Normal
2026-02-10 00:12:05.610587,Tokyo-7442,40,67,Normal
2026-02-10 00:12:06.610587,Tokyo-7442,22,91,Normal
2026-02-10 00:12:07.610587,Tokyo-7442,23,3,Normal
2026-02-10 00:12:08.610587,Tokyo-7442,48,78,Normal
2026-02-10 00:12:09.610587,Tokyo-7442,34,26,Normal
2026-02-10 00:12:10.610587,Tokyo-7442,26,11,Normal
2026-02-10 00:12:11.610587,Tokyo-7442,50,53,Normal
2026-02-10 00:12:12.610587,Tokyo-7442,18,35,Normal
2026-02-10 00:12:13.610587,Tokyo-7442,48,60,Normal
2026-02-10 00:12:14.610587,Tokyo-7442,3,5,Normal
2026-02-10 00:12:15.610587,Tokyo-7442,-21,41,Normal
2026-02-10 00:12:16.610587,Tokyo-7442,14,17,Normal
2026-02-10 00:12:17.610587,Tokyo-7442,32,26,Normal
2026-02-10 00:12:18.610587,Tokyo-7442,-1,62,Normal
2026-02-10 00:12:19.610587,Tokyo-7442,50,79,Normal
2026-02-10 00:12:20.610587,Tokyo-7442,26,13,Normal
2026-02-10 00:12:21.610587,Tokyo-7442,13,70,Normal
2026-02-10 00:12:22.610587,Tokyo-7442,9,21,Normal
2026-02-10 00:12:23.610587,Tokyo-7442,39,52,Normal
2026-02-10 00:12:24.610587,Tokyo-7442,37,51,Normal
2026-02-10 00:12:25.610587,Tokyo-7442,25,60,Normal
2026-02-10 00:12:26.610587,Tokyo-7442,50,44,Normal
2026-02-10 00:12:27.610587,Tokyo-7442,-17,93,Normal
2026-02-10 00:12:28.610587,Tokyo-7442,-7,71,Normal
2026-02-10 00:12:29.610587,Tokyo-7442,13,10,Normal
2026-02-10 00:12:30.610587,Tokyo-7442,-10,38,Normal
2026-02-10 00:12:31.610587,Tokyo-7442,9,67,Normal
2026-02-10 00:12:32.610587,Tokyo-7442,26,22,Normal
2026-02-10 00:12:33.610587,Tokyo-7442,17,72,Normal
2026-02-10 00:12:34.610587,Tokyo-7442,-20,28,Normal
2026-02-10 00:12:35.610587,Tokyo-7442,16,52,Normal
2026-02-10 00:12:36.610587,Tokyo-7442,42,98,Normal
2026-02-10 00:12:37.610587,Tokyo-7442,4,39,Normal
2026-02-10 00:12:38.610587,Tokyo-7442,10,37,Normal
2026-02-10 00:12:39.610587,Tokyo-7442,42,37,Normal
2026-02-10 00:12:40.610587,Tokyo-7442,11,55,Normal
2026-02-10 00:12:41.610587,Tokyo-7442,12,16,Normal
2026-02-10 00:12:42.610587,Tokyo-7442,-4,45,Normal
2026-02-10 00:12:43.610587,Tokyo-7442,27,30,Normal
2026-02-10 00:12:44.610587,Tokyo-7442,35,91,Normal
2026-02-10 00:12:45.610587,Tokyo-7442,-17,27,Normal
2026-02-10 00:12:46.610587,Tokyo-7442,14,39,Normal
2026-02-10 00:12:47.610587,Tokyo-7442,46,22,Normal
2026-02-10 00:12:48.610587,Tokyo-7442,49,44,Normal
2026-02-10 00:12:49.610587,Tokyo-7442,-11,99,Normal
2026-02-10 00:12:50.610587,Tokyo-7442,30,29,Normal
2026-02-10 00:12:51.610587,Tokyo-7442,45,42,Normal
2026-02-10 00:12:52.610587,Tokyo-7442,42,49,Normal
2026-02-10 00:12:53.610587,Tokyo-7442,27,58,Normal
2026-02-10 00:12:54.610587,Tokyo-7442,41,19,Normal
2026-02-10 00:12:55.610587,Tokyo-7442,-25,78,Normal
2026-02-10 00:12:56.610587,Tokyo-7442,41,19,Normal
2026-02-10 00:12:57.610587,Tokyo-7442,-15,50,Normal
2026-02-10 00:12:58.610587,Tokyo-7442,5,13,Normal
2026-02-10 00:12:59.610587,Tokyo-7442,-14,38,Normal
2026-02-10 00:13:00.610587,Tokyo-7442,15,93,Normal
2026-02-10 00:13:01.610587,Tokyo-7442,-12,23,Normal
2026-02-10 00:13:02.610587,Tokyo-7442,14,1,Normal
2026-02-10 00:13:03.610587,Tokyo-7442,-5,63,Normal
2026-02-10 00:13:04.610587,Tokyo-7442,6,17,Normal
2026-02-10 00:13:05.610587,Tokyo-7442,49,66,Normal
2026-02-10 00:13:06.610587,Tokyo-7442,22,57,Normal
2026-02-10 00:13:07.610587,Tokyo-7442,18,62,Normal
2026-02-10 00:13:08.610587,Tokyo-7442,-6,33,Normal
2026-02-10 00:13:09.610587,Tokyo-7442,-1,73,Normal
2026-02-10 00:13:10.610587,Tokyo-7442,-25,43,Normal
2026-02-10 00:13:11.610587,Tokyo-7442,16,39,Normal
2026-02-10 00:13:12.610587,Tokyo-7442,33,62,Normal
2026-02-10 00:13:13.610587,Tokyo-7442,19,81,Normal
2026-02-10 00:13:14.610587,Tokyo-7442,48,56,Normal
2026-02-10 00:13:15.610587,Tokyo-7442,-3,6,Normal
2026-02-10 00:13:16.610587,Tokyo-7442,-1,69,Normal
2026-02-10 00:13:17.610587,Tokyo-7442,-27,58,Normal
2026-02-10 00:13:18.610587,Tokyo-7442,24,43,Normal
2026-02-10 00:13:19.610587,Tokyo-7442,47,90,Normal
2026-02-10 00:13:20.610587,Tokyo-7442,34,62,Normal
2026-02-10 00:13:21.610587,Tokyo-7442,38,65,Normal
2026-02-10 00:13:22.610587,Tokyo-7442,20,51,Normal
2026-02-10 00:13:23.610587,Tokyo-7442,23,98,Normal
2026-02-10 00:13:24.610587,Tokyo-7442,-21,57,Normal
2026-02-10 00:13:25.610587,Tokyo-7442,16,97,Normal
2026-02-10 00:13:26.610587,Tokyo-7442,-19,81,Normal
2026-02-10 00:13:27.610587,Tokyo-7442,-10,83,Normal
2026-02-10 00:13:28.610587,Tokyo-7442,-23,22,Normal
2026-02-10 00:13:29.610587,Tokyo-7442,-18,35,Normal
2026-02-10 00:13:30.610587,Tokyo-7442,39,28,Normal
2026-02-10 00:13:31.610587,Tokyo-7442,10,15,Normal
2026-02-10 00:13:32.610587,Tokyo-7442,-9,5,Normal
2026-02-10 00:13:33.610587,Tokyo-7442,-11,56,Normal
2026-02-10 00:13:34.610587,Tokyo-7442,3,62,Normal
2026-02-10 00:13:35.610587,Tokyo-7442,38,3,Normal
2026-02-10 00:13:36.610587,Tokyo-7442,-30,76,Normal
2026-02-10 00:13:37.610587,Tokyo-7442,-17,77,Normal
2026-02-10 00:13:38.610587,Tokyo-7442,-21,77,Normal
2026-02-10 00:13:39.610587,Tokyo-7442,-12,55,Normal
2026-02-10 00:13:40.610587,Tokyo-7442,37,62,Normal
2026-02-10 00:13:41.610587,Tokyo-7442,31,34,Normal
2026-02-10 00:13:42.610587,Tokyo-7442,31,57,Normal
2026-02-10 00:13:43.610587,Tokyo-7442,40,93,Normal
2026-02-10 00:13:44.610587,Tokyo-7442,19,100,Normal
2026-02-10 00:13:45.610587,Tokyo-7442,-7,48,Normal
2026-02-10 00:13:46.610587,Tokyo-7442,17,22,Normal
2026-02-10 00:13:47.610587,Tokyo-7442,-14,32,Normal
2026-02-10 00:13:48.610587,Tokyo-7442,-2,58,Normal
2026-02-10 00:13:49.610587,Tokyo-7442,1,73,Normal
2026-02-10 00:13:50.610587,Tokyo-7442,23,87,Normal
2026-02-10 00:13:51.610587,Tokyo-7442,18,41,Normal
2026-02-10 00:13:52.610587,Tokyo-7442,32,46,Normal
2026-02-10 00:13:53.610587,Tokyo-7442,-28,77,Normal
2026-02-10 00:13:54.610587,Tokyo-7442,-16,58,Normal
2026-02-10 00:13:55.610587,Tokyo-7442,-3,46,Normal
2026-02-10 00:13:56.610587,Tokyo-7442,11,86,Normal
2026-02-10 00:13:57.610587,Tokyo-7442,31,77,Normal
2026-02-10 00:13:58.610587,Tokyo-7442,-5,38,Normal
2026-02-10 00:13:59.610587,Tokyo-7442,-26,61,Normal
2026-02-10 00:14:00.610587,Tokyo-7442,12,42,Normal
2026-02-10 00:14:01.610587,Tokyo-7442,23,0,Normal
2026-02-10 00:14:02.610587,Tokyo-7442,-8,39,Normal
2026-02-10 00:14:03.610587,Tokyo-7442,31,44,Normal
2026-02-10 00:14:04.610587,Tokyo-7442,-24,38,Normal
2026-02-10 00:14:05.610587,Tokyo-7442,-23,29,Normal
2026-02-10 00:14:06.610587,Tokyo-7442,-4,25,Normal
2026-02-10 00:14:07.610587,Tokyo-7442,10,74,Normal
2026-02-10 00:14:08.610587,Tokyo-7442,-3,3,Normal
2026-02-10 00:14:09.610587,Tokyo-7442,50,92,Normal
2026-02-10 00:14:10.610587,Tokyo-7442,22,63,Normal
2026-02-10 00:14:11.610587,Tokyo-7442,39,1,Normal
2026-02-10 00:14:12.610587,Tokyo-7442,49,25,Normal
2026-02-10 00:14:13.610587,Tokyo-7442,-8,97,Normal
2026-02-10 00:14:14.610587,Tokyo-7442,-11,28,Normal
2026-02-10 00:14:15.610587,Tokyo-7442,40,99,Normal
2026-02-10 00:14:16.610587,Tokyo-7442,41,55,Normal
2026-02-10 00:14:17.610587,Tokyo-7442,49,30,Normal
2026-02-10 00:14:18.610587,Tokyo-7442,49,23,Normal
2026-02-10 00:14:19.610587,Tokyo-7442,-20,15,Normal
2026-02-10 00:14:20.610587,Tokyo-7442,45,74,Normal
2026-02-10 00:14:21.610587,Tokyo-7442,-19,34,Normal
2026-02-10 00:14:22.610587,Tokyo-7442,34,64,Normal
2026-02-10 00:14:23.610587,Tokyo-7442,48,65,Normal
2026-02-10 00:14:24.610587,Tokyo-7442,-24,77,Normal
2026-02-10 00:14:25.610587,Tokyo-7442,-12,4,Normal
2026-02-10 00:14:26.610587,Tokyo-7442,19,65,Normal
2026-02-10 00:14:27.610587,Tokyo-7442,41,81,Normal
2026-02-10 00:14:28.610587,Tokyo-7442,48,94,Normal
2026-02-10 00:14:29.610587,Tokyo-7442,48,12,Normal
2026-02-10 00:14:30.610587,Tokyo-7442,-26,33,Normal
2026-02-10 00:14:31.610587,Tokyo-7442,-18,47,Normal
2026-02-10 00:14:32.610587,Tokyo-7442,27,29,Normal
2026-02-10 00:14:33.610587,Tokyo-7442,19,31,Normal
2026-02-10 00:14:34.610587,Tokyo-7442,16,2,Normal
2026-02-10 00:14:35.610587,Tokyo-7442,41,40,Normal
2026-02-10 00:14:36.610587,Tokyo-7442,-20,80,Normal
2026-02-10 00:14:37.610587,Tokyo-7442,12,20,Normal
2026-02-10 00:14:38.610587,Tokyo-7442,5,28,Normal
2026-02-10 00:14:39.610587,Tokyo-7442,18,88,Normal
2026-02-10 00:14:40.610587,Tokyo-7442,23,7,Normal
2026-02-10 00:14:41.610587,Tokyo-7442,17,34,Normal
2026-02-10 00:14:42.610587,Tokyo-7442,-29,72,Normal
2026-02-10 00:14:43.610587,Tokyo-7442,-5,6,Normal
2026-02-10 00:14:44.610587,Tokyo-7442,-26,73,Normal
2026-02-10 00:14:45.610587,Tokyo-7442,32,14,Normal
2026-02-10 00:14:46.610587,Tokyo-7442,13,90,Normal
2026-02-10 00:14:47.610587,Tokyo-7442,-3,60,Normal
2026-02-10 00:14:48.610587,Tokyo-7442,0,28,Normal
2026-02-10 00:14:49.610587,Tokyo-7442,-4,85,Normal
2026-02-10 00:14:50.610587,Tokyo-7442,-23,69,Normal
2026-02-10 00:14:51.610587,Tokyo-7442,-9,6,Normal
2026-02-10 00:14:52.610587,Tokyo-7442,48,45,Normal
2026-02-10 00:14:53.610587,Tokyo-7442,12,65,Normal
2026-02-10 00:14:54.610587,Tokyo-7442,13,49,Normal
2026-02-10 00:14:55.610587,Tokyo-7442,38,40,Normal
2026-02-10 00:14:56.610587,Tokyo-7442,-19,98,Normal
2026-02-10 00:14:57.610587,Tokyo-7442,-20,73,Normal
2026-02-10 00:14:58.610587,Tokyo-7442,-28,37,Normal
2026-02-10 00:14:59.610587,Tokyo-7442,23,3,Normal
2026-02-10 00:15:00.610587,Tokyo-7442,-28,35,Normal
2026-02-10 00:15:01.610587,Tokyo-7442,40,28,Normal
2026-02-10 00:15:02.610587,Tokyo-7442,26,17,Normal
2026-02-10 00:15:03.610587,Tokyo-7442,13,98,Normal
2026-02-10 00:15:04.610587,Tokyo-7442,40,3,Normal
2026-02-10 00:15:05.610587,Tokyo-7442,-16,59,Normal
2026-02-10 00:15:06.610587,Tokyo-7442,-30,3,Normal
2026-02-10 00:15:07.610587,Tokyo-7442,18,13,Normal
2026-02-10 00:15:08.610587,Tokyo-7442,-2,50,Normal
2026-02-10 00:15:09.610587,Tokyo-7442,23,20,Normal
2026-02-10 00:15:10.610587,Tokyo-7442,21,32,Normal
2026-02-10 00:15:11.610587,Tokyo-7442,24,42,Normal
2026-02-10 00:15:12.610587,Tokyo-7442,-27,96,Normal
2026-02-10 00:15:13.610587,Tokyo-7442,23,45,Normal
2026-02-10 00:15:14.610587,Tokyo-7442,9,47,Normal
2026-02-10 00:15:15.610587,Tokyo-7442,10,62,Normal
2026-02-10 00:15:16.610587,Tokyo-7442,24,69,Normal
2026-02-10 00:15:17.610587,Tokyo-7442,-2,66,Normal
2026-02-10 00:15:18.610587,Tokyo-7442,11,89,Normal
2026-02-10 00:15:19.610587,Tokyo-7442,26,67,Normal
2026-02-10 00:15:20.610587,Tokyo-7442,26,87,Normal
2026-02-10 00:15:21.610587,Tokyo-7442,36,88,Normal
2026-02-10 00:15:22.610587,Tokyo-7442,10,8,Normal
2026-02-10 00:15:23.610587,Tokyo-7442,38,61,Normal
2026-02-10 00:15:24.610587,Tokyo-7442,-1,23,Normal
2026-02-10 00:15:25.610587,Tokyo-7442,18,42,Normal
2026-02-10 00:15:26.610587,Tokyo-7442,38,66,Normal
2026-02-10 00:15:27.610587,Tokyo-7442,39,53,Normal
2026-02-10 00:15:28.610587,Tokyo-7442,49,88,Normal
2026-02-10 00:15:29.610587,Tokyo-7442,20,68,Normal
2026-02-10 00:15:30.610587,Tokyo-7442,2,59,Normal
2026-02-10 00:15:31.610587,Tokyo-7442,-17,15,Normal
2026-02-10 00:15:32.610587,Tokyo-7442,43,7,Normal
2026-02-10 00:15:33.610587,Tokyo-7442,34,72,Normal
2026-02-10 00:15:34.610587,Tokyo-7442,22,68,Normal
2026-02-10 00:15:35.610587,Tokyo-7442,11,39,Normal
2026-02-10 00:15:36.610587,Tokyo-7442,7,32,Normal
2026-02-10 00:15:37.610587,Tokyo-7442,37,12,Normal
2026-02-10 00:15:38.610587,Tokyo-7442,8,64,Normal
2026-02-10 00:15:39.610587,Tokyo-7442,-4,50,Normal
2026-02-10 00:15:40.610587,Tokyo-7442,24,74,Normal
2026-02-10 00:15:41.610587,Tokyo-7442,-23,89,Normal
2026-02-10 00:15:42.610587,Tokyo-7442,38,14,Normal
2026-02-10 00:15:43.610587,Tokyo-7442,21,53,Normal
2026-02-10 00:15:44.610587,Tokyo-7442,-18,73,Normal
2026-02-10 00:15:45.610587,Tokyo-7442,-19,96,Normal
2026-02-10 00:15:46.610587,Tokyo-7442,17,53,Normal
2026-02-10 00:15:47.610587,Tokyo-7442,-28,78,Normal
2026-02-10 00:15:48.610587,Tokyo-7442,-14,86,Normal
2026-02-10 00:15:49.610587,Tokyo-7442,39,81,Normal
2026-02-10 00:15:50.610587,Tokyo-7442,-8,34,Normal
2026-02-10 00:15:51.610587,Tokyo-7442,22,75,Normal
2026-02-10 00:15:52.610587,Tokyo-7442,15,43,Normal
2026-02-10 00:15:53.610587,Tokyo-7442,48,53,Normal
2026-02-10 00:15:54.610587,Tokyo-7442,31,50,Normal
2026-02-10 00:15:55.610587,Tokyo-7442,20,11,Normal
2026-02-10 00:15:56.610587,Tokyo-7442,-28,71,Normal
2026-02-10 00:15:57.610587,Tokyo-7442,8,90,Normal
2026-02-10 00:15:58.610587,Tokyo-7442,27,30,Normal
2026-02-10 00:15:59.610587,Tokyo-7442,-25,59,Normal
2026-02-10 00:16:00.610587,Tokyo-7442,19,3,Normal
2026-02-10 00:16:01.610587,Tokyo-7442,-16,17,Normal
2026-02-10 00:16:02.610587,Tokyo-7442,-29,56,Normal
2026-02-10 00:16:03.610587,Tokyo-7442,-29,31,Normal
2026-02-10 00:16:04.610587,Tokyo-7442,-14,34,Normal
2026-02-10 00:16:05.610587,Tokyo-7442,33,55,Normal
2026-02-10 00:16:06.610587,Tokyo-7442,-30,16,Normal
2026-02-10 00:16:07.610587,Tokyo-7442,41,40,Normal
2026-02-10 00:16:08.610587,Tokyo-7442,-13,59,Normal
2026-02-10 00:16:09.610587,Tokyo-7442,17,78,Normal
2026-02-10 00:16:10.610587,Tokyo-7442,26,82,Normal
2026-02-10 00:16:11.610587,Tokyo-7442,38,23,Normal
2026-02-10 00:16:12.610587,Tokyo-7442,44,24,Normal
2026-02-10 00:16:13.610587,Tokyo-7442,-9,70,Normal
2026-02-10 00:16:14.610587,Tokyo-7442,25,28,Normal
2026-02-10 00:16:15.610587,Tokyo-7442,42,79,Normal
2026-02-10 00:16:16.610587,Tokyo-7442,-7,97,Normal
2026-02-10 00:16:17.610587,Tokyo-7442,12,19,Normal
2026-02-10 00:16:18.610587,Tokyo-7442,15,48,Normal
2026-02-10 00:16:19.610587,Tokyo-7442,41,78,Normal
2026-02-10 00:16:20.610587,Tokyo-7442,-26,100,Normal
2026-02-10 00:16:21.610587,Tokyo-7442,49,21,Normal
2026-02-10 00:16:22.610587,Tokyo-7442,38,37,Normal
2026-02-10 00:16:23.610587,Tokyo-7442,44,75,Normal
2026-02-10 00:16:24.610587,Tokyo-7442,50,95,Normal
2026-02-10 00:16:25.610587,Tokyo-7442,26,37,Normal
2026-02-10 00:16:26.610587,Tokyo-7442,21,99,Normal
2026-02-10 00:16:27.610587,Tokyo-7442,43,62,Normal
2026-02-10 00:16:28.610587,Tokyo-7442,41,25,Normal
2026-02-10 00:16:29.610587,Tokyo-7442,47,3,Normal
2026-02-10 00:16:30.610587,Tokyo-7442,5,62,Normal
2026-02-10 00:16:31.610587,Tokyo-7442,44,20,Normal
2026-02-10 00:16:32.610587,Tokyo-7442,-5,20,Normal
2026-02-10 00:16:33.610587,Tokyo-7442,24,17,Normal
2026-02-10 00:16:34.610587,Tokyo-7442,11,25,Normal
2026-02-10 00:16:35.610587,Tokyo-7442,15,5,Normal
2026-02-10 00:16:36.610587,Tokyo-7442,-16,23,Normal
2026-02-10 00:16:37.610587,Tokyo-7442,0,76,Normal
2026-02-10 00:16:38.610587,Tokyo-7442,-25,92,Normal
2026-02-10 00:16:39.610587,Tokyo-7442,50,33,Normal
2026-02-10 00:16:40.610587,Tokyo-7442,1,61,Normal
2026-02-10 00:16:41.610587,Tokyo-7442,45,70,Normal
2026-02-10 00:16:42.610587,Tokyo-7442,47,4,Normal
2026-02-10 00:16:43.610587,Tokyo-7442,-11,96,Normal
2026-02-10 00:16:44.610587,Tokyo-7442,-18,56,Normal
2026-02-10 00:16:45.610587,Tokyo-7442,-11,77,Normal
2026-02-10 00:16:46.610587,Tokyo-7442,-26,4,Normal
2026-02-10 00:16:47.610587,Tokyo-7442,49,95,Normal
2026-02-10 00:16:48.610587,Tokyo-7442,-23,79,Normal
2026-02-10 00:16:49.610587,Tokyo-7442,-27,13,Normal
2026-02-10 00:16:50.610587,Tokyo-7442,-15,38,Normal
2026-02-10 00:16:51.610587,Tokyo-7442,-19,9,Normal
2026-02-10 00:16:52.610587,Tokyo-7442,36,57,Normal
2026-02-10 00:16:53.610587,Tokyo-7442,-10,23,Normal
2026-02-10 00:16:54.610587,Tokyo-7442,47,79,Normal
2026-02-10 00:16:55.610587,Tokyo-7442,32,93,Normal
2026-02-10 00:16:56.610587,Tokyo-7442,-26,28,Normal
2026-02-10 00:16:57.610587,Tokyo-7442,38,1,Normal
2026-02-10 00:16:58.610587,Tokyo-7442,36,78,Normal
2026-02-10 00:16:59.610587,Tokyo-7442,41,27,Normal
2026-02-10 00:17:00.610587,Tokyo-7442,6,43,Normal
2026-02-10 00:17:01.610587,Tokyo-7442,18,67,Normal
2026-02-10 00:17:02.610587,Tokyo-7442,47,51,Normal
2026-02-10 00:17:03.610587,Tokyo-7442,2,49,Normal
2026-02-10 00:17:04.610587,Tokyo-7442,42,75,Normal
2026-02-10 00:17:05.610587,Tokyo-7442,30,43,Normal
2026-02-10 00:17:06.610587,Tokyo-7442,-6,50,Normal
2026-02-10 00:17:07.610587,Tokyo-7442,48,64,Normal
2026-02-10 00:17:08.610587,Tokyo-7442,26,40,Normal
2026-02-10 00:17:09.610587,Tokyo-7442,7,56,Normal
2026-02-10 00:17:10.610587,Tokyo-7442,23,50,Normal
2026-02-10 00:17:11.610587,Tokyo-7442,13,34,Normal
2026-02-10 00:17:12.610587,Tokyo-7442,44,76,Normal
2026-02-10 00:17:13.610587,Tokyo-7442,19,43,Normal
2026-02-10 00:17:14.610587,Tokyo-7442,-23,46,Normal
2026-02-10 00:17:15.610587,Tokyo-7442,24,62,Normal
2026-02-10 00:17:16.610587,Tokyo-7442,25,88,Normal
2026-02-10 00:17:17.610587,Tokyo-7442,-26,59,Normal
2026-02-10 00:17:18.610587,Tokyo-7442,26,73,Normal
2026-02-10 00:17:19.610587,Tokyo-7442,18,30,Normal
2026-02-10 00:17:20.610587,Tokyo-7442,36,37,Normal
2026-02-10 00:17:21.610587,Tokyo-7442,2,20,Normal
2026-02-10 00:17:22.610587,Tokyo-7442,-4,86,Normal
2026-02-10 00:17:23.610587,Tokyo-7442,37,47,Normal
2026-02-10 00:17:24.610587,Tokyo-7442,48,1,Normal
2026-02-10 00:17:25.610587,Tokyo-7442,8,59,Normal
2026-02-10 00:17:26.610587,Tokyo-7442,5,34,Normal
2026-02-10 00:17:27.610587,Tokyo-7442,8,79,Normal
2026-02-10 00:17:28.610587,Tokyo-7442,-1,53,Normal
2026-02-10 00:17:29.610587,Tokyo-7442,19,36,Normal
2026-02-10 00:17:30.610587,Tokyo-7442,-29,62,Normal
2026-02-10 00:17:31.610587,Tokyo-7442,14,65,Normal
2026-02-10 00:17:32.610587,Tokyo-7442,0,14,Normal
2026-02-10 00:17:33.610587,Tokyo-7442,-8,99,Normal
2026-02-10 00:17:34.610587,Tokyo-7442,45,10,Normal
2026-02-10 00:17:35.610587,Tokyo-7442,-15,35,Normal
2026-02-10 00:17:36.610587,Tokyo-7442,-17,31,Normal
2026-02-10 00:17:37.610587,Tokyo-7442,-22,75,Normal
2026-02-10 00:17:38.610587,Tokyo-7442,35,59,Normal
2026-02-10 00:17:39.610587,Tokyo-7442,41,69,Normal
2026-02-10 00:17:40.610587,Tokyo-7442,13,53,Normal
2026-02-10 00:17:41.610587,Tokyo-7442,17,4,Normal
2026-02-10 00:17:42.610587,Tokyo-7442,-16,67,Normal
2026-02-10 00:17:43.610587,Tokyo-7442,-4,26,Normal
2026-02-10 00:17:44.610587,Tokyo-7442,3,83,Normal
2026-02-10 00:17:45.610587,Tokyo-7442,26,50,Normal
2026-02-10 00:17:46.610587,Tokyo-7442,3,51,Normal
2026-02-10 00:17:47.610587,Tokyo-7442,-6,47,Normal
2026-02-10 00:17:48.610587,Tokyo-7442,32,53,Normal
2026-02-10 00:17:49.610587,Tokyo-7442,-28,28,Normal
2026-02-10 00:17:50.610587,Tokyo-7442,-16,37,Normal
2026-02-10 00:17:51.610587,Tokyo-7442,36,26,Normal
2026-02-10 00:17:52.610587,Tokyo-7442,28,57,Normal
2026-02-10 00:17:53.610587,Tokyo-7442,29,53,Normal
2026-02-10 00:17:54.610587,Tokyo-7442,-20,8,Normal
2026-02-10 00:17:55.610587,Tokyo-7442,45,8,Normal
2026-02-10 00:17:56.610587,Tokyo-7442,-23,88,Normal
2026-02-10 00:17:57.610587,Tokyo-7442,41,49,Normal
2026-02-10 00:17:58.610587,Tokyo-7442,-16,77,Normal
2026-02-10 00:17:59.610587,Tokyo-7442,3,44,Normal
2026-02-10 00:18:00.610587,Tokyo-7442,-9,57,Normal
2026-02-10 00:18:01.610587,Tokyo-7442,-29,56,Normal
2026-02-10 00:18:02.610587,Tokyo-7442,48,24,Normal
2026-02-10 00:18:03.610587,Tokyo-7442,-9,12,Normal
2026-02-10 00:18:04.610587,Tokyo-7442,-10,69,Normal
2026-02-10 00:18:05.610587,Tokyo-7442,28,5,Normal
2026-02-10 00:18:06.610587,Tokyo-7442,49,73,Normal
2026-02-10 00:18:07.610587,Tokyo-7442,31,93,Normal
2026-02-10 00:18:08.610587,Tokyo-7442,-26,21,Normal
2026-02-10 00:18:09.610587,Tokyo-7442,47,12,Normal
2026-02-10 00:18:10.610587,Tokyo-7442,32,94,Normal
2026-02-10 00:18:11.610587,Tokyo-7442,-8,83,Normal
2026-02-10 00:18:12.610587,Tokyo-7442,37,40,Normal
2026-02-10 00:18:13.610587,Tokyo-7442,12,40,Normal
2026-02-10 00:18:14.610587,Tokyo-7442,-30,62,Normal
2026-02-10 00:18:15.610587,Tokyo-7442,44,84,Normal
2026-02-10 00:18:16.610587,Tokyo-7442,12,72,Normal
2026-02-10 00:18:17.610587,Tokyo-7442,-26,55,Normal
2026-02-10 00:18:18.610587,Tokyo-7442,-10,53,Normal
2026-02-10 00:18:19.610587,Tokyo-7442,16,34,Normal
2026-02-10 00:18:20.610587,Tokyo-7442,-2,20,Normal
2026-02-10 00:18:21.610587,Tokyo-7442,-27,45,Normal
2026-02-10 00:18:22.610587,Tokyo-7442,33,64,Normal
2026-02-10 00:18:23.610587,Tokyo-7442,24,57,Normal
2026-02-10 00:18:24.610587,Tokyo-7442,2,4,Normal
2026-02-10 00:18:25.610587,Tokyo-7442,2,88,Normal
2026-02-10 00:18:26.610587,Tokyo-7442,49,11,Normal
2026-02-10 00:18:27.610587,Tokyo-7442,0,1,Normal
2026-02-10 00:18:28.610587,Tokyo-7442,34,9,Normal
2026-02-10 00:18:29.610587,Tokyo-7442,-10,59,Normal
2026-02-10 00:18:30.610587,Tokyo-7442,36,7,Normal
2026-02-10 00:18:31.610587,Tokyo-7442,0,65,Normal
2026-02-10 00:18:32.610587,Tokyo-7442,40,89,Normal
2026-02-10 00:18:33.610587,Tokyo-7442,41,83,Normal
2026-02-10 00:18:34.610587,Tokyo-7442,-30,41,Normal
2026-02-10 00:18:35.610587,Tokyo-7442,45,87,Normal
2026-02-10 00:18:36.610587,Tokyo-7442,26,11,Normal
2026-02-10 00:18:37.610587,Tokyo-7442,38,85,Normal
2026-02-10 00:18:38.610587,Tokyo-7442,-20,63,Normal
2026-02-10 00:18:39.610587,Tokyo-7442,13,49,Normal
2026-02-10 00:18:40.610587,Tokyo-7442,4,92,Normal
2026-02-10 00:18:41.610587,Tokyo-7442,-25,62,Normal
2026-02-10 00:18:42.610587,Tokyo-7442,19,48,Normal
2026-02-10 00:18:43.610587,Tokyo-7442,35,91,Normal
2026-02-10 00:18:44.610587,Tokyo-7442,43,58,Normal
2026-02-10 00:18:45.610587,Tokyo-7442,-12,53,Normal
2026-02-10 00:18:46.610587,Tokyo-7442,-1,83,Normal
2026-02-10 00:18:47.610587,Tokyo-7442,-20,64,Normal
2026-02-10 00:18:48.610587,Tokyo-7442,-26,89,Normal
2026-02-10 00:18:49.610587,Tokyo-7442,-9,27,Normal
2026-02-10 00:18:50.610587,Tokyo-7442,-28,2,Normal
2026-02-10 00:18:51.610587,Tokyo-7442,-23,96,Normal
2026-02-10 00:18:52.610587,Tokyo-7442,23,56,Normal
2026-02-10 00:18:53.610587,Tokyo-7442,28,67,Normal
2026-02-10 00:18:54.610587,Tokyo-7442,21,80,Normal
2026-02-10 00:18:55.610587,Tokyo-7442,18,45,Normal
2026-02-10 00:18:56.610587,Tokyo-7442,-4,89,Normal
2026-02-10 00:18:57.610587,Tokyo-7442,8,69,Normal
2026-02-10 00:18:58.610587,Tokyo-7442,8,69,Normal
2026-02-10 00:18:59.610587,Tokyo-7442,-21,17,Normal
2026-02-10 00:19:00.610587,Tokyo-7442,4,32,Normal
2026-02-10 00:19:01.610587,Tokyo-7442,-3,2,Normal
2026-02-10 00:19:02.610587,Tokyo-7442,35,34,Normal
2026-02-10 00:19:03.610587,Tokyo-7442,-8,87,Normal
2026-02-10 00:19:04.610587,Tokyo-7442,-24,66,Normal
2026-02-10 00:19:05.610587,Tokyo-7442,46,90,Normal
2026-02-10 00:19:06.610587,Tokyo-7442,-7,85,Normal
2026-02-10 00:19:07.610587,Tokyo-7442,-6,55,Normal
2026-02-10 00:19:08.610587,Tokyo-7442,4,45,Normal
2026-02-10 00:19:09.610587,Tokyo-7442,48,95,Normal
2026-02-10 00:19:10.610587,Tokyo-7442,-9,78,Normal
2026-02-10 00:19:11.610587,Tokyo-7442,-1,20,Normal
2026-02-10 00:19:12.610587,Tokyo-7442,15,7,Normal
2026-02-10 00:19:13.610587,Tokyo-7442,-7,47,Normal
2026-02-10 00:19:14.610587,Tokyo-7442,44,73,Normal
2026-02-10 00:19:15.610587,Tokyo-7442,-25,23,Normal
2026-02-10 00:19:16.610587,Tokyo-7442,31,5,Normal
2026-02-10 00:19:17.610587,Tokyo-7442,22,24,Normal
2026-02-10 00:19:18.610587,Tokyo-7442,-25,67,Normal
2026-02-10 00:19:19.610587,Tokyo-7442,-17,55,Normal
2026-02-10 00:19:20.610587,Tokyo-7442,9,43,Normal
2026-02-10 00:19:21.610587,Tokyo-7442,-30,98,Normal
2026-02-10 00:19:22.610587,Tokyo-7442,21,13,Normal
2026-02-10 00:19:23.610587,Tokyo-7442,3,43,Normal
2026-02-10 00:19:24.610587,Tokyo-7442,7,61,Normal
2026-02-10 00:19:25.610587,Tokyo-7442,19,91,Normal
2026-02-10 00:19:26.610587,Tokyo-7442,46,24,Normal
2026-02-10 00:19:27.610587,Tokyo-7442,25,94,Normal
2026-02-10 00:19:28.610587,Tokyo-7442,23,17,Normal
2026-02-10 00:19:29.610587,Tokyo-7442,13,66,Normal
2026-02-10 00:19:30.610587,Tokyo-7442,20,89,Normal
2026-02-10 00:19:31.610587,Tokyo-7442,12,71,Normal
2026-02-10 00:19:32.610587,Tokyo-7442,20,88,Normal
2026-02-10 00:19:33.610587,Tokyo-7442,24,51,Normal
2026-02-10 00:19:34.610587,Tokyo-7442,-10,39,Normal
2026-02-10 00:19:35.610587,Tokyo-7442,15,65,Normal
2026-02-10 00:19:36.610587,Tokyo-7442,5,51,Normal
2026-02-10 00:19:37.610587,Tokyo-7442,-12,25,Normal
2026-02-10 00:19:38.610587,Tokyo-7442,-30,13,Normal
2026-02-10 00:19:39.610587,Tokyo-7442,-4,12,Normal
2026-02-10 00:19:40.610587,Tokyo-7442,40,12,Normal
2026-02-10 00:19:41.610587,Tokyo-7442,-1,88,Normal
2026-02-10 00:19:42.610587,Tokyo-7442,11,54,Normal
2026-02-10 00:19:43.610587,Tokyo-7442,11,97,Normal
2026-02-10 00:19:44.610587,Tokyo-7442,0,77,Normal
2026-02-10 00:19:45.610587,Tokyo-7442,31,29,Normal
2026-02-10 00:19:46.610587,Tokyo-7442,36,4,Normal
2026-02-10 00:19:47.610587,Tokyo-7442,15,17,Normal
2026-02-10 00:19:48.610587,Tokyo-7442,-5,59,Normal
2026-02-10 00:19:49.610587,Tokyo-7442,2,69,Normal
2026-02-10 00:19:50.610587,Tokyo-7442,-14,28,Normal
2026-02-10 00:19:51.610587,Tokyo-7442,34,89,Normal
2026-02-10 00:19:52.610587,Tokyo-7442,-4,16,Normal
2026-02-10 00:19:53.610587,Tokyo-7442,-20,45,Normal
2026-02-10 00:19:54.610587,Tokyo-7442,8,66,Normal
2026-02-10 00:19:55.610587,Tokyo-7442,26,87,Normal
2026-02-10 00:19:56.610587,Tokyo-7442,41,48,Normal
2026-02-10 00:19:57.610587,Tokyo-7442,-23,68,Normal
2026-02-10 00:19:58.610587,Tokyo-7442,16,33,Normal
2026-02-10 00:19:59.610587,Tokyo-7442,-1,87,Normal
2026-02-10 00:20:00.610587,Tokyo-7442,-21,12,Normal
2026-02-10 00:20:01.610587,Tokyo-7442,18,39,Normal
2026-02-10 00:20:02.610587,Tokyo-7442,25,32,Normal
2026-02-10 00:20:03.610587,Tokyo-7442,42,52,Normal
2026-02-10 00:20:04.610587,Tokyo-7442,0,67,Normal
2026-02-10 00:20:05.610587,Tokyo-7442,14,99,Normal
2026-02-10 00:20:06.610587,Tokyo-7442,-6,18,Normal
2026-02-10 00:20:07.610587,Tokyo-7442,7,59,Normal
2026-02-10 00:20:08.610587,Tokyo-7442,45,6,Normal
2026-02-10 00:20:09.610587,Tokyo-7442,15,10,Normal
2026-02-10 00:20:10.610587,Tokyo-7442,1,48,Normal
2026-02-10 00:20:11.610587,Tokyo-7442,-14,26,Normal
2026-02-10 00:20:12.610587,Tokyo-7442,50,81,Normal
2026-02-10 00:20:13.610587,Tokyo-7442,42,66,Normal
2026-02-10 00:20:14.610587,Tokyo-7442,32,12,Normal
2026-02-10 00:20:15.610587,Tokyo-7442,-26,68,Normal
2026-02-10 00:20:16.610587,Tokyo-7442,3,34,Normal
2026-02-10 00:20:17.610587,Tokyo-7442,-18,35,Normal
2026-02-10 00:20:18.610587,Tokyo-7442,28,70,Normal
2026-02-10 00:20:19.610587,Tokyo-7442,-16,9,Normal
2026-02-10 00:20:20.610587,Tokyo-7442,-12,16,Normal
2026-02-10 00:20:21.610587,Tokyo-7442,9,69,Normal
2026-02-10 00:20:22.610587,Tokyo-7442,2,11,Normal
2026-02-10 00:20:23.610587,Tokyo-7442,-16,82,Normal
2026-02-10 00:20:24.610587,Tokyo-7442,41,75,Normal
2026-02-10 00:20:25.610587,Tokyo-7442,-9,14,Normal
2026-02-10 00:20:26.610587,Tokyo-7442,20,1,Normal
2026-02-10 00:20:27.610587,Tokyo-7442,-22,35,Normal
2026-02-10 00:20:28.610587,Tokyo-7442,-20,54,Normal
2026-02-10 00:20:29.610587,Tokyo-7442,-1,74,Normal
2026-02-10 00:20:30.610587,Tokyo-7442,-20,87,Normal
2026-02-10 00:20:31.610587,Tokyo-7442,28,89,Normal
2026-02-10 00:20:32.610587,Tokyo-7442,50,55,Normal
2026-02-10 00:20:33.610587,Tokyo-7442,17,99,Normal
2026-02-10 00:20:34.610587,Tokyo-7442,29,45,Normal
2026-02-10 00:20:35.610587,Tokyo-7442,-25,59,Normal
2026-02-10 00:20:36.610587,Tokyo-7442,15,62,Normal
2026-02-10 00:20:37.610587,Tokyo-7442,-25,3,Normal
2026-02-10 00:20:38.610587,Tokyo-7442,41,29,Normal
2026-02-10 00:20:39.610587,Tokyo-7442,-29,45,Normal
2026-02-10 00:20:40.610587,Tokyo-7442,-4,11,Normal
2026-02-10 00:20:41.610587,Tokyo-7442,-26,58,Normal
2026-02-10 00:20:42.610587,Tokyo-7442,40,73,Normal
2026-02-10 00:20:43.610587,Tokyo-7442,49,4,Normal
2026-02-10 00:20:44.610587,Tokyo-7442,14,15,Normal
2026-02-10 00:20:45.610587,Tokyo-7442,32,14,Normal
2026-02-10 00:20:46.610587,Tokyo-7442,-16,66,Normal
2026-02-10 00:20:47.610587,Tokyo-7442,-14,45,Normal
2026-02-10 00:20:48.610587,Tokyo-7442,13,49,Normal
2026-02-10 00:20:49.610587,Tokyo-7442,43,66,Normal
2026-02-10 00:20:50.610587,Tokyo-7442,-18,33,Normal
2026-02-10 00:20:51.610587,Tokyo-7442,15,99,Normal
2026-02-10 00:20:52.610587,Tokyo-7442,34,37,Normal
2026-02-10 00:20:53.610587,Tokyo-7442,-25,86,Normal
2026-02-10 00:20:54.610587,Tokyo-7442,41,84,Normal
2026-02-10 00:20:55.610587,Tokyo-7442,4,91,Normal
2026-02-10 00:20:56.610587,Tokyo-7442,-22,78,Normal
2026-02-10 00:20:57.610587,Tokyo-7442,19,87,Normal
2026-02-10 00:20:58.610587,Tokyo-7442,-11,89,Normal
2026-02-10 00:20:59.610587,Tokyo-7442,47,88,Normal
2026-02-10 00:21:00.610587,Tokyo-7442,11,59,Normal
2026-02-10 00:21:01.610587,Tokyo-7442,20,83,Normal
2026-02-10 00:21:02.610587,Tokyo-7442,18,53,Normal
2026-02-10 00:21:03.610587,Tokyo-7442,-2,53,Normal
2026-02-10 00:21:04.610587,Tokyo-7442,-9,22,Normal
2026-02-10 00:21:05.610587,Tokyo-7442,-26,83,Normal
2026-02-10 00:21:06.610587,Tokyo-7442,12,79,Normal
2026-02-10 00:21:07.610587,Tokyo-7442,34,34,Normal
2026-02-10 00:21:08.610587,Tokyo-7442,32,6,Normal
2026-02-10 00:21:09.610587,Tokyo-7442,18,31,Normal
2026-02-10 00:21:10.610587,Tokyo-7442,48,53,Normal
2026-02-10 00:21:11.610587,Tokyo-7442,-7,4,Normal
2026-02-10 00:21:12.610587,Tokyo-7442,11,2,Normal
2026-02-10 00:21:13.610587,Tokyo-7442,0,91,Normal
2026-02-10 00:21:14.610587,Tokyo-7442,39,70,Normal
2026-02-10 00:21:15.610587,Tokyo-7442,-9,69,Normal
2026-02-10 00:21:16.610587,Tokyo-7442,11,18,Normal
2026-02-10 00:21:17.610587,Tokyo-7442,16,62,Normal
2026-02-10 00:21:18.610587,Tokyo-7442,49,15,Normal
2026-02-10 00:21:19.610587,Tokyo-7442,-21,43,Normal
2026-02-10 00:21:20.610587,Tokyo-7442,-3,100,Normal
2026-02-10 00:21:21.610587,Tokyo-7442,23,5,Normal
2026-02-10 00:21:22.610587,Tokyo-7442,29,23,Normal
2026-02-10 00:21:23.610587,Tokyo-7442,49,33,Normal
2026-02-10 00:21:24.610587,Tokyo-7442,31,44,Normal
2026-02-10 00:21:25.610587,Tokyo-7442,-10,82,Normal
2026-02-10 00:21:26.610587,Tokyo-7442,20,90,Normal
2026-02-10 00:21:27.610587,Tokyo-7442,32,2,Normal
2026-02-10 00:21:28.610587,Tokyo-7442,45,47,Normal
2026-02-10 00:21:29.610587,Tokyo-7442,-23,15,Normal
2026-02-10 00:21:30.610587,Tokyo-7442,-20,92,Normal
2026-02-10 00:21:31.610587,Tokyo-7442,-15,68,Normal
2026-02-10 00:21:32.610587,Tokyo-7442,21,87,Normal
2026-02-10 00:21:33.610587,Tokyo-7442,13,12,Normal
2026-02-10 00:21:34.610587,Tokyo-7442,18,32,Normal
2026-02-10 00:21:35.610587,Tokyo-7442,17,57,Normal
2026-02-10 00:21:36.610587,Tokyo-7442,45,20,Normal
2026-02-10 00:21:37.610587,Tokyo-7442,7,53,Normal
2026-02-10 00:21:38.610587,Tokyo-7442,15,58,Normal
2026-02-10 00:21:39.610587,Tokyo-7442,35,60,Normal
2026-02-10 00:21:40.610587,Tokyo-7442,47,88,Normal
2026-02-10 00:21:41.610587,Tokyo-7442,-4,8,Normal
2026-02-10 00:21:42.610587,Tokyo-7442,21,54,Normal
2026-02-10 00:21:43.610587,Tokyo-7442,-8,26,Normal
2026-02-10 00:21:44.610587,Tokyo-7442,-29,41,Normal
2026-02-10 00:21:45.610587,Tokyo-7442,21,50,Normal
2026-02-10 00:21:46.610587,Tokyo-7442,25,37,Normal
2026-02-10 00:21:47.610587,Tokyo-7442,45,30,Normal
2026-02-10 00:21:48.610587,Tokyo-7442,-30,24,Normal
2026-02-10 00:21:49.610587,Tokyo-7442,32,83,Normal
2026-02-10 00:21:50.610587,Tokyo-7442,-7,82,Normal
2026-02-10 00:21:51.610587,Tokyo-7442,7,27,Normal
2026-02-10 00:21:52.610587,Tokyo-7442,-22,65,Normal
2026-02-10 00:21:53.610587,Tokyo-7442,47,26,Normal
2026-02-10 00:21:54.610587,Tokyo-7442,16,56,Normal
2026-02-10 00:21:55.610587,Tokyo-7442,-11,59,Normal
2026-02-10 00:21:56.610587,Tokyo-7442,34,49,Normal
2026-02-10 00:21:57.610587,Tokyo-7442,0,13,Normal
2026-02-10 00:21:58.610587,Tokyo-7442,-21,13,Normal
2026-02-10 00:21:59.610587,Tokyo-7442,39,10,Normal
2026-02-10 00:22:00.610587,Tokyo-7442,27,17,Normal
2026-02-10 00:22:01.610587,Tokyo-7442,46,11,Normal
2026-02-10 00:22:02.610587,Tokyo-7442,-24,29,Normal
2026-02-10 00:22:03.610587,Tokyo-7442,-15,35,Normal
2026-02-10 00:22:04.610587,Tokyo-7442,-16,80,Normal
2026-02-10 00:22:05.610587,Tokyo-7442,14,24,Normal
2026-02-10 00:22:06.610587,Tokyo-7442,12,77,Normal
2026-02-10 00:22:07.610587,Tokyo-7442,10,66,Normal
2026-02-10 00:22:08.610587,Tokyo-7442,40,25,Normal
2026-02-10 00:22:09.610587,Tokyo-7442,4,91,Normal
2026-02-10 00:22:10.610587,Tokyo-7442,-25,23,Normal
2026-02-10 00:22:11.610587,Tokyo-7442,47,51,Normal
2026-02-10 00:22:12.610587,Tokyo-7442,-10,12,Normal
2026-02-10 00:22:13.610587,Tokyo-7442,19,93,Normal
2026-02-10 00:22:14.610587,Tokyo-7442,-2,37,Normal
2026-02-10 00:22:15.610587,Tokyo-7442,14,91,Normal
2026-02-10 00:22:16.610587,Tokyo-7442,4,31,Normal
2026-02-10 00:22:17.610587,Tokyo-7442,-4,73,Normal
2026-02-10 00:22:18.610587,Tokyo-7442,34,2,Normal
2026-02-10 00:22:19.610587,Tokyo-7442,27,63,Normal
2026-02-10 00:22:20.610587,Tokyo-7442,6,7,Normal
2026-02-10 00:22:21.610587,Tokyo-7442,-21,46,Normal
2026-02-10 00:22:22.610587,Tokyo-7442,-22,44,Normal
2026-02-10 00:22:23.610587,Tokyo-7442,-13,70,Normal
2026-02-10 00:22:24.610587,Tokyo-7442,-15,68,Normal
2026-02-10 00:22:25.610587,Tokyo-7442,35,51,Normal
2026-02-10 00:22:26.610587,Tokyo-7442,-21,46,Normal
2026-02-10 00:22:27.610587,Tokyo-7442,22,96,Normal
2026-02-10 00:22:28.610587,Tokyo-7442,19,10,Normal
2026-02-10 00:22:29.610587,Tokyo-7442,-28,100,Normal
2026-02-10 00:22:30.610587,Tokyo-7442,-26,33,Normal
2026-02-10 00:22:31.610587,Tokyo-7442,-26,81,Normal
2026-02-10 00:22:32.610587,Tokyo-7442,-14,37,Normal
2026-02-10 00:22:33.610587,Tokyo-7442,30,33,Normal
2026-02-10 00:22:34.610587,Tokyo-7442,5,12,Normal
2026-02-10 00:22:35.610587,Tokyo-7442,18,28,Normal
2026-02-10 00:22:36.610587,Tokyo-7442,5,19,Normal
2026-02-10 00:22:37.610587,Tokyo-7442,-8,12,Normal
2026-02-10 00:22:38.610587,Tokyo-7442,50,11,Normal
2026-02-10 00:22:39.610587,Tokyo-7442,22,18,Normal
2026-02-10 00:22:40.610587,Tokyo-7442,-24,9,Normal
2026-02-10 00:22:41.610587,Tokyo-7442,50,72,Normal
2026-02-10 00:22:42.610587,Tokyo-7442,-13,8,Normal
2026-02-10 00:22:43.610587,Tokyo-7442,33,24,Normal
2026-02-10 00:22:44.610587,Tokyo-7442,21,41,Normal
2026-02-10 00:22:45.610587,Tokyo-7442,-16,28,Normal
2026-02-10 00:22:46.610587,Tokyo-7442,-15,59,Normal
2026-02-10 00:22:47.610587,Tokyo-7442,42,92,Normal
2026-02-10 00:22:48.610587,Tokyo-7442,18,83,Normal
2026-02-10 00:22:49.610587,Tokyo-7442,30,2,Normal
2026-02-10 00:22:50.610587,Tokyo-7442,39,57,Normal
2026-02-10 00:22:51.610587,Tokyo-7442,-30,31,Normal
2026-02-10 00:22:52.610587,Tokyo-7442,-19,44,Normal
2026-02-10 00:22:53.610587,Tokyo-7442,43,9,Normal
2026-02-10 00:22:54.610587,Tokyo-7442,-2,11,Normal
2026-02-10 00:22:55.610587,Tokyo-7442,47,17,Normal
2026-02-10 00:22:56.610587,Tokyo-7442,35,6,Normal
2026-02-10 00:22:57.610587,Tokyo-7442,34,82,Normal
2026-02-10 00:22:58.610587,Tokyo-7442,25,60,Normal
2026-02-10 00:22:59.610587,Tokyo-7442,-22,52,Normal
2026-02-10 00:23:00.610587,Tokyo-7442,50,27,Normal
2026-02-10 00:23:01.610587,Tokyo-7442,-7,24,Normal
2026-02-10 00:23:02.610587,Tokyo-7442,28,44,Normal
2026-02-10 00:23:03.610587,Tokyo-7442,30,90,Normal
2026-02-10 00:23:04.610587,Tokyo-7442,7,54,Normal
2026-02-10 00:23:05.610587,Tokyo-7442,41,89,Normal
2026-02-10 00:23:06.610587,Tokyo-7442,26,76,Normal
2026-02-10 00:23:07.610587,Tokyo-7442,20,62,Normal
2026-02-10 00:23:08.610587,Tokyo-7442,50,91,Normal
2026-02-10 00:23:09.610587,Tokyo-7442,-25,92,Normal
2026-02-10 00:23:10.610587,Tokyo-7442,-4,35,Normal
2026-02-10 00:23:11.610587,Tokyo-7442,11,73,Normal
2026-02-10 00:23:12.610587,Tokyo-7442,-8,27,Normal
2026-02-10 00:23:13.610587,Tokyo-7442,-2,3,Normal
2026-02-10 00:23:14.610587,Tokyo-7442,32,42,Normal
2026-02-10 00:23:15.610587,Tokyo-7442,43,91,Normal
2026-02-10 00:23:16.610587,Tokyo-7442,14,13,Normal
2026-02-10 00:23:17.610587,Tokyo-7442,12,81,Normal
2026-02-10 00:23:18.610587,Tokyo-7442,34,28,Normal
2026-02-10 00:23:19.610587,Tokyo-7442,36,10,Normal
2026-02-10 00:23:20.610587,Tokyo-7442,28,71,Normal
2026-02-10 00:23:21.610587,Tokyo-7442,17,19,Normal
2026-02-10 00:23:22.610587,Tokyo-7442,26,5,Normal
2026-02-10 00:23:23.610587,Tokyo-7442,12,10,Normal
2026-02-10 00:23:24.610587,Tokyo-7442,0,33,Normal
2026-02-10 00:23:25.610587,Tokyo-7442,25,12,Normal
2026-02-10 00:23:26.610587,Tokyo-7442,-19,1,Normal
2026-02-10 00:23:27.610587,Tokyo-7442,14,1,Normal
2026-02-10 00:23:28.610587,Tokyo-7442,33,12,Normal
2026-02-10 00:23:29.610587,Tokyo-7442,45,39,Normal
2026-02-10 00:23:30.610587,Tokyo-7442,-26,3,Normal
2026-02-10 00:23:31.610587,Tokyo-7442,38,14,Normal
2026-02-10 00:23:32.610587,Tokyo-7442,29,37,Normal
2026-02-10 00:23:33.610587,Tokyo-7442,2,6,Normal
2026-02-10 00:23:34.610587,Tokyo-7442,-18,42,Normal
2026-02-10 00:23:35.610587,Tokyo-7442,30,49,Normal
2026-02-10 00:23:36.610587,Tokyo-7442,37,41,Normal
2026-02-10 00:23:37.610587,Tokyo-7442,12,80,Normal
2026-02-10 00:23:38.610587,Tokyo-7442,-21,89,Normal
2026-02-10 00:23:39.610587,Tokyo-7442,-10,72,Normal
2026-02-10 00:23:40.610587,Tokyo-7442,18,42,Normal
2026-02-10 00:23:41.610587,Tokyo-7442,37,86,Normal
2026-02-10 00:23:42.610587,Tokyo-7442,17,33,Normal
2026-02-10 00:23:43.610587,Tokyo-7442,16,12,Normal
2026-02-10 00:23:44.610587,Tokyo-7442,37,92,Normal
2026-02-10 00:23:45.610587,Tokyo-7442,4,89,Normal
2026-02-10 00:23:46.610587,Tokyo-7442,-21,76,Normal
2026-02-10 00:23:47.610587,Tokyo-7442,-26,48,Normal
2026-02-10 00:23:48.610587,Tokyo-7442,10,50,Normal
2026-02-10 00:23:49.610587,Tokyo-7442,1,66,Normal
2026-02-10 00:23:50.610587,Tokyo-7442,-15,52,Normal
2026-02-10 00:23:51.610587,Tokyo-7442,-14,96,Normal
2026-02-10 00:23:52.610587,Tokyo-7442,-12,10,Normal
2026-02-10 00:23:53.610587,Tokyo-7442,3,58,Normal
2026-02-10 00:23:54.610587,Tokyo-7442,-10,16,Normal
2026-02-10 00:23:55.610587,Tokyo-7442,48,40,Normal
2026-02-10 00:23:56.610587,Tokyo-7442,22,75,Normal
2026-02-10 00:23:57.610587,Tokyo-7442,0,44,Normal
2026-02-10 00:23:58.610587,Tokyo-7442,-20,38,Normal
2026-02-10 00:23:59.610587,Tokyo-7442,-2,36,Normal
2026-02-10 00:24:00.610587,Tokyo-7442,-8,37,Normal
2026-02-10 00:24:01.610587,Tokyo-7442,26,27,Normal
2026-02-10 00:24:02.610587,Tokyo-7442,-18,61,Normal
2026-02-10 00:24:03.610587,Tokyo-7442,20,70,Normal
2026-02-10 00:24:04.610587,Tokyo-7442,-16,55,Normal
2026-02-10 00:24:05.610587,Tokyo-7442,1,31,Normal
2026-02-10 00:24:06.610587,Tokyo-7442,-18,65,Normal
2026-02-10 00:24:07.610587,Tokyo-7442,19,40,Normal
2026-02-10 00:24:08.610587,Tokyo-7442,24,19,Normal
2026-02-10 00:24:09.610587,Tokyo-7442,-30,81,Normal
2026-02-10 00:24:10.610587,Tokyo-7442,29,62,Normal
2026-02-10 00:24:11.610587,Tokyo-7442,35,37,Normal
2026-02-10 00:24:12.610587,Tokyo-7442,20,97,Normal
2026-02-10 00:24:13.610587,Tokyo-7442,9,78,Normal
2026-02-10 00:24:14.610587,Tokyo-7442,47,38,Normal
2026-02-10 00:24:15.610587,Tokyo-7442,36,38,Normal
2026-02-10 00:24:16.610587,Tokyo-7442,-20,39,Normal
2026-02-10 00:24:17.610587,Tokyo-7442,49,56,Normal
2026-02-10 00:24:18.610587,Tokyo-7442,-20,66,Normal
2026-02-10 00:24:19.610587,Tokyo-7442,38,63,Normal
2026-02-10 00:24:20.610587,Tokyo-7442,21,73,Normal
2026-02-10 00:24:21.610587,Tokyo-7442,29,98,Normal
2026-02-10 00:24:22.610587,Tokyo-7442,13,35,Normal
2026-02-10 00:24:23.610587,Tokyo-7442,-26,25,Normal
2026-02-10 00:24:24.610587,Tokyo-7442,27,93,Normal
2026-02-10 00:24:25.610587,Tokyo-7442,39,87,Normal
2026-02-10 00:24:26.610587,Tokyo-7442,27,98,Normal
2026-02-10 00:24:27.610587,Tokyo-7442,-18,35,Normal
2026-02-10 00:24:28.610587,Tokyo-7442,46,19,Normal
2026-02-10 00:24:29.610587,Tokyo-7442,-16,89,Normal
2026-02-10 00:24:30.610587,Tokyo-7442,39,95,Normal
2026-02-10 00:24:31.610587,Tokyo-7442,14,95,Normal
2026-02-10 00:24:32.610587,Tokyo-7442,7,100,Normal
2026-02-10 00:24:33.610587,Tokyo-7442,2,50,Normal
2026-02-10 00:24:34.610587,Tokyo-7442,49,43,Normal
2026-02-10 00:24:35.610587,Tokyo-7442,-27,50,Normal
2026-02-10 00:24:36.610587,Tokyo-7442,48,12,Normal
2026-02-10 00:24:37.610587,Tokyo-7442,13,83,Normal
2026-02-10 00:24:38.610587,Tokyo-7442,-18,57,Normal
2026-02-10 00:24:39.610587,Tokyo-7442,-3,49,Normal
2026-02-10 00:24:40.610587,Tokyo-7442,13,57,Normal
2026-02-10 00:24:41.610587,Tokyo-7442,32,72,Normal
2026-02-10 00:24:42.610587,Tokyo-7442,33,35,Normal
2026-02-10 00:24:43.610587,Tokyo-7442,34,53,Normal
2026-02-10 00:24:44.610587,Tokyo-7442,16,43,Normal
2026-02-10 00:24:45.610587,Tokyo-7442,34,21,Normal
2026-02-10 00:24:46.610587,Tokyo-7442,3,14,Normal
2026-02-10 00:24:47.610587,Tokyo-7442,5,72,Normal
2026-02-10 00:24:48.610587,Tokyo-7442,41,7,Normal
2026-02-10 00:24:49.610587,Tokyo-7442,-20,31,Normal
2026-02-10 00:24:50.610587,Tokyo-7442,-15,16,Normal
2026-02-10 00:24:51.610587,Tokyo-7442,9,42,Normal
2026-02-10 00:24:52.610587,Tokyo-7442,-25,57,Normal
2026-02-10 00:24:53.610587,Tokyo-7442,23,64,Normal
2026-02-10 00:24:54.610587,Tokyo-7442,31,2,Normal
2026-02-10 00:24:55.610587,Tokyo-7442,0,94,Normal
2026-02-10 00:24:56.610587,Tokyo-7442,39,3,Normal
2026-02-10 00:24:57.610587,Tokyo-7442,7,84,Normal
2026-02-10 00:24:58.610587,Tokyo-7442,15,61,Normal
2026-02-10 00:24:59.610587,Tokyo-7442,-29,69,Normal
2026-02-10 00:25:00.610587,Tokyo-7442,43,37,Normal
2026-02-10 00:25:01.610587,Tokyo-7442,3,65,Normal
2026-02-10 00:25:02.610587,Tokyo-7442,21,56,Normal
2026-02-10 00:25:03.610587,Tokyo-7442,12,60,Normal
2026-02-10 00:25:04.610587,Tokyo-7442,13,97,Normal
2026-02-10 00:25:05.610587,Tokyo-7442,31,63,Normal
2026-02-10 00:25:06.610587,Tokyo-7442,13,38,Normal
2026-02-10 00:25:07.610587,Tokyo-7442,46,49,Normal
2026-02-10 00:25:08.610587,Tokyo-7442,-26,76,Normal
2026-02-10 00:25:09.610587,Tokyo-7442,33,28,Normal
2026-02-10 00:25:10.610587,Tokyo-7442,-16,56,Normal
2026-02-10 00:25:11.610587,Tokyo-7442,14,57,Normal
2026-02-10 00:25:12.610587,Tokyo-7442,30,15,Normal
2026-02-10 00:25:13.610587,Tokyo-7442,-17,72,Normal
2026-02-10 00:25:14.610587,Tokyo-7442,18,55,Normal
2026-02-10 00:25:15.610587,Tokyo-7442,-19,28,Normal
2026-02-10 00:25:16.610587,Tokyo-7442,-30,28,Normal
2026-02-10 00:25:17.610587,Tokyo-7442,12,6,Normal
2026-02-10 00:25:18.610587,Tokyo-7442,45,71,Normal
2026-02-10 00:25:19.610587,Tokyo-7442,-15,5,Normal
2026-02-10 00:25:20.610587,Tokyo-7442,-6,20,Normal
2026-02-10 00:25:21.610587,Tokyo-7442,16,60,Normal
2026-02-10 00:25:22.610587,Tokyo-7442,32,70,Normal
2026-02-10 00:25:23.610587,Tokyo-7442,-30,69,Normal
2026-02-10 00:25:24.610587,Tokyo-7442,50,91,Normal
2026-02-10 00:25:25.610587,Tokyo-7442,6,15,Normal
2026-02-10 00:25:26.610587,Tokyo-7442,-24,70,Normal
2026-02-10 00:25:27.610587,Tokyo-7442,37,83,Normal
2026-02-10 00:25:28.610587,Tokyo-7442,15,44,Normal
2026-02-10 00:25:29.610587,Tokyo-7442,37,99,Normal
2026-02-10 00:25:30.610587,Tokyo-7442,11,18,Normal
2026-02-10 00:25:31.610587,Tokyo-7442,-2,47,Normal
2026-02-10 00:25:32.610587,Tokyo-7442,-22,1,Normal
2026-02-10 00:25:33.610587,Tokyo-7442,-11,19,Normal
2026-02-10 00:25:34.610587,Tokyo-7442,-9,14,Normal
2026-02-10 00:25:35.610587,Tokyo-7442,-14,46,Normal
2026-02-10 00:25:36.610587,Tokyo-7442,43,86,Normal
2026-02-10 00:25:37.610587,Tokyo-7442,-18,1,Normal
2026-02-10 00:25:38.610587,Tokyo-7442,-4,74,Normal
2026-02-10 00:25:39.610587,Tokyo-7442,39,55,Normal
2026-02-10 00:25:40.610587,Tokyo-7442,34,53,Normal
2026-02-10 00:25:41.610587,Tokyo-7442,-23,82,Normal
2026-02-10 00:25:42.610587,Tokyo-7442,44,63,Normal
2026-02-10 00:25:43.610587,Tokyo-7442,-30,72,Normal
2026-02-10 00:25:44.610587,Tokyo-7442,19,60,Normal
2026-02-10 00:25:45.610587,Tokyo-7442,3,61,Normal
2026-02-10 00:25:46.610587,Tokyo-7442,-30,7,Normal
2026-02-10 00:25:47.610587,Tokyo-7442,47,98,Normal
2026-02-10 00:25:48.610587,Tokyo-7442,18,38,Normal
2026-02-10 00:25:49.610587,Tokyo-7442,47,91,Normal
2026-02-10 00:25:50.610587,Tokyo-7442,42,89,Normal
2026-02-10 00:25:51.610587,Tokyo-7442,14,98,Normal
2026-02-10 00:25:52.610587,Tokyo-7442,13,57,Normal
2026-02-10 00:25:53.610587,Tokyo-7442,-19,42,Normal
2026-02-10 00:25:54.610587,Tokyo-7442,-23,60,Normal
2026-02-10 00:25:55.610587,Tokyo-7442,-17,34,Normal
2026-02-10 00:25:56.610587,Tokyo-7442,13,71,Normal
2026-02-10 00:25:57.610587,Tokyo-7442,29,99,Normal
2026-02-10 00:25:58.610587,Tokyo-7442,2,4,Normal
2026-02-10 00:25:59.610587,Tokyo-7442,-11,1,Normal
2026-02-10 00:26:00.610587,Tokyo-7442,22,85,Normal
2026-02-10 00:26:01.610587,Tokyo-7442,20,32,Normal
2026-02-10 00:26:02.610587,Tokyo-7442,-3,50,Normal
2026-02-10 00:26:03.610587,Tokyo-7442,41,56,Normal
2026-02-10 00:26:04.610587,Tokyo-7442,-2,84,Normal
2026-02-10 00:26:05.610587,Tokyo-7442,2,86,Normal
2026-02-10 00:26:06.610587,Tokyo-7442,24,68,Normal
2026-02-10 00:26:07.610587,Tokyo-7442,15,48,Normal
2026-02-10 00:26:08.610587,Tokyo-7442,29,35,Normal
2026-02-10 00:26:09.610587,Tokyo-7442,11,50,Normal
2026-02-10 00:26:10.610587,Tokyo-7442,-28,69,Normal
2026-02-10 00:26:11.610587,Tokyo-7442,34,49,Normal
2026-02-10 00:26:12.610587,Tokyo-7442,31,17,Normal
2026-02-10 00:26:13.610587,Tokyo-7442,-20,28,Normal
2026-02-10 00:26:14.610587,Tokyo-7442,15,27,Normal
2026-02-10 00:26:15.610587,Tokyo-7442,-19,4,Normal
2026-02-10 00:26:16.610587,Tokyo-7442,27,86,Normal
2026-02-10 00:26:17.610587,Tokyo-7442,-6,84,Normal
2026-02-10 00:26:18.610587,Tokyo-7442,46,35,Normal
2026-02-10 00:26:19.610587,Tokyo-7442,20,65,Normal
2026-02-10 00:26:20.610587,Tokyo-7442,13,28,Normal
2026-02-10 00:26:21.610587,Tokyo-7442,20,47,Normal
2026-02-10 00:26:22.610587,Tokyo-7442,30,43,Normal
2026-02-10 00:26:23.610587,Tokyo-7442,9,61,Normal
2026-02-10 00:26:24.610587,Tokyo-7442,12,29,Normal
2026-02-10 00:26:25.610587,Tokyo-7442,-29,93,Normal
2026-02-10 00:26:26.610587,Tokyo-7442,-29,2,Normal
2026-02-10 00:26:27.610587,Tokyo-7442,-5,30,Normal
2026-02-10 00:26:28.610587,Tokyo-7442,50,82,Normal
2026-02-10 00:26:29.610587,Tokyo-7442,31,30,Normal
2026-02-10 00:26:30.610587,Tokyo-7442,33,4,Normal
2026-02-10 00:26:31.610587,Tokyo-7442,21,56,Normal
2026-02-10 00:26:32.610587,Tokyo-7442,-28,99,Normal
2026-02-10 00:26:33.610587,Tokyo-7442,-21,49,Normal
2026-02-10 00:26:34.610587,Tokyo-7442,-17,54,Normal
2026-02-10 00:26:35.610587,Tokyo-7442,35,12,Normal
2026-02-10 00:26:36.610587,Tokyo-7442,-3,56,Normal
2026-02-10 00:26:37.610587,Tokyo-7442,-13,44,Normal
2026-02-10 00:26:38.610587,Tokyo-7442,15,4,Normal
2026-02-10 00:26:39.610587,Tokyo-7442,5,13,Normal
2026-02-10 00:26:40.610587,Tokyo-7442,33,94,Normal
2026-02-10 00:26:41.610587,Tokyo-7442,26,86,Normal
2026-02-10 00:26:42.610587,Tokyo-7442,37,80,Normal
2026-02-10 00:26:43.610587,Tokyo-7442,9,62,Normal
2026-02-10 00:26:44.610587,Tokyo-7442,29,81,Normal
2026-02-10 00:26:45.610587,Tokyo-7442,-12,15,Normal
2026-02-10 00:26:46.610587,Tokyo-7442,-6,95,Normal
2026-02-10 00:26:47.610587,Tokyo-7442,-9,16,Normal
2026-02-10 00:26:48.610587,Tokyo-7442,8,36,Normal
2026-02-10 00:26:49.610587,Tokyo-7442,15,59,Normal
2026-02-10 00:26:50.610587,Tokyo-7442,14,22,Normal
2026-02-10 00:26:51.610587,Tokyo-7442,36,69,Normal
2026-02-10 00:26:52.610587,Tokyo-7442,-30,22,Normal
2026-02-10 00:26:53.610587,Tokyo-7442,3,59,Normal
2026-02-10 00:26:54.610587,Tokyo-7442,-1,45,Normal
2026-02-10 00:26:55.610587,Tokyo-7442,5,22,Normal
2026-02-10 00:26:56.610587,Tokyo-7442,47,55,Normal
2026-02-10 00:26:57.610587,Tokyo-7442,-24,85,Normal
2026-02-10 00:26:58.610587,Tokyo-7442,-19,61,Normal
2026-02-10 00:26:59.610587,Tokyo-7442,21,38,Normal
2026-02-10 00:27:00.610587,Tokyo-7442,21,48,Normal
2026-02-10 00:27:01.610587,Tokyo-7442,-20,28,Normal
2026-02-10 00:27:02.610587,Tokyo-7442,47,32,Normal
2026-02-10 00:27:03.610587,Tokyo-7442,24,85,Normal
2026-02-10 00:27:04.610587,Tokyo-7442,-16,62,Normal
2026-02-10 00:27:05.610587,Tokyo-7442,40,69,Normal
2026-02-10 00:27:06.610587,Tokyo-7442,21,80,Normal
2026-02-10 00:27:07.610587,Tokyo-7442,-24,35,Normal
2026-02-10 00:27:08.610587,Tokyo-7442,49,27,Normal
2026-02-10 00:27:09.610587,Tokyo-7442,5,72,Normal
2026-02-10 00:27:10.610587,Tokyo-7442,32,14,Normal
2026-02-10 00:27:11.610587,Tokyo-7442,37,53,Normal
2026-02-10 00:27:12.610587,Tokyo-7442,19,69,Normal
2026-02-10 00:27:13.610587,Tokyo-7442,26,1,Normal
2026-02-10 00:27:14.610587,Tokyo-7442,-1,59,Normal
2026-02-10 00:27:15.610587,Tokyo-7442,9,85,Normal
2026-02-10 00:27:16.610587,Tokyo-7442,8,22,Normal
2026-02-10 00:27:17.610587,Tokyo-7442,-29,78,Normal
2026-02-10 00:27:18.610587,Tokyo-7442,47,60,Normal
2026-02-10 00:27:19.610587,Tokyo-7442,27,39,Normal
2026-02-10 00:27:20.610587,Tokyo-7442,-12,82,Normal
2026-02-10 00:27:21.610587,Tokyo-7442,23,66,Normal
2026-02-10 00:27:22.610587,Tokyo-7442,30,32,Normal
2026-02-10 00:27:23.610587,Tokyo-7442,-16,70,Normal
2026-02-10 00:27:24.610587,Tokyo-7442,0,82,Normal
2026-02-10 00:27:25.610587,Tokyo-7442,-8,83,Normal
2026-02-10 00:27:26.610587,Tokyo-7442,8,26,Normal
2026-02-10 00:27:27.610587,Tokyo-7442,16,35,Normal
2026-02-10 00:27:28.610587,Tokyo-7442,31,37,Normal
2026-02-10 00:27:29.610587,Tokyo-7442,26,20,Normal
2026-02-10 00:27:30.610587,Tokyo-7442,42,72,Normal
2026-02-10 00:27:31.610587,Tokyo-7442,-1,39,Normal
2026-02-10 00:27:32.610587,Tokyo-7442,-12,4,Normal
2026-02-10 00:27:33.610587,Tokyo-7442,-16,5,Normal
2026-02-10 00:27:34.610587,Tokyo-7442,-6,57,Normal
2026-02-10 00:27:35.610587,Tokyo-7442,-16,58,Normal
2026-02-10 00:27:36.610587,Tokyo-7442,33,51,Normal
2026-02-10 00:27:37.610587,Tokyo-7442,28,40,Normal
2026-02-10 00:27:38.610587,Tokyo-7442,-23,10,Normal
2026-02-10 00:27:39.610587,Tokyo-7442,32,54,Normal
2026-02-10 00:27:40.610587,Tokyo-7442,47,86,Normal
2026-02-10 00:27:41.610587,Tokyo-7442,31,4,Normal
2026-02-10 00:27:42.610587,Tokyo-7442,-28,8,Normal
2026-02-10 00:27:43.610587,Tokyo-7442,6,85,Normal
2026-02-10 00:27:44.610587,Tokyo-7442,-7,4,Normal
2026-02-10 00:27:45.610587,Tokyo-7442,44,6,Normal
2026-02-10 00:27:46.610587,Tokyo-7442,44,98,Normal
2026-02-10 00:27:47.610587,Tokyo-7442,31,14,Normal
2026-02-10 00:27:48.610587,Tokyo-7442,-10,21,Normal
2026-02-10 00:27:49.610587,Tokyo-7442,-19,38,Normal
2026-02-10 00:27:50.610587,Tokyo-7442,-15,53,Normal
2026-02-10 00:27:51.610587,Tokyo-7442,12,68,Normal
2026-02-10 00:27:52.610587,Tokyo-7442,-22,31,Normal
2026-02-10 00:27:53.610587,Tokyo-7442,15,41,Normal
2026-02-10 00:27:54.610587,Tokyo-7442,16,42,Normal
2026-02-10 00:27:55.610587,Tokyo-7442,-6,36,Normal
2026-02-10 00:27:56.610587,Tokyo-7442,-19,40,Normal
2026-02-10 00:27:57.610587,Tokyo-7442,40,8,Normal
2026-02-10 00:27:58.610587,Tokyo-7442,42,63,Normal
2026-02-10 00:27:59.610587,Tokyo-7442,27,21,Normal
2026-02-10 00:28:00.610587,Tokyo-7442,49,25,Normal
2026-02-10 00:28:01.610587,Tokyo-7442,38,4,Normal
2026-02-10 00:28:02.610587,Tokyo-7442,-24,27,Normal
2026-02-10 00:28:03.610587,Tokyo-7442,22,45,Normal
2026-02-10 00:28:04.610587,Tokyo-7442,-12,91,Normal
2026-02-10 00:28:05.610587,Tokyo-7442,8,11,Normal
2026-02-10 00:28:06.610587,Tokyo-7442,35,75,Normal
2026-02-10 00:28:07.610587,Tokyo-7442,49,48,Normal
2026-02-10 00:28:08.610587,Tokyo-7442,-16,94,Normal
2026-02-10 00:28:09.610587,Tokyo-7442,0,29,Normal
2026-02-10 00:28:10.610587,Tokyo-7442,28,56,Normal
2026-02-10 00:28:11.610587,Tokyo-7442,32,17,Normal
2026-02-10 00:28:12.610587,Tokyo-7442,13,91,Normal
2026-02-10 00:28:13.610587,Tokyo-7442,27,19,Normal
2026-02-10 00:28:14.610587,Tokyo-7442,-3,88,Normal
2026-02-10 00:28:15.610587,Tokyo-7442,3,91,Normal
2026-02-10 00:28:16.610587,Tokyo-7442,10,86,Normal
2026-02-10 00:28:17.610587,Tokyo-7442,32,33,Normal
2026-02-10 00:28:18.610587,Tokyo-7442,-24,94,Normal
2026-02-10 00:28:19.610587,Tokyo-7442,14,54,Normal
2026-02-10 00:28:20.610587,Tokyo-7442,26,56,Normal
2026-02-10 00:28:21.610587,Tokyo-7442,-7,71,Normal
2026-02-10 00:28:22.610587,Tokyo-7442,26,28,Normal
2026-02-10 00:28:23.610587,Tokyo-7442,27,12,Normal
2026-02-10 00:28:24.610587,Tokyo-7442,46,38,Normal
2026-02-10 00:28:25.610587,Tokyo-7442,46,89,Normal
2026-02-10 00:28:26.610587,Tokyo-7442,-16,5,Normal
2026-02-10 00:28:27.610587,Tokyo-7442,-16,43,Normal
2026-02-10 00:28:28.610587,Tokyo-7442,-1,24,Normal
2026-02-10 00:28:29.610587,Tokyo-7442,12,24,Normal
2026-02-10 00:28:30.610587,Tokyo-7442,2,17,Normal
2026-02-10 00:28:31.610587,Tokyo-7442,-27,31,Normal
2026-02-10 00:28:32.610587,Tokyo-7442,-20,88,Normal
2026-02-10 00:28:33.610587,Tokyo-7442,42,42,Normal
2026-02-10 00:28:34.610587,Tokyo-7442,41,50,Normal
2026-02-10 00:28:35.610587,Tokyo-7442,-14,44,Normal
2026-02-10 00:28:36.610587,Tokyo-7442,28,39,Normal
2026-02-10 00:28:37.610587,Tokyo-7442,-10,38,Normal
2026-02-10 00:28:38.610587,Tokyo-7442,-8,94,Normal
2026-02-10 00:28:39.610587,Tokyo-7442,27,15,Normal
2026-02-10 00:28:40.610587,Tokyo-7442,40,86,Normal
2026-02-10 00:28:41.610587,Tokyo-7442,21,18,Normal
2026-02-10 00:28:42.610587,Tokyo-7442,11,22,Normal
2026-02-10 00:28:43.610587,Tokyo-7442,30,11,Normal
2026-02-10 00:28:44.610587,Tokyo-7442,50,52,Normal
2026-02-10 00:28:45.610587,Tokyo-7442,4,23,Normal
2026-02-10 00:28:46.610587,Tokyo-7442,18,6,Normal
2026-02-10 00:28:47.610587,Tokyo-7442,45,4,Normal
2026-02-10 00:28:48.610587,Tokyo-7442,-29,54,Normal
2026-02-10 00:28:49.610587,Tokyo-7442,-24,52,Normal
2026-02-10 00:28:50.610587,Tokyo-7442,1,81,Normal
2026-02-10 00:28:51.610587,Tokyo-7442,33,11,Normal
2026-02-10 00:28:52.610587,Tokyo-7442,36,46,Normal
2026-02-10 00:28:53.610587,Tokyo-7442,-15,22,Normal
2026-02-10 00:28:54.610587,Tokyo-7442,22,67,Normal
2026-02-10 00:28:55.610587,Tokyo-7442,43,12,Normal
2026-02-10 00:28:56.610587,Tokyo-7442,-16,71,Normal
2026-02-10 00:28:57.610587,Tokyo-7442,-6,12,Normal
2026-02-10 00:28:58.610587,Tokyo-7442,-11,37,Normal
2026-02-10 00:28:59.610587,Tokyo-7442,-24,85,Normal
2026-02-10 00:29:00.610587,Tokyo-7442,-16,58,Normal
2026-02-10 00:29:01.610587,Tokyo-7442,-9,20,Normal
2026-02-10 00:29:02.610587,Tokyo-7442,10,82,Normal
2026-02-10 00:29:03.610587,Tokyo-7442,-23,39,Normal
2026-02-10 00:29:04.610587,Tokyo-7442,-26,16,Normal
2026-02-10 00:29:05.610587,Tokyo-7442,-4,49,Normal
2026-02-10 00:29:06.610587,Tokyo-7442,46,96,Normal
2026-02-10 00:29:07.610587,Tokyo-7442,50,15,Normal
2026-02-10 00:29:08.610587,Tokyo-7442,25,2,Normal
2026-02-10 00:29:09.610587,Tokyo-7442,21,24,Normal
2026-02-10 00:29:10.610587,Tokyo-7442,45,91,Normal
2026-02-10 00:29:11.610587,Tokyo-7442,-23,21,Normal
2026-02-10 00:29:12.610587,Tokyo-7442,29,89,Normal
2026-02-10 00:29:13.610587,Tokyo-7442,46,45,Normal
2026-02-10 00:29:14.610587,Tokyo-7442,37,26,Normal
2026-02-10 00:29:15.610587,Tokyo-7442,-11,30,Normal
2026-02-10 00:29:16.610587,Tokyo-7442,38,23,Normal
2026-02-10 00:29:17.610587,Tokyo-7442,-18,46,Normal
2026-02-10 00:29:18.610587,Tokyo-7442,50,88,Normal
2026-02-10 00:29:19.610587,Tokyo-7442,-22,82,Normal
2026-02-10 00:29:20.610587,Tokyo-7442,28,72,Normal
2026-02-10 00:29:21.610587,Tokyo-7442,37,59,Normal
2026-02-10 00:29:22.610587,Tokyo-7442,-29,51,Normal
2026-02-10 00:29:23.610587,Tokyo-7442,29,100,Normal
2026-02-10 00:29:24.610587,Tokyo-7442,40,85,Normal
2026-02-10 00:29:25.610587,Tokyo-7442,-28,22,Normal
2026-02-10 00:29:26.610587,Tokyo-7442,40,37,Normal
2026-02-10 00:29:27.610587,Tokyo-7442,41,99,Normal
2026-02-10 00:29:28.610587,Tokyo-7442,17,17,Normal
2026-02-10 00:29:29.610587,Tokyo-7442,-5,25,Normal
2026-02-10 00:29:30.610587,Tokyo-7442,40,100,Normal
2026-02-10 00:29:31.610587,Tokyo-7442,-26,76,Normal
2026-02-10 00:29:32.610587,Tokyo-7442,-21,3,Normal
2026-02-10 00:29:33.610587,Tokyo-7442,11,35,Normal
2026-02-10 00:29:34.610587,Tokyo-7442,4,11,Normal
2026-02-10 00:29:35.610587,Tokyo-7442,14,10,Normal
2026-02-10 00:29:36.610587,Tokyo-7442,-30,4,Normal
2026-02-10 00:29:37.610587,Tokyo-7442,-24,53,Normal
2026-02-10 00:29:38.610587,Tokyo-7442,37,77,Normal
2026-02-10 00:29:39.610587,Tokyo-7442,30,24,Normal
2026-02-10 00:29:40.610587,Tokyo-7442,17,16,Normal
2026-02-10 00:29:41.610587,Tokyo-7442,0,90,Normal
2026-02-10 00:29:42.610587,Tokyo-7442,-30,48,Normal
2026-02-10 00:29:43.610587,Tokyo-7442,-7,33,Normal
2026-02-10 00:29:44.610587,Tokyo-7442,24,19,Normal
2026-02-10 00:29:45.610587,Tokyo-7442,33,50,Normal
2026-02-10 00:29:46.610587,Tokyo-7442,-20,30,Normal
2026-02-10 00:29:47.610587,Tokyo-7442,46,23,Normal
2026-02-10 00:29:48.610587,Tokyo-7442,-19,51,Normal
2026-02-10 00:29:49.610587,Tokyo-7442,36,70,Normal
2026-02-10 00:29:50.610587,Tokyo-7442,36,20,Normal
2026-02-10 00:29:51.610587,Tokyo-7442,38,9,Normal
2026-02-10 00:29:52.610587,Tokyo-7442,0,91,Normal
2026-02-10 00:29:53.610587,Tokyo-7442,6,67,Normal
2026-02-10 00:29:54.610587,Tokyo-7442,40,80,Normal
2026-02-10 00:29:55.610587,Tokyo-7442,8,49,Normal
2026-02-10 00:29:56.610587,Tokyo-7442,14,26,Normal
2026-02-10 00:29:57.610587,Tokyo-7442,26,89,Normal
2026-02-10 00:29:58.610587,Tokyo-7442,1,80,Normal
2026-02-10 00:29:59.610587,Tokyo-7442,-16,40,Normal
2026-02-10 00:30:00.610587,Tokyo-7442,9,26,Normal
2026-02-10 00:30:01.610587,Tokyo-7442,-7,26,Normal
2026-02-10 00:30:02.610587,Tokyo-7442,30,70,Normal
2026-02-10 00:30:03.610587,Tokyo-7442,14,46,Normal
2026-02-10 00:30:04.610587,Tokyo-7442,1,58,Normal
2026-02-10 00:30:05.610587,Tokyo-7442,15,72,Normal
2026-02-10 00:30:06.610587,Tokyo-7442,38,2,Normal
2026-02-10 00:30:07.610587,Tokyo-7442,31,47,Normal
2026-02-10 00:30:08.610587,Tokyo-7442,-14,66,Normal
2026-02-10 00:30:09.610587,Tokyo-7442,30,61,Normal
2026-02-10 00:30:10.610587,Tokyo-7442,13,53,Normal
2026-02-10 00:30:11.610587,Tokyo-7442,-19,57,Normal
2026-02-10 00:30:12.610587,Tokyo-7442,34,70,Normal
2026-02-10 00:30:13.610587,Tokyo-7442,16,31,Normal
2026-02-10 00:30:14.610587,Tokyo-7442,38,43,Normal
2026-02-10 00:30:15.610587,Tokyo-7442,18,71,Normal
2026-02-10 00:30:16.610587,Tokyo-7442,12,94,Normal
2026-02-10 00:30:17.610587,Tokyo-7442,39,13,Normal
2026-02-10 00:30:18.610587,Tokyo-7442,13,17,Normal
2026-02-10 00:30:19.610587,Tokyo-7442,-22,41,Normal
2026-02-10 00:30:20.610587,Tokyo-7442,-20,30,Normal
2026-02-10 00:30:21.610587,Tokyo-7442,26,68,Normal
2026-02-10 00:30:22.610587,Tokyo-7442,-8,10,Normal
2026-02-10 00:30:23.610587,Tokyo-7442,26,60,Normal
2026-02-10 00:30:24.610587,Tokyo-7442,28,62,Normal
2026-02-10 00:30:25.610587,Tokyo-7442,20,0,Normal
2026-02-10 00:30:26.610587,Tokyo-7442,13,66,Normal
2026-02-10 00:30:27.610587,Tokyo-7442,39,94,Normal
2026-02-10 00:30:28.610587,Tokyo-7442,24,51,Normal
2026-02-10 00:30:29.610587,Tokyo-7442,-16,56,Normal
2026-02-10 00:30:30.610587,Tokyo-7442,-19,71,Normal
2026-02-10 00:30:31.610587,Tokyo-7442,15,4,Normal
2026-02-10 00:30:32.610587,Tokyo-7442,34,65,Normal
2026-02-10 00:30:33.610587,Tokyo-7442,-9,40,Normal
2026-02-10 00:30:34.610587,Tokyo-7442,27,78,Normal
2026-02-10 00:30:35.610587,Tokyo-7442,9,87,Normal
2026-02-10 00:30:36.610587,Tokyo-7442,44,36,Normal
2026-02-10 00:30:37.610587,Tokyo-7442,23,58,Normal
2026-02-10 00:30:38.610587,Tokyo-7442,37,20,Normal
2026-02-10 00:30:39.610587,Tokyo-7442,36,18,Normal
2026-02-10 00:30:40.610587,Tokyo-7442,17,32,Normal
2026-02-10 00:30:41.610587,Tokyo-7442,48,22,Normal
2026-02-10 00:30:42.610587,Tokyo-7442,29,46,Normal
2026-02-10 00:30:43.610587,Tokyo-7442,42,96,Normal
2026-02-10 00:30:44.610587,Tokyo-7442,-15,33,Normal
2026-02-10 00:30:45.610587,Tokyo-7442,-27,0,Normal
2026-02-10 00:30:46.610587,Tokyo-7442,-30,77,Normal
2026-02-10 00:30:47.610587,Tokyo-7442,6,97,Normal
2026-02-10 00:30:48.610587,Tokyo-7442,-29,40,Normal
2026-02-10 00:30:49.610587,Tokyo-7442,12,50,Normal
2026-02-10 00:30:50.610587,Tokyo-7442,29,20,Normal
2026-02-10 00:30:51.610587,Tokyo-7442,22,20,Normal
2026-02-10 00:30:52.610587,Tokyo-7442,35,7,Normal
2026-02-10 00:30:53.610587,Tokyo-7442,40,54,Normal
2026-02-10 00:30:54.610587,Tokyo-7442,8,82,Normal
2026-02-10 00:30:55.610587,Tokyo-7442,49,27,Normal
2026-02-10 00:30:56.610587,Tokyo-7442,33,46,Normal
2026-02-10 00:30:57.610587,Tokyo-7442,33,48,Normal
2026-02-10 00:30:58.610587,Tokyo-7442,-13,99,Normal
2026-02-10 00:30:59.610587,Tokyo-7442,44,58,Normal
2026-02-10 00:31:00.610587,Tokyo-7442,23,78,Normal
2026-02-10 00:31:01.610587,Tokyo-7442,1,51,Normal
2026-02-10 00:31:02.610587,Tokyo-7442,41,17,Normal
2026-02-10 00:31:03.610587,Tokyo-7442,26,9,Normal
2026-02-10 00:31:04.610587,Tokyo-7442,-9,43,Normal
2026-02-10 00:31:05.610587,Tokyo-7442,27,71,Normal
2026-02-10 00:31:06.610587,Tokyo-7442,-4,58,Normal
2026-02-10 00:31:07.610587,Tokyo-7442,36,65,Normal
2026-02-10 00:31:08.610587,Tokyo-7442,23,19,Normal
2026-02-10 00:31:09.610587,Tokyo-7442,3,72,Normal
2026-02-10 00:31:10.610587,Tokyo-7442,2,91,Normal
2026-02-10 00:31:11.610587,Tokyo-7442,47,85,Normal
2026-02-10 00:31:12.610587,Tokyo-7442,13,84,Normal
2026-02-10 00:31:13.610587,Tokyo-7442,19,86,Normal
2026-02-10 00:31:14.610587,Tokyo-7442,-18,84,Normal
2026-02-10 00:31:15.610587,Tokyo-7442,20,7,Normal
2026-02-10 00:31:16.610587,Tokyo-7442,-18,56,Normal
2026-02-10 00:31:17.610587,Tokyo-7442,-21,57,Normal
2026-02-10 00:31:18.610587,Tokyo-7442,34,65,Normal
2026-02-10 00:31:19.610587,Tokyo-7442,-25,27,Normal
2026-02-10 00:31:20.610587,Tokyo-7442,28,74,Normal
2026-02-10 00:31:21.610587,Tokyo-7442,43,23,Normal
2026-02-10 00:31:22.610587,Tokyo-7442,43,46,Normal
2026-02-10 00:31:23.610587,Tokyo-7442,2,62,Normal
2026-02-10 00:31:24.610587,Tokyo-7442,-15,63,Normal
2026-02-10 00:31:25.610587,Tokyo-7442,-17,56,Normal
2026-02-10 00:31:26.610587,Tokyo-7442,10,91,Normal
2026-02-10 00:31:27.610587,Tokyo-7442,40,43,Normal
2026-02-10 00:31:28.610587,Tokyo-7442,23,84,Normal
2026-02-10 00:31:29.610587,Tokyo-7442,22,88,Normal
2026-02-10 00:31:30.610587,Tokyo-7442,48,18,Normal
2026-02-10 00:31:31.610587,Tokyo-7442,0,52,Normal
2026-02-10 00:31:32.610587,Tokyo-7442,-7,34,Normal
2026-02-10 00:31:33.610587,Tokyo-7442,26,8,Normal
2026-02-10 00:31:34.610587,Tokyo-7442,38,91,Normal
2026-02-10 00:31:35.610587,Tokyo-7442,22,26,Normal
2026-02-10 00:31:36.610587,Tokyo-7442,-22,61,Normal
2026-02-10 00:31:37.610587,Tokyo-7442,1,56,Normal
2026-02-10 00:31:38.610587,Tokyo-7442,23,12,Normal
2026-02-10 00:31:39.610587,Tokyo-7442,12,98,Normal
2026-02-10 00:31:40.610587,Tokyo-7442,12,62,Normal
2026-02-10 00:31:41.610587,Tokyo-7442,-4,91,Normal
2026-02-10 00:31:42.610587,Tokyo-7442,-1,2,Normal
2026-02-10 00:31:43.610587,Tokyo-7442,16,1,Normal
2026-02-10 00:31:44.610587,Tokyo-7442,2,85,Normal
2026-02-10 00:31:45.610587,Tokyo-7442,41,86,Normal
2026-02-10 00:31:46.610587,Tokyo-7442,-8,14,Normal
2026-02-10 00:31:47.610587,Tokyo-7442,41,93,Normal
2026-02-10 00:31:48.610587,Tokyo-7442,18,54,Normal
2026-02-10 00:31:49.610587,Tokyo-7442,-7,42,Normal
2026-02-10 00:31:50.610587,Tokyo-7442,-14,43,Normal
2026-02-10 00:31:51.610587,Tokyo-7442,-12,32,Normal
2026-02-10 00:31:52.610587,Tokyo-7442,-8,10,Normal
2026-02-10 00:31:53.610587,Tokyo-7442,48,21,Normal
2026-02-10 00:31:54.610587,Tokyo-7442,4,37,Normal
2026-02-10 00:31:55.610587,Tokyo-7442,-23,29,Normal
2026-02-10 00:31:56.610587,Tokyo-7442,-8,39,Normal
2026-02-10 00:31:57.610587,Tokyo-7442,17,3,Normal
2026-02-10 00:31:58.610587,Tokyo-7442,48,70,Normal
2026-02-10 00:31:59.610587,Tokyo-7442,8,65,Normal
2026-02-10 00:32:00.610587,Tokyo-7442,26,82,Normal
2026-02-10 00:32:01.610587,Tokyo-7442,-15,51,Normal
2026-02-10 00:32:02.610587,Tokyo-7442,-8,94,Normal
2026-02-10 00:32:03.610587,Tokyo-7442,-17,46,Normal
2026-02-10 00:32:04.610587,Tokyo-7442,6,82,Normal
2026-02-10 00:32:05.610587,Tokyo-7442,15,12,Normal
2026-02-10 00:32:06.610587,Tokyo-7442,32,94,Normal
2026-02-10 00:32:07.610587,Tokyo-7442,4,76,Normal
2026-02-10 00:32:08.610587,Tokyo-7442,34,5,Normal
2026-02-10 00:32:09.610587,Tokyo-7442,-6,64,Normal
2026-02-10 00:32:10.610587,Tokyo-7442,17,52,Normal
2026-02-10 00:32:11.610587,Tokyo-7442,-8,86,Normal
2026-02-10 00:32:12.610587,Tokyo-7442,-15,75,Normal
2026-02-10 00:32:13.610587,Tokyo-7442,-2,81,Normal
2026-02-10 00:32:14.610587,Tokyo-7442,-7,10,Normal
2026-02-10 00:32:15.610587,Tokyo-7442,-15,92,Normal
2026-02-10 00:32:16.610587,Tokyo-7442,-23,44,Normal
2026-02-10 00:32:17.610587,Tokyo-7442,13,9,Normal
2026-02-10 00:32:18.610587,Tokyo-7442,25,68,Normal
2026-02-10 00:32:19.610587,Tokyo-7442,19,92,Normal
2026-02-10 00:32:20.610587,Tokyo-7442,22,10,Normal
2026-02-10 00:32:21.610587,Tokyo-7442,-10,10,Normal
2026-02-10 00:32:22.610587,Tokyo-7442,44,24,Normal
2026-02-10 00:32:23.610587,Tokyo-7442,14,48,Normal
2026-02-10 00:32:24.610587,Tokyo-7442,-10,11,Normal
2026-02-10 00:32:25.610587,Tokyo-7442,-3,13,Normal
2026-02-10 00:32:26.610587,Tokyo-7442,47,52,Normal
2026-02-10 00:32:27.610587,Tokyo-7442,19,85,Normal
2026-02-10 00:32:28.610587,Tokyo-7442,35,35,Normal
2026-02-10 00:32:29.610587,Tokyo-7442,43,88,Normal
2026-02-10 00:32:30.610587,Tokyo-7442,26,19,Normal
2026-02-10 00:32:31.610587,Tokyo-7442,-17,74,Normal
2026-02-10 00:32:32.610587,Tokyo-7442,-20,63,Normal
2026-02-10 00:32:33.610587,Tokyo-7442,15,0,Normal
2026-02-10 00:32:34.610587,Tokyo-7442,-8,76,Normal
2026-02-10 00:32:35.610587,Tokyo-7442,-19,25,Normal
2026-02-10 00:32:36.610587,Tokyo-7442,40,60,Normal
2026-02-10 00:32:37.610587,Tokyo-7442,26,29,Normal
2026-02-10 00:32:38.610587,Tokyo-7442,-21,35,Normal
2026-02-10 00:32:39.610587,Tokyo-7442,6,27,Normal
2026-02-10 00:32:40.610587,Tokyo-7442,-16,46,Normal
2026-02-10 00:32:41.610587,Tokyo-7442,18,19,Normal
2026-02-10 00:32:42.610587,Tokyo-7442,16,95,Normal
2026-02-10 00:32:43.610587,Tokyo-7442,22,84,Normal
2026-02-10 00:32:44.610587,Tokyo-7442,32,44,Normal
2026-02-10 00:32:45.610587,Tokyo-7442,2,65,Normal
2026-02-10 00:32:46.610587,Tokyo-7442,49,70,Normal
2026-02-10 00:32:47.610587,Tokyo-7442,30,70,Normal
2026-02-10 00:32:48.610587,Tokyo-7442,5,14,Normal
2026-02-10 00:32:49.610587,Tokyo-7442,35,39,Normal
2026-02-10 00:32:50.610587,Tokyo-7442,-29,76,Normal
2026-02-10 00:32:51.610587,Tokyo-7442,3,40,Normal
2026-02-10 00:32:52.610587,Tokyo-7442,30,6,Normal
2026-02-10 00:32:53.610587,Tokyo-7442,13,58,Normal
2026-02-10 00:32:54.610587,Tokyo-7442,-12,15,Normal
2026-02-10 00:32:55.610587,Tokyo-7442,40,65,Normal
2026-02-10 00:32:56.610587,Tokyo-7442,-21,68,Normal
2026-02-10 00:32:57.610587,Tokyo-7442,23,21,Normal
2026-02-10 00:32:58.610587,Tokyo-7442,11,48,Normal
2026-02-10 00:32:59.610587,Tokyo-7442,37,26,Normal
2026-02-10 00:33:00.610587,Tokyo-7442,-18,57,Normal
2026-02-10 00:33:01.610587,Tokyo-7442,-15,81,Normal
2026-02-10 00:33:02.610587,Tokyo-7442,18,70,Normal
2026-02-10 00:33:03.610587,Tokyo-7442,-14,57,Normal
2026-02-10 00:33:04.610587,Tokyo-7442,-30,82,Normal
2026-02-10 00:33:05.610587,Tokyo-7442,-27,40,Normal
2026-02-10 00:33:06.610587,Tokyo-7442,-25,44,Normal
2026-02-10 00:33:07.610587,Tokyo-7442,24,27,Normal
2026-02-10 00:33:08.610587,Tokyo-7442,-11,85,Normal
2026-02-10 00:33:09.610587,Tokyo-7442,7,66,Normal
2026-02-10 00:33:10.610587,Tokyo-7442,44,58,Normal
2026-02-10 00:33:11.610587,Tokyo-7442,-17,12,Normal
2026-02-10 00:33:12.610587,Tokyo-7442,43,23,Normal
2026-02-10 00:33:13.610587,Tokyo-7442,50,60,Normal
2026-02-10 00:33:14.610587,Tokyo-7442,3,0,Normal
2026-02-10 00:33:15.610587,Tokyo-7442,22,66,Normal
2026-02-10 00:33:16.610587,Tokyo-7442,-13,91,Normal
2026-02-10 00:33:17.610587,Tokyo-7442,9,45,Normal
2026-02-10 00:33:18.610587,Tokyo-7442,47,20,Normal
2026-02-10 00:33:19.610587,Tokyo-7442,-4,35,Normal
2026-02-10 00:33:20.610587,Tokyo-7442,15,24,Normal
2026-02-10 00:33:21.610587,Tokyo-7442,49,58,Normal
2026-02-10 00:33:22.610587,Tokyo-7442,35,62,Normal
2026-02-10 00:33:23.610587,Tokyo-7442,-4,67,Normal
2026-02-10 00:33:24.610587,Tokyo-7442,-10,75,Normal
2026-02-10 00:33:25.610587,Tokyo-7442,8,13,Normal
2026-02-10 00:33:26.610587,Tokyo-7442,38,1,Normal
2026-02-10 00:33:27.610587,Tokyo-7442,25,76,Normal
2026-02-10 00:33:28.610587,Tokyo-7442,-22,87,Normal
2026-02-10 00:33:29.610587,Tokyo-7442,-24,1,Normal
2026-02-10 00:33:30.610587,Tokyo-7442,17,78,Normal
2026-02-10 00:33:31.610587,Tokyo-7442,3,40,Normal
2026-02-10 00:33:32.610587,Tokyo-7442,39,54,Normal
2026-02-10 00:33:33.610587,Tokyo-7442,35,31,Normal
2026-02-10 00:33:34.610587,Tokyo-7442,-27,22,Normal
2026-02-10 00:33:35.610587,Tokyo-7442,13,26,Normal
2026-02-10 00:33:36.610587,Tokyo-7442,-21,73,Normal
2026-02-10 00:33:37.610587,Tokyo-7442,-30,0,Normal
2026-02-10 00:33:38.610587,Tokyo-7442,7,0,Normal
2026-02-10 00:33:39.610587,Tokyo-7442,13,8,Normal
2026-02-10 00:33:40.610587,Tokyo-7442,-14,17,Normal
2026-02-10 00:33:41.610587,Tokyo-7442,-9,29,Normal
2026-02-10 00:33:42.610587,Tokyo-7442,44,56,Normal
2026-02-10 00:33:43.610587,Tokyo-7442,17,28,Normal
2026-02-10 00:33:44.610587,Tokyo-7442,40,52,Normal
2026-02-10 00:33:45.610587,Tokyo-7442,0,12,Normal
2026-02-10 00:33:46.610587,Tokyo-7442,18,30,Normal
2026-02-10 00:33:47.610587,Tokyo-7442,18,71,Normal
2026-02-10 00:33:48.610587,Tokyo-7442,-6,71,Normal
2026-02-10 00:33:49.610587,Tokyo-7442,-3,45,Normal
2026-02-10 00:33:50.610587,Tokyo-7442,36,5,Normal
2026-02-10 00:33:51.610587,Tokyo-7442,35,5,Normal
2026-02-10 00:33:52.610587,Tokyo-7442,-13,29,Normal
2026-02-10 00:33:53.610587,Tokyo-7442,37,56,Normal
2026-02-10 00:33:54.610587,Tokyo-7442,20,74,Normal
2026-02-10 00:33:55.610587,Tokyo-7442,-6,44,Normal
2026-02-10 00:33:56.610587,Tokyo-7442,-11,50,Normal
2026-02-10 00:33:57.610587,Tokyo-7442,40,69,Normal
2026-02-10 00:33:58.610587,Tokyo-7442,-16,11,Normal
2026-02-10 00:33:59.610587,Tokyo-7442,-9,55,Normal
2026-02-10 00:34:00.610587,Tokyo-7442,-29,44,Normal
2026-02-10 00:34:01.610587,Tokyo-7442,-22,75,Normal
2026-02-10 00:34:02.610587,Tokyo-7442,-11,96,Normal
2026-02-10 00:34:03.610587,Tokyo-7442,42,69,Normal
2026-02-10 00:34:04.610587,Tokyo-7442,46,83,Normal
2026-02-10 00:34:05.610587,Tokyo-7442,44,12,Normal
2026-02-10 00:34:06.610587,Tokyo-7442,24,92,Normal
2026-02-10 00:34:07.610587,Tokyo-7442,29,34,Normal
2026-02-10 00:34:08.610587,Tokyo-7442,18,60,Normal
2026-02-10 00:34:09.610587,Tokyo-7442,8,81,Normal
2026-02-10 00:34:10.610587,Tokyo-7442,49,83,Normal
2026-02-10 00:34:11.610587,Tokyo-7442,-15,5,Normal
2026-02-10 00:34:12.610587,Tokyo-7442,9,37,Normal
2026-02-10 00:34:13.610587,Tokyo-7442,-11,73,Normal
2026-02-10 00:34:14.610587,Tokyo-7442,-28,3,Normal
2026-02-10 00:34:15.610587,Tokyo-7442,35,20,Normal
2026-02-10 00:34:16.610587,Tokyo-7442,-24,22,Normal
2026-02-10 00:34:17.610587,Tokyo-7442,20,68,Normal
2026-02-10 00:34:18.610587,Tokyo-7442,31,17,Normal
2026-02-10 00:34:19.610587,Tokyo-7442,-6,70,Normal
2026-02-10 00:34:20.610587,Tokyo-7442,-11,46,Normal
2026-02-10 00:34:21.610587,Tokyo-7442,-5,55,Normal
2026-02-10 00:34:22.610587,Tokyo-7442,41,84,Normal
2026-02-10 00:34:23.610587,Tokyo-7442,-17,21,Normal
2026-02-10 00:34:24.610587,Tokyo-7442,-23,32,Normal
2026-02-10 00:34:25.610587,Tokyo-7442,-24,81,Normal
2026-02-10 00:34:26.610587,Tokyo-7442,45,29,Normal
2026-02-10 00:34:27.610587,Tokyo-7442,29,50,Normal
2026-02-10 00:34:28.610587,Tokyo-7442,-3,88,Normal
2026-02-10 00:34:29.610587,Tokyo-7442,20,33,Normal
2026-02-10 00:34:30.610587,Tokyo-7442,-20,4,Normal
2026-02-10 00:34:31.610587,Tokyo-7442,9,20,Normal
2026-02-10 00:34:32.610587,Tokyo-7442,-8,34,Normal
2026-02-10 00:34:33.610587,Tokyo-7442,40,47,Normal
2026-02-10 00:34:34.610587,Tokyo-7442,13,43,Normal
2026-02-10 00:34:35.610587,Tokyo-7442,45,95,Normal
2026-02-10 00:34:36.610587,Tokyo-7442,28,72,Normal
2026-02-10 00:34:37.610587,Tokyo-7442,38,34,Normal
2026-02-10 00:34:38.610587,Tokyo-7442,-15,77,Normal
2026-02-10 00:34:39.610587,Tokyo-7442,-1,40,Normal
2026-02-10 00:34:40.610587,Tokyo-7442,-11,65,Normal
2026-02-10 00:34:41.610587,Tokyo-7442,27,53,Normal
2026-02-10 00:34:42.610587,Tokyo-7442,22,8,Normal
2026-02-10 00:34:43.610587,Tokyo-7442,31,47,Normal
2026-02-10 00:34:44.610587,Tokyo-7442,8,18,Normal
2026-02-10 00:34:45.610587,Tokyo-7442,17,36,Normal
2026-02-10 00:34:46.610587,Tokyo-7442,-29,57,Normal
2026-02-10 00:34:47.610587,Tokyo-7442,30,85,Normal
2026-02-10 00:34:48.610587,Tokyo-7442,-18,37,Normal
2026-02-10 00:34:49.610587,Tokyo-7442,19,30,Normal
2026-02-10 00:34:50.610587,Tokyo-7442,-23,39,Normal
2026-02-10 00:34:51.610587,Tokyo-7442,-14,62,Normal
2026-02-10 00:34:52.610587,Tokyo-7442,22,53,Normal
2026-02-10 00:34:53.610587,Tokyo-7442,-25,11,Normal
2026-02-10 00:34:54.610587,Tokyo-7442,10,24,Normal
2026-02-10 00:34:55.610587,Tokyo-7442,-1,17,Normal
2026-02-10 00:34:56.610587,Tokyo-7442,-21,24,Normal
2026-02-10 00:34:57.610587,Tokyo-7442,-23,18,Normal
2026-02-10 00:34:58.610587,Tokyo-7442,5,35,Normal
2026-02-10 00:34:59.610587,Tokyo-7442,37,20,Normal
2026-02-10 00:35:00.610587,Tokyo-7442,-1,35,Normal
2026-02-10 00:35:01.610587,Tokyo-7442,18,57,Normal
2026-02-10 00:35:02.610587,Tokyo-7442,26,82,Normal
2026-02-10 00:35:03.610587,Tokyo-7442,20,66,Normal
2026-02-10 00:35:04.610587,Tokyo-7442,-27,24,Normal
2026-02-10 00:35:05.610587,Tokyo-7442,-16,93,Normal
2026-02-10 00:35:06.610587,Tokyo-7442,40,11,Normal
2026-02-10 00:35:07.610587,Tokyo-7442,-25,73,Normal
2026-02-10 00:35:08.610587,Tokyo-7442,40,78,Normal
2026-02-10 00:35:09.610587,Tokyo-7442,25,0,Normal
2026-02-10 00:35:10.610587,Tokyo-7442,11,76,Normal
2026-02-10 00:35:11.610587,Tokyo-7442,47,51,Normal
2026-02-10 00:35:12.610587,Tokyo-7442,50,14,Normal
2026-02-10 00:35:13.610587,Tokyo-7442,14,28,Normal
2026-02-10 00:35:14.610587,Tokyo-7442,-1,44,Normal
2026-02-10 00:35:15.610587,Tokyo-7442,33,43,Normal
2026-02-10 00:35:16.610587,Tokyo-7442,3,78,Normal
2026-02-10 00:35:17.610587,Tokyo-7442,-9,18,Normal
2026-02-10 00:35:18.610587,Tokyo-7442,36,100,Normal
2026-02-10 00:35:19.610587,Tokyo-7442,-8,46,Normal
2026-02-10 00:35:20.610587,Tokyo-7442,42,48,Normal
2026-02-10 00:35:21.610587,Tokyo-7442,3,13,Normal
2026-02-10 00:35:22.610587,Tokyo-7442,38,49,Normal
2026-02-10 00:35:23.610587,Tokyo-7442,4,2,Normal
2026-02-10 00:35:24.610587,Tokyo-7442,-27,13,Normal
2026-02-10 00:35:25.610587,Tokyo-7442,48,40,Normal
2026-02-10 00:35:26.610587,Tokyo-7442,39,72,Normal
2026-02-10 00:35:27.610587,Tokyo-7442,21,16,Normal
2026-02-10 00:35:28.610587,Tokyo-7442,8,53,Normal
2026-02-10 00:35:29.610587,Tokyo-7442,32,23,Normal
2026-02-10 00:35:30.610587,Tokyo-7442,42,41,Normal
2026-02-10 00:35:31.610587,Tokyo-7442,3,41,Normal
2026-02-10 00:35:32.610587,Tokyo-7442,5,55,Normal
2026-02-10 00:35:33.610587,Tokyo-7442,-3,66,Normal
2026-02-10 00:35:34.610587,Tokyo-7442,23,40,Normal
2026-02-10 00:35:35.610587,Tokyo-7442,-25,85,Normal
2026-02-10 00:35:36.610587,Tokyo-7442,26,39,Normal
2026-02-10 00:35:37.610587,Tokyo-7442,3,6,Normal
2026-02-10 00:35:38.610587,Tokyo-7442,50,38,Normal
2026-02-10 00:35:39.610587,Tokyo-7442,30,92,Normal
2026-02-10 00:35:40.610587,Tokyo-7442,5,22,Normal
2026-02-10 00:35:41.610587,Tokyo-7442,45,26,Normal
2026-02-10 00:35:42.610587,Tokyo-7442,12,71,Normal
2026-02-10 00:35:43.610587,Tokyo-7442,-26,24,Normal
2026-02-10 00:35:44.610587,Tokyo-7442,27,17,Normal
2026-02-10 00:35:45.610587,Tokyo-7442,43,34,Normal
2026-02-10 00:35:46.610587,Tokyo-7442,50,64,Normal
2026-02-10 00:35:47.610587,Tokyo-7442,-27,95,Normal
2026-02-10 00:35:48.610587,Tokyo-7442,39,1,Normal
2026-02-10 00:35:49.610587,Tokyo-7442,33,17,Normal
2026-02-10 00:35:50.610587,Tokyo-7442,4,94,Normal
2026-02-10 00:35:51.610587,Tokyo-7442,6,78,Normal
2026-02-10 00:35:52.610587,Tokyo-7442,0,29,Normal
2026-02-10 00:35:53.610587,Tokyo-7442,18,88,Normal
2026-02-10 00:35:54.610587,Tokyo-7442,-20,58,Normal
2026-02-10 00:35:55.610587,Tokyo-7442,13,22,Normal
2026-02-10 00:35:56.610587,Tokyo-7442,-26,78,Normal
2026-02-10 00:35:57.610587,Tokyo-7442,-30,13,Normal
2026-02-10 00:35:58.610587,Tokyo-7442,24,85,Normal
2026-02-10 00:35:59.610587,Tokyo-7442,4,78,Normal
2026-02-10 00:36:00.610587,Tokyo-7442,-7,26,Normal
2026-02-10 00:36:01.610587,Tokyo-7442,29,70,Normal
2026-02-10 00:36:02.610587,Tokyo-7442,-30,12,Normal
2026-02-10 00:36:03.610587,Tokyo-7442,0,4,Normal
2026-02-10 00:36:04.610587,Tokyo-7442,37,93,Normal
2026-02-10 00:36:05.610587,Tokyo-7442,-30,99,Normal
2026-02-10 00:36:06.610587,Tokyo-7442,10,56,Normal
2026-02-10 00:36:07.610587,Tokyo-7442,-17,5,Normal
2026-02-10 00:36:08.610587,Tokyo-7442,24,54,Normal
2026-02-10 00:36:09.610587,Tokyo-7442,23,94,Normal
2026-02-10 00:36:10.610587,Tokyo-7442,38,7,Normal
2026-02-10 00:36:11.610587,Tokyo-7442,29,84,Normal
2026-02-10 00:36:12.610587,Tokyo-7442,-18,66,Normal
2026-02-10 00:36:13.610587,Tokyo-7442,5,50,Normal
2026-02-10 00:36:14.610587,Tokyo-7442,-23,76,Normal
2026-02-10 00:36:15.610587,Tokyo-7442,11,50,Normal
2026-02-10 00:36:16.610587,Tokyo-7442,-15,99,Normal
2026-02-10 00:36:17.610587,Tokyo-7442,6,35,Normal
2026-02-10 00:36:18.610587,Tokyo-7442,22,0,Normal
2026-02-10 00:36:19.610587,Tokyo-7442,-3,40,Normal
2026-02-10 00:36:20.610587,Tokyo-7442,45,34,Normal
2026-02-10 00:36:21.610587,Tokyo-7442,-26,75,Normal
2026-02-10 00:36:22.610587,Tokyo-7442,44,94,Normal
2026-02-10 00:36:23.610587,Tokyo-7442,18,84,Normal
2026-02-10 00:36:24.610587,Tokyo-7442,21,48,Normal
2026-02-10 00:36:25.610587,Tokyo-7442,43,84,Normal
2026-02-10 00:36:26.610587,Tokyo-7442,42,32,Normal
2026-02-10 00:36:27.610587,Tokyo-7442,-2,68,Normal
2026-02-10 00:36:28.610587,Tokyo-7442,46,15,Normal
2026-02-10 00:36:29.610587,Tokyo-7442,21,20,Normal
2026-02-10 00:36:30.610587,Tokyo-7442,32,56,Normal
2026-02-10 00:36:31.610587,Tokyo-7442,-30,66,Normal
2026-02-10 00:36:32.610587,Tokyo-7442,4,20,Normal
2026-02-10 00:36:33.610587,Tokyo-7442,-27,55,Normal
2026-02-10 00:36:34.610587,Tokyo-7442,-24,82,Normal
2026-02-10 00:36:35.610587,Tokyo-7442,38,38,Normal
2026-02-10 00:36:36.610587,Tokyo-7442,36,9,Normal
2026-02-10 00:36:37.610587,Tokyo-7442,16,31,Normal
2026-02-10 00:36:38.610587,Tokyo-7442,-9,55,Normal
2026-02-10 00:36:39.610587,Tokyo-7442,39,89,Normal
2026-02-10 00:36:40.610587,Tokyo-7442,-19,79,Normal
2026-02-10 00:36:41.610587,Tokyo-7442,-11,32,Normal
2026-02-10 00:36:42.610587,Tokyo-7442,47,68,Normal
2026-02-10 00:36:43.610587,Tokyo-7442,-17,93,Normal
2026-02-10 00:36:44.610587,Tokyo-7442,-21,80,Normal
2026-02-10 00:36:45.610587,Tokyo-7442,5,7,Normal
2026-02-10 00:36:46.610587,Tokyo-7442,20,84,Normal
2026-02-10 00:36:47.610587,Tokyo-7442,-22,35,Normal
2026-02-10 00:36:48.610587,Tokyo-7442,50,9,Normal
2026-02-10 00:36:49.610587,Tokyo-7442,41,6,Normal
2026-02-10 00:36:50.610587,Tokyo-7442,-8,19,Normal
2026-02-10 00:36:51.610587,Tokyo-7442,36,99,Normal
2026-02-10 00:36:52.610587,Tokyo-7442,-10,62,Normal
2026-02-10 00:36:53.610587,Tokyo-7442,-8,100,Normal
2026-02-10 00:36:54.610587,Tokyo-7442,14,2,Normal
2026-02-10 00:36:55.610587,Tokyo-7442,-15,75,Normal
2026-02-10 00:36:56.610587,Tokyo-7442,-20,18,Normal
2026-02-10 00:36:57.610587,Tokyo-7442,47,36,Normal
2026-02-10 00:36:58.610587,Tokyo-7442,-4,88,Normal
2026-02-10 00:36:59.610587,Tokyo-7442,4,32,Normal
2026-02-10 00:37:00.610587,Tokyo-7442,47,24,Normal
2026-02-10 00:37:01.610587,Tokyo-7442,45,79,Normal
2026-02-10 00:37:02.610587,Tokyo-7442,39,9,Normal
2026-02-10 00:37:03.610587,Tokyo-7442,14,21,Normal
2026-02-10 00:37:04.610587,Tokyo-7442,10,48,Normal
2026-02-10 00:37:05.610587,Tokyo-7442,46,2,Normal
2026-02-10 00:37:06.610587,Tokyo-7442,24,47,Normal
2026-02-10 00:37:07.610587,Tokyo-7442,42,10,Normal
2026-02-10 00:37:08.610587,Tokyo-7442,43,76,Normal
2026-02-10 00:37:09.610587,Tokyo-7442,18,99,Normal
2026-02-10 00:37:10.610587,Tokyo-7442,-13,56,Normal
2026-02-10 00:37:11.610587,Tokyo-7442,28,74,Normal
2026-02-10 00:37:12.610587,Tokyo-7442,39,79,Normal
2026-02-10 00:37:13.610587,Tokyo-7442,7,88,Normal
2026-02-10 00:37:14.610587,Tokyo-7442,1,7,Normal
2026-02-10 00:37:15.610587,Tokyo-7442,-17,14,Normal
2026-02-10 00:37:16.610587,Tokyo-7442,-24,46,Normal
2026-02-10 00:37:17.610587,Tokyo-7442,-1,78,Normal
2026-02-10 00:37:18.610587,Tokyo-7442,17,1,Normal
2026-02-10 00:37:19.610587,Tokyo-7442,-20,42,Normal
2026-02-10 00:37:20.610587,Tokyo-7442,-24,68,Normal
2026-02-10 00:37:21.610587,Tokyo-7442,44,6,Normal
2026-02-10 00:37:22.610587,Tokyo-7442,14,43,Normal
2026-02-10 00:37:23.610587,Tokyo-7442,7,37,Normal
2026-02-10 00:37:24.610587,Tokyo-7442,10,30,Normal
2026-02-10 00:37:25.610587,Tokyo-7442,-3,5,Normal
2026-02-10 00:37:26.610587,Tokyo-7442,8,46,Normal
2026-02-10 00:37:27.610587,Tokyo-7442,33,79,Normal
2026-02-10 00:37:28.610587,Tokyo-7442,-1,72,Normal
2026-02-10 00:37:29.610587,Tokyo-7442,-29,9,Normal
2026-02-10 00:37:30.610587,Tokyo-7442,-19,23,Normal
2026-02-10 00:37:31.610587,Tokyo-7442,-10,82,Normal
2026-02-10 00:37:32.610587,Tokyo-7442,10,61,Normal
2026-02-10 00:37:33.610587,Tokyo-7442,12,43,Normal
2026-02-10 00:37:34.610587,Tokyo-7442,16,2,Normal
2026-02-10 00:37:35.610587,Tokyo-7442,14,68,Normal
2026-02-10 00:37:36.610587,Tokyo-7442,-9,31,Normal
2026-02-10 00:37:37.610587,Tokyo-7442,33,56,Normal
2026-02-10 00:37:38.610587,Tokyo-7442,18,8,Normal
2026-02-10 00:37:39.610587,Tokyo-7442,4,96,Normal
2026-02-10 00:37:40.610587,Tokyo-7442,13,50,Normal
2026-02-10 00:37:41.610587,Tokyo-7442,50,98,Normal
2026-02-10 00:37:42.610587,Tokyo-7442,42,95,Normal
2026-02-10 00:37:43.610587,Tokyo-7442,24,42,Normal
2026-02-10 00:37:44.610587,Tokyo-7442,-29,76,Normal
2026-02-10 00:37:45.610587,Tokyo-7442,-10,46,Normal
2026-02-10 00:37:46.610587,Tokyo-7442,33,83,Normal
2026-02-10 00:37:47.610587,Tokyo-7442,-21,90,Normal
2026-02-10 00:37:48.610587,Tokyo-7442,38,75,Normal
2026-02-10 00:37:49.610587,Tokyo-7442,-5,48,Normal
2026-02-10 00:37:50.610587,Tokyo-7442,38,26,Normal
2026-02-10 00:37:51.610587,Tokyo-7442,-22,50,Normal
2026-02-10 00:37:52.610587,Tokyo-7442,16,54,Normal
2026-02-10 00:37:53.610587,Tokyo-7442,4,0,Normal
2026-02-10 00:37:54.610587,Tokyo-7442,-14,43,Normal
2026-02-10 00:37:55.610587,Tokyo-7442,45,83,Normal
2026-02-10 00:37:56.610587,Tokyo-7442,-10,26,Normal
2026-02-10 00:37:57.610587,Tokyo-7442,23,28,Normal
2026-02-10 00:37:58.610587,Tokyo-7442,36,89,Normal
2026-02-10 00:37:59.610587,Tokyo-7442,-25,72,Normal
2026-02-10 00:38:00.610587,Tokyo-7442,1,94,Normal
2026-02-10 00:38:01.610587,Tokyo-7442,-30,17,Normal
2026-02-10 00:38:02.610587,Tokyo-7442,8,17,Normal
2026-02-10 00:38:03.610587,Tokyo-7442,21,68,Normal
2026-02-10 00:38:04.610587,Tokyo-7442,-26,91,Normal
2026-02-10 00:38:05.610587,Tokyo-7442,23,83,Normal
2026-02-10 00:38:06.610587,Tokyo-7442,28,59,Normal
2026-02-10 00:38:07.610587,Tokyo-7442,45,3,Normal
2026-02-10 00:38:08.610587,Tokyo-7442,47,45,Normal
2026-02-10 00:38:09.610587,Tokyo-7442,23,78,Normal
2026-02-10 00:38:10.610587,Tokyo-7442,28,60,Normal
2026-02-10 00:38:11.610587,Tokyo-7442,-9,50,Normal
2026-02-10 00:38:12.610587,Tokyo-7442,-17,34,Normal
2026-02-10 00:38:13.610587,Tokyo-7442,-30,55,Normal
2026-02-10 00:38:14.610587,Tokyo-7442,39,7,Normal
2026-02-10 00:38:15.610587,Tokyo-7442,-27,24,Normal
2026-02-10 00:38:16.610587,Tokyo-7442,9,99,Normal
2026-02-10 00:38:17.610587,Tokyo-7442,47,66,Normal
2026-02-10 00:38:18.610587,Tokyo-7442,31,47,Normal
2026-02-10 00:38:19.610587,Tokyo-7442,-16,17,Normal
2026-02-10 00:38:20.610587,Tokyo-7442,30,40,Normal
2026-02-10 00:38:21.610587,Tokyo-7442,-25,23,Normal
2026-02-10 00:38:22.610587,Tokyo-7442,27,1,Normal
2026-02-10 00:38:23.610587,Tokyo-7442,6,37,Normal
2026-02-10 00:38:24.610587,Tokyo-7442,-12,71,Normal
2026-02-10 00:38:25.610587,Tokyo-7442,-8,76,Normal
2026-02-10 00:38:26.610587,Tokyo-7442,44,47,Normal
2026-02-10 00:38:27.610587,Tokyo-7442,33,69,Normal
2026-02-10 00:38:28.610587,Tokyo-7442,14,50,Normal
2026-02-10 00:38:29.610587,Tokyo-7442,18,94,Normal
2026-02-10 00:38:30.610587,Tokyo-7442,12,13,Normal
2026-02-10 00:38:31.610587,Tokyo-7442,28,8,Normal
2026-02-10 00:38:32.610587,Tokyo-7442,-25,30,Normal
2026-02-10 00:38:33.610587,Tokyo-7442,22,5,Normal
2026-02-10 00:38:34.610587,Tokyo-7442,0,33,Normal
2026-02-10 00:38:35.610587,Tokyo-7442,27,100,Normal
2026-02-10 00:38:36.610587,Tokyo-7442,-28,29,Normal
2026-02-10 00:38:37.610587,Tokyo-7442,26,3,Normal
2026-02-10 00:38:38.610587,Tokyo-7442,-26,43,Normal
2026-02-10 00:38:39.610587,Tokyo-7442,42,27,Normal
2026-02-10 00:38:40.610587,Tokyo-7442,-19,52,Normal
2026-02-10 00:38:41.610587,Tokyo-7442,46,68,Normal
2026-02-10 00:38:42.610587,Tokyo-7442,45,72,Normal
2026-02-10 00:38:43.610587,Tokyo-7442,29,49,Normal
2026-02-10 00:38:44.610587,Tokyo-7442,-25,74,Normal
2026-02-10 00:38:45.610587,Tokyo-7442,-7,3,Normal
2026-02-10 00:38:46.610587,Tokyo-7442,41,21,Normal
2026-02-10 00:38:47.610587,Tokyo-7442,36,72,Normal
2026-02-10 00:38:48.610587,Tokyo-7442,22,45,Normal
2026-02-10 00:38:49.610587,Tokyo-7442,-4,53,Normal
2026-02-10 00:38:50.610587,Tokyo-7442,7,20,Normal
2026-02-10 00:38:51.610587,Tokyo-7442,14,83,Normal
2026-02-10 00:38:52.610587,Tokyo-7442,24,10,Normal
2026-02-10 00:38:53.610587,Tokyo-7442,13,37,Normal
2026-02-10 00:38:54.610587,Tokyo-7442,-6,52,Normal
2026-02-10 00:38:55.610587,Tokyo-7442,15,78,Normal
2026-02-10 00:38:56.610587,Tokyo-7442,32,80,Normal
2026-02-10 00:38:57.610587,Tokyo-7442,6,30,Normal
2026-02-10 00:38:58.610587,Tokyo-7442,3,89,Normal
2026-02-10 00:38:59.610587,Tokyo-7442,3,36,Normal
2026-02-10 00:39:00.610587,Tokyo-7442,-16,43,Normal
2026-02-10 00:39:01.610587,Tokyo-7442,-14,79,Normal
2026-02-10 00:39:02.610587,Tokyo-7442,-22,50,Normal
2026-02-10 00:39:03.610587,Tokyo-7442,-19,43,Normal
2026-02-10 00:39:04.610587,Tokyo-7442,17,97,Normal
2026-02-10 00:39:05.610587,Tokyo-7442,3,49,Normal
2026-02-10 00:39:06.610587,Tokyo-7442,30,68,Normal
2026-02-10 00:39:07.610587,Tokyo-7442,27,71,Normal
2026-02-10 00:39:08.610587,Tokyo-7442,-25,75,Normal
2026-02-10 00:39:09.610587,Tokyo-7442,45,51,Normal
2026-02-10 00:39:10.610587,Tokyo-7442,46,11,Normal
2026-02-10 00:39:11.610587,Tokyo-7442,35,1,Normal
2026-02-10 00:39:12.610587,Tokyo-7442,-28,44,Normal
2026-02-10 00:39:13.610587,Tokyo-7442,-29,75,Normal
2026-02-10 00:39:14.610587,Tokyo-7442,22,27,Normal
2026-02-10 00:39:15.610587,Tokyo-7442,49,14,Normal
2026-02-10 00:39:16.610587,Tokyo-7442,-13,5,Normal
2026-02-10 00:39:17.610587,Tokyo-7442,8,85,Normal
2026-02-10 00:39:18.610587,Tokyo-7442,33,62,Normal
2026-02-10 00:39:19.610587,Tokyo-7442,-16,13,Normal
2026-02-10 00:39:20.610587,Tokyo-7442,9,56,Normal
2026-02-10 00:39:21.610587,Tokyo-7442,43,20,Normal
2026-02-10 00:39:22.610587,Tokyo-7442,-29,100,Normal
2026-02-10 00:39:23.610587,Tokyo-7442,-8,82,Normal
2026-02-10 00:39:24.610587,Tokyo-7442,-20,2,Normal
2026-02-10 00:39:25.610587,Tokyo-7442,9,7,Normal
2026-02-10 00:39:26.610587,Tokyo-7442,-11,25,Normal
2026-02-10 00:39:27.610587,Tokyo-7442,-15,6,Normal
2026-02-10 00:39:28.610587,Tokyo-7442,-2,46,Normal
2026-02-10 00:39:29.610587,Tokyo-7442,35,94,Normal
2026-02-10 00:39:30.610587,Tokyo-7442,-26,78,Normal
2026-02-10 00:39:31.610587,Tokyo-7442,32,2,Normal
2026-02-10 00:39:32.610587,Tokyo-7442,27,12,Normal
2026-02-10 00:39:33.610587,Tokyo-7442,20,88,Normal
2026-02-10 00:39:34.610587,Tokyo-7442,6,63,Normal
2026-02-10 00:39:35.610587,Tokyo-7442,-6,30,Normal
2026-02-10 00:39:36.610587,Tokyo-7442,38,13,Normal
2026-02-10 00:39:37.610587,Tokyo-7442,-22,52,Normal
2026-02-10 00:39:38.610587,Tokyo-7442,50,70,Normal
2026-02-10 00:39:39.610587,Tokyo-7442,-17,52,Normal
2026-02-10 00:39:40.610587,Tokyo-7442,-19,26,Normal
2026-02-10 00:39:41.610587,Tokyo-7442,0,44,Normal
2026-02-10 00:39:42.610587,Tokyo-7442,27,95,Normal
2026-02-10 00:39:43.610587,Tokyo-7442,-8,68,Normal
2026-02-10 00:39:44.610587,Tokyo-7442,45,27,Normal
2026-02-10 00:39:45.610587,Tokyo-7442,-15,18,Normal
2026-02-10 00:39:46.610587,Tokyo-7442,-8,61,Normal
2026-02-10 00:39:47.610587,Tokyo-7442,-15,73,Normal
2026-02-10 00:39:48.610587,Tokyo-7442,44,66,Normal
2026-02-10 00:39:49.610587,Tokyo-7442,34,51,Normal
2026-02-10 00:39:50.610587,Tokyo-7442,-3,77,Normal
2026-02-10 00:39:51.610587,Tokyo-7442,4,42,Normal
2026-02-10 00:39:52.610587,Tokyo-7442,39,51,Normal
2026-02-10 00:39:53.610587,Tokyo-7442,20,56,Normal
2026-02-10 00:39:54.610587,Tokyo-7442,2,53,Normal
2026-02-10 00:39:55.610587,Tokyo-7442,41,83,Normal
2026-02-10 00:39:56.610587,Tokyo-7442,32,19,Normal
2026-02-10 00:39:57.610587,Tokyo-7442,23,96,Normal
2026-02-10 00:39:58.610587,Tokyo-7442,-9,4,Normal
2026-02-10 00:39:59.610587,Tokyo-7442,6,40,Normal
2026-02-10 00:40:00.610587,Tokyo-7442,20,76,Normal
2026-02-10 00:40:01.610587,Tokyo-7442,2,77,Normal
2026-02-10 00:40:02.610587,Tokyo-7442,-22,27,Normal
2026-02-10 00:40:03.610587,Tokyo-7442,39,28,Normal
2026-02-10 00:40:04.610587,Tokyo-7442,-23,21,Normal
2026-02-10 00:40:05.610587,Tokyo-7442,6,56,Normal
2026-02-10 00:40:06.610587,Tokyo-7442,9,77,Normal
2026-02-10 00:40:07.610587,Tokyo-7442,-2,36,Normal
2026-02-10 00:40:08.610587,Tokyo-7442,-27,67,Normal
2026-02-10 00:40:09.610587,Tokyo-7442,-23,83,Normal
2026-02-10 00:40:10.610587,Tokyo-7442,3,7,Normal
2026-02-10 00:40:11.610587,Tokyo-7442,-8,76,Normal
2026-02-10 00:40:12.610587,Tokyo-7442,-7,41,Normal
2026-02-10 00:40:13.610587,Tokyo-7442,8,26,Normal
2026-02-10 00:40:14.610587,Tokyo-7442,20,10,Normal
2026-02-10 00:40:15.610587,Tokyo-7442,3,88,Normal
2026-02-10 00:40:16.610587,Tokyo-7442,-26,5,Normal
2026-02-10 00:40:17.610587,Tokyo-7442,22,31,Normal
2026-02-10 00:40:18.610587,Tokyo-7442,30,63,Normal
2026-02-10 00:40:19.610587,Tokyo-7442,-6,55,Normal
2026-02-10 00:40:20.610587,Tokyo-7442,42,28,Normal
2026-02-10 00:40:21.610587,Tokyo-7442,22,75,Normal
2026-02-10 00:40:22.610587,Tokyo-7442,14,13,Normal
2026-02-10 00:40:23.610587,Tokyo-7442,26,21,Normal
2026-02-10 00:40:24.610587,Tokyo-7442,41,97,Normal
2026-02-10 00:40:25.610587,Tokyo-7442,28,8,Normal
2026-02-10 00:40:26.610587,Tokyo-7442,-29,32,Normal
2026-02-10 00:40:27.610587,Tokyo-7442,25,82,Normal
2026-02-10 00:40:28.610587,Tokyo-7442,30,75,Normal
2026-02-10 00:40:29.610587,Tokyo-7442,31,34,Normal
2026-02-10 00:40:30.610587,Tokyo-7442,-14,75,Normal
2026-02-10 00:40:31.610587,Tokyo-7442,-11,92,Normal
2026-02-10 00:40:32.610587,Tokyo-7442,48,100,Normal
2026-02-10 00:40:33.610587,Tokyo-7442,25,95,Normal
2026-02-10 00:40:34.610587,Tokyo-7442,35,64,Normal
2026-02-10 00:40:35.610587,Tokyo-7442,35,10,Normal
2026-02-10 00:40:36.610587,Tokyo-7442,-3,77,Normal
2026-02-10 00:40:37.610587,Tokyo-7442,13,30,Normal
2026-02-10 00:40:38.610587,Tokyo-7442,18,56,Normal
2026-02-10 00:40:39.610587,Tokyo-7442,0,72,Normal
2026-02-10 00:40:40.610587,Tokyo-7442,39,38,Normal
2026-02-10 00:40:41.610587,Tokyo-7442,0,57,Normal
2026-02-10 00:40:42.610587,Tokyo-7442,-16,50,Normal
2026-02-10 00:40:43.610587,Tokyo-7442,-9,72,Normal
2026-02-10 00:40:44.610587,Tokyo-7442,27,41,Normal
2026-02-10 00:40:45.610587,Tokyo-7442,22,34,Normal
2026-02-10 00:40:46.610587,Tokyo-7442,-24,53,Normal
2026-02-10 00:40:47.610587,Tokyo-7442,-17,52,Normal
2026-02-10 00:40:48.610587,Tokyo-7442,-15,57,Normal
2026-02-10 00:40:49.610587,Tokyo-7442,17,41,Normal
2026-02-10 00:40:50.610587,Tokyo-7442,14,58,Normal
2026-02-10 00:40:51.610587,Tokyo-7442,13,63,Normal
2026-02-10 00:40:52.610587,Tokyo-7442,21,88,Normal
2026-02-10 00:40:53.610587,Tokyo-7442,43,80,Normal
2026-02-10 00:40:54.610587,Tokyo-7442,12,39,Normal
2026-02-10 00:40:55.610587,Tokyo-7442,-3,98,Normal
2026-02-10 00:40:56.610587,Tokyo-7442,25,84,Normal
2026-02-10 00:40:57.610587,Tokyo-7442,-5,17,Normal
2026-02-10 00:40:58.610587,Tokyo-7442,39,55,Normal
2026-02-10 00:40:59.610587,Tokyo-7442,16,77,Normal
2026-02-10 00:41:00.610587,Tokyo-7442,1,14,Normal
2026-02-10 00:41:01.610587,Tokyo-7442,7,17,Normal
2026-02-10 00:41:02.610587,Tokyo-7442,11,54,Normal
2026-02-10 00:41:03.610587,Tokyo-7442,50,2,Normal
