timestamp,station_id,temp,humid,condition
2026-02-08 17:38:19.618995,Dubai-f0c0,47,76,Normal
2026-02-08 17:38:20.618995,Dubai-f0c0,32,14,Normal
2026-02-08 17:38:21.618995,Dubai-f0c0,-13,70,Normal
2026-02-08 17:38:22.618995,Dubai-f0c0,32,95,Normal
2026-02-08 17:38:23.618995,Dubai-f0c0,-13,21,Normal
2026-02-08 17:38:24.618995,Dubai-f0c0,23,68,Normal
2026-02-08 17:38:25.618995,Dubai-f0c0,48,6,Normal
2026-02-08 17:38:26.618995,Dubai-f0c0,48,60,Normal
2026-02-08 17:38:27.618995,Dubai-f0c0,-21,55,Normal
2026-02-08 17:38:28.618995,Dubai-f0c0,24,80,Normal
2026-02-08 17:38:29.618995,Dubai-f0c0,14,66,Normal
2026-02-08 17:38:30.618995,Dubai-f0c0,47,50,Normal
2026-02-08 17:38:31.618995,Dubai-f0c0,5,33,Normal
2026-02-08 17:38:32.618995,Dubai-f0c0,-11,22,Normal
2026-02-08 17:38:33.618995,Dubai-f0c0,36,87,Normal
2026-02-08 17:38:34.618995,Dubai-f0c0,49,77,Normal
2026-02-08 17:38:35.618995,Dubai-f0c0,24,90,Normal
2026-02-08 17:38:36.618995,Dubai-f0c0,29,98,Normal
2026-02-08 17:38:37.618995,Dubai-f0c0,43,68,Normal
2026-02-08 17:38:38.618995,Dubai-f0c0,28,17,Normal
2026-02-08 17:38:39.618995,Dubai-f0c0,-25,33,Normal
2026-02-08 17:38:40.618995,Dubai-f0c0,32,63,Normal
2026-02-08 17:38:41.618995,Dubai-f0c0,10,61,Normal
2026-02-08 17:38:42.618995,Dubai-f0c0,-13,91,Normal
2026-02-08 17:38:43.618995,Dubai-f0c0,16,13,Normal
2026-02-08 17:38:44.618995,Dubai-f0c0,-29,13,Normal
2026-02-08 17:38:45.618995,Dubai-f0c0,37,53,Normal
2026-02-08 17:38:46.618995,Dubai-f0c0,28,46,Normal
2026-02-08 17:38:47.618995,Dubai-f0c0,13,75,Normal
2026-02-08 17:38:48.618995,Dubai-f0c0,20,79,Normal
2026-02-08 17:38:49.618995,Dubai-f0c0,8,35,Normal
2026-02-08 17:38:50.618995,Dubai-f0c0,21,63,Normal
2026-02-08 17:38:51.618995,Dubai-f0c0,-28,84,Normal
2026-02-08 17:38:52.618995,Dubai-f0c0,-14,41,Normal
2026-02-08 17:38:53.618995,Dubai-f0c0,19,75,Normal
2026-02-08 17:38:54.618995,Dubai-f0c0,-13,67,Normal
2026-02-08 17:38:55.618995,Dubai-f0c0,25,59,Normal
2026-02-08 17:38:56.618995,Dubai-f0c0,32,60,Normal
2026-02-08 17:38:57.618995,Dubai-f0c0,-18,94,Normal
2026-02-08 17:38:58.618995,Dubai-f0c0,18,79,Normal
2026-02-08 17:38:59.618995,Dubai-f0c0,-27,14,Normal
2026-02-08 17:39:00.618995,Dubai-f0c0,39,30,Normal
2026-02-08 17:39:01.618995,Dubai-f0c0,-9,27,Normal
2026-02-08 17:39:02.618995,Dubai-f0c0,-13,97,Normal
2026-02-08 17:39:03.618995,Dubai-f0c0,35,55,Normal
2026-02-08 17:39:04.618995,Dubai-f0c0,46,93,Normal
2026-02-08 17:39:05.618995,Dubai-f0c0,8,86,Normal
2026-02-08 17:39:06.618995,Dubai-f0c0,3,24,Normal
2026-02-08 17:39:07.618995,Dubai-f0c0,-29,2,Normal
2026-02-08 17:39:08.618995,Dubai-f0c0,33,80,Normal
2026-02-08 17:39:09.618995,Dubai-f0c0,27,67,Normal
2026-02-08 17:39:10.618995,Dubai-f0c0,24,23,Normal
2026-02-08 17:39:11.618995,Dubai-f0c0,49,68,Normal
2026-02-08 17:39:12.618995,Dubai-f0c0,-16,47,Normal
2026-02-08 17:39:13.618995,Dubai-f0c0,-24,7,Normal
2026-02-08 17:39:14.618995,Dubai-f0c0,-7,41,Normal
2026-02-08 17:39:15.618995,Dubai-f0c0,1,98,Normal
2026-02-08 17:39:16.618995,Dubai-f0c0,6,86,Normal
2026-02-08 17:39:17.618995,Dubai-f0c0,14,60,Normal
2026-02-08 17:39:18.618995,Dubai-f0c0,17,62,Normal
2026-02-08 17:39:19.618995,Dubai-f0c0,-13,64,Normal
2026-02-08 17:39:20.618995,Dubai-f0c0,25,72,Normal
2026-02-08 17:39:21.618995,Dubai-f0c0,-21,22,Normal
2026-02-08 17:39:22.618995,Dubai-f0c0,39,46,Normal
2026-02-08 17:39:23.618995,Dubai-f0c0,49,76,Normal
2026-02-08 17:39:24.618995,Dubai-f0c0,30,71,Normal
2026-02-08 17:39:25.618995,Dubai-f0c0,-3,50,Normal
2026-02-08 17:39:26.618995,Dubai-f0c0,39,52,Normal
2026-02-08 17:39:27.618995,Dubai-f0c0,15,78,Normal
2026-02-08 17:39:28.618995,Dubai-f0c0,38,44,Normal
2026-02-08 17:39:29.618995,Dubai-f0c0,47,84,Normal
2026-02-08 17:39:30.618995,Dubai-f0c0,28,47,Normal
2026-02-08 17:39:31.618995,Dubai-f0c0,-3,59,Normal
2026-02-08 17:39:32.618995,Dubai-f0c0,-21,96,Normal
2026-02-08 17:39:33.618995,Dubai-f0c0,26,16,Normal
2026-02-08 17:39:34.618995,Dubai-f0c0,25,79,Normal
2026-02-08 17:39:35.618995,Dubai-f0c0,-8,16,Normal
2026-02-08 17:39:36.618995,Dubai-f0c0,39,85,Normal
2026-02-08 17:39:37.618995,Dubai-f0c0,34,9,Normal
2026-02-08 17:39:38.618995,Dubai-f0c0,38,31,Normal
2026-02-08 17:39:39.618995,Dubai-f0c0,17,63,Normal
2026-02-08 17:39:40.618995,Dubai-f0c0,-23,96,Normal
2026-02-08 17:39:41.618995,Dubai-f0c0,26,17,Normal
2026-02-08 17:39:42.618995,Dubai-f0c0,12,69,Normal
2026-02-08 17:39:43.618995,Dubai-f0c0,-20,59,Normal
2026-02-08 17:39:44.618995,Dubai-f0c0,38,84,Normal
2026-02-08 17:39:45.618995,Dubai-f0c0,-3,56,Normal
2026-02-08 17:39:46.618995,Dubai-f0c0,-22,46,Normal
2026-02-08 17:39:47.618995,Dubai-f0c0,-11,65,Normal
2026-02-08 17:39:48.618995,Dubai-f0c0,48,83,Normal
2026-02-08 17:39:49.618995,Dubai-f0c0,48,34,Normal
2026-02-08 17:39:50.618995,Dubai-f0c0,25,90,Normal
2026-02-08 17:39:51.618995,Dubai-f0c0,10,67,Normal
2026-02-08 17:39:52.618995,Dubai-f0c0,-5,84,Normal
2026-02-08 17:39:53.618995,Dubai-f0c0,14,39,Normal
2026-02-08 17:39:54.618995,Dubai-f0c0,37,34,Normal
2026-02-08 17:39:55.618995,Dubai-f0c0,42,17,Normal
2026-02-08 17:39:56.618995,Dubai-f0c0,-18,1,Normal
2026-02-08 17:39:57.618995,Dubai-f0c0,42,94,Normal
2026-02-08 17:39:58.618995,Dubai-f0c0,29,11,Normal
2026-02-08 17:39:59.618995,Dubai-f0c0,6,85,Normal
2026-02-08 17:40:00.618995,Dubai-f0c0,-14,62,Normal
2026-02-08 17:40:01.618995,Dubai-f0c0,31,40,Normal
2026-02-08 17:40:02.618995,Dubai-f0c0,27,33,Normal
2026-02-08 17:40:03.618995,Dubai-f0c0,-23,83,Normal
2026-02-08 17:40:04.618995,Dubai-f0c0,47,1,Normal
2026-02-08 17:40:05.618995,Dubai-f0c0,26,23,Normal
2026-02-08 17:40:06.618995,Dubai-f0c0,48,36,Normal
2026-02-08 17:40:07.618995,Dubai-f0c0,0,15,Normal
2026-02-08 17:40:08.618995,Dubai-f0c0,21,46,Normal
2026-02-08 17:40:09.618995,Dubai-f0c0,48,65,Normal
2026-02-08 17:40:10.618995,Dubai-f0c0,25,77,Normal
2026-02-08 17:40:11.618995,Dubai-f0c0,31,56,Normal
2026-02-08 17:40:12.618995,Dubai-f0c0,43,6,Normal
2026-02-08 17:40:13.618995,Dubai-f0c0,2,61,Normal
2026-02-08 17:40:14.618995,Dubai-f0c0,39,90,Normal
2026-02-08 17:40:15.618995,Dubai-f0c0,-5,24,Normal
2026-02-08 17:40:16.618995,Dubai-f0c0,-12,42,Normal
2026-02-08 17:40:17.618995,Dubai-f0c0,25,38,Normal
2026-02-08 17:40:18.618995,Dubai-f0c0,-27,20,Normal
2026-02-08 17:40:19.618995,Dubai-f0c0,14,49,Normal
2026-02-08 17:40:20.618995,Dubai-f0c0,-2,44,Normal
2026-02-08 17:40:21.618995,Dubai-f0c0,39,75,Normal
2026-02-08 17:40:22.618995,Dubai-f0c0,28,10,Normal
2026-02-08 17:40:23.618995,Dubai-f0c0,9,74,Normal
2026-02-08 17:40:24.618995,Dubai-f0c0,46,37,Normal
2026-02-08 17:40:25.618995,Dubai-f0c0,-6,5,Normal
2026-02-08 17:40:26.618995,Dubai-f0c0,44,84,Normal
2026-02-08 17:40:27.618995,Dubai-f0c0,40,61,Normal
2026-02-08 17:40:28.618995,Dubai-f0c0,21,7,Normal
2026-02-08 17:40:29.618995,Dubai-f0c0,-28,49,Normal
2026-02-08 17:40:30.618995,Dubai-f0c0,-17,5,Normal
2026-02-08 17:40:31.618995,Dubai-f0c0,-9,35,Normal
2026-02-08 17:40:32.618995,Dubai-f0c0,18,74,Normal
2026-02-08 17:40:33.618995,Dubai-f0c0,30,98,Normal
2026-02-08 17:40:34.618995,Dubai-f0c0,40,10,Normal
2026-02-08 17:40:35.618995,Dubai-f0c0,20,4,Normal
2026-02-08 17:40:36.618995,Dubai-f0c0,-4,3,Normal
2026-02-08 17:40:37.618995,Dubai-f0c0,23,22,Normal
2026-02-08 17:40:38.618995,Dubai-f0c0,23,48,Normal
2026-02-08 17:40:39.618995,Dubai-f0c0,-16,23,Normal
2026-02-08 17:40:40.618995,Dubai-f0c0,35,11,Normal
2026-02-08 17:40:41.618995,Dubai-f0c0,43,82,Normal
2026-02-08 17:40:42.618995,Dubai-f0c0,13,51,Normal
2026-02-08 17:40:43.618995,Dubai-f0c0,42,23,Normal
2026-02-08 17:40:44.618995,Dubai-f0c0,-7,73,Normal
2026-02-08 17:40:45.618995,Dubai-f0c0,-19,39,Normal
2026-02-08 17:40:46.618995,Dubai-f0c0,18,65,Normal
2026-02-08 17:40:47.618995,Dubai-f0c0,-1,26,Normal
2026-02-08 17:40:48.618995,Dubai-f0c0,37,9,Normal
2026-02-08 17:40:49.618995,Dubai-f0c0,-25,96,Normal
2026-02-08 17:40:50.618995,Dubai-f0c0,10,86,Normal
2026-02-08 17:40:51.618995,Dubai-f0c0,31,29,Normal
2026-02-08 17:40:52.618995,Dubai-f0c0,24,6,Normal
2026-02-08 17:40:53.618995,Dubai-f0c0,-28,22,Normal
2026-02-08 17:40:54.618995,Dubai-f0c0,45,18,Normal
2026-02-08 17:40:55.618995,Dubai-f0c0,47,50,Normal
2026-02-08 17:40:56.618995,Dubai-f0c0,-4,31,Normal
2026-02-08 17:40:57.618995,Dubai-f0c0,33,91,Normal
2026-02-08 17:40:58.618995,Dubai-f0c0,36,12,Normal
2026-02-08 17:40:59.618995,Dubai-f0c0,-1,83,Normal
2026-02-08 17:41:00.618995,Dubai-f0c0,3,20,Normal
2026-02-08 17:41:01.618995,Dubai-f0c0,47,50,Normal
2026-02-08 17:41:02.618995,Dubai-f0c0,21,78,Normal
2026-02-08 17:41:03.618995,Dubai-f0c0,26,18,Normal
2026-02-08 17:41:04.618995,Dubai-f0c0,12,30,Normal
2026-02-08 17:41:05.618995,Dubai-f0c0,7,62,Normal
2026-02-08 17:41:06.618995,Dubai-f0c0,48,48,Normal
2026-02-08 17:41:07.618995,Dubai-f0c0,35,25,Normal
2026-02-08 17:41:08.618995,Dubai-f0c0,-14,85,Normal
2026-02-08 17:41:09.618995,Dubai-f0c0,15,93,Normal
2026-02-08 17:41:10.618995,Dubai-f0c0,20,58,Normal
2026-02-08 17:41:11.618995,Dubai-f0c0,-18,15,Normal
2026-02-08 17:41:12.618995,Dubai-f0c0,-19,65,Normal
2026-02-08 17:41:13.618995,Dubai-f0c0,-18,24,Normal
2026-02-08 17:41:14.618995,Dubai-f0c0,-18,21,Normal
2026-02-08 17:41:15.618995,Dubai-f0c0,-28,55,Normal
2026-02-08 17:41:16.618995,Dubai-f0c0,40,89,Normal
2026-02-08 17:41:17.618995,Dubai-f0c0,12,97,Normal
2026-02-08 17:41:18.618995,Dubai-f0c0,20,71,Normal
2026-02-08 17:41:19.618995,Dubai-f0c0,45,54,Normal
2026-02-08 17:41:20.618995,Dubai-f0c0,41,75,Normal
2026-02-08 17:41:21.618995,Dubai-f0c0,-3,10,Normal
2026-02-08 17:41:22.618995,Dubai-f0c0,25,100,Normal
2026-02-08 17:41:23.618995,Dubai-f0c0,46,78,Normal
2026-02-08 17:41:24.618995,Dubai-f0c0,-26,13,Normal
2026-02-08 17:41:25.618995,Dubai-f0c0,8,22,Normal
2026-02-08 17:41:26.618995,Dubai-f0c0,11,85,Normal
2026-02-08 17:41:27.618995,Dubai-f0c0,36,87,Normal
2026-02-08 17:41:28.618995,Dubai-f0c0,18,42,Normal
2026-02-08 17:41:29.618995,Dubai-f0c0,-27,18,Normal
2026-02-08 17:41:30.618995,Dubai-f0c0,41,82,Normal
2026-02-08 17:41:31.618995,Dubai-f0c0,10,56,Normal
2026-02-08 17:41:32.618995,Dubai-f0c0,-22,3,Normal
2026-02-08 17:41:33.618995,Dubai-f0c0,-22,86,Normal
2026-02-08 17:41:34.618995,Dubai-f0c0,1,28,Normal
2026-02-08 17:41:35.618995,Dubai-f0c0,27,96,Normal
2026-02-08 17:41:36.618995,Dubai-f0c0,27,87,Normal
2026-02-08 17:41:37.618995,Dubai-f0c0,45,63,Normal
2026-02-08 17:41:38.618995,Dubai-f0c0,17,78,Normal
2026-02-08 17:41:39.618995,Dubai-f0c0,7,15,Normal
2026-02-08 17:41:40.618995,Dubai-f0c0,11,57,Normal
2026-02-08 17:41:41.618995,Dubai-f0c0,-12,7,Normal
2026-02-08 17:41:42.618995,Dubai-f0c0,24,81,Normal
2026-02-08 17:41:43.618995,Dubai-f0c0,42,27,Normal
2026-02-08 17:41:44.618995,Dubai-f0c0,11,84,Normal
2026-02-08 17:41:45.618995,Dubai-f0c0,14,50,Normal
2026-02-08 17:41:46.618995,Dubai-f0c0,43,94,Normal
2026-02-08 17:41:47.618995,Dubai-f0c0,16,76,Normal
2026-02-08 17:41:48.618995,Dubai-f0c0,46,39,Normal
2026-02-08 17:41:49.618995,Dubai-f0c0,-14,76,Normal
2026-02-08 17:41:50.618995,Dubai-f0c0,38,72,Normal
2026-02-08 17:41:51.618995,Dubai-f0c0,22,68,Normal
2026-02-08 17:41:52.618995,Dubai-f0c0,20,28,Normal
2026-02-08 17:41:53.618995,Dubai-f0c0,7,49,Normal
2026-02-08 17:41:54.618995,Dubai-f0c0,41,51,Normal
2026-02-08 17:41:55.618995,Dubai-f0c0,47,17,Normal
2026-02-08 17:41:56.618995,Dubai-f0c0,23,2,Normal
2026-02-08 17:41:57.618995,Dubai-f0c0,21,29,Normal
2026-02-08 17:41:58.618995,Dubai-f0c0,8,21,Normal
2026-02-08 17:41:59.618995,Dubai-f0c0,-15,87,Normal
2026-02-08 17:42:00.618995,Dubai-f0c0,21,16,Normal
2026-02-08 17:42:01.618995,Dubai-f0c0,24,53,Normal
2026-02-08 17:42:02.618995,Dubai-f0c0,19,42,Normal
2026-02-08 17:42:03.618995,Dubai-f0c0,22,5,Normal
2026-02-08 17:42:04.618995,Dubai-f0c0,33,28,Normal
2026-02-08 17:42:05.618995,Dubai-f0c0,36,85,Normal
2026-02-08 17:42:06.618995,Dubai-f0c0,30,79,Normal
2026-02-08 17:42:07.618995,Dubai-f0c0,-11,73,Normal
2026-02-08 17:42:08.618995,Dubai-f0c0,22,93,Normal
2026-02-08 17:42:09.618995,Dubai-f0c0,28,10,Normal
2026-02-08 17:42:10.618995,Dubai-f0c0,36,70,Normal
2026-02-08 17:42:11.618995,Dubai-f0c0,-23,29,Normal
2026-02-08 17:42:12.618995,Dubai-f0c0,-6,7,Normal
2026-02-08 17:42:13.618995,Dubai-f0c0,-10,92,Normal
2026-02-08 17:42:14.618995,Dubai-f0c0,32,87,Normal
2026-02-08 17:42:15.618995,Dubai-f0c0,45,30,Normal
2026-02-08 17:42:16.618995,Dubai-f0c0,-28,76,Normal
2026-02-08 17:42:17.618995,Dubai-f0c0,-2,100,Normal
2026-02-08 17:42:18.618995,Dubai-f0c0,-8,98,Normal
2026-02-08 17:42:19.618995,Dubai-f0c0,-26,5,Normal
2026-02-08 17:42:20.618995,Dubai-f0c0,48,79,Normal
2026-02-08 17:42:21.618995,Dubai-f0c0,42,79,Normal
2026-02-08 17:42:22.618995,Dubai-f0c0,38,9,Normal
2026-02-08 17:42:23.618995,Dubai-f0c0,15,37,Normal
2026-02-08 17:42:24.618995,Dubai-f0c0,44,92,Normal
2026-02-08 17:42:25.618995,Dubai-f0c0,30,96,Normal
2026-02-08 17:42:26.618995,Dubai-f0c0,49,14,Normal
2026-02-08 17:42:27.618995,Dubai-f0c0,7,64,Normal
2026-02-08 17:42:28.618995,Dubai-f0c0,31,68,Normal
2026-02-08 17:42:29.618995,Dubai-f0c0,39,73,Normal
2026-02-08 17:42:30.618995,Dubai-f0c0,35,25,Normal
2026-02-08 17:42:31.618995,Dubai-f0c0,-26,17,Normal
2026-02-08 17:42:32.618995,Dubai-f0c0,6,5,Normal
2026-02-08 17:42:33.618995,Dubai-f0c0,36,58,Normal
2026-02-08 17:42:34.618995,Dubai-f0c0,-21,27,Normal
2026-02-08 17:42:35.618995,Dubai-f0c0,6,81,Normal
2026-02-08 17:42:36.618995,Dubai-f0c0,-24,43,Normal
2026-02-08 17:42:37.618995,Dubai-f0c0,19,91,Normal
2026-02-08 17:42:38.618995,Dubai-f0c0,-30,13,Normal
2026-02-08 17:42:39.618995,Dubai-f0c0,-17,15,Normal
2026-02-08 17:42:40.618995,Dubai-f0c0,27,26,Normal
2026-02-08 17:42:41.618995,Dubai-f0c0,30,37,Normal
2026-02-08 17:42:42.618995,Dubai-f0c0,-13,36,Normal
2026-02-08 17:42:43.618995,Dubai-f0c0,0,48,Normal
2026-02-08 17:42:44.618995,Dubai-f0c0,17,95,Normal
2026-02-08 17:42:45.618995,Dubai-f0c0,2,15,Normal
2026-02-08 17:42:46.618995,Dubai-f0c0,-29,88,Normal
2026-02-08 17:42:47.618995,Dubai-f0c0,33,15,Normal
2026-02-08 17:42:48.618995,Dubai-f0c0,-29,35,Normal
2026-02-08 17:42:49.618995,Dubai-f0c0,-6,29,Normal
2026-02-08 17:42:50.618995,Dubai-f0c0,10,72,Normal
2026-02-08 17:42:51.618995,Dubai-f0c0,10,15,Normal
2026-02-08 17:42:52.618995,Dubai-f0c0,10,47,Normal
2026-02-08 17:42:53.618995,Dubai-f0c0,-5,58,Normal
2026-02-08 17:42:54.618995,Dubai-f0c0,-19,14,Normal
2026-02-08 17:42:55.618995,Dubai-f0c0,30,27,Normal
2026-02-08 17:42:56.618995,Dubai-f0c0,17,18,Normal
2026-02-08 17:42:57.618995,Dubai-f0c0,28,42,Normal
2026-02-08 17:42:58.618995,Dubai-f0c0,35,7,Normal
2026-02-08 17:42:59.618995,Dubai-f0c0,-4,70,Normal
2026-02-08 17:43:00.618995,Dubai-f0c0,29,79,Normal
2026-02-08 17:43:01.618995,Dubai-f0c0,14,94,Normal
2026-02-08 17:43:02.618995,Dubai-f0c0,-8,98,Normal
2026-02-08 17:43:03.618995,Dubai-f0c0,19,53,Normal
2026-02-08 17:43:04.618995,Dubai-f0c0,10,39,Normal
2026-02-08 17:43:05.618995,Dubai-f0c0,19,75,Normal
2026-02-08 17:43:06.618995,Dubai-f0c0,39,96,Normal
2026-02-08 17:43:07.618995,Dubai-f0c0,12,14,Normal
2026-02-08 17:43:08.618995,Dubai-f0c0,32,77,Normal
2026-02-08 17:43:09.618995,Dubai-f0c0,-18,35,Normal
2026-02-08 17:43:10.618995,Dubai-f0c0,48,2,Normal
2026-02-08 17:43:11.618995,Dubai-f0c0,-26,28,Normal
2026-02-08 17:43:12.618995,Dubai-f0c0,-30,3,Normal
2026-02-08 17:43:13.618995,Dubai-f0c0,11,15,Normal
2026-02-08 17:43:14.618995,Dubai-f0c0,-19,18,Normal
2026-02-08 17:43:15.618995,Dubai-f0c0,-16,44,Normal
2026-02-08 17:43:16.618995,Dubai-f0c0,7,9,Normal
2026-02-08 17:43:17.618995,Dubai-f0c0,37,19,Normal
2026-02-08 17:43:18.618995,Dubai-f0c0,46,43,Normal
2026-02-08 17:43:19.618995,Dubai-f0c0,15,2,Normal
2026-02-08 17:43:20.618995,Dubai-f0c0,47,2,Normal
2026-02-08 17:43:21.618995,Dubai-f0c0,-19,18,Normal
2026-02-08 17:43:22.618995,Dubai-f0c0,-3,98,Normal
2026-02-08 17:43:23.618995,Dubai-f0c0,18,38,Normal
2026-02-08 17:43:24.618995,Dubai-f0c0,50,45,Normal
2026-02-08 17:43:25.618995,Dubai-f0c0,3,70,Normal
2026-02-08 17:43:26.618995,Dubai-f0c0,-14,37,Normal
2026-02-08 17:43:27.618995,Dubai-f0c0,42,97,Normal
2026-02-08 17:43:28.618995,Dubai-f0c0,11,55,Normal
2026-02-08 17:43:29.618995,Dubai-f0c0,14,37,Normal
2026-02-08 17:43:30.618995,Dubai-f0c0,29,100,Normal
2026-02-08 17:43:31.618995,Dubai-f0c0,4,9,Normal
2026-02-08 17:43:32.618995,Dubai-f0c0,16,24,Normal
2026-02-08 17:43:33.618995,Dubai-f0c0,-24,0,Normal
2026-02-08 17:43:34.618995,Dubai-f0c0,-5,84,Normal
2026-02-08 17:43:35.618995,Dubai-f0c0,-15,9,Normal
2026-02-08 17:43:36.618995,Dubai-f0c0,21,88,Normal
2026-02-08 17:43:37.618995,Dubai-f0c0,-8,76,Normal
2026-02-08 17:43:38.618995,Dubai-f0c0,8,32,Normal
2026-02-08 17:43:39.618995,Dubai-f0c0,40,99,Normal
2026-02-08 17:43:40.618995,Dubai-f0c0,-13,27,Normal
2026-02-08 17:43:41.618995,Dubai-f0c0,31,3,Normal
2026-02-08 17:43:42.618995,Dubai-f0c0,16,67,Normal
2026-02-08 17:43:43.618995,Dubai-f0c0,19,55,Normal
2026-02-08 17:43:44.618995,Dubai-f0c0,-16,76,Normal
2026-02-08 17:43:45.618995,Dubai-f0c0,27,96,Normal
2026-02-08 17:43:46.618995,Dubai-f0c0,42,79,Normal
2026-02-08 17:43:47.618995,Dubai-f0c0,-11,40,Normal
2026-02-08 17:43:48.618995,Dubai-f0c0,43,52,Normal
2026-02-08 17:43:49.618995,Dubai-f0c0,44,95,Normal
2026-02-08 17:43:50.618995,Dubai-f0c0,45,65,Normal
2026-02-08 17:43:51.618995,Dubai-f0c0,46,63,Normal
2026-02-08 17:43:52.618995,Dubai-f0c0,47,46,Normal
2026-02-08 17:43:53.618995,Dubai-f0c0,5,65,Normal
2026-02-08 17:43:54.618995,Dubai-f0c0,-6,86,Normal
2026-02-08 17:43:55.618995,Dubai-f0c0,-4,66,Normal
2026-02-08 17:43:56.618995,Dubai-f0c0,-8,61,Normal
2026-02-08 17:43:57.618995,Dubai-f0c0,48,67,Normal
2026-02-08 17:43:58.618995,Dubai-f0c0,-6,7,Normal
2026-02-08 17:43:59.618995,Dubai-f0c0,47,63,Normal
2026-02-08 17:44:00.618995,Dubai-f0c0,39,89,Normal
2026-02-08 17:44:01.618995,Dubai-f0c0,-14,33,Normal
2026-02-08 17:44:02.618995,Dubai-f0c0,31,34,Normal
2026-02-08 17:44:03.618995,Dubai-f0c0,-9,22,Normal
2026-02-08 17:44:04.618995,Dubai-f0c0,22,66,Normal
2026-02-08 17:44:05.618995,Dubai-f0c0,-30,30,Normal
2026-02-08 17:44:06.618995,Dubai-f0c0,4,25,Normal
2026-02-08 17:44:07.618995,Dubai-f0c0,-25,52,Normal
2026-02-08 17:44:08.618995,Dubai-f0c0,18,57,Normal
2026-02-08 17:44:09.618995,Dubai-f0c0,40,97,Normal
2026-02-08 17:44:10.618995,Dubai-f0c0,49,54,Normal
2026-02-08 17:44:11.618995,Dubai-f0c0,42,15,Normal
2026-02-08 17:44:12.618995,Dubai-f0c0,-11,50,Normal
2026-02-08 17:44:13.618995,Dubai-f0c0,38,12,Normal
2026-02-08 17:44:14.618995,Dubai-f0c0,-28,84,Normal
2026-02-08 17:44:15.618995,Dubai-f0c0,17,25,Normal
2026-02-08 17:44:16.618995,Dubai-f0c0,34,2,Normal
2026-02-08 17:44:17.618995,Dubai-f0c0,-27,91,Normal
2026-02-08 17:44:18.618995,Dubai-f0c0,40,75,Normal
2026-02-08 17:44:19.618995,Dubai-f0c0,26,64,Normal
2026-02-08 17:44:20.618995,Dubai-f0c0,45,75,Normal
2026-02-08 17:44:21.618995,Dubai-f0c0,37,44,Normal
2026-02-08 17:44:22.618995,Dubai-f0c0,41,5,Normal
2026-02-08 17:44:23.618995,Dubai-f0c0,8,78,Normal
2026-02-08 17:44:24.618995,Dubai-f0c0,21,4,Normal
2026-02-08 17:44:25.618995,Dubai-f0c0,-19,16,Normal
2026-02-08 17:44:26.618995,Dubai-f0c0,31,74,Normal
2026-02-08 17:44:27.618995,Dubai-f0c0,-10,21,Normal
2026-02-08 17:44:28.618995,Dubai-f0c0,39,69,Normal
2026-02-08 17:44:29.618995,Dubai-f0c0,27,39,Normal
2026-02-08 17:44:30.618995,Dubai-f0c0,-14,25,Normal
2026-02-08 17:44:31.618995,Dubai-f0c0,11,38,Normal
2026-02-08 17:44:32.618995,Dubai-f0c0,-9,82,Normal
2026-02-08 17:44:33.618995,Dubai-f0c0,26,65,Normal
2026-02-08 17:44:34.618995,Dubai-f0c0,22,7,Normal
2026-02-08 17:44:35.618995,Dubai-f0c0,-28,2,Normal
2026-02-08 17:44:36.618995,Dubai-f0c0,-10,68,Normal
2026-02-08 17:44:37.618995,Dubai-f0c0,44,91,Normal
2026-02-08 17:44:38.618995,Dubai-f0c0,42,9,Normal
2026-02-08 17:44:39.618995,Dubai-f0c0,-25,72,Normal
2026-02-08 17:44:40.618995,Dubai-f0c0,-3,25,Normal
2026-02-08 17:44:41.618995,Dubai-f0c0,-14,36,Normal
2026-02-08 17:44:42.618995,Dubai-f0c0,26,40,Normal
2026-02-08 17:44:43.618995,Dubai-f0c0,-16,84,Normal
2026-02-08 17:44:44.618995,Dubai-f0c0,30,60,Normal
2026-02-08 17:44:45.618995,Dubai-f0c0,44,24,Normal
2026-02-08 17:44:46.618995,Dubai-f0c0,12,8,Normal
2026-02-08 17:44:47.618995,Dubai-f0c0,6,55,Normal
2026-02-08 17:44:48.618995,Dubai-f0c0,23,70,Normal
2026-02-08 17:44:49.618995,Dubai-f0c0,34,6,Normal
2026-02-08 17:44:50.618995,Dubai-f0c0,26,76,Normal
2026-02-08 17:44:51.618995,Dubai-f0c0,-8,16,Normal
2026-02-08 17:44:52.618995,Dubai-f0c0,6,67,Normal
2026-02-08 17:44:53.618995,Dubai-f0c0,16,70,Normal
2026-02-08 17:44:54.618995,Dubai-f0c0,46,85,Normal
2026-02-08 17:44:55.618995,Dubai-f0c0,26,52,Normal
2026-02-08 17:44:56.618995,Dubai-f0c0,24,79,Normal
2026-02-08 17:44:57.618995,Dubai-f0c0,-7,60,Normal
2026-02-08 17:44:58.618995,Dubai-f0c0,22,44,Normal
2026-02-08 17:44:59.618995,Dubai-f0c0,20,88,Normal
2026-02-08 17:45:00.618995,Dubai-f0c0,28,22,Normal
2026-02-08 17:45:01.618995,Dubai-f0c0,-13,50,Normal
2026-02-08 17:45:02.618995,Dubai-f0c0,13,78,Normal
2026-02-08 17:45:03.618995,Dubai-f0c0,48,62,Normal
2026-02-08 17:45:04.618995,Dubai-f0c0,28,54,Normal
2026-02-08 17:45:05.618995,Dubai-f0c0,7,8,Normal
2026-02-08 17:45:06.618995,Dubai-f0c0,-27,70,Normal
2026-02-08 17:45:07.618995,Dubai-f0c0,44,88,Normal
2026-02-08 17:45:08.618995,Dubai-f0c0,29,34,Normal
2026-02-08 17:45:09.618995,Dubai-f0c0,43,58,Normal
2026-02-08 17:45:10.618995,Dubai-f0c0,-2,29,Normal
2026-02-08 17:45:11.618995,Dubai-f0c0,16,9,Normal
2026-02-08 17:45:12.618995,Dubai-f0c0,5,8,Normal
2026-02-08 17:45:13.618995,Dubai-f0c0,45,4,Normal
2026-02-08 17:45:14.618995,Dubai-f0c0,-9,69,Normal
2026-02-08 17:45:15.618995,Dubai-f0c0,47,27,Normal
2026-02-08 17:45:16.618995,Dubai-f0c0,22,52,Normal
2026-02-08 17:45:17.618995,Dubai-f0c0,21,28,Normal
2026-02-08 17:45:18.618995,Dubai-f0c0,48,5,Normal
2026-02-08 17:45:19.618995,Dubai-f0c0,29,75,Normal
2026-02-08 17:45:20.618995,Dubai-f0c0,-26,25,Normal
2026-02-08 17:45:21.618995,Dubai-f0c0,-7,48,Normal
2026-02-08 17:45:22.618995,Dubai-f0c0,34,26,Normal
2026-02-08 17:45:23.618995,Dubai-f0c0,0,77,Normal
2026-02-08 17:45:24.618995,Dubai-f0c0,-3,41,Normal
2026-02-08 17:45:25.618995,Dubai-f0c0,41,54,Normal
2026-02-08 17:45:26.618995,Dubai-f0c0,41,17,Normal
2026-02-08 17:45:27.618995,Dubai-f0c0,41,71,Normal
2026-02-08 17:45:28.618995,Dubai-f0c0,35,7,Normal
2026-02-08 17:45:29.618995,Dubai-f0c0,10,18,Normal
2026-02-08 17:45:30.618995,Dubai-f0c0,23,23,Normal
2026-02-08 17:45:31.618995,Dubai-f0c0,8,14,Normal
2026-02-08 17:45:32.618995,Dubai-f0c0,-3,71,Normal
2026-02-08 17:45:33.618995,Dubai-f0c0,-19,94,Normal
2026-02-08 17:45:34.618995,Dubai-f0c0,45,80,Normal
2026-02-08 17:45:35.618995,Dubai-f0c0,-19,58,Normal
2026-02-08 17:45:36.618995,Dubai-f0c0,12,58,Normal
2026-02-08 17:45:37.618995,Dubai-f0c0,5,27,Normal
2026-02-08 17:45:38.618995,Dubai-f0c0,27,31,Normal
2026-02-08 17:45:39.618995,Dubai-f0c0,32,31,Normal
2026-02-08 17:45:40.618995,Dubai-f0c0,16,5,Normal
2026-02-08 17:45:41.618995,Dubai-f0c0,22,5,Normal
2026-02-08 17:45:42.618995,Dubai-f0c0,29,71,Normal
2026-02-08 17:45:43.618995,Dubai-f0c0,35,25,Normal
2026-02-08 17:45:44.618995,Dubai-f0c0,0,5,Normal
2026-02-08 17:45:45.618995,Dubai-f0c0,-30,48,Normal
2026-02-08 17:45:46.618995,Dubai-f0c0,27,57,Normal
2026-02-08 17:45:47.618995,Dubai-f0c0,-11,40,Normal
2026-02-08 17:45:48.618995,Dubai-f0c0,-17,96,Normal
2026-02-08 17:45:49.618995,Dubai-f0c0,6,92,Normal
2026-02-08 17:45:50.618995,Dubai-f0c0,37,63,Normal
2026-02-08 17:45:51.618995,Dubai-f0c0,20,24,Normal
2026-02-08 17:45:52.618995,Dubai-f0c0,-1,70,Normal
2026-02-08 17:45:53.618995,Dubai-f0c0,12,47,Normal
2026-02-08 17:45:54.618995,Dubai-f0c0,-11,58,Normal
2026-02-08 17:45:55.618995,Dubai-f0c0,-12,44,Normal
2026-02-08 17:45:56.618995,Dubai-f0c0,23,71,Normal
2026-02-08 17:45:57.618995,Dubai-f0c0,39,57,Normal
2026-02-08 17:45:58.618995,Dubai-f0c0,-28,11,Normal
2026-02-08 17:45:59.618995,Dubai-f0c0,17,96,Normal
2026-02-08 17:46:00.618995,Dubai-f0c0,-20,35,Normal
2026-02-08 17:46:01.618995,Dubai-f0c0,6,5,Normal
2026-02-08 17:46:02.618995,Dubai-f0c0,50,33,Normal
2026-02-08 17:46:03.618995,Dubai-f0c0,6,34,Normal
2026-02-08 17:46:04.618995,Dubai-f0c0,27,48,Normal
2026-02-08 17:46:05.618995,Dubai-f0c0,49,14,Normal
2026-02-08 17:46:06.618995,Dubai-f0c0,29,47,Normal
2026-02-08 17:46:07.618995,Dubai-f0c0,-20,10,Normal
2026-02-08 17:46:08.618995,Dubai-f0c0,-16,66,Normal
2026-02-08 17:46:09.618995,Dubai-f0c0,45,67,Normal
2026-02-08 17:46:10.618995,Dubai-f0c0,47,18,Normal
2026-02-08 17:46:11.618995,Dubai-f0c0,-13,3,Normal
2026-02-08 17:46:12.618995,Dubai-f0c0,-9,22,Normal
2026-02-08 17:46:13.618995,Dubai-f0c0,23,32,Normal
2026-02-08 17:46:14.618995,Dubai-f0c0,10,56,Normal
2026-02-08 17:46:15.618995,Dubai-f0c0,10,91,Normal
2026-02-08 17:46:16.618995,Dubai-f0c0,-13,80,Normal
2026-02-08 17:46:17.618995,Dubai-f0c0,-26,43,Normal
2026-02-08 17:46:18.618995,Dubai-f0c0,-13,59,Normal
2026-02-08 17:46:19.618995,Dubai-f0c0,-26,52,Normal
2026-02-08 17:46:20.618995,Dubai-f0c0,-7,92,Normal
2026-02-08 17:46:21.618995,Dubai-f0c0,13,40,Normal
2026-02-08 17:46:22.618995,Dubai-f0c0,32,7,Normal
2026-02-08 17:46:23.618995,Dubai-f0c0,47,32,Normal
2026-02-08 17:46:24.618995,Dubai-f0c0,15,92,Normal
2026-02-08 17:46:25.618995,Dubai-f0c0,26,79,Normal
2026-02-08 17:46:26.618995,Dubai-f0c0,42,100,Normal
2026-02-08 17:46:27.618995,Dubai-f0c0,1,58,Normal
2026-02-08 17:46:28.618995,Dubai-f0c0,-21,1,Normal
2026-02-08 17:46:29.618995,Dubai-f0c0,38,36,Normal
2026-02-08 17:46:30.618995,Dubai-f0c0,2,33,Normal
2026-02-08 17:46:31.618995,Dubai-f0c0,34,35,Normal
2026-02-08 17:46:32.618995,Dubai-f0c0,-29,32,Normal
2026-02-08 17:46:33.618995,Dubai-f0c0,-3,89,Normal
2026-02-08 17:46:34.618995,Dubai-f0c0,41,49,Normal
2026-02-08 17:46:35.618995,Dubai-f0c0,25,50,Normal
2026-02-08 17:46:36.618995,Dubai-f0c0,19,96,Normal
2026-02-08 17:46:37.618995,Dubai-f0c0,17,8,Normal
2026-02-08 17:46:38.618995,Dubai-f0c0,10,36,Normal
2026-02-08 17:46:39.618995,Dubai-f0c0,17,74,Normal
2026-02-08 17:46:40.618995,Dubai-f0c0,-8,11,Normal
2026-02-08 17:46:41.618995,Dubai-f0c0,7,31,Normal
2026-02-08 17:46:42.618995,Dubai-f0c0,22,72,Normal
2026-02-08 17:46:43.618995,Dubai-f0c0,46,66,Normal
2026-02-08 17:46:44.618995,Dubai-f0c0,45,33,Normal
2026-02-08 17:46:45.618995,Dubai-f0c0,-12,28,Normal
2026-02-08 17:46:46.618995,Dubai-f0c0,33,59,Normal
2026-02-08 17:46:47.618995,Dubai-f0c0,4,25,Normal
2026-02-08 17:46:48.618995,Dubai-f0c0,49,27,Normal
2026-02-08 17:46:49.618995,Dubai-f0c0,12,83,Normal
2026-02-08 17:46:50.618995,Dubai-f0c0,11,49,Normal
2026-02-08 17:46:51.618995,Dubai-f0c0,42,60,Normal
2026-02-08 17:46:52.618995,Dubai-f0c0,-25,29,Normal
2026-02-08 17:46:53.618995,Dubai-f0c0,-18,12,Normal
2026-02-08 17:46:54.618995,Dubai-f0c0,6,8,Normal
2026-02-08 17:46:55.618995,Dubai-f0c0,-28,96,Normal
2026-02-08 17:46:56.618995,Dubai-f0c0,-5,55,Normal
2026-02-08 17:46:57.618995,Dubai-f0c0,-10,59,Normal
2026-02-08 17:46:58.618995,Dubai-f0c0,14,49,Normal
2026-02-08 17:46:59.618995,Dubai-f0c0,-7,57,Normal
2026-02-08 17:47:00.618995,Dubai-f0c0,-27,60,Normal
2026-02-08 17:47:01.618995,Dubai-f0c0,-5,75,Normal
2026-02-08 17:47:02.618995,Dubai-f0c0,-4,23,Normal
2026-02-08 17:47:03.618995,Dubai-f0c0,-9,75,Normal
2026-02-08 17:47:04.618995,Dubai-f0c0,28,17,Normal
2026-02-08 17:47:05.618995,Dubai-f0c0,-19,95,Normal
2026-02-08 17:47:06.618995,Dubai-f0c0,17,85,Normal
2026-02-08 17:47:07.618995,Dubai-f0c0,-27,90,Normal
2026-02-08 17:47:08.618995,Dubai-f0c0,26,64,Normal
2026-02-08 17:47:09.618995,Dubai-f0c0,-1,50,Normal
2026-02-08 17:47:10.618995,Dubai-f0c0,11,73,Normal
2026-02-08 17:47:11.618995,Dubai-f0c0,-5,20,Normal
2026-02-08 17:47:12.618995,Dubai-f0c0,-19,95,Normal
2026-02-08 17:47:13.618995,Dubai-f0c0,31,89,Normal
2026-02-08 17:47:14.618995,Dubai-f0c0,15,87,Normal
2026-02-08 17:47:15.618995,Dubai-f0c0,15,63,Normal
2026-02-08 17:47:16.618995,Dubai-f0c0,-28,60,Normal
2026-02-08 17:47:17.618995,Dubai-f0c0,4,77,Normal
2026-02-08 17:47:18.618995,Dubai-f0c0,22,82,Normal
2026-02-08 17:47:19.618995,Dubai-f0c0,2,69,Normal
2026-02-08 17:47:20.618995,Dubai-f0c0,-29,7,Normal
2026-02-08 17:47:21.618995,Dubai-f0c0,-29,70,Normal
2026-02-08 17:47:22.618995,Dubai-f0c0,-2,89,Normal
2026-02-08 17:47:23.618995,Dubai-f0c0,-25,55,Normal
2026-02-08 17:47:24.618995,Dubai-f0c0,39,21,Normal
2026-02-08 17:47:25.618995,Dubai-f0c0,22,57,Normal
2026-02-08 17:47:26.618995,Dubai-f0c0,-15,66,Normal
2026-02-08 17:47:27.618995,Dubai-f0c0,-11,6,Normal
2026-02-08 17:47:28.618995,Dubai-f0c0,-29,29,Normal
2026-02-08 17:47:29.618995,Dubai-f0c0,6,45,Normal
2026-02-08 17:47:30.618995,Dubai-f0c0,12,56,Normal
2026-02-08 17:47:31.618995,Dubai-f0c0,-7,81,Normal
2026-02-08 17:47:32.618995,Dubai-f0c0,24,85,Normal
2026-02-08 17:47:33.618995,Dubai-f0c0,18,86,Normal
2026-02-08 17:47:34.618995,Dubai-f0c0,-14,60,Normal
2026-02-08 17:47:35.618995,Dubai-f0c0,50,2,Normal
2026-02-08 17:47:36.618995,Dubai-f0c0,29,74,Normal
2026-02-08 17:47:37.618995,Dubai-f0c0,-27,18,Normal
2026-02-08 17:47:38.618995,Dubai-f0c0,3,63,Normal
2026-02-08 17:47:39.618995,Dubai-f0c0,27,72,Normal
2026-02-08 17:47:40.618995,Dubai-f0c0,11,44,Normal
2026-02-08 17:47:41.618995,Dubai-f0c0,-26,22,Normal
2026-02-08 17:47:42.618995,Dubai-f0c0,30,53,Normal
2026-02-08 17:47:43.618995,Dubai-f0c0,-12,90,Normal
2026-02-08 17:47:44.618995,Dubai-f0c0,-3,35,Normal
2026-02-08 17:47:45.618995,Dubai-f0c0,-7,17,Normal
2026-02-08 17:47:46.618995,Dubai-f0c0,23,45,Normal
2026-02-08 17:47:47.618995,Dubai-f0c0,2,44,Normal
2026-02-08 17:47:48.618995,Dubai-f0c0,25,18,Normal
2026-02-08 17:47:49.618995,Dubai-f0c0,6,18,Normal
2026-02-08 17:47:50.618995,Dubai-f0c0,4,11,Normal
2026-02-08 17:47:51.618995,Dubai-f0c0,12,40,Normal
2026-02-08 17:47:52.618995,Dubai-f0c0,-22,45,Normal
2026-02-08 17:47:53.618995,Dubai-f0c0,-13,41,Normal
2026-02-08 17:47:54.618995,Dubai-f0c0,44,67,Normal
2026-02-08 17:47:55.618995,Dubai-f0c0,21,77,Normal
2026-02-08 17:47:56.618995,Dubai-f0c0,-30,15,Normal
2026-02-08 17:47:57.618995,Dubai-f0c0,24,74,Normal
2026-02-08 17:47:58.618995,Dubai-f0c0,19,69,Normal
2026-02-08 17:47:59.618995,Dubai-f0c0,-28,68,Normal
2026-02-08 17:48:00.618995,Dubai-f0c0,3,8,Normal
2026-02-08 17:48:01.618995,Dubai-f0c0,45,76,Normal
2026-02-08 17:48:02.618995,Dubai-f0c0,31,4,Normal
2026-02-08 17:48:03.618995,Dubai-f0c0,6,39,Normal
2026-02-08 17:48:04.618995,Dubai-f0c0,-24,42,Normal
2026-02-08 17:48:05.618995,Dubai-f0c0,15,80,Normal
2026-02-08 17:48:06.618995,Dubai-f0c0,-17,88,Normal
2026-02-08 17:48:07.618995,Dubai-f0c0,-7,56,Normal
2026-02-08 17:48:08.618995,Dubai-f0c0,40,82,Normal
2026-02-08 17:48:09.618995,Dubai-f0c0,29,7,Normal
2026-02-08 17:48:10.618995,Dubai-f0c0,-3,5,Normal
2026-02-08 17:48:11.618995,Dubai-f0c0,5,40,Normal
2026-02-08 17:48:12.618995,Dubai-f0c0,27,9,Normal
2026-02-08 17:48:13.618995,Dubai-f0c0,9,93,Normal
2026-02-08 17:48:14.618995,Dubai-f0c0,0,16,Normal
2026-02-08 17:48:15.618995,Dubai-f0c0,3,73,Normal
2026-02-08 17:48:16.618995,Dubai-f0c0,8,18,Normal
2026-02-08 17:48:17.618995,Dubai-f0c0,-16,16,Normal
2026-02-08 17:48:18.618995,Dubai-f0c0,-25,97,Normal
2026-02-08 17:48:19.618995,Dubai-f0c0,19,46,Normal
2026-02-08 17:48:20.618995,Dubai-f0c0,22,90,Normal
2026-02-08 17:48:21.618995,Dubai-f0c0,30,77,Normal
2026-02-08 17:48:22.618995,Dubai-f0c0,-4,49,Normal
2026-02-08 17:48:23.618995,Dubai-f0c0,-3,49,Normal
2026-02-08 17:48:24.618995,Dubai-f0c0,34,94,Normal
2026-02-08 17:48:25.618995,Dubai-f0c0,-26,82,Normal
2026-02-08 17:48:26.618995,Dubai-f0c0,46,85,Normal
2026-02-08 17:48:27.618995,Dubai-f0c0,5,88,Normal
2026-02-08 17:48:28.618995,Dubai-f0c0,-4,48,Normal
2026-02-08 17:48:29.618995,Dubai-f0c0,13,25,Normal
2026-02-08 17:48:30.618995,Dubai-f0c0,41,60,Normal
2026-02-08 17:48:31.618995,Dubai-f0c0,-23,11,Normal
2026-02-08 17:48:32.618995,Dubai-f0c0,50,26,Normal
2026-02-08 17:48:33.618995,Dubai-f0c0,5,66,Normal
2026-02-08 17:48:34.618995,Dubai-f0c0,12,97,Normal
2026-02-08 17:48:35.618995,Dubai-f0c0,7,96,Normal
2026-02-08 17:48:36.618995,Dubai-f0c0,28,66,Normal
2026-02-08 17:48:37.618995,Dubai-f0c0,7,57,Normal
2026-02-08 17:48:38.618995,Dubai-f0c0,-9,24,Normal
2026-02-08 17:48:39.618995,Dubai-f0c0,-11,77,Normal
2026-02-08 17:48:40.618995,Dubai-f0c0,28,42,Normal
2026-02-08 17:48:41.618995,Dubai-f0c0,27,79,Normal
2026-02-08 17:48:42.618995,Dubai-f0c0,5,80,Normal
2026-02-08 17:48:43.618995,Dubai-f0c0,30,61,Normal
2026-02-08 17:48:44.618995,Dubai-f0c0,-20,70,Normal
2026-02-08 17:48:45.618995,Dubai-f0c0,45,6,Normal
2026-02-08 17:48:46.618995,Dubai-f0c0,8,1,Normal
2026-02-08 17:48:47.618995,Dubai-f0c0,4,37,Normal
2026-02-08 17:48:48.618995,Dubai-f0c0,5,73,Normal
2026-02-08 17:48:49.618995,Dubai-f0c0,25,31,Normal
2026-02-08 17:48:50.618995,Dubai-f0c0,-24,89,Normal
2026-02-08 17:48:51.618995,Dubai-f0c0,19,28,Normal
2026-02-08 17:48:52.618995,Dubai-f0c0,-14,34,Normal
2026-02-08 17:48:53.618995,Dubai-f0c0,-6,45,Normal
2026-02-08 17:48:54.618995,Dubai-f0c0,47,92,Normal
2026-02-08 17:48:55.618995,Dubai-f0c0,7,43,Normal
2026-02-08 17:48:56.618995,Dubai-f0c0,-11,51,Normal
2026-02-08 17:48:57.618995,Dubai-f0c0,26,16,Normal
2026-02-08 17:48:58.618995,Dubai-f0c0,-22,42,Normal
2026-02-08 17:48:59.618995,Dubai-f0c0,-2,95,Normal
2026-02-08 17:49:00.618995,Dubai-f0c0,48,77,Normal
2026-02-08 17:49:01.618995,Dubai-f0c0,-21,34,Normal
2026-02-08 17:49:02.618995,Dubai-f0c0,-8,94,Normal
2026-02-08 17:49:03.618995,Dubai-f0c0,-16,23,Normal
2026-02-08 17:49:04.618995,Dubai-f0c0,-30,36,Normal
2026-02-08 17:49:05.618995,Dubai-f0c0,49,58,Normal
2026-02-08 17:49:06.618995,Dubai-f0c0,7,58,Normal
2026-02-08 17:49:07.618995,Dubai-f0c0,4,61,Normal
2026-02-08 17:49:08.618995,Dubai-f0c0,-5,81,Normal
2026-02-08 17:49:09.618995,Dubai-f0c0,-9,76,Normal
2026-02-08 17:49:10.618995,Dubai-f0c0,50,38,Normal
2026-02-08 17:49:11.618995,Dubai-f0c0,-19,15,Normal
2026-02-08 17:49:12.618995,Dubai-f0c0,-5,33,Normal
2026-02-08 17:49:13.618995,Dubai-f0c0,-21,64,Normal
2026-02-08 17:49:14.618995,Dubai-f0c0,28,31,Normal
2026-02-08 17:49:15.618995,Dubai-f0c0,39,60,Normal
2026-02-08 17:49:16.618995,Dubai-f0c0,49,94,Normal
2026-02-08 17:49:17.618995,Dubai-f0c0,5,58,Normal
2026-02-08 17:49:18.618995,Dubai-f0c0,-11,67,Normal
2026-02-08 17:49:19.618995,Dubai-f0c0,45,54,Normal
2026-02-08 17:49:20.618995,Dubai-f0c0,-21,85,Normal
2026-02-08 17:49:21.618995,Dubai-f0c0,4,29,Normal
2026-02-08 17:49:22.618995,Dubai-f0c0,27,19,Normal
2026-02-08 17:49:23.618995,Dubai-f0c0,-28,32,Normal
2026-02-08 17:49:24.618995,Dubai-f0c0,17,79,Normal
2026-02-08 17:49:25.618995,Dubai-f0c0,4,36,Normal
2026-02-08 17:49:26.618995,Dubai-f0c0,-14,10,Normal
2026-02-08 17:49:27.618995,Dubai-f0c0,14,13,Normal
2026-02-08 17:49:28.618995,Dubai-f0c0,6,48,Normal
2026-02-08 17:49:29.618995,Dubai-f0c0,-9,6,Normal
2026-02-08 17:49:30.618995,Dubai-f0c0,-13,77,Normal
2026-02-08 17:49:31.618995,Dubai-f0c0,-27,60,Normal
2026-02-08 17:49:32.618995,Dubai-f0c0,49,79,Normal
2026-02-08 17:49:33.618995,Dubai-f0c0,-5,25,Normal
2026-02-08 17:49:34.618995,Dubai-f0c0,22,83,Normal
2026-02-08 17:49:35.618995,Dubai-f0c0,-25,61,Normal
2026-02-08 17:49:36.618995,Dubai-f0c0,-17,100,Normal
2026-02-08 17:49:37.618995,Dubai-f0c0,41,68,Normal
2026-02-08 17:49:38.618995,Dubai-f0c0,38,27,Normal
2026-02-08 17:49:39.618995,Dubai-f0c0,-15,6,Normal
2026-02-08 17:49:40.618995,Dubai-f0c0,-27,52,Normal
2026-02-08 17:49:41.618995,Dubai-f0c0,23,46,Normal
2026-02-08 17:49:42.618995,Dubai-f0c0,33,28,Normal
2026-02-08 17:49:43.618995,Dubai-f0c0,-16,58,Normal
2026-02-08 17:49:44.618995,Dubai-f0c0,-7,36,Normal
2026-02-08 17:49:45.618995,Dubai-f0c0,16,9,Normal
2026-02-08 17:49:46.618995,Dubai-f0c0,41,66,Normal
2026-02-08 17:49:47.618995,Dubai-f0c0,40,11,Normal
2026-02-08 17:49:48.618995,Dubai-f0c0,4,62,Normal
2026-02-08 17:49:49.618995,Dubai-f0c0,-17,60,Normal
2026-02-08 17:49:50.618995,Dubai-f0c0,2,59,Normal
2026-02-08 17:49:51.618995,Dubai-f0c0,35,7,Normal
2026-02-08 17:49:52.618995,Dubai-f0c0,43,7,Normal
2026-02-08 17:49:53.618995,Dubai-f0c0,37,58,Normal
2026-02-08 17:49:54.618995,Dubai-f0c0,-8,46,Normal
2026-02-08 17:49:55.618995,Dubai-f0c0,12,35,Normal
2026-02-08 17:49:56.618995,Dubai-f0c0,28,53,Normal
2026-02-08 17:49:57.618995,Dubai-f0c0,25,89,Normal
2026-02-08 17:49:58.618995,Dubai-f0c0,9,30,Normal
2026-02-08 17:49:59.618995,Dubai-f0c0,0,31,Normal
2026-02-08 17:50:00.618995,Dubai-f0c0,27,96,Normal
2026-02-08 17:50:01.618995,Dubai-f0c0,-28,42,Normal
2026-02-08 17:50:02.618995,Dubai-f0c0,7,41,Normal
2026-02-08 17:50:03.618995,Dubai-f0c0,9,95,Normal
2026-02-08 17:50:04.618995,Dubai-f0c0,44,36,Normal
2026-02-08 17:50:05.618995,Dubai-f0c0,-17,78,Normal
2026-02-08 17:50:06.618995,Dubai-f0c0,-15,15,Normal
2026-02-08 17:50:07.618995,Dubai-f0c0,42,34,Normal
2026-02-08 17:50:08.618995,Dubai-f0c0,-24,29,Normal
2026-02-08 17:50:09.618995,Dubai-f0c0,-1,9,Normal
2026-02-08 17:50:10.618995,Dubai-f0c0,-20,42,Normal
2026-02-08 17:50:11.618995,Dubai-f0c0,33,82,Normal
2026-02-08 17:50:12.618995,Dubai-f0c0,40,20,Normal
2026-02-08 17:50:13.618995,Dubai-f0c0,42,23,Normal
2026-02-08 17:50:14.618995,Dubai-f0c0,-18,58,Normal
2026-02-08 17:50:15.618995,Dubai-f0c0,12,85,Normal
2026-02-08 17:50:16.618995,Dubai-f0c0,-9,83,Normal
2026-02-08 17:50:17.618995,Dubai-f0c0,-3,47,Normal
2026-02-08 17:50:18.618995,Dubai-f0c0,24,62,Normal
2026-02-08 17:50:19.618995,Dubai-f0c0,-30,33,Normal
2026-02-08 17:50:20.618995,Dubai-f0c0,-26,14,Normal
2026-02-08 17:50:21.618995,Dubai-f0c0,42,62,Normal
2026-02-08 17:50:22.618995,Dubai-f0c0,4,29,Normal
2026-02-08 17:50:23.618995,Dubai-f0c0,-30,72,Normal
2026-02-08 17:50:24.618995,Dubai-f0c0,49,79,Normal
2026-02-08 17:50:25.618995,Dubai-f0c0,33,61,Normal
2026-02-08 17:50:26.618995,Dubai-f0c0,37,37,Normal
2026-02-08 17:50:27.618995,Dubai-f0c0,11,15,Normal
2026-02-08 17:50:28.618995,Dubai-f0c0,25,50,Normal
2026-02-08 17:50:29.618995,Dubai-f0c0,23,13,Normal
2026-02-08 17:50:30.618995,Dubai-f0c0,7,41,Normal
2026-02-08 17:50:31.618995,Dubai-f0c0,21,76,Normal
2026-02-08 17:50:32.618995,Dubai-f0c0,29,86,Normal
2026-02-08 17:50:33.618995,Dubai-f0c0,-18,21,Normal
2026-02-08 17:50:34.618995,Dubai-f0c0,-4,57,Normal
2026-02-08 17:50:35.618995,Dubai-f0c0,44,2,Normal
2026-02-08 17:50:36.618995,Dubai-f0c0,10,28,Normal
2026-02-08 17:50:37.618995,Dubai-f0c0,-20,66,Normal
2026-02-08 17:50:38.618995,Dubai-f0c0,-12,65,Normal
2026-02-08 17:50:39.618995,Dubai-f0c0,48,14,Normal
2026-02-08 17:50:40.618995,Dubai-f0c0,-12,73,Normal
2026-02-08 17:50:41.618995,Dubai-f0c0,-17,64,Normal
2026-02-08 17:50:42.618995,Dubai-f0c0,-5,36,Normal
2026-02-08 17:50:43.618995,Dubai-f0c0,-23,74,Normal
2026-02-08 17:50:44.618995,Dubai-f0c0,-23,58,Normal
2026-02-08 17:50:45.618995,Dubai-f0c0,19,17,Normal
2026-02-08 17:50:46.618995,Dubai-f0c0,11,74,Normal
2026-02-08 17:50:47.618995,Dubai-f0c0,48,24,Normal
2026-02-08 17:50:48.618995,Dubai-f0c0,15,61,Normal
2026-02-08 17:50:49.618995,Dubai-f0c0,-22,77,Normal
2026-02-08 17:50:50.618995,Dubai-f0c0,11,17,Normal
2026-02-08 17:50:51.618995,Dubai-f0c0,-8,94,Normal
2026-02-08 17:50:52.618995,Dubai-f0c0,42,81,Normal
2026-02-08 17:50:53.618995,Dubai-f0c0,45,8,Normal
2026-02-08 17:50:54.618995,Dubai-f0c0,28,30,Normal
2026-02-08 17:50:55.618995,Dubai-f0c0,8,89,Normal
2026-02-08 17:50:56.618995,Dubai-f0c0,-2,76,Normal
2026-02-08 17:50:57.618995,Dubai-f0c0,14,64,Normal
2026-02-08 17:50:58.618995,Dubai-f0c0,11,18,Normal
2026-02-08 17:50:59.618995,Dubai-f0c0,28,3,Normal
2026-02-08 17:51:00.618995,Dubai-f0c0,7,92,Normal
2026-02-08 17:51:01.618995,Dubai-f0c0,40,18,Normal
2026-02-08 17:51:02.618995,Dubai-f0c0,48,19,Normal
2026-02-08 17:51:03.618995,Dubai-f0c0,17,32,Normal
2026-02-08 17:51:04.618995,Dubai-f0c0,-21,41,Normal
2026-02-08 17:51:05.618995,Dubai-f0c0,16,65,Normal
2026-02-08 17:51:06.618995,Dubai-f0c0,16,27,Normal
2026-02-08 17:51:07.618995,Dubai-f0c0,6,100,Normal
2026-02-08 17:51:08.618995,Dubai-f0c0,-11,74,Normal
2026-02-08 17:51:09.618995,Dubai-f0c0,42,36,Normal
2026-02-08 17:51:10.618995,Dubai-f0c0,6,93,Normal
2026-02-08 17:51:11.618995,Dubai-f0c0,-9,6,Normal
2026-02-08 17:51:12.618995,Dubai-f0c0,11,40,Normal
2026-02-08 17:51:13.618995,Dubai-f0c0,26,91,Normal
2026-02-08 17:51:14.618995,Dubai-f0c0,-17,36,Normal
2026-02-08 17:51:15.618995,Dubai-f0c0,40,4,Normal
2026-02-08 17:51:16.618995,Dubai-f0c0,-18,99,Normal
2026-02-08 17:51:17.618995,Dubai-f0c0,-26,87,Normal
2026-02-08 17:51:18.618995,Dubai-f0c0,22,10,Normal
2026-02-08 17:51:19.618995,Dubai-f0c0,-2,45,Normal
2026-02-08 17:51:20.618995,Dubai-f0c0,-12,45,Normal
2026-02-08 17:51:21.618995,Dubai-f0c0,-15,0,Normal
2026-02-08 17:51:22.618995,Dubai-f0c0,-1,1,Normal
2026-02-08 17:51:23.618995,Dubai-f0c0,19,62,Normal
2026-02-08 17:51:24.618995,Dubai-f0c0,17,2,Normal
2026-02-08 17:51:25.618995,Dubai-f0c0,22,64,Normal
2026-02-08 17:51:26.618995,Dubai-f0c0,45,71,Normal
2026-02-08 17:51:27.618995,Dubai-f0c0,33,80,Normal
2026-02-08 17:51:28.618995,Dubai-f0c0,50,90,Normal
2026-02-08 17:51:29.618995,Dubai-f0c0,48,80,Normal
2026-02-08 17:51:30.618995,Dubai-f0c0,23,41,Normal
2026-02-08 17:51:31.618995,Dubai-f0c0,44,50,Normal
2026-02-08 17:51:32.618995,Dubai-f0c0,42,7,Normal
2026-02-08 17:51:33.618995,Dubai-f0c0,2,26,Normal
2026-02-08 17:51:34.618995,Dubai-f0c0,-24,22,Normal
2026-02-08 17:51:35.618995,Dubai-f0c0,-26,44,Normal
2026-02-08 17:51:36.618995,Dubai-f0c0,20,3,Normal
2026-02-08 17:51:37.618995,Dubai-f0c0,26,1,Normal
2026-02-08 17:51:38.618995,Dubai-f0c0,-16,81,Normal
2026-02-08 17:51:39.618995,Dubai-f0c0,-17,66,Normal
2026-02-08 17:51:40.618995,Dubai-f0c0,1,44,Normal
2026-02-08 17:51:41.618995,Dubai-f0c0,44,67,Normal
2026-02-08 17:51:42.618995,Dubai-f0c0,-4,28,Normal
2026-02-08 17:51:43.618995,Dubai-f0c0,41,64,Normal
2026-02-08 17:51:44.618995,Dubai-f0c0,-21,90,Normal
2026-02-08 17:51:45.618995,Dubai-f0c0,23,46,Normal
2026-02-08 17:51:46.618995,Dubai-f0c0,47,90,Normal
2026-02-08 17:51:47.618995,Dubai-f0c0,12,87,Normal
2026-02-08 17:51:48.618995,Dubai-f0c0,17,2,Normal
2026-02-08 17:51:49.618995,Dubai-f0c0,42,0,Normal
2026-02-08 17:51:50.618995,Dubai-f0c0,23,99,Normal
2026-02-08 17:51:51.618995,Dubai-f0c0,34,16,Normal
2026-02-08 17:51:52.618995,Dubai-f0c0,-28,75,Normal
2026-02-08 17:51:53.618995,Dubai-f0c0,6,84,Normal
2026-02-08 17:51:54.618995,Dubai-f0c0,14,50,Normal
2026-02-08 17:51:55.618995,Dubai-f0c0,28,91,Normal
2026-02-08 17:51:56.618995,Dubai-f0c0,29,48,Normal
2026-02-08 17:51:57.618995,Dubai-f0c0,-5,9,Normal
2026-02-08 17:51:58.618995,Dubai-f0c0,-6,70,Normal
2026-02-08 17:51:59.618995,Dubai-f0c0,47,98,Normal
2026-02-08 17:52:00.618995,Dubai-f0c0,29,23,Normal
2026-02-08 17:52:01.618995,Dubai-f0c0,-26,42,Normal
2026-02-08 17:52:02.618995,Dubai-f0c0,50,8,Normal
2026-02-08 17:52:03.618995,Dubai-f0c0,-1,38,Normal
2026-02-08 17:52:04.618995,Dubai-f0c0,-14,26,Normal
2026-02-08 17:52:05.618995,Dubai-f0c0,13,42,Normal
2026-02-08 17:52:06.618995,Dubai-f0c0,7,56,Normal
2026-02-08 17:52:07.618995,Dubai-f0c0,-11,65,Normal
2026-02-08 17:52:08.618995,Dubai-f0c0,16,78,Normal
2026-02-08 17:52:09.618995,Dubai-f0c0,-14,27,Normal
2026-02-08 17:52:10.618995,Dubai-f0c0,30,38,Normal
2026-02-08 17:52:11.618995,Dubai-f0c0,1,96,Normal
2026-02-08 17:52:12.618995,Dubai-f0c0,27,7,Normal
2026-02-08 17:52:13.618995,Dubai-f0c0,8,2,Normal
2026-02-08 17:52:14.618995,Dubai-f0c0,40,12,Normal
2026-02-08 17:52:15.618995,Dubai-f0c0,-22,86,Normal
2026-02-08 17:52:16.618995,Dubai-f0c0,15,27,Normal
2026-02-08 17:52:17.618995,Dubai-f0c0,-30,37,Normal
2026-02-08 17:52:18.618995,Dubai-f0c0,46,11,Normal
2026-02-08 17:52:19.618995,Dubai-f0c0,24,74,Normal
2026-02-08 17:52:20.618995,Dubai-f0c0,-29,65,Normal
2026-02-08 17:52:21.618995,Dubai-f0c0,37,96,Normal
2026-02-08 17:52:22.618995,Dubai-f0c0,25,50,Normal
2026-02-08 17:52:23.618995,Dubai-f0c0,-17,45,Normal
2026-02-08 17:52:24.618995,Dubai-f0c0,24,16,Normal
2026-02-08 17:52:25.618995,Dubai-f0c0,-28,49,Normal
2026-02-08 17:52:26.618995,Dubai-f0c0,-23,20,Normal
2026-02-08 17:52:27.618995,Dubai-f0c0,32,97,Normal
2026-02-08 17:52:28.618995,Dubai-f0c0,-21,58,Normal
2026-02-08 17:52:29.618995,Dubai-f0c0,-25,7,Normal
2026-02-08 17:52:30.618995,Dubai-f0c0,42,65,Normal
2026-02-08 17:52:31.618995,Dubai-f0c0,-13,78,Normal
2026-02-08 17:52:32.618995,Dubai-f0c0,28,46,Normal
2026-02-08 17:52:33.618995,Dubai-f0c0,-1,78,Normal
2026-02-08 17:52:34.618995,Dubai-f0c0,33,93,Normal
2026-02-08 17:52:35.618995,Dubai-f0c0,-4,81,Normal
2026-02-08 17:52:36.618995,Dubai-f0c0,-24,32,Normal
2026-02-08 17:52:37.618995,Dubai-f0c0,22,76,Normal
2026-02-08 17:52:38.618995,Dubai-f0c0,50,84,Normal
2026-02-08 17:52:39.618995,Dubai-f0c0,45,33,Normal
2026-02-08 17:52:40.618995,Dubai-f0c0,41,43,Normal
2026-02-08 17:52:41.618995,Dubai-f0c0,34,65,Normal
2026-02-08 17:52:42.618995,Dubai-f0c0,25,44,Normal
2026-02-08 17:52:43.618995,Dubai-f0c0,19,80,Normal
2026-02-08 17:52:44.618995,Dubai-f0c0,22,75,Normal
2026-02-08 17:52:45.618995,Dubai-f0c0,1,16,Normal
2026-02-08 17:52:46.618995,Dubai-f0c0,4,28,Normal
2026-02-08 17:52:47.618995,Dubai-f0c0,-29,64,Normal
2026-02-08 17:52:48.618995,Dubai-f0c0,15,1,Normal
2026-02-08 17:52:49.618995,Dubai-f0c0,33,50,Normal
2026-02-08 17:52:50.618995,Dubai-f0c0,36,58,Normal
2026-02-08 17:52:51.618995,Dubai-f0c0,-17,13,Normal
2026-02-08 17:52:52.618995,Dubai-f0c0,3,0,Normal
2026-02-08 17:52:53.618995,Dubai-f0c0,-16,55,Normal
2026-02-08 17:52:54.618995,Dubai-f0c0,20,89,Normal
2026-02-08 17:52:55.618995,Dubai-f0c0,20,99,Normal
2026-02-08 17:52:56.618995,Dubai-f0c0,39,1,Normal
2026-02-08 17:52:57.618995,Dubai-f0c0,41,15,Normal
2026-02-08 17:52:58.618995,Dubai-f0c0,19,50,Normal
2026-02-08 17:52:59.618995,Dubai-f0c0,26,65,Normal
2026-02-08 17:53:00.618995,Dubai-f0c0,33,41,Normal
2026-02-08 17:53:01.618995,Dubai-f0c0,32,30,Normal
2026-02-08 17:53:02.618995,Dubai-f0c0,28,50,Normal
2026-02-08 17:53:03.618995,Dubai-f0c0,-21,36,Normal
2026-02-08 17:53:04.618995,Dubai-f0c0,-4,60,Normal
2026-02-08 17:53:05.618995,Dubai-f0c0,42,88,Normal
2026-02-08 17:53:06.618995,Dubai-f0c0,-20,33,Normal
2026-02-08 17:53:07.618995,Dubai-f0c0,-23,49,Normal
2026-02-08 17:53:08.618995,Dubai-f0c0,46,39,Normal
2026-02-08 17:53:09.618995,Dubai-f0c0,-23,96,Normal
2026-02-08 17:53:10.618995,Dubai-f0c0,10,85,Normal
2026-02-08 17:53:11.618995,Dubai-f0c0,-13,77,Normal
2026-02-08 17:53:12.618995,Dubai-f0c0,-7,26,Normal
2026-02-08 17:53:13.618995,Dubai-f0c0,-18,87,Normal
2026-02-08 17:53:14.618995,Dubai-f0c0,20,17,Normal
2026-02-08 17:53:15.618995,Dubai-f0c0,17,70,Normal
2026-02-08 17:53:16.618995,Dubai-f0c0,17,16,Normal
2026-02-08 17:53:17.618995,Dubai-f0c0,44,51,Normal
2026-02-08 17:53:18.618995,Dubai-f0c0,-4,62,Normal
2026-02-08 17:53:19.618995,Dubai-f0c0,-27,44,Normal
2026-02-08 17:53:20.618995,Dubai-f0c0,-26,99,Normal
2026-02-08 17:53:21.618995,Dubai-f0c0,-16,42,Normal
2026-02-08 17:53:22.618995,Dubai-f0c0,-13,18,Normal
2026-02-08 17:53:23.618995,Dubai-f0c0,31,53,Normal
2026-02-08 17:53:24.618995,Dubai-f0c0,-7,88,Normal
2026-02-08 17:53:25.618995,Dubai-f0c0,3,63,Normal
2026-02-08 17:53:26.618995,Dubai-f0c0,43,99,Normal
2026-02-08 17:53:27.618995,Dubai-f0c0,29,18,Normal
2026-02-08 17:53:28.618995,Dubai-f0c0,29,34,Normal
2026-02-08 17:53:29.618995,Dubai-f0c0,-21,6,Normal
2026-02-08 17:53:30.618995,Dubai-f0c0,34,98,Normal
2026-02-08 17:53:31.618995,Dubai-f0c0,-6,4,Normal
2026-02-08 17:53:32.618995,Dubai-f0c0,-11,59,Normal
2026-02-08 17:53:33.618995,Dubai-f0c0,36,66,Normal
2026-02-08 17:53:34.618995,Dubai-f0c0,17,73,Normal
2026-02-08 17:53:35.618995,Dubai-f0c0,-17,82,Normal
2026-02-08 17:53:36.618995,Dubai-f0c0,-30,79,Normal
2026-02-08 17:53:37.618995,Dubai-f0c0,-29,47,Normal
2026-02-08 17:53:38.618995,Dubai-f0c0,-3,95,Normal
2026-02-08 17:53:39.618995,Dubai-f0c0,32,95,Normal
2026-02-08 17:53:40.618995,Dubai-f0c0,27,3,Normal
2026-02-08 17:53:41.618995,Dubai-f0c0,48,39,Normal
2026-02-08 17:53:42.618995,Dubai-f0c0,47,36,Normal
2026-02-08 17:53:43.618995,Dubai-f0c0,-24,43,Normal
2026-02-08 17:53:44.618995,Dubai-f0c0,11,21,Normal
2026-02-08 17:53:45.618995,Dubai-f0c0,20,61,Normal
2026-02-08 17:53:46.618995,Dubai-f0c0,-2,60,Normal
2026-02-08 17:53:47.618995,Dubai-f0c0,45,38,Normal
2026-02-08 17:53:48.618995,Dubai-f0c0,-26,46,Normal
2026-02-08 17:53:49.618995,Dubai-f0c0,42,88,Normal
2026-02-08 17:53:50.618995,Dubai-f0c0,37,8,Normal
2026-02-08 17:53:51.618995,Dubai-f0c0,48,90,Normal
2026-02-08 17:53:52.618995,Dubai-f0c0,7,57,Normal
2026-02-08 17:53:53.618995,Dubai-f0c0,25,49,Normal
2026-02-08 17:53:54.618995,Dubai-f0c0,20,90,Normal
2026-02-08 17:53:55.618995,Dubai-f0c0,11,17,Normal
2026-02-08 17:53:56.618995,Dubai-f0c0,-7,88,Normal
2026-02-08 17:53:57.618995,Dubai-f0c0,-11,64,Normal
2026-02-08 17:53:58.618995,Dubai-f0c0,16,84,Normal
2026-02-08 17:53:59.618995,Dubai-f0c0,33,80,Normal
2026-02-08 17:54:00.618995,Dubai-f0c0,-26,54,Normal
2026-02-08 17:54:01.618995,Dubai-f0c0,3,97,Normal
2026-02-08 17:54:02.618995,Dubai-f0c0,5,24,Normal
2026-02-08 17:54:03.618995,Dubai-f0c0,-1,78,Normal
2026-02-08 17:54:04.618995,Dubai-f0c0,-26,16,Normal
2026-02-08 17:54:05.618995,Dubai-f0c0,4,89,Normal
2026-02-08 17:54:06.618995,Dubai-f0c0,38,64,Normal
2026-02-08 17:54:07.618995,Dubai-f0c0,47,61,Normal
2026-02-08 17:54:08.618995,Dubai-f0c0,0,54,Normal
2026-02-08 17:54:09.618995,Dubai-f0c0,43,73,Normal
2026-02-08 17:54:10.618995,Dubai-f0c0,0,100,Normal
2026-02-08 17:54:11.618995,Dubai-f0c0,-15,90,Normal
2026-02-08 17:54:12.618995,Dubai-f0c0,29,22,Normal
2026-02-08 17:54:13.618995,Dubai-f0c0,-11,94,Normal
2026-02-08 17:54:14.618995,Dubai-f0c0,30,64,Normal
2026-02-08 17:54:15.618995,Dubai-f0c0,-27,20,Normal
2026-02-08 17:54:16.618995,Dubai-f0c0,-25,72,Normal
2026-02-08 17:54:17.618995,Dubai-f0c0,33,74,Normal
2026-02-08 17:54:18.618995,Dubai-f0c0,-6,76,Normal
2026-02-08 17:54:19.618995,Dubai-f0c0,-7,48,Normal
2026-02-08 17:54:20.618995,Dubai-f0c0,40,52,Normal
2026-02-08 17:54:21.618995,Dubai-f0c0,18,95,Normal
2026-02-08 17:54:22.618995,Dubai-f0c0,-5,57,Normal
2026-02-08 17:54:23.618995,Dubai-f0c0,17,49,Normal
2026-02-08 17:54:24.618995,Dubai-f0c0,-4,3,Normal
2026-02-08 17:54:25.618995,Dubai-f0c0,25,31,Normal
2026-02-08 17:54:26.618995,Dubai-f0c0,4,34,Normal
2026-02-08 17:54:27.618995,Dubai-f0c0,32,47,Normal
2026-02-08 17:54:28.618995,Dubai-f0c0,28,21,Normal
2026-02-08 17:54:29.618995,Dubai-f0c0,15,38,Normal
2026-02-08 17:54:30.618995,Dubai-f0c0,4,93,Normal
2026-02-08 17:54:31.618995,Dubai-f0c0,12,89,Normal
2026-02-08 17:54:32.618995,Dubai-f0c0,31,11,Normal
2026-02-08 17:54:33.618995,Dubai-f0c0,-21,42,Normal
2026-02-08 17:54:34.618995,Dubai-f0c0,-17,40,Normal
2026-02-08 17:54:35.618995,Dubai-f0c0,-9,63,Normal
2026-02-08 17:54:36.618995,Dubai-f0c0,33,16,Normal
2026-02-08 17:54:37.618995,Dubai-f0c0,15,100,Normal
2026-02-08 17:54:38.618995,Dubai-f0c0,-20,41,Normal
2026-02-08 17:54:39.618995,Dubai-f0c0,43,62,Normal
2026-02-08 17:54:40.618995,Dubai-f0c0,44,53,Normal
2026-02-08 17:54:41.618995,Dubai-f0c0,43,21,Normal
2026-02-08 17:54:42.618995,Dubai-f0c0,50,98,Normal
2026-02-08 17:54:43.618995,Dubai-f0c0,24,21,Normal
2026-02-08 17:54:44.618995,Dubai-f0c0,-29,49,Normal
2026-02-08 17:54:45.618995,Dubai-f0c0,39,3,Normal
2026-02-08 17:54:46.618995,Dubai-f0c0,-21,53,Normal
2026-02-08 17:54:47.618995,Dubai-f0c0,27,63,Normal
2026-02-08 17:54:48.618995,Dubai-f0c0,29,19,Normal
2026-02-08 17:54:49.618995,Dubai-f0c0,-24,1,Normal
2026-02-08 17:54:50.618995,Dubai-f0c0,18,39,Normal
2026-02-08 17:54:51.618995,Dubai-f0c0,12,93,Normal
2026-02-08 17:54:52.618995,Dubai-f0c0,-28,86,Normal
2026-02-08 17:54:53.618995,Dubai-f0c0,50,85,Normal
2026-02-08 17:54:54.618995,Dubai-f0c0,12,62,Normal
2026-02-08 17:54:55.618995,Dubai-f0c0,42,96,Normal
2026-02-08 17:54:56.618995,Dubai-f0c0,32,93,Normal
2026-02-08 17:54:57.618995,Dubai-f0c0,-6,74,Normal
2026-02-08 17:54:58.618995,Dubai-f0c0,-2,8,Normal
2026-02-08 17:54:59.618995,Dubai-f0c0,-11,51,Normal
2026-02-08 17:55:00.618995,Dubai-f0c0,28,1,Normal
2026-02-08 17:55:01.618995,Dubai-f0c0,42,77,Normal
2026-02-08 17:55:02.618995,Dubai-f0c0,-30,69,Normal
2026-02-08 17:55:03.618995,Dubai-f0c0,27,15,Normal
2026-02-08 17:55:04.618995,Dubai-f0c0,-17,95,Normal
2026-02-08 17:55:05.618995,Dubai-f0c0,25,61,Normal
2026-02-08 17:55:06.618995,Dubai-f0c0,25,41,Normal
2026-02-08 17:55:07.618995,Dubai-f0c0,2,2,Normal
2026-02-08 17:55:08.618995,Dubai-f0c0,45,56,Normal
2026-02-08 17:55:09.618995,Dubai-f0c0,-16,84,Normal
2026-02-08 17:55:10.618995,Dubai-f0c0,-27,70,Normal
2026-02-08 17:55:11.618995,Dubai-f0c0,33,60,Normal
2026-02-08 17:55:12.618995,Dubai-f0c0,30,94,Normal
2026-02-08 17:55:13.618995,Dubai-f0c0,47,98,Normal
2026-02-08 17:55:14.618995,Dubai-f0c0,-30,45,Normal
2026-02-08 17:55:15.618995,Dubai-f0c0,21,89,Normal
2026-02-08 17:55:16.618995,Dubai-f0c0,-30,88,Normal
2026-02-08 17:55:17.618995,Dubai-f0c0,32,10,Normal
2026-02-08 17:55:18.618995,Dubai-f0c0,-15,92,Normal
2026-02-08 17:55:19.618995,Dubai-f0c0,-7,12,Normal
2026-02-08 17:55:20.618995,Dubai-f0c0,-23,43,Normal
2026-02-08 17:55:21.618995,Dubai-f0c0,-15,98,Normal
2026-02-08 17:55:22.618995,Dubai-f0c0,19,64,Normal
2026-02-08 17:55:23.618995,Dubai-f0c0,29,7,Normal
2026-02-08 17:55:24.618995,Dubai-f0c0,-14,27,Normal
2026-02-08 17:55:25.618995,Dubai-f0c0,49,97,Normal
2026-02-08 17:55:26.618995,Dubai-f0c0,38,33,Normal
2026-02-08 17:55:27.618995,Dubai-f0c0,17,43,Normal
2026-02-08 17:55:28.618995,Dubai-f0c0,2,62,Normal
2026-02-08 17:55:29.618995,Dubai-f0c0,-27,77,Normal
2026-02-08 17:55:30.618995,Dubai-f0c0,33,8,Normal
2026-02-08 17:55:31.618995,Dubai-f0c0,-9,63,Normal
2026-02-08 17:55:32.618995,Dubai-f0c0,-18,55,Normal
2026-02-08 17:55:33.618995,Dubai-f0c0,21,8,Normal
2026-02-08 17:55:34.618995,Dubai-f0c0,-25,27,Normal
2026-02-08 17:55:35.618995,Dubai-f0c0,42,31,Normal
2026-02-08 17:55:36.618995,Dubai-f0c0,31,96,Normal
2026-02-08 17:55:37.618995,Dubai-f0c0,19,24,Normal
2026-02-08 17:55:38.618995,Dubai-f0c0,48,98,Normal
2026-02-08 17:55:39.618995,Dubai-f0c0,20,15,Normal
2026-02-08 17:55:40.618995,Dubai-f0c0,34,54,Normal
2026-02-08 17:55:41.618995,Dubai-f0c0,21,87,Normal
2026-02-08 17:55:42.618995,Dubai-f0c0,11,15,Normal
2026-02-08 17:55:43.618995,Dubai-f0c0,-6,50,Normal
2026-02-08 17:55:44.618995,Dubai-f0c0,-3,46,Normal
2026-02-08 17:55:45.618995,Dubai-f0c0,16,68,Normal
2026-02-08 17:55:46.618995,Dubai-f0c0,40,90,Normal
2026-02-08 17:55:47.618995,Dubai-f0c0,-28,76,Normal
2026-02-08 17:55:48.618995,Dubai-f0c0,41,53,Normal
2026-02-08 17:55:49.618995,Dubai-f0c0,-9,56,Normal
2026-02-08 17:55:50.618995,Dubai-f0c0,49,14,Normal
2026-02-08 17:55:51.618995,Dubai-f0c0,16,13,Normal
2026-02-08 17:55:52.618995,Dubai-f0c0,-23,70,Normal
2026-02-08 17:55:53.618995,Dubai-f0c0,23,32,Normal
2026-02-08 17:55:54.618995,Dubai-f0c0,6,74,Normal
2026-02-08 17:55:55.618995,Dubai-f0c0,44,3,Normal
2026-02-08 17:55:56.618995,Dubai-f0c0,7,70,Normal
2026-02-08 17:55:57.618995,Dubai-f0c0,41,14,Normal
2026-02-08 17:55:58.618995,Dubai-f0c0,32,2,Normal
2026-02-08 17:55:59.618995,Dubai-f0c0,35,56,Normal
2026-02-08 17:56:00.618995,Dubai-f0c0,24,84,Normal
2026-02-08 17:56:01.618995,Dubai-f0c0,-28,58,Normal
2026-02-08 17:56:02.618995,Dubai-f0c0,32,69,Normal
2026-02-08 17:56:03.618995,Dubai-f0c0,30,79,Normal
2026-02-08 17:56:04.618995,Dubai-f0c0,32,49,Normal
2026-02-08 17:56:05.618995,Dubai-f0c0,34,89,Normal
2026-02-08 17:56:06.618995,Dubai-f0c0,-30,92,Normal
2026-02-08 17:56:07.618995,Dubai-f0c0,26,100,Normal
2026-02-08 17:56:08.618995,Dubai-f0c0,39,92,Normal
2026-02-08 17:56:09.618995,Dubai-f0c0,-20,36,Normal
2026-02-08 17:56:10.618995,Dubai-f0c0,-19,15,Normal
2026-02-08 17:56:11.618995,Dubai-f0c0,29,16,Normal
2026-02-08 17:56:12.618995,Dubai-f0c0,-9,44,Normal
2026-02-08 17:56:13.618995,Dubai-f0c0,-9,68,Normal
2026-02-08 17:56:14.618995,Dubai-f0c0,-28,40,Normal
2026-02-08 17:56:15.618995,Dubai-f0c0,30,14,Normal
2026-02-08 17:56:16.618995,Dubai-f0c0,44,34,Normal
2026-02-08 17:56:17.618995,Dubai-f0c0,25,81,Normal
2026-02-08 17:56:18.618995,Dubai-f0c0,15,45,Normal
2026-02-08 17:56:19.618995,Dubai-f0c0,47,42,Normal
2026-02-08 17:56:20.618995,Dubai-f0c0,26,65,Normal
2026-02-08 17:56:21.618995,Dubai-f0c0,-25,44,Normal
2026-02-08 17:56:22.618995,Dubai-f0c0,-22,69,Normal
2026-02-08 17:56:23.618995,Dubai-f0c0,-13,34,Normal
2026-02-08 17:56:24.618995,Dubai-f0c0,11,19,Normal
2026-02-08 17:56:25.618995,Dubai-f0c0,28,44,Normal
2026-02-08 17:56:26.618995,Dubai-f0c0,25,38,Normal
2026-02-08 17:56:27.618995,Dubai-f0c0,1,72,Normal
2026-02-08 17:56:28.618995,Dubai-f0c0,3,37,Normal
2026-02-08 17:56:29.618995,Dubai-f0c0,23,47,Normal
2026-02-08 17:56:30.618995,Dubai-f0c0,-1,34,Normal
2026-02-08 17:56:31.618995,Dubai-f0c0,20,75,Normal
2026-02-08 17:56:32.618995,Dubai-f0c0,-7,27,Normal
2026-02-08 17:56:33.618995,Dubai-f0c0,34,65,Normal
2026-02-08 17:56:34.618995,Dubai-f0c0,-6,76,Normal
2026-02-08 17:56:35.618995,Dubai-f0c0,1,21,Normal
2026-02-08 17:56:36.618995,Dubai-f0c0,-17,90,Normal
2026-02-08 17:56:37.618995,Dubai-f0c0,4,64,Normal
2026-02-08 17:56:38.618995,Dubai-f0c0,12,20,Normal
2026-02-08 17:56:39.618995,Dubai-f0c0,22,82,Normal
2026-02-08 17:56:40.618995,Dubai-f0c0,41,24,Normal
2026-02-08 17:56:41.618995,Dubai-f0c0,31,86,Normal
2026-02-08 17:56:42.618995,Dubai-f0c0,-26,55,Normal
2026-02-08 17:56:43.618995,Dubai-f0c0,-20,90,Normal
2026-02-08 17:56:44.618995,Dubai-f0c0,46,27,Normal
2026-02-08 17:56:45.618995,Dubai-f0c0,-5,13,Normal
2026-02-08 17:56:46.618995,Dubai-f0c0,6,14,Normal
2026-02-08 17:56:47.618995,Dubai-f0c0,-16,60,Normal
2026-02-08 17:56:48.618995,Dubai-f0c0,25,18,Normal
2026-02-08 17:56:49.618995,Dubai-f0c0,39,83,Normal
2026-02-08 17:56:50.618995,Dubai-f0c0,12,81,Normal
2026-02-08 17:56:51.618995,Dubai-f0c0,45,82,Normal
2026-02-08 17:56:52.618995,Dubai-f0c0,-24,68,Normal
2026-02-08 17:56:53.618995,Dubai-f0c0,27,28,Normal
2026-02-08 17:56:54.618995,Dubai-f0c0,5,2,Normal
2026-02-08 17:56:55.618995,Dubai-f0c0,-15,4,Normal
2026-02-08 17:56:56.618995,Dubai-f0c0,14,69,Normal
2026-02-08 17:56:57.618995,Dubai-f0c0,-2,94,Normal
2026-02-08 17:56:58.618995,Dubai-f0c0,-5,84,Normal
2026-02-08 17:56:59.618995,Dubai-f0c0,0,45,Normal
2026-02-08 17:57:00.618995,Dubai-f0c0,17,68,Normal
2026-02-08 17:57:01.618995,Dubai-f0c0,32,35,Normal
2026-02-08 17:57:02.618995,Dubai-f0c0,-16,7,Normal
2026-02-08 17:57:03.618995,Dubai-f0c0,-16,41,Normal
2026-02-08 17:57:04.618995,Dubai-f0c0,34,73,Normal
2026-02-08 17:57:05.618995,Dubai-f0c0,25,84,Normal
2026-02-08 17:57:06.618995,Dubai-f0c0,27,49,Normal
2026-02-08 17:57:07.618995,Dubai-f0c0,-12,69,Normal
2026-02-08 17:57:08.618995,Dubai-f0c0,-16,15,Normal
2026-02-08 17:57:09.618995,Dubai-f0c0,32,61,Normal
2026-02-08 17:57:10.618995,Dubai-f0c0,-1,32,Normal
2026-02-08 17:57:11.618995,Dubai-f0c0,48,75,Normal
2026-02-08 17:57:12.618995,Dubai-f0c0,17,10,Normal
2026-02-08 17:57:13.618995,Dubai-f0c0,15,93,Normal
2026-02-08 17:57:14.618995,Dubai-f0c0,27,64,Normal
2026-02-08 17:57:15.618995,Dubai-f0c0,30,94,Normal
2026-02-08 17:57:16.618995,Dubai-f0c0,-15,80,Normal
2026-02-08 17:57:17.618995,Dubai-f0c0,34,75,Normal
2026-02-08 17:57:18.618995,Dubai-f0c0,-25,77,Normal
2026-02-08 17:57:19.618995,Dubai-f0c0,49,35,Normal
2026-02-08 17:57:20.618995,Dubai-f0c0,29,50,Normal
2026-02-08 17:57:21.618995,Dubai-f0c0,-22,94,Normal
2026-02-08 17:57:22.618995,Dubai-f0c0,-10,83,Normal
2026-02-08 17:57:23.618995,Dubai-f0c0,27,44,Normal
2026-02-08 17:57:24.618995,Dubai-f0c0,46,6,Normal
2026-02-08 17:57:25.618995,Dubai-f0c0,-19,60,Normal
2026-02-08 17:57:26.618995,Dubai-f0c0,-28,6,Normal
2026-02-08 17:57:27.618995,Dubai-f0c0,-22,39,Normal
2026-02-08 17:57:28.618995,Dubai-f0c0,-3,62,Normal
2026-02-08 17:57:29.618995,Dubai-f0c0,-23,13,Normal
2026-02-08 17:57:30.618995,Dubai-f0c0,-25,47,Normal
2026-02-08 17:57:31.618995,Dubai-f0c0,14,32,Normal
2026-02-08 17:57:32.618995,Dubai-f0c0,-30,38,Normal
2026-02-08 17:57:33.618995,Dubai-f0c0,32,64,Normal
2026-02-08 17:57:34.618995,Dubai-f0c0,47,64,Normal
2026-02-08 17:57:35.618995,Dubai-f0c0,13,26,Normal
2026-02-08 17:57:36.618995,Dubai-f0c0,-15,75,Normal
2026-02-08 17:57:37.618995,Dubai-f0c0,-27,49,Normal
2026-02-08 17:57:38.618995,Dubai-f0c0,6,51,Normal
2026-02-08 17:57:39.618995,Dubai-f0c0,8,57,Normal
2026-02-08 17:57:40.618995,Dubai-f0c0,43,26,Normal
2026-02-08 17:57:41.618995,Dubai-f0c0,5,71,Normal
2026-02-08 17:57:42.618995,Dubai-f0c0,9,28,Normal
2026-02-08 17:57:43.618995,Dubai-f0c0,26,12,Normal
2026-02-08 17:57:44.618995,Dubai-f0c0,17,26,Normal
2026-02-08 17:57:45.618995,Dubai-f0c0,39,91,Normal
2026-02-08 17:57:46.618995,Dubai-f0c0,23,53,Normal
2026-02-08 17:57:47.618995,Dubai-f0c0,2,27,Normal
2026-02-08 17:57:48.618995,Dubai-f0c0,-23,57,Normal
2026-02-08 17:57:49.618995,Dubai-f0c0,32,49,Normal
2026-02-08 17:57:50.618995,Dubai-f0c0,7,66,Normal
2026-02-08 17:57:51.618995,Dubai-f0c0,17,36,Normal
2026-02-08 17:57:52.618995,Dubai-f0c0,-9,53,Normal
2026-02-08 17:57:53.618995,Dubai-f0c0,-14,70,Normal
2026-02-08 17:57:54.618995,Dubai-f0c0,50,85,Normal
2026-02-08 17:57:55.618995,Dubai-f0c0,3,19,Normal
2026-02-08 17:57:56.618995,Dubai-f0c0,-4,20,Normal
2026-02-08 17:57:57.618995,Dubai-f0c0,27,96,Normal
2026-02-08 17:57:58.618995,Dubai-f0c0,4,78,Normal
2026-02-08 17:57:59.618995,Dubai-f0c0,-20,2,Normal
2026-02-08 17:58:00.618995,Dubai-f0c0,1,12,Normal
2026-02-08 17:58:01.618995,Dubai-f0c0,-23,4,Normal
2026-02-08 17:58:02.618995,Dubai-f0c0,27,32,Normal
2026-02-08 17:58:03.618995,Dubai-f0c0,34,77,Normal
2026-02-08 17:58:04.618995,Dubai-f0c0,1,35,Normal
2026-02-08 17:58:05.618995,Dubai-f0c0,18,53,Normal
2026-02-08 17:58:06.618995,Dubai-f0c0,-24,6,Normal
2026-02-08 17:58:07.618995,Dubai-f0c0,43,76,Normal
2026-02-08 17:58:08.618995,Dubai-f0c0,23,96,Normal
2026-02-08 17:58:09.618995,Dubai-f0c0,-7,41,Normal
2026-02-08 17:58:10.618995,Dubai-f0c0,12,71,Normal
2026-02-08 17:58:11.618995,Dubai-f0c0,-6,65,Normal
2026-02-08 17:58:12.618995,Dubai-f0c0,-27,56,Normal
2026-02-08 17:58:13.618995,Dubai-f0c0,25,59,Normal
2026-02-08 17:58:14.618995,Dubai-f0c0,31,75,Normal
2026-02-08 17:58:15.618995,Dubai-f0c0,44,1,Normal
2026-02-08 17:58:16.618995,Dubai-f0c0,16,51,Normal
2026-02-08 17:58:17.618995,Dubai-f0c0,-19,60,Normal
2026-02-08 17:58:18.618995,Dubai-f0c0,-15,21,Normal
2026-02-08 17:58:19.618995,Dubai-f0c0,5,25,Normal
2026-02-08 17:58:20.618995,Dubai-f0c0,24,49,Normal
2026-02-08 17:58:21.618995,Dubai-f0c0,-29,82,Normal
2026-02-08 17:58:22.618995,Dubai-f0c0,-11,96,Normal
2026-02-08 17:58:23.618995,Dubai-f0c0,2,44,Normal
2026-02-08 17:58:24.618995,Dubai-f0c0,31,6,Normal
2026-02-08 17:58:25.618995,Dubai-f0c0,-26,39,Normal
2026-02-08 17:58:26.618995,Dubai-f0c0,44,59,Normal
2026-02-08 17:58:27.618995,Dubai-f0c0,35,38,Normal
2026-02-08 17:58:28.618995,Dubai-f0c0,-22,38,Normal
2026-02-08 17:58:29.618995,Dubai-f0c0,0,11,Normal
2026-02-08 17:58:30.618995,Dubai-f0c0,26,10,Normal
2026-02-08 17:58:31.618995,Dubai-f0c0,-9,65,Normal
2026-02-08 17:58:32.618995,Dubai-f0c0,37,32,Normal
2026-02-08 17:58:33.618995,Dubai-f0c0,29,12,Normal
2026-02-08 17:58:34.618995,Dubai-f0c0,30,5,Normal
2026-02-08 17:58:35.618995,Dubai-f0c0,31,18,Normal
2026-02-08 17:58:36.618995,Dubai-f0c0,44,13,Normal
2026-02-08 17:58:37.618995,Dubai-f0c0,21,13,Normal
2026-02-08 17:58:38.618995,Dubai-f0c0,12,17,Normal
2026-02-08 17:58:39.618995,Dubai-f0c0,45,49,Normal
2026-02-08 17:58:40.618995,Dubai-f0c0,-1,2,Normal
2026-02-08 17:58:41.618995,Dubai-f0c0,47,86,Normal
2026-02-08 17:58:42.618995,Dubai-f0c0,47,78,Normal
2026-02-08 17:58:43.618995,Dubai-f0c0,-25,95,Normal
2026-02-08 17:58:44.618995,Dubai-f0c0,-2,90,Normal
2026-02-08 17:58:45.618995,Dubai-f0c0,4,97,Normal
2026-02-08 17:58:46.618995,Dubai-f0c0,-1,89,Normal
2026-02-08 17:58:47.618995,Dubai-f0c0,26,82,Normal
2026-02-08 17:58:48.618995,Dubai-f0c0,18,82,Normal
2026-02-08 17:58:49.618995,Dubai-f0c0,46,68,Normal
2026-02-08 17:58:50.618995,Dubai-f0c0,50,90,Normal
2026-02-08 17:58:51.618995,Dubai-f0c0,42,42,Normal
2026-02-08 17:58:52.618995,Dubai-f0c0,41,46,Normal
2026-02-08 17:58:53.618995,Dubai-f0c0,27,20,Normal
2026-02-08 17:58:54.618995,Dubai-f0c0,43,36,Normal
2026-02-08 17:58:55.618995,Dubai-f0c0,41,76,Normal
2026-02-08 17:58:56.618995,Dubai-f0c0,40,61,Normal
2026-02-08 17:58:57.618995,Dubai-f0c0,-14,99,Normal
2026-02-08 17:58:58.618995,Dubai-f0c0,5,19,Normal
2026-02-08 17:58:59.618995,Dubai-f0c0,19,36,Normal
2026-02-08 17:59:00.618995,Dubai-f0c0,5,73,Normal
2026-02-08 17:59:01.618995,Dubai-f0c0,-21,13,Normal
2026-02-08 17:59:02.618995,Dubai-f0c0,36,59,Normal
2026-02-08 17:59:03.618995,Dubai-f0c0,3,92,Normal
2026-02-08 17:59:04.618995,Dubai-f0c0,28,28,Normal
2026-02-08 17:59:05.618995,Dubai-f0c0,19,30,Normal
2026-02-08 17:59:06.618995,Dubai-f0c0,35,81,Normal
2026-02-08 17:59:07.618995,Dubai-f0c0,25,5,Normal
2026-02-08 17:59:08.618995,Dubai-f0c0,-4,6,Normal
2026-02-08 17:59:09.618995,Dubai-f0c0,6,74,Normal
2026-02-08 17:59:10.618995,Dubai-f0c0,19,100,Normal
2026-02-08 17:59:11.618995,Dubai-f0c0,-28,25,Normal
2026-02-08 17:59:12.618995,Dubai-f0c0,13,86,Normal
2026-02-08 17:59:13.618995,Dubai-f0c0,26,55,Normal
2026-02-08 17:59:14.618995,Dubai-f0c0,-17,37,Normal
2026-02-08 17:59:15.618995,Dubai-f0c0,-25,58,Normal
2026-02-08 17:59:16.618995,Dubai-f0c0,26,86,Normal
2026-02-08 17:59:17.618995,Dubai-f0c0,-30,2,Normal
2026-02-08 17:59:18.618995,Dubai-f0c0,9,59,Normal
2026-02-08 17:59:19.618995,Dubai-f0c0,32,60,Normal
2026-02-08 17:59:20.618995,Dubai-f0c0,-12,21,Normal
2026-02-08 17:59:21.618995,Dubai-f0c0,-11,71,Normal
2026-02-08 17:59:22.618995,Dubai-f0c0,-7,51,Normal
2026-02-08 17:59:23.618995,Dubai-f0c0,5,74,Normal
2026-02-08 17:59:24.618995,Dubai-f0c0,-17,32,Normal
2026-02-08 17:59:25.618995,Dubai-f0c0,-17,78,Normal
2026-02-08 17:59:26.618995,Dubai-f0c0,1,54,Normal
2026-02-08 17:59:27.618995,Dubai-f0c0,-1,52,Normal
2026-02-08 17:59:28.618995,Dubai-f0c0,14,7,Normal
2026-02-08 17:59:29.618995,Dubai-f0c0,-10,90,Normal
2026-02-08 17:59:30.618995,Dubai-f0c0,-29,17,Normal
2026-02-08 17:59:31.618995,Dubai-f0c0,16,56,Normal
2026-02-08 17:59:32.618995,Dubai-f0c0,-2,44,Normal
2026-02-08 17:59:33.618995,Dubai-f0c0,-7,0,Normal
2026-02-08 17:59:34.618995,Dubai-f0c0,-2,44,Normal
2026-02-08 17:59:35.618995,Dubai-f0c0,26,19,Normal
2026-02-08 17:59:36.618995,Dubai-f0c0,37,17,Normal
2026-02-08 17:59:37.618995,Dubai-f0c0,23,36,Normal
2026-02-08 17:59:38.618995,Dubai-f0c0,36,10,Normal
2026-02-08 17:59:39.618995,Dubai-f0c0,44,23,Normal
2026-02-08 17:59:40.618995,Dubai-f0c0,6,35,Normal
2026-02-08 17:59:41.618995,Dubai-f0c0,50,26,Normal
2026-02-08 17:59:42.618995,Dubai-f0c0,14,43,Normal
2026-02-08 17:59:43.618995,Dubai-f0c0,46,50,Normal
2026-02-08 17:59:44.618995,Dubai-f0c0,12,35,Normal
2026-02-08 17:59:45.618995,Dubai-f0c0,24,37,Normal
2026-02-08 17:59:46.618995,Dubai-f0c0,16,85,Normal
2026-02-08 17:59:47.618995,Dubai-f0c0,40,20,Normal
2026-02-08 17:59:48.618995,Dubai-f0c0,-8,64,Normal
2026-02-08 17:59:49.618995,Dubai-f0c0,-8,77,Normal
2026-02-08 17:59:50.618995,Dubai-f0c0,24,72,Normal
2026-02-08 17:59:51.618995,Dubai-f0c0,48,52,Normal
2026-02-08 17:59:52.618995,Dubai-f0c0,14,96,Normal
2026-02-08 17:59:53.618995,Dubai-f0c0,-1,30,Normal
2026-02-08 17:59:54.618995,Dubai-f0c0,5,41,Normal
2026-02-08 17:59:55.618995,Dubai-f0c0,33,11,Normal
2026-02-08 17:59:56.618995,Dubai-f0c0,-25,95,Normal
2026-02-08 17:59:57.618995,Dubai-f0c0,-4,88,Normal
2026-02-08 17:59:58.618995,Dubai-f0c0,10,85,Normal
2026-02-08 17:59:59.618995,Dubai-f0c0,39,96,Normal
2026-02-08 18:00:00.618995,Dubai-f0c0,41,75,Normal
2026-02-08 18:00:01.618995,Dubai-f0c0,17,8,Normal
2026-02-08 18:00:02.618995,Dubai-f0c0,11,95,Normal
2026-02-08 18:00:03.618995,Dubai-f0c0,-27,41,Normal
2026-02-08 18:00:04.618995,Dubai-f0c0,-21,18,Normal
2026-02-08 18:00:05.618995,Dubai-f0c0,-21,24,Normal
2026-02-08 18:00:06.618995,Dubai-f0c0,-18,58,Normal
2026-02-08 18:00:07.618995,Dubai-f0c0,42,91,Normal
2026-02-08 18:00:08.618995,Dubai-f0c0,-7,92,Normal
2026-02-08 18:00:09.618995,Dubai-f0c0,25,43,Normal
2026-02-08 18:00:10.618995,Dubai-f0c0,0,30,Normal
2026-02-08 18:00:11.618995,Dubai-f0c0,5,47,Normal
2026-02-08 18:00:12.618995,Dubai-f0c0,-15,22,Normal
2026-02-08 18:00:13.618995,Dubai-f0c0,-30,50,Normal
2026-02-08 18:00:14.618995,Dubai-f0c0,12,50,Normal
2026-02-08 18:00:15.618995,Dubai-f0c0,-10,69,Normal
2026-02-08 18:00:16.618995,Dubai-f0c0,-16,11,Normal
2026-02-08 18:00:17.618995,Dubai-f0c0,38,94,Normal
2026-02-08 18:00:18.618995,Dubai-f0c0,-26,38,Normal
2026-02-08 18:00:19.618995,Dubai-f0c0,19,39,Normal
2026-02-08 18:00:20.618995,Dubai-f0c0,-29,23,Normal
2026-02-08 18:00:21.618995,Dubai-f0c0,15,41,Normal
2026-02-08 18:00:22.618995,Dubai-f0c0,42,46,Normal
2026-02-08 18:00:23.618995,Dubai-f0c0,22,79,Normal
2026-02-08 18:00:24.618995,Dubai-f0c0,29,40,Normal
2026-02-08 18:00:25.618995,Dubai-f0c0,-17,58,Normal
2026-02-08 18:00:26.618995,Dubai-f0c0,-3,36,Normal
2026-02-08 18:00:27.618995,Dubai-f0c0,25,68,Normal
2026-02-08 18:00:28.618995,Dubai-f0c0,-9,47,Normal
2026-02-08 18:00:29.618995,Dubai-f0c0,33,19,Normal
2026-02-08 18:00:30.618995,Dubai-f0c0,-20,11,Normal
2026-02-08 18:00:31.618995,Dubai-f0c0,-14,26,Normal
2026-02-08 18:00:32.618995,Dubai-f0c0,37,79,Normal
2026-02-08 18:00:33.618995,Dubai-f0c0,19,23,Normal
2026-02-08 18:00:34.618995,Dubai-f0c0,16,54,Normal
2026-02-08 18:00:35.618995,Dubai-f0c0,5,15,Normal
2026-02-08 18:00:36.618995,Dubai-f0c0,46,80,Normal
2026-02-08 18:00:37.618995,Dubai-f0c0,-14,94,Normal
2026-02-08 18:00:38.618995,Dubai-f0c0,48,12,Normal
2026-02-08 18:00:39.618995,Dubai-f0c0,42,31,Normal
2026-02-08 18:00:40.618995,Dubai-f0c0,-2,26,Normal
2026-02-08 18:00:41.618995,Dubai-f0c0,25,2,Normal
2026-02-08 18:00:42.618995,Dubai-f0c0,47,73,Normal
2026-02-08 18:00:43.618995,Dubai-f0c0,25,67,Normal
2026-02-08 18:00:44.618995,Dubai-f0c0,45,35,Normal
2026-02-08 18:00:45.618995,Dubai-f0c0,-15,21,Normal
2026-02-08 18:00:46.618995,Dubai-f0c0,48,8,Normal
2026-02-08 18:00:47.618995,Dubai-f0c0,17,28,Normal
2026-02-08 18:00:48.618995,Dubai-f0c0,26,55,Normal
2026-02-08 18:00:49.618995,Dubai-f0c0,38,47,Normal
2026-02-08 18:00:50.618995,Dubai-f0c0,22,75,Normal
2026-02-08 18:00:51.618995,Dubai-f0c0,8,3,Normal
2026-02-08 18:00:52.618995,Dubai-f0c0,44,19,Normal
2026-02-08 18:00:53.618995,Dubai-f0c0,16,35,Normal
2026-02-08 18:00:54.618995,Dubai-f0c0,24,43,Normal
2026-02-08 18:00:55.618995,Dubai-f0c0,13,69,Normal
2026-02-08 18:00:56.618995,Dubai-f0c0,-26,49,Normal
2026-02-08 18:00:57.618995,Dubai-f0c0,43,29,Normal
2026-02-08 18:00:58.618995,Dubai-f0c0,20,81,Normal
2026-02-08 18:00:59.618995,Dubai-f0c0,-1,12,Normal
2026-02-08 18:01:00.618995,Dubai-f0c0,39,93,Normal
2026-02-08 18:01:01.618995,Dubai-f0c0,20,51,Normal
2026-02-08 18:01:02.618995,Dubai-f0c0,-28,52,Normal
2026-02-08 18:01:03.618995,Dubai-f0c0,16,55,Normal
2026-02-08 18:01:04.618995,Dubai-f0c0,-3,30,Normal
2026-02-08 18:01:05.618995,Dubai-f0c0,-6,62,Normal
2026-02-08 18:01:06.618995,Dubai-f0c0,-24,11,Normal
2026-02-08 18:01:07.618995,Dubai-f0c0,32,17,Normal
2026-02-08 18:01:08.618995,Dubai-f0c0,-2,96,Normal
2026-02-08 18:01:09.618995,Dubai-f0c0,30,83,Normal
2026-02-08 18:01:10.618995,Dubai-f0c0,9,62,Normal
2026-02-08 18:01:11.618995,Dubai-f0c0,6,40,Normal
2026-02-08 18:01:12.618995,Dubai-f0c0,-5,89,Normal
2026-02-08 18:01:13.618995,Dubai-f0c0,36,64,Normal
2026-02-08 18:01:14.618995,Dubai-f0c0,-25,54,Normal
2026-02-08 18:01:15.618995,Dubai-f0c0,13,94,Normal
2026-02-08 18:01:16.618995,Dubai-f0c0,-1,34,Normal
2026-02-08 18:01:17.618995,Dubai-f0c0,48,41,Normal
2026-02-08 18:01:18.618995,Dubai-f0c0,21,96,Normal
2026-02-08 18:01:19.618995,Dubai-f0c0,27,69,Normal
2026-02-08 18:01:20.618995,Dubai-f0c0,16,96,Normal
2026-02-08 18:01:21.618995,Dubai-f0c0,37,58,Normal
2026-02-08 18:01:22.618995,Dubai-f0c0,34,30,Normal
2026-02-08 18:01:23.618995,Dubai-f0c0,-7,59,Normal
2026-02-08 18:01:24.618995,Dubai-f0c0,-17,73,Normal
2026-02-08 18:01:25.618995,Dubai-f0c0,49,3,Normal
2026-02-08 18:01:26.618995,Dubai-f0c0,-18,10,Normal
2026-02-08 18:01:27.618995,Dubai-f0c0,27,45,Normal
2026-02-08 18:01:28.618995,Dubai-f0c0,-15,77,Normal
2026-02-08 18:01:29.618995,Dubai-f0c0,8,64,Normal
2026-02-08 18:01:30.618995,Dubai-f0c0,44,74,Normal
2026-02-08 18:01:31.618995,Dubai-f0c0,-17,7,Normal
2026-02-08 18:01:32.618995,Dubai-f0c0,-17,8,Normal
2026-02-08 18:01:33.618995,Dubai-f0c0,-5,71,Normal
2026-02-08 18:01:34.618995,Dubai-f0c0,-16,95,Normal
2026-02-08 18:01:35.618995,Dubai-f0c0,-2,21,Normal
2026-02-08 18:01:36.618995,Dubai-f0c0,30,90,Normal
2026-02-08 18:01:37.618995,Dubai-f0c0,7,61,Normal
2026-02-08 18:01:38.618995,Dubai-f0c0,23,48,Normal
2026-02-08 18:01:39.618995,Dubai-f0c0,-20,16,Normal
2026-02-08 18:01:40.618995,Dubai-f0c0,44,53,Normal
2026-02-08 18:01:41.618995,Dubai-f0c0,-12,55,Normal
2026-02-08 18:01:42.618995,Dubai-f0c0,-25,84,Normal
2026-02-08 18:01:43.618995,Dubai-f0c0,43,25,Normal
2026-02-08 18:01:44.618995,Dubai-f0c0,40,5,Normal
2026-02-08 18:01:45.618995,Dubai-f0c0,-13,77,Normal
2026-02-08 18:01:46.618995,Dubai-f0c0,36,39,Normal
2026-02-08 18:01:47.618995,Dubai-f0c0,-28,84,Normal
2026-02-08 18:01:48.618995,Dubai-f0c0,-21,94,Normal
2026-02-08 18:01:49.618995,Dubai-f0c0,13,38,Normal
2026-02-08 18:01:50.618995,Dubai-f0c0,31,38,Normal
2026-02-08 18:01:51.618995,Dubai-f0c0,-27,12,Normal
2026-02-08 18:01:52.618995,Dubai-f0c0,-20,28,Normal
2026-02-08 18:01:53.618995,Dubai-f0c0,16,29,Normal
2026-02-08 18:01:54.618995,Dubai-f0c0,44,78,Normal
2026-02-08 18:01:55.618995,Dubai-f0c0,29,46,Normal
2026-02-08 18:01:56.618995,Dubai-f0c0,40,89,Normal
2026-02-08 18:01:57.618995,Dubai-f0c0,49,61,Normal
2026-02-08 18:01:58.618995,Dubai-f0c0,16,89,Normal
2026-02-08 18:01:59.618995,Dubai-f0c0,-30,67,Normal
2026-02-08 18:02:00.618995,Dubai-f0c0,25,32,Normal
2026-02-08 18:02:01.618995,Dubai-f0c0,23,30,Normal
2026-02-08 18:02:02.618995,Dubai-f0c0,-6,81,Normal
2026-02-08 18:02:03.618995,Dubai-f0c0,26,13,Normal
2026-02-08 18:02:04.618995,Dubai-f0c0,-11,55,Normal
2026-02-08 18:02:05.618995,Dubai-f0c0,-16,61,Normal
2026-02-08 18:02:06.618995,Dubai-f0c0,-21,33,Normal
2026-02-08 18:02:07.618995,Dubai-f0c0,50,4,Normal
2026-02-08 18:02:08.618995,Dubai-f0c0,10,48,Normal
2026-02-08 18:02:09.618995,Dubai-f0c0,4,67,Normal
2026-02-08 18:02:10.618995,Dubai-f0c0,29,80,Normal
2026-02-08 18:02:11.618995,Dubai-f0c0,29,19,Normal
2026-02-08 18:02:12.618995,Dubai-f0c0,46,27,Normal
2026-02-08 18:02:13.618995,Dubai-f0c0,8,88,Normal
2026-02-08 18:02:14.618995,Dubai-f0c0,-18,26,Normal
2026-02-08 18:02:15.618995,Dubai-f0c0,7,71,Normal
2026-02-08 18:02:16.618995,Dubai-f0c0,10,86,Normal
2026-02-08 18:02:17.618995,Dubai-f0c0,-7,8,Normal
2026-02-08 18:02:18.618995,Dubai-f0c0,-30,100,Normal
2026-02-08 18:02:19.618995,Dubai-f0c0,28,80,Normal
2026-02-08 18:02:20.618995,Dubai-f0c0,47,34,Normal
2026-02-08 18:02:21.618995,Dubai-f0c0,43,80,Normal
2026-02-08 18:02:22.618995,Dubai-f0c0,4,99,Normal
2026-02-08 18:02:23.618995,Dubai-f0c0,40,88,Normal
2026-02-08 18:02:24.618995,Dubai-f0c0,39,40,Normal
2026-02-08 18:02:25.618995,Dubai-f0c0,2,6,Normal
2026-02-08 18:02:26.618995,Dubai-f0c0,13,73,Normal
2026-02-08 18:02:27.618995,Dubai-f0c0,-6,60,Normal
2026-02-08 18:02:28.618995,Dubai-f0c0,15,55,Normal
2026-02-08 18:02:29.618995,Dubai-f0c0,-29,33,Normal
2026-02-08 18:02:30.618995,Dubai-f0c0,48,25,Normal
2026-02-08 18:02:31.618995,Dubai-f0c0,29,92,Normal
2026-02-08 18:02:32.618995,Dubai-f0c0,18,43,Normal
2026-02-08 18:02:33.618995,Dubai-f0c0,6,57,Normal
2026-02-08 18:02:34.618995,Dubai-f0c0,-12,31,Normal
2026-02-08 18:02:35.618995,Dubai-f0c0,45,53,Normal
2026-02-08 18:02:36.618995,Dubai-f0c0,9,48,Normal
2026-02-08 18:02:37.618995,Dubai-f0c0,8,49,Normal
2026-02-08 18:02:38.618995,Dubai-f0c0,22,58,Normal
2026-02-08 18:02:39.618995,Dubai-f0c0,7,13,Normal
2026-02-08 18:02:40.618995,Dubai-f0c0,37,78,Normal
2026-02-08 18:02:41.618995,Dubai-f0c0,5,35,Normal
2026-02-08 18:02:42.618995,Dubai-f0c0,-13,13,Normal
2026-02-08 18:02:43.618995,Dubai-f0c0,2,58,Normal
2026-02-08 18:02:44.618995,Dubai-f0c0,45,28,Normal
2026-02-08 18:02:45.618995,Dubai-f0c0,-16,75,Normal
2026-02-08 18:02:46.618995,Dubai-f0c0,13,0,Normal
2026-02-08 18:02:47.618995,Dubai-f0c0,14,29,Normal
2026-02-08 18:02:48.618995,Dubai-f0c0,31,68,Normal
2026-02-08 18:02:49.618995,Dubai-f0c0,-29,49,Normal
2026-02-08 18:02:50.618995,Dubai-f0c0,-25,91,Normal
2026-02-08 18:02:51.618995,Dubai-f0c0,23,18,Normal
2026-02-08 18:02:52.618995,Dubai-f0c0,27,3,Normal
2026-02-08 18:02:53.618995,Dubai-f0c0,11,42,Normal
2026-02-08 18:02:54.618995,Dubai-f0c0,46,13,Normal
2026-02-08 18:02:55.618995,Dubai-f0c0,-2,50,Normal
2026-02-08 18:02:56.618995,Dubai-f0c0,30,91,Normal
2026-02-08 18:02:57.618995,Dubai-f0c0,18,59,Normal
2026-02-08 18:02:58.618995,Dubai-f0c0,30,42,Normal
2026-02-08 18:02:59.618995,Dubai-f0c0,-30,26,Normal
2026-02-08 18:03:00.618995,Dubai-f0c0,36,4,Normal
2026-02-08 18:03:01.618995,Dubai-f0c0,15,0,Normal
2026-02-08 18:03:02.618995,Dubai-f0c0,1,48,Normal
2026-02-08 18:03:03.618995,Dubai-f0c0,-18,12,Normal
2026-02-08 18:03:04.618995,Dubai-f0c0,28,82,Normal
2026-02-08 18:03:05.618995,Dubai-f0c0,-12,12,Normal
2026-02-08 18:03:06.618995,Dubai-f0c0,42,72,Normal
2026-02-08 18:03:07.618995,Dubai-f0c0,-16,42,Normal
2026-02-08 18:03:08.618995,Dubai-f0c0,10,7,Normal
2026-02-08 18:03:09.618995,Dubai-f0c0,34,63,Normal
2026-02-08 18:03:10.618995,Dubai-f0c0,-6,13,Normal
2026-02-08 18:03:11.618995,Dubai-f0c0,36,33,Normal
2026-02-08 18:03:12.618995,Dubai-f0c0,14,17,Normal
2026-02-08 18:03:13.618995,Dubai-f0c0,23,55,Normal
2026-02-08 18:03:14.618995,Dubai-f0c0,1,13,Normal
2026-02-08 18:03:15.618995,Dubai-f0c0,31,84,Normal
2026-02-08 18:03:16.618995,Dubai-f0c0,-7,77,Normal
2026-02-08 18:03:17.618995,Dubai-f0c0,-17,42,Normal
2026-02-08 18:03:18.618995,Dubai-f0c0,-30,39,Normal
2026-02-08 18:03:19.618995,Dubai-f0c0,-13,43,Normal
2026-02-08 18:03:20.618995,Dubai-f0c0,48,85,Normal
2026-02-08 18:03:21.618995,Dubai-f0c0,9,33,Normal
2026-02-08 18:03:22.618995,Dubai-f0c0,42,19,Normal
2026-02-08 18:03:23.618995,Dubai-f0c0,13,54,Normal
2026-02-08 18:03:24.618995,Dubai-f0c0,26,82,Normal
2026-02-08 18:03:25.618995,Dubai-f0c0,-6,18,Normal
2026-02-08 18:03:26.618995,Dubai-f0c0,46,95,Normal
2026-02-08 18:03:27.618995,Dubai-f0c0,-7,60,Normal
2026-02-08 18:03:28.618995,Dubai-f0c0,-9,18,Normal
2026-02-08 18:03:29.618995,Dubai-f0c0,-8,30,Normal
2026-02-08 18:03:30.618995,Dubai-f0c0,26,66,Normal
2026-02-08 18:03:31.618995,Dubai-f0c0,43,49,Normal
2026-02-08 18:03:32.618995,Dubai-f0c0,-25,33,Normal
2026-02-08 18:03:33.618995,Dubai-f0c0,45,53,Normal
2026-02-08 18:03:34.618995,Dubai-f0c0,33,10,Normal
2026-02-08 18:03:35.618995,Dubai-f0c0,-9,4,Normal
2026-02-08 18:03:36.618995,Dubai-f0c0,8,53,Normal
2026-02-08 18:03:37.618995,Dubai-f0c0,-17,32,Normal
2026-02-08 18:03:38.618995,Dubai-f0c0,9,3,Normal
2026-02-08 18:03:39.618995,Dubai-f0c0,-14,47,Normal
2026-02-08 18:03:40.618995,Dubai-f0c0,6,66,Normal
2026-02-08 18:03:41.618995,Dubai-f0c0,5,86,Normal
2026-02-08 18:03:42.618995,Dubai-f0c0,50,2,Normal
2026-02-08 18:03:43.618995,Dubai-f0c0,43,44,Normal
2026-02-08 18:03:44.618995,Dubai-f0c0,-3,1,Normal
2026-02-08 18:03:45.618995,Dubai-f0c0,25,97,Normal
2026-02-08 18:03:46.618995,Dubai-f0c0,39,60,Normal
2026-02-08 18:03:47.618995,Dubai-f0c0,29,40,Normal
2026-02-08 18:03:48.618995,Dubai-f0c0,25,40,Normal
2026-02-08 18:03:49.618995,Dubai-f0c0,18,56,Normal
2026-02-08 18:03:50.618995,Dubai-f0c0,16,86,Normal
2026-02-08 18:03:51.618995,Dubai-f0c0,45,30,Normal
2026-02-08 18:03:52.618995,Dubai-f0c0,12,48,Normal
2026-02-08 18:03:53.618995,Dubai-f0c0,27,37,Normal
2026-02-08 18:03:54.618995,Dubai-f0c0,5,90,Normal
2026-02-08 18:03:55.618995,Dubai-f0c0,44,26,Normal
2026-02-08 18:03:56.618995,Dubai-f0c0,48,86,Normal
2026-02-08 18:03:57.618995,Dubai-f0c0,29,75,Normal
2026-02-08 18:03:58.618995,Dubai-f0c0,7,44,Normal
2026-02-08 18:03:59.618995,Dubai-f0c0,-6,30,Normal
2026-02-08 18:04:00.618995,Dubai-f0c0,33,22,Normal
2026-02-08 18:04:01.618995,Dubai-f0c0,-6,17,Normal
2026-02-08 18:04:02.618995,Dubai-f0c0,49,29,Normal
2026-02-08 18:04:03.618995,Dubai-f0c0,48,13,Normal
2026-02-08 18:04:04.618995,Dubai-f0c0,10,81,Normal
2026-02-08 18:04:05.618995,Dubai-f0c0,33,37,Normal
2026-02-08 18:04:06.618995,Dubai-f0c0,-13,13,Normal
2026-02-08 18:04:07.618995,Dubai-f0c0,1,12,Normal
2026-02-08 18:04:08.618995,Dubai-f0c0,-4,78,Normal
2026-02-08 18:04:09.618995,Dubai-f0c0,16,31,Normal
2026-02-08 18:04:10.618995,Dubai-f0c0,20,58,Normal
2026-02-08 18:04:11.618995,Dubai-f0c0,-24,84,Normal
2026-02-08 18:04:12.618995,Dubai-f0c0,27,84,Normal
2026-02-08 18:04:13.618995,Dubai-f0c0,-24,95,Normal
2026-02-08 18:04:14.618995,Dubai-f0c0,-12,43,Normal
2026-02-08 18:04:15.618995,Dubai-f0c0,-16,24,Normal
2026-02-08 18:04:16.618995,Dubai-f0c0,14,49,Normal
2026-02-08 18:04:17.618995,Dubai-f0c0,19,35,Normal
2026-02-08 18:04:18.618995,Dubai-f0c0,41,66,Normal
2026-02-08 18:04:19.618995,Dubai-f0c0,1,80,Normal
2026-02-08 18:04:20.618995,Dubai-f0c0,22,88,Normal
2026-02-08 18:04:21.618995,Dubai-f0c0,-14,0,Normal
2026-02-08 18:04:22.618995,Dubai-f0c0,14,95,Normal
2026-02-08 18:04:23.618995,Dubai-f0c0,44,27,Normal
2026-02-08 18:04:24.618995,Dubai-f0c0,-26,53,Normal
2026-02-08 18:04:25.618995,Dubai-f0c0,-5,72,Normal
2026-02-08 18:04:26.618995,Dubai-f0c0,-24,95,Normal
2026-02-08 18:04:27.618995,Dubai-f0c0,3,39,Normal
2026-02-08 18:04:28.618995,Dubai-f0c0,9,91,Normal
2026-02-08 18:04:29.618995,Dubai-f0c0,-11,29,Normal
2026-02-08 18:04:30.618995,Dubai-f0c0,-1,79,Normal
2026-02-08 18:04:31.618995,Dubai-f0c0,-21,92,Normal
2026-02-08 18:04:32.618995,Dubai-f0c0,16,78,Normal
2026-02-08 18:04:33.618995,Dubai-f0c0,-20,31,Normal
2026-02-08 18:04:34.618995,Dubai-f0c0,4,13,Normal
2026-02-08 18:04:35.618995,Dubai-f0c0,-24,73,Normal
2026-02-08 18:04:36.618995,Dubai-f0c0,15,97,Normal
2026-02-08 18:04:37.618995,Dubai-f0c0,-19,72,Normal
2026-02-08 18:04:38.618995,Dubai-f0c0,17,59,Normal
2026-02-08 18:04:39.618995,Dubai-f0c0,32,85,Normal
2026-02-08 18:04:40.618995,Dubai-f0c0,-17,3,Normal
2026-02-08 18:04:41.618995,Dubai-f0c0,-26,84,Normal
2026-02-08 18:04:42.618995,Dubai-f0c0,-1,43,Normal
2026-02-08 18:04:43.618995,Dubai-f0c0,5,85,Normal
2026-02-08 18:04:44.618995,Dubai-f0c0,25,94,Normal
2026-02-08 18:04:45.618995,Dubai-f0c0,39,44,Normal
2026-02-08 18:04:46.618995,Dubai-f0c0,-27,87,Normal
2026-02-08 18:04:47.618995,Dubai-f0c0,27,16,Normal
2026-02-08 18:04:48.618995,Dubai-f0c0,-21,0,Normal
2026-02-08 18:04:49.618995,Dubai-f0c0,1,24,Normal
2026-02-08 18:04:50.618995,Dubai-f0c0,-8,27,Normal
2026-02-08 18:04:51.618995,Dubai-f0c0,42,50,Normal
2026-02-08 18:04:52.618995,Dubai-f0c0,-21,42,Normal
2026-02-08 18:04:53.618995,Dubai-f0c0,-6,25,Normal
2026-02-08 18:04:54.618995,Dubai-f0c0,-30,74,Normal
2026-02-08 18:04:55.618995,Dubai-f0c0,8,83,Normal
2026-02-08 18:04:56.618995,Dubai-f0c0,-5,39,Normal
2026-02-08 18:04:57.618995,Dubai-f0c0,-19,21,Normal
2026-02-08 18:04:58.618995,Dubai-f0c0,20,47,Normal
2026-02-08 18:04:59.618995,Dubai-f0c0,22,30,Normal
2026-02-08 18:05:00.618995,Dubai-f0c0,5,97,Normal
2026-02-08 18:05:01.618995,Dubai-f0c0,-13,17,Normal
2026-02-08 18:05:02.618995,Dubai-f0c0,12,73,Normal
2026-02-08 18:05:03.618995,Dubai-f0c0,-26,57,Normal
2026-02-08 18:05:04.618995,Dubai-f0c0,16,82,Normal
2026-02-08 18:05:05.618995,Dubai-f0c0,-23,27,Normal
2026-02-08 18:05:06.618995,Dubai-f0c0,-17,86,Normal
2026-02-08 18:05:07.618995,Dubai-f0c0,28,7,Normal
2026-02-08 18:05:08.618995,Dubai-f0c0,14,91,Normal
2026-02-08 18:05:09.618995,Dubai-f0c0,0,11,Normal
2026-02-08 18:05:10.618995,Dubai-f0c0,-29,52,Normal
2026-02-08 18:05:11.618995,Dubai-f0c0,27,42,Normal
2026-02-08 18:05:12.618995,Dubai-f0c0,47,75,Normal
2026-02-08 18:05:13.618995,Dubai-f0c0,41,7,Normal
2026-02-08 18:05:14.618995,Dubai-f0c0,43,61,Normal
2026-02-08 18:05:15.618995,Dubai-f0c0,-8,5,Normal
2026-02-08 18:05:16.618995,Dubai-f0c0,-10,86,Normal
2026-02-08 18:05:17.618995,Dubai-f0c0,-19,25,Normal
2026-02-08 18:05:18.618995,Dubai-f0c0,46,66,Normal
2026-02-08 18:05:19.618995,Dubai-f0c0,-1,4,Normal
2026-02-08 18:05:20.618995,Dubai-f0c0,25,14,Normal
2026-02-08 18:05:21.618995,Dubai-f0c0,17,72,Normal
2026-02-08 18:05:22.618995,Dubai-f0c0,8,8,Normal
2026-02-08 18:05:23.618995,Dubai-f0c0,7,88,Normal
2026-02-08 18:05:24.618995,Dubai-f0c0,8,0,Normal
2026-02-08 18:05:25.618995,Dubai-f0c0,42,30,Normal
2026-02-08 18:05:26.618995,Dubai-f0c0,30,80,Normal
2026-02-08 18:05:27.618995,Dubai-f0c0,-17,21,Normal
2026-02-08 18:05:28.618995,Dubai-f0c0,5,44,Normal
2026-02-08 18:05:29.618995,Dubai-f0c0,9,69,Normal
2026-02-08 18:05:30.618995,Dubai-f0c0,38,56,Normal
2026-02-08 18:05:31.618995,Dubai-f0c0,-25,25,Normal
2026-02-08 18:05:32.618995,Dubai-f0c0,46,0,Normal
2026-02-08 18:05:33.618995,Dubai-f0c0,15,90,Normal
2026-02-08 18:05:34.618995,Dubai-f0c0,29,30,Normal
2026-02-08 18:05:35.618995,Dubai-f0c0,43,64,Normal
2026-02-08 18:05:36.618995,Dubai-f0c0,-17,81,Normal
2026-02-08 18:05:37.618995,Dubai-f0c0,34,20,Normal
2026-02-08 18:05:38.618995,Dubai-f0c0,35,30,Normal
2026-02-08 18:05:39.618995,Dubai-f0c0,37,13,Normal
2026-02-08 18:05:40.618995,Dubai-f0c0,48,58,Normal
2026-02-08 18:05:41.618995,Dubai-f0c0,14,48,Normal
2026-02-08 18:05:42.618995,Dubai-f0c0,-23,84,Normal
2026-02-08 18:05:43.618995,Dubai-f0c0,4,4,Normal
2026-02-08 18:05:44.618995,Dubai-f0c0,30,40,Normal
2026-02-08 18:05:45.618995,Dubai-f0c0,44,8,Normal
2026-02-08 18:05:46.618995,Dubai-f0c0,40,4,Normal
2026-02-08 18:05:47.618995,Dubai-f0c0,16,57,Normal
2026-02-08 18:05:48.618995,Dubai-f0c0,45,90,Normal
2026-02-08 18:05:49.618995,Dubai-f0c0,10,92,Normal
2026-02-08 18:05:50.618995,Dubai-f0c0,-10,56,Normal
2026-02-08 18:05:51.618995,Dubai-f0c0,-1,63,Normal
2026-02-08 18:05:52.618995,Dubai-f0c0,9,100,Normal
2026-02-08 18:05:53.618995,Dubai-f0c0,47,85,Normal
2026-02-08 18:05:54.618995,Dubai-f0c0,26,83,Normal
2026-02-08 18:05:55.618995,Dubai-f0c0,34,53,Normal
2026-02-08 18:05:56.618995,Dubai-f0c0,1,0,Normal
2026-02-08 18:05:57.618995,Dubai-f0c0,12,15,Normal
2026-02-08 18:05:58.618995,Dubai-f0c0,41,100,Normal
2026-02-08 18:05:59.618995,Dubai-f0c0,49,31,Normal
2026-02-08 18:06:00.618995,Dubai-f0c0,-13,55,Normal
2026-02-08 18:06:01.618995,Dubai-f0c0,5,61,Normal
2026-02-08 18:06:02.618995,Dubai-f0c0,-3,35,Normal
2026-02-08 18:06:03.618995,Dubai-f0c0,-10,8,Normal
2026-02-08 18:06:04.618995,Dubai-f0c0,47,11,Normal
2026-02-08 18:06:05.618995,Dubai-f0c0,41,60,Normal
2026-02-08 18:06:06.618995,Dubai-f0c0,43,74,Normal
2026-02-08 18:06:07.618995,Dubai-f0c0,14,12,Normal
2026-02-08 18:06:08.618995,Dubai-f0c0,-16,21,Normal
2026-02-08 18:06:09.618995,Dubai-f0c0,27,40,Normal
2026-02-08 18:06:10.618995,Dubai-f0c0,3,32,Normal
2026-02-08 18:06:11.618995,Dubai-f0c0,-9,90,Normal
2026-02-08 18:06:12.618995,Dubai-f0c0,-3,54,Normal
2026-02-08 18:06:13.618995,Dubai-f0c0,-14,78,Normal
2026-02-08 18:06:14.618995,Dubai-f0c0,26,16,Normal
2026-02-08 18:06:15.618995,Dubai-f0c0,46,82,Normal
2026-02-08 18:06:16.618995,Dubai-f0c0,-1,39,Normal
2026-02-08 18:06:17.618995,Dubai-f0c0,-20,29,Normal
2026-02-08 18:06:18.618995,Dubai-f0c0,-19,35,Normal
2026-02-08 18:06:19.618995,Dubai-f0c0,17,65,Normal
2026-02-08 18:06:20.618995,Dubai-f0c0,28,28,Normal
2026-02-08 18:06:21.618995,Dubai-f0c0,27,82,Normal
2026-02-08 18:06:22.618995,Dubai-f0c0,41,5,Normal
2026-02-08 18:06:23.618995,Dubai-f0c0,24,52,Normal
2026-02-08 18:06:24.618995,Dubai-f0c0,-2,66,Normal
2026-02-08 18:06:25.618995,Dubai-f0c0,21,35,Normal
2026-02-08 18:06:26.618995,Dubai-f0c0,17,70,Normal
2026-02-08 18:06:27.618995,Dubai-f0c0,2,42,Normal
2026-02-08 18:06:28.618995,Dubai-f0c0,4,46,Normal
2026-02-08 18:06:29.618995,Dubai-f0c0,12,85,Normal
2026-02-08 18:06:30.618995,Dubai-f0c0,38,22,Normal
2026-02-08 18:06:31.618995,Dubai-f0c0,-12,37,Normal
2026-02-08 18:06:32.618995,Dubai-f0c0,38,4,Normal
2026-02-08 18:06:33.618995,Dubai-f0c0,13,79,Normal
2026-02-08 18:06:34.618995,Dubai-f0c0,42,80,Normal
2026-02-08 18:06:35.618995,Dubai-f0c0,-24,100,Normal
2026-02-08 18:06:36.618995,Dubai-f0c0,19,27,Normal
2026-02-08 18:06:37.618995,Dubai-f0c0,-3,37,Normal
2026-02-08 18:06:38.618995,Dubai-f0c0,-8,21,Normal
2026-02-08 18:06:39.618995,Dubai-f0c0,-23,56,Normal
2026-02-08 18:06:40.618995,Dubai-f0c0,-22,75,Normal
2026-02-08 18:06:41.618995,Dubai-f0c0,45,80,Normal
2026-02-08 18:06:42.618995,Dubai-f0c0,-12,1,Normal
2026-02-08 18:06:43.618995,Dubai-f0c0,42,24,Normal
2026-02-08 18:06:44.618995,Dubai-f0c0,49,7,Normal
2026-02-08 18:06:45.618995,Dubai-f0c0,1,56,Normal
2026-02-08 18:06:46.618995,Dubai-f0c0,-18,91,Normal
2026-02-08 18:06:47.618995,Dubai-f0c0,47,60,Normal
2026-02-08 18:06:48.618995,Dubai-f0c0,-2,61,Normal
2026-02-08 18:06:49.618995,Dubai-f0c0,14,92,Normal
2026-02-08 18:06:50.618995,Dubai-f0c0,43,5,Normal
2026-02-08 18:06:51.618995,Dubai-f0c0,37,15,Normal
2026-02-08 18:06:52.618995,Dubai-f0c0,-13,27,Normal
2026-02-08 18:06:53.618995,Dubai-f0c0,50,81,Normal
2026-02-08 18:06:54.618995,Dubai-f0c0,28,61,Normal
2026-02-08 18:06:55.618995,Dubai-f0c0,11,42,Normal
2026-02-08 18:06:56.618995,Dubai-f0c0,-24,87,Normal
2026-02-08 18:06:57.618995,Dubai-f0c0,-16,57,Normal
2026-02-08 18:06:58.618995,Dubai-f0c0,10,97,Normal
2026-02-08 18:06:59.618995,Dubai-f0c0,21,77,Normal
2026-02-08 18:07:00.618995,Dubai-f0c0,13,87,Normal
2026-02-08 18:07:01.618995,Dubai-f0c0,43,10,Normal
2026-02-08 18:07:02.618995,Dubai-f0c0,9,8,Normal
2026-02-08 18:07:03.618995,Dubai-f0c0,-16,95,Normal
2026-02-08 18:07:04.618995,Dubai-f0c0,-19,14,Normal
2026-02-08 18:07:05.618995,Dubai-f0c0,34,67,Normal
2026-02-08 18:07:06.618995,Dubai-f0c0,8,88,Normal
2026-02-08 18:07:07.618995,Dubai-f0c0,13,51,Normal
2026-02-08 18:07:08.618995,Dubai-f0c0,-14,4,Normal
2026-02-08 18:07:09.618995,Dubai-f0c0,-11,6,Normal
2026-02-08 18:07:10.618995,Dubai-f0c0,41,0,Normal
2026-02-08 18:07:11.618995,Dubai-f0c0,-11,3,Normal
2026-02-08 18:07:12.618995,Dubai-f0c0,8,93,Normal
2026-02-08 18:07:13.618995,Dubai-f0c0,-23,47,Normal
2026-02-08 18:07:14.618995,Dubai-f0c0,-19,22,Normal
2026-02-08 18:07:15.618995,Dubai-f0c0,-8,93,Normal
2026-02-08 18:07:16.618995,Dubai-f0c0,13,40,Normal
2026-02-08 18:07:17.618995,Dubai-f0c0,28,76,Normal
2026-02-08 18:07:18.618995,Dubai-f0c0,22,63,Normal
2026-02-08 18:07:19.618995,Dubai-f0c0,13,30,Normal
2026-02-08 18:07:20.618995,Dubai-f0c0,30,52,Normal
2026-02-08 18:07:21.618995,Dubai-f0c0,34,79,Normal
2026-02-08 18:07:22.618995,Dubai-f0c0,28,99,Normal
2026-02-08 18:07:23.618995,Dubai-f0c0,24,23,Normal
2026-02-08 18:07:24.618995,Dubai-f0c0,-12,92,Normal
2026-02-08 18:07:25.618995,Dubai-f0c0,-28,79,Normal
2026-02-08 18:07:26.618995,Dubai-f0c0,-21,80,Normal
2026-02-08 18:07:27.618995,Dubai-f0c0,20,26,Normal
2026-02-08 18:07:28.618995,Dubai-f0c0,15,93,Normal
2026-02-08 18:07:29.618995,Dubai-f0c0,15,57,Normal
2026-02-08 18:07:30.618995,Dubai-f0c0,33,23,Normal
2026-02-08 18:07:31.618995,Dubai-f0c0,4,82,Normal
2026-02-08 18:07:32.618995,Dubai-f0c0,-12,62,Normal
2026-02-08 18:07:33.618995,Dubai-f0c0,13,30,Normal
2026-02-08 18:07:34.618995,Dubai-f0c0,-26,33,Normal
2026-02-08 18:07:35.618995,Dubai-f0c0,-18,100,Normal
2026-02-08 18:07:36.618995,Dubai-f0c0,27,91,Normal
2026-02-08 18:07:37.618995,Dubai-f0c0,-27,25,Normal
2026-02-08 18:07:38.618995,Dubai-f0c0,-30,6,Normal
2026-02-08 18:07:39.618995,Dubai-f0c0,12,59,Normal
2026-02-08 18:07:40.618995,Dubai-f0c0,-18,49,Normal
2026-02-08 18:07:41.618995,Dubai-f0c0,48,60,Normal
2026-02-08 18:07:42.618995,Dubai-f0c0,7,94,Normal
2026-02-08 18:07:43.618995,Dubai-f0c0,6,18,Normal
2026-02-08 18:07:44.618995,Dubai-f0c0,-24,71,Normal
2026-02-08 18:07:45.618995,Dubai-f0c0,-3,52,Normal
2026-02-08 18:07:46.618995,Dubai-f0c0,-20,67,Normal
2026-02-08 18:07:47.618995,Dubai-f0c0,20,50,Normal
2026-02-08 18:07:48.618995,Dubai-f0c0,23,45,Normal
2026-02-08 18:07:49.618995,Dubai-f0c0,19,85,Normal
2026-02-08 18:07:50.618995,Dubai-f0c0,21,1,Normal
2026-02-08 18:07:51.618995,Dubai-f0c0,39,87,Normal
2026-02-08 18:07:52.618995,Dubai-f0c0,-27,27,Normal
2026-02-08 18:07:53.618995,Dubai-f0c0,40,84,Normal
2026-02-08 18:07:54.618995,Dubai-f0c0,21,37,Normal
2026-02-08 18:07:55.618995,Dubai-f0c0,7,100,Normal
2026-02-08 18:07:56.618995,Dubai-f0c0,-15,35,Normal
2026-02-08 18:07:57.618995,Dubai-f0c0,47,85,Normal
2026-02-08 18:07:58.618995,Dubai-f0c0,35,84,Normal
2026-02-08 18:07:59.618995,Dubai-f0c0,5,57,Normal
2026-02-08 18:08:00.618995,Dubai-f0c0,-25,41,Normal
2026-02-08 18:08:01.618995,Dubai-f0c0,23,59,Normal
2026-02-08 18:08:02.618995,Dubai-f0c0,9,8,Normal
2026-02-08 18:08:03.618995,Dubai-f0c0,44,57,Normal
2026-02-08 18:08:04.618995,Dubai-f0c0,3,92,Normal
2026-02-08 18:08:05.618995,Dubai-f0c0,-27,96,Normal
2026-02-08 18:08:06.618995,Dubai-f0c0,-15,3,Normal
2026-02-08 18:08:07.618995,Dubai-f0c0,2,85,Normal
2026-02-08 18:08:08.618995,Dubai-f0c0,-2,72,Normal
2026-02-08 18:08:09.618995,Dubai-f0c0,29,65,Normal
2026-02-08 18:08:10.618995,Dubai-f0c0,29,0,Normal
2026-02-08 18:08:11.618995,Dubai-f0c0,0,66,Normal
2026-02-08 18:08:12.618995,Dubai-f0c0,-28,40,Normal
2026-02-08 18:08:13.618995,Dubai-f0c0,13,22,Normal
2026-02-08 18:08:14.618995,Dubai-f0c0,26,62,Normal
2026-02-08 18:08:15.618995,Dubai-f0c0,-21,77,Normal
2026-02-08 18:08:16.618995,Dubai-f0c0,-18,80,Normal
2026-02-08 18:08:17.618995,Dubai-f0c0,-24,68,Normal
2026-02-08 18:08:18.618995,Dubai-f0c0,-26,40,Normal
2026-02-08 18:08:19.618995,Dubai-f0c0,50,12,Normal
2026-02-08 18:08:20.618995,Dubai-f0c0,-4,97,Normal
2026-02-08 18:08:21.618995,Dubai-f0c0,22,11,Normal
2026-02-08 18:08:22.618995,Dubai-f0c0,-30,15,Normal
2026-02-08 18:08:23.618995,Dubai-f0c0,49,44,Normal
2026-02-08 18:08:24.618995,Dubai-f0c0,3,10,Normal
2026-02-08 18:08:25.618995,Dubai-f0c0,-22,82,Normal
2026-02-08 18:08:26.618995,Dubai-f0c0,42,50,Normal
2026-02-08 18:08:27.618995,Dubai-f0c0,47,9,Normal
2026-02-08 18:08:28.618995,Dubai-f0c0,-24,96,Normal
2026-02-08 18:08:29.618995,Dubai-f0c0,25,49,Normal
2026-02-08 18:08:30.618995,Dubai-f0c0,-22,47,Normal
2026-02-08 18:08:31.618995,Dubai-f0c0,6,69,Normal
2026-02-08 18:08:32.618995,Dubai-f0c0,-23,36,Normal
2026-02-08 18:08:33.618995,Dubai-f0c0,-19,87,Normal
2026-02-08 18:08:34.618995,Dubai-f0c0,24,71,Normal
2026-02-08 18:08:35.618995,Dubai-f0c0,1,21,Normal
2026-02-08 18:08:36.618995,Dubai-f0c0,-22,15,Normal
2026-02-08 18:08:37.618995,Dubai-f0c0,17,90,Normal
2026-02-08 18:08:38.618995,Dubai-f0c0,33,48,Normal
2026-02-08 18:08:39.618995,Dubai-f0c0,2,18,Normal
2026-02-08 18:08:40.618995,Dubai-f0c0,34,50,Normal
2026-02-08 18:08:41.618995,Dubai-f0c0,-15,56,Normal
2026-02-08 18:08:42.618995,Dubai-f0c0,45,59,Normal
2026-02-08 18:08:43.618995,Dubai-f0c0,11,97,Normal
2026-02-08 18:08:44.618995,Dubai-f0c0,5,91,Normal
2026-02-08 18:08:45.618995,Dubai-f0c0,34,12,Normal
2026-02-08 18:08:46.618995,Dubai-f0c0,35,53,Normal
2026-02-08 18:08:47.618995,Dubai-f0c0,-4,14,Normal
2026-02-08 18:08:48.618995,Dubai-f0c0,22,24,Normal
2026-02-08 18:08:49.618995,Dubai-f0c0,25,68,Normal
2026-02-08 18:08:50.618995,Dubai-f0c0,-11,41,Normal
2026-02-08 18:08:51.618995,Dubai-f0c0,-14,41,Normal
2026-02-08 18:08:52.618995,Dubai-f0c0,6,90,Normal
2026-02-08 18:08:53.618995,Dubai-f0c0,48,85,Normal
2026-02-08 18:08:54.618995,Dubai-f0c0,-24,10,Normal
2026-02-08 18:08:55.618995,Dubai-f0c0,-11,49,Normal
2026-02-08 18:08:56.618995,Dubai-f0c0,31,87,Normal
2026-02-08 18:08:57.618995,Dubai-f0c0,-16,47,Normal
2026-02-08 18:08:58.618995,Dubai-f0c0,45,81,Normal
2026-02-08 18:08:59.618995,Dubai-f0c0,19,73,Normal
2026-02-08 18:09:00.618995,Dubai-f0c0,41,51,Normal
2026-02-08 18:09:01.618995,Dubai-f0c0,-19,14,Normal
2026-02-08 18:09:02.618995,Dubai-f0c0,-13,82,Normal
2026-02-08 18:09:03.618995,Dubai-f0c0,47,65,Normal
2026-02-08 18:09:04.618995,Dubai-f0c0,50,73,Normal
2026-02-08 18:09:05.618995,Dubai-f0c0,18,53,Normal
2026-02-08 18:09:06.618995,Dubai-f0c0,-25,83,Normal
2026-02-08 18:09:07.618995,Dubai-f0c0,31,85,Normal
2026-02-08 18:09:08.618995,Dubai-f0c0,25,59,Normal
2026-02-08 18:09:09.618995,Dubai-f0c0,7,93,Normal
2026-02-08 18:09:10.618995,Dubai-f0c0,14,0,Normal
2026-02-08 18:09:11.618995,Dubai-f0c0,16,88,Normal
2026-02-08 18:09:12.618995,Dubai-f0c0,-19,57,Normal
2026-02-08 18:09:13.618995,Dubai-f0c0,40,81,Normal
2026-02-08 18:09:14.618995,Dubai-f0c0,26,37,Normal
2026-02-08 18:09:15.618995,Dubai-f0c0,-27,32,Normal
2026-02-08 18:09:16.618995,Dubai-f0c0,-28,6,Normal
2026-02-08 18:09:17.618995,Dubai-f0c0,46,17,Normal
2026-02-08 18:09:18.618995,Dubai-f0c0,-14,42,Normal
2026-02-08 18:09:19.618995,Dubai-f0c0,16,28,Normal
2026-02-08 18:09:20.618995,Dubai-f0c0,34,94,Normal
2026-02-08 18:09:21.618995,Dubai-f0c0,-26,71,Normal
2026-02-08 18:09:22.618995,Dubai-f0c0,9,27,Normal
2026-02-08 18:09:23.618995,Dubai-f0c0,-2,59,Normal
2026-02-08 18:09:24.618995,Dubai-f0c0,1,59,Normal
2026-02-08 18:09:25.618995,Dubai-f0c0,19,62,Normal
2026-02-08 18:09:26.618995,Dubai-f0c0,16,45,Normal
2026-02-08 18:09:27.618995,Dubai-f0c0,34,55,Normal
2026-02-08 18:09:28.618995,Dubai-f0c0,50,99,Normal
2026-02-08 18:09:29.618995,Dubai-f0c0,37,94,Normal
2026-02-08 18:09:30.618995,Dubai-f0c0,41,22,Normal
2026-02-08 18:09:31.618995,Dubai-f0c0,-7,100,Normal
2026-02-08 18:09:32.618995,Dubai-f0c0,50,37,Normal
2026-02-08 18:09:33.618995,Dubai-f0c0,31,71,Normal
2026-02-08 18:09:34.618995,Dubai-f0c0,-19,32,Normal
2026-02-08 18:09:35.618995,Dubai-f0c0,-21,23,Normal
2026-02-08 18:09:36.618995,Dubai-f0c0,-21,25,Normal
2026-02-08 18:09:37.618995,Dubai-f0c0,-17,83,Normal
2026-02-08 18:09:38.618995,Dubai-f0c0,-10,15,Normal
2026-02-08 18:09:39.618995,Dubai-f0c0,19,92,Normal
2026-02-08 18:09:40.618995,Dubai-f0c0,6,76,Normal
2026-02-08 18:09:41.618995,Dubai-f0c0,11,15,Normal
2026-02-08 18:09:42.618995,Dubai-f0c0,44,15,Normal
2026-02-08 18:09:43.618995,Dubai-f0c0,43,15,Normal
2026-02-08 18:09:44.618995,Dubai-f0c0,-24,80,Normal
2026-02-08 18:09:45.618995,Dubai-f0c0,-3,54,Normal
2026-02-08 18:09:46.618995,Dubai-f0c0,5,96,Normal
2026-02-08 18:09:47.618995,Dubai-f0c0,-27,55,Normal
2026-02-08 18:09:48.618995,Dubai-f0c0,25,94,Normal
2026-02-08 18:09:49.618995,Dubai-f0c0,-18,66,Normal
2026-02-08 18:09:50.618995,Dubai-f0c0,0,45,Normal
2026-02-08 18:09:51.618995,Dubai-f0c0,40,7,Normal
2026-02-08 18:09:52.618995,Dubai-f0c0,-5,88,Normal
2026-02-08 18:09:53.618995,Dubai-f0c0,19,59,Normal
2026-02-08 18:09:54.618995,Dubai-f0c0,50,5,Normal
2026-02-08 18:09:55.618995,Dubai-f0c0,16,60,Normal
2026-02-08 18:09:56.618995,Dubai-f0c0,28,10,Normal
2026-02-08 18:09:57.618995,Dubai-f0c0,36,75,Normal
2026-02-08 18:09:58.618995,Dubai-f0c0,43,1,Normal
2026-02-08 18:09:59.618995,Dubai-f0c0,-17,14,Normal
2026-02-08 18:10:00.618995,Dubai-f0c0,4,15,Normal
2026-02-08 18:10:01.618995,Dubai-f0c0,50,98,Normal
2026-02-08 18:10:02.618995,Dubai-f0c0,5,25,Normal
2026-02-08 18:10:03.618995,Dubai-f0c0,34,57,Normal
2026-02-08 18:10:04.618995,Dubai-f0c0,-3,90,Normal
2026-02-08 18:10:05.618995,Dubai-f0c0,-11,23,Normal
2026-02-08 18:10:06.618995,Dubai-f0c0,32,4,Normal
2026-02-08 18:10:07.618995,Dubai-f0c0,-18,22,Normal
2026-02-08 18:10:08.618995,Dubai-f0c0,15,84,Normal
2026-02-08 18:10:09.618995,Dubai-f0c0,-9,37,Normal
2026-02-08 18:10:10.618995,Dubai-f0c0,-22,37,Normal
2026-02-08 18:10:11.618995,Dubai-f0c0,2,44,Normal
2026-02-08 18:10:12.618995,Dubai-f0c0,33,44,Normal
2026-02-08 18:10:13.618995,Dubai-f0c0,22,55,Normal
2026-02-08 18:10:14.618995,Dubai-f0c0,-16,53,Normal
2026-02-08 18:10:15.618995,Dubai-f0c0,45,54,Normal
2026-02-08 18:10:16.618995,Dubai-f0c0,-22,40,Normal
2026-02-08 18:10:17.618995,Dubai-f0c0,-19,59,Normal
2026-02-08 18:10:18.618995,Dubai-f0c0,-22,30,Normal
2026-02-08 18:10:19.618995,Dubai-f0c0,-22,75,Normal
2026-02-08 18:10:20.618995,Dubai-f0c0,21,74,Normal
2026-02-08 18:10:21.618995,Dubai-f0c0,-11,15,Normal
2026-02-08 18:10:22.618995,Dubai-f0c0,27,36,Normal
2026-02-08 18:10:23.618995,Dubai-f0c0,-23,15,Normal
2026-02-08 18:10:24.618995,Dubai-f0c0,44,7,Normal
2026-02-08 18:10:25.618995,Dubai-f0c0,28,26,Normal
2026-02-08 18:10:26.618995,Dubai-f0c0,21,33,Normal
2026-02-08 18:10:27.618995,Dubai-f0c0,29,67,Normal
2026-02-08 18:10:28.618995,Dubai-f0c0,30,98,Normal
2026-02-08 18:10:29.618995,Dubai-f0c0,-19,43,Normal
2026-02-08 18:10:30.618995,Dubai-f0c0,-10,42,Normal
2026-02-08 18:10:31.618995,Dubai-f0c0,17,47,Normal
2026-02-08 18:10:32.618995,Dubai-f0c0,49,66,Normal
2026-02-08 18:10:33.618995,Dubai-f0c0,27,19,Normal
2026-02-08 18:10:34.618995,Dubai-f0c0,-15,16,Normal
2026-02-08 18:10:35.618995,Dubai-f0c0,-23,61,Normal
2026-02-08 18:10:36.618995,Dubai-f0c0,18,19,Normal
2026-02-08 18:10:37.618995,Dubai-f0c0,49,85,Normal
2026-02-08 18:10:38.618995,Dubai-f0c0,11,99,Normal
2026-02-08 18:10:39.618995,Dubai-f0c0,43,67,Normal
2026-02-08 18:10:40.618995,Dubai-f0c0,-5,43,Normal
2026-02-08 18:10:41.618995,Dubai-f0c0,-18,17,Normal
2026-02-08 18:10:42.618995,Dubai-f0c0,38,8,Normal
2026-02-08 18:10:43.618995,Dubai-f0c0,-25,9,Normal
2026-02-08 18:10:44.618995,Dubai-f0c0,8,1,Normal
2026-02-08 18:10:45.618995,Dubai-f0c0,-7,0,Normal
2026-02-08 18:10:46.618995,Dubai-f0c0,32,90,Normal
2026-02-08 18:10:47.618995,Dubai-f0c0,3,84,Normal
2026-02-08 18:10:48.618995,Dubai-f0c0,47,9,Normal
2026-02-08 18:10:49.618995,Dubai-f0c0,35,34,Normal
2026-02-08 18:10:50.618995,Dubai-f0c0,48,89,Normal
2026-02-08 18:10:51.618995,Dubai-f0c0,39,20,Normal
2026-02-08 18:10:52.618995,Dubai-f0c0,21,29,Normal
2026-02-08 18:10:53.618995,Dubai-f0c0,-2,96,Normal
2026-02-08 18:10:54.618995,Dubai-f0c0,44,98,Normal
2026-02-08 18:10:55.618995,Dubai-f0c0,3,59,Normal
2026-02-08 18:10:56.618995,Dubai-f0c0,47,24,Normal
2026-02-08 18:10:57.618995,Dubai-f0c0,-2,49,Normal
2026-02-08 18:10:58.618995,Dubai-f0c0,1,73,Normal
2026-02-08 18:10:59.618995,Dubai-f0c0,0,31,Normal
2026-02-08 18:11:00.618995,Dubai-f0c0,-16,10,Normal
2026-02-08 18:11:01.618995,Dubai-f0c0,14,65,Normal
2026-02-08 18:11:02.618995,Dubai-f0c0,18,8,Normal
2026-02-08 18:11:03.618995,Dubai-f0c0,15,56,Normal
2026-02-08 18:11:04.618995,Dubai-f0c0,-29,15,Normal
2026-02-08 18:11:05.618995,Dubai-f0c0,-28,72,Normal
2026-02-08 18:11:06.618995,Dubai-f0c0,44,69,Normal
2026-02-08 18:11:07.618995,Dubai-f0c0,49,88,Normal
2026-02-08 18:11:08.618995,Dubai-f0c0,27,87,Normal
2026-02-08 18:11:09.618995,Dubai-f0c0,29,83,Normal
2026-02-08 18:11:10.618995,Dubai-f0c0,1,35,Normal
2026-02-08 18:11:11.618995,Dubai-f0c0,-22,28,Normal
2026-02-08 18:11:12.618995,Dubai-f0c0,20,53,Normal
2026-02-08 18:11:13.618995,Dubai-f0c0,-7,17,Normal
2026-02-08 18:11:14.618995,Dubai-f0c0,19,35,Normal
2026-02-08 18:11:15.618995,Dubai-f0c0,15,74,Normal
2026-02-08 18:11:16.618995,Dubai-f0c0,24,50,Normal
2026-02-08 18:11:17.618995,Dubai-f0c0,8,79,Normal
2026-02-08 18:11:18.618995,Dubai-f0c0,-20,52,Normal
2026-02-08 18:11:19.618995,Dubai-f0c0,5,92,Normal
2026-02-08 18:11:20.618995,Dubai-f0c0,-14,76,Normal
2026-02-08 18:11:21.618995,Dubai-f0c0,15,85,Normal
2026-02-08 18:11:22.618995,Dubai-f0c0,23,60,Normal
2026-02-08 18:11:23.618995,Dubai-f0c0,-25,28,Normal
2026-02-08 18:11:24.618995,Dubai-f0c0,-23,21,Normal
2026-02-08 18:11:25.618995,Dubai-f0c0,-29,37,Normal
2026-02-08 18:11:26.618995,Dubai-f0c0,-1,14,Normal
2026-02-08 18:11:27.618995,Dubai-f0c0,21,25,Normal
2026-02-08 18:11:28.618995,Dubai-f0c0,-30,39,Normal
2026-02-08 18:11:29.618995,Dubai-f0c0,46,64,Normal
2026-02-08 18:11:30.618995,Dubai-f0c0,25,10,Normal
2026-02-08 18:11:31.618995,Dubai-f0c0,42,27,Normal
2026-02-08 18:11:32.618995,Dubai-f0c0,-30,15,Normal
2026-02-08 18:11:33.618995,Dubai-f0c0,-6,100,Normal
2026-02-08 18:11:34.618995,Dubai-f0c0,38,68,Normal
2026-02-08 18:11:35.618995,Dubai-f0c0,-10,32,Normal
2026-02-08 18:11:36.618995,Dubai-f0c0,33,67,Normal
2026-02-08 18:11:37.618995,Dubai-f0c0,40,26,Normal
2026-02-08 18:11:38.618995,Dubai-f0c0,18,47,Normal
