timestamp,station_id,temp,humid,condition
2026-02-08 09:41:05.925774,Seoul-bde8,24,54,Normal
2026-02-08 09:41:06.925774,Seoul-bde8,34,28,Normal
2026-02-08 09:41:07.925774,Seoul-bde8,-28,47,Normal
2026-02-08 09:41:08.925774,Seoul-bde8,3,78,Normal
2026-02-08 09:41:09.925774,Seoul-bde8,-27,79,Normal
2026-02-08 09:41:10.925774,Seoul-bde8,43,100,Normal
2026-02-08 09:41:11.925774,Seoul-bde8,37,67,Normal
2026-02-08 09:41:12.925774,Seoul-bde8,-27,75,Normal
2026-02-08 09:41:13.925774,Seoul-bde8,11,82,Normal
2026-02-08 09:41:14.925774,Seoul-bde8,31,16,Normal
2026-02-08 09:41:15.925774,Seoul-bde8,42,92,Normal
2026-02-08 09:41:16.925774,Seoul-bde8,33,28,Normal
2026-02-08 09:41:17.925774,Seoul-bde8,37,30,Normal
2026-02-08 09:41:18.925774,Seoul-bde8,0,25,Normal
2026-02-08 09:41:19.925774,Seoul-bde8,-11,72,Normal
2026-02-08 09:41:20.925774,Seoul-bde8,-30,31,Normal
2026-02-08 09:41:21.925774,Seoul-bde8,-30,33,Normal
2026-02-08 09:41:22.925774,Seoul-bde8,-20,82,Normal
2026-02-08 09:41:23.925774,Seoul-bde8,29,91,Normal
2026-02-08 09:41:24.925774,Seoul-bde8,-2,82,Normal
2026-02-08 09:41:25.925774,Seoul-bde8,40,65,Normal
2026-02-08 09:41:26.925774,Seoul-bde8,-19,91,Normal
2026-02-08 09:41:27.925774,Seoul-bde8,-6,84,Normal
2026-02-08 09:41:28.925774,Seoul-bde8,2,17,Normal
2026-02-08 09:41:29.925774,Seoul-bde8,25,89,Normal
2026-02-08 09:41:30.925774,Seoul-bde8,-11,34,Normal
2026-02-08 09:41:31.925774,Seoul-bde8,-4,33,Normal
2026-02-08 09:41:32.925774,Seoul-bde8,25,63,Normal
2026-02-08 09:41:33.925774,Seoul-bde8,23,42,Normal
2026-02-08 09:41:34.925774,Seoul-bde8,24,15,Normal
2026-02-08 09:41:35.925774,Seoul-bde8,17,27,Normal
2026-02-08 09:41:36.925774,Seoul-bde8,43,17,Normal
2026-02-08 09:41:37.925774,Seoul-bde8,-19,60,Normal
2026-02-08 09:41:38.925774,Seoul-bde8,44,91,Normal
2026-02-08 09:41:39.925774,Seoul-bde8,40,62,Normal
2026-02-08 09:41:40.925774,Seoul-bde8,14,98,Normal
2026-02-08 09:41:41.925774,Seoul-bde8,33,10,Normal
2026-02-08 09:41:42.925774,Seoul-bde8,49,19,Normal
2026-02-08 09:41:43.925774,Seoul-bde8,16,70,Normal
2026-02-08 09:41:44.925774,Seoul-bde8,16,60,Normal
2026-02-08 09:41:45.925774,Seoul-bde8,28,43,Normal
2026-02-08 09:41:46.925774,Seoul-bde8,47,12,Normal
2026-02-08 09:41:47.925774,Seoul-bde8,32,9,Normal
2026-02-08 09:41:48.925774,Seoul-bde8,14,4,Normal
2026-02-08 09:41:49.925774,Seoul-bde8,23,52,Normal
2026-02-08 09:41:50.925774,Seoul-bde8,41,100,Normal
2026-02-08 09:41:51.925774,Seoul-bde8,-11,90,Normal
2026-02-08 09:41:52.925774,Seoul-bde8,41,7,Normal
2026-02-08 09:41:53.925774,Seoul-bde8,0,37,Normal
2026-02-08 09:41:54.925774,Seoul-bde8,20,9,Normal
2026-02-08 09:41:55.925774,Seoul-bde8,-6,90,Normal
2026-02-08 09:41:56.925774,Seoul-bde8,23,79,Normal
2026-02-08 09:41:57.925774,Seoul-bde8,34,74,Normal
2026-02-08 09:41:58.925774,Seoul-bde8,24,33,Normal
2026-02-08 09:41:59.925774,Seoul-bde8,-17,29,Normal
2026-02-08 09:42:00.925774,Seoul-bde8,-20,95,Normal
2026-02-08 09:42:01.925774,Seoul-bde8,33,20,Normal
2026-02-08 09:42:02.925774,Seoul-bde8,49,8,Normal
2026-02-08 09:42:03.925774,Seoul-bde8,45,22,Normal
2026-02-08 09:42:04.925774,Seoul-bde8,6,59,Normal
2026-02-08 09:42:05.925774,Seoul-bde8,15,67,Normal
2026-02-08 09:42:06.925774,Seoul-bde8,34,70,Normal
2026-02-08 09:42:07.925774,Seoul-bde8,2,6,Normal
2026-02-08 09:42:08.925774,Seoul-bde8,-28,22,Normal
2026-02-08 09:42:09.925774,Seoul-bde8,41,3,Normal
2026-02-08 09:42:10.925774,Seoul-bde8,10,34,Normal
2026-02-08 09:42:11.925774,Seoul-bde8,-13,86,Normal
2026-02-08 09:42:12.925774,Seoul-bde8,-11,71,Normal
2026-02-08 09:42:13.925774,Seoul-bde8,30,59,Normal
2026-02-08 09:42:14.925774,Seoul-bde8,1,98,Normal
2026-02-08 09:42:15.925774,Seoul-bde8,37,23,Normal
2026-02-08 09:42:16.925774,Seoul-bde8,1,94,Normal
2026-02-08 09:42:17.925774,Seoul-bde8,28,72,Normal
2026-02-08 09:42:18.925774,Seoul-bde8,13,58,Normal
2026-02-08 09:42:19.925774,Seoul-bde8,41,45,Normal
2026-02-08 09:42:20.925774,Seoul-bde8,24,11,Normal
2026-02-08 09:42:21.925774,Seoul-bde8,15,11,Normal
2026-02-08 09:42:22.925774,Seoul-bde8,41,81,Normal
2026-02-08 09:42:23.925774,Seoul-bde8,32,40,Normal
2026-02-08 09:42:24.925774,Seoul-bde8,33,61,Normal
2026-02-08 09:42:25.925774,Seoul-bde8,28,79,Normal
2026-02-08 09:42:26.925774,Seoul-bde8,24,0,Normal
2026-02-08 09:42:27.925774,Seoul-bde8,-3,61,Normal
2026-02-08 09:42:28.925774,Seoul-bde8,41,29,Normal
2026-02-08 09:42:29.925774,Seoul-bde8,-3,77,Normal
2026-02-08 09:42:30.925774,Seoul-bde8,-16,44,Normal
2026-02-08 09:42:31.925774,Seoul-bde8,30,51,Normal
2026-02-08 09:42:32.925774,Seoul-bde8,-4,51,Normal
2026-02-08 09:42:33.925774,Seoul-bde8,-8,80,Normal
2026-02-08 09:42:34.925774,Seoul-bde8,46,28,Normal
2026-02-08 09:42:35.925774,Seoul-bde8,45,22,Normal
2026-02-08 09:42:36.925774,Seoul-bde8,23,97,Normal
2026-02-08 09:42:37.925774,Seoul-bde8,-22,95,Normal
2026-02-08 09:42:38.925774,Seoul-bde8,15,2,Normal
2026-02-08 09:42:39.925774,Seoul-bde8,27,15,Normal
2026-02-08 09:42:40.925774,Seoul-bde8,-4,51,Normal
2026-02-08 09:42:41.925774,Seoul-bde8,11,53,Normal
2026-02-08 09:42:42.925774,Seoul-bde8,-23,38,Normal
2026-02-08 09:42:43.925774,Seoul-bde8,-2,16,Normal
2026-02-08 09:42:44.925774,Seoul-bde8,-11,77,Normal
2026-02-08 09:42:45.925774,Seoul-bde8,-10,80,Normal
2026-02-08 09:42:46.925774,Seoul-bde8,43,59,Normal
2026-02-08 09:42:47.925774,Seoul-bde8,15,18,Normal
2026-02-08 09:42:48.925774,Seoul-bde8,23,49,Normal
2026-02-08 09:42:49.925774,Seoul-bde8,-12,90,Normal
2026-02-08 09:42:50.925774,Seoul-bde8,45,32,Normal
2026-02-08 09:42:51.925774,Seoul-bde8,14,95,Normal
2026-02-08 09:42:52.925774,Seoul-bde8,-30,46,Normal
2026-02-08 09:42:53.925774,Seoul-bde8,7,30,Normal
2026-02-08 09:42:54.925774,Seoul-bde8,-2,94,Normal
2026-02-08 09:42:55.925774,Seoul-bde8,13,8,Normal
2026-02-08 09:42:56.925774,Seoul-bde8,-10,49,Normal
2026-02-08 09:42:57.925774,Seoul-bde8,3,73,Normal
2026-02-08 09:42:58.925774,Seoul-bde8,43,34,Normal
2026-02-08 09:42:59.925774,Seoul-bde8,47,67,Normal
2026-02-08 09:43:00.925774,Seoul-bde8,22,5,Normal
2026-02-08 09:43:01.925774,Seoul-bde8,-10,92,Normal
2026-02-08 09:43:02.925774,Seoul-bde8,-26,93,Normal
2026-02-08 09:43:03.925774,Seoul-bde8,42,20,Normal
2026-02-08 09:43:04.925774,Seoul-bde8,41,18,Normal
2026-02-08 09:43:05.925774,Seoul-bde8,11,16,Normal
2026-02-08 09:43:06.925774,Seoul-bde8,-6,1,Normal
2026-02-08 09:43:07.925774,Seoul-bde8,27,16,Normal
2026-02-08 09:43:08.925774,Seoul-bde8,-2,67,Normal
2026-02-08 09:43:09.925774,Seoul-bde8,-28,11,Normal
2026-02-08 09:43:10.925774,Seoul-bde8,-19,92,Normal
2026-02-08 09:43:11.925774,Seoul-bde8,13,98,Normal
2026-02-08 09:43:12.925774,Seoul-bde8,36,48,Normal
2026-02-08 09:43:13.925774,Seoul-bde8,-21,5,Normal
2026-02-08 09:43:14.925774,Seoul-bde8,10,99,Normal
2026-02-08 09:43:15.925774,Seoul-bde8,13,82,Normal
2026-02-08 09:43:16.925774,Seoul-bde8,36,80,Normal
2026-02-08 09:43:17.925774,Seoul-bde8,-13,40,Normal
2026-02-08 09:43:18.925774,Seoul-bde8,50,39,Normal
2026-02-08 09:43:19.925774,Seoul-bde8,33,39,Normal
2026-02-08 09:43:20.925774,Seoul-bde8,23,43,Normal
2026-02-08 09:43:21.925774,Seoul-bde8,16,73,Normal
2026-02-08 09:43:22.925774,Seoul-bde8,21,11,Normal
2026-02-08 09:43:23.925774,Seoul-bde8,-13,37,Normal
2026-02-08 09:43:24.925774,Seoul-bde8,33,0,Normal
2026-02-08 09:43:25.925774,Seoul-bde8,-11,55,Normal
2026-02-08 09:43:26.925774,Seoul-bde8,-17,15,Normal
2026-02-08 09:43:27.925774,Seoul-bde8,0,91,Normal
2026-02-08 09:43:28.925774,Seoul-bde8,2,41,Normal
2026-02-08 09:43:29.925774,Seoul-bde8,13,48,Normal
2026-02-08 09:43:30.925774,Seoul-bde8,4,74,Normal
2026-02-08 09:43:31.925774,Seoul-bde8,6,52,Normal
2026-02-08 09:43:32.925774,Seoul-bde8,-14,7,Normal
2026-02-08 09:43:33.925774,Seoul-bde8,25,44,Normal
2026-02-08 09:43:34.925774,Seoul-bde8,12,9,Normal
2026-02-08 09:43:35.925774,Seoul-bde8,12,61,Normal
2026-02-08 09:43:36.925774,Seoul-bde8,16,70,Normal
2026-02-08 09:43:37.925774,Seoul-bde8,-9,50,Normal
2026-02-08 09:43:38.925774,Seoul-bde8,23,81,Normal
2026-02-08 09:43:39.925774,Seoul-bde8,-25,62,Normal
2026-02-08 09:43:40.925774,Seoul-bde8,17,85,Normal
2026-02-08 09:43:41.925774,Seoul-bde8,28,86,Normal
2026-02-08 09:43:42.925774,Seoul-bde8,12,33,Normal
2026-02-08 09:43:43.925774,Seoul-bde8,1,75,Normal
2026-02-08 09:43:44.925774,Seoul-bde8,2,84,Normal
2026-02-08 09:43:45.925774,Seoul-bde8,-12,59,Normal
2026-02-08 09:43:46.925774,Seoul-bde8,19,26,Normal
2026-02-08 09:43:47.925774,Seoul-bde8,22,84,Normal
2026-02-08 09:43:48.925774,Seoul-bde8,29,97,Normal
2026-02-08 09:43:49.925774,Seoul-bde8,24,65,Normal
2026-02-08 09:43:50.925774,Seoul-bde8,-5,46,Normal
2026-02-08 09:43:51.925774,Seoul-bde8,3,39,Normal
2026-02-08 09:43:52.925774,Seoul-bde8,14,86,Normal
2026-02-08 09:43:53.925774,Seoul-bde8,35,22,Normal
2026-02-08 09:43:54.925774,Seoul-bde8,44,75,Normal
2026-02-08 09:43:55.925774,Seoul-bde8,29,72,Normal
2026-02-08 09:43:56.925774,Seoul-bde8,50,25,Normal
2026-02-08 09:43:57.925774,Seoul-bde8,27,22,Normal
2026-02-08 09:43:58.925774,Seoul-bde8,10,13,Normal
2026-02-08 09:43:59.925774,Seoul-bde8,9,1,Normal
2026-02-08 09:44:00.925774,Seoul-bde8,-19,91,Normal
2026-02-08 09:44:01.925774,Seoul-bde8,-25,58,Normal
2026-02-08 09:44:02.925774,Seoul-bde8,40,60,Normal
2026-02-08 09:44:03.925774,Seoul-bde8,-4,59,Normal
2026-02-08 09:44:04.925774,Seoul-bde8,20,74,Normal
2026-02-08 09:44:05.925774,Seoul-bde8,48,65,Normal
2026-02-08 09:44:06.925774,Seoul-bde8,39,67,Normal
2026-02-08 09:44:07.925774,Seoul-bde8,26,14,Normal
2026-02-08 09:44:08.925774,Seoul-bde8,-24,94,Normal
2026-02-08 09:44:09.925774,Seoul-bde8,-24,40,Normal
2026-02-08 09:44:10.925774,Seoul-bde8,39,88,Normal
2026-02-08 09:44:11.925774,Seoul-bde8,12,13,Normal
2026-02-08 09:44:12.925774,Seoul-bde8,-4,33,Normal
2026-02-08 09:44:13.925774,Seoul-bde8,39,100,Normal
2026-02-08 09:44:14.925774,Seoul-bde8,30,82,Normal
2026-02-08 09:44:15.925774,Seoul-bde8,-2,81,Normal
2026-02-08 09:44:16.925774,Seoul-bde8,42,89,Normal
2026-02-08 09:44:17.925774,Seoul-bde8,-2,15,Normal
2026-02-08 09:44:18.925774,Seoul-bde8,-30,74,Normal
2026-02-08 09:44:19.925774,Seoul-bde8,-24,66,Normal
2026-02-08 09:44:20.925774,Seoul-bde8,-23,27,Normal
2026-02-08 09:44:21.925774,Seoul-bde8,-6,15,Normal
2026-02-08 09:44:22.925774,Seoul-bde8,20,41,Normal
2026-02-08 09:44:23.925774,Seoul-bde8,-16,97,Normal
2026-02-08 09:44:24.925774,Seoul-bde8,9,27,Normal
2026-02-08 09:44:25.925774,Seoul-bde8,-20,1,Normal
2026-02-08 09:44:26.925774,Seoul-bde8,30,58,Normal
2026-02-08 09:44:27.925774,Seoul-bde8,-8,71,Normal
2026-02-08 09:44:28.925774,Seoul-bde8,-7,85,Normal
2026-02-08 09:44:29.925774,Seoul-bde8,-11,42,Normal
2026-02-08 09:44:30.925774,Seoul-bde8,-22,8,Normal
2026-02-08 09:44:31.925774,Seoul-bde8,6,67,Normal
2026-02-08 09:44:32.925774,Seoul-bde8,-11,84,Normal
2026-02-08 09:44:33.925774,Seoul-bde8,-2,38,Normal
2026-02-08 09:44:34.925774,Seoul-bde8,19,17,Normal
2026-02-08 09:44:35.925774,Seoul-bde8,42,47,Normal
2026-02-08 09:44:36.925774,Seoul-bde8,17,38,Normal
2026-02-08 09:44:37.925774,Seoul-bde8,48,37,Normal
2026-02-08 09:44:38.925774,Seoul-bde8,-26,22,Normal
2026-02-08 09:44:39.925774,Seoul-bde8,50,26,Normal
2026-02-08 09:44:40.925774,Seoul-bde8,18,7,Normal
2026-02-08 09:44:41.925774,Seoul-bde8,28,93,Normal
2026-02-08 09:44:42.925774,Seoul-bde8,29,56,Normal
2026-02-08 09:44:43.925774,Seoul-bde8,38,4,Normal
2026-02-08 09:44:44.925774,Seoul-bde8,12,20,Normal
2026-02-08 09:44:45.925774,Seoul-bde8,18,51,Normal
2026-02-08 09:44:46.925774,Seoul-bde8,45,64,Normal
2026-02-08 09:44:47.925774,Seoul-bde8,17,47,Normal
2026-02-08 09:44:48.925774,Seoul-bde8,17,46,Normal
2026-02-08 09:44:49.925774,Seoul-bde8,9,37,Normal
2026-02-08 09:44:50.925774,Seoul-bde8,38,28,Normal
2026-02-08 09:44:51.925774,Seoul-bde8,8,78,Normal
2026-02-08 09:44:52.925774,Seoul-bde8,-13,26,Normal
2026-02-08 09:44:53.925774,Seoul-bde8,1,31,Normal
2026-02-08 09:44:54.925774,Seoul-bde8,6,38,Normal
2026-02-08 09:44:55.925774,Seoul-bde8,9,25,Normal
2026-02-08 09:44:56.925774,Seoul-bde8,-2,65,Normal
2026-02-08 09:44:57.925774,Seoul-bde8,41,72,Normal
2026-02-08 09:44:58.925774,Seoul-bde8,-1,54,Normal
2026-02-08 09:44:59.925774,Seoul-bde8,-30,28,Normal
2026-02-08 09:45:00.925774,Seoul-bde8,21,68,Normal
2026-02-08 09:45:01.925774,Seoul-bde8,38,90,Normal
2026-02-08 09:45:02.925774,Seoul-bde8,25,81,Normal
2026-02-08 09:45:03.925774,Seoul-bde8,-6,15,Normal
2026-02-08 09:45:04.925774,Seoul-bde8,-20,36,Normal
2026-02-08 09:45:05.925774,Seoul-bde8,46,21,Normal
2026-02-08 09:45:06.925774,Seoul-bde8,4,93,Normal
2026-02-08 09:45:07.925774,Seoul-bde8,-30,37,Normal
2026-02-08 09:45:08.925774,Seoul-bde8,31,57,Normal
2026-02-08 09:45:09.925774,Seoul-bde8,50,50,Normal
2026-02-08 09:45:10.925774,Seoul-bde8,27,50,Normal
2026-02-08 09:45:11.925774,Seoul-bde8,42,7,Normal
2026-02-08 09:45:12.925774,Seoul-bde8,8,45,Normal
2026-02-08 09:45:13.925774,Seoul-bde8,8,33,Normal
2026-02-08 09:45:14.925774,Seoul-bde8,23,1,Normal
2026-02-08 09:45:15.925774,Seoul-bde8,-26,96,Normal
2026-02-08 09:45:16.925774,Seoul-bde8,-8,53,Normal
2026-02-08 09:45:17.925774,Seoul-bde8,-27,97,Normal
2026-02-08 09:45:18.925774,Seoul-bde8,33,13,Normal
2026-02-08 09:45:19.925774,Seoul-bde8,-10,74,Normal
2026-02-08 09:45:20.925774,Seoul-bde8,-19,82,Normal
2026-02-08 09:45:21.925774,Seoul-bde8,39,58,Normal
2026-02-08 09:45:22.925774,Seoul-bde8,18,58,Normal
2026-02-08 09:45:23.925774,Seoul-bde8,-11,41,Normal
2026-02-08 09:45:24.925774,Seoul-bde8,-26,62,Normal
2026-02-08 09:45:25.925774,Seoul-bde8,46,29,Normal
2026-02-08 09:45:26.925774,Seoul-bde8,18,2,Normal
2026-02-08 09:45:27.925774,Seoul-bde8,27,2,Normal
2026-02-08 09:45:28.925774,Seoul-bde8,24,39,Normal
2026-02-08 09:45:29.925774,Seoul-bde8,22,19,Normal
2026-02-08 09:45:30.925774,Seoul-bde8,-3,23,Normal
2026-02-08 09:45:31.925774,Seoul-bde8,-17,2,Normal
2026-02-08 09:45:32.925774,Seoul-bde8,34,58,Normal
2026-02-08 09:45:33.925774,Seoul-bde8,46,67,Normal
2026-02-08 09:45:34.925774,Seoul-bde8,-3,81,Normal
2026-02-08 09:45:35.925774,Seoul-bde8,-25,5,Normal
2026-02-08 09:45:36.925774,Seoul-bde8,26,34,Normal
2026-02-08 09:45:37.925774,Seoul-bde8,44,32,Normal
2026-02-08 09:45:38.925774,Seoul-bde8,-3,42,Normal
2026-02-08 09:45:39.925774,Seoul-bde8,-18,56,Normal
2026-02-08 09:45:40.925774,Seoul-bde8,28,17,Normal
2026-02-08 09:45:41.925774,Seoul-bde8,-12,82,Normal
2026-02-08 09:45:42.925774,Seoul-bde8,48,37,Normal
2026-02-08 09:45:43.925774,Seoul-bde8,26,2,Normal
2026-02-08 09:45:44.925774,Seoul-bde8,-1,30,Normal
2026-02-08 09:45:45.925774,Seoul-bde8,48,52,Normal
2026-02-08 09:45:46.925774,Seoul-bde8,-2,76,Normal
2026-02-08 09:45:47.925774,Seoul-bde8,2,38,Normal
2026-02-08 09:45:48.925774,Seoul-bde8,36,78,Normal
2026-02-08 09:45:49.925774,Seoul-bde8,25,58,Normal
2026-02-08 09:45:50.925774,Seoul-bde8,-6,65,Normal
2026-02-08 09:45:51.925774,Seoul-bde8,12,21,Normal
2026-02-08 09:45:52.925774,Seoul-bde8,-14,2,Normal
2026-02-08 09:45:53.925774,Seoul-bde8,-28,38,Normal
2026-02-08 09:45:54.925774,Seoul-bde8,-17,3,Normal
2026-02-08 09:45:55.925774,Seoul-bde8,18,24,Normal
2026-02-08 09:45:56.925774,Seoul-bde8,17,82,Normal
2026-02-08 09:45:57.925774,Seoul-bde8,10,66,Normal
2026-02-08 09:45:58.925774,Seoul-bde8,29,66,Normal
2026-02-08 09:45:59.925774,Seoul-bde8,46,69,Normal
2026-02-08 09:46:00.925774,Seoul-bde8,5,63,Normal
2026-02-08 09:46:01.925774,Seoul-bde8,-18,66,Normal
2026-02-08 09:46:02.925774,Seoul-bde8,-25,76,Normal
2026-02-08 09:46:03.925774,Seoul-bde8,-18,40,Normal
2026-02-08 09:46:04.925774,Seoul-bde8,33,85,Normal
2026-02-08 09:46:05.925774,Seoul-bde8,3,22,Normal
2026-02-08 09:46:06.925774,Seoul-bde8,17,46,Normal
2026-02-08 09:46:07.925774,Seoul-bde8,1,3,Normal
2026-02-08 09:46:08.925774,Seoul-bde8,-4,47,Normal
2026-02-08 09:46:09.925774,Seoul-bde8,11,86,Normal
2026-02-08 09:46:10.925774,Seoul-bde8,15,24,Normal
2026-02-08 09:46:11.925774,Seoul-bde8,-19,92,Normal
2026-02-08 09:46:12.925774,Seoul-bde8,46,59,Normal
2026-02-08 09:46:13.925774,Seoul-bde8,36,0,Normal
2026-02-08 09:46:14.925774,Seoul-bde8,-17,3,Normal
2026-02-08 09:46:15.925774,Seoul-bde8,-13,100,Normal
2026-02-08 09:46:16.925774,Seoul-bde8,-13,37,Normal
2026-02-08 09:46:17.925774,Seoul-bde8,10,3,Normal
2026-02-08 09:46:18.925774,Seoul-bde8,34,44,Normal
2026-02-08 09:46:19.925774,Seoul-bde8,19,22,Normal
2026-02-08 09:46:20.925774,Seoul-bde8,41,71,Normal
2026-02-08 09:46:21.925774,Seoul-bde8,34,2,Normal
2026-02-08 09:46:22.925774,Seoul-bde8,19,48,Normal
2026-02-08 09:46:23.925774,Seoul-bde8,41,10,Normal
2026-02-08 09:46:24.925774,Seoul-bde8,-5,70,Normal
2026-02-08 09:46:25.925774,Seoul-bde8,-16,46,Normal
2026-02-08 09:46:26.925774,Seoul-bde8,-2,60,Normal
2026-02-08 09:46:27.925774,Seoul-bde8,-11,64,Normal
2026-02-08 09:46:28.925774,Seoul-bde8,17,85,Normal
2026-02-08 09:46:29.925774,Seoul-bde8,-9,92,Normal
2026-02-08 09:46:30.925774,Seoul-bde8,-11,88,Normal
2026-02-08 09:46:31.925774,Seoul-bde8,34,11,Normal
2026-02-08 09:46:32.925774,Seoul-bde8,4,98,Normal
2026-02-08 09:46:33.925774,Seoul-bde8,43,28,Normal
2026-02-08 09:46:34.925774,Seoul-bde8,-16,95,Normal
2026-02-08 09:46:35.925774,Seoul-bde8,-16,66,Normal
2026-02-08 09:46:36.925774,Seoul-bde8,9,96,Normal
2026-02-08 09:46:37.925774,Seoul-bde8,2,79,Normal
2026-02-08 09:46:38.925774,Seoul-bde8,-17,28,Normal
2026-02-08 09:46:39.925774,Seoul-bde8,28,85,Normal
2026-02-08 09:46:40.925774,Seoul-bde8,-2,89,Normal
2026-02-08 09:46:41.925774,Seoul-bde8,24,1,Normal
2026-02-08 09:46:42.925774,Seoul-bde8,-5,12,Normal
2026-02-08 09:46:43.925774,Seoul-bde8,47,7,Normal
2026-02-08 09:46:44.925774,Seoul-bde8,26,90,Normal
2026-02-08 09:46:45.925774,Seoul-bde8,29,64,Normal
2026-02-08 09:46:46.925774,Seoul-bde8,18,57,Normal
2026-02-08 09:46:47.925774,Seoul-bde8,-17,85,Normal
2026-02-08 09:46:48.925774,Seoul-bde8,29,62,Normal
2026-02-08 09:46:49.925774,Seoul-bde8,-22,25,Normal
2026-02-08 09:46:50.925774,Seoul-bde8,-14,1,Normal
2026-02-08 09:46:51.925774,Seoul-bde8,41,37,Normal
2026-02-08 09:46:52.925774,Seoul-bde8,21,57,Normal
2026-02-08 09:46:53.925774,Seoul-bde8,0,10,Normal
2026-02-08 09:46:54.925774,Seoul-bde8,-13,30,Normal
2026-02-08 09:46:55.925774,Seoul-bde8,-6,85,Normal
2026-02-08 09:46:56.925774,Seoul-bde8,-25,84,Normal
2026-02-08 09:46:57.925774,Seoul-bde8,-4,71,Normal
2026-02-08 09:46:58.925774,Seoul-bde8,34,67,Normal
2026-02-08 09:46:59.925774,Seoul-bde8,-15,86,Normal
2026-02-08 09:47:00.925774,Seoul-bde8,-1,79,Normal
2026-02-08 09:47:01.925774,Seoul-bde8,-13,3,Normal
2026-02-08 09:47:02.925774,Seoul-bde8,44,42,Normal
2026-02-08 09:47:03.925774,Seoul-bde8,-16,42,Normal
2026-02-08 09:47:04.925774,Seoul-bde8,11,13,Normal
2026-02-08 09:47:05.925774,Seoul-bde8,-18,51,Normal
2026-02-08 09:47:06.925774,Seoul-bde8,15,46,Normal
2026-02-08 09:47:07.925774,Seoul-bde8,18,57,Normal
2026-02-08 09:47:08.925774,Seoul-bde8,33,50,Normal
2026-02-08 09:47:09.925774,Seoul-bde8,45,71,Normal
2026-02-08 09:47:10.925774,Seoul-bde8,-6,11,Normal
2026-02-08 09:47:11.925774,Seoul-bde8,-9,85,Normal
2026-02-08 09:47:12.925774,Seoul-bde8,-5,77,Normal
2026-02-08 09:47:13.925774,Seoul-bde8,39,40,Normal
2026-02-08 09:47:14.925774,Seoul-bde8,31,18,Normal
2026-02-08 09:47:15.925774,Seoul-bde8,-29,91,Normal
2026-02-08 09:47:16.925774,Seoul-bde8,16,2,Normal
2026-02-08 09:47:17.925774,Seoul-bde8,9,80,Normal
2026-02-08 09:47:18.925774,Seoul-bde8,22,16,Normal
2026-02-08 09:47:19.925774,Seoul-bde8,-30,62,Normal
2026-02-08 09:47:20.925774,Seoul-bde8,18,53,Normal
2026-02-08 09:47:21.925774,Seoul-bde8,-8,86,Normal
2026-02-08 09:47:22.925774,Seoul-bde8,-30,46,Normal
2026-02-08 09:47:23.925774,Seoul-bde8,46,62,Normal
2026-02-08 09:47:24.925774,Seoul-bde8,34,16,Normal
2026-02-08 09:47:25.925774,Seoul-bde8,13,49,Normal
2026-02-08 09:47:26.925774,Seoul-bde8,-15,23,Normal
2026-02-08 09:47:27.925774,Seoul-bde8,-9,19,Normal
2026-02-08 09:47:28.925774,Seoul-bde8,13,62,Normal
2026-02-08 09:47:29.925774,Seoul-bde8,44,69,Normal
2026-02-08 09:47:30.925774,Seoul-bde8,-24,7,Normal
2026-02-08 09:47:31.925774,Seoul-bde8,23,0,Normal
2026-02-08 09:47:32.925774,Seoul-bde8,-11,81,Normal
2026-02-08 09:47:33.925774,Seoul-bde8,49,29,Normal
2026-02-08 09:47:34.925774,Seoul-bde8,31,66,Normal
2026-02-08 09:47:35.925774,Seoul-bde8,17,94,Normal
2026-02-08 09:47:36.925774,Seoul-bde8,49,30,Normal
2026-02-08 09:47:37.925774,Seoul-bde8,-30,88,Normal
2026-02-08 09:47:38.925774,Seoul-bde8,-23,34,Normal
2026-02-08 09:47:39.925774,Seoul-bde8,-30,21,Normal
2026-02-08 09:47:40.925774,Seoul-bde8,18,2,Normal
2026-02-08 09:47:41.925774,Seoul-bde8,-9,99,Normal
2026-02-08 09:47:42.925774,Seoul-bde8,41,99,Normal
2026-02-08 09:47:43.925774,Seoul-bde8,45,77,Normal
2026-02-08 09:47:44.925774,Seoul-bde8,-24,76,Normal
2026-02-08 09:47:45.925774,Seoul-bde8,10,69,Normal
2026-02-08 09:47:46.925774,Seoul-bde8,9,72,Normal
2026-02-08 09:47:47.925774,Seoul-bde8,6,11,Normal
2026-02-08 09:47:48.925774,Seoul-bde8,-21,36,Normal
2026-02-08 09:47:49.925774,Seoul-bde8,-24,71,Normal
2026-02-08 09:47:50.925774,Seoul-bde8,-3,41,Normal
2026-02-08 09:47:51.925774,Seoul-bde8,36,60,Normal
2026-02-08 09:47:52.925774,Seoul-bde8,24,81,Normal
2026-02-08 09:47:53.925774,Seoul-bde8,12,100,Normal
2026-02-08 09:47:54.925774,Seoul-bde8,-27,61,Normal
2026-02-08 09:47:55.925774,Seoul-bde8,-22,100,Normal
2026-02-08 09:47:56.925774,Seoul-bde8,-2,72,Normal
2026-02-08 09:47:57.925774,Seoul-bde8,29,87,Normal
2026-02-08 09:47:58.925774,Seoul-bde8,25,35,Normal
2026-02-08 09:47:59.925774,Seoul-bde8,-18,39,Normal
2026-02-08 09:48:00.925774,Seoul-bde8,48,24,Normal
2026-02-08 09:48:01.925774,Seoul-bde8,1,75,Normal
2026-02-08 09:48:02.925774,Seoul-bde8,-6,23,Normal
2026-02-08 09:48:03.925774,Seoul-bde8,-26,90,Normal
2026-02-08 09:48:04.925774,Seoul-bde8,-30,17,Normal
2026-02-08 09:48:05.925774,Seoul-bde8,-3,1,Normal
2026-02-08 09:48:06.925774,Seoul-bde8,19,57,Normal
2026-02-08 09:48:07.925774,Seoul-bde8,45,77,Normal
2026-02-08 09:48:08.925774,Seoul-bde8,-16,91,Normal
2026-02-08 09:48:09.925774,Seoul-bde8,44,79,Normal
2026-02-08 09:48:10.925774,Seoul-bde8,-9,65,Normal
2026-02-08 09:48:11.925774,Seoul-bde8,41,50,Normal
2026-02-08 09:48:12.925774,Seoul-bde8,49,24,Normal
2026-02-08 09:48:13.925774,Seoul-bde8,-21,45,Normal
2026-02-08 09:48:14.925774,Seoul-bde8,-23,54,Normal
2026-02-08 09:48:15.925774,Seoul-bde8,-18,48,Normal
2026-02-08 09:48:16.925774,Seoul-bde8,43,25,Normal
2026-02-08 09:48:17.925774,Seoul-bde8,21,93,Normal
2026-02-08 09:48:18.925774,Seoul-bde8,16,99,Normal
2026-02-08 09:48:19.925774,Seoul-bde8,-5,29,Normal
2026-02-08 09:48:20.925774,Seoul-bde8,25,73,Normal
2026-02-08 09:48:21.925774,Seoul-bde8,-11,5,Normal
2026-02-08 09:48:22.925774,Seoul-bde8,16,63,Normal
2026-02-08 09:48:23.925774,Seoul-bde8,33,85,Normal
2026-02-08 09:48:24.925774,Seoul-bde8,-3,55,Normal
2026-02-08 09:48:25.925774,Seoul-bde8,21,88,Normal
2026-02-08 09:48:26.925774,Seoul-bde8,-17,38,Normal
2026-02-08 09:48:27.925774,Seoul-bde8,-25,43,Normal
2026-02-08 09:48:28.925774,Seoul-bde8,34,56,Normal
2026-02-08 09:48:29.925774,Seoul-bde8,35,45,Normal
2026-02-08 09:48:30.925774,Seoul-bde8,32,34,Normal
2026-02-08 09:48:31.925774,Seoul-bde8,20,17,Normal
2026-02-08 09:48:32.925774,Seoul-bde8,29,33,Normal
2026-02-08 09:48:33.925774,Seoul-bde8,33,37,Normal
2026-02-08 09:48:34.925774,Seoul-bde8,11,96,Normal
2026-02-08 09:48:35.925774,Seoul-bde8,-6,56,Normal
2026-02-08 09:48:36.925774,Seoul-bde8,6,39,Normal
2026-02-08 09:48:37.925774,Seoul-bde8,-13,41,Normal
2026-02-08 09:48:38.925774,Seoul-bde8,39,26,Normal
2026-02-08 09:48:39.925774,Seoul-bde8,-12,38,Normal
2026-02-08 09:48:40.925774,Seoul-bde8,41,71,Normal
2026-02-08 09:48:41.925774,Seoul-bde8,-25,11,Normal
2026-02-08 09:48:42.925774,Seoul-bde8,20,6,Normal
2026-02-08 09:48:43.925774,Seoul-bde8,16,21,Normal
2026-02-08 09:48:44.925774,Seoul-bde8,35,44,Normal
2026-02-08 09:48:45.925774,Seoul-bde8,2,62,Normal
2026-02-08 09:48:46.925774,Seoul-bde8,1,43,Normal
2026-02-08 09:48:47.925774,Seoul-bde8,11,23,Normal
2026-02-08 09:48:48.925774,Seoul-bde8,11,8,Normal
2026-02-08 09:48:49.925774,Seoul-bde8,4,63,Normal
2026-02-08 09:48:50.925774,Seoul-bde8,-3,7,Normal
2026-02-08 09:48:51.925774,Seoul-bde8,48,90,Normal
2026-02-08 09:48:52.925774,Seoul-bde8,-26,84,Normal
2026-02-08 09:48:53.925774,Seoul-bde8,-1,66,Normal
2026-02-08 09:48:54.925774,Seoul-bde8,25,40,Normal
2026-02-08 09:48:55.925774,Seoul-bde8,12,18,Normal
2026-02-08 09:48:56.925774,Seoul-bde8,-12,20,Normal
2026-02-08 09:48:57.925774,Seoul-bde8,29,64,Normal
2026-02-08 09:48:58.925774,Seoul-bde8,49,65,Normal
2026-02-08 09:48:59.925774,Seoul-bde8,31,58,Normal
2026-02-08 09:49:00.925774,Seoul-bde8,23,1,Normal
2026-02-08 09:49:01.925774,Seoul-bde8,50,94,Normal
2026-02-08 09:49:02.925774,Seoul-bde8,48,70,Normal
2026-02-08 09:49:03.925774,Seoul-bde8,-25,93,Normal
2026-02-08 09:49:04.925774,Seoul-bde8,-4,53,Normal
2026-02-08 09:49:05.925774,Seoul-bde8,-17,7,Normal
2026-02-08 09:49:06.925774,Seoul-bde8,41,99,Normal
2026-02-08 09:49:07.925774,Seoul-bde8,3,59,Normal
2026-02-08 09:49:08.925774,Seoul-bde8,48,46,Normal
2026-02-08 09:49:09.925774,Seoul-bde8,6,96,Normal
2026-02-08 09:49:10.925774,Seoul-bde8,40,87,Normal
2026-02-08 09:49:11.925774,Seoul-bde8,-2,25,Normal
2026-02-08 09:49:12.925774,Seoul-bde8,41,38,Normal
2026-02-08 09:49:13.925774,Seoul-bde8,26,33,Normal
2026-02-08 09:49:14.925774,Seoul-bde8,41,8,Normal
2026-02-08 09:49:15.925774,Seoul-bde8,11,18,Normal
2026-02-08 09:49:16.925774,Seoul-bde8,4,69,Normal
2026-02-08 09:49:17.925774,Seoul-bde8,7,62,Normal
2026-02-08 09:49:18.925774,Seoul-bde8,-21,20,Normal
2026-02-08 09:49:19.925774,Seoul-bde8,21,93,Normal
2026-02-08 09:49:20.925774,Seoul-bde8,25,53,Normal
2026-02-08 09:49:21.925774,Seoul-bde8,8,19,Normal
2026-02-08 09:49:22.925774,Seoul-bde8,-9,60,Normal
2026-02-08 09:49:23.925774,Seoul-bde8,-26,35,Normal
2026-02-08 09:49:24.925774,Seoul-bde8,-27,55,Normal
2026-02-08 09:49:25.925774,Seoul-bde8,-24,12,Normal
2026-02-08 09:49:26.925774,Seoul-bde8,0,3,Normal
2026-02-08 09:49:27.925774,Seoul-bde8,-2,19,Normal
2026-02-08 09:49:28.925774,Seoul-bde8,19,58,Normal
2026-02-08 09:49:29.925774,Seoul-bde8,-10,6,Normal
2026-02-08 09:49:30.925774,Seoul-bde8,-26,57,Normal
2026-02-08 09:49:31.925774,Seoul-bde8,9,53,Normal
2026-02-08 09:49:32.925774,Seoul-bde8,45,42,Normal
2026-02-08 09:49:33.925774,Seoul-bde8,49,95,Normal
2026-02-08 09:49:34.925774,Seoul-bde8,30,42,Normal
2026-02-08 09:49:35.925774,Seoul-bde8,-5,4,Normal
2026-02-08 09:49:36.925774,Seoul-bde8,36,74,Normal
2026-02-08 09:49:37.925774,Seoul-bde8,30,0,Normal
2026-02-08 09:49:38.925774,Seoul-bde8,-13,77,Normal
2026-02-08 09:49:39.925774,Seoul-bde8,-7,34,Normal
2026-02-08 09:49:40.925774,Seoul-bde8,15,49,Normal
2026-02-08 09:49:41.925774,Seoul-bde8,-7,32,Normal
2026-02-08 09:49:42.925774,Seoul-bde8,26,62,Normal
2026-02-08 09:49:43.925774,Seoul-bde8,-14,62,Normal
2026-02-08 09:49:44.925774,Seoul-bde8,25,98,Normal
2026-02-08 09:49:45.925774,Seoul-bde8,-3,58,Normal
2026-02-08 09:49:46.925774,Seoul-bde8,49,45,Normal
2026-02-08 09:49:47.925774,Seoul-bde8,-24,90,Normal
2026-02-08 09:49:48.925774,Seoul-bde8,11,55,Normal
2026-02-08 09:49:49.925774,Seoul-bde8,48,84,Normal
2026-02-08 09:49:50.925774,Seoul-bde8,6,90,Normal
2026-02-08 09:49:51.925774,Seoul-bde8,-4,78,Normal
2026-02-08 09:49:52.925774,Seoul-bde8,-19,48,Normal
2026-02-08 09:49:53.925774,Seoul-bde8,36,31,Normal
2026-02-08 09:49:54.925774,Seoul-bde8,-8,24,Normal
2026-02-08 09:49:55.925774,Seoul-bde8,46,16,Normal
2026-02-08 09:49:56.925774,Seoul-bde8,35,2,Normal
2026-02-08 09:49:57.925774,Seoul-bde8,-24,63,Normal
2026-02-08 09:49:58.925774,Seoul-bde8,-6,80,Normal
2026-02-08 09:49:59.925774,Seoul-bde8,-28,7,Normal
2026-02-08 09:50:00.925774,Seoul-bde8,22,45,Normal
2026-02-08 09:50:01.925774,Seoul-bde8,47,48,Normal
2026-02-08 09:50:02.925774,Seoul-bde8,-2,41,Normal
2026-02-08 09:50:03.925774,Seoul-bde8,-26,66,Normal
2026-02-08 09:50:04.925774,Seoul-bde8,-27,20,Normal
2026-02-08 09:50:05.925774,Seoul-bde8,41,93,Normal
2026-02-08 09:50:06.925774,Seoul-bde8,-25,8,Normal
2026-02-08 09:50:07.925774,Seoul-bde8,22,2,Normal
2026-02-08 09:50:08.925774,Seoul-bde8,-27,71,Normal
2026-02-08 09:50:09.925774,Seoul-bde8,34,87,Normal
2026-02-08 09:50:10.925774,Seoul-bde8,42,98,Normal
2026-02-08 09:50:11.925774,Seoul-bde8,36,18,Normal
2026-02-08 09:50:12.925774,Seoul-bde8,-2,67,Normal
2026-02-08 09:50:13.925774,Seoul-bde8,12,72,Normal
2026-02-08 09:50:14.925774,Seoul-bde8,44,60,Normal
2026-02-08 09:50:15.925774,Seoul-bde8,-27,32,Normal
2026-02-08 09:50:16.925774,Seoul-bde8,-26,99,Normal
2026-02-08 09:50:17.925774,Seoul-bde8,-13,78,Normal
2026-02-08 09:50:18.925774,Seoul-bde8,33,30,Normal
2026-02-08 09:50:19.925774,Seoul-bde8,-23,2,Normal
2026-02-08 09:50:20.925774,Seoul-bde8,-9,11,Normal
2026-02-08 09:50:21.925774,Seoul-bde8,36,65,Normal
2026-02-08 09:50:22.925774,Seoul-bde8,42,92,Normal
2026-02-08 09:50:23.925774,Seoul-bde8,-24,17,Normal
2026-02-08 09:50:24.925774,Seoul-bde8,-16,95,Normal
2026-02-08 09:50:25.925774,Seoul-bde8,35,46,Normal
2026-02-08 09:50:26.925774,Seoul-bde8,-22,15,Normal
2026-02-08 09:50:27.925774,Seoul-bde8,-10,37,Normal
2026-02-08 09:50:28.925774,Seoul-bde8,27,60,Normal
2026-02-08 09:50:29.925774,Seoul-bde8,-5,52,Normal
2026-02-08 09:50:30.925774,Seoul-bde8,-7,73,Normal
2026-02-08 09:50:31.925774,Seoul-bde8,47,100,Normal
2026-02-08 09:50:32.925774,Seoul-bde8,31,19,Normal
2026-02-08 09:50:33.925774,Seoul-bde8,-20,59,Normal
2026-02-08 09:50:34.925774,Seoul-bde8,-19,34,Normal
2026-02-08 09:50:35.925774,Seoul-bde8,31,15,Normal
2026-02-08 09:50:36.925774,Seoul-bde8,-3,93,Normal
2026-02-08 09:50:37.925774,Seoul-bde8,23,29,Normal
2026-02-08 09:50:38.925774,Seoul-bde8,-16,20,Normal
2026-02-08 09:50:39.925774,Seoul-bde8,-16,95,Normal
2026-02-08 09:50:40.925774,Seoul-bde8,18,37,Normal
2026-02-08 09:50:41.925774,Seoul-bde8,36,95,Normal
2026-02-08 09:50:42.925774,Seoul-bde8,-29,35,Normal
2026-02-08 09:50:43.925774,Seoul-bde8,23,95,Normal
2026-02-08 09:50:44.925774,Seoul-bde8,10,52,Normal
2026-02-08 09:50:45.925774,Seoul-bde8,9,24,Normal
2026-02-08 09:50:46.925774,Seoul-bde8,-21,8,Normal
2026-02-08 09:50:47.925774,Seoul-bde8,-20,73,Normal
2026-02-08 09:50:48.925774,Seoul-bde8,30,16,Normal
2026-02-08 09:50:49.925774,Seoul-bde8,40,58,Normal
2026-02-08 09:50:50.925774,Seoul-bde8,44,53,Normal
2026-02-08 09:50:51.925774,Seoul-bde8,14,98,Normal
2026-02-08 09:50:52.925774,Seoul-bde8,18,39,Normal
2026-02-08 09:50:53.925774,Seoul-bde8,47,55,Normal
2026-02-08 09:50:54.925774,Seoul-bde8,-3,100,Normal
2026-02-08 09:50:55.925774,Seoul-bde8,-23,9,Normal
2026-02-08 09:50:56.925774,Seoul-bde8,-19,77,Normal
2026-02-08 09:50:57.925774,Seoul-bde8,19,26,Normal
2026-02-08 09:50:58.925774,Seoul-bde8,43,94,Normal
2026-02-08 09:50:59.925774,Seoul-bde8,42,66,Normal
2026-02-08 09:51:00.925774,Seoul-bde8,48,80,Normal
2026-02-08 09:51:01.925774,Seoul-bde8,-19,60,Normal
2026-02-08 09:51:02.925774,Seoul-bde8,-3,5,Normal
2026-02-08 09:51:03.925774,Seoul-bde8,5,45,Normal
2026-02-08 09:51:04.925774,Seoul-bde8,16,77,Normal
2026-02-08 09:51:05.925774,Seoul-bde8,16,74,Normal
2026-02-08 09:51:06.925774,Seoul-bde8,12,97,Normal
2026-02-08 09:51:07.925774,Seoul-bde8,22,52,Normal
2026-02-08 09:51:08.925774,Seoul-bde8,-15,37,Normal
2026-02-08 09:51:09.925774,Seoul-bde8,22,24,Normal
2026-02-08 09:51:10.925774,Seoul-bde8,-26,12,Normal
2026-02-08 09:51:11.925774,Seoul-bde8,1,83,Normal
2026-02-08 09:51:12.925774,Seoul-bde8,5,20,Normal
2026-02-08 09:51:13.925774,Seoul-bde8,-26,85,Normal
2026-02-08 09:51:14.925774,Seoul-bde8,-27,33,Normal
2026-02-08 09:51:15.925774,Seoul-bde8,4,94,Normal
2026-02-08 09:51:16.925774,Seoul-bde8,3,67,Normal
2026-02-08 09:51:17.925774,Seoul-bde8,-1,55,Normal
2026-02-08 09:51:18.925774,Seoul-bde8,43,41,Normal
2026-02-08 09:51:19.925774,Seoul-bde8,-22,62,Normal
2026-02-08 09:51:20.925774,Seoul-bde8,38,6,Normal
2026-02-08 09:51:21.925774,Seoul-bde8,-2,61,Normal
2026-02-08 09:51:22.925774,Seoul-bde8,-13,4,Normal
2026-02-08 09:51:23.925774,Seoul-bde8,7,22,Normal
2026-02-08 09:51:24.925774,Seoul-bde8,19,55,Normal
2026-02-08 09:51:25.925774,Seoul-bde8,17,44,Normal
2026-02-08 09:51:26.925774,Seoul-bde8,-27,70,Normal
2026-02-08 09:51:27.925774,Seoul-bde8,-4,51,Normal
2026-02-08 09:51:28.925774,Seoul-bde8,-2,37,Normal
2026-02-08 09:51:29.925774,Seoul-bde8,30,92,Normal
2026-02-08 09:51:30.925774,Seoul-bde8,23,20,Normal
2026-02-08 09:51:31.925774,Seoul-bde8,-11,7,Normal
2026-02-08 09:51:32.925774,Seoul-bde8,-20,73,Normal
2026-02-08 09:51:33.925774,Seoul-bde8,-9,89,Normal
2026-02-08 09:51:34.925774,Seoul-bde8,-1,63,Normal
2026-02-08 09:51:35.925774,Seoul-bde8,-2,44,Normal
2026-02-08 09:51:36.925774,Seoul-bde8,35,60,Normal
2026-02-08 09:51:37.925774,Seoul-bde8,48,37,Normal
2026-02-08 09:51:38.925774,Seoul-bde8,29,77,Normal
2026-02-08 09:51:39.925774,Seoul-bde8,-3,96,Normal
2026-02-08 09:51:40.925774,Seoul-bde8,19,43,Normal
2026-02-08 09:51:41.925774,Seoul-bde8,35,0,Normal
2026-02-08 09:51:42.925774,Seoul-bde8,45,2,Normal
2026-02-08 09:51:43.925774,Seoul-bde8,-4,96,Normal
2026-02-08 09:51:44.925774,Seoul-bde8,-8,50,Normal
2026-02-08 09:51:45.925774,Seoul-bde8,26,47,Normal
2026-02-08 09:51:46.925774,Seoul-bde8,-16,100,Normal
2026-02-08 09:51:47.925774,Seoul-bde8,-4,57,Normal
2026-02-08 09:51:48.925774,Seoul-bde8,-13,15,Normal
2026-02-08 09:51:49.925774,Seoul-bde8,26,46,Normal
2026-02-08 09:51:50.925774,Seoul-bde8,-13,0,Normal
2026-02-08 09:51:51.925774,Seoul-bde8,-19,56,Normal
2026-02-08 09:51:52.925774,Seoul-bde8,-11,8,Normal
2026-02-08 09:51:53.925774,Seoul-bde8,18,21,Normal
2026-02-08 09:51:54.925774,Seoul-bde8,36,97,Normal
2026-02-08 09:51:55.925774,Seoul-bde8,-14,80,Normal
2026-02-08 09:51:56.925774,Seoul-bde8,47,4,Normal
2026-02-08 09:51:57.925774,Seoul-bde8,42,90,Normal
2026-02-08 09:51:58.925774,Seoul-bde8,5,49,Normal
2026-02-08 09:51:59.925774,Seoul-bde8,47,78,Normal
2026-02-08 09:52:00.925774,Seoul-bde8,37,86,Normal
2026-02-08 09:52:01.925774,Seoul-bde8,21,53,Normal
2026-02-08 09:52:02.925774,Seoul-bde8,24,25,Normal
2026-02-08 09:52:03.925774,Seoul-bde8,40,9,Normal
2026-02-08 09:52:04.925774,Seoul-bde8,-30,34,Normal
2026-02-08 09:52:05.925774,Seoul-bde8,34,37,Normal
2026-02-08 09:52:06.925774,Seoul-bde8,-28,70,Normal
2026-02-08 09:52:07.925774,Seoul-bde8,-26,76,Normal
2026-02-08 09:52:08.925774,Seoul-bde8,19,53,Normal
2026-02-08 09:52:09.925774,Seoul-bde8,30,97,Normal
2026-02-08 09:52:10.925774,Seoul-bde8,-19,77,Normal
2026-02-08 09:52:11.925774,Seoul-bde8,-27,93,Normal
2026-02-08 09:52:12.925774,Seoul-bde8,25,18,Normal
2026-02-08 09:52:13.925774,Seoul-bde8,-21,41,Normal
2026-02-08 09:52:14.925774,Seoul-bde8,44,28,Normal
2026-02-08 09:52:15.925774,Seoul-bde8,13,41,Normal
2026-02-08 09:52:16.925774,Seoul-bde8,29,22,Normal
2026-02-08 09:52:17.925774,Seoul-bde8,28,0,Normal
2026-02-08 09:52:18.925774,Seoul-bde8,16,88,Normal
2026-02-08 09:52:19.925774,Seoul-bde8,13,3,Normal
2026-02-08 09:52:20.925774,Seoul-bde8,18,71,Normal
2026-02-08 09:52:21.925774,Seoul-bde8,38,46,Normal
2026-02-08 09:52:22.925774,Seoul-bde8,-14,20,Normal
2026-02-08 09:52:23.925774,Seoul-bde8,-10,65,Normal
2026-02-08 09:52:24.925774,Seoul-bde8,39,92,Normal
2026-02-08 09:52:25.925774,Seoul-bde8,-3,16,Normal
2026-02-08 09:52:26.925774,Seoul-bde8,24,13,Normal
2026-02-08 09:52:27.925774,Seoul-bde8,-21,45,Normal
2026-02-08 09:52:28.925774,Seoul-bde8,-22,50,Normal
2026-02-08 09:52:29.925774,Seoul-bde8,-7,9,Normal
2026-02-08 09:52:30.925774,Seoul-bde8,-30,70,Normal
2026-02-08 09:52:31.925774,Seoul-bde8,34,98,Normal
2026-02-08 09:52:32.925774,Seoul-bde8,-23,67,Normal
2026-02-08 09:52:33.925774,Seoul-bde8,33,35,Normal
2026-02-08 09:52:34.925774,Seoul-bde8,-23,98,Normal
2026-02-08 09:52:35.925774,Seoul-bde8,33,57,Normal
2026-02-08 09:52:36.925774,Seoul-bde8,-19,11,Normal
2026-02-08 09:52:37.925774,Seoul-bde8,0,57,Normal
2026-02-08 09:52:38.925774,Seoul-bde8,31,49,Normal
2026-02-08 09:52:39.925774,Seoul-bde8,32,74,Normal
2026-02-08 09:52:40.925774,Seoul-bde8,-29,19,Normal
2026-02-08 09:52:41.925774,Seoul-bde8,19,92,Normal
2026-02-08 09:52:42.925774,Seoul-bde8,-12,14,Normal
2026-02-08 09:52:43.925774,Seoul-bde8,-6,70,Normal
2026-02-08 09:52:44.925774,Seoul-bde8,-29,56,Normal
2026-02-08 09:52:45.925774,Seoul-bde8,5,9,Normal
2026-02-08 09:52:46.925774,Seoul-bde8,26,41,Normal
2026-02-08 09:52:47.925774,Seoul-bde8,34,53,Normal
2026-02-08 09:52:48.925774,Seoul-bde8,-14,39,Normal
2026-02-08 09:52:49.925774,Seoul-bde8,44,95,Normal
2026-02-08 09:52:50.925774,Seoul-bde8,28,54,Normal
2026-02-08 09:52:51.925774,Seoul-bde8,6,32,Normal
2026-02-08 09:52:52.925774,Seoul-bde8,-8,40,Normal
2026-02-08 09:52:53.925774,Seoul-bde8,13,24,Normal
2026-02-08 09:52:54.925774,Seoul-bde8,-6,38,Normal
2026-02-08 09:52:55.925774,Seoul-bde8,29,38,Normal
2026-02-08 09:52:56.925774,Seoul-bde8,43,20,Normal
2026-02-08 09:52:57.925774,Seoul-bde8,-26,81,Normal
2026-02-08 09:52:58.925774,Seoul-bde8,7,64,Normal
2026-02-08 09:52:59.925774,Seoul-bde8,10,19,Normal
2026-02-08 09:53:00.925774,Seoul-bde8,50,99,Normal
2026-02-08 09:53:01.925774,Seoul-bde8,-11,44,Normal
2026-02-08 09:53:02.925774,Seoul-bde8,24,20,Normal
2026-02-08 09:53:03.925774,Seoul-bde8,37,96,Normal
2026-02-08 09:53:04.925774,Seoul-bde8,14,17,Normal
2026-02-08 09:53:05.925774,Seoul-bde8,26,96,Normal
2026-02-08 09:53:06.925774,Seoul-bde8,-14,51,Normal
2026-02-08 09:53:07.925774,Seoul-bde8,-9,91,Normal
2026-02-08 09:53:08.925774,Seoul-bde8,-15,66,Normal
2026-02-08 09:53:09.925774,Seoul-bde8,38,66,Normal
2026-02-08 09:53:10.925774,Seoul-bde8,-25,34,Normal
2026-02-08 09:53:11.925774,Seoul-bde8,-20,68,Normal
2026-02-08 09:53:12.925774,Seoul-bde8,32,53,Normal
2026-02-08 09:53:13.925774,Seoul-bde8,30,34,Normal
2026-02-08 09:53:14.925774,Seoul-bde8,-16,56,Normal
2026-02-08 09:53:15.925774,Seoul-bde8,4,21,Normal
2026-02-08 09:53:16.925774,Seoul-bde8,48,83,Normal
2026-02-08 09:53:17.925774,Seoul-bde8,50,12,Normal
2026-02-08 09:53:18.925774,Seoul-bde8,-16,73,Normal
2026-02-08 09:53:19.925774,Seoul-bde8,15,7,Normal
2026-02-08 09:53:20.925774,Seoul-bde8,-5,54,Normal
2026-02-08 09:53:21.925774,Seoul-bde8,13,97,Normal
2026-02-08 09:53:22.925774,Seoul-bde8,-16,84,Normal
2026-02-08 09:53:23.925774,Seoul-bde8,43,64,Normal
2026-02-08 09:53:24.925774,Seoul-bde8,4,30,Normal
2026-02-08 09:53:25.925774,Seoul-bde8,33,87,Normal
2026-02-08 09:53:26.925774,Seoul-bde8,6,94,Normal
2026-02-08 09:53:27.925774,Seoul-bde8,-15,32,Normal
2026-02-08 09:53:28.925774,Seoul-bde8,12,33,Normal
2026-02-08 09:53:29.925774,Seoul-bde8,13,23,Normal
2026-02-08 09:53:30.925774,Seoul-bde8,-30,82,Normal
2026-02-08 09:53:31.925774,Seoul-bde8,24,0,Normal
2026-02-08 09:53:32.925774,Seoul-bde8,26,47,Normal
2026-02-08 09:53:33.925774,Seoul-bde8,50,72,Normal
2026-02-08 09:53:34.925774,Seoul-bde8,-9,29,Normal
2026-02-08 09:53:35.925774,Seoul-bde8,2,86,Normal
2026-02-08 09:53:36.925774,Seoul-bde8,-1,72,Normal
2026-02-08 09:53:37.925774,Seoul-bde8,-21,87,Normal
2026-02-08 09:53:38.925774,Seoul-bde8,21,20,Normal
2026-02-08 09:53:39.925774,Seoul-bde8,-8,95,Normal
2026-02-08 09:53:40.925774,Seoul-bde8,-13,81,Normal
2026-02-08 09:53:41.925774,Seoul-bde8,-26,87,Normal
2026-02-08 09:53:42.925774,Seoul-bde8,25,52,Normal
2026-02-08 09:53:43.925774,Seoul-bde8,33,44,Normal
2026-02-08 09:53:44.925774,Seoul-bde8,33,23,Normal
2026-02-08 09:53:45.925774,Seoul-bde8,-11,19,Normal
2026-02-08 09:53:46.925774,Seoul-bde8,-25,8,Normal
2026-02-08 09:53:47.925774,Seoul-bde8,-17,67,Normal
2026-02-08 09:53:48.925774,Seoul-bde8,-5,57,Normal
2026-02-08 09:53:49.925774,Seoul-bde8,19,61,Normal
2026-02-08 09:53:50.925774,Seoul-bde8,47,56,Normal
2026-02-08 09:53:51.925774,Seoul-bde8,11,40,Normal
2026-02-08 09:53:52.925774,Seoul-bde8,46,49,Normal
2026-02-08 09:53:53.925774,Seoul-bde8,33,78,Normal
2026-02-08 09:53:54.925774,Seoul-bde8,36,93,Normal
2026-02-08 09:53:55.925774,Seoul-bde8,-26,26,Normal
2026-02-08 09:53:56.925774,Seoul-bde8,-24,97,Normal
2026-02-08 09:53:57.925774,Seoul-bde8,8,81,Normal
2026-02-08 09:53:58.925774,Seoul-bde8,23,99,Normal
2026-02-08 09:53:59.925774,Seoul-bde8,-12,46,Normal
2026-02-08 09:54:00.925774,Seoul-bde8,-1,22,Normal
2026-02-08 09:54:01.925774,Seoul-bde8,21,55,Normal
2026-02-08 09:54:02.925774,Seoul-bde8,38,18,Normal
2026-02-08 09:54:03.925774,Seoul-bde8,-3,76,Normal
2026-02-08 09:54:04.925774,Seoul-bde8,7,68,Normal
2026-02-08 09:54:05.925774,Seoul-bde8,-9,10,Normal
2026-02-08 09:54:06.925774,Seoul-bde8,-4,24,Normal
2026-02-08 09:54:07.925774,Seoul-bde8,33,95,Normal
2026-02-08 09:54:08.925774,Seoul-bde8,8,56,Normal
2026-02-08 09:54:09.925774,Seoul-bde8,38,96,Normal
2026-02-08 09:54:10.925774,Seoul-bde8,6,70,Normal
2026-02-08 09:54:11.925774,Seoul-bde8,8,10,Normal
2026-02-08 09:54:12.925774,Seoul-bde8,-30,92,Normal
2026-02-08 09:54:13.925774,Seoul-bde8,-26,15,Normal
2026-02-08 09:54:14.925774,Seoul-bde8,-12,6,Normal
2026-02-08 09:54:15.925774,Seoul-bde8,26,10,Normal
2026-02-08 09:54:16.925774,Seoul-bde8,38,60,Normal
2026-02-08 09:54:17.925774,Seoul-bde8,-10,35,Normal
2026-02-08 09:54:18.925774,Seoul-bde8,-8,14,Normal
2026-02-08 09:54:19.925774,Seoul-bde8,-23,71,Normal
2026-02-08 09:54:20.925774,Seoul-bde8,-22,42,Normal
2026-02-08 09:54:21.925774,Seoul-bde8,40,65,Normal
2026-02-08 09:54:22.925774,Seoul-bde8,3,14,Normal
2026-02-08 09:54:23.925774,Seoul-bde8,-20,44,Normal
2026-02-08 09:54:24.925774,Seoul-bde8,-18,86,Normal
2026-02-08 09:54:25.925774,Seoul-bde8,18,60,Normal
2026-02-08 09:54:26.925774,Seoul-bde8,25,27,Normal
2026-02-08 09:54:27.925774,Seoul-bde8,43,57,Normal
2026-02-08 09:54:28.925774,Seoul-bde8,1,41,Normal
2026-02-08 09:54:29.925774,Seoul-bde8,36,44,Normal
2026-02-08 09:54:30.925774,Seoul-bde8,30,10,Normal
2026-02-08 09:54:31.925774,Seoul-bde8,-8,12,Normal
2026-02-08 09:54:32.925774,Seoul-bde8,-5,8,Normal
2026-02-08 09:54:33.925774,Seoul-bde8,45,86,Normal
2026-02-08 09:54:34.925774,Seoul-bde8,45,20,Normal
2026-02-08 09:54:35.925774,Seoul-bde8,6,84,Normal
2026-02-08 09:54:36.925774,Seoul-bde8,3,37,Normal
2026-02-08 09:54:37.925774,Seoul-bde8,-24,45,Normal
2026-02-08 09:54:38.925774,Seoul-bde8,12,76,Normal
2026-02-08 09:54:39.925774,Seoul-bde8,-8,72,Normal
2026-02-08 09:54:40.925774,Seoul-bde8,43,51,Normal
2026-02-08 09:54:41.925774,Seoul-bde8,-4,57,Normal
2026-02-08 09:54:42.925774,Seoul-bde8,19,45,Normal
2026-02-08 09:54:43.925774,Seoul-bde8,-27,89,Normal
2026-02-08 09:54:44.925774,Seoul-bde8,-6,4,Normal
2026-02-08 09:54:45.925774,Seoul-bde8,7,49,Normal
2026-02-08 09:54:46.925774,Seoul-bde8,-17,12,Normal
2026-02-08 09:54:47.925774,Seoul-bde8,17,21,Normal
2026-02-08 09:54:48.925774,Seoul-bde8,-25,49,Normal
2026-02-08 09:54:49.925774,Seoul-bde8,7,16,Normal
2026-02-08 09:54:50.925774,Seoul-bde8,42,58,Normal
2026-02-08 09:54:51.925774,Seoul-bde8,3,95,Normal
2026-02-08 09:54:52.925774,Seoul-bde8,-26,54,Normal
2026-02-08 09:54:53.925774,Seoul-bde8,-2,62,Normal
2026-02-08 09:54:54.925774,Seoul-bde8,11,67,Normal
2026-02-08 09:54:55.925774,Seoul-bde8,30,32,Normal
2026-02-08 09:54:56.925774,Seoul-bde8,-22,29,Normal
2026-02-08 09:54:57.925774,Seoul-bde8,46,63,Normal
2026-02-08 09:54:58.925774,Seoul-bde8,-8,70,Normal
2026-02-08 09:54:59.925774,Seoul-bde8,-18,35,Normal
2026-02-08 09:55:00.925774,Seoul-bde8,-3,84,Normal
2026-02-08 09:55:01.925774,Seoul-bde8,-6,57,Normal
2026-02-08 09:55:02.925774,Seoul-bde8,18,40,Normal
2026-02-08 09:55:03.925774,Seoul-bde8,0,51,Normal
2026-02-08 09:55:04.925774,Seoul-bde8,35,95,Normal
2026-02-08 09:55:05.925774,Seoul-bde8,-5,97,Normal
2026-02-08 09:55:06.925774,Seoul-bde8,38,44,Normal
2026-02-08 09:55:07.925774,Seoul-bde8,-11,1,Normal
2026-02-08 09:55:08.925774,Seoul-bde8,-17,60,Normal
2026-02-08 09:55:09.925774,Seoul-bde8,43,89,Normal
2026-02-08 09:55:10.925774,Seoul-bde8,-12,37,Normal
2026-02-08 09:55:11.925774,Seoul-bde8,-14,85,Normal
2026-02-08 09:55:12.925774,Seoul-bde8,1,76,Normal
2026-02-08 09:55:13.925774,Seoul-bde8,42,43,Normal
2026-02-08 09:55:14.925774,Seoul-bde8,7,68,Normal
2026-02-08 09:55:15.925774,Seoul-bde8,8,57,Normal
2026-02-08 09:55:16.925774,Seoul-bde8,11,35,Normal
2026-02-08 09:55:17.925774,Seoul-bde8,2,5,Normal
2026-02-08 09:55:18.925774,Seoul-bde8,31,100,Normal
2026-02-08 09:55:19.925774,Seoul-bde8,14,45,Normal
2026-02-08 09:55:20.925774,Seoul-bde8,30,85,Normal
2026-02-08 09:55:21.925774,Seoul-bde8,2,70,Normal
2026-02-08 09:55:22.925774,Seoul-bde8,-2,13,Normal
2026-02-08 09:55:23.925774,Seoul-bde8,15,10,Normal
2026-02-08 09:55:24.925774,Seoul-bde8,0,24,Normal
2026-02-08 09:55:25.925774,Seoul-bde8,-29,50,Normal
2026-02-08 09:55:26.925774,Seoul-bde8,15,95,Normal
2026-02-08 09:55:27.925774,Seoul-bde8,22,18,Normal
2026-02-08 09:55:28.925774,Seoul-bde8,-9,72,Normal
2026-02-08 09:55:29.925774,Seoul-bde8,-1,90,Normal
2026-02-08 09:55:30.925774,Seoul-bde8,-3,4,Normal
2026-02-08 09:55:31.925774,Seoul-bde8,-7,32,Normal
2026-02-08 09:55:32.925774,Seoul-bde8,8,25,Normal
2026-02-08 09:55:33.925774,Seoul-bde8,33,33,Normal
2026-02-08 09:55:34.925774,Seoul-bde8,-26,90,Normal
2026-02-08 09:55:35.925774,Seoul-bde8,24,6,Normal
2026-02-08 09:55:36.925774,Seoul-bde8,7,65,Normal
2026-02-08 09:55:37.925774,Seoul-bde8,-16,11,Normal
2026-02-08 09:55:38.925774,Seoul-bde8,1,80,Normal
2026-02-08 09:55:39.925774,Seoul-bde8,-7,51,Normal
2026-02-08 09:55:40.925774,Seoul-bde8,-21,79,Normal
2026-02-08 09:55:41.925774,Seoul-bde8,45,2,Normal
2026-02-08 09:55:42.925774,Seoul-bde8,-10,40,Normal
2026-02-08 09:55:43.925774,Seoul-bde8,47,94,Normal
2026-02-08 09:55:44.925774,Seoul-bde8,-2,58,Normal
2026-02-08 09:55:45.925774,Seoul-bde8,-15,65,Normal
2026-02-08 09:55:46.925774,Seoul-bde8,-20,27,Normal
2026-02-08 09:55:47.925774,Seoul-bde8,-10,68,Normal
2026-02-08 09:55:48.925774,Seoul-bde8,-13,57,Normal
2026-02-08 09:55:49.925774,Seoul-bde8,28,66,Normal
2026-02-08 09:55:50.925774,Seoul-bde8,-6,2,Normal
2026-02-08 09:55:51.925774,Seoul-bde8,23,86,Normal
2026-02-08 09:55:52.925774,Seoul-bde8,-12,96,Normal
2026-02-08 09:55:53.925774,Seoul-bde8,48,60,Normal
2026-02-08 09:55:54.925774,Seoul-bde8,46,33,Normal
2026-02-08 09:55:55.925774,Seoul-bde8,-23,64,Normal
2026-02-08 09:55:56.925774,Seoul-bde8,-13,85,Normal
2026-02-08 09:55:57.925774,Seoul-bde8,-19,49,Normal
2026-02-08 09:55:58.925774,Seoul-bde8,43,58,Normal
2026-02-08 09:55:59.925774,Seoul-bde8,17,69,Normal
2026-02-08 09:56:00.925774,Seoul-bde8,-8,38,Normal
2026-02-08 09:56:01.925774,Seoul-bde8,46,53,Normal
2026-02-08 09:56:02.925774,Seoul-bde8,-29,4,Normal
2026-02-08 09:56:03.925774,Seoul-bde8,17,0,Normal
2026-02-08 09:56:04.925774,Seoul-bde8,47,71,Normal
2026-02-08 09:56:05.925774,Seoul-bde8,13,72,Normal
2026-02-08 09:56:06.925774,Seoul-bde8,14,100,Normal
2026-02-08 09:56:07.925774,Seoul-bde8,46,77,Normal
2026-02-08 09:56:08.925774,Seoul-bde8,43,1,Normal
2026-02-08 09:56:09.925774,Seoul-bde8,3,42,Normal
2026-02-08 09:56:10.925774,Seoul-bde8,4,34,Normal
2026-02-08 09:56:11.925774,Seoul-bde8,29,98,Normal
2026-02-08 09:56:12.925774,Seoul-bde8,3,50,Normal
2026-02-08 09:56:13.925774,Seoul-bde8,-30,27,Normal
2026-02-08 09:56:14.925774,Seoul-bde8,18,30,Normal
2026-02-08 09:56:15.925774,Seoul-bde8,31,1,Normal
2026-02-08 09:56:16.925774,Seoul-bde8,-19,61,Normal
2026-02-08 09:56:17.925774,Seoul-bde8,9,25,Normal
2026-02-08 09:56:18.925774,Seoul-bde8,-20,82,Normal
2026-02-08 09:56:19.925774,Seoul-bde8,26,92,Normal
2026-02-08 09:56:20.925774,Seoul-bde8,-16,28,Normal
2026-02-08 09:56:21.925774,Seoul-bde8,18,37,Normal
2026-02-08 09:56:22.925774,Seoul-bde8,-15,85,Normal
2026-02-08 09:56:23.925774,Seoul-bde8,13,55,Normal
2026-02-08 09:56:24.925774,Seoul-bde8,-18,28,Normal
2026-02-08 09:56:25.925774,Seoul-bde8,-24,23,Normal
2026-02-08 09:56:26.925774,Seoul-bde8,-24,63,Normal
2026-02-08 09:56:27.925774,Seoul-bde8,-29,41,Normal
2026-02-08 09:56:28.925774,Seoul-bde8,-18,32,Normal
2026-02-08 09:56:29.925774,Seoul-bde8,42,49,Normal
2026-02-08 09:56:30.925774,Seoul-bde8,-4,51,Normal
2026-02-08 09:56:31.925774,Seoul-bde8,-24,49,Normal
2026-02-08 09:56:32.925774,Seoul-bde8,-21,90,Normal
2026-02-08 09:56:33.925774,Seoul-bde8,27,40,Normal
2026-02-08 09:56:34.925774,Seoul-bde8,17,38,Normal
2026-02-08 09:56:35.925774,Seoul-bde8,24,43,Normal
2026-02-08 09:56:36.925774,Seoul-bde8,-25,4,Normal
2026-02-08 09:56:37.925774,Seoul-bde8,15,6,Normal
2026-02-08 09:56:38.925774,Seoul-bde8,25,84,Normal
2026-02-08 09:56:39.925774,Seoul-bde8,-30,39,Normal
2026-02-08 09:56:40.925774,Seoul-bde8,21,66,Normal
2026-02-08 09:56:41.925774,Seoul-bde8,16,82,Normal
2026-02-08 09:56:42.925774,Seoul-bde8,-28,92,Normal
2026-02-08 09:56:43.925774,Seoul-bde8,39,69,Normal
2026-02-08 09:56:44.925774,Seoul-bde8,45,53,Normal
2026-02-08 09:56:45.925774,Seoul-bde8,50,51,Normal
2026-02-08 09:56:46.925774,Seoul-bde8,3,100,Normal
2026-02-08 09:56:47.925774,Seoul-bde8,36,17,Normal
2026-02-08 09:56:48.925774,Seoul-bde8,-3,56,Normal
2026-02-08 09:56:49.925774,Seoul-bde8,37,64,Normal
2026-02-08 09:56:50.925774,Seoul-bde8,-4,55,Normal
2026-02-08 09:56:51.925774,Seoul-bde8,47,70,Normal
2026-02-08 09:56:52.925774,Seoul-bde8,24,10,Normal
2026-02-08 09:56:53.925774,Seoul-bde8,-10,7,Normal
2026-02-08 09:56:54.925774,Seoul-bde8,33,8,Normal
2026-02-08 09:56:55.925774,Seoul-bde8,-5,20,Normal
2026-02-08 09:56:56.925774,Seoul-bde8,10,11,Normal
2026-02-08 09:56:57.925774,Seoul-bde8,-8,6,Normal
2026-02-08 09:56:58.925774,Seoul-bde8,-17,77,Normal
2026-02-08 09:56:59.925774,Seoul-bde8,0,95,Normal
2026-02-08 09:57:00.925774,Seoul-bde8,-5,43,Normal
2026-02-08 09:57:01.925774,Seoul-bde8,42,87,Normal
2026-02-08 09:57:02.925774,Seoul-bde8,34,71,Normal
2026-02-08 09:57:03.925774,Seoul-bde8,25,82,Normal
2026-02-08 09:57:04.925774,Seoul-bde8,-28,43,Normal
2026-02-08 09:57:05.925774,Seoul-bde8,8,100,Normal
2026-02-08 09:57:06.925774,Seoul-bde8,1,38,Normal
2026-02-08 09:57:07.925774,Seoul-bde8,19,98,Normal
2026-02-08 09:57:08.925774,Seoul-bde8,4,34,Normal
2026-02-08 09:57:09.925774,Seoul-bde8,3,58,Normal
2026-02-08 09:57:10.925774,Seoul-bde8,39,3,Normal
2026-02-08 09:57:11.925774,Seoul-bde8,-27,82,Normal
2026-02-08 09:57:12.925774,Seoul-bde8,41,65,Normal
2026-02-08 09:57:13.925774,Seoul-bde8,27,19,Normal
2026-02-08 09:57:14.925774,Seoul-bde8,26,31,Normal
2026-02-08 09:57:15.925774,Seoul-bde8,-29,72,Normal
2026-02-08 09:57:16.925774,Seoul-bde8,12,60,Normal
2026-02-08 09:57:17.925774,Seoul-bde8,-30,22,Normal
2026-02-08 09:57:18.925774,Seoul-bde8,40,74,Normal
2026-02-08 09:57:19.925774,Seoul-bde8,-2,39,Normal
2026-02-08 09:57:20.925774,Seoul-bde8,-29,6,Normal
2026-02-08 09:57:21.925774,Seoul-bde8,-1,50,Normal
2026-02-08 09:57:22.925774,Seoul-bde8,-5,78,Normal
2026-02-08 09:57:23.925774,Seoul-bde8,44,9,Normal
2026-02-08 09:57:24.925774,Seoul-bde8,29,16,Normal
2026-02-08 09:57:25.925774,Seoul-bde8,24,83,Normal
2026-02-08 09:57:26.925774,Seoul-bde8,-20,22,Normal
2026-02-08 09:57:27.925774,Seoul-bde8,-12,56,Normal
2026-02-08 09:57:28.925774,Seoul-bde8,48,24,Normal
2026-02-08 09:57:29.925774,Seoul-bde8,-28,44,Normal
2026-02-08 09:57:30.925774,Seoul-bde8,29,96,Normal
2026-02-08 09:57:31.925774,Seoul-bde8,-3,49,Normal
2026-02-08 09:57:32.925774,Seoul-bde8,7,39,Normal
2026-02-08 09:57:33.925774,Seoul-bde8,8,82,Normal
2026-02-08 09:57:34.925774,Seoul-bde8,3,74,Normal
2026-02-08 09:57:35.925774,Seoul-bde8,-11,29,Normal
2026-02-08 09:57:36.925774,Seoul-bde8,-30,35,Normal
2026-02-08 09:57:37.925774,Seoul-bde8,-24,7,Normal
2026-02-08 09:57:38.925774,Seoul-bde8,-3,71,Normal
2026-02-08 09:57:39.925774,Seoul-bde8,23,32,Normal
2026-02-08 09:57:40.925774,Seoul-bde8,39,71,Normal
2026-02-08 09:57:41.925774,Seoul-bde8,8,72,Normal
2026-02-08 09:57:42.925774,Seoul-bde8,36,74,Normal
2026-02-08 09:57:43.925774,Seoul-bde8,-18,34,Normal
2026-02-08 09:57:44.925774,Seoul-bde8,-18,3,Normal
2026-02-08 09:57:45.925774,Seoul-bde8,-13,85,Normal
2026-02-08 09:57:46.925774,Seoul-bde8,-17,15,Normal
2026-02-08 09:57:47.925774,Seoul-bde8,18,28,Normal
2026-02-08 09:57:48.925774,Seoul-bde8,34,36,Normal
2026-02-08 09:57:49.925774,Seoul-bde8,38,54,Normal
2026-02-08 09:57:50.925774,Seoul-bde8,28,28,Normal
2026-02-08 09:57:51.925774,Seoul-bde8,44,91,Normal
2026-02-08 09:57:52.925774,Seoul-bde8,46,51,Normal
2026-02-08 09:57:53.925774,Seoul-bde8,39,63,Normal
2026-02-08 09:57:54.925774,Seoul-bde8,48,18,Normal
2026-02-08 09:57:55.925774,Seoul-bde8,-11,11,Normal
2026-02-08 09:57:56.925774,Seoul-bde8,23,49,Normal
2026-02-08 09:57:57.925774,Seoul-bde8,-3,60,Normal
2026-02-08 09:57:58.925774,Seoul-bde8,46,82,Normal
2026-02-08 09:57:59.925774,Seoul-bde8,25,74,Normal
2026-02-08 09:58:00.925774,Seoul-bde8,45,81,Normal
2026-02-08 09:58:01.925774,Seoul-bde8,49,72,Normal
2026-02-08 09:58:02.925774,Seoul-bde8,28,59,Normal
2026-02-08 09:58:03.925774,Seoul-bde8,40,49,Normal
2026-02-08 09:58:04.925774,Seoul-bde8,14,13,Normal
2026-02-08 09:58:05.925774,Seoul-bde8,28,66,Normal
2026-02-08 09:58:06.925774,Seoul-bde8,18,69,Normal
2026-02-08 09:58:07.925774,Seoul-bde8,-13,82,Normal
2026-02-08 09:58:08.925774,Seoul-bde8,-8,62,Normal
2026-02-08 09:58:09.925774,Seoul-bde8,24,98,Normal
2026-02-08 09:58:10.925774,Seoul-bde8,42,5,Normal
2026-02-08 09:58:11.925774,Seoul-bde8,45,53,Normal
2026-02-08 09:58:12.925774,Seoul-bde8,39,52,Normal
2026-02-08 09:58:13.925774,Seoul-bde8,10,83,Normal
2026-02-08 09:58:14.925774,Seoul-bde8,25,50,Normal
2026-02-08 09:58:15.925774,Seoul-bde8,20,85,Normal
2026-02-08 09:58:16.925774,Seoul-bde8,5,96,Normal
2026-02-08 09:58:17.925774,Seoul-bde8,40,26,Normal
2026-02-08 09:58:18.925774,Seoul-bde8,26,14,Normal
2026-02-08 09:58:19.925774,Seoul-bde8,34,46,Normal
2026-02-08 09:58:20.925774,Seoul-bde8,-19,66,Normal
2026-02-08 09:58:21.925774,Seoul-bde8,-18,23,Normal
2026-02-08 09:58:22.925774,Seoul-bde8,-17,95,Normal
2026-02-08 09:58:23.925774,Seoul-bde8,35,15,Normal
2026-02-08 09:58:24.925774,Seoul-bde8,-8,12,Normal
2026-02-08 09:58:25.925774,Seoul-bde8,35,90,Normal
2026-02-08 09:58:26.925774,Seoul-bde8,-13,90,Normal
2026-02-08 09:58:27.925774,Seoul-bde8,-25,99,Normal
2026-02-08 09:58:28.925774,Seoul-bde8,34,54,Normal
2026-02-08 09:58:29.925774,Seoul-bde8,47,48,Normal
2026-02-08 09:58:30.925774,Seoul-bde8,35,77,Normal
2026-02-08 09:58:31.925774,Seoul-bde8,-4,28,Normal
2026-02-08 09:58:32.925774,Seoul-bde8,1,2,Normal
2026-02-08 09:58:33.925774,Seoul-bde8,20,34,Normal
2026-02-08 09:58:34.925774,Seoul-bde8,46,61,Normal
2026-02-08 09:58:35.925774,Seoul-bde8,-20,6,Normal
2026-02-08 09:58:36.925774,Seoul-bde8,43,16,Normal
2026-02-08 09:58:37.925774,Seoul-bde8,16,61,Normal
2026-02-08 09:58:38.925774,Seoul-bde8,-14,89,Normal
2026-02-08 09:58:39.925774,Seoul-bde8,4,19,Normal
2026-02-08 09:58:40.925774,Seoul-bde8,36,61,Normal
2026-02-08 09:58:41.925774,Seoul-bde8,10,34,Normal
2026-02-08 09:58:42.925774,Seoul-bde8,31,90,Normal
2026-02-08 09:58:43.925774,Seoul-bde8,10,50,Normal
2026-02-08 09:58:44.925774,Seoul-bde8,-5,12,Normal
2026-02-08 09:58:45.925774,Seoul-bde8,1,68,Normal
2026-02-08 09:58:46.925774,Seoul-bde8,31,47,Normal
2026-02-08 09:58:47.925774,Seoul-bde8,12,80,Normal
2026-02-08 09:58:48.925774,Seoul-bde8,27,13,Normal
2026-02-08 09:58:49.925774,Seoul-bde8,23,38,Normal
2026-02-08 09:58:50.925774,Seoul-bde8,26,29,Normal
2026-02-08 09:58:51.925774,Seoul-bde8,23,36,Normal
2026-02-08 09:58:52.925774,Seoul-bde8,-8,37,Normal
2026-02-08 09:58:53.925774,Seoul-bde8,14,71,Normal
2026-02-08 09:58:54.925774,Seoul-bde8,15,84,Normal
2026-02-08 09:58:55.925774,Seoul-bde8,48,84,Normal
2026-02-08 09:58:56.925774,Seoul-bde8,36,53,Normal
2026-02-08 09:58:57.925774,Seoul-bde8,50,50,Normal
2026-02-08 09:58:58.925774,Seoul-bde8,34,76,Normal
2026-02-08 09:58:59.925774,Seoul-bde8,11,5,Normal
2026-02-08 09:59:00.925774,Seoul-bde8,3,74,Normal
2026-02-08 09:59:01.925774,Seoul-bde8,-21,0,Normal
2026-02-08 09:59:02.925774,Seoul-bde8,37,27,Normal
2026-02-08 09:59:03.925774,Seoul-bde8,18,76,Normal
2026-02-08 09:59:04.925774,Seoul-bde8,-8,0,Normal
2026-02-08 09:59:05.925774,Seoul-bde8,-27,81,Normal
2026-02-08 09:59:06.925774,Seoul-bde8,13,35,Normal
2026-02-08 09:59:07.925774,Seoul-bde8,6,89,Normal
2026-02-08 09:59:08.925774,Seoul-bde8,45,49,Normal
2026-02-08 09:59:09.925774,Seoul-bde8,-14,87,Normal
2026-02-08 09:59:10.925774,Seoul-bde8,-10,99,Normal
2026-02-08 09:59:11.925774,Seoul-bde8,-14,61,Normal
2026-02-08 09:59:12.925774,Seoul-bde8,41,0,Normal
2026-02-08 09:59:13.925774,Seoul-bde8,6,36,Normal
2026-02-08 09:59:14.925774,Seoul-bde8,-24,47,Normal
2026-02-08 09:59:15.925774,Seoul-bde8,50,54,Normal
2026-02-08 09:59:16.925774,Seoul-bde8,20,60,Normal
2026-02-08 09:59:17.925774,Seoul-bde8,-16,97,Normal
2026-02-08 09:59:18.925774,Seoul-bde8,-23,59,Normal
2026-02-08 09:59:19.925774,Seoul-bde8,2,57,Normal
2026-02-08 09:59:20.925774,Seoul-bde8,48,86,Normal
2026-02-08 09:59:21.925774,Seoul-bde8,-24,94,Normal
2026-02-08 09:59:22.925774,Seoul-bde8,-8,95,Normal
2026-02-08 09:59:23.925774,Seoul-bde8,9,93,Normal
2026-02-08 09:59:24.925774,Seoul-bde8,-15,52,Normal
2026-02-08 09:59:25.925774,Seoul-bde8,7,26,Normal
2026-02-08 09:59:26.925774,Seoul-bde8,-26,69,Normal
2026-02-08 09:59:27.925774,Seoul-bde8,-20,100,Normal
2026-02-08 09:59:28.925774,Seoul-bde8,-6,46,Normal
2026-02-08 09:59:29.925774,Seoul-bde8,8,38,Normal
2026-02-08 09:59:30.925774,Seoul-bde8,5,80,Normal
2026-02-08 09:59:31.925774,Seoul-bde8,-8,87,Normal
2026-02-08 09:59:32.925774,Seoul-bde8,17,29,Normal
2026-02-08 09:59:33.925774,Seoul-bde8,-24,28,Normal
2026-02-08 09:59:34.925774,Seoul-bde8,-25,15,Normal
2026-02-08 09:59:35.925774,Seoul-bde8,40,36,Normal
2026-02-08 09:59:36.925774,Seoul-bde8,9,0,Normal
2026-02-08 09:59:37.925774,Seoul-bde8,38,99,Normal
2026-02-08 09:59:38.925774,Seoul-bde8,47,99,Normal
2026-02-08 09:59:39.925774,Seoul-bde8,45,65,Normal
2026-02-08 09:59:40.925774,Seoul-bde8,-6,96,Normal
2026-02-08 09:59:41.925774,Seoul-bde8,33,48,Normal
2026-02-08 09:59:42.925774,Seoul-bde8,-6,98,Normal
2026-02-08 09:59:43.925774,Seoul-bde8,-21,12,Normal
2026-02-08 09:59:44.925774,Seoul-bde8,37,41,Normal
2026-02-08 09:59:45.925774,Seoul-bde8,46,90,Normal
2026-02-08 09:59:46.925774,Seoul-bde8,6,80,Normal
2026-02-08 09:59:47.925774,Seoul-bde8,41,20,Normal
2026-02-08 09:59:48.925774,Seoul-bde8,-15,85,Normal
2026-02-08 09:59:49.925774,Seoul-bde8,21,17,Normal
2026-02-08 09:59:50.925774,Seoul-bde8,38,89,Normal
2026-02-08 09:59:51.925774,Seoul-bde8,47,19,Normal
2026-02-08 09:59:52.925774,Seoul-bde8,42,75,Normal
2026-02-08 09:59:53.925774,Seoul-bde8,-22,51,Normal
2026-02-08 09:59:54.925774,Seoul-bde8,-30,54,Normal
2026-02-08 09:59:55.925774,Seoul-bde8,14,67,Normal
2026-02-08 09:59:56.925774,Seoul-bde8,19,87,Normal
2026-02-08 09:59:57.925774,Seoul-bde8,48,10,Normal
2026-02-08 09:59:58.925774,Seoul-bde8,6,90,Normal
2026-02-08 09:59:59.925774,Seoul-bde8,-11,2,Normal
2026-02-08 10:00:00.925774,Seoul-bde8,19,98,Normal
2026-02-08 10:00:01.925774,Seoul-bde8,34,82,Normal
2026-02-08 10:00:02.925774,Seoul-bde8,43,53,Normal
2026-02-08 10:00:03.925774,Seoul-bde8,46,96,Normal
2026-02-08 10:00:04.925774,Seoul-bde8,36,67,Normal
2026-02-08 10:00:05.925774,Seoul-bde8,-30,13,Normal
2026-02-08 10:00:06.925774,Seoul-bde8,12,39,Normal
2026-02-08 10:00:07.925774,Seoul-bde8,30,80,Normal
2026-02-08 10:00:08.925774,Seoul-bde8,31,62,Normal
2026-02-08 10:00:09.925774,Seoul-bde8,16,38,Normal
2026-02-08 10:00:10.925774,Seoul-bde8,50,12,Normal
2026-02-08 10:00:11.925774,Seoul-bde8,22,13,Normal
2026-02-08 10:00:12.925774,Seoul-bde8,-3,99,Normal
2026-02-08 10:00:13.925774,Seoul-bde8,-12,3,Normal
2026-02-08 10:00:14.925774,Seoul-bde8,15,68,Normal
2026-02-08 10:00:15.925774,Seoul-bde8,31,61,Normal
2026-02-08 10:00:16.925774,Seoul-bde8,47,12,Normal
2026-02-08 10:00:17.925774,Seoul-bde8,-17,34,Normal
2026-02-08 10:00:18.925774,Seoul-bde8,0,12,Normal
2026-02-08 10:00:19.925774,Seoul-bde8,41,43,Normal
2026-02-08 10:00:20.925774,Seoul-bde8,-21,52,Normal
2026-02-08 10:00:21.925774,Seoul-bde8,0,71,Normal
2026-02-08 10:00:22.925774,Seoul-bde8,-11,16,Normal
2026-02-08 10:00:23.925774,Seoul-bde8,7,50,Normal
2026-02-08 10:00:24.925774,Seoul-bde8,12,26,Normal
2026-02-08 10:00:25.925774,Seoul-bde8,37,14,Normal
2026-02-08 10:00:26.925774,Seoul-bde8,-4,11,Normal
2026-02-08 10:00:27.925774,Seoul-bde8,-10,90,Normal
2026-02-08 10:00:28.925774,Seoul-bde8,-19,48,Normal
2026-02-08 10:00:29.925774,Seoul-bde8,45,16,Normal
2026-02-08 10:00:30.925774,Seoul-bde8,-14,14,Normal
2026-02-08 10:00:31.925774,Seoul-bde8,28,67,Normal
2026-02-08 10:00:32.925774,Seoul-bde8,39,26,Normal
2026-02-08 10:00:33.925774,Seoul-bde8,39,2,Normal
2026-02-08 10:00:34.925774,Seoul-bde8,-9,57,Normal
2026-02-08 10:00:35.925774,Seoul-bde8,-9,29,Normal
2026-02-08 10:00:36.925774,Seoul-bde8,23,18,Normal
2026-02-08 10:00:37.925774,Seoul-bde8,43,24,Normal
2026-02-08 10:00:38.925774,Seoul-bde8,26,98,Normal
2026-02-08 10:00:39.925774,Seoul-bde8,47,45,Normal
2026-02-08 10:00:40.925774,Seoul-bde8,-12,0,Normal
2026-02-08 10:00:41.925774,Seoul-bde8,34,32,Normal
2026-02-08 10:00:42.925774,Seoul-bde8,-6,73,Normal
2026-02-08 10:00:43.925774,Seoul-bde8,-25,5,Normal
2026-02-08 10:00:44.925774,Seoul-bde8,20,78,Normal
2026-02-08 10:00:45.925774,Seoul-bde8,-30,1,Normal
2026-02-08 10:00:46.925774,Seoul-bde8,10,97,Normal
2026-02-08 10:00:47.925774,Seoul-bde8,-29,82,Normal
2026-02-08 10:00:48.925774,Seoul-bde8,-7,46,Normal
2026-02-08 10:00:49.925774,Seoul-bde8,40,59,Normal
2026-02-08 10:00:50.925774,Seoul-bde8,36,49,Normal
2026-02-08 10:00:51.925774,Seoul-bde8,-9,81,Normal
2026-02-08 10:00:52.925774,Seoul-bde8,4,49,Normal
2026-02-08 10:00:53.925774,Seoul-bde8,-29,16,Normal
2026-02-08 10:00:54.925774,Seoul-bde8,18,81,Normal
2026-02-08 10:00:55.925774,Seoul-bde8,-7,88,Normal
2026-02-08 10:00:56.925774,Seoul-bde8,4,90,Normal
2026-02-08 10:00:57.925774,Seoul-bde8,39,14,Normal
2026-02-08 10:00:58.925774,Seoul-bde8,39,92,Normal
2026-02-08 10:00:59.925774,Seoul-bde8,-3,59,Normal
2026-02-08 10:01:00.925774,Seoul-bde8,-23,56,Normal
2026-02-08 10:01:01.925774,Seoul-bde8,8,55,Normal
2026-02-08 10:01:02.925774,Seoul-bde8,-22,5,Normal
2026-02-08 10:01:03.925774,Seoul-bde8,-12,56,Normal
2026-02-08 10:01:04.925774,Seoul-bde8,36,77,Normal
2026-02-08 10:01:05.925774,Seoul-bde8,20,90,Normal
2026-02-08 10:01:06.925774,Seoul-bde8,20,43,Normal
2026-02-08 10:01:07.925774,Seoul-bde8,-30,80,Normal
2026-02-08 10:01:08.925774,Seoul-bde8,-22,31,Normal
2026-02-08 10:01:09.925774,Seoul-bde8,39,87,Normal
2026-02-08 10:01:10.925774,Seoul-bde8,-22,50,Normal
2026-02-08 10:01:11.925774,Seoul-bde8,-22,55,Normal
2026-02-08 10:01:12.925774,Seoul-bde8,47,53,Normal
2026-02-08 10:01:13.925774,Seoul-bde8,14,3,Normal
2026-02-08 10:01:14.925774,Seoul-bde8,23,2,Normal
2026-02-08 10:01:15.925774,Seoul-bde8,-22,30,Normal
2026-02-08 10:01:16.925774,Seoul-bde8,48,54,Normal
2026-02-08 10:01:17.925774,Seoul-bde8,-19,4,Normal
2026-02-08 10:01:18.925774,Seoul-bde8,24,5,Normal
2026-02-08 10:01:19.925774,Seoul-bde8,45,70,Normal
2026-02-08 10:01:20.925774,Seoul-bde8,-25,55,Normal
2026-02-08 10:01:21.925774,Seoul-bde8,32,61,Normal
2026-02-08 10:01:22.925774,Seoul-bde8,-14,53,Normal
2026-02-08 10:01:23.925774,Seoul-bde8,-13,5,Normal
2026-02-08 10:01:24.925774,Seoul-bde8,30,25,Normal
2026-02-08 10:01:25.925774,Seoul-bde8,40,17,Normal
2026-02-08 10:01:26.925774,Seoul-bde8,-8,90,Normal
2026-02-08 10:01:27.925774,Seoul-bde8,32,75,Normal
2026-02-08 10:01:28.925774,Seoul-bde8,50,26,Normal
2026-02-08 10:01:29.925774,Seoul-bde8,-4,93,Normal
2026-02-08 10:01:30.925774,Seoul-bde8,46,82,Normal
2026-02-08 10:01:31.925774,Seoul-bde8,12,14,Normal
2026-02-08 10:01:32.925774,Seoul-bde8,10,54,Normal
2026-02-08 10:01:33.925774,Seoul-bde8,-14,90,Normal
2026-02-08 10:01:34.925774,Seoul-bde8,30,52,Normal
2026-02-08 10:01:35.925774,Seoul-bde8,28,64,Normal
2026-02-08 10:01:36.925774,Seoul-bde8,28,77,Normal
2026-02-08 10:01:37.925774,Seoul-bde8,41,26,Normal
2026-02-08 10:01:38.925774,Seoul-bde8,34,86,Normal
2026-02-08 10:01:39.925774,Seoul-bde8,19,0,Normal
2026-02-08 10:01:40.925774,Seoul-bde8,37,29,Normal
2026-02-08 10:01:41.925774,Seoul-bde8,48,80,Normal
2026-02-08 10:01:42.925774,Seoul-bde8,22,82,Normal
2026-02-08 10:01:43.925774,Seoul-bde8,2,75,Normal
2026-02-08 10:01:44.925774,Seoul-bde8,35,92,Normal
2026-02-08 10:01:45.925774,Seoul-bde8,33,10,Normal
2026-02-08 10:01:46.925774,Seoul-bde8,-10,69,Normal
2026-02-08 10:01:47.925774,Seoul-bde8,41,35,Normal
2026-02-08 10:01:48.925774,Seoul-bde8,13,78,Normal
2026-02-08 10:01:49.925774,Seoul-bde8,46,19,Normal
2026-02-08 10:01:50.925774,Seoul-bde8,21,62,Normal
2026-02-08 10:01:51.925774,Seoul-bde8,46,94,Normal
2026-02-08 10:01:52.925774,Seoul-bde8,6,29,Normal
2026-02-08 10:01:53.925774,Seoul-bde8,26,62,Normal
2026-02-08 10:01:54.925774,Seoul-bde8,37,34,Normal
2026-02-08 10:01:55.925774,Seoul-bde8,-28,19,Normal
2026-02-08 10:01:56.925774,Seoul-bde8,11,64,Normal
2026-02-08 10:01:57.925774,Seoul-bde8,6,82,Normal
2026-02-08 10:01:58.925774,Seoul-bde8,44,27,Normal
2026-02-08 10:01:59.925774,Seoul-bde8,50,48,Normal
2026-02-08 10:02:00.925774,Seoul-bde8,-22,62,Normal
2026-02-08 10:02:01.925774,Seoul-bde8,12,64,Normal
2026-02-08 10:02:02.925774,Seoul-bde8,26,7,Normal
2026-02-08 10:02:03.925774,Seoul-bde8,4,48,Normal
2026-02-08 10:02:04.925774,Seoul-bde8,34,92,Normal
2026-02-08 10:02:05.925774,Seoul-bde8,-1,81,Normal
2026-02-08 10:02:06.925774,Seoul-bde8,24,6,Normal
2026-02-08 10:02:07.925774,Seoul-bde8,33,76,Normal
2026-02-08 10:02:08.925774,Seoul-bde8,-7,67,Normal
2026-02-08 10:02:09.925774,Seoul-bde8,-10,60,Normal
2026-02-08 10:02:10.925774,Seoul-bde8,48,57,Normal
2026-02-08 10:02:11.925774,Seoul-bde8,35,56,Normal
2026-02-08 10:02:12.925774,Seoul-bde8,21,61,Normal
2026-02-08 10:02:13.925774,Seoul-bde8,-15,51,Normal
2026-02-08 10:02:14.925774,Seoul-bde8,43,12,Normal
2026-02-08 10:02:15.925774,Seoul-bde8,7,5,Normal
2026-02-08 10:02:16.925774,Seoul-bde8,0,8,Normal
2026-02-08 10:02:17.925774,Seoul-bde8,-19,15,Normal
2026-02-08 10:02:18.925774,Seoul-bde8,22,31,Normal
2026-02-08 10:02:19.925774,Seoul-bde8,-30,21,Normal
2026-02-08 10:02:20.925774,Seoul-bde8,23,15,Normal
2026-02-08 10:02:21.925774,Seoul-bde8,-12,66,Normal
2026-02-08 10:02:22.925774,Seoul-bde8,-24,28,Normal
2026-02-08 10:02:23.925774,Seoul-bde8,7,48,Normal
2026-02-08 10:02:24.925774,Seoul-bde8,-23,60,Normal
2026-02-08 10:02:25.925774,Seoul-bde8,-24,74,Normal
2026-02-08 10:02:26.925774,Seoul-bde8,-24,45,Normal
2026-02-08 10:02:27.925774,Seoul-bde8,28,7,Normal
2026-02-08 10:02:28.925774,Seoul-bde8,1,31,Normal
2026-02-08 10:02:29.925774,Seoul-bde8,-13,23,Normal
2026-02-08 10:02:30.925774,Seoul-bde8,-20,45,Normal
2026-02-08 10:02:31.925774,Seoul-bde8,-8,36,Normal
2026-02-08 10:02:32.925774,Seoul-bde8,2,86,Normal
2026-02-08 10:02:33.925774,Seoul-bde8,11,89,Normal
2026-02-08 10:02:34.925774,Seoul-bde8,-9,97,Normal
2026-02-08 10:02:35.925774,Seoul-bde8,16,41,Normal
2026-02-08 10:02:36.925774,Seoul-bde8,27,28,Normal
2026-02-08 10:02:37.925774,Seoul-bde8,46,30,Normal
2026-02-08 10:02:38.925774,Seoul-bde8,33,17,Normal
2026-02-08 10:02:39.925774,Seoul-bde8,16,76,Normal
2026-02-08 10:02:40.925774,Seoul-bde8,-13,11,Normal
2026-02-08 10:02:41.925774,Seoul-bde8,18,78,Normal
2026-02-08 10:02:42.925774,Seoul-bde8,1,19,Normal
2026-02-08 10:02:43.925774,Seoul-bde8,-23,4,Normal
2026-02-08 10:02:44.925774,Seoul-bde8,-13,78,Normal
2026-02-08 10:02:45.925774,Seoul-bde8,-12,5,Normal
2026-02-08 10:02:46.925774,Seoul-bde8,20,79,Normal
2026-02-08 10:02:47.925774,Seoul-bde8,7,7,Normal
2026-02-08 10:02:48.925774,Seoul-bde8,-14,63,Normal
2026-02-08 10:02:49.925774,Seoul-bde8,15,8,Normal
2026-02-08 10:02:50.925774,Seoul-bde8,39,7,Normal
2026-02-08 10:02:51.925774,Seoul-bde8,0,84,Normal
2026-02-08 10:02:52.925774,Seoul-bde8,39,35,Normal
2026-02-08 10:02:53.925774,Seoul-bde8,39,8,Normal
2026-02-08 10:02:54.925774,Seoul-bde8,-24,10,Normal
2026-02-08 10:02:55.925774,Seoul-bde8,-11,29,Normal
2026-02-08 10:02:56.925774,Seoul-bde8,-21,5,Normal
2026-02-08 10:02:57.925774,Seoul-bde8,36,47,Normal
2026-02-08 10:02:58.925774,Seoul-bde8,25,24,Normal
2026-02-08 10:02:59.925774,Seoul-bde8,38,70,Normal
2026-02-08 10:03:00.925774,Seoul-bde8,-26,65,Normal
2026-02-08 10:03:01.925774,Seoul-bde8,3,60,Normal
2026-02-08 10:03:02.925774,Seoul-bde8,-24,43,Normal
2026-02-08 10:03:03.925774,Seoul-bde8,9,69,Normal
2026-02-08 10:03:04.925774,Seoul-bde8,-11,51,Normal
2026-02-08 10:03:05.925774,Seoul-bde8,20,74,Normal
2026-02-08 10:03:06.925774,Seoul-bde8,27,10,Normal
2026-02-08 10:03:07.925774,Seoul-bde8,14,72,Normal
2026-02-08 10:03:08.925774,Seoul-bde8,47,25,Normal
2026-02-08 10:03:09.925774,Seoul-bde8,-11,73,Normal
2026-02-08 10:03:10.925774,Seoul-bde8,0,76,Normal
2026-02-08 10:03:11.925774,Seoul-bde8,9,49,Normal
2026-02-08 10:03:12.925774,Seoul-bde8,-3,22,Normal
2026-02-08 10:03:13.925774,Seoul-bde8,11,89,Normal
2026-02-08 10:03:14.925774,Seoul-bde8,13,56,Normal
2026-02-08 10:03:15.925774,Seoul-bde8,47,86,Normal
2026-02-08 10:03:16.925774,Seoul-bde8,42,9,Normal
2026-02-08 10:03:17.925774,Seoul-bde8,3,96,Normal
2026-02-08 10:03:18.925774,Seoul-bde8,48,57,Normal
2026-02-08 10:03:19.925774,Seoul-bde8,33,63,Normal
2026-02-08 10:03:20.925774,Seoul-bde8,-10,45,Normal
2026-02-08 10:03:21.925774,Seoul-bde8,49,80,Normal
2026-02-08 10:03:22.925774,Seoul-bde8,7,47,Normal
2026-02-08 10:03:23.925774,Seoul-bde8,-11,98,Normal
2026-02-08 10:03:24.925774,Seoul-bde8,-1,47,Normal
2026-02-08 10:03:25.925774,Seoul-bde8,24,28,Normal
2026-02-08 10:03:26.925774,Seoul-bde8,39,35,Normal
2026-02-08 10:03:27.925774,Seoul-bde8,15,95,Normal
2026-02-08 10:03:28.925774,Seoul-bde8,-17,93,Normal
2026-02-08 10:03:29.925774,Seoul-bde8,31,74,Normal
2026-02-08 10:03:30.925774,Seoul-bde8,21,99,Normal
2026-02-08 10:03:31.925774,Seoul-bde8,29,50,Normal
2026-02-08 10:03:32.925774,Seoul-bde8,36,75,Normal
2026-02-08 10:03:33.925774,Seoul-bde8,-12,43,Normal
2026-02-08 10:03:34.925774,Seoul-bde8,15,48,Normal
2026-02-08 10:03:35.925774,Seoul-bde8,17,90,Normal
2026-02-08 10:03:36.925774,Seoul-bde8,-23,40,Normal
2026-02-08 10:03:37.925774,Seoul-bde8,11,45,Normal
2026-02-08 10:03:38.925774,Seoul-bde8,41,22,Normal
2026-02-08 10:03:39.925774,Seoul-bde8,6,22,Normal
2026-02-08 10:03:40.925774,Seoul-bde8,19,85,Normal
2026-02-08 10:03:41.925774,Seoul-bde8,3,28,Normal
2026-02-08 10:03:42.925774,Seoul-bde8,-12,56,Normal
2026-02-08 10:03:43.925774,Seoul-bde8,30,66,Normal
2026-02-08 10:03:44.925774,Seoul-bde8,-21,47,Normal
2026-02-08 10:03:45.925774,Seoul-bde8,14,17,Normal
2026-02-08 10:03:46.925774,Seoul-bde8,30,66,Normal
2026-02-08 10:03:47.925774,Seoul-bde8,-29,4,Normal
2026-02-08 10:03:48.925774,Seoul-bde8,-12,28,Normal
2026-02-08 10:03:49.925774,Seoul-bde8,-21,16,Normal
2026-02-08 10:03:50.925774,Seoul-bde8,-22,57,Normal
2026-02-08 10:03:51.925774,Seoul-bde8,-24,48,Normal
2026-02-08 10:03:52.925774,Seoul-bde8,-4,44,Normal
2026-02-08 10:03:53.925774,Seoul-bde8,-14,74,Normal
2026-02-08 10:03:54.925774,Seoul-bde8,-5,43,Normal
2026-02-08 10:03:55.925774,Seoul-bde8,48,94,Normal
2026-02-08 10:03:56.925774,Seoul-bde8,-23,31,Normal
2026-02-08 10:03:57.925774,Seoul-bde8,29,40,Normal
2026-02-08 10:03:58.925774,Seoul-bde8,16,7,Normal
2026-02-08 10:03:59.925774,Seoul-bde8,41,1,Normal
2026-02-08 10:04:00.925774,Seoul-bde8,20,95,Normal
2026-02-08 10:04:01.925774,Seoul-bde8,-11,29,Normal
2026-02-08 10:04:02.925774,Seoul-bde8,30,70,Normal
2026-02-08 10:04:03.925774,Seoul-bde8,22,78,Normal
2026-02-08 10:04:04.925774,Seoul-bde8,20,93,Normal
2026-02-08 10:04:05.925774,Seoul-bde8,36,89,Normal
2026-02-08 10:04:06.925774,Seoul-bde8,-22,98,Normal
2026-02-08 10:04:07.925774,Seoul-bde8,37,82,Normal
2026-02-08 10:04:08.925774,Seoul-bde8,18,24,Normal
2026-02-08 10:04:09.925774,Seoul-bde8,14,66,Normal
2026-02-08 10:04:10.925774,Seoul-bde8,30,4,Normal
2026-02-08 10:04:11.925774,Seoul-bde8,21,58,Normal
2026-02-08 10:04:12.925774,Seoul-bde8,34,81,Normal
2026-02-08 10:04:13.925774,Seoul-bde8,18,19,Normal
2026-02-08 10:04:14.925774,Seoul-bde8,13,23,Normal
2026-02-08 10:04:15.925774,Seoul-bde8,-2,83,Normal
2026-02-08 10:04:16.925774,Seoul-bde8,47,21,Normal
2026-02-08 10:04:17.925774,Seoul-bde8,39,16,Normal
2026-02-08 10:04:18.925774,Seoul-bde8,-2,76,Normal
2026-02-08 10:04:19.925774,Seoul-bde8,9,5,Normal
2026-02-08 10:04:20.925774,Seoul-bde8,-1,27,Normal
2026-02-08 10:04:21.925774,Seoul-bde8,-28,61,Normal
2026-02-08 10:04:22.925774,Seoul-bde8,-5,35,Normal
2026-02-08 10:04:23.925774,Seoul-bde8,-28,34,Normal
2026-02-08 10:04:24.925774,Seoul-bde8,6,63,Normal
2026-02-08 10:04:25.925774,Seoul-bde8,49,26,Normal
2026-02-08 10:04:26.925774,Seoul-bde8,3,42,Normal
2026-02-08 10:04:27.925774,Seoul-bde8,34,12,Normal
2026-02-08 10:04:28.925774,Seoul-bde8,-8,9,Normal
2026-02-08 10:04:29.925774,Seoul-bde8,45,9,Normal
2026-02-08 10:04:30.925774,Seoul-bde8,-19,29,Normal
2026-02-08 10:04:31.925774,Seoul-bde8,34,69,Normal
2026-02-08 10:04:32.925774,Seoul-bde8,28,55,Normal
2026-02-08 10:04:33.925774,Seoul-bde8,19,32,Normal
2026-02-08 10:04:34.925774,Seoul-bde8,-18,16,Normal
2026-02-08 10:04:35.925774,Seoul-bde8,-11,75,Normal
2026-02-08 10:04:36.925774,Seoul-bde8,-6,12,Normal
2026-02-08 10:04:37.925774,Seoul-bde8,-16,94,Normal
2026-02-08 10:04:38.925774,Seoul-bde8,-4,63,Normal
2026-02-08 10:04:39.925774,Seoul-bde8,-8,64,Normal
2026-02-08 10:04:40.925774,Seoul-bde8,24,53,Normal
2026-02-08 10:04:41.925774,Seoul-bde8,-16,12,Normal
2026-02-08 10:04:42.925774,Seoul-bde8,4,28,Normal
2026-02-08 10:04:43.925774,Seoul-bde8,19,65,Normal
2026-02-08 10:04:44.925774,Seoul-bde8,2,2,Normal
2026-02-08 10:04:45.925774,Seoul-bde8,-26,1,Normal
2026-02-08 10:04:46.925774,Seoul-bde8,-10,23,Normal
2026-02-08 10:04:47.925774,Seoul-bde8,20,11,Normal
2026-02-08 10:04:48.925774,Seoul-bde8,7,85,Normal
2026-02-08 10:04:49.925774,Seoul-bde8,47,30,Normal
2026-02-08 10:04:50.925774,Seoul-bde8,-23,10,Normal
2026-02-08 10:04:51.925774,Seoul-bde8,-20,57,Normal
2026-02-08 10:04:52.925774,Seoul-bde8,39,16,Normal
2026-02-08 10:04:53.925774,Seoul-bde8,19,5,Normal
2026-02-08 10:04:54.925774,Seoul-bde8,24,43,Normal
2026-02-08 10:04:55.925774,Seoul-bde8,34,58,Normal
2026-02-08 10:04:56.925774,Seoul-bde8,-10,6,Normal
2026-02-08 10:04:57.925774,Seoul-bde8,-3,47,Normal
2026-02-08 10:04:58.925774,Seoul-bde8,50,52,Normal
2026-02-08 10:04:59.925774,Seoul-bde8,31,89,Normal
2026-02-08 10:05:00.925774,Seoul-bde8,15,6,Normal
2026-02-08 10:05:01.925774,Seoul-bde8,-1,0,Normal
2026-02-08 10:05:02.925774,Seoul-bde8,8,44,Normal
2026-02-08 10:05:03.925774,Seoul-bde8,22,46,Normal
2026-02-08 10:05:04.925774,Seoul-bde8,22,68,Normal
2026-02-08 10:05:05.925774,Seoul-bde8,-8,38,Normal
2026-02-08 10:05:06.925774,Seoul-bde8,-26,86,Normal
2026-02-08 10:05:07.925774,Seoul-bde8,4,12,Normal
2026-02-08 10:05:08.925774,Seoul-bde8,1,79,Normal
2026-02-08 10:05:09.925774,Seoul-bde8,-8,57,Normal
2026-02-08 10:05:10.925774,Seoul-bde8,30,61,Normal
2026-02-08 10:05:11.925774,Seoul-bde8,16,63,Normal
2026-02-08 10:05:12.925774,Seoul-bde8,2,92,Normal
2026-02-08 10:05:13.925774,Seoul-bde8,-14,25,Normal
2026-02-08 10:05:14.925774,Seoul-bde8,24,77,Normal
2026-02-08 10:05:15.925774,Seoul-bde8,46,9,Normal
2026-02-08 10:05:16.925774,Seoul-bde8,20,38,Normal
2026-02-08 10:05:17.925774,Seoul-bde8,41,8,Normal
2026-02-08 10:05:18.925774,Seoul-bde8,15,11,Normal
2026-02-08 10:05:19.925774,Seoul-bde8,44,3,Normal
2026-02-08 10:05:20.925774,Seoul-bde8,3,41,Normal
2026-02-08 10:05:21.925774,Seoul-bde8,40,70,Normal
2026-02-08 10:05:22.925774,Seoul-bde8,21,97,Normal
2026-02-08 10:05:23.925774,Seoul-bde8,2,78,Normal
2026-02-08 10:05:24.925774,Seoul-bde8,-1,71,Normal
2026-02-08 10:05:25.925774,Seoul-bde8,35,13,Normal
2026-02-08 10:05:26.925774,Seoul-bde8,6,40,Normal
2026-02-08 10:05:27.925774,Seoul-bde8,28,80,Normal
2026-02-08 10:05:28.925774,Seoul-bde8,-29,99,Normal
2026-02-08 10:05:29.925774,Seoul-bde8,-8,79,Normal
2026-02-08 10:05:30.925774,Seoul-bde8,15,45,Normal
2026-02-08 10:05:31.925774,Seoul-bde8,44,68,Normal
2026-02-08 10:05:32.925774,Seoul-bde8,49,78,Normal
2026-02-08 10:05:33.925774,Seoul-bde8,29,47,Normal
2026-02-08 10:05:34.925774,Seoul-bde8,31,76,Normal
2026-02-08 10:05:35.925774,Seoul-bde8,-5,34,Normal
2026-02-08 10:05:36.925774,Seoul-bde8,-16,52,Normal
2026-02-08 10:05:37.925774,Seoul-bde8,-2,40,Normal
2026-02-08 10:05:38.925774,Seoul-bde8,-3,59,Normal
2026-02-08 10:05:39.925774,Seoul-bde8,32,27,Normal
2026-02-08 10:05:40.925774,Seoul-bde8,-26,24,Normal
2026-02-08 10:05:41.925774,Seoul-bde8,43,83,Normal
2026-02-08 10:05:42.925774,Seoul-bde8,15,20,Normal
2026-02-08 10:05:43.925774,Seoul-bde8,-20,45,Normal
2026-02-08 10:05:44.925774,Seoul-bde8,39,80,Normal
2026-02-08 10:05:45.925774,Seoul-bde8,6,100,Normal
2026-02-08 10:05:46.925774,Seoul-bde8,41,79,Normal
2026-02-08 10:05:47.925774,Seoul-bde8,-19,55,Normal
2026-02-08 10:05:48.925774,Seoul-bde8,-19,20,Normal
2026-02-08 10:05:49.925774,Seoul-bde8,38,67,Normal
2026-02-08 10:05:50.925774,Seoul-bde8,33,91,Normal
2026-02-08 10:05:51.925774,Seoul-bde8,-22,10,Normal
2026-02-08 10:05:52.925774,Seoul-bde8,-18,83,Normal
2026-02-08 10:05:53.925774,Seoul-bde8,-3,39,Normal
2026-02-08 10:05:54.925774,Seoul-bde8,38,51,Normal
2026-02-08 10:05:55.925774,Seoul-bde8,22,98,Normal
2026-02-08 10:05:56.925774,Seoul-bde8,29,2,Normal
2026-02-08 10:05:57.925774,Seoul-bde8,29,78,Normal
2026-02-08 10:05:58.925774,Seoul-bde8,39,81,Normal
2026-02-08 10:05:59.925774,Seoul-bde8,47,80,Normal
2026-02-08 10:06:00.925774,Seoul-bde8,49,45,Normal
2026-02-08 10:06:01.925774,Seoul-bde8,15,48,Normal
2026-02-08 10:06:02.925774,Seoul-bde8,34,78,Normal
2026-02-08 10:06:03.925774,Seoul-bde8,-21,9,Normal
2026-02-08 10:06:04.925774,Seoul-bde8,5,51,Normal
2026-02-08 10:06:05.925774,Seoul-bde8,18,98,Normal
2026-02-08 10:06:06.925774,Seoul-bde8,-28,20,Normal
2026-02-08 10:06:07.925774,Seoul-bde8,48,22,Normal
2026-02-08 10:06:08.925774,Seoul-bde8,28,47,Normal
2026-02-08 10:06:09.925774,Seoul-bde8,22,24,Normal
2026-02-08 10:06:10.925774,Seoul-bde8,31,17,Normal
2026-02-08 10:06:11.925774,Seoul-bde8,44,13,Normal
2026-02-08 10:06:12.925774,Seoul-bde8,29,23,Normal
2026-02-08 10:06:13.925774,Seoul-bde8,36,47,Normal
2026-02-08 10:06:14.925774,Seoul-bde8,38,89,Normal
2026-02-08 10:06:15.925774,Seoul-bde8,28,44,Normal
2026-02-08 10:06:16.925774,Seoul-bde8,-2,79,Normal
2026-02-08 10:06:17.925774,Seoul-bde8,39,63,Normal
2026-02-08 10:06:18.925774,Seoul-bde8,28,69,Normal
2026-02-08 10:06:19.925774,Seoul-bde8,50,35,Normal
2026-02-08 10:06:20.925774,Seoul-bde8,18,28,Normal
2026-02-08 10:06:21.925774,Seoul-bde8,21,16,Normal
2026-02-08 10:06:22.925774,Seoul-bde8,44,80,Normal
2026-02-08 10:06:23.925774,Seoul-bde8,12,6,Normal
2026-02-08 10:06:24.925774,Seoul-bde8,45,65,Normal
2026-02-08 10:06:25.925774,Seoul-bde8,44,37,Normal
2026-02-08 10:06:26.925774,Seoul-bde8,44,21,Normal
2026-02-08 10:06:27.925774,Seoul-bde8,37,89,Normal
2026-02-08 10:06:28.925774,Seoul-bde8,-11,40,Normal
2026-02-08 10:06:29.925774,Seoul-bde8,-26,70,Normal
2026-02-08 10:06:30.925774,Seoul-bde8,-23,19,Normal
2026-02-08 10:06:31.925774,Seoul-bde8,-24,63,Normal
2026-02-08 10:06:32.925774,Seoul-bde8,-19,7,Normal
2026-02-08 10:06:33.925774,Seoul-bde8,-20,73,Normal
2026-02-08 10:06:34.925774,Seoul-bde8,8,73,Normal
2026-02-08 10:06:35.925774,Seoul-bde8,32,41,Normal
2026-02-08 10:06:36.925774,Seoul-bde8,40,100,Normal
2026-02-08 10:06:37.925774,Seoul-bde8,31,83,Normal
2026-02-08 10:06:38.925774,Seoul-bde8,-24,81,Normal
2026-02-08 10:06:39.925774,Seoul-bde8,48,36,Normal
2026-02-08 10:06:40.925774,Seoul-bde8,5,89,Normal
2026-02-08 10:06:41.925774,Seoul-bde8,28,40,Normal
2026-02-08 10:06:42.925774,Seoul-bde8,27,41,Normal
2026-02-08 10:06:43.925774,Seoul-bde8,32,55,Normal
2026-02-08 10:06:44.925774,Seoul-bde8,-6,98,Normal
2026-02-08 10:06:45.925774,Seoul-bde8,13,63,Normal
2026-02-08 10:06:46.925774,Seoul-bde8,14,80,Normal
2026-02-08 10:06:47.925774,Seoul-bde8,-15,3,Normal
2026-02-08 10:06:48.925774,Seoul-bde8,-10,13,Normal
2026-02-08 10:06:49.925774,Seoul-bde8,6,22,Normal
2026-02-08 10:06:50.925774,Seoul-bde8,-14,97,Normal
2026-02-08 10:06:51.925774,Seoul-bde8,21,95,Normal
2026-02-08 10:06:52.925774,Seoul-bde8,30,31,Normal
2026-02-08 10:06:53.925774,Seoul-bde8,-18,2,Normal
2026-02-08 10:06:54.925774,Seoul-bde8,35,75,Normal
2026-02-08 10:06:55.925774,Seoul-bde8,-24,13,Normal
2026-02-08 10:06:56.925774,Seoul-bde8,-11,75,Normal
2026-02-08 10:06:57.925774,Seoul-bde8,33,48,Normal
2026-02-08 10:06:58.925774,Seoul-bde8,25,91,Normal
2026-02-08 10:06:59.925774,Seoul-bde8,38,77,Normal
2026-02-08 10:07:00.925774,Seoul-bde8,48,67,Normal
2026-02-08 10:07:01.925774,Seoul-bde8,1,28,Normal
2026-02-08 10:07:02.925774,Seoul-bde8,-3,9,Normal
2026-02-08 10:07:03.925774,Seoul-bde8,-24,15,Normal
2026-02-08 10:07:04.925774,Seoul-bde8,-6,53,Normal
2026-02-08 10:07:05.925774,Seoul-bde8,11,84,Normal
2026-02-08 10:07:06.925774,Seoul-bde8,7,87,Normal
2026-02-08 10:07:07.925774,Seoul-bde8,-19,31,Normal
2026-02-08 10:07:08.925774,Seoul-bde8,46,83,Normal
2026-02-08 10:07:09.925774,Seoul-bde8,-26,12,Normal
2026-02-08 10:07:10.925774,Seoul-bde8,-25,19,Normal
2026-02-08 10:07:11.925774,Seoul-bde8,34,92,Normal
2026-02-08 10:07:12.925774,Seoul-bde8,19,91,Normal
2026-02-08 10:07:13.925774,Seoul-bde8,50,72,Normal
2026-02-08 10:07:14.925774,Seoul-bde8,46,7,Normal
2026-02-08 10:07:15.925774,Seoul-bde8,23,99,Normal
2026-02-08 10:07:16.925774,Seoul-bde8,-30,34,Normal
2026-02-08 10:07:17.925774,Seoul-bde8,17,37,Normal
2026-02-08 10:07:18.925774,Seoul-bde8,12,89,Normal
2026-02-08 10:07:19.925774,Seoul-bde8,8,79,Normal
2026-02-08 10:07:20.925774,Seoul-bde8,46,12,Normal
2026-02-08 10:07:21.925774,Seoul-bde8,3,23,Normal
2026-02-08 10:07:22.925774,Seoul-bde8,-12,44,Normal
2026-02-08 10:07:23.925774,Seoul-bde8,-16,3,Normal
2026-02-08 10:07:24.925774,Seoul-bde8,-4,22,Normal
2026-02-08 10:07:25.925774,Seoul-bde8,3,42,Normal
2026-02-08 10:07:26.925774,Seoul-bde8,-17,34,Normal
2026-02-08 10:07:27.925774,Seoul-bde8,15,36,Normal
2026-02-08 10:07:28.925774,Seoul-bde8,-14,79,Normal
2026-02-08 10:07:29.925774,Seoul-bde8,-8,93,Normal
2026-02-08 10:07:30.925774,Seoul-bde8,-28,38,Normal
2026-02-08 10:07:31.925774,Seoul-bde8,43,43,Normal
2026-02-08 10:07:32.925774,Seoul-bde8,15,51,Normal
2026-02-08 10:07:33.925774,Seoul-bde8,44,52,Normal
2026-02-08 10:07:34.925774,Seoul-bde8,-16,18,Normal
2026-02-08 10:07:35.925774,Seoul-bde8,34,14,Normal
2026-02-08 10:07:36.925774,Seoul-bde8,14,33,Normal
2026-02-08 10:07:37.925774,Seoul-bde8,-4,64,Normal
2026-02-08 10:07:38.925774,Seoul-bde8,24,93,Normal
2026-02-08 10:07:39.925774,Seoul-bde8,27,40,Normal
2026-02-08 10:07:40.925774,Seoul-bde8,42,13,Normal
2026-02-08 10:07:41.925774,Seoul-bde8,7,34,Normal
2026-02-08 10:07:42.925774,Seoul-bde8,37,41,Normal
2026-02-08 10:07:43.925774,Seoul-bde8,10,58,Normal
2026-02-08 10:07:44.925774,Seoul-bde8,40,43,Normal
2026-02-08 10:07:45.925774,Seoul-bde8,26,71,Normal
2026-02-08 10:07:46.925774,Seoul-bde8,45,45,Normal
2026-02-08 10:07:47.925774,Seoul-bde8,25,63,Normal
2026-02-08 10:07:48.925774,Seoul-bde8,-11,70,Normal
2026-02-08 10:07:49.925774,Seoul-bde8,-12,63,Normal
2026-02-08 10:07:50.925774,Seoul-bde8,42,43,Normal
2026-02-08 10:07:51.925774,Seoul-bde8,-12,55,Normal
2026-02-08 10:07:52.925774,Seoul-bde8,31,84,Normal
2026-02-08 10:07:53.925774,Seoul-bde8,-4,52,Normal
2026-02-08 10:07:54.925774,Seoul-bde8,-7,83,Normal
2026-02-08 10:07:55.925774,Seoul-bde8,48,41,Normal
2026-02-08 10:07:56.925774,Seoul-bde8,-12,72,Normal
2026-02-08 10:07:57.925774,Seoul-bde8,42,12,Normal
2026-02-08 10:07:58.925774,Seoul-bde8,46,23,Normal
2026-02-08 10:07:59.925774,Seoul-bde8,30,49,Normal
2026-02-08 10:08:00.925774,Seoul-bde8,24,91,Normal
2026-02-08 10:08:01.925774,Seoul-bde8,5,63,Normal
2026-02-08 10:08:02.925774,Seoul-bde8,-9,92,Normal
2026-02-08 10:08:03.925774,Seoul-bde8,42,80,Normal
2026-02-08 10:08:04.925774,Seoul-bde8,15,69,Normal
2026-02-08 10:08:05.925774,Seoul-bde8,38,30,Normal
2026-02-08 10:08:06.925774,Seoul-bde8,8,34,Normal
2026-02-08 10:08:07.925774,Seoul-bde8,29,58,Normal
2026-02-08 10:08:08.925774,Seoul-bde8,-2,77,Normal
2026-02-08 10:08:09.925774,Seoul-bde8,-30,75,Normal
2026-02-08 10:08:10.925774,Seoul-bde8,-5,46,Normal
2026-02-08 10:08:11.925774,Seoul-bde8,-17,50,Normal
2026-02-08 10:08:12.925774,Seoul-bde8,-11,41,Normal
2026-02-08 10:08:13.925774,Seoul-bde8,38,36,Normal
2026-02-08 10:08:14.925774,Seoul-bde8,-16,63,Normal
2026-02-08 10:08:15.925774,Seoul-bde8,-2,49,Normal
2026-02-08 10:08:16.925774,Seoul-bde8,-7,49,Normal
2026-02-08 10:08:17.925774,Seoul-bde8,48,19,Normal
2026-02-08 10:08:18.925774,Seoul-bde8,-27,42,Normal
2026-02-08 10:08:19.925774,Seoul-bde8,19,49,Normal
2026-02-08 10:08:20.925774,Seoul-bde8,-25,97,Normal
2026-02-08 10:08:21.925774,Seoul-bde8,-1,95,Normal
2026-02-08 10:08:22.925774,Seoul-bde8,-23,89,Normal
2026-02-08 10:08:23.925774,Seoul-bde8,38,74,Normal
2026-02-08 10:08:24.925774,Seoul-bde8,3,64,Normal
2026-02-08 10:08:25.925774,Seoul-bde8,-17,35,Normal
2026-02-08 10:08:26.925774,Seoul-bde8,38,4,Normal
2026-02-08 10:08:27.925774,Seoul-bde8,-27,33,Normal
2026-02-08 10:08:28.925774,Seoul-bde8,17,65,Normal
2026-02-08 10:08:29.925774,Seoul-bde8,20,93,Normal
2026-02-08 10:08:30.925774,Seoul-bde8,-28,41,Normal
2026-02-08 10:08:31.925774,Seoul-bde8,5,19,Normal
2026-02-08 10:08:32.925774,Seoul-bde8,34,0,Normal
2026-02-08 10:08:33.925774,Seoul-bde8,47,23,Normal
2026-02-08 10:08:34.925774,Seoul-bde8,-17,72,Normal
2026-02-08 10:08:35.925774,Seoul-bde8,16,89,Normal
2026-02-08 10:08:36.925774,Seoul-bde8,-14,19,Normal
2026-02-08 10:08:37.925774,Seoul-bde8,-6,69,Normal
2026-02-08 10:08:38.925774,Seoul-bde8,-25,46,Normal
2026-02-08 10:08:39.925774,Seoul-bde8,25,1,Normal
2026-02-08 10:08:40.925774,Seoul-bde8,10,30,Normal
2026-02-08 10:08:41.925774,Seoul-bde8,31,15,Normal
2026-02-08 10:08:42.925774,Seoul-bde8,38,75,Normal
2026-02-08 10:08:43.925774,Seoul-bde8,21,18,Normal
2026-02-08 10:08:44.925774,Seoul-bde8,23,94,Normal
2026-02-08 10:08:45.925774,Seoul-bde8,32,69,Normal
2026-02-08 10:08:46.925774,Seoul-bde8,12,7,Normal
2026-02-08 10:08:47.925774,Seoul-bde8,-15,77,Normal
2026-02-08 10:08:48.925774,Seoul-bde8,37,15,Normal
2026-02-08 10:08:49.925774,Seoul-bde8,25,81,Normal
2026-02-08 10:08:50.925774,Seoul-bde8,0,96,Normal
2026-02-08 10:08:51.925774,Seoul-bde8,10,37,Normal
2026-02-08 10:08:52.925774,Seoul-bde8,4,69,Normal
2026-02-08 10:08:53.925774,Seoul-bde8,-12,18,Normal
2026-02-08 10:08:54.925774,Seoul-bde8,-18,65,Normal
2026-02-08 10:08:55.925774,Seoul-bde8,12,85,Normal
2026-02-08 10:08:56.925774,Seoul-bde8,39,73,Normal
2026-02-08 10:08:57.925774,Seoul-bde8,-25,53,Normal
2026-02-08 10:08:58.925774,Seoul-bde8,5,8,Normal
2026-02-08 10:08:59.925774,Seoul-bde8,-16,25,Normal
2026-02-08 10:09:00.925774,Seoul-bde8,-6,61,Normal
2026-02-08 10:09:01.925774,Seoul-bde8,34,19,Normal
2026-02-08 10:09:02.925774,Seoul-bde8,16,59,Normal
2026-02-08 10:09:03.925774,Seoul-bde8,17,42,Normal
2026-02-08 10:09:04.925774,Seoul-bde8,7,41,Normal
2026-02-08 10:09:05.925774,Seoul-bde8,-3,65,Normal
2026-02-08 10:09:06.925774,Seoul-bde8,49,29,Normal
2026-02-08 10:09:07.925774,Seoul-bde8,1,69,Normal
2026-02-08 10:09:08.925774,Seoul-bde8,13,76,Normal
2026-02-08 10:09:09.925774,Seoul-bde8,-23,72,Normal
2026-02-08 10:09:10.925774,Seoul-bde8,3,47,Normal
2026-02-08 10:09:11.925774,Seoul-bde8,-27,13,Normal
2026-02-08 10:09:12.925774,Seoul-bde8,-14,96,Normal
2026-02-08 10:09:13.925774,Seoul-bde8,25,86,Normal
2026-02-08 10:09:14.925774,Seoul-bde8,-12,8,Normal
2026-02-08 10:09:15.925774,Seoul-bde8,20,60,Normal
2026-02-08 10:09:16.925774,Seoul-bde8,-14,21,Normal
2026-02-08 10:09:17.925774,Seoul-bde8,17,66,Normal
2026-02-08 10:09:18.925774,Seoul-bde8,17,3,Normal
2026-02-08 10:09:19.925774,Seoul-bde8,-2,51,Normal
2026-02-08 10:09:20.925774,Seoul-bde8,50,77,Normal
2026-02-08 10:09:21.925774,Seoul-bde8,15,79,Normal
2026-02-08 10:09:22.925774,Seoul-bde8,-7,7,Normal
2026-02-08 10:09:23.925774,Seoul-bde8,23,31,Normal
2026-02-08 10:09:24.925774,Seoul-bde8,-7,19,Normal
2026-02-08 10:09:25.925774,Seoul-bde8,-29,19,Normal
2026-02-08 10:09:26.925774,Seoul-bde8,37,42,Normal
2026-02-08 10:09:27.925774,Seoul-bde8,-19,49,Normal
2026-02-08 10:09:28.925774,Seoul-bde8,40,29,Normal
2026-02-08 10:09:29.925774,Seoul-bde8,-29,55,Normal
2026-02-08 10:09:30.925774,Seoul-bde8,3,91,Normal
2026-02-08 10:09:31.925774,Seoul-bde8,-22,81,Normal
2026-02-08 10:09:32.925774,Seoul-bde8,29,26,Normal
2026-02-08 10:09:33.925774,Seoul-bde8,1,31,Normal
2026-02-08 10:09:34.925774,Seoul-bde8,3,100,Normal
2026-02-08 10:09:35.925774,Seoul-bde8,7,77,Normal
2026-02-08 10:09:36.925774,Seoul-bde8,-28,27,Normal
2026-02-08 10:09:37.925774,Seoul-bde8,-26,0,Normal
2026-02-08 10:09:38.925774,Seoul-bde8,39,33,Normal
2026-02-08 10:09:39.925774,Seoul-bde8,20,9,Normal
2026-02-08 10:09:40.925774,Seoul-bde8,13,38,Normal
2026-02-08 10:09:41.925774,Seoul-bde8,43,66,Normal
2026-02-08 10:09:42.925774,Seoul-bde8,38,46,Normal
2026-02-08 10:09:43.925774,Seoul-bde8,-12,46,Normal
2026-02-08 10:09:44.925774,Seoul-bde8,34,60,Normal
2026-02-08 10:09:45.925774,Seoul-bde8,-21,84,Normal
2026-02-08 10:09:46.925774,Seoul-bde8,41,7,Normal
2026-02-08 10:09:47.925774,Seoul-bde8,-11,46,Normal
2026-02-08 10:09:48.925774,Seoul-bde8,48,87,Normal
2026-02-08 10:09:49.925774,Seoul-bde8,-9,32,Normal
2026-02-08 10:09:50.925774,Seoul-bde8,47,92,Normal
2026-02-08 10:09:51.925774,Seoul-bde8,9,41,Normal
2026-02-08 10:09:52.925774,Seoul-bde8,30,49,Normal
2026-02-08 10:09:53.925774,Seoul-bde8,4,47,Normal
2026-02-08 10:09:54.925774,Seoul-bde8,0,100,Normal
2026-02-08 10:09:55.925774,Seoul-bde8,-7,76,Normal
2026-02-08 10:09:56.925774,Seoul-bde8,44,99,Normal
2026-02-08 10:09:57.925774,Seoul-bde8,21,71,Normal
2026-02-08 10:09:58.925774,Seoul-bde8,-24,71,Normal
2026-02-08 10:09:59.925774,Seoul-bde8,-15,53,Normal
2026-02-08 10:10:00.925774,Seoul-bde8,-7,69,Normal
2026-02-08 10:10:01.925774,Seoul-bde8,-18,70,Normal
2026-02-08 10:10:02.925774,Seoul-bde8,-17,74,Normal
2026-02-08 10:10:03.925774,Seoul-bde8,47,39,Normal
2026-02-08 10:10:04.925774,Seoul-bde8,7,43,Normal
2026-02-08 10:10:05.925774,Seoul-bde8,19,52,Normal
2026-02-08 10:10:06.925774,Seoul-bde8,-1,71,Normal
2026-02-08 10:10:07.925774,Seoul-bde8,24,81,Normal
2026-02-08 10:10:08.925774,Seoul-bde8,15,4,Normal
2026-02-08 10:10:09.925774,Seoul-bde8,-24,48,Normal
2026-02-08 10:10:10.925774,Seoul-bde8,-29,67,Normal
2026-02-08 10:10:11.925774,Seoul-bde8,-11,92,Normal
2026-02-08 10:10:12.925774,Seoul-bde8,-8,5,Normal
2026-02-08 10:10:13.925774,Seoul-bde8,20,49,Normal
2026-02-08 10:10:14.925774,Seoul-bde8,27,44,Normal
2026-02-08 10:10:15.925774,Seoul-bde8,24,13,Normal
2026-02-08 10:10:16.925774,Seoul-bde8,4,78,Normal
2026-02-08 10:10:17.925774,Seoul-bde8,1,72,Normal
2026-02-08 10:10:18.925774,Seoul-bde8,-9,40,Normal
2026-02-08 10:10:19.925774,Seoul-bde8,12,27,Normal
2026-02-08 10:10:20.925774,Seoul-bde8,2,79,Normal
2026-02-08 10:10:21.925774,Seoul-bde8,47,8,Normal
2026-02-08 10:10:22.925774,Seoul-bde8,-7,4,Normal
2026-02-08 10:10:23.925774,Seoul-bde8,-15,70,Normal
2026-02-08 10:10:24.925774,Seoul-bde8,5,48,Normal
2026-02-08 10:10:25.925774,Seoul-bde8,8,92,Normal
2026-02-08 10:10:26.925774,Seoul-bde8,8,76,Normal
2026-02-08 10:10:27.925774,Seoul-bde8,-8,87,Normal
2026-02-08 10:10:28.925774,Seoul-bde8,41,17,Normal
2026-02-08 10:10:29.925774,Seoul-bde8,35,34,Normal
2026-02-08 10:10:30.925774,Seoul-bde8,-16,88,Normal
2026-02-08 10:10:31.925774,Seoul-bde8,10,86,Normal
2026-02-08 10:10:32.925774,Seoul-bde8,18,23,Normal
2026-02-08 10:10:33.925774,Seoul-bde8,22,18,Normal
2026-02-08 10:10:34.925774,Seoul-bde8,-20,70,Normal
2026-02-08 10:10:35.925774,Seoul-bde8,26,74,Normal
2026-02-08 10:10:36.925774,Seoul-bde8,-16,75,Normal
2026-02-08 10:10:37.925774,Seoul-bde8,5,47,Normal
2026-02-08 10:10:38.925774,Seoul-bde8,-8,79,Normal
2026-02-08 10:10:39.925774,Seoul-bde8,14,29,Normal
2026-02-08 10:10:40.925774,Seoul-bde8,-11,41,Normal
2026-02-08 10:10:41.925774,Seoul-bde8,-9,10,Normal
2026-02-08 10:10:42.925774,Seoul-bde8,-24,10,Normal
2026-02-08 10:10:43.925774,Seoul-bde8,19,46,Normal
2026-02-08 10:10:44.925774,Seoul-bde8,-2,86,Normal
2026-02-08 10:10:45.925774,Seoul-bde8,-22,86,Normal
2026-02-08 10:10:46.925774,Seoul-bde8,-15,47,Normal
2026-02-08 10:10:47.925774,Seoul-bde8,7,99,Normal
2026-02-08 10:10:48.925774,Seoul-bde8,16,88,Normal
2026-02-08 10:10:49.925774,Seoul-bde8,49,68,Normal
2026-02-08 10:10:50.925774,Seoul-bde8,19,60,Normal
2026-02-08 10:10:51.925774,Seoul-bde8,27,77,Normal
2026-02-08 10:10:52.925774,Seoul-bde8,17,99,Normal
2026-02-08 10:10:53.925774,Seoul-bde8,1,41,Normal
2026-02-08 10:10:54.925774,Seoul-bde8,3,74,Normal
2026-02-08 10:10:55.925774,Seoul-bde8,-19,84,Normal
2026-02-08 10:10:56.925774,Seoul-bde8,-23,24,Normal
2026-02-08 10:10:57.925774,Seoul-bde8,-29,63,Normal
2026-02-08 10:10:58.925774,Seoul-bde8,46,88,Normal
2026-02-08 10:10:59.925774,Seoul-bde8,19,65,Normal
2026-02-08 10:11:00.925774,Seoul-bde8,-12,48,Normal
2026-02-08 10:11:01.925774,Seoul-bde8,21,64,Normal
2026-02-08 10:11:02.925774,Seoul-bde8,1,62,Normal
2026-02-08 10:11:03.925774,Seoul-bde8,47,12,Normal
2026-02-08 10:11:04.925774,Seoul-bde8,-13,20,Normal
2026-02-08 10:11:05.925774,Seoul-bde8,46,9,Normal
2026-02-08 10:11:06.925774,Seoul-bde8,28,70,Normal
2026-02-08 10:11:07.925774,Seoul-bde8,44,24,Normal
2026-02-08 10:11:08.925774,Seoul-bde8,8,29,Normal
2026-02-08 10:11:09.925774,Seoul-bde8,17,63,Normal
2026-02-08 10:11:10.925774,Seoul-bde8,32,2,Normal
2026-02-08 10:11:11.925774,Seoul-bde8,-5,9,Normal
2026-02-08 10:11:12.925774,Seoul-bde8,-19,25,Normal
2026-02-08 10:11:13.925774,Seoul-bde8,50,24,Normal
2026-02-08 10:11:14.925774,Seoul-bde8,11,59,Normal
2026-02-08 10:11:15.925774,Seoul-bde8,-13,7,Normal
2026-02-08 10:11:16.925774,Seoul-bde8,50,50,Normal
2026-02-08 10:11:17.925774,Seoul-bde8,-15,80,Normal
2026-02-08 10:11:18.925774,Seoul-bde8,6,77,Normal
2026-02-08 10:11:19.925774,Seoul-bde8,-1,34,Normal
2026-02-08 10:11:20.925774,Seoul-bde8,-21,18,Normal
2026-02-08 10:11:21.925774,Seoul-bde8,48,75,Normal
2026-02-08 10:11:22.925774,Seoul-bde8,34,45,Normal
2026-02-08 10:11:23.925774,Seoul-bde8,29,81,Normal
2026-02-08 10:11:24.925774,Seoul-bde8,42,63,Normal
2026-02-08 10:11:25.925774,Seoul-bde8,9,9,Normal
2026-02-08 10:11:26.925774,Seoul-bde8,-11,71,Normal
2026-02-08 10:11:27.925774,Seoul-bde8,26,47,Normal
2026-02-08 10:11:28.925774,Seoul-bde8,43,62,Normal
2026-02-08 10:11:29.925774,Seoul-bde8,17,27,Normal
2026-02-08 10:11:30.925774,Seoul-bde8,-16,78,Normal
2026-02-08 10:11:31.925774,Seoul-bde8,-5,23,Normal
2026-02-08 10:11:32.925774,Seoul-bde8,-19,5,Normal
2026-02-08 10:11:33.925774,Seoul-bde8,-22,47,Normal
2026-02-08 10:11:34.925774,Seoul-bde8,-10,27,Normal
2026-02-08 10:11:35.925774,Seoul-bde8,28,6,Normal
2026-02-08 10:11:36.925774,Seoul-bde8,23,94,Normal
2026-02-08 10:11:37.925774,Seoul-bde8,10,43,Normal
2026-02-08 10:11:38.925774,Seoul-bde8,-15,92,Normal
2026-02-08 10:11:39.925774,Seoul-bde8,-23,50,Normal
2026-02-08 10:11:40.925774,Seoul-bde8,-29,54,Normal
2026-02-08 10:11:41.925774,Seoul-bde8,0,62,Normal
2026-02-08 10:11:42.925774,Seoul-bde8,-22,65,Normal
2026-02-08 10:11:43.925774,Seoul-bde8,-5,25,Normal
2026-02-08 10:11:44.925774,Seoul-bde8,-9,7,Normal
2026-02-08 10:11:45.925774,Seoul-bde8,28,99,Normal
2026-02-08 10:11:46.925774,Seoul-bde8,5,1,Normal
2026-02-08 10:11:47.925774,Seoul-bde8,-14,45,Normal
2026-02-08 10:11:48.925774,Seoul-bde8,26,17,Normal
2026-02-08 10:11:49.925774,Seoul-bde8,16,40,Normal
2026-02-08 10:11:50.925774,Seoul-bde8,-12,94,Normal
2026-02-08 10:11:51.925774,Seoul-bde8,29,20,Normal
2026-02-08 10:11:52.925774,Seoul-bde8,28,87,Normal
2026-02-08 10:11:53.925774,Seoul-bde8,39,32,Normal
2026-02-08 10:11:54.925774,Seoul-bde8,-14,51,Normal
2026-02-08 10:11:55.925774,Seoul-bde8,-5,97,Normal
2026-02-08 10:11:56.925774,Seoul-bde8,2,59,Normal
2026-02-08 10:11:57.925774,Seoul-bde8,-4,65,Normal
2026-02-08 10:11:58.925774,Seoul-bde8,-29,94,Normal
2026-02-08 10:11:59.925774,Seoul-bde8,-6,81,Normal
2026-02-08 10:12:00.925774,Seoul-bde8,41,97,Normal
2026-02-08 10:12:01.925774,Seoul-bde8,25,47,Normal
2026-02-08 10:12:02.925774,Seoul-bde8,-21,75,Normal
2026-02-08 10:12:03.925774,Seoul-bde8,44,17,Normal
2026-02-08 10:12:04.925774,Seoul-bde8,28,15,Normal
2026-02-08 10:12:05.925774,Seoul-bde8,10,74,Normal
2026-02-08 10:12:06.925774,Seoul-bde8,1,99,Normal
2026-02-08 10:12:07.925774,Seoul-bde8,29,86,Normal
2026-02-08 10:12:08.925774,Seoul-bde8,42,86,Normal
2026-02-08 10:12:09.925774,Seoul-bde8,19,25,Normal
2026-02-08 10:12:10.925774,Seoul-bde8,4,22,Normal
2026-02-08 10:12:11.925774,Seoul-bde8,-15,92,Normal
2026-02-08 10:12:12.925774,Seoul-bde8,-3,4,Normal
2026-02-08 10:12:13.925774,Seoul-bde8,33,26,Normal
2026-02-08 10:12:14.925774,Seoul-bde8,1,25,Normal
2026-02-08 10:12:15.925774,Seoul-bde8,44,34,Normal
2026-02-08 10:12:16.925774,Seoul-bde8,-23,10,Normal
2026-02-08 10:12:17.925774,Seoul-bde8,-20,35,Normal
2026-02-08 10:12:18.925774,Seoul-bde8,29,83,Normal
2026-02-08 10:12:19.925774,Seoul-bde8,-26,86,Normal
2026-02-08 10:12:20.925774,Seoul-bde8,32,64,Normal
2026-02-08 10:12:21.925774,Seoul-bde8,-6,33,Normal
2026-02-08 10:12:22.925774,Seoul-bde8,41,87,Normal
2026-02-08 10:12:23.925774,Seoul-bde8,4,39,Normal
2026-02-08 10:12:24.925774,Seoul-bde8,7,64,Normal
2026-02-08 10:12:25.925774,Seoul-bde8,29,60,Normal
2026-02-08 10:12:26.925774,Seoul-bde8,10,91,Normal
2026-02-08 10:12:27.925774,Seoul-bde8,8,96,Normal
2026-02-08 10:12:28.925774,Seoul-bde8,49,98,Normal
2026-02-08 10:12:29.925774,Seoul-bde8,0,80,Normal
2026-02-08 10:12:30.925774,Seoul-bde8,42,87,Normal
2026-02-08 10:12:31.925774,Seoul-bde8,43,41,Normal
2026-02-08 10:12:32.925774,Seoul-bde8,-29,84,Normal
2026-02-08 10:12:33.925774,Seoul-bde8,-14,91,Normal
2026-02-08 10:12:34.925774,Seoul-bde8,13,41,Normal
2026-02-08 10:12:35.925774,Seoul-bde8,49,53,Normal
2026-02-08 10:12:36.925774,Seoul-bde8,7,42,Normal
2026-02-08 10:12:37.925774,Seoul-bde8,-14,40,Normal
2026-02-08 10:12:38.925774,Seoul-bde8,2,58,Normal
2026-02-08 10:12:39.925774,Seoul-bde8,35,47,Normal
2026-02-08 10:12:40.925774,Seoul-bde8,34,78,Normal
2026-02-08 10:12:41.925774,Seoul-bde8,-25,40,Normal
2026-02-08 10:12:42.925774,Seoul-bde8,40,14,Normal
2026-02-08 10:12:43.925774,Seoul-bde8,4,90,Normal
2026-02-08 10:12:44.925774,Seoul-bde8,-7,2,Normal
2026-02-08 10:12:45.925774,Seoul-bde8,19,69,Normal
2026-02-08 10:12:46.925774,Seoul-bde8,9,41,Normal
2026-02-08 10:12:47.925774,Seoul-bde8,-23,24,Normal
2026-02-08 10:12:48.925774,Seoul-bde8,42,50,Normal
2026-02-08 10:12:49.925774,Seoul-bde8,-19,94,Normal
2026-02-08 10:12:50.925774,Seoul-bde8,46,33,Normal
2026-02-08 10:12:51.925774,Seoul-bde8,-4,10,Normal
2026-02-08 10:12:52.925774,Seoul-bde8,-21,34,Normal
2026-02-08 10:12:53.925774,Seoul-bde8,25,13,Normal
2026-02-08 10:12:54.925774,Seoul-bde8,-6,93,Normal
2026-02-08 10:12:55.925774,Seoul-bde8,12,8,Normal
2026-02-08 10:12:56.925774,Seoul-bde8,19,1,Normal
2026-02-08 10:12:57.925774,Seoul-bde8,-10,28,Normal
2026-02-08 10:12:58.925774,Seoul-bde8,13,38,Normal
2026-02-08 10:12:59.925774,Seoul-bde8,42,27,Normal
2026-02-08 10:13:00.925774,Seoul-bde8,-16,25,Normal
2026-02-08 10:13:01.925774,Seoul-bde8,40,98,Normal
2026-02-08 10:13:02.925774,Seoul-bde8,37,16,Normal
2026-02-08 10:13:03.925774,Seoul-bde8,-24,65,Normal
2026-02-08 10:13:04.925774,Seoul-bde8,1,15,Normal
2026-02-08 10:13:05.925774,Seoul-bde8,-18,16,Normal
2026-02-08 10:13:06.925774,Seoul-bde8,4,51,Normal
2026-02-08 10:13:07.925774,Seoul-bde8,26,59,Normal
2026-02-08 10:13:08.925774,Seoul-bde8,-7,73,Normal
2026-02-08 10:13:09.925774,Seoul-bde8,-2,33,Normal
2026-02-08 10:13:10.925774,Seoul-bde8,-6,60,Normal
2026-02-08 10:13:11.925774,Seoul-bde8,43,34,Normal
2026-02-08 10:13:12.925774,Seoul-bde8,15,47,Normal
2026-02-08 10:13:13.925774,Seoul-bde8,-4,62,Normal
2026-02-08 10:13:14.925774,Seoul-bde8,48,84,Normal
2026-02-08 10:13:15.925774,Seoul-bde8,30,69,Normal
2026-02-08 10:13:16.925774,Seoul-bde8,18,77,Normal
2026-02-08 10:13:17.925774,Seoul-bde8,17,67,Normal
2026-02-08 10:13:18.925774,Seoul-bde8,44,15,Normal
2026-02-08 10:13:19.925774,Seoul-bde8,-30,91,Normal
2026-02-08 10:13:20.925774,Seoul-bde8,35,97,Normal
2026-02-08 10:13:21.925774,Seoul-bde8,-18,4,Normal
2026-02-08 10:13:22.925774,Seoul-bde8,-17,35,Normal
2026-02-08 10:13:23.925774,Seoul-bde8,-19,95,Normal
2026-02-08 10:13:24.925774,Seoul-bde8,11,61,Normal
2026-02-08 10:13:25.925774,Seoul-bde8,43,81,Normal
2026-02-08 10:13:26.925774,Seoul-bde8,38,9,Normal
2026-02-08 10:13:27.925774,Seoul-bde8,-8,79,Normal
2026-02-08 10:13:28.925774,Seoul-bde8,38,71,Normal
2026-02-08 10:13:29.925774,Seoul-bde8,14,55,Normal
2026-02-08 10:13:30.925774,Seoul-bde8,-22,28,Normal
2026-02-08 10:13:31.925774,Seoul-bde8,-24,9,Normal
2026-02-08 10:13:32.925774,Seoul-bde8,36,21,Normal
2026-02-08 10:13:33.925774,Seoul-bde8,49,20,Normal
2026-02-08 10:13:34.925774,Seoul-bde8,29,48,Normal
2026-02-08 10:13:35.925774,Seoul-bde8,35,50,Normal
2026-02-08 10:13:36.925774,Seoul-bde8,-11,32,Normal
2026-02-08 10:13:37.925774,Seoul-bde8,25,42,Normal
2026-02-08 10:13:38.925774,Seoul-bde8,38,37,Normal
2026-02-08 10:13:39.925774,Seoul-bde8,-16,69,Normal
2026-02-08 10:13:40.925774,Seoul-bde8,21,77,Normal
2026-02-08 10:13:41.925774,Seoul-bde8,-14,10,Normal
2026-02-08 10:13:42.925774,Seoul-bde8,-2,82,Normal
2026-02-08 10:13:43.925774,Seoul-bde8,36,3,Normal
2026-02-08 10:13:44.925774,Seoul-bde8,-12,52,Normal
2026-02-08 10:13:45.925774,Seoul-bde8,20,98,Normal
2026-02-08 10:13:46.925774,Seoul-bde8,47,83,Normal
2026-02-08 10:13:47.925774,Seoul-bde8,46,21,Normal
2026-02-08 10:13:48.925774,Seoul-bde8,27,71,Normal
2026-02-08 10:13:49.925774,Seoul-bde8,13,42,Normal
2026-02-08 10:13:50.925774,Seoul-bde8,6,96,Normal
2026-02-08 10:13:51.925774,Seoul-bde8,-6,0,Normal
2026-02-08 10:13:52.925774,Seoul-bde8,-15,57,Normal
2026-02-08 10:13:53.925774,Seoul-bde8,17,8,Normal
2026-02-08 10:13:54.925774,Seoul-bde8,9,85,Normal
2026-02-08 10:13:55.925774,Seoul-bde8,-26,69,Normal
2026-02-08 10:13:56.925774,Seoul-bde8,-13,100,Normal
2026-02-08 10:13:57.925774,Seoul-bde8,12,37,Normal
2026-02-08 10:13:58.925774,Seoul-bde8,21,50,Normal
2026-02-08 10:13:59.925774,Seoul-bde8,7,44,Normal
2026-02-08 10:14:00.925774,Seoul-bde8,48,24,Normal
2026-02-08 10:14:01.925774,Seoul-bde8,-14,51,Normal
2026-02-08 10:14:02.925774,Seoul-bde8,-6,59,Normal
2026-02-08 10:14:03.925774,Seoul-bde8,41,66,Normal
2026-02-08 10:14:04.925774,Seoul-bde8,15,30,Normal
2026-02-08 10:14:05.925774,Seoul-bde8,49,21,Normal
2026-02-08 10:14:06.925774,Seoul-bde8,9,78,Normal
2026-02-08 10:14:07.925774,Seoul-bde8,11,52,Normal
2026-02-08 10:14:08.925774,Seoul-bde8,-20,74,Normal
2026-02-08 10:14:09.925774,Seoul-bde8,0,64,Normal
2026-02-08 10:14:10.925774,Seoul-bde8,-6,33,Normal
2026-02-08 10:14:11.925774,Seoul-bde8,-24,8,Normal
2026-02-08 10:14:12.925774,Seoul-bde8,-3,69,Normal
2026-02-08 10:14:13.925774,Seoul-bde8,11,2,Normal
2026-02-08 10:14:14.925774,Seoul-bde8,13,93,Normal
2026-02-08 10:14:15.925774,Seoul-bde8,28,65,Normal
2026-02-08 10:14:16.925774,Seoul-bde8,41,5,Normal
2026-02-08 10:14:17.925774,Seoul-bde8,38,45,Normal
2026-02-08 10:14:18.925774,Seoul-bde8,-27,39,Normal
2026-02-08 10:14:19.925774,Seoul-bde8,2,25,Normal
2026-02-08 10:14:20.925774,Seoul-bde8,-21,79,Normal
2026-02-08 10:14:21.925774,Seoul-bde8,-25,98,Normal
2026-02-08 10:14:22.925774,Seoul-bde8,-1,61,Normal
2026-02-08 10:14:23.925774,Seoul-bde8,44,80,Normal
2026-02-08 10:14:24.925774,Seoul-bde8,-3,63,Normal
