timestamp,station_id,temp,humid,condition
2026-02-16 12:39:05.901840,Dubai-dc94,-24,64,Normal
2026-02-16 12:39:06.901840,Dubai-dc94,30,33,Normal
2026-02-16 12:39:07.901840,Dubai-dc94,24,16,Normal
2026-02-16 12:39:08.901840,Dubai-dc94,27,25,Normal
2026-02-16 12:39:09.901840,Dubai-dc94,16,75,Normal
2026-02-16 12:39:10.901840,Dubai-dc94,8,11,Normal
2026-02-16 12:39:11.901840,Dubai-dc94,-6,89,Normal
2026-02-16 12:39:12.901840,Dubai-dc94,-7,2,Normal
2026-02-16 12:39:13.901840,Dubai-dc94,2,47,Normal
2026-02-16 12:39:14.901840,Dubai-dc94,-16,13,Normal
2026-02-16 12:39:15.901840,Dubai-dc94,25,18,Normal
2026-02-16 12:39:16.901840,Dubai-dc94,15,80,Normal
2026-02-16 12:39:17.901840,Dubai-dc94,5,44,Normal
2026-02-16 12:39:18.901840,Dubai-dc94,41,5,Normal
2026-02-16 12:39:19.901840,Dubai-dc94,21,46,Normal
2026-02-16 12:39:20.901840,Dubai-dc94,-17,9,Normal
2026-02-16 12:39:21.901840,Dubai-dc94,-27,20,Normal
2026-02-16 12:39:22.901840,Dubai-dc94,18,46,Normal
2026-02-16 12:39:23.901840,Dubai-dc94,47,80,Normal
2026-02-16 12:39:24.901840,Dubai-dc94,41,95,Normal
2026-02-16 12:39:25.901840,Dubai-dc94,-28,23,Normal
2026-02-16 12:39:26.901840,Dubai-dc94,-7,67,Normal
2026-02-16 12:39:27.901840,Dubai-dc94,20,15,Normal
2026-02-16 12:39:28.901840,Dubai-dc94,-20,39,Normal
2026-02-16 12:39:29.901840,Dubai-dc94,-5,28,Normal
2026-02-16 12:39:30.901840,Dubai-dc94,-12,51,Normal
2026-02-16 12:39:31.901840,Dubai-dc94,-29,97,Normal
2026-02-16 12:39:32.901840,Dubai-dc94,-25,87,Normal
2026-02-16 12:39:33.901840,Dubai-dc94,-15,51,Normal
2026-02-16 12:39:34.901840,Dubai-dc94,45,6,Normal
2026-02-16 12:39:35.901840,Dubai-dc94,-13,35,Normal
2026-02-16 12:39:36.901840,Dubai-dc94,-14,44,Normal
2026-02-16 12:39:37.901840,Dubai-dc94,-29,5,Normal
2026-02-16 12:39:38.901840,Dubai-dc94,-4,96,Normal
2026-02-16 12:39:39.901840,Dubai-dc94,1,14,Normal
2026-02-16 12:39:40.901840,Dubai-dc94,-14,6,Normal
2026-02-16 12:39:41.901840,Dubai-dc94,34,49,Normal
2026-02-16 12:39:42.901840,Dubai-dc94,-4,9,Normal
2026-02-16 12:39:43.901840,Dubai-dc94,11,46,Normal
2026-02-16 12:39:44.901840,Dubai-dc94,-11,48,Normal
2026-02-16 12:39:45.901840,Dubai-dc94,16,9,Normal
2026-02-16 12:39:46.901840,Dubai-dc94,-19,0,Normal
2026-02-16 12:39:47.901840,Dubai-dc94,14,93,Normal
2026-02-16 12:39:48.901840,Dubai-dc94,42,14,Normal
2026-02-16 12:39:49.901840,Dubai-dc94,-13,31,Normal
2026-02-16 12:39:50.901840,Dubai-dc94,38,14,Normal
2026-02-16 12:39:51.901840,Dubai-dc94,34,41,Normal
2026-02-16 12:39:52.901840,Dubai-dc94,42,17,Normal
2026-02-16 12:39:53.901840,Dubai-dc94,4,20,Normal
2026-02-16 12:39:54.901840,Dubai-dc94,26,77,Normal
2026-02-16 12:39:55.901840,Dubai-dc94,-20,62,Normal
2026-02-16 12:39:56.901840,Dubai-dc94,-5,30,Normal
2026-02-16 12:39:57.901840,Dubai-dc94,11,39,Normal
2026-02-16 12:39:58.901840,Dubai-dc94,9,18,Normal
2026-02-16 12:39:59.901840,Dubai-dc94,37,82,Normal
2026-02-16 12:40:00.901840,Dubai-dc94,41,66,Normal
2026-02-16 12:40:01.901840,Dubai-dc94,3,7,Normal
2026-02-16 12:40:02.901840,Dubai-dc94,22,3,Normal
2026-02-16 12:40:03.901840,Dubai-dc94,25,76,Normal
2026-02-16 12:40:04.901840,Dubai-dc94,16,2,Normal
2026-02-16 12:40:05.901840,Dubai-dc94,-4,93,Normal
2026-02-16 12:40:06.901840,Dubai-dc94,-16,87,Normal
2026-02-16 12:40:07.901840,Dubai-dc94,50,2,Normal
2026-02-16 12:40:08.901840,Dubai-dc94,23,94,Normal
2026-02-16 12:40:09.901840,Dubai-dc94,4,71,Normal
2026-02-16 12:40:10.901840,Dubai-dc94,5,90,Normal
2026-02-16 12:40:11.901840,Dubai-dc94,10,55,Normal
2026-02-16 12:40:12.901840,Dubai-dc94,-25,5,Normal
2026-02-16 12:40:13.901840,Dubai-dc94,50,38,Normal
2026-02-16 12:40:14.901840,Dubai-dc94,33,24,Normal
2026-02-16 12:40:15.901840,Dubai-dc94,2,12,Normal
2026-02-16 12:40:16.901840,Dubai-dc94,17,85,Normal
2026-02-16 12:40:17.901840,Dubai-dc94,-2,38,Normal
2026-02-16 12:40:18.901840,Dubai-dc94,19,3,Normal
2026-02-16 12:40:19.901840,Dubai-dc94,-1,54,Normal
2026-02-16 12:40:20.901840,Dubai-dc94,32,31,Normal
2026-02-16 12:40:21.901840,Dubai-dc94,8,95,Normal
2026-02-16 12:40:22.901840,Dubai-dc94,7,70,Normal
2026-02-16 12:40:23.901840,Dubai-dc94,-3,4,Normal
2026-02-16 12:40:24.901840,Dubai-dc94,2,30,Normal
2026-02-16 12:40:25.901840,Dubai-dc94,19,86,Normal
2026-02-16 12:40:26.901840,Dubai-dc94,19,22,Normal
2026-02-16 12:40:27.901840,Dubai-dc94,-16,12,Normal
2026-02-16 12:40:28.901840,Dubai-dc94,20,36,Normal
2026-02-16 12:40:29.901840,Dubai-dc94,-24,28,Normal
2026-02-16 12:40:30.901840,Dubai-dc94,16,1,Normal
2026-02-16 12:40:31.901840,Dubai-dc94,11,99,Normal
2026-02-16 12:40:32.901840,Dubai-dc94,-1,68,Normal
2026-02-16 12:40:33.901840,Dubai-dc94,-1,76,Normal
2026-02-16 12:40:34.901840,Dubai-dc94,23,55,Normal
2026-02-16 12:40:35.901840,Dubai-dc94,25,28,Normal
2026-02-16 12:40:36.901840,Dubai-dc94,43,100,Normal
2026-02-16 12:40:37.901840,Dubai-dc94,36,80,Normal
2026-02-16 12:40:38.901840,Dubai-dc94,46,10,Normal
2026-02-16 12:40:39.901840,Dubai-dc94,26,86,Normal
2026-02-16 12:40:40.901840,Dubai-dc94,11,83,Normal
2026-02-16 12:40:41.901840,Dubai-dc94,40,78,Normal
2026-02-16 12:40:42.901840,Dubai-dc94,23,0,Normal
2026-02-16 12:40:43.901840,Dubai-dc94,9,16,Normal
2026-02-16 12:40:44.901840,Dubai-dc94,-28,29,Normal
2026-02-16 12:40:45.901840,Dubai-dc94,-7,78,Normal
2026-02-16 12:40:46.901840,Dubai-dc94,-23,77,Normal
2026-02-16 12:40:47.901840,Dubai-dc94,-28,81,Normal
2026-02-16 12:40:48.901840,Dubai-dc94,-25,69,Normal
2026-02-16 12:40:49.901840,Dubai-dc94,-29,61,Normal
2026-02-16 12:40:50.901840,Dubai-dc94,45,49,Normal
2026-02-16 12:40:51.901840,Dubai-dc94,41,15,Normal
2026-02-16 12:40:52.901840,Dubai-dc94,25,96,Normal
2026-02-16 12:40:53.901840,Dubai-dc94,9,40,Normal
2026-02-16 12:40:54.901840,Dubai-dc94,0,56,Normal
2026-02-16 12:40:55.901840,Dubai-dc94,29,57,Normal
2026-02-16 12:40:56.901840,Dubai-dc94,14,13,Normal
2026-02-16 12:40:57.901840,Dubai-dc94,-26,7,Normal
2026-02-16 12:40:58.901840,Dubai-dc94,33,97,Normal
2026-02-16 12:40:59.901840,Dubai-dc94,0,25,Normal
2026-02-16 12:41:00.901840,Dubai-dc94,44,6,Normal
2026-02-16 12:41:01.901840,Dubai-dc94,45,14,Normal
2026-02-16 12:41:02.901840,Dubai-dc94,-23,5,Normal
2026-02-16 12:41:03.901840,Dubai-dc94,-10,57,Normal
2026-02-16 12:41:04.901840,Dubai-dc94,42,91,Normal
2026-02-16 12:41:05.901840,Dubai-dc94,-21,28,Normal
2026-02-16 12:41:06.901840,Dubai-dc94,34,22,Normal
2026-02-16 12:41:07.901840,Dubai-dc94,41,25,Normal
2026-02-16 12:41:08.901840,Dubai-dc94,19,67,Normal
2026-02-16 12:41:09.901840,Dubai-dc94,-6,90,Normal
2026-02-16 12:41:10.901840,Dubai-dc94,22,43,Normal
2026-02-16 12:41:11.901840,Dubai-dc94,16,27,Normal
2026-02-16 12:41:12.901840,Dubai-dc94,-6,68,Normal
2026-02-16 12:41:13.901840,Dubai-dc94,21,48,Normal
2026-02-16 12:41:14.901840,Dubai-dc94,-27,33,Normal
2026-02-16 12:41:15.901840,Dubai-dc94,15,85,Normal
2026-02-16 12:41:16.901840,Dubai-dc94,36,84,Normal
2026-02-16 12:41:17.901840,Dubai-dc94,48,36,Normal
2026-02-16 12:41:18.901840,Dubai-dc94,2,8,Normal
2026-02-16 12:41:19.901840,Dubai-dc94,-3,48,Normal
2026-02-16 12:41:20.901840,Dubai-dc94,26,88,Normal
2026-02-16 12:41:21.901840,Dubai-dc94,41,98,Normal
2026-02-16 12:41:22.901840,Dubai-dc94,14,53,Normal
2026-02-16 12:41:23.901840,Dubai-dc94,48,66,Normal
2026-02-16 12:41:24.901840,Dubai-dc94,34,61,Normal
2026-02-16 12:41:25.901840,Dubai-dc94,-22,74,Normal
2026-02-16 12:41:26.901840,Dubai-dc94,27,23,Normal
2026-02-16 12:41:27.901840,Dubai-dc94,-15,67,Normal
2026-02-16 12:41:28.901840,Dubai-dc94,26,30,Normal
2026-02-16 12:41:29.901840,Dubai-dc94,-6,65,Normal
2026-02-16 12:41:30.901840,Dubai-dc94,35,3,Normal
2026-02-16 12:41:31.901840,Dubai-dc94,-3,75,Normal
2026-02-16 12:41:32.901840,Dubai-dc94,-16,97,Normal
2026-02-16 12:41:33.901840,Dubai-dc94,-17,55,Normal
2026-02-16 12:41:34.901840,Dubai-dc94,-8,14,Normal
2026-02-16 12:41:35.901840,Dubai-dc94,7,21,Normal
2026-02-16 12:41:36.901840,Dubai-dc94,43,84,Normal
2026-02-16 12:41:37.901840,Dubai-dc94,-4,42,Normal
2026-02-16 12:41:38.901840,Dubai-dc94,41,75,Normal
2026-02-16 12:41:39.901840,Dubai-dc94,-20,36,Normal
2026-02-16 12:41:40.901840,Dubai-dc94,-27,63,Normal
2026-02-16 12:41:41.901840,Dubai-dc94,29,76,Normal
2026-02-16 12:41:42.901840,Dubai-dc94,14,72,Normal
2026-02-16 12:41:43.901840,Dubai-dc94,-26,82,Normal
2026-02-16 12:41:44.901840,Dubai-dc94,39,60,Normal
2026-02-16 12:41:45.901840,Dubai-dc94,-13,62,Normal
2026-02-16 12:41:46.901840,Dubai-dc94,25,22,Normal
2026-02-16 12:41:47.901840,Dubai-dc94,-30,6,Normal
2026-02-16 12:41:48.901840,Dubai-dc94,3,15,Normal
2026-02-16 12:41:49.901840,Dubai-dc94,36,77,Normal
2026-02-16 12:41:50.901840,Dubai-dc94,-3,29,Normal
2026-02-16 12:41:51.901840,Dubai-dc94,44,100,Normal
2026-02-16 12:41:52.901840,Dubai-dc94,-29,3,Normal
2026-02-16 12:41:53.901840,Dubai-dc94,-6,58,Normal
2026-02-16 12:41:54.901840,Dubai-dc94,50,21,Normal
2026-02-16 12:41:55.901840,Dubai-dc94,6,45,Normal
2026-02-16 12:41:56.901840,Dubai-dc94,16,53,Normal
2026-02-16 12:41:57.901840,Dubai-dc94,23,43,Normal
2026-02-16 12:41:58.901840,Dubai-dc94,8,55,Normal
2026-02-16 12:41:59.901840,Dubai-dc94,-18,46,Normal
2026-02-16 12:42:00.901840,Dubai-dc94,-25,91,Normal
2026-02-16 12:42:01.901840,Dubai-dc94,-4,90,Normal
2026-02-16 12:42:02.901840,Dubai-dc94,-16,76,Normal
2026-02-16 12:42:03.901840,Dubai-dc94,-14,60,Normal
2026-02-16 12:42:04.901840,Dubai-dc94,36,19,Normal
2026-02-16 12:42:05.901840,Dubai-dc94,27,89,Normal
2026-02-16 12:42:06.901840,Dubai-dc94,14,44,Normal
2026-02-16 12:42:07.901840,Dubai-dc94,33,66,Normal
2026-02-16 12:42:08.901840,Dubai-dc94,26,9,Normal
2026-02-16 12:42:09.901840,Dubai-dc94,-8,60,Normal
2026-02-16 12:42:10.901840,Dubai-dc94,-9,48,Normal
2026-02-16 12:42:11.901840,Dubai-dc94,-29,47,Normal
2026-02-16 12:42:12.901840,Dubai-dc94,-4,63,Normal
2026-02-16 12:42:13.901840,Dubai-dc94,-29,77,Normal
2026-02-16 12:42:14.901840,Dubai-dc94,32,55,Normal
2026-02-16 12:42:15.901840,Dubai-dc94,6,97,Normal
2026-02-16 12:42:16.901840,Dubai-dc94,18,84,Normal
2026-02-16 12:42:17.901840,Dubai-dc94,27,66,Normal
2026-02-16 12:42:18.901840,Dubai-dc94,-30,77,Normal
2026-02-16 12:42:19.901840,Dubai-dc94,-17,4,Normal
2026-02-16 12:42:20.901840,Dubai-dc94,34,65,Normal
2026-02-16 12:42:21.901840,Dubai-dc94,2,0,Normal
2026-02-16 12:42:22.901840,Dubai-dc94,-10,81,Normal
2026-02-16 12:42:23.901840,Dubai-dc94,37,1,Normal
2026-02-16 12:42:24.901840,Dubai-dc94,50,40,Normal
2026-02-16 12:42:25.901840,Dubai-dc94,12,14,Normal
2026-02-16 12:42:26.901840,Dubai-dc94,-12,54,Normal
2026-02-16 12:42:27.901840,Dubai-dc94,40,92,Normal
2026-02-16 12:42:28.901840,Dubai-dc94,49,57,Normal
2026-02-16 12:42:29.901840,Dubai-dc94,46,15,Normal
2026-02-16 12:42:30.901840,Dubai-dc94,-15,57,Normal
2026-02-16 12:42:31.901840,Dubai-dc94,-24,40,Normal
2026-02-16 12:42:32.901840,Dubai-dc94,-21,55,Normal
2026-02-16 12:42:33.901840,Dubai-dc94,-8,27,Normal
2026-02-16 12:42:34.901840,Dubai-dc94,21,25,Normal
2026-02-16 12:42:35.901840,Dubai-dc94,-28,46,Normal
2026-02-16 12:42:36.901840,Dubai-dc94,50,30,Normal
2026-02-16 12:42:37.901840,Dubai-dc94,10,21,Normal
2026-02-16 12:42:38.901840,Dubai-dc94,-6,79,Normal
2026-02-16 12:42:39.901840,Dubai-dc94,39,82,Normal
2026-02-16 12:42:40.901840,Dubai-dc94,4,97,Normal
2026-02-16 12:42:41.901840,Dubai-dc94,2,25,Normal
2026-02-16 12:42:42.901840,Dubai-dc94,28,13,Normal
2026-02-16 12:42:43.901840,Dubai-dc94,33,43,Normal
2026-02-16 12:42:44.901840,Dubai-dc94,45,33,Normal
2026-02-16 12:42:45.901840,Dubai-dc94,42,70,Normal
2026-02-16 12:42:46.901840,Dubai-dc94,-5,5,Normal
2026-02-16 12:42:47.901840,Dubai-dc94,29,9,Normal
2026-02-16 12:42:48.901840,Dubai-dc94,26,60,Normal
2026-02-16 12:42:49.901840,Dubai-dc94,46,21,Normal
2026-02-16 12:42:50.901840,Dubai-dc94,48,2,Normal
2026-02-16 12:42:51.901840,Dubai-dc94,8,88,Normal
2026-02-16 12:42:52.901840,Dubai-dc94,21,17,Normal
2026-02-16 12:42:53.901840,Dubai-dc94,-28,22,Normal
2026-02-16 12:42:54.901840,Dubai-dc94,47,52,Normal
2026-02-16 12:42:55.901840,Dubai-dc94,43,100,Normal
2026-02-16 12:42:56.901840,Dubai-dc94,-21,45,Normal
2026-02-16 12:42:57.901840,Dubai-dc94,49,84,Normal
2026-02-16 12:42:58.901840,Dubai-dc94,12,87,Normal
2026-02-16 12:42:59.901840,Dubai-dc94,27,91,Normal
2026-02-16 12:43:00.901840,Dubai-dc94,23,49,Normal
2026-02-16 12:43:01.901840,Dubai-dc94,-20,45,Normal
2026-02-16 12:43:02.901840,Dubai-dc94,33,15,Normal
2026-02-16 12:43:03.901840,Dubai-dc94,-1,29,Normal
2026-02-16 12:43:04.901840,Dubai-dc94,-19,58,Normal
2026-02-16 12:43:05.901840,Dubai-dc94,22,54,Normal
2026-02-16 12:43:06.901840,Dubai-dc94,-30,2,Normal
2026-02-16 12:43:07.901840,Dubai-dc94,-22,74,Normal
2026-02-16 12:43:08.901840,Dubai-dc94,12,99,Normal
2026-02-16 12:43:09.901840,Dubai-dc94,39,20,Normal
2026-02-16 12:43:10.901840,Dubai-dc94,-11,68,Normal
2026-02-16 12:43:11.901840,Dubai-dc94,36,93,Normal
2026-02-16 12:43:12.901840,Dubai-dc94,33,100,Normal
2026-02-16 12:43:13.901840,Dubai-dc94,-13,67,Normal
2026-02-16 12:43:14.901840,Dubai-dc94,-10,16,Normal
2026-02-16 12:43:15.901840,Dubai-dc94,-18,64,Normal
2026-02-16 12:43:16.901840,Dubai-dc94,42,74,Normal
2026-02-16 12:43:17.901840,Dubai-dc94,-9,2,Normal
2026-02-16 12:43:18.901840,Dubai-dc94,-19,28,Normal
2026-02-16 12:43:19.901840,Dubai-dc94,21,26,Normal
2026-02-16 12:43:20.901840,Dubai-dc94,42,48,Normal
2026-02-16 12:43:21.901840,Dubai-dc94,-25,19,Normal
2026-02-16 12:43:22.901840,Dubai-dc94,18,59,Normal
2026-02-16 12:43:23.901840,Dubai-dc94,-14,37,Normal
2026-02-16 12:43:24.901840,Dubai-dc94,17,43,Normal
2026-02-16 12:43:25.901840,Dubai-dc94,37,30,Normal
2026-02-16 12:43:26.901840,Dubai-dc94,-19,27,Normal
2026-02-16 12:43:27.901840,Dubai-dc94,-6,67,Normal
2026-02-16 12:43:28.901840,Dubai-dc94,26,65,Normal
2026-02-16 12:43:29.901840,Dubai-dc94,31,39,Normal
2026-02-16 12:43:30.901840,Dubai-dc94,-22,93,Normal
2026-02-16 12:43:31.901840,Dubai-dc94,47,41,Normal
2026-02-16 12:43:32.901840,Dubai-dc94,-3,72,Normal
2026-02-16 12:43:33.901840,Dubai-dc94,11,81,Normal
2026-02-16 12:43:34.901840,Dubai-dc94,23,97,Normal
2026-02-16 12:43:35.901840,Dubai-dc94,-14,71,Normal
2026-02-16 12:43:36.901840,Dubai-dc94,-28,44,Normal
2026-02-16 12:43:37.901840,Dubai-dc94,34,10,Normal
2026-02-16 12:43:38.901840,Dubai-dc94,19,7,Normal
2026-02-16 12:43:39.901840,Dubai-dc94,17,80,Normal
2026-02-16 12:43:40.901840,Dubai-dc94,5,13,Normal
2026-02-16 12:43:41.901840,Dubai-dc94,45,35,Normal
2026-02-16 12:43:42.901840,Dubai-dc94,43,5,Normal
2026-02-16 12:43:43.901840,Dubai-dc94,35,40,Normal
2026-02-16 12:43:44.901840,Dubai-dc94,-25,59,Normal
2026-02-16 12:43:45.901840,Dubai-dc94,23,43,Normal
2026-02-16 12:43:46.901840,Dubai-dc94,-21,73,Normal
2026-02-16 12:43:47.901840,Dubai-dc94,1,2,Normal
2026-02-16 12:43:48.901840,Dubai-dc94,-16,62,Normal
2026-02-16 12:43:49.901840,Dubai-dc94,-2,69,Normal
2026-02-16 12:43:50.901840,Dubai-dc94,-5,7,Normal
2026-02-16 12:43:51.901840,Dubai-dc94,42,43,Normal
2026-02-16 12:43:52.901840,Dubai-dc94,-14,55,Normal
2026-02-16 12:43:53.901840,Dubai-dc94,11,38,Normal
2026-02-16 12:43:54.901840,Dubai-dc94,16,7,Normal
2026-02-16 12:43:55.901840,Dubai-dc94,-21,16,Normal
2026-02-16 12:43:56.901840,Dubai-dc94,-28,52,Normal
2026-02-16 12:43:57.901840,Dubai-dc94,2,23,Normal
2026-02-16 12:43:58.901840,Dubai-dc94,27,46,Normal
2026-02-16 12:43:59.901840,Dubai-dc94,-14,2,Normal
2026-02-16 12:44:00.901840,Dubai-dc94,44,86,Normal
2026-02-16 12:44:01.901840,Dubai-dc94,38,54,Normal
2026-02-16 12:44:02.901840,Dubai-dc94,-27,35,Normal
2026-02-16 12:44:03.901840,Dubai-dc94,-24,51,Normal
2026-02-16 12:44:04.901840,Dubai-dc94,6,24,Normal
2026-02-16 12:44:05.901840,Dubai-dc94,-9,56,Normal
2026-02-16 12:44:06.901840,Dubai-dc94,32,37,Normal
2026-02-16 12:44:07.901840,Dubai-dc94,50,33,Normal
2026-02-16 12:44:08.901840,Dubai-dc94,30,83,Normal
2026-02-16 12:44:09.901840,Dubai-dc94,25,42,Normal
2026-02-16 12:44:10.901840,Dubai-dc94,-28,22,Normal
2026-02-16 12:44:11.901840,Dubai-dc94,30,70,Normal
2026-02-16 12:44:12.901840,Dubai-dc94,28,41,Normal
2026-02-16 12:44:13.901840,Dubai-dc94,24,7,Normal
2026-02-16 12:44:14.901840,Dubai-dc94,-26,73,Normal
2026-02-16 12:44:15.901840,Dubai-dc94,-5,57,Normal
2026-02-16 12:44:16.901840,Dubai-dc94,28,43,Normal
2026-02-16 12:44:17.901840,Dubai-dc94,-9,67,Normal
2026-02-16 12:44:18.901840,Dubai-dc94,-26,83,Normal
2026-02-16 12:44:19.901840,Dubai-dc94,-6,15,Normal
2026-02-16 12:44:20.901840,Dubai-dc94,24,28,Normal
2026-02-16 12:44:21.901840,Dubai-dc94,34,88,Normal
2026-02-16 12:44:22.901840,Dubai-dc94,-23,11,Normal
2026-02-16 12:44:23.901840,Dubai-dc94,1,32,Normal
2026-02-16 12:44:24.901840,Dubai-dc94,35,6,Normal
2026-02-16 12:44:25.901840,Dubai-dc94,-29,92,Normal
2026-02-16 12:44:26.901840,Dubai-dc94,40,66,Normal
2026-02-16 12:44:27.901840,Dubai-dc94,11,18,Normal
2026-02-16 12:44:28.901840,Dubai-dc94,-11,87,Normal
2026-02-16 12:44:29.901840,Dubai-dc94,7,43,Normal
2026-02-16 12:44:30.901840,Dubai-dc94,16,77,Normal
2026-02-16 12:44:31.901840,Dubai-dc94,48,19,Normal
2026-02-16 12:44:32.901840,Dubai-dc94,35,63,Normal
2026-02-16 12:44:33.901840,Dubai-dc94,41,9,Normal
2026-02-16 12:44:34.901840,Dubai-dc94,-13,40,Normal
2026-02-16 12:44:35.901840,Dubai-dc94,2,88,Normal
2026-02-16 12:44:36.901840,Dubai-dc94,-16,32,Normal
2026-02-16 12:44:37.901840,Dubai-dc94,32,87,Normal
2026-02-16 12:44:38.901840,Dubai-dc94,-8,57,Normal
2026-02-16 12:44:39.901840,Dubai-dc94,41,22,Normal
2026-02-16 12:44:40.901840,Dubai-dc94,-8,69,Normal
2026-02-16 12:44:41.901840,Dubai-dc94,-29,15,Normal
2026-02-16 12:44:42.901840,Dubai-dc94,-20,91,Normal
2026-02-16 12:44:43.901840,Dubai-dc94,-29,100,Normal
2026-02-16 12:44:44.901840,Dubai-dc94,3,34,Normal
2026-02-16 12:44:45.901840,Dubai-dc94,18,39,Normal
2026-02-16 12:44:46.901840,Dubai-dc94,14,15,Normal
2026-02-16 12:44:47.901840,Dubai-dc94,-25,77,Normal
2026-02-16 12:44:48.901840,Dubai-dc94,48,65,Normal
2026-02-16 12:44:49.901840,Dubai-dc94,-28,26,Normal
2026-02-16 12:44:50.901840,Dubai-dc94,30,22,Normal
2026-02-16 12:44:51.901840,Dubai-dc94,-13,27,Normal
2026-02-16 12:44:52.901840,Dubai-dc94,28,98,Normal
2026-02-16 12:44:53.901840,Dubai-dc94,5,90,Normal
2026-02-16 12:44:54.901840,Dubai-dc94,4,77,Normal
2026-02-16 12:44:55.901840,Dubai-dc94,-22,69,Normal
2026-02-16 12:44:56.901840,Dubai-dc94,-4,43,Normal
2026-02-16 12:44:57.901840,Dubai-dc94,41,84,Normal
2026-02-16 12:44:58.901840,Dubai-dc94,10,54,Normal
2026-02-16 12:44:59.901840,Dubai-dc94,39,65,Normal
2026-02-16 12:45:00.901840,Dubai-dc94,27,59,Normal
2026-02-16 12:45:01.901840,Dubai-dc94,-2,22,Normal
2026-02-16 12:45:02.901840,Dubai-dc94,26,82,Normal
2026-02-16 12:45:03.901840,Dubai-dc94,27,19,Normal
2026-02-16 12:45:04.901840,Dubai-dc94,49,99,Normal
2026-02-16 12:45:05.901840,Dubai-dc94,-15,29,Normal
2026-02-16 12:45:06.901840,Dubai-dc94,26,97,Normal
2026-02-16 12:45:07.901840,Dubai-dc94,8,29,Normal
2026-02-16 12:45:08.901840,Dubai-dc94,38,46,Normal
2026-02-16 12:45:09.901840,Dubai-dc94,23,64,Normal
2026-02-16 12:45:10.901840,Dubai-dc94,8,84,Normal
2026-02-16 12:45:11.901840,Dubai-dc94,40,20,Normal
2026-02-16 12:45:12.901840,Dubai-dc94,24,8,Normal
2026-02-16 12:45:13.901840,Dubai-dc94,41,56,Normal
2026-02-16 12:45:14.901840,Dubai-dc94,15,57,Normal
2026-02-16 12:45:15.901840,Dubai-dc94,25,39,Normal
2026-02-16 12:45:16.901840,Dubai-dc94,49,82,Normal
2026-02-16 12:45:17.901840,Dubai-dc94,-14,62,Normal
2026-02-16 12:45:18.901840,Dubai-dc94,-15,98,Normal
2026-02-16 12:45:19.901840,Dubai-dc94,-10,64,Normal
2026-02-16 12:45:20.901840,Dubai-dc94,1,40,Normal
2026-02-16 12:45:21.901840,Dubai-dc94,5,42,Normal
2026-02-16 12:45:22.901840,Dubai-dc94,2,45,Normal
2026-02-16 12:45:23.901840,Dubai-dc94,26,67,Normal
2026-02-16 12:45:24.901840,Dubai-dc94,14,41,Normal
2026-02-16 12:45:25.901840,Dubai-dc94,6,93,Normal
2026-02-16 12:45:26.901840,Dubai-dc94,31,4,Normal
2026-02-16 12:45:27.901840,Dubai-dc94,10,79,Normal
2026-02-16 12:45:28.901840,Dubai-dc94,10,21,Normal
2026-02-16 12:45:29.901840,Dubai-dc94,28,50,Normal
2026-02-16 12:45:30.901840,Dubai-dc94,6,91,Normal
2026-02-16 12:45:31.901840,Dubai-dc94,-13,17,Normal
2026-02-16 12:45:32.901840,Dubai-dc94,22,88,Normal
2026-02-16 12:45:33.901840,Dubai-dc94,-15,7,Normal
2026-02-16 12:45:34.901840,Dubai-dc94,-2,23,Normal
2026-02-16 12:45:35.901840,Dubai-dc94,37,64,Normal
2026-02-16 12:45:36.901840,Dubai-dc94,38,52,Normal
2026-02-16 12:45:37.901840,Dubai-dc94,-15,42,Normal
2026-02-16 12:45:38.901840,Dubai-dc94,16,31,Normal
2026-02-16 12:45:39.901840,Dubai-dc94,-26,97,Normal
2026-02-16 12:45:40.901840,Dubai-dc94,-22,11,Normal
2026-02-16 12:45:41.901840,Dubai-dc94,11,27,Normal
2026-02-16 12:45:42.901840,Dubai-dc94,45,88,Normal
2026-02-16 12:45:43.901840,Dubai-dc94,1,49,Normal
2026-02-16 12:45:44.901840,Dubai-dc94,-25,19,Normal
2026-02-16 12:45:45.901840,Dubai-dc94,13,50,Normal
2026-02-16 12:45:46.901840,Dubai-dc94,-12,63,Normal
2026-02-16 12:45:47.901840,Dubai-dc94,44,52,Normal
2026-02-16 12:45:48.901840,Dubai-dc94,31,90,Normal
2026-02-16 12:45:49.901840,Dubai-dc94,-1,51,Normal
2026-02-16 12:45:50.901840,Dubai-dc94,14,77,Normal
2026-02-16 12:45:51.901840,Dubai-dc94,-17,95,Normal
2026-02-16 12:45:52.901840,Dubai-dc94,39,86,Normal
2026-02-16 12:45:53.901840,Dubai-dc94,27,61,Normal
2026-02-16 12:45:54.901840,Dubai-dc94,15,86,Normal
2026-02-16 12:45:55.901840,Dubai-dc94,-29,15,Normal
2026-02-16 12:45:56.901840,Dubai-dc94,34,35,Normal
2026-02-16 12:45:57.901840,Dubai-dc94,39,84,Normal
2026-02-16 12:45:58.901840,Dubai-dc94,47,2,Normal
2026-02-16 12:45:59.901840,Dubai-dc94,13,9,Normal
2026-02-16 12:46:00.901840,Dubai-dc94,-2,95,Normal
2026-02-16 12:46:01.901840,Dubai-dc94,26,28,Normal
2026-02-16 12:46:02.901840,Dubai-dc94,4,0,Normal
2026-02-16 12:46:03.901840,Dubai-dc94,-23,51,Normal
2026-02-16 12:46:04.901840,Dubai-dc94,30,7,Normal
2026-02-16 12:46:05.901840,Dubai-dc94,-27,36,Normal
2026-02-16 12:46:06.901840,Dubai-dc94,12,31,Normal
2026-02-16 12:46:07.901840,Dubai-dc94,-23,47,Normal
2026-02-16 12:46:08.901840,Dubai-dc94,12,56,Normal
2026-02-16 12:46:09.901840,Dubai-dc94,13,67,Normal
2026-02-16 12:46:10.901840,Dubai-dc94,9,11,Normal
2026-02-16 12:46:11.901840,Dubai-dc94,23,24,Normal
2026-02-16 12:46:12.901840,Dubai-dc94,-17,28,Normal
2026-02-16 12:46:13.901840,Dubai-dc94,10,78,Normal
2026-02-16 12:46:14.901840,Dubai-dc94,25,13,Normal
2026-02-16 12:46:15.901840,Dubai-dc94,18,18,Normal
2026-02-16 12:46:16.901840,Dubai-dc94,38,34,Normal
2026-02-16 12:46:17.901840,Dubai-dc94,21,0,Normal
2026-02-16 12:46:18.901840,Dubai-dc94,-10,31,Normal
2026-02-16 12:46:19.901840,Dubai-dc94,33,67,Normal
2026-02-16 12:46:20.901840,Dubai-dc94,-22,95,Normal
2026-02-16 12:46:21.901840,Dubai-dc94,-13,10,Normal
2026-02-16 12:46:22.901840,Dubai-dc94,7,29,Normal
2026-02-16 12:46:23.901840,Dubai-dc94,2,16,Normal
2026-02-16 12:46:24.901840,Dubai-dc94,16,17,Normal
2026-02-16 12:46:25.901840,Dubai-dc94,27,96,Normal
2026-02-16 12:46:26.901840,Dubai-dc94,-16,65,Normal
2026-02-16 12:46:27.901840,Dubai-dc94,25,80,Normal
2026-02-16 12:46:28.901840,Dubai-dc94,37,67,Normal
2026-02-16 12:46:29.901840,Dubai-dc94,0,65,Normal
2026-02-16 12:46:30.901840,Dubai-dc94,-1,13,Normal
2026-02-16 12:46:31.901840,Dubai-dc94,24,82,Normal
2026-02-16 12:46:32.901840,Dubai-dc94,40,47,Normal
2026-02-16 12:46:33.901840,Dubai-dc94,35,13,Normal
2026-02-16 12:46:34.901840,Dubai-dc94,-29,38,Normal
2026-02-16 12:46:35.901840,Dubai-dc94,31,17,Normal
2026-02-16 12:46:36.901840,Dubai-dc94,7,66,Normal
2026-02-16 12:46:37.901840,Dubai-dc94,22,55,Normal
2026-02-16 12:46:38.901840,Dubai-dc94,-6,58,Normal
2026-02-16 12:46:39.901840,Dubai-dc94,2,78,Normal
2026-02-16 12:46:40.901840,Dubai-dc94,37,63,Normal
2026-02-16 12:46:41.901840,Dubai-dc94,-14,58,Normal
2026-02-16 12:46:42.901840,Dubai-dc94,6,15,Normal
2026-02-16 12:46:43.901840,Dubai-dc94,33,93,Normal
2026-02-16 12:46:44.901840,Dubai-dc94,27,68,Normal
2026-02-16 12:46:45.901840,Dubai-dc94,-27,85,Normal
2026-02-16 12:46:46.901840,Dubai-dc94,-12,32,Normal
2026-02-16 12:46:47.901840,Dubai-dc94,29,34,Normal
2026-02-16 12:46:48.901840,Dubai-dc94,11,40,Normal
2026-02-16 12:46:49.901840,Dubai-dc94,-4,59,Normal
2026-02-16 12:46:50.901840,Dubai-dc94,31,97,Normal
2026-02-16 12:46:51.901840,Dubai-dc94,42,33,Normal
2026-02-16 12:46:52.901840,Dubai-dc94,-2,79,Normal
2026-02-16 12:46:53.901840,Dubai-dc94,-25,60,Normal
2026-02-16 12:46:54.901840,Dubai-dc94,-24,94,Normal
2026-02-16 12:46:55.901840,Dubai-dc94,6,78,Normal
2026-02-16 12:46:56.901840,Dubai-dc94,38,97,Normal
2026-02-16 12:46:57.901840,Dubai-dc94,43,91,Normal
2026-02-16 12:46:58.901840,Dubai-dc94,31,47,Normal
2026-02-16 12:46:59.901840,Dubai-dc94,-24,43,Normal
2026-02-16 12:47:00.901840,Dubai-dc94,35,62,Normal
2026-02-16 12:47:01.901840,Dubai-dc94,0,26,Normal
2026-02-16 12:47:02.901840,Dubai-dc94,3,22,Normal
2026-02-16 12:47:03.901840,Dubai-dc94,-12,41,Normal
2026-02-16 12:47:04.901840,Dubai-dc94,-23,50,Normal
2026-02-16 12:47:05.901840,Dubai-dc94,13,83,Normal
2026-02-16 12:47:06.901840,Dubai-dc94,28,11,Normal
2026-02-16 12:47:07.901840,Dubai-dc94,15,89,Normal
2026-02-16 12:47:08.901840,Dubai-dc94,45,20,Normal
2026-02-16 12:47:09.901840,Dubai-dc94,5,77,Normal
2026-02-16 12:47:10.901840,Dubai-dc94,6,33,Normal
2026-02-16 12:47:11.901840,Dubai-dc94,36,25,Normal
2026-02-16 12:47:12.901840,Dubai-dc94,4,47,Normal
2026-02-16 12:47:13.901840,Dubai-dc94,-26,26,Normal
2026-02-16 12:47:14.901840,Dubai-dc94,7,62,Normal
2026-02-16 12:47:15.901840,Dubai-dc94,-17,0,Normal
2026-02-16 12:47:16.901840,Dubai-dc94,22,77,Normal
2026-02-16 12:47:17.901840,Dubai-dc94,25,46,Normal
2026-02-16 12:47:18.901840,Dubai-dc94,41,67,Normal
2026-02-16 12:47:19.901840,Dubai-dc94,-19,0,Normal
2026-02-16 12:47:20.901840,Dubai-dc94,-4,85,Normal
2026-02-16 12:47:21.901840,Dubai-dc94,29,65,Normal
2026-02-16 12:47:22.901840,Dubai-dc94,40,43,Normal
2026-02-16 12:47:23.901840,Dubai-dc94,-27,26,Normal
2026-02-16 12:47:24.901840,Dubai-dc94,20,37,Normal
2026-02-16 12:47:25.901840,Dubai-dc94,15,84,Normal
2026-02-16 12:47:26.901840,Dubai-dc94,49,59,Normal
2026-02-16 12:47:27.901840,Dubai-dc94,13,71,Normal
2026-02-16 12:47:28.901840,Dubai-dc94,4,57,Normal
2026-02-16 12:47:29.901840,Dubai-dc94,35,71,Normal
2026-02-16 12:47:30.901840,Dubai-dc94,35,53,Normal
2026-02-16 12:47:31.901840,Dubai-dc94,-22,58,Normal
2026-02-16 12:47:32.901840,Dubai-dc94,48,24,Normal
2026-02-16 12:47:33.901840,Dubai-dc94,21,30,Normal
2026-02-16 12:47:34.901840,Dubai-dc94,36,66,Normal
2026-02-16 12:47:35.901840,Dubai-dc94,11,41,Normal
2026-02-16 12:47:36.901840,Dubai-dc94,-10,39,Normal
2026-02-16 12:47:37.901840,Dubai-dc94,-17,1,Normal
2026-02-16 12:47:38.901840,Dubai-dc94,-5,47,Normal
2026-02-16 12:47:39.901840,Dubai-dc94,-11,100,Normal
2026-02-16 12:47:40.901840,Dubai-dc94,40,65,Normal
2026-02-16 12:47:41.901840,Dubai-dc94,-20,44,Normal
2026-02-16 12:47:42.901840,Dubai-dc94,-25,49,Normal
2026-02-16 12:47:43.901840,Dubai-dc94,-26,90,Normal
2026-02-16 12:47:44.901840,Dubai-dc94,34,72,Normal
2026-02-16 12:47:45.901840,Dubai-dc94,-18,36,Normal
2026-02-16 12:47:46.901840,Dubai-dc94,33,97,Normal
2026-02-16 12:47:47.901840,Dubai-dc94,14,81,Normal
2026-02-16 12:47:48.901840,Dubai-dc94,6,65,Normal
2026-02-16 12:47:49.901840,Dubai-dc94,13,12,Normal
2026-02-16 12:47:50.901840,Dubai-dc94,-13,21,Normal
2026-02-16 12:47:51.901840,Dubai-dc94,-20,89,Normal
2026-02-16 12:47:52.901840,Dubai-dc94,14,38,Normal
2026-02-16 12:47:53.901840,Dubai-dc94,0,26,Normal
2026-02-16 12:47:54.901840,Dubai-dc94,13,55,Normal
2026-02-16 12:47:55.901840,Dubai-dc94,-20,22,Normal
2026-02-16 12:47:56.901840,Dubai-dc94,29,17,Normal
2026-02-16 12:47:57.901840,Dubai-dc94,18,20,Normal
2026-02-16 12:47:58.901840,Dubai-dc94,11,58,Normal
2026-02-16 12:47:59.901840,Dubai-dc94,21,91,Normal
2026-02-16 12:48:00.901840,Dubai-dc94,27,81,Normal
2026-02-16 12:48:01.901840,Dubai-dc94,26,27,Normal
2026-02-16 12:48:02.901840,Dubai-dc94,28,37,Normal
2026-02-16 12:48:03.901840,Dubai-dc94,6,30,Normal
2026-02-16 12:48:04.901840,Dubai-dc94,46,75,Normal
2026-02-16 12:48:05.901840,Dubai-dc94,23,6,Normal
2026-02-16 12:48:06.901840,Dubai-dc94,25,94,Normal
2026-02-16 12:48:07.901840,Dubai-dc94,20,39,Normal
2026-02-16 12:48:08.901840,Dubai-dc94,-16,71,Normal
2026-02-16 12:48:09.901840,Dubai-dc94,10,83,Normal
2026-02-16 12:48:10.901840,Dubai-dc94,13,89,Normal
2026-02-16 12:48:11.901840,Dubai-dc94,-13,3,Normal
2026-02-16 12:48:12.901840,Dubai-dc94,11,96,Normal
2026-02-16 12:48:13.901840,Dubai-dc94,41,27,Normal
2026-02-16 12:48:14.901840,Dubai-dc94,-11,85,Normal
2026-02-16 12:48:15.901840,Dubai-dc94,21,42,Normal
2026-02-16 12:48:16.901840,Dubai-dc94,35,29,Normal
2026-02-16 12:48:17.901840,Dubai-dc94,-8,21,Normal
2026-02-16 12:48:18.901840,Dubai-dc94,43,17,Normal
2026-02-16 12:48:19.901840,Dubai-dc94,3,13,Normal
2026-02-16 12:48:20.901840,Dubai-dc94,-16,84,Normal
2026-02-16 12:48:21.901840,Dubai-dc94,24,26,Normal
2026-02-16 12:48:22.901840,Dubai-dc94,17,53,Normal
2026-02-16 12:48:23.901840,Dubai-dc94,5,10,Normal
2026-02-16 12:48:24.901840,Dubai-dc94,27,73,Normal
2026-02-16 12:48:25.901840,Dubai-dc94,2,7,Normal
2026-02-16 12:48:26.901840,Dubai-dc94,-5,4,Normal
2026-02-16 12:48:27.901840,Dubai-dc94,-26,59,Normal
2026-02-16 12:48:28.901840,Dubai-dc94,29,96,Normal
2026-02-16 12:48:29.901840,Dubai-dc94,3,89,Normal
2026-02-16 12:48:30.901840,Dubai-dc94,23,22,Normal
2026-02-16 12:48:31.901840,Dubai-dc94,13,86,Normal
2026-02-16 12:48:32.901840,Dubai-dc94,3,48,Normal
2026-02-16 12:48:33.901840,Dubai-dc94,-23,75,Normal
2026-02-16 12:48:34.901840,Dubai-dc94,-21,74,Normal
2026-02-16 12:48:35.901840,Dubai-dc94,40,74,Normal
2026-02-16 12:48:36.901840,Dubai-dc94,-12,80,Normal
2026-02-16 12:48:37.901840,Dubai-dc94,0,64,Normal
2026-02-16 12:48:38.901840,Dubai-dc94,10,51,Normal
2026-02-16 12:48:39.901840,Dubai-dc94,49,87,Normal
2026-02-16 12:48:40.901840,Dubai-dc94,40,32,Normal
2026-02-16 12:48:41.901840,Dubai-dc94,-15,15,Normal
2026-02-16 12:48:42.901840,Dubai-dc94,3,76,Normal
2026-02-16 12:48:43.901840,Dubai-dc94,26,94,Normal
2026-02-16 12:48:44.901840,Dubai-dc94,25,47,Normal
2026-02-16 12:48:45.901840,Dubai-dc94,17,39,Normal
2026-02-16 12:48:46.901840,Dubai-dc94,9,18,Normal
2026-02-16 12:48:47.901840,Dubai-dc94,50,41,Normal
2026-02-16 12:48:48.901840,Dubai-dc94,-13,98,Normal
2026-02-16 12:48:49.901840,Dubai-dc94,47,78,Normal
2026-02-16 12:48:50.901840,Dubai-dc94,21,29,Normal
2026-02-16 12:48:51.901840,Dubai-dc94,44,73,Normal
2026-02-16 12:48:52.901840,Dubai-dc94,34,76,Normal
2026-02-16 12:48:53.901840,Dubai-dc94,2,44,Normal
2026-02-16 12:48:54.901840,Dubai-dc94,-16,2,Normal
2026-02-16 12:48:55.901840,Dubai-dc94,-11,27,Normal
2026-02-16 12:48:56.901840,Dubai-dc94,-17,83,Normal
2026-02-16 12:48:57.901840,Dubai-dc94,-27,94,Normal
2026-02-16 12:48:58.901840,Dubai-dc94,36,82,Normal
2026-02-16 12:48:59.901840,Dubai-dc94,-22,79,Normal
2026-02-16 12:49:00.901840,Dubai-dc94,34,30,Normal
2026-02-16 12:49:01.901840,Dubai-dc94,-1,61,Normal
2026-02-16 12:49:02.901840,Dubai-dc94,-14,72,Normal
2026-02-16 12:49:03.901840,Dubai-dc94,22,98,Normal
2026-02-16 12:49:04.901840,Dubai-dc94,-1,22,Normal
2026-02-16 12:49:05.901840,Dubai-dc94,9,73,Normal
2026-02-16 12:49:06.901840,Dubai-dc94,50,97,Normal
2026-02-16 12:49:07.901840,Dubai-dc94,19,13,Normal
2026-02-16 12:49:08.901840,Dubai-dc94,-21,94,Normal
2026-02-16 12:49:09.901840,Dubai-dc94,21,74,Normal
2026-02-16 12:49:10.901840,Dubai-dc94,46,33,Normal
2026-02-16 12:49:11.901840,Dubai-dc94,-7,97,Normal
2026-02-16 12:49:12.901840,Dubai-dc94,43,23,Normal
2026-02-16 12:49:13.901840,Dubai-dc94,17,41,Normal
2026-02-16 12:49:14.901840,Dubai-dc94,15,26,Normal
2026-02-16 12:49:15.901840,Dubai-dc94,44,84,Normal
2026-02-16 12:49:16.901840,Dubai-dc94,22,40,Normal
2026-02-16 12:49:17.901840,Dubai-dc94,-1,50,Normal
2026-02-16 12:49:18.901840,Dubai-dc94,36,37,Normal
2026-02-16 12:49:19.901840,Dubai-dc94,35,53,Normal
2026-02-16 12:49:20.901840,Dubai-dc94,-19,48,Normal
2026-02-16 12:49:21.901840,Dubai-dc94,-9,65,Normal
2026-02-16 12:49:22.901840,Dubai-dc94,-10,21,Normal
2026-02-16 12:49:23.901840,Dubai-dc94,-7,84,Normal
2026-02-16 12:49:24.901840,Dubai-dc94,-11,36,Normal
2026-02-16 12:49:25.901840,Dubai-dc94,36,56,Normal
2026-02-16 12:49:26.901840,Dubai-dc94,-8,29,Normal
2026-02-16 12:49:27.901840,Dubai-dc94,26,48,Normal
2026-02-16 12:49:28.901840,Dubai-dc94,29,79,Normal
2026-02-16 12:49:29.901840,Dubai-dc94,4,22,Normal
2026-02-16 12:49:30.901840,Dubai-dc94,-23,64,Normal
2026-02-16 12:49:31.901840,Dubai-dc94,-12,19,Normal
2026-02-16 12:49:32.901840,Dubai-dc94,24,68,Normal
2026-02-16 12:49:33.901840,Dubai-dc94,32,14,Normal
2026-02-16 12:49:34.901840,Dubai-dc94,19,68,Normal
2026-02-16 12:49:35.901840,Dubai-dc94,-16,97,Normal
2026-02-16 12:49:36.901840,Dubai-dc94,-19,93,Normal
2026-02-16 12:49:37.901840,Dubai-dc94,35,70,Normal
2026-02-16 12:49:38.901840,Dubai-dc94,44,11,Normal
2026-02-16 12:49:39.901840,Dubai-dc94,-12,1,Normal
2026-02-16 12:49:40.901840,Dubai-dc94,24,13,Normal
2026-02-16 12:49:41.901840,Dubai-dc94,31,23,Normal
2026-02-16 12:49:42.901840,Dubai-dc94,-8,12,Normal
2026-02-16 12:49:43.901840,Dubai-dc94,49,80,Normal
2026-02-16 12:49:44.901840,Dubai-dc94,27,22,Normal
2026-02-16 12:49:45.901840,Dubai-dc94,42,52,Normal
2026-02-16 12:49:46.901840,Dubai-dc94,29,83,Normal
2026-02-16 12:49:47.901840,Dubai-dc94,-9,56,Normal
2026-02-16 12:49:48.901840,Dubai-dc94,-1,98,Normal
2026-02-16 12:49:49.901840,Dubai-dc94,47,83,Normal
2026-02-16 12:49:50.901840,Dubai-dc94,6,99,Normal
2026-02-16 12:49:51.901840,Dubai-dc94,43,18,Normal
2026-02-16 12:49:52.901840,Dubai-dc94,30,39,Normal
2026-02-16 12:49:53.901840,Dubai-dc94,40,59,Normal
2026-02-16 12:49:54.901840,Dubai-dc94,7,54,Normal
2026-02-16 12:49:55.901840,Dubai-dc94,0,65,Normal
2026-02-16 12:49:56.901840,Dubai-dc94,-11,64,Normal
2026-02-16 12:49:57.901840,Dubai-dc94,17,3,Normal
2026-02-16 12:49:58.901840,Dubai-dc94,-12,69,Normal
2026-02-16 12:49:59.901840,Dubai-dc94,33,20,Normal
2026-02-16 12:50:00.901840,Dubai-dc94,38,59,Normal
2026-02-16 12:50:01.901840,Dubai-dc94,-7,82,Normal
2026-02-16 12:50:02.901840,Dubai-dc94,-20,92,Normal
2026-02-16 12:50:03.901840,Dubai-dc94,18,35,Normal
2026-02-16 12:50:04.901840,Dubai-dc94,46,67,Normal
2026-02-16 12:50:05.901840,Dubai-dc94,32,19,Normal
2026-02-16 12:50:06.901840,Dubai-dc94,31,53,Normal
2026-02-16 12:50:07.901840,Dubai-dc94,21,82,Normal
2026-02-16 12:50:08.901840,Dubai-dc94,-22,98,Normal
2026-02-16 12:50:09.901840,Dubai-dc94,9,65,Normal
2026-02-16 12:50:10.901840,Dubai-dc94,8,67,Normal
2026-02-16 12:50:11.901840,Dubai-dc94,37,63,Normal
2026-02-16 12:50:12.901840,Dubai-dc94,-2,69,Normal
2026-02-16 12:50:13.901840,Dubai-dc94,-9,56,Normal
2026-02-16 12:50:14.901840,Dubai-dc94,22,99,Normal
2026-02-16 12:50:15.901840,Dubai-dc94,36,50,Normal
2026-02-16 12:50:16.901840,Dubai-dc94,-24,21,Normal
2026-02-16 12:50:17.901840,Dubai-dc94,-25,62,Normal
2026-02-16 12:50:18.901840,Dubai-dc94,24,83,Normal
2026-02-16 12:50:19.901840,Dubai-dc94,-3,56,Normal
2026-02-16 12:50:20.901840,Dubai-dc94,-28,84,Normal
2026-02-16 12:50:21.901840,Dubai-dc94,-5,45,Normal
2026-02-16 12:50:22.901840,Dubai-dc94,19,33,Normal
2026-02-16 12:50:23.901840,Dubai-dc94,16,76,Normal
2026-02-16 12:50:24.901840,Dubai-dc94,17,56,Normal
2026-02-16 12:50:25.901840,Dubai-dc94,35,55,Normal
2026-02-16 12:50:26.901840,Dubai-dc94,33,79,Normal
2026-02-16 12:50:27.901840,Dubai-dc94,8,61,Normal
2026-02-16 12:50:28.901840,Dubai-dc94,-7,37,Normal
2026-02-16 12:50:29.901840,Dubai-dc94,-26,60,Normal
2026-02-16 12:50:30.901840,Dubai-dc94,-8,54,Normal
2026-02-16 12:50:31.901840,Dubai-dc94,25,29,Normal
2026-02-16 12:50:32.901840,Dubai-dc94,-13,28,Normal
2026-02-16 12:50:33.901840,Dubai-dc94,-5,81,Normal
2026-02-16 12:50:34.901840,Dubai-dc94,-22,7,Normal
2026-02-16 12:50:35.901840,Dubai-dc94,43,71,Normal
2026-02-16 12:50:36.901840,Dubai-dc94,42,77,Normal
2026-02-16 12:50:37.901840,Dubai-dc94,-19,31,Normal
2026-02-16 12:50:38.901840,Dubai-dc94,34,66,Normal
2026-02-16 12:50:39.901840,Dubai-dc94,39,7,Normal
2026-02-16 12:50:40.901840,Dubai-dc94,19,100,Normal
2026-02-16 12:50:41.901840,Dubai-dc94,35,43,Normal
2026-02-16 12:50:42.901840,Dubai-dc94,1,54,Normal
2026-02-16 12:50:43.901840,Dubai-dc94,11,41,Normal
2026-02-16 12:50:44.901840,Dubai-dc94,31,76,Normal
2026-02-16 12:50:45.901840,Dubai-dc94,38,79,Normal
2026-02-16 12:50:46.901840,Dubai-dc94,27,68,Normal
2026-02-16 12:50:47.901840,Dubai-dc94,36,15,Normal
2026-02-16 12:50:48.901840,Dubai-dc94,31,81,Normal
2026-02-16 12:50:49.901840,Dubai-dc94,-20,4,Normal
2026-02-16 12:50:50.901840,Dubai-dc94,48,14,Normal
2026-02-16 12:50:51.901840,Dubai-dc94,-7,1,Normal
2026-02-16 12:50:52.901840,Dubai-dc94,-29,30,Normal
2026-02-16 12:50:53.901840,Dubai-dc94,-14,41,Normal
2026-02-16 12:50:54.901840,Dubai-dc94,-2,51,Normal
2026-02-16 12:50:55.901840,Dubai-dc94,23,11,Normal
2026-02-16 12:50:56.901840,Dubai-dc94,-5,16,Normal
2026-02-16 12:50:57.901840,Dubai-dc94,-7,21,Normal
2026-02-16 12:50:58.901840,Dubai-dc94,11,45,Normal
2026-02-16 12:50:59.901840,Dubai-dc94,11,28,Normal
2026-02-16 12:51:00.901840,Dubai-dc94,1,67,Normal
2026-02-16 12:51:01.901840,Dubai-dc94,48,100,Normal
2026-02-16 12:51:02.901840,Dubai-dc94,-21,21,Normal
2026-02-16 12:51:03.901840,Dubai-dc94,13,63,Normal
2026-02-16 12:51:04.901840,Dubai-dc94,-19,3,Normal
2026-02-16 12:51:05.901840,Dubai-dc94,16,61,Normal
2026-02-16 12:51:06.901840,Dubai-dc94,-29,28,Normal
2026-02-16 12:51:07.901840,Dubai-dc94,16,24,Normal
2026-02-16 12:51:08.901840,Dubai-dc94,8,77,Normal
2026-02-16 12:51:09.901840,Dubai-dc94,34,35,Normal
2026-02-16 12:51:10.901840,Dubai-dc94,42,80,Normal
2026-02-16 12:51:11.901840,Dubai-dc94,-5,26,Normal
2026-02-16 12:51:12.901840,Dubai-dc94,49,61,Normal
2026-02-16 12:51:13.901840,Dubai-dc94,-20,17,Normal
2026-02-16 12:51:14.901840,Dubai-dc94,28,6,Normal
2026-02-16 12:51:15.901840,Dubai-dc94,6,66,Normal
2026-02-16 12:51:16.901840,Dubai-dc94,-13,38,Normal
2026-02-16 12:51:17.901840,Dubai-dc94,-20,90,Normal
2026-02-16 12:51:18.901840,Dubai-dc94,46,94,Normal
2026-02-16 12:51:19.901840,Dubai-dc94,19,74,Normal
2026-02-16 12:51:20.901840,Dubai-dc94,48,88,Normal
2026-02-16 12:51:21.901840,Dubai-dc94,22,32,Normal
2026-02-16 12:51:22.901840,Dubai-dc94,27,84,Normal
2026-02-16 12:51:23.901840,Dubai-dc94,-17,81,Normal
2026-02-16 12:51:24.901840,Dubai-dc94,-11,96,Normal
2026-02-16 12:51:25.901840,Dubai-dc94,-21,52,Normal
2026-02-16 12:51:26.901840,Dubai-dc94,4,30,Normal
2026-02-16 12:51:27.901840,Dubai-dc94,9,10,Normal
2026-02-16 12:51:28.901840,Dubai-dc94,-27,91,Normal
2026-02-16 12:51:29.901840,Dubai-dc94,28,71,Normal
2026-02-16 12:51:30.901840,Dubai-dc94,-30,55,Normal
2026-02-16 12:51:31.901840,Dubai-dc94,41,83,Normal
2026-02-16 12:51:32.901840,Dubai-dc94,32,2,Normal
2026-02-16 12:51:33.901840,Dubai-dc94,49,7,Normal
2026-02-16 12:51:34.901840,Dubai-dc94,-14,8,Normal
2026-02-16 12:51:35.901840,Dubai-dc94,41,58,Normal
2026-02-16 12:51:36.901840,Dubai-dc94,27,2,Normal
2026-02-16 12:51:37.901840,Dubai-dc94,40,16,Normal
2026-02-16 12:51:38.901840,Dubai-dc94,-16,52,Normal
2026-02-16 12:51:39.901840,Dubai-dc94,34,42,Normal
2026-02-16 12:51:40.901840,Dubai-dc94,14,57,Normal
2026-02-16 12:51:41.901840,Dubai-dc94,-2,87,Normal
2026-02-16 12:51:42.901840,Dubai-dc94,-1,90,Normal
2026-02-16 12:51:43.901840,Dubai-dc94,24,74,Normal
2026-02-16 12:51:44.901840,Dubai-dc94,1,87,Normal
2026-02-16 12:51:45.901840,Dubai-dc94,29,21,Normal
2026-02-16 12:51:46.901840,Dubai-dc94,50,13,Normal
2026-02-16 12:51:47.901840,Dubai-dc94,43,82,Normal
2026-02-16 12:51:48.901840,Dubai-dc94,-18,40,Normal
2026-02-16 12:51:49.901840,Dubai-dc94,-22,77,Normal
2026-02-16 12:51:50.901840,Dubai-dc94,-2,44,Normal
2026-02-16 12:51:51.901840,Dubai-dc94,-9,90,Normal
2026-02-16 12:51:52.901840,Dubai-dc94,31,81,Normal
2026-02-16 12:51:53.901840,Dubai-dc94,11,55,Normal
2026-02-16 12:51:54.901840,Dubai-dc94,-5,19,Normal
2026-02-16 12:51:55.901840,Dubai-dc94,-2,48,Normal
2026-02-16 12:51:56.901840,Dubai-dc94,-28,2,Normal
2026-02-16 12:51:57.901840,Dubai-dc94,30,96,Normal
2026-02-16 12:51:58.901840,Dubai-dc94,-19,20,Normal
2026-02-16 12:51:59.901840,Dubai-dc94,-20,89,Normal
2026-02-16 12:52:00.901840,Dubai-dc94,-19,49,Normal
2026-02-16 12:52:01.901840,Dubai-dc94,-6,50,Normal
2026-02-16 12:52:02.901840,Dubai-dc94,-17,46,Normal
2026-02-16 12:52:03.901840,Dubai-dc94,-20,85,Normal
2026-02-16 12:52:04.901840,Dubai-dc94,25,21,Normal
2026-02-16 12:52:05.901840,Dubai-dc94,39,73,Normal
2026-02-16 12:52:06.901840,Dubai-dc94,45,68,Normal
2026-02-16 12:52:07.901840,Dubai-dc94,3,42,Normal
2026-02-16 12:52:08.901840,Dubai-dc94,20,2,Normal
2026-02-16 12:52:09.901840,Dubai-dc94,-1,50,Normal
2026-02-16 12:52:10.901840,Dubai-dc94,22,67,Normal
2026-02-16 12:52:11.901840,Dubai-dc94,-25,59,Normal
2026-02-16 12:52:12.901840,Dubai-dc94,-15,100,Normal
2026-02-16 12:52:13.901840,Dubai-dc94,41,56,Normal
2026-02-16 12:52:14.901840,Dubai-dc94,21,35,Normal
2026-02-16 12:52:15.901840,Dubai-dc94,26,22,Normal
2026-02-16 12:52:16.901840,Dubai-dc94,39,32,Normal
2026-02-16 12:52:17.901840,Dubai-dc94,-4,99,Normal
2026-02-16 12:52:18.901840,Dubai-dc94,-29,91,Normal
2026-02-16 12:52:19.901840,Dubai-dc94,6,30,Normal
2026-02-16 12:52:20.901840,Dubai-dc94,47,22,Normal
2026-02-16 12:52:21.901840,Dubai-dc94,24,24,Normal
2026-02-16 12:52:22.901840,Dubai-dc94,34,89,Normal
2026-02-16 12:52:23.901840,Dubai-dc94,-2,12,Normal
2026-02-16 12:52:24.901840,Dubai-dc94,-1,24,Normal
2026-02-16 12:52:25.901840,Dubai-dc94,33,23,Normal
2026-02-16 12:52:26.901840,Dubai-dc94,6,22,Normal
2026-02-16 12:52:27.901840,Dubai-dc94,-1,74,Normal
2026-02-16 12:52:28.901840,Dubai-dc94,6,87,Normal
2026-02-16 12:52:29.901840,Dubai-dc94,27,85,Normal
2026-02-16 12:52:30.901840,Dubai-dc94,-20,56,Normal
2026-02-16 12:52:31.901840,Dubai-dc94,-27,78,Normal
2026-02-16 12:52:32.901840,Dubai-dc94,-27,78,Normal
2026-02-16 12:52:33.901840,Dubai-dc94,49,17,Normal
2026-02-16 12:52:34.901840,Dubai-dc94,-26,90,Normal
2026-02-16 12:52:35.901840,Dubai-dc94,44,65,Normal
2026-02-16 12:52:36.901840,Dubai-dc94,-26,96,Normal
2026-02-16 12:52:37.901840,Dubai-dc94,22,27,Normal
2026-02-16 12:52:38.901840,Dubai-dc94,30,3,Normal
2026-02-16 12:52:39.901840,Dubai-dc94,18,58,Normal
2026-02-16 12:52:40.901840,Dubai-dc94,32,70,Normal
2026-02-16 12:52:41.901840,Dubai-dc94,-6,70,Normal
2026-02-16 12:52:42.901840,Dubai-dc94,-19,2,Normal
2026-02-16 12:52:43.901840,Dubai-dc94,-7,32,Normal
2026-02-16 12:52:44.901840,Dubai-dc94,-6,87,Normal
2026-02-16 12:52:45.901840,Dubai-dc94,24,97,Normal
2026-02-16 12:52:46.901840,Dubai-dc94,-11,46,Normal
2026-02-16 12:52:47.901840,Dubai-dc94,47,71,Normal
2026-02-16 12:52:48.901840,Dubai-dc94,-1,34,Normal
2026-02-16 12:52:49.901840,Dubai-dc94,28,44,Normal
2026-02-16 12:52:50.901840,Dubai-dc94,-5,71,Normal
2026-02-16 12:52:51.901840,Dubai-dc94,9,55,Normal
2026-02-16 12:52:52.901840,Dubai-dc94,12,91,Normal
2026-02-16 12:52:53.901840,Dubai-dc94,24,73,Normal
2026-02-16 12:52:54.901840,Dubai-dc94,49,27,Normal
2026-02-16 12:52:55.901840,Dubai-dc94,6,88,Normal
2026-02-16 12:52:56.901840,Dubai-dc94,21,29,Normal
2026-02-16 12:52:57.901840,Dubai-dc94,21,22,Normal
2026-02-16 12:52:58.901840,Dubai-dc94,45,50,Normal
2026-02-16 12:52:59.901840,Dubai-dc94,8,38,Normal
2026-02-16 12:53:00.901840,Dubai-dc94,-18,32,Normal
2026-02-16 12:53:01.901840,Dubai-dc94,-13,33,Normal
2026-02-16 12:53:02.901840,Dubai-dc94,-14,78,Normal
2026-02-16 12:53:03.901840,Dubai-dc94,7,97,Normal
2026-02-16 12:53:04.901840,Dubai-dc94,-18,99,Normal
2026-02-16 12:53:05.901840,Dubai-dc94,-19,50,Normal
2026-02-16 12:53:06.901840,Dubai-dc94,-6,45,Normal
2026-02-16 12:53:07.901840,Dubai-dc94,-7,66,Normal
2026-02-16 12:53:08.901840,Dubai-dc94,-14,22,Normal
2026-02-16 12:53:09.901840,Dubai-dc94,49,2,Normal
2026-02-16 12:53:10.901840,Dubai-dc94,46,58,Normal
2026-02-16 12:53:11.901840,Dubai-dc94,-5,2,Normal
2026-02-16 12:53:12.901840,Dubai-dc94,11,47,Normal
2026-02-16 12:53:13.901840,Dubai-dc94,-26,38,Normal
2026-02-16 12:53:14.901840,Dubai-dc94,10,63,Normal
2026-02-16 12:53:15.901840,Dubai-dc94,3,62,Normal
2026-02-16 12:53:16.901840,Dubai-dc94,-26,83,Normal
2026-02-16 12:53:17.901840,Dubai-dc94,-6,56,Normal
2026-02-16 12:53:18.901840,Dubai-dc94,-14,24,Normal
2026-02-16 12:53:19.901840,Dubai-dc94,-22,35,Normal
2026-02-16 12:53:20.901840,Dubai-dc94,14,29,Normal
2026-02-16 12:53:21.901840,Dubai-dc94,-18,83,Normal
2026-02-16 12:53:22.901840,Dubai-dc94,-29,62,Normal
2026-02-16 12:53:23.901840,Dubai-dc94,44,42,Normal
2026-02-16 12:53:24.901840,Dubai-dc94,39,60,Normal
2026-02-16 12:53:25.901840,Dubai-dc94,48,84,Normal
2026-02-16 12:53:26.901840,Dubai-dc94,-4,61,Normal
2026-02-16 12:53:27.901840,Dubai-dc94,-14,88,Normal
2026-02-16 12:53:28.901840,Dubai-dc94,50,62,Normal
2026-02-16 12:53:29.901840,Dubai-dc94,40,60,Normal
2026-02-16 12:53:30.901840,Dubai-dc94,14,7,Normal
2026-02-16 12:53:31.901840,Dubai-dc94,-25,24,Normal
2026-02-16 12:53:32.901840,Dubai-dc94,35,13,Normal
2026-02-16 12:53:33.901840,Dubai-dc94,17,36,Normal
2026-02-16 12:53:34.901840,Dubai-dc94,40,17,Normal
2026-02-16 12:53:35.901840,Dubai-dc94,-1,38,Normal
2026-02-16 12:53:36.901840,Dubai-dc94,-19,63,Normal
2026-02-16 12:53:37.901840,Dubai-dc94,38,17,Normal
2026-02-16 12:53:38.901840,Dubai-dc94,40,47,Normal
2026-02-16 12:53:39.901840,Dubai-dc94,11,67,Normal
2026-02-16 12:53:40.901840,Dubai-dc94,-3,52,Normal
2026-02-16 12:53:41.901840,Dubai-dc94,-4,33,Normal
2026-02-16 12:53:42.901840,Dubai-dc94,-13,13,Normal
2026-02-16 12:53:43.901840,Dubai-dc94,-12,40,Normal
2026-02-16 12:53:44.901840,Dubai-dc94,13,39,Normal
2026-02-16 12:53:45.901840,Dubai-dc94,8,57,Normal
2026-02-16 12:53:46.901840,Dubai-dc94,-7,17,Normal
2026-02-16 12:53:47.901840,Dubai-dc94,44,14,Normal
2026-02-16 12:53:48.901840,Dubai-dc94,-24,15,Normal
2026-02-16 12:53:49.901840,Dubai-dc94,-17,62,Normal
2026-02-16 12:53:50.901840,Dubai-dc94,-15,92,Normal
2026-02-16 12:53:51.901840,Dubai-dc94,43,63,Normal
2026-02-16 12:53:52.901840,Dubai-dc94,-22,99,Normal
2026-02-16 12:53:53.901840,Dubai-dc94,-1,59,Normal
2026-02-16 12:53:54.901840,Dubai-dc94,-21,6,Normal
2026-02-16 12:53:55.901840,Dubai-dc94,50,100,Normal
2026-02-16 12:53:56.901840,Dubai-dc94,47,92,Normal
2026-02-16 12:53:57.901840,Dubai-dc94,-27,22,Normal
2026-02-16 12:53:58.901840,Dubai-dc94,8,44,Normal
2026-02-16 12:53:59.901840,Dubai-dc94,19,6,Normal
2026-02-16 12:54:00.901840,Dubai-dc94,10,95,Normal
2026-02-16 12:54:01.901840,Dubai-dc94,-24,87,Normal
2026-02-16 12:54:02.901840,Dubai-dc94,9,22,Normal
2026-02-16 12:54:03.901840,Dubai-dc94,2,24,Normal
2026-02-16 12:54:04.901840,Dubai-dc94,19,79,Normal
2026-02-16 12:54:05.901840,Dubai-dc94,-30,33,Normal
2026-02-16 12:54:06.901840,Dubai-dc94,48,26,Normal
2026-02-16 12:54:07.901840,Dubai-dc94,10,13,Normal
2026-02-16 12:54:08.901840,Dubai-dc94,44,89,Normal
2026-02-16 12:54:09.901840,Dubai-dc94,1,1,Normal
2026-02-16 12:54:10.901840,Dubai-dc94,44,41,Normal
2026-02-16 12:54:11.901840,Dubai-dc94,-8,32,Normal
2026-02-16 12:54:12.901840,Dubai-dc94,-5,25,Normal
2026-02-16 12:54:13.901840,Dubai-dc94,-23,99,Normal
2026-02-16 12:54:14.901840,Dubai-dc94,25,28,Normal
2026-02-16 12:54:15.901840,Dubai-dc94,-7,100,Normal
2026-02-16 12:54:16.901840,Dubai-dc94,39,51,Normal
2026-02-16 12:54:17.901840,Dubai-dc94,14,45,Normal
2026-02-16 12:54:18.901840,Dubai-dc94,-7,77,Normal
2026-02-16 12:54:19.901840,Dubai-dc94,16,68,Normal
2026-02-16 12:54:20.901840,Dubai-dc94,12,79,Normal
2026-02-16 12:54:21.901840,Dubai-dc94,-25,59,Normal
2026-02-16 12:54:22.901840,Dubai-dc94,26,59,Normal
2026-02-16 12:54:23.901840,Dubai-dc94,36,58,Normal
2026-02-16 12:54:24.901840,Dubai-dc94,-8,40,Normal
2026-02-16 12:54:25.901840,Dubai-dc94,-7,16,Normal
2026-02-16 12:54:26.901840,Dubai-dc94,8,11,Normal
2026-02-16 12:54:27.901840,Dubai-dc94,-11,0,Normal
2026-02-16 12:54:28.901840,Dubai-dc94,-14,71,Normal
2026-02-16 12:54:29.901840,Dubai-dc94,-15,74,Normal
2026-02-16 12:54:30.901840,Dubai-dc94,40,98,Normal
2026-02-16 12:54:31.901840,Dubai-dc94,8,11,Normal
2026-02-16 12:54:32.901840,Dubai-dc94,-14,56,Normal
2026-02-16 12:54:33.901840,Dubai-dc94,-3,62,Normal
2026-02-16 12:54:34.901840,Dubai-dc94,-24,91,Normal
2026-02-16 12:54:35.901840,Dubai-dc94,22,46,Normal
2026-02-16 12:54:36.901840,Dubai-dc94,43,89,Normal
2026-02-16 12:54:37.901840,Dubai-dc94,34,86,Normal
2026-02-16 12:54:38.901840,Dubai-dc94,31,10,Normal
2026-02-16 12:54:39.901840,Dubai-dc94,22,58,Normal
2026-02-16 12:54:40.901840,Dubai-dc94,24,35,Normal
2026-02-16 12:54:41.901840,Dubai-dc94,-20,61,Normal
2026-02-16 12:54:42.901840,Dubai-dc94,-14,24,Normal
2026-02-16 12:54:43.901840,Dubai-dc94,-15,2,Normal
2026-02-16 12:54:44.901840,Dubai-dc94,17,13,Normal
2026-02-16 12:54:45.901840,Dubai-dc94,-18,61,Normal
2026-02-16 12:54:46.901840,Dubai-dc94,-6,51,Normal
2026-02-16 12:54:47.901840,Dubai-dc94,-16,91,Normal
2026-02-16 12:54:48.901840,Dubai-dc94,48,66,Normal
2026-02-16 12:54:49.901840,Dubai-dc94,18,79,Normal
2026-02-16 12:54:50.901840,Dubai-dc94,-12,6,Normal
2026-02-16 12:54:51.901840,Dubai-dc94,21,65,Normal
2026-02-16 12:54:52.901840,Dubai-dc94,27,12,Normal
2026-02-16 12:54:53.901840,Dubai-dc94,0,60,Normal
2026-02-16 12:54:54.901840,Dubai-dc94,6,25,Normal
2026-02-16 12:54:55.901840,Dubai-dc94,23,10,Normal
2026-02-16 12:54:56.901840,Dubai-dc94,18,26,Normal
2026-02-16 12:54:57.901840,Dubai-dc94,2,65,Normal
2026-02-16 12:54:58.901840,Dubai-dc94,-5,29,Normal
2026-02-16 12:54:59.901840,Dubai-dc94,35,73,Normal
2026-02-16 12:55:00.901840,Dubai-dc94,-15,90,Normal
2026-02-16 12:55:01.901840,Dubai-dc94,40,15,Normal
2026-02-16 12:55:02.901840,Dubai-dc94,35,19,Normal
2026-02-16 12:55:03.901840,Dubai-dc94,23,30,Normal
2026-02-16 12:55:04.901840,Dubai-dc94,-7,14,Normal
2026-02-16 12:55:05.901840,Dubai-dc94,-2,68,Normal
2026-02-16 12:55:06.901840,Dubai-dc94,46,44,Normal
2026-02-16 12:55:07.901840,Dubai-dc94,-1,68,Normal
2026-02-16 12:55:08.901840,Dubai-dc94,5,25,Normal
2026-02-16 12:55:09.901840,Dubai-dc94,14,92,Normal
2026-02-16 12:55:10.901840,Dubai-dc94,18,60,Normal
2026-02-16 12:55:11.901840,Dubai-dc94,-5,97,Normal
2026-02-16 12:55:12.901840,Dubai-dc94,8,18,Normal
2026-02-16 12:55:13.901840,Dubai-dc94,2,18,Normal
2026-02-16 12:55:14.901840,Dubai-dc94,-14,29,Normal
2026-02-16 12:55:15.901840,Dubai-dc94,50,67,Normal
2026-02-16 12:55:16.901840,Dubai-dc94,50,56,Normal
2026-02-16 12:55:17.901840,Dubai-dc94,-17,98,Normal
2026-02-16 12:55:18.901840,Dubai-dc94,40,55,Normal
2026-02-16 12:55:19.901840,Dubai-dc94,11,34,Normal
2026-02-16 12:55:20.901840,Dubai-dc94,22,51,Normal
2026-02-16 12:55:21.901840,Dubai-dc94,-27,69,Normal
2026-02-16 12:55:22.901840,Dubai-dc94,-27,62,Normal
2026-02-16 12:55:23.901840,Dubai-dc94,7,88,Normal
2026-02-16 12:55:24.901840,Dubai-dc94,30,66,Normal
2026-02-16 12:55:25.901840,Dubai-dc94,31,99,Normal
2026-02-16 12:55:26.901840,Dubai-dc94,2,12,Normal
2026-02-16 12:55:27.901840,Dubai-dc94,0,32,Normal
2026-02-16 12:55:28.901840,Dubai-dc94,49,81,Normal
2026-02-16 12:55:29.901840,Dubai-dc94,-13,11,Normal
2026-02-16 12:55:30.901840,Dubai-dc94,-15,7,Normal
2026-02-16 12:55:31.901840,Dubai-dc94,19,40,Normal
2026-02-16 12:55:32.901840,Dubai-dc94,-14,58,Normal
2026-02-16 12:55:33.901840,Dubai-dc94,15,60,Normal
2026-02-16 12:55:34.901840,Dubai-dc94,30,77,Normal
2026-02-16 12:55:35.901840,Dubai-dc94,45,16,Normal
2026-02-16 12:55:36.901840,Dubai-dc94,17,61,Normal
2026-02-16 12:55:37.901840,Dubai-dc94,-29,25,Normal
2026-02-16 12:55:38.901840,Dubai-dc94,5,77,Normal
2026-02-16 12:55:39.901840,Dubai-dc94,14,22,Normal
2026-02-16 12:55:40.901840,Dubai-dc94,15,95,Normal
2026-02-16 12:55:41.901840,Dubai-dc94,-23,89,Normal
2026-02-16 12:55:42.901840,Dubai-dc94,29,35,Normal
2026-02-16 12:55:43.901840,Dubai-dc94,-1,83,Normal
2026-02-16 12:55:44.901840,Dubai-dc94,21,95,Normal
2026-02-16 12:55:45.901840,Dubai-dc94,31,36,Normal
2026-02-16 12:55:46.901840,Dubai-dc94,-25,56,Normal
2026-02-16 12:55:47.901840,Dubai-dc94,-3,16,Normal
2026-02-16 12:55:48.901840,Dubai-dc94,50,56,Normal
2026-02-16 12:55:49.901840,Dubai-dc94,46,73,Normal
2026-02-16 12:55:50.901840,Dubai-dc94,5,64,Normal
2026-02-16 12:55:51.901840,Dubai-dc94,16,22,Normal
2026-02-16 12:55:52.901840,Dubai-dc94,-23,54,Normal
2026-02-16 12:55:53.901840,Dubai-dc94,27,94,Normal
2026-02-16 12:55:54.901840,Dubai-dc94,-11,92,Normal
2026-02-16 12:55:55.901840,Dubai-dc94,-18,49,Normal
2026-02-16 12:55:56.901840,Dubai-dc94,13,2,Normal
2026-02-16 12:55:57.901840,Dubai-dc94,27,57,Normal
2026-02-16 12:55:58.901840,Dubai-dc94,26,47,Normal
2026-02-16 12:55:59.901840,Dubai-dc94,-14,54,Normal
2026-02-16 12:56:00.901840,Dubai-dc94,-4,97,Normal
2026-02-16 12:56:01.901840,Dubai-dc94,34,36,Normal
2026-02-16 12:56:02.901840,Dubai-dc94,32,2,Normal
2026-02-16 12:56:03.901840,Dubai-dc94,8,83,Normal
2026-02-16 12:56:04.901840,Dubai-dc94,13,2,Normal
2026-02-16 12:56:05.901840,Dubai-dc94,0,61,Normal
2026-02-16 12:56:06.901840,Dubai-dc94,7,78,Normal
2026-02-16 12:56:07.901840,Dubai-dc94,30,45,Normal
2026-02-16 12:56:08.901840,Dubai-dc94,44,95,Normal
2026-02-16 12:56:09.901840,Dubai-dc94,31,15,Normal
2026-02-16 12:56:10.901840,Dubai-dc94,-11,2,Normal
2026-02-16 12:56:11.901840,Dubai-dc94,-8,59,Normal
2026-02-16 12:56:12.901840,Dubai-dc94,-19,98,Normal
2026-02-16 12:56:13.901840,Dubai-dc94,27,24,Normal
2026-02-16 12:56:14.901840,Dubai-dc94,35,9,Normal
2026-02-16 12:56:15.901840,Dubai-dc94,34,63,Normal
2026-02-16 12:56:16.901840,Dubai-dc94,-20,28,Normal
2026-02-16 12:56:17.901840,Dubai-dc94,-2,41,Normal
2026-02-16 12:56:18.901840,Dubai-dc94,29,55,Normal
2026-02-16 12:56:19.901840,Dubai-dc94,15,85,Normal
2026-02-16 12:56:20.901840,Dubai-dc94,21,30,Normal
2026-02-16 12:56:21.901840,Dubai-dc94,39,22,Normal
2026-02-16 12:56:22.901840,Dubai-dc94,25,54,Normal
2026-02-16 12:56:23.901840,Dubai-dc94,-9,31,Normal
2026-02-16 12:56:24.901840,Dubai-dc94,-14,79,Normal
2026-02-16 12:56:25.901840,Dubai-dc94,28,80,Normal
2026-02-16 12:56:26.901840,Dubai-dc94,45,21,Normal
2026-02-16 12:56:27.901840,Dubai-dc94,-29,64,Normal
2026-02-16 12:56:28.901840,Dubai-dc94,-18,57,Normal
2026-02-16 12:56:29.901840,Dubai-dc94,23,33,Normal
2026-02-16 12:56:30.901840,Dubai-dc94,-25,53,Normal
2026-02-16 12:56:31.901840,Dubai-dc94,41,81,Normal
2026-02-16 12:56:32.901840,Dubai-dc94,23,71,Normal
2026-02-16 12:56:33.901840,Dubai-dc94,13,5,Normal
2026-02-16 12:56:34.901840,Dubai-dc94,45,81,Normal
2026-02-16 12:56:35.901840,Dubai-dc94,-30,23,Normal
2026-02-16 12:56:36.901840,Dubai-dc94,47,13,Normal
2026-02-16 12:56:37.901840,Dubai-dc94,46,80,Normal
2026-02-16 12:56:38.901840,Dubai-dc94,-4,6,Normal
2026-02-16 12:56:39.901840,Dubai-dc94,38,64,Normal
2026-02-16 12:56:40.901840,Dubai-dc94,31,91,Normal
2026-02-16 12:56:41.901840,Dubai-dc94,29,7,Normal
2026-02-16 12:56:42.901840,Dubai-dc94,24,6,Normal
2026-02-16 12:56:43.901840,Dubai-dc94,-10,69,Normal
2026-02-16 12:56:44.901840,Dubai-dc94,12,37,Normal
2026-02-16 12:56:45.901840,Dubai-dc94,33,38,Normal
2026-02-16 12:56:46.901840,Dubai-dc94,3,70,Normal
2026-02-16 12:56:47.901840,Dubai-dc94,32,83,Normal
2026-02-16 12:56:48.901840,Dubai-dc94,42,42,Normal
2026-02-16 12:56:49.901840,Dubai-dc94,22,86,Normal
2026-02-16 12:56:50.901840,Dubai-dc94,7,49,Normal
2026-02-16 12:56:51.901840,Dubai-dc94,-28,64,Normal
2026-02-16 12:56:52.901840,Dubai-dc94,26,5,Normal
2026-02-16 12:56:53.901840,Dubai-dc94,49,16,Normal
2026-02-16 12:56:54.901840,Dubai-dc94,18,38,Normal
2026-02-16 12:56:55.901840,Dubai-dc94,2,11,Normal
2026-02-16 12:56:56.901840,Dubai-dc94,37,35,Normal
2026-02-16 12:56:57.901840,Dubai-dc94,17,79,Normal
2026-02-16 12:56:58.901840,Dubai-dc94,47,41,Normal
2026-02-16 12:56:59.901840,Dubai-dc94,-5,93,Normal
2026-02-16 12:57:00.901840,Dubai-dc94,48,45,Normal
2026-02-16 12:57:01.901840,Dubai-dc94,13,29,Normal
2026-02-16 12:57:02.901840,Dubai-dc94,-25,5,Normal
2026-02-16 12:57:03.901840,Dubai-dc94,40,25,Normal
2026-02-16 12:57:04.901840,Dubai-dc94,36,56,Normal
2026-02-16 12:57:05.901840,Dubai-dc94,-19,54,Normal
2026-02-16 12:57:06.901840,Dubai-dc94,37,74,Normal
2026-02-16 12:57:07.901840,Dubai-dc94,10,14,Normal
2026-02-16 12:57:08.901840,Dubai-dc94,35,4,Normal
2026-02-16 12:57:09.901840,Dubai-dc94,-25,33,Normal
2026-02-16 12:57:10.901840,Dubai-dc94,-21,33,Normal
2026-02-16 12:57:11.901840,Dubai-dc94,24,65,Normal
2026-02-16 12:57:12.901840,Dubai-dc94,21,35,Normal
2026-02-16 12:57:13.901840,Dubai-dc94,43,56,Normal
2026-02-16 12:57:14.901840,Dubai-dc94,18,96,Normal
2026-02-16 12:57:15.901840,Dubai-dc94,-26,26,Normal
2026-02-16 12:57:16.901840,Dubai-dc94,35,9,Normal
2026-02-16 12:57:17.901840,Dubai-dc94,-26,9,Normal
2026-02-16 12:57:18.901840,Dubai-dc94,44,80,Normal
2026-02-16 12:57:19.901840,Dubai-dc94,-8,67,Normal
2026-02-16 12:57:20.901840,Dubai-dc94,15,62,Normal
2026-02-16 12:57:21.901840,Dubai-dc94,-29,0,Normal
2026-02-16 12:57:22.901840,Dubai-dc94,-11,42,Normal
2026-02-16 12:57:23.901840,Dubai-dc94,-27,53,Normal
2026-02-16 12:57:24.901840,Dubai-dc94,-24,46,Normal
2026-02-16 12:57:25.901840,Dubai-dc94,25,19,Normal
2026-02-16 12:57:26.901840,Dubai-dc94,11,28,Normal
2026-02-16 12:57:27.901840,Dubai-dc94,-11,8,Normal
2026-02-16 12:57:28.901840,Dubai-dc94,2,15,Normal
2026-02-16 12:57:29.901840,Dubai-dc94,42,9,Normal
2026-02-16 12:57:30.901840,Dubai-dc94,15,10,Normal
2026-02-16 12:57:31.901840,Dubai-dc94,3,91,Normal
2026-02-16 12:57:32.901840,Dubai-dc94,-12,74,Normal
2026-02-16 12:57:33.901840,Dubai-dc94,7,60,Normal
2026-02-16 12:57:34.901840,Dubai-dc94,8,73,Normal
2026-02-16 12:57:35.901840,Dubai-dc94,0,33,Normal
2026-02-16 12:57:36.901840,Dubai-dc94,19,70,Normal
2026-02-16 12:57:37.901840,Dubai-dc94,7,80,Normal
2026-02-16 12:57:38.901840,Dubai-dc94,-29,1,Normal
2026-02-16 12:57:39.901840,Dubai-dc94,41,86,Normal
2026-02-16 12:57:40.901840,Dubai-dc94,-7,60,Normal
2026-02-16 12:57:41.901840,Dubai-dc94,47,78,Normal
2026-02-16 12:57:42.901840,Dubai-dc94,5,65,Normal
2026-02-16 12:57:43.901840,Dubai-dc94,18,59,Normal
2026-02-16 12:57:44.901840,Dubai-dc94,-22,96,Normal
2026-02-16 12:57:45.901840,Dubai-dc94,-25,67,Normal
2026-02-16 12:57:46.901840,Dubai-dc94,-8,92,Normal
2026-02-16 12:57:47.901840,Dubai-dc94,34,35,Normal
2026-02-16 12:57:48.901840,Dubai-dc94,41,57,Normal
2026-02-16 12:57:49.901840,Dubai-dc94,-1,8,Normal
2026-02-16 12:57:50.901840,Dubai-dc94,-8,83,Normal
2026-02-16 12:57:51.901840,Dubai-dc94,45,12,Normal
2026-02-16 12:57:52.901840,Dubai-dc94,46,62,Normal
2026-02-16 12:57:53.901840,Dubai-dc94,-13,20,Normal
2026-02-16 12:57:54.901840,Dubai-dc94,-11,66,Normal
2026-02-16 12:57:55.901840,Dubai-dc94,-14,82,Normal
2026-02-16 12:57:56.901840,Dubai-dc94,13,25,Normal
2026-02-16 12:57:57.901840,Dubai-dc94,11,34,Normal
2026-02-16 12:57:58.901840,Dubai-dc94,-21,35,Normal
2026-02-16 12:57:59.901840,Dubai-dc94,12,66,Normal
2026-02-16 12:58:00.901840,Dubai-dc94,10,2,Normal
2026-02-16 12:58:01.901840,Dubai-dc94,-4,59,Normal
2026-02-16 12:58:02.901840,Dubai-dc94,12,35,Normal
2026-02-16 12:58:03.901840,Dubai-dc94,-22,54,Normal
2026-02-16 12:58:04.901840,Dubai-dc94,16,100,Normal
2026-02-16 12:58:05.901840,Dubai-dc94,25,4,Normal
2026-02-16 12:58:06.901840,Dubai-dc94,23,30,Normal
2026-02-16 12:58:07.901840,Dubai-dc94,-27,30,Normal
2026-02-16 12:58:08.901840,Dubai-dc94,36,62,Normal
2026-02-16 12:58:09.901840,Dubai-dc94,31,55,Normal
2026-02-16 12:58:10.901840,Dubai-dc94,37,64,Normal
2026-02-16 12:58:11.901840,Dubai-dc94,10,30,Normal
2026-02-16 12:58:12.901840,Dubai-dc94,23,100,Normal
2026-02-16 12:58:13.901840,Dubai-dc94,12,60,Normal
2026-02-16 12:58:14.901840,Dubai-dc94,7,29,Normal
2026-02-16 12:58:15.901840,Dubai-dc94,46,17,Normal
2026-02-16 12:58:16.901840,Dubai-dc94,48,23,Normal
2026-02-16 12:58:17.901840,Dubai-dc94,-11,60,Normal
2026-02-16 12:58:18.901840,Dubai-dc94,-24,3,Normal
2026-02-16 12:58:19.901840,Dubai-dc94,16,45,Normal
2026-02-16 12:58:20.901840,Dubai-dc94,-19,58,Normal
2026-02-16 12:58:21.901840,Dubai-dc94,12,73,Normal
2026-02-16 12:58:22.901840,Dubai-dc94,22,10,Normal
2026-02-16 12:58:23.901840,Dubai-dc94,15,25,Normal
2026-02-16 12:58:24.901840,Dubai-dc94,40,13,Normal
2026-02-16 12:58:25.901840,Dubai-dc94,-5,92,Normal
2026-02-16 12:58:26.901840,Dubai-dc94,30,35,Normal
2026-02-16 12:58:27.901840,Dubai-dc94,19,89,Normal
2026-02-16 12:58:28.901840,Dubai-dc94,38,64,Normal
2026-02-16 12:58:29.901840,Dubai-dc94,29,87,Normal
2026-02-16 12:58:30.901840,Dubai-dc94,-18,33,Normal
2026-02-16 12:58:31.901840,Dubai-dc94,11,7,Normal
2026-02-16 12:58:32.901840,Dubai-dc94,14,8,Normal
2026-02-16 12:58:33.901840,Dubai-dc94,-6,29,Normal
2026-02-16 12:58:34.901840,Dubai-dc94,38,24,Normal
2026-02-16 12:58:35.901840,Dubai-dc94,38,100,Normal
2026-02-16 12:58:36.901840,Dubai-dc94,4,6,Normal
2026-02-16 12:58:37.901840,Dubai-dc94,-23,36,Normal
2026-02-16 12:58:38.901840,Dubai-dc94,-18,15,Normal
2026-02-16 12:58:39.901840,Dubai-dc94,48,21,Normal
2026-02-16 12:58:40.901840,Dubai-dc94,39,0,Normal
2026-02-16 12:58:41.901840,Dubai-dc94,-6,64,Normal
2026-02-16 12:58:42.901840,Dubai-dc94,44,44,Normal
2026-02-16 12:58:43.901840,Dubai-dc94,42,85,Normal
2026-02-16 12:58:44.901840,Dubai-dc94,24,13,Normal
2026-02-16 12:58:45.901840,Dubai-dc94,0,16,Normal
2026-02-16 12:58:46.901840,Dubai-dc94,-11,16,Normal
2026-02-16 12:58:47.901840,Dubai-dc94,41,25,Normal
2026-02-16 12:58:48.901840,Dubai-dc94,-2,59,Normal
2026-02-16 12:58:49.901840,Dubai-dc94,-2,21,Normal
2026-02-16 12:58:50.901840,Dubai-dc94,-14,80,Normal
2026-02-16 12:58:51.901840,Dubai-dc94,-11,71,Normal
2026-02-16 12:58:52.901840,Dubai-dc94,17,94,Normal
2026-02-16 12:58:53.901840,Dubai-dc94,49,82,Normal
2026-02-16 12:58:54.901840,Dubai-dc94,5,90,Normal
2026-02-16 12:58:55.901840,Dubai-dc94,19,34,Normal
2026-02-16 12:58:56.901840,Dubai-dc94,-7,13,Normal
2026-02-16 12:58:57.901840,Dubai-dc94,-19,19,Normal
2026-02-16 12:58:58.901840,Dubai-dc94,21,83,Normal
2026-02-16 12:58:59.901840,Dubai-dc94,-9,37,Normal
2026-02-16 12:59:00.901840,Dubai-dc94,-22,90,Normal
2026-02-16 12:59:01.901840,Dubai-dc94,-11,69,Normal
2026-02-16 12:59:02.901840,Dubai-dc94,-6,24,Normal
2026-02-16 12:59:03.901840,Dubai-dc94,16,20,Normal
2026-02-16 12:59:04.901840,Dubai-dc94,-6,31,Normal
2026-02-16 12:59:05.901840,Dubai-dc94,-17,24,Normal
2026-02-16 12:59:06.901840,Dubai-dc94,-18,94,Normal
2026-02-16 12:59:07.901840,Dubai-dc94,-18,82,Normal
2026-02-16 12:59:08.901840,Dubai-dc94,-13,52,Normal
2026-02-16 12:59:09.901840,Dubai-dc94,-30,23,Normal
2026-02-16 12:59:10.901840,Dubai-dc94,42,92,Normal
2026-02-16 12:59:11.901840,Dubai-dc94,-25,67,Normal
2026-02-16 12:59:12.901840,Dubai-dc94,1,17,Normal
2026-02-16 12:59:13.901840,Dubai-dc94,43,41,Normal
2026-02-16 12:59:14.901840,Dubai-dc94,-28,81,Normal
2026-02-16 12:59:15.901840,Dubai-dc94,-20,60,Normal
2026-02-16 12:59:16.901840,Dubai-dc94,41,9,Normal
2026-02-16 12:59:17.901840,Dubai-dc94,17,12,Normal
2026-02-16 12:59:18.901840,Dubai-dc94,-26,74,Normal
2026-02-16 12:59:19.901840,Dubai-dc94,19,78,Normal
2026-02-16 12:59:20.901840,Dubai-dc94,12,11,Normal
2026-02-16 12:59:21.901840,Dubai-dc94,2,9,Normal
2026-02-16 12:59:22.901840,Dubai-dc94,-13,35,Normal
2026-02-16 12:59:23.901840,Dubai-dc94,-4,2,Normal
2026-02-16 12:59:24.901840,Dubai-dc94,22,67,Normal
2026-02-16 12:59:25.901840,Dubai-dc94,-28,93,Normal
2026-02-16 12:59:26.901840,Dubai-dc94,5,25,Normal
2026-02-16 12:59:27.901840,Dubai-dc94,33,22,Normal
2026-02-16 12:59:28.901840,Dubai-dc94,-24,47,Normal
2026-02-16 12:59:29.901840,Dubai-dc94,-28,67,Normal
2026-02-16 12:59:30.901840,Dubai-dc94,-28,87,Normal
2026-02-16 12:59:31.901840,Dubai-dc94,18,0,Normal
2026-02-16 12:59:32.901840,Dubai-dc94,8,31,Normal
2026-02-16 12:59:33.901840,Dubai-dc94,24,68,Normal
2026-02-16 12:59:34.901840,Dubai-dc94,-14,25,Normal
2026-02-16 12:59:35.901840,Dubai-dc94,-13,23,Normal
2026-02-16 12:59:36.901840,Dubai-dc94,-26,87,Normal
2026-02-16 12:59:37.901840,Dubai-dc94,-19,62,Normal
2026-02-16 12:59:38.901840,Dubai-dc94,5,83,Normal
2026-02-16 12:59:39.901840,Dubai-dc94,-10,68,Normal
2026-02-16 12:59:40.901840,Dubai-dc94,-22,46,Normal
2026-02-16 12:59:41.901840,Dubai-dc94,-23,89,Normal
2026-02-16 12:59:42.901840,Dubai-dc94,20,31,Normal
2026-02-16 12:59:43.901840,Dubai-dc94,-14,68,Normal
2026-02-16 12:59:44.901840,Dubai-dc94,10,21,Normal
2026-02-16 12:59:45.901840,Dubai-dc94,22,71,Normal
2026-02-16 12:59:46.901840,Dubai-dc94,18,76,Normal
2026-02-16 12:59:47.901840,Dubai-dc94,11,81,Normal
2026-02-16 12:59:48.901840,Dubai-dc94,-7,21,Normal
2026-02-16 12:59:49.901840,Dubai-dc94,-20,4,Normal
2026-02-16 12:59:50.901840,Dubai-dc94,21,41,Normal
2026-02-16 12:59:51.901840,Dubai-dc94,-11,56,Normal
2026-02-16 12:59:52.901840,Dubai-dc94,-6,22,Normal
2026-02-16 12:59:53.901840,Dubai-dc94,-7,80,Normal
2026-02-16 12:59:54.901840,Dubai-dc94,43,42,Normal
2026-02-16 12:59:55.901840,Dubai-dc94,8,40,Normal
2026-02-16 12:59:56.901840,Dubai-dc94,43,32,Normal
2026-02-16 12:59:57.901840,Dubai-dc94,13,38,Normal
2026-02-16 12:59:58.901840,Dubai-dc94,22,84,Normal
2026-02-16 12:59:59.901840,Dubai-dc94,38,91,Normal
2026-02-16 13:00:00.901840,Dubai-dc94,-28,38,Normal
2026-02-16 13:00:01.901840,Dubai-dc94,-28,5,Normal
2026-02-16 13:00:02.901840,Dubai-dc94,-27,78,Normal
2026-02-16 13:00:03.901840,Dubai-dc94,24,39,Normal
2026-02-16 13:00:04.901840,Dubai-dc94,-16,68,Normal
2026-02-16 13:00:05.901840,Dubai-dc94,-8,71,Normal
2026-02-16 13:00:06.901840,Dubai-dc94,-8,44,Normal
2026-02-16 13:00:07.901840,Dubai-dc94,19,82,Normal
2026-02-16 13:00:08.901840,Dubai-dc94,8,92,Normal
2026-02-16 13:00:09.901840,Dubai-dc94,29,42,Normal
2026-02-16 13:00:10.901840,Dubai-dc94,24,90,Normal
2026-02-16 13:00:11.901840,Dubai-dc94,19,0,Normal
2026-02-16 13:00:12.901840,Dubai-dc94,26,22,Normal
2026-02-16 13:00:13.901840,Dubai-dc94,30,79,Normal
2026-02-16 13:00:14.901840,Dubai-dc94,-11,57,Normal
2026-02-16 13:00:15.901840,Dubai-dc94,42,28,Normal
2026-02-16 13:00:16.901840,Dubai-dc94,20,44,Normal
2026-02-16 13:00:17.901840,Dubai-dc94,36,6,Normal
2026-02-16 13:00:18.901840,Dubai-dc94,-12,51,Normal
2026-02-16 13:00:19.901840,Dubai-dc94,48,15,Normal
2026-02-16 13:00:20.901840,Dubai-dc94,-13,1,Normal
2026-02-16 13:00:21.901840,Dubai-dc94,1,1,Normal
2026-02-16 13:00:22.901840,Dubai-dc94,-21,18,Normal
2026-02-16 13:00:23.901840,Dubai-dc94,-4,31,Normal
2026-02-16 13:00:24.901840,Dubai-dc94,17,19,Normal
2026-02-16 13:00:25.901840,Dubai-dc94,-17,40,Normal
2026-02-16 13:00:26.901840,Dubai-dc94,-25,10,Normal
2026-02-16 13:00:27.901840,Dubai-dc94,34,9,Normal
2026-02-16 13:00:28.901840,Dubai-dc94,22,74,Normal
2026-02-16 13:00:29.901840,Dubai-dc94,11,59,Normal
2026-02-16 13:00:30.901840,Dubai-dc94,-11,14,Normal
2026-02-16 13:00:31.901840,Dubai-dc94,43,60,Normal
2026-02-16 13:00:32.901840,Dubai-dc94,13,11,Normal
2026-02-16 13:00:33.901840,Dubai-dc94,36,25,Normal
2026-02-16 13:00:34.901840,Dubai-dc94,-18,7,Normal
2026-02-16 13:00:35.901840,Dubai-dc94,32,100,Normal
2026-02-16 13:00:36.901840,Dubai-dc94,15,18,Normal
2026-02-16 13:00:37.901840,Dubai-dc94,-10,6,Normal
2026-02-16 13:00:38.901840,Dubai-dc94,26,55,Normal
2026-02-16 13:00:39.901840,Dubai-dc94,31,7,Normal
2026-02-16 13:00:40.901840,Dubai-dc94,25,66,Normal
2026-02-16 13:00:41.901840,Dubai-dc94,40,98,Normal
2026-02-16 13:00:42.901840,Dubai-dc94,5,26,Normal
2026-02-16 13:00:43.901840,Dubai-dc94,36,34,Normal
2026-02-16 13:00:44.901840,Dubai-dc94,-15,90,Normal
2026-02-16 13:00:45.901840,Dubai-dc94,-25,86,Normal
2026-02-16 13:00:46.901840,Dubai-dc94,3,60,Normal
2026-02-16 13:00:47.901840,Dubai-dc94,49,93,Normal
2026-02-16 13:00:48.901840,Dubai-dc94,30,8,Normal
2026-02-16 13:00:49.901840,Dubai-dc94,1,31,Normal
2026-02-16 13:00:50.901840,Dubai-dc94,4,11,Normal
2026-02-16 13:00:51.901840,Dubai-dc94,-10,86,Normal
2026-02-16 13:00:52.901840,Dubai-dc94,-18,86,Normal
2026-02-16 13:00:53.901840,Dubai-dc94,11,19,Normal
2026-02-16 13:00:54.901840,Dubai-dc94,-20,77,Normal
2026-02-16 13:00:55.901840,Dubai-dc94,39,38,Normal
2026-02-16 13:00:56.901840,Dubai-dc94,-27,21,Normal
2026-02-16 13:00:57.901840,Dubai-dc94,34,64,Normal
2026-02-16 13:00:58.901840,Dubai-dc94,18,94,Normal
2026-02-16 13:00:59.901840,Dubai-dc94,39,87,Normal
2026-02-16 13:01:00.901840,Dubai-dc94,29,73,Normal
2026-02-16 13:01:01.901840,Dubai-dc94,1,28,Normal
2026-02-16 13:01:02.901840,Dubai-dc94,-16,27,Normal
2026-02-16 13:01:03.901840,Dubai-dc94,-6,1,Normal
2026-02-16 13:01:04.901840,Dubai-dc94,20,45,Normal
2026-02-16 13:01:05.901840,Dubai-dc94,-12,25,Normal
2026-02-16 13:01:06.901840,Dubai-dc94,26,31,Normal
2026-02-16 13:01:07.901840,Dubai-dc94,-16,0,Normal
2026-02-16 13:01:08.901840,Dubai-dc94,-10,63,Normal
2026-02-16 13:01:09.901840,Dubai-dc94,24,76,Normal
2026-02-16 13:01:10.901840,Dubai-dc94,-16,16,Normal
2026-02-16 13:01:11.901840,Dubai-dc94,50,21,Normal
2026-02-16 13:01:12.901840,Dubai-dc94,42,3,Normal
2026-02-16 13:01:13.901840,Dubai-dc94,15,29,Normal
2026-02-16 13:01:14.901840,Dubai-dc94,22,37,Normal
2026-02-16 13:01:15.901840,Dubai-dc94,-6,31,Normal
2026-02-16 13:01:16.901840,Dubai-dc94,-20,99,Normal
2026-02-16 13:01:17.901840,Dubai-dc94,18,95,Normal
2026-02-16 13:01:18.901840,Dubai-dc94,-26,2,Normal
2026-02-16 13:01:19.901840,Dubai-dc94,-2,76,Normal
2026-02-16 13:01:20.901840,Dubai-dc94,5,39,Normal
2026-02-16 13:01:21.901840,Dubai-dc94,-25,99,Normal
2026-02-16 13:01:22.901840,Dubai-dc94,-11,84,Normal
2026-02-16 13:01:23.901840,Dubai-dc94,45,73,Normal
2026-02-16 13:01:24.901840,Dubai-dc94,8,24,Normal
2026-02-16 13:01:25.901840,Dubai-dc94,28,46,Normal
2026-02-16 13:01:26.901840,Dubai-dc94,-13,61,Normal
2026-02-16 13:01:27.901840,Dubai-dc94,-19,49,Normal
2026-02-16 13:01:28.901840,Dubai-dc94,5,47,Normal
2026-02-16 13:01:29.901840,Dubai-dc94,37,66,Normal
2026-02-16 13:01:30.901840,Dubai-dc94,-16,74,Normal
2026-02-16 13:01:31.901840,Dubai-dc94,-30,86,Normal
2026-02-16 13:01:32.901840,Dubai-dc94,23,14,Normal
2026-02-16 13:01:33.901840,Dubai-dc94,-15,36,Normal
2026-02-16 13:01:34.901840,Dubai-dc94,-13,10,Normal
2026-02-16 13:01:35.901840,Dubai-dc94,9,62,Normal
2026-02-16 13:01:36.901840,Dubai-dc94,-1,52,Normal
2026-02-16 13:01:37.901840,Dubai-dc94,14,60,Normal
2026-02-16 13:01:38.901840,Dubai-dc94,26,4,Normal
2026-02-16 13:01:39.901840,Dubai-dc94,42,23,Normal
2026-02-16 13:01:40.901840,Dubai-dc94,50,27,Normal
2026-02-16 13:01:41.901840,Dubai-dc94,24,91,Normal
2026-02-16 13:01:42.901840,Dubai-dc94,-15,87,Normal
2026-02-16 13:01:43.901840,Dubai-dc94,47,100,Normal
2026-02-16 13:01:44.901840,Dubai-dc94,7,47,Normal
2026-02-16 13:01:45.901840,Dubai-dc94,-28,41,Normal
2026-02-16 13:01:46.901840,Dubai-dc94,-2,54,Normal
2026-02-16 13:01:47.901840,Dubai-dc94,-29,59,Normal
2026-02-16 13:01:48.901840,Dubai-dc94,38,71,Normal
2026-02-16 13:01:49.901840,Dubai-dc94,-6,87,Normal
2026-02-16 13:01:50.901840,Dubai-dc94,-22,7,Normal
2026-02-16 13:01:51.901840,Dubai-dc94,-10,7,Normal
2026-02-16 13:01:52.901840,Dubai-dc94,11,77,Normal
2026-02-16 13:01:53.901840,Dubai-dc94,50,66,Normal
2026-02-16 13:01:54.901840,Dubai-dc94,-20,69,Normal
2026-02-16 13:01:55.901840,Dubai-dc94,-27,57,Normal
2026-02-16 13:01:56.901840,Dubai-dc94,1,45,Normal
2026-02-16 13:01:57.901840,Dubai-dc94,20,49,Normal
2026-02-16 13:01:58.901840,Dubai-dc94,26,78,Normal
2026-02-16 13:01:59.901840,Dubai-dc94,36,36,Normal
2026-02-16 13:02:00.901840,Dubai-dc94,9,77,Normal
2026-02-16 13:02:01.901840,Dubai-dc94,-1,100,Normal
2026-02-16 13:02:02.901840,Dubai-dc94,-16,79,Normal
2026-02-16 13:02:03.901840,Dubai-dc94,10,13,Normal
2026-02-16 13:02:04.901840,Dubai-dc94,35,87,Normal
2026-02-16 13:02:05.901840,Dubai-dc94,-26,59,Normal
2026-02-16 13:02:06.901840,Dubai-dc94,-7,23,Normal
2026-02-16 13:02:07.901840,Dubai-dc94,40,52,Normal
2026-02-16 13:02:08.901840,Dubai-dc94,8,96,Normal
2026-02-16 13:02:09.901840,Dubai-dc94,50,30,Normal
2026-02-16 13:02:10.901840,Dubai-dc94,-6,26,Normal
2026-02-16 13:02:11.901840,Dubai-dc94,8,97,Normal
2026-02-16 13:02:12.901840,Dubai-dc94,22,67,Normal
2026-02-16 13:02:13.901840,Dubai-dc94,-13,37,Normal
2026-02-16 13:02:14.901840,Dubai-dc94,-26,25,Normal
2026-02-16 13:02:15.901840,Dubai-dc94,32,91,Normal
2026-02-16 13:02:16.901840,Dubai-dc94,19,22,Normal
2026-02-16 13:02:17.901840,Dubai-dc94,17,58,Normal
2026-02-16 13:02:18.901840,Dubai-dc94,-15,42,Normal
2026-02-16 13:02:19.901840,Dubai-dc94,0,54,Normal
2026-02-16 13:02:20.901840,Dubai-dc94,45,87,Normal
2026-02-16 13:02:21.901840,Dubai-dc94,-20,38,Normal
2026-02-16 13:02:22.901840,Dubai-dc94,5,13,Normal
2026-02-16 13:02:23.901840,Dubai-dc94,6,67,Normal
2026-02-16 13:02:24.901840,Dubai-dc94,47,9,Normal
2026-02-16 13:02:25.901840,Dubai-dc94,17,39,Normal
2026-02-16 13:02:26.901840,Dubai-dc94,2,75,Normal
2026-02-16 13:02:27.901840,Dubai-dc94,-17,77,Normal
2026-02-16 13:02:28.901840,Dubai-dc94,50,4,Normal
2026-02-16 13:02:29.901840,Dubai-dc94,37,41,Normal
2026-02-16 13:02:30.901840,Dubai-dc94,41,71,Normal
2026-02-16 13:02:31.901840,Dubai-dc94,-5,20,Normal
2026-02-16 13:02:32.901840,Dubai-dc94,5,2,Normal
2026-02-16 13:02:33.901840,Dubai-dc94,34,43,Normal
2026-02-16 13:02:34.901840,Dubai-dc94,26,12,Normal
2026-02-16 13:02:35.901840,Dubai-dc94,-22,53,Normal
2026-02-16 13:02:36.901840,Dubai-dc94,41,57,Normal
2026-02-16 13:02:37.901840,Dubai-dc94,7,24,Normal
2026-02-16 13:02:38.901840,Dubai-dc94,3,4,Normal
2026-02-16 13:02:39.901840,Dubai-dc94,-4,88,Normal
2026-02-16 13:02:40.901840,Dubai-dc94,-29,27,Normal
2026-02-16 13:02:41.901840,Dubai-dc94,-6,26,Normal
2026-02-16 13:02:42.901840,Dubai-dc94,-11,41,Normal
2026-02-16 13:02:43.901840,Dubai-dc94,-25,81,Normal
2026-02-16 13:02:44.901840,Dubai-dc94,46,67,Normal
2026-02-16 13:02:45.901840,Dubai-dc94,-9,9,Normal
2026-02-16 13:02:46.901840,Dubai-dc94,-3,33,Normal
2026-02-16 13:02:47.901840,Dubai-dc94,27,84,Normal
2026-02-16 13:02:48.901840,Dubai-dc94,-30,39,Normal
2026-02-16 13:02:49.901840,Dubai-dc94,37,16,Normal
2026-02-16 13:02:50.901840,Dubai-dc94,20,88,Normal
2026-02-16 13:02:51.901840,Dubai-dc94,34,55,Normal
2026-02-16 13:02:52.901840,Dubai-dc94,22,92,Normal
2026-02-16 13:02:53.901840,Dubai-dc94,-25,17,Normal
2026-02-16 13:02:54.901840,Dubai-dc94,38,94,Normal
2026-02-16 13:02:55.901840,Dubai-dc94,32,86,Normal
2026-02-16 13:02:56.901840,Dubai-dc94,-4,18,Normal
2026-02-16 13:02:57.901840,Dubai-dc94,20,49,Normal
2026-02-16 13:02:58.901840,Dubai-dc94,30,6,Normal
2026-02-16 13:02:59.901840,Dubai-dc94,1,57,Normal
2026-02-16 13:03:00.901840,Dubai-dc94,12,64,Normal
2026-02-16 13:03:01.901840,Dubai-dc94,11,95,Normal
2026-02-16 13:03:02.901840,Dubai-dc94,42,61,Normal
2026-02-16 13:03:03.901840,Dubai-dc94,-22,59,Normal
2026-02-16 13:03:04.901840,Dubai-dc94,16,32,Normal
2026-02-16 13:03:05.901840,Dubai-dc94,28,35,Normal
2026-02-16 13:03:06.901840,Dubai-dc94,-21,25,Normal
2026-02-16 13:03:07.901840,Dubai-dc94,-18,6,Normal
2026-02-16 13:03:08.901840,Dubai-dc94,-3,35,Normal
2026-02-16 13:03:09.901840,Dubai-dc94,-15,61,Normal
2026-02-16 13:03:10.901840,Dubai-dc94,4,80,Normal
2026-02-16 13:03:11.901840,Dubai-dc94,-22,23,Normal
2026-02-16 13:03:12.901840,Dubai-dc94,-2,85,Normal
2026-02-16 13:03:13.901840,Dubai-dc94,20,8,Normal
2026-02-16 13:03:14.901840,Dubai-dc94,-16,53,Normal
2026-02-16 13:03:15.901840,Dubai-dc94,-25,76,Normal
2026-02-16 13:03:16.901840,Dubai-dc94,32,51,Normal
2026-02-16 13:03:17.901840,Dubai-dc94,-14,71,Normal
2026-02-16 13:03:18.901840,Dubai-dc94,-24,37,Normal
2026-02-16 13:03:19.901840,Dubai-dc94,28,98,Normal
2026-02-16 13:03:20.901840,Dubai-dc94,32,50,Normal
2026-02-16 13:03:21.901840,Dubai-dc94,-10,42,Normal
2026-02-16 13:03:22.901840,Dubai-dc94,-30,19,Normal
2026-02-16 13:03:23.901840,Dubai-dc94,50,15,Normal
2026-02-16 13:03:24.901840,Dubai-dc94,13,41,Normal
2026-02-16 13:03:25.901840,Dubai-dc94,-8,9,Normal
2026-02-16 13:03:26.901840,Dubai-dc94,0,40,Normal
2026-02-16 13:03:27.901840,Dubai-dc94,38,25,Normal
2026-02-16 13:03:28.901840,Dubai-dc94,39,66,Normal
2026-02-16 13:03:29.901840,Dubai-dc94,-11,81,Normal
2026-02-16 13:03:30.901840,Dubai-dc94,45,43,Normal
2026-02-16 13:03:31.901840,Dubai-dc94,36,57,Normal
2026-02-16 13:03:32.901840,Dubai-dc94,16,96,Normal
2026-02-16 13:03:33.901840,Dubai-dc94,37,80,Normal
2026-02-16 13:03:34.901840,Dubai-dc94,40,18,Normal
2026-02-16 13:03:35.901840,Dubai-dc94,-11,21,Normal
2026-02-16 13:03:36.901840,Dubai-dc94,48,37,Normal
2026-02-16 13:03:37.901840,Dubai-dc94,49,3,Normal
2026-02-16 13:03:38.901840,Dubai-dc94,18,24,Normal
2026-02-16 13:03:39.901840,Dubai-dc94,-26,72,Normal
2026-02-16 13:03:40.901840,Dubai-dc94,49,100,Normal
2026-02-16 13:03:41.901840,Dubai-dc94,41,30,Normal
2026-02-16 13:03:42.901840,Dubai-dc94,32,99,Normal
2026-02-16 13:03:43.901840,Dubai-dc94,2,51,Normal
2026-02-16 13:03:44.901840,Dubai-dc94,-5,30,Normal
2026-02-16 13:03:45.901840,Dubai-dc94,-4,32,Normal
2026-02-16 13:03:46.901840,Dubai-dc94,-2,28,Normal
2026-02-16 13:03:47.901840,Dubai-dc94,-20,80,Normal
2026-02-16 13:03:48.901840,Dubai-dc94,50,7,Normal
2026-02-16 13:03:49.901840,Dubai-dc94,11,77,Normal
2026-02-16 13:03:50.901840,Dubai-dc94,7,16,Normal
2026-02-16 13:03:51.901840,Dubai-dc94,-13,39,Normal
2026-02-16 13:03:52.901840,Dubai-dc94,-25,28,Normal
2026-02-16 13:03:53.901840,Dubai-dc94,-28,88,Normal
2026-02-16 13:03:54.901840,Dubai-dc94,42,51,Normal
2026-02-16 13:03:55.901840,Dubai-dc94,34,85,Normal
2026-02-16 13:03:56.901840,Dubai-dc94,16,26,Normal
2026-02-16 13:03:57.901840,Dubai-dc94,50,11,Normal
2026-02-16 13:03:58.901840,Dubai-dc94,-14,83,Normal
2026-02-16 13:03:59.901840,Dubai-dc94,9,33,Normal
2026-02-16 13:04:00.901840,Dubai-dc94,-7,94,Normal
2026-02-16 13:04:01.901840,Dubai-dc94,28,84,Normal
2026-02-16 13:04:02.901840,Dubai-dc94,40,41,Normal
2026-02-16 13:04:03.901840,Dubai-dc94,22,7,Normal
2026-02-16 13:04:04.901840,Dubai-dc94,37,31,Normal
2026-02-16 13:04:05.901840,Dubai-dc94,-11,49,Normal
2026-02-16 13:04:06.901840,Dubai-dc94,0,61,Normal
2026-02-16 13:04:07.901840,Dubai-dc94,44,27,Normal
2026-02-16 13:04:08.901840,Dubai-dc94,38,31,Normal
2026-02-16 13:04:09.901840,Dubai-dc94,42,40,Normal
2026-02-16 13:04:10.901840,Dubai-dc94,-22,73,Normal
2026-02-16 13:04:11.901840,Dubai-dc94,-17,92,Normal
2026-02-16 13:04:12.901840,Dubai-dc94,43,63,Normal
2026-02-16 13:04:13.901840,Dubai-dc94,46,58,Normal
2026-02-16 13:04:14.901840,Dubai-dc94,22,52,Normal
2026-02-16 13:04:15.901840,Dubai-dc94,37,50,Normal
2026-02-16 13:04:16.901840,Dubai-dc94,24,21,Normal
2026-02-16 13:04:17.901840,Dubai-dc94,12,11,Normal
2026-02-16 13:04:18.901840,Dubai-dc94,-14,30,Normal
2026-02-16 13:04:19.901840,Dubai-dc94,24,72,Normal
2026-02-16 13:04:20.901840,Dubai-dc94,-27,82,Normal
2026-02-16 13:04:21.901840,Dubai-dc94,39,49,Normal
2026-02-16 13:04:22.901840,Dubai-dc94,11,68,Normal
2026-02-16 13:04:23.901840,Dubai-dc94,38,66,Normal
2026-02-16 13:04:24.901840,Dubai-dc94,33,80,Normal
2026-02-16 13:04:25.901840,Dubai-dc94,30,24,Normal
2026-02-16 13:04:26.901840,Dubai-dc94,26,82,Normal
2026-02-16 13:04:27.901840,Dubai-dc94,17,86,Normal
2026-02-16 13:04:28.901840,Dubai-dc94,44,22,Normal
2026-02-16 13:04:29.901840,Dubai-dc94,-29,76,Normal
2026-02-16 13:04:30.901840,Dubai-dc94,27,71,Normal
2026-02-16 13:04:31.901840,Dubai-dc94,39,92,Normal
2026-02-16 13:04:32.901840,Dubai-dc94,15,43,Normal
2026-02-16 13:04:33.901840,Dubai-dc94,37,41,Normal
2026-02-16 13:04:34.901840,Dubai-dc94,27,50,Normal
2026-02-16 13:04:35.901840,Dubai-dc94,-6,66,Normal
2026-02-16 13:04:36.901840,Dubai-dc94,-27,64,Normal
2026-02-16 13:04:37.901840,Dubai-dc94,40,18,Normal
2026-02-16 13:04:38.901840,Dubai-dc94,-6,98,Normal
2026-02-16 13:04:39.901840,Dubai-dc94,2,6,Normal
2026-02-16 13:04:40.901840,Dubai-dc94,24,98,Normal
2026-02-16 13:04:41.901840,Dubai-dc94,15,49,Normal
2026-02-16 13:04:42.901840,Dubai-dc94,44,49,Normal
2026-02-16 13:04:43.901840,Dubai-dc94,-14,94,Normal
2026-02-16 13:04:44.901840,Dubai-dc94,26,67,Normal
2026-02-16 13:04:45.901840,Dubai-dc94,-27,6,Normal
2026-02-16 13:04:46.901840,Dubai-dc94,47,40,Normal
2026-02-16 13:04:47.901840,Dubai-dc94,26,100,Normal
2026-02-16 13:04:48.901840,Dubai-dc94,-6,66,Normal
2026-02-16 13:04:49.901840,Dubai-dc94,20,5,Normal
2026-02-16 13:04:50.901840,Dubai-dc94,27,73,Normal
2026-02-16 13:04:51.901840,Dubai-dc94,6,85,Normal
2026-02-16 13:04:52.901840,Dubai-dc94,10,82,Normal
2026-02-16 13:04:53.901840,Dubai-dc94,-10,12,Normal
2026-02-16 13:04:54.901840,Dubai-dc94,-25,4,Normal
2026-02-16 13:04:55.901840,Dubai-dc94,24,56,Normal
2026-02-16 13:04:56.901840,Dubai-dc94,41,19,Normal
2026-02-16 13:04:57.901840,Dubai-dc94,-18,24,Normal
2026-02-16 13:04:58.901840,Dubai-dc94,29,47,Normal
2026-02-16 13:04:59.901840,Dubai-dc94,-10,34,Normal
2026-02-16 13:05:00.901840,Dubai-dc94,-26,98,Normal
2026-02-16 13:05:01.901840,Dubai-dc94,28,21,Normal
2026-02-16 13:05:02.901840,Dubai-dc94,-12,56,Normal
2026-02-16 13:05:03.901840,Dubai-dc94,40,49,Normal
2026-02-16 13:05:04.901840,Dubai-dc94,-4,97,Normal
2026-02-16 13:05:05.901840,Dubai-dc94,33,65,Normal
2026-02-16 13:05:06.901840,Dubai-dc94,20,40,Normal
2026-02-16 13:05:07.901840,Dubai-dc94,24,46,Normal
2026-02-16 13:05:08.901840,Dubai-dc94,27,17,Normal
2026-02-16 13:05:09.901840,Dubai-dc94,-17,16,Normal
2026-02-16 13:05:10.901840,Dubai-dc94,-13,32,Normal
2026-02-16 13:05:11.901840,Dubai-dc94,26,35,Normal
2026-02-16 13:05:12.901840,Dubai-dc94,-26,68,Normal
2026-02-16 13:05:13.901840,Dubai-dc94,-10,74,Normal
2026-02-16 13:05:14.901840,Dubai-dc94,-25,87,Normal
2026-02-16 13:05:15.901840,Dubai-dc94,10,80,Normal
2026-02-16 13:05:16.901840,Dubai-dc94,-16,84,Normal
2026-02-16 13:05:17.901840,Dubai-dc94,48,36,Normal
2026-02-16 13:05:18.901840,Dubai-dc94,4,90,Normal
2026-02-16 13:05:19.901840,Dubai-dc94,17,66,Normal
2026-02-16 13:05:20.901840,Dubai-dc94,9,95,Normal
2026-02-16 13:05:21.901840,Dubai-dc94,47,100,Normal
2026-02-16 13:05:22.901840,Dubai-dc94,27,7,Normal
2026-02-16 13:05:23.901840,Dubai-dc94,14,17,Normal
2026-02-16 13:05:24.901840,Dubai-dc94,17,53,Normal
2026-02-16 13:05:25.901840,Dubai-dc94,1,38,Normal
2026-02-16 13:05:26.901840,Dubai-dc94,18,14,Normal
2026-02-16 13:05:27.901840,Dubai-dc94,41,97,Normal
2026-02-16 13:05:28.901840,Dubai-dc94,28,69,Normal
2026-02-16 13:05:29.901840,Dubai-dc94,-3,72,Normal
2026-02-16 13:05:30.901840,Dubai-dc94,38,39,Normal
2026-02-16 13:05:31.901840,Dubai-dc94,23,11,Normal
2026-02-16 13:05:32.901840,Dubai-dc94,34,33,Normal
2026-02-16 13:05:33.901840,Dubai-dc94,3,86,Normal
2026-02-16 13:05:34.901840,Dubai-dc94,-21,41,Normal
2026-02-16 13:05:35.901840,Dubai-dc94,41,17,Normal
2026-02-16 13:05:36.901840,Dubai-dc94,-20,60,Normal
2026-02-16 13:05:37.901840,Dubai-dc94,20,49,Normal
2026-02-16 13:05:38.901840,Dubai-dc94,48,9,Normal
2026-02-16 13:05:39.901840,Dubai-dc94,22,88,Normal
2026-02-16 13:05:40.901840,Dubai-dc94,33,12,Normal
2026-02-16 13:05:41.901840,Dubai-dc94,43,61,Normal
2026-02-16 13:05:42.901840,Dubai-dc94,47,34,Normal
2026-02-16 13:05:43.901840,Dubai-dc94,18,46,Normal
2026-02-16 13:05:44.901840,Dubai-dc94,-6,56,Normal
2026-02-16 13:05:45.901840,Dubai-dc94,21,27,Normal
2026-02-16 13:05:46.901840,Dubai-dc94,41,55,Normal
2026-02-16 13:05:47.901840,Dubai-dc94,37,45,Normal
2026-02-16 13:05:48.901840,Dubai-dc94,42,20,Normal
2026-02-16 13:05:49.901840,Dubai-dc94,28,2,Normal
2026-02-16 13:05:50.901840,Dubai-dc94,44,64,Normal
2026-02-16 13:05:51.901840,Dubai-dc94,-21,80,Normal
2026-02-16 13:05:52.901840,Dubai-dc94,21,65,Normal
2026-02-16 13:05:53.901840,Dubai-dc94,-7,64,Normal
2026-02-16 13:05:54.901840,Dubai-dc94,26,8,Normal
2026-02-16 13:05:55.901840,Dubai-dc94,25,13,Normal
2026-02-16 13:05:56.901840,Dubai-dc94,-25,85,Normal
2026-02-16 13:05:57.901840,Dubai-dc94,13,18,Normal
2026-02-16 13:05:58.901840,Dubai-dc94,-9,85,Normal
2026-02-16 13:05:59.901840,Dubai-dc94,32,67,Normal
2026-02-16 13:06:00.901840,Dubai-dc94,-24,77,Normal
2026-02-16 13:06:01.901840,Dubai-dc94,-14,32,Normal
2026-02-16 13:06:02.901840,Dubai-dc94,-6,99,Normal
2026-02-16 13:06:03.901840,Dubai-dc94,9,99,Normal
2026-02-16 13:06:04.901840,Dubai-dc94,17,63,Normal
2026-02-16 13:06:05.901840,Dubai-dc94,23,15,Normal
2026-02-16 13:06:06.901840,Dubai-dc94,24,66,Normal
2026-02-16 13:06:07.901840,Dubai-dc94,19,16,Normal
2026-02-16 13:06:08.901840,Dubai-dc94,42,44,Normal
2026-02-16 13:06:09.901840,Dubai-dc94,-22,85,Normal
2026-02-16 13:06:10.901840,Dubai-dc94,22,22,Normal
2026-02-16 13:06:11.901840,Dubai-dc94,29,51,Normal
2026-02-16 13:06:12.901840,Dubai-dc94,18,65,Normal
2026-02-16 13:06:13.901840,Dubai-dc94,0,3,Normal
2026-02-16 13:06:14.901840,Dubai-dc94,4,90,Normal
2026-02-16 13:06:15.901840,Dubai-dc94,-5,32,Normal
2026-02-16 13:06:16.901840,Dubai-dc94,-24,43,Normal
2026-02-16 13:06:17.901840,Dubai-dc94,50,19,Normal
2026-02-16 13:06:18.901840,Dubai-dc94,-26,92,Normal
2026-02-16 13:06:19.901840,Dubai-dc94,28,51,Normal
2026-02-16 13:06:20.901840,Dubai-dc94,34,93,Normal
2026-02-16 13:06:21.901840,Dubai-dc94,22,78,Normal
2026-02-16 13:06:22.901840,Dubai-dc94,20,69,Normal
2026-02-16 13:06:23.901840,Dubai-dc94,23,47,Normal
2026-02-16 13:06:24.901840,Dubai-dc94,40,31,Normal
2026-02-16 13:06:25.901840,Dubai-dc94,12,0,Normal
2026-02-16 13:06:26.901840,Dubai-dc94,16,16,Normal
2026-02-16 13:06:27.901840,Dubai-dc94,-7,29,Normal
2026-02-16 13:06:28.901840,Dubai-dc94,42,87,Normal
2026-02-16 13:06:29.901840,Dubai-dc94,50,65,Normal
2026-02-16 13:06:30.901840,Dubai-dc94,-18,93,Normal
2026-02-16 13:06:31.901840,Dubai-dc94,19,24,Normal
2026-02-16 13:06:32.901840,Dubai-dc94,-30,45,Normal
2026-02-16 13:06:33.901840,Dubai-dc94,17,93,Normal
2026-02-16 13:06:34.901840,Dubai-dc94,20,97,Normal
2026-02-16 13:06:35.901840,Dubai-dc94,14,92,Normal
2026-02-16 13:06:36.901840,Dubai-dc94,14,52,Normal
2026-02-16 13:06:37.901840,Dubai-dc94,-28,87,Normal
2026-02-16 13:06:38.901840,Dubai-dc94,-4,97,Normal
2026-02-16 13:06:39.901840,Dubai-dc94,36,24,Normal
2026-02-16 13:06:40.901840,Dubai-dc94,-15,1,Normal
2026-02-16 13:06:41.901840,Dubai-dc94,42,45,Normal
2026-02-16 13:06:42.901840,Dubai-dc94,-28,2,Normal
2026-02-16 13:06:43.901840,Dubai-dc94,-25,26,Normal
2026-02-16 13:06:44.901840,Dubai-dc94,-22,4,Normal
2026-02-16 13:06:45.901840,Dubai-dc94,36,9,Normal
2026-02-16 13:06:46.901840,Dubai-dc94,-8,1,Normal
2026-02-16 13:06:47.901840,Dubai-dc94,-30,38,Normal
2026-02-16 13:06:48.901840,Dubai-dc94,25,90,Normal
2026-02-16 13:06:49.901840,Dubai-dc94,43,45,Normal
2026-02-16 13:06:50.901840,Dubai-dc94,38,67,Normal
2026-02-16 13:06:51.901840,Dubai-dc94,7,47,Normal
2026-02-16 13:06:52.901840,Dubai-dc94,-18,73,Normal
2026-02-16 13:06:53.901840,Dubai-dc94,9,46,Normal
2026-02-16 13:06:54.901840,Dubai-dc94,33,2,Normal
2026-02-16 13:06:55.901840,Dubai-dc94,6,24,Normal
2026-02-16 13:06:56.901840,Dubai-dc94,46,86,Normal
2026-02-16 13:06:57.901840,Dubai-dc94,45,24,Normal
2026-02-16 13:06:58.901840,Dubai-dc94,39,33,Normal
2026-02-16 13:06:59.901840,Dubai-dc94,-15,29,Normal
2026-02-16 13:07:00.901840,Dubai-dc94,-30,40,Normal
2026-02-16 13:07:01.901840,Dubai-dc94,15,53,Normal
2026-02-16 13:07:02.901840,Dubai-dc94,-22,1,Normal
2026-02-16 13:07:03.901840,Dubai-dc94,21,79,Normal
2026-02-16 13:07:04.901840,Dubai-dc94,22,5,Normal
2026-02-16 13:07:05.901840,Dubai-dc94,9,84,Normal
2026-02-16 13:07:06.901840,Dubai-dc94,-6,63,Normal
2026-02-16 13:07:07.901840,Dubai-dc94,18,100,Normal
2026-02-16 13:07:08.901840,Dubai-dc94,-12,59,Normal
2026-02-16 13:07:09.901840,Dubai-dc94,31,52,Normal
2026-02-16 13:07:10.901840,Dubai-dc94,-19,65,Normal
2026-02-16 13:07:11.901840,Dubai-dc94,-27,42,Normal
2026-02-16 13:07:12.901840,Dubai-dc94,50,68,Normal
2026-02-16 13:07:13.901840,Dubai-dc94,41,99,Normal
2026-02-16 13:07:14.901840,Dubai-dc94,28,37,Normal
2026-02-16 13:07:15.901840,Dubai-dc94,-29,16,Normal
2026-02-16 13:07:16.901840,Dubai-dc94,-15,48,Normal
2026-02-16 13:07:17.901840,Dubai-dc94,-10,28,Normal
2026-02-16 13:07:18.901840,Dubai-dc94,-4,45,Normal
2026-02-16 13:07:19.901840,Dubai-dc94,46,84,Normal
2026-02-16 13:07:20.901840,Dubai-dc94,5,90,Normal
2026-02-16 13:07:21.901840,Dubai-dc94,34,44,Normal
2026-02-16 13:07:22.901840,Dubai-dc94,20,26,Normal
2026-02-16 13:07:23.901840,Dubai-dc94,-8,75,Normal
2026-02-16 13:07:24.901840,Dubai-dc94,-25,98,Normal
2026-02-16 13:07:25.901840,Dubai-dc94,34,98,Normal
2026-02-16 13:07:26.901840,Dubai-dc94,-8,77,Normal
2026-02-16 13:07:27.901840,Dubai-dc94,-27,84,Normal
2026-02-16 13:07:28.901840,Dubai-dc94,-23,31,Normal
2026-02-16 13:07:29.901840,Dubai-dc94,0,53,Normal
2026-02-16 13:07:30.901840,Dubai-dc94,-26,2,Normal
2026-02-16 13:07:31.901840,Dubai-dc94,-7,0,Normal
2026-02-16 13:07:32.901840,Dubai-dc94,-24,95,Normal
2026-02-16 13:07:33.901840,Dubai-dc94,50,47,Normal
2026-02-16 13:07:34.901840,Dubai-dc94,-26,82,Normal
2026-02-16 13:07:35.901840,Dubai-dc94,24,62,Normal
2026-02-16 13:07:36.901840,Dubai-dc94,-24,45,Normal
2026-02-16 13:07:37.901840,Dubai-dc94,-20,84,Normal
2026-02-16 13:07:38.901840,Dubai-dc94,43,80,Normal
2026-02-16 13:07:39.901840,Dubai-dc94,-5,26,Normal
2026-02-16 13:07:40.901840,Dubai-dc94,21,36,Normal
2026-02-16 13:07:41.901840,Dubai-dc94,7,7,Normal
2026-02-16 13:07:42.901840,Dubai-dc94,20,100,Normal
2026-02-16 13:07:43.901840,Dubai-dc94,34,36,Normal
2026-02-16 13:07:44.901840,Dubai-dc94,11,66,Normal
2026-02-16 13:07:45.901840,Dubai-dc94,-14,99,Normal
2026-02-16 13:07:46.901840,Dubai-dc94,17,29,Normal
2026-02-16 13:07:47.901840,Dubai-dc94,15,93,Normal
2026-02-16 13:07:48.901840,Dubai-dc94,14,55,Normal
2026-02-16 13:07:49.901840,Dubai-dc94,26,82,Normal
2026-02-16 13:07:50.901840,Dubai-dc94,-7,32,Normal
2026-02-16 13:07:51.901840,Dubai-dc94,23,57,Normal
2026-02-16 13:07:52.901840,Dubai-dc94,-16,7,Normal
2026-02-16 13:07:53.901840,Dubai-dc94,40,67,Normal
2026-02-16 13:07:54.901840,Dubai-dc94,3,85,Normal
2026-02-16 13:07:55.901840,Dubai-dc94,6,21,Normal
2026-02-16 13:07:56.901840,Dubai-dc94,-30,81,Normal
2026-02-16 13:07:57.901840,Dubai-dc94,33,52,Normal
2026-02-16 13:07:58.901840,Dubai-dc94,34,100,Normal
2026-02-16 13:07:59.901840,Dubai-dc94,32,85,Normal
2026-02-16 13:08:00.901840,Dubai-dc94,39,70,Normal
2026-02-16 13:08:01.901840,Dubai-dc94,20,20,Normal
2026-02-16 13:08:02.901840,Dubai-dc94,-19,82,Normal
2026-02-16 13:08:03.901840,Dubai-dc94,40,39,Normal
2026-02-16 13:08:04.901840,Dubai-dc94,50,25,Normal
2026-02-16 13:08:05.901840,Dubai-dc94,28,72,Normal
2026-02-16 13:08:06.901840,Dubai-dc94,48,57,Normal
2026-02-16 13:08:07.901840,Dubai-dc94,-30,95,Normal
2026-02-16 13:08:08.901840,Dubai-dc94,42,83,Normal
2026-02-16 13:08:09.901840,Dubai-dc94,-22,98,Normal
2026-02-16 13:08:10.901840,Dubai-dc94,-7,18,Normal
2026-02-16 13:08:11.901840,Dubai-dc94,24,40,Normal
2026-02-16 13:08:12.901840,Dubai-dc94,-14,95,Normal
2026-02-16 13:08:13.901840,Dubai-dc94,-12,84,Normal
2026-02-16 13:08:14.901840,Dubai-dc94,47,7,Normal
2026-02-16 13:08:15.901840,Dubai-dc94,27,31,Normal
2026-02-16 13:08:16.901840,Dubai-dc94,-1,65,Normal
2026-02-16 13:08:17.901840,Dubai-dc94,0,10,Normal
2026-02-16 13:08:18.901840,Dubai-dc94,-4,91,Normal
2026-02-16 13:08:19.901840,Dubai-dc94,-26,44,Normal
2026-02-16 13:08:20.901840,Dubai-dc94,17,59,Normal
2026-02-16 13:08:21.901840,Dubai-dc94,8,94,Normal
2026-02-16 13:08:22.901840,Dubai-dc94,12,73,Normal
2026-02-16 13:08:23.901840,Dubai-dc94,-11,92,Normal
2026-02-16 13:08:24.901840,Dubai-dc94,-17,8,Normal
2026-02-16 13:08:25.901840,Dubai-dc94,-11,88,Normal
2026-02-16 13:08:26.901840,Dubai-dc94,22,88,Normal
2026-02-16 13:08:27.901840,Dubai-dc94,-23,25,Normal
2026-02-16 13:08:28.901840,Dubai-dc94,-18,15,Normal
2026-02-16 13:08:29.901840,Dubai-dc94,-28,82,Normal
2026-02-16 13:08:30.901840,Dubai-dc94,3,51,Normal
2026-02-16 13:08:31.901840,Dubai-dc94,49,49,Normal
2026-02-16 13:08:32.901840,Dubai-dc94,31,65,Normal
2026-02-16 13:08:33.901840,Dubai-dc94,-26,1,Normal
2026-02-16 13:08:34.901840,Dubai-dc94,24,80,Normal
2026-02-16 13:08:35.901840,Dubai-dc94,-8,2,Normal
2026-02-16 13:08:36.901840,Dubai-dc94,-2,80,Normal
2026-02-16 13:08:37.901840,Dubai-dc94,18,47,Normal
2026-02-16 13:08:38.901840,Dubai-dc94,-27,83,Normal
2026-02-16 13:08:39.901840,Dubai-dc94,23,63,Normal
2026-02-16 13:08:40.901840,Dubai-dc94,-25,0,Normal
2026-02-16 13:08:41.901840,Dubai-dc94,2,48,Normal
2026-02-16 13:08:42.901840,Dubai-dc94,10,19,Normal
2026-02-16 13:08:43.901840,Dubai-dc94,1,34,Normal
2026-02-16 13:08:44.901840,Dubai-dc94,37,7,Normal
2026-02-16 13:08:45.901840,Dubai-dc94,9,98,Normal
2026-02-16 13:08:46.901840,Dubai-dc94,-21,53,Normal
2026-02-16 13:08:47.901840,Dubai-dc94,23,65,Normal
2026-02-16 13:08:48.901840,Dubai-dc94,5,48,Normal
2026-02-16 13:08:49.901840,Dubai-dc94,44,7,Normal
2026-02-16 13:08:50.901840,Dubai-dc94,-4,74,Normal
2026-02-16 13:08:51.901840,Dubai-dc94,-8,76,Normal
2026-02-16 13:08:52.901840,Dubai-dc94,-9,79,Normal
2026-02-16 13:08:53.901840,Dubai-dc94,25,58,Normal
2026-02-16 13:08:54.901840,Dubai-dc94,3,56,Normal
2026-02-16 13:08:55.901840,Dubai-dc94,29,21,Normal
2026-02-16 13:08:56.901840,Dubai-dc94,-29,58,Normal
2026-02-16 13:08:57.901840,Dubai-dc94,39,76,Normal
2026-02-16 13:08:58.901840,Dubai-dc94,12,18,Normal
2026-02-16 13:08:59.901840,Dubai-dc94,-19,65,Normal
2026-02-16 13:09:00.901840,Dubai-dc94,-8,39,Normal
2026-02-16 13:09:01.901840,Dubai-dc94,-20,34,Normal
2026-02-16 13:09:02.901840,Dubai-dc94,14,63,Normal
2026-02-16 13:09:03.901840,Dubai-dc94,-23,24,Normal
2026-02-16 13:09:04.901840,Dubai-dc94,24,74,Normal
2026-02-16 13:09:05.901840,Dubai-dc94,28,66,Normal
2026-02-16 13:09:06.901840,Dubai-dc94,19,11,Normal
2026-02-16 13:09:07.901840,Dubai-dc94,32,55,Normal
2026-02-16 13:09:08.901840,Dubai-dc94,-19,45,Normal
2026-02-16 13:09:09.901840,Dubai-dc94,49,25,Normal
2026-02-16 13:09:10.901840,Dubai-dc94,10,3,Normal
2026-02-16 13:09:11.901840,Dubai-dc94,36,26,Normal
2026-02-16 13:09:12.901840,Dubai-dc94,-9,24,Normal
2026-02-16 13:09:13.901840,Dubai-dc94,-18,71,Normal
2026-02-16 13:09:14.901840,Dubai-dc94,19,43,Normal
2026-02-16 13:09:15.901840,Dubai-dc94,11,86,Normal
2026-02-16 13:09:16.901840,Dubai-dc94,33,99,Normal
2026-02-16 13:09:17.901840,Dubai-dc94,35,10,Normal
2026-02-16 13:09:18.901840,Dubai-dc94,43,37,Normal
2026-02-16 13:09:19.901840,Dubai-dc94,39,49,Normal
2026-02-16 13:09:20.901840,Dubai-dc94,3,58,Normal
2026-02-16 13:09:21.901840,Dubai-dc94,-1,99,Normal
2026-02-16 13:09:22.901840,Dubai-dc94,26,93,Normal
2026-02-16 13:09:23.901840,Dubai-dc94,3,51,Normal
2026-02-16 13:09:24.901840,Dubai-dc94,19,23,Normal
2026-02-16 13:09:25.901840,Dubai-dc94,36,60,Normal
2026-02-16 13:09:26.901840,Dubai-dc94,-27,64,Normal
2026-02-16 13:09:27.901840,Dubai-dc94,19,20,Normal
2026-02-16 13:09:28.901840,Dubai-dc94,-13,16,Normal
2026-02-16 13:09:29.901840,Dubai-dc94,-4,37,Normal
2026-02-16 13:09:30.901840,Dubai-dc94,2,100,Normal
2026-02-16 13:09:31.901840,Dubai-dc94,3,27,Normal
2026-02-16 13:09:32.901840,Dubai-dc94,-11,2,Normal
2026-02-16 13:09:33.901840,Dubai-dc94,11,3,Normal
2026-02-16 13:09:34.901840,Dubai-dc94,38,71,Normal
2026-02-16 13:09:35.901840,Dubai-dc94,35,81,Normal
2026-02-16 13:09:36.901840,Dubai-dc94,-3,82,Normal
2026-02-16 13:09:37.901840,Dubai-dc94,42,7,Normal
2026-02-16 13:09:38.901840,Dubai-dc94,-12,53,Normal
2026-02-16 13:09:39.901840,Dubai-dc94,17,63,Normal
2026-02-16 13:09:40.901840,Dubai-dc94,-8,26,Normal
2026-02-16 13:09:41.901840,Dubai-dc94,-27,49,Normal
2026-02-16 13:09:42.901840,Dubai-dc94,4,71,Normal
2026-02-16 13:09:43.901840,Dubai-dc94,11,96,Normal
2026-02-16 13:09:44.901840,Dubai-dc94,-23,52,Normal
2026-02-16 13:09:45.901840,Dubai-dc94,9,66,Normal
2026-02-16 13:09:46.901840,Dubai-dc94,9,28,Normal
2026-02-16 13:09:47.901840,Dubai-dc94,-7,17,Normal
2026-02-16 13:09:48.901840,Dubai-dc94,22,83,Normal
2026-02-16 13:09:49.901840,Dubai-dc94,37,92,Normal
2026-02-16 13:09:50.901840,Dubai-dc94,16,41,Normal
2026-02-16 13:09:51.901840,Dubai-dc94,-13,17,Normal
2026-02-16 13:09:52.901840,Dubai-dc94,44,71,Normal
2026-02-16 13:09:53.901840,Dubai-dc94,38,36,Normal
2026-02-16 13:09:54.901840,Dubai-dc94,46,41,Normal
2026-02-16 13:09:55.901840,Dubai-dc94,37,69,Normal
2026-02-16 13:09:56.901840,Dubai-dc94,40,51,Normal
2026-02-16 13:09:57.901840,Dubai-dc94,-18,4,Normal
2026-02-16 13:09:58.901840,Dubai-dc94,8,96,Normal
2026-02-16 13:09:59.901840,Dubai-dc94,-19,52,Normal
2026-02-16 13:10:00.901840,Dubai-dc94,8,5,Normal
2026-02-16 13:10:01.901840,Dubai-dc94,9,57,Normal
2026-02-16 13:10:02.901840,Dubai-dc94,12,36,Normal
2026-02-16 13:10:03.901840,Dubai-dc94,7,99,Normal
2026-02-16 13:10:04.901840,Dubai-dc94,-29,66,Normal
2026-02-16 13:10:05.901840,Dubai-dc94,-26,64,Normal
2026-02-16 13:10:06.901840,Dubai-dc94,-23,96,Normal
2026-02-16 13:10:07.901840,Dubai-dc94,-24,43,Normal
2026-02-16 13:10:08.901840,Dubai-dc94,31,4,Normal
2026-02-16 13:10:09.901840,Dubai-dc94,29,27,Normal
2026-02-16 13:10:10.901840,Dubai-dc94,-19,97,Normal
2026-02-16 13:10:11.901840,Dubai-dc94,-28,9,Normal
2026-02-16 13:10:12.901840,Dubai-dc94,-9,86,Normal
2026-02-16 13:10:13.901840,Dubai-dc94,-26,68,Normal
2026-02-16 13:10:14.901840,Dubai-dc94,0,77,Normal
2026-02-16 13:10:15.901840,Dubai-dc94,29,37,Normal
2026-02-16 13:10:16.901840,Dubai-dc94,21,34,Normal
2026-02-16 13:10:17.901840,Dubai-dc94,48,67,Normal
2026-02-16 13:10:18.901840,Dubai-dc94,11,81,Normal
2026-02-16 13:10:19.901840,Dubai-dc94,-26,82,Normal
2026-02-16 13:10:20.901840,Dubai-dc94,-22,36,Normal
2026-02-16 13:10:21.901840,Dubai-dc94,-7,37,Normal
2026-02-16 13:10:22.901840,Dubai-dc94,4,94,Normal
2026-02-16 13:10:23.901840,Dubai-dc94,28,6,Normal
2026-02-16 13:10:24.901840,Dubai-dc94,-22,3,Normal
2026-02-16 13:10:25.901840,Dubai-dc94,5,40,Normal
2026-02-16 13:10:26.901840,Dubai-dc94,30,64,Normal
2026-02-16 13:10:27.901840,Dubai-dc94,-6,46,Normal
2026-02-16 13:10:28.901840,Dubai-dc94,-9,23,Normal
2026-02-16 13:10:29.901840,Dubai-dc94,38,99,Normal
2026-02-16 13:10:30.901840,Dubai-dc94,42,47,Normal
2026-02-16 13:10:31.901840,Dubai-dc94,30,12,Normal
2026-02-16 13:10:32.901840,Dubai-dc94,8,64,Normal
2026-02-16 13:10:33.901840,Dubai-dc94,46,84,Normal
2026-02-16 13:10:34.901840,Dubai-dc94,4,89,Normal
2026-02-16 13:10:35.901840,Dubai-dc94,42,30,Normal
2026-02-16 13:10:36.901840,Dubai-dc94,0,32,Normal
2026-02-16 13:10:37.901840,Dubai-dc94,24,76,Normal
2026-02-16 13:10:38.901840,Dubai-dc94,32,63,Normal
2026-02-16 13:10:39.901840,Dubai-dc94,-6,41,Normal
2026-02-16 13:10:40.901840,Dubai-dc94,31,92,Normal
2026-02-16 13:10:41.901840,Dubai-dc94,19,25,Normal
2026-02-16 13:10:42.901840,Dubai-dc94,-13,11,Normal
2026-02-16 13:10:43.901840,Dubai-dc94,13,71,Normal
2026-02-16 13:10:44.901840,Dubai-dc94,34,42,Normal
2026-02-16 13:10:45.901840,Dubai-dc94,-26,91,Normal
2026-02-16 13:10:46.901840,Dubai-dc94,-4,86,Normal
2026-02-16 13:10:47.901840,Dubai-dc94,-25,97,Normal
2026-02-16 13:10:48.901840,Dubai-dc94,21,77,Normal
2026-02-16 13:10:49.901840,Dubai-dc94,41,8,Normal
2026-02-16 13:10:50.901840,Dubai-dc94,45,70,Normal
2026-02-16 13:10:51.901840,Dubai-dc94,-29,86,Normal
2026-02-16 13:10:52.901840,Dubai-dc94,28,20,Normal
2026-02-16 13:10:53.901840,Dubai-dc94,12,74,Normal
2026-02-16 13:10:54.901840,Dubai-dc94,-5,44,Normal
2026-02-16 13:10:55.901840,Dubai-dc94,-24,7,Normal
2026-02-16 13:10:56.901840,Dubai-dc94,39,99,Normal
2026-02-16 13:10:57.901840,Dubai-dc94,40,19,Normal
2026-02-16 13:10:58.901840,Dubai-dc94,0,6,Normal
2026-02-16 13:10:59.901840,Dubai-dc94,-19,53,Normal
2026-02-16 13:11:00.901840,Dubai-dc94,16,34,Normal
2026-02-16 13:11:01.901840,Dubai-dc94,29,5,Normal
2026-02-16 13:11:02.901840,Dubai-dc94,14,83,Normal
2026-02-16 13:11:03.901840,Dubai-dc94,-8,85,Normal
2026-02-16 13:11:04.901840,Dubai-dc94,-19,100,Normal
2026-02-16 13:11:05.901840,Dubai-dc94,18,54,Normal
2026-02-16 13:11:06.901840,Dubai-dc94,36,98,Normal
2026-02-16 13:11:07.901840,Dubai-dc94,38,22,Normal
2026-02-16 13:11:08.901840,Dubai-dc94,28,47,Normal
2026-02-16 13:11:09.901840,Dubai-dc94,-17,84,Normal
2026-02-16 13:11:10.901840,Dubai-dc94,-21,17,Normal
2026-02-16 13:11:11.901840,Dubai-dc94,13,81,Normal
2026-02-16 13:11:12.901840,Dubai-dc94,22,84,Normal
2026-02-16 13:11:13.901840,Dubai-dc94,27,46,Normal
2026-02-16 13:11:14.901840,Dubai-dc94,47,80,Normal
2026-02-16 13:11:15.901840,Dubai-dc94,45,26,Normal
2026-02-16 13:11:16.901840,Dubai-dc94,-12,16,Normal
2026-02-16 13:11:17.901840,Dubai-dc94,-5,1,Normal
2026-02-16 13:11:18.901840,Dubai-dc94,18,25,Normal
2026-02-16 13:11:19.901840,Dubai-dc94,47,76,Normal
2026-02-16 13:11:20.901840,Dubai-dc94,37,41,Normal
2026-02-16 13:11:21.901840,Dubai-dc94,-15,5,Normal
2026-02-16 13:11:22.901840,Dubai-dc94,47,40,Normal
2026-02-16 13:11:23.901840,Dubai-dc94,0,80,Normal
2026-02-16 13:11:24.901840,Dubai-dc94,-18,87,Normal
2026-02-16 13:11:25.901840,Dubai-dc94,-18,14,Normal
2026-02-16 13:11:26.901840,Dubai-dc94,-26,16,Normal
2026-02-16 13:11:27.901840,Dubai-dc94,15,95,Normal
2026-02-16 13:11:28.901840,Dubai-dc94,-23,61,Normal
2026-02-16 13:11:29.901840,Dubai-dc94,20,70,Normal
2026-02-16 13:11:30.901840,Dubai-dc94,29,48,Normal
2026-02-16 13:11:31.901840,Dubai-dc94,24,54,Normal
2026-02-16 13:11:32.901840,Dubai-dc94,-12,66,Normal
2026-02-16 13:11:33.901840,Dubai-dc94,3,54,Normal
2026-02-16 13:11:34.901840,Dubai-dc94,33,66,Normal
2026-02-16 13:11:35.901840,Dubai-dc94,-2,84,Normal
2026-02-16 13:11:36.901840,Dubai-dc94,25,18,Normal
2026-02-16 13:11:37.901840,Dubai-dc94,25,35,Normal
2026-02-16 13:11:38.901840,Dubai-dc94,17,14,Normal
2026-02-16 13:11:39.901840,Dubai-dc94,6,77,Normal
2026-02-16 13:11:40.901840,Dubai-dc94,-11,85,Normal
2026-02-16 13:11:41.901840,Dubai-dc94,47,51,Normal
2026-02-16 13:11:42.901840,Dubai-dc94,28,37,Normal
2026-02-16 13:11:43.901840,Dubai-dc94,16,73,Normal
2026-02-16 13:11:44.901840,Dubai-dc94,16,47,Normal
2026-02-16 13:11:45.901840,Dubai-dc94,-28,40,Normal
2026-02-16 13:11:46.901840,Dubai-dc94,37,99,Normal
2026-02-16 13:11:47.901840,Dubai-dc94,-24,4,Normal
2026-02-16 13:11:48.901840,Dubai-dc94,-24,89,Normal
2026-02-16 13:11:49.901840,Dubai-dc94,-19,52,Normal
2026-02-16 13:11:50.901840,Dubai-dc94,5,32,Normal
2026-02-16 13:11:51.901840,Dubai-dc94,31,84,Normal
2026-02-16 13:11:52.901840,Dubai-dc94,48,28,Normal
2026-02-16 13:11:53.901840,Dubai-dc94,-20,86,Normal
2026-02-16 13:11:54.901840,Dubai-dc94,21,0,Normal
2026-02-16 13:11:55.901840,Dubai-dc94,-4,30,Normal
2026-02-16 13:11:56.901840,Dubai-dc94,-14,83,Normal
2026-02-16 13:11:57.901840,Dubai-dc94,5,10,Normal
2026-02-16 13:11:58.901840,Dubai-dc94,40,93,Normal
2026-02-16 13:11:59.901840,Dubai-dc94,42,48,Normal
2026-02-16 13:12:00.901840,Dubai-dc94,0,54,Normal
2026-02-16 13:12:01.901840,Dubai-dc94,-15,23,Normal
2026-02-16 13:12:02.901840,Dubai-dc94,29,33,Normal
2026-02-16 13:12:03.901840,Dubai-dc94,-7,54,Normal
2026-02-16 13:12:04.901840,Dubai-dc94,9,15,Normal
2026-02-16 13:12:05.901840,Dubai-dc94,22,31,Normal
2026-02-16 13:12:06.901840,Dubai-dc94,46,36,Normal
2026-02-16 13:12:07.901840,Dubai-dc94,10,38,Normal
2026-02-16 13:12:08.901840,Dubai-dc94,-20,21,Normal
2026-02-16 13:12:09.901840,Dubai-dc94,10,4,Normal
2026-02-16 13:12:10.901840,Dubai-dc94,-30,78,Normal
2026-02-16 13:12:11.901840,Dubai-dc94,45,64,Normal
2026-02-16 13:12:12.901840,Dubai-dc94,-10,65,Normal
2026-02-16 13:12:13.901840,Dubai-dc94,31,73,Normal
2026-02-16 13:12:14.901840,Dubai-dc94,-22,92,Normal
2026-02-16 13:12:15.901840,Dubai-dc94,36,47,Normal
2026-02-16 13:12:16.901840,Dubai-dc94,4,14,Normal
2026-02-16 13:12:17.901840,Dubai-dc94,-15,14,Normal
2026-02-16 13:12:18.901840,Dubai-dc94,27,43,Normal
2026-02-16 13:12:19.901840,Dubai-dc94,-24,57,Normal
2026-02-16 13:12:20.901840,Dubai-dc94,39,39,Normal
2026-02-16 13:12:21.901840,Dubai-dc94,-25,43,Normal
2026-02-16 13:12:22.901840,Dubai-dc94,-7,20,Normal
2026-02-16 13:12:23.901840,Dubai-dc94,-5,1,Normal
2026-02-16 13:12:24.901840,Dubai-dc94,-22,98,Normal
