timestamp,station_id,temp,humid,condition
2026-02-08 14:05:32.563754,London-b1c1,-14,82,Normal
2026-02-08 14:05:33.563754,London-b1c1,22,64,Normal
2026-02-08 14:05:34.563754,London-b1c1,-27,33,Normal
2026-02-08 14:05:35.563754,London-b1c1,-30,89,Normal
2026-02-08 14:05:36.563754,London-b1c1,50,33,Normal
2026-02-08 14:05:37.563754,London-b1c1,23,74,Normal
2026-02-08 14:05:38.563754,London-b1c1,12,83,Normal
2026-02-08 14:05:39.563754,London-b1c1,-29,80,Normal
2026-02-08 14:05:40.563754,London-b1c1,47,38,Normal
2026-02-08 14:05:41.563754,London-b1c1,38,13,Normal
2026-02-08 14:05:42.563754,London-b1c1,41,88,Normal
2026-02-08 14:05:43.563754,London-b1c1,-24,70,Normal
2026-02-08 14:05:44.563754,London-b1c1,-16,82,Normal
2026-02-08 14:05:45.563754,London-b1c1,-10,7,Normal
2026-02-08 14:05:46.563754,London-b1c1,31,48,Normal
2026-02-08 14:05:47.563754,London-b1c1,18,17,Normal
2026-02-08 14:05:48.563754,London-b1c1,12,14,Normal
2026-02-08 14:05:49.563754,London-b1c1,-28,80,Normal
2026-02-08 14:05:50.563754,London-b1c1,44,96,Normal
2026-02-08 14:05:51.563754,London-b1c1,22,22,Normal
2026-02-08 14:05:52.563754,London-b1c1,-1,14,Normal
2026-02-08 14:05:53.563754,London-b1c1,35,80,Normal
2026-02-08 14:05:54.563754,London-b1c1,19,25,Normal
2026-02-08 14:05:55.563754,London-b1c1,-1,79,Normal
2026-02-08 14:05:56.563754,London-b1c1,39,29,Normal
2026-02-08 14:05:57.563754,London-b1c1,41,31,Normal
2026-02-08 14:05:58.563754,London-b1c1,10,49,Normal
2026-02-08 14:05:59.563754,London-b1c1,3,64,Normal
2026-02-08 14:06:00.563754,London-b1c1,27,33,Normal
2026-02-08 14:06:01.563754,London-b1c1,0,25,Normal
2026-02-08 14:06:02.563754,London-b1c1,24,86,Normal
2026-02-08 14:06:03.563754,London-b1c1,-26,56,Normal
2026-02-08 14:06:04.563754,London-b1c1,39,27,Normal
2026-02-08 14:06:05.563754,London-b1c1,-20,14,Normal
2026-02-08 14:06:06.563754,London-b1c1,-18,98,Normal
2026-02-08 14:06:07.563754,London-b1c1,1,95,Normal
2026-02-08 14:06:08.563754,London-b1c1,-22,89,Normal
2026-02-08 14:06:09.563754,London-b1c1,-23,69,Normal
2026-02-08 14:06:10.563754,London-b1c1,7,78,Normal
2026-02-08 14:06:11.563754,London-b1c1,13,67,Normal
2026-02-08 14:06:12.563754,London-b1c1,-24,70,Normal
2026-02-08 14:06:13.563754,London-b1c1,-14,4,Normal
2026-02-08 14:06:14.563754,London-b1c1,12,21,Normal
2026-02-08 14:06:15.563754,London-b1c1,5,79,Normal
2026-02-08 14:06:16.563754,London-b1c1,-30,33,Normal
2026-02-08 14:06:17.563754,London-b1c1,46,30,Normal
2026-02-08 14:06:18.563754,London-b1c1,48,74,Normal
2026-02-08 14:06:19.563754,London-b1c1,47,83,Normal
2026-02-08 14:06:20.563754,London-b1c1,35,16,Normal
2026-02-08 14:06:21.563754,London-b1c1,21,21,Normal
2026-02-08 14:06:22.563754,London-b1c1,-15,65,Normal
2026-02-08 14:06:23.563754,London-b1c1,47,48,Normal
2026-02-08 14:06:24.563754,London-b1c1,6,59,Normal
2026-02-08 14:06:25.563754,London-b1c1,24,74,Normal
2026-02-08 14:06:26.563754,London-b1c1,21,2,Normal
2026-02-08 14:06:27.563754,London-b1c1,36,30,Normal
2026-02-08 14:06:28.563754,London-b1c1,2,75,Normal
2026-02-08 14:06:29.563754,London-b1c1,20,43,Normal
2026-02-08 14:06:30.563754,London-b1c1,19,88,Normal
2026-02-08 14:06:31.563754,London-b1c1,-5,98,Normal
2026-02-08 14:06:32.563754,London-b1c1,3,6,Normal
2026-02-08 14:06:33.563754,London-b1c1,-27,69,Normal
2026-02-08 14:06:34.563754,London-b1c1,33,80,Normal
2026-02-08 14:06:35.563754,London-b1c1,28,73,Normal
2026-02-08 14:06:36.563754,London-b1c1,-20,76,Normal
2026-02-08 14:06:37.563754,London-b1c1,31,61,Normal
2026-02-08 14:06:38.563754,London-b1c1,35,48,Normal
2026-02-08 14:06:39.563754,London-b1c1,41,4,Normal
2026-02-08 14:06:40.563754,London-b1c1,6,1,Normal
2026-02-08 14:06:41.563754,London-b1c1,-24,66,Normal
2026-02-08 14:06:42.563754,London-b1c1,-21,82,Normal
2026-02-08 14:06:43.563754,London-b1c1,31,46,Normal
2026-02-08 14:06:44.563754,London-b1c1,41,68,Normal
2026-02-08 14:06:45.563754,London-b1c1,34,69,Normal
2026-02-08 14:06:46.563754,London-b1c1,-27,79,Normal
2026-02-08 14:06:47.563754,London-b1c1,18,55,Normal
2026-02-08 14:06:48.563754,London-b1c1,33,47,Normal
2026-02-08 14:06:49.563754,London-b1c1,24,58,Normal
2026-02-08 14:06:50.563754,London-b1c1,9,84,Normal
2026-02-08 14:06:51.563754,London-b1c1,25,34,Normal
2026-02-08 14:06:52.563754,London-b1c1,25,67,Normal
2026-02-08 14:06:53.563754,London-b1c1,-14,75,Normal
2026-02-08 14:06:54.563754,London-b1c1,-19,84,Normal
2026-02-08 14:06:55.563754,London-b1c1,-14,3,Normal
2026-02-08 14:06:56.563754,London-b1c1,0,40,Normal
2026-02-08 14:06:57.563754,London-b1c1,43,2,Normal
2026-02-08 14:06:58.563754,London-b1c1,-4,22,Normal
2026-02-08 14:06:59.563754,London-b1c1,-9,65,Normal
2026-02-08 14:07:00.563754,London-b1c1,-30,95,Normal
2026-02-08 14:07:01.563754,London-b1c1,-27,25,Normal
2026-02-08 14:07:02.563754,London-b1c1,6,51,Normal
2026-02-08 14:07:03.563754,London-b1c1,33,31,Normal
2026-02-08 14:07:04.563754,London-b1c1,-18,97,Normal
2026-02-08 14:07:05.563754,London-b1c1,48,14,Normal
2026-02-08 14:07:06.563754,London-b1c1,21,90,Normal
2026-02-08 14:07:07.563754,London-b1c1,-2,4,Normal
2026-02-08 14:07:08.563754,London-b1c1,34,81,Normal
2026-02-08 14:07:09.563754,London-b1c1,40,64,Normal
2026-02-08 14:07:10.563754,London-b1c1,-30,50,Normal
2026-02-08 14:07:11.563754,London-b1c1,-24,15,Normal
2026-02-08 14:07:12.563754,London-b1c1,29,5,Normal
2026-02-08 14:07:13.563754,London-b1c1,-27,43,Normal
2026-02-08 14:07:14.563754,London-b1c1,-20,7,Normal
2026-02-08 14:07:15.563754,London-b1c1,-19,73,Normal
2026-02-08 14:07:16.563754,London-b1c1,15,4,Normal
2026-02-08 14:07:17.563754,London-b1c1,1,57,Normal
2026-02-08 14:07:18.563754,London-b1c1,16,73,Normal
2026-02-08 14:07:19.563754,London-b1c1,6,15,Normal
2026-02-08 14:07:20.563754,London-b1c1,-29,67,Normal
2026-02-08 14:07:21.563754,London-b1c1,-20,16,Normal
2026-02-08 14:07:22.563754,London-b1c1,-21,74,Normal
2026-02-08 14:07:23.563754,London-b1c1,-22,15,Normal
2026-02-08 14:07:24.563754,London-b1c1,-10,1,Normal
2026-02-08 14:07:25.563754,London-b1c1,18,57,Normal
2026-02-08 14:07:26.563754,London-b1c1,27,87,Normal
2026-02-08 14:07:27.563754,London-b1c1,47,53,Normal
2026-02-08 14:07:28.563754,London-b1c1,6,82,Normal
2026-02-08 14:07:29.563754,London-b1c1,35,95,Normal
2026-02-08 14:07:30.563754,London-b1c1,22,43,Normal
2026-02-08 14:07:31.563754,London-b1c1,25,70,Normal
2026-02-08 14:07:32.563754,London-b1c1,6,55,Normal
2026-02-08 14:07:33.563754,London-b1c1,-14,37,Normal
2026-02-08 14:07:34.563754,London-b1c1,7,56,Normal
2026-02-08 14:07:35.563754,London-b1c1,-26,30,Normal
2026-02-08 14:07:36.563754,London-b1c1,-7,20,Normal
2026-02-08 14:07:37.563754,London-b1c1,29,83,Normal
2026-02-08 14:07:38.563754,London-b1c1,-20,2,Normal
2026-02-08 14:07:39.563754,London-b1c1,14,34,Normal
2026-02-08 14:07:40.563754,London-b1c1,47,15,Normal
2026-02-08 14:07:41.563754,London-b1c1,46,83,Normal
2026-02-08 14:07:42.563754,London-b1c1,25,88,Normal
2026-02-08 14:07:43.563754,London-b1c1,38,35,Normal
2026-02-08 14:07:44.563754,London-b1c1,2,47,Normal
2026-02-08 14:07:45.563754,London-b1c1,-24,49,Normal
2026-02-08 14:07:46.563754,London-b1c1,-8,88,Normal
2026-02-08 14:07:47.563754,London-b1c1,37,74,Normal
2026-02-08 14:07:48.563754,London-b1c1,49,19,Normal
2026-02-08 14:07:49.563754,London-b1c1,-26,96,Normal
2026-02-08 14:07:50.563754,London-b1c1,25,8,Normal
2026-02-08 14:07:51.563754,London-b1c1,30,49,Normal
2026-02-08 14:07:52.563754,London-b1c1,26,54,Normal
2026-02-08 14:07:53.563754,London-b1c1,3,58,Normal
2026-02-08 14:07:54.563754,London-b1c1,27,94,Normal
2026-02-08 14:07:55.563754,London-b1c1,18,40,Normal
2026-02-08 14:07:56.563754,London-b1c1,27,80,Normal
2026-02-08 14:07:57.563754,London-b1c1,32,47,Normal
2026-02-08 14:07:58.563754,London-b1c1,40,99,Normal
2026-02-08 14:07:59.563754,London-b1c1,6,3,Normal
2026-02-08 14:08:00.563754,London-b1c1,13,27,Normal
2026-02-08 14:08:01.563754,London-b1c1,45,29,Normal
2026-02-08 14:08:02.563754,London-b1c1,40,58,Normal
2026-02-08 14:08:03.563754,London-b1c1,42,16,Normal
2026-02-08 14:08:04.563754,London-b1c1,-17,39,Normal
2026-02-08 14:08:05.563754,London-b1c1,-23,1,Normal
2026-02-08 14:08:06.563754,London-b1c1,-25,44,Normal
2026-02-08 14:08:07.563754,London-b1c1,31,67,Normal
2026-02-08 14:08:08.563754,London-b1c1,15,75,Normal
2026-02-08 14:08:09.563754,London-b1c1,11,59,Normal
2026-02-08 14:08:10.563754,London-b1c1,35,98,Normal
2026-02-08 14:08:11.563754,London-b1c1,24,16,Normal
2026-02-08 14:08:12.563754,London-b1c1,17,36,Normal
2026-02-08 14:08:13.563754,London-b1c1,29,33,Normal
2026-02-08 14:08:14.563754,London-b1c1,42,7,Normal
2026-02-08 14:08:15.563754,London-b1c1,-3,24,Normal
2026-02-08 14:08:16.563754,London-b1c1,17,94,Normal
2026-02-08 14:08:17.563754,London-b1c1,6,65,Normal
2026-02-08 14:08:18.563754,London-b1c1,39,16,Normal
2026-02-08 14:08:19.563754,London-b1c1,21,31,Normal
2026-02-08 14:08:20.563754,London-b1c1,-10,58,Normal
2026-02-08 14:08:21.563754,London-b1c1,-6,48,Normal
2026-02-08 14:08:22.563754,London-b1c1,1,92,Normal
2026-02-08 14:08:23.563754,London-b1c1,34,4,Normal
2026-02-08 14:08:24.563754,London-b1c1,47,7,Normal
2026-02-08 14:08:25.563754,London-b1c1,-14,58,Normal
2026-02-08 14:08:26.563754,London-b1c1,-4,29,Normal
2026-02-08 14:08:27.563754,London-b1c1,-20,54,Normal
2026-02-08 14:08:28.563754,London-b1c1,35,98,Normal
2026-02-08 14:08:29.563754,London-b1c1,-27,82,Normal
2026-02-08 14:08:30.563754,London-b1c1,-3,77,Normal
2026-02-08 14:08:31.563754,London-b1c1,-17,64,Normal
2026-02-08 14:08:32.563754,London-b1c1,45,30,Normal
2026-02-08 14:08:33.563754,London-b1c1,-2,92,Normal
2026-02-08 14:08:34.563754,London-b1c1,-20,91,Normal
2026-02-08 14:08:35.563754,London-b1c1,0,5,Normal
2026-02-08 14:08:36.563754,London-b1c1,46,40,Normal
2026-02-08 14:08:37.563754,London-b1c1,-10,13,Normal
2026-02-08 14:08:38.563754,London-b1c1,-4,68,Normal
2026-02-08 14:08:39.563754,London-b1c1,39,87,Normal
2026-02-08 14:08:40.563754,London-b1c1,34,76,Normal
2026-02-08 14:08:41.563754,London-b1c1,50,26,Normal
2026-02-08 14:08:42.563754,London-b1c1,12,21,Normal
2026-02-08 14:08:43.563754,London-b1c1,-10,56,Normal
2026-02-08 14:08:44.563754,London-b1c1,26,95,Normal
2026-02-08 14:08:45.563754,London-b1c1,7,36,Normal
2026-02-08 14:08:46.563754,London-b1c1,42,42,Normal
2026-02-08 14:08:47.563754,London-b1c1,21,40,Normal
2026-02-08 14:08:48.563754,London-b1c1,-20,13,Normal
2026-02-08 14:08:49.563754,London-b1c1,30,45,Normal
2026-02-08 14:08:50.563754,London-b1c1,-26,43,Normal
2026-02-08 14:08:51.563754,London-b1c1,-1,30,Normal
2026-02-08 14:08:52.563754,London-b1c1,14,99,Normal
2026-02-08 14:08:53.563754,London-b1c1,48,40,Normal
2026-02-08 14:08:54.563754,London-b1c1,-16,94,Normal
2026-02-08 14:08:55.563754,London-b1c1,38,76,Normal
2026-02-08 14:08:56.563754,London-b1c1,-24,57,Normal
2026-02-08 14:08:57.563754,London-b1c1,24,58,Normal
2026-02-08 14:08:58.563754,London-b1c1,23,72,Normal
2026-02-08 14:08:59.563754,London-b1c1,9,38,Normal
2026-02-08 14:09:00.563754,London-b1c1,5,86,Normal
2026-02-08 14:09:01.563754,London-b1c1,6,20,Normal
2026-02-08 14:09:02.563754,London-b1c1,-6,41,Normal
2026-02-08 14:09:03.563754,London-b1c1,28,97,Normal
2026-02-08 14:09:04.563754,London-b1c1,42,11,Normal
2026-02-08 14:09:05.563754,London-b1c1,-13,76,Normal
2026-02-08 14:09:06.563754,London-b1c1,-23,61,Normal
2026-02-08 14:09:07.563754,London-b1c1,34,66,Normal
2026-02-08 14:09:08.563754,London-b1c1,-29,36,Normal
2026-02-08 14:09:09.563754,London-b1c1,48,59,Normal
2026-02-08 14:09:10.563754,London-b1c1,33,37,Normal
2026-02-08 14:09:11.563754,London-b1c1,50,65,Normal
2026-02-08 14:09:12.563754,London-b1c1,-14,0,Normal
2026-02-08 14:09:13.563754,London-b1c1,-22,2,Normal
2026-02-08 14:09:14.563754,London-b1c1,14,12,Normal
2026-02-08 14:09:15.563754,London-b1c1,-14,70,Normal
2026-02-08 14:09:16.563754,London-b1c1,-3,91,Normal
2026-02-08 14:09:17.563754,London-b1c1,-20,44,Normal
2026-02-08 14:09:18.563754,London-b1c1,-18,37,Normal
2026-02-08 14:09:19.563754,London-b1c1,-17,75,Normal
2026-02-08 14:09:20.563754,London-b1c1,-4,100,Normal
2026-02-08 14:09:21.563754,London-b1c1,22,26,Normal
2026-02-08 14:09:22.563754,London-b1c1,-7,14,Normal
2026-02-08 14:09:23.563754,London-b1c1,20,77,Normal
2026-02-08 14:09:24.563754,London-b1c1,20,63,Normal
2026-02-08 14:09:25.563754,London-b1c1,11,53,Normal
2026-02-08 14:09:26.563754,London-b1c1,22,86,Normal
2026-02-08 14:09:27.563754,London-b1c1,-27,62,Normal
2026-02-08 14:09:28.563754,London-b1c1,7,50,Normal
2026-02-08 14:09:29.563754,London-b1c1,19,7,Normal
2026-02-08 14:09:30.563754,London-b1c1,3,41,Normal
2026-02-08 14:09:31.563754,London-b1c1,-18,53,Normal
2026-02-08 14:09:32.563754,London-b1c1,44,95,Normal
2026-02-08 14:09:33.563754,London-b1c1,27,14,Normal
2026-02-08 14:09:34.563754,London-b1c1,-17,18,Normal
2026-02-08 14:09:35.563754,London-b1c1,-29,75,Normal
2026-02-08 14:09:36.563754,London-b1c1,2,94,Normal
2026-02-08 14:09:37.563754,London-b1c1,18,26,Normal
2026-02-08 14:09:38.563754,London-b1c1,-15,38,Normal
2026-02-08 14:09:39.563754,London-b1c1,-16,3,Normal
2026-02-08 14:09:40.563754,London-b1c1,49,67,Normal
2026-02-08 14:09:41.563754,London-b1c1,35,57,Normal
2026-02-08 14:09:42.563754,London-b1c1,12,33,Normal
2026-02-08 14:09:43.563754,London-b1c1,-10,92,Normal
2026-02-08 14:09:44.563754,London-b1c1,29,71,Normal
2026-02-08 14:09:45.563754,London-b1c1,16,8,Normal
2026-02-08 14:09:46.563754,London-b1c1,8,26,Normal
2026-02-08 14:09:47.563754,London-b1c1,-18,66,Normal
2026-02-08 14:09:48.563754,London-b1c1,20,56,Normal
2026-02-08 14:09:49.563754,London-b1c1,8,3,Normal
2026-02-08 14:09:50.563754,London-b1c1,22,76,Normal
2026-02-08 14:09:51.563754,London-b1c1,16,9,Normal
2026-02-08 14:09:52.563754,London-b1c1,30,37,Normal
2026-02-08 14:09:53.563754,London-b1c1,47,82,Normal
2026-02-08 14:09:54.563754,London-b1c1,-23,85,Normal
2026-02-08 14:09:55.563754,London-b1c1,37,51,Normal
2026-02-08 14:09:56.563754,London-b1c1,-22,53,Normal
2026-02-08 14:09:57.563754,London-b1c1,-12,73,Normal
2026-02-08 14:09:58.563754,London-b1c1,47,53,Normal
2026-02-08 14:09:59.563754,London-b1c1,47,92,Normal
2026-02-08 14:10:00.563754,London-b1c1,-30,68,Normal
2026-02-08 14:10:01.563754,London-b1c1,-9,9,Normal
2026-02-08 14:10:02.563754,London-b1c1,47,96,Normal
2026-02-08 14:10:03.563754,London-b1c1,-18,51,Normal
2026-02-08 14:10:04.563754,London-b1c1,37,31,Normal
2026-02-08 14:10:05.563754,London-b1c1,24,41,Normal
2026-02-08 14:10:06.563754,London-b1c1,-6,70,Normal
2026-02-08 14:10:07.563754,London-b1c1,17,26,Normal
2026-02-08 14:10:08.563754,London-b1c1,32,69,Normal
2026-02-08 14:10:09.563754,London-b1c1,40,22,Normal
2026-02-08 14:10:10.563754,London-b1c1,24,49,Normal
2026-02-08 14:10:11.563754,London-b1c1,46,0,Normal
2026-02-08 14:10:12.563754,London-b1c1,-21,55,Normal
2026-02-08 14:10:13.563754,London-b1c1,32,21,Normal
2026-02-08 14:10:14.563754,London-b1c1,-11,80,Normal
2026-02-08 14:10:15.563754,London-b1c1,-5,47,Normal
2026-02-08 14:10:16.563754,London-b1c1,19,44,Normal
2026-02-08 14:10:17.563754,London-b1c1,-20,52,Normal
2026-02-08 14:10:18.563754,London-b1c1,-4,29,Normal
2026-02-08 14:10:19.563754,London-b1c1,-4,61,Normal
2026-02-08 14:10:20.563754,London-b1c1,-22,44,Normal
2026-02-08 14:10:21.563754,London-b1c1,-7,83,Normal
2026-02-08 14:10:22.563754,London-b1c1,13,10,Normal
2026-02-08 14:10:23.563754,London-b1c1,13,98,Normal
2026-02-08 14:10:24.563754,London-b1c1,45,26,Normal
2026-02-08 14:10:25.563754,London-b1c1,5,89,Normal
2026-02-08 14:10:26.563754,London-b1c1,29,44,Normal
2026-02-08 14:10:27.563754,London-b1c1,-12,13,Normal
2026-02-08 14:10:28.563754,London-b1c1,8,97,Normal
2026-02-08 14:10:29.563754,London-b1c1,3,69,Normal
2026-02-08 14:10:30.563754,London-b1c1,-30,26,Normal
2026-02-08 14:10:31.563754,London-b1c1,20,23,Normal
2026-02-08 14:10:32.563754,London-b1c1,13,75,Normal
2026-02-08 14:10:33.563754,London-b1c1,0,1,Normal
2026-02-08 14:10:34.563754,London-b1c1,26,56,Normal
2026-02-08 14:10:35.563754,London-b1c1,49,70,Normal
2026-02-08 14:10:36.563754,London-b1c1,41,70,Normal
2026-02-08 14:10:37.563754,London-b1c1,-2,68,Normal
2026-02-08 14:10:38.563754,London-b1c1,26,18,Normal
2026-02-08 14:10:39.563754,London-b1c1,18,55,Normal
2026-02-08 14:10:40.563754,London-b1c1,1,87,Normal
2026-02-08 14:10:41.563754,London-b1c1,-21,76,Normal
2026-02-08 14:10:42.563754,London-b1c1,32,86,Normal
2026-02-08 14:10:43.563754,London-b1c1,17,30,Normal
2026-02-08 14:10:44.563754,London-b1c1,-10,8,Normal
2026-02-08 14:10:45.563754,London-b1c1,-6,59,Normal
2026-02-08 14:10:46.563754,London-b1c1,28,31,Normal
2026-02-08 14:10:47.563754,London-b1c1,-13,32,Normal
2026-02-08 14:10:48.563754,London-b1c1,22,43,Normal
2026-02-08 14:10:49.563754,London-b1c1,3,40,Normal
2026-02-08 14:10:50.563754,London-b1c1,-17,71,Normal
2026-02-08 14:10:51.563754,London-b1c1,-20,15,Normal
2026-02-08 14:10:52.563754,London-b1c1,20,91,Normal
2026-02-08 14:10:53.563754,London-b1c1,47,34,Normal
2026-02-08 14:10:54.563754,London-b1c1,-10,72,Normal
2026-02-08 14:10:55.563754,London-b1c1,46,79,Normal
2026-02-08 14:10:56.563754,London-b1c1,44,19,Normal
2026-02-08 14:10:57.563754,London-b1c1,-7,68,Normal
2026-02-08 14:10:58.563754,London-b1c1,-23,30,Normal
2026-02-08 14:10:59.563754,London-b1c1,32,30,Normal
2026-02-08 14:11:00.563754,London-b1c1,50,42,Normal
2026-02-08 14:11:01.563754,London-b1c1,48,72,Normal
2026-02-08 14:11:02.563754,London-b1c1,27,87,Normal
2026-02-08 14:11:03.563754,London-b1c1,48,65,Normal
2026-02-08 14:11:04.563754,London-b1c1,-7,22,Normal
2026-02-08 14:11:05.563754,London-b1c1,-27,34,Normal
2026-02-08 14:11:06.563754,London-b1c1,-29,89,Normal
2026-02-08 14:11:07.563754,London-b1c1,35,25,Normal
2026-02-08 14:11:08.563754,London-b1c1,35,94,Normal
2026-02-08 14:11:09.563754,London-b1c1,37,48,Normal
2026-02-08 14:11:10.563754,London-b1c1,-7,54,Normal
2026-02-08 14:11:11.563754,London-b1c1,16,95,Normal
2026-02-08 14:11:12.563754,London-b1c1,25,99,Normal
2026-02-08 14:11:13.563754,London-b1c1,2,74,Normal
2026-02-08 14:11:14.563754,London-b1c1,43,42,Normal
2026-02-08 14:11:15.563754,London-b1c1,46,56,Normal
2026-02-08 14:11:16.563754,London-b1c1,2,96,Normal
2026-02-08 14:11:17.563754,London-b1c1,46,88,Normal
2026-02-08 14:11:18.563754,London-b1c1,36,38,Normal
2026-02-08 14:11:19.563754,London-b1c1,-26,44,Normal
2026-02-08 14:11:20.563754,London-b1c1,18,12,Normal
2026-02-08 14:11:21.563754,London-b1c1,1,28,Normal
2026-02-08 14:11:22.563754,London-b1c1,23,36,Normal
2026-02-08 14:11:23.563754,London-b1c1,41,82,Normal
2026-02-08 14:11:24.563754,London-b1c1,12,58,Normal
2026-02-08 14:11:25.563754,London-b1c1,20,64,Normal
2026-02-08 14:11:26.563754,London-b1c1,-18,93,Normal
2026-02-08 14:11:27.563754,London-b1c1,38,49,Normal
2026-02-08 14:11:28.563754,London-b1c1,7,22,Normal
2026-02-08 14:11:29.563754,London-b1c1,0,70,Normal
2026-02-08 14:11:30.563754,London-b1c1,-17,9,Normal
2026-02-08 14:11:31.563754,London-b1c1,-7,92,Normal
2026-02-08 14:11:32.563754,London-b1c1,23,20,Normal
2026-02-08 14:11:33.563754,London-b1c1,10,76,Normal
2026-02-08 14:11:34.563754,London-b1c1,18,30,Normal
2026-02-08 14:11:35.563754,London-b1c1,14,10,Normal
2026-02-08 14:11:36.563754,London-b1c1,-9,11,Normal
2026-02-08 14:11:37.563754,London-b1c1,40,52,Normal
2026-02-08 14:11:38.563754,London-b1c1,3,30,Normal
2026-02-08 14:11:39.563754,London-b1c1,-7,77,Normal
2026-02-08 14:11:40.563754,London-b1c1,-3,42,Normal
2026-02-08 14:11:41.563754,London-b1c1,-10,37,Normal
2026-02-08 14:11:42.563754,London-b1c1,5,48,Normal
2026-02-08 14:11:43.563754,London-b1c1,-19,31,Normal
2026-02-08 14:11:44.563754,London-b1c1,36,57,Normal
2026-02-08 14:11:45.563754,London-b1c1,35,81,Normal
2026-02-08 14:11:46.563754,London-b1c1,33,98,Normal
2026-02-08 14:11:47.563754,London-b1c1,42,15,Normal
2026-02-08 14:11:48.563754,London-b1c1,0,45,Normal
2026-02-08 14:11:49.563754,London-b1c1,13,32,Normal
2026-02-08 14:11:50.563754,London-b1c1,4,5,Normal
2026-02-08 14:11:51.563754,London-b1c1,25,72,Normal
2026-02-08 14:11:52.563754,London-b1c1,13,100,Normal
2026-02-08 14:11:53.563754,London-b1c1,17,41,Normal
2026-02-08 14:11:54.563754,London-b1c1,-15,17,Normal
2026-02-08 14:11:55.563754,London-b1c1,21,47,Normal
2026-02-08 14:11:56.563754,London-b1c1,48,15,Normal
2026-02-08 14:11:57.563754,London-b1c1,-11,9,Normal
2026-02-08 14:11:58.563754,London-b1c1,49,99,Normal
2026-02-08 14:11:59.563754,London-b1c1,16,41,Normal
2026-02-08 14:12:00.563754,London-b1c1,-4,97,Normal
2026-02-08 14:12:01.563754,London-b1c1,-28,83,Normal
2026-02-08 14:12:02.563754,London-b1c1,29,25,Normal
2026-02-08 14:12:03.563754,London-b1c1,-8,21,Normal
2026-02-08 14:12:04.563754,London-b1c1,25,87,Normal
2026-02-08 14:12:05.563754,London-b1c1,-13,53,Normal
2026-02-08 14:12:06.563754,London-b1c1,24,17,Normal
2026-02-08 14:12:07.563754,London-b1c1,-29,68,Normal
2026-02-08 14:12:08.563754,London-b1c1,-29,72,Normal
2026-02-08 14:12:09.563754,London-b1c1,0,97,Normal
2026-02-08 14:12:10.563754,London-b1c1,15,57,Normal
2026-02-08 14:12:11.563754,London-b1c1,-24,58,Normal
2026-02-08 14:12:12.563754,London-b1c1,-23,35,Normal
2026-02-08 14:12:13.563754,London-b1c1,-10,82,Normal
2026-02-08 14:12:14.563754,London-b1c1,-29,25,Normal
2026-02-08 14:12:15.563754,London-b1c1,10,99,Normal
2026-02-08 14:12:16.563754,London-b1c1,27,23,Normal
2026-02-08 14:12:17.563754,London-b1c1,34,28,Normal
2026-02-08 14:12:18.563754,London-b1c1,40,20,Normal
2026-02-08 14:12:19.563754,London-b1c1,-14,94,Normal
2026-02-08 14:12:20.563754,London-b1c1,33,41,Normal
2026-02-08 14:12:21.563754,London-b1c1,10,77,Normal
2026-02-08 14:12:22.563754,London-b1c1,13,73,Normal
2026-02-08 14:12:23.563754,London-b1c1,-13,95,Normal
2026-02-08 14:12:24.563754,London-b1c1,34,70,Normal
2026-02-08 14:12:25.563754,London-b1c1,46,91,Normal
2026-02-08 14:12:26.563754,London-b1c1,42,20,Normal
2026-02-08 14:12:27.563754,London-b1c1,-14,59,Normal
2026-02-08 14:12:28.563754,London-b1c1,14,66,Normal
2026-02-08 14:12:29.563754,London-b1c1,1,81,Normal
2026-02-08 14:12:30.563754,London-b1c1,17,8,Normal
2026-02-08 14:12:31.563754,London-b1c1,-24,94,Normal
2026-02-08 14:12:32.563754,London-b1c1,-30,91,Normal
2026-02-08 14:12:33.563754,London-b1c1,-15,86,Normal
2026-02-08 14:12:34.563754,London-b1c1,41,2,Normal
2026-02-08 14:12:35.563754,London-b1c1,-14,71,Normal
2026-02-08 14:12:36.563754,London-b1c1,-24,25,Normal
2026-02-08 14:12:37.563754,London-b1c1,-9,64,Normal
2026-02-08 14:12:38.563754,London-b1c1,41,75,Normal
2026-02-08 14:12:39.563754,London-b1c1,0,50,Normal
2026-02-08 14:12:40.563754,London-b1c1,43,61,Normal
2026-02-08 14:12:41.563754,London-b1c1,38,68,Normal
2026-02-08 14:12:42.563754,London-b1c1,26,47,Normal
2026-02-08 14:12:43.563754,London-b1c1,10,85,Normal
2026-02-08 14:12:44.563754,London-b1c1,-21,42,Normal
2026-02-08 14:12:45.563754,London-b1c1,26,87,Normal
2026-02-08 14:12:46.563754,London-b1c1,6,40,Normal
2026-02-08 14:12:47.563754,London-b1c1,-17,53,Normal
2026-02-08 14:12:48.563754,London-b1c1,39,61,Normal
2026-02-08 14:12:49.563754,London-b1c1,30,73,Normal
2026-02-08 14:12:50.563754,London-b1c1,17,64,Normal
2026-02-08 14:12:51.563754,London-b1c1,26,16,Normal
2026-02-08 14:12:52.563754,London-b1c1,35,95,Normal
2026-02-08 14:12:53.563754,London-b1c1,2,93,Normal
2026-02-08 14:12:54.563754,London-b1c1,9,46,Normal
2026-02-08 14:12:55.563754,London-b1c1,22,11,Normal
2026-02-08 14:12:56.563754,London-b1c1,16,19,Normal
2026-02-08 14:12:57.563754,London-b1c1,37,67,Normal
2026-02-08 14:12:58.563754,London-b1c1,6,0,Normal
2026-02-08 14:12:59.563754,London-b1c1,-27,35,Normal
2026-02-08 14:13:00.563754,London-b1c1,-6,38,Normal
2026-02-08 14:13:01.563754,London-b1c1,-24,24,Normal
2026-02-08 14:13:02.563754,London-b1c1,19,53,Normal
2026-02-08 14:13:03.563754,London-b1c1,-10,55,Normal
2026-02-08 14:13:04.563754,London-b1c1,36,34,Normal
2026-02-08 14:13:05.563754,London-b1c1,48,3,Normal
2026-02-08 14:13:06.563754,London-b1c1,-5,60,Normal
2026-02-08 14:13:07.563754,London-b1c1,26,81,Normal
2026-02-08 14:13:08.563754,London-b1c1,-22,60,Normal
2026-02-08 14:13:09.563754,London-b1c1,20,43,Normal
2026-02-08 14:13:10.563754,London-b1c1,14,8,Normal
2026-02-08 14:13:11.563754,London-b1c1,39,93,Normal
2026-02-08 14:13:12.563754,London-b1c1,48,93,Normal
2026-02-08 14:13:13.563754,London-b1c1,49,30,Normal
2026-02-08 14:13:14.563754,London-b1c1,-17,27,Normal
2026-02-08 14:13:15.563754,London-b1c1,26,30,Normal
2026-02-08 14:13:16.563754,London-b1c1,-9,13,Normal
2026-02-08 14:13:17.563754,London-b1c1,40,4,Normal
2026-02-08 14:13:18.563754,London-b1c1,50,40,Normal
2026-02-08 14:13:19.563754,London-b1c1,1,46,Normal
2026-02-08 14:13:20.563754,London-b1c1,43,71,Normal
2026-02-08 14:13:21.563754,London-b1c1,-15,70,Normal
2026-02-08 14:13:22.563754,London-b1c1,4,97,Normal
2026-02-08 14:13:23.563754,London-b1c1,50,52,Normal
2026-02-08 14:13:24.563754,London-b1c1,-1,77,Normal
2026-02-08 14:13:25.563754,London-b1c1,-11,41,Normal
2026-02-08 14:13:26.563754,London-b1c1,-19,91,Normal
2026-02-08 14:13:27.563754,London-b1c1,43,42,Normal
2026-02-08 14:13:28.563754,London-b1c1,41,59,Normal
2026-02-08 14:13:29.563754,London-b1c1,-30,14,Normal
2026-02-08 14:13:30.563754,London-b1c1,23,42,Normal
2026-02-08 14:13:31.563754,London-b1c1,47,47,Normal
2026-02-08 14:13:32.563754,London-b1c1,3,37,Normal
2026-02-08 14:13:33.563754,London-b1c1,-6,56,Normal
2026-02-08 14:13:34.563754,London-b1c1,40,100,Normal
2026-02-08 14:13:35.563754,London-b1c1,41,11,Normal
2026-02-08 14:13:36.563754,London-b1c1,50,34,Normal
2026-02-08 14:13:37.563754,London-b1c1,-2,91,Normal
2026-02-08 14:13:38.563754,London-b1c1,9,84,Normal
2026-02-08 14:13:39.563754,London-b1c1,0,86,Normal
2026-02-08 14:13:40.563754,London-b1c1,-26,2,Normal
2026-02-08 14:13:41.563754,London-b1c1,-3,93,Normal
2026-02-08 14:13:42.563754,London-b1c1,46,68,Normal
2026-02-08 14:13:43.563754,London-b1c1,-27,29,Normal
2026-02-08 14:13:44.563754,London-b1c1,-18,4,Normal
2026-02-08 14:13:45.563754,London-b1c1,-12,20,Normal
2026-02-08 14:13:46.563754,London-b1c1,-21,10,Normal
2026-02-08 14:13:47.563754,London-b1c1,33,32,Normal
2026-02-08 14:13:48.563754,London-b1c1,11,12,Normal
2026-02-08 14:13:49.563754,London-b1c1,2,13,Normal
2026-02-08 14:13:50.563754,London-b1c1,9,35,Normal
2026-02-08 14:13:51.563754,London-b1c1,-23,92,Normal
2026-02-08 14:13:52.563754,London-b1c1,9,69,Normal
2026-02-08 14:13:53.563754,London-b1c1,-8,64,Normal
2026-02-08 14:13:54.563754,London-b1c1,40,20,Normal
2026-02-08 14:13:55.563754,London-b1c1,-12,79,Normal
2026-02-08 14:13:56.563754,London-b1c1,-26,19,Normal
2026-02-08 14:13:57.563754,London-b1c1,-23,63,Normal
2026-02-08 14:13:58.563754,London-b1c1,37,33,Normal
2026-02-08 14:13:59.563754,London-b1c1,-3,99,Normal
2026-02-08 14:14:00.563754,London-b1c1,-14,92,Normal
2026-02-08 14:14:01.563754,London-b1c1,-25,27,Normal
2026-02-08 14:14:02.563754,London-b1c1,38,68,Normal
2026-02-08 14:14:03.563754,London-b1c1,44,49,Normal
2026-02-08 14:14:04.563754,London-b1c1,-10,51,Normal
2026-02-08 14:14:05.563754,London-b1c1,10,71,Normal
2026-02-08 14:14:06.563754,London-b1c1,31,68,Normal
2026-02-08 14:14:07.563754,London-b1c1,14,19,Normal
2026-02-08 14:14:08.563754,London-b1c1,19,66,Normal
2026-02-08 14:14:09.563754,London-b1c1,27,5,Normal
2026-02-08 14:14:10.563754,London-b1c1,-30,36,Normal
2026-02-08 14:14:11.563754,London-b1c1,-20,80,Normal
2026-02-08 14:14:12.563754,London-b1c1,19,64,Normal
2026-02-08 14:14:13.563754,London-b1c1,45,22,Normal
2026-02-08 14:14:14.563754,London-b1c1,29,98,Normal
2026-02-08 14:14:15.563754,London-b1c1,-17,96,Normal
2026-02-08 14:14:16.563754,London-b1c1,11,96,Normal
2026-02-08 14:14:17.563754,London-b1c1,25,42,Normal
2026-02-08 14:14:18.563754,London-b1c1,34,36,Normal
2026-02-08 14:14:19.563754,London-b1c1,27,58,Normal
2026-02-08 14:14:20.563754,London-b1c1,7,37,Normal
2026-02-08 14:14:21.563754,London-b1c1,12,34,Normal
2026-02-08 14:14:22.563754,London-b1c1,-2,28,Normal
2026-02-08 14:14:23.563754,London-b1c1,2,31,Normal
2026-02-08 14:14:24.563754,London-b1c1,19,47,Normal
2026-02-08 14:14:25.563754,London-b1c1,44,44,Normal
2026-02-08 14:14:26.563754,London-b1c1,-18,91,Normal
2026-02-08 14:14:27.563754,London-b1c1,11,71,Normal
2026-02-08 14:14:28.563754,London-b1c1,46,9,Normal
2026-02-08 14:14:29.563754,London-b1c1,-8,100,Normal
2026-02-08 14:14:30.563754,London-b1c1,49,44,Normal
2026-02-08 14:14:31.563754,London-b1c1,31,23,Normal
2026-02-08 14:14:32.563754,London-b1c1,22,86,Normal
2026-02-08 14:14:33.563754,London-b1c1,-18,4,Normal
2026-02-08 14:14:34.563754,London-b1c1,2,88,Normal
2026-02-08 14:14:35.563754,London-b1c1,15,39,Normal
2026-02-08 14:14:36.563754,London-b1c1,-30,91,Normal
2026-02-08 14:14:37.563754,London-b1c1,-3,67,Normal
2026-02-08 14:14:38.563754,London-b1c1,48,81,Normal
2026-02-08 14:14:39.563754,London-b1c1,5,26,Normal
2026-02-08 14:14:40.563754,London-b1c1,-28,89,Normal
2026-02-08 14:14:41.563754,London-b1c1,-9,39,Normal
2026-02-08 14:14:42.563754,London-b1c1,-9,26,Normal
2026-02-08 14:14:43.563754,London-b1c1,-6,59,Normal
2026-02-08 14:14:44.563754,London-b1c1,-9,92,Normal
2026-02-08 14:14:45.563754,London-b1c1,22,31,Normal
2026-02-08 14:14:46.563754,London-b1c1,20,80,Normal
2026-02-08 14:14:47.563754,London-b1c1,-23,35,Normal
2026-02-08 14:14:48.563754,London-b1c1,49,32,Normal
2026-02-08 14:14:49.563754,London-b1c1,-19,50,Normal
2026-02-08 14:14:50.563754,London-b1c1,0,41,Normal
2026-02-08 14:14:51.563754,London-b1c1,40,42,Normal
2026-02-08 14:14:52.563754,London-b1c1,-7,78,Normal
2026-02-08 14:14:53.563754,London-b1c1,36,69,Normal
2026-02-08 14:14:54.563754,London-b1c1,-7,45,Normal
2026-02-08 14:14:55.563754,London-b1c1,39,85,Normal
2026-02-08 14:14:56.563754,London-b1c1,-8,56,Normal
2026-02-08 14:14:57.563754,London-b1c1,-30,49,Normal
2026-02-08 14:14:58.563754,London-b1c1,12,55,Normal
2026-02-08 14:14:59.563754,London-b1c1,-20,33,Normal
2026-02-08 14:15:00.563754,London-b1c1,25,33,Normal
2026-02-08 14:15:01.563754,London-b1c1,-30,26,Normal
2026-02-08 14:15:02.563754,London-b1c1,35,34,Normal
2026-02-08 14:15:03.563754,London-b1c1,24,25,Normal
2026-02-08 14:15:04.563754,London-b1c1,7,100,Normal
2026-02-08 14:15:05.563754,London-b1c1,-8,24,Normal
2026-02-08 14:15:06.563754,London-b1c1,22,56,Normal
2026-02-08 14:15:07.563754,London-b1c1,46,95,Normal
2026-02-08 14:15:08.563754,London-b1c1,23,57,Normal
2026-02-08 14:15:09.563754,London-b1c1,35,6,Normal
2026-02-08 14:15:10.563754,London-b1c1,-16,69,Normal
2026-02-08 14:15:11.563754,London-b1c1,-26,16,Normal
2026-02-08 14:15:12.563754,London-b1c1,42,46,Normal
2026-02-08 14:15:13.563754,London-b1c1,-22,16,Normal
2026-02-08 14:15:14.563754,London-b1c1,36,67,Normal
2026-02-08 14:15:15.563754,London-b1c1,9,54,Normal
2026-02-08 14:15:16.563754,London-b1c1,32,92,Normal
2026-02-08 14:15:17.563754,London-b1c1,37,2,Normal
2026-02-08 14:15:18.563754,London-b1c1,35,51,Normal
2026-02-08 14:15:19.563754,London-b1c1,-25,45,Normal
2026-02-08 14:15:20.563754,London-b1c1,13,53,Normal
2026-02-08 14:15:21.563754,London-b1c1,44,28,Normal
2026-02-08 14:15:22.563754,London-b1c1,30,43,Normal
2026-02-08 14:15:23.563754,London-b1c1,-8,20,Normal
2026-02-08 14:15:24.563754,London-b1c1,47,77,Normal
2026-02-08 14:15:25.563754,London-b1c1,4,13,Normal
2026-02-08 14:15:26.563754,London-b1c1,50,46,Normal
2026-02-08 14:15:27.563754,London-b1c1,-14,77,Normal
2026-02-08 14:15:28.563754,London-b1c1,43,11,Normal
2026-02-08 14:15:29.563754,London-b1c1,42,9,Normal
2026-02-08 14:15:30.563754,London-b1c1,-21,96,Normal
2026-02-08 14:15:31.563754,London-b1c1,-1,63,Normal
2026-02-08 14:15:32.563754,London-b1c1,-22,79,Normal
2026-02-08 14:15:33.563754,London-b1c1,7,50,Normal
2026-02-08 14:15:34.563754,London-b1c1,-20,22,Normal
2026-02-08 14:15:35.563754,London-b1c1,-21,46,Normal
2026-02-08 14:15:36.563754,London-b1c1,24,11,Normal
2026-02-08 14:15:37.563754,London-b1c1,47,56,Normal
2026-02-08 14:15:38.563754,London-b1c1,-21,100,Normal
2026-02-08 14:15:39.563754,London-b1c1,-24,35,Normal
2026-02-08 14:15:40.563754,London-b1c1,-12,99,Normal
2026-02-08 14:15:41.563754,London-b1c1,30,30,Normal
2026-02-08 14:15:42.563754,London-b1c1,43,57,Normal
2026-02-08 14:15:43.563754,London-b1c1,-7,33,Normal
2026-02-08 14:15:44.563754,London-b1c1,39,13,Normal
2026-02-08 14:15:45.563754,London-b1c1,30,25,Normal
2026-02-08 14:15:46.563754,London-b1c1,46,39,Normal
2026-02-08 14:15:47.563754,London-b1c1,21,40,Normal
2026-02-08 14:15:48.563754,London-b1c1,-8,74,Normal
2026-02-08 14:15:49.563754,London-b1c1,-17,43,Normal
2026-02-08 14:15:50.563754,London-b1c1,38,19,Normal
2026-02-08 14:15:51.563754,London-b1c1,37,99,Normal
2026-02-08 14:15:52.563754,London-b1c1,-1,60,Normal
2026-02-08 14:15:53.563754,London-b1c1,19,73,Normal
2026-02-08 14:15:54.563754,London-b1c1,15,86,Normal
2026-02-08 14:15:55.563754,London-b1c1,1,36,Normal
2026-02-08 14:15:56.563754,London-b1c1,-5,16,Normal
2026-02-08 14:15:57.563754,London-b1c1,46,73,Normal
2026-02-08 14:15:58.563754,London-b1c1,-20,86,Normal
2026-02-08 14:15:59.563754,London-b1c1,-29,88,Normal
2026-02-08 14:16:00.563754,London-b1c1,14,13,Normal
2026-02-08 14:16:01.563754,London-b1c1,-2,80,Normal
2026-02-08 14:16:02.563754,London-b1c1,13,47,Normal
2026-02-08 14:16:03.563754,London-b1c1,-7,79,Normal
2026-02-08 14:16:04.563754,London-b1c1,47,37,Normal
2026-02-08 14:16:05.563754,London-b1c1,32,78,Normal
2026-02-08 14:16:06.563754,London-b1c1,-29,3,Normal
2026-02-08 14:16:07.563754,London-b1c1,-20,35,Normal
2026-02-08 14:16:08.563754,London-b1c1,23,28,Normal
2026-02-08 14:16:09.563754,London-b1c1,4,90,Normal
2026-02-08 14:16:10.563754,London-b1c1,28,72,Normal
2026-02-08 14:16:11.563754,London-b1c1,9,53,Normal
2026-02-08 14:16:12.563754,London-b1c1,-5,61,Normal
2026-02-08 14:16:13.563754,London-b1c1,5,88,Normal
2026-02-08 14:16:14.563754,London-b1c1,-30,74,Normal
2026-02-08 14:16:15.563754,London-b1c1,-3,52,Normal
2026-02-08 14:16:16.563754,London-b1c1,4,39,Normal
2026-02-08 14:16:17.563754,London-b1c1,-8,99,Normal
2026-02-08 14:16:18.563754,London-b1c1,13,53,Normal
2026-02-08 14:16:19.563754,London-b1c1,16,25,Normal
2026-02-08 14:16:20.563754,London-b1c1,-10,62,Normal
2026-02-08 14:16:21.563754,London-b1c1,4,92,Normal
2026-02-08 14:16:22.563754,London-b1c1,10,16,Normal
2026-02-08 14:16:23.563754,London-b1c1,36,36,Normal
2026-02-08 14:16:24.563754,London-b1c1,42,37,Normal
2026-02-08 14:16:25.563754,London-b1c1,26,100,Normal
2026-02-08 14:16:26.563754,London-b1c1,17,79,Normal
2026-02-08 14:16:27.563754,London-b1c1,22,3,Normal
2026-02-08 14:16:28.563754,London-b1c1,-26,85,Normal
2026-02-08 14:16:29.563754,London-b1c1,-18,46,Normal
2026-02-08 14:16:30.563754,London-b1c1,-27,67,Normal
2026-02-08 14:16:31.563754,London-b1c1,-14,5,Normal
2026-02-08 14:16:32.563754,London-b1c1,-28,79,Normal
2026-02-08 14:16:33.563754,London-b1c1,-10,46,Normal
2026-02-08 14:16:34.563754,London-b1c1,-27,67,Normal
2026-02-08 14:16:35.563754,London-b1c1,39,29,Normal
2026-02-08 14:16:36.563754,London-b1c1,9,90,Normal
2026-02-08 14:16:37.563754,London-b1c1,38,88,Normal
2026-02-08 14:16:38.563754,London-b1c1,22,60,Normal
2026-02-08 14:16:39.563754,London-b1c1,10,16,Normal
2026-02-08 14:16:40.563754,London-b1c1,25,17,Normal
2026-02-08 14:16:41.563754,London-b1c1,14,38,Normal
2026-02-08 14:16:42.563754,London-b1c1,-12,59,Normal
2026-02-08 14:16:43.563754,London-b1c1,2,24,Normal
2026-02-08 14:16:44.563754,London-b1c1,38,9,Normal
2026-02-08 14:16:45.563754,London-b1c1,-23,47,Normal
2026-02-08 14:16:46.563754,London-b1c1,34,15,Normal
2026-02-08 14:16:47.563754,London-b1c1,-8,2,Normal
2026-02-08 14:16:48.563754,London-b1c1,48,24,Normal
2026-02-08 14:16:49.563754,London-b1c1,2,89,Normal
2026-02-08 14:16:50.563754,London-b1c1,-3,65,Normal
2026-02-08 14:16:51.563754,London-b1c1,1,90,Normal
2026-02-08 14:16:52.563754,London-b1c1,-21,49,Normal
2026-02-08 14:16:53.563754,London-b1c1,14,24,Normal
2026-02-08 14:16:54.563754,London-b1c1,-20,68,Normal
2026-02-08 14:16:55.563754,London-b1c1,42,25,Normal
2026-02-08 14:16:56.563754,London-b1c1,39,94,Normal
2026-02-08 14:16:57.563754,London-b1c1,-16,78,Normal
2026-02-08 14:16:58.563754,London-b1c1,46,14,Normal
2026-02-08 14:16:59.563754,London-b1c1,21,47,Normal
2026-02-08 14:17:00.563754,London-b1c1,20,95,Normal
2026-02-08 14:17:01.563754,London-b1c1,48,18,Normal
2026-02-08 14:17:02.563754,London-b1c1,-24,52,Normal
2026-02-08 14:17:03.563754,London-b1c1,31,58,Normal
2026-02-08 14:17:04.563754,London-b1c1,37,81,Normal
2026-02-08 14:17:05.563754,London-b1c1,36,47,Normal
2026-02-08 14:17:06.563754,London-b1c1,26,70,Normal
2026-02-08 14:17:07.563754,London-b1c1,-18,37,Normal
2026-02-08 14:17:08.563754,London-b1c1,28,79,Normal
2026-02-08 14:17:09.563754,London-b1c1,-30,78,Normal
2026-02-08 14:17:10.563754,London-b1c1,39,28,Normal
2026-02-08 14:17:11.563754,London-b1c1,19,56,Normal
2026-02-08 14:17:12.563754,London-b1c1,16,21,Normal
2026-02-08 14:17:13.563754,London-b1c1,34,55,Normal
2026-02-08 14:17:14.563754,London-b1c1,48,48,Normal
2026-02-08 14:17:15.563754,London-b1c1,-27,14,Normal
2026-02-08 14:17:16.563754,London-b1c1,16,45,Normal
2026-02-08 14:17:17.563754,London-b1c1,-24,42,Normal
2026-02-08 14:17:18.563754,London-b1c1,38,59,Normal
2026-02-08 14:17:19.563754,London-b1c1,49,92,Normal
2026-02-08 14:17:20.563754,London-b1c1,50,53,Normal
2026-02-08 14:17:21.563754,London-b1c1,20,62,Normal
2026-02-08 14:17:22.563754,London-b1c1,29,31,Normal
2026-02-08 14:17:23.563754,London-b1c1,22,25,Normal
2026-02-08 14:17:24.563754,London-b1c1,22,11,Normal
2026-02-08 14:17:25.563754,London-b1c1,-22,78,Normal
2026-02-08 14:17:26.563754,London-b1c1,-26,28,Normal
2026-02-08 14:17:27.563754,London-b1c1,-10,92,Normal
2026-02-08 14:17:28.563754,London-b1c1,-25,68,Normal
2026-02-08 14:17:29.563754,London-b1c1,-20,18,Normal
2026-02-08 14:17:30.563754,London-b1c1,41,30,Normal
2026-02-08 14:17:31.563754,London-b1c1,42,44,Normal
2026-02-08 14:17:32.563754,London-b1c1,32,16,Normal
2026-02-08 14:17:33.563754,London-b1c1,44,76,Normal
2026-02-08 14:17:34.563754,London-b1c1,15,58,Normal
2026-02-08 14:17:35.563754,London-b1c1,-1,73,Normal
2026-02-08 14:17:36.563754,London-b1c1,37,43,Normal
2026-02-08 14:17:37.563754,London-b1c1,25,5,Normal
2026-02-08 14:17:38.563754,London-b1c1,-29,75,Normal
2026-02-08 14:17:39.563754,London-b1c1,-11,25,Normal
2026-02-08 14:17:40.563754,London-b1c1,-10,14,Normal
2026-02-08 14:17:41.563754,London-b1c1,-3,57,Normal
2026-02-08 14:17:42.563754,London-b1c1,-10,64,Normal
2026-02-08 14:17:43.563754,London-b1c1,-16,100,Normal
2026-02-08 14:17:44.563754,London-b1c1,10,9,Normal
2026-02-08 14:17:45.563754,London-b1c1,25,98,Normal
2026-02-08 14:17:46.563754,London-b1c1,-8,77,Normal
2026-02-08 14:17:47.563754,London-b1c1,47,37,Normal
2026-02-08 14:17:48.563754,London-b1c1,49,60,Normal
2026-02-08 14:17:49.563754,London-b1c1,-3,69,Normal
2026-02-08 14:17:50.563754,London-b1c1,-24,20,Normal
2026-02-08 14:17:51.563754,London-b1c1,-5,93,Normal
2026-02-08 14:17:52.563754,London-b1c1,48,70,Normal
2026-02-08 14:17:53.563754,London-b1c1,31,19,Normal
2026-02-08 14:17:54.563754,London-b1c1,32,26,Normal
2026-02-08 14:17:55.563754,London-b1c1,37,10,Normal
2026-02-08 14:17:56.563754,London-b1c1,-14,27,Normal
2026-02-08 14:17:57.563754,London-b1c1,-17,97,Normal
2026-02-08 14:17:58.563754,London-b1c1,-17,60,Normal
2026-02-08 14:17:59.563754,London-b1c1,31,29,Normal
2026-02-08 14:18:00.563754,London-b1c1,20,76,Normal
2026-02-08 14:18:01.563754,London-b1c1,-25,21,Normal
2026-02-08 14:18:02.563754,London-b1c1,-17,14,Normal
2026-02-08 14:18:03.563754,London-b1c1,31,43,Normal
2026-02-08 14:18:04.563754,London-b1c1,4,76,Normal
2026-02-08 14:18:05.563754,London-b1c1,42,8,Normal
2026-02-08 14:18:06.563754,London-b1c1,-12,37,Normal
2026-02-08 14:18:07.563754,London-b1c1,-21,85,Normal
2026-02-08 14:18:08.563754,London-b1c1,13,74,Normal
2026-02-08 14:18:09.563754,London-b1c1,-8,7,Normal
2026-02-08 14:18:10.563754,London-b1c1,-12,90,Normal
2026-02-08 14:18:11.563754,London-b1c1,31,14,Normal
2026-02-08 14:18:12.563754,London-b1c1,-29,55,Normal
2026-02-08 14:18:13.563754,London-b1c1,-17,75,Normal
2026-02-08 14:18:14.563754,London-b1c1,-11,23,Normal
2026-02-08 14:18:15.563754,London-b1c1,50,18,Normal
2026-02-08 14:18:16.563754,London-b1c1,-30,49,Normal
2026-02-08 14:18:17.563754,London-b1c1,21,1,Normal
2026-02-08 14:18:18.563754,London-b1c1,14,63,Normal
2026-02-08 14:18:19.563754,London-b1c1,37,60,Normal
2026-02-08 14:18:20.563754,London-b1c1,-27,20,Normal
2026-02-08 14:18:21.563754,London-b1c1,37,55,Normal
2026-02-08 14:18:22.563754,London-b1c1,-11,97,Normal
2026-02-08 14:18:23.563754,London-b1c1,-7,37,Normal
2026-02-08 14:18:24.563754,London-b1c1,48,92,Normal
2026-02-08 14:18:25.563754,London-b1c1,43,85,Normal
2026-02-08 14:18:26.563754,London-b1c1,50,20,Normal
2026-02-08 14:18:27.563754,London-b1c1,38,32,Normal
2026-02-08 14:18:28.563754,London-b1c1,32,77,Normal
2026-02-08 14:18:29.563754,London-b1c1,-3,94,Normal
2026-02-08 14:18:30.563754,London-b1c1,-13,26,Normal
2026-02-08 14:18:31.563754,London-b1c1,-10,2,Normal
2026-02-08 14:18:32.563754,London-b1c1,-11,27,Normal
2026-02-08 14:18:33.563754,London-b1c1,29,74,Normal
2026-02-08 14:18:34.563754,London-b1c1,42,7,Normal
2026-02-08 14:18:35.563754,London-b1c1,5,67,Normal
2026-02-08 14:18:36.563754,London-b1c1,-27,57,Normal
2026-02-08 14:18:37.563754,London-b1c1,-8,30,Normal
2026-02-08 14:18:38.563754,London-b1c1,-20,74,Normal
2026-02-08 14:18:39.563754,London-b1c1,-21,0,Normal
2026-02-08 14:18:40.563754,London-b1c1,31,93,Normal
2026-02-08 14:18:41.563754,London-b1c1,-22,97,Normal
2026-02-08 14:18:42.563754,London-b1c1,30,23,Normal
2026-02-08 14:18:43.563754,London-b1c1,16,10,Normal
2026-02-08 14:18:44.563754,London-b1c1,39,32,Normal
2026-02-08 14:18:45.563754,London-b1c1,-11,37,Normal
2026-02-08 14:18:46.563754,London-b1c1,13,87,Normal
2026-02-08 14:18:47.563754,London-b1c1,20,99,Normal
2026-02-08 14:18:48.563754,London-b1c1,9,19,Normal
2026-02-08 14:18:49.563754,London-b1c1,45,29,Normal
2026-02-08 14:18:50.563754,London-b1c1,18,91,Normal
2026-02-08 14:18:51.563754,London-b1c1,32,77,Normal
2026-02-08 14:18:52.563754,London-b1c1,43,20,Normal
2026-02-08 14:18:53.563754,London-b1c1,6,74,Normal
2026-02-08 14:18:54.563754,London-b1c1,-27,75,Normal
2026-02-08 14:18:55.563754,London-b1c1,-11,67,Normal
2026-02-08 14:18:56.563754,London-b1c1,29,15,Normal
2026-02-08 14:18:57.563754,London-b1c1,-30,17,Normal
2026-02-08 14:18:58.563754,London-b1c1,50,16,Normal
2026-02-08 14:18:59.563754,London-b1c1,47,28,Normal
2026-02-08 14:19:00.563754,London-b1c1,35,34,Normal
2026-02-08 14:19:01.563754,London-b1c1,10,27,Normal
2026-02-08 14:19:02.563754,London-b1c1,20,85,Normal
2026-02-08 14:19:03.563754,London-b1c1,11,77,Normal
2026-02-08 14:19:04.563754,London-b1c1,3,28,Normal
2026-02-08 14:19:05.563754,London-b1c1,-4,54,Normal
2026-02-08 14:19:06.563754,London-b1c1,-1,42,Normal
2026-02-08 14:19:07.563754,London-b1c1,-24,77,Normal
2026-02-08 14:19:08.563754,London-b1c1,37,11,Normal
2026-02-08 14:19:09.563754,London-b1c1,20,21,Normal
2026-02-08 14:19:10.563754,London-b1c1,-16,17,Normal
2026-02-08 14:19:11.563754,London-b1c1,-25,76,Normal
2026-02-08 14:19:12.563754,London-b1c1,-24,96,Normal
2026-02-08 14:19:13.563754,London-b1c1,-29,29,Normal
2026-02-08 14:19:14.563754,London-b1c1,2,74,Normal
2026-02-08 14:19:15.563754,London-b1c1,50,56,Normal
2026-02-08 14:19:16.563754,London-b1c1,3,33,Normal
2026-02-08 14:19:17.563754,London-b1c1,-20,69,Normal
2026-02-08 14:19:18.563754,London-b1c1,23,88,Normal
2026-02-08 14:19:19.563754,London-b1c1,-13,60,Normal
2026-02-08 14:19:20.563754,London-b1c1,3,13,Normal
2026-02-08 14:19:21.563754,London-b1c1,25,40,Normal
2026-02-08 14:19:22.563754,London-b1c1,35,13,Normal
2026-02-08 14:19:23.563754,London-b1c1,44,8,Normal
2026-02-08 14:19:24.563754,London-b1c1,2,82,Normal
2026-02-08 14:19:25.563754,London-b1c1,10,79,Normal
2026-02-08 14:19:26.563754,London-b1c1,15,29,Normal
2026-02-08 14:19:27.563754,London-b1c1,44,78,Normal
2026-02-08 14:19:28.563754,London-b1c1,38,18,Normal
2026-02-08 14:19:29.563754,London-b1c1,-11,57,Normal
2026-02-08 14:19:30.563754,London-b1c1,22,26,Normal
2026-02-08 14:19:31.563754,London-b1c1,0,19,Normal
2026-02-08 14:19:32.563754,London-b1c1,-23,29,Normal
2026-02-08 14:19:33.563754,London-b1c1,27,30,Normal
2026-02-08 14:19:34.563754,London-b1c1,-15,70,Normal
2026-02-08 14:19:35.563754,London-b1c1,-27,71,Normal
2026-02-08 14:19:36.563754,London-b1c1,42,47,Normal
2026-02-08 14:19:37.563754,London-b1c1,-30,77,Normal
2026-02-08 14:19:38.563754,London-b1c1,34,61,Normal
2026-02-08 14:19:39.563754,London-b1c1,20,31,Normal
2026-02-08 14:19:40.563754,London-b1c1,26,84,Normal
2026-02-08 14:19:41.563754,London-b1c1,8,4,Normal
2026-02-08 14:19:42.563754,London-b1c1,26,96,Normal
2026-02-08 14:19:43.563754,London-b1c1,15,20,Normal
2026-02-08 14:19:44.563754,London-b1c1,40,62,Normal
2026-02-08 14:19:45.563754,London-b1c1,9,50,Normal
2026-02-08 14:19:46.563754,London-b1c1,-3,63,Normal
2026-02-08 14:19:47.563754,London-b1c1,-24,75,Normal
2026-02-08 14:19:48.563754,London-b1c1,-2,28,Normal
2026-02-08 14:19:49.563754,London-b1c1,-3,50,Normal
2026-02-08 14:19:50.563754,London-b1c1,42,62,Normal
2026-02-08 14:19:51.563754,London-b1c1,46,35,Normal
2026-02-08 14:19:52.563754,London-b1c1,35,71,Normal
2026-02-08 14:19:53.563754,London-b1c1,2,81,Normal
2026-02-08 14:19:54.563754,London-b1c1,45,13,Normal
2026-02-08 14:19:55.563754,London-b1c1,25,38,Normal
2026-02-08 14:19:56.563754,London-b1c1,7,82,Normal
2026-02-08 14:19:57.563754,London-b1c1,45,98,Normal
2026-02-08 14:19:58.563754,London-b1c1,-27,80,Normal
2026-02-08 14:19:59.563754,London-b1c1,21,29,Normal
2026-02-08 14:20:00.563754,London-b1c1,42,80,Normal
2026-02-08 14:20:01.563754,London-b1c1,-21,4,Normal
2026-02-08 14:20:02.563754,London-b1c1,-6,16,Normal
2026-02-08 14:20:03.563754,London-b1c1,-16,99,Normal
2026-02-08 14:20:04.563754,London-b1c1,22,83,Normal
2026-02-08 14:20:05.563754,London-b1c1,12,61,Normal
2026-02-08 14:20:06.563754,London-b1c1,17,13,Normal
2026-02-08 14:20:07.563754,London-b1c1,31,95,Normal
2026-02-08 14:20:08.563754,London-b1c1,-8,30,Normal
2026-02-08 14:20:09.563754,London-b1c1,28,88,Normal
2026-02-08 14:20:10.563754,London-b1c1,39,71,Normal
2026-02-08 14:20:11.563754,London-b1c1,42,55,Normal
2026-02-08 14:20:12.563754,London-b1c1,42,58,Normal
2026-02-08 14:20:13.563754,London-b1c1,-15,16,Normal
2026-02-08 14:20:14.563754,London-b1c1,-7,59,Normal
2026-02-08 14:20:15.563754,London-b1c1,-5,17,Normal
2026-02-08 14:20:16.563754,London-b1c1,19,79,Normal
2026-02-08 14:20:17.563754,London-b1c1,-3,58,Normal
2026-02-08 14:20:18.563754,London-b1c1,34,100,Normal
2026-02-08 14:20:19.563754,London-b1c1,6,78,Normal
2026-02-08 14:20:20.563754,London-b1c1,44,27,Normal
2026-02-08 14:20:21.563754,London-b1c1,7,59,Normal
2026-02-08 14:20:22.563754,London-b1c1,2,20,Normal
2026-02-08 14:20:23.563754,London-b1c1,17,83,Normal
2026-02-08 14:20:24.563754,London-b1c1,-1,50,Normal
2026-02-08 14:20:25.563754,London-b1c1,49,95,Normal
2026-02-08 14:20:26.563754,London-b1c1,-23,18,Normal
2026-02-08 14:20:27.563754,London-b1c1,8,83,Normal
2026-02-08 14:20:28.563754,London-b1c1,12,29,Normal
2026-02-08 14:20:29.563754,London-b1c1,9,59,Normal
2026-02-08 14:20:30.563754,London-b1c1,-7,52,Normal
2026-02-08 14:20:31.563754,London-b1c1,-21,40,Normal
2026-02-08 14:20:32.563754,London-b1c1,30,17,Normal
2026-02-08 14:20:33.563754,London-b1c1,35,16,Normal
2026-02-08 14:20:34.563754,London-b1c1,44,88,Normal
2026-02-08 14:20:35.563754,London-b1c1,39,45,Normal
2026-02-08 14:20:36.563754,London-b1c1,20,25,Normal
2026-02-08 14:20:37.563754,London-b1c1,45,87,Normal
2026-02-08 14:20:38.563754,London-b1c1,-9,16,Normal
2026-02-08 14:20:39.563754,London-b1c1,-2,27,Normal
2026-02-08 14:20:40.563754,London-b1c1,-3,28,Normal
2026-02-08 14:20:41.563754,London-b1c1,-15,85,Normal
2026-02-08 14:20:42.563754,London-b1c1,-7,60,Normal
2026-02-08 14:20:43.563754,London-b1c1,31,97,Normal
2026-02-08 14:20:44.563754,London-b1c1,36,96,Normal
2026-02-08 14:20:45.563754,London-b1c1,42,64,Normal
2026-02-08 14:20:46.563754,London-b1c1,-25,15,Normal
2026-02-08 14:20:47.563754,London-b1c1,31,60,Normal
2026-02-08 14:20:48.563754,London-b1c1,-28,67,Normal
2026-02-08 14:20:49.563754,London-b1c1,29,52,Normal
2026-02-08 14:20:50.563754,London-b1c1,19,19,Normal
2026-02-08 14:20:51.563754,London-b1c1,4,11,Normal
2026-02-08 14:20:52.563754,London-b1c1,18,4,Normal
2026-02-08 14:20:53.563754,London-b1c1,48,28,Normal
2026-02-08 14:20:54.563754,London-b1c1,21,97,Normal
2026-02-08 14:20:55.563754,London-b1c1,-2,65,Normal
2026-02-08 14:20:56.563754,London-b1c1,-20,17,Normal
2026-02-08 14:20:57.563754,London-b1c1,35,56,Normal
2026-02-08 14:20:58.563754,London-b1c1,8,47,Normal
2026-02-08 14:20:59.563754,London-b1c1,15,17,Normal
2026-02-08 14:21:00.563754,London-b1c1,44,88,Normal
2026-02-08 14:21:01.563754,London-b1c1,32,100,Normal
2026-02-08 14:21:02.563754,London-b1c1,11,19,Normal
2026-02-08 14:21:03.563754,London-b1c1,4,57,Normal
2026-02-08 14:21:04.563754,London-b1c1,9,14,Normal
2026-02-08 14:21:05.563754,London-b1c1,-25,68,Normal
2026-02-08 14:21:06.563754,London-b1c1,-7,29,Normal
2026-02-08 14:21:07.563754,London-b1c1,-7,22,Normal
2026-02-08 14:21:08.563754,London-b1c1,38,44,Normal
2026-02-08 14:21:09.563754,London-b1c1,7,68,Normal
2026-02-08 14:21:10.563754,London-b1c1,32,96,Normal
2026-02-08 14:21:11.563754,London-b1c1,-25,71,Normal
2026-02-08 14:21:12.563754,London-b1c1,3,0,Normal
2026-02-08 14:21:13.563754,London-b1c1,43,75,Normal
2026-02-08 14:21:14.563754,London-b1c1,-27,35,Normal
2026-02-08 14:21:15.563754,London-b1c1,25,6,Normal
2026-02-08 14:21:16.563754,London-b1c1,-5,27,Normal
2026-02-08 14:21:17.563754,London-b1c1,10,27,Normal
2026-02-08 14:21:18.563754,London-b1c1,19,78,Normal
2026-02-08 14:21:19.563754,London-b1c1,-22,32,Normal
2026-02-08 14:21:20.563754,London-b1c1,49,30,Normal
2026-02-08 14:21:21.563754,London-b1c1,-12,17,Normal
2026-02-08 14:21:22.563754,London-b1c1,26,4,Normal
2026-02-08 14:21:23.563754,London-b1c1,34,31,Normal
2026-02-08 14:21:24.563754,London-b1c1,-5,75,Normal
2026-02-08 14:21:25.563754,London-b1c1,9,9,Normal
2026-02-08 14:21:26.563754,London-b1c1,17,62,Normal
2026-02-08 14:21:27.563754,London-b1c1,13,100,Normal
2026-02-08 14:21:28.563754,London-b1c1,13,81,Normal
2026-02-08 14:21:29.563754,London-b1c1,-27,67,Normal
2026-02-08 14:21:30.563754,London-b1c1,-30,52,Normal
2026-02-08 14:21:31.563754,London-b1c1,48,8,Normal
2026-02-08 14:21:32.563754,London-b1c1,8,2,Normal
2026-02-08 14:21:33.563754,London-b1c1,17,22,Normal
2026-02-08 14:21:34.563754,London-b1c1,46,72,Normal
2026-02-08 14:21:35.563754,London-b1c1,29,33,Normal
2026-02-08 14:21:36.563754,London-b1c1,35,15,Normal
2026-02-08 14:21:37.563754,London-b1c1,4,40,Normal
2026-02-08 14:21:38.563754,London-b1c1,-10,56,Normal
2026-02-08 14:21:39.563754,London-b1c1,-22,6,Normal
2026-02-08 14:21:40.563754,London-b1c1,19,100,Normal
2026-02-08 14:21:41.563754,London-b1c1,-20,42,Normal
2026-02-08 14:21:42.563754,London-b1c1,-9,58,Normal
2026-02-08 14:21:43.563754,London-b1c1,18,76,Normal
2026-02-08 14:21:44.563754,London-b1c1,-1,62,Normal
2026-02-08 14:21:45.563754,London-b1c1,-23,8,Normal
2026-02-08 14:21:46.563754,London-b1c1,9,68,Normal
2026-02-08 14:21:47.563754,London-b1c1,9,19,Normal
2026-02-08 14:21:48.563754,London-b1c1,-15,78,Normal
2026-02-08 14:21:49.563754,London-b1c1,10,74,Normal
2026-02-08 14:21:50.563754,London-b1c1,32,90,Normal
2026-02-08 14:21:51.563754,London-b1c1,33,95,Normal
2026-02-08 14:21:52.563754,London-b1c1,32,33,Normal
2026-02-08 14:21:53.563754,London-b1c1,26,81,Normal
2026-02-08 14:21:54.563754,London-b1c1,15,16,Normal
2026-02-08 14:21:55.563754,London-b1c1,30,28,Normal
2026-02-08 14:21:56.563754,London-b1c1,34,5,Normal
2026-02-08 14:21:57.563754,London-b1c1,-3,67,Normal
2026-02-08 14:21:58.563754,London-b1c1,49,47,Normal
2026-02-08 14:21:59.563754,London-b1c1,-29,83,Normal
2026-02-08 14:22:00.563754,London-b1c1,-3,53,Normal
2026-02-08 14:22:01.563754,London-b1c1,46,63,Normal
2026-02-08 14:22:02.563754,London-b1c1,36,30,Normal
2026-02-08 14:22:03.563754,London-b1c1,-17,77,Normal
2026-02-08 14:22:04.563754,London-b1c1,12,35,Normal
2026-02-08 14:22:05.563754,London-b1c1,5,4,Normal
2026-02-08 14:22:06.563754,London-b1c1,-24,14,Normal
2026-02-08 14:22:07.563754,London-b1c1,4,51,Normal
2026-02-08 14:22:08.563754,London-b1c1,33,9,Normal
2026-02-08 14:22:09.563754,London-b1c1,-24,74,Normal
2026-02-08 14:22:10.563754,London-b1c1,11,4,Normal
2026-02-08 14:22:11.563754,London-b1c1,28,15,Normal
2026-02-08 14:22:12.563754,London-b1c1,24,64,Normal
2026-02-08 14:22:13.563754,London-b1c1,49,10,Normal
2026-02-08 14:22:14.563754,London-b1c1,-15,48,Normal
2026-02-08 14:22:15.563754,London-b1c1,46,76,Normal
2026-02-08 14:22:16.563754,London-b1c1,-10,10,Normal
2026-02-08 14:22:17.563754,London-b1c1,26,41,Normal
2026-02-08 14:22:18.563754,London-b1c1,-23,6,Normal
2026-02-08 14:22:19.563754,London-b1c1,-6,26,Normal
2026-02-08 14:22:20.563754,London-b1c1,30,65,Normal
2026-02-08 14:22:21.563754,London-b1c1,-26,6,Normal
2026-02-08 14:22:22.563754,London-b1c1,40,50,Normal
2026-02-08 14:22:23.563754,London-b1c1,45,7,Normal
2026-02-08 14:22:24.563754,London-b1c1,26,62,Normal
2026-02-08 14:22:25.563754,London-b1c1,-13,96,Normal
2026-02-08 14:22:26.563754,London-b1c1,-12,55,Normal
2026-02-08 14:22:27.563754,London-b1c1,-24,80,Normal
2026-02-08 14:22:28.563754,London-b1c1,47,9,Normal
2026-02-08 14:22:29.563754,London-b1c1,40,69,Normal
2026-02-08 14:22:30.563754,London-b1c1,42,94,Normal
2026-02-08 14:22:31.563754,London-b1c1,47,23,Normal
2026-02-08 14:22:32.563754,London-b1c1,-13,69,Normal
2026-02-08 14:22:33.563754,London-b1c1,-23,62,Normal
2026-02-08 14:22:34.563754,London-b1c1,9,29,Normal
2026-02-08 14:22:35.563754,London-b1c1,-1,79,Normal
2026-02-08 14:22:36.563754,London-b1c1,3,26,Normal
2026-02-08 14:22:37.563754,London-b1c1,-16,16,Normal
2026-02-08 14:22:38.563754,London-b1c1,43,76,Normal
2026-02-08 14:22:39.563754,London-b1c1,33,69,Normal
2026-02-08 14:22:40.563754,London-b1c1,-21,31,Normal
2026-02-08 14:22:41.563754,London-b1c1,34,7,Normal
2026-02-08 14:22:42.563754,London-b1c1,45,86,Normal
2026-02-08 14:22:43.563754,London-b1c1,25,33,Normal
2026-02-08 14:22:44.563754,London-b1c1,26,72,Normal
2026-02-08 14:22:45.563754,London-b1c1,48,85,Normal
2026-02-08 14:22:46.563754,London-b1c1,30,85,Normal
2026-02-08 14:22:47.563754,London-b1c1,31,79,Normal
2026-02-08 14:22:48.563754,London-b1c1,16,26,Normal
2026-02-08 14:22:49.563754,London-b1c1,32,8,Normal
2026-02-08 14:22:50.563754,London-b1c1,-18,51,Normal
2026-02-08 14:22:51.563754,London-b1c1,-9,68,Normal
2026-02-08 14:22:52.563754,London-b1c1,-8,67,Normal
2026-02-08 14:22:53.563754,London-b1c1,-11,75,Normal
2026-02-08 14:22:54.563754,London-b1c1,-20,33,Normal
2026-02-08 14:22:55.563754,London-b1c1,-25,56,Normal
2026-02-08 14:22:56.563754,London-b1c1,50,5,Normal
2026-02-08 14:22:57.563754,London-b1c1,-12,41,Normal
2026-02-08 14:22:58.563754,London-b1c1,16,3,Normal
2026-02-08 14:22:59.563754,London-b1c1,40,57,Normal
2026-02-08 14:23:00.563754,London-b1c1,-8,27,Normal
2026-02-08 14:23:01.563754,London-b1c1,39,21,Normal
2026-02-08 14:23:02.563754,London-b1c1,-29,36,Normal
2026-02-08 14:23:03.563754,London-b1c1,31,89,Normal
2026-02-08 14:23:04.563754,London-b1c1,-7,54,Normal
2026-02-08 14:23:05.563754,London-b1c1,-4,50,Normal
2026-02-08 14:23:06.563754,London-b1c1,21,13,Normal
2026-02-08 14:23:07.563754,London-b1c1,14,84,Normal
2026-02-08 14:23:08.563754,London-b1c1,-7,45,Normal
2026-02-08 14:23:09.563754,London-b1c1,11,60,Normal
2026-02-08 14:23:10.563754,London-b1c1,-21,69,Normal
2026-02-08 14:23:11.563754,London-b1c1,8,18,Normal
2026-02-08 14:23:12.563754,London-b1c1,-15,51,Normal
2026-02-08 14:23:13.563754,London-b1c1,28,74,Normal
2026-02-08 14:23:14.563754,London-b1c1,13,54,Normal
2026-02-08 14:23:15.563754,London-b1c1,-24,13,Normal
2026-02-08 14:23:16.563754,London-b1c1,6,15,Normal
2026-02-08 14:23:17.563754,London-b1c1,-29,18,Normal
2026-02-08 14:23:18.563754,London-b1c1,-22,78,Normal
2026-02-08 14:23:19.563754,London-b1c1,-27,96,Normal
2026-02-08 14:23:20.563754,London-b1c1,4,54,Normal
2026-02-08 14:23:21.563754,London-b1c1,-26,58,Normal
2026-02-08 14:23:22.563754,London-b1c1,49,41,Normal
2026-02-08 14:23:23.563754,London-b1c1,-7,72,Normal
2026-02-08 14:23:24.563754,London-b1c1,4,8,Normal
2026-02-08 14:23:25.563754,London-b1c1,36,1,Normal
2026-02-08 14:23:26.563754,London-b1c1,28,14,Normal
2026-02-08 14:23:27.563754,London-b1c1,-13,96,Normal
2026-02-08 14:23:28.563754,London-b1c1,-3,44,Normal
2026-02-08 14:23:29.563754,London-b1c1,20,54,Normal
2026-02-08 14:23:30.563754,London-b1c1,-2,24,Normal
2026-02-08 14:23:31.563754,London-b1c1,-18,45,Normal
2026-02-08 14:23:32.563754,London-b1c1,-28,40,Normal
2026-02-08 14:23:33.563754,London-b1c1,-1,68,Normal
2026-02-08 14:23:34.563754,London-b1c1,-16,99,Normal
2026-02-08 14:23:35.563754,London-b1c1,2,56,Normal
2026-02-08 14:23:36.563754,London-b1c1,21,9,Normal
2026-02-08 14:23:37.563754,London-b1c1,3,96,Normal
2026-02-08 14:23:38.563754,London-b1c1,37,46,Normal
2026-02-08 14:23:39.563754,London-b1c1,20,55,Normal
2026-02-08 14:23:40.563754,London-b1c1,43,70,Normal
2026-02-08 14:23:41.563754,London-b1c1,-27,55,Normal
2026-02-08 14:23:42.563754,London-b1c1,3,86,Normal
2026-02-08 14:23:43.563754,London-b1c1,-14,41,Normal
2026-02-08 14:23:44.563754,London-b1c1,-21,23,Normal
2026-02-08 14:23:45.563754,London-b1c1,41,4,Normal
2026-02-08 14:23:46.563754,London-b1c1,-15,68,Normal
2026-02-08 14:23:47.563754,London-b1c1,-22,68,Normal
2026-02-08 14:23:48.563754,London-b1c1,45,55,Normal
2026-02-08 14:23:49.563754,London-b1c1,20,70,Normal
2026-02-08 14:23:50.563754,London-b1c1,7,49,Normal
2026-02-08 14:23:51.563754,London-b1c1,33,31,Normal
2026-02-08 14:23:52.563754,London-b1c1,7,6,Normal
2026-02-08 14:23:53.563754,London-b1c1,26,88,Normal
2026-02-08 14:23:54.563754,London-b1c1,9,51,Normal
2026-02-08 14:23:55.563754,London-b1c1,45,31,Normal
2026-02-08 14:23:56.563754,London-b1c1,16,41,Normal
2026-02-08 14:23:57.563754,London-b1c1,0,83,Normal
2026-02-08 14:23:58.563754,London-b1c1,29,67,Normal
2026-02-08 14:23:59.563754,London-b1c1,-28,93,Normal
2026-02-08 14:24:00.563754,London-b1c1,40,23,Normal
2026-02-08 14:24:01.563754,London-b1c1,11,33,Normal
2026-02-08 14:24:02.563754,London-b1c1,2,89,Normal
2026-02-08 14:24:03.563754,London-b1c1,-20,13,Normal
2026-02-08 14:24:04.563754,London-b1c1,37,84,Normal
2026-02-08 14:24:05.563754,London-b1c1,30,94,Normal
2026-02-08 14:24:06.563754,London-b1c1,-2,59,Normal
2026-02-08 14:24:07.563754,London-b1c1,-22,35,Normal
2026-02-08 14:24:08.563754,London-b1c1,49,86,Normal
2026-02-08 14:24:09.563754,London-b1c1,1,92,Normal
2026-02-08 14:24:10.563754,London-b1c1,35,77,Normal
2026-02-08 14:24:11.563754,London-b1c1,44,50,Normal
2026-02-08 14:24:12.563754,London-b1c1,3,86,Normal
2026-02-08 14:24:13.563754,London-b1c1,-14,13,Normal
2026-02-08 14:24:14.563754,London-b1c1,17,19,Normal
2026-02-08 14:24:15.563754,London-b1c1,25,74,Normal
2026-02-08 14:24:16.563754,London-b1c1,39,78,Normal
2026-02-08 14:24:17.563754,London-b1c1,47,78,Normal
2026-02-08 14:24:18.563754,London-b1c1,29,54,Normal
2026-02-08 14:24:19.563754,London-b1c1,29,82,Normal
2026-02-08 14:24:20.563754,London-b1c1,50,6,Normal
2026-02-08 14:24:21.563754,London-b1c1,49,90,Normal
2026-02-08 14:24:22.563754,London-b1c1,-29,77,Normal
2026-02-08 14:24:23.563754,London-b1c1,-9,6,Normal
2026-02-08 14:24:24.563754,London-b1c1,41,24,Normal
2026-02-08 14:24:25.563754,London-b1c1,42,65,Normal
2026-02-08 14:24:26.563754,London-b1c1,29,39,Normal
2026-02-08 14:24:27.563754,London-b1c1,27,18,Normal
2026-02-08 14:24:28.563754,London-b1c1,15,12,Normal
2026-02-08 14:24:29.563754,London-b1c1,-5,94,Normal
2026-02-08 14:24:30.563754,London-b1c1,-22,75,Normal
2026-02-08 14:24:31.563754,London-b1c1,-28,79,Normal
2026-02-08 14:24:32.563754,London-b1c1,47,21,Normal
2026-02-08 14:24:33.563754,London-b1c1,1,18,Normal
2026-02-08 14:24:34.563754,London-b1c1,-13,29,Normal
2026-02-08 14:24:35.563754,London-b1c1,11,48,Normal
2026-02-08 14:24:36.563754,London-b1c1,7,9,Normal
2026-02-08 14:24:37.563754,London-b1c1,4,32,Normal
2026-02-08 14:24:38.563754,London-b1c1,8,38,Normal
2026-02-08 14:24:39.563754,London-b1c1,40,95,Normal
2026-02-08 14:24:40.563754,London-b1c1,32,85,Normal
2026-02-08 14:24:41.563754,London-b1c1,-10,87,Normal
2026-02-08 14:24:42.563754,London-b1c1,42,62,Normal
2026-02-08 14:24:43.563754,London-b1c1,-18,31,Normal
2026-02-08 14:24:44.563754,London-b1c1,-24,79,Normal
2026-02-08 14:24:45.563754,London-b1c1,-30,16,Normal
2026-02-08 14:24:46.563754,London-b1c1,40,67,Normal
2026-02-08 14:24:47.563754,London-b1c1,23,76,Normal
2026-02-08 14:24:48.563754,London-b1c1,32,9,Normal
2026-02-08 14:24:49.563754,London-b1c1,-10,88,Normal
2026-02-08 14:24:50.563754,London-b1c1,-28,48,Normal
2026-02-08 14:24:51.563754,London-b1c1,39,36,Normal
2026-02-08 14:24:52.563754,London-b1c1,21,41,Normal
2026-02-08 14:24:53.563754,London-b1c1,4,37,Normal
2026-02-08 14:24:54.563754,London-b1c1,-11,47,Normal
2026-02-08 14:24:55.563754,London-b1c1,6,67,Normal
2026-02-08 14:24:56.563754,London-b1c1,43,86,Normal
2026-02-08 14:24:57.563754,London-b1c1,-10,11,Normal
2026-02-08 14:24:58.563754,London-b1c1,45,53,Normal
2026-02-08 14:24:59.563754,London-b1c1,47,66,Normal
2026-02-08 14:25:00.563754,London-b1c1,20,57,Normal
2026-02-08 14:25:01.563754,London-b1c1,3,62,Normal
2026-02-08 14:25:02.563754,London-b1c1,-3,74,Normal
2026-02-08 14:25:03.563754,London-b1c1,49,42,Normal
2026-02-08 14:25:04.563754,London-b1c1,-14,11,Normal
2026-02-08 14:25:05.563754,London-b1c1,37,58,Normal
2026-02-08 14:25:06.563754,London-b1c1,12,70,Normal
2026-02-08 14:25:07.563754,London-b1c1,40,38,Normal
2026-02-08 14:25:08.563754,London-b1c1,26,94,Normal
2026-02-08 14:25:09.563754,London-b1c1,-4,20,Normal
2026-02-08 14:25:10.563754,London-b1c1,-16,70,Normal
2026-02-08 14:25:11.563754,London-b1c1,16,1,Normal
2026-02-08 14:25:12.563754,London-b1c1,-21,52,Normal
2026-02-08 14:25:13.563754,London-b1c1,-25,34,Normal
2026-02-08 14:25:14.563754,London-b1c1,31,87,Normal
2026-02-08 14:25:15.563754,London-b1c1,3,100,Normal
2026-02-08 14:25:16.563754,London-b1c1,17,72,Normal
2026-02-08 14:25:17.563754,London-b1c1,-18,31,Normal
2026-02-08 14:25:18.563754,London-b1c1,-28,7,Normal
2026-02-08 14:25:19.563754,London-b1c1,1,12,Normal
2026-02-08 14:25:20.563754,London-b1c1,9,84,Normal
2026-02-08 14:25:21.563754,London-b1c1,21,98,Normal
2026-02-08 14:25:22.563754,London-b1c1,-22,2,Normal
2026-02-08 14:25:23.563754,London-b1c1,22,28,Normal
2026-02-08 14:25:24.563754,London-b1c1,22,1,Normal
2026-02-08 14:25:25.563754,London-b1c1,28,37,Normal
2026-02-08 14:25:26.563754,London-b1c1,-11,36,Normal
2026-02-08 14:25:27.563754,London-b1c1,37,36,Normal
2026-02-08 14:25:28.563754,London-b1c1,-25,78,Normal
2026-02-08 14:25:29.563754,London-b1c1,35,37,Normal
2026-02-08 14:25:30.563754,London-b1c1,-1,38,Normal
2026-02-08 14:25:31.563754,London-b1c1,12,57,Normal
2026-02-08 14:25:32.563754,London-b1c1,-19,45,Normal
2026-02-08 14:25:33.563754,London-b1c1,-27,84,Normal
2026-02-08 14:25:34.563754,London-b1c1,35,9,Normal
2026-02-08 14:25:35.563754,London-b1c1,2,8,Normal
2026-02-08 14:25:36.563754,London-b1c1,22,71,Normal
2026-02-08 14:25:37.563754,London-b1c1,-13,54,Normal
2026-02-08 14:25:38.563754,London-b1c1,44,43,Normal
2026-02-08 14:25:39.563754,London-b1c1,38,53,Normal
2026-02-08 14:25:40.563754,London-b1c1,-4,28,Normal
2026-02-08 14:25:41.563754,London-b1c1,-28,19,Normal
2026-02-08 14:25:42.563754,London-b1c1,44,91,Normal
2026-02-08 14:25:43.563754,London-b1c1,-5,24,Normal
2026-02-08 14:25:44.563754,London-b1c1,37,68,Normal
2026-02-08 14:25:45.563754,London-b1c1,-6,6,Normal
2026-02-08 14:25:46.563754,London-b1c1,6,97,Normal
2026-02-08 14:25:47.563754,London-b1c1,-4,66,Normal
2026-02-08 14:25:48.563754,London-b1c1,-14,41,Normal
2026-02-08 14:25:49.563754,London-b1c1,4,4,Normal
2026-02-08 14:25:50.563754,London-b1c1,39,47,Normal
2026-02-08 14:25:51.563754,London-b1c1,-19,3,Normal
2026-02-08 14:25:52.563754,London-b1c1,24,39,Normal
2026-02-08 14:25:53.563754,London-b1c1,31,3,Normal
2026-02-08 14:25:54.563754,London-b1c1,-28,22,Normal
2026-02-08 14:25:55.563754,London-b1c1,-13,74,Normal
2026-02-08 14:25:56.563754,London-b1c1,-8,43,Normal
2026-02-08 14:25:57.563754,London-b1c1,10,27,Normal
2026-02-08 14:25:58.563754,London-b1c1,22,61,Normal
2026-02-08 14:25:59.563754,London-b1c1,-1,17,Normal
2026-02-08 14:26:00.563754,London-b1c1,43,83,Normal
2026-02-08 14:26:01.563754,London-b1c1,-28,97,Normal
2026-02-08 14:26:02.563754,London-b1c1,48,65,Normal
2026-02-08 14:26:03.563754,London-b1c1,15,68,Normal
2026-02-08 14:26:04.563754,London-b1c1,-16,85,Normal
2026-02-08 14:26:05.563754,London-b1c1,3,48,Normal
2026-02-08 14:26:06.563754,London-b1c1,14,36,Normal
2026-02-08 14:26:07.563754,London-b1c1,40,92,Normal
2026-02-08 14:26:08.563754,London-b1c1,-18,82,Normal
2026-02-08 14:26:09.563754,London-b1c1,28,53,Normal
2026-02-08 14:26:10.563754,London-b1c1,38,63,Normal
2026-02-08 14:26:11.563754,London-b1c1,-20,13,Normal
2026-02-08 14:26:12.563754,London-b1c1,4,75,Normal
2026-02-08 14:26:13.563754,London-b1c1,15,74,Normal
2026-02-08 14:26:14.563754,London-b1c1,28,25,Normal
2026-02-08 14:26:15.563754,London-b1c1,-1,29,Normal
2026-02-08 14:26:16.563754,London-b1c1,-23,12,Normal
2026-02-08 14:26:17.563754,London-b1c1,-27,47,Normal
2026-02-08 14:26:18.563754,London-b1c1,15,65,Normal
2026-02-08 14:26:19.563754,London-b1c1,-17,52,Normal
2026-02-08 14:26:20.563754,London-b1c1,-25,70,Normal
2026-02-08 14:26:21.563754,London-b1c1,22,39,Normal
2026-02-08 14:26:22.563754,London-b1c1,36,5,Normal
2026-02-08 14:26:23.563754,London-b1c1,-17,25,Normal
2026-02-08 14:26:24.563754,London-b1c1,40,96,Normal
2026-02-08 14:26:25.563754,London-b1c1,-25,52,Normal
2026-02-08 14:26:26.563754,London-b1c1,32,98,Normal
2026-02-08 14:26:27.563754,London-b1c1,-1,62,Normal
2026-02-08 14:26:28.563754,London-b1c1,-1,1,Normal
2026-02-08 14:26:29.563754,London-b1c1,32,87,Normal
2026-02-08 14:26:30.563754,London-b1c1,41,30,Normal
2026-02-08 14:26:31.563754,London-b1c1,-16,10,Normal
2026-02-08 14:26:32.563754,London-b1c1,35,12,Normal
2026-02-08 14:26:33.563754,London-b1c1,14,77,Normal
2026-02-08 14:26:34.563754,London-b1c1,14,88,Normal
2026-02-08 14:26:35.563754,London-b1c1,7,59,Normal
2026-02-08 14:26:36.563754,London-b1c1,7,37,Normal
2026-02-08 14:26:37.563754,London-b1c1,-29,90,Normal
2026-02-08 14:26:38.563754,London-b1c1,-18,71,Normal
2026-02-08 14:26:39.563754,London-b1c1,11,69,Normal
2026-02-08 14:26:40.563754,London-b1c1,24,91,Normal
2026-02-08 14:26:41.563754,London-b1c1,-12,52,Normal
2026-02-08 14:26:42.563754,London-b1c1,0,98,Normal
2026-02-08 14:26:43.563754,London-b1c1,31,20,Normal
2026-02-08 14:26:44.563754,London-b1c1,-14,71,Normal
2026-02-08 14:26:45.563754,London-b1c1,36,4,Normal
2026-02-08 14:26:46.563754,London-b1c1,9,1,Normal
2026-02-08 14:26:47.563754,London-b1c1,0,59,Normal
2026-02-08 14:26:48.563754,London-b1c1,28,78,Normal
2026-02-08 14:26:49.563754,London-b1c1,-19,0,Normal
2026-02-08 14:26:50.563754,London-b1c1,8,24,Normal
2026-02-08 14:26:51.563754,London-b1c1,-20,6,Normal
2026-02-08 14:26:52.563754,London-b1c1,-2,14,Normal
2026-02-08 14:26:53.563754,London-b1c1,9,39,Normal
2026-02-08 14:26:54.563754,London-b1c1,-2,55,Normal
2026-02-08 14:26:55.563754,London-b1c1,-6,2,Normal
2026-02-08 14:26:56.563754,London-b1c1,-22,58,Normal
2026-02-08 14:26:57.563754,London-b1c1,6,2,Normal
2026-02-08 14:26:58.563754,London-b1c1,47,31,Normal
2026-02-08 14:26:59.563754,London-b1c1,41,92,Normal
2026-02-08 14:27:00.563754,London-b1c1,32,95,Normal
2026-02-08 14:27:01.563754,London-b1c1,-1,54,Normal
2026-02-08 14:27:02.563754,London-b1c1,6,5,Normal
2026-02-08 14:27:03.563754,London-b1c1,46,50,Normal
2026-02-08 14:27:04.563754,London-b1c1,23,15,Normal
2026-02-08 14:27:05.563754,London-b1c1,6,33,Normal
2026-02-08 14:27:06.563754,London-b1c1,26,84,Normal
2026-02-08 14:27:07.563754,London-b1c1,-28,1,Normal
2026-02-08 14:27:08.563754,London-b1c1,-19,35,Normal
2026-02-08 14:27:09.563754,London-b1c1,-29,45,Normal
2026-02-08 14:27:10.563754,London-b1c1,37,97,Normal
2026-02-08 14:27:11.563754,London-b1c1,1,11,Normal
2026-02-08 14:27:12.563754,London-b1c1,43,94,Normal
2026-02-08 14:27:13.563754,London-b1c1,-18,84,Normal
2026-02-08 14:27:14.563754,London-b1c1,-28,95,Normal
2026-02-08 14:27:15.563754,London-b1c1,11,2,Normal
2026-02-08 14:27:16.563754,London-b1c1,-16,46,Normal
2026-02-08 14:27:17.563754,London-b1c1,5,27,Normal
2026-02-08 14:27:18.563754,London-b1c1,12,4,Normal
2026-02-08 14:27:19.563754,London-b1c1,-24,99,Normal
2026-02-08 14:27:20.563754,London-b1c1,44,77,Normal
2026-02-08 14:27:21.563754,London-b1c1,22,83,Normal
2026-02-08 14:27:22.563754,London-b1c1,10,26,Normal
2026-02-08 14:27:23.563754,London-b1c1,-4,57,Normal
2026-02-08 14:27:24.563754,London-b1c1,-10,10,Normal
2026-02-08 14:27:25.563754,London-b1c1,-2,97,Normal
2026-02-08 14:27:26.563754,London-b1c1,22,8,Normal
2026-02-08 14:27:27.563754,London-b1c1,-22,7,Normal
2026-02-08 14:27:28.563754,London-b1c1,-19,47,Normal
2026-02-08 14:27:29.563754,London-b1c1,-26,46,Normal
2026-02-08 14:27:30.563754,London-b1c1,32,50,Normal
2026-02-08 14:27:31.563754,London-b1c1,-17,29,Normal
2026-02-08 14:27:32.563754,London-b1c1,16,95,Normal
2026-02-08 14:27:33.563754,London-b1c1,7,55,Normal
2026-02-08 14:27:34.563754,London-b1c1,3,38,Normal
2026-02-08 14:27:35.563754,London-b1c1,-15,40,Normal
2026-02-08 14:27:36.563754,London-b1c1,41,95,Normal
2026-02-08 14:27:37.563754,London-b1c1,27,71,Normal
2026-02-08 14:27:38.563754,London-b1c1,-7,32,Normal
2026-02-08 14:27:39.563754,London-b1c1,-30,66,Normal
2026-02-08 14:27:40.563754,London-b1c1,-24,37,Normal
2026-02-08 14:27:41.563754,London-b1c1,-21,42,Normal
2026-02-08 14:27:42.563754,London-b1c1,-16,19,Normal
2026-02-08 14:27:43.563754,London-b1c1,7,14,Normal
2026-02-08 14:27:44.563754,London-b1c1,49,77,Normal
2026-02-08 14:27:45.563754,London-b1c1,35,5,Normal
2026-02-08 14:27:46.563754,London-b1c1,-11,99,Normal
2026-02-08 14:27:47.563754,London-b1c1,-23,68,Normal
2026-02-08 14:27:48.563754,London-b1c1,3,23,Normal
2026-02-08 14:27:49.563754,London-b1c1,21,89,Normal
2026-02-08 14:27:50.563754,London-b1c1,44,36,Normal
2026-02-08 14:27:51.563754,London-b1c1,-5,37,Normal
2026-02-08 14:27:52.563754,London-b1c1,20,29,Normal
2026-02-08 14:27:53.563754,London-b1c1,18,43,Normal
2026-02-08 14:27:54.563754,London-b1c1,-12,2,Normal
2026-02-08 14:27:55.563754,London-b1c1,12,41,Normal
2026-02-08 14:27:56.563754,London-b1c1,-28,42,Normal
2026-02-08 14:27:57.563754,London-b1c1,42,43,Normal
2026-02-08 14:27:58.563754,London-b1c1,-28,99,Normal
2026-02-08 14:27:59.563754,London-b1c1,19,57,Normal
2026-02-08 14:28:00.563754,London-b1c1,39,27,Normal
2026-02-08 14:28:01.563754,London-b1c1,-22,28,Normal
2026-02-08 14:28:02.563754,London-b1c1,38,42,Normal
2026-02-08 14:28:03.563754,London-b1c1,24,20,Normal
2026-02-08 14:28:04.563754,London-b1c1,20,70,Normal
2026-02-08 14:28:05.563754,London-b1c1,29,29,Normal
2026-02-08 14:28:06.563754,London-b1c1,-7,78,Normal
2026-02-08 14:28:07.563754,London-b1c1,36,69,Normal
2026-02-08 14:28:08.563754,London-b1c1,20,10,Normal
2026-02-08 14:28:09.563754,London-b1c1,37,7,Normal
2026-02-08 14:28:10.563754,London-b1c1,-8,71,Normal
2026-02-08 14:28:11.563754,London-b1c1,-19,80,Normal
2026-02-08 14:28:12.563754,London-b1c1,42,14,Normal
2026-02-08 14:28:13.563754,London-b1c1,23,7,Normal
2026-02-08 14:28:14.563754,London-b1c1,50,34,Normal
2026-02-08 14:28:15.563754,London-b1c1,6,71,Normal
2026-02-08 14:28:16.563754,London-b1c1,7,84,Normal
2026-02-08 14:28:17.563754,London-b1c1,14,1,Normal
2026-02-08 14:28:18.563754,London-b1c1,42,4,Normal
2026-02-08 14:28:19.563754,London-b1c1,6,73,Normal
2026-02-08 14:28:20.563754,London-b1c1,-25,70,Normal
2026-02-08 14:28:21.563754,London-b1c1,-1,72,Normal
2026-02-08 14:28:22.563754,London-b1c1,6,31,Normal
2026-02-08 14:28:23.563754,London-b1c1,23,84,Normal
2026-02-08 14:28:24.563754,London-b1c1,-1,68,Normal
2026-02-08 14:28:25.563754,London-b1c1,-9,46,Normal
2026-02-08 14:28:26.563754,London-b1c1,2,91,Normal
2026-02-08 14:28:27.563754,London-b1c1,0,66,Normal
2026-02-08 14:28:28.563754,London-b1c1,-25,0,Normal
2026-02-08 14:28:29.563754,London-b1c1,33,54,Normal
2026-02-08 14:28:30.563754,London-b1c1,-19,83,Normal
2026-02-08 14:28:31.563754,London-b1c1,3,33,Normal
2026-02-08 14:28:32.563754,London-b1c1,14,3,Normal
2026-02-08 14:28:33.563754,London-b1c1,-28,98,Normal
2026-02-08 14:28:34.563754,London-b1c1,44,28,Normal
2026-02-08 14:28:35.563754,London-b1c1,-22,96,Normal
2026-02-08 14:28:36.563754,London-b1c1,17,27,Normal
2026-02-08 14:28:37.563754,London-b1c1,-4,74,Normal
2026-02-08 14:28:38.563754,London-b1c1,26,68,Normal
2026-02-08 14:28:39.563754,London-b1c1,-22,19,Normal
2026-02-08 14:28:40.563754,London-b1c1,46,15,Normal
2026-02-08 14:28:41.563754,London-b1c1,17,72,Normal
2026-02-08 14:28:42.563754,London-b1c1,17,54,Normal
2026-02-08 14:28:43.563754,London-b1c1,-5,54,Normal
2026-02-08 14:28:44.563754,London-b1c1,26,66,Normal
2026-02-08 14:28:45.563754,London-b1c1,-28,95,Normal
2026-02-08 14:28:46.563754,London-b1c1,16,29,Normal
2026-02-08 14:28:47.563754,London-b1c1,7,0,Normal
2026-02-08 14:28:48.563754,London-b1c1,-16,11,Normal
2026-02-08 14:28:49.563754,London-b1c1,-30,10,Normal
2026-02-08 14:28:50.563754,London-b1c1,2,28,Normal
2026-02-08 14:28:51.563754,London-b1c1,-7,7,Normal
2026-02-08 14:28:52.563754,London-b1c1,39,29,Normal
2026-02-08 14:28:53.563754,London-b1c1,9,45,Normal
2026-02-08 14:28:54.563754,London-b1c1,44,37,Normal
2026-02-08 14:28:55.563754,London-b1c1,-28,4,Normal
2026-02-08 14:28:56.563754,London-b1c1,25,92,Normal
2026-02-08 14:28:57.563754,London-b1c1,21,29,Normal
2026-02-08 14:28:58.563754,London-b1c1,43,48,Normal
2026-02-08 14:28:59.563754,London-b1c1,-4,34,Normal
2026-02-08 14:29:00.563754,London-b1c1,40,37,Normal
2026-02-08 14:29:01.563754,London-b1c1,-19,69,Normal
2026-02-08 14:29:02.563754,London-b1c1,19,38,Normal
2026-02-08 14:29:03.563754,London-b1c1,45,82,Normal
2026-02-08 14:29:04.563754,London-b1c1,17,50,Normal
2026-02-08 14:29:05.563754,London-b1c1,48,68,Normal
2026-02-08 14:29:06.563754,London-b1c1,-4,98,Normal
2026-02-08 14:29:07.563754,London-b1c1,-6,20,Normal
2026-02-08 14:29:08.563754,London-b1c1,26,42,Normal
2026-02-08 14:29:09.563754,London-b1c1,3,18,Normal
2026-02-08 14:29:10.563754,London-b1c1,-25,6,Normal
2026-02-08 14:29:11.563754,London-b1c1,13,28,Normal
2026-02-08 14:29:12.563754,London-b1c1,-2,70,Normal
2026-02-08 14:29:13.563754,London-b1c1,4,50,Normal
2026-02-08 14:29:14.563754,London-b1c1,22,41,Normal
2026-02-08 14:29:15.563754,London-b1c1,-26,2,Normal
2026-02-08 14:29:16.563754,London-b1c1,-11,80,Normal
2026-02-08 14:29:17.563754,London-b1c1,10,63,Normal
2026-02-08 14:29:18.563754,London-b1c1,-28,84,Normal
2026-02-08 14:29:19.563754,London-b1c1,19,20,Normal
2026-02-08 14:29:20.563754,London-b1c1,24,41,Normal
2026-02-08 14:29:21.563754,London-b1c1,44,62,Normal
2026-02-08 14:29:22.563754,London-b1c1,-24,45,Normal
2026-02-08 14:29:23.563754,London-b1c1,15,47,Normal
2026-02-08 14:29:24.563754,London-b1c1,-17,71,Normal
2026-02-08 14:29:25.563754,London-b1c1,27,49,Normal
2026-02-08 14:29:26.563754,London-b1c1,6,34,Normal
2026-02-08 14:29:27.563754,London-b1c1,45,9,Normal
2026-02-08 14:29:28.563754,London-b1c1,46,96,Normal
2026-02-08 14:29:29.563754,London-b1c1,2,64,Normal
2026-02-08 14:29:30.563754,London-b1c1,-3,26,Normal
2026-02-08 14:29:31.563754,London-b1c1,27,4,Normal
2026-02-08 14:29:32.563754,London-b1c1,7,96,Normal
2026-02-08 14:29:33.563754,London-b1c1,22,88,Normal
2026-02-08 14:29:34.563754,London-b1c1,-23,99,Normal
2026-02-08 14:29:35.563754,London-b1c1,-11,50,Normal
2026-02-08 14:29:36.563754,London-b1c1,38,82,Normal
2026-02-08 14:29:37.563754,London-b1c1,5,7,Normal
2026-02-08 14:29:38.563754,London-b1c1,16,82,Normal
2026-02-08 14:29:39.563754,London-b1c1,3,56,Normal
2026-02-08 14:29:40.563754,London-b1c1,-12,0,Normal
2026-02-08 14:29:41.563754,London-b1c1,22,47,Normal
2026-02-08 14:29:42.563754,London-b1c1,-2,49,Normal
2026-02-08 14:29:43.563754,London-b1c1,-5,18,Normal
2026-02-08 14:29:44.563754,London-b1c1,-21,49,Normal
2026-02-08 14:29:45.563754,London-b1c1,-13,62,Normal
2026-02-08 14:29:46.563754,London-b1c1,37,74,Normal
2026-02-08 14:29:47.563754,London-b1c1,44,68,Normal
2026-02-08 14:29:48.563754,London-b1c1,24,62,Normal
2026-02-08 14:29:49.563754,London-b1c1,-6,5,Normal
2026-02-08 14:29:50.563754,London-b1c1,40,23,Normal
2026-02-08 14:29:51.563754,London-b1c1,6,7,Normal
2026-02-08 14:29:52.563754,London-b1c1,-7,48,Normal
2026-02-08 14:29:53.563754,London-b1c1,-11,98,Normal
2026-02-08 14:29:54.563754,London-b1c1,6,70,Normal
2026-02-08 14:29:55.563754,London-b1c1,18,100,Normal
2026-02-08 14:29:56.563754,London-b1c1,-12,83,Normal
2026-02-08 14:29:57.563754,London-b1c1,-12,30,Normal
2026-02-08 14:29:58.563754,London-b1c1,-21,74,Normal
2026-02-08 14:29:59.563754,London-b1c1,41,85,Normal
2026-02-08 14:30:00.563754,London-b1c1,5,42,Normal
2026-02-08 14:30:01.563754,London-b1c1,5,43,Normal
2026-02-08 14:30:02.563754,London-b1c1,-3,95,Normal
2026-02-08 14:30:03.563754,London-b1c1,-18,100,Normal
2026-02-08 14:30:04.563754,London-b1c1,16,92,Normal
2026-02-08 14:30:05.563754,London-b1c1,-20,14,Normal
2026-02-08 14:30:06.563754,London-b1c1,-11,53,Normal
2026-02-08 14:30:07.563754,London-b1c1,48,31,Normal
2026-02-08 14:30:08.563754,London-b1c1,44,35,Normal
2026-02-08 14:30:09.563754,London-b1c1,10,53,Normal
2026-02-08 14:30:10.563754,London-b1c1,0,40,Normal
2026-02-08 14:30:11.563754,London-b1c1,41,73,Normal
2026-02-08 14:30:12.563754,London-b1c1,-29,3,Normal
2026-02-08 14:30:13.563754,London-b1c1,34,23,Normal
2026-02-08 14:30:14.563754,London-b1c1,-7,28,Normal
2026-02-08 14:30:15.563754,London-b1c1,14,12,Normal
2026-02-08 14:30:16.563754,London-b1c1,12,1,Normal
2026-02-08 14:30:17.563754,London-b1c1,43,100,Normal
2026-02-08 14:30:18.563754,London-b1c1,-4,19,Normal
2026-02-08 14:30:19.563754,London-b1c1,29,60,Normal
2026-02-08 14:30:20.563754,London-b1c1,18,25,Normal
2026-02-08 14:30:21.563754,London-b1c1,44,27,Normal
2026-02-08 14:30:22.563754,London-b1c1,45,12,Normal
2026-02-08 14:30:23.563754,London-b1c1,3,24,Normal
2026-02-08 14:30:24.563754,London-b1c1,-8,86,Normal
2026-02-08 14:30:25.563754,London-b1c1,-15,65,Normal
2026-02-08 14:30:26.563754,London-b1c1,-6,47,Normal
2026-02-08 14:30:27.563754,London-b1c1,-29,20,Normal
2026-02-08 14:30:28.563754,London-b1c1,21,12,Normal
2026-02-08 14:30:29.563754,London-b1c1,46,74,Normal
2026-02-08 14:30:30.563754,London-b1c1,41,67,Normal
2026-02-08 14:30:31.563754,London-b1c1,-11,33,Normal
2026-02-08 14:30:32.563754,London-b1c1,50,34,Normal
2026-02-08 14:30:33.563754,London-b1c1,31,51,Normal
2026-02-08 14:30:34.563754,London-b1c1,48,82,Normal
2026-02-08 14:30:35.563754,London-b1c1,37,47,Normal
2026-02-08 14:30:36.563754,London-b1c1,50,68,Normal
2026-02-08 14:30:37.563754,London-b1c1,37,16,Normal
2026-02-08 14:30:38.563754,London-b1c1,-2,24,Normal
2026-02-08 14:30:39.563754,London-b1c1,20,64,Normal
2026-02-08 14:30:40.563754,London-b1c1,-6,0,Normal
2026-02-08 14:30:41.563754,London-b1c1,-10,45,Normal
2026-02-08 14:30:42.563754,London-b1c1,7,34,Normal
2026-02-08 14:30:43.563754,London-b1c1,-5,29,Normal
2026-02-08 14:30:44.563754,London-b1c1,-24,1,Normal
2026-02-08 14:30:45.563754,London-b1c1,33,75,Normal
2026-02-08 14:30:46.563754,London-b1c1,41,0,Normal
2026-02-08 14:30:47.563754,London-b1c1,-24,83,Normal
2026-02-08 14:30:48.563754,London-b1c1,46,64,Normal
2026-02-08 14:30:49.563754,London-b1c1,-18,15,Normal
2026-02-08 14:30:50.563754,London-b1c1,-25,98,Normal
2026-02-08 14:30:51.563754,London-b1c1,-21,63,Normal
2026-02-08 14:30:52.563754,London-b1c1,49,30,Normal
2026-02-08 14:30:53.563754,London-b1c1,46,83,Normal
2026-02-08 14:30:54.563754,London-b1c1,-8,55,Normal
2026-02-08 14:30:55.563754,London-b1c1,-17,32,Normal
2026-02-08 14:30:56.563754,London-b1c1,49,61,Normal
2026-02-08 14:30:57.563754,London-b1c1,42,72,Normal
2026-02-08 14:30:58.563754,London-b1c1,3,54,Normal
2026-02-08 14:30:59.563754,London-b1c1,21,86,Normal
2026-02-08 14:31:00.563754,London-b1c1,32,56,Normal
2026-02-08 14:31:01.563754,London-b1c1,35,27,Normal
2026-02-08 14:31:02.563754,London-b1c1,-22,94,Normal
2026-02-08 14:31:03.563754,London-b1c1,19,35,Normal
2026-02-08 14:31:04.563754,London-b1c1,48,78,Normal
2026-02-08 14:31:05.563754,London-b1c1,47,5,Normal
2026-02-08 14:31:06.563754,London-b1c1,33,61,Normal
2026-02-08 14:31:07.563754,London-b1c1,25,6,Normal
2026-02-08 14:31:08.563754,London-b1c1,43,0,Normal
2026-02-08 14:31:09.563754,London-b1c1,48,16,Normal
2026-02-08 14:31:10.563754,London-b1c1,50,14,Normal
2026-02-08 14:31:11.563754,London-b1c1,5,67,Normal
2026-02-08 14:31:12.563754,London-b1c1,-18,3,Normal
2026-02-08 14:31:13.563754,London-b1c1,-5,8,Normal
2026-02-08 14:31:14.563754,London-b1c1,15,39,Normal
2026-02-08 14:31:15.563754,London-b1c1,-29,79,Normal
2026-02-08 14:31:16.563754,London-b1c1,13,34,Normal
2026-02-08 14:31:17.563754,London-b1c1,46,34,Normal
2026-02-08 14:31:18.563754,London-b1c1,45,17,Normal
2026-02-08 14:31:19.563754,London-b1c1,11,93,Normal
2026-02-08 14:31:20.563754,London-b1c1,36,52,Normal
2026-02-08 14:31:21.563754,London-b1c1,1,3,Normal
2026-02-08 14:31:22.563754,London-b1c1,43,21,Normal
2026-02-08 14:31:23.563754,London-b1c1,1,58,Normal
2026-02-08 14:31:24.563754,London-b1c1,17,36,Normal
2026-02-08 14:31:25.563754,London-b1c1,37,79,Normal
2026-02-08 14:31:26.563754,London-b1c1,17,86,Normal
2026-02-08 14:31:27.563754,London-b1c1,-17,58,Normal
2026-02-08 14:31:28.563754,London-b1c1,20,60,Normal
2026-02-08 14:31:29.563754,London-b1c1,-16,57,Normal
2026-02-08 14:31:30.563754,London-b1c1,-4,50,Normal
2026-02-08 14:31:31.563754,London-b1c1,49,89,Normal
2026-02-08 14:31:32.563754,London-b1c1,21,42,Normal
2026-02-08 14:31:33.563754,London-b1c1,30,85,Normal
2026-02-08 14:31:34.563754,London-b1c1,29,54,Normal
2026-02-08 14:31:35.563754,London-b1c1,-30,89,Normal
2026-02-08 14:31:36.563754,London-b1c1,-19,86,Normal
2026-02-08 14:31:37.563754,London-b1c1,42,30,Normal
2026-02-08 14:31:38.563754,London-b1c1,30,5,Normal
2026-02-08 14:31:39.563754,London-b1c1,18,19,Normal
2026-02-08 14:31:40.563754,London-b1c1,0,18,Normal
2026-02-08 14:31:41.563754,London-b1c1,42,55,Normal
2026-02-08 14:31:42.563754,London-b1c1,17,66,Normal
2026-02-08 14:31:43.563754,London-b1c1,2,68,Normal
2026-02-08 14:31:44.563754,London-b1c1,-29,23,Normal
2026-02-08 14:31:45.563754,London-b1c1,-22,100,Normal
2026-02-08 14:31:46.563754,London-b1c1,20,29,Normal
2026-02-08 14:31:47.563754,London-b1c1,-6,70,Normal
2026-02-08 14:31:48.563754,London-b1c1,-19,0,Normal
2026-02-08 14:31:49.563754,London-b1c1,-11,61,Normal
2026-02-08 14:31:50.563754,London-b1c1,21,29,Normal
2026-02-08 14:31:51.563754,London-b1c1,30,59,Normal
2026-02-08 14:31:52.563754,London-b1c1,47,15,Normal
2026-02-08 14:31:53.563754,London-b1c1,-4,89,Normal
2026-02-08 14:31:54.563754,London-b1c1,13,27,Normal
2026-02-08 14:31:55.563754,London-b1c1,48,61,Normal
2026-02-08 14:31:56.563754,London-b1c1,49,39,Normal
2026-02-08 14:31:57.563754,London-b1c1,-25,53,Normal
2026-02-08 14:31:58.563754,London-b1c1,-9,44,Normal
2026-02-08 14:31:59.563754,London-b1c1,15,70,Normal
2026-02-08 14:32:00.563754,London-b1c1,37,20,Normal
2026-02-08 14:32:01.563754,London-b1c1,14,28,Normal
2026-02-08 14:32:02.563754,London-b1c1,41,16,Normal
2026-02-08 14:32:03.563754,London-b1c1,11,21,Normal
2026-02-08 14:32:04.563754,London-b1c1,42,7,Normal
2026-02-08 14:32:05.563754,London-b1c1,47,32,Normal
2026-02-08 14:32:06.563754,London-b1c1,-28,23,Normal
2026-02-08 14:32:07.563754,London-b1c1,47,100,Normal
2026-02-08 14:32:08.563754,London-b1c1,-8,92,Normal
2026-02-08 14:32:09.563754,London-b1c1,-23,62,Normal
2026-02-08 14:32:10.563754,London-b1c1,24,72,Normal
2026-02-08 14:32:11.563754,London-b1c1,7,9,Normal
2026-02-08 14:32:12.563754,London-b1c1,-8,67,Normal
2026-02-08 14:32:13.563754,London-b1c1,5,27,Normal
2026-02-08 14:32:14.563754,London-b1c1,12,49,Normal
2026-02-08 14:32:15.563754,London-b1c1,-26,63,Normal
2026-02-08 14:32:16.563754,London-b1c1,3,38,Normal
2026-02-08 14:32:17.563754,London-b1c1,19,53,Normal
2026-02-08 14:32:18.563754,London-b1c1,28,98,Normal
2026-02-08 14:32:19.563754,London-b1c1,11,96,Normal
2026-02-08 14:32:20.563754,London-b1c1,45,98,Normal
2026-02-08 14:32:21.563754,London-b1c1,45,83,Normal
2026-02-08 14:32:22.563754,London-b1c1,33,77,Normal
2026-02-08 14:32:23.563754,London-b1c1,45,43,Normal
2026-02-08 14:32:24.563754,London-b1c1,-15,24,Normal
2026-02-08 14:32:25.563754,London-b1c1,26,14,Normal
2026-02-08 14:32:26.563754,London-b1c1,5,80,Normal
2026-02-08 14:32:27.563754,London-b1c1,-22,36,Normal
2026-02-08 14:32:28.563754,London-b1c1,17,18,Normal
2026-02-08 14:32:29.563754,London-b1c1,-14,50,Normal
2026-02-08 14:32:30.563754,London-b1c1,31,24,Normal
2026-02-08 14:32:31.563754,London-b1c1,-2,85,Normal
2026-02-08 14:32:32.563754,London-b1c1,6,61,Normal
2026-02-08 14:32:33.563754,London-b1c1,29,59,Normal
2026-02-08 14:32:34.563754,London-b1c1,33,36,Normal
2026-02-08 14:32:35.563754,London-b1c1,37,10,Normal
2026-02-08 14:32:36.563754,London-b1c1,9,54,Normal
2026-02-08 14:32:37.563754,London-b1c1,30,77,Normal
2026-02-08 14:32:38.563754,London-b1c1,9,37,Normal
2026-02-08 14:32:39.563754,London-b1c1,29,48,Normal
2026-02-08 14:32:40.563754,London-b1c1,7,15,Normal
2026-02-08 14:32:41.563754,London-b1c1,-28,12,Normal
2026-02-08 14:32:42.563754,London-b1c1,-10,87,Normal
2026-02-08 14:32:43.563754,London-b1c1,-29,95,Normal
2026-02-08 14:32:44.563754,London-b1c1,40,56,Normal
2026-02-08 14:32:45.563754,London-b1c1,26,0,Normal
2026-02-08 14:32:46.563754,London-b1c1,12,28,Normal
2026-02-08 14:32:47.563754,London-b1c1,12,99,Normal
2026-02-08 14:32:48.563754,London-b1c1,4,37,Normal
2026-02-08 14:32:49.563754,London-b1c1,25,57,Normal
2026-02-08 14:32:50.563754,London-b1c1,27,9,Normal
2026-02-08 14:32:51.563754,London-b1c1,-15,31,Normal
2026-02-08 14:32:52.563754,London-b1c1,-11,39,Normal
2026-02-08 14:32:53.563754,London-b1c1,-8,10,Normal
2026-02-08 14:32:54.563754,London-b1c1,16,91,Normal
2026-02-08 14:32:55.563754,London-b1c1,-5,19,Normal
2026-02-08 14:32:56.563754,London-b1c1,29,4,Normal
2026-02-08 14:32:57.563754,London-b1c1,-9,15,Normal
2026-02-08 14:32:58.563754,London-b1c1,-13,80,Normal
2026-02-08 14:32:59.563754,London-b1c1,0,1,Normal
2026-02-08 14:33:00.563754,London-b1c1,45,10,Normal
2026-02-08 14:33:01.563754,London-b1c1,24,91,Normal
2026-02-08 14:33:02.563754,London-b1c1,-19,78,Normal
2026-02-08 14:33:03.563754,London-b1c1,-3,70,Normal
2026-02-08 14:33:04.563754,London-b1c1,39,33,Normal
2026-02-08 14:33:05.563754,London-b1c1,34,84,Normal
2026-02-08 14:33:06.563754,London-b1c1,-18,88,Normal
2026-02-08 14:33:07.563754,London-b1c1,20,47,Normal
2026-02-08 14:33:08.563754,London-b1c1,47,71,Normal
2026-02-08 14:33:09.563754,London-b1c1,37,46,Normal
2026-02-08 14:33:10.563754,London-b1c1,30,33,Normal
2026-02-08 14:33:11.563754,London-b1c1,-19,8,Normal
2026-02-08 14:33:12.563754,London-b1c1,24,52,Normal
2026-02-08 14:33:13.563754,London-b1c1,43,70,Normal
2026-02-08 14:33:14.563754,London-b1c1,48,76,Normal
2026-02-08 14:33:15.563754,London-b1c1,-9,63,Normal
2026-02-08 14:33:16.563754,London-b1c1,19,51,Normal
2026-02-08 14:33:17.563754,London-b1c1,13,15,Normal
2026-02-08 14:33:18.563754,London-b1c1,18,21,Normal
2026-02-08 14:33:19.563754,London-b1c1,14,67,Normal
2026-02-08 14:33:20.563754,London-b1c1,-8,60,Normal
2026-02-08 14:33:21.563754,London-b1c1,12,33,Normal
2026-02-08 14:33:22.563754,London-b1c1,20,94,Normal
2026-02-08 14:33:23.563754,London-b1c1,6,98,Normal
2026-02-08 14:33:24.563754,London-b1c1,5,65,Normal
2026-02-08 14:33:25.563754,London-b1c1,-23,61,Normal
2026-02-08 14:33:26.563754,London-b1c1,11,18,Normal
2026-02-08 14:33:27.563754,London-b1c1,6,4,Normal
2026-02-08 14:33:28.563754,London-b1c1,-15,55,Normal
2026-02-08 14:33:29.563754,London-b1c1,47,67,Normal
2026-02-08 14:33:30.563754,London-b1c1,12,36,Normal
2026-02-08 14:33:31.563754,London-b1c1,50,8,Normal
2026-02-08 14:33:32.563754,London-b1c1,-17,54,Normal
2026-02-08 14:33:33.563754,London-b1c1,36,88,Normal
2026-02-08 14:33:34.563754,London-b1c1,4,34,Normal
2026-02-08 14:33:35.563754,London-b1c1,42,15,Normal
2026-02-08 14:33:36.563754,London-b1c1,-3,14,Normal
2026-02-08 14:33:37.563754,London-b1c1,1,30,Normal
2026-02-08 14:33:38.563754,London-b1c1,-3,58,Normal
2026-02-08 14:33:39.563754,London-b1c1,19,83,Normal
2026-02-08 14:33:40.563754,London-b1c1,44,2,Normal
2026-02-08 14:33:41.563754,London-b1c1,-18,15,Normal
2026-02-08 14:33:42.563754,London-b1c1,17,57,Normal
2026-02-08 14:33:43.563754,London-b1c1,-28,86,Normal
2026-02-08 14:33:44.563754,London-b1c1,28,23,Normal
2026-02-08 14:33:45.563754,London-b1c1,-20,45,Normal
2026-02-08 14:33:46.563754,London-b1c1,-5,39,Normal
2026-02-08 14:33:47.563754,London-b1c1,-20,84,Normal
2026-02-08 14:33:48.563754,London-b1c1,20,43,Normal
2026-02-08 14:33:49.563754,London-b1c1,-3,39,Normal
2026-02-08 14:33:50.563754,London-b1c1,2,83,Normal
2026-02-08 14:33:51.563754,London-b1c1,22,93,Normal
2026-02-08 14:33:52.563754,London-b1c1,-24,95,Normal
2026-02-08 14:33:53.563754,London-b1c1,-30,64,Normal
2026-02-08 14:33:54.563754,London-b1c1,-27,51,Normal
2026-02-08 14:33:55.563754,London-b1c1,-29,33,Normal
2026-02-08 14:33:56.563754,London-b1c1,8,50,Normal
2026-02-08 14:33:57.563754,London-b1c1,-13,5,Normal
2026-02-08 14:33:58.563754,London-b1c1,-18,0,Normal
2026-02-08 14:33:59.563754,London-b1c1,1,80,Normal
2026-02-08 14:34:00.563754,London-b1c1,-23,31,Normal
2026-02-08 14:34:01.563754,London-b1c1,40,9,Normal
2026-02-08 14:34:02.563754,London-b1c1,16,79,Normal
2026-02-08 14:34:03.563754,London-b1c1,18,18,Normal
2026-02-08 14:34:04.563754,London-b1c1,22,51,Normal
2026-02-08 14:34:05.563754,London-b1c1,10,82,Normal
2026-02-08 14:34:06.563754,London-b1c1,-7,93,Normal
2026-02-08 14:34:07.563754,London-b1c1,49,6,Normal
2026-02-08 14:34:08.563754,London-b1c1,-22,71,Normal
2026-02-08 14:34:09.563754,London-b1c1,39,71,Normal
2026-02-08 14:34:10.563754,London-b1c1,23,53,Normal
2026-02-08 14:34:11.563754,London-b1c1,3,17,Normal
2026-02-08 14:34:12.563754,London-b1c1,17,8,Normal
2026-02-08 14:34:13.563754,London-b1c1,42,42,Normal
2026-02-08 14:34:14.563754,London-b1c1,-24,98,Normal
2026-02-08 14:34:15.563754,London-b1c1,41,9,Normal
2026-02-08 14:34:16.563754,London-b1c1,30,63,Normal
2026-02-08 14:34:17.563754,London-b1c1,-30,62,Normal
2026-02-08 14:34:18.563754,London-b1c1,-27,65,Normal
2026-02-08 14:34:19.563754,London-b1c1,-24,32,Normal
2026-02-08 14:34:20.563754,London-b1c1,-1,9,Normal
2026-02-08 14:34:21.563754,London-b1c1,31,33,Normal
2026-02-08 14:34:22.563754,London-b1c1,-28,71,Normal
2026-02-08 14:34:23.563754,London-b1c1,40,11,Normal
2026-02-08 14:34:24.563754,London-b1c1,25,16,Normal
2026-02-08 14:34:25.563754,London-b1c1,23,30,Normal
2026-02-08 14:34:26.563754,London-b1c1,-5,7,Normal
2026-02-08 14:34:27.563754,London-b1c1,10,52,Normal
2026-02-08 14:34:28.563754,London-b1c1,-24,97,Normal
2026-02-08 14:34:29.563754,London-b1c1,13,65,Normal
2026-02-08 14:34:30.563754,London-b1c1,-19,11,Normal
2026-02-08 14:34:31.563754,London-b1c1,40,13,Normal
2026-02-08 14:34:32.563754,London-b1c1,-9,51,Normal
2026-02-08 14:34:33.563754,London-b1c1,-2,24,Normal
2026-02-08 14:34:34.563754,London-b1c1,-26,48,Normal
2026-02-08 14:34:35.563754,London-b1c1,47,57,Normal
2026-02-08 14:34:36.563754,London-b1c1,-30,74,Normal
2026-02-08 14:34:37.563754,London-b1c1,23,38,Normal
2026-02-08 14:34:38.563754,London-b1c1,5,59,Normal
2026-02-08 14:34:39.563754,London-b1c1,22,96,Normal
2026-02-08 14:34:40.563754,London-b1c1,43,18,Normal
2026-02-08 14:34:41.563754,London-b1c1,4,53,Normal
2026-02-08 14:34:42.563754,London-b1c1,-24,40,Normal
2026-02-08 14:34:43.563754,London-b1c1,4,31,Normal
2026-02-08 14:34:44.563754,London-b1c1,-27,60,Normal
2026-02-08 14:34:45.563754,London-b1c1,-28,7,Normal
2026-02-08 14:34:46.563754,London-b1c1,17,29,Normal
2026-02-08 14:34:47.563754,London-b1c1,-17,61,Normal
2026-02-08 14:34:48.563754,London-b1c1,8,2,Normal
2026-02-08 14:34:49.563754,London-b1c1,45,18,Normal
2026-02-08 14:34:50.563754,London-b1c1,33,29,Normal
2026-02-08 14:34:51.563754,London-b1c1,40,23,Normal
2026-02-08 14:34:52.563754,London-b1c1,-9,94,Normal
2026-02-08 14:34:53.563754,London-b1c1,16,7,Normal
2026-02-08 14:34:54.563754,London-b1c1,34,35,Normal
2026-02-08 14:34:55.563754,London-b1c1,11,53,Normal
2026-02-08 14:34:56.563754,London-b1c1,27,86,Normal
2026-02-08 14:34:57.563754,London-b1c1,49,48,Normal
2026-02-08 14:34:58.563754,London-b1c1,-12,8,Normal
2026-02-08 14:34:59.563754,London-b1c1,47,28,Normal
2026-02-08 14:35:00.563754,London-b1c1,46,77,Normal
2026-02-08 14:35:01.563754,London-b1c1,21,52,Normal
2026-02-08 14:35:02.563754,London-b1c1,32,56,Normal
2026-02-08 14:35:03.563754,London-b1c1,-28,52,Normal
2026-02-08 14:35:04.563754,London-b1c1,21,37,Normal
2026-02-08 14:35:05.563754,London-b1c1,-21,50,Normal
2026-02-08 14:35:06.563754,London-b1c1,28,55,Normal
2026-02-08 14:35:07.563754,London-b1c1,29,58,Normal
2026-02-08 14:35:08.563754,London-b1c1,-11,74,Normal
2026-02-08 14:35:09.563754,London-b1c1,-19,40,Normal
2026-02-08 14:35:10.563754,London-b1c1,-4,41,Normal
2026-02-08 14:35:11.563754,London-b1c1,-24,26,Normal
2026-02-08 14:35:12.563754,London-b1c1,-30,12,Normal
2026-02-08 14:35:13.563754,London-b1c1,37,41,Normal
2026-02-08 14:35:14.563754,London-b1c1,-2,77,Normal
2026-02-08 14:35:15.563754,London-b1c1,-22,32,Normal
2026-02-08 14:35:16.563754,London-b1c1,39,41,Normal
2026-02-08 14:35:17.563754,London-b1c1,-3,46,Normal
2026-02-08 14:35:18.563754,London-b1c1,-12,96,Normal
2026-02-08 14:35:19.563754,London-b1c1,-22,66,Normal
2026-02-08 14:35:20.563754,London-b1c1,-12,40,Normal
2026-02-08 14:35:21.563754,London-b1c1,36,77,Normal
2026-02-08 14:35:22.563754,London-b1c1,-25,77,Normal
2026-02-08 14:35:23.563754,London-b1c1,33,32,Normal
2026-02-08 14:35:24.563754,London-b1c1,-28,91,Normal
2026-02-08 14:35:25.563754,London-b1c1,40,100,Normal
2026-02-08 14:35:26.563754,London-b1c1,37,53,Normal
2026-02-08 14:35:27.563754,London-b1c1,50,62,Normal
2026-02-08 14:35:28.563754,London-b1c1,33,0,Normal
2026-02-08 14:35:29.563754,London-b1c1,-15,63,Normal
2026-02-08 14:35:30.563754,London-b1c1,4,46,Normal
2026-02-08 14:35:31.563754,London-b1c1,40,16,Normal
2026-02-08 14:35:32.563754,London-b1c1,26,59,Normal
2026-02-08 14:35:33.563754,London-b1c1,50,26,Normal
2026-02-08 14:35:34.563754,London-b1c1,5,15,Normal
2026-02-08 14:35:35.563754,London-b1c1,38,27,Normal
2026-02-08 14:35:36.563754,London-b1c1,-1,28,Normal
2026-02-08 14:35:37.563754,London-b1c1,29,47,Normal
2026-02-08 14:35:38.563754,London-b1c1,-22,13,Normal
2026-02-08 14:35:39.563754,London-b1c1,29,52,Normal
2026-02-08 14:35:40.563754,London-b1c1,-26,84,Normal
2026-02-08 14:35:41.563754,London-b1c1,-2,94,Normal
2026-02-08 14:35:42.563754,London-b1c1,-23,32,Normal
2026-02-08 14:35:43.563754,London-b1c1,37,47,Normal
2026-02-08 14:35:44.563754,London-b1c1,-5,0,Normal
2026-02-08 14:35:45.563754,London-b1c1,15,99,Normal
2026-02-08 14:35:46.563754,London-b1c1,-10,52,Normal
2026-02-08 14:35:47.563754,London-b1c1,-24,40,Normal
2026-02-08 14:35:48.563754,London-b1c1,-14,85,Normal
2026-02-08 14:35:49.563754,London-b1c1,46,43,Normal
2026-02-08 14:35:50.563754,London-b1c1,16,61,Normal
2026-02-08 14:35:51.563754,London-b1c1,50,79,Normal
2026-02-08 14:35:52.563754,London-b1c1,18,61,Normal
2026-02-08 14:35:53.563754,London-b1c1,0,44,Normal
2026-02-08 14:35:54.563754,London-b1c1,44,85,Normal
2026-02-08 14:35:55.563754,London-b1c1,-28,99,Normal
2026-02-08 14:35:56.563754,London-b1c1,13,26,Normal
2026-02-08 14:35:57.563754,London-b1c1,21,70,Normal
2026-02-08 14:35:58.563754,London-b1c1,6,10,Normal
2026-02-08 14:35:59.563754,London-b1c1,46,78,Normal
2026-02-08 14:36:00.563754,London-b1c1,-1,66,Normal
2026-02-08 14:36:01.563754,London-b1c1,-30,52,Normal
2026-02-08 14:36:02.563754,London-b1c1,4,46,Normal
2026-02-08 14:36:03.563754,London-b1c1,8,19,Normal
2026-02-08 14:36:04.563754,London-b1c1,48,100,Normal
2026-02-08 14:36:05.563754,London-b1c1,-30,59,Normal
2026-02-08 14:36:06.563754,London-b1c1,-8,60,Normal
2026-02-08 14:36:07.563754,London-b1c1,-24,75,Normal
2026-02-08 14:36:08.563754,London-b1c1,6,52,Normal
2026-02-08 14:36:09.563754,London-b1c1,-7,22,Normal
2026-02-08 14:36:10.563754,London-b1c1,18,49,Normal
2026-02-08 14:36:11.563754,London-b1c1,38,12,Normal
2026-02-08 14:36:12.563754,London-b1c1,-28,46,Normal
2026-02-08 14:36:13.563754,London-b1c1,44,60,Normal
2026-02-08 14:36:14.563754,London-b1c1,-3,86,Normal
2026-02-08 14:36:15.563754,London-b1c1,18,95,Normal
2026-02-08 14:36:16.563754,London-b1c1,44,59,Normal
2026-02-08 14:36:17.563754,London-b1c1,19,3,Normal
2026-02-08 14:36:18.563754,London-b1c1,-10,73,Normal
2026-02-08 14:36:19.563754,London-b1c1,8,67,Normal
2026-02-08 14:36:20.563754,London-b1c1,-26,52,Normal
2026-02-08 14:36:21.563754,London-b1c1,15,63,Normal
2026-02-08 14:36:22.563754,London-b1c1,3,16,Normal
2026-02-08 14:36:23.563754,London-b1c1,4,45,Normal
2026-02-08 14:36:24.563754,London-b1c1,-3,3,Normal
2026-02-08 14:36:25.563754,London-b1c1,-29,99,Normal
2026-02-08 14:36:26.563754,London-b1c1,5,73,Normal
2026-02-08 14:36:27.563754,London-b1c1,35,64,Normal
2026-02-08 14:36:28.563754,London-b1c1,-25,93,Normal
2026-02-08 14:36:29.563754,London-b1c1,-7,64,Normal
2026-02-08 14:36:30.563754,London-b1c1,-22,76,Normal
2026-02-08 14:36:31.563754,London-b1c1,18,54,Normal
2026-02-08 14:36:32.563754,London-b1c1,46,78,Normal
2026-02-08 14:36:33.563754,London-b1c1,18,3,Normal
2026-02-08 14:36:34.563754,London-b1c1,16,53,Normal
2026-02-08 14:36:35.563754,London-b1c1,-15,31,Normal
2026-02-08 14:36:36.563754,London-b1c1,37,25,Normal
2026-02-08 14:36:37.563754,London-b1c1,34,19,Normal
2026-02-08 14:36:38.563754,London-b1c1,-28,53,Normal
2026-02-08 14:36:39.563754,London-b1c1,0,92,Normal
2026-02-08 14:36:40.563754,London-b1c1,32,92,Normal
2026-02-08 14:36:41.563754,London-b1c1,-22,67,Normal
2026-02-08 14:36:42.563754,London-b1c1,-7,83,Normal
2026-02-08 14:36:43.563754,London-b1c1,-8,18,Normal
2026-02-08 14:36:44.563754,London-b1c1,34,17,Normal
2026-02-08 14:36:45.563754,London-b1c1,37,100,Normal
2026-02-08 14:36:46.563754,London-b1c1,-26,42,Normal
2026-02-08 14:36:47.563754,London-b1c1,4,24,Normal
2026-02-08 14:36:48.563754,London-b1c1,14,14,Normal
2026-02-08 14:36:49.563754,London-b1c1,-1,16,Normal
2026-02-08 14:36:50.563754,London-b1c1,31,79,Normal
2026-02-08 14:36:51.563754,London-b1c1,-25,2,Normal
2026-02-08 14:36:52.563754,London-b1c1,31,70,Normal
2026-02-08 14:36:53.563754,London-b1c1,2,71,Normal
2026-02-08 14:36:54.563754,London-b1c1,-16,17,Normal
2026-02-08 14:36:55.563754,London-b1c1,21,73,Normal
2026-02-08 14:36:56.563754,London-b1c1,-13,95,Normal
2026-02-08 14:36:57.563754,London-b1c1,-5,12,Normal
2026-02-08 14:36:58.563754,London-b1c1,47,73,Normal
2026-02-08 14:36:59.563754,London-b1c1,23,79,Normal
2026-02-08 14:37:00.563754,London-b1c1,-21,27,Normal
2026-02-08 14:37:01.563754,London-b1c1,46,85,Normal
2026-02-08 14:37:02.563754,London-b1c1,20,36,Normal
2026-02-08 14:37:03.563754,London-b1c1,-4,34,Normal
2026-02-08 14:37:04.563754,London-b1c1,-29,52,Normal
2026-02-08 14:37:05.563754,London-b1c1,-14,72,Normal
2026-02-08 14:37:06.563754,London-b1c1,5,35,Normal
2026-02-08 14:37:07.563754,London-b1c1,7,6,Normal
2026-02-08 14:37:08.563754,London-b1c1,1,79,Normal
2026-02-08 14:37:09.563754,London-b1c1,16,89,Normal
2026-02-08 14:37:10.563754,London-b1c1,-26,92,Normal
2026-02-08 14:37:11.563754,London-b1c1,-6,88,Normal
2026-02-08 14:37:12.563754,London-b1c1,-7,87,Normal
2026-02-08 14:37:13.563754,London-b1c1,41,12,Normal
2026-02-08 14:37:14.563754,London-b1c1,3,42,Normal
2026-02-08 14:37:15.563754,London-b1c1,34,35,Normal
2026-02-08 14:37:16.563754,London-b1c1,-11,85,Normal
2026-02-08 14:37:17.563754,London-b1c1,-7,87,Normal
2026-02-08 14:37:18.563754,London-b1c1,46,48,Normal
2026-02-08 14:37:19.563754,London-b1c1,5,95,Normal
2026-02-08 14:37:20.563754,London-b1c1,14,77,Normal
2026-02-08 14:37:21.563754,London-b1c1,-22,65,Normal
2026-02-08 14:37:22.563754,London-b1c1,-13,40,Normal
2026-02-08 14:37:23.563754,London-b1c1,24,62,Normal
2026-02-08 14:37:24.563754,London-b1c1,-1,7,Normal
2026-02-08 14:37:25.563754,London-b1c1,-19,38,Normal
2026-02-08 14:37:26.563754,London-b1c1,-28,51,Normal
2026-02-08 14:37:27.563754,London-b1c1,35,12,Normal
2026-02-08 14:37:28.563754,London-b1c1,19,58,Normal
2026-02-08 14:37:29.563754,London-b1c1,-22,24,Normal
2026-02-08 14:37:30.563754,London-b1c1,35,13,Normal
2026-02-08 14:37:31.563754,London-b1c1,-3,15,Normal
2026-02-08 14:37:32.563754,London-b1c1,-14,66,Normal
2026-02-08 14:37:33.563754,London-b1c1,17,56,Normal
2026-02-08 14:37:34.563754,London-b1c1,16,75,Normal
2026-02-08 14:37:35.563754,London-b1c1,48,87,Normal
2026-02-08 14:37:36.563754,London-b1c1,7,42,Normal
2026-02-08 14:37:37.563754,London-b1c1,43,78,Normal
2026-02-08 14:37:38.563754,London-b1c1,-15,33,Normal
2026-02-08 14:37:39.563754,London-b1c1,33,66,Normal
2026-02-08 14:37:40.563754,London-b1c1,47,90,Normal
2026-02-08 14:37:41.563754,London-b1c1,37,74,Normal
2026-02-08 14:37:42.563754,London-b1c1,14,80,Normal
2026-02-08 14:37:43.563754,London-b1c1,2,67,Normal
2026-02-08 14:37:44.563754,London-b1c1,-26,64,Normal
2026-02-08 14:37:45.563754,London-b1c1,-29,88,Normal
2026-02-08 14:37:46.563754,London-b1c1,14,88,Normal
2026-02-08 14:37:47.563754,London-b1c1,41,44,Normal
2026-02-08 14:37:48.563754,London-b1c1,2,69,Normal
2026-02-08 14:37:49.563754,London-b1c1,-16,43,Normal
2026-02-08 14:37:50.563754,London-b1c1,39,64,Normal
2026-02-08 14:37:51.563754,London-b1c1,-7,6,Normal
2026-02-08 14:37:52.563754,London-b1c1,-21,56,Normal
2026-02-08 14:37:53.563754,London-b1c1,40,27,Normal
2026-02-08 14:37:54.563754,London-b1c1,3,13,Normal
2026-02-08 14:37:55.563754,London-b1c1,-20,22,Normal
2026-02-08 14:37:56.563754,London-b1c1,-26,14,Normal
2026-02-08 14:37:57.563754,London-b1c1,-21,100,Normal
2026-02-08 14:37:58.563754,London-b1c1,-21,11,Normal
2026-02-08 14:37:59.563754,London-b1c1,9,45,Normal
2026-02-08 14:38:00.563754,London-b1c1,-11,31,Normal
2026-02-08 14:38:01.563754,London-b1c1,50,40,Normal
2026-02-08 14:38:02.563754,London-b1c1,-11,13,Normal
2026-02-08 14:38:03.563754,London-b1c1,30,23,Normal
2026-02-08 14:38:04.563754,London-b1c1,2,91,Normal
2026-02-08 14:38:05.563754,London-b1c1,47,96,Normal
2026-02-08 14:38:06.563754,London-b1c1,-9,44,Normal
2026-02-08 14:38:07.563754,London-b1c1,14,8,Normal
2026-02-08 14:38:08.563754,London-b1c1,31,12,Normal
2026-02-08 14:38:09.563754,London-b1c1,-5,29,Normal
2026-02-08 14:38:10.563754,London-b1c1,11,18,Normal
2026-02-08 14:38:11.563754,London-b1c1,41,44,Normal
2026-02-08 14:38:12.563754,London-b1c1,-25,48,Normal
2026-02-08 14:38:13.563754,London-b1c1,2,84,Normal
2026-02-08 14:38:14.563754,London-b1c1,-28,95,Normal
2026-02-08 14:38:15.563754,London-b1c1,-13,38,Normal
2026-02-08 14:38:16.563754,London-b1c1,33,93,Normal
2026-02-08 14:38:17.563754,London-b1c1,-14,7,Normal
2026-02-08 14:38:18.563754,London-b1c1,25,55,Normal
2026-02-08 14:38:19.563754,London-b1c1,12,4,Normal
2026-02-08 14:38:20.563754,London-b1c1,10,81,Normal
2026-02-08 14:38:21.563754,London-b1c1,-30,81,Normal
2026-02-08 14:38:22.563754,London-b1c1,-10,81,Normal
2026-02-08 14:38:23.563754,London-b1c1,-3,87,Normal
2026-02-08 14:38:24.563754,London-b1c1,22,4,Normal
2026-02-08 14:38:25.563754,London-b1c1,41,54,Normal
2026-02-08 14:38:26.563754,London-b1c1,42,73,Normal
2026-02-08 14:38:27.563754,London-b1c1,39,87,Normal
2026-02-08 14:38:28.563754,London-b1c1,39,89,Normal
2026-02-08 14:38:29.563754,London-b1c1,-19,64,Normal
2026-02-08 14:38:30.563754,London-b1c1,26,60,Normal
2026-02-08 14:38:31.563754,London-b1c1,-19,81,Normal
2026-02-08 14:38:32.563754,London-b1c1,3,23,Normal
2026-02-08 14:38:33.563754,London-b1c1,9,21,Normal
2026-02-08 14:38:34.563754,London-b1c1,31,5,Normal
2026-02-08 14:38:35.563754,London-b1c1,-22,45,Normal
2026-02-08 14:38:36.563754,London-b1c1,50,69,Normal
2026-02-08 14:38:37.563754,London-b1c1,37,57,Normal
2026-02-08 14:38:38.563754,London-b1c1,-29,12,Normal
2026-02-08 14:38:39.563754,London-b1c1,37,18,Normal
2026-02-08 14:38:40.563754,London-b1c1,7,2,Normal
2026-02-08 14:38:41.563754,London-b1c1,27,68,Normal
2026-02-08 14:38:42.563754,London-b1c1,9,96,Normal
2026-02-08 14:38:43.563754,London-b1c1,50,3,Normal
2026-02-08 14:38:44.563754,London-b1c1,-30,94,Normal
2026-02-08 14:38:45.563754,London-b1c1,47,29,Normal
2026-02-08 14:38:46.563754,London-b1c1,-30,74,Normal
2026-02-08 14:38:47.563754,London-b1c1,-18,40,Normal
2026-02-08 14:38:48.563754,London-b1c1,46,82,Normal
2026-02-08 14:38:49.563754,London-b1c1,48,30,Normal
2026-02-08 14:38:50.563754,London-b1c1,18,80,Normal
2026-02-08 14:38:51.563754,London-b1c1,37,64,Normal
