timestamp,station_id,temp,humid,condition
2026-02-17 01:02:35.506574,Berlin-5735,33,83,Normal
2026-02-17 01:02:36.506574,Berlin-5735,-26,8,Normal
2026-02-17 01:02:37.506574,Berlin-5735,48,8,Normal
2026-02-17 01:02:38.506574,Berlin-5735,7,0,Normal
2026-02-17 01:02:39.506574,Berlin-5735,38,2,Normal
2026-02-17 01:02:40.506574,Berlin-5735,42,45,Normal
2026-02-17 01:02:41.506574,Berlin-5735,-30,67,Normal
2026-02-17 01:02:42.506574,Berlin-5735,-21,39,Normal
2026-02-17 01:02:43.506574,Berlin-5735,17,81,Normal
2026-02-17 01:02:44.506574,Berlin-5735,-30,71,Normal
2026-02-17 01:02:45.506574,Berlin-5735,40,58,Normal
2026-02-17 01:02:46.506574,Berlin-5735,0,73,Normal
2026-02-17 01:02:47.506574,Berlin-5735,8,74,Normal
2026-02-17 01:02:48.506574,Berlin-5735,-1,30,Normal
2026-02-17 01:02:49.506574,Berlin-5735,-6,63,Normal
2026-02-17 01:02:50.506574,Berlin-5735,46,65,Normal
2026-02-17 01:02:51.506574,Berlin-5735,23,49,Normal
2026-02-17 01:02:52.506574,Berlin-5735,3,52,Normal
2026-02-17 01:02:53.506574,Berlin-5735,36,92,Normal
2026-02-17 01:02:54.506574,Berlin-5735,8,16,Normal
2026-02-17 01:02:55.506574,Berlin-5735,50,43,Normal
2026-02-17 01:02:56.506574,Berlin-5735,0,12,Normal
2026-02-17 01:02:57.506574,Berlin-5735,-22,81,Normal
2026-02-17 01:02:58.506574,Berlin-5735,-14,20,Normal
2026-02-17 01:02:59.506574,Berlin-5735,-30,19,Normal
2026-02-17 01:03:00.506574,Berlin-5735,46,65,Normal
2026-02-17 01:03:01.506574,Berlin-5735,-16,13,Normal
2026-02-17 01:03:02.506574,Berlin-5735,21,6,Normal
2026-02-17 01:03:03.506574,Berlin-5735,-3,22,Normal
2026-02-17 01:03:04.506574,Berlin-5735,-15,86,Normal
2026-02-17 01:03:05.506574,Berlin-5735,-24,73,Normal
2026-02-17 01:03:06.506574,Berlin-5735,5,45,Normal
2026-02-17 01:03:07.506574,Berlin-5735,15,45,Normal
2026-02-17 01:03:08.506574,Berlin-5735,15,20,Normal
2026-02-17 01:03:09.506574,Berlin-5735,-18,18,Normal
2026-02-17 01:03:10.506574,Berlin-5735,27,11,Normal
2026-02-17 01:03:11.506574,Berlin-5735,18,0,Normal
2026-02-17 01:03:12.506574,Berlin-5735,22,37,Normal
2026-02-17 01:03:13.506574,Berlin-5735,-11,76,Normal
2026-02-17 01:03:14.506574,Berlin-5735,32,78,Normal
2026-02-17 01:03:15.506574,Berlin-5735,-24,55,Normal
2026-02-17 01:03:16.506574,Berlin-5735,32,61,Normal
2026-02-17 01:03:17.506574,Berlin-5735,-30,21,Normal
2026-02-17 01:03:18.506574,Berlin-5735,0,35,Normal
2026-02-17 01:03:19.506574,Berlin-5735,45,64,Normal
2026-02-17 01:03:20.506574,Berlin-5735,30,17,Normal
2026-02-17 01:03:21.506574,Berlin-5735,28,13,Normal
2026-02-17 01:03:22.506574,Berlin-5735,43,24,Normal
2026-02-17 01:03:23.506574,Berlin-5735,-20,3,Normal
2026-02-17 01:03:24.506574,Berlin-5735,-16,83,Normal
2026-02-17 01:03:25.506574,Berlin-5735,8,54,Normal
2026-02-17 01:03:26.506574,Berlin-5735,32,57,Normal
2026-02-17 01:03:27.506574,Berlin-5735,-27,53,Normal
2026-02-17 01:03:28.506574,Berlin-5735,17,37,Normal
2026-02-17 01:03:29.506574,Berlin-5735,25,10,Normal
2026-02-17 01:03:30.506574,Berlin-5735,44,51,Normal
2026-02-17 01:03:31.506574,Berlin-5735,-23,98,Normal
2026-02-17 01:03:32.506574,Berlin-5735,25,17,Normal
2026-02-17 01:03:33.506574,Berlin-5735,38,19,Normal
2026-02-17 01:03:34.506574,Berlin-5735,10,30,Normal
2026-02-17 01:03:35.506574,Berlin-5735,14,89,Normal
2026-02-17 01:03:36.506574,Berlin-5735,-8,87,Normal
2026-02-17 01:03:37.506574,Berlin-5735,25,95,Normal
2026-02-17 01:03:38.506574,Berlin-5735,15,30,Normal
2026-02-17 01:03:39.506574,Berlin-5735,15,21,Normal
2026-02-17 01:03:40.506574,Berlin-5735,35,53,Normal
2026-02-17 01:03:41.506574,Berlin-5735,26,16,Normal
2026-02-17 01:03:42.506574,Berlin-5735,25,10,Normal
2026-02-17 01:03:43.506574,Berlin-5735,19,94,Normal
2026-02-17 01:03:44.506574,Berlin-5735,4,64,Normal
2026-02-17 01:03:45.506574,Berlin-5735,37,6,Normal
2026-02-17 01:03:46.506574,Berlin-5735,17,98,Normal
2026-02-17 01:03:47.506574,Berlin-5735,24,60,Normal
2026-02-17 01:03:48.506574,Berlin-5735,-22,16,Normal
2026-02-17 01:03:49.506574,Berlin-5735,-29,3,Normal
2026-02-17 01:03:50.506574,Berlin-5735,36,52,Normal
2026-02-17 01:03:51.506574,Berlin-5735,-22,51,Normal
2026-02-17 01:03:52.506574,Berlin-5735,1,25,Normal
2026-02-17 01:03:53.506574,Berlin-5735,3,5,Normal
2026-02-17 01:03:54.506574,Berlin-5735,41,76,Normal
2026-02-17 01:03:55.506574,Berlin-5735,23,15,Normal
2026-02-17 01:03:56.506574,Berlin-5735,-7,23,Normal
2026-02-17 01:03:57.506574,Berlin-5735,-19,75,Normal
2026-02-17 01:03:58.506574,Berlin-5735,11,36,Normal
2026-02-17 01:03:59.506574,Berlin-5735,-11,39,Normal
2026-02-17 01:04:00.506574,Berlin-5735,37,0,Normal
2026-02-17 01:04:01.506574,Berlin-5735,-25,64,Normal
2026-02-17 01:04:02.506574,Berlin-5735,14,47,Normal
2026-02-17 01:04:03.506574,Berlin-5735,-9,30,Normal
2026-02-17 01:04:04.506574,Berlin-5735,36,71,Normal
2026-02-17 01:04:05.506574,Berlin-5735,5,2,Normal
2026-02-17 01:04:06.506574,Berlin-5735,-13,28,Normal
2026-02-17 01:04:07.506574,Berlin-5735,24,69,Normal
2026-02-17 01:04:08.506574,Berlin-5735,15,92,Normal
2026-02-17 01:04:09.506574,Berlin-5735,-17,44,Normal
2026-02-17 01:04:10.506574,Berlin-5735,-4,80,Normal
2026-02-17 01:04:11.506574,Berlin-5735,-10,96,Normal
2026-02-17 01:04:12.506574,Berlin-5735,41,29,Normal
2026-02-17 01:04:13.506574,Berlin-5735,31,27,Normal
2026-02-17 01:04:14.506574,Berlin-5735,50,88,Normal
2026-02-17 01:04:15.506574,Berlin-5735,39,59,Normal
2026-02-17 01:04:16.506574,Berlin-5735,46,2,Normal
2026-02-17 01:04:17.506574,Berlin-5735,21,72,Normal
2026-02-17 01:04:18.506574,Berlin-5735,-29,74,Normal
2026-02-17 01:04:19.506574,Berlin-5735,-9,1,Normal
2026-02-17 01:04:20.506574,Berlin-5735,-21,13,Normal
2026-02-17 01:04:21.506574,Berlin-5735,-17,14,Normal
2026-02-17 01:04:22.506574,Berlin-5735,25,84,Normal
2026-02-17 01:04:23.506574,Berlin-5735,33,98,Normal
2026-02-17 01:04:24.506574,Berlin-5735,-5,46,Normal
2026-02-17 01:04:25.506574,Berlin-5735,-18,76,Normal
2026-02-17 01:04:26.506574,Berlin-5735,50,32,Normal
2026-02-17 01:04:27.506574,Berlin-5735,4,52,Normal
2026-02-17 01:04:28.506574,Berlin-5735,22,30,Normal
2026-02-17 01:04:29.506574,Berlin-5735,34,97,Normal
2026-02-17 01:04:30.506574,Berlin-5735,4,90,Normal
2026-02-17 01:04:31.506574,Berlin-5735,32,51,Normal
2026-02-17 01:04:32.506574,Berlin-5735,-20,10,Normal
2026-02-17 01:04:33.506574,Berlin-5735,34,10,Normal
2026-02-17 01:04:34.506574,Berlin-5735,22,22,Normal
2026-02-17 01:04:35.506574,Berlin-5735,35,1,Normal
2026-02-17 01:04:36.506574,Berlin-5735,35,83,Normal
2026-02-17 01:04:37.506574,Berlin-5735,15,14,Normal
2026-02-17 01:04:38.506574,Berlin-5735,41,91,Normal
2026-02-17 01:04:39.506574,Berlin-5735,-26,21,Normal
2026-02-17 01:04:40.506574,Berlin-5735,46,0,Normal
2026-02-17 01:04:41.506574,Berlin-5735,-1,82,Normal
2026-02-17 01:04:42.506574,Berlin-5735,-5,51,Normal
2026-02-17 01:04:43.506574,Berlin-5735,25,54,Normal
2026-02-17 01:04:44.506574,Berlin-5735,-5,67,Normal
2026-02-17 01:04:45.506574,Berlin-5735,8,1,Normal
2026-02-17 01:04:46.506574,Berlin-5735,45,67,Normal
2026-02-17 01:04:47.506574,Berlin-5735,-28,81,Normal
2026-02-17 01:04:48.506574,Berlin-5735,43,88,Normal
2026-02-17 01:04:49.506574,Berlin-5735,-8,66,Normal
2026-02-17 01:04:50.506574,Berlin-5735,39,97,Normal
2026-02-17 01:04:51.506574,Berlin-5735,38,33,Normal
2026-02-17 01:04:52.506574,Berlin-5735,-4,13,Normal
2026-02-17 01:04:53.506574,Berlin-5735,15,18,Normal
2026-02-17 01:04:54.506574,Berlin-5735,16,42,Normal
2026-02-17 01:04:55.506574,Berlin-5735,44,89,Normal
2026-02-17 01:04:56.506574,Berlin-5735,-19,3,Normal
2026-02-17 01:04:57.506574,Berlin-5735,10,73,Normal
2026-02-17 01:04:58.506574,Berlin-5735,-24,41,Normal
2026-02-17 01:04:59.506574,Berlin-5735,44,63,Normal
2026-02-17 01:05:00.506574,Berlin-5735,16,22,Normal
2026-02-17 01:05:01.506574,Berlin-5735,-6,63,Normal
2026-02-17 01:05:02.506574,Berlin-5735,-29,48,Normal
2026-02-17 01:05:03.506574,Berlin-5735,-14,50,Normal
2026-02-17 01:05:04.506574,Berlin-5735,50,28,Normal
2026-02-17 01:05:05.506574,Berlin-5735,16,94,Normal
2026-02-17 01:05:06.506574,Berlin-5735,-1,39,Normal
2026-02-17 01:05:07.506574,Berlin-5735,48,57,Normal
2026-02-17 01:05:08.506574,Berlin-5735,-2,84,Normal
2026-02-17 01:05:09.506574,Berlin-5735,-4,52,Normal
2026-02-17 01:05:10.506574,Berlin-5735,1,6,Normal
2026-02-17 01:05:11.506574,Berlin-5735,36,8,Normal
2026-02-17 01:05:12.506574,Berlin-5735,42,20,Normal
2026-02-17 01:05:13.506574,Berlin-5735,-22,98,Normal
2026-02-17 01:05:14.506574,Berlin-5735,-28,54,Normal
2026-02-17 01:05:15.506574,Berlin-5735,18,78,Normal
2026-02-17 01:05:16.506574,Berlin-5735,-12,97,Normal
2026-02-17 01:05:17.506574,Berlin-5735,25,28,Normal
2026-02-17 01:05:18.506574,Berlin-5735,25,73,Normal
2026-02-17 01:05:19.506574,Berlin-5735,-18,14,Normal
2026-02-17 01:05:20.506574,Berlin-5735,23,28,Normal
2026-02-17 01:05:21.506574,Berlin-5735,39,64,Normal
2026-02-17 01:05:22.506574,Berlin-5735,43,70,Normal
2026-02-17 01:05:23.506574,Berlin-5735,21,27,Normal
2026-02-17 01:05:24.506574,Berlin-5735,33,94,Normal
2026-02-17 01:05:25.506574,Berlin-5735,-28,75,Normal
2026-02-17 01:05:26.506574,Berlin-5735,-7,83,Normal
2026-02-17 01:05:27.506574,Berlin-5735,21,60,Normal
2026-02-17 01:05:28.506574,Berlin-5735,10,65,Normal
2026-02-17 01:05:29.506574,Berlin-5735,-21,19,Normal
2026-02-17 01:05:30.506574,Berlin-5735,1,42,Normal
2026-02-17 01:05:31.506574,Berlin-5735,35,8,Normal
2026-02-17 01:05:32.506574,Berlin-5735,42,28,Normal
2026-02-17 01:05:33.506574,Berlin-5735,-8,64,Normal
2026-02-17 01:05:34.506574,Berlin-5735,0,76,Normal
2026-02-17 01:05:35.506574,Berlin-5735,28,57,Normal
2026-02-17 01:05:36.506574,Berlin-5735,24,53,Normal
2026-02-17 01:05:37.506574,Berlin-5735,-22,40,Normal
2026-02-17 01:05:38.506574,Berlin-5735,28,63,Normal
2026-02-17 01:05:39.506574,Berlin-5735,46,9,Normal
2026-02-17 01:05:40.506574,Berlin-5735,25,51,Normal
2026-02-17 01:05:41.506574,Berlin-5735,42,63,Normal
2026-02-17 01:05:42.506574,Berlin-5735,5,35,Normal
2026-02-17 01:05:43.506574,Berlin-5735,20,9,Normal
2026-02-17 01:05:44.506574,Berlin-5735,6,8,Normal
2026-02-17 01:05:45.506574,Berlin-5735,-14,25,Normal
2026-02-17 01:05:46.506574,Berlin-5735,4,100,Normal
2026-02-17 01:05:47.506574,Berlin-5735,-16,52,Normal
2026-02-17 01:05:48.506574,Berlin-5735,-5,1,Normal
2026-02-17 01:05:49.506574,Berlin-5735,25,48,Normal
2026-02-17 01:05:50.506574,Berlin-5735,-17,45,Normal
2026-02-17 01:05:51.506574,Berlin-5735,11,39,Normal
2026-02-17 01:05:52.506574,Berlin-5735,42,96,Normal
2026-02-17 01:05:53.506574,Berlin-5735,-11,97,Normal
2026-02-17 01:05:54.506574,Berlin-5735,35,9,Normal
2026-02-17 01:05:55.506574,Berlin-5735,7,9,Normal
2026-02-17 01:05:56.506574,Berlin-5735,-24,72,Normal
2026-02-17 01:05:57.506574,Berlin-5735,-20,1,Normal
2026-02-17 01:05:58.506574,Berlin-5735,24,11,Normal
2026-02-17 01:05:59.506574,Berlin-5735,-9,37,Normal
2026-02-17 01:06:00.506574,Berlin-5735,28,49,Normal
2026-02-17 01:06:01.506574,Berlin-5735,27,99,Normal
2026-02-17 01:06:02.506574,Berlin-5735,9,28,Normal
2026-02-17 01:06:03.506574,Berlin-5735,-6,51,Normal
2026-02-17 01:06:04.506574,Berlin-5735,3,25,Normal
2026-02-17 01:06:05.506574,Berlin-5735,-14,84,Normal
2026-02-17 01:06:06.506574,Berlin-5735,29,20,Normal
2026-02-17 01:06:07.506574,Berlin-5735,14,15,Normal
2026-02-17 01:06:08.506574,Berlin-5735,-25,100,Normal
2026-02-17 01:06:09.506574,Berlin-5735,-24,61,Normal
2026-02-17 01:06:10.506574,Berlin-5735,-1,24,Normal
2026-02-17 01:06:11.506574,Berlin-5735,43,67,Normal
2026-02-17 01:06:12.506574,Berlin-5735,-28,99,Normal
2026-02-17 01:06:13.506574,Berlin-5735,6,23,Normal
2026-02-17 01:06:14.506574,Berlin-5735,48,56,Normal
2026-02-17 01:06:15.506574,Berlin-5735,-6,68,Normal
2026-02-17 01:06:16.506574,Berlin-5735,-3,58,Normal
2026-02-17 01:06:17.506574,Berlin-5735,-7,4,Normal
2026-02-17 01:06:18.506574,Berlin-5735,-17,50,Normal
2026-02-17 01:06:19.506574,Berlin-5735,40,24,Normal
2026-02-17 01:06:20.506574,Berlin-5735,34,54,Normal
2026-02-17 01:06:21.506574,Berlin-5735,-16,75,Normal
2026-02-17 01:06:22.506574,Berlin-5735,-26,30,Normal
2026-02-17 01:06:23.506574,Berlin-5735,-11,9,Normal
2026-02-17 01:06:24.506574,Berlin-5735,24,81,Normal
2026-02-17 01:06:25.506574,Berlin-5735,2,78,Normal
2026-02-17 01:06:26.506574,Berlin-5735,-11,23,Normal
2026-02-17 01:06:27.506574,Berlin-5735,-24,72,Normal
2026-02-17 01:06:28.506574,Berlin-5735,-3,35,Normal
2026-02-17 01:06:29.506574,Berlin-5735,4,31,Normal
2026-02-17 01:06:30.506574,Berlin-5735,47,81,Normal
2026-02-17 01:06:31.506574,Berlin-5735,21,46,Normal
2026-02-17 01:06:32.506574,Berlin-5735,14,80,Normal
2026-02-17 01:06:33.506574,Berlin-5735,36,40,Normal
2026-02-17 01:06:34.506574,Berlin-5735,-15,23,Normal
2026-02-17 01:06:35.506574,Berlin-5735,-5,86,Normal
2026-02-17 01:06:36.506574,Berlin-5735,47,50,Normal
2026-02-17 01:06:37.506574,Berlin-5735,-22,70,Normal
2026-02-17 01:06:38.506574,Berlin-5735,-25,5,Normal
2026-02-17 01:06:39.506574,Berlin-5735,-1,52,Normal
2026-02-17 01:06:40.506574,Berlin-5735,-12,34,Normal
2026-02-17 01:06:41.506574,Berlin-5735,28,69,Normal
2026-02-17 01:06:42.506574,Berlin-5735,-16,76,Normal
2026-02-17 01:06:43.506574,Berlin-5735,16,85,Normal
2026-02-17 01:06:44.506574,Berlin-5735,46,46,Normal
2026-02-17 01:06:45.506574,Berlin-5735,-5,31,Normal
2026-02-17 01:06:46.506574,Berlin-5735,1,34,Normal
2026-02-17 01:06:47.506574,Berlin-5735,-5,20,Normal
2026-02-17 01:06:48.506574,Berlin-5735,15,99,Normal
2026-02-17 01:06:49.506574,Berlin-5735,7,4,Normal
2026-02-17 01:06:50.506574,Berlin-5735,-25,91,Normal
2026-02-17 01:06:51.506574,Berlin-5735,-3,28,Normal
2026-02-17 01:06:52.506574,Berlin-5735,34,87,Normal
2026-02-17 01:06:53.506574,Berlin-5735,-29,3,Normal
2026-02-17 01:06:54.506574,Berlin-5735,27,99,Normal
2026-02-17 01:06:55.506574,Berlin-5735,32,57,Normal
2026-02-17 01:06:56.506574,Berlin-5735,3,18,Normal
2026-02-17 01:06:57.506574,Berlin-5735,48,79,Normal
2026-02-17 01:06:58.506574,Berlin-5735,20,9,Normal
2026-02-17 01:06:59.506574,Berlin-5735,-7,70,Normal
2026-02-17 01:07:00.506574,Berlin-5735,32,28,Normal
2026-02-17 01:07:01.506574,Berlin-5735,-19,11,Normal
2026-02-17 01:07:02.506574,Berlin-5735,28,73,Normal
2026-02-17 01:07:03.506574,Berlin-5735,-5,19,Normal
2026-02-17 01:07:04.506574,Berlin-5735,42,71,Normal
2026-02-17 01:07:05.506574,Berlin-5735,26,92,Normal
2026-02-17 01:07:06.506574,Berlin-5735,15,58,Normal
2026-02-17 01:07:07.506574,Berlin-5735,-7,43,Normal
2026-02-17 01:07:08.506574,Berlin-5735,28,70,Normal
2026-02-17 01:07:09.506574,Berlin-5735,30,10,Normal
2026-02-17 01:07:10.506574,Berlin-5735,33,97,Normal
2026-02-17 01:07:11.506574,Berlin-5735,26,22,Normal
2026-02-17 01:07:12.506574,Berlin-5735,39,10,Normal
2026-02-17 01:07:13.506574,Berlin-5735,-23,22,Normal
2026-02-17 01:07:14.506574,Berlin-5735,19,1,Normal
2026-02-17 01:07:15.506574,Berlin-5735,7,86,Normal
2026-02-17 01:07:16.506574,Berlin-5735,25,32,Normal
2026-02-17 01:07:17.506574,Berlin-5735,-22,82,Normal
2026-02-17 01:07:18.506574,Berlin-5735,41,47,Normal
2026-02-17 01:07:19.506574,Berlin-5735,6,48,Normal
2026-02-17 01:07:20.506574,Berlin-5735,7,84,Normal
2026-02-17 01:07:21.506574,Berlin-5735,-23,42,Normal
2026-02-17 01:07:22.506574,Berlin-5735,-22,47,Normal
2026-02-17 01:07:23.506574,Berlin-5735,35,72,Normal
2026-02-17 01:07:24.506574,Berlin-5735,-8,67,Normal
2026-02-17 01:07:25.506574,Berlin-5735,13,19,Normal
2026-02-17 01:07:26.506574,Berlin-5735,44,95,Normal
2026-02-17 01:07:27.506574,Berlin-5735,32,53,Normal
2026-02-17 01:07:28.506574,Berlin-5735,-24,97,Normal
2026-02-17 01:07:29.506574,Berlin-5735,20,85,Normal
2026-02-17 01:07:30.506574,Berlin-5735,-12,89,Normal
2026-02-17 01:07:31.506574,Berlin-5735,-14,80,Normal
2026-02-17 01:07:32.506574,Berlin-5735,-5,50,Normal
2026-02-17 01:07:33.506574,Berlin-5735,7,31,Normal
2026-02-17 01:07:34.506574,Berlin-5735,-2,29,Normal
2026-02-17 01:07:35.506574,Berlin-5735,1,91,Normal
2026-02-17 01:07:36.506574,Berlin-5735,9,11,Normal
2026-02-17 01:07:37.506574,Berlin-5735,15,6,Normal
2026-02-17 01:07:38.506574,Berlin-5735,2,82,Normal
2026-02-17 01:07:39.506574,Berlin-5735,-4,19,Normal
2026-02-17 01:07:40.506574,Berlin-5735,37,45,Normal
2026-02-17 01:07:41.506574,Berlin-5735,-12,16,Normal
2026-02-17 01:07:42.506574,Berlin-5735,5,24,Normal
2026-02-17 01:07:43.506574,Berlin-5735,-18,83,Normal
2026-02-17 01:07:44.506574,Berlin-5735,38,4,Normal
2026-02-17 01:07:45.506574,Berlin-5735,9,72,Normal
2026-02-17 01:07:46.506574,Berlin-5735,15,39,Normal
2026-02-17 01:07:47.506574,Berlin-5735,-10,31,Normal
2026-02-17 01:07:48.506574,Berlin-5735,-22,4,Normal
2026-02-17 01:07:49.506574,Berlin-5735,0,20,Normal
2026-02-17 01:07:50.506574,Berlin-5735,-11,99,Normal
2026-02-17 01:07:51.506574,Berlin-5735,18,32,Normal
2026-02-17 01:07:52.506574,Berlin-5735,21,62,Normal
2026-02-17 01:07:53.506574,Berlin-5735,-12,66,Normal
2026-02-17 01:07:54.506574,Berlin-5735,-24,98,Normal
2026-02-17 01:07:55.506574,Berlin-5735,19,51,Normal
2026-02-17 01:07:56.506574,Berlin-5735,8,54,Normal
2026-02-17 01:07:57.506574,Berlin-5735,2,83,Normal
2026-02-17 01:07:58.506574,Berlin-5735,30,61,Normal
2026-02-17 01:07:59.506574,Berlin-5735,47,68,Normal
2026-02-17 01:08:00.506574,Berlin-5735,49,25,Normal
2026-02-17 01:08:01.506574,Berlin-5735,39,4,Normal
2026-02-17 01:08:02.506574,Berlin-5735,-25,11,Normal
2026-02-17 01:08:03.506574,Berlin-5735,14,51,Normal
2026-02-17 01:08:04.506574,Berlin-5735,47,73,Normal
2026-02-17 01:08:05.506574,Berlin-5735,-29,84,Normal
2026-02-17 01:08:06.506574,Berlin-5735,-22,29,Normal
2026-02-17 01:08:07.506574,Berlin-5735,-27,22,Normal
2026-02-17 01:08:08.506574,Berlin-5735,-30,87,Normal
2026-02-17 01:08:09.506574,Berlin-5735,4,8,Normal
2026-02-17 01:08:10.506574,Berlin-5735,35,46,Normal
2026-02-17 01:08:11.506574,Berlin-5735,23,100,Normal
2026-02-17 01:08:12.506574,Berlin-5735,26,85,Normal
2026-02-17 01:08:13.506574,Berlin-5735,39,93,Normal
2026-02-17 01:08:14.506574,Berlin-5735,14,49,Normal
2026-02-17 01:08:15.506574,Berlin-5735,-22,58,Normal
2026-02-17 01:08:16.506574,Berlin-5735,-23,2,Normal
2026-02-17 01:08:17.506574,Berlin-5735,-27,53,Normal
2026-02-17 01:08:18.506574,Berlin-5735,20,72,Normal
2026-02-17 01:08:19.506574,Berlin-5735,-20,0,Normal
2026-02-17 01:08:20.506574,Berlin-5735,-26,13,Normal
2026-02-17 01:08:21.506574,Berlin-5735,-13,87,Normal
2026-02-17 01:08:22.506574,Berlin-5735,30,98,Normal
2026-02-17 01:08:23.506574,Berlin-5735,12,5,Normal
2026-02-17 01:08:24.506574,Berlin-5735,9,84,Normal
2026-02-17 01:08:25.506574,Berlin-5735,-6,13,Normal
2026-02-17 01:08:26.506574,Berlin-5735,34,18,Normal
2026-02-17 01:08:27.506574,Berlin-5735,22,31,Normal
2026-02-17 01:08:28.506574,Berlin-5735,36,34,Normal
2026-02-17 01:08:29.506574,Berlin-5735,12,86,Normal
2026-02-17 01:08:30.506574,Berlin-5735,46,47,Normal
2026-02-17 01:08:31.506574,Berlin-5735,20,30,Normal
2026-02-17 01:08:32.506574,Berlin-5735,-18,90,Normal
2026-02-17 01:08:33.506574,Berlin-5735,17,76,Normal
2026-02-17 01:08:34.506574,Berlin-5735,-23,10,Normal
2026-02-17 01:08:35.506574,Berlin-5735,-15,31,Normal
2026-02-17 01:08:36.506574,Berlin-5735,36,15,Normal
2026-02-17 01:08:37.506574,Berlin-5735,-4,84,Normal
2026-02-17 01:08:38.506574,Berlin-5735,-21,7,Normal
2026-02-17 01:08:39.506574,Berlin-5735,-17,88,Normal
2026-02-17 01:08:40.506574,Berlin-5735,42,60,Normal
2026-02-17 01:08:41.506574,Berlin-5735,-7,79,Normal
2026-02-17 01:08:42.506574,Berlin-5735,-22,22,Normal
2026-02-17 01:08:43.506574,Berlin-5735,28,73,Normal
2026-02-17 01:08:44.506574,Berlin-5735,5,38,Normal
2026-02-17 01:08:45.506574,Berlin-5735,-5,11,Normal
2026-02-17 01:08:46.506574,Berlin-5735,18,17,Normal
2026-02-17 01:08:47.506574,Berlin-5735,-25,89,Normal
2026-02-17 01:08:48.506574,Berlin-5735,10,33,Normal
2026-02-17 01:08:49.506574,Berlin-5735,46,36,Normal
2026-02-17 01:08:50.506574,Berlin-5735,38,94,Normal
2026-02-17 01:08:51.506574,Berlin-5735,14,20,Normal
2026-02-17 01:08:52.506574,Berlin-5735,-18,33,Normal
2026-02-17 01:08:53.506574,Berlin-5735,-24,16,Normal
2026-02-17 01:08:54.506574,Berlin-5735,-9,2,Normal
2026-02-17 01:08:55.506574,Berlin-5735,44,60,Normal
2026-02-17 01:08:56.506574,Berlin-5735,-5,90,Normal
2026-02-17 01:08:57.506574,Berlin-5735,-18,74,Normal
2026-02-17 01:08:58.506574,Berlin-5735,-14,57,Normal
2026-02-17 01:08:59.506574,Berlin-5735,7,41,Normal
2026-02-17 01:09:00.506574,Berlin-5735,35,55,Normal
2026-02-17 01:09:01.506574,Berlin-5735,18,22,Normal
2026-02-17 01:09:02.506574,Berlin-5735,-2,49,Normal
2026-02-17 01:09:03.506574,Berlin-5735,2,51,Normal
2026-02-17 01:09:04.506574,Berlin-5735,-6,83,Normal
2026-02-17 01:09:05.506574,Berlin-5735,17,47,Normal
2026-02-17 01:09:06.506574,Berlin-5735,-16,46,Normal
2026-02-17 01:09:07.506574,Berlin-5735,-21,43,Normal
2026-02-17 01:09:08.506574,Berlin-5735,-13,29,Normal
2026-02-17 01:09:09.506574,Berlin-5735,-4,16,Normal
2026-02-17 01:09:10.506574,Berlin-5735,37,96,Normal
2026-02-17 01:09:11.506574,Berlin-5735,42,46,Normal
2026-02-17 01:09:12.506574,Berlin-5735,32,1,Normal
2026-02-17 01:09:13.506574,Berlin-5735,-21,28,Normal
2026-02-17 01:09:14.506574,Berlin-5735,22,56,Normal
2026-02-17 01:09:15.506574,Berlin-5735,-23,21,Normal
2026-02-17 01:09:16.506574,Berlin-5735,50,49,Normal
2026-02-17 01:09:17.506574,Berlin-5735,20,62,Normal
2026-02-17 01:09:18.506574,Berlin-5735,19,50,Normal
2026-02-17 01:09:19.506574,Berlin-5735,13,31,Normal
2026-02-17 01:09:20.506574,Berlin-5735,44,46,Normal
2026-02-17 01:09:21.506574,Berlin-5735,19,98,Normal
2026-02-17 01:09:22.506574,Berlin-5735,49,39,Normal
2026-02-17 01:09:23.506574,Berlin-5735,38,15,Normal
2026-02-17 01:09:24.506574,Berlin-5735,16,67,Normal
2026-02-17 01:09:25.506574,Berlin-5735,2,45,Normal
2026-02-17 01:09:26.506574,Berlin-5735,36,27,Normal
2026-02-17 01:09:27.506574,Berlin-5735,-10,89,Normal
2026-02-17 01:09:28.506574,Berlin-5735,9,50,Normal
2026-02-17 01:09:29.506574,Berlin-5735,35,91,Normal
2026-02-17 01:09:30.506574,Berlin-5735,21,65,Normal
2026-02-17 01:09:31.506574,Berlin-5735,-21,5,Normal
2026-02-17 01:09:32.506574,Berlin-5735,1,32,Normal
2026-02-17 01:09:33.506574,Berlin-5735,4,94,Normal
2026-02-17 01:09:34.506574,Berlin-5735,-6,6,Normal
2026-02-17 01:09:35.506574,Berlin-5735,13,23,Normal
2026-02-17 01:09:36.506574,Berlin-5735,17,15,Normal
2026-02-17 01:09:37.506574,Berlin-5735,-12,60,Normal
2026-02-17 01:09:38.506574,Berlin-5735,15,6,Normal
2026-02-17 01:09:39.506574,Berlin-5735,22,82,Normal
2026-02-17 01:09:40.506574,Berlin-5735,-15,13,Normal
2026-02-17 01:09:41.506574,Berlin-5735,4,38,Normal
2026-02-17 01:09:42.506574,Berlin-5735,44,77,Normal
2026-02-17 01:09:43.506574,Berlin-5735,10,21,Normal
2026-02-17 01:09:44.506574,Berlin-5735,-5,33,Normal
2026-02-17 01:09:45.506574,Berlin-5735,22,43,Normal
2026-02-17 01:09:46.506574,Berlin-5735,1,78,Normal
2026-02-17 01:09:47.506574,Berlin-5735,25,62,Normal
2026-02-17 01:09:48.506574,Berlin-5735,5,0,Normal
2026-02-17 01:09:49.506574,Berlin-5735,7,41,Normal
2026-02-17 01:09:50.506574,Berlin-5735,36,19,Normal
2026-02-17 01:09:51.506574,Berlin-5735,23,42,Normal
2026-02-17 01:09:52.506574,Berlin-5735,32,64,Normal
2026-02-17 01:09:53.506574,Berlin-5735,17,22,Normal
2026-02-17 01:09:54.506574,Berlin-5735,31,31,Normal
2026-02-17 01:09:55.506574,Berlin-5735,14,46,Normal
2026-02-17 01:09:56.506574,Berlin-5735,-7,13,Normal
2026-02-17 01:09:57.506574,Berlin-5735,17,47,Normal
2026-02-17 01:09:58.506574,Berlin-5735,26,14,Normal
2026-02-17 01:09:59.506574,Berlin-5735,-16,7,Normal
2026-02-17 01:10:00.506574,Berlin-5735,8,82,Normal
2026-02-17 01:10:01.506574,Berlin-5735,28,15,Normal
2026-02-17 01:10:02.506574,Berlin-5735,48,91,Normal
2026-02-17 01:10:03.506574,Berlin-5735,-19,57,Normal
2026-02-17 01:10:04.506574,Berlin-5735,27,87,Normal
2026-02-17 01:10:05.506574,Berlin-5735,7,78,Normal
2026-02-17 01:10:06.506574,Berlin-5735,31,67,Normal
2026-02-17 01:10:07.506574,Berlin-5735,23,32,Normal
2026-02-17 01:10:08.506574,Berlin-5735,48,32,Normal
2026-02-17 01:10:09.506574,Berlin-5735,33,40,Normal
2026-02-17 01:10:10.506574,Berlin-5735,43,51,Normal
2026-02-17 01:10:11.506574,Berlin-5735,-27,47,Normal
2026-02-17 01:10:12.506574,Berlin-5735,-5,35,Normal
2026-02-17 01:10:13.506574,Berlin-5735,14,78,Normal
2026-02-17 01:10:14.506574,Berlin-5735,44,8,Normal
2026-02-17 01:10:15.506574,Berlin-5735,3,62,Normal
2026-02-17 01:10:16.506574,Berlin-5735,46,85,Normal
2026-02-17 01:10:17.506574,Berlin-5735,22,98,Normal
2026-02-17 01:10:18.506574,Berlin-5735,16,23,Normal
2026-02-17 01:10:19.506574,Berlin-5735,-8,99,Normal
2026-02-17 01:10:20.506574,Berlin-5735,-29,95,Normal
2026-02-17 01:10:21.506574,Berlin-5735,43,32,Normal
2026-02-17 01:10:22.506574,Berlin-5735,-16,95,Normal
2026-02-17 01:10:23.506574,Berlin-5735,0,69,Normal
2026-02-17 01:10:24.506574,Berlin-5735,13,26,Normal
2026-02-17 01:10:25.506574,Berlin-5735,49,21,Normal
2026-02-17 01:10:26.506574,Berlin-5735,27,86,Normal
2026-02-17 01:10:27.506574,Berlin-5735,3,40,Normal
2026-02-17 01:10:28.506574,Berlin-5735,5,4,Normal
2026-02-17 01:10:29.506574,Berlin-5735,-16,97,Normal
2026-02-17 01:10:30.506574,Berlin-5735,-6,6,Normal
2026-02-17 01:10:31.506574,Berlin-5735,-3,96,Normal
2026-02-17 01:10:32.506574,Berlin-5735,-11,83,Normal
2026-02-17 01:10:33.506574,Berlin-5735,-15,1,Normal
2026-02-17 01:10:34.506574,Berlin-5735,18,89,Normal
2026-02-17 01:10:35.506574,Berlin-5735,48,85,Normal
2026-02-17 01:10:36.506574,Berlin-5735,-14,100,Normal
2026-02-17 01:10:37.506574,Berlin-5735,31,13,Normal
2026-02-17 01:10:38.506574,Berlin-5735,-5,31,Normal
2026-02-17 01:10:39.506574,Berlin-5735,-11,54,Normal
2026-02-17 01:10:40.506574,Berlin-5735,-22,36,Normal
2026-02-17 01:10:41.506574,Berlin-5735,27,70,Normal
2026-02-17 01:10:42.506574,Berlin-5735,18,36,Normal
2026-02-17 01:10:43.506574,Berlin-5735,-11,87,Normal
2026-02-17 01:10:44.506574,Berlin-5735,-14,45,Normal
2026-02-17 01:10:45.506574,Berlin-5735,5,57,Normal
2026-02-17 01:10:46.506574,Berlin-5735,-6,81,Normal
2026-02-17 01:10:47.506574,Berlin-5735,4,7,Normal
2026-02-17 01:10:48.506574,Berlin-5735,38,37,Normal
2026-02-17 01:10:49.506574,Berlin-5735,28,65,Normal
2026-02-17 01:10:50.506574,Berlin-5735,35,32,Normal
2026-02-17 01:10:51.506574,Berlin-5735,36,75,Normal
2026-02-17 01:10:52.506574,Berlin-5735,-17,46,Normal
2026-02-17 01:10:53.506574,Berlin-5735,26,21,Normal
2026-02-17 01:10:54.506574,Berlin-5735,41,83,Normal
2026-02-17 01:10:55.506574,Berlin-5735,40,63,Normal
2026-02-17 01:10:56.506574,Berlin-5735,4,31,Normal
2026-02-17 01:10:57.506574,Berlin-5735,20,25,Normal
2026-02-17 01:10:58.506574,Berlin-5735,7,7,Normal
2026-02-17 01:10:59.506574,Berlin-5735,21,53,Normal
2026-02-17 01:11:00.506574,Berlin-5735,-29,33,Normal
2026-02-17 01:11:01.506574,Berlin-5735,35,61,Normal
2026-02-17 01:11:02.506574,Berlin-5735,10,80,Normal
2026-02-17 01:11:03.506574,Berlin-5735,18,70,Normal
2026-02-17 01:11:04.506574,Berlin-5735,21,47,Normal
2026-02-17 01:11:05.506574,Berlin-5735,26,36,Normal
2026-02-17 01:11:06.506574,Berlin-5735,-2,33,Normal
2026-02-17 01:11:07.506574,Berlin-5735,-21,64,Normal
2026-02-17 01:11:08.506574,Berlin-5735,28,53,Normal
2026-02-17 01:11:09.506574,Berlin-5735,6,17,Normal
2026-02-17 01:11:10.506574,Berlin-5735,36,71,Normal
2026-02-17 01:11:11.506574,Berlin-5735,11,20,Normal
2026-02-17 01:11:12.506574,Berlin-5735,-18,60,Normal
2026-02-17 01:11:13.506574,Berlin-5735,18,67,Normal
2026-02-17 01:11:14.506574,Berlin-5735,7,6,Normal
2026-02-17 01:11:15.506574,Berlin-5735,20,29,Normal
2026-02-17 01:11:16.506574,Berlin-5735,-7,74,Normal
2026-02-17 01:11:17.506574,Berlin-5735,-25,74,Normal
2026-02-17 01:11:18.506574,Berlin-5735,2,33,Normal
2026-02-17 01:11:19.506574,Berlin-5735,19,3,Normal
2026-02-17 01:11:20.506574,Berlin-5735,24,2,Normal
2026-02-17 01:11:21.506574,Berlin-5735,-29,30,Normal
2026-02-17 01:11:22.506574,Berlin-5735,26,20,Normal
2026-02-17 01:11:23.506574,Berlin-5735,37,17,Normal
2026-02-17 01:11:24.506574,Berlin-5735,-12,36,Normal
2026-02-17 01:11:25.506574,Berlin-5735,39,85,Normal
2026-02-17 01:11:26.506574,Berlin-5735,33,79,Normal
2026-02-17 01:11:27.506574,Berlin-5735,8,30,Normal
2026-02-17 01:11:28.506574,Berlin-5735,41,34,Normal
2026-02-17 01:11:29.506574,Berlin-5735,9,98,Normal
2026-02-17 01:11:30.506574,Berlin-5735,20,95,Normal
2026-02-17 01:11:31.506574,Berlin-5735,47,12,Normal
2026-02-17 01:11:32.506574,Berlin-5735,5,73,Normal
2026-02-17 01:11:33.506574,Berlin-5735,15,91,Normal
2026-02-17 01:11:34.506574,Berlin-5735,4,15,Normal
2026-02-17 01:11:35.506574,Berlin-5735,11,36,Normal
2026-02-17 01:11:36.506574,Berlin-5735,21,31,Normal
2026-02-17 01:11:37.506574,Berlin-5735,8,28,Normal
2026-02-17 01:11:38.506574,Berlin-5735,-14,40,Normal
2026-02-17 01:11:39.506574,Berlin-5735,31,69,Normal
2026-02-17 01:11:40.506574,Berlin-5735,7,40,Normal
2026-02-17 01:11:41.506574,Berlin-5735,-3,52,Normal
2026-02-17 01:11:42.506574,Berlin-5735,1,78,Normal
2026-02-17 01:11:43.506574,Berlin-5735,-14,94,Normal
2026-02-17 01:11:44.506574,Berlin-5735,-25,70,Normal
2026-02-17 01:11:45.506574,Berlin-5735,38,99,Normal
2026-02-17 01:11:46.506574,Berlin-5735,48,18,Normal
2026-02-17 01:11:47.506574,Berlin-5735,42,22,Normal
2026-02-17 01:11:48.506574,Berlin-5735,21,7,Normal
2026-02-17 01:11:49.506574,Berlin-5735,8,50,Normal
2026-02-17 01:11:50.506574,Berlin-5735,-8,52,Normal
2026-02-17 01:11:51.506574,Berlin-5735,-10,17,Normal
2026-02-17 01:11:52.506574,Berlin-5735,-18,93,Normal
2026-02-17 01:11:53.506574,Berlin-5735,-10,86,Normal
2026-02-17 01:11:54.506574,Berlin-5735,3,51,Normal
2026-02-17 01:11:55.506574,Berlin-5735,4,37,Normal
2026-02-17 01:11:56.506574,Berlin-5735,11,34,Normal
2026-02-17 01:11:57.506574,Berlin-5735,-13,81,Normal
2026-02-17 01:11:58.506574,Berlin-5735,-6,87,Normal
2026-02-17 01:11:59.506574,Berlin-5735,11,25,Normal
2026-02-17 01:12:00.506574,Berlin-5735,-12,73,Normal
2026-02-17 01:12:01.506574,Berlin-5735,31,21,Normal
2026-02-17 01:12:02.506574,Berlin-5735,33,26,Normal
2026-02-17 01:12:03.506574,Berlin-5735,40,85,Normal
2026-02-17 01:12:04.506574,Berlin-5735,-12,38,Normal
2026-02-17 01:12:05.506574,Berlin-5735,-2,22,Normal
2026-02-17 01:12:06.506574,Berlin-5735,-12,80,Normal
2026-02-17 01:12:07.506574,Berlin-5735,-3,12,Normal
2026-02-17 01:12:08.506574,Berlin-5735,12,70,Normal
2026-02-17 01:12:09.506574,Berlin-5735,43,32,Normal
2026-02-17 01:12:10.506574,Berlin-5735,50,12,Normal
2026-02-17 01:12:11.506574,Berlin-5735,3,80,Normal
2026-02-17 01:12:12.506574,Berlin-5735,18,42,Normal
2026-02-17 01:12:13.506574,Berlin-5735,-3,8,Normal
2026-02-17 01:12:14.506574,Berlin-5735,49,21,Normal
2026-02-17 01:12:15.506574,Berlin-5735,24,82,Normal
2026-02-17 01:12:16.506574,Berlin-5735,6,41,Normal
2026-02-17 01:12:17.506574,Berlin-5735,35,29,Normal
2026-02-17 01:12:18.506574,Berlin-5735,6,10,Normal
2026-02-17 01:12:19.506574,Berlin-5735,45,72,Normal
2026-02-17 01:12:20.506574,Berlin-5735,24,11,Normal
2026-02-17 01:12:21.506574,Berlin-5735,13,42,Normal
2026-02-17 01:12:22.506574,Berlin-5735,11,17,Normal
2026-02-17 01:12:23.506574,Berlin-5735,10,57,Normal
2026-02-17 01:12:24.506574,Berlin-5735,-26,68,Normal
2026-02-17 01:12:25.506574,Berlin-5735,9,2,Normal
2026-02-17 01:12:26.506574,Berlin-5735,-19,26,Normal
2026-02-17 01:12:27.506574,Berlin-5735,16,100,Normal
2026-02-17 01:12:28.506574,Berlin-5735,-4,51,Normal
2026-02-17 01:12:29.506574,Berlin-5735,13,76,Normal
2026-02-17 01:12:30.506574,Berlin-5735,-24,7,Normal
2026-02-17 01:12:31.506574,Berlin-5735,24,45,Normal
2026-02-17 01:12:32.506574,Berlin-5735,27,65,Normal
2026-02-17 01:12:33.506574,Berlin-5735,-4,22,Normal
2026-02-17 01:12:34.506574,Berlin-5735,35,16,Normal
2026-02-17 01:12:35.506574,Berlin-5735,7,39,Normal
2026-02-17 01:12:36.506574,Berlin-5735,-30,76,Normal
2026-02-17 01:12:37.506574,Berlin-5735,-3,4,Normal
2026-02-17 01:12:38.506574,Berlin-5735,38,22,Normal
2026-02-17 01:12:39.506574,Berlin-5735,19,95,Normal
2026-02-17 01:12:40.506574,Berlin-5735,37,42,Normal
2026-02-17 01:12:41.506574,Berlin-5735,-23,54,Normal
2026-02-17 01:12:42.506574,Berlin-5735,47,54,Normal
2026-02-17 01:12:43.506574,Berlin-5735,33,91,Normal
2026-02-17 01:12:44.506574,Berlin-5735,12,12,Normal
2026-02-17 01:12:45.506574,Berlin-5735,49,54,Normal
2026-02-17 01:12:46.506574,Berlin-5735,12,10,Normal
2026-02-17 01:12:47.506574,Berlin-5735,32,41,Normal
2026-02-17 01:12:48.506574,Berlin-5735,-23,5,Normal
2026-02-17 01:12:49.506574,Berlin-5735,-26,30,Normal
2026-02-17 01:12:50.506574,Berlin-5735,16,31,Normal
2026-02-17 01:12:51.506574,Berlin-5735,-14,43,Normal
2026-02-17 01:12:52.506574,Berlin-5735,0,41,Normal
2026-02-17 01:12:53.506574,Berlin-5735,11,23,Normal
2026-02-17 01:12:54.506574,Berlin-5735,49,69,Normal
2026-02-17 01:12:55.506574,Berlin-5735,13,1,Normal
2026-02-17 01:12:56.506574,Berlin-5735,-1,63,Normal
2026-02-17 01:12:57.506574,Berlin-5735,7,3,Normal
2026-02-17 01:12:58.506574,Berlin-5735,-22,21,Normal
2026-02-17 01:12:59.506574,Berlin-5735,-26,95,Normal
2026-02-17 01:13:00.506574,Berlin-5735,23,3,Normal
2026-02-17 01:13:01.506574,Berlin-5735,30,20,Normal
2026-02-17 01:13:02.506574,Berlin-5735,46,92,Normal
2026-02-17 01:13:03.506574,Berlin-5735,21,34,Normal
2026-02-17 01:13:04.506574,Berlin-5735,-11,66,Normal
2026-02-17 01:13:05.506574,Berlin-5735,6,71,Normal
2026-02-17 01:13:06.506574,Berlin-5735,34,69,Normal
2026-02-17 01:13:07.506574,Berlin-5735,-3,27,Normal
2026-02-17 01:13:08.506574,Berlin-5735,-7,78,Normal
2026-02-17 01:13:09.506574,Berlin-5735,-9,33,Normal
2026-02-17 01:13:10.506574,Berlin-5735,8,20,Normal
2026-02-17 01:13:11.506574,Berlin-5735,-5,20,Normal
2026-02-17 01:13:12.506574,Berlin-5735,50,51,Normal
2026-02-17 01:13:13.506574,Berlin-5735,31,15,Normal
2026-02-17 01:13:14.506574,Berlin-5735,-5,81,Normal
2026-02-17 01:13:15.506574,Berlin-5735,17,60,Normal
2026-02-17 01:13:16.506574,Berlin-5735,-24,76,Normal
2026-02-17 01:13:17.506574,Berlin-5735,-2,92,Normal
2026-02-17 01:13:18.506574,Berlin-5735,-7,17,Normal
2026-02-17 01:13:19.506574,Berlin-5735,34,70,Normal
2026-02-17 01:13:20.506574,Berlin-5735,45,99,Normal
2026-02-17 01:13:21.506574,Berlin-5735,-10,28,Normal
2026-02-17 01:13:22.506574,Berlin-5735,7,70,Normal
2026-02-17 01:13:23.506574,Berlin-5735,-16,19,Normal
2026-02-17 01:13:24.506574,Berlin-5735,13,32,Normal
2026-02-17 01:13:25.506574,Berlin-5735,40,0,Normal
2026-02-17 01:13:26.506574,Berlin-5735,40,70,Normal
2026-02-17 01:13:27.506574,Berlin-5735,35,50,Normal
2026-02-17 01:13:28.506574,Berlin-5735,40,22,Normal
2026-02-17 01:13:29.506574,Berlin-5735,39,21,Normal
2026-02-17 01:13:30.506574,Berlin-5735,15,100,Normal
2026-02-17 01:13:31.506574,Berlin-5735,-1,84,Normal
2026-02-17 01:13:32.506574,Berlin-5735,38,96,Normal
2026-02-17 01:13:33.506574,Berlin-5735,-2,7,Normal
2026-02-17 01:13:34.506574,Berlin-5735,47,19,Normal
2026-02-17 01:13:35.506574,Berlin-5735,27,55,Normal
2026-02-17 01:13:36.506574,Berlin-5735,-8,76,Normal
2026-02-17 01:13:37.506574,Berlin-5735,41,69,Normal
2026-02-17 01:13:38.506574,Berlin-5735,37,63,Normal
2026-02-17 01:13:39.506574,Berlin-5735,33,76,Normal
2026-02-17 01:13:40.506574,Berlin-5735,44,34,Normal
2026-02-17 01:13:41.506574,Berlin-5735,30,54,Normal
2026-02-17 01:13:42.506574,Berlin-5735,1,74,Normal
2026-02-17 01:13:43.506574,Berlin-5735,9,78,Normal
2026-02-17 01:13:44.506574,Berlin-5735,1,53,Normal
2026-02-17 01:13:45.506574,Berlin-5735,39,99,Normal
2026-02-17 01:13:46.506574,Berlin-5735,12,53,Normal
2026-02-17 01:13:47.506574,Berlin-5735,40,24,Normal
2026-02-17 01:13:48.506574,Berlin-5735,40,68,Normal
2026-02-17 01:13:49.506574,Berlin-5735,-9,21,Normal
2026-02-17 01:13:50.506574,Berlin-5735,-2,1,Normal
2026-02-17 01:13:51.506574,Berlin-5735,-12,97,Normal
2026-02-17 01:13:52.506574,Berlin-5735,39,50,Normal
2026-02-17 01:13:53.506574,Berlin-5735,-18,10,Normal
2026-02-17 01:13:54.506574,Berlin-5735,-6,12,Normal
2026-02-17 01:13:55.506574,Berlin-5735,0,9,Normal
2026-02-17 01:13:56.506574,Berlin-5735,26,78,Normal
2026-02-17 01:13:57.506574,Berlin-5735,47,67,Normal
2026-02-17 01:13:58.506574,Berlin-5735,-15,27,Normal
2026-02-17 01:13:59.506574,Berlin-5735,36,11,Normal
2026-02-17 01:14:00.506574,Berlin-5735,-23,80,Normal
2026-02-17 01:14:01.506574,Berlin-5735,7,48,Normal
2026-02-17 01:14:02.506574,Berlin-5735,31,7,Normal
2026-02-17 01:14:03.506574,Berlin-5735,23,88,Normal
2026-02-17 01:14:04.506574,Berlin-5735,10,63,Normal
2026-02-17 01:14:05.506574,Berlin-5735,5,78,Normal
2026-02-17 01:14:06.506574,Berlin-5735,7,71,Normal
2026-02-17 01:14:07.506574,Berlin-5735,-17,75,Normal
2026-02-17 01:14:08.506574,Berlin-5735,26,69,Normal
2026-02-17 01:14:09.506574,Berlin-5735,-9,36,Normal
2026-02-17 01:14:10.506574,Berlin-5735,-5,10,Normal
2026-02-17 01:14:11.506574,Berlin-5735,41,9,Normal
2026-02-17 01:14:12.506574,Berlin-5735,-26,46,Normal
2026-02-17 01:14:13.506574,Berlin-5735,17,26,Normal
2026-02-17 01:14:14.506574,Berlin-5735,1,30,Normal
2026-02-17 01:14:15.506574,Berlin-5735,42,57,Normal
2026-02-17 01:14:16.506574,Berlin-5735,37,19,Normal
2026-02-17 01:14:17.506574,Berlin-5735,32,2,Normal
2026-02-17 01:14:18.506574,Berlin-5735,-1,96,Normal
2026-02-17 01:14:19.506574,Berlin-5735,6,38,Normal
2026-02-17 01:14:20.506574,Berlin-5735,48,50,Normal
2026-02-17 01:14:21.506574,Berlin-5735,27,53,Normal
2026-02-17 01:14:22.506574,Berlin-5735,4,47,Normal
2026-02-17 01:14:23.506574,Berlin-5735,-7,92,Normal
2026-02-17 01:14:24.506574,Berlin-5735,14,32,Normal
2026-02-17 01:14:25.506574,Berlin-5735,48,58,Normal
2026-02-17 01:14:26.506574,Berlin-5735,-1,11,Normal
2026-02-17 01:14:27.506574,Berlin-5735,32,9,Normal
2026-02-17 01:14:28.506574,Berlin-5735,42,84,Normal
2026-02-17 01:14:29.506574,Berlin-5735,-12,22,Normal
2026-02-17 01:14:30.506574,Berlin-5735,27,41,Normal
2026-02-17 01:14:31.506574,Berlin-5735,25,55,Normal
2026-02-17 01:14:32.506574,Berlin-5735,-14,17,Normal
2026-02-17 01:14:33.506574,Berlin-5735,23,36,Normal
2026-02-17 01:14:34.506574,Berlin-5735,-24,64,Normal
2026-02-17 01:14:35.506574,Berlin-5735,-14,55,Normal
2026-02-17 01:14:36.506574,Berlin-5735,-11,75,Normal
2026-02-17 01:14:37.506574,Berlin-5735,14,67,Normal
2026-02-17 01:14:38.506574,Berlin-5735,1,99,Normal
2026-02-17 01:14:39.506574,Berlin-5735,-23,56,Normal
2026-02-17 01:14:40.506574,Berlin-5735,-19,67,Normal
2026-02-17 01:14:41.506574,Berlin-5735,19,81,Normal
2026-02-17 01:14:42.506574,Berlin-5735,-27,2,Normal
2026-02-17 01:14:43.506574,Berlin-5735,16,96,Normal
2026-02-17 01:14:44.506574,Berlin-5735,6,57,Normal
2026-02-17 01:14:45.506574,Berlin-5735,-12,64,Normal
2026-02-17 01:14:46.506574,Berlin-5735,-25,52,Normal
2026-02-17 01:14:47.506574,Berlin-5735,-4,49,Normal
2026-02-17 01:14:48.506574,Berlin-5735,50,45,Normal
2026-02-17 01:14:49.506574,Berlin-5735,-7,11,Normal
2026-02-17 01:14:50.506574,Berlin-5735,-16,16,Normal
2026-02-17 01:14:51.506574,Berlin-5735,41,51,Normal
2026-02-17 01:14:52.506574,Berlin-5735,-19,74,Normal
2026-02-17 01:14:53.506574,Berlin-5735,11,49,Normal
2026-02-17 01:14:54.506574,Berlin-5735,40,74,Normal
2026-02-17 01:14:55.506574,Berlin-5735,-8,13,Normal
2026-02-17 01:14:56.506574,Berlin-5735,32,61,Normal
2026-02-17 01:14:57.506574,Berlin-5735,-21,32,Normal
2026-02-17 01:14:58.506574,Berlin-5735,-4,77,Normal
2026-02-17 01:14:59.506574,Berlin-5735,30,38,Normal
2026-02-17 01:15:00.506574,Berlin-5735,-18,30,Normal
2026-02-17 01:15:01.506574,Berlin-5735,-16,71,Normal
2026-02-17 01:15:02.506574,Berlin-5735,19,13,Normal
2026-02-17 01:15:03.506574,Berlin-5735,28,13,Normal
2026-02-17 01:15:04.506574,Berlin-5735,-19,60,Normal
2026-02-17 01:15:05.506574,Berlin-5735,33,54,Normal
2026-02-17 01:15:06.506574,Berlin-5735,32,0,Normal
2026-02-17 01:15:07.506574,Berlin-5735,-13,93,Normal
2026-02-17 01:15:08.506574,Berlin-5735,23,72,Normal
2026-02-17 01:15:09.506574,Berlin-5735,2,84,Normal
2026-02-17 01:15:10.506574,Berlin-5735,2,42,Normal
2026-02-17 01:15:11.506574,Berlin-5735,-19,57,Normal
2026-02-17 01:15:12.506574,Berlin-5735,30,87,Normal
2026-02-17 01:15:13.506574,Berlin-5735,43,52,Normal
2026-02-17 01:15:14.506574,Berlin-5735,-21,2,Normal
2026-02-17 01:15:15.506574,Berlin-5735,26,68,Normal
2026-02-17 01:15:16.506574,Berlin-5735,1,54,Normal
2026-02-17 01:15:17.506574,Berlin-5735,-19,8,Normal
2026-02-17 01:15:18.506574,Berlin-5735,-18,43,Normal
2026-02-17 01:15:19.506574,Berlin-5735,10,27,Normal
2026-02-17 01:15:20.506574,Berlin-5735,33,62,Normal
2026-02-17 01:15:21.506574,Berlin-5735,47,38,Normal
2026-02-17 01:15:22.506574,Berlin-5735,-22,20,Normal
2026-02-17 01:15:23.506574,Berlin-5735,2,44,Normal
2026-02-17 01:15:24.506574,Berlin-5735,-2,26,Normal
2026-02-17 01:15:25.506574,Berlin-5735,-24,100,Normal
2026-02-17 01:15:26.506574,Berlin-5735,-21,43,Normal
2026-02-17 01:15:27.506574,Berlin-5735,26,65,Normal
2026-02-17 01:15:28.506574,Berlin-5735,33,20,Normal
2026-02-17 01:15:29.506574,Berlin-5735,-11,91,Normal
2026-02-17 01:15:30.506574,Berlin-5735,31,4,Normal
2026-02-17 01:15:31.506574,Berlin-5735,-21,25,Normal
2026-02-17 01:15:32.506574,Berlin-5735,49,42,Normal
2026-02-17 01:15:33.506574,Berlin-5735,40,12,Normal
2026-02-17 01:15:34.506574,Berlin-5735,-26,100,Normal
2026-02-17 01:15:35.506574,Berlin-5735,-23,53,Normal
2026-02-17 01:15:36.506574,Berlin-5735,-15,43,Normal
2026-02-17 01:15:37.506574,Berlin-5735,-20,74,Normal
2026-02-17 01:15:38.506574,Berlin-5735,-16,57,Normal
2026-02-17 01:15:39.506574,Berlin-5735,44,89,Normal
2026-02-17 01:15:40.506574,Berlin-5735,30,7,Normal
2026-02-17 01:15:41.506574,Berlin-5735,44,98,Normal
2026-02-17 01:15:42.506574,Berlin-5735,-8,5,Normal
2026-02-17 01:15:43.506574,Berlin-5735,21,45,Normal
2026-02-17 01:15:44.506574,Berlin-5735,31,32,Normal
2026-02-17 01:15:45.506574,Berlin-5735,3,100,Normal
2026-02-17 01:15:46.506574,Berlin-5735,-27,57,Normal
2026-02-17 01:15:47.506574,Berlin-5735,44,13,Normal
2026-02-17 01:15:48.506574,Berlin-5735,-11,63,Normal
2026-02-17 01:15:49.506574,Berlin-5735,-19,11,Normal
2026-02-17 01:15:50.506574,Berlin-5735,-24,82,Normal
2026-02-17 01:15:51.506574,Berlin-5735,-18,77,Normal
2026-02-17 01:15:52.506574,Berlin-5735,-29,55,Normal
2026-02-17 01:15:53.506574,Berlin-5735,18,65,Normal
2026-02-17 01:15:54.506574,Berlin-5735,46,9,Normal
2026-02-17 01:15:55.506574,Berlin-5735,23,35,Normal
2026-02-17 01:15:56.506574,Berlin-5735,26,85,Normal
2026-02-17 01:15:57.506574,Berlin-5735,-5,100,Normal
2026-02-17 01:15:58.506574,Berlin-5735,-7,77,Normal
2026-02-17 01:15:59.506574,Berlin-5735,48,33,Normal
2026-02-17 01:16:00.506574,Berlin-5735,3,70,Normal
2026-02-17 01:16:01.506574,Berlin-5735,27,24,Normal
2026-02-17 01:16:02.506574,Berlin-5735,-28,93,Normal
2026-02-17 01:16:03.506574,Berlin-5735,27,54,Normal
2026-02-17 01:16:04.506574,Berlin-5735,-17,6,Normal
2026-02-17 01:16:05.506574,Berlin-5735,13,15,Normal
2026-02-17 01:16:06.506574,Berlin-5735,42,83,Normal
2026-02-17 01:16:07.506574,Berlin-5735,38,30,Normal
2026-02-17 01:16:08.506574,Berlin-5735,26,100,Normal
2026-02-17 01:16:09.506574,Berlin-5735,44,8,Normal
2026-02-17 01:16:10.506574,Berlin-5735,-19,58,Normal
2026-02-17 01:16:11.506574,Berlin-5735,25,77,Normal
2026-02-17 01:16:12.506574,Berlin-5735,-1,64,Normal
2026-02-17 01:16:13.506574,Berlin-5735,38,23,Normal
2026-02-17 01:16:14.506574,Berlin-5735,-19,36,Normal
2026-02-17 01:16:15.506574,Berlin-5735,25,14,Normal
2026-02-17 01:16:16.506574,Berlin-5735,48,46,Normal
2026-02-17 01:16:17.506574,Berlin-5735,0,11,Normal
2026-02-17 01:16:18.506574,Berlin-5735,1,0,Normal
2026-02-17 01:16:19.506574,Berlin-5735,7,47,Normal
2026-02-17 01:16:20.506574,Berlin-5735,16,33,Normal
2026-02-17 01:16:21.506574,Berlin-5735,17,80,Normal
2026-02-17 01:16:22.506574,Berlin-5735,-19,43,Normal
2026-02-17 01:16:23.506574,Berlin-5735,9,40,Normal
2026-02-17 01:16:24.506574,Berlin-5735,40,94,Normal
2026-02-17 01:16:25.506574,Berlin-5735,-4,51,Normal
2026-02-17 01:16:26.506574,Berlin-5735,-28,42,Normal
2026-02-17 01:16:27.506574,Berlin-5735,22,63,Normal
2026-02-17 01:16:28.506574,Berlin-5735,-11,54,Normal
2026-02-17 01:16:29.506574,Berlin-5735,-8,36,Normal
2026-02-17 01:16:30.506574,Berlin-5735,-3,25,Normal
2026-02-17 01:16:31.506574,Berlin-5735,46,40,Normal
2026-02-17 01:16:32.506574,Berlin-5735,-1,52,Normal
2026-02-17 01:16:33.506574,Berlin-5735,4,30,Normal
2026-02-17 01:16:34.506574,Berlin-5735,21,14,Normal
2026-02-17 01:16:35.506574,Berlin-5735,-6,69,Normal
2026-02-17 01:16:36.506574,Berlin-5735,40,70,Normal
2026-02-17 01:16:37.506574,Berlin-5735,-3,2,Normal
2026-02-17 01:16:38.506574,Berlin-5735,-14,84,Normal
2026-02-17 01:16:39.506574,Berlin-5735,-25,31,Normal
2026-02-17 01:16:40.506574,Berlin-5735,36,50,Normal
2026-02-17 01:16:41.506574,Berlin-5735,-12,63,Normal
2026-02-17 01:16:42.506574,Berlin-5735,-13,32,Normal
2026-02-17 01:16:43.506574,Berlin-5735,50,54,Normal
2026-02-17 01:16:44.506574,Berlin-5735,-6,26,Normal
2026-02-17 01:16:45.506574,Berlin-5735,7,34,Normal
2026-02-17 01:16:46.506574,Berlin-5735,33,78,Normal
2026-02-17 01:16:47.506574,Berlin-5735,13,56,Normal
2026-02-17 01:16:48.506574,Berlin-5735,13,75,Normal
2026-02-17 01:16:49.506574,Berlin-5735,-6,53,Normal
2026-02-17 01:16:50.506574,Berlin-5735,-5,23,Normal
2026-02-17 01:16:51.506574,Berlin-5735,34,28,Normal
2026-02-17 01:16:52.506574,Berlin-5735,37,67,Normal
2026-02-17 01:16:53.506574,Berlin-5735,18,41,Normal
2026-02-17 01:16:54.506574,Berlin-5735,31,46,Normal
2026-02-17 01:16:55.506574,Berlin-5735,1,81,Normal
2026-02-17 01:16:56.506574,Berlin-5735,41,69,Normal
2026-02-17 01:16:57.506574,Berlin-5735,-3,42,Normal
2026-02-17 01:16:58.506574,Berlin-5735,-6,41,Normal
2026-02-17 01:16:59.506574,Berlin-5735,-18,57,Normal
2026-02-17 01:17:00.506574,Berlin-5735,41,37,Normal
2026-02-17 01:17:01.506574,Berlin-5735,-11,91,Normal
2026-02-17 01:17:02.506574,Berlin-5735,20,58,Normal
2026-02-17 01:17:03.506574,Berlin-5735,0,94,Normal
2026-02-17 01:17:04.506574,Berlin-5735,7,60,Normal
2026-02-17 01:17:05.506574,Berlin-5735,-20,22,Normal
2026-02-17 01:17:06.506574,Berlin-5735,23,29,Normal
2026-02-17 01:17:07.506574,Berlin-5735,25,76,Normal
2026-02-17 01:17:08.506574,Berlin-5735,-2,52,Normal
2026-02-17 01:17:09.506574,Berlin-5735,-21,58,Normal
2026-02-17 01:17:10.506574,Berlin-5735,-2,16,Normal
2026-02-17 01:17:11.506574,Berlin-5735,-4,58,Normal
2026-02-17 01:17:12.506574,Berlin-5735,11,21,Normal
2026-02-17 01:17:13.506574,Berlin-5735,30,20,Normal
2026-02-17 01:17:14.506574,Berlin-5735,-13,64,Normal
2026-02-17 01:17:15.506574,Berlin-5735,-13,22,Normal
2026-02-17 01:17:16.506574,Berlin-5735,-18,29,Normal
2026-02-17 01:17:17.506574,Berlin-5735,-7,89,Normal
2026-02-17 01:17:18.506574,Berlin-5735,-18,5,Normal
2026-02-17 01:17:19.506574,Berlin-5735,10,33,Normal
2026-02-17 01:17:20.506574,Berlin-5735,7,96,Normal
2026-02-17 01:17:21.506574,Berlin-5735,-16,22,Normal
2026-02-17 01:17:22.506574,Berlin-5735,25,5,Normal
2026-02-17 01:17:23.506574,Berlin-5735,40,58,Normal
2026-02-17 01:17:24.506574,Berlin-5735,30,99,Normal
2026-02-17 01:17:25.506574,Berlin-5735,-2,100,Normal
2026-02-17 01:17:26.506574,Berlin-5735,-1,81,Normal
2026-02-17 01:17:27.506574,Berlin-5735,3,98,Normal
2026-02-17 01:17:28.506574,Berlin-5735,-6,27,Normal
2026-02-17 01:17:29.506574,Berlin-5735,45,65,Normal
2026-02-17 01:17:30.506574,Berlin-5735,-2,74,Normal
2026-02-17 01:17:31.506574,Berlin-5735,-16,25,Normal
2026-02-17 01:17:32.506574,Berlin-5735,6,18,Normal
2026-02-17 01:17:33.506574,Berlin-5735,27,90,Normal
2026-02-17 01:17:34.506574,Berlin-5735,-29,73,Normal
2026-02-17 01:17:35.506574,Berlin-5735,31,49,Normal
2026-02-17 01:17:36.506574,Berlin-5735,39,51,Normal
2026-02-17 01:17:37.506574,Berlin-5735,9,70,Normal
2026-02-17 01:17:38.506574,Berlin-5735,36,82,Normal
2026-02-17 01:17:39.506574,Berlin-5735,37,89,Normal
2026-02-17 01:17:40.506574,Berlin-5735,50,94,Normal
2026-02-17 01:17:41.506574,Berlin-5735,-10,74,Normal
2026-02-17 01:17:42.506574,Berlin-5735,32,21,Normal
2026-02-17 01:17:43.506574,Berlin-5735,-1,28,Normal
2026-02-17 01:17:44.506574,Berlin-5735,1,29,Normal
2026-02-17 01:17:45.506574,Berlin-5735,17,90,Normal
2026-02-17 01:17:46.506574,Berlin-5735,-4,21,Normal
2026-02-17 01:17:47.506574,Berlin-5735,36,68,Normal
2026-02-17 01:17:48.506574,Berlin-5735,5,87,Normal
2026-02-17 01:17:49.506574,Berlin-5735,32,34,Normal
2026-02-17 01:17:50.506574,Berlin-5735,11,74,Normal
2026-02-17 01:17:51.506574,Berlin-5735,5,54,Normal
2026-02-17 01:17:52.506574,Berlin-5735,30,49,Normal
2026-02-17 01:17:53.506574,Berlin-5735,15,20,Normal
2026-02-17 01:17:54.506574,Berlin-5735,21,51,Normal
2026-02-17 01:17:55.506574,Berlin-5735,37,46,Normal
2026-02-17 01:17:56.506574,Berlin-5735,-11,80,Normal
2026-02-17 01:17:57.506574,Berlin-5735,36,12,Normal
2026-02-17 01:17:58.506574,Berlin-5735,11,57,Normal
2026-02-17 01:17:59.506574,Berlin-5735,-5,91,Normal
2026-02-17 01:18:00.506574,Berlin-5735,13,78,Normal
2026-02-17 01:18:01.506574,Berlin-5735,-19,95,Normal
2026-02-17 01:18:02.506574,Berlin-5735,14,71,Normal
2026-02-17 01:18:03.506574,Berlin-5735,27,61,Normal
2026-02-17 01:18:04.506574,Berlin-5735,-14,7,Normal
2026-02-17 01:18:05.506574,Berlin-5735,11,65,Normal
2026-02-17 01:18:06.506574,Berlin-5735,-23,3,Normal
2026-02-17 01:18:07.506574,Berlin-5735,18,61,Normal
2026-02-17 01:18:08.506574,Berlin-5735,8,75,Normal
2026-02-17 01:18:09.506574,Berlin-5735,-16,89,Normal
2026-02-17 01:18:10.506574,Berlin-5735,26,95,Normal
2026-02-17 01:18:11.506574,Berlin-5735,34,18,Normal
2026-02-17 01:18:12.506574,Berlin-5735,28,17,Normal
2026-02-17 01:18:13.506574,Berlin-5735,43,6,Normal
2026-02-17 01:18:14.506574,Berlin-5735,-16,45,Normal
2026-02-17 01:18:15.506574,Berlin-5735,15,75,Normal
2026-02-17 01:18:16.506574,Berlin-5735,-5,38,Normal
2026-02-17 01:18:17.506574,Berlin-5735,-19,14,Normal
2026-02-17 01:18:18.506574,Berlin-5735,37,2,Normal
2026-02-17 01:18:19.506574,Berlin-5735,37,80,Normal
2026-02-17 01:18:20.506574,Berlin-5735,45,74,Normal
2026-02-17 01:18:21.506574,Berlin-5735,50,0,Normal
2026-02-17 01:18:22.506574,Berlin-5735,17,71,Normal
2026-02-17 01:18:23.506574,Berlin-5735,4,90,Normal
2026-02-17 01:18:24.506574,Berlin-5735,-17,41,Normal
2026-02-17 01:18:25.506574,Berlin-5735,19,82,Normal
2026-02-17 01:18:26.506574,Berlin-5735,26,76,Normal
2026-02-17 01:18:27.506574,Berlin-5735,28,35,Normal
2026-02-17 01:18:28.506574,Berlin-5735,32,21,Normal
2026-02-17 01:18:29.506574,Berlin-5735,26,19,Normal
2026-02-17 01:18:30.506574,Berlin-5735,36,28,Normal
2026-02-17 01:18:31.506574,Berlin-5735,24,66,Normal
2026-02-17 01:18:32.506574,Berlin-5735,38,17,Normal
2026-02-17 01:18:33.506574,Berlin-5735,-5,42,Normal
2026-02-17 01:18:34.506574,Berlin-5735,-17,16,Normal
2026-02-17 01:18:35.506574,Berlin-5735,-7,92,Normal
2026-02-17 01:18:36.506574,Berlin-5735,23,37,Normal
2026-02-17 01:18:37.506574,Berlin-5735,29,39,Normal
2026-02-17 01:18:38.506574,Berlin-5735,5,99,Normal
2026-02-17 01:18:39.506574,Berlin-5735,-10,9,Normal
2026-02-17 01:18:40.506574,Berlin-5735,14,10,Normal
2026-02-17 01:18:41.506574,Berlin-5735,4,69,Normal
2026-02-17 01:18:42.506574,Berlin-5735,-2,57,Normal
2026-02-17 01:18:43.506574,Berlin-5735,-6,74,Normal
2026-02-17 01:18:44.506574,Berlin-5735,-19,51,Normal
2026-02-17 01:18:45.506574,Berlin-5735,46,85,Normal
2026-02-17 01:18:46.506574,Berlin-5735,36,83,Normal
2026-02-17 01:18:47.506574,Berlin-5735,10,9,Normal
2026-02-17 01:18:48.506574,Berlin-5735,-5,35,Normal
2026-02-17 01:18:49.506574,Berlin-5735,49,46,Normal
2026-02-17 01:18:50.506574,Berlin-5735,12,74,Normal
2026-02-17 01:18:51.506574,Berlin-5735,-25,42,Normal
2026-02-17 01:18:52.506574,Berlin-5735,14,68,Normal
2026-02-17 01:18:53.506574,Berlin-5735,9,40,Normal
2026-02-17 01:18:54.506574,Berlin-5735,39,28,Normal
2026-02-17 01:18:55.506574,Berlin-5735,-5,56,Normal
2026-02-17 01:18:56.506574,Berlin-5735,-22,63,Normal
2026-02-17 01:18:57.506574,Berlin-5735,-23,62,Normal
2026-02-17 01:18:58.506574,Berlin-5735,-1,13,Normal
2026-02-17 01:18:59.506574,Berlin-5735,-7,53,Normal
2026-02-17 01:19:00.506574,Berlin-5735,2,44,Normal
2026-02-17 01:19:01.506574,Berlin-5735,32,30,Normal
2026-02-17 01:19:02.506574,Berlin-5735,-16,38,Normal
2026-02-17 01:19:03.506574,Berlin-5735,15,75,Normal
2026-02-17 01:19:04.506574,Berlin-5735,-27,59,Normal
2026-02-17 01:19:05.506574,Berlin-5735,-18,96,Normal
2026-02-17 01:19:06.506574,Berlin-5735,-14,11,Normal
2026-02-17 01:19:07.506574,Berlin-5735,16,48,Normal
2026-02-17 01:19:08.506574,Berlin-5735,12,56,Normal
2026-02-17 01:19:09.506574,Berlin-5735,-24,32,Normal
2026-02-17 01:19:10.506574,Berlin-5735,11,91,Normal
2026-02-17 01:19:11.506574,Berlin-5735,-2,53,Normal
2026-02-17 01:19:12.506574,Berlin-5735,6,42,Normal
2026-02-17 01:19:13.506574,Berlin-5735,-30,53,Normal
2026-02-17 01:19:14.506574,Berlin-5735,-7,5,Normal
2026-02-17 01:19:15.506574,Berlin-5735,23,13,Normal
2026-02-17 01:19:16.506574,Berlin-5735,38,65,Normal
2026-02-17 01:19:17.506574,Berlin-5735,3,29,Normal
2026-02-17 01:19:18.506574,Berlin-5735,-18,16,Normal
2026-02-17 01:19:19.506574,Berlin-5735,-14,96,Normal
2026-02-17 01:19:20.506574,Berlin-5735,25,68,Normal
2026-02-17 01:19:21.506574,Berlin-5735,37,21,Normal
2026-02-17 01:19:22.506574,Berlin-5735,6,6,Normal
2026-02-17 01:19:23.506574,Berlin-5735,-6,48,Normal
2026-02-17 01:19:24.506574,Berlin-5735,-28,11,Normal
2026-02-17 01:19:25.506574,Berlin-5735,3,77,Normal
2026-02-17 01:19:26.506574,Berlin-5735,28,42,Normal
2026-02-17 01:19:27.506574,Berlin-5735,-1,38,Normal
2026-02-17 01:19:28.506574,Berlin-5735,36,71,Normal
2026-02-17 01:19:29.506574,Berlin-5735,-1,49,Normal
2026-02-17 01:19:30.506574,Berlin-5735,50,32,Normal
2026-02-17 01:19:31.506574,Berlin-5735,-6,42,Normal
2026-02-17 01:19:32.506574,Berlin-5735,-23,71,Normal
2026-02-17 01:19:33.506574,Berlin-5735,-15,85,Normal
2026-02-17 01:19:34.506574,Berlin-5735,11,99,Normal
2026-02-17 01:19:35.506574,Berlin-5735,11,1,Normal
2026-02-17 01:19:36.506574,Berlin-5735,30,40,Normal
2026-02-17 01:19:37.506574,Berlin-5735,-24,84,Normal
2026-02-17 01:19:38.506574,Berlin-5735,7,74,Normal
2026-02-17 01:19:39.506574,Berlin-5735,13,15,Normal
2026-02-17 01:19:40.506574,Berlin-5735,2,25,Normal
2026-02-17 01:19:41.506574,Berlin-5735,28,20,Normal
2026-02-17 01:19:42.506574,Berlin-5735,-4,88,Normal
2026-02-17 01:19:43.506574,Berlin-5735,-8,15,Normal
2026-02-17 01:19:44.506574,Berlin-5735,37,50,Normal
2026-02-17 01:19:45.506574,Berlin-5735,18,77,Normal
2026-02-17 01:19:46.506574,Berlin-5735,31,9,Normal
2026-02-17 01:19:47.506574,Berlin-5735,10,49,Normal
2026-02-17 01:19:48.506574,Berlin-5735,34,99,Normal
2026-02-17 01:19:49.506574,Berlin-5735,-9,74,Normal
2026-02-17 01:19:50.506574,Berlin-5735,-9,76,Normal
2026-02-17 01:19:51.506574,Berlin-5735,3,91,Normal
2026-02-17 01:19:52.506574,Berlin-5735,-22,98,Normal
2026-02-17 01:19:53.506574,Berlin-5735,50,16,Normal
2026-02-17 01:19:54.506574,Berlin-5735,10,49,Normal
2026-02-17 01:19:55.506574,Berlin-5735,31,61,Normal
2026-02-17 01:19:56.506574,Berlin-5735,21,33,Normal
2026-02-17 01:19:57.506574,Berlin-5735,-6,85,Normal
2026-02-17 01:19:58.506574,Berlin-5735,16,5,Normal
2026-02-17 01:19:59.506574,Berlin-5735,20,77,Normal
2026-02-17 01:20:00.506574,Berlin-5735,30,57,Normal
2026-02-17 01:20:01.506574,Berlin-5735,43,54,Normal
2026-02-17 01:20:02.506574,Berlin-5735,12,85,Normal
2026-02-17 01:20:03.506574,Berlin-5735,21,6,Normal
2026-02-17 01:20:04.506574,Berlin-5735,13,59,Normal
2026-02-17 01:20:05.506574,Berlin-5735,46,28,Normal
2026-02-17 01:20:06.506574,Berlin-5735,16,39,Normal
2026-02-17 01:20:07.506574,Berlin-5735,11,39,Normal
2026-02-17 01:20:08.506574,Berlin-5735,5,98,Normal
2026-02-17 01:20:09.506574,Berlin-5735,9,52,Normal
2026-02-17 01:20:10.506574,Berlin-5735,-23,95,Normal
2026-02-17 01:20:11.506574,Berlin-5735,43,34,Normal
2026-02-17 01:20:12.506574,Berlin-5735,0,73,Normal
2026-02-17 01:20:13.506574,Berlin-5735,-28,82,Normal
2026-02-17 01:20:14.506574,Berlin-5735,29,99,Normal
2026-02-17 01:20:15.506574,Berlin-5735,44,74,Normal
2026-02-17 01:20:16.506574,Berlin-5735,-4,100,Normal
2026-02-17 01:20:17.506574,Berlin-5735,-12,80,Normal
2026-02-17 01:20:18.506574,Berlin-5735,-3,50,Normal
2026-02-17 01:20:19.506574,Berlin-5735,-20,14,Normal
2026-02-17 01:20:20.506574,Berlin-5735,-24,59,Normal
2026-02-17 01:20:21.506574,Berlin-5735,9,67,Normal
2026-02-17 01:20:22.506574,Berlin-5735,13,24,Normal
2026-02-17 01:20:23.506574,Berlin-5735,37,60,Normal
2026-02-17 01:20:24.506574,Berlin-5735,27,21,Normal
2026-02-17 01:20:25.506574,Berlin-5735,-24,26,Normal
2026-02-17 01:20:26.506574,Berlin-5735,30,12,Normal
2026-02-17 01:20:27.506574,Berlin-5735,20,12,Normal
2026-02-17 01:20:28.506574,Berlin-5735,-15,36,Normal
2026-02-17 01:20:29.506574,Berlin-5735,25,79,Normal
2026-02-17 01:20:30.506574,Berlin-5735,41,66,Normal
2026-02-17 01:20:31.506574,Berlin-5735,46,42,Normal
2026-02-17 01:20:32.506574,Berlin-5735,43,42,Normal
2026-02-17 01:20:33.506574,Berlin-5735,-13,75,Normal
2026-02-17 01:20:34.506574,Berlin-5735,27,26,Normal
2026-02-17 01:20:35.506574,Berlin-5735,17,23,Normal
2026-02-17 01:20:36.506574,Berlin-5735,1,50,Normal
2026-02-17 01:20:37.506574,Berlin-5735,-16,91,Normal
2026-02-17 01:20:38.506574,Berlin-5735,15,34,Normal
2026-02-17 01:20:39.506574,Berlin-5735,22,8,Normal
2026-02-17 01:20:40.506574,Berlin-5735,-14,10,Normal
2026-02-17 01:20:41.506574,Berlin-5735,11,18,Normal
2026-02-17 01:20:42.506574,Berlin-5735,31,5,Normal
2026-02-17 01:20:43.506574,Berlin-5735,-4,65,Normal
2026-02-17 01:20:44.506574,Berlin-5735,5,99,Normal
2026-02-17 01:20:45.506574,Berlin-5735,-21,48,Normal
2026-02-17 01:20:46.506574,Berlin-5735,36,86,Normal
2026-02-17 01:20:47.506574,Berlin-5735,47,41,Normal
2026-02-17 01:20:48.506574,Berlin-5735,36,8,Normal
2026-02-17 01:20:49.506574,Berlin-5735,16,63,Normal
2026-02-17 01:20:50.506574,Berlin-5735,32,26,Normal
2026-02-17 01:20:51.506574,Berlin-5735,-21,52,Normal
2026-02-17 01:20:52.506574,Berlin-5735,50,19,Normal
2026-02-17 01:20:53.506574,Berlin-5735,-18,44,Normal
2026-02-17 01:20:54.506574,Berlin-5735,9,20,Normal
2026-02-17 01:20:55.506574,Berlin-5735,50,26,Normal
2026-02-17 01:20:56.506574,Berlin-5735,-14,19,Normal
2026-02-17 01:20:57.506574,Berlin-5735,4,16,Normal
2026-02-17 01:20:58.506574,Berlin-5735,31,12,Normal
2026-02-17 01:20:59.506574,Berlin-5735,-6,0,Normal
2026-02-17 01:21:00.506574,Berlin-5735,36,61,Normal
2026-02-17 01:21:01.506574,Berlin-5735,33,66,Normal
2026-02-17 01:21:02.506574,Berlin-5735,-2,70,Normal
2026-02-17 01:21:03.506574,Berlin-5735,15,88,Normal
2026-02-17 01:21:04.506574,Berlin-5735,-11,38,Normal
2026-02-17 01:21:05.506574,Berlin-5735,39,6,Normal
2026-02-17 01:21:06.506574,Berlin-5735,22,76,Normal
2026-02-17 01:21:07.506574,Berlin-5735,-12,98,Normal
2026-02-17 01:21:08.506574,Berlin-5735,1,70,Normal
2026-02-17 01:21:09.506574,Berlin-5735,-7,70,Normal
2026-02-17 01:21:10.506574,Berlin-5735,-8,59,Normal
2026-02-17 01:21:11.506574,Berlin-5735,20,83,Normal
2026-02-17 01:21:12.506574,Berlin-5735,-9,37,Normal
2026-02-17 01:21:13.506574,Berlin-5735,13,75,Normal
2026-02-17 01:21:14.506574,Berlin-5735,20,77,Normal
2026-02-17 01:21:15.506574,Berlin-5735,26,7,Normal
2026-02-17 01:21:16.506574,Berlin-5735,45,92,Normal
2026-02-17 01:21:17.506574,Berlin-5735,19,61,Normal
2026-02-17 01:21:18.506574,Berlin-5735,29,37,Normal
2026-02-17 01:21:19.506574,Berlin-5735,28,86,Normal
2026-02-17 01:21:20.506574,Berlin-5735,-9,0,Normal
2026-02-17 01:21:21.506574,Berlin-5735,39,92,Normal
2026-02-17 01:21:22.506574,Berlin-5735,47,30,Normal
2026-02-17 01:21:23.506574,Berlin-5735,47,13,Normal
2026-02-17 01:21:24.506574,Berlin-5735,-26,2,Normal
2026-02-17 01:21:25.506574,Berlin-5735,-15,64,Normal
2026-02-17 01:21:26.506574,Berlin-5735,19,33,Normal
2026-02-17 01:21:27.506574,Berlin-5735,43,10,Normal
2026-02-17 01:21:28.506574,Berlin-5735,1,56,Normal
2026-02-17 01:21:29.506574,Berlin-5735,50,30,Normal
2026-02-17 01:21:30.506574,Berlin-5735,35,46,Normal
2026-02-17 01:21:31.506574,Berlin-5735,9,41,Normal
2026-02-17 01:21:32.506574,Berlin-5735,27,91,Normal
2026-02-17 01:21:33.506574,Berlin-5735,18,5,Normal
2026-02-17 01:21:34.506574,Berlin-5735,40,11,Normal
2026-02-17 01:21:35.506574,Berlin-5735,6,22,Normal
2026-02-17 01:21:36.506574,Berlin-5735,50,80,Normal
2026-02-17 01:21:37.506574,Berlin-5735,33,24,Normal
2026-02-17 01:21:38.506574,Berlin-5735,16,80,Normal
2026-02-17 01:21:39.506574,Berlin-5735,45,55,Normal
2026-02-17 01:21:40.506574,Berlin-5735,16,48,Normal
2026-02-17 01:21:41.506574,Berlin-5735,-28,90,Normal
2026-02-17 01:21:42.506574,Berlin-5735,16,10,Normal
2026-02-17 01:21:43.506574,Berlin-5735,-12,64,Normal
2026-02-17 01:21:44.506574,Berlin-5735,-4,36,Normal
2026-02-17 01:21:45.506574,Berlin-5735,8,33,Normal
2026-02-17 01:21:46.506574,Berlin-5735,9,10,Normal
2026-02-17 01:21:47.506574,Berlin-5735,9,35,Normal
2026-02-17 01:21:48.506574,Berlin-5735,-19,69,Normal
2026-02-17 01:21:49.506574,Berlin-5735,39,89,Normal
2026-02-17 01:21:50.506574,Berlin-5735,-21,93,Normal
2026-02-17 01:21:51.506574,Berlin-5735,40,54,Normal
2026-02-17 01:21:52.506574,Berlin-5735,-12,81,Normal
2026-02-17 01:21:53.506574,Berlin-5735,38,63,Normal
2026-02-17 01:21:54.506574,Berlin-5735,22,19,Normal
2026-02-17 01:21:55.506574,Berlin-5735,-24,50,Normal
2026-02-17 01:21:56.506574,Berlin-5735,43,44,Normal
2026-02-17 01:21:57.506574,Berlin-5735,-26,93,Normal
2026-02-17 01:21:58.506574,Berlin-5735,-29,61,Normal
2026-02-17 01:21:59.506574,Berlin-5735,20,53,Normal
2026-02-17 01:22:00.506574,Berlin-5735,31,18,Normal
2026-02-17 01:22:01.506574,Berlin-5735,39,20,Normal
2026-02-17 01:22:02.506574,Berlin-5735,13,86,Normal
2026-02-17 01:22:03.506574,Berlin-5735,37,32,Normal
2026-02-17 01:22:04.506574,Berlin-5735,-29,80,Normal
2026-02-17 01:22:05.506574,Berlin-5735,43,68,Normal
2026-02-17 01:22:06.506574,Berlin-5735,43,33,Normal
2026-02-17 01:22:07.506574,Berlin-5735,4,18,Normal
2026-02-17 01:22:08.506574,Berlin-5735,2,74,Normal
2026-02-17 01:22:09.506574,Berlin-5735,5,2,Normal
2026-02-17 01:22:10.506574,Berlin-5735,-19,33,Normal
2026-02-17 01:22:11.506574,Berlin-5735,-5,65,Normal
2026-02-17 01:22:12.506574,Berlin-5735,-23,47,Normal
2026-02-17 01:22:13.506574,Berlin-5735,35,26,Normal
2026-02-17 01:22:14.506574,Berlin-5735,25,77,Normal
2026-02-17 01:22:15.506574,Berlin-5735,9,58,Normal
2026-02-17 01:22:16.506574,Berlin-5735,44,61,Normal
2026-02-17 01:22:17.506574,Berlin-5735,15,40,Normal
2026-02-17 01:22:18.506574,Berlin-5735,-16,31,Normal
2026-02-17 01:22:19.506574,Berlin-5735,7,5,Normal
2026-02-17 01:22:20.506574,Berlin-5735,-14,25,Normal
2026-02-17 01:22:21.506574,Berlin-5735,36,98,Normal
2026-02-17 01:22:22.506574,Berlin-5735,30,1,Normal
2026-02-17 01:22:23.506574,Berlin-5735,36,60,Normal
2026-02-17 01:22:24.506574,Berlin-5735,-19,70,Normal
2026-02-17 01:22:25.506574,Berlin-5735,24,27,Normal
2026-02-17 01:22:26.506574,Berlin-5735,33,100,Normal
2026-02-17 01:22:27.506574,Berlin-5735,15,100,Normal
2026-02-17 01:22:28.506574,Berlin-5735,-6,60,Normal
2026-02-17 01:22:29.506574,Berlin-5735,-15,81,Normal
2026-02-17 01:22:30.506574,Berlin-5735,22,63,Normal
2026-02-17 01:22:31.506574,Berlin-5735,49,89,Normal
2026-02-17 01:22:32.506574,Berlin-5735,-4,29,Normal
2026-02-17 01:22:33.506574,Berlin-5735,-10,34,Normal
2026-02-17 01:22:34.506574,Berlin-5735,25,52,Normal
2026-02-17 01:22:35.506574,Berlin-5735,6,90,Normal
2026-02-17 01:22:36.506574,Berlin-5735,-1,40,Normal
2026-02-17 01:22:37.506574,Berlin-5735,3,73,Normal
2026-02-17 01:22:38.506574,Berlin-5735,7,86,Normal
2026-02-17 01:22:39.506574,Berlin-5735,41,33,Normal
2026-02-17 01:22:40.506574,Berlin-5735,-3,80,Normal
2026-02-17 01:22:41.506574,Berlin-5735,7,95,Normal
2026-02-17 01:22:42.506574,Berlin-5735,15,55,Normal
2026-02-17 01:22:43.506574,Berlin-5735,-5,98,Normal
2026-02-17 01:22:44.506574,Berlin-5735,7,84,Normal
2026-02-17 01:22:45.506574,Berlin-5735,18,15,Normal
2026-02-17 01:22:46.506574,Berlin-5735,-1,27,Normal
2026-02-17 01:22:47.506574,Berlin-5735,4,92,Normal
2026-02-17 01:22:48.506574,Berlin-5735,48,3,Normal
2026-02-17 01:22:49.506574,Berlin-5735,25,94,Normal
2026-02-17 01:22:50.506574,Berlin-5735,34,45,Normal
2026-02-17 01:22:51.506574,Berlin-5735,14,35,Normal
2026-02-17 01:22:52.506574,Berlin-5735,18,50,Normal
2026-02-17 01:22:53.506574,Berlin-5735,-4,84,Normal
2026-02-17 01:22:54.506574,Berlin-5735,-30,67,Normal
2026-02-17 01:22:55.506574,Berlin-5735,-16,13,Normal
2026-02-17 01:22:56.506574,Berlin-5735,-24,53,Normal
2026-02-17 01:22:57.506574,Berlin-5735,4,70,Normal
2026-02-17 01:22:58.506574,Berlin-5735,-13,67,Normal
2026-02-17 01:22:59.506574,Berlin-5735,22,86,Normal
2026-02-17 01:23:00.506574,Berlin-5735,31,80,Normal
2026-02-17 01:23:01.506574,Berlin-5735,48,32,Normal
2026-02-17 01:23:02.506574,Berlin-5735,13,70,Normal
2026-02-17 01:23:03.506574,Berlin-5735,19,2,Normal
2026-02-17 01:23:04.506574,Berlin-5735,28,65,Normal
2026-02-17 01:23:05.506574,Berlin-5735,1,42,Normal
2026-02-17 01:23:06.506574,Berlin-5735,-7,38,Normal
2026-02-17 01:23:07.506574,Berlin-5735,37,39,Normal
2026-02-17 01:23:08.506574,Berlin-5735,-9,76,Normal
2026-02-17 01:23:09.506574,Berlin-5735,-18,42,Normal
2026-02-17 01:23:10.506574,Berlin-5735,7,83,Normal
2026-02-17 01:23:11.506574,Berlin-5735,10,58,Normal
2026-02-17 01:23:12.506574,Berlin-5735,-19,35,Normal
2026-02-17 01:23:13.506574,Berlin-5735,-14,96,Normal
2026-02-17 01:23:14.506574,Berlin-5735,16,24,Normal
2026-02-17 01:23:15.506574,Berlin-5735,48,100,Normal
2026-02-17 01:23:16.506574,Berlin-5735,14,49,Normal
2026-02-17 01:23:17.506574,Berlin-5735,50,39,Normal
2026-02-17 01:23:18.506574,Berlin-5735,-17,29,Normal
2026-02-17 01:23:19.506574,Berlin-5735,-24,29,Normal
2026-02-17 01:23:20.506574,Berlin-5735,49,61,Normal
2026-02-17 01:23:21.506574,Berlin-5735,44,70,Normal
2026-02-17 01:23:22.506574,Berlin-5735,-20,18,Normal
2026-02-17 01:23:23.506574,Berlin-5735,-28,41,Normal
2026-02-17 01:23:24.506574,Berlin-5735,-11,30,Normal
2026-02-17 01:23:25.506574,Berlin-5735,11,87,Normal
2026-02-17 01:23:26.506574,Berlin-5735,4,67,Normal
2026-02-17 01:23:27.506574,Berlin-5735,-23,91,Normal
2026-02-17 01:23:28.506574,Berlin-5735,-5,49,Normal
2026-02-17 01:23:29.506574,Berlin-5735,32,100,Normal
2026-02-17 01:23:30.506574,Berlin-5735,1,56,Normal
2026-02-17 01:23:31.506574,Berlin-5735,3,78,Normal
2026-02-17 01:23:32.506574,Berlin-5735,3,1,Normal
2026-02-17 01:23:33.506574,Berlin-5735,35,35,Normal
2026-02-17 01:23:34.506574,Berlin-5735,-28,59,Normal
2026-02-17 01:23:35.506574,Berlin-5735,-24,16,Normal
2026-02-17 01:23:36.506574,Berlin-5735,-9,26,Normal
2026-02-17 01:23:37.506574,Berlin-5735,21,24,Normal
2026-02-17 01:23:38.506574,Berlin-5735,-19,29,Normal
2026-02-17 01:23:39.506574,Berlin-5735,48,40,Normal
2026-02-17 01:23:40.506574,Berlin-5735,20,0,Normal
2026-02-17 01:23:41.506574,Berlin-5735,37,1,Normal
2026-02-17 01:23:42.506574,Berlin-5735,30,84,Normal
2026-02-17 01:23:43.506574,Berlin-5735,34,36,Normal
2026-02-17 01:23:44.506574,Berlin-5735,2,33,Normal
2026-02-17 01:23:45.506574,Berlin-5735,12,50,Normal
2026-02-17 01:23:46.506574,Berlin-5735,28,78,Normal
2026-02-17 01:23:47.506574,Berlin-5735,28,4,Normal
2026-02-17 01:23:48.506574,Berlin-5735,37,45,Normal
2026-02-17 01:23:49.506574,Berlin-5735,32,18,Normal
2026-02-17 01:23:50.506574,Berlin-5735,18,39,Normal
2026-02-17 01:23:51.506574,Berlin-5735,26,8,Normal
2026-02-17 01:23:52.506574,Berlin-5735,-5,44,Normal
2026-02-17 01:23:53.506574,Berlin-5735,43,23,Normal
2026-02-17 01:23:54.506574,Berlin-5735,-1,67,Normal
2026-02-17 01:23:55.506574,Berlin-5735,40,16,Normal
2026-02-17 01:23:56.506574,Berlin-5735,-19,15,Normal
2026-02-17 01:23:57.506574,Berlin-5735,-20,14,Normal
2026-02-17 01:23:58.506574,Berlin-5735,46,13,Normal
2026-02-17 01:23:59.506574,Berlin-5735,15,96,Normal
2026-02-17 01:24:00.506574,Berlin-5735,-6,26,Normal
2026-02-17 01:24:01.506574,Berlin-5735,-19,14,Normal
2026-02-17 01:24:02.506574,Berlin-5735,11,93,Normal
2026-02-17 01:24:03.506574,Berlin-5735,45,21,Normal
2026-02-17 01:24:04.506574,Berlin-5735,43,9,Normal
2026-02-17 01:24:05.506574,Berlin-5735,-1,75,Normal
2026-02-17 01:24:06.506574,Berlin-5735,46,81,Normal
2026-02-17 01:24:07.506574,Berlin-5735,-28,73,Normal
2026-02-17 01:24:08.506574,Berlin-5735,9,25,Normal
2026-02-17 01:24:09.506574,Berlin-5735,38,64,Normal
2026-02-17 01:24:10.506574,Berlin-5735,8,89,Normal
2026-02-17 01:24:11.506574,Berlin-5735,15,29,Normal
2026-02-17 01:24:12.506574,Berlin-5735,-10,9,Normal
2026-02-17 01:24:13.506574,Berlin-5735,44,55,Normal
2026-02-17 01:24:14.506574,Berlin-5735,-1,87,Normal
2026-02-17 01:24:15.506574,Berlin-5735,6,76,Normal
2026-02-17 01:24:16.506574,Berlin-5735,-26,6,Normal
2026-02-17 01:24:17.506574,Berlin-5735,19,60,Normal
2026-02-17 01:24:18.506574,Berlin-5735,39,81,Normal
2026-02-17 01:24:19.506574,Berlin-5735,24,49,Normal
2026-02-17 01:24:20.506574,Berlin-5735,10,79,Normal
2026-02-17 01:24:21.506574,Berlin-5735,19,66,Normal
2026-02-17 01:24:22.506574,Berlin-5735,44,11,Normal
2026-02-17 01:24:23.506574,Berlin-5735,7,55,Normal
2026-02-17 01:24:24.506574,Berlin-5735,3,81,Normal
2026-02-17 01:24:25.506574,Berlin-5735,21,19,Normal
2026-02-17 01:24:26.506574,Berlin-5735,-18,56,Normal
2026-02-17 01:24:27.506574,Berlin-5735,-25,50,Normal
2026-02-17 01:24:28.506574,Berlin-5735,32,12,Normal
2026-02-17 01:24:29.506574,Berlin-5735,-23,14,Normal
2026-02-17 01:24:30.506574,Berlin-5735,2,13,Normal
2026-02-17 01:24:31.506574,Berlin-5735,-25,72,Normal
2026-02-17 01:24:32.506574,Berlin-5735,13,12,Normal
2026-02-17 01:24:33.506574,Berlin-5735,-26,19,Normal
2026-02-17 01:24:34.506574,Berlin-5735,23,82,Normal
2026-02-17 01:24:35.506574,Berlin-5735,49,85,Normal
2026-02-17 01:24:36.506574,Berlin-5735,4,78,Normal
2026-02-17 01:24:37.506574,Berlin-5735,2,8,Normal
2026-02-17 01:24:38.506574,Berlin-5735,19,33,Normal
2026-02-17 01:24:39.506574,Berlin-5735,3,59,Normal
2026-02-17 01:24:40.506574,Berlin-5735,17,4,Normal
2026-02-17 01:24:41.506574,Berlin-5735,42,77,Normal
2026-02-17 01:24:42.506574,Berlin-5735,-30,8,Normal
2026-02-17 01:24:43.506574,Berlin-5735,3,86,Normal
2026-02-17 01:24:44.506574,Berlin-5735,-7,8,Normal
2026-02-17 01:24:45.506574,Berlin-5735,0,34,Normal
2026-02-17 01:24:46.506574,Berlin-5735,-13,83,Normal
2026-02-17 01:24:47.506574,Berlin-5735,-19,35,Normal
2026-02-17 01:24:48.506574,Berlin-5735,-10,59,Normal
2026-02-17 01:24:49.506574,Berlin-5735,-1,86,Normal
2026-02-17 01:24:50.506574,Berlin-5735,38,21,Normal
2026-02-17 01:24:51.506574,Berlin-5735,6,68,Normal
2026-02-17 01:24:52.506574,Berlin-5735,-15,27,Normal
2026-02-17 01:24:53.506574,Berlin-5735,47,44,Normal
2026-02-17 01:24:54.506574,Berlin-5735,-24,94,Normal
2026-02-17 01:24:55.506574,Berlin-5735,15,10,Normal
2026-02-17 01:24:56.506574,Berlin-5735,18,63,Normal
2026-02-17 01:24:57.506574,Berlin-5735,-3,92,Normal
2026-02-17 01:24:58.506574,Berlin-5735,-23,61,Normal
2026-02-17 01:24:59.506574,Berlin-5735,-8,83,Normal
2026-02-17 01:25:00.506574,Berlin-5735,-18,15,Normal
2026-02-17 01:25:01.506574,Berlin-5735,15,45,Normal
2026-02-17 01:25:02.506574,Berlin-5735,48,35,Normal
2026-02-17 01:25:03.506574,Berlin-5735,0,68,Normal
2026-02-17 01:25:04.506574,Berlin-5735,22,46,Normal
2026-02-17 01:25:05.506574,Berlin-5735,37,60,Normal
2026-02-17 01:25:06.506574,Berlin-5735,41,24,Normal
2026-02-17 01:25:07.506574,Berlin-5735,41,85,Normal
2026-02-17 01:25:08.506574,Berlin-5735,-16,8,Normal
2026-02-17 01:25:09.506574,Berlin-5735,12,50,Normal
2026-02-17 01:25:10.506574,Berlin-5735,29,49,Normal
2026-02-17 01:25:11.506574,Berlin-5735,-16,7,Normal
2026-02-17 01:25:12.506574,Berlin-5735,15,60,Normal
2026-02-17 01:25:13.506574,Berlin-5735,47,75,Normal
2026-02-17 01:25:14.506574,Berlin-5735,-1,36,Normal
2026-02-17 01:25:15.506574,Berlin-5735,-17,51,Normal
2026-02-17 01:25:16.506574,Berlin-5735,-4,2,Normal
2026-02-17 01:25:17.506574,Berlin-5735,9,66,Normal
2026-02-17 01:25:18.506574,Berlin-5735,50,13,Normal
2026-02-17 01:25:19.506574,Berlin-5735,-6,93,Normal
2026-02-17 01:25:20.506574,Berlin-5735,-25,53,Normal
2026-02-17 01:25:21.506574,Berlin-5735,-29,65,Normal
2026-02-17 01:25:22.506574,Berlin-5735,-17,74,Normal
2026-02-17 01:25:23.506574,Berlin-5735,21,93,Normal
2026-02-17 01:25:24.506574,Berlin-5735,11,30,Normal
2026-02-17 01:25:25.506574,Berlin-5735,7,53,Normal
2026-02-17 01:25:26.506574,Berlin-5735,41,6,Normal
2026-02-17 01:25:27.506574,Berlin-5735,-10,74,Normal
2026-02-17 01:25:28.506574,Berlin-5735,6,52,Normal
2026-02-17 01:25:29.506574,Berlin-5735,19,38,Normal
2026-02-17 01:25:30.506574,Berlin-5735,-14,23,Normal
2026-02-17 01:25:31.506574,Berlin-5735,16,40,Normal
2026-02-17 01:25:32.506574,Berlin-5735,17,81,Normal
2026-02-17 01:25:33.506574,Berlin-5735,49,22,Normal
2026-02-17 01:25:34.506574,Berlin-5735,46,12,Normal
2026-02-17 01:25:35.506574,Berlin-5735,13,80,Normal
2026-02-17 01:25:36.506574,Berlin-5735,32,70,Normal
2026-02-17 01:25:37.506574,Berlin-5735,-28,9,Normal
2026-02-17 01:25:38.506574,Berlin-5735,46,18,Normal
2026-02-17 01:25:39.506574,Berlin-5735,32,9,Normal
2026-02-17 01:25:40.506574,Berlin-5735,-5,16,Normal
2026-02-17 01:25:41.506574,Berlin-5735,34,72,Normal
2026-02-17 01:25:42.506574,Berlin-5735,7,60,Normal
2026-02-17 01:25:43.506574,Berlin-5735,23,64,Normal
2026-02-17 01:25:44.506574,Berlin-5735,-15,25,Normal
2026-02-17 01:25:45.506574,Berlin-5735,22,66,Normal
2026-02-17 01:25:46.506574,Berlin-5735,20,50,Normal
2026-02-17 01:25:47.506574,Berlin-5735,-12,37,Normal
2026-02-17 01:25:48.506574,Berlin-5735,41,70,Normal
2026-02-17 01:25:49.506574,Berlin-5735,2,23,Normal
2026-02-17 01:25:50.506574,Berlin-5735,13,55,Normal
2026-02-17 01:25:51.506574,Berlin-5735,-15,12,Normal
2026-02-17 01:25:52.506574,Berlin-5735,-23,96,Normal
2026-02-17 01:25:53.506574,Berlin-5735,18,21,Normal
2026-02-17 01:25:54.506574,Berlin-5735,32,69,Normal
2026-02-17 01:25:55.506574,Berlin-5735,-5,83,Normal
2026-02-17 01:25:56.506574,Berlin-5735,-4,26,Normal
2026-02-17 01:25:57.506574,Berlin-5735,46,37,Normal
2026-02-17 01:25:58.506574,Berlin-5735,48,71,Normal
2026-02-17 01:25:59.506574,Berlin-5735,0,19,Normal
2026-02-17 01:26:00.506574,Berlin-5735,-25,3,Normal
2026-02-17 01:26:01.506574,Berlin-5735,30,57,Normal
2026-02-17 01:26:02.506574,Berlin-5735,26,16,Normal
2026-02-17 01:26:03.506574,Berlin-5735,-19,37,Normal
2026-02-17 01:26:04.506574,Berlin-5735,4,61,Normal
2026-02-17 01:26:05.506574,Berlin-5735,-19,92,Normal
2026-02-17 01:26:06.506574,Berlin-5735,14,76,Normal
2026-02-17 01:26:07.506574,Berlin-5735,16,52,Normal
2026-02-17 01:26:08.506574,Berlin-5735,30,44,Normal
2026-02-17 01:26:09.506574,Berlin-5735,3,41,Normal
2026-02-17 01:26:10.506574,Berlin-5735,-26,69,Normal
2026-02-17 01:26:11.506574,Berlin-5735,13,89,Normal
2026-02-17 01:26:12.506574,Berlin-5735,-29,39,Normal
2026-02-17 01:26:13.506574,Berlin-5735,-12,88,Normal
2026-02-17 01:26:14.506574,Berlin-5735,-2,62,Normal
2026-02-17 01:26:15.506574,Berlin-5735,31,50,Normal
2026-02-17 01:26:16.506574,Berlin-5735,33,64,Normal
2026-02-17 01:26:17.506574,Berlin-5735,15,81,Normal
2026-02-17 01:26:18.506574,Berlin-5735,35,74,Normal
2026-02-17 01:26:19.506574,Berlin-5735,30,86,Normal
2026-02-17 01:26:20.506574,Berlin-5735,35,30,Normal
2026-02-17 01:26:21.506574,Berlin-5735,19,12,Normal
2026-02-17 01:26:22.506574,Berlin-5735,-27,45,Normal
2026-02-17 01:26:23.506574,Berlin-5735,9,47,Normal
2026-02-17 01:26:24.506574,Berlin-5735,-26,27,Normal
2026-02-17 01:26:25.506574,Berlin-5735,12,2,Normal
2026-02-17 01:26:26.506574,Berlin-5735,-30,52,Normal
2026-02-17 01:26:27.506574,Berlin-5735,-28,66,Normal
2026-02-17 01:26:28.506574,Berlin-5735,29,60,Normal
2026-02-17 01:26:29.506574,Berlin-5735,-24,34,Normal
2026-02-17 01:26:30.506574,Berlin-5735,3,92,Normal
2026-02-17 01:26:31.506574,Berlin-5735,14,90,Normal
2026-02-17 01:26:32.506574,Berlin-5735,-25,36,Normal
2026-02-17 01:26:33.506574,Berlin-5735,7,91,Normal
2026-02-17 01:26:34.506574,Berlin-5735,46,32,Normal
2026-02-17 01:26:35.506574,Berlin-5735,41,42,Normal
2026-02-17 01:26:36.506574,Berlin-5735,47,9,Normal
2026-02-17 01:26:37.506574,Berlin-5735,29,24,Normal
2026-02-17 01:26:38.506574,Berlin-5735,-22,46,Normal
2026-02-17 01:26:39.506574,Berlin-5735,-10,33,Normal
2026-02-17 01:26:40.506574,Berlin-5735,20,60,Normal
2026-02-17 01:26:41.506574,Berlin-5735,18,41,Normal
2026-02-17 01:26:42.506574,Berlin-5735,38,83,Normal
2026-02-17 01:26:43.506574,Berlin-5735,2,97,Normal
2026-02-17 01:26:44.506574,Berlin-5735,32,44,Normal
2026-02-17 01:26:45.506574,Berlin-5735,-22,76,Normal
2026-02-17 01:26:46.506574,Berlin-5735,-18,38,Normal
2026-02-17 01:26:47.506574,Berlin-5735,-16,56,Normal
2026-02-17 01:26:48.506574,Berlin-5735,48,62,Normal
2026-02-17 01:26:49.506574,Berlin-5735,7,84,Normal
2026-02-17 01:26:50.506574,Berlin-5735,21,65,Normal
2026-02-17 01:26:51.506574,Berlin-5735,8,79,Normal
2026-02-17 01:26:52.506574,Berlin-5735,38,22,Normal
2026-02-17 01:26:53.506574,Berlin-5735,-18,49,Normal
2026-02-17 01:26:54.506574,Berlin-5735,-13,99,Normal
2026-02-17 01:26:55.506574,Berlin-5735,32,24,Normal
2026-02-17 01:26:56.506574,Berlin-5735,-14,82,Normal
2026-02-17 01:26:57.506574,Berlin-5735,16,55,Normal
2026-02-17 01:26:58.506574,Berlin-5735,-14,93,Normal
2026-02-17 01:26:59.506574,Berlin-5735,-1,60,Normal
2026-02-17 01:27:00.506574,Berlin-5735,7,89,Normal
2026-02-17 01:27:01.506574,Berlin-5735,-14,5,Normal
2026-02-17 01:27:02.506574,Berlin-5735,37,17,Normal
2026-02-17 01:27:03.506574,Berlin-5735,45,83,Normal
2026-02-17 01:27:04.506574,Berlin-5735,9,92,Normal
2026-02-17 01:27:05.506574,Berlin-5735,-8,60,Normal
2026-02-17 01:27:06.506574,Berlin-5735,-29,39,Normal
2026-02-17 01:27:07.506574,Berlin-5735,32,60,Normal
2026-02-17 01:27:08.506574,Berlin-5735,32,97,Normal
2026-02-17 01:27:09.506574,Berlin-5735,-20,3,Normal
2026-02-17 01:27:10.506574,Berlin-5735,22,22,Normal
2026-02-17 01:27:11.506574,Berlin-5735,-18,95,Normal
2026-02-17 01:27:12.506574,Berlin-5735,-23,20,Normal
2026-02-17 01:27:13.506574,Berlin-5735,12,63,Normal
2026-02-17 01:27:14.506574,Berlin-5735,-11,4,Normal
2026-02-17 01:27:15.506574,Berlin-5735,17,12,Normal
2026-02-17 01:27:16.506574,Berlin-5735,17,80,Normal
2026-02-17 01:27:17.506574,Berlin-5735,0,80,Normal
2026-02-17 01:27:18.506574,Berlin-5735,42,32,Normal
2026-02-17 01:27:19.506574,Berlin-5735,-14,89,Normal
2026-02-17 01:27:20.506574,Berlin-5735,9,96,Normal
2026-02-17 01:27:21.506574,Berlin-5735,29,72,Normal
2026-02-17 01:27:22.506574,Berlin-5735,36,94,Normal
2026-02-17 01:27:23.506574,Berlin-5735,-11,5,Normal
2026-02-17 01:27:24.506574,Berlin-5735,31,10,Normal
2026-02-17 01:27:25.506574,Berlin-5735,5,37,Normal
2026-02-17 01:27:26.506574,Berlin-5735,7,36,Normal
2026-02-17 01:27:27.506574,Berlin-5735,-21,29,Normal
2026-02-17 01:27:28.506574,Berlin-5735,-1,75,Normal
2026-02-17 01:27:29.506574,Berlin-5735,-29,23,Normal
2026-02-17 01:27:30.506574,Berlin-5735,-13,91,Normal
2026-02-17 01:27:31.506574,Berlin-5735,25,73,Normal
2026-02-17 01:27:32.506574,Berlin-5735,26,65,Normal
2026-02-17 01:27:33.506574,Berlin-5735,27,64,Normal
2026-02-17 01:27:34.506574,Berlin-5735,-19,76,Normal
2026-02-17 01:27:35.506574,Berlin-5735,-5,27,Normal
2026-02-17 01:27:36.506574,Berlin-5735,8,8,Normal
2026-02-17 01:27:37.506574,Berlin-5735,-10,56,Normal
2026-02-17 01:27:38.506574,Berlin-5735,-16,74,Normal
2026-02-17 01:27:39.506574,Berlin-5735,-15,49,Normal
2026-02-17 01:27:40.506574,Berlin-5735,50,38,Normal
2026-02-17 01:27:41.506574,Berlin-5735,-4,40,Normal
2026-02-17 01:27:42.506574,Berlin-5735,4,62,Normal
2026-02-17 01:27:43.506574,Berlin-5735,12,10,Normal
2026-02-17 01:27:44.506574,Berlin-5735,44,84,Normal
2026-02-17 01:27:45.506574,Berlin-5735,36,15,Normal
2026-02-17 01:27:46.506574,Berlin-5735,42,33,Normal
2026-02-17 01:27:47.506574,Berlin-5735,-11,96,Normal
2026-02-17 01:27:48.506574,Berlin-5735,-28,61,Normal
2026-02-17 01:27:49.506574,Berlin-5735,28,15,Normal
2026-02-17 01:27:50.506574,Berlin-5735,39,64,Normal
2026-02-17 01:27:51.506574,Berlin-5735,20,68,Normal
2026-02-17 01:27:52.506574,Berlin-5735,-28,50,Normal
2026-02-17 01:27:53.506574,Berlin-5735,-11,70,Normal
2026-02-17 01:27:54.506574,Berlin-5735,13,15,Normal
2026-02-17 01:27:55.506574,Berlin-5735,-19,14,Normal
2026-02-17 01:27:56.506574,Berlin-5735,23,42,Normal
2026-02-17 01:27:57.506574,Berlin-5735,35,65,Normal
2026-02-17 01:27:58.506574,Berlin-5735,32,13,Normal
2026-02-17 01:27:59.506574,Berlin-5735,30,37,Normal
2026-02-17 01:28:00.506574,Berlin-5735,-5,9,Normal
2026-02-17 01:28:01.506574,Berlin-5735,21,1,Normal
2026-02-17 01:28:02.506574,Berlin-5735,9,47,Normal
2026-02-17 01:28:03.506574,Berlin-5735,25,66,Normal
2026-02-17 01:28:04.506574,Berlin-5735,5,58,Normal
2026-02-17 01:28:05.506574,Berlin-5735,30,73,Normal
2026-02-17 01:28:06.506574,Berlin-5735,30,45,Normal
2026-02-17 01:28:07.506574,Berlin-5735,12,27,Normal
2026-02-17 01:28:08.506574,Berlin-5735,-18,26,Normal
2026-02-17 01:28:09.506574,Berlin-5735,20,97,Normal
2026-02-17 01:28:10.506574,Berlin-5735,28,1,Normal
2026-02-17 01:28:11.506574,Berlin-5735,43,19,Normal
2026-02-17 01:28:12.506574,Berlin-5735,45,77,Normal
2026-02-17 01:28:13.506574,Berlin-5735,-6,0,Normal
2026-02-17 01:28:14.506574,Berlin-5735,36,55,Normal
2026-02-17 01:28:15.506574,Berlin-5735,9,33,Normal
2026-02-17 01:28:16.506574,Berlin-5735,-20,95,Normal
2026-02-17 01:28:17.506574,Berlin-5735,40,62,Normal
2026-02-17 01:28:18.506574,Berlin-5735,-6,71,Normal
2026-02-17 01:28:19.506574,Berlin-5735,-3,41,Normal
2026-02-17 01:28:20.506574,Berlin-5735,19,96,Normal
2026-02-17 01:28:21.506574,Berlin-5735,2,32,Normal
2026-02-17 01:28:22.506574,Berlin-5735,18,59,Normal
2026-02-17 01:28:23.506574,Berlin-5735,47,38,Normal
2026-02-17 01:28:24.506574,Berlin-5735,-8,75,Normal
2026-02-17 01:28:25.506574,Berlin-5735,47,65,Normal
2026-02-17 01:28:26.506574,Berlin-5735,27,26,Normal
2026-02-17 01:28:27.506574,Berlin-5735,22,33,Normal
2026-02-17 01:28:28.506574,Berlin-5735,44,33,Normal
2026-02-17 01:28:29.506574,Berlin-5735,-1,26,Normal
2026-02-17 01:28:30.506574,Berlin-5735,9,41,Normal
2026-02-17 01:28:31.506574,Berlin-5735,25,52,Normal
2026-02-17 01:28:32.506574,Berlin-5735,32,13,Normal
2026-02-17 01:28:33.506574,Berlin-5735,-22,21,Normal
2026-02-17 01:28:34.506574,Berlin-5735,47,6,Normal
2026-02-17 01:28:35.506574,Berlin-5735,16,50,Normal
2026-02-17 01:28:36.506574,Berlin-5735,-28,61,Normal
2026-02-17 01:28:37.506574,Berlin-5735,-16,25,Normal
2026-02-17 01:28:38.506574,Berlin-5735,6,18,Normal
2026-02-17 01:28:39.506574,Berlin-5735,-21,94,Normal
2026-02-17 01:28:40.506574,Berlin-5735,18,14,Normal
2026-02-17 01:28:41.506574,Berlin-5735,3,69,Normal
2026-02-17 01:28:42.506574,Berlin-5735,47,60,Normal
2026-02-17 01:28:43.506574,Berlin-5735,22,77,Normal
2026-02-17 01:28:44.506574,Berlin-5735,29,44,Normal
2026-02-17 01:28:45.506574,Berlin-5735,-9,29,Normal
2026-02-17 01:28:46.506574,Berlin-5735,23,18,Normal
2026-02-17 01:28:47.506574,Berlin-5735,47,36,Normal
2026-02-17 01:28:48.506574,Berlin-5735,-10,58,Normal
2026-02-17 01:28:49.506574,Berlin-5735,-4,79,Normal
2026-02-17 01:28:50.506574,Berlin-5735,2,4,Normal
2026-02-17 01:28:51.506574,Berlin-5735,17,58,Normal
2026-02-17 01:28:52.506574,Berlin-5735,-14,61,Normal
2026-02-17 01:28:53.506574,Berlin-5735,-4,86,Normal
2026-02-17 01:28:54.506574,Berlin-5735,10,94,Normal
2026-02-17 01:28:55.506574,Berlin-5735,50,32,Normal
2026-02-17 01:28:56.506574,Berlin-5735,8,74,Normal
2026-02-17 01:28:57.506574,Berlin-5735,10,49,Normal
2026-02-17 01:28:58.506574,Berlin-5735,33,6,Normal
2026-02-17 01:28:59.506574,Berlin-5735,34,20,Normal
2026-02-17 01:29:00.506574,Berlin-5735,-18,62,Normal
2026-02-17 01:29:01.506574,Berlin-5735,-30,85,Normal
2026-02-17 01:29:02.506574,Berlin-5735,36,27,Normal
2026-02-17 01:29:03.506574,Berlin-5735,-13,18,Normal
2026-02-17 01:29:04.506574,Berlin-5735,-5,5,Normal
2026-02-17 01:29:05.506574,Berlin-5735,-24,34,Normal
2026-02-17 01:29:06.506574,Berlin-5735,6,27,Normal
2026-02-17 01:29:07.506574,Berlin-5735,19,21,Normal
2026-02-17 01:29:08.506574,Berlin-5735,9,98,Normal
2026-02-17 01:29:09.506574,Berlin-5735,0,91,Normal
2026-02-17 01:29:10.506574,Berlin-5735,-26,79,Normal
2026-02-17 01:29:11.506574,Berlin-5735,-30,5,Normal
2026-02-17 01:29:12.506574,Berlin-5735,-16,84,Normal
2026-02-17 01:29:13.506574,Berlin-5735,-13,32,Normal
2026-02-17 01:29:14.506574,Berlin-5735,26,64,Normal
2026-02-17 01:29:15.506574,Berlin-5735,40,92,Normal
2026-02-17 01:29:16.506574,Berlin-5735,27,100,Normal
2026-02-17 01:29:17.506574,Berlin-5735,12,44,Normal
2026-02-17 01:29:18.506574,Berlin-5735,-22,28,Normal
2026-02-17 01:29:19.506574,Berlin-5735,-13,35,Normal
2026-02-17 01:29:20.506574,Berlin-5735,37,91,Normal
2026-02-17 01:29:21.506574,Berlin-5735,-19,18,Normal
2026-02-17 01:29:22.506574,Berlin-5735,29,56,Normal
2026-02-17 01:29:23.506574,Berlin-5735,49,19,Normal
2026-02-17 01:29:24.506574,Berlin-5735,21,65,Normal
2026-02-17 01:29:25.506574,Berlin-5735,20,70,Normal
2026-02-17 01:29:26.506574,Berlin-5735,33,96,Normal
2026-02-17 01:29:27.506574,Berlin-5735,20,29,Normal
2026-02-17 01:29:28.506574,Berlin-5735,-1,99,Normal
2026-02-17 01:29:29.506574,Berlin-5735,-15,24,Normal
2026-02-17 01:29:30.506574,Berlin-5735,-21,29,Normal
2026-02-17 01:29:31.506574,Berlin-5735,34,32,Normal
2026-02-17 01:29:32.506574,Berlin-5735,1,59,Normal
2026-02-17 01:29:33.506574,Berlin-5735,28,88,Normal
2026-02-17 01:29:34.506574,Berlin-5735,47,5,Normal
2026-02-17 01:29:35.506574,Berlin-5735,22,15,Normal
2026-02-17 01:29:36.506574,Berlin-5735,-5,41,Normal
2026-02-17 01:29:37.506574,Berlin-5735,19,57,Normal
2026-02-17 01:29:38.506574,Berlin-5735,45,9,Normal
2026-02-17 01:29:39.506574,Berlin-5735,37,6,Normal
2026-02-17 01:29:40.506574,Berlin-5735,35,44,Normal
2026-02-17 01:29:41.506574,Berlin-5735,-23,46,Normal
2026-02-17 01:29:42.506574,Berlin-5735,34,77,Normal
2026-02-17 01:29:43.506574,Berlin-5735,44,6,Normal
2026-02-17 01:29:44.506574,Berlin-5735,13,43,Normal
2026-02-17 01:29:45.506574,Berlin-5735,-4,9,Normal
2026-02-17 01:29:46.506574,Berlin-5735,-24,83,Normal
2026-02-17 01:29:47.506574,Berlin-5735,14,90,Normal
2026-02-17 01:29:48.506574,Berlin-5735,36,60,Normal
2026-02-17 01:29:49.506574,Berlin-5735,14,80,Normal
2026-02-17 01:29:50.506574,Berlin-5735,-28,91,Normal
2026-02-17 01:29:51.506574,Berlin-5735,27,48,Normal
2026-02-17 01:29:52.506574,Berlin-5735,32,25,Normal
2026-02-17 01:29:53.506574,Berlin-5735,31,39,Normal
2026-02-17 01:29:54.506574,Berlin-5735,15,73,Normal
2026-02-17 01:29:55.506574,Berlin-5735,23,84,Normal
2026-02-17 01:29:56.506574,Berlin-5735,-5,36,Normal
2026-02-17 01:29:57.506574,Berlin-5735,16,40,Normal
2026-02-17 01:29:58.506574,Berlin-5735,-16,63,Normal
2026-02-17 01:29:59.506574,Berlin-5735,-6,22,Normal
2026-02-17 01:30:00.506574,Berlin-5735,-17,60,Normal
2026-02-17 01:30:01.506574,Berlin-5735,-17,8,Normal
2026-02-17 01:30:02.506574,Berlin-5735,-17,55,Normal
2026-02-17 01:30:03.506574,Berlin-5735,23,21,Normal
2026-02-17 01:30:04.506574,Berlin-5735,19,4,Normal
2026-02-17 01:30:05.506574,Berlin-5735,8,72,Normal
2026-02-17 01:30:06.506574,Berlin-5735,27,1,Normal
2026-02-17 01:30:07.506574,Berlin-5735,-18,14,Normal
2026-02-17 01:30:08.506574,Berlin-5735,-14,100,Normal
2026-02-17 01:30:09.506574,Berlin-5735,-15,61,Normal
2026-02-17 01:30:10.506574,Berlin-5735,47,92,Normal
2026-02-17 01:30:11.506574,Berlin-5735,2,72,Normal
2026-02-17 01:30:12.506574,Berlin-5735,28,41,Normal
2026-02-17 01:30:13.506574,Berlin-5735,13,36,Normal
2026-02-17 01:30:14.506574,Berlin-5735,34,47,Normal
2026-02-17 01:30:15.506574,Berlin-5735,40,66,Normal
2026-02-17 01:30:16.506574,Berlin-5735,-11,36,Normal
2026-02-17 01:30:17.506574,Berlin-5735,38,64,Normal
2026-02-17 01:30:18.506574,Berlin-5735,12,17,Normal
2026-02-17 01:30:19.506574,Berlin-5735,46,25,Normal
2026-02-17 01:30:20.506574,Berlin-5735,15,95,Normal
2026-02-17 01:30:21.506574,Berlin-5735,-18,83,Normal
2026-02-17 01:30:22.506574,Berlin-5735,-1,62,Normal
2026-02-17 01:30:23.506574,Berlin-5735,42,92,Normal
2026-02-17 01:30:24.506574,Berlin-5735,25,55,Normal
2026-02-17 01:30:25.506574,Berlin-5735,-24,24,Normal
2026-02-17 01:30:26.506574,Berlin-5735,17,49,Normal
2026-02-17 01:30:27.506574,Berlin-5735,-13,95,Normal
2026-02-17 01:30:28.506574,Berlin-5735,-28,77,Normal
2026-02-17 01:30:29.506574,Berlin-5735,-11,82,Normal
2026-02-17 01:30:30.506574,Berlin-5735,-10,96,Normal
2026-02-17 01:30:31.506574,Berlin-5735,18,100,Normal
2026-02-17 01:30:32.506574,Berlin-5735,15,76,Normal
2026-02-17 01:30:33.506574,Berlin-5735,20,66,Normal
2026-02-17 01:30:34.506574,Berlin-5735,-20,12,Normal
2026-02-17 01:30:35.506574,Berlin-5735,37,31,Normal
2026-02-17 01:30:36.506574,Berlin-5735,-13,38,Normal
2026-02-17 01:30:37.506574,Berlin-5735,40,8,Normal
2026-02-17 01:30:38.506574,Berlin-5735,19,10,Normal
2026-02-17 01:30:39.506574,Berlin-5735,7,65,Normal
2026-02-17 01:30:40.506574,Berlin-5735,-25,92,Normal
2026-02-17 01:30:41.506574,Berlin-5735,22,100,Normal
2026-02-17 01:30:42.506574,Berlin-5735,-17,75,Normal
2026-02-17 01:30:43.506574,Berlin-5735,-14,50,Normal
2026-02-17 01:30:44.506574,Berlin-5735,-4,26,Normal
2026-02-17 01:30:45.506574,Berlin-5735,13,14,Normal
2026-02-17 01:30:46.506574,Berlin-5735,-23,64,Normal
2026-02-17 01:30:47.506574,Berlin-5735,18,97,Normal
2026-02-17 01:30:48.506574,Berlin-5735,-5,24,Normal
2026-02-17 01:30:49.506574,Berlin-5735,42,89,Normal
2026-02-17 01:30:50.506574,Berlin-5735,-17,6,Normal
2026-02-17 01:30:51.506574,Berlin-5735,-29,31,Normal
2026-02-17 01:30:52.506574,Berlin-5735,28,7,Normal
2026-02-17 01:30:53.506574,Berlin-5735,5,79,Normal
2026-02-17 01:30:54.506574,Berlin-5735,-15,64,Normal
2026-02-17 01:30:55.506574,Berlin-5735,-7,48,Normal
2026-02-17 01:30:56.506574,Berlin-5735,-27,17,Normal
2026-02-17 01:30:57.506574,Berlin-5735,1,79,Normal
2026-02-17 01:30:58.506574,Berlin-5735,1,90,Normal
2026-02-17 01:30:59.506574,Berlin-5735,-7,6,Normal
2026-02-17 01:31:00.506574,Berlin-5735,46,23,Normal
2026-02-17 01:31:01.506574,Berlin-5735,24,39,Normal
2026-02-17 01:31:02.506574,Berlin-5735,19,73,Normal
2026-02-17 01:31:03.506574,Berlin-5735,26,8,Normal
2026-02-17 01:31:04.506574,Berlin-5735,-29,60,Normal
2026-02-17 01:31:05.506574,Berlin-5735,32,19,Normal
2026-02-17 01:31:06.506574,Berlin-5735,10,55,Normal
2026-02-17 01:31:07.506574,Berlin-5735,8,38,Normal
2026-02-17 01:31:08.506574,Berlin-5735,32,41,Normal
2026-02-17 01:31:09.506574,Berlin-5735,6,55,Normal
2026-02-17 01:31:10.506574,Berlin-5735,37,24,Normal
2026-02-17 01:31:11.506574,Berlin-5735,49,35,Normal
2026-02-17 01:31:12.506574,Berlin-5735,-26,15,Normal
2026-02-17 01:31:13.506574,Berlin-5735,15,69,Normal
2026-02-17 01:31:14.506574,Berlin-5735,-24,96,Normal
2026-02-17 01:31:15.506574,Berlin-5735,-28,47,Normal
2026-02-17 01:31:16.506574,Berlin-5735,1,97,Normal
2026-02-17 01:31:17.506574,Berlin-5735,46,6,Normal
2026-02-17 01:31:18.506574,Berlin-5735,23,75,Normal
2026-02-17 01:31:19.506574,Berlin-5735,-23,77,Normal
2026-02-17 01:31:20.506574,Berlin-5735,-16,99,Normal
2026-02-17 01:31:21.506574,Berlin-5735,-11,24,Normal
2026-02-17 01:31:22.506574,Berlin-5735,-20,1,Normal
2026-02-17 01:31:23.506574,Berlin-5735,-27,87,Normal
2026-02-17 01:31:24.506574,Berlin-5735,24,35,Normal
2026-02-17 01:31:25.506574,Berlin-5735,45,18,Normal
2026-02-17 01:31:26.506574,Berlin-5735,-18,0,Normal
2026-02-17 01:31:27.506574,Berlin-5735,2,43,Normal
2026-02-17 01:31:28.506574,Berlin-5735,17,52,Normal
2026-02-17 01:31:29.506574,Berlin-5735,-29,66,Normal
2026-02-17 01:31:30.506574,Berlin-5735,-30,58,Normal
2026-02-17 01:31:31.506574,Berlin-5735,41,97,Normal
2026-02-17 01:31:32.506574,Berlin-5735,24,62,Normal
2026-02-17 01:31:33.506574,Berlin-5735,-6,8,Normal
2026-02-17 01:31:34.506574,Berlin-5735,-7,80,Normal
2026-02-17 01:31:35.506574,Berlin-5735,15,88,Normal
2026-02-17 01:31:36.506574,Berlin-5735,-30,68,Normal
2026-02-17 01:31:37.506574,Berlin-5735,8,29,Normal
2026-02-17 01:31:38.506574,Berlin-5735,40,3,Normal
2026-02-17 01:31:39.506574,Berlin-5735,-6,27,Normal
2026-02-17 01:31:40.506574,Berlin-5735,-25,44,Normal
2026-02-17 01:31:41.506574,Berlin-5735,-21,60,Normal
2026-02-17 01:31:42.506574,Berlin-5735,17,85,Normal
2026-02-17 01:31:43.506574,Berlin-5735,44,60,Normal
2026-02-17 01:31:44.506574,Berlin-5735,5,28,Normal
2026-02-17 01:31:45.506574,Berlin-5735,-9,32,Normal
2026-02-17 01:31:46.506574,Berlin-5735,-1,51,Normal
2026-02-17 01:31:47.506574,Berlin-5735,6,33,Normal
2026-02-17 01:31:48.506574,Berlin-5735,-1,60,Normal
2026-02-17 01:31:49.506574,Berlin-5735,-19,12,Normal
2026-02-17 01:31:50.506574,Berlin-5735,12,16,Normal
2026-02-17 01:31:51.506574,Berlin-5735,27,62,Normal
2026-02-17 01:31:52.506574,Berlin-5735,47,66,Normal
2026-02-17 01:31:53.506574,Berlin-5735,4,24,Normal
2026-02-17 01:31:54.506574,Berlin-5735,-3,90,Normal
2026-02-17 01:31:55.506574,Berlin-5735,23,54,Normal
2026-02-17 01:31:56.506574,Berlin-5735,-2,51,Normal
2026-02-17 01:31:57.506574,Berlin-5735,-28,15,Normal
2026-02-17 01:31:58.506574,Berlin-5735,12,35,Normal
2026-02-17 01:31:59.506574,Berlin-5735,1,74,Normal
2026-02-17 01:32:00.506574,Berlin-5735,35,71,Normal
2026-02-17 01:32:01.506574,Berlin-5735,-24,88,Normal
2026-02-17 01:32:02.506574,Berlin-5735,46,32,Normal
2026-02-17 01:32:03.506574,Berlin-5735,-20,67,Normal
2026-02-17 01:32:04.506574,Berlin-5735,45,58,Normal
2026-02-17 01:32:05.506574,Berlin-5735,47,87,Normal
2026-02-17 01:32:06.506574,Berlin-5735,11,40,Normal
2026-02-17 01:32:07.506574,Berlin-5735,26,86,Normal
2026-02-17 01:32:08.506574,Berlin-5735,-12,15,Normal
2026-02-17 01:32:09.506574,Berlin-5735,-26,12,Normal
2026-02-17 01:32:10.506574,Berlin-5735,21,3,Normal
2026-02-17 01:32:11.506574,Berlin-5735,33,65,Normal
2026-02-17 01:32:12.506574,Berlin-5735,-5,72,Normal
2026-02-17 01:32:13.506574,Berlin-5735,-20,83,Normal
2026-02-17 01:32:14.506574,Berlin-5735,-22,37,Normal
2026-02-17 01:32:15.506574,Berlin-5735,12,13,Normal
2026-02-17 01:32:16.506574,Berlin-5735,-19,8,Normal
2026-02-17 01:32:17.506574,Berlin-5735,25,64,Normal
2026-02-17 01:32:18.506574,Berlin-5735,26,53,Normal
2026-02-17 01:32:19.506574,Berlin-5735,-13,50,Normal
2026-02-17 01:32:20.506574,Berlin-5735,-23,28,Normal
2026-02-17 01:32:21.506574,Berlin-5735,-16,83,Normal
2026-02-17 01:32:22.506574,Berlin-5735,35,95,Normal
2026-02-17 01:32:23.506574,Berlin-5735,13,99,Normal
2026-02-17 01:32:24.506574,Berlin-5735,-18,64,Normal
2026-02-17 01:32:25.506574,Berlin-5735,42,46,Normal
2026-02-17 01:32:26.506574,Berlin-5735,24,67,Normal
2026-02-17 01:32:27.506574,Berlin-5735,13,7,Normal
2026-02-17 01:32:28.506574,Berlin-5735,6,11,Normal
2026-02-17 01:32:29.506574,Berlin-5735,49,2,Normal
2026-02-17 01:32:30.506574,Berlin-5735,20,34,Normal
2026-02-17 01:32:31.506574,Berlin-5735,44,86,Normal
2026-02-17 01:32:32.506574,Berlin-5735,49,50,Normal
2026-02-17 01:32:33.506574,Berlin-5735,10,89,Normal
2026-02-17 01:32:34.506574,Berlin-5735,38,35,Normal
2026-02-17 01:32:35.506574,Berlin-5735,7,41,Normal
2026-02-17 01:32:36.506574,Berlin-5735,42,43,Normal
2026-02-17 01:32:37.506574,Berlin-5735,50,39,Normal
2026-02-17 01:32:38.506574,Berlin-5735,13,12,Normal
2026-02-17 01:32:39.506574,Berlin-5735,25,56,Normal
2026-02-17 01:32:40.506574,Berlin-5735,26,53,Normal
2026-02-17 01:32:41.506574,Berlin-5735,-28,67,Normal
2026-02-17 01:32:42.506574,Berlin-5735,40,99,Normal
2026-02-17 01:32:43.506574,Berlin-5735,46,69,Normal
2026-02-17 01:32:44.506574,Berlin-5735,28,26,Normal
2026-02-17 01:32:45.506574,Berlin-5735,32,0,Normal
2026-02-17 01:32:46.506574,Berlin-5735,-2,91,Normal
2026-02-17 01:32:47.506574,Berlin-5735,44,24,Normal
2026-02-17 01:32:48.506574,Berlin-5735,18,5,Normal
2026-02-17 01:32:49.506574,Berlin-5735,-22,97,Normal
2026-02-17 01:32:50.506574,Berlin-5735,-10,21,Normal
2026-02-17 01:32:51.506574,Berlin-5735,49,100,Normal
2026-02-17 01:32:52.506574,Berlin-5735,34,52,Normal
2026-02-17 01:32:53.506574,Berlin-5735,-14,78,Normal
2026-02-17 01:32:54.506574,Berlin-5735,-15,42,Normal
2026-02-17 01:32:55.506574,Berlin-5735,6,59,Normal
2026-02-17 01:32:56.506574,Berlin-5735,-30,13,Normal
2026-02-17 01:32:57.506574,Berlin-5735,11,60,Normal
2026-02-17 01:32:58.506574,Berlin-5735,-3,40,Normal
2026-02-17 01:32:59.506574,Berlin-5735,-8,18,Normal
2026-02-17 01:33:00.506574,Berlin-5735,24,95,Normal
2026-02-17 01:33:01.506574,Berlin-5735,-14,84,Normal
2026-02-17 01:33:02.506574,Berlin-5735,4,30,Normal
2026-02-17 01:33:03.506574,Berlin-5735,50,92,Normal
2026-02-17 01:33:04.506574,Berlin-5735,35,83,Normal
2026-02-17 01:33:05.506574,Berlin-5735,-24,66,Normal
2026-02-17 01:33:06.506574,Berlin-5735,5,34,Normal
2026-02-17 01:33:07.506574,Berlin-5735,-15,52,Normal
2026-02-17 01:33:08.506574,Berlin-5735,-23,65,Normal
2026-02-17 01:33:09.506574,Berlin-5735,-8,18,Normal
2026-02-17 01:33:10.506574,Berlin-5735,-2,89,Normal
2026-02-17 01:33:11.506574,Berlin-5735,2,12,Normal
2026-02-17 01:33:12.506574,Berlin-5735,28,14,Normal
2026-02-17 01:33:13.506574,Berlin-5735,30,17,Normal
2026-02-17 01:33:14.506574,Berlin-5735,-24,10,Normal
2026-02-17 01:33:15.506574,Berlin-5735,30,39,Normal
2026-02-17 01:33:16.506574,Berlin-5735,6,43,Normal
2026-02-17 01:33:17.506574,Berlin-5735,-2,85,Normal
2026-02-17 01:33:18.506574,Berlin-5735,-14,82,Normal
2026-02-17 01:33:19.506574,Berlin-5735,-8,77,Normal
2026-02-17 01:33:20.506574,Berlin-5735,-7,97,Normal
2026-02-17 01:33:21.506574,Berlin-5735,15,63,Normal
2026-02-17 01:33:22.506574,Berlin-5735,40,6,Normal
2026-02-17 01:33:23.506574,Berlin-5735,-8,15,Normal
2026-02-17 01:33:24.506574,Berlin-5735,2,36,Normal
2026-02-17 01:33:25.506574,Berlin-5735,-6,80,Normal
2026-02-17 01:33:26.506574,Berlin-5735,44,83,Normal
2026-02-17 01:33:27.506574,Berlin-5735,41,42,Normal
2026-02-17 01:33:28.506574,Berlin-5735,-20,49,Normal
2026-02-17 01:33:29.506574,Berlin-5735,-11,72,Normal
2026-02-17 01:33:30.506574,Berlin-5735,-9,75,Normal
2026-02-17 01:33:31.506574,Berlin-5735,2,69,Normal
2026-02-17 01:33:32.506574,Berlin-5735,-7,72,Normal
2026-02-17 01:33:33.506574,Berlin-5735,-19,0,Normal
2026-02-17 01:33:34.506574,Berlin-5735,41,79,Normal
2026-02-17 01:33:35.506574,Berlin-5735,-4,9,Normal
2026-02-17 01:33:36.506574,Berlin-5735,44,62,Normal
2026-02-17 01:33:37.506574,Berlin-5735,-18,79,Normal
2026-02-17 01:33:38.506574,Berlin-5735,48,46,Normal
2026-02-17 01:33:39.506574,Berlin-5735,41,68,Normal
2026-02-17 01:33:40.506574,Berlin-5735,-8,5,Normal
2026-02-17 01:33:41.506574,Berlin-5735,24,85,Normal
2026-02-17 01:33:42.506574,Berlin-5735,26,41,Normal
2026-02-17 01:33:43.506574,Berlin-5735,5,1,Normal
2026-02-17 01:33:44.506574,Berlin-5735,1,0,Normal
2026-02-17 01:33:45.506574,Berlin-5735,18,71,Normal
2026-02-17 01:33:46.506574,Berlin-5735,25,26,Normal
2026-02-17 01:33:47.506574,Berlin-5735,-10,32,Normal
2026-02-17 01:33:48.506574,Berlin-5735,36,98,Normal
2026-02-17 01:33:49.506574,Berlin-5735,-30,98,Normal
2026-02-17 01:33:50.506574,Berlin-5735,-28,42,Normal
2026-02-17 01:33:51.506574,Berlin-5735,13,26,Normal
2026-02-17 01:33:52.506574,Berlin-5735,-11,61,Normal
2026-02-17 01:33:53.506574,Berlin-5735,-16,14,Normal
2026-02-17 01:33:54.506574,Berlin-5735,0,49,Normal
2026-02-17 01:33:55.506574,Berlin-5735,30,67,Normal
2026-02-17 01:33:56.506574,Berlin-5735,7,47,Normal
2026-02-17 01:33:57.506574,Berlin-5735,8,48,Normal
2026-02-17 01:33:58.506574,Berlin-5735,38,81,Normal
2026-02-17 01:33:59.506574,Berlin-5735,14,17,Normal
2026-02-17 01:34:00.506574,Berlin-5735,21,54,Normal
2026-02-17 01:34:01.506574,Berlin-5735,42,35,Normal
2026-02-17 01:34:02.506574,Berlin-5735,14,4,Normal
2026-02-17 01:34:03.506574,Berlin-5735,-17,51,Normal
2026-02-17 01:34:04.506574,Berlin-5735,41,59,Normal
2026-02-17 01:34:05.506574,Berlin-5735,42,80,Normal
2026-02-17 01:34:06.506574,Berlin-5735,8,11,Normal
2026-02-17 01:34:07.506574,Berlin-5735,-23,71,Normal
2026-02-17 01:34:08.506574,Berlin-5735,-10,4,Normal
2026-02-17 01:34:09.506574,Berlin-5735,17,32,Normal
2026-02-17 01:34:10.506574,Berlin-5735,-11,56,Normal
2026-02-17 01:34:11.506574,Berlin-5735,9,17,Normal
2026-02-17 01:34:12.506574,Berlin-5735,31,87,Normal
2026-02-17 01:34:13.506574,Berlin-5735,32,46,Normal
2026-02-17 01:34:14.506574,Berlin-5735,45,41,Normal
2026-02-17 01:34:15.506574,Berlin-5735,-17,84,Normal
2026-02-17 01:34:16.506574,Berlin-5735,-22,54,Normal
2026-02-17 01:34:17.506574,Berlin-5735,37,29,Normal
2026-02-17 01:34:18.506574,Berlin-5735,40,51,Normal
2026-02-17 01:34:19.506574,Berlin-5735,-26,39,Normal
2026-02-17 01:34:20.506574,Berlin-5735,28,4,Normal
2026-02-17 01:34:21.506574,Berlin-5735,-29,12,Normal
2026-02-17 01:34:22.506574,Berlin-5735,-8,2,Normal
2026-02-17 01:34:23.506574,Berlin-5735,26,63,Normal
2026-02-17 01:34:24.506574,Berlin-5735,-23,84,Normal
2026-02-17 01:34:25.506574,Berlin-5735,22,83,Normal
2026-02-17 01:34:26.506574,Berlin-5735,29,15,Normal
2026-02-17 01:34:27.506574,Berlin-5735,24,54,Normal
2026-02-17 01:34:28.506574,Berlin-5735,23,80,Normal
2026-02-17 01:34:29.506574,Berlin-5735,3,29,Normal
2026-02-17 01:34:30.506574,Berlin-5735,50,77,Normal
2026-02-17 01:34:31.506574,Berlin-5735,-1,51,Normal
2026-02-17 01:34:32.506574,Berlin-5735,-27,9,Normal
2026-02-17 01:34:33.506574,Berlin-5735,31,61,Normal
2026-02-17 01:34:34.506574,Berlin-5735,26,78,Normal
2026-02-17 01:34:35.506574,Berlin-5735,0,83,Normal
2026-02-17 01:34:36.506574,Berlin-5735,25,24,Normal
2026-02-17 01:34:37.506574,Berlin-5735,6,26,Normal
2026-02-17 01:34:38.506574,Berlin-5735,32,8,Normal
2026-02-17 01:34:39.506574,Berlin-5735,46,57,Normal
2026-02-17 01:34:40.506574,Berlin-5735,0,81,Normal
2026-02-17 01:34:41.506574,Berlin-5735,0,75,Normal
2026-02-17 01:34:42.506574,Berlin-5735,30,78,Normal
2026-02-17 01:34:43.506574,Berlin-5735,3,55,Normal
2026-02-17 01:34:44.506574,Berlin-5735,46,3,Normal
2026-02-17 01:34:45.506574,Berlin-5735,-21,93,Normal
2026-02-17 01:34:46.506574,Berlin-5735,14,81,Normal
2026-02-17 01:34:47.506574,Berlin-5735,50,99,Normal
2026-02-17 01:34:48.506574,Berlin-5735,-13,63,Normal
2026-02-17 01:34:49.506574,Berlin-5735,29,13,Normal
2026-02-17 01:34:50.506574,Berlin-5735,8,59,Normal
2026-02-17 01:34:51.506574,Berlin-5735,-13,21,Normal
2026-02-17 01:34:52.506574,Berlin-5735,-19,93,Normal
2026-02-17 01:34:53.506574,Berlin-5735,-3,31,Normal
2026-02-17 01:34:54.506574,Berlin-5735,32,37,Normal
2026-02-17 01:34:55.506574,Berlin-5735,-7,74,Normal
2026-02-17 01:34:56.506574,Berlin-5735,5,59,Normal
2026-02-17 01:34:57.506574,Berlin-5735,43,57,Normal
2026-02-17 01:34:58.506574,Berlin-5735,6,25,Normal
2026-02-17 01:34:59.506574,Berlin-5735,11,8,Normal
2026-02-17 01:35:00.506574,Berlin-5735,6,6,Normal
2026-02-17 01:35:01.506574,Berlin-5735,-6,38,Normal
2026-02-17 01:35:02.506574,Berlin-5735,30,50,Normal
2026-02-17 01:35:03.506574,Berlin-5735,43,29,Normal
2026-02-17 01:35:04.506574,Berlin-5735,32,58,Normal
2026-02-17 01:35:05.506574,Berlin-5735,26,39,Normal
2026-02-17 01:35:06.506574,Berlin-5735,48,51,Normal
2026-02-17 01:35:07.506574,Berlin-5735,1,19,Normal
2026-02-17 01:35:08.506574,Berlin-5735,11,24,Normal
2026-02-17 01:35:09.506574,Berlin-5735,30,19,Normal
2026-02-17 01:35:10.506574,Berlin-5735,-12,32,Normal
2026-02-17 01:35:11.506574,Berlin-5735,-29,69,Normal
2026-02-17 01:35:12.506574,Berlin-5735,46,81,Normal
2026-02-17 01:35:13.506574,Berlin-5735,48,47,Normal
2026-02-17 01:35:14.506574,Berlin-5735,7,85,Normal
2026-02-17 01:35:15.506574,Berlin-5735,-11,28,Normal
2026-02-17 01:35:16.506574,Berlin-5735,0,52,Normal
2026-02-17 01:35:17.506574,Berlin-5735,22,68,Normal
2026-02-17 01:35:18.506574,Berlin-5735,21,94,Normal
2026-02-17 01:35:19.506574,Berlin-5735,46,90,Normal
2026-02-17 01:35:20.506574,Berlin-5735,-18,3,Normal
2026-02-17 01:35:21.506574,Berlin-5735,15,13,Normal
2026-02-17 01:35:22.506574,Berlin-5735,10,94,Normal
2026-02-17 01:35:23.506574,Berlin-5735,-30,25,Normal
2026-02-17 01:35:24.506574,Berlin-5735,-1,1,Normal
2026-02-17 01:35:25.506574,Berlin-5735,21,16,Normal
2026-02-17 01:35:26.506574,Berlin-5735,0,36,Normal
2026-02-17 01:35:27.506574,Berlin-5735,-14,3,Normal
2026-02-17 01:35:28.506574,Berlin-5735,32,79,Normal
2026-02-17 01:35:29.506574,Berlin-5735,0,37,Normal
2026-02-17 01:35:30.506574,Berlin-5735,0,94,Normal
2026-02-17 01:35:31.506574,Berlin-5735,-15,20,Normal
2026-02-17 01:35:32.506574,Berlin-5735,3,57,Normal
2026-02-17 01:35:33.506574,Berlin-5735,9,43,Normal
2026-02-17 01:35:34.506574,Berlin-5735,-8,72,Normal
2026-02-17 01:35:35.506574,Berlin-5735,34,54,Normal
2026-02-17 01:35:36.506574,Berlin-5735,-7,20,Normal
2026-02-17 01:35:37.506574,Berlin-5735,39,75,Normal
2026-02-17 01:35:38.506574,Berlin-5735,-28,94,Normal
2026-02-17 01:35:39.506574,Berlin-5735,-28,15,Normal
2026-02-17 01:35:40.506574,Berlin-5735,-7,52,Normal
2026-02-17 01:35:41.506574,Berlin-5735,-26,70,Normal
2026-02-17 01:35:42.506574,Berlin-5735,-20,83,Normal
2026-02-17 01:35:43.506574,Berlin-5735,8,11,Normal
2026-02-17 01:35:44.506574,Berlin-5735,2,68,Normal
2026-02-17 01:35:45.506574,Berlin-5735,27,72,Normal
2026-02-17 01:35:46.506574,Berlin-5735,-9,55,Normal
2026-02-17 01:35:47.506574,Berlin-5735,25,86,Normal
2026-02-17 01:35:48.506574,Berlin-5735,-23,41,Normal
2026-02-17 01:35:49.506574,Berlin-5735,5,98,Normal
2026-02-17 01:35:50.506574,Berlin-5735,4,21,Normal
2026-02-17 01:35:51.506574,Berlin-5735,-30,29,Normal
2026-02-17 01:35:52.506574,Berlin-5735,-15,51,Normal
2026-02-17 01:35:53.506574,Berlin-5735,35,2,Normal
2026-02-17 01:35:54.506574,Berlin-5735,18,54,Normal
