timestamp,station_id,temp,humid,condition
2026-02-13 13:59:02.099204,Toronto-c072,34,18,Normal
2026-02-13 13:59:03.099204,Toronto-c072,-3,92,Normal
2026-02-13 13:59:04.099204,Toronto-c072,8,6,Normal
2026-02-13 13:59:05.099204,Toronto-c072,-5,78,Normal
2026-02-13 13:59:06.099204,Toronto-c072,2,68,Normal
2026-02-13 13:59:07.099204,Toronto-c072,6,67,Normal
2026-02-13 13:59:08.099204,Toronto-c072,-2,55,Normal
2026-02-13 13:59:09.099204,Toronto-c072,47,66,Normal
2026-02-13 13:59:10.099204,Toronto-c072,40,15,Normal
2026-02-13 13:59:11.099204,Toronto-c072,42,100,Normal
2026-02-13 13:59:12.099204,Toronto-c072,-6,44,Normal
2026-02-13 13:59:13.099204,Toronto-c072,16,12,Normal
2026-02-13 13:59:14.099204,Toronto-c072,6,14,Normal
2026-02-13 13:59:15.099204,Toronto-c072,-29,57,Normal
2026-02-13 13:59:16.099204,Toronto-c072,-2,96,Normal
2026-02-13 13:59:17.099204,Toronto-c072,29,76,Normal
2026-02-13 13:59:18.099204,Toronto-c072,-5,1,Normal
2026-02-13 13:59:19.099204,Toronto-c072,3,72,Normal
2026-02-13 13:59:20.099204,Toronto-c072,6,46,Normal
2026-02-13 13:59:21.099204,Toronto-c072,31,88,Normal
2026-02-13 13:59:22.099204,Toronto-c072,43,60,Normal
2026-02-13 13:59:23.099204,Toronto-c072,7,22,Normal
2026-02-13 13:59:24.099204,Toronto-c072,48,91,Normal
2026-02-13 13:59:25.099204,Toronto-c072,-26,88,Normal
2026-02-13 13:59:26.099204,Toronto-c072,-9,20,Normal
2026-02-13 13:59:27.099204,Toronto-c072,-9,86,Normal
2026-02-13 13:59:28.099204,Toronto-c072,49,22,Normal
2026-02-13 13:59:29.099204,Toronto-c072,-11,71,Normal
2026-02-13 13:59:30.099204,Toronto-c072,-20,84,Normal
2026-02-13 13:59:31.099204,Toronto-c072,39,42,Normal
2026-02-13 13:59:32.099204,Toronto-c072,-26,0,Normal
2026-02-13 13:59:33.099204,Toronto-c072,18,7,Normal
2026-02-13 13:59:34.099204,Toronto-c072,46,18,Normal
2026-02-13 13:59:35.099204,Toronto-c072,49,57,Normal
2026-02-13 13:59:36.099204,Toronto-c072,-13,11,Normal
2026-02-13 13:59:37.099204,Toronto-c072,1,5,Normal
2026-02-13 13:59:38.099204,Toronto-c072,36,48,Normal
2026-02-13 13:59:39.099204,Toronto-c072,4,97,Normal
2026-02-13 13:59:40.099204,Toronto-c072,-17,4,Normal
2026-02-13 13:59:41.099204,Toronto-c072,2,73,Normal
2026-02-13 13:59:42.099204,Toronto-c072,31,62,Normal
2026-02-13 13:59:43.099204,Toronto-c072,22,98,Normal
2026-02-13 13:59:44.099204,Toronto-c072,46,82,Normal
2026-02-13 13:59:45.099204,Toronto-c072,7,98,Normal
2026-02-13 13:59:46.099204,Toronto-c072,26,84,Normal
2026-02-13 13:59:47.099204,Toronto-c072,-26,66,Normal
2026-02-13 13:59:48.099204,Toronto-c072,9,57,Normal
2026-02-13 13:59:49.099204,Toronto-c072,1,54,Normal
2026-02-13 13:59:50.099204,Toronto-c072,-3,97,Normal
2026-02-13 13:59:51.099204,Toronto-c072,-14,39,Normal
2026-02-13 13:59:52.099204,Toronto-c072,6,95,Normal
2026-02-13 13:59:53.099204,Toronto-c072,6,57,Normal
2026-02-13 13:59:54.099204,Toronto-c072,-5,11,Normal
2026-02-13 13:59:55.099204,Toronto-c072,4,99,Normal
2026-02-13 13:59:56.099204,Toronto-c072,-5,28,Normal
2026-02-13 13:59:57.099204,Toronto-c072,41,94,Normal
2026-02-13 13:59:58.099204,Toronto-c072,38,16,Normal
2026-02-13 13:59:59.099204,Toronto-c072,22,12,Normal
2026-02-13 14:00:00.099204,Toronto-c072,-12,74,Normal
2026-02-13 14:00:01.099204,Toronto-c072,36,61,Normal
2026-02-13 14:00:02.099204,Toronto-c072,14,29,Normal
2026-02-13 14:00:03.099204,Toronto-c072,-12,19,Normal
2026-02-13 14:00:04.099204,Toronto-c072,4,68,Normal
2026-02-13 14:00:05.099204,Toronto-c072,-28,25,Normal
2026-02-13 14:00:06.099204,Toronto-c072,-21,62,Normal
2026-02-13 14:00:07.099204,Toronto-c072,15,22,Normal
2026-02-13 14:00:08.099204,Toronto-c072,-27,26,Normal
2026-02-13 14:00:09.099204,Toronto-c072,8,41,Normal
2026-02-13 14:00:10.099204,Toronto-c072,12,30,Normal
2026-02-13 14:00:11.099204,Toronto-c072,-9,69,Normal
2026-02-13 14:00:12.099204,Toronto-c072,-7,82,Normal
2026-02-13 14:00:13.099204,Toronto-c072,47,75,Normal
2026-02-13 14:00:14.099204,Toronto-c072,35,24,Normal
2026-02-13 14:00:15.099204,Toronto-c072,-18,4,Normal
2026-02-13 14:00:16.099204,Toronto-c072,-16,48,Normal
2026-02-13 14:00:17.099204,Toronto-c072,29,69,Normal
2026-02-13 14:00:18.099204,Toronto-c072,28,1,Normal
2026-02-13 14:00:19.099204,Toronto-c072,-5,95,Normal
2026-02-13 14:00:20.099204,Toronto-c072,36,78,Normal
2026-02-13 14:00:21.099204,Toronto-c072,30,63,Normal
2026-02-13 14:00:22.099204,Toronto-c072,-19,9,Normal
2026-02-13 14:00:23.099204,Toronto-c072,15,87,Normal
2026-02-13 14:00:24.099204,Toronto-c072,29,47,Normal
2026-02-13 14:00:25.099204,Toronto-c072,-18,73,Normal
2026-02-13 14:00:26.099204,Toronto-c072,7,59,Normal
2026-02-13 14:00:27.099204,Toronto-c072,12,19,Normal
2026-02-13 14:00:28.099204,Toronto-c072,27,60,Normal
2026-02-13 14:00:29.099204,Toronto-c072,26,34,Normal
2026-02-13 14:00:30.099204,Toronto-c072,-10,14,Normal
2026-02-13 14:00:31.099204,Toronto-c072,-27,33,Normal
2026-02-13 14:00:32.099204,Toronto-c072,31,88,Normal
2026-02-13 14:00:33.099204,Toronto-c072,39,53,Normal
2026-02-13 14:00:34.099204,Toronto-c072,-12,46,Normal
2026-02-13 14:00:35.099204,Toronto-c072,25,16,Normal
2026-02-13 14:00:36.099204,Toronto-c072,-21,86,Normal
2026-02-13 14:00:37.099204,Toronto-c072,14,88,Normal
2026-02-13 14:00:38.099204,Toronto-c072,0,77,Normal
2026-02-13 14:00:39.099204,Toronto-c072,21,45,Normal
2026-02-13 14:00:40.099204,Toronto-c072,12,15,Normal
2026-02-13 14:00:41.099204,Toronto-c072,26,63,Normal
2026-02-13 14:00:42.099204,Toronto-c072,12,62,Normal
2026-02-13 14:00:43.099204,Toronto-c072,16,51,Normal
2026-02-13 14:00:44.099204,Toronto-c072,-7,87,Normal
2026-02-13 14:00:45.099204,Toronto-c072,5,82,Normal
2026-02-13 14:00:46.099204,Toronto-c072,-29,13,Normal
2026-02-13 14:00:47.099204,Toronto-c072,8,2,Normal
2026-02-13 14:00:48.099204,Toronto-c072,11,72,Normal
2026-02-13 14:00:49.099204,Toronto-c072,-28,20,Normal
2026-02-13 14:00:50.099204,Toronto-c072,41,16,Normal
2026-02-13 14:00:51.099204,Toronto-c072,41,90,Normal
2026-02-13 14:00:52.099204,Toronto-c072,5,34,Normal
2026-02-13 14:00:53.099204,Toronto-c072,28,31,Normal
2026-02-13 14:00:54.099204,Toronto-c072,-5,98,Normal
2026-02-13 14:00:55.099204,Toronto-c072,38,20,Normal
2026-02-13 14:00:56.099204,Toronto-c072,44,68,Normal
2026-02-13 14:00:57.099204,Toronto-c072,-1,36,Normal
2026-02-13 14:00:58.099204,Toronto-c072,-28,59,Normal
2026-02-13 14:00:59.099204,Toronto-c072,30,48,Normal
2026-02-13 14:01:00.099204,Toronto-c072,15,3,Normal
2026-02-13 14:01:01.099204,Toronto-c072,5,88,Normal
2026-02-13 14:01:02.099204,Toronto-c072,1,62,Normal
2026-02-13 14:01:03.099204,Toronto-c072,-17,82,Normal
2026-02-13 14:01:04.099204,Toronto-c072,27,100,Normal
2026-02-13 14:01:05.099204,Toronto-c072,-30,77,Normal
2026-02-13 14:01:06.099204,Toronto-c072,9,29,Normal
2026-02-13 14:01:07.099204,Toronto-c072,-7,86,Normal
2026-02-13 14:01:08.099204,Toronto-c072,48,84,Normal
2026-02-13 14:01:09.099204,Toronto-c072,29,27,Normal
2026-02-13 14:01:10.099204,Toronto-c072,29,100,Normal
2026-02-13 14:01:11.099204,Toronto-c072,-24,30,Normal
2026-02-13 14:01:12.099204,Toronto-c072,25,19,Normal
2026-02-13 14:01:13.099204,Toronto-c072,-13,23,Normal
2026-02-13 14:01:14.099204,Toronto-c072,32,15,Normal
2026-02-13 14:01:15.099204,Toronto-c072,-11,70,Normal
2026-02-13 14:01:16.099204,Toronto-c072,31,99,Normal
2026-02-13 14:01:17.099204,Toronto-c072,-20,13,Normal
2026-02-13 14:01:18.099204,Toronto-c072,6,17,Normal
2026-02-13 14:01:19.099204,Toronto-c072,-14,38,Normal
2026-02-13 14:01:20.099204,Toronto-c072,-8,81,Normal
2026-02-13 14:01:21.099204,Toronto-c072,-14,16,Normal
2026-02-13 14:01:22.099204,Toronto-c072,2,62,Normal
2026-02-13 14:01:23.099204,Toronto-c072,-27,32,Normal
2026-02-13 14:01:24.099204,Toronto-c072,26,30,Normal
2026-02-13 14:01:25.099204,Toronto-c072,-8,30,Normal
2026-02-13 14:01:26.099204,Toronto-c072,-14,25,Normal
2026-02-13 14:01:27.099204,Toronto-c072,29,64,Normal
2026-02-13 14:01:28.099204,Toronto-c072,12,53,Normal
2026-02-13 14:01:29.099204,Toronto-c072,-20,51,Normal
2026-02-13 14:01:30.099204,Toronto-c072,35,17,Normal
2026-02-13 14:01:31.099204,Toronto-c072,19,97,Normal
2026-02-13 14:01:32.099204,Toronto-c072,8,95,Normal
2026-02-13 14:01:33.099204,Toronto-c072,12,2,Normal
2026-02-13 14:01:34.099204,Toronto-c072,40,19,Normal
2026-02-13 14:01:35.099204,Toronto-c072,0,92,Normal
2026-02-13 14:01:36.099204,Toronto-c072,47,45,Normal
2026-02-13 14:01:37.099204,Toronto-c072,49,53,Normal
2026-02-13 14:01:38.099204,Toronto-c072,24,71,Normal
2026-02-13 14:01:39.099204,Toronto-c072,-12,52,Normal
2026-02-13 14:01:40.099204,Toronto-c072,31,38,Normal
2026-02-13 14:01:41.099204,Toronto-c072,9,63,Normal
2026-02-13 14:01:42.099204,Toronto-c072,28,78,Normal
2026-02-13 14:01:43.099204,Toronto-c072,34,41,Normal
2026-02-13 14:01:44.099204,Toronto-c072,44,70,Normal
2026-02-13 14:01:45.099204,Toronto-c072,-11,53,Normal
2026-02-13 14:01:46.099204,Toronto-c072,-25,55,Normal
2026-02-13 14:01:47.099204,Toronto-c072,6,72,Normal
2026-02-13 14:01:48.099204,Toronto-c072,23,18,Normal
2026-02-13 14:01:49.099204,Toronto-c072,11,79,Normal
2026-02-13 14:01:50.099204,Toronto-c072,-4,42,Normal
2026-02-13 14:01:51.099204,Toronto-c072,50,76,Normal
2026-02-13 14:01:52.099204,Toronto-c072,8,89,Normal
2026-02-13 14:01:53.099204,Toronto-c072,22,86,Normal
2026-02-13 14:01:54.099204,Toronto-c072,-28,58,Normal
2026-02-13 14:01:55.099204,Toronto-c072,14,38,Normal
2026-02-13 14:01:56.099204,Toronto-c072,26,58,Normal
2026-02-13 14:01:57.099204,Toronto-c072,-19,19,Normal
2026-02-13 14:01:58.099204,Toronto-c072,44,62,Normal
2026-02-13 14:01:59.099204,Toronto-c072,-12,77,Normal
2026-02-13 14:02:00.099204,Toronto-c072,-17,48,Normal
2026-02-13 14:02:01.099204,Toronto-c072,-3,86,Normal
2026-02-13 14:02:02.099204,Toronto-c072,21,39,Normal
2026-02-13 14:02:03.099204,Toronto-c072,13,25,Normal
2026-02-13 14:02:04.099204,Toronto-c072,23,22,Normal
2026-02-13 14:02:05.099204,Toronto-c072,20,93,Normal
2026-02-13 14:02:06.099204,Toronto-c072,29,44,Normal
2026-02-13 14:02:07.099204,Toronto-c072,-7,32,Normal
2026-02-13 14:02:08.099204,Toronto-c072,-3,16,Normal
2026-02-13 14:02:09.099204,Toronto-c072,15,13,Normal
2026-02-13 14:02:10.099204,Toronto-c072,33,67,Normal
2026-02-13 14:02:11.099204,Toronto-c072,20,67,Normal
2026-02-13 14:02:12.099204,Toronto-c072,20,60,Normal
2026-02-13 14:02:13.099204,Toronto-c072,32,90,Normal
2026-02-13 14:02:14.099204,Toronto-c072,37,87,Normal
2026-02-13 14:02:15.099204,Toronto-c072,-25,37,Normal
2026-02-13 14:02:16.099204,Toronto-c072,21,98,Normal
2026-02-13 14:02:17.099204,Toronto-c072,-12,21,Normal
2026-02-13 14:02:18.099204,Toronto-c072,6,52,Normal
2026-02-13 14:02:19.099204,Toronto-c072,7,40,Normal
2026-02-13 14:02:20.099204,Toronto-c072,-25,94,Normal
2026-02-13 14:02:21.099204,Toronto-c072,4,51,Normal
2026-02-13 14:02:22.099204,Toronto-c072,17,2,Normal
2026-02-13 14:02:23.099204,Toronto-c072,36,13,Normal
2026-02-13 14:02:24.099204,Toronto-c072,10,83,Normal
2026-02-13 14:02:25.099204,Toronto-c072,41,31,Normal
2026-02-13 14:02:26.099204,Toronto-c072,-21,49,Normal
2026-02-13 14:02:27.099204,Toronto-c072,29,1,Normal
2026-02-13 14:02:28.099204,Toronto-c072,-13,36,Normal
2026-02-13 14:02:29.099204,Toronto-c072,48,84,Normal
2026-02-13 14:02:30.099204,Toronto-c072,-30,70,Normal
2026-02-13 14:02:31.099204,Toronto-c072,23,3,Normal
2026-02-13 14:02:32.099204,Toronto-c072,12,72,Normal
2026-02-13 14:02:33.099204,Toronto-c072,13,74,Normal
2026-02-13 14:02:34.099204,Toronto-c072,26,26,Normal
2026-02-13 14:02:35.099204,Toronto-c072,15,59,Normal
2026-02-13 14:02:36.099204,Toronto-c072,-27,65,Normal
2026-02-13 14:02:37.099204,Toronto-c072,-25,59,Normal
2026-02-13 14:02:38.099204,Toronto-c072,46,84,Normal
2026-02-13 14:02:39.099204,Toronto-c072,46,52,Normal
2026-02-13 14:02:40.099204,Toronto-c072,-30,56,Normal
2026-02-13 14:02:41.099204,Toronto-c072,-19,53,Normal
2026-02-13 14:02:42.099204,Toronto-c072,-6,34,Normal
2026-02-13 14:02:43.099204,Toronto-c072,45,31,Normal
2026-02-13 14:02:44.099204,Toronto-c072,20,22,Normal
2026-02-13 14:02:45.099204,Toronto-c072,-8,49,Normal
2026-02-13 14:02:46.099204,Toronto-c072,8,88,Normal
2026-02-13 14:02:47.099204,Toronto-c072,31,86,Normal
2026-02-13 14:02:48.099204,Toronto-c072,-28,38,Normal
2026-02-13 14:02:49.099204,Toronto-c072,28,81,Normal
2026-02-13 14:02:50.099204,Toronto-c072,21,71,Normal
2026-02-13 14:02:51.099204,Toronto-c072,-14,69,Normal
2026-02-13 14:02:52.099204,Toronto-c072,-25,95,Normal
2026-02-13 14:02:53.099204,Toronto-c072,-27,58,Normal
2026-02-13 14:02:54.099204,Toronto-c072,-13,26,Normal
2026-02-13 14:02:55.099204,Toronto-c072,22,80,Normal
2026-02-13 14:02:56.099204,Toronto-c072,0,90,Normal
2026-02-13 14:02:57.099204,Toronto-c072,33,24,Normal
2026-02-13 14:02:58.099204,Toronto-c072,16,66,Normal
2026-02-13 14:02:59.099204,Toronto-c072,45,49,Normal
2026-02-13 14:03:00.099204,Toronto-c072,-6,87,Normal
2026-02-13 14:03:01.099204,Toronto-c072,-25,60,Normal
2026-02-13 14:03:02.099204,Toronto-c072,16,76,Normal
2026-02-13 14:03:03.099204,Toronto-c072,22,49,Normal
2026-02-13 14:03:04.099204,Toronto-c072,-10,89,Normal
2026-02-13 14:03:05.099204,Toronto-c072,14,1,Normal
2026-02-13 14:03:06.099204,Toronto-c072,13,54,Normal
2026-02-13 14:03:07.099204,Toronto-c072,48,53,Normal
2026-02-13 14:03:08.099204,Toronto-c072,27,61,Normal
2026-02-13 14:03:09.099204,Toronto-c072,1,58,Normal
2026-02-13 14:03:10.099204,Toronto-c072,46,42,Normal
2026-02-13 14:03:11.099204,Toronto-c072,-4,97,Normal
2026-02-13 14:03:12.099204,Toronto-c072,-14,45,Normal
2026-02-13 14:03:13.099204,Toronto-c072,48,66,Normal
2026-02-13 14:03:14.099204,Toronto-c072,6,23,Normal
2026-02-13 14:03:15.099204,Toronto-c072,-21,48,Normal
2026-02-13 14:03:16.099204,Toronto-c072,-21,18,Normal
2026-02-13 14:03:17.099204,Toronto-c072,33,61,Normal
2026-02-13 14:03:18.099204,Toronto-c072,-6,31,Normal
2026-02-13 14:03:19.099204,Toronto-c072,-9,96,Normal
2026-02-13 14:03:20.099204,Toronto-c072,-11,45,Normal
2026-02-13 14:03:21.099204,Toronto-c072,29,74,Normal
2026-02-13 14:03:22.099204,Toronto-c072,-29,33,Normal
2026-02-13 14:03:23.099204,Toronto-c072,26,28,Normal
2026-02-13 14:03:24.099204,Toronto-c072,13,71,Normal
2026-02-13 14:03:25.099204,Toronto-c072,35,56,Normal
2026-02-13 14:03:26.099204,Toronto-c072,-8,74,Normal
2026-02-13 14:03:27.099204,Toronto-c072,4,20,Normal
2026-02-13 14:03:28.099204,Toronto-c072,-8,68,Normal
2026-02-13 14:03:29.099204,Toronto-c072,34,10,Normal
2026-02-13 14:03:30.099204,Toronto-c072,-3,85,Normal
2026-02-13 14:03:31.099204,Toronto-c072,4,47,Normal
2026-02-13 14:03:32.099204,Toronto-c072,19,73,Normal
2026-02-13 14:03:33.099204,Toronto-c072,27,38,Normal
2026-02-13 14:03:34.099204,Toronto-c072,0,70,Normal
2026-02-13 14:03:35.099204,Toronto-c072,34,79,Normal
2026-02-13 14:03:36.099204,Toronto-c072,-12,42,Normal
2026-02-13 14:03:37.099204,Toronto-c072,33,95,Normal
2026-02-13 14:03:38.099204,Toronto-c072,17,11,Normal
2026-02-13 14:03:39.099204,Toronto-c072,-15,84,Normal
2026-02-13 14:03:40.099204,Toronto-c072,47,77,Normal
2026-02-13 14:03:41.099204,Toronto-c072,-29,26,Normal
2026-02-13 14:03:42.099204,Toronto-c072,-27,15,Normal
2026-02-13 14:03:43.099204,Toronto-c072,-11,26,Normal
2026-02-13 14:03:44.099204,Toronto-c072,9,50,Normal
2026-02-13 14:03:45.099204,Toronto-c072,-15,71,Normal
2026-02-13 14:03:46.099204,Toronto-c072,-22,41,Normal
2026-02-13 14:03:47.099204,Toronto-c072,26,4,Normal
2026-02-13 14:03:48.099204,Toronto-c072,-25,56,Normal
2026-02-13 14:03:49.099204,Toronto-c072,-15,50,Normal
2026-02-13 14:03:50.099204,Toronto-c072,25,88,Normal
2026-02-13 14:03:51.099204,Toronto-c072,47,87,Normal
2026-02-13 14:03:52.099204,Toronto-c072,-7,38,Normal
2026-02-13 14:03:53.099204,Toronto-c072,20,61,Normal
2026-02-13 14:03:54.099204,Toronto-c072,-11,52,Normal
2026-02-13 14:03:55.099204,Toronto-c072,-24,58,Normal
2026-02-13 14:03:56.099204,Toronto-c072,41,39,Normal
2026-02-13 14:03:57.099204,Toronto-c072,33,93,Normal
2026-02-13 14:03:58.099204,Toronto-c072,12,53,Normal
2026-02-13 14:03:59.099204,Toronto-c072,-25,62,Normal
2026-02-13 14:04:00.099204,Toronto-c072,-3,92,Normal
2026-02-13 14:04:01.099204,Toronto-c072,25,59,Normal
2026-02-13 14:04:02.099204,Toronto-c072,43,88,Normal
2026-02-13 14:04:03.099204,Toronto-c072,31,6,Normal
2026-02-13 14:04:04.099204,Toronto-c072,-18,70,Normal
2026-02-13 14:04:05.099204,Toronto-c072,34,84,Normal
2026-02-13 14:04:06.099204,Toronto-c072,45,9,Normal
2026-02-13 14:04:07.099204,Toronto-c072,43,52,Normal
2026-02-13 14:04:08.099204,Toronto-c072,-13,64,Normal
2026-02-13 14:04:09.099204,Toronto-c072,17,65,Normal
2026-02-13 14:04:10.099204,Toronto-c072,-1,43,Normal
2026-02-13 14:04:11.099204,Toronto-c072,45,7,Normal
2026-02-13 14:04:12.099204,Toronto-c072,32,95,Normal
2026-02-13 14:04:13.099204,Toronto-c072,4,94,Normal
2026-02-13 14:04:14.099204,Toronto-c072,3,55,Normal
2026-02-13 14:04:15.099204,Toronto-c072,13,43,Normal
2026-02-13 14:04:16.099204,Toronto-c072,-26,40,Normal
2026-02-13 14:04:17.099204,Toronto-c072,-25,75,Normal
2026-02-13 14:04:18.099204,Toronto-c072,-24,74,Normal
2026-02-13 14:04:19.099204,Toronto-c072,39,20,Normal
2026-02-13 14:04:20.099204,Toronto-c072,38,98,Normal
2026-02-13 14:04:21.099204,Toronto-c072,-30,86,Normal
2026-02-13 14:04:22.099204,Toronto-c072,-3,81,Normal
2026-02-13 14:04:23.099204,Toronto-c072,-9,62,Normal
2026-02-13 14:04:24.099204,Toronto-c072,47,24,Normal
2026-02-13 14:04:25.099204,Toronto-c072,27,71,Normal
2026-02-13 14:04:26.099204,Toronto-c072,34,45,Normal
2026-02-13 14:04:27.099204,Toronto-c072,-11,27,Normal
2026-02-13 14:04:28.099204,Toronto-c072,-8,29,Normal
2026-02-13 14:04:29.099204,Toronto-c072,40,22,Normal
2026-02-13 14:04:30.099204,Toronto-c072,44,99,Normal
2026-02-13 14:04:31.099204,Toronto-c072,9,37,Normal
2026-02-13 14:04:32.099204,Toronto-c072,-24,30,Normal
2026-02-13 14:04:33.099204,Toronto-c072,9,11,Normal
2026-02-13 14:04:34.099204,Toronto-c072,28,51,Normal
2026-02-13 14:04:35.099204,Toronto-c072,-7,48,Normal
2026-02-13 14:04:36.099204,Toronto-c072,6,13,Normal
2026-02-13 14:04:37.099204,Toronto-c072,11,84,Normal
2026-02-13 14:04:38.099204,Toronto-c072,-23,1,Normal
2026-02-13 14:04:39.099204,Toronto-c072,0,95,Normal
2026-02-13 14:04:40.099204,Toronto-c072,-12,2,Normal
2026-02-13 14:04:41.099204,Toronto-c072,49,68,Normal
2026-02-13 14:04:42.099204,Toronto-c072,44,58,Normal
2026-02-13 14:04:43.099204,Toronto-c072,-8,95,Normal
2026-02-13 14:04:44.099204,Toronto-c072,-17,39,Normal
2026-02-13 14:04:45.099204,Toronto-c072,-14,38,Normal
2026-02-13 14:04:46.099204,Toronto-c072,-25,44,Normal
2026-02-13 14:04:47.099204,Toronto-c072,-25,40,Normal
2026-02-13 14:04:48.099204,Toronto-c072,-17,100,Normal
2026-02-13 14:04:49.099204,Toronto-c072,48,39,Normal
2026-02-13 14:04:50.099204,Toronto-c072,-14,35,Normal
2026-02-13 14:04:51.099204,Toronto-c072,27,10,Normal
2026-02-13 14:04:52.099204,Toronto-c072,-10,12,Normal
2026-02-13 14:04:53.099204,Toronto-c072,42,65,Normal
2026-02-13 14:04:54.099204,Toronto-c072,-23,27,Normal
2026-02-13 14:04:55.099204,Toronto-c072,1,16,Normal
2026-02-13 14:04:56.099204,Toronto-c072,10,97,Normal
2026-02-13 14:04:57.099204,Toronto-c072,-24,71,Normal
2026-02-13 14:04:58.099204,Toronto-c072,47,12,Normal
2026-02-13 14:04:59.099204,Toronto-c072,-27,52,Normal
2026-02-13 14:05:00.099204,Toronto-c072,46,39,Normal
2026-02-13 14:05:01.099204,Toronto-c072,-21,77,Normal
2026-02-13 14:05:02.099204,Toronto-c072,-8,81,Normal
2026-02-13 14:05:03.099204,Toronto-c072,-22,79,Normal
2026-02-13 14:05:04.099204,Toronto-c072,-27,8,Normal
2026-02-13 14:05:05.099204,Toronto-c072,-13,27,Normal
2026-02-13 14:05:06.099204,Toronto-c072,39,75,Normal
2026-02-13 14:05:07.099204,Toronto-c072,50,71,Normal
2026-02-13 14:05:08.099204,Toronto-c072,4,74,Normal
2026-02-13 14:05:09.099204,Toronto-c072,17,10,Normal
2026-02-13 14:05:10.099204,Toronto-c072,45,68,Normal
2026-02-13 14:05:11.099204,Toronto-c072,26,76,Normal
2026-02-13 14:05:12.099204,Toronto-c072,-4,16,Normal
2026-02-13 14:05:13.099204,Toronto-c072,-30,85,Normal
2026-02-13 14:05:14.099204,Toronto-c072,34,95,Normal
2026-02-13 14:05:15.099204,Toronto-c072,40,19,Normal
2026-02-13 14:05:16.099204,Toronto-c072,14,96,Normal
2026-02-13 14:05:17.099204,Toronto-c072,-14,52,Normal
2026-02-13 14:05:18.099204,Toronto-c072,-9,0,Normal
2026-02-13 14:05:19.099204,Toronto-c072,-8,22,Normal
2026-02-13 14:05:20.099204,Toronto-c072,-11,88,Normal
2026-02-13 14:05:21.099204,Toronto-c072,34,59,Normal
2026-02-13 14:05:22.099204,Toronto-c072,18,94,Normal
2026-02-13 14:05:23.099204,Toronto-c072,31,34,Normal
2026-02-13 14:05:24.099204,Toronto-c072,19,72,Normal
2026-02-13 14:05:25.099204,Toronto-c072,9,47,Normal
2026-02-13 14:05:26.099204,Toronto-c072,-19,30,Normal
2026-02-13 14:05:27.099204,Toronto-c072,10,62,Normal
2026-02-13 14:05:28.099204,Toronto-c072,14,6,Normal
2026-02-13 14:05:29.099204,Toronto-c072,16,47,Normal
2026-02-13 14:05:30.099204,Toronto-c072,3,76,Normal
2026-02-13 14:05:31.099204,Toronto-c072,1,46,Normal
2026-02-13 14:05:32.099204,Toronto-c072,44,68,Normal
2026-02-13 14:05:33.099204,Toronto-c072,-15,77,Normal
2026-02-13 14:05:34.099204,Toronto-c072,7,79,Normal
2026-02-13 14:05:35.099204,Toronto-c072,5,83,Normal
2026-02-13 14:05:36.099204,Toronto-c072,50,45,Normal
2026-02-13 14:05:37.099204,Toronto-c072,27,0,Normal
2026-02-13 14:05:38.099204,Toronto-c072,2,50,Normal
2026-02-13 14:05:39.099204,Toronto-c072,-30,90,Normal
2026-02-13 14:05:40.099204,Toronto-c072,-24,54,Normal
2026-02-13 14:05:41.099204,Toronto-c072,-30,51,Normal
2026-02-13 14:05:42.099204,Toronto-c072,30,75,Normal
2026-02-13 14:05:43.099204,Toronto-c072,46,29,Normal
2026-02-13 14:05:44.099204,Toronto-c072,-12,48,Normal
2026-02-13 14:05:45.099204,Toronto-c072,0,84,Normal
2026-02-13 14:05:46.099204,Toronto-c072,-22,97,Normal
2026-02-13 14:05:47.099204,Toronto-c072,-29,16,Normal
2026-02-13 14:05:48.099204,Toronto-c072,13,41,Normal
2026-02-13 14:05:49.099204,Toronto-c072,49,52,Normal
2026-02-13 14:05:50.099204,Toronto-c072,-25,54,Normal
2026-02-13 14:05:51.099204,Toronto-c072,23,34,Normal
2026-02-13 14:05:52.099204,Toronto-c072,10,14,Normal
2026-02-13 14:05:53.099204,Toronto-c072,13,28,Normal
2026-02-13 14:05:54.099204,Toronto-c072,-16,20,Normal
2026-02-13 14:05:55.099204,Toronto-c072,-12,3,Normal
2026-02-13 14:05:56.099204,Toronto-c072,10,85,Normal
2026-02-13 14:05:57.099204,Toronto-c072,16,57,Normal
2026-02-13 14:05:58.099204,Toronto-c072,-1,57,Normal
2026-02-13 14:05:59.099204,Toronto-c072,-6,35,Normal
2026-02-13 14:06:00.099204,Toronto-c072,12,66,Normal
2026-02-13 14:06:01.099204,Toronto-c072,-10,26,Normal
2026-02-13 14:06:02.099204,Toronto-c072,50,78,Normal
2026-02-13 14:06:03.099204,Toronto-c072,25,25,Normal
2026-02-13 14:06:04.099204,Toronto-c072,20,6,Normal
2026-02-13 14:06:05.099204,Toronto-c072,13,16,Normal
2026-02-13 14:06:06.099204,Toronto-c072,23,81,Normal
2026-02-13 14:06:07.099204,Toronto-c072,17,80,Normal
2026-02-13 14:06:08.099204,Toronto-c072,39,32,Normal
2026-02-13 14:06:09.099204,Toronto-c072,31,62,Normal
2026-02-13 14:06:10.099204,Toronto-c072,41,55,Normal
2026-02-13 14:06:11.099204,Toronto-c072,-2,74,Normal
2026-02-13 14:06:12.099204,Toronto-c072,-6,72,Normal
2026-02-13 14:06:13.099204,Toronto-c072,37,1,Normal
2026-02-13 14:06:14.099204,Toronto-c072,47,6,Normal
2026-02-13 14:06:15.099204,Toronto-c072,34,7,Normal
2026-02-13 14:06:16.099204,Toronto-c072,25,27,Normal
2026-02-13 14:06:17.099204,Toronto-c072,19,1,Normal
2026-02-13 14:06:18.099204,Toronto-c072,41,81,Normal
2026-02-13 14:06:19.099204,Toronto-c072,43,27,Normal
2026-02-13 14:06:20.099204,Toronto-c072,46,18,Normal
2026-02-13 14:06:21.099204,Toronto-c072,-3,76,Normal
2026-02-13 14:06:22.099204,Toronto-c072,-11,1,Normal
2026-02-13 14:06:23.099204,Toronto-c072,29,31,Normal
2026-02-13 14:06:24.099204,Toronto-c072,3,8,Normal
2026-02-13 14:06:25.099204,Toronto-c072,-13,48,Normal
2026-02-13 14:06:26.099204,Toronto-c072,-17,66,Normal
2026-02-13 14:06:27.099204,Toronto-c072,38,10,Normal
2026-02-13 14:06:28.099204,Toronto-c072,48,28,Normal
2026-02-13 14:06:29.099204,Toronto-c072,42,42,Normal
2026-02-13 14:06:30.099204,Toronto-c072,-12,89,Normal
2026-02-13 14:06:31.099204,Toronto-c072,20,7,Normal
2026-02-13 14:06:32.099204,Toronto-c072,29,76,Normal
2026-02-13 14:06:33.099204,Toronto-c072,39,62,Normal
2026-02-13 14:06:34.099204,Toronto-c072,49,81,Normal
2026-02-13 14:06:35.099204,Toronto-c072,11,52,Normal
2026-02-13 14:06:36.099204,Toronto-c072,48,18,Normal
2026-02-13 14:06:37.099204,Toronto-c072,-28,14,Normal
2026-02-13 14:06:38.099204,Toronto-c072,31,79,Normal
2026-02-13 14:06:39.099204,Toronto-c072,39,71,Normal
2026-02-13 14:06:40.099204,Toronto-c072,-6,13,Normal
2026-02-13 14:06:41.099204,Toronto-c072,6,61,Normal
2026-02-13 14:06:42.099204,Toronto-c072,38,10,Normal
2026-02-13 14:06:43.099204,Toronto-c072,30,90,Normal
2026-02-13 14:06:44.099204,Toronto-c072,36,70,Normal
2026-02-13 14:06:45.099204,Toronto-c072,15,29,Normal
2026-02-13 14:06:46.099204,Toronto-c072,-23,83,Normal
2026-02-13 14:06:47.099204,Toronto-c072,-19,46,Normal
2026-02-13 14:06:48.099204,Toronto-c072,0,17,Normal
2026-02-13 14:06:49.099204,Toronto-c072,-18,34,Normal
2026-02-13 14:06:50.099204,Toronto-c072,-16,35,Normal
2026-02-13 14:06:51.099204,Toronto-c072,42,35,Normal
2026-02-13 14:06:52.099204,Toronto-c072,45,54,Normal
2026-02-13 14:06:53.099204,Toronto-c072,28,75,Normal
2026-02-13 14:06:54.099204,Toronto-c072,22,77,Normal
2026-02-13 14:06:55.099204,Toronto-c072,8,99,Normal
2026-02-13 14:06:56.099204,Toronto-c072,-11,20,Normal
2026-02-13 14:06:57.099204,Toronto-c072,36,35,Normal
2026-02-13 14:06:58.099204,Toronto-c072,43,13,Normal
2026-02-13 14:06:59.099204,Toronto-c072,7,7,Normal
2026-02-13 14:07:00.099204,Toronto-c072,45,12,Normal
2026-02-13 14:07:01.099204,Toronto-c072,31,77,Normal
2026-02-13 14:07:02.099204,Toronto-c072,13,51,Normal
2026-02-13 14:07:03.099204,Toronto-c072,28,7,Normal
2026-02-13 14:07:04.099204,Toronto-c072,28,45,Normal
2026-02-13 14:07:05.099204,Toronto-c072,1,16,Normal
2026-02-13 14:07:06.099204,Toronto-c072,-12,35,Normal
2026-02-13 14:07:07.099204,Toronto-c072,-9,38,Normal
2026-02-13 14:07:08.099204,Toronto-c072,-3,95,Normal
2026-02-13 14:07:09.099204,Toronto-c072,-3,89,Normal
2026-02-13 14:07:10.099204,Toronto-c072,9,76,Normal
2026-02-13 14:07:11.099204,Toronto-c072,-10,18,Normal
2026-02-13 14:07:12.099204,Toronto-c072,8,18,Normal
2026-02-13 14:07:13.099204,Toronto-c072,-7,6,Normal
2026-02-13 14:07:14.099204,Toronto-c072,40,57,Normal
2026-02-13 14:07:15.099204,Toronto-c072,-6,46,Normal
2026-02-13 14:07:16.099204,Toronto-c072,9,21,Normal
2026-02-13 14:07:17.099204,Toronto-c072,35,8,Normal
2026-02-13 14:07:18.099204,Toronto-c072,24,48,Normal
2026-02-13 14:07:19.099204,Toronto-c072,34,71,Normal
2026-02-13 14:07:20.099204,Toronto-c072,-29,96,Normal
2026-02-13 14:07:21.099204,Toronto-c072,17,59,Normal
2026-02-13 14:07:22.099204,Toronto-c072,-9,56,Normal
2026-02-13 14:07:23.099204,Toronto-c072,-15,11,Normal
2026-02-13 14:07:24.099204,Toronto-c072,-16,70,Normal
2026-02-13 14:07:25.099204,Toronto-c072,2,64,Normal
2026-02-13 14:07:26.099204,Toronto-c072,-28,27,Normal
2026-02-13 14:07:27.099204,Toronto-c072,33,16,Normal
2026-02-13 14:07:28.099204,Toronto-c072,-28,72,Normal
2026-02-13 14:07:29.099204,Toronto-c072,15,33,Normal
2026-02-13 14:07:30.099204,Toronto-c072,-16,81,Normal
2026-02-13 14:07:31.099204,Toronto-c072,-25,70,Normal
2026-02-13 14:07:32.099204,Toronto-c072,-4,4,Normal
2026-02-13 14:07:33.099204,Toronto-c072,33,27,Normal
2026-02-13 14:07:34.099204,Toronto-c072,9,59,Normal
2026-02-13 14:07:35.099204,Toronto-c072,11,31,Normal
2026-02-13 14:07:36.099204,Toronto-c072,41,90,Normal
2026-02-13 14:07:37.099204,Toronto-c072,-26,53,Normal
2026-02-13 14:07:38.099204,Toronto-c072,-24,7,Normal
2026-02-13 14:07:39.099204,Toronto-c072,-25,1,Normal
2026-02-13 14:07:40.099204,Toronto-c072,48,65,Normal
2026-02-13 14:07:41.099204,Toronto-c072,32,78,Normal
2026-02-13 14:07:42.099204,Toronto-c072,20,81,Normal
2026-02-13 14:07:43.099204,Toronto-c072,24,75,Normal
2026-02-13 14:07:44.099204,Toronto-c072,36,28,Normal
2026-02-13 14:07:45.099204,Toronto-c072,15,100,Normal
2026-02-13 14:07:46.099204,Toronto-c072,34,75,Normal
2026-02-13 14:07:47.099204,Toronto-c072,9,32,Normal
2026-02-13 14:07:48.099204,Toronto-c072,13,44,Normal
2026-02-13 14:07:49.099204,Toronto-c072,46,55,Normal
2026-02-13 14:07:50.099204,Toronto-c072,0,20,Normal
2026-02-13 14:07:51.099204,Toronto-c072,-24,97,Normal
2026-02-13 14:07:52.099204,Toronto-c072,-28,29,Normal
2026-02-13 14:07:53.099204,Toronto-c072,-29,8,Normal
2026-02-13 14:07:54.099204,Toronto-c072,48,34,Normal
2026-02-13 14:07:55.099204,Toronto-c072,5,96,Normal
2026-02-13 14:07:56.099204,Toronto-c072,44,91,Normal
2026-02-13 14:07:57.099204,Toronto-c072,17,26,Normal
2026-02-13 14:07:58.099204,Toronto-c072,-30,69,Normal
2026-02-13 14:07:59.099204,Toronto-c072,10,5,Normal
2026-02-13 14:08:00.099204,Toronto-c072,47,63,Normal
2026-02-13 14:08:01.099204,Toronto-c072,9,99,Normal
2026-02-13 14:08:02.099204,Toronto-c072,-17,36,Normal
2026-02-13 14:08:03.099204,Toronto-c072,-25,27,Normal
2026-02-13 14:08:04.099204,Toronto-c072,-26,19,Normal
2026-02-13 14:08:05.099204,Toronto-c072,17,89,Normal
2026-02-13 14:08:06.099204,Toronto-c072,-6,0,Normal
2026-02-13 14:08:07.099204,Toronto-c072,32,78,Normal
2026-02-13 14:08:08.099204,Toronto-c072,44,87,Normal
2026-02-13 14:08:09.099204,Toronto-c072,2,71,Normal
2026-02-13 14:08:10.099204,Toronto-c072,1,14,Normal
2026-02-13 14:08:11.099204,Toronto-c072,30,22,Normal
2026-02-13 14:08:12.099204,Toronto-c072,12,55,Normal
2026-02-13 14:08:13.099204,Toronto-c072,47,48,Normal
2026-02-13 14:08:14.099204,Toronto-c072,2,27,Normal
2026-02-13 14:08:15.099204,Toronto-c072,-9,96,Normal
2026-02-13 14:08:16.099204,Toronto-c072,-16,96,Normal
2026-02-13 14:08:17.099204,Toronto-c072,29,47,Normal
2026-02-13 14:08:18.099204,Toronto-c072,-9,20,Normal
2026-02-13 14:08:19.099204,Toronto-c072,50,40,Normal
2026-02-13 14:08:20.099204,Toronto-c072,-13,83,Normal
2026-02-13 14:08:21.099204,Toronto-c072,9,99,Normal
2026-02-13 14:08:22.099204,Toronto-c072,16,23,Normal
2026-02-13 14:08:23.099204,Toronto-c072,-28,26,Normal
2026-02-13 14:08:24.099204,Toronto-c072,40,32,Normal
2026-02-13 14:08:25.099204,Toronto-c072,23,98,Normal
2026-02-13 14:08:26.099204,Toronto-c072,-2,62,Normal
2026-02-13 14:08:27.099204,Toronto-c072,-26,40,Normal
2026-02-13 14:08:28.099204,Toronto-c072,47,35,Normal
2026-02-13 14:08:29.099204,Toronto-c072,-7,9,Normal
2026-02-13 14:08:30.099204,Toronto-c072,45,3,Normal
2026-02-13 14:08:31.099204,Toronto-c072,12,79,Normal
2026-02-13 14:08:32.099204,Toronto-c072,-17,9,Normal
2026-02-13 14:08:33.099204,Toronto-c072,26,75,Normal
2026-02-13 14:08:34.099204,Toronto-c072,5,19,Normal
2026-02-13 14:08:35.099204,Toronto-c072,-24,36,Normal
2026-02-13 14:08:36.099204,Toronto-c072,2,21,Normal
2026-02-13 14:08:37.099204,Toronto-c072,39,62,Normal
2026-02-13 14:08:38.099204,Toronto-c072,41,86,Normal
2026-02-13 14:08:39.099204,Toronto-c072,-20,38,Normal
2026-02-13 14:08:40.099204,Toronto-c072,43,26,Normal
2026-02-13 14:08:41.099204,Toronto-c072,-23,49,Normal
2026-02-13 14:08:42.099204,Toronto-c072,31,39,Normal
2026-02-13 14:08:43.099204,Toronto-c072,30,67,Normal
2026-02-13 14:08:44.099204,Toronto-c072,-26,56,Normal
2026-02-13 14:08:45.099204,Toronto-c072,9,89,Normal
2026-02-13 14:08:46.099204,Toronto-c072,28,19,Normal
2026-02-13 14:08:47.099204,Toronto-c072,-15,19,Normal
2026-02-13 14:08:48.099204,Toronto-c072,45,67,Normal
2026-02-13 14:08:49.099204,Toronto-c072,-4,37,Normal
2026-02-13 14:08:50.099204,Toronto-c072,-29,56,Normal
2026-02-13 14:08:51.099204,Toronto-c072,-21,21,Normal
2026-02-13 14:08:52.099204,Toronto-c072,37,23,Normal
2026-02-13 14:08:53.099204,Toronto-c072,-1,89,Normal
2026-02-13 14:08:54.099204,Toronto-c072,-3,30,Normal
2026-02-13 14:08:55.099204,Toronto-c072,-11,44,Normal
2026-02-13 14:08:56.099204,Toronto-c072,49,46,Normal
2026-02-13 14:08:57.099204,Toronto-c072,43,6,Normal
2026-02-13 14:08:58.099204,Toronto-c072,1,92,Normal
2026-02-13 14:08:59.099204,Toronto-c072,19,53,Normal
2026-02-13 14:09:00.099204,Toronto-c072,2,91,Normal
2026-02-13 14:09:01.099204,Toronto-c072,-1,67,Normal
2026-02-13 14:09:02.099204,Toronto-c072,29,10,Normal
2026-02-13 14:09:03.099204,Toronto-c072,38,88,Normal
2026-02-13 14:09:04.099204,Toronto-c072,29,79,Normal
2026-02-13 14:09:05.099204,Toronto-c072,4,47,Normal
2026-02-13 14:09:06.099204,Toronto-c072,-29,15,Normal
2026-02-13 14:09:07.099204,Toronto-c072,35,7,Normal
2026-02-13 14:09:08.099204,Toronto-c072,-22,26,Normal
2026-02-13 14:09:09.099204,Toronto-c072,43,79,Normal
2026-02-13 14:09:10.099204,Toronto-c072,16,89,Normal
2026-02-13 14:09:11.099204,Toronto-c072,16,1,Normal
2026-02-13 14:09:12.099204,Toronto-c072,11,47,Normal
2026-02-13 14:09:13.099204,Toronto-c072,29,37,Normal
2026-02-13 14:09:14.099204,Toronto-c072,9,85,Normal
2026-02-13 14:09:15.099204,Toronto-c072,-25,52,Normal
2026-02-13 14:09:16.099204,Toronto-c072,-22,43,Normal
2026-02-13 14:09:17.099204,Toronto-c072,-14,91,Normal
2026-02-13 14:09:18.099204,Toronto-c072,19,56,Normal
2026-02-13 14:09:19.099204,Toronto-c072,-9,75,Normal
2026-02-13 14:09:20.099204,Toronto-c072,29,45,Normal
2026-02-13 14:09:21.099204,Toronto-c072,-4,14,Normal
2026-02-13 14:09:22.099204,Toronto-c072,-8,71,Normal
2026-02-13 14:09:23.099204,Toronto-c072,23,58,Normal
2026-02-13 14:09:24.099204,Toronto-c072,16,22,Normal
2026-02-13 14:09:25.099204,Toronto-c072,-23,16,Normal
2026-02-13 14:09:26.099204,Toronto-c072,33,35,Normal
2026-02-13 14:09:27.099204,Toronto-c072,8,12,Normal
2026-02-13 14:09:28.099204,Toronto-c072,33,15,Normal
2026-02-13 14:09:29.099204,Toronto-c072,-13,60,Normal
2026-02-13 14:09:30.099204,Toronto-c072,-22,90,Normal
2026-02-13 14:09:31.099204,Toronto-c072,34,93,Normal
2026-02-13 14:09:32.099204,Toronto-c072,27,50,Normal
2026-02-13 14:09:33.099204,Toronto-c072,25,93,Normal
2026-02-13 14:09:34.099204,Toronto-c072,38,82,Normal
2026-02-13 14:09:35.099204,Toronto-c072,46,30,Normal
2026-02-13 14:09:36.099204,Toronto-c072,27,43,Normal
2026-02-13 14:09:37.099204,Toronto-c072,25,88,Normal
2026-02-13 14:09:38.099204,Toronto-c072,-2,99,Normal
2026-02-13 14:09:39.099204,Toronto-c072,1,94,Normal
2026-02-13 14:09:40.099204,Toronto-c072,4,78,Normal
2026-02-13 14:09:41.099204,Toronto-c072,28,9,Normal
2026-02-13 14:09:42.099204,Toronto-c072,35,75,Normal
2026-02-13 14:09:43.099204,Toronto-c072,43,60,Normal
2026-02-13 14:09:44.099204,Toronto-c072,0,64,Normal
2026-02-13 14:09:45.099204,Toronto-c072,18,85,Normal
2026-02-13 14:09:46.099204,Toronto-c072,10,1,Normal
2026-02-13 14:09:47.099204,Toronto-c072,11,60,Normal
2026-02-13 14:09:48.099204,Toronto-c072,17,53,Normal
2026-02-13 14:09:49.099204,Toronto-c072,-1,42,Normal
2026-02-13 14:09:50.099204,Toronto-c072,-5,50,Normal
2026-02-13 14:09:51.099204,Toronto-c072,44,18,Normal
2026-02-13 14:09:52.099204,Toronto-c072,30,15,Normal
2026-02-13 14:09:53.099204,Toronto-c072,-26,70,Normal
2026-02-13 14:09:54.099204,Toronto-c072,19,22,Normal
2026-02-13 14:09:55.099204,Toronto-c072,19,9,Normal
2026-02-13 14:09:56.099204,Toronto-c072,35,59,Normal
2026-02-13 14:09:57.099204,Toronto-c072,-15,70,Normal
2026-02-13 14:09:58.099204,Toronto-c072,-3,81,Normal
2026-02-13 14:09:59.099204,Toronto-c072,-25,98,Normal
2026-02-13 14:10:00.099204,Toronto-c072,10,16,Normal
2026-02-13 14:10:01.099204,Toronto-c072,14,79,Normal
2026-02-13 14:10:02.099204,Toronto-c072,45,99,Normal
2026-02-13 14:10:03.099204,Toronto-c072,33,84,Normal
2026-02-13 14:10:04.099204,Toronto-c072,-13,31,Normal
2026-02-13 14:10:05.099204,Toronto-c072,47,34,Normal
2026-02-13 14:10:06.099204,Toronto-c072,4,88,Normal
2026-02-13 14:10:07.099204,Toronto-c072,-29,0,Normal
2026-02-13 14:10:08.099204,Toronto-c072,-22,73,Normal
2026-02-13 14:10:09.099204,Toronto-c072,-24,43,Normal
2026-02-13 14:10:10.099204,Toronto-c072,-26,33,Normal
2026-02-13 14:10:11.099204,Toronto-c072,42,74,Normal
2026-02-13 14:10:12.099204,Toronto-c072,-4,24,Normal
2026-02-13 14:10:13.099204,Toronto-c072,-15,96,Normal
2026-02-13 14:10:14.099204,Toronto-c072,-29,29,Normal
2026-02-13 14:10:15.099204,Toronto-c072,20,20,Normal
2026-02-13 14:10:16.099204,Toronto-c072,32,90,Normal
2026-02-13 14:10:17.099204,Toronto-c072,-27,47,Normal
2026-02-13 14:10:18.099204,Toronto-c072,-12,95,Normal
2026-02-13 14:10:19.099204,Toronto-c072,-17,63,Normal
2026-02-13 14:10:20.099204,Toronto-c072,21,72,Normal
2026-02-13 14:10:21.099204,Toronto-c072,45,81,Normal
2026-02-13 14:10:22.099204,Toronto-c072,-27,3,Normal
2026-02-13 14:10:23.099204,Toronto-c072,24,26,Normal
2026-02-13 14:10:24.099204,Toronto-c072,-17,10,Normal
2026-02-13 14:10:25.099204,Toronto-c072,13,2,Normal
2026-02-13 14:10:26.099204,Toronto-c072,19,50,Normal
2026-02-13 14:10:27.099204,Toronto-c072,-26,89,Normal
2026-02-13 14:10:28.099204,Toronto-c072,30,68,Normal
2026-02-13 14:10:29.099204,Toronto-c072,-23,5,Normal
2026-02-13 14:10:30.099204,Toronto-c072,-14,2,Normal
2026-02-13 14:10:31.099204,Toronto-c072,39,5,Normal
2026-02-13 14:10:32.099204,Toronto-c072,19,48,Normal
2026-02-13 14:10:33.099204,Toronto-c072,40,90,Normal
2026-02-13 14:10:34.099204,Toronto-c072,30,91,Normal
2026-02-13 14:10:35.099204,Toronto-c072,28,65,Normal
2026-02-13 14:10:36.099204,Toronto-c072,-24,45,Normal
2026-02-13 14:10:37.099204,Toronto-c072,32,8,Normal
2026-02-13 14:10:38.099204,Toronto-c072,-20,82,Normal
2026-02-13 14:10:39.099204,Toronto-c072,-8,26,Normal
2026-02-13 14:10:40.099204,Toronto-c072,45,46,Normal
2026-02-13 14:10:41.099204,Toronto-c072,32,87,Normal
2026-02-13 14:10:42.099204,Toronto-c072,-25,84,Normal
2026-02-13 14:10:43.099204,Toronto-c072,50,78,Normal
2026-02-13 14:10:44.099204,Toronto-c072,-19,14,Normal
2026-02-13 14:10:45.099204,Toronto-c072,1,40,Normal
2026-02-13 14:10:46.099204,Toronto-c072,16,76,Normal
2026-02-13 14:10:47.099204,Toronto-c072,45,33,Normal
2026-02-13 14:10:48.099204,Toronto-c072,1,46,Normal
2026-02-13 14:10:49.099204,Toronto-c072,25,69,Normal
2026-02-13 14:10:50.099204,Toronto-c072,-24,58,Normal
2026-02-13 14:10:51.099204,Toronto-c072,9,13,Normal
2026-02-13 14:10:52.099204,Toronto-c072,42,63,Normal
2026-02-13 14:10:53.099204,Toronto-c072,39,56,Normal
2026-02-13 14:10:54.099204,Toronto-c072,30,95,Normal
2026-02-13 14:10:55.099204,Toronto-c072,-25,23,Normal
2026-02-13 14:10:56.099204,Toronto-c072,42,7,Normal
2026-02-13 14:10:57.099204,Toronto-c072,-12,95,Normal
2026-02-13 14:10:58.099204,Toronto-c072,47,9,Normal
2026-02-13 14:10:59.099204,Toronto-c072,-27,13,Normal
2026-02-13 14:11:00.099204,Toronto-c072,3,57,Normal
2026-02-13 14:11:01.099204,Toronto-c072,-1,22,Normal
2026-02-13 14:11:02.099204,Toronto-c072,-12,91,Normal
2026-02-13 14:11:03.099204,Toronto-c072,38,9,Normal
2026-02-13 14:11:04.099204,Toronto-c072,-2,10,Normal
2026-02-13 14:11:05.099204,Toronto-c072,13,67,Normal
2026-02-13 14:11:06.099204,Toronto-c072,-18,65,Normal
2026-02-13 14:11:07.099204,Toronto-c072,-6,31,Normal
2026-02-13 14:11:08.099204,Toronto-c072,17,94,Normal
2026-02-13 14:11:09.099204,Toronto-c072,-22,72,Normal
2026-02-13 14:11:10.099204,Toronto-c072,27,70,Normal
2026-02-13 14:11:11.099204,Toronto-c072,-13,11,Normal
2026-02-13 14:11:12.099204,Toronto-c072,16,21,Normal
2026-02-13 14:11:13.099204,Toronto-c072,37,48,Normal
2026-02-13 14:11:14.099204,Toronto-c072,-2,45,Normal
2026-02-13 14:11:15.099204,Toronto-c072,33,0,Normal
2026-02-13 14:11:16.099204,Toronto-c072,-16,15,Normal
2026-02-13 14:11:17.099204,Toronto-c072,17,7,Normal
2026-02-13 14:11:18.099204,Toronto-c072,14,43,Normal
2026-02-13 14:11:19.099204,Toronto-c072,24,63,Normal
2026-02-13 14:11:20.099204,Toronto-c072,-26,99,Normal
2026-02-13 14:11:21.099204,Toronto-c072,-24,6,Normal
2026-02-13 14:11:22.099204,Toronto-c072,2,33,Normal
2026-02-13 14:11:23.099204,Toronto-c072,46,54,Normal
2026-02-13 14:11:24.099204,Toronto-c072,30,79,Normal
2026-02-13 14:11:25.099204,Toronto-c072,24,87,Normal
2026-02-13 14:11:26.099204,Toronto-c072,13,49,Normal
2026-02-13 14:11:27.099204,Toronto-c072,26,89,Normal
2026-02-13 14:11:28.099204,Toronto-c072,-22,77,Normal
2026-02-13 14:11:29.099204,Toronto-c072,12,100,Normal
2026-02-13 14:11:30.099204,Toronto-c072,10,99,Normal
2026-02-13 14:11:31.099204,Toronto-c072,8,19,Normal
2026-02-13 14:11:32.099204,Toronto-c072,-14,87,Normal
2026-02-13 14:11:33.099204,Toronto-c072,12,62,Normal
2026-02-13 14:11:34.099204,Toronto-c072,-26,71,Normal
2026-02-13 14:11:35.099204,Toronto-c072,41,98,Normal
2026-02-13 14:11:36.099204,Toronto-c072,-5,78,Normal
2026-02-13 14:11:37.099204,Toronto-c072,-9,91,Normal
2026-02-13 14:11:38.099204,Toronto-c072,-6,99,Normal
2026-02-13 14:11:39.099204,Toronto-c072,7,48,Normal
2026-02-13 14:11:40.099204,Toronto-c072,-14,56,Normal
2026-02-13 14:11:41.099204,Toronto-c072,29,33,Normal
2026-02-13 14:11:42.099204,Toronto-c072,44,46,Normal
2026-02-13 14:11:43.099204,Toronto-c072,24,65,Normal
2026-02-13 14:11:44.099204,Toronto-c072,-18,40,Normal
2026-02-13 14:11:45.099204,Toronto-c072,-27,6,Normal
2026-02-13 14:11:46.099204,Toronto-c072,40,73,Normal
2026-02-13 14:11:47.099204,Toronto-c072,45,18,Normal
2026-02-13 14:11:48.099204,Toronto-c072,-11,100,Normal
2026-02-13 14:11:49.099204,Toronto-c072,-24,54,Normal
2026-02-13 14:11:50.099204,Toronto-c072,38,56,Normal
2026-02-13 14:11:51.099204,Toronto-c072,9,13,Normal
2026-02-13 14:11:52.099204,Toronto-c072,18,6,Normal
2026-02-13 14:11:53.099204,Toronto-c072,30,87,Normal
2026-02-13 14:11:54.099204,Toronto-c072,15,18,Normal
2026-02-13 14:11:55.099204,Toronto-c072,-1,43,Normal
2026-02-13 14:11:56.099204,Toronto-c072,10,72,Normal
2026-02-13 14:11:57.099204,Toronto-c072,7,46,Normal
2026-02-13 14:11:58.099204,Toronto-c072,-10,47,Normal
2026-02-13 14:11:59.099204,Toronto-c072,26,70,Normal
2026-02-13 14:12:00.099204,Toronto-c072,7,65,Normal
2026-02-13 14:12:01.099204,Toronto-c072,45,13,Normal
2026-02-13 14:12:02.099204,Toronto-c072,-2,100,Normal
2026-02-13 14:12:03.099204,Toronto-c072,-11,3,Normal
2026-02-13 14:12:04.099204,Toronto-c072,-4,18,Normal
2026-02-13 14:12:05.099204,Toronto-c072,22,85,Normal
2026-02-13 14:12:06.099204,Toronto-c072,-5,95,Normal
2026-02-13 14:12:07.099204,Toronto-c072,-30,11,Normal
2026-02-13 14:12:08.099204,Toronto-c072,-18,29,Normal
2026-02-13 14:12:09.099204,Toronto-c072,-24,44,Normal
2026-02-13 14:12:10.099204,Toronto-c072,-12,86,Normal
2026-02-13 14:12:11.099204,Toronto-c072,-23,69,Normal
2026-02-13 14:12:12.099204,Toronto-c072,39,72,Normal
2026-02-13 14:12:13.099204,Toronto-c072,-19,21,Normal
2026-02-13 14:12:14.099204,Toronto-c072,45,73,Normal
2026-02-13 14:12:15.099204,Toronto-c072,18,57,Normal
2026-02-13 14:12:16.099204,Toronto-c072,36,59,Normal
2026-02-13 14:12:17.099204,Toronto-c072,-20,82,Normal
2026-02-13 14:12:18.099204,Toronto-c072,45,38,Normal
2026-02-13 14:12:19.099204,Toronto-c072,19,85,Normal
2026-02-13 14:12:20.099204,Toronto-c072,15,39,Normal
2026-02-13 14:12:21.099204,Toronto-c072,1,24,Normal
2026-02-13 14:12:22.099204,Toronto-c072,-23,28,Normal
2026-02-13 14:12:23.099204,Toronto-c072,-29,76,Normal
2026-02-13 14:12:24.099204,Toronto-c072,29,14,Normal
2026-02-13 14:12:25.099204,Toronto-c072,1,80,Normal
2026-02-13 14:12:26.099204,Toronto-c072,41,26,Normal
2026-02-13 14:12:27.099204,Toronto-c072,48,24,Normal
2026-02-13 14:12:28.099204,Toronto-c072,-7,68,Normal
2026-02-13 14:12:29.099204,Toronto-c072,-13,59,Normal
2026-02-13 14:12:30.099204,Toronto-c072,1,42,Normal
2026-02-13 14:12:31.099204,Toronto-c072,-13,54,Normal
2026-02-13 14:12:32.099204,Toronto-c072,-8,9,Normal
2026-02-13 14:12:33.099204,Toronto-c072,-4,2,Normal
2026-02-13 14:12:34.099204,Toronto-c072,23,77,Normal
2026-02-13 14:12:35.099204,Toronto-c072,41,68,Normal
2026-02-13 14:12:36.099204,Toronto-c072,-26,57,Normal
2026-02-13 14:12:37.099204,Toronto-c072,37,38,Normal
2026-02-13 14:12:38.099204,Toronto-c072,2,11,Normal
2026-02-13 14:12:39.099204,Toronto-c072,8,59,Normal
2026-02-13 14:12:40.099204,Toronto-c072,-12,90,Normal
2026-02-13 14:12:41.099204,Toronto-c072,32,73,Normal
2026-02-13 14:12:42.099204,Toronto-c072,3,89,Normal
2026-02-13 14:12:43.099204,Toronto-c072,24,21,Normal
2026-02-13 14:12:44.099204,Toronto-c072,41,83,Normal
2026-02-13 14:12:45.099204,Toronto-c072,25,28,Normal
2026-02-13 14:12:46.099204,Toronto-c072,32,67,Normal
2026-02-13 14:12:47.099204,Toronto-c072,36,25,Normal
2026-02-13 14:12:48.099204,Toronto-c072,24,51,Normal
2026-02-13 14:12:49.099204,Toronto-c072,14,82,Normal
2026-02-13 14:12:50.099204,Toronto-c072,-10,39,Normal
2026-02-13 14:12:51.099204,Toronto-c072,10,60,Normal
2026-02-13 14:12:52.099204,Toronto-c072,48,77,Normal
2026-02-13 14:12:53.099204,Toronto-c072,-28,12,Normal
2026-02-13 14:12:54.099204,Toronto-c072,43,58,Normal
2026-02-13 14:12:55.099204,Toronto-c072,-5,53,Normal
2026-02-13 14:12:56.099204,Toronto-c072,-5,14,Normal
2026-02-13 14:12:57.099204,Toronto-c072,5,62,Normal
2026-02-13 14:12:58.099204,Toronto-c072,-16,29,Normal
2026-02-13 14:12:59.099204,Toronto-c072,-15,45,Normal
2026-02-13 14:13:00.099204,Toronto-c072,15,23,Normal
2026-02-13 14:13:01.099204,Toronto-c072,-7,93,Normal
2026-02-13 14:13:02.099204,Toronto-c072,6,89,Normal
2026-02-13 14:13:03.099204,Toronto-c072,1,13,Normal
2026-02-13 14:13:04.099204,Toronto-c072,18,82,Normal
2026-02-13 14:13:05.099204,Toronto-c072,12,13,Normal
2026-02-13 14:13:06.099204,Toronto-c072,42,51,Normal
2026-02-13 14:13:07.099204,Toronto-c072,-5,87,Normal
2026-02-13 14:13:08.099204,Toronto-c072,-30,54,Normal
2026-02-13 14:13:09.099204,Toronto-c072,3,94,Normal
2026-02-13 14:13:10.099204,Toronto-c072,-27,49,Normal
2026-02-13 14:13:11.099204,Toronto-c072,47,15,Normal
2026-02-13 14:13:12.099204,Toronto-c072,32,78,Normal
2026-02-13 14:13:13.099204,Toronto-c072,-7,51,Normal
2026-02-13 14:13:14.099204,Toronto-c072,10,14,Normal
2026-02-13 14:13:15.099204,Toronto-c072,8,80,Normal
2026-02-13 14:13:16.099204,Toronto-c072,30,53,Normal
2026-02-13 14:13:17.099204,Toronto-c072,-3,13,Normal
2026-02-13 14:13:18.099204,Toronto-c072,33,30,Normal
2026-02-13 14:13:19.099204,Toronto-c072,-14,97,Normal
2026-02-13 14:13:20.099204,Toronto-c072,44,55,Normal
2026-02-13 14:13:21.099204,Toronto-c072,20,29,Normal
2026-02-13 14:13:22.099204,Toronto-c072,-13,39,Normal
2026-02-13 14:13:23.099204,Toronto-c072,17,83,Normal
2026-02-13 14:13:24.099204,Toronto-c072,39,13,Normal
2026-02-13 14:13:25.099204,Toronto-c072,13,78,Normal
2026-02-13 14:13:26.099204,Toronto-c072,45,25,Normal
2026-02-13 14:13:27.099204,Toronto-c072,16,38,Normal
2026-02-13 14:13:28.099204,Toronto-c072,49,24,Normal
2026-02-13 14:13:29.099204,Toronto-c072,35,36,Normal
2026-02-13 14:13:30.099204,Toronto-c072,43,73,Normal
2026-02-13 14:13:31.099204,Toronto-c072,17,73,Normal
2026-02-13 14:13:32.099204,Toronto-c072,-8,70,Normal
2026-02-13 14:13:33.099204,Toronto-c072,-1,60,Normal
2026-02-13 14:13:34.099204,Toronto-c072,34,22,Normal
2026-02-13 14:13:35.099204,Toronto-c072,6,67,Normal
2026-02-13 14:13:36.099204,Toronto-c072,44,29,Normal
2026-02-13 14:13:37.099204,Toronto-c072,-24,80,Normal
2026-02-13 14:13:38.099204,Toronto-c072,-2,30,Normal
2026-02-13 14:13:39.099204,Toronto-c072,-9,91,Normal
2026-02-13 14:13:40.099204,Toronto-c072,48,28,Normal
2026-02-13 14:13:41.099204,Toronto-c072,0,75,Normal
2026-02-13 14:13:42.099204,Toronto-c072,11,93,Normal
2026-02-13 14:13:43.099204,Toronto-c072,-10,85,Normal
2026-02-13 14:13:44.099204,Toronto-c072,1,57,Normal
2026-02-13 14:13:45.099204,Toronto-c072,-8,32,Normal
2026-02-13 14:13:46.099204,Toronto-c072,-8,1,Normal
2026-02-13 14:13:47.099204,Toronto-c072,-2,20,Normal
2026-02-13 14:13:48.099204,Toronto-c072,-13,85,Normal
2026-02-13 14:13:49.099204,Toronto-c072,4,48,Normal
2026-02-13 14:13:50.099204,Toronto-c072,4,99,Normal
2026-02-13 14:13:51.099204,Toronto-c072,-13,12,Normal
2026-02-13 14:13:52.099204,Toronto-c072,20,46,Normal
2026-02-13 14:13:53.099204,Toronto-c072,44,36,Normal
2026-02-13 14:13:54.099204,Toronto-c072,32,52,Normal
2026-02-13 14:13:55.099204,Toronto-c072,25,3,Normal
2026-02-13 14:13:56.099204,Toronto-c072,-14,13,Normal
2026-02-13 14:13:57.099204,Toronto-c072,-8,26,Normal
2026-02-13 14:13:58.099204,Toronto-c072,-3,24,Normal
2026-02-13 14:13:59.099204,Toronto-c072,-19,63,Normal
2026-02-13 14:14:00.099204,Toronto-c072,-22,78,Normal
2026-02-13 14:14:01.099204,Toronto-c072,-26,49,Normal
2026-02-13 14:14:02.099204,Toronto-c072,-22,56,Normal
2026-02-13 14:14:03.099204,Toronto-c072,-11,26,Normal
2026-02-13 14:14:04.099204,Toronto-c072,-22,29,Normal
2026-02-13 14:14:05.099204,Toronto-c072,-11,97,Normal
2026-02-13 14:14:06.099204,Toronto-c072,31,76,Normal
2026-02-13 14:14:07.099204,Toronto-c072,1,75,Normal
2026-02-13 14:14:08.099204,Toronto-c072,34,77,Normal
2026-02-13 14:14:09.099204,Toronto-c072,47,78,Normal
2026-02-13 14:14:10.099204,Toronto-c072,33,57,Normal
2026-02-13 14:14:11.099204,Toronto-c072,6,68,Normal
2026-02-13 14:14:12.099204,Toronto-c072,-23,92,Normal
2026-02-13 14:14:13.099204,Toronto-c072,22,37,Normal
2026-02-13 14:14:14.099204,Toronto-c072,40,33,Normal
2026-02-13 14:14:15.099204,Toronto-c072,19,18,Normal
2026-02-13 14:14:16.099204,Toronto-c072,21,84,Normal
2026-02-13 14:14:17.099204,Toronto-c072,8,61,Normal
2026-02-13 14:14:18.099204,Toronto-c072,0,23,Normal
2026-02-13 14:14:19.099204,Toronto-c072,45,62,Normal
2026-02-13 14:14:20.099204,Toronto-c072,-23,44,Normal
2026-02-13 14:14:21.099204,Toronto-c072,19,77,Normal
2026-02-13 14:14:22.099204,Toronto-c072,8,73,Normal
2026-02-13 14:14:23.099204,Toronto-c072,16,28,Normal
2026-02-13 14:14:24.099204,Toronto-c072,18,56,Normal
2026-02-13 14:14:25.099204,Toronto-c072,31,86,Normal
2026-02-13 14:14:26.099204,Toronto-c072,46,54,Normal
2026-02-13 14:14:27.099204,Toronto-c072,34,89,Normal
2026-02-13 14:14:28.099204,Toronto-c072,22,68,Normal
2026-02-13 14:14:29.099204,Toronto-c072,35,26,Normal
2026-02-13 14:14:30.099204,Toronto-c072,-8,64,Normal
2026-02-13 14:14:31.099204,Toronto-c072,4,78,Normal
2026-02-13 14:14:32.099204,Toronto-c072,-14,38,Normal
2026-02-13 14:14:33.099204,Toronto-c072,-11,42,Normal
2026-02-13 14:14:34.099204,Toronto-c072,3,65,Normal
2026-02-13 14:14:35.099204,Toronto-c072,-19,61,Normal
2026-02-13 14:14:36.099204,Toronto-c072,26,31,Normal
2026-02-13 14:14:37.099204,Toronto-c072,-14,47,Normal
2026-02-13 14:14:38.099204,Toronto-c072,37,94,Normal
2026-02-13 14:14:39.099204,Toronto-c072,-20,65,Normal
2026-02-13 14:14:40.099204,Toronto-c072,-5,55,Normal
2026-02-13 14:14:41.099204,Toronto-c072,11,40,Normal
2026-02-13 14:14:42.099204,Toronto-c072,49,38,Normal
2026-02-13 14:14:43.099204,Toronto-c072,6,99,Normal
2026-02-13 14:14:44.099204,Toronto-c072,39,2,Normal
2026-02-13 14:14:45.099204,Toronto-c072,-11,75,Normal
2026-02-13 14:14:46.099204,Toronto-c072,29,49,Normal
2026-02-13 14:14:47.099204,Toronto-c072,-18,19,Normal
2026-02-13 14:14:48.099204,Toronto-c072,11,46,Normal
2026-02-13 14:14:49.099204,Toronto-c072,-16,78,Normal
2026-02-13 14:14:50.099204,Toronto-c072,-18,8,Normal
2026-02-13 14:14:51.099204,Toronto-c072,-19,50,Normal
2026-02-13 14:14:52.099204,Toronto-c072,28,86,Normal
2026-02-13 14:14:53.099204,Toronto-c072,-10,0,Normal
2026-02-13 14:14:54.099204,Toronto-c072,11,98,Normal
2026-02-13 14:14:55.099204,Toronto-c072,17,88,Normal
2026-02-13 14:14:56.099204,Toronto-c072,-10,84,Normal
2026-02-13 14:14:57.099204,Toronto-c072,40,62,Normal
2026-02-13 14:14:58.099204,Toronto-c072,5,61,Normal
2026-02-13 14:14:59.099204,Toronto-c072,-15,39,Normal
2026-02-13 14:15:00.099204,Toronto-c072,42,69,Normal
2026-02-13 14:15:01.099204,Toronto-c072,-1,54,Normal
2026-02-13 14:15:02.099204,Toronto-c072,-1,85,Normal
2026-02-13 14:15:03.099204,Toronto-c072,22,16,Normal
2026-02-13 14:15:04.099204,Toronto-c072,14,35,Normal
2026-02-13 14:15:05.099204,Toronto-c072,46,77,Normal
2026-02-13 14:15:06.099204,Toronto-c072,-28,90,Normal
2026-02-13 14:15:07.099204,Toronto-c072,0,88,Normal
2026-02-13 14:15:08.099204,Toronto-c072,30,8,Normal
2026-02-13 14:15:09.099204,Toronto-c072,-21,27,Normal
2026-02-13 14:15:10.099204,Toronto-c072,1,40,Normal
2026-02-13 14:15:11.099204,Toronto-c072,-8,44,Normal
2026-02-13 14:15:12.099204,Toronto-c072,-12,92,Normal
2026-02-13 14:15:13.099204,Toronto-c072,-3,29,Normal
2026-02-13 14:15:14.099204,Toronto-c072,47,55,Normal
2026-02-13 14:15:15.099204,Toronto-c072,20,49,Normal
2026-02-13 14:15:16.099204,Toronto-c072,-1,59,Normal
2026-02-13 14:15:17.099204,Toronto-c072,-13,29,Normal
2026-02-13 14:15:18.099204,Toronto-c072,45,51,Normal
2026-02-13 14:15:19.099204,Toronto-c072,-6,52,Normal
2026-02-13 14:15:20.099204,Toronto-c072,-22,54,Normal
2026-02-13 14:15:21.099204,Toronto-c072,-24,95,Normal
2026-02-13 14:15:22.099204,Toronto-c072,-29,86,Normal
2026-02-13 14:15:23.099204,Toronto-c072,-29,12,Normal
2026-02-13 14:15:24.099204,Toronto-c072,45,59,Normal
2026-02-13 14:15:25.099204,Toronto-c072,-1,100,Normal
2026-02-13 14:15:26.099204,Toronto-c072,-25,69,Normal
2026-02-13 14:15:27.099204,Toronto-c072,5,79,Normal
2026-02-13 14:15:28.099204,Toronto-c072,1,50,Normal
2026-02-13 14:15:29.099204,Toronto-c072,29,58,Normal
2026-02-13 14:15:30.099204,Toronto-c072,-16,65,Normal
2026-02-13 14:15:31.099204,Toronto-c072,31,52,Normal
2026-02-13 14:15:32.099204,Toronto-c072,-22,71,Normal
2026-02-13 14:15:33.099204,Toronto-c072,12,64,Normal
2026-02-13 14:15:34.099204,Toronto-c072,34,100,Normal
2026-02-13 14:15:35.099204,Toronto-c072,-10,67,Normal
2026-02-13 14:15:36.099204,Toronto-c072,25,51,Normal
2026-02-13 14:15:37.099204,Toronto-c072,2,87,Normal
2026-02-13 14:15:38.099204,Toronto-c072,38,57,Normal
2026-02-13 14:15:39.099204,Toronto-c072,22,53,Normal
2026-02-13 14:15:40.099204,Toronto-c072,35,17,Normal
2026-02-13 14:15:41.099204,Toronto-c072,4,99,Normal
2026-02-13 14:15:42.099204,Toronto-c072,8,79,Normal
2026-02-13 14:15:43.099204,Toronto-c072,-12,91,Normal
2026-02-13 14:15:44.099204,Toronto-c072,43,53,Normal
2026-02-13 14:15:45.099204,Toronto-c072,38,2,Normal
2026-02-13 14:15:46.099204,Toronto-c072,-29,82,Normal
2026-02-13 14:15:47.099204,Toronto-c072,1,81,Normal
2026-02-13 14:15:48.099204,Toronto-c072,25,87,Normal
2026-02-13 14:15:49.099204,Toronto-c072,20,37,Normal
2026-02-13 14:15:50.099204,Toronto-c072,-1,30,Normal
2026-02-13 14:15:51.099204,Toronto-c072,38,56,Normal
2026-02-13 14:15:52.099204,Toronto-c072,-16,24,Normal
2026-02-13 14:15:53.099204,Toronto-c072,-25,65,Normal
2026-02-13 14:15:54.099204,Toronto-c072,-15,58,Normal
2026-02-13 14:15:55.099204,Toronto-c072,-18,94,Normal
2026-02-13 14:15:56.099204,Toronto-c072,7,76,Normal
2026-02-13 14:15:57.099204,Toronto-c072,-17,57,Normal
2026-02-13 14:15:58.099204,Toronto-c072,-6,55,Normal
2026-02-13 14:15:59.099204,Toronto-c072,-22,53,Normal
2026-02-13 14:16:00.099204,Toronto-c072,9,6,Normal
2026-02-13 14:16:01.099204,Toronto-c072,-22,28,Normal
2026-02-13 14:16:02.099204,Toronto-c072,-7,89,Normal
2026-02-13 14:16:03.099204,Toronto-c072,39,39,Normal
2026-02-13 14:16:04.099204,Toronto-c072,-25,50,Normal
2026-02-13 14:16:05.099204,Toronto-c072,-19,14,Normal
2026-02-13 14:16:06.099204,Toronto-c072,16,36,Normal
2026-02-13 14:16:07.099204,Toronto-c072,18,79,Normal
2026-02-13 14:16:08.099204,Toronto-c072,-5,29,Normal
2026-02-13 14:16:09.099204,Toronto-c072,-20,38,Normal
2026-02-13 14:16:10.099204,Toronto-c072,3,86,Normal
2026-02-13 14:16:11.099204,Toronto-c072,-16,62,Normal
2026-02-13 14:16:12.099204,Toronto-c072,23,30,Normal
2026-02-13 14:16:13.099204,Toronto-c072,-22,8,Normal
2026-02-13 14:16:14.099204,Toronto-c072,48,100,Normal
2026-02-13 14:16:15.099204,Toronto-c072,-28,11,Normal
2026-02-13 14:16:16.099204,Toronto-c072,-24,8,Normal
2026-02-13 14:16:17.099204,Toronto-c072,14,92,Normal
2026-02-13 14:16:18.099204,Toronto-c072,-4,99,Normal
2026-02-13 14:16:19.099204,Toronto-c072,-6,6,Normal
2026-02-13 14:16:20.099204,Toronto-c072,36,32,Normal
2026-02-13 14:16:21.099204,Toronto-c072,0,55,Normal
2026-02-13 14:16:22.099204,Toronto-c072,31,33,Normal
2026-02-13 14:16:23.099204,Toronto-c072,-14,30,Normal
2026-02-13 14:16:24.099204,Toronto-c072,39,21,Normal
2026-02-13 14:16:25.099204,Toronto-c072,10,69,Normal
2026-02-13 14:16:26.099204,Toronto-c072,-24,7,Normal
2026-02-13 14:16:27.099204,Toronto-c072,23,73,Normal
2026-02-13 14:16:28.099204,Toronto-c072,-13,37,Normal
2026-02-13 14:16:29.099204,Toronto-c072,9,55,Normal
2026-02-13 14:16:30.099204,Toronto-c072,19,72,Normal
2026-02-13 14:16:31.099204,Toronto-c072,-11,86,Normal
2026-02-13 14:16:32.099204,Toronto-c072,10,82,Normal
2026-02-13 14:16:33.099204,Toronto-c072,-15,80,Normal
2026-02-13 14:16:34.099204,Toronto-c072,-13,74,Normal
2026-02-13 14:16:35.099204,Toronto-c072,18,22,Normal
2026-02-13 14:16:36.099204,Toronto-c072,14,83,Normal
2026-02-13 14:16:37.099204,Toronto-c072,31,36,Normal
2026-02-13 14:16:38.099204,Toronto-c072,2,13,Normal
2026-02-13 14:16:39.099204,Toronto-c072,33,4,Normal
2026-02-13 14:16:40.099204,Toronto-c072,37,20,Normal
2026-02-13 14:16:41.099204,Toronto-c072,-9,51,Normal
2026-02-13 14:16:42.099204,Toronto-c072,1,90,Normal
2026-02-13 14:16:43.099204,Toronto-c072,20,11,Normal
2026-02-13 14:16:44.099204,Toronto-c072,36,62,Normal
2026-02-13 14:16:45.099204,Toronto-c072,0,11,Normal
2026-02-13 14:16:46.099204,Toronto-c072,32,10,Normal
2026-02-13 14:16:47.099204,Toronto-c072,-13,81,Normal
2026-02-13 14:16:48.099204,Toronto-c072,-5,89,Normal
2026-02-13 14:16:49.099204,Toronto-c072,29,85,Normal
2026-02-13 14:16:50.099204,Toronto-c072,-23,66,Normal
2026-02-13 14:16:51.099204,Toronto-c072,44,14,Normal
2026-02-13 14:16:52.099204,Toronto-c072,4,37,Normal
2026-02-13 14:16:53.099204,Toronto-c072,18,26,Normal
2026-02-13 14:16:54.099204,Toronto-c072,-22,82,Normal
2026-02-13 14:16:55.099204,Toronto-c072,-29,87,Normal
2026-02-13 14:16:56.099204,Toronto-c072,29,70,Normal
2026-02-13 14:16:57.099204,Toronto-c072,-27,62,Normal
2026-02-13 14:16:58.099204,Toronto-c072,-28,84,Normal
2026-02-13 14:16:59.099204,Toronto-c072,23,91,Normal
2026-02-13 14:17:00.099204,Toronto-c072,44,9,Normal
2026-02-13 14:17:01.099204,Toronto-c072,-19,40,Normal
2026-02-13 14:17:02.099204,Toronto-c072,43,80,Normal
2026-02-13 14:17:03.099204,Toronto-c072,40,4,Normal
2026-02-13 14:17:04.099204,Toronto-c072,-12,54,Normal
2026-02-13 14:17:05.099204,Toronto-c072,-30,86,Normal
2026-02-13 14:17:06.099204,Toronto-c072,-12,88,Normal
2026-02-13 14:17:07.099204,Toronto-c072,-30,69,Normal
2026-02-13 14:17:08.099204,Toronto-c072,-26,42,Normal
2026-02-13 14:17:09.099204,Toronto-c072,7,14,Normal
2026-02-13 14:17:10.099204,Toronto-c072,-5,20,Normal
2026-02-13 14:17:11.099204,Toronto-c072,8,50,Normal
2026-02-13 14:17:12.099204,Toronto-c072,-8,45,Normal
2026-02-13 14:17:13.099204,Toronto-c072,40,46,Normal
2026-02-13 14:17:14.099204,Toronto-c072,29,31,Normal
2026-02-13 14:17:15.099204,Toronto-c072,5,96,Normal
2026-02-13 14:17:16.099204,Toronto-c072,24,39,Normal
2026-02-13 14:17:17.099204,Toronto-c072,29,1,Normal
2026-02-13 14:17:18.099204,Toronto-c072,3,29,Normal
2026-02-13 14:17:19.099204,Toronto-c072,42,57,Normal
2026-02-13 14:17:20.099204,Toronto-c072,1,3,Normal
2026-02-13 14:17:21.099204,Toronto-c072,28,40,Normal
2026-02-13 14:17:22.099204,Toronto-c072,-17,60,Normal
2026-02-13 14:17:23.099204,Toronto-c072,-2,75,Normal
2026-02-13 14:17:24.099204,Toronto-c072,-22,70,Normal
2026-02-13 14:17:25.099204,Toronto-c072,26,96,Normal
2026-02-13 14:17:26.099204,Toronto-c072,-7,4,Normal
2026-02-13 14:17:27.099204,Toronto-c072,36,49,Normal
2026-02-13 14:17:28.099204,Toronto-c072,11,92,Normal
2026-02-13 14:17:29.099204,Toronto-c072,-10,63,Normal
2026-02-13 14:17:30.099204,Toronto-c072,44,24,Normal
2026-02-13 14:17:31.099204,Toronto-c072,-19,4,Normal
2026-02-13 14:17:32.099204,Toronto-c072,49,64,Normal
2026-02-13 14:17:33.099204,Toronto-c072,14,43,Normal
2026-02-13 14:17:34.099204,Toronto-c072,40,34,Normal
2026-02-13 14:17:35.099204,Toronto-c072,17,73,Normal
2026-02-13 14:17:36.099204,Toronto-c072,35,60,Normal
2026-02-13 14:17:37.099204,Toronto-c072,4,6,Normal
2026-02-13 14:17:38.099204,Toronto-c072,-1,9,Normal
2026-02-13 14:17:39.099204,Toronto-c072,-18,50,Normal
2026-02-13 14:17:40.099204,Toronto-c072,-20,29,Normal
2026-02-13 14:17:41.099204,Toronto-c072,27,59,Normal
2026-02-13 14:17:42.099204,Toronto-c072,-12,26,Normal
2026-02-13 14:17:43.099204,Toronto-c072,17,2,Normal
2026-02-13 14:17:44.099204,Toronto-c072,11,43,Normal
2026-02-13 14:17:45.099204,Toronto-c072,-15,2,Normal
2026-02-13 14:17:46.099204,Toronto-c072,-15,27,Normal
2026-02-13 14:17:47.099204,Toronto-c072,-11,37,Normal
2026-02-13 14:17:48.099204,Toronto-c072,2,56,Normal
2026-02-13 14:17:49.099204,Toronto-c072,45,64,Normal
2026-02-13 14:17:50.099204,Toronto-c072,-16,56,Normal
2026-02-13 14:17:51.099204,Toronto-c072,32,35,Normal
2026-02-13 14:17:52.099204,Toronto-c072,47,72,Normal
2026-02-13 14:17:53.099204,Toronto-c072,-16,52,Normal
2026-02-13 14:17:54.099204,Toronto-c072,-23,68,Normal
2026-02-13 14:17:55.099204,Toronto-c072,22,59,Normal
2026-02-13 14:17:56.099204,Toronto-c072,0,82,Normal
2026-02-13 14:17:57.099204,Toronto-c072,47,13,Normal
2026-02-13 14:17:58.099204,Toronto-c072,23,28,Normal
2026-02-13 14:17:59.099204,Toronto-c072,26,30,Normal
2026-02-13 14:18:00.099204,Toronto-c072,10,57,Normal
2026-02-13 14:18:01.099204,Toronto-c072,22,86,Normal
2026-02-13 14:18:02.099204,Toronto-c072,-4,94,Normal
2026-02-13 14:18:03.099204,Toronto-c072,28,38,Normal
2026-02-13 14:18:04.099204,Toronto-c072,33,67,Normal
2026-02-13 14:18:05.099204,Toronto-c072,49,8,Normal
2026-02-13 14:18:06.099204,Toronto-c072,48,82,Normal
2026-02-13 14:18:07.099204,Toronto-c072,8,54,Normal
2026-02-13 14:18:08.099204,Toronto-c072,22,25,Normal
2026-02-13 14:18:09.099204,Toronto-c072,13,54,Normal
2026-02-13 14:18:10.099204,Toronto-c072,30,60,Normal
2026-02-13 14:18:11.099204,Toronto-c072,34,69,Normal
2026-02-13 14:18:12.099204,Toronto-c072,39,57,Normal
2026-02-13 14:18:13.099204,Toronto-c072,0,40,Normal
2026-02-13 14:18:14.099204,Toronto-c072,29,5,Normal
2026-02-13 14:18:15.099204,Toronto-c072,35,38,Normal
2026-02-13 14:18:16.099204,Toronto-c072,-27,82,Normal
2026-02-13 14:18:17.099204,Toronto-c072,2,76,Normal
2026-02-13 14:18:18.099204,Toronto-c072,28,10,Normal
2026-02-13 14:18:19.099204,Toronto-c072,-15,83,Normal
2026-02-13 14:18:20.099204,Toronto-c072,-8,49,Normal
2026-02-13 14:18:21.099204,Toronto-c072,-23,33,Normal
2026-02-13 14:18:22.099204,Toronto-c072,3,35,Normal
2026-02-13 14:18:23.099204,Toronto-c072,40,13,Normal
2026-02-13 14:18:24.099204,Toronto-c072,40,81,Normal
2026-02-13 14:18:25.099204,Toronto-c072,-18,26,Normal
2026-02-13 14:18:26.099204,Toronto-c072,24,9,Normal
2026-02-13 14:18:27.099204,Toronto-c072,19,22,Normal
2026-02-13 14:18:28.099204,Toronto-c072,-20,81,Normal
2026-02-13 14:18:29.099204,Toronto-c072,-21,59,Normal
2026-02-13 14:18:30.099204,Toronto-c072,1,46,Normal
2026-02-13 14:18:31.099204,Toronto-c072,42,58,Normal
2026-02-13 14:18:32.099204,Toronto-c072,34,62,Normal
2026-02-13 14:18:33.099204,Toronto-c072,47,22,Normal
2026-02-13 14:18:34.099204,Toronto-c072,11,14,Normal
2026-02-13 14:18:35.099204,Toronto-c072,48,16,Normal
2026-02-13 14:18:36.099204,Toronto-c072,29,24,Normal
2026-02-13 14:18:37.099204,Toronto-c072,-21,86,Normal
2026-02-13 14:18:38.099204,Toronto-c072,2,21,Normal
2026-02-13 14:18:39.099204,Toronto-c072,27,40,Normal
2026-02-13 14:18:40.099204,Toronto-c072,-30,30,Normal
2026-02-13 14:18:41.099204,Toronto-c072,21,83,Normal
2026-02-13 14:18:42.099204,Toronto-c072,24,43,Normal
2026-02-13 14:18:43.099204,Toronto-c072,44,44,Normal
2026-02-13 14:18:44.099204,Toronto-c072,28,18,Normal
2026-02-13 14:18:45.099204,Toronto-c072,32,75,Normal
2026-02-13 14:18:46.099204,Toronto-c072,-27,51,Normal
2026-02-13 14:18:47.099204,Toronto-c072,15,60,Normal
2026-02-13 14:18:48.099204,Toronto-c072,31,73,Normal
2026-02-13 14:18:49.099204,Toronto-c072,42,19,Normal
2026-02-13 14:18:50.099204,Toronto-c072,45,64,Normal
2026-02-13 14:18:51.099204,Toronto-c072,7,75,Normal
2026-02-13 14:18:52.099204,Toronto-c072,-7,54,Normal
2026-02-13 14:18:53.099204,Toronto-c072,39,46,Normal
2026-02-13 14:18:54.099204,Toronto-c072,11,1,Normal
2026-02-13 14:18:55.099204,Toronto-c072,-28,69,Normal
2026-02-13 14:18:56.099204,Toronto-c072,-28,81,Normal
2026-02-13 14:18:57.099204,Toronto-c072,29,91,Normal
2026-02-13 14:18:58.099204,Toronto-c072,-27,5,Normal
2026-02-13 14:18:59.099204,Toronto-c072,-19,58,Normal
2026-02-13 14:19:00.099204,Toronto-c072,-5,91,Normal
2026-02-13 14:19:01.099204,Toronto-c072,-23,37,Normal
2026-02-13 14:19:02.099204,Toronto-c072,20,7,Normal
2026-02-13 14:19:03.099204,Toronto-c072,18,83,Normal
2026-02-13 14:19:04.099204,Toronto-c072,29,36,Normal
2026-02-13 14:19:05.099204,Toronto-c072,-18,13,Normal
2026-02-13 14:19:06.099204,Toronto-c072,30,50,Normal
2026-02-13 14:19:07.099204,Toronto-c072,10,28,Normal
2026-02-13 14:19:08.099204,Toronto-c072,-12,71,Normal
2026-02-13 14:19:09.099204,Toronto-c072,15,49,Normal
2026-02-13 14:19:10.099204,Toronto-c072,7,91,Normal
2026-02-13 14:19:11.099204,Toronto-c072,1,73,Normal
2026-02-13 14:19:12.099204,Toronto-c072,2,25,Normal
2026-02-13 14:19:13.099204,Toronto-c072,29,14,Normal
2026-02-13 14:19:14.099204,Toronto-c072,-4,91,Normal
2026-02-13 14:19:15.099204,Toronto-c072,-5,46,Normal
2026-02-13 14:19:16.099204,Toronto-c072,24,59,Normal
2026-02-13 14:19:17.099204,Toronto-c072,-7,4,Normal
2026-02-13 14:19:18.099204,Toronto-c072,0,70,Normal
2026-02-13 14:19:19.099204,Toronto-c072,45,90,Normal
2026-02-13 14:19:20.099204,Toronto-c072,31,45,Normal
2026-02-13 14:19:21.099204,Toronto-c072,-17,21,Normal
2026-02-13 14:19:22.099204,Toronto-c072,-15,21,Normal
2026-02-13 14:19:23.099204,Toronto-c072,-10,47,Normal
2026-02-13 14:19:24.099204,Toronto-c072,-17,20,Normal
2026-02-13 14:19:25.099204,Toronto-c072,32,39,Normal
2026-02-13 14:19:26.099204,Toronto-c072,43,56,Normal
2026-02-13 14:19:27.099204,Toronto-c072,-8,57,Normal
2026-02-13 14:19:28.099204,Toronto-c072,42,18,Normal
2026-02-13 14:19:29.099204,Toronto-c072,23,55,Normal
2026-02-13 14:19:30.099204,Toronto-c072,5,74,Normal
2026-02-13 14:19:31.099204,Toronto-c072,-29,91,Normal
2026-02-13 14:19:32.099204,Toronto-c072,5,21,Normal
2026-02-13 14:19:33.099204,Toronto-c072,-15,96,Normal
2026-02-13 14:19:34.099204,Toronto-c072,29,88,Normal
2026-02-13 14:19:35.099204,Toronto-c072,1,84,Normal
2026-02-13 14:19:36.099204,Toronto-c072,-16,83,Normal
2026-02-13 14:19:37.099204,Toronto-c072,8,27,Normal
2026-02-13 14:19:38.099204,Toronto-c072,-10,22,Normal
2026-02-13 14:19:39.099204,Toronto-c072,-17,76,Normal
2026-02-13 14:19:40.099204,Toronto-c072,50,87,Normal
2026-02-13 14:19:41.099204,Toronto-c072,49,9,Normal
2026-02-13 14:19:42.099204,Toronto-c072,2,58,Normal
2026-02-13 14:19:43.099204,Toronto-c072,16,79,Normal
2026-02-13 14:19:44.099204,Toronto-c072,30,37,Normal
2026-02-13 14:19:45.099204,Toronto-c072,-13,26,Normal
2026-02-13 14:19:46.099204,Toronto-c072,41,62,Normal
2026-02-13 14:19:47.099204,Toronto-c072,2,46,Normal
2026-02-13 14:19:48.099204,Toronto-c072,31,83,Normal
2026-02-13 14:19:49.099204,Toronto-c072,-28,48,Normal
2026-02-13 14:19:50.099204,Toronto-c072,-17,61,Normal
2026-02-13 14:19:51.099204,Toronto-c072,-27,57,Normal
2026-02-13 14:19:52.099204,Toronto-c072,39,93,Normal
2026-02-13 14:19:53.099204,Toronto-c072,-30,88,Normal
2026-02-13 14:19:54.099204,Toronto-c072,-3,96,Normal
2026-02-13 14:19:55.099204,Toronto-c072,6,73,Normal
2026-02-13 14:19:56.099204,Toronto-c072,-26,23,Normal
2026-02-13 14:19:57.099204,Toronto-c072,41,63,Normal
2026-02-13 14:19:58.099204,Toronto-c072,-30,70,Normal
2026-02-13 14:19:59.099204,Toronto-c072,10,23,Normal
2026-02-13 14:20:00.099204,Toronto-c072,31,16,Normal
2026-02-13 14:20:01.099204,Toronto-c072,-15,17,Normal
2026-02-13 14:20:02.099204,Toronto-c072,-22,8,Normal
2026-02-13 14:20:03.099204,Toronto-c072,-22,69,Normal
2026-02-13 14:20:04.099204,Toronto-c072,-25,71,Normal
2026-02-13 14:20:05.099204,Toronto-c072,48,95,Normal
2026-02-13 14:20:06.099204,Toronto-c072,-13,88,Normal
2026-02-13 14:20:07.099204,Toronto-c072,-21,22,Normal
2026-02-13 14:20:08.099204,Toronto-c072,38,68,Normal
2026-02-13 14:20:09.099204,Toronto-c072,-9,23,Normal
2026-02-13 14:20:10.099204,Toronto-c072,34,46,Normal
2026-02-13 14:20:11.099204,Toronto-c072,27,42,Normal
2026-02-13 14:20:12.099204,Toronto-c072,43,96,Normal
2026-02-13 14:20:13.099204,Toronto-c072,-9,67,Normal
2026-02-13 14:20:14.099204,Toronto-c072,1,78,Normal
2026-02-13 14:20:15.099204,Toronto-c072,4,83,Normal
2026-02-13 14:20:16.099204,Toronto-c072,12,82,Normal
2026-02-13 14:20:17.099204,Toronto-c072,-1,4,Normal
2026-02-13 14:20:18.099204,Toronto-c072,2,3,Normal
2026-02-13 14:20:19.099204,Toronto-c072,46,5,Normal
2026-02-13 14:20:20.099204,Toronto-c072,14,37,Normal
2026-02-13 14:20:21.099204,Toronto-c072,31,55,Normal
2026-02-13 14:20:22.099204,Toronto-c072,-1,59,Normal
2026-02-13 14:20:23.099204,Toronto-c072,16,50,Normal
2026-02-13 14:20:24.099204,Toronto-c072,21,60,Normal
2026-02-13 14:20:25.099204,Toronto-c072,17,65,Normal
2026-02-13 14:20:26.099204,Toronto-c072,-29,30,Normal
2026-02-13 14:20:27.099204,Toronto-c072,33,63,Normal
2026-02-13 14:20:28.099204,Toronto-c072,8,98,Normal
2026-02-13 14:20:29.099204,Toronto-c072,-8,1,Normal
2026-02-13 14:20:30.099204,Toronto-c072,30,53,Normal
2026-02-13 14:20:31.099204,Toronto-c072,-25,23,Normal
2026-02-13 14:20:32.099204,Toronto-c072,-1,41,Normal
2026-02-13 14:20:33.099204,Toronto-c072,48,27,Normal
2026-02-13 14:20:34.099204,Toronto-c072,-8,72,Normal
2026-02-13 14:20:35.099204,Toronto-c072,-8,37,Normal
2026-02-13 14:20:36.099204,Toronto-c072,-9,93,Normal
2026-02-13 14:20:37.099204,Toronto-c072,-6,77,Normal
2026-02-13 14:20:38.099204,Toronto-c072,2,48,Normal
2026-02-13 14:20:39.099204,Toronto-c072,-30,96,Normal
2026-02-13 14:20:40.099204,Toronto-c072,-7,50,Normal
2026-02-13 14:20:41.099204,Toronto-c072,4,54,Normal
2026-02-13 14:20:42.099204,Toronto-c072,-20,31,Normal
2026-02-13 14:20:43.099204,Toronto-c072,27,83,Normal
2026-02-13 14:20:44.099204,Toronto-c072,16,25,Normal
2026-02-13 14:20:45.099204,Toronto-c072,1,89,Normal
2026-02-13 14:20:46.099204,Toronto-c072,20,57,Normal
2026-02-13 14:20:47.099204,Toronto-c072,-20,28,Normal
2026-02-13 14:20:48.099204,Toronto-c072,30,98,Normal
2026-02-13 14:20:49.099204,Toronto-c072,-21,86,Normal
2026-02-13 14:20:50.099204,Toronto-c072,50,62,Normal
2026-02-13 14:20:51.099204,Toronto-c072,-24,3,Normal
2026-02-13 14:20:52.099204,Toronto-c072,16,28,Normal
2026-02-13 14:20:53.099204,Toronto-c072,44,30,Normal
2026-02-13 14:20:54.099204,Toronto-c072,-16,42,Normal
2026-02-13 14:20:55.099204,Toronto-c072,21,78,Normal
2026-02-13 14:20:56.099204,Toronto-c072,7,37,Normal
2026-02-13 14:20:57.099204,Toronto-c072,17,81,Normal
2026-02-13 14:20:58.099204,Toronto-c072,28,10,Normal
2026-02-13 14:20:59.099204,Toronto-c072,-12,64,Normal
2026-02-13 14:21:00.099204,Toronto-c072,42,3,Normal
2026-02-13 14:21:01.099204,Toronto-c072,-8,19,Normal
2026-02-13 14:21:02.099204,Toronto-c072,-17,17,Normal
2026-02-13 14:21:03.099204,Toronto-c072,49,47,Normal
2026-02-13 14:21:04.099204,Toronto-c072,5,51,Normal
2026-02-13 14:21:05.099204,Toronto-c072,-1,95,Normal
2026-02-13 14:21:06.099204,Toronto-c072,6,84,Normal
2026-02-13 14:21:07.099204,Toronto-c072,22,80,Normal
2026-02-13 14:21:08.099204,Toronto-c072,-19,82,Normal
2026-02-13 14:21:09.099204,Toronto-c072,-17,62,Normal
2026-02-13 14:21:10.099204,Toronto-c072,-30,51,Normal
2026-02-13 14:21:11.099204,Toronto-c072,41,71,Normal
2026-02-13 14:21:12.099204,Toronto-c072,-27,17,Normal
2026-02-13 14:21:13.099204,Toronto-c072,-7,51,Normal
2026-02-13 14:21:14.099204,Toronto-c072,-18,95,Normal
2026-02-13 14:21:15.099204,Toronto-c072,-26,100,Normal
2026-02-13 14:21:16.099204,Toronto-c072,35,38,Normal
2026-02-13 14:21:17.099204,Toronto-c072,-3,60,Normal
2026-02-13 14:21:18.099204,Toronto-c072,28,29,Normal
2026-02-13 14:21:19.099204,Toronto-c072,26,48,Normal
2026-02-13 14:21:20.099204,Toronto-c072,22,39,Normal
2026-02-13 14:21:21.099204,Toronto-c072,38,17,Normal
2026-02-13 14:21:22.099204,Toronto-c072,13,24,Normal
2026-02-13 14:21:23.099204,Toronto-c072,-18,32,Normal
2026-02-13 14:21:24.099204,Toronto-c072,-24,55,Normal
2026-02-13 14:21:25.099204,Toronto-c072,-24,50,Normal
2026-02-13 14:21:26.099204,Toronto-c072,25,23,Normal
2026-02-13 14:21:27.099204,Toronto-c072,-7,86,Normal
2026-02-13 14:21:28.099204,Toronto-c072,-22,24,Normal
2026-02-13 14:21:29.099204,Toronto-c072,37,21,Normal
2026-02-13 14:21:30.099204,Toronto-c072,20,45,Normal
2026-02-13 14:21:31.099204,Toronto-c072,24,91,Normal
2026-02-13 14:21:32.099204,Toronto-c072,23,88,Normal
2026-02-13 14:21:33.099204,Toronto-c072,-10,46,Normal
2026-02-13 14:21:34.099204,Toronto-c072,26,99,Normal
2026-02-13 14:21:35.099204,Toronto-c072,23,97,Normal
2026-02-13 14:21:36.099204,Toronto-c072,-6,63,Normal
2026-02-13 14:21:37.099204,Toronto-c072,32,84,Normal
2026-02-13 14:21:38.099204,Toronto-c072,29,58,Normal
2026-02-13 14:21:39.099204,Toronto-c072,25,48,Normal
2026-02-13 14:21:40.099204,Toronto-c072,-16,31,Normal
2026-02-13 14:21:41.099204,Toronto-c072,14,39,Normal
2026-02-13 14:21:42.099204,Toronto-c072,14,95,Normal
2026-02-13 14:21:43.099204,Toronto-c072,47,49,Normal
2026-02-13 14:21:44.099204,Toronto-c072,14,8,Normal
2026-02-13 14:21:45.099204,Toronto-c072,7,55,Normal
2026-02-13 14:21:46.099204,Toronto-c072,-17,14,Normal
2026-02-13 14:21:47.099204,Toronto-c072,-16,5,Normal
2026-02-13 14:21:48.099204,Toronto-c072,5,24,Normal
2026-02-13 14:21:49.099204,Toronto-c072,-12,88,Normal
2026-02-13 14:21:50.099204,Toronto-c072,30,2,Normal
2026-02-13 14:21:51.099204,Toronto-c072,35,74,Normal
2026-02-13 14:21:52.099204,Toronto-c072,41,34,Normal
2026-02-13 14:21:53.099204,Toronto-c072,3,69,Normal
2026-02-13 14:21:54.099204,Toronto-c072,-29,87,Normal
2026-02-13 14:21:55.099204,Toronto-c072,-17,64,Normal
2026-02-13 14:21:56.099204,Toronto-c072,34,18,Normal
2026-02-13 14:21:57.099204,Toronto-c072,-3,43,Normal
2026-02-13 14:21:58.099204,Toronto-c072,36,77,Normal
2026-02-13 14:21:59.099204,Toronto-c072,-1,8,Normal
2026-02-13 14:22:00.099204,Toronto-c072,1,46,Normal
2026-02-13 14:22:01.099204,Toronto-c072,-8,74,Normal
2026-02-13 14:22:02.099204,Toronto-c072,19,71,Normal
2026-02-13 14:22:03.099204,Toronto-c072,45,81,Normal
2026-02-13 14:22:04.099204,Toronto-c072,-8,92,Normal
2026-02-13 14:22:05.099204,Toronto-c072,-4,19,Normal
2026-02-13 14:22:06.099204,Toronto-c072,46,37,Normal
2026-02-13 14:22:07.099204,Toronto-c072,45,21,Normal
2026-02-13 14:22:08.099204,Toronto-c072,33,5,Normal
2026-02-13 14:22:09.099204,Toronto-c072,6,87,Normal
2026-02-13 14:22:10.099204,Toronto-c072,-29,65,Normal
2026-02-13 14:22:11.099204,Toronto-c072,11,18,Normal
2026-02-13 14:22:12.099204,Toronto-c072,42,16,Normal
2026-02-13 14:22:13.099204,Toronto-c072,34,11,Normal
2026-02-13 14:22:14.099204,Toronto-c072,33,16,Normal
2026-02-13 14:22:15.099204,Toronto-c072,17,40,Normal
2026-02-13 14:22:16.099204,Toronto-c072,48,33,Normal
2026-02-13 14:22:17.099204,Toronto-c072,-29,69,Normal
2026-02-13 14:22:18.099204,Toronto-c072,-8,57,Normal
2026-02-13 14:22:19.099204,Toronto-c072,11,56,Normal
2026-02-13 14:22:20.099204,Toronto-c072,11,15,Normal
2026-02-13 14:22:21.099204,Toronto-c072,27,1,Normal
2026-02-13 14:22:22.099204,Toronto-c072,48,53,Normal
2026-02-13 14:22:23.099204,Toronto-c072,33,91,Normal
2026-02-13 14:22:24.099204,Toronto-c072,10,35,Normal
2026-02-13 14:22:25.099204,Toronto-c072,-28,4,Normal
2026-02-13 14:22:26.099204,Toronto-c072,-9,74,Normal
2026-02-13 14:22:27.099204,Toronto-c072,35,65,Normal
2026-02-13 14:22:28.099204,Toronto-c072,-24,18,Normal
2026-02-13 14:22:29.099204,Toronto-c072,20,88,Normal
2026-02-13 14:22:30.099204,Toronto-c072,-10,31,Normal
2026-02-13 14:22:31.099204,Toronto-c072,2,44,Normal
2026-02-13 14:22:32.099204,Toronto-c072,-10,3,Normal
2026-02-13 14:22:33.099204,Toronto-c072,11,80,Normal
2026-02-13 14:22:34.099204,Toronto-c072,45,21,Normal
2026-02-13 14:22:35.099204,Toronto-c072,2,60,Normal
2026-02-13 14:22:36.099204,Toronto-c072,15,63,Normal
2026-02-13 14:22:37.099204,Toronto-c072,27,88,Normal
2026-02-13 14:22:38.099204,Toronto-c072,-4,33,Normal
2026-02-13 14:22:39.099204,Toronto-c072,8,86,Normal
2026-02-13 14:22:40.099204,Toronto-c072,19,83,Normal
2026-02-13 14:22:41.099204,Toronto-c072,-12,74,Normal
2026-02-13 14:22:42.099204,Toronto-c072,23,91,Normal
2026-02-13 14:22:43.099204,Toronto-c072,-8,0,Normal
2026-02-13 14:22:44.099204,Toronto-c072,3,93,Normal
2026-02-13 14:22:45.099204,Toronto-c072,33,54,Normal
2026-02-13 14:22:46.099204,Toronto-c072,5,69,Normal
2026-02-13 14:22:47.099204,Toronto-c072,33,57,Normal
2026-02-13 14:22:48.099204,Toronto-c072,-5,97,Normal
2026-02-13 14:22:49.099204,Toronto-c072,33,15,Normal
2026-02-13 14:22:50.099204,Toronto-c072,-3,25,Normal
2026-02-13 14:22:51.099204,Toronto-c072,-27,33,Normal
2026-02-13 14:22:52.099204,Toronto-c072,35,67,Normal
2026-02-13 14:22:53.099204,Toronto-c072,6,91,Normal
2026-02-13 14:22:54.099204,Toronto-c072,2,42,Normal
2026-02-13 14:22:55.099204,Toronto-c072,28,98,Normal
2026-02-13 14:22:56.099204,Toronto-c072,33,62,Normal
2026-02-13 14:22:57.099204,Toronto-c072,-30,82,Normal
2026-02-13 14:22:58.099204,Toronto-c072,40,78,Normal
2026-02-13 14:22:59.099204,Toronto-c072,-26,56,Normal
2026-02-13 14:23:00.099204,Toronto-c072,-23,33,Normal
2026-02-13 14:23:01.099204,Toronto-c072,-12,88,Normal
2026-02-13 14:23:02.099204,Toronto-c072,-23,68,Normal
2026-02-13 14:23:03.099204,Toronto-c072,-5,70,Normal
2026-02-13 14:23:04.099204,Toronto-c072,-22,54,Normal
2026-02-13 14:23:05.099204,Toronto-c072,6,42,Normal
2026-02-13 14:23:06.099204,Toronto-c072,33,80,Normal
2026-02-13 14:23:07.099204,Toronto-c072,47,75,Normal
2026-02-13 14:23:08.099204,Toronto-c072,11,29,Normal
2026-02-13 14:23:09.099204,Toronto-c072,-10,18,Normal
2026-02-13 14:23:10.099204,Toronto-c072,-9,64,Normal
2026-02-13 14:23:11.099204,Toronto-c072,41,40,Normal
2026-02-13 14:23:12.099204,Toronto-c072,-9,35,Normal
2026-02-13 14:23:13.099204,Toronto-c072,11,63,Normal
2026-02-13 14:23:14.099204,Toronto-c072,-8,83,Normal
2026-02-13 14:23:15.099204,Toronto-c072,23,81,Normal
2026-02-13 14:23:16.099204,Toronto-c072,11,55,Normal
2026-02-13 14:23:17.099204,Toronto-c072,29,74,Normal
2026-02-13 14:23:18.099204,Toronto-c072,33,18,Normal
2026-02-13 14:23:19.099204,Toronto-c072,4,97,Normal
2026-02-13 14:23:20.099204,Toronto-c072,-8,39,Normal
2026-02-13 14:23:21.099204,Toronto-c072,-12,0,Normal
2026-02-13 14:23:22.099204,Toronto-c072,45,29,Normal
2026-02-13 14:23:23.099204,Toronto-c072,6,86,Normal
2026-02-13 14:23:24.099204,Toronto-c072,25,61,Normal
2026-02-13 14:23:25.099204,Toronto-c072,46,9,Normal
2026-02-13 14:23:26.099204,Toronto-c072,-9,64,Normal
2026-02-13 14:23:27.099204,Toronto-c072,5,93,Normal
2026-02-13 14:23:28.099204,Toronto-c072,14,92,Normal
2026-02-13 14:23:29.099204,Toronto-c072,14,72,Normal
2026-02-13 14:23:30.099204,Toronto-c072,-22,74,Normal
2026-02-13 14:23:31.099204,Toronto-c072,30,85,Normal
2026-02-13 14:23:32.099204,Toronto-c072,42,23,Normal
2026-02-13 14:23:33.099204,Toronto-c072,-7,53,Normal
2026-02-13 14:23:34.099204,Toronto-c072,42,0,Normal
2026-02-13 14:23:35.099204,Toronto-c072,-8,83,Normal
2026-02-13 14:23:36.099204,Toronto-c072,18,23,Normal
2026-02-13 14:23:37.099204,Toronto-c072,-7,53,Normal
2026-02-13 14:23:38.099204,Toronto-c072,-25,30,Normal
2026-02-13 14:23:39.099204,Toronto-c072,-17,60,Normal
2026-02-13 14:23:40.099204,Toronto-c072,-9,83,Normal
2026-02-13 14:23:41.099204,Toronto-c072,-8,98,Normal
2026-02-13 14:23:42.099204,Toronto-c072,43,16,Normal
2026-02-13 14:23:43.099204,Toronto-c072,26,40,Normal
2026-02-13 14:23:44.099204,Toronto-c072,-24,27,Normal
2026-02-13 14:23:45.099204,Toronto-c072,34,80,Normal
2026-02-13 14:23:46.099204,Toronto-c072,8,19,Normal
2026-02-13 14:23:47.099204,Toronto-c072,41,61,Normal
2026-02-13 14:23:48.099204,Toronto-c072,28,78,Normal
2026-02-13 14:23:49.099204,Toronto-c072,-15,8,Normal
2026-02-13 14:23:50.099204,Toronto-c072,-3,0,Normal
2026-02-13 14:23:51.099204,Toronto-c072,25,95,Normal
2026-02-13 14:23:52.099204,Toronto-c072,-9,15,Normal
2026-02-13 14:23:53.099204,Toronto-c072,31,66,Normal
2026-02-13 14:23:54.099204,Toronto-c072,38,74,Normal
2026-02-13 14:23:55.099204,Toronto-c072,-24,34,Normal
2026-02-13 14:23:56.099204,Toronto-c072,7,38,Normal
2026-02-13 14:23:57.099204,Toronto-c072,46,42,Normal
2026-02-13 14:23:58.099204,Toronto-c072,-23,2,Normal
2026-02-13 14:23:59.099204,Toronto-c072,8,88,Normal
2026-02-13 14:24:00.099204,Toronto-c072,50,99,Normal
2026-02-13 14:24:01.099204,Toronto-c072,23,64,Normal
2026-02-13 14:24:02.099204,Toronto-c072,11,95,Normal
2026-02-13 14:24:03.099204,Toronto-c072,-6,97,Normal
2026-02-13 14:24:04.099204,Toronto-c072,7,11,Normal
2026-02-13 14:24:05.099204,Toronto-c072,27,25,Normal
2026-02-13 14:24:06.099204,Toronto-c072,40,17,Normal
2026-02-13 14:24:07.099204,Toronto-c072,7,90,Normal
2026-02-13 14:24:08.099204,Toronto-c072,-17,35,Normal
2026-02-13 14:24:09.099204,Toronto-c072,4,20,Normal
2026-02-13 14:24:10.099204,Toronto-c072,-12,70,Normal
2026-02-13 14:24:11.099204,Toronto-c072,-23,60,Normal
2026-02-13 14:24:12.099204,Toronto-c072,24,26,Normal
2026-02-13 14:24:13.099204,Toronto-c072,22,32,Normal
2026-02-13 14:24:14.099204,Toronto-c072,17,54,Normal
2026-02-13 14:24:15.099204,Toronto-c072,0,82,Normal
2026-02-13 14:24:16.099204,Toronto-c072,44,75,Normal
2026-02-13 14:24:17.099204,Toronto-c072,25,45,Normal
2026-02-13 14:24:18.099204,Toronto-c072,10,51,Normal
2026-02-13 14:24:19.099204,Toronto-c072,44,54,Normal
2026-02-13 14:24:20.099204,Toronto-c072,14,67,Normal
2026-02-13 14:24:21.099204,Toronto-c072,13,81,Normal
2026-02-13 14:24:22.099204,Toronto-c072,17,82,Normal
2026-02-13 14:24:23.099204,Toronto-c072,-20,35,Normal
2026-02-13 14:24:24.099204,Toronto-c072,40,90,Normal
2026-02-13 14:24:25.099204,Toronto-c072,-4,63,Normal
2026-02-13 14:24:26.099204,Toronto-c072,28,0,Normal
2026-02-13 14:24:27.099204,Toronto-c072,27,84,Normal
2026-02-13 14:24:28.099204,Toronto-c072,-17,26,Normal
2026-02-13 14:24:29.099204,Toronto-c072,49,0,Normal
2026-02-13 14:24:30.099204,Toronto-c072,49,39,Normal
2026-02-13 14:24:31.099204,Toronto-c072,-7,32,Normal
2026-02-13 14:24:32.099204,Toronto-c072,35,16,Normal
2026-02-13 14:24:33.099204,Toronto-c072,38,21,Normal
2026-02-13 14:24:34.099204,Toronto-c072,-21,100,Normal
2026-02-13 14:24:35.099204,Toronto-c072,10,94,Normal
2026-02-13 14:24:36.099204,Toronto-c072,20,94,Normal
2026-02-13 14:24:37.099204,Toronto-c072,13,66,Normal
2026-02-13 14:24:38.099204,Toronto-c072,22,46,Normal
2026-02-13 14:24:39.099204,Toronto-c072,22,10,Normal
2026-02-13 14:24:40.099204,Toronto-c072,-13,45,Normal
2026-02-13 14:24:41.099204,Toronto-c072,20,90,Normal
2026-02-13 14:24:42.099204,Toronto-c072,15,22,Normal
2026-02-13 14:24:43.099204,Toronto-c072,36,66,Normal
2026-02-13 14:24:44.099204,Toronto-c072,-12,64,Normal
2026-02-13 14:24:45.099204,Toronto-c072,49,36,Normal
2026-02-13 14:24:46.099204,Toronto-c072,-3,1,Normal
2026-02-13 14:24:47.099204,Toronto-c072,-8,19,Normal
2026-02-13 14:24:48.099204,Toronto-c072,6,17,Normal
2026-02-13 14:24:49.099204,Toronto-c072,-18,39,Normal
2026-02-13 14:24:50.099204,Toronto-c072,50,26,Normal
2026-02-13 14:24:51.099204,Toronto-c072,-15,64,Normal
2026-02-13 14:24:52.099204,Toronto-c072,23,85,Normal
2026-02-13 14:24:53.099204,Toronto-c072,2,80,Normal
2026-02-13 14:24:54.099204,Toronto-c072,5,3,Normal
2026-02-13 14:24:55.099204,Toronto-c072,-23,47,Normal
2026-02-13 14:24:56.099204,Toronto-c072,12,83,Normal
2026-02-13 14:24:57.099204,Toronto-c072,-27,7,Normal
2026-02-13 14:24:58.099204,Toronto-c072,-23,13,Normal
2026-02-13 14:24:59.099204,Toronto-c072,0,61,Normal
2026-02-13 14:25:00.099204,Toronto-c072,-29,40,Normal
2026-02-13 14:25:01.099204,Toronto-c072,-2,15,Normal
2026-02-13 14:25:02.099204,Toronto-c072,-3,94,Normal
2026-02-13 14:25:03.099204,Toronto-c072,9,96,Normal
2026-02-13 14:25:04.099204,Toronto-c072,11,67,Normal
2026-02-13 14:25:05.099204,Toronto-c072,28,26,Normal
2026-02-13 14:25:06.099204,Toronto-c072,39,92,Normal
2026-02-13 14:25:07.099204,Toronto-c072,5,48,Normal
2026-02-13 14:25:08.099204,Toronto-c072,37,45,Normal
2026-02-13 14:25:09.099204,Toronto-c072,-8,91,Normal
2026-02-13 14:25:10.099204,Toronto-c072,2,6,Normal
2026-02-13 14:25:11.099204,Toronto-c072,38,28,Normal
2026-02-13 14:25:12.099204,Toronto-c072,-17,83,Normal
2026-02-13 14:25:13.099204,Toronto-c072,-12,62,Normal
2026-02-13 14:25:14.099204,Toronto-c072,-1,11,Normal
2026-02-13 14:25:15.099204,Toronto-c072,-28,37,Normal
2026-02-13 14:25:16.099204,Toronto-c072,34,24,Normal
2026-02-13 14:25:17.099204,Toronto-c072,9,49,Normal
2026-02-13 14:25:18.099204,Toronto-c072,23,83,Normal
2026-02-13 14:25:19.099204,Toronto-c072,21,17,Normal
2026-02-13 14:25:20.099204,Toronto-c072,40,57,Normal
2026-02-13 14:25:21.099204,Toronto-c072,25,86,Normal
2026-02-13 14:25:22.099204,Toronto-c072,23,76,Normal
2026-02-13 14:25:23.099204,Toronto-c072,-16,16,Normal
2026-02-13 14:25:24.099204,Toronto-c072,30,30,Normal
2026-02-13 14:25:25.099204,Toronto-c072,7,78,Normal
2026-02-13 14:25:26.099204,Toronto-c072,31,1,Normal
2026-02-13 14:25:27.099204,Toronto-c072,-4,64,Normal
2026-02-13 14:25:28.099204,Toronto-c072,31,58,Normal
2026-02-13 14:25:29.099204,Toronto-c072,-17,26,Normal
2026-02-13 14:25:30.099204,Toronto-c072,16,37,Normal
2026-02-13 14:25:31.099204,Toronto-c072,25,82,Normal
2026-02-13 14:25:32.099204,Toronto-c072,40,70,Normal
2026-02-13 14:25:33.099204,Toronto-c072,11,63,Normal
2026-02-13 14:25:34.099204,Toronto-c072,36,37,Normal
2026-02-13 14:25:35.099204,Toronto-c072,42,28,Normal
2026-02-13 14:25:36.099204,Toronto-c072,-21,18,Normal
2026-02-13 14:25:37.099204,Toronto-c072,30,62,Normal
2026-02-13 14:25:38.099204,Toronto-c072,13,87,Normal
2026-02-13 14:25:39.099204,Toronto-c072,-13,22,Normal
2026-02-13 14:25:40.099204,Toronto-c072,-16,54,Normal
2026-02-13 14:25:41.099204,Toronto-c072,39,73,Normal
2026-02-13 14:25:42.099204,Toronto-c072,39,92,Normal
2026-02-13 14:25:43.099204,Toronto-c072,-9,79,Normal
2026-02-13 14:25:44.099204,Toronto-c072,0,60,Normal
2026-02-13 14:25:45.099204,Toronto-c072,-5,66,Normal
2026-02-13 14:25:46.099204,Toronto-c072,2,58,Normal
2026-02-13 14:25:47.099204,Toronto-c072,-22,20,Normal
2026-02-13 14:25:48.099204,Toronto-c072,46,80,Normal
2026-02-13 14:25:49.099204,Toronto-c072,25,8,Normal
2026-02-13 14:25:50.099204,Toronto-c072,11,1,Normal
2026-02-13 14:25:51.099204,Toronto-c072,-1,96,Normal
2026-02-13 14:25:52.099204,Toronto-c072,7,27,Normal
2026-02-13 14:25:53.099204,Toronto-c072,20,9,Normal
2026-02-13 14:25:54.099204,Toronto-c072,34,91,Normal
2026-02-13 14:25:55.099204,Toronto-c072,-7,21,Normal
2026-02-13 14:25:56.099204,Toronto-c072,-13,24,Normal
2026-02-13 14:25:57.099204,Toronto-c072,3,99,Normal
2026-02-13 14:25:58.099204,Toronto-c072,40,35,Normal
2026-02-13 14:25:59.099204,Toronto-c072,20,6,Normal
2026-02-13 14:26:00.099204,Toronto-c072,47,47,Normal
2026-02-13 14:26:01.099204,Toronto-c072,50,95,Normal
2026-02-13 14:26:02.099204,Toronto-c072,13,26,Normal
2026-02-13 14:26:03.099204,Toronto-c072,-30,63,Normal
2026-02-13 14:26:04.099204,Toronto-c072,29,51,Normal
2026-02-13 14:26:05.099204,Toronto-c072,-24,40,Normal
2026-02-13 14:26:06.099204,Toronto-c072,-4,52,Normal
2026-02-13 14:26:07.099204,Toronto-c072,-2,4,Normal
2026-02-13 14:26:08.099204,Toronto-c072,47,91,Normal
2026-02-13 14:26:09.099204,Toronto-c072,0,56,Normal
2026-02-13 14:26:10.099204,Toronto-c072,10,77,Normal
2026-02-13 14:26:11.099204,Toronto-c072,33,36,Normal
2026-02-13 14:26:12.099204,Toronto-c072,-20,35,Normal
2026-02-13 14:26:13.099204,Toronto-c072,-28,62,Normal
2026-02-13 14:26:14.099204,Toronto-c072,-10,62,Normal
2026-02-13 14:26:15.099204,Toronto-c072,26,86,Normal
2026-02-13 14:26:16.099204,Toronto-c072,21,69,Normal
2026-02-13 14:26:17.099204,Toronto-c072,5,13,Normal
2026-02-13 14:26:18.099204,Toronto-c072,23,72,Normal
2026-02-13 14:26:19.099204,Toronto-c072,8,68,Normal
2026-02-13 14:26:20.099204,Toronto-c072,21,47,Normal
2026-02-13 14:26:21.099204,Toronto-c072,47,36,Normal
2026-02-13 14:26:22.099204,Toronto-c072,31,27,Normal
2026-02-13 14:26:23.099204,Toronto-c072,-25,75,Normal
2026-02-13 14:26:24.099204,Toronto-c072,4,59,Normal
2026-02-13 14:26:25.099204,Toronto-c072,12,74,Normal
2026-02-13 14:26:26.099204,Toronto-c072,-2,72,Normal
2026-02-13 14:26:27.099204,Toronto-c072,2,50,Normal
2026-02-13 14:26:28.099204,Toronto-c072,-28,88,Normal
2026-02-13 14:26:29.099204,Toronto-c072,1,77,Normal
2026-02-13 14:26:30.099204,Toronto-c072,41,25,Normal
2026-02-13 14:26:31.099204,Toronto-c072,-25,45,Normal
2026-02-13 14:26:32.099204,Toronto-c072,-30,57,Normal
2026-02-13 14:26:33.099204,Toronto-c072,0,3,Normal
2026-02-13 14:26:34.099204,Toronto-c072,0,87,Normal
2026-02-13 14:26:35.099204,Toronto-c072,45,1,Normal
2026-02-13 14:26:36.099204,Toronto-c072,20,39,Normal
2026-02-13 14:26:37.099204,Toronto-c072,-16,46,Normal
2026-02-13 14:26:38.099204,Toronto-c072,0,35,Normal
2026-02-13 14:26:39.099204,Toronto-c072,26,1,Normal
2026-02-13 14:26:40.099204,Toronto-c072,17,38,Normal
2026-02-13 14:26:41.099204,Toronto-c072,31,52,Normal
2026-02-13 14:26:42.099204,Toronto-c072,25,69,Normal
2026-02-13 14:26:43.099204,Toronto-c072,-29,18,Normal
2026-02-13 14:26:44.099204,Toronto-c072,10,55,Normal
2026-02-13 14:26:45.099204,Toronto-c072,19,72,Normal
2026-02-13 14:26:46.099204,Toronto-c072,-30,75,Normal
2026-02-13 14:26:47.099204,Toronto-c072,35,63,Normal
2026-02-13 14:26:48.099204,Toronto-c072,20,10,Normal
2026-02-13 14:26:49.099204,Toronto-c072,25,43,Normal
2026-02-13 14:26:50.099204,Toronto-c072,39,82,Normal
2026-02-13 14:26:51.099204,Toronto-c072,-3,20,Normal
2026-02-13 14:26:52.099204,Toronto-c072,38,15,Normal
2026-02-13 14:26:53.099204,Toronto-c072,15,34,Normal
2026-02-13 14:26:54.099204,Toronto-c072,-29,68,Normal
2026-02-13 14:26:55.099204,Toronto-c072,-6,69,Normal
2026-02-13 14:26:56.099204,Toronto-c072,7,8,Normal
2026-02-13 14:26:57.099204,Toronto-c072,38,96,Normal
2026-02-13 14:26:58.099204,Toronto-c072,15,65,Normal
2026-02-13 14:26:59.099204,Toronto-c072,-8,64,Normal
2026-02-13 14:27:00.099204,Toronto-c072,19,72,Normal
2026-02-13 14:27:01.099204,Toronto-c072,11,9,Normal
2026-02-13 14:27:02.099204,Toronto-c072,-16,10,Normal
2026-02-13 14:27:03.099204,Toronto-c072,-16,58,Normal
2026-02-13 14:27:04.099204,Toronto-c072,7,25,Normal
2026-02-13 14:27:05.099204,Toronto-c072,-16,15,Normal
2026-02-13 14:27:06.099204,Toronto-c072,6,69,Normal
2026-02-13 14:27:07.099204,Toronto-c072,29,33,Normal
2026-02-13 14:27:08.099204,Toronto-c072,47,68,Normal
2026-02-13 14:27:09.099204,Toronto-c072,48,35,Normal
2026-02-13 14:27:10.099204,Toronto-c072,33,9,Normal
2026-02-13 14:27:11.099204,Toronto-c072,27,6,Normal
2026-02-13 14:27:12.099204,Toronto-c072,50,31,Normal
2026-02-13 14:27:13.099204,Toronto-c072,19,10,Normal
2026-02-13 14:27:14.099204,Toronto-c072,6,41,Normal
2026-02-13 14:27:15.099204,Toronto-c072,-15,74,Normal
2026-02-13 14:27:16.099204,Toronto-c072,29,11,Normal
2026-02-13 14:27:17.099204,Toronto-c072,-9,89,Normal
2026-02-13 14:27:18.099204,Toronto-c072,13,98,Normal
2026-02-13 14:27:19.099204,Toronto-c072,11,53,Normal
2026-02-13 14:27:20.099204,Toronto-c072,16,21,Normal
2026-02-13 14:27:21.099204,Toronto-c072,-12,88,Normal
2026-02-13 14:27:22.099204,Toronto-c072,-18,47,Normal
2026-02-13 14:27:23.099204,Toronto-c072,-14,64,Normal
2026-02-13 14:27:24.099204,Toronto-c072,19,12,Normal
2026-02-13 14:27:25.099204,Toronto-c072,50,79,Normal
2026-02-13 14:27:26.099204,Toronto-c072,-25,10,Normal
2026-02-13 14:27:27.099204,Toronto-c072,50,63,Normal
2026-02-13 14:27:28.099204,Toronto-c072,35,95,Normal
2026-02-13 14:27:29.099204,Toronto-c072,-23,40,Normal
2026-02-13 14:27:30.099204,Toronto-c072,-24,78,Normal
2026-02-13 14:27:31.099204,Toronto-c072,20,8,Normal
2026-02-13 14:27:32.099204,Toronto-c072,46,33,Normal
2026-02-13 14:27:33.099204,Toronto-c072,9,88,Normal
2026-02-13 14:27:34.099204,Toronto-c072,36,4,Normal
2026-02-13 14:27:35.099204,Toronto-c072,33,4,Normal
2026-02-13 14:27:36.099204,Toronto-c072,1,91,Normal
2026-02-13 14:27:37.099204,Toronto-c072,-7,63,Normal
2026-02-13 14:27:38.099204,Toronto-c072,28,0,Normal
2026-02-13 14:27:39.099204,Toronto-c072,27,97,Normal
2026-02-13 14:27:40.099204,Toronto-c072,-17,12,Normal
2026-02-13 14:27:41.099204,Toronto-c072,-17,83,Normal
2026-02-13 14:27:42.099204,Toronto-c072,9,34,Normal
2026-02-13 14:27:43.099204,Toronto-c072,9,22,Normal
2026-02-13 14:27:44.099204,Toronto-c072,-13,79,Normal
2026-02-13 14:27:45.099204,Toronto-c072,-28,69,Normal
2026-02-13 14:27:46.099204,Toronto-c072,12,44,Normal
2026-02-13 14:27:47.099204,Toronto-c072,33,33,Normal
2026-02-13 14:27:48.099204,Toronto-c072,28,9,Normal
2026-02-13 14:27:49.099204,Toronto-c072,-30,63,Normal
2026-02-13 14:27:50.099204,Toronto-c072,7,23,Normal
2026-02-13 14:27:51.099204,Toronto-c072,6,66,Normal
2026-02-13 14:27:52.099204,Toronto-c072,46,1,Normal
2026-02-13 14:27:53.099204,Toronto-c072,25,19,Normal
2026-02-13 14:27:54.099204,Toronto-c072,20,14,Normal
2026-02-13 14:27:55.099204,Toronto-c072,-3,13,Normal
2026-02-13 14:27:56.099204,Toronto-c072,32,87,Normal
2026-02-13 14:27:57.099204,Toronto-c072,-11,38,Normal
2026-02-13 14:27:58.099204,Toronto-c072,21,35,Normal
2026-02-13 14:27:59.099204,Toronto-c072,-25,47,Normal
2026-02-13 14:28:00.099204,Toronto-c072,1,4,Normal
2026-02-13 14:28:01.099204,Toronto-c072,32,51,Normal
2026-02-13 14:28:02.099204,Toronto-c072,46,13,Normal
2026-02-13 14:28:03.099204,Toronto-c072,-2,40,Normal
2026-02-13 14:28:04.099204,Toronto-c072,2,78,Normal
2026-02-13 14:28:05.099204,Toronto-c072,50,36,Normal
2026-02-13 14:28:06.099204,Toronto-c072,42,72,Normal
2026-02-13 14:28:07.099204,Toronto-c072,-25,23,Normal
2026-02-13 14:28:08.099204,Toronto-c072,-18,9,Normal
2026-02-13 14:28:09.099204,Toronto-c072,-10,41,Normal
2026-02-13 14:28:10.099204,Toronto-c072,26,44,Normal
2026-02-13 14:28:11.099204,Toronto-c072,-25,86,Normal
2026-02-13 14:28:12.099204,Toronto-c072,-29,96,Normal
2026-02-13 14:28:13.099204,Toronto-c072,-13,38,Normal
2026-02-13 14:28:14.099204,Toronto-c072,-2,48,Normal
2026-02-13 14:28:15.099204,Toronto-c072,29,50,Normal
2026-02-13 14:28:16.099204,Toronto-c072,36,61,Normal
2026-02-13 14:28:17.099204,Toronto-c072,40,96,Normal
2026-02-13 14:28:18.099204,Toronto-c072,40,86,Normal
2026-02-13 14:28:19.099204,Toronto-c072,31,38,Normal
2026-02-13 14:28:20.099204,Toronto-c072,0,9,Normal
2026-02-13 14:28:21.099204,Toronto-c072,-14,31,Normal
2026-02-13 14:28:22.099204,Toronto-c072,8,68,Normal
2026-02-13 14:28:23.099204,Toronto-c072,16,77,Normal
2026-02-13 14:28:24.099204,Toronto-c072,-28,71,Normal
2026-02-13 14:28:25.099204,Toronto-c072,23,82,Normal
2026-02-13 14:28:26.099204,Toronto-c072,-24,45,Normal
2026-02-13 14:28:27.099204,Toronto-c072,26,95,Normal
2026-02-13 14:28:28.099204,Toronto-c072,11,28,Normal
2026-02-13 14:28:29.099204,Toronto-c072,6,70,Normal
2026-02-13 14:28:30.099204,Toronto-c072,-29,68,Normal
2026-02-13 14:28:31.099204,Toronto-c072,40,32,Normal
2026-02-13 14:28:32.099204,Toronto-c072,-5,23,Normal
2026-02-13 14:28:33.099204,Toronto-c072,9,50,Normal
2026-02-13 14:28:34.099204,Toronto-c072,18,51,Normal
2026-02-13 14:28:35.099204,Toronto-c072,4,72,Normal
2026-02-13 14:28:36.099204,Toronto-c072,-10,97,Normal
2026-02-13 14:28:37.099204,Toronto-c072,-6,9,Normal
2026-02-13 14:28:38.099204,Toronto-c072,23,9,Normal
2026-02-13 14:28:39.099204,Toronto-c072,-5,90,Normal
2026-02-13 14:28:40.099204,Toronto-c072,46,57,Normal
2026-02-13 14:28:41.099204,Toronto-c072,46,30,Normal
2026-02-13 14:28:42.099204,Toronto-c072,-6,77,Normal
2026-02-13 14:28:43.099204,Toronto-c072,4,100,Normal
2026-02-13 14:28:44.099204,Toronto-c072,22,42,Normal
2026-02-13 14:28:45.099204,Toronto-c072,-6,35,Normal
2026-02-13 14:28:46.099204,Toronto-c072,30,28,Normal
2026-02-13 14:28:47.099204,Toronto-c072,-4,32,Normal
2026-02-13 14:28:48.099204,Toronto-c072,-11,43,Normal
2026-02-13 14:28:49.099204,Toronto-c072,6,8,Normal
2026-02-13 14:28:50.099204,Toronto-c072,-12,37,Normal
2026-02-13 14:28:51.099204,Toronto-c072,35,82,Normal
2026-02-13 14:28:52.099204,Toronto-c072,39,40,Normal
2026-02-13 14:28:53.099204,Toronto-c072,44,44,Normal
2026-02-13 14:28:54.099204,Toronto-c072,-2,4,Normal
2026-02-13 14:28:55.099204,Toronto-c072,19,55,Normal
2026-02-13 14:28:56.099204,Toronto-c072,-24,68,Normal
2026-02-13 14:28:57.099204,Toronto-c072,-14,19,Normal
2026-02-13 14:28:58.099204,Toronto-c072,12,90,Normal
2026-02-13 14:28:59.099204,Toronto-c072,-9,70,Normal
2026-02-13 14:29:00.099204,Toronto-c072,23,63,Normal
2026-02-13 14:29:01.099204,Toronto-c072,40,35,Normal
2026-02-13 14:29:02.099204,Toronto-c072,1,85,Normal
2026-02-13 14:29:03.099204,Toronto-c072,-7,77,Normal
2026-02-13 14:29:04.099204,Toronto-c072,23,78,Normal
2026-02-13 14:29:05.099204,Toronto-c072,4,100,Normal
2026-02-13 14:29:06.099204,Toronto-c072,11,43,Normal
2026-02-13 14:29:07.099204,Toronto-c072,49,88,Normal
2026-02-13 14:29:08.099204,Toronto-c072,11,4,Normal
2026-02-13 14:29:09.099204,Toronto-c072,26,28,Normal
2026-02-13 14:29:10.099204,Toronto-c072,-10,12,Normal
2026-02-13 14:29:11.099204,Toronto-c072,-12,8,Normal
2026-02-13 14:29:12.099204,Toronto-c072,-5,72,Normal
2026-02-13 14:29:13.099204,Toronto-c072,26,53,Normal
2026-02-13 14:29:14.099204,Toronto-c072,-12,74,Normal
2026-02-13 14:29:15.099204,Toronto-c072,-23,24,Normal
2026-02-13 14:29:16.099204,Toronto-c072,8,30,Normal
2026-02-13 14:29:17.099204,Toronto-c072,48,12,Normal
2026-02-13 14:29:18.099204,Toronto-c072,-4,71,Normal
2026-02-13 14:29:19.099204,Toronto-c072,38,67,Normal
2026-02-13 14:29:20.099204,Toronto-c072,-16,54,Normal
2026-02-13 14:29:21.099204,Toronto-c072,5,0,Normal
2026-02-13 14:29:22.099204,Toronto-c072,-2,77,Normal
2026-02-13 14:29:23.099204,Toronto-c072,48,52,Normal
2026-02-13 14:29:24.099204,Toronto-c072,-8,2,Normal
2026-02-13 14:29:25.099204,Toronto-c072,8,72,Normal
2026-02-13 14:29:26.099204,Toronto-c072,43,67,Normal
2026-02-13 14:29:27.099204,Toronto-c072,20,94,Normal
2026-02-13 14:29:28.099204,Toronto-c072,42,100,Normal
2026-02-13 14:29:29.099204,Toronto-c072,0,37,Normal
2026-02-13 14:29:30.099204,Toronto-c072,50,47,Normal
2026-02-13 14:29:31.099204,Toronto-c072,-3,73,Normal
2026-02-13 14:29:32.099204,Toronto-c072,35,27,Normal
2026-02-13 14:29:33.099204,Toronto-c072,49,0,Normal
2026-02-13 14:29:34.099204,Toronto-c072,24,87,Normal
2026-02-13 14:29:35.099204,Toronto-c072,43,70,Normal
2026-02-13 14:29:36.099204,Toronto-c072,-10,45,Normal
2026-02-13 14:29:37.099204,Toronto-c072,-2,64,Normal
2026-02-13 14:29:38.099204,Toronto-c072,23,42,Normal
2026-02-13 14:29:39.099204,Toronto-c072,-7,13,Normal
2026-02-13 14:29:40.099204,Toronto-c072,39,64,Normal
2026-02-13 14:29:41.099204,Toronto-c072,-21,31,Normal
2026-02-13 14:29:42.099204,Toronto-c072,-20,64,Normal
2026-02-13 14:29:43.099204,Toronto-c072,41,37,Normal
2026-02-13 14:29:44.099204,Toronto-c072,30,88,Normal
2026-02-13 14:29:45.099204,Toronto-c072,-11,53,Normal
2026-02-13 14:29:46.099204,Toronto-c072,1,78,Normal
2026-02-13 14:29:47.099204,Toronto-c072,47,61,Normal
2026-02-13 14:29:48.099204,Toronto-c072,-21,40,Normal
2026-02-13 14:29:49.099204,Toronto-c072,-16,33,Normal
2026-02-13 14:29:50.099204,Toronto-c072,-4,42,Normal
2026-02-13 14:29:51.099204,Toronto-c072,-14,52,Normal
2026-02-13 14:29:52.099204,Toronto-c072,-3,26,Normal
2026-02-13 14:29:53.099204,Toronto-c072,-24,98,Normal
2026-02-13 14:29:54.099204,Toronto-c072,-15,48,Normal
2026-02-13 14:29:55.099204,Toronto-c072,44,15,Normal
2026-02-13 14:29:56.099204,Toronto-c072,17,46,Normal
2026-02-13 14:29:57.099204,Toronto-c072,-4,95,Normal
2026-02-13 14:29:58.099204,Toronto-c072,19,84,Normal
2026-02-13 14:29:59.099204,Toronto-c072,34,69,Normal
2026-02-13 14:30:00.099204,Toronto-c072,6,89,Normal
2026-02-13 14:30:01.099204,Toronto-c072,46,29,Normal
2026-02-13 14:30:02.099204,Toronto-c072,20,41,Normal
2026-02-13 14:30:03.099204,Toronto-c072,34,95,Normal
2026-02-13 14:30:04.099204,Toronto-c072,33,25,Normal
2026-02-13 14:30:05.099204,Toronto-c072,31,38,Normal
2026-02-13 14:30:06.099204,Toronto-c072,-25,99,Normal
2026-02-13 14:30:07.099204,Toronto-c072,-17,71,Normal
2026-02-13 14:30:08.099204,Toronto-c072,20,19,Normal
2026-02-13 14:30:09.099204,Toronto-c072,-5,12,Normal
2026-02-13 14:30:10.099204,Toronto-c072,-18,13,Normal
2026-02-13 14:30:11.099204,Toronto-c072,-10,96,Normal
2026-02-13 14:30:12.099204,Toronto-c072,45,38,Normal
2026-02-13 14:30:13.099204,Toronto-c072,18,84,Normal
2026-02-13 14:30:14.099204,Toronto-c072,46,42,Normal
2026-02-13 14:30:15.099204,Toronto-c072,13,57,Normal
2026-02-13 14:30:16.099204,Toronto-c072,17,73,Normal
2026-02-13 14:30:17.099204,Toronto-c072,33,24,Normal
2026-02-13 14:30:18.099204,Toronto-c072,50,53,Normal
2026-02-13 14:30:19.099204,Toronto-c072,-23,2,Normal
2026-02-13 14:30:20.099204,Toronto-c072,10,16,Normal
2026-02-13 14:30:21.099204,Toronto-c072,-13,8,Normal
2026-02-13 14:30:22.099204,Toronto-c072,-11,28,Normal
2026-02-13 14:30:23.099204,Toronto-c072,-16,58,Normal
2026-02-13 14:30:24.099204,Toronto-c072,-28,28,Normal
2026-02-13 14:30:25.099204,Toronto-c072,21,2,Normal
2026-02-13 14:30:26.099204,Toronto-c072,8,18,Normal
2026-02-13 14:30:27.099204,Toronto-c072,1,24,Normal
2026-02-13 14:30:28.099204,Toronto-c072,9,8,Normal
2026-02-13 14:30:29.099204,Toronto-c072,28,48,Normal
2026-02-13 14:30:30.099204,Toronto-c072,4,64,Normal
2026-02-13 14:30:31.099204,Toronto-c072,12,98,Normal
2026-02-13 14:30:32.099204,Toronto-c072,-18,39,Normal
2026-02-13 14:30:33.099204,Toronto-c072,-23,34,Normal
2026-02-13 14:30:34.099204,Toronto-c072,-7,71,Normal
2026-02-13 14:30:35.099204,Toronto-c072,37,65,Normal
2026-02-13 14:30:36.099204,Toronto-c072,37,5,Normal
2026-02-13 14:30:37.099204,Toronto-c072,37,96,Normal
2026-02-13 14:30:38.099204,Toronto-c072,12,79,Normal
2026-02-13 14:30:39.099204,Toronto-c072,7,92,Normal
2026-02-13 14:30:40.099204,Toronto-c072,15,33,Normal
2026-02-13 14:30:41.099204,Toronto-c072,17,76,Normal
2026-02-13 14:30:42.099204,Toronto-c072,-7,58,Normal
2026-02-13 14:30:43.099204,Toronto-c072,39,39,Normal
2026-02-13 14:30:44.099204,Toronto-c072,17,89,Normal
2026-02-13 14:30:45.099204,Toronto-c072,-20,81,Normal
2026-02-13 14:30:46.099204,Toronto-c072,-2,3,Normal
2026-02-13 14:30:47.099204,Toronto-c072,-1,12,Normal
2026-02-13 14:30:48.099204,Toronto-c072,-3,77,Normal
2026-02-13 14:30:49.099204,Toronto-c072,17,8,Normal
2026-02-13 14:30:50.099204,Toronto-c072,-29,60,Normal
2026-02-13 14:30:51.099204,Toronto-c072,34,49,Normal
2026-02-13 14:30:52.099204,Toronto-c072,-18,87,Normal
2026-02-13 14:30:53.099204,Toronto-c072,45,17,Normal
2026-02-13 14:30:54.099204,Toronto-c072,-22,85,Normal
2026-02-13 14:30:55.099204,Toronto-c072,42,52,Normal
2026-02-13 14:30:56.099204,Toronto-c072,-21,2,Normal
2026-02-13 14:30:57.099204,Toronto-c072,-7,61,Normal
2026-02-13 14:30:58.099204,Toronto-c072,7,46,Normal
2026-02-13 14:30:59.099204,Toronto-c072,18,62,Normal
2026-02-13 14:31:00.099204,Toronto-c072,3,27,Normal
2026-02-13 14:31:01.099204,Toronto-c072,-10,58,Normal
2026-02-13 14:31:02.099204,Toronto-c072,31,5,Normal
2026-02-13 14:31:03.099204,Toronto-c072,4,22,Normal
2026-02-13 14:31:04.099204,Toronto-c072,13,37,Normal
2026-02-13 14:31:05.099204,Toronto-c072,-22,58,Normal
2026-02-13 14:31:06.099204,Toronto-c072,48,28,Normal
2026-02-13 14:31:07.099204,Toronto-c072,-20,61,Normal
2026-02-13 14:31:08.099204,Toronto-c072,42,89,Normal
2026-02-13 14:31:09.099204,Toronto-c072,46,72,Normal
2026-02-13 14:31:10.099204,Toronto-c072,5,65,Normal
2026-02-13 14:31:11.099204,Toronto-c072,-12,60,Normal
2026-02-13 14:31:12.099204,Toronto-c072,-22,40,Normal
2026-02-13 14:31:13.099204,Toronto-c072,-9,44,Normal
2026-02-13 14:31:14.099204,Toronto-c072,-30,90,Normal
2026-02-13 14:31:15.099204,Toronto-c072,1,65,Normal
2026-02-13 14:31:16.099204,Toronto-c072,6,89,Normal
2026-02-13 14:31:17.099204,Toronto-c072,30,80,Normal
2026-02-13 14:31:18.099204,Toronto-c072,-17,27,Normal
2026-02-13 14:31:19.099204,Toronto-c072,-26,92,Normal
2026-02-13 14:31:20.099204,Toronto-c072,31,41,Normal
2026-02-13 14:31:21.099204,Toronto-c072,-16,39,Normal
2026-02-13 14:31:22.099204,Toronto-c072,45,81,Normal
2026-02-13 14:31:23.099204,Toronto-c072,-20,12,Normal
2026-02-13 14:31:24.099204,Toronto-c072,14,73,Normal
2026-02-13 14:31:25.099204,Toronto-c072,2,46,Normal
2026-02-13 14:31:26.099204,Toronto-c072,4,57,Normal
2026-02-13 14:31:27.099204,Toronto-c072,4,98,Normal
2026-02-13 14:31:28.099204,Toronto-c072,-23,86,Normal
2026-02-13 14:31:29.099204,Toronto-c072,24,65,Normal
2026-02-13 14:31:30.099204,Toronto-c072,-26,68,Normal
2026-02-13 14:31:31.099204,Toronto-c072,-15,56,Normal
2026-02-13 14:31:32.099204,Toronto-c072,-26,89,Normal
2026-02-13 14:31:33.099204,Toronto-c072,-1,79,Normal
2026-02-13 14:31:34.099204,Toronto-c072,31,97,Normal
2026-02-13 14:31:35.099204,Toronto-c072,-11,46,Normal
2026-02-13 14:31:36.099204,Toronto-c072,22,43,Normal
2026-02-13 14:31:37.099204,Toronto-c072,-2,21,Normal
2026-02-13 14:31:38.099204,Toronto-c072,38,18,Normal
2026-02-13 14:31:39.099204,Toronto-c072,-10,78,Normal
2026-02-13 14:31:40.099204,Toronto-c072,28,64,Normal
2026-02-13 14:31:41.099204,Toronto-c072,-5,45,Normal
2026-02-13 14:31:42.099204,Toronto-c072,28,45,Normal
2026-02-13 14:31:43.099204,Toronto-c072,-27,82,Normal
2026-02-13 14:31:44.099204,Toronto-c072,9,1,Normal
2026-02-13 14:31:45.099204,Toronto-c072,23,11,Normal
2026-02-13 14:31:46.099204,Toronto-c072,37,11,Normal
2026-02-13 14:31:47.099204,Toronto-c072,20,87,Normal
2026-02-13 14:31:48.099204,Toronto-c072,25,46,Normal
2026-02-13 14:31:49.099204,Toronto-c072,14,15,Normal
2026-02-13 14:31:50.099204,Toronto-c072,36,78,Normal
2026-02-13 14:31:51.099204,Toronto-c072,17,76,Normal
2026-02-13 14:31:52.099204,Toronto-c072,16,92,Normal
2026-02-13 14:31:53.099204,Toronto-c072,21,45,Normal
2026-02-13 14:31:54.099204,Toronto-c072,-20,37,Normal
2026-02-13 14:31:55.099204,Toronto-c072,2,46,Normal
2026-02-13 14:31:56.099204,Toronto-c072,43,74,Normal
2026-02-13 14:31:57.099204,Toronto-c072,21,68,Normal
2026-02-13 14:31:58.099204,Toronto-c072,31,84,Normal
2026-02-13 14:31:59.099204,Toronto-c072,-23,80,Normal
2026-02-13 14:32:00.099204,Toronto-c072,-13,27,Normal
2026-02-13 14:32:01.099204,Toronto-c072,44,73,Normal
2026-02-13 14:32:02.099204,Toronto-c072,21,63,Normal
2026-02-13 14:32:03.099204,Toronto-c072,-23,86,Normal
2026-02-13 14:32:04.099204,Toronto-c072,-2,92,Normal
2026-02-13 14:32:05.099204,Toronto-c072,1,76,Normal
2026-02-13 14:32:06.099204,Toronto-c072,24,50,Normal
2026-02-13 14:32:07.099204,Toronto-c072,-3,13,Normal
2026-02-13 14:32:08.099204,Toronto-c072,25,27,Normal
2026-02-13 14:32:09.099204,Toronto-c072,42,43,Normal
2026-02-13 14:32:10.099204,Toronto-c072,-17,82,Normal
2026-02-13 14:32:11.099204,Toronto-c072,-5,69,Normal
2026-02-13 14:32:12.099204,Toronto-c072,39,21,Normal
2026-02-13 14:32:13.099204,Toronto-c072,-7,92,Normal
2026-02-13 14:32:14.099204,Toronto-c072,-5,79,Normal
2026-02-13 14:32:15.099204,Toronto-c072,-1,86,Normal
2026-02-13 14:32:16.099204,Toronto-c072,2,92,Normal
2026-02-13 14:32:17.099204,Toronto-c072,50,80,Normal
2026-02-13 14:32:18.099204,Toronto-c072,8,70,Normal
2026-02-13 14:32:19.099204,Toronto-c072,-10,64,Normal
2026-02-13 14:32:20.099204,Toronto-c072,4,44,Normal
2026-02-13 14:32:21.099204,Toronto-c072,-16,0,Normal
