timestamp,station_id,temp,humid,condition
2026-02-14 13:57:07.935164,Berlin-2695,14,30,Normal
2026-02-14 13:57:08.935164,Berlin-2695,-11,64,Normal
2026-02-14 13:57:09.935164,Berlin-2695,23,3,Normal
2026-02-14 13:57:10.935164,Berlin-2695,19,57,Normal
2026-02-14 13:57:11.935164,Berlin-2695,20,49,Normal
2026-02-14 13:57:12.935164,Berlin-2695,-27,57,Normal
2026-02-14 13:57:13.935164,Berlin-2695,9,94,Normal
2026-02-14 13:57:14.935164,Berlin-2695,38,3,Normal
2026-02-14 13:57:15.935164,Berlin-2695,-30,80,Normal
2026-02-14 13:57:16.935164,Berlin-2695,28,70,Normal
2026-02-14 13:57:17.935164,Berlin-2695,-20,92,Normal
2026-02-14 13:57:18.935164,Berlin-2695,-27,35,Normal
2026-02-14 13:57:19.935164,Berlin-2695,-26,100,Normal
2026-02-14 13:57:20.935164,Berlin-2695,28,17,Normal
2026-02-14 13:57:21.935164,Berlin-2695,14,42,Normal
2026-02-14 13:57:22.935164,Berlin-2695,43,8,Normal
2026-02-14 13:57:23.935164,Berlin-2695,-2,75,Normal
2026-02-14 13:57:24.935164,Berlin-2695,4,8,Normal
2026-02-14 13:57:25.935164,Berlin-2695,-24,26,Normal
2026-02-14 13:57:26.935164,Berlin-2695,-1,20,Normal
2026-02-14 13:57:27.935164,Berlin-2695,-26,42,Normal
2026-02-14 13:57:28.935164,Berlin-2695,-14,85,Normal
2026-02-14 13:57:29.935164,Berlin-2695,-12,81,Normal
2026-02-14 13:57:30.935164,Berlin-2695,-16,30,Normal
2026-02-14 13:57:31.935164,Berlin-2695,2,59,Normal
2026-02-14 13:57:32.935164,Berlin-2695,14,42,Normal
2026-02-14 13:57:33.935164,Berlin-2695,-20,79,Normal
2026-02-14 13:57:34.935164,Berlin-2695,43,47,Normal
2026-02-14 13:57:35.935164,Berlin-2695,-17,100,Normal
2026-02-14 13:57:36.935164,Berlin-2695,12,91,Normal
2026-02-14 13:57:37.935164,Berlin-2695,34,91,Normal
2026-02-14 13:57:38.935164,Berlin-2695,-14,18,Normal
2026-02-14 13:57:39.935164,Berlin-2695,2,93,Normal
2026-02-14 13:57:40.935164,Berlin-2695,29,64,Normal
2026-02-14 13:57:41.935164,Berlin-2695,43,70,Normal
2026-02-14 13:57:42.935164,Berlin-2695,-17,85,Normal
2026-02-14 13:57:43.935164,Berlin-2695,2,68,Normal
2026-02-14 13:57:44.935164,Berlin-2695,-18,5,Normal
2026-02-14 13:57:45.935164,Berlin-2695,10,52,Normal
2026-02-14 13:57:46.935164,Berlin-2695,-3,55,Normal
2026-02-14 13:57:47.935164,Berlin-2695,13,50,Normal
2026-02-14 13:57:48.935164,Berlin-2695,-19,63,Normal
2026-02-14 13:57:49.935164,Berlin-2695,-17,82,Normal
2026-02-14 13:57:50.935164,Berlin-2695,43,18,Normal
2026-02-14 13:57:51.935164,Berlin-2695,-10,3,Normal
2026-02-14 13:57:52.935164,Berlin-2695,12,45,Normal
2026-02-14 13:57:53.935164,Berlin-2695,9,85,Normal
2026-02-14 13:57:54.935164,Berlin-2695,-11,96,Normal
2026-02-14 13:57:55.935164,Berlin-2695,38,74,Normal
2026-02-14 13:57:56.935164,Berlin-2695,2,66,Normal
2026-02-14 13:57:57.935164,Berlin-2695,25,100,Normal
2026-02-14 13:57:58.935164,Berlin-2695,-3,27,Normal
2026-02-14 13:57:59.935164,Berlin-2695,7,95,Normal
2026-02-14 13:58:00.935164,Berlin-2695,-3,76,Normal
2026-02-14 13:58:01.935164,Berlin-2695,50,30,Normal
2026-02-14 13:58:02.935164,Berlin-2695,12,57,Normal
2026-02-14 13:58:03.935164,Berlin-2695,35,38,Normal
2026-02-14 13:58:04.935164,Berlin-2695,-27,13,Normal
2026-02-14 13:58:05.935164,Berlin-2695,-13,21,Normal
2026-02-14 13:58:06.935164,Berlin-2695,47,5,Normal
2026-02-14 13:58:07.935164,Berlin-2695,35,15,Normal
2026-02-14 13:58:08.935164,Berlin-2695,39,45,Normal
2026-02-14 13:58:09.935164,Berlin-2695,46,18,Normal
2026-02-14 13:58:10.935164,Berlin-2695,27,73,Normal
2026-02-14 13:58:11.935164,Berlin-2695,48,88,Normal
2026-02-14 13:58:12.935164,Berlin-2695,-1,18,Normal
2026-02-14 13:58:13.935164,Berlin-2695,25,34,Normal
2026-02-14 13:58:14.935164,Berlin-2695,-15,74,Normal
2026-02-14 13:58:15.935164,Berlin-2695,-5,12,Normal
2026-02-14 13:58:16.935164,Berlin-2695,37,61,Normal
2026-02-14 13:58:17.935164,Berlin-2695,32,56,Normal
2026-02-14 13:58:18.935164,Berlin-2695,14,2,Normal
2026-02-14 13:58:19.935164,Berlin-2695,30,90,Normal
2026-02-14 13:58:20.935164,Berlin-2695,34,99,Normal
2026-02-14 13:58:21.935164,Berlin-2695,-6,52,Normal
2026-02-14 13:58:22.935164,Berlin-2695,-4,39,Normal
2026-02-14 13:58:23.935164,Berlin-2695,-29,85,Normal
2026-02-14 13:58:24.935164,Berlin-2695,-15,39,Normal
2026-02-14 13:58:25.935164,Berlin-2695,39,75,Normal
2026-02-14 13:58:26.935164,Berlin-2695,-4,40,Normal
2026-02-14 13:58:27.935164,Berlin-2695,-30,39,Normal
2026-02-14 13:58:28.935164,Berlin-2695,0,96,Normal
2026-02-14 13:58:29.935164,Berlin-2695,-19,85,Normal
2026-02-14 13:58:30.935164,Berlin-2695,10,52,Normal
2026-02-14 13:58:31.935164,Berlin-2695,48,3,Normal
2026-02-14 13:58:32.935164,Berlin-2695,28,46,Normal
2026-02-14 13:58:33.935164,Berlin-2695,-4,20,Normal
2026-02-14 13:58:34.935164,Berlin-2695,-6,5,Normal
2026-02-14 13:58:35.935164,Berlin-2695,49,5,Normal
2026-02-14 13:58:36.935164,Berlin-2695,20,85,Normal
2026-02-14 13:58:37.935164,Berlin-2695,29,87,Normal
2026-02-14 13:58:38.935164,Berlin-2695,39,82,Normal
2026-02-14 13:58:39.935164,Berlin-2695,48,69,Normal
2026-02-14 13:58:40.935164,Berlin-2695,12,14,Normal
2026-02-14 13:58:41.935164,Berlin-2695,-8,61,Normal
2026-02-14 13:58:42.935164,Berlin-2695,-9,60,Normal
2026-02-14 13:58:43.935164,Berlin-2695,50,88,Normal
2026-02-14 13:58:44.935164,Berlin-2695,32,25,Normal
2026-02-14 13:58:45.935164,Berlin-2695,22,37,Normal
2026-02-14 13:58:46.935164,Berlin-2695,-11,60,Normal
2026-02-14 13:58:47.935164,Berlin-2695,-10,34,Normal
2026-02-14 13:58:48.935164,Berlin-2695,43,89,Normal
2026-02-14 13:58:49.935164,Berlin-2695,2,30,Normal
2026-02-14 13:58:50.935164,Berlin-2695,-1,54,Normal
2026-02-14 13:58:51.935164,Berlin-2695,-28,15,Normal
2026-02-14 13:58:52.935164,Berlin-2695,13,44,Normal
2026-02-14 13:58:53.935164,Berlin-2695,-27,12,Normal
2026-02-14 13:58:54.935164,Berlin-2695,-15,53,Normal
2026-02-14 13:58:55.935164,Berlin-2695,37,76,Normal
2026-02-14 13:58:56.935164,Berlin-2695,10,12,Normal
2026-02-14 13:58:57.935164,Berlin-2695,42,8,Normal
2026-02-14 13:58:58.935164,Berlin-2695,-4,50,Normal
2026-02-14 13:58:59.935164,Berlin-2695,46,9,Normal
2026-02-14 13:59:00.935164,Berlin-2695,16,86,Normal
2026-02-14 13:59:01.935164,Berlin-2695,-30,22,Normal
2026-02-14 13:59:02.935164,Berlin-2695,20,59,Normal
2026-02-14 13:59:03.935164,Berlin-2695,1,72,Normal
2026-02-14 13:59:04.935164,Berlin-2695,2,57,Normal
2026-02-14 13:59:05.935164,Berlin-2695,18,38,Normal
2026-02-14 13:59:06.935164,Berlin-2695,50,15,Normal
2026-02-14 13:59:07.935164,Berlin-2695,49,36,Normal
2026-02-14 13:59:08.935164,Berlin-2695,-11,37,Normal
2026-02-14 13:59:09.935164,Berlin-2695,44,90,Normal
2026-02-14 13:59:10.935164,Berlin-2695,-12,48,Normal
2026-02-14 13:59:11.935164,Berlin-2695,34,65,Normal
2026-02-14 13:59:12.935164,Berlin-2695,5,58,Normal
2026-02-14 13:59:13.935164,Berlin-2695,-5,8,Normal
2026-02-14 13:59:14.935164,Berlin-2695,-18,65,Normal
2026-02-14 13:59:15.935164,Berlin-2695,41,36,Normal
2026-02-14 13:59:16.935164,Berlin-2695,28,17,Normal
2026-02-14 13:59:17.935164,Berlin-2695,10,75,Normal
2026-02-14 13:59:18.935164,Berlin-2695,6,79,Normal
2026-02-14 13:59:19.935164,Berlin-2695,-20,29,Normal
2026-02-14 13:59:20.935164,Berlin-2695,32,88,Normal
2026-02-14 13:59:21.935164,Berlin-2695,6,97,Normal
2026-02-14 13:59:22.935164,Berlin-2695,7,97,Normal
2026-02-14 13:59:23.935164,Berlin-2695,-18,28,Normal
2026-02-14 13:59:24.935164,Berlin-2695,27,9,Normal
2026-02-14 13:59:25.935164,Berlin-2695,-1,21,Normal
2026-02-14 13:59:26.935164,Berlin-2695,0,93,Normal
2026-02-14 13:59:27.935164,Berlin-2695,27,26,Normal
2026-02-14 13:59:28.935164,Berlin-2695,-12,62,Normal
2026-02-14 13:59:29.935164,Berlin-2695,40,6,Normal
2026-02-14 13:59:30.935164,Berlin-2695,-7,98,Normal
2026-02-14 13:59:31.935164,Berlin-2695,43,33,Normal
2026-02-14 13:59:32.935164,Berlin-2695,-18,5,Normal
2026-02-14 13:59:33.935164,Berlin-2695,20,98,Normal
2026-02-14 13:59:34.935164,Berlin-2695,-24,79,Normal
2026-02-14 13:59:35.935164,Berlin-2695,30,11,Normal
2026-02-14 13:59:36.935164,Berlin-2695,13,84,Normal
2026-02-14 13:59:37.935164,Berlin-2695,18,53,Normal
2026-02-14 13:59:38.935164,Berlin-2695,23,13,Normal
2026-02-14 13:59:39.935164,Berlin-2695,-11,77,Normal
2026-02-14 13:59:40.935164,Berlin-2695,-16,42,Normal
2026-02-14 13:59:41.935164,Berlin-2695,10,73,Normal
2026-02-14 13:59:42.935164,Berlin-2695,50,52,Normal
2026-02-14 13:59:43.935164,Berlin-2695,29,44,Normal
2026-02-14 13:59:44.935164,Berlin-2695,33,82,Normal
2026-02-14 13:59:45.935164,Berlin-2695,43,84,Normal
2026-02-14 13:59:46.935164,Berlin-2695,27,47,Normal
2026-02-14 13:59:47.935164,Berlin-2695,10,0,Normal
2026-02-14 13:59:48.935164,Berlin-2695,-16,91,Normal
2026-02-14 13:59:49.935164,Berlin-2695,5,45,Normal
2026-02-14 13:59:50.935164,Berlin-2695,45,76,Normal
2026-02-14 13:59:51.935164,Berlin-2695,-10,84,Normal
2026-02-14 13:59:52.935164,Berlin-2695,-9,36,Normal
2026-02-14 13:59:53.935164,Berlin-2695,-12,98,Normal
2026-02-14 13:59:54.935164,Berlin-2695,48,1,Normal
2026-02-14 13:59:55.935164,Berlin-2695,3,55,Normal
2026-02-14 13:59:56.935164,Berlin-2695,4,79,Normal
2026-02-14 13:59:57.935164,Berlin-2695,-23,73,Normal
2026-02-14 13:59:58.935164,Berlin-2695,34,68,Normal
2026-02-14 13:59:59.935164,Berlin-2695,-8,43,Normal
2026-02-14 14:00:00.935164,Berlin-2695,20,75,Normal
2026-02-14 14:00:01.935164,Berlin-2695,7,25,Normal
2026-02-14 14:00:02.935164,Berlin-2695,14,42,Normal
2026-02-14 14:00:03.935164,Berlin-2695,10,91,Normal
2026-02-14 14:00:04.935164,Berlin-2695,-6,97,Normal
2026-02-14 14:00:05.935164,Berlin-2695,-29,53,Normal
2026-02-14 14:00:06.935164,Berlin-2695,-24,9,Normal
2026-02-14 14:00:07.935164,Berlin-2695,37,94,Normal
2026-02-14 14:00:08.935164,Berlin-2695,40,16,Normal
2026-02-14 14:00:09.935164,Berlin-2695,13,49,Normal
2026-02-14 14:00:10.935164,Berlin-2695,23,29,Normal
2026-02-14 14:00:11.935164,Berlin-2695,23,78,Normal
2026-02-14 14:00:12.935164,Berlin-2695,0,80,Normal
2026-02-14 14:00:13.935164,Berlin-2695,-14,98,Normal
2026-02-14 14:00:14.935164,Berlin-2695,10,81,Normal
2026-02-14 14:00:15.935164,Berlin-2695,26,45,Normal
2026-02-14 14:00:16.935164,Berlin-2695,-13,78,Normal
2026-02-14 14:00:17.935164,Berlin-2695,22,17,Normal
2026-02-14 14:00:18.935164,Berlin-2695,1,56,Normal
2026-02-14 14:00:19.935164,Berlin-2695,-19,37,Normal
2026-02-14 14:00:20.935164,Berlin-2695,-5,1,Normal
2026-02-14 14:00:21.935164,Berlin-2695,34,79,Normal
2026-02-14 14:00:22.935164,Berlin-2695,-17,60,Normal
2026-02-14 14:00:23.935164,Berlin-2695,43,21,Normal
2026-02-14 14:00:24.935164,Berlin-2695,37,83,Normal
2026-02-14 14:00:25.935164,Berlin-2695,26,76,Normal
2026-02-14 14:00:26.935164,Berlin-2695,15,41,Normal
2026-02-14 14:00:27.935164,Berlin-2695,5,10,Normal
2026-02-14 14:00:28.935164,Berlin-2695,13,59,Normal
2026-02-14 14:00:29.935164,Berlin-2695,-15,96,Normal
2026-02-14 14:00:30.935164,Berlin-2695,17,32,Normal
2026-02-14 14:00:31.935164,Berlin-2695,20,13,Normal
2026-02-14 14:00:32.935164,Berlin-2695,-23,72,Normal
2026-02-14 14:00:33.935164,Berlin-2695,33,8,Normal
2026-02-14 14:00:34.935164,Berlin-2695,-27,32,Normal
2026-02-14 14:00:35.935164,Berlin-2695,27,63,Normal
2026-02-14 14:00:36.935164,Berlin-2695,26,64,Normal
2026-02-14 14:00:37.935164,Berlin-2695,24,33,Normal
2026-02-14 14:00:38.935164,Berlin-2695,35,71,Normal
2026-02-14 14:00:39.935164,Berlin-2695,-10,2,Normal
2026-02-14 14:00:40.935164,Berlin-2695,1,87,Normal
2026-02-14 14:00:41.935164,Berlin-2695,49,44,Normal
2026-02-14 14:00:42.935164,Berlin-2695,26,79,Normal
2026-02-14 14:00:43.935164,Berlin-2695,39,62,Normal
2026-02-14 14:00:44.935164,Berlin-2695,31,1,Normal
2026-02-14 14:00:45.935164,Berlin-2695,-9,84,Normal
2026-02-14 14:00:46.935164,Berlin-2695,-19,64,Normal
2026-02-14 14:00:47.935164,Berlin-2695,15,76,Normal
2026-02-14 14:00:48.935164,Berlin-2695,-8,31,Normal
2026-02-14 14:00:49.935164,Berlin-2695,-13,29,Normal
2026-02-14 14:00:50.935164,Berlin-2695,11,65,Normal
2026-02-14 14:00:51.935164,Berlin-2695,12,26,Normal
2026-02-14 14:00:52.935164,Berlin-2695,32,76,Normal
2026-02-14 14:00:53.935164,Berlin-2695,31,56,Normal
2026-02-14 14:00:54.935164,Berlin-2695,-9,80,Normal
2026-02-14 14:00:55.935164,Berlin-2695,-1,14,Normal
2026-02-14 14:00:56.935164,Berlin-2695,9,95,Normal
2026-02-14 14:00:57.935164,Berlin-2695,24,8,Normal
2026-02-14 14:00:58.935164,Berlin-2695,28,96,Normal
2026-02-14 14:00:59.935164,Berlin-2695,9,64,Normal
2026-02-14 14:01:00.935164,Berlin-2695,7,40,Normal
2026-02-14 14:01:01.935164,Berlin-2695,-8,36,Normal
2026-02-14 14:01:02.935164,Berlin-2695,36,46,Normal
2026-02-14 14:01:03.935164,Berlin-2695,-22,76,Normal
2026-02-14 14:01:04.935164,Berlin-2695,11,41,Normal
2026-02-14 14:01:05.935164,Berlin-2695,49,40,Normal
2026-02-14 14:01:06.935164,Berlin-2695,-19,44,Normal
2026-02-14 14:01:07.935164,Berlin-2695,45,50,Normal
2026-02-14 14:01:08.935164,Berlin-2695,40,81,Normal
2026-02-14 14:01:09.935164,Berlin-2695,34,51,Normal
2026-02-14 14:01:10.935164,Berlin-2695,49,73,Normal
2026-02-14 14:01:11.935164,Berlin-2695,22,18,Normal
2026-02-14 14:01:12.935164,Berlin-2695,11,32,Normal
2026-02-14 14:01:13.935164,Berlin-2695,30,100,Normal
2026-02-14 14:01:14.935164,Berlin-2695,40,5,Normal
2026-02-14 14:01:15.935164,Berlin-2695,25,81,Normal
2026-02-14 14:01:16.935164,Berlin-2695,-7,94,Normal
2026-02-14 14:01:17.935164,Berlin-2695,37,28,Normal
2026-02-14 14:01:18.935164,Berlin-2695,11,22,Normal
2026-02-14 14:01:19.935164,Berlin-2695,-5,52,Normal
2026-02-14 14:01:20.935164,Berlin-2695,16,84,Normal
2026-02-14 14:01:21.935164,Berlin-2695,26,61,Normal
2026-02-14 14:01:22.935164,Berlin-2695,46,1,Normal
2026-02-14 14:01:23.935164,Berlin-2695,-24,33,Normal
2026-02-14 14:01:24.935164,Berlin-2695,5,91,Normal
2026-02-14 14:01:25.935164,Berlin-2695,4,37,Normal
2026-02-14 14:01:26.935164,Berlin-2695,-14,53,Normal
2026-02-14 14:01:27.935164,Berlin-2695,20,62,Normal
2026-02-14 14:01:28.935164,Berlin-2695,-23,58,Normal
2026-02-14 14:01:29.935164,Berlin-2695,32,15,Normal
2026-02-14 14:01:30.935164,Berlin-2695,49,55,Normal
2026-02-14 14:01:31.935164,Berlin-2695,-5,33,Normal
2026-02-14 14:01:32.935164,Berlin-2695,0,80,Normal
2026-02-14 14:01:33.935164,Berlin-2695,27,75,Normal
2026-02-14 14:01:34.935164,Berlin-2695,-5,60,Normal
2026-02-14 14:01:35.935164,Berlin-2695,-21,72,Normal
2026-02-14 14:01:36.935164,Berlin-2695,-28,4,Normal
2026-02-14 14:01:37.935164,Berlin-2695,41,26,Normal
2026-02-14 14:01:38.935164,Berlin-2695,-12,0,Normal
2026-02-14 14:01:39.935164,Berlin-2695,-29,69,Normal
2026-02-14 14:01:40.935164,Berlin-2695,7,36,Normal
2026-02-14 14:01:41.935164,Berlin-2695,-2,36,Normal
2026-02-14 14:01:42.935164,Berlin-2695,-22,37,Normal
2026-02-14 14:01:43.935164,Berlin-2695,-8,22,Normal
2026-02-14 14:01:44.935164,Berlin-2695,-16,19,Normal
2026-02-14 14:01:45.935164,Berlin-2695,12,2,Normal
2026-02-14 14:01:46.935164,Berlin-2695,13,52,Normal
2026-02-14 14:01:47.935164,Berlin-2695,33,12,Normal
2026-02-14 14:01:48.935164,Berlin-2695,-7,88,Normal
2026-02-14 14:01:49.935164,Berlin-2695,-3,87,Normal
2026-02-14 14:01:50.935164,Berlin-2695,-13,11,Normal
2026-02-14 14:01:51.935164,Berlin-2695,-10,80,Normal
2026-02-14 14:01:52.935164,Berlin-2695,48,55,Normal
2026-02-14 14:01:53.935164,Berlin-2695,-30,68,Normal
2026-02-14 14:01:54.935164,Berlin-2695,9,60,Normal
2026-02-14 14:01:55.935164,Berlin-2695,4,63,Normal
2026-02-14 14:01:56.935164,Berlin-2695,38,23,Normal
2026-02-14 14:01:57.935164,Berlin-2695,2,99,Normal
2026-02-14 14:01:58.935164,Berlin-2695,41,98,Normal
2026-02-14 14:01:59.935164,Berlin-2695,50,86,Normal
2026-02-14 14:02:00.935164,Berlin-2695,-4,62,Normal
2026-02-14 14:02:01.935164,Berlin-2695,-15,75,Normal
2026-02-14 14:02:02.935164,Berlin-2695,2,33,Normal
2026-02-14 14:02:03.935164,Berlin-2695,50,55,Normal
2026-02-14 14:02:04.935164,Berlin-2695,25,57,Normal
2026-02-14 14:02:05.935164,Berlin-2695,-12,68,Normal
2026-02-14 14:02:06.935164,Berlin-2695,50,75,Normal
2026-02-14 14:02:07.935164,Berlin-2695,35,6,Normal
2026-02-14 14:02:08.935164,Berlin-2695,-21,20,Normal
2026-02-14 14:02:09.935164,Berlin-2695,-29,97,Normal
2026-02-14 14:02:10.935164,Berlin-2695,-30,34,Normal
2026-02-14 14:02:11.935164,Berlin-2695,-24,87,Normal
2026-02-14 14:02:12.935164,Berlin-2695,10,69,Normal
2026-02-14 14:02:13.935164,Berlin-2695,-21,61,Normal
2026-02-14 14:02:14.935164,Berlin-2695,38,34,Normal
2026-02-14 14:02:15.935164,Berlin-2695,-21,30,Normal
2026-02-14 14:02:16.935164,Berlin-2695,36,90,Normal
2026-02-14 14:02:17.935164,Berlin-2695,10,17,Normal
2026-02-14 14:02:18.935164,Berlin-2695,22,57,Normal
2026-02-14 14:02:19.935164,Berlin-2695,46,58,Normal
2026-02-14 14:02:20.935164,Berlin-2695,24,38,Normal
2026-02-14 14:02:21.935164,Berlin-2695,21,55,Normal
2026-02-14 14:02:22.935164,Berlin-2695,9,53,Normal
2026-02-14 14:02:23.935164,Berlin-2695,-3,39,Normal
2026-02-14 14:02:24.935164,Berlin-2695,-29,37,Normal
2026-02-14 14:02:25.935164,Berlin-2695,-27,5,Normal
2026-02-14 14:02:26.935164,Berlin-2695,-1,74,Normal
2026-02-14 14:02:27.935164,Berlin-2695,22,12,Normal
2026-02-14 14:02:28.935164,Berlin-2695,31,42,Normal
2026-02-14 14:02:29.935164,Berlin-2695,46,86,Normal
2026-02-14 14:02:30.935164,Berlin-2695,22,96,Normal
2026-02-14 14:02:31.935164,Berlin-2695,30,25,Normal
2026-02-14 14:02:32.935164,Berlin-2695,-16,9,Normal
2026-02-14 14:02:33.935164,Berlin-2695,44,96,Normal
2026-02-14 14:02:34.935164,Berlin-2695,-17,59,Normal
2026-02-14 14:02:35.935164,Berlin-2695,28,74,Normal
2026-02-14 14:02:36.935164,Berlin-2695,43,22,Normal
2026-02-14 14:02:37.935164,Berlin-2695,0,88,Normal
2026-02-14 14:02:38.935164,Berlin-2695,-11,13,Normal
2026-02-14 14:02:39.935164,Berlin-2695,-21,10,Normal
2026-02-14 14:02:40.935164,Berlin-2695,1,65,Normal
2026-02-14 14:02:41.935164,Berlin-2695,3,87,Normal
2026-02-14 14:02:42.935164,Berlin-2695,17,77,Normal
2026-02-14 14:02:43.935164,Berlin-2695,-19,10,Normal
2026-02-14 14:02:44.935164,Berlin-2695,17,91,Normal
2026-02-14 14:02:45.935164,Berlin-2695,19,100,Normal
2026-02-14 14:02:46.935164,Berlin-2695,-27,30,Normal
2026-02-14 14:02:47.935164,Berlin-2695,28,90,Normal
2026-02-14 14:02:48.935164,Berlin-2695,47,80,Normal
2026-02-14 14:02:49.935164,Berlin-2695,-7,80,Normal
2026-02-14 14:02:50.935164,Berlin-2695,-12,60,Normal
2026-02-14 14:02:51.935164,Berlin-2695,10,78,Normal
2026-02-14 14:02:52.935164,Berlin-2695,26,39,Normal
2026-02-14 14:02:53.935164,Berlin-2695,-23,28,Normal
2026-02-14 14:02:54.935164,Berlin-2695,-4,72,Normal
2026-02-14 14:02:55.935164,Berlin-2695,41,40,Normal
2026-02-14 14:02:56.935164,Berlin-2695,18,82,Normal
2026-02-14 14:02:57.935164,Berlin-2695,-10,27,Normal
2026-02-14 14:02:58.935164,Berlin-2695,31,55,Normal
2026-02-14 14:02:59.935164,Berlin-2695,49,94,Normal
2026-02-14 14:03:00.935164,Berlin-2695,18,27,Normal
2026-02-14 14:03:01.935164,Berlin-2695,43,56,Normal
2026-02-14 14:03:02.935164,Berlin-2695,-16,71,Normal
2026-02-14 14:03:03.935164,Berlin-2695,50,39,Normal
2026-02-14 14:03:04.935164,Berlin-2695,-27,21,Normal
2026-02-14 14:03:05.935164,Berlin-2695,47,67,Normal
2026-02-14 14:03:06.935164,Berlin-2695,2,59,Normal
2026-02-14 14:03:07.935164,Berlin-2695,1,45,Normal
2026-02-14 14:03:08.935164,Berlin-2695,-16,72,Normal
2026-02-14 14:03:09.935164,Berlin-2695,37,89,Normal
2026-02-14 14:03:10.935164,Berlin-2695,23,93,Normal
2026-02-14 14:03:11.935164,Berlin-2695,41,95,Normal
2026-02-14 14:03:12.935164,Berlin-2695,-13,50,Normal
2026-02-14 14:03:13.935164,Berlin-2695,33,73,Normal
2026-02-14 14:03:14.935164,Berlin-2695,29,49,Normal
2026-02-14 14:03:15.935164,Berlin-2695,-3,23,Normal
2026-02-14 14:03:16.935164,Berlin-2695,28,75,Normal
2026-02-14 14:03:17.935164,Berlin-2695,-1,65,Normal
2026-02-14 14:03:18.935164,Berlin-2695,33,93,Normal
2026-02-14 14:03:19.935164,Berlin-2695,49,98,Normal
2026-02-14 14:03:20.935164,Berlin-2695,44,14,Normal
2026-02-14 14:03:21.935164,Berlin-2695,43,38,Normal
2026-02-14 14:03:22.935164,Berlin-2695,6,74,Normal
2026-02-14 14:03:23.935164,Berlin-2695,44,94,Normal
2026-02-14 14:03:24.935164,Berlin-2695,37,40,Normal
2026-02-14 14:03:25.935164,Berlin-2695,47,43,Normal
2026-02-14 14:03:26.935164,Berlin-2695,-26,46,Normal
2026-02-14 14:03:27.935164,Berlin-2695,13,49,Normal
2026-02-14 14:03:28.935164,Berlin-2695,1,23,Normal
2026-02-14 14:03:29.935164,Berlin-2695,-16,74,Normal
2026-02-14 14:03:30.935164,Berlin-2695,-1,25,Normal
2026-02-14 14:03:31.935164,Berlin-2695,33,73,Normal
2026-02-14 14:03:32.935164,Berlin-2695,-21,48,Normal
2026-02-14 14:03:33.935164,Berlin-2695,-4,14,Normal
2026-02-14 14:03:34.935164,Berlin-2695,6,87,Normal
2026-02-14 14:03:35.935164,Berlin-2695,20,64,Normal
2026-02-14 14:03:36.935164,Berlin-2695,-21,60,Normal
2026-02-14 14:03:37.935164,Berlin-2695,-22,98,Normal
2026-02-14 14:03:38.935164,Berlin-2695,-29,94,Normal
2026-02-14 14:03:39.935164,Berlin-2695,40,25,Normal
2026-02-14 14:03:40.935164,Berlin-2695,34,50,Normal
2026-02-14 14:03:41.935164,Berlin-2695,16,95,Normal
2026-02-14 14:03:42.935164,Berlin-2695,10,69,Normal
2026-02-14 14:03:43.935164,Berlin-2695,30,76,Normal
2026-02-14 14:03:44.935164,Berlin-2695,46,60,Normal
2026-02-14 14:03:45.935164,Berlin-2695,-12,64,Normal
2026-02-14 14:03:46.935164,Berlin-2695,-18,20,Normal
2026-02-14 14:03:47.935164,Berlin-2695,-16,83,Normal
2026-02-14 14:03:48.935164,Berlin-2695,-15,2,Normal
2026-02-14 14:03:49.935164,Berlin-2695,30,9,Normal
2026-02-14 14:03:50.935164,Berlin-2695,45,10,Normal
2026-02-14 14:03:51.935164,Berlin-2695,41,77,Normal
2026-02-14 14:03:52.935164,Berlin-2695,-1,39,Normal
2026-02-14 14:03:53.935164,Berlin-2695,14,43,Normal
2026-02-14 14:03:54.935164,Berlin-2695,-21,31,Normal
2026-02-14 14:03:55.935164,Berlin-2695,21,72,Normal
2026-02-14 14:03:56.935164,Berlin-2695,23,42,Normal
2026-02-14 14:03:57.935164,Berlin-2695,10,8,Normal
2026-02-14 14:03:58.935164,Berlin-2695,15,87,Normal
2026-02-14 14:03:59.935164,Berlin-2695,-13,0,Normal
2026-02-14 14:04:00.935164,Berlin-2695,-11,74,Normal
2026-02-14 14:04:01.935164,Berlin-2695,34,57,Normal
2026-02-14 14:04:02.935164,Berlin-2695,8,5,Normal
2026-02-14 14:04:03.935164,Berlin-2695,-27,58,Normal
2026-02-14 14:04:04.935164,Berlin-2695,22,42,Normal
2026-02-14 14:04:05.935164,Berlin-2695,36,42,Normal
2026-02-14 14:04:06.935164,Berlin-2695,-16,16,Normal
2026-02-14 14:04:07.935164,Berlin-2695,-11,54,Normal
2026-02-14 14:04:08.935164,Berlin-2695,-4,23,Normal
2026-02-14 14:04:09.935164,Berlin-2695,33,18,Normal
2026-02-14 14:04:10.935164,Berlin-2695,7,77,Normal
2026-02-14 14:04:11.935164,Berlin-2695,-29,61,Normal
2026-02-14 14:04:12.935164,Berlin-2695,-25,95,Normal
2026-02-14 14:04:13.935164,Berlin-2695,-25,2,Normal
2026-02-14 14:04:14.935164,Berlin-2695,-6,88,Normal
2026-02-14 14:04:15.935164,Berlin-2695,22,34,Normal
2026-02-14 14:04:16.935164,Berlin-2695,49,48,Normal
2026-02-14 14:04:17.935164,Berlin-2695,-20,77,Normal
2026-02-14 14:04:18.935164,Berlin-2695,-8,56,Normal
2026-02-14 14:04:19.935164,Berlin-2695,27,25,Normal
2026-02-14 14:04:20.935164,Berlin-2695,6,52,Normal
2026-02-14 14:04:21.935164,Berlin-2695,-8,34,Normal
2026-02-14 14:04:22.935164,Berlin-2695,15,12,Normal
2026-02-14 14:04:23.935164,Berlin-2695,-26,7,Normal
2026-02-14 14:04:24.935164,Berlin-2695,44,76,Normal
2026-02-14 14:04:25.935164,Berlin-2695,44,43,Normal
2026-02-14 14:04:26.935164,Berlin-2695,9,92,Normal
2026-02-14 14:04:27.935164,Berlin-2695,-5,4,Normal
2026-02-14 14:04:28.935164,Berlin-2695,-30,95,Normal
2026-02-14 14:04:29.935164,Berlin-2695,-24,18,Normal
2026-02-14 14:04:30.935164,Berlin-2695,-2,98,Normal
2026-02-14 14:04:31.935164,Berlin-2695,-10,99,Normal
2026-02-14 14:04:32.935164,Berlin-2695,0,63,Normal
2026-02-14 14:04:33.935164,Berlin-2695,13,72,Normal
2026-02-14 14:04:34.935164,Berlin-2695,14,41,Normal
2026-02-14 14:04:35.935164,Berlin-2695,-16,14,Normal
2026-02-14 14:04:36.935164,Berlin-2695,18,56,Normal
2026-02-14 14:04:37.935164,Berlin-2695,-5,26,Normal
2026-02-14 14:04:38.935164,Berlin-2695,9,76,Normal
2026-02-14 14:04:39.935164,Berlin-2695,50,49,Normal
2026-02-14 14:04:40.935164,Berlin-2695,-24,12,Normal
2026-02-14 14:04:41.935164,Berlin-2695,-23,87,Normal
2026-02-14 14:04:42.935164,Berlin-2695,-26,6,Normal
2026-02-14 14:04:43.935164,Berlin-2695,36,34,Normal
2026-02-14 14:04:44.935164,Berlin-2695,36,71,Normal
2026-02-14 14:04:45.935164,Berlin-2695,-30,30,Normal
2026-02-14 14:04:46.935164,Berlin-2695,13,81,Normal
2026-02-14 14:04:47.935164,Berlin-2695,47,83,Normal
2026-02-14 14:04:48.935164,Berlin-2695,22,2,Normal
2026-02-14 14:04:49.935164,Berlin-2695,-4,83,Normal
2026-02-14 14:04:50.935164,Berlin-2695,-18,87,Normal
2026-02-14 14:04:51.935164,Berlin-2695,-24,4,Normal
2026-02-14 14:04:52.935164,Berlin-2695,-21,33,Normal
2026-02-14 14:04:53.935164,Berlin-2695,19,97,Normal
2026-02-14 14:04:54.935164,Berlin-2695,11,44,Normal
2026-02-14 14:04:55.935164,Berlin-2695,44,44,Normal
2026-02-14 14:04:56.935164,Berlin-2695,23,99,Normal
2026-02-14 14:04:57.935164,Berlin-2695,-23,87,Normal
2026-02-14 14:04:58.935164,Berlin-2695,-5,53,Normal
2026-02-14 14:04:59.935164,Berlin-2695,36,0,Normal
2026-02-14 14:05:00.935164,Berlin-2695,-23,1,Normal
2026-02-14 14:05:01.935164,Berlin-2695,-19,18,Normal
2026-02-14 14:05:02.935164,Berlin-2695,40,78,Normal
2026-02-14 14:05:03.935164,Berlin-2695,26,0,Normal
2026-02-14 14:05:04.935164,Berlin-2695,-20,91,Normal
2026-02-14 14:05:05.935164,Berlin-2695,28,46,Normal
2026-02-14 14:05:06.935164,Berlin-2695,-2,99,Normal
2026-02-14 14:05:07.935164,Berlin-2695,44,77,Normal
2026-02-14 14:05:08.935164,Berlin-2695,-17,87,Normal
2026-02-14 14:05:09.935164,Berlin-2695,17,34,Normal
2026-02-14 14:05:10.935164,Berlin-2695,10,44,Normal
2026-02-14 14:05:11.935164,Berlin-2695,41,74,Normal
2026-02-14 14:05:12.935164,Berlin-2695,-27,8,Normal
2026-02-14 14:05:13.935164,Berlin-2695,5,79,Normal
2026-02-14 14:05:14.935164,Berlin-2695,-2,65,Normal
2026-02-14 14:05:15.935164,Berlin-2695,32,90,Normal
2026-02-14 14:05:16.935164,Berlin-2695,-29,79,Normal
2026-02-14 14:05:17.935164,Berlin-2695,47,67,Normal
2026-02-14 14:05:18.935164,Berlin-2695,15,63,Normal
2026-02-14 14:05:19.935164,Berlin-2695,28,14,Normal
2026-02-14 14:05:20.935164,Berlin-2695,-15,89,Normal
2026-02-14 14:05:21.935164,Berlin-2695,-22,60,Normal
2026-02-14 14:05:22.935164,Berlin-2695,-11,36,Normal
2026-02-14 14:05:23.935164,Berlin-2695,-7,78,Normal
2026-02-14 14:05:24.935164,Berlin-2695,2,11,Normal
2026-02-14 14:05:25.935164,Berlin-2695,46,46,Normal
2026-02-14 14:05:26.935164,Berlin-2695,31,63,Normal
2026-02-14 14:05:27.935164,Berlin-2695,1,76,Normal
2026-02-14 14:05:28.935164,Berlin-2695,39,68,Normal
2026-02-14 14:05:29.935164,Berlin-2695,-25,74,Normal
2026-02-14 14:05:30.935164,Berlin-2695,37,80,Normal
2026-02-14 14:05:31.935164,Berlin-2695,50,62,Normal
2026-02-14 14:05:32.935164,Berlin-2695,-30,70,Normal
2026-02-14 14:05:33.935164,Berlin-2695,0,75,Normal
2026-02-14 14:05:34.935164,Berlin-2695,-15,3,Normal
2026-02-14 14:05:35.935164,Berlin-2695,22,8,Normal
2026-02-14 14:05:36.935164,Berlin-2695,-18,77,Normal
2026-02-14 14:05:37.935164,Berlin-2695,-30,68,Normal
2026-02-14 14:05:38.935164,Berlin-2695,-13,51,Normal
2026-02-14 14:05:39.935164,Berlin-2695,20,54,Normal
2026-02-14 14:05:40.935164,Berlin-2695,-30,88,Normal
2026-02-14 14:05:41.935164,Berlin-2695,25,17,Normal
2026-02-14 14:05:42.935164,Berlin-2695,-26,48,Normal
2026-02-14 14:05:43.935164,Berlin-2695,-26,58,Normal
2026-02-14 14:05:44.935164,Berlin-2695,11,4,Normal
2026-02-14 14:05:45.935164,Berlin-2695,-17,49,Normal
2026-02-14 14:05:46.935164,Berlin-2695,2,36,Normal
2026-02-14 14:05:47.935164,Berlin-2695,46,48,Normal
2026-02-14 14:05:48.935164,Berlin-2695,16,31,Normal
2026-02-14 14:05:49.935164,Berlin-2695,-5,49,Normal
2026-02-14 14:05:50.935164,Berlin-2695,38,42,Normal
2026-02-14 14:05:51.935164,Berlin-2695,-13,61,Normal
2026-02-14 14:05:52.935164,Berlin-2695,43,23,Normal
2026-02-14 14:05:53.935164,Berlin-2695,30,84,Normal
2026-02-14 14:05:54.935164,Berlin-2695,-20,41,Normal
2026-02-14 14:05:55.935164,Berlin-2695,49,74,Normal
2026-02-14 14:05:56.935164,Berlin-2695,20,25,Normal
2026-02-14 14:05:57.935164,Berlin-2695,37,12,Normal
2026-02-14 14:05:58.935164,Berlin-2695,9,45,Normal
2026-02-14 14:05:59.935164,Berlin-2695,-23,68,Normal
2026-02-14 14:06:00.935164,Berlin-2695,0,85,Normal
2026-02-14 14:06:01.935164,Berlin-2695,-20,32,Normal
2026-02-14 14:06:02.935164,Berlin-2695,7,26,Normal
2026-02-14 14:06:03.935164,Berlin-2695,9,81,Normal
2026-02-14 14:06:04.935164,Berlin-2695,23,2,Normal
2026-02-14 14:06:05.935164,Berlin-2695,41,9,Normal
2026-02-14 14:06:06.935164,Berlin-2695,-29,96,Normal
2026-02-14 14:06:07.935164,Berlin-2695,50,47,Normal
2026-02-14 14:06:08.935164,Berlin-2695,-12,80,Normal
2026-02-14 14:06:09.935164,Berlin-2695,34,81,Normal
2026-02-14 14:06:10.935164,Berlin-2695,43,16,Normal
2026-02-14 14:06:11.935164,Berlin-2695,50,83,Normal
2026-02-14 14:06:12.935164,Berlin-2695,38,43,Normal
2026-02-14 14:06:13.935164,Berlin-2695,46,34,Normal
2026-02-14 14:06:14.935164,Berlin-2695,38,67,Normal
2026-02-14 14:06:15.935164,Berlin-2695,13,91,Normal
2026-02-14 14:06:16.935164,Berlin-2695,4,79,Normal
2026-02-14 14:06:17.935164,Berlin-2695,9,38,Normal
2026-02-14 14:06:18.935164,Berlin-2695,31,96,Normal
2026-02-14 14:06:19.935164,Berlin-2695,-21,94,Normal
2026-02-14 14:06:20.935164,Berlin-2695,15,30,Normal
2026-02-14 14:06:21.935164,Berlin-2695,6,15,Normal
2026-02-14 14:06:22.935164,Berlin-2695,34,100,Normal
2026-02-14 14:06:23.935164,Berlin-2695,42,97,Normal
2026-02-14 14:06:24.935164,Berlin-2695,8,88,Normal
2026-02-14 14:06:25.935164,Berlin-2695,-21,80,Normal
2026-02-14 14:06:26.935164,Berlin-2695,-2,89,Normal
2026-02-14 14:06:27.935164,Berlin-2695,47,65,Normal
2026-02-14 14:06:28.935164,Berlin-2695,17,67,Normal
2026-02-14 14:06:29.935164,Berlin-2695,16,21,Normal
2026-02-14 14:06:30.935164,Berlin-2695,30,0,Normal
2026-02-14 14:06:31.935164,Berlin-2695,26,3,Normal
2026-02-14 14:06:32.935164,Berlin-2695,-13,48,Normal
2026-02-14 14:06:33.935164,Berlin-2695,11,60,Normal
2026-02-14 14:06:34.935164,Berlin-2695,6,64,Normal
2026-02-14 14:06:35.935164,Berlin-2695,8,61,Normal
2026-02-14 14:06:36.935164,Berlin-2695,-5,97,Normal
2026-02-14 14:06:37.935164,Berlin-2695,-13,26,Normal
2026-02-14 14:06:38.935164,Berlin-2695,22,0,Normal
2026-02-14 14:06:39.935164,Berlin-2695,42,59,Normal
2026-02-14 14:06:40.935164,Berlin-2695,45,97,Normal
2026-02-14 14:06:41.935164,Berlin-2695,7,21,Normal
2026-02-14 14:06:42.935164,Berlin-2695,2,45,Normal
2026-02-14 14:06:43.935164,Berlin-2695,-7,38,Normal
2026-02-14 14:06:44.935164,Berlin-2695,49,32,Normal
2026-02-14 14:06:45.935164,Berlin-2695,26,22,Normal
2026-02-14 14:06:46.935164,Berlin-2695,-23,45,Normal
2026-02-14 14:06:47.935164,Berlin-2695,-15,88,Normal
2026-02-14 14:06:48.935164,Berlin-2695,26,81,Normal
2026-02-14 14:06:49.935164,Berlin-2695,28,91,Normal
2026-02-14 14:06:50.935164,Berlin-2695,37,23,Normal
2026-02-14 14:06:51.935164,Berlin-2695,-21,47,Normal
2026-02-14 14:06:52.935164,Berlin-2695,41,93,Normal
2026-02-14 14:06:53.935164,Berlin-2695,-15,36,Normal
2026-02-14 14:06:54.935164,Berlin-2695,39,12,Normal
2026-02-14 14:06:55.935164,Berlin-2695,-4,36,Normal
2026-02-14 14:06:56.935164,Berlin-2695,15,49,Normal
2026-02-14 14:06:57.935164,Berlin-2695,-29,97,Normal
2026-02-14 14:06:58.935164,Berlin-2695,50,91,Normal
2026-02-14 14:06:59.935164,Berlin-2695,0,60,Normal
2026-02-14 14:07:00.935164,Berlin-2695,38,22,Normal
2026-02-14 14:07:01.935164,Berlin-2695,37,50,Normal
2026-02-14 14:07:02.935164,Berlin-2695,-9,72,Normal
2026-02-14 14:07:03.935164,Berlin-2695,5,2,Normal
2026-02-14 14:07:04.935164,Berlin-2695,48,98,Normal
2026-02-14 14:07:05.935164,Berlin-2695,22,77,Normal
2026-02-14 14:07:06.935164,Berlin-2695,37,94,Normal
2026-02-14 14:07:07.935164,Berlin-2695,7,12,Normal
2026-02-14 14:07:08.935164,Berlin-2695,-25,94,Normal
2026-02-14 14:07:09.935164,Berlin-2695,45,98,Normal
2026-02-14 14:07:10.935164,Berlin-2695,22,11,Normal
2026-02-14 14:07:11.935164,Berlin-2695,-6,50,Normal
2026-02-14 14:07:12.935164,Berlin-2695,45,34,Normal
2026-02-14 14:07:13.935164,Berlin-2695,-9,23,Normal
2026-02-14 14:07:14.935164,Berlin-2695,10,14,Normal
2026-02-14 14:07:15.935164,Berlin-2695,1,34,Normal
2026-02-14 14:07:16.935164,Berlin-2695,-21,73,Normal
2026-02-14 14:07:17.935164,Berlin-2695,41,88,Normal
2026-02-14 14:07:18.935164,Berlin-2695,6,50,Normal
2026-02-14 14:07:19.935164,Berlin-2695,12,67,Normal
2026-02-14 14:07:20.935164,Berlin-2695,-4,47,Normal
2026-02-14 14:07:21.935164,Berlin-2695,-5,43,Normal
2026-02-14 14:07:22.935164,Berlin-2695,-4,81,Normal
2026-02-14 14:07:23.935164,Berlin-2695,-21,70,Normal
2026-02-14 14:07:24.935164,Berlin-2695,-11,61,Normal
2026-02-14 14:07:25.935164,Berlin-2695,-20,18,Normal
2026-02-14 14:07:26.935164,Berlin-2695,15,67,Normal
2026-02-14 14:07:27.935164,Berlin-2695,-7,17,Normal
2026-02-14 14:07:28.935164,Berlin-2695,-14,2,Normal
2026-02-14 14:07:29.935164,Berlin-2695,46,46,Normal
2026-02-14 14:07:30.935164,Berlin-2695,37,55,Normal
2026-02-14 14:07:31.935164,Berlin-2695,-5,71,Normal
2026-02-14 14:07:32.935164,Berlin-2695,-9,12,Normal
2026-02-14 14:07:33.935164,Berlin-2695,8,71,Normal
2026-02-14 14:07:34.935164,Berlin-2695,31,44,Normal
2026-02-14 14:07:35.935164,Berlin-2695,31,17,Normal
2026-02-14 14:07:36.935164,Berlin-2695,3,13,Normal
2026-02-14 14:07:37.935164,Berlin-2695,39,94,Normal
2026-02-14 14:07:38.935164,Berlin-2695,-29,73,Normal
2026-02-14 14:07:39.935164,Berlin-2695,-30,44,Normal
2026-02-14 14:07:40.935164,Berlin-2695,46,92,Normal
2026-02-14 14:07:41.935164,Berlin-2695,-6,7,Normal
2026-02-14 14:07:42.935164,Berlin-2695,16,41,Normal
2026-02-14 14:07:43.935164,Berlin-2695,26,35,Normal
2026-02-14 14:07:44.935164,Berlin-2695,-8,75,Normal
2026-02-14 14:07:45.935164,Berlin-2695,4,78,Normal
2026-02-14 14:07:46.935164,Berlin-2695,45,95,Normal
2026-02-14 14:07:47.935164,Berlin-2695,-11,46,Normal
2026-02-14 14:07:48.935164,Berlin-2695,36,81,Normal
2026-02-14 14:07:49.935164,Berlin-2695,-10,40,Normal
2026-02-14 14:07:50.935164,Berlin-2695,4,82,Normal
2026-02-14 14:07:51.935164,Berlin-2695,-30,85,Normal
2026-02-14 14:07:52.935164,Berlin-2695,36,60,Normal
2026-02-14 14:07:53.935164,Berlin-2695,4,15,Normal
2026-02-14 14:07:54.935164,Berlin-2695,-10,14,Normal
2026-02-14 14:07:55.935164,Berlin-2695,-23,24,Normal
2026-02-14 14:07:56.935164,Berlin-2695,29,71,Normal
2026-02-14 14:07:57.935164,Berlin-2695,-6,35,Normal
2026-02-14 14:07:58.935164,Berlin-2695,49,34,Normal
2026-02-14 14:07:59.935164,Berlin-2695,45,100,Normal
2026-02-14 14:08:00.935164,Berlin-2695,41,9,Normal
2026-02-14 14:08:01.935164,Berlin-2695,-20,7,Normal
2026-02-14 14:08:02.935164,Berlin-2695,29,20,Normal
2026-02-14 14:08:03.935164,Berlin-2695,36,23,Normal
2026-02-14 14:08:04.935164,Berlin-2695,16,49,Normal
2026-02-14 14:08:05.935164,Berlin-2695,40,90,Normal
2026-02-14 14:08:06.935164,Berlin-2695,43,57,Normal
2026-02-14 14:08:07.935164,Berlin-2695,-7,36,Normal
2026-02-14 14:08:08.935164,Berlin-2695,46,16,Normal
2026-02-14 14:08:09.935164,Berlin-2695,19,20,Normal
2026-02-14 14:08:10.935164,Berlin-2695,24,14,Normal
2026-02-14 14:08:11.935164,Berlin-2695,47,69,Normal
2026-02-14 14:08:12.935164,Berlin-2695,47,91,Normal
2026-02-14 14:08:13.935164,Berlin-2695,-1,17,Normal
2026-02-14 14:08:14.935164,Berlin-2695,39,83,Normal
2026-02-14 14:08:15.935164,Berlin-2695,5,10,Normal
2026-02-14 14:08:16.935164,Berlin-2695,-22,64,Normal
2026-02-14 14:08:17.935164,Berlin-2695,37,51,Normal
2026-02-14 14:08:18.935164,Berlin-2695,31,94,Normal
2026-02-14 14:08:19.935164,Berlin-2695,33,71,Normal
2026-02-14 14:08:20.935164,Berlin-2695,-3,8,Normal
2026-02-14 14:08:21.935164,Berlin-2695,43,25,Normal
2026-02-14 14:08:22.935164,Berlin-2695,24,73,Normal
2026-02-14 14:08:23.935164,Berlin-2695,9,91,Normal
2026-02-14 14:08:24.935164,Berlin-2695,32,48,Normal
2026-02-14 14:08:25.935164,Berlin-2695,-13,22,Normal
2026-02-14 14:08:26.935164,Berlin-2695,-11,34,Normal
2026-02-14 14:08:27.935164,Berlin-2695,-4,93,Normal
2026-02-14 14:08:28.935164,Berlin-2695,47,78,Normal
2026-02-14 14:08:29.935164,Berlin-2695,35,52,Normal
2026-02-14 14:08:30.935164,Berlin-2695,4,27,Normal
2026-02-14 14:08:31.935164,Berlin-2695,42,9,Normal
2026-02-14 14:08:32.935164,Berlin-2695,0,38,Normal
2026-02-14 14:08:33.935164,Berlin-2695,45,30,Normal
2026-02-14 14:08:34.935164,Berlin-2695,-13,31,Normal
2026-02-14 14:08:35.935164,Berlin-2695,17,70,Normal
2026-02-14 14:08:36.935164,Berlin-2695,21,50,Normal
2026-02-14 14:08:37.935164,Berlin-2695,7,86,Normal
2026-02-14 14:08:38.935164,Berlin-2695,21,6,Normal
2026-02-14 14:08:39.935164,Berlin-2695,16,94,Normal
2026-02-14 14:08:40.935164,Berlin-2695,-28,59,Normal
2026-02-14 14:08:41.935164,Berlin-2695,-20,19,Normal
2026-02-14 14:08:42.935164,Berlin-2695,16,72,Normal
2026-02-14 14:08:43.935164,Berlin-2695,-24,22,Normal
2026-02-14 14:08:44.935164,Berlin-2695,19,32,Normal
2026-02-14 14:08:45.935164,Berlin-2695,-1,82,Normal
2026-02-14 14:08:46.935164,Berlin-2695,-20,53,Normal
2026-02-14 14:08:47.935164,Berlin-2695,-2,64,Normal
2026-02-14 14:08:48.935164,Berlin-2695,-8,1,Normal
2026-02-14 14:08:49.935164,Berlin-2695,-7,15,Normal
2026-02-14 14:08:50.935164,Berlin-2695,-13,59,Normal
2026-02-14 14:08:51.935164,Berlin-2695,-5,90,Normal
2026-02-14 14:08:52.935164,Berlin-2695,12,59,Normal
2026-02-14 14:08:53.935164,Berlin-2695,8,20,Normal
2026-02-14 14:08:54.935164,Berlin-2695,-27,82,Normal
2026-02-14 14:08:55.935164,Berlin-2695,-9,15,Normal
2026-02-14 14:08:56.935164,Berlin-2695,-28,64,Normal
2026-02-14 14:08:57.935164,Berlin-2695,38,19,Normal
2026-02-14 14:08:58.935164,Berlin-2695,-12,93,Normal
2026-02-14 14:08:59.935164,Berlin-2695,-1,44,Normal
2026-02-14 14:09:00.935164,Berlin-2695,-12,12,Normal
2026-02-14 14:09:01.935164,Berlin-2695,28,48,Normal
2026-02-14 14:09:02.935164,Berlin-2695,-24,97,Normal
2026-02-14 14:09:03.935164,Berlin-2695,44,5,Normal
2026-02-14 14:09:04.935164,Berlin-2695,45,27,Normal
2026-02-14 14:09:05.935164,Berlin-2695,10,12,Normal
2026-02-14 14:09:06.935164,Berlin-2695,14,20,Normal
2026-02-14 14:09:07.935164,Berlin-2695,4,6,Normal
2026-02-14 14:09:08.935164,Berlin-2695,37,47,Normal
2026-02-14 14:09:09.935164,Berlin-2695,50,3,Normal
2026-02-14 14:09:10.935164,Berlin-2695,-19,34,Normal
2026-02-14 14:09:11.935164,Berlin-2695,-9,74,Normal
2026-02-14 14:09:12.935164,Berlin-2695,22,4,Normal
2026-02-14 14:09:13.935164,Berlin-2695,-27,70,Normal
2026-02-14 14:09:14.935164,Berlin-2695,-13,13,Normal
2026-02-14 14:09:15.935164,Berlin-2695,2,80,Normal
2026-02-14 14:09:16.935164,Berlin-2695,3,16,Normal
2026-02-14 14:09:17.935164,Berlin-2695,-14,85,Normal
2026-02-14 14:09:18.935164,Berlin-2695,-3,9,Normal
2026-02-14 14:09:19.935164,Berlin-2695,28,61,Normal
2026-02-14 14:09:20.935164,Berlin-2695,30,67,Normal
2026-02-14 14:09:21.935164,Berlin-2695,-15,44,Normal
2026-02-14 14:09:22.935164,Berlin-2695,-14,36,Normal
2026-02-14 14:09:23.935164,Berlin-2695,37,48,Normal
2026-02-14 14:09:24.935164,Berlin-2695,29,22,Normal
2026-02-14 14:09:25.935164,Berlin-2695,50,69,Normal
2026-02-14 14:09:26.935164,Berlin-2695,13,66,Normal
2026-02-14 14:09:27.935164,Berlin-2695,29,8,Normal
2026-02-14 14:09:28.935164,Berlin-2695,-6,2,Normal
2026-02-14 14:09:29.935164,Berlin-2695,28,88,Normal
2026-02-14 14:09:30.935164,Berlin-2695,35,2,Normal
2026-02-14 14:09:31.935164,Berlin-2695,-14,90,Normal
2026-02-14 14:09:32.935164,Berlin-2695,14,69,Normal
2026-02-14 14:09:33.935164,Berlin-2695,3,29,Normal
2026-02-14 14:09:34.935164,Berlin-2695,11,77,Normal
2026-02-14 14:09:35.935164,Berlin-2695,26,57,Normal
2026-02-14 14:09:36.935164,Berlin-2695,-27,85,Normal
2026-02-14 14:09:37.935164,Berlin-2695,19,97,Normal
2026-02-14 14:09:38.935164,Berlin-2695,28,4,Normal
2026-02-14 14:09:39.935164,Berlin-2695,-7,78,Normal
2026-02-14 14:09:40.935164,Berlin-2695,12,37,Normal
2026-02-14 14:09:41.935164,Berlin-2695,-16,67,Normal
2026-02-14 14:09:42.935164,Berlin-2695,46,92,Normal
2026-02-14 14:09:43.935164,Berlin-2695,-21,16,Normal
2026-02-14 14:09:44.935164,Berlin-2695,9,94,Normal
2026-02-14 14:09:45.935164,Berlin-2695,29,8,Normal
2026-02-14 14:09:46.935164,Berlin-2695,-12,12,Normal
2026-02-14 14:09:47.935164,Berlin-2695,25,10,Normal
2026-02-14 14:09:48.935164,Berlin-2695,20,79,Normal
2026-02-14 14:09:49.935164,Berlin-2695,28,6,Normal
2026-02-14 14:09:50.935164,Berlin-2695,-18,89,Normal
2026-02-14 14:09:51.935164,Berlin-2695,28,49,Normal
2026-02-14 14:09:52.935164,Berlin-2695,-2,17,Normal
2026-02-14 14:09:53.935164,Berlin-2695,-1,87,Normal
2026-02-14 14:09:54.935164,Berlin-2695,-14,35,Normal
2026-02-14 14:09:55.935164,Berlin-2695,44,57,Normal
2026-02-14 14:09:56.935164,Berlin-2695,23,23,Normal
2026-02-14 14:09:57.935164,Berlin-2695,-22,94,Normal
2026-02-14 14:09:58.935164,Berlin-2695,-26,98,Normal
2026-02-14 14:09:59.935164,Berlin-2695,-17,58,Normal
2026-02-14 14:10:00.935164,Berlin-2695,28,40,Normal
2026-02-14 14:10:01.935164,Berlin-2695,-14,6,Normal
2026-02-14 14:10:02.935164,Berlin-2695,-29,56,Normal
2026-02-14 14:10:03.935164,Berlin-2695,30,96,Normal
2026-02-14 14:10:04.935164,Berlin-2695,-20,91,Normal
2026-02-14 14:10:05.935164,Berlin-2695,12,43,Normal
2026-02-14 14:10:06.935164,Berlin-2695,28,82,Normal
2026-02-14 14:10:07.935164,Berlin-2695,42,20,Normal
2026-02-14 14:10:08.935164,Berlin-2695,-21,74,Normal
2026-02-14 14:10:09.935164,Berlin-2695,23,68,Normal
2026-02-14 14:10:10.935164,Berlin-2695,23,77,Normal
2026-02-14 14:10:11.935164,Berlin-2695,25,82,Normal
2026-02-14 14:10:12.935164,Berlin-2695,-5,97,Normal
2026-02-14 14:10:13.935164,Berlin-2695,14,3,Normal
2026-02-14 14:10:14.935164,Berlin-2695,22,19,Normal
2026-02-14 14:10:15.935164,Berlin-2695,5,28,Normal
2026-02-14 14:10:16.935164,Berlin-2695,6,77,Normal
2026-02-14 14:10:17.935164,Berlin-2695,-5,4,Normal
2026-02-14 14:10:18.935164,Berlin-2695,14,43,Normal
2026-02-14 14:10:19.935164,Berlin-2695,35,1,Normal
2026-02-14 14:10:20.935164,Berlin-2695,16,14,Normal
2026-02-14 14:10:21.935164,Berlin-2695,21,28,Normal
2026-02-14 14:10:22.935164,Berlin-2695,13,16,Normal
2026-02-14 14:10:23.935164,Berlin-2695,-7,62,Normal
2026-02-14 14:10:24.935164,Berlin-2695,46,61,Normal
2026-02-14 14:10:25.935164,Berlin-2695,-24,89,Normal
2026-02-14 14:10:26.935164,Berlin-2695,-3,43,Normal
2026-02-14 14:10:27.935164,Berlin-2695,-2,2,Normal
2026-02-14 14:10:28.935164,Berlin-2695,-6,83,Normal
2026-02-14 14:10:29.935164,Berlin-2695,-28,50,Normal
2026-02-14 14:10:30.935164,Berlin-2695,43,28,Normal
2026-02-14 14:10:31.935164,Berlin-2695,-15,3,Normal
2026-02-14 14:10:32.935164,Berlin-2695,9,8,Normal
2026-02-14 14:10:33.935164,Berlin-2695,32,89,Normal
2026-02-14 14:10:34.935164,Berlin-2695,22,44,Normal
2026-02-14 14:10:35.935164,Berlin-2695,31,95,Normal
2026-02-14 14:10:36.935164,Berlin-2695,-28,50,Normal
2026-02-14 14:10:37.935164,Berlin-2695,2,13,Normal
2026-02-14 14:10:38.935164,Berlin-2695,5,79,Normal
2026-02-14 14:10:39.935164,Berlin-2695,-16,84,Normal
2026-02-14 14:10:40.935164,Berlin-2695,33,95,Normal
2026-02-14 14:10:41.935164,Berlin-2695,-5,4,Normal
2026-02-14 14:10:42.935164,Berlin-2695,18,6,Normal
2026-02-14 14:10:43.935164,Berlin-2695,45,48,Normal
2026-02-14 14:10:44.935164,Berlin-2695,21,67,Normal
2026-02-14 14:10:45.935164,Berlin-2695,26,26,Normal
2026-02-14 14:10:46.935164,Berlin-2695,-25,42,Normal
2026-02-14 14:10:47.935164,Berlin-2695,-10,98,Normal
2026-02-14 14:10:48.935164,Berlin-2695,20,44,Normal
2026-02-14 14:10:49.935164,Berlin-2695,47,35,Normal
2026-02-14 14:10:50.935164,Berlin-2695,1,49,Normal
2026-02-14 14:10:51.935164,Berlin-2695,42,34,Normal
2026-02-14 14:10:52.935164,Berlin-2695,-8,66,Normal
2026-02-14 14:10:53.935164,Berlin-2695,19,87,Normal
2026-02-14 14:10:54.935164,Berlin-2695,2,92,Normal
2026-02-14 14:10:55.935164,Berlin-2695,-15,13,Normal
2026-02-14 14:10:56.935164,Berlin-2695,27,22,Normal
2026-02-14 14:10:57.935164,Berlin-2695,15,80,Normal
2026-02-14 14:10:58.935164,Berlin-2695,-26,75,Normal
2026-02-14 14:10:59.935164,Berlin-2695,-10,67,Normal
2026-02-14 14:11:00.935164,Berlin-2695,6,13,Normal
2026-02-14 14:11:01.935164,Berlin-2695,10,18,Normal
2026-02-14 14:11:02.935164,Berlin-2695,-18,64,Normal
2026-02-14 14:11:03.935164,Berlin-2695,-11,8,Normal
2026-02-14 14:11:04.935164,Berlin-2695,3,56,Normal
2026-02-14 14:11:05.935164,Berlin-2695,11,5,Normal
2026-02-14 14:11:06.935164,Berlin-2695,33,75,Normal
2026-02-14 14:11:07.935164,Berlin-2695,39,34,Normal
2026-02-14 14:11:08.935164,Berlin-2695,47,96,Normal
2026-02-14 14:11:09.935164,Berlin-2695,8,56,Normal
2026-02-14 14:11:10.935164,Berlin-2695,5,69,Normal
2026-02-14 14:11:11.935164,Berlin-2695,-6,77,Normal
2026-02-14 14:11:12.935164,Berlin-2695,32,52,Normal
2026-02-14 14:11:13.935164,Berlin-2695,14,87,Normal
2026-02-14 14:11:14.935164,Berlin-2695,-9,34,Normal
2026-02-14 14:11:15.935164,Berlin-2695,-23,100,Normal
2026-02-14 14:11:16.935164,Berlin-2695,31,18,Normal
2026-02-14 14:11:17.935164,Berlin-2695,29,83,Normal
2026-02-14 14:11:18.935164,Berlin-2695,5,97,Normal
2026-02-14 14:11:19.935164,Berlin-2695,8,37,Normal
2026-02-14 14:11:20.935164,Berlin-2695,29,93,Normal
2026-02-14 14:11:21.935164,Berlin-2695,17,29,Normal
2026-02-14 14:11:22.935164,Berlin-2695,-12,20,Normal
2026-02-14 14:11:23.935164,Berlin-2695,-16,71,Normal
2026-02-14 14:11:24.935164,Berlin-2695,-30,63,Normal
2026-02-14 14:11:25.935164,Berlin-2695,-7,99,Normal
2026-02-14 14:11:26.935164,Berlin-2695,45,7,Normal
2026-02-14 14:11:27.935164,Berlin-2695,45,32,Normal
2026-02-14 14:11:28.935164,Berlin-2695,44,49,Normal
2026-02-14 14:11:29.935164,Berlin-2695,19,22,Normal
2026-02-14 14:11:30.935164,Berlin-2695,-24,65,Normal
2026-02-14 14:11:31.935164,Berlin-2695,-8,42,Normal
2026-02-14 14:11:32.935164,Berlin-2695,-19,25,Normal
2026-02-14 14:11:33.935164,Berlin-2695,12,79,Normal
2026-02-14 14:11:34.935164,Berlin-2695,-27,9,Normal
2026-02-14 14:11:35.935164,Berlin-2695,-23,38,Normal
2026-02-14 14:11:36.935164,Berlin-2695,0,74,Normal
2026-02-14 14:11:37.935164,Berlin-2695,-5,39,Normal
2026-02-14 14:11:38.935164,Berlin-2695,39,99,Normal
2026-02-14 14:11:39.935164,Berlin-2695,26,65,Normal
2026-02-14 14:11:40.935164,Berlin-2695,8,46,Normal
2026-02-14 14:11:41.935164,Berlin-2695,26,84,Normal
2026-02-14 14:11:42.935164,Berlin-2695,39,84,Normal
2026-02-14 14:11:43.935164,Berlin-2695,44,46,Normal
2026-02-14 14:11:44.935164,Berlin-2695,47,19,Normal
2026-02-14 14:11:45.935164,Berlin-2695,-17,13,Normal
2026-02-14 14:11:46.935164,Berlin-2695,15,14,Normal
2026-02-14 14:11:47.935164,Berlin-2695,41,66,Normal
2026-02-14 14:11:48.935164,Berlin-2695,-23,40,Normal
2026-02-14 14:11:49.935164,Berlin-2695,39,78,Normal
2026-02-14 14:11:50.935164,Berlin-2695,-3,64,Normal
2026-02-14 14:11:51.935164,Berlin-2695,-6,33,Normal
2026-02-14 14:11:52.935164,Berlin-2695,22,79,Normal
2026-02-14 14:11:53.935164,Berlin-2695,-23,42,Normal
2026-02-14 14:11:54.935164,Berlin-2695,33,39,Normal
2026-02-14 14:11:55.935164,Berlin-2695,-5,46,Normal
2026-02-14 14:11:56.935164,Berlin-2695,19,97,Normal
2026-02-14 14:11:57.935164,Berlin-2695,10,28,Normal
2026-02-14 14:11:58.935164,Berlin-2695,1,9,Normal
2026-02-14 14:11:59.935164,Berlin-2695,12,61,Normal
2026-02-14 14:12:00.935164,Berlin-2695,-23,82,Normal
2026-02-14 14:12:01.935164,Berlin-2695,-13,54,Normal
2026-02-14 14:12:02.935164,Berlin-2695,-30,65,Normal
2026-02-14 14:12:03.935164,Berlin-2695,2,71,Normal
2026-02-14 14:12:04.935164,Berlin-2695,46,100,Normal
2026-02-14 14:12:05.935164,Berlin-2695,14,6,Normal
2026-02-14 14:12:06.935164,Berlin-2695,-23,94,Normal
2026-02-14 14:12:07.935164,Berlin-2695,-5,88,Normal
2026-02-14 14:12:08.935164,Berlin-2695,8,76,Normal
2026-02-14 14:12:09.935164,Berlin-2695,23,48,Normal
2026-02-14 14:12:10.935164,Berlin-2695,-24,47,Normal
2026-02-14 14:12:11.935164,Berlin-2695,6,29,Normal
2026-02-14 14:12:12.935164,Berlin-2695,-2,71,Normal
2026-02-14 14:12:13.935164,Berlin-2695,1,60,Normal
2026-02-14 14:12:14.935164,Berlin-2695,-1,71,Normal
2026-02-14 14:12:15.935164,Berlin-2695,14,99,Normal
2026-02-14 14:12:16.935164,Berlin-2695,25,18,Normal
2026-02-14 14:12:17.935164,Berlin-2695,-4,46,Normal
2026-02-14 14:12:18.935164,Berlin-2695,-4,88,Normal
2026-02-14 14:12:19.935164,Berlin-2695,-8,38,Normal
2026-02-14 14:12:20.935164,Berlin-2695,7,25,Normal
2026-02-14 14:12:21.935164,Berlin-2695,-12,44,Normal
2026-02-14 14:12:22.935164,Berlin-2695,-4,49,Normal
2026-02-14 14:12:23.935164,Berlin-2695,0,60,Normal
2026-02-14 14:12:24.935164,Berlin-2695,-21,1,Normal
2026-02-14 14:12:25.935164,Berlin-2695,28,10,Normal
2026-02-14 14:12:26.935164,Berlin-2695,30,53,Normal
2026-02-14 14:12:27.935164,Berlin-2695,24,13,Normal
2026-02-14 14:12:28.935164,Berlin-2695,30,34,Normal
2026-02-14 14:12:29.935164,Berlin-2695,-18,57,Normal
2026-02-14 14:12:30.935164,Berlin-2695,-21,82,Normal
2026-02-14 14:12:31.935164,Berlin-2695,16,79,Normal
2026-02-14 14:12:32.935164,Berlin-2695,-21,27,Normal
2026-02-14 14:12:33.935164,Berlin-2695,16,45,Normal
2026-02-14 14:12:34.935164,Berlin-2695,0,46,Normal
2026-02-14 14:12:35.935164,Berlin-2695,-5,91,Normal
2026-02-14 14:12:36.935164,Berlin-2695,47,32,Normal
2026-02-14 14:12:37.935164,Berlin-2695,13,66,Normal
2026-02-14 14:12:38.935164,Berlin-2695,-2,11,Normal
2026-02-14 14:12:39.935164,Berlin-2695,34,92,Normal
2026-02-14 14:12:40.935164,Berlin-2695,14,90,Normal
2026-02-14 14:12:41.935164,Berlin-2695,-25,10,Normal
2026-02-14 14:12:42.935164,Berlin-2695,-17,76,Normal
2026-02-14 14:12:43.935164,Berlin-2695,-18,7,Normal
2026-02-14 14:12:44.935164,Berlin-2695,-24,43,Normal
2026-02-14 14:12:45.935164,Berlin-2695,14,92,Normal
2026-02-14 14:12:46.935164,Berlin-2695,42,30,Normal
2026-02-14 14:12:47.935164,Berlin-2695,32,25,Normal
2026-02-14 14:12:48.935164,Berlin-2695,8,1,Normal
2026-02-14 14:12:49.935164,Berlin-2695,49,25,Normal
2026-02-14 14:12:50.935164,Berlin-2695,43,13,Normal
2026-02-14 14:12:51.935164,Berlin-2695,20,41,Normal
2026-02-14 14:12:52.935164,Berlin-2695,-23,95,Normal
2026-02-14 14:12:53.935164,Berlin-2695,33,88,Normal
2026-02-14 14:12:54.935164,Berlin-2695,36,65,Normal
2026-02-14 14:12:55.935164,Berlin-2695,13,25,Normal
2026-02-14 14:12:56.935164,Berlin-2695,14,96,Normal
2026-02-14 14:12:57.935164,Berlin-2695,-2,54,Normal
2026-02-14 14:12:58.935164,Berlin-2695,3,91,Normal
2026-02-14 14:12:59.935164,Berlin-2695,4,88,Normal
2026-02-14 14:13:00.935164,Berlin-2695,-17,4,Normal
2026-02-14 14:13:01.935164,Berlin-2695,45,47,Normal
2026-02-14 14:13:02.935164,Berlin-2695,-7,37,Normal
2026-02-14 14:13:03.935164,Berlin-2695,27,3,Normal
2026-02-14 14:13:04.935164,Berlin-2695,-25,93,Normal
2026-02-14 14:13:05.935164,Berlin-2695,-23,79,Normal
2026-02-14 14:13:06.935164,Berlin-2695,-2,70,Normal
2026-02-14 14:13:07.935164,Berlin-2695,-30,12,Normal
2026-02-14 14:13:08.935164,Berlin-2695,35,22,Normal
2026-02-14 14:13:09.935164,Berlin-2695,29,56,Normal
2026-02-14 14:13:10.935164,Berlin-2695,45,16,Normal
2026-02-14 14:13:11.935164,Berlin-2695,2,7,Normal
2026-02-14 14:13:12.935164,Berlin-2695,-25,67,Normal
2026-02-14 14:13:13.935164,Berlin-2695,23,46,Normal
2026-02-14 14:13:14.935164,Berlin-2695,42,14,Normal
2026-02-14 14:13:15.935164,Berlin-2695,36,45,Normal
2026-02-14 14:13:16.935164,Berlin-2695,16,72,Normal
2026-02-14 14:13:17.935164,Berlin-2695,8,11,Normal
2026-02-14 14:13:18.935164,Berlin-2695,17,71,Normal
2026-02-14 14:13:19.935164,Berlin-2695,44,58,Normal
2026-02-14 14:13:20.935164,Berlin-2695,37,52,Normal
2026-02-14 14:13:21.935164,Berlin-2695,24,61,Normal
2026-02-14 14:13:22.935164,Berlin-2695,23,90,Normal
2026-02-14 14:13:23.935164,Berlin-2695,11,17,Normal
2026-02-14 14:13:24.935164,Berlin-2695,31,92,Normal
2026-02-14 14:13:25.935164,Berlin-2695,18,57,Normal
2026-02-14 14:13:26.935164,Berlin-2695,45,2,Normal
2026-02-14 14:13:27.935164,Berlin-2695,-1,21,Normal
2026-02-14 14:13:28.935164,Berlin-2695,-26,40,Normal
2026-02-14 14:13:29.935164,Berlin-2695,39,14,Normal
2026-02-14 14:13:30.935164,Berlin-2695,-14,16,Normal
2026-02-14 14:13:31.935164,Berlin-2695,-2,68,Normal
2026-02-14 14:13:32.935164,Berlin-2695,-27,100,Normal
2026-02-14 14:13:33.935164,Berlin-2695,7,27,Normal
2026-02-14 14:13:34.935164,Berlin-2695,-15,76,Normal
2026-02-14 14:13:35.935164,Berlin-2695,37,53,Normal
2026-02-14 14:13:36.935164,Berlin-2695,13,45,Normal
2026-02-14 14:13:37.935164,Berlin-2695,-7,31,Normal
2026-02-14 14:13:38.935164,Berlin-2695,1,97,Normal
2026-02-14 14:13:39.935164,Berlin-2695,-15,78,Normal
2026-02-14 14:13:40.935164,Berlin-2695,19,78,Normal
2026-02-14 14:13:41.935164,Berlin-2695,10,45,Normal
2026-02-14 14:13:42.935164,Berlin-2695,-13,63,Normal
2026-02-14 14:13:43.935164,Berlin-2695,11,91,Normal
2026-02-14 14:13:44.935164,Berlin-2695,40,4,Normal
2026-02-14 14:13:45.935164,Berlin-2695,25,17,Normal
2026-02-14 14:13:46.935164,Berlin-2695,-25,21,Normal
2026-02-14 14:13:47.935164,Berlin-2695,-27,93,Normal
2026-02-14 14:13:48.935164,Berlin-2695,16,33,Normal
2026-02-14 14:13:49.935164,Berlin-2695,40,31,Normal
2026-02-14 14:13:50.935164,Berlin-2695,35,92,Normal
2026-02-14 14:13:51.935164,Berlin-2695,-10,98,Normal
2026-02-14 14:13:52.935164,Berlin-2695,-7,89,Normal
2026-02-14 14:13:53.935164,Berlin-2695,21,38,Normal
2026-02-14 14:13:54.935164,Berlin-2695,44,24,Normal
2026-02-14 14:13:55.935164,Berlin-2695,29,87,Normal
2026-02-14 14:13:56.935164,Berlin-2695,11,88,Normal
2026-02-14 14:13:57.935164,Berlin-2695,29,44,Normal
2026-02-14 14:13:58.935164,Berlin-2695,42,11,Normal
2026-02-14 14:13:59.935164,Berlin-2695,-16,24,Normal
2026-02-14 14:14:00.935164,Berlin-2695,21,3,Normal
2026-02-14 14:14:01.935164,Berlin-2695,31,13,Normal
2026-02-14 14:14:02.935164,Berlin-2695,-1,72,Normal
2026-02-14 14:14:03.935164,Berlin-2695,48,51,Normal
2026-02-14 14:14:04.935164,Berlin-2695,-23,35,Normal
2026-02-14 14:14:05.935164,Berlin-2695,41,100,Normal
2026-02-14 14:14:06.935164,Berlin-2695,17,69,Normal
2026-02-14 14:14:07.935164,Berlin-2695,5,83,Normal
2026-02-14 14:14:08.935164,Berlin-2695,-12,84,Normal
2026-02-14 14:14:09.935164,Berlin-2695,-2,92,Normal
2026-02-14 14:14:10.935164,Berlin-2695,15,24,Normal
2026-02-14 14:14:11.935164,Berlin-2695,-13,98,Normal
2026-02-14 14:14:12.935164,Berlin-2695,44,48,Normal
2026-02-14 14:14:13.935164,Berlin-2695,-26,78,Normal
2026-02-14 14:14:14.935164,Berlin-2695,24,0,Normal
2026-02-14 14:14:15.935164,Berlin-2695,-1,50,Normal
2026-02-14 14:14:16.935164,Berlin-2695,-4,49,Normal
2026-02-14 14:14:17.935164,Berlin-2695,11,32,Normal
2026-02-14 14:14:18.935164,Berlin-2695,7,53,Normal
2026-02-14 14:14:19.935164,Berlin-2695,31,42,Normal
2026-02-14 14:14:20.935164,Berlin-2695,14,64,Normal
2026-02-14 14:14:21.935164,Berlin-2695,44,8,Normal
2026-02-14 14:14:22.935164,Berlin-2695,-1,42,Normal
2026-02-14 14:14:23.935164,Berlin-2695,-10,88,Normal
2026-02-14 14:14:24.935164,Berlin-2695,22,59,Normal
2026-02-14 14:14:25.935164,Berlin-2695,0,27,Normal
2026-02-14 14:14:26.935164,Berlin-2695,-26,42,Normal
2026-02-14 14:14:27.935164,Berlin-2695,29,19,Normal
2026-02-14 14:14:28.935164,Berlin-2695,42,27,Normal
2026-02-14 14:14:29.935164,Berlin-2695,32,73,Normal
2026-02-14 14:14:30.935164,Berlin-2695,34,19,Normal
2026-02-14 14:14:31.935164,Berlin-2695,-11,22,Normal
2026-02-14 14:14:32.935164,Berlin-2695,-18,80,Normal
2026-02-14 14:14:33.935164,Berlin-2695,18,78,Normal
2026-02-14 14:14:34.935164,Berlin-2695,20,20,Normal
2026-02-14 14:14:35.935164,Berlin-2695,20,27,Normal
2026-02-14 14:14:36.935164,Berlin-2695,23,28,Normal
2026-02-14 14:14:37.935164,Berlin-2695,5,19,Normal
2026-02-14 14:14:38.935164,Berlin-2695,29,88,Normal
2026-02-14 14:14:39.935164,Berlin-2695,14,32,Normal
2026-02-14 14:14:40.935164,Berlin-2695,26,7,Normal
2026-02-14 14:14:41.935164,Berlin-2695,20,3,Normal
2026-02-14 14:14:42.935164,Berlin-2695,12,60,Normal
2026-02-14 14:14:43.935164,Berlin-2695,29,36,Normal
2026-02-14 14:14:44.935164,Berlin-2695,-25,98,Normal
2026-02-14 14:14:45.935164,Berlin-2695,1,95,Normal
2026-02-14 14:14:46.935164,Berlin-2695,5,10,Normal
2026-02-14 14:14:47.935164,Berlin-2695,28,21,Normal
2026-02-14 14:14:48.935164,Berlin-2695,5,88,Normal
2026-02-14 14:14:49.935164,Berlin-2695,46,16,Normal
2026-02-14 14:14:50.935164,Berlin-2695,47,0,Normal
2026-02-14 14:14:51.935164,Berlin-2695,-7,26,Normal
2026-02-14 14:14:52.935164,Berlin-2695,-4,56,Normal
2026-02-14 14:14:53.935164,Berlin-2695,12,86,Normal
2026-02-14 14:14:54.935164,Berlin-2695,-21,92,Normal
2026-02-14 14:14:55.935164,Berlin-2695,20,53,Normal
2026-02-14 14:14:56.935164,Berlin-2695,33,13,Normal
2026-02-14 14:14:57.935164,Berlin-2695,-4,84,Normal
2026-02-14 14:14:58.935164,Berlin-2695,50,55,Normal
2026-02-14 14:14:59.935164,Berlin-2695,-4,28,Normal
2026-02-14 14:15:00.935164,Berlin-2695,1,17,Normal
2026-02-14 14:15:01.935164,Berlin-2695,38,30,Normal
2026-02-14 14:15:02.935164,Berlin-2695,32,97,Normal
2026-02-14 14:15:03.935164,Berlin-2695,40,42,Normal
2026-02-14 14:15:04.935164,Berlin-2695,-21,91,Normal
2026-02-14 14:15:05.935164,Berlin-2695,7,100,Normal
2026-02-14 14:15:06.935164,Berlin-2695,26,32,Normal
2026-02-14 14:15:07.935164,Berlin-2695,-8,72,Normal
2026-02-14 14:15:08.935164,Berlin-2695,-4,90,Normal
2026-02-14 14:15:09.935164,Berlin-2695,5,70,Normal
2026-02-14 14:15:10.935164,Berlin-2695,-17,20,Normal
2026-02-14 14:15:11.935164,Berlin-2695,32,77,Normal
2026-02-14 14:15:12.935164,Berlin-2695,50,40,Normal
2026-02-14 14:15:13.935164,Berlin-2695,14,99,Normal
2026-02-14 14:15:14.935164,Berlin-2695,2,96,Normal
2026-02-14 14:15:15.935164,Berlin-2695,-23,78,Normal
2026-02-14 14:15:16.935164,Berlin-2695,43,21,Normal
2026-02-14 14:15:17.935164,Berlin-2695,42,37,Normal
2026-02-14 14:15:18.935164,Berlin-2695,24,55,Normal
2026-02-14 14:15:19.935164,Berlin-2695,-24,65,Normal
2026-02-14 14:15:20.935164,Berlin-2695,20,97,Normal
2026-02-14 14:15:21.935164,Berlin-2695,-22,41,Normal
2026-02-14 14:15:22.935164,Berlin-2695,-29,69,Normal
2026-02-14 14:15:23.935164,Berlin-2695,9,25,Normal
2026-02-14 14:15:24.935164,Berlin-2695,9,72,Normal
2026-02-14 14:15:25.935164,Berlin-2695,-11,88,Normal
2026-02-14 14:15:26.935164,Berlin-2695,-10,85,Normal
2026-02-14 14:15:27.935164,Berlin-2695,-3,12,Normal
2026-02-14 14:15:28.935164,Berlin-2695,13,21,Normal
2026-02-14 14:15:29.935164,Berlin-2695,40,55,Normal
2026-02-14 14:15:30.935164,Berlin-2695,46,70,Normal
2026-02-14 14:15:31.935164,Berlin-2695,47,10,Normal
2026-02-14 14:15:32.935164,Berlin-2695,-4,70,Normal
2026-02-14 14:15:33.935164,Berlin-2695,-24,68,Normal
2026-02-14 14:15:34.935164,Berlin-2695,30,41,Normal
2026-02-14 14:15:35.935164,Berlin-2695,46,81,Normal
2026-02-14 14:15:36.935164,Berlin-2695,41,3,Normal
2026-02-14 14:15:37.935164,Berlin-2695,6,64,Normal
2026-02-14 14:15:38.935164,Berlin-2695,40,29,Normal
2026-02-14 14:15:39.935164,Berlin-2695,48,57,Normal
2026-02-14 14:15:40.935164,Berlin-2695,-23,78,Normal
2026-02-14 14:15:41.935164,Berlin-2695,-24,45,Normal
2026-02-14 14:15:42.935164,Berlin-2695,-10,80,Normal
2026-02-14 14:15:43.935164,Berlin-2695,17,86,Normal
2026-02-14 14:15:44.935164,Berlin-2695,30,66,Normal
2026-02-14 14:15:45.935164,Berlin-2695,-21,63,Normal
2026-02-14 14:15:46.935164,Berlin-2695,47,69,Normal
2026-02-14 14:15:47.935164,Berlin-2695,-6,68,Normal
2026-02-14 14:15:48.935164,Berlin-2695,3,69,Normal
2026-02-14 14:15:49.935164,Berlin-2695,-24,81,Normal
2026-02-14 14:15:50.935164,Berlin-2695,21,66,Normal
2026-02-14 14:15:51.935164,Berlin-2695,37,1,Normal
2026-02-14 14:15:52.935164,Berlin-2695,11,28,Normal
2026-02-14 14:15:53.935164,Berlin-2695,-6,32,Normal
2026-02-14 14:15:54.935164,Berlin-2695,27,74,Normal
2026-02-14 14:15:55.935164,Berlin-2695,18,75,Normal
2026-02-14 14:15:56.935164,Berlin-2695,22,3,Normal
2026-02-14 14:15:57.935164,Berlin-2695,28,57,Normal
2026-02-14 14:15:58.935164,Berlin-2695,36,0,Normal
2026-02-14 14:15:59.935164,Berlin-2695,-19,97,Normal
2026-02-14 14:16:00.935164,Berlin-2695,10,27,Normal
2026-02-14 14:16:01.935164,Berlin-2695,-29,38,Normal
2026-02-14 14:16:02.935164,Berlin-2695,13,72,Normal
2026-02-14 14:16:03.935164,Berlin-2695,-20,58,Normal
2026-02-14 14:16:04.935164,Berlin-2695,-24,37,Normal
2026-02-14 14:16:05.935164,Berlin-2695,8,37,Normal
2026-02-14 14:16:06.935164,Berlin-2695,-4,94,Normal
2026-02-14 14:16:07.935164,Berlin-2695,-16,85,Normal
2026-02-14 14:16:08.935164,Berlin-2695,-30,43,Normal
2026-02-14 14:16:09.935164,Berlin-2695,40,35,Normal
2026-02-14 14:16:10.935164,Berlin-2695,27,78,Normal
2026-02-14 14:16:11.935164,Berlin-2695,29,92,Normal
2026-02-14 14:16:12.935164,Berlin-2695,48,26,Normal
2026-02-14 14:16:13.935164,Berlin-2695,29,86,Normal
2026-02-14 14:16:14.935164,Berlin-2695,38,32,Normal
2026-02-14 14:16:15.935164,Berlin-2695,16,62,Normal
2026-02-14 14:16:16.935164,Berlin-2695,-3,10,Normal
2026-02-14 14:16:17.935164,Berlin-2695,46,77,Normal
2026-02-14 14:16:18.935164,Berlin-2695,37,28,Normal
2026-02-14 14:16:19.935164,Berlin-2695,-12,35,Normal
2026-02-14 14:16:20.935164,Berlin-2695,-26,70,Normal
2026-02-14 14:16:21.935164,Berlin-2695,-22,24,Normal
2026-02-14 14:16:22.935164,Berlin-2695,26,34,Normal
2026-02-14 14:16:23.935164,Berlin-2695,11,48,Normal
2026-02-14 14:16:24.935164,Berlin-2695,-11,59,Normal
2026-02-14 14:16:25.935164,Berlin-2695,-11,20,Normal
2026-02-14 14:16:26.935164,Berlin-2695,48,33,Normal
2026-02-14 14:16:27.935164,Berlin-2695,36,40,Normal
2026-02-14 14:16:28.935164,Berlin-2695,-26,32,Normal
2026-02-14 14:16:29.935164,Berlin-2695,-25,79,Normal
2026-02-14 14:16:30.935164,Berlin-2695,8,96,Normal
2026-02-14 14:16:31.935164,Berlin-2695,41,6,Normal
2026-02-14 14:16:32.935164,Berlin-2695,-11,54,Normal
2026-02-14 14:16:33.935164,Berlin-2695,13,61,Normal
2026-02-14 14:16:34.935164,Berlin-2695,-12,73,Normal
2026-02-14 14:16:35.935164,Berlin-2695,7,53,Normal
2026-02-14 14:16:36.935164,Berlin-2695,24,62,Normal
2026-02-14 14:16:37.935164,Berlin-2695,-3,45,Normal
2026-02-14 14:16:38.935164,Berlin-2695,40,63,Normal
2026-02-14 14:16:39.935164,Berlin-2695,-11,85,Normal
2026-02-14 14:16:40.935164,Berlin-2695,7,76,Normal
2026-02-14 14:16:41.935164,Berlin-2695,-27,11,Normal
2026-02-14 14:16:42.935164,Berlin-2695,39,44,Normal
2026-02-14 14:16:43.935164,Berlin-2695,33,30,Normal
2026-02-14 14:16:44.935164,Berlin-2695,27,8,Normal
2026-02-14 14:16:45.935164,Berlin-2695,41,6,Normal
2026-02-14 14:16:46.935164,Berlin-2695,25,9,Normal
2026-02-14 14:16:47.935164,Berlin-2695,35,64,Normal
2026-02-14 14:16:48.935164,Berlin-2695,7,85,Normal
2026-02-14 14:16:49.935164,Berlin-2695,42,64,Normal
2026-02-14 14:16:50.935164,Berlin-2695,-1,75,Normal
2026-02-14 14:16:51.935164,Berlin-2695,14,15,Normal
2026-02-14 14:16:52.935164,Berlin-2695,34,94,Normal
2026-02-14 14:16:53.935164,Berlin-2695,28,99,Normal
2026-02-14 14:16:54.935164,Berlin-2695,18,58,Normal
2026-02-14 14:16:55.935164,Berlin-2695,25,19,Normal
2026-02-14 14:16:56.935164,Berlin-2695,20,46,Normal
2026-02-14 14:16:57.935164,Berlin-2695,30,10,Normal
2026-02-14 14:16:58.935164,Berlin-2695,4,78,Normal
2026-02-14 14:16:59.935164,Berlin-2695,10,94,Normal
2026-02-14 14:17:00.935164,Berlin-2695,33,80,Normal
2026-02-14 14:17:01.935164,Berlin-2695,4,68,Normal
2026-02-14 14:17:02.935164,Berlin-2695,36,96,Normal
2026-02-14 14:17:03.935164,Berlin-2695,-26,8,Normal
2026-02-14 14:17:04.935164,Berlin-2695,12,6,Normal
2026-02-14 14:17:05.935164,Berlin-2695,1,27,Normal
2026-02-14 14:17:06.935164,Berlin-2695,28,70,Normal
2026-02-14 14:17:07.935164,Berlin-2695,34,45,Normal
2026-02-14 14:17:08.935164,Berlin-2695,25,77,Normal
2026-02-14 14:17:09.935164,Berlin-2695,2,38,Normal
2026-02-14 14:17:10.935164,Berlin-2695,-16,57,Normal
2026-02-14 14:17:11.935164,Berlin-2695,6,69,Normal
2026-02-14 14:17:12.935164,Berlin-2695,-14,54,Normal
2026-02-14 14:17:13.935164,Berlin-2695,9,39,Normal
2026-02-14 14:17:14.935164,Berlin-2695,1,100,Normal
2026-02-14 14:17:15.935164,Berlin-2695,34,60,Normal
2026-02-14 14:17:16.935164,Berlin-2695,-23,32,Normal
2026-02-14 14:17:17.935164,Berlin-2695,20,15,Normal
2026-02-14 14:17:18.935164,Berlin-2695,6,40,Normal
2026-02-14 14:17:19.935164,Berlin-2695,23,39,Normal
2026-02-14 14:17:20.935164,Berlin-2695,34,99,Normal
2026-02-14 14:17:21.935164,Berlin-2695,-25,77,Normal
2026-02-14 14:17:22.935164,Berlin-2695,45,62,Normal
2026-02-14 14:17:23.935164,Berlin-2695,44,92,Normal
2026-02-14 14:17:24.935164,Berlin-2695,3,58,Normal
2026-02-14 14:17:25.935164,Berlin-2695,23,6,Normal
2026-02-14 14:17:26.935164,Berlin-2695,11,100,Normal
2026-02-14 14:17:27.935164,Berlin-2695,29,81,Normal
2026-02-14 14:17:28.935164,Berlin-2695,19,96,Normal
2026-02-14 14:17:29.935164,Berlin-2695,19,7,Normal
2026-02-14 14:17:30.935164,Berlin-2695,16,66,Normal
2026-02-14 14:17:31.935164,Berlin-2695,23,63,Normal
2026-02-14 14:17:32.935164,Berlin-2695,-28,61,Normal
2026-02-14 14:17:33.935164,Berlin-2695,-20,82,Normal
2026-02-14 14:17:34.935164,Berlin-2695,13,99,Normal
2026-02-14 14:17:35.935164,Berlin-2695,-4,25,Normal
2026-02-14 14:17:36.935164,Berlin-2695,39,35,Normal
2026-02-14 14:17:37.935164,Berlin-2695,49,9,Normal
2026-02-14 14:17:38.935164,Berlin-2695,45,48,Normal
2026-02-14 14:17:39.935164,Berlin-2695,22,20,Normal
2026-02-14 14:17:40.935164,Berlin-2695,-22,6,Normal
2026-02-14 14:17:41.935164,Berlin-2695,-20,62,Normal
2026-02-14 14:17:42.935164,Berlin-2695,39,66,Normal
2026-02-14 14:17:43.935164,Berlin-2695,16,7,Normal
2026-02-14 14:17:44.935164,Berlin-2695,-16,100,Normal
2026-02-14 14:17:45.935164,Berlin-2695,-3,80,Normal
2026-02-14 14:17:46.935164,Berlin-2695,5,40,Normal
2026-02-14 14:17:47.935164,Berlin-2695,23,98,Normal
2026-02-14 14:17:48.935164,Berlin-2695,2,54,Normal
2026-02-14 14:17:49.935164,Berlin-2695,44,44,Normal
2026-02-14 14:17:50.935164,Berlin-2695,-10,66,Normal
2026-02-14 14:17:51.935164,Berlin-2695,22,28,Normal
2026-02-14 14:17:52.935164,Berlin-2695,40,3,Normal
2026-02-14 14:17:53.935164,Berlin-2695,15,2,Normal
2026-02-14 14:17:54.935164,Berlin-2695,1,83,Normal
2026-02-14 14:17:55.935164,Berlin-2695,45,25,Normal
2026-02-14 14:17:56.935164,Berlin-2695,-16,0,Normal
2026-02-14 14:17:57.935164,Berlin-2695,-27,61,Normal
2026-02-14 14:17:58.935164,Berlin-2695,49,28,Normal
2026-02-14 14:17:59.935164,Berlin-2695,-11,95,Normal
2026-02-14 14:18:00.935164,Berlin-2695,36,13,Normal
2026-02-14 14:18:01.935164,Berlin-2695,17,78,Normal
2026-02-14 14:18:02.935164,Berlin-2695,40,95,Normal
2026-02-14 14:18:03.935164,Berlin-2695,38,68,Normal
2026-02-14 14:18:04.935164,Berlin-2695,35,68,Normal
2026-02-14 14:18:05.935164,Berlin-2695,-13,77,Normal
2026-02-14 14:18:06.935164,Berlin-2695,7,86,Normal
2026-02-14 14:18:07.935164,Berlin-2695,34,69,Normal
2026-02-14 14:18:08.935164,Berlin-2695,25,95,Normal
2026-02-14 14:18:09.935164,Berlin-2695,-15,27,Normal
2026-02-14 14:18:10.935164,Berlin-2695,21,90,Normal
2026-02-14 14:18:11.935164,Berlin-2695,-26,48,Normal
2026-02-14 14:18:12.935164,Berlin-2695,-24,44,Normal
2026-02-14 14:18:13.935164,Berlin-2695,39,66,Normal
2026-02-14 14:18:14.935164,Berlin-2695,42,83,Normal
2026-02-14 14:18:15.935164,Berlin-2695,10,78,Normal
2026-02-14 14:18:16.935164,Berlin-2695,34,55,Normal
2026-02-14 14:18:17.935164,Berlin-2695,34,89,Normal
2026-02-14 14:18:18.935164,Berlin-2695,-27,9,Normal
2026-02-14 14:18:19.935164,Berlin-2695,-23,12,Normal
2026-02-14 14:18:20.935164,Berlin-2695,-25,50,Normal
2026-02-14 14:18:21.935164,Berlin-2695,33,29,Normal
2026-02-14 14:18:22.935164,Berlin-2695,-28,34,Normal
2026-02-14 14:18:23.935164,Berlin-2695,11,59,Normal
2026-02-14 14:18:24.935164,Berlin-2695,44,43,Normal
2026-02-14 14:18:25.935164,Berlin-2695,-15,87,Normal
2026-02-14 14:18:26.935164,Berlin-2695,1,17,Normal
2026-02-14 14:18:27.935164,Berlin-2695,14,87,Normal
2026-02-14 14:18:28.935164,Berlin-2695,-7,38,Normal
2026-02-14 14:18:29.935164,Berlin-2695,-5,37,Normal
2026-02-14 14:18:30.935164,Berlin-2695,-29,78,Normal
2026-02-14 14:18:31.935164,Berlin-2695,14,15,Normal
2026-02-14 14:18:32.935164,Berlin-2695,-17,21,Normal
2026-02-14 14:18:33.935164,Berlin-2695,30,20,Normal
2026-02-14 14:18:34.935164,Berlin-2695,9,12,Normal
2026-02-14 14:18:35.935164,Berlin-2695,28,3,Normal
2026-02-14 14:18:36.935164,Berlin-2695,24,34,Normal
2026-02-14 14:18:37.935164,Berlin-2695,-7,29,Normal
2026-02-14 14:18:38.935164,Berlin-2695,-24,8,Normal
2026-02-14 14:18:39.935164,Berlin-2695,26,54,Normal
2026-02-14 14:18:40.935164,Berlin-2695,-27,54,Normal
2026-02-14 14:18:41.935164,Berlin-2695,30,77,Normal
2026-02-14 14:18:42.935164,Berlin-2695,-27,77,Normal
2026-02-14 14:18:43.935164,Berlin-2695,35,47,Normal
2026-02-14 14:18:44.935164,Berlin-2695,-5,19,Normal
2026-02-14 14:18:45.935164,Berlin-2695,-5,75,Normal
2026-02-14 14:18:46.935164,Berlin-2695,0,50,Normal
2026-02-14 14:18:47.935164,Berlin-2695,31,45,Normal
2026-02-14 14:18:48.935164,Berlin-2695,-22,32,Normal
2026-02-14 14:18:49.935164,Berlin-2695,2,15,Normal
2026-02-14 14:18:50.935164,Berlin-2695,9,35,Normal
2026-02-14 14:18:51.935164,Berlin-2695,44,45,Normal
2026-02-14 14:18:52.935164,Berlin-2695,18,92,Normal
2026-02-14 14:18:53.935164,Berlin-2695,-11,40,Normal
2026-02-14 14:18:54.935164,Berlin-2695,41,2,Normal
2026-02-14 14:18:55.935164,Berlin-2695,22,34,Normal
2026-02-14 14:18:56.935164,Berlin-2695,-9,71,Normal
2026-02-14 14:18:57.935164,Berlin-2695,35,69,Normal
2026-02-14 14:18:58.935164,Berlin-2695,29,90,Normal
2026-02-14 14:18:59.935164,Berlin-2695,-14,19,Normal
2026-02-14 14:19:00.935164,Berlin-2695,30,44,Normal
2026-02-14 14:19:01.935164,Berlin-2695,18,78,Normal
2026-02-14 14:19:02.935164,Berlin-2695,-5,67,Normal
2026-02-14 14:19:03.935164,Berlin-2695,28,40,Normal
2026-02-14 14:19:04.935164,Berlin-2695,-20,40,Normal
2026-02-14 14:19:05.935164,Berlin-2695,3,14,Normal
2026-02-14 14:19:06.935164,Berlin-2695,-30,82,Normal
2026-02-14 14:19:07.935164,Berlin-2695,-17,60,Normal
2026-02-14 14:19:08.935164,Berlin-2695,47,56,Normal
2026-02-14 14:19:09.935164,Berlin-2695,-26,70,Normal
2026-02-14 14:19:10.935164,Berlin-2695,41,54,Normal
2026-02-14 14:19:11.935164,Berlin-2695,47,99,Normal
2026-02-14 14:19:12.935164,Berlin-2695,45,36,Normal
2026-02-14 14:19:13.935164,Berlin-2695,-7,9,Normal
2026-02-14 14:19:14.935164,Berlin-2695,16,65,Normal
2026-02-14 14:19:15.935164,Berlin-2695,7,57,Normal
2026-02-14 14:19:16.935164,Berlin-2695,36,26,Normal
2026-02-14 14:19:17.935164,Berlin-2695,-24,15,Normal
2026-02-14 14:19:18.935164,Berlin-2695,11,19,Normal
2026-02-14 14:19:19.935164,Berlin-2695,12,46,Normal
2026-02-14 14:19:20.935164,Berlin-2695,49,4,Normal
2026-02-14 14:19:21.935164,Berlin-2695,-25,41,Normal
2026-02-14 14:19:22.935164,Berlin-2695,45,41,Normal
2026-02-14 14:19:23.935164,Berlin-2695,-12,23,Normal
2026-02-14 14:19:24.935164,Berlin-2695,-9,24,Normal
2026-02-14 14:19:25.935164,Berlin-2695,11,50,Normal
2026-02-14 14:19:26.935164,Berlin-2695,-6,81,Normal
2026-02-14 14:19:27.935164,Berlin-2695,11,48,Normal
2026-02-14 14:19:28.935164,Berlin-2695,0,97,Normal
2026-02-14 14:19:29.935164,Berlin-2695,7,3,Normal
2026-02-14 14:19:30.935164,Berlin-2695,42,58,Normal
2026-02-14 14:19:31.935164,Berlin-2695,-14,100,Normal
2026-02-14 14:19:32.935164,Berlin-2695,-23,72,Normal
2026-02-14 14:19:33.935164,Berlin-2695,-20,85,Normal
2026-02-14 14:19:34.935164,Berlin-2695,27,23,Normal
2026-02-14 14:19:35.935164,Berlin-2695,28,13,Normal
2026-02-14 14:19:36.935164,Berlin-2695,-13,99,Normal
2026-02-14 14:19:37.935164,Berlin-2695,-13,18,Normal
2026-02-14 14:19:38.935164,Berlin-2695,8,66,Normal
2026-02-14 14:19:39.935164,Berlin-2695,23,65,Normal
2026-02-14 14:19:40.935164,Berlin-2695,-5,2,Normal
2026-02-14 14:19:41.935164,Berlin-2695,26,73,Normal
2026-02-14 14:19:42.935164,Berlin-2695,38,17,Normal
2026-02-14 14:19:43.935164,Berlin-2695,-20,24,Normal
2026-02-14 14:19:44.935164,Berlin-2695,11,27,Normal
2026-02-14 14:19:45.935164,Berlin-2695,46,3,Normal
2026-02-14 14:19:46.935164,Berlin-2695,42,71,Normal
2026-02-14 14:19:47.935164,Berlin-2695,45,8,Normal
2026-02-14 14:19:48.935164,Berlin-2695,14,90,Normal
2026-02-14 14:19:49.935164,Berlin-2695,15,14,Normal
2026-02-14 14:19:50.935164,Berlin-2695,3,73,Normal
2026-02-14 14:19:51.935164,Berlin-2695,35,52,Normal
2026-02-14 14:19:52.935164,Berlin-2695,34,39,Normal
2026-02-14 14:19:53.935164,Berlin-2695,5,22,Normal
2026-02-14 14:19:54.935164,Berlin-2695,23,41,Normal
2026-02-14 14:19:55.935164,Berlin-2695,41,29,Normal
2026-02-14 14:19:56.935164,Berlin-2695,-19,27,Normal
2026-02-14 14:19:57.935164,Berlin-2695,34,87,Normal
2026-02-14 14:19:58.935164,Berlin-2695,-2,37,Normal
2026-02-14 14:19:59.935164,Berlin-2695,3,13,Normal
2026-02-14 14:20:00.935164,Berlin-2695,-17,54,Normal
2026-02-14 14:20:01.935164,Berlin-2695,33,18,Normal
2026-02-14 14:20:02.935164,Berlin-2695,38,7,Normal
2026-02-14 14:20:03.935164,Berlin-2695,-26,0,Normal
2026-02-14 14:20:04.935164,Berlin-2695,24,65,Normal
2026-02-14 14:20:05.935164,Berlin-2695,-29,13,Normal
2026-02-14 14:20:06.935164,Berlin-2695,9,67,Normal
2026-02-14 14:20:07.935164,Berlin-2695,20,40,Normal
2026-02-14 14:20:08.935164,Berlin-2695,40,89,Normal
2026-02-14 14:20:09.935164,Berlin-2695,1,40,Normal
2026-02-14 14:20:10.935164,Berlin-2695,-7,97,Normal
2026-02-14 14:20:11.935164,Berlin-2695,-14,71,Normal
2026-02-14 14:20:12.935164,Berlin-2695,-1,17,Normal
2026-02-14 14:20:13.935164,Berlin-2695,-13,68,Normal
2026-02-14 14:20:14.935164,Berlin-2695,-6,14,Normal
2026-02-14 14:20:15.935164,Berlin-2695,-1,45,Normal
2026-02-14 14:20:16.935164,Berlin-2695,0,26,Normal
2026-02-14 14:20:17.935164,Berlin-2695,-28,52,Normal
2026-02-14 14:20:18.935164,Berlin-2695,31,92,Normal
2026-02-14 14:20:19.935164,Berlin-2695,-1,81,Normal
2026-02-14 14:20:20.935164,Berlin-2695,46,62,Normal
2026-02-14 14:20:21.935164,Berlin-2695,-17,28,Normal
2026-02-14 14:20:22.935164,Berlin-2695,-16,89,Normal
2026-02-14 14:20:23.935164,Berlin-2695,-26,51,Normal
2026-02-14 14:20:24.935164,Berlin-2695,3,92,Normal
2026-02-14 14:20:25.935164,Berlin-2695,43,12,Normal
2026-02-14 14:20:26.935164,Berlin-2695,-7,54,Normal
2026-02-14 14:20:27.935164,Berlin-2695,2,19,Normal
2026-02-14 14:20:28.935164,Berlin-2695,-30,87,Normal
2026-02-14 14:20:29.935164,Berlin-2695,-27,42,Normal
2026-02-14 14:20:30.935164,Berlin-2695,41,43,Normal
2026-02-14 14:20:31.935164,Berlin-2695,33,41,Normal
2026-02-14 14:20:32.935164,Berlin-2695,-8,0,Normal
2026-02-14 14:20:33.935164,Berlin-2695,-3,61,Normal
2026-02-14 14:20:34.935164,Berlin-2695,-27,82,Normal
2026-02-14 14:20:35.935164,Berlin-2695,28,77,Normal
2026-02-14 14:20:36.935164,Berlin-2695,41,29,Normal
2026-02-14 14:20:37.935164,Berlin-2695,20,72,Normal
2026-02-14 14:20:38.935164,Berlin-2695,5,50,Normal
2026-02-14 14:20:39.935164,Berlin-2695,3,32,Normal
2026-02-14 14:20:40.935164,Berlin-2695,26,4,Normal
2026-02-14 14:20:41.935164,Berlin-2695,25,31,Normal
2026-02-14 14:20:42.935164,Berlin-2695,13,51,Normal
2026-02-14 14:20:43.935164,Berlin-2695,46,97,Normal
2026-02-14 14:20:44.935164,Berlin-2695,28,4,Normal
2026-02-14 14:20:45.935164,Berlin-2695,33,9,Normal
2026-02-14 14:20:46.935164,Berlin-2695,37,98,Normal
2026-02-14 14:20:47.935164,Berlin-2695,17,90,Normal
2026-02-14 14:20:48.935164,Berlin-2695,-2,66,Normal
2026-02-14 14:20:49.935164,Berlin-2695,8,55,Normal
2026-02-14 14:20:50.935164,Berlin-2695,7,50,Normal
2026-02-14 14:20:51.935164,Berlin-2695,-16,10,Normal
2026-02-14 14:20:52.935164,Berlin-2695,-16,49,Normal
2026-02-14 14:20:53.935164,Berlin-2695,-27,70,Normal
2026-02-14 14:20:54.935164,Berlin-2695,-15,34,Normal
2026-02-14 14:20:55.935164,Berlin-2695,26,66,Normal
2026-02-14 14:20:56.935164,Berlin-2695,4,97,Normal
2026-02-14 14:20:57.935164,Berlin-2695,-26,34,Normal
2026-02-14 14:20:58.935164,Berlin-2695,47,40,Normal
2026-02-14 14:20:59.935164,Berlin-2695,-17,90,Normal
2026-02-14 14:21:00.935164,Berlin-2695,40,32,Normal
2026-02-14 14:21:01.935164,Berlin-2695,38,54,Normal
2026-02-14 14:21:02.935164,Berlin-2695,-17,31,Normal
2026-02-14 14:21:03.935164,Berlin-2695,15,73,Normal
2026-02-14 14:21:04.935164,Berlin-2695,-25,52,Normal
2026-02-14 14:21:05.935164,Berlin-2695,-12,43,Normal
2026-02-14 14:21:06.935164,Berlin-2695,4,72,Normal
2026-02-14 14:21:07.935164,Berlin-2695,-22,59,Normal
2026-02-14 14:21:08.935164,Berlin-2695,45,43,Normal
2026-02-14 14:21:09.935164,Berlin-2695,34,68,Normal
2026-02-14 14:21:10.935164,Berlin-2695,-29,37,Normal
2026-02-14 14:21:11.935164,Berlin-2695,14,18,Normal
2026-02-14 14:21:12.935164,Berlin-2695,-23,35,Normal
2026-02-14 14:21:13.935164,Berlin-2695,12,59,Normal
2026-02-14 14:21:14.935164,Berlin-2695,33,48,Normal
2026-02-14 14:21:15.935164,Berlin-2695,-13,4,Normal
2026-02-14 14:21:16.935164,Berlin-2695,47,38,Normal
2026-02-14 14:21:17.935164,Berlin-2695,15,25,Normal
2026-02-14 14:21:18.935164,Berlin-2695,-3,80,Normal
2026-02-14 14:21:19.935164,Berlin-2695,-21,81,Normal
2026-02-14 14:21:20.935164,Berlin-2695,-21,25,Normal
2026-02-14 14:21:21.935164,Berlin-2695,47,63,Normal
2026-02-14 14:21:22.935164,Berlin-2695,3,13,Normal
2026-02-14 14:21:23.935164,Berlin-2695,40,43,Normal
2026-02-14 14:21:24.935164,Berlin-2695,-25,4,Normal
2026-02-14 14:21:25.935164,Berlin-2695,-12,64,Normal
2026-02-14 14:21:26.935164,Berlin-2695,49,48,Normal
2026-02-14 14:21:27.935164,Berlin-2695,43,79,Normal
2026-02-14 14:21:28.935164,Berlin-2695,45,71,Normal
2026-02-14 14:21:29.935164,Berlin-2695,30,100,Normal
2026-02-14 14:21:30.935164,Berlin-2695,-10,97,Normal
2026-02-14 14:21:31.935164,Berlin-2695,32,4,Normal
2026-02-14 14:21:32.935164,Berlin-2695,1,94,Normal
2026-02-14 14:21:33.935164,Berlin-2695,0,97,Normal
2026-02-14 14:21:34.935164,Berlin-2695,44,42,Normal
2026-02-14 14:21:35.935164,Berlin-2695,16,97,Normal
2026-02-14 14:21:36.935164,Berlin-2695,47,22,Normal
2026-02-14 14:21:37.935164,Berlin-2695,12,61,Normal
2026-02-14 14:21:38.935164,Berlin-2695,15,43,Normal
2026-02-14 14:21:39.935164,Berlin-2695,29,17,Normal
2026-02-14 14:21:40.935164,Berlin-2695,-19,41,Normal
2026-02-14 14:21:41.935164,Berlin-2695,-6,72,Normal
2026-02-14 14:21:42.935164,Berlin-2695,28,14,Normal
2026-02-14 14:21:43.935164,Berlin-2695,18,64,Normal
2026-02-14 14:21:44.935164,Berlin-2695,15,90,Normal
2026-02-14 14:21:45.935164,Berlin-2695,-10,4,Normal
2026-02-14 14:21:46.935164,Berlin-2695,-14,15,Normal
2026-02-14 14:21:47.935164,Berlin-2695,33,53,Normal
2026-02-14 14:21:48.935164,Berlin-2695,-27,70,Normal
2026-02-14 14:21:49.935164,Berlin-2695,-5,92,Normal
2026-02-14 14:21:50.935164,Berlin-2695,14,27,Normal
2026-02-14 14:21:51.935164,Berlin-2695,-22,50,Normal
2026-02-14 14:21:52.935164,Berlin-2695,45,81,Normal
2026-02-14 14:21:53.935164,Berlin-2695,-20,30,Normal
2026-02-14 14:21:54.935164,Berlin-2695,33,70,Normal
2026-02-14 14:21:55.935164,Berlin-2695,28,79,Normal
2026-02-14 14:21:56.935164,Berlin-2695,38,0,Normal
2026-02-14 14:21:57.935164,Berlin-2695,-27,14,Normal
2026-02-14 14:21:58.935164,Berlin-2695,19,90,Normal
2026-02-14 14:21:59.935164,Berlin-2695,31,49,Normal
2026-02-14 14:22:00.935164,Berlin-2695,42,86,Normal
2026-02-14 14:22:01.935164,Berlin-2695,-10,79,Normal
2026-02-14 14:22:02.935164,Berlin-2695,34,52,Normal
2026-02-14 14:22:03.935164,Berlin-2695,-17,2,Normal
2026-02-14 14:22:04.935164,Berlin-2695,19,11,Normal
2026-02-14 14:22:05.935164,Berlin-2695,-5,42,Normal
2026-02-14 14:22:06.935164,Berlin-2695,36,14,Normal
2026-02-14 14:22:07.935164,Berlin-2695,6,20,Normal
2026-02-14 14:22:08.935164,Berlin-2695,26,81,Normal
2026-02-14 14:22:09.935164,Berlin-2695,-22,0,Normal
2026-02-14 14:22:10.935164,Berlin-2695,24,39,Normal
2026-02-14 14:22:11.935164,Berlin-2695,16,5,Normal
2026-02-14 14:22:12.935164,Berlin-2695,41,48,Normal
2026-02-14 14:22:13.935164,Berlin-2695,3,13,Normal
2026-02-14 14:22:14.935164,Berlin-2695,-15,65,Normal
2026-02-14 14:22:15.935164,Berlin-2695,-27,54,Normal
2026-02-14 14:22:16.935164,Berlin-2695,41,81,Normal
2026-02-14 14:22:17.935164,Berlin-2695,48,41,Normal
2026-02-14 14:22:18.935164,Berlin-2695,38,18,Normal
2026-02-14 14:22:19.935164,Berlin-2695,-2,38,Normal
2026-02-14 14:22:20.935164,Berlin-2695,10,11,Normal
2026-02-14 14:22:21.935164,Berlin-2695,42,61,Normal
2026-02-14 14:22:22.935164,Berlin-2695,32,98,Normal
2026-02-14 14:22:23.935164,Berlin-2695,22,48,Normal
2026-02-14 14:22:24.935164,Berlin-2695,18,98,Normal
2026-02-14 14:22:25.935164,Berlin-2695,2,26,Normal
2026-02-14 14:22:26.935164,Berlin-2695,46,54,Normal
2026-02-14 14:22:27.935164,Berlin-2695,-23,37,Normal
2026-02-14 14:22:28.935164,Berlin-2695,42,76,Normal
2026-02-14 14:22:29.935164,Berlin-2695,-9,0,Normal
2026-02-14 14:22:30.935164,Berlin-2695,7,16,Normal
2026-02-14 14:22:31.935164,Berlin-2695,18,15,Normal
2026-02-14 14:22:32.935164,Berlin-2695,38,31,Normal
2026-02-14 14:22:33.935164,Berlin-2695,44,49,Normal
2026-02-14 14:22:34.935164,Berlin-2695,-16,30,Normal
2026-02-14 14:22:35.935164,Berlin-2695,-13,96,Normal
2026-02-14 14:22:36.935164,Berlin-2695,-24,40,Normal
2026-02-14 14:22:37.935164,Berlin-2695,46,88,Normal
2026-02-14 14:22:38.935164,Berlin-2695,27,97,Normal
2026-02-14 14:22:39.935164,Berlin-2695,0,67,Normal
2026-02-14 14:22:40.935164,Berlin-2695,8,11,Normal
2026-02-14 14:22:41.935164,Berlin-2695,-11,38,Normal
2026-02-14 14:22:42.935164,Berlin-2695,6,22,Normal
2026-02-14 14:22:43.935164,Berlin-2695,29,59,Normal
2026-02-14 14:22:44.935164,Berlin-2695,-5,79,Normal
2026-02-14 14:22:45.935164,Berlin-2695,-5,45,Normal
2026-02-14 14:22:46.935164,Berlin-2695,7,47,Normal
2026-02-14 14:22:47.935164,Berlin-2695,-22,30,Normal
2026-02-14 14:22:48.935164,Berlin-2695,24,30,Normal
2026-02-14 14:22:49.935164,Berlin-2695,16,12,Normal
2026-02-14 14:22:50.935164,Berlin-2695,29,17,Normal
2026-02-14 14:22:51.935164,Berlin-2695,-4,14,Normal
2026-02-14 14:22:52.935164,Berlin-2695,23,86,Normal
2026-02-14 14:22:53.935164,Berlin-2695,-20,75,Normal
2026-02-14 14:22:54.935164,Berlin-2695,-23,21,Normal
2026-02-14 14:22:55.935164,Berlin-2695,21,7,Normal
2026-02-14 14:22:56.935164,Berlin-2695,-8,66,Normal
2026-02-14 14:22:57.935164,Berlin-2695,15,81,Normal
2026-02-14 14:22:58.935164,Berlin-2695,0,61,Normal
2026-02-14 14:22:59.935164,Berlin-2695,45,94,Normal
2026-02-14 14:23:00.935164,Berlin-2695,-28,16,Normal
2026-02-14 14:23:01.935164,Berlin-2695,41,38,Normal
2026-02-14 14:23:02.935164,Berlin-2695,-2,75,Normal
2026-02-14 14:23:03.935164,Berlin-2695,-1,35,Normal
2026-02-14 14:23:04.935164,Berlin-2695,-16,33,Normal
2026-02-14 14:23:05.935164,Berlin-2695,21,63,Normal
2026-02-14 14:23:06.935164,Berlin-2695,4,31,Normal
2026-02-14 14:23:07.935164,Berlin-2695,17,24,Normal
2026-02-14 14:23:08.935164,Berlin-2695,43,54,Normal
2026-02-14 14:23:09.935164,Berlin-2695,-14,93,Normal
2026-02-14 14:23:10.935164,Berlin-2695,29,17,Normal
2026-02-14 14:23:11.935164,Berlin-2695,-15,86,Normal
2026-02-14 14:23:12.935164,Berlin-2695,-14,12,Normal
2026-02-14 14:23:13.935164,Berlin-2695,13,49,Normal
2026-02-14 14:23:14.935164,Berlin-2695,-17,69,Normal
2026-02-14 14:23:15.935164,Berlin-2695,-5,13,Normal
2026-02-14 14:23:16.935164,Berlin-2695,41,49,Normal
2026-02-14 14:23:17.935164,Berlin-2695,27,45,Normal
2026-02-14 14:23:18.935164,Berlin-2695,-2,46,Normal
2026-02-14 14:23:19.935164,Berlin-2695,34,12,Normal
2026-02-14 14:23:20.935164,Berlin-2695,-14,8,Normal
2026-02-14 14:23:21.935164,Berlin-2695,-6,60,Normal
2026-02-14 14:23:22.935164,Berlin-2695,-2,97,Normal
2026-02-14 14:23:23.935164,Berlin-2695,-14,67,Normal
2026-02-14 14:23:24.935164,Berlin-2695,47,58,Normal
2026-02-14 14:23:25.935164,Berlin-2695,-6,48,Normal
2026-02-14 14:23:26.935164,Berlin-2695,-4,83,Normal
2026-02-14 14:23:27.935164,Berlin-2695,-11,84,Normal
2026-02-14 14:23:28.935164,Berlin-2695,7,38,Normal
2026-02-14 14:23:29.935164,Berlin-2695,-21,59,Normal
2026-02-14 14:23:30.935164,Berlin-2695,46,13,Normal
2026-02-14 14:23:31.935164,Berlin-2695,37,3,Normal
2026-02-14 14:23:32.935164,Berlin-2695,37,79,Normal
2026-02-14 14:23:33.935164,Berlin-2695,47,37,Normal
2026-02-14 14:23:34.935164,Berlin-2695,7,87,Normal
2026-02-14 14:23:35.935164,Berlin-2695,25,23,Normal
2026-02-14 14:23:36.935164,Berlin-2695,-26,18,Normal
2026-02-14 14:23:37.935164,Berlin-2695,26,80,Normal
2026-02-14 14:23:38.935164,Berlin-2695,25,15,Normal
2026-02-14 14:23:39.935164,Berlin-2695,7,55,Normal
2026-02-14 14:23:40.935164,Berlin-2695,-22,83,Normal
2026-02-14 14:23:41.935164,Berlin-2695,-28,79,Normal
2026-02-14 14:23:42.935164,Berlin-2695,15,79,Normal
2026-02-14 14:23:43.935164,Berlin-2695,46,84,Normal
2026-02-14 14:23:44.935164,Berlin-2695,37,27,Normal
2026-02-14 14:23:45.935164,Berlin-2695,43,42,Normal
2026-02-14 14:23:46.935164,Berlin-2695,-3,53,Normal
2026-02-14 14:23:47.935164,Berlin-2695,19,51,Normal
2026-02-14 14:23:48.935164,Berlin-2695,42,22,Normal
2026-02-14 14:23:49.935164,Berlin-2695,-23,28,Normal
2026-02-14 14:23:50.935164,Berlin-2695,21,84,Normal
2026-02-14 14:23:51.935164,Berlin-2695,14,58,Normal
2026-02-14 14:23:52.935164,Berlin-2695,-21,13,Normal
2026-02-14 14:23:53.935164,Berlin-2695,-2,1,Normal
2026-02-14 14:23:54.935164,Berlin-2695,48,9,Normal
2026-02-14 14:23:55.935164,Berlin-2695,-19,96,Normal
2026-02-14 14:23:56.935164,Berlin-2695,-18,29,Normal
2026-02-14 14:23:57.935164,Berlin-2695,-30,87,Normal
2026-02-14 14:23:58.935164,Berlin-2695,-7,69,Normal
2026-02-14 14:23:59.935164,Berlin-2695,0,35,Normal
2026-02-14 14:24:00.935164,Berlin-2695,49,46,Normal
2026-02-14 14:24:01.935164,Berlin-2695,8,48,Normal
2026-02-14 14:24:02.935164,Berlin-2695,32,58,Normal
2026-02-14 14:24:03.935164,Berlin-2695,32,51,Normal
2026-02-14 14:24:04.935164,Berlin-2695,14,47,Normal
2026-02-14 14:24:05.935164,Berlin-2695,-1,59,Normal
2026-02-14 14:24:06.935164,Berlin-2695,34,75,Normal
2026-02-14 14:24:07.935164,Berlin-2695,1,17,Normal
2026-02-14 14:24:08.935164,Berlin-2695,47,19,Normal
2026-02-14 14:24:09.935164,Berlin-2695,20,2,Normal
2026-02-14 14:24:10.935164,Berlin-2695,-26,53,Normal
2026-02-14 14:24:11.935164,Berlin-2695,-14,15,Normal
2026-02-14 14:24:12.935164,Berlin-2695,-6,94,Normal
2026-02-14 14:24:13.935164,Berlin-2695,21,6,Normal
2026-02-14 14:24:14.935164,Berlin-2695,38,4,Normal
2026-02-14 14:24:15.935164,Berlin-2695,-13,38,Normal
2026-02-14 14:24:16.935164,Berlin-2695,-21,21,Normal
2026-02-14 14:24:17.935164,Berlin-2695,5,78,Normal
2026-02-14 14:24:18.935164,Berlin-2695,0,18,Normal
2026-02-14 14:24:19.935164,Berlin-2695,-10,54,Normal
2026-02-14 14:24:20.935164,Berlin-2695,-20,86,Normal
2026-02-14 14:24:21.935164,Berlin-2695,-7,82,Normal
2026-02-14 14:24:22.935164,Berlin-2695,22,54,Normal
2026-02-14 14:24:23.935164,Berlin-2695,-8,4,Normal
2026-02-14 14:24:24.935164,Berlin-2695,9,14,Normal
2026-02-14 14:24:25.935164,Berlin-2695,28,61,Normal
2026-02-14 14:24:26.935164,Berlin-2695,-3,44,Normal
2026-02-14 14:24:27.935164,Berlin-2695,-18,45,Normal
2026-02-14 14:24:28.935164,Berlin-2695,-8,91,Normal
2026-02-14 14:24:29.935164,Berlin-2695,11,91,Normal
2026-02-14 14:24:30.935164,Berlin-2695,-9,46,Normal
2026-02-14 14:24:31.935164,Berlin-2695,5,32,Normal
2026-02-14 14:24:32.935164,Berlin-2695,12,75,Normal
2026-02-14 14:24:33.935164,Berlin-2695,7,94,Normal
2026-02-14 14:24:34.935164,Berlin-2695,39,30,Normal
2026-02-14 14:24:35.935164,Berlin-2695,-30,80,Normal
2026-02-14 14:24:36.935164,Berlin-2695,-22,51,Normal
2026-02-14 14:24:37.935164,Berlin-2695,39,58,Normal
2026-02-14 14:24:38.935164,Berlin-2695,11,22,Normal
2026-02-14 14:24:39.935164,Berlin-2695,26,23,Normal
2026-02-14 14:24:40.935164,Berlin-2695,32,80,Normal
2026-02-14 14:24:41.935164,Berlin-2695,38,72,Normal
2026-02-14 14:24:42.935164,Berlin-2695,9,43,Normal
2026-02-14 14:24:43.935164,Berlin-2695,-17,58,Normal
2026-02-14 14:24:44.935164,Berlin-2695,19,26,Normal
2026-02-14 14:24:45.935164,Berlin-2695,-2,91,Normal
2026-02-14 14:24:46.935164,Berlin-2695,-27,85,Normal
2026-02-14 14:24:47.935164,Berlin-2695,21,75,Normal
2026-02-14 14:24:48.935164,Berlin-2695,21,50,Normal
2026-02-14 14:24:49.935164,Berlin-2695,48,12,Normal
2026-02-14 14:24:50.935164,Berlin-2695,-12,74,Normal
2026-02-14 14:24:51.935164,Berlin-2695,40,36,Normal
2026-02-14 14:24:52.935164,Berlin-2695,26,95,Normal
2026-02-14 14:24:53.935164,Berlin-2695,-14,64,Normal
2026-02-14 14:24:54.935164,Berlin-2695,9,52,Normal
2026-02-14 14:24:55.935164,Berlin-2695,-15,41,Normal
2026-02-14 14:24:56.935164,Berlin-2695,24,80,Normal
2026-02-14 14:24:57.935164,Berlin-2695,25,13,Normal
2026-02-14 14:24:58.935164,Berlin-2695,36,80,Normal
2026-02-14 14:24:59.935164,Berlin-2695,-19,43,Normal
2026-02-14 14:25:00.935164,Berlin-2695,-22,8,Normal
2026-02-14 14:25:01.935164,Berlin-2695,0,13,Normal
2026-02-14 14:25:02.935164,Berlin-2695,48,68,Normal
2026-02-14 14:25:03.935164,Berlin-2695,-28,97,Normal
2026-02-14 14:25:04.935164,Berlin-2695,-30,13,Normal
2026-02-14 14:25:05.935164,Berlin-2695,-6,30,Normal
2026-02-14 14:25:06.935164,Berlin-2695,-18,90,Normal
2026-02-14 14:25:07.935164,Berlin-2695,-7,84,Normal
2026-02-14 14:25:08.935164,Berlin-2695,1,27,Normal
2026-02-14 14:25:09.935164,Berlin-2695,0,23,Normal
2026-02-14 14:25:10.935164,Berlin-2695,8,48,Normal
2026-02-14 14:25:11.935164,Berlin-2695,-15,100,Normal
2026-02-14 14:25:12.935164,Berlin-2695,37,98,Normal
2026-02-14 14:25:13.935164,Berlin-2695,-7,92,Normal
2026-02-14 14:25:14.935164,Berlin-2695,-6,18,Normal
2026-02-14 14:25:15.935164,Berlin-2695,-11,55,Normal
2026-02-14 14:25:16.935164,Berlin-2695,42,76,Normal
2026-02-14 14:25:17.935164,Berlin-2695,-30,92,Normal
2026-02-14 14:25:18.935164,Berlin-2695,10,33,Normal
2026-02-14 14:25:19.935164,Berlin-2695,0,4,Normal
2026-02-14 14:25:20.935164,Berlin-2695,33,26,Normal
2026-02-14 14:25:21.935164,Berlin-2695,-5,72,Normal
2026-02-14 14:25:22.935164,Berlin-2695,10,43,Normal
2026-02-14 14:25:23.935164,Berlin-2695,42,48,Normal
2026-02-14 14:25:24.935164,Berlin-2695,-30,73,Normal
2026-02-14 14:25:25.935164,Berlin-2695,43,78,Normal
2026-02-14 14:25:26.935164,Berlin-2695,10,58,Normal
2026-02-14 14:25:27.935164,Berlin-2695,24,19,Normal
2026-02-14 14:25:28.935164,Berlin-2695,46,37,Normal
2026-02-14 14:25:29.935164,Berlin-2695,-29,69,Normal
2026-02-14 14:25:30.935164,Berlin-2695,-16,55,Normal
2026-02-14 14:25:31.935164,Berlin-2695,7,9,Normal
2026-02-14 14:25:32.935164,Berlin-2695,18,11,Normal
2026-02-14 14:25:33.935164,Berlin-2695,41,44,Normal
2026-02-14 14:25:34.935164,Berlin-2695,49,55,Normal
2026-02-14 14:25:35.935164,Berlin-2695,31,84,Normal
2026-02-14 14:25:36.935164,Berlin-2695,31,84,Normal
2026-02-14 14:25:37.935164,Berlin-2695,24,45,Normal
2026-02-14 14:25:38.935164,Berlin-2695,-30,52,Normal
2026-02-14 14:25:39.935164,Berlin-2695,-13,10,Normal
2026-02-14 14:25:40.935164,Berlin-2695,31,61,Normal
2026-02-14 14:25:41.935164,Berlin-2695,-5,34,Normal
2026-02-14 14:25:42.935164,Berlin-2695,-7,75,Normal
2026-02-14 14:25:43.935164,Berlin-2695,11,60,Normal
2026-02-14 14:25:44.935164,Berlin-2695,-5,92,Normal
2026-02-14 14:25:45.935164,Berlin-2695,-17,0,Normal
2026-02-14 14:25:46.935164,Berlin-2695,-13,69,Normal
2026-02-14 14:25:47.935164,Berlin-2695,12,92,Normal
2026-02-14 14:25:48.935164,Berlin-2695,-15,3,Normal
2026-02-14 14:25:49.935164,Berlin-2695,9,25,Normal
2026-02-14 14:25:50.935164,Berlin-2695,-24,55,Normal
2026-02-14 14:25:51.935164,Berlin-2695,-4,66,Normal
2026-02-14 14:25:52.935164,Berlin-2695,32,10,Normal
2026-02-14 14:25:53.935164,Berlin-2695,-28,24,Normal
2026-02-14 14:25:54.935164,Berlin-2695,13,93,Normal
2026-02-14 14:25:55.935164,Berlin-2695,-1,76,Normal
2026-02-14 14:25:56.935164,Berlin-2695,26,82,Normal
2026-02-14 14:25:57.935164,Berlin-2695,44,15,Normal
2026-02-14 14:25:58.935164,Berlin-2695,40,32,Normal
2026-02-14 14:25:59.935164,Berlin-2695,-14,73,Normal
2026-02-14 14:26:00.935164,Berlin-2695,-30,34,Normal
2026-02-14 14:26:01.935164,Berlin-2695,39,94,Normal
2026-02-14 14:26:02.935164,Berlin-2695,37,71,Normal
2026-02-14 14:26:03.935164,Berlin-2695,28,62,Normal
2026-02-14 14:26:04.935164,Berlin-2695,5,4,Normal
2026-02-14 14:26:05.935164,Berlin-2695,7,61,Normal
2026-02-14 14:26:06.935164,Berlin-2695,37,74,Normal
2026-02-14 14:26:07.935164,Berlin-2695,-7,90,Normal
2026-02-14 14:26:08.935164,Berlin-2695,2,1,Normal
2026-02-14 14:26:09.935164,Berlin-2695,-29,60,Normal
2026-02-14 14:26:10.935164,Berlin-2695,-14,45,Normal
2026-02-14 14:26:11.935164,Berlin-2695,8,48,Normal
2026-02-14 14:26:12.935164,Berlin-2695,25,97,Normal
2026-02-14 14:26:13.935164,Berlin-2695,-15,1,Normal
2026-02-14 14:26:14.935164,Berlin-2695,-9,59,Normal
2026-02-14 14:26:15.935164,Berlin-2695,17,0,Normal
2026-02-14 14:26:16.935164,Berlin-2695,-4,27,Normal
2026-02-14 14:26:17.935164,Berlin-2695,16,4,Normal
2026-02-14 14:26:18.935164,Berlin-2695,1,88,Normal
2026-02-14 14:26:19.935164,Berlin-2695,36,47,Normal
2026-02-14 14:26:20.935164,Berlin-2695,-14,77,Normal
2026-02-14 14:26:21.935164,Berlin-2695,24,21,Normal
2026-02-14 14:26:22.935164,Berlin-2695,-15,97,Normal
2026-02-14 14:26:23.935164,Berlin-2695,-27,75,Normal
2026-02-14 14:26:24.935164,Berlin-2695,-22,47,Normal
2026-02-14 14:26:25.935164,Berlin-2695,20,16,Normal
2026-02-14 14:26:26.935164,Berlin-2695,14,3,Normal
2026-02-14 14:26:27.935164,Berlin-2695,-18,45,Normal
2026-02-14 14:26:28.935164,Berlin-2695,23,90,Normal
2026-02-14 14:26:29.935164,Berlin-2695,-23,65,Normal
2026-02-14 14:26:30.935164,Berlin-2695,-8,91,Normal
2026-02-14 14:26:31.935164,Berlin-2695,-20,72,Normal
2026-02-14 14:26:32.935164,Berlin-2695,18,92,Normal
2026-02-14 14:26:33.935164,Berlin-2695,49,54,Normal
2026-02-14 14:26:34.935164,Berlin-2695,50,73,Normal
2026-02-14 14:26:35.935164,Berlin-2695,-24,94,Normal
2026-02-14 14:26:36.935164,Berlin-2695,-29,28,Normal
2026-02-14 14:26:37.935164,Berlin-2695,-18,74,Normal
2026-02-14 14:26:38.935164,Berlin-2695,-7,44,Normal
2026-02-14 14:26:39.935164,Berlin-2695,12,22,Normal
2026-02-14 14:26:40.935164,Berlin-2695,-25,1,Normal
2026-02-14 14:26:41.935164,Berlin-2695,0,86,Normal
2026-02-14 14:26:42.935164,Berlin-2695,-3,62,Normal
2026-02-14 14:26:43.935164,Berlin-2695,-27,34,Normal
2026-02-14 14:26:44.935164,Berlin-2695,48,36,Normal
2026-02-14 14:26:45.935164,Berlin-2695,-25,60,Normal
2026-02-14 14:26:46.935164,Berlin-2695,20,69,Normal
2026-02-14 14:26:47.935164,Berlin-2695,45,71,Normal
2026-02-14 14:26:48.935164,Berlin-2695,-27,36,Normal
2026-02-14 14:26:49.935164,Berlin-2695,-20,55,Normal
2026-02-14 14:26:50.935164,Berlin-2695,35,43,Normal
2026-02-14 14:26:51.935164,Berlin-2695,48,25,Normal
2026-02-14 14:26:52.935164,Berlin-2695,12,58,Normal
2026-02-14 14:26:53.935164,Berlin-2695,4,75,Normal
2026-02-14 14:26:54.935164,Berlin-2695,43,71,Normal
2026-02-14 14:26:55.935164,Berlin-2695,42,70,Normal
2026-02-14 14:26:56.935164,Berlin-2695,16,48,Normal
2026-02-14 14:26:57.935164,Berlin-2695,11,90,Normal
2026-02-14 14:26:58.935164,Berlin-2695,-8,84,Normal
2026-02-14 14:26:59.935164,Berlin-2695,-3,62,Normal
2026-02-14 14:27:00.935164,Berlin-2695,34,86,Normal
2026-02-14 14:27:01.935164,Berlin-2695,-11,51,Normal
2026-02-14 14:27:02.935164,Berlin-2695,46,94,Normal
2026-02-14 14:27:03.935164,Berlin-2695,-8,99,Normal
2026-02-14 14:27:04.935164,Berlin-2695,-27,46,Normal
2026-02-14 14:27:05.935164,Berlin-2695,48,1,Normal
2026-02-14 14:27:06.935164,Berlin-2695,28,94,Normal
2026-02-14 14:27:07.935164,Berlin-2695,38,37,Normal
2026-02-14 14:27:08.935164,Berlin-2695,-8,35,Normal
2026-02-14 14:27:09.935164,Berlin-2695,26,46,Normal
2026-02-14 14:27:10.935164,Berlin-2695,44,38,Normal
2026-02-14 14:27:11.935164,Berlin-2695,-22,31,Normal
2026-02-14 14:27:12.935164,Berlin-2695,36,96,Normal
2026-02-14 14:27:13.935164,Berlin-2695,42,16,Normal
2026-02-14 14:27:14.935164,Berlin-2695,-11,64,Normal
2026-02-14 14:27:15.935164,Berlin-2695,17,87,Normal
2026-02-14 14:27:16.935164,Berlin-2695,50,67,Normal
2026-02-14 14:27:17.935164,Berlin-2695,19,14,Normal
2026-02-14 14:27:18.935164,Berlin-2695,2,74,Normal
2026-02-14 14:27:19.935164,Berlin-2695,10,5,Normal
2026-02-14 14:27:20.935164,Berlin-2695,37,95,Normal
2026-02-14 14:27:21.935164,Berlin-2695,1,87,Normal
2026-02-14 14:27:22.935164,Berlin-2695,-11,99,Normal
2026-02-14 14:27:23.935164,Berlin-2695,36,49,Normal
2026-02-14 14:27:24.935164,Berlin-2695,43,76,Normal
2026-02-14 14:27:25.935164,Berlin-2695,-26,20,Normal
2026-02-14 14:27:26.935164,Berlin-2695,20,99,Normal
2026-02-14 14:27:27.935164,Berlin-2695,-18,45,Normal
2026-02-14 14:27:28.935164,Berlin-2695,7,7,Normal
2026-02-14 14:27:29.935164,Berlin-2695,27,64,Normal
2026-02-14 14:27:30.935164,Berlin-2695,-2,55,Normal
2026-02-14 14:27:31.935164,Berlin-2695,-29,95,Normal
2026-02-14 14:27:32.935164,Berlin-2695,-29,57,Normal
2026-02-14 14:27:33.935164,Berlin-2695,-19,13,Normal
2026-02-14 14:27:34.935164,Berlin-2695,-16,20,Normal
2026-02-14 14:27:35.935164,Berlin-2695,38,53,Normal
2026-02-14 14:27:36.935164,Berlin-2695,27,44,Normal
2026-02-14 14:27:37.935164,Berlin-2695,16,40,Normal
2026-02-14 14:27:38.935164,Berlin-2695,24,83,Normal
2026-02-14 14:27:39.935164,Berlin-2695,27,26,Normal
2026-02-14 14:27:40.935164,Berlin-2695,3,56,Normal
2026-02-14 14:27:41.935164,Berlin-2695,49,55,Normal
2026-02-14 14:27:42.935164,Berlin-2695,46,78,Normal
2026-02-14 14:27:43.935164,Berlin-2695,5,33,Normal
2026-02-14 14:27:44.935164,Berlin-2695,43,19,Normal
2026-02-14 14:27:45.935164,Berlin-2695,9,90,Normal
2026-02-14 14:27:46.935164,Berlin-2695,-10,62,Normal
2026-02-14 14:27:47.935164,Berlin-2695,38,78,Normal
2026-02-14 14:27:48.935164,Berlin-2695,32,89,Normal
2026-02-14 14:27:49.935164,Berlin-2695,2,0,Normal
2026-02-14 14:27:50.935164,Berlin-2695,22,38,Normal
2026-02-14 14:27:51.935164,Berlin-2695,-26,25,Normal
2026-02-14 14:27:52.935164,Berlin-2695,4,32,Normal
2026-02-14 14:27:53.935164,Berlin-2695,-14,91,Normal
2026-02-14 14:27:54.935164,Berlin-2695,44,17,Normal
2026-02-14 14:27:55.935164,Berlin-2695,22,94,Normal
2026-02-14 14:27:56.935164,Berlin-2695,40,89,Normal
2026-02-14 14:27:57.935164,Berlin-2695,-30,17,Normal
2026-02-14 14:27:58.935164,Berlin-2695,44,60,Normal
2026-02-14 14:27:59.935164,Berlin-2695,36,63,Normal
2026-02-14 14:28:00.935164,Berlin-2695,-17,73,Normal
2026-02-14 14:28:01.935164,Berlin-2695,26,65,Normal
2026-02-14 14:28:02.935164,Berlin-2695,28,90,Normal
2026-02-14 14:28:03.935164,Berlin-2695,-24,20,Normal
2026-02-14 14:28:04.935164,Berlin-2695,41,54,Normal
2026-02-14 14:28:05.935164,Berlin-2695,-15,55,Normal
2026-02-14 14:28:06.935164,Berlin-2695,-16,99,Normal
2026-02-14 14:28:07.935164,Berlin-2695,10,70,Normal
2026-02-14 14:28:08.935164,Berlin-2695,10,56,Normal
2026-02-14 14:28:09.935164,Berlin-2695,46,96,Normal
2026-02-14 14:28:10.935164,Berlin-2695,-12,14,Normal
2026-02-14 14:28:11.935164,Berlin-2695,-5,3,Normal
2026-02-14 14:28:12.935164,Berlin-2695,-9,26,Normal
2026-02-14 14:28:13.935164,Berlin-2695,44,31,Normal
2026-02-14 14:28:14.935164,Berlin-2695,50,70,Normal
2026-02-14 14:28:15.935164,Berlin-2695,27,81,Normal
2026-02-14 14:28:16.935164,Berlin-2695,11,4,Normal
2026-02-14 14:28:17.935164,Berlin-2695,48,22,Normal
2026-02-14 14:28:18.935164,Berlin-2695,-6,34,Normal
2026-02-14 14:28:19.935164,Berlin-2695,30,24,Normal
2026-02-14 14:28:20.935164,Berlin-2695,20,87,Normal
2026-02-14 14:28:21.935164,Berlin-2695,6,48,Normal
2026-02-14 14:28:22.935164,Berlin-2695,4,55,Normal
2026-02-14 14:28:23.935164,Berlin-2695,19,98,Normal
2026-02-14 14:28:24.935164,Berlin-2695,38,60,Normal
2026-02-14 14:28:25.935164,Berlin-2695,20,5,Normal
2026-02-14 14:28:26.935164,Berlin-2695,-4,81,Normal
2026-02-14 14:28:27.935164,Berlin-2695,38,81,Normal
2026-02-14 14:28:28.935164,Berlin-2695,-5,30,Normal
2026-02-14 14:28:29.935164,Berlin-2695,-4,25,Normal
2026-02-14 14:28:30.935164,Berlin-2695,38,40,Normal
2026-02-14 14:28:31.935164,Berlin-2695,-30,97,Normal
2026-02-14 14:28:32.935164,Berlin-2695,-19,42,Normal
2026-02-14 14:28:33.935164,Berlin-2695,49,18,Normal
2026-02-14 14:28:34.935164,Berlin-2695,38,77,Normal
2026-02-14 14:28:35.935164,Berlin-2695,-13,11,Normal
2026-02-14 14:28:36.935164,Berlin-2695,-13,11,Normal
2026-02-14 14:28:37.935164,Berlin-2695,4,53,Normal
2026-02-14 14:28:38.935164,Berlin-2695,44,31,Normal
2026-02-14 14:28:39.935164,Berlin-2695,41,84,Normal
2026-02-14 14:28:40.935164,Berlin-2695,50,31,Normal
2026-02-14 14:28:41.935164,Berlin-2695,-20,71,Normal
2026-02-14 14:28:42.935164,Berlin-2695,-24,6,Normal
2026-02-14 14:28:43.935164,Berlin-2695,-13,33,Normal
2026-02-14 14:28:44.935164,Berlin-2695,-9,39,Normal
2026-02-14 14:28:45.935164,Berlin-2695,22,41,Normal
2026-02-14 14:28:46.935164,Berlin-2695,24,51,Normal
2026-02-14 14:28:47.935164,Berlin-2695,-17,83,Normal
2026-02-14 14:28:48.935164,Berlin-2695,-3,62,Normal
2026-02-14 14:28:49.935164,Berlin-2695,-14,51,Normal
2026-02-14 14:28:50.935164,Berlin-2695,-23,36,Normal
2026-02-14 14:28:51.935164,Berlin-2695,-22,84,Normal
2026-02-14 14:28:52.935164,Berlin-2695,0,35,Normal
2026-02-14 14:28:53.935164,Berlin-2695,-28,97,Normal
2026-02-14 14:28:54.935164,Berlin-2695,44,50,Normal
2026-02-14 14:28:55.935164,Berlin-2695,47,51,Normal
2026-02-14 14:28:56.935164,Berlin-2695,23,82,Normal
2026-02-14 14:28:57.935164,Berlin-2695,50,48,Normal
2026-02-14 14:28:58.935164,Berlin-2695,19,54,Normal
2026-02-14 14:28:59.935164,Berlin-2695,35,92,Normal
2026-02-14 14:29:00.935164,Berlin-2695,8,78,Normal
2026-02-14 14:29:01.935164,Berlin-2695,40,5,Normal
2026-02-14 14:29:02.935164,Berlin-2695,-11,8,Normal
2026-02-14 14:29:03.935164,Berlin-2695,16,54,Normal
2026-02-14 14:29:04.935164,Berlin-2695,-3,91,Normal
2026-02-14 14:29:05.935164,Berlin-2695,-11,80,Normal
2026-02-14 14:29:06.935164,Berlin-2695,46,25,Normal
2026-02-14 14:29:07.935164,Berlin-2695,17,70,Normal
2026-02-14 14:29:08.935164,Berlin-2695,-9,37,Normal
2026-02-14 14:29:09.935164,Berlin-2695,-1,84,Normal
2026-02-14 14:29:10.935164,Berlin-2695,46,62,Normal
2026-02-14 14:29:11.935164,Berlin-2695,35,88,Normal
2026-02-14 14:29:12.935164,Berlin-2695,32,16,Normal
2026-02-14 14:29:13.935164,Berlin-2695,28,34,Normal
2026-02-14 14:29:14.935164,Berlin-2695,16,60,Normal
2026-02-14 14:29:15.935164,Berlin-2695,-23,27,Normal
2026-02-14 14:29:16.935164,Berlin-2695,-7,74,Normal
2026-02-14 14:29:17.935164,Berlin-2695,50,81,Normal
2026-02-14 14:29:18.935164,Berlin-2695,47,2,Normal
2026-02-14 14:29:19.935164,Berlin-2695,14,0,Normal
2026-02-14 14:29:20.935164,Berlin-2695,1,36,Normal
2026-02-14 14:29:21.935164,Berlin-2695,7,58,Normal
2026-02-14 14:29:22.935164,Berlin-2695,8,57,Normal
2026-02-14 14:29:23.935164,Berlin-2695,29,3,Normal
2026-02-14 14:29:24.935164,Berlin-2695,-26,11,Normal
2026-02-14 14:29:25.935164,Berlin-2695,47,52,Normal
2026-02-14 14:29:26.935164,Berlin-2695,11,30,Normal
2026-02-14 14:29:27.935164,Berlin-2695,18,67,Normal
2026-02-14 14:29:28.935164,Berlin-2695,-20,88,Normal
2026-02-14 14:29:29.935164,Berlin-2695,17,39,Normal
2026-02-14 14:29:30.935164,Berlin-2695,39,80,Normal
2026-02-14 14:29:31.935164,Berlin-2695,20,35,Normal
2026-02-14 14:29:32.935164,Berlin-2695,5,64,Normal
2026-02-14 14:29:33.935164,Berlin-2695,11,11,Normal
2026-02-14 14:29:34.935164,Berlin-2695,19,13,Normal
2026-02-14 14:29:35.935164,Berlin-2695,-4,4,Normal
2026-02-14 14:29:36.935164,Berlin-2695,44,60,Normal
2026-02-14 14:29:37.935164,Berlin-2695,24,84,Normal
2026-02-14 14:29:38.935164,Berlin-2695,-17,87,Normal
2026-02-14 14:29:39.935164,Berlin-2695,-16,13,Normal
2026-02-14 14:29:40.935164,Berlin-2695,-13,88,Normal
2026-02-14 14:29:41.935164,Berlin-2695,41,1,Normal
2026-02-14 14:29:42.935164,Berlin-2695,34,48,Normal
2026-02-14 14:29:43.935164,Berlin-2695,30,8,Normal
2026-02-14 14:29:44.935164,Berlin-2695,8,3,Normal
2026-02-14 14:29:45.935164,Berlin-2695,-25,46,Normal
2026-02-14 14:29:46.935164,Berlin-2695,8,72,Normal
2026-02-14 14:29:47.935164,Berlin-2695,14,35,Normal
2026-02-14 14:29:48.935164,Berlin-2695,7,74,Normal
2026-02-14 14:29:49.935164,Berlin-2695,-10,12,Normal
2026-02-14 14:29:50.935164,Berlin-2695,18,64,Normal
2026-02-14 14:29:51.935164,Berlin-2695,-30,17,Normal
2026-02-14 14:29:52.935164,Berlin-2695,47,51,Normal
2026-02-14 14:29:53.935164,Berlin-2695,20,38,Normal
2026-02-14 14:29:54.935164,Berlin-2695,-29,97,Normal
2026-02-14 14:29:55.935164,Berlin-2695,36,85,Normal
2026-02-14 14:29:56.935164,Berlin-2695,18,44,Normal
2026-02-14 14:29:57.935164,Berlin-2695,42,95,Normal
2026-02-14 14:29:58.935164,Berlin-2695,18,17,Normal
2026-02-14 14:29:59.935164,Berlin-2695,18,66,Normal
2026-02-14 14:30:00.935164,Berlin-2695,46,97,Normal
2026-02-14 14:30:01.935164,Berlin-2695,26,80,Normal
2026-02-14 14:30:02.935164,Berlin-2695,-20,11,Normal
2026-02-14 14:30:03.935164,Berlin-2695,17,63,Normal
2026-02-14 14:30:04.935164,Berlin-2695,5,65,Normal
2026-02-14 14:30:05.935164,Berlin-2695,-28,1,Normal
2026-02-14 14:30:06.935164,Berlin-2695,14,71,Normal
2026-02-14 14:30:07.935164,Berlin-2695,39,62,Normal
2026-02-14 14:30:08.935164,Berlin-2695,24,93,Normal
2026-02-14 14:30:09.935164,Berlin-2695,-7,87,Normal
2026-02-14 14:30:10.935164,Berlin-2695,33,89,Normal
2026-02-14 14:30:11.935164,Berlin-2695,42,40,Normal
2026-02-14 14:30:12.935164,Berlin-2695,25,41,Normal
2026-02-14 14:30:13.935164,Berlin-2695,0,14,Normal
2026-02-14 14:30:14.935164,Berlin-2695,36,22,Normal
2026-02-14 14:30:15.935164,Berlin-2695,39,99,Normal
2026-02-14 14:30:16.935164,Berlin-2695,14,7,Normal
2026-02-14 14:30:17.935164,Berlin-2695,47,89,Normal
2026-02-14 14:30:18.935164,Berlin-2695,49,73,Normal
2026-02-14 14:30:19.935164,Berlin-2695,-12,61,Normal
2026-02-14 14:30:20.935164,Berlin-2695,6,80,Normal
2026-02-14 14:30:21.935164,Berlin-2695,-28,51,Normal
2026-02-14 14:30:22.935164,Berlin-2695,10,86,Normal
2026-02-14 14:30:23.935164,Berlin-2695,3,27,Normal
2026-02-14 14:30:24.935164,Berlin-2695,-4,19,Normal
2026-02-14 14:30:25.935164,Berlin-2695,-9,66,Normal
2026-02-14 14:30:26.935164,Berlin-2695,-21,21,Normal
