timestamp,station_id,temp,humid,condition
2026-02-17 08:39:21.546028,Dubai-9a90,-3,58,Normal
2026-02-17 08:39:22.546028,Dubai-9a90,3,74,Normal
2026-02-17 08:39:23.546028,Dubai-9a90,17,36,Normal
2026-02-17 08:39:24.546028,Dubai-9a90,9,26,Normal
2026-02-17 08:39:25.546028,Dubai-9a90,2,76,Normal
2026-02-17 08:39:26.546028,Dubai-9a90,-4,88,Normal
2026-02-17 08:39:27.546028,Dubai-9a90,-18,60,Normal
2026-02-17 08:39:28.546028,Dubai-9a90,35,78,Normal
2026-02-17 08:39:29.546028,Dubai-9a90,16,78,Normal
2026-02-17 08:39:30.546028,Dubai-9a90,32,69,Normal
2026-02-17 08:39:31.546028,Dubai-9a90,15,56,Normal
2026-02-17 08:39:32.546028,Dubai-9a90,6,94,Normal
2026-02-17 08:39:33.546028,Dubai-9a90,47,41,Normal
2026-02-17 08:39:34.546028,Dubai-9a90,-3,38,Normal
2026-02-17 08:39:35.546028,Dubai-9a90,16,85,Normal
2026-02-17 08:39:36.546028,Dubai-9a90,38,72,Normal
2026-02-17 08:39:37.546028,Dubai-9a90,-17,2,Normal
2026-02-17 08:39:38.546028,Dubai-9a90,34,43,Normal
2026-02-17 08:39:39.546028,Dubai-9a90,42,16,Normal
2026-02-17 08:39:40.546028,Dubai-9a90,34,33,Normal
2026-02-17 08:39:41.546028,Dubai-9a90,-12,30,Normal
2026-02-17 08:39:42.546028,Dubai-9a90,31,84,Normal
2026-02-17 08:39:43.546028,Dubai-9a90,-16,92,Normal
2026-02-17 08:39:44.546028,Dubai-9a90,-25,33,Normal
2026-02-17 08:39:45.546028,Dubai-9a90,16,60,Normal
2026-02-17 08:39:46.546028,Dubai-9a90,42,91,Normal
2026-02-17 08:39:47.546028,Dubai-9a90,-9,74,Normal
2026-02-17 08:39:48.546028,Dubai-9a90,1,0,Normal
2026-02-17 08:39:49.546028,Dubai-9a90,45,90,Normal
2026-02-17 08:39:50.546028,Dubai-9a90,-26,95,Normal
2026-02-17 08:39:51.546028,Dubai-9a90,20,66,Normal
2026-02-17 08:39:52.546028,Dubai-9a90,41,6,Normal
2026-02-17 08:39:53.546028,Dubai-9a90,-28,89,Normal
2026-02-17 08:39:54.546028,Dubai-9a90,33,100,Normal
2026-02-17 08:39:55.546028,Dubai-9a90,3,80,Normal
2026-02-17 08:39:56.546028,Dubai-9a90,6,57,Normal
2026-02-17 08:39:57.546028,Dubai-9a90,48,40,Normal
2026-02-17 08:39:58.546028,Dubai-9a90,8,37,Normal
2026-02-17 08:39:59.546028,Dubai-9a90,37,24,Normal
2026-02-17 08:40:00.546028,Dubai-9a90,24,54,Normal
2026-02-17 08:40:01.546028,Dubai-9a90,3,25,Normal
2026-02-17 08:40:02.546028,Dubai-9a90,-8,48,Normal
2026-02-17 08:40:03.546028,Dubai-9a90,-10,63,Normal
2026-02-17 08:40:04.546028,Dubai-9a90,28,68,Normal
2026-02-17 08:40:05.546028,Dubai-9a90,-14,81,Normal
2026-02-17 08:40:06.546028,Dubai-9a90,43,75,Normal
2026-02-17 08:40:07.546028,Dubai-9a90,14,81,Normal
2026-02-17 08:40:08.546028,Dubai-9a90,-24,47,Normal
2026-02-17 08:40:09.546028,Dubai-9a90,32,92,Normal
2026-02-17 08:40:10.546028,Dubai-9a90,-17,76,Normal
2026-02-17 08:40:11.546028,Dubai-9a90,14,34,Normal
2026-02-17 08:40:12.546028,Dubai-9a90,33,13,Normal
2026-02-17 08:40:13.546028,Dubai-9a90,28,87,Normal
2026-02-17 08:40:14.546028,Dubai-9a90,-28,54,Normal
2026-02-17 08:40:15.546028,Dubai-9a90,6,44,Normal
2026-02-17 08:40:16.546028,Dubai-9a90,13,29,Normal
2026-02-17 08:40:17.546028,Dubai-9a90,29,80,Normal
2026-02-17 08:40:18.546028,Dubai-9a90,36,41,Normal
2026-02-17 08:40:19.546028,Dubai-9a90,24,2,Normal
2026-02-17 08:40:20.546028,Dubai-9a90,15,7,Normal
2026-02-17 08:40:21.546028,Dubai-9a90,2,52,Normal
2026-02-17 08:40:22.546028,Dubai-9a90,39,68,Normal
2026-02-17 08:40:23.546028,Dubai-9a90,41,55,Normal
2026-02-17 08:40:24.546028,Dubai-9a90,5,83,Normal
2026-02-17 08:40:25.546028,Dubai-9a90,8,48,Normal
2026-02-17 08:40:26.546028,Dubai-9a90,7,13,Normal
2026-02-17 08:40:27.546028,Dubai-9a90,3,13,Normal
2026-02-17 08:40:28.546028,Dubai-9a90,34,83,Normal
2026-02-17 08:40:29.546028,Dubai-9a90,6,12,Normal
2026-02-17 08:40:30.546028,Dubai-9a90,-10,17,Normal
2026-02-17 08:40:31.546028,Dubai-9a90,10,37,Normal
2026-02-17 08:40:32.546028,Dubai-9a90,0,25,Normal
2026-02-17 08:40:33.546028,Dubai-9a90,1,71,Normal
2026-02-17 08:40:34.546028,Dubai-9a90,27,70,Normal
2026-02-17 08:40:35.546028,Dubai-9a90,45,28,Normal
2026-02-17 08:40:36.546028,Dubai-9a90,-5,21,Normal
2026-02-17 08:40:37.546028,Dubai-9a90,29,76,Normal
2026-02-17 08:40:38.546028,Dubai-9a90,-5,60,Normal
2026-02-17 08:40:39.546028,Dubai-9a90,49,39,Normal
2026-02-17 08:40:40.546028,Dubai-9a90,36,3,Normal
2026-02-17 08:40:41.546028,Dubai-9a90,4,84,Normal
2026-02-17 08:40:42.546028,Dubai-9a90,8,22,Normal
2026-02-17 08:40:43.546028,Dubai-9a90,-27,41,Normal
2026-02-17 08:40:44.546028,Dubai-9a90,22,10,Normal
2026-02-17 08:40:45.546028,Dubai-9a90,20,63,Normal
2026-02-17 08:40:46.546028,Dubai-9a90,3,76,Normal
2026-02-17 08:40:47.546028,Dubai-9a90,6,79,Normal
2026-02-17 08:40:48.546028,Dubai-9a90,8,67,Normal
2026-02-17 08:40:49.546028,Dubai-9a90,-19,25,Normal
2026-02-17 08:40:50.546028,Dubai-9a90,-7,25,Normal
2026-02-17 08:40:51.546028,Dubai-9a90,-21,65,Normal
2026-02-17 08:40:52.546028,Dubai-9a90,-6,56,Normal
2026-02-17 08:40:53.546028,Dubai-9a90,-2,36,Normal
2026-02-17 08:40:54.546028,Dubai-9a90,9,66,Normal
2026-02-17 08:40:55.546028,Dubai-9a90,43,30,Normal
2026-02-17 08:40:56.546028,Dubai-9a90,47,86,Normal
2026-02-17 08:40:57.546028,Dubai-9a90,30,82,Normal
2026-02-17 08:40:58.546028,Dubai-9a90,-24,42,Normal
2026-02-17 08:40:59.546028,Dubai-9a90,9,19,Normal
2026-02-17 08:41:00.546028,Dubai-9a90,-30,32,Normal
2026-02-17 08:41:01.546028,Dubai-9a90,32,62,Normal
2026-02-17 08:41:02.546028,Dubai-9a90,1,31,Normal
2026-02-17 08:41:03.546028,Dubai-9a90,24,86,Normal
2026-02-17 08:41:04.546028,Dubai-9a90,-19,75,Normal
2026-02-17 08:41:05.546028,Dubai-9a90,-19,93,Normal
2026-02-17 08:41:06.546028,Dubai-9a90,2,14,Normal
2026-02-17 08:41:07.546028,Dubai-9a90,-1,27,Normal
2026-02-17 08:41:08.546028,Dubai-9a90,1,28,Normal
2026-02-17 08:41:09.546028,Dubai-9a90,21,42,Normal
2026-02-17 08:41:10.546028,Dubai-9a90,47,13,Normal
2026-02-17 08:41:11.546028,Dubai-9a90,24,35,Normal
2026-02-17 08:41:12.546028,Dubai-9a90,34,4,Normal
2026-02-17 08:41:13.546028,Dubai-9a90,-10,16,Normal
2026-02-17 08:41:14.546028,Dubai-9a90,37,51,Normal
2026-02-17 08:41:15.546028,Dubai-9a90,38,1,Normal
2026-02-17 08:41:16.546028,Dubai-9a90,6,15,Normal
2026-02-17 08:41:17.546028,Dubai-9a90,-28,57,Normal
2026-02-17 08:41:18.546028,Dubai-9a90,14,70,Normal
2026-02-17 08:41:19.546028,Dubai-9a90,-19,82,Normal
2026-02-17 08:41:20.546028,Dubai-9a90,21,85,Normal
2026-02-17 08:41:21.546028,Dubai-9a90,-8,84,Normal
2026-02-17 08:41:22.546028,Dubai-9a90,11,13,Normal
2026-02-17 08:41:23.546028,Dubai-9a90,14,100,Normal
2026-02-17 08:41:24.546028,Dubai-9a90,-29,99,Normal
2026-02-17 08:41:25.546028,Dubai-9a90,-6,15,Normal
2026-02-17 08:41:26.546028,Dubai-9a90,1,95,Normal
2026-02-17 08:41:27.546028,Dubai-9a90,-9,12,Normal
2026-02-17 08:41:28.546028,Dubai-9a90,6,67,Normal
2026-02-17 08:41:29.546028,Dubai-9a90,36,45,Normal
2026-02-17 08:41:30.546028,Dubai-9a90,5,87,Normal
2026-02-17 08:41:31.546028,Dubai-9a90,-7,81,Normal
2026-02-17 08:41:32.546028,Dubai-9a90,27,58,Normal
2026-02-17 08:41:33.546028,Dubai-9a90,-8,17,Normal
2026-02-17 08:41:34.546028,Dubai-9a90,2,84,Normal
2026-02-17 08:41:35.546028,Dubai-9a90,-29,46,Normal
2026-02-17 08:41:36.546028,Dubai-9a90,6,66,Normal
2026-02-17 08:41:37.546028,Dubai-9a90,6,31,Normal
2026-02-17 08:41:38.546028,Dubai-9a90,-9,92,Normal
2026-02-17 08:41:39.546028,Dubai-9a90,-10,96,Normal
2026-02-17 08:41:40.546028,Dubai-9a90,25,46,Normal
2026-02-17 08:41:41.546028,Dubai-9a90,48,52,Normal
2026-02-17 08:41:42.546028,Dubai-9a90,8,90,Normal
2026-02-17 08:41:43.546028,Dubai-9a90,1,25,Normal
2026-02-17 08:41:44.546028,Dubai-9a90,6,46,Normal
2026-02-17 08:41:45.546028,Dubai-9a90,-21,40,Normal
2026-02-17 08:41:46.546028,Dubai-9a90,44,8,Normal
2026-02-17 08:41:47.546028,Dubai-9a90,38,44,Normal
2026-02-17 08:41:48.546028,Dubai-9a90,31,33,Normal
2026-02-17 08:41:49.546028,Dubai-9a90,-12,31,Normal
2026-02-17 08:41:50.546028,Dubai-9a90,-1,9,Normal
2026-02-17 08:41:51.546028,Dubai-9a90,16,79,Normal
2026-02-17 08:41:52.546028,Dubai-9a90,-8,47,Normal
2026-02-17 08:41:53.546028,Dubai-9a90,18,65,Normal
2026-02-17 08:41:54.546028,Dubai-9a90,15,8,Normal
2026-02-17 08:41:55.546028,Dubai-9a90,-7,78,Normal
2026-02-17 08:41:56.546028,Dubai-9a90,-20,4,Normal
2026-02-17 08:41:57.546028,Dubai-9a90,47,74,Normal
2026-02-17 08:41:58.546028,Dubai-9a90,-21,53,Normal
2026-02-17 08:41:59.546028,Dubai-9a90,-22,42,Normal
2026-02-17 08:42:00.546028,Dubai-9a90,21,71,Normal
2026-02-17 08:42:01.546028,Dubai-9a90,-23,87,Normal
2026-02-17 08:42:02.546028,Dubai-9a90,-4,52,Normal
2026-02-17 08:42:03.546028,Dubai-9a90,-17,48,Normal
2026-02-17 08:42:04.546028,Dubai-9a90,-29,82,Normal
2026-02-17 08:42:05.546028,Dubai-9a90,13,4,Normal
2026-02-17 08:42:06.546028,Dubai-9a90,23,61,Normal
2026-02-17 08:42:07.546028,Dubai-9a90,-5,29,Normal
2026-02-17 08:42:08.546028,Dubai-9a90,-29,27,Normal
2026-02-17 08:42:09.546028,Dubai-9a90,6,27,Normal
2026-02-17 08:42:10.546028,Dubai-9a90,-28,66,Normal
2026-02-17 08:42:11.546028,Dubai-9a90,-24,19,Normal
2026-02-17 08:42:12.546028,Dubai-9a90,38,84,Normal
2026-02-17 08:42:13.546028,Dubai-9a90,-15,99,Normal
2026-02-17 08:42:14.546028,Dubai-9a90,4,56,Normal
2026-02-17 08:42:15.546028,Dubai-9a90,48,30,Normal
2026-02-17 08:42:16.546028,Dubai-9a90,36,94,Normal
2026-02-17 08:42:17.546028,Dubai-9a90,-26,49,Normal
2026-02-17 08:42:18.546028,Dubai-9a90,2,27,Normal
2026-02-17 08:42:19.546028,Dubai-9a90,-12,83,Normal
2026-02-17 08:42:20.546028,Dubai-9a90,2,45,Normal
2026-02-17 08:42:21.546028,Dubai-9a90,45,90,Normal
2026-02-17 08:42:22.546028,Dubai-9a90,-7,21,Normal
2026-02-17 08:42:23.546028,Dubai-9a90,-26,20,Normal
2026-02-17 08:42:24.546028,Dubai-9a90,-25,17,Normal
2026-02-17 08:42:25.546028,Dubai-9a90,44,69,Normal
2026-02-17 08:42:26.546028,Dubai-9a90,47,86,Normal
2026-02-17 08:42:27.546028,Dubai-9a90,-19,93,Normal
2026-02-17 08:42:28.546028,Dubai-9a90,-5,15,Normal
2026-02-17 08:42:29.546028,Dubai-9a90,30,44,Normal
2026-02-17 08:42:30.546028,Dubai-9a90,3,68,Normal
2026-02-17 08:42:31.546028,Dubai-9a90,12,83,Normal
2026-02-17 08:42:32.546028,Dubai-9a90,7,65,Normal
2026-02-17 08:42:33.546028,Dubai-9a90,-26,69,Normal
2026-02-17 08:42:34.546028,Dubai-9a90,14,73,Normal
2026-02-17 08:42:35.546028,Dubai-9a90,23,90,Normal
2026-02-17 08:42:36.546028,Dubai-9a90,3,23,Normal
2026-02-17 08:42:37.546028,Dubai-9a90,31,99,Normal
2026-02-17 08:42:38.546028,Dubai-9a90,29,88,Normal
2026-02-17 08:42:39.546028,Dubai-9a90,40,64,Normal
2026-02-17 08:42:40.546028,Dubai-9a90,-27,50,Normal
2026-02-17 08:42:41.546028,Dubai-9a90,-12,21,Normal
2026-02-17 08:42:42.546028,Dubai-9a90,-10,35,Normal
2026-02-17 08:42:43.546028,Dubai-9a90,20,30,Normal
2026-02-17 08:42:44.546028,Dubai-9a90,41,80,Normal
2026-02-17 08:42:45.546028,Dubai-9a90,37,5,Normal
2026-02-17 08:42:46.546028,Dubai-9a90,48,65,Normal
2026-02-17 08:42:47.546028,Dubai-9a90,45,32,Normal
2026-02-17 08:42:48.546028,Dubai-9a90,1,37,Normal
2026-02-17 08:42:49.546028,Dubai-9a90,35,8,Normal
2026-02-17 08:42:50.546028,Dubai-9a90,8,5,Normal
2026-02-17 08:42:51.546028,Dubai-9a90,-2,72,Normal
2026-02-17 08:42:52.546028,Dubai-9a90,25,69,Normal
2026-02-17 08:42:53.546028,Dubai-9a90,35,26,Normal
2026-02-17 08:42:54.546028,Dubai-9a90,37,49,Normal
2026-02-17 08:42:55.546028,Dubai-9a90,-2,68,Normal
2026-02-17 08:42:56.546028,Dubai-9a90,28,90,Normal
2026-02-17 08:42:57.546028,Dubai-9a90,23,43,Normal
2026-02-17 08:42:58.546028,Dubai-9a90,-11,22,Normal
2026-02-17 08:42:59.546028,Dubai-9a90,47,97,Normal
2026-02-17 08:43:00.546028,Dubai-9a90,31,49,Normal
2026-02-17 08:43:01.546028,Dubai-9a90,30,29,Normal
2026-02-17 08:43:02.546028,Dubai-9a90,-6,2,Normal
2026-02-17 08:43:03.546028,Dubai-9a90,-14,0,Normal
2026-02-17 08:43:04.546028,Dubai-9a90,13,19,Normal
2026-02-17 08:43:05.546028,Dubai-9a90,37,90,Normal
2026-02-17 08:43:06.546028,Dubai-9a90,48,51,Normal
2026-02-17 08:43:07.546028,Dubai-9a90,-20,95,Normal
2026-02-17 08:43:08.546028,Dubai-9a90,1,95,Normal
2026-02-17 08:43:09.546028,Dubai-9a90,44,47,Normal
2026-02-17 08:43:10.546028,Dubai-9a90,44,84,Normal
2026-02-17 08:43:11.546028,Dubai-9a90,24,99,Normal
2026-02-17 08:43:12.546028,Dubai-9a90,21,91,Normal
2026-02-17 08:43:13.546028,Dubai-9a90,31,57,Normal
2026-02-17 08:43:14.546028,Dubai-9a90,6,14,Normal
2026-02-17 08:43:15.546028,Dubai-9a90,-6,69,Normal
2026-02-17 08:43:16.546028,Dubai-9a90,21,24,Normal
2026-02-17 08:43:17.546028,Dubai-9a90,-11,59,Normal
2026-02-17 08:43:18.546028,Dubai-9a90,38,19,Normal
2026-02-17 08:43:19.546028,Dubai-9a90,-10,75,Normal
2026-02-17 08:43:20.546028,Dubai-9a90,38,93,Normal
2026-02-17 08:43:21.546028,Dubai-9a90,20,97,Normal
2026-02-17 08:43:22.546028,Dubai-9a90,-5,81,Normal
2026-02-17 08:43:23.546028,Dubai-9a90,13,10,Normal
2026-02-17 08:43:24.546028,Dubai-9a90,-13,92,Normal
2026-02-17 08:43:25.546028,Dubai-9a90,-20,43,Normal
2026-02-17 08:43:26.546028,Dubai-9a90,38,73,Normal
2026-02-17 08:43:27.546028,Dubai-9a90,-29,31,Normal
2026-02-17 08:43:28.546028,Dubai-9a90,19,38,Normal
2026-02-17 08:43:29.546028,Dubai-9a90,-5,67,Normal
2026-02-17 08:43:30.546028,Dubai-9a90,12,56,Normal
2026-02-17 08:43:31.546028,Dubai-9a90,-10,69,Normal
2026-02-17 08:43:32.546028,Dubai-9a90,34,36,Normal
2026-02-17 08:43:33.546028,Dubai-9a90,-25,41,Normal
2026-02-17 08:43:34.546028,Dubai-9a90,-22,71,Normal
2026-02-17 08:43:35.546028,Dubai-9a90,48,32,Normal
2026-02-17 08:43:36.546028,Dubai-9a90,-30,27,Normal
2026-02-17 08:43:37.546028,Dubai-9a90,0,30,Normal
2026-02-17 08:43:38.546028,Dubai-9a90,-24,74,Normal
2026-02-17 08:43:39.546028,Dubai-9a90,-29,0,Normal
2026-02-17 08:43:40.546028,Dubai-9a90,32,30,Normal
2026-02-17 08:43:41.546028,Dubai-9a90,26,69,Normal
2026-02-17 08:43:42.546028,Dubai-9a90,6,2,Normal
2026-02-17 08:43:43.546028,Dubai-9a90,9,28,Normal
2026-02-17 08:43:44.546028,Dubai-9a90,-20,46,Normal
2026-02-17 08:43:45.546028,Dubai-9a90,42,45,Normal
2026-02-17 08:43:46.546028,Dubai-9a90,12,46,Normal
2026-02-17 08:43:47.546028,Dubai-9a90,42,61,Normal
2026-02-17 08:43:48.546028,Dubai-9a90,-29,45,Normal
2026-02-17 08:43:49.546028,Dubai-9a90,4,49,Normal
2026-02-17 08:43:50.546028,Dubai-9a90,29,33,Normal
2026-02-17 08:43:51.546028,Dubai-9a90,8,63,Normal
2026-02-17 08:43:52.546028,Dubai-9a90,-10,13,Normal
2026-02-17 08:43:53.546028,Dubai-9a90,-10,82,Normal
2026-02-17 08:43:54.546028,Dubai-9a90,38,56,Normal
2026-02-17 08:43:55.546028,Dubai-9a90,4,48,Normal
2026-02-17 08:43:56.546028,Dubai-9a90,36,32,Normal
2026-02-17 08:43:57.546028,Dubai-9a90,-11,17,Normal
2026-02-17 08:43:58.546028,Dubai-9a90,-25,90,Normal
2026-02-17 08:43:59.546028,Dubai-9a90,44,60,Normal
2026-02-17 08:44:00.546028,Dubai-9a90,-16,97,Normal
2026-02-17 08:44:01.546028,Dubai-9a90,-21,100,Normal
2026-02-17 08:44:02.546028,Dubai-9a90,-26,0,Normal
2026-02-17 08:44:03.546028,Dubai-9a90,23,45,Normal
2026-02-17 08:44:04.546028,Dubai-9a90,37,83,Normal
2026-02-17 08:44:05.546028,Dubai-9a90,-13,34,Normal
2026-02-17 08:44:06.546028,Dubai-9a90,14,54,Normal
2026-02-17 08:44:07.546028,Dubai-9a90,31,80,Normal
2026-02-17 08:44:08.546028,Dubai-9a90,43,58,Normal
2026-02-17 08:44:09.546028,Dubai-9a90,-3,3,Normal
2026-02-17 08:44:10.546028,Dubai-9a90,-20,87,Normal
2026-02-17 08:44:11.546028,Dubai-9a90,37,91,Normal
2026-02-17 08:44:12.546028,Dubai-9a90,-18,0,Normal
2026-02-17 08:44:13.546028,Dubai-9a90,12,81,Normal
2026-02-17 08:44:14.546028,Dubai-9a90,-1,42,Normal
2026-02-17 08:44:15.546028,Dubai-9a90,3,51,Normal
2026-02-17 08:44:16.546028,Dubai-9a90,46,88,Normal
2026-02-17 08:44:17.546028,Dubai-9a90,-13,62,Normal
2026-02-17 08:44:18.546028,Dubai-9a90,42,86,Normal
2026-02-17 08:44:19.546028,Dubai-9a90,4,79,Normal
2026-02-17 08:44:20.546028,Dubai-9a90,-24,31,Normal
2026-02-17 08:44:21.546028,Dubai-9a90,12,72,Normal
2026-02-17 08:44:22.546028,Dubai-9a90,30,21,Normal
2026-02-17 08:44:23.546028,Dubai-9a90,-19,33,Normal
2026-02-17 08:44:24.546028,Dubai-9a90,-18,68,Normal
2026-02-17 08:44:25.546028,Dubai-9a90,20,49,Normal
2026-02-17 08:44:26.546028,Dubai-9a90,39,20,Normal
2026-02-17 08:44:27.546028,Dubai-9a90,9,35,Normal
2026-02-17 08:44:28.546028,Dubai-9a90,5,44,Normal
2026-02-17 08:44:29.546028,Dubai-9a90,-29,5,Normal
2026-02-17 08:44:30.546028,Dubai-9a90,1,69,Normal
2026-02-17 08:44:31.546028,Dubai-9a90,38,35,Normal
2026-02-17 08:44:32.546028,Dubai-9a90,-8,58,Normal
2026-02-17 08:44:33.546028,Dubai-9a90,-22,49,Normal
2026-02-17 08:44:34.546028,Dubai-9a90,37,0,Normal
2026-02-17 08:44:35.546028,Dubai-9a90,31,43,Normal
2026-02-17 08:44:36.546028,Dubai-9a90,-14,64,Normal
2026-02-17 08:44:37.546028,Dubai-9a90,30,11,Normal
2026-02-17 08:44:38.546028,Dubai-9a90,-29,19,Normal
2026-02-17 08:44:39.546028,Dubai-9a90,43,33,Normal
2026-02-17 08:44:40.546028,Dubai-9a90,40,35,Normal
2026-02-17 08:44:41.546028,Dubai-9a90,-25,34,Normal
2026-02-17 08:44:42.546028,Dubai-9a90,12,81,Normal
2026-02-17 08:44:43.546028,Dubai-9a90,19,78,Normal
2026-02-17 08:44:44.546028,Dubai-9a90,9,94,Normal
2026-02-17 08:44:45.546028,Dubai-9a90,50,18,Normal
2026-02-17 08:44:46.546028,Dubai-9a90,24,8,Normal
2026-02-17 08:44:47.546028,Dubai-9a90,38,41,Normal
2026-02-17 08:44:48.546028,Dubai-9a90,-5,3,Normal
2026-02-17 08:44:49.546028,Dubai-9a90,-14,21,Normal
2026-02-17 08:44:50.546028,Dubai-9a90,-7,77,Normal
2026-02-17 08:44:51.546028,Dubai-9a90,25,74,Normal
2026-02-17 08:44:52.546028,Dubai-9a90,-28,40,Normal
2026-02-17 08:44:53.546028,Dubai-9a90,0,55,Normal
2026-02-17 08:44:54.546028,Dubai-9a90,20,51,Normal
2026-02-17 08:44:55.546028,Dubai-9a90,4,34,Normal
2026-02-17 08:44:56.546028,Dubai-9a90,-23,68,Normal
2026-02-17 08:44:57.546028,Dubai-9a90,-10,14,Normal
2026-02-17 08:44:58.546028,Dubai-9a90,33,6,Normal
2026-02-17 08:44:59.546028,Dubai-9a90,-1,97,Normal
2026-02-17 08:45:00.546028,Dubai-9a90,-27,79,Normal
2026-02-17 08:45:01.546028,Dubai-9a90,-3,0,Normal
2026-02-17 08:45:02.546028,Dubai-9a90,12,31,Normal
2026-02-17 08:45:03.546028,Dubai-9a90,22,69,Normal
2026-02-17 08:45:04.546028,Dubai-9a90,-15,95,Normal
2026-02-17 08:45:05.546028,Dubai-9a90,33,53,Normal
2026-02-17 08:45:06.546028,Dubai-9a90,44,89,Normal
2026-02-17 08:45:07.546028,Dubai-9a90,47,50,Normal
2026-02-17 08:45:08.546028,Dubai-9a90,-6,78,Normal
2026-02-17 08:45:09.546028,Dubai-9a90,2,77,Normal
2026-02-17 08:45:10.546028,Dubai-9a90,38,63,Normal
2026-02-17 08:45:11.546028,Dubai-9a90,44,98,Normal
2026-02-17 08:45:12.546028,Dubai-9a90,45,10,Normal
2026-02-17 08:45:13.546028,Dubai-9a90,27,27,Normal
2026-02-17 08:45:14.546028,Dubai-9a90,40,35,Normal
2026-02-17 08:45:15.546028,Dubai-9a90,-1,85,Normal
2026-02-17 08:45:16.546028,Dubai-9a90,36,0,Normal
2026-02-17 08:45:17.546028,Dubai-9a90,9,21,Normal
2026-02-17 08:45:18.546028,Dubai-9a90,31,71,Normal
2026-02-17 08:45:19.546028,Dubai-9a90,45,49,Normal
2026-02-17 08:45:20.546028,Dubai-9a90,32,72,Normal
2026-02-17 08:45:21.546028,Dubai-9a90,-3,60,Normal
2026-02-17 08:45:22.546028,Dubai-9a90,-12,84,Normal
2026-02-17 08:45:23.546028,Dubai-9a90,28,60,Normal
2026-02-17 08:45:24.546028,Dubai-9a90,29,28,Normal
2026-02-17 08:45:25.546028,Dubai-9a90,42,89,Normal
2026-02-17 08:45:26.546028,Dubai-9a90,24,6,Normal
2026-02-17 08:45:27.546028,Dubai-9a90,41,53,Normal
2026-02-17 08:45:28.546028,Dubai-9a90,8,26,Normal
2026-02-17 08:45:29.546028,Dubai-9a90,15,82,Normal
2026-02-17 08:45:30.546028,Dubai-9a90,17,31,Normal
2026-02-17 08:45:31.546028,Dubai-9a90,8,19,Normal
2026-02-17 08:45:32.546028,Dubai-9a90,-15,28,Normal
2026-02-17 08:45:33.546028,Dubai-9a90,1,40,Normal
2026-02-17 08:45:34.546028,Dubai-9a90,29,43,Normal
2026-02-17 08:45:35.546028,Dubai-9a90,18,60,Normal
2026-02-17 08:45:36.546028,Dubai-9a90,21,85,Normal
2026-02-17 08:45:37.546028,Dubai-9a90,34,63,Normal
2026-02-17 08:45:38.546028,Dubai-9a90,-28,25,Normal
2026-02-17 08:45:39.546028,Dubai-9a90,34,22,Normal
2026-02-17 08:45:40.546028,Dubai-9a90,-28,27,Normal
2026-02-17 08:45:41.546028,Dubai-9a90,-25,84,Normal
2026-02-17 08:45:42.546028,Dubai-9a90,7,14,Normal
2026-02-17 08:45:43.546028,Dubai-9a90,7,2,Normal
2026-02-17 08:45:44.546028,Dubai-9a90,-28,15,Normal
2026-02-17 08:45:45.546028,Dubai-9a90,-9,17,Normal
2026-02-17 08:45:46.546028,Dubai-9a90,-13,22,Normal
2026-02-17 08:45:47.546028,Dubai-9a90,9,74,Normal
2026-02-17 08:45:48.546028,Dubai-9a90,33,17,Normal
2026-02-17 08:45:49.546028,Dubai-9a90,29,10,Normal
2026-02-17 08:45:50.546028,Dubai-9a90,48,97,Normal
2026-02-17 08:45:51.546028,Dubai-9a90,-6,66,Normal
2026-02-17 08:45:52.546028,Dubai-9a90,18,22,Normal
2026-02-17 08:45:53.546028,Dubai-9a90,-16,52,Normal
2026-02-17 08:45:54.546028,Dubai-9a90,48,74,Normal
2026-02-17 08:45:55.546028,Dubai-9a90,-8,63,Normal
2026-02-17 08:45:56.546028,Dubai-9a90,-24,45,Normal
2026-02-17 08:45:57.546028,Dubai-9a90,-29,92,Normal
2026-02-17 08:45:58.546028,Dubai-9a90,24,68,Normal
2026-02-17 08:45:59.546028,Dubai-9a90,-28,74,Normal
2026-02-17 08:46:00.546028,Dubai-9a90,22,34,Normal
2026-02-17 08:46:01.546028,Dubai-9a90,-11,4,Normal
2026-02-17 08:46:02.546028,Dubai-9a90,-15,89,Normal
2026-02-17 08:46:03.546028,Dubai-9a90,17,52,Normal
2026-02-17 08:46:04.546028,Dubai-9a90,44,5,Normal
2026-02-17 08:46:05.546028,Dubai-9a90,0,8,Normal
2026-02-17 08:46:06.546028,Dubai-9a90,31,46,Normal
2026-02-17 08:46:07.546028,Dubai-9a90,-27,10,Normal
2026-02-17 08:46:08.546028,Dubai-9a90,10,82,Normal
2026-02-17 08:46:09.546028,Dubai-9a90,47,23,Normal
2026-02-17 08:46:10.546028,Dubai-9a90,10,7,Normal
2026-02-17 08:46:11.546028,Dubai-9a90,46,79,Normal
2026-02-17 08:46:12.546028,Dubai-9a90,33,96,Normal
2026-02-17 08:46:13.546028,Dubai-9a90,26,36,Normal
2026-02-17 08:46:14.546028,Dubai-9a90,-15,19,Normal
2026-02-17 08:46:15.546028,Dubai-9a90,6,58,Normal
2026-02-17 08:46:16.546028,Dubai-9a90,-21,37,Normal
2026-02-17 08:46:17.546028,Dubai-9a90,5,30,Normal
2026-02-17 08:46:18.546028,Dubai-9a90,-13,91,Normal
2026-02-17 08:46:19.546028,Dubai-9a90,32,3,Normal
2026-02-17 08:46:20.546028,Dubai-9a90,-2,11,Normal
2026-02-17 08:46:21.546028,Dubai-9a90,27,57,Normal
2026-02-17 08:46:22.546028,Dubai-9a90,31,23,Normal
2026-02-17 08:46:23.546028,Dubai-9a90,29,89,Normal
2026-02-17 08:46:24.546028,Dubai-9a90,-29,36,Normal
2026-02-17 08:46:25.546028,Dubai-9a90,28,25,Normal
2026-02-17 08:46:26.546028,Dubai-9a90,23,67,Normal
2026-02-17 08:46:27.546028,Dubai-9a90,47,31,Normal
2026-02-17 08:46:28.546028,Dubai-9a90,0,1,Normal
2026-02-17 08:46:29.546028,Dubai-9a90,1,17,Normal
2026-02-17 08:46:30.546028,Dubai-9a90,-10,70,Normal
2026-02-17 08:46:31.546028,Dubai-9a90,10,9,Normal
2026-02-17 08:46:32.546028,Dubai-9a90,5,35,Normal
2026-02-17 08:46:33.546028,Dubai-9a90,-18,85,Normal
2026-02-17 08:46:34.546028,Dubai-9a90,49,39,Normal
2026-02-17 08:46:35.546028,Dubai-9a90,7,6,Normal
2026-02-17 08:46:36.546028,Dubai-9a90,-26,40,Normal
2026-02-17 08:46:37.546028,Dubai-9a90,-9,89,Normal
2026-02-17 08:46:38.546028,Dubai-9a90,24,71,Normal
2026-02-17 08:46:39.546028,Dubai-9a90,-3,1,Normal
2026-02-17 08:46:40.546028,Dubai-9a90,-10,10,Normal
2026-02-17 08:46:41.546028,Dubai-9a90,-28,58,Normal
2026-02-17 08:46:42.546028,Dubai-9a90,44,17,Normal
2026-02-17 08:46:43.546028,Dubai-9a90,48,64,Normal
2026-02-17 08:46:44.546028,Dubai-9a90,35,39,Normal
2026-02-17 08:46:45.546028,Dubai-9a90,-3,63,Normal
2026-02-17 08:46:46.546028,Dubai-9a90,18,67,Normal
2026-02-17 08:46:47.546028,Dubai-9a90,35,14,Normal
2026-02-17 08:46:48.546028,Dubai-9a90,26,97,Normal
2026-02-17 08:46:49.546028,Dubai-9a90,-23,2,Normal
2026-02-17 08:46:50.546028,Dubai-9a90,19,24,Normal
2026-02-17 08:46:51.546028,Dubai-9a90,37,25,Normal
2026-02-17 08:46:52.546028,Dubai-9a90,17,88,Normal
2026-02-17 08:46:53.546028,Dubai-9a90,49,99,Normal
2026-02-17 08:46:54.546028,Dubai-9a90,50,34,Normal
2026-02-17 08:46:55.546028,Dubai-9a90,43,92,Normal
2026-02-17 08:46:56.546028,Dubai-9a90,-14,17,Normal
2026-02-17 08:46:57.546028,Dubai-9a90,-7,96,Normal
2026-02-17 08:46:58.546028,Dubai-9a90,-20,6,Normal
2026-02-17 08:46:59.546028,Dubai-9a90,17,83,Normal
2026-02-17 08:47:00.546028,Dubai-9a90,38,2,Normal
2026-02-17 08:47:01.546028,Dubai-9a90,1,95,Normal
2026-02-17 08:47:02.546028,Dubai-9a90,32,70,Normal
2026-02-17 08:47:03.546028,Dubai-9a90,7,55,Normal
2026-02-17 08:47:04.546028,Dubai-9a90,38,42,Normal
2026-02-17 08:47:05.546028,Dubai-9a90,30,7,Normal
2026-02-17 08:47:06.546028,Dubai-9a90,-12,99,Normal
2026-02-17 08:47:07.546028,Dubai-9a90,-27,77,Normal
2026-02-17 08:47:08.546028,Dubai-9a90,7,32,Normal
2026-02-17 08:47:09.546028,Dubai-9a90,25,26,Normal
2026-02-17 08:47:10.546028,Dubai-9a90,16,28,Normal
2026-02-17 08:47:11.546028,Dubai-9a90,-17,38,Normal
2026-02-17 08:47:12.546028,Dubai-9a90,13,81,Normal
2026-02-17 08:47:13.546028,Dubai-9a90,9,81,Normal
2026-02-17 08:47:14.546028,Dubai-9a90,-12,15,Normal
2026-02-17 08:47:15.546028,Dubai-9a90,-15,55,Normal
2026-02-17 08:47:16.546028,Dubai-9a90,-5,66,Normal
2026-02-17 08:47:17.546028,Dubai-9a90,27,42,Normal
2026-02-17 08:47:18.546028,Dubai-9a90,36,87,Normal
2026-02-17 08:47:19.546028,Dubai-9a90,-4,35,Normal
2026-02-17 08:47:20.546028,Dubai-9a90,24,30,Normal
2026-02-17 08:47:21.546028,Dubai-9a90,-8,46,Normal
2026-02-17 08:47:22.546028,Dubai-9a90,42,54,Normal
2026-02-17 08:47:23.546028,Dubai-9a90,49,2,Normal
2026-02-17 08:47:24.546028,Dubai-9a90,37,2,Normal
2026-02-17 08:47:25.546028,Dubai-9a90,-10,50,Normal
2026-02-17 08:47:26.546028,Dubai-9a90,-16,54,Normal
2026-02-17 08:47:27.546028,Dubai-9a90,-14,96,Normal
2026-02-17 08:47:28.546028,Dubai-9a90,-17,12,Normal
2026-02-17 08:47:29.546028,Dubai-9a90,-18,60,Normal
2026-02-17 08:47:30.546028,Dubai-9a90,24,99,Normal
2026-02-17 08:47:31.546028,Dubai-9a90,-25,50,Normal
2026-02-17 08:47:32.546028,Dubai-9a90,7,50,Normal
2026-02-17 08:47:33.546028,Dubai-9a90,42,57,Normal
2026-02-17 08:47:34.546028,Dubai-9a90,50,71,Normal
2026-02-17 08:47:35.546028,Dubai-9a90,32,40,Normal
2026-02-17 08:47:36.546028,Dubai-9a90,-11,41,Normal
2026-02-17 08:47:37.546028,Dubai-9a90,18,74,Normal
2026-02-17 08:47:38.546028,Dubai-9a90,5,43,Normal
2026-02-17 08:47:39.546028,Dubai-9a90,1,64,Normal
2026-02-17 08:47:40.546028,Dubai-9a90,-15,60,Normal
2026-02-17 08:47:41.546028,Dubai-9a90,45,18,Normal
2026-02-17 08:47:42.546028,Dubai-9a90,-17,89,Normal
2026-02-17 08:47:43.546028,Dubai-9a90,-13,27,Normal
2026-02-17 08:47:44.546028,Dubai-9a90,34,70,Normal
2026-02-17 08:47:45.546028,Dubai-9a90,-10,59,Normal
2026-02-17 08:47:46.546028,Dubai-9a90,-3,98,Normal
2026-02-17 08:47:47.546028,Dubai-9a90,25,65,Normal
2026-02-17 08:47:48.546028,Dubai-9a90,24,87,Normal
2026-02-17 08:47:49.546028,Dubai-9a90,16,10,Normal
2026-02-17 08:47:50.546028,Dubai-9a90,-12,69,Normal
2026-02-17 08:47:51.546028,Dubai-9a90,33,28,Normal
2026-02-17 08:47:52.546028,Dubai-9a90,-9,68,Normal
2026-02-17 08:47:53.546028,Dubai-9a90,22,43,Normal
2026-02-17 08:47:54.546028,Dubai-9a90,-1,6,Normal
2026-02-17 08:47:55.546028,Dubai-9a90,22,39,Normal
2026-02-17 08:47:56.546028,Dubai-9a90,26,10,Normal
2026-02-17 08:47:57.546028,Dubai-9a90,47,42,Normal
2026-02-17 08:47:58.546028,Dubai-9a90,-30,53,Normal
2026-02-17 08:47:59.546028,Dubai-9a90,19,42,Normal
2026-02-17 08:48:00.546028,Dubai-9a90,32,70,Normal
2026-02-17 08:48:01.546028,Dubai-9a90,8,1,Normal
2026-02-17 08:48:02.546028,Dubai-9a90,47,56,Normal
2026-02-17 08:48:03.546028,Dubai-9a90,8,8,Normal
2026-02-17 08:48:04.546028,Dubai-9a90,13,21,Normal
2026-02-17 08:48:05.546028,Dubai-9a90,48,25,Normal
2026-02-17 08:48:06.546028,Dubai-9a90,49,53,Normal
2026-02-17 08:48:07.546028,Dubai-9a90,4,27,Normal
2026-02-17 08:48:08.546028,Dubai-9a90,47,100,Normal
2026-02-17 08:48:09.546028,Dubai-9a90,15,32,Normal
2026-02-17 08:48:10.546028,Dubai-9a90,-4,86,Normal
2026-02-17 08:48:11.546028,Dubai-9a90,-8,7,Normal
2026-02-17 08:48:12.546028,Dubai-9a90,-8,28,Normal
2026-02-17 08:48:13.546028,Dubai-9a90,-23,17,Normal
2026-02-17 08:48:14.546028,Dubai-9a90,-21,50,Normal
2026-02-17 08:48:15.546028,Dubai-9a90,46,30,Normal
2026-02-17 08:48:16.546028,Dubai-9a90,-23,36,Normal
2026-02-17 08:48:17.546028,Dubai-9a90,32,67,Normal
2026-02-17 08:48:18.546028,Dubai-9a90,35,0,Normal
2026-02-17 08:48:19.546028,Dubai-9a90,25,53,Normal
2026-02-17 08:48:20.546028,Dubai-9a90,40,36,Normal
2026-02-17 08:48:21.546028,Dubai-9a90,-20,37,Normal
2026-02-17 08:48:22.546028,Dubai-9a90,-1,65,Normal
2026-02-17 08:48:23.546028,Dubai-9a90,-16,44,Normal
2026-02-17 08:48:24.546028,Dubai-9a90,-29,48,Normal
2026-02-17 08:48:25.546028,Dubai-9a90,21,39,Normal
2026-02-17 08:48:26.546028,Dubai-9a90,34,72,Normal
2026-02-17 08:48:27.546028,Dubai-9a90,38,96,Normal
2026-02-17 08:48:28.546028,Dubai-9a90,26,27,Normal
2026-02-17 08:48:29.546028,Dubai-9a90,36,26,Normal
2026-02-17 08:48:30.546028,Dubai-9a90,47,80,Normal
2026-02-17 08:48:31.546028,Dubai-9a90,-13,10,Normal
2026-02-17 08:48:32.546028,Dubai-9a90,39,19,Normal
2026-02-17 08:48:33.546028,Dubai-9a90,25,7,Normal
2026-02-17 08:48:34.546028,Dubai-9a90,13,49,Normal
2026-02-17 08:48:35.546028,Dubai-9a90,33,32,Normal
2026-02-17 08:48:36.546028,Dubai-9a90,-16,21,Normal
2026-02-17 08:48:37.546028,Dubai-9a90,-28,16,Normal
2026-02-17 08:48:38.546028,Dubai-9a90,-11,20,Normal
2026-02-17 08:48:39.546028,Dubai-9a90,16,37,Normal
2026-02-17 08:48:40.546028,Dubai-9a90,-7,2,Normal
2026-02-17 08:48:41.546028,Dubai-9a90,43,57,Normal
2026-02-17 08:48:42.546028,Dubai-9a90,45,33,Normal
2026-02-17 08:48:43.546028,Dubai-9a90,-27,68,Normal
2026-02-17 08:48:44.546028,Dubai-9a90,-28,49,Normal
2026-02-17 08:48:45.546028,Dubai-9a90,1,93,Normal
2026-02-17 08:48:46.546028,Dubai-9a90,-9,53,Normal
2026-02-17 08:48:47.546028,Dubai-9a90,7,24,Normal
2026-02-17 08:48:48.546028,Dubai-9a90,-27,20,Normal
2026-02-17 08:48:49.546028,Dubai-9a90,-25,35,Normal
2026-02-17 08:48:50.546028,Dubai-9a90,12,94,Normal
2026-02-17 08:48:51.546028,Dubai-9a90,26,92,Normal
2026-02-17 08:48:52.546028,Dubai-9a90,-23,43,Normal
2026-02-17 08:48:53.546028,Dubai-9a90,2,1,Normal
2026-02-17 08:48:54.546028,Dubai-9a90,35,52,Normal
2026-02-17 08:48:55.546028,Dubai-9a90,18,83,Normal
2026-02-17 08:48:56.546028,Dubai-9a90,39,95,Normal
2026-02-17 08:48:57.546028,Dubai-9a90,35,45,Normal
2026-02-17 08:48:58.546028,Dubai-9a90,-8,75,Normal
2026-02-17 08:48:59.546028,Dubai-9a90,33,41,Normal
2026-02-17 08:49:00.546028,Dubai-9a90,-8,61,Normal
2026-02-17 08:49:01.546028,Dubai-9a90,-28,91,Normal
2026-02-17 08:49:02.546028,Dubai-9a90,31,56,Normal
2026-02-17 08:49:03.546028,Dubai-9a90,-14,80,Normal
2026-02-17 08:49:04.546028,Dubai-9a90,22,11,Normal
2026-02-17 08:49:05.546028,Dubai-9a90,-16,69,Normal
2026-02-17 08:49:06.546028,Dubai-9a90,39,25,Normal
2026-02-17 08:49:07.546028,Dubai-9a90,29,6,Normal
2026-02-17 08:49:08.546028,Dubai-9a90,5,57,Normal
2026-02-17 08:49:09.546028,Dubai-9a90,2,6,Normal
2026-02-17 08:49:10.546028,Dubai-9a90,12,46,Normal
2026-02-17 08:49:11.546028,Dubai-9a90,33,74,Normal
2026-02-17 08:49:12.546028,Dubai-9a90,43,14,Normal
2026-02-17 08:49:13.546028,Dubai-9a90,32,22,Normal
2026-02-17 08:49:14.546028,Dubai-9a90,40,92,Normal
2026-02-17 08:49:15.546028,Dubai-9a90,10,68,Normal
2026-02-17 08:49:16.546028,Dubai-9a90,9,42,Normal
2026-02-17 08:49:17.546028,Dubai-9a90,30,46,Normal
2026-02-17 08:49:18.546028,Dubai-9a90,34,86,Normal
2026-02-17 08:49:19.546028,Dubai-9a90,-24,62,Normal
2026-02-17 08:49:20.546028,Dubai-9a90,-16,39,Normal
2026-02-17 08:49:21.546028,Dubai-9a90,-18,32,Normal
2026-02-17 08:49:22.546028,Dubai-9a90,-23,40,Normal
2026-02-17 08:49:23.546028,Dubai-9a90,34,46,Normal
2026-02-17 08:49:24.546028,Dubai-9a90,22,30,Normal
2026-02-17 08:49:25.546028,Dubai-9a90,-2,89,Normal
2026-02-17 08:49:26.546028,Dubai-9a90,-20,48,Normal
2026-02-17 08:49:27.546028,Dubai-9a90,-11,56,Normal
2026-02-17 08:49:28.546028,Dubai-9a90,42,38,Normal
2026-02-17 08:49:29.546028,Dubai-9a90,-1,80,Normal
2026-02-17 08:49:30.546028,Dubai-9a90,-6,55,Normal
2026-02-17 08:49:31.546028,Dubai-9a90,22,49,Normal
2026-02-17 08:49:32.546028,Dubai-9a90,14,7,Normal
2026-02-17 08:49:33.546028,Dubai-9a90,-25,51,Normal
2026-02-17 08:49:34.546028,Dubai-9a90,6,74,Normal
2026-02-17 08:49:35.546028,Dubai-9a90,-9,26,Normal
2026-02-17 08:49:36.546028,Dubai-9a90,1,15,Normal
2026-02-17 08:49:37.546028,Dubai-9a90,24,35,Normal
2026-02-17 08:49:38.546028,Dubai-9a90,-8,67,Normal
2026-02-17 08:49:39.546028,Dubai-9a90,12,37,Normal
2026-02-17 08:49:40.546028,Dubai-9a90,19,5,Normal
2026-02-17 08:49:41.546028,Dubai-9a90,27,33,Normal
2026-02-17 08:49:42.546028,Dubai-9a90,-25,32,Normal
2026-02-17 08:49:43.546028,Dubai-9a90,37,69,Normal
2026-02-17 08:49:44.546028,Dubai-9a90,-13,72,Normal
2026-02-17 08:49:45.546028,Dubai-9a90,-11,55,Normal
2026-02-17 08:49:46.546028,Dubai-9a90,6,65,Normal
2026-02-17 08:49:47.546028,Dubai-9a90,14,22,Normal
2026-02-17 08:49:48.546028,Dubai-9a90,5,10,Normal
2026-02-17 08:49:49.546028,Dubai-9a90,27,81,Normal
2026-02-17 08:49:50.546028,Dubai-9a90,31,95,Normal
2026-02-17 08:49:51.546028,Dubai-9a90,-17,82,Normal
2026-02-17 08:49:52.546028,Dubai-9a90,15,54,Normal
2026-02-17 08:49:53.546028,Dubai-9a90,-2,80,Normal
2026-02-17 08:49:54.546028,Dubai-9a90,-29,43,Normal
2026-02-17 08:49:55.546028,Dubai-9a90,-21,66,Normal
2026-02-17 08:49:56.546028,Dubai-9a90,2,78,Normal
2026-02-17 08:49:57.546028,Dubai-9a90,36,73,Normal
2026-02-17 08:49:58.546028,Dubai-9a90,10,32,Normal
2026-02-17 08:49:59.546028,Dubai-9a90,-3,68,Normal
2026-02-17 08:50:00.546028,Dubai-9a90,19,97,Normal
2026-02-17 08:50:01.546028,Dubai-9a90,12,52,Normal
2026-02-17 08:50:02.546028,Dubai-9a90,-21,57,Normal
2026-02-17 08:50:03.546028,Dubai-9a90,14,29,Normal
2026-02-17 08:50:04.546028,Dubai-9a90,13,40,Normal
2026-02-17 08:50:05.546028,Dubai-9a90,-5,42,Normal
2026-02-17 08:50:06.546028,Dubai-9a90,-13,95,Normal
2026-02-17 08:50:07.546028,Dubai-9a90,-23,29,Normal
2026-02-17 08:50:08.546028,Dubai-9a90,1,29,Normal
2026-02-17 08:50:09.546028,Dubai-9a90,-17,24,Normal
2026-02-17 08:50:10.546028,Dubai-9a90,23,96,Normal
2026-02-17 08:50:11.546028,Dubai-9a90,-24,61,Normal
2026-02-17 08:50:12.546028,Dubai-9a90,41,49,Normal
2026-02-17 08:50:13.546028,Dubai-9a90,0,96,Normal
2026-02-17 08:50:14.546028,Dubai-9a90,-15,61,Normal
2026-02-17 08:50:15.546028,Dubai-9a90,20,78,Normal
2026-02-17 08:50:16.546028,Dubai-9a90,20,50,Normal
2026-02-17 08:50:17.546028,Dubai-9a90,25,59,Normal
2026-02-17 08:50:18.546028,Dubai-9a90,23,9,Normal
2026-02-17 08:50:19.546028,Dubai-9a90,35,91,Normal
2026-02-17 08:50:20.546028,Dubai-9a90,5,73,Normal
2026-02-17 08:50:21.546028,Dubai-9a90,-8,42,Normal
2026-02-17 08:50:22.546028,Dubai-9a90,34,24,Normal
2026-02-17 08:50:23.546028,Dubai-9a90,5,69,Normal
2026-02-17 08:50:24.546028,Dubai-9a90,45,91,Normal
2026-02-17 08:50:25.546028,Dubai-9a90,12,95,Normal
2026-02-17 08:50:26.546028,Dubai-9a90,-3,3,Normal
2026-02-17 08:50:27.546028,Dubai-9a90,-20,49,Normal
2026-02-17 08:50:28.546028,Dubai-9a90,0,99,Normal
2026-02-17 08:50:29.546028,Dubai-9a90,-4,80,Normal
2026-02-17 08:50:30.546028,Dubai-9a90,0,50,Normal
2026-02-17 08:50:31.546028,Dubai-9a90,12,29,Normal
2026-02-17 08:50:32.546028,Dubai-9a90,7,80,Normal
2026-02-17 08:50:33.546028,Dubai-9a90,7,58,Normal
2026-02-17 08:50:34.546028,Dubai-9a90,9,60,Normal
2026-02-17 08:50:35.546028,Dubai-9a90,18,8,Normal
2026-02-17 08:50:36.546028,Dubai-9a90,-8,6,Normal
2026-02-17 08:50:37.546028,Dubai-9a90,-16,28,Normal
2026-02-17 08:50:38.546028,Dubai-9a90,30,17,Normal
2026-02-17 08:50:39.546028,Dubai-9a90,32,5,Normal
2026-02-17 08:50:40.546028,Dubai-9a90,7,76,Normal
2026-02-17 08:50:41.546028,Dubai-9a90,-1,58,Normal
2026-02-17 08:50:42.546028,Dubai-9a90,-28,100,Normal
2026-02-17 08:50:43.546028,Dubai-9a90,3,19,Normal
2026-02-17 08:50:44.546028,Dubai-9a90,43,38,Normal
2026-02-17 08:50:45.546028,Dubai-9a90,45,0,Normal
2026-02-17 08:50:46.546028,Dubai-9a90,-21,19,Normal
2026-02-17 08:50:47.546028,Dubai-9a90,11,79,Normal
2026-02-17 08:50:48.546028,Dubai-9a90,31,3,Normal
2026-02-17 08:50:49.546028,Dubai-9a90,9,42,Normal
2026-02-17 08:50:50.546028,Dubai-9a90,16,5,Normal
2026-02-17 08:50:51.546028,Dubai-9a90,49,54,Normal
2026-02-17 08:50:52.546028,Dubai-9a90,-13,71,Normal
2026-02-17 08:50:53.546028,Dubai-9a90,12,42,Normal
2026-02-17 08:50:54.546028,Dubai-9a90,-22,21,Normal
2026-02-17 08:50:55.546028,Dubai-9a90,7,37,Normal
2026-02-17 08:50:56.546028,Dubai-9a90,-19,100,Normal
2026-02-17 08:50:57.546028,Dubai-9a90,43,40,Normal
2026-02-17 08:50:58.546028,Dubai-9a90,38,78,Normal
2026-02-17 08:50:59.546028,Dubai-9a90,11,6,Normal
2026-02-17 08:51:00.546028,Dubai-9a90,32,85,Normal
2026-02-17 08:51:01.546028,Dubai-9a90,-12,1,Normal
2026-02-17 08:51:02.546028,Dubai-9a90,28,74,Normal
2026-02-17 08:51:03.546028,Dubai-9a90,26,39,Normal
2026-02-17 08:51:04.546028,Dubai-9a90,19,12,Normal
2026-02-17 08:51:05.546028,Dubai-9a90,13,28,Normal
2026-02-17 08:51:06.546028,Dubai-9a90,-8,79,Normal
2026-02-17 08:51:07.546028,Dubai-9a90,31,57,Normal
2026-02-17 08:51:08.546028,Dubai-9a90,13,68,Normal
2026-02-17 08:51:09.546028,Dubai-9a90,-6,10,Normal
2026-02-17 08:51:10.546028,Dubai-9a90,49,29,Normal
2026-02-17 08:51:11.546028,Dubai-9a90,-28,30,Normal
2026-02-17 08:51:12.546028,Dubai-9a90,46,96,Normal
2026-02-17 08:51:13.546028,Dubai-9a90,-20,17,Normal
2026-02-17 08:51:14.546028,Dubai-9a90,17,61,Normal
2026-02-17 08:51:15.546028,Dubai-9a90,-6,87,Normal
2026-02-17 08:51:16.546028,Dubai-9a90,-28,16,Normal
2026-02-17 08:51:17.546028,Dubai-9a90,17,52,Normal
2026-02-17 08:51:18.546028,Dubai-9a90,9,32,Normal
2026-02-17 08:51:19.546028,Dubai-9a90,42,97,Normal
2026-02-17 08:51:20.546028,Dubai-9a90,32,74,Normal
2026-02-17 08:51:21.546028,Dubai-9a90,36,96,Normal
2026-02-17 08:51:22.546028,Dubai-9a90,11,19,Normal
2026-02-17 08:51:23.546028,Dubai-9a90,50,60,Normal
2026-02-17 08:51:24.546028,Dubai-9a90,26,22,Normal
2026-02-17 08:51:25.546028,Dubai-9a90,50,13,Normal
2026-02-17 08:51:26.546028,Dubai-9a90,-1,26,Normal
2026-02-17 08:51:27.546028,Dubai-9a90,-15,58,Normal
2026-02-17 08:51:28.546028,Dubai-9a90,15,48,Normal
2026-02-17 08:51:29.546028,Dubai-9a90,-21,49,Normal
2026-02-17 08:51:30.546028,Dubai-9a90,-16,33,Normal
2026-02-17 08:51:31.546028,Dubai-9a90,15,19,Normal
2026-02-17 08:51:32.546028,Dubai-9a90,17,63,Normal
2026-02-17 08:51:33.546028,Dubai-9a90,19,33,Normal
2026-02-17 08:51:34.546028,Dubai-9a90,-29,30,Normal
2026-02-17 08:51:35.546028,Dubai-9a90,-14,2,Normal
2026-02-17 08:51:36.546028,Dubai-9a90,-29,56,Normal
2026-02-17 08:51:37.546028,Dubai-9a90,25,55,Normal
2026-02-17 08:51:38.546028,Dubai-9a90,36,81,Normal
2026-02-17 08:51:39.546028,Dubai-9a90,-5,43,Normal
2026-02-17 08:51:40.546028,Dubai-9a90,31,59,Normal
2026-02-17 08:51:41.546028,Dubai-9a90,-18,7,Normal
2026-02-17 08:51:42.546028,Dubai-9a90,11,58,Normal
2026-02-17 08:51:43.546028,Dubai-9a90,45,1,Normal
2026-02-17 08:51:44.546028,Dubai-9a90,2,45,Normal
2026-02-17 08:51:45.546028,Dubai-9a90,38,88,Normal
2026-02-17 08:51:46.546028,Dubai-9a90,-28,50,Normal
2026-02-17 08:51:47.546028,Dubai-9a90,-17,65,Normal
2026-02-17 08:51:48.546028,Dubai-9a90,48,80,Normal
2026-02-17 08:51:49.546028,Dubai-9a90,7,6,Normal
2026-02-17 08:51:50.546028,Dubai-9a90,35,27,Normal
2026-02-17 08:51:51.546028,Dubai-9a90,-29,29,Normal
2026-02-17 08:51:52.546028,Dubai-9a90,48,37,Normal
2026-02-17 08:51:53.546028,Dubai-9a90,26,27,Normal
2026-02-17 08:51:54.546028,Dubai-9a90,5,14,Normal
2026-02-17 08:51:55.546028,Dubai-9a90,22,50,Normal
2026-02-17 08:51:56.546028,Dubai-9a90,4,67,Normal
2026-02-17 08:51:57.546028,Dubai-9a90,-26,41,Normal
2026-02-17 08:51:58.546028,Dubai-9a90,42,31,Normal
2026-02-17 08:51:59.546028,Dubai-9a90,27,14,Normal
2026-02-17 08:52:00.546028,Dubai-9a90,-6,65,Normal
2026-02-17 08:52:01.546028,Dubai-9a90,17,35,Normal
2026-02-17 08:52:02.546028,Dubai-9a90,-17,87,Normal
2026-02-17 08:52:03.546028,Dubai-9a90,41,60,Normal
2026-02-17 08:52:04.546028,Dubai-9a90,18,87,Normal
2026-02-17 08:52:05.546028,Dubai-9a90,-7,63,Normal
2026-02-17 08:52:06.546028,Dubai-9a90,17,45,Normal
2026-02-17 08:52:07.546028,Dubai-9a90,-20,21,Normal
2026-02-17 08:52:08.546028,Dubai-9a90,-14,4,Normal
2026-02-17 08:52:09.546028,Dubai-9a90,11,9,Normal
2026-02-17 08:52:10.546028,Dubai-9a90,10,32,Normal
2026-02-17 08:52:11.546028,Dubai-9a90,-7,8,Normal
2026-02-17 08:52:12.546028,Dubai-9a90,-14,77,Normal
2026-02-17 08:52:13.546028,Dubai-9a90,10,67,Normal
2026-02-17 08:52:14.546028,Dubai-9a90,-19,48,Normal
2026-02-17 08:52:15.546028,Dubai-9a90,6,69,Normal
2026-02-17 08:52:16.546028,Dubai-9a90,47,39,Normal
2026-02-17 08:52:17.546028,Dubai-9a90,-24,48,Normal
2026-02-17 08:52:18.546028,Dubai-9a90,-17,72,Normal
2026-02-17 08:52:19.546028,Dubai-9a90,38,17,Normal
2026-02-17 08:52:20.546028,Dubai-9a90,7,100,Normal
2026-02-17 08:52:21.546028,Dubai-9a90,12,51,Normal
2026-02-17 08:52:22.546028,Dubai-9a90,-15,42,Normal
2026-02-17 08:52:23.546028,Dubai-9a90,-18,39,Normal
2026-02-17 08:52:24.546028,Dubai-9a90,36,32,Normal
2026-02-17 08:52:25.546028,Dubai-9a90,38,15,Normal
2026-02-17 08:52:26.546028,Dubai-9a90,-17,96,Normal
2026-02-17 08:52:27.546028,Dubai-9a90,16,1,Normal
2026-02-17 08:52:28.546028,Dubai-9a90,30,23,Normal
2026-02-17 08:52:29.546028,Dubai-9a90,27,53,Normal
2026-02-17 08:52:30.546028,Dubai-9a90,23,7,Normal
2026-02-17 08:52:31.546028,Dubai-9a90,-23,13,Normal
2026-02-17 08:52:32.546028,Dubai-9a90,-25,45,Normal
2026-02-17 08:52:33.546028,Dubai-9a90,16,90,Normal
2026-02-17 08:52:34.546028,Dubai-9a90,-5,68,Normal
2026-02-17 08:52:35.546028,Dubai-9a90,5,13,Normal
2026-02-17 08:52:36.546028,Dubai-9a90,22,98,Normal
2026-02-17 08:52:37.546028,Dubai-9a90,-21,27,Normal
2026-02-17 08:52:38.546028,Dubai-9a90,19,100,Normal
2026-02-17 08:52:39.546028,Dubai-9a90,-26,45,Normal
2026-02-17 08:52:40.546028,Dubai-9a90,47,89,Normal
2026-02-17 08:52:41.546028,Dubai-9a90,46,24,Normal
2026-02-17 08:52:42.546028,Dubai-9a90,-18,65,Normal
2026-02-17 08:52:43.546028,Dubai-9a90,-16,59,Normal
2026-02-17 08:52:44.546028,Dubai-9a90,-29,15,Normal
2026-02-17 08:52:45.546028,Dubai-9a90,18,15,Normal
2026-02-17 08:52:46.546028,Dubai-9a90,-6,59,Normal
2026-02-17 08:52:47.546028,Dubai-9a90,-25,27,Normal
2026-02-17 08:52:48.546028,Dubai-9a90,26,22,Normal
2026-02-17 08:52:49.546028,Dubai-9a90,46,28,Normal
2026-02-17 08:52:50.546028,Dubai-9a90,38,96,Normal
2026-02-17 08:52:51.546028,Dubai-9a90,16,82,Normal
2026-02-17 08:52:52.546028,Dubai-9a90,0,33,Normal
2026-02-17 08:52:53.546028,Dubai-9a90,15,17,Normal
2026-02-17 08:52:54.546028,Dubai-9a90,10,23,Normal
2026-02-17 08:52:55.546028,Dubai-9a90,37,82,Normal
2026-02-17 08:52:56.546028,Dubai-9a90,-19,48,Normal
2026-02-17 08:52:57.546028,Dubai-9a90,33,24,Normal
2026-02-17 08:52:58.546028,Dubai-9a90,4,26,Normal
2026-02-17 08:52:59.546028,Dubai-9a90,29,95,Normal
2026-02-17 08:53:00.546028,Dubai-9a90,-2,43,Normal
2026-02-17 08:53:01.546028,Dubai-9a90,28,44,Normal
2026-02-17 08:53:02.546028,Dubai-9a90,30,88,Normal
2026-02-17 08:53:03.546028,Dubai-9a90,-21,57,Normal
2026-02-17 08:53:04.546028,Dubai-9a90,25,35,Normal
2026-02-17 08:53:05.546028,Dubai-9a90,-10,74,Normal
2026-02-17 08:53:06.546028,Dubai-9a90,34,72,Normal
2026-02-17 08:53:07.546028,Dubai-9a90,-27,93,Normal
2026-02-17 08:53:08.546028,Dubai-9a90,46,96,Normal
2026-02-17 08:53:09.546028,Dubai-9a90,37,92,Normal
2026-02-17 08:53:10.546028,Dubai-9a90,10,22,Normal
2026-02-17 08:53:11.546028,Dubai-9a90,17,21,Normal
2026-02-17 08:53:12.546028,Dubai-9a90,34,68,Normal
2026-02-17 08:53:13.546028,Dubai-9a90,36,24,Normal
2026-02-17 08:53:14.546028,Dubai-9a90,18,22,Normal
2026-02-17 08:53:15.546028,Dubai-9a90,47,76,Normal
2026-02-17 08:53:16.546028,Dubai-9a90,50,25,Normal
2026-02-17 08:53:17.546028,Dubai-9a90,-1,85,Normal
2026-02-17 08:53:18.546028,Dubai-9a90,-24,48,Normal
2026-02-17 08:53:19.546028,Dubai-9a90,14,36,Normal
2026-02-17 08:53:20.546028,Dubai-9a90,37,23,Normal
2026-02-17 08:53:21.546028,Dubai-9a90,-10,61,Normal
2026-02-17 08:53:22.546028,Dubai-9a90,29,3,Normal
2026-02-17 08:53:23.546028,Dubai-9a90,32,64,Normal
2026-02-17 08:53:24.546028,Dubai-9a90,-3,40,Normal
2026-02-17 08:53:25.546028,Dubai-9a90,-6,1,Normal
2026-02-17 08:53:26.546028,Dubai-9a90,-27,98,Normal
2026-02-17 08:53:27.546028,Dubai-9a90,-21,52,Normal
2026-02-17 08:53:28.546028,Dubai-9a90,8,50,Normal
2026-02-17 08:53:29.546028,Dubai-9a90,9,25,Normal
2026-02-17 08:53:30.546028,Dubai-9a90,18,25,Normal
2026-02-17 08:53:31.546028,Dubai-9a90,-20,22,Normal
2026-02-17 08:53:32.546028,Dubai-9a90,-11,82,Normal
2026-02-17 08:53:33.546028,Dubai-9a90,-19,18,Normal
2026-02-17 08:53:34.546028,Dubai-9a90,15,16,Normal
2026-02-17 08:53:35.546028,Dubai-9a90,34,64,Normal
2026-02-17 08:53:36.546028,Dubai-9a90,-10,88,Normal
2026-02-17 08:53:37.546028,Dubai-9a90,-13,70,Normal
2026-02-17 08:53:38.546028,Dubai-9a90,41,91,Normal
2026-02-17 08:53:39.546028,Dubai-9a90,-13,71,Normal
2026-02-17 08:53:40.546028,Dubai-9a90,-23,93,Normal
2026-02-17 08:53:41.546028,Dubai-9a90,5,41,Normal
2026-02-17 08:53:42.546028,Dubai-9a90,-2,44,Normal
2026-02-17 08:53:43.546028,Dubai-9a90,16,77,Normal
2026-02-17 08:53:44.546028,Dubai-9a90,-20,49,Normal
2026-02-17 08:53:45.546028,Dubai-9a90,13,38,Normal
2026-02-17 08:53:46.546028,Dubai-9a90,31,36,Normal
2026-02-17 08:53:47.546028,Dubai-9a90,-12,57,Normal
2026-02-17 08:53:48.546028,Dubai-9a90,5,20,Normal
2026-02-17 08:53:49.546028,Dubai-9a90,21,64,Normal
2026-02-17 08:53:50.546028,Dubai-9a90,-1,94,Normal
2026-02-17 08:53:51.546028,Dubai-9a90,39,18,Normal
2026-02-17 08:53:52.546028,Dubai-9a90,26,60,Normal
2026-02-17 08:53:53.546028,Dubai-9a90,17,35,Normal
2026-02-17 08:53:54.546028,Dubai-9a90,39,61,Normal
2026-02-17 08:53:55.546028,Dubai-9a90,23,86,Normal
2026-02-17 08:53:56.546028,Dubai-9a90,11,22,Normal
2026-02-17 08:53:57.546028,Dubai-9a90,20,33,Normal
2026-02-17 08:53:58.546028,Dubai-9a90,-13,78,Normal
2026-02-17 08:53:59.546028,Dubai-9a90,-17,5,Normal
2026-02-17 08:54:00.546028,Dubai-9a90,19,33,Normal
2026-02-17 08:54:01.546028,Dubai-9a90,17,54,Normal
2026-02-17 08:54:02.546028,Dubai-9a90,-9,89,Normal
2026-02-17 08:54:03.546028,Dubai-9a90,-25,14,Normal
2026-02-17 08:54:04.546028,Dubai-9a90,48,81,Normal
2026-02-17 08:54:05.546028,Dubai-9a90,23,1,Normal
2026-02-17 08:54:06.546028,Dubai-9a90,-15,4,Normal
2026-02-17 08:54:07.546028,Dubai-9a90,-19,95,Normal
2026-02-17 08:54:08.546028,Dubai-9a90,11,26,Normal
2026-02-17 08:54:09.546028,Dubai-9a90,37,67,Normal
2026-02-17 08:54:10.546028,Dubai-9a90,22,68,Normal
2026-02-17 08:54:11.546028,Dubai-9a90,10,55,Normal
2026-02-17 08:54:12.546028,Dubai-9a90,24,54,Normal
2026-02-17 08:54:13.546028,Dubai-9a90,-6,36,Normal
2026-02-17 08:54:14.546028,Dubai-9a90,-12,72,Normal
2026-02-17 08:54:15.546028,Dubai-9a90,21,5,Normal
2026-02-17 08:54:16.546028,Dubai-9a90,7,19,Normal
2026-02-17 08:54:17.546028,Dubai-9a90,-9,71,Normal
2026-02-17 08:54:18.546028,Dubai-9a90,8,84,Normal
2026-02-17 08:54:19.546028,Dubai-9a90,-15,56,Normal
2026-02-17 08:54:20.546028,Dubai-9a90,43,20,Normal
2026-02-17 08:54:21.546028,Dubai-9a90,-19,66,Normal
2026-02-17 08:54:22.546028,Dubai-9a90,-19,22,Normal
2026-02-17 08:54:23.546028,Dubai-9a90,41,37,Normal
2026-02-17 08:54:24.546028,Dubai-9a90,-14,91,Normal
2026-02-17 08:54:25.546028,Dubai-9a90,18,91,Normal
2026-02-17 08:54:26.546028,Dubai-9a90,30,97,Normal
2026-02-17 08:54:27.546028,Dubai-9a90,-26,29,Normal
2026-02-17 08:54:28.546028,Dubai-9a90,25,6,Normal
2026-02-17 08:54:29.546028,Dubai-9a90,33,47,Normal
2026-02-17 08:54:30.546028,Dubai-9a90,-20,69,Normal
2026-02-17 08:54:31.546028,Dubai-9a90,-27,58,Normal
2026-02-17 08:54:32.546028,Dubai-9a90,44,10,Normal
2026-02-17 08:54:33.546028,Dubai-9a90,-5,24,Normal
2026-02-17 08:54:34.546028,Dubai-9a90,34,93,Normal
2026-02-17 08:54:35.546028,Dubai-9a90,-4,57,Normal
2026-02-17 08:54:36.546028,Dubai-9a90,46,6,Normal
2026-02-17 08:54:37.546028,Dubai-9a90,27,8,Normal
2026-02-17 08:54:38.546028,Dubai-9a90,38,37,Normal
2026-02-17 08:54:39.546028,Dubai-9a90,34,65,Normal
2026-02-17 08:54:40.546028,Dubai-9a90,45,87,Normal
2026-02-17 08:54:41.546028,Dubai-9a90,-1,96,Normal
2026-02-17 08:54:42.546028,Dubai-9a90,40,32,Normal
2026-02-17 08:54:43.546028,Dubai-9a90,-15,28,Normal
2026-02-17 08:54:44.546028,Dubai-9a90,-10,91,Normal
2026-02-17 08:54:45.546028,Dubai-9a90,-13,88,Normal
2026-02-17 08:54:46.546028,Dubai-9a90,20,73,Normal
2026-02-17 08:54:47.546028,Dubai-9a90,20,44,Normal
2026-02-17 08:54:48.546028,Dubai-9a90,-20,53,Normal
2026-02-17 08:54:49.546028,Dubai-9a90,0,3,Normal
2026-02-17 08:54:50.546028,Dubai-9a90,-23,65,Normal
2026-02-17 08:54:51.546028,Dubai-9a90,49,44,Normal
2026-02-17 08:54:52.546028,Dubai-9a90,-3,98,Normal
2026-02-17 08:54:53.546028,Dubai-9a90,-14,85,Normal
2026-02-17 08:54:54.546028,Dubai-9a90,25,45,Normal
2026-02-17 08:54:55.546028,Dubai-9a90,45,84,Normal
2026-02-17 08:54:56.546028,Dubai-9a90,-26,10,Normal
2026-02-17 08:54:57.546028,Dubai-9a90,43,0,Normal
2026-02-17 08:54:58.546028,Dubai-9a90,25,53,Normal
2026-02-17 08:54:59.546028,Dubai-9a90,45,34,Normal
2026-02-17 08:55:00.546028,Dubai-9a90,30,67,Normal
2026-02-17 08:55:01.546028,Dubai-9a90,-5,43,Normal
2026-02-17 08:55:02.546028,Dubai-9a90,24,22,Normal
2026-02-17 08:55:03.546028,Dubai-9a90,-2,70,Normal
2026-02-17 08:55:04.546028,Dubai-9a90,-3,3,Normal
2026-02-17 08:55:05.546028,Dubai-9a90,45,81,Normal
2026-02-17 08:55:06.546028,Dubai-9a90,-25,67,Normal
2026-02-17 08:55:07.546028,Dubai-9a90,37,67,Normal
2026-02-17 08:55:08.546028,Dubai-9a90,-19,88,Normal
2026-02-17 08:55:09.546028,Dubai-9a90,11,90,Normal
2026-02-17 08:55:10.546028,Dubai-9a90,-24,59,Normal
2026-02-17 08:55:11.546028,Dubai-9a90,-21,36,Normal
2026-02-17 08:55:12.546028,Dubai-9a90,-21,1,Normal
2026-02-17 08:55:13.546028,Dubai-9a90,0,23,Normal
2026-02-17 08:55:14.546028,Dubai-9a90,23,25,Normal
2026-02-17 08:55:15.546028,Dubai-9a90,37,62,Normal
2026-02-17 08:55:16.546028,Dubai-9a90,-17,41,Normal
2026-02-17 08:55:17.546028,Dubai-9a90,23,95,Normal
2026-02-17 08:55:18.546028,Dubai-9a90,-25,60,Normal
2026-02-17 08:55:19.546028,Dubai-9a90,47,9,Normal
2026-02-17 08:55:20.546028,Dubai-9a90,-4,6,Normal
2026-02-17 08:55:21.546028,Dubai-9a90,-5,45,Normal
2026-02-17 08:55:22.546028,Dubai-9a90,22,5,Normal
2026-02-17 08:55:23.546028,Dubai-9a90,0,55,Normal
2026-02-17 08:55:24.546028,Dubai-9a90,19,29,Normal
2026-02-17 08:55:25.546028,Dubai-9a90,26,0,Normal
2026-02-17 08:55:26.546028,Dubai-9a90,27,22,Normal
2026-02-17 08:55:27.546028,Dubai-9a90,-17,85,Normal
2026-02-17 08:55:28.546028,Dubai-9a90,-12,47,Normal
2026-02-17 08:55:29.546028,Dubai-9a90,-6,30,Normal
2026-02-17 08:55:30.546028,Dubai-9a90,-12,11,Normal
2026-02-17 08:55:31.546028,Dubai-9a90,8,70,Normal
2026-02-17 08:55:32.546028,Dubai-9a90,10,85,Normal
2026-02-17 08:55:33.546028,Dubai-9a90,19,56,Normal
2026-02-17 08:55:34.546028,Dubai-9a90,3,22,Normal
2026-02-17 08:55:35.546028,Dubai-9a90,50,57,Normal
2026-02-17 08:55:36.546028,Dubai-9a90,35,14,Normal
2026-02-17 08:55:37.546028,Dubai-9a90,29,32,Normal
2026-02-17 08:55:38.546028,Dubai-9a90,19,71,Normal
2026-02-17 08:55:39.546028,Dubai-9a90,-3,1,Normal
2026-02-17 08:55:40.546028,Dubai-9a90,41,86,Normal
2026-02-17 08:55:41.546028,Dubai-9a90,25,86,Normal
2026-02-17 08:55:42.546028,Dubai-9a90,-15,81,Normal
2026-02-17 08:55:43.546028,Dubai-9a90,-15,4,Normal
2026-02-17 08:55:44.546028,Dubai-9a90,-8,77,Normal
2026-02-17 08:55:45.546028,Dubai-9a90,4,94,Normal
2026-02-17 08:55:46.546028,Dubai-9a90,12,61,Normal
2026-02-17 08:55:47.546028,Dubai-9a90,15,35,Normal
2026-02-17 08:55:48.546028,Dubai-9a90,-19,77,Normal
2026-02-17 08:55:49.546028,Dubai-9a90,10,50,Normal
2026-02-17 08:55:50.546028,Dubai-9a90,-18,1,Normal
2026-02-17 08:55:51.546028,Dubai-9a90,-4,99,Normal
2026-02-17 08:55:52.546028,Dubai-9a90,31,78,Normal
2026-02-17 08:55:53.546028,Dubai-9a90,41,41,Normal
2026-02-17 08:55:54.546028,Dubai-9a90,-16,46,Normal
2026-02-17 08:55:55.546028,Dubai-9a90,46,92,Normal
2026-02-17 08:55:56.546028,Dubai-9a90,10,54,Normal
2026-02-17 08:55:57.546028,Dubai-9a90,0,59,Normal
2026-02-17 08:55:58.546028,Dubai-9a90,26,81,Normal
2026-02-17 08:55:59.546028,Dubai-9a90,-16,83,Normal
2026-02-17 08:56:00.546028,Dubai-9a90,30,86,Normal
2026-02-17 08:56:01.546028,Dubai-9a90,-26,83,Normal
2026-02-17 08:56:02.546028,Dubai-9a90,-2,3,Normal
2026-02-17 08:56:03.546028,Dubai-9a90,36,91,Normal
2026-02-17 08:56:04.546028,Dubai-9a90,10,6,Normal
2026-02-17 08:56:05.546028,Dubai-9a90,-2,95,Normal
2026-02-17 08:56:06.546028,Dubai-9a90,-30,78,Normal
2026-02-17 08:56:07.546028,Dubai-9a90,-3,95,Normal
2026-02-17 08:56:08.546028,Dubai-9a90,-1,71,Normal
2026-02-17 08:56:09.546028,Dubai-9a90,48,71,Normal
2026-02-17 08:56:10.546028,Dubai-9a90,19,79,Normal
2026-02-17 08:56:11.546028,Dubai-9a90,32,16,Normal
2026-02-17 08:56:12.546028,Dubai-9a90,-15,0,Normal
2026-02-17 08:56:13.546028,Dubai-9a90,39,27,Normal
2026-02-17 08:56:14.546028,Dubai-9a90,-12,59,Normal
2026-02-17 08:56:15.546028,Dubai-9a90,7,65,Normal
2026-02-17 08:56:16.546028,Dubai-9a90,25,47,Normal
2026-02-17 08:56:17.546028,Dubai-9a90,-2,63,Normal
2026-02-17 08:56:18.546028,Dubai-9a90,30,46,Normal
2026-02-17 08:56:19.546028,Dubai-9a90,4,73,Normal
2026-02-17 08:56:20.546028,Dubai-9a90,-6,12,Normal
2026-02-17 08:56:21.546028,Dubai-9a90,-25,68,Normal
2026-02-17 08:56:22.546028,Dubai-9a90,-28,12,Normal
2026-02-17 08:56:23.546028,Dubai-9a90,25,84,Normal
2026-02-17 08:56:24.546028,Dubai-9a90,-4,26,Normal
2026-02-17 08:56:25.546028,Dubai-9a90,48,70,Normal
2026-02-17 08:56:26.546028,Dubai-9a90,-7,29,Normal
2026-02-17 08:56:27.546028,Dubai-9a90,19,37,Normal
2026-02-17 08:56:28.546028,Dubai-9a90,47,3,Normal
2026-02-17 08:56:29.546028,Dubai-9a90,11,61,Normal
2026-02-17 08:56:30.546028,Dubai-9a90,7,85,Normal
2026-02-17 08:56:31.546028,Dubai-9a90,36,62,Normal
2026-02-17 08:56:32.546028,Dubai-9a90,28,71,Normal
2026-02-17 08:56:33.546028,Dubai-9a90,24,3,Normal
2026-02-17 08:56:34.546028,Dubai-9a90,41,93,Normal
2026-02-17 08:56:35.546028,Dubai-9a90,50,31,Normal
2026-02-17 08:56:36.546028,Dubai-9a90,43,24,Normal
2026-02-17 08:56:37.546028,Dubai-9a90,23,56,Normal
2026-02-17 08:56:38.546028,Dubai-9a90,49,78,Normal
2026-02-17 08:56:39.546028,Dubai-9a90,41,92,Normal
2026-02-17 08:56:40.546028,Dubai-9a90,-23,91,Normal
2026-02-17 08:56:41.546028,Dubai-9a90,8,70,Normal
2026-02-17 08:56:42.546028,Dubai-9a90,3,2,Normal
2026-02-17 08:56:43.546028,Dubai-9a90,35,28,Normal
2026-02-17 08:56:44.546028,Dubai-9a90,-21,91,Normal
2026-02-17 08:56:45.546028,Dubai-9a90,13,15,Normal
2026-02-17 08:56:46.546028,Dubai-9a90,32,43,Normal
2026-02-17 08:56:47.546028,Dubai-9a90,20,91,Normal
2026-02-17 08:56:48.546028,Dubai-9a90,44,60,Normal
2026-02-17 08:56:49.546028,Dubai-9a90,-18,99,Normal
2026-02-17 08:56:50.546028,Dubai-9a90,14,46,Normal
2026-02-17 08:56:51.546028,Dubai-9a90,5,9,Normal
2026-02-17 08:56:52.546028,Dubai-9a90,42,62,Normal
2026-02-17 08:56:53.546028,Dubai-9a90,44,50,Normal
2026-02-17 08:56:54.546028,Dubai-9a90,-24,64,Normal
2026-02-17 08:56:55.546028,Dubai-9a90,-16,46,Normal
2026-02-17 08:56:56.546028,Dubai-9a90,-23,55,Normal
2026-02-17 08:56:57.546028,Dubai-9a90,-20,60,Normal
2026-02-17 08:56:58.546028,Dubai-9a90,1,82,Normal
2026-02-17 08:56:59.546028,Dubai-9a90,43,6,Normal
2026-02-17 08:57:00.546028,Dubai-9a90,42,72,Normal
2026-02-17 08:57:01.546028,Dubai-9a90,12,0,Normal
2026-02-17 08:57:02.546028,Dubai-9a90,-7,14,Normal
2026-02-17 08:57:03.546028,Dubai-9a90,2,3,Normal
2026-02-17 08:57:04.546028,Dubai-9a90,50,25,Normal
2026-02-17 08:57:05.546028,Dubai-9a90,-5,47,Normal
2026-02-17 08:57:06.546028,Dubai-9a90,9,100,Normal
2026-02-17 08:57:07.546028,Dubai-9a90,19,96,Normal
2026-02-17 08:57:08.546028,Dubai-9a90,4,91,Normal
2026-02-17 08:57:09.546028,Dubai-9a90,-24,99,Normal
2026-02-17 08:57:10.546028,Dubai-9a90,-12,11,Normal
2026-02-17 08:57:11.546028,Dubai-9a90,-12,24,Normal
2026-02-17 08:57:12.546028,Dubai-9a90,8,24,Normal
2026-02-17 08:57:13.546028,Dubai-9a90,3,76,Normal
2026-02-17 08:57:14.546028,Dubai-9a90,46,40,Normal
2026-02-17 08:57:15.546028,Dubai-9a90,-14,55,Normal
2026-02-17 08:57:16.546028,Dubai-9a90,-15,67,Normal
2026-02-17 08:57:17.546028,Dubai-9a90,14,12,Normal
2026-02-17 08:57:18.546028,Dubai-9a90,-19,0,Normal
2026-02-17 08:57:19.546028,Dubai-9a90,34,74,Normal
2026-02-17 08:57:20.546028,Dubai-9a90,10,58,Normal
2026-02-17 08:57:21.546028,Dubai-9a90,41,10,Normal
2026-02-17 08:57:22.546028,Dubai-9a90,20,39,Normal
2026-02-17 08:57:23.546028,Dubai-9a90,25,32,Normal
2026-02-17 08:57:24.546028,Dubai-9a90,-27,2,Normal
2026-02-17 08:57:25.546028,Dubai-9a90,-30,88,Normal
2026-02-17 08:57:26.546028,Dubai-9a90,12,10,Normal
2026-02-17 08:57:27.546028,Dubai-9a90,30,79,Normal
2026-02-17 08:57:28.546028,Dubai-9a90,30,37,Normal
2026-02-17 08:57:29.546028,Dubai-9a90,26,43,Normal
2026-02-17 08:57:30.546028,Dubai-9a90,-27,65,Normal
2026-02-17 08:57:31.546028,Dubai-9a90,40,33,Normal
2026-02-17 08:57:32.546028,Dubai-9a90,3,31,Normal
2026-02-17 08:57:33.546028,Dubai-9a90,36,57,Normal
2026-02-17 08:57:34.546028,Dubai-9a90,21,40,Normal
2026-02-17 08:57:35.546028,Dubai-9a90,50,52,Normal
2026-02-17 08:57:36.546028,Dubai-9a90,-26,79,Normal
2026-02-17 08:57:37.546028,Dubai-9a90,38,13,Normal
2026-02-17 08:57:38.546028,Dubai-9a90,50,38,Normal
2026-02-17 08:57:39.546028,Dubai-9a90,-10,65,Normal
2026-02-17 08:57:40.546028,Dubai-9a90,23,42,Normal
2026-02-17 08:57:41.546028,Dubai-9a90,39,72,Normal
2026-02-17 08:57:42.546028,Dubai-9a90,-23,38,Normal
2026-02-17 08:57:43.546028,Dubai-9a90,15,40,Normal
2026-02-17 08:57:44.546028,Dubai-9a90,17,68,Normal
2026-02-17 08:57:45.546028,Dubai-9a90,42,45,Normal
2026-02-17 08:57:46.546028,Dubai-9a90,-10,42,Normal
2026-02-17 08:57:47.546028,Dubai-9a90,2,45,Normal
2026-02-17 08:57:48.546028,Dubai-9a90,15,27,Normal
2026-02-17 08:57:49.546028,Dubai-9a90,-20,76,Normal
2026-02-17 08:57:50.546028,Dubai-9a90,-16,20,Normal
2026-02-17 08:57:51.546028,Dubai-9a90,32,30,Normal
2026-02-17 08:57:52.546028,Dubai-9a90,37,7,Normal
2026-02-17 08:57:53.546028,Dubai-9a90,-14,65,Normal
2026-02-17 08:57:54.546028,Dubai-9a90,1,35,Normal
2026-02-17 08:57:55.546028,Dubai-9a90,-19,75,Normal
2026-02-17 08:57:56.546028,Dubai-9a90,11,24,Normal
2026-02-17 08:57:57.546028,Dubai-9a90,39,50,Normal
2026-02-17 08:57:58.546028,Dubai-9a90,6,73,Normal
2026-02-17 08:57:59.546028,Dubai-9a90,21,100,Normal
2026-02-17 08:58:00.546028,Dubai-9a90,3,57,Normal
2026-02-17 08:58:01.546028,Dubai-9a90,7,45,Normal
2026-02-17 08:58:02.546028,Dubai-9a90,8,23,Normal
2026-02-17 08:58:03.546028,Dubai-9a90,-8,9,Normal
2026-02-17 08:58:04.546028,Dubai-9a90,-3,69,Normal
2026-02-17 08:58:05.546028,Dubai-9a90,-13,2,Normal
2026-02-17 08:58:06.546028,Dubai-9a90,-6,74,Normal
2026-02-17 08:58:07.546028,Dubai-9a90,18,22,Normal
2026-02-17 08:58:08.546028,Dubai-9a90,-12,79,Normal
2026-02-17 08:58:09.546028,Dubai-9a90,-3,39,Normal
2026-02-17 08:58:10.546028,Dubai-9a90,-17,97,Normal
2026-02-17 08:58:11.546028,Dubai-9a90,43,45,Normal
2026-02-17 08:58:12.546028,Dubai-9a90,5,35,Normal
2026-02-17 08:58:13.546028,Dubai-9a90,34,63,Normal
2026-02-17 08:58:14.546028,Dubai-9a90,-6,82,Normal
2026-02-17 08:58:15.546028,Dubai-9a90,21,43,Normal
2026-02-17 08:58:16.546028,Dubai-9a90,16,23,Normal
2026-02-17 08:58:17.546028,Dubai-9a90,14,83,Normal
2026-02-17 08:58:18.546028,Dubai-9a90,-4,18,Normal
2026-02-17 08:58:19.546028,Dubai-9a90,-28,27,Normal
2026-02-17 08:58:20.546028,Dubai-9a90,8,19,Normal
2026-02-17 08:58:21.546028,Dubai-9a90,36,42,Normal
2026-02-17 08:58:22.546028,Dubai-9a90,43,37,Normal
2026-02-17 08:58:23.546028,Dubai-9a90,13,83,Normal
2026-02-17 08:58:24.546028,Dubai-9a90,-23,31,Normal
2026-02-17 08:58:25.546028,Dubai-9a90,39,66,Normal
2026-02-17 08:58:26.546028,Dubai-9a90,36,29,Normal
2026-02-17 08:58:27.546028,Dubai-9a90,22,45,Normal
2026-02-17 08:58:28.546028,Dubai-9a90,-12,39,Normal
2026-02-17 08:58:29.546028,Dubai-9a90,-7,2,Normal
2026-02-17 08:58:30.546028,Dubai-9a90,45,10,Normal
2026-02-17 08:58:31.546028,Dubai-9a90,24,30,Normal
2026-02-17 08:58:32.546028,Dubai-9a90,-28,43,Normal
2026-02-17 08:58:33.546028,Dubai-9a90,23,38,Normal
2026-02-17 08:58:34.546028,Dubai-9a90,37,98,Normal
2026-02-17 08:58:35.546028,Dubai-9a90,-1,44,Normal
2026-02-17 08:58:36.546028,Dubai-9a90,45,92,Normal
2026-02-17 08:58:37.546028,Dubai-9a90,20,98,Normal
2026-02-17 08:58:38.546028,Dubai-9a90,22,55,Normal
2026-02-17 08:58:39.546028,Dubai-9a90,33,55,Normal
2026-02-17 08:58:40.546028,Dubai-9a90,-12,94,Normal
2026-02-17 08:58:41.546028,Dubai-9a90,-10,59,Normal
2026-02-17 08:58:42.546028,Dubai-9a90,37,60,Normal
2026-02-17 08:58:43.546028,Dubai-9a90,23,81,Normal
2026-02-17 08:58:44.546028,Dubai-9a90,35,75,Normal
2026-02-17 08:58:45.546028,Dubai-9a90,-23,88,Normal
2026-02-17 08:58:46.546028,Dubai-9a90,-3,23,Normal
2026-02-17 08:58:47.546028,Dubai-9a90,-2,91,Normal
2026-02-17 08:58:48.546028,Dubai-9a90,27,59,Normal
2026-02-17 08:58:49.546028,Dubai-9a90,-27,70,Normal
2026-02-17 08:58:50.546028,Dubai-9a90,22,95,Normal
2026-02-17 08:58:51.546028,Dubai-9a90,19,95,Normal
2026-02-17 08:58:52.546028,Dubai-9a90,12,52,Normal
2026-02-17 08:58:53.546028,Dubai-9a90,-29,70,Normal
2026-02-17 08:58:54.546028,Dubai-9a90,50,93,Normal
2026-02-17 08:58:55.546028,Dubai-9a90,-8,38,Normal
2026-02-17 08:58:56.546028,Dubai-9a90,-28,75,Normal
2026-02-17 08:58:57.546028,Dubai-9a90,-10,31,Normal
2026-02-17 08:58:58.546028,Dubai-9a90,43,41,Normal
2026-02-17 08:58:59.546028,Dubai-9a90,1,50,Normal
2026-02-17 08:59:00.546028,Dubai-9a90,38,98,Normal
2026-02-17 08:59:01.546028,Dubai-9a90,35,99,Normal
2026-02-17 08:59:02.546028,Dubai-9a90,21,49,Normal
2026-02-17 08:59:03.546028,Dubai-9a90,11,59,Normal
2026-02-17 08:59:04.546028,Dubai-9a90,29,44,Normal
2026-02-17 08:59:05.546028,Dubai-9a90,8,41,Normal
2026-02-17 08:59:06.546028,Dubai-9a90,-4,42,Normal
2026-02-17 08:59:07.546028,Dubai-9a90,31,78,Normal
2026-02-17 08:59:08.546028,Dubai-9a90,-23,21,Normal
2026-02-17 08:59:09.546028,Dubai-9a90,-9,93,Normal
2026-02-17 08:59:10.546028,Dubai-9a90,40,11,Normal
2026-02-17 08:59:11.546028,Dubai-9a90,-25,91,Normal
2026-02-17 08:59:12.546028,Dubai-9a90,-12,52,Normal
2026-02-17 08:59:13.546028,Dubai-9a90,28,77,Normal
2026-02-17 08:59:14.546028,Dubai-9a90,34,26,Normal
2026-02-17 08:59:15.546028,Dubai-9a90,48,61,Normal
2026-02-17 08:59:16.546028,Dubai-9a90,38,100,Normal
2026-02-17 08:59:17.546028,Dubai-9a90,-8,22,Normal
2026-02-17 08:59:18.546028,Dubai-9a90,25,88,Normal
2026-02-17 08:59:19.546028,Dubai-9a90,-9,68,Normal
2026-02-17 08:59:20.546028,Dubai-9a90,33,61,Normal
2026-02-17 08:59:21.546028,Dubai-9a90,-28,74,Normal
2026-02-17 08:59:22.546028,Dubai-9a90,50,91,Normal
2026-02-17 08:59:23.546028,Dubai-9a90,8,64,Normal
2026-02-17 08:59:24.546028,Dubai-9a90,-24,92,Normal
2026-02-17 08:59:25.546028,Dubai-9a90,-17,32,Normal
2026-02-17 08:59:26.546028,Dubai-9a90,12,2,Normal
2026-02-17 08:59:27.546028,Dubai-9a90,33,62,Normal
2026-02-17 08:59:28.546028,Dubai-9a90,36,36,Normal
2026-02-17 08:59:29.546028,Dubai-9a90,32,92,Normal
2026-02-17 08:59:30.546028,Dubai-9a90,-3,81,Normal
2026-02-17 08:59:31.546028,Dubai-9a90,30,15,Normal
2026-02-17 08:59:32.546028,Dubai-9a90,6,85,Normal
2026-02-17 08:59:33.546028,Dubai-9a90,-25,63,Normal
2026-02-17 08:59:34.546028,Dubai-9a90,27,57,Normal
2026-02-17 08:59:35.546028,Dubai-9a90,-3,58,Normal
2026-02-17 08:59:36.546028,Dubai-9a90,-20,33,Normal
2026-02-17 08:59:37.546028,Dubai-9a90,9,6,Normal
2026-02-17 08:59:38.546028,Dubai-9a90,-7,30,Normal
2026-02-17 08:59:39.546028,Dubai-9a90,-7,98,Normal
2026-02-17 08:59:40.546028,Dubai-9a90,35,34,Normal
2026-02-17 08:59:41.546028,Dubai-9a90,38,35,Normal
2026-02-17 08:59:42.546028,Dubai-9a90,-1,71,Normal
2026-02-17 08:59:43.546028,Dubai-9a90,-22,98,Normal
2026-02-17 08:59:44.546028,Dubai-9a90,25,92,Normal
2026-02-17 08:59:45.546028,Dubai-9a90,6,68,Normal
2026-02-17 08:59:46.546028,Dubai-9a90,9,92,Normal
2026-02-17 08:59:47.546028,Dubai-9a90,-29,17,Normal
2026-02-17 08:59:48.546028,Dubai-9a90,-20,31,Normal
2026-02-17 08:59:49.546028,Dubai-9a90,12,80,Normal
2026-02-17 08:59:50.546028,Dubai-9a90,22,20,Normal
2026-02-17 08:59:51.546028,Dubai-9a90,3,58,Normal
2026-02-17 08:59:52.546028,Dubai-9a90,-4,71,Normal
2026-02-17 08:59:53.546028,Dubai-9a90,12,43,Normal
2026-02-17 08:59:54.546028,Dubai-9a90,-20,77,Normal
2026-02-17 08:59:55.546028,Dubai-9a90,-1,46,Normal
2026-02-17 08:59:56.546028,Dubai-9a90,2,59,Normal
2026-02-17 08:59:57.546028,Dubai-9a90,30,43,Normal
2026-02-17 08:59:58.546028,Dubai-9a90,-8,62,Normal
2026-02-17 08:59:59.546028,Dubai-9a90,-12,51,Normal
2026-02-17 09:00:00.546028,Dubai-9a90,14,23,Normal
2026-02-17 09:00:01.546028,Dubai-9a90,7,74,Normal
2026-02-17 09:00:02.546028,Dubai-9a90,-3,42,Normal
2026-02-17 09:00:03.546028,Dubai-9a90,-23,68,Normal
2026-02-17 09:00:04.546028,Dubai-9a90,2,90,Normal
2026-02-17 09:00:05.546028,Dubai-9a90,-30,89,Normal
2026-02-17 09:00:06.546028,Dubai-9a90,-20,52,Normal
2026-02-17 09:00:07.546028,Dubai-9a90,0,77,Normal
2026-02-17 09:00:08.546028,Dubai-9a90,50,88,Normal
2026-02-17 09:00:09.546028,Dubai-9a90,34,4,Normal
2026-02-17 09:00:10.546028,Dubai-9a90,-18,84,Normal
2026-02-17 09:00:11.546028,Dubai-9a90,-15,83,Normal
2026-02-17 09:00:12.546028,Dubai-9a90,8,89,Normal
2026-02-17 09:00:13.546028,Dubai-9a90,37,26,Normal
2026-02-17 09:00:14.546028,Dubai-9a90,35,25,Normal
2026-02-17 09:00:15.546028,Dubai-9a90,33,63,Normal
2026-02-17 09:00:16.546028,Dubai-9a90,2,18,Normal
2026-02-17 09:00:17.546028,Dubai-9a90,-18,63,Normal
2026-02-17 09:00:18.546028,Dubai-9a90,43,14,Normal
2026-02-17 09:00:19.546028,Dubai-9a90,4,6,Normal
2026-02-17 09:00:20.546028,Dubai-9a90,16,74,Normal
2026-02-17 09:00:21.546028,Dubai-9a90,12,98,Normal
2026-02-17 09:00:22.546028,Dubai-9a90,46,66,Normal
2026-02-17 09:00:23.546028,Dubai-9a90,0,17,Normal
2026-02-17 09:00:24.546028,Dubai-9a90,3,63,Normal
2026-02-17 09:00:25.546028,Dubai-9a90,24,40,Normal
2026-02-17 09:00:26.546028,Dubai-9a90,16,54,Normal
2026-02-17 09:00:27.546028,Dubai-9a90,-22,38,Normal
2026-02-17 09:00:28.546028,Dubai-9a90,-4,70,Normal
2026-02-17 09:00:29.546028,Dubai-9a90,44,70,Normal
2026-02-17 09:00:30.546028,Dubai-9a90,5,98,Normal
2026-02-17 09:00:31.546028,Dubai-9a90,28,6,Normal
2026-02-17 09:00:32.546028,Dubai-9a90,-18,47,Normal
2026-02-17 09:00:33.546028,Dubai-9a90,1,61,Normal
2026-02-17 09:00:34.546028,Dubai-9a90,3,74,Normal
2026-02-17 09:00:35.546028,Dubai-9a90,-27,4,Normal
2026-02-17 09:00:36.546028,Dubai-9a90,-22,64,Normal
2026-02-17 09:00:37.546028,Dubai-9a90,-5,85,Normal
2026-02-17 09:00:38.546028,Dubai-9a90,-9,62,Normal
2026-02-17 09:00:39.546028,Dubai-9a90,-5,1,Normal
2026-02-17 09:00:40.546028,Dubai-9a90,-28,72,Normal
2026-02-17 09:00:41.546028,Dubai-9a90,12,52,Normal
2026-02-17 09:00:42.546028,Dubai-9a90,50,4,Normal
2026-02-17 09:00:43.546028,Dubai-9a90,-8,0,Normal
2026-02-17 09:00:44.546028,Dubai-9a90,-16,82,Normal
2026-02-17 09:00:45.546028,Dubai-9a90,-18,7,Normal
2026-02-17 09:00:46.546028,Dubai-9a90,30,85,Normal
2026-02-17 09:00:47.546028,Dubai-9a90,19,45,Normal
2026-02-17 09:00:48.546028,Dubai-9a90,-23,35,Normal
2026-02-17 09:00:49.546028,Dubai-9a90,-28,33,Normal
2026-02-17 09:00:50.546028,Dubai-9a90,-5,31,Normal
2026-02-17 09:00:51.546028,Dubai-9a90,-6,10,Normal
2026-02-17 09:00:52.546028,Dubai-9a90,-28,99,Normal
2026-02-17 09:00:53.546028,Dubai-9a90,47,42,Normal
2026-02-17 09:00:54.546028,Dubai-9a90,14,66,Normal
2026-02-17 09:00:55.546028,Dubai-9a90,-26,93,Normal
2026-02-17 09:00:56.546028,Dubai-9a90,28,80,Normal
2026-02-17 09:00:57.546028,Dubai-9a90,-7,86,Normal
2026-02-17 09:00:58.546028,Dubai-9a90,3,20,Normal
2026-02-17 09:00:59.546028,Dubai-9a90,26,13,Normal
2026-02-17 09:01:00.546028,Dubai-9a90,43,18,Normal
2026-02-17 09:01:01.546028,Dubai-9a90,-28,25,Normal
2026-02-17 09:01:02.546028,Dubai-9a90,7,87,Normal
2026-02-17 09:01:03.546028,Dubai-9a90,41,48,Normal
2026-02-17 09:01:04.546028,Dubai-9a90,29,23,Normal
2026-02-17 09:01:05.546028,Dubai-9a90,-17,60,Normal
2026-02-17 09:01:06.546028,Dubai-9a90,-14,68,Normal
2026-02-17 09:01:07.546028,Dubai-9a90,50,84,Normal
2026-02-17 09:01:08.546028,Dubai-9a90,29,30,Normal
2026-02-17 09:01:09.546028,Dubai-9a90,-12,72,Normal
2026-02-17 09:01:10.546028,Dubai-9a90,44,95,Normal
2026-02-17 09:01:11.546028,Dubai-9a90,-13,1,Normal
2026-02-17 09:01:12.546028,Dubai-9a90,25,2,Normal
2026-02-17 09:01:13.546028,Dubai-9a90,-29,86,Normal
2026-02-17 09:01:14.546028,Dubai-9a90,-27,96,Normal
2026-02-17 09:01:15.546028,Dubai-9a90,39,39,Normal
2026-02-17 09:01:16.546028,Dubai-9a90,-10,94,Normal
2026-02-17 09:01:17.546028,Dubai-9a90,23,6,Normal
2026-02-17 09:01:18.546028,Dubai-9a90,32,54,Normal
2026-02-17 09:01:19.546028,Dubai-9a90,-21,34,Normal
2026-02-17 09:01:20.546028,Dubai-9a90,35,96,Normal
2026-02-17 09:01:21.546028,Dubai-9a90,20,65,Normal
2026-02-17 09:01:22.546028,Dubai-9a90,-22,98,Normal
2026-02-17 09:01:23.546028,Dubai-9a90,49,67,Normal
2026-02-17 09:01:24.546028,Dubai-9a90,24,54,Normal
2026-02-17 09:01:25.546028,Dubai-9a90,-12,62,Normal
2026-02-17 09:01:26.546028,Dubai-9a90,18,39,Normal
2026-02-17 09:01:27.546028,Dubai-9a90,21,90,Normal
2026-02-17 09:01:28.546028,Dubai-9a90,27,68,Normal
2026-02-17 09:01:29.546028,Dubai-9a90,25,80,Normal
2026-02-17 09:01:30.546028,Dubai-9a90,-14,25,Normal
2026-02-17 09:01:31.546028,Dubai-9a90,-26,41,Normal
2026-02-17 09:01:32.546028,Dubai-9a90,14,93,Normal
2026-02-17 09:01:33.546028,Dubai-9a90,4,72,Normal
2026-02-17 09:01:34.546028,Dubai-9a90,1,22,Normal
2026-02-17 09:01:35.546028,Dubai-9a90,-8,100,Normal
2026-02-17 09:01:36.546028,Dubai-9a90,-30,100,Normal
2026-02-17 09:01:37.546028,Dubai-9a90,-1,52,Normal
2026-02-17 09:01:38.546028,Dubai-9a90,25,16,Normal
2026-02-17 09:01:39.546028,Dubai-9a90,-16,44,Normal
2026-02-17 09:01:40.546028,Dubai-9a90,-4,62,Normal
2026-02-17 09:01:41.546028,Dubai-9a90,-13,93,Normal
2026-02-17 09:01:42.546028,Dubai-9a90,25,94,Normal
2026-02-17 09:01:43.546028,Dubai-9a90,35,18,Normal
2026-02-17 09:01:44.546028,Dubai-9a90,47,88,Normal
2026-02-17 09:01:45.546028,Dubai-9a90,13,38,Normal
2026-02-17 09:01:46.546028,Dubai-9a90,18,45,Normal
2026-02-17 09:01:47.546028,Dubai-9a90,-19,9,Normal
2026-02-17 09:01:48.546028,Dubai-9a90,19,73,Normal
2026-02-17 09:01:49.546028,Dubai-9a90,25,55,Normal
2026-02-17 09:01:50.546028,Dubai-9a90,24,34,Normal
2026-02-17 09:01:51.546028,Dubai-9a90,-30,3,Normal
2026-02-17 09:01:52.546028,Dubai-9a90,1,71,Normal
2026-02-17 09:01:53.546028,Dubai-9a90,-10,7,Normal
2026-02-17 09:01:54.546028,Dubai-9a90,47,71,Normal
2026-02-17 09:01:55.546028,Dubai-9a90,-24,94,Normal
2026-02-17 09:01:56.546028,Dubai-9a90,27,73,Normal
2026-02-17 09:01:57.546028,Dubai-9a90,-3,5,Normal
2026-02-17 09:01:58.546028,Dubai-9a90,4,24,Normal
2026-02-17 09:01:59.546028,Dubai-9a90,-12,79,Normal
2026-02-17 09:02:00.546028,Dubai-9a90,23,56,Normal
2026-02-17 09:02:01.546028,Dubai-9a90,43,26,Normal
2026-02-17 09:02:02.546028,Dubai-9a90,-11,16,Normal
2026-02-17 09:02:03.546028,Dubai-9a90,33,29,Normal
2026-02-17 09:02:04.546028,Dubai-9a90,20,51,Normal
2026-02-17 09:02:05.546028,Dubai-9a90,12,27,Normal
2026-02-17 09:02:06.546028,Dubai-9a90,22,62,Normal
2026-02-17 09:02:07.546028,Dubai-9a90,24,99,Normal
2026-02-17 09:02:08.546028,Dubai-9a90,24,93,Normal
2026-02-17 09:02:09.546028,Dubai-9a90,-21,44,Normal
2026-02-17 09:02:10.546028,Dubai-9a90,-16,79,Normal
2026-02-17 09:02:11.546028,Dubai-9a90,49,28,Normal
2026-02-17 09:02:12.546028,Dubai-9a90,-5,6,Normal
2026-02-17 09:02:13.546028,Dubai-9a90,38,11,Normal
2026-02-17 09:02:14.546028,Dubai-9a90,-6,53,Normal
2026-02-17 09:02:15.546028,Dubai-9a90,35,39,Normal
2026-02-17 09:02:16.546028,Dubai-9a90,-5,62,Normal
2026-02-17 09:02:17.546028,Dubai-9a90,-24,21,Normal
2026-02-17 09:02:18.546028,Dubai-9a90,3,46,Normal
2026-02-17 09:02:19.546028,Dubai-9a90,4,38,Normal
2026-02-17 09:02:20.546028,Dubai-9a90,9,54,Normal
2026-02-17 09:02:21.546028,Dubai-9a90,25,94,Normal
2026-02-17 09:02:22.546028,Dubai-9a90,-16,49,Normal
2026-02-17 09:02:23.546028,Dubai-9a90,-13,95,Normal
2026-02-17 09:02:24.546028,Dubai-9a90,36,24,Normal
2026-02-17 09:02:25.546028,Dubai-9a90,26,32,Normal
2026-02-17 09:02:26.546028,Dubai-9a90,-26,40,Normal
2026-02-17 09:02:27.546028,Dubai-9a90,33,32,Normal
2026-02-17 09:02:28.546028,Dubai-9a90,13,100,Normal
2026-02-17 09:02:29.546028,Dubai-9a90,-21,74,Normal
2026-02-17 09:02:30.546028,Dubai-9a90,-24,50,Normal
2026-02-17 09:02:31.546028,Dubai-9a90,45,71,Normal
2026-02-17 09:02:32.546028,Dubai-9a90,-30,17,Normal
2026-02-17 09:02:33.546028,Dubai-9a90,-13,94,Normal
2026-02-17 09:02:34.546028,Dubai-9a90,3,85,Normal
2026-02-17 09:02:35.546028,Dubai-9a90,42,3,Normal
2026-02-17 09:02:36.546028,Dubai-9a90,18,71,Normal
2026-02-17 09:02:37.546028,Dubai-9a90,-8,95,Normal
2026-02-17 09:02:38.546028,Dubai-9a90,-6,59,Normal
2026-02-17 09:02:39.546028,Dubai-9a90,7,33,Normal
2026-02-17 09:02:40.546028,Dubai-9a90,33,86,Normal
2026-02-17 09:02:41.546028,Dubai-9a90,-20,81,Normal
2026-02-17 09:02:42.546028,Dubai-9a90,29,88,Normal
2026-02-17 09:02:43.546028,Dubai-9a90,34,93,Normal
2026-02-17 09:02:44.546028,Dubai-9a90,29,54,Normal
2026-02-17 09:02:45.546028,Dubai-9a90,-9,8,Normal
2026-02-17 09:02:46.546028,Dubai-9a90,-17,47,Normal
2026-02-17 09:02:47.546028,Dubai-9a90,-22,2,Normal
2026-02-17 09:02:48.546028,Dubai-9a90,37,69,Normal
2026-02-17 09:02:49.546028,Dubai-9a90,-10,86,Normal
2026-02-17 09:02:50.546028,Dubai-9a90,6,45,Normal
2026-02-17 09:02:51.546028,Dubai-9a90,-15,63,Normal
2026-02-17 09:02:52.546028,Dubai-9a90,48,20,Normal
2026-02-17 09:02:53.546028,Dubai-9a90,24,7,Normal
2026-02-17 09:02:54.546028,Dubai-9a90,29,98,Normal
2026-02-17 09:02:55.546028,Dubai-9a90,-13,34,Normal
2026-02-17 09:02:56.546028,Dubai-9a90,8,19,Normal
2026-02-17 09:02:57.546028,Dubai-9a90,12,1,Normal
2026-02-17 09:02:58.546028,Dubai-9a90,50,10,Normal
2026-02-17 09:02:59.546028,Dubai-9a90,-3,60,Normal
2026-02-17 09:03:00.546028,Dubai-9a90,28,47,Normal
2026-02-17 09:03:01.546028,Dubai-9a90,49,69,Normal
2026-02-17 09:03:02.546028,Dubai-9a90,2,79,Normal
2026-02-17 09:03:03.546028,Dubai-9a90,9,63,Normal
2026-02-17 09:03:04.546028,Dubai-9a90,17,17,Normal
2026-02-17 09:03:05.546028,Dubai-9a90,-25,64,Normal
2026-02-17 09:03:06.546028,Dubai-9a90,-26,49,Normal
2026-02-17 09:03:07.546028,Dubai-9a90,9,32,Normal
2026-02-17 09:03:08.546028,Dubai-9a90,-8,68,Normal
2026-02-17 09:03:09.546028,Dubai-9a90,-14,85,Normal
2026-02-17 09:03:10.546028,Dubai-9a90,-12,72,Normal
2026-02-17 09:03:11.546028,Dubai-9a90,9,26,Normal
2026-02-17 09:03:12.546028,Dubai-9a90,9,98,Normal
2026-02-17 09:03:13.546028,Dubai-9a90,-25,93,Normal
2026-02-17 09:03:14.546028,Dubai-9a90,-5,96,Normal
2026-02-17 09:03:15.546028,Dubai-9a90,4,62,Normal
2026-02-17 09:03:16.546028,Dubai-9a90,27,66,Normal
2026-02-17 09:03:17.546028,Dubai-9a90,-14,3,Normal
2026-02-17 09:03:18.546028,Dubai-9a90,-7,62,Normal
2026-02-17 09:03:19.546028,Dubai-9a90,-22,67,Normal
2026-02-17 09:03:20.546028,Dubai-9a90,35,63,Normal
2026-02-17 09:03:21.546028,Dubai-9a90,20,14,Normal
2026-02-17 09:03:22.546028,Dubai-9a90,26,45,Normal
2026-02-17 09:03:23.546028,Dubai-9a90,-5,7,Normal
2026-02-17 09:03:24.546028,Dubai-9a90,30,22,Normal
2026-02-17 09:03:25.546028,Dubai-9a90,3,46,Normal
2026-02-17 09:03:26.546028,Dubai-9a90,33,54,Normal
2026-02-17 09:03:27.546028,Dubai-9a90,-16,22,Normal
2026-02-17 09:03:28.546028,Dubai-9a90,-26,84,Normal
2026-02-17 09:03:29.546028,Dubai-9a90,-7,7,Normal
2026-02-17 09:03:30.546028,Dubai-9a90,-23,56,Normal
2026-02-17 09:03:31.546028,Dubai-9a90,-11,10,Normal
2026-02-17 09:03:32.546028,Dubai-9a90,32,43,Normal
2026-02-17 09:03:33.546028,Dubai-9a90,36,90,Normal
2026-02-17 09:03:34.546028,Dubai-9a90,10,50,Normal
2026-02-17 09:03:35.546028,Dubai-9a90,-30,59,Normal
2026-02-17 09:03:36.546028,Dubai-9a90,34,76,Normal
2026-02-17 09:03:37.546028,Dubai-9a90,-14,65,Normal
2026-02-17 09:03:38.546028,Dubai-9a90,29,13,Normal
2026-02-17 09:03:39.546028,Dubai-9a90,-11,91,Normal
2026-02-17 09:03:40.546028,Dubai-9a90,22,6,Normal
2026-02-17 09:03:41.546028,Dubai-9a90,26,39,Normal
2026-02-17 09:03:42.546028,Dubai-9a90,-18,58,Normal
2026-02-17 09:03:43.546028,Dubai-9a90,45,25,Normal
2026-02-17 09:03:44.546028,Dubai-9a90,29,46,Normal
2026-02-17 09:03:45.546028,Dubai-9a90,2,6,Normal
2026-02-17 09:03:46.546028,Dubai-9a90,41,97,Normal
2026-02-17 09:03:47.546028,Dubai-9a90,3,53,Normal
2026-02-17 09:03:48.546028,Dubai-9a90,40,59,Normal
2026-02-17 09:03:49.546028,Dubai-9a90,35,4,Normal
2026-02-17 09:03:50.546028,Dubai-9a90,-29,9,Normal
2026-02-17 09:03:51.546028,Dubai-9a90,48,2,Normal
2026-02-17 09:03:52.546028,Dubai-9a90,-20,7,Normal
2026-02-17 09:03:53.546028,Dubai-9a90,-13,30,Normal
2026-02-17 09:03:54.546028,Dubai-9a90,1,85,Normal
2026-02-17 09:03:55.546028,Dubai-9a90,-18,28,Normal
2026-02-17 09:03:56.546028,Dubai-9a90,23,71,Normal
2026-02-17 09:03:57.546028,Dubai-9a90,13,29,Normal
2026-02-17 09:03:58.546028,Dubai-9a90,25,4,Normal
2026-02-17 09:03:59.546028,Dubai-9a90,42,55,Normal
2026-02-17 09:04:00.546028,Dubai-9a90,-25,73,Normal
2026-02-17 09:04:01.546028,Dubai-9a90,30,18,Normal
2026-02-17 09:04:02.546028,Dubai-9a90,23,92,Normal
2026-02-17 09:04:03.546028,Dubai-9a90,32,71,Normal
2026-02-17 09:04:04.546028,Dubai-9a90,-15,62,Normal
2026-02-17 09:04:05.546028,Dubai-9a90,11,91,Normal
2026-02-17 09:04:06.546028,Dubai-9a90,-5,13,Normal
2026-02-17 09:04:07.546028,Dubai-9a90,31,45,Normal
2026-02-17 09:04:08.546028,Dubai-9a90,36,70,Normal
2026-02-17 09:04:09.546028,Dubai-9a90,-28,50,Normal
2026-02-17 09:04:10.546028,Dubai-9a90,40,52,Normal
2026-02-17 09:04:11.546028,Dubai-9a90,9,66,Normal
2026-02-17 09:04:12.546028,Dubai-9a90,21,11,Normal
2026-02-17 09:04:13.546028,Dubai-9a90,6,74,Normal
2026-02-17 09:04:14.546028,Dubai-9a90,-29,83,Normal
2026-02-17 09:04:15.546028,Dubai-9a90,-7,75,Normal
2026-02-17 09:04:16.546028,Dubai-9a90,28,88,Normal
2026-02-17 09:04:17.546028,Dubai-9a90,34,31,Normal
2026-02-17 09:04:18.546028,Dubai-9a90,-6,87,Normal
2026-02-17 09:04:19.546028,Dubai-9a90,27,24,Normal
2026-02-17 09:04:20.546028,Dubai-9a90,12,63,Normal
2026-02-17 09:04:21.546028,Dubai-9a90,-3,52,Normal
2026-02-17 09:04:22.546028,Dubai-9a90,22,91,Normal
2026-02-17 09:04:23.546028,Dubai-9a90,15,23,Normal
2026-02-17 09:04:24.546028,Dubai-9a90,40,91,Normal
2026-02-17 09:04:25.546028,Dubai-9a90,2,24,Normal
2026-02-17 09:04:26.546028,Dubai-9a90,16,28,Normal
2026-02-17 09:04:27.546028,Dubai-9a90,-23,37,Normal
2026-02-17 09:04:28.546028,Dubai-9a90,46,71,Normal
2026-02-17 09:04:29.546028,Dubai-9a90,22,80,Normal
2026-02-17 09:04:30.546028,Dubai-9a90,-30,34,Normal
2026-02-17 09:04:31.546028,Dubai-9a90,1,64,Normal
2026-02-17 09:04:32.546028,Dubai-9a90,43,5,Normal
2026-02-17 09:04:33.546028,Dubai-9a90,12,28,Normal
2026-02-17 09:04:34.546028,Dubai-9a90,46,16,Normal
2026-02-17 09:04:35.546028,Dubai-9a90,7,96,Normal
2026-02-17 09:04:36.546028,Dubai-9a90,-28,63,Normal
2026-02-17 09:04:37.546028,Dubai-9a90,-25,68,Normal
2026-02-17 09:04:38.546028,Dubai-9a90,15,84,Normal
2026-02-17 09:04:39.546028,Dubai-9a90,2,68,Normal
2026-02-17 09:04:40.546028,Dubai-9a90,-5,93,Normal
2026-02-17 09:04:41.546028,Dubai-9a90,-12,77,Normal
2026-02-17 09:04:42.546028,Dubai-9a90,46,24,Normal
2026-02-17 09:04:43.546028,Dubai-9a90,31,21,Normal
2026-02-17 09:04:44.546028,Dubai-9a90,-11,77,Normal
2026-02-17 09:04:45.546028,Dubai-9a90,15,9,Normal
2026-02-17 09:04:46.546028,Dubai-9a90,0,36,Normal
2026-02-17 09:04:47.546028,Dubai-9a90,-19,77,Normal
2026-02-17 09:04:48.546028,Dubai-9a90,1,45,Normal
2026-02-17 09:04:49.546028,Dubai-9a90,-18,54,Normal
2026-02-17 09:04:50.546028,Dubai-9a90,-22,70,Normal
2026-02-17 09:04:51.546028,Dubai-9a90,32,52,Normal
2026-02-17 09:04:52.546028,Dubai-9a90,22,27,Normal
2026-02-17 09:04:53.546028,Dubai-9a90,-10,10,Normal
2026-02-17 09:04:54.546028,Dubai-9a90,-19,41,Normal
2026-02-17 09:04:55.546028,Dubai-9a90,2,15,Normal
2026-02-17 09:04:56.546028,Dubai-9a90,13,73,Normal
2026-02-17 09:04:57.546028,Dubai-9a90,15,33,Normal
2026-02-17 09:04:58.546028,Dubai-9a90,-28,44,Normal
2026-02-17 09:04:59.546028,Dubai-9a90,40,73,Normal
2026-02-17 09:05:00.546028,Dubai-9a90,48,89,Normal
2026-02-17 09:05:01.546028,Dubai-9a90,8,79,Normal
2026-02-17 09:05:02.546028,Dubai-9a90,-20,69,Normal
2026-02-17 09:05:03.546028,Dubai-9a90,1,7,Normal
2026-02-17 09:05:04.546028,Dubai-9a90,-29,79,Normal
2026-02-17 09:05:05.546028,Dubai-9a90,-25,40,Normal
2026-02-17 09:05:06.546028,Dubai-9a90,10,93,Normal
2026-02-17 09:05:07.546028,Dubai-9a90,-21,35,Normal
2026-02-17 09:05:08.546028,Dubai-9a90,-7,56,Normal
2026-02-17 09:05:09.546028,Dubai-9a90,4,37,Normal
2026-02-17 09:05:10.546028,Dubai-9a90,26,91,Normal
2026-02-17 09:05:11.546028,Dubai-9a90,-9,4,Normal
2026-02-17 09:05:12.546028,Dubai-9a90,-29,45,Normal
2026-02-17 09:05:13.546028,Dubai-9a90,-13,49,Normal
2026-02-17 09:05:14.546028,Dubai-9a90,48,88,Normal
2026-02-17 09:05:15.546028,Dubai-9a90,6,30,Normal
2026-02-17 09:05:16.546028,Dubai-9a90,-1,19,Normal
2026-02-17 09:05:17.546028,Dubai-9a90,6,34,Normal
2026-02-17 09:05:18.546028,Dubai-9a90,9,57,Normal
2026-02-17 09:05:19.546028,Dubai-9a90,-12,10,Normal
2026-02-17 09:05:20.546028,Dubai-9a90,19,63,Normal
2026-02-17 09:05:21.546028,Dubai-9a90,-24,20,Normal
2026-02-17 09:05:22.546028,Dubai-9a90,46,28,Normal
2026-02-17 09:05:23.546028,Dubai-9a90,30,50,Normal
2026-02-17 09:05:24.546028,Dubai-9a90,-26,7,Normal
2026-02-17 09:05:25.546028,Dubai-9a90,14,7,Normal
2026-02-17 09:05:26.546028,Dubai-9a90,46,78,Normal
2026-02-17 09:05:27.546028,Dubai-9a90,-3,44,Normal
2026-02-17 09:05:28.546028,Dubai-9a90,0,99,Normal
2026-02-17 09:05:29.546028,Dubai-9a90,13,73,Normal
2026-02-17 09:05:30.546028,Dubai-9a90,48,17,Normal
2026-02-17 09:05:31.546028,Dubai-9a90,44,86,Normal
2026-02-17 09:05:32.546028,Dubai-9a90,-18,8,Normal
2026-02-17 09:05:33.546028,Dubai-9a90,34,51,Normal
2026-02-17 09:05:34.546028,Dubai-9a90,-1,15,Normal
2026-02-17 09:05:35.546028,Dubai-9a90,5,38,Normal
2026-02-17 09:05:36.546028,Dubai-9a90,20,48,Normal
2026-02-17 09:05:37.546028,Dubai-9a90,2,45,Normal
2026-02-17 09:05:38.546028,Dubai-9a90,-14,63,Normal
2026-02-17 09:05:39.546028,Dubai-9a90,36,6,Normal
2026-02-17 09:05:40.546028,Dubai-9a90,9,71,Normal
2026-02-17 09:05:41.546028,Dubai-9a90,36,29,Normal
2026-02-17 09:05:42.546028,Dubai-9a90,15,55,Normal
2026-02-17 09:05:43.546028,Dubai-9a90,-9,27,Normal
2026-02-17 09:05:44.546028,Dubai-9a90,4,73,Normal
2026-02-17 09:05:45.546028,Dubai-9a90,32,72,Normal
2026-02-17 09:05:46.546028,Dubai-9a90,42,32,Normal
2026-02-17 09:05:47.546028,Dubai-9a90,3,43,Normal
2026-02-17 09:05:48.546028,Dubai-9a90,-29,30,Normal
2026-02-17 09:05:49.546028,Dubai-9a90,-14,72,Normal
2026-02-17 09:05:50.546028,Dubai-9a90,-15,60,Normal
2026-02-17 09:05:51.546028,Dubai-9a90,-6,27,Normal
2026-02-17 09:05:52.546028,Dubai-9a90,25,8,Normal
2026-02-17 09:05:53.546028,Dubai-9a90,-2,9,Normal
2026-02-17 09:05:54.546028,Dubai-9a90,11,68,Normal
2026-02-17 09:05:55.546028,Dubai-9a90,41,27,Normal
2026-02-17 09:05:56.546028,Dubai-9a90,-11,17,Normal
2026-02-17 09:05:57.546028,Dubai-9a90,11,64,Normal
2026-02-17 09:05:58.546028,Dubai-9a90,8,74,Normal
2026-02-17 09:05:59.546028,Dubai-9a90,-30,88,Normal
2026-02-17 09:06:00.546028,Dubai-9a90,6,19,Normal
2026-02-17 09:06:01.546028,Dubai-9a90,19,71,Normal
2026-02-17 09:06:02.546028,Dubai-9a90,18,72,Normal
2026-02-17 09:06:03.546028,Dubai-9a90,-12,31,Normal
2026-02-17 09:06:04.546028,Dubai-9a90,-11,17,Normal
2026-02-17 09:06:05.546028,Dubai-9a90,-10,19,Normal
2026-02-17 09:06:06.546028,Dubai-9a90,21,20,Normal
2026-02-17 09:06:07.546028,Dubai-9a90,-10,27,Normal
2026-02-17 09:06:08.546028,Dubai-9a90,-19,5,Normal
2026-02-17 09:06:09.546028,Dubai-9a90,31,3,Normal
2026-02-17 09:06:10.546028,Dubai-9a90,35,62,Normal
2026-02-17 09:06:11.546028,Dubai-9a90,-30,67,Normal
2026-02-17 09:06:12.546028,Dubai-9a90,25,37,Normal
2026-02-17 09:06:13.546028,Dubai-9a90,-13,12,Normal
2026-02-17 09:06:14.546028,Dubai-9a90,33,34,Normal
2026-02-17 09:06:15.546028,Dubai-9a90,-7,58,Normal
2026-02-17 09:06:16.546028,Dubai-9a90,49,84,Normal
2026-02-17 09:06:17.546028,Dubai-9a90,-18,40,Normal
2026-02-17 09:06:18.546028,Dubai-9a90,30,4,Normal
2026-02-17 09:06:19.546028,Dubai-9a90,32,64,Normal
2026-02-17 09:06:20.546028,Dubai-9a90,49,56,Normal
2026-02-17 09:06:21.546028,Dubai-9a90,-29,23,Normal
2026-02-17 09:06:22.546028,Dubai-9a90,19,18,Normal
2026-02-17 09:06:23.546028,Dubai-9a90,21,27,Normal
2026-02-17 09:06:24.546028,Dubai-9a90,-19,4,Normal
2026-02-17 09:06:25.546028,Dubai-9a90,-23,95,Normal
2026-02-17 09:06:26.546028,Dubai-9a90,23,50,Normal
2026-02-17 09:06:27.546028,Dubai-9a90,44,72,Normal
2026-02-17 09:06:28.546028,Dubai-9a90,35,16,Normal
2026-02-17 09:06:29.546028,Dubai-9a90,44,20,Normal
2026-02-17 09:06:30.546028,Dubai-9a90,-27,0,Normal
2026-02-17 09:06:31.546028,Dubai-9a90,23,53,Normal
2026-02-17 09:06:32.546028,Dubai-9a90,6,1,Normal
2026-02-17 09:06:33.546028,Dubai-9a90,7,65,Normal
2026-02-17 09:06:34.546028,Dubai-9a90,-10,75,Normal
2026-02-17 09:06:35.546028,Dubai-9a90,-25,94,Normal
2026-02-17 09:06:36.546028,Dubai-9a90,-26,7,Normal
2026-02-17 09:06:37.546028,Dubai-9a90,50,100,Normal
2026-02-17 09:06:38.546028,Dubai-9a90,-15,32,Normal
2026-02-17 09:06:39.546028,Dubai-9a90,45,15,Normal
2026-02-17 09:06:40.546028,Dubai-9a90,-27,18,Normal
2026-02-17 09:06:41.546028,Dubai-9a90,37,33,Normal
2026-02-17 09:06:42.546028,Dubai-9a90,-28,38,Normal
2026-02-17 09:06:43.546028,Dubai-9a90,47,83,Normal
2026-02-17 09:06:44.546028,Dubai-9a90,50,30,Normal
2026-02-17 09:06:45.546028,Dubai-9a90,37,53,Normal
2026-02-17 09:06:46.546028,Dubai-9a90,7,32,Normal
2026-02-17 09:06:47.546028,Dubai-9a90,-25,7,Normal
2026-02-17 09:06:48.546028,Dubai-9a90,14,22,Normal
2026-02-17 09:06:49.546028,Dubai-9a90,-17,85,Normal
2026-02-17 09:06:50.546028,Dubai-9a90,17,26,Normal
2026-02-17 09:06:51.546028,Dubai-9a90,34,48,Normal
2026-02-17 09:06:52.546028,Dubai-9a90,-29,35,Normal
2026-02-17 09:06:53.546028,Dubai-9a90,-6,14,Normal
2026-02-17 09:06:54.546028,Dubai-9a90,5,96,Normal
2026-02-17 09:06:55.546028,Dubai-9a90,-28,47,Normal
2026-02-17 09:06:56.546028,Dubai-9a90,22,68,Normal
2026-02-17 09:06:57.546028,Dubai-9a90,41,42,Normal
2026-02-17 09:06:58.546028,Dubai-9a90,4,45,Normal
2026-02-17 09:06:59.546028,Dubai-9a90,39,45,Normal
2026-02-17 09:07:00.546028,Dubai-9a90,3,54,Normal
2026-02-17 09:07:01.546028,Dubai-9a90,-7,74,Normal
2026-02-17 09:07:02.546028,Dubai-9a90,12,42,Normal
2026-02-17 09:07:03.546028,Dubai-9a90,10,97,Normal
2026-02-17 09:07:04.546028,Dubai-9a90,-23,46,Normal
2026-02-17 09:07:05.546028,Dubai-9a90,15,70,Normal
2026-02-17 09:07:06.546028,Dubai-9a90,-11,93,Normal
2026-02-17 09:07:07.546028,Dubai-9a90,-3,83,Normal
2026-02-17 09:07:08.546028,Dubai-9a90,25,94,Normal
2026-02-17 09:07:09.546028,Dubai-9a90,-8,67,Normal
2026-02-17 09:07:10.546028,Dubai-9a90,-11,84,Normal
2026-02-17 09:07:11.546028,Dubai-9a90,40,17,Normal
2026-02-17 09:07:12.546028,Dubai-9a90,-4,72,Normal
2026-02-17 09:07:13.546028,Dubai-9a90,0,0,Normal
2026-02-17 09:07:14.546028,Dubai-9a90,-13,11,Normal
2026-02-17 09:07:15.546028,Dubai-9a90,2,14,Normal
2026-02-17 09:07:16.546028,Dubai-9a90,33,6,Normal
2026-02-17 09:07:17.546028,Dubai-9a90,41,48,Normal
2026-02-17 09:07:18.546028,Dubai-9a90,-29,74,Normal
2026-02-17 09:07:19.546028,Dubai-9a90,-24,81,Normal
2026-02-17 09:07:20.546028,Dubai-9a90,34,50,Normal
2026-02-17 09:07:21.546028,Dubai-9a90,1,89,Normal
2026-02-17 09:07:22.546028,Dubai-9a90,46,84,Normal
2026-02-17 09:07:23.546028,Dubai-9a90,-4,60,Normal
2026-02-17 09:07:24.546028,Dubai-9a90,13,26,Normal
2026-02-17 09:07:25.546028,Dubai-9a90,29,42,Normal
2026-02-17 09:07:26.546028,Dubai-9a90,28,13,Normal
2026-02-17 09:07:27.546028,Dubai-9a90,5,68,Normal
2026-02-17 09:07:28.546028,Dubai-9a90,38,43,Normal
2026-02-17 09:07:29.546028,Dubai-9a90,-2,92,Normal
2026-02-17 09:07:30.546028,Dubai-9a90,23,41,Normal
2026-02-17 09:07:31.546028,Dubai-9a90,18,89,Normal
2026-02-17 09:07:32.546028,Dubai-9a90,46,39,Normal
2026-02-17 09:07:33.546028,Dubai-9a90,43,48,Normal
2026-02-17 09:07:34.546028,Dubai-9a90,-19,79,Normal
2026-02-17 09:07:35.546028,Dubai-9a90,15,92,Normal
2026-02-17 09:07:36.546028,Dubai-9a90,-25,70,Normal
2026-02-17 09:07:37.546028,Dubai-9a90,9,17,Normal
2026-02-17 09:07:38.546028,Dubai-9a90,-17,87,Normal
2026-02-17 09:07:39.546028,Dubai-9a90,-15,4,Normal
2026-02-17 09:07:40.546028,Dubai-9a90,50,40,Normal
2026-02-17 09:07:41.546028,Dubai-9a90,15,63,Normal
2026-02-17 09:07:42.546028,Dubai-9a90,11,72,Normal
2026-02-17 09:07:43.546028,Dubai-9a90,19,77,Normal
2026-02-17 09:07:44.546028,Dubai-9a90,12,50,Normal
2026-02-17 09:07:45.546028,Dubai-9a90,16,47,Normal
2026-02-17 09:07:46.546028,Dubai-9a90,-27,16,Normal
2026-02-17 09:07:47.546028,Dubai-9a90,40,68,Normal
2026-02-17 09:07:48.546028,Dubai-9a90,27,80,Normal
2026-02-17 09:07:49.546028,Dubai-9a90,34,95,Normal
2026-02-17 09:07:50.546028,Dubai-9a90,41,3,Normal
2026-02-17 09:07:51.546028,Dubai-9a90,-7,90,Normal
2026-02-17 09:07:52.546028,Dubai-9a90,-14,94,Normal
2026-02-17 09:07:53.546028,Dubai-9a90,-26,76,Normal
2026-02-17 09:07:54.546028,Dubai-9a90,-13,83,Normal
2026-02-17 09:07:55.546028,Dubai-9a90,2,51,Normal
2026-02-17 09:07:56.546028,Dubai-9a90,-12,80,Normal
2026-02-17 09:07:57.546028,Dubai-9a90,17,5,Normal
2026-02-17 09:07:58.546028,Dubai-9a90,43,63,Normal
2026-02-17 09:07:59.546028,Dubai-9a90,-24,38,Normal
2026-02-17 09:08:00.546028,Dubai-9a90,29,46,Normal
2026-02-17 09:08:01.546028,Dubai-9a90,-27,24,Normal
2026-02-17 09:08:02.546028,Dubai-9a90,-14,56,Normal
2026-02-17 09:08:03.546028,Dubai-9a90,45,75,Normal
2026-02-17 09:08:04.546028,Dubai-9a90,-6,76,Normal
2026-02-17 09:08:05.546028,Dubai-9a90,-1,65,Normal
2026-02-17 09:08:06.546028,Dubai-9a90,27,82,Normal
2026-02-17 09:08:07.546028,Dubai-9a90,-11,79,Normal
2026-02-17 09:08:08.546028,Dubai-9a90,-10,85,Normal
2026-02-17 09:08:09.546028,Dubai-9a90,15,28,Normal
2026-02-17 09:08:10.546028,Dubai-9a90,-18,37,Normal
2026-02-17 09:08:11.546028,Dubai-9a90,-2,96,Normal
2026-02-17 09:08:12.546028,Dubai-9a90,-23,35,Normal
2026-02-17 09:08:13.546028,Dubai-9a90,34,80,Normal
2026-02-17 09:08:14.546028,Dubai-9a90,-22,52,Normal
2026-02-17 09:08:15.546028,Dubai-9a90,-26,100,Normal
2026-02-17 09:08:16.546028,Dubai-9a90,50,24,Normal
2026-02-17 09:08:17.546028,Dubai-9a90,-4,100,Normal
2026-02-17 09:08:18.546028,Dubai-9a90,38,57,Normal
2026-02-17 09:08:19.546028,Dubai-9a90,-12,28,Normal
2026-02-17 09:08:20.546028,Dubai-9a90,16,61,Normal
2026-02-17 09:08:21.546028,Dubai-9a90,25,95,Normal
2026-02-17 09:08:22.546028,Dubai-9a90,3,29,Normal
2026-02-17 09:08:23.546028,Dubai-9a90,41,49,Normal
2026-02-17 09:08:24.546028,Dubai-9a90,49,52,Normal
2026-02-17 09:08:25.546028,Dubai-9a90,-2,86,Normal
2026-02-17 09:08:26.546028,Dubai-9a90,45,50,Normal
2026-02-17 09:08:27.546028,Dubai-9a90,5,21,Normal
2026-02-17 09:08:28.546028,Dubai-9a90,3,73,Normal
2026-02-17 09:08:29.546028,Dubai-9a90,2,16,Normal
2026-02-17 09:08:30.546028,Dubai-9a90,2,13,Normal
2026-02-17 09:08:31.546028,Dubai-9a90,38,76,Normal
2026-02-17 09:08:32.546028,Dubai-9a90,6,8,Normal
2026-02-17 09:08:33.546028,Dubai-9a90,20,26,Normal
2026-02-17 09:08:34.546028,Dubai-9a90,10,41,Normal
2026-02-17 09:08:35.546028,Dubai-9a90,50,81,Normal
2026-02-17 09:08:36.546028,Dubai-9a90,40,8,Normal
2026-02-17 09:08:37.546028,Dubai-9a90,-4,56,Normal
2026-02-17 09:08:38.546028,Dubai-9a90,15,57,Normal
2026-02-17 09:08:39.546028,Dubai-9a90,-11,91,Normal
2026-02-17 09:08:40.546028,Dubai-9a90,50,73,Normal
2026-02-17 09:08:41.546028,Dubai-9a90,-1,94,Normal
2026-02-17 09:08:42.546028,Dubai-9a90,19,18,Normal
2026-02-17 09:08:43.546028,Dubai-9a90,15,67,Normal
2026-02-17 09:08:44.546028,Dubai-9a90,32,49,Normal
2026-02-17 09:08:45.546028,Dubai-9a90,17,56,Normal
2026-02-17 09:08:46.546028,Dubai-9a90,11,84,Normal
2026-02-17 09:08:47.546028,Dubai-9a90,-18,51,Normal
2026-02-17 09:08:48.546028,Dubai-9a90,32,98,Normal
2026-02-17 09:08:49.546028,Dubai-9a90,24,80,Normal
2026-02-17 09:08:50.546028,Dubai-9a90,25,7,Normal
2026-02-17 09:08:51.546028,Dubai-9a90,-14,74,Normal
2026-02-17 09:08:52.546028,Dubai-9a90,28,90,Normal
2026-02-17 09:08:53.546028,Dubai-9a90,23,57,Normal
2026-02-17 09:08:54.546028,Dubai-9a90,10,52,Normal
2026-02-17 09:08:55.546028,Dubai-9a90,46,97,Normal
2026-02-17 09:08:56.546028,Dubai-9a90,11,46,Normal
2026-02-17 09:08:57.546028,Dubai-9a90,-25,40,Normal
2026-02-17 09:08:58.546028,Dubai-9a90,2,62,Normal
2026-02-17 09:08:59.546028,Dubai-9a90,-14,24,Normal
2026-02-17 09:09:00.546028,Dubai-9a90,-21,53,Normal
2026-02-17 09:09:01.546028,Dubai-9a90,26,79,Normal
2026-02-17 09:09:02.546028,Dubai-9a90,-16,65,Normal
2026-02-17 09:09:03.546028,Dubai-9a90,-27,71,Normal
2026-02-17 09:09:04.546028,Dubai-9a90,1,64,Normal
2026-02-17 09:09:05.546028,Dubai-9a90,48,28,Normal
2026-02-17 09:09:06.546028,Dubai-9a90,-23,64,Normal
2026-02-17 09:09:07.546028,Dubai-9a90,10,3,Normal
2026-02-17 09:09:08.546028,Dubai-9a90,26,16,Normal
2026-02-17 09:09:09.546028,Dubai-9a90,24,80,Normal
2026-02-17 09:09:10.546028,Dubai-9a90,11,60,Normal
2026-02-17 09:09:11.546028,Dubai-9a90,24,57,Normal
2026-02-17 09:09:12.546028,Dubai-9a90,41,24,Normal
2026-02-17 09:09:13.546028,Dubai-9a90,48,73,Normal
2026-02-17 09:09:14.546028,Dubai-9a90,-14,34,Normal
2026-02-17 09:09:15.546028,Dubai-9a90,20,22,Normal
2026-02-17 09:09:16.546028,Dubai-9a90,19,35,Normal
2026-02-17 09:09:17.546028,Dubai-9a90,10,49,Normal
2026-02-17 09:09:18.546028,Dubai-9a90,-22,19,Normal
2026-02-17 09:09:19.546028,Dubai-9a90,-21,69,Normal
2026-02-17 09:09:20.546028,Dubai-9a90,50,85,Normal
2026-02-17 09:09:21.546028,Dubai-9a90,-24,65,Normal
2026-02-17 09:09:22.546028,Dubai-9a90,26,28,Normal
2026-02-17 09:09:23.546028,Dubai-9a90,46,33,Normal
2026-02-17 09:09:24.546028,Dubai-9a90,19,22,Normal
2026-02-17 09:09:25.546028,Dubai-9a90,-18,91,Normal
2026-02-17 09:09:26.546028,Dubai-9a90,33,38,Normal
2026-02-17 09:09:27.546028,Dubai-9a90,31,46,Normal
2026-02-17 09:09:28.546028,Dubai-9a90,-21,93,Normal
2026-02-17 09:09:29.546028,Dubai-9a90,-13,83,Normal
2026-02-17 09:09:30.546028,Dubai-9a90,26,84,Normal
2026-02-17 09:09:31.546028,Dubai-9a90,33,34,Normal
2026-02-17 09:09:32.546028,Dubai-9a90,9,15,Normal
2026-02-17 09:09:33.546028,Dubai-9a90,26,69,Normal
2026-02-17 09:09:34.546028,Dubai-9a90,20,3,Normal
2026-02-17 09:09:35.546028,Dubai-9a90,15,86,Normal
2026-02-17 09:09:36.546028,Dubai-9a90,-7,51,Normal
2026-02-17 09:09:37.546028,Dubai-9a90,-10,61,Normal
2026-02-17 09:09:38.546028,Dubai-9a90,35,60,Normal
2026-02-17 09:09:39.546028,Dubai-9a90,32,96,Normal
2026-02-17 09:09:40.546028,Dubai-9a90,23,42,Normal
2026-02-17 09:09:41.546028,Dubai-9a90,-11,94,Normal
2026-02-17 09:09:42.546028,Dubai-9a90,47,50,Normal
2026-02-17 09:09:43.546028,Dubai-9a90,38,59,Normal
2026-02-17 09:09:44.546028,Dubai-9a90,-15,91,Normal
2026-02-17 09:09:45.546028,Dubai-9a90,-3,29,Normal
2026-02-17 09:09:46.546028,Dubai-9a90,35,45,Normal
2026-02-17 09:09:47.546028,Dubai-9a90,10,67,Normal
2026-02-17 09:09:48.546028,Dubai-9a90,43,81,Normal
2026-02-17 09:09:49.546028,Dubai-9a90,-23,96,Normal
2026-02-17 09:09:50.546028,Dubai-9a90,49,65,Normal
2026-02-17 09:09:51.546028,Dubai-9a90,-28,73,Normal
2026-02-17 09:09:52.546028,Dubai-9a90,-27,62,Normal
2026-02-17 09:09:53.546028,Dubai-9a90,23,60,Normal
2026-02-17 09:09:54.546028,Dubai-9a90,32,40,Normal
2026-02-17 09:09:55.546028,Dubai-9a90,49,59,Normal
2026-02-17 09:09:56.546028,Dubai-9a90,24,29,Normal
2026-02-17 09:09:57.546028,Dubai-9a90,-10,28,Normal
2026-02-17 09:09:58.546028,Dubai-9a90,-12,81,Normal
2026-02-17 09:09:59.546028,Dubai-9a90,-26,54,Normal
2026-02-17 09:10:00.546028,Dubai-9a90,41,33,Normal
2026-02-17 09:10:01.546028,Dubai-9a90,10,67,Normal
2026-02-17 09:10:02.546028,Dubai-9a90,-16,47,Normal
2026-02-17 09:10:03.546028,Dubai-9a90,16,64,Normal
2026-02-17 09:10:04.546028,Dubai-9a90,29,64,Normal
2026-02-17 09:10:05.546028,Dubai-9a90,5,97,Normal
2026-02-17 09:10:06.546028,Dubai-9a90,40,71,Normal
2026-02-17 09:10:07.546028,Dubai-9a90,-11,77,Normal
2026-02-17 09:10:08.546028,Dubai-9a90,-7,92,Normal
2026-02-17 09:10:09.546028,Dubai-9a90,9,45,Normal
2026-02-17 09:10:10.546028,Dubai-9a90,5,48,Normal
2026-02-17 09:10:11.546028,Dubai-9a90,0,2,Normal
2026-02-17 09:10:12.546028,Dubai-9a90,37,42,Normal
2026-02-17 09:10:13.546028,Dubai-9a90,-9,10,Normal
2026-02-17 09:10:14.546028,Dubai-9a90,41,75,Normal
2026-02-17 09:10:15.546028,Dubai-9a90,13,76,Normal
2026-02-17 09:10:16.546028,Dubai-9a90,-11,21,Normal
2026-02-17 09:10:17.546028,Dubai-9a90,29,73,Normal
2026-02-17 09:10:18.546028,Dubai-9a90,18,12,Normal
2026-02-17 09:10:19.546028,Dubai-9a90,-11,45,Normal
2026-02-17 09:10:20.546028,Dubai-9a90,41,40,Normal
2026-02-17 09:10:21.546028,Dubai-9a90,35,79,Normal
2026-02-17 09:10:22.546028,Dubai-9a90,24,20,Normal
2026-02-17 09:10:23.546028,Dubai-9a90,23,53,Normal
2026-02-17 09:10:24.546028,Dubai-9a90,-26,64,Normal
2026-02-17 09:10:25.546028,Dubai-9a90,34,13,Normal
2026-02-17 09:10:26.546028,Dubai-9a90,-29,30,Normal
2026-02-17 09:10:27.546028,Dubai-9a90,12,6,Normal
2026-02-17 09:10:28.546028,Dubai-9a90,-13,91,Normal
2026-02-17 09:10:29.546028,Dubai-9a90,-9,72,Normal
2026-02-17 09:10:30.546028,Dubai-9a90,32,17,Normal
2026-02-17 09:10:31.546028,Dubai-9a90,42,5,Normal
2026-02-17 09:10:32.546028,Dubai-9a90,32,33,Normal
2026-02-17 09:10:33.546028,Dubai-9a90,24,13,Normal
2026-02-17 09:10:34.546028,Dubai-9a90,-13,83,Normal
2026-02-17 09:10:35.546028,Dubai-9a90,29,70,Normal
2026-02-17 09:10:36.546028,Dubai-9a90,-9,60,Normal
2026-02-17 09:10:37.546028,Dubai-9a90,36,80,Normal
2026-02-17 09:10:38.546028,Dubai-9a90,-23,58,Normal
2026-02-17 09:10:39.546028,Dubai-9a90,-16,8,Normal
2026-02-17 09:10:40.546028,Dubai-9a90,-24,59,Normal
2026-02-17 09:10:41.546028,Dubai-9a90,23,45,Normal
2026-02-17 09:10:42.546028,Dubai-9a90,10,97,Normal
2026-02-17 09:10:43.546028,Dubai-9a90,17,1,Normal
2026-02-17 09:10:44.546028,Dubai-9a90,39,77,Normal
2026-02-17 09:10:45.546028,Dubai-9a90,44,23,Normal
2026-02-17 09:10:46.546028,Dubai-9a90,49,2,Normal
2026-02-17 09:10:47.546028,Dubai-9a90,34,44,Normal
2026-02-17 09:10:48.546028,Dubai-9a90,12,26,Normal
2026-02-17 09:10:49.546028,Dubai-9a90,31,68,Normal
2026-02-17 09:10:50.546028,Dubai-9a90,3,56,Normal
2026-02-17 09:10:51.546028,Dubai-9a90,35,20,Normal
2026-02-17 09:10:52.546028,Dubai-9a90,48,89,Normal
2026-02-17 09:10:53.546028,Dubai-9a90,21,86,Normal
2026-02-17 09:10:54.546028,Dubai-9a90,0,91,Normal
2026-02-17 09:10:55.546028,Dubai-9a90,-12,91,Normal
2026-02-17 09:10:56.546028,Dubai-9a90,15,14,Normal
2026-02-17 09:10:57.546028,Dubai-9a90,-1,27,Normal
2026-02-17 09:10:58.546028,Dubai-9a90,45,16,Normal
2026-02-17 09:10:59.546028,Dubai-9a90,-28,4,Normal
2026-02-17 09:11:00.546028,Dubai-9a90,36,72,Normal
2026-02-17 09:11:01.546028,Dubai-9a90,47,55,Normal
2026-02-17 09:11:02.546028,Dubai-9a90,-25,8,Normal
2026-02-17 09:11:03.546028,Dubai-9a90,40,23,Normal
2026-02-17 09:11:04.546028,Dubai-9a90,-4,41,Normal
2026-02-17 09:11:05.546028,Dubai-9a90,23,89,Normal
2026-02-17 09:11:06.546028,Dubai-9a90,-17,46,Normal
2026-02-17 09:11:07.546028,Dubai-9a90,41,27,Normal
2026-02-17 09:11:08.546028,Dubai-9a90,27,42,Normal
2026-02-17 09:11:09.546028,Dubai-9a90,-25,75,Normal
2026-02-17 09:11:10.546028,Dubai-9a90,31,78,Normal
2026-02-17 09:11:11.546028,Dubai-9a90,48,3,Normal
2026-02-17 09:11:12.546028,Dubai-9a90,-15,65,Normal
2026-02-17 09:11:13.546028,Dubai-9a90,34,70,Normal
2026-02-17 09:11:14.546028,Dubai-9a90,-18,34,Normal
2026-02-17 09:11:15.546028,Dubai-9a90,-16,65,Normal
2026-02-17 09:11:16.546028,Dubai-9a90,10,6,Normal
2026-02-17 09:11:17.546028,Dubai-9a90,29,74,Normal
2026-02-17 09:11:18.546028,Dubai-9a90,42,76,Normal
2026-02-17 09:11:19.546028,Dubai-9a90,-11,44,Normal
2026-02-17 09:11:20.546028,Dubai-9a90,8,73,Normal
2026-02-17 09:11:21.546028,Dubai-9a90,-1,28,Normal
2026-02-17 09:11:22.546028,Dubai-9a90,50,27,Normal
2026-02-17 09:11:23.546028,Dubai-9a90,41,22,Normal
2026-02-17 09:11:24.546028,Dubai-9a90,21,20,Normal
2026-02-17 09:11:25.546028,Dubai-9a90,12,53,Normal
2026-02-17 09:11:26.546028,Dubai-9a90,-18,15,Normal
2026-02-17 09:11:27.546028,Dubai-9a90,30,67,Normal
2026-02-17 09:11:28.546028,Dubai-9a90,-14,33,Normal
2026-02-17 09:11:29.546028,Dubai-9a90,-30,60,Normal
2026-02-17 09:11:30.546028,Dubai-9a90,25,4,Normal
2026-02-17 09:11:31.546028,Dubai-9a90,3,27,Normal
2026-02-17 09:11:32.546028,Dubai-9a90,46,60,Normal
2026-02-17 09:11:33.546028,Dubai-9a90,-27,46,Normal
2026-02-17 09:11:34.546028,Dubai-9a90,46,44,Normal
2026-02-17 09:11:35.546028,Dubai-9a90,9,14,Normal
2026-02-17 09:11:36.546028,Dubai-9a90,-6,99,Normal
2026-02-17 09:11:37.546028,Dubai-9a90,2,55,Normal
2026-02-17 09:11:38.546028,Dubai-9a90,-28,86,Normal
2026-02-17 09:11:39.546028,Dubai-9a90,23,40,Normal
2026-02-17 09:11:40.546028,Dubai-9a90,37,90,Normal
2026-02-17 09:11:41.546028,Dubai-9a90,36,33,Normal
2026-02-17 09:11:42.546028,Dubai-9a90,-29,43,Normal
2026-02-17 09:11:43.546028,Dubai-9a90,-17,49,Normal
2026-02-17 09:11:44.546028,Dubai-9a90,-11,48,Normal
2026-02-17 09:11:45.546028,Dubai-9a90,31,77,Normal
2026-02-17 09:11:46.546028,Dubai-9a90,26,45,Normal
2026-02-17 09:11:47.546028,Dubai-9a90,7,53,Normal
2026-02-17 09:11:48.546028,Dubai-9a90,1,88,Normal
2026-02-17 09:11:49.546028,Dubai-9a90,47,42,Normal
2026-02-17 09:11:50.546028,Dubai-9a90,30,57,Normal
2026-02-17 09:11:51.546028,Dubai-9a90,11,24,Normal
2026-02-17 09:11:52.546028,Dubai-9a90,21,14,Normal
2026-02-17 09:11:53.546028,Dubai-9a90,33,64,Normal
2026-02-17 09:11:54.546028,Dubai-9a90,7,52,Normal
2026-02-17 09:11:55.546028,Dubai-9a90,-11,58,Normal
2026-02-17 09:11:56.546028,Dubai-9a90,50,37,Normal
2026-02-17 09:11:57.546028,Dubai-9a90,-20,67,Normal
2026-02-17 09:11:58.546028,Dubai-9a90,32,58,Normal
2026-02-17 09:11:59.546028,Dubai-9a90,-6,13,Normal
2026-02-17 09:12:00.546028,Dubai-9a90,-27,19,Normal
2026-02-17 09:12:01.546028,Dubai-9a90,37,69,Normal
2026-02-17 09:12:02.546028,Dubai-9a90,47,30,Normal
2026-02-17 09:12:03.546028,Dubai-9a90,-1,48,Normal
2026-02-17 09:12:04.546028,Dubai-9a90,44,20,Normal
2026-02-17 09:12:05.546028,Dubai-9a90,0,79,Normal
2026-02-17 09:12:06.546028,Dubai-9a90,45,84,Normal
2026-02-17 09:12:07.546028,Dubai-9a90,8,19,Normal
2026-02-17 09:12:08.546028,Dubai-9a90,4,55,Normal
2026-02-17 09:12:09.546028,Dubai-9a90,13,8,Normal
2026-02-17 09:12:10.546028,Dubai-9a90,37,92,Normal
2026-02-17 09:12:11.546028,Dubai-9a90,-3,57,Normal
2026-02-17 09:12:12.546028,Dubai-9a90,20,30,Normal
2026-02-17 09:12:13.546028,Dubai-9a90,5,70,Normal
2026-02-17 09:12:14.546028,Dubai-9a90,16,29,Normal
2026-02-17 09:12:15.546028,Dubai-9a90,36,8,Normal
2026-02-17 09:12:16.546028,Dubai-9a90,15,84,Normal
2026-02-17 09:12:17.546028,Dubai-9a90,7,1,Normal
2026-02-17 09:12:18.546028,Dubai-9a90,24,27,Normal
2026-02-17 09:12:19.546028,Dubai-9a90,12,4,Normal
2026-02-17 09:12:20.546028,Dubai-9a90,43,35,Normal
2026-02-17 09:12:21.546028,Dubai-9a90,20,20,Normal
2026-02-17 09:12:22.546028,Dubai-9a90,3,26,Normal
2026-02-17 09:12:23.546028,Dubai-9a90,1,26,Normal
2026-02-17 09:12:24.546028,Dubai-9a90,17,54,Normal
2026-02-17 09:12:25.546028,Dubai-9a90,-4,78,Normal
2026-02-17 09:12:26.546028,Dubai-9a90,37,99,Normal
2026-02-17 09:12:27.546028,Dubai-9a90,38,48,Normal
2026-02-17 09:12:28.546028,Dubai-9a90,-28,77,Normal
2026-02-17 09:12:29.546028,Dubai-9a90,16,5,Normal
2026-02-17 09:12:30.546028,Dubai-9a90,13,77,Normal
2026-02-17 09:12:31.546028,Dubai-9a90,15,43,Normal
2026-02-17 09:12:32.546028,Dubai-9a90,40,86,Normal
2026-02-17 09:12:33.546028,Dubai-9a90,-7,57,Normal
2026-02-17 09:12:34.546028,Dubai-9a90,-6,96,Normal
2026-02-17 09:12:35.546028,Dubai-9a90,12,91,Normal
2026-02-17 09:12:36.546028,Dubai-9a90,37,36,Normal
2026-02-17 09:12:37.546028,Dubai-9a90,45,46,Normal
2026-02-17 09:12:38.546028,Dubai-9a90,7,51,Normal
2026-02-17 09:12:39.546028,Dubai-9a90,-21,47,Normal
2026-02-17 09:12:40.546028,Dubai-9a90,27,59,Normal
