timestamp,station_id,temp,humid,condition
2026-02-09 22:09:35.470924,Tokyo-1ae0,-10,45,Normal
2026-02-09 22:09:36.470924,Tokyo-1ae0,-10,62,Normal
2026-02-09 22:09:37.470924,Tokyo-1ae0,-19,78,Normal
2026-02-09 22:09:38.470924,Tokyo-1ae0,22,73,Normal
2026-02-09 22:09:39.470924,Tokyo-1ae0,11,76,Normal
2026-02-09 22:09:40.470924,Tokyo-1ae0,-17,74,Normal
2026-02-09 22:09:41.470924,Tokyo-1ae0,-5,7,Normal
2026-02-09 22:09:42.470924,Tokyo-1ae0,16,17,Normal
2026-02-09 22:09:43.470924,Tokyo-1ae0,2,90,Normal
2026-02-09 22:09:44.470924,Tokyo-1ae0,8,55,Normal
2026-02-09 22:09:45.470924,Tokyo-1ae0,-3,95,Normal
2026-02-09 22:09:46.470924,Tokyo-1ae0,44,38,Normal
2026-02-09 22:09:47.470924,Tokyo-1ae0,17,40,Normal
2026-02-09 22:09:48.470924,Tokyo-1ae0,-7,26,Normal
2026-02-09 22:09:49.470924,Tokyo-1ae0,29,31,Normal
2026-02-09 22:09:50.470924,Tokyo-1ae0,48,100,Normal
2026-02-09 22:09:51.470924,Tokyo-1ae0,21,59,Normal
2026-02-09 22:09:52.470924,Tokyo-1ae0,29,64,Normal
2026-02-09 22:09:53.470924,Tokyo-1ae0,-13,40,Normal
2026-02-09 22:09:54.470924,Tokyo-1ae0,-20,52,Normal
2026-02-09 22:09:55.470924,Tokyo-1ae0,41,79,Normal
2026-02-09 22:09:56.470924,Tokyo-1ae0,45,96,Normal
2026-02-09 22:09:57.470924,Tokyo-1ae0,15,22,Normal
2026-02-09 22:09:58.470924,Tokyo-1ae0,32,84,Normal
2026-02-09 22:09:59.470924,Tokyo-1ae0,-19,100,Normal
2026-02-09 22:10:00.470924,Tokyo-1ae0,26,87,Normal
2026-02-09 22:10:01.470924,Tokyo-1ae0,20,50,Normal
2026-02-09 22:10:02.470924,Tokyo-1ae0,45,42,Normal
2026-02-09 22:10:03.470924,Tokyo-1ae0,17,49,Normal
2026-02-09 22:10:04.470924,Tokyo-1ae0,-25,50,Normal
2026-02-09 22:10:05.470924,Tokyo-1ae0,36,8,Normal
2026-02-09 22:10:06.470924,Tokyo-1ae0,-22,38,Normal
2026-02-09 22:10:07.470924,Tokyo-1ae0,-25,79,Normal
2026-02-09 22:10:08.470924,Tokyo-1ae0,-12,51,Normal
2026-02-09 22:10:09.470924,Tokyo-1ae0,50,36,Normal
2026-02-09 22:10:10.470924,Tokyo-1ae0,29,16,Normal
2026-02-09 22:10:11.470924,Tokyo-1ae0,27,70,Normal
2026-02-09 22:10:12.470924,Tokyo-1ae0,0,40,Normal
2026-02-09 22:10:13.470924,Tokyo-1ae0,-16,3,Normal
2026-02-09 22:10:14.470924,Tokyo-1ae0,-22,43,Normal
2026-02-09 22:10:15.470924,Tokyo-1ae0,17,99,Normal
2026-02-09 22:10:16.470924,Tokyo-1ae0,-8,44,Normal
2026-02-09 22:10:17.470924,Tokyo-1ae0,28,12,Normal
2026-02-09 22:10:18.470924,Tokyo-1ae0,-25,47,Normal
2026-02-09 22:10:19.470924,Tokyo-1ae0,-2,62,Normal
2026-02-09 22:10:20.470924,Tokyo-1ae0,6,31,Normal
2026-02-09 22:10:21.470924,Tokyo-1ae0,10,85,Normal
2026-02-09 22:10:22.470924,Tokyo-1ae0,44,96,Normal
2026-02-09 22:10:23.470924,Tokyo-1ae0,4,47,Normal
2026-02-09 22:10:24.470924,Tokyo-1ae0,22,80,Normal
2026-02-09 22:10:25.470924,Tokyo-1ae0,-22,88,Normal
2026-02-09 22:10:26.470924,Tokyo-1ae0,29,69,Normal
2026-02-09 22:10:27.470924,Tokyo-1ae0,-30,20,Normal
2026-02-09 22:10:28.470924,Tokyo-1ae0,-27,84,Normal
2026-02-09 22:10:29.470924,Tokyo-1ae0,48,73,Normal
2026-02-09 22:10:30.470924,Tokyo-1ae0,-12,28,Normal
2026-02-09 22:10:31.470924,Tokyo-1ae0,22,11,Normal
2026-02-09 22:10:32.470924,Tokyo-1ae0,0,49,Normal
2026-02-09 22:10:33.470924,Tokyo-1ae0,48,55,Normal
2026-02-09 22:10:34.470924,Tokyo-1ae0,-1,100,Normal
2026-02-09 22:10:35.470924,Tokyo-1ae0,34,82,Normal
2026-02-09 22:10:36.470924,Tokyo-1ae0,29,90,Normal
2026-02-09 22:10:37.470924,Tokyo-1ae0,28,68,Normal
2026-02-09 22:10:38.470924,Tokyo-1ae0,-25,65,Normal
2026-02-09 22:10:39.470924,Tokyo-1ae0,13,94,Normal
2026-02-09 22:10:40.470924,Tokyo-1ae0,16,1,Normal
2026-02-09 22:10:41.470924,Tokyo-1ae0,17,51,Normal
2026-02-09 22:10:42.470924,Tokyo-1ae0,-13,21,Normal
2026-02-09 22:10:43.470924,Tokyo-1ae0,-12,28,Normal
2026-02-09 22:10:44.470924,Tokyo-1ae0,-19,18,Normal
2026-02-09 22:10:45.470924,Tokyo-1ae0,-2,82,Normal
2026-02-09 22:10:46.470924,Tokyo-1ae0,41,55,Normal
2026-02-09 22:10:47.470924,Tokyo-1ae0,2,27,Normal
2026-02-09 22:10:48.470924,Tokyo-1ae0,-4,97,Normal
2026-02-09 22:10:49.470924,Tokyo-1ae0,18,31,Normal
2026-02-09 22:10:50.470924,Tokyo-1ae0,-1,24,Normal
2026-02-09 22:10:51.470924,Tokyo-1ae0,19,38,Normal
2026-02-09 22:10:52.470924,Tokyo-1ae0,-17,16,Normal
2026-02-09 22:10:53.470924,Tokyo-1ae0,-23,39,Normal
2026-02-09 22:10:54.470924,Tokyo-1ae0,49,35,Normal
2026-02-09 22:10:55.470924,Tokyo-1ae0,0,9,Normal
2026-02-09 22:10:56.470924,Tokyo-1ae0,-10,26,Normal
2026-02-09 22:10:57.470924,Tokyo-1ae0,26,18,Normal
2026-02-09 22:10:58.470924,Tokyo-1ae0,50,63,Normal
2026-02-09 22:10:59.470924,Tokyo-1ae0,30,10,Normal
2026-02-09 22:11:00.470924,Tokyo-1ae0,29,96,Normal
2026-02-09 22:11:01.470924,Tokyo-1ae0,-22,14,Normal
2026-02-09 22:11:02.470924,Tokyo-1ae0,48,16,Normal
2026-02-09 22:11:03.470924,Tokyo-1ae0,-19,31,Normal
2026-02-09 22:11:04.470924,Tokyo-1ae0,48,90,Normal
2026-02-09 22:11:05.470924,Tokyo-1ae0,10,13,Normal
2026-02-09 22:11:06.470924,Tokyo-1ae0,2,51,Normal
2026-02-09 22:11:07.470924,Tokyo-1ae0,-26,83,Normal
2026-02-09 22:11:08.470924,Tokyo-1ae0,-2,24,Normal
2026-02-09 22:11:09.470924,Tokyo-1ae0,36,19,Normal
2026-02-09 22:11:10.470924,Tokyo-1ae0,24,82,Normal
2026-02-09 22:11:11.470924,Tokyo-1ae0,38,26,Normal
2026-02-09 22:11:12.470924,Tokyo-1ae0,46,7,Normal
2026-02-09 22:11:13.470924,Tokyo-1ae0,-2,78,Normal
2026-02-09 22:11:14.470924,Tokyo-1ae0,-17,6,Normal
2026-02-09 22:11:15.470924,Tokyo-1ae0,1,92,Normal
2026-02-09 22:11:16.470924,Tokyo-1ae0,27,71,Normal
2026-02-09 22:11:17.470924,Tokyo-1ae0,-17,39,Normal
2026-02-09 22:11:18.470924,Tokyo-1ae0,-23,71,Normal
2026-02-09 22:11:19.470924,Tokyo-1ae0,30,85,Normal
2026-02-09 22:11:20.470924,Tokyo-1ae0,17,53,Normal
2026-02-09 22:11:21.470924,Tokyo-1ae0,-8,92,Normal
2026-02-09 22:11:22.470924,Tokyo-1ae0,21,63,Normal
2026-02-09 22:11:23.470924,Tokyo-1ae0,20,67,Normal
2026-02-09 22:11:24.470924,Tokyo-1ae0,13,29,Normal
2026-02-09 22:11:25.470924,Tokyo-1ae0,-4,59,Normal
2026-02-09 22:11:26.470924,Tokyo-1ae0,10,97,Normal
2026-02-09 22:11:27.470924,Tokyo-1ae0,48,3,Normal
2026-02-09 22:11:28.470924,Tokyo-1ae0,-13,53,Normal
2026-02-09 22:11:29.470924,Tokyo-1ae0,24,48,Normal
2026-02-09 22:11:30.470924,Tokyo-1ae0,-4,43,Normal
2026-02-09 22:11:31.470924,Tokyo-1ae0,-25,62,Normal
2026-02-09 22:11:32.470924,Tokyo-1ae0,40,15,Normal
2026-02-09 22:11:33.470924,Tokyo-1ae0,-28,90,Normal
2026-02-09 22:11:34.470924,Tokyo-1ae0,0,33,Normal
2026-02-09 22:11:35.470924,Tokyo-1ae0,-16,11,Normal
2026-02-09 22:11:36.470924,Tokyo-1ae0,-13,48,Normal
2026-02-09 22:11:37.470924,Tokyo-1ae0,13,73,Normal
2026-02-09 22:11:38.470924,Tokyo-1ae0,-14,16,Normal
2026-02-09 22:11:39.470924,Tokyo-1ae0,-20,64,Normal
2026-02-09 22:11:40.470924,Tokyo-1ae0,5,32,Normal
2026-02-09 22:11:41.470924,Tokyo-1ae0,29,73,Normal
2026-02-09 22:11:42.470924,Tokyo-1ae0,37,56,Normal
2026-02-09 22:11:43.470924,Tokyo-1ae0,43,65,Normal
2026-02-09 22:11:44.470924,Tokyo-1ae0,12,78,Normal
2026-02-09 22:11:45.470924,Tokyo-1ae0,-7,34,Normal
2026-02-09 22:11:46.470924,Tokyo-1ae0,50,23,Normal
2026-02-09 22:11:47.470924,Tokyo-1ae0,36,37,Normal
2026-02-09 22:11:48.470924,Tokyo-1ae0,23,13,Normal
2026-02-09 22:11:49.470924,Tokyo-1ae0,49,77,Normal
2026-02-09 22:11:50.470924,Tokyo-1ae0,37,95,Normal
2026-02-09 22:11:51.470924,Tokyo-1ae0,33,91,Normal
2026-02-09 22:11:52.470924,Tokyo-1ae0,-18,81,Normal
2026-02-09 22:11:53.470924,Tokyo-1ae0,-19,24,Normal
2026-02-09 22:11:54.470924,Tokyo-1ae0,-8,72,Normal
2026-02-09 22:11:55.470924,Tokyo-1ae0,10,51,Normal
2026-02-09 22:11:56.470924,Tokyo-1ae0,48,83,Normal
2026-02-09 22:11:57.470924,Tokyo-1ae0,-15,0,Normal
2026-02-09 22:11:58.470924,Tokyo-1ae0,-19,31,Normal
2026-02-09 22:11:59.470924,Tokyo-1ae0,-21,44,Normal
2026-02-09 22:12:00.470924,Tokyo-1ae0,39,73,Normal
2026-02-09 22:12:01.470924,Tokyo-1ae0,-26,32,Normal
2026-02-09 22:12:02.470924,Tokyo-1ae0,-11,76,Normal
2026-02-09 22:12:03.470924,Tokyo-1ae0,-25,3,Normal
2026-02-09 22:12:04.470924,Tokyo-1ae0,-5,88,Normal
2026-02-09 22:12:05.470924,Tokyo-1ae0,5,95,Normal
2026-02-09 22:12:06.470924,Tokyo-1ae0,27,84,Normal
2026-02-09 22:12:07.470924,Tokyo-1ae0,25,46,Normal
2026-02-09 22:12:08.470924,Tokyo-1ae0,27,26,Normal
2026-02-09 22:12:09.470924,Tokyo-1ae0,-3,4,Normal
2026-02-09 22:12:10.470924,Tokyo-1ae0,37,2,Normal
2026-02-09 22:12:11.470924,Tokyo-1ae0,14,72,Normal
2026-02-09 22:12:12.470924,Tokyo-1ae0,17,69,Normal
2026-02-09 22:12:13.470924,Tokyo-1ae0,13,0,Normal
2026-02-09 22:12:14.470924,Tokyo-1ae0,-30,30,Normal
2026-02-09 22:12:15.470924,Tokyo-1ae0,-27,35,Normal
2026-02-09 22:12:16.470924,Tokyo-1ae0,-20,74,Normal
2026-02-09 22:12:17.470924,Tokyo-1ae0,33,36,Normal
2026-02-09 22:12:18.470924,Tokyo-1ae0,24,26,Normal
2026-02-09 22:12:19.470924,Tokyo-1ae0,17,52,Normal
2026-02-09 22:12:20.470924,Tokyo-1ae0,-15,22,Normal
2026-02-09 22:12:21.470924,Tokyo-1ae0,42,69,Normal
2026-02-09 22:12:22.470924,Tokyo-1ae0,-4,52,Normal
2026-02-09 22:12:23.470924,Tokyo-1ae0,2,100,Normal
2026-02-09 22:12:24.470924,Tokyo-1ae0,32,88,Normal
2026-02-09 22:12:25.470924,Tokyo-1ae0,21,56,Normal
2026-02-09 22:12:26.470924,Tokyo-1ae0,1,29,Normal
2026-02-09 22:12:27.470924,Tokyo-1ae0,-25,81,Normal
2026-02-09 22:12:28.470924,Tokyo-1ae0,42,47,Normal
2026-02-09 22:12:29.470924,Tokyo-1ae0,-19,73,Normal
2026-02-09 22:12:30.470924,Tokyo-1ae0,-11,69,Normal
2026-02-09 22:12:31.470924,Tokyo-1ae0,-16,7,Normal
2026-02-09 22:12:32.470924,Tokyo-1ae0,-13,22,Normal
2026-02-09 22:12:33.470924,Tokyo-1ae0,23,27,Normal
2026-02-09 22:12:34.470924,Tokyo-1ae0,12,13,Normal
2026-02-09 22:12:35.470924,Tokyo-1ae0,-14,51,Normal
2026-02-09 22:12:36.470924,Tokyo-1ae0,-7,58,Normal
2026-02-09 22:12:37.470924,Tokyo-1ae0,3,28,Normal
2026-02-09 22:12:38.470924,Tokyo-1ae0,-22,3,Normal
2026-02-09 22:12:39.470924,Tokyo-1ae0,6,12,Normal
2026-02-09 22:12:40.470924,Tokyo-1ae0,-2,41,Normal
2026-02-09 22:12:41.470924,Tokyo-1ae0,6,36,Normal
2026-02-09 22:12:42.470924,Tokyo-1ae0,-11,43,Normal
2026-02-09 22:12:43.470924,Tokyo-1ae0,-26,91,Normal
2026-02-09 22:12:44.470924,Tokyo-1ae0,-29,31,Normal
2026-02-09 22:12:45.470924,Tokyo-1ae0,40,30,Normal
2026-02-09 22:12:46.470924,Tokyo-1ae0,21,86,Normal
2026-02-09 22:12:47.470924,Tokyo-1ae0,-9,6,Normal
2026-02-09 22:12:48.470924,Tokyo-1ae0,44,76,Normal
2026-02-09 22:12:49.470924,Tokyo-1ae0,22,9,Normal
2026-02-09 22:12:50.470924,Tokyo-1ae0,-6,37,Normal
2026-02-09 22:12:51.470924,Tokyo-1ae0,-24,68,Normal
2026-02-09 22:12:52.470924,Tokyo-1ae0,14,93,Normal
2026-02-09 22:12:53.470924,Tokyo-1ae0,38,9,Normal
2026-02-09 22:12:54.470924,Tokyo-1ae0,30,14,Normal
2026-02-09 22:12:55.470924,Tokyo-1ae0,-7,94,Normal
2026-02-09 22:12:56.470924,Tokyo-1ae0,-24,1,Normal
2026-02-09 22:12:57.470924,Tokyo-1ae0,19,37,Normal
2026-02-09 22:12:58.470924,Tokyo-1ae0,39,32,Normal
2026-02-09 22:12:59.470924,Tokyo-1ae0,37,67,Normal
2026-02-09 22:13:00.470924,Tokyo-1ae0,39,35,Normal
2026-02-09 22:13:01.470924,Tokyo-1ae0,39,7,Normal
2026-02-09 22:13:02.470924,Tokyo-1ae0,43,77,Normal
2026-02-09 22:13:03.470924,Tokyo-1ae0,16,85,Normal
2026-02-09 22:13:04.470924,Tokyo-1ae0,4,8,Normal
2026-02-09 22:13:05.470924,Tokyo-1ae0,46,32,Normal
2026-02-09 22:13:06.470924,Tokyo-1ae0,26,2,Normal
2026-02-09 22:13:07.470924,Tokyo-1ae0,-23,36,Normal
2026-02-09 22:13:08.470924,Tokyo-1ae0,-4,65,Normal
2026-02-09 22:13:09.470924,Tokyo-1ae0,39,35,Normal
2026-02-09 22:13:10.470924,Tokyo-1ae0,22,61,Normal
2026-02-09 22:13:11.470924,Tokyo-1ae0,2,90,Normal
2026-02-09 22:13:12.470924,Tokyo-1ae0,17,69,Normal
2026-02-09 22:13:13.470924,Tokyo-1ae0,-4,70,Normal
2026-02-09 22:13:14.470924,Tokyo-1ae0,36,74,Normal
2026-02-09 22:13:15.470924,Tokyo-1ae0,15,88,Normal
2026-02-09 22:13:16.470924,Tokyo-1ae0,-29,89,Normal
2026-02-09 22:13:17.470924,Tokyo-1ae0,-9,96,Normal
2026-02-09 22:13:18.470924,Tokyo-1ae0,17,3,Normal
2026-02-09 22:13:19.470924,Tokyo-1ae0,6,52,Normal
2026-02-09 22:13:20.470924,Tokyo-1ae0,3,22,Normal
2026-02-09 22:13:21.470924,Tokyo-1ae0,20,4,Normal
2026-02-09 22:13:22.470924,Tokyo-1ae0,8,96,Normal
2026-02-09 22:13:23.470924,Tokyo-1ae0,27,29,Normal
2026-02-09 22:13:24.470924,Tokyo-1ae0,48,2,Normal
2026-02-09 22:13:25.470924,Tokyo-1ae0,-13,37,Normal
2026-02-09 22:13:26.470924,Tokyo-1ae0,44,94,Normal
2026-02-09 22:13:27.470924,Tokyo-1ae0,4,31,Normal
2026-02-09 22:13:28.470924,Tokyo-1ae0,26,10,Normal
2026-02-09 22:13:29.470924,Tokyo-1ae0,-8,47,Normal
2026-02-09 22:13:30.470924,Tokyo-1ae0,-6,14,Normal
2026-02-09 22:13:31.470924,Tokyo-1ae0,-18,42,Normal
2026-02-09 22:13:32.470924,Tokyo-1ae0,-22,9,Normal
2026-02-09 22:13:33.470924,Tokyo-1ae0,12,29,Normal
2026-02-09 22:13:34.470924,Tokyo-1ae0,9,86,Normal
2026-02-09 22:13:35.470924,Tokyo-1ae0,-29,28,Normal
2026-02-09 22:13:36.470924,Tokyo-1ae0,-22,21,Normal
2026-02-09 22:13:37.470924,Tokyo-1ae0,-2,10,Normal
2026-02-09 22:13:38.470924,Tokyo-1ae0,-13,81,Normal
2026-02-09 22:13:39.470924,Tokyo-1ae0,-8,97,Normal
2026-02-09 22:13:40.470924,Tokyo-1ae0,11,20,Normal
2026-02-09 22:13:41.470924,Tokyo-1ae0,-26,41,Normal
2026-02-09 22:13:42.470924,Tokyo-1ae0,38,86,Normal
2026-02-09 22:13:43.470924,Tokyo-1ae0,-21,69,Normal
2026-02-09 22:13:44.470924,Tokyo-1ae0,-17,56,Normal
2026-02-09 22:13:45.470924,Tokyo-1ae0,2,17,Normal
2026-02-09 22:13:46.470924,Tokyo-1ae0,6,10,Normal
2026-02-09 22:13:47.470924,Tokyo-1ae0,27,47,Normal
2026-02-09 22:13:48.470924,Tokyo-1ae0,35,96,Normal
2026-02-09 22:13:49.470924,Tokyo-1ae0,26,44,Normal
2026-02-09 22:13:50.470924,Tokyo-1ae0,9,4,Normal
2026-02-09 22:13:51.470924,Tokyo-1ae0,50,35,Normal
2026-02-09 22:13:52.470924,Tokyo-1ae0,3,29,Normal
2026-02-09 22:13:53.470924,Tokyo-1ae0,31,38,Normal
2026-02-09 22:13:54.470924,Tokyo-1ae0,-26,67,Normal
2026-02-09 22:13:55.470924,Tokyo-1ae0,23,99,Normal
2026-02-09 22:13:56.470924,Tokyo-1ae0,-23,60,Normal
2026-02-09 22:13:57.470924,Tokyo-1ae0,45,93,Normal
2026-02-09 22:13:58.470924,Tokyo-1ae0,40,19,Normal
2026-02-09 22:13:59.470924,Tokyo-1ae0,-26,1,Normal
2026-02-09 22:14:00.470924,Tokyo-1ae0,6,72,Normal
2026-02-09 22:14:01.470924,Tokyo-1ae0,-6,38,Normal
2026-02-09 22:14:02.470924,Tokyo-1ae0,50,76,Normal
2026-02-09 22:14:03.470924,Tokyo-1ae0,-16,36,Normal
2026-02-09 22:14:04.470924,Tokyo-1ae0,29,6,Normal
2026-02-09 22:14:05.470924,Tokyo-1ae0,2,60,Normal
2026-02-09 22:14:06.470924,Tokyo-1ae0,-30,81,Normal
2026-02-09 22:14:07.470924,Tokyo-1ae0,0,32,Normal
2026-02-09 22:14:08.470924,Tokyo-1ae0,-30,6,Normal
2026-02-09 22:14:09.470924,Tokyo-1ae0,-27,48,Normal
2026-02-09 22:14:10.470924,Tokyo-1ae0,-19,35,Normal
2026-02-09 22:14:11.470924,Tokyo-1ae0,18,35,Normal
2026-02-09 22:14:12.470924,Tokyo-1ae0,5,74,Normal
2026-02-09 22:14:13.470924,Tokyo-1ae0,8,35,Normal
2026-02-09 22:14:14.470924,Tokyo-1ae0,41,58,Normal
2026-02-09 22:14:15.470924,Tokyo-1ae0,24,33,Normal
2026-02-09 22:14:16.470924,Tokyo-1ae0,-15,15,Normal
2026-02-09 22:14:17.470924,Tokyo-1ae0,-5,36,Normal
2026-02-09 22:14:18.470924,Tokyo-1ae0,35,72,Normal
2026-02-09 22:14:19.470924,Tokyo-1ae0,-27,97,Normal
2026-02-09 22:14:20.470924,Tokyo-1ae0,-20,85,Normal
2026-02-09 22:14:21.470924,Tokyo-1ae0,4,66,Normal
2026-02-09 22:14:22.470924,Tokyo-1ae0,-7,77,Normal
2026-02-09 22:14:23.470924,Tokyo-1ae0,25,44,Normal
2026-02-09 22:14:24.470924,Tokyo-1ae0,35,82,Normal
2026-02-09 22:14:25.470924,Tokyo-1ae0,17,21,Normal
2026-02-09 22:14:26.470924,Tokyo-1ae0,22,22,Normal
2026-02-09 22:14:27.470924,Tokyo-1ae0,-4,8,Normal
2026-02-09 22:14:28.470924,Tokyo-1ae0,13,12,Normal
2026-02-09 22:14:29.470924,Tokyo-1ae0,-19,67,Normal
2026-02-09 22:14:30.470924,Tokyo-1ae0,23,84,Normal
2026-02-09 22:14:31.470924,Tokyo-1ae0,9,46,Normal
2026-02-09 22:14:32.470924,Tokyo-1ae0,43,9,Normal
2026-02-09 22:14:33.470924,Tokyo-1ae0,39,36,Normal
2026-02-09 22:14:34.470924,Tokyo-1ae0,-16,8,Normal
2026-02-09 22:14:35.470924,Tokyo-1ae0,37,6,Normal
2026-02-09 22:14:36.470924,Tokyo-1ae0,20,53,Normal
2026-02-09 22:14:37.470924,Tokyo-1ae0,-8,4,Normal
2026-02-09 22:14:38.470924,Tokyo-1ae0,4,70,Normal
2026-02-09 22:14:39.470924,Tokyo-1ae0,-17,82,Normal
2026-02-09 22:14:40.470924,Tokyo-1ae0,41,1,Normal
2026-02-09 22:14:41.470924,Tokyo-1ae0,-22,91,Normal
2026-02-09 22:14:42.470924,Tokyo-1ae0,29,78,Normal
2026-02-09 22:14:43.470924,Tokyo-1ae0,-11,57,Normal
2026-02-09 22:14:44.470924,Tokyo-1ae0,-3,75,Normal
2026-02-09 22:14:45.470924,Tokyo-1ae0,-18,28,Normal
2026-02-09 22:14:46.470924,Tokyo-1ae0,-2,27,Normal
2026-02-09 22:14:47.470924,Tokyo-1ae0,3,57,Normal
2026-02-09 22:14:48.470924,Tokyo-1ae0,-9,17,Normal
2026-02-09 22:14:49.470924,Tokyo-1ae0,-12,13,Normal
2026-02-09 22:14:50.470924,Tokyo-1ae0,-2,30,Normal
2026-02-09 22:14:51.470924,Tokyo-1ae0,-10,13,Normal
2026-02-09 22:14:52.470924,Tokyo-1ae0,-28,41,Normal
2026-02-09 22:14:53.470924,Tokyo-1ae0,20,2,Normal
2026-02-09 22:14:54.470924,Tokyo-1ae0,10,0,Normal
2026-02-09 22:14:55.470924,Tokyo-1ae0,2,13,Normal
2026-02-09 22:14:56.470924,Tokyo-1ae0,-6,22,Normal
2026-02-09 22:14:57.470924,Tokyo-1ae0,-15,51,Normal
2026-02-09 22:14:58.470924,Tokyo-1ae0,33,69,Normal
2026-02-09 22:14:59.470924,Tokyo-1ae0,-19,21,Normal
2026-02-09 22:15:00.470924,Tokyo-1ae0,-16,48,Normal
2026-02-09 22:15:01.470924,Tokyo-1ae0,13,75,Normal
2026-02-09 22:15:02.470924,Tokyo-1ae0,50,24,Normal
2026-02-09 22:15:03.470924,Tokyo-1ae0,2,21,Normal
2026-02-09 22:15:04.470924,Tokyo-1ae0,28,45,Normal
2026-02-09 22:15:05.470924,Tokyo-1ae0,-10,6,Normal
2026-02-09 22:15:06.470924,Tokyo-1ae0,31,38,Normal
2026-02-09 22:15:07.470924,Tokyo-1ae0,49,53,Normal
2026-02-09 22:15:08.470924,Tokyo-1ae0,9,18,Normal
2026-02-09 22:15:09.470924,Tokyo-1ae0,18,60,Normal
2026-02-09 22:15:10.470924,Tokyo-1ae0,-29,15,Normal
2026-02-09 22:15:11.470924,Tokyo-1ae0,12,17,Normal
2026-02-09 22:15:12.470924,Tokyo-1ae0,-16,99,Normal
2026-02-09 22:15:13.470924,Tokyo-1ae0,-13,50,Normal
2026-02-09 22:15:14.470924,Tokyo-1ae0,37,60,Normal
2026-02-09 22:15:15.470924,Tokyo-1ae0,11,85,Normal
2026-02-09 22:15:16.470924,Tokyo-1ae0,3,77,Normal
2026-02-09 22:15:17.470924,Tokyo-1ae0,-24,3,Normal
2026-02-09 22:15:18.470924,Tokyo-1ae0,-19,61,Normal
2026-02-09 22:15:19.470924,Tokyo-1ae0,44,68,Normal
2026-02-09 22:15:20.470924,Tokyo-1ae0,1,7,Normal
2026-02-09 22:15:21.470924,Tokyo-1ae0,-30,34,Normal
2026-02-09 22:15:22.470924,Tokyo-1ae0,-6,16,Normal
2026-02-09 22:15:23.470924,Tokyo-1ae0,46,88,Normal
2026-02-09 22:15:24.470924,Tokyo-1ae0,12,19,Normal
2026-02-09 22:15:25.470924,Tokyo-1ae0,33,39,Normal
2026-02-09 22:15:26.470924,Tokyo-1ae0,47,33,Normal
2026-02-09 22:15:27.470924,Tokyo-1ae0,40,67,Normal
2026-02-09 22:15:28.470924,Tokyo-1ae0,25,96,Normal
2026-02-09 22:15:29.470924,Tokyo-1ae0,4,30,Normal
2026-02-09 22:15:30.470924,Tokyo-1ae0,-5,93,Normal
2026-02-09 22:15:31.470924,Tokyo-1ae0,6,68,Normal
2026-02-09 22:15:32.470924,Tokyo-1ae0,39,50,Normal
2026-02-09 22:15:33.470924,Tokyo-1ae0,33,35,Normal
2026-02-09 22:15:34.470924,Tokyo-1ae0,7,59,Normal
2026-02-09 22:15:35.470924,Tokyo-1ae0,-8,62,Normal
2026-02-09 22:15:36.470924,Tokyo-1ae0,20,31,Normal
2026-02-09 22:15:37.470924,Tokyo-1ae0,47,79,Normal
2026-02-09 22:15:38.470924,Tokyo-1ae0,7,8,Normal
2026-02-09 22:15:39.470924,Tokyo-1ae0,30,91,Normal
2026-02-09 22:15:40.470924,Tokyo-1ae0,-8,34,Normal
2026-02-09 22:15:41.470924,Tokyo-1ae0,28,18,Normal
2026-02-09 22:15:42.470924,Tokyo-1ae0,-21,16,Normal
2026-02-09 22:15:43.470924,Tokyo-1ae0,26,27,Normal
2026-02-09 22:15:44.470924,Tokyo-1ae0,30,99,Normal
2026-02-09 22:15:45.470924,Tokyo-1ae0,27,47,Normal
2026-02-09 22:15:46.470924,Tokyo-1ae0,15,66,Normal
2026-02-09 22:15:47.470924,Tokyo-1ae0,33,8,Normal
2026-02-09 22:15:48.470924,Tokyo-1ae0,1,100,Normal
2026-02-09 22:15:49.470924,Tokyo-1ae0,-30,49,Normal
2026-02-09 22:15:50.470924,Tokyo-1ae0,-22,44,Normal
2026-02-09 22:15:51.470924,Tokyo-1ae0,20,6,Normal
2026-02-09 22:15:52.470924,Tokyo-1ae0,-5,36,Normal
2026-02-09 22:15:53.470924,Tokyo-1ae0,36,87,Normal
2026-02-09 22:15:54.470924,Tokyo-1ae0,-14,34,Normal
2026-02-09 22:15:55.470924,Tokyo-1ae0,-2,31,Normal
2026-02-09 22:15:56.470924,Tokyo-1ae0,-14,90,Normal
2026-02-09 22:15:57.470924,Tokyo-1ae0,27,71,Normal
2026-02-09 22:15:58.470924,Tokyo-1ae0,18,13,Normal
2026-02-09 22:15:59.470924,Tokyo-1ae0,-4,0,Normal
2026-02-09 22:16:00.470924,Tokyo-1ae0,4,4,Normal
2026-02-09 22:16:01.470924,Tokyo-1ae0,1,4,Normal
2026-02-09 22:16:02.470924,Tokyo-1ae0,-12,76,Normal
2026-02-09 22:16:03.470924,Tokyo-1ae0,-13,21,Normal
2026-02-09 22:16:04.470924,Tokyo-1ae0,24,14,Normal
2026-02-09 22:16:05.470924,Tokyo-1ae0,-19,38,Normal
2026-02-09 22:16:06.470924,Tokyo-1ae0,-1,4,Normal
2026-02-09 22:16:07.470924,Tokyo-1ae0,-7,38,Normal
2026-02-09 22:16:08.470924,Tokyo-1ae0,-6,46,Normal
2026-02-09 22:16:09.470924,Tokyo-1ae0,0,86,Normal
2026-02-09 22:16:10.470924,Tokyo-1ae0,44,81,Normal
2026-02-09 22:16:11.470924,Tokyo-1ae0,42,52,Normal
2026-02-09 22:16:12.470924,Tokyo-1ae0,-21,55,Normal
2026-02-09 22:16:13.470924,Tokyo-1ae0,-24,25,Normal
2026-02-09 22:16:14.470924,Tokyo-1ae0,-16,30,Normal
2026-02-09 22:16:15.470924,Tokyo-1ae0,-17,24,Normal
2026-02-09 22:16:16.470924,Tokyo-1ae0,22,93,Normal
2026-02-09 22:16:17.470924,Tokyo-1ae0,-21,91,Normal
2026-02-09 22:16:18.470924,Tokyo-1ae0,17,92,Normal
2026-02-09 22:16:19.470924,Tokyo-1ae0,-14,92,Normal
2026-02-09 22:16:20.470924,Tokyo-1ae0,16,15,Normal
2026-02-09 22:16:21.470924,Tokyo-1ae0,-12,22,Normal
2026-02-09 22:16:22.470924,Tokyo-1ae0,21,1,Normal
2026-02-09 22:16:23.470924,Tokyo-1ae0,9,21,Normal
2026-02-09 22:16:24.470924,Tokyo-1ae0,9,35,Normal
2026-02-09 22:16:25.470924,Tokyo-1ae0,-15,54,Normal
2026-02-09 22:16:26.470924,Tokyo-1ae0,24,15,Normal
2026-02-09 22:16:27.470924,Tokyo-1ae0,5,16,Normal
2026-02-09 22:16:28.470924,Tokyo-1ae0,8,81,Normal
2026-02-09 22:16:29.470924,Tokyo-1ae0,-7,39,Normal
2026-02-09 22:16:30.470924,Tokyo-1ae0,-24,67,Normal
2026-02-09 22:16:31.470924,Tokyo-1ae0,-5,15,Normal
2026-02-09 22:16:32.470924,Tokyo-1ae0,-3,13,Normal
2026-02-09 22:16:33.470924,Tokyo-1ae0,41,14,Normal
2026-02-09 22:16:34.470924,Tokyo-1ae0,12,10,Normal
2026-02-09 22:16:35.470924,Tokyo-1ae0,-22,7,Normal
2026-02-09 22:16:36.470924,Tokyo-1ae0,-14,92,Normal
2026-02-09 22:16:37.470924,Tokyo-1ae0,14,20,Normal
2026-02-09 22:16:38.470924,Tokyo-1ae0,28,0,Normal
2026-02-09 22:16:39.470924,Tokyo-1ae0,38,39,Normal
2026-02-09 22:16:40.470924,Tokyo-1ae0,-11,82,Normal
2026-02-09 22:16:41.470924,Tokyo-1ae0,31,86,Normal
2026-02-09 22:16:42.470924,Tokyo-1ae0,-1,88,Normal
2026-02-09 22:16:43.470924,Tokyo-1ae0,-2,33,Normal
2026-02-09 22:16:44.470924,Tokyo-1ae0,43,95,Normal
2026-02-09 22:16:45.470924,Tokyo-1ae0,-22,14,Normal
2026-02-09 22:16:46.470924,Tokyo-1ae0,-30,10,Normal
2026-02-09 22:16:47.470924,Tokyo-1ae0,38,18,Normal
2026-02-09 22:16:48.470924,Tokyo-1ae0,-14,80,Normal
2026-02-09 22:16:49.470924,Tokyo-1ae0,15,100,Normal
2026-02-09 22:16:50.470924,Tokyo-1ae0,11,55,Normal
2026-02-09 22:16:51.470924,Tokyo-1ae0,15,12,Normal
2026-02-09 22:16:52.470924,Tokyo-1ae0,-10,99,Normal
2026-02-09 22:16:53.470924,Tokyo-1ae0,45,31,Normal
2026-02-09 22:16:54.470924,Tokyo-1ae0,-19,62,Normal
2026-02-09 22:16:55.470924,Tokyo-1ae0,31,12,Normal
2026-02-09 22:16:56.470924,Tokyo-1ae0,30,95,Normal
2026-02-09 22:16:57.470924,Tokyo-1ae0,11,3,Normal
2026-02-09 22:16:58.470924,Tokyo-1ae0,-18,87,Normal
2026-02-09 22:16:59.470924,Tokyo-1ae0,1,100,Normal
2026-02-09 22:17:00.470924,Tokyo-1ae0,36,88,Normal
2026-02-09 22:17:01.470924,Tokyo-1ae0,33,25,Normal
2026-02-09 22:17:02.470924,Tokyo-1ae0,-16,30,Normal
2026-02-09 22:17:03.470924,Tokyo-1ae0,-10,81,Normal
2026-02-09 22:17:04.470924,Tokyo-1ae0,41,27,Normal
2026-02-09 22:17:05.470924,Tokyo-1ae0,-3,95,Normal
2026-02-09 22:17:06.470924,Tokyo-1ae0,7,76,Normal
2026-02-09 22:17:07.470924,Tokyo-1ae0,32,1,Normal
2026-02-09 22:17:08.470924,Tokyo-1ae0,30,24,Normal
2026-02-09 22:17:09.470924,Tokyo-1ae0,36,36,Normal
2026-02-09 22:17:10.470924,Tokyo-1ae0,43,7,Normal
2026-02-09 22:17:11.470924,Tokyo-1ae0,-23,60,Normal
2026-02-09 22:17:12.470924,Tokyo-1ae0,36,49,Normal
2026-02-09 22:17:13.470924,Tokyo-1ae0,8,52,Normal
2026-02-09 22:17:14.470924,Tokyo-1ae0,-2,90,Normal
2026-02-09 22:17:15.470924,Tokyo-1ae0,41,35,Normal
2026-02-09 22:17:16.470924,Tokyo-1ae0,35,91,Normal
2026-02-09 22:17:17.470924,Tokyo-1ae0,34,56,Normal
2026-02-09 22:17:18.470924,Tokyo-1ae0,28,39,Normal
2026-02-09 22:17:19.470924,Tokyo-1ae0,-3,1,Normal
2026-02-09 22:17:20.470924,Tokyo-1ae0,17,66,Normal
2026-02-09 22:17:21.470924,Tokyo-1ae0,17,77,Normal
2026-02-09 22:17:22.470924,Tokyo-1ae0,-18,63,Normal
2026-02-09 22:17:23.470924,Tokyo-1ae0,-21,30,Normal
2026-02-09 22:17:24.470924,Tokyo-1ae0,48,3,Normal
2026-02-09 22:17:25.470924,Tokyo-1ae0,43,19,Normal
2026-02-09 22:17:26.470924,Tokyo-1ae0,8,43,Normal
2026-02-09 22:17:27.470924,Tokyo-1ae0,-2,73,Normal
2026-02-09 22:17:28.470924,Tokyo-1ae0,-27,15,Normal
2026-02-09 22:17:29.470924,Tokyo-1ae0,-8,69,Normal
2026-02-09 22:17:30.470924,Tokyo-1ae0,15,98,Normal
2026-02-09 22:17:31.470924,Tokyo-1ae0,25,100,Normal
2026-02-09 22:17:32.470924,Tokyo-1ae0,-10,92,Normal
2026-02-09 22:17:33.470924,Tokyo-1ae0,13,4,Normal
2026-02-09 22:17:34.470924,Tokyo-1ae0,-8,1,Normal
2026-02-09 22:17:35.470924,Tokyo-1ae0,22,65,Normal
2026-02-09 22:17:36.470924,Tokyo-1ae0,43,93,Normal
2026-02-09 22:17:37.470924,Tokyo-1ae0,9,3,Normal
2026-02-09 22:17:38.470924,Tokyo-1ae0,41,98,Normal
2026-02-09 22:17:39.470924,Tokyo-1ae0,-25,8,Normal
2026-02-09 22:17:40.470924,Tokyo-1ae0,18,22,Normal
2026-02-09 22:17:41.470924,Tokyo-1ae0,37,9,Normal
2026-02-09 22:17:42.470924,Tokyo-1ae0,37,88,Normal
2026-02-09 22:17:43.470924,Tokyo-1ae0,-20,11,Normal
2026-02-09 22:17:44.470924,Tokyo-1ae0,-8,15,Normal
2026-02-09 22:17:45.470924,Tokyo-1ae0,24,59,Normal
2026-02-09 22:17:46.470924,Tokyo-1ae0,26,84,Normal
2026-02-09 22:17:47.470924,Tokyo-1ae0,3,45,Normal
2026-02-09 22:17:48.470924,Tokyo-1ae0,21,36,Normal
2026-02-09 22:17:49.470924,Tokyo-1ae0,-30,55,Normal
2026-02-09 22:17:50.470924,Tokyo-1ae0,27,23,Normal
2026-02-09 22:17:51.470924,Tokyo-1ae0,-16,67,Normal
2026-02-09 22:17:52.470924,Tokyo-1ae0,-17,40,Normal
2026-02-09 22:17:53.470924,Tokyo-1ae0,36,36,Normal
2026-02-09 22:17:54.470924,Tokyo-1ae0,44,47,Normal
2026-02-09 22:17:55.470924,Tokyo-1ae0,-12,63,Normal
2026-02-09 22:17:56.470924,Tokyo-1ae0,41,98,Normal
2026-02-09 22:17:57.470924,Tokyo-1ae0,-30,13,Normal
2026-02-09 22:17:58.470924,Tokyo-1ae0,4,70,Normal
2026-02-09 22:17:59.470924,Tokyo-1ae0,-13,32,Normal
2026-02-09 22:18:00.470924,Tokyo-1ae0,-30,98,Normal
2026-02-09 22:18:01.470924,Tokyo-1ae0,-5,39,Normal
2026-02-09 22:18:02.470924,Tokyo-1ae0,-27,31,Normal
2026-02-09 22:18:03.470924,Tokyo-1ae0,2,79,Normal
2026-02-09 22:18:04.470924,Tokyo-1ae0,-10,24,Normal
2026-02-09 22:18:05.470924,Tokyo-1ae0,44,81,Normal
2026-02-09 22:18:06.470924,Tokyo-1ae0,5,86,Normal
2026-02-09 22:18:07.470924,Tokyo-1ae0,-24,25,Normal
2026-02-09 22:18:08.470924,Tokyo-1ae0,-16,58,Normal
2026-02-09 22:18:09.470924,Tokyo-1ae0,40,36,Normal
2026-02-09 22:18:10.470924,Tokyo-1ae0,8,44,Normal
2026-02-09 22:18:11.470924,Tokyo-1ae0,-4,15,Normal
2026-02-09 22:18:12.470924,Tokyo-1ae0,-15,83,Normal
2026-02-09 22:18:13.470924,Tokyo-1ae0,-15,76,Normal
2026-02-09 22:18:14.470924,Tokyo-1ae0,22,64,Normal
2026-02-09 22:18:15.470924,Tokyo-1ae0,-3,69,Normal
2026-02-09 22:18:16.470924,Tokyo-1ae0,18,79,Normal
2026-02-09 22:18:17.470924,Tokyo-1ae0,0,80,Normal
2026-02-09 22:18:18.470924,Tokyo-1ae0,8,61,Normal
2026-02-09 22:18:19.470924,Tokyo-1ae0,12,32,Normal
2026-02-09 22:18:20.470924,Tokyo-1ae0,21,12,Normal
2026-02-09 22:18:21.470924,Tokyo-1ae0,-22,34,Normal
2026-02-09 22:18:22.470924,Tokyo-1ae0,11,18,Normal
2026-02-09 22:18:23.470924,Tokyo-1ae0,42,50,Normal
2026-02-09 22:18:24.470924,Tokyo-1ae0,-19,34,Normal
2026-02-09 22:18:25.470924,Tokyo-1ae0,13,94,Normal
2026-02-09 22:18:26.470924,Tokyo-1ae0,-18,21,Normal
2026-02-09 22:18:27.470924,Tokyo-1ae0,-30,45,Normal
2026-02-09 22:18:28.470924,Tokyo-1ae0,-1,16,Normal
2026-02-09 22:18:29.470924,Tokyo-1ae0,35,56,Normal
2026-02-09 22:18:30.470924,Tokyo-1ae0,32,30,Normal
2026-02-09 22:18:31.470924,Tokyo-1ae0,-24,33,Normal
2026-02-09 22:18:32.470924,Tokyo-1ae0,-27,91,Normal
2026-02-09 22:18:33.470924,Tokyo-1ae0,-17,100,Normal
2026-02-09 22:18:34.470924,Tokyo-1ae0,25,89,Normal
2026-02-09 22:18:35.470924,Tokyo-1ae0,1,89,Normal
2026-02-09 22:18:36.470924,Tokyo-1ae0,32,59,Normal
2026-02-09 22:18:37.470924,Tokyo-1ae0,-14,39,Normal
2026-02-09 22:18:38.470924,Tokyo-1ae0,-23,50,Normal
2026-02-09 22:18:39.470924,Tokyo-1ae0,45,9,Normal
2026-02-09 22:18:40.470924,Tokyo-1ae0,19,64,Normal
2026-02-09 22:18:41.470924,Tokyo-1ae0,-14,36,Normal
2026-02-09 22:18:42.470924,Tokyo-1ae0,16,53,Normal
2026-02-09 22:18:43.470924,Tokyo-1ae0,-23,33,Normal
2026-02-09 22:18:44.470924,Tokyo-1ae0,-5,18,Normal
2026-02-09 22:18:45.470924,Tokyo-1ae0,13,38,Normal
2026-02-09 22:18:46.470924,Tokyo-1ae0,-4,47,Normal
2026-02-09 22:18:47.470924,Tokyo-1ae0,-24,87,Normal
2026-02-09 22:18:48.470924,Tokyo-1ae0,39,64,Normal
2026-02-09 22:18:49.470924,Tokyo-1ae0,0,47,Normal
2026-02-09 22:18:50.470924,Tokyo-1ae0,12,83,Normal
2026-02-09 22:18:51.470924,Tokyo-1ae0,14,44,Normal
2026-02-09 22:18:52.470924,Tokyo-1ae0,47,14,Normal
2026-02-09 22:18:53.470924,Tokyo-1ae0,45,25,Normal
2026-02-09 22:18:54.470924,Tokyo-1ae0,-28,27,Normal
2026-02-09 22:18:55.470924,Tokyo-1ae0,-16,4,Normal
2026-02-09 22:18:56.470924,Tokyo-1ae0,41,2,Normal
2026-02-09 22:18:57.470924,Tokyo-1ae0,0,98,Normal
2026-02-09 22:18:58.470924,Tokyo-1ae0,45,88,Normal
2026-02-09 22:18:59.470924,Tokyo-1ae0,15,55,Normal
2026-02-09 22:19:00.470924,Tokyo-1ae0,0,53,Normal
2026-02-09 22:19:01.470924,Tokyo-1ae0,40,49,Normal
2026-02-09 22:19:02.470924,Tokyo-1ae0,1,35,Normal
2026-02-09 22:19:03.470924,Tokyo-1ae0,-2,18,Normal
2026-02-09 22:19:04.470924,Tokyo-1ae0,48,44,Normal
2026-02-09 22:19:05.470924,Tokyo-1ae0,-29,47,Normal
2026-02-09 22:19:06.470924,Tokyo-1ae0,39,26,Normal
2026-02-09 22:19:07.470924,Tokyo-1ae0,9,27,Normal
2026-02-09 22:19:08.470924,Tokyo-1ae0,-12,65,Normal
2026-02-09 22:19:09.470924,Tokyo-1ae0,38,55,Normal
2026-02-09 22:19:10.470924,Tokyo-1ae0,-2,38,Normal
2026-02-09 22:19:11.470924,Tokyo-1ae0,-1,33,Normal
2026-02-09 22:19:12.470924,Tokyo-1ae0,-12,21,Normal
2026-02-09 22:19:13.470924,Tokyo-1ae0,34,58,Normal
2026-02-09 22:19:14.470924,Tokyo-1ae0,-3,95,Normal
2026-02-09 22:19:15.470924,Tokyo-1ae0,-19,37,Normal
2026-02-09 22:19:16.470924,Tokyo-1ae0,2,38,Normal
2026-02-09 22:19:17.470924,Tokyo-1ae0,7,87,Normal
2026-02-09 22:19:18.470924,Tokyo-1ae0,9,26,Normal
2026-02-09 22:19:19.470924,Tokyo-1ae0,-9,65,Normal
2026-02-09 22:19:20.470924,Tokyo-1ae0,3,25,Normal
2026-02-09 22:19:21.470924,Tokyo-1ae0,-10,19,Normal
2026-02-09 22:19:22.470924,Tokyo-1ae0,-29,87,Normal
2026-02-09 22:19:23.470924,Tokyo-1ae0,2,67,Normal
2026-02-09 22:19:24.470924,Tokyo-1ae0,49,4,Normal
2026-02-09 22:19:25.470924,Tokyo-1ae0,2,70,Normal
2026-02-09 22:19:26.470924,Tokyo-1ae0,49,56,Normal
2026-02-09 22:19:27.470924,Tokyo-1ae0,7,84,Normal
2026-02-09 22:19:28.470924,Tokyo-1ae0,37,69,Normal
2026-02-09 22:19:29.470924,Tokyo-1ae0,7,45,Normal
2026-02-09 22:19:30.470924,Tokyo-1ae0,-24,4,Normal
2026-02-09 22:19:31.470924,Tokyo-1ae0,26,47,Normal
2026-02-09 22:19:32.470924,Tokyo-1ae0,-4,47,Normal
2026-02-09 22:19:33.470924,Tokyo-1ae0,35,66,Normal
2026-02-09 22:19:34.470924,Tokyo-1ae0,-7,50,Normal
2026-02-09 22:19:35.470924,Tokyo-1ae0,7,47,Normal
2026-02-09 22:19:36.470924,Tokyo-1ae0,-30,50,Normal
2026-02-09 22:19:37.470924,Tokyo-1ae0,-1,31,Normal
2026-02-09 22:19:38.470924,Tokyo-1ae0,34,27,Normal
2026-02-09 22:19:39.470924,Tokyo-1ae0,26,51,Normal
2026-02-09 22:19:40.470924,Tokyo-1ae0,11,44,Normal
2026-02-09 22:19:41.470924,Tokyo-1ae0,33,9,Normal
2026-02-09 22:19:42.470924,Tokyo-1ae0,26,32,Normal
2026-02-09 22:19:43.470924,Tokyo-1ae0,-27,96,Normal
2026-02-09 22:19:44.470924,Tokyo-1ae0,-4,63,Normal
2026-02-09 22:19:45.470924,Tokyo-1ae0,34,2,Normal
2026-02-09 22:19:46.470924,Tokyo-1ae0,23,44,Normal
2026-02-09 22:19:47.470924,Tokyo-1ae0,9,66,Normal
2026-02-09 22:19:48.470924,Tokyo-1ae0,-20,73,Normal
2026-02-09 22:19:49.470924,Tokyo-1ae0,0,68,Normal
2026-02-09 22:19:50.470924,Tokyo-1ae0,43,58,Normal
2026-02-09 22:19:51.470924,Tokyo-1ae0,7,21,Normal
2026-02-09 22:19:52.470924,Tokyo-1ae0,-26,9,Normal
2026-02-09 22:19:53.470924,Tokyo-1ae0,-16,5,Normal
2026-02-09 22:19:54.470924,Tokyo-1ae0,41,9,Normal
2026-02-09 22:19:55.470924,Tokyo-1ae0,37,27,Normal
2026-02-09 22:19:56.470924,Tokyo-1ae0,26,9,Normal
2026-02-09 22:19:57.470924,Tokyo-1ae0,-26,47,Normal
2026-02-09 22:19:58.470924,Tokyo-1ae0,1,79,Normal
2026-02-09 22:19:59.470924,Tokyo-1ae0,-16,78,Normal
2026-02-09 22:20:00.470924,Tokyo-1ae0,14,64,Normal
2026-02-09 22:20:01.470924,Tokyo-1ae0,11,62,Normal
2026-02-09 22:20:02.470924,Tokyo-1ae0,5,11,Normal
2026-02-09 22:20:03.470924,Tokyo-1ae0,28,23,Normal
2026-02-09 22:20:04.470924,Tokyo-1ae0,39,65,Normal
2026-02-09 22:20:05.470924,Tokyo-1ae0,-6,53,Normal
2026-02-09 22:20:06.470924,Tokyo-1ae0,1,28,Normal
2026-02-09 22:20:07.470924,Tokyo-1ae0,-8,76,Normal
2026-02-09 22:20:08.470924,Tokyo-1ae0,16,83,Normal
2026-02-09 22:20:09.470924,Tokyo-1ae0,50,63,Normal
2026-02-09 22:20:10.470924,Tokyo-1ae0,-29,94,Normal
2026-02-09 22:20:11.470924,Tokyo-1ae0,10,60,Normal
2026-02-09 22:20:12.470924,Tokyo-1ae0,-29,45,Normal
2026-02-09 22:20:13.470924,Tokyo-1ae0,50,36,Normal
2026-02-09 22:20:14.470924,Tokyo-1ae0,-16,4,Normal
2026-02-09 22:20:15.470924,Tokyo-1ae0,-1,18,Normal
2026-02-09 22:20:16.470924,Tokyo-1ae0,-17,82,Normal
2026-02-09 22:20:17.470924,Tokyo-1ae0,-13,12,Normal
2026-02-09 22:20:18.470924,Tokyo-1ae0,24,11,Normal
2026-02-09 22:20:19.470924,Tokyo-1ae0,-1,48,Normal
2026-02-09 22:20:20.470924,Tokyo-1ae0,39,47,Normal
2026-02-09 22:20:21.470924,Tokyo-1ae0,-27,68,Normal
2026-02-09 22:20:22.470924,Tokyo-1ae0,-30,63,Normal
2026-02-09 22:20:23.470924,Tokyo-1ae0,-17,80,Normal
2026-02-09 22:20:24.470924,Tokyo-1ae0,-15,17,Normal
2026-02-09 22:20:25.470924,Tokyo-1ae0,20,35,Normal
2026-02-09 22:20:26.470924,Tokyo-1ae0,17,91,Normal
2026-02-09 22:20:27.470924,Tokyo-1ae0,-27,11,Normal
2026-02-09 22:20:28.470924,Tokyo-1ae0,3,13,Normal
2026-02-09 22:20:29.470924,Tokyo-1ae0,-6,96,Normal
2026-02-09 22:20:30.470924,Tokyo-1ae0,-28,54,Normal
2026-02-09 22:20:31.470924,Tokyo-1ae0,18,17,Normal
2026-02-09 22:20:32.470924,Tokyo-1ae0,34,89,Normal
2026-02-09 22:20:33.470924,Tokyo-1ae0,-9,44,Normal
2026-02-09 22:20:34.470924,Tokyo-1ae0,45,43,Normal
2026-02-09 22:20:35.470924,Tokyo-1ae0,1,91,Normal
2026-02-09 22:20:36.470924,Tokyo-1ae0,15,96,Normal
2026-02-09 22:20:37.470924,Tokyo-1ae0,9,1,Normal
2026-02-09 22:20:38.470924,Tokyo-1ae0,-2,4,Normal
2026-02-09 22:20:39.470924,Tokyo-1ae0,29,38,Normal
2026-02-09 22:20:40.470924,Tokyo-1ae0,-21,7,Normal
2026-02-09 22:20:41.470924,Tokyo-1ae0,0,6,Normal
2026-02-09 22:20:42.470924,Tokyo-1ae0,-30,14,Normal
2026-02-09 22:20:43.470924,Tokyo-1ae0,9,79,Normal
2026-02-09 22:20:44.470924,Tokyo-1ae0,4,49,Normal
2026-02-09 22:20:45.470924,Tokyo-1ae0,-7,58,Normal
2026-02-09 22:20:46.470924,Tokyo-1ae0,22,100,Normal
2026-02-09 22:20:47.470924,Tokyo-1ae0,14,93,Normal
2026-02-09 22:20:48.470924,Tokyo-1ae0,-3,29,Normal
2026-02-09 22:20:49.470924,Tokyo-1ae0,-6,71,Normal
2026-02-09 22:20:50.470924,Tokyo-1ae0,-9,73,Normal
2026-02-09 22:20:51.470924,Tokyo-1ae0,41,45,Normal
2026-02-09 22:20:52.470924,Tokyo-1ae0,-29,19,Normal
2026-02-09 22:20:53.470924,Tokyo-1ae0,2,34,Normal
2026-02-09 22:20:54.470924,Tokyo-1ae0,27,2,Normal
2026-02-09 22:20:55.470924,Tokyo-1ae0,-25,20,Normal
2026-02-09 22:20:56.470924,Tokyo-1ae0,39,58,Normal
2026-02-09 22:20:57.470924,Tokyo-1ae0,39,32,Normal
2026-02-09 22:20:58.470924,Tokyo-1ae0,22,80,Normal
2026-02-09 22:20:59.470924,Tokyo-1ae0,48,92,Normal
2026-02-09 22:21:00.470924,Tokyo-1ae0,-12,23,Normal
2026-02-09 22:21:01.470924,Tokyo-1ae0,43,92,Normal
2026-02-09 22:21:02.470924,Tokyo-1ae0,10,22,Normal
2026-02-09 22:21:03.470924,Tokyo-1ae0,18,26,Normal
2026-02-09 22:21:04.470924,Tokyo-1ae0,40,81,Normal
2026-02-09 22:21:05.470924,Tokyo-1ae0,-16,83,Normal
2026-02-09 22:21:06.470924,Tokyo-1ae0,30,47,Normal
2026-02-09 22:21:07.470924,Tokyo-1ae0,-24,61,Normal
2026-02-09 22:21:08.470924,Tokyo-1ae0,9,14,Normal
2026-02-09 22:21:09.470924,Tokyo-1ae0,-8,48,Normal
2026-02-09 22:21:10.470924,Tokyo-1ae0,-6,51,Normal
2026-02-09 22:21:11.470924,Tokyo-1ae0,-27,27,Normal
2026-02-09 22:21:12.470924,Tokyo-1ae0,-19,27,Normal
2026-02-09 22:21:13.470924,Tokyo-1ae0,-23,72,Normal
2026-02-09 22:21:14.470924,Tokyo-1ae0,-14,63,Normal
2026-02-09 22:21:15.470924,Tokyo-1ae0,-2,44,Normal
2026-02-09 22:21:16.470924,Tokyo-1ae0,23,95,Normal
2026-02-09 22:21:17.470924,Tokyo-1ae0,15,9,Normal
2026-02-09 22:21:18.470924,Tokyo-1ae0,6,100,Normal
2026-02-09 22:21:19.470924,Tokyo-1ae0,43,3,Normal
2026-02-09 22:21:20.470924,Tokyo-1ae0,9,61,Normal
2026-02-09 22:21:21.470924,Tokyo-1ae0,-18,14,Normal
2026-02-09 22:21:22.470924,Tokyo-1ae0,29,25,Normal
2026-02-09 22:21:23.470924,Tokyo-1ae0,47,94,Normal
2026-02-09 22:21:24.470924,Tokyo-1ae0,-5,13,Normal
2026-02-09 22:21:25.470924,Tokyo-1ae0,39,37,Normal
2026-02-09 22:21:26.470924,Tokyo-1ae0,-23,48,Normal
2026-02-09 22:21:27.470924,Tokyo-1ae0,22,50,Normal
2026-02-09 22:21:28.470924,Tokyo-1ae0,50,57,Normal
2026-02-09 22:21:29.470924,Tokyo-1ae0,27,8,Normal
2026-02-09 22:21:30.470924,Tokyo-1ae0,10,78,Normal
2026-02-09 22:21:31.470924,Tokyo-1ae0,17,54,Normal
2026-02-09 22:21:32.470924,Tokyo-1ae0,15,72,Normal
2026-02-09 22:21:33.470924,Tokyo-1ae0,24,53,Normal
2026-02-09 22:21:34.470924,Tokyo-1ae0,10,89,Normal
2026-02-09 22:21:35.470924,Tokyo-1ae0,3,61,Normal
2026-02-09 22:21:36.470924,Tokyo-1ae0,-4,1,Normal
2026-02-09 22:21:37.470924,Tokyo-1ae0,14,17,Normal
2026-02-09 22:21:38.470924,Tokyo-1ae0,20,54,Normal
2026-02-09 22:21:39.470924,Tokyo-1ae0,-13,43,Normal
2026-02-09 22:21:40.470924,Tokyo-1ae0,14,50,Normal
2026-02-09 22:21:41.470924,Tokyo-1ae0,4,41,Normal
2026-02-09 22:21:42.470924,Tokyo-1ae0,12,24,Normal
2026-02-09 22:21:43.470924,Tokyo-1ae0,-20,88,Normal
2026-02-09 22:21:44.470924,Tokyo-1ae0,30,37,Normal
2026-02-09 22:21:45.470924,Tokyo-1ae0,3,3,Normal
2026-02-09 22:21:46.470924,Tokyo-1ae0,28,53,Normal
2026-02-09 22:21:47.470924,Tokyo-1ae0,24,100,Normal
2026-02-09 22:21:48.470924,Tokyo-1ae0,-15,100,Normal
2026-02-09 22:21:49.470924,Tokyo-1ae0,42,27,Normal
2026-02-09 22:21:50.470924,Tokyo-1ae0,-25,15,Normal
2026-02-09 22:21:51.470924,Tokyo-1ae0,-13,42,Normal
2026-02-09 22:21:52.470924,Tokyo-1ae0,-19,66,Normal
2026-02-09 22:21:53.470924,Tokyo-1ae0,10,95,Normal
2026-02-09 22:21:54.470924,Tokyo-1ae0,-3,61,Normal
2026-02-09 22:21:55.470924,Tokyo-1ae0,5,83,Normal
2026-02-09 22:21:56.470924,Tokyo-1ae0,-18,18,Normal
2026-02-09 22:21:57.470924,Tokyo-1ae0,11,59,Normal
2026-02-09 22:21:58.470924,Tokyo-1ae0,49,94,Normal
2026-02-09 22:21:59.470924,Tokyo-1ae0,36,93,Normal
2026-02-09 22:22:00.470924,Tokyo-1ae0,44,13,Normal
2026-02-09 22:22:01.470924,Tokyo-1ae0,29,78,Normal
2026-02-09 22:22:02.470924,Tokyo-1ae0,40,6,Normal
2026-02-09 22:22:03.470924,Tokyo-1ae0,-1,95,Normal
2026-02-09 22:22:04.470924,Tokyo-1ae0,-23,57,Normal
2026-02-09 22:22:05.470924,Tokyo-1ae0,-2,37,Normal
2026-02-09 22:22:06.470924,Tokyo-1ae0,38,100,Normal
2026-02-09 22:22:07.470924,Tokyo-1ae0,-11,56,Normal
2026-02-09 22:22:08.470924,Tokyo-1ae0,-11,10,Normal
2026-02-09 22:22:09.470924,Tokyo-1ae0,-20,96,Normal
2026-02-09 22:22:10.470924,Tokyo-1ae0,-7,9,Normal
2026-02-09 22:22:11.470924,Tokyo-1ae0,47,81,Normal
2026-02-09 22:22:12.470924,Tokyo-1ae0,-22,43,Normal
2026-02-09 22:22:13.470924,Tokyo-1ae0,25,19,Normal
2026-02-09 22:22:14.470924,Tokyo-1ae0,-14,77,Normal
2026-02-09 22:22:15.470924,Tokyo-1ae0,20,34,Normal
2026-02-09 22:22:16.470924,Tokyo-1ae0,-15,23,Normal
2026-02-09 22:22:17.470924,Tokyo-1ae0,26,67,Normal
2026-02-09 22:22:18.470924,Tokyo-1ae0,-5,55,Normal
2026-02-09 22:22:19.470924,Tokyo-1ae0,6,45,Normal
2026-02-09 22:22:20.470924,Tokyo-1ae0,-12,38,Normal
2026-02-09 22:22:21.470924,Tokyo-1ae0,46,89,Normal
2026-02-09 22:22:22.470924,Tokyo-1ae0,12,98,Normal
2026-02-09 22:22:23.470924,Tokyo-1ae0,37,5,Normal
2026-02-09 22:22:24.470924,Tokyo-1ae0,29,52,Normal
2026-02-09 22:22:25.470924,Tokyo-1ae0,-26,60,Normal
2026-02-09 22:22:26.470924,Tokyo-1ae0,6,82,Normal
2026-02-09 22:22:27.470924,Tokyo-1ae0,-7,36,Normal
2026-02-09 22:22:28.470924,Tokyo-1ae0,29,1,Normal
2026-02-09 22:22:29.470924,Tokyo-1ae0,-26,34,Normal
2026-02-09 22:22:30.470924,Tokyo-1ae0,35,70,Normal
2026-02-09 22:22:31.470924,Tokyo-1ae0,28,39,Normal
2026-02-09 22:22:32.470924,Tokyo-1ae0,-9,46,Normal
2026-02-09 22:22:33.470924,Tokyo-1ae0,2,33,Normal
2026-02-09 22:22:34.470924,Tokyo-1ae0,-23,56,Normal
2026-02-09 22:22:35.470924,Tokyo-1ae0,-3,3,Normal
2026-02-09 22:22:36.470924,Tokyo-1ae0,-9,19,Normal
2026-02-09 22:22:37.470924,Tokyo-1ae0,-15,59,Normal
2026-02-09 22:22:38.470924,Tokyo-1ae0,6,69,Normal
2026-02-09 22:22:39.470924,Tokyo-1ae0,-29,31,Normal
2026-02-09 22:22:40.470924,Tokyo-1ae0,27,49,Normal
2026-02-09 22:22:41.470924,Tokyo-1ae0,-14,44,Normal
2026-02-09 22:22:42.470924,Tokyo-1ae0,24,61,Normal
2026-02-09 22:22:43.470924,Tokyo-1ae0,-1,48,Normal
2026-02-09 22:22:44.470924,Tokyo-1ae0,1,0,Normal
2026-02-09 22:22:45.470924,Tokyo-1ae0,-16,53,Normal
2026-02-09 22:22:46.470924,Tokyo-1ae0,-11,5,Normal
2026-02-09 22:22:47.470924,Tokyo-1ae0,12,53,Normal
2026-02-09 22:22:48.470924,Tokyo-1ae0,-13,50,Normal
2026-02-09 22:22:49.470924,Tokyo-1ae0,45,42,Normal
2026-02-09 22:22:50.470924,Tokyo-1ae0,-24,53,Normal
2026-02-09 22:22:51.470924,Tokyo-1ae0,-23,79,Normal
2026-02-09 22:22:52.470924,Tokyo-1ae0,25,93,Normal
2026-02-09 22:22:53.470924,Tokyo-1ae0,-23,63,Normal
2026-02-09 22:22:54.470924,Tokyo-1ae0,47,25,Normal
2026-02-09 22:22:55.470924,Tokyo-1ae0,-15,68,Normal
2026-02-09 22:22:56.470924,Tokyo-1ae0,-13,34,Normal
2026-02-09 22:22:57.470924,Tokyo-1ae0,-4,16,Normal
2026-02-09 22:22:58.470924,Tokyo-1ae0,14,66,Normal
2026-02-09 22:22:59.470924,Tokyo-1ae0,16,98,Normal
2026-02-09 22:23:00.470924,Tokyo-1ae0,2,2,Normal
2026-02-09 22:23:01.470924,Tokyo-1ae0,-8,83,Normal
2026-02-09 22:23:02.470924,Tokyo-1ae0,17,69,Normal
2026-02-09 22:23:03.470924,Tokyo-1ae0,43,6,Normal
2026-02-09 22:23:04.470924,Tokyo-1ae0,18,55,Normal
2026-02-09 22:23:05.470924,Tokyo-1ae0,-10,33,Normal
2026-02-09 22:23:06.470924,Tokyo-1ae0,39,76,Normal
2026-02-09 22:23:07.470924,Tokyo-1ae0,6,11,Normal
2026-02-09 22:23:08.470924,Tokyo-1ae0,34,91,Normal
2026-02-09 22:23:09.470924,Tokyo-1ae0,-17,74,Normal
2026-02-09 22:23:10.470924,Tokyo-1ae0,49,11,Normal
2026-02-09 22:23:11.470924,Tokyo-1ae0,-30,5,Normal
2026-02-09 22:23:12.470924,Tokyo-1ae0,19,99,Normal
2026-02-09 22:23:13.470924,Tokyo-1ae0,-12,48,Normal
2026-02-09 22:23:14.470924,Tokyo-1ae0,-23,57,Normal
2026-02-09 22:23:15.470924,Tokyo-1ae0,33,19,Normal
2026-02-09 22:23:16.470924,Tokyo-1ae0,-14,41,Normal
2026-02-09 22:23:17.470924,Tokyo-1ae0,-10,77,Normal
2026-02-09 22:23:18.470924,Tokyo-1ae0,-11,76,Normal
2026-02-09 22:23:19.470924,Tokyo-1ae0,24,35,Normal
2026-02-09 22:23:20.470924,Tokyo-1ae0,-5,25,Normal
2026-02-09 22:23:21.470924,Tokyo-1ae0,-5,58,Normal
2026-02-09 22:23:22.470924,Tokyo-1ae0,1,60,Normal
2026-02-09 22:23:23.470924,Tokyo-1ae0,42,45,Normal
2026-02-09 22:23:24.470924,Tokyo-1ae0,34,42,Normal
2026-02-09 22:23:25.470924,Tokyo-1ae0,1,44,Normal
2026-02-09 22:23:26.470924,Tokyo-1ae0,21,15,Normal
2026-02-09 22:23:27.470924,Tokyo-1ae0,39,18,Normal
2026-02-09 22:23:28.470924,Tokyo-1ae0,9,50,Normal
2026-02-09 22:23:29.470924,Tokyo-1ae0,-8,48,Normal
2026-02-09 22:23:30.470924,Tokyo-1ae0,2,23,Normal
2026-02-09 22:23:31.470924,Tokyo-1ae0,42,5,Normal
2026-02-09 22:23:32.470924,Tokyo-1ae0,38,8,Normal
2026-02-09 22:23:33.470924,Tokyo-1ae0,12,64,Normal
2026-02-09 22:23:34.470924,Tokyo-1ae0,-21,98,Normal
2026-02-09 22:23:35.470924,Tokyo-1ae0,-12,20,Normal
2026-02-09 22:23:36.470924,Tokyo-1ae0,9,100,Normal
2026-02-09 22:23:37.470924,Tokyo-1ae0,31,99,Normal
2026-02-09 22:23:38.470924,Tokyo-1ae0,9,58,Normal
2026-02-09 22:23:39.470924,Tokyo-1ae0,-20,74,Normal
2026-02-09 22:23:40.470924,Tokyo-1ae0,19,83,Normal
2026-02-09 22:23:41.470924,Tokyo-1ae0,35,44,Normal
2026-02-09 22:23:42.470924,Tokyo-1ae0,5,96,Normal
2026-02-09 22:23:43.470924,Tokyo-1ae0,-15,83,Normal
2026-02-09 22:23:44.470924,Tokyo-1ae0,30,58,Normal
2026-02-09 22:23:45.470924,Tokyo-1ae0,-29,77,Normal
2026-02-09 22:23:46.470924,Tokyo-1ae0,34,73,Normal
2026-02-09 22:23:47.470924,Tokyo-1ae0,7,8,Normal
2026-02-09 22:23:48.470924,Tokyo-1ae0,46,78,Normal
2026-02-09 22:23:49.470924,Tokyo-1ae0,29,69,Normal
2026-02-09 22:23:50.470924,Tokyo-1ae0,25,39,Normal
2026-02-09 22:23:51.470924,Tokyo-1ae0,-9,29,Normal
2026-02-09 22:23:52.470924,Tokyo-1ae0,-4,52,Normal
2026-02-09 22:23:53.470924,Tokyo-1ae0,-10,18,Normal
2026-02-09 22:23:54.470924,Tokyo-1ae0,17,82,Normal
2026-02-09 22:23:55.470924,Tokyo-1ae0,24,62,Normal
2026-02-09 22:23:56.470924,Tokyo-1ae0,33,13,Normal
2026-02-09 22:23:57.470924,Tokyo-1ae0,49,52,Normal
2026-02-09 22:23:58.470924,Tokyo-1ae0,26,63,Normal
2026-02-09 22:23:59.470924,Tokyo-1ae0,-30,6,Normal
2026-02-09 22:24:00.470924,Tokyo-1ae0,9,87,Normal
2026-02-09 22:24:01.470924,Tokyo-1ae0,-23,57,Normal
2026-02-09 22:24:02.470924,Tokyo-1ae0,49,42,Normal
2026-02-09 22:24:03.470924,Tokyo-1ae0,-14,14,Normal
2026-02-09 22:24:04.470924,Tokyo-1ae0,36,23,Normal
2026-02-09 22:24:05.470924,Tokyo-1ae0,49,58,Normal
2026-02-09 22:24:06.470924,Tokyo-1ae0,-17,82,Normal
2026-02-09 22:24:07.470924,Tokyo-1ae0,36,19,Normal
2026-02-09 22:24:08.470924,Tokyo-1ae0,13,8,Normal
2026-02-09 22:24:09.470924,Tokyo-1ae0,-17,70,Normal
2026-02-09 22:24:10.470924,Tokyo-1ae0,11,64,Normal
2026-02-09 22:24:11.470924,Tokyo-1ae0,43,96,Normal
2026-02-09 22:24:12.470924,Tokyo-1ae0,-29,46,Normal
2026-02-09 22:24:13.470924,Tokyo-1ae0,49,69,Normal
2026-02-09 22:24:14.470924,Tokyo-1ae0,28,71,Normal
2026-02-09 22:24:15.470924,Tokyo-1ae0,-10,72,Normal
2026-02-09 22:24:16.470924,Tokyo-1ae0,37,14,Normal
2026-02-09 22:24:17.470924,Tokyo-1ae0,42,60,Normal
2026-02-09 22:24:18.470924,Tokyo-1ae0,11,49,Normal
2026-02-09 22:24:19.470924,Tokyo-1ae0,46,57,Normal
2026-02-09 22:24:20.470924,Tokyo-1ae0,-15,56,Normal
2026-02-09 22:24:21.470924,Tokyo-1ae0,-23,79,Normal
2026-02-09 22:24:22.470924,Tokyo-1ae0,42,1,Normal
2026-02-09 22:24:23.470924,Tokyo-1ae0,26,42,Normal
2026-02-09 22:24:24.470924,Tokyo-1ae0,41,65,Normal
2026-02-09 22:24:25.470924,Tokyo-1ae0,40,64,Normal
2026-02-09 22:24:26.470924,Tokyo-1ae0,16,95,Normal
2026-02-09 22:24:27.470924,Tokyo-1ae0,8,34,Normal
2026-02-09 22:24:28.470924,Tokyo-1ae0,15,58,Normal
2026-02-09 22:24:29.470924,Tokyo-1ae0,-18,29,Normal
2026-02-09 22:24:30.470924,Tokyo-1ae0,1,48,Normal
2026-02-09 22:24:31.470924,Tokyo-1ae0,-14,79,Normal
2026-02-09 22:24:32.470924,Tokyo-1ae0,0,47,Normal
2026-02-09 22:24:33.470924,Tokyo-1ae0,-5,81,Normal
2026-02-09 22:24:34.470924,Tokyo-1ae0,13,55,Normal
2026-02-09 22:24:35.470924,Tokyo-1ae0,-17,54,Normal
2026-02-09 22:24:36.470924,Tokyo-1ae0,-23,94,Normal
2026-02-09 22:24:37.470924,Tokyo-1ae0,2,37,Normal
2026-02-09 22:24:38.470924,Tokyo-1ae0,43,12,Normal
2026-02-09 22:24:39.470924,Tokyo-1ae0,16,86,Normal
2026-02-09 22:24:40.470924,Tokyo-1ae0,33,46,Normal
2026-02-09 22:24:41.470924,Tokyo-1ae0,43,51,Normal
2026-02-09 22:24:42.470924,Tokyo-1ae0,32,11,Normal
2026-02-09 22:24:43.470924,Tokyo-1ae0,-22,26,Normal
2026-02-09 22:24:44.470924,Tokyo-1ae0,29,17,Normal
2026-02-09 22:24:45.470924,Tokyo-1ae0,31,59,Normal
2026-02-09 22:24:46.470924,Tokyo-1ae0,44,90,Normal
2026-02-09 22:24:47.470924,Tokyo-1ae0,-16,47,Normal
2026-02-09 22:24:48.470924,Tokyo-1ae0,-14,77,Normal
2026-02-09 22:24:49.470924,Tokyo-1ae0,-16,10,Normal
2026-02-09 22:24:50.470924,Tokyo-1ae0,48,51,Normal
2026-02-09 22:24:51.470924,Tokyo-1ae0,-16,54,Normal
2026-02-09 22:24:52.470924,Tokyo-1ae0,-10,37,Normal
2026-02-09 22:24:53.470924,Tokyo-1ae0,35,31,Normal
2026-02-09 22:24:54.470924,Tokyo-1ae0,-23,37,Normal
2026-02-09 22:24:55.470924,Tokyo-1ae0,-16,61,Normal
2026-02-09 22:24:56.470924,Tokyo-1ae0,47,56,Normal
2026-02-09 22:24:57.470924,Tokyo-1ae0,15,33,Normal
2026-02-09 22:24:58.470924,Tokyo-1ae0,-21,59,Normal
2026-02-09 22:24:59.470924,Tokyo-1ae0,20,78,Normal
2026-02-09 22:25:00.470924,Tokyo-1ae0,10,67,Normal
2026-02-09 22:25:01.470924,Tokyo-1ae0,17,33,Normal
2026-02-09 22:25:02.470924,Tokyo-1ae0,-8,51,Normal
2026-02-09 22:25:03.470924,Tokyo-1ae0,2,49,Normal
2026-02-09 22:25:04.470924,Tokyo-1ae0,-14,15,Normal
2026-02-09 22:25:05.470924,Tokyo-1ae0,16,42,Normal
2026-02-09 22:25:06.470924,Tokyo-1ae0,-16,7,Normal
2026-02-09 22:25:07.470924,Tokyo-1ae0,-25,89,Normal
2026-02-09 22:25:08.470924,Tokyo-1ae0,9,4,Normal
2026-02-09 22:25:09.470924,Tokyo-1ae0,-14,85,Normal
2026-02-09 22:25:10.470924,Tokyo-1ae0,40,19,Normal
2026-02-09 22:25:11.470924,Tokyo-1ae0,35,77,Normal
2026-02-09 22:25:12.470924,Tokyo-1ae0,42,53,Normal
2026-02-09 22:25:13.470924,Tokyo-1ae0,-1,85,Normal
2026-02-09 22:25:14.470924,Tokyo-1ae0,50,7,Normal
2026-02-09 22:25:15.470924,Tokyo-1ae0,-19,15,Normal
2026-02-09 22:25:16.470924,Tokyo-1ae0,31,39,Normal
2026-02-09 22:25:17.470924,Tokyo-1ae0,7,52,Normal
2026-02-09 22:25:18.470924,Tokyo-1ae0,18,14,Normal
2026-02-09 22:25:19.470924,Tokyo-1ae0,30,14,Normal
2026-02-09 22:25:20.470924,Tokyo-1ae0,-14,52,Normal
2026-02-09 22:25:21.470924,Tokyo-1ae0,16,100,Normal
2026-02-09 22:25:22.470924,Tokyo-1ae0,-20,83,Normal
2026-02-09 22:25:23.470924,Tokyo-1ae0,3,82,Normal
2026-02-09 22:25:24.470924,Tokyo-1ae0,5,51,Normal
2026-02-09 22:25:25.470924,Tokyo-1ae0,30,86,Normal
2026-02-09 22:25:26.470924,Tokyo-1ae0,15,14,Normal
2026-02-09 22:25:27.470924,Tokyo-1ae0,3,83,Normal
2026-02-09 22:25:28.470924,Tokyo-1ae0,44,13,Normal
2026-02-09 22:25:29.470924,Tokyo-1ae0,27,49,Normal
2026-02-09 22:25:30.470924,Tokyo-1ae0,-12,89,Normal
2026-02-09 22:25:31.470924,Tokyo-1ae0,33,31,Normal
2026-02-09 22:25:32.470924,Tokyo-1ae0,43,99,Normal
2026-02-09 22:25:33.470924,Tokyo-1ae0,12,25,Normal
2026-02-09 22:25:34.470924,Tokyo-1ae0,-15,4,Normal
2026-02-09 22:25:35.470924,Tokyo-1ae0,28,80,Normal
2026-02-09 22:25:36.470924,Tokyo-1ae0,38,73,Normal
2026-02-09 22:25:37.470924,Tokyo-1ae0,40,58,Normal
2026-02-09 22:25:38.470924,Tokyo-1ae0,27,35,Normal
2026-02-09 22:25:39.470924,Tokyo-1ae0,48,55,Normal
2026-02-09 22:25:40.470924,Tokyo-1ae0,-2,99,Normal
2026-02-09 22:25:41.470924,Tokyo-1ae0,4,41,Normal
2026-02-09 22:25:42.470924,Tokyo-1ae0,-8,82,Normal
2026-02-09 22:25:43.470924,Tokyo-1ae0,1,53,Normal
2026-02-09 22:25:44.470924,Tokyo-1ae0,7,18,Normal
2026-02-09 22:25:45.470924,Tokyo-1ae0,-10,23,Normal
2026-02-09 22:25:46.470924,Tokyo-1ae0,42,66,Normal
2026-02-09 22:25:47.470924,Tokyo-1ae0,49,42,Normal
2026-02-09 22:25:48.470924,Tokyo-1ae0,-6,90,Normal
2026-02-09 22:25:49.470924,Tokyo-1ae0,-24,23,Normal
2026-02-09 22:25:50.470924,Tokyo-1ae0,-12,24,Normal
2026-02-09 22:25:51.470924,Tokyo-1ae0,10,32,Normal
2026-02-09 22:25:52.470924,Tokyo-1ae0,-13,36,Normal
2026-02-09 22:25:53.470924,Tokyo-1ae0,3,52,Normal
2026-02-09 22:25:54.470924,Tokyo-1ae0,-4,69,Normal
2026-02-09 22:25:55.470924,Tokyo-1ae0,32,48,Normal
2026-02-09 22:25:56.470924,Tokyo-1ae0,-19,32,Normal
2026-02-09 22:25:57.470924,Tokyo-1ae0,29,88,Normal
2026-02-09 22:25:58.470924,Tokyo-1ae0,15,65,Normal
2026-02-09 22:25:59.470924,Tokyo-1ae0,38,75,Normal
2026-02-09 22:26:00.470924,Tokyo-1ae0,33,81,Normal
2026-02-09 22:26:01.470924,Tokyo-1ae0,12,13,Normal
2026-02-09 22:26:02.470924,Tokyo-1ae0,38,100,Normal
2026-02-09 22:26:03.470924,Tokyo-1ae0,-17,27,Normal
2026-02-09 22:26:04.470924,Tokyo-1ae0,4,72,Normal
2026-02-09 22:26:05.470924,Tokyo-1ae0,12,94,Normal
2026-02-09 22:26:06.470924,Tokyo-1ae0,19,31,Normal
2026-02-09 22:26:07.470924,Tokyo-1ae0,38,6,Normal
2026-02-09 22:26:08.470924,Tokyo-1ae0,41,48,Normal
2026-02-09 22:26:09.470924,Tokyo-1ae0,15,70,Normal
2026-02-09 22:26:10.470924,Tokyo-1ae0,-20,60,Normal
2026-02-09 22:26:11.470924,Tokyo-1ae0,-5,89,Normal
2026-02-09 22:26:12.470924,Tokyo-1ae0,6,10,Normal
2026-02-09 22:26:13.470924,Tokyo-1ae0,13,28,Normal
2026-02-09 22:26:14.470924,Tokyo-1ae0,-25,2,Normal
2026-02-09 22:26:15.470924,Tokyo-1ae0,-1,9,Normal
2026-02-09 22:26:16.470924,Tokyo-1ae0,-18,1,Normal
2026-02-09 22:26:17.470924,Tokyo-1ae0,31,8,Normal
2026-02-09 22:26:18.470924,Tokyo-1ae0,0,42,Normal
2026-02-09 22:26:19.470924,Tokyo-1ae0,38,98,Normal
2026-02-09 22:26:20.470924,Tokyo-1ae0,-9,8,Normal
2026-02-09 22:26:21.470924,Tokyo-1ae0,39,37,Normal
2026-02-09 22:26:22.470924,Tokyo-1ae0,-5,81,Normal
2026-02-09 22:26:23.470924,Tokyo-1ae0,49,42,Normal
2026-02-09 22:26:24.470924,Tokyo-1ae0,45,87,Normal
2026-02-09 22:26:25.470924,Tokyo-1ae0,31,90,Normal
2026-02-09 22:26:26.470924,Tokyo-1ae0,3,71,Normal
2026-02-09 22:26:27.470924,Tokyo-1ae0,-4,60,Normal
2026-02-09 22:26:28.470924,Tokyo-1ae0,-18,100,Normal
2026-02-09 22:26:29.470924,Tokyo-1ae0,-1,47,Normal
2026-02-09 22:26:30.470924,Tokyo-1ae0,-13,78,Normal
2026-02-09 22:26:31.470924,Tokyo-1ae0,-5,13,Normal
2026-02-09 22:26:32.470924,Tokyo-1ae0,21,36,Normal
2026-02-09 22:26:33.470924,Tokyo-1ae0,40,21,Normal
2026-02-09 22:26:34.470924,Tokyo-1ae0,6,41,Normal
2026-02-09 22:26:35.470924,Tokyo-1ae0,12,13,Normal
2026-02-09 22:26:36.470924,Tokyo-1ae0,21,80,Normal
2026-02-09 22:26:37.470924,Tokyo-1ae0,10,38,Normal
2026-02-09 22:26:38.470924,Tokyo-1ae0,29,72,Normal
2026-02-09 22:26:39.470924,Tokyo-1ae0,9,28,Normal
2026-02-09 22:26:40.470924,Tokyo-1ae0,6,33,Normal
2026-02-09 22:26:41.470924,Tokyo-1ae0,-17,45,Normal
2026-02-09 22:26:42.470924,Tokyo-1ae0,5,11,Normal
2026-02-09 22:26:43.470924,Tokyo-1ae0,2,18,Normal
2026-02-09 22:26:44.470924,Tokyo-1ae0,21,46,Normal
2026-02-09 22:26:45.470924,Tokyo-1ae0,24,76,Normal
2026-02-09 22:26:46.470924,Tokyo-1ae0,28,96,Normal
2026-02-09 22:26:47.470924,Tokyo-1ae0,33,20,Normal
2026-02-09 22:26:48.470924,Tokyo-1ae0,-19,11,Normal
2026-02-09 22:26:49.470924,Tokyo-1ae0,44,98,Normal
2026-02-09 22:26:50.470924,Tokyo-1ae0,47,20,Normal
2026-02-09 22:26:51.470924,Tokyo-1ae0,19,14,Normal
2026-02-09 22:26:52.470924,Tokyo-1ae0,7,98,Normal
2026-02-09 22:26:53.470924,Tokyo-1ae0,-30,36,Normal
2026-02-09 22:26:54.470924,Tokyo-1ae0,19,86,Normal
2026-02-09 22:26:55.470924,Tokyo-1ae0,-15,73,Normal
2026-02-09 22:26:56.470924,Tokyo-1ae0,39,90,Normal
2026-02-09 22:26:57.470924,Tokyo-1ae0,-27,65,Normal
2026-02-09 22:26:58.470924,Tokyo-1ae0,-24,90,Normal
2026-02-09 22:26:59.470924,Tokyo-1ae0,-5,78,Normal
2026-02-09 22:27:00.470924,Tokyo-1ae0,45,59,Normal
2026-02-09 22:27:01.470924,Tokyo-1ae0,14,25,Normal
2026-02-09 22:27:02.470924,Tokyo-1ae0,41,35,Normal
2026-02-09 22:27:03.470924,Tokyo-1ae0,10,38,Normal
2026-02-09 22:27:04.470924,Tokyo-1ae0,20,4,Normal
2026-02-09 22:27:05.470924,Tokyo-1ae0,32,86,Normal
2026-02-09 22:27:06.470924,Tokyo-1ae0,5,43,Normal
2026-02-09 22:27:07.470924,Tokyo-1ae0,-19,10,Normal
2026-02-09 22:27:08.470924,Tokyo-1ae0,34,40,Normal
2026-02-09 22:27:09.470924,Tokyo-1ae0,17,99,Normal
2026-02-09 22:27:10.470924,Tokyo-1ae0,28,18,Normal
2026-02-09 22:27:11.470924,Tokyo-1ae0,47,36,Normal
2026-02-09 22:27:12.470924,Tokyo-1ae0,-9,58,Normal
2026-02-09 22:27:13.470924,Tokyo-1ae0,-21,27,Normal
2026-02-09 22:27:14.470924,Tokyo-1ae0,29,53,Normal
2026-02-09 22:27:15.470924,Tokyo-1ae0,-20,61,Normal
2026-02-09 22:27:16.470924,Tokyo-1ae0,50,44,Normal
2026-02-09 22:27:17.470924,Tokyo-1ae0,-14,2,Normal
2026-02-09 22:27:18.470924,Tokyo-1ae0,-20,0,Normal
2026-02-09 22:27:19.470924,Tokyo-1ae0,33,80,Normal
2026-02-09 22:27:20.470924,Tokyo-1ae0,41,37,Normal
2026-02-09 22:27:21.470924,Tokyo-1ae0,6,6,Normal
2026-02-09 22:27:22.470924,Tokyo-1ae0,-3,37,Normal
2026-02-09 22:27:23.470924,Tokyo-1ae0,34,39,Normal
2026-02-09 22:27:24.470924,Tokyo-1ae0,-14,6,Normal
2026-02-09 22:27:25.470924,Tokyo-1ae0,-22,80,Normal
2026-02-09 22:27:26.470924,Tokyo-1ae0,9,71,Normal
2026-02-09 22:27:27.470924,Tokyo-1ae0,48,42,Normal
2026-02-09 22:27:28.470924,Tokyo-1ae0,19,96,Normal
2026-02-09 22:27:29.470924,Tokyo-1ae0,-3,1,Normal
2026-02-09 22:27:30.470924,Tokyo-1ae0,-11,82,Normal
2026-02-09 22:27:31.470924,Tokyo-1ae0,48,19,Normal
2026-02-09 22:27:32.470924,Tokyo-1ae0,29,75,Normal
2026-02-09 22:27:33.470924,Tokyo-1ae0,19,22,Normal
2026-02-09 22:27:34.470924,Tokyo-1ae0,10,44,Normal
2026-02-09 22:27:35.470924,Tokyo-1ae0,34,78,Normal
2026-02-09 22:27:36.470924,Tokyo-1ae0,-20,96,Normal
2026-02-09 22:27:37.470924,Tokyo-1ae0,24,78,Normal
2026-02-09 22:27:38.470924,Tokyo-1ae0,24,57,Normal
2026-02-09 22:27:39.470924,Tokyo-1ae0,6,81,Normal
2026-02-09 22:27:40.470924,Tokyo-1ae0,14,8,Normal
2026-02-09 22:27:41.470924,Tokyo-1ae0,-27,9,Normal
2026-02-09 22:27:42.470924,Tokyo-1ae0,22,60,Normal
2026-02-09 22:27:43.470924,Tokyo-1ae0,29,37,Normal
2026-02-09 22:27:44.470924,Tokyo-1ae0,9,34,Normal
2026-02-09 22:27:45.470924,Tokyo-1ae0,33,48,Normal
2026-02-09 22:27:46.470924,Tokyo-1ae0,2,38,Normal
2026-02-09 22:27:47.470924,Tokyo-1ae0,6,43,Normal
2026-02-09 22:27:48.470924,Tokyo-1ae0,-30,30,Normal
2026-02-09 22:27:49.470924,Tokyo-1ae0,22,53,Normal
2026-02-09 22:27:50.470924,Tokyo-1ae0,26,17,Normal
2026-02-09 22:27:51.470924,Tokyo-1ae0,-7,5,Normal
2026-02-09 22:27:52.470924,Tokyo-1ae0,-2,20,Normal
2026-02-09 22:27:53.470924,Tokyo-1ae0,-11,20,Normal
2026-02-09 22:27:54.470924,Tokyo-1ae0,6,99,Normal
2026-02-09 22:27:55.470924,Tokyo-1ae0,4,70,Normal
2026-02-09 22:27:56.470924,Tokyo-1ae0,38,93,Normal
2026-02-09 22:27:57.470924,Tokyo-1ae0,19,7,Normal
2026-02-09 22:27:58.470924,Tokyo-1ae0,-21,44,Normal
2026-02-09 22:27:59.470924,Tokyo-1ae0,12,82,Normal
2026-02-09 22:28:00.470924,Tokyo-1ae0,27,21,Normal
2026-02-09 22:28:01.470924,Tokyo-1ae0,-21,54,Normal
2026-02-09 22:28:02.470924,Tokyo-1ae0,37,56,Normal
2026-02-09 22:28:03.470924,Tokyo-1ae0,18,43,Normal
2026-02-09 22:28:04.470924,Tokyo-1ae0,-11,2,Normal
2026-02-09 22:28:05.470924,Tokyo-1ae0,19,83,Normal
2026-02-09 22:28:06.470924,Tokyo-1ae0,-18,9,Normal
2026-02-09 22:28:07.470924,Tokyo-1ae0,-13,55,Normal
2026-02-09 22:28:08.470924,Tokyo-1ae0,23,34,Normal
2026-02-09 22:28:09.470924,Tokyo-1ae0,8,32,Normal
2026-02-09 22:28:10.470924,Tokyo-1ae0,22,49,Normal
2026-02-09 22:28:11.470924,Tokyo-1ae0,38,35,Normal
2026-02-09 22:28:12.470924,Tokyo-1ae0,0,57,Normal
2026-02-09 22:28:13.470924,Tokyo-1ae0,-24,94,Normal
2026-02-09 22:28:14.470924,Tokyo-1ae0,-7,23,Normal
2026-02-09 22:28:15.470924,Tokyo-1ae0,-13,50,Normal
2026-02-09 22:28:16.470924,Tokyo-1ae0,-22,69,Normal
2026-02-09 22:28:17.470924,Tokyo-1ae0,47,82,Normal
2026-02-09 22:28:18.470924,Tokyo-1ae0,49,60,Normal
2026-02-09 22:28:19.470924,Tokyo-1ae0,1,3,Normal
2026-02-09 22:28:20.470924,Tokyo-1ae0,9,17,Normal
2026-02-09 22:28:21.470924,Tokyo-1ae0,3,93,Normal
2026-02-09 22:28:22.470924,Tokyo-1ae0,-10,79,Normal
2026-02-09 22:28:23.470924,Tokyo-1ae0,18,44,Normal
2026-02-09 22:28:24.470924,Tokyo-1ae0,-14,12,Normal
2026-02-09 22:28:25.470924,Tokyo-1ae0,50,18,Normal
2026-02-09 22:28:26.470924,Tokyo-1ae0,-7,34,Normal
2026-02-09 22:28:27.470924,Tokyo-1ae0,38,45,Normal
2026-02-09 22:28:28.470924,Tokyo-1ae0,-22,3,Normal
2026-02-09 22:28:29.470924,Tokyo-1ae0,25,98,Normal
2026-02-09 22:28:30.470924,Tokyo-1ae0,8,54,Normal
2026-02-09 22:28:31.470924,Tokyo-1ae0,44,59,Normal
2026-02-09 22:28:32.470924,Tokyo-1ae0,-19,75,Normal
2026-02-09 22:28:33.470924,Tokyo-1ae0,41,48,Normal
2026-02-09 22:28:34.470924,Tokyo-1ae0,23,41,Normal
2026-02-09 22:28:35.470924,Tokyo-1ae0,9,53,Normal
2026-02-09 22:28:36.470924,Tokyo-1ae0,23,43,Normal
2026-02-09 22:28:37.470924,Tokyo-1ae0,39,17,Normal
2026-02-09 22:28:38.470924,Tokyo-1ae0,49,70,Normal
2026-02-09 22:28:39.470924,Tokyo-1ae0,49,42,Normal
2026-02-09 22:28:40.470924,Tokyo-1ae0,-5,63,Normal
2026-02-09 22:28:41.470924,Tokyo-1ae0,41,45,Normal
2026-02-09 22:28:42.470924,Tokyo-1ae0,39,15,Normal
2026-02-09 22:28:43.470924,Tokyo-1ae0,8,82,Normal
2026-02-09 22:28:44.470924,Tokyo-1ae0,34,15,Normal
2026-02-09 22:28:45.470924,Tokyo-1ae0,21,5,Normal
2026-02-09 22:28:46.470924,Tokyo-1ae0,-26,96,Normal
2026-02-09 22:28:47.470924,Tokyo-1ae0,-8,22,Normal
2026-02-09 22:28:48.470924,Tokyo-1ae0,2,92,Normal
2026-02-09 22:28:49.470924,Tokyo-1ae0,-5,97,Normal
2026-02-09 22:28:50.470924,Tokyo-1ae0,3,98,Normal
2026-02-09 22:28:51.470924,Tokyo-1ae0,31,68,Normal
2026-02-09 22:28:52.470924,Tokyo-1ae0,19,83,Normal
2026-02-09 22:28:53.470924,Tokyo-1ae0,44,55,Normal
2026-02-09 22:28:54.470924,Tokyo-1ae0,11,68,Normal
2026-02-09 22:28:55.470924,Tokyo-1ae0,-7,41,Normal
2026-02-09 22:28:56.470924,Tokyo-1ae0,-2,8,Normal
2026-02-09 22:28:57.470924,Tokyo-1ae0,-5,43,Normal
2026-02-09 22:28:58.470924,Tokyo-1ae0,30,45,Normal
2026-02-09 22:28:59.470924,Tokyo-1ae0,-24,52,Normal
2026-02-09 22:29:00.470924,Tokyo-1ae0,-13,100,Normal
2026-02-09 22:29:01.470924,Tokyo-1ae0,-26,8,Normal
2026-02-09 22:29:02.470924,Tokyo-1ae0,-25,9,Normal
2026-02-09 22:29:03.470924,Tokyo-1ae0,-20,13,Normal
2026-02-09 22:29:04.470924,Tokyo-1ae0,-28,53,Normal
2026-02-09 22:29:05.470924,Tokyo-1ae0,23,60,Normal
2026-02-09 22:29:06.470924,Tokyo-1ae0,-26,27,Normal
2026-02-09 22:29:07.470924,Tokyo-1ae0,-12,55,Normal
2026-02-09 22:29:08.470924,Tokyo-1ae0,-2,47,Normal
2026-02-09 22:29:09.470924,Tokyo-1ae0,48,12,Normal
2026-02-09 22:29:10.470924,Tokyo-1ae0,42,22,Normal
2026-02-09 22:29:11.470924,Tokyo-1ae0,6,78,Normal
2026-02-09 22:29:12.470924,Tokyo-1ae0,-24,9,Normal
2026-02-09 22:29:13.470924,Tokyo-1ae0,40,34,Normal
2026-02-09 22:29:14.470924,Tokyo-1ae0,14,81,Normal
2026-02-09 22:29:15.470924,Tokyo-1ae0,41,62,Normal
2026-02-09 22:29:16.470924,Tokyo-1ae0,-4,57,Normal
2026-02-09 22:29:17.470924,Tokyo-1ae0,-24,86,Normal
2026-02-09 22:29:18.470924,Tokyo-1ae0,34,97,Normal
2026-02-09 22:29:19.470924,Tokyo-1ae0,-3,69,Normal
2026-02-09 22:29:20.470924,Tokyo-1ae0,31,82,Normal
2026-02-09 22:29:21.470924,Tokyo-1ae0,10,20,Normal
2026-02-09 22:29:22.470924,Tokyo-1ae0,31,30,Normal
2026-02-09 22:29:23.470924,Tokyo-1ae0,-7,48,Normal
2026-02-09 22:29:24.470924,Tokyo-1ae0,41,24,Normal
2026-02-09 22:29:25.470924,Tokyo-1ae0,-8,82,Normal
2026-02-09 22:29:26.470924,Tokyo-1ae0,-27,93,Normal
2026-02-09 22:29:27.470924,Tokyo-1ae0,-2,0,Normal
2026-02-09 22:29:28.470924,Tokyo-1ae0,5,80,Normal
2026-02-09 22:29:29.470924,Tokyo-1ae0,37,54,Normal
2026-02-09 22:29:30.470924,Tokyo-1ae0,17,29,Normal
2026-02-09 22:29:31.470924,Tokyo-1ae0,2,34,Normal
2026-02-09 22:29:32.470924,Tokyo-1ae0,-9,55,Normal
2026-02-09 22:29:33.470924,Tokyo-1ae0,40,72,Normal
2026-02-09 22:29:34.470924,Tokyo-1ae0,29,30,Normal
2026-02-09 22:29:35.470924,Tokyo-1ae0,-22,43,Normal
2026-02-09 22:29:36.470924,Tokyo-1ae0,-19,92,Normal
2026-02-09 22:29:37.470924,Tokyo-1ae0,-28,86,Normal
2026-02-09 22:29:38.470924,Tokyo-1ae0,4,82,Normal
2026-02-09 22:29:39.470924,Tokyo-1ae0,12,62,Normal
2026-02-09 22:29:40.470924,Tokyo-1ae0,-2,97,Normal
2026-02-09 22:29:41.470924,Tokyo-1ae0,-7,56,Normal
2026-02-09 22:29:42.470924,Tokyo-1ae0,38,22,Normal
2026-02-09 22:29:43.470924,Tokyo-1ae0,30,84,Normal
2026-02-09 22:29:44.470924,Tokyo-1ae0,18,25,Normal
2026-02-09 22:29:45.470924,Tokyo-1ae0,-9,81,Normal
2026-02-09 22:29:46.470924,Tokyo-1ae0,-12,85,Normal
2026-02-09 22:29:47.470924,Tokyo-1ae0,35,13,Normal
2026-02-09 22:29:48.470924,Tokyo-1ae0,-24,3,Normal
2026-02-09 22:29:49.470924,Tokyo-1ae0,24,56,Normal
2026-02-09 22:29:50.470924,Tokyo-1ae0,-6,54,Normal
2026-02-09 22:29:51.470924,Tokyo-1ae0,-27,38,Normal
2026-02-09 22:29:52.470924,Tokyo-1ae0,-6,83,Normal
2026-02-09 22:29:53.470924,Tokyo-1ae0,-15,90,Normal
2026-02-09 22:29:54.470924,Tokyo-1ae0,32,42,Normal
2026-02-09 22:29:55.470924,Tokyo-1ae0,24,17,Normal
2026-02-09 22:29:56.470924,Tokyo-1ae0,-11,97,Normal
2026-02-09 22:29:57.470924,Tokyo-1ae0,-24,92,Normal
2026-02-09 22:29:58.470924,Tokyo-1ae0,2,96,Normal
2026-02-09 22:29:59.470924,Tokyo-1ae0,21,33,Normal
2026-02-09 22:30:00.470924,Tokyo-1ae0,48,70,Normal
2026-02-09 22:30:01.470924,Tokyo-1ae0,23,13,Normal
2026-02-09 22:30:02.470924,Tokyo-1ae0,43,45,Normal
2026-02-09 22:30:03.470924,Tokyo-1ae0,-2,68,Normal
2026-02-09 22:30:04.470924,Tokyo-1ae0,26,51,Normal
2026-02-09 22:30:05.470924,Tokyo-1ae0,46,33,Normal
2026-02-09 22:30:06.470924,Tokyo-1ae0,18,18,Normal
2026-02-09 22:30:07.470924,Tokyo-1ae0,33,38,Normal
2026-02-09 22:30:08.470924,Tokyo-1ae0,-20,68,Normal
2026-02-09 22:30:09.470924,Tokyo-1ae0,46,42,Normal
2026-02-09 22:30:10.470924,Tokyo-1ae0,14,37,Normal
2026-02-09 22:30:11.470924,Tokyo-1ae0,-20,75,Normal
2026-02-09 22:30:12.470924,Tokyo-1ae0,-21,28,Normal
2026-02-09 22:30:13.470924,Tokyo-1ae0,34,7,Normal
2026-02-09 22:30:14.470924,Tokyo-1ae0,13,27,Normal
2026-02-09 22:30:15.470924,Tokyo-1ae0,46,28,Normal
2026-02-09 22:30:16.470924,Tokyo-1ae0,-20,17,Normal
2026-02-09 22:30:17.470924,Tokyo-1ae0,37,15,Normal
2026-02-09 22:30:18.470924,Tokyo-1ae0,27,83,Normal
2026-02-09 22:30:19.470924,Tokyo-1ae0,38,30,Normal
2026-02-09 22:30:20.470924,Tokyo-1ae0,-12,55,Normal
2026-02-09 22:30:21.470924,Tokyo-1ae0,8,2,Normal
2026-02-09 22:30:22.470924,Tokyo-1ae0,49,18,Normal
2026-02-09 22:30:23.470924,Tokyo-1ae0,-24,77,Normal
2026-02-09 22:30:24.470924,Tokyo-1ae0,39,29,Normal
2026-02-09 22:30:25.470924,Tokyo-1ae0,-30,40,Normal
2026-02-09 22:30:26.470924,Tokyo-1ae0,31,84,Normal
2026-02-09 22:30:27.470924,Tokyo-1ae0,15,4,Normal
2026-02-09 22:30:28.470924,Tokyo-1ae0,3,76,Normal
2026-02-09 22:30:29.470924,Tokyo-1ae0,32,76,Normal
2026-02-09 22:30:30.470924,Tokyo-1ae0,-8,23,Normal
2026-02-09 22:30:31.470924,Tokyo-1ae0,-30,7,Normal
2026-02-09 22:30:32.470924,Tokyo-1ae0,-20,33,Normal
2026-02-09 22:30:33.470924,Tokyo-1ae0,-22,7,Normal
2026-02-09 22:30:34.470924,Tokyo-1ae0,46,2,Normal
2026-02-09 22:30:35.470924,Tokyo-1ae0,19,37,Normal
2026-02-09 22:30:36.470924,Tokyo-1ae0,4,92,Normal
2026-02-09 22:30:37.470924,Tokyo-1ae0,42,81,Normal
2026-02-09 22:30:38.470924,Tokyo-1ae0,-26,81,Normal
2026-02-09 22:30:39.470924,Tokyo-1ae0,-16,44,Normal
2026-02-09 22:30:40.470924,Tokyo-1ae0,-8,20,Normal
2026-02-09 22:30:41.470924,Tokyo-1ae0,-2,70,Normal
2026-02-09 22:30:42.470924,Tokyo-1ae0,23,59,Normal
2026-02-09 22:30:43.470924,Tokyo-1ae0,5,1,Normal
2026-02-09 22:30:44.470924,Tokyo-1ae0,4,4,Normal
2026-02-09 22:30:45.470924,Tokyo-1ae0,-2,85,Normal
2026-02-09 22:30:46.470924,Tokyo-1ae0,-24,44,Normal
2026-02-09 22:30:47.470924,Tokyo-1ae0,-29,73,Normal
2026-02-09 22:30:48.470924,Tokyo-1ae0,-19,94,Normal
2026-02-09 22:30:49.470924,Tokyo-1ae0,45,97,Normal
2026-02-09 22:30:50.470924,Tokyo-1ae0,-23,39,Normal
2026-02-09 22:30:51.470924,Tokyo-1ae0,9,36,Normal
2026-02-09 22:30:52.470924,Tokyo-1ae0,44,16,Normal
2026-02-09 22:30:53.470924,Tokyo-1ae0,8,58,Normal
2026-02-09 22:30:54.470924,Tokyo-1ae0,-15,3,Normal
2026-02-09 22:30:55.470924,Tokyo-1ae0,44,92,Normal
2026-02-09 22:30:56.470924,Tokyo-1ae0,3,58,Normal
2026-02-09 22:30:57.470924,Tokyo-1ae0,-7,47,Normal
2026-02-09 22:30:58.470924,Tokyo-1ae0,8,73,Normal
2026-02-09 22:30:59.470924,Tokyo-1ae0,50,16,Normal
2026-02-09 22:31:00.470924,Tokyo-1ae0,-4,44,Normal
2026-02-09 22:31:01.470924,Tokyo-1ae0,-17,39,Normal
2026-02-09 22:31:02.470924,Tokyo-1ae0,10,36,Normal
2026-02-09 22:31:03.470924,Tokyo-1ae0,14,38,Normal
2026-02-09 22:31:04.470924,Tokyo-1ae0,-26,6,Normal
2026-02-09 22:31:05.470924,Tokyo-1ae0,24,46,Normal
2026-02-09 22:31:06.470924,Tokyo-1ae0,46,13,Normal
2026-02-09 22:31:07.470924,Tokyo-1ae0,-28,91,Normal
2026-02-09 22:31:08.470924,Tokyo-1ae0,-30,39,Normal
2026-02-09 22:31:09.470924,Tokyo-1ae0,-16,3,Normal
2026-02-09 22:31:10.470924,Tokyo-1ae0,-8,15,Normal
2026-02-09 22:31:11.470924,Tokyo-1ae0,-1,77,Normal
2026-02-09 22:31:12.470924,Tokyo-1ae0,-27,7,Normal
2026-02-09 22:31:13.470924,Tokyo-1ae0,-17,78,Normal
2026-02-09 22:31:14.470924,Tokyo-1ae0,-17,74,Normal
2026-02-09 22:31:15.470924,Tokyo-1ae0,28,22,Normal
2026-02-09 22:31:16.470924,Tokyo-1ae0,45,95,Normal
2026-02-09 22:31:17.470924,Tokyo-1ae0,-7,50,Normal
2026-02-09 22:31:18.470924,Tokyo-1ae0,3,2,Normal
2026-02-09 22:31:19.470924,Tokyo-1ae0,33,61,Normal
2026-02-09 22:31:20.470924,Tokyo-1ae0,22,24,Normal
2026-02-09 22:31:21.470924,Tokyo-1ae0,-27,18,Normal
2026-02-09 22:31:22.470924,Tokyo-1ae0,-10,14,Normal
2026-02-09 22:31:23.470924,Tokyo-1ae0,24,5,Normal
2026-02-09 22:31:24.470924,Tokyo-1ae0,24,3,Normal
2026-02-09 22:31:25.470924,Tokyo-1ae0,-9,17,Normal
2026-02-09 22:31:26.470924,Tokyo-1ae0,36,23,Normal
2026-02-09 22:31:27.470924,Tokyo-1ae0,-14,6,Normal
2026-02-09 22:31:28.470924,Tokyo-1ae0,-15,5,Normal
2026-02-09 22:31:29.470924,Tokyo-1ae0,46,7,Normal
2026-02-09 22:31:30.470924,Tokyo-1ae0,-15,20,Normal
2026-02-09 22:31:31.470924,Tokyo-1ae0,34,73,Normal
2026-02-09 22:31:32.470924,Tokyo-1ae0,-2,84,Normal
2026-02-09 22:31:33.470924,Tokyo-1ae0,-16,59,Normal
2026-02-09 22:31:34.470924,Tokyo-1ae0,19,18,Normal
2026-02-09 22:31:35.470924,Tokyo-1ae0,9,99,Normal
2026-02-09 22:31:36.470924,Tokyo-1ae0,13,13,Normal
2026-02-09 22:31:37.470924,Tokyo-1ae0,-9,92,Normal
2026-02-09 22:31:38.470924,Tokyo-1ae0,14,8,Normal
2026-02-09 22:31:39.470924,Tokyo-1ae0,28,94,Normal
2026-02-09 22:31:40.470924,Tokyo-1ae0,42,63,Normal
2026-02-09 22:31:41.470924,Tokyo-1ae0,36,5,Normal
2026-02-09 22:31:42.470924,Tokyo-1ae0,36,15,Normal
2026-02-09 22:31:43.470924,Tokyo-1ae0,25,50,Normal
2026-02-09 22:31:44.470924,Tokyo-1ae0,2,21,Normal
2026-02-09 22:31:45.470924,Tokyo-1ae0,0,66,Normal
2026-02-09 22:31:46.470924,Tokyo-1ae0,42,96,Normal
2026-02-09 22:31:47.470924,Tokyo-1ae0,34,62,Normal
2026-02-09 22:31:48.470924,Tokyo-1ae0,31,35,Normal
2026-02-09 22:31:49.470924,Tokyo-1ae0,3,81,Normal
2026-02-09 22:31:50.470924,Tokyo-1ae0,26,10,Normal
2026-02-09 22:31:51.470924,Tokyo-1ae0,33,71,Normal
2026-02-09 22:31:52.470924,Tokyo-1ae0,37,96,Normal
2026-02-09 22:31:53.470924,Tokyo-1ae0,13,35,Normal
2026-02-09 22:31:54.470924,Tokyo-1ae0,35,34,Normal
2026-02-09 22:31:55.470924,Tokyo-1ae0,13,35,Normal
2026-02-09 22:31:56.470924,Tokyo-1ae0,1,42,Normal
2026-02-09 22:31:57.470924,Tokyo-1ae0,26,72,Normal
2026-02-09 22:31:58.470924,Tokyo-1ae0,3,40,Normal
2026-02-09 22:31:59.470924,Tokyo-1ae0,40,60,Normal
2026-02-09 22:32:00.470924,Tokyo-1ae0,-8,79,Normal
2026-02-09 22:32:01.470924,Tokyo-1ae0,9,6,Normal
2026-02-09 22:32:02.470924,Tokyo-1ae0,22,42,Normal
2026-02-09 22:32:03.470924,Tokyo-1ae0,2,10,Normal
2026-02-09 22:32:04.470924,Tokyo-1ae0,-6,28,Normal
2026-02-09 22:32:05.470924,Tokyo-1ae0,-26,70,Normal
2026-02-09 22:32:06.470924,Tokyo-1ae0,33,0,Normal
2026-02-09 22:32:07.470924,Tokyo-1ae0,-11,88,Normal
2026-02-09 22:32:08.470924,Tokyo-1ae0,42,51,Normal
2026-02-09 22:32:09.470924,Tokyo-1ae0,-10,72,Normal
2026-02-09 22:32:10.470924,Tokyo-1ae0,19,62,Normal
2026-02-09 22:32:11.470924,Tokyo-1ae0,4,95,Normal
2026-02-09 22:32:12.470924,Tokyo-1ae0,7,26,Normal
2026-02-09 22:32:13.470924,Tokyo-1ae0,36,42,Normal
2026-02-09 22:32:14.470924,Tokyo-1ae0,-8,95,Normal
2026-02-09 22:32:15.470924,Tokyo-1ae0,-29,25,Normal
2026-02-09 22:32:16.470924,Tokyo-1ae0,-7,14,Normal
2026-02-09 22:32:17.470924,Tokyo-1ae0,-1,43,Normal
2026-02-09 22:32:18.470924,Tokyo-1ae0,-10,11,Normal
2026-02-09 22:32:19.470924,Tokyo-1ae0,-29,86,Normal
2026-02-09 22:32:20.470924,Tokyo-1ae0,30,64,Normal
2026-02-09 22:32:21.470924,Tokyo-1ae0,3,45,Normal
2026-02-09 22:32:22.470924,Tokyo-1ae0,48,30,Normal
2026-02-09 22:32:23.470924,Tokyo-1ae0,19,43,Normal
2026-02-09 22:32:24.470924,Tokyo-1ae0,-29,2,Normal
2026-02-09 22:32:25.470924,Tokyo-1ae0,-27,48,Normal
2026-02-09 22:32:26.470924,Tokyo-1ae0,1,29,Normal
2026-02-09 22:32:27.470924,Tokyo-1ae0,-4,8,Normal
2026-02-09 22:32:28.470924,Tokyo-1ae0,12,17,Normal
2026-02-09 22:32:29.470924,Tokyo-1ae0,43,58,Normal
2026-02-09 22:32:30.470924,Tokyo-1ae0,-23,12,Normal
2026-02-09 22:32:31.470924,Tokyo-1ae0,44,8,Normal
2026-02-09 22:32:32.470924,Tokyo-1ae0,40,23,Normal
2026-02-09 22:32:33.470924,Tokyo-1ae0,20,71,Normal
2026-02-09 22:32:34.470924,Tokyo-1ae0,43,81,Normal
2026-02-09 22:32:35.470924,Tokyo-1ae0,31,74,Normal
2026-02-09 22:32:36.470924,Tokyo-1ae0,-4,27,Normal
2026-02-09 22:32:37.470924,Tokyo-1ae0,3,9,Normal
2026-02-09 22:32:38.470924,Tokyo-1ae0,-15,39,Normal
2026-02-09 22:32:39.470924,Tokyo-1ae0,-2,96,Normal
2026-02-09 22:32:40.470924,Tokyo-1ae0,41,44,Normal
2026-02-09 22:32:41.470924,Tokyo-1ae0,49,59,Normal
2026-02-09 22:32:42.470924,Tokyo-1ae0,49,67,Normal
2026-02-09 22:32:43.470924,Tokyo-1ae0,16,82,Normal
2026-02-09 22:32:44.470924,Tokyo-1ae0,23,77,Normal
2026-02-09 22:32:45.470924,Tokyo-1ae0,10,78,Normal
2026-02-09 22:32:46.470924,Tokyo-1ae0,12,38,Normal
2026-02-09 22:32:47.470924,Tokyo-1ae0,24,95,Normal
2026-02-09 22:32:48.470924,Tokyo-1ae0,16,24,Normal
2026-02-09 22:32:49.470924,Tokyo-1ae0,-13,82,Normal
2026-02-09 22:32:50.470924,Tokyo-1ae0,44,10,Normal
2026-02-09 22:32:51.470924,Tokyo-1ae0,12,33,Normal
2026-02-09 22:32:52.470924,Tokyo-1ae0,34,7,Normal
2026-02-09 22:32:53.470924,Tokyo-1ae0,-27,79,Normal
2026-02-09 22:32:54.470924,Tokyo-1ae0,-23,81,Normal
2026-02-09 22:32:55.470924,Tokyo-1ae0,34,97,Normal
2026-02-09 22:32:56.470924,Tokyo-1ae0,49,13,Normal
2026-02-09 22:32:57.470924,Tokyo-1ae0,20,53,Normal
2026-02-09 22:32:58.470924,Tokyo-1ae0,-20,23,Normal
2026-02-09 22:32:59.470924,Tokyo-1ae0,-24,77,Normal
2026-02-09 22:33:00.470924,Tokyo-1ae0,20,97,Normal
2026-02-09 22:33:01.470924,Tokyo-1ae0,4,74,Normal
2026-02-09 22:33:02.470924,Tokyo-1ae0,32,60,Normal
2026-02-09 22:33:03.470924,Tokyo-1ae0,26,93,Normal
2026-02-09 22:33:04.470924,Tokyo-1ae0,-13,85,Normal
2026-02-09 22:33:05.470924,Tokyo-1ae0,40,75,Normal
2026-02-09 22:33:06.470924,Tokyo-1ae0,-20,13,Normal
2026-02-09 22:33:07.470924,Tokyo-1ae0,10,3,Normal
2026-02-09 22:33:08.470924,Tokyo-1ae0,8,69,Normal
2026-02-09 22:33:09.470924,Tokyo-1ae0,-2,96,Normal
2026-02-09 22:33:10.470924,Tokyo-1ae0,-17,97,Normal
2026-02-09 22:33:11.470924,Tokyo-1ae0,-15,51,Normal
2026-02-09 22:33:12.470924,Tokyo-1ae0,-21,15,Normal
2026-02-09 22:33:13.470924,Tokyo-1ae0,18,11,Normal
2026-02-09 22:33:14.470924,Tokyo-1ae0,38,84,Normal
2026-02-09 22:33:15.470924,Tokyo-1ae0,-16,73,Normal
2026-02-09 22:33:16.470924,Tokyo-1ae0,35,14,Normal
2026-02-09 22:33:17.470924,Tokyo-1ae0,-18,29,Normal
2026-02-09 22:33:18.470924,Tokyo-1ae0,27,5,Normal
2026-02-09 22:33:19.470924,Tokyo-1ae0,43,12,Normal
2026-02-09 22:33:20.470924,Tokyo-1ae0,31,43,Normal
2026-02-09 22:33:21.470924,Tokyo-1ae0,-5,54,Normal
2026-02-09 22:33:22.470924,Tokyo-1ae0,5,13,Normal
2026-02-09 22:33:23.470924,Tokyo-1ae0,-16,88,Normal
2026-02-09 22:33:24.470924,Tokyo-1ae0,38,48,Normal
2026-02-09 22:33:25.470924,Tokyo-1ae0,31,77,Normal
2026-02-09 22:33:26.470924,Tokyo-1ae0,26,9,Normal
2026-02-09 22:33:27.470924,Tokyo-1ae0,-22,72,Normal
2026-02-09 22:33:28.470924,Tokyo-1ae0,26,10,Normal
2026-02-09 22:33:29.470924,Tokyo-1ae0,43,65,Normal
2026-02-09 22:33:30.470924,Tokyo-1ae0,44,17,Normal
2026-02-09 22:33:31.470924,Tokyo-1ae0,42,22,Normal
2026-02-09 22:33:32.470924,Tokyo-1ae0,-9,81,Normal
2026-02-09 22:33:33.470924,Tokyo-1ae0,2,71,Normal
2026-02-09 22:33:34.470924,Tokyo-1ae0,49,42,Normal
2026-02-09 22:33:35.470924,Tokyo-1ae0,44,35,Normal
2026-02-09 22:33:36.470924,Tokyo-1ae0,3,28,Normal
2026-02-09 22:33:37.470924,Tokyo-1ae0,-23,50,Normal
2026-02-09 22:33:38.470924,Tokyo-1ae0,6,19,Normal
2026-02-09 22:33:39.470924,Tokyo-1ae0,-8,12,Normal
2026-02-09 22:33:40.470924,Tokyo-1ae0,-8,40,Normal
2026-02-09 22:33:41.470924,Tokyo-1ae0,-25,60,Normal
2026-02-09 22:33:42.470924,Tokyo-1ae0,-22,9,Normal
2026-02-09 22:33:43.470924,Tokyo-1ae0,-9,2,Normal
2026-02-09 22:33:44.470924,Tokyo-1ae0,18,82,Normal
2026-02-09 22:33:45.470924,Tokyo-1ae0,43,27,Normal
2026-02-09 22:33:46.470924,Tokyo-1ae0,-27,98,Normal
2026-02-09 22:33:47.470924,Tokyo-1ae0,26,15,Normal
2026-02-09 22:33:48.470924,Tokyo-1ae0,11,71,Normal
2026-02-09 22:33:49.470924,Tokyo-1ae0,47,10,Normal
2026-02-09 22:33:50.470924,Tokyo-1ae0,3,26,Normal
2026-02-09 22:33:51.470924,Tokyo-1ae0,-7,4,Normal
2026-02-09 22:33:52.470924,Tokyo-1ae0,25,48,Normal
2026-02-09 22:33:53.470924,Tokyo-1ae0,-8,15,Normal
2026-02-09 22:33:54.470924,Tokyo-1ae0,-21,96,Normal
2026-02-09 22:33:55.470924,Tokyo-1ae0,8,42,Normal
2026-02-09 22:33:56.470924,Tokyo-1ae0,-29,11,Normal
2026-02-09 22:33:57.470924,Tokyo-1ae0,31,66,Normal
2026-02-09 22:33:58.470924,Tokyo-1ae0,-14,78,Normal
2026-02-09 22:33:59.470924,Tokyo-1ae0,40,78,Normal
2026-02-09 22:34:00.470924,Tokyo-1ae0,48,22,Normal
2026-02-09 22:34:01.470924,Tokyo-1ae0,10,100,Normal
2026-02-09 22:34:02.470924,Tokyo-1ae0,40,95,Normal
2026-02-09 22:34:03.470924,Tokyo-1ae0,3,10,Normal
2026-02-09 22:34:04.470924,Tokyo-1ae0,31,68,Normal
2026-02-09 22:34:05.470924,Tokyo-1ae0,-8,4,Normal
2026-02-09 22:34:06.470924,Tokyo-1ae0,39,45,Normal
2026-02-09 22:34:07.470924,Tokyo-1ae0,-11,99,Normal
2026-02-09 22:34:08.470924,Tokyo-1ae0,11,57,Normal
2026-02-09 22:34:09.470924,Tokyo-1ae0,44,79,Normal
2026-02-09 22:34:10.470924,Tokyo-1ae0,12,28,Normal
2026-02-09 22:34:11.470924,Tokyo-1ae0,14,75,Normal
2026-02-09 22:34:12.470924,Tokyo-1ae0,36,43,Normal
2026-02-09 22:34:13.470924,Tokyo-1ae0,29,30,Normal
2026-02-09 22:34:14.470924,Tokyo-1ae0,-19,62,Normal
2026-02-09 22:34:15.470924,Tokyo-1ae0,34,75,Normal
2026-02-09 22:34:16.470924,Tokyo-1ae0,6,58,Normal
2026-02-09 22:34:17.470924,Tokyo-1ae0,-17,93,Normal
2026-02-09 22:34:18.470924,Tokyo-1ae0,38,13,Normal
2026-02-09 22:34:19.470924,Tokyo-1ae0,4,56,Normal
2026-02-09 22:34:20.470924,Tokyo-1ae0,5,20,Normal
2026-02-09 22:34:21.470924,Tokyo-1ae0,-21,65,Normal
2026-02-09 22:34:22.470924,Tokyo-1ae0,6,29,Normal
2026-02-09 22:34:23.470924,Tokyo-1ae0,35,24,Normal
2026-02-09 22:34:24.470924,Tokyo-1ae0,16,64,Normal
2026-02-09 22:34:25.470924,Tokyo-1ae0,33,41,Normal
2026-02-09 22:34:26.470924,Tokyo-1ae0,-5,97,Normal
2026-02-09 22:34:27.470924,Tokyo-1ae0,50,8,Normal
2026-02-09 22:34:28.470924,Tokyo-1ae0,14,84,Normal
2026-02-09 22:34:29.470924,Tokyo-1ae0,37,51,Normal
2026-02-09 22:34:30.470924,Tokyo-1ae0,13,97,Normal
2026-02-09 22:34:31.470924,Tokyo-1ae0,41,85,Normal
2026-02-09 22:34:32.470924,Tokyo-1ae0,-2,68,Normal
2026-02-09 22:34:33.470924,Tokyo-1ae0,-1,54,Normal
2026-02-09 22:34:34.470924,Tokyo-1ae0,46,91,Normal
2026-02-09 22:34:35.470924,Tokyo-1ae0,15,5,Normal
2026-02-09 22:34:36.470924,Tokyo-1ae0,-24,73,Normal
2026-02-09 22:34:37.470924,Tokyo-1ae0,22,21,Normal
2026-02-09 22:34:38.470924,Tokyo-1ae0,38,75,Normal
2026-02-09 22:34:39.470924,Tokyo-1ae0,48,63,Normal
2026-02-09 22:34:40.470924,Tokyo-1ae0,45,56,Normal
2026-02-09 22:34:41.470924,Tokyo-1ae0,-14,87,Normal
2026-02-09 22:34:42.470924,Tokyo-1ae0,29,9,Normal
2026-02-09 22:34:43.470924,Tokyo-1ae0,19,62,Normal
2026-02-09 22:34:44.470924,Tokyo-1ae0,18,99,Normal
2026-02-09 22:34:45.470924,Tokyo-1ae0,31,94,Normal
2026-02-09 22:34:46.470924,Tokyo-1ae0,18,20,Normal
2026-02-09 22:34:47.470924,Tokyo-1ae0,-30,66,Normal
2026-02-09 22:34:48.470924,Tokyo-1ae0,-17,68,Normal
2026-02-09 22:34:49.470924,Tokyo-1ae0,-4,97,Normal
2026-02-09 22:34:50.470924,Tokyo-1ae0,14,25,Normal
2026-02-09 22:34:51.470924,Tokyo-1ae0,13,29,Normal
2026-02-09 22:34:52.470924,Tokyo-1ae0,-8,99,Normal
2026-02-09 22:34:53.470924,Tokyo-1ae0,16,18,Normal
2026-02-09 22:34:54.470924,Tokyo-1ae0,43,54,Normal
2026-02-09 22:34:55.470924,Tokyo-1ae0,33,22,Normal
2026-02-09 22:34:56.470924,Tokyo-1ae0,-20,36,Normal
2026-02-09 22:34:57.470924,Tokyo-1ae0,-20,20,Normal
2026-02-09 22:34:58.470924,Tokyo-1ae0,1,66,Normal
2026-02-09 22:34:59.470924,Tokyo-1ae0,20,1,Normal
2026-02-09 22:35:00.470924,Tokyo-1ae0,-3,24,Normal
2026-02-09 22:35:01.470924,Tokyo-1ae0,7,18,Normal
2026-02-09 22:35:02.470924,Tokyo-1ae0,7,66,Normal
2026-02-09 22:35:03.470924,Tokyo-1ae0,16,58,Normal
2026-02-09 22:35:04.470924,Tokyo-1ae0,17,79,Normal
2026-02-09 22:35:05.470924,Tokyo-1ae0,13,90,Normal
2026-02-09 22:35:06.470924,Tokyo-1ae0,24,65,Normal
2026-02-09 22:35:07.470924,Tokyo-1ae0,42,8,Normal
2026-02-09 22:35:08.470924,Tokyo-1ae0,6,25,Normal
2026-02-09 22:35:09.470924,Tokyo-1ae0,17,1,Normal
2026-02-09 22:35:10.470924,Tokyo-1ae0,41,4,Normal
2026-02-09 22:35:11.470924,Tokyo-1ae0,-19,35,Normal
2026-02-09 22:35:12.470924,Tokyo-1ae0,-6,48,Normal
2026-02-09 22:35:13.470924,Tokyo-1ae0,-25,83,Normal
2026-02-09 22:35:14.470924,Tokyo-1ae0,-25,16,Normal
2026-02-09 22:35:15.470924,Tokyo-1ae0,-26,38,Normal
2026-02-09 22:35:16.470924,Tokyo-1ae0,-23,45,Normal
2026-02-09 22:35:17.470924,Tokyo-1ae0,3,47,Normal
2026-02-09 22:35:18.470924,Tokyo-1ae0,-8,84,Normal
2026-02-09 22:35:19.470924,Tokyo-1ae0,14,82,Normal
2026-02-09 22:35:20.470924,Tokyo-1ae0,2,99,Normal
2026-02-09 22:35:21.470924,Tokyo-1ae0,-22,18,Normal
2026-02-09 22:35:22.470924,Tokyo-1ae0,45,68,Normal
2026-02-09 22:35:23.470924,Tokyo-1ae0,0,40,Normal
2026-02-09 22:35:24.470924,Tokyo-1ae0,45,9,Normal
2026-02-09 22:35:25.470924,Tokyo-1ae0,22,65,Normal
2026-02-09 22:35:26.470924,Tokyo-1ae0,-11,31,Normal
2026-02-09 22:35:27.470924,Tokyo-1ae0,33,70,Normal
2026-02-09 22:35:28.470924,Tokyo-1ae0,-29,74,Normal
2026-02-09 22:35:29.470924,Tokyo-1ae0,24,100,Normal
2026-02-09 22:35:30.470924,Tokyo-1ae0,36,14,Normal
2026-02-09 22:35:31.470924,Tokyo-1ae0,2,57,Normal
2026-02-09 22:35:32.470924,Tokyo-1ae0,-6,84,Normal
2026-02-09 22:35:33.470924,Tokyo-1ae0,-30,47,Normal
2026-02-09 22:35:34.470924,Tokyo-1ae0,22,57,Normal
2026-02-09 22:35:35.470924,Tokyo-1ae0,0,79,Normal
2026-02-09 22:35:36.470924,Tokyo-1ae0,30,77,Normal
2026-02-09 22:35:37.470924,Tokyo-1ae0,12,24,Normal
2026-02-09 22:35:38.470924,Tokyo-1ae0,7,49,Normal
2026-02-09 22:35:39.470924,Tokyo-1ae0,36,2,Normal
2026-02-09 22:35:40.470924,Tokyo-1ae0,23,17,Normal
2026-02-09 22:35:41.470924,Tokyo-1ae0,27,69,Normal
2026-02-09 22:35:42.470924,Tokyo-1ae0,22,87,Normal
2026-02-09 22:35:43.470924,Tokyo-1ae0,3,78,Normal
2026-02-09 22:35:44.470924,Tokyo-1ae0,4,37,Normal
2026-02-09 22:35:45.470924,Tokyo-1ae0,41,80,Normal
2026-02-09 22:35:46.470924,Tokyo-1ae0,32,57,Normal
2026-02-09 22:35:47.470924,Tokyo-1ae0,-17,73,Normal
2026-02-09 22:35:48.470924,Tokyo-1ae0,-16,13,Normal
2026-02-09 22:35:49.470924,Tokyo-1ae0,11,67,Normal
2026-02-09 22:35:50.470924,Tokyo-1ae0,5,60,Normal
2026-02-09 22:35:51.470924,Tokyo-1ae0,6,43,Normal
2026-02-09 22:35:52.470924,Tokyo-1ae0,-18,56,Normal
2026-02-09 22:35:53.470924,Tokyo-1ae0,-15,82,Normal
2026-02-09 22:35:54.470924,Tokyo-1ae0,27,40,Normal
2026-02-09 22:35:55.470924,Tokyo-1ae0,-16,14,Normal
2026-02-09 22:35:56.470924,Tokyo-1ae0,23,42,Normal
2026-02-09 22:35:57.470924,Tokyo-1ae0,44,78,Normal
2026-02-09 22:35:58.470924,Tokyo-1ae0,40,25,Normal
2026-02-09 22:35:59.470924,Tokyo-1ae0,41,83,Normal
2026-02-09 22:36:00.470924,Tokyo-1ae0,-28,51,Normal
2026-02-09 22:36:01.470924,Tokyo-1ae0,14,25,Normal
2026-02-09 22:36:02.470924,Tokyo-1ae0,2,91,Normal
2026-02-09 22:36:03.470924,Tokyo-1ae0,-23,75,Normal
2026-02-09 22:36:04.470924,Tokyo-1ae0,13,0,Normal
2026-02-09 22:36:05.470924,Tokyo-1ae0,-1,98,Normal
2026-02-09 22:36:06.470924,Tokyo-1ae0,10,79,Normal
2026-02-09 22:36:07.470924,Tokyo-1ae0,-10,47,Normal
2026-02-09 22:36:08.470924,Tokyo-1ae0,0,84,Normal
2026-02-09 22:36:09.470924,Tokyo-1ae0,37,40,Normal
2026-02-09 22:36:10.470924,Tokyo-1ae0,-17,32,Normal
2026-02-09 22:36:11.470924,Tokyo-1ae0,6,64,Normal
2026-02-09 22:36:12.470924,Tokyo-1ae0,-30,33,Normal
2026-02-09 22:36:13.470924,Tokyo-1ae0,5,67,Normal
2026-02-09 22:36:14.470924,Tokyo-1ae0,23,28,Normal
2026-02-09 22:36:15.470924,Tokyo-1ae0,46,4,Normal
2026-02-09 22:36:16.470924,Tokyo-1ae0,49,44,Normal
2026-02-09 22:36:17.470924,Tokyo-1ae0,38,97,Normal
2026-02-09 22:36:18.470924,Tokyo-1ae0,-3,47,Normal
2026-02-09 22:36:19.470924,Tokyo-1ae0,50,62,Normal
2026-02-09 22:36:20.470924,Tokyo-1ae0,3,44,Normal
2026-02-09 22:36:21.470924,Tokyo-1ae0,28,49,Normal
2026-02-09 22:36:22.470924,Tokyo-1ae0,-28,0,Normal
2026-02-09 22:36:23.470924,Tokyo-1ae0,29,49,Normal
2026-02-09 22:36:24.470924,Tokyo-1ae0,3,75,Normal
2026-02-09 22:36:25.470924,Tokyo-1ae0,26,75,Normal
2026-02-09 22:36:26.470924,Tokyo-1ae0,18,11,Normal
2026-02-09 22:36:27.470924,Tokyo-1ae0,2,78,Normal
2026-02-09 22:36:28.470924,Tokyo-1ae0,-11,58,Normal
2026-02-09 22:36:29.470924,Tokyo-1ae0,-7,74,Normal
2026-02-09 22:36:30.470924,Tokyo-1ae0,0,97,Normal
2026-02-09 22:36:31.470924,Tokyo-1ae0,36,78,Normal
2026-02-09 22:36:32.470924,Tokyo-1ae0,43,8,Normal
2026-02-09 22:36:33.470924,Tokyo-1ae0,31,50,Normal
2026-02-09 22:36:34.470924,Tokyo-1ae0,-27,43,Normal
2026-02-09 22:36:35.470924,Tokyo-1ae0,-5,55,Normal
2026-02-09 22:36:36.470924,Tokyo-1ae0,-17,22,Normal
2026-02-09 22:36:37.470924,Tokyo-1ae0,29,63,Normal
2026-02-09 22:36:38.470924,Tokyo-1ae0,41,46,Normal
2026-02-09 22:36:39.470924,Tokyo-1ae0,7,81,Normal
2026-02-09 22:36:40.470924,Tokyo-1ae0,7,26,Normal
2026-02-09 22:36:41.470924,Tokyo-1ae0,3,80,Normal
2026-02-09 22:36:42.470924,Tokyo-1ae0,-24,25,Normal
2026-02-09 22:36:43.470924,Tokyo-1ae0,35,42,Normal
2026-02-09 22:36:44.470924,Tokyo-1ae0,-4,31,Normal
2026-02-09 22:36:45.470924,Tokyo-1ae0,7,52,Normal
2026-02-09 22:36:46.470924,Tokyo-1ae0,-26,41,Normal
2026-02-09 22:36:47.470924,Tokyo-1ae0,20,26,Normal
2026-02-09 22:36:48.470924,Tokyo-1ae0,22,83,Normal
2026-02-09 22:36:49.470924,Tokyo-1ae0,-21,90,Normal
2026-02-09 22:36:50.470924,Tokyo-1ae0,-9,30,Normal
2026-02-09 22:36:51.470924,Tokyo-1ae0,-8,27,Normal
2026-02-09 22:36:52.470924,Tokyo-1ae0,44,85,Normal
2026-02-09 22:36:53.470924,Tokyo-1ae0,38,100,Normal
2026-02-09 22:36:54.470924,Tokyo-1ae0,11,65,Normal
2026-02-09 22:36:55.470924,Tokyo-1ae0,20,15,Normal
2026-02-09 22:36:56.470924,Tokyo-1ae0,30,33,Normal
2026-02-09 22:36:57.470924,Tokyo-1ae0,20,67,Normal
2026-02-09 22:36:58.470924,Tokyo-1ae0,7,59,Normal
2026-02-09 22:36:59.470924,Tokyo-1ae0,-8,44,Normal
2026-02-09 22:37:00.470924,Tokyo-1ae0,-2,57,Normal
2026-02-09 22:37:01.470924,Tokyo-1ae0,42,3,Normal
2026-02-09 22:37:02.470924,Tokyo-1ae0,27,65,Normal
2026-02-09 22:37:03.470924,Tokyo-1ae0,-8,0,Normal
2026-02-09 22:37:04.470924,Tokyo-1ae0,31,67,Normal
2026-02-09 22:37:05.470924,Tokyo-1ae0,-16,3,Normal
2026-02-09 22:37:06.470924,Tokyo-1ae0,-24,64,Normal
2026-02-09 22:37:07.470924,Tokyo-1ae0,-20,15,Normal
2026-02-09 22:37:08.470924,Tokyo-1ae0,31,18,Normal
2026-02-09 22:37:09.470924,Tokyo-1ae0,27,68,Normal
2026-02-09 22:37:10.470924,Tokyo-1ae0,17,83,Normal
2026-02-09 22:37:11.470924,Tokyo-1ae0,7,5,Normal
2026-02-09 22:37:12.470924,Tokyo-1ae0,8,79,Normal
2026-02-09 22:37:13.470924,Tokyo-1ae0,-17,21,Normal
2026-02-09 22:37:14.470924,Tokyo-1ae0,31,99,Normal
2026-02-09 22:37:15.470924,Tokyo-1ae0,24,94,Normal
2026-02-09 22:37:16.470924,Tokyo-1ae0,-14,89,Normal
2026-02-09 22:37:17.470924,Tokyo-1ae0,5,35,Normal
2026-02-09 22:37:18.470924,Tokyo-1ae0,6,31,Normal
2026-02-09 22:37:19.470924,Tokyo-1ae0,0,71,Normal
2026-02-09 22:37:20.470924,Tokyo-1ae0,-7,11,Normal
2026-02-09 22:37:21.470924,Tokyo-1ae0,-19,0,Normal
2026-02-09 22:37:22.470924,Tokyo-1ae0,-28,70,Normal
2026-02-09 22:37:23.470924,Tokyo-1ae0,27,51,Normal
2026-02-09 22:37:24.470924,Tokyo-1ae0,-3,95,Normal
2026-02-09 22:37:25.470924,Tokyo-1ae0,19,27,Normal
2026-02-09 22:37:26.470924,Tokyo-1ae0,-4,33,Normal
2026-02-09 22:37:27.470924,Tokyo-1ae0,-11,58,Normal
2026-02-09 22:37:28.470924,Tokyo-1ae0,-10,99,Normal
2026-02-09 22:37:29.470924,Tokyo-1ae0,27,3,Normal
2026-02-09 22:37:30.470924,Tokyo-1ae0,-28,53,Normal
2026-02-09 22:37:31.470924,Tokyo-1ae0,-20,46,Normal
2026-02-09 22:37:32.470924,Tokyo-1ae0,-3,7,Normal
2026-02-09 22:37:33.470924,Tokyo-1ae0,47,72,Normal
2026-02-09 22:37:34.470924,Tokyo-1ae0,-22,69,Normal
2026-02-09 22:37:35.470924,Tokyo-1ae0,-8,49,Normal
2026-02-09 22:37:36.470924,Tokyo-1ae0,15,15,Normal
2026-02-09 22:37:37.470924,Tokyo-1ae0,-5,45,Normal
2026-02-09 22:37:38.470924,Tokyo-1ae0,21,78,Normal
2026-02-09 22:37:39.470924,Tokyo-1ae0,2,15,Normal
2026-02-09 22:37:40.470924,Tokyo-1ae0,-8,55,Normal
2026-02-09 22:37:41.470924,Tokyo-1ae0,-16,9,Normal
2026-02-09 22:37:42.470924,Tokyo-1ae0,-22,15,Normal
2026-02-09 22:37:43.470924,Tokyo-1ae0,46,77,Normal
2026-02-09 22:37:44.470924,Tokyo-1ae0,-19,91,Normal
2026-02-09 22:37:45.470924,Tokyo-1ae0,-27,31,Normal
2026-02-09 22:37:46.470924,Tokyo-1ae0,17,69,Normal
2026-02-09 22:37:47.470924,Tokyo-1ae0,37,84,Normal
2026-02-09 22:37:48.470924,Tokyo-1ae0,11,0,Normal
2026-02-09 22:37:49.470924,Tokyo-1ae0,-1,5,Normal
2026-02-09 22:37:50.470924,Tokyo-1ae0,-9,75,Normal
2026-02-09 22:37:51.470924,Tokyo-1ae0,-26,83,Normal
2026-02-09 22:37:52.470924,Tokyo-1ae0,-17,60,Normal
2026-02-09 22:37:53.470924,Tokyo-1ae0,31,32,Normal
2026-02-09 22:37:54.470924,Tokyo-1ae0,-16,28,Normal
2026-02-09 22:37:55.470924,Tokyo-1ae0,20,92,Normal
2026-02-09 22:37:56.470924,Tokyo-1ae0,-29,70,Normal
2026-02-09 22:37:57.470924,Tokyo-1ae0,-19,17,Normal
2026-02-09 22:37:58.470924,Tokyo-1ae0,-10,65,Normal
2026-02-09 22:37:59.470924,Tokyo-1ae0,7,99,Normal
2026-02-09 22:38:00.470924,Tokyo-1ae0,41,100,Normal
2026-02-09 22:38:01.470924,Tokyo-1ae0,23,77,Normal
2026-02-09 22:38:02.470924,Tokyo-1ae0,-21,27,Normal
2026-02-09 22:38:03.470924,Tokyo-1ae0,-3,53,Normal
2026-02-09 22:38:04.470924,Tokyo-1ae0,42,34,Normal
2026-02-09 22:38:05.470924,Tokyo-1ae0,-12,11,Normal
2026-02-09 22:38:06.470924,Tokyo-1ae0,44,4,Normal
2026-02-09 22:38:07.470924,Tokyo-1ae0,7,16,Normal
2026-02-09 22:38:08.470924,Tokyo-1ae0,22,90,Normal
2026-02-09 22:38:09.470924,Tokyo-1ae0,-20,61,Normal
2026-02-09 22:38:10.470924,Tokyo-1ae0,-27,52,Normal
2026-02-09 22:38:11.470924,Tokyo-1ae0,49,15,Normal
2026-02-09 22:38:12.470924,Tokyo-1ae0,35,64,Normal
2026-02-09 22:38:13.470924,Tokyo-1ae0,26,25,Normal
2026-02-09 22:38:14.470924,Tokyo-1ae0,-19,16,Normal
2026-02-09 22:38:15.470924,Tokyo-1ae0,32,36,Normal
2026-02-09 22:38:16.470924,Tokyo-1ae0,21,62,Normal
2026-02-09 22:38:17.470924,Tokyo-1ae0,8,37,Normal
2026-02-09 22:38:18.470924,Tokyo-1ae0,19,64,Normal
2026-02-09 22:38:19.470924,Tokyo-1ae0,4,41,Normal
2026-02-09 22:38:20.470924,Tokyo-1ae0,-20,91,Normal
2026-02-09 22:38:21.470924,Tokyo-1ae0,41,97,Normal
2026-02-09 22:38:22.470924,Tokyo-1ae0,-25,49,Normal
2026-02-09 22:38:23.470924,Tokyo-1ae0,9,34,Normal
2026-02-09 22:38:24.470924,Tokyo-1ae0,-24,26,Normal
2026-02-09 22:38:25.470924,Tokyo-1ae0,37,85,Normal
2026-02-09 22:38:26.470924,Tokyo-1ae0,34,78,Normal
2026-02-09 22:38:27.470924,Tokyo-1ae0,-6,3,Normal
2026-02-09 22:38:28.470924,Tokyo-1ae0,46,4,Normal
2026-02-09 22:38:29.470924,Tokyo-1ae0,6,82,Normal
2026-02-09 22:38:30.470924,Tokyo-1ae0,-30,31,Normal
2026-02-09 22:38:31.470924,Tokyo-1ae0,45,53,Normal
2026-02-09 22:38:32.470924,Tokyo-1ae0,50,4,Normal
2026-02-09 22:38:33.470924,Tokyo-1ae0,-3,10,Normal
2026-02-09 22:38:34.470924,Tokyo-1ae0,-10,79,Normal
2026-02-09 22:38:35.470924,Tokyo-1ae0,-5,49,Normal
2026-02-09 22:38:36.470924,Tokyo-1ae0,-8,17,Normal
2026-02-09 22:38:37.470924,Tokyo-1ae0,35,48,Normal
2026-02-09 22:38:38.470924,Tokyo-1ae0,43,81,Normal
2026-02-09 22:38:39.470924,Tokyo-1ae0,35,20,Normal
2026-02-09 22:38:40.470924,Tokyo-1ae0,-29,46,Normal
2026-02-09 22:38:41.470924,Tokyo-1ae0,16,35,Normal
2026-02-09 22:38:42.470924,Tokyo-1ae0,29,98,Normal
2026-02-09 22:38:43.470924,Tokyo-1ae0,-8,46,Normal
2026-02-09 22:38:44.470924,Tokyo-1ae0,38,46,Normal
2026-02-09 22:38:45.470924,Tokyo-1ae0,17,28,Normal
2026-02-09 22:38:46.470924,Tokyo-1ae0,19,19,Normal
2026-02-09 22:38:47.470924,Tokyo-1ae0,-22,50,Normal
2026-02-09 22:38:48.470924,Tokyo-1ae0,48,40,Normal
2026-02-09 22:38:49.470924,Tokyo-1ae0,24,3,Normal
2026-02-09 22:38:50.470924,Tokyo-1ae0,36,64,Normal
2026-02-09 22:38:51.470924,Tokyo-1ae0,5,87,Normal
2026-02-09 22:38:52.470924,Tokyo-1ae0,1,28,Normal
2026-02-09 22:38:53.470924,Tokyo-1ae0,-22,93,Normal
2026-02-09 22:38:54.470924,Tokyo-1ae0,-28,10,Normal
2026-02-09 22:38:55.470924,Tokyo-1ae0,-11,2,Normal
2026-02-09 22:38:56.470924,Tokyo-1ae0,-19,48,Normal
2026-02-09 22:38:57.470924,Tokyo-1ae0,-13,35,Normal
2026-02-09 22:38:58.470924,Tokyo-1ae0,-7,36,Normal
2026-02-09 22:38:59.470924,Tokyo-1ae0,-17,1,Normal
2026-02-09 22:39:00.470924,Tokyo-1ae0,47,47,Normal
2026-02-09 22:39:01.470924,Tokyo-1ae0,28,78,Normal
2026-02-09 22:39:02.470924,Tokyo-1ae0,20,0,Normal
2026-02-09 22:39:03.470924,Tokyo-1ae0,41,37,Normal
2026-02-09 22:39:04.470924,Tokyo-1ae0,30,77,Normal
2026-02-09 22:39:05.470924,Tokyo-1ae0,-25,59,Normal
2026-02-09 22:39:06.470924,Tokyo-1ae0,42,68,Normal
2026-02-09 22:39:07.470924,Tokyo-1ae0,-2,26,Normal
2026-02-09 22:39:08.470924,Tokyo-1ae0,-10,69,Normal
2026-02-09 22:39:09.470924,Tokyo-1ae0,25,18,Normal
2026-02-09 22:39:10.470924,Tokyo-1ae0,7,37,Normal
2026-02-09 22:39:11.470924,Tokyo-1ae0,21,98,Normal
2026-02-09 22:39:12.470924,Tokyo-1ae0,-3,56,Normal
2026-02-09 22:39:13.470924,Tokyo-1ae0,-21,76,Normal
2026-02-09 22:39:14.470924,Tokyo-1ae0,17,34,Normal
2026-02-09 22:39:15.470924,Tokyo-1ae0,-24,20,Normal
2026-02-09 22:39:16.470924,Tokyo-1ae0,17,8,Normal
2026-02-09 22:39:17.470924,Tokyo-1ae0,-29,64,Normal
2026-02-09 22:39:18.470924,Tokyo-1ae0,-24,100,Normal
2026-02-09 22:39:19.470924,Tokyo-1ae0,20,33,Normal
2026-02-09 22:39:20.470924,Tokyo-1ae0,-16,35,Normal
2026-02-09 22:39:21.470924,Tokyo-1ae0,5,9,Normal
2026-02-09 22:39:22.470924,Tokyo-1ae0,-27,77,Normal
2026-02-09 22:39:23.470924,Tokyo-1ae0,17,96,Normal
2026-02-09 22:39:24.470924,Tokyo-1ae0,-7,30,Normal
2026-02-09 22:39:25.470924,Tokyo-1ae0,12,37,Normal
2026-02-09 22:39:26.470924,Tokyo-1ae0,-3,48,Normal
2026-02-09 22:39:27.470924,Tokyo-1ae0,30,12,Normal
2026-02-09 22:39:28.470924,Tokyo-1ae0,13,56,Normal
2026-02-09 22:39:29.470924,Tokyo-1ae0,4,76,Normal
2026-02-09 22:39:30.470924,Tokyo-1ae0,7,20,Normal
2026-02-09 22:39:31.470924,Tokyo-1ae0,42,46,Normal
2026-02-09 22:39:32.470924,Tokyo-1ae0,-15,81,Normal
2026-02-09 22:39:33.470924,Tokyo-1ae0,9,56,Normal
2026-02-09 22:39:34.470924,Tokyo-1ae0,-23,44,Normal
2026-02-09 22:39:35.470924,Tokyo-1ae0,-5,27,Normal
2026-02-09 22:39:36.470924,Tokyo-1ae0,-6,71,Normal
2026-02-09 22:39:37.470924,Tokyo-1ae0,50,5,Normal
2026-02-09 22:39:38.470924,Tokyo-1ae0,-20,78,Normal
2026-02-09 22:39:39.470924,Tokyo-1ae0,19,37,Normal
2026-02-09 22:39:40.470924,Tokyo-1ae0,6,59,Normal
2026-02-09 22:39:41.470924,Tokyo-1ae0,36,97,Normal
2026-02-09 22:39:42.470924,Tokyo-1ae0,7,99,Normal
2026-02-09 22:39:43.470924,Tokyo-1ae0,3,65,Normal
2026-02-09 22:39:44.470924,Tokyo-1ae0,4,83,Normal
2026-02-09 22:39:45.470924,Tokyo-1ae0,-10,16,Normal
2026-02-09 22:39:46.470924,Tokyo-1ae0,6,84,Normal
2026-02-09 22:39:47.470924,Tokyo-1ae0,5,8,Normal
2026-02-09 22:39:48.470924,Tokyo-1ae0,-9,92,Normal
2026-02-09 22:39:49.470924,Tokyo-1ae0,-25,6,Normal
2026-02-09 22:39:50.470924,Tokyo-1ae0,46,46,Normal
2026-02-09 22:39:51.470924,Tokyo-1ae0,-7,55,Normal
2026-02-09 22:39:52.470924,Tokyo-1ae0,-23,43,Normal
2026-02-09 22:39:53.470924,Tokyo-1ae0,42,81,Normal
2026-02-09 22:39:54.470924,Tokyo-1ae0,34,83,Normal
2026-02-09 22:39:55.470924,Tokyo-1ae0,34,83,Normal
2026-02-09 22:39:56.470924,Tokyo-1ae0,38,40,Normal
2026-02-09 22:39:57.470924,Tokyo-1ae0,-18,78,Normal
2026-02-09 22:39:58.470924,Tokyo-1ae0,14,39,Normal
2026-02-09 22:39:59.470924,Tokyo-1ae0,-3,5,Normal
2026-02-09 22:40:00.470924,Tokyo-1ae0,-27,63,Normal
2026-02-09 22:40:01.470924,Tokyo-1ae0,-30,15,Normal
2026-02-09 22:40:02.470924,Tokyo-1ae0,41,11,Normal
2026-02-09 22:40:03.470924,Tokyo-1ae0,-28,53,Normal
2026-02-09 22:40:04.470924,Tokyo-1ae0,12,69,Normal
2026-02-09 22:40:05.470924,Tokyo-1ae0,49,76,Normal
2026-02-09 22:40:06.470924,Tokyo-1ae0,50,91,Normal
2026-02-09 22:40:07.470924,Tokyo-1ae0,30,22,Normal
2026-02-09 22:40:08.470924,Tokyo-1ae0,30,14,Normal
2026-02-09 22:40:09.470924,Tokyo-1ae0,-11,0,Normal
2026-02-09 22:40:10.470924,Tokyo-1ae0,4,16,Normal
2026-02-09 22:40:11.470924,Tokyo-1ae0,-6,8,Normal
2026-02-09 22:40:12.470924,Tokyo-1ae0,-12,28,Normal
2026-02-09 22:40:13.470924,Tokyo-1ae0,-16,27,Normal
2026-02-09 22:40:14.470924,Tokyo-1ae0,22,25,Normal
2026-02-09 22:40:15.470924,Tokyo-1ae0,11,100,Normal
2026-02-09 22:40:16.470924,Tokyo-1ae0,-14,65,Normal
2026-02-09 22:40:17.470924,Tokyo-1ae0,-14,25,Normal
2026-02-09 22:40:18.470924,Tokyo-1ae0,38,30,Normal
2026-02-09 22:40:19.470924,Tokyo-1ae0,16,7,Normal
2026-02-09 22:40:20.470924,Tokyo-1ae0,35,22,Normal
2026-02-09 22:40:21.470924,Tokyo-1ae0,12,47,Normal
2026-02-09 22:40:22.470924,Tokyo-1ae0,5,83,Normal
2026-02-09 22:40:23.470924,Tokyo-1ae0,39,33,Normal
2026-02-09 22:40:24.470924,Tokyo-1ae0,-15,53,Normal
2026-02-09 22:40:25.470924,Tokyo-1ae0,-3,17,Normal
2026-02-09 22:40:26.470924,Tokyo-1ae0,17,18,Normal
2026-02-09 22:40:27.470924,Tokyo-1ae0,-3,8,Normal
2026-02-09 22:40:28.470924,Tokyo-1ae0,-21,52,Normal
2026-02-09 22:40:29.470924,Tokyo-1ae0,21,46,Normal
2026-02-09 22:40:30.470924,Tokyo-1ae0,-7,77,Normal
2026-02-09 22:40:31.470924,Tokyo-1ae0,41,82,Normal
2026-02-09 22:40:32.470924,Tokyo-1ae0,26,31,Normal
2026-02-09 22:40:33.470924,Tokyo-1ae0,40,6,Normal
2026-02-09 22:40:34.470924,Tokyo-1ae0,34,50,Normal
2026-02-09 22:40:35.470924,Tokyo-1ae0,14,59,Normal
2026-02-09 22:40:36.470924,Tokyo-1ae0,13,38,Normal
2026-02-09 22:40:37.470924,Tokyo-1ae0,-17,60,Normal
2026-02-09 22:40:38.470924,Tokyo-1ae0,0,31,Normal
2026-02-09 22:40:39.470924,Tokyo-1ae0,-12,50,Normal
2026-02-09 22:40:40.470924,Tokyo-1ae0,6,52,Normal
2026-02-09 22:40:41.470924,Tokyo-1ae0,-16,93,Normal
2026-02-09 22:40:42.470924,Tokyo-1ae0,-21,96,Normal
2026-02-09 22:40:43.470924,Tokyo-1ae0,14,76,Normal
2026-02-09 22:40:44.470924,Tokyo-1ae0,-19,44,Normal
2026-02-09 22:40:45.470924,Tokyo-1ae0,23,21,Normal
2026-02-09 22:40:46.470924,Tokyo-1ae0,5,71,Normal
2026-02-09 22:40:47.470924,Tokyo-1ae0,31,14,Normal
2026-02-09 22:40:48.470924,Tokyo-1ae0,34,33,Normal
2026-02-09 22:40:49.470924,Tokyo-1ae0,-17,29,Normal
2026-02-09 22:40:50.470924,Tokyo-1ae0,-22,55,Normal
2026-02-09 22:40:51.470924,Tokyo-1ae0,-3,35,Normal
2026-02-09 22:40:52.470924,Tokyo-1ae0,-17,66,Normal
2026-02-09 22:40:53.470924,Tokyo-1ae0,-25,77,Normal
2026-02-09 22:40:54.470924,Tokyo-1ae0,41,44,Normal
2026-02-09 22:40:55.470924,Tokyo-1ae0,-15,80,Normal
2026-02-09 22:40:56.470924,Tokyo-1ae0,45,15,Normal
2026-02-09 22:40:57.470924,Tokyo-1ae0,31,2,Normal
2026-02-09 22:40:58.470924,Tokyo-1ae0,37,11,Normal
2026-02-09 22:40:59.470924,Tokyo-1ae0,12,2,Normal
2026-02-09 22:41:00.470924,Tokyo-1ae0,10,98,Normal
2026-02-09 22:41:01.470924,Tokyo-1ae0,26,20,Normal
2026-02-09 22:41:02.470924,Tokyo-1ae0,-4,47,Normal
2026-02-09 22:41:03.470924,Tokyo-1ae0,32,10,Normal
2026-02-09 22:41:04.470924,Tokyo-1ae0,2,32,Normal
2026-02-09 22:41:05.470924,Tokyo-1ae0,-23,22,Normal
2026-02-09 22:41:06.470924,Tokyo-1ae0,5,75,Normal
2026-02-09 22:41:07.470924,Tokyo-1ae0,22,62,Normal
2026-02-09 22:41:08.470924,Tokyo-1ae0,-25,86,Normal
2026-02-09 22:41:09.470924,Tokyo-1ae0,35,62,Normal
2026-02-09 22:41:10.470924,Tokyo-1ae0,32,54,Normal
2026-02-09 22:41:11.470924,Tokyo-1ae0,4,100,Normal
2026-02-09 22:41:12.470924,Tokyo-1ae0,9,64,Normal
2026-02-09 22:41:13.470924,Tokyo-1ae0,0,63,Normal
2026-02-09 22:41:14.470924,Tokyo-1ae0,-1,73,Normal
2026-02-09 22:41:15.470924,Tokyo-1ae0,-10,32,Normal
2026-02-09 22:41:16.470924,Tokyo-1ae0,-3,33,Normal
2026-02-09 22:41:17.470924,Tokyo-1ae0,21,27,Normal
2026-02-09 22:41:18.470924,Tokyo-1ae0,18,18,Normal
2026-02-09 22:41:19.470924,Tokyo-1ae0,7,28,Normal
2026-02-09 22:41:20.470924,Tokyo-1ae0,5,10,Normal
2026-02-09 22:41:21.470924,Tokyo-1ae0,-6,25,Normal
2026-02-09 22:41:22.470924,Tokyo-1ae0,47,44,Normal
2026-02-09 22:41:23.470924,Tokyo-1ae0,-1,7,Normal
2026-02-09 22:41:24.470924,Tokyo-1ae0,49,33,Normal
2026-02-09 22:41:25.470924,Tokyo-1ae0,22,4,Normal
2026-02-09 22:41:26.470924,Tokyo-1ae0,-3,14,Normal
2026-02-09 22:41:27.470924,Tokyo-1ae0,-30,65,Normal
2026-02-09 22:41:28.470924,Tokyo-1ae0,-27,56,Normal
2026-02-09 22:41:29.470924,Tokyo-1ae0,10,44,Normal
2026-02-09 22:41:30.470924,Tokyo-1ae0,-26,14,Normal
2026-02-09 22:41:31.470924,Tokyo-1ae0,50,84,Normal
2026-02-09 22:41:32.470924,Tokyo-1ae0,49,40,Normal
2026-02-09 22:41:33.470924,Tokyo-1ae0,-22,44,Normal
2026-02-09 22:41:34.470924,Tokyo-1ae0,4,97,Normal
2026-02-09 22:41:35.470924,Tokyo-1ae0,-24,34,Normal
2026-02-09 22:41:36.470924,Tokyo-1ae0,1,40,Normal
2026-02-09 22:41:37.470924,Tokyo-1ae0,47,13,Normal
2026-02-09 22:41:38.470924,Tokyo-1ae0,0,89,Normal
2026-02-09 22:41:39.470924,Tokyo-1ae0,13,80,Normal
2026-02-09 22:41:40.470924,Tokyo-1ae0,-22,79,Normal
2026-02-09 22:41:41.470924,Tokyo-1ae0,0,22,Normal
2026-02-09 22:41:42.470924,Tokyo-1ae0,-20,62,Normal
2026-02-09 22:41:43.470924,Tokyo-1ae0,20,6,Normal
2026-02-09 22:41:44.470924,Tokyo-1ae0,32,8,Normal
2026-02-09 22:41:45.470924,Tokyo-1ae0,39,100,Normal
2026-02-09 22:41:46.470924,Tokyo-1ae0,-20,9,Normal
2026-02-09 22:41:47.470924,Tokyo-1ae0,34,94,Normal
2026-02-09 22:41:48.470924,Tokyo-1ae0,-12,97,Normal
2026-02-09 22:41:49.470924,Tokyo-1ae0,24,17,Normal
2026-02-09 22:41:50.470924,Tokyo-1ae0,50,15,Normal
2026-02-09 22:41:51.470924,Tokyo-1ae0,-12,29,Normal
2026-02-09 22:41:52.470924,Tokyo-1ae0,12,93,Normal
2026-02-09 22:41:53.470924,Tokyo-1ae0,30,41,Normal
2026-02-09 22:41:54.470924,Tokyo-1ae0,-14,6,Normal
2026-02-09 22:41:55.470924,Tokyo-1ae0,-1,31,Normal
2026-02-09 22:41:56.470924,Tokyo-1ae0,50,31,Normal
2026-02-09 22:41:57.470924,Tokyo-1ae0,-10,89,Normal
2026-02-09 22:41:58.470924,Tokyo-1ae0,31,98,Normal
2026-02-09 22:41:59.470924,Tokyo-1ae0,-12,12,Normal
2026-02-09 22:42:00.470924,Tokyo-1ae0,6,41,Normal
2026-02-09 22:42:01.470924,Tokyo-1ae0,14,70,Normal
2026-02-09 22:42:02.470924,Tokyo-1ae0,-27,92,Normal
2026-02-09 22:42:03.470924,Tokyo-1ae0,-13,51,Normal
2026-02-09 22:42:04.470924,Tokyo-1ae0,33,49,Normal
2026-02-09 22:42:05.470924,Tokyo-1ae0,42,3,Normal
2026-02-09 22:42:06.470924,Tokyo-1ae0,-11,8,Normal
2026-02-09 22:42:07.470924,Tokyo-1ae0,-28,73,Normal
2026-02-09 22:42:08.470924,Tokyo-1ae0,25,30,Normal
2026-02-09 22:42:09.470924,Tokyo-1ae0,-20,43,Normal
2026-02-09 22:42:10.470924,Tokyo-1ae0,10,47,Normal
2026-02-09 22:42:11.470924,Tokyo-1ae0,4,22,Normal
2026-02-09 22:42:12.470924,Tokyo-1ae0,-22,91,Normal
2026-02-09 22:42:13.470924,Tokyo-1ae0,36,96,Normal
2026-02-09 22:42:14.470924,Tokyo-1ae0,-5,0,Normal
2026-02-09 22:42:15.470924,Tokyo-1ae0,48,92,Normal
2026-02-09 22:42:16.470924,Tokyo-1ae0,6,31,Normal
2026-02-09 22:42:17.470924,Tokyo-1ae0,-8,34,Normal
2026-02-09 22:42:18.470924,Tokyo-1ae0,21,32,Normal
2026-02-09 22:42:19.470924,Tokyo-1ae0,30,60,Normal
2026-02-09 22:42:20.470924,Tokyo-1ae0,-22,39,Normal
2026-02-09 22:42:21.470924,Tokyo-1ae0,-21,1,Normal
2026-02-09 22:42:22.470924,Tokyo-1ae0,36,75,Normal
2026-02-09 22:42:23.470924,Tokyo-1ae0,-8,7,Normal
2026-02-09 22:42:24.470924,Tokyo-1ae0,-2,18,Normal
2026-02-09 22:42:25.470924,Tokyo-1ae0,8,22,Normal
2026-02-09 22:42:26.470924,Tokyo-1ae0,35,31,Normal
2026-02-09 22:42:27.470924,Tokyo-1ae0,-23,6,Normal
2026-02-09 22:42:28.470924,Tokyo-1ae0,17,33,Normal
2026-02-09 22:42:29.470924,Tokyo-1ae0,45,58,Normal
2026-02-09 22:42:30.470924,Tokyo-1ae0,29,55,Normal
2026-02-09 22:42:31.470924,Tokyo-1ae0,29,6,Normal
2026-02-09 22:42:32.470924,Tokyo-1ae0,16,69,Normal
2026-02-09 22:42:33.470924,Tokyo-1ae0,-30,86,Normal
2026-02-09 22:42:34.470924,Tokyo-1ae0,25,96,Normal
2026-02-09 22:42:35.470924,Tokyo-1ae0,-9,86,Normal
2026-02-09 22:42:36.470924,Tokyo-1ae0,6,33,Normal
2026-02-09 22:42:37.470924,Tokyo-1ae0,-9,70,Normal
2026-02-09 22:42:38.470924,Tokyo-1ae0,-15,96,Normal
2026-02-09 22:42:39.470924,Tokyo-1ae0,22,22,Normal
2026-02-09 22:42:40.470924,Tokyo-1ae0,-7,25,Normal
2026-02-09 22:42:41.470924,Tokyo-1ae0,5,39,Normal
2026-02-09 22:42:42.470924,Tokyo-1ae0,4,66,Normal
2026-02-09 22:42:43.470924,Tokyo-1ae0,6,92,Normal
2026-02-09 22:42:44.470924,Tokyo-1ae0,49,57,Normal
2026-02-09 22:42:45.470924,Tokyo-1ae0,44,51,Normal
2026-02-09 22:42:46.470924,Tokyo-1ae0,50,74,Normal
2026-02-09 22:42:47.470924,Tokyo-1ae0,29,66,Normal
2026-02-09 22:42:48.470924,Tokyo-1ae0,-9,96,Normal
2026-02-09 22:42:49.470924,Tokyo-1ae0,-15,13,Normal
2026-02-09 22:42:50.470924,Tokyo-1ae0,-14,63,Normal
2026-02-09 22:42:51.470924,Tokyo-1ae0,-17,75,Normal
2026-02-09 22:42:52.470924,Tokyo-1ae0,18,58,Normal
2026-02-09 22:42:53.470924,Tokyo-1ae0,43,99,Normal
2026-02-09 22:42:54.470924,Tokyo-1ae0,1,6,Normal
