timestamp,station_id,temp,humid,condition
2026-02-14 19:49:52.120822,Seoul-5505,-16,64,Normal
2026-02-14 19:49:53.120822,Seoul-5505,44,6,Normal
2026-02-14 19:49:54.120822,Seoul-5505,-16,26,Normal
2026-02-14 19:49:55.120822,Seoul-5505,25,81,Normal
2026-02-14 19:49:56.120822,Seoul-5505,-6,98,Normal
2026-02-14 19:49:57.120822,Seoul-5505,-10,98,Normal
2026-02-14 19:49:58.120822,Seoul-5505,7,49,Normal
2026-02-14 19:49:59.120822,Seoul-5505,36,90,Normal
2026-02-14 19:50:00.120822,Seoul-5505,6,16,Normal
2026-02-14 19:50:01.120822,Seoul-5505,-13,19,Normal
2026-02-14 19:50:02.120822,Seoul-5505,30,44,Normal
2026-02-14 19:50:03.120822,Seoul-5505,27,6,Normal
2026-02-14 19:50:04.120822,Seoul-5505,8,70,Normal
2026-02-14 19:50:05.120822,Seoul-5505,20,90,Normal
2026-02-14 19:50:06.120822,Seoul-5505,7,79,Normal
2026-02-14 19:50:07.120822,Seoul-5505,-11,84,Normal
2026-02-14 19:50:08.120822,Seoul-5505,46,78,Normal
2026-02-14 19:50:09.120822,Seoul-5505,47,48,Normal
2026-02-14 19:50:10.120822,Seoul-5505,1,43,Normal
2026-02-14 19:50:11.120822,Seoul-5505,46,86,Normal
2026-02-14 19:50:12.120822,Seoul-5505,31,38,Normal
2026-02-14 19:50:13.120822,Seoul-5505,31,71,Normal
2026-02-14 19:50:14.120822,Seoul-5505,35,18,Normal
2026-02-14 19:50:15.120822,Seoul-5505,32,36,Normal
2026-02-14 19:50:16.120822,Seoul-5505,-20,79,Normal
2026-02-14 19:50:17.120822,Seoul-5505,-5,94,Normal
2026-02-14 19:50:18.120822,Seoul-5505,13,99,Normal
2026-02-14 19:50:19.120822,Seoul-5505,-22,76,Normal
2026-02-14 19:50:20.120822,Seoul-5505,39,66,Normal
2026-02-14 19:50:21.120822,Seoul-5505,-5,86,Normal
2026-02-14 19:50:22.120822,Seoul-5505,-11,77,Normal
2026-02-14 19:50:23.120822,Seoul-5505,-13,26,Normal
2026-02-14 19:50:24.120822,Seoul-5505,41,20,Normal
2026-02-14 19:50:25.120822,Seoul-5505,4,33,Normal
2026-02-14 19:50:26.120822,Seoul-5505,-7,6,Normal
2026-02-14 19:50:27.120822,Seoul-5505,-21,73,Normal
2026-02-14 19:50:28.120822,Seoul-5505,-9,48,Normal
2026-02-14 19:50:29.120822,Seoul-5505,47,67,Normal
2026-02-14 19:50:30.120822,Seoul-5505,-26,26,Normal
2026-02-14 19:50:31.120822,Seoul-5505,41,19,Normal
2026-02-14 19:50:32.120822,Seoul-5505,16,3,Normal
2026-02-14 19:50:33.120822,Seoul-5505,30,22,Normal
2026-02-14 19:50:34.120822,Seoul-5505,-22,79,Normal
2026-02-14 19:50:35.120822,Seoul-5505,19,71,Normal
2026-02-14 19:50:36.120822,Seoul-5505,48,69,Normal
2026-02-14 19:50:37.120822,Seoul-5505,-20,18,Normal
2026-02-14 19:50:38.120822,Seoul-5505,-26,87,Normal
2026-02-14 19:50:39.120822,Seoul-5505,35,10,Normal
2026-02-14 19:50:40.120822,Seoul-5505,14,16,Normal
2026-02-14 19:50:41.120822,Seoul-5505,30,25,Normal
2026-02-14 19:50:42.120822,Seoul-5505,-11,47,Normal
2026-02-14 19:50:43.120822,Seoul-5505,-13,84,Normal
2026-02-14 19:50:44.120822,Seoul-5505,4,22,Normal
2026-02-14 19:50:45.120822,Seoul-5505,13,27,Normal
2026-02-14 19:50:46.120822,Seoul-5505,38,12,Normal
2026-02-14 19:50:47.120822,Seoul-5505,-5,46,Normal
2026-02-14 19:50:48.120822,Seoul-5505,30,49,Normal
2026-02-14 19:50:49.120822,Seoul-5505,-14,96,Normal
2026-02-14 19:50:50.120822,Seoul-5505,40,64,Normal
2026-02-14 19:50:51.120822,Seoul-5505,12,9,Normal
2026-02-14 19:50:52.120822,Seoul-5505,38,48,Normal
2026-02-14 19:50:53.120822,Seoul-5505,29,89,Normal
2026-02-14 19:50:54.120822,Seoul-5505,7,79,Normal
2026-02-14 19:50:55.120822,Seoul-5505,11,7,Normal
2026-02-14 19:50:56.120822,Seoul-5505,43,91,Normal
2026-02-14 19:50:57.120822,Seoul-5505,30,19,Normal
2026-02-14 19:50:58.120822,Seoul-5505,-17,36,Normal
2026-02-14 19:50:59.120822,Seoul-5505,16,6,Normal
2026-02-14 19:51:00.120822,Seoul-5505,37,24,Normal
2026-02-14 19:51:01.120822,Seoul-5505,-24,60,Normal
2026-02-14 19:51:02.120822,Seoul-5505,-2,87,Normal
2026-02-14 19:51:03.120822,Seoul-5505,0,31,Normal
2026-02-14 19:51:04.120822,Seoul-5505,-18,19,Normal
2026-02-14 19:51:05.120822,Seoul-5505,37,75,Normal
2026-02-14 19:51:06.120822,Seoul-5505,19,19,Normal
2026-02-14 19:51:07.120822,Seoul-5505,-5,86,Normal
2026-02-14 19:51:08.120822,Seoul-5505,25,24,Normal
2026-02-14 19:51:09.120822,Seoul-5505,44,89,Normal
2026-02-14 19:51:10.120822,Seoul-5505,26,27,Normal
2026-02-14 19:51:11.120822,Seoul-5505,-6,31,Normal
2026-02-14 19:51:12.120822,Seoul-5505,-2,27,Normal
2026-02-14 19:51:13.120822,Seoul-5505,-30,33,Normal
2026-02-14 19:51:14.120822,Seoul-5505,40,75,Normal
2026-02-14 19:51:15.120822,Seoul-5505,29,51,Normal
2026-02-14 19:51:16.120822,Seoul-5505,43,58,Normal
2026-02-14 19:51:17.120822,Seoul-5505,21,68,Normal
2026-02-14 19:51:18.120822,Seoul-5505,43,84,Normal
2026-02-14 19:51:19.120822,Seoul-5505,7,78,Normal
2026-02-14 19:51:20.120822,Seoul-5505,-17,29,Normal
2026-02-14 19:51:21.120822,Seoul-5505,-14,89,Normal
2026-02-14 19:51:22.120822,Seoul-5505,-23,25,Normal
2026-02-14 19:51:23.120822,Seoul-5505,48,66,Normal
2026-02-14 19:51:24.120822,Seoul-5505,35,33,Normal
2026-02-14 19:51:25.120822,Seoul-5505,-4,100,Normal
2026-02-14 19:51:26.120822,Seoul-5505,17,54,Normal
2026-02-14 19:51:27.120822,Seoul-5505,2,92,Normal
2026-02-14 19:51:28.120822,Seoul-5505,38,5,Normal
2026-02-14 19:51:29.120822,Seoul-5505,22,22,Normal
2026-02-14 19:51:30.120822,Seoul-5505,-18,77,Normal
2026-02-14 19:51:31.120822,Seoul-5505,-24,71,Normal
2026-02-14 19:51:32.120822,Seoul-5505,30,14,Normal
2026-02-14 19:51:33.120822,Seoul-5505,-11,49,Normal
2026-02-14 19:51:34.120822,Seoul-5505,29,13,Normal
2026-02-14 19:51:35.120822,Seoul-5505,-28,90,Normal
2026-02-14 19:51:36.120822,Seoul-5505,48,12,Normal
2026-02-14 19:51:37.120822,Seoul-5505,-6,58,Normal
2026-02-14 19:51:38.120822,Seoul-5505,32,63,Normal
2026-02-14 19:51:39.120822,Seoul-5505,-29,74,Normal
2026-02-14 19:51:40.120822,Seoul-5505,41,64,Normal
2026-02-14 19:51:41.120822,Seoul-5505,12,50,Normal
2026-02-14 19:51:42.120822,Seoul-5505,-12,17,Normal
2026-02-14 19:51:43.120822,Seoul-5505,-9,28,Normal
2026-02-14 19:51:44.120822,Seoul-5505,-1,59,Normal
2026-02-14 19:51:45.120822,Seoul-5505,22,4,Normal
2026-02-14 19:51:46.120822,Seoul-5505,-21,4,Normal
2026-02-14 19:51:47.120822,Seoul-5505,-13,48,Normal
2026-02-14 19:51:48.120822,Seoul-5505,15,47,Normal
2026-02-14 19:51:49.120822,Seoul-5505,46,45,Normal
2026-02-14 19:51:50.120822,Seoul-5505,5,61,Normal
2026-02-14 19:51:51.120822,Seoul-5505,-3,24,Normal
2026-02-14 19:51:52.120822,Seoul-5505,5,92,Normal
2026-02-14 19:51:53.120822,Seoul-5505,20,72,Normal
2026-02-14 19:51:54.120822,Seoul-5505,29,5,Normal
2026-02-14 19:51:55.120822,Seoul-5505,-15,98,Normal
2026-02-14 19:51:56.120822,Seoul-5505,43,1,Normal
2026-02-14 19:51:57.120822,Seoul-5505,-21,72,Normal
2026-02-14 19:51:58.120822,Seoul-5505,45,64,Normal
2026-02-14 19:51:59.120822,Seoul-5505,3,57,Normal
2026-02-14 19:52:00.120822,Seoul-5505,-2,68,Normal
2026-02-14 19:52:01.120822,Seoul-5505,37,7,Normal
2026-02-14 19:52:02.120822,Seoul-5505,-6,83,Normal
2026-02-14 19:52:03.120822,Seoul-5505,-29,7,Normal
2026-02-14 19:52:04.120822,Seoul-5505,25,59,Normal
2026-02-14 19:52:05.120822,Seoul-5505,-28,95,Normal
2026-02-14 19:52:06.120822,Seoul-5505,9,64,Normal
2026-02-14 19:52:07.120822,Seoul-5505,39,77,Normal
2026-02-14 19:52:08.120822,Seoul-5505,-29,82,Normal
2026-02-14 19:52:09.120822,Seoul-5505,-7,56,Normal
2026-02-14 19:52:10.120822,Seoul-5505,21,91,Normal
2026-02-14 19:52:11.120822,Seoul-5505,18,27,Normal
2026-02-14 19:52:12.120822,Seoul-5505,50,99,Normal
2026-02-14 19:52:13.120822,Seoul-5505,15,97,Normal
2026-02-14 19:52:14.120822,Seoul-5505,28,94,Normal
2026-02-14 19:52:15.120822,Seoul-5505,1,0,Normal
2026-02-14 19:52:16.120822,Seoul-5505,24,37,Normal
2026-02-14 19:52:17.120822,Seoul-5505,6,95,Normal
2026-02-14 19:52:18.120822,Seoul-5505,18,22,Normal
2026-02-14 19:52:19.120822,Seoul-5505,-22,68,Normal
2026-02-14 19:52:20.120822,Seoul-5505,30,30,Normal
2026-02-14 19:52:21.120822,Seoul-5505,46,91,Normal
2026-02-14 19:52:22.120822,Seoul-5505,11,51,Normal
2026-02-14 19:52:23.120822,Seoul-5505,17,15,Normal
2026-02-14 19:52:24.120822,Seoul-5505,4,34,Normal
2026-02-14 19:52:25.120822,Seoul-5505,-10,32,Normal
2026-02-14 19:52:26.120822,Seoul-5505,-20,37,Normal
2026-02-14 19:52:27.120822,Seoul-5505,25,96,Normal
2026-02-14 19:52:28.120822,Seoul-5505,0,59,Normal
2026-02-14 19:52:29.120822,Seoul-5505,29,79,Normal
2026-02-14 19:52:30.120822,Seoul-5505,-10,29,Normal
2026-02-14 19:52:31.120822,Seoul-5505,14,75,Normal
2026-02-14 19:52:32.120822,Seoul-5505,28,67,Normal
2026-02-14 19:52:33.120822,Seoul-5505,6,40,Normal
2026-02-14 19:52:34.120822,Seoul-5505,-20,99,Normal
2026-02-14 19:52:35.120822,Seoul-5505,41,60,Normal
2026-02-14 19:52:36.120822,Seoul-5505,-2,47,Normal
2026-02-14 19:52:37.120822,Seoul-5505,19,16,Normal
2026-02-14 19:52:38.120822,Seoul-5505,3,63,Normal
2026-02-14 19:52:39.120822,Seoul-5505,1,16,Normal
2026-02-14 19:52:40.120822,Seoul-5505,-14,50,Normal
2026-02-14 19:52:41.120822,Seoul-5505,24,19,Normal
2026-02-14 19:52:42.120822,Seoul-5505,47,28,Normal
2026-02-14 19:52:43.120822,Seoul-5505,24,81,Normal
2026-02-14 19:52:44.120822,Seoul-5505,46,47,Normal
2026-02-14 19:52:45.120822,Seoul-5505,20,77,Normal
2026-02-14 19:52:46.120822,Seoul-5505,28,95,Normal
2026-02-14 19:52:47.120822,Seoul-5505,46,100,Normal
2026-02-14 19:52:48.120822,Seoul-5505,21,22,Normal
2026-02-14 19:52:49.120822,Seoul-5505,33,26,Normal
2026-02-14 19:52:50.120822,Seoul-5505,22,57,Normal
2026-02-14 19:52:51.120822,Seoul-5505,-9,5,Normal
2026-02-14 19:52:52.120822,Seoul-5505,33,41,Normal
2026-02-14 19:52:53.120822,Seoul-5505,12,88,Normal
2026-02-14 19:52:54.120822,Seoul-5505,-27,31,Normal
2026-02-14 19:52:55.120822,Seoul-5505,31,61,Normal
2026-02-14 19:52:56.120822,Seoul-5505,-17,12,Normal
2026-02-14 19:52:57.120822,Seoul-5505,-26,79,Normal
2026-02-14 19:52:58.120822,Seoul-5505,0,87,Normal
2026-02-14 19:52:59.120822,Seoul-5505,30,46,Normal
2026-02-14 19:53:00.120822,Seoul-5505,18,63,Normal
2026-02-14 19:53:01.120822,Seoul-5505,-19,21,Normal
2026-02-14 19:53:02.120822,Seoul-5505,-28,13,Normal
2026-02-14 19:53:03.120822,Seoul-5505,10,21,Normal
2026-02-14 19:53:04.120822,Seoul-5505,-15,71,Normal
2026-02-14 19:53:05.120822,Seoul-5505,25,48,Normal
2026-02-14 19:53:06.120822,Seoul-5505,44,75,Normal
2026-02-14 19:53:07.120822,Seoul-5505,25,100,Normal
2026-02-14 19:53:08.120822,Seoul-5505,3,68,Normal
2026-02-14 19:53:09.120822,Seoul-5505,-22,16,Normal
2026-02-14 19:53:10.120822,Seoul-5505,-13,93,Normal
2026-02-14 19:53:11.120822,Seoul-5505,14,73,Normal
2026-02-14 19:53:12.120822,Seoul-5505,-10,45,Normal
2026-02-14 19:53:13.120822,Seoul-5505,14,59,Normal
2026-02-14 19:53:14.120822,Seoul-5505,24,0,Normal
2026-02-14 19:53:15.120822,Seoul-5505,-2,71,Normal
2026-02-14 19:53:16.120822,Seoul-5505,-2,24,Normal
2026-02-14 19:53:17.120822,Seoul-5505,0,77,Normal
2026-02-14 19:53:18.120822,Seoul-5505,6,58,Normal
2026-02-14 19:53:19.120822,Seoul-5505,-6,100,Normal
2026-02-14 19:53:20.120822,Seoul-5505,-6,81,Normal
2026-02-14 19:53:21.120822,Seoul-5505,-20,15,Normal
2026-02-14 19:53:22.120822,Seoul-5505,47,18,Normal
2026-02-14 19:53:23.120822,Seoul-5505,-29,58,Normal
2026-02-14 19:53:24.120822,Seoul-5505,47,88,Normal
2026-02-14 19:53:25.120822,Seoul-5505,14,52,Normal
2026-02-14 19:53:26.120822,Seoul-5505,6,72,Normal
2026-02-14 19:53:27.120822,Seoul-5505,44,33,Normal
2026-02-14 19:53:28.120822,Seoul-5505,-16,28,Normal
2026-02-14 19:53:29.120822,Seoul-5505,34,94,Normal
2026-02-14 19:53:30.120822,Seoul-5505,3,13,Normal
2026-02-14 19:53:31.120822,Seoul-5505,23,60,Normal
2026-02-14 19:53:32.120822,Seoul-5505,38,84,Normal
2026-02-14 19:53:33.120822,Seoul-5505,27,44,Normal
2026-02-14 19:53:34.120822,Seoul-5505,45,67,Normal
2026-02-14 19:53:35.120822,Seoul-5505,28,59,Normal
2026-02-14 19:53:36.120822,Seoul-5505,8,78,Normal
2026-02-14 19:53:37.120822,Seoul-5505,0,6,Normal
2026-02-14 19:53:38.120822,Seoul-5505,-25,39,Normal
2026-02-14 19:53:39.120822,Seoul-5505,10,35,Normal
2026-02-14 19:53:40.120822,Seoul-5505,-8,69,Normal
2026-02-14 19:53:41.120822,Seoul-5505,-17,90,Normal
2026-02-14 19:53:42.120822,Seoul-5505,43,1,Normal
2026-02-14 19:53:43.120822,Seoul-5505,45,97,Normal
2026-02-14 19:53:44.120822,Seoul-5505,20,81,Normal
2026-02-14 19:53:45.120822,Seoul-5505,15,67,Normal
2026-02-14 19:53:46.120822,Seoul-5505,21,29,Normal
2026-02-14 19:53:47.120822,Seoul-5505,-17,60,Normal
2026-02-14 19:53:48.120822,Seoul-5505,1,32,Normal
2026-02-14 19:53:49.120822,Seoul-5505,24,99,Normal
2026-02-14 19:53:50.120822,Seoul-5505,18,16,Normal
2026-02-14 19:53:51.120822,Seoul-5505,-29,13,Normal
2026-02-14 19:53:52.120822,Seoul-5505,40,16,Normal
2026-02-14 19:53:53.120822,Seoul-5505,11,0,Normal
2026-02-14 19:53:54.120822,Seoul-5505,-3,70,Normal
2026-02-14 19:53:55.120822,Seoul-5505,6,96,Normal
2026-02-14 19:53:56.120822,Seoul-5505,16,56,Normal
2026-02-14 19:53:57.120822,Seoul-5505,-14,6,Normal
2026-02-14 19:53:58.120822,Seoul-5505,9,45,Normal
2026-02-14 19:53:59.120822,Seoul-5505,39,0,Normal
2026-02-14 19:54:00.120822,Seoul-5505,6,25,Normal
2026-02-14 19:54:01.120822,Seoul-5505,49,3,Normal
2026-02-14 19:54:02.120822,Seoul-5505,41,70,Normal
2026-02-14 19:54:03.120822,Seoul-5505,-10,91,Normal
2026-02-14 19:54:04.120822,Seoul-5505,-28,95,Normal
2026-02-14 19:54:05.120822,Seoul-5505,35,91,Normal
2026-02-14 19:54:06.120822,Seoul-5505,15,57,Normal
2026-02-14 19:54:07.120822,Seoul-5505,26,43,Normal
2026-02-14 19:54:08.120822,Seoul-5505,-30,81,Normal
2026-02-14 19:54:09.120822,Seoul-5505,35,39,Normal
2026-02-14 19:54:10.120822,Seoul-5505,29,72,Normal
2026-02-14 19:54:11.120822,Seoul-5505,-20,77,Normal
2026-02-14 19:54:12.120822,Seoul-5505,36,42,Normal
2026-02-14 19:54:13.120822,Seoul-5505,-9,32,Normal
2026-02-14 19:54:14.120822,Seoul-5505,4,29,Normal
2026-02-14 19:54:15.120822,Seoul-5505,-25,1,Normal
2026-02-14 19:54:16.120822,Seoul-5505,-19,17,Normal
2026-02-14 19:54:17.120822,Seoul-5505,-19,41,Normal
2026-02-14 19:54:18.120822,Seoul-5505,49,72,Normal
2026-02-14 19:54:19.120822,Seoul-5505,8,22,Normal
2026-02-14 19:54:20.120822,Seoul-5505,46,0,Normal
2026-02-14 19:54:21.120822,Seoul-5505,-17,97,Normal
2026-02-14 19:54:22.120822,Seoul-5505,33,97,Normal
2026-02-14 19:54:23.120822,Seoul-5505,-30,24,Normal
2026-02-14 19:54:24.120822,Seoul-5505,-29,67,Normal
2026-02-14 19:54:25.120822,Seoul-5505,50,4,Normal
2026-02-14 19:54:26.120822,Seoul-5505,40,56,Normal
2026-02-14 19:54:27.120822,Seoul-5505,15,63,Normal
2026-02-14 19:54:28.120822,Seoul-5505,-2,50,Normal
2026-02-14 19:54:29.120822,Seoul-5505,3,93,Normal
2026-02-14 19:54:30.120822,Seoul-5505,-10,43,Normal
2026-02-14 19:54:31.120822,Seoul-5505,40,14,Normal
2026-02-14 19:54:32.120822,Seoul-5505,46,90,Normal
2026-02-14 19:54:33.120822,Seoul-5505,3,14,Normal
2026-02-14 19:54:34.120822,Seoul-5505,48,42,Normal
2026-02-14 19:54:35.120822,Seoul-5505,50,38,Normal
2026-02-14 19:54:36.120822,Seoul-5505,22,26,Normal
2026-02-14 19:54:37.120822,Seoul-5505,21,39,Normal
2026-02-14 19:54:38.120822,Seoul-5505,29,30,Normal
2026-02-14 19:54:39.120822,Seoul-5505,-26,23,Normal
2026-02-14 19:54:40.120822,Seoul-5505,-14,77,Normal
2026-02-14 19:54:41.120822,Seoul-5505,-15,63,Normal
2026-02-14 19:54:42.120822,Seoul-5505,9,65,Normal
2026-02-14 19:54:43.120822,Seoul-5505,-30,0,Normal
2026-02-14 19:54:44.120822,Seoul-5505,47,67,Normal
2026-02-14 19:54:45.120822,Seoul-5505,-16,88,Normal
2026-02-14 19:54:46.120822,Seoul-5505,19,95,Normal
2026-02-14 19:54:47.120822,Seoul-5505,38,29,Normal
2026-02-14 19:54:48.120822,Seoul-5505,-3,13,Normal
2026-02-14 19:54:49.120822,Seoul-5505,-20,41,Normal
2026-02-14 19:54:50.120822,Seoul-5505,-20,14,Normal
2026-02-14 19:54:51.120822,Seoul-5505,25,34,Normal
2026-02-14 19:54:52.120822,Seoul-5505,-6,10,Normal
2026-02-14 19:54:53.120822,Seoul-5505,15,43,Normal
2026-02-14 19:54:54.120822,Seoul-5505,29,62,Normal
2026-02-14 19:54:55.120822,Seoul-5505,12,3,Normal
2026-02-14 19:54:56.120822,Seoul-5505,-13,46,Normal
2026-02-14 19:54:57.120822,Seoul-5505,47,92,Normal
2026-02-14 19:54:58.120822,Seoul-5505,48,90,Normal
2026-02-14 19:54:59.120822,Seoul-5505,-21,3,Normal
2026-02-14 19:55:00.120822,Seoul-5505,-27,66,Normal
2026-02-14 19:55:01.120822,Seoul-5505,-10,30,Normal
2026-02-14 19:55:02.120822,Seoul-5505,9,41,Normal
2026-02-14 19:55:03.120822,Seoul-5505,5,24,Normal
2026-02-14 19:55:04.120822,Seoul-5505,47,100,Normal
2026-02-14 19:55:05.120822,Seoul-5505,18,12,Normal
2026-02-14 19:55:06.120822,Seoul-5505,-4,87,Normal
2026-02-14 19:55:07.120822,Seoul-5505,15,61,Normal
2026-02-14 19:55:08.120822,Seoul-5505,47,85,Normal
2026-02-14 19:55:09.120822,Seoul-5505,41,55,Normal
2026-02-14 19:55:10.120822,Seoul-5505,17,59,Normal
2026-02-14 19:55:11.120822,Seoul-5505,46,80,Normal
2026-02-14 19:55:12.120822,Seoul-5505,0,90,Normal
2026-02-14 19:55:13.120822,Seoul-5505,37,16,Normal
2026-02-14 19:55:14.120822,Seoul-5505,44,56,Normal
2026-02-14 19:55:15.120822,Seoul-5505,-17,20,Normal
2026-02-14 19:55:16.120822,Seoul-5505,32,75,Normal
2026-02-14 19:55:17.120822,Seoul-5505,35,51,Normal
2026-02-14 19:55:18.120822,Seoul-5505,41,93,Normal
2026-02-14 19:55:19.120822,Seoul-5505,5,35,Normal
2026-02-14 19:55:20.120822,Seoul-5505,6,49,Normal
2026-02-14 19:55:21.120822,Seoul-5505,-5,93,Normal
2026-02-14 19:55:22.120822,Seoul-5505,16,62,Normal
2026-02-14 19:55:23.120822,Seoul-5505,9,81,Normal
2026-02-14 19:55:24.120822,Seoul-5505,-26,100,Normal
2026-02-14 19:55:25.120822,Seoul-5505,0,83,Normal
2026-02-14 19:55:26.120822,Seoul-5505,22,15,Normal
2026-02-14 19:55:27.120822,Seoul-5505,44,60,Normal
2026-02-14 19:55:28.120822,Seoul-5505,23,8,Normal
2026-02-14 19:55:29.120822,Seoul-5505,-1,14,Normal
2026-02-14 19:55:30.120822,Seoul-5505,-22,9,Normal
2026-02-14 19:55:31.120822,Seoul-5505,35,2,Normal
2026-02-14 19:55:32.120822,Seoul-5505,-5,36,Normal
2026-02-14 19:55:33.120822,Seoul-5505,2,54,Normal
2026-02-14 19:55:34.120822,Seoul-5505,32,66,Normal
2026-02-14 19:55:35.120822,Seoul-5505,-29,21,Normal
2026-02-14 19:55:36.120822,Seoul-5505,20,86,Normal
2026-02-14 19:55:37.120822,Seoul-5505,37,30,Normal
2026-02-14 19:55:38.120822,Seoul-5505,34,16,Normal
2026-02-14 19:55:39.120822,Seoul-5505,30,19,Normal
2026-02-14 19:55:40.120822,Seoul-5505,3,97,Normal
2026-02-14 19:55:41.120822,Seoul-5505,-30,31,Normal
2026-02-14 19:55:42.120822,Seoul-5505,33,79,Normal
2026-02-14 19:55:43.120822,Seoul-5505,20,7,Normal
2026-02-14 19:55:44.120822,Seoul-5505,50,5,Normal
2026-02-14 19:55:45.120822,Seoul-5505,25,94,Normal
2026-02-14 19:55:46.120822,Seoul-5505,35,16,Normal
2026-02-14 19:55:47.120822,Seoul-5505,28,9,Normal
2026-02-14 19:55:48.120822,Seoul-5505,23,29,Normal
2026-02-14 19:55:49.120822,Seoul-5505,12,68,Normal
2026-02-14 19:55:50.120822,Seoul-5505,-6,53,Normal
2026-02-14 19:55:51.120822,Seoul-5505,15,23,Normal
2026-02-14 19:55:52.120822,Seoul-5505,37,80,Normal
2026-02-14 19:55:53.120822,Seoul-5505,24,6,Normal
2026-02-14 19:55:54.120822,Seoul-5505,-8,46,Normal
2026-02-14 19:55:55.120822,Seoul-5505,27,51,Normal
2026-02-14 19:55:56.120822,Seoul-5505,38,50,Normal
2026-02-14 19:55:57.120822,Seoul-5505,-3,54,Normal
2026-02-14 19:55:58.120822,Seoul-5505,-4,41,Normal
2026-02-14 19:55:59.120822,Seoul-5505,29,75,Normal
2026-02-14 19:56:00.120822,Seoul-5505,22,36,Normal
2026-02-14 19:56:01.120822,Seoul-5505,30,57,Normal
2026-02-14 19:56:02.120822,Seoul-5505,38,43,Normal
2026-02-14 19:56:03.120822,Seoul-5505,-21,28,Normal
2026-02-14 19:56:04.120822,Seoul-5505,-22,17,Normal
2026-02-14 19:56:05.120822,Seoul-5505,-25,19,Normal
2026-02-14 19:56:06.120822,Seoul-5505,39,23,Normal
2026-02-14 19:56:07.120822,Seoul-5505,7,96,Normal
2026-02-14 19:56:08.120822,Seoul-5505,43,46,Normal
2026-02-14 19:56:09.120822,Seoul-5505,11,100,Normal
2026-02-14 19:56:10.120822,Seoul-5505,4,40,Normal
2026-02-14 19:56:11.120822,Seoul-5505,50,79,Normal
2026-02-14 19:56:12.120822,Seoul-5505,4,91,Normal
2026-02-14 19:56:13.120822,Seoul-5505,-19,43,Normal
2026-02-14 19:56:14.120822,Seoul-5505,15,23,Normal
2026-02-14 19:56:15.120822,Seoul-5505,-8,26,Normal
2026-02-14 19:56:16.120822,Seoul-5505,28,50,Normal
2026-02-14 19:56:17.120822,Seoul-5505,-12,30,Normal
2026-02-14 19:56:18.120822,Seoul-5505,-8,70,Normal
2026-02-14 19:56:19.120822,Seoul-5505,41,5,Normal
2026-02-14 19:56:20.120822,Seoul-5505,45,92,Normal
2026-02-14 19:56:21.120822,Seoul-5505,41,19,Normal
2026-02-14 19:56:22.120822,Seoul-5505,32,92,Normal
2026-02-14 19:56:23.120822,Seoul-5505,50,30,Normal
2026-02-14 19:56:24.120822,Seoul-5505,19,2,Normal
2026-02-14 19:56:25.120822,Seoul-5505,-21,50,Normal
2026-02-14 19:56:26.120822,Seoul-5505,48,57,Normal
2026-02-14 19:56:27.120822,Seoul-5505,6,58,Normal
2026-02-14 19:56:28.120822,Seoul-5505,-4,25,Normal
2026-02-14 19:56:29.120822,Seoul-5505,-21,58,Normal
2026-02-14 19:56:30.120822,Seoul-5505,14,71,Normal
2026-02-14 19:56:31.120822,Seoul-5505,-8,75,Normal
2026-02-14 19:56:32.120822,Seoul-5505,43,78,Normal
2026-02-14 19:56:33.120822,Seoul-5505,46,69,Normal
2026-02-14 19:56:34.120822,Seoul-5505,42,4,Normal
2026-02-14 19:56:35.120822,Seoul-5505,29,67,Normal
2026-02-14 19:56:36.120822,Seoul-5505,14,100,Normal
2026-02-14 19:56:37.120822,Seoul-5505,44,51,Normal
2026-02-14 19:56:38.120822,Seoul-5505,42,42,Normal
2026-02-14 19:56:39.120822,Seoul-5505,45,29,Normal
2026-02-14 19:56:40.120822,Seoul-5505,28,3,Normal
2026-02-14 19:56:41.120822,Seoul-5505,33,17,Normal
2026-02-14 19:56:42.120822,Seoul-5505,-27,98,Normal
2026-02-14 19:56:43.120822,Seoul-5505,30,18,Normal
2026-02-14 19:56:44.120822,Seoul-5505,25,98,Normal
2026-02-14 19:56:45.120822,Seoul-5505,7,8,Normal
2026-02-14 19:56:46.120822,Seoul-5505,32,43,Normal
2026-02-14 19:56:47.120822,Seoul-5505,24,7,Normal
2026-02-14 19:56:48.120822,Seoul-5505,-13,19,Normal
2026-02-14 19:56:49.120822,Seoul-5505,-13,45,Normal
2026-02-14 19:56:50.120822,Seoul-5505,-7,74,Normal
2026-02-14 19:56:51.120822,Seoul-5505,20,10,Normal
2026-02-14 19:56:52.120822,Seoul-5505,7,13,Normal
2026-02-14 19:56:53.120822,Seoul-5505,22,23,Normal
2026-02-14 19:56:54.120822,Seoul-5505,27,37,Normal
2026-02-14 19:56:55.120822,Seoul-5505,-27,43,Normal
2026-02-14 19:56:56.120822,Seoul-5505,36,50,Normal
2026-02-14 19:56:57.120822,Seoul-5505,24,85,Normal
2026-02-14 19:56:58.120822,Seoul-5505,-2,85,Normal
2026-02-14 19:56:59.120822,Seoul-5505,10,18,Normal
2026-02-14 19:57:00.120822,Seoul-5505,46,61,Normal
2026-02-14 19:57:01.120822,Seoul-5505,20,47,Normal
2026-02-14 19:57:02.120822,Seoul-5505,41,53,Normal
2026-02-14 19:57:03.120822,Seoul-5505,39,96,Normal
2026-02-14 19:57:04.120822,Seoul-5505,-14,47,Normal
2026-02-14 19:57:05.120822,Seoul-5505,48,88,Normal
2026-02-14 19:57:06.120822,Seoul-5505,13,97,Normal
2026-02-14 19:57:07.120822,Seoul-5505,28,80,Normal
2026-02-14 19:57:08.120822,Seoul-5505,8,15,Normal
2026-02-14 19:57:09.120822,Seoul-5505,-10,27,Normal
2026-02-14 19:57:10.120822,Seoul-5505,-13,70,Normal
2026-02-14 19:57:11.120822,Seoul-5505,-29,92,Normal
2026-02-14 19:57:12.120822,Seoul-5505,-27,86,Normal
2026-02-14 19:57:13.120822,Seoul-5505,31,7,Normal
2026-02-14 19:57:14.120822,Seoul-5505,15,59,Normal
2026-02-14 19:57:15.120822,Seoul-5505,13,50,Normal
2026-02-14 19:57:16.120822,Seoul-5505,30,75,Normal
2026-02-14 19:57:17.120822,Seoul-5505,33,54,Normal
2026-02-14 19:57:18.120822,Seoul-5505,28,56,Normal
2026-02-14 19:57:19.120822,Seoul-5505,42,42,Normal
2026-02-14 19:57:20.120822,Seoul-5505,7,72,Normal
2026-02-14 19:57:21.120822,Seoul-5505,17,39,Normal
2026-02-14 19:57:22.120822,Seoul-5505,18,20,Normal
2026-02-14 19:57:23.120822,Seoul-5505,39,44,Normal
2026-02-14 19:57:24.120822,Seoul-5505,20,23,Normal
2026-02-14 19:57:25.120822,Seoul-5505,24,84,Normal
2026-02-14 19:57:26.120822,Seoul-5505,-12,72,Normal
2026-02-14 19:57:27.120822,Seoul-5505,17,77,Normal
2026-02-14 19:57:28.120822,Seoul-5505,18,15,Normal
2026-02-14 19:57:29.120822,Seoul-5505,45,56,Normal
2026-02-14 19:57:30.120822,Seoul-5505,21,40,Normal
2026-02-14 19:57:31.120822,Seoul-5505,19,18,Normal
2026-02-14 19:57:32.120822,Seoul-5505,-17,9,Normal
2026-02-14 19:57:33.120822,Seoul-5505,-7,8,Normal
2026-02-14 19:57:34.120822,Seoul-5505,1,45,Normal
2026-02-14 19:57:35.120822,Seoul-5505,-1,76,Normal
2026-02-14 19:57:36.120822,Seoul-5505,0,74,Normal
2026-02-14 19:57:37.120822,Seoul-5505,-21,66,Normal
2026-02-14 19:57:38.120822,Seoul-5505,12,53,Normal
2026-02-14 19:57:39.120822,Seoul-5505,9,58,Normal
2026-02-14 19:57:40.120822,Seoul-5505,31,80,Normal
2026-02-14 19:57:41.120822,Seoul-5505,47,3,Normal
2026-02-14 19:57:42.120822,Seoul-5505,-1,98,Normal
2026-02-14 19:57:43.120822,Seoul-5505,23,22,Normal
2026-02-14 19:57:44.120822,Seoul-5505,30,57,Normal
2026-02-14 19:57:45.120822,Seoul-5505,-9,78,Normal
2026-02-14 19:57:46.120822,Seoul-5505,-9,13,Normal
2026-02-14 19:57:47.120822,Seoul-5505,4,58,Normal
2026-02-14 19:57:48.120822,Seoul-5505,45,19,Normal
2026-02-14 19:57:49.120822,Seoul-5505,40,56,Normal
2026-02-14 19:57:50.120822,Seoul-5505,-23,0,Normal
2026-02-14 19:57:51.120822,Seoul-5505,8,85,Normal
2026-02-14 19:57:52.120822,Seoul-5505,12,90,Normal
2026-02-14 19:57:53.120822,Seoul-5505,-29,24,Normal
2026-02-14 19:57:54.120822,Seoul-5505,38,88,Normal
2026-02-14 19:57:55.120822,Seoul-5505,32,19,Normal
2026-02-14 19:57:56.120822,Seoul-5505,7,48,Normal
2026-02-14 19:57:57.120822,Seoul-5505,-19,49,Normal
2026-02-14 19:57:58.120822,Seoul-5505,44,90,Normal
2026-02-14 19:57:59.120822,Seoul-5505,21,28,Normal
2026-02-14 19:58:00.120822,Seoul-5505,38,69,Normal
2026-02-14 19:58:01.120822,Seoul-5505,-8,48,Normal
2026-02-14 19:58:02.120822,Seoul-5505,30,64,Normal
2026-02-14 19:58:03.120822,Seoul-5505,22,8,Normal
2026-02-14 19:58:04.120822,Seoul-5505,7,53,Normal
2026-02-14 19:58:05.120822,Seoul-5505,-29,89,Normal
2026-02-14 19:58:06.120822,Seoul-5505,38,5,Normal
2026-02-14 19:58:07.120822,Seoul-5505,13,1,Normal
2026-02-14 19:58:08.120822,Seoul-5505,-17,28,Normal
2026-02-14 19:58:09.120822,Seoul-5505,25,53,Normal
2026-02-14 19:58:10.120822,Seoul-5505,-4,18,Normal
2026-02-14 19:58:11.120822,Seoul-5505,2,18,Normal
2026-02-14 19:58:12.120822,Seoul-5505,35,3,Normal
2026-02-14 19:58:13.120822,Seoul-5505,28,24,Normal
2026-02-14 19:58:14.120822,Seoul-5505,47,30,Normal
2026-02-14 19:58:15.120822,Seoul-5505,49,37,Normal
2026-02-14 19:58:16.120822,Seoul-5505,10,8,Normal
2026-02-14 19:58:17.120822,Seoul-5505,-18,89,Normal
2026-02-14 19:58:18.120822,Seoul-5505,14,36,Normal
2026-02-14 19:58:19.120822,Seoul-5505,-29,40,Normal
2026-02-14 19:58:20.120822,Seoul-5505,37,13,Normal
2026-02-14 19:58:21.120822,Seoul-5505,-23,94,Normal
2026-02-14 19:58:22.120822,Seoul-5505,12,11,Normal
2026-02-14 19:58:23.120822,Seoul-5505,-23,36,Normal
2026-02-14 19:58:24.120822,Seoul-5505,-6,43,Normal
2026-02-14 19:58:25.120822,Seoul-5505,-20,58,Normal
2026-02-14 19:58:26.120822,Seoul-5505,-13,94,Normal
2026-02-14 19:58:27.120822,Seoul-5505,-28,11,Normal
2026-02-14 19:58:28.120822,Seoul-5505,16,86,Normal
2026-02-14 19:58:29.120822,Seoul-5505,10,70,Normal
2026-02-14 19:58:30.120822,Seoul-5505,12,66,Normal
2026-02-14 19:58:31.120822,Seoul-5505,-28,48,Normal
2026-02-14 19:58:32.120822,Seoul-5505,43,6,Normal
2026-02-14 19:58:33.120822,Seoul-5505,20,48,Normal
2026-02-14 19:58:34.120822,Seoul-5505,-21,92,Normal
2026-02-14 19:58:35.120822,Seoul-5505,-8,46,Normal
2026-02-14 19:58:36.120822,Seoul-5505,-17,15,Normal
2026-02-14 19:58:37.120822,Seoul-5505,1,39,Normal
2026-02-14 19:58:38.120822,Seoul-5505,13,82,Normal
2026-02-14 19:58:39.120822,Seoul-5505,33,36,Normal
2026-02-14 19:58:40.120822,Seoul-5505,-27,56,Normal
2026-02-14 19:58:41.120822,Seoul-5505,15,78,Normal
2026-02-14 19:58:42.120822,Seoul-5505,10,64,Normal
2026-02-14 19:58:43.120822,Seoul-5505,-2,6,Normal
2026-02-14 19:58:44.120822,Seoul-5505,13,87,Normal
2026-02-14 19:58:45.120822,Seoul-5505,-12,41,Normal
2026-02-14 19:58:46.120822,Seoul-5505,-6,38,Normal
2026-02-14 19:58:47.120822,Seoul-5505,-22,38,Normal
2026-02-14 19:58:48.120822,Seoul-5505,-2,59,Normal
2026-02-14 19:58:49.120822,Seoul-5505,-10,64,Normal
2026-02-14 19:58:50.120822,Seoul-5505,-7,95,Normal
2026-02-14 19:58:51.120822,Seoul-5505,14,56,Normal
2026-02-14 19:58:52.120822,Seoul-5505,5,11,Normal
2026-02-14 19:58:53.120822,Seoul-5505,4,71,Normal
2026-02-14 19:58:54.120822,Seoul-5505,31,20,Normal
2026-02-14 19:58:55.120822,Seoul-5505,43,4,Normal
2026-02-14 19:58:56.120822,Seoul-5505,32,19,Normal
2026-02-14 19:58:57.120822,Seoul-5505,-13,25,Normal
2026-02-14 19:58:58.120822,Seoul-5505,6,58,Normal
2026-02-14 19:58:59.120822,Seoul-5505,25,71,Normal
2026-02-14 19:59:00.120822,Seoul-5505,-17,32,Normal
2026-02-14 19:59:01.120822,Seoul-5505,-15,70,Normal
2026-02-14 19:59:02.120822,Seoul-5505,-8,84,Normal
2026-02-14 19:59:03.120822,Seoul-5505,38,34,Normal
2026-02-14 19:59:04.120822,Seoul-5505,33,59,Normal
2026-02-14 19:59:05.120822,Seoul-5505,40,43,Normal
2026-02-14 19:59:06.120822,Seoul-5505,-10,63,Normal
2026-02-14 19:59:07.120822,Seoul-5505,-23,10,Normal
2026-02-14 19:59:08.120822,Seoul-5505,46,87,Normal
2026-02-14 19:59:09.120822,Seoul-5505,31,33,Normal
2026-02-14 19:59:10.120822,Seoul-5505,-4,68,Normal
2026-02-14 19:59:11.120822,Seoul-5505,20,3,Normal
2026-02-14 19:59:12.120822,Seoul-5505,-7,77,Normal
2026-02-14 19:59:13.120822,Seoul-5505,31,71,Normal
2026-02-14 19:59:14.120822,Seoul-5505,15,59,Normal
2026-02-14 19:59:15.120822,Seoul-5505,-7,55,Normal
2026-02-14 19:59:16.120822,Seoul-5505,-8,45,Normal
2026-02-14 19:59:17.120822,Seoul-5505,43,45,Normal
2026-02-14 19:59:18.120822,Seoul-5505,24,85,Normal
2026-02-14 19:59:19.120822,Seoul-5505,11,63,Normal
2026-02-14 19:59:20.120822,Seoul-5505,28,48,Normal
2026-02-14 19:59:21.120822,Seoul-5505,21,19,Normal
2026-02-14 19:59:22.120822,Seoul-5505,-18,98,Normal
2026-02-14 19:59:23.120822,Seoul-5505,-21,43,Normal
2026-02-14 19:59:24.120822,Seoul-5505,49,69,Normal
2026-02-14 19:59:25.120822,Seoul-5505,35,48,Normal
2026-02-14 19:59:26.120822,Seoul-5505,28,89,Normal
2026-02-14 19:59:27.120822,Seoul-5505,14,89,Normal
2026-02-14 19:59:28.120822,Seoul-5505,-30,62,Normal
2026-02-14 19:59:29.120822,Seoul-5505,28,73,Normal
2026-02-14 19:59:30.120822,Seoul-5505,43,24,Normal
2026-02-14 19:59:31.120822,Seoul-5505,3,25,Normal
2026-02-14 19:59:32.120822,Seoul-5505,36,83,Normal
2026-02-14 19:59:33.120822,Seoul-5505,11,84,Normal
2026-02-14 19:59:34.120822,Seoul-5505,42,15,Normal
2026-02-14 19:59:35.120822,Seoul-5505,-2,77,Normal
2026-02-14 19:59:36.120822,Seoul-5505,-11,33,Normal
2026-02-14 19:59:37.120822,Seoul-5505,-5,86,Normal
2026-02-14 19:59:38.120822,Seoul-5505,-13,57,Normal
2026-02-14 19:59:39.120822,Seoul-5505,-14,63,Normal
2026-02-14 19:59:40.120822,Seoul-5505,-30,26,Normal
2026-02-14 19:59:41.120822,Seoul-5505,49,91,Normal
2026-02-14 19:59:42.120822,Seoul-5505,-29,88,Normal
2026-02-14 19:59:43.120822,Seoul-5505,-22,93,Normal
2026-02-14 19:59:44.120822,Seoul-5505,19,11,Normal
2026-02-14 19:59:45.120822,Seoul-5505,-13,86,Normal
2026-02-14 19:59:46.120822,Seoul-5505,-28,99,Normal
2026-02-14 19:59:47.120822,Seoul-5505,-27,13,Normal
2026-02-14 19:59:48.120822,Seoul-5505,-14,45,Normal
2026-02-14 19:59:49.120822,Seoul-5505,21,76,Normal
2026-02-14 19:59:50.120822,Seoul-5505,38,7,Normal
2026-02-14 19:59:51.120822,Seoul-5505,8,6,Normal
2026-02-14 19:59:52.120822,Seoul-5505,48,95,Normal
2026-02-14 19:59:53.120822,Seoul-5505,27,1,Normal
2026-02-14 19:59:54.120822,Seoul-5505,-15,14,Normal
2026-02-14 19:59:55.120822,Seoul-5505,-9,77,Normal
2026-02-14 19:59:56.120822,Seoul-5505,-18,5,Normal
2026-02-14 19:59:57.120822,Seoul-5505,20,94,Normal
2026-02-14 19:59:58.120822,Seoul-5505,30,8,Normal
2026-02-14 19:59:59.120822,Seoul-5505,-2,7,Normal
2026-02-14 20:00:00.120822,Seoul-5505,37,59,Normal
2026-02-14 20:00:01.120822,Seoul-5505,-26,17,Normal
2026-02-14 20:00:02.120822,Seoul-5505,-21,54,Normal
2026-02-14 20:00:03.120822,Seoul-5505,-25,68,Normal
2026-02-14 20:00:04.120822,Seoul-5505,28,70,Normal
2026-02-14 20:00:05.120822,Seoul-5505,46,97,Normal
2026-02-14 20:00:06.120822,Seoul-5505,15,94,Normal
2026-02-14 20:00:07.120822,Seoul-5505,12,24,Normal
2026-02-14 20:00:08.120822,Seoul-5505,-11,13,Normal
2026-02-14 20:00:09.120822,Seoul-5505,2,36,Normal
2026-02-14 20:00:10.120822,Seoul-5505,-14,98,Normal
2026-02-14 20:00:11.120822,Seoul-5505,-17,21,Normal
2026-02-14 20:00:12.120822,Seoul-5505,-9,2,Normal
2026-02-14 20:00:13.120822,Seoul-5505,1,22,Normal
2026-02-14 20:00:14.120822,Seoul-5505,-5,99,Normal
2026-02-14 20:00:15.120822,Seoul-5505,12,54,Normal
2026-02-14 20:00:16.120822,Seoul-5505,4,73,Normal
2026-02-14 20:00:17.120822,Seoul-5505,8,72,Normal
2026-02-14 20:00:18.120822,Seoul-5505,3,24,Normal
2026-02-14 20:00:19.120822,Seoul-5505,17,17,Normal
2026-02-14 20:00:20.120822,Seoul-5505,44,1,Normal
2026-02-14 20:00:21.120822,Seoul-5505,-10,19,Normal
2026-02-14 20:00:22.120822,Seoul-5505,-10,53,Normal
2026-02-14 20:00:23.120822,Seoul-5505,31,10,Normal
2026-02-14 20:00:24.120822,Seoul-5505,-19,50,Normal
2026-02-14 20:00:25.120822,Seoul-5505,-9,98,Normal
2026-02-14 20:00:26.120822,Seoul-5505,49,85,Normal
2026-02-14 20:00:27.120822,Seoul-5505,31,30,Normal
2026-02-14 20:00:28.120822,Seoul-5505,-19,28,Normal
2026-02-14 20:00:29.120822,Seoul-5505,19,20,Normal
2026-02-14 20:00:30.120822,Seoul-5505,19,15,Normal
2026-02-14 20:00:31.120822,Seoul-5505,5,7,Normal
2026-02-14 20:00:32.120822,Seoul-5505,4,94,Normal
2026-02-14 20:00:33.120822,Seoul-5505,-20,97,Normal
2026-02-14 20:00:34.120822,Seoul-5505,26,43,Normal
2026-02-14 20:00:35.120822,Seoul-5505,41,69,Normal
2026-02-14 20:00:36.120822,Seoul-5505,2,7,Normal
2026-02-14 20:00:37.120822,Seoul-5505,-6,38,Normal
2026-02-14 20:00:38.120822,Seoul-5505,-17,3,Normal
2026-02-14 20:00:39.120822,Seoul-5505,23,8,Normal
2026-02-14 20:00:40.120822,Seoul-5505,-15,1,Normal
2026-02-14 20:00:41.120822,Seoul-5505,45,54,Normal
2026-02-14 20:00:42.120822,Seoul-5505,-25,1,Normal
2026-02-14 20:00:43.120822,Seoul-5505,30,70,Normal
2026-02-14 20:00:44.120822,Seoul-5505,15,50,Normal
2026-02-14 20:00:45.120822,Seoul-5505,-4,87,Normal
2026-02-14 20:00:46.120822,Seoul-5505,-21,94,Normal
2026-02-14 20:00:47.120822,Seoul-5505,-10,46,Normal
2026-02-14 20:00:48.120822,Seoul-5505,-12,25,Normal
2026-02-14 20:00:49.120822,Seoul-5505,15,89,Normal
2026-02-14 20:00:50.120822,Seoul-5505,32,21,Normal
2026-02-14 20:00:51.120822,Seoul-5505,29,99,Normal
2026-02-14 20:00:52.120822,Seoul-5505,-18,82,Normal
2026-02-14 20:00:53.120822,Seoul-5505,49,69,Normal
2026-02-14 20:00:54.120822,Seoul-5505,13,13,Normal
2026-02-14 20:00:55.120822,Seoul-5505,-25,83,Normal
2026-02-14 20:00:56.120822,Seoul-5505,23,87,Normal
2026-02-14 20:00:57.120822,Seoul-5505,47,68,Normal
2026-02-14 20:00:58.120822,Seoul-5505,-3,20,Normal
2026-02-14 20:00:59.120822,Seoul-5505,-13,58,Normal
2026-02-14 20:01:00.120822,Seoul-5505,7,91,Normal
2026-02-14 20:01:01.120822,Seoul-5505,-20,52,Normal
2026-02-14 20:01:02.120822,Seoul-5505,9,86,Normal
2026-02-14 20:01:03.120822,Seoul-5505,28,83,Normal
2026-02-14 20:01:04.120822,Seoul-5505,42,38,Normal
2026-02-14 20:01:05.120822,Seoul-5505,33,82,Normal
2026-02-14 20:01:06.120822,Seoul-5505,-4,54,Normal
2026-02-14 20:01:07.120822,Seoul-5505,-23,88,Normal
2026-02-14 20:01:08.120822,Seoul-5505,-24,63,Normal
2026-02-14 20:01:09.120822,Seoul-5505,-1,83,Normal
2026-02-14 20:01:10.120822,Seoul-5505,48,91,Normal
2026-02-14 20:01:11.120822,Seoul-5505,41,54,Normal
2026-02-14 20:01:12.120822,Seoul-5505,9,70,Normal
2026-02-14 20:01:13.120822,Seoul-5505,-4,32,Normal
2026-02-14 20:01:14.120822,Seoul-5505,23,27,Normal
2026-02-14 20:01:15.120822,Seoul-5505,18,92,Normal
2026-02-14 20:01:16.120822,Seoul-5505,33,47,Normal
2026-02-14 20:01:17.120822,Seoul-5505,9,74,Normal
2026-02-14 20:01:18.120822,Seoul-5505,14,93,Normal
2026-02-14 20:01:19.120822,Seoul-5505,37,12,Normal
2026-02-14 20:01:20.120822,Seoul-5505,-15,100,Normal
2026-02-14 20:01:21.120822,Seoul-5505,-21,88,Normal
2026-02-14 20:01:22.120822,Seoul-5505,-15,82,Normal
2026-02-14 20:01:23.120822,Seoul-5505,9,40,Normal
2026-02-14 20:01:24.120822,Seoul-5505,1,7,Normal
2026-02-14 20:01:25.120822,Seoul-5505,-21,90,Normal
2026-02-14 20:01:26.120822,Seoul-5505,0,51,Normal
2026-02-14 20:01:27.120822,Seoul-5505,29,63,Normal
2026-02-14 20:01:28.120822,Seoul-5505,-26,88,Normal
2026-02-14 20:01:29.120822,Seoul-5505,-2,57,Normal
2026-02-14 20:01:30.120822,Seoul-5505,46,89,Normal
2026-02-14 20:01:31.120822,Seoul-5505,20,52,Normal
2026-02-14 20:01:32.120822,Seoul-5505,8,98,Normal
2026-02-14 20:01:33.120822,Seoul-5505,-3,81,Normal
2026-02-14 20:01:34.120822,Seoul-5505,-5,25,Normal
2026-02-14 20:01:35.120822,Seoul-5505,7,30,Normal
2026-02-14 20:01:36.120822,Seoul-5505,15,7,Normal
2026-02-14 20:01:37.120822,Seoul-5505,31,71,Normal
2026-02-14 20:01:38.120822,Seoul-5505,33,43,Normal
2026-02-14 20:01:39.120822,Seoul-5505,11,15,Normal
2026-02-14 20:01:40.120822,Seoul-5505,-28,92,Normal
2026-02-14 20:01:41.120822,Seoul-5505,-13,9,Normal
2026-02-14 20:01:42.120822,Seoul-5505,15,90,Normal
2026-02-14 20:01:43.120822,Seoul-5505,4,65,Normal
2026-02-14 20:01:44.120822,Seoul-5505,-3,100,Normal
2026-02-14 20:01:45.120822,Seoul-5505,32,15,Normal
2026-02-14 20:01:46.120822,Seoul-5505,-13,67,Normal
2026-02-14 20:01:47.120822,Seoul-5505,7,100,Normal
2026-02-14 20:01:48.120822,Seoul-5505,-26,42,Normal
2026-02-14 20:01:49.120822,Seoul-5505,13,40,Normal
2026-02-14 20:01:50.120822,Seoul-5505,42,15,Normal
2026-02-14 20:01:51.120822,Seoul-5505,-12,18,Normal
2026-02-14 20:01:52.120822,Seoul-5505,-14,27,Normal
2026-02-14 20:01:53.120822,Seoul-5505,32,67,Normal
2026-02-14 20:01:54.120822,Seoul-5505,-24,64,Normal
2026-02-14 20:01:55.120822,Seoul-5505,-13,63,Normal
2026-02-14 20:01:56.120822,Seoul-5505,-20,52,Normal
2026-02-14 20:01:57.120822,Seoul-5505,-27,54,Normal
2026-02-14 20:01:58.120822,Seoul-5505,36,45,Normal
2026-02-14 20:01:59.120822,Seoul-5505,18,65,Normal
2026-02-14 20:02:00.120822,Seoul-5505,7,5,Normal
2026-02-14 20:02:01.120822,Seoul-5505,-19,45,Normal
2026-02-14 20:02:02.120822,Seoul-5505,-4,43,Normal
2026-02-14 20:02:03.120822,Seoul-5505,25,47,Normal
2026-02-14 20:02:04.120822,Seoul-5505,-12,50,Normal
2026-02-14 20:02:05.120822,Seoul-5505,24,92,Normal
2026-02-14 20:02:06.120822,Seoul-5505,2,80,Normal
2026-02-14 20:02:07.120822,Seoul-5505,24,16,Normal
2026-02-14 20:02:08.120822,Seoul-5505,44,32,Normal
2026-02-14 20:02:09.120822,Seoul-5505,48,0,Normal
2026-02-14 20:02:10.120822,Seoul-5505,44,52,Normal
2026-02-14 20:02:11.120822,Seoul-5505,-23,76,Normal
2026-02-14 20:02:12.120822,Seoul-5505,16,56,Normal
2026-02-14 20:02:13.120822,Seoul-5505,-1,49,Normal
2026-02-14 20:02:14.120822,Seoul-5505,39,100,Normal
2026-02-14 20:02:15.120822,Seoul-5505,21,13,Normal
2026-02-14 20:02:16.120822,Seoul-5505,25,33,Normal
2026-02-14 20:02:17.120822,Seoul-5505,32,56,Normal
2026-02-14 20:02:18.120822,Seoul-5505,1,98,Normal
2026-02-14 20:02:19.120822,Seoul-5505,33,44,Normal
2026-02-14 20:02:20.120822,Seoul-5505,20,12,Normal
2026-02-14 20:02:21.120822,Seoul-5505,16,85,Normal
2026-02-14 20:02:22.120822,Seoul-5505,-3,55,Normal
2026-02-14 20:02:23.120822,Seoul-5505,46,84,Normal
2026-02-14 20:02:24.120822,Seoul-5505,-23,71,Normal
2026-02-14 20:02:25.120822,Seoul-5505,41,40,Normal
2026-02-14 20:02:26.120822,Seoul-5505,3,80,Normal
2026-02-14 20:02:27.120822,Seoul-5505,24,80,Normal
2026-02-14 20:02:28.120822,Seoul-5505,-2,75,Normal
2026-02-14 20:02:29.120822,Seoul-5505,45,78,Normal
2026-02-14 20:02:30.120822,Seoul-5505,1,86,Normal
2026-02-14 20:02:31.120822,Seoul-5505,11,42,Normal
2026-02-14 20:02:32.120822,Seoul-5505,-9,55,Normal
2026-02-14 20:02:33.120822,Seoul-5505,-23,11,Normal
2026-02-14 20:02:34.120822,Seoul-5505,11,77,Normal
2026-02-14 20:02:35.120822,Seoul-5505,25,73,Normal
2026-02-14 20:02:36.120822,Seoul-5505,15,15,Normal
2026-02-14 20:02:37.120822,Seoul-5505,-16,26,Normal
2026-02-14 20:02:38.120822,Seoul-5505,12,26,Normal
2026-02-14 20:02:39.120822,Seoul-5505,22,96,Normal
2026-02-14 20:02:40.120822,Seoul-5505,16,51,Normal
2026-02-14 20:02:41.120822,Seoul-5505,30,55,Normal
2026-02-14 20:02:42.120822,Seoul-5505,50,99,Normal
2026-02-14 20:02:43.120822,Seoul-5505,13,59,Normal
2026-02-14 20:02:44.120822,Seoul-5505,-11,65,Normal
2026-02-14 20:02:45.120822,Seoul-5505,6,2,Normal
2026-02-14 20:02:46.120822,Seoul-5505,-19,2,Normal
2026-02-14 20:02:47.120822,Seoul-5505,48,78,Normal
2026-02-14 20:02:48.120822,Seoul-5505,-1,7,Normal
2026-02-14 20:02:49.120822,Seoul-5505,49,86,Normal
2026-02-14 20:02:50.120822,Seoul-5505,35,38,Normal
2026-02-14 20:02:51.120822,Seoul-5505,50,47,Normal
2026-02-14 20:02:52.120822,Seoul-5505,37,9,Normal
2026-02-14 20:02:53.120822,Seoul-5505,27,17,Normal
2026-02-14 20:02:54.120822,Seoul-5505,30,62,Normal
2026-02-14 20:02:55.120822,Seoul-5505,47,57,Normal
2026-02-14 20:02:56.120822,Seoul-5505,-8,66,Normal
2026-02-14 20:02:57.120822,Seoul-5505,19,21,Normal
2026-02-14 20:02:58.120822,Seoul-5505,-17,19,Normal
2026-02-14 20:02:59.120822,Seoul-5505,32,99,Normal
2026-02-14 20:03:00.120822,Seoul-5505,-25,23,Normal
2026-02-14 20:03:01.120822,Seoul-5505,-21,98,Normal
2026-02-14 20:03:02.120822,Seoul-5505,38,100,Normal
2026-02-14 20:03:03.120822,Seoul-5505,23,11,Normal
2026-02-14 20:03:04.120822,Seoul-5505,12,71,Normal
2026-02-14 20:03:05.120822,Seoul-5505,12,26,Normal
2026-02-14 20:03:06.120822,Seoul-5505,-9,64,Normal
2026-02-14 20:03:07.120822,Seoul-5505,-25,82,Normal
2026-02-14 20:03:08.120822,Seoul-5505,-23,71,Normal
2026-02-14 20:03:09.120822,Seoul-5505,49,78,Normal
2026-02-14 20:03:10.120822,Seoul-5505,27,21,Normal
2026-02-14 20:03:11.120822,Seoul-5505,-18,72,Normal
2026-02-14 20:03:12.120822,Seoul-5505,39,20,Normal
2026-02-14 20:03:13.120822,Seoul-5505,-23,44,Normal
2026-02-14 20:03:14.120822,Seoul-5505,29,64,Normal
2026-02-14 20:03:15.120822,Seoul-5505,3,31,Normal
2026-02-14 20:03:16.120822,Seoul-5505,44,50,Normal
2026-02-14 20:03:17.120822,Seoul-5505,44,41,Normal
2026-02-14 20:03:18.120822,Seoul-5505,17,32,Normal
2026-02-14 20:03:19.120822,Seoul-5505,-22,96,Normal
2026-02-14 20:03:20.120822,Seoul-5505,14,29,Normal
2026-02-14 20:03:21.120822,Seoul-5505,47,33,Normal
2026-02-14 20:03:22.120822,Seoul-5505,-27,27,Normal
2026-02-14 20:03:23.120822,Seoul-5505,-16,58,Normal
2026-02-14 20:03:24.120822,Seoul-5505,-10,25,Normal
2026-02-14 20:03:25.120822,Seoul-5505,-2,16,Normal
2026-02-14 20:03:26.120822,Seoul-5505,6,70,Normal
2026-02-14 20:03:27.120822,Seoul-5505,49,6,Normal
2026-02-14 20:03:28.120822,Seoul-5505,6,55,Normal
2026-02-14 20:03:29.120822,Seoul-5505,37,1,Normal
2026-02-14 20:03:30.120822,Seoul-5505,-5,20,Normal
2026-02-14 20:03:31.120822,Seoul-5505,41,79,Normal
2026-02-14 20:03:32.120822,Seoul-5505,42,55,Normal
2026-02-14 20:03:33.120822,Seoul-5505,-14,56,Normal
2026-02-14 20:03:34.120822,Seoul-5505,41,40,Normal
2026-02-14 20:03:35.120822,Seoul-5505,-20,10,Normal
2026-02-14 20:03:36.120822,Seoul-5505,17,65,Normal
2026-02-14 20:03:37.120822,Seoul-5505,9,85,Normal
2026-02-14 20:03:38.120822,Seoul-5505,-4,6,Normal
2026-02-14 20:03:39.120822,Seoul-5505,-2,47,Normal
2026-02-14 20:03:40.120822,Seoul-5505,4,2,Normal
2026-02-14 20:03:41.120822,Seoul-5505,48,13,Normal
2026-02-14 20:03:42.120822,Seoul-5505,21,76,Normal
2026-02-14 20:03:43.120822,Seoul-5505,2,66,Normal
2026-02-14 20:03:44.120822,Seoul-5505,28,44,Normal
2026-02-14 20:03:45.120822,Seoul-5505,-16,39,Normal
2026-02-14 20:03:46.120822,Seoul-5505,0,61,Normal
2026-02-14 20:03:47.120822,Seoul-5505,42,11,Normal
2026-02-14 20:03:48.120822,Seoul-5505,13,45,Normal
2026-02-14 20:03:49.120822,Seoul-5505,20,36,Normal
2026-02-14 20:03:50.120822,Seoul-5505,-30,11,Normal
2026-02-14 20:03:51.120822,Seoul-5505,12,46,Normal
2026-02-14 20:03:52.120822,Seoul-5505,40,31,Normal
2026-02-14 20:03:53.120822,Seoul-5505,6,82,Normal
2026-02-14 20:03:54.120822,Seoul-5505,7,94,Normal
2026-02-14 20:03:55.120822,Seoul-5505,-27,14,Normal
2026-02-14 20:03:56.120822,Seoul-5505,21,50,Normal
2026-02-14 20:03:57.120822,Seoul-5505,10,55,Normal
2026-02-14 20:03:58.120822,Seoul-5505,-25,41,Normal
2026-02-14 20:03:59.120822,Seoul-5505,43,82,Normal
2026-02-14 20:04:00.120822,Seoul-5505,43,98,Normal
2026-02-14 20:04:01.120822,Seoul-5505,31,53,Normal
2026-02-14 20:04:02.120822,Seoul-5505,20,90,Normal
2026-02-14 20:04:03.120822,Seoul-5505,46,38,Normal
2026-02-14 20:04:04.120822,Seoul-5505,-23,53,Normal
2026-02-14 20:04:05.120822,Seoul-5505,-6,69,Normal
2026-02-14 20:04:06.120822,Seoul-5505,28,9,Normal
2026-02-14 20:04:07.120822,Seoul-5505,-3,100,Normal
2026-02-14 20:04:08.120822,Seoul-5505,19,70,Normal
2026-02-14 20:04:09.120822,Seoul-5505,7,35,Normal
2026-02-14 20:04:10.120822,Seoul-5505,-14,6,Normal
2026-02-14 20:04:11.120822,Seoul-5505,-3,4,Normal
2026-02-14 20:04:12.120822,Seoul-5505,24,82,Normal
2026-02-14 20:04:13.120822,Seoul-5505,-14,43,Normal
2026-02-14 20:04:14.120822,Seoul-5505,6,39,Normal
2026-02-14 20:04:15.120822,Seoul-5505,-15,55,Normal
2026-02-14 20:04:16.120822,Seoul-5505,-18,44,Normal
2026-02-14 20:04:17.120822,Seoul-5505,10,53,Normal
2026-02-14 20:04:18.120822,Seoul-5505,-12,52,Normal
2026-02-14 20:04:19.120822,Seoul-5505,30,97,Normal
2026-02-14 20:04:20.120822,Seoul-5505,-27,10,Normal
2026-02-14 20:04:21.120822,Seoul-5505,24,20,Normal
2026-02-14 20:04:22.120822,Seoul-5505,-12,34,Normal
2026-02-14 20:04:23.120822,Seoul-5505,13,7,Normal
2026-02-14 20:04:24.120822,Seoul-5505,2,39,Normal
2026-02-14 20:04:25.120822,Seoul-5505,-6,77,Normal
2026-02-14 20:04:26.120822,Seoul-5505,44,16,Normal
2026-02-14 20:04:27.120822,Seoul-5505,17,99,Normal
2026-02-14 20:04:28.120822,Seoul-5505,-13,72,Normal
2026-02-14 20:04:29.120822,Seoul-5505,1,57,Normal
2026-02-14 20:04:30.120822,Seoul-5505,-7,39,Normal
2026-02-14 20:04:31.120822,Seoul-5505,44,61,Normal
2026-02-14 20:04:32.120822,Seoul-5505,46,26,Normal
2026-02-14 20:04:33.120822,Seoul-5505,24,9,Normal
2026-02-14 20:04:34.120822,Seoul-5505,25,23,Normal
2026-02-14 20:04:35.120822,Seoul-5505,43,93,Normal
2026-02-14 20:04:36.120822,Seoul-5505,36,53,Normal
2026-02-14 20:04:37.120822,Seoul-5505,16,42,Normal
2026-02-14 20:04:38.120822,Seoul-5505,-18,2,Normal
2026-02-14 20:04:39.120822,Seoul-5505,28,49,Normal
2026-02-14 20:04:40.120822,Seoul-5505,49,33,Normal
2026-02-14 20:04:41.120822,Seoul-5505,-9,69,Normal
2026-02-14 20:04:42.120822,Seoul-5505,43,42,Normal
2026-02-14 20:04:43.120822,Seoul-5505,-18,93,Normal
2026-02-14 20:04:44.120822,Seoul-5505,5,2,Normal
2026-02-14 20:04:45.120822,Seoul-5505,36,74,Normal
2026-02-14 20:04:46.120822,Seoul-5505,50,15,Normal
2026-02-14 20:04:47.120822,Seoul-5505,-22,84,Normal
2026-02-14 20:04:48.120822,Seoul-5505,41,85,Normal
2026-02-14 20:04:49.120822,Seoul-5505,31,17,Normal
2026-02-14 20:04:50.120822,Seoul-5505,-22,21,Normal
2026-02-14 20:04:51.120822,Seoul-5505,8,43,Normal
2026-02-14 20:04:52.120822,Seoul-5505,29,53,Normal
2026-02-14 20:04:53.120822,Seoul-5505,7,34,Normal
2026-02-14 20:04:54.120822,Seoul-5505,3,1,Normal
2026-02-14 20:04:55.120822,Seoul-5505,-30,51,Normal
2026-02-14 20:04:56.120822,Seoul-5505,30,87,Normal
2026-02-14 20:04:57.120822,Seoul-5505,21,42,Normal
2026-02-14 20:04:58.120822,Seoul-5505,-14,71,Normal
2026-02-14 20:04:59.120822,Seoul-5505,-14,58,Normal
2026-02-14 20:05:00.120822,Seoul-5505,43,98,Normal
2026-02-14 20:05:01.120822,Seoul-5505,1,10,Normal
2026-02-14 20:05:02.120822,Seoul-5505,11,0,Normal
2026-02-14 20:05:03.120822,Seoul-5505,-23,20,Normal
2026-02-14 20:05:04.120822,Seoul-5505,-9,97,Normal
2026-02-14 20:05:05.120822,Seoul-5505,45,65,Normal
2026-02-14 20:05:06.120822,Seoul-5505,25,55,Normal
2026-02-14 20:05:07.120822,Seoul-5505,5,86,Normal
2026-02-14 20:05:08.120822,Seoul-5505,-7,74,Normal
2026-02-14 20:05:09.120822,Seoul-5505,24,42,Normal
2026-02-14 20:05:10.120822,Seoul-5505,27,7,Normal
2026-02-14 20:05:11.120822,Seoul-5505,17,32,Normal
2026-02-14 20:05:12.120822,Seoul-5505,18,77,Normal
2026-02-14 20:05:13.120822,Seoul-5505,41,35,Normal
2026-02-14 20:05:14.120822,Seoul-5505,-28,9,Normal
2026-02-14 20:05:15.120822,Seoul-5505,48,81,Normal
2026-02-14 20:05:16.120822,Seoul-5505,-19,16,Normal
2026-02-14 20:05:17.120822,Seoul-5505,-4,31,Normal
2026-02-14 20:05:18.120822,Seoul-5505,15,67,Normal
2026-02-14 20:05:19.120822,Seoul-5505,14,75,Normal
2026-02-14 20:05:20.120822,Seoul-5505,7,71,Normal
2026-02-14 20:05:21.120822,Seoul-5505,16,19,Normal
2026-02-14 20:05:22.120822,Seoul-5505,11,21,Normal
2026-02-14 20:05:23.120822,Seoul-5505,-5,6,Normal
2026-02-14 20:05:24.120822,Seoul-5505,25,38,Normal
2026-02-14 20:05:25.120822,Seoul-5505,-26,55,Normal
2026-02-14 20:05:26.120822,Seoul-5505,44,56,Normal
2026-02-14 20:05:27.120822,Seoul-5505,-23,74,Normal
2026-02-14 20:05:28.120822,Seoul-5505,7,63,Normal
2026-02-14 20:05:29.120822,Seoul-5505,-3,6,Normal
2026-02-14 20:05:30.120822,Seoul-5505,15,53,Normal
2026-02-14 20:05:31.120822,Seoul-5505,-20,26,Normal
2026-02-14 20:05:32.120822,Seoul-5505,-19,62,Normal
2026-02-14 20:05:33.120822,Seoul-5505,42,6,Normal
2026-02-14 20:05:34.120822,Seoul-5505,11,53,Normal
2026-02-14 20:05:35.120822,Seoul-5505,-14,5,Normal
2026-02-14 20:05:36.120822,Seoul-5505,14,27,Normal
2026-02-14 20:05:37.120822,Seoul-5505,5,20,Normal
2026-02-14 20:05:38.120822,Seoul-5505,8,8,Normal
2026-02-14 20:05:39.120822,Seoul-5505,-19,79,Normal
2026-02-14 20:05:40.120822,Seoul-5505,-26,9,Normal
2026-02-14 20:05:41.120822,Seoul-5505,-11,31,Normal
2026-02-14 20:05:42.120822,Seoul-5505,38,7,Normal
2026-02-14 20:05:43.120822,Seoul-5505,18,100,Normal
2026-02-14 20:05:44.120822,Seoul-5505,-1,86,Normal
2026-02-14 20:05:45.120822,Seoul-5505,-10,57,Normal
2026-02-14 20:05:46.120822,Seoul-5505,-27,1,Normal
2026-02-14 20:05:47.120822,Seoul-5505,16,55,Normal
2026-02-14 20:05:48.120822,Seoul-5505,-11,95,Normal
2026-02-14 20:05:49.120822,Seoul-5505,20,71,Normal
2026-02-14 20:05:50.120822,Seoul-5505,23,47,Normal
2026-02-14 20:05:51.120822,Seoul-5505,26,70,Normal
2026-02-14 20:05:52.120822,Seoul-5505,-13,23,Normal
2026-02-14 20:05:53.120822,Seoul-5505,-1,73,Normal
2026-02-14 20:05:54.120822,Seoul-5505,37,0,Normal
2026-02-14 20:05:55.120822,Seoul-5505,-5,79,Normal
2026-02-14 20:05:56.120822,Seoul-5505,-14,77,Normal
2026-02-14 20:05:57.120822,Seoul-5505,-6,69,Normal
2026-02-14 20:05:58.120822,Seoul-5505,0,39,Normal
2026-02-14 20:05:59.120822,Seoul-5505,41,49,Normal
2026-02-14 20:06:00.120822,Seoul-5505,28,1,Normal
2026-02-14 20:06:01.120822,Seoul-5505,-2,32,Normal
2026-02-14 20:06:02.120822,Seoul-5505,4,69,Normal
2026-02-14 20:06:03.120822,Seoul-5505,14,89,Normal
2026-02-14 20:06:04.120822,Seoul-5505,-20,51,Normal
2026-02-14 20:06:05.120822,Seoul-5505,-6,85,Normal
2026-02-14 20:06:06.120822,Seoul-5505,32,94,Normal
2026-02-14 20:06:07.120822,Seoul-5505,-30,37,Normal
2026-02-14 20:06:08.120822,Seoul-5505,-27,88,Normal
2026-02-14 20:06:09.120822,Seoul-5505,-25,83,Normal
2026-02-14 20:06:10.120822,Seoul-5505,35,21,Normal
2026-02-14 20:06:11.120822,Seoul-5505,-3,53,Normal
2026-02-14 20:06:12.120822,Seoul-5505,44,82,Normal
2026-02-14 20:06:13.120822,Seoul-5505,-19,54,Normal
2026-02-14 20:06:14.120822,Seoul-5505,13,31,Normal
2026-02-14 20:06:15.120822,Seoul-5505,32,25,Normal
2026-02-14 20:06:16.120822,Seoul-5505,43,66,Normal
2026-02-14 20:06:17.120822,Seoul-5505,31,75,Normal
2026-02-14 20:06:18.120822,Seoul-5505,-1,93,Normal
2026-02-14 20:06:19.120822,Seoul-5505,-18,71,Normal
2026-02-14 20:06:20.120822,Seoul-5505,44,86,Normal
2026-02-14 20:06:21.120822,Seoul-5505,7,6,Normal
2026-02-14 20:06:22.120822,Seoul-5505,38,1,Normal
2026-02-14 20:06:23.120822,Seoul-5505,1,96,Normal
2026-02-14 20:06:24.120822,Seoul-5505,-2,43,Normal
2026-02-14 20:06:25.120822,Seoul-5505,25,5,Normal
2026-02-14 20:06:26.120822,Seoul-5505,8,80,Normal
2026-02-14 20:06:27.120822,Seoul-5505,37,29,Normal
2026-02-14 20:06:28.120822,Seoul-5505,-9,94,Normal
2026-02-14 20:06:29.120822,Seoul-5505,-6,22,Normal
2026-02-14 20:06:30.120822,Seoul-5505,-10,33,Normal
2026-02-14 20:06:31.120822,Seoul-5505,-5,80,Normal
2026-02-14 20:06:32.120822,Seoul-5505,-15,54,Normal
2026-02-14 20:06:33.120822,Seoul-5505,49,44,Normal
2026-02-14 20:06:34.120822,Seoul-5505,48,89,Normal
2026-02-14 20:06:35.120822,Seoul-5505,50,81,Normal
2026-02-14 20:06:36.120822,Seoul-5505,10,59,Normal
2026-02-14 20:06:37.120822,Seoul-5505,28,83,Normal
2026-02-14 20:06:38.120822,Seoul-5505,-16,83,Normal
2026-02-14 20:06:39.120822,Seoul-5505,-16,23,Normal
2026-02-14 20:06:40.120822,Seoul-5505,0,34,Normal
2026-02-14 20:06:41.120822,Seoul-5505,-21,43,Normal
2026-02-14 20:06:42.120822,Seoul-5505,-18,66,Normal
2026-02-14 20:06:43.120822,Seoul-5505,23,33,Normal
2026-02-14 20:06:44.120822,Seoul-5505,-29,31,Normal
2026-02-14 20:06:45.120822,Seoul-5505,-8,34,Normal
2026-02-14 20:06:46.120822,Seoul-5505,8,51,Normal
2026-02-14 20:06:47.120822,Seoul-5505,45,6,Normal
2026-02-14 20:06:48.120822,Seoul-5505,28,18,Normal
2026-02-14 20:06:49.120822,Seoul-5505,-28,5,Normal
2026-02-14 20:06:50.120822,Seoul-5505,-7,13,Normal
2026-02-14 20:06:51.120822,Seoul-5505,-10,48,Normal
2026-02-14 20:06:52.120822,Seoul-5505,25,5,Normal
2026-02-14 20:06:53.120822,Seoul-5505,14,15,Normal
2026-02-14 20:06:54.120822,Seoul-5505,25,76,Normal
2026-02-14 20:06:55.120822,Seoul-5505,33,51,Normal
2026-02-14 20:06:56.120822,Seoul-5505,23,66,Normal
2026-02-14 20:06:57.120822,Seoul-5505,-20,15,Normal
2026-02-14 20:06:58.120822,Seoul-5505,-29,91,Normal
2026-02-14 20:06:59.120822,Seoul-5505,-14,67,Normal
2026-02-14 20:07:00.120822,Seoul-5505,15,25,Normal
2026-02-14 20:07:01.120822,Seoul-5505,-11,21,Normal
2026-02-14 20:07:02.120822,Seoul-5505,37,66,Normal
2026-02-14 20:07:03.120822,Seoul-5505,3,46,Normal
2026-02-14 20:07:04.120822,Seoul-5505,19,98,Normal
2026-02-14 20:07:05.120822,Seoul-5505,-22,2,Normal
2026-02-14 20:07:06.120822,Seoul-5505,49,45,Normal
2026-02-14 20:07:07.120822,Seoul-5505,18,63,Normal
2026-02-14 20:07:08.120822,Seoul-5505,27,37,Normal
2026-02-14 20:07:09.120822,Seoul-5505,-22,79,Normal
2026-02-14 20:07:10.120822,Seoul-5505,-28,13,Normal
2026-02-14 20:07:11.120822,Seoul-5505,30,11,Normal
2026-02-14 20:07:12.120822,Seoul-5505,-17,64,Normal
2026-02-14 20:07:13.120822,Seoul-5505,18,85,Normal
2026-02-14 20:07:14.120822,Seoul-5505,46,12,Normal
2026-02-14 20:07:15.120822,Seoul-5505,-3,75,Normal
2026-02-14 20:07:16.120822,Seoul-5505,14,74,Normal
2026-02-14 20:07:17.120822,Seoul-5505,48,5,Normal
2026-02-14 20:07:18.120822,Seoul-5505,40,70,Normal
2026-02-14 20:07:19.120822,Seoul-5505,15,57,Normal
2026-02-14 20:07:20.120822,Seoul-5505,-1,16,Normal
2026-02-14 20:07:21.120822,Seoul-5505,-25,18,Normal
2026-02-14 20:07:22.120822,Seoul-5505,-9,15,Normal
2026-02-14 20:07:23.120822,Seoul-5505,-29,23,Normal
2026-02-14 20:07:24.120822,Seoul-5505,35,72,Normal
2026-02-14 20:07:25.120822,Seoul-5505,0,37,Normal
2026-02-14 20:07:26.120822,Seoul-5505,19,87,Normal
2026-02-14 20:07:27.120822,Seoul-5505,-24,32,Normal
2026-02-14 20:07:28.120822,Seoul-5505,30,18,Normal
2026-02-14 20:07:29.120822,Seoul-5505,18,72,Normal
2026-02-14 20:07:30.120822,Seoul-5505,50,34,Normal
2026-02-14 20:07:31.120822,Seoul-5505,21,86,Normal
2026-02-14 20:07:32.120822,Seoul-5505,46,53,Normal
2026-02-14 20:07:33.120822,Seoul-5505,0,66,Normal
2026-02-14 20:07:34.120822,Seoul-5505,-21,73,Normal
2026-02-14 20:07:35.120822,Seoul-5505,37,46,Normal
2026-02-14 20:07:36.120822,Seoul-5505,10,31,Normal
2026-02-14 20:07:37.120822,Seoul-5505,-17,6,Normal
2026-02-14 20:07:38.120822,Seoul-5505,17,66,Normal
2026-02-14 20:07:39.120822,Seoul-5505,-16,98,Normal
2026-02-14 20:07:40.120822,Seoul-5505,-3,21,Normal
2026-02-14 20:07:41.120822,Seoul-5505,27,99,Normal
2026-02-14 20:07:42.120822,Seoul-5505,12,70,Normal
2026-02-14 20:07:43.120822,Seoul-5505,47,26,Normal
2026-02-14 20:07:44.120822,Seoul-5505,6,0,Normal
2026-02-14 20:07:45.120822,Seoul-5505,-16,45,Normal
2026-02-14 20:07:46.120822,Seoul-5505,4,53,Normal
2026-02-14 20:07:47.120822,Seoul-5505,33,87,Normal
2026-02-14 20:07:48.120822,Seoul-5505,8,67,Normal
2026-02-14 20:07:49.120822,Seoul-5505,-16,3,Normal
2026-02-14 20:07:50.120822,Seoul-5505,20,9,Normal
2026-02-14 20:07:51.120822,Seoul-5505,-19,70,Normal
2026-02-14 20:07:52.120822,Seoul-5505,42,40,Normal
2026-02-14 20:07:53.120822,Seoul-5505,-19,76,Normal
2026-02-14 20:07:54.120822,Seoul-5505,21,34,Normal
2026-02-14 20:07:55.120822,Seoul-5505,14,94,Normal
2026-02-14 20:07:56.120822,Seoul-5505,34,79,Normal
2026-02-14 20:07:57.120822,Seoul-5505,25,33,Normal
2026-02-14 20:07:58.120822,Seoul-5505,42,52,Normal
2026-02-14 20:07:59.120822,Seoul-5505,-30,4,Normal
2026-02-14 20:08:00.120822,Seoul-5505,34,0,Normal
2026-02-14 20:08:01.120822,Seoul-5505,-18,40,Normal
2026-02-14 20:08:02.120822,Seoul-5505,48,33,Normal
2026-02-14 20:08:03.120822,Seoul-5505,1,57,Normal
2026-02-14 20:08:04.120822,Seoul-5505,-22,10,Normal
2026-02-14 20:08:05.120822,Seoul-5505,-7,24,Normal
2026-02-14 20:08:06.120822,Seoul-5505,32,4,Normal
2026-02-14 20:08:07.120822,Seoul-5505,23,4,Normal
2026-02-14 20:08:08.120822,Seoul-5505,6,47,Normal
2026-02-14 20:08:09.120822,Seoul-5505,48,6,Normal
2026-02-14 20:08:10.120822,Seoul-5505,28,5,Normal
2026-02-14 20:08:11.120822,Seoul-5505,-23,0,Normal
2026-02-14 20:08:12.120822,Seoul-5505,-29,47,Normal
2026-02-14 20:08:13.120822,Seoul-5505,0,88,Normal
2026-02-14 20:08:14.120822,Seoul-5505,35,4,Normal
2026-02-14 20:08:15.120822,Seoul-5505,29,67,Normal
2026-02-14 20:08:16.120822,Seoul-5505,-18,43,Normal
2026-02-14 20:08:17.120822,Seoul-5505,19,50,Normal
2026-02-14 20:08:18.120822,Seoul-5505,-29,82,Normal
2026-02-14 20:08:19.120822,Seoul-5505,29,0,Normal
2026-02-14 20:08:20.120822,Seoul-5505,-13,1,Normal
2026-02-14 20:08:21.120822,Seoul-5505,9,55,Normal
2026-02-14 20:08:22.120822,Seoul-5505,-3,70,Normal
2026-02-14 20:08:23.120822,Seoul-5505,12,35,Normal
2026-02-14 20:08:24.120822,Seoul-5505,45,3,Normal
2026-02-14 20:08:25.120822,Seoul-5505,2,8,Normal
2026-02-14 20:08:26.120822,Seoul-5505,-22,42,Normal
2026-02-14 20:08:27.120822,Seoul-5505,37,1,Normal
2026-02-14 20:08:28.120822,Seoul-5505,40,29,Normal
2026-02-14 20:08:29.120822,Seoul-5505,23,55,Normal
2026-02-14 20:08:30.120822,Seoul-5505,15,90,Normal
2026-02-14 20:08:31.120822,Seoul-5505,24,58,Normal
2026-02-14 20:08:32.120822,Seoul-5505,-9,84,Normal
2026-02-14 20:08:33.120822,Seoul-5505,-12,85,Normal
2026-02-14 20:08:34.120822,Seoul-5505,12,60,Normal
2026-02-14 20:08:35.120822,Seoul-5505,4,92,Normal
2026-02-14 20:08:36.120822,Seoul-5505,31,87,Normal
2026-02-14 20:08:37.120822,Seoul-5505,-30,3,Normal
2026-02-14 20:08:38.120822,Seoul-5505,1,2,Normal
2026-02-14 20:08:39.120822,Seoul-5505,19,91,Normal
2026-02-14 20:08:40.120822,Seoul-5505,36,43,Normal
2026-02-14 20:08:41.120822,Seoul-5505,-9,32,Normal
2026-02-14 20:08:42.120822,Seoul-5505,10,57,Normal
2026-02-14 20:08:43.120822,Seoul-5505,10,77,Normal
2026-02-14 20:08:44.120822,Seoul-5505,15,70,Normal
2026-02-14 20:08:45.120822,Seoul-5505,8,16,Normal
2026-02-14 20:08:46.120822,Seoul-5505,-15,94,Normal
2026-02-14 20:08:47.120822,Seoul-5505,13,1,Normal
2026-02-14 20:08:48.120822,Seoul-5505,21,68,Normal
2026-02-14 20:08:49.120822,Seoul-5505,4,15,Normal
2026-02-14 20:08:50.120822,Seoul-5505,-1,0,Normal
2026-02-14 20:08:51.120822,Seoul-5505,1,60,Normal
2026-02-14 20:08:52.120822,Seoul-5505,3,43,Normal
2026-02-14 20:08:53.120822,Seoul-5505,9,40,Normal
2026-02-14 20:08:54.120822,Seoul-5505,28,87,Normal
2026-02-14 20:08:55.120822,Seoul-5505,-29,46,Normal
2026-02-14 20:08:56.120822,Seoul-5505,-25,92,Normal
2026-02-14 20:08:57.120822,Seoul-5505,-22,75,Normal
2026-02-14 20:08:58.120822,Seoul-5505,32,38,Normal
2026-02-14 20:08:59.120822,Seoul-5505,-2,33,Normal
2026-02-14 20:09:00.120822,Seoul-5505,-22,50,Normal
2026-02-14 20:09:01.120822,Seoul-5505,-5,40,Normal
2026-02-14 20:09:02.120822,Seoul-5505,-3,77,Normal
2026-02-14 20:09:03.120822,Seoul-5505,39,7,Normal
2026-02-14 20:09:04.120822,Seoul-5505,26,46,Normal
2026-02-14 20:09:05.120822,Seoul-5505,48,74,Normal
2026-02-14 20:09:06.120822,Seoul-5505,26,69,Normal
2026-02-14 20:09:07.120822,Seoul-5505,23,20,Normal
2026-02-14 20:09:08.120822,Seoul-5505,11,47,Normal
2026-02-14 20:09:09.120822,Seoul-5505,-15,51,Normal
2026-02-14 20:09:10.120822,Seoul-5505,15,61,Normal
2026-02-14 20:09:11.120822,Seoul-5505,18,82,Normal
2026-02-14 20:09:12.120822,Seoul-5505,49,25,Normal
2026-02-14 20:09:13.120822,Seoul-5505,2,98,Normal
2026-02-14 20:09:14.120822,Seoul-5505,16,77,Normal
2026-02-14 20:09:15.120822,Seoul-5505,13,85,Normal
2026-02-14 20:09:16.120822,Seoul-5505,37,66,Normal
2026-02-14 20:09:17.120822,Seoul-5505,6,83,Normal
2026-02-14 20:09:18.120822,Seoul-5505,38,44,Normal
2026-02-14 20:09:19.120822,Seoul-5505,-12,10,Normal
2026-02-14 20:09:20.120822,Seoul-5505,13,57,Normal
2026-02-14 20:09:21.120822,Seoul-5505,25,97,Normal
2026-02-14 20:09:22.120822,Seoul-5505,39,9,Normal
2026-02-14 20:09:23.120822,Seoul-5505,-22,99,Normal
2026-02-14 20:09:24.120822,Seoul-5505,-14,38,Normal
2026-02-14 20:09:25.120822,Seoul-5505,31,81,Normal
2026-02-14 20:09:26.120822,Seoul-5505,22,55,Normal
2026-02-14 20:09:27.120822,Seoul-5505,46,17,Normal
2026-02-14 20:09:28.120822,Seoul-5505,30,12,Normal
2026-02-14 20:09:29.120822,Seoul-5505,-25,48,Normal
2026-02-14 20:09:30.120822,Seoul-5505,30,53,Normal
2026-02-14 20:09:31.120822,Seoul-5505,2,77,Normal
2026-02-14 20:09:32.120822,Seoul-5505,-30,92,Normal
2026-02-14 20:09:33.120822,Seoul-5505,34,80,Normal
2026-02-14 20:09:34.120822,Seoul-5505,7,100,Normal
2026-02-14 20:09:35.120822,Seoul-5505,30,81,Normal
2026-02-14 20:09:36.120822,Seoul-5505,39,21,Normal
2026-02-14 20:09:37.120822,Seoul-5505,37,11,Normal
2026-02-14 20:09:38.120822,Seoul-5505,48,100,Normal
2026-02-14 20:09:39.120822,Seoul-5505,-16,19,Normal
2026-02-14 20:09:40.120822,Seoul-5505,-29,100,Normal
2026-02-14 20:09:41.120822,Seoul-5505,44,71,Normal
2026-02-14 20:09:42.120822,Seoul-5505,31,54,Normal
2026-02-14 20:09:43.120822,Seoul-5505,-26,50,Normal
2026-02-14 20:09:44.120822,Seoul-5505,10,45,Normal
2026-02-14 20:09:45.120822,Seoul-5505,22,49,Normal
2026-02-14 20:09:46.120822,Seoul-5505,-8,17,Normal
2026-02-14 20:09:47.120822,Seoul-5505,-30,58,Normal
2026-02-14 20:09:48.120822,Seoul-5505,-1,96,Normal
2026-02-14 20:09:49.120822,Seoul-5505,-5,39,Normal
2026-02-14 20:09:50.120822,Seoul-5505,46,70,Normal
2026-02-14 20:09:51.120822,Seoul-5505,46,69,Normal
2026-02-14 20:09:52.120822,Seoul-5505,-30,99,Normal
2026-02-14 20:09:53.120822,Seoul-5505,-15,18,Normal
2026-02-14 20:09:54.120822,Seoul-5505,15,82,Normal
2026-02-14 20:09:55.120822,Seoul-5505,22,44,Normal
2026-02-14 20:09:56.120822,Seoul-5505,22,67,Normal
2026-02-14 20:09:57.120822,Seoul-5505,28,22,Normal
2026-02-14 20:09:58.120822,Seoul-5505,-1,89,Normal
2026-02-14 20:09:59.120822,Seoul-5505,8,49,Normal
2026-02-14 20:10:00.120822,Seoul-5505,28,14,Normal
2026-02-14 20:10:01.120822,Seoul-5505,18,20,Normal
2026-02-14 20:10:02.120822,Seoul-5505,-12,12,Normal
2026-02-14 20:10:03.120822,Seoul-5505,-22,35,Normal
2026-02-14 20:10:04.120822,Seoul-5505,12,8,Normal
2026-02-14 20:10:05.120822,Seoul-5505,17,36,Normal
2026-02-14 20:10:06.120822,Seoul-5505,50,23,Normal
2026-02-14 20:10:07.120822,Seoul-5505,35,35,Normal
2026-02-14 20:10:08.120822,Seoul-5505,-25,63,Normal
2026-02-14 20:10:09.120822,Seoul-5505,-16,18,Normal
2026-02-14 20:10:10.120822,Seoul-5505,1,26,Normal
2026-02-14 20:10:11.120822,Seoul-5505,-6,34,Normal
2026-02-14 20:10:12.120822,Seoul-5505,23,7,Normal
2026-02-14 20:10:13.120822,Seoul-5505,30,30,Normal
2026-02-14 20:10:14.120822,Seoul-5505,33,80,Normal
2026-02-14 20:10:15.120822,Seoul-5505,-13,48,Normal
2026-02-14 20:10:16.120822,Seoul-5505,-10,5,Normal
2026-02-14 20:10:17.120822,Seoul-5505,-3,8,Normal
2026-02-14 20:10:18.120822,Seoul-5505,28,70,Normal
2026-02-14 20:10:19.120822,Seoul-5505,-18,31,Normal
2026-02-14 20:10:20.120822,Seoul-5505,37,81,Normal
2026-02-14 20:10:21.120822,Seoul-5505,-26,40,Normal
2026-02-14 20:10:22.120822,Seoul-5505,-1,42,Normal
2026-02-14 20:10:23.120822,Seoul-5505,15,18,Normal
2026-02-14 20:10:24.120822,Seoul-5505,-28,62,Normal
2026-02-14 20:10:25.120822,Seoul-5505,43,74,Normal
2026-02-14 20:10:26.120822,Seoul-5505,7,11,Normal
2026-02-14 20:10:27.120822,Seoul-5505,18,36,Normal
2026-02-14 20:10:28.120822,Seoul-5505,-19,5,Normal
2026-02-14 20:10:29.120822,Seoul-5505,50,93,Normal
2026-02-14 20:10:30.120822,Seoul-5505,21,93,Normal
2026-02-14 20:10:31.120822,Seoul-5505,-28,11,Normal
2026-02-14 20:10:32.120822,Seoul-5505,11,14,Normal
2026-02-14 20:10:33.120822,Seoul-5505,-26,32,Normal
2026-02-14 20:10:34.120822,Seoul-5505,25,23,Normal
2026-02-14 20:10:35.120822,Seoul-5505,25,91,Normal
2026-02-14 20:10:36.120822,Seoul-5505,29,37,Normal
2026-02-14 20:10:37.120822,Seoul-5505,13,45,Normal
2026-02-14 20:10:38.120822,Seoul-5505,24,60,Normal
2026-02-14 20:10:39.120822,Seoul-5505,6,7,Normal
2026-02-14 20:10:40.120822,Seoul-5505,12,77,Normal
2026-02-14 20:10:41.120822,Seoul-5505,-17,44,Normal
2026-02-14 20:10:42.120822,Seoul-5505,-24,74,Normal
2026-02-14 20:10:43.120822,Seoul-5505,12,89,Normal
2026-02-14 20:10:44.120822,Seoul-5505,33,66,Normal
2026-02-14 20:10:45.120822,Seoul-5505,-20,70,Normal
2026-02-14 20:10:46.120822,Seoul-5505,-7,1,Normal
2026-02-14 20:10:47.120822,Seoul-5505,14,64,Normal
2026-02-14 20:10:48.120822,Seoul-5505,14,5,Normal
2026-02-14 20:10:49.120822,Seoul-5505,30,5,Normal
2026-02-14 20:10:50.120822,Seoul-5505,14,0,Normal
2026-02-14 20:10:51.120822,Seoul-5505,13,32,Normal
2026-02-14 20:10:52.120822,Seoul-5505,5,24,Normal
2026-02-14 20:10:53.120822,Seoul-5505,-23,33,Normal
2026-02-14 20:10:54.120822,Seoul-5505,34,86,Normal
2026-02-14 20:10:55.120822,Seoul-5505,-23,16,Normal
2026-02-14 20:10:56.120822,Seoul-5505,9,36,Normal
2026-02-14 20:10:57.120822,Seoul-5505,-23,78,Normal
2026-02-14 20:10:58.120822,Seoul-5505,0,34,Normal
2026-02-14 20:10:59.120822,Seoul-5505,-27,91,Normal
2026-02-14 20:11:00.120822,Seoul-5505,27,7,Normal
2026-02-14 20:11:01.120822,Seoul-5505,35,18,Normal
2026-02-14 20:11:02.120822,Seoul-5505,-9,24,Normal
2026-02-14 20:11:03.120822,Seoul-5505,18,32,Normal
2026-02-14 20:11:04.120822,Seoul-5505,-8,43,Normal
2026-02-14 20:11:05.120822,Seoul-5505,38,46,Normal
2026-02-14 20:11:06.120822,Seoul-5505,10,45,Normal
2026-02-14 20:11:07.120822,Seoul-5505,10,38,Normal
2026-02-14 20:11:08.120822,Seoul-5505,30,69,Normal
2026-02-14 20:11:09.120822,Seoul-5505,23,41,Normal
2026-02-14 20:11:10.120822,Seoul-5505,49,42,Normal
2026-02-14 20:11:11.120822,Seoul-5505,28,53,Normal
2026-02-14 20:11:12.120822,Seoul-5505,50,87,Normal
2026-02-14 20:11:13.120822,Seoul-5505,-10,15,Normal
2026-02-14 20:11:14.120822,Seoul-5505,-16,24,Normal
2026-02-14 20:11:15.120822,Seoul-5505,11,80,Normal
2026-02-14 20:11:16.120822,Seoul-5505,26,46,Normal
2026-02-14 20:11:17.120822,Seoul-5505,48,27,Normal
2026-02-14 20:11:18.120822,Seoul-5505,20,30,Normal
2026-02-14 20:11:19.120822,Seoul-5505,-29,68,Normal
2026-02-14 20:11:20.120822,Seoul-5505,47,95,Normal
2026-02-14 20:11:21.120822,Seoul-5505,33,37,Normal
2026-02-14 20:11:22.120822,Seoul-5505,-25,22,Normal
2026-02-14 20:11:23.120822,Seoul-5505,42,84,Normal
2026-02-14 20:11:24.120822,Seoul-5505,37,5,Normal
2026-02-14 20:11:25.120822,Seoul-5505,21,45,Normal
2026-02-14 20:11:26.120822,Seoul-5505,28,12,Normal
2026-02-14 20:11:27.120822,Seoul-5505,9,24,Normal
2026-02-14 20:11:28.120822,Seoul-5505,33,91,Normal
2026-02-14 20:11:29.120822,Seoul-5505,47,51,Normal
2026-02-14 20:11:30.120822,Seoul-5505,-30,54,Normal
2026-02-14 20:11:31.120822,Seoul-5505,36,78,Normal
2026-02-14 20:11:32.120822,Seoul-5505,49,58,Normal
2026-02-14 20:11:33.120822,Seoul-5505,35,58,Normal
2026-02-14 20:11:34.120822,Seoul-5505,4,1,Normal
2026-02-14 20:11:35.120822,Seoul-5505,46,22,Normal
2026-02-14 20:11:36.120822,Seoul-5505,-3,19,Normal
2026-02-14 20:11:37.120822,Seoul-5505,23,47,Normal
2026-02-14 20:11:38.120822,Seoul-5505,44,42,Normal
2026-02-14 20:11:39.120822,Seoul-5505,28,35,Normal
2026-02-14 20:11:40.120822,Seoul-5505,32,40,Normal
2026-02-14 20:11:41.120822,Seoul-5505,-13,30,Normal
2026-02-14 20:11:42.120822,Seoul-5505,-6,89,Normal
2026-02-14 20:11:43.120822,Seoul-5505,17,67,Normal
2026-02-14 20:11:44.120822,Seoul-5505,45,12,Normal
2026-02-14 20:11:45.120822,Seoul-5505,-20,68,Normal
2026-02-14 20:11:46.120822,Seoul-5505,7,19,Normal
2026-02-14 20:11:47.120822,Seoul-5505,8,10,Normal
2026-02-14 20:11:48.120822,Seoul-5505,6,37,Normal
2026-02-14 20:11:49.120822,Seoul-5505,18,69,Normal
2026-02-14 20:11:50.120822,Seoul-5505,-20,24,Normal
2026-02-14 20:11:51.120822,Seoul-5505,18,6,Normal
2026-02-14 20:11:52.120822,Seoul-5505,-7,95,Normal
2026-02-14 20:11:53.120822,Seoul-5505,27,99,Normal
2026-02-14 20:11:54.120822,Seoul-5505,20,99,Normal
2026-02-14 20:11:55.120822,Seoul-5505,13,39,Normal
2026-02-14 20:11:56.120822,Seoul-5505,0,85,Normal
2026-02-14 20:11:57.120822,Seoul-5505,-30,64,Normal
2026-02-14 20:11:58.120822,Seoul-5505,-8,5,Normal
2026-02-14 20:11:59.120822,Seoul-5505,-11,89,Normal
2026-02-14 20:12:00.120822,Seoul-5505,40,77,Normal
2026-02-14 20:12:01.120822,Seoul-5505,-24,37,Normal
2026-02-14 20:12:02.120822,Seoul-5505,40,72,Normal
2026-02-14 20:12:03.120822,Seoul-5505,34,58,Normal
2026-02-14 20:12:04.120822,Seoul-5505,-13,70,Normal
2026-02-14 20:12:05.120822,Seoul-5505,-26,63,Normal
2026-02-14 20:12:06.120822,Seoul-5505,-4,35,Normal
2026-02-14 20:12:07.120822,Seoul-5505,-18,26,Normal
2026-02-14 20:12:08.120822,Seoul-5505,1,82,Normal
2026-02-14 20:12:09.120822,Seoul-5505,12,44,Normal
2026-02-14 20:12:10.120822,Seoul-5505,-17,47,Normal
2026-02-14 20:12:11.120822,Seoul-5505,27,5,Normal
2026-02-14 20:12:12.120822,Seoul-5505,21,22,Normal
2026-02-14 20:12:13.120822,Seoul-5505,35,16,Normal
2026-02-14 20:12:14.120822,Seoul-5505,11,27,Normal
2026-02-14 20:12:15.120822,Seoul-5505,1,16,Normal
2026-02-14 20:12:16.120822,Seoul-5505,44,41,Normal
2026-02-14 20:12:17.120822,Seoul-5505,-3,20,Normal
2026-02-14 20:12:18.120822,Seoul-5505,-5,70,Normal
2026-02-14 20:12:19.120822,Seoul-5505,30,44,Normal
2026-02-14 20:12:20.120822,Seoul-5505,-27,51,Normal
2026-02-14 20:12:21.120822,Seoul-5505,-4,88,Normal
2026-02-14 20:12:22.120822,Seoul-5505,44,60,Normal
2026-02-14 20:12:23.120822,Seoul-5505,42,76,Normal
2026-02-14 20:12:24.120822,Seoul-5505,-24,65,Normal
2026-02-14 20:12:25.120822,Seoul-5505,31,36,Normal
2026-02-14 20:12:26.120822,Seoul-5505,-19,47,Normal
2026-02-14 20:12:27.120822,Seoul-5505,-15,64,Normal
2026-02-14 20:12:28.120822,Seoul-5505,39,46,Normal
2026-02-14 20:12:29.120822,Seoul-5505,-21,27,Normal
2026-02-14 20:12:30.120822,Seoul-5505,42,91,Normal
2026-02-14 20:12:31.120822,Seoul-5505,43,69,Normal
2026-02-14 20:12:32.120822,Seoul-5505,35,2,Normal
2026-02-14 20:12:33.120822,Seoul-5505,50,49,Normal
2026-02-14 20:12:34.120822,Seoul-5505,45,77,Normal
2026-02-14 20:12:35.120822,Seoul-5505,-28,63,Normal
2026-02-14 20:12:36.120822,Seoul-5505,38,44,Normal
2026-02-14 20:12:37.120822,Seoul-5505,-17,68,Normal
2026-02-14 20:12:38.120822,Seoul-5505,-30,65,Normal
2026-02-14 20:12:39.120822,Seoul-5505,42,46,Normal
2026-02-14 20:12:40.120822,Seoul-5505,41,53,Normal
2026-02-14 20:12:41.120822,Seoul-5505,16,19,Normal
2026-02-14 20:12:42.120822,Seoul-5505,-18,46,Normal
2026-02-14 20:12:43.120822,Seoul-5505,34,84,Normal
2026-02-14 20:12:44.120822,Seoul-5505,-30,60,Normal
2026-02-14 20:12:45.120822,Seoul-5505,18,13,Normal
2026-02-14 20:12:46.120822,Seoul-5505,42,99,Normal
2026-02-14 20:12:47.120822,Seoul-5505,20,41,Normal
2026-02-14 20:12:48.120822,Seoul-5505,5,49,Normal
2026-02-14 20:12:49.120822,Seoul-5505,23,28,Normal
2026-02-14 20:12:50.120822,Seoul-5505,17,73,Normal
2026-02-14 20:12:51.120822,Seoul-5505,-17,87,Normal
2026-02-14 20:12:52.120822,Seoul-5505,24,43,Normal
2026-02-14 20:12:53.120822,Seoul-5505,1,42,Normal
2026-02-14 20:12:54.120822,Seoul-5505,23,57,Normal
2026-02-14 20:12:55.120822,Seoul-5505,13,75,Normal
2026-02-14 20:12:56.120822,Seoul-5505,20,26,Normal
2026-02-14 20:12:57.120822,Seoul-5505,-17,28,Normal
2026-02-14 20:12:58.120822,Seoul-5505,-4,68,Normal
2026-02-14 20:12:59.120822,Seoul-5505,-2,57,Normal
2026-02-14 20:13:00.120822,Seoul-5505,-24,21,Normal
2026-02-14 20:13:01.120822,Seoul-5505,-13,55,Normal
2026-02-14 20:13:02.120822,Seoul-5505,18,90,Normal
2026-02-14 20:13:03.120822,Seoul-5505,32,8,Normal
2026-02-14 20:13:04.120822,Seoul-5505,-15,11,Normal
2026-02-14 20:13:05.120822,Seoul-5505,-30,23,Normal
2026-02-14 20:13:06.120822,Seoul-5505,-24,48,Normal
2026-02-14 20:13:07.120822,Seoul-5505,44,3,Normal
2026-02-14 20:13:08.120822,Seoul-5505,1,26,Normal
2026-02-14 20:13:09.120822,Seoul-5505,45,55,Normal
2026-02-14 20:13:10.120822,Seoul-5505,14,5,Normal
2026-02-14 20:13:11.120822,Seoul-5505,1,76,Normal
2026-02-14 20:13:12.120822,Seoul-5505,47,55,Normal
2026-02-14 20:13:13.120822,Seoul-5505,-14,50,Normal
2026-02-14 20:13:14.120822,Seoul-5505,-14,70,Normal
2026-02-14 20:13:15.120822,Seoul-5505,48,21,Normal
2026-02-14 20:13:16.120822,Seoul-5505,3,66,Normal
2026-02-14 20:13:17.120822,Seoul-5505,5,24,Normal
2026-02-14 20:13:18.120822,Seoul-5505,-20,41,Normal
2026-02-14 20:13:19.120822,Seoul-5505,15,32,Normal
2026-02-14 20:13:20.120822,Seoul-5505,49,50,Normal
2026-02-14 20:13:21.120822,Seoul-5505,-4,15,Normal
2026-02-14 20:13:22.120822,Seoul-5505,1,55,Normal
2026-02-14 20:13:23.120822,Seoul-5505,-27,41,Normal
2026-02-14 20:13:24.120822,Seoul-5505,14,60,Normal
2026-02-14 20:13:25.120822,Seoul-5505,-23,95,Normal
2026-02-14 20:13:26.120822,Seoul-5505,23,41,Normal
2026-02-14 20:13:27.120822,Seoul-5505,17,60,Normal
2026-02-14 20:13:28.120822,Seoul-5505,5,97,Normal
2026-02-14 20:13:29.120822,Seoul-5505,32,54,Normal
2026-02-14 20:13:30.120822,Seoul-5505,2,3,Normal
2026-02-14 20:13:31.120822,Seoul-5505,13,99,Normal
2026-02-14 20:13:32.120822,Seoul-5505,-28,93,Normal
2026-02-14 20:13:33.120822,Seoul-5505,-7,10,Normal
2026-02-14 20:13:34.120822,Seoul-5505,-25,54,Normal
2026-02-14 20:13:35.120822,Seoul-5505,-2,82,Normal
2026-02-14 20:13:36.120822,Seoul-5505,5,70,Normal
2026-02-14 20:13:37.120822,Seoul-5505,-28,94,Normal
2026-02-14 20:13:38.120822,Seoul-5505,47,97,Normal
2026-02-14 20:13:39.120822,Seoul-5505,-7,40,Normal
2026-02-14 20:13:40.120822,Seoul-5505,-29,2,Normal
2026-02-14 20:13:41.120822,Seoul-5505,30,75,Normal
2026-02-14 20:13:42.120822,Seoul-5505,9,92,Normal
2026-02-14 20:13:43.120822,Seoul-5505,2,4,Normal
2026-02-14 20:13:44.120822,Seoul-5505,29,17,Normal
2026-02-14 20:13:45.120822,Seoul-5505,-3,64,Normal
2026-02-14 20:13:46.120822,Seoul-5505,43,46,Normal
2026-02-14 20:13:47.120822,Seoul-5505,29,36,Normal
2026-02-14 20:13:48.120822,Seoul-5505,-20,54,Normal
2026-02-14 20:13:49.120822,Seoul-5505,8,67,Normal
2026-02-14 20:13:50.120822,Seoul-5505,-30,17,Normal
2026-02-14 20:13:51.120822,Seoul-5505,-19,16,Normal
2026-02-14 20:13:52.120822,Seoul-5505,1,48,Normal
2026-02-14 20:13:53.120822,Seoul-5505,17,25,Normal
2026-02-14 20:13:54.120822,Seoul-5505,9,26,Normal
2026-02-14 20:13:55.120822,Seoul-5505,17,65,Normal
2026-02-14 20:13:56.120822,Seoul-5505,-21,34,Normal
2026-02-14 20:13:57.120822,Seoul-5505,9,90,Normal
2026-02-14 20:13:58.120822,Seoul-5505,39,38,Normal
2026-02-14 20:13:59.120822,Seoul-5505,27,86,Normal
2026-02-14 20:14:00.120822,Seoul-5505,-27,46,Normal
2026-02-14 20:14:01.120822,Seoul-5505,46,17,Normal
2026-02-14 20:14:02.120822,Seoul-5505,-25,87,Normal
2026-02-14 20:14:03.120822,Seoul-5505,-24,57,Normal
2026-02-14 20:14:04.120822,Seoul-5505,34,94,Normal
2026-02-14 20:14:05.120822,Seoul-5505,49,27,Normal
2026-02-14 20:14:06.120822,Seoul-5505,47,0,Normal
2026-02-14 20:14:07.120822,Seoul-5505,38,92,Normal
2026-02-14 20:14:08.120822,Seoul-5505,37,79,Normal
2026-02-14 20:14:09.120822,Seoul-5505,-8,76,Normal
2026-02-14 20:14:10.120822,Seoul-5505,36,42,Normal
2026-02-14 20:14:11.120822,Seoul-5505,-27,43,Normal
2026-02-14 20:14:12.120822,Seoul-5505,-7,73,Normal
2026-02-14 20:14:13.120822,Seoul-5505,10,14,Normal
2026-02-14 20:14:14.120822,Seoul-5505,-18,51,Normal
2026-02-14 20:14:15.120822,Seoul-5505,-22,8,Normal
2026-02-14 20:14:16.120822,Seoul-5505,42,71,Normal
2026-02-14 20:14:17.120822,Seoul-5505,28,10,Normal
2026-02-14 20:14:18.120822,Seoul-5505,-28,94,Normal
2026-02-14 20:14:19.120822,Seoul-5505,33,38,Normal
2026-02-14 20:14:20.120822,Seoul-5505,-23,83,Normal
2026-02-14 20:14:21.120822,Seoul-5505,34,56,Normal
2026-02-14 20:14:22.120822,Seoul-5505,46,25,Normal
2026-02-14 20:14:23.120822,Seoul-5505,15,37,Normal
2026-02-14 20:14:24.120822,Seoul-5505,-14,20,Normal
2026-02-14 20:14:25.120822,Seoul-5505,0,26,Normal
2026-02-14 20:14:26.120822,Seoul-5505,-19,86,Normal
2026-02-14 20:14:27.120822,Seoul-5505,22,57,Normal
2026-02-14 20:14:28.120822,Seoul-5505,28,42,Normal
2026-02-14 20:14:29.120822,Seoul-5505,-27,16,Normal
2026-02-14 20:14:30.120822,Seoul-5505,-25,17,Normal
2026-02-14 20:14:31.120822,Seoul-5505,-30,54,Normal
2026-02-14 20:14:32.120822,Seoul-5505,-22,72,Normal
2026-02-14 20:14:33.120822,Seoul-5505,-15,5,Normal
2026-02-14 20:14:34.120822,Seoul-5505,37,28,Normal
2026-02-14 20:14:35.120822,Seoul-5505,43,51,Normal
2026-02-14 20:14:36.120822,Seoul-5505,1,79,Normal
2026-02-14 20:14:37.120822,Seoul-5505,-3,51,Normal
2026-02-14 20:14:38.120822,Seoul-5505,-20,51,Normal
2026-02-14 20:14:39.120822,Seoul-5505,-28,91,Normal
2026-02-14 20:14:40.120822,Seoul-5505,11,69,Normal
2026-02-14 20:14:41.120822,Seoul-5505,3,12,Normal
2026-02-14 20:14:42.120822,Seoul-5505,28,37,Normal
2026-02-14 20:14:43.120822,Seoul-5505,46,58,Normal
2026-02-14 20:14:44.120822,Seoul-5505,-19,83,Normal
2026-02-14 20:14:45.120822,Seoul-5505,20,53,Normal
2026-02-14 20:14:46.120822,Seoul-5505,13,92,Normal
2026-02-14 20:14:47.120822,Seoul-5505,15,44,Normal
2026-02-14 20:14:48.120822,Seoul-5505,41,58,Normal
2026-02-14 20:14:49.120822,Seoul-5505,-14,97,Normal
2026-02-14 20:14:50.120822,Seoul-5505,-2,73,Normal
2026-02-14 20:14:51.120822,Seoul-5505,18,38,Normal
2026-02-14 20:14:52.120822,Seoul-5505,3,38,Normal
2026-02-14 20:14:53.120822,Seoul-5505,-22,77,Normal
2026-02-14 20:14:54.120822,Seoul-5505,-22,66,Normal
2026-02-14 20:14:55.120822,Seoul-5505,38,48,Normal
2026-02-14 20:14:56.120822,Seoul-5505,-14,51,Normal
2026-02-14 20:14:57.120822,Seoul-5505,-12,2,Normal
2026-02-14 20:14:58.120822,Seoul-5505,42,77,Normal
2026-02-14 20:14:59.120822,Seoul-5505,-15,87,Normal
2026-02-14 20:15:00.120822,Seoul-5505,36,85,Normal
2026-02-14 20:15:01.120822,Seoul-5505,21,68,Normal
2026-02-14 20:15:02.120822,Seoul-5505,26,47,Normal
2026-02-14 20:15:03.120822,Seoul-5505,-22,71,Normal
2026-02-14 20:15:04.120822,Seoul-5505,-13,22,Normal
2026-02-14 20:15:05.120822,Seoul-5505,28,39,Normal
2026-02-14 20:15:06.120822,Seoul-5505,2,70,Normal
2026-02-14 20:15:07.120822,Seoul-5505,18,6,Normal
2026-02-14 20:15:08.120822,Seoul-5505,38,40,Normal
2026-02-14 20:15:09.120822,Seoul-5505,25,17,Normal
2026-02-14 20:15:10.120822,Seoul-5505,-26,60,Normal
2026-02-14 20:15:11.120822,Seoul-5505,11,100,Normal
2026-02-14 20:15:12.120822,Seoul-5505,37,11,Normal
2026-02-14 20:15:13.120822,Seoul-5505,17,12,Normal
2026-02-14 20:15:14.120822,Seoul-5505,-6,11,Normal
2026-02-14 20:15:15.120822,Seoul-5505,2,96,Normal
2026-02-14 20:15:16.120822,Seoul-5505,41,82,Normal
2026-02-14 20:15:17.120822,Seoul-5505,15,85,Normal
2026-02-14 20:15:18.120822,Seoul-5505,27,31,Normal
2026-02-14 20:15:19.120822,Seoul-5505,45,17,Normal
2026-02-14 20:15:20.120822,Seoul-5505,49,67,Normal
2026-02-14 20:15:21.120822,Seoul-5505,-10,35,Normal
2026-02-14 20:15:22.120822,Seoul-5505,17,16,Normal
2026-02-14 20:15:23.120822,Seoul-5505,-16,29,Normal
2026-02-14 20:15:24.120822,Seoul-5505,36,41,Normal
2026-02-14 20:15:25.120822,Seoul-5505,-15,96,Normal
2026-02-14 20:15:26.120822,Seoul-5505,32,14,Normal
2026-02-14 20:15:27.120822,Seoul-5505,-16,15,Normal
2026-02-14 20:15:28.120822,Seoul-5505,-7,52,Normal
2026-02-14 20:15:29.120822,Seoul-5505,29,54,Normal
2026-02-14 20:15:30.120822,Seoul-5505,45,48,Normal
2026-02-14 20:15:31.120822,Seoul-5505,9,36,Normal
2026-02-14 20:15:32.120822,Seoul-5505,23,20,Normal
2026-02-14 20:15:33.120822,Seoul-5505,9,23,Normal
2026-02-14 20:15:34.120822,Seoul-5505,-19,53,Normal
2026-02-14 20:15:35.120822,Seoul-5505,-24,15,Normal
2026-02-14 20:15:36.120822,Seoul-5505,38,8,Normal
2026-02-14 20:15:37.120822,Seoul-5505,33,21,Normal
2026-02-14 20:15:38.120822,Seoul-5505,-18,14,Normal
2026-02-14 20:15:39.120822,Seoul-5505,-21,41,Normal
2026-02-14 20:15:40.120822,Seoul-5505,-14,72,Normal
2026-02-14 20:15:41.120822,Seoul-5505,29,44,Normal
2026-02-14 20:15:42.120822,Seoul-5505,32,52,Normal
2026-02-14 20:15:43.120822,Seoul-5505,-11,70,Normal
2026-02-14 20:15:44.120822,Seoul-5505,-21,79,Normal
2026-02-14 20:15:45.120822,Seoul-5505,-26,7,Normal
2026-02-14 20:15:46.120822,Seoul-5505,20,52,Normal
2026-02-14 20:15:47.120822,Seoul-5505,16,6,Normal
2026-02-14 20:15:48.120822,Seoul-5505,-10,56,Normal
2026-02-14 20:15:49.120822,Seoul-5505,35,76,Normal
2026-02-14 20:15:50.120822,Seoul-5505,-16,51,Normal
2026-02-14 20:15:51.120822,Seoul-5505,-11,84,Normal
2026-02-14 20:15:52.120822,Seoul-5505,2,69,Normal
2026-02-14 20:15:53.120822,Seoul-5505,41,74,Normal
2026-02-14 20:15:54.120822,Seoul-5505,29,50,Normal
2026-02-14 20:15:55.120822,Seoul-5505,-22,16,Normal
2026-02-14 20:15:56.120822,Seoul-5505,35,77,Normal
2026-02-14 20:15:57.120822,Seoul-5505,-18,99,Normal
2026-02-14 20:15:58.120822,Seoul-5505,46,51,Normal
2026-02-14 20:15:59.120822,Seoul-5505,44,72,Normal
2026-02-14 20:16:00.120822,Seoul-5505,29,91,Normal
2026-02-14 20:16:01.120822,Seoul-5505,14,49,Normal
2026-02-14 20:16:02.120822,Seoul-5505,33,73,Normal
2026-02-14 20:16:03.120822,Seoul-5505,-23,39,Normal
2026-02-14 20:16:04.120822,Seoul-5505,12,68,Normal
2026-02-14 20:16:05.120822,Seoul-5505,41,85,Normal
2026-02-14 20:16:06.120822,Seoul-5505,41,10,Normal
2026-02-14 20:16:07.120822,Seoul-5505,-6,89,Normal
2026-02-14 20:16:08.120822,Seoul-5505,-30,54,Normal
2026-02-14 20:16:09.120822,Seoul-5505,39,14,Normal
2026-02-14 20:16:10.120822,Seoul-5505,23,76,Normal
2026-02-14 20:16:11.120822,Seoul-5505,28,1,Normal
2026-02-14 20:16:12.120822,Seoul-5505,14,58,Normal
2026-02-14 20:16:13.120822,Seoul-5505,11,15,Normal
2026-02-14 20:16:14.120822,Seoul-5505,46,83,Normal
2026-02-14 20:16:15.120822,Seoul-5505,-11,2,Normal
2026-02-14 20:16:16.120822,Seoul-5505,43,37,Normal
2026-02-14 20:16:17.120822,Seoul-5505,45,23,Normal
2026-02-14 20:16:18.120822,Seoul-5505,43,33,Normal
2026-02-14 20:16:19.120822,Seoul-5505,-28,39,Normal
2026-02-14 20:16:20.120822,Seoul-5505,35,91,Normal
2026-02-14 20:16:21.120822,Seoul-5505,-7,1,Normal
2026-02-14 20:16:22.120822,Seoul-5505,29,17,Normal
2026-02-14 20:16:23.120822,Seoul-5505,-6,40,Normal
2026-02-14 20:16:24.120822,Seoul-5505,26,46,Normal
2026-02-14 20:16:25.120822,Seoul-5505,-20,15,Normal
2026-02-14 20:16:26.120822,Seoul-5505,-30,13,Normal
2026-02-14 20:16:27.120822,Seoul-5505,-5,14,Normal
2026-02-14 20:16:28.120822,Seoul-5505,25,30,Normal
2026-02-14 20:16:29.120822,Seoul-5505,38,31,Normal
2026-02-14 20:16:30.120822,Seoul-5505,18,22,Normal
2026-02-14 20:16:31.120822,Seoul-5505,17,86,Normal
2026-02-14 20:16:32.120822,Seoul-5505,0,58,Normal
2026-02-14 20:16:33.120822,Seoul-5505,44,26,Normal
2026-02-14 20:16:34.120822,Seoul-5505,9,85,Normal
2026-02-14 20:16:35.120822,Seoul-5505,22,80,Normal
2026-02-14 20:16:36.120822,Seoul-5505,44,36,Normal
2026-02-14 20:16:37.120822,Seoul-5505,-13,55,Normal
2026-02-14 20:16:38.120822,Seoul-5505,29,95,Normal
2026-02-14 20:16:39.120822,Seoul-5505,-23,7,Normal
2026-02-14 20:16:40.120822,Seoul-5505,-25,32,Normal
2026-02-14 20:16:41.120822,Seoul-5505,21,75,Normal
2026-02-14 20:16:42.120822,Seoul-5505,-27,0,Normal
2026-02-14 20:16:43.120822,Seoul-5505,-20,85,Normal
2026-02-14 20:16:44.120822,Seoul-5505,3,7,Normal
2026-02-14 20:16:45.120822,Seoul-5505,41,74,Normal
2026-02-14 20:16:46.120822,Seoul-5505,16,77,Normal
2026-02-14 20:16:47.120822,Seoul-5505,-25,75,Normal
2026-02-14 20:16:48.120822,Seoul-5505,41,58,Normal
2026-02-14 20:16:49.120822,Seoul-5505,-30,83,Normal
2026-02-14 20:16:50.120822,Seoul-5505,-2,41,Normal
2026-02-14 20:16:51.120822,Seoul-5505,11,85,Normal
2026-02-14 20:16:52.120822,Seoul-5505,4,42,Normal
2026-02-14 20:16:53.120822,Seoul-5505,-13,100,Normal
2026-02-14 20:16:54.120822,Seoul-5505,49,38,Normal
2026-02-14 20:16:55.120822,Seoul-5505,-29,5,Normal
2026-02-14 20:16:56.120822,Seoul-5505,-8,12,Normal
2026-02-14 20:16:57.120822,Seoul-5505,-25,6,Normal
2026-02-14 20:16:58.120822,Seoul-5505,16,76,Normal
2026-02-14 20:16:59.120822,Seoul-5505,15,73,Normal
2026-02-14 20:17:00.120822,Seoul-5505,-1,34,Normal
2026-02-14 20:17:01.120822,Seoul-5505,39,38,Normal
2026-02-14 20:17:02.120822,Seoul-5505,16,3,Normal
2026-02-14 20:17:03.120822,Seoul-5505,37,13,Normal
2026-02-14 20:17:04.120822,Seoul-5505,26,35,Normal
2026-02-14 20:17:05.120822,Seoul-5505,16,51,Normal
2026-02-14 20:17:06.120822,Seoul-5505,4,48,Normal
2026-02-14 20:17:07.120822,Seoul-5505,26,16,Normal
2026-02-14 20:17:08.120822,Seoul-5505,-6,0,Normal
2026-02-14 20:17:09.120822,Seoul-5505,34,27,Normal
2026-02-14 20:17:10.120822,Seoul-5505,20,96,Normal
2026-02-14 20:17:11.120822,Seoul-5505,-7,53,Normal
2026-02-14 20:17:12.120822,Seoul-5505,-10,57,Normal
2026-02-14 20:17:13.120822,Seoul-5505,35,29,Normal
2026-02-14 20:17:14.120822,Seoul-5505,20,91,Normal
2026-02-14 20:17:15.120822,Seoul-5505,-11,84,Normal
2026-02-14 20:17:16.120822,Seoul-5505,44,81,Normal
2026-02-14 20:17:17.120822,Seoul-5505,-20,35,Normal
2026-02-14 20:17:18.120822,Seoul-5505,-10,63,Normal
2026-02-14 20:17:19.120822,Seoul-5505,25,1,Normal
2026-02-14 20:17:20.120822,Seoul-5505,12,27,Normal
2026-02-14 20:17:21.120822,Seoul-5505,-4,6,Normal
2026-02-14 20:17:22.120822,Seoul-5505,23,21,Normal
2026-02-14 20:17:23.120822,Seoul-5505,23,94,Normal
2026-02-14 20:17:24.120822,Seoul-5505,15,84,Normal
2026-02-14 20:17:25.120822,Seoul-5505,9,95,Normal
2026-02-14 20:17:26.120822,Seoul-5505,8,47,Normal
2026-02-14 20:17:27.120822,Seoul-5505,-17,30,Normal
2026-02-14 20:17:28.120822,Seoul-5505,2,61,Normal
2026-02-14 20:17:29.120822,Seoul-5505,3,57,Normal
2026-02-14 20:17:30.120822,Seoul-5505,9,61,Normal
2026-02-14 20:17:31.120822,Seoul-5505,-5,46,Normal
2026-02-14 20:17:32.120822,Seoul-5505,-11,69,Normal
2026-02-14 20:17:33.120822,Seoul-5505,17,36,Normal
2026-02-14 20:17:34.120822,Seoul-5505,-22,38,Normal
2026-02-14 20:17:35.120822,Seoul-5505,41,97,Normal
2026-02-14 20:17:36.120822,Seoul-5505,33,33,Normal
2026-02-14 20:17:37.120822,Seoul-5505,10,11,Normal
2026-02-14 20:17:38.120822,Seoul-5505,27,95,Normal
2026-02-14 20:17:39.120822,Seoul-5505,2,13,Normal
2026-02-14 20:17:40.120822,Seoul-5505,29,61,Normal
2026-02-14 20:17:41.120822,Seoul-5505,33,96,Normal
2026-02-14 20:17:42.120822,Seoul-5505,-19,35,Normal
2026-02-14 20:17:43.120822,Seoul-5505,-16,34,Normal
2026-02-14 20:17:44.120822,Seoul-5505,28,24,Normal
2026-02-14 20:17:45.120822,Seoul-5505,40,24,Normal
2026-02-14 20:17:46.120822,Seoul-5505,6,27,Normal
2026-02-14 20:17:47.120822,Seoul-5505,21,100,Normal
2026-02-14 20:17:48.120822,Seoul-5505,40,97,Normal
2026-02-14 20:17:49.120822,Seoul-5505,50,8,Normal
2026-02-14 20:17:50.120822,Seoul-5505,6,12,Normal
2026-02-14 20:17:51.120822,Seoul-5505,26,52,Normal
2026-02-14 20:17:52.120822,Seoul-5505,44,11,Normal
2026-02-14 20:17:53.120822,Seoul-5505,36,4,Normal
2026-02-14 20:17:54.120822,Seoul-5505,-10,70,Normal
2026-02-14 20:17:55.120822,Seoul-5505,47,10,Normal
2026-02-14 20:17:56.120822,Seoul-5505,34,6,Normal
2026-02-14 20:17:57.120822,Seoul-5505,-6,11,Normal
2026-02-14 20:17:58.120822,Seoul-5505,-17,16,Normal
2026-02-14 20:17:59.120822,Seoul-5505,29,87,Normal
2026-02-14 20:18:00.120822,Seoul-5505,29,65,Normal
2026-02-14 20:18:01.120822,Seoul-5505,-1,33,Normal
2026-02-14 20:18:02.120822,Seoul-5505,32,15,Normal
2026-02-14 20:18:03.120822,Seoul-5505,47,88,Normal
2026-02-14 20:18:04.120822,Seoul-5505,-3,59,Normal
2026-02-14 20:18:05.120822,Seoul-5505,48,19,Normal
2026-02-14 20:18:06.120822,Seoul-5505,42,25,Normal
2026-02-14 20:18:07.120822,Seoul-5505,12,83,Normal
2026-02-14 20:18:08.120822,Seoul-5505,18,60,Normal
2026-02-14 20:18:09.120822,Seoul-5505,-18,29,Normal
2026-02-14 20:18:10.120822,Seoul-5505,27,67,Normal
2026-02-14 20:18:11.120822,Seoul-5505,-2,37,Normal
2026-02-14 20:18:12.120822,Seoul-5505,31,33,Normal
2026-02-14 20:18:13.120822,Seoul-5505,5,28,Normal
2026-02-14 20:18:14.120822,Seoul-5505,45,40,Normal
2026-02-14 20:18:15.120822,Seoul-5505,-4,52,Normal
2026-02-14 20:18:16.120822,Seoul-5505,41,67,Normal
2026-02-14 20:18:17.120822,Seoul-5505,50,88,Normal
2026-02-14 20:18:18.120822,Seoul-5505,-12,74,Normal
2026-02-14 20:18:19.120822,Seoul-5505,11,34,Normal
2026-02-14 20:18:20.120822,Seoul-5505,-4,6,Normal
2026-02-14 20:18:21.120822,Seoul-5505,4,37,Normal
2026-02-14 20:18:22.120822,Seoul-5505,38,44,Normal
2026-02-14 20:18:23.120822,Seoul-5505,6,47,Normal
2026-02-14 20:18:24.120822,Seoul-5505,-9,27,Normal
2026-02-14 20:18:25.120822,Seoul-5505,16,80,Normal
2026-02-14 20:18:26.120822,Seoul-5505,-4,3,Normal
2026-02-14 20:18:27.120822,Seoul-5505,27,41,Normal
2026-02-14 20:18:28.120822,Seoul-5505,29,100,Normal
2026-02-14 20:18:29.120822,Seoul-5505,31,87,Normal
2026-02-14 20:18:30.120822,Seoul-5505,17,64,Normal
2026-02-14 20:18:31.120822,Seoul-5505,16,84,Normal
2026-02-14 20:18:32.120822,Seoul-5505,23,100,Normal
2026-02-14 20:18:33.120822,Seoul-5505,11,68,Normal
2026-02-14 20:18:34.120822,Seoul-5505,-9,39,Normal
2026-02-14 20:18:35.120822,Seoul-5505,-19,68,Normal
2026-02-14 20:18:36.120822,Seoul-5505,-27,95,Normal
2026-02-14 20:18:37.120822,Seoul-5505,42,59,Normal
2026-02-14 20:18:38.120822,Seoul-5505,4,4,Normal
2026-02-14 20:18:39.120822,Seoul-5505,-28,16,Normal
2026-02-14 20:18:40.120822,Seoul-5505,26,26,Normal
2026-02-14 20:18:41.120822,Seoul-5505,14,52,Normal
2026-02-14 20:18:42.120822,Seoul-5505,-9,14,Normal
2026-02-14 20:18:43.120822,Seoul-5505,-23,27,Normal
2026-02-14 20:18:44.120822,Seoul-5505,21,45,Normal
2026-02-14 20:18:45.120822,Seoul-5505,48,41,Normal
2026-02-14 20:18:46.120822,Seoul-5505,13,34,Normal
2026-02-14 20:18:47.120822,Seoul-5505,24,82,Normal
2026-02-14 20:18:48.120822,Seoul-5505,43,17,Normal
2026-02-14 20:18:49.120822,Seoul-5505,24,32,Normal
2026-02-14 20:18:50.120822,Seoul-5505,32,95,Normal
2026-02-14 20:18:51.120822,Seoul-5505,33,84,Normal
2026-02-14 20:18:52.120822,Seoul-5505,32,20,Normal
2026-02-14 20:18:53.120822,Seoul-5505,-4,29,Normal
2026-02-14 20:18:54.120822,Seoul-5505,29,47,Normal
2026-02-14 20:18:55.120822,Seoul-5505,-26,72,Normal
2026-02-14 20:18:56.120822,Seoul-5505,49,55,Normal
2026-02-14 20:18:57.120822,Seoul-5505,-18,92,Normal
2026-02-14 20:18:58.120822,Seoul-5505,29,10,Normal
2026-02-14 20:18:59.120822,Seoul-5505,-7,78,Normal
2026-02-14 20:19:00.120822,Seoul-5505,-19,88,Normal
2026-02-14 20:19:01.120822,Seoul-5505,42,50,Normal
2026-02-14 20:19:02.120822,Seoul-5505,27,81,Normal
2026-02-14 20:19:03.120822,Seoul-5505,-13,85,Normal
2026-02-14 20:19:04.120822,Seoul-5505,-6,71,Normal
2026-02-14 20:19:05.120822,Seoul-5505,-17,67,Normal
2026-02-14 20:19:06.120822,Seoul-5505,14,54,Normal
2026-02-14 20:19:07.120822,Seoul-5505,-4,20,Normal
2026-02-14 20:19:08.120822,Seoul-5505,-18,59,Normal
2026-02-14 20:19:09.120822,Seoul-5505,7,53,Normal
2026-02-14 20:19:10.120822,Seoul-5505,9,65,Normal
2026-02-14 20:19:11.120822,Seoul-5505,11,45,Normal
2026-02-14 20:19:12.120822,Seoul-5505,-6,61,Normal
2026-02-14 20:19:13.120822,Seoul-5505,-11,9,Normal
2026-02-14 20:19:14.120822,Seoul-5505,-17,40,Normal
2026-02-14 20:19:15.120822,Seoul-5505,19,86,Normal
2026-02-14 20:19:16.120822,Seoul-5505,17,77,Normal
2026-02-14 20:19:17.120822,Seoul-5505,-8,10,Normal
2026-02-14 20:19:18.120822,Seoul-5505,37,68,Normal
2026-02-14 20:19:19.120822,Seoul-5505,-9,39,Normal
2026-02-14 20:19:20.120822,Seoul-5505,35,90,Normal
2026-02-14 20:19:21.120822,Seoul-5505,36,20,Normal
2026-02-14 20:19:22.120822,Seoul-5505,19,100,Normal
2026-02-14 20:19:23.120822,Seoul-5505,-28,82,Normal
2026-02-14 20:19:24.120822,Seoul-5505,16,9,Normal
2026-02-14 20:19:25.120822,Seoul-5505,28,30,Normal
2026-02-14 20:19:26.120822,Seoul-5505,18,24,Normal
2026-02-14 20:19:27.120822,Seoul-5505,46,21,Normal
2026-02-14 20:19:28.120822,Seoul-5505,40,50,Normal
2026-02-14 20:19:29.120822,Seoul-5505,-22,91,Normal
2026-02-14 20:19:30.120822,Seoul-5505,1,8,Normal
2026-02-14 20:19:31.120822,Seoul-5505,30,39,Normal
2026-02-14 20:19:32.120822,Seoul-5505,-18,72,Normal
2026-02-14 20:19:33.120822,Seoul-5505,-22,54,Normal
2026-02-14 20:19:34.120822,Seoul-5505,44,10,Normal
2026-02-14 20:19:35.120822,Seoul-5505,-30,47,Normal
2026-02-14 20:19:36.120822,Seoul-5505,-30,21,Normal
2026-02-14 20:19:37.120822,Seoul-5505,45,12,Normal
2026-02-14 20:19:38.120822,Seoul-5505,1,99,Normal
2026-02-14 20:19:39.120822,Seoul-5505,-24,96,Normal
2026-02-14 20:19:40.120822,Seoul-5505,4,73,Normal
2026-02-14 20:19:41.120822,Seoul-5505,21,83,Normal
2026-02-14 20:19:42.120822,Seoul-5505,43,16,Normal
2026-02-14 20:19:43.120822,Seoul-5505,5,91,Normal
2026-02-14 20:19:44.120822,Seoul-5505,-3,37,Normal
2026-02-14 20:19:45.120822,Seoul-5505,8,46,Normal
2026-02-14 20:19:46.120822,Seoul-5505,-13,65,Normal
2026-02-14 20:19:47.120822,Seoul-5505,-19,8,Normal
2026-02-14 20:19:48.120822,Seoul-5505,7,9,Normal
2026-02-14 20:19:49.120822,Seoul-5505,45,50,Normal
2026-02-14 20:19:50.120822,Seoul-5505,-3,42,Normal
2026-02-14 20:19:51.120822,Seoul-5505,-1,71,Normal
2026-02-14 20:19:52.120822,Seoul-5505,-3,54,Normal
2026-02-14 20:19:53.120822,Seoul-5505,-12,79,Normal
2026-02-14 20:19:54.120822,Seoul-5505,-6,57,Normal
2026-02-14 20:19:55.120822,Seoul-5505,22,34,Normal
2026-02-14 20:19:56.120822,Seoul-5505,-16,78,Normal
2026-02-14 20:19:57.120822,Seoul-5505,26,87,Normal
2026-02-14 20:19:58.120822,Seoul-5505,-3,74,Normal
2026-02-14 20:19:59.120822,Seoul-5505,49,20,Normal
2026-02-14 20:20:00.120822,Seoul-5505,-29,29,Normal
2026-02-14 20:20:01.120822,Seoul-5505,35,17,Normal
2026-02-14 20:20:02.120822,Seoul-5505,-15,67,Normal
2026-02-14 20:20:03.120822,Seoul-5505,15,60,Normal
2026-02-14 20:20:04.120822,Seoul-5505,17,34,Normal
2026-02-14 20:20:05.120822,Seoul-5505,34,16,Normal
2026-02-14 20:20:06.120822,Seoul-5505,43,17,Normal
2026-02-14 20:20:07.120822,Seoul-5505,6,76,Normal
2026-02-14 20:20:08.120822,Seoul-5505,17,14,Normal
2026-02-14 20:20:09.120822,Seoul-5505,17,83,Normal
2026-02-14 20:20:10.120822,Seoul-5505,-21,46,Normal
2026-02-14 20:20:11.120822,Seoul-5505,42,5,Normal
2026-02-14 20:20:12.120822,Seoul-5505,-11,74,Normal
2026-02-14 20:20:13.120822,Seoul-5505,34,13,Normal
2026-02-14 20:20:14.120822,Seoul-5505,46,29,Normal
2026-02-14 20:20:15.120822,Seoul-5505,-18,9,Normal
2026-02-14 20:20:16.120822,Seoul-5505,11,88,Normal
2026-02-14 20:20:17.120822,Seoul-5505,-18,82,Normal
2026-02-14 20:20:18.120822,Seoul-5505,16,69,Normal
2026-02-14 20:20:19.120822,Seoul-5505,-13,30,Normal
2026-02-14 20:20:20.120822,Seoul-5505,36,34,Normal
2026-02-14 20:20:21.120822,Seoul-5505,45,96,Normal
2026-02-14 20:20:22.120822,Seoul-5505,37,2,Normal
2026-02-14 20:20:23.120822,Seoul-5505,41,77,Normal
2026-02-14 20:20:24.120822,Seoul-5505,-4,38,Normal
2026-02-14 20:20:25.120822,Seoul-5505,12,22,Normal
2026-02-14 20:20:26.120822,Seoul-5505,-15,3,Normal
2026-02-14 20:20:27.120822,Seoul-5505,-25,99,Normal
2026-02-14 20:20:28.120822,Seoul-5505,28,83,Normal
2026-02-14 20:20:29.120822,Seoul-5505,-4,34,Normal
2026-02-14 20:20:30.120822,Seoul-5505,14,69,Normal
2026-02-14 20:20:31.120822,Seoul-5505,9,11,Normal
2026-02-14 20:20:32.120822,Seoul-5505,-24,18,Normal
2026-02-14 20:20:33.120822,Seoul-5505,15,82,Normal
2026-02-14 20:20:34.120822,Seoul-5505,26,81,Normal
2026-02-14 20:20:35.120822,Seoul-5505,36,52,Normal
2026-02-14 20:20:36.120822,Seoul-5505,21,93,Normal
2026-02-14 20:20:37.120822,Seoul-5505,3,72,Normal
2026-02-14 20:20:38.120822,Seoul-5505,-28,89,Normal
2026-02-14 20:20:39.120822,Seoul-5505,49,33,Normal
2026-02-14 20:20:40.120822,Seoul-5505,24,35,Normal
2026-02-14 20:20:41.120822,Seoul-5505,39,0,Normal
2026-02-14 20:20:42.120822,Seoul-5505,38,35,Normal
2026-02-14 20:20:43.120822,Seoul-5505,-25,44,Normal
2026-02-14 20:20:44.120822,Seoul-5505,22,28,Normal
2026-02-14 20:20:45.120822,Seoul-5505,30,8,Normal
2026-02-14 20:20:46.120822,Seoul-5505,-30,6,Normal
2026-02-14 20:20:47.120822,Seoul-5505,-8,59,Normal
2026-02-14 20:20:48.120822,Seoul-5505,-3,15,Normal
2026-02-14 20:20:49.120822,Seoul-5505,-4,65,Normal
2026-02-14 20:20:50.120822,Seoul-5505,-8,58,Normal
2026-02-14 20:20:51.120822,Seoul-5505,-10,91,Normal
2026-02-14 20:20:52.120822,Seoul-5505,20,93,Normal
2026-02-14 20:20:53.120822,Seoul-5505,34,1,Normal
2026-02-14 20:20:54.120822,Seoul-5505,24,73,Normal
2026-02-14 20:20:55.120822,Seoul-5505,-10,96,Normal
2026-02-14 20:20:56.120822,Seoul-5505,-18,5,Normal
2026-02-14 20:20:57.120822,Seoul-5505,43,55,Normal
2026-02-14 20:20:58.120822,Seoul-5505,35,34,Normal
2026-02-14 20:20:59.120822,Seoul-5505,36,75,Normal
2026-02-14 20:21:00.120822,Seoul-5505,3,48,Normal
2026-02-14 20:21:01.120822,Seoul-5505,-14,66,Normal
2026-02-14 20:21:02.120822,Seoul-5505,-20,71,Normal
2026-02-14 20:21:03.120822,Seoul-5505,22,80,Normal
2026-02-14 20:21:04.120822,Seoul-5505,-26,0,Normal
2026-02-14 20:21:05.120822,Seoul-5505,-3,78,Normal
2026-02-14 20:21:06.120822,Seoul-5505,27,11,Normal
2026-02-14 20:21:07.120822,Seoul-5505,-26,39,Normal
2026-02-14 20:21:08.120822,Seoul-5505,46,33,Normal
2026-02-14 20:21:09.120822,Seoul-5505,17,9,Normal
2026-02-14 20:21:10.120822,Seoul-5505,12,4,Normal
2026-02-14 20:21:11.120822,Seoul-5505,-23,8,Normal
2026-02-14 20:21:12.120822,Seoul-5505,42,1,Normal
2026-02-14 20:21:13.120822,Seoul-5505,-20,98,Normal
2026-02-14 20:21:14.120822,Seoul-5505,35,35,Normal
2026-02-14 20:21:15.120822,Seoul-5505,-1,31,Normal
2026-02-14 20:21:16.120822,Seoul-5505,-10,4,Normal
2026-02-14 20:21:17.120822,Seoul-5505,-25,56,Normal
2026-02-14 20:21:18.120822,Seoul-5505,20,71,Normal
2026-02-14 20:21:19.120822,Seoul-5505,23,55,Normal
2026-02-14 20:21:20.120822,Seoul-5505,-26,47,Normal
2026-02-14 20:21:21.120822,Seoul-5505,-17,62,Normal
2026-02-14 20:21:22.120822,Seoul-5505,34,67,Normal
2026-02-14 20:21:23.120822,Seoul-5505,37,78,Normal
2026-02-14 20:21:24.120822,Seoul-5505,45,17,Normal
2026-02-14 20:21:25.120822,Seoul-5505,16,95,Normal
2026-02-14 20:21:26.120822,Seoul-5505,8,53,Normal
2026-02-14 20:21:27.120822,Seoul-5505,5,15,Normal
2026-02-14 20:21:28.120822,Seoul-5505,21,98,Normal
2026-02-14 20:21:29.120822,Seoul-5505,-13,67,Normal
2026-02-14 20:21:30.120822,Seoul-5505,-29,79,Normal
2026-02-14 20:21:31.120822,Seoul-5505,3,5,Normal
2026-02-14 20:21:32.120822,Seoul-5505,-2,69,Normal
2026-02-14 20:21:33.120822,Seoul-5505,50,75,Normal
2026-02-14 20:21:34.120822,Seoul-5505,8,97,Normal
2026-02-14 20:21:35.120822,Seoul-5505,39,36,Normal
2026-02-14 20:21:36.120822,Seoul-5505,-18,33,Normal
2026-02-14 20:21:37.120822,Seoul-5505,0,81,Normal
2026-02-14 20:21:38.120822,Seoul-5505,46,63,Normal
2026-02-14 20:21:39.120822,Seoul-5505,45,56,Normal
2026-02-14 20:21:40.120822,Seoul-5505,23,32,Normal
2026-02-14 20:21:41.120822,Seoul-5505,27,72,Normal
2026-02-14 20:21:42.120822,Seoul-5505,29,15,Normal
2026-02-14 20:21:43.120822,Seoul-5505,40,10,Normal
2026-02-14 20:21:44.120822,Seoul-5505,-29,29,Normal
2026-02-14 20:21:45.120822,Seoul-5505,16,86,Normal
2026-02-14 20:21:46.120822,Seoul-5505,-23,44,Normal
2026-02-14 20:21:47.120822,Seoul-5505,-21,12,Normal
2026-02-14 20:21:48.120822,Seoul-5505,46,74,Normal
2026-02-14 20:21:49.120822,Seoul-5505,38,66,Normal
2026-02-14 20:21:50.120822,Seoul-5505,18,75,Normal
2026-02-14 20:21:51.120822,Seoul-5505,20,26,Normal
2026-02-14 20:21:52.120822,Seoul-5505,43,54,Normal
2026-02-14 20:21:53.120822,Seoul-5505,29,77,Normal
2026-02-14 20:21:54.120822,Seoul-5505,-4,44,Normal
2026-02-14 20:21:55.120822,Seoul-5505,37,95,Normal
2026-02-14 20:21:56.120822,Seoul-5505,-9,10,Normal
2026-02-14 20:21:57.120822,Seoul-5505,-26,68,Normal
2026-02-14 20:21:58.120822,Seoul-5505,20,42,Normal
2026-02-14 20:21:59.120822,Seoul-5505,-27,78,Normal
2026-02-14 20:22:00.120822,Seoul-5505,-1,97,Normal
2026-02-14 20:22:01.120822,Seoul-5505,32,58,Normal
2026-02-14 20:22:02.120822,Seoul-5505,-18,7,Normal
2026-02-14 20:22:03.120822,Seoul-5505,4,36,Normal
2026-02-14 20:22:04.120822,Seoul-5505,41,26,Normal
2026-02-14 20:22:05.120822,Seoul-5505,37,85,Normal
2026-02-14 20:22:06.120822,Seoul-5505,-23,3,Normal
2026-02-14 20:22:07.120822,Seoul-5505,26,45,Normal
2026-02-14 20:22:08.120822,Seoul-5505,-26,23,Normal
2026-02-14 20:22:09.120822,Seoul-5505,31,73,Normal
2026-02-14 20:22:10.120822,Seoul-5505,9,55,Normal
2026-02-14 20:22:11.120822,Seoul-5505,32,55,Normal
2026-02-14 20:22:12.120822,Seoul-5505,27,93,Normal
2026-02-14 20:22:13.120822,Seoul-5505,18,83,Normal
2026-02-14 20:22:14.120822,Seoul-5505,15,53,Normal
2026-02-14 20:22:15.120822,Seoul-5505,14,34,Normal
2026-02-14 20:22:16.120822,Seoul-5505,9,74,Normal
2026-02-14 20:22:17.120822,Seoul-5505,38,29,Normal
2026-02-14 20:22:18.120822,Seoul-5505,12,34,Normal
2026-02-14 20:22:19.120822,Seoul-5505,20,57,Normal
2026-02-14 20:22:20.120822,Seoul-5505,-28,49,Normal
2026-02-14 20:22:21.120822,Seoul-5505,0,15,Normal
2026-02-14 20:22:22.120822,Seoul-5505,-29,89,Normal
2026-02-14 20:22:23.120822,Seoul-5505,34,83,Normal
2026-02-14 20:22:24.120822,Seoul-5505,27,36,Normal
2026-02-14 20:22:25.120822,Seoul-5505,41,91,Normal
2026-02-14 20:22:26.120822,Seoul-5505,42,4,Normal
2026-02-14 20:22:27.120822,Seoul-5505,23,41,Normal
2026-02-14 20:22:28.120822,Seoul-5505,-12,37,Normal
2026-02-14 20:22:29.120822,Seoul-5505,-11,20,Normal
2026-02-14 20:22:30.120822,Seoul-5505,-25,26,Normal
2026-02-14 20:22:31.120822,Seoul-5505,19,45,Normal
2026-02-14 20:22:32.120822,Seoul-5505,-11,79,Normal
2026-02-14 20:22:33.120822,Seoul-5505,-25,80,Normal
2026-02-14 20:22:34.120822,Seoul-5505,42,31,Normal
2026-02-14 20:22:35.120822,Seoul-5505,6,17,Normal
2026-02-14 20:22:36.120822,Seoul-5505,24,56,Normal
2026-02-14 20:22:37.120822,Seoul-5505,43,57,Normal
2026-02-14 20:22:38.120822,Seoul-5505,-11,27,Normal
2026-02-14 20:22:39.120822,Seoul-5505,-22,49,Normal
2026-02-14 20:22:40.120822,Seoul-5505,13,47,Normal
2026-02-14 20:22:41.120822,Seoul-5505,29,24,Normal
2026-02-14 20:22:42.120822,Seoul-5505,14,8,Normal
2026-02-14 20:22:43.120822,Seoul-5505,-5,38,Normal
2026-02-14 20:22:44.120822,Seoul-5505,-28,97,Normal
2026-02-14 20:22:45.120822,Seoul-5505,-27,40,Normal
2026-02-14 20:22:46.120822,Seoul-5505,-6,96,Normal
2026-02-14 20:22:47.120822,Seoul-5505,46,14,Normal
2026-02-14 20:22:48.120822,Seoul-5505,31,76,Normal
2026-02-14 20:22:49.120822,Seoul-5505,5,63,Normal
2026-02-14 20:22:50.120822,Seoul-5505,-12,98,Normal
2026-02-14 20:22:51.120822,Seoul-5505,27,15,Normal
2026-02-14 20:22:52.120822,Seoul-5505,-24,52,Normal
2026-02-14 20:22:53.120822,Seoul-5505,14,50,Normal
2026-02-14 20:22:54.120822,Seoul-5505,37,6,Normal
2026-02-14 20:22:55.120822,Seoul-5505,21,77,Normal
2026-02-14 20:22:56.120822,Seoul-5505,-11,80,Normal
2026-02-14 20:22:57.120822,Seoul-5505,33,83,Normal
2026-02-14 20:22:58.120822,Seoul-5505,-21,0,Normal
2026-02-14 20:22:59.120822,Seoul-5505,33,14,Normal
2026-02-14 20:23:00.120822,Seoul-5505,16,79,Normal
2026-02-14 20:23:01.120822,Seoul-5505,18,29,Normal
2026-02-14 20:23:02.120822,Seoul-5505,-14,57,Normal
2026-02-14 20:23:03.120822,Seoul-5505,49,89,Normal
2026-02-14 20:23:04.120822,Seoul-5505,0,95,Normal
2026-02-14 20:23:05.120822,Seoul-5505,38,66,Normal
2026-02-14 20:23:06.120822,Seoul-5505,30,92,Normal
2026-02-14 20:23:07.120822,Seoul-5505,-17,5,Normal
2026-02-14 20:23:08.120822,Seoul-5505,31,20,Normal
2026-02-14 20:23:09.120822,Seoul-5505,-28,77,Normal
2026-02-14 20:23:10.120822,Seoul-5505,12,75,Normal
2026-02-14 20:23:11.120822,Seoul-5505,-18,68,Normal
