timestamp,station_id,temp,humid,condition
2026-04-27 22:41:09.999189,London-ff13,49,31,Normal
2026-04-27 22:41:10.999189,London-ff13,-15,11,Normal
2026-04-27 22:41:11.999189,London-ff13,5,37,Normal
2026-04-27 22:41:12.999189,London-ff13,-16,64,Normal
2026-04-27 22:41:13.999189,London-ff13,7,75,Normal
2026-04-27 22:41:14.999189,London-ff13,0,53,Normal
2026-04-27 22:41:15.999189,London-ff13,22,89,Normal
2026-04-27 22:41:16.999189,London-ff13,27,64,Normal
2026-04-27 22:41:17.999189,London-ff13,13,67,Normal
2026-04-27 22:41:18.999189,London-ff13,23,85,Normal
2026-04-27 22:41:19.999189,London-ff13,-14,6,Normal
2026-04-27 22:41:20.999189,London-ff13,0,10,Normal
2026-04-27 22:41:21.999189,London-ff13,17,87,Normal
2026-04-27 22:41:22.999189,London-ff13,2,82,Normal
2026-04-27 22:41:23.999189,London-ff13,23,9,Normal
2026-04-27 22:41:24.999189,London-ff13,-8,94,Normal
2026-04-27 22:41:25.999189,London-ff13,30,66,Normal
2026-04-27 22:41:26.999189,London-ff13,26,33,Normal
2026-04-27 22:41:27.999189,London-ff13,39,19,Normal
2026-04-27 22:41:28.999189,London-ff13,50,0,Normal
2026-04-27 22:41:29.999189,London-ff13,25,32,Normal
2026-04-27 22:41:30.999189,London-ff13,35,17,Normal
2026-04-27 22:41:31.999189,London-ff13,41,14,Normal
2026-04-27 22:41:32.999189,London-ff13,-15,35,Normal
2026-04-27 22:41:33.999189,London-ff13,48,53,Normal
2026-04-27 22:41:34.999189,London-ff13,-27,63,Normal
2026-04-27 22:41:35.999189,London-ff13,32,84,Normal
2026-04-27 22:41:36.999189,London-ff13,39,26,Normal
2026-04-27 22:41:37.999189,London-ff13,50,12,Normal
2026-04-27 22:41:38.999189,London-ff13,14,13,Normal
2026-04-27 22:41:39.999189,London-ff13,-25,48,Normal
2026-04-27 22:41:40.999189,London-ff13,37,93,Normal
2026-04-27 22:41:41.999189,London-ff13,-30,5,Normal
2026-04-27 22:41:42.999189,London-ff13,-14,63,Normal
2026-04-27 22:41:43.999189,London-ff13,-4,16,Normal
2026-04-27 22:41:44.999189,London-ff13,38,3,Normal
2026-04-27 22:41:45.999189,London-ff13,37,34,Normal
2026-04-27 22:41:46.999189,London-ff13,45,80,Normal
2026-04-27 22:41:47.999189,London-ff13,11,19,Normal
2026-04-27 22:41:48.999189,London-ff13,50,82,Normal
2026-04-27 22:41:49.999189,London-ff13,50,72,Normal
2026-04-27 22:41:50.999189,London-ff13,-23,50,Normal
2026-04-27 22:41:51.999189,London-ff13,-19,45,Normal
2026-04-27 22:41:52.999189,London-ff13,1,49,Normal
2026-04-27 22:41:53.999189,London-ff13,24,82,Normal
2026-04-27 22:41:54.999189,London-ff13,13,51,Normal
2026-04-27 22:41:55.999189,London-ff13,-9,30,Normal
2026-04-27 22:41:56.999189,London-ff13,20,55,Normal
2026-04-27 22:41:57.999189,London-ff13,38,71,Normal
2026-04-27 22:41:58.999189,London-ff13,-16,67,Normal
2026-04-27 22:41:59.999189,London-ff13,-20,1,Normal
2026-04-27 22:42:00.999189,London-ff13,27,68,Normal
2026-04-27 22:42:01.999189,London-ff13,-26,43,Normal
2026-04-27 22:42:02.999189,London-ff13,-26,62,Normal
2026-04-27 22:42:03.999189,London-ff13,34,1,Normal
2026-04-27 22:42:04.999189,London-ff13,44,75,Normal
2026-04-27 22:42:05.999189,London-ff13,-16,49,Normal
2026-04-27 22:42:06.999189,London-ff13,50,49,Normal
2026-04-27 22:42:07.999189,London-ff13,50,71,Normal
2026-04-27 22:42:08.999189,London-ff13,-5,64,Normal
2026-04-27 22:42:09.999189,London-ff13,-28,90,Normal
2026-04-27 22:42:10.999189,London-ff13,49,28,Normal
2026-04-27 22:42:11.999189,London-ff13,25,17,Normal
2026-04-27 22:42:12.999189,London-ff13,20,68,Normal
2026-04-27 22:42:13.999189,London-ff13,30,43,Normal
2026-04-27 22:42:14.999189,London-ff13,-29,64,Normal
2026-04-27 22:42:15.999189,London-ff13,-9,88,Normal
2026-04-27 22:42:16.999189,London-ff13,-25,30,Normal
2026-04-27 22:42:17.999189,London-ff13,-22,87,Normal
2026-04-27 22:42:18.999189,London-ff13,10,95,Normal
2026-04-27 22:42:19.999189,London-ff13,-28,48,Normal
2026-04-27 22:42:20.999189,London-ff13,44,1,Normal
2026-04-27 22:42:21.999189,London-ff13,39,32,Normal
2026-04-27 22:42:22.999189,London-ff13,6,55,Normal
2026-04-27 22:42:23.999189,London-ff13,22,17,Normal
2026-04-27 22:42:24.999189,London-ff13,-23,0,Normal
2026-04-27 22:42:25.999189,London-ff13,45,31,Normal
2026-04-27 22:42:26.999189,London-ff13,-8,4,Normal
2026-04-27 22:42:27.999189,London-ff13,19,56,Normal
2026-04-27 22:42:28.999189,London-ff13,-27,32,Normal
2026-04-27 22:42:29.999189,London-ff13,38,54,Normal
2026-04-27 22:42:30.999189,London-ff13,8,8,Normal
2026-04-27 22:42:31.999189,London-ff13,13,13,Normal
2026-04-27 22:42:32.999189,London-ff13,-27,52,Normal
2026-04-27 22:42:33.999189,London-ff13,-30,1,Normal
2026-04-27 22:42:34.999189,London-ff13,18,58,Normal
2026-04-27 22:42:35.999189,London-ff13,-9,21,Normal
2026-04-27 22:42:36.999189,London-ff13,-7,35,Normal
2026-04-27 22:42:37.999189,London-ff13,49,40,Normal
2026-04-27 22:42:38.999189,London-ff13,3,81,Normal
2026-04-27 22:42:39.999189,London-ff13,33,86,Normal
2026-04-27 22:42:40.999189,London-ff13,38,48,Normal
2026-04-27 22:42:41.999189,London-ff13,50,34,Normal
2026-04-27 22:42:42.999189,London-ff13,-16,4,Normal
2026-04-27 22:42:43.999189,London-ff13,43,87,Normal
2026-04-27 22:42:44.999189,London-ff13,-9,92,Normal
2026-04-27 22:42:45.999189,London-ff13,7,10,Normal
2026-04-27 22:42:46.999189,London-ff13,-5,57,Normal
2026-04-27 22:42:47.999189,London-ff13,1,28,Normal
2026-04-27 22:42:48.999189,London-ff13,-16,81,Normal
2026-04-27 22:42:49.999189,London-ff13,-29,49,Normal
2026-04-27 22:42:50.999189,London-ff13,29,34,Normal
2026-04-27 22:42:51.999189,London-ff13,48,64,Normal
2026-04-27 22:42:52.999189,London-ff13,14,72,Normal
2026-04-27 22:42:53.999189,London-ff13,43,49,Normal
2026-04-27 22:42:54.999189,London-ff13,-11,7,Normal
2026-04-27 22:42:55.999189,London-ff13,28,15,Normal
2026-04-27 22:42:56.999189,London-ff13,47,25,Normal
2026-04-27 22:42:57.999189,London-ff13,-7,86,Normal
2026-04-27 22:42:58.999189,London-ff13,-18,77,Normal
2026-04-27 22:42:59.999189,London-ff13,0,78,Normal
2026-04-27 22:43:00.999189,London-ff13,-2,60,Normal
2026-04-27 22:43:01.999189,London-ff13,35,52,Normal
2026-04-27 22:43:02.999189,London-ff13,36,46,Normal
2026-04-27 22:43:03.999189,London-ff13,-15,38,Normal
2026-04-27 22:43:04.999189,London-ff13,-17,13,Normal
2026-04-27 22:43:05.999189,London-ff13,21,95,Normal
2026-04-27 22:43:06.999189,London-ff13,15,75,Normal
2026-04-27 22:43:07.999189,London-ff13,-14,66,Normal
2026-04-27 22:43:08.999189,London-ff13,3,89,Normal
2026-04-27 22:43:09.999189,London-ff13,-9,42,Normal
2026-04-27 22:43:10.999189,London-ff13,-24,88,Normal
2026-04-27 22:43:11.999189,London-ff13,-27,31,Normal
2026-04-27 22:43:12.999189,London-ff13,30,35,Normal
2026-04-27 22:43:13.999189,London-ff13,46,55,Normal
2026-04-27 22:43:14.999189,London-ff13,30,38,Normal
2026-04-27 22:43:15.999189,London-ff13,-1,44,Normal
2026-04-27 22:43:16.999189,London-ff13,35,48,Normal
2026-04-27 22:43:17.999189,London-ff13,21,83,Normal
2026-04-27 22:43:18.999189,London-ff13,-10,27,Normal
2026-04-27 22:43:19.999189,London-ff13,-30,71,Normal
2026-04-27 22:43:20.999189,London-ff13,0,20,Normal
2026-04-27 22:43:21.999189,London-ff13,-21,2,Normal
2026-04-27 22:43:22.999189,London-ff13,38,1,Normal
2026-04-27 22:43:23.999189,London-ff13,-8,99,Normal
2026-04-27 22:43:24.999189,London-ff13,-26,3,Normal
2026-04-27 22:43:25.999189,London-ff13,39,36,Normal
2026-04-27 22:43:26.999189,London-ff13,19,9,Normal
2026-04-27 22:43:27.999189,London-ff13,-30,73,Normal
2026-04-27 22:43:28.999189,London-ff13,-29,95,Normal
2026-04-27 22:43:29.999189,London-ff13,-23,20,Normal
2026-04-27 22:43:30.999189,London-ff13,-5,73,Normal
2026-04-27 22:43:31.999189,London-ff13,3,74,Normal
2026-04-27 22:43:32.999189,London-ff13,34,2,Normal
2026-04-27 22:43:33.999189,London-ff13,27,33,Normal
2026-04-27 22:43:34.999189,London-ff13,-19,19,Normal
2026-04-27 22:43:35.999189,London-ff13,42,88,Normal
2026-04-27 22:43:36.999189,London-ff13,6,32,Normal
2026-04-27 22:43:37.999189,London-ff13,22,27,Normal
2026-04-27 22:43:38.999189,London-ff13,34,33,Normal
2026-04-27 22:43:39.999189,London-ff13,-25,47,Normal
2026-04-27 22:43:40.999189,London-ff13,3,30,Normal
2026-04-27 22:43:41.999189,London-ff13,15,9,Normal
2026-04-27 22:43:42.999189,London-ff13,15,72,Normal
2026-04-27 22:43:43.999189,London-ff13,8,97,Normal
2026-04-27 22:43:44.999189,London-ff13,-14,3,Normal
2026-04-27 22:43:45.999189,London-ff13,-15,84,Normal
2026-04-27 22:43:46.999189,London-ff13,13,56,Normal
2026-04-27 22:43:47.999189,London-ff13,-26,23,Normal
2026-04-27 22:43:48.999189,London-ff13,40,54,Normal
2026-04-27 22:43:49.999189,London-ff13,5,10,Normal
2026-04-27 22:43:50.999189,London-ff13,-27,45,Normal
2026-04-27 22:43:51.999189,London-ff13,16,93,Normal
2026-04-27 22:43:52.999189,London-ff13,-17,22,Normal
2026-04-27 22:43:53.999189,London-ff13,-4,71,Normal
2026-04-27 22:43:54.999189,London-ff13,45,55,Normal
2026-04-27 22:43:55.999189,London-ff13,14,9,Normal
2026-04-27 22:43:56.999189,London-ff13,15,1,Normal
2026-04-27 22:43:57.999189,London-ff13,-9,99,Normal
2026-04-27 22:43:58.999189,London-ff13,12,13,Normal
2026-04-27 22:43:59.999189,London-ff13,-18,45,Normal
2026-04-27 22:44:00.999189,London-ff13,3,51,Normal
2026-04-27 22:44:01.999189,London-ff13,-21,23,Normal
2026-04-27 22:44:02.999189,London-ff13,11,93,Normal
2026-04-27 22:44:03.999189,London-ff13,-23,42,Normal
2026-04-27 22:44:04.999189,London-ff13,11,68,Normal
2026-04-27 22:44:05.999189,London-ff13,-5,35,Normal
2026-04-27 22:44:06.999189,London-ff13,-23,5,Normal
2026-04-27 22:44:07.999189,London-ff13,-12,73,Normal
2026-04-27 22:44:08.999189,London-ff13,43,73,Normal
2026-04-27 22:44:09.999189,London-ff13,-7,7,Normal
2026-04-27 22:44:10.999189,London-ff13,39,94,Normal
2026-04-27 22:44:11.999189,London-ff13,46,29,Normal
2026-04-27 22:44:12.999189,London-ff13,49,39,Normal
2026-04-27 22:44:13.999189,London-ff13,34,50,Normal
2026-04-27 22:44:14.999189,London-ff13,-13,39,Normal
2026-04-27 22:44:15.999189,London-ff13,11,42,Normal
2026-04-27 22:44:16.999189,London-ff13,-21,64,Normal
2026-04-27 22:44:17.999189,London-ff13,-10,59,Normal
2026-04-27 22:44:18.999189,London-ff13,-16,26,Normal
2026-04-27 22:44:19.999189,London-ff13,9,24,Normal
2026-04-27 22:44:20.999189,London-ff13,20,50,Normal
2026-04-27 22:44:21.999189,London-ff13,3,12,Normal
2026-04-27 22:44:22.999189,London-ff13,-18,91,Normal
2026-04-27 22:44:23.999189,London-ff13,-3,57,Normal
2026-04-27 22:44:24.999189,London-ff13,3,86,Normal
2026-04-27 22:44:25.999189,London-ff13,-28,28,Normal
2026-04-27 22:44:26.999189,London-ff13,41,98,Normal
2026-04-27 22:44:27.999189,London-ff13,-3,88,Normal
2026-04-27 22:44:28.999189,London-ff13,26,28,Normal
2026-04-27 22:44:29.999189,London-ff13,15,38,Normal
2026-04-27 22:44:30.999189,London-ff13,48,78,Normal
2026-04-27 22:44:31.999189,London-ff13,-26,17,Normal
2026-04-27 22:44:32.999189,London-ff13,10,37,Normal
2026-04-27 22:44:33.999189,London-ff13,-17,55,Normal
2026-04-27 22:44:34.999189,London-ff13,16,78,Normal
2026-04-27 22:44:35.999189,London-ff13,19,16,Normal
2026-04-27 22:44:36.999189,London-ff13,-1,60,Normal
2026-04-27 22:44:37.999189,London-ff13,23,37,Normal
2026-04-27 22:44:38.999189,London-ff13,-26,90,Normal
2026-04-27 22:44:39.999189,London-ff13,36,94,Normal
2026-04-27 22:44:40.999189,London-ff13,25,50,Normal
2026-04-27 22:44:41.999189,London-ff13,40,61,Normal
2026-04-27 22:44:42.999189,London-ff13,39,72,Normal
2026-04-27 22:44:43.999189,London-ff13,49,100,Normal
2026-04-27 22:44:44.999189,London-ff13,-29,78,Normal
2026-04-27 22:44:45.999189,London-ff13,28,15,Normal
2026-04-27 22:44:46.999189,London-ff13,43,9,Normal
2026-04-27 22:44:47.999189,London-ff13,48,89,Normal
2026-04-27 22:44:48.999189,London-ff13,29,14,Normal
2026-04-27 22:44:49.999189,London-ff13,21,54,Normal
2026-04-27 22:44:50.999189,London-ff13,-17,5,Normal
2026-04-27 22:44:51.999189,London-ff13,-4,49,Normal
2026-04-27 22:44:52.999189,London-ff13,25,97,Normal
2026-04-27 22:44:53.999189,London-ff13,28,52,Normal
2026-04-27 22:44:54.999189,London-ff13,-6,31,Normal
2026-04-27 22:44:55.999189,London-ff13,20,95,Normal
2026-04-27 22:44:56.999189,London-ff13,38,52,Normal
2026-04-27 22:44:57.999189,London-ff13,35,88,Normal
2026-04-27 22:44:58.999189,London-ff13,-7,78,Normal
2026-04-27 22:44:59.999189,London-ff13,20,92,Normal
2026-04-27 22:45:00.999189,London-ff13,42,28,Normal
2026-04-27 22:45:01.999189,London-ff13,8,8,Normal
2026-04-27 22:45:02.999189,London-ff13,35,8,Normal
2026-04-27 22:45:03.999189,London-ff13,-5,16,Normal
2026-04-27 22:45:04.999189,London-ff13,13,60,Normal
2026-04-27 22:45:05.999189,London-ff13,24,88,Normal
2026-04-27 22:45:06.999189,London-ff13,43,8,Normal
2026-04-27 22:45:07.999189,London-ff13,-3,5,Normal
2026-04-27 22:45:08.999189,London-ff13,-27,61,Normal
2026-04-27 22:45:09.999189,London-ff13,11,65,Normal
2026-04-27 22:45:10.999189,London-ff13,-20,41,Normal
2026-04-27 22:45:11.999189,London-ff13,-30,21,Normal
2026-04-27 22:45:12.999189,London-ff13,13,35,Normal
2026-04-27 22:45:13.999189,London-ff13,6,55,Normal
2026-04-27 22:45:14.999189,London-ff13,48,6,Normal
2026-04-27 22:45:15.999189,London-ff13,30,5,Normal
2026-04-27 22:45:16.999189,London-ff13,-29,13,Normal
2026-04-27 22:45:17.999189,London-ff13,10,78,Normal
2026-04-27 22:45:18.999189,London-ff13,-23,67,Normal
2026-04-27 22:45:19.999189,London-ff13,-23,28,Normal
2026-04-27 22:45:20.999189,London-ff13,19,24,Normal
2026-04-27 22:45:21.999189,London-ff13,8,84,Normal
2026-04-27 22:45:22.999189,London-ff13,15,31,Normal
2026-04-27 22:45:23.999189,London-ff13,-3,22,Normal
2026-04-27 22:45:24.999189,London-ff13,41,36,Normal
2026-04-27 22:45:25.999189,London-ff13,35,19,Normal
2026-04-27 22:45:26.999189,London-ff13,-13,80,Normal
2026-04-27 22:45:27.999189,London-ff13,17,46,Normal
2026-04-27 22:45:28.999189,London-ff13,36,14,Normal
2026-04-27 22:45:29.999189,London-ff13,-22,63,Normal
2026-04-27 22:45:30.999189,London-ff13,-23,1,Normal
2026-04-27 22:45:31.999189,London-ff13,47,66,Normal
2026-04-27 22:45:32.999189,London-ff13,20,76,Normal
2026-04-27 22:45:33.999189,London-ff13,-3,0,Normal
2026-04-27 22:45:34.999189,London-ff13,-18,59,Normal
2026-04-27 22:45:35.999189,London-ff13,-30,21,Normal
2026-04-27 22:45:36.999189,London-ff13,29,37,Normal
2026-04-27 22:45:37.999189,London-ff13,-24,67,Normal
2026-04-27 22:45:38.999189,London-ff13,-16,52,Normal
2026-04-27 22:45:39.999189,London-ff13,-8,74,Normal
2026-04-27 22:45:40.999189,London-ff13,49,18,Normal
2026-04-27 22:45:41.999189,London-ff13,24,29,Normal
2026-04-27 22:45:42.999189,London-ff13,43,73,Normal
2026-04-27 22:45:43.999189,London-ff13,-16,22,Normal
2026-04-27 22:45:44.999189,London-ff13,-14,4,Normal
2026-04-27 22:45:45.999189,London-ff13,38,9,Normal
2026-04-27 22:45:46.999189,London-ff13,-16,93,Normal
2026-04-27 22:45:47.999189,London-ff13,32,70,Normal
2026-04-27 22:45:48.999189,London-ff13,5,87,Normal
2026-04-27 22:45:49.999189,London-ff13,48,75,Normal
2026-04-27 22:45:50.999189,London-ff13,43,86,Normal
2026-04-27 22:45:51.999189,London-ff13,44,3,Normal
2026-04-27 22:45:52.999189,London-ff13,23,45,Normal
2026-04-27 22:45:53.999189,London-ff13,49,9,Normal
2026-04-27 22:45:54.999189,London-ff13,10,42,Normal
2026-04-27 22:45:55.999189,London-ff13,-9,45,Normal
2026-04-27 22:45:56.999189,London-ff13,10,75,Normal
2026-04-27 22:45:57.999189,London-ff13,-19,52,Normal
2026-04-27 22:45:58.999189,London-ff13,47,100,Normal
2026-04-27 22:45:59.999189,London-ff13,-19,92,Normal
2026-04-27 22:46:00.999189,London-ff13,35,49,Normal
2026-04-27 22:46:01.999189,London-ff13,-7,10,Normal
2026-04-27 22:46:02.999189,London-ff13,48,97,Normal
2026-04-27 22:46:03.999189,London-ff13,22,74,Normal
2026-04-27 22:46:04.999189,London-ff13,-30,24,Normal
2026-04-27 22:46:05.999189,London-ff13,43,84,Normal
2026-04-27 22:46:06.999189,London-ff13,-5,77,Normal
2026-04-27 22:46:07.999189,London-ff13,22,57,Normal
2026-04-27 22:46:08.999189,London-ff13,14,72,Normal
2026-04-27 22:46:09.999189,London-ff13,21,56,Normal
2026-04-27 22:46:10.999189,London-ff13,-14,90,Normal
2026-04-27 22:46:11.999189,London-ff13,11,38,Normal
2026-04-27 22:46:12.999189,London-ff13,-15,31,Normal
2026-04-27 22:46:13.999189,London-ff13,-30,84,Normal
2026-04-27 22:46:14.999189,London-ff13,-10,66,Normal
2026-04-27 22:46:15.999189,London-ff13,-9,96,Normal
2026-04-27 22:46:16.999189,London-ff13,-27,18,Normal
2026-04-27 22:46:17.999189,London-ff13,-14,63,Normal
2026-04-27 22:46:18.999189,London-ff13,13,12,Normal
2026-04-27 22:46:19.999189,London-ff13,47,75,Normal
2026-04-27 22:46:20.999189,London-ff13,25,94,Normal
2026-04-27 22:46:21.999189,London-ff13,4,9,Normal
2026-04-27 22:46:22.999189,London-ff13,22,20,Normal
2026-04-27 22:46:23.999189,London-ff13,14,9,Normal
2026-04-27 22:46:24.999189,London-ff13,9,51,Normal
2026-04-27 22:46:25.999189,London-ff13,-17,8,Normal
2026-04-27 22:46:26.999189,London-ff13,42,70,Normal
2026-04-27 22:46:27.999189,London-ff13,41,50,Normal
2026-04-27 22:46:28.999189,London-ff13,-19,92,Normal
2026-04-27 22:46:29.999189,London-ff13,19,13,Normal
2026-04-27 22:46:30.999189,London-ff13,-22,49,Normal
2026-04-27 22:46:31.999189,London-ff13,-2,76,Normal
2026-04-27 22:46:32.999189,London-ff13,-15,23,Normal
2026-04-27 22:46:33.999189,London-ff13,-2,24,Normal
2026-04-27 22:46:34.999189,London-ff13,48,41,Normal
2026-04-27 22:46:35.999189,London-ff13,34,22,Normal
2026-04-27 22:46:36.999189,London-ff13,38,4,Normal
2026-04-27 22:46:37.999189,London-ff13,-1,79,Normal
2026-04-27 22:46:38.999189,London-ff13,18,39,Normal
2026-04-27 22:46:39.999189,London-ff13,-30,1,Normal
2026-04-27 22:46:40.999189,London-ff13,9,12,Normal
2026-04-27 22:46:41.999189,London-ff13,21,51,Normal
2026-04-27 22:46:42.999189,London-ff13,-9,2,Normal
2026-04-27 22:46:43.999189,London-ff13,18,61,Normal
2026-04-27 22:46:44.999189,London-ff13,45,56,Normal
2026-04-27 22:46:45.999189,London-ff13,26,28,Normal
2026-04-27 22:46:46.999189,London-ff13,34,92,Normal
2026-04-27 22:46:47.999189,London-ff13,16,56,Normal
2026-04-27 22:46:48.999189,London-ff13,18,99,Normal
2026-04-27 22:46:49.999189,London-ff13,8,7,Normal
2026-04-27 22:46:50.999189,London-ff13,49,91,Normal
2026-04-27 22:46:51.999189,London-ff13,37,49,Normal
2026-04-27 22:46:52.999189,London-ff13,33,6,Normal
2026-04-27 22:46:53.999189,London-ff13,-22,18,Normal
2026-04-27 22:46:54.999189,London-ff13,2,14,Normal
2026-04-27 22:46:55.999189,London-ff13,-20,64,Normal
2026-04-27 22:46:56.999189,London-ff13,3,81,Normal
2026-04-27 22:46:57.999189,London-ff13,9,49,Normal
2026-04-27 22:46:58.999189,London-ff13,-23,89,Normal
2026-04-27 22:46:59.999189,London-ff13,36,27,Normal
2026-04-27 22:47:00.999189,London-ff13,-21,95,Normal
2026-04-27 22:47:01.999189,London-ff13,-26,4,Normal
2026-04-27 22:47:02.999189,London-ff13,1,44,Normal
2026-04-27 22:47:03.999189,London-ff13,10,65,Normal
2026-04-27 22:47:04.999189,London-ff13,49,88,Normal
2026-04-27 22:47:05.999189,London-ff13,-2,7,Normal
2026-04-27 22:47:06.999189,London-ff13,17,12,Normal
2026-04-27 22:47:07.999189,London-ff13,-26,25,Normal
2026-04-27 22:47:08.999189,London-ff13,50,7,Normal
2026-04-27 22:47:09.999189,London-ff13,30,0,Normal
2026-04-27 22:47:10.999189,London-ff13,-28,28,Normal
2026-04-27 22:47:11.999189,London-ff13,12,90,Normal
2026-04-27 22:47:12.999189,London-ff13,-25,15,Normal
2026-04-27 22:47:13.999189,London-ff13,10,88,Normal
2026-04-27 22:47:14.999189,London-ff13,-4,15,Normal
2026-04-27 22:47:15.999189,London-ff13,-3,46,Normal
2026-04-27 22:47:16.999189,London-ff13,7,29,Normal
2026-04-27 22:47:17.999189,London-ff13,12,79,Normal
2026-04-27 22:47:18.999189,London-ff13,1,25,Normal
2026-04-27 22:47:19.999189,London-ff13,13,62,Normal
2026-04-27 22:47:20.999189,London-ff13,-13,30,Normal
2026-04-27 22:47:21.999189,London-ff13,32,48,Normal
2026-04-27 22:47:22.999189,London-ff13,-14,84,Normal
2026-04-27 22:47:23.999189,London-ff13,26,38,Normal
2026-04-27 22:47:24.999189,London-ff13,-11,63,Normal
2026-04-27 22:47:25.999189,London-ff13,-25,51,Normal
2026-04-27 22:47:26.999189,London-ff13,-6,82,Normal
2026-04-27 22:47:27.999189,London-ff13,50,55,Normal
2026-04-27 22:47:28.999189,London-ff13,4,92,Normal
2026-04-27 22:47:29.999189,London-ff13,-11,95,Normal
2026-04-27 22:47:30.999189,London-ff13,-1,39,Normal
2026-04-27 22:47:31.999189,London-ff13,-3,63,Normal
2026-04-27 22:47:32.999189,London-ff13,1,17,Normal
2026-04-27 22:47:33.999189,London-ff13,12,26,Normal
2026-04-27 22:47:34.999189,London-ff13,22,100,Normal
2026-04-27 22:47:35.999189,London-ff13,-8,9,Normal
2026-04-27 22:47:36.999189,London-ff13,2,57,Normal
2026-04-27 22:47:37.999189,London-ff13,-26,99,Normal
2026-04-27 22:47:38.999189,London-ff13,-5,95,Normal
2026-04-27 22:47:39.999189,London-ff13,-19,82,Normal
2026-04-27 22:47:40.999189,London-ff13,-28,22,Normal
2026-04-27 22:47:41.999189,London-ff13,23,68,Normal
2026-04-27 22:47:42.999189,London-ff13,16,80,Normal
2026-04-27 22:47:43.999189,London-ff13,35,21,Normal
2026-04-27 22:47:44.999189,London-ff13,37,1,Normal
2026-04-27 22:47:45.999189,London-ff13,-30,44,Normal
2026-04-27 22:47:46.999189,London-ff13,-26,45,Normal
2026-04-27 22:47:47.999189,London-ff13,-4,20,Normal
2026-04-27 22:47:48.999189,London-ff13,26,98,Normal
2026-04-27 22:47:49.999189,London-ff13,-28,72,Normal
2026-04-27 22:47:50.999189,London-ff13,4,83,Normal
2026-04-27 22:47:51.999189,London-ff13,2,66,Normal
2026-04-27 22:47:52.999189,London-ff13,6,77,Normal
2026-04-27 22:47:53.999189,London-ff13,9,11,Normal
2026-04-27 22:47:54.999189,London-ff13,30,98,Normal
2026-04-27 22:47:55.999189,London-ff13,16,5,Normal
2026-04-27 22:47:56.999189,London-ff13,18,48,Normal
2026-04-27 22:47:57.999189,London-ff13,-6,100,Normal
2026-04-27 22:47:58.999189,London-ff13,10,96,Normal
2026-04-27 22:47:59.999189,London-ff13,-5,99,Normal
2026-04-27 22:48:00.999189,London-ff13,20,43,Normal
2026-04-27 22:48:01.999189,London-ff13,15,37,Normal
2026-04-27 22:48:02.999189,London-ff13,3,57,Normal
2026-04-27 22:48:03.999189,London-ff13,-21,37,Normal
2026-04-27 22:48:04.999189,London-ff13,3,1,Normal
2026-04-27 22:48:05.999189,London-ff13,40,83,Normal
2026-04-27 22:48:06.999189,London-ff13,17,92,Normal
2026-04-27 22:48:07.999189,London-ff13,-25,47,Normal
2026-04-27 22:48:08.999189,London-ff13,26,64,Normal
2026-04-27 22:48:09.999189,London-ff13,37,43,Normal
2026-04-27 22:48:10.999189,London-ff13,3,87,Normal
2026-04-27 22:48:11.999189,London-ff13,-10,27,Normal
2026-04-27 22:48:12.999189,London-ff13,18,0,Normal
2026-04-27 22:48:13.999189,London-ff13,23,64,Normal
2026-04-27 22:48:14.999189,London-ff13,-25,78,Normal
2026-04-27 22:48:15.999189,London-ff13,24,88,Normal
2026-04-27 22:48:16.999189,London-ff13,31,10,Normal
2026-04-27 22:48:17.999189,London-ff13,-21,17,Normal
2026-04-27 22:48:18.999189,London-ff13,-24,43,Normal
2026-04-27 22:48:19.999189,London-ff13,-11,92,Normal
2026-04-27 22:48:20.999189,London-ff13,17,0,Normal
2026-04-27 22:48:21.999189,London-ff13,-3,15,Normal
2026-04-27 22:48:22.999189,London-ff13,46,37,Normal
2026-04-27 22:48:23.999189,London-ff13,-4,58,Normal
2026-04-27 22:48:24.999189,London-ff13,43,84,Normal
2026-04-27 22:48:25.999189,London-ff13,-21,54,Normal
2026-04-27 22:48:26.999189,London-ff13,-23,52,Normal
2026-04-27 22:48:27.999189,London-ff13,-6,64,Normal
2026-04-27 22:48:28.999189,London-ff13,-27,3,Normal
2026-04-27 22:48:29.999189,London-ff13,10,25,Normal
2026-04-27 22:48:30.999189,London-ff13,2,31,Normal
2026-04-27 22:48:31.999189,London-ff13,23,64,Normal
2026-04-27 22:48:32.999189,London-ff13,11,75,Normal
2026-04-27 22:48:33.999189,London-ff13,-12,30,Normal
2026-04-27 22:48:34.999189,London-ff13,-2,29,Normal
2026-04-27 22:48:35.999189,London-ff13,-19,55,Normal
2026-04-27 22:48:36.999189,London-ff13,-26,63,Normal
2026-04-27 22:48:37.999189,London-ff13,0,7,Normal
2026-04-27 22:48:38.999189,London-ff13,31,67,Normal
2026-04-27 22:48:39.999189,London-ff13,35,35,Normal
2026-04-27 22:48:40.999189,London-ff13,33,84,Normal
2026-04-27 22:48:41.999189,London-ff13,34,19,Normal
2026-04-27 22:48:42.999189,London-ff13,-12,37,Normal
2026-04-27 22:48:43.999189,London-ff13,-14,51,Normal
2026-04-27 22:48:44.999189,London-ff13,-1,25,Normal
2026-04-27 22:48:45.999189,London-ff13,28,94,Normal
2026-04-27 22:48:46.999189,London-ff13,28,87,Normal
2026-04-27 22:48:47.999189,London-ff13,-25,81,Normal
2026-04-27 22:48:48.999189,London-ff13,27,97,Normal
2026-04-27 22:48:49.999189,London-ff13,-28,62,Normal
2026-04-27 22:48:50.999189,London-ff13,-17,52,Normal
2026-04-27 22:48:51.999189,London-ff13,39,47,Normal
2026-04-27 22:48:52.999189,London-ff13,-9,88,Normal
2026-04-27 22:48:53.999189,London-ff13,39,93,Normal
2026-04-27 22:48:54.999189,London-ff13,-5,70,Normal
2026-04-27 22:48:55.999189,London-ff13,-21,87,Normal
2026-04-27 22:48:56.999189,London-ff13,5,85,Normal
2026-04-27 22:48:57.999189,London-ff13,-30,83,Normal
2026-04-27 22:48:58.999189,London-ff13,25,15,Normal
2026-04-27 22:48:59.999189,London-ff13,-6,54,Normal
2026-04-27 22:49:00.999189,London-ff13,41,32,Normal
2026-04-27 22:49:01.999189,London-ff13,36,31,Normal
2026-04-27 22:49:02.999189,London-ff13,32,96,Normal
2026-04-27 22:49:03.999189,London-ff13,38,7,Normal
2026-04-27 22:49:04.999189,London-ff13,-16,32,Normal
2026-04-27 22:49:05.999189,London-ff13,-15,52,Normal
2026-04-27 22:49:06.999189,London-ff13,-23,91,Normal
2026-04-27 22:49:07.999189,London-ff13,41,78,Normal
2026-04-27 22:49:08.999189,London-ff13,29,55,Normal
2026-04-27 22:49:09.999189,London-ff13,-8,2,Normal
2026-04-27 22:49:10.999189,London-ff13,49,14,Normal
2026-04-27 22:49:11.999189,London-ff13,39,21,Normal
2026-04-27 22:49:12.999189,London-ff13,-27,24,Normal
2026-04-27 22:49:13.999189,London-ff13,18,78,Normal
2026-04-27 22:49:14.999189,London-ff13,29,65,Normal
2026-04-27 22:49:15.999189,London-ff13,15,83,Normal
2026-04-27 22:49:16.999189,London-ff13,29,63,Normal
2026-04-27 22:49:17.999189,London-ff13,16,28,Normal
2026-04-27 22:49:18.999189,London-ff13,18,57,Normal
2026-04-27 22:49:19.999189,London-ff13,-25,88,Normal
2026-04-27 22:49:20.999189,London-ff13,7,92,Normal
2026-04-27 22:49:21.999189,London-ff13,-20,51,Normal
2026-04-27 22:49:22.999189,London-ff13,30,83,Normal
2026-04-27 22:49:23.999189,London-ff13,3,91,Normal
2026-04-27 22:49:24.999189,London-ff13,41,44,Normal
2026-04-27 22:49:25.999189,London-ff13,16,73,Normal
2026-04-27 22:49:26.999189,London-ff13,35,30,Normal
2026-04-27 22:49:27.999189,London-ff13,17,90,Normal
2026-04-27 22:49:28.999189,London-ff13,38,37,Normal
2026-04-27 22:49:29.999189,London-ff13,-17,48,Normal
2026-04-27 22:49:30.999189,London-ff13,13,45,Normal
2026-04-27 22:49:31.999189,London-ff13,-15,52,Normal
2026-04-27 22:49:32.999189,London-ff13,0,43,Normal
2026-04-27 22:49:33.999189,London-ff13,50,29,Normal
2026-04-27 22:49:34.999189,London-ff13,50,58,Normal
2026-04-27 22:49:35.999189,London-ff13,40,52,Normal
2026-04-27 22:49:36.999189,London-ff13,0,24,Normal
2026-04-27 22:49:37.999189,London-ff13,-10,91,Normal
2026-04-27 22:49:38.999189,London-ff13,20,39,Normal
2026-04-27 22:49:39.999189,London-ff13,-10,99,Normal
2026-04-27 22:49:40.999189,London-ff13,14,50,Normal
2026-04-27 22:49:41.999189,London-ff13,-27,28,Normal
2026-04-27 22:49:42.999189,London-ff13,-28,63,Normal
2026-04-27 22:49:43.999189,London-ff13,23,26,Normal
2026-04-27 22:49:44.999189,London-ff13,37,3,Normal
2026-04-27 22:49:45.999189,London-ff13,18,42,Normal
2026-04-27 22:49:46.999189,London-ff13,24,37,Normal
2026-04-27 22:49:47.999189,London-ff13,34,32,Normal
2026-04-27 22:49:48.999189,London-ff13,-25,34,Normal
2026-04-27 22:49:49.999189,London-ff13,39,46,Normal
2026-04-27 22:49:50.999189,London-ff13,31,26,Normal
2026-04-27 22:49:51.999189,London-ff13,24,66,Normal
2026-04-27 22:49:52.999189,London-ff13,-6,78,Normal
2026-04-27 22:49:53.999189,London-ff13,5,41,Normal
2026-04-27 22:49:54.999189,London-ff13,38,93,Normal
2026-04-27 22:49:55.999189,London-ff13,48,75,Normal
2026-04-27 22:49:56.999189,London-ff13,16,6,Normal
2026-04-27 22:49:57.999189,London-ff13,10,27,Normal
2026-04-27 22:49:58.999189,London-ff13,39,6,Normal
2026-04-27 22:49:59.999189,London-ff13,3,66,Normal
2026-04-27 22:50:00.999189,London-ff13,-27,18,Normal
2026-04-27 22:50:01.999189,London-ff13,-7,25,Normal
2026-04-27 22:50:02.999189,London-ff13,-19,9,Normal
2026-04-27 22:50:03.999189,London-ff13,2,34,Normal
2026-04-27 22:50:04.999189,London-ff13,12,19,Normal
2026-04-27 22:50:05.999189,London-ff13,6,47,Normal
2026-04-27 22:50:06.999189,London-ff13,39,85,Normal
2026-04-27 22:50:07.999189,London-ff13,3,84,Normal
2026-04-27 22:50:08.999189,London-ff13,28,78,Normal
2026-04-27 22:50:09.999189,London-ff13,-9,4,Normal
2026-04-27 22:50:10.999189,London-ff13,31,93,Normal
2026-04-27 22:50:11.999189,London-ff13,-8,68,Normal
2026-04-27 22:50:12.999189,London-ff13,33,40,Normal
2026-04-27 22:50:13.999189,London-ff13,24,35,Normal
2026-04-27 22:50:14.999189,London-ff13,42,12,Normal
2026-04-27 22:50:15.999189,London-ff13,45,7,Normal
2026-04-27 22:50:16.999189,London-ff13,15,57,Normal
2026-04-27 22:50:17.999189,London-ff13,-29,50,Normal
2026-04-27 22:50:18.999189,London-ff13,20,68,Normal
2026-04-27 22:50:19.999189,London-ff13,23,10,Normal
2026-04-27 22:50:20.999189,London-ff13,44,19,Normal
2026-04-27 22:50:21.999189,London-ff13,-6,40,Normal
2026-04-27 22:50:22.999189,London-ff13,8,39,Normal
2026-04-27 22:50:23.999189,London-ff13,-4,59,Normal
2026-04-27 22:50:24.999189,London-ff13,4,61,Normal
2026-04-27 22:50:25.999189,London-ff13,-13,90,Normal
2026-04-27 22:50:26.999189,London-ff13,32,86,Normal
2026-04-27 22:50:27.999189,London-ff13,25,11,Normal
2026-04-27 22:50:28.999189,London-ff13,0,48,Normal
2026-04-27 22:50:29.999189,London-ff13,41,42,Normal
2026-04-27 22:50:30.999189,London-ff13,43,61,Normal
2026-04-27 22:50:31.999189,London-ff13,47,48,Normal
2026-04-27 22:50:32.999189,London-ff13,2,26,Normal
2026-04-27 22:50:33.999189,London-ff13,-30,63,Normal
2026-04-27 22:50:34.999189,London-ff13,30,41,Normal
2026-04-27 22:50:35.999189,London-ff13,-23,72,Normal
2026-04-27 22:50:36.999189,London-ff13,12,74,Normal
2026-04-27 22:50:37.999189,London-ff13,-2,84,Normal
2026-04-27 22:50:38.999189,London-ff13,-3,51,Normal
2026-04-27 22:50:39.999189,London-ff13,-25,52,Normal
2026-04-27 22:50:40.999189,London-ff13,-27,65,Normal
2026-04-27 22:50:41.999189,London-ff13,38,75,Normal
2026-04-27 22:50:42.999189,London-ff13,16,14,Normal
2026-04-27 22:50:43.999189,London-ff13,-27,99,Normal
2026-04-27 22:50:44.999189,London-ff13,4,91,Normal
2026-04-27 22:50:45.999189,London-ff13,-21,45,Normal
2026-04-27 22:50:46.999189,London-ff13,-15,67,Normal
2026-04-27 22:50:47.999189,London-ff13,-9,33,Normal
2026-04-27 22:50:48.999189,London-ff13,39,14,Normal
2026-04-27 22:50:49.999189,London-ff13,-26,62,Normal
2026-04-27 22:50:50.999189,London-ff13,-8,61,Normal
2026-04-27 22:50:51.999189,London-ff13,10,83,Normal
2026-04-27 22:50:52.999189,London-ff13,20,8,Normal
2026-04-27 22:50:53.999189,London-ff13,-8,65,Normal
2026-04-27 22:50:54.999189,London-ff13,15,50,Normal
2026-04-27 22:50:55.999189,London-ff13,15,20,Normal
2026-04-27 22:50:56.999189,London-ff13,5,12,Normal
2026-04-27 22:50:57.999189,London-ff13,-14,52,Normal
2026-04-27 22:50:58.999189,London-ff13,0,6,Normal
2026-04-27 22:50:59.999189,London-ff13,1,94,Normal
2026-04-27 22:51:00.999189,London-ff13,14,16,Normal
2026-04-27 22:51:01.999189,London-ff13,-18,79,Normal
2026-04-27 22:51:02.999189,London-ff13,-9,35,Normal
2026-04-27 22:51:03.999189,London-ff13,46,10,Normal
2026-04-27 22:51:04.999189,London-ff13,10,30,Normal
2026-04-27 22:51:05.999189,London-ff13,-14,13,Normal
2026-04-27 22:51:06.999189,London-ff13,-3,52,Normal
2026-04-27 22:51:07.999189,London-ff13,9,12,Normal
2026-04-27 22:51:08.999189,London-ff13,12,61,Normal
2026-04-27 22:51:09.999189,London-ff13,13,67,Normal
2026-04-27 22:51:10.999189,London-ff13,-8,36,Normal
2026-04-27 22:51:11.999189,London-ff13,2,67,Normal
2026-04-27 22:51:12.999189,London-ff13,34,11,Normal
2026-04-27 22:51:13.999189,London-ff13,-6,61,Normal
2026-04-27 22:51:14.999189,London-ff13,23,29,Normal
2026-04-27 22:51:15.999189,London-ff13,18,89,Normal
2026-04-27 22:51:16.999189,London-ff13,-25,52,Normal
2026-04-27 22:51:17.999189,London-ff13,12,2,Normal
2026-04-27 22:51:18.999189,London-ff13,15,86,Normal
2026-04-27 22:51:19.999189,London-ff13,5,94,Normal
2026-04-27 22:51:20.999189,London-ff13,-14,99,Normal
2026-04-27 22:51:21.999189,London-ff13,-18,67,Normal
2026-04-27 22:51:22.999189,London-ff13,-3,86,Normal
2026-04-27 22:51:23.999189,London-ff13,48,1,Normal
2026-04-27 22:51:24.999189,London-ff13,9,78,Normal
2026-04-27 22:51:25.999189,London-ff13,-1,55,Normal
2026-04-27 22:51:26.999189,London-ff13,-2,59,Normal
2026-04-27 22:51:27.999189,London-ff13,12,6,Normal
2026-04-27 22:51:28.999189,London-ff13,26,9,Normal
2026-04-27 22:51:29.999189,London-ff13,25,8,Normal
2026-04-27 22:51:30.999189,London-ff13,45,72,Normal
2026-04-27 22:51:31.999189,London-ff13,22,99,Normal
2026-04-27 22:51:32.999189,London-ff13,18,34,Normal
2026-04-27 22:51:33.999189,London-ff13,-20,24,Normal
2026-04-27 22:51:34.999189,London-ff13,28,47,Normal
2026-04-27 22:51:35.999189,London-ff13,-20,64,Normal
2026-04-27 22:51:36.999189,London-ff13,22,84,Normal
2026-04-27 22:51:37.999189,London-ff13,30,47,Normal
2026-04-27 22:51:38.999189,London-ff13,19,88,Normal
2026-04-27 22:51:39.999189,London-ff13,9,88,Normal
2026-04-27 22:51:40.999189,London-ff13,-13,91,Normal
2026-04-27 22:51:41.999189,London-ff13,38,1,Normal
2026-04-27 22:51:42.999189,London-ff13,29,8,Normal
2026-04-27 22:51:43.999189,London-ff13,19,28,Normal
2026-04-27 22:51:44.999189,London-ff13,10,61,Normal
2026-04-27 22:51:45.999189,London-ff13,-20,39,Normal
2026-04-27 22:51:46.999189,London-ff13,8,49,Normal
2026-04-27 22:51:47.999189,London-ff13,-16,47,Normal
2026-04-27 22:51:48.999189,London-ff13,23,12,Normal
2026-04-27 22:51:49.999189,London-ff13,11,0,Normal
2026-04-27 22:51:50.999189,London-ff13,34,44,Normal
2026-04-27 22:51:51.999189,London-ff13,-16,72,Normal
2026-04-27 22:51:52.999189,London-ff13,33,49,Normal
2026-04-27 22:51:53.999189,London-ff13,32,93,Normal
2026-04-27 22:51:54.999189,London-ff13,48,81,Normal
2026-04-27 22:51:55.999189,London-ff13,-4,35,Normal
2026-04-27 22:51:56.999189,London-ff13,15,55,Normal
2026-04-27 22:51:57.999189,London-ff13,-18,64,Normal
2026-04-27 22:51:58.999189,London-ff13,-20,41,Normal
2026-04-27 22:51:59.999189,London-ff13,35,1,Normal
2026-04-27 22:52:00.999189,London-ff13,35,99,Normal
2026-04-27 22:52:01.999189,London-ff13,-27,17,Normal
2026-04-27 22:52:02.999189,London-ff13,36,63,Normal
2026-04-27 22:52:03.999189,London-ff13,35,12,Normal
2026-04-27 22:52:04.999189,London-ff13,-30,97,Normal
2026-04-27 22:52:05.999189,London-ff13,47,57,Normal
2026-04-27 22:52:06.999189,London-ff13,35,45,Normal
2026-04-27 22:52:07.999189,London-ff13,-18,17,Normal
2026-04-27 22:52:08.999189,London-ff13,22,20,Normal
2026-04-27 22:52:09.999189,London-ff13,30,39,Normal
2026-04-27 22:52:10.999189,London-ff13,-9,79,Normal
2026-04-27 22:52:11.999189,London-ff13,-2,72,Normal
2026-04-27 22:52:12.999189,London-ff13,36,77,Normal
2026-04-27 22:52:13.999189,London-ff13,36,98,Normal
2026-04-27 22:52:14.999189,London-ff13,21,92,Normal
2026-04-27 22:52:15.999189,London-ff13,12,11,Normal
2026-04-27 22:52:16.999189,London-ff13,5,89,Normal
2026-04-27 22:52:17.999189,London-ff13,-11,84,Normal
2026-04-27 22:52:18.999189,London-ff13,39,21,Normal
2026-04-27 22:52:19.999189,London-ff13,48,31,Normal
2026-04-27 22:52:20.999189,London-ff13,-5,37,Normal
2026-04-27 22:52:21.999189,London-ff13,19,1,Normal
2026-04-27 22:52:22.999189,London-ff13,-30,33,Normal
2026-04-27 22:52:23.999189,London-ff13,20,51,Normal
2026-04-27 22:52:24.999189,London-ff13,-6,61,Normal
2026-04-27 22:52:25.999189,London-ff13,-15,42,Normal
2026-04-27 22:52:26.999189,London-ff13,-7,51,Normal
2026-04-27 22:52:27.999189,London-ff13,33,43,Normal
2026-04-27 22:52:28.999189,London-ff13,-23,0,Normal
2026-04-27 22:52:29.999189,London-ff13,3,25,Normal
2026-04-27 22:52:30.999189,London-ff13,3,54,Normal
2026-04-27 22:52:31.999189,London-ff13,-26,17,Normal
2026-04-27 22:52:32.999189,London-ff13,-21,76,Normal
2026-04-27 22:52:33.999189,London-ff13,-16,91,Normal
2026-04-27 22:52:34.999189,London-ff13,39,96,Normal
2026-04-27 22:52:35.999189,London-ff13,33,64,Normal
2026-04-27 22:52:36.999189,London-ff13,25,94,Normal
2026-04-27 22:52:37.999189,London-ff13,13,38,Normal
2026-04-27 22:52:38.999189,London-ff13,9,88,Normal
2026-04-27 22:52:39.999189,London-ff13,-3,53,Normal
2026-04-27 22:52:40.999189,London-ff13,9,26,Normal
2026-04-27 22:52:41.999189,London-ff13,-14,89,Normal
2026-04-27 22:52:42.999189,London-ff13,19,56,Normal
2026-04-27 22:52:43.999189,London-ff13,6,1,Normal
2026-04-27 22:52:44.999189,London-ff13,26,30,Normal
2026-04-27 22:52:45.999189,London-ff13,11,0,Normal
2026-04-27 22:52:46.999189,London-ff13,-18,85,Normal
2026-04-27 22:52:47.999189,London-ff13,14,11,Normal
2026-04-27 22:52:48.999189,London-ff13,17,67,Normal
2026-04-27 22:52:49.999189,London-ff13,23,98,Normal
2026-04-27 22:52:50.999189,London-ff13,19,30,Normal
2026-04-27 22:52:51.999189,London-ff13,13,33,Normal
2026-04-27 22:52:52.999189,London-ff13,1,55,Normal
2026-04-27 22:52:53.999189,London-ff13,-28,52,Normal
2026-04-27 22:52:54.999189,London-ff13,-14,40,Normal
2026-04-27 22:52:55.999189,London-ff13,49,26,Normal
2026-04-27 22:52:56.999189,London-ff13,36,0,Normal
2026-04-27 22:52:57.999189,London-ff13,-20,48,Normal
2026-04-27 22:52:58.999189,London-ff13,16,84,Normal
2026-04-27 22:52:59.999189,London-ff13,-25,67,Normal
2026-04-27 22:53:00.999189,London-ff13,-25,49,Normal
2026-04-27 22:53:01.999189,London-ff13,29,48,Normal
2026-04-27 22:53:02.999189,London-ff13,42,20,Normal
2026-04-27 22:53:03.999189,London-ff13,40,24,Normal
2026-04-27 22:53:04.999189,London-ff13,34,97,Normal
2026-04-27 22:53:05.999189,London-ff13,-15,5,Normal
2026-04-27 22:53:06.999189,London-ff13,-2,69,Normal
2026-04-27 22:53:07.999189,London-ff13,19,70,Normal
2026-04-27 22:53:08.999189,London-ff13,-25,31,Normal
2026-04-27 22:53:09.999189,London-ff13,44,11,Normal
2026-04-27 22:53:10.999189,London-ff13,23,21,Normal
2026-04-27 22:53:11.999189,London-ff13,42,74,Normal
2026-04-27 22:53:12.999189,London-ff13,-19,44,Normal
2026-04-27 22:53:13.999189,London-ff13,25,22,Normal
2026-04-27 22:53:14.999189,London-ff13,19,68,Normal
2026-04-27 22:53:15.999189,London-ff13,-20,27,Normal
2026-04-27 22:53:16.999189,London-ff13,-22,47,Normal
2026-04-27 22:53:17.999189,London-ff13,41,80,Normal
2026-04-27 22:53:18.999189,London-ff13,-7,81,Normal
2026-04-27 22:53:19.999189,London-ff13,-22,20,Normal
2026-04-27 22:53:20.999189,London-ff13,14,2,Normal
2026-04-27 22:53:21.999189,London-ff13,-4,17,Normal
2026-04-27 22:53:22.999189,London-ff13,-16,70,Normal
2026-04-27 22:53:23.999189,London-ff13,48,48,Normal
2026-04-27 22:53:24.999189,London-ff13,29,75,Normal
2026-04-27 22:53:25.999189,London-ff13,4,34,Normal
2026-04-27 22:53:26.999189,London-ff13,49,67,Normal
2026-04-27 22:53:27.999189,London-ff13,42,64,Normal
2026-04-27 22:53:28.999189,London-ff13,-27,67,Normal
2026-04-27 22:53:29.999189,London-ff13,-29,36,Normal
2026-04-27 22:53:30.999189,London-ff13,27,46,Normal
2026-04-27 22:53:31.999189,London-ff13,2,75,Normal
2026-04-27 22:53:32.999189,London-ff13,32,10,Normal
2026-04-27 22:53:33.999189,London-ff13,14,13,Normal
2026-04-27 22:53:34.999189,London-ff13,-9,36,Normal
2026-04-27 22:53:35.999189,London-ff13,39,55,Normal
2026-04-27 22:53:36.999189,London-ff13,2,14,Normal
2026-04-27 22:53:37.999189,London-ff13,30,49,Normal
2026-04-27 22:53:38.999189,London-ff13,-25,47,Normal
2026-04-27 22:53:39.999189,London-ff13,14,60,Normal
2026-04-27 22:53:40.999189,London-ff13,32,70,Normal
2026-04-27 22:53:41.999189,London-ff13,-23,19,Normal
2026-04-27 22:53:42.999189,London-ff13,-27,91,Normal
2026-04-27 22:53:43.999189,London-ff13,-11,61,Normal
2026-04-27 22:53:44.999189,London-ff13,-30,20,Normal
2026-04-27 22:53:45.999189,London-ff13,45,29,Normal
2026-04-27 22:53:46.999189,London-ff13,27,78,Normal
2026-04-27 22:53:47.999189,London-ff13,26,65,Normal
2026-04-27 22:53:48.999189,London-ff13,28,92,Normal
2026-04-27 22:53:49.999189,London-ff13,32,26,Normal
2026-04-27 22:53:50.999189,London-ff13,9,55,Normal
2026-04-27 22:53:51.999189,London-ff13,-14,21,Normal
2026-04-27 22:53:52.999189,London-ff13,15,79,Normal
2026-04-27 22:53:53.999189,London-ff13,16,41,Normal
2026-04-27 22:53:54.999189,London-ff13,-11,45,Normal
2026-04-27 22:53:55.999189,London-ff13,14,20,Normal
2026-04-27 22:53:56.999189,London-ff13,-18,55,Normal
2026-04-27 22:53:57.999189,London-ff13,6,36,Normal
2026-04-27 22:53:58.999189,London-ff13,-26,17,Normal
2026-04-27 22:53:59.999189,London-ff13,24,60,Normal
2026-04-27 22:54:00.999189,London-ff13,16,27,Normal
2026-04-27 22:54:01.999189,London-ff13,45,95,Normal
2026-04-27 22:54:02.999189,London-ff13,39,9,Normal
2026-04-27 22:54:03.999189,London-ff13,32,24,Normal
2026-04-27 22:54:04.999189,London-ff13,7,100,Normal
2026-04-27 22:54:05.999189,London-ff13,-22,61,Normal
2026-04-27 22:54:06.999189,London-ff13,17,2,Normal
2026-04-27 22:54:07.999189,London-ff13,-23,36,Normal
2026-04-27 22:54:08.999189,London-ff13,8,42,Normal
2026-04-27 22:54:09.999189,London-ff13,-26,86,Normal
2026-04-27 22:54:10.999189,London-ff13,-22,53,Normal
2026-04-27 22:54:11.999189,London-ff13,26,98,Normal
2026-04-27 22:54:12.999189,London-ff13,49,14,Normal
2026-04-27 22:54:13.999189,London-ff13,19,88,Normal
2026-04-27 22:54:14.999189,London-ff13,-5,46,Normal
2026-04-27 22:54:15.999189,London-ff13,-15,27,Normal
2026-04-27 22:54:16.999189,London-ff13,4,63,Normal
2026-04-27 22:54:17.999189,London-ff13,17,35,Normal
2026-04-27 22:54:18.999189,London-ff13,50,34,Normal
2026-04-27 22:54:19.999189,London-ff13,16,8,Normal
2026-04-27 22:54:20.999189,London-ff13,-19,94,Normal
2026-04-27 22:54:21.999189,London-ff13,20,38,Normal
2026-04-27 22:54:22.999189,London-ff13,-25,56,Normal
2026-04-27 22:54:23.999189,London-ff13,-13,91,Normal
2026-04-27 22:54:24.999189,London-ff13,-27,29,Normal
2026-04-27 22:54:25.999189,London-ff13,4,40,Normal
2026-04-27 22:54:26.999189,London-ff13,30,77,Normal
2026-04-27 22:54:27.999189,London-ff13,-26,43,Normal
2026-04-27 22:54:28.999189,London-ff13,36,86,Normal
2026-04-27 22:54:29.999189,London-ff13,37,11,Normal
2026-04-27 22:54:30.999189,London-ff13,17,55,Normal
2026-04-27 22:54:31.999189,London-ff13,38,18,Normal
2026-04-27 22:54:32.999189,London-ff13,16,62,Normal
2026-04-27 22:54:33.999189,London-ff13,11,91,Normal
2026-04-27 22:54:34.999189,London-ff13,-29,73,Normal
2026-04-27 22:54:35.999189,London-ff13,-24,84,Normal
2026-04-27 22:54:36.999189,London-ff13,-21,22,Normal
2026-04-27 22:54:37.999189,London-ff13,45,70,Normal
2026-04-27 22:54:38.999189,London-ff13,8,56,Normal
2026-04-27 22:54:39.999189,London-ff13,4,46,Normal
2026-04-27 22:54:40.999189,London-ff13,47,80,Normal
2026-04-27 22:54:41.999189,London-ff13,-11,28,Normal
2026-04-27 22:54:42.999189,London-ff13,40,23,Normal
2026-04-27 22:54:43.999189,London-ff13,11,65,Normal
2026-04-27 22:54:44.999189,London-ff13,16,49,Normal
2026-04-27 22:54:45.999189,London-ff13,28,59,Normal
2026-04-27 22:54:46.999189,London-ff13,-2,17,Normal
2026-04-27 22:54:47.999189,London-ff13,46,38,Normal
2026-04-27 22:54:48.999189,London-ff13,-25,66,Normal
2026-04-27 22:54:49.999189,London-ff13,15,1,Normal
2026-04-27 22:54:50.999189,London-ff13,22,30,Normal
2026-04-27 22:54:51.999189,London-ff13,-7,6,Normal
2026-04-27 22:54:52.999189,London-ff13,-7,48,Normal
2026-04-27 22:54:53.999189,London-ff13,10,97,Normal
2026-04-27 22:54:54.999189,London-ff13,24,7,Normal
2026-04-27 22:54:55.999189,London-ff13,24,100,Normal
2026-04-27 22:54:56.999189,London-ff13,-22,58,Normal
2026-04-27 22:54:57.999189,London-ff13,46,80,Normal
2026-04-27 22:54:58.999189,London-ff13,1,12,Normal
2026-04-27 22:54:59.999189,London-ff13,-14,62,Normal
2026-04-27 22:55:00.999189,London-ff13,27,50,Normal
2026-04-27 22:55:01.999189,London-ff13,26,58,Normal
2026-04-27 22:55:02.999189,London-ff13,30,57,Normal
2026-04-27 22:55:03.999189,London-ff13,24,99,Normal
2026-04-27 22:55:04.999189,London-ff13,-21,85,Normal
2026-04-27 22:55:05.999189,London-ff13,46,77,Normal
2026-04-27 22:55:06.999189,London-ff13,42,37,Normal
2026-04-27 22:55:07.999189,London-ff13,-12,68,Normal
2026-04-27 22:55:08.999189,London-ff13,41,10,Normal
2026-04-27 22:55:09.999189,London-ff13,-25,65,Normal
2026-04-27 22:55:10.999189,London-ff13,45,64,Normal
2026-04-27 22:55:11.999189,London-ff13,-27,50,Normal
2026-04-27 22:55:12.999189,London-ff13,38,18,Normal
2026-04-27 22:55:13.999189,London-ff13,-28,43,Normal
2026-04-27 22:55:14.999189,London-ff13,42,73,Normal
2026-04-27 22:55:15.999189,London-ff13,11,10,Normal
2026-04-27 22:55:16.999189,London-ff13,18,44,Normal
2026-04-27 22:55:17.999189,London-ff13,37,26,Normal
2026-04-27 22:55:18.999189,London-ff13,24,32,Normal
2026-04-27 22:55:19.999189,London-ff13,33,20,Normal
2026-04-27 22:55:20.999189,London-ff13,-23,24,Normal
2026-04-27 22:55:21.999189,London-ff13,-28,61,Normal
2026-04-27 22:55:22.999189,London-ff13,-18,57,Normal
2026-04-27 22:55:23.999189,London-ff13,33,10,Normal
2026-04-27 22:55:24.999189,London-ff13,-29,38,Normal
2026-04-27 22:55:25.999189,London-ff13,39,17,Normal
2026-04-27 22:55:26.999189,London-ff13,-13,76,Normal
2026-04-27 22:55:27.999189,London-ff13,21,90,Normal
2026-04-27 22:55:28.999189,London-ff13,46,30,Normal
2026-04-27 22:55:29.999189,London-ff13,9,66,Normal
2026-04-27 22:55:30.999189,London-ff13,23,72,Normal
2026-04-27 22:55:31.999189,London-ff13,17,37,Normal
2026-04-27 22:55:32.999189,London-ff13,38,87,Normal
2026-04-27 22:55:33.999189,London-ff13,-7,81,Normal
2026-04-27 22:55:34.999189,London-ff13,-10,89,Normal
2026-04-27 22:55:35.999189,London-ff13,-12,98,Normal
2026-04-27 22:55:36.999189,London-ff13,-12,25,Normal
2026-04-27 22:55:37.999189,London-ff13,-21,3,Normal
2026-04-27 22:55:38.999189,London-ff13,9,71,Normal
2026-04-27 22:55:39.999189,London-ff13,-29,2,Normal
2026-04-27 22:55:40.999189,London-ff13,24,5,Normal
2026-04-27 22:55:41.999189,London-ff13,43,27,Normal
2026-04-27 22:55:42.999189,London-ff13,25,89,Normal
2026-04-27 22:55:43.999189,London-ff13,-16,100,Normal
2026-04-27 22:55:44.999189,London-ff13,6,64,Normal
2026-04-27 22:55:45.999189,London-ff13,44,58,Normal
2026-04-27 22:55:46.999189,London-ff13,-14,51,Normal
2026-04-27 22:55:47.999189,London-ff13,-21,50,Normal
2026-04-27 22:55:48.999189,London-ff13,20,74,Normal
2026-04-27 22:55:49.999189,London-ff13,13,6,Normal
2026-04-27 22:55:50.999189,London-ff13,33,81,Normal
2026-04-27 22:55:51.999189,London-ff13,-10,74,Normal
2026-04-27 22:55:52.999189,London-ff13,27,76,Normal
2026-04-27 22:55:53.999189,London-ff13,5,86,Normal
2026-04-27 22:55:54.999189,London-ff13,32,63,Normal
2026-04-27 22:55:55.999189,London-ff13,31,39,Normal
2026-04-27 22:55:56.999189,London-ff13,41,29,Normal
2026-04-27 22:55:57.999189,London-ff13,-19,45,Normal
2026-04-27 22:55:58.999189,London-ff13,-10,79,Normal
2026-04-27 22:55:59.999189,London-ff13,27,50,Normal
2026-04-27 22:56:00.999189,London-ff13,14,99,Normal
2026-04-27 22:56:01.999189,London-ff13,27,43,Normal
2026-04-27 22:56:02.999189,London-ff13,20,64,Normal
2026-04-27 22:56:03.999189,London-ff13,-10,38,Normal
2026-04-27 22:56:04.999189,London-ff13,34,71,Normal
2026-04-27 22:56:05.999189,London-ff13,-26,25,Normal
2026-04-27 22:56:06.999189,London-ff13,-13,99,Normal
2026-04-27 22:56:07.999189,London-ff13,3,19,Normal
2026-04-27 22:56:08.999189,London-ff13,35,67,Normal
2026-04-27 22:56:09.999189,London-ff13,10,32,Normal
2026-04-27 22:56:10.999189,London-ff13,0,7,Normal
2026-04-27 22:56:11.999189,London-ff13,43,0,Normal
2026-04-27 22:56:12.999189,London-ff13,25,99,Normal
2026-04-27 22:56:13.999189,London-ff13,47,8,Normal
2026-04-27 22:56:14.999189,London-ff13,12,29,Normal
2026-04-27 22:56:15.999189,London-ff13,17,38,Normal
2026-04-27 22:56:16.999189,London-ff13,17,68,Normal
2026-04-27 22:56:17.999189,London-ff13,24,98,Normal
2026-04-27 22:56:18.999189,London-ff13,15,49,Normal
2026-04-27 22:56:19.999189,London-ff13,48,45,Normal
2026-04-27 22:56:20.999189,London-ff13,2,89,Normal
2026-04-27 22:56:21.999189,London-ff13,31,78,Normal
2026-04-27 22:56:22.999189,London-ff13,6,14,Normal
2026-04-27 22:56:23.999189,London-ff13,-28,86,Normal
2026-04-27 22:56:24.999189,London-ff13,40,93,Normal
2026-04-27 22:56:25.999189,London-ff13,15,9,Normal
2026-04-27 22:56:26.999189,London-ff13,25,98,Normal
2026-04-27 22:56:27.999189,London-ff13,46,100,Normal
2026-04-27 22:56:28.999189,London-ff13,-5,43,Normal
2026-04-27 22:56:29.999189,London-ff13,35,89,Normal
2026-04-27 22:56:30.999189,London-ff13,-14,57,Normal
2026-04-27 22:56:31.999189,London-ff13,29,59,Normal
2026-04-27 22:56:32.999189,London-ff13,7,61,Normal
2026-04-27 22:56:33.999189,London-ff13,-10,85,Normal
2026-04-27 22:56:34.999189,London-ff13,-12,77,Normal
2026-04-27 22:56:35.999189,London-ff13,-26,61,Normal
2026-04-27 22:56:36.999189,London-ff13,-3,22,Normal
2026-04-27 22:56:37.999189,London-ff13,-6,12,Normal
2026-04-27 22:56:38.999189,London-ff13,20,72,Normal
2026-04-27 22:56:39.999189,London-ff13,47,62,Normal
2026-04-27 22:56:40.999189,London-ff13,9,91,Normal
2026-04-27 22:56:41.999189,London-ff13,-28,50,Normal
2026-04-27 22:56:42.999189,London-ff13,-30,51,Normal
2026-04-27 22:56:43.999189,London-ff13,-8,89,Normal
2026-04-27 22:56:44.999189,London-ff13,-26,66,Normal
2026-04-27 22:56:45.999189,London-ff13,19,42,Normal
2026-04-27 22:56:46.999189,London-ff13,1,97,Normal
2026-04-27 22:56:47.999189,London-ff13,-3,25,Normal
2026-04-27 22:56:48.999189,London-ff13,47,5,Normal
2026-04-27 22:56:49.999189,London-ff13,17,11,Normal
2026-04-27 22:56:50.999189,London-ff13,6,7,Normal
2026-04-27 22:56:51.999189,London-ff13,7,47,Normal
2026-04-27 22:56:52.999189,London-ff13,50,18,Normal
2026-04-27 22:56:53.999189,London-ff13,5,77,Normal
2026-04-27 22:56:54.999189,London-ff13,2,32,Normal
2026-04-27 22:56:55.999189,London-ff13,-23,42,Normal
2026-04-27 22:56:56.999189,London-ff13,-25,6,Normal
2026-04-27 22:56:57.999189,London-ff13,3,51,Normal
2026-04-27 22:56:58.999189,London-ff13,16,64,Normal
2026-04-27 22:56:59.999189,London-ff13,36,51,Normal
2026-04-27 22:57:00.999189,London-ff13,50,16,Normal
2026-04-27 22:57:01.999189,London-ff13,11,18,Normal
2026-04-27 22:57:02.999189,London-ff13,-10,14,Normal
2026-04-27 22:57:03.999189,London-ff13,6,47,Normal
2026-04-27 22:57:04.999189,London-ff13,0,89,Normal
2026-04-27 22:57:05.999189,London-ff13,-6,60,Normal
2026-04-27 22:57:06.999189,London-ff13,-13,10,Normal
2026-04-27 22:57:07.999189,London-ff13,-19,70,Normal
2026-04-27 22:57:08.999189,London-ff13,-7,21,Normal
2026-04-27 22:57:09.999189,London-ff13,-25,32,Normal
2026-04-27 22:57:10.999189,London-ff13,29,85,Normal
2026-04-27 22:57:11.999189,London-ff13,27,100,Normal
2026-04-27 22:57:12.999189,London-ff13,-30,78,Normal
2026-04-27 22:57:13.999189,London-ff13,5,79,Normal
2026-04-27 22:57:14.999189,London-ff13,-22,72,Normal
2026-04-27 22:57:15.999189,London-ff13,31,73,Normal
2026-04-27 22:57:16.999189,London-ff13,12,88,Normal
2026-04-27 22:57:17.999189,London-ff13,33,91,Normal
2026-04-27 22:57:18.999189,London-ff13,48,80,Normal
2026-04-27 22:57:19.999189,London-ff13,-22,54,Normal
2026-04-27 22:57:20.999189,London-ff13,-28,61,Normal
2026-04-27 22:57:21.999189,London-ff13,49,91,Normal
2026-04-27 22:57:22.999189,London-ff13,-1,14,Normal
2026-04-27 22:57:23.999189,London-ff13,-16,17,Normal
2026-04-27 22:57:24.999189,London-ff13,24,24,Normal
2026-04-27 22:57:25.999189,London-ff13,44,22,Normal
2026-04-27 22:57:26.999189,London-ff13,21,58,Normal
2026-04-27 22:57:27.999189,London-ff13,-8,84,Normal
2026-04-27 22:57:28.999189,London-ff13,-19,16,Normal
2026-04-27 22:57:29.999189,London-ff13,30,6,Normal
2026-04-27 22:57:30.999189,London-ff13,17,87,Normal
2026-04-27 22:57:31.999189,London-ff13,-6,38,Normal
2026-04-27 22:57:32.999189,London-ff13,15,69,Normal
2026-04-27 22:57:33.999189,London-ff13,-3,57,Normal
2026-04-27 22:57:34.999189,London-ff13,-23,78,Normal
2026-04-27 22:57:35.999189,London-ff13,9,52,Normal
2026-04-27 22:57:36.999189,London-ff13,35,68,Normal
2026-04-27 22:57:37.999189,London-ff13,-12,11,Normal
2026-04-27 22:57:38.999189,London-ff13,-21,14,Normal
2026-04-27 22:57:39.999189,London-ff13,-6,80,Normal
2026-04-27 22:57:40.999189,London-ff13,-17,99,Normal
2026-04-27 22:57:41.999189,London-ff13,-30,61,Normal
2026-04-27 22:57:42.999189,London-ff13,6,41,Normal
2026-04-27 22:57:43.999189,London-ff13,1,3,Normal
2026-04-27 22:57:44.999189,London-ff13,43,52,Normal
2026-04-27 22:57:45.999189,London-ff13,-26,65,Normal
2026-04-27 22:57:46.999189,London-ff13,0,4,Normal
2026-04-27 22:57:47.999189,London-ff13,29,64,Normal
2026-04-27 22:57:48.999189,London-ff13,49,88,Normal
2026-04-27 22:57:49.999189,London-ff13,7,23,Normal
2026-04-27 22:57:50.999189,London-ff13,4,12,Normal
2026-04-27 22:57:51.999189,London-ff13,-9,2,Normal
2026-04-27 22:57:52.999189,London-ff13,15,0,Normal
2026-04-27 22:57:53.999189,London-ff13,35,64,Normal
2026-04-27 22:57:54.999189,London-ff13,-16,53,Normal
2026-04-27 22:57:55.999189,London-ff13,34,82,Normal
2026-04-27 22:57:56.999189,London-ff13,-17,91,Normal
2026-04-27 22:57:57.999189,London-ff13,3,30,Normal
2026-04-27 22:57:58.999189,London-ff13,49,48,Normal
2026-04-27 22:57:59.999189,London-ff13,26,6,Normal
2026-04-27 22:58:00.999189,London-ff13,-5,58,Normal
2026-04-27 22:58:01.999189,London-ff13,1,86,Normal
2026-04-27 22:58:02.999189,London-ff13,6,83,Normal
2026-04-27 22:58:03.999189,London-ff13,-21,68,Normal
2026-04-27 22:58:04.999189,London-ff13,3,45,Normal
2026-04-27 22:58:05.999189,London-ff13,12,54,Normal
2026-04-27 22:58:06.999189,London-ff13,-17,62,Normal
2026-04-27 22:58:07.999189,London-ff13,29,93,Normal
2026-04-27 22:58:08.999189,London-ff13,26,49,Normal
2026-04-27 22:58:09.999189,London-ff13,-29,0,Normal
2026-04-27 22:58:10.999189,London-ff13,50,2,Normal
2026-04-27 22:58:11.999189,London-ff13,14,50,Normal
2026-04-27 22:58:12.999189,London-ff13,-15,99,Normal
2026-04-27 22:58:13.999189,London-ff13,39,27,Normal
2026-04-27 22:58:14.999189,London-ff13,28,48,Normal
2026-04-27 22:58:15.999189,London-ff13,9,74,Normal
2026-04-27 22:58:16.999189,London-ff13,5,7,Normal
2026-04-27 22:58:17.999189,London-ff13,-4,29,Normal
2026-04-27 22:58:18.999189,London-ff13,12,99,Normal
2026-04-27 22:58:19.999189,London-ff13,-29,72,Normal
2026-04-27 22:58:20.999189,London-ff13,-1,54,Normal
2026-04-27 22:58:21.999189,London-ff13,9,48,Normal
2026-04-27 22:58:22.999189,London-ff13,-6,5,Normal
2026-04-27 22:58:23.999189,London-ff13,-8,3,Normal
2026-04-27 22:58:24.999189,London-ff13,30,13,Normal
2026-04-27 22:58:25.999189,London-ff13,12,91,Normal
2026-04-27 22:58:26.999189,London-ff13,-5,56,Normal
2026-04-27 22:58:27.999189,London-ff13,37,70,Normal
2026-04-27 22:58:28.999189,London-ff13,-2,78,Normal
2026-04-27 22:58:29.999189,London-ff13,5,11,Normal
2026-04-27 22:58:30.999189,London-ff13,12,42,Normal
2026-04-27 22:58:31.999189,London-ff13,32,86,Normal
2026-04-27 22:58:32.999189,London-ff13,2,47,Normal
2026-04-27 22:58:33.999189,London-ff13,-21,96,Normal
2026-04-27 22:58:34.999189,London-ff13,-21,93,Normal
2026-04-27 22:58:35.999189,London-ff13,24,43,Normal
2026-04-27 22:58:36.999189,London-ff13,26,27,Normal
2026-04-27 22:58:37.999189,London-ff13,19,91,Normal
2026-04-27 22:58:38.999189,London-ff13,1,2,Normal
2026-04-27 22:58:39.999189,London-ff13,7,96,Normal
2026-04-27 22:58:40.999189,London-ff13,-26,20,Normal
2026-04-27 22:58:41.999189,London-ff13,28,23,Normal
2026-04-27 22:58:42.999189,London-ff13,-27,100,Normal
2026-04-27 22:58:43.999189,London-ff13,-27,93,Normal
2026-04-27 22:58:44.999189,London-ff13,42,52,Normal
2026-04-27 22:58:45.999189,London-ff13,-20,73,Normal
2026-04-27 22:58:46.999189,London-ff13,46,99,Normal
2026-04-27 22:58:47.999189,London-ff13,-21,58,Normal
2026-04-27 22:58:48.999189,London-ff13,16,98,Normal
2026-04-27 22:58:49.999189,London-ff13,7,39,Normal
2026-04-27 22:58:50.999189,London-ff13,24,12,Normal
2026-04-27 22:58:51.999189,London-ff13,-7,5,Normal
2026-04-27 22:58:52.999189,London-ff13,31,63,Normal
2026-04-27 22:58:53.999189,London-ff13,39,44,Normal
2026-04-27 22:58:54.999189,London-ff13,-8,15,Normal
2026-04-27 22:58:55.999189,London-ff13,5,7,Normal
2026-04-27 22:58:56.999189,London-ff13,7,99,Normal
2026-04-27 22:58:57.999189,London-ff13,43,94,Normal
2026-04-27 22:58:58.999189,London-ff13,23,40,Normal
2026-04-27 22:58:59.999189,London-ff13,-1,39,Normal
2026-04-27 22:59:00.999189,London-ff13,-5,31,Normal
2026-04-27 22:59:01.999189,London-ff13,10,54,Normal
2026-04-27 22:59:02.999189,London-ff13,-14,88,Normal
2026-04-27 22:59:03.999189,London-ff13,23,88,Normal
2026-04-27 22:59:04.999189,London-ff13,-17,4,Normal
2026-04-27 22:59:05.999189,London-ff13,43,91,Normal
2026-04-27 22:59:06.999189,London-ff13,-8,81,Normal
2026-04-27 22:59:07.999189,London-ff13,-13,34,Normal
2026-04-27 22:59:08.999189,London-ff13,2,26,Normal
2026-04-27 22:59:09.999189,London-ff13,-29,73,Normal
2026-04-27 22:59:10.999189,London-ff13,-4,54,Normal
2026-04-27 22:59:11.999189,London-ff13,0,91,Normal
2026-04-27 22:59:12.999189,London-ff13,10,26,Normal
2026-04-27 22:59:13.999189,London-ff13,26,30,Normal
2026-04-27 22:59:14.999189,London-ff13,-7,87,Normal
2026-04-27 22:59:15.999189,London-ff13,-6,52,Normal
2026-04-27 22:59:16.999189,London-ff13,10,3,Normal
2026-04-27 22:59:17.999189,London-ff13,26,87,Normal
2026-04-27 22:59:18.999189,London-ff13,30,42,Normal
2026-04-27 22:59:19.999189,London-ff13,14,33,Normal
2026-04-27 22:59:20.999189,London-ff13,34,10,Normal
2026-04-27 22:59:21.999189,London-ff13,14,98,Normal
2026-04-27 22:59:22.999189,London-ff13,38,71,Normal
2026-04-27 22:59:23.999189,London-ff13,45,34,Normal
2026-04-27 22:59:24.999189,London-ff13,22,48,Normal
2026-04-27 22:59:25.999189,London-ff13,-4,36,Normal
2026-04-27 22:59:26.999189,London-ff13,-7,4,Normal
2026-04-27 22:59:27.999189,London-ff13,-16,55,Normal
2026-04-27 22:59:28.999189,London-ff13,12,45,Normal
2026-04-27 22:59:29.999189,London-ff13,27,7,Normal
2026-04-27 22:59:30.999189,London-ff13,-4,14,Normal
2026-04-27 22:59:31.999189,London-ff13,-15,2,Normal
2026-04-27 22:59:32.999189,London-ff13,-21,22,Normal
2026-04-27 22:59:33.999189,London-ff13,-16,10,Normal
2026-04-27 22:59:34.999189,London-ff13,-13,41,Normal
2026-04-27 22:59:35.999189,London-ff13,-27,64,Normal
2026-04-27 22:59:36.999189,London-ff13,-24,13,Normal
2026-04-27 22:59:37.999189,London-ff13,-17,71,Normal
2026-04-27 22:59:38.999189,London-ff13,12,45,Normal
2026-04-27 22:59:39.999189,London-ff13,3,63,Normal
2026-04-27 22:59:40.999189,London-ff13,-19,87,Normal
2026-04-27 22:59:41.999189,London-ff13,19,66,Normal
2026-04-27 22:59:42.999189,London-ff13,-2,34,Normal
2026-04-27 22:59:43.999189,London-ff13,-19,8,Normal
2026-04-27 22:59:44.999189,London-ff13,-21,51,Normal
2026-04-27 22:59:45.999189,London-ff13,28,84,Normal
2026-04-27 22:59:46.999189,London-ff13,28,94,Normal
2026-04-27 22:59:47.999189,London-ff13,36,46,Normal
2026-04-27 22:59:48.999189,London-ff13,3,96,Normal
2026-04-27 22:59:49.999189,London-ff13,-1,17,Normal
2026-04-27 22:59:50.999189,London-ff13,32,38,Normal
2026-04-27 22:59:51.999189,London-ff13,1,18,Normal
2026-04-27 22:59:52.999189,London-ff13,40,0,Normal
2026-04-27 22:59:53.999189,London-ff13,-23,36,Normal
2026-04-27 22:59:54.999189,London-ff13,29,37,Normal
2026-04-27 22:59:55.999189,London-ff13,-20,96,Normal
2026-04-27 22:59:56.999189,London-ff13,12,68,Normal
2026-04-27 22:59:57.999189,London-ff13,25,94,Normal
2026-04-27 22:59:58.999189,London-ff13,23,95,Normal
2026-04-27 22:59:59.999189,London-ff13,48,77,Normal
2026-04-27 23:00:00.999189,London-ff13,8,19,Normal
2026-04-27 23:00:01.999189,London-ff13,-17,40,Normal
2026-04-27 23:00:02.999189,London-ff13,38,63,Normal
2026-04-27 23:00:03.999189,London-ff13,-27,6,Normal
2026-04-27 23:00:04.999189,London-ff13,42,46,Normal
2026-04-27 23:00:05.999189,London-ff13,23,17,Normal
2026-04-27 23:00:06.999189,London-ff13,-28,80,Normal
2026-04-27 23:00:07.999189,London-ff13,-22,81,Normal
2026-04-27 23:00:08.999189,London-ff13,-13,62,Normal
2026-04-27 23:00:09.999189,London-ff13,37,77,Normal
2026-04-27 23:00:10.999189,London-ff13,3,21,Normal
2026-04-27 23:00:11.999189,London-ff13,-1,55,Normal
2026-04-27 23:00:12.999189,London-ff13,35,51,Normal
2026-04-27 23:00:13.999189,London-ff13,-11,60,Normal
2026-04-27 23:00:14.999189,London-ff13,-2,85,Normal
2026-04-27 23:00:15.999189,London-ff13,-20,85,Normal
2026-04-27 23:00:16.999189,London-ff13,42,59,Normal
2026-04-27 23:00:17.999189,London-ff13,-2,0,Normal
2026-04-27 23:00:18.999189,London-ff13,44,52,Normal
2026-04-27 23:00:19.999189,London-ff13,-3,87,Normal
2026-04-27 23:00:20.999189,London-ff13,31,49,Normal
2026-04-27 23:00:21.999189,London-ff13,-11,80,Normal
2026-04-27 23:00:22.999189,London-ff13,21,2,Normal
2026-04-27 23:00:23.999189,London-ff13,45,31,Normal
2026-04-27 23:00:24.999189,London-ff13,-3,2,Normal
2026-04-27 23:00:25.999189,London-ff13,-9,29,Normal
2026-04-27 23:00:26.999189,London-ff13,29,23,Normal
2026-04-27 23:00:27.999189,London-ff13,24,80,Normal
2026-04-27 23:00:28.999189,London-ff13,36,95,Normal
2026-04-27 23:00:29.999189,London-ff13,-6,39,Normal
2026-04-27 23:00:30.999189,London-ff13,39,2,Normal
2026-04-27 23:00:31.999189,London-ff13,48,43,Normal
2026-04-27 23:00:32.999189,London-ff13,-18,93,Normal
2026-04-27 23:00:33.999189,London-ff13,-19,43,Normal
2026-04-27 23:00:34.999189,London-ff13,-4,67,Normal
2026-04-27 23:00:35.999189,London-ff13,-6,80,Normal
2026-04-27 23:00:36.999189,London-ff13,-27,19,Normal
2026-04-27 23:00:37.999189,London-ff13,19,48,Normal
2026-04-27 23:00:38.999189,London-ff13,12,86,Normal
2026-04-27 23:00:39.999189,London-ff13,45,76,Normal
2026-04-27 23:00:40.999189,London-ff13,28,100,Normal
2026-04-27 23:00:41.999189,London-ff13,-22,12,Normal
2026-04-27 23:00:42.999189,London-ff13,8,91,Normal
2026-04-27 23:00:43.999189,London-ff13,15,8,Normal
2026-04-27 23:00:44.999189,London-ff13,-30,32,Normal
2026-04-27 23:00:45.999189,London-ff13,4,57,Normal
2026-04-27 23:00:46.999189,London-ff13,42,27,Normal
2026-04-27 23:00:47.999189,London-ff13,44,28,Normal
2026-04-27 23:00:48.999189,London-ff13,-30,10,Normal
2026-04-27 23:00:49.999189,London-ff13,47,48,Normal
2026-04-27 23:00:50.999189,London-ff13,37,71,Normal
2026-04-27 23:00:51.999189,London-ff13,1,98,Normal
2026-04-27 23:00:52.999189,London-ff13,23,98,Normal
2026-04-27 23:00:53.999189,London-ff13,0,85,Normal
2026-04-27 23:00:54.999189,London-ff13,34,8,Normal
2026-04-27 23:00:55.999189,London-ff13,-28,53,Normal
2026-04-27 23:00:56.999189,London-ff13,34,18,Normal
2026-04-27 23:00:57.999189,London-ff13,21,39,Normal
2026-04-27 23:00:58.999189,London-ff13,12,10,Normal
2026-04-27 23:00:59.999189,London-ff13,38,79,Normal
2026-04-27 23:01:00.999189,London-ff13,19,7,Normal
2026-04-27 23:01:01.999189,London-ff13,24,68,Normal
2026-04-27 23:01:02.999189,London-ff13,18,0,Normal
2026-04-27 23:01:03.999189,London-ff13,34,22,Normal
2026-04-27 23:01:04.999189,London-ff13,34,15,Normal
2026-04-27 23:01:05.999189,London-ff13,1,18,Normal
2026-04-27 23:01:06.999189,London-ff13,42,16,Normal
2026-04-27 23:01:07.999189,London-ff13,22,47,Normal
2026-04-27 23:01:08.999189,London-ff13,3,48,Normal
2026-04-27 23:01:09.999189,London-ff13,7,42,Normal
2026-04-27 23:01:10.999189,London-ff13,35,34,Normal
2026-04-27 23:01:11.999189,London-ff13,-10,48,Normal
2026-04-27 23:01:12.999189,London-ff13,-16,39,Normal
2026-04-27 23:01:13.999189,London-ff13,27,40,Normal
2026-04-27 23:01:14.999189,London-ff13,-27,2,Normal
2026-04-27 23:01:15.999189,London-ff13,22,27,Normal
2026-04-27 23:01:16.999189,London-ff13,-27,29,Normal
2026-04-27 23:01:17.999189,London-ff13,10,2,Normal
2026-04-27 23:01:18.999189,London-ff13,28,94,Normal
2026-04-27 23:01:19.999189,London-ff13,-30,26,Normal
2026-04-27 23:01:20.999189,London-ff13,20,12,Normal
2026-04-27 23:01:21.999189,London-ff13,1,55,Normal
2026-04-27 23:01:22.999189,London-ff13,-2,6,Normal
2026-04-27 23:01:23.999189,London-ff13,-28,64,Normal
2026-04-27 23:01:24.999189,London-ff13,-27,20,Normal
2026-04-27 23:01:25.999189,London-ff13,-3,35,Normal
2026-04-27 23:01:26.999189,London-ff13,27,96,Normal
2026-04-27 23:01:27.999189,London-ff13,43,27,Normal
2026-04-27 23:01:28.999189,London-ff13,-1,38,Normal
2026-04-27 23:01:29.999189,London-ff13,-14,18,Normal
2026-04-27 23:01:30.999189,London-ff13,30,0,Normal
2026-04-27 23:01:31.999189,London-ff13,-13,44,Normal
2026-04-27 23:01:32.999189,London-ff13,15,24,Normal
2026-04-27 23:01:33.999189,London-ff13,-17,44,Normal
2026-04-27 23:01:34.999189,London-ff13,17,55,Normal
2026-04-27 23:01:35.999189,London-ff13,32,86,Normal
2026-04-27 23:01:36.999189,London-ff13,4,7,Normal
2026-04-27 23:01:37.999189,London-ff13,46,20,Normal
2026-04-27 23:01:38.999189,London-ff13,10,13,Normal
2026-04-27 23:01:39.999189,London-ff13,-14,11,Normal
2026-04-27 23:01:40.999189,London-ff13,40,4,Normal
2026-04-27 23:01:41.999189,London-ff13,39,38,Normal
2026-04-27 23:01:42.999189,London-ff13,13,53,Normal
2026-04-27 23:01:43.999189,London-ff13,35,94,Normal
2026-04-27 23:01:44.999189,London-ff13,-17,45,Normal
2026-04-27 23:01:45.999189,London-ff13,34,91,Normal
2026-04-27 23:01:46.999189,London-ff13,-7,16,Normal
2026-04-27 23:01:47.999189,London-ff13,33,25,Normal
2026-04-27 23:01:48.999189,London-ff13,-2,57,Normal
2026-04-27 23:01:49.999189,London-ff13,43,98,Normal
2026-04-27 23:01:50.999189,London-ff13,9,34,Normal
2026-04-27 23:01:51.999189,London-ff13,-28,76,Normal
2026-04-27 23:01:52.999189,London-ff13,-8,2,Normal
2026-04-27 23:01:53.999189,London-ff13,28,49,Normal
2026-04-27 23:01:54.999189,London-ff13,24,80,Normal
2026-04-27 23:01:55.999189,London-ff13,4,94,Normal
2026-04-27 23:01:56.999189,London-ff13,48,43,Normal
2026-04-27 23:01:57.999189,London-ff13,-21,80,Normal
2026-04-27 23:01:58.999189,London-ff13,2,96,Normal
2026-04-27 23:01:59.999189,London-ff13,47,90,Normal
2026-04-27 23:02:00.999189,London-ff13,-19,51,Normal
2026-04-27 23:02:01.999189,London-ff13,21,6,Normal
2026-04-27 23:02:02.999189,London-ff13,38,89,Normal
2026-04-27 23:02:03.999189,London-ff13,6,54,Normal
2026-04-27 23:02:04.999189,London-ff13,7,24,Normal
2026-04-27 23:02:05.999189,London-ff13,14,62,Normal
2026-04-27 23:02:06.999189,London-ff13,33,50,Normal
2026-04-27 23:02:07.999189,London-ff13,-8,1,Normal
2026-04-27 23:02:08.999189,London-ff13,7,60,Normal
2026-04-27 23:02:09.999189,London-ff13,33,57,Normal
2026-04-27 23:02:10.999189,London-ff13,50,2,Normal
2026-04-27 23:02:11.999189,London-ff13,-17,31,Normal
2026-04-27 23:02:12.999189,London-ff13,-18,66,Normal
2026-04-27 23:02:13.999189,London-ff13,2,86,Normal
2026-04-27 23:02:14.999189,London-ff13,50,34,Normal
2026-04-27 23:02:15.999189,London-ff13,7,85,Normal
2026-04-27 23:02:16.999189,London-ff13,-22,90,Normal
2026-04-27 23:02:17.999189,London-ff13,-6,11,Normal
2026-04-27 23:02:18.999189,London-ff13,25,22,Normal
2026-04-27 23:02:19.999189,London-ff13,12,45,Normal
2026-04-27 23:02:20.999189,London-ff13,-9,36,Normal
2026-04-27 23:02:21.999189,London-ff13,33,0,Normal
2026-04-27 23:02:22.999189,London-ff13,-27,44,Normal
2026-04-27 23:02:23.999189,London-ff13,-9,67,Normal
2026-04-27 23:02:24.999189,London-ff13,15,84,Normal
2026-04-27 23:02:25.999189,London-ff13,13,18,Normal
2026-04-27 23:02:26.999189,London-ff13,28,43,Normal
2026-04-27 23:02:27.999189,London-ff13,-7,7,Normal
2026-04-27 23:02:28.999189,London-ff13,12,19,Normal
2026-04-27 23:02:29.999189,London-ff13,28,42,Normal
2026-04-27 23:02:30.999189,London-ff13,42,6,Normal
2026-04-27 23:02:31.999189,London-ff13,-19,54,Normal
2026-04-27 23:02:32.999189,London-ff13,1,83,Normal
2026-04-27 23:02:33.999189,London-ff13,36,17,Normal
2026-04-27 23:02:34.999189,London-ff13,31,86,Normal
2026-04-27 23:02:35.999189,London-ff13,25,43,Normal
2026-04-27 23:02:36.999189,London-ff13,19,21,Normal
2026-04-27 23:02:37.999189,London-ff13,39,80,Normal
2026-04-27 23:02:38.999189,London-ff13,2,24,Normal
2026-04-27 23:02:39.999189,London-ff13,24,25,Normal
2026-04-27 23:02:40.999189,London-ff13,-17,42,Normal
2026-04-27 23:02:41.999189,London-ff13,12,32,Normal
2026-04-27 23:02:42.999189,London-ff13,27,64,Normal
2026-04-27 23:02:43.999189,London-ff13,-6,77,Normal
2026-04-27 23:02:44.999189,London-ff13,24,70,Normal
2026-04-27 23:02:45.999189,London-ff13,28,73,Normal
2026-04-27 23:02:46.999189,London-ff13,44,11,Normal
2026-04-27 23:02:47.999189,London-ff13,-29,49,Normal
2026-04-27 23:02:48.999189,London-ff13,-27,33,Normal
2026-04-27 23:02:49.999189,London-ff13,38,92,Normal
2026-04-27 23:02:50.999189,London-ff13,36,78,Normal
2026-04-27 23:02:51.999189,London-ff13,44,71,Normal
2026-04-27 23:02:52.999189,London-ff13,-9,75,Normal
2026-04-27 23:02:53.999189,London-ff13,-12,72,Normal
2026-04-27 23:02:54.999189,London-ff13,31,11,Normal
2026-04-27 23:02:55.999189,London-ff13,-16,64,Normal
2026-04-27 23:02:56.999189,London-ff13,35,53,Normal
2026-04-27 23:02:57.999189,London-ff13,-10,2,Normal
2026-04-27 23:02:58.999189,London-ff13,50,97,Normal
2026-04-27 23:02:59.999189,London-ff13,-5,52,Normal
2026-04-27 23:03:00.999189,London-ff13,-30,29,Normal
2026-04-27 23:03:01.999189,London-ff13,8,79,Normal
2026-04-27 23:03:02.999189,London-ff13,23,20,Normal
2026-04-27 23:03:03.999189,London-ff13,41,30,Normal
2026-04-27 23:03:04.999189,London-ff13,46,54,Normal
2026-04-27 23:03:05.999189,London-ff13,41,35,Normal
2026-04-27 23:03:06.999189,London-ff13,49,51,Normal
2026-04-27 23:03:07.999189,London-ff13,-27,77,Normal
2026-04-27 23:03:08.999189,London-ff13,-4,30,Normal
2026-04-27 23:03:09.999189,London-ff13,45,89,Normal
2026-04-27 23:03:10.999189,London-ff13,-5,17,Normal
2026-04-27 23:03:11.999189,London-ff13,-29,50,Normal
2026-04-27 23:03:12.999189,London-ff13,26,85,Normal
2026-04-27 23:03:13.999189,London-ff13,49,85,Normal
2026-04-27 23:03:14.999189,London-ff13,20,26,Normal
2026-04-27 23:03:15.999189,London-ff13,33,94,Normal
2026-04-27 23:03:16.999189,London-ff13,-27,1,Normal
2026-04-27 23:03:17.999189,London-ff13,-30,58,Normal
2026-04-27 23:03:18.999189,London-ff13,-14,83,Normal
2026-04-27 23:03:19.999189,London-ff13,-13,19,Normal
2026-04-27 23:03:20.999189,London-ff13,-10,82,Normal
2026-04-27 23:03:21.999189,London-ff13,-13,75,Normal
2026-04-27 23:03:22.999189,London-ff13,12,58,Normal
2026-04-27 23:03:23.999189,London-ff13,-24,81,Normal
2026-04-27 23:03:24.999189,London-ff13,10,87,Normal
2026-04-27 23:03:25.999189,London-ff13,-16,49,Normal
2026-04-27 23:03:26.999189,London-ff13,27,39,Normal
2026-04-27 23:03:27.999189,London-ff13,-7,33,Normal
2026-04-27 23:03:28.999189,London-ff13,50,100,Normal
2026-04-27 23:03:29.999189,London-ff13,19,42,Normal
2026-04-27 23:03:30.999189,London-ff13,38,42,Normal
2026-04-27 23:03:31.999189,London-ff13,32,48,Normal
2026-04-27 23:03:32.999189,London-ff13,32,58,Normal
2026-04-27 23:03:33.999189,London-ff13,-7,90,Normal
2026-04-27 23:03:34.999189,London-ff13,21,12,Normal
2026-04-27 23:03:35.999189,London-ff13,5,28,Normal
2026-04-27 23:03:36.999189,London-ff13,44,38,Normal
2026-04-27 23:03:37.999189,London-ff13,4,54,Normal
2026-04-27 23:03:38.999189,London-ff13,42,16,Normal
2026-04-27 23:03:39.999189,London-ff13,11,66,Normal
2026-04-27 23:03:40.999189,London-ff13,47,86,Normal
2026-04-27 23:03:41.999189,London-ff13,-30,0,Normal
2026-04-27 23:03:42.999189,London-ff13,5,74,Normal
2026-04-27 23:03:43.999189,London-ff13,-8,31,Normal
2026-04-27 23:03:44.999189,London-ff13,-20,57,Normal
2026-04-27 23:03:45.999189,London-ff13,8,54,Normal
2026-04-27 23:03:46.999189,London-ff13,8,48,Normal
2026-04-27 23:03:47.999189,London-ff13,34,51,Normal
2026-04-27 23:03:48.999189,London-ff13,-9,20,Normal
2026-04-27 23:03:49.999189,London-ff13,-2,14,Normal
2026-04-27 23:03:50.999189,London-ff13,22,85,Normal
2026-04-27 23:03:51.999189,London-ff13,3,100,Normal
2026-04-27 23:03:52.999189,London-ff13,5,63,Normal
2026-04-27 23:03:53.999189,London-ff13,31,92,Normal
2026-04-27 23:03:54.999189,London-ff13,-20,66,Normal
2026-04-27 23:03:55.999189,London-ff13,-19,30,Normal
2026-04-27 23:03:56.999189,London-ff13,36,25,Normal
2026-04-27 23:03:57.999189,London-ff13,5,73,Normal
2026-04-27 23:03:58.999189,London-ff13,6,47,Normal
2026-04-27 23:03:59.999189,London-ff13,33,16,Normal
2026-04-27 23:04:00.999189,London-ff13,-7,63,Normal
2026-04-27 23:04:01.999189,London-ff13,20,82,Normal
2026-04-27 23:04:02.999189,London-ff13,30,60,Normal
2026-04-27 23:04:03.999189,London-ff13,-30,83,Normal
2026-04-27 23:04:04.999189,London-ff13,-25,15,Normal
2026-04-27 23:04:05.999189,London-ff13,-23,44,Normal
2026-04-27 23:04:06.999189,London-ff13,27,26,Normal
2026-04-27 23:04:07.999189,London-ff13,5,95,Normal
2026-04-27 23:04:08.999189,London-ff13,-4,29,Normal
2026-04-27 23:04:09.999189,London-ff13,-19,26,Normal
2026-04-27 23:04:10.999189,London-ff13,27,14,Normal
2026-04-27 23:04:11.999189,London-ff13,28,74,Normal
2026-04-27 23:04:12.999189,London-ff13,17,75,Normal
2026-04-27 23:04:13.999189,London-ff13,30,97,Normal
2026-04-27 23:04:14.999189,London-ff13,26,64,Normal
2026-04-27 23:04:15.999189,London-ff13,-21,29,Normal
2026-04-27 23:04:16.999189,London-ff13,-3,39,Normal
2026-04-27 23:04:17.999189,London-ff13,37,52,Normal
2026-04-27 23:04:18.999189,London-ff13,-10,22,Normal
2026-04-27 23:04:19.999189,London-ff13,4,45,Normal
2026-04-27 23:04:20.999189,London-ff13,3,63,Normal
2026-04-27 23:04:21.999189,London-ff13,14,28,Normal
2026-04-27 23:04:22.999189,London-ff13,44,89,Normal
2026-04-27 23:04:23.999189,London-ff13,1,99,Normal
2026-04-27 23:04:24.999189,London-ff13,17,68,Normal
2026-04-27 23:04:25.999189,London-ff13,29,89,Normal
2026-04-27 23:04:26.999189,London-ff13,-16,85,Normal
2026-04-27 23:04:27.999189,London-ff13,35,61,Normal
2026-04-27 23:04:28.999189,London-ff13,24,100,Normal
2026-04-27 23:04:29.999189,London-ff13,29,95,Normal
2026-04-27 23:04:30.999189,London-ff13,8,61,Normal
2026-04-27 23:04:31.999189,London-ff13,44,57,Normal
2026-04-27 23:04:32.999189,London-ff13,48,94,Normal
2026-04-27 23:04:33.999189,London-ff13,35,59,Normal
2026-04-27 23:04:34.999189,London-ff13,32,42,Normal
2026-04-27 23:04:35.999189,London-ff13,30,36,Normal
2026-04-27 23:04:36.999189,London-ff13,-17,72,Normal
2026-04-27 23:04:37.999189,London-ff13,27,38,Normal
2026-04-27 23:04:38.999189,London-ff13,24,97,Normal
2026-04-27 23:04:39.999189,London-ff13,-14,21,Normal
2026-04-27 23:04:40.999189,London-ff13,2,12,Normal
2026-04-27 23:04:41.999189,London-ff13,-11,20,Normal
2026-04-27 23:04:42.999189,London-ff13,37,82,Normal
2026-04-27 23:04:43.999189,London-ff13,30,56,Normal
2026-04-27 23:04:44.999189,London-ff13,-3,37,Normal
2026-04-27 23:04:45.999189,London-ff13,-19,66,Normal
2026-04-27 23:04:46.999189,London-ff13,25,9,Normal
2026-04-27 23:04:47.999189,London-ff13,42,49,Normal
2026-04-27 23:04:48.999189,London-ff13,18,0,Normal
2026-04-27 23:04:49.999189,London-ff13,48,84,Normal
2026-04-27 23:04:50.999189,London-ff13,13,67,Normal
2026-04-27 23:04:51.999189,London-ff13,-5,37,Normal
2026-04-27 23:04:52.999189,London-ff13,24,65,Normal
2026-04-27 23:04:53.999189,London-ff13,49,90,Normal
2026-04-27 23:04:54.999189,London-ff13,23,25,Normal
2026-04-27 23:04:55.999189,London-ff13,48,74,Normal
2026-04-27 23:04:56.999189,London-ff13,1,16,Normal
2026-04-27 23:04:57.999189,London-ff13,12,12,Normal
2026-04-27 23:04:58.999189,London-ff13,45,73,Normal
2026-04-27 23:04:59.999189,London-ff13,6,90,Normal
2026-04-27 23:05:00.999189,London-ff13,18,90,Normal
2026-04-27 23:05:01.999189,London-ff13,29,17,Normal
2026-04-27 23:05:02.999189,London-ff13,39,73,Normal
2026-04-27 23:05:03.999189,London-ff13,38,99,Normal
2026-04-27 23:05:04.999189,London-ff13,-17,74,Normal
2026-04-27 23:05:05.999189,London-ff13,41,33,Normal
2026-04-27 23:05:06.999189,London-ff13,32,33,Normal
2026-04-27 23:05:07.999189,London-ff13,41,34,Normal
2026-04-27 23:05:08.999189,London-ff13,30,40,Normal
2026-04-27 23:05:09.999189,London-ff13,-19,5,Normal
2026-04-27 23:05:10.999189,London-ff13,-14,57,Normal
2026-04-27 23:05:11.999189,London-ff13,37,52,Normal
2026-04-27 23:05:12.999189,London-ff13,28,46,Normal
2026-04-27 23:05:13.999189,London-ff13,26,100,Normal
2026-04-27 23:05:14.999189,London-ff13,30,55,Normal
2026-04-27 23:05:15.999189,London-ff13,39,20,Normal
2026-04-27 23:05:16.999189,London-ff13,-11,21,Normal
2026-04-27 23:05:17.999189,London-ff13,7,25,Normal
2026-04-27 23:05:18.999189,London-ff13,7,70,Normal
2026-04-27 23:05:19.999189,London-ff13,-3,94,Normal
2026-04-27 23:05:20.999189,London-ff13,2,66,Normal
2026-04-27 23:05:21.999189,London-ff13,14,76,Normal
2026-04-27 23:05:22.999189,London-ff13,38,59,Normal
2026-04-27 23:05:23.999189,London-ff13,-2,62,Normal
2026-04-27 23:05:24.999189,London-ff13,-11,92,Normal
2026-04-27 23:05:25.999189,London-ff13,50,19,Normal
2026-04-27 23:05:26.999189,London-ff13,40,32,Normal
2026-04-27 23:05:27.999189,London-ff13,5,80,Normal
2026-04-27 23:05:28.999189,London-ff13,30,68,Normal
2026-04-27 23:05:29.999189,London-ff13,45,100,Normal
2026-04-27 23:05:30.999189,London-ff13,-4,36,Normal
2026-04-27 23:05:31.999189,London-ff13,49,85,Normal
2026-04-27 23:05:32.999189,London-ff13,-3,21,Normal
2026-04-27 23:05:33.999189,London-ff13,37,83,Normal
2026-04-27 23:05:34.999189,London-ff13,-17,32,Normal
2026-04-27 23:05:35.999189,London-ff13,48,64,Normal
2026-04-27 23:05:36.999189,London-ff13,12,28,Normal
2026-04-27 23:05:37.999189,London-ff13,-3,25,Normal
2026-04-27 23:05:38.999189,London-ff13,43,96,Normal
2026-04-27 23:05:39.999189,London-ff13,-28,10,Normal
2026-04-27 23:05:40.999189,London-ff13,-20,34,Normal
2026-04-27 23:05:41.999189,London-ff13,42,34,Normal
2026-04-27 23:05:42.999189,London-ff13,-24,59,Normal
2026-04-27 23:05:43.999189,London-ff13,7,35,Normal
2026-04-27 23:05:44.999189,London-ff13,46,91,Normal
2026-04-27 23:05:45.999189,London-ff13,22,58,Normal
2026-04-27 23:05:46.999189,London-ff13,16,88,Normal
2026-04-27 23:05:47.999189,London-ff13,30,33,Normal
2026-04-27 23:05:48.999189,London-ff13,46,36,Normal
2026-04-27 23:05:49.999189,London-ff13,10,96,Normal
2026-04-27 23:05:50.999189,London-ff13,-11,10,Normal
2026-04-27 23:05:51.999189,London-ff13,47,14,Normal
2026-04-27 23:05:52.999189,London-ff13,25,27,Normal
2026-04-27 23:05:53.999189,London-ff13,-30,21,Normal
2026-04-27 23:05:54.999189,London-ff13,6,60,Normal
2026-04-27 23:05:55.999189,London-ff13,21,11,Normal
2026-04-27 23:05:56.999189,London-ff13,30,10,Normal
2026-04-27 23:05:57.999189,London-ff13,40,79,Normal
2026-04-27 23:05:58.999189,London-ff13,3,98,Normal
2026-04-27 23:05:59.999189,London-ff13,46,10,Normal
2026-04-27 23:06:00.999189,London-ff13,-22,63,Normal
2026-04-27 23:06:01.999189,London-ff13,20,88,Normal
2026-04-27 23:06:02.999189,London-ff13,49,52,Normal
2026-04-27 23:06:03.999189,London-ff13,23,75,Normal
2026-04-27 23:06:04.999189,London-ff13,-13,53,Normal
2026-04-27 23:06:05.999189,London-ff13,-9,67,Normal
2026-04-27 23:06:06.999189,London-ff13,46,70,Normal
2026-04-27 23:06:07.999189,London-ff13,21,12,Normal
2026-04-27 23:06:08.999189,London-ff13,22,15,Normal
2026-04-27 23:06:09.999189,London-ff13,38,83,Normal
2026-04-27 23:06:10.999189,London-ff13,-6,46,Normal
2026-04-27 23:06:11.999189,London-ff13,-24,2,Normal
2026-04-27 23:06:12.999189,London-ff13,1,37,Normal
2026-04-27 23:06:13.999189,London-ff13,23,7,Normal
2026-04-27 23:06:14.999189,London-ff13,-24,97,Normal
2026-04-27 23:06:15.999189,London-ff13,17,7,Normal
2026-04-27 23:06:16.999189,London-ff13,19,89,Normal
2026-04-27 23:06:17.999189,London-ff13,21,91,Normal
2026-04-27 23:06:18.999189,London-ff13,-11,31,Normal
2026-04-27 23:06:19.999189,London-ff13,2,92,Normal
2026-04-27 23:06:20.999189,London-ff13,-5,85,Normal
2026-04-27 23:06:21.999189,London-ff13,-26,29,Normal
2026-04-27 23:06:22.999189,London-ff13,0,81,Normal
2026-04-27 23:06:23.999189,London-ff13,-14,82,Normal
2026-04-27 23:06:24.999189,London-ff13,2,9,Normal
2026-04-27 23:06:25.999189,London-ff13,34,45,Normal
2026-04-27 23:06:26.999189,London-ff13,27,27,Normal
2026-04-27 23:06:27.999189,London-ff13,-21,42,Normal
2026-04-27 23:06:28.999189,London-ff13,2,48,Normal
2026-04-27 23:06:29.999189,London-ff13,38,40,Normal
2026-04-27 23:06:30.999189,London-ff13,48,70,Normal
2026-04-27 23:06:31.999189,London-ff13,-15,16,Normal
2026-04-27 23:06:32.999189,London-ff13,12,27,Normal
2026-04-27 23:06:33.999189,London-ff13,27,50,Normal
2026-04-27 23:06:34.999189,London-ff13,12,80,Normal
2026-04-27 23:06:35.999189,London-ff13,-17,58,Normal
2026-04-27 23:06:36.999189,London-ff13,28,31,Normal
2026-04-27 23:06:37.999189,London-ff13,9,31,Normal
2026-04-27 23:06:38.999189,London-ff13,-7,33,Normal
2026-04-27 23:06:39.999189,London-ff13,-19,82,Normal
2026-04-27 23:06:40.999189,London-ff13,35,47,Normal
2026-04-27 23:06:41.999189,London-ff13,-4,32,Normal
2026-04-27 23:06:42.999189,London-ff13,-2,87,Normal
2026-04-27 23:06:43.999189,London-ff13,2,74,Normal
2026-04-27 23:06:44.999189,London-ff13,-7,73,Normal
2026-04-27 23:06:45.999189,London-ff13,47,20,Normal
2026-04-27 23:06:46.999189,London-ff13,37,0,Normal
2026-04-27 23:06:47.999189,London-ff13,13,55,Normal
2026-04-27 23:06:48.999189,London-ff13,-6,89,Normal
2026-04-27 23:06:49.999189,London-ff13,0,30,Normal
2026-04-27 23:06:50.999189,London-ff13,-7,0,Normal
2026-04-27 23:06:51.999189,London-ff13,38,47,Normal
2026-04-27 23:06:52.999189,London-ff13,35,65,Normal
2026-04-27 23:06:53.999189,London-ff13,11,10,Normal
2026-04-27 23:06:54.999189,London-ff13,-23,13,Normal
2026-04-27 23:06:55.999189,London-ff13,20,16,Normal
2026-04-27 23:06:56.999189,London-ff13,-5,54,Normal
2026-04-27 23:06:57.999189,London-ff13,37,82,Normal
2026-04-27 23:06:58.999189,London-ff13,40,76,Normal
2026-04-27 23:06:59.999189,London-ff13,19,70,Normal
2026-04-27 23:07:00.999189,London-ff13,2,54,Normal
2026-04-27 23:07:01.999189,London-ff13,-17,40,Normal
2026-04-27 23:07:02.999189,London-ff13,32,34,Normal
2026-04-27 23:07:03.999189,London-ff13,48,5,Normal
2026-04-27 23:07:04.999189,London-ff13,46,98,Normal
2026-04-27 23:07:05.999189,London-ff13,50,28,Normal
2026-04-27 23:07:06.999189,London-ff13,32,31,Normal
2026-04-27 23:07:07.999189,London-ff13,14,86,Normal
2026-04-27 23:07:08.999189,London-ff13,-8,60,Normal
2026-04-27 23:07:09.999189,London-ff13,6,74,Normal
2026-04-27 23:07:10.999189,London-ff13,-16,17,Normal
2026-04-27 23:07:11.999189,London-ff13,19,21,Normal
2026-04-27 23:07:12.999189,London-ff13,-29,57,Normal
2026-04-27 23:07:13.999189,London-ff13,21,53,Normal
2026-04-27 23:07:14.999189,London-ff13,27,15,Normal
2026-04-27 23:07:15.999189,London-ff13,20,95,Normal
2026-04-27 23:07:16.999189,London-ff13,-18,31,Normal
2026-04-27 23:07:17.999189,London-ff13,34,19,Normal
2026-04-27 23:07:18.999189,London-ff13,-13,32,Normal
2026-04-27 23:07:19.999189,London-ff13,2,78,Normal
2026-04-27 23:07:20.999189,London-ff13,-16,45,Normal
2026-04-27 23:07:21.999189,London-ff13,13,49,Normal
2026-04-27 23:07:22.999189,London-ff13,-17,17,Normal
2026-04-27 23:07:23.999189,London-ff13,29,61,Normal
2026-04-27 23:07:24.999189,London-ff13,-16,76,Normal
2026-04-27 23:07:25.999189,London-ff13,-19,57,Normal
2026-04-27 23:07:26.999189,London-ff13,-24,50,Normal
2026-04-27 23:07:27.999189,London-ff13,-18,40,Normal
2026-04-27 23:07:28.999189,London-ff13,22,96,Normal
2026-04-27 23:07:29.999189,London-ff13,46,55,Normal
2026-04-27 23:07:30.999189,London-ff13,1,93,Normal
2026-04-27 23:07:31.999189,London-ff13,-29,7,Normal
2026-04-27 23:07:32.999189,London-ff13,-5,2,Normal
2026-04-27 23:07:33.999189,London-ff13,36,5,Normal
2026-04-27 23:07:34.999189,London-ff13,-5,49,Normal
2026-04-27 23:07:35.999189,London-ff13,30,53,Normal
2026-04-27 23:07:36.999189,London-ff13,-23,9,Normal
2026-04-27 23:07:37.999189,London-ff13,44,1,Normal
2026-04-27 23:07:38.999189,London-ff13,48,96,Normal
2026-04-27 23:07:39.999189,London-ff13,12,76,Normal
2026-04-27 23:07:40.999189,London-ff13,48,67,Normal
2026-04-27 23:07:41.999189,London-ff13,-5,49,Normal
2026-04-27 23:07:42.999189,London-ff13,-24,64,Normal
2026-04-27 23:07:43.999189,London-ff13,35,66,Normal
2026-04-27 23:07:44.999189,London-ff13,-14,31,Normal
2026-04-27 23:07:45.999189,London-ff13,6,51,Normal
2026-04-27 23:07:46.999189,London-ff13,18,72,Normal
2026-04-27 23:07:47.999189,London-ff13,15,16,Normal
2026-04-27 23:07:48.999189,London-ff13,-30,93,Normal
2026-04-27 23:07:49.999189,London-ff13,31,62,Normal
2026-04-27 23:07:50.999189,London-ff13,29,25,Normal
2026-04-27 23:07:51.999189,London-ff13,-8,42,Normal
2026-04-27 23:07:52.999189,London-ff13,-4,52,Normal
2026-04-27 23:07:53.999189,London-ff13,37,36,Normal
2026-04-27 23:07:54.999189,London-ff13,30,45,Normal
2026-04-27 23:07:55.999189,London-ff13,14,19,Normal
2026-04-27 23:07:56.999189,London-ff13,-16,70,Normal
2026-04-27 23:07:57.999189,London-ff13,46,54,Normal
2026-04-27 23:07:58.999189,London-ff13,45,77,Normal
2026-04-27 23:07:59.999189,London-ff13,-5,55,Normal
2026-04-27 23:08:00.999189,London-ff13,48,94,Normal
2026-04-27 23:08:01.999189,London-ff13,23,49,Normal
2026-04-27 23:08:02.999189,London-ff13,-9,64,Normal
2026-04-27 23:08:03.999189,London-ff13,-24,42,Normal
2026-04-27 23:08:04.999189,London-ff13,2,49,Normal
2026-04-27 23:08:05.999189,London-ff13,3,54,Normal
2026-04-27 23:08:06.999189,London-ff13,-29,22,Normal
2026-04-27 23:08:07.999189,London-ff13,-27,16,Normal
2026-04-27 23:08:08.999189,London-ff13,5,59,Normal
2026-04-27 23:08:09.999189,London-ff13,32,59,Normal
2026-04-27 23:08:10.999189,London-ff13,42,7,Normal
2026-04-27 23:08:11.999189,London-ff13,-14,9,Normal
2026-04-27 23:08:12.999189,London-ff13,-19,57,Normal
2026-04-27 23:08:13.999189,London-ff13,26,90,Normal
2026-04-27 23:08:14.999189,London-ff13,8,39,Normal
2026-04-27 23:08:15.999189,London-ff13,-5,44,Normal
2026-04-27 23:08:16.999189,London-ff13,-7,37,Normal
2026-04-27 23:08:17.999189,London-ff13,-2,82,Normal
2026-04-27 23:08:18.999189,London-ff13,30,62,Normal
2026-04-27 23:08:19.999189,London-ff13,22,56,Normal
2026-04-27 23:08:20.999189,London-ff13,25,73,Normal
2026-04-27 23:08:21.999189,London-ff13,-12,45,Normal
2026-04-27 23:08:22.999189,London-ff13,50,54,Normal
2026-04-27 23:08:23.999189,London-ff13,20,3,Normal
2026-04-27 23:08:24.999189,London-ff13,5,46,Normal
2026-04-27 23:08:25.999189,London-ff13,33,95,Normal
2026-04-27 23:08:26.999189,London-ff13,-8,15,Normal
2026-04-27 23:08:27.999189,London-ff13,-17,54,Normal
2026-04-27 23:08:28.999189,London-ff13,-10,33,Normal
2026-04-27 23:08:29.999189,London-ff13,14,87,Normal
2026-04-27 23:08:30.999189,London-ff13,43,22,Normal
2026-04-27 23:08:31.999189,London-ff13,11,46,Normal
2026-04-27 23:08:32.999189,London-ff13,45,64,Normal
2026-04-27 23:08:33.999189,London-ff13,-23,92,Normal
2026-04-27 23:08:34.999189,London-ff13,50,60,Normal
2026-04-27 23:08:35.999189,London-ff13,40,55,Normal
2026-04-27 23:08:36.999189,London-ff13,34,51,Normal
2026-04-27 23:08:37.999189,London-ff13,4,44,Normal
2026-04-27 23:08:38.999189,London-ff13,5,60,Normal
2026-04-27 23:08:39.999189,London-ff13,-13,65,Normal
2026-04-27 23:08:40.999189,London-ff13,-22,33,Normal
2026-04-27 23:08:41.999189,London-ff13,47,39,Normal
2026-04-27 23:08:42.999189,London-ff13,-23,96,Normal
2026-04-27 23:08:43.999189,London-ff13,0,15,Normal
2026-04-27 23:08:44.999189,London-ff13,29,16,Normal
2026-04-27 23:08:45.999189,London-ff13,-29,78,Normal
2026-04-27 23:08:46.999189,London-ff13,13,53,Normal
2026-04-27 23:08:47.999189,London-ff13,-24,97,Normal
2026-04-27 23:08:48.999189,London-ff13,-6,74,Normal
2026-04-27 23:08:49.999189,London-ff13,24,81,Normal
2026-04-27 23:08:50.999189,London-ff13,28,83,Normal
2026-04-27 23:08:51.999189,London-ff13,24,10,Normal
2026-04-27 23:08:52.999189,London-ff13,-12,4,Normal
2026-04-27 23:08:53.999189,London-ff13,-3,34,Normal
2026-04-27 23:08:54.999189,London-ff13,-16,95,Normal
2026-04-27 23:08:55.999189,London-ff13,-21,98,Normal
2026-04-27 23:08:56.999189,London-ff13,14,76,Normal
2026-04-27 23:08:57.999189,London-ff13,-9,86,Normal
2026-04-27 23:08:58.999189,London-ff13,16,31,Normal
2026-04-27 23:08:59.999189,London-ff13,-2,51,Normal
2026-04-27 23:09:00.999189,London-ff13,-9,42,Normal
2026-04-27 23:09:01.999189,London-ff13,25,10,Normal
2026-04-27 23:09:02.999189,London-ff13,-3,3,Normal
2026-04-27 23:09:03.999189,London-ff13,-21,87,Normal
2026-04-27 23:09:04.999189,London-ff13,8,9,Normal
2026-04-27 23:09:05.999189,London-ff13,-2,39,Normal
2026-04-27 23:09:06.999189,London-ff13,-14,52,Normal
2026-04-27 23:09:07.999189,London-ff13,17,43,Normal
2026-04-27 23:09:08.999189,London-ff13,25,69,Normal
2026-04-27 23:09:09.999189,London-ff13,8,45,Normal
2026-04-27 23:09:10.999189,London-ff13,-22,56,Normal
2026-04-27 23:09:11.999189,London-ff13,23,75,Normal
2026-04-27 23:09:12.999189,London-ff13,3,51,Normal
2026-04-27 23:09:13.999189,London-ff13,-1,49,Normal
2026-04-27 23:09:14.999189,London-ff13,11,53,Normal
2026-04-27 23:09:15.999189,London-ff13,12,83,Normal
2026-04-27 23:09:16.999189,London-ff13,32,36,Normal
2026-04-27 23:09:17.999189,London-ff13,12,45,Normal
2026-04-27 23:09:18.999189,London-ff13,-21,39,Normal
2026-04-27 23:09:19.999189,London-ff13,44,1,Normal
2026-04-27 23:09:20.999189,London-ff13,6,47,Normal
2026-04-27 23:09:21.999189,London-ff13,-17,65,Normal
2026-04-27 23:09:22.999189,London-ff13,-22,23,Normal
2026-04-27 23:09:23.999189,London-ff13,10,21,Normal
2026-04-27 23:09:24.999189,London-ff13,46,28,Normal
2026-04-27 23:09:25.999189,London-ff13,21,16,Normal
2026-04-27 23:09:26.999189,London-ff13,-10,59,Normal
2026-04-27 23:09:27.999189,London-ff13,-26,7,Normal
2026-04-27 23:09:28.999189,London-ff13,-17,99,Normal
2026-04-27 23:09:29.999189,London-ff13,37,39,Normal
2026-04-27 23:09:30.999189,London-ff13,40,79,Normal
2026-04-27 23:09:31.999189,London-ff13,12,84,Normal
2026-04-27 23:09:32.999189,London-ff13,42,69,Normal
2026-04-27 23:09:33.999189,London-ff13,46,17,Normal
2026-04-27 23:09:34.999189,London-ff13,26,84,Normal
2026-04-27 23:09:35.999189,London-ff13,-5,72,Normal
2026-04-27 23:09:36.999189,London-ff13,-14,15,Normal
2026-04-27 23:09:37.999189,London-ff13,9,36,Normal
2026-04-27 23:09:38.999189,London-ff13,11,6,Normal
2026-04-27 23:09:39.999189,London-ff13,21,26,Normal
2026-04-27 23:09:40.999189,London-ff13,21,59,Normal
2026-04-27 23:09:41.999189,London-ff13,-28,86,Normal
2026-04-27 23:09:42.999189,London-ff13,17,54,Normal
2026-04-27 23:09:43.999189,London-ff13,37,19,Normal
2026-04-27 23:09:44.999189,London-ff13,29,97,Normal
2026-04-27 23:09:45.999189,London-ff13,46,1,Normal
2026-04-27 23:09:46.999189,London-ff13,15,54,Normal
2026-04-27 23:09:47.999189,London-ff13,40,33,Normal
2026-04-27 23:09:48.999189,London-ff13,32,24,Normal
2026-04-27 23:09:49.999189,London-ff13,12,76,Normal
2026-04-27 23:09:50.999189,London-ff13,38,27,Normal
2026-04-27 23:09:51.999189,London-ff13,4,39,Normal
2026-04-27 23:09:52.999189,London-ff13,39,52,Normal
2026-04-27 23:09:53.999189,London-ff13,-27,34,Normal
2026-04-27 23:09:54.999189,London-ff13,-9,20,Normal
2026-04-27 23:09:55.999189,London-ff13,34,71,Normal
2026-04-27 23:09:56.999189,London-ff13,-3,72,Normal
2026-04-27 23:09:57.999189,London-ff13,-21,15,Normal
2026-04-27 23:09:58.999189,London-ff13,-8,45,Normal
2026-04-27 23:09:59.999189,London-ff13,19,61,Normal
2026-04-27 23:10:00.999189,London-ff13,0,55,Normal
2026-04-27 23:10:01.999189,London-ff13,21,30,Normal
2026-04-27 23:10:02.999189,London-ff13,-24,75,Normal
2026-04-27 23:10:03.999189,London-ff13,5,20,Normal
2026-04-27 23:10:04.999189,London-ff13,0,4,Normal
2026-04-27 23:10:05.999189,London-ff13,-4,87,Normal
2026-04-27 23:10:06.999189,London-ff13,10,72,Normal
2026-04-27 23:10:07.999189,London-ff13,49,94,Normal
2026-04-27 23:10:08.999189,London-ff13,31,10,Normal
2026-04-27 23:10:09.999189,London-ff13,-26,39,Normal
2026-04-27 23:10:10.999189,London-ff13,6,57,Normal
2026-04-27 23:10:11.999189,London-ff13,-22,89,Normal
2026-04-27 23:10:12.999189,London-ff13,44,17,Normal
2026-04-27 23:10:13.999189,London-ff13,-3,83,Normal
2026-04-27 23:10:14.999189,London-ff13,36,88,Normal
2026-04-27 23:10:15.999189,London-ff13,-1,11,Normal
2026-04-27 23:10:16.999189,London-ff13,-20,31,Normal
2026-04-27 23:10:17.999189,London-ff13,-19,0,Normal
2026-04-27 23:10:18.999189,London-ff13,42,1,Normal
2026-04-27 23:10:19.999189,London-ff13,-12,69,Normal
2026-04-27 23:10:20.999189,London-ff13,0,63,Normal
2026-04-27 23:10:21.999189,London-ff13,15,100,Normal
2026-04-27 23:10:22.999189,London-ff13,46,30,Normal
2026-04-27 23:10:23.999189,London-ff13,-27,5,Normal
2026-04-27 23:10:24.999189,London-ff13,1,83,Normal
2026-04-27 23:10:25.999189,London-ff13,-2,90,Normal
2026-04-27 23:10:26.999189,London-ff13,20,88,Normal
2026-04-27 23:10:27.999189,London-ff13,17,17,Normal
2026-04-27 23:10:28.999189,London-ff13,19,40,Normal
2026-04-27 23:10:29.999189,London-ff13,43,63,Normal
2026-04-27 23:10:30.999189,London-ff13,38,64,Normal
2026-04-27 23:10:31.999189,London-ff13,38,68,Normal
2026-04-27 23:10:32.999189,London-ff13,7,34,Normal
2026-04-27 23:10:33.999189,London-ff13,34,30,Normal
2026-04-27 23:10:34.999189,London-ff13,49,60,Normal
2026-04-27 23:10:35.999189,London-ff13,-14,76,Normal
2026-04-27 23:10:36.999189,London-ff13,-1,64,Normal
2026-04-27 23:10:37.999189,London-ff13,-6,99,Normal
2026-04-27 23:10:38.999189,London-ff13,-2,61,Normal
2026-04-27 23:10:39.999189,London-ff13,3,89,Normal
2026-04-27 23:10:40.999189,London-ff13,-15,65,Normal
2026-04-27 23:10:41.999189,London-ff13,25,66,Normal
2026-04-27 23:10:42.999189,London-ff13,-13,62,Normal
2026-04-27 23:10:43.999189,London-ff13,36,76,Normal
2026-04-27 23:10:44.999189,London-ff13,5,99,Normal
2026-04-27 23:10:45.999189,London-ff13,-17,82,Normal
2026-04-27 23:10:46.999189,London-ff13,4,11,Normal
2026-04-27 23:10:47.999189,London-ff13,-6,30,Normal
2026-04-27 23:10:48.999189,London-ff13,43,29,Normal
2026-04-27 23:10:49.999189,London-ff13,-1,2,Normal
2026-04-27 23:10:50.999189,London-ff13,16,92,Normal
2026-04-27 23:10:51.999189,London-ff13,22,53,Normal
2026-04-27 23:10:52.999189,London-ff13,-20,8,Normal
2026-04-27 23:10:53.999189,London-ff13,31,47,Normal
2026-04-27 23:10:54.999189,London-ff13,14,100,Normal
2026-04-27 23:10:55.999189,London-ff13,30,23,Normal
2026-04-27 23:10:56.999189,London-ff13,3,23,Normal
2026-04-27 23:10:57.999189,London-ff13,-21,87,Normal
2026-04-27 23:10:58.999189,London-ff13,32,76,Normal
2026-04-27 23:10:59.999189,London-ff13,50,24,Normal
2026-04-27 23:11:00.999189,London-ff13,8,31,Normal
2026-04-27 23:11:01.999189,London-ff13,30,74,Normal
2026-04-27 23:11:02.999189,London-ff13,0,38,Normal
2026-04-27 23:11:03.999189,London-ff13,24,23,Normal
2026-04-27 23:11:04.999189,London-ff13,7,76,Normal
2026-04-27 23:11:05.999189,London-ff13,13,37,Normal
2026-04-27 23:11:06.999189,London-ff13,48,44,Normal
2026-04-27 23:11:07.999189,London-ff13,48,75,Normal
2026-04-27 23:11:08.999189,London-ff13,10,42,Normal
2026-04-27 23:11:09.999189,London-ff13,44,37,Normal
2026-04-27 23:11:10.999189,London-ff13,12,69,Normal
2026-04-27 23:11:11.999189,London-ff13,5,92,Normal
2026-04-27 23:11:12.999189,London-ff13,34,33,Normal
2026-04-27 23:11:13.999189,London-ff13,9,50,Normal
2026-04-27 23:11:14.999189,London-ff13,9,65,Normal
2026-04-27 23:11:15.999189,London-ff13,-8,82,Normal
2026-04-27 23:11:16.999189,London-ff13,-28,0,Normal
2026-04-27 23:11:17.999189,London-ff13,11,18,Normal
2026-04-27 23:11:18.999189,London-ff13,41,61,Normal
2026-04-27 23:11:19.999189,London-ff13,-20,31,Normal
2026-04-27 23:11:20.999189,London-ff13,29,85,Normal
2026-04-27 23:11:21.999189,London-ff13,16,38,Normal
2026-04-27 23:11:22.999189,London-ff13,-3,85,Normal
2026-04-27 23:11:23.999189,London-ff13,-15,96,Normal
2026-04-27 23:11:24.999189,London-ff13,26,14,Normal
2026-04-27 23:11:25.999189,London-ff13,50,58,Normal
2026-04-27 23:11:26.999189,London-ff13,8,48,Normal
2026-04-27 23:11:27.999189,London-ff13,48,72,Normal
2026-04-27 23:11:28.999189,London-ff13,25,64,Normal
2026-04-27 23:11:29.999189,London-ff13,-11,26,Normal
2026-04-27 23:11:30.999189,London-ff13,33,74,Normal
2026-04-27 23:11:31.999189,London-ff13,30,82,Normal
2026-04-27 23:11:32.999189,London-ff13,-4,86,Normal
2026-04-27 23:11:33.999189,London-ff13,-15,70,Normal
2026-04-27 23:11:34.999189,London-ff13,-13,0,Normal
2026-04-27 23:11:35.999189,London-ff13,-13,52,Normal
2026-04-27 23:11:36.999189,London-ff13,6,42,Normal
2026-04-27 23:11:37.999189,London-ff13,-14,74,Normal
2026-04-27 23:11:38.999189,London-ff13,31,0,Normal
2026-04-27 23:11:39.999189,London-ff13,-14,91,Normal
2026-04-27 23:11:40.999189,London-ff13,22,38,Normal
2026-04-27 23:11:41.999189,London-ff13,-14,31,Normal
2026-04-27 23:11:42.999189,London-ff13,-30,30,Normal
2026-04-27 23:11:43.999189,London-ff13,29,35,Normal
2026-04-27 23:11:44.999189,London-ff13,6,83,Normal
2026-04-27 23:11:45.999189,London-ff13,0,64,Normal
2026-04-27 23:11:46.999189,London-ff13,8,47,Normal
2026-04-27 23:11:47.999189,London-ff13,3,62,Normal
2026-04-27 23:11:48.999189,London-ff13,-2,8,Normal
2026-04-27 23:11:49.999189,London-ff13,18,97,Normal
2026-04-27 23:11:50.999189,London-ff13,33,42,Normal
2026-04-27 23:11:51.999189,London-ff13,13,83,Normal
2026-04-27 23:11:52.999189,London-ff13,14,28,Normal
2026-04-27 23:11:53.999189,London-ff13,-10,6,Normal
2026-04-27 23:11:54.999189,London-ff13,44,29,Normal
2026-04-27 23:11:55.999189,London-ff13,-20,79,Normal
2026-04-27 23:11:56.999189,London-ff13,-23,8,Normal
2026-04-27 23:11:57.999189,London-ff13,-3,10,Normal
2026-04-27 23:11:58.999189,London-ff13,50,10,Normal
2026-04-27 23:11:59.999189,London-ff13,46,46,Normal
2026-04-27 23:12:00.999189,London-ff13,43,70,Normal
2026-04-27 23:12:01.999189,London-ff13,10,33,Normal
2026-04-27 23:12:02.999189,London-ff13,49,20,Normal
2026-04-27 23:12:03.999189,London-ff13,25,27,Normal
2026-04-27 23:12:04.999189,London-ff13,-2,100,Normal
2026-04-27 23:12:05.999189,London-ff13,29,28,Normal
2026-04-27 23:12:06.999189,London-ff13,-24,45,Normal
2026-04-27 23:12:07.999189,London-ff13,-4,22,Normal
2026-04-27 23:12:08.999189,London-ff13,41,68,Normal
2026-04-27 23:12:09.999189,London-ff13,21,38,Normal
2026-04-27 23:12:10.999189,London-ff13,15,11,Normal
2026-04-27 23:12:11.999189,London-ff13,-22,66,Normal
2026-04-27 23:12:12.999189,London-ff13,-16,60,Normal
2026-04-27 23:12:13.999189,London-ff13,34,69,Normal
2026-04-27 23:12:14.999189,London-ff13,10,71,Normal
2026-04-27 23:12:15.999189,London-ff13,15,17,Normal
2026-04-27 23:12:16.999189,London-ff13,-27,49,Normal
2026-04-27 23:12:17.999189,London-ff13,-13,24,Normal
2026-04-27 23:12:18.999189,London-ff13,43,6,Normal
2026-04-27 23:12:19.999189,London-ff13,15,91,Normal
2026-04-27 23:12:20.999189,London-ff13,35,91,Normal
2026-04-27 23:12:21.999189,London-ff13,-28,24,Normal
2026-04-27 23:12:22.999189,London-ff13,36,12,Normal
2026-04-27 23:12:23.999189,London-ff13,5,58,Normal
2026-04-27 23:12:24.999189,London-ff13,24,63,Normal
2026-04-27 23:12:25.999189,London-ff13,1,88,Normal
2026-04-27 23:12:26.999189,London-ff13,-10,84,Normal
2026-04-27 23:12:27.999189,London-ff13,48,32,Normal
2026-04-27 23:12:28.999189,London-ff13,-4,51,Normal
2026-04-27 23:12:29.999189,London-ff13,35,29,Normal
2026-04-27 23:12:30.999189,London-ff13,6,91,Normal
2026-04-27 23:12:31.999189,London-ff13,1,36,Normal
2026-04-27 23:12:32.999189,London-ff13,18,52,Normal
2026-04-27 23:12:33.999189,London-ff13,10,86,Normal
2026-04-27 23:12:34.999189,London-ff13,-2,33,Normal
2026-04-27 23:12:35.999189,London-ff13,27,31,Normal
2026-04-27 23:12:36.999189,London-ff13,-30,41,Normal
2026-04-27 23:12:37.999189,London-ff13,18,64,Normal
2026-04-27 23:12:38.999189,London-ff13,13,53,Normal
2026-04-27 23:12:39.999189,London-ff13,-4,100,Normal
2026-04-27 23:12:40.999189,London-ff13,-13,13,Normal
2026-04-27 23:12:41.999189,London-ff13,3,67,Normal
2026-04-27 23:12:42.999189,London-ff13,37,99,Normal
2026-04-27 23:12:43.999189,London-ff13,31,69,Normal
2026-04-27 23:12:44.999189,London-ff13,-28,38,Normal
2026-04-27 23:12:45.999189,London-ff13,7,88,Normal
2026-04-27 23:12:46.999189,London-ff13,18,4,Normal
2026-04-27 23:12:47.999189,London-ff13,33,84,Normal
2026-04-27 23:12:48.999189,London-ff13,-3,51,Normal
2026-04-27 23:12:49.999189,London-ff13,18,51,Normal
2026-04-27 23:12:50.999189,London-ff13,-29,9,Normal
2026-04-27 23:12:51.999189,London-ff13,30,21,Normal
2026-04-27 23:12:52.999189,London-ff13,0,34,Normal
2026-04-27 23:12:53.999189,London-ff13,16,87,Normal
2026-04-27 23:12:54.999189,London-ff13,20,57,Normal
2026-04-27 23:12:55.999189,London-ff13,29,88,Normal
2026-04-27 23:12:56.999189,London-ff13,-24,59,Normal
2026-04-27 23:12:57.999189,London-ff13,20,88,Normal
2026-04-27 23:12:58.999189,London-ff13,-2,67,Normal
2026-04-27 23:12:59.999189,London-ff13,6,40,Normal
2026-04-27 23:13:00.999189,London-ff13,-22,71,Normal
2026-04-27 23:13:01.999189,London-ff13,37,86,Normal
2026-04-27 23:13:02.999189,London-ff13,33,91,Normal
2026-04-27 23:13:03.999189,London-ff13,-23,6,Normal
2026-04-27 23:13:04.999189,London-ff13,42,26,Normal
2026-04-27 23:13:05.999189,London-ff13,48,63,Normal
2026-04-27 23:13:06.999189,London-ff13,-21,58,Normal
2026-04-27 23:13:07.999189,London-ff13,20,4,Normal
2026-04-27 23:13:08.999189,London-ff13,-17,51,Normal
2026-04-27 23:13:09.999189,London-ff13,-16,67,Normal
2026-04-27 23:13:10.999189,London-ff13,8,79,Normal
2026-04-27 23:13:11.999189,London-ff13,21,17,Normal
2026-04-27 23:13:12.999189,London-ff13,45,80,Normal
2026-04-27 23:13:13.999189,London-ff13,-20,73,Normal
2026-04-27 23:13:14.999189,London-ff13,12,73,Normal
2026-04-27 23:13:15.999189,London-ff13,26,11,Normal
2026-04-27 23:13:16.999189,London-ff13,25,61,Normal
2026-04-27 23:13:17.999189,London-ff13,2,95,Normal
2026-04-27 23:13:18.999189,London-ff13,12,93,Normal
2026-04-27 23:13:19.999189,London-ff13,16,35,Normal
2026-04-27 23:13:20.999189,London-ff13,21,86,Normal
2026-04-27 23:13:21.999189,London-ff13,-23,29,Normal
2026-04-27 23:13:22.999189,London-ff13,10,9,Normal
2026-04-27 23:13:23.999189,London-ff13,20,49,Normal
2026-04-27 23:13:24.999189,London-ff13,0,36,Normal
2026-04-27 23:13:25.999189,London-ff13,18,7,Normal
2026-04-27 23:13:26.999189,London-ff13,-2,42,Normal
2026-04-27 23:13:27.999189,London-ff13,28,49,Normal
2026-04-27 23:13:28.999189,London-ff13,36,93,Normal
2026-04-27 23:13:29.999189,London-ff13,26,56,Normal
2026-04-27 23:13:30.999189,London-ff13,-19,94,Normal
2026-04-27 23:13:31.999189,London-ff13,-9,79,Normal
2026-04-27 23:13:32.999189,London-ff13,14,81,Normal
2026-04-27 23:13:33.999189,London-ff13,13,54,Normal
2026-04-27 23:13:34.999189,London-ff13,-7,70,Normal
2026-04-27 23:13:35.999189,London-ff13,36,88,Normal
2026-04-27 23:13:36.999189,London-ff13,22,22,Normal
2026-04-27 23:13:37.999189,London-ff13,15,94,Normal
2026-04-27 23:13:38.999189,London-ff13,22,49,Normal
2026-04-27 23:13:39.999189,London-ff13,-2,61,Normal
2026-04-27 23:13:40.999189,London-ff13,42,55,Normal
2026-04-27 23:13:41.999189,London-ff13,18,2,Normal
2026-04-27 23:13:42.999189,London-ff13,-20,41,Normal
2026-04-27 23:13:43.999189,London-ff13,17,79,Normal
2026-04-27 23:13:44.999189,London-ff13,22,50,Normal
2026-04-27 23:13:45.999189,London-ff13,-18,91,Normal
2026-04-27 23:13:46.999189,London-ff13,-17,11,Normal
2026-04-27 23:13:47.999189,London-ff13,7,15,Normal
2026-04-27 23:13:48.999189,London-ff13,37,2,Normal
2026-04-27 23:13:49.999189,London-ff13,-14,80,Normal
2026-04-27 23:13:50.999189,London-ff13,42,69,Normal
2026-04-27 23:13:51.999189,London-ff13,29,73,Normal
2026-04-27 23:13:52.999189,London-ff13,-1,3,Normal
2026-04-27 23:13:53.999189,London-ff13,16,62,Normal
2026-04-27 23:13:54.999189,London-ff13,-22,27,Normal
2026-04-27 23:13:55.999189,London-ff13,-11,74,Normal
2026-04-27 23:13:56.999189,London-ff13,12,26,Normal
2026-04-27 23:13:57.999189,London-ff13,-4,86,Normal
2026-04-27 23:13:58.999189,London-ff13,27,88,Normal
2026-04-27 23:13:59.999189,London-ff13,47,3,Normal
2026-04-27 23:14:00.999189,London-ff13,17,58,Normal
2026-04-27 23:14:01.999189,London-ff13,37,85,Normal
2026-04-27 23:14:02.999189,London-ff13,44,37,Normal
2026-04-27 23:14:03.999189,London-ff13,48,89,Normal
2026-04-27 23:14:04.999189,London-ff13,42,79,Normal
2026-04-27 23:14:05.999189,London-ff13,29,89,Normal
2026-04-27 23:14:06.999189,London-ff13,42,15,Normal
2026-04-27 23:14:07.999189,London-ff13,3,42,Normal
2026-04-27 23:14:08.999189,London-ff13,4,44,Normal
2026-04-27 23:14:09.999189,London-ff13,31,95,Normal
2026-04-27 23:14:10.999189,London-ff13,-4,45,Normal
2026-04-27 23:14:11.999189,London-ff13,-2,49,Normal
2026-04-27 23:14:12.999189,London-ff13,36,49,Normal
2026-04-27 23:14:13.999189,London-ff13,7,58,Normal
2026-04-27 23:14:14.999189,London-ff13,39,7,Normal
2026-04-27 23:14:15.999189,London-ff13,14,4,Normal
2026-04-27 23:14:16.999189,London-ff13,49,56,Normal
2026-04-27 23:14:17.999189,London-ff13,8,91,Normal
2026-04-27 23:14:18.999189,London-ff13,-13,48,Normal
2026-04-27 23:14:19.999189,London-ff13,-5,0,Normal
2026-04-27 23:14:20.999189,London-ff13,15,68,Normal
2026-04-27 23:14:21.999189,London-ff13,12,96,Normal
2026-04-27 23:14:22.999189,London-ff13,22,81,Normal
2026-04-27 23:14:23.999189,London-ff13,4,10,Normal
2026-04-27 23:14:24.999189,London-ff13,14,100,Normal
2026-04-27 23:14:25.999189,London-ff13,28,32,Normal
2026-04-27 23:14:26.999189,London-ff13,-21,89,Normal
2026-04-27 23:14:27.999189,London-ff13,20,36,Normal
2026-04-27 23:14:28.999189,London-ff13,50,100,Normal
