timestamp,station_id,temp,humid,condition
2026-02-08 02:13:20.250291,London-2cfb,4,8,Normal
2026-02-08 02:13:21.250291,London-2cfb,22,11,Normal
2026-02-08 02:13:22.250291,London-2cfb,-21,18,Normal
2026-02-08 02:13:23.250291,London-2cfb,14,82,Normal
2026-02-08 02:13:24.250291,London-2cfb,29,9,Normal
2026-02-08 02:13:25.250291,London-2cfb,26,6,Normal
2026-02-08 02:13:26.250291,London-2cfb,-10,35,Normal
2026-02-08 02:13:27.250291,London-2cfb,-20,76,Normal
2026-02-08 02:13:28.250291,London-2cfb,29,2,Normal
2026-02-08 02:13:29.250291,London-2cfb,13,36,Normal
2026-02-08 02:13:30.250291,London-2cfb,50,72,Normal
2026-02-08 02:13:31.250291,London-2cfb,42,5,Normal
2026-02-08 02:13:32.250291,London-2cfb,26,24,Normal
2026-02-08 02:13:33.250291,London-2cfb,39,44,Normal
2026-02-08 02:13:34.250291,London-2cfb,21,79,Normal
2026-02-08 02:13:35.250291,London-2cfb,10,11,Normal
2026-02-08 02:13:36.250291,London-2cfb,37,94,Normal
2026-02-08 02:13:37.250291,London-2cfb,35,58,Normal
2026-02-08 02:13:38.250291,London-2cfb,19,88,Normal
2026-02-08 02:13:39.250291,London-2cfb,7,88,Normal
2026-02-08 02:13:40.250291,London-2cfb,26,17,Normal
2026-02-08 02:13:41.250291,London-2cfb,5,85,Normal
2026-02-08 02:13:42.250291,London-2cfb,49,67,Normal
2026-02-08 02:13:43.250291,London-2cfb,-14,4,Normal
2026-02-08 02:13:44.250291,London-2cfb,2,27,Normal
2026-02-08 02:13:45.250291,London-2cfb,-10,31,Normal
2026-02-08 02:13:46.250291,London-2cfb,27,50,Normal
2026-02-08 02:13:47.250291,London-2cfb,-16,25,Normal
2026-02-08 02:13:48.250291,London-2cfb,42,28,Normal
2026-02-08 02:13:49.250291,London-2cfb,14,13,Normal
2026-02-08 02:13:50.250291,London-2cfb,31,78,Normal
2026-02-08 02:13:51.250291,London-2cfb,-23,59,Normal
2026-02-08 02:13:52.250291,London-2cfb,-3,35,Normal
2026-02-08 02:13:53.250291,London-2cfb,14,14,Normal
2026-02-08 02:13:54.250291,London-2cfb,0,42,Normal
2026-02-08 02:13:55.250291,London-2cfb,15,33,Normal
2026-02-08 02:13:56.250291,London-2cfb,9,86,Normal
2026-02-08 02:13:57.250291,London-2cfb,7,28,Normal
2026-02-08 02:13:58.250291,London-2cfb,-7,30,Normal
2026-02-08 02:13:59.250291,London-2cfb,-5,92,Normal
2026-02-08 02:14:00.250291,London-2cfb,-23,81,Normal
2026-02-08 02:14:01.250291,London-2cfb,34,47,Normal
2026-02-08 02:14:02.250291,London-2cfb,14,100,Normal
2026-02-08 02:14:03.250291,London-2cfb,40,62,Normal
2026-02-08 02:14:04.250291,London-2cfb,18,49,Normal
2026-02-08 02:14:05.250291,London-2cfb,42,48,Normal
2026-02-08 02:14:06.250291,London-2cfb,-21,48,Normal
2026-02-08 02:14:07.250291,London-2cfb,-6,64,Normal
2026-02-08 02:14:08.250291,London-2cfb,-14,97,Normal
2026-02-08 02:14:09.250291,London-2cfb,43,79,Normal
2026-02-08 02:14:10.250291,London-2cfb,31,15,Normal
2026-02-08 02:14:11.250291,London-2cfb,33,30,Normal
2026-02-08 02:14:12.250291,London-2cfb,-19,62,Normal
2026-02-08 02:14:13.250291,London-2cfb,35,25,Normal
2026-02-08 02:14:14.250291,London-2cfb,-19,55,Normal
2026-02-08 02:14:15.250291,London-2cfb,-6,88,Normal
2026-02-08 02:14:16.250291,London-2cfb,-22,12,Normal
2026-02-08 02:14:17.250291,London-2cfb,8,9,Normal
2026-02-08 02:14:18.250291,London-2cfb,27,25,Normal
2026-02-08 02:14:19.250291,London-2cfb,35,90,Normal
2026-02-08 02:14:20.250291,London-2cfb,2,28,Normal
2026-02-08 02:14:21.250291,London-2cfb,19,46,Normal
2026-02-08 02:14:22.250291,London-2cfb,-21,65,Normal
2026-02-08 02:14:23.250291,London-2cfb,-26,95,Normal
2026-02-08 02:14:24.250291,London-2cfb,-4,47,Normal
2026-02-08 02:14:25.250291,London-2cfb,20,95,Normal
2026-02-08 02:14:26.250291,London-2cfb,42,22,Normal
2026-02-08 02:14:27.250291,London-2cfb,-30,87,Normal
2026-02-08 02:14:28.250291,London-2cfb,21,44,Normal
2026-02-08 02:14:29.250291,London-2cfb,-11,76,Normal
2026-02-08 02:14:30.250291,London-2cfb,-14,17,Normal
2026-02-08 02:14:31.250291,London-2cfb,39,88,Normal
2026-02-08 02:14:32.250291,London-2cfb,13,9,Normal
2026-02-08 02:14:33.250291,London-2cfb,33,36,Normal
2026-02-08 02:14:34.250291,London-2cfb,27,8,Normal
2026-02-08 02:14:35.250291,London-2cfb,20,1,Normal
2026-02-08 02:14:36.250291,London-2cfb,-16,38,Normal
2026-02-08 02:14:37.250291,London-2cfb,21,66,Normal
2026-02-08 02:14:38.250291,London-2cfb,36,48,Normal
2026-02-08 02:14:39.250291,London-2cfb,-11,6,Normal
2026-02-08 02:14:40.250291,London-2cfb,-28,31,Normal
2026-02-08 02:14:41.250291,London-2cfb,13,30,Normal
2026-02-08 02:14:42.250291,London-2cfb,47,97,Normal
2026-02-08 02:14:43.250291,London-2cfb,32,65,Normal
2026-02-08 02:14:44.250291,London-2cfb,38,72,Normal
2026-02-08 02:14:45.250291,London-2cfb,37,57,Normal
2026-02-08 02:14:46.250291,London-2cfb,39,56,Normal
2026-02-08 02:14:47.250291,London-2cfb,-21,40,Normal
2026-02-08 02:14:48.250291,London-2cfb,-25,48,Normal
2026-02-08 02:14:49.250291,London-2cfb,-9,47,Normal
2026-02-08 02:14:50.250291,London-2cfb,-21,73,Normal
2026-02-08 02:14:51.250291,London-2cfb,-17,35,Normal
2026-02-08 02:14:52.250291,London-2cfb,-13,64,Normal
2026-02-08 02:14:53.250291,London-2cfb,47,88,Normal
2026-02-08 02:14:54.250291,London-2cfb,27,60,Normal
2026-02-08 02:14:55.250291,London-2cfb,31,28,Normal
2026-02-08 02:14:56.250291,London-2cfb,-6,17,Normal
2026-02-08 02:14:57.250291,London-2cfb,-3,68,Normal
2026-02-08 02:14:58.250291,London-2cfb,44,43,Normal
2026-02-08 02:14:59.250291,London-2cfb,-6,54,Normal
2026-02-08 02:15:00.250291,London-2cfb,13,31,Normal
2026-02-08 02:15:01.250291,London-2cfb,10,34,Normal
2026-02-08 02:15:02.250291,London-2cfb,11,21,Normal
2026-02-08 02:15:03.250291,London-2cfb,-11,89,Normal
2026-02-08 02:15:04.250291,London-2cfb,-19,69,Normal
2026-02-08 02:15:05.250291,London-2cfb,36,33,Normal
2026-02-08 02:15:06.250291,London-2cfb,-17,20,Normal
2026-02-08 02:15:07.250291,London-2cfb,26,86,Normal
2026-02-08 02:15:08.250291,London-2cfb,-18,67,Normal
2026-02-08 02:15:09.250291,London-2cfb,34,87,Normal
2026-02-08 02:15:10.250291,London-2cfb,42,4,Normal
2026-02-08 02:15:11.250291,London-2cfb,-28,98,Normal
2026-02-08 02:15:12.250291,London-2cfb,10,40,Normal
2026-02-08 02:15:13.250291,London-2cfb,29,60,Normal
2026-02-08 02:15:14.250291,London-2cfb,25,90,Normal
2026-02-08 02:15:15.250291,London-2cfb,-20,31,Normal
2026-02-08 02:15:16.250291,London-2cfb,30,78,Normal
2026-02-08 02:15:17.250291,London-2cfb,-19,27,Normal
2026-02-08 02:15:18.250291,London-2cfb,-14,36,Normal
2026-02-08 02:15:19.250291,London-2cfb,16,80,Normal
2026-02-08 02:15:20.250291,London-2cfb,46,59,Normal
2026-02-08 02:15:21.250291,London-2cfb,40,70,Normal
2026-02-08 02:15:22.250291,London-2cfb,23,62,Normal
2026-02-08 02:15:23.250291,London-2cfb,1,9,Normal
2026-02-08 02:15:24.250291,London-2cfb,-17,42,Normal
2026-02-08 02:15:25.250291,London-2cfb,46,24,Normal
2026-02-08 02:15:26.250291,London-2cfb,-2,8,Normal
2026-02-08 02:15:27.250291,London-2cfb,35,71,Normal
2026-02-08 02:15:28.250291,London-2cfb,-26,79,Normal
2026-02-08 02:15:29.250291,London-2cfb,-26,80,Normal
2026-02-08 02:15:30.250291,London-2cfb,-22,98,Normal
2026-02-08 02:15:31.250291,London-2cfb,-17,24,Normal
2026-02-08 02:15:32.250291,London-2cfb,-29,79,Normal
2026-02-08 02:15:33.250291,London-2cfb,19,43,Normal
2026-02-08 02:15:34.250291,London-2cfb,43,14,Normal
2026-02-08 02:15:35.250291,London-2cfb,-27,1,Normal
2026-02-08 02:15:36.250291,London-2cfb,-8,92,Normal
2026-02-08 02:15:37.250291,London-2cfb,1,23,Normal
2026-02-08 02:15:38.250291,London-2cfb,-21,8,Normal
2026-02-08 02:15:39.250291,London-2cfb,-17,42,Normal
2026-02-08 02:15:40.250291,London-2cfb,32,77,Normal
2026-02-08 02:15:41.250291,London-2cfb,12,62,Normal
2026-02-08 02:15:42.250291,London-2cfb,15,38,Normal
2026-02-08 02:15:43.250291,London-2cfb,17,52,Normal
2026-02-08 02:15:44.250291,London-2cfb,-5,54,Normal
2026-02-08 02:15:45.250291,London-2cfb,45,3,Normal
2026-02-08 02:15:46.250291,London-2cfb,9,73,Normal
2026-02-08 02:15:47.250291,London-2cfb,-16,30,Normal
2026-02-08 02:15:48.250291,London-2cfb,47,20,Normal
2026-02-08 02:15:49.250291,London-2cfb,-27,2,Normal
2026-02-08 02:15:50.250291,London-2cfb,-21,16,Normal
2026-02-08 02:15:51.250291,London-2cfb,2,78,Normal
2026-02-08 02:15:52.250291,London-2cfb,-23,66,Normal
2026-02-08 02:15:53.250291,London-2cfb,50,34,Normal
2026-02-08 02:15:54.250291,London-2cfb,-2,96,Normal
2026-02-08 02:15:55.250291,London-2cfb,23,14,Normal
2026-02-08 02:15:56.250291,London-2cfb,5,87,Normal
2026-02-08 02:15:57.250291,London-2cfb,-22,0,Normal
2026-02-08 02:15:58.250291,London-2cfb,32,93,Normal
2026-02-08 02:15:59.250291,London-2cfb,22,58,Normal
2026-02-08 02:16:00.250291,London-2cfb,26,11,Normal
2026-02-08 02:16:01.250291,London-2cfb,5,99,Normal
2026-02-08 02:16:02.250291,London-2cfb,-25,89,Normal
2026-02-08 02:16:03.250291,London-2cfb,-13,43,Normal
2026-02-08 02:16:04.250291,London-2cfb,1,33,Normal
2026-02-08 02:16:05.250291,London-2cfb,-19,74,Normal
2026-02-08 02:16:06.250291,London-2cfb,40,59,Normal
2026-02-08 02:16:07.250291,London-2cfb,-2,75,Normal
2026-02-08 02:16:08.250291,London-2cfb,26,12,Normal
2026-02-08 02:16:09.250291,London-2cfb,-4,36,Normal
2026-02-08 02:16:10.250291,London-2cfb,-10,53,Normal
2026-02-08 02:16:11.250291,London-2cfb,20,11,Normal
2026-02-08 02:16:12.250291,London-2cfb,5,65,Normal
2026-02-08 02:16:13.250291,London-2cfb,-4,38,Normal
2026-02-08 02:16:14.250291,London-2cfb,-12,25,Normal
2026-02-08 02:16:15.250291,London-2cfb,-5,22,Normal
2026-02-08 02:16:16.250291,London-2cfb,48,11,Normal
2026-02-08 02:16:17.250291,London-2cfb,14,1,Normal
2026-02-08 02:16:18.250291,London-2cfb,-26,40,Normal
2026-02-08 02:16:19.250291,London-2cfb,49,82,Normal
2026-02-08 02:16:20.250291,London-2cfb,32,42,Normal
2026-02-08 02:16:21.250291,London-2cfb,9,56,Normal
2026-02-08 02:16:22.250291,London-2cfb,-18,53,Normal
2026-02-08 02:16:23.250291,London-2cfb,-13,92,Normal
2026-02-08 02:16:24.250291,London-2cfb,14,36,Normal
2026-02-08 02:16:25.250291,London-2cfb,32,44,Normal
2026-02-08 02:16:26.250291,London-2cfb,36,61,Normal
2026-02-08 02:16:27.250291,London-2cfb,17,93,Normal
2026-02-08 02:16:28.250291,London-2cfb,27,61,Normal
2026-02-08 02:16:29.250291,London-2cfb,-5,7,Normal
2026-02-08 02:16:30.250291,London-2cfb,22,0,Normal
2026-02-08 02:16:31.250291,London-2cfb,-15,44,Normal
2026-02-08 02:16:32.250291,London-2cfb,30,24,Normal
2026-02-08 02:16:33.250291,London-2cfb,-27,86,Normal
2026-02-08 02:16:34.250291,London-2cfb,41,86,Normal
2026-02-08 02:16:35.250291,London-2cfb,-6,9,Normal
2026-02-08 02:16:36.250291,London-2cfb,-30,59,Normal
2026-02-08 02:16:37.250291,London-2cfb,23,55,Normal
2026-02-08 02:16:38.250291,London-2cfb,-27,5,Normal
2026-02-08 02:16:39.250291,London-2cfb,-21,40,Normal
2026-02-08 02:16:40.250291,London-2cfb,20,50,Normal
2026-02-08 02:16:41.250291,London-2cfb,27,56,Normal
2026-02-08 02:16:42.250291,London-2cfb,3,25,Normal
2026-02-08 02:16:43.250291,London-2cfb,-24,5,Normal
2026-02-08 02:16:44.250291,London-2cfb,-26,20,Normal
2026-02-08 02:16:45.250291,London-2cfb,-27,75,Normal
2026-02-08 02:16:46.250291,London-2cfb,41,60,Normal
2026-02-08 02:16:47.250291,London-2cfb,35,43,Normal
2026-02-08 02:16:48.250291,London-2cfb,39,10,Normal
2026-02-08 02:16:49.250291,London-2cfb,-26,39,Normal
2026-02-08 02:16:50.250291,London-2cfb,-10,50,Normal
2026-02-08 02:16:51.250291,London-2cfb,48,45,Normal
2026-02-08 02:16:52.250291,London-2cfb,-25,86,Normal
2026-02-08 02:16:53.250291,London-2cfb,16,66,Normal
2026-02-08 02:16:54.250291,London-2cfb,-10,92,Normal
2026-02-08 02:16:55.250291,London-2cfb,11,38,Normal
2026-02-08 02:16:56.250291,London-2cfb,-24,48,Normal
2026-02-08 02:16:57.250291,London-2cfb,-12,56,Normal
2026-02-08 02:16:58.250291,London-2cfb,30,6,Normal
2026-02-08 02:16:59.250291,London-2cfb,3,18,Normal
2026-02-08 02:17:00.250291,London-2cfb,6,17,Normal
2026-02-08 02:17:01.250291,London-2cfb,28,55,Normal
2026-02-08 02:17:02.250291,London-2cfb,-19,7,Normal
2026-02-08 02:17:03.250291,London-2cfb,15,26,Normal
2026-02-08 02:17:04.250291,London-2cfb,-28,84,Normal
2026-02-08 02:17:05.250291,London-2cfb,-11,61,Normal
2026-02-08 02:17:06.250291,London-2cfb,39,3,Normal
2026-02-08 02:17:07.250291,London-2cfb,-27,73,Normal
2026-02-08 02:17:08.250291,London-2cfb,-25,48,Normal
2026-02-08 02:17:09.250291,London-2cfb,-5,92,Normal
2026-02-08 02:17:10.250291,London-2cfb,-3,34,Normal
2026-02-08 02:17:11.250291,London-2cfb,-24,20,Normal
2026-02-08 02:17:12.250291,London-2cfb,-4,18,Normal
2026-02-08 02:17:13.250291,London-2cfb,37,41,Normal
2026-02-08 02:17:14.250291,London-2cfb,46,7,Normal
2026-02-08 02:17:15.250291,London-2cfb,-5,18,Normal
2026-02-08 02:17:16.250291,London-2cfb,0,68,Normal
2026-02-08 02:17:17.250291,London-2cfb,-17,73,Normal
2026-02-08 02:17:18.250291,London-2cfb,46,61,Normal
2026-02-08 02:17:19.250291,London-2cfb,-17,8,Normal
2026-02-08 02:17:20.250291,London-2cfb,-26,60,Normal
2026-02-08 02:17:21.250291,London-2cfb,-13,97,Normal
2026-02-08 02:17:22.250291,London-2cfb,22,6,Normal
2026-02-08 02:17:23.250291,London-2cfb,-10,83,Normal
2026-02-08 02:17:24.250291,London-2cfb,5,45,Normal
2026-02-08 02:17:25.250291,London-2cfb,-5,5,Normal
2026-02-08 02:17:26.250291,London-2cfb,-9,92,Normal
2026-02-08 02:17:27.250291,London-2cfb,11,75,Normal
2026-02-08 02:17:28.250291,London-2cfb,21,12,Normal
2026-02-08 02:17:29.250291,London-2cfb,48,67,Normal
2026-02-08 02:17:30.250291,London-2cfb,9,37,Normal
2026-02-08 02:17:31.250291,London-2cfb,11,66,Normal
2026-02-08 02:17:32.250291,London-2cfb,-3,15,Normal
2026-02-08 02:17:33.250291,London-2cfb,34,50,Normal
2026-02-08 02:17:34.250291,London-2cfb,3,82,Normal
2026-02-08 02:17:35.250291,London-2cfb,19,79,Normal
2026-02-08 02:17:36.250291,London-2cfb,-30,4,Normal
2026-02-08 02:17:37.250291,London-2cfb,25,21,Normal
2026-02-08 02:17:38.250291,London-2cfb,50,32,Normal
2026-02-08 02:17:39.250291,London-2cfb,36,77,Normal
2026-02-08 02:17:40.250291,London-2cfb,6,44,Normal
2026-02-08 02:17:41.250291,London-2cfb,-6,86,Normal
2026-02-08 02:17:42.250291,London-2cfb,49,48,Normal
2026-02-08 02:17:43.250291,London-2cfb,-23,82,Normal
2026-02-08 02:17:44.250291,London-2cfb,21,86,Normal
2026-02-08 02:17:45.250291,London-2cfb,22,22,Normal
2026-02-08 02:17:46.250291,London-2cfb,34,0,Normal
2026-02-08 02:17:47.250291,London-2cfb,-2,37,Normal
2026-02-08 02:17:48.250291,London-2cfb,46,30,Normal
2026-02-08 02:17:49.250291,London-2cfb,2,52,Normal
2026-02-08 02:17:50.250291,London-2cfb,20,40,Normal
2026-02-08 02:17:51.250291,London-2cfb,20,54,Normal
2026-02-08 02:17:52.250291,London-2cfb,6,38,Normal
2026-02-08 02:17:53.250291,London-2cfb,41,47,Normal
2026-02-08 02:17:54.250291,London-2cfb,7,94,Normal
2026-02-08 02:17:55.250291,London-2cfb,-8,50,Normal
2026-02-08 02:17:56.250291,London-2cfb,4,4,Normal
2026-02-08 02:17:57.250291,London-2cfb,44,77,Normal
2026-02-08 02:17:58.250291,London-2cfb,46,38,Normal
2026-02-08 02:17:59.250291,London-2cfb,49,68,Normal
2026-02-08 02:18:00.250291,London-2cfb,-23,43,Normal
2026-02-08 02:18:01.250291,London-2cfb,24,45,Normal
2026-02-08 02:18:02.250291,London-2cfb,50,23,Normal
2026-02-08 02:18:03.250291,London-2cfb,22,63,Normal
2026-02-08 02:18:04.250291,London-2cfb,-4,96,Normal
2026-02-08 02:18:05.250291,London-2cfb,25,6,Normal
2026-02-08 02:18:06.250291,London-2cfb,13,9,Normal
2026-02-08 02:18:07.250291,London-2cfb,-8,65,Normal
2026-02-08 02:18:08.250291,London-2cfb,11,39,Normal
2026-02-08 02:18:09.250291,London-2cfb,-30,28,Normal
2026-02-08 02:18:10.250291,London-2cfb,-12,63,Normal
2026-02-08 02:18:11.250291,London-2cfb,-29,40,Normal
2026-02-08 02:18:12.250291,London-2cfb,-9,67,Normal
2026-02-08 02:18:13.250291,London-2cfb,-29,98,Normal
2026-02-08 02:18:14.250291,London-2cfb,-26,14,Normal
2026-02-08 02:18:15.250291,London-2cfb,1,36,Normal
2026-02-08 02:18:16.250291,London-2cfb,-23,52,Normal
2026-02-08 02:18:17.250291,London-2cfb,9,51,Normal
2026-02-08 02:18:18.250291,London-2cfb,38,66,Normal
2026-02-08 02:18:19.250291,London-2cfb,-1,94,Normal
2026-02-08 02:18:20.250291,London-2cfb,37,90,Normal
2026-02-08 02:18:21.250291,London-2cfb,-12,90,Normal
2026-02-08 02:18:22.250291,London-2cfb,-25,32,Normal
2026-02-08 02:18:23.250291,London-2cfb,37,53,Normal
2026-02-08 02:18:24.250291,London-2cfb,28,82,Normal
2026-02-08 02:18:25.250291,London-2cfb,47,4,Normal
2026-02-08 02:18:26.250291,London-2cfb,46,48,Normal
2026-02-08 02:18:27.250291,London-2cfb,13,85,Normal
2026-02-08 02:18:28.250291,London-2cfb,6,84,Normal
2026-02-08 02:18:29.250291,London-2cfb,50,74,Normal
2026-02-08 02:18:30.250291,London-2cfb,-7,29,Normal
2026-02-08 02:18:31.250291,London-2cfb,-16,29,Normal
2026-02-08 02:18:32.250291,London-2cfb,6,2,Normal
2026-02-08 02:18:33.250291,London-2cfb,34,99,Normal
2026-02-08 02:18:34.250291,London-2cfb,12,44,Normal
2026-02-08 02:18:35.250291,London-2cfb,-2,38,Normal
2026-02-08 02:18:36.250291,London-2cfb,-1,39,Normal
2026-02-08 02:18:37.250291,London-2cfb,-3,90,Normal
2026-02-08 02:18:38.250291,London-2cfb,26,31,Normal
2026-02-08 02:18:39.250291,London-2cfb,-1,58,Normal
2026-02-08 02:18:40.250291,London-2cfb,39,24,Normal
2026-02-08 02:18:41.250291,London-2cfb,-2,95,Normal
2026-02-08 02:18:42.250291,London-2cfb,0,55,Normal
2026-02-08 02:18:43.250291,London-2cfb,-30,80,Normal
2026-02-08 02:18:44.250291,London-2cfb,32,16,Normal
2026-02-08 02:18:45.250291,London-2cfb,-14,85,Normal
2026-02-08 02:18:46.250291,London-2cfb,-13,100,Normal
2026-02-08 02:18:47.250291,London-2cfb,5,79,Normal
2026-02-08 02:18:48.250291,London-2cfb,19,68,Normal
2026-02-08 02:18:49.250291,London-2cfb,-16,76,Normal
2026-02-08 02:18:50.250291,London-2cfb,43,71,Normal
2026-02-08 02:18:51.250291,London-2cfb,16,31,Normal
2026-02-08 02:18:52.250291,London-2cfb,-21,5,Normal
2026-02-08 02:18:53.250291,London-2cfb,2,28,Normal
2026-02-08 02:18:54.250291,London-2cfb,10,13,Normal
2026-02-08 02:18:55.250291,London-2cfb,19,54,Normal
2026-02-08 02:18:56.250291,London-2cfb,-9,17,Normal
2026-02-08 02:18:57.250291,London-2cfb,14,96,Normal
2026-02-08 02:18:58.250291,London-2cfb,-28,72,Normal
2026-02-08 02:18:59.250291,London-2cfb,5,74,Normal
2026-02-08 02:19:00.250291,London-2cfb,-4,41,Normal
2026-02-08 02:19:01.250291,London-2cfb,-20,81,Normal
2026-02-08 02:19:02.250291,London-2cfb,-17,92,Normal
2026-02-08 02:19:03.250291,London-2cfb,2,15,Normal
2026-02-08 02:19:04.250291,London-2cfb,-5,8,Normal
2026-02-08 02:19:05.250291,London-2cfb,0,20,Normal
2026-02-08 02:19:06.250291,London-2cfb,40,21,Normal
2026-02-08 02:19:07.250291,London-2cfb,-22,2,Normal
2026-02-08 02:19:08.250291,London-2cfb,24,51,Normal
2026-02-08 02:19:09.250291,London-2cfb,37,21,Normal
2026-02-08 02:19:10.250291,London-2cfb,22,22,Normal
2026-02-08 02:19:11.250291,London-2cfb,-21,42,Normal
2026-02-08 02:19:12.250291,London-2cfb,-21,28,Normal
2026-02-08 02:19:13.250291,London-2cfb,41,24,Normal
2026-02-08 02:19:14.250291,London-2cfb,-19,23,Normal
2026-02-08 02:19:15.250291,London-2cfb,26,83,Normal
2026-02-08 02:19:16.250291,London-2cfb,46,64,Normal
2026-02-08 02:19:17.250291,London-2cfb,36,18,Normal
2026-02-08 02:19:18.250291,London-2cfb,-10,32,Normal
2026-02-08 02:19:19.250291,London-2cfb,-22,58,Normal
2026-02-08 02:19:20.250291,London-2cfb,37,28,Normal
2026-02-08 02:19:21.250291,London-2cfb,19,9,Normal
2026-02-08 02:19:22.250291,London-2cfb,7,14,Normal
2026-02-08 02:19:23.250291,London-2cfb,19,59,Normal
2026-02-08 02:19:24.250291,London-2cfb,22,39,Normal
2026-02-08 02:19:25.250291,London-2cfb,16,55,Normal
2026-02-08 02:19:26.250291,London-2cfb,49,35,Normal
2026-02-08 02:19:27.250291,London-2cfb,4,0,Normal
2026-02-08 02:19:28.250291,London-2cfb,43,100,Normal
2026-02-08 02:19:29.250291,London-2cfb,-10,86,Normal
2026-02-08 02:19:30.250291,London-2cfb,8,55,Normal
2026-02-08 02:19:31.250291,London-2cfb,-28,96,Normal
2026-02-08 02:19:32.250291,London-2cfb,23,99,Normal
2026-02-08 02:19:33.250291,London-2cfb,5,20,Normal
2026-02-08 02:19:34.250291,London-2cfb,-11,89,Normal
2026-02-08 02:19:35.250291,London-2cfb,31,6,Normal
2026-02-08 02:19:36.250291,London-2cfb,34,62,Normal
2026-02-08 02:19:37.250291,London-2cfb,47,65,Normal
2026-02-08 02:19:38.250291,London-2cfb,-1,74,Normal
2026-02-08 02:19:39.250291,London-2cfb,6,45,Normal
2026-02-08 02:19:40.250291,London-2cfb,1,79,Normal
2026-02-08 02:19:41.250291,London-2cfb,5,58,Normal
2026-02-08 02:19:42.250291,London-2cfb,-12,13,Normal
2026-02-08 02:19:43.250291,London-2cfb,-8,60,Normal
2026-02-08 02:19:44.250291,London-2cfb,-11,47,Normal
2026-02-08 02:19:45.250291,London-2cfb,-20,12,Normal
2026-02-08 02:19:46.250291,London-2cfb,43,74,Normal
2026-02-08 02:19:47.250291,London-2cfb,25,93,Normal
2026-02-08 02:19:48.250291,London-2cfb,-20,21,Normal
2026-02-08 02:19:49.250291,London-2cfb,39,19,Normal
2026-02-08 02:19:50.250291,London-2cfb,22,52,Normal
2026-02-08 02:19:51.250291,London-2cfb,43,21,Normal
2026-02-08 02:19:52.250291,London-2cfb,27,41,Normal
2026-02-08 02:19:53.250291,London-2cfb,-2,30,Normal
2026-02-08 02:19:54.250291,London-2cfb,37,94,Normal
2026-02-08 02:19:55.250291,London-2cfb,34,43,Normal
2026-02-08 02:19:56.250291,London-2cfb,19,73,Normal
2026-02-08 02:19:57.250291,London-2cfb,46,61,Normal
2026-02-08 02:19:58.250291,London-2cfb,-17,73,Normal
2026-02-08 02:19:59.250291,London-2cfb,-7,47,Normal
2026-02-08 02:20:00.250291,London-2cfb,41,84,Normal
2026-02-08 02:20:01.250291,London-2cfb,-21,35,Normal
2026-02-08 02:20:02.250291,London-2cfb,-15,86,Normal
2026-02-08 02:20:03.250291,London-2cfb,0,59,Normal
2026-02-08 02:20:04.250291,London-2cfb,31,86,Normal
2026-02-08 02:20:05.250291,London-2cfb,5,90,Normal
2026-02-08 02:20:06.250291,London-2cfb,2,8,Normal
2026-02-08 02:20:07.250291,London-2cfb,14,90,Normal
2026-02-08 02:20:08.250291,London-2cfb,-8,76,Normal
2026-02-08 02:20:09.250291,London-2cfb,10,70,Normal
2026-02-08 02:20:10.250291,London-2cfb,47,88,Normal
2026-02-08 02:20:11.250291,London-2cfb,16,35,Normal
2026-02-08 02:20:12.250291,London-2cfb,19,49,Normal
2026-02-08 02:20:13.250291,London-2cfb,23,43,Normal
2026-02-08 02:20:14.250291,London-2cfb,-29,57,Normal
2026-02-08 02:20:15.250291,London-2cfb,-29,22,Normal
2026-02-08 02:20:16.250291,London-2cfb,20,36,Normal
2026-02-08 02:20:17.250291,London-2cfb,6,66,Normal
2026-02-08 02:20:18.250291,London-2cfb,3,34,Normal
2026-02-08 02:20:19.250291,London-2cfb,7,92,Normal
2026-02-08 02:20:20.250291,London-2cfb,14,14,Normal
2026-02-08 02:20:21.250291,London-2cfb,18,96,Normal
2026-02-08 02:20:22.250291,London-2cfb,-9,5,Normal
2026-02-08 02:20:23.250291,London-2cfb,24,71,Normal
2026-02-08 02:20:24.250291,London-2cfb,46,88,Normal
2026-02-08 02:20:25.250291,London-2cfb,-12,83,Normal
2026-02-08 02:20:26.250291,London-2cfb,33,32,Normal
2026-02-08 02:20:27.250291,London-2cfb,30,48,Normal
2026-02-08 02:20:28.250291,London-2cfb,22,72,Normal
2026-02-08 02:20:29.250291,London-2cfb,-20,59,Normal
2026-02-08 02:20:30.250291,London-2cfb,-13,33,Normal
2026-02-08 02:20:31.250291,London-2cfb,-9,24,Normal
2026-02-08 02:20:32.250291,London-2cfb,24,23,Normal
2026-02-08 02:20:33.250291,London-2cfb,26,67,Normal
2026-02-08 02:20:34.250291,London-2cfb,-5,27,Normal
2026-02-08 02:20:35.250291,London-2cfb,-4,79,Normal
2026-02-08 02:20:36.250291,London-2cfb,2,46,Normal
2026-02-08 02:20:37.250291,London-2cfb,-19,31,Normal
2026-02-08 02:20:38.250291,London-2cfb,-18,37,Normal
2026-02-08 02:20:39.250291,London-2cfb,29,10,Normal
2026-02-08 02:20:40.250291,London-2cfb,39,41,Normal
2026-02-08 02:20:41.250291,London-2cfb,2,20,Normal
2026-02-08 02:20:42.250291,London-2cfb,-21,83,Normal
2026-02-08 02:20:43.250291,London-2cfb,9,47,Normal
2026-02-08 02:20:44.250291,London-2cfb,14,92,Normal
2026-02-08 02:20:45.250291,London-2cfb,50,96,Normal
2026-02-08 02:20:46.250291,London-2cfb,39,50,Normal
2026-02-08 02:20:47.250291,London-2cfb,27,3,Normal
2026-02-08 02:20:48.250291,London-2cfb,8,9,Normal
2026-02-08 02:20:49.250291,London-2cfb,7,19,Normal
2026-02-08 02:20:50.250291,London-2cfb,-7,18,Normal
2026-02-08 02:20:51.250291,London-2cfb,14,0,Normal
2026-02-08 02:20:52.250291,London-2cfb,46,17,Normal
2026-02-08 02:20:53.250291,London-2cfb,-25,84,Normal
2026-02-08 02:20:54.250291,London-2cfb,21,13,Normal
2026-02-08 02:20:55.250291,London-2cfb,-10,83,Normal
2026-02-08 02:20:56.250291,London-2cfb,33,43,Normal
2026-02-08 02:20:57.250291,London-2cfb,-10,67,Normal
2026-02-08 02:20:58.250291,London-2cfb,-29,69,Normal
2026-02-08 02:20:59.250291,London-2cfb,16,63,Normal
2026-02-08 02:21:00.250291,London-2cfb,13,87,Normal
2026-02-08 02:21:01.250291,London-2cfb,-30,27,Normal
2026-02-08 02:21:02.250291,London-2cfb,-29,3,Normal
2026-02-08 02:21:03.250291,London-2cfb,21,41,Normal
2026-02-08 02:21:04.250291,London-2cfb,3,65,Normal
2026-02-08 02:21:05.250291,London-2cfb,38,4,Normal
2026-02-08 02:21:06.250291,London-2cfb,14,80,Normal
2026-02-08 02:21:07.250291,London-2cfb,-17,86,Normal
2026-02-08 02:21:08.250291,London-2cfb,13,0,Normal
2026-02-08 02:21:09.250291,London-2cfb,8,3,Normal
2026-02-08 02:21:10.250291,London-2cfb,14,18,Normal
2026-02-08 02:21:11.250291,London-2cfb,40,73,Normal
2026-02-08 02:21:12.250291,London-2cfb,-11,65,Normal
2026-02-08 02:21:13.250291,London-2cfb,37,50,Normal
2026-02-08 02:21:14.250291,London-2cfb,-7,44,Normal
2026-02-08 02:21:15.250291,London-2cfb,-12,53,Normal
2026-02-08 02:21:16.250291,London-2cfb,-25,41,Normal
2026-02-08 02:21:17.250291,London-2cfb,36,55,Normal
2026-02-08 02:21:18.250291,London-2cfb,-9,11,Normal
2026-02-08 02:21:19.250291,London-2cfb,-18,19,Normal
2026-02-08 02:21:20.250291,London-2cfb,30,18,Normal
2026-02-08 02:21:21.250291,London-2cfb,6,6,Normal
2026-02-08 02:21:22.250291,London-2cfb,-10,5,Normal
2026-02-08 02:21:23.250291,London-2cfb,40,43,Normal
2026-02-08 02:21:24.250291,London-2cfb,2,72,Normal
2026-02-08 02:21:25.250291,London-2cfb,9,1,Normal
2026-02-08 02:21:26.250291,London-2cfb,47,32,Normal
2026-02-08 02:21:27.250291,London-2cfb,32,70,Normal
2026-02-08 02:21:28.250291,London-2cfb,16,99,Normal
2026-02-08 02:21:29.250291,London-2cfb,11,21,Normal
2026-02-08 02:21:30.250291,London-2cfb,-21,92,Normal
2026-02-08 02:21:31.250291,London-2cfb,-19,45,Normal
2026-02-08 02:21:32.250291,London-2cfb,-29,18,Normal
2026-02-08 02:21:33.250291,London-2cfb,35,23,Normal
2026-02-08 02:21:34.250291,London-2cfb,-18,5,Normal
2026-02-08 02:21:35.250291,London-2cfb,-13,89,Normal
2026-02-08 02:21:36.250291,London-2cfb,20,6,Normal
2026-02-08 02:21:37.250291,London-2cfb,-9,98,Normal
2026-02-08 02:21:38.250291,London-2cfb,8,97,Normal
2026-02-08 02:21:39.250291,London-2cfb,21,31,Normal
2026-02-08 02:21:40.250291,London-2cfb,25,57,Normal
2026-02-08 02:21:41.250291,London-2cfb,-7,49,Normal
2026-02-08 02:21:42.250291,London-2cfb,-13,3,Normal
2026-02-08 02:21:43.250291,London-2cfb,49,78,Normal
2026-02-08 02:21:44.250291,London-2cfb,-28,69,Normal
2026-02-08 02:21:45.250291,London-2cfb,9,46,Normal
2026-02-08 02:21:46.250291,London-2cfb,-20,2,Normal
2026-02-08 02:21:47.250291,London-2cfb,-18,45,Normal
2026-02-08 02:21:48.250291,London-2cfb,1,20,Normal
2026-02-08 02:21:49.250291,London-2cfb,30,63,Normal
2026-02-08 02:21:50.250291,London-2cfb,19,23,Normal
2026-02-08 02:21:51.250291,London-2cfb,27,80,Normal
2026-02-08 02:21:52.250291,London-2cfb,-21,36,Normal
2026-02-08 02:21:53.250291,London-2cfb,-14,85,Normal
2026-02-08 02:21:54.250291,London-2cfb,30,35,Normal
2026-02-08 02:21:55.250291,London-2cfb,48,24,Normal
2026-02-08 02:21:56.250291,London-2cfb,46,98,Normal
2026-02-08 02:21:57.250291,London-2cfb,-1,41,Normal
2026-02-08 02:21:58.250291,London-2cfb,-23,11,Normal
2026-02-08 02:21:59.250291,London-2cfb,4,47,Normal
2026-02-08 02:22:00.250291,London-2cfb,33,77,Normal
2026-02-08 02:22:01.250291,London-2cfb,-3,92,Normal
2026-02-08 02:22:02.250291,London-2cfb,28,53,Normal
2026-02-08 02:22:03.250291,London-2cfb,48,88,Normal
2026-02-08 02:22:04.250291,London-2cfb,-19,23,Normal
2026-02-08 02:22:05.250291,London-2cfb,-29,89,Normal
2026-02-08 02:22:06.250291,London-2cfb,-24,11,Normal
2026-02-08 02:22:07.250291,London-2cfb,43,92,Normal
2026-02-08 02:22:08.250291,London-2cfb,33,46,Normal
2026-02-08 02:22:09.250291,London-2cfb,21,5,Normal
2026-02-08 02:22:10.250291,London-2cfb,-24,51,Normal
2026-02-08 02:22:11.250291,London-2cfb,-13,46,Normal
2026-02-08 02:22:12.250291,London-2cfb,-10,24,Normal
2026-02-08 02:22:13.250291,London-2cfb,7,47,Normal
2026-02-08 02:22:14.250291,London-2cfb,-15,92,Normal
2026-02-08 02:22:15.250291,London-2cfb,38,93,Normal
2026-02-08 02:22:16.250291,London-2cfb,-5,11,Normal
2026-02-08 02:22:17.250291,London-2cfb,35,22,Normal
2026-02-08 02:22:18.250291,London-2cfb,46,80,Normal
2026-02-08 02:22:19.250291,London-2cfb,28,60,Normal
2026-02-08 02:22:20.250291,London-2cfb,-6,98,Normal
2026-02-08 02:22:21.250291,London-2cfb,12,32,Normal
2026-02-08 02:22:22.250291,London-2cfb,-25,72,Normal
2026-02-08 02:22:23.250291,London-2cfb,42,78,Normal
2026-02-08 02:22:24.250291,London-2cfb,-18,14,Normal
2026-02-08 02:22:25.250291,London-2cfb,-12,8,Normal
2026-02-08 02:22:26.250291,London-2cfb,42,22,Normal
2026-02-08 02:22:27.250291,London-2cfb,10,46,Normal
2026-02-08 02:22:28.250291,London-2cfb,-16,90,Normal
2026-02-08 02:22:29.250291,London-2cfb,16,68,Normal
2026-02-08 02:22:30.250291,London-2cfb,16,85,Normal
2026-02-08 02:22:31.250291,London-2cfb,44,93,Normal
2026-02-08 02:22:32.250291,London-2cfb,-4,61,Normal
2026-02-08 02:22:33.250291,London-2cfb,-2,86,Normal
2026-02-08 02:22:34.250291,London-2cfb,-24,66,Normal
2026-02-08 02:22:35.250291,London-2cfb,-23,57,Normal
2026-02-08 02:22:36.250291,London-2cfb,39,34,Normal
2026-02-08 02:22:37.250291,London-2cfb,-17,34,Normal
2026-02-08 02:22:38.250291,London-2cfb,-5,51,Normal
2026-02-08 02:22:39.250291,London-2cfb,48,35,Normal
2026-02-08 02:22:40.250291,London-2cfb,-2,43,Normal
2026-02-08 02:22:41.250291,London-2cfb,18,22,Normal
2026-02-08 02:22:42.250291,London-2cfb,40,33,Normal
2026-02-08 02:22:43.250291,London-2cfb,-21,11,Normal
2026-02-08 02:22:44.250291,London-2cfb,30,23,Normal
2026-02-08 02:22:45.250291,London-2cfb,-13,37,Normal
2026-02-08 02:22:46.250291,London-2cfb,13,56,Normal
2026-02-08 02:22:47.250291,London-2cfb,-7,2,Normal
2026-02-08 02:22:48.250291,London-2cfb,39,18,Normal
2026-02-08 02:22:49.250291,London-2cfb,-23,32,Normal
2026-02-08 02:22:50.250291,London-2cfb,5,83,Normal
2026-02-08 02:22:51.250291,London-2cfb,-25,25,Normal
2026-02-08 02:22:52.250291,London-2cfb,-15,26,Normal
2026-02-08 02:22:53.250291,London-2cfb,-12,47,Normal
2026-02-08 02:22:54.250291,London-2cfb,-17,99,Normal
2026-02-08 02:22:55.250291,London-2cfb,-16,51,Normal
2026-02-08 02:22:56.250291,London-2cfb,26,32,Normal
2026-02-08 02:22:57.250291,London-2cfb,23,75,Normal
2026-02-08 02:22:58.250291,London-2cfb,-20,52,Normal
2026-02-08 02:22:59.250291,London-2cfb,20,13,Normal
2026-02-08 02:23:00.250291,London-2cfb,48,8,Normal
2026-02-08 02:23:01.250291,London-2cfb,-27,97,Normal
2026-02-08 02:23:02.250291,London-2cfb,-25,81,Normal
2026-02-08 02:23:03.250291,London-2cfb,-11,94,Normal
2026-02-08 02:23:04.250291,London-2cfb,5,85,Normal
2026-02-08 02:23:05.250291,London-2cfb,17,33,Normal
2026-02-08 02:23:06.250291,London-2cfb,-25,82,Normal
2026-02-08 02:23:07.250291,London-2cfb,-2,28,Normal
2026-02-08 02:23:08.250291,London-2cfb,42,40,Normal
2026-02-08 02:23:09.250291,London-2cfb,-17,26,Normal
2026-02-08 02:23:10.250291,London-2cfb,32,33,Normal
2026-02-08 02:23:11.250291,London-2cfb,18,34,Normal
2026-02-08 02:23:12.250291,London-2cfb,33,52,Normal
2026-02-08 02:23:13.250291,London-2cfb,45,93,Normal
2026-02-08 02:23:14.250291,London-2cfb,29,68,Normal
2026-02-08 02:23:15.250291,London-2cfb,13,18,Normal
2026-02-08 02:23:16.250291,London-2cfb,46,58,Normal
2026-02-08 02:23:17.250291,London-2cfb,12,66,Normal
2026-02-08 02:23:18.250291,London-2cfb,-21,19,Normal
2026-02-08 02:23:19.250291,London-2cfb,1,83,Normal
2026-02-08 02:23:20.250291,London-2cfb,-10,12,Normal
2026-02-08 02:23:21.250291,London-2cfb,34,28,Normal
2026-02-08 02:23:22.250291,London-2cfb,37,70,Normal
2026-02-08 02:23:23.250291,London-2cfb,8,28,Normal
2026-02-08 02:23:24.250291,London-2cfb,7,12,Normal
2026-02-08 02:23:25.250291,London-2cfb,21,21,Normal
2026-02-08 02:23:26.250291,London-2cfb,29,71,Normal
2026-02-08 02:23:27.250291,London-2cfb,-21,25,Normal
2026-02-08 02:23:28.250291,London-2cfb,41,18,Normal
2026-02-08 02:23:29.250291,London-2cfb,-11,11,Normal
2026-02-08 02:23:30.250291,London-2cfb,5,2,Normal
2026-02-08 02:23:31.250291,London-2cfb,5,35,Normal
2026-02-08 02:23:32.250291,London-2cfb,-23,24,Normal
2026-02-08 02:23:33.250291,London-2cfb,39,99,Normal
2026-02-08 02:23:34.250291,London-2cfb,21,19,Normal
2026-02-08 02:23:35.250291,London-2cfb,35,99,Normal
2026-02-08 02:23:36.250291,London-2cfb,47,79,Normal
2026-02-08 02:23:37.250291,London-2cfb,22,97,Normal
2026-02-08 02:23:38.250291,London-2cfb,30,58,Normal
2026-02-08 02:23:39.250291,London-2cfb,6,97,Normal
2026-02-08 02:23:40.250291,London-2cfb,13,51,Normal
2026-02-08 02:23:41.250291,London-2cfb,38,50,Normal
2026-02-08 02:23:42.250291,London-2cfb,-19,47,Normal
2026-02-08 02:23:43.250291,London-2cfb,14,23,Normal
2026-02-08 02:23:44.250291,London-2cfb,21,37,Normal
2026-02-08 02:23:45.250291,London-2cfb,35,28,Normal
2026-02-08 02:23:46.250291,London-2cfb,48,63,Normal
2026-02-08 02:23:47.250291,London-2cfb,-9,15,Normal
2026-02-08 02:23:48.250291,London-2cfb,0,45,Normal
2026-02-08 02:23:49.250291,London-2cfb,-12,36,Normal
2026-02-08 02:23:50.250291,London-2cfb,28,100,Normal
2026-02-08 02:23:51.250291,London-2cfb,48,24,Normal
2026-02-08 02:23:52.250291,London-2cfb,37,22,Normal
2026-02-08 02:23:53.250291,London-2cfb,-6,47,Normal
2026-02-08 02:23:54.250291,London-2cfb,-24,87,Normal
2026-02-08 02:23:55.250291,London-2cfb,-20,71,Normal
2026-02-08 02:23:56.250291,London-2cfb,-14,43,Normal
2026-02-08 02:23:57.250291,London-2cfb,22,67,Normal
2026-02-08 02:23:58.250291,London-2cfb,32,73,Normal
2026-02-08 02:23:59.250291,London-2cfb,1,100,Normal
2026-02-08 02:24:00.250291,London-2cfb,-16,49,Normal
2026-02-08 02:24:01.250291,London-2cfb,-21,44,Normal
2026-02-08 02:24:02.250291,London-2cfb,1,62,Normal
2026-02-08 02:24:03.250291,London-2cfb,-19,95,Normal
2026-02-08 02:24:04.250291,London-2cfb,-30,41,Normal
2026-02-08 02:24:05.250291,London-2cfb,-3,51,Normal
2026-02-08 02:24:06.250291,London-2cfb,38,61,Normal
2026-02-08 02:24:07.250291,London-2cfb,-26,66,Normal
2026-02-08 02:24:08.250291,London-2cfb,7,36,Normal
2026-02-08 02:24:09.250291,London-2cfb,20,87,Normal
2026-02-08 02:24:10.250291,London-2cfb,13,99,Normal
2026-02-08 02:24:11.250291,London-2cfb,-28,81,Normal
2026-02-08 02:24:12.250291,London-2cfb,44,100,Normal
2026-02-08 02:24:13.250291,London-2cfb,-21,58,Normal
2026-02-08 02:24:14.250291,London-2cfb,9,81,Normal
2026-02-08 02:24:15.250291,London-2cfb,-13,77,Normal
2026-02-08 02:24:16.250291,London-2cfb,15,95,Normal
2026-02-08 02:24:17.250291,London-2cfb,-11,100,Normal
2026-02-08 02:24:18.250291,London-2cfb,-14,51,Normal
2026-02-08 02:24:19.250291,London-2cfb,4,1,Normal
2026-02-08 02:24:20.250291,London-2cfb,-27,43,Normal
2026-02-08 02:24:21.250291,London-2cfb,41,35,Normal
2026-02-08 02:24:22.250291,London-2cfb,17,5,Normal
2026-02-08 02:24:23.250291,London-2cfb,-6,98,Normal
2026-02-08 02:24:24.250291,London-2cfb,-9,76,Normal
2026-02-08 02:24:25.250291,London-2cfb,-12,16,Normal
2026-02-08 02:24:26.250291,London-2cfb,-16,81,Normal
2026-02-08 02:24:27.250291,London-2cfb,29,85,Normal
2026-02-08 02:24:28.250291,London-2cfb,11,17,Normal
2026-02-08 02:24:29.250291,London-2cfb,17,52,Normal
2026-02-08 02:24:30.250291,London-2cfb,-11,73,Normal
2026-02-08 02:24:31.250291,London-2cfb,-8,73,Normal
2026-02-08 02:24:32.250291,London-2cfb,-26,32,Normal
2026-02-08 02:24:33.250291,London-2cfb,46,24,Normal
2026-02-08 02:24:34.250291,London-2cfb,0,77,Normal
2026-02-08 02:24:35.250291,London-2cfb,-1,6,Normal
2026-02-08 02:24:36.250291,London-2cfb,-3,61,Normal
2026-02-08 02:24:37.250291,London-2cfb,-5,35,Normal
2026-02-08 02:24:38.250291,London-2cfb,32,68,Normal
2026-02-08 02:24:39.250291,London-2cfb,-4,76,Normal
2026-02-08 02:24:40.250291,London-2cfb,-9,90,Normal
2026-02-08 02:24:41.250291,London-2cfb,36,34,Normal
2026-02-08 02:24:42.250291,London-2cfb,-17,52,Normal
2026-02-08 02:24:43.250291,London-2cfb,18,53,Normal
2026-02-08 02:24:44.250291,London-2cfb,-25,58,Normal
2026-02-08 02:24:45.250291,London-2cfb,-8,60,Normal
2026-02-08 02:24:46.250291,London-2cfb,4,32,Normal
2026-02-08 02:24:47.250291,London-2cfb,-19,85,Normal
2026-02-08 02:24:48.250291,London-2cfb,45,98,Normal
2026-02-08 02:24:49.250291,London-2cfb,47,83,Normal
2026-02-08 02:24:50.250291,London-2cfb,41,82,Normal
2026-02-08 02:24:51.250291,London-2cfb,-6,91,Normal
2026-02-08 02:24:52.250291,London-2cfb,22,5,Normal
2026-02-08 02:24:53.250291,London-2cfb,42,62,Normal
2026-02-08 02:24:54.250291,London-2cfb,49,12,Normal
2026-02-08 02:24:55.250291,London-2cfb,20,66,Normal
2026-02-08 02:24:56.250291,London-2cfb,1,12,Normal
2026-02-08 02:24:57.250291,London-2cfb,-7,60,Normal
2026-02-08 02:24:58.250291,London-2cfb,45,2,Normal
2026-02-08 02:24:59.250291,London-2cfb,11,18,Normal
2026-02-08 02:25:00.250291,London-2cfb,4,74,Normal
2026-02-08 02:25:01.250291,London-2cfb,23,90,Normal
2026-02-08 02:25:02.250291,London-2cfb,17,44,Normal
2026-02-08 02:25:03.250291,London-2cfb,-10,86,Normal
2026-02-08 02:25:04.250291,London-2cfb,44,30,Normal
2026-02-08 02:25:05.250291,London-2cfb,-23,76,Normal
2026-02-08 02:25:06.250291,London-2cfb,37,99,Normal
2026-02-08 02:25:07.250291,London-2cfb,-3,60,Normal
2026-02-08 02:25:08.250291,London-2cfb,22,5,Normal
2026-02-08 02:25:09.250291,London-2cfb,14,62,Normal
2026-02-08 02:25:10.250291,London-2cfb,3,21,Normal
2026-02-08 02:25:11.250291,London-2cfb,22,18,Normal
2026-02-08 02:25:12.250291,London-2cfb,39,8,Normal
2026-02-08 02:25:13.250291,London-2cfb,29,87,Normal
2026-02-08 02:25:14.250291,London-2cfb,-27,57,Normal
2026-02-08 02:25:15.250291,London-2cfb,41,32,Normal
2026-02-08 02:25:16.250291,London-2cfb,-11,87,Normal
2026-02-08 02:25:17.250291,London-2cfb,30,31,Normal
2026-02-08 02:25:18.250291,London-2cfb,11,86,Normal
2026-02-08 02:25:19.250291,London-2cfb,-19,93,Normal
2026-02-08 02:25:20.250291,London-2cfb,-3,81,Normal
2026-02-08 02:25:21.250291,London-2cfb,-7,98,Normal
2026-02-08 02:25:22.250291,London-2cfb,24,93,Normal
2026-02-08 02:25:23.250291,London-2cfb,-20,27,Normal
2026-02-08 02:25:24.250291,London-2cfb,-8,43,Normal
2026-02-08 02:25:25.250291,London-2cfb,-5,38,Normal
2026-02-08 02:25:26.250291,London-2cfb,28,98,Normal
2026-02-08 02:25:27.250291,London-2cfb,4,53,Normal
2026-02-08 02:25:28.250291,London-2cfb,44,49,Normal
2026-02-08 02:25:29.250291,London-2cfb,-19,37,Normal
2026-02-08 02:25:30.250291,London-2cfb,40,31,Normal
2026-02-08 02:25:31.250291,London-2cfb,-2,81,Normal
2026-02-08 02:25:32.250291,London-2cfb,33,44,Normal
2026-02-08 02:25:33.250291,London-2cfb,35,16,Normal
2026-02-08 02:25:34.250291,London-2cfb,15,0,Normal
2026-02-08 02:25:35.250291,London-2cfb,-18,90,Normal
2026-02-08 02:25:36.250291,London-2cfb,38,29,Normal
2026-02-08 02:25:37.250291,London-2cfb,-7,26,Normal
2026-02-08 02:25:38.250291,London-2cfb,36,33,Normal
2026-02-08 02:25:39.250291,London-2cfb,7,52,Normal
2026-02-08 02:25:40.250291,London-2cfb,28,96,Normal
2026-02-08 02:25:41.250291,London-2cfb,42,7,Normal
2026-02-08 02:25:42.250291,London-2cfb,29,65,Normal
2026-02-08 02:25:43.250291,London-2cfb,2,46,Normal
2026-02-08 02:25:44.250291,London-2cfb,-21,70,Normal
2026-02-08 02:25:45.250291,London-2cfb,-17,76,Normal
2026-02-08 02:25:46.250291,London-2cfb,-6,18,Normal
2026-02-08 02:25:47.250291,London-2cfb,-5,94,Normal
2026-02-08 02:25:48.250291,London-2cfb,-3,65,Normal
2026-02-08 02:25:49.250291,London-2cfb,30,83,Normal
2026-02-08 02:25:50.250291,London-2cfb,-24,3,Normal
2026-02-08 02:25:51.250291,London-2cfb,10,69,Normal
2026-02-08 02:25:52.250291,London-2cfb,-19,42,Normal
2026-02-08 02:25:53.250291,London-2cfb,15,24,Normal
2026-02-08 02:25:54.250291,London-2cfb,29,33,Normal
2026-02-08 02:25:55.250291,London-2cfb,-17,13,Normal
2026-02-08 02:25:56.250291,London-2cfb,8,93,Normal
2026-02-08 02:25:57.250291,London-2cfb,-5,8,Normal
2026-02-08 02:25:58.250291,London-2cfb,47,81,Normal
2026-02-08 02:25:59.250291,London-2cfb,3,73,Normal
2026-02-08 02:26:00.250291,London-2cfb,37,25,Normal
2026-02-08 02:26:01.250291,London-2cfb,41,87,Normal
2026-02-08 02:26:02.250291,London-2cfb,-7,62,Normal
2026-02-08 02:26:03.250291,London-2cfb,0,18,Normal
2026-02-08 02:26:04.250291,London-2cfb,0,84,Normal
2026-02-08 02:26:05.250291,London-2cfb,0,88,Normal
2026-02-08 02:26:06.250291,London-2cfb,0,40,Normal
2026-02-08 02:26:07.250291,London-2cfb,5,39,Normal
2026-02-08 02:26:08.250291,London-2cfb,34,66,Normal
2026-02-08 02:26:09.250291,London-2cfb,-5,82,Normal
2026-02-08 02:26:10.250291,London-2cfb,17,10,Normal
2026-02-08 02:26:11.250291,London-2cfb,36,90,Normal
2026-02-08 02:26:12.250291,London-2cfb,4,97,Normal
2026-02-08 02:26:13.250291,London-2cfb,-30,39,Normal
2026-02-08 02:26:14.250291,London-2cfb,-20,13,Normal
2026-02-08 02:26:15.250291,London-2cfb,18,31,Normal
2026-02-08 02:26:16.250291,London-2cfb,21,52,Normal
2026-02-08 02:26:17.250291,London-2cfb,16,67,Normal
2026-02-08 02:26:18.250291,London-2cfb,-24,54,Normal
2026-02-08 02:26:19.250291,London-2cfb,-30,85,Normal
2026-02-08 02:26:20.250291,London-2cfb,39,77,Normal
2026-02-08 02:26:21.250291,London-2cfb,4,25,Normal
2026-02-08 02:26:22.250291,London-2cfb,4,1,Normal
2026-02-08 02:26:23.250291,London-2cfb,-1,93,Normal
2026-02-08 02:26:24.250291,London-2cfb,42,38,Normal
2026-02-08 02:26:25.250291,London-2cfb,-25,73,Normal
2026-02-08 02:26:26.250291,London-2cfb,35,52,Normal
2026-02-08 02:26:27.250291,London-2cfb,35,88,Normal
2026-02-08 02:26:28.250291,London-2cfb,-26,29,Normal
2026-02-08 02:26:29.250291,London-2cfb,8,38,Normal
2026-02-08 02:26:30.250291,London-2cfb,36,67,Normal
2026-02-08 02:26:31.250291,London-2cfb,34,78,Normal
2026-02-08 02:26:32.250291,London-2cfb,48,89,Normal
2026-02-08 02:26:33.250291,London-2cfb,50,54,Normal
2026-02-08 02:26:34.250291,London-2cfb,1,21,Normal
2026-02-08 02:26:35.250291,London-2cfb,42,1,Normal
2026-02-08 02:26:36.250291,London-2cfb,40,49,Normal
2026-02-08 02:26:37.250291,London-2cfb,5,52,Normal
2026-02-08 02:26:38.250291,London-2cfb,-26,4,Normal
2026-02-08 02:26:39.250291,London-2cfb,-1,15,Normal
2026-02-08 02:26:40.250291,London-2cfb,45,43,Normal
2026-02-08 02:26:41.250291,London-2cfb,-24,43,Normal
2026-02-08 02:26:42.250291,London-2cfb,7,31,Normal
2026-02-08 02:26:43.250291,London-2cfb,41,64,Normal
2026-02-08 02:26:44.250291,London-2cfb,-7,17,Normal
2026-02-08 02:26:45.250291,London-2cfb,36,74,Normal
2026-02-08 02:26:46.250291,London-2cfb,41,39,Normal
2026-02-08 02:26:47.250291,London-2cfb,43,29,Normal
2026-02-08 02:26:48.250291,London-2cfb,-20,88,Normal
2026-02-08 02:26:49.250291,London-2cfb,19,63,Normal
2026-02-08 02:26:50.250291,London-2cfb,27,74,Normal
2026-02-08 02:26:51.250291,London-2cfb,50,47,Normal
2026-02-08 02:26:52.250291,London-2cfb,24,34,Normal
2026-02-08 02:26:53.250291,London-2cfb,-8,42,Normal
2026-02-08 02:26:54.250291,London-2cfb,-11,35,Normal
2026-02-08 02:26:55.250291,London-2cfb,-7,97,Normal
2026-02-08 02:26:56.250291,London-2cfb,-14,28,Normal
2026-02-08 02:26:57.250291,London-2cfb,-25,76,Normal
2026-02-08 02:26:58.250291,London-2cfb,41,70,Normal
2026-02-08 02:26:59.250291,London-2cfb,33,52,Normal
2026-02-08 02:27:00.250291,London-2cfb,50,74,Normal
2026-02-08 02:27:01.250291,London-2cfb,2,58,Normal
2026-02-08 02:27:02.250291,London-2cfb,13,8,Normal
2026-02-08 02:27:03.250291,London-2cfb,-24,6,Normal
2026-02-08 02:27:04.250291,London-2cfb,37,80,Normal
2026-02-08 02:27:05.250291,London-2cfb,-3,4,Normal
2026-02-08 02:27:06.250291,London-2cfb,17,92,Normal
2026-02-08 02:27:07.250291,London-2cfb,30,98,Normal
2026-02-08 02:27:08.250291,London-2cfb,20,86,Normal
2026-02-08 02:27:09.250291,London-2cfb,49,33,Normal
2026-02-08 02:27:10.250291,London-2cfb,20,15,Normal
2026-02-08 02:27:11.250291,London-2cfb,-29,95,Normal
2026-02-08 02:27:12.250291,London-2cfb,35,17,Normal
2026-02-08 02:27:13.250291,London-2cfb,45,92,Normal
2026-02-08 02:27:14.250291,London-2cfb,-3,48,Normal
2026-02-08 02:27:15.250291,London-2cfb,28,63,Normal
2026-02-08 02:27:16.250291,London-2cfb,-29,75,Normal
2026-02-08 02:27:17.250291,London-2cfb,4,20,Normal
2026-02-08 02:27:18.250291,London-2cfb,46,1,Normal
2026-02-08 02:27:19.250291,London-2cfb,19,37,Normal
2026-02-08 02:27:20.250291,London-2cfb,47,59,Normal
2026-02-08 02:27:21.250291,London-2cfb,-26,79,Normal
2026-02-08 02:27:22.250291,London-2cfb,-28,80,Normal
2026-02-08 02:27:23.250291,London-2cfb,-10,35,Normal
2026-02-08 02:27:24.250291,London-2cfb,33,69,Normal
2026-02-08 02:27:25.250291,London-2cfb,26,55,Normal
2026-02-08 02:27:26.250291,London-2cfb,-22,76,Normal
2026-02-08 02:27:27.250291,London-2cfb,24,83,Normal
2026-02-08 02:27:28.250291,London-2cfb,-2,74,Normal
2026-02-08 02:27:29.250291,London-2cfb,-16,24,Normal
2026-02-08 02:27:30.250291,London-2cfb,20,81,Normal
2026-02-08 02:27:31.250291,London-2cfb,27,30,Normal
2026-02-08 02:27:32.250291,London-2cfb,45,65,Normal
2026-02-08 02:27:33.250291,London-2cfb,29,9,Normal
2026-02-08 02:27:34.250291,London-2cfb,-27,61,Normal
2026-02-08 02:27:35.250291,London-2cfb,-24,64,Normal
2026-02-08 02:27:36.250291,London-2cfb,6,51,Normal
2026-02-08 02:27:37.250291,London-2cfb,45,10,Normal
2026-02-08 02:27:38.250291,London-2cfb,-7,12,Normal
2026-02-08 02:27:39.250291,London-2cfb,31,47,Normal
2026-02-08 02:27:40.250291,London-2cfb,-6,13,Normal
2026-02-08 02:27:41.250291,London-2cfb,33,25,Normal
2026-02-08 02:27:42.250291,London-2cfb,42,29,Normal
2026-02-08 02:27:43.250291,London-2cfb,32,91,Normal
2026-02-08 02:27:44.250291,London-2cfb,1,42,Normal
2026-02-08 02:27:45.250291,London-2cfb,-28,32,Normal
2026-02-08 02:27:46.250291,London-2cfb,45,45,Normal
2026-02-08 02:27:47.250291,London-2cfb,-29,20,Normal
2026-02-08 02:27:48.250291,London-2cfb,8,57,Normal
2026-02-08 02:27:49.250291,London-2cfb,29,14,Normal
2026-02-08 02:27:50.250291,London-2cfb,-23,47,Normal
2026-02-08 02:27:51.250291,London-2cfb,17,74,Normal
2026-02-08 02:27:52.250291,London-2cfb,43,12,Normal
2026-02-08 02:27:53.250291,London-2cfb,-9,46,Normal
2026-02-08 02:27:54.250291,London-2cfb,-15,11,Normal
2026-02-08 02:27:55.250291,London-2cfb,-13,94,Normal
2026-02-08 02:27:56.250291,London-2cfb,-30,80,Normal
2026-02-08 02:27:57.250291,London-2cfb,-25,41,Normal
2026-02-08 02:27:58.250291,London-2cfb,38,74,Normal
2026-02-08 02:27:59.250291,London-2cfb,-2,61,Normal
2026-02-08 02:28:00.250291,London-2cfb,8,67,Normal
2026-02-08 02:28:01.250291,London-2cfb,14,51,Normal
2026-02-08 02:28:02.250291,London-2cfb,-11,25,Normal
2026-02-08 02:28:03.250291,London-2cfb,-5,90,Normal
2026-02-08 02:28:04.250291,London-2cfb,37,3,Normal
2026-02-08 02:28:05.250291,London-2cfb,36,92,Normal
2026-02-08 02:28:06.250291,London-2cfb,29,35,Normal
2026-02-08 02:28:07.250291,London-2cfb,29,62,Normal
2026-02-08 02:28:08.250291,London-2cfb,41,70,Normal
2026-02-08 02:28:09.250291,London-2cfb,29,12,Normal
2026-02-08 02:28:10.250291,London-2cfb,47,59,Normal
2026-02-08 02:28:11.250291,London-2cfb,-22,65,Normal
2026-02-08 02:28:12.250291,London-2cfb,41,5,Normal
2026-02-08 02:28:13.250291,London-2cfb,-17,15,Normal
2026-02-08 02:28:14.250291,London-2cfb,1,93,Normal
2026-02-08 02:28:15.250291,London-2cfb,-5,37,Normal
2026-02-08 02:28:16.250291,London-2cfb,27,3,Normal
2026-02-08 02:28:17.250291,London-2cfb,8,91,Normal
2026-02-08 02:28:18.250291,London-2cfb,14,23,Normal
2026-02-08 02:28:19.250291,London-2cfb,-16,15,Normal
2026-02-08 02:28:20.250291,London-2cfb,-27,61,Normal
2026-02-08 02:28:21.250291,London-2cfb,24,21,Normal
2026-02-08 02:28:22.250291,London-2cfb,4,72,Normal
2026-02-08 02:28:23.250291,London-2cfb,-25,43,Normal
2026-02-08 02:28:24.250291,London-2cfb,49,83,Normal
2026-02-08 02:28:25.250291,London-2cfb,43,54,Normal
2026-02-08 02:28:26.250291,London-2cfb,-23,61,Normal
2026-02-08 02:28:27.250291,London-2cfb,12,19,Normal
2026-02-08 02:28:28.250291,London-2cfb,-9,8,Normal
2026-02-08 02:28:29.250291,London-2cfb,37,4,Normal
2026-02-08 02:28:30.250291,London-2cfb,44,39,Normal
2026-02-08 02:28:31.250291,London-2cfb,12,74,Normal
2026-02-08 02:28:32.250291,London-2cfb,10,73,Normal
2026-02-08 02:28:33.250291,London-2cfb,48,69,Normal
2026-02-08 02:28:34.250291,London-2cfb,32,76,Normal
2026-02-08 02:28:35.250291,London-2cfb,27,70,Normal
2026-02-08 02:28:36.250291,London-2cfb,9,28,Normal
2026-02-08 02:28:37.250291,London-2cfb,8,11,Normal
2026-02-08 02:28:38.250291,London-2cfb,26,41,Normal
2026-02-08 02:28:39.250291,London-2cfb,18,93,Normal
2026-02-08 02:28:40.250291,London-2cfb,-6,24,Normal
2026-02-08 02:28:41.250291,London-2cfb,9,96,Normal
2026-02-08 02:28:42.250291,London-2cfb,42,89,Normal
2026-02-08 02:28:43.250291,London-2cfb,29,70,Normal
2026-02-08 02:28:44.250291,London-2cfb,11,25,Normal
2026-02-08 02:28:45.250291,London-2cfb,-28,78,Normal
2026-02-08 02:28:46.250291,London-2cfb,-1,80,Normal
2026-02-08 02:28:47.250291,London-2cfb,5,98,Normal
2026-02-08 02:28:48.250291,London-2cfb,17,80,Normal
2026-02-08 02:28:49.250291,London-2cfb,41,45,Normal
2026-02-08 02:28:50.250291,London-2cfb,47,98,Normal
2026-02-08 02:28:51.250291,London-2cfb,-19,80,Normal
2026-02-08 02:28:52.250291,London-2cfb,16,7,Normal
2026-02-08 02:28:53.250291,London-2cfb,6,89,Normal
2026-02-08 02:28:54.250291,London-2cfb,-27,62,Normal
2026-02-08 02:28:55.250291,London-2cfb,-28,59,Normal
2026-02-08 02:28:56.250291,London-2cfb,-29,5,Normal
2026-02-08 02:28:57.250291,London-2cfb,31,94,Normal
2026-02-08 02:28:58.250291,London-2cfb,40,16,Normal
2026-02-08 02:28:59.250291,London-2cfb,7,42,Normal
2026-02-08 02:29:00.250291,London-2cfb,24,35,Normal
2026-02-08 02:29:01.250291,London-2cfb,6,48,Normal
2026-02-08 02:29:02.250291,London-2cfb,19,29,Normal
2026-02-08 02:29:03.250291,London-2cfb,25,51,Normal
2026-02-08 02:29:04.250291,London-2cfb,10,44,Normal
2026-02-08 02:29:05.250291,London-2cfb,21,99,Normal
2026-02-08 02:29:06.250291,London-2cfb,50,16,Normal
2026-02-08 02:29:07.250291,London-2cfb,46,48,Normal
2026-02-08 02:29:08.250291,London-2cfb,-12,78,Normal
2026-02-08 02:29:09.250291,London-2cfb,-12,55,Normal
2026-02-08 02:29:10.250291,London-2cfb,30,38,Normal
2026-02-08 02:29:11.250291,London-2cfb,-9,15,Normal
2026-02-08 02:29:12.250291,London-2cfb,40,58,Normal
2026-02-08 02:29:13.250291,London-2cfb,-5,50,Normal
2026-02-08 02:29:14.250291,London-2cfb,4,5,Normal
2026-02-08 02:29:15.250291,London-2cfb,-18,69,Normal
2026-02-08 02:29:16.250291,London-2cfb,19,75,Normal
2026-02-08 02:29:17.250291,London-2cfb,16,36,Normal
2026-02-08 02:29:18.250291,London-2cfb,31,91,Normal
2026-02-08 02:29:19.250291,London-2cfb,-21,60,Normal
2026-02-08 02:29:20.250291,London-2cfb,5,55,Normal
2026-02-08 02:29:21.250291,London-2cfb,28,22,Normal
2026-02-08 02:29:22.250291,London-2cfb,15,30,Normal
2026-02-08 02:29:23.250291,London-2cfb,0,60,Normal
2026-02-08 02:29:24.250291,London-2cfb,15,1,Normal
2026-02-08 02:29:25.250291,London-2cfb,27,18,Normal
2026-02-08 02:29:26.250291,London-2cfb,46,21,Normal
2026-02-08 02:29:27.250291,London-2cfb,5,5,Normal
2026-02-08 02:29:28.250291,London-2cfb,15,45,Normal
2026-02-08 02:29:29.250291,London-2cfb,38,39,Normal
2026-02-08 02:29:30.250291,London-2cfb,48,6,Normal
2026-02-08 02:29:31.250291,London-2cfb,43,50,Normal
2026-02-08 02:29:32.250291,London-2cfb,35,16,Normal
2026-02-08 02:29:33.250291,London-2cfb,24,32,Normal
2026-02-08 02:29:34.250291,London-2cfb,44,36,Normal
2026-02-08 02:29:35.250291,London-2cfb,37,73,Normal
2026-02-08 02:29:36.250291,London-2cfb,1,28,Normal
2026-02-08 02:29:37.250291,London-2cfb,47,49,Normal
2026-02-08 02:29:38.250291,London-2cfb,48,77,Normal
2026-02-08 02:29:39.250291,London-2cfb,19,98,Normal
2026-02-08 02:29:40.250291,London-2cfb,-6,73,Normal
2026-02-08 02:29:41.250291,London-2cfb,8,90,Normal
2026-02-08 02:29:42.250291,London-2cfb,28,53,Normal
2026-02-08 02:29:43.250291,London-2cfb,24,25,Normal
2026-02-08 02:29:44.250291,London-2cfb,33,94,Normal
2026-02-08 02:29:45.250291,London-2cfb,43,23,Normal
2026-02-08 02:29:46.250291,London-2cfb,49,81,Normal
2026-02-08 02:29:47.250291,London-2cfb,-16,78,Normal
2026-02-08 02:29:48.250291,London-2cfb,5,0,Normal
2026-02-08 02:29:49.250291,London-2cfb,25,39,Normal
2026-02-08 02:29:50.250291,London-2cfb,25,21,Normal
2026-02-08 02:29:51.250291,London-2cfb,7,30,Normal
2026-02-08 02:29:52.250291,London-2cfb,43,65,Normal
2026-02-08 02:29:53.250291,London-2cfb,16,61,Normal
2026-02-08 02:29:54.250291,London-2cfb,36,3,Normal
2026-02-08 02:29:55.250291,London-2cfb,11,71,Normal
2026-02-08 02:29:56.250291,London-2cfb,-25,8,Normal
2026-02-08 02:29:57.250291,London-2cfb,12,51,Normal
2026-02-08 02:29:58.250291,London-2cfb,34,18,Normal
2026-02-08 02:29:59.250291,London-2cfb,27,77,Normal
2026-02-08 02:30:00.250291,London-2cfb,8,77,Normal
2026-02-08 02:30:01.250291,London-2cfb,33,23,Normal
2026-02-08 02:30:02.250291,London-2cfb,-20,7,Normal
2026-02-08 02:30:03.250291,London-2cfb,-17,82,Normal
2026-02-08 02:30:04.250291,London-2cfb,-23,32,Normal
2026-02-08 02:30:05.250291,London-2cfb,28,93,Normal
2026-02-08 02:30:06.250291,London-2cfb,18,3,Normal
2026-02-08 02:30:07.250291,London-2cfb,21,39,Normal
2026-02-08 02:30:08.250291,London-2cfb,10,60,Normal
2026-02-08 02:30:09.250291,London-2cfb,-11,6,Normal
2026-02-08 02:30:10.250291,London-2cfb,20,32,Normal
2026-02-08 02:30:11.250291,London-2cfb,-19,40,Normal
2026-02-08 02:30:12.250291,London-2cfb,-10,19,Normal
2026-02-08 02:30:13.250291,London-2cfb,-8,86,Normal
2026-02-08 02:30:14.250291,London-2cfb,24,100,Normal
2026-02-08 02:30:15.250291,London-2cfb,16,89,Normal
2026-02-08 02:30:16.250291,London-2cfb,-3,49,Normal
2026-02-08 02:30:17.250291,London-2cfb,41,21,Normal
2026-02-08 02:30:18.250291,London-2cfb,-20,35,Normal
2026-02-08 02:30:19.250291,London-2cfb,-13,35,Normal
2026-02-08 02:30:20.250291,London-2cfb,29,94,Normal
2026-02-08 02:30:21.250291,London-2cfb,-26,80,Normal
2026-02-08 02:30:22.250291,London-2cfb,47,22,Normal
2026-02-08 02:30:23.250291,London-2cfb,50,32,Normal
2026-02-08 02:30:24.250291,London-2cfb,24,18,Normal
2026-02-08 02:30:25.250291,London-2cfb,6,54,Normal
2026-02-08 02:30:26.250291,London-2cfb,3,69,Normal
2026-02-08 02:30:27.250291,London-2cfb,15,89,Normal
2026-02-08 02:30:28.250291,London-2cfb,-18,27,Normal
2026-02-08 02:30:29.250291,London-2cfb,26,54,Normal
2026-02-08 02:30:30.250291,London-2cfb,-5,4,Normal
2026-02-08 02:30:31.250291,London-2cfb,50,62,Normal
2026-02-08 02:30:32.250291,London-2cfb,49,92,Normal
2026-02-08 02:30:33.250291,London-2cfb,12,27,Normal
2026-02-08 02:30:34.250291,London-2cfb,-19,3,Normal
2026-02-08 02:30:35.250291,London-2cfb,4,18,Normal
2026-02-08 02:30:36.250291,London-2cfb,35,54,Normal
2026-02-08 02:30:37.250291,London-2cfb,35,55,Normal
2026-02-08 02:30:38.250291,London-2cfb,-25,7,Normal
2026-02-08 02:30:39.250291,London-2cfb,-3,81,Normal
2026-02-08 02:30:40.250291,London-2cfb,26,86,Normal
2026-02-08 02:30:41.250291,London-2cfb,-7,3,Normal
2026-02-08 02:30:42.250291,London-2cfb,0,15,Normal
2026-02-08 02:30:43.250291,London-2cfb,-23,58,Normal
2026-02-08 02:30:44.250291,London-2cfb,-20,32,Normal
2026-02-08 02:30:45.250291,London-2cfb,-10,20,Normal
2026-02-08 02:30:46.250291,London-2cfb,43,79,Normal
2026-02-08 02:30:47.250291,London-2cfb,31,44,Normal
2026-02-08 02:30:48.250291,London-2cfb,35,94,Normal
2026-02-08 02:30:49.250291,London-2cfb,42,36,Normal
2026-02-08 02:30:50.250291,London-2cfb,5,47,Normal
2026-02-08 02:30:51.250291,London-2cfb,-5,11,Normal
2026-02-08 02:30:52.250291,London-2cfb,33,7,Normal
2026-02-08 02:30:53.250291,London-2cfb,41,56,Normal
2026-02-08 02:30:54.250291,London-2cfb,16,60,Normal
2026-02-08 02:30:55.250291,London-2cfb,5,59,Normal
2026-02-08 02:30:56.250291,London-2cfb,-4,17,Normal
2026-02-08 02:30:57.250291,London-2cfb,18,20,Normal
2026-02-08 02:30:58.250291,London-2cfb,32,10,Normal
2026-02-08 02:30:59.250291,London-2cfb,35,90,Normal
2026-02-08 02:31:00.250291,London-2cfb,43,35,Normal
2026-02-08 02:31:01.250291,London-2cfb,14,51,Normal
2026-02-08 02:31:02.250291,London-2cfb,26,57,Normal
2026-02-08 02:31:03.250291,London-2cfb,7,24,Normal
2026-02-08 02:31:04.250291,London-2cfb,-23,51,Normal
2026-02-08 02:31:05.250291,London-2cfb,-22,88,Normal
2026-02-08 02:31:06.250291,London-2cfb,49,66,Normal
2026-02-08 02:31:07.250291,London-2cfb,-4,87,Normal
2026-02-08 02:31:08.250291,London-2cfb,8,8,Normal
2026-02-08 02:31:09.250291,London-2cfb,-26,52,Normal
2026-02-08 02:31:10.250291,London-2cfb,49,48,Normal
2026-02-08 02:31:11.250291,London-2cfb,-13,76,Normal
2026-02-08 02:31:12.250291,London-2cfb,41,92,Normal
2026-02-08 02:31:13.250291,London-2cfb,37,26,Normal
2026-02-08 02:31:14.250291,London-2cfb,32,16,Normal
2026-02-08 02:31:15.250291,London-2cfb,-4,45,Normal
2026-02-08 02:31:16.250291,London-2cfb,-16,78,Normal
2026-02-08 02:31:17.250291,London-2cfb,-25,54,Normal
2026-02-08 02:31:18.250291,London-2cfb,22,61,Normal
2026-02-08 02:31:19.250291,London-2cfb,-7,17,Normal
2026-02-08 02:31:20.250291,London-2cfb,7,6,Normal
2026-02-08 02:31:21.250291,London-2cfb,-5,49,Normal
2026-02-08 02:31:22.250291,London-2cfb,11,38,Normal
2026-02-08 02:31:23.250291,London-2cfb,-25,41,Normal
2026-02-08 02:31:24.250291,London-2cfb,-17,7,Normal
2026-02-08 02:31:25.250291,London-2cfb,42,91,Normal
2026-02-08 02:31:26.250291,London-2cfb,-10,3,Normal
2026-02-08 02:31:27.250291,London-2cfb,29,97,Normal
2026-02-08 02:31:28.250291,London-2cfb,31,22,Normal
2026-02-08 02:31:29.250291,London-2cfb,12,81,Normal
2026-02-08 02:31:30.250291,London-2cfb,-19,79,Normal
2026-02-08 02:31:31.250291,London-2cfb,41,84,Normal
2026-02-08 02:31:32.250291,London-2cfb,25,64,Normal
2026-02-08 02:31:33.250291,London-2cfb,-23,18,Normal
2026-02-08 02:31:34.250291,London-2cfb,38,5,Normal
2026-02-08 02:31:35.250291,London-2cfb,0,99,Normal
2026-02-08 02:31:36.250291,London-2cfb,3,62,Normal
2026-02-08 02:31:37.250291,London-2cfb,-30,86,Normal
2026-02-08 02:31:38.250291,London-2cfb,-2,86,Normal
2026-02-08 02:31:39.250291,London-2cfb,-1,84,Normal
2026-02-08 02:31:40.250291,London-2cfb,45,10,Normal
2026-02-08 02:31:41.250291,London-2cfb,-1,25,Normal
2026-02-08 02:31:42.250291,London-2cfb,26,16,Normal
2026-02-08 02:31:43.250291,London-2cfb,26,77,Normal
2026-02-08 02:31:44.250291,London-2cfb,-16,98,Normal
2026-02-08 02:31:45.250291,London-2cfb,-24,88,Normal
2026-02-08 02:31:46.250291,London-2cfb,-26,70,Normal
2026-02-08 02:31:47.250291,London-2cfb,-2,25,Normal
2026-02-08 02:31:48.250291,London-2cfb,-5,87,Normal
2026-02-08 02:31:49.250291,London-2cfb,10,100,Normal
2026-02-08 02:31:50.250291,London-2cfb,18,48,Normal
2026-02-08 02:31:51.250291,London-2cfb,-7,95,Normal
2026-02-08 02:31:52.250291,London-2cfb,-17,15,Normal
2026-02-08 02:31:53.250291,London-2cfb,-14,38,Normal
2026-02-08 02:31:54.250291,London-2cfb,-13,73,Normal
2026-02-08 02:31:55.250291,London-2cfb,28,95,Normal
2026-02-08 02:31:56.250291,London-2cfb,-5,87,Normal
2026-02-08 02:31:57.250291,London-2cfb,4,98,Normal
2026-02-08 02:31:58.250291,London-2cfb,37,71,Normal
2026-02-08 02:31:59.250291,London-2cfb,-15,40,Normal
2026-02-08 02:32:00.250291,London-2cfb,-15,37,Normal
2026-02-08 02:32:01.250291,London-2cfb,-18,55,Normal
2026-02-08 02:32:02.250291,London-2cfb,-21,28,Normal
2026-02-08 02:32:03.250291,London-2cfb,-14,2,Normal
2026-02-08 02:32:04.250291,London-2cfb,-27,37,Normal
2026-02-08 02:32:05.250291,London-2cfb,21,5,Normal
2026-02-08 02:32:06.250291,London-2cfb,-12,57,Normal
2026-02-08 02:32:07.250291,London-2cfb,47,7,Normal
2026-02-08 02:32:08.250291,London-2cfb,18,57,Normal
2026-02-08 02:32:09.250291,London-2cfb,-19,47,Normal
2026-02-08 02:32:10.250291,London-2cfb,9,95,Normal
2026-02-08 02:32:11.250291,London-2cfb,22,8,Normal
2026-02-08 02:32:12.250291,London-2cfb,46,13,Normal
2026-02-08 02:32:13.250291,London-2cfb,10,92,Normal
2026-02-08 02:32:14.250291,London-2cfb,-26,48,Normal
2026-02-08 02:32:15.250291,London-2cfb,-13,95,Normal
2026-02-08 02:32:16.250291,London-2cfb,44,37,Normal
2026-02-08 02:32:17.250291,London-2cfb,-17,60,Normal
2026-02-08 02:32:18.250291,London-2cfb,2,71,Normal
2026-02-08 02:32:19.250291,London-2cfb,13,21,Normal
2026-02-08 02:32:20.250291,London-2cfb,9,94,Normal
2026-02-08 02:32:21.250291,London-2cfb,-1,86,Normal
2026-02-08 02:32:22.250291,London-2cfb,15,43,Normal
2026-02-08 02:32:23.250291,London-2cfb,27,6,Normal
2026-02-08 02:32:24.250291,London-2cfb,32,10,Normal
2026-02-08 02:32:25.250291,London-2cfb,30,32,Normal
2026-02-08 02:32:26.250291,London-2cfb,14,26,Normal
2026-02-08 02:32:27.250291,London-2cfb,4,46,Normal
2026-02-08 02:32:28.250291,London-2cfb,-16,28,Normal
2026-02-08 02:32:29.250291,London-2cfb,-20,92,Normal
2026-02-08 02:32:30.250291,London-2cfb,-18,10,Normal
2026-02-08 02:32:31.250291,London-2cfb,-19,27,Normal
2026-02-08 02:32:32.250291,London-2cfb,5,4,Normal
2026-02-08 02:32:33.250291,London-2cfb,14,91,Normal
2026-02-08 02:32:34.250291,London-2cfb,3,97,Normal
2026-02-08 02:32:35.250291,London-2cfb,42,8,Normal
2026-02-08 02:32:36.250291,London-2cfb,36,8,Normal
2026-02-08 02:32:37.250291,London-2cfb,7,95,Normal
2026-02-08 02:32:38.250291,London-2cfb,-25,28,Normal
2026-02-08 02:32:39.250291,London-2cfb,1,81,Normal
2026-02-08 02:32:40.250291,London-2cfb,8,88,Normal
2026-02-08 02:32:41.250291,London-2cfb,-24,44,Normal
2026-02-08 02:32:42.250291,London-2cfb,23,5,Normal
2026-02-08 02:32:43.250291,London-2cfb,45,82,Normal
2026-02-08 02:32:44.250291,London-2cfb,18,73,Normal
2026-02-08 02:32:45.250291,London-2cfb,-7,95,Normal
2026-02-08 02:32:46.250291,London-2cfb,22,60,Normal
2026-02-08 02:32:47.250291,London-2cfb,-29,42,Normal
2026-02-08 02:32:48.250291,London-2cfb,27,96,Normal
2026-02-08 02:32:49.250291,London-2cfb,20,1,Normal
2026-02-08 02:32:50.250291,London-2cfb,32,90,Normal
2026-02-08 02:32:51.250291,London-2cfb,38,84,Normal
2026-02-08 02:32:52.250291,London-2cfb,-25,100,Normal
2026-02-08 02:32:53.250291,London-2cfb,26,29,Normal
2026-02-08 02:32:54.250291,London-2cfb,17,74,Normal
2026-02-08 02:32:55.250291,London-2cfb,-23,27,Normal
2026-02-08 02:32:56.250291,London-2cfb,43,21,Normal
2026-02-08 02:32:57.250291,London-2cfb,-15,49,Normal
2026-02-08 02:32:58.250291,London-2cfb,21,30,Normal
2026-02-08 02:32:59.250291,London-2cfb,-15,92,Normal
2026-02-08 02:33:00.250291,London-2cfb,33,74,Normal
2026-02-08 02:33:01.250291,London-2cfb,21,18,Normal
2026-02-08 02:33:02.250291,London-2cfb,-19,48,Normal
2026-02-08 02:33:03.250291,London-2cfb,9,44,Normal
2026-02-08 02:33:04.250291,London-2cfb,44,20,Normal
2026-02-08 02:33:05.250291,London-2cfb,35,70,Normal
2026-02-08 02:33:06.250291,London-2cfb,19,54,Normal
2026-02-08 02:33:07.250291,London-2cfb,45,68,Normal
2026-02-08 02:33:08.250291,London-2cfb,29,17,Normal
2026-02-08 02:33:09.250291,London-2cfb,-10,95,Normal
2026-02-08 02:33:10.250291,London-2cfb,1,99,Normal
2026-02-08 02:33:11.250291,London-2cfb,-8,74,Normal
2026-02-08 02:33:12.250291,London-2cfb,48,91,Normal
2026-02-08 02:33:13.250291,London-2cfb,6,90,Normal
2026-02-08 02:33:14.250291,London-2cfb,28,74,Normal
2026-02-08 02:33:15.250291,London-2cfb,39,47,Normal
2026-02-08 02:33:16.250291,London-2cfb,-24,90,Normal
2026-02-08 02:33:17.250291,London-2cfb,6,66,Normal
2026-02-08 02:33:18.250291,London-2cfb,16,70,Normal
2026-02-08 02:33:19.250291,London-2cfb,32,32,Normal
2026-02-08 02:33:20.250291,London-2cfb,-28,24,Normal
2026-02-08 02:33:21.250291,London-2cfb,-26,46,Normal
2026-02-08 02:33:22.250291,London-2cfb,7,9,Normal
2026-02-08 02:33:23.250291,London-2cfb,7,88,Normal
2026-02-08 02:33:24.250291,London-2cfb,47,61,Normal
2026-02-08 02:33:25.250291,London-2cfb,37,56,Normal
2026-02-08 02:33:26.250291,London-2cfb,-13,25,Normal
2026-02-08 02:33:27.250291,London-2cfb,-13,29,Normal
2026-02-08 02:33:28.250291,London-2cfb,22,62,Normal
2026-02-08 02:33:29.250291,London-2cfb,-24,47,Normal
2026-02-08 02:33:30.250291,London-2cfb,11,17,Normal
2026-02-08 02:33:31.250291,London-2cfb,3,71,Normal
2026-02-08 02:33:32.250291,London-2cfb,14,97,Normal
2026-02-08 02:33:33.250291,London-2cfb,-18,37,Normal
2026-02-08 02:33:34.250291,London-2cfb,12,48,Normal
2026-02-08 02:33:35.250291,London-2cfb,-7,25,Normal
2026-02-08 02:33:36.250291,London-2cfb,-16,57,Normal
2026-02-08 02:33:37.250291,London-2cfb,50,13,Normal
2026-02-08 02:33:38.250291,London-2cfb,28,26,Normal
2026-02-08 02:33:39.250291,London-2cfb,-16,59,Normal
2026-02-08 02:33:40.250291,London-2cfb,19,62,Normal
2026-02-08 02:33:41.250291,London-2cfb,-14,83,Normal
2026-02-08 02:33:42.250291,London-2cfb,-1,59,Normal
2026-02-08 02:33:43.250291,London-2cfb,-1,39,Normal
2026-02-08 02:33:44.250291,London-2cfb,20,26,Normal
2026-02-08 02:33:45.250291,London-2cfb,44,32,Normal
2026-02-08 02:33:46.250291,London-2cfb,42,74,Normal
2026-02-08 02:33:47.250291,London-2cfb,-10,87,Normal
2026-02-08 02:33:48.250291,London-2cfb,22,11,Normal
2026-02-08 02:33:49.250291,London-2cfb,31,84,Normal
2026-02-08 02:33:50.250291,London-2cfb,-5,36,Normal
2026-02-08 02:33:51.250291,London-2cfb,28,26,Normal
2026-02-08 02:33:52.250291,London-2cfb,11,53,Normal
2026-02-08 02:33:53.250291,London-2cfb,-9,96,Normal
2026-02-08 02:33:54.250291,London-2cfb,-5,39,Normal
2026-02-08 02:33:55.250291,London-2cfb,45,8,Normal
2026-02-08 02:33:56.250291,London-2cfb,27,33,Normal
2026-02-08 02:33:57.250291,London-2cfb,-15,77,Normal
2026-02-08 02:33:58.250291,London-2cfb,-2,28,Normal
2026-02-08 02:33:59.250291,London-2cfb,28,85,Normal
2026-02-08 02:34:00.250291,London-2cfb,-7,91,Normal
2026-02-08 02:34:01.250291,London-2cfb,-19,18,Normal
2026-02-08 02:34:02.250291,London-2cfb,5,87,Normal
2026-02-08 02:34:03.250291,London-2cfb,7,1,Normal
2026-02-08 02:34:04.250291,London-2cfb,19,37,Normal
2026-02-08 02:34:05.250291,London-2cfb,44,9,Normal
2026-02-08 02:34:06.250291,London-2cfb,-21,22,Normal
2026-02-08 02:34:07.250291,London-2cfb,25,36,Normal
2026-02-08 02:34:08.250291,London-2cfb,49,37,Normal
2026-02-08 02:34:09.250291,London-2cfb,19,75,Normal
2026-02-08 02:34:10.250291,London-2cfb,17,97,Normal
2026-02-08 02:34:11.250291,London-2cfb,14,31,Normal
2026-02-08 02:34:12.250291,London-2cfb,-3,47,Normal
2026-02-08 02:34:13.250291,London-2cfb,-11,32,Normal
2026-02-08 02:34:14.250291,London-2cfb,-26,66,Normal
2026-02-08 02:34:15.250291,London-2cfb,16,88,Normal
2026-02-08 02:34:16.250291,London-2cfb,-17,46,Normal
2026-02-08 02:34:17.250291,London-2cfb,1,21,Normal
2026-02-08 02:34:18.250291,London-2cfb,45,73,Normal
2026-02-08 02:34:19.250291,London-2cfb,-17,79,Normal
2026-02-08 02:34:20.250291,London-2cfb,33,95,Normal
2026-02-08 02:34:21.250291,London-2cfb,5,45,Normal
2026-02-08 02:34:22.250291,London-2cfb,29,51,Normal
2026-02-08 02:34:23.250291,London-2cfb,38,20,Normal
2026-02-08 02:34:24.250291,London-2cfb,30,67,Normal
2026-02-08 02:34:25.250291,London-2cfb,-16,66,Normal
2026-02-08 02:34:26.250291,London-2cfb,37,62,Normal
2026-02-08 02:34:27.250291,London-2cfb,4,91,Normal
2026-02-08 02:34:28.250291,London-2cfb,26,7,Normal
2026-02-08 02:34:29.250291,London-2cfb,4,80,Normal
2026-02-08 02:34:30.250291,London-2cfb,7,86,Normal
2026-02-08 02:34:31.250291,London-2cfb,-9,41,Normal
2026-02-08 02:34:32.250291,London-2cfb,31,20,Normal
2026-02-08 02:34:33.250291,London-2cfb,-25,13,Normal
2026-02-08 02:34:34.250291,London-2cfb,-12,76,Normal
2026-02-08 02:34:35.250291,London-2cfb,13,60,Normal
2026-02-08 02:34:36.250291,London-2cfb,-10,100,Normal
2026-02-08 02:34:37.250291,London-2cfb,-1,73,Normal
2026-02-08 02:34:38.250291,London-2cfb,-24,70,Normal
2026-02-08 02:34:39.250291,London-2cfb,33,93,Normal
2026-02-08 02:34:40.250291,London-2cfb,1,86,Normal
2026-02-08 02:34:41.250291,London-2cfb,16,86,Normal
2026-02-08 02:34:42.250291,London-2cfb,-25,30,Normal
2026-02-08 02:34:43.250291,London-2cfb,-5,4,Normal
2026-02-08 02:34:44.250291,London-2cfb,-2,32,Normal
2026-02-08 02:34:45.250291,London-2cfb,38,15,Normal
2026-02-08 02:34:46.250291,London-2cfb,36,53,Normal
2026-02-08 02:34:47.250291,London-2cfb,-15,21,Normal
2026-02-08 02:34:48.250291,London-2cfb,7,20,Normal
2026-02-08 02:34:49.250291,London-2cfb,13,44,Normal
2026-02-08 02:34:50.250291,London-2cfb,43,11,Normal
2026-02-08 02:34:51.250291,London-2cfb,31,88,Normal
2026-02-08 02:34:52.250291,London-2cfb,20,42,Normal
2026-02-08 02:34:53.250291,London-2cfb,26,60,Normal
2026-02-08 02:34:54.250291,London-2cfb,-26,66,Normal
2026-02-08 02:34:55.250291,London-2cfb,37,2,Normal
2026-02-08 02:34:56.250291,London-2cfb,37,3,Normal
2026-02-08 02:34:57.250291,London-2cfb,40,93,Normal
2026-02-08 02:34:58.250291,London-2cfb,48,84,Normal
2026-02-08 02:34:59.250291,London-2cfb,7,63,Normal
2026-02-08 02:35:00.250291,London-2cfb,-21,60,Normal
2026-02-08 02:35:01.250291,London-2cfb,36,7,Normal
2026-02-08 02:35:02.250291,London-2cfb,19,64,Normal
2026-02-08 02:35:03.250291,London-2cfb,21,4,Normal
2026-02-08 02:35:04.250291,London-2cfb,3,25,Normal
2026-02-08 02:35:05.250291,London-2cfb,15,5,Normal
2026-02-08 02:35:06.250291,London-2cfb,44,39,Normal
2026-02-08 02:35:07.250291,London-2cfb,23,61,Normal
2026-02-08 02:35:08.250291,London-2cfb,-6,32,Normal
2026-02-08 02:35:09.250291,London-2cfb,-6,33,Normal
2026-02-08 02:35:10.250291,London-2cfb,-28,12,Normal
2026-02-08 02:35:11.250291,London-2cfb,30,29,Normal
2026-02-08 02:35:12.250291,London-2cfb,19,29,Normal
2026-02-08 02:35:13.250291,London-2cfb,-2,68,Normal
2026-02-08 02:35:14.250291,London-2cfb,-3,72,Normal
2026-02-08 02:35:15.250291,London-2cfb,-15,88,Normal
2026-02-08 02:35:16.250291,London-2cfb,3,100,Normal
2026-02-08 02:35:17.250291,London-2cfb,-15,81,Normal
2026-02-08 02:35:18.250291,London-2cfb,29,59,Normal
2026-02-08 02:35:19.250291,London-2cfb,-24,35,Normal
2026-02-08 02:35:20.250291,London-2cfb,16,44,Normal
2026-02-08 02:35:21.250291,London-2cfb,14,95,Normal
2026-02-08 02:35:22.250291,London-2cfb,-26,66,Normal
2026-02-08 02:35:23.250291,London-2cfb,24,41,Normal
2026-02-08 02:35:24.250291,London-2cfb,-28,71,Normal
2026-02-08 02:35:25.250291,London-2cfb,-4,34,Normal
2026-02-08 02:35:26.250291,London-2cfb,41,36,Normal
2026-02-08 02:35:27.250291,London-2cfb,35,73,Normal
2026-02-08 02:35:28.250291,London-2cfb,18,61,Normal
2026-02-08 02:35:29.250291,London-2cfb,-30,30,Normal
2026-02-08 02:35:30.250291,London-2cfb,48,88,Normal
2026-02-08 02:35:31.250291,London-2cfb,-5,97,Normal
2026-02-08 02:35:32.250291,London-2cfb,42,38,Normal
2026-02-08 02:35:33.250291,London-2cfb,-5,88,Normal
2026-02-08 02:35:34.250291,London-2cfb,35,52,Normal
2026-02-08 02:35:35.250291,London-2cfb,-3,64,Normal
2026-02-08 02:35:36.250291,London-2cfb,-21,4,Normal
2026-02-08 02:35:37.250291,London-2cfb,-8,75,Normal
2026-02-08 02:35:38.250291,London-2cfb,15,60,Normal
2026-02-08 02:35:39.250291,London-2cfb,-30,54,Normal
2026-02-08 02:35:40.250291,London-2cfb,36,15,Normal
2026-02-08 02:35:41.250291,London-2cfb,10,93,Normal
2026-02-08 02:35:42.250291,London-2cfb,38,56,Normal
2026-02-08 02:35:43.250291,London-2cfb,-13,33,Normal
2026-02-08 02:35:44.250291,London-2cfb,36,28,Normal
2026-02-08 02:35:45.250291,London-2cfb,20,8,Normal
2026-02-08 02:35:46.250291,London-2cfb,-8,32,Normal
2026-02-08 02:35:47.250291,London-2cfb,-5,83,Normal
2026-02-08 02:35:48.250291,London-2cfb,37,5,Normal
2026-02-08 02:35:49.250291,London-2cfb,-11,73,Normal
2026-02-08 02:35:50.250291,London-2cfb,24,27,Normal
2026-02-08 02:35:51.250291,London-2cfb,-5,27,Normal
2026-02-08 02:35:52.250291,London-2cfb,45,79,Normal
2026-02-08 02:35:53.250291,London-2cfb,-6,98,Normal
2026-02-08 02:35:54.250291,London-2cfb,34,3,Normal
2026-02-08 02:35:55.250291,London-2cfb,1,14,Normal
2026-02-08 02:35:56.250291,London-2cfb,18,86,Normal
2026-02-08 02:35:57.250291,London-2cfb,-19,41,Normal
2026-02-08 02:35:58.250291,London-2cfb,8,30,Normal
2026-02-08 02:35:59.250291,London-2cfb,-25,67,Normal
2026-02-08 02:36:00.250291,London-2cfb,15,79,Normal
2026-02-08 02:36:01.250291,London-2cfb,30,70,Normal
2026-02-08 02:36:02.250291,London-2cfb,-15,99,Normal
2026-02-08 02:36:03.250291,London-2cfb,10,53,Normal
2026-02-08 02:36:04.250291,London-2cfb,29,61,Normal
2026-02-08 02:36:05.250291,London-2cfb,-3,20,Normal
2026-02-08 02:36:06.250291,London-2cfb,-5,94,Normal
2026-02-08 02:36:07.250291,London-2cfb,-13,81,Normal
2026-02-08 02:36:08.250291,London-2cfb,31,95,Normal
2026-02-08 02:36:09.250291,London-2cfb,-7,57,Normal
2026-02-08 02:36:10.250291,London-2cfb,-28,70,Normal
2026-02-08 02:36:11.250291,London-2cfb,-23,77,Normal
2026-02-08 02:36:12.250291,London-2cfb,0,72,Normal
2026-02-08 02:36:13.250291,London-2cfb,-8,91,Normal
2026-02-08 02:36:14.250291,London-2cfb,11,61,Normal
2026-02-08 02:36:15.250291,London-2cfb,-4,2,Normal
2026-02-08 02:36:16.250291,London-2cfb,2,38,Normal
2026-02-08 02:36:17.250291,London-2cfb,30,40,Normal
2026-02-08 02:36:18.250291,London-2cfb,30,6,Normal
2026-02-08 02:36:19.250291,London-2cfb,11,89,Normal
2026-02-08 02:36:20.250291,London-2cfb,27,42,Normal
2026-02-08 02:36:21.250291,London-2cfb,49,6,Normal
2026-02-08 02:36:22.250291,London-2cfb,38,0,Normal
2026-02-08 02:36:23.250291,London-2cfb,32,41,Normal
2026-02-08 02:36:24.250291,London-2cfb,23,14,Normal
2026-02-08 02:36:25.250291,London-2cfb,44,23,Normal
2026-02-08 02:36:26.250291,London-2cfb,23,5,Normal
2026-02-08 02:36:27.250291,London-2cfb,22,88,Normal
2026-02-08 02:36:28.250291,London-2cfb,35,96,Normal
2026-02-08 02:36:29.250291,London-2cfb,36,12,Normal
2026-02-08 02:36:30.250291,London-2cfb,-28,30,Normal
2026-02-08 02:36:31.250291,London-2cfb,3,15,Normal
2026-02-08 02:36:32.250291,London-2cfb,7,90,Normal
2026-02-08 02:36:33.250291,London-2cfb,31,66,Normal
2026-02-08 02:36:34.250291,London-2cfb,-20,31,Normal
2026-02-08 02:36:35.250291,London-2cfb,26,7,Normal
2026-02-08 02:36:36.250291,London-2cfb,48,58,Normal
2026-02-08 02:36:37.250291,London-2cfb,42,86,Normal
2026-02-08 02:36:38.250291,London-2cfb,-8,89,Normal
2026-02-08 02:36:39.250291,London-2cfb,3,40,Normal
2026-02-08 02:36:40.250291,London-2cfb,43,47,Normal
2026-02-08 02:36:41.250291,London-2cfb,38,7,Normal
2026-02-08 02:36:42.250291,London-2cfb,4,57,Normal
2026-02-08 02:36:43.250291,London-2cfb,8,54,Normal
2026-02-08 02:36:44.250291,London-2cfb,5,56,Normal
2026-02-08 02:36:45.250291,London-2cfb,-25,23,Normal
2026-02-08 02:36:46.250291,London-2cfb,14,6,Normal
2026-02-08 02:36:47.250291,London-2cfb,-28,84,Normal
2026-02-08 02:36:48.250291,London-2cfb,26,58,Normal
2026-02-08 02:36:49.250291,London-2cfb,14,10,Normal
2026-02-08 02:36:50.250291,London-2cfb,-1,6,Normal
2026-02-08 02:36:51.250291,London-2cfb,24,39,Normal
2026-02-08 02:36:52.250291,London-2cfb,35,27,Normal
2026-02-08 02:36:53.250291,London-2cfb,12,14,Normal
2026-02-08 02:36:54.250291,London-2cfb,15,18,Normal
2026-02-08 02:36:55.250291,London-2cfb,29,34,Normal
2026-02-08 02:36:56.250291,London-2cfb,23,98,Normal
2026-02-08 02:36:57.250291,London-2cfb,28,97,Normal
2026-02-08 02:36:58.250291,London-2cfb,31,22,Normal
2026-02-08 02:36:59.250291,London-2cfb,29,46,Normal
2026-02-08 02:37:00.250291,London-2cfb,19,64,Normal
2026-02-08 02:37:01.250291,London-2cfb,33,17,Normal
2026-02-08 02:37:02.250291,London-2cfb,34,72,Normal
2026-02-08 02:37:03.250291,London-2cfb,-25,96,Normal
2026-02-08 02:37:04.250291,London-2cfb,1,8,Normal
2026-02-08 02:37:05.250291,London-2cfb,20,18,Normal
2026-02-08 02:37:06.250291,London-2cfb,6,13,Normal
2026-02-08 02:37:07.250291,London-2cfb,19,15,Normal
2026-02-08 02:37:08.250291,London-2cfb,25,64,Normal
2026-02-08 02:37:09.250291,London-2cfb,-20,24,Normal
2026-02-08 02:37:10.250291,London-2cfb,-10,2,Normal
2026-02-08 02:37:11.250291,London-2cfb,25,98,Normal
2026-02-08 02:37:12.250291,London-2cfb,-25,62,Normal
2026-02-08 02:37:13.250291,London-2cfb,-5,35,Normal
2026-02-08 02:37:14.250291,London-2cfb,-4,77,Normal
2026-02-08 02:37:15.250291,London-2cfb,31,37,Normal
2026-02-08 02:37:16.250291,London-2cfb,31,37,Normal
2026-02-08 02:37:17.250291,London-2cfb,-23,88,Normal
2026-02-08 02:37:18.250291,London-2cfb,33,64,Normal
2026-02-08 02:37:19.250291,London-2cfb,33,75,Normal
2026-02-08 02:37:20.250291,London-2cfb,-5,58,Normal
2026-02-08 02:37:21.250291,London-2cfb,-4,16,Normal
2026-02-08 02:37:22.250291,London-2cfb,1,98,Normal
2026-02-08 02:37:23.250291,London-2cfb,35,59,Normal
2026-02-08 02:37:24.250291,London-2cfb,12,50,Normal
2026-02-08 02:37:25.250291,London-2cfb,2,90,Normal
2026-02-08 02:37:26.250291,London-2cfb,42,78,Normal
2026-02-08 02:37:27.250291,London-2cfb,-21,31,Normal
2026-02-08 02:37:28.250291,London-2cfb,34,58,Normal
2026-02-08 02:37:29.250291,London-2cfb,-3,78,Normal
2026-02-08 02:37:30.250291,London-2cfb,-3,27,Normal
2026-02-08 02:37:31.250291,London-2cfb,-19,56,Normal
2026-02-08 02:37:32.250291,London-2cfb,-21,2,Normal
2026-02-08 02:37:33.250291,London-2cfb,-26,12,Normal
2026-02-08 02:37:34.250291,London-2cfb,33,72,Normal
2026-02-08 02:37:35.250291,London-2cfb,24,17,Normal
2026-02-08 02:37:36.250291,London-2cfb,-3,75,Normal
2026-02-08 02:37:37.250291,London-2cfb,16,14,Normal
2026-02-08 02:37:38.250291,London-2cfb,12,35,Normal
2026-02-08 02:37:39.250291,London-2cfb,30,68,Normal
2026-02-08 02:37:40.250291,London-2cfb,7,33,Normal
2026-02-08 02:37:41.250291,London-2cfb,33,49,Normal
2026-02-08 02:37:42.250291,London-2cfb,-7,78,Normal
2026-02-08 02:37:43.250291,London-2cfb,35,51,Normal
2026-02-08 02:37:44.250291,London-2cfb,-28,79,Normal
2026-02-08 02:37:45.250291,London-2cfb,28,58,Normal
2026-02-08 02:37:46.250291,London-2cfb,-25,76,Normal
2026-02-08 02:37:47.250291,London-2cfb,48,43,Normal
2026-02-08 02:37:48.250291,London-2cfb,-23,50,Normal
2026-02-08 02:37:49.250291,London-2cfb,37,48,Normal
2026-02-08 02:37:50.250291,London-2cfb,-23,28,Normal
2026-02-08 02:37:51.250291,London-2cfb,12,99,Normal
2026-02-08 02:37:52.250291,London-2cfb,18,50,Normal
2026-02-08 02:37:53.250291,London-2cfb,38,14,Normal
2026-02-08 02:37:54.250291,London-2cfb,10,0,Normal
2026-02-08 02:37:55.250291,London-2cfb,50,95,Normal
2026-02-08 02:37:56.250291,London-2cfb,-5,62,Normal
2026-02-08 02:37:57.250291,London-2cfb,-16,34,Normal
2026-02-08 02:37:58.250291,London-2cfb,36,93,Normal
2026-02-08 02:37:59.250291,London-2cfb,20,59,Normal
2026-02-08 02:38:00.250291,London-2cfb,36,9,Normal
2026-02-08 02:38:01.250291,London-2cfb,30,1,Normal
2026-02-08 02:38:02.250291,London-2cfb,-23,59,Normal
2026-02-08 02:38:03.250291,London-2cfb,-20,93,Normal
2026-02-08 02:38:04.250291,London-2cfb,33,22,Normal
2026-02-08 02:38:05.250291,London-2cfb,32,89,Normal
2026-02-08 02:38:06.250291,London-2cfb,47,26,Normal
2026-02-08 02:38:07.250291,London-2cfb,41,36,Normal
2026-02-08 02:38:08.250291,London-2cfb,34,98,Normal
2026-02-08 02:38:09.250291,London-2cfb,-10,87,Normal
2026-02-08 02:38:10.250291,London-2cfb,-7,70,Normal
2026-02-08 02:38:11.250291,London-2cfb,-25,11,Normal
2026-02-08 02:38:12.250291,London-2cfb,43,64,Normal
2026-02-08 02:38:13.250291,London-2cfb,-8,89,Normal
2026-02-08 02:38:14.250291,London-2cfb,-27,70,Normal
2026-02-08 02:38:15.250291,London-2cfb,34,49,Normal
2026-02-08 02:38:16.250291,London-2cfb,41,5,Normal
2026-02-08 02:38:17.250291,London-2cfb,43,88,Normal
2026-02-08 02:38:18.250291,London-2cfb,12,35,Normal
2026-02-08 02:38:19.250291,London-2cfb,16,51,Normal
2026-02-08 02:38:20.250291,London-2cfb,-15,27,Normal
2026-02-08 02:38:21.250291,London-2cfb,8,38,Normal
2026-02-08 02:38:22.250291,London-2cfb,-3,98,Normal
2026-02-08 02:38:23.250291,London-2cfb,41,84,Normal
2026-02-08 02:38:24.250291,London-2cfb,14,68,Normal
2026-02-08 02:38:25.250291,London-2cfb,22,51,Normal
2026-02-08 02:38:26.250291,London-2cfb,-8,75,Normal
2026-02-08 02:38:27.250291,London-2cfb,19,57,Normal
2026-02-08 02:38:28.250291,London-2cfb,7,93,Normal
2026-02-08 02:38:29.250291,London-2cfb,11,46,Normal
2026-02-08 02:38:30.250291,London-2cfb,-9,40,Normal
2026-02-08 02:38:31.250291,London-2cfb,-15,65,Normal
2026-02-08 02:38:32.250291,London-2cfb,30,27,Normal
2026-02-08 02:38:33.250291,London-2cfb,-17,22,Normal
2026-02-08 02:38:34.250291,London-2cfb,15,95,Normal
2026-02-08 02:38:35.250291,London-2cfb,-24,15,Normal
2026-02-08 02:38:36.250291,London-2cfb,46,17,Normal
2026-02-08 02:38:37.250291,London-2cfb,47,70,Normal
2026-02-08 02:38:38.250291,London-2cfb,21,33,Normal
2026-02-08 02:38:39.250291,London-2cfb,-21,50,Normal
2026-02-08 02:38:40.250291,London-2cfb,43,7,Normal
2026-02-08 02:38:41.250291,London-2cfb,-14,59,Normal
2026-02-08 02:38:42.250291,London-2cfb,-11,94,Normal
2026-02-08 02:38:43.250291,London-2cfb,48,74,Normal
2026-02-08 02:38:44.250291,London-2cfb,-21,34,Normal
2026-02-08 02:38:45.250291,London-2cfb,38,99,Normal
2026-02-08 02:38:46.250291,London-2cfb,27,17,Normal
2026-02-08 02:38:47.250291,London-2cfb,-28,13,Normal
2026-02-08 02:38:48.250291,London-2cfb,-23,67,Normal
2026-02-08 02:38:49.250291,London-2cfb,33,95,Normal
2026-02-08 02:38:50.250291,London-2cfb,5,29,Normal
2026-02-08 02:38:51.250291,London-2cfb,-5,86,Normal
2026-02-08 02:38:52.250291,London-2cfb,43,39,Normal
2026-02-08 02:38:53.250291,London-2cfb,-2,65,Normal
2026-02-08 02:38:54.250291,London-2cfb,49,4,Normal
2026-02-08 02:38:55.250291,London-2cfb,4,33,Normal
2026-02-08 02:38:56.250291,London-2cfb,-12,91,Normal
2026-02-08 02:38:57.250291,London-2cfb,-21,86,Normal
2026-02-08 02:38:58.250291,London-2cfb,42,11,Normal
2026-02-08 02:38:59.250291,London-2cfb,43,15,Normal
2026-02-08 02:39:00.250291,London-2cfb,-10,12,Normal
2026-02-08 02:39:01.250291,London-2cfb,14,86,Normal
2026-02-08 02:39:02.250291,London-2cfb,3,9,Normal
2026-02-08 02:39:03.250291,London-2cfb,23,1,Normal
2026-02-08 02:39:04.250291,London-2cfb,-14,80,Normal
2026-02-08 02:39:05.250291,London-2cfb,6,41,Normal
2026-02-08 02:39:06.250291,London-2cfb,45,99,Normal
2026-02-08 02:39:07.250291,London-2cfb,16,83,Normal
2026-02-08 02:39:08.250291,London-2cfb,-10,54,Normal
2026-02-08 02:39:09.250291,London-2cfb,-25,49,Normal
2026-02-08 02:39:10.250291,London-2cfb,-7,6,Normal
2026-02-08 02:39:11.250291,London-2cfb,31,21,Normal
2026-02-08 02:39:12.250291,London-2cfb,-10,85,Normal
2026-02-08 02:39:13.250291,London-2cfb,36,28,Normal
2026-02-08 02:39:14.250291,London-2cfb,26,70,Normal
2026-02-08 02:39:15.250291,London-2cfb,15,58,Normal
2026-02-08 02:39:16.250291,London-2cfb,-10,81,Normal
2026-02-08 02:39:17.250291,London-2cfb,-4,8,Normal
2026-02-08 02:39:18.250291,London-2cfb,-19,39,Normal
2026-02-08 02:39:19.250291,London-2cfb,32,46,Normal
2026-02-08 02:39:20.250291,London-2cfb,25,84,Normal
2026-02-08 02:39:21.250291,London-2cfb,2,46,Normal
2026-02-08 02:39:22.250291,London-2cfb,16,98,Normal
2026-02-08 02:39:23.250291,London-2cfb,37,77,Normal
2026-02-08 02:39:24.250291,London-2cfb,2,88,Normal
2026-02-08 02:39:25.250291,London-2cfb,-12,75,Normal
2026-02-08 02:39:26.250291,London-2cfb,49,59,Normal
2026-02-08 02:39:27.250291,London-2cfb,-26,4,Normal
2026-02-08 02:39:28.250291,London-2cfb,10,43,Normal
2026-02-08 02:39:29.250291,London-2cfb,22,10,Normal
2026-02-08 02:39:30.250291,London-2cfb,30,26,Normal
2026-02-08 02:39:31.250291,London-2cfb,49,34,Normal
2026-02-08 02:39:32.250291,London-2cfb,5,3,Normal
2026-02-08 02:39:33.250291,London-2cfb,50,0,Normal
2026-02-08 02:39:34.250291,London-2cfb,-29,76,Normal
2026-02-08 02:39:35.250291,London-2cfb,14,77,Normal
2026-02-08 02:39:36.250291,London-2cfb,27,92,Normal
2026-02-08 02:39:37.250291,London-2cfb,1,73,Normal
2026-02-08 02:39:38.250291,London-2cfb,14,19,Normal
2026-02-08 02:39:39.250291,London-2cfb,19,3,Normal
2026-02-08 02:39:40.250291,London-2cfb,7,24,Normal
2026-02-08 02:39:41.250291,London-2cfb,27,74,Normal
2026-02-08 02:39:42.250291,London-2cfb,31,91,Normal
2026-02-08 02:39:43.250291,London-2cfb,20,2,Normal
2026-02-08 02:39:44.250291,London-2cfb,34,81,Normal
2026-02-08 02:39:45.250291,London-2cfb,23,79,Normal
2026-02-08 02:39:46.250291,London-2cfb,12,36,Normal
2026-02-08 02:39:47.250291,London-2cfb,12,64,Normal
2026-02-08 02:39:48.250291,London-2cfb,-16,33,Normal
2026-02-08 02:39:49.250291,London-2cfb,8,23,Normal
2026-02-08 02:39:50.250291,London-2cfb,-26,18,Normal
2026-02-08 02:39:51.250291,London-2cfb,8,87,Normal
2026-02-08 02:39:52.250291,London-2cfb,24,10,Normal
2026-02-08 02:39:53.250291,London-2cfb,-16,74,Normal
2026-02-08 02:39:54.250291,London-2cfb,20,43,Normal
2026-02-08 02:39:55.250291,London-2cfb,37,68,Normal
2026-02-08 02:39:56.250291,London-2cfb,22,24,Normal
2026-02-08 02:39:57.250291,London-2cfb,27,80,Normal
2026-02-08 02:39:58.250291,London-2cfb,20,27,Normal
2026-02-08 02:39:59.250291,London-2cfb,-14,29,Normal
2026-02-08 02:40:00.250291,London-2cfb,45,93,Normal
2026-02-08 02:40:01.250291,London-2cfb,-25,83,Normal
2026-02-08 02:40:02.250291,London-2cfb,32,43,Normal
2026-02-08 02:40:03.250291,London-2cfb,9,5,Normal
2026-02-08 02:40:04.250291,London-2cfb,31,75,Normal
2026-02-08 02:40:05.250291,London-2cfb,1,98,Normal
2026-02-08 02:40:06.250291,London-2cfb,26,64,Normal
2026-02-08 02:40:07.250291,London-2cfb,0,66,Normal
2026-02-08 02:40:08.250291,London-2cfb,-5,62,Normal
2026-02-08 02:40:09.250291,London-2cfb,5,57,Normal
2026-02-08 02:40:10.250291,London-2cfb,48,13,Normal
2026-02-08 02:40:11.250291,London-2cfb,49,34,Normal
2026-02-08 02:40:12.250291,London-2cfb,15,36,Normal
2026-02-08 02:40:13.250291,London-2cfb,-1,57,Normal
2026-02-08 02:40:14.250291,London-2cfb,17,40,Normal
2026-02-08 02:40:15.250291,London-2cfb,-1,49,Normal
2026-02-08 02:40:16.250291,London-2cfb,-20,79,Normal
2026-02-08 02:40:17.250291,London-2cfb,37,66,Normal
2026-02-08 02:40:18.250291,London-2cfb,-5,3,Normal
2026-02-08 02:40:19.250291,London-2cfb,-5,35,Normal
2026-02-08 02:40:20.250291,London-2cfb,1,38,Normal
2026-02-08 02:40:21.250291,London-2cfb,32,22,Normal
2026-02-08 02:40:22.250291,London-2cfb,4,29,Normal
2026-02-08 02:40:23.250291,London-2cfb,45,73,Normal
2026-02-08 02:40:24.250291,London-2cfb,-29,11,Normal
2026-02-08 02:40:25.250291,London-2cfb,4,84,Normal
2026-02-08 02:40:26.250291,London-2cfb,17,56,Normal
2026-02-08 02:40:27.250291,London-2cfb,43,37,Normal
2026-02-08 02:40:28.250291,London-2cfb,-6,42,Normal
2026-02-08 02:40:29.250291,London-2cfb,-24,92,Normal
2026-02-08 02:40:30.250291,London-2cfb,29,86,Normal
2026-02-08 02:40:31.250291,London-2cfb,-1,21,Normal
2026-02-08 02:40:32.250291,London-2cfb,35,93,Normal
2026-02-08 02:40:33.250291,London-2cfb,34,17,Normal
2026-02-08 02:40:34.250291,London-2cfb,-5,9,Normal
2026-02-08 02:40:35.250291,London-2cfb,31,36,Normal
2026-02-08 02:40:36.250291,London-2cfb,-11,17,Normal
2026-02-08 02:40:37.250291,London-2cfb,35,37,Normal
2026-02-08 02:40:38.250291,London-2cfb,13,90,Normal
2026-02-08 02:40:39.250291,London-2cfb,-13,7,Normal
2026-02-08 02:40:40.250291,London-2cfb,24,81,Normal
2026-02-08 02:40:41.250291,London-2cfb,33,30,Normal
2026-02-08 02:40:42.250291,London-2cfb,7,40,Normal
2026-02-08 02:40:43.250291,London-2cfb,42,20,Normal
2026-02-08 02:40:44.250291,London-2cfb,-28,3,Normal
2026-02-08 02:40:45.250291,London-2cfb,7,57,Normal
2026-02-08 02:40:46.250291,London-2cfb,8,60,Normal
2026-02-08 02:40:47.250291,London-2cfb,-23,20,Normal
2026-02-08 02:40:48.250291,London-2cfb,26,98,Normal
2026-02-08 02:40:49.250291,London-2cfb,-18,19,Normal
2026-02-08 02:40:50.250291,London-2cfb,-4,79,Normal
2026-02-08 02:40:51.250291,London-2cfb,38,51,Normal
2026-02-08 02:40:52.250291,London-2cfb,48,50,Normal
2026-02-08 02:40:53.250291,London-2cfb,9,40,Normal
2026-02-08 02:40:54.250291,London-2cfb,-21,59,Normal
2026-02-08 02:40:55.250291,London-2cfb,45,35,Normal
2026-02-08 02:40:56.250291,London-2cfb,49,37,Normal
2026-02-08 02:40:57.250291,London-2cfb,18,4,Normal
2026-02-08 02:40:58.250291,London-2cfb,-24,66,Normal
2026-02-08 02:40:59.250291,London-2cfb,6,17,Normal
2026-02-08 02:41:00.250291,London-2cfb,45,86,Normal
2026-02-08 02:41:01.250291,London-2cfb,50,96,Normal
2026-02-08 02:41:02.250291,London-2cfb,29,13,Normal
2026-02-08 02:41:03.250291,London-2cfb,34,90,Normal
2026-02-08 02:41:04.250291,London-2cfb,10,0,Normal
2026-02-08 02:41:05.250291,London-2cfb,-20,23,Normal
2026-02-08 02:41:06.250291,London-2cfb,-22,65,Normal
2026-02-08 02:41:07.250291,London-2cfb,19,72,Normal
2026-02-08 02:41:08.250291,London-2cfb,-5,91,Normal
2026-02-08 02:41:09.250291,London-2cfb,30,0,Normal
2026-02-08 02:41:10.250291,London-2cfb,4,77,Normal
2026-02-08 02:41:11.250291,London-2cfb,-10,38,Normal
2026-02-08 02:41:12.250291,London-2cfb,23,27,Normal
2026-02-08 02:41:13.250291,London-2cfb,-30,74,Normal
2026-02-08 02:41:14.250291,London-2cfb,-21,99,Normal
2026-02-08 02:41:15.250291,London-2cfb,-7,11,Normal
2026-02-08 02:41:16.250291,London-2cfb,-14,20,Normal
2026-02-08 02:41:17.250291,London-2cfb,-12,59,Normal
2026-02-08 02:41:18.250291,London-2cfb,7,92,Normal
2026-02-08 02:41:19.250291,London-2cfb,7,62,Normal
2026-02-08 02:41:20.250291,London-2cfb,-6,95,Normal
2026-02-08 02:41:21.250291,London-2cfb,15,80,Normal
2026-02-08 02:41:22.250291,London-2cfb,15,60,Normal
2026-02-08 02:41:23.250291,London-2cfb,-30,16,Normal
2026-02-08 02:41:24.250291,London-2cfb,-18,47,Normal
2026-02-08 02:41:25.250291,London-2cfb,-8,58,Normal
2026-02-08 02:41:26.250291,London-2cfb,35,77,Normal
2026-02-08 02:41:27.250291,London-2cfb,43,57,Normal
2026-02-08 02:41:28.250291,London-2cfb,17,25,Normal
2026-02-08 02:41:29.250291,London-2cfb,3,43,Normal
2026-02-08 02:41:30.250291,London-2cfb,17,41,Normal
2026-02-08 02:41:31.250291,London-2cfb,30,78,Normal
2026-02-08 02:41:32.250291,London-2cfb,-12,60,Normal
2026-02-08 02:41:33.250291,London-2cfb,-18,60,Normal
2026-02-08 02:41:34.250291,London-2cfb,-12,42,Normal
2026-02-08 02:41:35.250291,London-2cfb,38,33,Normal
2026-02-08 02:41:36.250291,London-2cfb,11,38,Normal
2026-02-08 02:41:37.250291,London-2cfb,-7,17,Normal
2026-02-08 02:41:38.250291,London-2cfb,15,84,Normal
2026-02-08 02:41:39.250291,London-2cfb,38,75,Normal
2026-02-08 02:41:40.250291,London-2cfb,10,35,Normal
2026-02-08 02:41:41.250291,London-2cfb,-10,84,Normal
2026-02-08 02:41:42.250291,London-2cfb,-11,6,Normal
2026-02-08 02:41:43.250291,London-2cfb,6,76,Normal
2026-02-08 02:41:44.250291,London-2cfb,30,3,Normal
2026-02-08 02:41:45.250291,London-2cfb,-9,62,Normal
2026-02-08 02:41:46.250291,London-2cfb,46,56,Normal
2026-02-08 02:41:47.250291,London-2cfb,20,13,Normal
2026-02-08 02:41:48.250291,London-2cfb,17,19,Normal
2026-02-08 02:41:49.250291,London-2cfb,13,55,Normal
2026-02-08 02:41:50.250291,London-2cfb,13,20,Normal
2026-02-08 02:41:51.250291,London-2cfb,27,63,Normal
2026-02-08 02:41:52.250291,London-2cfb,10,100,Normal
2026-02-08 02:41:53.250291,London-2cfb,-9,73,Normal
2026-02-08 02:41:54.250291,London-2cfb,21,51,Normal
2026-02-08 02:41:55.250291,London-2cfb,-7,23,Normal
2026-02-08 02:41:56.250291,London-2cfb,14,80,Normal
2026-02-08 02:41:57.250291,London-2cfb,45,9,Normal
2026-02-08 02:41:58.250291,London-2cfb,9,9,Normal
2026-02-08 02:41:59.250291,London-2cfb,-14,79,Normal
2026-02-08 02:42:00.250291,London-2cfb,26,38,Normal
2026-02-08 02:42:01.250291,London-2cfb,44,32,Normal
2026-02-08 02:42:02.250291,London-2cfb,-24,1,Normal
2026-02-08 02:42:03.250291,London-2cfb,-23,35,Normal
2026-02-08 02:42:04.250291,London-2cfb,43,88,Normal
2026-02-08 02:42:05.250291,London-2cfb,15,19,Normal
2026-02-08 02:42:06.250291,London-2cfb,1,88,Normal
2026-02-08 02:42:07.250291,London-2cfb,47,39,Normal
2026-02-08 02:42:08.250291,London-2cfb,11,4,Normal
2026-02-08 02:42:09.250291,London-2cfb,48,59,Normal
2026-02-08 02:42:10.250291,London-2cfb,43,32,Normal
2026-02-08 02:42:11.250291,London-2cfb,-26,7,Normal
2026-02-08 02:42:12.250291,London-2cfb,28,44,Normal
2026-02-08 02:42:13.250291,London-2cfb,-28,55,Normal
2026-02-08 02:42:14.250291,London-2cfb,-25,74,Normal
2026-02-08 02:42:15.250291,London-2cfb,-10,25,Normal
2026-02-08 02:42:16.250291,London-2cfb,24,0,Normal
2026-02-08 02:42:17.250291,London-2cfb,30,98,Normal
2026-02-08 02:42:18.250291,London-2cfb,-8,24,Normal
2026-02-08 02:42:19.250291,London-2cfb,-24,77,Normal
2026-02-08 02:42:20.250291,London-2cfb,32,77,Normal
2026-02-08 02:42:21.250291,London-2cfb,49,40,Normal
2026-02-08 02:42:22.250291,London-2cfb,0,85,Normal
2026-02-08 02:42:23.250291,London-2cfb,29,16,Normal
2026-02-08 02:42:24.250291,London-2cfb,-18,38,Normal
2026-02-08 02:42:25.250291,London-2cfb,23,83,Normal
2026-02-08 02:42:26.250291,London-2cfb,-24,24,Normal
2026-02-08 02:42:27.250291,London-2cfb,50,43,Normal
2026-02-08 02:42:28.250291,London-2cfb,18,25,Normal
2026-02-08 02:42:29.250291,London-2cfb,31,20,Normal
2026-02-08 02:42:30.250291,London-2cfb,9,72,Normal
2026-02-08 02:42:31.250291,London-2cfb,2,16,Normal
2026-02-08 02:42:32.250291,London-2cfb,46,70,Normal
2026-02-08 02:42:33.250291,London-2cfb,-10,71,Normal
2026-02-08 02:42:34.250291,London-2cfb,0,62,Normal
2026-02-08 02:42:35.250291,London-2cfb,20,51,Normal
2026-02-08 02:42:36.250291,London-2cfb,-18,95,Normal
2026-02-08 02:42:37.250291,London-2cfb,-28,87,Normal
2026-02-08 02:42:38.250291,London-2cfb,-3,13,Normal
2026-02-08 02:42:39.250291,London-2cfb,22,70,Normal
2026-02-08 02:42:40.250291,London-2cfb,24,74,Normal
2026-02-08 02:42:41.250291,London-2cfb,5,57,Normal
2026-02-08 02:42:42.250291,London-2cfb,1,98,Normal
2026-02-08 02:42:43.250291,London-2cfb,16,39,Normal
2026-02-08 02:42:44.250291,London-2cfb,27,93,Normal
2026-02-08 02:42:45.250291,London-2cfb,-6,77,Normal
2026-02-08 02:42:46.250291,London-2cfb,33,96,Normal
2026-02-08 02:42:47.250291,London-2cfb,-10,73,Normal
2026-02-08 02:42:48.250291,London-2cfb,34,99,Normal
2026-02-08 02:42:49.250291,London-2cfb,2,100,Normal
2026-02-08 02:42:50.250291,London-2cfb,40,68,Normal
2026-02-08 02:42:51.250291,London-2cfb,0,66,Normal
2026-02-08 02:42:52.250291,London-2cfb,7,94,Normal
2026-02-08 02:42:53.250291,London-2cfb,-15,9,Normal
2026-02-08 02:42:54.250291,London-2cfb,-8,46,Normal
2026-02-08 02:42:55.250291,London-2cfb,-1,84,Normal
2026-02-08 02:42:56.250291,London-2cfb,37,77,Normal
2026-02-08 02:42:57.250291,London-2cfb,38,93,Normal
2026-02-08 02:42:58.250291,London-2cfb,35,7,Normal
2026-02-08 02:42:59.250291,London-2cfb,-26,67,Normal
2026-02-08 02:43:00.250291,London-2cfb,-24,23,Normal
2026-02-08 02:43:01.250291,London-2cfb,5,62,Normal
2026-02-08 02:43:02.250291,London-2cfb,12,68,Normal
2026-02-08 02:43:03.250291,London-2cfb,24,76,Normal
2026-02-08 02:43:04.250291,London-2cfb,4,57,Normal
2026-02-08 02:43:05.250291,London-2cfb,36,22,Normal
2026-02-08 02:43:06.250291,London-2cfb,-19,26,Normal
2026-02-08 02:43:07.250291,London-2cfb,47,60,Normal
2026-02-08 02:43:08.250291,London-2cfb,-11,66,Normal
2026-02-08 02:43:09.250291,London-2cfb,11,40,Normal
2026-02-08 02:43:10.250291,London-2cfb,39,8,Normal
2026-02-08 02:43:11.250291,London-2cfb,32,14,Normal
2026-02-08 02:43:12.250291,London-2cfb,38,49,Normal
2026-02-08 02:43:13.250291,London-2cfb,32,84,Normal
2026-02-08 02:43:14.250291,London-2cfb,9,88,Normal
2026-02-08 02:43:15.250291,London-2cfb,5,89,Normal
2026-02-08 02:43:16.250291,London-2cfb,-29,97,Normal
2026-02-08 02:43:17.250291,London-2cfb,1,49,Normal
2026-02-08 02:43:18.250291,London-2cfb,48,23,Normal
2026-02-08 02:43:19.250291,London-2cfb,28,38,Normal
2026-02-08 02:43:20.250291,London-2cfb,-7,99,Normal
2026-02-08 02:43:21.250291,London-2cfb,8,20,Normal
2026-02-08 02:43:22.250291,London-2cfb,14,1,Normal
2026-02-08 02:43:23.250291,London-2cfb,6,42,Normal
2026-02-08 02:43:24.250291,London-2cfb,-13,87,Normal
2026-02-08 02:43:25.250291,London-2cfb,-14,14,Normal
2026-02-08 02:43:26.250291,London-2cfb,48,56,Normal
2026-02-08 02:43:27.250291,London-2cfb,2,17,Normal
2026-02-08 02:43:28.250291,London-2cfb,1,51,Normal
2026-02-08 02:43:29.250291,London-2cfb,-25,11,Normal
2026-02-08 02:43:30.250291,London-2cfb,22,82,Normal
2026-02-08 02:43:31.250291,London-2cfb,26,44,Normal
2026-02-08 02:43:32.250291,London-2cfb,32,50,Normal
2026-02-08 02:43:33.250291,London-2cfb,20,29,Normal
2026-02-08 02:43:34.250291,London-2cfb,35,27,Normal
2026-02-08 02:43:35.250291,London-2cfb,12,22,Normal
2026-02-08 02:43:36.250291,London-2cfb,-21,12,Normal
2026-02-08 02:43:37.250291,London-2cfb,36,25,Normal
2026-02-08 02:43:38.250291,London-2cfb,-19,87,Normal
2026-02-08 02:43:39.250291,London-2cfb,-29,21,Normal
2026-02-08 02:43:40.250291,London-2cfb,-26,39,Normal
2026-02-08 02:43:41.250291,London-2cfb,12,65,Normal
2026-02-08 02:43:42.250291,London-2cfb,-13,24,Normal
2026-02-08 02:43:43.250291,London-2cfb,36,16,Normal
2026-02-08 02:43:44.250291,London-2cfb,15,0,Normal
2026-02-08 02:43:45.250291,London-2cfb,36,47,Normal
2026-02-08 02:43:46.250291,London-2cfb,11,1,Normal
2026-02-08 02:43:47.250291,London-2cfb,36,74,Normal
2026-02-08 02:43:48.250291,London-2cfb,-24,65,Normal
2026-02-08 02:43:49.250291,London-2cfb,49,64,Normal
2026-02-08 02:43:50.250291,London-2cfb,6,27,Normal
2026-02-08 02:43:51.250291,London-2cfb,49,6,Normal
2026-02-08 02:43:52.250291,London-2cfb,-1,26,Normal
2026-02-08 02:43:53.250291,London-2cfb,-28,75,Normal
2026-02-08 02:43:54.250291,London-2cfb,14,27,Normal
2026-02-08 02:43:55.250291,London-2cfb,8,82,Normal
2026-02-08 02:43:56.250291,London-2cfb,32,7,Normal
2026-02-08 02:43:57.250291,London-2cfb,2,38,Normal
2026-02-08 02:43:58.250291,London-2cfb,36,11,Normal
2026-02-08 02:43:59.250291,London-2cfb,-3,33,Normal
2026-02-08 02:44:00.250291,London-2cfb,29,97,Normal
2026-02-08 02:44:01.250291,London-2cfb,42,87,Normal
2026-02-08 02:44:02.250291,London-2cfb,-28,99,Normal
2026-02-08 02:44:03.250291,London-2cfb,27,94,Normal
2026-02-08 02:44:04.250291,London-2cfb,16,64,Normal
2026-02-08 02:44:05.250291,London-2cfb,40,33,Normal
2026-02-08 02:44:06.250291,London-2cfb,-5,42,Normal
2026-02-08 02:44:07.250291,London-2cfb,34,54,Normal
2026-02-08 02:44:08.250291,London-2cfb,11,15,Normal
2026-02-08 02:44:09.250291,London-2cfb,-22,39,Normal
2026-02-08 02:44:10.250291,London-2cfb,15,95,Normal
2026-02-08 02:44:11.250291,London-2cfb,33,99,Normal
2026-02-08 02:44:12.250291,London-2cfb,45,90,Normal
2026-02-08 02:44:13.250291,London-2cfb,-12,94,Normal
2026-02-08 02:44:14.250291,London-2cfb,0,78,Normal
2026-02-08 02:44:15.250291,London-2cfb,-19,34,Normal
2026-02-08 02:44:16.250291,London-2cfb,-24,72,Normal
2026-02-08 02:44:17.250291,London-2cfb,-28,98,Normal
2026-02-08 02:44:18.250291,London-2cfb,30,17,Normal
2026-02-08 02:44:19.250291,London-2cfb,-5,65,Normal
2026-02-08 02:44:20.250291,London-2cfb,12,94,Normal
2026-02-08 02:44:21.250291,London-2cfb,0,97,Normal
2026-02-08 02:44:22.250291,London-2cfb,-9,37,Normal
2026-02-08 02:44:23.250291,London-2cfb,45,40,Normal
2026-02-08 02:44:24.250291,London-2cfb,6,10,Normal
2026-02-08 02:44:25.250291,London-2cfb,1,19,Normal
2026-02-08 02:44:26.250291,London-2cfb,8,95,Normal
2026-02-08 02:44:27.250291,London-2cfb,-16,49,Normal
2026-02-08 02:44:28.250291,London-2cfb,24,95,Normal
2026-02-08 02:44:29.250291,London-2cfb,1,38,Normal
2026-02-08 02:44:30.250291,London-2cfb,14,81,Normal
2026-02-08 02:44:31.250291,London-2cfb,17,38,Normal
2026-02-08 02:44:32.250291,London-2cfb,13,45,Normal
2026-02-08 02:44:33.250291,London-2cfb,40,96,Normal
2026-02-08 02:44:34.250291,London-2cfb,27,60,Normal
2026-02-08 02:44:35.250291,London-2cfb,-11,1,Normal
2026-02-08 02:44:36.250291,London-2cfb,19,91,Normal
2026-02-08 02:44:37.250291,London-2cfb,-6,2,Normal
2026-02-08 02:44:38.250291,London-2cfb,8,41,Normal
2026-02-08 02:44:39.250291,London-2cfb,30,84,Normal
2026-02-08 02:44:40.250291,London-2cfb,-22,73,Normal
2026-02-08 02:44:41.250291,London-2cfb,18,46,Normal
2026-02-08 02:44:42.250291,London-2cfb,36,10,Normal
2026-02-08 02:44:43.250291,London-2cfb,1,94,Normal
2026-02-08 02:44:44.250291,London-2cfb,-7,54,Normal
2026-02-08 02:44:45.250291,London-2cfb,-7,6,Normal
2026-02-08 02:44:46.250291,London-2cfb,36,18,Normal
2026-02-08 02:44:47.250291,London-2cfb,-18,40,Normal
2026-02-08 02:44:48.250291,London-2cfb,-30,99,Normal
2026-02-08 02:44:49.250291,London-2cfb,5,6,Normal
2026-02-08 02:44:50.250291,London-2cfb,38,90,Normal
2026-02-08 02:44:51.250291,London-2cfb,28,50,Normal
2026-02-08 02:44:52.250291,London-2cfb,23,60,Normal
2026-02-08 02:44:53.250291,London-2cfb,20,75,Normal
2026-02-08 02:44:54.250291,London-2cfb,9,19,Normal
2026-02-08 02:44:55.250291,London-2cfb,15,50,Normal
2026-02-08 02:44:56.250291,London-2cfb,-9,95,Normal
2026-02-08 02:44:57.250291,London-2cfb,41,22,Normal
2026-02-08 02:44:58.250291,London-2cfb,4,70,Normal
2026-02-08 02:44:59.250291,London-2cfb,-24,98,Normal
2026-02-08 02:45:00.250291,London-2cfb,-18,41,Normal
2026-02-08 02:45:01.250291,London-2cfb,-26,49,Normal
2026-02-08 02:45:02.250291,London-2cfb,-6,12,Normal
2026-02-08 02:45:03.250291,London-2cfb,5,63,Normal
2026-02-08 02:45:04.250291,London-2cfb,4,77,Normal
2026-02-08 02:45:05.250291,London-2cfb,37,68,Normal
2026-02-08 02:45:06.250291,London-2cfb,40,2,Normal
2026-02-08 02:45:07.250291,London-2cfb,48,96,Normal
2026-02-08 02:45:08.250291,London-2cfb,-25,1,Normal
2026-02-08 02:45:09.250291,London-2cfb,18,1,Normal
2026-02-08 02:45:10.250291,London-2cfb,-25,49,Normal
2026-02-08 02:45:11.250291,London-2cfb,-25,18,Normal
2026-02-08 02:45:12.250291,London-2cfb,13,65,Normal
2026-02-08 02:45:13.250291,London-2cfb,-20,6,Normal
2026-02-08 02:45:14.250291,London-2cfb,12,63,Normal
2026-02-08 02:45:15.250291,London-2cfb,27,43,Normal
2026-02-08 02:45:16.250291,London-2cfb,32,88,Normal
2026-02-08 02:45:17.250291,London-2cfb,15,46,Normal
2026-02-08 02:45:18.250291,London-2cfb,9,70,Normal
2026-02-08 02:45:19.250291,London-2cfb,-23,7,Normal
2026-02-08 02:45:20.250291,London-2cfb,-5,13,Normal
2026-02-08 02:45:21.250291,London-2cfb,-29,18,Normal
2026-02-08 02:45:22.250291,London-2cfb,50,32,Normal
2026-02-08 02:45:23.250291,London-2cfb,38,64,Normal
2026-02-08 02:45:24.250291,London-2cfb,4,93,Normal
2026-02-08 02:45:25.250291,London-2cfb,-4,44,Normal
2026-02-08 02:45:26.250291,London-2cfb,26,85,Normal
2026-02-08 02:45:27.250291,London-2cfb,31,31,Normal
2026-02-08 02:45:28.250291,London-2cfb,-25,69,Normal
2026-02-08 02:45:29.250291,London-2cfb,-28,10,Normal
2026-02-08 02:45:30.250291,London-2cfb,16,8,Normal
2026-02-08 02:45:31.250291,London-2cfb,-24,34,Normal
2026-02-08 02:45:32.250291,London-2cfb,32,81,Normal
2026-02-08 02:45:33.250291,London-2cfb,16,47,Normal
2026-02-08 02:45:34.250291,London-2cfb,-9,86,Normal
2026-02-08 02:45:35.250291,London-2cfb,47,64,Normal
2026-02-08 02:45:36.250291,London-2cfb,-14,34,Normal
2026-02-08 02:45:37.250291,London-2cfb,49,39,Normal
2026-02-08 02:45:38.250291,London-2cfb,48,86,Normal
2026-02-08 02:45:39.250291,London-2cfb,11,97,Normal
2026-02-08 02:45:40.250291,London-2cfb,29,19,Normal
2026-02-08 02:45:41.250291,London-2cfb,-5,87,Normal
2026-02-08 02:45:42.250291,London-2cfb,11,85,Normal
2026-02-08 02:45:43.250291,London-2cfb,34,9,Normal
2026-02-08 02:45:44.250291,London-2cfb,23,47,Normal
2026-02-08 02:45:45.250291,London-2cfb,4,73,Normal
2026-02-08 02:45:46.250291,London-2cfb,38,53,Normal
2026-02-08 02:45:47.250291,London-2cfb,-20,90,Normal
2026-02-08 02:45:48.250291,London-2cfb,33,79,Normal
2026-02-08 02:45:49.250291,London-2cfb,37,78,Normal
2026-02-08 02:45:50.250291,London-2cfb,37,95,Normal
2026-02-08 02:45:51.250291,London-2cfb,5,27,Normal
2026-02-08 02:45:52.250291,London-2cfb,2,67,Normal
2026-02-08 02:45:53.250291,London-2cfb,-23,24,Normal
2026-02-08 02:45:54.250291,London-2cfb,7,16,Normal
2026-02-08 02:45:55.250291,London-2cfb,6,28,Normal
2026-02-08 02:45:56.250291,London-2cfb,28,60,Normal
2026-02-08 02:45:57.250291,London-2cfb,-25,80,Normal
2026-02-08 02:45:58.250291,London-2cfb,20,45,Normal
2026-02-08 02:45:59.250291,London-2cfb,-9,21,Normal
2026-02-08 02:46:00.250291,London-2cfb,40,1,Normal
2026-02-08 02:46:01.250291,London-2cfb,-29,100,Normal
2026-02-08 02:46:02.250291,London-2cfb,-2,84,Normal
2026-02-08 02:46:03.250291,London-2cfb,11,4,Normal
2026-02-08 02:46:04.250291,London-2cfb,29,36,Normal
2026-02-08 02:46:05.250291,London-2cfb,37,34,Normal
2026-02-08 02:46:06.250291,London-2cfb,7,78,Normal
2026-02-08 02:46:07.250291,London-2cfb,2,17,Normal
2026-02-08 02:46:08.250291,London-2cfb,-21,37,Normal
2026-02-08 02:46:09.250291,London-2cfb,16,72,Normal
2026-02-08 02:46:10.250291,London-2cfb,34,25,Normal
2026-02-08 02:46:11.250291,London-2cfb,43,36,Normal
2026-02-08 02:46:12.250291,London-2cfb,-28,17,Normal
2026-02-08 02:46:13.250291,London-2cfb,28,38,Normal
2026-02-08 02:46:14.250291,London-2cfb,-19,99,Normal
2026-02-08 02:46:15.250291,London-2cfb,45,30,Normal
2026-02-08 02:46:16.250291,London-2cfb,-19,85,Normal
2026-02-08 02:46:17.250291,London-2cfb,-22,13,Normal
2026-02-08 02:46:18.250291,London-2cfb,14,50,Normal
2026-02-08 02:46:19.250291,London-2cfb,29,19,Normal
2026-02-08 02:46:20.250291,London-2cfb,-26,15,Normal
2026-02-08 02:46:21.250291,London-2cfb,8,53,Normal
2026-02-08 02:46:22.250291,London-2cfb,-13,52,Normal
2026-02-08 02:46:23.250291,London-2cfb,-13,36,Normal
2026-02-08 02:46:24.250291,London-2cfb,-18,97,Normal
2026-02-08 02:46:25.250291,London-2cfb,-1,50,Normal
2026-02-08 02:46:26.250291,London-2cfb,-23,32,Normal
2026-02-08 02:46:27.250291,London-2cfb,-30,68,Normal
2026-02-08 02:46:28.250291,London-2cfb,42,6,Normal
2026-02-08 02:46:29.250291,London-2cfb,28,49,Normal
2026-02-08 02:46:30.250291,London-2cfb,25,44,Normal
2026-02-08 02:46:31.250291,London-2cfb,-13,36,Normal
2026-02-08 02:46:32.250291,London-2cfb,19,65,Normal
2026-02-08 02:46:33.250291,London-2cfb,-6,98,Normal
2026-02-08 02:46:34.250291,London-2cfb,5,24,Normal
2026-02-08 02:46:35.250291,London-2cfb,48,95,Normal
2026-02-08 02:46:36.250291,London-2cfb,-4,95,Normal
2026-02-08 02:46:37.250291,London-2cfb,-19,73,Normal
2026-02-08 02:46:38.250291,London-2cfb,8,95,Normal
2026-02-08 02:46:39.250291,London-2cfb,10,63,Normal
