timestamp,station_id,temp,humid,condition
2026-02-15 04:31:11.101069,Dubai-4c84,-20,10,Normal
2026-02-15 04:31:12.101069,Dubai-4c84,29,76,Normal
2026-02-15 04:31:13.101069,Dubai-4c84,-28,67,Normal
2026-02-15 04:31:14.101069,Dubai-4c84,-2,74,Normal
2026-02-15 04:31:15.101069,Dubai-4c84,-21,78,Normal
2026-02-15 04:31:16.101069,Dubai-4c84,-13,83,Normal
2026-02-15 04:31:17.101069,Dubai-4c84,12,83,Normal
2026-02-15 04:31:18.101069,Dubai-4c84,12,100,Normal
2026-02-15 04:31:19.101069,Dubai-4c84,46,29,Normal
2026-02-15 04:31:20.101069,Dubai-4c84,42,77,Normal
2026-02-15 04:31:21.101069,Dubai-4c84,33,38,Normal
2026-02-15 04:31:22.101069,Dubai-4c84,-12,54,Normal
2026-02-15 04:31:23.101069,Dubai-4c84,11,43,Normal
2026-02-15 04:31:24.101069,Dubai-4c84,39,10,Normal
2026-02-15 04:31:25.101069,Dubai-4c84,-20,72,Normal
2026-02-15 04:31:26.101069,Dubai-4c84,-24,3,Normal
2026-02-15 04:31:27.101069,Dubai-4c84,19,0,Normal
2026-02-15 04:31:28.101069,Dubai-4c84,13,14,Normal
2026-02-15 04:31:29.101069,Dubai-4c84,42,98,Normal
2026-02-15 04:31:30.101069,Dubai-4c84,22,43,Normal
2026-02-15 04:31:31.101069,Dubai-4c84,28,78,Normal
2026-02-15 04:31:32.101069,Dubai-4c84,9,6,Normal
2026-02-15 04:31:33.101069,Dubai-4c84,22,0,Normal
2026-02-15 04:31:34.101069,Dubai-4c84,-28,8,Normal
2026-02-15 04:31:35.101069,Dubai-4c84,-24,90,Normal
2026-02-15 04:31:36.101069,Dubai-4c84,17,18,Normal
2026-02-15 04:31:37.101069,Dubai-4c84,9,16,Normal
2026-02-15 04:31:38.101069,Dubai-4c84,19,99,Normal
2026-02-15 04:31:39.101069,Dubai-4c84,-30,12,Normal
2026-02-15 04:31:40.101069,Dubai-4c84,25,43,Normal
2026-02-15 04:31:41.101069,Dubai-4c84,-14,36,Normal
2026-02-15 04:31:42.101069,Dubai-4c84,49,96,Normal
2026-02-15 04:31:43.101069,Dubai-4c84,46,25,Normal
2026-02-15 04:31:44.101069,Dubai-4c84,28,89,Normal
2026-02-15 04:31:45.101069,Dubai-4c84,-1,33,Normal
2026-02-15 04:31:46.101069,Dubai-4c84,-24,9,Normal
2026-02-15 04:31:47.101069,Dubai-4c84,-15,15,Normal
2026-02-15 04:31:48.101069,Dubai-4c84,33,56,Normal
2026-02-15 04:31:49.101069,Dubai-4c84,40,70,Normal
2026-02-15 04:31:50.101069,Dubai-4c84,28,95,Normal
2026-02-15 04:31:51.101069,Dubai-4c84,-17,64,Normal
2026-02-15 04:31:52.101069,Dubai-4c84,5,99,Normal
2026-02-15 04:31:53.101069,Dubai-4c84,38,73,Normal
2026-02-15 04:31:54.101069,Dubai-4c84,14,68,Normal
2026-02-15 04:31:55.101069,Dubai-4c84,14,93,Normal
2026-02-15 04:31:56.101069,Dubai-4c84,-14,58,Normal
2026-02-15 04:31:57.101069,Dubai-4c84,-20,40,Normal
2026-02-15 04:31:58.101069,Dubai-4c84,-13,52,Normal
2026-02-15 04:31:59.101069,Dubai-4c84,-22,66,Normal
2026-02-15 04:32:00.101069,Dubai-4c84,-22,61,Normal
2026-02-15 04:32:01.101069,Dubai-4c84,30,98,Normal
2026-02-15 04:32:02.101069,Dubai-4c84,38,96,Normal
2026-02-15 04:32:03.101069,Dubai-4c84,-13,55,Normal
2026-02-15 04:32:04.101069,Dubai-4c84,-28,47,Normal
2026-02-15 04:32:05.101069,Dubai-4c84,0,87,Normal
2026-02-15 04:32:06.101069,Dubai-4c84,20,19,Normal
2026-02-15 04:32:07.101069,Dubai-4c84,39,37,Normal
2026-02-15 04:32:08.101069,Dubai-4c84,26,25,Normal
2026-02-15 04:32:09.101069,Dubai-4c84,32,45,Normal
2026-02-15 04:32:10.101069,Dubai-4c84,-18,2,Normal
2026-02-15 04:32:11.101069,Dubai-4c84,13,78,Normal
2026-02-15 04:32:12.101069,Dubai-4c84,2,94,Normal
2026-02-15 04:32:13.101069,Dubai-4c84,39,92,Normal
2026-02-15 04:32:14.101069,Dubai-4c84,25,87,Normal
2026-02-15 04:32:15.101069,Dubai-4c84,-27,58,Normal
2026-02-15 04:32:16.101069,Dubai-4c84,11,13,Normal
2026-02-15 04:32:17.101069,Dubai-4c84,21,95,Normal
2026-02-15 04:32:18.101069,Dubai-4c84,-26,77,Normal
2026-02-15 04:32:19.101069,Dubai-4c84,-13,90,Normal
2026-02-15 04:32:20.101069,Dubai-4c84,19,37,Normal
2026-02-15 04:32:21.101069,Dubai-4c84,-6,10,Normal
2026-02-15 04:32:22.101069,Dubai-4c84,-25,96,Normal
2026-02-15 04:32:23.101069,Dubai-4c84,-20,3,Normal
2026-02-15 04:32:24.101069,Dubai-4c84,-9,63,Normal
2026-02-15 04:32:25.101069,Dubai-4c84,6,76,Normal
2026-02-15 04:32:26.101069,Dubai-4c84,29,32,Normal
2026-02-15 04:32:27.101069,Dubai-4c84,49,68,Normal
2026-02-15 04:32:28.101069,Dubai-4c84,7,82,Normal
2026-02-15 04:32:29.101069,Dubai-4c84,24,90,Normal
2026-02-15 04:32:30.101069,Dubai-4c84,10,46,Normal
2026-02-15 04:32:31.101069,Dubai-4c84,46,95,Normal
2026-02-15 04:32:32.101069,Dubai-4c84,5,81,Normal
2026-02-15 04:32:33.101069,Dubai-4c84,35,88,Normal
2026-02-15 04:32:34.101069,Dubai-4c84,-21,23,Normal
2026-02-15 04:32:35.101069,Dubai-4c84,23,0,Normal
2026-02-15 04:32:36.101069,Dubai-4c84,45,96,Normal
2026-02-15 04:32:37.101069,Dubai-4c84,15,3,Normal
2026-02-15 04:32:38.101069,Dubai-4c84,43,17,Normal
2026-02-15 04:32:39.101069,Dubai-4c84,-9,78,Normal
2026-02-15 04:32:40.101069,Dubai-4c84,50,61,Normal
2026-02-15 04:32:41.101069,Dubai-4c84,30,85,Normal
2026-02-15 04:32:42.101069,Dubai-4c84,48,63,Normal
2026-02-15 04:32:43.101069,Dubai-4c84,40,34,Normal
2026-02-15 04:32:44.101069,Dubai-4c84,11,88,Normal
2026-02-15 04:32:45.101069,Dubai-4c84,30,15,Normal
2026-02-15 04:32:46.101069,Dubai-4c84,29,26,Normal
2026-02-15 04:32:47.101069,Dubai-4c84,-13,97,Normal
2026-02-15 04:32:48.101069,Dubai-4c84,1,4,Normal
2026-02-15 04:32:49.101069,Dubai-4c84,-13,59,Normal
2026-02-15 04:32:50.101069,Dubai-4c84,23,79,Normal
2026-02-15 04:32:51.101069,Dubai-4c84,-5,51,Normal
2026-02-15 04:32:52.101069,Dubai-4c84,-26,25,Normal
2026-02-15 04:32:53.101069,Dubai-4c84,39,15,Normal
2026-02-15 04:32:54.101069,Dubai-4c84,15,47,Normal
2026-02-15 04:32:55.101069,Dubai-4c84,-30,25,Normal
2026-02-15 04:32:56.101069,Dubai-4c84,31,58,Normal
2026-02-15 04:32:57.101069,Dubai-4c84,10,91,Normal
2026-02-15 04:32:58.101069,Dubai-4c84,-14,85,Normal
2026-02-15 04:32:59.101069,Dubai-4c84,41,83,Normal
2026-02-15 04:33:00.101069,Dubai-4c84,-21,71,Normal
2026-02-15 04:33:01.101069,Dubai-4c84,25,1,Normal
2026-02-15 04:33:02.101069,Dubai-4c84,25,59,Normal
2026-02-15 04:33:03.101069,Dubai-4c84,5,37,Normal
2026-02-15 04:33:04.101069,Dubai-4c84,35,51,Normal
2026-02-15 04:33:05.101069,Dubai-4c84,-28,81,Normal
2026-02-15 04:33:06.101069,Dubai-4c84,0,60,Normal
2026-02-15 04:33:07.101069,Dubai-4c84,15,41,Normal
2026-02-15 04:33:08.101069,Dubai-4c84,-25,70,Normal
2026-02-15 04:33:09.101069,Dubai-4c84,-11,78,Normal
2026-02-15 04:33:10.101069,Dubai-4c84,1,12,Normal
2026-02-15 04:33:11.101069,Dubai-4c84,50,0,Normal
2026-02-15 04:33:12.101069,Dubai-4c84,28,65,Normal
2026-02-15 04:33:13.101069,Dubai-4c84,-4,59,Normal
2026-02-15 04:33:14.101069,Dubai-4c84,-2,88,Normal
2026-02-15 04:33:15.101069,Dubai-4c84,-23,43,Normal
2026-02-15 04:33:16.101069,Dubai-4c84,-13,81,Normal
2026-02-15 04:33:17.101069,Dubai-4c84,35,70,Normal
2026-02-15 04:33:18.101069,Dubai-4c84,-5,94,Normal
2026-02-15 04:33:19.101069,Dubai-4c84,-12,4,Normal
2026-02-15 04:33:20.101069,Dubai-4c84,-20,18,Normal
2026-02-15 04:33:21.101069,Dubai-4c84,10,29,Normal
2026-02-15 04:33:22.101069,Dubai-4c84,-2,33,Normal
2026-02-15 04:33:23.101069,Dubai-4c84,5,63,Normal
2026-02-15 04:33:24.101069,Dubai-4c84,26,5,Normal
2026-02-15 04:33:25.101069,Dubai-4c84,-15,31,Normal
2026-02-15 04:33:26.101069,Dubai-4c84,41,39,Normal
2026-02-15 04:33:27.101069,Dubai-4c84,-2,52,Normal
2026-02-15 04:33:28.101069,Dubai-4c84,38,37,Normal
2026-02-15 04:33:29.101069,Dubai-4c84,36,28,Normal
2026-02-15 04:33:30.101069,Dubai-4c84,-30,13,Normal
2026-02-15 04:33:31.101069,Dubai-4c84,17,32,Normal
2026-02-15 04:33:32.101069,Dubai-4c84,-10,86,Normal
2026-02-15 04:33:33.101069,Dubai-4c84,13,92,Normal
2026-02-15 04:33:34.101069,Dubai-4c84,-4,13,Normal
2026-02-15 04:33:35.101069,Dubai-4c84,-2,99,Normal
2026-02-15 04:33:36.101069,Dubai-4c84,2,39,Normal
2026-02-15 04:33:37.101069,Dubai-4c84,-21,85,Normal
2026-02-15 04:33:38.101069,Dubai-4c84,-20,51,Normal
2026-02-15 04:33:39.101069,Dubai-4c84,-20,74,Normal
2026-02-15 04:33:40.101069,Dubai-4c84,7,37,Normal
2026-02-15 04:33:41.101069,Dubai-4c84,-6,98,Normal
2026-02-15 04:33:42.101069,Dubai-4c84,13,76,Normal
2026-02-15 04:33:43.101069,Dubai-4c84,-7,41,Normal
2026-02-15 04:33:44.101069,Dubai-4c84,36,98,Normal
2026-02-15 04:33:45.101069,Dubai-4c84,38,58,Normal
2026-02-15 04:33:46.101069,Dubai-4c84,18,59,Normal
2026-02-15 04:33:47.101069,Dubai-4c84,44,73,Normal
2026-02-15 04:33:48.101069,Dubai-4c84,1,74,Normal
2026-02-15 04:33:49.101069,Dubai-4c84,-25,15,Normal
2026-02-15 04:33:50.101069,Dubai-4c84,34,16,Normal
2026-02-15 04:33:51.101069,Dubai-4c84,-16,94,Normal
2026-02-15 04:33:52.101069,Dubai-4c84,45,11,Normal
2026-02-15 04:33:53.101069,Dubai-4c84,-3,15,Normal
2026-02-15 04:33:54.101069,Dubai-4c84,-12,41,Normal
2026-02-15 04:33:55.101069,Dubai-4c84,19,97,Normal
2026-02-15 04:33:56.101069,Dubai-4c84,17,4,Normal
2026-02-15 04:33:57.101069,Dubai-4c84,9,91,Normal
2026-02-15 04:33:58.101069,Dubai-4c84,-5,32,Normal
2026-02-15 04:33:59.101069,Dubai-4c84,22,75,Normal
2026-02-15 04:34:00.101069,Dubai-4c84,40,9,Normal
2026-02-15 04:34:01.101069,Dubai-4c84,-29,33,Normal
2026-02-15 04:34:02.101069,Dubai-4c84,39,79,Normal
2026-02-15 04:34:03.101069,Dubai-4c84,45,51,Normal
2026-02-15 04:34:04.101069,Dubai-4c84,14,68,Normal
2026-02-15 04:34:05.101069,Dubai-4c84,26,36,Normal
2026-02-15 04:34:06.101069,Dubai-4c84,-30,45,Normal
2026-02-15 04:34:07.101069,Dubai-4c84,-3,4,Normal
2026-02-15 04:34:08.101069,Dubai-4c84,41,63,Normal
2026-02-15 04:34:09.101069,Dubai-4c84,-3,92,Normal
2026-02-15 04:34:10.101069,Dubai-4c84,29,38,Normal
2026-02-15 04:34:11.101069,Dubai-4c84,38,77,Normal
2026-02-15 04:34:12.101069,Dubai-4c84,15,39,Normal
2026-02-15 04:34:13.101069,Dubai-4c84,-30,92,Normal
2026-02-15 04:34:14.101069,Dubai-4c84,-25,27,Normal
2026-02-15 04:34:15.101069,Dubai-4c84,31,91,Normal
2026-02-15 04:34:16.101069,Dubai-4c84,41,41,Normal
2026-02-15 04:34:17.101069,Dubai-4c84,28,9,Normal
2026-02-15 04:34:18.101069,Dubai-4c84,-7,41,Normal
2026-02-15 04:34:19.101069,Dubai-4c84,1,27,Normal
2026-02-15 04:34:20.101069,Dubai-4c84,-25,71,Normal
2026-02-15 04:34:21.101069,Dubai-4c84,45,55,Normal
2026-02-15 04:34:22.101069,Dubai-4c84,-23,86,Normal
2026-02-15 04:34:23.101069,Dubai-4c84,-5,48,Normal
2026-02-15 04:34:24.101069,Dubai-4c84,9,3,Normal
2026-02-15 04:34:25.101069,Dubai-4c84,9,45,Normal
2026-02-15 04:34:26.101069,Dubai-4c84,23,28,Normal
2026-02-15 04:34:27.101069,Dubai-4c84,-15,98,Normal
2026-02-15 04:34:28.101069,Dubai-4c84,-10,36,Normal
2026-02-15 04:34:29.101069,Dubai-4c84,30,36,Normal
2026-02-15 04:34:30.101069,Dubai-4c84,-8,78,Normal
2026-02-15 04:34:31.101069,Dubai-4c84,-8,49,Normal
2026-02-15 04:34:32.101069,Dubai-4c84,1,93,Normal
2026-02-15 04:34:33.101069,Dubai-4c84,47,73,Normal
2026-02-15 04:34:34.101069,Dubai-4c84,45,11,Normal
2026-02-15 04:34:35.101069,Dubai-4c84,12,76,Normal
2026-02-15 04:34:36.101069,Dubai-4c84,-14,100,Normal
2026-02-15 04:34:37.101069,Dubai-4c84,-9,55,Normal
2026-02-15 04:34:38.101069,Dubai-4c84,-23,9,Normal
2026-02-15 04:34:39.101069,Dubai-4c84,3,83,Normal
2026-02-15 04:34:40.101069,Dubai-4c84,2,44,Normal
2026-02-15 04:34:41.101069,Dubai-4c84,48,68,Normal
2026-02-15 04:34:42.101069,Dubai-4c84,-8,51,Normal
2026-02-15 04:34:43.101069,Dubai-4c84,-30,36,Normal
2026-02-15 04:34:44.101069,Dubai-4c84,-7,61,Normal
2026-02-15 04:34:45.101069,Dubai-4c84,45,88,Normal
2026-02-15 04:34:46.101069,Dubai-4c84,45,27,Normal
2026-02-15 04:34:47.101069,Dubai-4c84,39,19,Normal
2026-02-15 04:34:48.101069,Dubai-4c84,19,90,Normal
2026-02-15 04:34:49.101069,Dubai-4c84,-5,86,Normal
2026-02-15 04:34:50.101069,Dubai-4c84,-21,33,Normal
2026-02-15 04:34:51.101069,Dubai-4c84,-7,84,Normal
2026-02-15 04:34:52.101069,Dubai-4c84,-4,76,Normal
2026-02-15 04:34:53.101069,Dubai-4c84,-18,91,Normal
2026-02-15 04:34:54.101069,Dubai-4c84,-15,54,Normal
2026-02-15 04:34:55.101069,Dubai-4c84,-7,65,Normal
2026-02-15 04:34:56.101069,Dubai-4c84,-11,73,Normal
2026-02-15 04:34:57.101069,Dubai-4c84,-22,57,Normal
2026-02-15 04:34:58.101069,Dubai-4c84,-21,58,Normal
2026-02-15 04:34:59.101069,Dubai-4c84,-16,77,Normal
2026-02-15 04:35:00.101069,Dubai-4c84,-17,54,Normal
2026-02-15 04:35:01.101069,Dubai-4c84,16,10,Normal
2026-02-15 04:35:02.101069,Dubai-4c84,3,50,Normal
2026-02-15 04:35:03.101069,Dubai-4c84,32,29,Normal
2026-02-15 04:35:04.101069,Dubai-4c84,47,63,Normal
2026-02-15 04:35:05.101069,Dubai-4c84,-15,41,Normal
2026-02-15 04:35:06.101069,Dubai-4c84,-11,84,Normal
2026-02-15 04:35:07.101069,Dubai-4c84,-15,55,Normal
2026-02-15 04:35:08.101069,Dubai-4c84,32,42,Normal
2026-02-15 04:35:09.101069,Dubai-4c84,-15,35,Normal
2026-02-15 04:35:10.101069,Dubai-4c84,-15,69,Normal
2026-02-15 04:35:11.101069,Dubai-4c84,8,93,Normal
2026-02-15 04:35:12.101069,Dubai-4c84,-7,87,Normal
2026-02-15 04:35:13.101069,Dubai-4c84,50,60,Normal
2026-02-15 04:35:14.101069,Dubai-4c84,47,3,Normal
2026-02-15 04:35:15.101069,Dubai-4c84,-18,44,Normal
2026-02-15 04:35:16.101069,Dubai-4c84,2,68,Normal
2026-02-15 04:35:17.101069,Dubai-4c84,18,86,Normal
2026-02-15 04:35:18.101069,Dubai-4c84,8,93,Normal
2026-02-15 04:35:19.101069,Dubai-4c84,-26,96,Normal
2026-02-15 04:35:20.101069,Dubai-4c84,12,97,Normal
2026-02-15 04:35:21.101069,Dubai-4c84,48,72,Normal
2026-02-15 04:35:22.101069,Dubai-4c84,-12,49,Normal
2026-02-15 04:35:23.101069,Dubai-4c84,-11,4,Normal
2026-02-15 04:35:24.101069,Dubai-4c84,22,29,Normal
2026-02-15 04:35:25.101069,Dubai-4c84,-12,61,Normal
2026-02-15 04:35:26.101069,Dubai-4c84,38,0,Normal
2026-02-15 04:35:27.101069,Dubai-4c84,12,0,Normal
2026-02-15 04:35:28.101069,Dubai-4c84,-17,80,Normal
2026-02-15 04:35:29.101069,Dubai-4c84,-10,26,Normal
2026-02-15 04:35:30.101069,Dubai-4c84,-2,31,Normal
2026-02-15 04:35:31.101069,Dubai-4c84,15,75,Normal
2026-02-15 04:35:32.101069,Dubai-4c84,19,75,Normal
2026-02-15 04:35:33.101069,Dubai-4c84,39,23,Normal
2026-02-15 04:35:34.101069,Dubai-4c84,43,31,Normal
2026-02-15 04:35:35.101069,Dubai-4c84,11,70,Normal
2026-02-15 04:35:36.101069,Dubai-4c84,-26,35,Normal
2026-02-15 04:35:37.101069,Dubai-4c84,2,62,Normal
2026-02-15 04:35:38.101069,Dubai-4c84,12,61,Normal
2026-02-15 04:35:39.101069,Dubai-4c84,16,19,Normal
2026-02-15 04:35:40.101069,Dubai-4c84,-30,25,Normal
2026-02-15 04:35:41.101069,Dubai-4c84,-18,13,Normal
2026-02-15 04:35:42.101069,Dubai-4c84,-14,89,Normal
2026-02-15 04:35:43.101069,Dubai-4c84,-26,71,Normal
2026-02-15 04:35:44.101069,Dubai-4c84,0,1,Normal
2026-02-15 04:35:45.101069,Dubai-4c84,-8,16,Normal
2026-02-15 04:35:46.101069,Dubai-4c84,24,57,Normal
2026-02-15 04:35:47.101069,Dubai-4c84,46,19,Normal
2026-02-15 04:35:48.101069,Dubai-4c84,-22,13,Normal
2026-02-15 04:35:49.101069,Dubai-4c84,38,83,Normal
2026-02-15 04:35:50.101069,Dubai-4c84,-20,74,Normal
2026-02-15 04:35:51.101069,Dubai-4c84,25,58,Normal
2026-02-15 04:35:52.101069,Dubai-4c84,30,77,Normal
2026-02-15 04:35:53.101069,Dubai-4c84,-7,100,Normal
2026-02-15 04:35:54.101069,Dubai-4c84,35,100,Normal
2026-02-15 04:35:55.101069,Dubai-4c84,46,76,Normal
2026-02-15 04:35:56.101069,Dubai-4c84,-24,30,Normal
2026-02-15 04:35:57.101069,Dubai-4c84,-4,65,Normal
2026-02-15 04:35:58.101069,Dubai-4c84,42,69,Normal
2026-02-15 04:35:59.101069,Dubai-4c84,46,3,Normal
2026-02-15 04:36:00.101069,Dubai-4c84,48,21,Normal
2026-02-15 04:36:01.101069,Dubai-4c84,-9,34,Normal
2026-02-15 04:36:02.101069,Dubai-4c84,-21,96,Normal
2026-02-15 04:36:03.101069,Dubai-4c84,-17,89,Normal
2026-02-15 04:36:04.101069,Dubai-4c84,-15,77,Normal
2026-02-15 04:36:05.101069,Dubai-4c84,8,84,Normal
2026-02-15 04:36:06.101069,Dubai-4c84,18,40,Normal
2026-02-15 04:36:07.101069,Dubai-4c84,34,84,Normal
2026-02-15 04:36:08.101069,Dubai-4c84,29,25,Normal
2026-02-15 04:36:09.101069,Dubai-4c84,-30,81,Normal
2026-02-15 04:36:10.101069,Dubai-4c84,24,17,Normal
2026-02-15 04:36:11.101069,Dubai-4c84,10,88,Normal
2026-02-15 04:36:12.101069,Dubai-4c84,2,49,Normal
2026-02-15 04:36:13.101069,Dubai-4c84,30,20,Normal
2026-02-15 04:36:14.101069,Dubai-4c84,42,59,Normal
2026-02-15 04:36:15.101069,Dubai-4c84,22,17,Normal
2026-02-15 04:36:16.101069,Dubai-4c84,-17,5,Normal
2026-02-15 04:36:17.101069,Dubai-4c84,-6,8,Normal
2026-02-15 04:36:18.101069,Dubai-4c84,0,46,Normal
2026-02-15 04:36:19.101069,Dubai-4c84,-25,1,Normal
2026-02-15 04:36:20.101069,Dubai-4c84,41,46,Normal
2026-02-15 04:36:21.101069,Dubai-4c84,6,14,Normal
2026-02-15 04:36:22.101069,Dubai-4c84,2,82,Normal
2026-02-15 04:36:23.101069,Dubai-4c84,28,76,Normal
2026-02-15 04:36:24.101069,Dubai-4c84,-5,83,Normal
2026-02-15 04:36:25.101069,Dubai-4c84,-22,59,Normal
2026-02-15 04:36:26.101069,Dubai-4c84,27,42,Normal
2026-02-15 04:36:27.101069,Dubai-4c84,4,55,Normal
2026-02-15 04:36:28.101069,Dubai-4c84,29,58,Normal
2026-02-15 04:36:29.101069,Dubai-4c84,40,38,Normal
2026-02-15 04:36:30.101069,Dubai-4c84,42,23,Normal
2026-02-15 04:36:31.101069,Dubai-4c84,35,63,Normal
2026-02-15 04:36:32.101069,Dubai-4c84,43,43,Normal
2026-02-15 04:36:33.101069,Dubai-4c84,45,80,Normal
2026-02-15 04:36:34.101069,Dubai-4c84,8,13,Normal
2026-02-15 04:36:35.101069,Dubai-4c84,2,31,Normal
2026-02-15 04:36:36.101069,Dubai-4c84,23,68,Normal
2026-02-15 04:36:37.101069,Dubai-4c84,11,19,Normal
2026-02-15 04:36:38.101069,Dubai-4c84,22,89,Normal
2026-02-15 04:36:39.101069,Dubai-4c84,2,30,Normal
2026-02-15 04:36:40.101069,Dubai-4c84,-6,10,Normal
2026-02-15 04:36:41.101069,Dubai-4c84,0,66,Normal
2026-02-15 04:36:42.101069,Dubai-4c84,23,58,Normal
2026-02-15 04:36:43.101069,Dubai-4c84,19,43,Normal
2026-02-15 04:36:44.101069,Dubai-4c84,17,17,Normal
2026-02-15 04:36:45.101069,Dubai-4c84,-27,52,Normal
2026-02-15 04:36:46.101069,Dubai-4c84,-22,65,Normal
2026-02-15 04:36:47.101069,Dubai-4c84,-30,26,Normal
2026-02-15 04:36:48.101069,Dubai-4c84,19,18,Normal
2026-02-15 04:36:49.101069,Dubai-4c84,38,63,Normal
2026-02-15 04:36:50.101069,Dubai-4c84,10,91,Normal
2026-02-15 04:36:51.101069,Dubai-4c84,13,52,Normal
2026-02-15 04:36:52.101069,Dubai-4c84,11,54,Normal
2026-02-15 04:36:53.101069,Dubai-4c84,0,61,Normal
2026-02-15 04:36:54.101069,Dubai-4c84,-16,29,Normal
2026-02-15 04:36:55.101069,Dubai-4c84,37,26,Normal
2026-02-15 04:36:56.101069,Dubai-4c84,36,36,Normal
2026-02-15 04:36:57.101069,Dubai-4c84,6,90,Normal
2026-02-15 04:36:58.101069,Dubai-4c84,19,44,Normal
2026-02-15 04:36:59.101069,Dubai-4c84,-26,85,Normal
2026-02-15 04:37:00.101069,Dubai-4c84,20,59,Normal
2026-02-15 04:37:01.101069,Dubai-4c84,-24,2,Normal
2026-02-15 04:37:02.101069,Dubai-4c84,7,75,Normal
2026-02-15 04:37:03.101069,Dubai-4c84,-21,3,Normal
2026-02-15 04:37:04.101069,Dubai-4c84,-5,42,Normal
2026-02-15 04:37:05.101069,Dubai-4c84,-3,89,Normal
2026-02-15 04:37:06.101069,Dubai-4c84,-22,49,Normal
2026-02-15 04:37:07.101069,Dubai-4c84,-8,5,Normal
2026-02-15 04:37:08.101069,Dubai-4c84,-23,58,Normal
2026-02-15 04:37:09.101069,Dubai-4c84,-29,23,Normal
2026-02-15 04:37:10.101069,Dubai-4c84,-16,23,Normal
2026-02-15 04:37:11.101069,Dubai-4c84,27,80,Normal
2026-02-15 04:37:12.101069,Dubai-4c84,-21,8,Normal
2026-02-15 04:37:13.101069,Dubai-4c84,35,97,Normal
2026-02-15 04:37:14.101069,Dubai-4c84,39,30,Normal
2026-02-15 04:37:15.101069,Dubai-4c84,-17,84,Normal
2026-02-15 04:37:16.101069,Dubai-4c84,9,53,Normal
2026-02-15 04:37:17.101069,Dubai-4c84,-13,28,Normal
2026-02-15 04:37:18.101069,Dubai-4c84,25,52,Normal
2026-02-15 04:37:19.101069,Dubai-4c84,7,37,Normal
2026-02-15 04:37:20.101069,Dubai-4c84,31,91,Normal
2026-02-15 04:37:21.101069,Dubai-4c84,48,10,Normal
2026-02-15 04:37:22.101069,Dubai-4c84,5,82,Normal
2026-02-15 04:37:23.101069,Dubai-4c84,-13,35,Normal
2026-02-15 04:37:24.101069,Dubai-4c84,16,30,Normal
2026-02-15 04:37:25.101069,Dubai-4c84,14,38,Normal
2026-02-15 04:37:26.101069,Dubai-4c84,-20,15,Normal
2026-02-15 04:37:27.101069,Dubai-4c84,20,2,Normal
2026-02-15 04:37:28.101069,Dubai-4c84,-9,34,Normal
2026-02-15 04:37:29.101069,Dubai-4c84,8,8,Normal
2026-02-15 04:37:30.101069,Dubai-4c84,-4,19,Normal
2026-02-15 04:37:31.101069,Dubai-4c84,42,11,Normal
2026-02-15 04:37:32.101069,Dubai-4c84,12,23,Normal
2026-02-15 04:37:33.101069,Dubai-4c84,8,42,Normal
2026-02-15 04:37:34.101069,Dubai-4c84,-24,23,Normal
2026-02-15 04:37:35.101069,Dubai-4c84,-24,66,Normal
2026-02-15 04:37:36.101069,Dubai-4c84,-8,78,Normal
2026-02-15 04:37:37.101069,Dubai-4c84,-10,1,Normal
2026-02-15 04:37:38.101069,Dubai-4c84,-22,93,Normal
2026-02-15 04:37:39.101069,Dubai-4c84,16,57,Normal
2026-02-15 04:37:40.101069,Dubai-4c84,29,25,Normal
2026-02-15 04:37:41.101069,Dubai-4c84,29,21,Normal
2026-02-15 04:37:42.101069,Dubai-4c84,11,81,Normal
2026-02-15 04:37:43.101069,Dubai-4c84,39,25,Normal
2026-02-15 04:37:44.101069,Dubai-4c84,-21,62,Normal
2026-02-15 04:37:45.101069,Dubai-4c84,36,29,Normal
2026-02-15 04:37:46.101069,Dubai-4c84,-28,27,Normal
2026-02-15 04:37:47.101069,Dubai-4c84,41,45,Normal
2026-02-15 04:37:48.101069,Dubai-4c84,-23,35,Normal
2026-02-15 04:37:49.101069,Dubai-4c84,20,15,Normal
2026-02-15 04:37:50.101069,Dubai-4c84,9,90,Normal
2026-02-15 04:37:51.101069,Dubai-4c84,39,11,Normal
2026-02-15 04:37:52.101069,Dubai-4c84,-19,72,Normal
2026-02-15 04:37:53.101069,Dubai-4c84,49,50,Normal
2026-02-15 04:37:54.101069,Dubai-4c84,16,45,Normal
2026-02-15 04:37:55.101069,Dubai-4c84,33,52,Normal
2026-02-15 04:37:56.101069,Dubai-4c84,22,17,Normal
2026-02-15 04:37:57.101069,Dubai-4c84,-9,58,Normal
2026-02-15 04:37:58.101069,Dubai-4c84,-26,89,Normal
2026-02-15 04:37:59.101069,Dubai-4c84,39,79,Normal
2026-02-15 04:38:00.101069,Dubai-4c84,-22,91,Normal
2026-02-15 04:38:01.101069,Dubai-4c84,46,0,Normal
2026-02-15 04:38:02.101069,Dubai-4c84,-13,17,Normal
2026-02-15 04:38:03.101069,Dubai-4c84,7,87,Normal
2026-02-15 04:38:04.101069,Dubai-4c84,20,16,Normal
2026-02-15 04:38:05.101069,Dubai-4c84,-5,51,Normal
2026-02-15 04:38:06.101069,Dubai-4c84,-30,73,Normal
2026-02-15 04:38:07.101069,Dubai-4c84,4,87,Normal
2026-02-15 04:38:08.101069,Dubai-4c84,-16,43,Normal
2026-02-15 04:38:09.101069,Dubai-4c84,-28,96,Normal
2026-02-15 04:38:10.101069,Dubai-4c84,49,93,Normal
2026-02-15 04:38:11.101069,Dubai-4c84,34,85,Normal
2026-02-15 04:38:12.101069,Dubai-4c84,41,19,Normal
2026-02-15 04:38:13.101069,Dubai-4c84,27,60,Normal
2026-02-15 04:38:14.101069,Dubai-4c84,-25,95,Normal
2026-02-15 04:38:15.101069,Dubai-4c84,-1,36,Normal
2026-02-15 04:38:16.101069,Dubai-4c84,-15,30,Normal
2026-02-15 04:38:17.101069,Dubai-4c84,-5,19,Normal
2026-02-15 04:38:18.101069,Dubai-4c84,0,25,Normal
2026-02-15 04:38:19.101069,Dubai-4c84,-21,64,Normal
2026-02-15 04:38:20.101069,Dubai-4c84,-9,25,Normal
2026-02-15 04:38:21.101069,Dubai-4c84,13,97,Normal
2026-02-15 04:38:22.101069,Dubai-4c84,14,95,Normal
2026-02-15 04:38:23.101069,Dubai-4c84,47,0,Normal
2026-02-15 04:38:24.101069,Dubai-4c84,-28,66,Normal
2026-02-15 04:38:25.101069,Dubai-4c84,2,56,Normal
2026-02-15 04:38:26.101069,Dubai-4c84,45,50,Normal
2026-02-15 04:38:27.101069,Dubai-4c84,-4,48,Normal
2026-02-15 04:38:28.101069,Dubai-4c84,-30,53,Normal
2026-02-15 04:38:29.101069,Dubai-4c84,44,87,Normal
2026-02-15 04:38:30.101069,Dubai-4c84,15,46,Normal
2026-02-15 04:38:31.101069,Dubai-4c84,11,98,Normal
2026-02-15 04:38:32.101069,Dubai-4c84,-27,48,Normal
2026-02-15 04:38:33.101069,Dubai-4c84,-8,29,Normal
2026-02-15 04:38:34.101069,Dubai-4c84,-24,47,Normal
2026-02-15 04:38:35.101069,Dubai-4c84,0,17,Normal
2026-02-15 04:38:36.101069,Dubai-4c84,45,26,Normal
2026-02-15 04:38:37.101069,Dubai-4c84,30,77,Normal
2026-02-15 04:38:38.101069,Dubai-4c84,-14,95,Normal
2026-02-15 04:38:39.101069,Dubai-4c84,18,72,Normal
2026-02-15 04:38:40.101069,Dubai-4c84,46,96,Normal
2026-02-15 04:38:41.101069,Dubai-4c84,14,57,Normal
2026-02-15 04:38:42.101069,Dubai-4c84,36,43,Normal
2026-02-15 04:38:43.101069,Dubai-4c84,35,78,Normal
2026-02-15 04:38:44.101069,Dubai-4c84,43,3,Normal
2026-02-15 04:38:45.101069,Dubai-4c84,-7,9,Normal
2026-02-15 04:38:46.101069,Dubai-4c84,-6,16,Normal
2026-02-15 04:38:47.101069,Dubai-4c84,30,24,Normal
2026-02-15 04:38:48.101069,Dubai-4c84,-26,3,Normal
2026-02-15 04:38:49.101069,Dubai-4c84,-21,18,Normal
2026-02-15 04:38:50.101069,Dubai-4c84,49,85,Normal
2026-02-15 04:38:51.101069,Dubai-4c84,-16,33,Normal
2026-02-15 04:38:52.101069,Dubai-4c84,30,37,Normal
2026-02-15 04:38:53.101069,Dubai-4c84,-26,63,Normal
2026-02-15 04:38:54.101069,Dubai-4c84,-4,90,Normal
2026-02-15 04:38:55.101069,Dubai-4c84,-19,43,Normal
2026-02-15 04:38:56.101069,Dubai-4c84,-21,56,Normal
2026-02-15 04:38:57.101069,Dubai-4c84,9,94,Normal
2026-02-15 04:38:58.101069,Dubai-4c84,34,68,Normal
2026-02-15 04:38:59.101069,Dubai-4c84,31,58,Normal
2026-02-15 04:39:00.101069,Dubai-4c84,-3,54,Normal
2026-02-15 04:39:01.101069,Dubai-4c84,-22,95,Normal
2026-02-15 04:39:02.101069,Dubai-4c84,39,31,Normal
2026-02-15 04:39:03.101069,Dubai-4c84,-5,57,Normal
2026-02-15 04:39:04.101069,Dubai-4c84,13,10,Normal
2026-02-15 04:39:05.101069,Dubai-4c84,33,16,Normal
2026-02-15 04:39:06.101069,Dubai-4c84,3,48,Normal
2026-02-15 04:39:07.101069,Dubai-4c84,-26,33,Normal
2026-02-15 04:39:08.101069,Dubai-4c84,36,24,Normal
2026-02-15 04:39:09.101069,Dubai-4c84,3,5,Normal
2026-02-15 04:39:10.101069,Dubai-4c84,15,6,Normal
2026-02-15 04:39:11.101069,Dubai-4c84,-5,19,Normal
2026-02-15 04:39:12.101069,Dubai-4c84,46,6,Normal
2026-02-15 04:39:13.101069,Dubai-4c84,-13,97,Normal
2026-02-15 04:39:14.101069,Dubai-4c84,-10,88,Normal
2026-02-15 04:39:15.101069,Dubai-4c84,-2,72,Normal
2026-02-15 04:39:16.101069,Dubai-4c84,28,58,Normal
2026-02-15 04:39:17.101069,Dubai-4c84,38,24,Normal
2026-02-15 04:39:18.101069,Dubai-4c84,-24,57,Normal
2026-02-15 04:39:19.101069,Dubai-4c84,27,17,Normal
2026-02-15 04:39:20.101069,Dubai-4c84,-9,61,Normal
2026-02-15 04:39:21.101069,Dubai-4c84,26,14,Normal
2026-02-15 04:39:22.101069,Dubai-4c84,38,52,Normal
2026-02-15 04:39:23.101069,Dubai-4c84,-22,2,Normal
2026-02-15 04:39:24.101069,Dubai-4c84,31,54,Normal
2026-02-15 04:39:25.101069,Dubai-4c84,17,51,Normal
2026-02-15 04:39:26.101069,Dubai-4c84,31,48,Normal
2026-02-15 04:39:27.101069,Dubai-4c84,46,57,Normal
2026-02-15 04:39:28.101069,Dubai-4c84,38,38,Normal
2026-02-15 04:39:29.101069,Dubai-4c84,35,82,Normal
2026-02-15 04:39:30.101069,Dubai-4c84,16,75,Normal
2026-02-15 04:39:31.101069,Dubai-4c84,-3,58,Normal
2026-02-15 04:39:32.101069,Dubai-4c84,6,22,Normal
2026-02-15 04:39:33.101069,Dubai-4c84,-5,84,Normal
2026-02-15 04:39:34.101069,Dubai-4c84,-19,98,Normal
2026-02-15 04:39:35.101069,Dubai-4c84,33,6,Normal
2026-02-15 04:39:36.101069,Dubai-4c84,42,69,Normal
2026-02-15 04:39:37.101069,Dubai-4c84,-21,79,Normal
2026-02-15 04:39:38.101069,Dubai-4c84,-30,5,Normal
2026-02-15 04:39:39.101069,Dubai-4c84,-15,31,Normal
2026-02-15 04:39:40.101069,Dubai-4c84,46,68,Normal
2026-02-15 04:39:41.101069,Dubai-4c84,-7,18,Normal
2026-02-15 04:39:42.101069,Dubai-4c84,-16,99,Normal
2026-02-15 04:39:43.101069,Dubai-4c84,-28,42,Normal
2026-02-15 04:39:44.101069,Dubai-4c84,3,34,Normal
2026-02-15 04:39:45.101069,Dubai-4c84,6,27,Normal
2026-02-15 04:39:46.101069,Dubai-4c84,-15,20,Normal
2026-02-15 04:39:47.101069,Dubai-4c84,39,21,Normal
2026-02-15 04:39:48.101069,Dubai-4c84,-1,72,Normal
2026-02-15 04:39:49.101069,Dubai-4c84,38,98,Normal
2026-02-15 04:39:50.101069,Dubai-4c84,49,48,Normal
2026-02-15 04:39:51.101069,Dubai-4c84,-13,27,Normal
2026-02-15 04:39:52.101069,Dubai-4c84,-6,65,Normal
2026-02-15 04:39:53.101069,Dubai-4c84,39,9,Normal
2026-02-15 04:39:54.101069,Dubai-4c84,-20,54,Normal
2026-02-15 04:39:55.101069,Dubai-4c84,13,14,Normal
2026-02-15 04:39:56.101069,Dubai-4c84,-20,6,Normal
2026-02-15 04:39:57.101069,Dubai-4c84,48,31,Normal
2026-02-15 04:39:58.101069,Dubai-4c84,5,55,Normal
2026-02-15 04:39:59.101069,Dubai-4c84,-16,10,Normal
2026-02-15 04:40:00.101069,Dubai-4c84,37,75,Normal
2026-02-15 04:40:01.101069,Dubai-4c84,39,89,Normal
2026-02-15 04:40:02.101069,Dubai-4c84,43,58,Normal
2026-02-15 04:40:03.101069,Dubai-4c84,-28,56,Normal
2026-02-15 04:40:04.101069,Dubai-4c84,49,47,Normal
2026-02-15 04:40:05.101069,Dubai-4c84,5,92,Normal
2026-02-15 04:40:06.101069,Dubai-4c84,1,42,Normal
2026-02-15 04:40:07.101069,Dubai-4c84,11,74,Normal
2026-02-15 04:40:08.101069,Dubai-4c84,0,0,Normal
2026-02-15 04:40:09.101069,Dubai-4c84,19,35,Normal
2026-02-15 04:40:10.101069,Dubai-4c84,9,21,Normal
2026-02-15 04:40:11.101069,Dubai-4c84,-8,90,Normal
2026-02-15 04:40:12.101069,Dubai-4c84,20,25,Normal
2026-02-15 04:40:13.101069,Dubai-4c84,-5,70,Normal
2026-02-15 04:40:14.101069,Dubai-4c84,-18,27,Normal
2026-02-15 04:40:15.101069,Dubai-4c84,-20,97,Normal
2026-02-15 04:40:16.101069,Dubai-4c84,-19,28,Normal
2026-02-15 04:40:17.101069,Dubai-4c84,13,11,Normal
2026-02-15 04:40:18.101069,Dubai-4c84,-16,1,Normal
2026-02-15 04:40:19.101069,Dubai-4c84,-9,73,Normal
2026-02-15 04:40:20.101069,Dubai-4c84,49,78,Normal
2026-02-15 04:40:21.101069,Dubai-4c84,-4,22,Normal
2026-02-15 04:40:22.101069,Dubai-4c84,-25,4,Normal
2026-02-15 04:40:23.101069,Dubai-4c84,33,38,Normal
2026-02-15 04:40:24.101069,Dubai-4c84,-19,0,Normal
2026-02-15 04:40:25.101069,Dubai-4c84,44,65,Normal
2026-02-15 04:40:26.101069,Dubai-4c84,32,1,Normal
2026-02-15 04:40:27.101069,Dubai-4c84,27,54,Normal
2026-02-15 04:40:28.101069,Dubai-4c84,12,24,Normal
2026-02-15 04:40:29.101069,Dubai-4c84,-20,80,Normal
2026-02-15 04:40:30.101069,Dubai-4c84,20,16,Normal
2026-02-15 04:40:31.101069,Dubai-4c84,46,40,Normal
2026-02-15 04:40:32.101069,Dubai-4c84,26,82,Normal
2026-02-15 04:40:33.101069,Dubai-4c84,49,32,Normal
2026-02-15 04:40:34.101069,Dubai-4c84,-15,81,Normal
2026-02-15 04:40:35.101069,Dubai-4c84,-2,50,Normal
2026-02-15 04:40:36.101069,Dubai-4c84,-11,84,Normal
2026-02-15 04:40:37.101069,Dubai-4c84,6,98,Normal
2026-02-15 04:40:38.101069,Dubai-4c84,7,24,Normal
2026-02-15 04:40:39.101069,Dubai-4c84,-20,3,Normal
2026-02-15 04:40:40.101069,Dubai-4c84,-19,26,Normal
2026-02-15 04:40:41.101069,Dubai-4c84,-4,4,Normal
2026-02-15 04:40:42.101069,Dubai-4c84,11,49,Normal
2026-02-15 04:40:43.101069,Dubai-4c84,-13,40,Normal
2026-02-15 04:40:44.101069,Dubai-4c84,23,69,Normal
2026-02-15 04:40:45.101069,Dubai-4c84,19,6,Normal
2026-02-15 04:40:46.101069,Dubai-4c84,-25,2,Normal
2026-02-15 04:40:47.101069,Dubai-4c84,-5,36,Normal
2026-02-15 04:40:48.101069,Dubai-4c84,-18,97,Normal
2026-02-15 04:40:49.101069,Dubai-4c84,8,61,Normal
2026-02-15 04:40:50.101069,Dubai-4c84,-1,100,Normal
2026-02-15 04:40:51.101069,Dubai-4c84,7,76,Normal
2026-02-15 04:40:52.101069,Dubai-4c84,25,59,Normal
2026-02-15 04:40:53.101069,Dubai-4c84,-18,91,Normal
2026-02-15 04:40:54.101069,Dubai-4c84,32,21,Normal
2026-02-15 04:40:55.101069,Dubai-4c84,-23,91,Normal
2026-02-15 04:40:56.101069,Dubai-4c84,5,2,Normal
2026-02-15 04:40:57.101069,Dubai-4c84,8,10,Normal
2026-02-15 04:40:58.101069,Dubai-4c84,-30,29,Normal
2026-02-15 04:40:59.101069,Dubai-4c84,-28,96,Normal
2026-02-15 04:41:00.101069,Dubai-4c84,-10,24,Normal
2026-02-15 04:41:01.101069,Dubai-4c84,1,81,Normal
2026-02-15 04:41:02.101069,Dubai-4c84,29,11,Normal
2026-02-15 04:41:03.101069,Dubai-4c84,-15,99,Normal
2026-02-15 04:41:04.101069,Dubai-4c84,30,44,Normal
2026-02-15 04:41:05.101069,Dubai-4c84,-23,53,Normal
2026-02-15 04:41:06.101069,Dubai-4c84,41,96,Normal
2026-02-15 04:41:07.101069,Dubai-4c84,4,57,Normal
2026-02-15 04:41:08.101069,Dubai-4c84,26,7,Normal
2026-02-15 04:41:09.101069,Dubai-4c84,25,85,Normal
2026-02-15 04:41:10.101069,Dubai-4c84,50,55,Normal
2026-02-15 04:41:11.101069,Dubai-4c84,10,83,Normal
2026-02-15 04:41:12.101069,Dubai-4c84,-30,41,Normal
2026-02-15 04:41:13.101069,Dubai-4c84,1,18,Normal
2026-02-15 04:41:14.101069,Dubai-4c84,42,80,Normal
2026-02-15 04:41:15.101069,Dubai-4c84,44,71,Normal
2026-02-15 04:41:16.101069,Dubai-4c84,-6,44,Normal
2026-02-15 04:41:17.101069,Dubai-4c84,-10,70,Normal
2026-02-15 04:41:18.101069,Dubai-4c84,47,25,Normal
2026-02-15 04:41:19.101069,Dubai-4c84,41,80,Normal
2026-02-15 04:41:20.101069,Dubai-4c84,22,18,Normal
2026-02-15 04:41:21.101069,Dubai-4c84,-30,29,Normal
2026-02-15 04:41:22.101069,Dubai-4c84,-22,26,Normal
2026-02-15 04:41:23.101069,Dubai-4c84,17,77,Normal
2026-02-15 04:41:24.101069,Dubai-4c84,12,29,Normal
2026-02-15 04:41:25.101069,Dubai-4c84,-9,76,Normal
2026-02-15 04:41:26.101069,Dubai-4c84,13,9,Normal
2026-02-15 04:41:27.101069,Dubai-4c84,-3,27,Normal
2026-02-15 04:41:28.101069,Dubai-4c84,11,45,Normal
2026-02-15 04:41:29.101069,Dubai-4c84,-8,77,Normal
2026-02-15 04:41:30.101069,Dubai-4c84,-10,27,Normal
2026-02-15 04:41:31.101069,Dubai-4c84,3,89,Normal
2026-02-15 04:41:32.101069,Dubai-4c84,1,28,Normal
2026-02-15 04:41:33.101069,Dubai-4c84,40,95,Normal
2026-02-15 04:41:34.101069,Dubai-4c84,-14,71,Normal
2026-02-15 04:41:35.101069,Dubai-4c84,30,52,Normal
2026-02-15 04:41:36.101069,Dubai-4c84,16,53,Normal
2026-02-15 04:41:37.101069,Dubai-4c84,50,62,Normal
2026-02-15 04:41:38.101069,Dubai-4c84,16,57,Normal
2026-02-15 04:41:39.101069,Dubai-4c84,49,74,Normal
2026-02-15 04:41:40.101069,Dubai-4c84,15,37,Normal
2026-02-15 04:41:41.101069,Dubai-4c84,-14,28,Normal
2026-02-15 04:41:42.101069,Dubai-4c84,8,2,Normal
2026-02-15 04:41:43.101069,Dubai-4c84,44,51,Normal
2026-02-15 04:41:44.101069,Dubai-4c84,15,95,Normal
2026-02-15 04:41:45.101069,Dubai-4c84,4,52,Normal
2026-02-15 04:41:46.101069,Dubai-4c84,-26,81,Normal
2026-02-15 04:41:47.101069,Dubai-4c84,0,90,Normal
2026-02-15 04:41:48.101069,Dubai-4c84,43,61,Normal
2026-02-15 04:41:49.101069,Dubai-4c84,37,53,Normal
2026-02-15 04:41:50.101069,Dubai-4c84,-7,10,Normal
2026-02-15 04:41:51.101069,Dubai-4c84,40,88,Normal
2026-02-15 04:41:52.101069,Dubai-4c84,-28,23,Normal
2026-02-15 04:41:53.101069,Dubai-4c84,15,76,Normal
2026-02-15 04:41:54.101069,Dubai-4c84,42,21,Normal
2026-02-15 04:41:55.101069,Dubai-4c84,-20,11,Normal
2026-02-15 04:41:56.101069,Dubai-4c84,-24,4,Normal
2026-02-15 04:41:57.101069,Dubai-4c84,13,82,Normal
2026-02-15 04:41:58.101069,Dubai-4c84,4,97,Normal
2026-02-15 04:41:59.101069,Dubai-4c84,19,83,Normal
2026-02-15 04:42:00.101069,Dubai-4c84,14,46,Normal
2026-02-15 04:42:01.101069,Dubai-4c84,-1,10,Normal
2026-02-15 04:42:02.101069,Dubai-4c84,44,46,Normal
2026-02-15 04:42:03.101069,Dubai-4c84,42,22,Normal
2026-02-15 04:42:04.101069,Dubai-4c84,37,72,Normal
2026-02-15 04:42:05.101069,Dubai-4c84,-12,31,Normal
2026-02-15 04:42:06.101069,Dubai-4c84,20,24,Normal
2026-02-15 04:42:07.101069,Dubai-4c84,24,26,Normal
2026-02-15 04:42:08.101069,Dubai-4c84,-28,17,Normal
2026-02-15 04:42:09.101069,Dubai-4c84,45,59,Normal
2026-02-15 04:42:10.101069,Dubai-4c84,-21,84,Normal
2026-02-15 04:42:11.101069,Dubai-4c84,-6,36,Normal
2026-02-15 04:42:12.101069,Dubai-4c84,-4,43,Normal
2026-02-15 04:42:13.101069,Dubai-4c84,32,33,Normal
2026-02-15 04:42:14.101069,Dubai-4c84,-2,30,Normal
2026-02-15 04:42:15.101069,Dubai-4c84,16,26,Normal
2026-02-15 04:42:16.101069,Dubai-4c84,-20,64,Normal
2026-02-15 04:42:17.101069,Dubai-4c84,41,30,Normal
2026-02-15 04:42:18.101069,Dubai-4c84,-10,100,Normal
2026-02-15 04:42:19.101069,Dubai-4c84,33,80,Normal
2026-02-15 04:42:20.101069,Dubai-4c84,-1,68,Normal
2026-02-15 04:42:21.101069,Dubai-4c84,-29,12,Normal
2026-02-15 04:42:22.101069,Dubai-4c84,-4,48,Normal
2026-02-15 04:42:23.101069,Dubai-4c84,15,31,Normal
2026-02-15 04:42:24.101069,Dubai-4c84,13,7,Normal
2026-02-15 04:42:25.101069,Dubai-4c84,-19,22,Normal
2026-02-15 04:42:26.101069,Dubai-4c84,36,43,Normal
2026-02-15 04:42:27.101069,Dubai-4c84,-27,72,Normal
2026-02-15 04:42:28.101069,Dubai-4c84,-3,21,Normal
2026-02-15 04:42:29.101069,Dubai-4c84,50,65,Normal
2026-02-15 04:42:30.101069,Dubai-4c84,-13,47,Normal
2026-02-15 04:42:31.101069,Dubai-4c84,36,12,Normal
2026-02-15 04:42:32.101069,Dubai-4c84,11,82,Normal
2026-02-15 04:42:33.101069,Dubai-4c84,47,51,Normal
2026-02-15 04:42:34.101069,Dubai-4c84,25,95,Normal
2026-02-15 04:42:35.101069,Dubai-4c84,-14,55,Normal
2026-02-15 04:42:36.101069,Dubai-4c84,16,67,Normal
2026-02-15 04:42:37.101069,Dubai-4c84,36,80,Normal
2026-02-15 04:42:38.101069,Dubai-4c84,28,0,Normal
2026-02-15 04:42:39.101069,Dubai-4c84,27,56,Normal
2026-02-15 04:42:40.101069,Dubai-4c84,-28,90,Normal
2026-02-15 04:42:41.101069,Dubai-4c84,32,14,Normal
2026-02-15 04:42:42.101069,Dubai-4c84,23,17,Normal
2026-02-15 04:42:43.101069,Dubai-4c84,30,87,Normal
2026-02-15 04:42:44.101069,Dubai-4c84,27,51,Normal
2026-02-15 04:42:45.101069,Dubai-4c84,44,90,Normal
2026-02-15 04:42:46.101069,Dubai-4c84,48,90,Normal
2026-02-15 04:42:47.101069,Dubai-4c84,-12,93,Normal
2026-02-15 04:42:48.101069,Dubai-4c84,8,57,Normal
2026-02-15 04:42:49.101069,Dubai-4c84,-30,54,Normal
2026-02-15 04:42:50.101069,Dubai-4c84,14,86,Normal
2026-02-15 04:42:51.101069,Dubai-4c84,18,71,Normal
2026-02-15 04:42:52.101069,Dubai-4c84,5,7,Normal
2026-02-15 04:42:53.101069,Dubai-4c84,40,47,Normal
2026-02-15 04:42:54.101069,Dubai-4c84,-23,91,Normal
2026-02-15 04:42:55.101069,Dubai-4c84,19,32,Normal
2026-02-15 04:42:56.101069,Dubai-4c84,31,16,Normal
2026-02-15 04:42:57.101069,Dubai-4c84,40,21,Normal
2026-02-15 04:42:58.101069,Dubai-4c84,28,63,Normal
2026-02-15 04:42:59.101069,Dubai-4c84,-11,21,Normal
2026-02-15 04:43:00.101069,Dubai-4c84,44,17,Normal
2026-02-15 04:43:01.101069,Dubai-4c84,-13,27,Normal
2026-02-15 04:43:02.101069,Dubai-4c84,-7,72,Normal
2026-02-15 04:43:03.101069,Dubai-4c84,-15,97,Normal
2026-02-15 04:43:04.101069,Dubai-4c84,30,77,Normal
2026-02-15 04:43:05.101069,Dubai-4c84,13,36,Normal
2026-02-15 04:43:06.101069,Dubai-4c84,-3,77,Normal
2026-02-15 04:43:07.101069,Dubai-4c84,-13,90,Normal
2026-02-15 04:43:08.101069,Dubai-4c84,14,60,Normal
2026-02-15 04:43:09.101069,Dubai-4c84,-11,60,Normal
2026-02-15 04:43:10.101069,Dubai-4c84,43,90,Normal
2026-02-15 04:43:11.101069,Dubai-4c84,9,70,Normal
2026-02-15 04:43:12.101069,Dubai-4c84,38,52,Normal
2026-02-15 04:43:13.101069,Dubai-4c84,-30,9,Normal
2026-02-15 04:43:14.101069,Dubai-4c84,37,58,Normal
2026-02-15 04:43:15.101069,Dubai-4c84,42,83,Normal
2026-02-15 04:43:16.101069,Dubai-4c84,-8,70,Normal
2026-02-15 04:43:17.101069,Dubai-4c84,38,64,Normal
2026-02-15 04:43:18.101069,Dubai-4c84,-2,78,Normal
2026-02-15 04:43:19.101069,Dubai-4c84,7,47,Normal
2026-02-15 04:43:20.101069,Dubai-4c84,34,64,Normal
2026-02-15 04:43:21.101069,Dubai-4c84,43,70,Normal
2026-02-15 04:43:22.101069,Dubai-4c84,40,25,Normal
2026-02-15 04:43:23.101069,Dubai-4c84,5,9,Normal
2026-02-15 04:43:24.101069,Dubai-4c84,29,32,Normal
2026-02-15 04:43:25.101069,Dubai-4c84,-1,94,Normal
2026-02-15 04:43:26.101069,Dubai-4c84,1,60,Normal
2026-02-15 04:43:27.101069,Dubai-4c84,44,23,Normal
2026-02-15 04:43:28.101069,Dubai-4c84,22,37,Normal
2026-02-15 04:43:29.101069,Dubai-4c84,-20,82,Normal
2026-02-15 04:43:30.101069,Dubai-4c84,9,45,Normal
2026-02-15 04:43:31.101069,Dubai-4c84,-2,22,Normal
2026-02-15 04:43:32.101069,Dubai-4c84,43,94,Normal
2026-02-15 04:43:33.101069,Dubai-4c84,8,49,Normal
2026-02-15 04:43:34.101069,Dubai-4c84,0,54,Normal
2026-02-15 04:43:35.101069,Dubai-4c84,19,26,Normal
2026-02-15 04:43:36.101069,Dubai-4c84,19,58,Normal
2026-02-15 04:43:37.101069,Dubai-4c84,8,7,Normal
2026-02-15 04:43:38.101069,Dubai-4c84,35,27,Normal
2026-02-15 04:43:39.101069,Dubai-4c84,43,71,Normal
2026-02-15 04:43:40.101069,Dubai-4c84,18,77,Normal
2026-02-15 04:43:41.101069,Dubai-4c84,-23,63,Normal
2026-02-15 04:43:42.101069,Dubai-4c84,25,87,Normal
2026-02-15 04:43:43.101069,Dubai-4c84,-7,28,Normal
2026-02-15 04:43:44.101069,Dubai-4c84,27,84,Normal
2026-02-15 04:43:45.101069,Dubai-4c84,46,45,Normal
2026-02-15 04:43:46.101069,Dubai-4c84,-29,69,Normal
2026-02-15 04:43:47.101069,Dubai-4c84,-3,100,Normal
2026-02-15 04:43:48.101069,Dubai-4c84,-27,62,Normal
2026-02-15 04:43:49.101069,Dubai-4c84,-17,100,Normal
2026-02-15 04:43:50.101069,Dubai-4c84,-10,82,Normal
2026-02-15 04:43:51.101069,Dubai-4c84,23,44,Normal
2026-02-15 04:43:52.101069,Dubai-4c84,30,23,Normal
2026-02-15 04:43:53.101069,Dubai-4c84,21,87,Normal
2026-02-15 04:43:54.101069,Dubai-4c84,49,64,Normal
2026-02-15 04:43:55.101069,Dubai-4c84,11,66,Normal
2026-02-15 04:43:56.101069,Dubai-4c84,-19,67,Normal
2026-02-15 04:43:57.101069,Dubai-4c84,-11,97,Normal
2026-02-15 04:43:58.101069,Dubai-4c84,36,23,Normal
2026-02-15 04:43:59.101069,Dubai-4c84,-18,98,Normal
2026-02-15 04:44:00.101069,Dubai-4c84,-3,66,Normal
2026-02-15 04:44:01.101069,Dubai-4c84,9,83,Normal
2026-02-15 04:44:02.101069,Dubai-4c84,25,82,Normal
2026-02-15 04:44:03.101069,Dubai-4c84,10,73,Normal
2026-02-15 04:44:04.101069,Dubai-4c84,-25,19,Normal
2026-02-15 04:44:05.101069,Dubai-4c84,50,97,Normal
2026-02-15 04:44:06.101069,Dubai-4c84,3,24,Normal
2026-02-15 04:44:07.101069,Dubai-4c84,46,0,Normal
2026-02-15 04:44:08.101069,Dubai-4c84,-11,60,Normal
2026-02-15 04:44:09.101069,Dubai-4c84,31,14,Normal
2026-02-15 04:44:10.101069,Dubai-4c84,40,4,Normal
2026-02-15 04:44:11.101069,Dubai-4c84,-29,67,Normal
2026-02-15 04:44:12.101069,Dubai-4c84,46,55,Normal
2026-02-15 04:44:13.101069,Dubai-4c84,-15,62,Normal
2026-02-15 04:44:14.101069,Dubai-4c84,3,75,Normal
2026-02-15 04:44:15.101069,Dubai-4c84,-17,55,Normal
2026-02-15 04:44:16.101069,Dubai-4c84,-19,31,Normal
2026-02-15 04:44:17.101069,Dubai-4c84,12,56,Normal
2026-02-15 04:44:18.101069,Dubai-4c84,8,97,Normal
2026-02-15 04:44:19.101069,Dubai-4c84,-3,75,Normal
2026-02-15 04:44:20.101069,Dubai-4c84,-29,99,Normal
2026-02-15 04:44:21.101069,Dubai-4c84,1,75,Normal
2026-02-15 04:44:22.101069,Dubai-4c84,-17,68,Normal
2026-02-15 04:44:23.101069,Dubai-4c84,-27,31,Normal
2026-02-15 04:44:24.101069,Dubai-4c84,10,53,Normal
2026-02-15 04:44:25.101069,Dubai-4c84,-29,20,Normal
2026-02-15 04:44:26.101069,Dubai-4c84,-25,12,Normal
2026-02-15 04:44:27.101069,Dubai-4c84,50,51,Normal
2026-02-15 04:44:28.101069,Dubai-4c84,33,10,Normal
2026-02-15 04:44:29.101069,Dubai-4c84,19,49,Normal
2026-02-15 04:44:30.101069,Dubai-4c84,44,61,Normal
2026-02-15 04:44:31.101069,Dubai-4c84,-1,9,Normal
2026-02-15 04:44:32.101069,Dubai-4c84,-26,56,Normal
2026-02-15 04:44:33.101069,Dubai-4c84,45,43,Normal
2026-02-15 04:44:34.101069,Dubai-4c84,-6,54,Normal
2026-02-15 04:44:35.101069,Dubai-4c84,-3,28,Normal
2026-02-15 04:44:36.101069,Dubai-4c84,35,18,Normal
2026-02-15 04:44:37.101069,Dubai-4c84,28,35,Normal
2026-02-15 04:44:38.101069,Dubai-4c84,-26,6,Normal
2026-02-15 04:44:39.101069,Dubai-4c84,49,16,Normal
2026-02-15 04:44:40.101069,Dubai-4c84,42,26,Normal
2026-02-15 04:44:41.101069,Dubai-4c84,18,90,Normal
2026-02-15 04:44:42.101069,Dubai-4c84,17,28,Normal
2026-02-15 04:44:43.101069,Dubai-4c84,37,32,Normal
2026-02-15 04:44:44.101069,Dubai-4c84,33,18,Normal
2026-02-15 04:44:45.101069,Dubai-4c84,-30,40,Normal
2026-02-15 04:44:46.101069,Dubai-4c84,10,48,Normal
2026-02-15 04:44:47.101069,Dubai-4c84,-28,83,Normal
2026-02-15 04:44:48.101069,Dubai-4c84,-11,9,Normal
2026-02-15 04:44:49.101069,Dubai-4c84,-5,38,Normal
2026-02-15 04:44:50.101069,Dubai-4c84,-27,96,Normal
2026-02-15 04:44:51.101069,Dubai-4c84,44,18,Normal
2026-02-15 04:44:52.101069,Dubai-4c84,46,21,Normal
2026-02-15 04:44:53.101069,Dubai-4c84,25,84,Normal
2026-02-15 04:44:54.101069,Dubai-4c84,-12,35,Normal
2026-02-15 04:44:55.101069,Dubai-4c84,5,8,Normal
2026-02-15 04:44:56.101069,Dubai-4c84,-30,44,Normal
2026-02-15 04:44:57.101069,Dubai-4c84,38,41,Normal
2026-02-15 04:44:58.101069,Dubai-4c84,-26,1,Normal
2026-02-15 04:44:59.101069,Dubai-4c84,13,50,Normal
2026-02-15 04:45:00.101069,Dubai-4c84,39,59,Normal
2026-02-15 04:45:01.101069,Dubai-4c84,19,89,Normal
2026-02-15 04:45:02.101069,Dubai-4c84,32,6,Normal
2026-02-15 04:45:03.101069,Dubai-4c84,-4,22,Normal
2026-02-15 04:45:04.101069,Dubai-4c84,-18,72,Normal
2026-02-15 04:45:05.101069,Dubai-4c84,40,81,Normal
2026-02-15 04:45:06.101069,Dubai-4c84,-3,54,Normal
2026-02-15 04:45:07.101069,Dubai-4c84,-16,29,Normal
2026-02-15 04:45:08.101069,Dubai-4c84,10,1,Normal
2026-02-15 04:45:09.101069,Dubai-4c84,13,49,Normal
2026-02-15 04:45:10.101069,Dubai-4c84,-30,14,Normal
2026-02-15 04:45:11.101069,Dubai-4c84,1,86,Normal
2026-02-15 04:45:12.101069,Dubai-4c84,12,5,Normal
2026-02-15 04:45:13.101069,Dubai-4c84,-25,16,Normal
2026-02-15 04:45:14.101069,Dubai-4c84,-4,68,Normal
2026-02-15 04:45:15.101069,Dubai-4c84,-2,44,Normal
2026-02-15 04:45:16.101069,Dubai-4c84,3,24,Normal
2026-02-15 04:45:17.101069,Dubai-4c84,34,4,Normal
2026-02-15 04:45:18.101069,Dubai-4c84,46,54,Normal
2026-02-15 04:45:19.101069,Dubai-4c84,-28,42,Normal
2026-02-15 04:45:20.101069,Dubai-4c84,38,8,Normal
2026-02-15 04:45:21.101069,Dubai-4c84,17,45,Normal
2026-02-15 04:45:22.101069,Dubai-4c84,-26,12,Normal
2026-02-15 04:45:23.101069,Dubai-4c84,-14,60,Normal
2026-02-15 04:45:24.101069,Dubai-4c84,45,74,Normal
2026-02-15 04:45:25.101069,Dubai-4c84,37,16,Normal
2026-02-15 04:45:26.101069,Dubai-4c84,2,85,Normal
2026-02-15 04:45:27.101069,Dubai-4c84,22,87,Normal
2026-02-15 04:45:28.101069,Dubai-4c84,11,38,Normal
2026-02-15 04:45:29.101069,Dubai-4c84,12,85,Normal
2026-02-15 04:45:30.101069,Dubai-4c84,3,97,Normal
2026-02-15 04:45:31.101069,Dubai-4c84,-30,36,Normal
2026-02-15 04:45:32.101069,Dubai-4c84,10,96,Normal
2026-02-15 04:45:33.101069,Dubai-4c84,40,59,Normal
2026-02-15 04:45:34.101069,Dubai-4c84,46,88,Normal
2026-02-15 04:45:35.101069,Dubai-4c84,3,34,Normal
2026-02-15 04:45:36.101069,Dubai-4c84,7,35,Normal
2026-02-15 04:45:37.101069,Dubai-4c84,-6,32,Normal
2026-02-15 04:45:38.101069,Dubai-4c84,-28,10,Normal
2026-02-15 04:45:39.101069,Dubai-4c84,44,83,Normal
2026-02-15 04:45:40.101069,Dubai-4c84,3,86,Normal
2026-02-15 04:45:41.101069,Dubai-4c84,20,5,Normal
2026-02-15 04:45:42.101069,Dubai-4c84,1,97,Normal
2026-02-15 04:45:43.101069,Dubai-4c84,-19,63,Normal
2026-02-15 04:45:44.101069,Dubai-4c84,44,88,Normal
2026-02-15 04:45:45.101069,Dubai-4c84,10,19,Normal
2026-02-15 04:45:46.101069,Dubai-4c84,6,8,Normal
2026-02-15 04:45:47.101069,Dubai-4c84,8,12,Normal
2026-02-15 04:45:48.101069,Dubai-4c84,-23,22,Normal
2026-02-15 04:45:49.101069,Dubai-4c84,-30,97,Normal
2026-02-15 04:45:50.101069,Dubai-4c84,39,63,Normal
2026-02-15 04:45:51.101069,Dubai-4c84,44,61,Normal
2026-02-15 04:45:52.101069,Dubai-4c84,8,46,Normal
2026-02-15 04:45:53.101069,Dubai-4c84,19,41,Normal
2026-02-15 04:45:54.101069,Dubai-4c84,9,71,Normal
2026-02-15 04:45:55.101069,Dubai-4c84,-10,98,Normal
2026-02-15 04:45:56.101069,Dubai-4c84,4,84,Normal
2026-02-15 04:45:57.101069,Dubai-4c84,20,73,Normal
2026-02-15 04:45:58.101069,Dubai-4c84,-22,85,Normal
2026-02-15 04:45:59.101069,Dubai-4c84,-12,3,Normal
2026-02-15 04:46:00.101069,Dubai-4c84,39,32,Normal
2026-02-15 04:46:01.101069,Dubai-4c84,-30,85,Normal
2026-02-15 04:46:02.101069,Dubai-4c84,23,18,Normal
2026-02-15 04:46:03.101069,Dubai-4c84,3,79,Normal
2026-02-15 04:46:04.101069,Dubai-4c84,-5,8,Normal
2026-02-15 04:46:05.101069,Dubai-4c84,22,38,Normal
2026-02-15 04:46:06.101069,Dubai-4c84,23,26,Normal
2026-02-15 04:46:07.101069,Dubai-4c84,30,19,Normal
2026-02-15 04:46:08.101069,Dubai-4c84,26,55,Normal
2026-02-15 04:46:09.101069,Dubai-4c84,27,86,Normal
2026-02-15 04:46:10.101069,Dubai-4c84,41,84,Normal
2026-02-15 04:46:11.101069,Dubai-4c84,41,89,Normal
2026-02-15 04:46:12.101069,Dubai-4c84,9,23,Normal
2026-02-15 04:46:13.101069,Dubai-4c84,37,51,Normal
2026-02-15 04:46:14.101069,Dubai-4c84,27,93,Normal
2026-02-15 04:46:15.101069,Dubai-4c84,-2,36,Normal
2026-02-15 04:46:16.101069,Dubai-4c84,-12,24,Normal
2026-02-15 04:46:17.101069,Dubai-4c84,7,11,Normal
2026-02-15 04:46:18.101069,Dubai-4c84,-9,24,Normal
2026-02-15 04:46:19.101069,Dubai-4c84,-11,69,Normal
2026-02-15 04:46:20.101069,Dubai-4c84,30,67,Normal
2026-02-15 04:46:21.101069,Dubai-4c84,17,7,Normal
2026-02-15 04:46:22.101069,Dubai-4c84,38,11,Normal
2026-02-15 04:46:23.101069,Dubai-4c84,14,93,Normal
2026-02-15 04:46:24.101069,Dubai-4c84,26,71,Normal
2026-02-15 04:46:25.101069,Dubai-4c84,-26,4,Normal
2026-02-15 04:46:26.101069,Dubai-4c84,18,89,Normal
2026-02-15 04:46:27.101069,Dubai-4c84,-28,54,Normal
2026-02-15 04:46:28.101069,Dubai-4c84,32,50,Normal
2026-02-15 04:46:29.101069,Dubai-4c84,9,18,Normal
2026-02-15 04:46:30.101069,Dubai-4c84,20,24,Normal
2026-02-15 04:46:31.101069,Dubai-4c84,-11,96,Normal
2026-02-15 04:46:32.101069,Dubai-4c84,-23,100,Normal
2026-02-15 04:46:33.101069,Dubai-4c84,39,37,Normal
2026-02-15 04:46:34.101069,Dubai-4c84,4,53,Normal
2026-02-15 04:46:35.101069,Dubai-4c84,41,49,Normal
2026-02-15 04:46:36.101069,Dubai-4c84,3,24,Normal
2026-02-15 04:46:37.101069,Dubai-4c84,14,78,Normal
2026-02-15 04:46:38.101069,Dubai-4c84,-25,13,Normal
2026-02-15 04:46:39.101069,Dubai-4c84,-11,9,Normal
2026-02-15 04:46:40.101069,Dubai-4c84,13,3,Normal
2026-02-15 04:46:41.101069,Dubai-4c84,-25,71,Normal
2026-02-15 04:46:42.101069,Dubai-4c84,-21,17,Normal
2026-02-15 04:46:43.101069,Dubai-4c84,-7,14,Normal
2026-02-15 04:46:44.101069,Dubai-4c84,49,52,Normal
2026-02-15 04:46:45.101069,Dubai-4c84,32,9,Normal
2026-02-15 04:46:46.101069,Dubai-4c84,31,33,Normal
2026-02-15 04:46:47.101069,Dubai-4c84,-19,3,Normal
2026-02-15 04:46:48.101069,Dubai-4c84,10,74,Normal
2026-02-15 04:46:49.101069,Dubai-4c84,-13,34,Normal
2026-02-15 04:46:50.101069,Dubai-4c84,11,68,Normal
2026-02-15 04:46:51.101069,Dubai-4c84,0,83,Normal
2026-02-15 04:46:52.101069,Dubai-4c84,44,3,Normal
2026-02-15 04:46:53.101069,Dubai-4c84,50,87,Normal
2026-02-15 04:46:54.101069,Dubai-4c84,-7,79,Normal
2026-02-15 04:46:55.101069,Dubai-4c84,28,29,Normal
2026-02-15 04:46:56.101069,Dubai-4c84,24,36,Normal
2026-02-15 04:46:57.101069,Dubai-4c84,7,90,Normal
2026-02-15 04:46:58.101069,Dubai-4c84,12,0,Normal
2026-02-15 04:46:59.101069,Dubai-4c84,-6,40,Normal
2026-02-15 04:47:00.101069,Dubai-4c84,-13,67,Normal
2026-02-15 04:47:01.101069,Dubai-4c84,50,55,Normal
2026-02-15 04:47:02.101069,Dubai-4c84,3,52,Normal
2026-02-15 04:47:03.101069,Dubai-4c84,-19,5,Normal
2026-02-15 04:47:04.101069,Dubai-4c84,41,19,Normal
2026-02-15 04:47:05.101069,Dubai-4c84,22,44,Normal
2026-02-15 04:47:06.101069,Dubai-4c84,45,94,Normal
2026-02-15 04:47:07.101069,Dubai-4c84,-9,13,Normal
2026-02-15 04:47:08.101069,Dubai-4c84,47,97,Normal
2026-02-15 04:47:09.101069,Dubai-4c84,-13,38,Normal
2026-02-15 04:47:10.101069,Dubai-4c84,-17,6,Normal
2026-02-15 04:47:11.101069,Dubai-4c84,-11,93,Normal
2026-02-15 04:47:12.101069,Dubai-4c84,16,41,Normal
2026-02-15 04:47:13.101069,Dubai-4c84,34,50,Normal
2026-02-15 04:47:14.101069,Dubai-4c84,-3,35,Normal
2026-02-15 04:47:15.101069,Dubai-4c84,39,68,Normal
2026-02-15 04:47:16.101069,Dubai-4c84,42,3,Normal
2026-02-15 04:47:17.101069,Dubai-4c84,23,44,Normal
2026-02-15 04:47:18.101069,Dubai-4c84,-21,10,Normal
2026-02-15 04:47:19.101069,Dubai-4c84,7,55,Normal
2026-02-15 04:47:20.101069,Dubai-4c84,21,72,Normal
2026-02-15 04:47:21.101069,Dubai-4c84,-3,33,Normal
2026-02-15 04:47:22.101069,Dubai-4c84,47,59,Normal
2026-02-15 04:47:23.101069,Dubai-4c84,11,7,Normal
2026-02-15 04:47:24.101069,Dubai-4c84,4,46,Normal
2026-02-15 04:47:25.101069,Dubai-4c84,-10,49,Normal
2026-02-15 04:47:26.101069,Dubai-4c84,37,10,Normal
2026-02-15 04:47:27.101069,Dubai-4c84,18,61,Normal
2026-02-15 04:47:28.101069,Dubai-4c84,50,54,Normal
2026-02-15 04:47:29.101069,Dubai-4c84,13,77,Normal
2026-02-15 04:47:30.101069,Dubai-4c84,-9,69,Normal
2026-02-15 04:47:31.101069,Dubai-4c84,15,49,Normal
2026-02-15 04:47:32.101069,Dubai-4c84,-20,24,Normal
2026-02-15 04:47:33.101069,Dubai-4c84,-2,8,Normal
2026-02-15 04:47:34.101069,Dubai-4c84,-30,89,Normal
2026-02-15 04:47:35.101069,Dubai-4c84,5,57,Normal
2026-02-15 04:47:36.101069,Dubai-4c84,9,68,Normal
2026-02-15 04:47:37.101069,Dubai-4c84,25,56,Normal
2026-02-15 04:47:38.101069,Dubai-4c84,50,70,Normal
2026-02-15 04:47:39.101069,Dubai-4c84,24,19,Normal
2026-02-15 04:47:40.101069,Dubai-4c84,8,96,Normal
2026-02-15 04:47:41.101069,Dubai-4c84,-20,80,Normal
2026-02-15 04:47:42.101069,Dubai-4c84,46,20,Normal
2026-02-15 04:47:43.101069,Dubai-4c84,28,97,Normal
2026-02-15 04:47:44.101069,Dubai-4c84,10,64,Normal
2026-02-15 04:47:45.101069,Dubai-4c84,4,42,Normal
2026-02-15 04:47:46.101069,Dubai-4c84,40,6,Normal
2026-02-15 04:47:47.101069,Dubai-4c84,34,70,Normal
2026-02-15 04:47:48.101069,Dubai-4c84,-9,77,Normal
2026-02-15 04:47:49.101069,Dubai-4c84,30,35,Normal
2026-02-15 04:47:50.101069,Dubai-4c84,30,45,Normal
2026-02-15 04:47:51.101069,Dubai-4c84,31,19,Normal
2026-02-15 04:47:52.101069,Dubai-4c84,31,55,Normal
2026-02-15 04:47:53.101069,Dubai-4c84,36,29,Normal
2026-02-15 04:47:54.101069,Dubai-4c84,9,34,Normal
2026-02-15 04:47:55.101069,Dubai-4c84,18,84,Normal
2026-02-15 04:47:56.101069,Dubai-4c84,-21,68,Normal
2026-02-15 04:47:57.101069,Dubai-4c84,25,15,Normal
2026-02-15 04:47:58.101069,Dubai-4c84,29,27,Normal
2026-02-15 04:47:59.101069,Dubai-4c84,28,28,Normal
2026-02-15 04:48:00.101069,Dubai-4c84,-5,24,Normal
2026-02-15 04:48:01.101069,Dubai-4c84,18,70,Normal
2026-02-15 04:48:02.101069,Dubai-4c84,38,59,Normal
2026-02-15 04:48:03.101069,Dubai-4c84,44,41,Normal
2026-02-15 04:48:04.101069,Dubai-4c84,-7,34,Normal
2026-02-15 04:48:05.101069,Dubai-4c84,-19,93,Normal
2026-02-15 04:48:06.101069,Dubai-4c84,-18,81,Normal
2026-02-15 04:48:07.101069,Dubai-4c84,49,68,Normal
2026-02-15 04:48:08.101069,Dubai-4c84,-4,33,Normal
2026-02-15 04:48:09.101069,Dubai-4c84,-10,1,Normal
2026-02-15 04:48:10.101069,Dubai-4c84,39,73,Normal
2026-02-15 04:48:11.101069,Dubai-4c84,6,73,Normal
2026-02-15 04:48:12.101069,Dubai-4c84,-27,77,Normal
2026-02-15 04:48:13.101069,Dubai-4c84,-23,1,Normal
2026-02-15 04:48:14.101069,Dubai-4c84,10,30,Normal
2026-02-15 04:48:15.101069,Dubai-4c84,-4,81,Normal
2026-02-15 04:48:16.101069,Dubai-4c84,5,44,Normal
2026-02-15 04:48:17.101069,Dubai-4c84,-18,22,Normal
2026-02-15 04:48:18.101069,Dubai-4c84,24,15,Normal
2026-02-15 04:48:19.101069,Dubai-4c84,10,21,Normal
2026-02-15 04:48:20.101069,Dubai-4c84,14,99,Normal
2026-02-15 04:48:21.101069,Dubai-4c84,-2,79,Normal
2026-02-15 04:48:22.101069,Dubai-4c84,-2,30,Normal
2026-02-15 04:48:23.101069,Dubai-4c84,-12,93,Normal
2026-02-15 04:48:24.101069,Dubai-4c84,32,97,Normal
2026-02-15 04:48:25.101069,Dubai-4c84,18,45,Normal
2026-02-15 04:48:26.101069,Dubai-4c84,37,92,Normal
2026-02-15 04:48:27.101069,Dubai-4c84,33,23,Normal
2026-02-15 04:48:28.101069,Dubai-4c84,-28,90,Normal
2026-02-15 04:48:29.101069,Dubai-4c84,-11,6,Normal
2026-02-15 04:48:30.101069,Dubai-4c84,-22,29,Normal
2026-02-15 04:48:31.101069,Dubai-4c84,49,63,Normal
2026-02-15 04:48:32.101069,Dubai-4c84,-16,42,Normal
2026-02-15 04:48:33.101069,Dubai-4c84,-13,7,Normal
2026-02-15 04:48:34.101069,Dubai-4c84,45,31,Normal
2026-02-15 04:48:35.101069,Dubai-4c84,8,87,Normal
2026-02-15 04:48:36.101069,Dubai-4c84,20,1,Normal
2026-02-15 04:48:37.101069,Dubai-4c84,23,91,Normal
2026-02-15 04:48:38.101069,Dubai-4c84,21,65,Normal
2026-02-15 04:48:39.101069,Dubai-4c84,14,22,Normal
2026-02-15 04:48:40.101069,Dubai-4c84,-13,54,Normal
2026-02-15 04:48:41.101069,Dubai-4c84,14,18,Normal
2026-02-15 04:48:42.101069,Dubai-4c84,32,73,Normal
2026-02-15 04:48:43.101069,Dubai-4c84,48,82,Normal
2026-02-15 04:48:44.101069,Dubai-4c84,8,50,Normal
2026-02-15 04:48:45.101069,Dubai-4c84,-26,37,Normal
2026-02-15 04:48:46.101069,Dubai-4c84,38,48,Normal
2026-02-15 04:48:47.101069,Dubai-4c84,46,94,Normal
2026-02-15 04:48:48.101069,Dubai-4c84,3,64,Normal
2026-02-15 04:48:49.101069,Dubai-4c84,-5,47,Normal
2026-02-15 04:48:50.101069,Dubai-4c84,-18,40,Normal
2026-02-15 04:48:51.101069,Dubai-4c84,-28,99,Normal
2026-02-15 04:48:52.101069,Dubai-4c84,25,75,Normal
2026-02-15 04:48:53.101069,Dubai-4c84,19,18,Normal
2026-02-15 04:48:54.101069,Dubai-4c84,17,92,Normal
2026-02-15 04:48:55.101069,Dubai-4c84,-10,99,Normal
2026-02-15 04:48:56.101069,Dubai-4c84,-7,7,Normal
2026-02-15 04:48:57.101069,Dubai-4c84,-5,69,Normal
2026-02-15 04:48:58.101069,Dubai-4c84,10,44,Normal
2026-02-15 04:48:59.101069,Dubai-4c84,46,14,Normal
2026-02-15 04:49:00.101069,Dubai-4c84,41,22,Normal
2026-02-15 04:49:01.101069,Dubai-4c84,-11,1,Normal
2026-02-15 04:49:02.101069,Dubai-4c84,11,44,Normal
2026-02-15 04:49:03.101069,Dubai-4c84,39,93,Normal
2026-02-15 04:49:04.101069,Dubai-4c84,-20,69,Normal
2026-02-15 04:49:05.101069,Dubai-4c84,-1,80,Normal
2026-02-15 04:49:06.101069,Dubai-4c84,36,12,Normal
2026-02-15 04:49:07.101069,Dubai-4c84,46,66,Normal
2026-02-15 04:49:08.101069,Dubai-4c84,15,100,Normal
2026-02-15 04:49:09.101069,Dubai-4c84,35,35,Normal
2026-02-15 04:49:10.101069,Dubai-4c84,34,10,Normal
2026-02-15 04:49:11.101069,Dubai-4c84,-19,93,Normal
2026-02-15 04:49:12.101069,Dubai-4c84,14,30,Normal
2026-02-15 04:49:13.101069,Dubai-4c84,20,16,Normal
2026-02-15 04:49:14.101069,Dubai-4c84,-11,24,Normal
2026-02-15 04:49:15.101069,Dubai-4c84,-22,54,Normal
2026-02-15 04:49:16.101069,Dubai-4c84,9,89,Normal
2026-02-15 04:49:17.101069,Dubai-4c84,33,43,Normal
2026-02-15 04:49:18.101069,Dubai-4c84,7,45,Normal
2026-02-15 04:49:19.101069,Dubai-4c84,27,47,Normal
2026-02-15 04:49:20.101069,Dubai-4c84,8,72,Normal
2026-02-15 04:49:21.101069,Dubai-4c84,47,5,Normal
2026-02-15 04:49:22.101069,Dubai-4c84,29,46,Normal
2026-02-15 04:49:23.101069,Dubai-4c84,9,38,Normal
2026-02-15 04:49:24.101069,Dubai-4c84,28,8,Normal
2026-02-15 04:49:25.101069,Dubai-4c84,47,83,Normal
2026-02-15 04:49:26.101069,Dubai-4c84,-29,35,Normal
2026-02-15 04:49:27.101069,Dubai-4c84,13,42,Normal
2026-02-15 04:49:28.101069,Dubai-4c84,-29,54,Normal
2026-02-15 04:49:29.101069,Dubai-4c84,50,49,Normal
2026-02-15 04:49:30.101069,Dubai-4c84,11,22,Normal
2026-02-15 04:49:31.101069,Dubai-4c84,-20,45,Normal
2026-02-15 04:49:32.101069,Dubai-4c84,41,6,Normal
2026-02-15 04:49:33.101069,Dubai-4c84,3,34,Normal
2026-02-15 04:49:34.101069,Dubai-4c84,12,44,Normal
2026-02-15 04:49:35.101069,Dubai-4c84,23,55,Normal
2026-02-15 04:49:36.101069,Dubai-4c84,36,43,Normal
2026-02-15 04:49:37.101069,Dubai-4c84,7,48,Normal
2026-02-15 04:49:38.101069,Dubai-4c84,22,17,Normal
2026-02-15 04:49:39.101069,Dubai-4c84,34,52,Normal
2026-02-15 04:49:40.101069,Dubai-4c84,29,28,Normal
2026-02-15 04:49:41.101069,Dubai-4c84,17,21,Normal
2026-02-15 04:49:42.101069,Dubai-4c84,18,77,Normal
2026-02-15 04:49:43.101069,Dubai-4c84,11,65,Normal
2026-02-15 04:49:44.101069,Dubai-4c84,7,63,Normal
2026-02-15 04:49:45.101069,Dubai-4c84,-5,24,Normal
2026-02-15 04:49:46.101069,Dubai-4c84,17,97,Normal
2026-02-15 04:49:47.101069,Dubai-4c84,-12,99,Normal
2026-02-15 04:49:48.101069,Dubai-4c84,38,58,Normal
2026-02-15 04:49:49.101069,Dubai-4c84,45,78,Normal
2026-02-15 04:49:50.101069,Dubai-4c84,5,51,Normal
2026-02-15 04:49:51.101069,Dubai-4c84,24,63,Normal
2026-02-15 04:49:52.101069,Dubai-4c84,-14,2,Normal
2026-02-15 04:49:53.101069,Dubai-4c84,4,39,Normal
2026-02-15 04:49:54.101069,Dubai-4c84,18,35,Normal
2026-02-15 04:49:55.101069,Dubai-4c84,-26,70,Normal
2026-02-15 04:49:56.101069,Dubai-4c84,-27,66,Normal
2026-02-15 04:49:57.101069,Dubai-4c84,-28,38,Normal
2026-02-15 04:49:58.101069,Dubai-4c84,-26,12,Normal
2026-02-15 04:49:59.101069,Dubai-4c84,28,41,Normal
2026-02-15 04:50:00.101069,Dubai-4c84,28,8,Normal
2026-02-15 04:50:01.101069,Dubai-4c84,-18,44,Normal
2026-02-15 04:50:02.101069,Dubai-4c84,32,39,Normal
2026-02-15 04:50:03.101069,Dubai-4c84,32,72,Normal
2026-02-15 04:50:04.101069,Dubai-4c84,42,51,Normal
2026-02-15 04:50:05.101069,Dubai-4c84,0,44,Normal
2026-02-15 04:50:06.101069,Dubai-4c84,-2,94,Normal
2026-02-15 04:50:07.101069,Dubai-4c84,39,4,Normal
2026-02-15 04:50:08.101069,Dubai-4c84,-10,71,Normal
2026-02-15 04:50:09.101069,Dubai-4c84,39,85,Normal
2026-02-15 04:50:10.101069,Dubai-4c84,-28,31,Normal
2026-02-15 04:50:11.101069,Dubai-4c84,7,99,Normal
2026-02-15 04:50:12.101069,Dubai-4c84,-28,32,Normal
2026-02-15 04:50:13.101069,Dubai-4c84,10,90,Normal
2026-02-15 04:50:14.101069,Dubai-4c84,37,19,Normal
2026-02-15 04:50:15.101069,Dubai-4c84,44,79,Normal
2026-02-15 04:50:16.101069,Dubai-4c84,23,19,Normal
2026-02-15 04:50:17.101069,Dubai-4c84,-21,29,Normal
2026-02-15 04:50:18.101069,Dubai-4c84,49,56,Normal
2026-02-15 04:50:19.101069,Dubai-4c84,-22,22,Normal
2026-02-15 04:50:20.101069,Dubai-4c84,0,84,Normal
2026-02-15 04:50:21.101069,Dubai-4c84,37,71,Normal
2026-02-15 04:50:22.101069,Dubai-4c84,21,6,Normal
2026-02-15 04:50:23.101069,Dubai-4c84,-24,1,Normal
2026-02-15 04:50:24.101069,Dubai-4c84,15,60,Normal
2026-02-15 04:50:25.101069,Dubai-4c84,-8,86,Normal
2026-02-15 04:50:26.101069,Dubai-4c84,-26,0,Normal
2026-02-15 04:50:27.101069,Dubai-4c84,46,82,Normal
2026-02-15 04:50:28.101069,Dubai-4c84,-18,36,Normal
2026-02-15 04:50:29.101069,Dubai-4c84,-12,15,Normal
2026-02-15 04:50:30.101069,Dubai-4c84,18,77,Normal
2026-02-15 04:50:31.101069,Dubai-4c84,-16,15,Normal
2026-02-15 04:50:32.101069,Dubai-4c84,47,56,Normal
2026-02-15 04:50:33.101069,Dubai-4c84,-6,63,Normal
2026-02-15 04:50:34.101069,Dubai-4c84,3,61,Normal
2026-02-15 04:50:35.101069,Dubai-4c84,32,50,Normal
2026-02-15 04:50:36.101069,Dubai-4c84,49,51,Normal
2026-02-15 04:50:37.101069,Dubai-4c84,0,57,Normal
2026-02-15 04:50:38.101069,Dubai-4c84,-26,35,Normal
2026-02-15 04:50:39.101069,Dubai-4c84,10,14,Normal
2026-02-15 04:50:40.101069,Dubai-4c84,38,15,Normal
2026-02-15 04:50:41.101069,Dubai-4c84,-19,32,Normal
2026-02-15 04:50:42.101069,Dubai-4c84,37,44,Normal
2026-02-15 04:50:43.101069,Dubai-4c84,-13,59,Normal
2026-02-15 04:50:44.101069,Dubai-4c84,-30,37,Normal
2026-02-15 04:50:45.101069,Dubai-4c84,-14,19,Normal
2026-02-15 04:50:46.101069,Dubai-4c84,49,73,Normal
2026-02-15 04:50:47.101069,Dubai-4c84,-11,100,Normal
2026-02-15 04:50:48.101069,Dubai-4c84,23,28,Normal
2026-02-15 04:50:49.101069,Dubai-4c84,-21,87,Normal
2026-02-15 04:50:50.101069,Dubai-4c84,-22,31,Normal
2026-02-15 04:50:51.101069,Dubai-4c84,12,60,Normal
2026-02-15 04:50:52.101069,Dubai-4c84,19,55,Normal
2026-02-15 04:50:53.101069,Dubai-4c84,34,28,Normal
2026-02-15 04:50:54.101069,Dubai-4c84,7,47,Normal
2026-02-15 04:50:55.101069,Dubai-4c84,4,4,Normal
2026-02-15 04:50:56.101069,Dubai-4c84,43,11,Normal
2026-02-15 04:50:57.101069,Dubai-4c84,-7,62,Normal
2026-02-15 04:50:58.101069,Dubai-4c84,27,22,Normal
2026-02-15 04:50:59.101069,Dubai-4c84,-18,60,Normal
2026-02-15 04:51:00.101069,Dubai-4c84,-28,71,Normal
2026-02-15 04:51:01.101069,Dubai-4c84,28,46,Normal
2026-02-15 04:51:02.101069,Dubai-4c84,7,97,Normal
2026-02-15 04:51:03.101069,Dubai-4c84,-4,70,Normal
2026-02-15 04:51:04.101069,Dubai-4c84,-29,31,Normal
2026-02-15 04:51:05.101069,Dubai-4c84,16,86,Normal
2026-02-15 04:51:06.101069,Dubai-4c84,7,1,Normal
2026-02-15 04:51:07.101069,Dubai-4c84,24,46,Normal
2026-02-15 04:51:08.101069,Dubai-4c84,36,40,Normal
2026-02-15 04:51:09.101069,Dubai-4c84,-11,48,Normal
2026-02-15 04:51:10.101069,Dubai-4c84,-24,73,Normal
2026-02-15 04:51:11.101069,Dubai-4c84,-16,2,Normal
2026-02-15 04:51:12.101069,Dubai-4c84,21,66,Normal
2026-02-15 04:51:13.101069,Dubai-4c84,50,58,Normal
2026-02-15 04:51:14.101069,Dubai-4c84,-4,45,Normal
2026-02-15 04:51:15.101069,Dubai-4c84,35,7,Normal
2026-02-15 04:51:16.101069,Dubai-4c84,-2,84,Normal
2026-02-15 04:51:17.101069,Dubai-4c84,-3,51,Normal
2026-02-15 04:51:18.101069,Dubai-4c84,14,53,Normal
2026-02-15 04:51:19.101069,Dubai-4c84,-27,75,Normal
2026-02-15 04:51:20.101069,Dubai-4c84,17,86,Normal
2026-02-15 04:51:21.101069,Dubai-4c84,5,65,Normal
2026-02-15 04:51:22.101069,Dubai-4c84,25,3,Normal
2026-02-15 04:51:23.101069,Dubai-4c84,47,63,Normal
2026-02-15 04:51:24.101069,Dubai-4c84,-23,94,Normal
2026-02-15 04:51:25.101069,Dubai-4c84,10,29,Normal
2026-02-15 04:51:26.101069,Dubai-4c84,18,27,Normal
2026-02-15 04:51:27.101069,Dubai-4c84,28,64,Normal
2026-02-15 04:51:28.101069,Dubai-4c84,6,100,Normal
2026-02-15 04:51:29.101069,Dubai-4c84,13,98,Normal
2026-02-15 04:51:30.101069,Dubai-4c84,2,68,Normal
2026-02-15 04:51:31.101069,Dubai-4c84,50,41,Normal
2026-02-15 04:51:32.101069,Dubai-4c84,21,86,Normal
2026-02-15 04:51:33.101069,Dubai-4c84,-9,78,Normal
2026-02-15 04:51:34.101069,Dubai-4c84,43,47,Normal
2026-02-15 04:51:35.101069,Dubai-4c84,-16,37,Normal
2026-02-15 04:51:36.101069,Dubai-4c84,13,9,Normal
2026-02-15 04:51:37.101069,Dubai-4c84,20,19,Normal
2026-02-15 04:51:38.101069,Dubai-4c84,50,45,Normal
2026-02-15 04:51:39.101069,Dubai-4c84,12,68,Normal
2026-02-15 04:51:40.101069,Dubai-4c84,30,24,Normal
2026-02-15 04:51:41.101069,Dubai-4c84,38,7,Normal
2026-02-15 04:51:42.101069,Dubai-4c84,17,61,Normal
2026-02-15 04:51:43.101069,Dubai-4c84,-21,68,Normal
2026-02-15 04:51:44.101069,Dubai-4c84,-4,11,Normal
2026-02-15 04:51:45.101069,Dubai-4c84,-4,53,Normal
2026-02-15 04:51:46.101069,Dubai-4c84,-2,13,Normal
2026-02-15 04:51:47.101069,Dubai-4c84,-4,44,Normal
2026-02-15 04:51:48.101069,Dubai-4c84,-5,74,Normal
2026-02-15 04:51:49.101069,Dubai-4c84,17,12,Normal
2026-02-15 04:51:50.101069,Dubai-4c84,48,17,Normal
2026-02-15 04:51:51.101069,Dubai-4c84,-23,26,Normal
2026-02-15 04:51:52.101069,Dubai-4c84,9,94,Normal
2026-02-15 04:51:53.101069,Dubai-4c84,7,5,Normal
2026-02-15 04:51:54.101069,Dubai-4c84,0,44,Normal
2026-02-15 04:51:55.101069,Dubai-4c84,-10,89,Normal
2026-02-15 04:51:56.101069,Dubai-4c84,18,45,Normal
2026-02-15 04:51:57.101069,Dubai-4c84,19,66,Normal
2026-02-15 04:51:58.101069,Dubai-4c84,35,42,Normal
2026-02-15 04:51:59.101069,Dubai-4c84,-23,67,Normal
2026-02-15 04:52:00.101069,Dubai-4c84,41,2,Normal
2026-02-15 04:52:01.101069,Dubai-4c84,-27,7,Normal
2026-02-15 04:52:02.101069,Dubai-4c84,44,94,Normal
2026-02-15 04:52:03.101069,Dubai-4c84,-2,27,Normal
2026-02-15 04:52:04.101069,Dubai-4c84,-15,74,Normal
2026-02-15 04:52:05.101069,Dubai-4c84,8,58,Normal
2026-02-15 04:52:06.101069,Dubai-4c84,22,38,Normal
2026-02-15 04:52:07.101069,Dubai-4c84,42,57,Normal
2026-02-15 04:52:08.101069,Dubai-4c84,36,67,Normal
2026-02-15 04:52:09.101069,Dubai-4c84,13,17,Normal
2026-02-15 04:52:10.101069,Dubai-4c84,17,7,Normal
2026-02-15 04:52:11.101069,Dubai-4c84,-9,32,Normal
2026-02-15 04:52:12.101069,Dubai-4c84,-11,87,Normal
2026-02-15 04:52:13.101069,Dubai-4c84,-1,95,Normal
2026-02-15 04:52:14.101069,Dubai-4c84,29,37,Normal
2026-02-15 04:52:15.101069,Dubai-4c84,-20,29,Normal
2026-02-15 04:52:16.101069,Dubai-4c84,-8,9,Normal
2026-02-15 04:52:17.101069,Dubai-4c84,-5,41,Normal
2026-02-15 04:52:18.101069,Dubai-4c84,-30,63,Normal
2026-02-15 04:52:19.101069,Dubai-4c84,-7,96,Normal
2026-02-15 04:52:20.101069,Dubai-4c84,19,82,Normal
2026-02-15 04:52:21.101069,Dubai-4c84,-1,34,Normal
2026-02-15 04:52:22.101069,Dubai-4c84,23,96,Normal
2026-02-15 04:52:23.101069,Dubai-4c84,-26,82,Normal
2026-02-15 04:52:24.101069,Dubai-4c84,50,57,Normal
2026-02-15 04:52:25.101069,Dubai-4c84,46,47,Normal
2026-02-15 04:52:26.101069,Dubai-4c84,31,18,Normal
2026-02-15 04:52:27.101069,Dubai-4c84,8,94,Normal
2026-02-15 04:52:28.101069,Dubai-4c84,41,85,Normal
2026-02-15 04:52:29.101069,Dubai-4c84,18,4,Normal
2026-02-15 04:52:30.101069,Dubai-4c84,-17,19,Normal
2026-02-15 04:52:31.101069,Dubai-4c84,22,78,Normal
2026-02-15 04:52:32.101069,Dubai-4c84,10,82,Normal
2026-02-15 04:52:33.101069,Dubai-4c84,44,32,Normal
2026-02-15 04:52:34.101069,Dubai-4c84,15,36,Normal
2026-02-15 04:52:35.101069,Dubai-4c84,11,11,Normal
2026-02-15 04:52:36.101069,Dubai-4c84,-5,47,Normal
2026-02-15 04:52:37.101069,Dubai-4c84,41,7,Normal
2026-02-15 04:52:38.101069,Dubai-4c84,-8,84,Normal
2026-02-15 04:52:39.101069,Dubai-4c84,-4,77,Normal
2026-02-15 04:52:40.101069,Dubai-4c84,38,67,Normal
2026-02-15 04:52:41.101069,Dubai-4c84,41,40,Normal
2026-02-15 04:52:42.101069,Dubai-4c84,29,93,Normal
2026-02-15 04:52:43.101069,Dubai-4c84,39,16,Normal
2026-02-15 04:52:44.101069,Dubai-4c84,-3,45,Normal
2026-02-15 04:52:45.101069,Dubai-4c84,23,14,Normal
2026-02-15 04:52:46.101069,Dubai-4c84,-26,48,Normal
2026-02-15 04:52:47.101069,Dubai-4c84,22,21,Normal
2026-02-15 04:52:48.101069,Dubai-4c84,-11,70,Normal
2026-02-15 04:52:49.101069,Dubai-4c84,-1,54,Normal
2026-02-15 04:52:50.101069,Dubai-4c84,19,78,Normal
2026-02-15 04:52:51.101069,Dubai-4c84,-20,77,Normal
2026-02-15 04:52:52.101069,Dubai-4c84,20,70,Normal
2026-02-15 04:52:53.101069,Dubai-4c84,21,8,Normal
2026-02-15 04:52:54.101069,Dubai-4c84,-29,76,Normal
2026-02-15 04:52:55.101069,Dubai-4c84,13,83,Normal
2026-02-15 04:52:56.101069,Dubai-4c84,-19,33,Normal
2026-02-15 04:52:57.101069,Dubai-4c84,-19,69,Normal
2026-02-15 04:52:58.101069,Dubai-4c84,9,1,Normal
2026-02-15 04:52:59.101069,Dubai-4c84,41,100,Normal
2026-02-15 04:53:00.101069,Dubai-4c84,-7,98,Normal
2026-02-15 04:53:01.101069,Dubai-4c84,47,4,Normal
2026-02-15 04:53:02.101069,Dubai-4c84,-9,25,Normal
2026-02-15 04:53:03.101069,Dubai-4c84,1,83,Normal
2026-02-15 04:53:04.101069,Dubai-4c84,28,32,Normal
2026-02-15 04:53:05.101069,Dubai-4c84,-27,99,Normal
2026-02-15 04:53:06.101069,Dubai-4c84,14,65,Normal
2026-02-15 04:53:07.101069,Dubai-4c84,48,1,Normal
2026-02-15 04:53:08.101069,Dubai-4c84,50,16,Normal
2026-02-15 04:53:09.101069,Dubai-4c84,-23,97,Normal
2026-02-15 04:53:10.101069,Dubai-4c84,50,43,Normal
2026-02-15 04:53:11.101069,Dubai-4c84,-26,27,Normal
2026-02-15 04:53:12.101069,Dubai-4c84,8,45,Normal
2026-02-15 04:53:13.101069,Dubai-4c84,-16,13,Normal
2026-02-15 04:53:14.101069,Dubai-4c84,-8,52,Normal
2026-02-15 04:53:15.101069,Dubai-4c84,45,52,Normal
2026-02-15 04:53:16.101069,Dubai-4c84,15,68,Normal
2026-02-15 04:53:17.101069,Dubai-4c84,0,11,Normal
2026-02-15 04:53:18.101069,Dubai-4c84,17,76,Normal
2026-02-15 04:53:19.101069,Dubai-4c84,42,60,Normal
2026-02-15 04:53:20.101069,Dubai-4c84,-29,89,Normal
2026-02-15 04:53:21.101069,Dubai-4c84,-8,83,Normal
2026-02-15 04:53:22.101069,Dubai-4c84,20,41,Normal
2026-02-15 04:53:23.101069,Dubai-4c84,49,13,Normal
2026-02-15 04:53:24.101069,Dubai-4c84,12,50,Normal
2026-02-15 04:53:25.101069,Dubai-4c84,-23,3,Normal
2026-02-15 04:53:26.101069,Dubai-4c84,39,50,Normal
2026-02-15 04:53:27.101069,Dubai-4c84,3,86,Normal
2026-02-15 04:53:28.101069,Dubai-4c84,-2,48,Normal
2026-02-15 04:53:29.101069,Dubai-4c84,1,54,Normal
2026-02-15 04:53:30.101069,Dubai-4c84,38,69,Normal
2026-02-15 04:53:31.101069,Dubai-4c84,40,83,Normal
2026-02-15 04:53:32.101069,Dubai-4c84,4,41,Normal
2026-02-15 04:53:33.101069,Dubai-4c84,-14,35,Normal
2026-02-15 04:53:34.101069,Dubai-4c84,49,52,Normal
2026-02-15 04:53:35.101069,Dubai-4c84,34,94,Normal
2026-02-15 04:53:36.101069,Dubai-4c84,-9,74,Normal
2026-02-15 04:53:37.101069,Dubai-4c84,3,97,Normal
2026-02-15 04:53:38.101069,Dubai-4c84,37,67,Normal
2026-02-15 04:53:39.101069,Dubai-4c84,48,81,Normal
2026-02-15 04:53:40.101069,Dubai-4c84,-3,6,Normal
2026-02-15 04:53:41.101069,Dubai-4c84,15,75,Normal
2026-02-15 04:53:42.101069,Dubai-4c84,-16,47,Normal
2026-02-15 04:53:43.101069,Dubai-4c84,44,97,Normal
2026-02-15 04:53:44.101069,Dubai-4c84,19,21,Normal
2026-02-15 04:53:45.101069,Dubai-4c84,37,52,Normal
2026-02-15 04:53:46.101069,Dubai-4c84,-18,35,Normal
2026-02-15 04:53:47.101069,Dubai-4c84,-22,81,Normal
2026-02-15 04:53:48.101069,Dubai-4c84,-13,55,Normal
2026-02-15 04:53:49.101069,Dubai-4c84,40,55,Normal
2026-02-15 04:53:50.101069,Dubai-4c84,0,22,Normal
2026-02-15 04:53:51.101069,Dubai-4c84,8,71,Normal
2026-02-15 04:53:52.101069,Dubai-4c84,0,96,Normal
2026-02-15 04:53:53.101069,Dubai-4c84,-2,12,Normal
2026-02-15 04:53:54.101069,Dubai-4c84,-20,68,Normal
2026-02-15 04:53:55.101069,Dubai-4c84,-11,25,Normal
2026-02-15 04:53:56.101069,Dubai-4c84,20,41,Normal
2026-02-15 04:53:57.101069,Dubai-4c84,9,8,Normal
2026-02-15 04:53:58.101069,Dubai-4c84,18,1,Normal
2026-02-15 04:53:59.101069,Dubai-4c84,-3,3,Normal
2026-02-15 04:54:00.101069,Dubai-4c84,37,31,Normal
2026-02-15 04:54:01.101069,Dubai-4c84,7,97,Normal
2026-02-15 04:54:02.101069,Dubai-4c84,-18,0,Normal
2026-02-15 04:54:03.101069,Dubai-4c84,16,19,Normal
2026-02-15 04:54:04.101069,Dubai-4c84,9,74,Normal
2026-02-15 04:54:05.101069,Dubai-4c84,20,43,Normal
2026-02-15 04:54:06.101069,Dubai-4c84,-27,80,Normal
2026-02-15 04:54:07.101069,Dubai-4c84,-30,28,Normal
2026-02-15 04:54:08.101069,Dubai-4c84,-10,67,Normal
2026-02-15 04:54:09.101069,Dubai-4c84,-18,81,Normal
2026-02-15 04:54:10.101069,Dubai-4c84,-19,13,Normal
2026-02-15 04:54:11.101069,Dubai-4c84,-5,75,Normal
2026-02-15 04:54:12.101069,Dubai-4c84,-17,1,Normal
2026-02-15 04:54:13.101069,Dubai-4c84,-27,89,Normal
2026-02-15 04:54:14.101069,Dubai-4c84,35,45,Normal
2026-02-15 04:54:15.101069,Dubai-4c84,16,22,Normal
2026-02-15 04:54:16.101069,Dubai-4c84,-19,52,Normal
2026-02-15 04:54:17.101069,Dubai-4c84,16,89,Normal
2026-02-15 04:54:18.101069,Dubai-4c84,38,48,Normal
2026-02-15 04:54:19.101069,Dubai-4c84,16,41,Normal
2026-02-15 04:54:20.101069,Dubai-4c84,-26,13,Normal
2026-02-15 04:54:21.101069,Dubai-4c84,-11,48,Normal
2026-02-15 04:54:22.101069,Dubai-4c84,37,30,Normal
2026-02-15 04:54:23.101069,Dubai-4c84,-8,94,Normal
2026-02-15 04:54:24.101069,Dubai-4c84,9,16,Normal
2026-02-15 04:54:25.101069,Dubai-4c84,30,29,Normal
2026-02-15 04:54:26.101069,Dubai-4c84,-3,21,Normal
2026-02-15 04:54:27.101069,Dubai-4c84,38,68,Normal
2026-02-15 04:54:28.101069,Dubai-4c84,15,37,Normal
2026-02-15 04:54:29.101069,Dubai-4c84,-21,85,Normal
2026-02-15 04:54:30.101069,Dubai-4c84,-2,41,Normal
2026-02-15 04:54:31.101069,Dubai-4c84,4,38,Normal
2026-02-15 04:54:32.101069,Dubai-4c84,3,48,Normal
2026-02-15 04:54:33.101069,Dubai-4c84,41,26,Normal
2026-02-15 04:54:34.101069,Dubai-4c84,18,86,Normal
2026-02-15 04:54:35.101069,Dubai-4c84,16,73,Normal
2026-02-15 04:54:36.101069,Dubai-4c84,50,81,Normal
2026-02-15 04:54:37.101069,Dubai-4c84,-14,76,Normal
2026-02-15 04:54:38.101069,Dubai-4c84,41,33,Normal
2026-02-15 04:54:39.101069,Dubai-4c84,13,28,Normal
2026-02-15 04:54:40.101069,Dubai-4c84,-2,36,Normal
2026-02-15 04:54:41.101069,Dubai-4c84,-25,52,Normal
2026-02-15 04:54:42.101069,Dubai-4c84,15,50,Normal
2026-02-15 04:54:43.101069,Dubai-4c84,4,17,Normal
2026-02-15 04:54:44.101069,Dubai-4c84,4,54,Normal
2026-02-15 04:54:45.101069,Dubai-4c84,-23,18,Normal
2026-02-15 04:54:46.101069,Dubai-4c84,-12,57,Normal
2026-02-15 04:54:47.101069,Dubai-4c84,15,8,Normal
2026-02-15 04:54:48.101069,Dubai-4c84,-6,4,Normal
2026-02-15 04:54:49.101069,Dubai-4c84,42,69,Normal
2026-02-15 04:54:50.101069,Dubai-4c84,30,53,Normal
2026-02-15 04:54:51.101069,Dubai-4c84,7,48,Normal
2026-02-15 04:54:52.101069,Dubai-4c84,-7,47,Normal
2026-02-15 04:54:53.101069,Dubai-4c84,4,79,Normal
2026-02-15 04:54:54.101069,Dubai-4c84,-17,71,Normal
2026-02-15 04:54:55.101069,Dubai-4c84,-5,46,Normal
2026-02-15 04:54:56.101069,Dubai-4c84,49,12,Normal
2026-02-15 04:54:57.101069,Dubai-4c84,-2,9,Normal
2026-02-15 04:54:58.101069,Dubai-4c84,-29,95,Normal
2026-02-15 04:54:59.101069,Dubai-4c84,-29,20,Normal
2026-02-15 04:55:00.101069,Dubai-4c84,22,56,Normal
2026-02-15 04:55:01.101069,Dubai-4c84,10,86,Normal
2026-02-15 04:55:02.101069,Dubai-4c84,-27,82,Normal
2026-02-15 04:55:03.101069,Dubai-4c84,32,25,Normal
2026-02-15 04:55:04.101069,Dubai-4c84,4,83,Normal
2026-02-15 04:55:05.101069,Dubai-4c84,-21,26,Normal
2026-02-15 04:55:06.101069,Dubai-4c84,-12,38,Normal
2026-02-15 04:55:07.101069,Dubai-4c84,-20,55,Normal
2026-02-15 04:55:08.101069,Dubai-4c84,40,94,Normal
2026-02-15 04:55:09.101069,Dubai-4c84,45,74,Normal
2026-02-15 04:55:10.101069,Dubai-4c84,-18,72,Normal
2026-02-15 04:55:11.101069,Dubai-4c84,26,77,Normal
2026-02-15 04:55:12.101069,Dubai-4c84,1,61,Normal
2026-02-15 04:55:13.101069,Dubai-4c84,31,60,Normal
2026-02-15 04:55:14.101069,Dubai-4c84,-27,72,Normal
2026-02-15 04:55:15.101069,Dubai-4c84,-3,17,Normal
2026-02-15 04:55:16.101069,Dubai-4c84,-17,52,Normal
2026-02-15 04:55:17.101069,Dubai-4c84,-3,68,Normal
2026-02-15 04:55:18.101069,Dubai-4c84,-5,21,Normal
2026-02-15 04:55:19.101069,Dubai-4c84,-30,98,Normal
2026-02-15 04:55:20.101069,Dubai-4c84,3,62,Normal
2026-02-15 04:55:21.101069,Dubai-4c84,32,55,Normal
2026-02-15 04:55:22.101069,Dubai-4c84,21,61,Normal
2026-02-15 04:55:23.101069,Dubai-4c84,9,23,Normal
2026-02-15 04:55:24.101069,Dubai-4c84,-1,72,Normal
2026-02-15 04:55:25.101069,Dubai-4c84,33,99,Normal
2026-02-15 04:55:26.101069,Dubai-4c84,-7,13,Normal
2026-02-15 04:55:27.101069,Dubai-4c84,1,62,Normal
2026-02-15 04:55:28.101069,Dubai-4c84,-5,66,Normal
2026-02-15 04:55:29.101069,Dubai-4c84,-23,55,Normal
2026-02-15 04:55:30.101069,Dubai-4c84,31,34,Normal
2026-02-15 04:55:31.101069,Dubai-4c84,44,22,Normal
2026-02-15 04:55:32.101069,Dubai-4c84,39,20,Normal
2026-02-15 04:55:33.101069,Dubai-4c84,2,14,Normal
2026-02-15 04:55:34.101069,Dubai-4c84,-8,29,Normal
2026-02-15 04:55:35.101069,Dubai-4c84,48,29,Normal
2026-02-15 04:55:36.101069,Dubai-4c84,30,10,Normal
2026-02-15 04:55:37.101069,Dubai-4c84,49,5,Normal
2026-02-15 04:55:38.101069,Dubai-4c84,-8,66,Normal
2026-02-15 04:55:39.101069,Dubai-4c84,11,77,Normal
2026-02-15 04:55:40.101069,Dubai-4c84,41,49,Normal
2026-02-15 04:55:41.101069,Dubai-4c84,-25,5,Normal
2026-02-15 04:55:42.101069,Dubai-4c84,-22,22,Normal
2026-02-15 04:55:43.101069,Dubai-4c84,39,49,Normal
2026-02-15 04:55:44.101069,Dubai-4c84,11,38,Normal
2026-02-15 04:55:45.101069,Dubai-4c84,12,35,Normal
2026-02-15 04:55:46.101069,Dubai-4c84,-11,0,Normal
2026-02-15 04:55:47.101069,Dubai-4c84,5,1,Normal
2026-02-15 04:55:48.101069,Dubai-4c84,29,39,Normal
2026-02-15 04:55:49.101069,Dubai-4c84,15,55,Normal
2026-02-15 04:55:50.101069,Dubai-4c84,-12,84,Normal
2026-02-15 04:55:51.101069,Dubai-4c84,7,29,Normal
2026-02-15 04:55:52.101069,Dubai-4c84,25,46,Normal
2026-02-15 04:55:53.101069,Dubai-4c84,8,54,Normal
2026-02-15 04:55:54.101069,Dubai-4c84,25,80,Normal
2026-02-15 04:55:55.101069,Dubai-4c84,37,42,Normal
2026-02-15 04:55:56.101069,Dubai-4c84,-18,11,Normal
2026-02-15 04:55:57.101069,Dubai-4c84,-7,8,Normal
2026-02-15 04:55:58.101069,Dubai-4c84,-27,70,Normal
2026-02-15 04:55:59.101069,Dubai-4c84,-17,60,Normal
2026-02-15 04:56:00.101069,Dubai-4c84,10,98,Normal
2026-02-15 04:56:01.101069,Dubai-4c84,-24,54,Normal
2026-02-15 04:56:02.101069,Dubai-4c84,-17,52,Normal
2026-02-15 04:56:03.101069,Dubai-4c84,-2,86,Normal
2026-02-15 04:56:04.101069,Dubai-4c84,-26,83,Normal
2026-02-15 04:56:05.101069,Dubai-4c84,-13,2,Normal
2026-02-15 04:56:06.101069,Dubai-4c84,-4,67,Normal
2026-02-15 04:56:07.101069,Dubai-4c84,9,56,Normal
2026-02-15 04:56:08.101069,Dubai-4c84,-30,40,Normal
2026-02-15 04:56:09.101069,Dubai-4c84,39,38,Normal
2026-02-15 04:56:10.101069,Dubai-4c84,-23,61,Normal
2026-02-15 04:56:11.101069,Dubai-4c84,27,76,Normal
2026-02-15 04:56:12.101069,Dubai-4c84,40,82,Normal
2026-02-15 04:56:13.101069,Dubai-4c84,-4,96,Normal
2026-02-15 04:56:14.101069,Dubai-4c84,-10,32,Normal
2026-02-15 04:56:15.101069,Dubai-4c84,22,46,Normal
2026-02-15 04:56:16.101069,Dubai-4c84,-18,76,Normal
2026-02-15 04:56:17.101069,Dubai-4c84,6,20,Normal
2026-02-15 04:56:18.101069,Dubai-4c84,12,90,Normal
2026-02-15 04:56:19.101069,Dubai-4c84,-14,94,Normal
2026-02-15 04:56:20.101069,Dubai-4c84,26,26,Normal
2026-02-15 04:56:21.101069,Dubai-4c84,-24,61,Normal
2026-02-15 04:56:22.101069,Dubai-4c84,12,39,Normal
2026-02-15 04:56:23.101069,Dubai-4c84,18,54,Normal
2026-02-15 04:56:24.101069,Dubai-4c84,2,3,Normal
2026-02-15 04:56:25.101069,Dubai-4c84,-3,63,Normal
2026-02-15 04:56:26.101069,Dubai-4c84,12,28,Normal
2026-02-15 04:56:27.101069,Dubai-4c84,-14,33,Normal
2026-02-15 04:56:28.101069,Dubai-4c84,18,93,Normal
2026-02-15 04:56:29.101069,Dubai-4c84,25,45,Normal
2026-02-15 04:56:30.101069,Dubai-4c84,37,91,Normal
2026-02-15 04:56:31.101069,Dubai-4c84,41,28,Normal
2026-02-15 04:56:32.101069,Dubai-4c84,13,6,Normal
2026-02-15 04:56:33.101069,Dubai-4c84,18,3,Normal
2026-02-15 04:56:34.101069,Dubai-4c84,34,91,Normal
2026-02-15 04:56:35.101069,Dubai-4c84,9,59,Normal
2026-02-15 04:56:36.101069,Dubai-4c84,-7,38,Normal
2026-02-15 04:56:37.101069,Dubai-4c84,42,6,Normal
2026-02-15 04:56:38.101069,Dubai-4c84,-13,22,Normal
2026-02-15 04:56:39.101069,Dubai-4c84,-15,1,Normal
2026-02-15 04:56:40.101069,Dubai-4c84,36,59,Normal
2026-02-15 04:56:41.101069,Dubai-4c84,48,76,Normal
2026-02-15 04:56:42.101069,Dubai-4c84,-5,36,Normal
2026-02-15 04:56:43.101069,Dubai-4c84,39,68,Normal
2026-02-15 04:56:44.101069,Dubai-4c84,-14,85,Normal
2026-02-15 04:56:45.101069,Dubai-4c84,48,46,Normal
2026-02-15 04:56:46.101069,Dubai-4c84,-27,65,Normal
2026-02-15 04:56:47.101069,Dubai-4c84,23,35,Normal
2026-02-15 04:56:48.101069,Dubai-4c84,41,45,Normal
2026-02-15 04:56:49.101069,Dubai-4c84,44,71,Normal
2026-02-15 04:56:50.101069,Dubai-4c84,9,11,Normal
2026-02-15 04:56:51.101069,Dubai-4c84,49,29,Normal
2026-02-15 04:56:52.101069,Dubai-4c84,40,68,Normal
2026-02-15 04:56:53.101069,Dubai-4c84,-6,40,Normal
2026-02-15 04:56:54.101069,Dubai-4c84,39,99,Normal
2026-02-15 04:56:55.101069,Dubai-4c84,15,59,Normal
2026-02-15 04:56:56.101069,Dubai-4c84,21,28,Normal
2026-02-15 04:56:57.101069,Dubai-4c84,-9,34,Normal
2026-02-15 04:56:58.101069,Dubai-4c84,-11,79,Normal
2026-02-15 04:56:59.101069,Dubai-4c84,-11,41,Normal
2026-02-15 04:57:00.101069,Dubai-4c84,41,93,Normal
2026-02-15 04:57:01.101069,Dubai-4c84,-11,33,Normal
2026-02-15 04:57:02.101069,Dubai-4c84,28,75,Normal
2026-02-15 04:57:03.101069,Dubai-4c84,-7,80,Normal
2026-02-15 04:57:04.101069,Dubai-4c84,-21,55,Normal
2026-02-15 04:57:05.101069,Dubai-4c84,39,40,Normal
2026-02-15 04:57:06.101069,Dubai-4c84,-9,4,Normal
2026-02-15 04:57:07.101069,Dubai-4c84,12,77,Normal
2026-02-15 04:57:08.101069,Dubai-4c84,-3,67,Normal
2026-02-15 04:57:09.101069,Dubai-4c84,30,93,Normal
2026-02-15 04:57:10.101069,Dubai-4c84,-4,36,Normal
2026-02-15 04:57:11.101069,Dubai-4c84,28,88,Normal
2026-02-15 04:57:12.101069,Dubai-4c84,20,61,Normal
2026-02-15 04:57:13.101069,Dubai-4c84,21,84,Normal
2026-02-15 04:57:14.101069,Dubai-4c84,-3,60,Normal
2026-02-15 04:57:15.101069,Dubai-4c84,6,18,Normal
2026-02-15 04:57:16.101069,Dubai-4c84,47,33,Normal
2026-02-15 04:57:17.101069,Dubai-4c84,13,40,Normal
2026-02-15 04:57:18.101069,Dubai-4c84,8,62,Normal
2026-02-15 04:57:19.101069,Dubai-4c84,9,11,Normal
2026-02-15 04:57:20.101069,Dubai-4c84,-3,57,Normal
2026-02-15 04:57:21.101069,Dubai-4c84,43,98,Normal
2026-02-15 04:57:22.101069,Dubai-4c84,42,38,Normal
2026-02-15 04:57:23.101069,Dubai-4c84,-28,40,Normal
2026-02-15 04:57:24.101069,Dubai-4c84,13,7,Normal
2026-02-15 04:57:25.101069,Dubai-4c84,41,94,Normal
2026-02-15 04:57:26.101069,Dubai-4c84,11,9,Normal
2026-02-15 04:57:27.101069,Dubai-4c84,22,22,Normal
2026-02-15 04:57:28.101069,Dubai-4c84,41,0,Normal
2026-02-15 04:57:29.101069,Dubai-4c84,8,100,Normal
2026-02-15 04:57:30.101069,Dubai-4c84,29,28,Normal
2026-02-15 04:57:31.101069,Dubai-4c84,-30,88,Normal
2026-02-15 04:57:32.101069,Dubai-4c84,25,43,Normal
2026-02-15 04:57:33.101069,Dubai-4c84,-8,38,Normal
2026-02-15 04:57:34.101069,Dubai-4c84,31,70,Normal
2026-02-15 04:57:35.101069,Dubai-4c84,-8,53,Normal
2026-02-15 04:57:36.101069,Dubai-4c84,-10,51,Normal
2026-02-15 04:57:37.101069,Dubai-4c84,42,20,Normal
2026-02-15 04:57:38.101069,Dubai-4c84,-18,75,Normal
2026-02-15 04:57:39.101069,Dubai-4c84,-24,57,Normal
2026-02-15 04:57:40.101069,Dubai-4c84,-24,25,Normal
2026-02-15 04:57:41.101069,Dubai-4c84,42,12,Normal
2026-02-15 04:57:42.101069,Dubai-4c84,-2,100,Normal
2026-02-15 04:57:43.101069,Dubai-4c84,17,57,Normal
2026-02-15 04:57:44.101069,Dubai-4c84,5,21,Normal
2026-02-15 04:57:45.101069,Dubai-4c84,-19,78,Normal
2026-02-15 04:57:46.101069,Dubai-4c84,30,80,Normal
2026-02-15 04:57:47.101069,Dubai-4c84,4,71,Normal
2026-02-15 04:57:48.101069,Dubai-4c84,42,3,Normal
2026-02-15 04:57:49.101069,Dubai-4c84,46,88,Normal
2026-02-15 04:57:50.101069,Dubai-4c84,34,53,Normal
2026-02-15 04:57:51.101069,Dubai-4c84,4,90,Normal
2026-02-15 04:57:52.101069,Dubai-4c84,-10,68,Normal
2026-02-15 04:57:53.101069,Dubai-4c84,16,58,Normal
2026-02-15 04:57:54.101069,Dubai-4c84,2,35,Normal
2026-02-15 04:57:55.101069,Dubai-4c84,50,61,Normal
2026-02-15 04:57:56.101069,Dubai-4c84,-12,35,Normal
2026-02-15 04:57:57.101069,Dubai-4c84,-3,1,Normal
2026-02-15 04:57:58.101069,Dubai-4c84,-6,15,Normal
2026-02-15 04:57:59.101069,Dubai-4c84,44,95,Normal
2026-02-15 04:58:00.101069,Dubai-4c84,34,41,Normal
2026-02-15 04:58:01.101069,Dubai-4c84,2,46,Normal
2026-02-15 04:58:02.101069,Dubai-4c84,12,58,Normal
2026-02-15 04:58:03.101069,Dubai-4c84,26,87,Normal
2026-02-15 04:58:04.101069,Dubai-4c84,42,31,Normal
2026-02-15 04:58:05.101069,Dubai-4c84,44,82,Normal
2026-02-15 04:58:06.101069,Dubai-4c84,12,56,Normal
2026-02-15 04:58:07.101069,Dubai-4c84,22,11,Normal
2026-02-15 04:58:08.101069,Dubai-4c84,-30,15,Normal
2026-02-15 04:58:09.101069,Dubai-4c84,34,29,Normal
2026-02-15 04:58:10.101069,Dubai-4c84,18,72,Normal
2026-02-15 04:58:11.101069,Dubai-4c84,26,25,Normal
2026-02-15 04:58:12.101069,Dubai-4c84,39,89,Normal
2026-02-15 04:58:13.101069,Dubai-4c84,5,99,Normal
2026-02-15 04:58:14.101069,Dubai-4c84,-8,65,Normal
2026-02-15 04:58:15.101069,Dubai-4c84,27,1,Normal
2026-02-15 04:58:16.101069,Dubai-4c84,13,32,Normal
2026-02-15 04:58:17.101069,Dubai-4c84,23,83,Normal
2026-02-15 04:58:18.101069,Dubai-4c84,-8,10,Normal
2026-02-15 04:58:19.101069,Dubai-4c84,36,22,Normal
2026-02-15 04:58:20.101069,Dubai-4c84,16,78,Normal
2026-02-15 04:58:21.101069,Dubai-4c84,9,93,Normal
2026-02-15 04:58:22.101069,Dubai-4c84,28,48,Normal
2026-02-15 04:58:23.101069,Dubai-4c84,-9,32,Normal
2026-02-15 04:58:24.101069,Dubai-4c84,22,94,Normal
2026-02-15 04:58:25.101069,Dubai-4c84,-13,7,Normal
2026-02-15 04:58:26.101069,Dubai-4c84,36,91,Normal
2026-02-15 04:58:27.101069,Dubai-4c84,45,63,Normal
2026-02-15 04:58:28.101069,Dubai-4c84,3,12,Normal
2026-02-15 04:58:29.101069,Dubai-4c84,-30,13,Normal
2026-02-15 04:58:30.101069,Dubai-4c84,-16,11,Normal
2026-02-15 04:58:31.101069,Dubai-4c84,7,83,Normal
2026-02-15 04:58:32.101069,Dubai-4c84,5,81,Normal
2026-02-15 04:58:33.101069,Dubai-4c84,-16,97,Normal
2026-02-15 04:58:34.101069,Dubai-4c84,33,96,Normal
2026-02-15 04:58:35.101069,Dubai-4c84,-14,52,Normal
2026-02-15 04:58:36.101069,Dubai-4c84,45,4,Normal
2026-02-15 04:58:37.101069,Dubai-4c84,-3,30,Normal
2026-02-15 04:58:38.101069,Dubai-4c84,-25,33,Normal
2026-02-15 04:58:39.101069,Dubai-4c84,15,26,Normal
2026-02-15 04:58:40.101069,Dubai-4c84,36,97,Normal
2026-02-15 04:58:41.101069,Dubai-4c84,47,31,Normal
2026-02-15 04:58:42.101069,Dubai-4c84,-7,36,Normal
2026-02-15 04:58:43.101069,Dubai-4c84,12,9,Normal
2026-02-15 04:58:44.101069,Dubai-4c84,7,2,Normal
2026-02-15 04:58:45.101069,Dubai-4c84,-4,26,Normal
2026-02-15 04:58:46.101069,Dubai-4c84,-5,45,Normal
2026-02-15 04:58:47.101069,Dubai-4c84,41,2,Normal
2026-02-15 04:58:48.101069,Dubai-4c84,42,32,Normal
2026-02-15 04:58:49.101069,Dubai-4c84,-2,0,Normal
2026-02-15 04:58:50.101069,Dubai-4c84,31,37,Normal
2026-02-15 04:58:51.101069,Dubai-4c84,-5,57,Normal
2026-02-15 04:58:52.101069,Dubai-4c84,47,60,Normal
2026-02-15 04:58:53.101069,Dubai-4c84,23,31,Normal
2026-02-15 04:58:54.101069,Dubai-4c84,-19,51,Normal
2026-02-15 04:58:55.101069,Dubai-4c84,-27,48,Normal
2026-02-15 04:58:56.101069,Dubai-4c84,-17,68,Normal
2026-02-15 04:58:57.101069,Dubai-4c84,19,15,Normal
2026-02-15 04:58:58.101069,Dubai-4c84,48,15,Normal
2026-02-15 04:58:59.101069,Dubai-4c84,-13,11,Normal
2026-02-15 04:59:00.101069,Dubai-4c84,8,21,Normal
2026-02-15 04:59:01.101069,Dubai-4c84,29,38,Normal
2026-02-15 04:59:02.101069,Dubai-4c84,-7,47,Normal
2026-02-15 04:59:03.101069,Dubai-4c84,50,92,Normal
2026-02-15 04:59:04.101069,Dubai-4c84,48,8,Normal
2026-02-15 04:59:05.101069,Dubai-4c84,-24,22,Normal
2026-02-15 04:59:06.101069,Dubai-4c84,16,92,Normal
2026-02-15 04:59:07.101069,Dubai-4c84,-20,87,Normal
2026-02-15 04:59:08.101069,Dubai-4c84,25,89,Normal
2026-02-15 04:59:09.101069,Dubai-4c84,46,54,Normal
2026-02-15 04:59:10.101069,Dubai-4c84,11,97,Normal
2026-02-15 04:59:11.101069,Dubai-4c84,46,64,Normal
2026-02-15 04:59:12.101069,Dubai-4c84,-6,10,Normal
2026-02-15 04:59:13.101069,Dubai-4c84,21,61,Normal
2026-02-15 04:59:14.101069,Dubai-4c84,13,54,Normal
2026-02-15 04:59:15.101069,Dubai-4c84,2,65,Normal
2026-02-15 04:59:16.101069,Dubai-4c84,11,48,Normal
2026-02-15 04:59:17.101069,Dubai-4c84,35,75,Normal
2026-02-15 04:59:18.101069,Dubai-4c84,47,39,Normal
2026-02-15 04:59:19.101069,Dubai-4c84,-2,84,Normal
2026-02-15 04:59:20.101069,Dubai-4c84,40,7,Normal
2026-02-15 04:59:21.101069,Dubai-4c84,-28,0,Normal
2026-02-15 04:59:22.101069,Dubai-4c84,14,45,Normal
2026-02-15 04:59:23.101069,Dubai-4c84,-4,18,Normal
2026-02-15 04:59:24.101069,Dubai-4c84,2,57,Normal
2026-02-15 04:59:25.101069,Dubai-4c84,10,15,Normal
2026-02-15 04:59:26.101069,Dubai-4c84,-29,100,Normal
2026-02-15 04:59:27.101069,Dubai-4c84,-30,13,Normal
2026-02-15 04:59:28.101069,Dubai-4c84,-20,45,Normal
2026-02-15 04:59:29.101069,Dubai-4c84,-7,26,Normal
2026-02-15 04:59:30.101069,Dubai-4c84,6,36,Normal
2026-02-15 04:59:31.101069,Dubai-4c84,46,12,Normal
2026-02-15 04:59:32.101069,Dubai-4c84,-21,56,Normal
2026-02-15 04:59:33.101069,Dubai-4c84,-7,5,Normal
2026-02-15 04:59:34.101069,Dubai-4c84,-12,60,Normal
2026-02-15 04:59:35.101069,Dubai-4c84,-9,11,Normal
2026-02-15 04:59:36.101069,Dubai-4c84,36,90,Normal
2026-02-15 04:59:37.101069,Dubai-4c84,-14,54,Normal
2026-02-15 04:59:38.101069,Dubai-4c84,42,58,Normal
2026-02-15 04:59:39.101069,Dubai-4c84,-7,13,Normal
2026-02-15 04:59:40.101069,Dubai-4c84,-13,99,Normal
2026-02-15 04:59:41.101069,Dubai-4c84,-28,59,Normal
2026-02-15 04:59:42.101069,Dubai-4c84,42,51,Normal
2026-02-15 04:59:43.101069,Dubai-4c84,3,62,Normal
2026-02-15 04:59:44.101069,Dubai-4c84,1,22,Normal
2026-02-15 04:59:45.101069,Dubai-4c84,-20,84,Normal
2026-02-15 04:59:46.101069,Dubai-4c84,40,67,Normal
2026-02-15 04:59:47.101069,Dubai-4c84,-15,42,Normal
2026-02-15 04:59:48.101069,Dubai-4c84,-18,81,Normal
2026-02-15 04:59:49.101069,Dubai-4c84,10,89,Normal
2026-02-15 04:59:50.101069,Dubai-4c84,32,18,Normal
2026-02-15 04:59:51.101069,Dubai-4c84,-28,74,Normal
2026-02-15 04:59:52.101069,Dubai-4c84,-21,46,Normal
2026-02-15 04:59:53.101069,Dubai-4c84,-5,19,Normal
2026-02-15 04:59:54.101069,Dubai-4c84,-15,3,Normal
2026-02-15 04:59:55.101069,Dubai-4c84,-29,88,Normal
2026-02-15 04:59:56.101069,Dubai-4c84,-24,70,Normal
2026-02-15 04:59:57.101069,Dubai-4c84,23,66,Normal
2026-02-15 04:59:58.101069,Dubai-4c84,50,89,Normal
2026-02-15 04:59:59.101069,Dubai-4c84,24,69,Normal
2026-02-15 05:00:00.101069,Dubai-4c84,-14,56,Normal
2026-02-15 05:00:01.101069,Dubai-4c84,4,57,Normal
2026-02-15 05:00:02.101069,Dubai-4c84,-26,10,Normal
2026-02-15 05:00:03.101069,Dubai-4c84,-1,60,Normal
2026-02-15 05:00:04.101069,Dubai-4c84,-24,36,Normal
2026-02-15 05:00:05.101069,Dubai-4c84,-18,36,Normal
2026-02-15 05:00:06.101069,Dubai-4c84,3,97,Normal
2026-02-15 05:00:07.101069,Dubai-4c84,-4,7,Normal
2026-02-15 05:00:08.101069,Dubai-4c84,39,28,Normal
2026-02-15 05:00:09.101069,Dubai-4c84,-1,56,Normal
2026-02-15 05:00:10.101069,Dubai-4c84,2,2,Normal
2026-02-15 05:00:11.101069,Dubai-4c84,-25,39,Normal
2026-02-15 05:00:12.101069,Dubai-4c84,14,2,Normal
2026-02-15 05:00:13.101069,Dubai-4c84,-4,47,Normal
2026-02-15 05:00:14.101069,Dubai-4c84,48,52,Normal
2026-02-15 05:00:15.101069,Dubai-4c84,44,15,Normal
2026-02-15 05:00:16.101069,Dubai-4c84,11,57,Normal
2026-02-15 05:00:17.101069,Dubai-4c84,-22,95,Normal
2026-02-15 05:00:18.101069,Dubai-4c84,14,46,Normal
2026-02-15 05:00:19.101069,Dubai-4c84,8,81,Normal
2026-02-15 05:00:20.101069,Dubai-4c84,-13,35,Normal
2026-02-15 05:00:21.101069,Dubai-4c84,-6,36,Normal
2026-02-15 05:00:22.101069,Dubai-4c84,33,63,Normal
2026-02-15 05:00:23.101069,Dubai-4c84,26,81,Normal
2026-02-15 05:00:24.101069,Dubai-4c84,-8,1,Normal
2026-02-15 05:00:25.101069,Dubai-4c84,4,13,Normal
2026-02-15 05:00:26.101069,Dubai-4c84,41,26,Normal
2026-02-15 05:00:27.101069,Dubai-4c84,49,80,Normal
2026-02-15 05:00:28.101069,Dubai-4c84,-1,9,Normal
2026-02-15 05:00:29.101069,Dubai-4c84,-28,52,Normal
2026-02-15 05:00:30.101069,Dubai-4c84,1,40,Normal
2026-02-15 05:00:31.101069,Dubai-4c84,16,36,Normal
2026-02-15 05:00:32.101069,Dubai-4c84,8,50,Normal
2026-02-15 05:00:33.101069,Dubai-4c84,45,95,Normal
2026-02-15 05:00:34.101069,Dubai-4c84,10,17,Normal
2026-02-15 05:00:35.101069,Dubai-4c84,13,11,Normal
2026-02-15 05:00:36.101069,Dubai-4c84,10,97,Normal
2026-02-15 05:00:37.101069,Dubai-4c84,0,23,Normal
2026-02-15 05:00:38.101069,Dubai-4c84,12,59,Normal
2026-02-15 05:00:39.101069,Dubai-4c84,39,46,Normal
2026-02-15 05:00:40.101069,Dubai-4c84,7,9,Normal
2026-02-15 05:00:41.101069,Dubai-4c84,17,75,Normal
2026-02-15 05:00:42.101069,Dubai-4c84,35,1,Normal
2026-02-15 05:00:43.101069,Dubai-4c84,-24,91,Normal
2026-02-15 05:00:44.101069,Dubai-4c84,0,57,Normal
2026-02-15 05:00:45.101069,Dubai-4c84,-22,72,Normal
2026-02-15 05:00:46.101069,Dubai-4c84,32,25,Normal
2026-02-15 05:00:47.101069,Dubai-4c84,25,6,Normal
2026-02-15 05:00:48.101069,Dubai-4c84,16,71,Normal
2026-02-15 05:00:49.101069,Dubai-4c84,-2,53,Normal
2026-02-15 05:00:50.101069,Dubai-4c84,24,51,Normal
2026-02-15 05:00:51.101069,Dubai-4c84,-16,75,Normal
2026-02-15 05:00:52.101069,Dubai-4c84,50,32,Normal
2026-02-15 05:00:53.101069,Dubai-4c84,7,78,Normal
2026-02-15 05:00:54.101069,Dubai-4c84,43,5,Normal
2026-02-15 05:00:55.101069,Dubai-4c84,46,7,Normal
2026-02-15 05:00:56.101069,Dubai-4c84,7,90,Normal
2026-02-15 05:00:57.101069,Dubai-4c84,27,62,Normal
2026-02-15 05:00:58.101069,Dubai-4c84,-8,76,Normal
2026-02-15 05:00:59.101069,Dubai-4c84,27,26,Normal
2026-02-15 05:01:00.101069,Dubai-4c84,27,72,Normal
2026-02-15 05:01:01.101069,Dubai-4c84,-23,40,Normal
2026-02-15 05:01:02.101069,Dubai-4c84,5,77,Normal
2026-02-15 05:01:03.101069,Dubai-4c84,4,43,Normal
2026-02-15 05:01:04.101069,Dubai-4c84,44,27,Normal
2026-02-15 05:01:05.101069,Dubai-4c84,2,52,Normal
2026-02-15 05:01:06.101069,Dubai-4c84,-13,50,Normal
2026-02-15 05:01:07.101069,Dubai-4c84,50,83,Normal
2026-02-15 05:01:08.101069,Dubai-4c84,43,96,Normal
2026-02-15 05:01:09.101069,Dubai-4c84,39,25,Normal
2026-02-15 05:01:10.101069,Dubai-4c84,3,98,Normal
2026-02-15 05:01:11.101069,Dubai-4c84,40,12,Normal
2026-02-15 05:01:12.101069,Dubai-4c84,-10,76,Normal
2026-02-15 05:01:13.101069,Dubai-4c84,-18,78,Normal
2026-02-15 05:01:14.101069,Dubai-4c84,33,83,Normal
2026-02-15 05:01:15.101069,Dubai-4c84,18,35,Normal
2026-02-15 05:01:16.101069,Dubai-4c84,47,3,Normal
2026-02-15 05:01:17.101069,Dubai-4c84,-23,28,Normal
2026-02-15 05:01:18.101069,Dubai-4c84,24,69,Normal
2026-02-15 05:01:19.101069,Dubai-4c84,-7,49,Normal
2026-02-15 05:01:20.101069,Dubai-4c84,-18,8,Normal
2026-02-15 05:01:21.101069,Dubai-4c84,-25,54,Normal
2026-02-15 05:01:22.101069,Dubai-4c84,23,79,Normal
2026-02-15 05:01:23.101069,Dubai-4c84,23,90,Normal
2026-02-15 05:01:24.101069,Dubai-4c84,-24,93,Normal
2026-02-15 05:01:25.101069,Dubai-4c84,30,70,Normal
2026-02-15 05:01:26.101069,Dubai-4c84,7,88,Normal
2026-02-15 05:01:27.101069,Dubai-4c84,-2,90,Normal
2026-02-15 05:01:28.101069,Dubai-4c84,22,59,Normal
2026-02-15 05:01:29.101069,Dubai-4c84,33,100,Normal
2026-02-15 05:01:30.101069,Dubai-4c84,17,85,Normal
2026-02-15 05:01:31.101069,Dubai-4c84,5,77,Normal
2026-02-15 05:01:32.101069,Dubai-4c84,-18,99,Normal
2026-02-15 05:01:33.101069,Dubai-4c84,44,55,Normal
2026-02-15 05:01:34.101069,Dubai-4c84,11,10,Normal
2026-02-15 05:01:35.101069,Dubai-4c84,9,4,Normal
2026-02-15 05:01:36.101069,Dubai-4c84,-27,78,Normal
2026-02-15 05:01:37.101069,Dubai-4c84,12,12,Normal
2026-02-15 05:01:38.101069,Dubai-4c84,36,22,Normal
2026-02-15 05:01:39.101069,Dubai-4c84,32,4,Normal
2026-02-15 05:01:40.101069,Dubai-4c84,29,18,Normal
2026-02-15 05:01:41.101069,Dubai-4c84,4,22,Normal
2026-02-15 05:01:42.101069,Dubai-4c84,49,3,Normal
2026-02-15 05:01:43.101069,Dubai-4c84,-22,32,Normal
2026-02-15 05:01:44.101069,Dubai-4c84,-5,41,Normal
2026-02-15 05:01:45.101069,Dubai-4c84,29,91,Normal
2026-02-15 05:01:46.101069,Dubai-4c84,-20,30,Normal
2026-02-15 05:01:47.101069,Dubai-4c84,32,40,Normal
2026-02-15 05:01:48.101069,Dubai-4c84,-24,16,Normal
2026-02-15 05:01:49.101069,Dubai-4c84,-11,90,Normal
2026-02-15 05:01:50.101069,Dubai-4c84,46,14,Normal
2026-02-15 05:01:51.101069,Dubai-4c84,-26,99,Normal
2026-02-15 05:01:52.101069,Dubai-4c84,46,83,Normal
2026-02-15 05:01:53.101069,Dubai-4c84,4,51,Normal
2026-02-15 05:01:54.101069,Dubai-4c84,4,46,Normal
2026-02-15 05:01:55.101069,Dubai-4c84,2,43,Normal
2026-02-15 05:01:56.101069,Dubai-4c84,42,51,Normal
2026-02-15 05:01:57.101069,Dubai-4c84,-23,56,Normal
2026-02-15 05:01:58.101069,Dubai-4c84,38,50,Normal
2026-02-15 05:01:59.101069,Dubai-4c84,7,96,Normal
2026-02-15 05:02:00.101069,Dubai-4c84,35,24,Normal
2026-02-15 05:02:01.101069,Dubai-4c84,-7,20,Normal
2026-02-15 05:02:02.101069,Dubai-4c84,-28,24,Normal
2026-02-15 05:02:03.101069,Dubai-4c84,11,14,Normal
2026-02-15 05:02:04.101069,Dubai-4c84,30,77,Normal
2026-02-15 05:02:05.101069,Dubai-4c84,-5,62,Normal
2026-02-15 05:02:06.101069,Dubai-4c84,-12,6,Normal
2026-02-15 05:02:07.101069,Dubai-4c84,37,58,Normal
2026-02-15 05:02:08.101069,Dubai-4c84,-15,91,Normal
2026-02-15 05:02:09.101069,Dubai-4c84,-27,34,Normal
2026-02-15 05:02:10.101069,Dubai-4c84,-25,81,Normal
2026-02-15 05:02:11.101069,Dubai-4c84,-20,24,Normal
2026-02-15 05:02:12.101069,Dubai-4c84,-10,80,Normal
2026-02-15 05:02:13.101069,Dubai-4c84,0,8,Normal
2026-02-15 05:02:14.101069,Dubai-4c84,44,42,Normal
2026-02-15 05:02:15.101069,Dubai-4c84,25,22,Normal
2026-02-15 05:02:16.101069,Dubai-4c84,6,90,Normal
2026-02-15 05:02:17.101069,Dubai-4c84,31,19,Normal
2026-02-15 05:02:18.101069,Dubai-4c84,30,43,Normal
2026-02-15 05:02:19.101069,Dubai-4c84,25,32,Normal
2026-02-15 05:02:20.101069,Dubai-4c84,-2,94,Normal
2026-02-15 05:02:21.101069,Dubai-4c84,24,3,Normal
2026-02-15 05:02:22.101069,Dubai-4c84,24,92,Normal
2026-02-15 05:02:23.101069,Dubai-4c84,40,75,Normal
2026-02-15 05:02:24.101069,Dubai-4c84,18,9,Normal
2026-02-15 05:02:25.101069,Dubai-4c84,33,70,Normal
2026-02-15 05:02:26.101069,Dubai-4c84,35,52,Normal
2026-02-15 05:02:27.101069,Dubai-4c84,-6,93,Normal
2026-02-15 05:02:28.101069,Dubai-4c84,-10,85,Normal
2026-02-15 05:02:29.101069,Dubai-4c84,24,63,Normal
2026-02-15 05:02:30.101069,Dubai-4c84,46,58,Normal
2026-02-15 05:02:31.101069,Dubai-4c84,35,53,Normal
2026-02-15 05:02:32.101069,Dubai-4c84,40,18,Normal
2026-02-15 05:02:33.101069,Dubai-4c84,1,68,Normal
2026-02-15 05:02:34.101069,Dubai-4c84,-13,88,Normal
2026-02-15 05:02:35.101069,Dubai-4c84,-14,64,Normal
2026-02-15 05:02:36.101069,Dubai-4c84,1,33,Normal
2026-02-15 05:02:37.101069,Dubai-4c84,26,46,Normal
2026-02-15 05:02:38.101069,Dubai-4c84,33,27,Normal
2026-02-15 05:02:39.101069,Dubai-4c84,6,87,Normal
2026-02-15 05:02:40.101069,Dubai-4c84,13,19,Normal
2026-02-15 05:02:41.101069,Dubai-4c84,35,16,Normal
2026-02-15 05:02:42.101069,Dubai-4c84,27,13,Normal
2026-02-15 05:02:43.101069,Dubai-4c84,-14,36,Normal
2026-02-15 05:02:44.101069,Dubai-4c84,1,74,Normal
2026-02-15 05:02:45.101069,Dubai-4c84,-26,28,Normal
2026-02-15 05:02:46.101069,Dubai-4c84,33,52,Normal
2026-02-15 05:02:47.101069,Dubai-4c84,42,91,Normal
2026-02-15 05:02:48.101069,Dubai-4c84,47,60,Normal
2026-02-15 05:02:49.101069,Dubai-4c84,10,27,Normal
2026-02-15 05:02:50.101069,Dubai-4c84,-20,89,Normal
2026-02-15 05:02:51.101069,Dubai-4c84,9,6,Normal
2026-02-15 05:02:52.101069,Dubai-4c84,-1,6,Normal
2026-02-15 05:02:53.101069,Dubai-4c84,21,12,Normal
2026-02-15 05:02:54.101069,Dubai-4c84,21,76,Normal
2026-02-15 05:02:55.101069,Dubai-4c84,16,9,Normal
2026-02-15 05:02:56.101069,Dubai-4c84,44,83,Normal
2026-02-15 05:02:57.101069,Dubai-4c84,-21,72,Normal
2026-02-15 05:02:58.101069,Dubai-4c84,-22,9,Normal
2026-02-15 05:02:59.101069,Dubai-4c84,4,84,Normal
2026-02-15 05:03:00.101069,Dubai-4c84,4,54,Normal
2026-02-15 05:03:01.101069,Dubai-4c84,28,44,Normal
2026-02-15 05:03:02.101069,Dubai-4c84,27,93,Normal
2026-02-15 05:03:03.101069,Dubai-4c84,-28,86,Normal
2026-02-15 05:03:04.101069,Dubai-4c84,-25,90,Normal
2026-02-15 05:03:05.101069,Dubai-4c84,-10,14,Normal
2026-02-15 05:03:06.101069,Dubai-4c84,22,46,Normal
2026-02-15 05:03:07.101069,Dubai-4c84,-20,51,Normal
2026-02-15 05:03:08.101069,Dubai-4c84,-23,53,Normal
2026-02-15 05:03:09.101069,Dubai-4c84,19,6,Normal
2026-02-15 05:03:10.101069,Dubai-4c84,12,78,Normal
2026-02-15 05:03:11.101069,Dubai-4c84,23,65,Normal
2026-02-15 05:03:12.101069,Dubai-4c84,-26,87,Normal
2026-02-15 05:03:13.101069,Dubai-4c84,0,31,Normal
2026-02-15 05:03:14.101069,Dubai-4c84,-14,19,Normal
2026-02-15 05:03:15.101069,Dubai-4c84,41,11,Normal
2026-02-15 05:03:16.101069,Dubai-4c84,14,76,Normal
2026-02-15 05:03:17.101069,Dubai-4c84,26,58,Normal
2026-02-15 05:03:18.101069,Dubai-4c84,43,82,Normal
2026-02-15 05:03:19.101069,Dubai-4c84,21,30,Normal
2026-02-15 05:03:20.101069,Dubai-4c84,-16,10,Normal
2026-02-15 05:03:21.101069,Dubai-4c84,31,61,Normal
2026-02-15 05:03:22.101069,Dubai-4c84,43,90,Normal
2026-02-15 05:03:23.101069,Dubai-4c84,16,48,Normal
2026-02-15 05:03:24.101069,Dubai-4c84,4,82,Normal
2026-02-15 05:03:25.101069,Dubai-4c84,40,26,Normal
2026-02-15 05:03:26.101069,Dubai-4c84,49,30,Normal
2026-02-15 05:03:27.101069,Dubai-4c84,42,55,Normal
2026-02-15 05:03:28.101069,Dubai-4c84,47,96,Normal
2026-02-15 05:03:29.101069,Dubai-4c84,-29,49,Normal
2026-02-15 05:03:30.101069,Dubai-4c84,8,34,Normal
2026-02-15 05:03:31.101069,Dubai-4c84,29,4,Normal
2026-02-15 05:03:32.101069,Dubai-4c84,-15,72,Normal
2026-02-15 05:03:33.101069,Dubai-4c84,43,67,Normal
2026-02-15 05:03:34.101069,Dubai-4c84,24,97,Normal
2026-02-15 05:03:35.101069,Dubai-4c84,-1,25,Normal
2026-02-15 05:03:36.101069,Dubai-4c84,-9,64,Normal
2026-02-15 05:03:37.101069,Dubai-4c84,-23,71,Normal
2026-02-15 05:03:38.101069,Dubai-4c84,6,51,Normal
2026-02-15 05:03:39.101069,Dubai-4c84,-10,23,Normal
2026-02-15 05:03:40.101069,Dubai-4c84,29,50,Normal
2026-02-15 05:03:41.101069,Dubai-4c84,-18,50,Normal
2026-02-15 05:03:42.101069,Dubai-4c84,-22,20,Normal
2026-02-15 05:03:43.101069,Dubai-4c84,32,48,Normal
2026-02-15 05:03:44.101069,Dubai-4c84,35,61,Normal
2026-02-15 05:03:45.101069,Dubai-4c84,41,9,Normal
2026-02-15 05:03:46.101069,Dubai-4c84,28,92,Normal
2026-02-15 05:03:47.101069,Dubai-4c84,12,69,Normal
2026-02-15 05:03:48.101069,Dubai-4c84,-16,69,Normal
2026-02-15 05:03:49.101069,Dubai-4c84,-11,10,Normal
2026-02-15 05:03:50.101069,Dubai-4c84,20,2,Normal
2026-02-15 05:03:51.101069,Dubai-4c84,-19,1,Normal
2026-02-15 05:03:52.101069,Dubai-4c84,-20,78,Normal
2026-02-15 05:03:53.101069,Dubai-4c84,34,43,Normal
2026-02-15 05:03:54.101069,Dubai-4c84,14,14,Normal
2026-02-15 05:03:55.101069,Dubai-4c84,-23,86,Normal
2026-02-15 05:03:56.101069,Dubai-4c84,-18,17,Normal
2026-02-15 05:03:57.101069,Dubai-4c84,32,28,Normal
2026-02-15 05:03:58.101069,Dubai-4c84,25,83,Normal
2026-02-15 05:03:59.101069,Dubai-4c84,-15,26,Normal
2026-02-15 05:04:00.101069,Dubai-4c84,-5,33,Normal
2026-02-15 05:04:01.101069,Dubai-4c84,-20,57,Normal
2026-02-15 05:04:02.101069,Dubai-4c84,-20,34,Normal
2026-02-15 05:04:03.101069,Dubai-4c84,11,97,Normal
2026-02-15 05:04:04.101069,Dubai-4c84,-22,45,Normal
2026-02-15 05:04:05.101069,Dubai-4c84,15,4,Normal
2026-02-15 05:04:06.101069,Dubai-4c84,12,61,Normal
2026-02-15 05:04:07.101069,Dubai-4c84,8,83,Normal
2026-02-15 05:04:08.101069,Dubai-4c84,-20,48,Normal
2026-02-15 05:04:09.101069,Dubai-4c84,-15,44,Normal
2026-02-15 05:04:10.101069,Dubai-4c84,-19,72,Normal
2026-02-15 05:04:11.101069,Dubai-4c84,21,18,Normal
2026-02-15 05:04:12.101069,Dubai-4c84,-28,100,Normal
2026-02-15 05:04:13.101069,Dubai-4c84,18,69,Normal
2026-02-15 05:04:14.101069,Dubai-4c84,-5,0,Normal
2026-02-15 05:04:15.101069,Dubai-4c84,-22,12,Normal
2026-02-15 05:04:16.101069,Dubai-4c84,24,99,Normal
2026-02-15 05:04:17.101069,Dubai-4c84,45,36,Normal
2026-02-15 05:04:18.101069,Dubai-4c84,-30,62,Normal
2026-02-15 05:04:19.101069,Dubai-4c84,-8,44,Normal
2026-02-15 05:04:20.101069,Dubai-4c84,30,18,Normal
2026-02-15 05:04:21.101069,Dubai-4c84,1,26,Normal
2026-02-15 05:04:22.101069,Dubai-4c84,5,62,Normal
2026-02-15 05:04:23.101069,Dubai-4c84,-12,45,Normal
2026-02-15 05:04:24.101069,Dubai-4c84,17,17,Normal
2026-02-15 05:04:25.101069,Dubai-4c84,26,29,Normal
2026-02-15 05:04:26.101069,Dubai-4c84,1,53,Normal
2026-02-15 05:04:27.101069,Dubai-4c84,19,81,Normal
2026-02-15 05:04:28.101069,Dubai-4c84,30,14,Normal
2026-02-15 05:04:29.101069,Dubai-4c84,38,95,Normal
2026-02-15 05:04:30.101069,Dubai-4c84,24,46,Normal
