timestamp,station_id,temp,humid,condition
2026-02-10 00:07:41.183544,Toronto-8333,47,89,Normal
2026-02-10 00:07:42.183544,Toronto-8333,15,53,Normal
2026-02-10 00:07:43.183544,Toronto-8333,33,73,Normal
2026-02-10 00:07:44.183544,Toronto-8333,-2,6,Normal
2026-02-10 00:07:45.183544,Toronto-8333,-22,54,Normal
2026-02-10 00:07:46.183544,Toronto-8333,5,86,Normal
2026-02-10 00:07:47.183544,Toronto-8333,-18,61,Normal
2026-02-10 00:07:48.183544,Toronto-8333,-18,63,Normal
2026-02-10 00:07:49.183544,Toronto-8333,34,0,Normal
2026-02-10 00:07:50.183544,Toronto-8333,-17,51,Normal
2026-02-10 00:07:51.183544,Toronto-8333,33,75,Normal
2026-02-10 00:07:52.183544,Toronto-8333,14,21,Normal
2026-02-10 00:07:53.183544,Toronto-8333,41,48,Normal
2026-02-10 00:07:54.183544,Toronto-8333,41,4,Normal
2026-02-10 00:07:55.183544,Toronto-8333,-1,2,Normal
2026-02-10 00:07:56.183544,Toronto-8333,-6,18,Normal
2026-02-10 00:07:57.183544,Toronto-8333,35,6,Normal
2026-02-10 00:07:58.183544,Toronto-8333,38,55,Normal
2026-02-10 00:07:59.183544,Toronto-8333,35,87,Normal
2026-02-10 00:08:00.183544,Toronto-8333,9,84,Normal
2026-02-10 00:08:01.183544,Toronto-8333,-1,79,Normal
2026-02-10 00:08:02.183544,Toronto-8333,-17,96,Normal
2026-02-10 00:08:03.183544,Toronto-8333,40,54,Normal
2026-02-10 00:08:04.183544,Toronto-8333,34,75,Normal
2026-02-10 00:08:05.183544,Toronto-8333,-12,25,Normal
2026-02-10 00:08:06.183544,Toronto-8333,-7,66,Normal
2026-02-10 00:08:07.183544,Toronto-8333,-23,74,Normal
2026-02-10 00:08:08.183544,Toronto-8333,19,18,Normal
2026-02-10 00:08:09.183544,Toronto-8333,-6,32,Normal
2026-02-10 00:08:10.183544,Toronto-8333,-21,82,Normal
2026-02-10 00:08:11.183544,Toronto-8333,12,29,Normal
2026-02-10 00:08:12.183544,Toronto-8333,10,95,Normal
2026-02-10 00:08:13.183544,Toronto-8333,-30,33,Normal
2026-02-10 00:08:14.183544,Toronto-8333,-1,3,Normal
2026-02-10 00:08:15.183544,Toronto-8333,39,81,Normal
2026-02-10 00:08:16.183544,Toronto-8333,22,47,Normal
2026-02-10 00:08:17.183544,Toronto-8333,20,58,Normal
2026-02-10 00:08:18.183544,Toronto-8333,-12,42,Normal
2026-02-10 00:08:19.183544,Toronto-8333,6,57,Normal
2026-02-10 00:08:20.183544,Toronto-8333,23,76,Normal
2026-02-10 00:08:21.183544,Toronto-8333,-27,45,Normal
2026-02-10 00:08:22.183544,Toronto-8333,-28,78,Normal
2026-02-10 00:08:23.183544,Toronto-8333,50,65,Normal
2026-02-10 00:08:24.183544,Toronto-8333,-26,16,Normal
2026-02-10 00:08:25.183544,Toronto-8333,23,64,Normal
2026-02-10 00:08:26.183544,Toronto-8333,42,58,Normal
2026-02-10 00:08:27.183544,Toronto-8333,-17,74,Normal
2026-02-10 00:08:28.183544,Toronto-8333,0,56,Normal
2026-02-10 00:08:29.183544,Toronto-8333,33,16,Normal
2026-02-10 00:08:30.183544,Toronto-8333,34,49,Normal
2026-02-10 00:08:31.183544,Toronto-8333,-4,93,Normal
2026-02-10 00:08:32.183544,Toronto-8333,24,51,Normal
2026-02-10 00:08:33.183544,Toronto-8333,-11,33,Normal
2026-02-10 00:08:34.183544,Toronto-8333,50,93,Normal
2026-02-10 00:08:35.183544,Toronto-8333,4,74,Normal
2026-02-10 00:08:36.183544,Toronto-8333,23,72,Normal
2026-02-10 00:08:37.183544,Toronto-8333,-15,24,Normal
2026-02-10 00:08:38.183544,Toronto-8333,-22,88,Normal
2026-02-10 00:08:39.183544,Toronto-8333,37,7,Normal
2026-02-10 00:08:40.183544,Toronto-8333,19,28,Normal
2026-02-10 00:08:41.183544,Toronto-8333,10,16,Normal
2026-02-10 00:08:42.183544,Toronto-8333,31,6,Normal
2026-02-10 00:08:43.183544,Toronto-8333,2,17,Normal
2026-02-10 00:08:44.183544,Toronto-8333,46,43,Normal
2026-02-10 00:08:45.183544,Toronto-8333,-6,30,Normal
2026-02-10 00:08:46.183544,Toronto-8333,17,39,Normal
2026-02-10 00:08:47.183544,Toronto-8333,-8,9,Normal
2026-02-10 00:08:48.183544,Toronto-8333,3,69,Normal
2026-02-10 00:08:49.183544,Toronto-8333,30,72,Normal
2026-02-10 00:08:50.183544,Toronto-8333,6,25,Normal
2026-02-10 00:08:51.183544,Toronto-8333,50,92,Normal
2026-02-10 00:08:52.183544,Toronto-8333,-30,65,Normal
2026-02-10 00:08:53.183544,Toronto-8333,-24,13,Normal
2026-02-10 00:08:54.183544,Toronto-8333,12,49,Normal
2026-02-10 00:08:55.183544,Toronto-8333,11,75,Normal
2026-02-10 00:08:56.183544,Toronto-8333,50,61,Normal
2026-02-10 00:08:57.183544,Toronto-8333,13,54,Normal
2026-02-10 00:08:58.183544,Toronto-8333,-27,24,Normal
2026-02-10 00:08:59.183544,Toronto-8333,-2,100,Normal
2026-02-10 00:09:00.183544,Toronto-8333,28,32,Normal
2026-02-10 00:09:01.183544,Toronto-8333,15,62,Normal
2026-02-10 00:09:02.183544,Toronto-8333,-18,80,Normal
2026-02-10 00:09:03.183544,Toronto-8333,11,27,Normal
2026-02-10 00:09:04.183544,Toronto-8333,-29,33,Normal
2026-02-10 00:09:05.183544,Toronto-8333,7,18,Normal
2026-02-10 00:09:06.183544,Toronto-8333,10,35,Normal
2026-02-10 00:09:07.183544,Toronto-8333,16,100,Normal
2026-02-10 00:09:08.183544,Toronto-8333,16,9,Normal
2026-02-10 00:09:09.183544,Toronto-8333,-19,71,Normal
2026-02-10 00:09:10.183544,Toronto-8333,-4,72,Normal
2026-02-10 00:09:11.183544,Toronto-8333,46,29,Normal
2026-02-10 00:09:12.183544,Toronto-8333,11,67,Normal
2026-02-10 00:09:13.183544,Toronto-8333,11,28,Normal
2026-02-10 00:09:14.183544,Toronto-8333,13,77,Normal
2026-02-10 00:09:15.183544,Toronto-8333,43,22,Normal
2026-02-10 00:09:16.183544,Toronto-8333,34,77,Normal
2026-02-10 00:09:17.183544,Toronto-8333,-18,97,Normal
2026-02-10 00:09:18.183544,Toronto-8333,-28,67,Normal
2026-02-10 00:09:19.183544,Toronto-8333,48,84,Normal
2026-02-10 00:09:20.183544,Toronto-8333,22,41,Normal
2026-02-10 00:09:21.183544,Toronto-8333,40,61,Normal
2026-02-10 00:09:22.183544,Toronto-8333,-1,100,Normal
2026-02-10 00:09:23.183544,Toronto-8333,31,2,Normal
2026-02-10 00:09:24.183544,Toronto-8333,-1,92,Normal
2026-02-10 00:09:25.183544,Toronto-8333,24,26,Normal
2026-02-10 00:09:26.183544,Toronto-8333,-26,21,Normal
2026-02-10 00:09:27.183544,Toronto-8333,3,75,Normal
2026-02-10 00:09:28.183544,Toronto-8333,-18,90,Normal
2026-02-10 00:09:29.183544,Toronto-8333,2,72,Normal
2026-02-10 00:09:30.183544,Toronto-8333,-20,92,Normal
2026-02-10 00:09:31.183544,Toronto-8333,-15,48,Normal
2026-02-10 00:09:32.183544,Toronto-8333,-7,86,Normal
2026-02-10 00:09:33.183544,Toronto-8333,-27,6,Normal
2026-02-10 00:09:34.183544,Toronto-8333,40,76,Normal
2026-02-10 00:09:35.183544,Toronto-8333,40,78,Normal
2026-02-10 00:09:36.183544,Toronto-8333,-28,35,Normal
2026-02-10 00:09:37.183544,Toronto-8333,-27,7,Normal
2026-02-10 00:09:38.183544,Toronto-8333,23,8,Normal
2026-02-10 00:09:39.183544,Toronto-8333,-2,49,Normal
2026-02-10 00:09:40.183544,Toronto-8333,6,55,Normal
2026-02-10 00:09:41.183544,Toronto-8333,-25,71,Normal
2026-02-10 00:09:42.183544,Toronto-8333,33,46,Normal
2026-02-10 00:09:43.183544,Toronto-8333,-11,84,Normal
2026-02-10 00:09:44.183544,Toronto-8333,-18,3,Normal
2026-02-10 00:09:45.183544,Toronto-8333,20,74,Normal
2026-02-10 00:09:46.183544,Toronto-8333,17,56,Normal
2026-02-10 00:09:47.183544,Toronto-8333,-3,68,Normal
2026-02-10 00:09:48.183544,Toronto-8333,34,63,Normal
2026-02-10 00:09:49.183544,Toronto-8333,-6,60,Normal
2026-02-10 00:09:50.183544,Toronto-8333,28,5,Normal
2026-02-10 00:09:51.183544,Toronto-8333,-9,3,Normal
2026-02-10 00:09:52.183544,Toronto-8333,-22,10,Normal
2026-02-10 00:09:53.183544,Toronto-8333,-12,67,Normal
2026-02-10 00:09:54.183544,Toronto-8333,21,91,Normal
2026-02-10 00:09:55.183544,Toronto-8333,-10,46,Normal
2026-02-10 00:09:56.183544,Toronto-8333,9,89,Normal
2026-02-10 00:09:57.183544,Toronto-8333,2,25,Normal
2026-02-10 00:09:58.183544,Toronto-8333,-1,14,Normal
2026-02-10 00:09:59.183544,Toronto-8333,-10,20,Normal
2026-02-10 00:10:00.183544,Toronto-8333,-24,74,Normal
2026-02-10 00:10:01.183544,Toronto-8333,23,46,Normal
2026-02-10 00:10:02.183544,Toronto-8333,2,24,Normal
2026-02-10 00:10:03.183544,Toronto-8333,-16,28,Normal
2026-02-10 00:10:04.183544,Toronto-8333,37,15,Normal
2026-02-10 00:10:05.183544,Toronto-8333,-25,69,Normal
2026-02-10 00:10:06.183544,Toronto-8333,0,27,Normal
2026-02-10 00:10:07.183544,Toronto-8333,38,46,Normal
2026-02-10 00:10:08.183544,Toronto-8333,-11,23,Normal
2026-02-10 00:10:09.183544,Toronto-8333,45,88,Normal
2026-02-10 00:10:10.183544,Toronto-8333,50,17,Normal
2026-02-10 00:10:11.183544,Toronto-8333,-10,58,Normal
2026-02-10 00:10:12.183544,Toronto-8333,1,95,Normal
2026-02-10 00:10:13.183544,Toronto-8333,-10,5,Normal
2026-02-10 00:10:14.183544,Toronto-8333,39,27,Normal
2026-02-10 00:10:15.183544,Toronto-8333,43,33,Normal
2026-02-10 00:10:16.183544,Toronto-8333,-18,77,Normal
2026-02-10 00:10:17.183544,Toronto-8333,22,89,Normal
2026-02-10 00:10:18.183544,Toronto-8333,-1,19,Normal
2026-02-10 00:10:19.183544,Toronto-8333,16,8,Normal
2026-02-10 00:10:20.183544,Toronto-8333,-4,69,Normal
2026-02-10 00:10:21.183544,Toronto-8333,-6,92,Normal
2026-02-10 00:10:22.183544,Toronto-8333,28,78,Normal
2026-02-10 00:10:23.183544,Toronto-8333,40,98,Normal
2026-02-10 00:10:24.183544,Toronto-8333,39,59,Normal
2026-02-10 00:10:25.183544,Toronto-8333,15,79,Normal
2026-02-10 00:10:26.183544,Toronto-8333,-22,36,Normal
2026-02-10 00:10:27.183544,Toronto-8333,6,47,Normal
2026-02-10 00:10:28.183544,Toronto-8333,27,54,Normal
2026-02-10 00:10:29.183544,Toronto-8333,38,30,Normal
2026-02-10 00:10:30.183544,Toronto-8333,-26,74,Normal
2026-02-10 00:10:31.183544,Toronto-8333,23,41,Normal
2026-02-10 00:10:32.183544,Toronto-8333,-5,16,Normal
2026-02-10 00:10:33.183544,Toronto-8333,-28,56,Normal
2026-02-10 00:10:34.183544,Toronto-8333,-4,47,Normal
2026-02-10 00:10:35.183544,Toronto-8333,46,46,Normal
2026-02-10 00:10:36.183544,Toronto-8333,37,16,Normal
2026-02-10 00:10:37.183544,Toronto-8333,16,9,Normal
2026-02-10 00:10:38.183544,Toronto-8333,25,99,Normal
2026-02-10 00:10:39.183544,Toronto-8333,44,93,Normal
2026-02-10 00:10:40.183544,Toronto-8333,-20,61,Normal
2026-02-10 00:10:41.183544,Toronto-8333,33,72,Normal
2026-02-10 00:10:42.183544,Toronto-8333,-17,29,Normal
2026-02-10 00:10:43.183544,Toronto-8333,-26,99,Normal
2026-02-10 00:10:44.183544,Toronto-8333,39,65,Normal
2026-02-10 00:10:45.183544,Toronto-8333,-14,90,Normal
2026-02-10 00:10:46.183544,Toronto-8333,-23,42,Normal
2026-02-10 00:10:47.183544,Toronto-8333,-15,22,Normal
2026-02-10 00:10:48.183544,Toronto-8333,37,80,Normal
2026-02-10 00:10:49.183544,Toronto-8333,5,19,Normal
2026-02-10 00:10:50.183544,Toronto-8333,28,87,Normal
2026-02-10 00:10:51.183544,Toronto-8333,43,29,Normal
2026-02-10 00:10:52.183544,Toronto-8333,-29,78,Normal
2026-02-10 00:10:53.183544,Toronto-8333,31,38,Normal
2026-02-10 00:10:54.183544,Toronto-8333,49,27,Normal
2026-02-10 00:10:55.183544,Toronto-8333,5,80,Normal
2026-02-10 00:10:56.183544,Toronto-8333,-22,25,Normal
2026-02-10 00:10:57.183544,Toronto-8333,46,93,Normal
2026-02-10 00:10:58.183544,Toronto-8333,1,74,Normal
2026-02-10 00:10:59.183544,Toronto-8333,39,22,Normal
2026-02-10 00:11:00.183544,Toronto-8333,-10,60,Normal
2026-02-10 00:11:01.183544,Toronto-8333,-14,82,Normal
2026-02-10 00:11:02.183544,Toronto-8333,3,93,Normal
2026-02-10 00:11:03.183544,Toronto-8333,11,27,Normal
2026-02-10 00:11:04.183544,Toronto-8333,45,68,Normal
2026-02-10 00:11:05.183544,Toronto-8333,25,36,Normal
2026-02-10 00:11:06.183544,Toronto-8333,-2,12,Normal
2026-02-10 00:11:07.183544,Toronto-8333,-19,77,Normal
2026-02-10 00:11:08.183544,Toronto-8333,36,15,Normal
2026-02-10 00:11:09.183544,Toronto-8333,-11,82,Normal
2026-02-10 00:11:10.183544,Toronto-8333,14,81,Normal
2026-02-10 00:11:11.183544,Toronto-8333,50,0,Normal
2026-02-10 00:11:12.183544,Toronto-8333,40,9,Normal
2026-02-10 00:11:13.183544,Toronto-8333,10,16,Normal
2026-02-10 00:11:14.183544,Toronto-8333,-22,73,Normal
2026-02-10 00:11:15.183544,Toronto-8333,49,30,Normal
2026-02-10 00:11:16.183544,Toronto-8333,18,94,Normal
2026-02-10 00:11:17.183544,Toronto-8333,22,77,Normal
2026-02-10 00:11:18.183544,Toronto-8333,37,66,Normal
2026-02-10 00:11:19.183544,Toronto-8333,-9,84,Normal
2026-02-10 00:11:20.183544,Toronto-8333,23,7,Normal
2026-02-10 00:11:21.183544,Toronto-8333,27,69,Normal
2026-02-10 00:11:22.183544,Toronto-8333,-29,50,Normal
2026-02-10 00:11:23.183544,Toronto-8333,50,25,Normal
2026-02-10 00:11:24.183544,Toronto-8333,-14,14,Normal
2026-02-10 00:11:25.183544,Toronto-8333,46,0,Normal
2026-02-10 00:11:26.183544,Toronto-8333,9,33,Normal
2026-02-10 00:11:27.183544,Toronto-8333,32,35,Normal
2026-02-10 00:11:28.183544,Toronto-8333,33,4,Normal
2026-02-10 00:11:29.183544,Toronto-8333,50,95,Normal
2026-02-10 00:11:30.183544,Toronto-8333,11,0,Normal
2026-02-10 00:11:31.183544,Toronto-8333,34,25,Normal
2026-02-10 00:11:32.183544,Toronto-8333,12,35,Normal
2026-02-10 00:11:33.183544,Toronto-8333,-23,48,Normal
2026-02-10 00:11:34.183544,Toronto-8333,-7,17,Normal
2026-02-10 00:11:35.183544,Toronto-8333,-21,81,Normal
2026-02-10 00:11:36.183544,Toronto-8333,15,34,Normal
2026-02-10 00:11:37.183544,Toronto-8333,9,28,Normal
2026-02-10 00:11:38.183544,Toronto-8333,7,64,Normal
2026-02-10 00:11:39.183544,Toronto-8333,-12,88,Normal
2026-02-10 00:11:40.183544,Toronto-8333,-25,68,Normal
2026-02-10 00:11:41.183544,Toronto-8333,38,70,Normal
2026-02-10 00:11:42.183544,Toronto-8333,-8,22,Normal
2026-02-10 00:11:43.183544,Toronto-8333,-2,35,Normal
2026-02-10 00:11:44.183544,Toronto-8333,37,13,Normal
2026-02-10 00:11:45.183544,Toronto-8333,19,38,Normal
2026-02-10 00:11:46.183544,Toronto-8333,27,63,Normal
2026-02-10 00:11:47.183544,Toronto-8333,37,52,Normal
2026-02-10 00:11:48.183544,Toronto-8333,31,0,Normal
2026-02-10 00:11:49.183544,Toronto-8333,-4,76,Normal
2026-02-10 00:11:50.183544,Toronto-8333,35,10,Normal
2026-02-10 00:11:51.183544,Toronto-8333,43,4,Normal
2026-02-10 00:11:52.183544,Toronto-8333,-4,1,Normal
2026-02-10 00:11:53.183544,Toronto-8333,38,60,Normal
2026-02-10 00:11:54.183544,Toronto-8333,47,79,Normal
2026-02-10 00:11:55.183544,Toronto-8333,45,14,Normal
2026-02-10 00:11:56.183544,Toronto-8333,17,12,Normal
2026-02-10 00:11:57.183544,Toronto-8333,-5,66,Normal
2026-02-10 00:11:58.183544,Toronto-8333,-6,89,Normal
2026-02-10 00:11:59.183544,Toronto-8333,-26,19,Normal
2026-02-10 00:12:00.183544,Toronto-8333,25,55,Normal
2026-02-10 00:12:01.183544,Toronto-8333,40,63,Normal
2026-02-10 00:12:02.183544,Toronto-8333,11,32,Normal
2026-02-10 00:12:03.183544,Toronto-8333,2,46,Normal
2026-02-10 00:12:04.183544,Toronto-8333,-17,77,Normal
2026-02-10 00:12:05.183544,Toronto-8333,-29,65,Normal
2026-02-10 00:12:06.183544,Toronto-8333,15,55,Normal
2026-02-10 00:12:07.183544,Toronto-8333,40,48,Normal
2026-02-10 00:12:08.183544,Toronto-8333,-20,69,Normal
2026-02-10 00:12:09.183544,Toronto-8333,-27,31,Normal
2026-02-10 00:12:10.183544,Toronto-8333,37,1,Normal
2026-02-10 00:12:11.183544,Toronto-8333,-24,28,Normal
2026-02-10 00:12:12.183544,Toronto-8333,32,3,Normal
2026-02-10 00:12:13.183544,Toronto-8333,-22,47,Normal
2026-02-10 00:12:14.183544,Toronto-8333,7,42,Normal
2026-02-10 00:12:15.183544,Toronto-8333,-26,63,Normal
2026-02-10 00:12:16.183544,Toronto-8333,14,66,Normal
2026-02-10 00:12:17.183544,Toronto-8333,-20,26,Normal
2026-02-10 00:12:18.183544,Toronto-8333,-8,93,Normal
2026-02-10 00:12:19.183544,Toronto-8333,6,28,Normal
2026-02-10 00:12:20.183544,Toronto-8333,47,99,Normal
2026-02-10 00:12:21.183544,Toronto-8333,24,92,Normal
2026-02-10 00:12:22.183544,Toronto-8333,-12,83,Normal
2026-02-10 00:12:23.183544,Toronto-8333,44,25,Normal
2026-02-10 00:12:24.183544,Toronto-8333,-21,24,Normal
2026-02-10 00:12:25.183544,Toronto-8333,23,7,Normal
2026-02-10 00:12:26.183544,Toronto-8333,-6,4,Normal
2026-02-10 00:12:27.183544,Toronto-8333,8,39,Normal
2026-02-10 00:12:28.183544,Toronto-8333,40,58,Normal
2026-02-10 00:12:29.183544,Toronto-8333,-26,72,Normal
2026-02-10 00:12:30.183544,Toronto-8333,37,86,Normal
2026-02-10 00:12:31.183544,Toronto-8333,-10,37,Normal
2026-02-10 00:12:32.183544,Toronto-8333,4,9,Normal
2026-02-10 00:12:33.183544,Toronto-8333,50,87,Normal
2026-02-10 00:12:34.183544,Toronto-8333,26,30,Normal
2026-02-10 00:12:35.183544,Toronto-8333,45,94,Normal
2026-02-10 00:12:36.183544,Toronto-8333,29,26,Normal
2026-02-10 00:12:37.183544,Toronto-8333,-9,34,Normal
2026-02-10 00:12:38.183544,Toronto-8333,35,66,Normal
2026-02-10 00:12:39.183544,Toronto-8333,15,27,Normal
2026-02-10 00:12:40.183544,Toronto-8333,-22,86,Normal
2026-02-10 00:12:41.183544,Toronto-8333,37,93,Normal
2026-02-10 00:12:42.183544,Toronto-8333,40,7,Normal
2026-02-10 00:12:43.183544,Toronto-8333,-5,76,Normal
2026-02-10 00:12:44.183544,Toronto-8333,-30,46,Normal
2026-02-10 00:12:45.183544,Toronto-8333,47,3,Normal
2026-02-10 00:12:46.183544,Toronto-8333,50,63,Normal
2026-02-10 00:12:47.183544,Toronto-8333,33,56,Normal
2026-02-10 00:12:48.183544,Toronto-8333,-14,75,Normal
2026-02-10 00:12:49.183544,Toronto-8333,-9,84,Normal
2026-02-10 00:12:50.183544,Toronto-8333,-14,72,Normal
2026-02-10 00:12:51.183544,Toronto-8333,-10,23,Normal
2026-02-10 00:12:52.183544,Toronto-8333,-10,36,Normal
2026-02-10 00:12:53.183544,Toronto-8333,-7,0,Normal
2026-02-10 00:12:54.183544,Toronto-8333,33,88,Normal
2026-02-10 00:12:55.183544,Toronto-8333,25,87,Normal
2026-02-10 00:12:56.183544,Toronto-8333,-11,5,Normal
2026-02-10 00:12:57.183544,Toronto-8333,10,35,Normal
2026-02-10 00:12:58.183544,Toronto-8333,-21,88,Normal
2026-02-10 00:12:59.183544,Toronto-8333,9,30,Normal
2026-02-10 00:13:00.183544,Toronto-8333,30,71,Normal
2026-02-10 00:13:01.183544,Toronto-8333,-27,44,Normal
2026-02-10 00:13:02.183544,Toronto-8333,29,46,Normal
2026-02-10 00:13:03.183544,Toronto-8333,15,37,Normal
2026-02-10 00:13:04.183544,Toronto-8333,45,86,Normal
2026-02-10 00:13:05.183544,Toronto-8333,-16,62,Normal
2026-02-10 00:13:06.183544,Toronto-8333,8,87,Normal
2026-02-10 00:13:07.183544,Toronto-8333,29,49,Normal
2026-02-10 00:13:08.183544,Toronto-8333,47,48,Normal
2026-02-10 00:13:09.183544,Toronto-8333,20,37,Normal
2026-02-10 00:13:10.183544,Toronto-8333,23,93,Normal
2026-02-10 00:13:11.183544,Toronto-8333,31,40,Normal
2026-02-10 00:13:12.183544,Toronto-8333,45,95,Normal
2026-02-10 00:13:13.183544,Toronto-8333,10,26,Normal
2026-02-10 00:13:14.183544,Toronto-8333,14,85,Normal
2026-02-10 00:13:15.183544,Toronto-8333,-16,45,Normal
2026-02-10 00:13:16.183544,Toronto-8333,-27,25,Normal
2026-02-10 00:13:17.183544,Toronto-8333,-21,5,Normal
2026-02-10 00:13:18.183544,Toronto-8333,4,48,Normal
2026-02-10 00:13:19.183544,Toronto-8333,4,16,Normal
2026-02-10 00:13:20.183544,Toronto-8333,18,4,Normal
2026-02-10 00:13:21.183544,Toronto-8333,44,76,Normal
2026-02-10 00:13:22.183544,Toronto-8333,39,2,Normal
2026-02-10 00:13:23.183544,Toronto-8333,13,62,Normal
2026-02-10 00:13:24.183544,Toronto-8333,42,66,Normal
2026-02-10 00:13:25.183544,Toronto-8333,-5,91,Normal
2026-02-10 00:13:26.183544,Toronto-8333,-22,18,Normal
2026-02-10 00:13:27.183544,Toronto-8333,34,38,Normal
2026-02-10 00:13:28.183544,Toronto-8333,46,93,Normal
2026-02-10 00:13:29.183544,Toronto-8333,41,7,Normal
2026-02-10 00:13:30.183544,Toronto-8333,12,66,Normal
2026-02-10 00:13:31.183544,Toronto-8333,-2,84,Normal
2026-02-10 00:13:32.183544,Toronto-8333,-11,70,Normal
2026-02-10 00:13:33.183544,Toronto-8333,1,75,Normal
2026-02-10 00:13:34.183544,Toronto-8333,29,19,Normal
2026-02-10 00:13:35.183544,Toronto-8333,31,69,Normal
2026-02-10 00:13:36.183544,Toronto-8333,10,31,Normal
2026-02-10 00:13:37.183544,Toronto-8333,-12,71,Normal
2026-02-10 00:13:38.183544,Toronto-8333,-10,10,Normal
2026-02-10 00:13:39.183544,Toronto-8333,49,28,Normal
2026-02-10 00:13:40.183544,Toronto-8333,-14,52,Normal
2026-02-10 00:13:41.183544,Toronto-8333,-17,86,Normal
2026-02-10 00:13:42.183544,Toronto-8333,50,28,Normal
2026-02-10 00:13:43.183544,Toronto-8333,11,22,Normal
2026-02-10 00:13:44.183544,Toronto-8333,-25,22,Normal
2026-02-10 00:13:45.183544,Toronto-8333,32,52,Normal
2026-02-10 00:13:46.183544,Toronto-8333,44,88,Normal
2026-02-10 00:13:47.183544,Toronto-8333,34,78,Normal
2026-02-10 00:13:48.183544,Toronto-8333,0,10,Normal
2026-02-10 00:13:49.183544,Toronto-8333,35,7,Normal
2026-02-10 00:13:50.183544,Toronto-8333,40,85,Normal
2026-02-10 00:13:51.183544,Toronto-8333,-3,100,Normal
2026-02-10 00:13:52.183544,Toronto-8333,-23,75,Normal
2026-02-10 00:13:53.183544,Toronto-8333,37,100,Normal
2026-02-10 00:13:54.183544,Toronto-8333,-18,40,Normal
2026-02-10 00:13:55.183544,Toronto-8333,-10,18,Normal
2026-02-10 00:13:56.183544,Toronto-8333,-18,97,Normal
2026-02-10 00:13:57.183544,Toronto-8333,-2,58,Normal
2026-02-10 00:13:58.183544,Toronto-8333,22,79,Normal
2026-02-10 00:13:59.183544,Toronto-8333,2,95,Normal
2026-02-10 00:14:00.183544,Toronto-8333,42,25,Normal
2026-02-10 00:14:01.183544,Toronto-8333,14,98,Normal
2026-02-10 00:14:02.183544,Toronto-8333,43,43,Normal
2026-02-10 00:14:03.183544,Toronto-8333,32,68,Normal
2026-02-10 00:14:04.183544,Toronto-8333,16,69,Normal
2026-02-10 00:14:05.183544,Toronto-8333,-19,97,Normal
2026-02-10 00:14:06.183544,Toronto-8333,4,42,Normal
2026-02-10 00:14:07.183544,Toronto-8333,49,14,Normal
2026-02-10 00:14:08.183544,Toronto-8333,5,26,Normal
2026-02-10 00:14:09.183544,Toronto-8333,10,38,Normal
2026-02-10 00:14:10.183544,Toronto-8333,-13,34,Normal
2026-02-10 00:14:11.183544,Toronto-8333,11,76,Normal
2026-02-10 00:14:12.183544,Toronto-8333,-2,47,Normal
2026-02-10 00:14:13.183544,Toronto-8333,17,93,Normal
2026-02-10 00:14:14.183544,Toronto-8333,22,21,Normal
2026-02-10 00:14:15.183544,Toronto-8333,36,50,Normal
2026-02-10 00:14:16.183544,Toronto-8333,-12,54,Normal
2026-02-10 00:14:17.183544,Toronto-8333,-22,44,Normal
2026-02-10 00:14:18.183544,Toronto-8333,8,89,Normal
2026-02-10 00:14:19.183544,Toronto-8333,28,75,Normal
2026-02-10 00:14:20.183544,Toronto-8333,-13,12,Normal
2026-02-10 00:14:21.183544,Toronto-8333,14,62,Normal
2026-02-10 00:14:22.183544,Toronto-8333,45,22,Normal
2026-02-10 00:14:23.183544,Toronto-8333,-20,29,Normal
2026-02-10 00:14:24.183544,Toronto-8333,31,71,Normal
2026-02-10 00:14:25.183544,Toronto-8333,23,16,Normal
2026-02-10 00:14:26.183544,Toronto-8333,45,17,Normal
2026-02-10 00:14:27.183544,Toronto-8333,47,1,Normal
2026-02-10 00:14:28.183544,Toronto-8333,5,67,Normal
2026-02-10 00:14:29.183544,Toronto-8333,37,76,Normal
2026-02-10 00:14:30.183544,Toronto-8333,26,3,Normal
2026-02-10 00:14:31.183544,Toronto-8333,-16,81,Normal
2026-02-10 00:14:32.183544,Toronto-8333,43,91,Normal
2026-02-10 00:14:33.183544,Toronto-8333,-15,75,Normal
2026-02-10 00:14:34.183544,Toronto-8333,-9,29,Normal
2026-02-10 00:14:35.183544,Toronto-8333,44,99,Normal
2026-02-10 00:14:36.183544,Toronto-8333,-5,83,Normal
2026-02-10 00:14:37.183544,Toronto-8333,12,36,Normal
2026-02-10 00:14:38.183544,Toronto-8333,-2,41,Normal
2026-02-10 00:14:39.183544,Toronto-8333,13,90,Normal
2026-02-10 00:14:40.183544,Toronto-8333,-22,58,Normal
2026-02-10 00:14:41.183544,Toronto-8333,48,8,Normal
2026-02-10 00:14:42.183544,Toronto-8333,-14,2,Normal
2026-02-10 00:14:43.183544,Toronto-8333,29,34,Normal
2026-02-10 00:14:44.183544,Toronto-8333,37,72,Normal
2026-02-10 00:14:45.183544,Toronto-8333,-18,78,Normal
2026-02-10 00:14:46.183544,Toronto-8333,8,71,Normal
2026-02-10 00:14:47.183544,Toronto-8333,43,19,Normal
2026-02-10 00:14:48.183544,Toronto-8333,-28,39,Normal
2026-02-10 00:14:49.183544,Toronto-8333,-27,28,Normal
2026-02-10 00:14:50.183544,Toronto-8333,-9,12,Normal
2026-02-10 00:14:51.183544,Toronto-8333,39,82,Normal
2026-02-10 00:14:52.183544,Toronto-8333,36,18,Normal
2026-02-10 00:14:53.183544,Toronto-8333,33,46,Normal
2026-02-10 00:14:54.183544,Toronto-8333,15,27,Normal
2026-02-10 00:14:55.183544,Toronto-8333,-20,7,Normal
2026-02-10 00:14:56.183544,Toronto-8333,24,43,Normal
2026-02-10 00:14:57.183544,Toronto-8333,32,10,Normal
2026-02-10 00:14:58.183544,Toronto-8333,-6,77,Normal
2026-02-10 00:14:59.183544,Toronto-8333,39,70,Normal
2026-02-10 00:15:00.183544,Toronto-8333,-13,77,Normal
2026-02-10 00:15:01.183544,Toronto-8333,2,90,Normal
2026-02-10 00:15:02.183544,Toronto-8333,-16,90,Normal
2026-02-10 00:15:03.183544,Toronto-8333,-18,47,Normal
2026-02-10 00:15:04.183544,Toronto-8333,38,54,Normal
2026-02-10 00:15:05.183544,Toronto-8333,42,81,Normal
2026-02-10 00:15:06.183544,Toronto-8333,-10,46,Normal
2026-02-10 00:15:07.183544,Toronto-8333,36,73,Normal
2026-02-10 00:15:08.183544,Toronto-8333,-13,32,Normal
2026-02-10 00:15:09.183544,Toronto-8333,-16,33,Normal
2026-02-10 00:15:10.183544,Toronto-8333,-2,47,Normal
2026-02-10 00:15:11.183544,Toronto-8333,45,97,Normal
2026-02-10 00:15:12.183544,Toronto-8333,5,37,Normal
2026-02-10 00:15:13.183544,Toronto-8333,-2,47,Normal
2026-02-10 00:15:14.183544,Toronto-8333,16,6,Normal
2026-02-10 00:15:15.183544,Toronto-8333,-25,0,Normal
2026-02-10 00:15:16.183544,Toronto-8333,48,0,Normal
2026-02-10 00:15:17.183544,Toronto-8333,-23,9,Normal
2026-02-10 00:15:18.183544,Toronto-8333,-26,77,Normal
2026-02-10 00:15:19.183544,Toronto-8333,6,58,Normal
2026-02-10 00:15:20.183544,Toronto-8333,4,73,Normal
2026-02-10 00:15:21.183544,Toronto-8333,-19,11,Normal
2026-02-10 00:15:22.183544,Toronto-8333,34,39,Normal
2026-02-10 00:15:23.183544,Toronto-8333,-14,81,Normal
2026-02-10 00:15:24.183544,Toronto-8333,14,20,Normal
2026-02-10 00:15:25.183544,Toronto-8333,-26,61,Normal
2026-02-10 00:15:26.183544,Toronto-8333,-12,89,Normal
2026-02-10 00:15:27.183544,Toronto-8333,31,71,Normal
2026-02-10 00:15:28.183544,Toronto-8333,-24,89,Normal
2026-02-10 00:15:29.183544,Toronto-8333,30,15,Normal
2026-02-10 00:15:30.183544,Toronto-8333,-12,69,Normal
2026-02-10 00:15:31.183544,Toronto-8333,48,37,Normal
2026-02-10 00:15:32.183544,Toronto-8333,44,77,Normal
2026-02-10 00:15:33.183544,Toronto-8333,-6,60,Normal
2026-02-10 00:15:34.183544,Toronto-8333,50,95,Normal
2026-02-10 00:15:35.183544,Toronto-8333,25,74,Normal
2026-02-10 00:15:36.183544,Toronto-8333,7,70,Normal
2026-02-10 00:15:37.183544,Toronto-8333,-22,66,Normal
2026-02-10 00:15:38.183544,Toronto-8333,-15,14,Normal
2026-02-10 00:15:39.183544,Toronto-8333,-4,5,Normal
2026-02-10 00:15:40.183544,Toronto-8333,50,32,Normal
2026-02-10 00:15:41.183544,Toronto-8333,32,99,Normal
2026-02-10 00:15:42.183544,Toronto-8333,42,3,Normal
2026-02-10 00:15:43.183544,Toronto-8333,-13,1,Normal
2026-02-10 00:15:44.183544,Toronto-8333,11,79,Normal
2026-02-10 00:15:45.183544,Toronto-8333,33,37,Normal
2026-02-10 00:15:46.183544,Toronto-8333,9,83,Normal
2026-02-10 00:15:47.183544,Toronto-8333,9,30,Normal
2026-02-10 00:15:48.183544,Toronto-8333,-28,100,Normal
2026-02-10 00:15:49.183544,Toronto-8333,-28,0,Normal
2026-02-10 00:15:50.183544,Toronto-8333,32,47,Normal
2026-02-10 00:15:51.183544,Toronto-8333,49,70,Normal
2026-02-10 00:15:52.183544,Toronto-8333,-26,11,Normal
2026-02-10 00:15:53.183544,Toronto-8333,50,14,Normal
2026-02-10 00:15:54.183544,Toronto-8333,34,22,Normal
2026-02-10 00:15:55.183544,Toronto-8333,-26,1,Normal
2026-02-10 00:15:56.183544,Toronto-8333,39,4,Normal
2026-02-10 00:15:57.183544,Toronto-8333,42,67,Normal
2026-02-10 00:15:58.183544,Toronto-8333,37,43,Normal
2026-02-10 00:15:59.183544,Toronto-8333,25,96,Normal
2026-02-10 00:16:00.183544,Toronto-8333,12,32,Normal
2026-02-10 00:16:01.183544,Toronto-8333,-28,45,Normal
2026-02-10 00:16:02.183544,Toronto-8333,-7,89,Normal
2026-02-10 00:16:03.183544,Toronto-8333,-24,80,Normal
2026-02-10 00:16:04.183544,Toronto-8333,15,4,Normal
2026-02-10 00:16:05.183544,Toronto-8333,-23,55,Normal
2026-02-10 00:16:06.183544,Toronto-8333,-5,67,Normal
2026-02-10 00:16:07.183544,Toronto-8333,-29,4,Normal
2026-02-10 00:16:08.183544,Toronto-8333,25,53,Normal
2026-02-10 00:16:09.183544,Toronto-8333,28,36,Normal
2026-02-10 00:16:10.183544,Toronto-8333,-10,41,Normal
2026-02-10 00:16:11.183544,Toronto-8333,-25,72,Normal
2026-02-10 00:16:12.183544,Toronto-8333,-8,49,Normal
2026-02-10 00:16:13.183544,Toronto-8333,-2,58,Normal
2026-02-10 00:16:14.183544,Toronto-8333,-6,45,Normal
2026-02-10 00:16:15.183544,Toronto-8333,16,51,Normal
2026-02-10 00:16:16.183544,Toronto-8333,-5,31,Normal
2026-02-10 00:16:17.183544,Toronto-8333,4,2,Normal
2026-02-10 00:16:18.183544,Toronto-8333,14,89,Normal
2026-02-10 00:16:19.183544,Toronto-8333,9,20,Normal
2026-02-10 00:16:20.183544,Toronto-8333,3,59,Normal
2026-02-10 00:16:21.183544,Toronto-8333,11,39,Normal
2026-02-10 00:16:22.183544,Toronto-8333,12,14,Normal
2026-02-10 00:16:23.183544,Toronto-8333,50,77,Normal
2026-02-10 00:16:24.183544,Toronto-8333,46,31,Normal
2026-02-10 00:16:25.183544,Toronto-8333,42,15,Normal
2026-02-10 00:16:26.183544,Toronto-8333,7,87,Normal
2026-02-10 00:16:27.183544,Toronto-8333,-5,19,Normal
2026-02-10 00:16:28.183544,Toronto-8333,36,48,Normal
2026-02-10 00:16:29.183544,Toronto-8333,47,44,Normal
2026-02-10 00:16:30.183544,Toronto-8333,45,76,Normal
2026-02-10 00:16:31.183544,Toronto-8333,12,15,Normal
2026-02-10 00:16:32.183544,Toronto-8333,-19,43,Normal
2026-02-10 00:16:33.183544,Toronto-8333,43,29,Normal
2026-02-10 00:16:34.183544,Toronto-8333,-11,5,Normal
2026-02-10 00:16:35.183544,Toronto-8333,-20,5,Normal
2026-02-10 00:16:36.183544,Toronto-8333,22,88,Normal
2026-02-10 00:16:37.183544,Toronto-8333,48,44,Normal
2026-02-10 00:16:38.183544,Toronto-8333,0,62,Normal
2026-02-10 00:16:39.183544,Toronto-8333,44,42,Normal
2026-02-10 00:16:40.183544,Toronto-8333,-1,96,Normal
2026-02-10 00:16:41.183544,Toronto-8333,-25,16,Normal
2026-02-10 00:16:42.183544,Toronto-8333,39,90,Normal
2026-02-10 00:16:43.183544,Toronto-8333,32,15,Normal
2026-02-10 00:16:44.183544,Toronto-8333,-2,70,Normal
2026-02-10 00:16:45.183544,Toronto-8333,30,48,Normal
2026-02-10 00:16:46.183544,Toronto-8333,-12,8,Normal
2026-02-10 00:16:47.183544,Toronto-8333,13,49,Normal
2026-02-10 00:16:48.183544,Toronto-8333,28,5,Normal
2026-02-10 00:16:49.183544,Toronto-8333,31,53,Normal
2026-02-10 00:16:50.183544,Toronto-8333,0,1,Normal
2026-02-10 00:16:51.183544,Toronto-8333,48,52,Normal
2026-02-10 00:16:52.183544,Toronto-8333,29,35,Normal
2026-02-10 00:16:53.183544,Toronto-8333,36,55,Normal
2026-02-10 00:16:54.183544,Toronto-8333,14,87,Normal
2026-02-10 00:16:55.183544,Toronto-8333,34,43,Normal
2026-02-10 00:16:56.183544,Toronto-8333,-21,12,Normal
2026-02-10 00:16:57.183544,Toronto-8333,7,68,Normal
2026-02-10 00:16:58.183544,Toronto-8333,40,29,Normal
2026-02-10 00:16:59.183544,Toronto-8333,-6,42,Normal
2026-02-10 00:17:00.183544,Toronto-8333,16,94,Normal
2026-02-10 00:17:01.183544,Toronto-8333,-20,94,Normal
2026-02-10 00:17:02.183544,Toronto-8333,44,12,Normal
2026-02-10 00:17:03.183544,Toronto-8333,19,14,Normal
2026-02-10 00:17:04.183544,Toronto-8333,-16,48,Normal
2026-02-10 00:17:05.183544,Toronto-8333,29,67,Normal
2026-02-10 00:17:06.183544,Toronto-8333,-21,6,Normal
2026-02-10 00:17:07.183544,Toronto-8333,10,64,Normal
2026-02-10 00:17:08.183544,Toronto-8333,10,31,Normal
2026-02-10 00:17:09.183544,Toronto-8333,-1,84,Normal
2026-02-10 00:17:10.183544,Toronto-8333,39,77,Normal
2026-02-10 00:17:11.183544,Toronto-8333,44,47,Normal
2026-02-10 00:17:12.183544,Toronto-8333,-29,0,Normal
2026-02-10 00:17:13.183544,Toronto-8333,19,60,Normal
2026-02-10 00:17:14.183544,Toronto-8333,14,7,Normal
2026-02-10 00:17:15.183544,Toronto-8333,-24,46,Normal
2026-02-10 00:17:16.183544,Toronto-8333,13,77,Normal
2026-02-10 00:17:17.183544,Toronto-8333,26,67,Normal
2026-02-10 00:17:18.183544,Toronto-8333,-30,16,Normal
2026-02-10 00:17:19.183544,Toronto-8333,14,83,Normal
2026-02-10 00:17:20.183544,Toronto-8333,-3,13,Normal
2026-02-10 00:17:21.183544,Toronto-8333,-24,85,Normal
2026-02-10 00:17:22.183544,Toronto-8333,-5,62,Normal
2026-02-10 00:17:23.183544,Toronto-8333,15,21,Normal
2026-02-10 00:17:24.183544,Toronto-8333,39,99,Normal
2026-02-10 00:17:25.183544,Toronto-8333,-28,39,Normal
2026-02-10 00:17:26.183544,Toronto-8333,39,74,Normal
2026-02-10 00:17:27.183544,Toronto-8333,2,5,Normal
2026-02-10 00:17:28.183544,Toronto-8333,-17,8,Normal
2026-02-10 00:17:29.183544,Toronto-8333,-10,54,Normal
2026-02-10 00:17:30.183544,Toronto-8333,39,11,Normal
2026-02-10 00:17:31.183544,Toronto-8333,-10,46,Normal
2026-02-10 00:17:32.183544,Toronto-8333,23,1,Normal
2026-02-10 00:17:33.183544,Toronto-8333,-25,13,Normal
2026-02-10 00:17:34.183544,Toronto-8333,-25,1,Normal
2026-02-10 00:17:35.183544,Toronto-8333,25,45,Normal
2026-02-10 00:17:36.183544,Toronto-8333,24,52,Normal
2026-02-10 00:17:37.183544,Toronto-8333,-14,0,Normal
2026-02-10 00:17:38.183544,Toronto-8333,-9,0,Normal
2026-02-10 00:17:39.183544,Toronto-8333,0,66,Normal
2026-02-10 00:17:40.183544,Toronto-8333,31,3,Normal
2026-02-10 00:17:41.183544,Toronto-8333,1,99,Normal
2026-02-10 00:17:42.183544,Toronto-8333,-14,61,Normal
2026-02-10 00:17:43.183544,Toronto-8333,-3,70,Normal
2026-02-10 00:17:44.183544,Toronto-8333,20,46,Normal
2026-02-10 00:17:45.183544,Toronto-8333,34,60,Normal
2026-02-10 00:17:46.183544,Toronto-8333,-20,38,Normal
2026-02-10 00:17:47.183544,Toronto-8333,41,88,Normal
2026-02-10 00:17:48.183544,Toronto-8333,4,2,Normal
2026-02-10 00:17:49.183544,Toronto-8333,-29,49,Normal
2026-02-10 00:17:50.183544,Toronto-8333,9,2,Normal
2026-02-10 00:17:51.183544,Toronto-8333,21,30,Normal
2026-02-10 00:17:52.183544,Toronto-8333,10,99,Normal
2026-02-10 00:17:53.183544,Toronto-8333,28,46,Normal
2026-02-10 00:17:54.183544,Toronto-8333,-27,40,Normal
2026-02-10 00:17:55.183544,Toronto-8333,-21,67,Normal
2026-02-10 00:17:56.183544,Toronto-8333,24,79,Normal
2026-02-10 00:17:57.183544,Toronto-8333,36,51,Normal
2026-02-10 00:17:58.183544,Toronto-8333,-20,49,Normal
2026-02-10 00:17:59.183544,Toronto-8333,-18,33,Normal
2026-02-10 00:18:00.183544,Toronto-8333,21,16,Normal
2026-02-10 00:18:01.183544,Toronto-8333,5,38,Normal
2026-02-10 00:18:02.183544,Toronto-8333,-11,88,Normal
2026-02-10 00:18:03.183544,Toronto-8333,32,52,Normal
2026-02-10 00:18:04.183544,Toronto-8333,35,95,Normal
2026-02-10 00:18:05.183544,Toronto-8333,45,3,Normal
2026-02-10 00:18:06.183544,Toronto-8333,45,51,Normal
2026-02-10 00:18:07.183544,Toronto-8333,-6,71,Normal
2026-02-10 00:18:08.183544,Toronto-8333,-7,60,Normal
2026-02-10 00:18:09.183544,Toronto-8333,2,49,Normal
2026-02-10 00:18:10.183544,Toronto-8333,-21,28,Normal
2026-02-10 00:18:11.183544,Toronto-8333,-19,78,Normal
2026-02-10 00:18:12.183544,Toronto-8333,-19,4,Normal
2026-02-10 00:18:13.183544,Toronto-8333,-17,81,Normal
2026-02-10 00:18:14.183544,Toronto-8333,-8,72,Normal
2026-02-10 00:18:15.183544,Toronto-8333,46,52,Normal
2026-02-10 00:18:16.183544,Toronto-8333,43,84,Normal
2026-02-10 00:18:17.183544,Toronto-8333,-14,41,Normal
2026-02-10 00:18:18.183544,Toronto-8333,48,56,Normal
2026-02-10 00:18:19.183544,Toronto-8333,25,1,Normal
2026-02-10 00:18:20.183544,Toronto-8333,16,23,Normal
2026-02-10 00:18:21.183544,Toronto-8333,42,20,Normal
2026-02-10 00:18:22.183544,Toronto-8333,21,24,Normal
2026-02-10 00:18:23.183544,Toronto-8333,-24,12,Normal
2026-02-10 00:18:24.183544,Toronto-8333,-16,41,Normal
2026-02-10 00:18:25.183544,Toronto-8333,5,94,Normal
2026-02-10 00:18:26.183544,Toronto-8333,18,85,Normal
2026-02-10 00:18:27.183544,Toronto-8333,8,34,Normal
2026-02-10 00:18:28.183544,Toronto-8333,12,5,Normal
2026-02-10 00:18:29.183544,Toronto-8333,26,70,Normal
2026-02-10 00:18:30.183544,Toronto-8333,40,52,Normal
2026-02-10 00:18:31.183544,Toronto-8333,-8,21,Normal
2026-02-10 00:18:32.183544,Toronto-8333,48,76,Normal
2026-02-10 00:18:33.183544,Toronto-8333,-21,13,Normal
2026-02-10 00:18:34.183544,Toronto-8333,-1,9,Normal
2026-02-10 00:18:35.183544,Toronto-8333,-17,41,Normal
2026-02-10 00:18:36.183544,Toronto-8333,-8,63,Normal
2026-02-10 00:18:37.183544,Toronto-8333,-7,70,Normal
2026-02-10 00:18:38.183544,Toronto-8333,12,8,Normal
2026-02-10 00:18:39.183544,Toronto-8333,35,37,Normal
2026-02-10 00:18:40.183544,Toronto-8333,16,33,Normal
2026-02-10 00:18:41.183544,Toronto-8333,14,84,Normal
2026-02-10 00:18:42.183544,Toronto-8333,11,14,Normal
2026-02-10 00:18:43.183544,Toronto-8333,37,52,Normal
2026-02-10 00:18:44.183544,Toronto-8333,27,7,Normal
2026-02-10 00:18:45.183544,Toronto-8333,-28,41,Normal
2026-02-10 00:18:46.183544,Toronto-8333,29,23,Normal
2026-02-10 00:18:47.183544,Toronto-8333,17,51,Normal
2026-02-10 00:18:48.183544,Toronto-8333,18,61,Normal
2026-02-10 00:18:49.183544,Toronto-8333,-29,14,Normal
2026-02-10 00:18:50.183544,Toronto-8333,20,53,Normal
2026-02-10 00:18:51.183544,Toronto-8333,38,18,Normal
2026-02-10 00:18:52.183544,Toronto-8333,-1,92,Normal
2026-02-10 00:18:53.183544,Toronto-8333,-12,59,Normal
2026-02-10 00:18:54.183544,Toronto-8333,11,28,Normal
2026-02-10 00:18:55.183544,Toronto-8333,6,5,Normal
2026-02-10 00:18:56.183544,Toronto-8333,-3,37,Normal
2026-02-10 00:18:57.183544,Toronto-8333,32,81,Normal
2026-02-10 00:18:58.183544,Toronto-8333,23,54,Normal
2026-02-10 00:18:59.183544,Toronto-8333,-10,82,Normal
2026-02-10 00:19:00.183544,Toronto-8333,47,57,Normal
2026-02-10 00:19:01.183544,Toronto-8333,-10,55,Normal
2026-02-10 00:19:02.183544,Toronto-8333,-16,33,Normal
2026-02-10 00:19:03.183544,Toronto-8333,11,12,Normal
2026-02-10 00:19:04.183544,Toronto-8333,-26,48,Normal
2026-02-10 00:19:05.183544,Toronto-8333,2,85,Normal
2026-02-10 00:19:06.183544,Toronto-8333,13,36,Normal
2026-02-10 00:19:07.183544,Toronto-8333,3,64,Normal
2026-02-10 00:19:08.183544,Toronto-8333,21,78,Normal
2026-02-10 00:19:09.183544,Toronto-8333,18,31,Normal
2026-02-10 00:19:10.183544,Toronto-8333,-14,64,Normal
2026-02-10 00:19:11.183544,Toronto-8333,12,30,Normal
2026-02-10 00:19:12.183544,Toronto-8333,41,54,Normal
2026-02-10 00:19:13.183544,Toronto-8333,10,12,Normal
2026-02-10 00:19:14.183544,Toronto-8333,-21,91,Normal
2026-02-10 00:19:15.183544,Toronto-8333,26,4,Normal
2026-02-10 00:19:16.183544,Toronto-8333,24,10,Normal
2026-02-10 00:19:17.183544,Toronto-8333,25,86,Normal
2026-02-10 00:19:18.183544,Toronto-8333,-7,50,Normal
2026-02-10 00:19:19.183544,Toronto-8333,13,71,Normal
2026-02-10 00:19:20.183544,Toronto-8333,-2,43,Normal
2026-02-10 00:19:21.183544,Toronto-8333,41,11,Normal
2026-02-10 00:19:22.183544,Toronto-8333,-10,84,Normal
2026-02-10 00:19:23.183544,Toronto-8333,44,59,Normal
2026-02-10 00:19:24.183544,Toronto-8333,28,22,Normal
2026-02-10 00:19:25.183544,Toronto-8333,49,47,Normal
2026-02-10 00:19:26.183544,Toronto-8333,7,69,Normal
2026-02-10 00:19:27.183544,Toronto-8333,3,82,Normal
2026-02-10 00:19:28.183544,Toronto-8333,-7,8,Normal
2026-02-10 00:19:29.183544,Toronto-8333,47,100,Normal
2026-02-10 00:19:30.183544,Toronto-8333,-21,28,Normal
2026-02-10 00:19:31.183544,Toronto-8333,50,12,Normal
2026-02-10 00:19:32.183544,Toronto-8333,-19,43,Normal
2026-02-10 00:19:33.183544,Toronto-8333,-18,37,Normal
2026-02-10 00:19:34.183544,Toronto-8333,37,91,Normal
2026-02-10 00:19:35.183544,Toronto-8333,17,53,Normal
2026-02-10 00:19:36.183544,Toronto-8333,-22,100,Normal
2026-02-10 00:19:37.183544,Toronto-8333,17,42,Normal
2026-02-10 00:19:38.183544,Toronto-8333,17,63,Normal
2026-02-10 00:19:39.183544,Toronto-8333,-25,49,Normal
2026-02-10 00:19:40.183544,Toronto-8333,-5,33,Normal
2026-02-10 00:19:41.183544,Toronto-8333,49,66,Normal
2026-02-10 00:19:42.183544,Toronto-8333,48,90,Normal
2026-02-10 00:19:43.183544,Toronto-8333,-14,97,Normal
2026-02-10 00:19:44.183544,Toronto-8333,-17,57,Normal
2026-02-10 00:19:45.183544,Toronto-8333,37,30,Normal
2026-02-10 00:19:46.183544,Toronto-8333,-7,80,Normal
2026-02-10 00:19:47.183544,Toronto-8333,2,34,Normal
2026-02-10 00:19:48.183544,Toronto-8333,18,98,Normal
2026-02-10 00:19:49.183544,Toronto-8333,7,20,Normal
2026-02-10 00:19:50.183544,Toronto-8333,-9,47,Normal
2026-02-10 00:19:51.183544,Toronto-8333,14,66,Normal
2026-02-10 00:19:52.183544,Toronto-8333,6,58,Normal
2026-02-10 00:19:53.183544,Toronto-8333,-3,66,Normal
2026-02-10 00:19:54.183544,Toronto-8333,37,35,Normal
2026-02-10 00:19:55.183544,Toronto-8333,-29,89,Normal
2026-02-10 00:19:56.183544,Toronto-8333,-18,61,Normal
2026-02-10 00:19:57.183544,Toronto-8333,24,76,Normal
2026-02-10 00:19:58.183544,Toronto-8333,45,98,Normal
2026-02-10 00:19:59.183544,Toronto-8333,-11,25,Normal
2026-02-10 00:20:00.183544,Toronto-8333,22,85,Normal
2026-02-10 00:20:01.183544,Toronto-8333,37,23,Normal
2026-02-10 00:20:02.183544,Toronto-8333,11,71,Normal
2026-02-10 00:20:03.183544,Toronto-8333,8,99,Normal
2026-02-10 00:20:04.183544,Toronto-8333,-9,98,Normal
2026-02-10 00:20:05.183544,Toronto-8333,31,76,Normal
2026-02-10 00:20:06.183544,Toronto-8333,45,22,Normal
2026-02-10 00:20:07.183544,Toronto-8333,34,0,Normal
2026-02-10 00:20:08.183544,Toronto-8333,39,89,Normal
2026-02-10 00:20:09.183544,Toronto-8333,40,72,Normal
2026-02-10 00:20:10.183544,Toronto-8333,37,10,Normal
2026-02-10 00:20:11.183544,Toronto-8333,-26,66,Normal
2026-02-10 00:20:12.183544,Toronto-8333,35,83,Normal
2026-02-10 00:20:13.183544,Toronto-8333,46,2,Normal
2026-02-10 00:20:14.183544,Toronto-8333,16,18,Normal
2026-02-10 00:20:15.183544,Toronto-8333,2,5,Normal
2026-02-10 00:20:16.183544,Toronto-8333,13,14,Normal
2026-02-10 00:20:17.183544,Toronto-8333,44,60,Normal
2026-02-10 00:20:18.183544,Toronto-8333,29,10,Normal
2026-02-10 00:20:19.183544,Toronto-8333,36,52,Normal
2026-02-10 00:20:20.183544,Toronto-8333,-24,82,Normal
2026-02-10 00:20:21.183544,Toronto-8333,-23,98,Normal
2026-02-10 00:20:22.183544,Toronto-8333,-24,68,Normal
2026-02-10 00:20:23.183544,Toronto-8333,50,96,Normal
2026-02-10 00:20:24.183544,Toronto-8333,-2,79,Normal
2026-02-10 00:20:25.183544,Toronto-8333,43,83,Normal
2026-02-10 00:20:26.183544,Toronto-8333,4,64,Normal
2026-02-10 00:20:27.183544,Toronto-8333,-20,73,Normal
2026-02-10 00:20:28.183544,Toronto-8333,-20,12,Normal
2026-02-10 00:20:29.183544,Toronto-8333,-22,85,Normal
2026-02-10 00:20:30.183544,Toronto-8333,-21,13,Normal
2026-02-10 00:20:31.183544,Toronto-8333,13,57,Normal
2026-02-10 00:20:32.183544,Toronto-8333,29,58,Normal
2026-02-10 00:20:33.183544,Toronto-8333,25,63,Normal
2026-02-10 00:20:34.183544,Toronto-8333,-25,79,Normal
2026-02-10 00:20:35.183544,Toronto-8333,25,0,Normal
2026-02-10 00:20:36.183544,Toronto-8333,6,85,Normal
2026-02-10 00:20:37.183544,Toronto-8333,33,5,Normal
2026-02-10 00:20:38.183544,Toronto-8333,6,93,Normal
2026-02-10 00:20:39.183544,Toronto-8333,1,20,Normal
2026-02-10 00:20:40.183544,Toronto-8333,11,53,Normal
2026-02-10 00:20:41.183544,Toronto-8333,-17,49,Normal
2026-02-10 00:20:42.183544,Toronto-8333,11,91,Normal
2026-02-10 00:20:43.183544,Toronto-8333,12,99,Normal
2026-02-10 00:20:44.183544,Toronto-8333,12,33,Normal
2026-02-10 00:20:45.183544,Toronto-8333,9,28,Normal
2026-02-10 00:20:46.183544,Toronto-8333,26,73,Normal
2026-02-10 00:20:47.183544,Toronto-8333,-8,71,Normal
2026-02-10 00:20:48.183544,Toronto-8333,1,60,Normal
2026-02-10 00:20:49.183544,Toronto-8333,25,45,Normal
2026-02-10 00:20:50.183544,Toronto-8333,-21,61,Normal
2026-02-10 00:20:51.183544,Toronto-8333,50,70,Normal
2026-02-10 00:20:52.183544,Toronto-8333,1,13,Normal
2026-02-10 00:20:53.183544,Toronto-8333,11,31,Normal
2026-02-10 00:20:54.183544,Toronto-8333,-2,100,Normal
2026-02-10 00:20:55.183544,Toronto-8333,34,75,Normal
2026-02-10 00:20:56.183544,Toronto-8333,9,38,Normal
2026-02-10 00:20:57.183544,Toronto-8333,35,70,Normal
2026-02-10 00:20:58.183544,Toronto-8333,50,83,Normal
2026-02-10 00:20:59.183544,Toronto-8333,-15,87,Normal
2026-02-10 00:21:00.183544,Toronto-8333,7,17,Normal
2026-02-10 00:21:01.183544,Toronto-8333,-11,80,Normal
2026-02-10 00:21:02.183544,Toronto-8333,-2,20,Normal
2026-02-10 00:21:03.183544,Toronto-8333,-28,100,Normal
2026-02-10 00:21:04.183544,Toronto-8333,45,11,Normal
2026-02-10 00:21:05.183544,Toronto-8333,-3,93,Normal
2026-02-10 00:21:06.183544,Toronto-8333,-16,78,Normal
2026-02-10 00:21:07.183544,Toronto-8333,-30,13,Normal
2026-02-10 00:21:08.183544,Toronto-8333,21,6,Normal
2026-02-10 00:21:09.183544,Toronto-8333,44,30,Normal
2026-02-10 00:21:10.183544,Toronto-8333,25,0,Normal
2026-02-10 00:21:11.183544,Toronto-8333,20,56,Normal
2026-02-10 00:21:12.183544,Toronto-8333,4,19,Normal
2026-02-10 00:21:13.183544,Toronto-8333,-14,15,Normal
2026-02-10 00:21:14.183544,Toronto-8333,9,13,Normal
2026-02-10 00:21:15.183544,Toronto-8333,20,66,Normal
2026-02-10 00:21:16.183544,Toronto-8333,26,12,Normal
2026-02-10 00:21:17.183544,Toronto-8333,11,87,Normal
2026-02-10 00:21:18.183544,Toronto-8333,28,47,Normal
2026-02-10 00:21:19.183544,Toronto-8333,49,58,Normal
2026-02-10 00:21:20.183544,Toronto-8333,12,76,Normal
2026-02-10 00:21:21.183544,Toronto-8333,-30,53,Normal
2026-02-10 00:21:22.183544,Toronto-8333,2,86,Normal
2026-02-10 00:21:23.183544,Toronto-8333,33,79,Normal
2026-02-10 00:21:24.183544,Toronto-8333,-22,46,Normal
2026-02-10 00:21:25.183544,Toronto-8333,-21,22,Normal
2026-02-10 00:21:26.183544,Toronto-8333,-22,90,Normal
2026-02-10 00:21:27.183544,Toronto-8333,4,32,Normal
2026-02-10 00:21:28.183544,Toronto-8333,37,35,Normal
2026-02-10 00:21:29.183544,Toronto-8333,-19,72,Normal
2026-02-10 00:21:30.183544,Toronto-8333,-21,77,Normal
2026-02-10 00:21:31.183544,Toronto-8333,29,35,Normal
2026-02-10 00:21:32.183544,Toronto-8333,-8,33,Normal
2026-02-10 00:21:33.183544,Toronto-8333,-4,42,Normal
2026-02-10 00:21:34.183544,Toronto-8333,33,29,Normal
2026-02-10 00:21:35.183544,Toronto-8333,4,8,Normal
2026-02-10 00:21:36.183544,Toronto-8333,38,76,Normal
2026-02-10 00:21:37.183544,Toronto-8333,49,20,Normal
2026-02-10 00:21:38.183544,Toronto-8333,0,37,Normal
2026-02-10 00:21:39.183544,Toronto-8333,49,98,Normal
2026-02-10 00:21:40.183544,Toronto-8333,-15,4,Normal
2026-02-10 00:21:41.183544,Toronto-8333,-11,47,Normal
2026-02-10 00:21:42.183544,Toronto-8333,-8,6,Normal
2026-02-10 00:21:43.183544,Toronto-8333,-2,27,Normal
2026-02-10 00:21:44.183544,Toronto-8333,23,77,Normal
2026-02-10 00:21:45.183544,Toronto-8333,-30,43,Normal
2026-02-10 00:21:46.183544,Toronto-8333,35,68,Normal
2026-02-10 00:21:47.183544,Toronto-8333,11,40,Normal
2026-02-10 00:21:48.183544,Toronto-8333,-10,76,Normal
2026-02-10 00:21:49.183544,Toronto-8333,46,65,Normal
2026-02-10 00:21:50.183544,Toronto-8333,-27,93,Normal
2026-02-10 00:21:51.183544,Toronto-8333,-18,80,Normal
2026-02-10 00:21:52.183544,Toronto-8333,-19,33,Normal
2026-02-10 00:21:53.183544,Toronto-8333,4,2,Normal
2026-02-10 00:21:54.183544,Toronto-8333,32,81,Normal
2026-02-10 00:21:55.183544,Toronto-8333,20,69,Normal
2026-02-10 00:21:56.183544,Toronto-8333,37,55,Normal
2026-02-10 00:21:57.183544,Toronto-8333,17,11,Normal
2026-02-10 00:21:58.183544,Toronto-8333,-6,57,Normal
2026-02-10 00:21:59.183544,Toronto-8333,5,99,Normal
2026-02-10 00:22:00.183544,Toronto-8333,-20,94,Normal
2026-02-10 00:22:01.183544,Toronto-8333,-13,47,Normal
2026-02-10 00:22:02.183544,Toronto-8333,-14,97,Normal
2026-02-10 00:22:03.183544,Toronto-8333,-29,71,Normal
2026-02-10 00:22:04.183544,Toronto-8333,-19,12,Normal
2026-02-10 00:22:05.183544,Toronto-8333,4,60,Normal
2026-02-10 00:22:06.183544,Toronto-8333,-13,88,Normal
2026-02-10 00:22:07.183544,Toronto-8333,35,41,Normal
2026-02-10 00:22:08.183544,Toronto-8333,6,48,Normal
2026-02-10 00:22:09.183544,Toronto-8333,39,73,Normal
2026-02-10 00:22:10.183544,Toronto-8333,14,19,Normal
2026-02-10 00:22:11.183544,Toronto-8333,23,9,Normal
2026-02-10 00:22:12.183544,Toronto-8333,-17,67,Normal
2026-02-10 00:22:13.183544,Toronto-8333,24,82,Normal
2026-02-10 00:22:14.183544,Toronto-8333,42,0,Normal
2026-02-10 00:22:15.183544,Toronto-8333,37,47,Normal
2026-02-10 00:22:16.183544,Toronto-8333,-25,36,Normal
2026-02-10 00:22:17.183544,Toronto-8333,-27,47,Normal
2026-02-10 00:22:18.183544,Toronto-8333,20,83,Normal
2026-02-10 00:22:19.183544,Toronto-8333,-22,14,Normal
2026-02-10 00:22:20.183544,Toronto-8333,-21,88,Normal
2026-02-10 00:22:21.183544,Toronto-8333,28,75,Normal
2026-02-10 00:22:22.183544,Toronto-8333,-8,87,Normal
2026-02-10 00:22:23.183544,Toronto-8333,-23,44,Normal
2026-02-10 00:22:24.183544,Toronto-8333,37,72,Normal
2026-02-10 00:22:25.183544,Toronto-8333,-14,49,Normal
2026-02-10 00:22:26.183544,Toronto-8333,-24,2,Normal
2026-02-10 00:22:27.183544,Toronto-8333,41,5,Normal
2026-02-10 00:22:28.183544,Toronto-8333,-16,39,Normal
2026-02-10 00:22:29.183544,Toronto-8333,-10,47,Normal
2026-02-10 00:22:30.183544,Toronto-8333,-19,58,Normal
2026-02-10 00:22:31.183544,Toronto-8333,-18,24,Normal
2026-02-10 00:22:32.183544,Toronto-8333,-20,95,Normal
2026-02-10 00:22:33.183544,Toronto-8333,47,34,Normal
2026-02-10 00:22:34.183544,Toronto-8333,3,29,Normal
2026-02-10 00:22:35.183544,Toronto-8333,24,100,Normal
2026-02-10 00:22:36.183544,Toronto-8333,34,27,Normal
2026-02-10 00:22:37.183544,Toronto-8333,37,61,Normal
2026-02-10 00:22:38.183544,Toronto-8333,-30,34,Normal
2026-02-10 00:22:39.183544,Toronto-8333,22,15,Normal
2026-02-10 00:22:40.183544,Toronto-8333,-22,10,Normal
2026-02-10 00:22:41.183544,Toronto-8333,11,35,Normal
2026-02-10 00:22:42.183544,Toronto-8333,-8,99,Normal
2026-02-10 00:22:43.183544,Toronto-8333,-3,92,Normal
2026-02-10 00:22:44.183544,Toronto-8333,-8,94,Normal
2026-02-10 00:22:45.183544,Toronto-8333,-22,61,Normal
2026-02-10 00:22:46.183544,Toronto-8333,23,52,Normal
2026-02-10 00:22:47.183544,Toronto-8333,3,50,Normal
2026-02-10 00:22:48.183544,Toronto-8333,4,100,Normal
2026-02-10 00:22:49.183544,Toronto-8333,-18,57,Normal
2026-02-10 00:22:50.183544,Toronto-8333,-16,27,Normal
2026-02-10 00:22:51.183544,Toronto-8333,-14,36,Normal
2026-02-10 00:22:52.183544,Toronto-8333,-11,9,Normal
2026-02-10 00:22:53.183544,Toronto-8333,29,82,Normal
2026-02-10 00:22:54.183544,Toronto-8333,-11,58,Normal
2026-02-10 00:22:55.183544,Toronto-8333,-7,100,Normal
2026-02-10 00:22:56.183544,Toronto-8333,6,66,Normal
2026-02-10 00:22:57.183544,Toronto-8333,-25,41,Normal
2026-02-10 00:22:58.183544,Toronto-8333,33,37,Normal
2026-02-10 00:22:59.183544,Toronto-8333,-17,68,Normal
2026-02-10 00:23:00.183544,Toronto-8333,-20,12,Normal
2026-02-10 00:23:01.183544,Toronto-8333,-20,23,Normal
2026-02-10 00:23:02.183544,Toronto-8333,16,44,Normal
2026-02-10 00:23:03.183544,Toronto-8333,4,45,Normal
2026-02-10 00:23:04.183544,Toronto-8333,28,65,Normal
2026-02-10 00:23:05.183544,Toronto-8333,50,56,Normal
2026-02-10 00:23:06.183544,Toronto-8333,4,54,Normal
2026-02-10 00:23:07.183544,Toronto-8333,-23,88,Normal
2026-02-10 00:23:08.183544,Toronto-8333,-5,97,Normal
2026-02-10 00:23:09.183544,Toronto-8333,-2,37,Normal
2026-02-10 00:23:10.183544,Toronto-8333,11,82,Normal
2026-02-10 00:23:11.183544,Toronto-8333,10,48,Normal
2026-02-10 00:23:12.183544,Toronto-8333,20,80,Normal
2026-02-10 00:23:13.183544,Toronto-8333,-26,47,Normal
2026-02-10 00:23:14.183544,Toronto-8333,-26,74,Normal
2026-02-10 00:23:15.183544,Toronto-8333,18,93,Normal
2026-02-10 00:23:16.183544,Toronto-8333,-19,46,Normal
2026-02-10 00:23:17.183544,Toronto-8333,-2,3,Normal
2026-02-10 00:23:18.183544,Toronto-8333,20,98,Normal
2026-02-10 00:23:19.183544,Toronto-8333,20,15,Normal
2026-02-10 00:23:20.183544,Toronto-8333,20,19,Normal
2026-02-10 00:23:21.183544,Toronto-8333,43,38,Normal
2026-02-10 00:23:22.183544,Toronto-8333,3,3,Normal
2026-02-10 00:23:23.183544,Toronto-8333,-9,83,Normal
2026-02-10 00:23:24.183544,Toronto-8333,7,20,Normal
2026-02-10 00:23:25.183544,Toronto-8333,39,56,Normal
2026-02-10 00:23:26.183544,Toronto-8333,44,88,Normal
2026-02-10 00:23:27.183544,Toronto-8333,30,65,Normal
2026-02-10 00:23:28.183544,Toronto-8333,3,40,Normal
2026-02-10 00:23:29.183544,Toronto-8333,19,45,Normal
2026-02-10 00:23:30.183544,Toronto-8333,-13,87,Normal
2026-02-10 00:23:31.183544,Toronto-8333,-21,90,Normal
2026-02-10 00:23:32.183544,Toronto-8333,49,32,Normal
2026-02-10 00:23:33.183544,Toronto-8333,-16,78,Normal
2026-02-10 00:23:34.183544,Toronto-8333,18,21,Normal
2026-02-10 00:23:35.183544,Toronto-8333,-26,22,Normal
2026-02-10 00:23:36.183544,Toronto-8333,17,44,Normal
2026-02-10 00:23:37.183544,Toronto-8333,-20,30,Normal
2026-02-10 00:23:38.183544,Toronto-8333,7,1,Normal
2026-02-10 00:23:39.183544,Toronto-8333,45,42,Normal
2026-02-10 00:23:40.183544,Toronto-8333,26,48,Normal
2026-02-10 00:23:41.183544,Toronto-8333,5,33,Normal
2026-02-10 00:23:42.183544,Toronto-8333,11,10,Normal
2026-02-10 00:23:43.183544,Toronto-8333,25,62,Normal
2026-02-10 00:23:44.183544,Toronto-8333,33,21,Normal
2026-02-10 00:23:45.183544,Toronto-8333,-18,47,Normal
2026-02-10 00:23:46.183544,Toronto-8333,33,84,Normal
2026-02-10 00:23:47.183544,Toronto-8333,19,86,Normal
2026-02-10 00:23:48.183544,Toronto-8333,-5,31,Normal
2026-02-10 00:23:49.183544,Toronto-8333,21,24,Normal
2026-02-10 00:23:50.183544,Toronto-8333,-5,85,Normal
2026-02-10 00:23:51.183544,Toronto-8333,16,89,Normal
2026-02-10 00:23:52.183544,Toronto-8333,50,25,Normal
2026-02-10 00:23:53.183544,Toronto-8333,-17,82,Normal
2026-02-10 00:23:54.183544,Toronto-8333,44,31,Normal
2026-02-10 00:23:55.183544,Toronto-8333,46,55,Normal
2026-02-10 00:23:56.183544,Toronto-8333,9,8,Normal
2026-02-10 00:23:57.183544,Toronto-8333,42,34,Normal
2026-02-10 00:23:58.183544,Toronto-8333,-29,18,Normal
2026-02-10 00:23:59.183544,Toronto-8333,4,9,Normal
2026-02-10 00:24:00.183544,Toronto-8333,-4,41,Normal
2026-02-10 00:24:01.183544,Toronto-8333,-15,19,Normal
2026-02-10 00:24:02.183544,Toronto-8333,-15,60,Normal
2026-02-10 00:24:03.183544,Toronto-8333,45,93,Normal
2026-02-10 00:24:04.183544,Toronto-8333,33,15,Normal
2026-02-10 00:24:05.183544,Toronto-8333,26,61,Normal
2026-02-10 00:24:06.183544,Toronto-8333,32,48,Normal
2026-02-10 00:24:07.183544,Toronto-8333,50,38,Normal
2026-02-10 00:24:08.183544,Toronto-8333,25,88,Normal
2026-02-10 00:24:09.183544,Toronto-8333,18,73,Normal
2026-02-10 00:24:10.183544,Toronto-8333,-4,14,Normal
2026-02-10 00:24:11.183544,Toronto-8333,14,4,Normal
2026-02-10 00:24:12.183544,Toronto-8333,48,32,Normal
2026-02-10 00:24:13.183544,Toronto-8333,20,34,Normal
2026-02-10 00:24:14.183544,Toronto-8333,34,11,Normal
2026-02-10 00:24:15.183544,Toronto-8333,-8,17,Normal
2026-02-10 00:24:16.183544,Toronto-8333,-10,42,Normal
2026-02-10 00:24:17.183544,Toronto-8333,-13,1,Normal
2026-02-10 00:24:18.183544,Toronto-8333,47,24,Normal
2026-02-10 00:24:19.183544,Toronto-8333,40,84,Normal
2026-02-10 00:24:20.183544,Toronto-8333,5,50,Normal
2026-02-10 00:24:21.183544,Toronto-8333,-4,82,Normal
2026-02-10 00:24:22.183544,Toronto-8333,-22,35,Normal
2026-02-10 00:24:23.183544,Toronto-8333,17,84,Normal
2026-02-10 00:24:24.183544,Toronto-8333,22,34,Normal
2026-02-10 00:24:25.183544,Toronto-8333,33,75,Normal
2026-02-10 00:24:26.183544,Toronto-8333,-2,25,Normal
2026-02-10 00:24:27.183544,Toronto-8333,-11,95,Normal
2026-02-10 00:24:28.183544,Toronto-8333,-6,5,Normal
2026-02-10 00:24:29.183544,Toronto-8333,42,46,Normal
2026-02-10 00:24:30.183544,Toronto-8333,-16,29,Normal
2026-02-10 00:24:31.183544,Toronto-8333,35,30,Normal
2026-02-10 00:24:32.183544,Toronto-8333,26,34,Normal
2026-02-10 00:24:33.183544,Toronto-8333,-2,75,Normal
2026-02-10 00:24:34.183544,Toronto-8333,32,18,Normal
2026-02-10 00:24:35.183544,Toronto-8333,8,12,Normal
2026-02-10 00:24:36.183544,Toronto-8333,27,90,Normal
2026-02-10 00:24:37.183544,Toronto-8333,-27,18,Normal
2026-02-10 00:24:38.183544,Toronto-8333,8,19,Normal
2026-02-10 00:24:39.183544,Toronto-8333,50,4,Normal
2026-02-10 00:24:40.183544,Toronto-8333,30,9,Normal
2026-02-10 00:24:41.183544,Toronto-8333,14,81,Normal
2026-02-10 00:24:42.183544,Toronto-8333,4,7,Normal
2026-02-10 00:24:43.183544,Toronto-8333,21,73,Normal
2026-02-10 00:24:44.183544,Toronto-8333,28,58,Normal
2026-02-10 00:24:45.183544,Toronto-8333,-13,29,Normal
2026-02-10 00:24:46.183544,Toronto-8333,-23,20,Normal
2026-02-10 00:24:47.183544,Toronto-8333,0,42,Normal
2026-02-10 00:24:48.183544,Toronto-8333,42,28,Normal
2026-02-10 00:24:49.183544,Toronto-8333,-20,55,Normal
2026-02-10 00:24:50.183544,Toronto-8333,-20,22,Normal
2026-02-10 00:24:51.183544,Toronto-8333,-16,32,Normal
2026-02-10 00:24:52.183544,Toronto-8333,-21,85,Normal
2026-02-10 00:24:53.183544,Toronto-8333,19,95,Normal
2026-02-10 00:24:54.183544,Toronto-8333,25,4,Normal
2026-02-10 00:24:55.183544,Toronto-8333,25,69,Normal
2026-02-10 00:24:56.183544,Toronto-8333,-13,65,Normal
2026-02-10 00:24:57.183544,Toronto-8333,-17,76,Normal
2026-02-10 00:24:58.183544,Toronto-8333,45,28,Normal
2026-02-10 00:24:59.183544,Toronto-8333,37,64,Normal
2026-02-10 00:25:00.183544,Toronto-8333,-12,35,Normal
2026-02-10 00:25:01.183544,Toronto-8333,-25,17,Normal
2026-02-10 00:25:02.183544,Toronto-8333,-2,18,Normal
2026-02-10 00:25:03.183544,Toronto-8333,-13,90,Normal
2026-02-10 00:25:04.183544,Toronto-8333,9,80,Normal
2026-02-10 00:25:05.183544,Toronto-8333,20,22,Normal
2026-02-10 00:25:06.183544,Toronto-8333,28,89,Normal
2026-02-10 00:25:07.183544,Toronto-8333,28,23,Normal
2026-02-10 00:25:08.183544,Toronto-8333,3,62,Normal
2026-02-10 00:25:09.183544,Toronto-8333,21,53,Normal
2026-02-10 00:25:10.183544,Toronto-8333,-9,89,Normal
2026-02-10 00:25:11.183544,Toronto-8333,0,15,Normal
2026-02-10 00:25:12.183544,Toronto-8333,0,73,Normal
2026-02-10 00:25:13.183544,Toronto-8333,23,64,Normal
2026-02-10 00:25:14.183544,Toronto-8333,39,94,Normal
2026-02-10 00:25:15.183544,Toronto-8333,-18,24,Normal
2026-02-10 00:25:16.183544,Toronto-8333,-4,23,Normal
2026-02-10 00:25:17.183544,Toronto-8333,38,99,Normal
2026-02-10 00:25:18.183544,Toronto-8333,18,99,Normal
2026-02-10 00:25:19.183544,Toronto-8333,31,50,Normal
2026-02-10 00:25:20.183544,Toronto-8333,-5,83,Normal
2026-02-10 00:25:21.183544,Toronto-8333,4,95,Normal
2026-02-10 00:25:22.183544,Toronto-8333,-5,62,Normal
2026-02-10 00:25:23.183544,Toronto-8333,47,66,Normal
2026-02-10 00:25:24.183544,Toronto-8333,-12,90,Normal
2026-02-10 00:25:25.183544,Toronto-8333,22,87,Normal
2026-02-10 00:25:26.183544,Toronto-8333,49,32,Normal
2026-02-10 00:25:27.183544,Toronto-8333,47,34,Normal
2026-02-10 00:25:28.183544,Toronto-8333,19,61,Normal
2026-02-10 00:25:29.183544,Toronto-8333,-4,99,Normal
2026-02-10 00:25:30.183544,Toronto-8333,38,70,Normal
2026-02-10 00:25:31.183544,Toronto-8333,38,54,Normal
2026-02-10 00:25:32.183544,Toronto-8333,49,69,Normal
2026-02-10 00:25:33.183544,Toronto-8333,-18,93,Normal
2026-02-10 00:25:34.183544,Toronto-8333,34,95,Normal
2026-02-10 00:25:35.183544,Toronto-8333,41,61,Normal
2026-02-10 00:25:36.183544,Toronto-8333,-13,15,Normal
2026-02-10 00:25:37.183544,Toronto-8333,7,50,Normal
2026-02-10 00:25:38.183544,Toronto-8333,48,58,Normal
2026-02-10 00:25:39.183544,Toronto-8333,18,26,Normal
2026-02-10 00:25:40.183544,Toronto-8333,-13,89,Normal
2026-02-10 00:25:41.183544,Toronto-8333,-14,58,Normal
2026-02-10 00:25:42.183544,Toronto-8333,-13,18,Normal
2026-02-10 00:25:43.183544,Toronto-8333,-15,32,Normal
2026-02-10 00:25:44.183544,Toronto-8333,-27,25,Normal
2026-02-10 00:25:45.183544,Toronto-8333,39,30,Normal
2026-02-10 00:25:46.183544,Toronto-8333,18,31,Normal
2026-02-10 00:25:47.183544,Toronto-8333,45,100,Normal
2026-02-10 00:25:48.183544,Toronto-8333,1,70,Normal
2026-02-10 00:25:49.183544,Toronto-8333,33,100,Normal
2026-02-10 00:25:50.183544,Toronto-8333,38,62,Normal
2026-02-10 00:25:51.183544,Toronto-8333,-5,95,Normal
2026-02-10 00:25:52.183544,Toronto-8333,-7,28,Normal
2026-02-10 00:25:53.183544,Toronto-8333,38,62,Normal
2026-02-10 00:25:54.183544,Toronto-8333,6,42,Normal
2026-02-10 00:25:55.183544,Toronto-8333,5,18,Normal
2026-02-10 00:25:56.183544,Toronto-8333,22,52,Normal
2026-02-10 00:25:57.183544,Toronto-8333,40,98,Normal
2026-02-10 00:25:58.183544,Toronto-8333,0,27,Normal
2026-02-10 00:25:59.183544,Toronto-8333,-19,85,Normal
2026-02-10 00:26:00.183544,Toronto-8333,-3,52,Normal
2026-02-10 00:26:01.183544,Toronto-8333,-16,15,Normal
2026-02-10 00:26:02.183544,Toronto-8333,-24,39,Normal
2026-02-10 00:26:03.183544,Toronto-8333,-5,98,Normal
2026-02-10 00:26:04.183544,Toronto-8333,44,74,Normal
2026-02-10 00:26:05.183544,Toronto-8333,49,26,Normal
2026-02-10 00:26:06.183544,Toronto-8333,-15,12,Normal
2026-02-10 00:26:07.183544,Toronto-8333,-4,96,Normal
2026-02-10 00:26:08.183544,Toronto-8333,28,3,Normal
2026-02-10 00:26:09.183544,Toronto-8333,-12,4,Normal
2026-02-10 00:26:10.183544,Toronto-8333,-18,58,Normal
2026-02-10 00:26:11.183544,Toronto-8333,-15,79,Normal
2026-02-10 00:26:12.183544,Toronto-8333,-29,3,Normal
2026-02-10 00:26:13.183544,Toronto-8333,39,21,Normal
2026-02-10 00:26:14.183544,Toronto-8333,-12,48,Normal
2026-02-10 00:26:15.183544,Toronto-8333,48,81,Normal
2026-02-10 00:26:16.183544,Toronto-8333,-12,79,Normal
2026-02-10 00:26:17.183544,Toronto-8333,25,79,Normal
2026-02-10 00:26:18.183544,Toronto-8333,9,6,Normal
2026-02-10 00:26:19.183544,Toronto-8333,17,87,Normal
2026-02-10 00:26:20.183544,Toronto-8333,31,62,Normal
2026-02-10 00:26:21.183544,Toronto-8333,-20,67,Normal
2026-02-10 00:26:22.183544,Toronto-8333,38,0,Normal
2026-02-10 00:26:23.183544,Toronto-8333,30,52,Normal
2026-02-10 00:26:24.183544,Toronto-8333,2,84,Normal
2026-02-10 00:26:25.183544,Toronto-8333,-2,73,Normal
2026-02-10 00:26:26.183544,Toronto-8333,-29,26,Normal
2026-02-10 00:26:27.183544,Toronto-8333,-20,13,Normal
2026-02-10 00:26:28.183544,Toronto-8333,-24,4,Normal
2026-02-10 00:26:29.183544,Toronto-8333,10,67,Normal
2026-02-10 00:26:30.183544,Toronto-8333,-4,79,Normal
2026-02-10 00:26:31.183544,Toronto-8333,-6,83,Normal
2026-02-10 00:26:32.183544,Toronto-8333,20,31,Normal
2026-02-10 00:26:33.183544,Toronto-8333,-2,63,Normal
2026-02-10 00:26:34.183544,Toronto-8333,-7,97,Normal
2026-02-10 00:26:35.183544,Toronto-8333,45,52,Normal
2026-02-10 00:26:36.183544,Toronto-8333,13,94,Normal
2026-02-10 00:26:37.183544,Toronto-8333,27,76,Normal
2026-02-10 00:26:38.183544,Toronto-8333,-2,33,Normal
2026-02-10 00:26:39.183544,Toronto-8333,43,53,Normal
2026-02-10 00:26:40.183544,Toronto-8333,-29,27,Normal
2026-02-10 00:26:41.183544,Toronto-8333,23,14,Normal
2026-02-10 00:26:42.183544,Toronto-8333,14,29,Normal
2026-02-10 00:26:43.183544,Toronto-8333,-10,79,Normal
2026-02-10 00:26:44.183544,Toronto-8333,40,42,Normal
2026-02-10 00:26:45.183544,Toronto-8333,19,35,Normal
2026-02-10 00:26:46.183544,Toronto-8333,26,14,Normal
2026-02-10 00:26:47.183544,Toronto-8333,-8,79,Normal
2026-02-10 00:26:48.183544,Toronto-8333,26,60,Normal
2026-02-10 00:26:49.183544,Toronto-8333,-25,66,Normal
2026-02-10 00:26:50.183544,Toronto-8333,11,42,Normal
2026-02-10 00:26:51.183544,Toronto-8333,31,56,Normal
2026-02-10 00:26:52.183544,Toronto-8333,-23,76,Normal
2026-02-10 00:26:53.183544,Toronto-8333,-11,30,Normal
2026-02-10 00:26:54.183544,Toronto-8333,46,78,Normal
2026-02-10 00:26:55.183544,Toronto-8333,33,23,Normal
2026-02-10 00:26:56.183544,Toronto-8333,2,13,Normal
2026-02-10 00:26:57.183544,Toronto-8333,-14,63,Normal
2026-02-10 00:26:58.183544,Toronto-8333,40,46,Normal
2026-02-10 00:26:59.183544,Toronto-8333,23,9,Normal
2026-02-10 00:27:00.183544,Toronto-8333,48,54,Normal
2026-02-10 00:27:01.183544,Toronto-8333,41,66,Normal
2026-02-10 00:27:02.183544,Toronto-8333,-11,50,Normal
2026-02-10 00:27:03.183544,Toronto-8333,16,30,Normal
2026-02-10 00:27:04.183544,Toronto-8333,-23,17,Normal
2026-02-10 00:27:05.183544,Toronto-8333,36,58,Normal
2026-02-10 00:27:06.183544,Toronto-8333,47,33,Normal
2026-02-10 00:27:07.183544,Toronto-8333,48,86,Normal
2026-02-10 00:27:08.183544,Toronto-8333,-5,42,Normal
2026-02-10 00:27:09.183544,Toronto-8333,-27,32,Normal
2026-02-10 00:27:10.183544,Toronto-8333,8,26,Normal
2026-02-10 00:27:11.183544,Toronto-8333,7,26,Normal
2026-02-10 00:27:12.183544,Toronto-8333,17,97,Normal
2026-02-10 00:27:13.183544,Toronto-8333,10,68,Normal
2026-02-10 00:27:14.183544,Toronto-8333,11,69,Normal
2026-02-10 00:27:15.183544,Toronto-8333,36,22,Normal
2026-02-10 00:27:16.183544,Toronto-8333,1,92,Normal
2026-02-10 00:27:17.183544,Toronto-8333,33,36,Normal
2026-02-10 00:27:18.183544,Toronto-8333,28,37,Normal
2026-02-10 00:27:19.183544,Toronto-8333,2,18,Normal
2026-02-10 00:27:20.183544,Toronto-8333,-22,42,Normal
2026-02-10 00:27:21.183544,Toronto-8333,0,92,Normal
2026-02-10 00:27:22.183544,Toronto-8333,-23,13,Normal
2026-02-10 00:27:23.183544,Toronto-8333,-9,74,Normal
2026-02-10 00:27:24.183544,Toronto-8333,12,15,Normal
2026-02-10 00:27:25.183544,Toronto-8333,2,72,Normal
2026-02-10 00:27:26.183544,Toronto-8333,-10,23,Normal
2026-02-10 00:27:27.183544,Toronto-8333,47,83,Normal
2026-02-10 00:27:28.183544,Toronto-8333,-11,92,Normal
2026-02-10 00:27:29.183544,Toronto-8333,10,27,Normal
2026-02-10 00:27:30.183544,Toronto-8333,9,34,Normal
2026-02-10 00:27:31.183544,Toronto-8333,25,9,Normal
2026-02-10 00:27:32.183544,Toronto-8333,-14,30,Normal
2026-02-10 00:27:33.183544,Toronto-8333,-7,60,Normal
2026-02-10 00:27:34.183544,Toronto-8333,48,61,Normal
2026-02-10 00:27:35.183544,Toronto-8333,-20,24,Normal
2026-02-10 00:27:36.183544,Toronto-8333,2,27,Normal
2026-02-10 00:27:37.183544,Toronto-8333,14,6,Normal
2026-02-10 00:27:38.183544,Toronto-8333,-14,18,Normal
2026-02-10 00:27:39.183544,Toronto-8333,0,62,Normal
2026-02-10 00:27:40.183544,Toronto-8333,-7,88,Normal
2026-02-10 00:27:41.183544,Toronto-8333,5,100,Normal
2026-02-10 00:27:42.183544,Toronto-8333,-21,24,Normal
2026-02-10 00:27:43.183544,Toronto-8333,24,86,Normal
2026-02-10 00:27:44.183544,Toronto-8333,-27,40,Normal
2026-02-10 00:27:45.183544,Toronto-8333,4,41,Normal
2026-02-10 00:27:46.183544,Toronto-8333,-12,22,Normal
2026-02-10 00:27:47.183544,Toronto-8333,24,59,Normal
2026-02-10 00:27:48.183544,Toronto-8333,36,70,Normal
2026-02-10 00:27:49.183544,Toronto-8333,-29,33,Normal
2026-02-10 00:27:50.183544,Toronto-8333,26,91,Normal
2026-02-10 00:27:51.183544,Toronto-8333,22,40,Normal
2026-02-10 00:27:52.183544,Toronto-8333,-1,45,Normal
2026-02-10 00:27:53.183544,Toronto-8333,-24,79,Normal
2026-02-10 00:27:54.183544,Toronto-8333,24,24,Normal
2026-02-10 00:27:55.183544,Toronto-8333,7,62,Normal
2026-02-10 00:27:56.183544,Toronto-8333,21,88,Normal
2026-02-10 00:27:57.183544,Toronto-8333,29,0,Normal
2026-02-10 00:27:58.183544,Toronto-8333,39,78,Normal
2026-02-10 00:27:59.183544,Toronto-8333,41,60,Normal
2026-02-10 00:28:00.183544,Toronto-8333,36,35,Normal
2026-02-10 00:28:01.183544,Toronto-8333,-19,16,Normal
2026-02-10 00:28:02.183544,Toronto-8333,26,30,Normal
2026-02-10 00:28:03.183544,Toronto-8333,-17,18,Normal
2026-02-10 00:28:04.183544,Toronto-8333,-7,34,Normal
2026-02-10 00:28:05.183544,Toronto-8333,-10,30,Normal
2026-02-10 00:28:06.183544,Toronto-8333,6,67,Normal
2026-02-10 00:28:07.183544,Toronto-8333,30,53,Normal
2026-02-10 00:28:08.183544,Toronto-8333,-19,92,Normal
2026-02-10 00:28:09.183544,Toronto-8333,-21,33,Normal
2026-02-10 00:28:10.183544,Toronto-8333,-1,49,Normal
2026-02-10 00:28:11.183544,Toronto-8333,37,75,Normal
2026-02-10 00:28:12.183544,Toronto-8333,9,100,Normal
2026-02-10 00:28:13.183544,Toronto-8333,1,62,Normal
2026-02-10 00:28:14.183544,Toronto-8333,36,82,Normal
2026-02-10 00:28:15.183544,Toronto-8333,-22,23,Normal
2026-02-10 00:28:16.183544,Toronto-8333,9,68,Normal
2026-02-10 00:28:17.183544,Toronto-8333,15,86,Normal
2026-02-10 00:28:18.183544,Toronto-8333,40,93,Normal
2026-02-10 00:28:19.183544,Toronto-8333,39,30,Normal
2026-02-10 00:28:20.183544,Toronto-8333,30,10,Normal
2026-02-10 00:28:21.183544,Toronto-8333,44,7,Normal
2026-02-10 00:28:22.183544,Toronto-8333,-22,18,Normal
2026-02-10 00:28:23.183544,Toronto-8333,30,45,Normal
2026-02-10 00:28:24.183544,Toronto-8333,5,53,Normal
2026-02-10 00:28:25.183544,Toronto-8333,30,89,Normal
2026-02-10 00:28:26.183544,Toronto-8333,-11,38,Normal
2026-02-10 00:28:27.183544,Toronto-8333,-14,60,Normal
2026-02-10 00:28:28.183544,Toronto-8333,-4,79,Normal
2026-02-10 00:28:29.183544,Toronto-8333,7,99,Normal
2026-02-10 00:28:30.183544,Toronto-8333,4,22,Normal
2026-02-10 00:28:31.183544,Toronto-8333,49,91,Normal
2026-02-10 00:28:32.183544,Toronto-8333,-12,79,Normal
2026-02-10 00:28:33.183544,Toronto-8333,10,47,Normal
2026-02-10 00:28:34.183544,Toronto-8333,36,71,Normal
2026-02-10 00:28:35.183544,Toronto-8333,-28,18,Normal
2026-02-10 00:28:36.183544,Toronto-8333,-6,5,Normal
2026-02-10 00:28:37.183544,Toronto-8333,37,9,Normal
2026-02-10 00:28:38.183544,Toronto-8333,-12,49,Normal
2026-02-10 00:28:39.183544,Toronto-8333,-9,3,Normal
2026-02-10 00:28:40.183544,Toronto-8333,35,91,Normal
2026-02-10 00:28:41.183544,Toronto-8333,-28,9,Normal
2026-02-10 00:28:42.183544,Toronto-8333,20,55,Normal
2026-02-10 00:28:43.183544,Toronto-8333,-28,54,Normal
2026-02-10 00:28:44.183544,Toronto-8333,-29,91,Normal
2026-02-10 00:28:45.183544,Toronto-8333,-19,15,Normal
2026-02-10 00:28:46.183544,Toronto-8333,-20,32,Normal
2026-02-10 00:28:47.183544,Toronto-8333,-30,35,Normal
2026-02-10 00:28:48.183544,Toronto-8333,-14,78,Normal
2026-02-10 00:28:49.183544,Toronto-8333,5,6,Normal
2026-02-10 00:28:50.183544,Toronto-8333,-18,91,Normal
2026-02-10 00:28:51.183544,Toronto-8333,28,2,Normal
2026-02-10 00:28:52.183544,Toronto-8333,3,69,Normal
2026-02-10 00:28:53.183544,Toronto-8333,37,45,Normal
2026-02-10 00:28:54.183544,Toronto-8333,3,39,Normal
2026-02-10 00:28:55.183544,Toronto-8333,-21,80,Normal
2026-02-10 00:28:56.183544,Toronto-8333,2,60,Normal
2026-02-10 00:28:57.183544,Toronto-8333,-18,0,Normal
2026-02-10 00:28:58.183544,Toronto-8333,41,29,Normal
2026-02-10 00:28:59.183544,Toronto-8333,-25,27,Normal
2026-02-10 00:29:00.183544,Toronto-8333,-29,45,Normal
2026-02-10 00:29:01.183544,Toronto-8333,-1,21,Normal
2026-02-10 00:29:02.183544,Toronto-8333,13,89,Normal
2026-02-10 00:29:03.183544,Toronto-8333,44,9,Normal
2026-02-10 00:29:04.183544,Toronto-8333,7,76,Normal
2026-02-10 00:29:05.183544,Toronto-8333,18,56,Normal
2026-02-10 00:29:06.183544,Toronto-8333,44,44,Normal
2026-02-10 00:29:07.183544,Toronto-8333,28,22,Normal
2026-02-10 00:29:08.183544,Toronto-8333,36,48,Normal
2026-02-10 00:29:09.183544,Toronto-8333,39,42,Normal
2026-02-10 00:29:10.183544,Toronto-8333,1,72,Normal
2026-02-10 00:29:11.183544,Toronto-8333,11,42,Normal
2026-02-10 00:29:12.183544,Toronto-8333,19,31,Normal
2026-02-10 00:29:13.183544,Toronto-8333,-7,23,Normal
2026-02-10 00:29:14.183544,Toronto-8333,7,41,Normal
2026-02-10 00:29:15.183544,Toronto-8333,33,52,Normal
2026-02-10 00:29:16.183544,Toronto-8333,-17,72,Normal
2026-02-10 00:29:17.183544,Toronto-8333,31,1,Normal
2026-02-10 00:29:18.183544,Toronto-8333,40,78,Normal
2026-02-10 00:29:19.183544,Toronto-8333,25,52,Normal
2026-02-10 00:29:20.183544,Toronto-8333,10,51,Normal
2026-02-10 00:29:21.183544,Toronto-8333,30,8,Normal
2026-02-10 00:29:22.183544,Toronto-8333,-18,89,Normal
2026-02-10 00:29:23.183544,Toronto-8333,13,23,Normal
2026-02-10 00:29:24.183544,Toronto-8333,-19,23,Normal
2026-02-10 00:29:25.183544,Toronto-8333,29,75,Normal
2026-02-10 00:29:26.183544,Toronto-8333,6,37,Normal
2026-02-10 00:29:27.183544,Toronto-8333,41,27,Normal
2026-02-10 00:29:28.183544,Toronto-8333,16,75,Normal
2026-02-10 00:29:29.183544,Toronto-8333,50,20,Normal
2026-02-10 00:29:30.183544,Toronto-8333,-8,67,Normal
2026-02-10 00:29:31.183544,Toronto-8333,-10,94,Normal
2026-02-10 00:29:32.183544,Toronto-8333,3,83,Normal
2026-02-10 00:29:33.183544,Toronto-8333,29,40,Normal
2026-02-10 00:29:34.183544,Toronto-8333,42,93,Normal
2026-02-10 00:29:35.183544,Toronto-8333,26,94,Normal
2026-02-10 00:29:36.183544,Toronto-8333,7,58,Normal
2026-02-10 00:29:37.183544,Toronto-8333,38,6,Normal
2026-02-10 00:29:38.183544,Toronto-8333,11,84,Normal
2026-02-10 00:29:39.183544,Toronto-8333,-7,65,Normal
2026-02-10 00:29:40.183544,Toronto-8333,15,28,Normal
2026-02-10 00:29:41.183544,Toronto-8333,46,18,Normal
2026-02-10 00:29:42.183544,Toronto-8333,49,15,Normal
2026-02-10 00:29:43.183544,Toronto-8333,-15,29,Normal
2026-02-10 00:29:44.183544,Toronto-8333,-27,38,Normal
2026-02-10 00:29:45.183544,Toronto-8333,15,76,Normal
2026-02-10 00:29:46.183544,Toronto-8333,-7,88,Normal
2026-02-10 00:29:47.183544,Toronto-8333,-3,5,Normal
2026-02-10 00:29:48.183544,Toronto-8333,-12,13,Normal
2026-02-10 00:29:49.183544,Toronto-8333,-30,9,Normal
2026-02-10 00:29:50.183544,Toronto-8333,-19,82,Normal
2026-02-10 00:29:51.183544,Toronto-8333,24,88,Normal
2026-02-10 00:29:52.183544,Toronto-8333,47,57,Normal
2026-02-10 00:29:53.183544,Toronto-8333,23,75,Normal
2026-02-10 00:29:54.183544,Toronto-8333,25,85,Normal
2026-02-10 00:29:55.183544,Toronto-8333,42,49,Normal
2026-02-10 00:29:56.183544,Toronto-8333,31,37,Normal
2026-02-10 00:29:57.183544,Toronto-8333,43,4,Normal
2026-02-10 00:29:58.183544,Toronto-8333,24,30,Normal
2026-02-10 00:29:59.183544,Toronto-8333,48,46,Normal
2026-02-10 00:30:00.183544,Toronto-8333,45,11,Normal
2026-02-10 00:30:01.183544,Toronto-8333,-12,25,Normal
2026-02-10 00:30:02.183544,Toronto-8333,-7,23,Normal
2026-02-10 00:30:03.183544,Toronto-8333,-23,80,Normal
2026-02-10 00:30:04.183544,Toronto-8333,1,14,Normal
2026-02-10 00:30:05.183544,Toronto-8333,-11,74,Normal
2026-02-10 00:30:06.183544,Toronto-8333,23,89,Normal
2026-02-10 00:30:07.183544,Toronto-8333,25,90,Normal
2026-02-10 00:30:08.183544,Toronto-8333,-17,34,Normal
2026-02-10 00:30:09.183544,Toronto-8333,-13,92,Normal
2026-02-10 00:30:10.183544,Toronto-8333,41,22,Normal
2026-02-10 00:30:11.183544,Toronto-8333,3,5,Normal
2026-02-10 00:30:12.183544,Toronto-8333,22,8,Normal
2026-02-10 00:30:13.183544,Toronto-8333,-26,42,Normal
2026-02-10 00:30:14.183544,Toronto-8333,-15,4,Normal
2026-02-10 00:30:15.183544,Toronto-8333,29,29,Normal
2026-02-10 00:30:16.183544,Toronto-8333,-23,43,Normal
2026-02-10 00:30:17.183544,Toronto-8333,-27,44,Normal
2026-02-10 00:30:18.183544,Toronto-8333,-18,95,Normal
2026-02-10 00:30:19.183544,Toronto-8333,-3,82,Normal
2026-02-10 00:30:20.183544,Toronto-8333,28,8,Normal
2026-02-10 00:30:21.183544,Toronto-8333,23,34,Normal
2026-02-10 00:30:22.183544,Toronto-8333,49,64,Normal
2026-02-10 00:30:23.183544,Toronto-8333,29,30,Normal
2026-02-10 00:30:24.183544,Toronto-8333,15,29,Normal
2026-02-10 00:30:25.183544,Toronto-8333,4,92,Normal
2026-02-10 00:30:26.183544,Toronto-8333,12,64,Normal
2026-02-10 00:30:27.183544,Toronto-8333,25,30,Normal
2026-02-10 00:30:28.183544,Toronto-8333,-1,76,Normal
2026-02-10 00:30:29.183544,Toronto-8333,21,81,Normal
2026-02-10 00:30:30.183544,Toronto-8333,-15,46,Normal
2026-02-10 00:30:31.183544,Toronto-8333,50,6,Normal
2026-02-10 00:30:32.183544,Toronto-8333,44,92,Normal
2026-02-10 00:30:33.183544,Toronto-8333,5,83,Normal
2026-02-10 00:30:34.183544,Toronto-8333,-15,66,Normal
2026-02-10 00:30:35.183544,Toronto-8333,44,63,Normal
2026-02-10 00:30:36.183544,Toronto-8333,-18,36,Normal
2026-02-10 00:30:37.183544,Toronto-8333,45,68,Normal
2026-02-10 00:30:38.183544,Toronto-8333,10,77,Normal
2026-02-10 00:30:39.183544,Toronto-8333,6,20,Normal
2026-02-10 00:30:40.183544,Toronto-8333,-12,58,Normal
2026-02-10 00:30:41.183544,Toronto-8333,-26,55,Normal
2026-02-10 00:30:42.183544,Toronto-8333,39,88,Normal
2026-02-10 00:30:43.183544,Toronto-8333,36,94,Normal
2026-02-10 00:30:44.183544,Toronto-8333,9,77,Normal
2026-02-10 00:30:45.183544,Toronto-8333,34,93,Normal
2026-02-10 00:30:46.183544,Toronto-8333,43,6,Normal
2026-02-10 00:30:47.183544,Toronto-8333,-29,47,Normal
2026-02-10 00:30:48.183544,Toronto-8333,28,26,Normal
2026-02-10 00:30:49.183544,Toronto-8333,13,11,Normal
2026-02-10 00:30:50.183544,Toronto-8333,19,16,Normal
2026-02-10 00:30:51.183544,Toronto-8333,-28,78,Normal
2026-02-10 00:30:52.183544,Toronto-8333,12,31,Normal
2026-02-10 00:30:53.183544,Toronto-8333,-28,62,Normal
2026-02-10 00:30:54.183544,Toronto-8333,-5,30,Normal
2026-02-10 00:30:55.183544,Toronto-8333,7,48,Normal
2026-02-10 00:30:56.183544,Toronto-8333,6,16,Normal
2026-02-10 00:30:57.183544,Toronto-8333,-4,38,Normal
2026-02-10 00:30:58.183544,Toronto-8333,-9,20,Normal
2026-02-10 00:30:59.183544,Toronto-8333,-25,95,Normal
2026-02-10 00:31:00.183544,Toronto-8333,50,18,Normal
2026-02-10 00:31:01.183544,Toronto-8333,15,68,Normal
2026-02-10 00:31:02.183544,Toronto-8333,2,73,Normal
2026-02-10 00:31:03.183544,Toronto-8333,16,30,Normal
2026-02-10 00:31:04.183544,Toronto-8333,41,15,Normal
2026-02-10 00:31:05.183544,Toronto-8333,-14,40,Normal
2026-02-10 00:31:06.183544,Toronto-8333,-26,16,Normal
2026-02-10 00:31:07.183544,Toronto-8333,-16,91,Normal
2026-02-10 00:31:08.183544,Toronto-8333,-22,1,Normal
2026-02-10 00:31:09.183544,Toronto-8333,21,60,Normal
2026-02-10 00:31:10.183544,Toronto-8333,29,78,Normal
2026-02-10 00:31:11.183544,Toronto-8333,-9,14,Normal
2026-02-10 00:31:12.183544,Toronto-8333,-24,32,Normal
2026-02-10 00:31:13.183544,Toronto-8333,28,67,Normal
2026-02-10 00:31:14.183544,Toronto-8333,32,53,Normal
2026-02-10 00:31:15.183544,Toronto-8333,49,40,Normal
2026-02-10 00:31:16.183544,Toronto-8333,-24,66,Normal
2026-02-10 00:31:17.183544,Toronto-8333,26,60,Normal
2026-02-10 00:31:18.183544,Toronto-8333,-6,81,Normal
2026-02-10 00:31:19.183544,Toronto-8333,46,82,Normal
2026-02-10 00:31:20.183544,Toronto-8333,-13,29,Normal
2026-02-10 00:31:21.183544,Toronto-8333,-1,32,Normal
2026-02-10 00:31:22.183544,Toronto-8333,-7,4,Normal
2026-02-10 00:31:23.183544,Toronto-8333,-22,36,Normal
2026-02-10 00:31:24.183544,Toronto-8333,-22,80,Normal
2026-02-10 00:31:25.183544,Toronto-8333,32,35,Normal
2026-02-10 00:31:26.183544,Toronto-8333,7,100,Normal
2026-02-10 00:31:27.183544,Toronto-8333,5,81,Normal
2026-02-10 00:31:28.183544,Toronto-8333,-21,53,Normal
2026-02-10 00:31:29.183544,Toronto-8333,6,22,Normal
2026-02-10 00:31:30.183544,Toronto-8333,-5,14,Normal
2026-02-10 00:31:31.183544,Toronto-8333,34,57,Normal
2026-02-10 00:31:32.183544,Toronto-8333,29,56,Normal
2026-02-10 00:31:33.183544,Toronto-8333,-21,92,Normal
2026-02-10 00:31:34.183544,Toronto-8333,39,13,Normal
2026-02-10 00:31:35.183544,Toronto-8333,-12,3,Normal
2026-02-10 00:31:36.183544,Toronto-8333,-2,99,Normal
2026-02-10 00:31:37.183544,Toronto-8333,-25,10,Normal
2026-02-10 00:31:38.183544,Toronto-8333,-5,48,Normal
2026-02-10 00:31:39.183544,Toronto-8333,22,27,Normal
2026-02-10 00:31:40.183544,Toronto-8333,-19,56,Normal
2026-02-10 00:31:41.183544,Toronto-8333,-6,30,Normal
2026-02-10 00:31:42.183544,Toronto-8333,-29,58,Normal
2026-02-10 00:31:43.183544,Toronto-8333,-18,1,Normal
2026-02-10 00:31:44.183544,Toronto-8333,-11,16,Normal
2026-02-10 00:31:45.183544,Toronto-8333,50,21,Normal
2026-02-10 00:31:46.183544,Toronto-8333,35,14,Normal
2026-02-10 00:31:47.183544,Toronto-8333,-29,46,Normal
2026-02-10 00:31:48.183544,Toronto-8333,-23,25,Normal
2026-02-10 00:31:49.183544,Toronto-8333,-21,52,Normal
2026-02-10 00:31:50.183544,Toronto-8333,-20,66,Normal
2026-02-10 00:31:51.183544,Toronto-8333,-30,20,Normal
2026-02-10 00:31:52.183544,Toronto-8333,16,63,Normal
2026-02-10 00:31:53.183544,Toronto-8333,47,90,Normal
2026-02-10 00:31:54.183544,Toronto-8333,22,54,Normal
2026-02-10 00:31:55.183544,Toronto-8333,14,33,Normal
2026-02-10 00:31:56.183544,Toronto-8333,19,83,Normal
2026-02-10 00:31:57.183544,Toronto-8333,-29,91,Normal
2026-02-10 00:31:58.183544,Toronto-8333,-19,90,Normal
2026-02-10 00:31:59.183544,Toronto-8333,31,99,Normal
2026-02-10 00:32:00.183544,Toronto-8333,-28,50,Normal
2026-02-10 00:32:01.183544,Toronto-8333,-27,35,Normal
2026-02-10 00:32:02.183544,Toronto-8333,24,91,Normal
2026-02-10 00:32:03.183544,Toronto-8333,-22,76,Normal
2026-02-10 00:32:04.183544,Toronto-8333,0,47,Normal
2026-02-10 00:32:05.183544,Toronto-8333,12,72,Normal
2026-02-10 00:32:06.183544,Toronto-8333,-8,99,Normal
2026-02-10 00:32:07.183544,Toronto-8333,3,56,Normal
2026-02-10 00:32:08.183544,Toronto-8333,41,54,Normal
2026-02-10 00:32:09.183544,Toronto-8333,-17,100,Normal
2026-02-10 00:32:10.183544,Toronto-8333,40,69,Normal
2026-02-10 00:32:11.183544,Toronto-8333,-24,45,Normal
2026-02-10 00:32:12.183544,Toronto-8333,47,89,Normal
2026-02-10 00:32:13.183544,Toronto-8333,-12,95,Normal
2026-02-10 00:32:14.183544,Toronto-8333,30,66,Normal
2026-02-10 00:32:15.183544,Toronto-8333,33,41,Normal
2026-02-10 00:32:16.183544,Toronto-8333,15,94,Normal
2026-02-10 00:32:17.183544,Toronto-8333,2,66,Normal
2026-02-10 00:32:18.183544,Toronto-8333,31,38,Normal
2026-02-10 00:32:19.183544,Toronto-8333,25,22,Normal
2026-02-10 00:32:20.183544,Toronto-8333,15,44,Normal
2026-02-10 00:32:21.183544,Toronto-8333,-30,81,Normal
2026-02-10 00:32:22.183544,Toronto-8333,5,44,Normal
2026-02-10 00:32:23.183544,Toronto-8333,-4,39,Normal
2026-02-10 00:32:24.183544,Toronto-8333,28,49,Normal
2026-02-10 00:32:25.183544,Toronto-8333,-21,19,Normal
2026-02-10 00:32:26.183544,Toronto-8333,39,80,Normal
2026-02-10 00:32:27.183544,Toronto-8333,-23,4,Normal
2026-02-10 00:32:28.183544,Toronto-8333,-16,51,Normal
2026-02-10 00:32:29.183544,Toronto-8333,-22,96,Normal
2026-02-10 00:32:30.183544,Toronto-8333,-3,36,Normal
2026-02-10 00:32:31.183544,Toronto-8333,3,35,Normal
2026-02-10 00:32:32.183544,Toronto-8333,32,26,Normal
2026-02-10 00:32:33.183544,Toronto-8333,-30,8,Normal
2026-02-10 00:32:34.183544,Toronto-8333,-16,25,Normal
2026-02-10 00:32:35.183544,Toronto-8333,-9,84,Normal
2026-02-10 00:32:36.183544,Toronto-8333,25,45,Normal
2026-02-10 00:32:37.183544,Toronto-8333,20,67,Normal
2026-02-10 00:32:38.183544,Toronto-8333,19,0,Normal
2026-02-10 00:32:39.183544,Toronto-8333,31,52,Normal
2026-02-10 00:32:40.183544,Toronto-8333,43,37,Normal
2026-02-10 00:32:41.183544,Toronto-8333,8,64,Normal
2026-02-10 00:32:42.183544,Toronto-8333,-18,41,Normal
2026-02-10 00:32:43.183544,Toronto-8333,-25,20,Normal
2026-02-10 00:32:44.183544,Toronto-8333,19,72,Normal
2026-02-10 00:32:45.183544,Toronto-8333,7,28,Normal
2026-02-10 00:32:46.183544,Toronto-8333,-18,59,Normal
2026-02-10 00:32:47.183544,Toronto-8333,11,65,Normal
2026-02-10 00:32:48.183544,Toronto-8333,28,27,Normal
2026-02-10 00:32:49.183544,Toronto-8333,-28,86,Normal
2026-02-10 00:32:50.183544,Toronto-8333,43,92,Normal
2026-02-10 00:32:51.183544,Toronto-8333,-11,35,Normal
2026-02-10 00:32:52.183544,Toronto-8333,5,68,Normal
2026-02-10 00:32:53.183544,Toronto-8333,50,53,Normal
2026-02-10 00:32:54.183544,Toronto-8333,6,56,Normal
2026-02-10 00:32:55.183544,Toronto-8333,-13,11,Normal
2026-02-10 00:32:56.183544,Toronto-8333,31,78,Normal
2026-02-10 00:32:57.183544,Toronto-8333,-22,60,Normal
2026-02-10 00:32:58.183544,Toronto-8333,-4,49,Normal
2026-02-10 00:32:59.183544,Toronto-8333,-6,7,Normal
2026-02-10 00:33:00.183544,Toronto-8333,36,98,Normal
2026-02-10 00:33:01.183544,Toronto-8333,9,91,Normal
2026-02-10 00:33:02.183544,Toronto-8333,18,63,Normal
2026-02-10 00:33:03.183544,Toronto-8333,30,41,Normal
2026-02-10 00:33:04.183544,Toronto-8333,50,12,Normal
2026-02-10 00:33:05.183544,Toronto-8333,4,11,Normal
2026-02-10 00:33:06.183544,Toronto-8333,44,70,Normal
2026-02-10 00:33:07.183544,Toronto-8333,-25,85,Normal
2026-02-10 00:33:08.183544,Toronto-8333,-12,77,Normal
2026-02-10 00:33:09.183544,Toronto-8333,5,87,Normal
2026-02-10 00:33:10.183544,Toronto-8333,43,14,Normal
2026-02-10 00:33:11.183544,Toronto-8333,47,93,Normal
2026-02-10 00:33:12.183544,Toronto-8333,23,96,Normal
2026-02-10 00:33:13.183544,Toronto-8333,31,91,Normal
2026-02-10 00:33:14.183544,Toronto-8333,26,20,Normal
2026-02-10 00:33:15.183544,Toronto-8333,22,21,Normal
2026-02-10 00:33:16.183544,Toronto-8333,49,96,Normal
2026-02-10 00:33:17.183544,Toronto-8333,39,24,Normal
2026-02-10 00:33:18.183544,Toronto-8333,28,51,Normal
2026-02-10 00:33:19.183544,Toronto-8333,-10,0,Normal
2026-02-10 00:33:20.183544,Toronto-8333,14,64,Normal
2026-02-10 00:33:21.183544,Toronto-8333,13,28,Normal
2026-02-10 00:33:22.183544,Toronto-8333,-15,69,Normal
2026-02-10 00:33:23.183544,Toronto-8333,25,4,Normal
2026-02-10 00:33:24.183544,Toronto-8333,-23,76,Normal
2026-02-10 00:33:25.183544,Toronto-8333,0,48,Normal
2026-02-10 00:33:26.183544,Toronto-8333,41,58,Normal
2026-02-10 00:33:27.183544,Toronto-8333,38,37,Normal
2026-02-10 00:33:28.183544,Toronto-8333,-15,8,Normal
2026-02-10 00:33:29.183544,Toronto-8333,36,31,Normal
2026-02-10 00:33:30.183544,Toronto-8333,47,76,Normal
2026-02-10 00:33:31.183544,Toronto-8333,11,32,Normal
2026-02-10 00:33:32.183544,Toronto-8333,-30,88,Normal
2026-02-10 00:33:33.183544,Toronto-8333,5,44,Normal
2026-02-10 00:33:34.183544,Toronto-8333,-6,64,Normal
2026-02-10 00:33:35.183544,Toronto-8333,-22,77,Normal
2026-02-10 00:33:36.183544,Toronto-8333,-24,82,Normal
2026-02-10 00:33:37.183544,Toronto-8333,33,28,Normal
2026-02-10 00:33:38.183544,Toronto-8333,24,66,Normal
2026-02-10 00:33:39.183544,Toronto-8333,48,38,Normal
2026-02-10 00:33:40.183544,Toronto-8333,-24,26,Normal
2026-02-10 00:33:41.183544,Toronto-8333,1,8,Normal
2026-02-10 00:33:42.183544,Toronto-8333,-2,15,Normal
2026-02-10 00:33:43.183544,Toronto-8333,-6,77,Normal
2026-02-10 00:33:44.183544,Toronto-8333,7,51,Normal
2026-02-10 00:33:45.183544,Toronto-8333,43,15,Normal
2026-02-10 00:33:46.183544,Toronto-8333,41,13,Normal
2026-02-10 00:33:47.183544,Toronto-8333,1,1,Normal
2026-02-10 00:33:48.183544,Toronto-8333,18,100,Normal
2026-02-10 00:33:49.183544,Toronto-8333,-10,59,Normal
2026-02-10 00:33:50.183544,Toronto-8333,32,17,Normal
2026-02-10 00:33:51.183544,Toronto-8333,35,95,Normal
2026-02-10 00:33:52.183544,Toronto-8333,24,91,Normal
2026-02-10 00:33:53.183544,Toronto-8333,16,88,Normal
2026-02-10 00:33:54.183544,Toronto-8333,1,70,Normal
2026-02-10 00:33:55.183544,Toronto-8333,11,0,Normal
2026-02-10 00:33:56.183544,Toronto-8333,10,17,Normal
2026-02-10 00:33:57.183544,Toronto-8333,-12,8,Normal
2026-02-10 00:33:58.183544,Toronto-8333,24,23,Normal
2026-02-10 00:33:59.183544,Toronto-8333,-24,37,Normal
2026-02-10 00:34:00.183544,Toronto-8333,-3,65,Normal
2026-02-10 00:34:01.183544,Toronto-8333,15,15,Normal
2026-02-10 00:34:02.183544,Toronto-8333,1,7,Normal
2026-02-10 00:34:03.183544,Toronto-8333,50,35,Normal
2026-02-10 00:34:04.183544,Toronto-8333,-23,64,Normal
2026-02-10 00:34:05.183544,Toronto-8333,30,73,Normal
2026-02-10 00:34:06.183544,Toronto-8333,24,72,Normal
2026-02-10 00:34:07.183544,Toronto-8333,41,15,Normal
2026-02-10 00:34:08.183544,Toronto-8333,5,65,Normal
2026-02-10 00:34:09.183544,Toronto-8333,24,100,Normal
2026-02-10 00:34:10.183544,Toronto-8333,-7,33,Normal
2026-02-10 00:34:11.183544,Toronto-8333,48,64,Normal
2026-02-10 00:34:12.183544,Toronto-8333,46,41,Normal
2026-02-10 00:34:13.183544,Toronto-8333,22,86,Normal
2026-02-10 00:34:14.183544,Toronto-8333,-18,77,Normal
2026-02-10 00:34:15.183544,Toronto-8333,-17,23,Normal
2026-02-10 00:34:16.183544,Toronto-8333,-5,73,Normal
2026-02-10 00:34:17.183544,Toronto-8333,37,65,Normal
2026-02-10 00:34:18.183544,Toronto-8333,11,6,Normal
2026-02-10 00:34:19.183544,Toronto-8333,8,15,Normal
2026-02-10 00:34:20.183544,Toronto-8333,-21,84,Normal
2026-02-10 00:34:21.183544,Toronto-8333,8,52,Normal
2026-02-10 00:34:22.183544,Toronto-8333,-11,31,Normal
2026-02-10 00:34:23.183544,Toronto-8333,-17,89,Normal
2026-02-10 00:34:24.183544,Toronto-8333,12,65,Normal
2026-02-10 00:34:25.183544,Toronto-8333,15,42,Normal
2026-02-10 00:34:26.183544,Toronto-8333,28,57,Normal
2026-02-10 00:34:27.183544,Toronto-8333,-21,16,Normal
2026-02-10 00:34:28.183544,Toronto-8333,42,94,Normal
2026-02-10 00:34:29.183544,Toronto-8333,32,27,Normal
2026-02-10 00:34:30.183544,Toronto-8333,3,51,Normal
2026-02-10 00:34:31.183544,Toronto-8333,43,59,Normal
2026-02-10 00:34:32.183544,Toronto-8333,-18,94,Normal
2026-02-10 00:34:33.183544,Toronto-8333,-19,97,Normal
2026-02-10 00:34:34.183544,Toronto-8333,-12,38,Normal
2026-02-10 00:34:35.183544,Toronto-8333,44,40,Normal
2026-02-10 00:34:36.183544,Toronto-8333,23,66,Normal
2026-02-10 00:34:37.183544,Toronto-8333,10,57,Normal
2026-02-10 00:34:38.183544,Toronto-8333,-29,75,Normal
2026-02-10 00:34:39.183544,Toronto-8333,-30,73,Normal
2026-02-10 00:34:40.183544,Toronto-8333,36,79,Normal
2026-02-10 00:34:41.183544,Toronto-8333,30,43,Normal
2026-02-10 00:34:42.183544,Toronto-8333,49,39,Normal
2026-02-10 00:34:43.183544,Toronto-8333,40,81,Normal
2026-02-10 00:34:44.183544,Toronto-8333,-29,79,Normal
2026-02-10 00:34:45.183544,Toronto-8333,11,98,Normal
2026-02-10 00:34:46.183544,Toronto-8333,9,68,Normal
2026-02-10 00:34:47.183544,Toronto-8333,23,58,Normal
2026-02-10 00:34:48.183544,Toronto-8333,-3,39,Normal
2026-02-10 00:34:49.183544,Toronto-8333,10,77,Normal
2026-02-10 00:34:50.183544,Toronto-8333,42,63,Normal
2026-02-10 00:34:51.183544,Toronto-8333,-20,1,Normal
2026-02-10 00:34:52.183544,Toronto-8333,-2,63,Normal
2026-02-10 00:34:53.183544,Toronto-8333,-21,65,Normal
2026-02-10 00:34:54.183544,Toronto-8333,-23,58,Normal
2026-02-10 00:34:55.183544,Toronto-8333,39,72,Normal
2026-02-10 00:34:56.183544,Toronto-8333,35,6,Normal
2026-02-10 00:34:57.183544,Toronto-8333,43,97,Normal
2026-02-10 00:34:58.183544,Toronto-8333,43,53,Normal
2026-02-10 00:34:59.183544,Toronto-8333,38,2,Normal
2026-02-10 00:35:00.183544,Toronto-8333,35,39,Normal
2026-02-10 00:35:01.183544,Toronto-8333,-4,86,Normal
2026-02-10 00:35:02.183544,Toronto-8333,-3,95,Normal
2026-02-10 00:35:03.183544,Toronto-8333,14,72,Normal
2026-02-10 00:35:04.183544,Toronto-8333,38,84,Normal
2026-02-10 00:35:05.183544,Toronto-8333,-24,99,Normal
2026-02-10 00:35:06.183544,Toronto-8333,25,68,Normal
2026-02-10 00:35:07.183544,Toronto-8333,36,71,Normal
2026-02-10 00:35:08.183544,Toronto-8333,-1,85,Normal
2026-02-10 00:35:09.183544,Toronto-8333,-5,54,Normal
2026-02-10 00:35:10.183544,Toronto-8333,-7,94,Normal
2026-02-10 00:35:11.183544,Toronto-8333,-2,61,Normal
2026-02-10 00:35:12.183544,Toronto-8333,-26,69,Normal
2026-02-10 00:35:13.183544,Toronto-8333,8,89,Normal
2026-02-10 00:35:14.183544,Toronto-8333,-25,29,Normal
2026-02-10 00:35:15.183544,Toronto-8333,10,61,Normal
2026-02-10 00:35:16.183544,Toronto-8333,7,42,Normal
2026-02-10 00:35:17.183544,Toronto-8333,38,51,Normal
2026-02-10 00:35:18.183544,Toronto-8333,20,90,Normal
2026-02-10 00:35:19.183544,Toronto-8333,-8,80,Normal
2026-02-10 00:35:20.183544,Toronto-8333,37,31,Normal
2026-02-10 00:35:21.183544,Toronto-8333,8,17,Normal
2026-02-10 00:35:22.183544,Toronto-8333,19,60,Normal
2026-02-10 00:35:23.183544,Toronto-8333,29,1,Normal
2026-02-10 00:35:24.183544,Toronto-8333,37,22,Normal
2026-02-10 00:35:25.183544,Toronto-8333,20,92,Normal
2026-02-10 00:35:26.183544,Toronto-8333,18,14,Normal
2026-02-10 00:35:27.183544,Toronto-8333,0,33,Normal
2026-02-10 00:35:28.183544,Toronto-8333,22,14,Normal
2026-02-10 00:35:29.183544,Toronto-8333,11,82,Normal
2026-02-10 00:35:30.183544,Toronto-8333,-14,8,Normal
2026-02-10 00:35:31.183544,Toronto-8333,5,64,Normal
2026-02-10 00:35:32.183544,Toronto-8333,-8,14,Normal
2026-02-10 00:35:33.183544,Toronto-8333,-27,4,Normal
2026-02-10 00:35:34.183544,Toronto-8333,-23,35,Normal
2026-02-10 00:35:35.183544,Toronto-8333,-15,66,Normal
2026-02-10 00:35:36.183544,Toronto-8333,8,62,Normal
2026-02-10 00:35:37.183544,Toronto-8333,30,33,Normal
2026-02-10 00:35:38.183544,Toronto-8333,30,75,Normal
2026-02-10 00:35:39.183544,Toronto-8333,-13,71,Normal
2026-02-10 00:35:40.183544,Toronto-8333,-23,97,Normal
2026-02-10 00:35:41.183544,Toronto-8333,32,8,Normal
2026-02-10 00:35:42.183544,Toronto-8333,-10,68,Normal
2026-02-10 00:35:43.183544,Toronto-8333,-15,71,Normal
2026-02-10 00:35:44.183544,Toronto-8333,45,1,Normal
2026-02-10 00:35:45.183544,Toronto-8333,24,50,Normal
2026-02-10 00:35:46.183544,Toronto-8333,-8,55,Normal
2026-02-10 00:35:47.183544,Toronto-8333,17,92,Normal
2026-02-10 00:35:48.183544,Toronto-8333,38,84,Normal
2026-02-10 00:35:49.183544,Toronto-8333,46,31,Normal
2026-02-10 00:35:50.183544,Toronto-8333,-26,20,Normal
2026-02-10 00:35:51.183544,Toronto-8333,-2,39,Normal
2026-02-10 00:35:52.183544,Toronto-8333,-5,13,Normal
2026-02-10 00:35:53.183544,Toronto-8333,-17,42,Normal
2026-02-10 00:35:54.183544,Toronto-8333,-27,59,Normal
2026-02-10 00:35:55.183544,Toronto-8333,15,87,Normal
2026-02-10 00:35:56.183544,Toronto-8333,39,95,Normal
2026-02-10 00:35:57.183544,Toronto-8333,-30,23,Normal
2026-02-10 00:35:58.183544,Toronto-8333,17,30,Normal
2026-02-10 00:35:59.183544,Toronto-8333,35,43,Normal
2026-02-10 00:36:00.183544,Toronto-8333,0,42,Normal
2026-02-10 00:36:01.183544,Toronto-8333,30,1,Normal
2026-02-10 00:36:02.183544,Toronto-8333,35,72,Normal
2026-02-10 00:36:03.183544,Toronto-8333,-22,10,Normal
2026-02-10 00:36:04.183544,Toronto-8333,37,54,Normal
2026-02-10 00:36:05.183544,Toronto-8333,10,92,Normal
2026-02-10 00:36:06.183544,Toronto-8333,20,65,Normal
2026-02-10 00:36:07.183544,Toronto-8333,9,45,Normal
2026-02-10 00:36:08.183544,Toronto-8333,22,33,Normal
2026-02-10 00:36:09.183544,Toronto-8333,2,69,Normal
2026-02-10 00:36:10.183544,Toronto-8333,-30,97,Normal
2026-02-10 00:36:11.183544,Toronto-8333,-16,24,Normal
2026-02-10 00:36:12.183544,Toronto-8333,45,96,Normal
2026-02-10 00:36:13.183544,Toronto-8333,18,32,Normal
2026-02-10 00:36:14.183544,Toronto-8333,41,55,Normal
2026-02-10 00:36:15.183544,Toronto-8333,2,12,Normal
2026-02-10 00:36:16.183544,Toronto-8333,-23,31,Normal
2026-02-10 00:36:17.183544,Toronto-8333,1,50,Normal
2026-02-10 00:36:18.183544,Toronto-8333,48,5,Normal
2026-02-10 00:36:19.183544,Toronto-8333,5,96,Normal
2026-02-10 00:36:20.183544,Toronto-8333,-4,99,Normal
2026-02-10 00:36:21.183544,Toronto-8333,-11,34,Normal
2026-02-10 00:36:22.183544,Toronto-8333,-5,77,Normal
2026-02-10 00:36:23.183544,Toronto-8333,28,26,Normal
2026-02-10 00:36:24.183544,Toronto-8333,14,23,Normal
2026-02-10 00:36:25.183544,Toronto-8333,36,97,Normal
2026-02-10 00:36:26.183544,Toronto-8333,-9,99,Normal
2026-02-10 00:36:27.183544,Toronto-8333,-29,46,Normal
2026-02-10 00:36:28.183544,Toronto-8333,6,74,Normal
2026-02-10 00:36:29.183544,Toronto-8333,31,12,Normal
2026-02-10 00:36:30.183544,Toronto-8333,19,15,Normal
2026-02-10 00:36:31.183544,Toronto-8333,-17,78,Normal
2026-02-10 00:36:32.183544,Toronto-8333,-20,7,Normal
2026-02-10 00:36:33.183544,Toronto-8333,14,48,Normal
2026-02-10 00:36:34.183544,Toronto-8333,10,51,Normal
2026-02-10 00:36:35.183544,Toronto-8333,25,91,Normal
2026-02-10 00:36:36.183544,Toronto-8333,40,80,Normal
2026-02-10 00:36:37.183544,Toronto-8333,42,98,Normal
2026-02-10 00:36:38.183544,Toronto-8333,-6,1,Normal
2026-02-10 00:36:39.183544,Toronto-8333,35,44,Normal
2026-02-10 00:36:40.183544,Toronto-8333,-5,80,Normal
2026-02-10 00:36:41.183544,Toronto-8333,48,23,Normal
2026-02-10 00:36:42.183544,Toronto-8333,19,85,Normal
2026-02-10 00:36:43.183544,Toronto-8333,-27,83,Normal
2026-02-10 00:36:44.183544,Toronto-8333,-25,74,Normal
2026-02-10 00:36:45.183544,Toronto-8333,38,44,Normal
2026-02-10 00:36:46.183544,Toronto-8333,36,99,Normal
2026-02-10 00:36:47.183544,Toronto-8333,-23,44,Normal
2026-02-10 00:36:48.183544,Toronto-8333,3,67,Normal
2026-02-10 00:36:49.183544,Toronto-8333,13,38,Normal
2026-02-10 00:36:50.183544,Toronto-8333,41,60,Normal
2026-02-10 00:36:51.183544,Toronto-8333,30,2,Normal
2026-02-10 00:36:52.183544,Toronto-8333,8,58,Normal
2026-02-10 00:36:53.183544,Toronto-8333,-25,19,Normal
2026-02-10 00:36:54.183544,Toronto-8333,3,58,Normal
2026-02-10 00:36:55.183544,Toronto-8333,41,46,Normal
2026-02-10 00:36:56.183544,Toronto-8333,-16,24,Normal
2026-02-10 00:36:57.183544,Toronto-8333,-15,75,Normal
2026-02-10 00:36:58.183544,Toronto-8333,-28,100,Normal
2026-02-10 00:36:59.183544,Toronto-8333,40,19,Normal
2026-02-10 00:37:00.183544,Toronto-8333,13,17,Normal
2026-02-10 00:37:01.183544,Toronto-8333,8,14,Normal
2026-02-10 00:37:02.183544,Toronto-8333,-6,0,Normal
2026-02-10 00:37:03.183544,Toronto-8333,32,84,Normal
2026-02-10 00:37:04.183544,Toronto-8333,-16,37,Normal
2026-02-10 00:37:05.183544,Toronto-8333,10,52,Normal
2026-02-10 00:37:06.183544,Toronto-8333,35,71,Normal
2026-02-10 00:37:07.183544,Toronto-8333,36,32,Normal
2026-02-10 00:37:08.183544,Toronto-8333,23,92,Normal
2026-02-10 00:37:09.183544,Toronto-8333,-6,0,Normal
2026-02-10 00:37:10.183544,Toronto-8333,0,87,Normal
2026-02-10 00:37:11.183544,Toronto-8333,2,48,Normal
2026-02-10 00:37:12.183544,Toronto-8333,-6,91,Normal
2026-02-10 00:37:13.183544,Toronto-8333,12,13,Normal
2026-02-10 00:37:14.183544,Toronto-8333,27,25,Normal
2026-02-10 00:37:15.183544,Toronto-8333,37,71,Normal
2026-02-10 00:37:16.183544,Toronto-8333,-12,25,Normal
2026-02-10 00:37:17.183544,Toronto-8333,-20,13,Normal
2026-02-10 00:37:18.183544,Toronto-8333,-22,33,Normal
2026-02-10 00:37:19.183544,Toronto-8333,11,6,Normal
2026-02-10 00:37:20.183544,Toronto-8333,4,30,Normal
2026-02-10 00:37:21.183544,Toronto-8333,27,71,Normal
2026-02-10 00:37:22.183544,Toronto-8333,-29,44,Normal
2026-02-10 00:37:23.183544,Toronto-8333,37,100,Normal
2026-02-10 00:37:24.183544,Toronto-8333,-5,25,Normal
2026-02-10 00:37:25.183544,Toronto-8333,34,16,Normal
2026-02-10 00:37:26.183544,Toronto-8333,38,40,Normal
2026-02-10 00:37:27.183544,Toronto-8333,-10,23,Normal
2026-02-10 00:37:28.183544,Toronto-8333,-30,100,Normal
2026-02-10 00:37:29.183544,Toronto-8333,6,54,Normal
2026-02-10 00:37:30.183544,Toronto-8333,49,74,Normal
2026-02-10 00:37:31.183544,Toronto-8333,36,8,Normal
2026-02-10 00:37:32.183544,Toronto-8333,-14,34,Normal
2026-02-10 00:37:33.183544,Toronto-8333,13,95,Normal
2026-02-10 00:37:34.183544,Toronto-8333,47,57,Normal
2026-02-10 00:37:35.183544,Toronto-8333,46,82,Normal
2026-02-10 00:37:36.183544,Toronto-8333,-21,16,Normal
2026-02-10 00:37:37.183544,Toronto-8333,-18,68,Normal
2026-02-10 00:37:38.183544,Toronto-8333,33,91,Normal
2026-02-10 00:37:39.183544,Toronto-8333,44,6,Normal
2026-02-10 00:37:40.183544,Toronto-8333,0,47,Normal
2026-02-10 00:37:41.183544,Toronto-8333,-23,17,Normal
2026-02-10 00:37:42.183544,Toronto-8333,32,24,Normal
2026-02-10 00:37:43.183544,Toronto-8333,5,53,Normal
2026-02-10 00:37:44.183544,Toronto-8333,5,88,Normal
2026-02-10 00:37:45.183544,Toronto-8333,-10,29,Normal
2026-02-10 00:37:46.183544,Toronto-8333,23,52,Normal
2026-02-10 00:37:47.183544,Toronto-8333,7,12,Normal
2026-02-10 00:37:48.183544,Toronto-8333,10,23,Normal
2026-02-10 00:37:49.183544,Toronto-8333,-8,43,Normal
2026-02-10 00:37:50.183544,Toronto-8333,16,45,Normal
2026-02-10 00:37:51.183544,Toronto-8333,46,88,Normal
2026-02-10 00:37:52.183544,Toronto-8333,38,62,Normal
2026-02-10 00:37:53.183544,Toronto-8333,28,11,Normal
2026-02-10 00:37:54.183544,Toronto-8333,9,25,Normal
2026-02-10 00:37:55.183544,Toronto-8333,31,69,Normal
2026-02-10 00:37:56.183544,Toronto-8333,-14,7,Normal
2026-02-10 00:37:57.183544,Toronto-8333,39,64,Normal
2026-02-10 00:37:58.183544,Toronto-8333,9,14,Normal
2026-02-10 00:37:59.183544,Toronto-8333,1,98,Normal
2026-02-10 00:38:00.183544,Toronto-8333,40,25,Normal
2026-02-10 00:38:01.183544,Toronto-8333,39,41,Normal
2026-02-10 00:38:02.183544,Toronto-8333,13,71,Normal
2026-02-10 00:38:03.183544,Toronto-8333,36,47,Normal
2026-02-10 00:38:04.183544,Toronto-8333,-4,59,Normal
2026-02-10 00:38:05.183544,Toronto-8333,44,66,Normal
2026-02-10 00:38:06.183544,Toronto-8333,-8,46,Normal
2026-02-10 00:38:07.183544,Toronto-8333,25,25,Normal
2026-02-10 00:38:08.183544,Toronto-8333,-19,65,Normal
2026-02-10 00:38:09.183544,Toronto-8333,19,93,Normal
2026-02-10 00:38:10.183544,Toronto-8333,-8,37,Normal
2026-02-10 00:38:11.183544,Toronto-8333,-26,48,Normal
2026-02-10 00:38:12.183544,Toronto-8333,44,78,Normal
2026-02-10 00:38:13.183544,Toronto-8333,-2,28,Normal
2026-02-10 00:38:14.183544,Toronto-8333,38,68,Normal
2026-02-10 00:38:15.183544,Toronto-8333,50,36,Normal
2026-02-10 00:38:16.183544,Toronto-8333,43,49,Normal
2026-02-10 00:38:17.183544,Toronto-8333,-26,68,Normal
2026-02-10 00:38:18.183544,Toronto-8333,-16,74,Normal
2026-02-10 00:38:19.183544,Toronto-8333,4,83,Normal
2026-02-10 00:38:20.183544,Toronto-8333,-24,12,Normal
2026-02-10 00:38:21.183544,Toronto-8333,-15,6,Normal
2026-02-10 00:38:22.183544,Toronto-8333,4,65,Normal
2026-02-10 00:38:23.183544,Toronto-8333,43,51,Normal
2026-02-10 00:38:24.183544,Toronto-8333,-27,75,Normal
2026-02-10 00:38:25.183544,Toronto-8333,32,44,Normal
2026-02-10 00:38:26.183544,Toronto-8333,18,65,Normal
2026-02-10 00:38:27.183544,Toronto-8333,-18,55,Normal
2026-02-10 00:38:28.183544,Toronto-8333,-5,78,Normal
2026-02-10 00:38:29.183544,Toronto-8333,41,11,Normal
2026-02-10 00:38:30.183544,Toronto-8333,-23,47,Normal
2026-02-10 00:38:31.183544,Toronto-8333,16,97,Normal
2026-02-10 00:38:32.183544,Toronto-8333,-14,84,Normal
2026-02-10 00:38:33.183544,Toronto-8333,32,62,Normal
2026-02-10 00:38:34.183544,Toronto-8333,26,9,Normal
2026-02-10 00:38:35.183544,Toronto-8333,37,82,Normal
2026-02-10 00:38:36.183544,Toronto-8333,-24,2,Normal
2026-02-10 00:38:37.183544,Toronto-8333,-12,61,Normal
2026-02-10 00:38:38.183544,Toronto-8333,25,57,Normal
2026-02-10 00:38:39.183544,Toronto-8333,-7,87,Normal
2026-02-10 00:38:40.183544,Toronto-8333,-16,0,Normal
2026-02-10 00:38:41.183544,Toronto-8333,29,17,Normal
2026-02-10 00:38:42.183544,Toronto-8333,-8,20,Normal
2026-02-10 00:38:43.183544,Toronto-8333,-1,84,Normal
2026-02-10 00:38:44.183544,Toronto-8333,-22,54,Normal
2026-02-10 00:38:45.183544,Toronto-8333,-5,69,Normal
2026-02-10 00:38:46.183544,Toronto-8333,24,54,Normal
2026-02-10 00:38:47.183544,Toronto-8333,-22,16,Normal
2026-02-10 00:38:48.183544,Toronto-8333,44,65,Normal
2026-02-10 00:38:49.183544,Toronto-8333,11,52,Normal
2026-02-10 00:38:50.183544,Toronto-8333,50,88,Normal
2026-02-10 00:38:51.183544,Toronto-8333,18,67,Normal
2026-02-10 00:38:52.183544,Toronto-8333,-21,35,Normal
2026-02-10 00:38:53.183544,Toronto-8333,-20,98,Normal
2026-02-10 00:38:54.183544,Toronto-8333,15,66,Normal
2026-02-10 00:38:55.183544,Toronto-8333,-14,74,Normal
2026-02-10 00:38:56.183544,Toronto-8333,-30,14,Normal
2026-02-10 00:38:57.183544,Toronto-8333,19,6,Normal
2026-02-10 00:38:58.183544,Toronto-8333,-17,66,Normal
2026-02-10 00:38:59.183544,Toronto-8333,29,52,Normal
2026-02-10 00:39:00.183544,Toronto-8333,6,4,Normal
2026-02-10 00:39:01.183544,Toronto-8333,5,56,Normal
2026-02-10 00:39:02.183544,Toronto-8333,50,90,Normal
2026-02-10 00:39:03.183544,Toronto-8333,-7,68,Normal
2026-02-10 00:39:04.183544,Toronto-8333,-27,75,Normal
2026-02-10 00:39:05.183544,Toronto-8333,-5,1,Normal
2026-02-10 00:39:06.183544,Toronto-8333,-10,36,Normal
2026-02-10 00:39:07.183544,Toronto-8333,37,10,Normal
2026-02-10 00:39:08.183544,Toronto-8333,37,5,Normal
2026-02-10 00:39:09.183544,Toronto-8333,-25,25,Normal
2026-02-10 00:39:10.183544,Toronto-8333,19,36,Normal
2026-02-10 00:39:11.183544,Toronto-8333,3,22,Normal
2026-02-10 00:39:12.183544,Toronto-8333,13,38,Normal
2026-02-10 00:39:13.183544,Toronto-8333,21,21,Normal
2026-02-10 00:39:14.183544,Toronto-8333,22,8,Normal
2026-02-10 00:39:15.183544,Toronto-8333,-28,38,Normal
2026-02-10 00:39:16.183544,Toronto-8333,-8,36,Normal
2026-02-10 00:39:17.183544,Toronto-8333,-7,20,Normal
2026-02-10 00:39:18.183544,Toronto-8333,43,35,Normal
2026-02-10 00:39:19.183544,Toronto-8333,12,10,Normal
2026-02-10 00:39:20.183544,Toronto-8333,-9,97,Normal
2026-02-10 00:39:21.183544,Toronto-8333,27,39,Normal
2026-02-10 00:39:22.183544,Toronto-8333,-24,74,Normal
2026-02-10 00:39:23.183544,Toronto-8333,7,32,Normal
2026-02-10 00:39:24.183544,Toronto-8333,14,45,Normal
2026-02-10 00:39:25.183544,Toronto-8333,44,97,Normal
2026-02-10 00:39:26.183544,Toronto-8333,45,13,Normal
2026-02-10 00:39:27.183544,Toronto-8333,38,57,Normal
2026-02-10 00:39:28.183544,Toronto-8333,42,23,Normal
2026-02-10 00:39:29.183544,Toronto-8333,-26,23,Normal
2026-02-10 00:39:30.183544,Toronto-8333,-13,34,Normal
2026-02-10 00:39:31.183544,Toronto-8333,37,97,Normal
2026-02-10 00:39:32.183544,Toronto-8333,35,38,Normal
2026-02-10 00:39:33.183544,Toronto-8333,49,1,Normal
2026-02-10 00:39:34.183544,Toronto-8333,-29,93,Normal
2026-02-10 00:39:35.183544,Toronto-8333,-10,86,Normal
2026-02-10 00:39:36.183544,Toronto-8333,31,50,Normal
2026-02-10 00:39:37.183544,Toronto-8333,-9,28,Normal
2026-02-10 00:39:38.183544,Toronto-8333,-18,27,Normal
2026-02-10 00:39:39.183544,Toronto-8333,-11,37,Normal
2026-02-10 00:39:40.183544,Toronto-8333,-2,43,Normal
2026-02-10 00:39:41.183544,Toronto-8333,29,77,Normal
2026-02-10 00:39:42.183544,Toronto-8333,16,80,Normal
2026-02-10 00:39:43.183544,Toronto-8333,29,34,Normal
2026-02-10 00:39:44.183544,Toronto-8333,-7,93,Normal
2026-02-10 00:39:45.183544,Toronto-8333,33,98,Normal
2026-02-10 00:39:46.183544,Toronto-8333,37,5,Normal
2026-02-10 00:39:47.183544,Toronto-8333,15,100,Normal
2026-02-10 00:39:48.183544,Toronto-8333,-22,89,Normal
2026-02-10 00:39:49.183544,Toronto-8333,23,36,Normal
2026-02-10 00:39:50.183544,Toronto-8333,25,65,Normal
2026-02-10 00:39:51.183544,Toronto-8333,-12,85,Normal
2026-02-10 00:39:52.183544,Toronto-8333,32,11,Normal
2026-02-10 00:39:53.183544,Toronto-8333,2,22,Normal
2026-02-10 00:39:54.183544,Toronto-8333,-9,15,Normal
2026-02-10 00:39:55.183544,Toronto-8333,28,2,Normal
2026-02-10 00:39:56.183544,Toronto-8333,23,63,Normal
2026-02-10 00:39:57.183544,Toronto-8333,-20,95,Normal
2026-02-10 00:39:58.183544,Toronto-8333,34,37,Normal
2026-02-10 00:39:59.183544,Toronto-8333,45,16,Normal
2026-02-10 00:40:00.183544,Toronto-8333,21,76,Normal
2026-02-10 00:40:01.183544,Toronto-8333,12,72,Normal
2026-02-10 00:40:02.183544,Toronto-8333,19,81,Normal
2026-02-10 00:40:03.183544,Toronto-8333,-2,10,Normal
2026-02-10 00:40:04.183544,Toronto-8333,0,75,Normal
2026-02-10 00:40:05.183544,Toronto-8333,0,15,Normal
2026-02-10 00:40:06.183544,Toronto-8333,-22,5,Normal
2026-02-10 00:40:07.183544,Toronto-8333,-2,51,Normal
2026-02-10 00:40:08.183544,Toronto-8333,10,6,Normal
2026-02-10 00:40:09.183544,Toronto-8333,-30,24,Normal
2026-02-10 00:40:10.183544,Toronto-8333,17,62,Normal
2026-02-10 00:40:11.183544,Toronto-8333,12,29,Normal
2026-02-10 00:40:12.183544,Toronto-8333,16,68,Normal
2026-02-10 00:40:13.183544,Toronto-8333,-4,42,Normal
2026-02-10 00:40:14.183544,Toronto-8333,10,64,Normal
2026-02-10 00:40:15.183544,Toronto-8333,-8,31,Normal
2026-02-10 00:40:16.183544,Toronto-8333,-23,54,Normal
2026-02-10 00:40:17.183544,Toronto-8333,45,21,Normal
2026-02-10 00:40:18.183544,Toronto-8333,-4,69,Normal
2026-02-10 00:40:19.183544,Toronto-8333,49,51,Normal
2026-02-10 00:40:20.183544,Toronto-8333,1,55,Normal
2026-02-10 00:40:21.183544,Toronto-8333,-1,18,Normal
2026-02-10 00:40:22.183544,Toronto-8333,3,45,Normal
2026-02-10 00:40:23.183544,Toronto-8333,-30,80,Normal
2026-02-10 00:40:24.183544,Toronto-8333,4,83,Normal
2026-02-10 00:40:25.183544,Toronto-8333,6,17,Normal
2026-02-10 00:40:26.183544,Toronto-8333,9,87,Normal
2026-02-10 00:40:27.183544,Toronto-8333,-16,19,Normal
2026-02-10 00:40:28.183544,Toronto-8333,48,14,Normal
2026-02-10 00:40:29.183544,Toronto-8333,-12,32,Normal
2026-02-10 00:40:30.183544,Toronto-8333,42,68,Normal
2026-02-10 00:40:31.183544,Toronto-8333,-22,66,Normal
2026-02-10 00:40:32.183544,Toronto-8333,19,21,Normal
2026-02-10 00:40:33.183544,Toronto-8333,-17,6,Normal
2026-02-10 00:40:34.183544,Toronto-8333,17,99,Normal
2026-02-10 00:40:35.183544,Toronto-8333,3,4,Normal
2026-02-10 00:40:36.183544,Toronto-8333,24,38,Normal
2026-02-10 00:40:37.183544,Toronto-8333,17,62,Normal
2026-02-10 00:40:38.183544,Toronto-8333,3,38,Normal
2026-02-10 00:40:39.183544,Toronto-8333,47,68,Normal
2026-02-10 00:40:40.183544,Toronto-8333,-8,100,Normal
2026-02-10 00:40:41.183544,Toronto-8333,17,74,Normal
2026-02-10 00:40:42.183544,Toronto-8333,33,47,Normal
2026-02-10 00:40:43.183544,Toronto-8333,7,19,Normal
2026-02-10 00:40:44.183544,Toronto-8333,24,44,Normal
2026-02-10 00:40:45.183544,Toronto-8333,37,4,Normal
2026-02-10 00:40:46.183544,Toronto-8333,11,37,Normal
2026-02-10 00:40:47.183544,Toronto-8333,42,17,Normal
2026-02-10 00:40:48.183544,Toronto-8333,-29,66,Normal
2026-02-10 00:40:49.183544,Toronto-8333,27,51,Normal
2026-02-10 00:40:50.183544,Toronto-8333,46,69,Normal
2026-02-10 00:40:51.183544,Toronto-8333,35,56,Normal
2026-02-10 00:40:52.183544,Toronto-8333,21,75,Normal
2026-02-10 00:40:53.183544,Toronto-8333,4,58,Normal
2026-02-10 00:40:54.183544,Toronto-8333,29,88,Normal
2026-02-10 00:40:55.183544,Toronto-8333,0,100,Normal
2026-02-10 00:40:56.183544,Toronto-8333,-19,98,Normal
2026-02-10 00:40:57.183544,Toronto-8333,-23,89,Normal
2026-02-10 00:40:58.183544,Toronto-8333,47,39,Normal
2026-02-10 00:40:59.183544,Toronto-8333,24,88,Normal
2026-02-10 00:41:00.183544,Toronto-8333,29,1,Normal
