timestamp,station_id,temp,humid,condition
2026-02-13 10:01:00.635424,Tokyo-d63c,22,8,Normal
2026-02-13 10:01:01.635424,Tokyo-d63c,42,15,Normal
2026-02-13 10:01:02.635424,Tokyo-d63c,-22,25,Normal
2026-02-13 10:01:03.635424,Tokyo-d63c,25,44,Normal
2026-02-13 10:01:04.635424,Tokyo-d63c,30,82,Normal
2026-02-13 10:01:05.635424,Tokyo-d63c,44,65,Normal
2026-02-13 10:01:06.635424,Tokyo-d63c,9,47,Normal
2026-02-13 10:01:07.635424,Tokyo-d63c,24,94,Normal
2026-02-13 10:01:08.635424,Tokyo-d63c,-28,56,Normal
2026-02-13 10:01:09.635424,Tokyo-d63c,-28,98,Normal
2026-02-13 10:01:10.635424,Tokyo-d63c,35,52,Normal
2026-02-13 10:01:11.635424,Tokyo-d63c,18,34,Normal
2026-02-13 10:01:12.635424,Tokyo-d63c,-4,72,Normal
2026-02-13 10:01:13.635424,Tokyo-d63c,-8,13,Normal
2026-02-13 10:01:14.635424,Tokyo-d63c,17,85,Normal
2026-02-13 10:01:15.635424,Tokyo-d63c,17,45,Normal
2026-02-13 10:01:16.635424,Tokyo-d63c,-7,21,Normal
2026-02-13 10:01:17.635424,Tokyo-d63c,34,90,Normal
2026-02-13 10:01:18.635424,Tokyo-d63c,12,78,Normal
2026-02-13 10:01:19.635424,Tokyo-d63c,47,13,Normal
2026-02-13 10:01:20.635424,Tokyo-d63c,31,35,Normal
2026-02-13 10:01:21.635424,Tokyo-d63c,50,66,Normal
2026-02-13 10:01:22.635424,Tokyo-d63c,15,83,Normal
2026-02-13 10:01:23.635424,Tokyo-d63c,21,67,Normal
2026-02-13 10:01:24.635424,Tokyo-d63c,-21,31,Normal
2026-02-13 10:01:25.635424,Tokyo-d63c,35,17,Normal
2026-02-13 10:01:26.635424,Tokyo-d63c,-20,94,Normal
2026-02-13 10:01:27.635424,Tokyo-d63c,-17,97,Normal
2026-02-13 10:01:28.635424,Tokyo-d63c,49,15,Normal
2026-02-13 10:01:29.635424,Tokyo-d63c,16,76,Normal
2026-02-13 10:01:30.635424,Tokyo-d63c,27,35,Normal
2026-02-13 10:01:31.635424,Tokyo-d63c,2,6,Normal
2026-02-13 10:01:32.635424,Tokyo-d63c,-20,49,Normal
2026-02-13 10:01:33.635424,Tokyo-d63c,-12,11,Normal
2026-02-13 10:01:34.635424,Tokyo-d63c,-29,79,Normal
2026-02-13 10:01:35.635424,Tokyo-d63c,-5,89,Normal
2026-02-13 10:01:36.635424,Tokyo-d63c,38,19,Normal
2026-02-13 10:01:37.635424,Tokyo-d63c,19,98,Normal
2026-02-13 10:01:38.635424,Tokyo-d63c,-11,93,Normal
2026-02-13 10:01:39.635424,Tokyo-d63c,49,100,Normal
2026-02-13 10:01:40.635424,Tokyo-d63c,-2,17,Normal
2026-02-13 10:01:41.635424,Tokyo-d63c,45,78,Normal
2026-02-13 10:01:42.635424,Tokyo-d63c,25,34,Normal
2026-02-13 10:01:43.635424,Tokyo-d63c,11,6,Normal
2026-02-13 10:01:44.635424,Tokyo-d63c,30,31,Normal
2026-02-13 10:01:45.635424,Tokyo-d63c,44,19,Normal
2026-02-13 10:01:46.635424,Tokyo-d63c,46,96,Normal
2026-02-13 10:01:47.635424,Tokyo-d63c,-8,41,Normal
2026-02-13 10:01:48.635424,Tokyo-d63c,-29,21,Normal
2026-02-13 10:01:49.635424,Tokyo-d63c,3,14,Normal
2026-02-13 10:01:50.635424,Tokyo-d63c,46,77,Normal
2026-02-13 10:01:51.635424,Tokyo-d63c,47,11,Normal
2026-02-13 10:01:52.635424,Tokyo-d63c,0,32,Normal
2026-02-13 10:01:53.635424,Tokyo-d63c,24,74,Normal
2026-02-13 10:01:54.635424,Tokyo-d63c,5,78,Normal
2026-02-13 10:01:55.635424,Tokyo-d63c,-17,82,Normal
2026-02-13 10:01:56.635424,Tokyo-d63c,15,19,Normal
2026-02-13 10:01:57.635424,Tokyo-d63c,19,58,Normal
2026-02-13 10:01:58.635424,Tokyo-d63c,-21,49,Normal
2026-02-13 10:01:59.635424,Tokyo-d63c,-30,98,Normal
2026-02-13 10:02:00.635424,Tokyo-d63c,-28,62,Normal
2026-02-13 10:02:01.635424,Tokyo-d63c,10,11,Normal
2026-02-13 10:02:02.635424,Tokyo-d63c,-13,3,Normal
2026-02-13 10:02:03.635424,Tokyo-d63c,-16,3,Normal
2026-02-13 10:02:04.635424,Tokyo-d63c,37,96,Normal
2026-02-13 10:02:05.635424,Tokyo-d63c,-26,63,Normal
2026-02-13 10:02:06.635424,Tokyo-d63c,5,54,Normal
2026-02-13 10:02:07.635424,Tokyo-d63c,-21,91,Normal
2026-02-13 10:02:08.635424,Tokyo-d63c,20,51,Normal
2026-02-13 10:02:09.635424,Tokyo-d63c,23,63,Normal
2026-02-13 10:02:10.635424,Tokyo-d63c,4,10,Normal
2026-02-13 10:02:11.635424,Tokyo-d63c,-15,9,Normal
2026-02-13 10:02:12.635424,Tokyo-d63c,17,94,Normal
2026-02-13 10:02:13.635424,Tokyo-d63c,10,16,Normal
2026-02-13 10:02:14.635424,Tokyo-d63c,-14,70,Normal
2026-02-13 10:02:15.635424,Tokyo-d63c,6,83,Normal
2026-02-13 10:02:16.635424,Tokyo-d63c,-8,91,Normal
2026-02-13 10:02:17.635424,Tokyo-d63c,12,75,Normal
2026-02-13 10:02:18.635424,Tokyo-d63c,42,37,Normal
2026-02-13 10:02:19.635424,Tokyo-d63c,48,49,Normal
2026-02-13 10:02:20.635424,Tokyo-d63c,12,29,Normal
2026-02-13 10:02:21.635424,Tokyo-d63c,3,79,Normal
2026-02-13 10:02:22.635424,Tokyo-d63c,-11,95,Normal
2026-02-13 10:02:23.635424,Tokyo-d63c,-19,88,Normal
2026-02-13 10:02:24.635424,Tokyo-d63c,27,76,Normal
2026-02-13 10:02:25.635424,Tokyo-d63c,27,16,Normal
2026-02-13 10:02:26.635424,Tokyo-d63c,-3,44,Normal
2026-02-13 10:02:27.635424,Tokyo-d63c,30,72,Normal
2026-02-13 10:02:28.635424,Tokyo-d63c,34,65,Normal
2026-02-13 10:02:29.635424,Tokyo-d63c,-27,24,Normal
2026-02-13 10:02:30.635424,Tokyo-d63c,-26,32,Normal
2026-02-13 10:02:31.635424,Tokyo-d63c,6,65,Normal
2026-02-13 10:02:32.635424,Tokyo-d63c,-2,50,Normal
2026-02-13 10:02:33.635424,Tokyo-d63c,-13,50,Normal
2026-02-13 10:02:34.635424,Tokyo-d63c,-6,51,Normal
2026-02-13 10:02:35.635424,Tokyo-d63c,42,57,Normal
2026-02-13 10:02:36.635424,Tokyo-d63c,5,62,Normal
2026-02-13 10:02:37.635424,Tokyo-d63c,-19,7,Normal
2026-02-13 10:02:38.635424,Tokyo-d63c,-16,20,Normal
2026-02-13 10:02:39.635424,Tokyo-d63c,12,63,Normal
2026-02-13 10:02:40.635424,Tokyo-d63c,-7,100,Normal
2026-02-13 10:02:41.635424,Tokyo-d63c,5,16,Normal
2026-02-13 10:02:42.635424,Tokyo-d63c,14,50,Normal
2026-02-13 10:02:43.635424,Tokyo-d63c,21,76,Normal
2026-02-13 10:02:44.635424,Tokyo-d63c,5,87,Normal
2026-02-13 10:02:45.635424,Tokyo-d63c,-23,73,Normal
2026-02-13 10:02:46.635424,Tokyo-d63c,41,58,Normal
2026-02-13 10:02:47.635424,Tokyo-d63c,33,32,Normal
2026-02-13 10:02:48.635424,Tokyo-d63c,-10,5,Normal
2026-02-13 10:02:49.635424,Tokyo-d63c,6,49,Normal
2026-02-13 10:02:50.635424,Tokyo-d63c,5,59,Normal
2026-02-13 10:02:51.635424,Tokyo-d63c,-5,92,Normal
2026-02-13 10:02:52.635424,Tokyo-d63c,20,82,Normal
2026-02-13 10:02:53.635424,Tokyo-d63c,37,74,Normal
2026-02-13 10:02:54.635424,Tokyo-d63c,19,91,Normal
2026-02-13 10:02:55.635424,Tokyo-d63c,23,10,Normal
2026-02-13 10:02:56.635424,Tokyo-d63c,37,99,Normal
2026-02-13 10:02:57.635424,Tokyo-d63c,-27,27,Normal
2026-02-13 10:02:58.635424,Tokyo-d63c,20,71,Normal
2026-02-13 10:02:59.635424,Tokyo-d63c,-11,38,Normal
2026-02-13 10:03:00.635424,Tokyo-d63c,35,99,Normal
2026-02-13 10:03:01.635424,Tokyo-d63c,38,42,Normal
2026-02-13 10:03:02.635424,Tokyo-d63c,19,47,Normal
2026-02-13 10:03:03.635424,Tokyo-d63c,23,20,Normal
2026-02-13 10:03:04.635424,Tokyo-d63c,47,0,Normal
2026-02-13 10:03:05.635424,Tokyo-d63c,-29,15,Normal
2026-02-13 10:03:06.635424,Tokyo-d63c,-27,70,Normal
2026-02-13 10:03:07.635424,Tokyo-d63c,9,24,Normal
2026-02-13 10:03:08.635424,Tokyo-d63c,25,52,Normal
2026-02-13 10:03:09.635424,Tokyo-d63c,-30,87,Normal
2026-02-13 10:03:10.635424,Tokyo-d63c,20,69,Normal
2026-02-13 10:03:11.635424,Tokyo-d63c,-25,22,Normal
2026-02-13 10:03:12.635424,Tokyo-d63c,6,16,Normal
2026-02-13 10:03:13.635424,Tokyo-d63c,39,89,Normal
2026-02-13 10:03:14.635424,Tokyo-d63c,11,79,Normal
2026-02-13 10:03:15.635424,Tokyo-d63c,21,77,Normal
2026-02-13 10:03:16.635424,Tokyo-d63c,31,64,Normal
2026-02-13 10:03:17.635424,Tokyo-d63c,-15,35,Normal
2026-02-13 10:03:18.635424,Tokyo-d63c,31,42,Normal
2026-02-13 10:03:19.635424,Tokyo-d63c,35,24,Normal
2026-02-13 10:03:20.635424,Tokyo-d63c,18,65,Normal
2026-02-13 10:03:21.635424,Tokyo-d63c,-1,70,Normal
2026-02-13 10:03:22.635424,Tokyo-d63c,-19,79,Normal
2026-02-13 10:03:23.635424,Tokyo-d63c,-4,78,Normal
2026-02-13 10:03:24.635424,Tokyo-d63c,-25,43,Normal
2026-02-13 10:03:25.635424,Tokyo-d63c,43,64,Normal
2026-02-13 10:03:26.635424,Tokyo-d63c,2,17,Normal
2026-02-13 10:03:27.635424,Tokyo-d63c,31,15,Normal
2026-02-13 10:03:28.635424,Tokyo-d63c,21,47,Normal
2026-02-13 10:03:29.635424,Tokyo-d63c,-30,72,Normal
2026-02-13 10:03:30.635424,Tokyo-d63c,3,19,Normal
2026-02-13 10:03:31.635424,Tokyo-d63c,35,32,Normal
2026-02-13 10:03:32.635424,Tokyo-d63c,30,89,Normal
2026-02-13 10:03:33.635424,Tokyo-d63c,-12,22,Normal
2026-02-13 10:03:34.635424,Tokyo-d63c,20,0,Normal
2026-02-13 10:03:35.635424,Tokyo-d63c,43,6,Normal
2026-02-13 10:03:36.635424,Tokyo-d63c,30,36,Normal
2026-02-13 10:03:37.635424,Tokyo-d63c,39,86,Normal
2026-02-13 10:03:38.635424,Tokyo-d63c,32,88,Normal
2026-02-13 10:03:39.635424,Tokyo-d63c,27,89,Normal
2026-02-13 10:03:40.635424,Tokyo-d63c,-24,86,Normal
2026-02-13 10:03:41.635424,Tokyo-d63c,-17,82,Normal
2026-02-13 10:03:42.635424,Tokyo-d63c,-28,4,Normal
2026-02-13 10:03:43.635424,Tokyo-d63c,36,9,Normal
2026-02-13 10:03:44.635424,Tokyo-d63c,8,93,Normal
2026-02-13 10:03:45.635424,Tokyo-d63c,-2,2,Normal
2026-02-13 10:03:46.635424,Tokyo-d63c,16,44,Normal
2026-02-13 10:03:47.635424,Tokyo-d63c,5,20,Normal
2026-02-13 10:03:48.635424,Tokyo-d63c,50,75,Normal
2026-02-13 10:03:49.635424,Tokyo-d63c,-25,70,Normal
2026-02-13 10:03:50.635424,Tokyo-d63c,50,51,Normal
2026-02-13 10:03:51.635424,Tokyo-d63c,-5,66,Normal
2026-02-13 10:03:52.635424,Tokyo-d63c,31,86,Normal
2026-02-13 10:03:53.635424,Tokyo-d63c,-29,95,Normal
2026-02-13 10:03:54.635424,Tokyo-d63c,-9,75,Normal
2026-02-13 10:03:55.635424,Tokyo-d63c,-25,83,Normal
2026-02-13 10:03:56.635424,Tokyo-d63c,23,20,Normal
2026-02-13 10:03:57.635424,Tokyo-d63c,-26,17,Normal
2026-02-13 10:03:58.635424,Tokyo-d63c,31,92,Normal
2026-02-13 10:03:59.635424,Tokyo-d63c,17,0,Normal
2026-02-13 10:04:00.635424,Tokyo-d63c,21,96,Normal
2026-02-13 10:04:01.635424,Tokyo-d63c,33,100,Normal
2026-02-13 10:04:02.635424,Tokyo-d63c,-27,79,Normal
2026-02-13 10:04:03.635424,Tokyo-d63c,49,61,Normal
2026-02-13 10:04:04.635424,Tokyo-d63c,-3,44,Normal
2026-02-13 10:04:05.635424,Tokyo-d63c,12,89,Normal
2026-02-13 10:04:06.635424,Tokyo-d63c,12,100,Normal
2026-02-13 10:04:07.635424,Tokyo-d63c,14,26,Normal
2026-02-13 10:04:08.635424,Tokyo-d63c,-13,16,Normal
2026-02-13 10:04:09.635424,Tokyo-d63c,30,52,Normal
2026-02-13 10:04:10.635424,Tokyo-d63c,49,47,Normal
2026-02-13 10:04:11.635424,Tokyo-d63c,20,72,Normal
2026-02-13 10:04:12.635424,Tokyo-d63c,-25,28,Normal
2026-02-13 10:04:13.635424,Tokyo-d63c,-7,42,Normal
2026-02-13 10:04:14.635424,Tokyo-d63c,9,19,Normal
2026-02-13 10:04:15.635424,Tokyo-d63c,12,10,Normal
2026-02-13 10:04:16.635424,Tokyo-d63c,20,45,Normal
2026-02-13 10:04:17.635424,Tokyo-d63c,28,21,Normal
2026-02-13 10:04:18.635424,Tokyo-d63c,5,73,Normal
2026-02-13 10:04:19.635424,Tokyo-d63c,45,3,Normal
2026-02-13 10:04:20.635424,Tokyo-d63c,-2,24,Normal
2026-02-13 10:04:21.635424,Tokyo-d63c,4,25,Normal
2026-02-13 10:04:22.635424,Tokyo-d63c,36,53,Normal
2026-02-13 10:04:23.635424,Tokyo-d63c,-12,23,Normal
2026-02-13 10:04:24.635424,Tokyo-d63c,49,52,Normal
2026-02-13 10:04:25.635424,Tokyo-d63c,21,39,Normal
2026-02-13 10:04:26.635424,Tokyo-d63c,34,28,Normal
2026-02-13 10:04:27.635424,Tokyo-d63c,42,64,Normal
2026-02-13 10:04:28.635424,Tokyo-d63c,-3,44,Normal
2026-02-13 10:04:29.635424,Tokyo-d63c,2,9,Normal
2026-02-13 10:04:30.635424,Tokyo-d63c,42,42,Normal
2026-02-13 10:04:31.635424,Tokyo-d63c,29,96,Normal
2026-02-13 10:04:32.635424,Tokyo-d63c,9,60,Normal
2026-02-13 10:04:33.635424,Tokyo-d63c,22,69,Normal
2026-02-13 10:04:34.635424,Tokyo-d63c,-16,90,Normal
2026-02-13 10:04:35.635424,Tokyo-d63c,-27,17,Normal
2026-02-13 10:04:36.635424,Tokyo-d63c,17,34,Normal
2026-02-13 10:04:37.635424,Tokyo-d63c,25,3,Normal
2026-02-13 10:04:38.635424,Tokyo-d63c,2,82,Normal
2026-02-13 10:04:39.635424,Tokyo-d63c,-7,4,Normal
2026-02-13 10:04:40.635424,Tokyo-d63c,-22,57,Normal
2026-02-13 10:04:41.635424,Tokyo-d63c,15,42,Normal
2026-02-13 10:04:42.635424,Tokyo-d63c,-23,67,Normal
2026-02-13 10:04:43.635424,Tokyo-d63c,-24,16,Normal
2026-02-13 10:04:44.635424,Tokyo-d63c,36,87,Normal
2026-02-13 10:04:45.635424,Tokyo-d63c,-1,24,Normal
2026-02-13 10:04:46.635424,Tokyo-d63c,7,6,Normal
2026-02-13 10:04:47.635424,Tokyo-d63c,-6,28,Normal
2026-02-13 10:04:48.635424,Tokyo-d63c,-4,92,Normal
2026-02-13 10:04:49.635424,Tokyo-d63c,-1,13,Normal
2026-02-13 10:04:50.635424,Tokyo-d63c,5,35,Normal
2026-02-13 10:04:51.635424,Tokyo-d63c,-22,19,Normal
2026-02-13 10:04:52.635424,Tokyo-d63c,-28,76,Normal
2026-02-13 10:04:53.635424,Tokyo-d63c,33,69,Normal
2026-02-13 10:04:54.635424,Tokyo-d63c,-14,27,Normal
2026-02-13 10:04:55.635424,Tokyo-d63c,32,10,Normal
2026-02-13 10:04:56.635424,Tokyo-d63c,-2,7,Normal
2026-02-13 10:04:57.635424,Tokyo-d63c,11,25,Normal
2026-02-13 10:04:58.635424,Tokyo-d63c,42,28,Normal
2026-02-13 10:04:59.635424,Tokyo-d63c,-17,56,Normal
2026-02-13 10:05:00.635424,Tokyo-d63c,32,83,Normal
2026-02-13 10:05:01.635424,Tokyo-d63c,-17,85,Normal
2026-02-13 10:05:02.635424,Tokyo-d63c,20,11,Normal
2026-02-13 10:05:03.635424,Tokyo-d63c,26,64,Normal
2026-02-13 10:05:04.635424,Tokyo-d63c,17,21,Normal
2026-02-13 10:05:05.635424,Tokyo-d63c,-2,15,Normal
2026-02-13 10:05:06.635424,Tokyo-d63c,-3,94,Normal
2026-02-13 10:05:07.635424,Tokyo-d63c,-9,64,Normal
2026-02-13 10:05:08.635424,Tokyo-d63c,-17,26,Normal
2026-02-13 10:05:09.635424,Tokyo-d63c,-5,99,Normal
2026-02-13 10:05:10.635424,Tokyo-d63c,48,35,Normal
2026-02-13 10:05:11.635424,Tokyo-d63c,20,86,Normal
2026-02-13 10:05:12.635424,Tokyo-d63c,-26,60,Normal
2026-02-13 10:05:13.635424,Tokyo-d63c,3,30,Normal
2026-02-13 10:05:14.635424,Tokyo-d63c,3,27,Normal
2026-02-13 10:05:15.635424,Tokyo-d63c,47,62,Normal
2026-02-13 10:05:16.635424,Tokyo-d63c,-27,57,Normal
2026-02-13 10:05:17.635424,Tokyo-d63c,25,16,Normal
2026-02-13 10:05:18.635424,Tokyo-d63c,47,11,Normal
2026-02-13 10:05:19.635424,Tokyo-d63c,-29,35,Normal
2026-02-13 10:05:20.635424,Tokyo-d63c,13,59,Normal
2026-02-13 10:05:21.635424,Tokyo-d63c,42,37,Normal
2026-02-13 10:05:22.635424,Tokyo-d63c,29,62,Normal
2026-02-13 10:05:23.635424,Tokyo-d63c,-22,79,Normal
2026-02-13 10:05:24.635424,Tokyo-d63c,1,66,Normal
2026-02-13 10:05:25.635424,Tokyo-d63c,40,51,Normal
2026-02-13 10:05:26.635424,Tokyo-d63c,42,1,Normal
2026-02-13 10:05:27.635424,Tokyo-d63c,10,2,Normal
2026-02-13 10:05:28.635424,Tokyo-d63c,-20,79,Normal
2026-02-13 10:05:29.635424,Tokyo-d63c,46,45,Normal
2026-02-13 10:05:30.635424,Tokyo-d63c,0,49,Normal
2026-02-13 10:05:31.635424,Tokyo-d63c,18,74,Normal
2026-02-13 10:05:32.635424,Tokyo-d63c,1,66,Normal
2026-02-13 10:05:33.635424,Tokyo-d63c,9,60,Normal
2026-02-13 10:05:34.635424,Tokyo-d63c,25,49,Normal
2026-02-13 10:05:35.635424,Tokyo-d63c,-21,31,Normal
2026-02-13 10:05:36.635424,Tokyo-d63c,39,50,Normal
2026-02-13 10:05:37.635424,Tokyo-d63c,30,83,Normal
2026-02-13 10:05:38.635424,Tokyo-d63c,-18,48,Normal
2026-02-13 10:05:39.635424,Tokyo-d63c,21,52,Normal
2026-02-13 10:05:40.635424,Tokyo-d63c,38,33,Normal
2026-02-13 10:05:41.635424,Tokyo-d63c,33,71,Normal
2026-02-13 10:05:42.635424,Tokyo-d63c,-9,9,Normal
2026-02-13 10:05:43.635424,Tokyo-d63c,7,74,Normal
2026-02-13 10:05:44.635424,Tokyo-d63c,-13,45,Normal
2026-02-13 10:05:45.635424,Tokyo-d63c,49,43,Normal
2026-02-13 10:05:46.635424,Tokyo-d63c,30,96,Normal
2026-02-13 10:05:47.635424,Tokyo-d63c,21,54,Normal
2026-02-13 10:05:48.635424,Tokyo-d63c,17,73,Normal
2026-02-13 10:05:49.635424,Tokyo-d63c,21,79,Normal
2026-02-13 10:05:50.635424,Tokyo-d63c,39,18,Normal
2026-02-13 10:05:51.635424,Tokyo-d63c,50,90,Normal
2026-02-13 10:05:52.635424,Tokyo-d63c,30,35,Normal
2026-02-13 10:05:53.635424,Tokyo-d63c,16,24,Normal
2026-02-13 10:05:54.635424,Tokyo-d63c,18,99,Normal
2026-02-13 10:05:55.635424,Tokyo-d63c,45,68,Normal
2026-02-13 10:05:56.635424,Tokyo-d63c,-2,30,Normal
2026-02-13 10:05:57.635424,Tokyo-d63c,-9,4,Normal
2026-02-13 10:05:58.635424,Tokyo-d63c,8,35,Normal
2026-02-13 10:05:59.635424,Tokyo-d63c,47,57,Normal
2026-02-13 10:06:00.635424,Tokyo-d63c,-20,68,Normal
2026-02-13 10:06:01.635424,Tokyo-d63c,-7,56,Normal
2026-02-13 10:06:02.635424,Tokyo-d63c,34,52,Normal
2026-02-13 10:06:03.635424,Tokyo-d63c,26,17,Normal
2026-02-13 10:06:04.635424,Tokyo-d63c,42,46,Normal
2026-02-13 10:06:05.635424,Tokyo-d63c,27,17,Normal
2026-02-13 10:06:06.635424,Tokyo-d63c,17,86,Normal
2026-02-13 10:06:07.635424,Tokyo-d63c,-19,90,Normal
2026-02-13 10:06:08.635424,Tokyo-d63c,10,42,Normal
2026-02-13 10:06:09.635424,Tokyo-d63c,-25,59,Normal
2026-02-13 10:06:10.635424,Tokyo-d63c,-24,21,Normal
2026-02-13 10:06:11.635424,Tokyo-d63c,39,79,Normal
2026-02-13 10:06:12.635424,Tokyo-d63c,4,72,Normal
2026-02-13 10:06:13.635424,Tokyo-d63c,11,28,Normal
2026-02-13 10:06:14.635424,Tokyo-d63c,2,100,Normal
2026-02-13 10:06:15.635424,Tokyo-d63c,-9,99,Normal
2026-02-13 10:06:16.635424,Tokyo-d63c,-5,46,Normal
2026-02-13 10:06:17.635424,Tokyo-d63c,37,52,Normal
2026-02-13 10:06:18.635424,Tokyo-d63c,-23,20,Normal
2026-02-13 10:06:19.635424,Tokyo-d63c,7,69,Normal
2026-02-13 10:06:20.635424,Tokyo-d63c,48,7,Normal
2026-02-13 10:06:21.635424,Tokyo-d63c,-22,84,Normal
2026-02-13 10:06:22.635424,Tokyo-d63c,27,77,Normal
2026-02-13 10:06:23.635424,Tokyo-d63c,36,93,Normal
2026-02-13 10:06:24.635424,Tokyo-d63c,25,97,Normal
2026-02-13 10:06:25.635424,Tokyo-d63c,-24,66,Normal
2026-02-13 10:06:26.635424,Tokyo-d63c,35,27,Normal
2026-02-13 10:06:27.635424,Tokyo-d63c,28,42,Normal
2026-02-13 10:06:28.635424,Tokyo-d63c,-30,6,Normal
2026-02-13 10:06:29.635424,Tokyo-d63c,37,71,Normal
2026-02-13 10:06:30.635424,Tokyo-d63c,-5,6,Normal
2026-02-13 10:06:31.635424,Tokyo-d63c,2,69,Normal
2026-02-13 10:06:32.635424,Tokyo-d63c,31,41,Normal
2026-02-13 10:06:33.635424,Tokyo-d63c,39,13,Normal
2026-02-13 10:06:34.635424,Tokyo-d63c,20,55,Normal
2026-02-13 10:06:35.635424,Tokyo-d63c,6,16,Normal
2026-02-13 10:06:36.635424,Tokyo-d63c,38,29,Normal
2026-02-13 10:06:37.635424,Tokyo-d63c,-20,59,Normal
2026-02-13 10:06:38.635424,Tokyo-d63c,18,44,Normal
2026-02-13 10:06:39.635424,Tokyo-d63c,-1,61,Normal
2026-02-13 10:06:40.635424,Tokyo-d63c,-3,31,Normal
2026-02-13 10:06:41.635424,Tokyo-d63c,-5,68,Normal
2026-02-13 10:06:42.635424,Tokyo-d63c,-29,38,Normal
2026-02-13 10:06:43.635424,Tokyo-d63c,-25,90,Normal
2026-02-13 10:06:44.635424,Tokyo-d63c,-3,65,Normal
2026-02-13 10:06:45.635424,Tokyo-d63c,34,12,Normal
2026-02-13 10:06:46.635424,Tokyo-d63c,-16,81,Normal
2026-02-13 10:06:47.635424,Tokyo-d63c,29,76,Normal
2026-02-13 10:06:48.635424,Tokyo-d63c,49,41,Normal
2026-02-13 10:06:49.635424,Tokyo-d63c,-11,22,Normal
2026-02-13 10:06:50.635424,Tokyo-d63c,22,97,Normal
2026-02-13 10:06:51.635424,Tokyo-d63c,-23,69,Normal
2026-02-13 10:06:52.635424,Tokyo-d63c,39,56,Normal
2026-02-13 10:06:53.635424,Tokyo-d63c,-7,31,Normal
2026-02-13 10:06:54.635424,Tokyo-d63c,42,65,Normal
2026-02-13 10:06:55.635424,Tokyo-d63c,7,88,Normal
2026-02-13 10:06:56.635424,Tokyo-d63c,45,45,Normal
2026-02-13 10:06:57.635424,Tokyo-d63c,9,56,Normal
2026-02-13 10:06:58.635424,Tokyo-d63c,37,31,Normal
2026-02-13 10:06:59.635424,Tokyo-d63c,-12,52,Normal
2026-02-13 10:07:00.635424,Tokyo-d63c,13,1,Normal
2026-02-13 10:07:01.635424,Tokyo-d63c,-11,89,Normal
2026-02-13 10:07:02.635424,Tokyo-d63c,2,16,Normal
2026-02-13 10:07:03.635424,Tokyo-d63c,14,52,Normal
2026-02-13 10:07:04.635424,Tokyo-d63c,29,46,Normal
2026-02-13 10:07:05.635424,Tokyo-d63c,-20,59,Normal
2026-02-13 10:07:06.635424,Tokyo-d63c,16,43,Normal
2026-02-13 10:07:07.635424,Tokyo-d63c,44,90,Normal
2026-02-13 10:07:08.635424,Tokyo-d63c,-20,66,Normal
2026-02-13 10:07:09.635424,Tokyo-d63c,25,86,Normal
2026-02-13 10:07:10.635424,Tokyo-d63c,2,70,Normal
2026-02-13 10:07:11.635424,Tokyo-d63c,-3,46,Normal
2026-02-13 10:07:12.635424,Tokyo-d63c,28,28,Normal
2026-02-13 10:07:13.635424,Tokyo-d63c,-17,46,Normal
2026-02-13 10:07:14.635424,Tokyo-d63c,-10,12,Normal
2026-02-13 10:07:15.635424,Tokyo-d63c,45,65,Normal
2026-02-13 10:07:16.635424,Tokyo-d63c,2,100,Normal
2026-02-13 10:07:17.635424,Tokyo-d63c,34,92,Normal
2026-02-13 10:07:18.635424,Tokyo-d63c,-8,96,Normal
2026-02-13 10:07:19.635424,Tokyo-d63c,27,32,Normal
2026-02-13 10:07:20.635424,Tokyo-d63c,26,85,Normal
2026-02-13 10:07:21.635424,Tokyo-d63c,30,28,Normal
2026-02-13 10:07:22.635424,Tokyo-d63c,-10,90,Normal
2026-02-13 10:07:23.635424,Tokyo-d63c,3,7,Normal
2026-02-13 10:07:24.635424,Tokyo-d63c,-20,32,Normal
2026-02-13 10:07:25.635424,Tokyo-d63c,0,18,Normal
2026-02-13 10:07:26.635424,Tokyo-d63c,26,14,Normal
2026-02-13 10:07:27.635424,Tokyo-d63c,-18,46,Normal
2026-02-13 10:07:28.635424,Tokyo-d63c,44,84,Normal
2026-02-13 10:07:29.635424,Tokyo-d63c,36,6,Normal
2026-02-13 10:07:30.635424,Tokyo-d63c,34,26,Normal
2026-02-13 10:07:31.635424,Tokyo-d63c,-28,95,Normal
2026-02-13 10:07:32.635424,Tokyo-d63c,-3,34,Normal
2026-02-13 10:07:33.635424,Tokyo-d63c,0,62,Normal
2026-02-13 10:07:34.635424,Tokyo-d63c,14,43,Normal
2026-02-13 10:07:35.635424,Tokyo-d63c,-15,6,Normal
2026-02-13 10:07:36.635424,Tokyo-d63c,48,39,Normal
2026-02-13 10:07:37.635424,Tokyo-d63c,36,35,Normal
2026-02-13 10:07:38.635424,Tokyo-d63c,34,51,Normal
2026-02-13 10:07:39.635424,Tokyo-d63c,36,10,Normal
2026-02-13 10:07:40.635424,Tokyo-d63c,46,23,Normal
2026-02-13 10:07:41.635424,Tokyo-d63c,45,94,Normal
2026-02-13 10:07:42.635424,Tokyo-d63c,41,21,Normal
2026-02-13 10:07:43.635424,Tokyo-d63c,-16,18,Normal
2026-02-13 10:07:44.635424,Tokyo-d63c,42,87,Normal
2026-02-13 10:07:45.635424,Tokyo-d63c,-10,34,Normal
2026-02-13 10:07:46.635424,Tokyo-d63c,40,47,Normal
2026-02-13 10:07:47.635424,Tokyo-d63c,-11,57,Normal
2026-02-13 10:07:48.635424,Tokyo-d63c,-2,54,Normal
2026-02-13 10:07:49.635424,Tokyo-d63c,1,63,Normal
2026-02-13 10:07:50.635424,Tokyo-d63c,-27,14,Normal
2026-02-13 10:07:51.635424,Tokyo-d63c,45,18,Normal
2026-02-13 10:07:52.635424,Tokyo-d63c,21,25,Normal
2026-02-13 10:07:53.635424,Tokyo-d63c,31,95,Normal
2026-02-13 10:07:54.635424,Tokyo-d63c,-25,50,Normal
2026-02-13 10:07:55.635424,Tokyo-d63c,20,70,Normal
2026-02-13 10:07:56.635424,Tokyo-d63c,26,67,Normal
2026-02-13 10:07:57.635424,Tokyo-d63c,-17,67,Normal
2026-02-13 10:07:58.635424,Tokyo-d63c,-23,78,Normal
2026-02-13 10:07:59.635424,Tokyo-d63c,1,58,Normal
2026-02-13 10:08:00.635424,Tokyo-d63c,-15,35,Normal
2026-02-13 10:08:01.635424,Tokyo-d63c,18,31,Normal
2026-02-13 10:08:02.635424,Tokyo-d63c,20,36,Normal
2026-02-13 10:08:03.635424,Tokyo-d63c,-23,33,Normal
2026-02-13 10:08:04.635424,Tokyo-d63c,49,46,Normal
2026-02-13 10:08:05.635424,Tokyo-d63c,-7,35,Normal
2026-02-13 10:08:06.635424,Tokyo-d63c,-3,17,Normal
2026-02-13 10:08:07.635424,Tokyo-d63c,29,45,Normal
2026-02-13 10:08:08.635424,Tokyo-d63c,20,96,Normal
2026-02-13 10:08:09.635424,Tokyo-d63c,17,49,Normal
2026-02-13 10:08:10.635424,Tokyo-d63c,9,78,Normal
2026-02-13 10:08:11.635424,Tokyo-d63c,35,28,Normal
2026-02-13 10:08:12.635424,Tokyo-d63c,32,32,Normal
2026-02-13 10:08:13.635424,Tokyo-d63c,34,58,Normal
2026-02-13 10:08:14.635424,Tokyo-d63c,25,14,Normal
2026-02-13 10:08:15.635424,Tokyo-d63c,6,44,Normal
2026-02-13 10:08:16.635424,Tokyo-d63c,35,80,Normal
2026-02-13 10:08:17.635424,Tokyo-d63c,-11,10,Normal
2026-02-13 10:08:18.635424,Tokyo-d63c,26,14,Normal
2026-02-13 10:08:19.635424,Tokyo-d63c,42,91,Normal
2026-02-13 10:08:20.635424,Tokyo-d63c,-24,31,Normal
2026-02-13 10:08:21.635424,Tokyo-d63c,22,84,Normal
2026-02-13 10:08:22.635424,Tokyo-d63c,-6,82,Normal
2026-02-13 10:08:23.635424,Tokyo-d63c,-2,73,Normal
2026-02-13 10:08:24.635424,Tokyo-d63c,0,64,Normal
2026-02-13 10:08:25.635424,Tokyo-d63c,15,84,Normal
2026-02-13 10:08:26.635424,Tokyo-d63c,-28,40,Normal
2026-02-13 10:08:27.635424,Tokyo-d63c,34,90,Normal
2026-02-13 10:08:28.635424,Tokyo-d63c,2,66,Normal
2026-02-13 10:08:29.635424,Tokyo-d63c,5,24,Normal
2026-02-13 10:08:30.635424,Tokyo-d63c,10,58,Normal
2026-02-13 10:08:31.635424,Tokyo-d63c,41,62,Normal
2026-02-13 10:08:32.635424,Tokyo-d63c,28,28,Normal
2026-02-13 10:08:33.635424,Tokyo-d63c,10,42,Normal
2026-02-13 10:08:34.635424,Tokyo-d63c,-8,88,Normal
2026-02-13 10:08:35.635424,Tokyo-d63c,42,41,Normal
2026-02-13 10:08:36.635424,Tokyo-d63c,40,92,Normal
2026-02-13 10:08:37.635424,Tokyo-d63c,-2,64,Normal
2026-02-13 10:08:38.635424,Tokyo-d63c,44,96,Normal
2026-02-13 10:08:39.635424,Tokyo-d63c,29,18,Normal
2026-02-13 10:08:40.635424,Tokyo-d63c,34,26,Normal
2026-02-13 10:08:41.635424,Tokyo-d63c,46,28,Normal
2026-02-13 10:08:42.635424,Tokyo-d63c,-22,85,Normal
2026-02-13 10:08:43.635424,Tokyo-d63c,22,64,Normal
2026-02-13 10:08:44.635424,Tokyo-d63c,32,14,Normal
2026-02-13 10:08:45.635424,Tokyo-d63c,37,64,Normal
2026-02-13 10:08:46.635424,Tokyo-d63c,-9,96,Normal
2026-02-13 10:08:47.635424,Tokyo-d63c,6,77,Normal
2026-02-13 10:08:48.635424,Tokyo-d63c,29,72,Normal
2026-02-13 10:08:49.635424,Tokyo-d63c,-18,82,Normal
2026-02-13 10:08:50.635424,Tokyo-d63c,0,49,Normal
2026-02-13 10:08:51.635424,Tokyo-d63c,15,91,Normal
2026-02-13 10:08:52.635424,Tokyo-d63c,-26,15,Normal
2026-02-13 10:08:53.635424,Tokyo-d63c,-9,83,Normal
2026-02-13 10:08:54.635424,Tokyo-d63c,-4,58,Normal
2026-02-13 10:08:55.635424,Tokyo-d63c,15,51,Normal
2026-02-13 10:08:56.635424,Tokyo-d63c,-17,47,Normal
2026-02-13 10:08:57.635424,Tokyo-d63c,45,71,Normal
2026-02-13 10:08:58.635424,Tokyo-d63c,-21,67,Normal
2026-02-13 10:08:59.635424,Tokyo-d63c,-9,99,Normal
2026-02-13 10:09:00.635424,Tokyo-d63c,-19,2,Normal
2026-02-13 10:09:01.635424,Tokyo-d63c,23,83,Normal
2026-02-13 10:09:02.635424,Tokyo-d63c,29,11,Normal
2026-02-13 10:09:03.635424,Tokyo-d63c,29,98,Normal
2026-02-13 10:09:04.635424,Tokyo-d63c,-4,65,Normal
2026-02-13 10:09:05.635424,Tokyo-d63c,27,26,Normal
2026-02-13 10:09:06.635424,Tokyo-d63c,50,24,Normal
2026-02-13 10:09:07.635424,Tokyo-d63c,-22,72,Normal
2026-02-13 10:09:08.635424,Tokyo-d63c,19,29,Normal
2026-02-13 10:09:09.635424,Tokyo-d63c,44,95,Normal
2026-02-13 10:09:10.635424,Tokyo-d63c,48,81,Normal
2026-02-13 10:09:11.635424,Tokyo-d63c,-23,3,Normal
2026-02-13 10:09:12.635424,Tokyo-d63c,47,88,Normal
2026-02-13 10:09:13.635424,Tokyo-d63c,3,75,Normal
2026-02-13 10:09:14.635424,Tokyo-d63c,47,86,Normal
2026-02-13 10:09:15.635424,Tokyo-d63c,-28,60,Normal
2026-02-13 10:09:16.635424,Tokyo-d63c,11,13,Normal
2026-02-13 10:09:17.635424,Tokyo-d63c,37,51,Normal
2026-02-13 10:09:18.635424,Tokyo-d63c,39,14,Normal
2026-02-13 10:09:19.635424,Tokyo-d63c,41,99,Normal
2026-02-13 10:09:20.635424,Tokyo-d63c,-16,61,Normal
2026-02-13 10:09:21.635424,Tokyo-d63c,23,30,Normal
2026-02-13 10:09:22.635424,Tokyo-d63c,-24,34,Normal
2026-02-13 10:09:23.635424,Tokyo-d63c,28,79,Normal
2026-02-13 10:09:24.635424,Tokyo-d63c,50,64,Normal
2026-02-13 10:09:25.635424,Tokyo-d63c,3,60,Normal
2026-02-13 10:09:26.635424,Tokyo-d63c,-5,51,Normal
2026-02-13 10:09:27.635424,Tokyo-d63c,44,87,Normal
2026-02-13 10:09:28.635424,Tokyo-d63c,3,67,Normal
2026-02-13 10:09:29.635424,Tokyo-d63c,-21,82,Normal
2026-02-13 10:09:30.635424,Tokyo-d63c,-1,62,Normal
2026-02-13 10:09:31.635424,Tokyo-d63c,-21,47,Normal
2026-02-13 10:09:32.635424,Tokyo-d63c,37,65,Normal
2026-02-13 10:09:33.635424,Tokyo-d63c,39,83,Normal
2026-02-13 10:09:34.635424,Tokyo-d63c,-11,16,Normal
2026-02-13 10:09:35.635424,Tokyo-d63c,-28,94,Normal
2026-02-13 10:09:36.635424,Tokyo-d63c,-15,12,Normal
2026-02-13 10:09:37.635424,Tokyo-d63c,30,46,Normal
2026-02-13 10:09:38.635424,Tokyo-d63c,1,49,Normal
2026-02-13 10:09:39.635424,Tokyo-d63c,-19,46,Normal
2026-02-13 10:09:40.635424,Tokyo-d63c,15,63,Normal
2026-02-13 10:09:41.635424,Tokyo-d63c,0,5,Normal
2026-02-13 10:09:42.635424,Tokyo-d63c,39,97,Normal
2026-02-13 10:09:43.635424,Tokyo-d63c,30,56,Normal
2026-02-13 10:09:44.635424,Tokyo-d63c,46,34,Normal
2026-02-13 10:09:45.635424,Tokyo-d63c,-29,3,Normal
2026-02-13 10:09:46.635424,Tokyo-d63c,13,71,Normal
2026-02-13 10:09:47.635424,Tokyo-d63c,28,50,Normal
2026-02-13 10:09:48.635424,Tokyo-d63c,41,11,Normal
2026-02-13 10:09:49.635424,Tokyo-d63c,-25,90,Normal
2026-02-13 10:09:50.635424,Tokyo-d63c,41,60,Normal
2026-02-13 10:09:51.635424,Tokyo-d63c,13,2,Normal
2026-02-13 10:09:52.635424,Tokyo-d63c,-12,12,Normal
2026-02-13 10:09:53.635424,Tokyo-d63c,-22,48,Normal
2026-02-13 10:09:54.635424,Tokyo-d63c,15,84,Normal
2026-02-13 10:09:55.635424,Tokyo-d63c,16,64,Normal
2026-02-13 10:09:56.635424,Tokyo-d63c,-24,24,Normal
2026-02-13 10:09:57.635424,Tokyo-d63c,50,73,Normal
2026-02-13 10:09:58.635424,Tokyo-d63c,-28,35,Normal
2026-02-13 10:09:59.635424,Tokyo-d63c,2,46,Normal
2026-02-13 10:10:00.635424,Tokyo-d63c,-6,25,Normal
2026-02-13 10:10:01.635424,Tokyo-d63c,20,38,Normal
2026-02-13 10:10:02.635424,Tokyo-d63c,0,56,Normal
2026-02-13 10:10:03.635424,Tokyo-d63c,-30,78,Normal
2026-02-13 10:10:04.635424,Tokyo-d63c,3,2,Normal
2026-02-13 10:10:05.635424,Tokyo-d63c,15,69,Normal
2026-02-13 10:10:06.635424,Tokyo-d63c,-12,69,Normal
2026-02-13 10:10:07.635424,Tokyo-d63c,33,13,Normal
2026-02-13 10:10:08.635424,Tokyo-d63c,3,98,Normal
2026-02-13 10:10:09.635424,Tokyo-d63c,43,85,Normal
2026-02-13 10:10:10.635424,Tokyo-d63c,-1,26,Normal
2026-02-13 10:10:11.635424,Tokyo-d63c,-3,0,Normal
2026-02-13 10:10:12.635424,Tokyo-d63c,9,55,Normal
2026-02-13 10:10:13.635424,Tokyo-d63c,33,38,Normal
2026-02-13 10:10:14.635424,Tokyo-d63c,-3,26,Normal
2026-02-13 10:10:15.635424,Tokyo-d63c,-21,56,Normal
2026-02-13 10:10:16.635424,Tokyo-d63c,44,14,Normal
2026-02-13 10:10:17.635424,Tokyo-d63c,36,52,Normal
2026-02-13 10:10:18.635424,Tokyo-d63c,11,3,Normal
2026-02-13 10:10:19.635424,Tokyo-d63c,36,52,Normal
2026-02-13 10:10:20.635424,Tokyo-d63c,-5,45,Normal
2026-02-13 10:10:21.635424,Tokyo-d63c,28,91,Normal
2026-02-13 10:10:22.635424,Tokyo-d63c,4,53,Normal
2026-02-13 10:10:23.635424,Tokyo-d63c,-8,93,Normal
2026-02-13 10:10:24.635424,Tokyo-d63c,-28,82,Normal
2026-02-13 10:10:25.635424,Tokyo-d63c,11,3,Normal
2026-02-13 10:10:26.635424,Tokyo-d63c,32,89,Normal
2026-02-13 10:10:27.635424,Tokyo-d63c,-19,60,Normal
2026-02-13 10:10:28.635424,Tokyo-d63c,34,1,Normal
2026-02-13 10:10:29.635424,Tokyo-d63c,-26,71,Normal
2026-02-13 10:10:30.635424,Tokyo-d63c,-27,7,Normal
2026-02-13 10:10:31.635424,Tokyo-d63c,5,25,Normal
2026-02-13 10:10:32.635424,Tokyo-d63c,49,9,Normal
2026-02-13 10:10:33.635424,Tokyo-d63c,46,31,Normal
2026-02-13 10:10:34.635424,Tokyo-d63c,-19,49,Normal
2026-02-13 10:10:35.635424,Tokyo-d63c,25,14,Normal
2026-02-13 10:10:36.635424,Tokyo-d63c,-17,15,Normal
2026-02-13 10:10:37.635424,Tokyo-d63c,-4,2,Normal
2026-02-13 10:10:38.635424,Tokyo-d63c,-14,28,Normal
2026-02-13 10:10:39.635424,Tokyo-d63c,42,87,Normal
2026-02-13 10:10:40.635424,Tokyo-d63c,17,25,Normal
2026-02-13 10:10:41.635424,Tokyo-d63c,28,68,Normal
2026-02-13 10:10:42.635424,Tokyo-d63c,-16,13,Normal
2026-02-13 10:10:43.635424,Tokyo-d63c,20,12,Normal
2026-02-13 10:10:44.635424,Tokyo-d63c,1,12,Normal
2026-02-13 10:10:45.635424,Tokyo-d63c,42,72,Normal
2026-02-13 10:10:46.635424,Tokyo-d63c,-13,18,Normal
2026-02-13 10:10:47.635424,Tokyo-d63c,48,68,Normal
2026-02-13 10:10:48.635424,Tokyo-d63c,3,12,Normal
2026-02-13 10:10:49.635424,Tokyo-d63c,46,40,Normal
2026-02-13 10:10:50.635424,Tokyo-d63c,24,41,Normal
2026-02-13 10:10:51.635424,Tokyo-d63c,21,18,Normal
2026-02-13 10:10:52.635424,Tokyo-d63c,27,7,Normal
2026-02-13 10:10:53.635424,Tokyo-d63c,3,4,Normal
2026-02-13 10:10:54.635424,Tokyo-d63c,17,45,Normal
2026-02-13 10:10:55.635424,Tokyo-d63c,5,49,Normal
2026-02-13 10:10:56.635424,Tokyo-d63c,-22,14,Normal
2026-02-13 10:10:57.635424,Tokyo-d63c,-28,95,Normal
2026-02-13 10:10:58.635424,Tokyo-d63c,20,31,Normal
2026-02-13 10:10:59.635424,Tokyo-d63c,12,52,Normal
2026-02-13 10:11:00.635424,Tokyo-d63c,17,84,Normal
2026-02-13 10:11:01.635424,Tokyo-d63c,35,62,Normal
2026-02-13 10:11:02.635424,Tokyo-d63c,11,22,Normal
2026-02-13 10:11:03.635424,Tokyo-d63c,0,99,Normal
2026-02-13 10:11:04.635424,Tokyo-d63c,7,3,Normal
2026-02-13 10:11:05.635424,Tokyo-d63c,30,49,Normal
2026-02-13 10:11:06.635424,Tokyo-d63c,-22,33,Normal
2026-02-13 10:11:07.635424,Tokyo-d63c,-10,96,Normal
2026-02-13 10:11:08.635424,Tokyo-d63c,-9,22,Normal
2026-02-13 10:11:09.635424,Tokyo-d63c,14,80,Normal
2026-02-13 10:11:10.635424,Tokyo-d63c,41,84,Normal
2026-02-13 10:11:11.635424,Tokyo-d63c,47,45,Normal
2026-02-13 10:11:12.635424,Tokyo-d63c,-22,8,Normal
2026-02-13 10:11:13.635424,Tokyo-d63c,25,25,Normal
2026-02-13 10:11:14.635424,Tokyo-d63c,-23,31,Normal
2026-02-13 10:11:15.635424,Tokyo-d63c,-2,68,Normal
2026-02-13 10:11:16.635424,Tokyo-d63c,48,62,Normal
2026-02-13 10:11:17.635424,Tokyo-d63c,14,53,Normal
2026-02-13 10:11:18.635424,Tokyo-d63c,42,27,Normal
2026-02-13 10:11:19.635424,Tokyo-d63c,-18,6,Normal
2026-02-13 10:11:20.635424,Tokyo-d63c,4,7,Normal
2026-02-13 10:11:21.635424,Tokyo-d63c,-16,65,Normal
2026-02-13 10:11:22.635424,Tokyo-d63c,2,29,Normal
2026-02-13 10:11:23.635424,Tokyo-d63c,-25,92,Normal
2026-02-13 10:11:24.635424,Tokyo-d63c,-10,61,Normal
2026-02-13 10:11:25.635424,Tokyo-d63c,-7,64,Normal
2026-02-13 10:11:26.635424,Tokyo-d63c,-16,78,Normal
2026-02-13 10:11:27.635424,Tokyo-d63c,-23,88,Normal
2026-02-13 10:11:28.635424,Tokyo-d63c,-20,23,Normal
2026-02-13 10:11:29.635424,Tokyo-d63c,49,26,Normal
2026-02-13 10:11:30.635424,Tokyo-d63c,39,35,Normal
2026-02-13 10:11:31.635424,Tokyo-d63c,19,56,Normal
2026-02-13 10:11:32.635424,Tokyo-d63c,23,86,Normal
2026-02-13 10:11:33.635424,Tokyo-d63c,-9,79,Normal
2026-02-13 10:11:34.635424,Tokyo-d63c,9,71,Normal
2026-02-13 10:11:35.635424,Tokyo-d63c,28,73,Normal
2026-02-13 10:11:36.635424,Tokyo-d63c,29,33,Normal
2026-02-13 10:11:37.635424,Tokyo-d63c,-27,58,Normal
2026-02-13 10:11:38.635424,Tokyo-d63c,48,79,Normal
2026-02-13 10:11:39.635424,Tokyo-d63c,16,46,Normal
2026-02-13 10:11:40.635424,Tokyo-d63c,8,10,Normal
2026-02-13 10:11:41.635424,Tokyo-d63c,17,97,Normal
2026-02-13 10:11:42.635424,Tokyo-d63c,8,79,Normal
2026-02-13 10:11:43.635424,Tokyo-d63c,-16,75,Normal
2026-02-13 10:11:44.635424,Tokyo-d63c,39,78,Normal
2026-02-13 10:11:45.635424,Tokyo-d63c,-6,84,Normal
2026-02-13 10:11:46.635424,Tokyo-d63c,45,1,Normal
2026-02-13 10:11:47.635424,Tokyo-d63c,12,85,Normal
2026-02-13 10:11:48.635424,Tokyo-d63c,-20,66,Normal
2026-02-13 10:11:49.635424,Tokyo-d63c,-9,6,Normal
2026-02-13 10:11:50.635424,Tokyo-d63c,-2,49,Normal
2026-02-13 10:11:51.635424,Tokyo-d63c,33,0,Normal
2026-02-13 10:11:52.635424,Tokyo-d63c,1,74,Normal
2026-02-13 10:11:53.635424,Tokyo-d63c,27,98,Normal
2026-02-13 10:11:54.635424,Tokyo-d63c,42,96,Normal
2026-02-13 10:11:55.635424,Tokyo-d63c,26,44,Normal
2026-02-13 10:11:56.635424,Tokyo-d63c,-29,25,Normal
2026-02-13 10:11:57.635424,Tokyo-d63c,17,99,Normal
2026-02-13 10:11:58.635424,Tokyo-d63c,13,66,Normal
2026-02-13 10:11:59.635424,Tokyo-d63c,-14,89,Normal
2026-02-13 10:12:00.635424,Tokyo-d63c,38,18,Normal
2026-02-13 10:12:01.635424,Tokyo-d63c,-19,22,Normal
2026-02-13 10:12:02.635424,Tokyo-d63c,22,80,Normal
2026-02-13 10:12:03.635424,Tokyo-d63c,-7,94,Normal
2026-02-13 10:12:04.635424,Tokyo-d63c,-24,20,Normal
2026-02-13 10:12:05.635424,Tokyo-d63c,-11,95,Normal
2026-02-13 10:12:06.635424,Tokyo-d63c,-6,53,Normal
2026-02-13 10:12:07.635424,Tokyo-d63c,-25,64,Normal
2026-02-13 10:12:08.635424,Tokyo-d63c,5,86,Normal
2026-02-13 10:12:09.635424,Tokyo-d63c,30,28,Normal
2026-02-13 10:12:10.635424,Tokyo-d63c,-12,44,Normal
2026-02-13 10:12:11.635424,Tokyo-d63c,45,85,Normal
2026-02-13 10:12:12.635424,Tokyo-d63c,28,2,Normal
2026-02-13 10:12:13.635424,Tokyo-d63c,50,87,Normal
2026-02-13 10:12:14.635424,Tokyo-d63c,0,94,Normal
2026-02-13 10:12:15.635424,Tokyo-d63c,0,26,Normal
2026-02-13 10:12:16.635424,Tokyo-d63c,4,42,Normal
2026-02-13 10:12:17.635424,Tokyo-d63c,22,52,Normal
2026-02-13 10:12:18.635424,Tokyo-d63c,2,84,Normal
2026-02-13 10:12:19.635424,Tokyo-d63c,-4,80,Normal
2026-02-13 10:12:20.635424,Tokyo-d63c,-22,84,Normal
2026-02-13 10:12:21.635424,Tokyo-d63c,-10,88,Normal
2026-02-13 10:12:22.635424,Tokyo-d63c,44,86,Normal
2026-02-13 10:12:23.635424,Tokyo-d63c,4,67,Normal
2026-02-13 10:12:24.635424,Tokyo-d63c,15,86,Normal
2026-02-13 10:12:25.635424,Tokyo-d63c,27,52,Normal
2026-02-13 10:12:26.635424,Tokyo-d63c,30,9,Normal
2026-02-13 10:12:27.635424,Tokyo-d63c,14,45,Normal
2026-02-13 10:12:28.635424,Tokyo-d63c,24,53,Normal
2026-02-13 10:12:29.635424,Tokyo-d63c,-19,15,Normal
2026-02-13 10:12:30.635424,Tokyo-d63c,43,82,Normal
2026-02-13 10:12:31.635424,Tokyo-d63c,20,78,Normal
2026-02-13 10:12:32.635424,Tokyo-d63c,-9,71,Normal
2026-02-13 10:12:33.635424,Tokyo-d63c,-25,36,Normal
2026-02-13 10:12:34.635424,Tokyo-d63c,-15,95,Normal
2026-02-13 10:12:35.635424,Tokyo-d63c,35,34,Normal
2026-02-13 10:12:36.635424,Tokyo-d63c,-7,91,Normal
2026-02-13 10:12:37.635424,Tokyo-d63c,39,13,Normal
2026-02-13 10:12:38.635424,Tokyo-d63c,20,14,Normal
2026-02-13 10:12:39.635424,Tokyo-d63c,8,11,Normal
2026-02-13 10:12:40.635424,Tokyo-d63c,-13,1,Normal
2026-02-13 10:12:41.635424,Tokyo-d63c,35,57,Normal
2026-02-13 10:12:42.635424,Tokyo-d63c,41,32,Normal
2026-02-13 10:12:43.635424,Tokyo-d63c,-18,78,Normal
2026-02-13 10:12:44.635424,Tokyo-d63c,-11,85,Normal
2026-02-13 10:12:45.635424,Tokyo-d63c,-25,7,Normal
2026-02-13 10:12:46.635424,Tokyo-d63c,-15,20,Normal
2026-02-13 10:12:47.635424,Tokyo-d63c,24,77,Normal
2026-02-13 10:12:48.635424,Tokyo-d63c,-23,59,Normal
2026-02-13 10:12:49.635424,Tokyo-d63c,-30,63,Normal
2026-02-13 10:12:50.635424,Tokyo-d63c,39,91,Normal
2026-02-13 10:12:51.635424,Tokyo-d63c,5,54,Normal
2026-02-13 10:12:52.635424,Tokyo-d63c,-13,69,Normal
2026-02-13 10:12:53.635424,Tokyo-d63c,-11,6,Normal
2026-02-13 10:12:54.635424,Tokyo-d63c,-30,96,Normal
2026-02-13 10:12:55.635424,Tokyo-d63c,33,96,Normal
2026-02-13 10:12:56.635424,Tokyo-d63c,-10,87,Normal
2026-02-13 10:12:57.635424,Tokyo-d63c,-9,6,Normal
2026-02-13 10:12:58.635424,Tokyo-d63c,35,45,Normal
2026-02-13 10:12:59.635424,Tokyo-d63c,-12,79,Normal
2026-02-13 10:13:00.635424,Tokyo-d63c,-25,9,Normal
2026-02-13 10:13:01.635424,Tokyo-d63c,-25,5,Normal
2026-02-13 10:13:02.635424,Tokyo-d63c,29,30,Normal
2026-02-13 10:13:03.635424,Tokyo-d63c,22,23,Normal
2026-02-13 10:13:04.635424,Tokyo-d63c,25,58,Normal
2026-02-13 10:13:05.635424,Tokyo-d63c,28,28,Normal
2026-02-13 10:13:06.635424,Tokyo-d63c,50,57,Normal
2026-02-13 10:13:07.635424,Tokyo-d63c,9,22,Normal
2026-02-13 10:13:08.635424,Tokyo-d63c,-26,98,Normal
2026-02-13 10:13:09.635424,Tokyo-d63c,-18,2,Normal
2026-02-13 10:13:10.635424,Tokyo-d63c,-28,5,Normal
2026-02-13 10:13:11.635424,Tokyo-d63c,-30,61,Normal
2026-02-13 10:13:12.635424,Tokyo-d63c,18,97,Normal
2026-02-13 10:13:13.635424,Tokyo-d63c,27,3,Normal
2026-02-13 10:13:14.635424,Tokyo-d63c,6,45,Normal
2026-02-13 10:13:15.635424,Tokyo-d63c,2,53,Normal
2026-02-13 10:13:16.635424,Tokyo-d63c,-6,72,Normal
2026-02-13 10:13:17.635424,Tokyo-d63c,10,17,Normal
2026-02-13 10:13:18.635424,Tokyo-d63c,24,12,Normal
2026-02-13 10:13:19.635424,Tokyo-d63c,-15,77,Normal
2026-02-13 10:13:20.635424,Tokyo-d63c,25,55,Normal
2026-02-13 10:13:21.635424,Tokyo-d63c,16,90,Normal
2026-02-13 10:13:22.635424,Tokyo-d63c,21,40,Normal
2026-02-13 10:13:23.635424,Tokyo-d63c,16,45,Normal
2026-02-13 10:13:24.635424,Tokyo-d63c,-1,38,Normal
2026-02-13 10:13:25.635424,Tokyo-d63c,7,29,Normal
2026-02-13 10:13:26.635424,Tokyo-d63c,11,23,Normal
2026-02-13 10:13:27.635424,Tokyo-d63c,37,21,Normal
2026-02-13 10:13:28.635424,Tokyo-d63c,-24,66,Normal
2026-02-13 10:13:29.635424,Tokyo-d63c,-6,99,Normal
2026-02-13 10:13:30.635424,Tokyo-d63c,-19,91,Normal
2026-02-13 10:13:31.635424,Tokyo-d63c,-12,24,Normal
2026-02-13 10:13:32.635424,Tokyo-d63c,25,2,Normal
2026-02-13 10:13:33.635424,Tokyo-d63c,25,99,Normal
2026-02-13 10:13:34.635424,Tokyo-d63c,-24,12,Normal
2026-02-13 10:13:35.635424,Tokyo-d63c,27,47,Normal
2026-02-13 10:13:36.635424,Tokyo-d63c,-23,66,Normal
2026-02-13 10:13:37.635424,Tokyo-d63c,3,95,Normal
2026-02-13 10:13:38.635424,Tokyo-d63c,1,62,Normal
2026-02-13 10:13:39.635424,Tokyo-d63c,42,22,Normal
2026-02-13 10:13:40.635424,Tokyo-d63c,-12,14,Normal
2026-02-13 10:13:41.635424,Tokyo-d63c,-8,59,Normal
2026-02-13 10:13:42.635424,Tokyo-d63c,27,27,Normal
2026-02-13 10:13:43.635424,Tokyo-d63c,22,18,Normal
2026-02-13 10:13:44.635424,Tokyo-d63c,9,49,Normal
2026-02-13 10:13:45.635424,Tokyo-d63c,-27,54,Normal
2026-02-13 10:13:46.635424,Tokyo-d63c,26,28,Normal
2026-02-13 10:13:47.635424,Tokyo-d63c,1,62,Normal
2026-02-13 10:13:48.635424,Tokyo-d63c,25,80,Normal
2026-02-13 10:13:49.635424,Tokyo-d63c,22,72,Normal
2026-02-13 10:13:50.635424,Tokyo-d63c,4,84,Normal
2026-02-13 10:13:51.635424,Tokyo-d63c,-25,1,Normal
2026-02-13 10:13:52.635424,Tokyo-d63c,-5,6,Normal
2026-02-13 10:13:53.635424,Tokyo-d63c,19,20,Normal
2026-02-13 10:13:54.635424,Tokyo-d63c,2,3,Normal
2026-02-13 10:13:55.635424,Tokyo-d63c,28,64,Normal
2026-02-13 10:13:56.635424,Tokyo-d63c,23,99,Normal
2026-02-13 10:13:57.635424,Tokyo-d63c,-10,29,Normal
2026-02-13 10:13:58.635424,Tokyo-d63c,50,16,Normal
2026-02-13 10:13:59.635424,Tokyo-d63c,-29,8,Normal
2026-02-13 10:14:00.635424,Tokyo-d63c,49,61,Normal
2026-02-13 10:14:01.635424,Tokyo-d63c,33,29,Normal
2026-02-13 10:14:02.635424,Tokyo-d63c,39,15,Normal
2026-02-13 10:14:03.635424,Tokyo-d63c,0,30,Normal
2026-02-13 10:14:04.635424,Tokyo-d63c,50,74,Normal
2026-02-13 10:14:05.635424,Tokyo-d63c,-1,33,Normal
2026-02-13 10:14:06.635424,Tokyo-d63c,24,76,Normal
2026-02-13 10:14:07.635424,Tokyo-d63c,-2,65,Normal
2026-02-13 10:14:08.635424,Tokyo-d63c,21,72,Normal
2026-02-13 10:14:09.635424,Tokyo-d63c,-20,48,Normal
2026-02-13 10:14:10.635424,Tokyo-d63c,-17,37,Normal
2026-02-13 10:14:11.635424,Tokyo-d63c,21,24,Normal
2026-02-13 10:14:12.635424,Tokyo-d63c,-3,19,Normal
2026-02-13 10:14:13.635424,Tokyo-d63c,14,44,Normal
2026-02-13 10:14:14.635424,Tokyo-d63c,-20,45,Normal
2026-02-13 10:14:15.635424,Tokyo-d63c,38,49,Normal
2026-02-13 10:14:16.635424,Tokyo-d63c,48,35,Normal
2026-02-13 10:14:17.635424,Tokyo-d63c,48,83,Normal
2026-02-13 10:14:18.635424,Tokyo-d63c,37,33,Normal
2026-02-13 10:14:19.635424,Tokyo-d63c,-11,27,Normal
2026-02-13 10:14:20.635424,Tokyo-d63c,23,61,Normal
2026-02-13 10:14:21.635424,Tokyo-d63c,45,71,Normal
2026-02-13 10:14:22.635424,Tokyo-d63c,16,48,Normal
2026-02-13 10:14:23.635424,Tokyo-d63c,-24,33,Normal
2026-02-13 10:14:24.635424,Tokyo-d63c,28,74,Normal
2026-02-13 10:14:25.635424,Tokyo-d63c,-6,86,Normal
2026-02-13 10:14:26.635424,Tokyo-d63c,35,84,Normal
2026-02-13 10:14:27.635424,Tokyo-d63c,13,42,Normal
2026-02-13 10:14:28.635424,Tokyo-d63c,24,87,Normal
2026-02-13 10:14:29.635424,Tokyo-d63c,-13,99,Normal
2026-02-13 10:14:30.635424,Tokyo-d63c,24,13,Normal
2026-02-13 10:14:31.635424,Tokyo-d63c,-8,55,Normal
2026-02-13 10:14:32.635424,Tokyo-d63c,43,80,Normal
2026-02-13 10:14:33.635424,Tokyo-d63c,15,70,Normal
2026-02-13 10:14:34.635424,Tokyo-d63c,-25,93,Normal
2026-02-13 10:14:35.635424,Tokyo-d63c,30,68,Normal
2026-02-13 10:14:36.635424,Tokyo-d63c,45,51,Normal
2026-02-13 10:14:37.635424,Tokyo-d63c,-1,58,Normal
2026-02-13 10:14:38.635424,Tokyo-d63c,-4,51,Normal
2026-02-13 10:14:39.635424,Tokyo-d63c,20,39,Normal
2026-02-13 10:14:40.635424,Tokyo-d63c,1,28,Normal
2026-02-13 10:14:41.635424,Tokyo-d63c,-26,10,Normal
2026-02-13 10:14:42.635424,Tokyo-d63c,-23,92,Normal
2026-02-13 10:14:43.635424,Tokyo-d63c,10,39,Normal
2026-02-13 10:14:44.635424,Tokyo-d63c,15,41,Normal
2026-02-13 10:14:45.635424,Tokyo-d63c,18,52,Normal
2026-02-13 10:14:46.635424,Tokyo-d63c,-27,3,Normal
2026-02-13 10:14:47.635424,Tokyo-d63c,22,26,Normal
2026-02-13 10:14:48.635424,Tokyo-d63c,-1,40,Normal
2026-02-13 10:14:49.635424,Tokyo-d63c,-7,9,Normal
2026-02-13 10:14:50.635424,Tokyo-d63c,-2,96,Normal
2026-02-13 10:14:51.635424,Tokyo-d63c,-25,74,Normal
2026-02-13 10:14:52.635424,Tokyo-d63c,36,23,Normal
2026-02-13 10:14:53.635424,Tokyo-d63c,44,1,Normal
2026-02-13 10:14:54.635424,Tokyo-d63c,41,80,Normal
2026-02-13 10:14:55.635424,Tokyo-d63c,-22,18,Normal
2026-02-13 10:14:56.635424,Tokyo-d63c,17,16,Normal
2026-02-13 10:14:57.635424,Tokyo-d63c,7,84,Normal
2026-02-13 10:14:58.635424,Tokyo-d63c,27,55,Normal
2026-02-13 10:14:59.635424,Tokyo-d63c,-27,81,Normal
2026-02-13 10:15:00.635424,Tokyo-d63c,31,19,Normal
2026-02-13 10:15:01.635424,Tokyo-d63c,-13,68,Normal
2026-02-13 10:15:02.635424,Tokyo-d63c,5,96,Normal
2026-02-13 10:15:03.635424,Tokyo-d63c,35,77,Normal
2026-02-13 10:15:04.635424,Tokyo-d63c,10,86,Normal
2026-02-13 10:15:05.635424,Tokyo-d63c,1,7,Normal
2026-02-13 10:15:06.635424,Tokyo-d63c,23,65,Normal
2026-02-13 10:15:07.635424,Tokyo-d63c,44,13,Normal
2026-02-13 10:15:08.635424,Tokyo-d63c,25,23,Normal
2026-02-13 10:15:09.635424,Tokyo-d63c,45,70,Normal
2026-02-13 10:15:10.635424,Tokyo-d63c,26,89,Normal
2026-02-13 10:15:11.635424,Tokyo-d63c,26,8,Normal
2026-02-13 10:15:12.635424,Tokyo-d63c,40,0,Normal
2026-02-13 10:15:13.635424,Tokyo-d63c,-10,70,Normal
2026-02-13 10:15:14.635424,Tokyo-d63c,33,49,Normal
2026-02-13 10:15:15.635424,Tokyo-d63c,38,51,Normal
2026-02-13 10:15:16.635424,Tokyo-d63c,-14,12,Normal
2026-02-13 10:15:17.635424,Tokyo-d63c,5,36,Normal
2026-02-13 10:15:18.635424,Tokyo-d63c,-24,56,Normal
2026-02-13 10:15:19.635424,Tokyo-d63c,0,99,Normal
2026-02-13 10:15:20.635424,Tokyo-d63c,43,56,Normal
2026-02-13 10:15:21.635424,Tokyo-d63c,-20,48,Normal
2026-02-13 10:15:22.635424,Tokyo-d63c,8,70,Normal
2026-02-13 10:15:23.635424,Tokyo-d63c,40,55,Normal
2026-02-13 10:15:24.635424,Tokyo-d63c,18,50,Normal
2026-02-13 10:15:25.635424,Tokyo-d63c,-23,7,Normal
2026-02-13 10:15:26.635424,Tokyo-d63c,44,42,Normal
2026-02-13 10:15:27.635424,Tokyo-d63c,-17,62,Normal
2026-02-13 10:15:28.635424,Tokyo-d63c,37,85,Normal
2026-02-13 10:15:29.635424,Tokyo-d63c,1,1,Normal
2026-02-13 10:15:30.635424,Tokyo-d63c,-7,91,Normal
2026-02-13 10:15:31.635424,Tokyo-d63c,2,2,Normal
2026-02-13 10:15:32.635424,Tokyo-d63c,50,47,Normal
2026-02-13 10:15:33.635424,Tokyo-d63c,-11,63,Normal
2026-02-13 10:15:34.635424,Tokyo-d63c,27,35,Normal
2026-02-13 10:15:35.635424,Tokyo-d63c,21,79,Normal
2026-02-13 10:15:36.635424,Tokyo-d63c,16,95,Normal
2026-02-13 10:15:37.635424,Tokyo-d63c,-20,59,Normal
2026-02-13 10:15:38.635424,Tokyo-d63c,14,25,Normal
2026-02-13 10:15:39.635424,Tokyo-d63c,12,10,Normal
2026-02-13 10:15:40.635424,Tokyo-d63c,2,89,Normal
2026-02-13 10:15:41.635424,Tokyo-d63c,0,85,Normal
2026-02-13 10:15:42.635424,Tokyo-d63c,36,32,Normal
2026-02-13 10:15:43.635424,Tokyo-d63c,29,29,Normal
2026-02-13 10:15:44.635424,Tokyo-d63c,46,37,Normal
2026-02-13 10:15:45.635424,Tokyo-d63c,-25,17,Normal
2026-02-13 10:15:46.635424,Tokyo-d63c,-6,27,Normal
2026-02-13 10:15:47.635424,Tokyo-d63c,14,20,Normal
2026-02-13 10:15:48.635424,Tokyo-d63c,23,7,Normal
2026-02-13 10:15:49.635424,Tokyo-d63c,-9,20,Normal
2026-02-13 10:15:50.635424,Tokyo-d63c,10,95,Normal
2026-02-13 10:15:51.635424,Tokyo-d63c,33,73,Normal
2026-02-13 10:15:52.635424,Tokyo-d63c,29,54,Normal
2026-02-13 10:15:53.635424,Tokyo-d63c,-4,100,Normal
2026-02-13 10:15:54.635424,Tokyo-d63c,43,84,Normal
2026-02-13 10:15:55.635424,Tokyo-d63c,36,93,Normal
2026-02-13 10:15:56.635424,Tokyo-d63c,-9,83,Normal
2026-02-13 10:15:57.635424,Tokyo-d63c,12,29,Normal
2026-02-13 10:15:58.635424,Tokyo-d63c,-16,15,Normal
2026-02-13 10:15:59.635424,Tokyo-d63c,-8,56,Normal
2026-02-13 10:16:00.635424,Tokyo-d63c,-3,76,Normal
2026-02-13 10:16:01.635424,Tokyo-d63c,9,43,Normal
2026-02-13 10:16:02.635424,Tokyo-d63c,38,61,Normal
2026-02-13 10:16:03.635424,Tokyo-d63c,42,90,Normal
2026-02-13 10:16:04.635424,Tokyo-d63c,17,95,Normal
2026-02-13 10:16:05.635424,Tokyo-d63c,-18,29,Normal
2026-02-13 10:16:06.635424,Tokyo-d63c,38,17,Normal
2026-02-13 10:16:07.635424,Tokyo-d63c,-28,42,Normal
2026-02-13 10:16:08.635424,Tokyo-d63c,10,66,Normal
2026-02-13 10:16:09.635424,Tokyo-d63c,34,59,Normal
2026-02-13 10:16:10.635424,Tokyo-d63c,-2,37,Normal
2026-02-13 10:16:11.635424,Tokyo-d63c,-14,22,Normal
2026-02-13 10:16:12.635424,Tokyo-d63c,15,16,Normal
2026-02-13 10:16:13.635424,Tokyo-d63c,16,17,Normal
2026-02-13 10:16:14.635424,Tokyo-d63c,7,1,Normal
2026-02-13 10:16:15.635424,Tokyo-d63c,-24,58,Normal
2026-02-13 10:16:16.635424,Tokyo-d63c,1,61,Normal
2026-02-13 10:16:17.635424,Tokyo-d63c,-25,98,Normal
2026-02-13 10:16:18.635424,Tokyo-d63c,-26,85,Normal
2026-02-13 10:16:19.635424,Tokyo-d63c,11,82,Normal
2026-02-13 10:16:20.635424,Tokyo-d63c,49,25,Normal
2026-02-13 10:16:21.635424,Tokyo-d63c,-16,54,Normal
2026-02-13 10:16:22.635424,Tokyo-d63c,13,76,Normal
2026-02-13 10:16:23.635424,Tokyo-d63c,-9,2,Normal
2026-02-13 10:16:24.635424,Tokyo-d63c,-3,96,Normal
2026-02-13 10:16:25.635424,Tokyo-d63c,40,85,Normal
2026-02-13 10:16:26.635424,Tokyo-d63c,9,66,Normal
2026-02-13 10:16:27.635424,Tokyo-d63c,-8,48,Normal
2026-02-13 10:16:28.635424,Tokyo-d63c,9,18,Normal
2026-02-13 10:16:29.635424,Tokyo-d63c,43,66,Normal
2026-02-13 10:16:30.635424,Tokyo-d63c,-24,98,Normal
2026-02-13 10:16:31.635424,Tokyo-d63c,-5,39,Normal
2026-02-13 10:16:32.635424,Tokyo-d63c,-3,100,Normal
2026-02-13 10:16:33.635424,Tokyo-d63c,7,14,Normal
2026-02-13 10:16:34.635424,Tokyo-d63c,7,96,Normal
2026-02-13 10:16:35.635424,Tokyo-d63c,10,82,Normal
2026-02-13 10:16:36.635424,Tokyo-d63c,6,79,Normal
2026-02-13 10:16:37.635424,Tokyo-d63c,-26,6,Normal
2026-02-13 10:16:38.635424,Tokyo-d63c,19,48,Normal
2026-02-13 10:16:39.635424,Tokyo-d63c,22,95,Normal
2026-02-13 10:16:40.635424,Tokyo-d63c,-4,75,Normal
2026-02-13 10:16:41.635424,Tokyo-d63c,-14,85,Normal
2026-02-13 10:16:42.635424,Tokyo-d63c,-7,75,Normal
2026-02-13 10:16:43.635424,Tokyo-d63c,-12,68,Normal
2026-02-13 10:16:44.635424,Tokyo-d63c,29,38,Normal
2026-02-13 10:16:45.635424,Tokyo-d63c,-29,45,Normal
2026-02-13 10:16:46.635424,Tokyo-d63c,44,57,Normal
2026-02-13 10:16:47.635424,Tokyo-d63c,34,1,Normal
2026-02-13 10:16:48.635424,Tokyo-d63c,23,91,Normal
2026-02-13 10:16:49.635424,Tokyo-d63c,-24,32,Normal
2026-02-13 10:16:50.635424,Tokyo-d63c,45,80,Normal
2026-02-13 10:16:51.635424,Tokyo-d63c,16,17,Normal
2026-02-13 10:16:52.635424,Tokyo-d63c,17,89,Normal
2026-02-13 10:16:53.635424,Tokyo-d63c,-6,74,Normal
2026-02-13 10:16:54.635424,Tokyo-d63c,-21,69,Normal
2026-02-13 10:16:55.635424,Tokyo-d63c,47,49,Normal
2026-02-13 10:16:56.635424,Tokyo-d63c,11,66,Normal
2026-02-13 10:16:57.635424,Tokyo-d63c,-21,65,Normal
2026-02-13 10:16:58.635424,Tokyo-d63c,11,69,Normal
2026-02-13 10:16:59.635424,Tokyo-d63c,-19,35,Normal
2026-02-13 10:17:00.635424,Tokyo-d63c,5,80,Normal
2026-02-13 10:17:01.635424,Tokyo-d63c,37,21,Normal
2026-02-13 10:17:02.635424,Tokyo-d63c,29,52,Normal
2026-02-13 10:17:03.635424,Tokyo-d63c,22,83,Normal
2026-02-13 10:17:04.635424,Tokyo-d63c,-3,98,Normal
2026-02-13 10:17:05.635424,Tokyo-d63c,-27,22,Normal
2026-02-13 10:17:06.635424,Tokyo-d63c,28,43,Normal
2026-02-13 10:17:07.635424,Tokyo-d63c,26,45,Normal
2026-02-13 10:17:08.635424,Tokyo-d63c,37,2,Normal
2026-02-13 10:17:09.635424,Tokyo-d63c,-26,21,Normal
2026-02-13 10:17:10.635424,Tokyo-d63c,0,66,Normal
2026-02-13 10:17:11.635424,Tokyo-d63c,-20,30,Normal
2026-02-13 10:17:12.635424,Tokyo-d63c,38,36,Normal
2026-02-13 10:17:13.635424,Tokyo-d63c,6,4,Normal
2026-02-13 10:17:14.635424,Tokyo-d63c,-12,8,Normal
2026-02-13 10:17:15.635424,Tokyo-d63c,-24,72,Normal
2026-02-13 10:17:16.635424,Tokyo-d63c,18,96,Normal
2026-02-13 10:17:17.635424,Tokyo-d63c,-26,84,Normal
2026-02-13 10:17:18.635424,Tokyo-d63c,32,74,Normal
2026-02-13 10:17:19.635424,Tokyo-d63c,21,23,Normal
2026-02-13 10:17:20.635424,Tokyo-d63c,11,93,Normal
2026-02-13 10:17:21.635424,Tokyo-d63c,23,77,Normal
2026-02-13 10:17:22.635424,Tokyo-d63c,49,11,Normal
2026-02-13 10:17:23.635424,Tokyo-d63c,19,3,Normal
2026-02-13 10:17:24.635424,Tokyo-d63c,-2,67,Normal
2026-02-13 10:17:25.635424,Tokyo-d63c,25,23,Normal
2026-02-13 10:17:26.635424,Tokyo-d63c,-23,66,Normal
2026-02-13 10:17:27.635424,Tokyo-d63c,-18,28,Normal
2026-02-13 10:17:28.635424,Tokyo-d63c,18,42,Normal
2026-02-13 10:17:29.635424,Tokyo-d63c,24,50,Normal
2026-02-13 10:17:30.635424,Tokyo-d63c,41,13,Normal
2026-02-13 10:17:31.635424,Tokyo-d63c,17,56,Normal
2026-02-13 10:17:32.635424,Tokyo-d63c,-24,71,Normal
2026-02-13 10:17:33.635424,Tokyo-d63c,-28,80,Normal
2026-02-13 10:17:34.635424,Tokyo-d63c,40,80,Normal
2026-02-13 10:17:35.635424,Tokyo-d63c,6,24,Normal
2026-02-13 10:17:36.635424,Tokyo-d63c,-9,42,Normal
2026-02-13 10:17:37.635424,Tokyo-d63c,-19,52,Normal
2026-02-13 10:17:38.635424,Tokyo-d63c,42,42,Normal
2026-02-13 10:17:39.635424,Tokyo-d63c,-13,92,Normal
2026-02-13 10:17:40.635424,Tokyo-d63c,25,50,Normal
2026-02-13 10:17:41.635424,Tokyo-d63c,45,8,Normal
2026-02-13 10:17:42.635424,Tokyo-d63c,41,31,Normal
2026-02-13 10:17:43.635424,Tokyo-d63c,-11,6,Normal
2026-02-13 10:17:44.635424,Tokyo-d63c,-3,20,Normal
2026-02-13 10:17:45.635424,Tokyo-d63c,14,25,Normal
2026-02-13 10:17:46.635424,Tokyo-d63c,25,25,Normal
2026-02-13 10:17:47.635424,Tokyo-d63c,10,86,Normal
2026-02-13 10:17:48.635424,Tokyo-d63c,44,93,Normal
2026-02-13 10:17:49.635424,Tokyo-d63c,26,100,Normal
2026-02-13 10:17:50.635424,Tokyo-d63c,17,4,Normal
2026-02-13 10:17:51.635424,Tokyo-d63c,26,37,Normal
2026-02-13 10:17:52.635424,Tokyo-d63c,23,59,Normal
2026-02-13 10:17:53.635424,Tokyo-d63c,38,49,Normal
2026-02-13 10:17:54.635424,Tokyo-d63c,20,63,Normal
2026-02-13 10:17:55.635424,Tokyo-d63c,38,1,Normal
2026-02-13 10:17:56.635424,Tokyo-d63c,16,51,Normal
2026-02-13 10:17:57.635424,Tokyo-d63c,-2,57,Normal
2026-02-13 10:17:58.635424,Tokyo-d63c,-29,52,Normal
2026-02-13 10:17:59.635424,Tokyo-d63c,-29,7,Normal
2026-02-13 10:18:00.635424,Tokyo-d63c,23,54,Normal
2026-02-13 10:18:01.635424,Tokyo-d63c,25,91,Normal
2026-02-13 10:18:02.635424,Tokyo-d63c,-28,64,Normal
2026-02-13 10:18:03.635424,Tokyo-d63c,20,76,Normal
2026-02-13 10:18:04.635424,Tokyo-d63c,26,23,Normal
2026-02-13 10:18:05.635424,Tokyo-d63c,37,64,Normal
2026-02-13 10:18:06.635424,Tokyo-d63c,-18,64,Normal
2026-02-13 10:18:07.635424,Tokyo-d63c,24,84,Normal
2026-02-13 10:18:08.635424,Tokyo-d63c,-23,51,Normal
2026-02-13 10:18:09.635424,Tokyo-d63c,7,5,Normal
2026-02-13 10:18:10.635424,Tokyo-d63c,-5,50,Normal
2026-02-13 10:18:11.635424,Tokyo-d63c,-13,84,Normal
2026-02-13 10:18:12.635424,Tokyo-d63c,-26,2,Normal
2026-02-13 10:18:13.635424,Tokyo-d63c,-7,41,Normal
2026-02-13 10:18:14.635424,Tokyo-d63c,46,82,Normal
2026-02-13 10:18:15.635424,Tokyo-d63c,20,21,Normal
2026-02-13 10:18:16.635424,Tokyo-d63c,-19,41,Normal
2026-02-13 10:18:17.635424,Tokyo-d63c,-14,10,Normal
2026-02-13 10:18:18.635424,Tokyo-d63c,38,43,Normal
2026-02-13 10:18:19.635424,Tokyo-d63c,24,54,Normal
2026-02-13 10:18:20.635424,Tokyo-d63c,-25,67,Normal
2026-02-13 10:18:21.635424,Tokyo-d63c,-6,47,Normal
2026-02-13 10:18:22.635424,Tokyo-d63c,-26,20,Normal
2026-02-13 10:18:23.635424,Tokyo-d63c,-17,80,Normal
2026-02-13 10:18:24.635424,Tokyo-d63c,-1,25,Normal
2026-02-13 10:18:25.635424,Tokyo-d63c,34,23,Normal
2026-02-13 10:18:26.635424,Tokyo-d63c,4,61,Normal
2026-02-13 10:18:27.635424,Tokyo-d63c,20,91,Normal
2026-02-13 10:18:28.635424,Tokyo-d63c,3,69,Normal
2026-02-13 10:18:29.635424,Tokyo-d63c,46,90,Normal
2026-02-13 10:18:30.635424,Tokyo-d63c,-6,88,Normal
2026-02-13 10:18:31.635424,Tokyo-d63c,24,13,Normal
2026-02-13 10:18:32.635424,Tokyo-d63c,19,24,Normal
2026-02-13 10:18:33.635424,Tokyo-d63c,-25,60,Normal
2026-02-13 10:18:34.635424,Tokyo-d63c,1,73,Normal
2026-02-13 10:18:35.635424,Tokyo-d63c,31,47,Normal
2026-02-13 10:18:36.635424,Tokyo-d63c,35,61,Normal
2026-02-13 10:18:37.635424,Tokyo-d63c,-23,93,Normal
2026-02-13 10:18:38.635424,Tokyo-d63c,39,73,Normal
2026-02-13 10:18:39.635424,Tokyo-d63c,-10,95,Normal
2026-02-13 10:18:40.635424,Tokyo-d63c,-25,28,Normal
2026-02-13 10:18:41.635424,Tokyo-d63c,27,44,Normal
2026-02-13 10:18:42.635424,Tokyo-d63c,31,51,Normal
2026-02-13 10:18:43.635424,Tokyo-d63c,22,50,Normal
2026-02-13 10:18:44.635424,Tokyo-d63c,48,69,Normal
2026-02-13 10:18:45.635424,Tokyo-d63c,38,81,Normal
2026-02-13 10:18:46.635424,Tokyo-d63c,-23,19,Normal
2026-02-13 10:18:47.635424,Tokyo-d63c,-7,13,Normal
2026-02-13 10:18:48.635424,Tokyo-d63c,25,36,Normal
2026-02-13 10:18:49.635424,Tokyo-d63c,16,69,Normal
2026-02-13 10:18:50.635424,Tokyo-d63c,-2,57,Normal
2026-02-13 10:18:51.635424,Tokyo-d63c,-18,92,Normal
2026-02-13 10:18:52.635424,Tokyo-d63c,-28,66,Normal
2026-02-13 10:18:53.635424,Tokyo-d63c,11,56,Normal
2026-02-13 10:18:54.635424,Tokyo-d63c,43,65,Normal
2026-02-13 10:18:55.635424,Tokyo-d63c,-5,79,Normal
2026-02-13 10:18:56.635424,Tokyo-d63c,7,73,Normal
2026-02-13 10:18:57.635424,Tokyo-d63c,30,92,Normal
2026-02-13 10:18:58.635424,Tokyo-d63c,11,23,Normal
2026-02-13 10:18:59.635424,Tokyo-d63c,-6,6,Normal
2026-02-13 10:19:00.635424,Tokyo-d63c,-26,85,Normal
2026-02-13 10:19:01.635424,Tokyo-d63c,13,79,Normal
2026-02-13 10:19:02.635424,Tokyo-d63c,-24,57,Normal
2026-02-13 10:19:03.635424,Tokyo-d63c,7,8,Normal
2026-02-13 10:19:04.635424,Tokyo-d63c,3,41,Normal
2026-02-13 10:19:05.635424,Tokyo-d63c,5,59,Normal
2026-02-13 10:19:06.635424,Tokyo-d63c,-21,71,Normal
2026-02-13 10:19:07.635424,Tokyo-d63c,42,26,Normal
2026-02-13 10:19:08.635424,Tokyo-d63c,43,1,Normal
2026-02-13 10:19:09.635424,Tokyo-d63c,-16,37,Normal
2026-02-13 10:19:10.635424,Tokyo-d63c,29,13,Normal
2026-02-13 10:19:11.635424,Tokyo-d63c,37,61,Normal
2026-02-13 10:19:12.635424,Tokyo-d63c,40,53,Normal
2026-02-13 10:19:13.635424,Tokyo-d63c,-5,1,Normal
2026-02-13 10:19:14.635424,Tokyo-d63c,50,50,Normal
2026-02-13 10:19:15.635424,Tokyo-d63c,29,27,Normal
2026-02-13 10:19:16.635424,Tokyo-d63c,23,49,Normal
2026-02-13 10:19:17.635424,Tokyo-d63c,-7,93,Normal
2026-02-13 10:19:18.635424,Tokyo-d63c,-18,43,Normal
2026-02-13 10:19:19.635424,Tokyo-d63c,45,87,Normal
2026-02-13 10:19:20.635424,Tokyo-d63c,28,71,Normal
2026-02-13 10:19:21.635424,Tokyo-d63c,38,95,Normal
2026-02-13 10:19:22.635424,Tokyo-d63c,12,25,Normal
2026-02-13 10:19:23.635424,Tokyo-d63c,-18,32,Normal
2026-02-13 10:19:24.635424,Tokyo-d63c,49,27,Normal
2026-02-13 10:19:25.635424,Tokyo-d63c,13,70,Normal
2026-02-13 10:19:26.635424,Tokyo-d63c,-26,57,Normal
2026-02-13 10:19:27.635424,Tokyo-d63c,14,34,Normal
2026-02-13 10:19:28.635424,Tokyo-d63c,-21,31,Normal
2026-02-13 10:19:29.635424,Tokyo-d63c,-17,18,Normal
2026-02-13 10:19:30.635424,Tokyo-d63c,42,34,Normal
2026-02-13 10:19:31.635424,Tokyo-d63c,10,60,Normal
2026-02-13 10:19:32.635424,Tokyo-d63c,-21,51,Normal
2026-02-13 10:19:33.635424,Tokyo-d63c,-15,76,Normal
2026-02-13 10:19:34.635424,Tokyo-d63c,30,50,Normal
2026-02-13 10:19:35.635424,Tokyo-d63c,27,16,Normal
2026-02-13 10:19:36.635424,Tokyo-d63c,38,83,Normal
2026-02-13 10:19:37.635424,Tokyo-d63c,-2,72,Normal
2026-02-13 10:19:38.635424,Tokyo-d63c,17,59,Normal
2026-02-13 10:19:39.635424,Tokyo-d63c,27,20,Normal
2026-02-13 10:19:40.635424,Tokyo-d63c,39,63,Normal
2026-02-13 10:19:41.635424,Tokyo-d63c,44,73,Normal
2026-02-13 10:19:42.635424,Tokyo-d63c,41,2,Normal
2026-02-13 10:19:43.635424,Tokyo-d63c,-10,43,Normal
2026-02-13 10:19:44.635424,Tokyo-d63c,-19,44,Normal
2026-02-13 10:19:45.635424,Tokyo-d63c,12,66,Normal
2026-02-13 10:19:46.635424,Tokyo-d63c,-29,5,Normal
2026-02-13 10:19:47.635424,Tokyo-d63c,47,80,Normal
2026-02-13 10:19:48.635424,Tokyo-d63c,16,32,Normal
2026-02-13 10:19:49.635424,Tokyo-d63c,32,11,Normal
2026-02-13 10:19:50.635424,Tokyo-d63c,-6,68,Normal
2026-02-13 10:19:51.635424,Tokyo-d63c,-14,63,Normal
2026-02-13 10:19:52.635424,Tokyo-d63c,23,93,Normal
2026-02-13 10:19:53.635424,Tokyo-d63c,13,32,Normal
2026-02-13 10:19:54.635424,Tokyo-d63c,44,11,Normal
2026-02-13 10:19:55.635424,Tokyo-d63c,-12,47,Normal
2026-02-13 10:19:56.635424,Tokyo-d63c,-10,41,Normal
2026-02-13 10:19:57.635424,Tokyo-d63c,5,28,Normal
2026-02-13 10:19:58.635424,Tokyo-d63c,26,77,Normal
2026-02-13 10:19:59.635424,Tokyo-d63c,-25,99,Normal
2026-02-13 10:20:00.635424,Tokyo-d63c,-22,71,Normal
2026-02-13 10:20:01.635424,Tokyo-d63c,48,70,Normal
2026-02-13 10:20:02.635424,Tokyo-d63c,30,22,Normal
2026-02-13 10:20:03.635424,Tokyo-d63c,-24,32,Normal
2026-02-13 10:20:04.635424,Tokyo-d63c,15,18,Normal
2026-02-13 10:20:05.635424,Tokyo-d63c,44,92,Normal
2026-02-13 10:20:06.635424,Tokyo-d63c,3,72,Normal
2026-02-13 10:20:07.635424,Tokyo-d63c,-14,71,Normal
2026-02-13 10:20:08.635424,Tokyo-d63c,0,40,Normal
2026-02-13 10:20:09.635424,Tokyo-d63c,4,27,Normal
2026-02-13 10:20:10.635424,Tokyo-d63c,-7,60,Normal
2026-02-13 10:20:11.635424,Tokyo-d63c,6,41,Normal
2026-02-13 10:20:12.635424,Tokyo-d63c,-17,84,Normal
2026-02-13 10:20:13.635424,Tokyo-d63c,45,15,Normal
2026-02-13 10:20:14.635424,Tokyo-d63c,8,65,Normal
2026-02-13 10:20:15.635424,Tokyo-d63c,29,60,Normal
2026-02-13 10:20:16.635424,Tokyo-d63c,39,90,Normal
2026-02-13 10:20:17.635424,Tokyo-d63c,5,22,Normal
2026-02-13 10:20:18.635424,Tokyo-d63c,18,1,Normal
2026-02-13 10:20:19.635424,Tokyo-d63c,-2,39,Normal
2026-02-13 10:20:20.635424,Tokyo-d63c,17,12,Normal
2026-02-13 10:20:21.635424,Tokyo-d63c,16,28,Normal
2026-02-13 10:20:22.635424,Tokyo-d63c,6,48,Normal
2026-02-13 10:20:23.635424,Tokyo-d63c,33,65,Normal
2026-02-13 10:20:24.635424,Tokyo-d63c,-20,1,Normal
2026-02-13 10:20:25.635424,Tokyo-d63c,34,10,Normal
2026-02-13 10:20:26.635424,Tokyo-d63c,40,9,Normal
2026-02-13 10:20:27.635424,Tokyo-d63c,-15,33,Normal
2026-02-13 10:20:28.635424,Tokyo-d63c,-14,76,Normal
2026-02-13 10:20:29.635424,Tokyo-d63c,32,43,Normal
2026-02-13 10:20:30.635424,Tokyo-d63c,44,27,Normal
2026-02-13 10:20:31.635424,Tokyo-d63c,-14,99,Normal
2026-02-13 10:20:32.635424,Tokyo-d63c,-15,44,Normal
2026-02-13 10:20:33.635424,Tokyo-d63c,20,27,Normal
2026-02-13 10:20:34.635424,Tokyo-d63c,-6,37,Normal
2026-02-13 10:20:35.635424,Tokyo-d63c,-22,53,Normal
2026-02-13 10:20:36.635424,Tokyo-d63c,35,29,Normal
2026-02-13 10:20:37.635424,Tokyo-d63c,36,77,Normal
2026-02-13 10:20:38.635424,Tokyo-d63c,19,14,Normal
2026-02-13 10:20:39.635424,Tokyo-d63c,3,80,Normal
2026-02-13 10:20:40.635424,Tokyo-d63c,47,50,Normal
2026-02-13 10:20:41.635424,Tokyo-d63c,34,49,Normal
2026-02-13 10:20:42.635424,Tokyo-d63c,-3,29,Normal
2026-02-13 10:20:43.635424,Tokyo-d63c,-16,26,Normal
2026-02-13 10:20:44.635424,Tokyo-d63c,30,50,Normal
2026-02-13 10:20:45.635424,Tokyo-d63c,-17,24,Normal
2026-02-13 10:20:46.635424,Tokyo-d63c,-5,79,Normal
2026-02-13 10:20:47.635424,Tokyo-d63c,-16,27,Normal
2026-02-13 10:20:48.635424,Tokyo-d63c,42,78,Normal
2026-02-13 10:20:49.635424,Tokyo-d63c,-10,42,Normal
2026-02-13 10:20:50.635424,Tokyo-d63c,35,23,Normal
2026-02-13 10:20:51.635424,Tokyo-d63c,-6,72,Normal
2026-02-13 10:20:52.635424,Tokyo-d63c,20,58,Normal
2026-02-13 10:20:53.635424,Tokyo-d63c,-12,37,Normal
2026-02-13 10:20:54.635424,Tokyo-d63c,-14,88,Normal
2026-02-13 10:20:55.635424,Tokyo-d63c,12,69,Normal
2026-02-13 10:20:56.635424,Tokyo-d63c,42,86,Normal
2026-02-13 10:20:57.635424,Tokyo-d63c,42,9,Normal
2026-02-13 10:20:58.635424,Tokyo-d63c,34,25,Normal
2026-02-13 10:20:59.635424,Tokyo-d63c,34,8,Normal
2026-02-13 10:21:00.635424,Tokyo-d63c,-3,51,Normal
2026-02-13 10:21:01.635424,Tokyo-d63c,17,46,Normal
2026-02-13 10:21:02.635424,Tokyo-d63c,-30,51,Normal
2026-02-13 10:21:03.635424,Tokyo-d63c,-1,7,Normal
2026-02-13 10:21:04.635424,Tokyo-d63c,-25,59,Normal
2026-02-13 10:21:05.635424,Tokyo-d63c,3,88,Normal
2026-02-13 10:21:06.635424,Tokyo-d63c,48,53,Normal
2026-02-13 10:21:07.635424,Tokyo-d63c,10,24,Normal
2026-02-13 10:21:08.635424,Tokyo-d63c,50,32,Normal
2026-02-13 10:21:09.635424,Tokyo-d63c,12,32,Normal
2026-02-13 10:21:10.635424,Tokyo-d63c,50,49,Normal
2026-02-13 10:21:11.635424,Tokyo-d63c,-6,23,Normal
2026-02-13 10:21:12.635424,Tokyo-d63c,27,9,Normal
2026-02-13 10:21:13.635424,Tokyo-d63c,36,98,Normal
2026-02-13 10:21:14.635424,Tokyo-d63c,9,45,Normal
2026-02-13 10:21:15.635424,Tokyo-d63c,-7,79,Normal
2026-02-13 10:21:16.635424,Tokyo-d63c,-19,30,Normal
2026-02-13 10:21:17.635424,Tokyo-d63c,-24,79,Normal
2026-02-13 10:21:18.635424,Tokyo-d63c,38,41,Normal
2026-02-13 10:21:19.635424,Tokyo-d63c,45,5,Normal
2026-02-13 10:21:20.635424,Tokyo-d63c,39,33,Normal
2026-02-13 10:21:21.635424,Tokyo-d63c,-11,71,Normal
2026-02-13 10:21:22.635424,Tokyo-d63c,-1,36,Normal
2026-02-13 10:21:23.635424,Tokyo-d63c,47,10,Normal
2026-02-13 10:21:24.635424,Tokyo-d63c,26,18,Normal
2026-02-13 10:21:25.635424,Tokyo-d63c,15,83,Normal
2026-02-13 10:21:26.635424,Tokyo-d63c,-10,43,Normal
2026-02-13 10:21:27.635424,Tokyo-d63c,-26,82,Normal
2026-02-13 10:21:28.635424,Tokyo-d63c,12,3,Normal
2026-02-13 10:21:29.635424,Tokyo-d63c,37,25,Normal
2026-02-13 10:21:30.635424,Tokyo-d63c,12,95,Normal
2026-02-13 10:21:31.635424,Tokyo-d63c,-28,50,Normal
2026-02-13 10:21:32.635424,Tokyo-d63c,-18,75,Normal
2026-02-13 10:21:33.635424,Tokyo-d63c,24,6,Normal
2026-02-13 10:21:34.635424,Tokyo-d63c,16,53,Normal
2026-02-13 10:21:35.635424,Tokyo-d63c,21,79,Normal
2026-02-13 10:21:36.635424,Tokyo-d63c,26,38,Normal
2026-02-13 10:21:37.635424,Tokyo-d63c,-12,76,Normal
2026-02-13 10:21:38.635424,Tokyo-d63c,3,7,Normal
2026-02-13 10:21:39.635424,Tokyo-d63c,-6,4,Normal
2026-02-13 10:21:40.635424,Tokyo-d63c,-14,56,Normal
2026-02-13 10:21:41.635424,Tokyo-d63c,20,29,Normal
2026-02-13 10:21:42.635424,Tokyo-d63c,17,3,Normal
2026-02-13 10:21:43.635424,Tokyo-d63c,-9,78,Normal
2026-02-13 10:21:44.635424,Tokyo-d63c,46,12,Normal
2026-02-13 10:21:45.635424,Tokyo-d63c,-15,36,Normal
2026-02-13 10:21:46.635424,Tokyo-d63c,-11,4,Normal
2026-02-13 10:21:47.635424,Tokyo-d63c,27,92,Normal
2026-02-13 10:21:48.635424,Tokyo-d63c,45,72,Normal
2026-02-13 10:21:49.635424,Tokyo-d63c,34,45,Normal
2026-02-13 10:21:50.635424,Tokyo-d63c,50,27,Normal
2026-02-13 10:21:51.635424,Tokyo-d63c,42,67,Normal
2026-02-13 10:21:52.635424,Tokyo-d63c,-3,43,Normal
2026-02-13 10:21:53.635424,Tokyo-d63c,-30,81,Normal
2026-02-13 10:21:54.635424,Tokyo-d63c,-13,20,Normal
2026-02-13 10:21:55.635424,Tokyo-d63c,32,19,Normal
2026-02-13 10:21:56.635424,Tokyo-d63c,-6,3,Normal
2026-02-13 10:21:57.635424,Tokyo-d63c,50,38,Normal
2026-02-13 10:21:58.635424,Tokyo-d63c,-19,46,Normal
2026-02-13 10:21:59.635424,Tokyo-d63c,-5,24,Normal
2026-02-13 10:22:00.635424,Tokyo-d63c,-3,84,Normal
2026-02-13 10:22:01.635424,Tokyo-d63c,-6,87,Normal
2026-02-13 10:22:02.635424,Tokyo-d63c,-27,51,Normal
2026-02-13 10:22:03.635424,Tokyo-d63c,-23,56,Normal
2026-02-13 10:22:04.635424,Tokyo-d63c,-25,88,Normal
2026-02-13 10:22:05.635424,Tokyo-d63c,31,54,Normal
2026-02-13 10:22:06.635424,Tokyo-d63c,49,16,Normal
2026-02-13 10:22:07.635424,Tokyo-d63c,13,41,Normal
2026-02-13 10:22:08.635424,Tokyo-d63c,16,94,Normal
2026-02-13 10:22:09.635424,Tokyo-d63c,24,97,Normal
2026-02-13 10:22:10.635424,Tokyo-d63c,3,39,Normal
2026-02-13 10:22:11.635424,Tokyo-d63c,17,20,Normal
2026-02-13 10:22:12.635424,Tokyo-d63c,10,94,Normal
2026-02-13 10:22:13.635424,Tokyo-d63c,25,60,Normal
2026-02-13 10:22:14.635424,Tokyo-d63c,13,69,Normal
2026-02-13 10:22:15.635424,Tokyo-d63c,50,10,Normal
2026-02-13 10:22:16.635424,Tokyo-d63c,23,80,Normal
2026-02-13 10:22:17.635424,Tokyo-d63c,-29,13,Normal
2026-02-13 10:22:18.635424,Tokyo-d63c,2,34,Normal
2026-02-13 10:22:19.635424,Tokyo-d63c,7,53,Normal
2026-02-13 10:22:20.635424,Tokyo-d63c,26,89,Normal
2026-02-13 10:22:21.635424,Tokyo-d63c,45,93,Normal
2026-02-13 10:22:22.635424,Tokyo-d63c,45,69,Normal
2026-02-13 10:22:23.635424,Tokyo-d63c,40,39,Normal
2026-02-13 10:22:24.635424,Tokyo-d63c,-20,29,Normal
2026-02-13 10:22:25.635424,Tokyo-d63c,-25,100,Normal
2026-02-13 10:22:26.635424,Tokyo-d63c,5,82,Normal
2026-02-13 10:22:27.635424,Tokyo-d63c,-8,98,Normal
2026-02-13 10:22:28.635424,Tokyo-d63c,33,0,Normal
2026-02-13 10:22:29.635424,Tokyo-d63c,32,94,Normal
2026-02-13 10:22:30.635424,Tokyo-d63c,-23,69,Normal
2026-02-13 10:22:31.635424,Tokyo-d63c,4,14,Normal
2026-02-13 10:22:32.635424,Tokyo-d63c,30,61,Normal
2026-02-13 10:22:33.635424,Tokyo-d63c,-15,33,Normal
2026-02-13 10:22:34.635424,Tokyo-d63c,19,43,Normal
2026-02-13 10:22:35.635424,Tokyo-d63c,26,98,Normal
2026-02-13 10:22:36.635424,Tokyo-d63c,12,66,Normal
2026-02-13 10:22:37.635424,Tokyo-d63c,-9,54,Normal
2026-02-13 10:22:38.635424,Tokyo-d63c,39,94,Normal
2026-02-13 10:22:39.635424,Tokyo-d63c,-15,13,Normal
2026-02-13 10:22:40.635424,Tokyo-d63c,34,64,Normal
2026-02-13 10:22:41.635424,Tokyo-d63c,-17,60,Normal
2026-02-13 10:22:42.635424,Tokyo-d63c,-13,40,Normal
2026-02-13 10:22:43.635424,Tokyo-d63c,-17,78,Normal
2026-02-13 10:22:44.635424,Tokyo-d63c,46,4,Normal
2026-02-13 10:22:45.635424,Tokyo-d63c,10,86,Normal
2026-02-13 10:22:46.635424,Tokyo-d63c,-4,19,Normal
2026-02-13 10:22:47.635424,Tokyo-d63c,-22,4,Normal
2026-02-13 10:22:48.635424,Tokyo-d63c,45,6,Normal
2026-02-13 10:22:49.635424,Tokyo-d63c,48,2,Normal
2026-02-13 10:22:50.635424,Tokyo-d63c,-26,29,Normal
2026-02-13 10:22:51.635424,Tokyo-d63c,49,90,Normal
2026-02-13 10:22:52.635424,Tokyo-d63c,48,78,Normal
2026-02-13 10:22:53.635424,Tokyo-d63c,-25,51,Normal
2026-02-13 10:22:54.635424,Tokyo-d63c,-30,95,Normal
2026-02-13 10:22:55.635424,Tokyo-d63c,20,57,Normal
2026-02-13 10:22:56.635424,Tokyo-d63c,25,98,Normal
2026-02-13 10:22:57.635424,Tokyo-d63c,-17,94,Normal
2026-02-13 10:22:58.635424,Tokyo-d63c,-15,54,Normal
2026-02-13 10:22:59.635424,Tokyo-d63c,-14,19,Normal
2026-02-13 10:23:00.635424,Tokyo-d63c,47,55,Normal
2026-02-13 10:23:01.635424,Tokyo-d63c,48,44,Normal
2026-02-13 10:23:02.635424,Tokyo-d63c,7,20,Normal
2026-02-13 10:23:03.635424,Tokyo-d63c,-19,31,Normal
2026-02-13 10:23:04.635424,Tokyo-d63c,19,73,Normal
2026-02-13 10:23:05.635424,Tokyo-d63c,36,89,Normal
2026-02-13 10:23:06.635424,Tokyo-d63c,20,55,Normal
2026-02-13 10:23:07.635424,Tokyo-d63c,-12,25,Normal
2026-02-13 10:23:08.635424,Tokyo-d63c,9,82,Normal
2026-02-13 10:23:09.635424,Tokyo-d63c,32,43,Normal
2026-02-13 10:23:10.635424,Tokyo-d63c,-1,62,Normal
2026-02-13 10:23:11.635424,Tokyo-d63c,10,30,Normal
2026-02-13 10:23:12.635424,Tokyo-d63c,37,54,Normal
2026-02-13 10:23:13.635424,Tokyo-d63c,0,10,Normal
2026-02-13 10:23:14.635424,Tokyo-d63c,-7,7,Normal
2026-02-13 10:23:15.635424,Tokyo-d63c,0,77,Normal
2026-02-13 10:23:16.635424,Tokyo-d63c,36,45,Normal
2026-02-13 10:23:17.635424,Tokyo-d63c,2,98,Normal
2026-02-13 10:23:18.635424,Tokyo-d63c,37,0,Normal
2026-02-13 10:23:19.635424,Tokyo-d63c,41,62,Normal
2026-02-13 10:23:20.635424,Tokyo-d63c,-15,24,Normal
2026-02-13 10:23:21.635424,Tokyo-d63c,0,52,Normal
2026-02-13 10:23:22.635424,Tokyo-d63c,20,58,Normal
2026-02-13 10:23:23.635424,Tokyo-d63c,27,60,Normal
2026-02-13 10:23:24.635424,Tokyo-d63c,-25,48,Normal
2026-02-13 10:23:25.635424,Tokyo-d63c,21,21,Normal
2026-02-13 10:23:26.635424,Tokyo-d63c,10,62,Normal
2026-02-13 10:23:27.635424,Tokyo-d63c,19,2,Normal
2026-02-13 10:23:28.635424,Tokyo-d63c,-11,33,Normal
2026-02-13 10:23:29.635424,Tokyo-d63c,50,92,Normal
2026-02-13 10:23:30.635424,Tokyo-d63c,-5,77,Normal
2026-02-13 10:23:31.635424,Tokyo-d63c,48,24,Normal
2026-02-13 10:23:32.635424,Tokyo-d63c,-1,21,Normal
2026-02-13 10:23:33.635424,Tokyo-d63c,-10,23,Normal
2026-02-13 10:23:34.635424,Tokyo-d63c,-9,74,Normal
2026-02-13 10:23:35.635424,Tokyo-d63c,46,100,Normal
2026-02-13 10:23:36.635424,Tokyo-d63c,-24,41,Normal
2026-02-13 10:23:37.635424,Tokyo-d63c,48,80,Normal
2026-02-13 10:23:38.635424,Tokyo-d63c,-5,8,Normal
2026-02-13 10:23:39.635424,Tokyo-d63c,20,59,Normal
2026-02-13 10:23:40.635424,Tokyo-d63c,30,88,Normal
2026-02-13 10:23:41.635424,Tokyo-d63c,-8,94,Normal
2026-02-13 10:23:42.635424,Tokyo-d63c,-26,13,Normal
2026-02-13 10:23:43.635424,Tokyo-d63c,-4,88,Normal
2026-02-13 10:23:44.635424,Tokyo-d63c,-23,88,Normal
2026-02-13 10:23:45.635424,Tokyo-d63c,16,35,Normal
2026-02-13 10:23:46.635424,Tokyo-d63c,4,77,Normal
2026-02-13 10:23:47.635424,Tokyo-d63c,-16,12,Normal
2026-02-13 10:23:48.635424,Tokyo-d63c,-17,59,Normal
2026-02-13 10:23:49.635424,Tokyo-d63c,-4,13,Normal
2026-02-13 10:23:50.635424,Tokyo-d63c,22,21,Normal
2026-02-13 10:23:51.635424,Tokyo-d63c,-18,31,Normal
2026-02-13 10:23:52.635424,Tokyo-d63c,1,29,Normal
2026-02-13 10:23:53.635424,Tokyo-d63c,37,67,Normal
2026-02-13 10:23:54.635424,Tokyo-d63c,-24,44,Normal
2026-02-13 10:23:55.635424,Tokyo-d63c,24,12,Normal
2026-02-13 10:23:56.635424,Tokyo-d63c,26,40,Normal
2026-02-13 10:23:57.635424,Tokyo-d63c,34,74,Normal
2026-02-13 10:23:58.635424,Tokyo-d63c,-5,58,Normal
2026-02-13 10:23:59.635424,Tokyo-d63c,13,2,Normal
2026-02-13 10:24:00.635424,Tokyo-d63c,-13,88,Normal
2026-02-13 10:24:01.635424,Tokyo-d63c,-7,31,Normal
2026-02-13 10:24:02.635424,Tokyo-d63c,2,48,Normal
2026-02-13 10:24:03.635424,Tokyo-d63c,-29,85,Normal
2026-02-13 10:24:04.635424,Tokyo-d63c,-24,77,Normal
2026-02-13 10:24:05.635424,Tokyo-d63c,5,68,Normal
2026-02-13 10:24:06.635424,Tokyo-d63c,39,100,Normal
2026-02-13 10:24:07.635424,Tokyo-d63c,-26,58,Normal
2026-02-13 10:24:08.635424,Tokyo-d63c,14,36,Normal
2026-02-13 10:24:09.635424,Tokyo-d63c,-6,90,Normal
2026-02-13 10:24:10.635424,Tokyo-d63c,20,0,Normal
2026-02-13 10:24:11.635424,Tokyo-d63c,13,14,Normal
2026-02-13 10:24:12.635424,Tokyo-d63c,2,81,Normal
2026-02-13 10:24:13.635424,Tokyo-d63c,-30,97,Normal
2026-02-13 10:24:14.635424,Tokyo-d63c,47,79,Normal
2026-02-13 10:24:15.635424,Tokyo-d63c,5,51,Normal
2026-02-13 10:24:16.635424,Tokyo-d63c,-30,35,Normal
2026-02-13 10:24:17.635424,Tokyo-d63c,5,73,Normal
2026-02-13 10:24:18.635424,Tokyo-d63c,-17,58,Normal
2026-02-13 10:24:19.635424,Tokyo-d63c,-11,78,Normal
2026-02-13 10:24:20.635424,Tokyo-d63c,-6,41,Normal
2026-02-13 10:24:21.635424,Tokyo-d63c,-23,13,Normal
2026-02-13 10:24:22.635424,Tokyo-d63c,-13,60,Normal
2026-02-13 10:24:23.635424,Tokyo-d63c,-29,18,Normal
2026-02-13 10:24:24.635424,Tokyo-d63c,20,16,Normal
2026-02-13 10:24:25.635424,Tokyo-d63c,-6,60,Normal
2026-02-13 10:24:26.635424,Tokyo-d63c,-15,92,Normal
2026-02-13 10:24:27.635424,Tokyo-d63c,31,12,Normal
2026-02-13 10:24:28.635424,Tokyo-d63c,-21,18,Normal
2026-02-13 10:24:29.635424,Tokyo-d63c,11,98,Normal
2026-02-13 10:24:30.635424,Tokyo-d63c,25,50,Normal
2026-02-13 10:24:31.635424,Tokyo-d63c,27,92,Normal
2026-02-13 10:24:32.635424,Tokyo-d63c,30,73,Normal
2026-02-13 10:24:33.635424,Tokyo-d63c,-6,18,Normal
2026-02-13 10:24:34.635424,Tokyo-d63c,34,1,Normal
2026-02-13 10:24:35.635424,Tokyo-d63c,-14,57,Normal
2026-02-13 10:24:36.635424,Tokyo-d63c,9,32,Normal
2026-02-13 10:24:37.635424,Tokyo-d63c,27,53,Normal
2026-02-13 10:24:38.635424,Tokyo-d63c,-22,47,Normal
2026-02-13 10:24:39.635424,Tokyo-d63c,37,62,Normal
2026-02-13 10:24:40.635424,Tokyo-d63c,-5,5,Normal
2026-02-13 10:24:41.635424,Tokyo-d63c,7,34,Normal
2026-02-13 10:24:42.635424,Tokyo-d63c,18,39,Normal
2026-02-13 10:24:43.635424,Tokyo-d63c,-24,46,Normal
2026-02-13 10:24:44.635424,Tokyo-d63c,26,35,Normal
2026-02-13 10:24:45.635424,Tokyo-d63c,43,89,Normal
2026-02-13 10:24:46.635424,Tokyo-d63c,2,21,Normal
2026-02-13 10:24:47.635424,Tokyo-d63c,46,23,Normal
2026-02-13 10:24:48.635424,Tokyo-d63c,0,67,Normal
2026-02-13 10:24:49.635424,Tokyo-d63c,25,38,Normal
2026-02-13 10:24:50.635424,Tokyo-d63c,5,77,Normal
2026-02-13 10:24:51.635424,Tokyo-d63c,-29,64,Normal
2026-02-13 10:24:52.635424,Tokyo-d63c,-24,72,Normal
2026-02-13 10:24:53.635424,Tokyo-d63c,-1,27,Normal
2026-02-13 10:24:54.635424,Tokyo-d63c,37,57,Normal
2026-02-13 10:24:55.635424,Tokyo-d63c,26,49,Normal
2026-02-13 10:24:56.635424,Tokyo-d63c,-8,89,Normal
2026-02-13 10:24:57.635424,Tokyo-d63c,15,40,Normal
2026-02-13 10:24:58.635424,Tokyo-d63c,12,44,Normal
2026-02-13 10:24:59.635424,Tokyo-d63c,30,31,Normal
2026-02-13 10:25:00.635424,Tokyo-d63c,29,24,Normal
2026-02-13 10:25:01.635424,Tokyo-d63c,-29,40,Normal
2026-02-13 10:25:02.635424,Tokyo-d63c,30,72,Normal
2026-02-13 10:25:03.635424,Tokyo-d63c,31,27,Normal
2026-02-13 10:25:04.635424,Tokyo-d63c,-14,77,Normal
2026-02-13 10:25:05.635424,Tokyo-d63c,-1,0,Normal
2026-02-13 10:25:06.635424,Tokyo-d63c,-11,65,Normal
2026-02-13 10:25:07.635424,Tokyo-d63c,-15,57,Normal
2026-02-13 10:25:08.635424,Tokyo-d63c,6,36,Normal
2026-02-13 10:25:09.635424,Tokyo-d63c,41,49,Normal
2026-02-13 10:25:10.635424,Tokyo-d63c,15,19,Normal
2026-02-13 10:25:11.635424,Tokyo-d63c,5,11,Normal
2026-02-13 10:25:12.635424,Tokyo-d63c,45,22,Normal
2026-02-13 10:25:13.635424,Tokyo-d63c,15,63,Normal
2026-02-13 10:25:14.635424,Tokyo-d63c,34,44,Normal
2026-02-13 10:25:15.635424,Tokyo-d63c,13,2,Normal
2026-02-13 10:25:16.635424,Tokyo-d63c,40,75,Normal
2026-02-13 10:25:17.635424,Tokyo-d63c,20,34,Normal
2026-02-13 10:25:18.635424,Tokyo-d63c,40,99,Normal
2026-02-13 10:25:19.635424,Tokyo-d63c,20,85,Normal
2026-02-13 10:25:20.635424,Tokyo-d63c,6,88,Normal
2026-02-13 10:25:21.635424,Tokyo-d63c,6,24,Normal
2026-02-13 10:25:22.635424,Tokyo-d63c,33,17,Normal
2026-02-13 10:25:23.635424,Tokyo-d63c,2,18,Normal
2026-02-13 10:25:24.635424,Tokyo-d63c,-10,60,Normal
2026-02-13 10:25:25.635424,Tokyo-d63c,1,88,Normal
2026-02-13 10:25:26.635424,Tokyo-d63c,31,64,Normal
2026-02-13 10:25:27.635424,Tokyo-d63c,19,65,Normal
2026-02-13 10:25:28.635424,Tokyo-d63c,-12,37,Normal
2026-02-13 10:25:29.635424,Tokyo-d63c,32,0,Normal
2026-02-13 10:25:30.635424,Tokyo-d63c,26,57,Normal
2026-02-13 10:25:31.635424,Tokyo-d63c,-29,33,Normal
2026-02-13 10:25:32.635424,Tokyo-d63c,26,65,Normal
2026-02-13 10:25:33.635424,Tokyo-d63c,-4,17,Normal
2026-02-13 10:25:34.635424,Tokyo-d63c,36,81,Normal
2026-02-13 10:25:35.635424,Tokyo-d63c,42,82,Normal
2026-02-13 10:25:36.635424,Tokyo-d63c,35,59,Normal
2026-02-13 10:25:37.635424,Tokyo-d63c,-4,29,Normal
2026-02-13 10:25:38.635424,Tokyo-d63c,31,6,Normal
2026-02-13 10:25:39.635424,Tokyo-d63c,-6,60,Normal
2026-02-13 10:25:40.635424,Tokyo-d63c,-3,40,Normal
2026-02-13 10:25:41.635424,Tokyo-d63c,50,87,Normal
2026-02-13 10:25:42.635424,Tokyo-d63c,33,40,Normal
2026-02-13 10:25:43.635424,Tokyo-d63c,11,100,Normal
2026-02-13 10:25:44.635424,Tokyo-d63c,-24,16,Normal
2026-02-13 10:25:45.635424,Tokyo-d63c,0,24,Normal
2026-02-13 10:25:46.635424,Tokyo-d63c,43,55,Normal
2026-02-13 10:25:47.635424,Tokyo-d63c,14,42,Normal
2026-02-13 10:25:48.635424,Tokyo-d63c,-30,69,Normal
2026-02-13 10:25:49.635424,Tokyo-d63c,11,85,Normal
2026-02-13 10:25:50.635424,Tokyo-d63c,50,63,Normal
2026-02-13 10:25:51.635424,Tokyo-d63c,27,84,Normal
2026-02-13 10:25:52.635424,Tokyo-d63c,-5,61,Normal
2026-02-13 10:25:53.635424,Tokyo-d63c,39,33,Normal
2026-02-13 10:25:54.635424,Tokyo-d63c,50,84,Normal
2026-02-13 10:25:55.635424,Tokyo-d63c,6,4,Normal
2026-02-13 10:25:56.635424,Tokyo-d63c,-5,38,Normal
2026-02-13 10:25:57.635424,Tokyo-d63c,-26,23,Normal
2026-02-13 10:25:58.635424,Tokyo-d63c,-23,41,Normal
2026-02-13 10:25:59.635424,Tokyo-d63c,-3,48,Normal
2026-02-13 10:26:00.635424,Tokyo-d63c,15,96,Normal
2026-02-13 10:26:01.635424,Tokyo-d63c,-20,39,Normal
2026-02-13 10:26:02.635424,Tokyo-d63c,29,76,Normal
2026-02-13 10:26:03.635424,Tokyo-d63c,32,77,Normal
2026-02-13 10:26:04.635424,Tokyo-d63c,27,26,Normal
2026-02-13 10:26:05.635424,Tokyo-d63c,-13,1,Normal
2026-02-13 10:26:06.635424,Tokyo-d63c,19,97,Normal
2026-02-13 10:26:07.635424,Tokyo-d63c,49,37,Normal
2026-02-13 10:26:08.635424,Tokyo-d63c,-17,4,Normal
2026-02-13 10:26:09.635424,Tokyo-d63c,46,93,Normal
2026-02-13 10:26:10.635424,Tokyo-d63c,5,8,Normal
2026-02-13 10:26:11.635424,Tokyo-d63c,20,90,Normal
2026-02-13 10:26:12.635424,Tokyo-d63c,-8,57,Normal
2026-02-13 10:26:13.635424,Tokyo-d63c,39,11,Normal
2026-02-13 10:26:14.635424,Tokyo-d63c,22,26,Normal
2026-02-13 10:26:15.635424,Tokyo-d63c,-28,41,Normal
2026-02-13 10:26:16.635424,Tokyo-d63c,33,55,Normal
2026-02-13 10:26:17.635424,Tokyo-d63c,-3,66,Normal
2026-02-13 10:26:18.635424,Tokyo-d63c,31,70,Normal
2026-02-13 10:26:19.635424,Tokyo-d63c,5,87,Normal
2026-02-13 10:26:20.635424,Tokyo-d63c,35,71,Normal
2026-02-13 10:26:21.635424,Tokyo-d63c,-25,43,Normal
2026-02-13 10:26:22.635424,Tokyo-d63c,-18,99,Normal
2026-02-13 10:26:23.635424,Tokyo-d63c,24,44,Normal
2026-02-13 10:26:24.635424,Tokyo-d63c,-12,9,Normal
2026-02-13 10:26:25.635424,Tokyo-d63c,42,42,Normal
2026-02-13 10:26:26.635424,Tokyo-d63c,5,33,Normal
2026-02-13 10:26:27.635424,Tokyo-d63c,38,59,Normal
2026-02-13 10:26:28.635424,Tokyo-d63c,19,98,Normal
2026-02-13 10:26:29.635424,Tokyo-d63c,38,32,Normal
2026-02-13 10:26:30.635424,Tokyo-d63c,14,1,Normal
2026-02-13 10:26:31.635424,Tokyo-d63c,15,32,Normal
2026-02-13 10:26:32.635424,Tokyo-d63c,-15,15,Normal
2026-02-13 10:26:33.635424,Tokyo-d63c,-10,5,Normal
2026-02-13 10:26:34.635424,Tokyo-d63c,-25,84,Normal
2026-02-13 10:26:35.635424,Tokyo-d63c,2,8,Normal
2026-02-13 10:26:36.635424,Tokyo-d63c,7,15,Normal
2026-02-13 10:26:37.635424,Tokyo-d63c,32,96,Normal
2026-02-13 10:26:38.635424,Tokyo-d63c,-17,51,Normal
2026-02-13 10:26:39.635424,Tokyo-d63c,-2,10,Normal
2026-02-13 10:26:40.635424,Tokyo-d63c,41,6,Normal
2026-02-13 10:26:41.635424,Tokyo-d63c,41,33,Normal
2026-02-13 10:26:42.635424,Tokyo-d63c,24,87,Normal
2026-02-13 10:26:43.635424,Tokyo-d63c,30,50,Normal
2026-02-13 10:26:44.635424,Tokyo-d63c,-18,12,Normal
2026-02-13 10:26:45.635424,Tokyo-d63c,-16,21,Normal
2026-02-13 10:26:46.635424,Tokyo-d63c,49,41,Normal
2026-02-13 10:26:47.635424,Tokyo-d63c,38,69,Normal
2026-02-13 10:26:48.635424,Tokyo-d63c,24,21,Normal
2026-02-13 10:26:49.635424,Tokyo-d63c,33,27,Normal
2026-02-13 10:26:50.635424,Tokyo-d63c,41,88,Normal
2026-02-13 10:26:51.635424,Tokyo-d63c,-13,90,Normal
2026-02-13 10:26:52.635424,Tokyo-d63c,47,71,Normal
2026-02-13 10:26:53.635424,Tokyo-d63c,-16,1,Normal
2026-02-13 10:26:54.635424,Tokyo-d63c,15,99,Normal
2026-02-13 10:26:55.635424,Tokyo-d63c,22,68,Normal
2026-02-13 10:26:56.635424,Tokyo-d63c,8,39,Normal
2026-02-13 10:26:57.635424,Tokyo-d63c,-3,98,Normal
2026-02-13 10:26:58.635424,Tokyo-d63c,-19,14,Normal
2026-02-13 10:26:59.635424,Tokyo-d63c,14,84,Normal
2026-02-13 10:27:00.635424,Tokyo-d63c,31,93,Normal
2026-02-13 10:27:01.635424,Tokyo-d63c,-21,25,Normal
2026-02-13 10:27:02.635424,Tokyo-d63c,-8,43,Normal
2026-02-13 10:27:03.635424,Tokyo-d63c,-6,55,Normal
2026-02-13 10:27:04.635424,Tokyo-d63c,39,29,Normal
2026-02-13 10:27:05.635424,Tokyo-d63c,-21,95,Normal
2026-02-13 10:27:06.635424,Tokyo-d63c,40,48,Normal
2026-02-13 10:27:07.635424,Tokyo-d63c,-7,93,Normal
2026-02-13 10:27:08.635424,Tokyo-d63c,39,91,Normal
2026-02-13 10:27:09.635424,Tokyo-d63c,47,80,Normal
2026-02-13 10:27:10.635424,Tokyo-d63c,-21,54,Normal
2026-02-13 10:27:11.635424,Tokyo-d63c,42,86,Normal
2026-02-13 10:27:12.635424,Tokyo-d63c,-1,53,Normal
2026-02-13 10:27:13.635424,Tokyo-d63c,26,94,Normal
2026-02-13 10:27:14.635424,Tokyo-d63c,48,9,Normal
2026-02-13 10:27:15.635424,Tokyo-d63c,40,90,Normal
2026-02-13 10:27:16.635424,Tokyo-d63c,-6,100,Normal
2026-02-13 10:27:17.635424,Tokyo-d63c,5,10,Normal
2026-02-13 10:27:18.635424,Tokyo-d63c,12,71,Normal
2026-02-13 10:27:19.635424,Tokyo-d63c,14,77,Normal
2026-02-13 10:27:20.635424,Tokyo-d63c,18,98,Normal
2026-02-13 10:27:21.635424,Tokyo-d63c,18,37,Normal
2026-02-13 10:27:22.635424,Tokyo-d63c,14,10,Normal
2026-02-13 10:27:23.635424,Tokyo-d63c,-11,6,Normal
2026-02-13 10:27:24.635424,Tokyo-d63c,26,60,Normal
2026-02-13 10:27:25.635424,Tokyo-d63c,8,47,Normal
2026-02-13 10:27:26.635424,Tokyo-d63c,-5,85,Normal
2026-02-13 10:27:27.635424,Tokyo-d63c,2,97,Normal
2026-02-13 10:27:28.635424,Tokyo-d63c,-17,79,Normal
2026-02-13 10:27:29.635424,Tokyo-d63c,-1,15,Normal
2026-02-13 10:27:30.635424,Tokyo-d63c,36,22,Normal
2026-02-13 10:27:31.635424,Tokyo-d63c,41,11,Normal
2026-02-13 10:27:32.635424,Tokyo-d63c,22,65,Normal
2026-02-13 10:27:33.635424,Tokyo-d63c,-12,34,Normal
2026-02-13 10:27:34.635424,Tokyo-d63c,-17,62,Normal
2026-02-13 10:27:35.635424,Tokyo-d63c,-11,7,Normal
2026-02-13 10:27:36.635424,Tokyo-d63c,49,28,Normal
2026-02-13 10:27:37.635424,Tokyo-d63c,-12,72,Normal
2026-02-13 10:27:38.635424,Tokyo-d63c,-14,74,Normal
2026-02-13 10:27:39.635424,Tokyo-d63c,5,71,Normal
2026-02-13 10:27:40.635424,Tokyo-d63c,24,17,Normal
2026-02-13 10:27:41.635424,Tokyo-d63c,46,43,Normal
2026-02-13 10:27:42.635424,Tokyo-d63c,-14,27,Normal
2026-02-13 10:27:43.635424,Tokyo-d63c,25,21,Normal
2026-02-13 10:27:44.635424,Tokyo-d63c,26,1,Normal
2026-02-13 10:27:45.635424,Tokyo-d63c,-6,2,Normal
2026-02-13 10:27:46.635424,Tokyo-d63c,38,13,Normal
2026-02-13 10:27:47.635424,Tokyo-d63c,-7,95,Normal
2026-02-13 10:27:48.635424,Tokyo-d63c,49,14,Normal
2026-02-13 10:27:49.635424,Tokyo-d63c,-24,54,Normal
2026-02-13 10:27:50.635424,Tokyo-d63c,35,71,Normal
2026-02-13 10:27:51.635424,Tokyo-d63c,-3,29,Normal
2026-02-13 10:27:52.635424,Tokyo-d63c,0,18,Normal
2026-02-13 10:27:53.635424,Tokyo-d63c,25,25,Normal
2026-02-13 10:27:54.635424,Tokyo-d63c,30,10,Normal
2026-02-13 10:27:55.635424,Tokyo-d63c,-24,21,Normal
2026-02-13 10:27:56.635424,Tokyo-d63c,-21,69,Normal
2026-02-13 10:27:57.635424,Tokyo-d63c,-14,70,Normal
2026-02-13 10:27:58.635424,Tokyo-d63c,22,52,Normal
2026-02-13 10:27:59.635424,Tokyo-d63c,47,60,Normal
2026-02-13 10:28:00.635424,Tokyo-d63c,-5,0,Normal
2026-02-13 10:28:01.635424,Tokyo-d63c,-18,55,Normal
2026-02-13 10:28:02.635424,Tokyo-d63c,40,30,Normal
2026-02-13 10:28:03.635424,Tokyo-d63c,-6,50,Normal
2026-02-13 10:28:04.635424,Tokyo-d63c,13,77,Normal
2026-02-13 10:28:05.635424,Tokyo-d63c,-30,50,Normal
2026-02-13 10:28:06.635424,Tokyo-d63c,39,41,Normal
2026-02-13 10:28:07.635424,Tokyo-d63c,-21,12,Normal
2026-02-13 10:28:08.635424,Tokyo-d63c,-25,96,Normal
2026-02-13 10:28:09.635424,Tokyo-d63c,28,9,Normal
2026-02-13 10:28:10.635424,Tokyo-d63c,2,57,Normal
2026-02-13 10:28:11.635424,Tokyo-d63c,39,72,Normal
2026-02-13 10:28:12.635424,Tokyo-d63c,-26,61,Normal
2026-02-13 10:28:13.635424,Tokyo-d63c,26,55,Normal
2026-02-13 10:28:14.635424,Tokyo-d63c,-20,4,Normal
2026-02-13 10:28:15.635424,Tokyo-d63c,49,11,Normal
2026-02-13 10:28:16.635424,Tokyo-d63c,23,80,Normal
2026-02-13 10:28:17.635424,Tokyo-d63c,-2,2,Normal
2026-02-13 10:28:18.635424,Tokyo-d63c,-7,88,Normal
2026-02-13 10:28:19.635424,Tokyo-d63c,3,81,Normal
2026-02-13 10:28:20.635424,Tokyo-d63c,44,28,Normal
2026-02-13 10:28:21.635424,Tokyo-d63c,32,5,Normal
2026-02-13 10:28:22.635424,Tokyo-d63c,26,34,Normal
2026-02-13 10:28:23.635424,Tokyo-d63c,42,55,Normal
2026-02-13 10:28:24.635424,Tokyo-d63c,14,4,Normal
2026-02-13 10:28:25.635424,Tokyo-d63c,-10,46,Normal
2026-02-13 10:28:26.635424,Tokyo-d63c,26,28,Normal
2026-02-13 10:28:27.635424,Tokyo-d63c,6,76,Normal
2026-02-13 10:28:28.635424,Tokyo-d63c,25,79,Normal
2026-02-13 10:28:29.635424,Tokyo-d63c,28,60,Normal
2026-02-13 10:28:30.635424,Tokyo-d63c,-23,94,Normal
2026-02-13 10:28:31.635424,Tokyo-d63c,24,69,Normal
2026-02-13 10:28:32.635424,Tokyo-d63c,-28,66,Normal
2026-02-13 10:28:33.635424,Tokyo-d63c,-9,2,Normal
2026-02-13 10:28:34.635424,Tokyo-d63c,41,61,Normal
2026-02-13 10:28:35.635424,Tokyo-d63c,28,65,Normal
2026-02-13 10:28:36.635424,Tokyo-d63c,5,67,Normal
2026-02-13 10:28:37.635424,Tokyo-d63c,-8,16,Normal
2026-02-13 10:28:38.635424,Tokyo-d63c,15,29,Normal
2026-02-13 10:28:39.635424,Tokyo-d63c,36,32,Normal
2026-02-13 10:28:40.635424,Tokyo-d63c,19,14,Normal
2026-02-13 10:28:41.635424,Tokyo-d63c,39,13,Normal
2026-02-13 10:28:42.635424,Tokyo-d63c,-30,42,Normal
2026-02-13 10:28:43.635424,Tokyo-d63c,4,54,Normal
2026-02-13 10:28:44.635424,Tokyo-d63c,-14,64,Normal
2026-02-13 10:28:45.635424,Tokyo-d63c,48,63,Normal
2026-02-13 10:28:46.635424,Tokyo-d63c,13,37,Normal
2026-02-13 10:28:47.635424,Tokyo-d63c,19,60,Normal
2026-02-13 10:28:48.635424,Tokyo-d63c,33,64,Normal
2026-02-13 10:28:49.635424,Tokyo-d63c,4,34,Normal
2026-02-13 10:28:50.635424,Tokyo-d63c,21,94,Normal
2026-02-13 10:28:51.635424,Tokyo-d63c,14,13,Normal
2026-02-13 10:28:52.635424,Tokyo-d63c,-26,44,Normal
2026-02-13 10:28:53.635424,Tokyo-d63c,-24,72,Normal
2026-02-13 10:28:54.635424,Tokyo-d63c,-13,39,Normal
2026-02-13 10:28:55.635424,Tokyo-d63c,-22,38,Normal
2026-02-13 10:28:56.635424,Tokyo-d63c,18,24,Normal
2026-02-13 10:28:57.635424,Tokyo-d63c,-25,44,Normal
2026-02-13 10:28:58.635424,Tokyo-d63c,16,80,Normal
2026-02-13 10:28:59.635424,Tokyo-d63c,3,46,Normal
2026-02-13 10:29:00.635424,Tokyo-d63c,30,80,Normal
2026-02-13 10:29:01.635424,Tokyo-d63c,18,73,Normal
2026-02-13 10:29:02.635424,Tokyo-d63c,49,52,Normal
2026-02-13 10:29:03.635424,Tokyo-d63c,-18,99,Normal
2026-02-13 10:29:04.635424,Tokyo-d63c,16,72,Normal
2026-02-13 10:29:05.635424,Tokyo-d63c,-27,37,Normal
2026-02-13 10:29:06.635424,Tokyo-d63c,-11,26,Normal
2026-02-13 10:29:07.635424,Tokyo-d63c,43,8,Normal
2026-02-13 10:29:08.635424,Tokyo-d63c,16,71,Normal
2026-02-13 10:29:09.635424,Tokyo-d63c,21,63,Normal
2026-02-13 10:29:10.635424,Tokyo-d63c,5,91,Normal
2026-02-13 10:29:11.635424,Tokyo-d63c,-7,86,Normal
2026-02-13 10:29:12.635424,Tokyo-d63c,45,60,Normal
2026-02-13 10:29:13.635424,Tokyo-d63c,35,39,Normal
2026-02-13 10:29:14.635424,Tokyo-d63c,41,34,Normal
2026-02-13 10:29:15.635424,Tokyo-d63c,46,84,Normal
2026-02-13 10:29:16.635424,Tokyo-d63c,-21,75,Normal
2026-02-13 10:29:17.635424,Tokyo-d63c,19,41,Normal
2026-02-13 10:29:18.635424,Tokyo-d63c,-23,7,Normal
2026-02-13 10:29:19.635424,Tokyo-d63c,42,25,Normal
2026-02-13 10:29:20.635424,Tokyo-d63c,-5,47,Normal
2026-02-13 10:29:21.635424,Tokyo-d63c,13,16,Normal
2026-02-13 10:29:22.635424,Tokyo-d63c,-16,37,Normal
2026-02-13 10:29:23.635424,Tokyo-d63c,-20,47,Normal
2026-02-13 10:29:24.635424,Tokyo-d63c,-24,80,Normal
2026-02-13 10:29:25.635424,Tokyo-d63c,-20,68,Normal
2026-02-13 10:29:26.635424,Tokyo-d63c,-25,5,Normal
2026-02-13 10:29:27.635424,Tokyo-d63c,-30,99,Normal
2026-02-13 10:29:28.635424,Tokyo-d63c,19,7,Normal
2026-02-13 10:29:29.635424,Tokyo-d63c,-6,83,Normal
2026-02-13 10:29:30.635424,Tokyo-d63c,50,56,Normal
2026-02-13 10:29:31.635424,Tokyo-d63c,-21,81,Normal
2026-02-13 10:29:32.635424,Tokyo-d63c,22,24,Normal
2026-02-13 10:29:33.635424,Tokyo-d63c,0,45,Normal
2026-02-13 10:29:34.635424,Tokyo-d63c,-24,25,Normal
2026-02-13 10:29:35.635424,Tokyo-d63c,-11,73,Normal
2026-02-13 10:29:36.635424,Tokyo-d63c,-6,59,Normal
2026-02-13 10:29:37.635424,Tokyo-d63c,-21,17,Normal
2026-02-13 10:29:38.635424,Tokyo-d63c,16,23,Normal
2026-02-13 10:29:39.635424,Tokyo-d63c,49,42,Normal
2026-02-13 10:29:40.635424,Tokyo-d63c,1,21,Normal
2026-02-13 10:29:41.635424,Tokyo-d63c,41,72,Normal
2026-02-13 10:29:42.635424,Tokyo-d63c,37,40,Normal
2026-02-13 10:29:43.635424,Tokyo-d63c,-27,100,Normal
2026-02-13 10:29:44.635424,Tokyo-d63c,-19,13,Normal
2026-02-13 10:29:45.635424,Tokyo-d63c,-1,19,Normal
2026-02-13 10:29:46.635424,Tokyo-d63c,1,48,Normal
2026-02-13 10:29:47.635424,Tokyo-d63c,26,95,Normal
2026-02-13 10:29:48.635424,Tokyo-d63c,-13,98,Normal
2026-02-13 10:29:49.635424,Tokyo-d63c,-19,71,Normal
2026-02-13 10:29:50.635424,Tokyo-d63c,33,45,Normal
2026-02-13 10:29:51.635424,Tokyo-d63c,-9,70,Normal
2026-02-13 10:29:52.635424,Tokyo-d63c,-5,29,Normal
2026-02-13 10:29:53.635424,Tokyo-d63c,47,53,Normal
2026-02-13 10:29:54.635424,Tokyo-d63c,-19,19,Normal
2026-02-13 10:29:55.635424,Tokyo-d63c,25,30,Normal
2026-02-13 10:29:56.635424,Tokyo-d63c,41,19,Normal
2026-02-13 10:29:57.635424,Tokyo-d63c,45,16,Normal
2026-02-13 10:29:58.635424,Tokyo-d63c,21,89,Normal
2026-02-13 10:29:59.635424,Tokyo-d63c,45,47,Normal
2026-02-13 10:30:00.635424,Tokyo-d63c,45,6,Normal
2026-02-13 10:30:01.635424,Tokyo-d63c,13,36,Normal
2026-02-13 10:30:02.635424,Tokyo-d63c,11,82,Normal
2026-02-13 10:30:03.635424,Tokyo-d63c,20,13,Normal
2026-02-13 10:30:04.635424,Tokyo-d63c,-1,61,Normal
2026-02-13 10:30:05.635424,Tokyo-d63c,5,7,Normal
2026-02-13 10:30:06.635424,Tokyo-d63c,-17,9,Normal
2026-02-13 10:30:07.635424,Tokyo-d63c,33,39,Normal
2026-02-13 10:30:08.635424,Tokyo-d63c,38,35,Normal
2026-02-13 10:30:09.635424,Tokyo-d63c,49,60,Normal
2026-02-13 10:30:10.635424,Tokyo-d63c,-19,15,Normal
2026-02-13 10:30:11.635424,Tokyo-d63c,-20,13,Normal
2026-02-13 10:30:12.635424,Tokyo-d63c,22,26,Normal
2026-02-13 10:30:13.635424,Tokyo-d63c,2,77,Normal
2026-02-13 10:30:14.635424,Tokyo-d63c,9,73,Normal
2026-02-13 10:30:15.635424,Tokyo-d63c,4,50,Normal
2026-02-13 10:30:16.635424,Tokyo-d63c,39,64,Normal
2026-02-13 10:30:17.635424,Tokyo-d63c,29,52,Normal
2026-02-13 10:30:18.635424,Tokyo-d63c,-16,35,Normal
2026-02-13 10:30:19.635424,Tokyo-d63c,12,20,Normal
2026-02-13 10:30:20.635424,Tokyo-d63c,-2,45,Normal
2026-02-13 10:30:21.635424,Tokyo-d63c,39,85,Normal
2026-02-13 10:30:22.635424,Tokyo-d63c,6,80,Normal
2026-02-13 10:30:23.635424,Tokyo-d63c,11,70,Normal
2026-02-13 10:30:24.635424,Tokyo-d63c,16,19,Normal
2026-02-13 10:30:25.635424,Tokyo-d63c,-4,89,Normal
2026-02-13 10:30:26.635424,Tokyo-d63c,44,97,Normal
2026-02-13 10:30:27.635424,Tokyo-d63c,-15,56,Normal
2026-02-13 10:30:28.635424,Tokyo-d63c,42,74,Normal
2026-02-13 10:30:29.635424,Tokyo-d63c,-16,57,Normal
2026-02-13 10:30:30.635424,Tokyo-d63c,7,23,Normal
2026-02-13 10:30:31.635424,Tokyo-d63c,21,96,Normal
2026-02-13 10:30:32.635424,Tokyo-d63c,46,19,Normal
2026-02-13 10:30:33.635424,Tokyo-d63c,17,89,Normal
2026-02-13 10:30:34.635424,Tokyo-d63c,30,30,Normal
2026-02-13 10:30:35.635424,Tokyo-d63c,43,51,Normal
2026-02-13 10:30:36.635424,Tokyo-d63c,-25,49,Normal
2026-02-13 10:30:37.635424,Tokyo-d63c,12,21,Normal
2026-02-13 10:30:38.635424,Tokyo-d63c,-28,85,Normal
2026-02-13 10:30:39.635424,Tokyo-d63c,49,34,Normal
2026-02-13 10:30:40.635424,Tokyo-d63c,45,16,Normal
2026-02-13 10:30:41.635424,Tokyo-d63c,10,71,Normal
2026-02-13 10:30:42.635424,Tokyo-d63c,24,0,Normal
2026-02-13 10:30:43.635424,Tokyo-d63c,-10,31,Normal
2026-02-13 10:30:44.635424,Tokyo-d63c,24,81,Normal
2026-02-13 10:30:45.635424,Tokyo-d63c,-19,34,Normal
2026-02-13 10:30:46.635424,Tokyo-d63c,-5,75,Normal
2026-02-13 10:30:47.635424,Tokyo-d63c,40,59,Normal
2026-02-13 10:30:48.635424,Tokyo-d63c,10,32,Normal
2026-02-13 10:30:49.635424,Tokyo-d63c,40,5,Normal
2026-02-13 10:30:50.635424,Tokyo-d63c,8,87,Normal
2026-02-13 10:30:51.635424,Tokyo-d63c,6,70,Normal
2026-02-13 10:30:52.635424,Tokyo-d63c,-1,65,Normal
2026-02-13 10:30:53.635424,Tokyo-d63c,-6,1,Normal
2026-02-13 10:30:54.635424,Tokyo-d63c,-7,70,Normal
2026-02-13 10:30:55.635424,Tokyo-d63c,-5,39,Normal
2026-02-13 10:30:56.635424,Tokyo-d63c,8,12,Normal
2026-02-13 10:30:57.635424,Tokyo-d63c,-17,98,Normal
2026-02-13 10:30:58.635424,Tokyo-d63c,34,19,Normal
2026-02-13 10:30:59.635424,Tokyo-d63c,20,3,Normal
2026-02-13 10:31:00.635424,Tokyo-d63c,49,22,Normal
2026-02-13 10:31:01.635424,Tokyo-d63c,-27,26,Normal
2026-02-13 10:31:02.635424,Tokyo-d63c,48,66,Normal
2026-02-13 10:31:03.635424,Tokyo-d63c,5,30,Normal
2026-02-13 10:31:04.635424,Tokyo-d63c,38,18,Normal
2026-02-13 10:31:05.635424,Tokyo-d63c,2,66,Normal
2026-02-13 10:31:06.635424,Tokyo-d63c,-13,16,Normal
2026-02-13 10:31:07.635424,Tokyo-d63c,48,100,Normal
2026-02-13 10:31:08.635424,Tokyo-d63c,2,79,Normal
2026-02-13 10:31:09.635424,Tokyo-d63c,2,77,Normal
2026-02-13 10:31:10.635424,Tokyo-d63c,15,9,Normal
2026-02-13 10:31:11.635424,Tokyo-d63c,-12,78,Normal
2026-02-13 10:31:12.635424,Tokyo-d63c,19,81,Normal
2026-02-13 10:31:13.635424,Tokyo-d63c,26,13,Normal
2026-02-13 10:31:14.635424,Tokyo-d63c,8,97,Normal
2026-02-13 10:31:15.635424,Tokyo-d63c,17,76,Normal
2026-02-13 10:31:16.635424,Tokyo-d63c,27,97,Normal
2026-02-13 10:31:17.635424,Tokyo-d63c,-13,70,Normal
2026-02-13 10:31:18.635424,Tokyo-d63c,-6,41,Normal
2026-02-13 10:31:19.635424,Tokyo-d63c,20,86,Normal
2026-02-13 10:31:20.635424,Tokyo-d63c,23,7,Normal
2026-02-13 10:31:21.635424,Tokyo-d63c,27,6,Normal
2026-02-13 10:31:22.635424,Tokyo-d63c,38,60,Normal
2026-02-13 10:31:23.635424,Tokyo-d63c,5,58,Normal
2026-02-13 10:31:24.635424,Tokyo-d63c,45,34,Normal
2026-02-13 10:31:25.635424,Tokyo-d63c,-18,7,Normal
2026-02-13 10:31:26.635424,Tokyo-d63c,20,67,Normal
2026-02-13 10:31:27.635424,Tokyo-d63c,-17,87,Normal
2026-02-13 10:31:28.635424,Tokyo-d63c,6,74,Normal
2026-02-13 10:31:29.635424,Tokyo-d63c,38,37,Normal
2026-02-13 10:31:30.635424,Tokyo-d63c,14,2,Normal
2026-02-13 10:31:31.635424,Tokyo-d63c,-8,48,Normal
2026-02-13 10:31:32.635424,Tokyo-d63c,-17,61,Normal
2026-02-13 10:31:33.635424,Tokyo-d63c,6,98,Normal
2026-02-13 10:31:34.635424,Tokyo-d63c,-4,7,Normal
2026-02-13 10:31:35.635424,Tokyo-d63c,-5,73,Normal
2026-02-13 10:31:36.635424,Tokyo-d63c,48,91,Normal
2026-02-13 10:31:37.635424,Tokyo-d63c,32,88,Normal
2026-02-13 10:31:38.635424,Tokyo-d63c,-25,72,Normal
2026-02-13 10:31:39.635424,Tokyo-d63c,19,48,Normal
2026-02-13 10:31:40.635424,Tokyo-d63c,8,55,Normal
2026-02-13 10:31:41.635424,Tokyo-d63c,20,59,Normal
2026-02-13 10:31:42.635424,Tokyo-d63c,-19,86,Normal
2026-02-13 10:31:43.635424,Tokyo-d63c,33,23,Normal
2026-02-13 10:31:44.635424,Tokyo-d63c,7,98,Normal
2026-02-13 10:31:45.635424,Tokyo-d63c,-30,16,Normal
2026-02-13 10:31:46.635424,Tokyo-d63c,2,20,Normal
2026-02-13 10:31:47.635424,Tokyo-d63c,17,86,Normal
2026-02-13 10:31:48.635424,Tokyo-d63c,-1,31,Normal
2026-02-13 10:31:49.635424,Tokyo-d63c,37,70,Normal
2026-02-13 10:31:50.635424,Tokyo-d63c,28,65,Normal
2026-02-13 10:31:51.635424,Tokyo-d63c,-23,20,Normal
2026-02-13 10:31:52.635424,Tokyo-d63c,44,34,Normal
2026-02-13 10:31:53.635424,Tokyo-d63c,-16,39,Normal
2026-02-13 10:31:54.635424,Tokyo-d63c,31,56,Normal
2026-02-13 10:31:55.635424,Tokyo-d63c,3,5,Normal
2026-02-13 10:31:56.635424,Tokyo-d63c,-14,62,Normal
2026-02-13 10:31:57.635424,Tokyo-d63c,1,24,Normal
2026-02-13 10:31:58.635424,Tokyo-d63c,-14,97,Normal
2026-02-13 10:31:59.635424,Tokyo-d63c,-3,8,Normal
2026-02-13 10:32:00.635424,Tokyo-d63c,15,91,Normal
2026-02-13 10:32:01.635424,Tokyo-d63c,37,40,Normal
2026-02-13 10:32:02.635424,Tokyo-d63c,-23,79,Normal
2026-02-13 10:32:03.635424,Tokyo-d63c,-6,65,Normal
2026-02-13 10:32:04.635424,Tokyo-d63c,-13,47,Normal
2026-02-13 10:32:05.635424,Tokyo-d63c,-25,92,Normal
2026-02-13 10:32:06.635424,Tokyo-d63c,21,51,Normal
2026-02-13 10:32:07.635424,Tokyo-d63c,-10,26,Normal
2026-02-13 10:32:08.635424,Tokyo-d63c,15,90,Normal
2026-02-13 10:32:09.635424,Tokyo-d63c,33,5,Normal
2026-02-13 10:32:10.635424,Tokyo-d63c,30,16,Normal
2026-02-13 10:32:11.635424,Tokyo-d63c,-5,48,Normal
2026-02-13 10:32:12.635424,Tokyo-d63c,9,5,Normal
2026-02-13 10:32:13.635424,Tokyo-d63c,35,12,Normal
2026-02-13 10:32:14.635424,Tokyo-d63c,3,10,Normal
2026-02-13 10:32:15.635424,Tokyo-d63c,-25,35,Normal
2026-02-13 10:32:16.635424,Tokyo-d63c,-22,100,Normal
2026-02-13 10:32:17.635424,Tokyo-d63c,-26,100,Normal
2026-02-13 10:32:18.635424,Tokyo-d63c,27,6,Normal
2026-02-13 10:32:19.635424,Tokyo-d63c,8,30,Normal
2026-02-13 10:32:20.635424,Tokyo-d63c,-29,11,Normal
2026-02-13 10:32:21.635424,Tokyo-d63c,15,38,Normal
2026-02-13 10:32:22.635424,Tokyo-d63c,49,51,Normal
2026-02-13 10:32:23.635424,Tokyo-d63c,41,70,Normal
2026-02-13 10:32:24.635424,Tokyo-d63c,0,42,Normal
2026-02-13 10:32:25.635424,Tokyo-d63c,37,34,Normal
2026-02-13 10:32:26.635424,Tokyo-d63c,0,74,Normal
2026-02-13 10:32:27.635424,Tokyo-d63c,14,8,Normal
2026-02-13 10:32:28.635424,Tokyo-d63c,-2,63,Normal
2026-02-13 10:32:29.635424,Tokyo-d63c,35,59,Normal
2026-02-13 10:32:30.635424,Tokyo-d63c,18,38,Normal
2026-02-13 10:32:31.635424,Tokyo-d63c,-20,50,Normal
2026-02-13 10:32:32.635424,Tokyo-d63c,3,26,Normal
2026-02-13 10:32:33.635424,Tokyo-d63c,39,13,Normal
2026-02-13 10:32:34.635424,Tokyo-d63c,-2,42,Normal
2026-02-13 10:32:35.635424,Tokyo-d63c,-28,98,Normal
2026-02-13 10:32:36.635424,Tokyo-d63c,-28,74,Normal
2026-02-13 10:32:37.635424,Tokyo-d63c,31,82,Normal
2026-02-13 10:32:38.635424,Tokyo-d63c,37,60,Normal
2026-02-13 10:32:39.635424,Tokyo-d63c,-7,12,Normal
2026-02-13 10:32:40.635424,Tokyo-d63c,-9,52,Normal
2026-02-13 10:32:41.635424,Tokyo-d63c,-21,97,Normal
2026-02-13 10:32:42.635424,Tokyo-d63c,-3,47,Normal
2026-02-13 10:32:43.635424,Tokyo-d63c,-9,70,Normal
2026-02-13 10:32:44.635424,Tokyo-d63c,11,89,Normal
2026-02-13 10:32:45.635424,Tokyo-d63c,2,72,Normal
2026-02-13 10:32:46.635424,Tokyo-d63c,13,19,Normal
2026-02-13 10:32:47.635424,Tokyo-d63c,49,55,Normal
2026-02-13 10:32:48.635424,Tokyo-d63c,-15,8,Normal
2026-02-13 10:32:49.635424,Tokyo-d63c,41,78,Normal
2026-02-13 10:32:50.635424,Tokyo-d63c,3,48,Normal
2026-02-13 10:32:51.635424,Tokyo-d63c,13,31,Normal
2026-02-13 10:32:52.635424,Tokyo-d63c,-5,55,Normal
2026-02-13 10:32:53.635424,Tokyo-d63c,-29,11,Normal
2026-02-13 10:32:54.635424,Tokyo-d63c,28,61,Normal
2026-02-13 10:32:55.635424,Tokyo-d63c,50,42,Normal
2026-02-13 10:32:56.635424,Tokyo-d63c,-7,52,Normal
2026-02-13 10:32:57.635424,Tokyo-d63c,-20,61,Normal
2026-02-13 10:32:58.635424,Tokyo-d63c,32,85,Normal
2026-02-13 10:32:59.635424,Tokyo-d63c,37,16,Normal
2026-02-13 10:33:00.635424,Tokyo-d63c,29,43,Normal
2026-02-13 10:33:01.635424,Tokyo-d63c,-12,67,Normal
2026-02-13 10:33:02.635424,Tokyo-d63c,-23,98,Normal
2026-02-13 10:33:03.635424,Tokyo-d63c,-21,13,Normal
2026-02-13 10:33:04.635424,Tokyo-d63c,-18,66,Normal
2026-02-13 10:33:05.635424,Tokyo-d63c,0,64,Normal
2026-02-13 10:33:06.635424,Tokyo-d63c,0,42,Normal
2026-02-13 10:33:07.635424,Tokyo-d63c,-21,33,Normal
2026-02-13 10:33:08.635424,Tokyo-d63c,21,28,Normal
2026-02-13 10:33:09.635424,Tokyo-d63c,21,91,Normal
2026-02-13 10:33:10.635424,Tokyo-d63c,31,19,Normal
2026-02-13 10:33:11.635424,Tokyo-d63c,-17,2,Normal
2026-02-13 10:33:12.635424,Tokyo-d63c,1,75,Normal
2026-02-13 10:33:13.635424,Tokyo-d63c,-9,2,Normal
2026-02-13 10:33:14.635424,Tokyo-d63c,39,96,Normal
2026-02-13 10:33:15.635424,Tokyo-d63c,43,98,Normal
2026-02-13 10:33:16.635424,Tokyo-d63c,-4,99,Normal
2026-02-13 10:33:17.635424,Tokyo-d63c,13,59,Normal
2026-02-13 10:33:18.635424,Tokyo-d63c,-6,40,Normal
2026-02-13 10:33:19.635424,Tokyo-d63c,8,89,Normal
2026-02-13 10:33:20.635424,Tokyo-d63c,49,6,Normal
2026-02-13 10:33:21.635424,Tokyo-d63c,38,60,Normal
2026-02-13 10:33:22.635424,Tokyo-d63c,-17,66,Normal
2026-02-13 10:33:23.635424,Tokyo-d63c,-17,72,Normal
2026-02-13 10:33:24.635424,Tokyo-d63c,-17,29,Normal
2026-02-13 10:33:25.635424,Tokyo-d63c,-23,89,Normal
2026-02-13 10:33:26.635424,Tokyo-d63c,-26,59,Normal
2026-02-13 10:33:27.635424,Tokyo-d63c,25,28,Normal
2026-02-13 10:33:28.635424,Tokyo-d63c,16,7,Normal
2026-02-13 10:33:29.635424,Tokyo-d63c,41,24,Normal
2026-02-13 10:33:30.635424,Tokyo-d63c,39,35,Normal
2026-02-13 10:33:31.635424,Tokyo-d63c,3,21,Normal
2026-02-13 10:33:32.635424,Tokyo-d63c,44,99,Normal
2026-02-13 10:33:33.635424,Tokyo-d63c,9,26,Normal
2026-02-13 10:33:34.635424,Tokyo-d63c,32,68,Normal
2026-02-13 10:33:35.635424,Tokyo-d63c,3,58,Normal
2026-02-13 10:33:36.635424,Tokyo-d63c,-6,71,Normal
2026-02-13 10:33:37.635424,Tokyo-d63c,42,41,Normal
2026-02-13 10:33:38.635424,Tokyo-d63c,-25,64,Normal
2026-02-13 10:33:39.635424,Tokyo-d63c,30,100,Normal
2026-02-13 10:33:40.635424,Tokyo-d63c,-25,93,Normal
2026-02-13 10:33:41.635424,Tokyo-d63c,-8,19,Normal
2026-02-13 10:33:42.635424,Tokyo-d63c,48,53,Normal
2026-02-13 10:33:43.635424,Tokyo-d63c,40,41,Normal
2026-02-13 10:33:44.635424,Tokyo-d63c,6,37,Normal
2026-02-13 10:33:45.635424,Tokyo-d63c,-9,72,Normal
2026-02-13 10:33:46.635424,Tokyo-d63c,6,12,Normal
2026-02-13 10:33:47.635424,Tokyo-d63c,8,12,Normal
2026-02-13 10:33:48.635424,Tokyo-d63c,26,50,Normal
2026-02-13 10:33:49.635424,Tokyo-d63c,-29,14,Normal
2026-02-13 10:33:50.635424,Tokyo-d63c,4,43,Normal
2026-02-13 10:33:51.635424,Tokyo-d63c,-9,43,Normal
2026-02-13 10:33:52.635424,Tokyo-d63c,-30,27,Normal
2026-02-13 10:33:53.635424,Tokyo-d63c,2,23,Normal
2026-02-13 10:33:54.635424,Tokyo-d63c,32,65,Normal
2026-02-13 10:33:55.635424,Tokyo-d63c,43,46,Normal
2026-02-13 10:33:56.635424,Tokyo-d63c,17,69,Normal
2026-02-13 10:33:57.635424,Tokyo-d63c,41,21,Normal
2026-02-13 10:33:58.635424,Tokyo-d63c,40,55,Normal
2026-02-13 10:33:59.635424,Tokyo-d63c,4,6,Normal
2026-02-13 10:34:00.635424,Tokyo-d63c,27,96,Normal
2026-02-13 10:34:01.635424,Tokyo-d63c,31,2,Normal
2026-02-13 10:34:02.635424,Tokyo-d63c,-21,63,Normal
2026-02-13 10:34:03.635424,Tokyo-d63c,50,62,Normal
2026-02-13 10:34:04.635424,Tokyo-d63c,7,5,Normal
2026-02-13 10:34:05.635424,Tokyo-d63c,13,45,Normal
2026-02-13 10:34:06.635424,Tokyo-d63c,-20,8,Normal
2026-02-13 10:34:07.635424,Tokyo-d63c,43,71,Normal
2026-02-13 10:34:08.635424,Tokyo-d63c,-10,53,Normal
2026-02-13 10:34:09.635424,Tokyo-d63c,25,38,Normal
2026-02-13 10:34:10.635424,Tokyo-d63c,50,47,Normal
2026-02-13 10:34:11.635424,Tokyo-d63c,48,13,Normal
2026-02-13 10:34:12.635424,Tokyo-d63c,42,70,Normal
2026-02-13 10:34:13.635424,Tokyo-d63c,-30,86,Normal
2026-02-13 10:34:14.635424,Tokyo-d63c,-11,58,Normal
2026-02-13 10:34:15.635424,Tokyo-d63c,5,4,Normal
2026-02-13 10:34:16.635424,Tokyo-d63c,-15,63,Normal
2026-02-13 10:34:17.635424,Tokyo-d63c,2,96,Normal
2026-02-13 10:34:18.635424,Tokyo-d63c,21,79,Normal
2026-02-13 10:34:19.635424,Tokyo-d63c,-19,42,Normal
