timestamp,station_id,temp,humid,condition
2026-02-10 21:16:31.893569,Tokyo-48dd,17,31,Normal
2026-02-10 21:16:32.893569,Tokyo-48dd,36,89,Normal
2026-02-10 21:16:33.893569,Tokyo-48dd,1,98,Normal
2026-02-10 21:16:34.893569,Tokyo-48dd,17,27,Normal
2026-02-10 21:16:35.893569,Tokyo-48dd,13,29,Normal
2026-02-10 21:16:36.893569,Tokyo-48dd,49,90,Normal
2026-02-10 21:16:37.893569,Tokyo-48dd,10,54,Normal
2026-02-10 21:16:38.893569,Tokyo-48dd,35,97,Normal
2026-02-10 21:16:39.893569,Tokyo-48dd,0,69,Normal
2026-02-10 21:16:40.893569,Tokyo-48dd,-14,13,Normal
2026-02-10 21:16:41.893569,Tokyo-48dd,17,88,Normal
2026-02-10 21:16:42.893569,Tokyo-48dd,-3,95,Normal
2026-02-10 21:16:43.893569,Tokyo-48dd,13,54,Normal
2026-02-10 21:16:44.893569,Tokyo-48dd,50,49,Normal
2026-02-10 21:16:45.893569,Tokyo-48dd,-20,13,Normal
2026-02-10 21:16:46.893569,Tokyo-48dd,-7,50,Normal
2026-02-10 21:16:47.893569,Tokyo-48dd,9,70,Normal
2026-02-10 21:16:48.893569,Tokyo-48dd,36,100,Normal
2026-02-10 21:16:49.893569,Tokyo-48dd,-2,50,Normal
2026-02-10 21:16:50.893569,Tokyo-48dd,16,48,Normal
2026-02-10 21:16:51.893569,Tokyo-48dd,10,88,Normal
2026-02-10 21:16:52.893569,Tokyo-48dd,18,39,Normal
2026-02-10 21:16:53.893569,Tokyo-48dd,-7,98,Normal
2026-02-10 21:16:54.893569,Tokyo-48dd,19,41,Normal
2026-02-10 21:16:55.893569,Tokyo-48dd,25,82,Normal
2026-02-10 21:16:56.893569,Tokyo-48dd,7,20,Normal
2026-02-10 21:16:57.893569,Tokyo-48dd,25,4,Normal
2026-02-10 21:16:58.893569,Tokyo-48dd,14,18,Normal
2026-02-10 21:16:59.893569,Tokyo-48dd,42,42,Normal
2026-02-10 21:17:00.893569,Tokyo-48dd,45,37,Normal
2026-02-10 21:17:01.893569,Tokyo-48dd,-3,8,Normal
2026-02-10 21:17:02.893569,Tokyo-48dd,-18,15,Normal
2026-02-10 21:17:03.893569,Tokyo-48dd,1,23,Normal
2026-02-10 21:17:04.893569,Tokyo-48dd,12,98,Normal
2026-02-10 21:17:05.893569,Tokyo-48dd,14,95,Normal
2026-02-10 21:17:06.893569,Tokyo-48dd,15,34,Normal
2026-02-10 21:17:07.893569,Tokyo-48dd,12,1,Normal
2026-02-10 21:17:08.893569,Tokyo-48dd,5,30,Normal
2026-02-10 21:17:09.893569,Tokyo-48dd,-12,16,Normal
2026-02-10 21:17:10.893569,Tokyo-48dd,16,19,Normal
2026-02-10 21:17:11.893569,Tokyo-48dd,-12,37,Normal
2026-02-10 21:17:12.893569,Tokyo-48dd,16,57,Normal
2026-02-10 21:17:13.893569,Tokyo-48dd,13,44,Normal
2026-02-10 21:17:14.893569,Tokyo-48dd,35,18,Normal
2026-02-10 21:17:15.893569,Tokyo-48dd,-21,12,Normal
2026-02-10 21:17:16.893569,Tokyo-48dd,5,94,Normal
2026-02-10 21:17:17.893569,Tokyo-48dd,-25,70,Normal
2026-02-10 21:17:18.893569,Tokyo-48dd,-21,38,Normal
2026-02-10 21:17:19.893569,Tokyo-48dd,-29,69,Normal
2026-02-10 21:17:20.893569,Tokyo-48dd,-3,18,Normal
2026-02-10 21:17:21.893569,Tokyo-48dd,31,49,Normal
2026-02-10 21:17:22.893569,Tokyo-48dd,5,48,Normal
2026-02-10 21:17:23.893569,Tokyo-48dd,39,13,Normal
2026-02-10 21:17:24.893569,Tokyo-48dd,42,40,Normal
2026-02-10 21:17:25.893569,Tokyo-48dd,-27,93,Normal
2026-02-10 21:17:26.893569,Tokyo-48dd,-23,3,Normal
2026-02-10 21:17:27.893569,Tokyo-48dd,-7,4,Normal
2026-02-10 21:17:28.893569,Tokyo-48dd,-26,38,Normal
2026-02-10 21:17:29.893569,Tokyo-48dd,3,56,Normal
2026-02-10 21:17:30.893569,Tokyo-48dd,3,86,Normal
2026-02-10 21:17:31.893569,Tokyo-48dd,24,41,Normal
2026-02-10 21:17:32.893569,Tokyo-48dd,30,43,Normal
2026-02-10 21:17:33.893569,Tokyo-48dd,15,78,Normal
2026-02-10 21:17:34.893569,Tokyo-48dd,43,30,Normal
2026-02-10 21:17:35.893569,Tokyo-48dd,6,95,Normal
2026-02-10 21:17:36.893569,Tokyo-48dd,49,23,Normal
2026-02-10 21:17:37.893569,Tokyo-48dd,-24,24,Normal
2026-02-10 21:17:38.893569,Tokyo-48dd,0,80,Normal
2026-02-10 21:17:39.893569,Tokyo-48dd,37,63,Normal
2026-02-10 21:17:40.893569,Tokyo-48dd,35,72,Normal
2026-02-10 21:17:41.893569,Tokyo-48dd,8,74,Normal
2026-02-10 21:17:42.893569,Tokyo-48dd,-14,59,Normal
2026-02-10 21:17:43.893569,Tokyo-48dd,4,25,Normal
2026-02-10 21:17:44.893569,Tokyo-48dd,-30,60,Normal
2026-02-10 21:17:45.893569,Tokyo-48dd,37,35,Normal
2026-02-10 21:17:46.893569,Tokyo-48dd,-23,48,Normal
2026-02-10 21:17:47.893569,Tokyo-48dd,48,1,Normal
2026-02-10 21:17:48.893569,Tokyo-48dd,-29,94,Normal
2026-02-10 21:17:49.893569,Tokyo-48dd,-17,88,Normal
2026-02-10 21:17:50.893569,Tokyo-48dd,43,80,Normal
2026-02-10 21:17:51.893569,Tokyo-48dd,3,61,Normal
2026-02-10 21:17:52.893569,Tokyo-48dd,11,27,Normal
2026-02-10 21:17:53.893569,Tokyo-48dd,-24,3,Normal
2026-02-10 21:17:54.893569,Tokyo-48dd,9,13,Normal
2026-02-10 21:17:55.893569,Tokyo-48dd,-25,37,Normal
2026-02-10 21:17:56.893569,Tokyo-48dd,29,79,Normal
2026-02-10 21:17:57.893569,Tokyo-48dd,-11,16,Normal
2026-02-10 21:17:58.893569,Tokyo-48dd,38,4,Normal
2026-02-10 21:17:59.893569,Tokyo-48dd,-6,81,Normal
2026-02-10 21:18:00.893569,Tokyo-48dd,-4,83,Normal
2026-02-10 21:18:01.893569,Tokyo-48dd,45,99,Normal
2026-02-10 21:18:02.893569,Tokyo-48dd,27,77,Normal
2026-02-10 21:18:03.893569,Tokyo-48dd,29,70,Normal
2026-02-10 21:18:04.893569,Tokyo-48dd,37,1,Normal
2026-02-10 21:18:05.893569,Tokyo-48dd,46,71,Normal
2026-02-10 21:18:06.893569,Tokyo-48dd,-25,81,Normal
2026-02-10 21:18:07.893569,Tokyo-48dd,21,78,Normal
2026-02-10 21:18:08.893569,Tokyo-48dd,2,69,Normal
2026-02-10 21:18:09.893569,Tokyo-48dd,-16,98,Normal
2026-02-10 21:18:10.893569,Tokyo-48dd,22,29,Normal
2026-02-10 21:18:11.893569,Tokyo-48dd,7,36,Normal
2026-02-10 21:18:12.893569,Tokyo-48dd,-1,99,Normal
2026-02-10 21:18:13.893569,Tokyo-48dd,0,92,Normal
2026-02-10 21:18:14.893569,Tokyo-48dd,-20,49,Normal
2026-02-10 21:18:15.893569,Tokyo-48dd,-24,84,Normal
2026-02-10 21:18:16.893569,Tokyo-48dd,-9,70,Normal
2026-02-10 21:18:17.893569,Tokyo-48dd,27,18,Normal
2026-02-10 21:18:18.893569,Tokyo-48dd,3,76,Normal
2026-02-10 21:18:19.893569,Tokyo-48dd,45,39,Normal
2026-02-10 21:18:20.893569,Tokyo-48dd,20,18,Normal
2026-02-10 21:18:21.893569,Tokyo-48dd,19,84,Normal
2026-02-10 21:18:22.893569,Tokyo-48dd,-3,65,Normal
2026-02-10 21:18:23.893569,Tokyo-48dd,-26,99,Normal
2026-02-10 21:18:24.893569,Tokyo-48dd,47,64,Normal
2026-02-10 21:18:25.893569,Tokyo-48dd,-23,75,Normal
2026-02-10 21:18:26.893569,Tokyo-48dd,34,96,Normal
2026-02-10 21:18:27.893569,Tokyo-48dd,17,44,Normal
2026-02-10 21:18:28.893569,Tokyo-48dd,-20,57,Normal
2026-02-10 21:18:29.893569,Tokyo-48dd,3,19,Normal
2026-02-10 21:18:30.893569,Tokyo-48dd,39,70,Normal
2026-02-10 21:18:31.893569,Tokyo-48dd,18,77,Normal
2026-02-10 21:18:32.893569,Tokyo-48dd,-6,2,Normal
2026-02-10 21:18:33.893569,Tokyo-48dd,37,21,Normal
2026-02-10 21:18:34.893569,Tokyo-48dd,35,75,Normal
2026-02-10 21:18:35.893569,Tokyo-48dd,28,1,Normal
2026-02-10 21:18:36.893569,Tokyo-48dd,7,52,Normal
2026-02-10 21:18:37.893569,Tokyo-48dd,10,93,Normal
2026-02-10 21:18:38.893569,Tokyo-48dd,-20,97,Normal
2026-02-10 21:18:39.893569,Tokyo-48dd,5,1,Normal
2026-02-10 21:18:40.893569,Tokyo-48dd,15,48,Normal
2026-02-10 21:18:41.893569,Tokyo-48dd,26,60,Normal
2026-02-10 21:18:42.893569,Tokyo-48dd,-22,58,Normal
2026-02-10 21:18:43.893569,Tokyo-48dd,18,76,Normal
2026-02-10 21:18:44.893569,Tokyo-48dd,-1,89,Normal
2026-02-10 21:18:45.893569,Tokyo-48dd,22,16,Normal
2026-02-10 21:18:46.893569,Tokyo-48dd,20,20,Normal
2026-02-10 21:18:47.893569,Tokyo-48dd,-6,41,Normal
2026-02-10 21:18:48.893569,Tokyo-48dd,19,100,Normal
2026-02-10 21:18:49.893569,Tokyo-48dd,33,16,Normal
2026-02-10 21:18:50.893569,Tokyo-48dd,30,81,Normal
2026-02-10 21:18:51.893569,Tokyo-48dd,9,91,Normal
2026-02-10 21:18:52.893569,Tokyo-48dd,14,47,Normal
2026-02-10 21:18:53.893569,Tokyo-48dd,-25,0,Normal
2026-02-10 21:18:54.893569,Tokyo-48dd,-25,2,Normal
2026-02-10 21:18:55.893569,Tokyo-48dd,-6,55,Normal
2026-02-10 21:18:56.893569,Tokyo-48dd,23,16,Normal
2026-02-10 21:18:57.893569,Tokyo-48dd,41,58,Normal
2026-02-10 21:18:58.893569,Tokyo-48dd,-9,58,Normal
2026-02-10 21:18:59.893569,Tokyo-48dd,31,93,Normal
2026-02-10 21:19:00.893569,Tokyo-48dd,0,98,Normal
2026-02-10 21:19:01.893569,Tokyo-48dd,12,97,Normal
2026-02-10 21:19:02.893569,Tokyo-48dd,46,97,Normal
2026-02-10 21:19:03.893569,Tokyo-48dd,0,24,Normal
2026-02-10 21:19:04.893569,Tokyo-48dd,-2,43,Normal
2026-02-10 21:19:05.893569,Tokyo-48dd,-26,53,Normal
2026-02-10 21:19:06.893569,Tokyo-48dd,38,18,Normal
2026-02-10 21:19:07.893569,Tokyo-48dd,0,55,Normal
2026-02-10 21:19:08.893569,Tokyo-48dd,14,42,Normal
2026-02-10 21:19:09.893569,Tokyo-48dd,-2,17,Normal
2026-02-10 21:19:10.893569,Tokyo-48dd,2,90,Normal
2026-02-10 21:19:11.893569,Tokyo-48dd,40,3,Normal
2026-02-10 21:19:12.893569,Tokyo-48dd,-3,19,Normal
2026-02-10 21:19:13.893569,Tokyo-48dd,-9,15,Normal
2026-02-10 21:19:14.893569,Tokyo-48dd,-9,40,Normal
2026-02-10 21:19:15.893569,Tokyo-48dd,-12,11,Normal
2026-02-10 21:19:16.893569,Tokyo-48dd,-26,83,Normal
2026-02-10 21:19:17.893569,Tokyo-48dd,25,74,Normal
2026-02-10 21:19:18.893569,Tokyo-48dd,29,6,Normal
2026-02-10 21:19:19.893569,Tokyo-48dd,-30,8,Normal
2026-02-10 21:19:20.893569,Tokyo-48dd,42,55,Normal
2026-02-10 21:19:21.893569,Tokyo-48dd,50,48,Normal
2026-02-10 21:19:22.893569,Tokyo-48dd,-8,20,Normal
2026-02-10 21:19:23.893569,Tokyo-48dd,35,100,Normal
2026-02-10 21:19:24.893569,Tokyo-48dd,24,91,Normal
2026-02-10 21:19:25.893569,Tokyo-48dd,41,81,Normal
2026-02-10 21:19:26.893569,Tokyo-48dd,50,77,Normal
2026-02-10 21:19:27.893569,Tokyo-48dd,-11,15,Normal
2026-02-10 21:19:28.893569,Tokyo-48dd,12,69,Normal
2026-02-10 21:19:29.893569,Tokyo-48dd,-2,93,Normal
2026-02-10 21:19:30.893569,Tokyo-48dd,-18,100,Normal
2026-02-10 21:19:31.893569,Tokyo-48dd,-29,1,Normal
2026-02-10 21:19:32.893569,Tokyo-48dd,-8,89,Normal
2026-02-10 21:19:33.893569,Tokyo-48dd,38,88,Normal
2026-02-10 21:19:34.893569,Tokyo-48dd,11,17,Normal
2026-02-10 21:19:35.893569,Tokyo-48dd,6,94,Normal
2026-02-10 21:19:36.893569,Tokyo-48dd,-23,0,Normal
2026-02-10 21:19:37.893569,Tokyo-48dd,44,18,Normal
2026-02-10 21:19:38.893569,Tokyo-48dd,49,75,Normal
2026-02-10 21:19:39.893569,Tokyo-48dd,35,35,Normal
2026-02-10 21:19:40.893569,Tokyo-48dd,30,97,Normal
2026-02-10 21:19:41.893569,Tokyo-48dd,-13,24,Normal
2026-02-10 21:19:42.893569,Tokyo-48dd,-9,34,Normal
2026-02-10 21:19:43.893569,Tokyo-48dd,2,97,Normal
2026-02-10 21:19:44.893569,Tokyo-48dd,-8,56,Normal
2026-02-10 21:19:45.893569,Tokyo-48dd,48,29,Normal
2026-02-10 21:19:46.893569,Tokyo-48dd,4,90,Normal
2026-02-10 21:19:47.893569,Tokyo-48dd,-12,44,Normal
2026-02-10 21:19:48.893569,Tokyo-48dd,-30,39,Normal
2026-02-10 21:19:49.893569,Tokyo-48dd,-10,67,Normal
2026-02-10 21:19:50.893569,Tokyo-48dd,45,57,Normal
2026-02-10 21:19:51.893569,Tokyo-48dd,47,9,Normal
2026-02-10 21:19:52.893569,Tokyo-48dd,-30,85,Normal
2026-02-10 21:19:53.893569,Tokyo-48dd,1,73,Normal
2026-02-10 21:19:54.893569,Tokyo-48dd,-9,37,Normal
2026-02-10 21:19:55.893569,Tokyo-48dd,18,58,Normal
2026-02-10 21:19:56.893569,Tokyo-48dd,-17,97,Normal
2026-02-10 21:19:57.893569,Tokyo-48dd,14,27,Normal
2026-02-10 21:19:58.893569,Tokyo-48dd,-7,76,Normal
2026-02-10 21:19:59.893569,Tokyo-48dd,-21,21,Normal
2026-02-10 21:20:00.893569,Tokyo-48dd,-9,4,Normal
2026-02-10 21:20:01.893569,Tokyo-48dd,22,85,Normal
2026-02-10 21:20:02.893569,Tokyo-48dd,20,95,Normal
2026-02-10 21:20:03.893569,Tokyo-48dd,-2,68,Normal
2026-02-10 21:20:04.893569,Tokyo-48dd,29,97,Normal
2026-02-10 21:20:05.893569,Tokyo-48dd,-16,18,Normal
2026-02-10 21:20:06.893569,Tokyo-48dd,21,88,Normal
2026-02-10 21:20:07.893569,Tokyo-48dd,-14,96,Normal
2026-02-10 21:20:08.893569,Tokyo-48dd,35,91,Normal
2026-02-10 21:20:09.893569,Tokyo-48dd,20,21,Normal
2026-02-10 21:20:10.893569,Tokyo-48dd,-19,19,Normal
2026-02-10 21:20:11.893569,Tokyo-48dd,-11,8,Normal
2026-02-10 21:20:12.893569,Tokyo-48dd,-20,51,Normal
2026-02-10 21:20:13.893569,Tokyo-48dd,-1,86,Normal
2026-02-10 21:20:14.893569,Tokyo-48dd,46,20,Normal
2026-02-10 21:20:15.893569,Tokyo-48dd,22,47,Normal
2026-02-10 21:20:16.893569,Tokyo-48dd,8,89,Normal
2026-02-10 21:20:17.893569,Tokyo-48dd,40,67,Normal
2026-02-10 21:20:18.893569,Tokyo-48dd,30,61,Normal
2026-02-10 21:20:19.893569,Tokyo-48dd,6,24,Normal
2026-02-10 21:20:20.893569,Tokyo-48dd,-28,55,Normal
2026-02-10 21:20:21.893569,Tokyo-48dd,-28,43,Normal
2026-02-10 21:20:22.893569,Tokyo-48dd,7,66,Normal
2026-02-10 21:20:23.893569,Tokyo-48dd,36,93,Normal
2026-02-10 21:20:24.893569,Tokyo-48dd,26,13,Normal
2026-02-10 21:20:25.893569,Tokyo-48dd,2,56,Normal
2026-02-10 21:20:26.893569,Tokyo-48dd,39,35,Normal
2026-02-10 21:20:27.893569,Tokyo-48dd,33,74,Normal
2026-02-10 21:20:28.893569,Tokyo-48dd,-12,7,Normal
2026-02-10 21:20:29.893569,Tokyo-48dd,24,7,Normal
2026-02-10 21:20:30.893569,Tokyo-48dd,-26,40,Normal
2026-02-10 21:20:31.893569,Tokyo-48dd,20,26,Normal
2026-02-10 21:20:32.893569,Tokyo-48dd,50,98,Normal
2026-02-10 21:20:33.893569,Tokyo-48dd,-6,66,Normal
2026-02-10 21:20:34.893569,Tokyo-48dd,30,70,Normal
2026-02-10 21:20:35.893569,Tokyo-48dd,-26,9,Normal
2026-02-10 21:20:36.893569,Tokyo-48dd,-21,92,Normal
2026-02-10 21:20:37.893569,Tokyo-48dd,36,13,Normal
2026-02-10 21:20:38.893569,Tokyo-48dd,-25,2,Normal
2026-02-10 21:20:39.893569,Tokyo-48dd,27,4,Normal
2026-02-10 21:20:40.893569,Tokyo-48dd,-25,44,Normal
2026-02-10 21:20:41.893569,Tokyo-48dd,-26,81,Normal
2026-02-10 21:20:42.893569,Tokyo-48dd,44,71,Normal
2026-02-10 21:20:43.893569,Tokyo-48dd,24,83,Normal
2026-02-10 21:20:44.893569,Tokyo-48dd,-17,95,Normal
2026-02-10 21:20:45.893569,Tokyo-48dd,32,35,Normal
2026-02-10 21:20:46.893569,Tokyo-48dd,-14,8,Normal
2026-02-10 21:20:47.893569,Tokyo-48dd,4,60,Normal
2026-02-10 21:20:48.893569,Tokyo-48dd,12,49,Normal
2026-02-10 21:20:49.893569,Tokyo-48dd,34,19,Normal
2026-02-10 21:20:50.893569,Tokyo-48dd,23,80,Normal
2026-02-10 21:20:51.893569,Tokyo-48dd,39,89,Normal
2026-02-10 21:20:52.893569,Tokyo-48dd,6,55,Normal
2026-02-10 21:20:53.893569,Tokyo-48dd,15,86,Normal
2026-02-10 21:20:54.893569,Tokyo-48dd,19,7,Normal
2026-02-10 21:20:55.893569,Tokyo-48dd,33,9,Normal
2026-02-10 21:20:56.893569,Tokyo-48dd,-27,38,Normal
2026-02-10 21:20:57.893569,Tokyo-48dd,-20,82,Normal
2026-02-10 21:20:58.893569,Tokyo-48dd,-7,74,Normal
2026-02-10 21:20:59.893569,Tokyo-48dd,-13,24,Normal
2026-02-10 21:21:00.893569,Tokyo-48dd,46,52,Normal
2026-02-10 21:21:01.893569,Tokyo-48dd,-12,21,Normal
2026-02-10 21:21:02.893569,Tokyo-48dd,9,2,Normal
2026-02-10 21:21:03.893569,Tokyo-48dd,-3,14,Normal
2026-02-10 21:21:04.893569,Tokyo-48dd,33,15,Normal
2026-02-10 21:21:05.893569,Tokyo-48dd,13,7,Normal
2026-02-10 21:21:06.893569,Tokyo-48dd,-2,45,Normal
2026-02-10 21:21:07.893569,Tokyo-48dd,15,68,Normal
2026-02-10 21:21:08.893569,Tokyo-48dd,-29,94,Normal
2026-02-10 21:21:09.893569,Tokyo-48dd,38,56,Normal
2026-02-10 21:21:10.893569,Tokyo-48dd,13,10,Normal
2026-02-10 21:21:11.893569,Tokyo-48dd,29,71,Normal
2026-02-10 21:21:12.893569,Tokyo-48dd,-10,84,Normal
2026-02-10 21:21:13.893569,Tokyo-48dd,-2,7,Normal
2026-02-10 21:21:14.893569,Tokyo-48dd,-26,6,Normal
2026-02-10 21:21:15.893569,Tokyo-48dd,41,12,Normal
2026-02-10 21:21:16.893569,Tokyo-48dd,26,71,Normal
2026-02-10 21:21:17.893569,Tokyo-48dd,-2,50,Normal
2026-02-10 21:21:18.893569,Tokyo-48dd,22,42,Normal
2026-02-10 21:21:19.893569,Tokyo-48dd,47,55,Normal
2026-02-10 21:21:20.893569,Tokyo-48dd,44,92,Normal
2026-02-10 21:21:21.893569,Tokyo-48dd,47,67,Normal
2026-02-10 21:21:22.893569,Tokyo-48dd,46,82,Normal
2026-02-10 21:21:23.893569,Tokyo-48dd,-23,67,Normal
2026-02-10 21:21:24.893569,Tokyo-48dd,36,42,Normal
2026-02-10 21:21:25.893569,Tokyo-48dd,11,91,Normal
2026-02-10 21:21:26.893569,Tokyo-48dd,13,96,Normal
2026-02-10 21:21:27.893569,Tokyo-48dd,37,56,Normal
2026-02-10 21:21:28.893569,Tokyo-48dd,23,27,Normal
2026-02-10 21:21:29.893569,Tokyo-48dd,-24,56,Normal
2026-02-10 21:21:30.893569,Tokyo-48dd,4,17,Normal
2026-02-10 21:21:31.893569,Tokyo-48dd,12,82,Normal
2026-02-10 21:21:32.893569,Tokyo-48dd,4,85,Normal
2026-02-10 21:21:33.893569,Tokyo-48dd,8,46,Normal
2026-02-10 21:21:34.893569,Tokyo-48dd,34,40,Normal
2026-02-10 21:21:35.893569,Tokyo-48dd,-24,42,Normal
2026-02-10 21:21:36.893569,Tokyo-48dd,-23,73,Normal
2026-02-10 21:21:37.893569,Tokyo-48dd,-30,63,Normal
2026-02-10 21:21:38.893569,Tokyo-48dd,8,32,Normal
2026-02-10 21:21:39.893569,Tokyo-48dd,-4,87,Normal
2026-02-10 21:21:40.893569,Tokyo-48dd,-23,44,Normal
2026-02-10 21:21:41.893569,Tokyo-48dd,5,16,Normal
2026-02-10 21:21:42.893569,Tokyo-48dd,-23,23,Normal
2026-02-10 21:21:43.893569,Tokyo-48dd,-19,27,Normal
2026-02-10 21:21:44.893569,Tokyo-48dd,15,26,Normal
2026-02-10 21:21:45.893569,Tokyo-48dd,-24,77,Normal
2026-02-10 21:21:46.893569,Tokyo-48dd,-26,83,Normal
2026-02-10 21:21:47.893569,Tokyo-48dd,44,24,Normal
2026-02-10 21:21:48.893569,Tokyo-48dd,49,48,Normal
2026-02-10 21:21:49.893569,Tokyo-48dd,-3,38,Normal
2026-02-10 21:21:50.893569,Tokyo-48dd,27,84,Normal
2026-02-10 21:21:51.893569,Tokyo-48dd,-26,24,Normal
2026-02-10 21:21:52.893569,Tokyo-48dd,45,18,Normal
2026-02-10 21:21:53.893569,Tokyo-48dd,38,80,Normal
2026-02-10 21:21:54.893569,Tokyo-48dd,22,12,Normal
2026-02-10 21:21:55.893569,Tokyo-48dd,49,35,Normal
2026-02-10 21:21:56.893569,Tokyo-48dd,-7,19,Normal
2026-02-10 21:21:57.893569,Tokyo-48dd,44,16,Normal
2026-02-10 21:21:58.893569,Tokyo-48dd,-28,77,Normal
2026-02-10 21:21:59.893569,Tokyo-48dd,4,83,Normal
2026-02-10 21:22:00.893569,Tokyo-48dd,-14,25,Normal
2026-02-10 21:22:01.893569,Tokyo-48dd,-30,60,Normal
2026-02-10 21:22:02.893569,Tokyo-48dd,20,92,Normal
2026-02-10 21:22:03.893569,Tokyo-48dd,-14,29,Normal
2026-02-10 21:22:04.893569,Tokyo-48dd,-13,93,Normal
2026-02-10 21:22:05.893569,Tokyo-48dd,15,75,Normal
2026-02-10 21:22:06.893569,Tokyo-48dd,9,1,Normal
2026-02-10 21:22:07.893569,Tokyo-48dd,-11,79,Normal
2026-02-10 21:22:08.893569,Tokyo-48dd,5,1,Normal
2026-02-10 21:22:09.893569,Tokyo-48dd,27,42,Normal
2026-02-10 21:22:10.893569,Tokyo-48dd,-11,22,Normal
2026-02-10 21:22:11.893569,Tokyo-48dd,50,36,Normal
2026-02-10 21:22:12.893569,Tokyo-48dd,45,6,Normal
2026-02-10 21:22:13.893569,Tokyo-48dd,-1,40,Normal
2026-02-10 21:22:14.893569,Tokyo-48dd,10,76,Normal
2026-02-10 21:22:15.893569,Tokyo-48dd,-21,80,Normal
2026-02-10 21:22:16.893569,Tokyo-48dd,31,58,Normal
2026-02-10 21:22:17.893569,Tokyo-48dd,50,21,Normal
2026-02-10 21:22:18.893569,Tokyo-48dd,42,54,Normal
2026-02-10 21:22:19.893569,Tokyo-48dd,-7,83,Normal
2026-02-10 21:22:20.893569,Tokyo-48dd,39,66,Normal
2026-02-10 21:22:21.893569,Tokyo-48dd,29,32,Normal
2026-02-10 21:22:22.893569,Tokyo-48dd,11,27,Normal
2026-02-10 21:22:23.893569,Tokyo-48dd,-15,95,Normal
2026-02-10 21:22:24.893569,Tokyo-48dd,29,56,Normal
2026-02-10 21:22:25.893569,Tokyo-48dd,31,70,Normal
2026-02-10 21:22:26.893569,Tokyo-48dd,31,60,Normal
2026-02-10 21:22:27.893569,Tokyo-48dd,8,90,Normal
2026-02-10 21:22:28.893569,Tokyo-48dd,-26,32,Normal
2026-02-10 21:22:29.893569,Tokyo-48dd,-22,9,Normal
2026-02-10 21:22:30.893569,Tokyo-48dd,7,3,Normal
2026-02-10 21:22:31.893569,Tokyo-48dd,-14,39,Normal
2026-02-10 21:22:32.893569,Tokyo-48dd,43,81,Normal
2026-02-10 21:22:33.893569,Tokyo-48dd,-12,0,Normal
2026-02-10 21:22:34.893569,Tokyo-48dd,-20,87,Normal
2026-02-10 21:22:35.893569,Tokyo-48dd,9,91,Normal
2026-02-10 21:22:36.893569,Tokyo-48dd,-13,80,Normal
2026-02-10 21:22:37.893569,Tokyo-48dd,41,52,Normal
2026-02-10 21:22:38.893569,Tokyo-48dd,18,69,Normal
2026-02-10 21:22:39.893569,Tokyo-48dd,-29,31,Normal
2026-02-10 21:22:40.893569,Tokyo-48dd,22,50,Normal
2026-02-10 21:22:41.893569,Tokyo-48dd,27,39,Normal
2026-02-10 21:22:42.893569,Tokyo-48dd,26,61,Normal
2026-02-10 21:22:43.893569,Tokyo-48dd,-17,87,Normal
2026-02-10 21:22:44.893569,Tokyo-48dd,44,1,Normal
2026-02-10 21:22:45.893569,Tokyo-48dd,20,43,Normal
2026-02-10 21:22:46.893569,Tokyo-48dd,38,100,Normal
2026-02-10 21:22:47.893569,Tokyo-48dd,-16,26,Normal
2026-02-10 21:22:48.893569,Tokyo-48dd,35,86,Normal
2026-02-10 21:22:49.893569,Tokyo-48dd,-23,80,Normal
2026-02-10 21:22:50.893569,Tokyo-48dd,-29,64,Normal
2026-02-10 21:22:51.893569,Tokyo-48dd,-28,63,Normal
2026-02-10 21:22:52.893569,Tokyo-48dd,-6,100,Normal
2026-02-10 21:22:53.893569,Tokyo-48dd,44,72,Normal
2026-02-10 21:22:54.893569,Tokyo-48dd,49,60,Normal
2026-02-10 21:22:55.893569,Tokyo-48dd,5,38,Normal
2026-02-10 21:22:56.893569,Tokyo-48dd,31,86,Normal
2026-02-10 21:22:57.893569,Tokyo-48dd,20,52,Normal
2026-02-10 21:22:58.893569,Tokyo-48dd,38,0,Normal
2026-02-10 21:22:59.893569,Tokyo-48dd,44,81,Normal
2026-02-10 21:23:00.893569,Tokyo-48dd,32,22,Normal
2026-02-10 21:23:01.893569,Tokyo-48dd,33,24,Normal
2026-02-10 21:23:02.893569,Tokyo-48dd,-26,1,Normal
2026-02-10 21:23:03.893569,Tokyo-48dd,49,44,Normal
2026-02-10 21:23:04.893569,Tokyo-48dd,-7,65,Normal
2026-02-10 21:23:05.893569,Tokyo-48dd,37,57,Normal
2026-02-10 21:23:06.893569,Tokyo-48dd,40,2,Normal
2026-02-10 21:23:07.893569,Tokyo-48dd,-13,23,Normal
2026-02-10 21:23:08.893569,Tokyo-48dd,21,82,Normal
2026-02-10 21:23:09.893569,Tokyo-48dd,37,18,Normal
2026-02-10 21:23:10.893569,Tokyo-48dd,34,85,Normal
2026-02-10 21:23:11.893569,Tokyo-48dd,-19,69,Normal
2026-02-10 21:23:12.893569,Tokyo-48dd,13,36,Normal
2026-02-10 21:23:13.893569,Tokyo-48dd,31,50,Normal
2026-02-10 21:23:14.893569,Tokyo-48dd,13,66,Normal
2026-02-10 21:23:15.893569,Tokyo-48dd,-19,21,Normal
2026-02-10 21:23:16.893569,Tokyo-48dd,-19,100,Normal
2026-02-10 21:23:17.893569,Tokyo-48dd,-9,42,Normal
2026-02-10 21:23:18.893569,Tokyo-48dd,18,21,Normal
2026-02-10 21:23:19.893569,Tokyo-48dd,26,36,Normal
2026-02-10 21:23:20.893569,Tokyo-48dd,-12,32,Normal
2026-02-10 21:23:21.893569,Tokyo-48dd,-23,18,Normal
2026-02-10 21:23:22.893569,Tokyo-48dd,-25,20,Normal
2026-02-10 21:23:23.893569,Tokyo-48dd,-13,6,Normal
2026-02-10 21:23:24.893569,Tokyo-48dd,0,92,Normal
2026-02-10 21:23:25.893569,Tokyo-48dd,-5,38,Normal
2026-02-10 21:23:26.893569,Tokyo-48dd,32,6,Normal
2026-02-10 21:23:27.893569,Tokyo-48dd,-17,68,Normal
2026-02-10 21:23:28.893569,Tokyo-48dd,44,19,Normal
2026-02-10 21:23:29.893569,Tokyo-48dd,35,46,Normal
2026-02-10 21:23:30.893569,Tokyo-48dd,35,10,Normal
2026-02-10 21:23:31.893569,Tokyo-48dd,29,69,Normal
2026-02-10 21:23:32.893569,Tokyo-48dd,-8,50,Normal
2026-02-10 21:23:33.893569,Tokyo-48dd,42,83,Normal
2026-02-10 21:23:34.893569,Tokyo-48dd,-29,66,Normal
2026-02-10 21:23:35.893569,Tokyo-48dd,18,3,Normal
2026-02-10 21:23:36.893569,Tokyo-48dd,31,25,Normal
2026-02-10 21:23:37.893569,Tokyo-48dd,-28,52,Normal
2026-02-10 21:23:38.893569,Tokyo-48dd,-10,34,Normal
2026-02-10 21:23:39.893569,Tokyo-48dd,-26,10,Normal
2026-02-10 21:23:40.893569,Tokyo-48dd,29,4,Normal
2026-02-10 21:23:41.893569,Tokyo-48dd,-6,89,Normal
2026-02-10 21:23:42.893569,Tokyo-48dd,-3,30,Normal
2026-02-10 21:23:43.893569,Tokyo-48dd,43,28,Normal
2026-02-10 21:23:44.893569,Tokyo-48dd,-26,82,Normal
2026-02-10 21:23:45.893569,Tokyo-48dd,5,31,Normal
2026-02-10 21:23:46.893569,Tokyo-48dd,17,25,Normal
2026-02-10 21:23:47.893569,Tokyo-48dd,48,65,Normal
2026-02-10 21:23:48.893569,Tokyo-48dd,35,5,Normal
2026-02-10 21:23:49.893569,Tokyo-48dd,15,79,Normal
2026-02-10 21:23:50.893569,Tokyo-48dd,-5,7,Normal
2026-02-10 21:23:51.893569,Tokyo-48dd,26,15,Normal
2026-02-10 21:23:52.893569,Tokyo-48dd,13,97,Normal
2026-02-10 21:23:53.893569,Tokyo-48dd,45,89,Normal
2026-02-10 21:23:54.893569,Tokyo-48dd,-7,55,Normal
2026-02-10 21:23:55.893569,Tokyo-48dd,26,62,Normal
2026-02-10 21:23:56.893569,Tokyo-48dd,5,96,Normal
2026-02-10 21:23:57.893569,Tokyo-48dd,9,5,Normal
2026-02-10 21:23:58.893569,Tokyo-48dd,13,49,Normal
2026-02-10 21:23:59.893569,Tokyo-48dd,26,88,Normal
2026-02-10 21:24:00.893569,Tokyo-48dd,2,56,Normal
2026-02-10 21:24:01.893569,Tokyo-48dd,-25,46,Normal
2026-02-10 21:24:02.893569,Tokyo-48dd,10,27,Normal
2026-02-10 21:24:03.893569,Tokyo-48dd,48,79,Normal
2026-02-10 21:24:04.893569,Tokyo-48dd,42,79,Normal
2026-02-10 21:24:05.893569,Tokyo-48dd,-23,53,Normal
2026-02-10 21:24:06.893569,Tokyo-48dd,-25,18,Normal
2026-02-10 21:24:07.893569,Tokyo-48dd,38,7,Normal
2026-02-10 21:24:08.893569,Tokyo-48dd,-16,8,Normal
2026-02-10 21:24:09.893569,Tokyo-48dd,-11,13,Normal
2026-02-10 21:24:10.893569,Tokyo-48dd,-3,22,Normal
2026-02-10 21:24:11.893569,Tokyo-48dd,7,100,Normal
2026-02-10 21:24:12.893569,Tokyo-48dd,27,21,Normal
2026-02-10 21:24:13.893569,Tokyo-48dd,-10,0,Normal
2026-02-10 21:24:14.893569,Tokyo-48dd,-21,64,Normal
2026-02-10 21:24:15.893569,Tokyo-48dd,25,60,Normal
2026-02-10 21:24:16.893569,Tokyo-48dd,3,6,Normal
2026-02-10 21:24:17.893569,Tokyo-48dd,-30,52,Normal
2026-02-10 21:24:18.893569,Tokyo-48dd,-13,90,Normal
2026-02-10 21:24:19.893569,Tokyo-48dd,36,87,Normal
2026-02-10 21:24:20.893569,Tokyo-48dd,43,10,Normal
2026-02-10 21:24:21.893569,Tokyo-48dd,22,69,Normal
2026-02-10 21:24:22.893569,Tokyo-48dd,2,57,Normal
2026-02-10 21:24:23.893569,Tokyo-48dd,47,78,Normal
2026-02-10 21:24:24.893569,Tokyo-48dd,8,3,Normal
2026-02-10 21:24:25.893569,Tokyo-48dd,46,9,Normal
2026-02-10 21:24:26.893569,Tokyo-48dd,32,42,Normal
2026-02-10 21:24:27.893569,Tokyo-48dd,-19,3,Normal
2026-02-10 21:24:28.893569,Tokyo-48dd,43,60,Normal
2026-02-10 21:24:29.893569,Tokyo-48dd,-26,57,Normal
2026-02-10 21:24:30.893569,Tokyo-48dd,39,96,Normal
2026-02-10 21:24:31.893569,Tokyo-48dd,1,75,Normal
2026-02-10 21:24:32.893569,Tokyo-48dd,28,22,Normal
2026-02-10 21:24:33.893569,Tokyo-48dd,-27,83,Normal
2026-02-10 21:24:34.893569,Tokyo-48dd,-23,38,Normal
2026-02-10 21:24:35.893569,Tokyo-48dd,24,90,Normal
2026-02-10 21:24:36.893569,Tokyo-48dd,-30,92,Normal
2026-02-10 21:24:37.893569,Tokyo-48dd,24,93,Normal
2026-02-10 21:24:38.893569,Tokyo-48dd,-14,72,Normal
2026-02-10 21:24:39.893569,Tokyo-48dd,-15,47,Normal
2026-02-10 21:24:40.893569,Tokyo-48dd,46,32,Normal
2026-02-10 21:24:41.893569,Tokyo-48dd,7,12,Normal
2026-02-10 21:24:42.893569,Tokyo-48dd,-25,23,Normal
2026-02-10 21:24:43.893569,Tokyo-48dd,-25,23,Normal
2026-02-10 21:24:44.893569,Tokyo-48dd,-26,3,Normal
2026-02-10 21:24:45.893569,Tokyo-48dd,3,96,Normal
2026-02-10 21:24:46.893569,Tokyo-48dd,-23,96,Normal
2026-02-10 21:24:47.893569,Tokyo-48dd,-18,45,Normal
2026-02-10 21:24:48.893569,Tokyo-48dd,-23,24,Normal
2026-02-10 21:24:49.893569,Tokyo-48dd,26,6,Normal
2026-02-10 21:24:50.893569,Tokyo-48dd,11,94,Normal
2026-02-10 21:24:51.893569,Tokyo-48dd,-3,87,Normal
2026-02-10 21:24:52.893569,Tokyo-48dd,0,79,Normal
2026-02-10 21:24:53.893569,Tokyo-48dd,27,97,Normal
2026-02-10 21:24:54.893569,Tokyo-48dd,-17,44,Normal
2026-02-10 21:24:55.893569,Tokyo-48dd,-27,89,Normal
2026-02-10 21:24:56.893569,Tokyo-48dd,-2,15,Normal
2026-02-10 21:24:57.893569,Tokyo-48dd,43,54,Normal
2026-02-10 21:24:58.893569,Tokyo-48dd,24,57,Normal
2026-02-10 21:24:59.893569,Tokyo-48dd,-16,68,Normal
2026-02-10 21:25:00.893569,Tokyo-48dd,-2,62,Normal
2026-02-10 21:25:01.893569,Tokyo-48dd,6,56,Normal
2026-02-10 21:25:02.893569,Tokyo-48dd,31,18,Normal
2026-02-10 21:25:03.893569,Tokyo-48dd,6,20,Normal
2026-02-10 21:25:04.893569,Tokyo-48dd,-25,16,Normal
2026-02-10 21:25:05.893569,Tokyo-48dd,46,69,Normal
2026-02-10 21:25:06.893569,Tokyo-48dd,46,67,Normal
2026-02-10 21:25:07.893569,Tokyo-48dd,-27,56,Normal
2026-02-10 21:25:08.893569,Tokyo-48dd,18,37,Normal
2026-02-10 21:25:09.893569,Tokyo-48dd,11,85,Normal
2026-02-10 21:25:10.893569,Tokyo-48dd,41,94,Normal
2026-02-10 21:25:11.893569,Tokyo-48dd,-24,11,Normal
2026-02-10 21:25:12.893569,Tokyo-48dd,47,96,Normal
2026-02-10 21:25:13.893569,Tokyo-48dd,-18,74,Normal
2026-02-10 21:25:14.893569,Tokyo-48dd,18,5,Normal
2026-02-10 21:25:15.893569,Tokyo-48dd,37,33,Normal
2026-02-10 21:25:16.893569,Tokyo-48dd,48,12,Normal
2026-02-10 21:25:17.893569,Tokyo-48dd,27,53,Normal
2026-02-10 21:25:18.893569,Tokyo-48dd,44,43,Normal
2026-02-10 21:25:19.893569,Tokyo-48dd,-25,100,Normal
2026-02-10 21:25:20.893569,Tokyo-48dd,23,52,Normal
2026-02-10 21:25:21.893569,Tokyo-48dd,15,25,Normal
2026-02-10 21:25:22.893569,Tokyo-48dd,42,12,Normal
2026-02-10 21:25:23.893569,Tokyo-48dd,-19,76,Normal
2026-02-10 21:25:24.893569,Tokyo-48dd,13,75,Normal
2026-02-10 21:25:25.893569,Tokyo-48dd,45,89,Normal
2026-02-10 21:25:26.893569,Tokyo-48dd,6,5,Normal
2026-02-10 21:25:27.893569,Tokyo-48dd,2,34,Normal
2026-02-10 21:25:28.893569,Tokyo-48dd,-15,53,Normal
2026-02-10 21:25:29.893569,Tokyo-48dd,15,47,Normal
2026-02-10 21:25:30.893569,Tokyo-48dd,5,82,Normal
2026-02-10 21:25:31.893569,Tokyo-48dd,46,68,Normal
2026-02-10 21:25:32.893569,Tokyo-48dd,5,55,Normal
2026-02-10 21:25:33.893569,Tokyo-48dd,-16,59,Normal
2026-02-10 21:25:34.893569,Tokyo-48dd,-8,73,Normal
2026-02-10 21:25:35.893569,Tokyo-48dd,-12,15,Normal
2026-02-10 21:25:36.893569,Tokyo-48dd,26,75,Normal
2026-02-10 21:25:37.893569,Tokyo-48dd,1,98,Normal
2026-02-10 21:25:38.893569,Tokyo-48dd,47,53,Normal
2026-02-10 21:25:39.893569,Tokyo-48dd,35,100,Normal
2026-02-10 21:25:40.893569,Tokyo-48dd,-29,96,Normal
2026-02-10 21:25:41.893569,Tokyo-48dd,48,89,Normal
2026-02-10 21:25:42.893569,Tokyo-48dd,-13,45,Normal
2026-02-10 21:25:43.893569,Tokyo-48dd,28,51,Normal
2026-02-10 21:25:44.893569,Tokyo-48dd,20,96,Normal
2026-02-10 21:25:45.893569,Tokyo-48dd,23,16,Normal
2026-02-10 21:25:46.893569,Tokyo-48dd,18,65,Normal
2026-02-10 21:25:47.893569,Tokyo-48dd,-12,89,Normal
2026-02-10 21:25:48.893569,Tokyo-48dd,-10,19,Normal
2026-02-10 21:25:49.893569,Tokyo-48dd,50,42,Normal
2026-02-10 21:25:50.893569,Tokyo-48dd,-24,26,Normal
2026-02-10 21:25:51.893569,Tokyo-48dd,-9,7,Normal
2026-02-10 21:25:52.893569,Tokyo-48dd,41,10,Normal
2026-02-10 21:25:53.893569,Tokyo-48dd,0,41,Normal
2026-02-10 21:25:54.893569,Tokyo-48dd,-30,10,Normal
2026-02-10 21:25:55.893569,Tokyo-48dd,44,21,Normal
2026-02-10 21:25:56.893569,Tokyo-48dd,13,25,Normal
2026-02-10 21:25:57.893569,Tokyo-48dd,28,65,Normal
2026-02-10 21:25:58.893569,Tokyo-48dd,-12,31,Normal
2026-02-10 21:25:59.893569,Tokyo-48dd,1,86,Normal
2026-02-10 21:26:00.893569,Tokyo-48dd,-6,40,Normal
2026-02-10 21:26:01.893569,Tokyo-48dd,-13,35,Normal
2026-02-10 21:26:02.893569,Tokyo-48dd,37,35,Normal
2026-02-10 21:26:03.893569,Tokyo-48dd,8,18,Normal
2026-02-10 21:26:04.893569,Tokyo-48dd,5,11,Normal
2026-02-10 21:26:05.893569,Tokyo-48dd,-26,63,Normal
2026-02-10 21:26:06.893569,Tokyo-48dd,32,40,Normal
2026-02-10 21:26:07.893569,Tokyo-48dd,46,93,Normal
2026-02-10 21:26:08.893569,Tokyo-48dd,30,40,Normal
2026-02-10 21:26:09.893569,Tokyo-48dd,-1,73,Normal
2026-02-10 21:26:10.893569,Tokyo-48dd,0,74,Normal
2026-02-10 21:26:11.893569,Tokyo-48dd,-5,10,Normal
2026-02-10 21:26:12.893569,Tokyo-48dd,17,88,Normal
2026-02-10 21:26:13.893569,Tokyo-48dd,32,50,Normal
2026-02-10 21:26:14.893569,Tokyo-48dd,24,52,Normal
2026-02-10 21:26:15.893569,Tokyo-48dd,25,6,Normal
2026-02-10 21:26:16.893569,Tokyo-48dd,17,50,Normal
2026-02-10 21:26:17.893569,Tokyo-48dd,44,92,Normal
2026-02-10 21:26:18.893569,Tokyo-48dd,8,0,Normal
2026-02-10 21:26:19.893569,Tokyo-48dd,-15,58,Normal
2026-02-10 21:26:20.893569,Tokyo-48dd,50,49,Normal
2026-02-10 21:26:21.893569,Tokyo-48dd,-23,55,Normal
2026-02-10 21:26:22.893569,Tokyo-48dd,4,13,Normal
2026-02-10 21:26:23.893569,Tokyo-48dd,35,87,Normal
2026-02-10 21:26:24.893569,Tokyo-48dd,0,34,Normal
2026-02-10 21:26:25.893569,Tokyo-48dd,-26,60,Normal
2026-02-10 21:26:26.893569,Tokyo-48dd,-19,96,Normal
2026-02-10 21:26:27.893569,Tokyo-48dd,46,17,Normal
2026-02-10 21:26:28.893569,Tokyo-48dd,46,16,Normal
2026-02-10 21:26:29.893569,Tokyo-48dd,28,97,Normal
2026-02-10 21:26:30.893569,Tokyo-48dd,17,44,Normal
2026-02-10 21:26:31.893569,Tokyo-48dd,-26,6,Normal
2026-02-10 21:26:32.893569,Tokyo-48dd,33,78,Normal
2026-02-10 21:26:33.893569,Tokyo-48dd,21,70,Normal
2026-02-10 21:26:34.893569,Tokyo-48dd,-30,73,Normal
2026-02-10 21:26:35.893569,Tokyo-48dd,17,4,Normal
2026-02-10 21:26:36.893569,Tokyo-48dd,15,48,Normal
2026-02-10 21:26:37.893569,Tokyo-48dd,9,92,Normal
2026-02-10 21:26:38.893569,Tokyo-48dd,44,98,Normal
2026-02-10 21:26:39.893569,Tokyo-48dd,24,34,Normal
2026-02-10 21:26:40.893569,Tokyo-48dd,0,44,Normal
2026-02-10 21:26:41.893569,Tokyo-48dd,18,26,Normal
2026-02-10 21:26:42.893569,Tokyo-48dd,-10,4,Normal
2026-02-10 21:26:43.893569,Tokyo-48dd,12,4,Normal
2026-02-10 21:26:44.893569,Tokyo-48dd,38,26,Normal
2026-02-10 21:26:45.893569,Tokyo-48dd,-29,0,Normal
2026-02-10 21:26:46.893569,Tokyo-48dd,-27,59,Normal
2026-02-10 21:26:47.893569,Tokyo-48dd,34,94,Normal
2026-02-10 21:26:48.893569,Tokyo-48dd,-16,6,Normal
2026-02-10 21:26:49.893569,Tokyo-48dd,26,17,Normal
2026-02-10 21:26:50.893569,Tokyo-48dd,48,27,Normal
2026-02-10 21:26:51.893569,Tokyo-48dd,30,43,Normal
2026-02-10 21:26:52.893569,Tokyo-48dd,-9,53,Normal
2026-02-10 21:26:53.893569,Tokyo-48dd,41,65,Normal
2026-02-10 21:26:54.893569,Tokyo-48dd,-7,23,Normal
2026-02-10 21:26:55.893569,Tokyo-48dd,7,40,Normal
2026-02-10 21:26:56.893569,Tokyo-48dd,-14,93,Normal
2026-02-10 21:26:57.893569,Tokyo-48dd,48,61,Normal
2026-02-10 21:26:58.893569,Tokyo-48dd,1,58,Normal
2026-02-10 21:26:59.893569,Tokyo-48dd,21,76,Normal
2026-02-10 21:27:00.893569,Tokyo-48dd,14,89,Normal
2026-02-10 21:27:01.893569,Tokyo-48dd,40,55,Normal
2026-02-10 21:27:02.893569,Tokyo-48dd,-17,10,Normal
2026-02-10 21:27:03.893569,Tokyo-48dd,-5,26,Normal
2026-02-10 21:27:04.893569,Tokyo-48dd,-2,25,Normal
2026-02-10 21:27:05.893569,Tokyo-48dd,-4,33,Normal
2026-02-10 21:27:06.893569,Tokyo-48dd,32,73,Normal
2026-02-10 21:27:07.893569,Tokyo-48dd,37,75,Normal
2026-02-10 21:27:08.893569,Tokyo-48dd,5,17,Normal
2026-02-10 21:27:09.893569,Tokyo-48dd,41,55,Normal
2026-02-10 21:27:10.893569,Tokyo-48dd,46,76,Normal
2026-02-10 21:27:11.893569,Tokyo-48dd,49,34,Normal
2026-02-10 21:27:12.893569,Tokyo-48dd,-23,61,Normal
2026-02-10 21:27:13.893569,Tokyo-48dd,-3,12,Normal
2026-02-10 21:27:14.893569,Tokyo-48dd,-9,93,Normal
2026-02-10 21:27:15.893569,Tokyo-48dd,50,5,Normal
2026-02-10 21:27:16.893569,Tokyo-48dd,-20,78,Normal
2026-02-10 21:27:17.893569,Tokyo-48dd,-8,6,Normal
2026-02-10 21:27:18.893569,Tokyo-48dd,-10,29,Normal
2026-02-10 21:27:19.893569,Tokyo-48dd,37,32,Normal
2026-02-10 21:27:20.893569,Tokyo-48dd,14,0,Normal
2026-02-10 21:27:21.893569,Tokyo-48dd,41,69,Normal
2026-02-10 21:27:22.893569,Tokyo-48dd,22,39,Normal
2026-02-10 21:27:23.893569,Tokyo-48dd,40,44,Normal
2026-02-10 21:27:24.893569,Tokyo-48dd,19,45,Normal
2026-02-10 21:27:25.893569,Tokyo-48dd,8,0,Normal
2026-02-10 21:27:26.893569,Tokyo-48dd,-25,0,Normal
2026-02-10 21:27:27.893569,Tokyo-48dd,37,68,Normal
2026-02-10 21:27:28.893569,Tokyo-48dd,-10,41,Normal
2026-02-10 21:27:29.893569,Tokyo-48dd,3,84,Normal
2026-02-10 21:27:30.893569,Tokyo-48dd,19,47,Normal
2026-02-10 21:27:31.893569,Tokyo-48dd,39,77,Normal
2026-02-10 21:27:32.893569,Tokyo-48dd,9,87,Normal
2026-02-10 21:27:33.893569,Tokyo-48dd,50,85,Normal
2026-02-10 21:27:34.893569,Tokyo-48dd,29,46,Normal
2026-02-10 21:27:35.893569,Tokyo-48dd,-16,7,Normal
2026-02-10 21:27:36.893569,Tokyo-48dd,21,61,Normal
2026-02-10 21:27:37.893569,Tokyo-48dd,49,56,Normal
2026-02-10 21:27:38.893569,Tokyo-48dd,-1,21,Normal
2026-02-10 21:27:39.893569,Tokyo-48dd,28,99,Normal
2026-02-10 21:27:40.893569,Tokyo-48dd,47,67,Normal
2026-02-10 21:27:41.893569,Tokyo-48dd,36,72,Normal
2026-02-10 21:27:42.893569,Tokyo-48dd,25,20,Normal
2026-02-10 21:27:43.893569,Tokyo-48dd,26,11,Normal
2026-02-10 21:27:44.893569,Tokyo-48dd,23,76,Normal
2026-02-10 21:27:45.893569,Tokyo-48dd,47,19,Normal
2026-02-10 21:27:46.893569,Tokyo-48dd,39,27,Normal
2026-02-10 21:27:47.893569,Tokyo-48dd,6,64,Normal
2026-02-10 21:27:48.893569,Tokyo-48dd,19,7,Normal
2026-02-10 21:27:49.893569,Tokyo-48dd,30,23,Normal
2026-02-10 21:27:50.893569,Tokyo-48dd,38,18,Normal
2026-02-10 21:27:51.893569,Tokyo-48dd,21,75,Normal
2026-02-10 21:27:52.893569,Tokyo-48dd,2,18,Normal
2026-02-10 21:27:53.893569,Tokyo-48dd,11,39,Normal
2026-02-10 21:27:54.893569,Tokyo-48dd,14,5,Normal
2026-02-10 21:27:55.893569,Tokyo-48dd,-20,66,Normal
2026-02-10 21:27:56.893569,Tokyo-48dd,-23,51,Normal
2026-02-10 21:27:57.893569,Tokyo-48dd,43,100,Normal
2026-02-10 21:27:58.893569,Tokyo-48dd,-27,1,Normal
2026-02-10 21:27:59.893569,Tokyo-48dd,0,98,Normal
2026-02-10 21:28:00.893569,Tokyo-48dd,42,41,Normal
2026-02-10 21:28:01.893569,Tokyo-48dd,-29,95,Normal
2026-02-10 21:28:02.893569,Tokyo-48dd,0,24,Normal
2026-02-10 21:28:03.893569,Tokyo-48dd,-2,81,Normal
2026-02-10 21:28:04.893569,Tokyo-48dd,30,66,Normal
2026-02-10 21:28:05.893569,Tokyo-48dd,-22,5,Normal
2026-02-10 21:28:06.893569,Tokyo-48dd,-6,9,Normal
2026-02-10 21:28:07.893569,Tokyo-48dd,-21,6,Normal
2026-02-10 21:28:08.893569,Tokyo-48dd,-1,0,Normal
2026-02-10 21:28:09.893569,Tokyo-48dd,39,54,Normal
2026-02-10 21:28:10.893569,Tokyo-48dd,39,88,Normal
2026-02-10 21:28:11.893569,Tokyo-48dd,8,62,Normal
2026-02-10 21:28:12.893569,Tokyo-48dd,34,73,Normal
2026-02-10 21:28:13.893569,Tokyo-48dd,2,28,Normal
2026-02-10 21:28:14.893569,Tokyo-48dd,30,26,Normal
2026-02-10 21:28:15.893569,Tokyo-48dd,-1,49,Normal
2026-02-10 21:28:16.893569,Tokyo-48dd,39,41,Normal
2026-02-10 21:28:17.893569,Tokyo-48dd,38,54,Normal
2026-02-10 21:28:18.893569,Tokyo-48dd,18,91,Normal
2026-02-10 21:28:19.893569,Tokyo-48dd,28,46,Normal
2026-02-10 21:28:20.893569,Tokyo-48dd,43,32,Normal
2026-02-10 21:28:21.893569,Tokyo-48dd,-30,44,Normal
2026-02-10 21:28:22.893569,Tokyo-48dd,29,34,Normal
2026-02-10 21:28:23.893569,Tokyo-48dd,50,75,Normal
2026-02-10 21:28:24.893569,Tokyo-48dd,18,11,Normal
2026-02-10 21:28:25.893569,Tokyo-48dd,24,90,Normal
2026-02-10 21:28:26.893569,Tokyo-48dd,-6,53,Normal
2026-02-10 21:28:27.893569,Tokyo-48dd,0,63,Normal
2026-02-10 21:28:28.893569,Tokyo-48dd,9,62,Normal
2026-02-10 21:28:29.893569,Tokyo-48dd,-20,87,Normal
2026-02-10 21:28:30.893569,Tokyo-48dd,23,61,Normal
2026-02-10 21:28:31.893569,Tokyo-48dd,-3,33,Normal
2026-02-10 21:28:32.893569,Tokyo-48dd,1,52,Normal
2026-02-10 21:28:33.893569,Tokyo-48dd,9,20,Normal
2026-02-10 21:28:34.893569,Tokyo-48dd,-5,97,Normal
2026-02-10 21:28:35.893569,Tokyo-48dd,-21,9,Normal
2026-02-10 21:28:36.893569,Tokyo-48dd,-11,26,Normal
2026-02-10 21:28:37.893569,Tokyo-48dd,6,60,Normal
2026-02-10 21:28:38.893569,Tokyo-48dd,28,41,Normal
2026-02-10 21:28:39.893569,Tokyo-48dd,-1,11,Normal
2026-02-10 21:28:40.893569,Tokyo-48dd,-5,76,Normal
2026-02-10 21:28:41.893569,Tokyo-48dd,-6,54,Normal
2026-02-10 21:28:42.893569,Tokyo-48dd,9,53,Normal
2026-02-10 21:28:43.893569,Tokyo-48dd,43,50,Normal
2026-02-10 21:28:44.893569,Tokyo-48dd,-14,67,Normal
2026-02-10 21:28:45.893569,Tokyo-48dd,18,53,Normal
2026-02-10 21:28:46.893569,Tokyo-48dd,35,58,Normal
2026-02-10 21:28:47.893569,Tokyo-48dd,15,23,Normal
2026-02-10 21:28:48.893569,Tokyo-48dd,5,95,Normal
2026-02-10 21:28:49.893569,Tokyo-48dd,-1,0,Normal
2026-02-10 21:28:50.893569,Tokyo-48dd,-9,46,Normal
2026-02-10 21:28:51.893569,Tokyo-48dd,-11,58,Normal
2026-02-10 21:28:52.893569,Tokyo-48dd,-4,49,Normal
2026-02-10 21:28:53.893569,Tokyo-48dd,-16,79,Normal
2026-02-10 21:28:54.893569,Tokyo-48dd,30,65,Normal
2026-02-10 21:28:55.893569,Tokyo-48dd,18,49,Normal
2026-02-10 21:28:56.893569,Tokyo-48dd,14,28,Normal
2026-02-10 21:28:57.893569,Tokyo-48dd,37,73,Normal
2026-02-10 21:28:58.893569,Tokyo-48dd,14,96,Normal
2026-02-10 21:28:59.893569,Tokyo-48dd,19,95,Normal
2026-02-10 21:29:00.893569,Tokyo-48dd,23,60,Normal
2026-02-10 21:29:01.893569,Tokyo-48dd,30,16,Normal
2026-02-10 21:29:02.893569,Tokyo-48dd,34,85,Normal
2026-02-10 21:29:03.893569,Tokyo-48dd,47,64,Normal
2026-02-10 21:29:04.893569,Tokyo-48dd,-25,7,Normal
2026-02-10 21:29:05.893569,Tokyo-48dd,48,35,Normal
2026-02-10 21:29:06.893569,Tokyo-48dd,19,11,Normal
2026-02-10 21:29:07.893569,Tokyo-48dd,-9,53,Normal
2026-02-10 21:29:08.893569,Tokyo-48dd,-20,95,Normal
2026-02-10 21:29:09.893569,Tokyo-48dd,34,25,Normal
2026-02-10 21:29:10.893569,Tokyo-48dd,44,19,Normal
2026-02-10 21:29:11.893569,Tokyo-48dd,38,16,Normal
2026-02-10 21:29:12.893569,Tokyo-48dd,30,22,Normal
2026-02-10 21:29:13.893569,Tokyo-48dd,9,30,Normal
2026-02-10 21:29:14.893569,Tokyo-48dd,6,29,Normal
2026-02-10 21:29:15.893569,Tokyo-48dd,-29,18,Normal
2026-02-10 21:29:16.893569,Tokyo-48dd,-24,31,Normal
2026-02-10 21:29:17.893569,Tokyo-48dd,45,46,Normal
2026-02-10 21:29:18.893569,Tokyo-48dd,-22,21,Normal
2026-02-10 21:29:19.893569,Tokyo-48dd,39,12,Normal
2026-02-10 21:29:20.893569,Tokyo-48dd,11,98,Normal
2026-02-10 21:29:21.893569,Tokyo-48dd,-19,26,Normal
2026-02-10 21:29:22.893569,Tokyo-48dd,-8,57,Normal
2026-02-10 21:29:23.893569,Tokyo-48dd,14,79,Normal
2026-02-10 21:29:24.893569,Tokyo-48dd,21,24,Normal
2026-02-10 21:29:25.893569,Tokyo-48dd,28,45,Normal
2026-02-10 21:29:26.893569,Tokyo-48dd,11,23,Normal
2026-02-10 21:29:27.893569,Tokyo-48dd,19,54,Normal
2026-02-10 21:29:28.893569,Tokyo-48dd,9,100,Normal
2026-02-10 21:29:29.893569,Tokyo-48dd,13,96,Normal
2026-02-10 21:29:30.893569,Tokyo-48dd,47,63,Normal
2026-02-10 21:29:31.893569,Tokyo-48dd,3,97,Normal
2026-02-10 21:29:32.893569,Tokyo-48dd,26,30,Normal
2026-02-10 21:29:33.893569,Tokyo-48dd,6,66,Normal
2026-02-10 21:29:34.893569,Tokyo-48dd,1,31,Normal
2026-02-10 21:29:35.893569,Tokyo-48dd,10,4,Normal
2026-02-10 21:29:36.893569,Tokyo-48dd,-18,71,Normal
2026-02-10 21:29:37.893569,Tokyo-48dd,-20,56,Normal
2026-02-10 21:29:38.893569,Tokyo-48dd,-10,99,Normal
2026-02-10 21:29:39.893569,Tokyo-48dd,22,96,Normal
2026-02-10 21:29:40.893569,Tokyo-48dd,-17,35,Normal
2026-02-10 21:29:41.893569,Tokyo-48dd,-16,14,Normal
2026-02-10 21:29:42.893569,Tokyo-48dd,20,73,Normal
2026-02-10 21:29:43.893569,Tokyo-48dd,-7,59,Normal
2026-02-10 21:29:44.893569,Tokyo-48dd,-11,59,Normal
2026-02-10 21:29:45.893569,Tokyo-48dd,26,17,Normal
2026-02-10 21:29:46.893569,Tokyo-48dd,-27,50,Normal
2026-02-10 21:29:47.893569,Tokyo-48dd,41,10,Normal
2026-02-10 21:29:48.893569,Tokyo-48dd,21,19,Normal
2026-02-10 21:29:49.893569,Tokyo-48dd,-10,20,Normal
2026-02-10 21:29:50.893569,Tokyo-48dd,-1,46,Normal
2026-02-10 21:29:51.893569,Tokyo-48dd,-1,61,Normal
2026-02-10 21:29:52.893569,Tokyo-48dd,43,16,Normal
2026-02-10 21:29:53.893569,Tokyo-48dd,9,87,Normal
2026-02-10 21:29:54.893569,Tokyo-48dd,27,68,Normal
2026-02-10 21:29:55.893569,Tokyo-48dd,-29,24,Normal
2026-02-10 21:29:56.893569,Tokyo-48dd,-28,1,Normal
2026-02-10 21:29:57.893569,Tokyo-48dd,35,19,Normal
2026-02-10 21:29:58.893569,Tokyo-48dd,34,82,Normal
2026-02-10 21:29:59.893569,Tokyo-48dd,-15,59,Normal
2026-02-10 21:30:00.893569,Tokyo-48dd,2,69,Normal
2026-02-10 21:30:01.893569,Tokyo-48dd,42,6,Normal
2026-02-10 21:30:02.893569,Tokyo-48dd,-10,88,Normal
2026-02-10 21:30:03.893569,Tokyo-48dd,-11,47,Normal
2026-02-10 21:30:04.893569,Tokyo-48dd,28,21,Normal
2026-02-10 21:30:05.893569,Tokyo-48dd,-6,27,Normal
2026-02-10 21:30:06.893569,Tokyo-48dd,-1,58,Normal
2026-02-10 21:30:07.893569,Tokyo-48dd,5,81,Normal
2026-02-10 21:30:08.893569,Tokyo-48dd,-25,2,Normal
2026-02-10 21:30:09.893569,Tokyo-48dd,1,72,Normal
2026-02-10 21:30:10.893569,Tokyo-48dd,0,8,Normal
2026-02-10 21:30:11.893569,Tokyo-48dd,41,46,Normal
2026-02-10 21:30:12.893569,Tokyo-48dd,43,4,Normal
2026-02-10 21:30:13.893569,Tokyo-48dd,28,26,Normal
2026-02-10 21:30:14.893569,Tokyo-48dd,-4,67,Normal
2026-02-10 21:30:15.893569,Tokyo-48dd,-23,51,Normal
2026-02-10 21:30:16.893569,Tokyo-48dd,38,75,Normal
2026-02-10 21:30:17.893569,Tokyo-48dd,-18,93,Normal
2026-02-10 21:30:18.893569,Tokyo-48dd,-15,1,Normal
2026-02-10 21:30:19.893569,Tokyo-48dd,13,26,Normal
2026-02-10 21:30:20.893569,Tokyo-48dd,-19,64,Normal
2026-02-10 21:30:21.893569,Tokyo-48dd,19,46,Normal
2026-02-10 21:30:22.893569,Tokyo-48dd,4,76,Normal
2026-02-10 21:30:23.893569,Tokyo-48dd,0,91,Normal
2026-02-10 21:30:24.893569,Tokyo-48dd,3,47,Normal
2026-02-10 21:30:25.893569,Tokyo-48dd,39,12,Normal
2026-02-10 21:30:26.893569,Tokyo-48dd,-3,72,Normal
2026-02-10 21:30:27.893569,Tokyo-48dd,48,77,Normal
2026-02-10 21:30:28.893569,Tokyo-48dd,-16,71,Normal
2026-02-10 21:30:29.893569,Tokyo-48dd,37,3,Normal
2026-02-10 21:30:30.893569,Tokyo-48dd,6,27,Normal
2026-02-10 21:30:31.893569,Tokyo-48dd,35,58,Normal
2026-02-10 21:30:32.893569,Tokyo-48dd,18,49,Normal
2026-02-10 21:30:33.893569,Tokyo-48dd,-13,39,Normal
2026-02-10 21:30:34.893569,Tokyo-48dd,49,89,Normal
2026-02-10 21:30:35.893569,Tokyo-48dd,43,66,Normal
2026-02-10 21:30:36.893569,Tokyo-48dd,-4,27,Normal
2026-02-10 21:30:37.893569,Tokyo-48dd,-8,98,Normal
2026-02-10 21:30:38.893569,Tokyo-48dd,34,71,Normal
2026-02-10 21:30:39.893569,Tokyo-48dd,25,62,Normal
2026-02-10 21:30:40.893569,Tokyo-48dd,35,64,Normal
2026-02-10 21:30:41.893569,Tokyo-48dd,32,57,Normal
2026-02-10 21:30:42.893569,Tokyo-48dd,11,40,Normal
2026-02-10 21:30:43.893569,Tokyo-48dd,-30,52,Normal
2026-02-10 21:30:44.893569,Tokyo-48dd,29,97,Normal
2026-02-10 21:30:45.893569,Tokyo-48dd,38,53,Normal
2026-02-10 21:30:46.893569,Tokyo-48dd,-7,96,Normal
2026-02-10 21:30:47.893569,Tokyo-48dd,7,74,Normal
2026-02-10 21:30:48.893569,Tokyo-48dd,9,38,Normal
2026-02-10 21:30:49.893569,Tokyo-48dd,23,56,Normal
2026-02-10 21:30:50.893569,Tokyo-48dd,20,90,Normal
2026-02-10 21:30:51.893569,Tokyo-48dd,-13,74,Normal
2026-02-10 21:30:52.893569,Tokyo-48dd,43,75,Normal
2026-02-10 21:30:53.893569,Tokyo-48dd,7,5,Normal
2026-02-10 21:30:54.893569,Tokyo-48dd,-13,49,Normal
2026-02-10 21:30:55.893569,Tokyo-48dd,-30,74,Normal
2026-02-10 21:30:56.893569,Tokyo-48dd,30,76,Normal
2026-02-10 21:30:57.893569,Tokyo-48dd,-28,92,Normal
2026-02-10 21:30:58.893569,Tokyo-48dd,45,10,Normal
2026-02-10 21:30:59.893569,Tokyo-48dd,12,34,Normal
2026-02-10 21:31:00.893569,Tokyo-48dd,-15,82,Normal
2026-02-10 21:31:01.893569,Tokyo-48dd,49,87,Normal
2026-02-10 21:31:02.893569,Tokyo-48dd,34,87,Normal
2026-02-10 21:31:03.893569,Tokyo-48dd,25,99,Normal
2026-02-10 21:31:04.893569,Tokyo-48dd,-29,93,Normal
2026-02-10 21:31:05.893569,Tokyo-48dd,46,62,Normal
2026-02-10 21:31:06.893569,Tokyo-48dd,-18,67,Normal
2026-02-10 21:31:07.893569,Tokyo-48dd,-3,79,Normal
2026-02-10 21:31:08.893569,Tokyo-48dd,-15,24,Normal
2026-02-10 21:31:09.893569,Tokyo-48dd,-13,63,Normal
2026-02-10 21:31:10.893569,Tokyo-48dd,45,17,Normal
2026-02-10 21:31:11.893569,Tokyo-48dd,2,56,Normal
2026-02-10 21:31:12.893569,Tokyo-48dd,-10,13,Normal
2026-02-10 21:31:13.893569,Tokyo-48dd,-20,69,Normal
2026-02-10 21:31:14.893569,Tokyo-48dd,28,11,Normal
2026-02-10 21:31:15.893569,Tokyo-48dd,30,79,Normal
2026-02-10 21:31:16.893569,Tokyo-48dd,9,4,Normal
2026-02-10 21:31:17.893569,Tokyo-48dd,49,79,Normal
2026-02-10 21:31:18.893569,Tokyo-48dd,-11,94,Normal
2026-02-10 21:31:19.893569,Tokyo-48dd,17,24,Normal
2026-02-10 21:31:20.893569,Tokyo-48dd,-9,85,Normal
2026-02-10 21:31:21.893569,Tokyo-48dd,3,99,Normal
2026-02-10 21:31:22.893569,Tokyo-48dd,6,81,Normal
2026-02-10 21:31:23.893569,Tokyo-48dd,37,17,Normal
2026-02-10 21:31:24.893569,Tokyo-48dd,19,48,Normal
2026-02-10 21:31:25.893569,Tokyo-48dd,-1,60,Normal
2026-02-10 21:31:26.893569,Tokyo-48dd,-9,61,Normal
2026-02-10 21:31:27.893569,Tokyo-48dd,37,67,Normal
2026-02-10 21:31:28.893569,Tokyo-48dd,16,11,Normal
2026-02-10 21:31:29.893569,Tokyo-48dd,13,37,Normal
2026-02-10 21:31:30.893569,Tokyo-48dd,1,17,Normal
2026-02-10 21:31:31.893569,Tokyo-48dd,-28,33,Normal
2026-02-10 21:31:32.893569,Tokyo-48dd,-20,8,Normal
2026-02-10 21:31:33.893569,Tokyo-48dd,19,12,Normal
2026-02-10 21:31:34.893569,Tokyo-48dd,-18,70,Normal
2026-02-10 21:31:35.893569,Tokyo-48dd,-1,36,Normal
2026-02-10 21:31:36.893569,Tokyo-48dd,2,84,Normal
2026-02-10 21:31:37.893569,Tokyo-48dd,28,79,Normal
2026-02-10 21:31:38.893569,Tokyo-48dd,24,99,Normal
2026-02-10 21:31:39.893569,Tokyo-48dd,-26,86,Normal
2026-02-10 21:31:40.893569,Tokyo-48dd,-29,86,Normal
2026-02-10 21:31:41.893569,Tokyo-48dd,32,66,Normal
2026-02-10 21:31:42.893569,Tokyo-48dd,-1,84,Normal
2026-02-10 21:31:43.893569,Tokyo-48dd,34,71,Normal
2026-02-10 21:31:44.893569,Tokyo-48dd,-26,17,Normal
2026-02-10 21:31:45.893569,Tokyo-48dd,50,33,Normal
2026-02-10 21:31:46.893569,Tokyo-48dd,-14,57,Normal
2026-02-10 21:31:47.893569,Tokyo-48dd,-22,93,Normal
2026-02-10 21:31:48.893569,Tokyo-48dd,48,49,Normal
2026-02-10 21:31:49.893569,Tokyo-48dd,-24,36,Normal
2026-02-10 21:31:50.893569,Tokyo-48dd,-30,28,Normal
2026-02-10 21:31:51.893569,Tokyo-48dd,41,38,Normal
2026-02-10 21:31:52.893569,Tokyo-48dd,-3,53,Normal
2026-02-10 21:31:53.893569,Tokyo-48dd,26,25,Normal
2026-02-10 21:31:54.893569,Tokyo-48dd,-28,34,Normal
2026-02-10 21:31:55.893569,Tokyo-48dd,18,78,Normal
2026-02-10 21:31:56.893569,Tokyo-48dd,-11,50,Normal
2026-02-10 21:31:57.893569,Tokyo-48dd,-24,65,Normal
2026-02-10 21:31:58.893569,Tokyo-48dd,-28,58,Normal
2026-02-10 21:31:59.893569,Tokyo-48dd,49,64,Normal
2026-02-10 21:32:00.893569,Tokyo-48dd,-15,94,Normal
2026-02-10 21:32:01.893569,Tokyo-48dd,42,68,Normal
2026-02-10 21:32:02.893569,Tokyo-48dd,-12,72,Normal
2026-02-10 21:32:03.893569,Tokyo-48dd,12,91,Normal
2026-02-10 21:32:04.893569,Tokyo-48dd,-2,64,Normal
2026-02-10 21:32:05.893569,Tokyo-48dd,15,69,Normal
2026-02-10 21:32:06.893569,Tokyo-48dd,-23,12,Normal
2026-02-10 21:32:07.893569,Tokyo-48dd,-17,11,Normal
2026-02-10 21:32:08.893569,Tokyo-48dd,34,42,Normal
2026-02-10 21:32:09.893569,Tokyo-48dd,26,49,Normal
2026-02-10 21:32:10.893569,Tokyo-48dd,45,78,Normal
2026-02-10 21:32:11.893569,Tokyo-48dd,-22,83,Normal
2026-02-10 21:32:12.893569,Tokyo-48dd,9,55,Normal
2026-02-10 21:32:13.893569,Tokyo-48dd,-12,61,Normal
2026-02-10 21:32:14.893569,Tokyo-48dd,-26,82,Normal
2026-02-10 21:32:15.893569,Tokyo-48dd,23,44,Normal
2026-02-10 21:32:16.893569,Tokyo-48dd,-18,18,Normal
2026-02-10 21:32:17.893569,Tokyo-48dd,-28,34,Normal
2026-02-10 21:32:18.893569,Tokyo-48dd,11,24,Normal
2026-02-10 21:32:19.893569,Tokyo-48dd,-10,98,Normal
2026-02-10 21:32:20.893569,Tokyo-48dd,15,52,Normal
2026-02-10 21:32:21.893569,Tokyo-48dd,-7,34,Normal
2026-02-10 21:32:22.893569,Tokyo-48dd,47,100,Normal
2026-02-10 21:32:23.893569,Tokyo-48dd,-8,10,Normal
2026-02-10 21:32:24.893569,Tokyo-48dd,-27,74,Normal
2026-02-10 21:32:25.893569,Tokyo-48dd,39,17,Normal
2026-02-10 21:32:26.893569,Tokyo-48dd,31,71,Normal
2026-02-10 21:32:27.893569,Tokyo-48dd,17,5,Normal
2026-02-10 21:32:28.893569,Tokyo-48dd,-16,71,Normal
2026-02-10 21:32:29.893569,Tokyo-48dd,11,2,Normal
2026-02-10 21:32:30.893569,Tokyo-48dd,-29,98,Normal
2026-02-10 21:32:31.893569,Tokyo-48dd,35,14,Normal
2026-02-10 21:32:32.893569,Tokyo-48dd,2,78,Normal
2026-02-10 21:32:33.893569,Tokyo-48dd,37,56,Normal
2026-02-10 21:32:34.893569,Tokyo-48dd,-16,48,Normal
2026-02-10 21:32:35.893569,Tokyo-48dd,48,15,Normal
2026-02-10 21:32:36.893569,Tokyo-48dd,8,31,Normal
2026-02-10 21:32:37.893569,Tokyo-48dd,24,50,Normal
2026-02-10 21:32:38.893569,Tokyo-48dd,28,5,Normal
2026-02-10 21:32:39.893569,Tokyo-48dd,-29,11,Normal
2026-02-10 21:32:40.893569,Tokyo-48dd,30,24,Normal
2026-02-10 21:32:41.893569,Tokyo-48dd,16,92,Normal
2026-02-10 21:32:42.893569,Tokyo-48dd,12,38,Normal
2026-02-10 21:32:43.893569,Tokyo-48dd,-24,100,Normal
2026-02-10 21:32:44.893569,Tokyo-48dd,-7,36,Normal
2026-02-10 21:32:45.893569,Tokyo-48dd,-23,57,Normal
2026-02-10 21:32:46.893569,Tokyo-48dd,9,89,Normal
2026-02-10 21:32:47.893569,Tokyo-48dd,0,30,Normal
2026-02-10 21:32:48.893569,Tokyo-48dd,41,66,Normal
2026-02-10 21:32:49.893569,Tokyo-48dd,-21,60,Normal
2026-02-10 21:32:50.893569,Tokyo-48dd,12,35,Normal
2026-02-10 21:32:51.893569,Tokyo-48dd,-4,87,Normal
2026-02-10 21:32:52.893569,Tokyo-48dd,16,72,Normal
2026-02-10 21:32:53.893569,Tokyo-48dd,8,66,Normal
2026-02-10 21:32:54.893569,Tokyo-48dd,46,82,Normal
2026-02-10 21:32:55.893569,Tokyo-48dd,28,62,Normal
2026-02-10 21:32:56.893569,Tokyo-48dd,-30,81,Normal
2026-02-10 21:32:57.893569,Tokyo-48dd,15,3,Normal
2026-02-10 21:32:58.893569,Tokyo-48dd,44,53,Normal
2026-02-10 21:32:59.893569,Tokyo-48dd,-29,58,Normal
2026-02-10 21:33:00.893569,Tokyo-48dd,-14,13,Normal
2026-02-10 21:33:01.893569,Tokyo-48dd,13,39,Normal
2026-02-10 21:33:02.893569,Tokyo-48dd,41,42,Normal
2026-02-10 21:33:03.893569,Tokyo-48dd,-12,59,Normal
2026-02-10 21:33:04.893569,Tokyo-48dd,-17,11,Normal
2026-02-10 21:33:05.893569,Tokyo-48dd,-27,65,Normal
2026-02-10 21:33:06.893569,Tokyo-48dd,32,93,Normal
2026-02-10 21:33:07.893569,Tokyo-48dd,14,10,Normal
2026-02-10 21:33:08.893569,Tokyo-48dd,-8,38,Normal
2026-02-10 21:33:09.893569,Tokyo-48dd,-3,81,Normal
2026-02-10 21:33:10.893569,Tokyo-48dd,-10,36,Normal
2026-02-10 21:33:11.893569,Tokyo-48dd,-26,80,Normal
2026-02-10 21:33:12.893569,Tokyo-48dd,-4,3,Normal
2026-02-10 21:33:13.893569,Tokyo-48dd,-30,10,Normal
2026-02-10 21:33:14.893569,Tokyo-48dd,10,96,Normal
2026-02-10 21:33:15.893569,Tokyo-48dd,-9,91,Normal
2026-02-10 21:33:16.893569,Tokyo-48dd,-1,18,Normal
2026-02-10 21:33:17.893569,Tokyo-48dd,-1,80,Normal
2026-02-10 21:33:18.893569,Tokyo-48dd,18,67,Normal
2026-02-10 21:33:19.893569,Tokyo-48dd,4,68,Normal
2026-02-10 21:33:20.893569,Tokyo-48dd,-29,75,Normal
2026-02-10 21:33:21.893569,Tokyo-48dd,5,60,Normal
2026-02-10 21:33:22.893569,Tokyo-48dd,43,27,Normal
2026-02-10 21:33:23.893569,Tokyo-48dd,-4,77,Normal
2026-02-10 21:33:24.893569,Tokyo-48dd,16,89,Normal
2026-02-10 21:33:25.893569,Tokyo-48dd,26,17,Normal
2026-02-10 21:33:26.893569,Tokyo-48dd,25,75,Normal
2026-02-10 21:33:27.893569,Tokyo-48dd,20,67,Normal
2026-02-10 21:33:28.893569,Tokyo-48dd,26,2,Normal
2026-02-10 21:33:29.893569,Tokyo-48dd,10,19,Normal
2026-02-10 21:33:30.893569,Tokyo-48dd,32,98,Normal
2026-02-10 21:33:31.893569,Tokyo-48dd,37,10,Normal
2026-02-10 21:33:32.893569,Tokyo-48dd,43,81,Normal
2026-02-10 21:33:33.893569,Tokyo-48dd,12,8,Normal
2026-02-10 21:33:34.893569,Tokyo-48dd,-14,64,Normal
2026-02-10 21:33:35.893569,Tokyo-48dd,23,90,Normal
2026-02-10 21:33:36.893569,Tokyo-48dd,6,5,Normal
2026-02-10 21:33:37.893569,Tokyo-48dd,-21,12,Normal
2026-02-10 21:33:38.893569,Tokyo-48dd,-30,53,Normal
2026-02-10 21:33:39.893569,Tokyo-48dd,-28,38,Normal
2026-02-10 21:33:40.893569,Tokyo-48dd,-26,59,Normal
2026-02-10 21:33:41.893569,Tokyo-48dd,40,81,Normal
2026-02-10 21:33:42.893569,Tokyo-48dd,12,65,Normal
2026-02-10 21:33:43.893569,Tokyo-48dd,49,1,Normal
2026-02-10 21:33:44.893569,Tokyo-48dd,-2,36,Normal
2026-02-10 21:33:45.893569,Tokyo-48dd,11,97,Normal
2026-02-10 21:33:46.893569,Tokyo-48dd,34,49,Normal
2026-02-10 21:33:47.893569,Tokyo-48dd,47,36,Normal
2026-02-10 21:33:48.893569,Tokyo-48dd,20,35,Normal
2026-02-10 21:33:49.893569,Tokyo-48dd,-10,28,Normal
2026-02-10 21:33:50.893569,Tokyo-48dd,50,91,Normal
2026-02-10 21:33:51.893569,Tokyo-48dd,-28,59,Normal
2026-02-10 21:33:52.893569,Tokyo-48dd,2,28,Normal
2026-02-10 21:33:53.893569,Tokyo-48dd,46,87,Normal
2026-02-10 21:33:54.893569,Tokyo-48dd,50,17,Normal
2026-02-10 21:33:55.893569,Tokyo-48dd,-8,13,Normal
2026-02-10 21:33:56.893569,Tokyo-48dd,-16,48,Normal
2026-02-10 21:33:57.893569,Tokyo-48dd,-10,91,Normal
2026-02-10 21:33:58.893569,Tokyo-48dd,-1,93,Normal
2026-02-10 21:33:59.893569,Tokyo-48dd,-9,85,Normal
2026-02-10 21:34:00.893569,Tokyo-48dd,5,95,Normal
2026-02-10 21:34:01.893569,Tokyo-48dd,-29,9,Normal
2026-02-10 21:34:02.893569,Tokyo-48dd,-10,68,Normal
2026-02-10 21:34:03.893569,Tokyo-48dd,37,75,Normal
2026-02-10 21:34:04.893569,Tokyo-48dd,-19,37,Normal
2026-02-10 21:34:05.893569,Tokyo-48dd,42,20,Normal
2026-02-10 21:34:06.893569,Tokyo-48dd,-21,57,Normal
2026-02-10 21:34:07.893569,Tokyo-48dd,37,84,Normal
2026-02-10 21:34:08.893569,Tokyo-48dd,8,41,Normal
2026-02-10 21:34:09.893569,Tokyo-48dd,42,19,Normal
2026-02-10 21:34:10.893569,Tokyo-48dd,8,86,Normal
2026-02-10 21:34:11.893569,Tokyo-48dd,31,60,Normal
2026-02-10 21:34:12.893569,Tokyo-48dd,43,46,Normal
2026-02-10 21:34:13.893569,Tokyo-48dd,1,100,Normal
2026-02-10 21:34:14.893569,Tokyo-48dd,11,26,Normal
2026-02-10 21:34:15.893569,Tokyo-48dd,46,6,Normal
2026-02-10 21:34:16.893569,Tokyo-48dd,34,63,Normal
2026-02-10 21:34:17.893569,Tokyo-48dd,35,23,Normal
2026-02-10 21:34:18.893569,Tokyo-48dd,41,80,Normal
2026-02-10 21:34:19.893569,Tokyo-48dd,28,39,Normal
2026-02-10 21:34:20.893569,Tokyo-48dd,-18,27,Normal
2026-02-10 21:34:21.893569,Tokyo-48dd,49,26,Normal
2026-02-10 21:34:22.893569,Tokyo-48dd,-14,62,Normal
2026-02-10 21:34:23.893569,Tokyo-48dd,-9,24,Normal
2026-02-10 21:34:24.893569,Tokyo-48dd,29,60,Normal
2026-02-10 21:34:25.893569,Tokyo-48dd,-26,4,Normal
2026-02-10 21:34:26.893569,Tokyo-48dd,28,19,Normal
2026-02-10 21:34:27.893569,Tokyo-48dd,17,14,Normal
2026-02-10 21:34:28.893569,Tokyo-48dd,8,30,Normal
2026-02-10 21:34:29.893569,Tokyo-48dd,9,78,Normal
2026-02-10 21:34:30.893569,Tokyo-48dd,-20,60,Normal
2026-02-10 21:34:31.893569,Tokyo-48dd,-19,20,Normal
2026-02-10 21:34:32.893569,Tokyo-48dd,28,49,Normal
2026-02-10 21:34:33.893569,Tokyo-48dd,38,43,Normal
2026-02-10 21:34:34.893569,Tokyo-48dd,32,67,Normal
2026-02-10 21:34:35.893569,Tokyo-48dd,6,36,Normal
2026-02-10 21:34:36.893569,Tokyo-48dd,-14,84,Normal
2026-02-10 21:34:37.893569,Tokyo-48dd,36,52,Normal
2026-02-10 21:34:38.893569,Tokyo-48dd,-7,4,Normal
2026-02-10 21:34:39.893569,Tokyo-48dd,10,29,Normal
2026-02-10 21:34:40.893569,Tokyo-48dd,34,28,Normal
2026-02-10 21:34:41.893569,Tokyo-48dd,24,64,Normal
2026-02-10 21:34:42.893569,Tokyo-48dd,4,27,Normal
2026-02-10 21:34:43.893569,Tokyo-48dd,49,81,Normal
2026-02-10 21:34:44.893569,Tokyo-48dd,34,25,Normal
2026-02-10 21:34:45.893569,Tokyo-48dd,37,92,Normal
2026-02-10 21:34:46.893569,Tokyo-48dd,-10,76,Normal
2026-02-10 21:34:47.893569,Tokyo-48dd,37,47,Normal
2026-02-10 21:34:48.893569,Tokyo-48dd,26,61,Normal
2026-02-10 21:34:49.893569,Tokyo-48dd,-10,80,Normal
2026-02-10 21:34:50.893569,Tokyo-48dd,17,79,Normal
2026-02-10 21:34:51.893569,Tokyo-48dd,-11,55,Normal
2026-02-10 21:34:52.893569,Tokyo-48dd,-17,96,Normal
2026-02-10 21:34:53.893569,Tokyo-48dd,40,43,Normal
2026-02-10 21:34:54.893569,Tokyo-48dd,17,62,Normal
2026-02-10 21:34:55.893569,Tokyo-48dd,-27,57,Normal
2026-02-10 21:34:56.893569,Tokyo-48dd,42,44,Normal
2026-02-10 21:34:57.893569,Tokyo-48dd,0,56,Normal
2026-02-10 21:34:58.893569,Tokyo-48dd,-24,86,Normal
2026-02-10 21:34:59.893569,Tokyo-48dd,3,91,Normal
2026-02-10 21:35:00.893569,Tokyo-48dd,28,18,Normal
2026-02-10 21:35:01.893569,Tokyo-48dd,18,15,Normal
2026-02-10 21:35:02.893569,Tokyo-48dd,26,50,Normal
2026-02-10 21:35:03.893569,Tokyo-48dd,32,25,Normal
2026-02-10 21:35:04.893569,Tokyo-48dd,7,6,Normal
2026-02-10 21:35:05.893569,Tokyo-48dd,42,61,Normal
2026-02-10 21:35:06.893569,Tokyo-48dd,22,49,Normal
2026-02-10 21:35:07.893569,Tokyo-48dd,6,25,Normal
2026-02-10 21:35:08.893569,Tokyo-48dd,14,73,Normal
2026-02-10 21:35:09.893569,Tokyo-48dd,45,56,Normal
2026-02-10 21:35:10.893569,Tokyo-48dd,5,24,Normal
2026-02-10 21:35:11.893569,Tokyo-48dd,-15,3,Normal
2026-02-10 21:35:12.893569,Tokyo-48dd,8,79,Normal
2026-02-10 21:35:13.893569,Tokyo-48dd,6,22,Normal
2026-02-10 21:35:14.893569,Tokyo-48dd,-16,22,Normal
2026-02-10 21:35:15.893569,Tokyo-48dd,-22,37,Normal
2026-02-10 21:35:16.893569,Tokyo-48dd,41,56,Normal
2026-02-10 21:35:17.893569,Tokyo-48dd,-19,78,Normal
2026-02-10 21:35:18.893569,Tokyo-48dd,-7,41,Normal
2026-02-10 21:35:19.893569,Tokyo-48dd,-19,35,Normal
2026-02-10 21:35:20.893569,Tokyo-48dd,48,92,Normal
2026-02-10 21:35:21.893569,Tokyo-48dd,16,91,Normal
2026-02-10 21:35:22.893569,Tokyo-48dd,13,31,Normal
2026-02-10 21:35:23.893569,Tokyo-48dd,32,17,Normal
2026-02-10 21:35:24.893569,Tokyo-48dd,27,65,Normal
2026-02-10 21:35:25.893569,Tokyo-48dd,-22,96,Normal
2026-02-10 21:35:26.893569,Tokyo-48dd,46,97,Normal
2026-02-10 21:35:27.893569,Tokyo-48dd,-2,68,Normal
2026-02-10 21:35:28.893569,Tokyo-48dd,26,64,Normal
2026-02-10 21:35:29.893569,Tokyo-48dd,-8,1,Normal
2026-02-10 21:35:30.893569,Tokyo-48dd,34,39,Normal
2026-02-10 21:35:31.893569,Tokyo-48dd,-16,20,Normal
2026-02-10 21:35:32.893569,Tokyo-48dd,38,14,Normal
2026-02-10 21:35:33.893569,Tokyo-48dd,31,87,Normal
2026-02-10 21:35:34.893569,Tokyo-48dd,7,85,Normal
2026-02-10 21:35:35.893569,Tokyo-48dd,42,95,Normal
2026-02-10 21:35:36.893569,Tokyo-48dd,1,26,Normal
2026-02-10 21:35:37.893569,Tokyo-48dd,43,58,Normal
2026-02-10 21:35:38.893569,Tokyo-48dd,36,83,Normal
2026-02-10 21:35:39.893569,Tokyo-48dd,-4,82,Normal
2026-02-10 21:35:40.893569,Tokyo-48dd,-29,46,Normal
2026-02-10 21:35:41.893569,Tokyo-48dd,-7,58,Normal
2026-02-10 21:35:42.893569,Tokyo-48dd,5,63,Normal
2026-02-10 21:35:43.893569,Tokyo-48dd,19,60,Normal
2026-02-10 21:35:44.893569,Tokyo-48dd,-1,19,Normal
2026-02-10 21:35:45.893569,Tokyo-48dd,7,83,Normal
2026-02-10 21:35:46.893569,Tokyo-48dd,20,46,Normal
2026-02-10 21:35:47.893569,Tokyo-48dd,47,71,Normal
2026-02-10 21:35:48.893569,Tokyo-48dd,46,69,Normal
2026-02-10 21:35:49.893569,Tokyo-48dd,44,42,Normal
2026-02-10 21:35:50.893569,Tokyo-48dd,14,72,Normal
2026-02-10 21:35:51.893569,Tokyo-48dd,20,91,Normal
2026-02-10 21:35:52.893569,Tokyo-48dd,-24,8,Normal
2026-02-10 21:35:53.893569,Tokyo-48dd,-26,19,Normal
2026-02-10 21:35:54.893569,Tokyo-48dd,32,44,Normal
2026-02-10 21:35:55.893569,Tokyo-48dd,-15,98,Normal
2026-02-10 21:35:56.893569,Tokyo-48dd,-1,81,Normal
2026-02-10 21:35:57.893569,Tokyo-48dd,10,36,Normal
2026-02-10 21:35:58.893569,Tokyo-48dd,-5,86,Normal
2026-02-10 21:35:59.893569,Tokyo-48dd,-25,90,Normal
2026-02-10 21:36:00.893569,Tokyo-48dd,-12,21,Normal
2026-02-10 21:36:01.893569,Tokyo-48dd,3,54,Normal
2026-02-10 21:36:02.893569,Tokyo-48dd,39,87,Normal
2026-02-10 21:36:03.893569,Tokyo-48dd,-1,4,Normal
2026-02-10 21:36:04.893569,Tokyo-48dd,-14,81,Normal
2026-02-10 21:36:05.893569,Tokyo-48dd,29,24,Normal
2026-02-10 21:36:06.893569,Tokyo-48dd,19,21,Normal
2026-02-10 21:36:07.893569,Tokyo-48dd,28,51,Normal
2026-02-10 21:36:08.893569,Tokyo-48dd,21,36,Normal
2026-02-10 21:36:09.893569,Tokyo-48dd,1,35,Normal
2026-02-10 21:36:10.893569,Tokyo-48dd,-28,76,Normal
2026-02-10 21:36:11.893569,Tokyo-48dd,-1,15,Normal
2026-02-10 21:36:12.893569,Tokyo-48dd,-8,75,Normal
2026-02-10 21:36:13.893569,Tokyo-48dd,41,80,Normal
2026-02-10 21:36:14.893569,Tokyo-48dd,38,66,Normal
2026-02-10 21:36:15.893569,Tokyo-48dd,42,2,Normal
2026-02-10 21:36:16.893569,Tokyo-48dd,5,91,Normal
2026-02-10 21:36:17.893569,Tokyo-48dd,-18,8,Normal
2026-02-10 21:36:18.893569,Tokyo-48dd,-12,18,Normal
2026-02-10 21:36:19.893569,Tokyo-48dd,1,63,Normal
2026-02-10 21:36:20.893569,Tokyo-48dd,50,25,Normal
2026-02-10 21:36:21.893569,Tokyo-48dd,-11,90,Normal
2026-02-10 21:36:22.893569,Tokyo-48dd,-30,56,Normal
2026-02-10 21:36:23.893569,Tokyo-48dd,22,22,Normal
2026-02-10 21:36:24.893569,Tokyo-48dd,38,42,Normal
2026-02-10 21:36:25.893569,Tokyo-48dd,-6,7,Normal
2026-02-10 21:36:26.893569,Tokyo-48dd,23,40,Normal
2026-02-10 21:36:27.893569,Tokyo-48dd,28,46,Normal
2026-02-10 21:36:28.893569,Tokyo-48dd,-23,18,Normal
2026-02-10 21:36:29.893569,Tokyo-48dd,-26,35,Normal
2026-02-10 21:36:30.893569,Tokyo-48dd,29,87,Normal
2026-02-10 21:36:31.893569,Tokyo-48dd,27,41,Normal
2026-02-10 21:36:32.893569,Tokyo-48dd,-19,66,Normal
2026-02-10 21:36:33.893569,Tokyo-48dd,-28,76,Normal
2026-02-10 21:36:34.893569,Tokyo-48dd,28,61,Normal
2026-02-10 21:36:35.893569,Tokyo-48dd,-16,53,Normal
2026-02-10 21:36:36.893569,Tokyo-48dd,-9,22,Normal
2026-02-10 21:36:37.893569,Tokyo-48dd,0,6,Normal
2026-02-10 21:36:38.893569,Tokyo-48dd,45,69,Normal
2026-02-10 21:36:39.893569,Tokyo-48dd,39,74,Normal
2026-02-10 21:36:40.893569,Tokyo-48dd,-26,80,Normal
2026-02-10 21:36:41.893569,Tokyo-48dd,19,42,Normal
2026-02-10 21:36:42.893569,Tokyo-48dd,23,16,Normal
2026-02-10 21:36:43.893569,Tokyo-48dd,24,71,Normal
2026-02-10 21:36:44.893569,Tokyo-48dd,-11,87,Normal
2026-02-10 21:36:45.893569,Tokyo-48dd,41,51,Normal
2026-02-10 21:36:46.893569,Tokyo-48dd,-20,94,Normal
2026-02-10 21:36:47.893569,Tokyo-48dd,32,21,Normal
2026-02-10 21:36:48.893569,Tokyo-48dd,12,85,Normal
2026-02-10 21:36:49.893569,Tokyo-48dd,-19,28,Normal
2026-02-10 21:36:50.893569,Tokyo-48dd,-19,32,Normal
2026-02-10 21:36:51.893569,Tokyo-48dd,-27,15,Normal
2026-02-10 21:36:52.893569,Tokyo-48dd,-10,76,Normal
2026-02-10 21:36:53.893569,Tokyo-48dd,-28,53,Normal
2026-02-10 21:36:54.893569,Tokyo-48dd,27,90,Normal
2026-02-10 21:36:55.893569,Tokyo-48dd,47,61,Normal
2026-02-10 21:36:56.893569,Tokyo-48dd,29,90,Normal
2026-02-10 21:36:57.893569,Tokyo-48dd,30,81,Normal
2026-02-10 21:36:58.893569,Tokyo-48dd,-27,7,Normal
2026-02-10 21:36:59.893569,Tokyo-48dd,-13,83,Normal
2026-02-10 21:37:00.893569,Tokyo-48dd,-9,91,Normal
2026-02-10 21:37:01.893569,Tokyo-48dd,13,76,Normal
2026-02-10 21:37:02.893569,Tokyo-48dd,-21,39,Normal
2026-02-10 21:37:03.893569,Tokyo-48dd,8,12,Normal
2026-02-10 21:37:04.893569,Tokyo-48dd,-8,12,Normal
2026-02-10 21:37:05.893569,Tokyo-48dd,-30,74,Normal
2026-02-10 21:37:06.893569,Tokyo-48dd,-3,76,Normal
2026-02-10 21:37:07.893569,Tokyo-48dd,44,81,Normal
2026-02-10 21:37:08.893569,Tokyo-48dd,-15,57,Normal
2026-02-10 21:37:09.893569,Tokyo-48dd,6,30,Normal
2026-02-10 21:37:10.893569,Tokyo-48dd,24,57,Normal
2026-02-10 21:37:11.893569,Tokyo-48dd,-5,84,Normal
2026-02-10 21:37:12.893569,Tokyo-48dd,-23,78,Normal
2026-02-10 21:37:13.893569,Tokyo-48dd,32,74,Normal
2026-02-10 21:37:14.893569,Tokyo-48dd,7,96,Normal
2026-02-10 21:37:15.893569,Tokyo-48dd,-6,19,Normal
2026-02-10 21:37:16.893569,Tokyo-48dd,30,29,Normal
2026-02-10 21:37:17.893569,Tokyo-48dd,-2,1,Normal
2026-02-10 21:37:18.893569,Tokyo-48dd,4,66,Normal
2026-02-10 21:37:19.893569,Tokyo-48dd,40,33,Normal
2026-02-10 21:37:20.893569,Tokyo-48dd,8,26,Normal
2026-02-10 21:37:21.893569,Tokyo-48dd,-28,1,Normal
2026-02-10 21:37:22.893569,Tokyo-48dd,47,56,Normal
2026-02-10 21:37:23.893569,Tokyo-48dd,29,68,Normal
2026-02-10 21:37:24.893569,Tokyo-48dd,-25,75,Normal
2026-02-10 21:37:25.893569,Tokyo-48dd,41,91,Normal
2026-02-10 21:37:26.893569,Tokyo-48dd,12,2,Normal
2026-02-10 21:37:27.893569,Tokyo-48dd,30,2,Normal
2026-02-10 21:37:28.893569,Tokyo-48dd,-10,38,Normal
2026-02-10 21:37:29.893569,Tokyo-48dd,-18,9,Normal
2026-02-10 21:37:30.893569,Tokyo-48dd,50,47,Normal
2026-02-10 21:37:31.893569,Tokyo-48dd,8,86,Normal
2026-02-10 21:37:32.893569,Tokyo-48dd,13,49,Normal
2026-02-10 21:37:33.893569,Tokyo-48dd,24,98,Normal
2026-02-10 21:37:34.893569,Tokyo-48dd,47,31,Normal
2026-02-10 21:37:35.893569,Tokyo-48dd,21,79,Normal
2026-02-10 21:37:36.893569,Tokyo-48dd,0,14,Normal
2026-02-10 21:37:37.893569,Tokyo-48dd,45,32,Normal
2026-02-10 21:37:38.893569,Tokyo-48dd,9,23,Normal
2026-02-10 21:37:39.893569,Tokyo-48dd,20,4,Normal
2026-02-10 21:37:40.893569,Tokyo-48dd,16,93,Normal
2026-02-10 21:37:41.893569,Tokyo-48dd,49,14,Normal
2026-02-10 21:37:42.893569,Tokyo-48dd,1,94,Normal
2026-02-10 21:37:43.893569,Tokyo-48dd,16,14,Normal
2026-02-10 21:37:44.893569,Tokyo-48dd,17,27,Normal
2026-02-10 21:37:45.893569,Tokyo-48dd,-26,17,Normal
2026-02-10 21:37:46.893569,Tokyo-48dd,37,75,Normal
2026-02-10 21:37:47.893569,Tokyo-48dd,8,27,Normal
2026-02-10 21:37:48.893569,Tokyo-48dd,30,6,Normal
2026-02-10 21:37:49.893569,Tokyo-48dd,15,67,Normal
2026-02-10 21:37:50.893569,Tokyo-48dd,23,73,Normal
2026-02-10 21:37:51.893569,Tokyo-48dd,-20,16,Normal
2026-02-10 21:37:52.893569,Tokyo-48dd,47,5,Normal
2026-02-10 21:37:53.893569,Tokyo-48dd,-27,19,Normal
2026-02-10 21:37:54.893569,Tokyo-48dd,40,29,Normal
2026-02-10 21:37:55.893569,Tokyo-48dd,21,98,Normal
2026-02-10 21:37:56.893569,Tokyo-48dd,16,89,Normal
2026-02-10 21:37:57.893569,Tokyo-48dd,39,28,Normal
2026-02-10 21:37:58.893569,Tokyo-48dd,-25,59,Normal
2026-02-10 21:37:59.893569,Tokyo-48dd,49,68,Normal
2026-02-10 21:38:00.893569,Tokyo-48dd,2,99,Normal
2026-02-10 21:38:01.893569,Tokyo-48dd,44,94,Normal
2026-02-10 21:38:02.893569,Tokyo-48dd,5,37,Normal
2026-02-10 21:38:03.893569,Tokyo-48dd,37,29,Normal
2026-02-10 21:38:04.893569,Tokyo-48dd,33,20,Normal
2026-02-10 21:38:05.893569,Tokyo-48dd,48,45,Normal
2026-02-10 21:38:06.893569,Tokyo-48dd,41,74,Normal
2026-02-10 21:38:07.893569,Tokyo-48dd,-23,87,Normal
2026-02-10 21:38:08.893569,Tokyo-48dd,9,6,Normal
2026-02-10 21:38:09.893569,Tokyo-48dd,-8,73,Normal
2026-02-10 21:38:10.893569,Tokyo-48dd,-20,8,Normal
2026-02-10 21:38:11.893569,Tokyo-48dd,-5,80,Normal
2026-02-10 21:38:12.893569,Tokyo-48dd,-24,49,Normal
2026-02-10 21:38:13.893569,Tokyo-48dd,-30,78,Normal
2026-02-10 21:38:14.893569,Tokyo-48dd,3,0,Normal
2026-02-10 21:38:15.893569,Tokyo-48dd,26,27,Normal
2026-02-10 21:38:16.893569,Tokyo-48dd,-28,78,Normal
2026-02-10 21:38:17.893569,Tokyo-48dd,25,50,Normal
2026-02-10 21:38:18.893569,Tokyo-48dd,-20,2,Normal
2026-02-10 21:38:19.893569,Tokyo-48dd,-12,74,Normal
2026-02-10 21:38:20.893569,Tokyo-48dd,-26,20,Normal
2026-02-10 21:38:21.893569,Tokyo-48dd,45,27,Normal
2026-02-10 21:38:22.893569,Tokyo-48dd,-14,99,Normal
2026-02-10 21:38:23.893569,Tokyo-48dd,29,26,Normal
2026-02-10 21:38:24.893569,Tokyo-48dd,-8,82,Normal
2026-02-10 21:38:25.893569,Tokyo-48dd,43,74,Normal
2026-02-10 21:38:26.893569,Tokyo-48dd,22,38,Normal
2026-02-10 21:38:27.893569,Tokyo-48dd,-17,36,Normal
2026-02-10 21:38:28.893569,Tokyo-48dd,-10,54,Normal
2026-02-10 21:38:29.893569,Tokyo-48dd,-11,72,Normal
2026-02-10 21:38:30.893569,Tokyo-48dd,30,23,Normal
2026-02-10 21:38:31.893569,Tokyo-48dd,9,75,Normal
2026-02-10 21:38:32.893569,Tokyo-48dd,16,67,Normal
2026-02-10 21:38:33.893569,Tokyo-48dd,-24,6,Normal
2026-02-10 21:38:34.893569,Tokyo-48dd,15,69,Normal
2026-02-10 21:38:35.893569,Tokyo-48dd,40,40,Normal
2026-02-10 21:38:36.893569,Tokyo-48dd,16,34,Normal
2026-02-10 21:38:37.893569,Tokyo-48dd,4,24,Normal
2026-02-10 21:38:38.893569,Tokyo-48dd,48,89,Normal
2026-02-10 21:38:39.893569,Tokyo-48dd,-14,19,Normal
2026-02-10 21:38:40.893569,Tokyo-48dd,9,37,Normal
2026-02-10 21:38:41.893569,Tokyo-48dd,24,74,Normal
2026-02-10 21:38:42.893569,Tokyo-48dd,-22,16,Normal
2026-02-10 21:38:43.893569,Tokyo-48dd,-6,25,Normal
2026-02-10 21:38:44.893569,Tokyo-48dd,20,11,Normal
2026-02-10 21:38:45.893569,Tokyo-48dd,32,40,Normal
2026-02-10 21:38:46.893569,Tokyo-48dd,-24,34,Normal
2026-02-10 21:38:47.893569,Tokyo-48dd,-10,23,Normal
2026-02-10 21:38:48.893569,Tokyo-48dd,-23,9,Normal
2026-02-10 21:38:49.893569,Tokyo-48dd,-27,61,Normal
2026-02-10 21:38:50.893569,Tokyo-48dd,-17,99,Normal
2026-02-10 21:38:51.893569,Tokyo-48dd,12,52,Normal
2026-02-10 21:38:52.893569,Tokyo-48dd,-18,87,Normal
2026-02-10 21:38:53.893569,Tokyo-48dd,6,63,Normal
2026-02-10 21:38:54.893569,Tokyo-48dd,37,92,Normal
2026-02-10 21:38:55.893569,Tokyo-48dd,11,52,Normal
2026-02-10 21:38:56.893569,Tokyo-48dd,-20,82,Normal
2026-02-10 21:38:57.893569,Tokyo-48dd,-6,93,Normal
2026-02-10 21:38:58.893569,Tokyo-48dd,-2,16,Normal
2026-02-10 21:38:59.893569,Tokyo-48dd,5,81,Normal
2026-02-10 21:39:00.893569,Tokyo-48dd,-18,60,Normal
2026-02-10 21:39:01.893569,Tokyo-48dd,-2,100,Normal
2026-02-10 21:39:02.893569,Tokyo-48dd,2,25,Normal
2026-02-10 21:39:03.893569,Tokyo-48dd,-6,99,Normal
2026-02-10 21:39:04.893569,Tokyo-48dd,21,95,Normal
2026-02-10 21:39:05.893569,Tokyo-48dd,35,84,Normal
2026-02-10 21:39:06.893569,Tokyo-48dd,4,84,Normal
2026-02-10 21:39:07.893569,Tokyo-48dd,-2,17,Normal
2026-02-10 21:39:08.893569,Tokyo-48dd,-26,1,Normal
2026-02-10 21:39:09.893569,Tokyo-48dd,17,36,Normal
2026-02-10 21:39:10.893569,Tokyo-48dd,14,15,Normal
2026-02-10 21:39:11.893569,Tokyo-48dd,-14,56,Normal
2026-02-10 21:39:12.893569,Tokyo-48dd,8,16,Normal
2026-02-10 21:39:13.893569,Tokyo-48dd,35,53,Normal
2026-02-10 21:39:14.893569,Tokyo-48dd,-1,30,Normal
2026-02-10 21:39:15.893569,Tokyo-48dd,-11,67,Normal
2026-02-10 21:39:16.893569,Tokyo-48dd,6,23,Normal
2026-02-10 21:39:17.893569,Tokyo-48dd,-20,7,Normal
2026-02-10 21:39:18.893569,Tokyo-48dd,15,97,Normal
2026-02-10 21:39:19.893569,Tokyo-48dd,3,36,Normal
2026-02-10 21:39:20.893569,Tokyo-48dd,29,6,Normal
2026-02-10 21:39:21.893569,Tokyo-48dd,-17,5,Normal
2026-02-10 21:39:22.893569,Tokyo-48dd,-30,29,Normal
2026-02-10 21:39:23.893569,Tokyo-48dd,28,71,Normal
2026-02-10 21:39:24.893569,Tokyo-48dd,35,43,Normal
2026-02-10 21:39:25.893569,Tokyo-48dd,-14,95,Normal
2026-02-10 21:39:26.893569,Tokyo-48dd,24,51,Normal
2026-02-10 21:39:27.893569,Tokyo-48dd,-19,84,Normal
2026-02-10 21:39:28.893569,Tokyo-48dd,-19,73,Normal
2026-02-10 21:39:29.893569,Tokyo-48dd,49,79,Normal
2026-02-10 21:39:30.893569,Tokyo-48dd,-30,64,Normal
2026-02-10 21:39:31.893569,Tokyo-48dd,18,67,Normal
2026-02-10 21:39:32.893569,Tokyo-48dd,20,16,Normal
2026-02-10 21:39:33.893569,Tokyo-48dd,25,79,Normal
2026-02-10 21:39:34.893569,Tokyo-48dd,33,16,Normal
2026-02-10 21:39:35.893569,Tokyo-48dd,33,20,Normal
2026-02-10 21:39:36.893569,Tokyo-48dd,-2,67,Normal
2026-02-10 21:39:37.893569,Tokyo-48dd,-21,35,Normal
2026-02-10 21:39:38.893569,Tokyo-48dd,-22,28,Normal
2026-02-10 21:39:39.893569,Tokyo-48dd,-14,36,Normal
2026-02-10 21:39:40.893569,Tokyo-48dd,10,47,Normal
2026-02-10 21:39:41.893569,Tokyo-48dd,3,19,Normal
2026-02-10 21:39:42.893569,Tokyo-48dd,18,77,Normal
2026-02-10 21:39:43.893569,Tokyo-48dd,32,70,Normal
2026-02-10 21:39:44.893569,Tokyo-48dd,7,87,Normal
2026-02-10 21:39:45.893569,Tokyo-48dd,-20,35,Normal
2026-02-10 21:39:46.893569,Tokyo-48dd,-11,98,Normal
2026-02-10 21:39:47.893569,Tokyo-48dd,27,33,Normal
2026-02-10 21:39:48.893569,Tokyo-48dd,47,59,Normal
2026-02-10 21:39:49.893569,Tokyo-48dd,49,64,Normal
2026-02-10 21:39:50.893569,Tokyo-48dd,33,74,Normal
2026-02-10 21:39:51.893569,Tokyo-48dd,-4,2,Normal
2026-02-10 21:39:52.893569,Tokyo-48dd,40,54,Normal
2026-02-10 21:39:53.893569,Tokyo-48dd,15,12,Normal
2026-02-10 21:39:54.893569,Tokyo-48dd,-10,100,Normal
2026-02-10 21:39:55.893569,Tokyo-48dd,40,83,Normal
2026-02-10 21:39:56.893569,Tokyo-48dd,-28,7,Normal
2026-02-10 21:39:57.893569,Tokyo-48dd,26,68,Normal
2026-02-10 21:39:58.893569,Tokyo-48dd,-14,31,Normal
2026-02-10 21:39:59.893569,Tokyo-48dd,0,42,Normal
2026-02-10 21:40:00.893569,Tokyo-48dd,16,33,Normal
2026-02-10 21:40:01.893569,Tokyo-48dd,38,99,Normal
2026-02-10 21:40:02.893569,Tokyo-48dd,43,88,Normal
2026-02-10 21:40:03.893569,Tokyo-48dd,30,9,Normal
2026-02-10 21:40:04.893569,Tokyo-48dd,9,6,Normal
2026-02-10 21:40:05.893569,Tokyo-48dd,19,69,Normal
2026-02-10 21:40:06.893569,Tokyo-48dd,45,49,Normal
2026-02-10 21:40:07.893569,Tokyo-48dd,-18,66,Normal
2026-02-10 21:40:08.893569,Tokyo-48dd,-7,29,Normal
2026-02-10 21:40:09.893569,Tokyo-48dd,36,2,Normal
2026-02-10 21:40:10.893569,Tokyo-48dd,14,34,Normal
2026-02-10 21:40:11.893569,Tokyo-48dd,33,99,Normal
2026-02-10 21:40:12.893569,Tokyo-48dd,-27,97,Normal
2026-02-10 21:40:13.893569,Tokyo-48dd,-4,71,Normal
2026-02-10 21:40:14.893569,Tokyo-48dd,49,0,Normal
2026-02-10 21:40:15.893569,Tokyo-48dd,-20,80,Normal
2026-02-10 21:40:16.893569,Tokyo-48dd,-29,62,Normal
2026-02-10 21:40:17.893569,Tokyo-48dd,9,96,Normal
2026-02-10 21:40:18.893569,Tokyo-48dd,14,59,Normal
2026-02-10 21:40:19.893569,Tokyo-48dd,39,80,Normal
2026-02-10 21:40:20.893569,Tokyo-48dd,48,49,Normal
2026-02-10 21:40:21.893569,Tokyo-48dd,-8,39,Normal
2026-02-10 21:40:22.893569,Tokyo-48dd,-4,77,Normal
2026-02-10 21:40:23.893569,Tokyo-48dd,20,52,Normal
2026-02-10 21:40:24.893569,Tokyo-48dd,1,12,Normal
2026-02-10 21:40:25.893569,Tokyo-48dd,-13,80,Normal
2026-02-10 21:40:26.893569,Tokyo-48dd,10,12,Normal
2026-02-10 21:40:27.893569,Tokyo-48dd,47,94,Normal
2026-02-10 21:40:28.893569,Tokyo-48dd,-30,14,Normal
2026-02-10 21:40:29.893569,Tokyo-48dd,14,53,Normal
2026-02-10 21:40:30.893569,Tokyo-48dd,14,71,Normal
2026-02-10 21:40:31.893569,Tokyo-48dd,-17,22,Normal
2026-02-10 21:40:32.893569,Tokyo-48dd,47,52,Normal
2026-02-10 21:40:33.893569,Tokyo-48dd,26,20,Normal
2026-02-10 21:40:34.893569,Tokyo-48dd,36,25,Normal
2026-02-10 21:40:35.893569,Tokyo-48dd,-9,52,Normal
2026-02-10 21:40:36.893569,Tokyo-48dd,22,69,Normal
2026-02-10 21:40:37.893569,Tokyo-48dd,-21,37,Normal
2026-02-10 21:40:38.893569,Tokyo-48dd,44,98,Normal
2026-02-10 21:40:39.893569,Tokyo-48dd,-28,47,Normal
2026-02-10 21:40:40.893569,Tokyo-48dd,7,24,Normal
2026-02-10 21:40:41.893569,Tokyo-48dd,8,39,Normal
2026-02-10 21:40:42.893569,Tokyo-48dd,50,69,Normal
2026-02-10 21:40:43.893569,Tokyo-48dd,2,15,Normal
2026-02-10 21:40:44.893569,Tokyo-48dd,-25,24,Normal
2026-02-10 21:40:45.893569,Tokyo-48dd,-23,4,Normal
2026-02-10 21:40:46.893569,Tokyo-48dd,24,61,Normal
2026-02-10 21:40:47.893569,Tokyo-48dd,0,87,Normal
2026-02-10 21:40:48.893569,Tokyo-48dd,-16,77,Normal
2026-02-10 21:40:49.893569,Tokyo-48dd,-5,64,Normal
2026-02-10 21:40:50.893569,Tokyo-48dd,19,48,Normal
2026-02-10 21:40:51.893569,Tokyo-48dd,-11,45,Normal
2026-02-10 21:40:52.893569,Tokyo-48dd,29,41,Normal
2026-02-10 21:40:53.893569,Tokyo-48dd,26,52,Normal
2026-02-10 21:40:54.893569,Tokyo-48dd,36,32,Normal
2026-02-10 21:40:55.893569,Tokyo-48dd,-17,27,Normal
2026-02-10 21:40:56.893569,Tokyo-48dd,27,31,Normal
2026-02-10 21:40:57.893569,Tokyo-48dd,-29,68,Normal
2026-02-10 21:40:58.893569,Tokyo-48dd,21,7,Normal
2026-02-10 21:40:59.893569,Tokyo-48dd,45,27,Normal
2026-02-10 21:41:00.893569,Tokyo-48dd,8,33,Normal
2026-02-10 21:41:01.893569,Tokyo-48dd,2,99,Normal
2026-02-10 21:41:02.893569,Tokyo-48dd,-15,39,Normal
2026-02-10 21:41:03.893569,Tokyo-48dd,32,39,Normal
2026-02-10 21:41:04.893569,Tokyo-48dd,-26,7,Normal
2026-02-10 21:41:05.893569,Tokyo-48dd,-6,14,Normal
2026-02-10 21:41:06.893569,Tokyo-48dd,34,15,Normal
2026-02-10 21:41:07.893569,Tokyo-48dd,-1,8,Normal
2026-02-10 21:41:08.893569,Tokyo-48dd,27,16,Normal
2026-02-10 21:41:09.893569,Tokyo-48dd,9,77,Normal
2026-02-10 21:41:10.893569,Tokyo-48dd,39,25,Normal
2026-02-10 21:41:11.893569,Tokyo-48dd,19,65,Normal
2026-02-10 21:41:12.893569,Tokyo-48dd,-23,88,Normal
2026-02-10 21:41:13.893569,Tokyo-48dd,37,48,Normal
2026-02-10 21:41:14.893569,Tokyo-48dd,-6,95,Normal
2026-02-10 21:41:15.893569,Tokyo-48dd,-24,72,Normal
2026-02-10 21:41:16.893569,Tokyo-48dd,27,27,Normal
2026-02-10 21:41:17.893569,Tokyo-48dd,-13,72,Normal
2026-02-10 21:41:18.893569,Tokyo-48dd,-4,48,Normal
2026-02-10 21:41:19.893569,Tokyo-48dd,-11,88,Normal
2026-02-10 21:41:20.893569,Tokyo-48dd,4,41,Normal
2026-02-10 21:41:21.893569,Tokyo-48dd,-27,40,Normal
2026-02-10 21:41:22.893569,Tokyo-48dd,50,61,Normal
2026-02-10 21:41:23.893569,Tokyo-48dd,40,22,Normal
2026-02-10 21:41:24.893569,Tokyo-48dd,-8,27,Normal
2026-02-10 21:41:25.893569,Tokyo-48dd,27,16,Normal
2026-02-10 21:41:26.893569,Tokyo-48dd,40,14,Normal
2026-02-10 21:41:27.893569,Tokyo-48dd,37,77,Normal
2026-02-10 21:41:28.893569,Tokyo-48dd,-7,73,Normal
2026-02-10 21:41:29.893569,Tokyo-48dd,12,65,Normal
2026-02-10 21:41:30.893569,Tokyo-48dd,-14,80,Normal
2026-02-10 21:41:31.893569,Tokyo-48dd,-27,70,Normal
2026-02-10 21:41:32.893569,Tokyo-48dd,0,55,Normal
2026-02-10 21:41:33.893569,Tokyo-48dd,24,62,Normal
2026-02-10 21:41:34.893569,Tokyo-48dd,43,51,Normal
2026-02-10 21:41:35.893569,Tokyo-48dd,12,46,Normal
2026-02-10 21:41:36.893569,Tokyo-48dd,-1,9,Normal
2026-02-10 21:41:37.893569,Tokyo-48dd,-21,88,Normal
2026-02-10 21:41:38.893569,Tokyo-48dd,8,7,Normal
2026-02-10 21:41:39.893569,Tokyo-48dd,-14,36,Normal
2026-02-10 21:41:40.893569,Tokyo-48dd,-30,38,Normal
2026-02-10 21:41:41.893569,Tokyo-48dd,-19,4,Normal
2026-02-10 21:41:42.893569,Tokyo-48dd,33,99,Normal
2026-02-10 21:41:43.893569,Tokyo-48dd,-22,78,Normal
2026-02-10 21:41:44.893569,Tokyo-48dd,25,80,Normal
2026-02-10 21:41:45.893569,Tokyo-48dd,45,4,Normal
2026-02-10 21:41:46.893569,Tokyo-48dd,22,63,Normal
2026-02-10 21:41:47.893569,Tokyo-48dd,-6,49,Normal
2026-02-10 21:41:48.893569,Tokyo-48dd,46,23,Normal
2026-02-10 21:41:49.893569,Tokyo-48dd,5,49,Normal
2026-02-10 21:41:50.893569,Tokyo-48dd,1,38,Normal
2026-02-10 21:41:51.893569,Tokyo-48dd,-10,55,Normal
2026-02-10 21:41:52.893569,Tokyo-48dd,34,16,Normal
2026-02-10 21:41:53.893569,Tokyo-48dd,14,63,Normal
2026-02-10 21:41:54.893569,Tokyo-48dd,43,23,Normal
2026-02-10 21:41:55.893569,Tokyo-48dd,20,95,Normal
2026-02-10 21:41:56.893569,Tokyo-48dd,6,21,Normal
2026-02-10 21:41:57.893569,Tokyo-48dd,22,42,Normal
2026-02-10 21:41:58.893569,Tokyo-48dd,38,60,Normal
2026-02-10 21:41:59.893569,Tokyo-48dd,17,94,Normal
2026-02-10 21:42:00.893569,Tokyo-48dd,13,57,Normal
2026-02-10 21:42:01.893569,Tokyo-48dd,3,72,Normal
2026-02-10 21:42:02.893569,Tokyo-48dd,-25,86,Normal
2026-02-10 21:42:03.893569,Tokyo-48dd,34,94,Normal
2026-02-10 21:42:04.893569,Tokyo-48dd,-29,35,Normal
2026-02-10 21:42:05.893569,Tokyo-48dd,48,98,Normal
2026-02-10 21:42:06.893569,Tokyo-48dd,31,42,Normal
2026-02-10 21:42:07.893569,Tokyo-48dd,11,15,Normal
2026-02-10 21:42:08.893569,Tokyo-48dd,32,70,Normal
2026-02-10 21:42:09.893569,Tokyo-48dd,22,55,Normal
2026-02-10 21:42:10.893569,Tokyo-48dd,44,14,Normal
2026-02-10 21:42:11.893569,Tokyo-48dd,15,66,Normal
2026-02-10 21:42:12.893569,Tokyo-48dd,-28,75,Normal
2026-02-10 21:42:13.893569,Tokyo-48dd,39,44,Normal
2026-02-10 21:42:14.893569,Tokyo-48dd,43,1,Normal
2026-02-10 21:42:15.893569,Tokyo-48dd,25,97,Normal
2026-02-10 21:42:16.893569,Tokyo-48dd,-15,27,Normal
2026-02-10 21:42:17.893569,Tokyo-48dd,6,3,Normal
2026-02-10 21:42:18.893569,Tokyo-48dd,-2,29,Normal
2026-02-10 21:42:19.893569,Tokyo-48dd,3,9,Normal
2026-02-10 21:42:20.893569,Tokyo-48dd,27,52,Normal
2026-02-10 21:42:21.893569,Tokyo-48dd,7,55,Normal
2026-02-10 21:42:22.893569,Tokyo-48dd,-18,19,Normal
2026-02-10 21:42:23.893569,Tokyo-48dd,18,92,Normal
2026-02-10 21:42:24.893569,Tokyo-48dd,-19,57,Normal
2026-02-10 21:42:25.893569,Tokyo-48dd,24,11,Normal
2026-02-10 21:42:26.893569,Tokyo-48dd,10,61,Normal
2026-02-10 21:42:27.893569,Tokyo-48dd,-30,62,Normal
2026-02-10 21:42:28.893569,Tokyo-48dd,6,56,Normal
2026-02-10 21:42:29.893569,Tokyo-48dd,-1,45,Normal
2026-02-10 21:42:30.893569,Tokyo-48dd,18,35,Normal
2026-02-10 21:42:31.893569,Tokyo-48dd,32,75,Normal
2026-02-10 21:42:32.893569,Tokyo-48dd,48,23,Normal
2026-02-10 21:42:33.893569,Tokyo-48dd,23,96,Normal
2026-02-10 21:42:34.893569,Tokyo-48dd,25,98,Normal
2026-02-10 21:42:35.893569,Tokyo-48dd,-27,27,Normal
2026-02-10 21:42:36.893569,Tokyo-48dd,23,8,Normal
2026-02-10 21:42:37.893569,Tokyo-48dd,-15,19,Normal
2026-02-10 21:42:38.893569,Tokyo-48dd,43,50,Normal
2026-02-10 21:42:39.893569,Tokyo-48dd,-1,20,Normal
2026-02-10 21:42:40.893569,Tokyo-48dd,28,24,Normal
2026-02-10 21:42:41.893569,Tokyo-48dd,-20,90,Normal
2026-02-10 21:42:42.893569,Tokyo-48dd,-13,32,Normal
2026-02-10 21:42:43.893569,Tokyo-48dd,11,59,Normal
2026-02-10 21:42:44.893569,Tokyo-48dd,-7,58,Normal
2026-02-10 21:42:45.893569,Tokyo-48dd,3,14,Normal
2026-02-10 21:42:46.893569,Tokyo-48dd,17,8,Normal
2026-02-10 21:42:47.893569,Tokyo-48dd,-6,71,Normal
2026-02-10 21:42:48.893569,Tokyo-48dd,-6,100,Normal
2026-02-10 21:42:49.893569,Tokyo-48dd,40,64,Normal
2026-02-10 21:42:50.893569,Tokyo-48dd,11,86,Normal
2026-02-10 21:42:51.893569,Tokyo-48dd,-22,48,Normal
2026-02-10 21:42:52.893569,Tokyo-48dd,32,69,Normal
2026-02-10 21:42:53.893569,Tokyo-48dd,15,34,Normal
2026-02-10 21:42:54.893569,Tokyo-48dd,2,86,Normal
2026-02-10 21:42:55.893569,Tokyo-48dd,3,16,Normal
2026-02-10 21:42:56.893569,Tokyo-48dd,12,2,Normal
2026-02-10 21:42:57.893569,Tokyo-48dd,-23,3,Normal
2026-02-10 21:42:58.893569,Tokyo-48dd,49,30,Normal
2026-02-10 21:42:59.893569,Tokyo-48dd,1,9,Normal
2026-02-10 21:43:00.893569,Tokyo-48dd,47,75,Normal
2026-02-10 21:43:01.893569,Tokyo-48dd,47,55,Normal
2026-02-10 21:43:02.893569,Tokyo-48dd,41,56,Normal
2026-02-10 21:43:03.893569,Tokyo-48dd,43,88,Normal
2026-02-10 21:43:04.893569,Tokyo-48dd,7,63,Normal
2026-02-10 21:43:05.893569,Tokyo-48dd,13,59,Normal
2026-02-10 21:43:06.893569,Tokyo-48dd,19,34,Normal
2026-02-10 21:43:07.893569,Tokyo-48dd,-5,69,Normal
2026-02-10 21:43:08.893569,Tokyo-48dd,45,65,Normal
2026-02-10 21:43:09.893569,Tokyo-48dd,-27,30,Normal
2026-02-10 21:43:10.893569,Tokyo-48dd,-29,29,Normal
2026-02-10 21:43:11.893569,Tokyo-48dd,20,32,Normal
2026-02-10 21:43:12.893569,Tokyo-48dd,-4,40,Normal
2026-02-10 21:43:13.893569,Tokyo-48dd,44,86,Normal
2026-02-10 21:43:14.893569,Tokyo-48dd,41,17,Normal
2026-02-10 21:43:15.893569,Tokyo-48dd,8,23,Normal
2026-02-10 21:43:16.893569,Tokyo-48dd,-15,84,Normal
2026-02-10 21:43:17.893569,Tokyo-48dd,1,67,Normal
2026-02-10 21:43:18.893569,Tokyo-48dd,32,41,Normal
2026-02-10 21:43:19.893569,Tokyo-48dd,2,63,Normal
2026-02-10 21:43:20.893569,Tokyo-48dd,-12,79,Normal
2026-02-10 21:43:21.893569,Tokyo-48dd,-4,86,Normal
2026-02-10 21:43:22.893569,Tokyo-48dd,44,5,Normal
2026-02-10 21:43:23.893569,Tokyo-48dd,-13,14,Normal
2026-02-10 21:43:24.893569,Tokyo-48dd,-12,2,Normal
2026-02-10 21:43:25.893569,Tokyo-48dd,4,57,Normal
2026-02-10 21:43:26.893569,Tokyo-48dd,-20,27,Normal
2026-02-10 21:43:27.893569,Tokyo-48dd,-12,76,Normal
2026-02-10 21:43:28.893569,Tokyo-48dd,17,65,Normal
2026-02-10 21:43:29.893569,Tokyo-48dd,4,63,Normal
2026-02-10 21:43:30.893569,Tokyo-48dd,-14,22,Normal
2026-02-10 21:43:31.893569,Tokyo-48dd,44,43,Normal
2026-02-10 21:43:32.893569,Tokyo-48dd,45,88,Normal
2026-02-10 21:43:33.893569,Tokyo-48dd,24,39,Normal
2026-02-10 21:43:34.893569,Tokyo-48dd,16,88,Normal
2026-02-10 21:43:35.893569,Tokyo-48dd,37,97,Normal
2026-02-10 21:43:36.893569,Tokyo-48dd,22,54,Normal
2026-02-10 21:43:37.893569,Tokyo-48dd,39,47,Normal
2026-02-10 21:43:38.893569,Tokyo-48dd,39,3,Normal
2026-02-10 21:43:39.893569,Tokyo-48dd,2,61,Normal
2026-02-10 21:43:40.893569,Tokyo-48dd,-19,93,Normal
2026-02-10 21:43:41.893569,Tokyo-48dd,24,63,Normal
2026-02-10 21:43:42.893569,Tokyo-48dd,-13,30,Normal
2026-02-10 21:43:43.893569,Tokyo-48dd,-11,87,Normal
2026-02-10 21:43:44.893569,Tokyo-48dd,46,47,Normal
2026-02-10 21:43:45.893569,Tokyo-48dd,43,53,Normal
2026-02-10 21:43:46.893569,Tokyo-48dd,38,96,Normal
2026-02-10 21:43:47.893569,Tokyo-48dd,34,82,Normal
2026-02-10 21:43:48.893569,Tokyo-48dd,-8,55,Normal
2026-02-10 21:43:49.893569,Tokyo-48dd,22,46,Normal
2026-02-10 21:43:50.893569,Tokyo-48dd,6,69,Normal
2026-02-10 21:43:51.893569,Tokyo-48dd,-29,24,Normal
2026-02-10 21:43:52.893569,Tokyo-48dd,37,5,Normal
2026-02-10 21:43:53.893569,Tokyo-48dd,47,22,Normal
2026-02-10 21:43:54.893569,Tokyo-48dd,20,13,Normal
2026-02-10 21:43:55.893569,Tokyo-48dd,40,85,Normal
2026-02-10 21:43:56.893569,Tokyo-48dd,13,76,Normal
2026-02-10 21:43:57.893569,Tokyo-48dd,31,56,Normal
2026-02-10 21:43:58.893569,Tokyo-48dd,-8,38,Normal
2026-02-10 21:43:59.893569,Tokyo-48dd,16,79,Normal
2026-02-10 21:44:00.893569,Tokyo-48dd,41,56,Normal
2026-02-10 21:44:01.893569,Tokyo-48dd,-4,64,Normal
2026-02-10 21:44:02.893569,Tokyo-48dd,40,44,Normal
2026-02-10 21:44:03.893569,Tokyo-48dd,43,50,Normal
2026-02-10 21:44:04.893569,Tokyo-48dd,-10,60,Normal
2026-02-10 21:44:05.893569,Tokyo-48dd,4,27,Normal
2026-02-10 21:44:06.893569,Tokyo-48dd,38,56,Normal
2026-02-10 21:44:07.893569,Tokyo-48dd,-15,16,Normal
2026-02-10 21:44:08.893569,Tokyo-48dd,-1,64,Normal
2026-02-10 21:44:09.893569,Tokyo-48dd,40,71,Normal
2026-02-10 21:44:10.893569,Tokyo-48dd,25,9,Normal
2026-02-10 21:44:11.893569,Tokyo-48dd,6,1,Normal
2026-02-10 21:44:12.893569,Tokyo-48dd,9,67,Normal
2026-02-10 21:44:13.893569,Tokyo-48dd,21,65,Normal
2026-02-10 21:44:14.893569,Tokyo-48dd,2,80,Normal
2026-02-10 21:44:15.893569,Tokyo-48dd,0,43,Normal
2026-02-10 21:44:16.893569,Tokyo-48dd,43,59,Normal
2026-02-10 21:44:17.893569,Tokyo-48dd,23,72,Normal
2026-02-10 21:44:18.893569,Tokyo-48dd,-12,87,Normal
2026-02-10 21:44:19.893569,Tokyo-48dd,-13,51,Normal
2026-02-10 21:44:20.893569,Tokyo-48dd,18,97,Normal
2026-02-10 21:44:21.893569,Tokyo-48dd,1,38,Normal
2026-02-10 21:44:22.893569,Tokyo-48dd,-21,82,Normal
2026-02-10 21:44:23.893569,Tokyo-48dd,10,54,Normal
2026-02-10 21:44:24.893569,Tokyo-48dd,-7,17,Normal
2026-02-10 21:44:25.893569,Tokyo-48dd,25,36,Normal
2026-02-10 21:44:26.893569,Tokyo-48dd,-8,70,Normal
2026-02-10 21:44:27.893569,Tokyo-48dd,36,66,Normal
2026-02-10 21:44:28.893569,Tokyo-48dd,29,84,Normal
2026-02-10 21:44:29.893569,Tokyo-48dd,22,100,Normal
2026-02-10 21:44:30.893569,Tokyo-48dd,13,81,Normal
2026-02-10 21:44:31.893569,Tokyo-48dd,-30,95,Normal
2026-02-10 21:44:32.893569,Tokyo-48dd,30,74,Normal
2026-02-10 21:44:33.893569,Tokyo-48dd,-3,100,Normal
2026-02-10 21:44:34.893569,Tokyo-48dd,-2,78,Normal
2026-02-10 21:44:35.893569,Tokyo-48dd,36,57,Normal
2026-02-10 21:44:36.893569,Tokyo-48dd,-28,85,Normal
2026-02-10 21:44:37.893569,Tokyo-48dd,13,97,Normal
2026-02-10 21:44:38.893569,Tokyo-48dd,-12,80,Normal
2026-02-10 21:44:39.893569,Tokyo-48dd,-24,58,Normal
2026-02-10 21:44:40.893569,Tokyo-48dd,42,35,Normal
2026-02-10 21:44:41.893569,Tokyo-48dd,-9,68,Normal
2026-02-10 21:44:42.893569,Tokyo-48dd,10,22,Normal
2026-02-10 21:44:43.893569,Tokyo-48dd,-2,29,Normal
2026-02-10 21:44:44.893569,Tokyo-48dd,-24,14,Normal
2026-02-10 21:44:45.893569,Tokyo-48dd,22,12,Normal
2026-02-10 21:44:46.893569,Tokyo-48dd,35,97,Normal
2026-02-10 21:44:47.893569,Tokyo-48dd,14,21,Normal
2026-02-10 21:44:48.893569,Tokyo-48dd,43,41,Normal
2026-02-10 21:44:49.893569,Tokyo-48dd,-22,6,Normal
2026-02-10 21:44:50.893569,Tokyo-48dd,13,8,Normal
2026-02-10 21:44:51.893569,Tokyo-48dd,29,68,Normal
2026-02-10 21:44:52.893569,Tokyo-48dd,-24,69,Normal
2026-02-10 21:44:53.893569,Tokyo-48dd,-11,43,Normal
2026-02-10 21:44:54.893569,Tokyo-48dd,19,54,Normal
2026-02-10 21:44:55.893569,Tokyo-48dd,18,53,Normal
2026-02-10 21:44:56.893569,Tokyo-48dd,-26,31,Normal
2026-02-10 21:44:57.893569,Tokyo-48dd,4,53,Normal
2026-02-10 21:44:58.893569,Tokyo-48dd,45,96,Normal
2026-02-10 21:44:59.893569,Tokyo-48dd,47,96,Normal
2026-02-10 21:45:00.893569,Tokyo-48dd,43,62,Normal
2026-02-10 21:45:01.893569,Tokyo-48dd,-4,76,Normal
2026-02-10 21:45:02.893569,Tokyo-48dd,-22,2,Normal
2026-02-10 21:45:03.893569,Tokyo-48dd,-7,91,Normal
2026-02-10 21:45:04.893569,Tokyo-48dd,7,64,Normal
2026-02-10 21:45:05.893569,Tokyo-48dd,-19,59,Normal
2026-02-10 21:45:06.893569,Tokyo-48dd,-8,84,Normal
2026-02-10 21:45:07.893569,Tokyo-48dd,48,44,Normal
2026-02-10 21:45:08.893569,Tokyo-48dd,8,71,Normal
2026-02-10 21:45:09.893569,Tokyo-48dd,-4,34,Normal
2026-02-10 21:45:10.893569,Tokyo-48dd,19,73,Normal
2026-02-10 21:45:11.893569,Tokyo-48dd,26,4,Normal
2026-02-10 21:45:12.893569,Tokyo-48dd,46,38,Normal
2026-02-10 21:45:13.893569,Tokyo-48dd,-26,9,Normal
2026-02-10 21:45:14.893569,Tokyo-48dd,12,5,Normal
2026-02-10 21:45:15.893569,Tokyo-48dd,45,11,Normal
2026-02-10 21:45:16.893569,Tokyo-48dd,-9,43,Normal
2026-02-10 21:45:17.893569,Tokyo-48dd,-17,96,Normal
2026-02-10 21:45:18.893569,Tokyo-48dd,38,74,Normal
2026-02-10 21:45:19.893569,Tokyo-48dd,-21,16,Normal
2026-02-10 21:45:20.893569,Tokyo-48dd,-25,84,Normal
2026-02-10 21:45:21.893569,Tokyo-48dd,3,25,Normal
2026-02-10 21:45:22.893569,Tokyo-48dd,-15,92,Normal
2026-02-10 21:45:23.893569,Tokyo-48dd,42,92,Normal
2026-02-10 21:45:24.893569,Tokyo-48dd,-29,68,Normal
2026-02-10 21:45:25.893569,Tokyo-48dd,43,25,Normal
2026-02-10 21:45:26.893569,Tokyo-48dd,-2,88,Normal
2026-02-10 21:45:27.893569,Tokyo-48dd,-13,7,Normal
2026-02-10 21:45:28.893569,Tokyo-48dd,-13,29,Normal
2026-02-10 21:45:29.893569,Tokyo-48dd,-11,90,Normal
2026-02-10 21:45:30.893569,Tokyo-48dd,-21,60,Normal
2026-02-10 21:45:31.893569,Tokyo-48dd,14,99,Normal
2026-02-10 21:45:32.893569,Tokyo-48dd,-8,63,Normal
2026-02-10 21:45:33.893569,Tokyo-48dd,39,25,Normal
2026-02-10 21:45:34.893569,Tokyo-48dd,16,65,Normal
2026-02-10 21:45:35.893569,Tokyo-48dd,-13,100,Normal
2026-02-10 21:45:36.893569,Tokyo-48dd,-18,65,Normal
2026-02-10 21:45:37.893569,Tokyo-48dd,23,41,Normal
2026-02-10 21:45:38.893569,Tokyo-48dd,-21,33,Normal
2026-02-10 21:45:39.893569,Tokyo-48dd,-9,19,Normal
2026-02-10 21:45:40.893569,Tokyo-48dd,-7,23,Normal
2026-02-10 21:45:41.893569,Tokyo-48dd,-25,73,Normal
2026-02-10 21:45:42.893569,Tokyo-48dd,39,77,Normal
2026-02-10 21:45:43.893569,Tokyo-48dd,35,45,Normal
2026-02-10 21:45:44.893569,Tokyo-48dd,35,15,Normal
2026-02-10 21:45:45.893569,Tokyo-48dd,-13,30,Normal
2026-02-10 21:45:46.893569,Tokyo-48dd,-11,32,Normal
2026-02-10 21:45:47.893569,Tokyo-48dd,-22,79,Normal
2026-02-10 21:45:48.893569,Tokyo-48dd,34,43,Normal
2026-02-10 21:45:49.893569,Tokyo-48dd,-20,70,Normal
2026-02-10 21:45:50.893569,Tokyo-48dd,-28,61,Normal
2026-02-10 21:45:51.893569,Tokyo-48dd,-10,31,Normal
2026-02-10 21:45:52.893569,Tokyo-48dd,-12,88,Normal
2026-02-10 21:45:53.893569,Tokyo-48dd,28,10,Normal
2026-02-10 21:45:54.893569,Tokyo-48dd,19,75,Normal
2026-02-10 21:45:55.893569,Tokyo-48dd,-7,13,Normal
2026-02-10 21:45:56.893569,Tokyo-48dd,-17,59,Normal
2026-02-10 21:45:57.893569,Tokyo-48dd,49,56,Normal
2026-02-10 21:45:58.893569,Tokyo-48dd,31,38,Normal
2026-02-10 21:45:59.893569,Tokyo-48dd,-4,52,Normal
2026-02-10 21:46:00.893569,Tokyo-48dd,-7,26,Normal
2026-02-10 21:46:01.893569,Tokyo-48dd,40,46,Normal
2026-02-10 21:46:02.893569,Tokyo-48dd,21,58,Normal
2026-02-10 21:46:03.893569,Tokyo-48dd,-18,90,Normal
2026-02-10 21:46:04.893569,Tokyo-48dd,16,94,Normal
2026-02-10 21:46:05.893569,Tokyo-48dd,34,96,Normal
2026-02-10 21:46:06.893569,Tokyo-48dd,37,8,Normal
2026-02-10 21:46:07.893569,Tokyo-48dd,-10,43,Normal
2026-02-10 21:46:08.893569,Tokyo-48dd,-10,6,Normal
2026-02-10 21:46:09.893569,Tokyo-48dd,0,5,Normal
2026-02-10 21:46:10.893569,Tokyo-48dd,28,58,Normal
2026-02-10 21:46:11.893569,Tokyo-48dd,29,76,Normal
2026-02-10 21:46:12.893569,Tokyo-48dd,43,34,Normal
2026-02-10 21:46:13.893569,Tokyo-48dd,-2,25,Normal
2026-02-10 21:46:14.893569,Tokyo-48dd,-4,54,Normal
2026-02-10 21:46:15.893569,Tokyo-48dd,48,95,Normal
2026-02-10 21:46:16.893569,Tokyo-48dd,11,43,Normal
2026-02-10 21:46:17.893569,Tokyo-48dd,-5,95,Normal
2026-02-10 21:46:18.893569,Tokyo-48dd,46,72,Normal
2026-02-10 21:46:19.893569,Tokyo-48dd,46,3,Normal
2026-02-10 21:46:20.893569,Tokyo-48dd,-20,35,Normal
2026-02-10 21:46:21.893569,Tokyo-48dd,-6,91,Normal
2026-02-10 21:46:22.893569,Tokyo-48dd,-20,52,Normal
2026-02-10 21:46:23.893569,Tokyo-48dd,-6,49,Normal
2026-02-10 21:46:24.893569,Tokyo-48dd,-22,9,Normal
2026-02-10 21:46:25.893569,Tokyo-48dd,-1,5,Normal
2026-02-10 21:46:26.893569,Tokyo-48dd,9,68,Normal
2026-02-10 21:46:27.893569,Tokyo-48dd,-30,32,Normal
2026-02-10 21:46:28.893569,Tokyo-48dd,-28,62,Normal
2026-02-10 21:46:29.893569,Tokyo-48dd,-13,98,Normal
2026-02-10 21:46:30.893569,Tokyo-48dd,11,70,Normal
2026-02-10 21:46:31.893569,Tokyo-48dd,-13,31,Normal
2026-02-10 21:46:32.893569,Tokyo-48dd,-12,70,Normal
2026-02-10 21:46:33.893569,Tokyo-48dd,23,81,Normal
2026-02-10 21:46:34.893569,Tokyo-48dd,14,22,Normal
2026-02-10 21:46:35.893569,Tokyo-48dd,-20,83,Normal
2026-02-10 21:46:36.893569,Tokyo-48dd,21,77,Normal
2026-02-10 21:46:37.893569,Tokyo-48dd,33,6,Normal
2026-02-10 21:46:38.893569,Tokyo-48dd,20,50,Normal
2026-02-10 21:46:39.893569,Tokyo-48dd,-10,36,Normal
2026-02-10 21:46:40.893569,Tokyo-48dd,25,10,Normal
2026-02-10 21:46:41.893569,Tokyo-48dd,13,21,Normal
2026-02-10 21:46:42.893569,Tokyo-48dd,-27,65,Normal
2026-02-10 21:46:43.893569,Tokyo-48dd,35,44,Normal
2026-02-10 21:46:44.893569,Tokyo-48dd,13,21,Normal
2026-02-10 21:46:45.893569,Tokyo-48dd,-9,60,Normal
2026-02-10 21:46:46.893569,Tokyo-48dd,16,35,Normal
2026-02-10 21:46:47.893569,Tokyo-48dd,27,39,Normal
2026-02-10 21:46:48.893569,Tokyo-48dd,22,16,Normal
2026-02-10 21:46:49.893569,Tokyo-48dd,31,26,Normal
2026-02-10 21:46:50.893569,Tokyo-48dd,-30,98,Normal
2026-02-10 21:46:51.893569,Tokyo-48dd,8,100,Normal
2026-02-10 21:46:52.893569,Tokyo-48dd,-17,85,Normal
2026-02-10 21:46:53.893569,Tokyo-48dd,7,15,Normal
2026-02-10 21:46:54.893569,Tokyo-48dd,14,41,Normal
2026-02-10 21:46:55.893569,Tokyo-48dd,-14,4,Normal
2026-02-10 21:46:56.893569,Tokyo-48dd,24,56,Normal
2026-02-10 21:46:57.893569,Tokyo-48dd,-14,37,Normal
2026-02-10 21:46:58.893569,Tokyo-48dd,4,44,Normal
2026-02-10 21:46:59.893569,Tokyo-48dd,39,48,Normal
2026-02-10 21:47:00.893569,Tokyo-48dd,50,94,Normal
2026-02-10 21:47:01.893569,Tokyo-48dd,22,38,Normal
2026-02-10 21:47:02.893569,Tokyo-48dd,26,69,Normal
2026-02-10 21:47:03.893569,Tokyo-48dd,48,60,Normal
2026-02-10 21:47:04.893569,Tokyo-48dd,2,43,Normal
2026-02-10 21:47:05.893569,Tokyo-48dd,48,98,Normal
2026-02-10 21:47:06.893569,Tokyo-48dd,15,65,Normal
2026-02-10 21:47:07.893569,Tokyo-48dd,22,7,Normal
2026-02-10 21:47:08.893569,Tokyo-48dd,2,72,Normal
2026-02-10 21:47:09.893569,Tokyo-48dd,-11,34,Normal
2026-02-10 21:47:10.893569,Tokyo-48dd,-29,95,Normal
2026-02-10 21:47:11.893569,Tokyo-48dd,25,66,Normal
2026-02-10 21:47:12.893569,Tokyo-48dd,-4,22,Normal
2026-02-10 21:47:13.893569,Tokyo-48dd,49,81,Normal
2026-02-10 21:47:14.893569,Tokyo-48dd,34,77,Normal
2026-02-10 21:47:15.893569,Tokyo-48dd,-10,82,Normal
2026-02-10 21:47:16.893569,Tokyo-48dd,43,11,Normal
2026-02-10 21:47:17.893569,Tokyo-48dd,-21,100,Normal
2026-02-10 21:47:18.893569,Tokyo-48dd,14,44,Normal
2026-02-10 21:47:19.893569,Tokyo-48dd,-2,6,Normal
2026-02-10 21:47:20.893569,Tokyo-48dd,50,93,Normal
2026-02-10 21:47:21.893569,Tokyo-48dd,0,31,Normal
2026-02-10 21:47:22.893569,Tokyo-48dd,-30,7,Normal
2026-02-10 21:47:23.893569,Tokyo-48dd,5,6,Normal
2026-02-10 21:47:24.893569,Tokyo-48dd,19,97,Normal
2026-02-10 21:47:25.893569,Tokyo-48dd,43,2,Normal
2026-02-10 21:47:26.893569,Tokyo-48dd,-16,79,Normal
2026-02-10 21:47:27.893569,Tokyo-48dd,2,55,Normal
2026-02-10 21:47:28.893569,Tokyo-48dd,-10,20,Normal
2026-02-10 21:47:29.893569,Tokyo-48dd,6,17,Normal
2026-02-10 21:47:30.893569,Tokyo-48dd,17,74,Normal
2026-02-10 21:47:31.893569,Tokyo-48dd,46,67,Normal
2026-02-10 21:47:32.893569,Tokyo-48dd,-7,17,Normal
2026-02-10 21:47:33.893569,Tokyo-48dd,48,13,Normal
2026-02-10 21:47:34.893569,Tokyo-48dd,22,30,Normal
2026-02-10 21:47:35.893569,Tokyo-48dd,8,86,Normal
2026-02-10 21:47:36.893569,Tokyo-48dd,45,12,Normal
2026-02-10 21:47:37.893569,Tokyo-48dd,41,42,Normal
2026-02-10 21:47:38.893569,Tokyo-48dd,37,65,Normal
2026-02-10 21:47:39.893569,Tokyo-48dd,4,86,Normal
2026-02-10 21:47:40.893569,Tokyo-48dd,9,56,Normal
2026-02-10 21:47:41.893569,Tokyo-48dd,31,37,Normal
2026-02-10 21:47:42.893569,Tokyo-48dd,-12,96,Normal
2026-02-10 21:47:43.893569,Tokyo-48dd,41,77,Normal
2026-02-10 21:47:44.893569,Tokyo-48dd,42,27,Normal
2026-02-10 21:47:45.893569,Tokyo-48dd,8,97,Normal
2026-02-10 21:47:46.893569,Tokyo-48dd,43,34,Normal
2026-02-10 21:47:47.893569,Tokyo-48dd,27,13,Normal
2026-02-10 21:47:48.893569,Tokyo-48dd,-19,63,Normal
2026-02-10 21:47:49.893569,Tokyo-48dd,3,73,Normal
2026-02-10 21:47:50.893569,Tokyo-48dd,-10,52,Normal
2026-02-10 21:47:51.893569,Tokyo-48dd,-22,79,Normal
2026-02-10 21:47:52.893569,Tokyo-48dd,3,94,Normal
2026-02-10 21:47:53.893569,Tokyo-48dd,7,84,Normal
2026-02-10 21:47:54.893569,Tokyo-48dd,27,82,Normal
2026-02-10 21:47:55.893569,Tokyo-48dd,7,70,Normal
2026-02-10 21:47:56.893569,Tokyo-48dd,27,36,Normal
2026-02-10 21:47:57.893569,Tokyo-48dd,1,65,Normal
2026-02-10 21:47:58.893569,Tokyo-48dd,15,53,Normal
2026-02-10 21:47:59.893569,Tokyo-48dd,13,74,Normal
2026-02-10 21:48:00.893569,Tokyo-48dd,7,40,Normal
2026-02-10 21:48:01.893569,Tokyo-48dd,36,70,Normal
2026-02-10 21:48:02.893569,Tokyo-48dd,26,60,Normal
2026-02-10 21:48:03.893569,Tokyo-48dd,-12,31,Normal
2026-02-10 21:48:04.893569,Tokyo-48dd,23,45,Normal
2026-02-10 21:48:05.893569,Tokyo-48dd,-13,92,Normal
2026-02-10 21:48:06.893569,Tokyo-48dd,43,77,Normal
2026-02-10 21:48:07.893569,Tokyo-48dd,-12,16,Normal
2026-02-10 21:48:08.893569,Tokyo-48dd,-1,97,Normal
2026-02-10 21:48:09.893569,Tokyo-48dd,-21,84,Normal
2026-02-10 21:48:10.893569,Tokyo-48dd,-20,35,Normal
2026-02-10 21:48:11.893569,Tokyo-48dd,-19,6,Normal
2026-02-10 21:48:12.893569,Tokyo-48dd,40,29,Normal
2026-02-10 21:48:13.893569,Tokyo-48dd,-10,78,Normal
2026-02-10 21:48:14.893569,Tokyo-48dd,31,95,Normal
2026-02-10 21:48:15.893569,Tokyo-48dd,11,24,Normal
2026-02-10 21:48:16.893569,Tokyo-48dd,-1,39,Normal
2026-02-10 21:48:17.893569,Tokyo-48dd,14,84,Normal
2026-02-10 21:48:18.893569,Tokyo-48dd,-20,60,Normal
2026-02-10 21:48:19.893569,Tokyo-48dd,20,13,Normal
2026-02-10 21:48:20.893569,Tokyo-48dd,-11,18,Normal
2026-02-10 21:48:21.893569,Tokyo-48dd,33,39,Normal
2026-02-10 21:48:22.893569,Tokyo-48dd,-19,0,Normal
2026-02-10 21:48:23.893569,Tokyo-48dd,34,12,Normal
2026-02-10 21:48:24.893569,Tokyo-48dd,15,94,Normal
2026-02-10 21:48:25.893569,Tokyo-48dd,-16,30,Normal
2026-02-10 21:48:26.893569,Tokyo-48dd,-13,61,Normal
2026-02-10 21:48:27.893569,Tokyo-48dd,15,92,Normal
2026-02-10 21:48:28.893569,Tokyo-48dd,47,91,Normal
2026-02-10 21:48:29.893569,Tokyo-48dd,39,9,Normal
2026-02-10 21:48:30.893569,Tokyo-48dd,-8,19,Normal
2026-02-10 21:48:31.893569,Tokyo-48dd,25,4,Normal
2026-02-10 21:48:32.893569,Tokyo-48dd,-14,11,Normal
2026-02-10 21:48:33.893569,Tokyo-48dd,-19,33,Normal
2026-02-10 21:48:34.893569,Tokyo-48dd,-6,30,Normal
2026-02-10 21:48:35.893569,Tokyo-48dd,33,56,Normal
2026-02-10 21:48:36.893569,Tokyo-48dd,30,88,Normal
2026-02-10 21:48:37.893569,Tokyo-48dd,21,31,Normal
2026-02-10 21:48:38.893569,Tokyo-48dd,-4,67,Normal
2026-02-10 21:48:39.893569,Tokyo-48dd,36,70,Normal
2026-02-10 21:48:40.893569,Tokyo-48dd,-1,20,Normal
2026-02-10 21:48:41.893569,Tokyo-48dd,12,96,Normal
2026-02-10 21:48:42.893569,Tokyo-48dd,49,4,Normal
2026-02-10 21:48:43.893569,Tokyo-48dd,-30,86,Normal
2026-02-10 21:48:44.893569,Tokyo-48dd,20,76,Normal
2026-02-10 21:48:45.893569,Tokyo-48dd,46,70,Normal
2026-02-10 21:48:46.893569,Tokyo-48dd,-2,93,Normal
2026-02-10 21:48:47.893569,Tokyo-48dd,-1,61,Normal
2026-02-10 21:48:48.893569,Tokyo-48dd,27,14,Normal
2026-02-10 21:48:49.893569,Tokyo-48dd,-6,76,Normal
2026-02-10 21:48:50.893569,Tokyo-48dd,-11,72,Normal
2026-02-10 21:48:51.893569,Tokyo-48dd,-4,89,Normal
2026-02-10 21:48:52.893569,Tokyo-48dd,11,87,Normal
2026-02-10 21:48:53.893569,Tokyo-48dd,-12,86,Normal
2026-02-10 21:48:54.893569,Tokyo-48dd,50,97,Normal
2026-02-10 21:48:55.893569,Tokyo-48dd,-1,95,Normal
2026-02-10 21:48:56.893569,Tokyo-48dd,0,86,Normal
2026-02-10 21:48:57.893569,Tokyo-48dd,-12,51,Normal
2026-02-10 21:48:58.893569,Tokyo-48dd,30,67,Normal
2026-02-10 21:48:59.893569,Tokyo-48dd,38,74,Normal
2026-02-10 21:49:00.893569,Tokyo-48dd,0,24,Normal
2026-02-10 21:49:01.893569,Tokyo-48dd,-26,50,Normal
2026-02-10 21:49:02.893569,Tokyo-48dd,-13,14,Normal
2026-02-10 21:49:03.893569,Tokyo-48dd,10,69,Normal
2026-02-10 21:49:04.893569,Tokyo-48dd,-19,7,Normal
2026-02-10 21:49:05.893569,Tokyo-48dd,33,89,Normal
2026-02-10 21:49:06.893569,Tokyo-48dd,7,51,Normal
2026-02-10 21:49:07.893569,Tokyo-48dd,-18,93,Normal
2026-02-10 21:49:08.893569,Tokyo-48dd,19,20,Normal
2026-02-10 21:49:09.893569,Tokyo-48dd,-27,99,Normal
2026-02-10 21:49:10.893569,Tokyo-48dd,49,20,Normal
2026-02-10 21:49:11.893569,Tokyo-48dd,-4,47,Normal
2026-02-10 21:49:12.893569,Tokyo-48dd,20,41,Normal
2026-02-10 21:49:13.893569,Tokyo-48dd,30,23,Normal
2026-02-10 21:49:14.893569,Tokyo-48dd,11,91,Normal
2026-02-10 21:49:15.893569,Tokyo-48dd,-9,66,Normal
2026-02-10 21:49:16.893569,Tokyo-48dd,-17,15,Normal
2026-02-10 21:49:17.893569,Tokyo-48dd,18,99,Normal
2026-02-10 21:49:18.893569,Tokyo-48dd,49,65,Normal
2026-02-10 21:49:19.893569,Tokyo-48dd,28,16,Normal
2026-02-10 21:49:20.893569,Tokyo-48dd,32,71,Normal
2026-02-10 21:49:21.893569,Tokyo-48dd,0,46,Normal
2026-02-10 21:49:22.893569,Tokyo-48dd,-16,53,Normal
2026-02-10 21:49:23.893569,Tokyo-48dd,-11,69,Normal
2026-02-10 21:49:24.893569,Tokyo-48dd,30,11,Normal
2026-02-10 21:49:25.893569,Tokyo-48dd,8,21,Normal
2026-02-10 21:49:26.893569,Tokyo-48dd,38,58,Normal
2026-02-10 21:49:27.893569,Tokyo-48dd,26,45,Normal
2026-02-10 21:49:28.893569,Tokyo-48dd,33,68,Normal
2026-02-10 21:49:29.893569,Tokyo-48dd,-7,63,Normal
2026-02-10 21:49:30.893569,Tokyo-48dd,-19,65,Normal
2026-02-10 21:49:31.893569,Tokyo-48dd,43,70,Normal
2026-02-10 21:49:32.893569,Tokyo-48dd,18,86,Normal
2026-02-10 21:49:33.893569,Tokyo-48dd,10,25,Normal
2026-02-10 21:49:34.893569,Tokyo-48dd,5,85,Normal
2026-02-10 21:49:35.893569,Tokyo-48dd,42,48,Normal
2026-02-10 21:49:36.893569,Tokyo-48dd,-10,95,Normal
2026-02-10 21:49:37.893569,Tokyo-48dd,16,74,Normal
2026-02-10 21:49:38.893569,Tokyo-48dd,18,39,Normal
2026-02-10 21:49:39.893569,Tokyo-48dd,1,91,Normal
2026-02-10 21:49:40.893569,Tokyo-48dd,27,20,Normal
2026-02-10 21:49:41.893569,Tokyo-48dd,-1,94,Normal
2026-02-10 21:49:42.893569,Tokyo-48dd,10,53,Normal
2026-02-10 21:49:43.893569,Tokyo-48dd,-4,56,Normal
2026-02-10 21:49:44.893569,Tokyo-48dd,-20,29,Normal
2026-02-10 21:49:45.893569,Tokyo-48dd,22,73,Normal
2026-02-10 21:49:46.893569,Tokyo-48dd,21,84,Normal
2026-02-10 21:49:47.893569,Tokyo-48dd,-14,77,Normal
2026-02-10 21:49:48.893569,Tokyo-48dd,23,45,Normal
2026-02-10 21:49:49.893569,Tokyo-48dd,-13,31,Normal
2026-02-10 21:49:50.893569,Tokyo-48dd,46,83,Normal
