timestamp,station_id,temp,humid,condition
2026-02-15 18:27:45.454369,Paris-9f5b,32,57,Normal
2026-02-15 18:27:46.454369,Paris-9f5b,24,35,Normal
2026-02-15 18:27:47.454369,Paris-9f5b,-20,38,Normal
2026-02-15 18:27:48.454369,Paris-9f5b,46,86,Normal
2026-02-15 18:27:49.454369,Paris-9f5b,4,41,Normal
2026-02-15 18:27:50.454369,Paris-9f5b,12,95,Normal
2026-02-15 18:27:51.454369,Paris-9f5b,44,78,Normal
2026-02-15 18:27:52.454369,Paris-9f5b,43,68,Normal
2026-02-15 18:27:53.454369,Paris-9f5b,26,58,Normal
2026-02-15 18:27:54.454369,Paris-9f5b,-24,84,Normal
2026-02-15 18:27:55.454369,Paris-9f5b,42,100,Normal
2026-02-15 18:27:56.454369,Paris-9f5b,-14,100,Normal
2026-02-15 18:27:57.454369,Paris-9f5b,33,17,Normal
2026-02-15 18:27:58.454369,Paris-9f5b,-19,49,Normal
2026-02-15 18:27:59.454369,Paris-9f5b,4,83,Normal
2026-02-15 18:28:00.454369,Paris-9f5b,-23,40,Normal
2026-02-15 18:28:01.454369,Paris-9f5b,44,20,Normal
2026-02-15 18:28:02.454369,Paris-9f5b,44,21,Normal
2026-02-15 18:28:03.454369,Paris-9f5b,20,88,Normal
2026-02-15 18:28:04.454369,Paris-9f5b,4,96,Normal
2026-02-15 18:28:05.454369,Paris-9f5b,41,26,Normal
2026-02-15 18:28:06.454369,Paris-9f5b,9,59,Normal
2026-02-15 18:28:07.454369,Paris-9f5b,26,54,Normal
2026-02-15 18:28:08.454369,Paris-9f5b,28,59,Normal
2026-02-15 18:28:09.454369,Paris-9f5b,14,59,Normal
2026-02-15 18:28:10.454369,Paris-9f5b,17,13,Normal
2026-02-15 18:28:11.454369,Paris-9f5b,17,42,Normal
2026-02-15 18:28:12.454369,Paris-9f5b,11,39,Normal
2026-02-15 18:28:13.454369,Paris-9f5b,36,76,Normal
2026-02-15 18:28:14.454369,Paris-9f5b,25,81,Normal
2026-02-15 18:28:15.454369,Paris-9f5b,-30,30,Normal
2026-02-15 18:28:16.454369,Paris-9f5b,10,56,Normal
2026-02-15 18:28:17.454369,Paris-9f5b,48,34,Normal
2026-02-15 18:28:18.454369,Paris-9f5b,-6,17,Normal
2026-02-15 18:28:19.454369,Paris-9f5b,-8,64,Normal
2026-02-15 18:28:20.454369,Paris-9f5b,50,81,Normal
2026-02-15 18:28:21.454369,Paris-9f5b,1,53,Normal
2026-02-15 18:28:22.454369,Paris-9f5b,46,83,Normal
2026-02-15 18:28:23.454369,Paris-9f5b,-3,11,Normal
2026-02-15 18:28:24.454369,Paris-9f5b,47,7,Normal
2026-02-15 18:28:25.454369,Paris-9f5b,17,40,Normal
2026-02-15 18:28:26.454369,Paris-9f5b,-27,45,Normal
2026-02-15 18:28:27.454369,Paris-9f5b,-19,72,Normal
2026-02-15 18:28:28.454369,Paris-9f5b,1,15,Normal
2026-02-15 18:28:29.454369,Paris-9f5b,2,30,Normal
2026-02-15 18:28:30.454369,Paris-9f5b,-29,25,Normal
2026-02-15 18:28:31.454369,Paris-9f5b,-30,46,Normal
2026-02-15 18:28:32.454369,Paris-9f5b,24,45,Normal
2026-02-15 18:28:33.454369,Paris-9f5b,3,52,Normal
2026-02-15 18:28:34.454369,Paris-9f5b,-1,96,Normal
2026-02-15 18:28:35.454369,Paris-9f5b,49,34,Normal
2026-02-15 18:28:36.454369,Paris-9f5b,-24,28,Normal
2026-02-15 18:28:37.454369,Paris-9f5b,34,12,Normal
2026-02-15 18:28:38.454369,Paris-9f5b,-3,74,Normal
2026-02-15 18:28:39.454369,Paris-9f5b,-7,100,Normal
2026-02-15 18:28:40.454369,Paris-9f5b,-23,63,Normal
2026-02-15 18:28:41.454369,Paris-9f5b,14,66,Normal
2026-02-15 18:28:42.454369,Paris-9f5b,-5,7,Normal
2026-02-15 18:28:43.454369,Paris-9f5b,30,63,Normal
2026-02-15 18:28:44.454369,Paris-9f5b,26,49,Normal
2026-02-15 18:28:45.454369,Paris-9f5b,12,0,Normal
2026-02-15 18:28:46.454369,Paris-9f5b,46,9,Normal
2026-02-15 18:28:47.454369,Paris-9f5b,-16,19,Normal
2026-02-15 18:28:48.454369,Paris-9f5b,20,59,Normal
2026-02-15 18:28:49.454369,Paris-9f5b,-27,31,Normal
2026-02-15 18:28:50.454369,Paris-9f5b,-18,11,Normal
2026-02-15 18:28:51.454369,Paris-9f5b,26,52,Normal
2026-02-15 18:28:52.454369,Paris-9f5b,3,13,Normal
2026-02-15 18:28:53.454369,Paris-9f5b,-3,74,Normal
2026-02-15 18:28:54.454369,Paris-9f5b,39,55,Normal
2026-02-15 18:28:55.454369,Paris-9f5b,17,6,Normal
2026-02-15 18:28:56.454369,Paris-9f5b,46,28,Normal
2026-02-15 18:28:57.454369,Paris-9f5b,48,77,Normal
2026-02-15 18:28:58.454369,Paris-9f5b,13,3,Normal
2026-02-15 18:28:59.454369,Paris-9f5b,-22,18,Normal
2026-02-15 18:29:00.454369,Paris-9f5b,17,49,Normal
2026-02-15 18:29:01.454369,Paris-9f5b,-13,69,Normal
2026-02-15 18:29:02.454369,Paris-9f5b,41,71,Normal
2026-02-15 18:29:03.454369,Paris-9f5b,33,9,Normal
2026-02-15 18:29:04.454369,Paris-9f5b,50,50,Normal
2026-02-15 18:29:05.454369,Paris-9f5b,20,23,Normal
2026-02-15 18:29:06.454369,Paris-9f5b,-10,9,Normal
2026-02-15 18:29:07.454369,Paris-9f5b,-10,58,Normal
2026-02-15 18:29:08.454369,Paris-9f5b,37,82,Normal
2026-02-15 18:29:09.454369,Paris-9f5b,3,20,Normal
2026-02-15 18:29:10.454369,Paris-9f5b,48,79,Normal
2026-02-15 18:29:11.454369,Paris-9f5b,44,56,Normal
2026-02-15 18:29:12.454369,Paris-9f5b,-5,15,Normal
2026-02-15 18:29:13.454369,Paris-9f5b,45,4,Normal
2026-02-15 18:29:14.454369,Paris-9f5b,16,13,Normal
2026-02-15 18:29:15.454369,Paris-9f5b,29,65,Normal
2026-02-15 18:29:16.454369,Paris-9f5b,-23,86,Normal
2026-02-15 18:29:17.454369,Paris-9f5b,44,71,Normal
2026-02-15 18:29:18.454369,Paris-9f5b,1,100,Normal
2026-02-15 18:29:19.454369,Paris-9f5b,47,29,Normal
2026-02-15 18:29:20.454369,Paris-9f5b,41,68,Normal
2026-02-15 18:29:21.454369,Paris-9f5b,30,8,Normal
2026-02-15 18:29:22.454369,Paris-9f5b,-4,85,Normal
2026-02-15 18:29:23.454369,Paris-9f5b,39,100,Normal
2026-02-15 18:29:24.454369,Paris-9f5b,18,77,Normal
2026-02-15 18:29:25.454369,Paris-9f5b,-4,72,Normal
2026-02-15 18:29:26.454369,Paris-9f5b,9,31,Normal
2026-02-15 18:29:27.454369,Paris-9f5b,25,99,Normal
2026-02-15 18:29:28.454369,Paris-9f5b,-21,16,Normal
2026-02-15 18:29:29.454369,Paris-9f5b,24,25,Normal
2026-02-15 18:29:30.454369,Paris-9f5b,-21,32,Normal
2026-02-15 18:29:31.454369,Paris-9f5b,4,55,Normal
2026-02-15 18:29:32.454369,Paris-9f5b,39,35,Normal
2026-02-15 18:29:33.454369,Paris-9f5b,34,83,Normal
2026-02-15 18:29:34.454369,Paris-9f5b,-1,75,Normal
2026-02-15 18:29:35.454369,Paris-9f5b,-13,98,Normal
2026-02-15 18:29:36.454369,Paris-9f5b,31,5,Normal
2026-02-15 18:29:37.454369,Paris-9f5b,-28,12,Normal
2026-02-15 18:29:38.454369,Paris-9f5b,3,64,Normal
2026-02-15 18:29:39.454369,Paris-9f5b,28,29,Normal
2026-02-15 18:29:40.454369,Paris-9f5b,-13,23,Normal
2026-02-15 18:29:41.454369,Paris-9f5b,28,15,Normal
2026-02-15 18:29:42.454369,Paris-9f5b,40,54,Normal
2026-02-15 18:29:43.454369,Paris-9f5b,48,53,Normal
2026-02-15 18:29:44.454369,Paris-9f5b,14,1,Normal
2026-02-15 18:29:45.454369,Paris-9f5b,18,73,Normal
2026-02-15 18:29:46.454369,Paris-9f5b,19,79,Normal
2026-02-15 18:29:47.454369,Paris-9f5b,50,73,Normal
2026-02-15 18:29:48.454369,Paris-9f5b,47,33,Normal
2026-02-15 18:29:49.454369,Paris-9f5b,-27,100,Normal
2026-02-15 18:29:50.454369,Paris-9f5b,21,33,Normal
2026-02-15 18:29:51.454369,Paris-9f5b,0,34,Normal
2026-02-15 18:29:52.454369,Paris-9f5b,-9,21,Normal
2026-02-15 18:29:53.454369,Paris-9f5b,45,49,Normal
2026-02-15 18:29:54.454369,Paris-9f5b,22,20,Normal
2026-02-15 18:29:55.454369,Paris-9f5b,7,94,Normal
2026-02-15 18:29:56.454369,Paris-9f5b,39,27,Normal
2026-02-15 18:29:57.454369,Paris-9f5b,27,89,Normal
2026-02-15 18:29:58.454369,Paris-9f5b,-4,96,Normal
2026-02-15 18:29:59.454369,Paris-9f5b,22,24,Normal
2026-02-15 18:30:00.454369,Paris-9f5b,15,90,Normal
2026-02-15 18:30:01.454369,Paris-9f5b,41,43,Normal
2026-02-15 18:30:02.454369,Paris-9f5b,10,90,Normal
2026-02-15 18:30:03.454369,Paris-9f5b,-21,26,Normal
2026-02-15 18:30:04.454369,Paris-9f5b,-10,87,Normal
2026-02-15 18:30:05.454369,Paris-9f5b,11,45,Normal
2026-02-15 18:30:06.454369,Paris-9f5b,-3,62,Normal
2026-02-15 18:30:07.454369,Paris-9f5b,12,66,Normal
2026-02-15 18:30:08.454369,Paris-9f5b,47,97,Normal
2026-02-15 18:30:09.454369,Paris-9f5b,29,61,Normal
2026-02-15 18:30:10.454369,Paris-9f5b,-10,68,Normal
2026-02-15 18:30:11.454369,Paris-9f5b,6,64,Normal
2026-02-15 18:30:12.454369,Paris-9f5b,-9,10,Normal
2026-02-15 18:30:13.454369,Paris-9f5b,32,48,Normal
2026-02-15 18:30:14.454369,Paris-9f5b,34,14,Normal
2026-02-15 18:30:15.454369,Paris-9f5b,44,61,Normal
2026-02-15 18:30:16.454369,Paris-9f5b,20,71,Normal
2026-02-15 18:30:17.454369,Paris-9f5b,-24,42,Normal
2026-02-15 18:30:18.454369,Paris-9f5b,11,3,Normal
2026-02-15 18:30:19.454369,Paris-9f5b,38,56,Normal
2026-02-15 18:30:20.454369,Paris-9f5b,11,35,Normal
2026-02-15 18:30:21.454369,Paris-9f5b,-3,45,Normal
2026-02-15 18:30:22.454369,Paris-9f5b,-22,39,Normal
2026-02-15 18:30:23.454369,Paris-9f5b,-21,98,Normal
2026-02-15 18:30:24.454369,Paris-9f5b,-3,97,Normal
2026-02-15 18:30:25.454369,Paris-9f5b,12,13,Normal
2026-02-15 18:30:26.454369,Paris-9f5b,28,89,Normal
2026-02-15 18:30:27.454369,Paris-9f5b,3,21,Normal
2026-02-15 18:30:28.454369,Paris-9f5b,32,37,Normal
2026-02-15 18:30:29.454369,Paris-9f5b,7,50,Normal
2026-02-15 18:30:30.454369,Paris-9f5b,-21,56,Normal
2026-02-15 18:30:31.454369,Paris-9f5b,5,56,Normal
2026-02-15 18:30:32.454369,Paris-9f5b,33,82,Normal
2026-02-15 18:30:33.454369,Paris-9f5b,43,32,Normal
2026-02-15 18:30:34.454369,Paris-9f5b,17,90,Normal
2026-02-15 18:30:35.454369,Paris-9f5b,48,31,Normal
2026-02-15 18:30:36.454369,Paris-9f5b,-2,41,Normal
2026-02-15 18:30:37.454369,Paris-9f5b,27,20,Normal
2026-02-15 18:30:38.454369,Paris-9f5b,45,89,Normal
2026-02-15 18:30:39.454369,Paris-9f5b,38,21,Normal
2026-02-15 18:30:40.454369,Paris-9f5b,12,0,Normal
2026-02-15 18:30:41.454369,Paris-9f5b,38,7,Normal
2026-02-15 18:30:42.454369,Paris-9f5b,8,84,Normal
2026-02-15 18:30:43.454369,Paris-9f5b,7,93,Normal
2026-02-15 18:30:44.454369,Paris-9f5b,34,70,Normal
2026-02-15 18:30:45.454369,Paris-9f5b,48,90,Normal
2026-02-15 18:30:46.454369,Paris-9f5b,-27,86,Normal
2026-02-15 18:30:47.454369,Paris-9f5b,-8,23,Normal
2026-02-15 18:30:48.454369,Paris-9f5b,36,0,Normal
2026-02-15 18:30:49.454369,Paris-9f5b,-24,89,Normal
2026-02-15 18:30:50.454369,Paris-9f5b,-22,60,Normal
2026-02-15 18:30:51.454369,Paris-9f5b,-2,23,Normal
2026-02-15 18:30:52.454369,Paris-9f5b,-8,55,Normal
2026-02-15 18:30:53.454369,Paris-9f5b,-16,47,Normal
2026-02-15 18:30:54.454369,Paris-9f5b,4,7,Normal
2026-02-15 18:30:55.454369,Paris-9f5b,21,21,Normal
2026-02-15 18:30:56.454369,Paris-9f5b,-29,46,Normal
2026-02-15 18:30:57.454369,Paris-9f5b,49,15,Normal
2026-02-15 18:30:58.454369,Paris-9f5b,17,83,Normal
2026-02-15 18:30:59.454369,Paris-9f5b,3,66,Normal
2026-02-15 18:31:00.454369,Paris-9f5b,46,91,Normal
2026-02-15 18:31:01.454369,Paris-9f5b,25,66,Normal
2026-02-15 18:31:02.454369,Paris-9f5b,6,72,Normal
2026-02-15 18:31:03.454369,Paris-9f5b,-27,23,Normal
2026-02-15 18:31:04.454369,Paris-9f5b,46,91,Normal
2026-02-15 18:31:05.454369,Paris-9f5b,40,74,Normal
2026-02-15 18:31:06.454369,Paris-9f5b,-15,25,Normal
2026-02-15 18:31:07.454369,Paris-9f5b,9,17,Normal
2026-02-15 18:31:08.454369,Paris-9f5b,5,86,Normal
2026-02-15 18:31:09.454369,Paris-9f5b,41,98,Normal
2026-02-15 18:31:10.454369,Paris-9f5b,-26,11,Normal
2026-02-15 18:31:11.454369,Paris-9f5b,6,46,Normal
2026-02-15 18:31:12.454369,Paris-9f5b,-17,33,Normal
2026-02-15 18:31:13.454369,Paris-9f5b,-5,56,Normal
2026-02-15 18:31:14.454369,Paris-9f5b,-17,82,Normal
2026-02-15 18:31:15.454369,Paris-9f5b,22,77,Normal
2026-02-15 18:31:16.454369,Paris-9f5b,-30,0,Normal
2026-02-15 18:31:17.454369,Paris-9f5b,-16,40,Normal
2026-02-15 18:31:18.454369,Paris-9f5b,-6,69,Normal
2026-02-15 18:31:19.454369,Paris-9f5b,1,65,Normal
2026-02-15 18:31:20.454369,Paris-9f5b,-3,43,Normal
2026-02-15 18:31:21.454369,Paris-9f5b,-27,76,Normal
2026-02-15 18:31:22.454369,Paris-9f5b,-7,83,Normal
2026-02-15 18:31:23.454369,Paris-9f5b,0,29,Normal
2026-02-15 18:31:24.454369,Paris-9f5b,9,67,Normal
2026-02-15 18:31:25.454369,Paris-9f5b,37,62,Normal
2026-02-15 18:31:26.454369,Paris-9f5b,36,15,Normal
2026-02-15 18:31:27.454369,Paris-9f5b,19,51,Normal
2026-02-15 18:31:28.454369,Paris-9f5b,24,65,Normal
2026-02-15 18:31:29.454369,Paris-9f5b,-26,53,Normal
2026-02-15 18:31:30.454369,Paris-9f5b,-10,30,Normal
2026-02-15 18:31:31.454369,Paris-9f5b,3,94,Normal
2026-02-15 18:31:32.454369,Paris-9f5b,-7,98,Normal
2026-02-15 18:31:33.454369,Paris-9f5b,8,27,Normal
2026-02-15 18:31:34.454369,Paris-9f5b,36,20,Normal
2026-02-15 18:31:35.454369,Paris-9f5b,-24,83,Normal
2026-02-15 18:31:36.454369,Paris-9f5b,11,23,Normal
2026-02-15 18:31:37.454369,Paris-9f5b,-3,32,Normal
2026-02-15 18:31:38.454369,Paris-9f5b,3,30,Normal
2026-02-15 18:31:39.454369,Paris-9f5b,-29,69,Normal
2026-02-15 18:31:40.454369,Paris-9f5b,-8,79,Normal
2026-02-15 18:31:41.454369,Paris-9f5b,-23,67,Normal
2026-02-15 18:31:42.454369,Paris-9f5b,4,0,Normal
2026-02-15 18:31:43.454369,Paris-9f5b,29,31,Normal
2026-02-15 18:31:44.454369,Paris-9f5b,-20,0,Normal
2026-02-15 18:31:45.454369,Paris-9f5b,-21,64,Normal
2026-02-15 18:31:46.454369,Paris-9f5b,13,86,Normal
2026-02-15 18:31:47.454369,Paris-9f5b,21,5,Normal
2026-02-15 18:31:48.454369,Paris-9f5b,46,78,Normal
2026-02-15 18:31:49.454369,Paris-9f5b,-7,54,Normal
2026-02-15 18:31:50.454369,Paris-9f5b,35,14,Normal
2026-02-15 18:31:51.454369,Paris-9f5b,41,36,Normal
2026-02-15 18:31:52.454369,Paris-9f5b,4,39,Normal
2026-02-15 18:31:53.454369,Paris-9f5b,49,12,Normal
2026-02-15 18:31:54.454369,Paris-9f5b,4,66,Normal
2026-02-15 18:31:55.454369,Paris-9f5b,22,1,Normal
2026-02-15 18:31:56.454369,Paris-9f5b,26,70,Normal
2026-02-15 18:31:57.454369,Paris-9f5b,49,95,Normal
2026-02-15 18:31:58.454369,Paris-9f5b,-2,39,Normal
2026-02-15 18:31:59.454369,Paris-9f5b,-13,69,Normal
2026-02-15 18:32:00.454369,Paris-9f5b,-5,30,Normal
2026-02-15 18:32:01.454369,Paris-9f5b,-4,0,Normal
2026-02-15 18:32:02.454369,Paris-9f5b,-23,21,Normal
2026-02-15 18:32:03.454369,Paris-9f5b,7,96,Normal
2026-02-15 18:32:04.454369,Paris-9f5b,2,99,Normal
2026-02-15 18:32:05.454369,Paris-9f5b,13,68,Normal
2026-02-15 18:32:06.454369,Paris-9f5b,-22,30,Normal
2026-02-15 18:32:07.454369,Paris-9f5b,30,31,Normal
2026-02-15 18:32:08.454369,Paris-9f5b,40,18,Normal
2026-02-15 18:32:09.454369,Paris-9f5b,42,79,Normal
2026-02-15 18:32:10.454369,Paris-9f5b,32,58,Normal
2026-02-15 18:32:11.454369,Paris-9f5b,24,50,Normal
2026-02-15 18:32:12.454369,Paris-9f5b,37,61,Normal
2026-02-15 18:32:13.454369,Paris-9f5b,26,97,Normal
2026-02-15 18:32:14.454369,Paris-9f5b,-8,47,Normal
2026-02-15 18:32:15.454369,Paris-9f5b,49,99,Normal
2026-02-15 18:32:16.454369,Paris-9f5b,19,16,Normal
2026-02-15 18:32:17.454369,Paris-9f5b,26,62,Normal
2026-02-15 18:32:18.454369,Paris-9f5b,19,85,Normal
2026-02-15 18:32:19.454369,Paris-9f5b,-8,24,Normal
2026-02-15 18:32:20.454369,Paris-9f5b,18,100,Normal
2026-02-15 18:32:21.454369,Paris-9f5b,-21,83,Normal
2026-02-15 18:32:22.454369,Paris-9f5b,26,9,Normal
2026-02-15 18:32:23.454369,Paris-9f5b,37,32,Normal
2026-02-15 18:32:24.454369,Paris-9f5b,33,43,Normal
2026-02-15 18:32:25.454369,Paris-9f5b,12,89,Normal
2026-02-15 18:32:26.454369,Paris-9f5b,15,94,Normal
2026-02-15 18:32:27.454369,Paris-9f5b,-1,18,Normal
2026-02-15 18:32:28.454369,Paris-9f5b,-29,50,Normal
2026-02-15 18:32:29.454369,Paris-9f5b,-3,28,Normal
2026-02-15 18:32:30.454369,Paris-9f5b,39,70,Normal
2026-02-15 18:32:31.454369,Paris-9f5b,-30,65,Normal
2026-02-15 18:32:32.454369,Paris-9f5b,-17,18,Normal
2026-02-15 18:32:33.454369,Paris-9f5b,-3,80,Normal
2026-02-15 18:32:34.454369,Paris-9f5b,-23,90,Normal
2026-02-15 18:32:35.454369,Paris-9f5b,-3,67,Normal
2026-02-15 18:32:36.454369,Paris-9f5b,2,29,Normal
2026-02-15 18:32:37.454369,Paris-9f5b,35,96,Normal
2026-02-15 18:32:38.454369,Paris-9f5b,3,56,Normal
2026-02-15 18:32:39.454369,Paris-9f5b,26,55,Normal
2026-02-15 18:32:40.454369,Paris-9f5b,12,18,Normal
2026-02-15 18:32:41.454369,Paris-9f5b,-12,74,Normal
2026-02-15 18:32:42.454369,Paris-9f5b,38,85,Normal
2026-02-15 18:32:43.454369,Paris-9f5b,-9,32,Normal
2026-02-15 18:32:44.454369,Paris-9f5b,50,2,Normal
2026-02-15 18:32:45.454369,Paris-9f5b,26,86,Normal
2026-02-15 18:32:46.454369,Paris-9f5b,-13,78,Normal
2026-02-15 18:32:47.454369,Paris-9f5b,49,100,Normal
2026-02-15 18:32:48.454369,Paris-9f5b,36,27,Normal
2026-02-15 18:32:49.454369,Paris-9f5b,25,68,Normal
2026-02-15 18:32:50.454369,Paris-9f5b,47,65,Normal
2026-02-15 18:32:51.454369,Paris-9f5b,27,33,Normal
2026-02-15 18:32:52.454369,Paris-9f5b,-25,51,Normal
2026-02-15 18:32:53.454369,Paris-9f5b,2,72,Normal
2026-02-15 18:32:54.454369,Paris-9f5b,21,92,Normal
2026-02-15 18:32:55.454369,Paris-9f5b,-2,97,Normal
2026-02-15 18:32:56.454369,Paris-9f5b,-3,58,Normal
2026-02-15 18:32:57.454369,Paris-9f5b,5,81,Normal
2026-02-15 18:32:58.454369,Paris-9f5b,-16,70,Normal
2026-02-15 18:32:59.454369,Paris-9f5b,20,83,Normal
2026-02-15 18:33:00.454369,Paris-9f5b,42,99,Normal
2026-02-15 18:33:01.454369,Paris-9f5b,-28,83,Normal
2026-02-15 18:33:02.454369,Paris-9f5b,-3,8,Normal
2026-02-15 18:33:03.454369,Paris-9f5b,19,60,Normal
2026-02-15 18:33:04.454369,Paris-9f5b,45,49,Normal
2026-02-15 18:33:05.454369,Paris-9f5b,32,47,Normal
2026-02-15 18:33:06.454369,Paris-9f5b,11,98,Normal
2026-02-15 18:33:07.454369,Paris-9f5b,-2,30,Normal
2026-02-15 18:33:08.454369,Paris-9f5b,3,46,Normal
2026-02-15 18:33:09.454369,Paris-9f5b,-2,77,Normal
2026-02-15 18:33:10.454369,Paris-9f5b,-18,22,Normal
2026-02-15 18:33:11.454369,Paris-9f5b,9,58,Normal
2026-02-15 18:33:12.454369,Paris-9f5b,26,21,Normal
2026-02-15 18:33:13.454369,Paris-9f5b,-6,37,Normal
2026-02-15 18:33:14.454369,Paris-9f5b,-22,29,Normal
2026-02-15 18:33:15.454369,Paris-9f5b,12,14,Normal
2026-02-15 18:33:16.454369,Paris-9f5b,3,11,Normal
2026-02-15 18:33:17.454369,Paris-9f5b,13,42,Normal
2026-02-15 18:33:18.454369,Paris-9f5b,37,39,Normal
2026-02-15 18:33:19.454369,Paris-9f5b,44,2,Normal
2026-02-15 18:33:20.454369,Paris-9f5b,-22,62,Normal
2026-02-15 18:33:21.454369,Paris-9f5b,-16,17,Normal
2026-02-15 18:33:22.454369,Paris-9f5b,-20,52,Normal
2026-02-15 18:33:23.454369,Paris-9f5b,-16,40,Normal
2026-02-15 18:33:24.454369,Paris-9f5b,-1,42,Normal
2026-02-15 18:33:25.454369,Paris-9f5b,41,82,Normal
2026-02-15 18:33:26.454369,Paris-9f5b,17,23,Normal
2026-02-15 18:33:27.454369,Paris-9f5b,-22,87,Normal
2026-02-15 18:33:28.454369,Paris-9f5b,25,10,Normal
2026-02-15 18:33:29.454369,Paris-9f5b,45,41,Normal
2026-02-15 18:33:30.454369,Paris-9f5b,2,62,Normal
2026-02-15 18:33:31.454369,Paris-9f5b,13,89,Normal
2026-02-15 18:33:32.454369,Paris-9f5b,3,60,Normal
2026-02-15 18:33:33.454369,Paris-9f5b,34,90,Normal
2026-02-15 18:33:34.454369,Paris-9f5b,10,62,Normal
2026-02-15 18:33:35.454369,Paris-9f5b,-15,33,Normal
2026-02-15 18:33:36.454369,Paris-9f5b,10,85,Normal
2026-02-15 18:33:37.454369,Paris-9f5b,32,68,Normal
2026-02-15 18:33:38.454369,Paris-9f5b,-19,52,Normal
2026-02-15 18:33:39.454369,Paris-9f5b,39,52,Normal
2026-02-15 18:33:40.454369,Paris-9f5b,-23,13,Normal
2026-02-15 18:33:41.454369,Paris-9f5b,-22,3,Normal
2026-02-15 18:33:42.454369,Paris-9f5b,-12,58,Normal
2026-02-15 18:33:43.454369,Paris-9f5b,6,27,Normal
2026-02-15 18:33:44.454369,Paris-9f5b,33,19,Normal
2026-02-15 18:33:45.454369,Paris-9f5b,21,37,Normal
2026-02-15 18:33:46.454369,Paris-9f5b,22,94,Normal
2026-02-15 18:33:47.454369,Paris-9f5b,-15,56,Normal
2026-02-15 18:33:48.454369,Paris-9f5b,27,12,Normal
2026-02-15 18:33:49.454369,Paris-9f5b,16,9,Normal
2026-02-15 18:33:50.454369,Paris-9f5b,6,82,Normal
2026-02-15 18:33:51.454369,Paris-9f5b,-14,99,Normal
2026-02-15 18:33:52.454369,Paris-9f5b,-21,25,Normal
2026-02-15 18:33:53.454369,Paris-9f5b,18,2,Normal
2026-02-15 18:33:54.454369,Paris-9f5b,-6,22,Normal
2026-02-15 18:33:55.454369,Paris-9f5b,30,44,Normal
2026-02-15 18:33:56.454369,Paris-9f5b,-11,47,Normal
2026-02-15 18:33:57.454369,Paris-9f5b,-19,39,Normal
2026-02-15 18:33:58.454369,Paris-9f5b,8,92,Normal
2026-02-15 18:33:59.454369,Paris-9f5b,-22,96,Normal
2026-02-15 18:34:00.454369,Paris-9f5b,-1,28,Normal
2026-02-15 18:34:01.454369,Paris-9f5b,47,46,Normal
2026-02-15 18:34:02.454369,Paris-9f5b,-6,35,Normal
2026-02-15 18:34:03.454369,Paris-9f5b,38,59,Normal
2026-02-15 18:34:04.454369,Paris-9f5b,14,92,Normal
2026-02-15 18:34:05.454369,Paris-9f5b,44,29,Normal
2026-02-15 18:34:06.454369,Paris-9f5b,-16,72,Normal
2026-02-15 18:34:07.454369,Paris-9f5b,18,67,Normal
2026-02-15 18:34:08.454369,Paris-9f5b,-10,17,Normal
2026-02-15 18:34:09.454369,Paris-9f5b,-29,6,Normal
2026-02-15 18:34:10.454369,Paris-9f5b,-3,16,Normal
2026-02-15 18:34:11.454369,Paris-9f5b,44,65,Normal
2026-02-15 18:34:12.454369,Paris-9f5b,-22,57,Normal
2026-02-15 18:34:13.454369,Paris-9f5b,39,74,Normal
2026-02-15 18:34:14.454369,Paris-9f5b,26,98,Normal
2026-02-15 18:34:15.454369,Paris-9f5b,44,47,Normal
2026-02-15 18:34:16.454369,Paris-9f5b,-1,35,Normal
2026-02-15 18:34:17.454369,Paris-9f5b,-21,25,Normal
2026-02-15 18:34:18.454369,Paris-9f5b,-4,78,Normal
2026-02-15 18:34:19.454369,Paris-9f5b,32,66,Normal
2026-02-15 18:34:20.454369,Paris-9f5b,7,67,Normal
2026-02-15 18:34:21.454369,Paris-9f5b,19,39,Normal
2026-02-15 18:34:22.454369,Paris-9f5b,0,87,Normal
2026-02-15 18:34:23.454369,Paris-9f5b,11,25,Normal
2026-02-15 18:34:24.454369,Paris-9f5b,-28,6,Normal
2026-02-15 18:34:25.454369,Paris-9f5b,12,21,Normal
2026-02-15 18:34:26.454369,Paris-9f5b,21,47,Normal
2026-02-15 18:34:27.454369,Paris-9f5b,19,47,Normal
2026-02-15 18:34:28.454369,Paris-9f5b,-13,54,Normal
2026-02-15 18:34:29.454369,Paris-9f5b,6,68,Normal
2026-02-15 18:34:30.454369,Paris-9f5b,1,54,Normal
2026-02-15 18:34:31.454369,Paris-9f5b,-25,44,Normal
2026-02-15 18:34:32.454369,Paris-9f5b,8,83,Normal
2026-02-15 18:34:33.454369,Paris-9f5b,-1,55,Normal
2026-02-15 18:34:34.454369,Paris-9f5b,4,85,Normal
2026-02-15 18:34:35.454369,Paris-9f5b,-12,28,Normal
2026-02-15 18:34:36.454369,Paris-9f5b,8,65,Normal
2026-02-15 18:34:37.454369,Paris-9f5b,35,48,Normal
2026-02-15 18:34:38.454369,Paris-9f5b,40,51,Normal
2026-02-15 18:34:39.454369,Paris-9f5b,41,35,Normal
2026-02-15 18:34:40.454369,Paris-9f5b,-5,29,Normal
2026-02-15 18:34:41.454369,Paris-9f5b,32,7,Normal
2026-02-15 18:34:42.454369,Paris-9f5b,-8,25,Normal
2026-02-15 18:34:43.454369,Paris-9f5b,41,61,Normal
2026-02-15 18:34:44.454369,Paris-9f5b,20,60,Normal
2026-02-15 18:34:45.454369,Paris-9f5b,16,88,Normal
2026-02-15 18:34:46.454369,Paris-9f5b,13,13,Normal
2026-02-15 18:34:47.454369,Paris-9f5b,49,29,Normal
2026-02-15 18:34:48.454369,Paris-9f5b,0,46,Normal
2026-02-15 18:34:49.454369,Paris-9f5b,15,94,Normal
2026-02-15 18:34:50.454369,Paris-9f5b,18,18,Normal
2026-02-15 18:34:51.454369,Paris-9f5b,16,92,Normal
2026-02-15 18:34:52.454369,Paris-9f5b,36,79,Normal
2026-02-15 18:34:53.454369,Paris-9f5b,40,51,Normal
2026-02-15 18:34:54.454369,Paris-9f5b,34,53,Normal
2026-02-15 18:34:55.454369,Paris-9f5b,3,21,Normal
2026-02-15 18:34:56.454369,Paris-9f5b,43,34,Normal
2026-02-15 18:34:57.454369,Paris-9f5b,-13,61,Normal
2026-02-15 18:34:58.454369,Paris-9f5b,-2,86,Normal
2026-02-15 18:34:59.454369,Paris-9f5b,13,72,Normal
2026-02-15 18:35:00.454369,Paris-9f5b,27,96,Normal
2026-02-15 18:35:01.454369,Paris-9f5b,43,63,Normal
2026-02-15 18:35:02.454369,Paris-9f5b,-24,97,Normal
2026-02-15 18:35:03.454369,Paris-9f5b,39,36,Normal
2026-02-15 18:35:04.454369,Paris-9f5b,23,83,Normal
2026-02-15 18:35:05.454369,Paris-9f5b,-12,95,Normal
2026-02-15 18:35:06.454369,Paris-9f5b,-9,7,Normal
2026-02-15 18:35:07.454369,Paris-9f5b,27,9,Normal
2026-02-15 18:35:08.454369,Paris-9f5b,12,87,Normal
2026-02-15 18:35:09.454369,Paris-9f5b,-27,99,Normal
2026-02-15 18:35:10.454369,Paris-9f5b,-10,38,Normal
2026-02-15 18:35:11.454369,Paris-9f5b,15,77,Normal
2026-02-15 18:35:12.454369,Paris-9f5b,21,75,Normal
2026-02-15 18:35:13.454369,Paris-9f5b,45,98,Normal
2026-02-15 18:35:14.454369,Paris-9f5b,17,15,Normal
2026-02-15 18:35:15.454369,Paris-9f5b,21,28,Normal
2026-02-15 18:35:16.454369,Paris-9f5b,30,33,Normal
2026-02-15 18:35:17.454369,Paris-9f5b,42,23,Normal
2026-02-15 18:35:18.454369,Paris-9f5b,-16,13,Normal
2026-02-15 18:35:19.454369,Paris-9f5b,48,19,Normal
2026-02-15 18:35:20.454369,Paris-9f5b,6,85,Normal
2026-02-15 18:35:21.454369,Paris-9f5b,-20,50,Normal
2026-02-15 18:35:22.454369,Paris-9f5b,20,59,Normal
2026-02-15 18:35:23.454369,Paris-9f5b,38,4,Normal
2026-02-15 18:35:24.454369,Paris-9f5b,46,55,Normal
2026-02-15 18:35:25.454369,Paris-9f5b,13,77,Normal
2026-02-15 18:35:26.454369,Paris-9f5b,31,99,Normal
2026-02-15 18:35:27.454369,Paris-9f5b,-6,30,Normal
2026-02-15 18:35:28.454369,Paris-9f5b,-14,46,Normal
2026-02-15 18:35:29.454369,Paris-9f5b,40,11,Normal
2026-02-15 18:35:30.454369,Paris-9f5b,43,42,Normal
2026-02-15 18:35:31.454369,Paris-9f5b,42,28,Normal
2026-02-15 18:35:32.454369,Paris-9f5b,37,11,Normal
2026-02-15 18:35:33.454369,Paris-9f5b,28,98,Normal
2026-02-15 18:35:34.454369,Paris-9f5b,-5,40,Normal
2026-02-15 18:35:35.454369,Paris-9f5b,11,72,Normal
2026-02-15 18:35:36.454369,Paris-9f5b,14,11,Normal
2026-02-15 18:35:37.454369,Paris-9f5b,46,82,Normal
2026-02-15 18:35:38.454369,Paris-9f5b,24,61,Normal
2026-02-15 18:35:39.454369,Paris-9f5b,-17,92,Normal
2026-02-15 18:35:40.454369,Paris-9f5b,34,39,Normal
2026-02-15 18:35:41.454369,Paris-9f5b,-28,17,Normal
2026-02-15 18:35:42.454369,Paris-9f5b,46,85,Normal
2026-02-15 18:35:43.454369,Paris-9f5b,49,26,Normal
2026-02-15 18:35:44.454369,Paris-9f5b,-17,26,Normal
2026-02-15 18:35:45.454369,Paris-9f5b,4,70,Normal
2026-02-15 18:35:46.454369,Paris-9f5b,9,42,Normal
2026-02-15 18:35:47.454369,Paris-9f5b,23,26,Normal
2026-02-15 18:35:48.454369,Paris-9f5b,10,22,Normal
2026-02-15 18:35:49.454369,Paris-9f5b,-10,71,Normal
2026-02-15 18:35:50.454369,Paris-9f5b,-1,9,Normal
2026-02-15 18:35:51.454369,Paris-9f5b,-9,35,Normal
2026-02-15 18:35:52.454369,Paris-9f5b,12,69,Normal
2026-02-15 18:35:53.454369,Paris-9f5b,-8,89,Normal
2026-02-15 18:35:54.454369,Paris-9f5b,37,70,Normal
2026-02-15 18:35:55.454369,Paris-9f5b,-30,95,Normal
2026-02-15 18:35:56.454369,Paris-9f5b,42,46,Normal
2026-02-15 18:35:57.454369,Paris-9f5b,-23,74,Normal
2026-02-15 18:35:58.454369,Paris-9f5b,21,23,Normal
2026-02-15 18:35:59.454369,Paris-9f5b,39,75,Normal
2026-02-15 18:36:00.454369,Paris-9f5b,22,29,Normal
2026-02-15 18:36:01.454369,Paris-9f5b,16,86,Normal
2026-02-15 18:36:02.454369,Paris-9f5b,9,43,Normal
2026-02-15 18:36:03.454369,Paris-9f5b,39,50,Normal
2026-02-15 18:36:04.454369,Paris-9f5b,5,97,Normal
2026-02-15 18:36:05.454369,Paris-9f5b,41,69,Normal
2026-02-15 18:36:06.454369,Paris-9f5b,44,12,Normal
2026-02-15 18:36:07.454369,Paris-9f5b,46,16,Normal
2026-02-15 18:36:08.454369,Paris-9f5b,8,67,Normal
2026-02-15 18:36:09.454369,Paris-9f5b,32,44,Normal
2026-02-15 18:36:10.454369,Paris-9f5b,10,28,Normal
2026-02-15 18:36:11.454369,Paris-9f5b,39,37,Normal
2026-02-15 18:36:12.454369,Paris-9f5b,5,45,Normal
2026-02-15 18:36:13.454369,Paris-9f5b,36,83,Normal
2026-02-15 18:36:14.454369,Paris-9f5b,1,33,Normal
2026-02-15 18:36:15.454369,Paris-9f5b,-30,63,Normal
2026-02-15 18:36:16.454369,Paris-9f5b,20,43,Normal
2026-02-15 18:36:17.454369,Paris-9f5b,-30,91,Normal
2026-02-15 18:36:18.454369,Paris-9f5b,-1,58,Normal
2026-02-15 18:36:19.454369,Paris-9f5b,5,76,Normal
2026-02-15 18:36:20.454369,Paris-9f5b,23,42,Normal
2026-02-15 18:36:21.454369,Paris-9f5b,31,99,Normal
2026-02-15 18:36:22.454369,Paris-9f5b,14,38,Normal
2026-02-15 18:36:23.454369,Paris-9f5b,8,86,Normal
2026-02-15 18:36:24.454369,Paris-9f5b,19,10,Normal
2026-02-15 18:36:25.454369,Paris-9f5b,-21,35,Normal
2026-02-15 18:36:26.454369,Paris-9f5b,33,80,Normal
2026-02-15 18:36:27.454369,Paris-9f5b,15,0,Normal
2026-02-15 18:36:28.454369,Paris-9f5b,-25,76,Normal
2026-02-15 18:36:29.454369,Paris-9f5b,16,97,Normal
2026-02-15 18:36:30.454369,Paris-9f5b,-15,33,Normal
2026-02-15 18:36:31.454369,Paris-9f5b,5,21,Normal
2026-02-15 18:36:32.454369,Paris-9f5b,2,37,Normal
2026-02-15 18:36:33.454369,Paris-9f5b,3,83,Normal
2026-02-15 18:36:34.454369,Paris-9f5b,22,44,Normal
2026-02-15 18:36:35.454369,Paris-9f5b,-4,66,Normal
2026-02-15 18:36:36.454369,Paris-9f5b,-13,62,Normal
2026-02-15 18:36:37.454369,Paris-9f5b,2,46,Normal
2026-02-15 18:36:38.454369,Paris-9f5b,-19,75,Normal
2026-02-15 18:36:39.454369,Paris-9f5b,18,52,Normal
2026-02-15 18:36:40.454369,Paris-9f5b,45,7,Normal
2026-02-15 18:36:41.454369,Paris-9f5b,46,58,Normal
2026-02-15 18:36:42.454369,Paris-9f5b,42,82,Normal
2026-02-15 18:36:43.454369,Paris-9f5b,-6,30,Normal
2026-02-15 18:36:44.454369,Paris-9f5b,-16,77,Normal
2026-02-15 18:36:45.454369,Paris-9f5b,19,38,Normal
2026-02-15 18:36:46.454369,Paris-9f5b,43,43,Normal
2026-02-15 18:36:47.454369,Paris-9f5b,45,59,Normal
2026-02-15 18:36:48.454369,Paris-9f5b,13,84,Normal
2026-02-15 18:36:49.454369,Paris-9f5b,-21,45,Normal
2026-02-15 18:36:50.454369,Paris-9f5b,-13,17,Normal
2026-02-15 18:36:51.454369,Paris-9f5b,-23,17,Normal
2026-02-15 18:36:52.454369,Paris-9f5b,-5,47,Normal
2026-02-15 18:36:53.454369,Paris-9f5b,38,39,Normal
2026-02-15 18:36:54.454369,Paris-9f5b,39,75,Normal
2026-02-15 18:36:55.454369,Paris-9f5b,22,80,Normal
2026-02-15 18:36:56.454369,Paris-9f5b,18,24,Normal
2026-02-15 18:36:57.454369,Paris-9f5b,15,2,Normal
2026-02-15 18:36:58.454369,Paris-9f5b,23,84,Normal
2026-02-15 18:36:59.454369,Paris-9f5b,-21,91,Normal
2026-02-15 18:37:00.454369,Paris-9f5b,-23,85,Normal
2026-02-15 18:37:01.454369,Paris-9f5b,-12,10,Normal
2026-02-15 18:37:02.454369,Paris-9f5b,-17,26,Normal
2026-02-15 18:37:03.454369,Paris-9f5b,12,73,Normal
2026-02-15 18:37:04.454369,Paris-9f5b,1,73,Normal
2026-02-15 18:37:05.454369,Paris-9f5b,20,97,Normal
2026-02-15 18:37:06.454369,Paris-9f5b,-21,13,Normal
2026-02-15 18:37:07.454369,Paris-9f5b,-19,23,Normal
2026-02-15 18:37:08.454369,Paris-9f5b,14,27,Normal
2026-02-15 18:37:09.454369,Paris-9f5b,0,77,Normal
2026-02-15 18:37:10.454369,Paris-9f5b,-17,78,Normal
2026-02-15 18:37:11.454369,Paris-9f5b,-20,31,Normal
2026-02-15 18:37:12.454369,Paris-9f5b,-28,21,Normal
2026-02-15 18:37:13.454369,Paris-9f5b,-12,4,Normal
2026-02-15 18:37:14.454369,Paris-9f5b,12,31,Normal
2026-02-15 18:37:15.454369,Paris-9f5b,-2,51,Normal
2026-02-15 18:37:16.454369,Paris-9f5b,-30,56,Normal
2026-02-15 18:37:17.454369,Paris-9f5b,43,30,Normal
2026-02-15 18:37:18.454369,Paris-9f5b,-5,23,Normal
2026-02-15 18:37:19.454369,Paris-9f5b,-19,29,Normal
2026-02-15 18:37:20.454369,Paris-9f5b,2,21,Normal
2026-02-15 18:37:21.454369,Paris-9f5b,-30,48,Normal
2026-02-15 18:37:22.454369,Paris-9f5b,15,68,Normal
2026-02-15 18:37:23.454369,Paris-9f5b,-23,80,Normal
2026-02-15 18:37:24.454369,Paris-9f5b,26,26,Normal
2026-02-15 18:37:25.454369,Paris-9f5b,36,43,Normal
2026-02-15 18:37:26.454369,Paris-9f5b,17,83,Normal
2026-02-15 18:37:27.454369,Paris-9f5b,29,20,Normal
2026-02-15 18:37:28.454369,Paris-9f5b,17,45,Normal
2026-02-15 18:37:29.454369,Paris-9f5b,41,91,Normal
2026-02-15 18:37:30.454369,Paris-9f5b,26,25,Normal
2026-02-15 18:37:31.454369,Paris-9f5b,-16,97,Normal
2026-02-15 18:37:32.454369,Paris-9f5b,29,82,Normal
2026-02-15 18:37:33.454369,Paris-9f5b,-24,79,Normal
2026-02-15 18:37:34.454369,Paris-9f5b,18,36,Normal
2026-02-15 18:37:35.454369,Paris-9f5b,17,5,Normal
2026-02-15 18:37:36.454369,Paris-9f5b,7,85,Normal
2026-02-15 18:37:37.454369,Paris-9f5b,47,37,Normal
2026-02-15 18:37:38.454369,Paris-9f5b,4,30,Normal
2026-02-15 18:37:39.454369,Paris-9f5b,-27,83,Normal
2026-02-15 18:37:40.454369,Paris-9f5b,-7,73,Normal
2026-02-15 18:37:41.454369,Paris-9f5b,8,59,Normal
2026-02-15 18:37:42.454369,Paris-9f5b,37,95,Normal
2026-02-15 18:37:43.454369,Paris-9f5b,34,49,Normal
2026-02-15 18:37:44.454369,Paris-9f5b,6,100,Normal
2026-02-15 18:37:45.454369,Paris-9f5b,-16,3,Normal
2026-02-15 18:37:46.454369,Paris-9f5b,-23,40,Normal
2026-02-15 18:37:47.454369,Paris-9f5b,34,0,Normal
2026-02-15 18:37:48.454369,Paris-9f5b,31,46,Normal
2026-02-15 18:37:49.454369,Paris-9f5b,28,83,Normal
2026-02-15 18:37:50.454369,Paris-9f5b,-27,100,Normal
2026-02-15 18:37:51.454369,Paris-9f5b,23,74,Normal
2026-02-15 18:37:52.454369,Paris-9f5b,-29,15,Normal
2026-02-15 18:37:53.454369,Paris-9f5b,-1,58,Normal
2026-02-15 18:37:54.454369,Paris-9f5b,41,76,Normal
2026-02-15 18:37:55.454369,Paris-9f5b,39,71,Normal
2026-02-15 18:37:56.454369,Paris-9f5b,5,38,Normal
2026-02-15 18:37:57.454369,Paris-9f5b,11,32,Normal
2026-02-15 18:37:58.454369,Paris-9f5b,-15,100,Normal
2026-02-15 18:37:59.454369,Paris-9f5b,4,87,Normal
2026-02-15 18:38:00.454369,Paris-9f5b,46,84,Normal
2026-02-15 18:38:01.454369,Paris-9f5b,-16,12,Normal
2026-02-15 18:38:02.454369,Paris-9f5b,39,87,Normal
2026-02-15 18:38:03.454369,Paris-9f5b,-4,5,Normal
2026-02-15 18:38:04.454369,Paris-9f5b,-17,97,Normal
2026-02-15 18:38:05.454369,Paris-9f5b,-8,14,Normal
2026-02-15 18:38:06.454369,Paris-9f5b,43,54,Normal
2026-02-15 18:38:07.454369,Paris-9f5b,23,91,Normal
2026-02-15 18:38:08.454369,Paris-9f5b,32,35,Normal
2026-02-15 18:38:09.454369,Paris-9f5b,15,69,Normal
2026-02-15 18:38:10.454369,Paris-9f5b,31,0,Normal
2026-02-15 18:38:11.454369,Paris-9f5b,-21,12,Normal
2026-02-15 18:38:12.454369,Paris-9f5b,6,33,Normal
2026-02-15 18:38:13.454369,Paris-9f5b,-16,5,Normal
2026-02-15 18:38:14.454369,Paris-9f5b,2,39,Normal
2026-02-15 18:38:15.454369,Paris-9f5b,33,11,Normal
2026-02-15 18:38:16.454369,Paris-9f5b,-19,100,Normal
2026-02-15 18:38:17.454369,Paris-9f5b,12,13,Normal
2026-02-15 18:38:18.454369,Paris-9f5b,46,75,Normal
2026-02-15 18:38:19.454369,Paris-9f5b,9,30,Normal
2026-02-15 18:38:20.454369,Paris-9f5b,-6,4,Normal
2026-02-15 18:38:21.454369,Paris-9f5b,33,85,Normal
2026-02-15 18:38:22.454369,Paris-9f5b,44,55,Normal
2026-02-15 18:38:23.454369,Paris-9f5b,38,67,Normal
2026-02-15 18:38:24.454369,Paris-9f5b,44,3,Normal
2026-02-15 18:38:25.454369,Paris-9f5b,8,64,Normal
2026-02-15 18:38:26.454369,Paris-9f5b,22,9,Normal
2026-02-15 18:38:27.454369,Paris-9f5b,26,43,Normal
2026-02-15 18:38:28.454369,Paris-9f5b,0,77,Normal
2026-02-15 18:38:29.454369,Paris-9f5b,-3,83,Normal
2026-02-15 18:38:30.454369,Paris-9f5b,30,11,Normal
2026-02-15 18:38:31.454369,Paris-9f5b,48,66,Normal
2026-02-15 18:38:32.454369,Paris-9f5b,18,73,Normal
2026-02-15 18:38:33.454369,Paris-9f5b,-4,6,Normal
2026-02-15 18:38:34.454369,Paris-9f5b,19,51,Normal
2026-02-15 18:38:35.454369,Paris-9f5b,5,52,Normal
2026-02-15 18:38:36.454369,Paris-9f5b,-2,44,Normal
2026-02-15 18:38:37.454369,Paris-9f5b,45,39,Normal
2026-02-15 18:38:38.454369,Paris-9f5b,34,40,Normal
2026-02-15 18:38:39.454369,Paris-9f5b,-16,99,Normal
2026-02-15 18:38:40.454369,Paris-9f5b,4,27,Normal
2026-02-15 18:38:41.454369,Paris-9f5b,42,53,Normal
2026-02-15 18:38:42.454369,Paris-9f5b,36,76,Normal
2026-02-15 18:38:43.454369,Paris-9f5b,14,5,Normal
2026-02-15 18:38:44.454369,Paris-9f5b,29,24,Normal
2026-02-15 18:38:45.454369,Paris-9f5b,11,6,Normal
2026-02-15 18:38:46.454369,Paris-9f5b,-24,59,Normal
2026-02-15 18:38:47.454369,Paris-9f5b,46,77,Normal
2026-02-15 18:38:48.454369,Paris-9f5b,25,75,Normal
2026-02-15 18:38:49.454369,Paris-9f5b,-3,30,Normal
2026-02-15 18:38:50.454369,Paris-9f5b,38,10,Normal
2026-02-15 18:38:51.454369,Paris-9f5b,33,27,Normal
2026-02-15 18:38:52.454369,Paris-9f5b,9,33,Normal
2026-02-15 18:38:53.454369,Paris-9f5b,34,62,Normal
2026-02-15 18:38:54.454369,Paris-9f5b,48,31,Normal
2026-02-15 18:38:55.454369,Paris-9f5b,4,83,Normal
2026-02-15 18:38:56.454369,Paris-9f5b,33,91,Normal
2026-02-15 18:38:57.454369,Paris-9f5b,32,67,Normal
2026-02-15 18:38:58.454369,Paris-9f5b,-12,84,Normal
2026-02-15 18:38:59.454369,Paris-9f5b,40,51,Normal
2026-02-15 18:39:00.454369,Paris-9f5b,47,21,Normal
2026-02-15 18:39:01.454369,Paris-9f5b,12,13,Normal
2026-02-15 18:39:02.454369,Paris-9f5b,-4,78,Normal
2026-02-15 18:39:03.454369,Paris-9f5b,26,57,Normal
2026-02-15 18:39:04.454369,Paris-9f5b,-24,39,Normal
2026-02-15 18:39:05.454369,Paris-9f5b,-27,84,Normal
2026-02-15 18:39:06.454369,Paris-9f5b,2,89,Normal
2026-02-15 18:39:07.454369,Paris-9f5b,-25,81,Normal
2026-02-15 18:39:08.454369,Paris-9f5b,43,39,Normal
2026-02-15 18:39:09.454369,Paris-9f5b,32,54,Normal
2026-02-15 18:39:10.454369,Paris-9f5b,-21,58,Normal
2026-02-15 18:39:11.454369,Paris-9f5b,49,57,Normal
2026-02-15 18:39:12.454369,Paris-9f5b,33,3,Normal
2026-02-15 18:39:13.454369,Paris-9f5b,-16,85,Normal
2026-02-15 18:39:14.454369,Paris-9f5b,-7,70,Normal
2026-02-15 18:39:15.454369,Paris-9f5b,-14,90,Normal
2026-02-15 18:39:16.454369,Paris-9f5b,2,7,Normal
2026-02-15 18:39:17.454369,Paris-9f5b,-15,100,Normal
2026-02-15 18:39:18.454369,Paris-9f5b,22,88,Normal
2026-02-15 18:39:19.454369,Paris-9f5b,47,7,Normal
2026-02-15 18:39:20.454369,Paris-9f5b,35,69,Normal
2026-02-15 18:39:21.454369,Paris-9f5b,29,72,Normal
2026-02-15 18:39:22.454369,Paris-9f5b,19,20,Normal
2026-02-15 18:39:23.454369,Paris-9f5b,5,23,Normal
2026-02-15 18:39:24.454369,Paris-9f5b,-30,54,Normal
2026-02-15 18:39:25.454369,Paris-9f5b,34,60,Normal
2026-02-15 18:39:26.454369,Paris-9f5b,24,35,Normal
2026-02-15 18:39:27.454369,Paris-9f5b,31,54,Normal
2026-02-15 18:39:28.454369,Paris-9f5b,39,95,Normal
2026-02-15 18:39:29.454369,Paris-9f5b,-22,68,Normal
2026-02-15 18:39:30.454369,Paris-9f5b,49,27,Normal
2026-02-15 18:39:31.454369,Paris-9f5b,45,97,Normal
2026-02-15 18:39:32.454369,Paris-9f5b,-19,90,Normal
2026-02-15 18:39:33.454369,Paris-9f5b,23,32,Normal
2026-02-15 18:39:34.454369,Paris-9f5b,-20,50,Normal
2026-02-15 18:39:35.454369,Paris-9f5b,34,19,Normal
2026-02-15 18:39:36.454369,Paris-9f5b,12,88,Normal
2026-02-15 18:39:37.454369,Paris-9f5b,-29,17,Normal
2026-02-15 18:39:38.454369,Paris-9f5b,22,59,Normal
2026-02-15 18:39:39.454369,Paris-9f5b,-1,35,Normal
2026-02-15 18:39:40.454369,Paris-9f5b,36,16,Normal
2026-02-15 18:39:41.454369,Paris-9f5b,37,67,Normal
2026-02-15 18:39:42.454369,Paris-9f5b,23,35,Normal
2026-02-15 18:39:43.454369,Paris-9f5b,-23,81,Normal
2026-02-15 18:39:44.454369,Paris-9f5b,9,61,Normal
2026-02-15 18:39:45.454369,Paris-9f5b,-2,73,Normal
2026-02-15 18:39:46.454369,Paris-9f5b,3,4,Normal
2026-02-15 18:39:47.454369,Paris-9f5b,32,91,Normal
2026-02-15 18:39:48.454369,Paris-9f5b,-15,35,Normal
2026-02-15 18:39:49.454369,Paris-9f5b,39,36,Normal
2026-02-15 18:39:50.454369,Paris-9f5b,11,33,Normal
2026-02-15 18:39:51.454369,Paris-9f5b,12,18,Normal
2026-02-15 18:39:52.454369,Paris-9f5b,40,12,Normal
2026-02-15 18:39:53.454369,Paris-9f5b,-4,0,Normal
2026-02-15 18:39:54.454369,Paris-9f5b,39,1,Normal
2026-02-15 18:39:55.454369,Paris-9f5b,47,23,Normal
2026-02-15 18:39:56.454369,Paris-9f5b,29,94,Normal
2026-02-15 18:39:57.454369,Paris-9f5b,44,95,Normal
2026-02-15 18:39:58.454369,Paris-9f5b,-27,13,Normal
2026-02-15 18:39:59.454369,Paris-9f5b,17,73,Normal
2026-02-15 18:40:00.454369,Paris-9f5b,34,74,Normal
2026-02-15 18:40:01.454369,Paris-9f5b,40,56,Normal
2026-02-15 18:40:02.454369,Paris-9f5b,25,88,Normal
2026-02-15 18:40:03.454369,Paris-9f5b,26,78,Normal
2026-02-15 18:40:04.454369,Paris-9f5b,31,90,Normal
2026-02-15 18:40:05.454369,Paris-9f5b,3,41,Normal
2026-02-15 18:40:06.454369,Paris-9f5b,0,96,Normal
2026-02-15 18:40:07.454369,Paris-9f5b,-1,86,Normal
2026-02-15 18:40:08.454369,Paris-9f5b,-26,5,Normal
2026-02-15 18:40:09.454369,Paris-9f5b,45,30,Normal
2026-02-15 18:40:10.454369,Paris-9f5b,-19,31,Normal
2026-02-15 18:40:11.454369,Paris-9f5b,14,44,Normal
2026-02-15 18:40:12.454369,Paris-9f5b,17,81,Normal
2026-02-15 18:40:13.454369,Paris-9f5b,26,69,Normal
2026-02-15 18:40:14.454369,Paris-9f5b,29,29,Normal
2026-02-15 18:40:15.454369,Paris-9f5b,43,5,Normal
2026-02-15 18:40:16.454369,Paris-9f5b,16,77,Normal
2026-02-15 18:40:17.454369,Paris-9f5b,-30,79,Normal
2026-02-15 18:40:18.454369,Paris-9f5b,-7,31,Normal
2026-02-15 18:40:19.454369,Paris-9f5b,37,31,Normal
2026-02-15 18:40:20.454369,Paris-9f5b,27,70,Normal
2026-02-15 18:40:21.454369,Paris-9f5b,-16,41,Normal
2026-02-15 18:40:22.454369,Paris-9f5b,-6,28,Normal
2026-02-15 18:40:23.454369,Paris-9f5b,35,27,Normal
2026-02-15 18:40:24.454369,Paris-9f5b,-25,12,Normal
2026-02-15 18:40:25.454369,Paris-9f5b,-27,100,Normal
2026-02-15 18:40:26.454369,Paris-9f5b,49,65,Normal
2026-02-15 18:40:27.454369,Paris-9f5b,4,17,Normal
2026-02-15 18:40:28.454369,Paris-9f5b,14,15,Normal
2026-02-15 18:40:29.454369,Paris-9f5b,-17,40,Normal
2026-02-15 18:40:30.454369,Paris-9f5b,13,68,Normal
2026-02-15 18:40:31.454369,Paris-9f5b,2,22,Normal
2026-02-15 18:40:32.454369,Paris-9f5b,10,82,Normal
2026-02-15 18:40:33.454369,Paris-9f5b,27,44,Normal
2026-02-15 18:40:34.454369,Paris-9f5b,-8,99,Normal
2026-02-15 18:40:35.454369,Paris-9f5b,-3,6,Normal
2026-02-15 18:40:36.454369,Paris-9f5b,31,37,Normal
2026-02-15 18:40:37.454369,Paris-9f5b,13,43,Normal
2026-02-15 18:40:38.454369,Paris-9f5b,-10,66,Normal
2026-02-15 18:40:39.454369,Paris-9f5b,36,29,Normal
2026-02-15 18:40:40.454369,Paris-9f5b,-15,37,Normal
2026-02-15 18:40:41.454369,Paris-9f5b,-4,24,Normal
2026-02-15 18:40:42.454369,Paris-9f5b,2,55,Normal
2026-02-15 18:40:43.454369,Paris-9f5b,-1,57,Normal
2026-02-15 18:40:44.454369,Paris-9f5b,0,13,Normal
2026-02-15 18:40:45.454369,Paris-9f5b,-7,37,Normal
2026-02-15 18:40:46.454369,Paris-9f5b,50,61,Normal
2026-02-15 18:40:47.454369,Paris-9f5b,-13,44,Normal
2026-02-15 18:40:48.454369,Paris-9f5b,13,54,Normal
2026-02-15 18:40:49.454369,Paris-9f5b,42,62,Normal
2026-02-15 18:40:50.454369,Paris-9f5b,19,37,Normal
2026-02-15 18:40:51.454369,Paris-9f5b,13,53,Normal
2026-02-15 18:40:52.454369,Paris-9f5b,-12,56,Normal
2026-02-15 18:40:53.454369,Paris-9f5b,13,37,Normal
2026-02-15 18:40:54.454369,Paris-9f5b,-23,59,Normal
2026-02-15 18:40:55.454369,Paris-9f5b,48,30,Normal
2026-02-15 18:40:56.454369,Paris-9f5b,50,69,Normal
2026-02-15 18:40:57.454369,Paris-9f5b,46,33,Normal
2026-02-15 18:40:58.454369,Paris-9f5b,32,60,Normal
2026-02-15 18:40:59.454369,Paris-9f5b,48,98,Normal
2026-02-15 18:41:00.454369,Paris-9f5b,27,98,Normal
2026-02-15 18:41:01.454369,Paris-9f5b,43,56,Normal
2026-02-15 18:41:02.454369,Paris-9f5b,2,74,Normal
2026-02-15 18:41:03.454369,Paris-9f5b,-20,87,Normal
2026-02-15 18:41:04.454369,Paris-9f5b,-18,32,Normal
2026-02-15 18:41:05.454369,Paris-9f5b,30,46,Normal
2026-02-15 18:41:06.454369,Paris-9f5b,34,70,Normal
2026-02-15 18:41:07.454369,Paris-9f5b,4,26,Normal
2026-02-15 18:41:08.454369,Paris-9f5b,-16,61,Normal
2026-02-15 18:41:09.454369,Paris-9f5b,-15,20,Normal
2026-02-15 18:41:10.454369,Paris-9f5b,-27,92,Normal
2026-02-15 18:41:11.454369,Paris-9f5b,-3,95,Normal
2026-02-15 18:41:12.454369,Paris-9f5b,25,78,Normal
2026-02-15 18:41:13.454369,Paris-9f5b,-14,19,Normal
2026-02-15 18:41:14.454369,Paris-9f5b,-10,71,Normal
2026-02-15 18:41:15.454369,Paris-9f5b,3,17,Normal
2026-02-15 18:41:16.454369,Paris-9f5b,16,63,Normal
2026-02-15 18:41:17.454369,Paris-9f5b,-19,52,Normal
2026-02-15 18:41:18.454369,Paris-9f5b,42,76,Normal
2026-02-15 18:41:19.454369,Paris-9f5b,18,53,Normal
2026-02-15 18:41:20.454369,Paris-9f5b,44,59,Normal
2026-02-15 18:41:21.454369,Paris-9f5b,16,77,Normal
2026-02-15 18:41:22.454369,Paris-9f5b,25,54,Normal
2026-02-15 18:41:23.454369,Paris-9f5b,46,28,Normal
2026-02-15 18:41:24.454369,Paris-9f5b,-28,49,Normal
2026-02-15 18:41:25.454369,Paris-9f5b,-15,97,Normal
2026-02-15 18:41:26.454369,Paris-9f5b,16,78,Normal
2026-02-15 18:41:27.454369,Paris-9f5b,-30,16,Normal
2026-02-15 18:41:28.454369,Paris-9f5b,45,82,Normal
2026-02-15 18:41:29.454369,Paris-9f5b,50,93,Normal
2026-02-15 18:41:30.454369,Paris-9f5b,43,12,Normal
2026-02-15 18:41:31.454369,Paris-9f5b,46,36,Normal
2026-02-15 18:41:32.454369,Paris-9f5b,0,94,Normal
2026-02-15 18:41:33.454369,Paris-9f5b,24,97,Normal
2026-02-15 18:41:34.454369,Paris-9f5b,19,4,Normal
2026-02-15 18:41:35.454369,Paris-9f5b,-9,68,Normal
2026-02-15 18:41:36.454369,Paris-9f5b,-15,79,Normal
2026-02-15 18:41:37.454369,Paris-9f5b,49,86,Normal
2026-02-15 18:41:38.454369,Paris-9f5b,44,34,Normal
2026-02-15 18:41:39.454369,Paris-9f5b,-25,22,Normal
2026-02-15 18:41:40.454369,Paris-9f5b,-2,62,Normal
2026-02-15 18:41:41.454369,Paris-9f5b,9,68,Normal
2026-02-15 18:41:42.454369,Paris-9f5b,9,12,Normal
2026-02-15 18:41:43.454369,Paris-9f5b,24,71,Normal
2026-02-15 18:41:44.454369,Paris-9f5b,31,62,Normal
2026-02-15 18:41:45.454369,Paris-9f5b,21,50,Normal
2026-02-15 18:41:46.454369,Paris-9f5b,25,59,Normal
2026-02-15 18:41:47.454369,Paris-9f5b,33,42,Normal
2026-02-15 18:41:48.454369,Paris-9f5b,48,42,Normal
2026-02-15 18:41:49.454369,Paris-9f5b,36,100,Normal
2026-02-15 18:41:50.454369,Paris-9f5b,-25,90,Normal
2026-02-15 18:41:51.454369,Paris-9f5b,-5,43,Normal
2026-02-15 18:41:52.454369,Paris-9f5b,4,24,Normal
2026-02-15 18:41:53.454369,Paris-9f5b,36,29,Normal
2026-02-15 18:41:54.454369,Paris-9f5b,4,53,Normal
2026-02-15 18:41:55.454369,Paris-9f5b,-22,44,Normal
2026-02-15 18:41:56.454369,Paris-9f5b,8,66,Normal
2026-02-15 18:41:57.454369,Paris-9f5b,49,47,Normal
2026-02-15 18:41:58.454369,Paris-9f5b,27,9,Normal
2026-02-15 18:41:59.454369,Paris-9f5b,36,94,Normal
2026-02-15 18:42:00.454369,Paris-9f5b,6,47,Normal
2026-02-15 18:42:01.454369,Paris-9f5b,33,32,Normal
2026-02-15 18:42:02.454369,Paris-9f5b,-20,72,Normal
2026-02-15 18:42:03.454369,Paris-9f5b,30,14,Normal
2026-02-15 18:42:04.454369,Paris-9f5b,33,56,Normal
2026-02-15 18:42:05.454369,Paris-9f5b,-10,23,Normal
2026-02-15 18:42:06.454369,Paris-9f5b,31,3,Normal
2026-02-15 18:42:07.454369,Paris-9f5b,12,61,Normal
2026-02-15 18:42:08.454369,Paris-9f5b,32,11,Normal
2026-02-15 18:42:09.454369,Paris-9f5b,30,87,Normal
2026-02-15 18:42:10.454369,Paris-9f5b,46,35,Normal
2026-02-15 18:42:11.454369,Paris-9f5b,38,97,Normal
2026-02-15 18:42:12.454369,Paris-9f5b,-17,59,Normal
2026-02-15 18:42:13.454369,Paris-9f5b,-11,22,Normal
2026-02-15 18:42:14.454369,Paris-9f5b,-11,55,Normal
2026-02-15 18:42:15.454369,Paris-9f5b,48,26,Normal
2026-02-15 18:42:16.454369,Paris-9f5b,17,32,Normal
2026-02-15 18:42:17.454369,Paris-9f5b,23,63,Normal
2026-02-15 18:42:18.454369,Paris-9f5b,41,15,Normal
2026-02-15 18:42:19.454369,Paris-9f5b,-17,44,Normal
2026-02-15 18:42:20.454369,Paris-9f5b,4,42,Normal
2026-02-15 18:42:21.454369,Paris-9f5b,17,30,Normal
2026-02-15 18:42:22.454369,Paris-9f5b,-11,42,Normal
2026-02-15 18:42:23.454369,Paris-9f5b,28,74,Normal
2026-02-15 18:42:24.454369,Paris-9f5b,13,34,Normal
2026-02-15 18:42:25.454369,Paris-9f5b,-18,54,Normal
2026-02-15 18:42:26.454369,Paris-9f5b,18,85,Normal
2026-02-15 18:42:27.454369,Paris-9f5b,10,70,Normal
2026-02-15 18:42:28.454369,Paris-9f5b,-3,1,Normal
2026-02-15 18:42:29.454369,Paris-9f5b,4,54,Normal
2026-02-15 18:42:30.454369,Paris-9f5b,18,77,Normal
2026-02-15 18:42:31.454369,Paris-9f5b,-6,7,Normal
2026-02-15 18:42:32.454369,Paris-9f5b,-20,49,Normal
2026-02-15 18:42:33.454369,Paris-9f5b,27,35,Normal
2026-02-15 18:42:34.454369,Paris-9f5b,-18,19,Normal
2026-02-15 18:42:35.454369,Paris-9f5b,40,90,Normal
2026-02-15 18:42:36.454369,Paris-9f5b,-21,70,Normal
2026-02-15 18:42:37.454369,Paris-9f5b,-11,52,Normal
2026-02-15 18:42:38.454369,Paris-9f5b,2,30,Normal
2026-02-15 18:42:39.454369,Paris-9f5b,38,61,Normal
2026-02-15 18:42:40.454369,Paris-9f5b,22,4,Normal
2026-02-15 18:42:41.454369,Paris-9f5b,18,100,Normal
2026-02-15 18:42:42.454369,Paris-9f5b,4,1,Normal
2026-02-15 18:42:43.454369,Paris-9f5b,27,53,Normal
2026-02-15 18:42:44.454369,Paris-9f5b,17,18,Normal
2026-02-15 18:42:45.454369,Paris-9f5b,-19,67,Normal
2026-02-15 18:42:46.454369,Paris-9f5b,-29,98,Normal
2026-02-15 18:42:47.454369,Paris-9f5b,19,60,Normal
2026-02-15 18:42:48.454369,Paris-9f5b,46,0,Normal
2026-02-15 18:42:49.454369,Paris-9f5b,19,74,Normal
2026-02-15 18:42:50.454369,Paris-9f5b,-16,93,Normal
2026-02-15 18:42:51.454369,Paris-9f5b,-12,13,Normal
2026-02-15 18:42:52.454369,Paris-9f5b,-12,70,Normal
2026-02-15 18:42:53.454369,Paris-9f5b,39,5,Normal
2026-02-15 18:42:54.454369,Paris-9f5b,24,90,Normal
2026-02-15 18:42:55.454369,Paris-9f5b,-14,5,Normal
2026-02-15 18:42:56.454369,Paris-9f5b,26,28,Normal
2026-02-15 18:42:57.454369,Paris-9f5b,42,46,Normal
2026-02-15 18:42:58.454369,Paris-9f5b,-13,28,Normal
2026-02-15 18:42:59.454369,Paris-9f5b,-26,28,Normal
2026-02-15 18:43:00.454369,Paris-9f5b,42,11,Normal
2026-02-15 18:43:01.454369,Paris-9f5b,16,89,Normal
2026-02-15 18:43:02.454369,Paris-9f5b,39,19,Normal
2026-02-15 18:43:03.454369,Paris-9f5b,49,29,Normal
2026-02-15 18:43:04.454369,Paris-9f5b,27,98,Normal
2026-02-15 18:43:05.454369,Paris-9f5b,-9,83,Normal
2026-02-15 18:43:06.454369,Paris-9f5b,-5,33,Normal
2026-02-15 18:43:07.454369,Paris-9f5b,-5,52,Normal
2026-02-15 18:43:08.454369,Paris-9f5b,27,92,Normal
2026-02-15 18:43:09.454369,Paris-9f5b,35,84,Normal
2026-02-15 18:43:10.454369,Paris-9f5b,-13,29,Normal
2026-02-15 18:43:11.454369,Paris-9f5b,-23,21,Normal
2026-02-15 18:43:12.454369,Paris-9f5b,18,44,Normal
2026-02-15 18:43:13.454369,Paris-9f5b,-23,50,Normal
2026-02-15 18:43:14.454369,Paris-9f5b,-1,42,Normal
2026-02-15 18:43:15.454369,Paris-9f5b,0,83,Normal
2026-02-15 18:43:16.454369,Paris-9f5b,44,58,Normal
2026-02-15 18:43:17.454369,Paris-9f5b,-25,84,Normal
2026-02-15 18:43:18.454369,Paris-9f5b,-12,69,Normal
2026-02-15 18:43:19.454369,Paris-9f5b,1,81,Normal
2026-02-15 18:43:20.454369,Paris-9f5b,34,28,Normal
2026-02-15 18:43:21.454369,Paris-9f5b,22,82,Normal
2026-02-15 18:43:22.454369,Paris-9f5b,-3,37,Normal
2026-02-15 18:43:23.454369,Paris-9f5b,-2,39,Normal
2026-02-15 18:43:24.454369,Paris-9f5b,-1,82,Normal
2026-02-15 18:43:25.454369,Paris-9f5b,8,18,Normal
2026-02-15 18:43:26.454369,Paris-9f5b,13,21,Normal
2026-02-15 18:43:27.454369,Paris-9f5b,12,29,Normal
2026-02-15 18:43:28.454369,Paris-9f5b,-10,75,Normal
2026-02-15 18:43:29.454369,Paris-9f5b,45,34,Normal
2026-02-15 18:43:30.454369,Paris-9f5b,-27,74,Normal
2026-02-15 18:43:31.454369,Paris-9f5b,21,97,Normal
2026-02-15 18:43:32.454369,Paris-9f5b,0,61,Normal
2026-02-15 18:43:33.454369,Paris-9f5b,48,47,Normal
2026-02-15 18:43:34.454369,Paris-9f5b,-5,13,Normal
2026-02-15 18:43:35.454369,Paris-9f5b,-10,33,Normal
2026-02-15 18:43:36.454369,Paris-9f5b,16,97,Normal
2026-02-15 18:43:37.454369,Paris-9f5b,33,61,Normal
2026-02-15 18:43:38.454369,Paris-9f5b,2,31,Normal
2026-02-15 18:43:39.454369,Paris-9f5b,32,77,Normal
2026-02-15 18:43:40.454369,Paris-9f5b,43,45,Normal
2026-02-15 18:43:41.454369,Paris-9f5b,-21,16,Normal
2026-02-15 18:43:42.454369,Paris-9f5b,-1,53,Normal
2026-02-15 18:43:43.454369,Paris-9f5b,13,83,Normal
2026-02-15 18:43:44.454369,Paris-9f5b,1,4,Normal
2026-02-15 18:43:45.454369,Paris-9f5b,29,34,Normal
2026-02-15 18:43:46.454369,Paris-9f5b,37,98,Normal
2026-02-15 18:43:47.454369,Paris-9f5b,32,67,Normal
2026-02-15 18:43:48.454369,Paris-9f5b,-13,32,Normal
2026-02-15 18:43:49.454369,Paris-9f5b,24,45,Normal
2026-02-15 18:43:50.454369,Paris-9f5b,30,26,Normal
2026-02-15 18:43:51.454369,Paris-9f5b,-10,43,Normal
2026-02-15 18:43:52.454369,Paris-9f5b,34,91,Normal
2026-02-15 18:43:53.454369,Paris-9f5b,49,11,Normal
2026-02-15 18:43:54.454369,Paris-9f5b,29,1,Normal
2026-02-15 18:43:55.454369,Paris-9f5b,45,13,Normal
2026-02-15 18:43:56.454369,Paris-9f5b,-16,98,Normal
2026-02-15 18:43:57.454369,Paris-9f5b,3,8,Normal
2026-02-15 18:43:58.454369,Paris-9f5b,11,31,Normal
2026-02-15 18:43:59.454369,Paris-9f5b,41,87,Normal
2026-02-15 18:44:00.454369,Paris-9f5b,41,66,Normal
2026-02-15 18:44:01.454369,Paris-9f5b,13,57,Normal
2026-02-15 18:44:02.454369,Paris-9f5b,-29,60,Normal
2026-02-15 18:44:03.454369,Paris-9f5b,19,95,Normal
2026-02-15 18:44:04.454369,Paris-9f5b,42,4,Normal
2026-02-15 18:44:05.454369,Paris-9f5b,6,16,Normal
2026-02-15 18:44:06.454369,Paris-9f5b,5,35,Normal
2026-02-15 18:44:07.454369,Paris-9f5b,26,23,Normal
2026-02-15 18:44:08.454369,Paris-9f5b,2,38,Normal
2026-02-15 18:44:09.454369,Paris-9f5b,50,50,Normal
2026-02-15 18:44:10.454369,Paris-9f5b,-19,44,Normal
2026-02-15 18:44:11.454369,Paris-9f5b,37,8,Normal
2026-02-15 18:44:12.454369,Paris-9f5b,6,62,Normal
2026-02-15 18:44:13.454369,Paris-9f5b,24,67,Normal
2026-02-15 18:44:14.454369,Paris-9f5b,40,17,Normal
2026-02-15 18:44:15.454369,Paris-9f5b,-8,18,Normal
2026-02-15 18:44:16.454369,Paris-9f5b,37,22,Normal
2026-02-15 18:44:17.454369,Paris-9f5b,-30,47,Normal
2026-02-15 18:44:18.454369,Paris-9f5b,-5,7,Normal
2026-02-15 18:44:19.454369,Paris-9f5b,45,33,Normal
2026-02-15 18:44:20.454369,Paris-9f5b,22,61,Normal
2026-02-15 18:44:21.454369,Paris-9f5b,-10,21,Normal
2026-02-15 18:44:22.454369,Paris-9f5b,3,42,Normal
2026-02-15 18:44:23.454369,Paris-9f5b,30,92,Normal
2026-02-15 18:44:24.454369,Paris-9f5b,33,87,Normal
2026-02-15 18:44:25.454369,Paris-9f5b,-4,59,Normal
2026-02-15 18:44:26.454369,Paris-9f5b,-17,89,Normal
2026-02-15 18:44:27.454369,Paris-9f5b,34,99,Normal
2026-02-15 18:44:28.454369,Paris-9f5b,39,83,Normal
2026-02-15 18:44:29.454369,Paris-9f5b,28,68,Normal
2026-02-15 18:44:30.454369,Paris-9f5b,31,96,Normal
2026-02-15 18:44:31.454369,Paris-9f5b,-22,32,Normal
2026-02-15 18:44:32.454369,Paris-9f5b,41,42,Normal
2026-02-15 18:44:33.454369,Paris-9f5b,3,8,Normal
2026-02-15 18:44:34.454369,Paris-9f5b,45,47,Normal
2026-02-15 18:44:35.454369,Paris-9f5b,10,40,Normal
2026-02-15 18:44:36.454369,Paris-9f5b,16,39,Normal
2026-02-15 18:44:37.454369,Paris-9f5b,-5,86,Normal
2026-02-15 18:44:38.454369,Paris-9f5b,-7,63,Normal
2026-02-15 18:44:39.454369,Paris-9f5b,-9,40,Normal
2026-02-15 18:44:40.454369,Paris-9f5b,46,54,Normal
2026-02-15 18:44:41.454369,Paris-9f5b,-22,26,Normal
2026-02-15 18:44:42.454369,Paris-9f5b,9,7,Normal
2026-02-15 18:44:43.454369,Paris-9f5b,-17,37,Normal
2026-02-15 18:44:44.454369,Paris-9f5b,32,15,Normal
2026-02-15 18:44:45.454369,Paris-9f5b,-8,53,Normal
2026-02-15 18:44:46.454369,Paris-9f5b,21,18,Normal
2026-02-15 18:44:47.454369,Paris-9f5b,-6,71,Normal
2026-02-15 18:44:48.454369,Paris-9f5b,-7,20,Normal
2026-02-15 18:44:49.454369,Paris-9f5b,0,23,Normal
2026-02-15 18:44:50.454369,Paris-9f5b,-12,88,Normal
2026-02-15 18:44:51.454369,Paris-9f5b,-13,77,Normal
2026-02-15 18:44:52.454369,Paris-9f5b,31,93,Normal
2026-02-15 18:44:53.454369,Paris-9f5b,35,48,Normal
2026-02-15 18:44:54.454369,Paris-9f5b,48,11,Normal
2026-02-15 18:44:55.454369,Paris-9f5b,33,80,Normal
2026-02-15 18:44:56.454369,Paris-9f5b,16,17,Normal
2026-02-15 18:44:57.454369,Paris-9f5b,-25,18,Normal
2026-02-15 18:44:58.454369,Paris-9f5b,29,38,Normal
2026-02-15 18:44:59.454369,Paris-9f5b,2,82,Normal
2026-02-15 18:45:00.454369,Paris-9f5b,-10,14,Normal
2026-02-15 18:45:01.454369,Paris-9f5b,14,64,Normal
2026-02-15 18:45:02.454369,Paris-9f5b,37,37,Normal
2026-02-15 18:45:03.454369,Paris-9f5b,-15,52,Normal
2026-02-15 18:45:04.454369,Paris-9f5b,-10,40,Normal
2026-02-15 18:45:05.454369,Paris-9f5b,-15,15,Normal
2026-02-15 18:45:06.454369,Paris-9f5b,12,0,Normal
2026-02-15 18:45:07.454369,Paris-9f5b,-9,98,Normal
2026-02-15 18:45:08.454369,Paris-9f5b,42,23,Normal
2026-02-15 18:45:09.454369,Paris-9f5b,11,75,Normal
2026-02-15 18:45:10.454369,Paris-9f5b,-9,97,Normal
2026-02-15 18:45:11.454369,Paris-9f5b,17,26,Normal
2026-02-15 18:45:12.454369,Paris-9f5b,23,100,Normal
2026-02-15 18:45:13.454369,Paris-9f5b,23,62,Normal
2026-02-15 18:45:14.454369,Paris-9f5b,32,92,Normal
2026-02-15 18:45:15.454369,Paris-9f5b,-27,12,Normal
2026-02-15 18:45:16.454369,Paris-9f5b,47,65,Normal
2026-02-15 18:45:17.454369,Paris-9f5b,34,40,Normal
2026-02-15 18:45:18.454369,Paris-9f5b,9,78,Normal
2026-02-15 18:45:19.454369,Paris-9f5b,22,31,Normal
2026-02-15 18:45:20.454369,Paris-9f5b,48,18,Normal
2026-02-15 18:45:21.454369,Paris-9f5b,6,39,Normal
2026-02-15 18:45:22.454369,Paris-9f5b,39,8,Normal
2026-02-15 18:45:23.454369,Paris-9f5b,11,31,Normal
2026-02-15 18:45:24.454369,Paris-9f5b,4,18,Normal
2026-02-15 18:45:25.454369,Paris-9f5b,-27,2,Normal
2026-02-15 18:45:26.454369,Paris-9f5b,48,100,Normal
2026-02-15 18:45:27.454369,Paris-9f5b,41,29,Normal
2026-02-15 18:45:28.454369,Paris-9f5b,43,15,Normal
2026-02-15 18:45:29.454369,Paris-9f5b,-13,75,Normal
2026-02-15 18:45:30.454369,Paris-9f5b,8,87,Normal
2026-02-15 18:45:31.454369,Paris-9f5b,31,42,Normal
2026-02-15 18:45:32.454369,Paris-9f5b,-19,10,Normal
2026-02-15 18:45:33.454369,Paris-9f5b,-22,95,Normal
2026-02-15 18:45:34.454369,Paris-9f5b,23,57,Normal
2026-02-15 18:45:35.454369,Paris-9f5b,-7,98,Normal
2026-02-15 18:45:36.454369,Paris-9f5b,3,86,Normal
2026-02-15 18:45:37.454369,Paris-9f5b,49,23,Normal
2026-02-15 18:45:38.454369,Paris-9f5b,-6,32,Normal
2026-02-15 18:45:39.454369,Paris-9f5b,2,20,Normal
2026-02-15 18:45:40.454369,Paris-9f5b,-7,92,Normal
2026-02-15 18:45:41.454369,Paris-9f5b,13,29,Normal
2026-02-15 18:45:42.454369,Paris-9f5b,-8,23,Normal
2026-02-15 18:45:43.454369,Paris-9f5b,-30,84,Normal
2026-02-15 18:45:44.454369,Paris-9f5b,17,82,Normal
2026-02-15 18:45:45.454369,Paris-9f5b,44,57,Normal
2026-02-15 18:45:46.454369,Paris-9f5b,-20,39,Normal
2026-02-15 18:45:47.454369,Paris-9f5b,-11,38,Normal
2026-02-15 18:45:48.454369,Paris-9f5b,-5,97,Normal
2026-02-15 18:45:49.454369,Paris-9f5b,21,86,Normal
2026-02-15 18:45:50.454369,Paris-9f5b,-17,75,Normal
2026-02-15 18:45:51.454369,Paris-9f5b,-19,73,Normal
2026-02-15 18:45:52.454369,Paris-9f5b,4,40,Normal
2026-02-15 18:45:53.454369,Paris-9f5b,-4,39,Normal
2026-02-15 18:45:54.454369,Paris-9f5b,-22,76,Normal
2026-02-15 18:45:55.454369,Paris-9f5b,40,46,Normal
2026-02-15 18:45:56.454369,Paris-9f5b,-29,79,Normal
2026-02-15 18:45:57.454369,Paris-9f5b,-26,78,Normal
2026-02-15 18:45:58.454369,Paris-9f5b,50,33,Normal
2026-02-15 18:45:59.454369,Paris-9f5b,29,2,Normal
2026-02-15 18:46:00.454369,Paris-9f5b,29,4,Normal
2026-02-15 18:46:01.454369,Paris-9f5b,0,79,Normal
2026-02-15 18:46:02.454369,Paris-9f5b,38,16,Normal
2026-02-15 18:46:03.454369,Paris-9f5b,-7,51,Normal
2026-02-15 18:46:04.454369,Paris-9f5b,46,42,Normal
2026-02-15 18:46:05.454369,Paris-9f5b,32,16,Normal
2026-02-15 18:46:06.454369,Paris-9f5b,19,50,Normal
2026-02-15 18:46:07.454369,Paris-9f5b,49,45,Normal
2026-02-15 18:46:08.454369,Paris-9f5b,-24,61,Normal
2026-02-15 18:46:09.454369,Paris-9f5b,36,66,Normal
2026-02-15 18:46:10.454369,Paris-9f5b,32,75,Normal
2026-02-15 18:46:11.454369,Paris-9f5b,-18,45,Normal
2026-02-15 18:46:12.454369,Paris-9f5b,29,50,Normal
2026-02-15 18:46:13.454369,Paris-9f5b,22,34,Normal
2026-02-15 18:46:14.454369,Paris-9f5b,26,18,Normal
2026-02-15 18:46:15.454369,Paris-9f5b,39,41,Normal
2026-02-15 18:46:16.454369,Paris-9f5b,10,66,Normal
2026-02-15 18:46:17.454369,Paris-9f5b,-29,58,Normal
2026-02-15 18:46:18.454369,Paris-9f5b,45,100,Normal
2026-02-15 18:46:19.454369,Paris-9f5b,-15,36,Normal
2026-02-15 18:46:20.454369,Paris-9f5b,4,46,Normal
2026-02-15 18:46:21.454369,Paris-9f5b,35,35,Normal
2026-02-15 18:46:22.454369,Paris-9f5b,43,27,Normal
2026-02-15 18:46:23.454369,Paris-9f5b,16,42,Normal
2026-02-15 18:46:24.454369,Paris-9f5b,16,4,Normal
2026-02-15 18:46:25.454369,Paris-9f5b,16,49,Normal
2026-02-15 18:46:26.454369,Paris-9f5b,24,46,Normal
2026-02-15 18:46:27.454369,Paris-9f5b,6,92,Normal
2026-02-15 18:46:28.454369,Paris-9f5b,19,64,Normal
2026-02-15 18:46:29.454369,Paris-9f5b,-27,62,Normal
2026-02-15 18:46:30.454369,Paris-9f5b,11,3,Normal
2026-02-15 18:46:31.454369,Paris-9f5b,38,8,Normal
2026-02-15 18:46:32.454369,Paris-9f5b,7,74,Normal
2026-02-15 18:46:33.454369,Paris-9f5b,5,63,Normal
2026-02-15 18:46:34.454369,Paris-9f5b,45,45,Normal
2026-02-15 18:46:35.454369,Paris-9f5b,-23,73,Normal
2026-02-15 18:46:36.454369,Paris-9f5b,39,52,Normal
2026-02-15 18:46:37.454369,Paris-9f5b,0,64,Normal
2026-02-15 18:46:38.454369,Paris-9f5b,39,0,Normal
2026-02-15 18:46:39.454369,Paris-9f5b,34,99,Normal
2026-02-15 18:46:40.454369,Paris-9f5b,-15,86,Normal
2026-02-15 18:46:41.454369,Paris-9f5b,19,10,Normal
2026-02-15 18:46:42.454369,Paris-9f5b,-3,47,Normal
2026-02-15 18:46:43.454369,Paris-9f5b,-26,81,Normal
2026-02-15 18:46:44.454369,Paris-9f5b,-10,0,Normal
2026-02-15 18:46:45.454369,Paris-9f5b,-2,83,Normal
2026-02-15 18:46:46.454369,Paris-9f5b,4,37,Normal
2026-02-15 18:46:47.454369,Paris-9f5b,17,30,Normal
2026-02-15 18:46:48.454369,Paris-9f5b,46,1,Normal
2026-02-15 18:46:49.454369,Paris-9f5b,-12,72,Normal
2026-02-15 18:46:50.454369,Paris-9f5b,27,31,Normal
2026-02-15 18:46:51.454369,Paris-9f5b,10,93,Normal
2026-02-15 18:46:52.454369,Paris-9f5b,-24,54,Normal
2026-02-15 18:46:53.454369,Paris-9f5b,37,61,Normal
2026-02-15 18:46:54.454369,Paris-9f5b,-13,57,Normal
2026-02-15 18:46:55.454369,Paris-9f5b,-24,34,Normal
2026-02-15 18:46:56.454369,Paris-9f5b,-19,9,Normal
2026-02-15 18:46:57.454369,Paris-9f5b,50,19,Normal
2026-02-15 18:46:58.454369,Paris-9f5b,-5,20,Normal
2026-02-15 18:46:59.454369,Paris-9f5b,8,37,Normal
2026-02-15 18:47:00.454369,Paris-9f5b,-6,27,Normal
2026-02-15 18:47:01.454369,Paris-9f5b,-16,87,Normal
2026-02-15 18:47:02.454369,Paris-9f5b,-23,68,Normal
2026-02-15 18:47:03.454369,Paris-9f5b,29,0,Normal
2026-02-15 18:47:04.454369,Paris-9f5b,48,54,Normal
2026-02-15 18:47:05.454369,Paris-9f5b,38,18,Normal
2026-02-15 18:47:06.454369,Paris-9f5b,34,13,Normal
2026-02-15 18:47:07.454369,Paris-9f5b,3,52,Normal
2026-02-15 18:47:08.454369,Paris-9f5b,-25,1,Normal
2026-02-15 18:47:09.454369,Paris-9f5b,22,14,Normal
2026-02-15 18:47:10.454369,Paris-9f5b,20,64,Normal
2026-02-15 18:47:11.454369,Paris-9f5b,33,53,Normal
2026-02-15 18:47:12.454369,Paris-9f5b,11,40,Normal
2026-02-15 18:47:13.454369,Paris-9f5b,25,83,Normal
2026-02-15 18:47:14.454369,Paris-9f5b,46,29,Normal
2026-02-15 18:47:15.454369,Paris-9f5b,6,51,Normal
2026-02-15 18:47:16.454369,Paris-9f5b,-18,65,Normal
2026-02-15 18:47:17.454369,Paris-9f5b,-27,2,Normal
2026-02-15 18:47:18.454369,Paris-9f5b,-21,37,Normal
2026-02-15 18:47:19.454369,Paris-9f5b,-6,67,Normal
2026-02-15 18:47:20.454369,Paris-9f5b,-5,72,Normal
2026-02-15 18:47:21.454369,Paris-9f5b,26,66,Normal
2026-02-15 18:47:22.454369,Paris-9f5b,7,68,Normal
2026-02-15 18:47:23.454369,Paris-9f5b,44,46,Normal
2026-02-15 18:47:24.454369,Paris-9f5b,-24,100,Normal
2026-02-15 18:47:25.454369,Paris-9f5b,32,34,Normal
2026-02-15 18:47:26.454369,Paris-9f5b,34,24,Normal
2026-02-15 18:47:27.454369,Paris-9f5b,-8,85,Normal
2026-02-15 18:47:28.454369,Paris-9f5b,11,19,Normal
2026-02-15 18:47:29.454369,Paris-9f5b,36,54,Normal
2026-02-15 18:47:30.454369,Paris-9f5b,40,67,Normal
2026-02-15 18:47:31.454369,Paris-9f5b,1,30,Normal
2026-02-15 18:47:32.454369,Paris-9f5b,36,82,Normal
2026-02-15 18:47:33.454369,Paris-9f5b,23,10,Normal
2026-02-15 18:47:34.454369,Paris-9f5b,-9,29,Normal
2026-02-15 18:47:35.454369,Paris-9f5b,-20,89,Normal
2026-02-15 18:47:36.454369,Paris-9f5b,27,44,Normal
2026-02-15 18:47:37.454369,Paris-9f5b,-26,47,Normal
2026-02-15 18:47:38.454369,Paris-9f5b,-3,85,Normal
2026-02-15 18:47:39.454369,Paris-9f5b,24,37,Normal
2026-02-15 18:47:40.454369,Paris-9f5b,-25,94,Normal
2026-02-15 18:47:41.454369,Paris-9f5b,-22,53,Normal
2026-02-15 18:47:42.454369,Paris-9f5b,-1,23,Normal
2026-02-15 18:47:43.454369,Paris-9f5b,3,90,Normal
2026-02-15 18:47:44.454369,Paris-9f5b,2,26,Normal
2026-02-15 18:47:45.454369,Paris-9f5b,24,57,Normal
2026-02-15 18:47:46.454369,Paris-9f5b,-2,11,Normal
2026-02-15 18:47:47.454369,Paris-9f5b,-3,19,Normal
2026-02-15 18:47:48.454369,Paris-9f5b,44,76,Normal
2026-02-15 18:47:49.454369,Paris-9f5b,47,52,Normal
2026-02-15 18:47:50.454369,Paris-9f5b,7,19,Normal
2026-02-15 18:47:51.454369,Paris-9f5b,37,73,Normal
2026-02-15 18:47:52.454369,Paris-9f5b,-4,76,Normal
2026-02-15 18:47:53.454369,Paris-9f5b,-2,35,Normal
2026-02-15 18:47:54.454369,Paris-9f5b,-7,38,Normal
2026-02-15 18:47:55.454369,Paris-9f5b,39,6,Normal
2026-02-15 18:47:56.454369,Paris-9f5b,41,69,Normal
2026-02-15 18:47:57.454369,Paris-9f5b,-23,9,Normal
2026-02-15 18:47:58.454369,Paris-9f5b,22,54,Normal
2026-02-15 18:47:59.454369,Paris-9f5b,30,34,Normal
2026-02-15 18:48:00.454369,Paris-9f5b,-28,37,Normal
2026-02-15 18:48:01.454369,Paris-9f5b,-30,86,Normal
2026-02-15 18:48:02.454369,Paris-9f5b,30,54,Normal
2026-02-15 18:48:03.454369,Paris-9f5b,-10,71,Normal
2026-02-15 18:48:04.454369,Paris-9f5b,-11,24,Normal
2026-02-15 18:48:05.454369,Paris-9f5b,-22,2,Normal
2026-02-15 18:48:06.454369,Paris-9f5b,-30,48,Normal
2026-02-15 18:48:07.454369,Paris-9f5b,23,6,Normal
2026-02-15 18:48:08.454369,Paris-9f5b,39,41,Normal
2026-02-15 18:48:09.454369,Paris-9f5b,-26,44,Normal
2026-02-15 18:48:10.454369,Paris-9f5b,9,78,Normal
2026-02-15 18:48:11.454369,Paris-9f5b,18,3,Normal
2026-02-15 18:48:12.454369,Paris-9f5b,-23,32,Normal
2026-02-15 18:48:13.454369,Paris-9f5b,-21,52,Normal
2026-02-15 18:48:14.454369,Paris-9f5b,-14,100,Normal
2026-02-15 18:48:15.454369,Paris-9f5b,43,27,Normal
2026-02-15 18:48:16.454369,Paris-9f5b,23,2,Normal
2026-02-15 18:48:17.454369,Paris-9f5b,-24,31,Normal
2026-02-15 18:48:18.454369,Paris-9f5b,35,99,Normal
2026-02-15 18:48:19.454369,Paris-9f5b,48,94,Normal
2026-02-15 18:48:20.454369,Paris-9f5b,3,36,Normal
2026-02-15 18:48:21.454369,Paris-9f5b,10,35,Normal
2026-02-15 18:48:22.454369,Paris-9f5b,26,19,Normal
2026-02-15 18:48:23.454369,Paris-9f5b,38,41,Normal
2026-02-15 18:48:24.454369,Paris-9f5b,-23,66,Normal
2026-02-15 18:48:25.454369,Paris-9f5b,22,88,Normal
2026-02-15 18:48:26.454369,Paris-9f5b,-14,26,Normal
2026-02-15 18:48:27.454369,Paris-9f5b,2,0,Normal
2026-02-15 18:48:28.454369,Paris-9f5b,-28,94,Normal
2026-02-15 18:48:29.454369,Paris-9f5b,-26,72,Normal
2026-02-15 18:48:30.454369,Paris-9f5b,27,13,Normal
2026-02-15 18:48:31.454369,Paris-9f5b,-17,68,Normal
2026-02-15 18:48:32.454369,Paris-9f5b,11,34,Normal
2026-02-15 18:48:33.454369,Paris-9f5b,30,19,Normal
2026-02-15 18:48:34.454369,Paris-9f5b,24,9,Normal
2026-02-15 18:48:35.454369,Paris-9f5b,5,33,Normal
2026-02-15 18:48:36.454369,Paris-9f5b,-11,87,Normal
2026-02-15 18:48:37.454369,Paris-9f5b,-6,95,Normal
2026-02-15 18:48:38.454369,Paris-9f5b,38,91,Normal
2026-02-15 18:48:39.454369,Paris-9f5b,44,57,Normal
2026-02-15 18:48:40.454369,Paris-9f5b,-26,16,Normal
2026-02-15 18:48:41.454369,Paris-9f5b,16,17,Normal
2026-02-15 18:48:42.454369,Paris-9f5b,9,66,Normal
2026-02-15 18:48:43.454369,Paris-9f5b,13,18,Normal
2026-02-15 18:48:44.454369,Paris-9f5b,48,32,Normal
2026-02-15 18:48:45.454369,Paris-9f5b,31,80,Normal
2026-02-15 18:48:46.454369,Paris-9f5b,3,57,Normal
2026-02-15 18:48:47.454369,Paris-9f5b,14,0,Normal
2026-02-15 18:48:48.454369,Paris-9f5b,35,2,Normal
2026-02-15 18:48:49.454369,Paris-9f5b,-6,19,Normal
2026-02-15 18:48:50.454369,Paris-9f5b,16,62,Normal
2026-02-15 18:48:51.454369,Paris-9f5b,5,93,Normal
2026-02-15 18:48:52.454369,Paris-9f5b,41,87,Normal
2026-02-15 18:48:53.454369,Paris-9f5b,22,77,Normal
2026-02-15 18:48:54.454369,Paris-9f5b,-28,30,Normal
2026-02-15 18:48:55.454369,Paris-9f5b,-16,77,Normal
2026-02-15 18:48:56.454369,Paris-9f5b,-13,7,Normal
2026-02-15 18:48:57.454369,Paris-9f5b,-28,47,Normal
2026-02-15 18:48:58.454369,Paris-9f5b,23,55,Normal
2026-02-15 18:48:59.454369,Paris-9f5b,15,43,Normal
2026-02-15 18:49:00.454369,Paris-9f5b,36,82,Normal
2026-02-15 18:49:01.454369,Paris-9f5b,-1,92,Normal
2026-02-15 18:49:02.454369,Paris-9f5b,0,82,Normal
2026-02-15 18:49:03.454369,Paris-9f5b,5,93,Normal
2026-02-15 18:49:04.454369,Paris-9f5b,25,32,Normal
2026-02-15 18:49:05.454369,Paris-9f5b,-5,32,Normal
2026-02-15 18:49:06.454369,Paris-9f5b,0,88,Normal
2026-02-15 18:49:07.454369,Paris-9f5b,-11,32,Normal
2026-02-15 18:49:08.454369,Paris-9f5b,-13,27,Normal
2026-02-15 18:49:09.454369,Paris-9f5b,-16,31,Normal
2026-02-15 18:49:10.454369,Paris-9f5b,-29,57,Normal
2026-02-15 18:49:11.454369,Paris-9f5b,-30,67,Normal
2026-02-15 18:49:12.454369,Paris-9f5b,1,15,Normal
2026-02-15 18:49:13.454369,Paris-9f5b,-30,29,Normal
2026-02-15 18:49:14.454369,Paris-9f5b,-30,59,Normal
2026-02-15 18:49:15.454369,Paris-9f5b,32,68,Normal
2026-02-15 18:49:16.454369,Paris-9f5b,17,44,Normal
2026-02-15 18:49:17.454369,Paris-9f5b,22,90,Normal
2026-02-15 18:49:18.454369,Paris-9f5b,-1,2,Normal
2026-02-15 18:49:19.454369,Paris-9f5b,6,37,Normal
2026-02-15 18:49:20.454369,Paris-9f5b,36,88,Normal
2026-02-15 18:49:21.454369,Paris-9f5b,15,89,Normal
2026-02-15 18:49:22.454369,Paris-9f5b,23,78,Normal
2026-02-15 18:49:23.454369,Paris-9f5b,34,8,Normal
2026-02-15 18:49:24.454369,Paris-9f5b,27,70,Normal
2026-02-15 18:49:25.454369,Paris-9f5b,-14,64,Normal
2026-02-15 18:49:26.454369,Paris-9f5b,-12,79,Normal
2026-02-15 18:49:27.454369,Paris-9f5b,1,77,Normal
2026-02-15 18:49:28.454369,Paris-9f5b,25,100,Normal
2026-02-15 18:49:29.454369,Paris-9f5b,20,97,Normal
2026-02-15 18:49:30.454369,Paris-9f5b,46,6,Normal
2026-02-15 18:49:31.454369,Paris-9f5b,3,40,Normal
2026-02-15 18:49:32.454369,Paris-9f5b,-4,85,Normal
2026-02-15 18:49:33.454369,Paris-9f5b,11,58,Normal
2026-02-15 18:49:34.454369,Paris-9f5b,9,55,Normal
2026-02-15 18:49:35.454369,Paris-9f5b,38,8,Normal
2026-02-15 18:49:36.454369,Paris-9f5b,5,27,Normal
2026-02-15 18:49:37.454369,Paris-9f5b,20,43,Normal
2026-02-15 18:49:38.454369,Paris-9f5b,4,37,Normal
2026-02-15 18:49:39.454369,Paris-9f5b,5,32,Normal
2026-02-15 18:49:40.454369,Paris-9f5b,32,70,Normal
2026-02-15 18:49:41.454369,Paris-9f5b,24,82,Normal
2026-02-15 18:49:42.454369,Paris-9f5b,13,17,Normal
2026-02-15 18:49:43.454369,Paris-9f5b,39,13,Normal
2026-02-15 18:49:44.454369,Paris-9f5b,5,50,Normal
2026-02-15 18:49:45.454369,Paris-9f5b,-10,45,Normal
2026-02-15 18:49:46.454369,Paris-9f5b,-19,97,Normal
2026-02-15 18:49:47.454369,Paris-9f5b,35,63,Normal
2026-02-15 18:49:48.454369,Paris-9f5b,-11,51,Normal
2026-02-15 18:49:49.454369,Paris-9f5b,-12,8,Normal
2026-02-15 18:49:50.454369,Paris-9f5b,10,15,Normal
2026-02-15 18:49:51.454369,Paris-9f5b,-24,94,Normal
2026-02-15 18:49:52.454369,Paris-9f5b,29,42,Normal
2026-02-15 18:49:53.454369,Paris-9f5b,35,83,Normal
2026-02-15 18:49:54.454369,Paris-9f5b,-24,74,Normal
2026-02-15 18:49:55.454369,Paris-9f5b,-4,6,Normal
2026-02-15 18:49:56.454369,Paris-9f5b,-21,22,Normal
2026-02-15 18:49:57.454369,Paris-9f5b,36,89,Normal
2026-02-15 18:49:58.454369,Paris-9f5b,-9,72,Normal
2026-02-15 18:49:59.454369,Paris-9f5b,-16,7,Normal
2026-02-15 18:50:00.454369,Paris-9f5b,4,53,Normal
2026-02-15 18:50:01.454369,Paris-9f5b,29,84,Normal
2026-02-15 18:50:02.454369,Paris-9f5b,50,83,Normal
2026-02-15 18:50:03.454369,Paris-9f5b,37,60,Normal
2026-02-15 18:50:04.454369,Paris-9f5b,7,4,Normal
2026-02-15 18:50:05.454369,Paris-9f5b,19,94,Normal
2026-02-15 18:50:06.454369,Paris-9f5b,-12,31,Normal
2026-02-15 18:50:07.454369,Paris-9f5b,-17,48,Normal
2026-02-15 18:50:08.454369,Paris-9f5b,-9,66,Normal
2026-02-15 18:50:09.454369,Paris-9f5b,48,14,Normal
2026-02-15 18:50:10.454369,Paris-9f5b,11,84,Normal
2026-02-15 18:50:11.454369,Paris-9f5b,-3,8,Normal
2026-02-15 18:50:12.454369,Paris-9f5b,39,7,Normal
2026-02-15 18:50:13.454369,Paris-9f5b,7,2,Normal
2026-02-15 18:50:14.454369,Paris-9f5b,16,53,Normal
2026-02-15 18:50:15.454369,Paris-9f5b,-5,26,Normal
2026-02-15 18:50:16.454369,Paris-9f5b,-12,53,Normal
2026-02-15 18:50:17.454369,Paris-9f5b,24,87,Normal
2026-02-15 18:50:18.454369,Paris-9f5b,2,22,Normal
2026-02-15 18:50:19.454369,Paris-9f5b,-10,28,Normal
2026-02-15 18:50:20.454369,Paris-9f5b,-26,28,Normal
2026-02-15 18:50:21.454369,Paris-9f5b,47,47,Normal
2026-02-15 18:50:22.454369,Paris-9f5b,-14,71,Normal
2026-02-15 18:50:23.454369,Paris-9f5b,23,50,Normal
2026-02-15 18:50:24.454369,Paris-9f5b,50,15,Normal
2026-02-15 18:50:25.454369,Paris-9f5b,-4,21,Normal
2026-02-15 18:50:26.454369,Paris-9f5b,-7,53,Normal
2026-02-15 18:50:27.454369,Paris-9f5b,23,99,Normal
2026-02-15 18:50:28.454369,Paris-9f5b,1,20,Normal
2026-02-15 18:50:29.454369,Paris-9f5b,28,17,Normal
2026-02-15 18:50:30.454369,Paris-9f5b,37,1,Normal
2026-02-15 18:50:31.454369,Paris-9f5b,16,100,Normal
2026-02-15 18:50:32.454369,Paris-9f5b,-13,21,Normal
2026-02-15 18:50:33.454369,Paris-9f5b,32,34,Normal
2026-02-15 18:50:34.454369,Paris-9f5b,-2,77,Normal
2026-02-15 18:50:35.454369,Paris-9f5b,5,3,Normal
2026-02-15 18:50:36.454369,Paris-9f5b,4,49,Normal
2026-02-15 18:50:37.454369,Paris-9f5b,-5,28,Normal
2026-02-15 18:50:38.454369,Paris-9f5b,19,36,Normal
2026-02-15 18:50:39.454369,Paris-9f5b,5,34,Normal
2026-02-15 18:50:40.454369,Paris-9f5b,6,18,Normal
2026-02-15 18:50:41.454369,Paris-9f5b,26,37,Normal
2026-02-15 18:50:42.454369,Paris-9f5b,-16,98,Normal
2026-02-15 18:50:43.454369,Paris-9f5b,-5,59,Normal
2026-02-15 18:50:44.454369,Paris-9f5b,48,40,Normal
2026-02-15 18:50:45.454369,Paris-9f5b,-9,35,Normal
2026-02-15 18:50:46.454369,Paris-9f5b,26,40,Normal
2026-02-15 18:50:47.454369,Paris-9f5b,-3,38,Normal
2026-02-15 18:50:48.454369,Paris-9f5b,22,10,Normal
2026-02-15 18:50:49.454369,Paris-9f5b,-13,85,Normal
2026-02-15 18:50:50.454369,Paris-9f5b,-16,89,Normal
2026-02-15 18:50:51.454369,Paris-9f5b,18,60,Normal
2026-02-15 18:50:52.454369,Paris-9f5b,50,2,Normal
2026-02-15 18:50:53.454369,Paris-9f5b,45,46,Normal
2026-02-15 18:50:54.454369,Paris-9f5b,-15,96,Normal
2026-02-15 18:50:55.454369,Paris-9f5b,-22,76,Normal
2026-02-15 18:50:56.454369,Paris-9f5b,-23,9,Normal
2026-02-15 18:50:57.454369,Paris-9f5b,28,94,Normal
2026-02-15 18:50:58.454369,Paris-9f5b,44,86,Normal
2026-02-15 18:50:59.454369,Paris-9f5b,6,38,Normal
2026-02-15 18:51:00.454369,Paris-9f5b,-12,6,Normal
2026-02-15 18:51:01.454369,Paris-9f5b,44,81,Normal
2026-02-15 18:51:02.454369,Paris-9f5b,-13,38,Normal
2026-02-15 18:51:03.454369,Paris-9f5b,48,25,Normal
2026-02-15 18:51:04.454369,Paris-9f5b,-18,17,Normal
2026-02-15 18:51:05.454369,Paris-9f5b,23,72,Normal
2026-02-15 18:51:06.454369,Paris-9f5b,-3,75,Normal
2026-02-15 18:51:07.454369,Paris-9f5b,-2,34,Normal
2026-02-15 18:51:08.454369,Paris-9f5b,-10,45,Normal
2026-02-15 18:51:09.454369,Paris-9f5b,9,3,Normal
2026-02-15 18:51:10.454369,Paris-9f5b,22,35,Normal
2026-02-15 18:51:11.454369,Paris-9f5b,-24,80,Normal
2026-02-15 18:51:12.454369,Paris-9f5b,14,53,Normal
2026-02-15 18:51:13.454369,Paris-9f5b,38,52,Normal
2026-02-15 18:51:14.454369,Paris-9f5b,28,5,Normal
2026-02-15 18:51:15.454369,Paris-9f5b,26,24,Normal
2026-02-15 18:51:16.454369,Paris-9f5b,16,49,Normal
2026-02-15 18:51:17.454369,Paris-9f5b,21,44,Normal
2026-02-15 18:51:18.454369,Paris-9f5b,10,52,Normal
2026-02-15 18:51:19.454369,Paris-9f5b,39,29,Normal
2026-02-15 18:51:20.454369,Paris-9f5b,9,9,Normal
2026-02-15 18:51:21.454369,Paris-9f5b,-30,51,Normal
2026-02-15 18:51:22.454369,Paris-9f5b,-27,37,Normal
2026-02-15 18:51:23.454369,Paris-9f5b,-3,77,Normal
2026-02-15 18:51:24.454369,Paris-9f5b,-8,47,Normal
2026-02-15 18:51:25.454369,Paris-9f5b,9,17,Normal
2026-02-15 18:51:26.454369,Paris-9f5b,-19,49,Normal
2026-02-15 18:51:27.454369,Paris-9f5b,43,69,Normal
2026-02-15 18:51:28.454369,Paris-9f5b,-10,44,Normal
2026-02-15 18:51:29.454369,Paris-9f5b,18,10,Normal
2026-02-15 18:51:30.454369,Paris-9f5b,30,56,Normal
2026-02-15 18:51:31.454369,Paris-9f5b,-27,99,Normal
2026-02-15 18:51:32.454369,Paris-9f5b,-16,63,Normal
2026-02-15 18:51:33.454369,Paris-9f5b,-28,27,Normal
2026-02-15 18:51:34.454369,Paris-9f5b,-4,84,Normal
2026-02-15 18:51:35.454369,Paris-9f5b,-25,89,Normal
2026-02-15 18:51:36.454369,Paris-9f5b,-10,92,Normal
2026-02-15 18:51:37.454369,Paris-9f5b,49,99,Normal
2026-02-15 18:51:38.454369,Paris-9f5b,1,70,Normal
2026-02-15 18:51:39.454369,Paris-9f5b,46,9,Normal
2026-02-15 18:51:40.454369,Paris-9f5b,0,51,Normal
2026-02-15 18:51:41.454369,Paris-9f5b,-2,65,Normal
2026-02-15 18:51:42.454369,Paris-9f5b,25,77,Normal
2026-02-15 18:51:43.454369,Paris-9f5b,-16,98,Normal
2026-02-15 18:51:44.454369,Paris-9f5b,-10,48,Normal
2026-02-15 18:51:45.454369,Paris-9f5b,34,75,Normal
2026-02-15 18:51:46.454369,Paris-9f5b,38,47,Normal
2026-02-15 18:51:47.454369,Paris-9f5b,4,100,Normal
2026-02-15 18:51:48.454369,Paris-9f5b,40,81,Normal
2026-02-15 18:51:49.454369,Paris-9f5b,-13,29,Normal
2026-02-15 18:51:50.454369,Paris-9f5b,-11,99,Normal
2026-02-15 18:51:51.454369,Paris-9f5b,-6,47,Normal
2026-02-15 18:51:52.454369,Paris-9f5b,-18,72,Normal
2026-02-15 18:51:53.454369,Paris-9f5b,-4,39,Normal
2026-02-15 18:51:54.454369,Paris-9f5b,17,0,Normal
2026-02-15 18:51:55.454369,Paris-9f5b,-13,48,Normal
2026-02-15 18:51:56.454369,Paris-9f5b,23,46,Normal
2026-02-15 18:51:57.454369,Paris-9f5b,-21,7,Normal
2026-02-15 18:51:58.454369,Paris-9f5b,-28,54,Normal
2026-02-15 18:51:59.454369,Paris-9f5b,49,52,Normal
2026-02-15 18:52:00.454369,Paris-9f5b,-17,67,Normal
2026-02-15 18:52:01.454369,Paris-9f5b,35,86,Normal
2026-02-15 18:52:02.454369,Paris-9f5b,-18,5,Normal
2026-02-15 18:52:03.454369,Paris-9f5b,39,57,Normal
2026-02-15 18:52:04.454369,Paris-9f5b,29,21,Normal
2026-02-15 18:52:05.454369,Paris-9f5b,-8,21,Normal
2026-02-15 18:52:06.454369,Paris-9f5b,11,51,Normal
2026-02-15 18:52:07.454369,Paris-9f5b,-29,31,Normal
2026-02-15 18:52:08.454369,Paris-9f5b,-13,41,Normal
2026-02-15 18:52:09.454369,Paris-9f5b,17,75,Normal
2026-02-15 18:52:10.454369,Paris-9f5b,36,31,Normal
2026-02-15 18:52:11.454369,Paris-9f5b,6,72,Normal
2026-02-15 18:52:12.454369,Paris-9f5b,11,83,Normal
2026-02-15 18:52:13.454369,Paris-9f5b,8,44,Normal
2026-02-15 18:52:14.454369,Paris-9f5b,-26,92,Normal
2026-02-15 18:52:15.454369,Paris-9f5b,46,20,Normal
2026-02-15 18:52:16.454369,Paris-9f5b,21,86,Normal
2026-02-15 18:52:17.454369,Paris-9f5b,-10,61,Normal
2026-02-15 18:52:18.454369,Paris-9f5b,41,38,Normal
2026-02-15 18:52:19.454369,Paris-9f5b,46,80,Normal
2026-02-15 18:52:20.454369,Paris-9f5b,-6,33,Normal
2026-02-15 18:52:21.454369,Paris-9f5b,34,12,Normal
2026-02-15 18:52:22.454369,Paris-9f5b,-1,41,Normal
2026-02-15 18:52:23.454369,Paris-9f5b,-20,66,Normal
2026-02-15 18:52:24.454369,Paris-9f5b,23,100,Normal
2026-02-15 18:52:25.454369,Paris-9f5b,-11,26,Normal
2026-02-15 18:52:26.454369,Paris-9f5b,3,30,Normal
2026-02-15 18:52:27.454369,Paris-9f5b,-12,3,Normal
2026-02-15 18:52:28.454369,Paris-9f5b,43,99,Normal
2026-02-15 18:52:29.454369,Paris-9f5b,31,43,Normal
2026-02-15 18:52:30.454369,Paris-9f5b,2,12,Normal
2026-02-15 18:52:31.454369,Paris-9f5b,-28,3,Normal
2026-02-15 18:52:32.454369,Paris-9f5b,-13,33,Normal
2026-02-15 18:52:33.454369,Paris-9f5b,-10,0,Normal
2026-02-15 18:52:34.454369,Paris-9f5b,50,10,Normal
2026-02-15 18:52:35.454369,Paris-9f5b,42,34,Normal
2026-02-15 18:52:36.454369,Paris-9f5b,27,95,Normal
2026-02-15 18:52:37.454369,Paris-9f5b,-27,66,Normal
2026-02-15 18:52:38.454369,Paris-9f5b,-3,85,Normal
2026-02-15 18:52:39.454369,Paris-9f5b,-9,18,Normal
2026-02-15 18:52:40.454369,Paris-9f5b,46,86,Normal
2026-02-15 18:52:41.454369,Paris-9f5b,-15,9,Normal
2026-02-15 18:52:42.454369,Paris-9f5b,16,37,Normal
2026-02-15 18:52:43.454369,Paris-9f5b,13,12,Normal
2026-02-15 18:52:44.454369,Paris-9f5b,-28,5,Normal
2026-02-15 18:52:45.454369,Paris-9f5b,19,79,Normal
2026-02-15 18:52:46.454369,Paris-9f5b,23,97,Normal
2026-02-15 18:52:47.454369,Paris-9f5b,29,82,Normal
2026-02-15 18:52:48.454369,Paris-9f5b,-20,87,Normal
2026-02-15 18:52:49.454369,Paris-9f5b,18,24,Normal
2026-02-15 18:52:50.454369,Paris-9f5b,-26,30,Normal
2026-02-15 18:52:51.454369,Paris-9f5b,30,87,Normal
2026-02-15 18:52:52.454369,Paris-9f5b,13,16,Normal
2026-02-15 18:52:53.454369,Paris-9f5b,9,59,Normal
2026-02-15 18:52:54.454369,Paris-9f5b,11,95,Normal
2026-02-15 18:52:55.454369,Paris-9f5b,47,76,Normal
2026-02-15 18:52:56.454369,Paris-9f5b,25,50,Normal
2026-02-15 18:52:57.454369,Paris-9f5b,-26,31,Normal
2026-02-15 18:52:58.454369,Paris-9f5b,-30,32,Normal
2026-02-15 18:52:59.454369,Paris-9f5b,42,35,Normal
2026-02-15 18:53:00.454369,Paris-9f5b,-17,61,Normal
2026-02-15 18:53:01.454369,Paris-9f5b,17,3,Normal
2026-02-15 18:53:02.454369,Paris-9f5b,-7,41,Normal
2026-02-15 18:53:03.454369,Paris-9f5b,44,82,Normal
2026-02-15 18:53:04.454369,Paris-9f5b,41,21,Normal
2026-02-15 18:53:05.454369,Paris-9f5b,2,25,Normal
2026-02-15 18:53:06.454369,Paris-9f5b,43,46,Normal
2026-02-15 18:53:07.454369,Paris-9f5b,-10,35,Normal
2026-02-15 18:53:08.454369,Paris-9f5b,6,23,Normal
2026-02-15 18:53:09.454369,Paris-9f5b,32,50,Normal
2026-02-15 18:53:10.454369,Paris-9f5b,34,83,Normal
2026-02-15 18:53:11.454369,Paris-9f5b,-2,74,Normal
2026-02-15 18:53:12.454369,Paris-9f5b,30,30,Normal
2026-02-15 18:53:13.454369,Paris-9f5b,-26,26,Normal
2026-02-15 18:53:14.454369,Paris-9f5b,14,72,Normal
2026-02-15 18:53:15.454369,Paris-9f5b,-15,76,Normal
2026-02-15 18:53:16.454369,Paris-9f5b,-8,15,Normal
2026-02-15 18:53:17.454369,Paris-9f5b,17,16,Normal
2026-02-15 18:53:18.454369,Paris-9f5b,-9,84,Normal
2026-02-15 18:53:19.454369,Paris-9f5b,-23,85,Normal
2026-02-15 18:53:20.454369,Paris-9f5b,49,93,Normal
2026-02-15 18:53:21.454369,Paris-9f5b,9,75,Normal
2026-02-15 18:53:22.454369,Paris-9f5b,-24,46,Normal
2026-02-15 18:53:23.454369,Paris-9f5b,31,93,Normal
2026-02-15 18:53:24.454369,Paris-9f5b,50,60,Normal
2026-02-15 18:53:25.454369,Paris-9f5b,-13,21,Normal
2026-02-15 18:53:26.454369,Paris-9f5b,36,74,Normal
2026-02-15 18:53:27.454369,Paris-9f5b,48,37,Normal
2026-02-15 18:53:28.454369,Paris-9f5b,7,69,Normal
2026-02-15 18:53:29.454369,Paris-9f5b,6,92,Normal
2026-02-15 18:53:30.454369,Paris-9f5b,37,67,Normal
2026-02-15 18:53:31.454369,Paris-9f5b,13,3,Normal
2026-02-15 18:53:32.454369,Paris-9f5b,18,99,Normal
2026-02-15 18:53:33.454369,Paris-9f5b,20,12,Normal
2026-02-15 18:53:34.454369,Paris-9f5b,32,83,Normal
2026-02-15 18:53:35.454369,Paris-9f5b,-14,86,Normal
2026-02-15 18:53:36.454369,Paris-9f5b,-25,87,Normal
2026-02-15 18:53:37.454369,Paris-9f5b,15,76,Normal
2026-02-15 18:53:38.454369,Paris-9f5b,-27,55,Normal
2026-02-15 18:53:39.454369,Paris-9f5b,-20,90,Normal
2026-02-15 18:53:40.454369,Paris-9f5b,28,10,Normal
2026-02-15 18:53:41.454369,Paris-9f5b,-24,66,Normal
2026-02-15 18:53:42.454369,Paris-9f5b,20,79,Normal
2026-02-15 18:53:43.454369,Paris-9f5b,-2,60,Normal
2026-02-15 18:53:44.454369,Paris-9f5b,24,3,Normal
2026-02-15 18:53:45.454369,Paris-9f5b,18,65,Normal
2026-02-15 18:53:46.454369,Paris-9f5b,-15,36,Normal
2026-02-15 18:53:47.454369,Paris-9f5b,43,18,Normal
2026-02-15 18:53:48.454369,Paris-9f5b,35,62,Normal
2026-02-15 18:53:49.454369,Paris-9f5b,49,38,Normal
2026-02-15 18:53:50.454369,Paris-9f5b,0,86,Normal
2026-02-15 18:53:51.454369,Paris-9f5b,32,89,Normal
2026-02-15 18:53:52.454369,Paris-9f5b,0,90,Normal
2026-02-15 18:53:53.454369,Paris-9f5b,42,57,Normal
2026-02-15 18:53:54.454369,Paris-9f5b,41,89,Normal
2026-02-15 18:53:55.454369,Paris-9f5b,33,92,Normal
2026-02-15 18:53:56.454369,Paris-9f5b,22,79,Normal
2026-02-15 18:53:57.454369,Paris-9f5b,1,65,Normal
2026-02-15 18:53:58.454369,Paris-9f5b,-7,15,Normal
2026-02-15 18:53:59.454369,Paris-9f5b,-13,46,Normal
2026-02-15 18:54:00.454369,Paris-9f5b,8,34,Normal
2026-02-15 18:54:01.454369,Paris-9f5b,14,46,Normal
2026-02-15 18:54:02.454369,Paris-9f5b,42,42,Normal
2026-02-15 18:54:03.454369,Paris-9f5b,-1,30,Normal
2026-02-15 18:54:04.454369,Paris-9f5b,47,1,Normal
2026-02-15 18:54:05.454369,Paris-9f5b,20,33,Normal
2026-02-15 18:54:06.454369,Paris-9f5b,39,47,Normal
2026-02-15 18:54:07.454369,Paris-9f5b,0,62,Normal
2026-02-15 18:54:08.454369,Paris-9f5b,-8,23,Normal
2026-02-15 18:54:09.454369,Paris-9f5b,14,93,Normal
2026-02-15 18:54:10.454369,Paris-9f5b,38,69,Normal
2026-02-15 18:54:11.454369,Paris-9f5b,-5,51,Normal
2026-02-15 18:54:12.454369,Paris-9f5b,-5,71,Normal
2026-02-15 18:54:13.454369,Paris-9f5b,10,36,Normal
2026-02-15 18:54:14.454369,Paris-9f5b,-20,77,Normal
2026-02-15 18:54:15.454369,Paris-9f5b,49,54,Normal
2026-02-15 18:54:16.454369,Paris-9f5b,-12,62,Normal
2026-02-15 18:54:17.454369,Paris-9f5b,1,59,Normal
2026-02-15 18:54:18.454369,Paris-9f5b,12,37,Normal
2026-02-15 18:54:19.454369,Paris-9f5b,5,56,Normal
2026-02-15 18:54:20.454369,Paris-9f5b,17,74,Normal
2026-02-15 18:54:21.454369,Paris-9f5b,50,60,Normal
2026-02-15 18:54:22.454369,Paris-9f5b,-25,28,Normal
2026-02-15 18:54:23.454369,Paris-9f5b,-30,18,Normal
2026-02-15 18:54:24.454369,Paris-9f5b,-21,40,Normal
2026-02-15 18:54:25.454369,Paris-9f5b,-1,64,Normal
2026-02-15 18:54:26.454369,Paris-9f5b,50,22,Normal
2026-02-15 18:54:27.454369,Paris-9f5b,-5,16,Normal
2026-02-15 18:54:28.454369,Paris-9f5b,38,56,Normal
2026-02-15 18:54:29.454369,Paris-9f5b,-7,85,Normal
2026-02-15 18:54:30.454369,Paris-9f5b,13,23,Normal
2026-02-15 18:54:31.454369,Paris-9f5b,-25,19,Normal
2026-02-15 18:54:32.454369,Paris-9f5b,11,0,Normal
2026-02-15 18:54:33.454369,Paris-9f5b,7,19,Normal
2026-02-15 18:54:34.454369,Paris-9f5b,-10,5,Normal
2026-02-15 18:54:35.454369,Paris-9f5b,-23,42,Normal
2026-02-15 18:54:36.454369,Paris-9f5b,49,35,Normal
2026-02-15 18:54:37.454369,Paris-9f5b,36,2,Normal
2026-02-15 18:54:38.454369,Paris-9f5b,10,81,Normal
2026-02-15 18:54:39.454369,Paris-9f5b,-9,60,Normal
2026-02-15 18:54:40.454369,Paris-9f5b,23,2,Normal
2026-02-15 18:54:41.454369,Paris-9f5b,6,54,Normal
2026-02-15 18:54:42.454369,Paris-9f5b,24,62,Normal
2026-02-15 18:54:43.454369,Paris-9f5b,-15,55,Normal
2026-02-15 18:54:44.454369,Paris-9f5b,15,14,Normal
2026-02-15 18:54:45.454369,Paris-9f5b,-10,55,Normal
2026-02-15 18:54:46.454369,Paris-9f5b,13,9,Normal
2026-02-15 18:54:47.454369,Paris-9f5b,2,58,Normal
2026-02-15 18:54:48.454369,Paris-9f5b,-4,21,Normal
2026-02-15 18:54:49.454369,Paris-9f5b,-9,85,Normal
2026-02-15 18:54:50.454369,Paris-9f5b,-7,5,Normal
2026-02-15 18:54:51.454369,Paris-9f5b,-22,71,Normal
2026-02-15 18:54:52.454369,Paris-9f5b,14,25,Normal
2026-02-15 18:54:53.454369,Paris-9f5b,-10,80,Normal
2026-02-15 18:54:54.454369,Paris-9f5b,14,5,Normal
2026-02-15 18:54:55.454369,Paris-9f5b,2,59,Normal
2026-02-15 18:54:56.454369,Paris-9f5b,-18,86,Normal
2026-02-15 18:54:57.454369,Paris-9f5b,-10,24,Normal
2026-02-15 18:54:58.454369,Paris-9f5b,47,55,Normal
2026-02-15 18:54:59.454369,Paris-9f5b,22,70,Normal
2026-02-15 18:55:00.454369,Paris-9f5b,8,71,Normal
2026-02-15 18:55:01.454369,Paris-9f5b,-12,59,Normal
2026-02-15 18:55:02.454369,Paris-9f5b,49,54,Normal
2026-02-15 18:55:03.454369,Paris-9f5b,15,20,Normal
2026-02-15 18:55:04.454369,Paris-9f5b,26,20,Normal
2026-02-15 18:55:05.454369,Paris-9f5b,-10,79,Normal
2026-02-15 18:55:06.454369,Paris-9f5b,13,64,Normal
2026-02-15 18:55:07.454369,Paris-9f5b,-14,36,Normal
2026-02-15 18:55:08.454369,Paris-9f5b,11,93,Normal
2026-02-15 18:55:09.454369,Paris-9f5b,-19,90,Normal
2026-02-15 18:55:10.454369,Paris-9f5b,-25,31,Normal
2026-02-15 18:55:11.454369,Paris-9f5b,25,59,Normal
2026-02-15 18:55:12.454369,Paris-9f5b,31,85,Normal
2026-02-15 18:55:13.454369,Paris-9f5b,27,80,Normal
2026-02-15 18:55:14.454369,Paris-9f5b,38,92,Normal
2026-02-15 18:55:15.454369,Paris-9f5b,6,94,Normal
2026-02-15 18:55:16.454369,Paris-9f5b,11,94,Normal
2026-02-15 18:55:17.454369,Paris-9f5b,38,36,Normal
2026-02-15 18:55:18.454369,Paris-9f5b,46,97,Normal
2026-02-15 18:55:19.454369,Paris-9f5b,15,75,Normal
2026-02-15 18:55:20.454369,Paris-9f5b,48,55,Normal
2026-02-15 18:55:21.454369,Paris-9f5b,-30,98,Normal
2026-02-15 18:55:22.454369,Paris-9f5b,8,3,Normal
2026-02-15 18:55:23.454369,Paris-9f5b,-2,78,Normal
2026-02-15 18:55:24.454369,Paris-9f5b,46,65,Normal
2026-02-15 18:55:25.454369,Paris-9f5b,-8,58,Normal
2026-02-15 18:55:26.454369,Paris-9f5b,3,14,Normal
2026-02-15 18:55:27.454369,Paris-9f5b,13,53,Normal
2026-02-15 18:55:28.454369,Paris-9f5b,22,1,Normal
2026-02-15 18:55:29.454369,Paris-9f5b,20,14,Normal
2026-02-15 18:55:30.454369,Paris-9f5b,33,45,Normal
2026-02-15 18:55:31.454369,Paris-9f5b,-1,48,Normal
2026-02-15 18:55:32.454369,Paris-9f5b,-17,11,Normal
2026-02-15 18:55:33.454369,Paris-9f5b,-15,53,Normal
2026-02-15 18:55:34.454369,Paris-9f5b,45,16,Normal
2026-02-15 18:55:35.454369,Paris-9f5b,-18,80,Normal
2026-02-15 18:55:36.454369,Paris-9f5b,-12,30,Normal
2026-02-15 18:55:37.454369,Paris-9f5b,8,67,Normal
2026-02-15 18:55:38.454369,Paris-9f5b,8,70,Normal
2026-02-15 18:55:39.454369,Paris-9f5b,-21,83,Normal
2026-02-15 18:55:40.454369,Paris-9f5b,39,100,Normal
2026-02-15 18:55:41.454369,Paris-9f5b,-28,76,Normal
2026-02-15 18:55:42.454369,Paris-9f5b,48,20,Normal
2026-02-15 18:55:43.454369,Paris-9f5b,45,35,Normal
2026-02-15 18:55:44.454369,Paris-9f5b,37,94,Normal
2026-02-15 18:55:45.454369,Paris-9f5b,23,59,Normal
2026-02-15 18:55:46.454369,Paris-9f5b,-7,14,Normal
2026-02-15 18:55:47.454369,Paris-9f5b,19,79,Normal
2026-02-15 18:55:48.454369,Paris-9f5b,27,67,Normal
2026-02-15 18:55:49.454369,Paris-9f5b,10,80,Normal
2026-02-15 18:55:50.454369,Paris-9f5b,-20,9,Normal
2026-02-15 18:55:51.454369,Paris-9f5b,7,3,Normal
2026-02-15 18:55:52.454369,Paris-9f5b,-16,53,Normal
2026-02-15 18:55:53.454369,Paris-9f5b,8,48,Normal
2026-02-15 18:55:54.454369,Paris-9f5b,45,44,Normal
2026-02-15 18:55:55.454369,Paris-9f5b,26,20,Normal
2026-02-15 18:55:56.454369,Paris-9f5b,37,33,Normal
2026-02-15 18:55:57.454369,Paris-9f5b,10,53,Normal
2026-02-15 18:55:58.454369,Paris-9f5b,29,9,Normal
2026-02-15 18:55:59.454369,Paris-9f5b,5,16,Normal
2026-02-15 18:56:00.454369,Paris-9f5b,49,80,Normal
2026-02-15 18:56:01.454369,Paris-9f5b,-2,48,Normal
2026-02-15 18:56:02.454369,Paris-9f5b,31,32,Normal
2026-02-15 18:56:03.454369,Paris-9f5b,22,57,Normal
2026-02-15 18:56:04.454369,Paris-9f5b,0,10,Normal
2026-02-15 18:56:05.454369,Paris-9f5b,-3,16,Normal
2026-02-15 18:56:06.454369,Paris-9f5b,3,84,Normal
2026-02-15 18:56:07.454369,Paris-9f5b,2,63,Normal
2026-02-15 18:56:08.454369,Paris-9f5b,11,81,Normal
2026-02-15 18:56:09.454369,Paris-9f5b,-10,93,Normal
2026-02-15 18:56:10.454369,Paris-9f5b,-16,80,Normal
2026-02-15 18:56:11.454369,Paris-9f5b,-5,90,Normal
2026-02-15 18:56:12.454369,Paris-9f5b,11,41,Normal
2026-02-15 18:56:13.454369,Paris-9f5b,26,82,Normal
2026-02-15 18:56:14.454369,Paris-9f5b,-15,39,Normal
2026-02-15 18:56:15.454369,Paris-9f5b,25,93,Normal
2026-02-15 18:56:16.454369,Paris-9f5b,37,65,Normal
2026-02-15 18:56:17.454369,Paris-9f5b,39,2,Normal
2026-02-15 18:56:18.454369,Paris-9f5b,-22,0,Normal
2026-02-15 18:56:19.454369,Paris-9f5b,25,68,Normal
2026-02-15 18:56:20.454369,Paris-9f5b,49,43,Normal
2026-02-15 18:56:21.454369,Paris-9f5b,46,97,Normal
2026-02-15 18:56:22.454369,Paris-9f5b,14,27,Normal
2026-02-15 18:56:23.454369,Paris-9f5b,-6,38,Normal
2026-02-15 18:56:24.454369,Paris-9f5b,40,15,Normal
2026-02-15 18:56:25.454369,Paris-9f5b,2,25,Normal
2026-02-15 18:56:26.454369,Paris-9f5b,-17,2,Normal
2026-02-15 18:56:27.454369,Paris-9f5b,42,96,Normal
2026-02-15 18:56:28.454369,Paris-9f5b,50,10,Normal
2026-02-15 18:56:29.454369,Paris-9f5b,-28,20,Normal
2026-02-15 18:56:30.454369,Paris-9f5b,-5,21,Normal
2026-02-15 18:56:31.454369,Paris-9f5b,-16,24,Normal
2026-02-15 18:56:32.454369,Paris-9f5b,39,61,Normal
2026-02-15 18:56:33.454369,Paris-9f5b,1,73,Normal
2026-02-15 18:56:34.454369,Paris-9f5b,-2,44,Normal
2026-02-15 18:56:35.454369,Paris-9f5b,-22,42,Normal
2026-02-15 18:56:36.454369,Paris-9f5b,18,68,Normal
2026-02-15 18:56:37.454369,Paris-9f5b,4,43,Normal
2026-02-15 18:56:38.454369,Paris-9f5b,24,98,Normal
2026-02-15 18:56:39.454369,Paris-9f5b,-5,50,Normal
2026-02-15 18:56:40.454369,Paris-9f5b,21,60,Normal
2026-02-15 18:56:41.454369,Paris-9f5b,50,45,Normal
2026-02-15 18:56:42.454369,Paris-9f5b,-16,72,Normal
2026-02-15 18:56:43.454369,Paris-9f5b,37,37,Normal
2026-02-15 18:56:44.454369,Paris-9f5b,30,92,Normal
2026-02-15 18:56:45.454369,Paris-9f5b,50,95,Normal
2026-02-15 18:56:46.454369,Paris-9f5b,40,69,Normal
2026-02-15 18:56:47.454369,Paris-9f5b,17,98,Normal
2026-02-15 18:56:48.454369,Paris-9f5b,-10,73,Normal
2026-02-15 18:56:49.454369,Paris-9f5b,32,55,Normal
2026-02-15 18:56:50.454369,Paris-9f5b,42,95,Normal
2026-02-15 18:56:51.454369,Paris-9f5b,-16,6,Normal
2026-02-15 18:56:52.454369,Paris-9f5b,-19,3,Normal
2026-02-15 18:56:53.454369,Paris-9f5b,39,2,Normal
2026-02-15 18:56:54.454369,Paris-9f5b,47,83,Normal
2026-02-15 18:56:55.454369,Paris-9f5b,-27,92,Normal
2026-02-15 18:56:56.454369,Paris-9f5b,25,49,Normal
2026-02-15 18:56:57.454369,Paris-9f5b,2,44,Normal
2026-02-15 18:56:58.454369,Paris-9f5b,-1,67,Normal
2026-02-15 18:56:59.454369,Paris-9f5b,-15,65,Normal
2026-02-15 18:57:00.454369,Paris-9f5b,8,1,Normal
2026-02-15 18:57:01.454369,Paris-9f5b,46,92,Normal
2026-02-15 18:57:02.454369,Paris-9f5b,-7,33,Normal
2026-02-15 18:57:03.454369,Paris-9f5b,-25,23,Normal
2026-02-15 18:57:04.454369,Paris-9f5b,15,54,Normal
2026-02-15 18:57:05.454369,Paris-9f5b,35,1,Normal
2026-02-15 18:57:06.454369,Paris-9f5b,22,72,Normal
2026-02-15 18:57:07.454369,Paris-9f5b,18,35,Normal
2026-02-15 18:57:08.454369,Paris-9f5b,12,24,Normal
2026-02-15 18:57:09.454369,Paris-9f5b,2,49,Normal
2026-02-15 18:57:10.454369,Paris-9f5b,16,47,Normal
2026-02-15 18:57:11.454369,Paris-9f5b,23,44,Normal
2026-02-15 18:57:12.454369,Paris-9f5b,16,66,Normal
2026-02-15 18:57:13.454369,Paris-9f5b,43,23,Normal
2026-02-15 18:57:14.454369,Paris-9f5b,40,76,Normal
2026-02-15 18:57:15.454369,Paris-9f5b,19,21,Normal
2026-02-15 18:57:16.454369,Paris-9f5b,-3,49,Normal
2026-02-15 18:57:17.454369,Paris-9f5b,-30,65,Normal
2026-02-15 18:57:18.454369,Paris-9f5b,35,70,Normal
2026-02-15 18:57:19.454369,Paris-9f5b,49,38,Normal
2026-02-15 18:57:20.454369,Paris-9f5b,25,74,Normal
2026-02-15 18:57:21.454369,Paris-9f5b,38,64,Normal
2026-02-15 18:57:22.454369,Paris-9f5b,-20,72,Normal
2026-02-15 18:57:23.454369,Paris-9f5b,20,8,Normal
2026-02-15 18:57:24.454369,Paris-9f5b,13,78,Normal
2026-02-15 18:57:25.454369,Paris-9f5b,45,3,Normal
2026-02-15 18:57:26.454369,Paris-9f5b,14,13,Normal
2026-02-15 18:57:27.454369,Paris-9f5b,37,72,Normal
2026-02-15 18:57:28.454369,Paris-9f5b,4,71,Normal
2026-02-15 18:57:29.454369,Paris-9f5b,-1,80,Normal
2026-02-15 18:57:30.454369,Paris-9f5b,-2,31,Normal
2026-02-15 18:57:31.454369,Paris-9f5b,-4,91,Normal
2026-02-15 18:57:32.454369,Paris-9f5b,10,53,Normal
2026-02-15 18:57:33.454369,Paris-9f5b,-15,79,Normal
2026-02-15 18:57:34.454369,Paris-9f5b,38,72,Normal
2026-02-15 18:57:35.454369,Paris-9f5b,45,39,Normal
2026-02-15 18:57:36.454369,Paris-9f5b,-18,8,Normal
2026-02-15 18:57:37.454369,Paris-9f5b,21,85,Normal
2026-02-15 18:57:38.454369,Paris-9f5b,-24,93,Normal
2026-02-15 18:57:39.454369,Paris-9f5b,13,40,Normal
2026-02-15 18:57:40.454369,Paris-9f5b,-17,8,Normal
2026-02-15 18:57:41.454369,Paris-9f5b,32,33,Normal
2026-02-15 18:57:42.454369,Paris-9f5b,-12,42,Normal
2026-02-15 18:57:43.454369,Paris-9f5b,18,9,Normal
2026-02-15 18:57:44.454369,Paris-9f5b,-16,20,Normal
2026-02-15 18:57:45.454369,Paris-9f5b,44,81,Normal
2026-02-15 18:57:46.454369,Paris-9f5b,38,90,Normal
2026-02-15 18:57:47.454369,Paris-9f5b,21,19,Normal
2026-02-15 18:57:48.454369,Paris-9f5b,0,60,Normal
2026-02-15 18:57:49.454369,Paris-9f5b,-7,46,Normal
2026-02-15 18:57:50.454369,Paris-9f5b,17,43,Normal
2026-02-15 18:57:51.454369,Paris-9f5b,-4,48,Normal
2026-02-15 18:57:52.454369,Paris-9f5b,42,21,Normal
2026-02-15 18:57:53.454369,Paris-9f5b,-22,46,Normal
2026-02-15 18:57:54.454369,Paris-9f5b,4,84,Normal
2026-02-15 18:57:55.454369,Paris-9f5b,23,41,Normal
2026-02-15 18:57:56.454369,Paris-9f5b,-13,24,Normal
2026-02-15 18:57:57.454369,Paris-9f5b,49,37,Normal
2026-02-15 18:57:58.454369,Paris-9f5b,38,39,Normal
2026-02-15 18:57:59.454369,Paris-9f5b,0,92,Normal
2026-02-15 18:58:00.454369,Paris-9f5b,49,55,Normal
2026-02-15 18:58:01.454369,Paris-9f5b,31,97,Normal
2026-02-15 18:58:02.454369,Paris-9f5b,-16,86,Normal
2026-02-15 18:58:03.454369,Paris-9f5b,29,70,Normal
2026-02-15 18:58:04.454369,Paris-9f5b,-13,85,Normal
2026-02-15 18:58:05.454369,Paris-9f5b,-3,64,Normal
2026-02-15 18:58:06.454369,Paris-9f5b,-11,1,Normal
2026-02-15 18:58:07.454369,Paris-9f5b,27,69,Normal
2026-02-15 18:58:08.454369,Paris-9f5b,45,82,Normal
2026-02-15 18:58:09.454369,Paris-9f5b,-13,99,Normal
2026-02-15 18:58:10.454369,Paris-9f5b,44,76,Normal
2026-02-15 18:58:11.454369,Paris-9f5b,37,59,Normal
2026-02-15 18:58:12.454369,Paris-9f5b,-6,54,Normal
2026-02-15 18:58:13.454369,Paris-9f5b,5,37,Normal
2026-02-15 18:58:14.454369,Paris-9f5b,14,92,Normal
2026-02-15 18:58:15.454369,Paris-9f5b,17,41,Normal
2026-02-15 18:58:16.454369,Paris-9f5b,-12,51,Normal
2026-02-15 18:58:17.454369,Paris-9f5b,33,15,Normal
2026-02-15 18:58:18.454369,Paris-9f5b,38,3,Normal
2026-02-15 18:58:19.454369,Paris-9f5b,47,100,Normal
2026-02-15 18:58:20.454369,Paris-9f5b,49,28,Normal
2026-02-15 18:58:21.454369,Paris-9f5b,38,29,Normal
2026-02-15 18:58:22.454369,Paris-9f5b,-27,93,Normal
2026-02-15 18:58:23.454369,Paris-9f5b,46,9,Normal
2026-02-15 18:58:24.454369,Paris-9f5b,-15,16,Normal
2026-02-15 18:58:25.454369,Paris-9f5b,0,66,Normal
2026-02-15 18:58:26.454369,Paris-9f5b,25,37,Normal
2026-02-15 18:58:27.454369,Paris-9f5b,26,62,Normal
2026-02-15 18:58:28.454369,Paris-9f5b,8,8,Normal
2026-02-15 18:58:29.454369,Paris-9f5b,-18,85,Normal
2026-02-15 18:58:30.454369,Paris-9f5b,24,25,Normal
2026-02-15 18:58:31.454369,Paris-9f5b,29,18,Normal
2026-02-15 18:58:32.454369,Paris-9f5b,32,55,Normal
2026-02-15 18:58:33.454369,Paris-9f5b,-19,75,Normal
2026-02-15 18:58:34.454369,Paris-9f5b,-19,60,Normal
2026-02-15 18:58:35.454369,Paris-9f5b,-9,1,Normal
2026-02-15 18:58:36.454369,Paris-9f5b,14,40,Normal
2026-02-15 18:58:37.454369,Paris-9f5b,-27,9,Normal
2026-02-15 18:58:38.454369,Paris-9f5b,26,98,Normal
2026-02-15 18:58:39.454369,Paris-9f5b,-2,82,Normal
2026-02-15 18:58:40.454369,Paris-9f5b,39,5,Normal
2026-02-15 18:58:41.454369,Paris-9f5b,37,57,Normal
2026-02-15 18:58:42.454369,Paris-9f5b,3,46,Normal
2026-02-15 18:58:43.454369,Paris-9f5b,32,99,Normal
2026-02-15 18:58:44.454369,Paris-9f5b,21,98,Normal
2026-02-15 18:58:45.454369,Paris-9f5b,-14,93,Normal
2026-02-15 18:58:46.454369,Paris-9f5b,11,46,Normal
2026-02-15 18:58:47.454369,Paris-9f5b,-14,68,Normal
2026-02-15 18:58:48.454369,Paris-9f5b,43,48,Normal
2026-02-15 18:58:49.454369,Paris-9f5b,27,11,Normal
2026-02-15 18:58:50.454369,Paris-9f5b,-23,1,Normal
2026-02-15 18:58:51.454369,Paris-9f5b,49,55,Normal
2026-02-15 18:58:52.454369,Paris-9f5b,-23,21,Normal
2026-02-15 18:58:53.454369,Paris-9f5b,-5,26,Normal
2026-02-15 18:58:54.454369,Paris-9f5b,7,81,Normal
2026-02-15 18:58:55.454369,Paris-9f5b,-13,63,Normal
2026-02-15 18:58:56.454369,Paris-9f5b,0,74,Normal
2026-02-15 18:58:57.454369,Paris-9f5b,29,6,Normal
2026-02-15 18:58:58.454369,Paris-9f5b,10,6,Normal
2026-02-15 18:58:59.454369,Paris-9f5b,4,58,Normal
2026-02-15 18:59:00.454369,Paris-9f5b,39,42,Normal
2026-02-15 18:59:01.454369,Paris-9f5b,1,77,Normal
2026-02-15 18:59:02.454369,Paris-9f5b,-20,98,Normal
2026-02-15 18:59:03.454369,Paris-9f5b,8,100,Normal
2026-02-15 18:59:04.454369,Paris-9f5b,-9,12,Normal
2026-02-15 18:59:05.454369,Paris-9f5b,-14,43,Normal
2026-02-15 18:59:06.454369,Paris-9f5b,2,60,Normal
2026-02-15 18:59:07.454369,Paris-9f5b,33,62,Normal
2026-02-15 18:59:08.454369,Paris-9f5b,-22,30,Normal
2026-02-15 18:59:09.454369,Paris-9f5b,21,79,Normal
2026-02-15 18:59:10.454369,Paris-9f5b,-3,36,Normal
2026-02-15 18:59:11.454369,Paris-9f5b,1,69,Normal
2026-02-15 18:59:12.454369,Paris-9f5b,-17,19,Normal
2026-02-15 18:59:13.454369,Paris-9f5b,-30,71,Normal
2026-02-15 18:59:14.454369,Paris-9f5b,18,16,Normal
2026-02-15 18:59:15.454369,Paris-9f5b,-17,80,Normal
2026-02-15 18:59:16.454369,Paris-9f5b,-17,64,Normal
2026-02-15 18:59:17.454369,Paris-9f5b,18,48,Normal
2026-02-15 18:59:18.454369,Paris-9f5b,23,57,Normal
2026-02-15 18:59:19.454369,Paris-9f5b,-25,29,Normal
2026-02-15 18:59:20.454369,Paris-9f5b,-29,26,Normal
2026-02-15 18:59:21.454369,Paris-9f5b,-22,24,Normal
2026-02-15 18:59:22.454369,Paris-9f5b,1,23,Normal
2026-02-15 18:59:23.454369,Paris-9f5b,23,66,Normal
2026-02-15 18:59:24.454369,Paris-9f5b,-22,51,Normal
2026-02-15 18:59:25.454369,Paris-9f5b,38,4,Normal
2026-02-15 18:59:26.454369,Paris-9f5b,-17,80,Normal
2026-02-15 18:59:27.454369,Paris-9f5b,43,47,Normal
2026-02-15 18:59:28.454369,Paris-9f5b,-23,30,Normal
2026-02-15 18:59:29.454369,Paris-9f5b,28,52,Normal
2026-02-15 18:59:30.454369,Paris-9f5b,29,57,Normal
2026-02-15 18:59:31.454369,Paris-9f5b,38,68,Normal
2026-02-15 18:59:32.454369,Paris-9f5b,37,41,Normal
2026-02-15 18:59:33.454369,Paris-9f5b,45,8,Normal
2026-02-15 18:59:34.454369,Paris-9f5b,41,97,Normal
2026-02-15 18:59:35.454369,Paris-9f5b,-13,36,Normal
2026-02-15 18:59:36.454369,Paris-9f5b,15,9,Normal
2026-02-15 18:59:37.454369,Paris-9f5b,2,42,Normal
2026-02-15 18:59:38.454369,Paris-9f5b,-22,93,Normal
2026-02-15 18:59:39.454369,Paris-9f5b,3,77,Normal
2026-02-15 18:59:40.454369,Paris-9f5b,-21,47,Normal
2026-02-15 18:59:41.454369,Paris-9f5b,18,1,Normal
2026-02-15 18:59:42.454369,Paris-9f5b,-7,66,Normal
2026-02-15 18:59:43.454369,Paris-9f5b,29,17,Normal
2026-02-15 18:59:44.454369,Paris-9f5b,25,63,Normal
2026-02-15 18:59:45.454369,Paris-9f5b,42,97,Normal
2026-02-15 18:59:46.454369,Paris-9f5b,6,54,Normal
2026-02-15 18:59:47.454369,Paris-9f5b,39,53,Normal
2026-02-15 18:59:48.454369,Paris-9f5b,3,16,Normal
2026-02-15 18:59:49.454369,Paris-9f5b,-22,40,Normal
2026-02-15 18:59:50.454369,Paris-9f5b,-18,72,Normal
2026-02-15 18:59:51.454369,Paris-9f5b,-25,8,Normal
2026-02-15 18:59:52.454369,Paris-9f5b,39,37,Normal
2026-02-15 18:59:53.454369,Paris-9f5b,7,14,Normal
2026-02-15 18:59:54.454369,Paris-9f5b,9,34,Normal
2026-02-15 18:59:55.454369,Paris-9f5b,48,51,Normal
2026-02-15 18:59:56.454369,Paris-9f5b,-12,62,Normal
2026-02-15 18:59:57.454369,Paris-9f5b,-27,20,Normal
2026-02-15 18:59:58.454369,Paris-9f5b,0,74,Normal
2026-02-15 18:59:59.454369,Paris-9f5b,44,14,Normal
2026-02-15 19:00:00.454369,Paris-9f5b,5,88,Normal
2026-02-15 19:00:01.454369,Paris-9f5b,-15,8,Normal
2026-02-15 19:00:02.454369,Paris-9f5b,-28,29,Normal
2026-02-15 19:00:03.454369,Paris-9f5b,-28,96,Normal
2026-02-15 19:00:04.454369,Paris-9f5b,-21,88,Normal
2026-02-15 19:00:05.454369,Paris-9f5b,-27,49,Normal
2026-02-15 19:00:06.454369,Paris-9f5b,10,44,Normal
2026-02-15 19:00:07.454369,Paris-9f5b,38,50,Normal
2026-02-15 19:00:08.454369,Paris-9f5b,8,84,Normal
2026-02-15 19:00:09.454369,Paris-9f5b,-6,35,Normal
2026-02-15 19:00:10.454369,Paris-9f5b,46,22,Normal
2026-02-15 19:00:11.454369,Paris-9f5b,35,95,Normal
2026-02-15 19:00:12.454369,Paris-9f5b,7,93,Normal
2026-02-15 19:00:13.454369,Paris-9f5b,37,31,Normal
2026-02-15 19:00:14.454369,Paris-9f5b,-26,79,Normal
2026-02-15 19:00:15.454369,Paris-9f5b,-3,25,Normal
2026-02-15 19:00:16.454369,Paris-9f5b,-11,43,Normal
2026-02-15 19:00:17.454369,Paris-9f5b,-4,22,Normal
2026-02-15 19:00:18.454369,Paris-9f5b,1,57,Normal
2026-02-15 19:00:19.454369,Paris-9f5b,31,73,Normal
2026-02-15 19:00:20.454369,Paris-9f5b,45,55,Normal
2026-02-15 19:00:21.454369,Paris-9f5b,17,12,Normal
2026-02-15 19:00:22.454369,Paris-9f5b,-5,26,Normal
2026-02-15 19:00:23.454369,Paris-9f5b,25,43,Normal
2026-02-15 19:00:24.454369,Paris-9f5b,48,20,Normal
2026-02-15 19:00:25.454369,Paris-9f5b,13,99,Normal
2026-02-15 19:00:26.454369,Paris-9f5b,-21,43,Normal
2026-02-15 19:00:27.454369,Paris-9f5b,-26,25,Normal
2026-02-15 19:00:28.454369,Paris-9f5b,-15,15,Normal
2026-02-15 19:00:29.454369,Paris-9f5b,42,86,Normal
2026-02-15 19:00:30.454369,Paris-9f5b,13,71,Normal
2026-02-15 19:00:31.454369,Paris-9f5b,-10,18,Normal
2026-02-15 19:00:32.454369,Paris-9f5b,2,68,Normal
2026-02-15 19:00:33.454369,Paris-9f5b,47,92,Normal
2026-02-15 19:00:34.454369,Paris-9f5b,34,22,Normal
2026-02-15 19:00:35.454369,Paris-9f5b,30,59,Normal
2026-02-15 19:00:36.454369,Paris-9f5b,38,84,Normal
2026-02-15 19:00:37.454369,Paris-9f5b,19,20,Normal
2026-02-15 19:00:38.454369,Paris-9f5b,31,32,Normal
2026-02-15 19:00:39.454369,Paris-9f5b,-3,92,Normal
2026-02-15 19:00:40.454369,Paris-9f5b,23,66,Normal
2026-02-15 19:00:41.454369,Paris-9f5b,-11,2,Normal
2026-02-15 19:00:42.454369,Paris-9f5b,-13,95,Normal
2026-02-15 19:00:43.454369,Paris-9f5b,-18,80,Normal
2026-02-15 19:00:44.454369,Paris-9f5b,-3,1,Normal
2026-02-15 19:00:45.454369,Paris-9f5b,8,31,Normal
2026-02-15 19:00:46.454369,Paris-9f5b,20,69,Normal
2026-02-15 19:00:47.454369,Paris-9f5b,-2,33,Normal
2026-02-15 19:00:48.454369,Paris-9f5b,47,12,Normal
2026-02-15 19:00:49.454369,Paris-9f5b,16,2,Normal
2026-02-15 19:00:50.454369,Paris-9f5b,-22,72,Normal
2026-02-15 19:00:51.454369,Paris-9f5b,42,2,Normal
2026-02-15 19:00:52.454369,Paris-9f5b,14,35,Normal
2026-02-15 19:00:53.454369,Paris-9f5b,-5,19,Normal
2026-02-15 19:00:54.454369,Paris-9f5b,-5,50,Normal
2026-02-15 19:00:55.454369,Paris-9f5b,24,100,Normal
2026-02-15 19:00:56.454369,Paris-9f5b,9,36,Normal
2026-02-15 19:00:57.454369,Paris-9f5b,47,97,Normal
2026-02-15 19:00:58.454369,Paris-9f5b,50,8,Normal
2026-02-15 19:00:59.454369,Paris-9f5b,20,89,Normal
2026-02-15 19:01:00.454369,Paris-9f5b,12,78,Normal
2026-02-15 19:01:01.454369,Paris-9f5b,-5,33,Normal
2026-02-15 19:01:02.454369,Paris-9f5b,34,69,Normal
2026-02-15 19:01:03.454369,Paris-9f5b,-18,74,Normal
2026-02-15 19:01:04.454369,Paris-9f5b,-16,84,Normal
