timestamp,station_id,temp,humid,condition
2026-02-13 10:00:58.279466,NewYork-a150,-3,3,Normal
2026-02-13 10:00:59.279466,NewYork-a150,41,60,Normal
2026-02-13 10:01:00.279466,NewYork-a150,8,17,Normal
2026-02-13 10:01:01.279466,NewYork-a150,14,86,Normal
2026-02-13 10:01:02.279466,NewYork-a150,-20,7,Normal
2026-02-13 10:01:03.279466,NewYork-a150,49,24,Normal
2026-02-13 10:01:04.279466,NewYork-a150,-25,30,Normal
2026-02-13 10:01:05.279466,NewYork-a150,35,73,Normal
2026-02-13 10:01:06.279466,NewYork-a150,17,12,Normal
2026-02-13 10:01:07.279466,NewYork-a150,26,37,Normal
2026-02-13 10:01:08.279466,NewYork-a150,8,36,Normal
2026-02-13 10:01:09.279466,NewYork-a150,22,31,Normal
2026-02-13 10:01:10.279466,NewYork-a150,34,29,Normal
2026-02-13 10:01:11.279466,NewYork-a150,-12,74,Normal
2026-02-13 10:01:12.279466,NewYork-a150,40,57,Normal
2026-02-13 10:01:13.279466,NewYork-a150,1,13,Normal
2026-02-13 10:01:14.279466,NewYork-a150,20,26,Normal
2026-02-13 10:01:15.279466,NewYork-a150,12,53,Normal
2026-02-13 10:01:16.279466,NewYork-a150,-21,26,Normal
2026-02-13 10:01:17.279466,NewYork-a150,31,62,Normal
2026-02-13 10:01:18.279466,NewYork-a150,16,96,Normal
2026-02-13 10:01:19.279466,NewYork-a150,37,51,Normal
2026-02-13 10:01:20.279466,NewYork-a150,40,43,Normal
2026-02-13 10:01:21.279466,NewYork-a150,12,36,Normal
2026-02-13 10:01:22.279466,NewYork-a150,-4,11,Normal
2026-02-13 10:01:23.279466,NewYork-a150,2,90,Normal
2026-02-13 10:01:24.279466,NewYork-a150,38,94,Normal
2026-02-13 10:01:25.279466,NewYork-a150,-20,70,Normal
2026-02-13 10:01:26.279466,NewYork-a150,25,54,Normal
2026-02-13 10:01:27.279466,NewYork-a150,-5,32,Normal
2026-02-13 10:01:28.279466,NewYork-a150,6,10,Normal
2026-02-13 10:01:29.279466,NewYork-a150,27,39,Normal
2026-02-13 10:01:30.279466,NewYork-a150,-1,88,Normal
2026-02-13 10:01:31.279466,NewYork-a150,28,85,Normal
2026-02-13 10:01:32.279466,NewYork-a150,3,45,Normal
2026-02-13 10:01:33.279466,NewYork-a150,20,81,Normal
2026-02-13 10:01:34.279466,NewYork-a150,-5,46,Normal
2026-02-13 10:01:35.279466,NewYork-a150,12,16,Normal
2026-02-13 10:01:36.279466,NewYork-a150,2,62,Normal
2026-02-13 10:01:37.279466,NewYork-a150,1,89,Normal
2026-02-13 10:01:38.279466,NewYork-a150,22,76,Normal
2026-02-13 10:01:39.279466,NewYork-a150,23,37,Normal
2026-02-13 10:01:40.279466,NewYork-a150,-21,45,Normal
2026-02-13 10:01:41.279466,NewYork-a150,5,90,Normal
2026-02-13 10:01:42.279466,NewYork-a150,32,44,Normal
2026-02-13 10:01:43.279466,NewYork-a150,-1,66,Normal
2026-02-13 10:01:44.279466,NewYork-a150,24,71,Normal
2026-02-13 10:01:45.279466,NewYork-a150,35,37,Normal
2026-02-13 10:01:46.279466,NewYork-a150,-11,99,Normal
2026-02-13 10:01:47.279466,NewYork-a150,-28,46,Normal
2026-02-13 10:01:48.279466,NewYork-a150,43,54,Normal
2026-02-13 10:01:49.279466,NewYork-a150,20,42,Normal
2026-02-13 10:01:50.279466,NewYork-a150,49,71,Normal
2026-02-13 10:01:51.279466,NewYork-a150,36,93,Normal
2026-02-13 10:01:52.279466,NewYork-a150,-11,21,Normal
2026-02-13 10:01:53.279466,NewYork-a150,-16,4,Normal
2026-02-13 10:01:54.279466,NewYork-a150,40,42,Normal
2026-02-13 10:01:55.279466,NewYork-a150,22,10,Normal
2026-02-13 10:01:56.279466,NewYork-a150,20,4,Normal
2026-02-13 10:01:57.279466,NewYork-a150,44,34,Normal
2026-02-13 10:01:58.279466,NewYork-a150,25,99,Normal
2026-02-13 10:01:59.279466,NewYork-a150,-1,19,Normal
2026-02-13 10:02:00.279466,NewYork-a150,41,78,Normal
2026-02-13 10:02:01.279466,NewYork-a150,24,22,Normal
2026-02-13 10:02:02.279466,NewYork-a150,44,2,Normal
2026-02-13 10:02:03.279466,NewYork-a150,-14,50,Normal
2026-02-13 10:02:04.279466,NewYork-a150,11,10,Normal
2026-02-13 10:02:05.279466,NewYork-a150,1,47,Normal
2026-02-13 10:02:06.279466,NewYork-a150,7,63,Normal
2026-02-13 10:02:07.279466,NewYork-a150,-3,60,Normal
2026-02-13 10:02:08.279466,NewYork-a150,30,32,Normal
2026-02-13 10:02:09.279466,NewYork-a150,-23,26,Normal
2026-02-13 10:02:10.279466,NewYork-a150,3,68,Normal
2026-02-13 10:02:11.279466,NewYork-a150,9,35,Normal
2026-02-13 10:02:12.279466,NewYork-a150,25,7,Normal
2026-02-13 10:02:13.279466,NewYork-a150,-25,70,Normal
2026-02-13 10:02:14.279466,NewYork-a150,5,86,Normal
2026-02-13 10:02:15.279466,NewYork-a150,-2,35,Normal
2026-02-13 10:02:16.279466,NewYork-a150,5,26,Normal
2026-02-13 10:02:17.279466,NewYork-a150,11,43,Normal
2026-02-13 10:02:18.279466,NewYork-a150,-3,6,Normal
2026-02-13 10:02:19.279466,NewYork-a150,14,42,Normal
2026-02-13 10:02:20.279466,NewYork-a150,-4,21,Normal
2026-02-13 10:02:21.279466,NewYork-a150,32,67,Normal
2026-02-13 10:02:22.279466,NewYork-a150,24,96,Normal
2026-02-13 10:02:23.279466,NewYork-a150,-19,60,Normal
2026-02-13 10:02:24.279466,NewYork-a150,-9,88,Normal
2026-02-13 10:02:25.279466,NewYork-a150,-27,14,Normal
2026-02-13 10:02:26.279466,NewYork-a150,15,28,Normal
2026-02-13 10:02:27.279466,NewYork-a150,46,66,Normal
2026-02-13 10:02:28.279466,NewYork-a150,-10,92,Normal
2026-02-13 10:02:29.279466,NewYork-a150,14,0,Normal
2026-02-13 10:02:30.279466,NewYork-a150,-1,78,Normal
2026-02-13 10:02:31.279466,NewYork-a150,50,50,Normal
2026-02-13 10:02:32.279466,NewYork-a150,15,30,Normal
2026-02-13 10:02:33.279466,NewYork-a150,-16,2,Normal
2026-02-13 10:02:34.279466,NewYork-a150,-28,98,Normal
2026-02-13 10:02:35.279466,NewYork-a150,40,87,Normal
2026-02-13 10:02:36.279466,NewYork-a150,17,75,Normal
2026-02-13 10:02:37.279466,NewYork-a150,-23,14,Normal
2026-02-13 10:02:38.279466,NewYork-a150,27,2,Normal
2026-02-13 10:02:39.279466,NewYork-a150,-5,64,Normal
2026-02-13 10:02:40.279466,NewYork-a150,-3,63,Normal
2026-02-13 10:02:41.279466,NewYork-a150,-25,7,Normal
2026-02-13 10:02:42.279466,NewYork-a150,-12,8,Normal
2026-02-13 10:02:43.279466,NewYork-a150,27,15,Normal
2026-02-13 10:02:44.279466,NewYork-a150,-6,60,Normal
2026-02-13 10:02:45.279466,NewYork-a150,6,97,Normal
2026-02-13 10:02:46.279466,NewYork-a150,15,14,Normal
2026-02-13 10:02:47.279466,NewYork-a150,-26,15,Normal
2026-02-13 10:02:48.279466,NewYork-a150,9,93,Normal
2026-02-13 10:02:49.279466,NewYork-a150,19,55,Normal
2026-02-13 10:02:50.279466,NewYork-a150,-6,35,Normal
2026-02-13 10:02:51.279466,NewYork-a150,24,62,Normal
2026-02-13 10:02:52.279466,NewYork-a150,-29,63,Normal
2026-02-13 10:02:53.279466,NewYork-a150,-2,86,Normal
2026-02-13 10:02:54.279466,NewYork-a150,33,51,Normal
2026-02-13 10:02:55.279466,NewYork-a150,24,99,Normal
2026-02-13 10:02:56.279466,NewYork-a150,50,76,Normal
2026-02-13 10:02:57.279466,NewYork-a150,14,76,Normal
2026-02-13 10:02:58.279466,NewYork-a150,39,2,Normal
2026-02-13 10:02:59.279466,NewYork-a150,16,86,Normal
2026-02-13 10:03:00.279466,NewYork-a150,-22,4,Normal
2026-02-13 10:03:01.279466,NewYork-a150,9,37,Normal
2026-02-13 10:03:02.279466,NewYork-a150,19,46,Normal
2026-02-13 10:03:03.279466,NewYork-a150,-11,87,Normal
2026-02-13 10:03:04.279466,NewYork-a150,-23,82,Normal
2026-02-13 10:03:05.279466,NewYork-a150,-21,82,Normal
2026-02-13 10:03:06.279466,NewYork-a150,-4,24,Normal
2026-02-13 10:03:07.279466,NewYork-a150,-29,59,Normal
2026-02-13 10:03:08.279466,NewYork-a150,18,64,Normal
2026-02-13 10:03:09.279466,NewYork-a150,-12,14,Normal
2026-02-13 10:03:10.279466,NewYork-a150,15,62,Normal
2026-02-13 10:03:11.279466,NewYork-a150,-3,0,Normal
2026-02-13 10:03:12.279466,NewYork-a150,-6,36,Normal
2026-02-13 10:03:13.279466,NewYork-a150,-11,13,Normal
2026-02-13 10:03:14.279466,NewYork-a150,-6,53,Normal
2026-02-13 10:03:15.279466,NewYork-a150,50,52,Normal
2026-02-13 10:03:16.279466,NewYork-a150,46,87,Normal
2026-02-13 10:03:17.279466,NewYork-a150,14,19,Normal
2026-02-13 10:03:18.279466,NewYork-a150,-27,47,Normal
2026-02-13 10:03:19.279466,NewYork-a150,-30,37,Normal
2026-02-13 10:03:20.279466,NewYork-a150,20,63,Normal
2026-02-13 10:03:21.279466,NewYork-a150,48,0,Normal
2026-02-13 10:03:22.279466,NewYork-a150,-19,12,Normal
2026-02-13 10:03:23.279466,NewYork-a150,2,21,Normal
2026-02-13 10:03:24.279466,NewYork-a150,31,1,Normal
2026-02-13 10:03:25.279466,NewYork-a150,24,81,Normal
2026-02-13 10:03:26.279466,NewYork-a150,25,79,Normal
2026-02-13 10:03:27.279466,NewYork-a150,27,26,Normal
2026-02-13 10:03:28.279466,NewYork-a150,-20,42,Normal
2026-02-13 10:03:29.279466,NewYork-a150,46,96,Normal
2026-02-13 10:03:30.279466,NewYork-a150,44,0,Normal
2026-02-13 10:03:31.279466,NewYork-a150,30,10,Normal
2026-02-13 10:03:32.279466,NewYork-a150,-25,18,Normal
2026-02-13 10:03:33.279466,NewYork-a150,-14,52,Normal
2026-02-13 10:03:34.279466,NewYork-a150,47,26,Normal
2026-02-13 10:03:35.279466,NewYork-a150,-23,18,Normal
2026-02-13 10:03:36.279466,NewYork-a150,-16,58,Normal
2026-02-13 10:03:37.279466,NewYork-a150,-4,65,Normal
2026-02-13 10:03:38.279466,NewYork-a150,0,14,Normal
2026-02-13 10:03:39.279466,NewYork-a150,-21,56,Normal
2026-02-13 10:03:40.279466,NewYork-a150,-11,91,Normal
2026-02-13 10:03:41.279466,NewYork-a150,-28,18,Normal
2026-02-13 10:03:42.279466,NewYork-a150,-9,31,Normal
2026-02-13 10:03:43.279466,NewYork-a150,15,10,Normal
2026-02-13 10:03:44.279466,NewYork-a150,-29,52,Normal
2026-02-13 10:03:45.279466,NewYork-a150,32,31,Normal
2026-02-13 10:03:46.279466,NewYork-a150,3,21,Normal
2026-02-13 10:03:47.279466,NewYork-a150,38,87,Normal
2026-02-13 10:03:48.279466,NewYork-a150,-30,100,Normal
2026-02-13 10:03:49.279466,NewYork-a150,6,20,Normal
2026-02-13 10:03:50.279466,NewYork-a150,45,21,Normal
2026-02-13 10:03:51.279466,NewYork-a150,9,96,Normal
2026-02-13 10:03:52.279466,NewYork-a150,-28,95,Normal
2026-02-13 10:03:53.279466,NewYork-a150,39,5,Normal
2026-02-13 10:03:54.279466,NewYork-a150,38,54,Normal
2026-02-13 10:03:55.279466,NewYork-a150,-19,56,Normal
2026-02-13 10:03:56.279466,NewYork-a150,40,63,Normal
2026-02-13 10:03:57.279466,NewYork-a150,44,12,Normal
2026-02-13 10:03:58.279466,NewYork-a150,44,24,Normal
2026-02-13 10:03:59.279466,NewYork-a150,24,29,Normal
2026-02-13 10:04:00.279466,NewYork-a150,5,22,Normal
2026-02-13 10:04:01.279466,NewYork-a150,31,15,Normal
2026-02-13 10:04:02.279466,NewYork-a150,17,7,Normal
2026-02-13 10:04:03.279466,NewYork-a150,22,71,Normal
2026-02-13 10:04:04.279466,NewYork-a150,17,59,Normal
2026-02-13 10:04:05.279466,NewYork-a150,41,46,Normal
2026-02-13 10:04:06.279466,NewYork-a150,-18,47,Normal
2026-02-13 10:04:07.279466,NewYork-a150,15,85,Normal
2026-02-13 10:04:08.279466,NewYork-a150,6,27,Normal
2026-02-13 10:04:09.279466,NewYork-a150,-22,32,Normal
2026-02-13 10:04:10.279466,NewYork-a150,7,31,Normal
2026-02-13 10:04:11.279466,NewYork-a150,-10,71,Normal
2026-02-13 10:04:12.279466,NewYork-a150,20,11,Normal
2026-02-13 10:04:13.279466,NewYork-a150,26,38,Normal
2026-02-13 10:04:14.279466,NewYork-a150,0,12,Normal
2026-02-13 10:04:15.279466,NewYork-a150,-26,73,Normal
2026-02-13 10:04:16.279466,NewYork-a150,-13,61,Normal
2026-02-13 10:04:17.279466,NewYork-a150,-2,100,Normal
2026-02-13 10:04:18.279466,NewYork-a150,-22,92,Normal
2026-02-13 10:04:19.279466,NewYork-a150,-17,88,Normal
2026-02-13 10:04:20.279466,NewYork-a150,-1,42,Normal
2026-02-13 10:04:21.279466,NewYork-a150,-28,66,Normal
2026-02-13 10:04:22.279466,NewYork-a150,-16,3,Normal
2026-02-13 10:04:23.279466,NewYork-a150,5,100,Normal
2026-02-13 10:04:24.279466,NewYork-a150,11,95,Normal
2026-02-13 10:04:25.279466,NewYork-a150,38,56,Normal
2026-02-13 10:04:26.279466,NewYork-a150,3,29,Normal
2026-02-13 10:04:27.279466,NewYork-a150,-12,20,Normal
2026-02-13 10:04:28.279466,NewYork-a150,42,50,Normal
2026-02-13 10:04:29.279466,NewYork-a150,-19,18,Normal
2026-02-13 10:04:30.279466,NewYork-a150,41,23,Normal
2026-02-13 10:04:31.279466,NewYork-a150,-4,22,Normal
2026-02-13 10:04:32.279466,NewYork-a150,26,43,Normal
2026-02-13 10:04:33.279466,NewYork-a150,14,87,Normal
2026-02-13 10:04:34.279466,NewYork-a150,50,35,Normal
2026-02-13 10:04:35.279466,NewYork-a150,-14,65,Normal
2026-02-13 10:04:36.279466,NewYork-a150,3,23,Normal
2026-02-13 10:04:37.279466,NewYork-a150,36,62,Normal
2026-02-13 10:04:38.279466,NewYork-a150,-20,4,Normal
2026-02-13 10:04:39.279466,NewYork-a150,-23,34,Normal
2026-02-13 10:04:40.279466,NewYork-a150,28,93,Normal
2026-02-13 10:04:41.279466,NewYork-a150,-8,99,Normal
2026-02-13 10:04:42.279466,NewYork-a150,3,56,Normal
2026-02-13 10:04:43.279466,NewYork-a150,5,7,Normal
2026-02-13 10:04:44.279466,NewYork-a150,3,21,Normal
2026-02-13 10:04:45.279466,NewYork-a150,21,66,Normal
2026-02-13 10:04:46.279466,NewYork-a150,-28,85,Normal
2026-02-13 10:04:47.279466,NewYork-a150,-16,2,Normal
2026-02-13 10:04:48.279466,NewYork-a150,40,95,Normal
2026-02-13 10:04:49.279466,NewYork-a150,-10,26,Normal
2026-02-13 10:04:50.279466,NewYork-a150,0,23,Normal
2026-02-13 10:04:51.279466,NewYork-a150,11,34,Normal
2026-02-13 10:04:52.279466,NewYork-a150,38,35,Normal
2026-02-13 10:04:53.279466,NewYork-a150,44,96,Normal
2026-02-13 10:04:54.279466,NewYork-a150,-14,61,Normal
2026-02-13 10:04:55.279466,NewYork-a150,46,84,Normal
2026-02-13 10:04:56.279466,NewYork-a150,25,77,Normal
2026-02-13 10:04:57.279466,NewYork-a150,34,63,Normal
2026-02-13 10:04:58.279466,NewYork-a150,0,7,Normal
2026-02-13 10:04:59.279466,NewYork-a150,-19,55,Normal
2026-02-13 10:05:00.279466,NewYork-a150,45,91,Normal
2026-02-13 10:05:01.279466,NewYork-a150,18,42,Normal
2026-02-13 10:05:02.279466,NewYork-a150,20,76,Normal
2026-02-13 10:05:03.279466,NewYork-a150,24,78,Normal
2026-02-13 10:05:04.279466,NewYork-a150,-25,78,Normal
2026-02-13 10:05:05.279466,NewYork-a150,49,35,Normal
2026-02-13 10:05:06.279466,NewYork-a150,38,5,Normal
2026-02-13 10:05:07.279466,NewYork-a150,25,44,Normal
2026-02-13 10:05:08.279466,NewYork-a150,40,3,Normal
2026-02-13 10:05:09.279466,NewYork-a150,-24,23,Normal
2026-02-13 10:05:10.279466,NewYork-a150,5,66,Normal
2026-02-13 10:05:11.279466,NewYork-a150,15,88,Normal
2026-02-13 10:05:12.279466,NewYork-a150,46,80,Normal
2026-02-13 10:05:13.279466,NewYork-a150,43,96,Normal
2026-02-13 10:05:14.279466,NewYork-a150,28,40,Normal
2026-02-13 10:05:15.279466,NewYork-a150,-1,65,Normal
2026-02-13 10:05:16.279466,NewYork-a150,9,67,Normal
2026-02-13 10:05:17.279466,NewYork-a150,-28,19,Normal
2026-02-13 10:05:18.279466,NewYork-a150,22,3,Normal
2026-02-13 10:05:19.279466,NewYork-a150,-5,76,Normal
2026-02-13 10:05:20.279466,NewYork-a150,44,90,Normal
2026-02-13 10:05:21.279466,NewYork-a150,-19,81,Normal
2026-02-13 10:05:22.279466,NewYork-a150,29,71,Normal
2026-02-13 10:05:23.279466,NewYork-a150,4,60,Normal
2026-02-13 10:05:24.279466,NewYork-a150,28,77,Normal
2026-02-13 10:05:25.279466,NewYork-a150,41,88,Normal
2026-02-13 10:05:26.279466,NewYork-a150,12,47,Normal
2026-02-13 10:05:27.279466,NewYork-a150,-5,71,Normal
2026-02-13 10:05:28.279466,NewYork-a150,15,79,Normal
2026-02-13 10:05:29.279466,NewYork-a150,22,41,Normal
2026-02-13 10:05:30.279466,NewYork-a150,-18,83,Normal
2026-02-13 10:05:31.279466,NewYork-a150,8,42,Normal
2026-02-13 10:05:32.279466,NewYork-a150,29,73,Normal
2026-02-13 10:05:33.279466,NewYork-a150,0,72,Normal
2026-02-13 10:05:34.279466,NewYork-a150,18,11,Normal
2026-02-13 10:05:35.279466,NewYork-a150,42,39,Normal
2026-02-13 10:05:36.279466,NewYork-a150,25,74,Normal
2026-02-13 10:05:37.279466,NewYork-a150,-25,65,Normal
2026-02-13 10:05:38.279466,NewYork-a150,18,81,Normal
2026-02-13 10:05:39.279466,NewYork-a150,8,43,Normal
2026-02-13 10:05:40.279466,NewYork-a150,-6,85,Normal
2026-02-13 10:05:41.279466,NewYork-a150,-17,75,Normal
2026-02-13 10:05:42.279466,NewYork-a150,-20,9,Normal
2026-02-13 10:05:43.279466,NewYork-a150,23,21,Normal
2026-02-13 10:05:44.279466,NewYork-a150,-30,91,Normal
2026-02-13 10:05:45.279466,NewYork-a150,-16,1,Normal
2026-02-13 10:05:46.279466,NewYork-a150,28,23,Normal
2026-02-13 10:05:47.279466,NewYork-a150,-10,24,Normal
2026-02-13 10:05:48.279466,NewYork-a150,22,41,Normal
2026-02-13 10:05:49.279466,NewYork-a150,42,51,Normal
2026-02-13 10:05:50.279466,NewYork-a150,31,0,Normal
2026-02-13 10:05:51.279466,NewYork-a150,40,37,Normal
2026-02-13 10:05:52.279466,NewYork-a150,15,11,Normal
2026-02-13 10:05:53.279466,NewYork-a150,19,77,Normal
2026-02-13 10:05:54.279466,NewYork-a150,14,75,Normal
2026-02-13 10:05:55.279466,NewYork-a150,48,71,Normal
2026-02-13 10:05:56.279466,NewYork-a150,26,51,Normal
2026-02-13 10:05:57.279466,NewYork-a150,-12,23,Normal
2026-02-13 10:05:58.279466,NewYork-a150,-29,89,Normal
2026-02-13 10:05:59.279466,NewYork-a150,44,6,Normal
2026-02-13 10:06:00.279466,NewYork-a150,19,52,Normal
2026-02-13 10:06:01.279466,NewYork-a150,-7,98,Normal
2026-02-13 10:06:02.279466,NewYork-a150,46,94,Normal
2026-02-13 10:06:03.279466,NewYork-a150,9,96,Normal
2026-02-13 10:06:04.279466,NewYork-a150,-12,63,Normal
2026-02-13 10:06:05.279466,NewYork-a150,15,48,Normal
2026-02-13 10:06:06.279466,NewYork-a150,27,70,Normal
2026-02-13 10:06:07.279466,NewYork-a150,-28,89,Normal
2026-02-13 10:06:08.279466,NewYork-a150,28,60,Normal
2026-02-13 10:06:09.279466,NewYork-a150,24,43,Normal
2026-02-13 10:06:10.279466,NewYork-a150,16,64,Normal
2026-02-13 10:06:11.279466,NewYork-a150,50,53,Normal
2026-02-13 10:06:12.279466,NewYork-a150,20,60,Normal
2026-02-13 10:06:13.279466,NewYork-a150,-15,66,Normal
2026-02-13 10:06:14.279466,NewYork-a150,46,84,Normal
2026-02-13 10:06:15.279466,NewYork-a150,6,22,Normal
2026-02-13 10:06:16.279466,NewYork-a150,-21,68,Normal
2026-02-13 10:06:17.279466,NewYork-a150,-13,13,Normal
2026-02-13 10:06:18.279466,NewYork-a150,11,2,Normal
2026-02-13 10:06:19.279466,NewYork-a150,29,37,Normal
2026-02-13 10:06:20.279466,NewYork-a150,6,11,Normal
2026-02-13 10:06:21.279466,NewYork-a150,-21,62,Normal
2026-02-13 10:06:22.279466,NewYork-a150,16,58,Normal
2026-02-13 10:06:23.279466,NewYork-a150,29,43,Normal
2026-02-13 10:06:24.279466,NewYork-a150,23,11,Normal
2026-02-13 10:06:25.279466,NewYork-a150,16,83,Normal
2026-02-13 10:06:26.279466,NewYork-a150,-19,37,Normal
2026-02-13 10:06:27.279466,NewYork-a150,43,89,Normal
2026-02-13 10:06:28.279466,NewYork-a150,-11,44,Normal
2026-02-13 10:06:29.279466,NewYork-a150,38,41,Normal
2026-02-13 10:06:30.279466,NewYork-a150,-8,95,Normal
2026-02-13 10:06:31.279466,NewYork-a150,-28,8,Normal
2026-02-13 10:06:32.279466,NewYork-a150,16,58,Normal
2026-02-13 10:06:33.279466,NewYork-a150,43,11,Normal
2026-02-13 10:06:34.279466,NewYork-a150,45,3,Normal
2026-02-13 10:06:35.279466,NewYork-a150,-12,80,Normal
2026-02-13 10:06:36.279466,NewYork-a150,41,5,Normal
2026-02-13 10:06:37.279466,NewYork-a150,22,95,Normal
2026-02-13 10:06:38.279466,NewYork-a150,-24,31,Normal
2026-02-13 10:06:39.279466,NewYork-a150,22,34,Normal
2026-02-13 10:06:40.279466,NewYork-a150,46,13,Normal
2026-02-13 10:06:41.279466,NewYork-a150,14,57,Normal
2026-02-13 10:06:42.279466,NewYork-a150,1,67,Normal
2026-02-13 10:06:43.279466,NewYork-a150,-9,9,Normal
2026-02-13 10:06:44.279466,NewYork-a150,30,21,Normal
2026-02-13 10:06:45.279466,NewYork-a150,-23,78,Normal
2026-02-13 10:06:46.279466,NewYork-a150,39,56,Normal
2026-02-13 10:06:47.279466,NewYork-a150,-30,85,Normal
2026-02-13 10:06:48.279466,NewYork-a150,39,94,Normal
2026-02-13 10:06:49.279466,NewYork-a150,50,75,Normal
2026-02-13 10:06:50.279466,NewYork-a150,46,24,Normal
2026-02-13 10:06:51.279466,NewYork-a150,42,25,Normal
2026-02-13 10:06:52.279466,NewYork-a150,-19,82,Normal
2026-02-13 10:06:53.279466,NewYork-a150,-29,7,Normal
2026-02-13 10:06:54.279466,NewYork-a150,-5,4,Normal
2026-02-13 10:06:55.279466,NewYork-a150,24,6,Normal
2026-02-13 10:06:56.279466,NewYork-a150,-17,92,Normal
2026-02-13 10:06:57.279466,NewYork-a150,-28,56,Normal
2026-02-13 10:06:58.279466,NewYork-a150,47,46,Normal
2026-02-13 10:06:59.279466,NewYork-a150,-12,45,Normal
2026-02-13 10:07:00.279466,NewYork-a150,47,46,Normal
2026-02-13 10:07:01.279466,NewYork-a150,23,55,Normal
2026-02-13 10:07:02.279466,NewYork-a150,2,66,Normal
2026-02-13 10:07:03.279466,NewYork-a150,-9,51,Normal
2026-02-13 10:07:04.279466,NewYork-a150,-24,57,Normal
2026-02-13 10:07:05.279466,NewYork-a150,-4,96,Normal
2026-02-13 10:07:06.279466,NewYork-a150,-19,22,Normal
2026-02-13 10:07:07.279466,NewYork-a150,2,88,Normal
2026-02-13 10:07:08.279466,NewYork-a150,-30,95,Normal
2026-02-13 10:07:09.279466,NewYork-a150,-9,51,Normal
2026-02-13 10:07:10.279466,NewYork-a150,30,56,Normal
2026-02-13 10:07:11.279466,NewYork-a150,-1,64,Normal
2026-02-13 10:07:12.279466,NewYork-a150,7,98,Normal
2026-02-13 10:07:13.279466,NewYork-a150,6,94,Normal
2026-02-13 10:07:14.279466,NewYork-a150,-30,34,Normal
2026-02-13 10:07:15.279466,NewYork-a150,-4,74,Normal
2026-02-13 10:07:16.279466,NewYork-a150,23,81,Normal
2026-02-13 10:07:17.279466,NewYork-a150,42,63,Normal
2026-02-13 10:07:18.279466,NewYork-a150,22,83,Normal
2026-02-13 10:07:19.279466,NewYork-a150,12,77,Normal
2026-02-13 10:07:20.279466,NewYork-a150,50,15,Normal
2026-02-13 10:07:21.279466,NewYork-a150,-23,98,Normal
2026-02-13 10:07:22.279466,NewYork-a150,31,82,Normal
2026-02-13 10:07:23.279466,NewYork-a150,33,3,Normal
2026-02-13 10:07:24.279466,NewYork-a150,35,37,Normal
2026-02-13 10:07:25.279466,NewYork-a150,21,7,Normal
2026-02-13 10:07:26.279466,NewYork-a150,-22,98,Normal
2026-02-13 10:07:27.279466,NewYork-a150,-4,61,Normal
2026-02-13 10:07:28.279466,NewYork-a150,23,4,Normal
2026-02-13 10:07:29.279466,NewYork-a150,9,51,Normal
2026-02-13 10:07:30.279466,NewYork-a150,34,21,Normal
2026-02-13 10:07:31.279466,NewYork-a150,25,22,Normal
2026-02-13 10:07:32.279466,NewYork-a150,-24,68,Normal
2026-02-13 10:07:33.279466,NewYork-a150,27,41,Normal
2026-02-13 10:07:34.279466,NewYork-a150,31,89,Normal
2026-02-13 10:07:35.279466,NewYork-a150,-7,66,Normal
2026-02-13 10:07:36.279466,NewYork-a150,46,32,Normal
2026-02-13 10:07:37.279466,NewYork-a150,32,46,Normal
2026-02-13 10:07:38.279466,NewYork-a150,-6,63,Normal
2026-02-13 10:07:39.279466,NewYork-a150,9,32,Normal
2026-02-13 10:07:40.279466,NewYork-a150,15,94,Normal
2026-02-13 10:07:41.279466,NewYork-a150,35,68,Normal
2026-02-13 10:07:42.279466,NewYork-a150,-30,64,Normal
2026-02-13 10:07:43.279466,NewYork-a150,10,82,Normal
2026-02-13 10:07:44.279466,NewYork-a150,15,43,Normal
2026-02-13 10:07:45.279466,NewYork-a150,-30,17,Normal
2026-02-13 10:07:46.279466,NewYork-a150,0,50,Normal
2026-02-13 10:07:47.279466,NewYork-a150,17,76,Normal
2026-02-13 10:07:48.279466,NewYork-a150,-11,57,Normal
2026-02-13 10:07:49.279466,NewYork-a150,17,51,Normal
2026-02-13 10:07:50.279466,NewYork-a150,21,59,Normal
2026-02-13 10:07:51.279466,NewYork-a150,25,92,Normal
2026-02-13 10:07:52.279466,NewYork-a150,14,94,Normal
2026-02-13 10:07:53.279466,NewYork-a150,14,7,Normal
2026-02-13 10:07:54.279466,NewYork-a150,0,4,Normal
2026-02-13 10:07:55.279466,NewYork-a150,27,15,Normal
2026-02-13 10:07:56.279466,NewYork-a150,29,27,Normal
2026-02-13 10:07:57.279466,NewYork-a150,4,45,Normal
2026-02-13 10:07:58.279466,NewYork-a150,-30,20,Normal
2026-02-13 10:07:59.279466,NewYork-a150,-2,25,Normal
2026-02-13 10:08:00.279466,NewYork-a150,15,12,Normal
2026-02-13 10:08:01.279466,NewYork-a150,-6,12,Normal
2026-02-13 10:08:02.279466,NewYork-a150,-26,54,Normal
2026-02-13 10:08:03.279466,NewYork-a150,23,28,Normal
2026-02-13 10:08:04.279466,NewYork-a150,13,58,Normal
2026-02-13 10:08:05.279466,NewYork-a150,49,54,Normal
2026-02-13 10:08:06.279466,NewYork-a150,41,72,Normal
2026-02-13 10:08:07.279466,NewYork-a150,31,63,Normal
2026-02-13 10:08:08.279466,NewYork-a150,-28,59,Normal
2026-02-13 10:08:09.279466,NewYork-a150,41,27,Normal
2026-02-13 10:08:10.279466,NewYork-a150,42,11,Normal
2026-02-13 10:08:11.279466,NewYork-a150,18,92,Normal
2026-02-13 10:08:12.279466,NewYork-a150,9,9,Normal
2026-02-13 10:08:13.279466,NewYork-a150,-10,39,Normal
2026-02-13 10:08:14.279466,NewYork-a150,37,83,Normal
2026-02-13 10:08:15.279466,NewYork-a150,-28,59,Normal
2026-02-13 10:08:16.279466,NewYork-a150,5,98,Normal
2026-02-13 10:08:17.279466,NewYork-a150,-30,92,Normal
2026-02-13 10:08:18.279466,NewYork-a150,-3,9,Normal
2026-02-13 10:08:19.279466,NewYork-a150,-10,97,Normal
2026-02-13 10:08:20.279466,NewYork-a150,9,5,Normal
2026-02-13 10:08:21.279466,NewYork-a150,47,35,Normal
2026-02-13 10:08:22.279466,NewYork-a150,16,12,Normal
2026-02-13 10:08:23.279466,NewYork-a150,6,10,Normal
2026-02-13 10:08:24.279466,NewYork-a150,-16,59,Normal
2026-02-13 10:08:25.279466,NewYork-a150,6,88,Normal
2026-02-13 10:08:26.279466,NewYork-a150,39,39,Normal
2026-02-13 10:08:27.279466,NewYork-a150,-23,39,Normal
2026-02-13 10:08:28.279466,NewYork-a150,20,56,Normal
2026-02-13 10:08:29.279466,NewYork-a150,-14,7,Normal
2026-02-13 10:08:30.279466,NewYork-a150,50,55,Normal
2026-02-13 10:08:31.279466,NewYork-a150,4,54,Normal
2026-02-13 10:08:32.279466,NewYork-a150,34,25,Normal
2026-02-13 10:08:33.279466,NewYork-a150,36,51,Normal
2026-02-13 10:08:34.279466,NewYork-a150,12,66,Normal
2026-02-13 10:08:35.279466,NewYork-a150,43,25,Normal
2026-02-13 10:08:36.279466,NewYork-a150,3,43,Normal
2026-02-13 10:08:37.279466,NewYork-a150,48,56,Normal
2026-02-13 10:08:38.279466,NewYork-a150,34,17,Normal
2026-02-13 10:08:39.279466,NewYork-a150,-9,60,Normal
2026-02-13 10:08:40.279466,NewYork-a150,45,48,Normal
2026-02-13 10:08:41.279466,NewYork-a150,26,55,Normal
2026-02-13 10:08:42.279466,NewYork-a150,50,95,Normal
2026-02-13 10:08:43.279466,NewYork-a150,10,22,Normal
2026-02-13 10:08:44.279466,NewYork-a150,8,31,Normal
2026-02-13 10:08:45.279466,NewYork-a150,31,92,Normal
2026-02-13 10:08:46.279466,NewYork-a150,18,17,Normal
2026-02-13 10:08:47.279466,NewYork-a150,-1,79,Normal
2026-02-13 10:08:48.279466,NewYork-a150,1,34,Normal
2026-02-13 10:08:49.279466,NewYork-a150,16,69,Normal
2026-02-13 10:08:50.279466,NewYork-a150,4,16,Normal
2026-02-13 10:08:51.279466,NewYork-a150,18,63,Normal
2026-02-13 10:08:52.279466,NewYork-a150,1,75,Normal
2026-02-13 10:08:53.279466,NewYork-a150,40,43,Normal
2026-02-13 10:08:54.279466,NewYork-a150,28,17,Normal
2026-02-13 10:08:55.279466,NewYork-a150,-2,93,Normal
2026-02-13 10:08:56.279466,NewYork-a150,-19,66,Normal
2026-02-13 10:08:57.279466,NewYork-a150,7,20,Normal
2026-02-13 10:08:58.279466,NewYork-a150,3,96,Normal
2026-02-13 10:08:59.279466,NewYork-a150,29,97,Normal
2026-02-13 10:09:00.279466,NewYork-a150,-18,20,Normal
2026-02-13 10:09:01.279466,NewYork-a150,25,1,Normal
2026-02-13 10:09:02.279466,NewYork-a150,-30,80,Normal
2026-02-13 10:09:03.279466,NewYork-a150,11,8,Normal
2026-02-13 10:09:04.279466,NewYork-a150,8,70,Normal
2026-02-13 10:09:05.279466,NewYork-a150,-4,24,Normal
2026-02-13 10:09:06.279466,NewYork-a150,19,48,Normal
2026-02-13 10:09:07.279466,NewYork-a150,-25,43,Normal
2026-02-13 10:09:08.279466,NewYork-a150,-6,37,Normal
2026-02-13 10:09:09.279466,NewYork-a150,39,2,Normal
2026-02-13 10:09:10.279466,NewYork-a150,22,93,Normal
2026-02-13 10:09:11.279466,NewYork-a150,0,81,Normal
2026-02-13 10:09:12.279466,NewYork-a150,18,4,Normal
2026-02-13 10:09:13.279466,NewYork-a150,-2,8,Normal
2026-02-13 10:09:14.279466,NewYork-a150,-10,95,Normal
2026-02-13 10:09:15.279466,NewYork-a150,2,17,Normal
2026-02-13 10:09:16.279466,NewYork-a150,19,11,Normal
2026-02-13 10:09:17.279466,NewYork-a150,4,95,Normal
2026-02-13 10:09:18.279466,NewYork-a150,11,79,Normal
2026-02-13 10:09:19.279466,NewYork-a150,-19,57,Normal
2026-02-13 10:09:20.279466,NewYork-a150,6,54,Normal
2026-02-13 10:09:21.279466,NewYork-a150,24,13,Normal
2026-02-13 10:09:22.279466,NewYork-a150,10,22,Normal
2026-02-13 10:09:23.279466,NewYork-a150,29,98,Normal
2026-02-13 10:09:24.279466,NewYork-a150,42,24,Normal
2026-02-13 10:09:25.279466,NewYork-a150,8,51,Normal
2026-02-13 10:09:26.279466,NewYork-a150,35,74,Normal
2026-02-13 10:09:27.279466,NewYork-a150,33,38,Normal
2026-02-13 10:09:28.279466,NewYork-a150,18,37,Normal
2026-02-13 10:09:29.279466,NewYork-a150,-12,30,Normal
2026-02-13 10:09:30.279466,NewYork-a150,44,74,Normal
2026-02-13 10:09:31.279466,NewYork-a150,-30,93,Normal
2026-02-13 10:09:32.279466,NewYork-a150,46,56,Normal
2026-02-13 10:09:33.279466,NewYork-a150,15,35,Normal
2026-02-13 10:09:34.279466,NewYork-a150,31,80,Normal
2026-02-13 10:09:35.279466,NewYork-a150,40,21,Normal
2026-02-13 10:09:36.279466,NewYork-a150,-13,98,Normal
2026-02-13 10:09:37.279466,NewYork-a150,7,4,Normal
2026-02-13 10:09:38.279466,NewYork-a150,27,86,Normal
2026-02-13 10:09:39.279466,NewYork-a150,-10,67,Normal
2026-02-13 10:09:40.279466,NewYork-a150,32,96,Normal
2026-02-13 10:09:41.279466,NewYork-a150,42,18,Normal
2026-02-13 10:09:42.279466,NewYork-a150,26,0,Normal
2026-02-13 10:09:43.279466,NewYork-a150,4,88,Normal
2026-02-13 10:09:44.279466,NewYork-a150,50,85,Normal
2026-02-13 10:09:45.279466,NewYork-a150,-10,50,Normal
2026-02-13 10:09:46.279466,NewYork-a150,-5,6,Normal
2026-02-13 10:09:47.279466,NewYork-a150,5,94,Normal
2026-02-13 10:09:48.279466,NewYork-a150,-6,68,Normal
2026-02-13 10:09:49.279466,NewYork-a150,-24,53,Normal
2026-02-13 10:09:50.279466,NewYork-a150,-3,13,Normal
2026-02-13 10:09:51.279466,NewYork-a150,8,65,Normal
2026-02-13 10:09:52.279466,NewYork-a150,-7,11,Normal
2026-02-13 10:09:53.279466,NewYork-a150,-25,27,Normal
2026-02-13 10:09:54.279466,NewYork-a150,-6,4,Normal
2026-02-13 10:09:55.279466,NewYork-a150,4,42,Normal
2026-02-13 10:09:56.279466,NewYork-a150,39,9,Normal
2026-02-13 10:09:57.279466,NewYork-a150,-4,82,Normal
2026-02-13 10:09:58.279466,NewYork-a150,-16,100,Normal
2026-02-13 10:09:59.279466,NewYork-a150,32,82,Normal
2026-02-13 10:10:00.279466,NewYork-a150,49,33,Normal
2026-02-13 10:10:01.279466,NewYork-a150,-8,50,Normal
2026-02-13 10:10:02.279466,NewYork-a150,48,99,Normal
2026-02-13 10:10:03.279466,NewYork-a150,7,3,Normal
2026-02-13 10:10:04.279466,NewYork-a150,-8,2,Normal
2026-02-13 10:10:05.279466,NewYork-a150,-25,50,Normal
2026-02-13 10:10:06.279466,NewYork-a150,22,62,Normal
2026-02-13 10:10:07.279466,NewYork-a150,48,21,Normal
2026-02-13 10:10:08.279466,NewYork-a150,19,22,Normal
2026-02-13 10:10:09.279466,NewYork-a150,-1,89,Normal
2026-02-13 10:10:10.279466,NewYork-a150,-29,67,Normal
2026-02-13 10:10:11.279466,NewYork-a150,-14,13,Normal
2026-02-13 10:10:12.279466,NewYork-a150,50,38,Normal
2026-02-13 10:10:13.279466,NewYork-a150,25,23,Normal
2026-02-13 10:10:14.279466,NewYork-a150,35,28,Normal
2026-02-13 10:10:15.279466,NewYork-a150,-21,22,Normal
2026-02-13 10:10:16.279466,NewYork-a150,13,13,Normal
2026-02-13 10:10:17.279466,NewYork-a150,2,61,Normal
2026-02-13 10:10:18.279466,NewYork-a150,24,47,Normal
2026-02-13 10:10:19.279466,NewYork-a150,4,89,Normal
2026-02-13 10:10:20.279466,NewYork-a150,-16,56,Normal
2026-02-13 10:10:21.279466,NewYork-a150,-30,39,Normal
2026-02-13 10:10:22.279466,NewYork-a150,6,44,Normal
2026-02-13 10:10:23.279466,NewYork-a150,-17,51,Normal
2026-02-13 10:10:24.279466,NewYork-a150,42,85,Normal
2026-02-13 10:10:25.279466,NewYork-a150,-18,12,Normal
2026-02-13 10:10:26.279466,NewYork-a150,6,0,Normal
2026-02-13 10:10:27.279466,NewYork-a150,14,44,Normal
2026-02-13 10:10:28.279466,NewYork-a150,48,14,Normal
2026-02-13 10:10:29.279466,NewYork-a150,47,86,Normal
2026-02-13 10:10:30.279466,NewYork-a150,19,76,Normal
2026-02-13 10:10:31.279466,NewYork-a150,3,75,Normal
2026-02-13 10:10:32.279466,NewYork-a150,10,59,Normal
2026-02-13 10:10:33.279466,NewYork-a150,1,19,Normal
2026-02-13 10:10:34.279466,NewYork-a150,34,63,Normal
2026-02-13 10:10:35.279466,NewYork-a150,-25,86,Normal
2026-02-13 10:10:36.279466,NewYork-a150,32,55,Normal
2026-02-13 10:10:37.279466,NewYork-a150,-12,50,Normal
2026-02-13 10:10:38.279466,NewYork-a150,-5,96,Normal
2026-02-13 10:10:39.279466,NewYork-a150,31,84,Normal
2026-02-13 10:10:40.279466,NewYork-a150,-15,92,Normal
2026-02-13 10:10:41.279466,NewYork-a150,11,56,Normal
2026-02-13 10:10:42.279466,NewYork-a150,-21,94,Normal
2026-02-13 10:10:43.279466,NewYork-a150,-22,57,Normal
2026-02-13 10:10:44.279466,NewYork-a150,44,100,Normal
2026-02-13 10:10:45.279466,NewYork-a150,30,84,Normal
2026-02-13 10:10:46.279466,NewYork-a150,42,48,Normal
2026-02-13 10:10:47.279466,NewYork-a150,33,15,Normal
2026-02-13 10:10:48.279466,NewYork-a150,-20,62,Normal
2026-02-13 10:10:49.279466,NewYork-a150,50,78,Normal
2026-02-13 10:10:50.279466,NewYork-a150,1,14,Normal
2026-02-13 10:10:51.279466,NewYork-a150,42,16,Normal
2026-02-13 10:10:52.279466,NewYork-a150,41,10,Normal
2026-02-13 10:10:53.279466,NewYork-a150,19,35,Normal
2026-02-13 10:10:54.279466,NewYork-a150,3,27,Normal
2026-02-13 10:10:55.279466,NewYork-a150,-17,48,Normal
2026-02-13 10:10:56.279466,NewYork-a150,-3,83,Normal
2026-02-13 10:10:57.279466,NewYork-a150,35,56,Normal
2026-02-13 10:10:58.279466,NewYork-a150,12,58,Normal
2026-02-13 10:10:59.279466,NewYork-a150,13,17,Normal
2026-02-13 10:11:00.279466,NewYork-a150,-18,59,Normal
2026-02-13 10:11:01.279466,NewYork-a150,-2,61,Normal
2026-02-13 10:11:02.279466,NewYork-a150,6,93,Normal
2026-02-13 10:11:03.279466,NewYork-a150,27,77,Normal
2026-02-13 10:11:04.279466,NewYork-a150,38,38,Normal
2026-02-13 10:11:05.279466,NewYork-a150,13,43,Normal
2026-02-13 10:11:06.279466,NewYork-a150,48,8,Normal
2026-02-13 10:11:07.279466,NewYork-a150,-27,34,Normal
2026-02-13 10:11:08.279466,NewYork-a150,22,22,Normal
2026-02-13 10:11:09.279466,NewYork-a150,22,26,Normal
2026-02-13 10:11:10.279466,NewYork-a150,-9,78,Normal
2026-02-13 10:11:11.279466,NewYork-a150,-28,64,Normal
2026-02-13 10:11:12.279466,NewYork-a150,-14,75,Normal
2026-02-13 10:11:13.279466,NewYork-a150,-3,10,Normal
2026-02-13 10:11:14.279466,NewYork-a150,19,0,Normal
2026-02-13 10:11:15.279466,NewYork-a150,33,65,Normal
2026-02-13 10:11:16.279466,NewYork-a150,-18,25,Normal
2026-02-13 10:11:17.279466,NewYork-a150,40,58,Normal
2026-02-13 10:11:18.279466,NewYork-a150,44,67,Normal
2026-02-13 10:11:19.279466,NewYork-a150,-23,50,Normal
2026-02-13 10:11:20.279466,NewYork-a150,-9,9,Normal
2026-02-13 10:11:21.279466,NewYork-a150,24,91,Normal
2026-02-13 10:11:22.279466,NewYork-a150,16,77,Normal
2026-02-13 10:11:23.279466,NewYork-a150,40,41,Normal
2026-02-13 10:11:24.279466,NewYork-a150,2,16,Normal
2026-02-13 10:11:25.279466,NewYork-a150,47,53,Normal
2026-02-13 10:11:26.279466,NewYork-a150,44,90,Normal
2026-02-13 10:11:27.279466,NewYork-a150,24,16,Normal
2026-02-13 10:11:28.279466,NewYork-a150,-21,20,Normal
2026-02-13 10:11:29.279466,NewYork-a150,-22,17,Normal
2026-02-13 10:11:30.279466,NewYork-a150,48,14,Normal
2026-02-13 10:11:31.279466,NewYork-a150,-24,86,Normal
2026-02-13 10:11:32.279466,NewYork-a150,-10,88,Normal
2026-02-13 10:11:33.279466,NewYork-a150,-10,7,Normal
2026-02-13 10:11:34.279466,NewYork-a150,-27,9,Normal
2026-02-13 10:11:35.279466,NewYork-a150,-15,85,Normal
2026-02-13 10:11:36.279466,NewYork-a150,-17,70,Normal
2026-02-13 10:11:37.279466,NewYork-a150,-20,2,Normal
2026-02-13 10:11:38.279466,NewYork-a150,5,54,Normal
2026-02-13 10:11:39.279466,NewYork-a150,8,13,Normal
2026-02-13 10:11:40.279466,NewYork-a150,12,82,Normal
2026-02-13 10:11:41.279466,NewYork-a150,2,62,Normal
2026-02-13 10:11:42.279466,NewYork-a150,-25,58,Normal
2026-02-13 10:11:43.279466,NewYork-a150,10,13,Normal
2026-02-13 10:11:44.279466,NewYork-a150,34,63,Normal
2026-02-13 10:11:45.279466,NewYork-a150,38,73,Normal
2026-02-13 10:11:46.279466,NewYork-a150,50,19,Normal
2026-02-13 10:11:47.279466,NewYork-a150,-12,50,Normal
2026-02-13 10:11:48.279466,NewYork-a150,49,29,Normal
2026-02-13 10:11:49.279466,NewYork-a150,1,21,Normal
2026-02-13 10:11:50.279466,NewYork-a150,-13,27,Normal
2026-02-13 10:11:51.279466,NewYork-a150,16,36,Normal
2026-02-13 10:11:52.279466,NewYork-a150,32,15,Normal
2026-02-13 10:11:53.279466,NewYork-a150,50,52,Normal
2026-02-13 10:11:54.279466,NewYork-a150,-4,23,Normal
2026-02-13 10:11:55.279466,NewYork-a150,31,61,Normal
2026-02-13 10:11:56.279466,NewYork-a150,-28,34,Normal
2026-02-13 10:11:57.279466,NewYork-a150,41,30,Normal
2026-02-13 10:11:58.279466,NewYork-a150,-25,80,Normal
2026-02-13 10:11:59.279466,NewYork-a150,-25,90,Normal
2026-02-13 10:12:00.279466,NewYork-a150,46,83,Normal
2026-02-13 10:12:01.279466,NewYork-a150,36,8,Normal
2026-02-13 10:12:02.279466,NewYork-a150,-24,8,Normal
2026-02-13 10:12:03.279466,NewYork-a150,33,65,Normal
2026-02-13 10:12:04.279466,NewYork-a150,-25,13,Normal
2026-02-13 10:12:05.279466,NewYork-a150,26,7,Normal
2026-02-13 10:12:06.279466,NewYork-a150,-23,84,Normal
2026-02-13 10:12:07.279466,NewYork-a150,-10,58,Normal
2026-02-13 10:12:08.279466,NewYork-a150,44,99,Normal
2026-02-13 10:12:09.279466,NewYork-a150,19,55,Normal
2026-02-13 10:12:10.279466,NewYork-a150,-15,84,Normal
2026-02-13 10:12:11.279466,NewYork-a150,2,75,Normal
2026-02-13 10:12:12.279466,NewYork-a150,5,45,Normal
2026-02-13 10:12:13.279466,NewYork-a150,-21,75,Normal
2026-02-13 10:12:14.279466,NewYork-a150,42,28,Normal
2026-02-13 10:12:15.279466,NewYork-a150,48,45,Normal
2026-02-13 10:12:16.279466,NewYork-a150,-5,37,Normal
2026-02-13 10:12:17.279466,NewYork-a150,44,64,Normal
2026-02-13 10:12:18.279466,NewYork-a150,2,44,Normal
2026-02-13 10:12:19.279466,NewYork-a150,-21,39,Normal
2026-02-13 10:12:20.279466,NewYork-a150,10,37,Normal
2026-02-13 10:12:21.279466,NewYork-a150,5,60,Normal
2026-02-13 10:12:22.279466,NewYork-a150,-29,39,Normal
2026-02-13 10:12:23.279466,NewYork-a150,7,46,Normal
2026-02-13 10:12:24.279466,NewYork-a150,41,38,Normal
2026-02-13 10:12:25.279466,NewYork-a150,-14,37,Normal
2026-02-13 10:12:26.279466,NewYork-a150,45,100,Normal
2026-02-13 10:12:27.279466,NewYork-a150,23,15,Normal
2026-02-13 10:12:28.279466,NewYork-a150,24,55,Normal
2026-02-13 10:12:29.279466,NewYork-a150,40,90,Normal
2026-02-13 10:12:30.279466,NewYork-a150,2,38,Normal
2026-02-13 10:12:31.279466,NewYork-a150,-18,24,Normal
2026-02-13 10:12:32.279466,NewYork-a150,43,83,Normal
2026-02-13 10:12:33.279466,NewYork-a150,26,100,Normal
2026-02-13 10:12:34.279466,NewYork-a150,12,33,Normal
2026-02-13 10:12:35.279466,NewYork-a150,48,41,Normal
2026-02-13 10:12:36.279466,NewYork-a150,-19,20,Normal
2026-02-13 10:12:37.279466,NewYork-a150,34,28,Normal
2026-02-13 10:12:38.279466,NewYork-a150,47,46,Normal
2026-02-13 10:12:39.279466,NewYork-a150,34,25,Normal
2026-02-13 10:12:40.279466,NewYork-a150,46,20,Normal
2026-02-13 10:12:41.279466,NewYork-a150,16,27,Normal
2026-02-13 10:12:42.279466,NewYork-a150,-30,67,Normal
2026-02-13 10:12:43.279466,NewYork-a150,35,83,Normal
2026-02-13 10:12:44.279466,NewYork-a150,36,2,Normal
2026-02-13 10:12:45.279466,NewYork-a150,6,36,Normal
2026-02-13 10:12:46.279466,NewYork-a150,15,81,Normal
2026-02-13 10:12:47.279466,NewYork-a150,7,59,Normal
2026-02-13 10:12:48.279466,NewYork-a150,13,54,Normal
2026-02-13 10:12:49.279466,NewYork-a150,-16,2,Normal
2026-02-13 10:12:50.279466,NewYork-a150,23,68,Normal
2026-02-13 10:12:51.279466,NewYork-a150,49,51,Normal
2026-02-13 10:12:52.279466,NewYork-a150,19,23,Normal
2026-02-13 10:12:53.279466,NewYork-a150,28,80,Normal
2026-02-13 10:12:54.279466,NewYork-a150,-13,15,Normal
2026-02-13 10:12:55.279466,NewYork-a150,43,85,Normal
2026-02-13 10:12:56.279466,NewYork-a150,-26,80,Normal
2026-02-13 10:12:57.279466,NewYork-a150,31,53,Normal
2026-02-13 10:12:58.279466,NewYork-a150,49,27,Normal
2026-02-13 10:12:59.279466,NewYork-a150,39,84,Normal
2026-02-13 10:13:00.279466,NewYork-a150,49,90,Normal
2026-02-13 10:13:01.279466,NewYork-a150,-11,70,Normal
2026-02-13 10:13:02.279466,NewYork-a150,5,37,Normal
2026-02-13 10:13:03.279466,NewYork-a150,-20,46,Normal
2026-02-13 10:13:04.279466,NewYork-a150,15,70,Normal
2026-02-13 10:13:05.279466,NewYork-a150,8,10,Normal
2026-02-13 10:13:06.279466,NewYork-a150,3,2,Normal
2026-02-13 10:13:07.279466,NewYork-a150,6,57,Normal
2026-02-13 10:13:08.279466,NewYork-a150,44,76,Normal
2026-02-13 10:13:09.279466,NewYork-a150,47,90,Normal
2026-02-13 10:13:10.279466,NewYork-a150,50,100,Normal
2026-02-13 10:13:11.279466,NewYork-a150,-9,96,Normal
2026-02-13 10:13:12.279466,NewYork-a150,21,65,Normal
2026-02-13 10:13:13.279466,NewYork-a150,-26,65,Normal
2026-02-13 10:13:14.279466,NewYork-a150,-24,14,Normal
2026-02-13 10:13:15.279466,NewYork-a150,40,49,Normal
2026-02-13 10:13:16.279466,NewYork-a150,44,13,Normal
2026-02-13 10:13:17.279466,NewYork-a150,7,28,Normal
2026-02-13 10:13:18.279466,NewYork-a150,15,82,Normal
2026-02-13 10:13:19.279466,NewYork-a150,35,60,Normal
2026-02-13 10:13:20.279466,NewYork-a150,16,61,Normal
2026-02-13 10:13:21.279466,NewYork-a150,-10,16,Normal
2026-02-13 10:13:22.279466,NewYork-a150,30,100,Normal
2026-02-13 10:13:23.279466,NewYork-a150,48,39,Normal
2026-02-13 10:13:24.279466,NewYork-a150,45,1,Normal
2026-02-13 10:13:25.279466,NewYork-a150,31,10,Normal
2026-02-13 10:13:26.279466,NewYork-a150,36,9,Normal
2026-02-13 10:13:27.279466,NewYork-a150,1,99,Normal
2026-02-13 10:13:28.279466,NewYork-a150,31,21,Normal
2026-02-13 10:13:29.279466,NewYork-a150,-16,43,Normal
2026-02-13 10:13:30.279466,NewYork-a150,-6,65,Normal
2026-02-13 10:13:31.279466,NewYork-a150,13,68,Normal
2026-02-13 10:13:32.279466,NewYork-a150,-23,23,Normal
2026-02-13 10:13:33.279466,NewYork-a150,-30,54,Normal
2026-02-13 10:13:34.279466,NewYork-a150,4,17,Normal
2026-02-13 10:13:35.279466,NewYork-a150,21,10,Normal
2026-02-13 10:13:36.279466,NewYork-a150,-21,81,Normal
2026-02-13 10:13:37.279466,NewYork-a150,-15,62,Normal
2026-02-13 10:13:38.279466,NewYork-a150,37,26,Normal
2026-02-13 10:13:39.279466,NewYork-a150,9,64,Normal
2026-02-13 10:13:40.279466,NewYork-a150,15,42,Normal
2026-02-13 10:13:41.279466,NewYork-a150,23,69,Normal
2026-02-13 10:13:42.279466,NewYork-a150,-21,2,Normal
2026-02-13 10:13:43.279466,NewYork-a150,19,72,Normal
2026-02-13 10:13:44.279466,NewYork-a150,32,2,Normal
2026-02-13 10:13:45.279466,NewYork-a150,-26,24,Normal
2026-02-13 10:13:46.279466,NewYork-a150,37,69,Normal
2026-02-13 10:13:47.279466,NewYork-a150,16,35,Normal
2026-02-13 10:13:48.279466,NewYork-a150,3,9,Normal
2026-02-13 10:13:49.279466,NewYork-a150,-30,64,Normal
2026-02-13 10:13:50.279466,NewYork-a150,-26,10,Normal
2026-02-13 10:13:51.279466,NewYork-a150,43,52,Normal
2026-02-13 10:13:52.279466,NewYork-a150,-7,88,Normal
2026-02-13 10:13:53.279466,NewYork-a150,45,27,Normal
2026-02-13 10:13:54.279466,NewYork-a150,41,34,Normal
2026-02-13 10:13:55.279466,NewYork-a150,8,64,Normal
2026-02-13 10:13:56.279466,NewYork-a150,22,64,Normal
2026-02-13 10:13:57.279466,NewYork-a150,45,41,Normal
2026-02-13 10:13:58.279466,NewYork-a150,-26,71,Normal
2026-02-13 10:13:59.279466,NewYork-a150,13,29,Normal
2026-02-13 10:14:00.279466,NewYork-a150,2,87,Normal
2026-02-13 10:14:01.279466,NewYork-a150,35,30,Normal
2026-02-13 10:14:02.279466,NewYork-a150,-26,80,Normal
2026-02-13 10:14:03.279466,NewYork-a150,-1,21,Normal
2026-02-13 10:14:04.279466,NewYork-a150,21,44,Normal
2026-02-13 10:14:05.279466,NewYork-a150,-21,0,Normal
2026-02-13 10:14:06.279466,NewYork-a150,34,80,Normal
2026-02-13 10:14:07.279466,NewYork-a150,9,17,Normal
2026-02-13 10:14:08.279466,NewYork-a150,37,55,Normal
2026-02-13 10:14:09.279466,NewYork-a150,-7,47,Normal
2026-02-13 10:14:10.279466,NewYork-a150,-24,51,Normal
2026-02-13 10:14:11.279466,NewYork-a150,-29,75,Normal
2026-02-13 10:14:12.279466,NewYork-a150,47,90,Normal
2026-02-13 10:14:13.279466,NewYork-a150,20,5,Normal
2026-02-13 10:14:14.279466,NewYork-a150,-16,38,Normal
2026-02-13 10:14:15.279466,NewYork-a150,12,83,Normal
2026-02-13 10:14:16.279466,NewYork-a150,7,31,Normal
2026-02-13 10:14:17.279466,NewYork-a150,-11,94,Normal
2026-02-13 10:14:18.279466,NewYork-a150,41,57,Normal
2026-02-13 10:14:19.279466,NewYork-a150,-30,5,Normal
2026-02-13 10:14:20.279466,NewYork-a150,-12,24,Normal
2026-02-13 10:14:21.279466,NewYork-a150,16,19,Normal
2026-02-13 10:14:22.279466,NewYork-a150,11,91,Normal
2026-02-13 10:14:23.279466,NewYork-a150,-10,28,Normal
2026-02-13 10:14:24.279466,NewYork-a150,9,85,Normal
2026-02-13 10:14:25.279466,NewYork-a150,24,83,Normal
2026-02-13 10:14:26.279466,NewYork-a150,-26,23,Normal
2026-02-13 10:14:27.279466,NewYork-a150,6,88,Normal
2026-02-13 10:14:28.279466,NewYork-a150,-4,94,Normal
2026-02-13 10:14:29.279466,NewYork-a150,-18,25,Normal
2026-02-13 10:14:30.279466,NewYork-a150,11,26,Normal
2026-02-13 10:14:31.279466,NewYork-a150,37,56,Normal
2026-02-13 10:14:32.279466,NewYork-a150,9,96,Normal
2026-02-13 10:14:33.279466,NewYork-a150,-20,15,Normal
2026-02-13 10:14:34.279466,NewYork-a150,33,6,Normal
2026-02-13 10:14:35.279466,NewYork-a150,-6,43,Normal
2026-02-13 10:14:36.279466,NewYork-a150,48,75,Normal
2026-02-13 10:14:37.279466,NewYork-a150,39,39,Normal
2026-02-13 10:14:38.279466,NewYork-a150,4,41,Normal
2026-02-13 10:14:39.279466,NewYork-a150,-19,34,Normal
2026-02-13 10:14:40.279466,NewYork-a150,-13,47,Normal
2026-02-13 10:14:41.279466,NewYork-a150,49,19,Normal
2026-02-13 10:14:42.279466,NewYork-a150,-17,96,Normal
2026-02-13 10:14:43.279466,NewYork-a150,36,8,Normal
2026-02-13 10:14:44.279466,NewYork-a150,9,54,Normal
2026-02-13 10:14:45.279466,NewYork-a150,3,18,Normal
2026-02-13 10:14:46.279466,NewYork-a150,-30,13,Normal
2026-02-13 10:14:47.279466,NewYork-a150,35,26,Normal
2026-02-13 10:14:48.279466,NewYork-a150,-18,57,Normal
2026-02-13 10:14:49.279466,NewYork-a150,-17,74,Normal
2026-02-13 10:14:50.279466,NewYork-a150,-7,88,Normal
2026-02-13 10:14:51.279466,NewYork-a150,21,95,Normal
2026-02-13 10:14:52.279466,NewYork-a150,-25,72,Normal
2026-02-13 10:14:53.279466,NewYork-a150,34,62,Normal
2026-02-13 10:14:54.279466,NewYork-a150,47,62,Normal
2026-02-13 10:14:55.279466,NewYork-a150,45,68,Normal
2026-02-13 10:14:56.279466,NewYork-a150,28,70,Normal
2026-02-13 10:14:57.279466,NewYork-a150,17,100,Normal
2026-02-13 10:14:58.279466,NewYork-a150,-25,79,Normal
2026-02-13 10:14:59.279466,NewYork-a150,42,24,Normal
2026-02-13 10:15:00.279466,NewYork-a150,50,82,Normal
2026-02-13 10:15:01.279466,NewYork-a150,26,69,Normal
2026-02-13 10:15:02.279466,NewYork-a150,10,18,Normal
2026-02-13 10:15:03.279466,NewYork-a150,-15,80,Normal
2026-02-13 10:15:04.279466,NewYork-a150,8,31,Normal
2026-02-13 10:15:05.279466,NewYork-a150,5,59,Normal
2026-02-13 10:15:06.279466,NewYork-a150,17,3,Normal
2026-02-13 10:15:07.279466,NewYork-a150,26,4,Normal
2026-02-13 10:15:08.279466,NewYork-a150,-30,35,Normal
2026-02-13 10:15:09.279466,NewYork-a150,-22,80,Normal
2026-02-13 10:15:10.279466,NewYork-a150,-13,13,Normal
2026-02-13 10:15:11.279466,NewYork-a150,-13,45,Normal
2026-02-13 10:15:12.279466,NewYork-a150,50,65,Normal
2026-02-13 10:15:13.279466,NewYork-a150,-3,52,Normal
2026-02-13 10:15:14.279466,NewYork-a150,25,47,Normal
2026-02-13 10:15:15.279466,NewYork-a150,2,92,Normal
2026-02-13 10:15:16.279466,NewYork-a150,-28,75,Normal
2026-02-13 10:15:17.279466,NewYork-a150,-27,71,Normal
2026-02-13 10:15:18.279466,NewYork-a150,-8,56,Normal
2026-02-13 10:15:19.279466,NewYork-a150,19,29,Normal
2026-02-13 10:15:20.279466,NewYork-a150,45,92,Normal
2026-02-13 10:15:21.279466,NewYork-a150,0,70,Normal
2026-02-13 10:15:22.279466,NewYork-a150,-7,20,Normal
2026-02-13 10:15:23.279466,NewYork-a150,15,82,Normal
2026-02-13 10:15:24.279466,NewYork-a150,32,66,Normal
2026-02-13 10:15:25.279466,NewYork-a150,-15,36,Normal
2026-02-13 10:15:26.279466,NewYork-a150,32,86,Normal
2026-02-13 10:15:27.279466,NewYork-a150,-8,69,Normal
2026-02-13 10:15:28.279466,NewYork-a150,-25,2,Normal
2026-02-13 10:15:29.279466,NewYork-a150,0,44,Normal
2026-02-13 10:15:30.279466,NewYork-a150,33,19,Normal
2026-02-13 10:15:31.279466,NewYork-a150,18,78,Normal
2026-02-13 10:15:32.279466,NewYork-a150,32,4,Normal
2026-02-13 10:15:33.279466,NewYork-a150,27,33,Normal
2026-02-13 10:15:34.279466,NewYork-a150,43,97,Normal
2026-02-13 10:15:35.279466,NewYork-a150,44,95,Normal
2026-02-13 10:15:36.279466,NewYork-a150,-8,40,Normal
2026-02-13 10:15:37.279466,NewYork-a150,-14,36,Normal
2026-02-13 10:15:38.279466,NewYork-a150,23,32,Normal
2026-02-13 10:15:39.279466,NewYork-a150,23,72,Normal
2026-02-13 10:15:40.279466,NewYork-a150,19,51,Normal
2026-02-13 10:15:41.279466,NewYork-a150,47,35,Normal
2026-02-13 10:15:42.279466,NewYork-a150,33,66,Normal
2026-02-13 10:15:43.279466,NewYork-a150,-22,34,Normal
2026-02-13 10:15:44.279466,NewYork-a150,7,25,Normal
2026-02-13 10:15:45.279466,NewYork-a150,36,59,Normal
2026-02-13 10:15:46.279466,NewYork-a150,-19,51,Normal
2026-02-13 10:15:47.279466,NewYork-a150,20,66,Normal
2026-02-13 10:15:48.279466,NewYork-a150,-23,25,Normal
2026-02-13 10:15:49.279466,NewYork-a150,24,97,Normal
2026-02-13 10:15:50.279466,NewYork-a150,42,54,Normal
2026-02-13 10:15:51.279466,NewYork-a150,14,52,Normal
2026-02-13 10:15:52.279466,NewYork-a150,12,51,Normal
2026-02-13 10:15:53.279466,NewYork-a150,9,90,Normal
2026-02-13 10:15:54.279466,NewYork-a150,23,29,Normal
2026-02-13 10:15:55.279466,NewYork-a150,47,66,Normal
2026-02-13 10:15:56.279466,NewYork-a150,37,62,Normal
2026-02-13 10:15:57.279466,NewYork-a150,6,44,Normal
2026-02-13 10:15:58.279466,NewYork-a150,25,65,Normal
2026-02-13 10:15:59.279466,NewYork-a150,9,42,Normal
2026-02-13 10:16:00.279466,NewYork-a150,50,54,Normal
2026-02-13 10:16:01.279466,NewYork-a150,46,95,Normal
2026-02-13 10:16:02.279466,NewYork-a150,13,23,Normal
2026-02-13 10:16:03.279466,NewYork-a150,25,16,Normal
2026-02-13 10:16:04.279466,NewYork-a150,39,34,Normal
2026-02-13 10:16:05.279466,NewYork-a150,3,16,Normal
2026-02-13 10:16:06.279466,NewYork-a150,29,15,Normal
2026-02-13 10:16:07.279466,NewYork-a150,4,78,Normal
2026-02-13 10:16:08.279466,NewYork-a150,14,46,Normal
2026-02-13 10:16:09.279466,NewYork-a150,18,74,Normal
2026-02-13 10:16:10.279466,NewYork-a150,27,69,Normal
2026-02-13 10:16:11.279466,NewYork-a150,36,24,Normal
2026-02-13 10:16:12.279466,NewYork-a150,16,100,Normal
2026-02-13 10:16:13.279466,NewYork-a150,8,13,Normal
2026-02-13 10:16:14.279466,NewYork-a150,38,84,Normal
2026-02-13 10:16:15.279466,NewYork-a150,-24,37,Normal
2026-02-13 10:16:16.279466,NewYork-a150,-30,52,Normal
2026-02-13 10:16:17.279466,NewYork-a150,-3,58,Normal
2026-02-13 10:16:18.279466,NewYork-a150,43,91,Normal
2026-02-13 10:16:19.279466,NewYork-a150,39,79,Normal
2026-02-13 10:16:20.279466,NewYork-a150,28,75,Normal
2026-02-13 10:16:21.279466,NewYork-a150,-21,94,Normal
2026-02-13 10:16:22.279466,NewYork-a150,47,22,Normal
2026-02-13 10:16:23.279466,NewYork-a150,-5,65,Normal
2026-02-13 10:16:24.279466,NewYork-a150,-5,84,Normal
2026-02-13 10:16:25.279466,NewYork-a150,3,14,Normal
2026-02-13 10:16:26.279466,NewYork-a150,2,7,Normal
2026-02-13 10:16:27.279466,NewYork-a150,27,21,Normal
2026-02-13 10:16:28.279466,NewYork-a150,27,46,Normal
2026-02-13 10:16:29.279466,NewYork-a150,18,99,Normal
2026-02-13 10:16:30.279466,NewYork-a150,-23,6,Normal
2026-02-13 10:16:31.279466,NewYork-a150,9,39,Normal
2026-02-13 10:16:32.279466,NewYork-a150,2,27,Normal
2026-02-13 10:16:33.279466,NewYork-a150,13,63,Normal
2026-02-13 10:16:34.279466,NewYork-a150,21,32,Normal
2026-02-13 10:16:35.279466,NewYork-a150,37,99,Normal
2026-02-13 10:16:36.279466,NewYork-a150,-6,24,Normal
2026-02-13 10:16:37.279466,NewYork-a150,-24,64,Normal
2026-02-13 10:16:38.279466,NewYork-a150,49,48,Normal
2026-02-13 10:16:39.279466,NewYork-a150,4,24,Normal
2026-02-13 10:16:40.279466,NewYork-a150,22,1,Normal
2026-02-13 10:16:41.279466,NewYork-a150,30,51,Normal
2026-02-13 10:16:42.279466,NewYork-a150,-15,37,Normal
2026-02-13 10:16:43.279466,NewYork-a150,14,47,Normal
2026-02-13 10:16:44.279466,NewYork-a150,15,76,Normal
2026-02-13 10:16:45.279466,NewYork-a150,38,43,Normal
2026-02-13 10:16:46.279466,NewYork-a150,-7,72,Normal
2026-02-13 10:16:47.279466,NewYork-a150,15,20,Normal
2026-02-13 10:16:48.279466,NewYork-a150,20,30,Normal
2026-02-13 10:16:49.279466,NewYork-a150,-12,77,Normal
2026-02-13 10:16:50.279466,NewYork-a150,0,24,Normal
2026-02-13 10:16:51.279466,NewYork-a150,8,85,Normal
2026-02-13 10:16:52.279466,NewYork-a150,-7,38,Normal
2026-02-13 10:16:53.279466,NewYork-a150,10,6,Normal
2026-02-13 10:16:54.279466,NewYork-a150,41,51,Normal
2026-02-13 10:16:55.279466,NewYork-a150,-25,81,Normal
2026-02-13 10:16:56.279466,NewYork-a150,24,72,Normal
2026-02-13 10:16:57.279466,NewYork-a150,18,51,Normal
2026-02-13 10:16:58.279466,NewYork-a150,9,84,Normal
2026-02-13 10:16:59.279466,NewYork-a150,5,28,Normal
2026-02-13 10:17:00.279466,NewYork-a150,1,12,Normal
2026-02-13 10:17:01.279466,NewYork-a150,21,31,Normal
2026-02-13 10:17:02.279466,NewYork-a150,-1,34,Normal
2026-02-13 10:17:03.279466,NewYork-a150,9,88,Normal
2026-02-13 10:17:04.279466,NewYork-a150,-19,13,Normal
2026-02-13 10:17:05.279466,NewYork-a150,2,73,Normal
2026-02-13 10:17:06.279466,NewYork-a150,19,32,Normal
2026-02-13 10:17:07.279466,NewYork-a150,27,59,Normal
2026-02-13 10:17:08.279466,NewYork-a150,-23,26,Normal
2026-02-13 10:17:09.279466,NewYork-a150,39,14,Normal
2026-02-13 10:17:10.279466,NewYork-a150,-24,79,Normal
2026-02-13 10:17:11.279466,NewYork-a150,-25,58,Normal
2026-02-13 10:17:12.279466,NewYork-a150,8,9,Normal
2026-02-13 10:17:13.279466,NewYork-a150,8,34,Normal
2026-02-13 10:17:14.279466,NewYork-a150,-13,32,Normal
2026-02-13 10:17:15.279466,NewYork-a150,37,97,Normal
2026-02-13 10:17:16.279466,NewYork-a150,-13,83,Normal
2026-02-13 10:17:17.279466,NewYork-a150,42,100,Normal
2026-02-13 10:17:18.279466,NewYork-a150,38,61,Normal
2026-02-13 10:17:19.279466,NewYork-a150,-3,42,Normal
2026-02-13 10:17:20.279466,NewYork-a150,-24,68,Normal
2026-02-13 10:17:21.279466,NewYork-a150,16,81,Normal
2026-02-13 10:17:22.279466,NewYork-a150,41,16,Normal
2026-02-13 10:17:23.279466,NewYork-a150,22,71,Normal
2026-02-13 10:17:24.279466,NewYork-a150,-2,79,Normal
2026-02-13 10:17:25.279466,NewYork-a150,-18,28,Normal
2026-02-13 10:17:26.279466,NewYork-a150,-8,26,Normal
2026-02-13 10:17:27.279466,NewYork-a150,37,9,Normal
2026-02-13 10:17:28.279466,NewYork-a150,-30,76,Normal
2026-02-13 10:17:29.279466,NewYork-a150,-10,34,Normal
2026-02-13 10:17:30.279466,NewYork-a150,-16,52,Normal
2026-02-13 10:17:31.279466,NewYork-a150,-7,48,Normal
2026-02-13 10:17:32.279466,NewYork-a150,0,3,Normal
2026-02-13 10:17:33.279466,NewYork-a150,32,26,Normal
2026-02-13 10:17:34.279466,NewYork-a150,-29,40,Normal
2026-02-13 10:17:35.279466,NewYork-a150,46,58,Normal
2026-02-13 10:17:36.279466,NewYork-a150,23,61,Normal
2026-02-13 10:17:37.279466,NewYork-a150,-10,84,Normal
2026-02-13 10:17:38.279466,NewYork-a150,24,33,Normal
2026-02-13 10:17:39.279466,NewYork-a150,20,55,Normal
2026-02-13 10:17:40.279466,NewYork-a150,32,7,Normal
2026-02-13 10:17:41.279466,NewYork-a150,-2,34,Normal
2026-02-13 10:17:42.279466,NewYork-a150,8,8,Normal
2026-02-13 10:17:43.279466,NewYork-a150,-5,84,Normal
2026-02-13 10:17:44.279466,NewYork-a150,33,93,Normal
2026-02-13 10:17:45.279466,NewYork-a150,-15,45,Normal
2026-02-13 10:17:46.279466,NewYork-a150,42,73,Normal
2026-02-13 10:17:47.279466,NewYork-a150,8,96,Normal
2026-02-13 10:17:48.279466,NewYork-a150,-3,26,Normal
2026-02-13 10:17:49.279466,NewYork-a150,12,96,Normal
2026-02-13 10:17:50.279466,NewYork-a150,-21,41,Normal
2026-02-13 10:17:51.279466,NewYork-a150,7,29,Normal
2026-02-13 10:17:52.279466,NewYork-a150,-7,82,Normal
2026-02-13 10:17:53.279466,NewYork-a150,15,84,Normal
2026-02-13 10:17:54.279466,NewYork-a150,43,3,Normal
2026-02-13 10:17:55.279466,NewYork-a150,32,6,Normal
2026-02-13 10:17:56.279466,NewYork-a150,-23,74,Normal
2026-02-13 10:17:57.279466,NewYork-a150,27,45,Normal
2026-02-13 10:17:58.279466,NewYork-a150,50,9,Normal
2026-02-13 10:17:59.279466,NewYork-a150,17,37,Normal
2026-02-13 10:18:00.279466,NewYork-a150,-4,85,Normal
2026-02-13 10:18:01.279466,NewYork-a150,-2,100,Normal
2026-02-13 10:18:02.279466,NewYork-a150,-16,67,Normal
2026-02-13 10:18:03.279466,NewYork-a150,1,34,Normal
2026-02-13 10:18:04.279466,NewYork-a150,-16,99,Normal
2026-02-13 10:18:05.279466,NewYork-a150,-10,83,Normal
2026-02-13 10:18:06.279466,NewYork-a150,5,61,Normal
2026-02-13 10:18:07.279466,NewYork-a150,20,98,Normal
2026-02-13 10:18:08.279466,NewYork-a150,2,50,Normal
2026-02-13 10:18:09.279466,NewYork-a150,-25,69,Normal
2026-02-13 10:18:10.279466,NewYork-a150,15,49,Normal
2026-02-13 10:18:11.279466,NewYork-a150,26,25,Normal
2026-02-13 10:18:12.279466,NewYork-a150,47,92,Normal
2026-02-13 10:18:13.279466,NewYork-a150,11,2,Normal
2026-02-13 10:18:14.279466,NewYork-a150,-23,33,Normal
2026-02-13 10:18:15.279466,NewYork-a150,2,75,Normal
2026-02-13 10:18:16.279466,NewYork-a150,-25,22,Normal
2026-02-13 10:18:17.279466,NewYork-a150,22,53,Normal
2026-02-13 10:18:18.279466,NewYork-a150,37,13,Normal
2026-02-13 10:18:19.279466,NewYork-a150,33,71,Normal
2026-02-13 10:18:20.279466,NewYork-a150,50,34,Normal
2026-02-13 10:18:21.279466,NewYork-a150,-25,52,Normal
2026-02-13 10:18:22.279466,NewYork-a150,25,82,Normal
2026-02-13 10:18:23.279466,NewYork-a150,37,41,Normal
2026-02-13 10:18:24.279466,NewYork-a150,-4,73,Normal
2026-02-13 10:18:25.279466,NewYork-a150,-5,77,Normal
2026-02-13 10:18:26.279466,NewYork-a150,-12,33,Normal
2026-02-13 10:18:27.279466,NewYork-a150,3,92,Normal
2026-02-13 10:18:28.279466,NewYork-a150,-20,73,Normal
2026-02-13 10:18:29.279466,NewYork-a150,31,51,Normal
2026-02-13 10:18:30.279466,NewYork-a150,-18,72,Normal
2026-02-13 10:18:31.279466,NewYork-a150,15,14,Normal
2026-02-13 10:18:32.279466,NewYork-a150,-30,20,Normal
2026-02-13 10:18:33.279466,NewYork-a150,-28,67,Normal
2026-02-13 10:18:34.279466,NewYork-a150,0,39,Normal
2026-02-13 10:18:35.279466,NewYork-a150,9,77,Normal
2026-02-13 10:18:36.279466,NewYork-a150,-10,90,Normal
2026-02-13 10:18:37.279466,NewYork-a150,20,83,Normal
2026-02-13 10:18:38.279466,NewYork-a150,21,87,Normal
2026-02-13 10:18:39.279466,NewYork-a150,36,30,Normal
2026-02-13 10:18:40.279466,NewYork-a150,39,47,Normal
2026-02-13 10:18:41.279466,NewYork-a150,-19,10,Normal
2026-02-13 10:18:42.279466,NewYork-a150,28,58,Normal
2026-02-13 10:18:43.279466,NewYork-a150,-18,86,Normal
2026-02-13 10:18:44.279466,NewYork-a150,3,35,Normal
2026-02-13 10:18:45.279466,NewYork-a150,-19,69,Normal
2026-02-13 10:18:46.279466,NewYork-a150,43,73,Normal
2026-02-13 10:18:47.279466,NewYork-a150,29,1,Normal
2026-02-13 10:18:48.279466,NewYork-a150,48,98,Normal
2026-02-13 10:18:49.279466,NewYork-a150,6,33,Normal
2026-02-13 10:18:50.279466,NewYork-a150,48,31,Normal
2026-02-13 10:18:51.279466,NewYork-a150,29,95,Normal
2026-02-13 10:18:52.279466,NewYork-a150,24,3,Normal
2026-02-13 10:18:53.279466,NewYork-a150,-28,73,Normal
2026-02-13 10:18:54.279466,NewYork-a150,18,20,Normal
2026-02-13 10:18:55.279466,NewYork-a150,6,42,Normal
2026-02-13 10:18:56.279466,NewYork-a150,35,0,Normal
2026-02-13 10:18:57.279466,NewYork-a150,9,36,Normal
2026-02-13 10:18:58.279466,NewYork-a150,31,51,Normal
2026-02-13 10:18:59.279466,NewYork-a150,22,60,Normal
2026-02-13 10:19:00.279466,NewYork-a150,43,94,Normal
2026-02-13 10:19:01.279466,NewYork-a150,13,83,Normal
2026-02-13 10:19:02.279466,NewYork-a150,-23,94,Normal
2026-02-13 10:19:03.279466,NewYork-a150,26,98,Normal
2026-02-13 10:19:04.279466,NewYork-a150,12,100,Normal
2026-02-13 10:19:05.279466,NewYork-a150,32,74,Normal
2026-02-13 10:19:06.279466,NewYork-a150,-11,79,Normal
2026-02-13 10:19:07.279466,NewYork-a150,48,18,Normal
2026-02-13 10:19:08.279466,NewYork-a150,40,3,Normal
2026-02-13 10:19:09.279466,NewYork-a150,32,32,Normal
2026-02-13 10:19:10.279466,NewYork-a150,-4,91,Normal
2026-02-13 10:19:11.279466,NewYork-a150,47,83,Normal
2026-02-13 10:19:12.279466,NewYork-a150,40,93,Normal
2026-02-13 10:19:13.279466,NewYork-a150,15,15,Normal
2026-02-13 10:19:14.279466,NewYork-a150,-23,65,Normal
2026-02-13 10:19:15.279466,NewYork-a150,-29,65,Normal
2026-02-13 10:19:16.279466,NewYork-a150,-7,39,Normal
2026-02-13 10:19:17.279466,NewYork-a150,28,98,Normal
2026-02-13 10:19:18.279466,NewYork-a150,28,20,Normal
2026-02-13 10:19:19.279466,NewYork-a150,-22,80,Normal
2026-02-13 10:19:20.279466,NewYork-a150,-8,97,Normal
2026-02-13 10:19:21.279466,NewYork-a150,-27,28,Normal
2026-02-13 10:19:22.279466,NewYork-a150,-21,16,Normal
2026-02-13 10:19:23.279466,NewYork-a150,23,86,Normal
2026-02-13 10:19:24.279466,NewYork-a150,-2,25,Normal
2026-02-13 10:19:25.279466,NewYork-a150,5,61,Normal
2026-02-13 10:19:26.279466,NewYork-a150,47,62,Normal
2026-02-13 10:19:27.279466,NewYork-a150,-24,92,Normal
2026-02-13 10:19:28.279466,NewYork-a150,-27,39,Normal
2026-02-13 10:19:29.279466,NewYork-a150,25,75,Normal
2026-02-13 10:19:30.279466,NewYork-a150,1,44,Normal
2026-02-13 10:19:31.279466,NewYork-a150,30,54,Normal
2026-02-13 10:19:32.279466,NewYork-a150,-27,94,Normal
2026-02-13 10:19:33.279466,NewYork-a150,-8,56,Normal
2026-02-13 10:19:34.279466,NewYork-a150,35,43,Normal
2026-02-13 10:19:35.279466,NewYork-a150,46,17,Normal
2026-02-13 10:19:36.279466,NewYork-a150,-28,60,Normal
2026-02-13 10:19:37.279466,NewYork-a150,17,70,Normal
2026-02-13 10:19:38.279466,NewYork-a150,42,22,Normal
2026-02-13 10:19:39.279466,NewYork-a150,34,42,Normal
2026-02-13 10:19:40.279466,NewYork-a150,4,0,Normal
2026-02-13 10:19:41.279466,NewYork-a150,20,57,Normal
2026-02-13 10:19:42.279466,NewYork-a150,48,66,Normal
2026-02-13 10:19:43.279466,NewYork-a150,-18,68,Normal
2026-02-13 10:19:44.279466,NewYork-a150,15,82,Normal
2026-02-13 10:19:45.279466,NewYork-a150,-14,24,Normal
2026-02-13 10:19:46.279466,NewYork-a150,-29,64,Normal
2026-02-13 10:19:47.279466,NewYork-a150,-18,4,Normal
2026-02-13 10:19:48.279466,NewYork-a150,-10,7,Normal
2026-02-13 10:19:49.279466,NewYork-a150,13,92,Normal
2026-02-13 10:19:50.279466,NewYork-a150,-7,42,Normal
2026-02-13 10:19:51.279466,NewYork-a150,-1,43,Normal
2026-02-13 10:19:52.279466,NewYork-a150,37,63,Normal
2026-02-13 10:19:53.279466,NewYork-a150,20,19,Normal
2026-02-13 10:19:54.279466,NewYork-a150,0,48,Normal
2026-02-13 10:19:55.279466,NewYork-a150,-6,41,Normal
2026-02-13 10:19:56.279466,NewYork-a150,-1,65,Normal
2026-02-13 10:19:57.279466,NewYork-a150,20,20,Normal
2026-02-13 10:19:58.279466,NewYork-a150,43,25,Normal
2026-02-13 10:19:59.279466,NewYork-a150,24,20,Normal
2026-02-13 10:20:00.279466,NewYork-a150,17,94,Normal
2026-02-13 10:20:01.279466,NewYork-a150,29,62,Normal
2026-02-13 10:20:02.279466,NewYork-a150,-7,86,Normal
2026-02-13 10:20:03.279466,NewYork-a150,1,46,Normal
2026-02-13 10:20:04.279466,NewYork-a150,2,45,Normal
2026-02-13 10:20:05.279466,NewYork-a150,-17,70,Normal
2026-02-13 10:20:06.279466,NewYork-a150,12,71,Normal
2026-02-13 10:20:07.279466,NewYork-a150,-18,34,Normal
2026-02-13 10:20:08.279466,NewYork-a150,48,0,Normal
2026-02-13 10:20:09.279466,NewYork-a150,-28,87,Normal
2026-02-13 10:20:10.279466,NewYork-a150,27,33,Normal
2026-02-13 10:20:11.279466,NewYork-a150,15,99,Normal
2026-02-13 10:20:12.279466,NewYork-a150,49,34,Normal
2026-02-13 10:20:13.279466,NewYork-a150,-16,76,Normal
2026-02-13 10:20:14.279466,NewYork-a150,-18,61,Normal
2026-02-13 10:20:15.279466,NewYork-a150,32,99,Normal
2026-02-13 10:20:16.279466,NewYork-a150,41,97,Normal
2026-02-13 10:20:17.279466,NewYork-a150,-5,35,Normal
2026-02-13 10:20:18.279466,NewYork-a150,37,92,Normal
2026-02-13 10:20:19.279466,NewYork-a150,-30,19,Normal
2026-02-13 10:20:20.279466,NewYork-a150,-13,2,Normal
2026-02-13 10:20:21.279466,NewYork-a150,1,61,Normal
2026-02-13 10:20:22.279466,NewYork-a150,2,45,Normal
2026-02-13 10:20:23.279466,NewYork-a150,-21,90,Normal
2026-02-13 10:20:24.279466,NewYork-a150,32,76,Normal
2026-02-13 10:20:25.279466,NewYork-a150,50,30,Normal
2026-02-13 10:20:26.279466,NewYork-a150,-1,53,Normal
2026-02-13 10:20:27.279466,NewYork-a150,5,26,Normal
2026-02-13 10:20:28.279466,NewYork-a150,42,49,Normal
2026-02-13 10:20:29.279466,NewYork-a150,-2,81,Normal
2026-02-13 10:20:30.279466,NewYork-a150,-22,40,Normal
2026-02-13 10:20:31.279466,NewYork-a150,-8,72,Normal
2026-02-13 10:20:32.279466,NewYork-a150,20,83,Normal
2026-02-13 10:20:33.279466,NewYork-a150,2,93,Normal
2026-02-13 10:20:34.279466,NewYork-a150,-12,99,Normal
2026-02-13 10:20:35.279466,NewYork-a150,-19,59,Normal
2026-02-13 10:20:36.279466,NewYork-a150,34,16,Normal
2026-02-13 10:20:37.279466,NewYork-a150,14,12,Normal
2026-02-13 10:20:38.279466,NewYork-a150,-30,53,Normal
2026-02-13 10:20:39.279466,NewYork-a150,1,76,Normal
2026-02-13 10:20:40.279466,NewYork-a150,31,88,Normal
2026-02-13 10:20:41.279466,NewYork-a150,-13,18,Normal
2026-02-13 10:20:42.279466,NewYork-a150,-26,24,Normal
2026-02-13 10:20:43.279466,NewYork-a150,30,18,Normal
2026-02-13 10:20:44.279466,NewYork-a150,17,62,Normal
2026-02-13 10:20:45.279466,NewYork-a150,0,12,Normal
2026-02-13 10:20:46.279466,NewYork-a150,18,73,Normal
2026-02-13 10:20:47.279466,NewYork-a150,21,19,Normal
2026-02-13 10:20:48.279466,NewYork-a150,-4,73,Normal
2026-02-13 10:20:49.279466,NewYork-a150,32,10,Normal
2026-02-13 10:20:50.279466,NewYork-a150,-10,24,Normal
2026-02-13 10:20:51.279466,NewYork-a150,22,76,Normal
2026-02-13 10:20:52.279466,NewYork-a150,-21,35,Normal
2026-02-13 10:20:53.279466,NewYork-a150,-23,19,Normal
2026-02-13 10:20:54.279466,NewYork-a150,2,33,Normal
2026-02-13 10:20:55.279466,NewYork-a150,3,33,Normal
2026-02-13 10:20:56.279466,NewYork-a150,25,57,Normal
2026-02-13 10:20:57.279466,NewYork-a150,41,36,Normal
2026-02-13 10:20:58.279466,NewYork-a150,-1,26,Normal
2026-02-13 10:20:59.279466,NewYork-a150,4,44,Normal
2026-02-13 10:21:00.279466,NewYork-a150,16,32,Normal
2026-02-13 10:21:01.279466,NewYork-a150,50,18,Normal
2026-02-13 10:21:02.279466,NewYork-a150,28,64,Normal
2026-02-13 10:21:03.279466,NewYork-a150,45,7,Normal
2026-02-13 10:21:04.279466,NewYork-a150,41,87,Normal
2026-02-13 10:21:05.279466,NewYork-a150,7,3,Normal
2026-02-13 10:21:06.279466,NewYork-a150,-4,1,Normal
2026-02-13 10:21:07.279466,NewYork-a150,-26,11,Normal
2026-02-13 10:21:08.279466,NewYork-a150,1,76,Normal
2026-02-13 10:21:09.279466,NewYork-a150,33,87,Normal
2026-02-13 10:21:10.279466,NewYork-a150,42,31,Normal
2026-02-13 10:21:11.279466,NewYork-a150,6,16,Normal
2026-02-13 10:21:12.279466,NewYork-a150,-2,100,Normal
2026-02-13 10:21:13.279466,NewYork-a150,9,31,Normal
2026-02-13 10:21:14.279466,NewYork-a150,35,6,Normal
2026-02-13 10:21:15.279466,NewYork-a150,-28,92,Normal
2026-02-13 10:21:16.279466,NewYork-a150,44,40,Normal
2026-02-13 10:21:17.279466,NewYork-a150,37,61,Normal
2026-02-13 10:21:18.279466,NewYork-a150,-2,86,Normal
2026-02-13 10:21:19.279466,NewYork-a150,-7,20,Normal
2026-02-13 10:21:20.279466,NewYork-a150,-18,44,Normal
2026-02-13 10:21:21.279466,NewYork-a150,-5,0,Normal
2026-02-13 10:21:22.279466,NewYork-a150,-6,28,Normal
2026-02-13 10:21:23.279466,NewYork-a150,44,54,Normal
2026-02-13 10:21:24.279466,NewYork-a150,-1,80,Normal
2026-02-13 10:21:25.279466,NewYork-a150,-25,40,Normal
2026-02-13 10:21:26.279466,NewYork-a150,-12,76,Normal
2026-02-13 10:21:27.279466,NewYork-a150,-16,66,Normal
2026-02-13 10:21:28.279466,NewYork-a150,24,27,Normal
2026-02-13 10:21:29.279466,NewYork-a150,37,8,Normal
2026-02-13 10:21:30.279466,NewYork-a150,-24,26,Normal
2026-02-13 10:21:31.279466,NewYork-a150,-9,75,Normal
2026-02-13 10:21:32.279466,NewYork-a150,-4,61,Normal
2026-02-13 10:21:33.279466,NewYork-a150,0,73,Normal
2026-02-13 10:21:34.279466,NewYork-a150,-25,4,Normal
2026-02-13 10:21:35.279466,NewYork-a150,42,80,Normal
2026-02-13 10:21:36.279466,NewYork-a150,34,82,Normal
2026-02-13 10:21:37.279466,NewYork-a150,6,53,Normal
2026-02-13 10:21:38.279466,NewYork-a150,19,38,Normal
2026-02-13 10:21:39.279466,NewYork-a150,-2,73,Normal
2026-02-13 10:21:40.279466,NewYork-a150,-30,49,Normal
2026-02-13 10:21:41.279466,NewYork-a150,-3,34,Normal
2026-02-13 10:21:42.279466,NewYork-a150,41,40,Normal
2026-02-13 10:21:43.279466,NewYork-a150,-21,94,Normal
2026-02-13 10:21:44.279466,NewYork-a150,-11,32,Normal
2026-02-13 10:21:45.279466,NewYork-a150,-19,49,Normal
2026-02-13 10:21:46.279466,NewYork-a150,22,6,Normal
2026-02-13 10:21:47.279466,NewYork-a150,23,37,Normal
2026-02-13 10:21:48.279466,NewYork-a150,-21,9,Normal
2026-02-13 10:21:49.279466,NewYork-a150,45,45,Normal
2026-02-13 10:21:50.279466,NewYork-a150,-11,70,Normal
2026-02-13 10:21:51.279466,NewYork-a150,0,93,Normal
2026-02-13 10:21:52.279466,NewYork-a150,23,2,Normal
2026-02-13 10:21:53.279466,NewYork-a150,-15,92,Normal
2026-02-13 10:21:54.279466,NewYork-a150,-18,12,Normal
2026-02-13 10:21:55.279466,NewYork-a150,41,91,Normal
2026-02-13 10:21:56.279466,NewYork-a150,-27,68,Normal
2026-02-13 10:21:57.279466,NewYork-a150,36,76,Normal
2026-02-13 10:21:58.279466,NewYork-a150,46,56,Normal
2026-02-13 10:21:59.279466,NewYork-a150,12,51,Normal
2026-02-13 10:22:00.279466,NewYork-a150,-1,75,Normal
2026-02-13 10:22:01.279466,NewYork-a150,-5,34,Normal
2026-02-13 10:22:02.279466,NewYork-a150,-16,7,Normal
2026-02-13 10:22:03.279466,NewYork-a150,10,27,Normal
2026-02-13 10:22:04.279466,NewYork-a150,23,14,Normal
2026-02-13 10:22:05.279466,NewYork-a150,34,23,Normal
2026-02-13 10:22:06.279466,NewYork-a150,-4,81,Normal
2026-02-13 10:22:07.279466,NewYork-a150,32,26,Normal
2026-02-13 10:22:08.279466,NewYork-a150,-26,36,Normal
2026-02-13 10:22:09.279466,NewYork-a150,-2,2,Normal
2026-02-13 10:22:10.279466,NewYork-a150,47,7,Normal
2026-02-13 10:22:11.279466,NewYork-a150,25,25,Normal
2026-02-13 10:22:12.279466,NewYork-a150,7,97,Normal
2026-02-13 10:22:13.279466,NewYork-a150,28,37,Normal
2026-02-13 10:22:14.279466,NewYork-a150,37,87,Normal
2026-02-13 10:22:15.279466,NewYork-a150,-6,16,Normal
2026-02-13 10:22:16.279466,NewYork-a150,47,84,Normal
2026-02-13 10:22:17.279466,NewYork-a150,-22,62,Normal
2026-02-13 10:22:18.279466,NewYork-a150,-17,35,Normal
2026-02-13 10:22:19.279466,NewYork-a150,34,61,Normal
2026-02-13 10:22:20.279466,NewYork-a150,23,33,Normal
2026-02-13 10:22:21.279466,NewYork-a150,26,20,Normal
2026-02-13 10:22:22.279466,NewYork-a150,-25,18,Normal
2026-02-13 10:22:23.279466,NewYork-a150,38,52,Normal
2026-02-13 10:22:24.279466,NewYork-a150,30,93,Normal
2026-02-13 10:22:25.279466,NewYork-a150,-21,84,Normal
2026-02-13 10:22:26.279466,NewYork-a150,-15,89,Normal
2026-02-13 10:22:27.279466,NewYork-a150,6,60,Normal
2026-02-13 10:22:28.279466,NewYork-a150,38,57,Normal
2026-02-13 10:22:29.279466,NewYork-a150,0,45,Normal
2026-02-13 10:22:30.279466,NewYork-a150,-14,88,Normal
2026-02-13 10:22:31.279466,NewYork-a150,-5,72,Normal
2026-02-13 10:22:32.279466,NewYork-a150,13,94,Normal
2026-02-13 10:22:33.279466,NewYork-a150,9,18,Normal
2026-02-13 10:22:34.279466,NewYork-a150,0,88,Normal
2026-02-13 10:22:35.279466,NewYork-a150,17,88,Normal
2026-02-13 10:22:36.279466,NewYork-a150,4,2,Normal
2026-02-13 10:22:37.279466,NewYork-a150,11,32,Normal
2026-02-13 10:22:38.279466,NewYork-a150,16,53,Normal
2026-02-13 10:22:39.279466,NewYork-a150,42,21,Normal
2026-02-13 10:22:40.279466,NewYork-a150,-4,60,Normal
2026-02-13 10:22:41.279466,NewYork-a150,27,95,Normal
2026-02-13 10:22:42.279466,NewYork-a150,45,68,Normal
2026-02-13 10:22:43.279466,NewYork-a150,43,100,Normal
2026-02-13 10:22:44.279466,NewYork-a150,0,63,Normal
2026-02-13 10:22:45.279466,NewYork-a150,3,7,Normal
2026-02-13 10:22:46.279466,NewYork-a150,-23,73,Normal
2026-02-13 10:22:47.279466,NewYork-a150,41,99,Normal
2026-02-13 10:22:48.279466,NewYork-a150,-1,84,Normal
2026-02-13 10:22:49.279466,NewYork-a150,34,33,Normal
2026-02-13 10:22:50.279466,NewYork-a150,-10,100,Normal
2026-02-13 10:22:51.279466,NewYork-a150,-12,9,Normal
2026-02-13 10:22:52.279466,NewYork-a150,-3,26,Normal
2026-02-13 10:22:53.279466,NewYork-a150,37,3,Normal
2026-02-13 10:22:54.279466,NewYork-a150,-13,6,Normal
2026-02-13 10:22:55.279466,NewYork-a150,-16,8,Normal
2026-02-13 10:22:56.279466,NewYork-a150,7,67,Normal
2026-02-13 10:22:57.279466,NewYork-a150,37,15,Normal
2026-02-13 10:22:58.279466,NewYork-a150,-22,67,Normal
2026-02-13 10:22:59.279466,NewYork-a150,37,52,Normal
2026-02-13 10:23:00.279466,NewYork-a150,46,80,Normal
2026-02-13 10:23:01.279466,NewYork-a150,11,98,Normal
2026-02-13 10:23:02.279466,NewYork-a150,-13,54,Normal
2026-02-13 10:23:03.279466,NewYork-a150,36,15,Normal
2026-02-13 10:23:04.279466,NewYork-a150,-23,38,Normal
2026-02-13 10:23:05.279466,NewYork-a150,48,12,Normal
2026-02-13 10:23:06.279466,NewYork-a150,-1,2,Normal
2026-02-13 10:23:07.279466,NewYork-a150,17,25,Normal
2026-02-13 10:23:08.279466,NewYork-a150,5,61,Normal
2026-02-13 10:23:09.279466,NewYork-a150,-5,40,Normal
2026-02-13 10:23:10.279466,NewYork-a150,36,51,Normal
2026-02-13 10:23:11.279466,NewYork-a150,-18,27,Normal
2026-02-13 10:23:12.279466,NewYork-a150,-27,22,Normal
2026-02-13 10:23:13.279466,NewYork-a150,25,72,Normal
2026-02-13 10:23:14.279466,NewYork-a150,-29,55,Normal
2026-02-13 10:23:15.279466,NewYork-a150,-27,70,Normal
2026-02-13 10:23:16.279466,NewYork-a150,-16,87,Normal
2026-02-13 10:23:17.279466,NewYork-a150,0,5,Normal
2026-02-13 10:23:18.279466,NewYork-a150,40,91,Normal
2026-02-13 10:23:19.279466,NewYork-a150,25,63,Normal
2026-02-13 10:23:20.279466,NewYork-a150,-23,57,Normal
2026-02-13 10:23:21.279466,NewYork-a150,-12,15,Normal
2026-02-13 10:23:22.279466,NewYork-a150,26,24,Normal
2026-02-13 10:23:23.279466,NewYork-a150,38,34,Normal
2026-02-13 10:23:24.279466,NewYork-a150,43,30,Normal
2026-02-13 10:23:25.279466,NewYork-a150,37,100,Normal
2026-02-13 10:23:26.279466,NewYork-a150,-7,56,Normal
2026-02-13 10:23:27.279466,NewYork-a150,-8,14,Normal
2026-02-13 10:23:28.279466,NewYork-a150,11,94,Normal
2026-02-13 10:23:29.279466,NewYork-a150,26,62,Normal
2026-02-13 10:23:30.279466,NewYork-a150,24,56,Normal
2026-02-13 10:23:31.279466,NewYork-a150,0,60,Normal
2026-02-13 10:23:32.279466,NewYork-a150,11,43,Normal
2026-02-13 10:23:33.279466,NewYork-a150,-27,42,Normal
2026-02-13 10:23:34.279466,NewYork-a150,1,95,Normal
2026-02-13 10:23:35.279466,NewYork-a150,46,46,Normal
2026-02-13 10:23:36.279466,NewYork-a150,-5,57,Normal
2026-02-13 10:23:37.279466,NewYork-a150,-26,67,Normal
2026-02-13 10:23:38.279466,NewYork-a150,49,17,Normal
2026-02-13 10:23:39.279466,NewYork-a150,-17,12,Normal
2026-02-13 10:23:40.279466,NewYork-a150,24,31,Normal
2026-02-13 10:23:41.279466,NewYork-a150,37,27,Normal
2026-02-13 10:23:42.279466,NewYork-a150,6,44,Normal
2026-02-13 10:23:43.279466,NewYork-a150,20,65,Normal
2026-02-13 10:23:44.279466,NewYork-a150,45,31,Normal
2026-02-13 10:23:45.279466,NewYork-a150,36,1,Normal
2026-02-13 10:23:46.279466,NewYork-a150,6,5,Normal
2026-02-13 10:23:47.279466,NewYork-a150,-12,93,Normal
2026-02-13 10:23:48.279466,NewYork-a150,10,65,Normal
2026-02-13 10:23:49.279466,NewYork-a150,-13,7,Normal
2026-02-13 10:23:50.279466,NewYork-a150,5,8,Normal
2026-02-13 10:23:51.279466,NewYork-a150,8,69,Normal
2026-02-13 10:23:52.279466,NewYork-a150,19,38,Normal
2026-02-13 10:23:53.279466,NewYork-a150,16,66,Normal
2026-02-13 10:23:54.279466,NewYork-a150,-27,38,Normal
2026-02-13 10:23:55.279466,NewYork-a150,43,12,Normal
2026-02-13 10:23:56.279466,NewYork-a150,6,76,Normal
2026-02-13 10:23:57.279466,NewYork-a150,-29,84,Normal
2026-02-13 10:23:58.279466,NewYork-a150,44,83,Normal
2026-02-13 10:23:59.279466,NewYork-a150,31,73,Normal
2026-02-13 10:24:00.279466,NewYork-a150,-19,28,Normal
2026-02-13 10:24:01.279466,NewYork-a150,-7,43,Normal
2026-02-13 10:24:02.279466,NewYork-a150,22,68,Normal
2026-02-13 10:24:03.279466,NewYork-a150,0,84,Normal
2026-02-13 10:24:04.279466,NewYork-a150,5,4,Normal
2026-02-13 10:24:05.279466,NewYork-a150,39,40,Normal
2026-02-13 10:24:06.279466,NewYork-a150,-21,31,Normal
2026-02-13 10:24:07.279466,NewYork-a150,20,58,Normal
2026-02-13 10:24:08.279466,NewYork-a150,34,45,Normal
2026-02-13 10:24:09.279466,NewYork-a150,11,55,Normal
2026-02-13 10:24:10.279466,NewYork-a150,-18,60,Normal
2026-02-13 10:24:11.279466,NewYork-a150,-6,31,Normal
2026-02-13 10:24:12.279466,NewYork-a150,33,70,Normal
2026-02-13 10:24:13.279466,NewYork-a150,16,21,Normal
2026-02-13 10:24:14.279466,NewYork-a150,-4,74,Normal
2026-02-13 10:24:15.279466,NewYork-a150,21,73,Normal
2026-02-13 10:24:16.279466,NewYork-a150,38,44,Normal
2026-02-13 10:24:17.279466,NewYork-a150,11,22,Normal
2026-02-13 10:24:18.279466,NewYork-a150,42,38,Normal
2026-02-13 10:24:19.279466,NewYork-a150,34,10,Normal
2026-02-13 10:24:20.279466,NewYork-a150,-3,32,Normal
2026-02-13 10:24:21.279466,NewYork-a150,12,4,Normal
2026-02-13 10:24:22.279466,NewYork-a150,9,16,Normal
2026-02-13 10:24:23.279466,NewYork-a150,9,2,Normal
2026-02-13 10:24:24.279466,NewYork-a150,47,2,Normal
2026-02-13 10:24:25.279466,NewYork-a150,-30,60,Normal
2026-02-13 10:24:26.279466,NewYork-a150,33,80,Normal
2026-02-13 10:24:27.279466,NewYork-a150,-27,38,Normal
2026-02-13 10:24:28.279466,NewYork-a150,38,65,Normal
2026-02-13 10:24:29.279466,NewYork-a150,31,56,Normal
2026-02-13 10:24:30.279466,NewYork-a150,1,3,Normal
2026-02-13 10:24:31.279466,NewYork-a150,30,18,Normal
2026-02-13 10:24:32.279466,NewYork-a150,45,23,Normal
2026-02-13 10:24:33.279466,NewYork-a150,17,94,Normal
2026-02-13 10:24:34.279466,NewYork-a150,29,47,Normal
2026-02-13 10:24:35.279466,NewYork-a150,35,78,Normal
2026-02-13 10:24:36.279466,NewYork-a150,1,65,Normal
2026-02-13 10:24:37.279466,NewYork-a150,46,90,Normal
2026-02-13 10:24:38.279466,NewYork-a150,47,5,Normal
2026-02-13 10:24:39.279466,NewYork-a150,-1,78,Normal
2026-02-13 10:24:40.279466,NewYork-a150,43,12,Normal
2026-02-13 10:24:41.279466,NewYork-a150,-10,50,Normal
2026-02-13 10:24:42.279466,NewYork-a150,-5,69,Normal
2026-02-13 10:24:43.279466,NewYork-a150,44,34,Normal
2026-02-13 10:24:44.279466,NewYork-a150,32,48,Normal
2026-02-13 10:24:45.279466,NewYork-a150,32,70,Normal
2026-02-13 10:24:46.279466,NewYork-a150,27,54,Normal
2026-02-13 10:24:47.279466,NewYork-a150,27,79,Normal
2026-02-13 10:24:48.279466,NewYork-a150,-5,10,Normal
2026-02-13 10:24:49.279466,NewYork-a150,1,68,Normal
2026-02-13 10:24:50.279466,NewYork-a150,3,64,Normal
2026-02-13 10:24:51.279466,NewYork-a150,7,3,Normal
2026-02-13 10:24:52.279466,NewYork-a150,-15,98,Normal
2026-02-13 10:24:53.279466,NewYork-a150,24,65,Normal
2026-02-13 10:24:54.279466,NewYork-a150,-16,34,Normal
2026-02-13 10:24:55.279466,NewYork-a150,6,99,Normal
2026-02-13 10:24:56.279466,NewYork-a150,12,17,Normal
2026-02-13 10:24:57.279466,NewYork-a150,-22,53,Normal
2026-02-13 10:24:58.279466,NewYork-a150,32,12,Normal
2026-02-13 10:24:59.279466,NewYork-a150,14,39,Normal
2026-02-13 10:25:00.279466,NewYork-a150,-26,1,Normal
2026-02-13 10:25:01.279466,NewYork-a150,-13,13,Normal
2026-02-13 10:25:02.279466,NewYork-a150,33,24,Normal
2026-02-13 10:25:03.279466,NewYork-a150,35,20,Normal
2026-02-13 10:25:04.279466,NewYork-a150,8,42,Normal
2026-02-13 10:25:05.279466,NewYork-a150,-2,25,Normal
2026-02-13 10:25:06.279466,NewYork-a150,9,7,Normal
2026-02-13 10:25:07.279466,NewYork-a150,50,48,Normal
2026-02-13 10:25:08.279466,NewYork-a150,-24,99,Normal
2026-02-13 10:25:09.279466,NewYork-a150,15,72,Normal
2026-02-13 10:25:10.279466,NewYork-a150,3,7,Normal
2026-02-13 10:25:11.279466,NewYork-a150,-6,75,Normal
2026-02-13 10:25:12.279466,NewYork-a150,40,58,Normal
2026-02-13 10:25:13.279466,NewYork-a150,21,8,Normal
2026-02-13 10:25:14.279466,NewYork-a150,-12,49,Normal
2026-02-13 10:25:15.279466,NewYork-a150,18,89,Normal
2026-02-13 10:25:16.279466,NewYork-a150,3,81,Normal
2026-02-13 10:25:17.279466,NewYork-a150,37,64,Normal
2026-02-13 10:25:18.279466,NewYork-a150,-4,11,Normal
2026-02-13 10:25:19.279466,NewYork-a150,23,16,Normal
2026-02-13 10:25:20.279466,NewYork-a150,46,22,Normal
2026-02-13 10:25:21.279466,NewYork-a150,35,100,Normal
2026-02-13 10:25:22.279466,NewYork-a150,28,98,Normal
2026-02-13 10:25:23.279466,NewYork-a150,41,91,Normal
2026-02-13 10:25:24.279466,NewYork-a150,19,23,Normal
2026-02-13 10:25:25.279466,NewYork-a150,-7,7,Normal
2026-02-13 10:25:26.279466,NewYork-a150,18,77,Normal
2026-02-13 10:25:27.279466,NewYork-a150,15,78,Normal
2026-02-13 10:25:28.279466,NewYork-a150,-14,57,Normal
2026-02-13 10:25:29.279466,NewYork-a150,-27,17,Normal
2026-02-13 10:25:30.279466,NewYork-a150,39,73,Normal
2026-02-13 10:25:31.279466,NewYork-a150,-7,8,Normal
2026-02-13 10:25:32.279466,NewYork-a150,18,93,Normal
2026-02-13 10:25:33.279466,NewYork-a150,-5,33,Normal
2026-02-13 10:25:34.279466,NewYork-a150,23,63,Normal
2026-02-13 10:25:35.279466,NewYork-a150,19,48,Normal
2026-02-13 10:25:36.279466,NewYork-a150,25,25,Normal
2026-02-13 10:25:37.279466,NewYork-a150,-27,64,Normal
2026-02-13 10:25:38.279466,NewYork-a150,-2,40,Normal
2026-02-13 10:25:39.279466,NewYork-a150,1,64,Normal
2026-02-13 10:25:40.279466,NewYork-a150,-11,60,Normal
2026-02-13 10:25:41.279466,NewYork-a150,6,75,Normal
2026-02-13 10:25:42.279466,NewYork-a150,45,5,Normal
2026-02-13 10:25:43.279466,NewYork-a150,37,50,Normal
2026-02-13 10:25:44.279466,NewYork-a150,18,51,Normal
2026-02-13 10:25:45.279466,NewYork-a150,-20,23,Normal
2026-02-13 10:25:46.279466,NewYork-a150,15,88,Normal
2026-02-13 10:25:47.279466,NewYork-a150,-13,95,Normal
2026-02-13 10:25:48.279466,NewYork-a150,-23,24,Normal
2026-02-13 10:25:49.279466,NewYork-a150,1,14,Normal
2026-02-13 10:25:50.279466,NewYork-a150,22,3,Normal
2026-02-13 10:25:51.279466,NewYork-a150,-11,40,Normal
2026-02-13 10:25:52.279466,NewYork-a150,-19,48,Normal
2026-02-13 10:25:53.279466,NewYork-a150,-17,74,Normal
2026-02-13 10:25:54.279466,NewYork-a150,39,1,Normal
2026-02-13 10:25:55.279466,NewYork-a150,43,79,Normal
2026-02-13 10:25:56.279466,NewYork-a150,5,22,Normal
2026-02-13 10:25:57.279466,NewYork-a150,-2,76,Normal
2026-02-13 10:25:58.279466,NewYork-a150,32,12,Normal
2026-02-13 10:25:59.279466,NewYork-a150,1,40,Normal
2026-02-13 10:26:00.279466,NewYork-a150,40,12,Normal
2026-02-13 10:26:01.279466,NewYork-a150,-19,29,Normal
2026-02-13 10:26:02.279466,NewYork-a150,23,82,Normal
2026-02-13 10:26:03.279466,NewYork-a150,8,15,Normal
2026-02-13 10:26:04.279466,NewYork-a150,-15,55,Normal
2026-02-13 10:26:05.279466,NewYork-a150,19,10,Normal
2026-02-13 10:26:06.279466,NewYork-a150,6,87,Normal
2026-02-13 10:26:07.279466,NewYork-a150,11,48,Normal
2026-02-13 10:26:08.279466,NewYork-a150,33,68,Normal
2026-02-13 10:26:09.279466,NewYork-a150,-13,54,Normal
2026-02-13 10:26:10.279466,NewYork-a150,19,49,Normal
2026-02-13 10:26:11.279466,NewYork-a150,38,42,Normal
2026-02-13 10:26:12.279466,NewYork-a150,-15,41,Normal
2026-02-13 10:26:13.279466,NewYork-a150,28,14,Normal
2026-02-13 10:26:14.279466,NewYork-a150,-27,68,Normal
2026-02-13 10:26:15.279466,NewYork-a150,-8,98,Normal
2026-02-13 10:26:16.279466,NewYork-a150,-3,53,Normal
2026-02-13 10:26:17.279466,NewYork-a150,-16,12,Normal
2026-02-13 10:26:18.279466,NewYork-a150,-16,90,Normal
2026-02-13 10:26:19.279466,NewYork-a150,-14,64,Normal
2026-02-13 10:26:20.279466,NewYork-a150,42,39,Normal
2026-02-13 10:26:21.279466,NewYork-a150,14,77,Normal
2026-02-13 10:26:22.279466,NewYork-a150,-9,53,Normal
2026-02-13 10:26:23.279466,NewYork-a150,9,47,Normal
2026-02-13 10:26:24.279466,NewYork-a150,3,89,Normal
2026-02-13 10:26:25.279466,NewYork-a150,-1,43,Normal
2026-02-13 10:26:26.279466,NewYork-a150,27,10,Normal
2026-02-13 10:26:27.279466,NewYork-a150,-9,12,Normal
2026-02-13 10:26:28.279466,NewYork-a150,16,30,Normal
2026-02-13 10:26:29.279466,NewYork-a150,46,56,Normal
2026-02-13 10:26:30.279466,NewYork-a150,4,42,Normal
2026-02-13 10:26:31.279466,NewYork-a150,38,19,Normal
2026-02-13 10:26:32.279466,NewYork-a150,29,8,Normal
2026-02-13 10:26:33.279466,NewYork-a150,-12,52,Normal
2026-02-13 10:26:34.279466,NewYork-a150,23,18,Normal
2026-02-13 10:26:35.279466,NewYork-a150,-17,0,Normal
2026-02-13 10:26:36.279466,NewYork-a150,5,63,Normal
2026-02-13 10:26:37.279466,NewYork-a150,23,98,Normal
2026-02-13 10:26:38.279466,NewYork-a150,21,36,Normal
2026-02-13 10:26:39.279466,NewYork-a150,-15,74,Normal
2026-02-13 10:26:40.279466,NewYork-a150,12,76,Normal
2026-02-13 10:26:41.279466,NewYork-a150,47,89,Normal
2026-02-13 10:26:42.279466,NewYork-a150,-24,51,Normal
2026-02-13 10:26:43.279466,NewYork-a150,-27,70,Normal
2026-02-13 10:26:44.279466,NewYork-a150,46,5,Normal
2026-02-13 10:26:45.279466,NewYork-a150,-2,76,Normal
2026-02-13 10:26:46.279466,NewYork-a150,47,56,Normal
2026-02-13 10:26:47.279466,NewYork-a150,-18,34,Normal
2026-02-13 10:26:48.279466,NewYork-a150,-27,92,Normal
2026-02-13 10:26:49.279466,NewYork-a150,37,64,Normal
2026-02-13 10:26:50.279466,NewYork-a150,3,33,Normal
2026-02-13 10:26:51.279466,NewYork-a150,-19,27,Normal
2026-02-13 10:26:52.279466,NewYork-a150,26,20,Normal
2026-02-13 10:26:53.279466,NewYork-a150,38,79,Normal
2026-02-13 10:26:54.279466,NewYork-a150,-16,60,Normal
2026-02-13 10:26:55.279466,NewYork-a150,43,52,Normal
2026-02-13 10:26:56.279466,NewYork-a150,4,59,Normal
2026-02-13 10:26:57.279466,NewYork-a150,5,36,Normal
2026-02-13 10:26:58.279466,NewYork-a150,39,54,Normal
2026-02-13 10:26:59.279466,NewYork-a150,38,100,Normal
2026-02-13 10:27:00.279466,NewYork-a150,36,0,Normal
2026-02-13 10:27:01.279466,NewYork-a150,-24,38,Normal
2026-02-13 10:27:02.279466,NewYork-a150,16,50,Normal
2026-02-13 10:27:03.279466,NewYork-a150,-4,51,Normal
2026-02-13 10:27:04.279466,NewYork-a150,-15,68,Normal
2026-02-13 10:27:05.279466,NewYork-a150,-6,10,Normal
2026-02-13 10:27:06.279466,NewYork-a150,-30,47,Normal
2026-02-13 10:27:07.279466,NewYork-a150,-4,93,Normal
2026-02-13 10:27:08.279466,NewYork-a150,-15,4,Normal
2026-02-13 10:27:09.279466,NewYork-a150,41,44,Normal
2026-02-13 10:27:10.279466,NewYork-a150,18,0,Normal
2026-02-13 10:27:11.279466,NewYork-a150,35,13,Normal
2026-02-13 10:27:12.279466,NewYork-a150,25,46,Normal
2026-02-13 10:27:13.279466,NewYork-a150,-15,51,Normal
2026-02-13 10:27:14.279466,NewYork-a150,-10,14,Normal
2026-02-13 10:27:15.279466,NewYork-a150,2,77,Normal
2026-02-13 10:27:16.279466,NewYork-a150,-13,38,Normal
2026-02-13 10:27:17.279466,NewYork-a150,32,85,Normal
2026-02-13 10:27:18.279466,NewYork-a150,8,37,Normal
2026-02-13 10:27:19.279466,NewYork-a150,-6,74,Normal
2026-02-13 10:27:20.279466,NewYork-a150,-9,92,Normal
2026-02-13 10:27:21.279466,NewYork-a150,22,45,Normal
2026-02-13 10:27:22.279466,NewYork-a150,45,63,Normal
2026-02-13 10:27:23.279466,NewYork-a150,-6,90,Normal
2026-02-13 10:27:24.279466,NewYork-a150,28,76,Normal
2026-02-13 10:27:25.279466,NewYork-a150,21,21,Normal
2026-02-13 10:27:26.279466,NewYork-a150,12,28,Normal
2026-02-13 10:27:27.279466,NewYork-a150,45,26,Normal
2026-02-13 10:27:28.279466,NewYork-a150,-16,43,Normal
2026-02-13 10:27:29.279466,NewYork-a150,0,19,Normal
2026-02-13 10:27:30.279466,NewYork-a150,38,57,Normal
2026-02-13 10:27:31.279466,NewYork-a150,-18,82,Normal
2026-02-13 10:27:32.279466,NewYork-a150,14,9,Normal
2026-02-13 10:27:33.279466,NewYork-a150,-10,99,Normal
2026-02-13 10:27:34.279466,NewYork-a150,16,37,Normal
2026-02-13 10:27:35.279466,NewYork-a150,10,65,Normal
2026-02-13 10:27:36.279466,NewYork-a150,-18,38,Normal
2026-02-13 10:27:37.279466,NewYork-a150,-27,81,Normal
2026-02-13 10:27:38.279466,NewYork-a150,29,12,Normal
2026-02-13 10:27:39.279466,NewYork-a150,40,88,Normal
2026-02-13 10:27:40.279466,NewYork-a150,26,50,Normal
2026-02-13 10:27:41.279466,NewYork-a150,6,52,Normal
2026-02-13 10:27:42.279466,NewYork-a150,-17,14,Normal
2026-02-13 10:27:43.279466,NewYork-a150,18,99,Normal
2026-02-13 10:27:44.279466,NewYork-a150,-8,68,Normal
2026-02-13 10:27:45.279466,NewYork-a150,17,5,Normal
2026-02-13 10:27:46.279466,NewYork-a150,31,91,Normal
2026-02-13 10:27:47.279466,NewYork-a150,-24,23,Normal
2026-02-13 10:27:48.279466,NewYork-a150,7,71,Normal
2026-02-13 10:27:49.279466,NewYork-a150,14,19,Normal
2026-02-13 10:27:50.279466,NewYork-a150,-7,81,Normal
2026-02-13 10:27:51.279466,NewYork-a150,21,1,Normal
2026-02-13 10:27:52.279466,NewYork-a150,-17,20,Normal
2026-02-13 10:27:53.279466,NewYork-a150,-14,69,Normal
2026-02-13 10:27:54.279466,NewYork-a150,7,60,Normal
2026-02-13 10:27:55.279466,NewYork-a150,21,96,Normal
2026-02-13 10:27:56.279466,NewYork-a150,-22,69,Normal
2026-02-13 10:27:57.279466,NewYork-a150,36,34,Normal
2026-02-13 10:27:58.279466,NewYork-a150,50,52,Normal
2026-02-13 10:27:59.279466,NewYork-a150,-29,75,Normal
2026-02-13 10:28:00.279466,NewYork-a150,-2,27,Normal
2026-02-13 10:28:01.279466,NewYork-a150,23,95,Normal
2026-02-13 10:28:02.279466,NewYork-a150,11,36,Normal
2026-02-13 10:28:03.279466,NewYork-a150,27,70,Normal
2026-02-13 10:28:04.279466,NewYork-a150,9,83,Normal
2026-02-13 10:28:05.279466,NewYork-a150,-20,88,Normal
2026-02-13 10:28:06.279466,NewYork-a150,4,71,Normal
2026-02-13 10:28:07.279466,NewYork-a150,-5,68,Normal
2026-02-13 10:28:08.279466,NewYork-a150,26,4,Normal
2026-02-13 10:28:09.279466,NewYork-a150,7,52,Normal
2026-02-13 10:28:10.279466,NewYork-a150,-10,74,Normal
2026-02-13 10:28:11.279466,NewYork-a150,18,75,Normal
2026-02-13 10:28:12.279466,NewYork-a150,17,6,Normal
2026-02-13 10:28:13.279466,NewYork-a150,22,41,Normal
2026-02-13 10:28:14.279466,NewYork-a150,4,86,Normal
2026-02-13 10:28:15.279466,NewYork-a150,23,100,Normal
2026-02-13 10:28:16.279466,NewYork-a150,12,38,Normal
2026-02-13 10:28:17.279466,NewYork-a150,35,47,Normal
2026-02-13 10:28:18.279466,NewYork-a150,-19,80,Normal
2026-02-13 10:28:19.279466,NewYork-a150,-11,8,Normal
2026-02-13 10:28:20.279466,NewYork-a150,48,97,Normal
2026-02-13 10:28:21.279466,NewYork-a150,4,57,Normal
2026-02-13 10:28:22.279466,NewYork-a150,-26,14,Normal
2026-02-13 10:28:23.279466,NewYork-a150,32,87,Normal
2026-02-13 10:28:24.279466,NewYork-a150,-21,75,Normal
2026-02-13 10:28:25.279466,NewYork-a150,15,85,Normal
2026-02-13 10:28:26.279466,NewYork-a150,4,36,Normal
2026-02-13 10:28:27.279466,NewYork-a150,-9,10,Normal
2026-02-13 10:28:28.279466,NewYork-a150,17,31,Normal
2026-02-13 10:28:29.279466,NewYork-a150,23,83,Normal
2026-02-13 10:28:30.279466,NewYork-a150,35,15,Normal
2026-02-13 10:28:31.279466,NewYork-a150,37,90,Normal
2026-02-13 10:28:32.279466,NewYork-a150,4,67,Normal
2026-02-13 10:28:33.279466,NewYork-a150,-28,61,Normal
2026-02-13 10:28:34.279466,NewYork-a150,2,76,Normal
2026-02-13 10:28:35.279466,NewYork-a150,23,14,Normal
2026-02-13 10:28:36.279466,NewYork-a150,49,86,Normal
2026-02-13 10:28:37.279466,NewYork-a150,-9,26,Normal
2026-02-13 10:28:38.279466,NewYork-a150,3,47,Normal
2026-02-13 10:28:39.279466,NewYork-a150,2,57,Normal
2026-02-13 10:28:40.279466,NewYork-a150,1,24,Normal
2026-02-13 10:28:41.279466,NewYork-a150,24,84,Normal
2026-02-13 10:28:42.279466,NewYork-a150,-30,11,Normal
2026-02-13 10:28:43.279466,NewYork-a150,-22,26,Normal
2026-02-13 10:28:44.279466,NewYork-a150,-22,65,Normal
2026-02-13 10:28:45.279466,NewYork-a150,10,97,Normal
2026-02-13 10:28:46.279466,NewYork-a150,-25,33,Normal
2026-02-13 10:28:47.279466,NewYork-a150,26,19,Normal
2026-02-13 10:28:48.279466,NewYork-a150,4,9,Normal
2026-02-13 10:28:49.279466,NewYork-a150,4,52,Normal
2026-02-13 10:28:50.279466,NewYork-a150,24,3,Normal
2026-02-13 10:28:51.279466,NewYork-a150,-5,1,Normal
2026-02-13 10:28:52.279466,NewYork-a150,-28,38,Normal
2026-02-13 10:28:53.279466,NewYork-a150,-8,56,Normal
2026-02-13 10:28:54.279466,NewYork-a150,6,35,Normal
2026-02-13 10:28:55.279466,NewYork-a150,28,77,Normal
2026-02-13 10:28:56.279466,NewYork-a150,38,84,Normal
2026-02-13 10:28:57.279466,NewYork-a150,40,99,Normal
2026-02-13 10:28:58.279466,NewYork-a150,43,11,Normal
2026-02-13 10:28:59.279466,NewYork-a150,-15,7,Normal
2026-02-13 10:29:00.279466,NewYork-a150,41,70,Normal
2026-02-13 10:29:01.279466,NewYork-a150,9,61,Normal
2026-02-13 10:29:02.279466,NewYork-a150,1,4,Normal
2026-02-13 10:29:03.279466,NewYork-a150,-28,26,Normal
2026-02-13 10:29:04.279466,NewYork-a150,8,34,Normal
2026-02-13 10:29:05.279466,NewYork-a150,19,92,Normal
2026-02-13 10:29:06.279466,NewYork-a150,23,52,Normal
2026-02-13 10:29:07.279466,NewYork-a150,-25,20,Normal
2026-02-13 10:29:08.279466,NewYork-a150,-27,62,Normal
2026-02-13 10:29:09.279466,NewYork-a150,-24,100,Normal
2026-02-13 10:29:10.279466,NewYork-a150,2,51,Normal
2026-02-13 10:29:11.279466,NewYork-a150,-1,78,Normal
2026-02-13 10:29:12.279466,NewYork-a150,-25,22,Normal
2026-02-13 10:29:13.279466,NewYork-a150,-3,57,Normal
2026-02-13 10:29:14.279466,NewYork-a150,-5,100,Normal
2026-02-13 10:29:15.279466,NewYork-a150,48,75,Normal
2026-02-13 10:29:16.279466,NewYork-a150,40,7,Normal
2026-02-13 10:29:17.279466,NewYork-a150,31,0,Normal
2026-02-13 10:29:18.279466,NewYork-a150,25,33,Normal
2026-02-13 10:29:19.279466,NewYork-a150,-11,68,Normal
2026-02-13 10:29:20.279466,NewYork-a150,-29,0,Normal
2026-02-13 10:29:21.279466,NewYork-a150,46,65,Normal
2026-02-13 10:29:22.279466,NewYork-a150,18,76,Normal
2026-02-13 10:29:23.279466,NewYork-a150,27,29,Normal
2026-02-13 10:29:24.279466,NewYork-a150,-10,90,Normal
2026-02-13 10:29:25.279466,NewYork-a150,-11,0,Normal
2026-02-13 10:29:26.279466,NewYork-a150,43,49,Normal
2026-02-13 10:29:27.279466,NewYork-a150,34,70,Normal
2026-02-13 10:29:28.279466,NewYork-a150,14,29,Normal
2026-02-13 10:29:29.279466,NewYork-a150,48,97,Normal
2026-02-13 10:29:30.279466,NewYork-a150,7,97,Normal
2026-02-13 10:29:31.279466,NewYork-a150,-26,32,Normal
2026-02-13 10:29:32.279466,NewYork-a150,-26,76,Normal
2026-02-13 10:29:33.279466,NewYork-a150,13,88,Normal
2026-02-13 10:29:34.279466,NewYork-a150,-24,83,Normal
2026-02-13 10:29:35.279466,NewYork-a150,3,42,Normal
2026-02-13 10:29:36.279466,NewYork-a150,38,98,Normal
2026-02-13 10:29:37.279466,NewYork-a150,36,93,Normal
2026-02-13 10:29:38.279466,NewYork-a150,32,70,Normal
2026-02-13 10:29:39.279466,NewYork-a150,24,84,Normal
2026-02-13 10:29:40.279466,NewYork-a150,-28,94,Normal
2026-02-13 10:29:41.279466,NewYork-a150,-12,35,Normal
2026-02-13 10:29:42.279466,NewYork-a150,48,38,Normal
2026-02-13 10:29:43.279466,NewYork-a150,47,0,Normal
2026-02-13 10:29:44.279466,NewYork-a150,43,84,Normal
2026-02-13 10:29:45.279466,NewYork-a150,23,76,Normal
2026-02-13 10:29:46.279466,NewYork-a150,-30,70,Normal
2026-02-13 10:29:47.279466,NewYork-a150,28,88,Normal
2026-02-13 10:29:48.279466,NewYork-a150,-14,43,Normal
2026-02-13 10:29:49.279466,NewYork-a150,-1,0,Normal
2026-02-13 10:29:50.279466,NewYork-a150,22,87,Normal
2026-02-13 10:29:51.279466,NewYork-a150,11,79,Normal
2026-02-13 10:29:52.279466,NewYork-a150,22,97,Normal
2026-02-13 10:29:53.279466,NewYork-a150,-4,56,Normal
2026-02-13 10:29:54.279466,NewYork-a150,17,72,Normal
2026-02-13 10:29:55.279466,NewYork-a150,-25,64,Normal
2026-02-13 10:29:56.279466,NewYork-a150,43,70,Normal
2026-02-13 10:29:57.279466,NewYork-a150,-28,15,Normal
2026-02-13 10:29:58.279466,NewYork-a150,-29,44,Normal
2026-02-13 10:29:59.279466,NewYork-a150,-18,36,Normal
2026-02-13 10:30:00.279466,NewYork-a150,29,9,Normal
2026-02-13 10:30:01.279466,NewYork-a150,-17,64,Normal
2026-02-13 10:30:02.279466,NewYork-a150,-5,94,Normal
2026-02-13 10:30:03.279466,NewYork-a150,9,85,Normal
2026-02-13 10:30:04.279466,NewYork-a150,-15,75,Normal
2026-02-13 10:30:05.279466,NewYork-a150,-20,82,Normal
2026-02-13 10:30:06.279466,NewYork-a150,39,88,Normal
2026-02-13 10:30:07.279466,NewYork-a150,20,95,Normal
2026-02-13 10:30:08.279466,NewYork-a150,20,89,Normal
2026-02-13 10:30:09.279466,NewYork-a150,4,0,Normal
2026-02-13 10:30:10.279466,NewYork-a150,-25,100,Normal
2026-02-13 10:30:11.279466,NewYork-a150,22,90,Normal
2026-02-13 10:30:12.279466,NewYork-a150,-5,50,Normal
2026-02-13 10:30:13.279466,NewYork-a150,-9,11,Normal
2026-02-13 10:30:14.279466,NewYork-a150,-18,26,Normal
2026-02-13 10:30:15.279466,NewYork-a150,5,69,Normal
2026-02-13 10:30:16.279466,NewYork-a150,18,39,Normal
2026-02-13 10:30:17.279466,NewYork-a150,17,68,Normal
2026-02-13 10:30:18.279466,NewYork-a150,-17,43,Normal
2026-02-13 10:30:19.279466,NewYork-a150,15,59,Normal
2026-02-13 10:30:20.279466,NewYork-a150,50,10,Normal
2026-02-13 10:30:21.279466,NewYork-a150,4,72,Normal
2026-02-13 10:30:22.279466,NewYork-a150,-16,75,Normal
2026-02-13 10:30:23.279466,NewYork-a150,44,68,Normal
2026-02-13 10:30:24.279466,NewYork-a150,-14,67,Normal
2026-02-13 10:30:25.279466,NewYork-a150,1,37,Normal
2026-02-13 10:30:26.279466,NewYork-a150,42,85,Normal
2026-02-13 10:30:27.279466,NewYork-a150,-25,63,Normal
2026-02-13 10:30:28.279466,NewYork-a150,42,62,Normal
2026-02-13 10:30:29.279466,NewYork-a150,16,32,Normal
2026-02-13 10:30:30.279466,NewYork-a150,41,35,Normal
2026-02-13 10:30:31.279466,NewYork-a150,2,53,Normal
2026-02-13 10:30:32.279466,NewYork-a150,38,97,Normal
2026-02-13 10:30:33.279466,NewYork-a150,38,34,Normal
2026-02-13 10:30:34.279466,NewYork-a150,-19,62,Normal
2026-02-13 10:30:35.279466,NewYork-a150,-10,17,Normal
2026-02-13 10:30:36.279466,NewYork-a150,16,91,Normal
2026-02-13 10:30:37.279466,NewYork-a150,-4,82,Normal
2026-02-13 10:30:38.279466,NewYork-a150,-30,34,Normal
2026-02-13 10:30:39.279466,NewYork-a150,35,28,Normal
2026-02-13 10:30:40.279466,NewYork-a150,40,87,Normal
2026-02-13 10:30:41.279466,NewYork-a150,13,23,Normal
2026-02-13 10:30:42.279466,NewYork-a150,41,36,Normal
2026-02-13 10:30:43.279466,NewYork-a150,-25,68,Normal
2026-02-13 10:30:44.279466,NewYork-a150,27,85,Normal
2026-02-13 10:30:45.279466,NewYork-a150,-4,46,Normal
2026-02-13 10:30:46.279466,NewYork-a150,14,94,Normal
2026-02-13 10:30:47.279466,NewYork-a150,-14,99,Normal
2026-02-13 10:30:48.279466,NewYork-a150,-15,61,Normal
2026-02-13 10:30:49.279466,NewYork-a150,31,7,Normal
2026-02-13 10:30:50.279466,NewYork-a150,9,18,Normal
2026-02-13 10:30:51.279466,NewYork-a150,32,56,Normal
2026-02-13 10:30:52.279466,NewYork-a150,33,43,Normal
2026-02-13 10:30:53.279466,NewYork-a150,42,12,Normal
2026-02-13 10:30:54.279466,NewYork-a150,-19,46,Normal
2026-02-13 10:30:55.279466,NewYork-a150,-29,0,Normal
2026-02-13 10:30:56.279466,NewYork-a150,3,36,Normal
2026-02-13 10:30:57.279466,NewYork-a150,47,69,Normal
2026-02-13 10:30:58.279466,NewYork-a150,11,89,Normal
2026-02-13 10:30:59.279466,NewYork-a150,30,39,Normal
2026-02-13 10:31:00.279466,NewYork-a150,11,31,Normal
2026-02-13 10:31:01.279466,NewYork-a150,-26,25,Normal
2026-02-13 10:31:02.279466,NewYork-a150,30,35,Normal
2026-02-13 10:31:03.279466,NewYork-a150,-17,64,Normal
2026-02-13 10:31:04.279466,NewYork-a150,-28,73,Normal
2026-02-13 10:31:05.279466,NewYork-a150,9,30,Normal
2026-02-13 10:31:06.279466,NewYork-a150,-12,72,Normal
2026-02-13 10:31:07.279466,NewYork-a150,18,10,Normal
2026-02-13 10:31:08.279466,NewYork-a150,32,63,Normal
2026-02-13 10:31:09.279466,NewYork-a150,5,22,Normal
2026-02-13 10:31:10.279466,NewYork-a150,22,33,Normal
2026-02-13 10:31:11.279466,NewYork-a150,27,75,Normal
2026-02-13 10:31:12.279466,NewYork-a150,-16,49,Normal
2026-02-13 10:31:13.279466,NewYork-a150,3,48,Normal
2026-02-13 10:31:14.279466,NewYork-a150,-21,14,Normal
2026-02-13 10:31:15.279466,NewYork-a150,38,70,Normal
2026-02-13 10:31:16.279466,NewYork-a150,23,60,Normal
2026-02-13 10:31:17.279466,NewYork-a150,16,96,Normal
2026-02-13 10:31:18.279466,NewYork-a150,-22,54,Normal
2026-02-13 10:31:19.279466,NewYork-a150,40,66,Normal
2026-02-13 10:31:20.279466,NewYork-a150,-19,85,Normal
2026-02-13 10:31:21.279466,NewYork-a150,-17,60,Normal
2026-02-13 10:31:22.279466,NewYork-a150,34,43,Normal
2026-02-13 10:31:23.279466,NewYork-a150,15,12,Normal
2026-02-13 10:31:24.279466,NewYork-a150,-25,69,Normal
2026-02-13 10:31:25.279466,NewYork-a150,-19,56,Normal
2026-02-13 10:31:26.279466,NewYork-a150,-25,85,Normal
2026-02-13 10:31:27.279466,NewYork-a150,-20,0,Normal
2026-02-13 10:31:28.279466,NewYork-a150,23,49,Normal
2026-02-13 10:31:29.279466,NewYork-a150,-3,20,Normal
2026-02-13 10:31:30.279466,NewYork-a150,6,37,Normal
2026-02-13 10:31:31.279466,NewYork-a150,-12,5,Normal
2026-02-13 10:31:32.279466,NewYork-a150,45,91,Normal
2026-02-13 10:31:33.279466,NewYork-a150,26,47,Normal
2026-02-13 10:31:34.279466,NewYork-a150,40,57,Normal
2026-02-13 10:31:35.279466,NewYork-a150,20,38,Normal
2026-02-13 10:31:36.279466,NewYork-a150,20,72,Normal
2026-02-13 10:31:37.279466,NewYork-a150,47,88,Normal
2026-02-13 10:31:38.279466,NewYork-a150,14,68,Normal
2026-02-13 10:31:39.279466,NewYork-a150,24,22,Normal
2026-02-13 10:31:40.279466,NewYork-a150,7,70,Normal
2026-02-13 10:31:41.279466,NewYork-a150,25,74,Normal
2026-02-13 10:31:42.279466,NewYork-a150,-24,42,Normal
2026-02-13 10:31:43.279466,NewYork-a150,-18,68,Normal
2026-02-13 10:31:44.279466,NewYork-a150,37,47,Normal
2026-02-13 10:31:45.279466,NewYork-a150,-1,15,Normal
2026-02-13 10:31:46.279466,NewYork-a150,-15,40,Normal
2026-02-13 10:31:47.279466,NewYork-a150,39,6,Normal
2026-02-13 10:31:48.279466,NewYork-a150,13,59,Normal
2026-02-13 10:31:49.279466,NewYork-a150,28,98,Normal
2026-02-13 10:31:50.279466,NewYork-a150,41,24,Normal
2026-02-13 10:31:51.279466,NewYork-a150,-6,100,Normal
2026-02-13 10:31:52.279466,NewYork-a150,11,6,Normal
2026-02-13 10:31:53.279466,NewYork-a150,-30,52,Normal
2026-02-13 10:31:54.279466,NewYork-a150,27,69,Normal
2026-02-13 10:31:55.279466,NewYork-a150,50,80,Normal
2026-02-13 10:31:56.279466,NewYork-a150,39,84,Normal
2026-02-13 10:31:57.279466,NewYork-a150,-14,9,Normal
2026-02-13 10:31:58.279466,NewYork-a150,9,49,Normal
2026-02-13 10:31:59.279466,NewYork-a150,43,15,Normal
2026-02-13 10:32:00.279466,NewYork-a150,29,55,Normal
2026-02-13 10:32:01.279466,NewYork-a150,40,22,Normal
2026-02-13 10:32:02.279466,NewYork-a150,40,9,Normal
2026-02-13 10:32:03.279466,NewYork-a150,48,88,Normal
2026-02-13 10:32:04.279466,NewYork-a150,21,62,Normal
2026-02-13 10:32:05.279466,NewYork-a150,-17,81,Normal
2026-02-13 10:32:06.279466,NewYork-a150,31,2,Normal
2026-02-13 10:32:07.279466,NewYork-a150,38,80,Normal
2026-02-13 10:32:08.279466,NewYork-a150,5,46,Normal
2026-02-13 10:32:09.279466,NewYork-a150,-14,83,Normal
2026-02-13 10:32:10.279466,NewYork-a150,-13,95,Normal
2026-02-13 10:32:11.279466,NewYork-a150,44,34,Normal
2026-02-13 10:32:12.279466,NewYork-a150,42,34,Normal
2026-02-13 10:32:13.279466,NewYork-a150,12,77,Normal
2026-02-13 10:32:14.279466,NewYork-a150,47,44,Normal
2026-02-13 10:32:15.279466,NewYork-a150,26,85,Normal
2026-02-13 10:32:16.279466,NewYork-a150,10,66,Normal
2026-02-13 10:32:17.279466,NewYork-a150,-20,18,Normal
2026-02-13 10:32:18.279466,NewYork-a150,-2,26,Normal
2026-02-13 10:32:19.279466,NewYork-a150,-7,98,Normal
2026-02-13 10:32:20.279466,NewYork-a150,24,36,Normal
2026-02-13 10:32:21.279466,NewYork-a150,50,42,Normal
2026-02-13 10:32:22.279466,NewYork-a150,17,30,Normal
2026-02-13 10:32:23.279466,NewYork-a150,35,10,Normal
2026-02-13 10:32:24.279466,NewYork-a150,10,85,Normal
2026-02-13 10:32:25.279466,NewYork-a150,48,28,Normal
2026-02-13 10:32:26.279466,NewYork-a150,20,16,Normal
2026-02-13 10:32:27.279466,NewYork-a150,18,29,Normal
2026-02-13 10:32:28.279466,NewYork-a150,41,94,Normal
2026-02-13 10:32:29.279466,NewYork-a150,32,79,Normal
2026-02-13 10:32:30.279466,NewYork-a150,26,50,Normal
2026-02-13 10:32:31.279466,NewYork-a150,39,47,Normal
2026-02-13 10:32:32.279466,NewYork-a150,-26,13,Normal
2026-02-13 10:32:33.279466,NewYork-a150,3,19,Normal
2026-02-13 10:32:34.279466,NewYork-a150,29,81,Normal
2026-02-13 10:32:35.279466,NewYork-a150,40,78,Normal
2026-02-13 10:32:36.279466,NewYork-a150,-29,18,Normal
2026-02-13 10:32:37.279466,NewYork-a150,49,18,Normal
2026-02-13 10:32:38.279466,NewYork-a150,40,76,Normal
2026-02-13 10:32:39.279466,NewYork-a150,36,81,Normal
2026-02-13 10:32:40.279466,NewYork-a150,5,93,Normal
2026-02-13 10:32:41.279466,NewYork-a150,16,97,Normal
2026-02-13 10:32:42.279466,NewYork-a150,4,13,Normal
2026-02-13 10:32:43.279466,NewYork-a150,-7,0,Normal
2026-02-13 10:32:44.279466,NewYork-a150,1,49,Normal
2026-02-13 10:32:45.279466,NewYork-a150,-2,6,Normal
2026-02-13 10:32:46.279466,NewYork-a150,-30,92,Normal
2026-02-13 10:32:47.279466,NewYork-a150,21,68,Normal
2026-02-13 10:32:48.279466,NewYork-a150,47,64,Normal
2026-02-13 10:32:49.279466,NewYork-a150,-25,73,Normal
2026-02-13 10:32:50.279466,NewYork-a150,-3,62,Normal
2026-02-13 10:32:51.279466,NewYork-a150,10,66,Normal
2026-02-13 10:32:52.279466,NewYork-a150,14,0,Normal
2026-02-13 10:32:53.279466,NewYork-a150,-26,34,Normal
2026-02-13 10:32:54.279466,NewYork-a150,-19,87,Normal
2026-02-13 10:32:55.279466,NewYork-a150,5,19,Normal
2026-02-13 10:32:56.279466,NewYork-a150,0,60,Normal
2026-02-13 10:32:57.279466,NewYork-a150,22,59,Normal
2026-02-13 10:32:58.279466,NewYork-a150,30,21,Normal
2026-02-13 10:32:59.279466,NewYork-a150,47,17,Normal
2026-02-13 10:33:00.279466,NewYork-a150,10,46,Normal
2026-02-13 10:33:01.279466,NewYork-a150,44,6,Normal
2026-02-13 10:33:02.279466,NewYork-a150,-10,100,Normal
2026-02-13 10:33:03.279466,NewYork-a150,-1,31,Normal
2026-02-13 10:33:04.279466,NewYork-a150,7,42,Normal
2026-02-13 10:33:05.279466,NewYork-a150,27,27,Normal
2026-02-13 10:33:06.279466,NewYork-a150,11,38,Normal
2026-02-13 10:33:07.279466,NewYork-a150,-4,92,Normal
2026-02-13 10:33:08.279466,NewYork-a150,20,31,Normal
2026-02-13 10:33:09.279466,NewYork-a150,-26,58,Normal
2026-02-13 10:33:10.279466,NewYork-a150,6,27,Normal
2026-02-13 10:33:11.279466,NewYork-a150,19,33,Normal
2026-02-13 10:33:12.279466,NewYork-a150,39,62,Normal
2026-02-13 10:33:13.279466,NewYork-a150,34,91,Normal
2026-02-13 10:33:14.279466,NewYork-a150,-3,29,Normal
2026-02-13 10:33:15.279466,NewYork-a150,49,42,Normal
2026-02-13 10:33:16.279466,NewYork-a150,-22,35,Normal
2026-02-13 10:33:17.279466,NewYork-a150,-1,30,Normal
2026-02-13 10:33:18.279466,NewYork-a150,18,90,Normal
2026-02-13 10:33:19.279466,NewYork-a150,-13,88,Normal
2026-02-13 10:33:20.279466,NewYork-a150,4,54,Normal
2026-02-13 10:33:21.279466,NewYork-a150,-1,98,Normal
2026-02-13 10:33:22.279466,NewYork-a150,17,6,Normal
2026-02-13 10:33:23.279466,NewYork-a150,-6,50,Normal
2026-02-13 10:33:24.279466,NewYork-a150,34,5,Normal
2026-02-13 10:33:25.279466,NewYork-a150,36,70,Normal
2026-02-13 10:33:26.279466,NewYork-a150,33,72,Normal
2026-02-13 10:33:27.279466,NewYork-a150,39,15,Normal
2026-02-13 10:33:28.279466,NewYork-a150,36,79,Normal
2026-02-13 10:33:29.279466,NewYork-a150,-19,79,Normal
2026-02-13 10:33:30.279466,NewYork-a150,24,71,Normal
2026-02-13 10:33:31.279466,NewYork-a150,30,52,Normal
2026-02-13 10:33:32.279466,NewYork-a150,34,60,Normal
2026-02-13 10:33:33.279466,NewYork-a150,41,97,Normal
2026-02-13 10:33:34.279466,NewYork-a150,-25,21,Normal
2026-02-13 10:33:35.279466,NewYork-a150,-14,20,Normal
2026-02-13 10:33:36.279466,NewYork-a150,19,88,Normal
2026-02-13 10:33:37.279466,NewYork-a150,9,49,Normal
2026-02-13 10:33:38.279466,NewYork-a150,49,47,Normal
2026-02-13 10:33:39.279466,NewYork-a150,23,40,Normal
2026-02-13 10:33:40.279466,NewYork-a150,-6,9,Normal
2026-02-13 10:33:41.279466,NewYork-a150,-22,94,Normal
2026-02-13 10:33:42.279466,NewYork-a150,-9,49,Normal
2026-02-13 10:33:43.279466,NewYork-a150,46,30,Normal
2026-02-13 10:33:44.279466,NewYork-a150,47,1,Normal
2026-02-13 10:33:45.279466,NewYork-a150,42,33,Normal
2026-02-13 10:33:46.279466,NewYork-a150,16,37,Normal
2026-02-13 10:33:47.279466,NewYork-a150,12,69,Normal
2026-02-13 10:33:48.279466,NewYork-a150,-15,47,Normal
2026-02-13 10:33:49.279466,NewYork-a150,-13,86,Normal
2026-02-13 10:33:50.279466,NewYork-a150,30,65,Normal
2026-02-13 10:33:51.279466,NewYork-a150,45,14,Normal
2026-02-13 10:33:52.279466,NewYork-a150,-17,0,Normal
2026-02-13 10:33:53.279466,NewYork-a150,43,38,Normal
2026-02-13 10:33:54.279466,NewYork-a150,26,32,Normal
2026-02-13 10:33:55.279466,NewYork-a150,36,69,Normal
2026-02-13 10:33:56.279466,NewYork-a150,32,96,Normal
2026-02-13 10:33:57.279466,NewYork-a150,4,63,Normal
2026-02-13 10:33:58.279466,NewYork-a150,-5,25,Normal
2026-02-13 10:33:59.279466,NewYork-a150,-27,77,Normal
2026-02-13 10:34:00.279466,NewYork-a150,-22,43,Normal
2026-02-13 10:34:01.279466,NewYork-a150,7,30,Normal
2026-02-13 10:34:02.279466,NewYork-a150,-5,64,Normal
2026-02-13 10:34:03.279466,NewYork-a150,45,16,Normal
2026-02-13 10:34:04.279466,NewYork-a150,20,14,Normal
2026-02-13 10:34:05.279466,NewYork-a150,-27,84,Normal
2026-02-13 10:34:06.279466,NewYork-a150,-5,2,Normal
2026-02-13 10:34:07.279466,NewYork-a150,40,75,Normal
2026-02-13 10:34:08.279466,NewYork-a150,3,23,Normal
2026-02-13 10:34:09.279466,NewYork-a150,-9,52,Normal
2026-02-13 10:34:10.279466,NewYork-a150,22,25,Normal
2026-02-13 10:34:11.279466,NewYork-a150,-1,62,Normal
2026-02-13 10:34:12.279466,NewYork-a150,33,55,Normal
2026-02-13 10:34:13.279466,NewYork-a150,-7,40,Normal
2026-02-13 10:34:14.279466,NewYork-a150,35,41,Normal
2026-02-13 10:34:15.279466,NewYork-a150,50,16,Normal
2026-02-13 10:34:16.279466,NewYork-a150,50,53,Normal
2026-02-13 10:34:17.279466,NewYork-a150,10,45,Normal
