timestamp,station_id,temp,humid,condition
2026-02-14 00:52:13.111403,Tokyo-8af5,-29,83,Normal
2026-02-14 00:52:14.111403,Tokyo-8af5,45,51,Normal
2026-02-14 00:52:15.111403,Tokyo-8af5,29,9,Normal
2026-02-14 00:52:16.111403,Tokyo-8af5,8,34,Normal
2026-02-14 00:52:17.111403,Tokyo-8af5,35,53,Normal
2026-02-14 00:52:18.111403,Tokyo-8af5,-8,30,Normal
2026-02-14 00:52:19.111403,Tokyo-8af5,38,97,Normal
2026-02-14 00:52:20.111403,Tokyo-8af5,17,27,Normal
2026-02-14 00:52:21.111403,Tokyo-8af5,16,30,Normal
2026-02-14 00:52:22.111403,Tokyo-8af5,22,91,Normal
2026-02-14 00:52:23.111403,Tokyo-8af5,1,76,Normal
2026-02-14 00:52:24.111403,Tokyo-8af5,-15,4,Normal
2026-02-14 00:52:25.111403,Tokyo-8af5,32,54,Normal
2026-02-14 00:52:26.111403,Tokyo-8af5,13,22,Normal
2026-02-14 00:52:27.111403,Tokyo-8af5,24,59,Normal
2026-02-14 00:52:28.111403,Tokyo-8af5,-22,99,Normal
2026-02-14 00:52:29.111403,Tokyo-8af5,-10,13,Normal
2026-02-14 00:52:30.111403,Tokyo-8af5,13,55,Normal
2026-02-14 00:52:31.111403,Tokyo-8af5,27,62,Normal
2026-02-14 00:52:32.111403,Tokyo-8af5,-11,29,Normal
2026-02-14 00:52:33.111403,Tokyo-8af5,28,29,Normal
2026-02-14 00:52:34.111403,Tokyo-8af5,-25,55,Normal
2026-02-14 00:52:35.111403,Tokyo-8af5,-23,20,Normal
2026-02-14 00:52:36.111403,Tokyo-8af5,-14,77,Normal
2026-02-14 00:52:37.111403,Tokyo-8af5,0,52,Normal
2026-02-14 00:52:38.111403,Tokyo-8af5,-27,44,Normal
2026-02-14 00:52:39.111403,Tokyo-8af5,36,68,Normal
2026-02-14 00:52:40.111403,Tokyo-8af5,-15,58,Normal
2026-02-14 00:52:41.111403,Tokyo-8af5,33,41,Normal
2026-02-14 00:52:42.111403,Tokyo-8af5,-9,86,Normal
2026-02-14 00:52:43.111403,Tokyo-8af5,-4,68,Normal
2026-02-14 00:52:44.111403,Tokyo-8af5,22,8,Normal
2026-02-14 00:52:45.111403,Tokyo-8af5,-10,3,Normal
2026-02-14 00:52:46.111403,Tokyo-8af5,29,38,Normal
2026-02-14 00:52:47.111403,Tokyo-8af5,29,48,Normal
2026-02-14 00:52:48.111403,Tokyo-8af5,39,2,Normal
2026-02-14 00:52:49.111403,Tokyo-8af5,0,66,Normal
2026-02-14 00:52:50.111403,Tokyo-8af5,50,10,Normal
2026-02-14 00:52:51.111403,Tokyo-8af5,50,70,Normal
2026-02-14 00:52:52.111403,Tokyo-8af5,30,49,Normal
2026-02-14 00:52:53.111403,Tokyo-8af5,0,30,Normal
2026-02-14 00:52:54.111403,Tokyo-8af5,-8,71,Normal
2026-02-14 00:52:55.111403,Tokyo-8af5,26,96,Normal
2026-02-14 00:52:56.111403,Tokyo-8af5,-23,14,Normal
2026-02-14 00:52:57.111403,Tokyo-8af5,-18,11,Normal
2026-02-14 00:52:58.111403,Tokyo-8af5,35,83,Normal
2026-02-14 00:52:59.111403,Tokyo-8af5,-29,51,Normal
2026-02-14 00:53:00.111403,Tokyo-8af5,-15,25,Normal
2026-02-14 00:53:01.111403,Tokyo-8af5,32,77,Normal
2026-02-14 00:53:02.111403,Tokyo-8af5,4,30,Normal
2026-02-14 00:53:03.111403,Tokyo-8af5,-18,57,Normal
2026-02-14 00:53:04.111403,Tokyo-8af5,-11,97,Normal
2026-02-14 00:53:05.111403,Tokyo-8af5,-30,41,Normal
2026-02-14 00:53:06.111403,Tokyo-8af5,-20,50,Normal
2026-02-14 00:53:07.111403,Tokyo-8af5,-9,30,Normal
2026-02-14 00:53:08.111403,Tokyo-8af5,46,41,Normal
2026-02-14 00:53:09.111403,Tokyo-8af5,16,40,Normal
2026-02-14 00:53:10.111403,Tokyo-8af5,9,32,Normal
2026-02-14 00:53:11.111403,Tokyo-8af5,19,79,Normal
2026-02-14 00:53:12.111403,Tokyo-8af5,15,56,Normal
2026-02-14 00:53:13.111403,Tokyo-8af5,21,71,Normal
2026-02-14 00:53:14.111403,Tokyo-8af5,-18,18,Normal
2026-02-14 00:53:15.111403,Tokyo-8af5,-18,5,Normal
2026-02-14 00:53:16.111403,Tokyo-8af5,-28,21,Normal
2026-02-14 00:53:17.111403,Tokyo-8af5,18,34,Normal
2026-02-14 00:53:18.111403,Tokyo-8af5,39,36,Normal
2026-02-14 00:53:19.111403,Tokyo-8af5,32,44,Normal
2026-02-14 00:53:20.111403,Tokyo-8af5,-24,70,Normal
2026-02-14 00:53:21.111403,Tokyo-8af5,-21,83,Normal
2026-02-14 00:53:22.111403,Tokyo-8af5,-6,46,Normal
2026-02-14 00:53:23.111403,Tokyo-8af5,19,29,Normal
2026-02-14 00:53:24.111403,Tokyo-8af5,9,64,Normal
2026-02-14 00:53:25.111403,Tokyo-8af5,20,4,Normal
2026-02-14 00:53:26.111403,Tokyo-8af5,-5,27,Normal
2026-02-14 00:53:27.111403,Tokyo-8af5,41,49,Normal
2026-02-14 00:53:28.111403,Tokyo-8af5,-3,99,Normal
2026-02-14 00:53:29.111403,Tokyo-8af5,49,62,Normal
2026-02-14 00:53:30.111403,Tokyo-8af5,-4,46,Normal
2026-02-14 00:53:31.111403,Tokyo-8af5,44,80,Normal
2026-02-14 00:53:32.111403,Tokyo-8af5,-22,40,Normal
2026-02-14 00:53:33.111403,Tokyo-8af5,29,93,Normal
2026-02-14 00:53:34.111403,Tokyo-8af5,43,57,Normal
2026-02-14 00:53:35.111403,Tokyo-8af5,36,96,Normal
2026-02-14 00:53:36.111403,Tokyo-8af5,45,53,Normal
2026-02-14 00:53:37.111403,Tokyo-8af5,18,16,Normal
2026-02-14 00:53:38.111403,Tokyo-8af5,12,46,Normal
2026-02-14 00:53:39.111403,Tokyo-8af5,18,93,Normal
2026-02-14 00:53:40.111403,Tokyo-8af5,13,52,Normal
2026-02-14 00:53:41.111403,Tokyo-8af5,41,36,Normal
2026-02-14 00:53:42.111403,Tokyo-8af5,16,33,Normal
2026-02-14 00:53:43.111403,Tokyo-8af5,-11,17,Normal
2026-02-14 00:53:44.111403,Tokyo-8af5,43,16,Normal
2026-02-14 00:53:45.111403,Tokyo-8af5,6,35,Normal
2026-02-14 00:53:46.111403,Tokyo-8af5,24,56,Normal
2026-02-14 00:53:47.111403,Tokyo-8af5,4,13,Normal
2026-02-14 00:53:48.111403,Tokyo-8af5,-10,39,Normal
2026-02-14 00:53:49.111403,Tokyo-8af5,45,20,Normal
2026-02-14 00:53:50.111403,Tokyo-8af5,-22,76,Normal
2026-02-14 00:53:51.111403,Tokyo-8af5,22,95,Normal
2026-02-14 00:53:52.111403,Tokyo-8af5,1,25,Normal
2026-02-14 00:53:53.111403,Tokyo-8af5,20,97,Normal
2026-02-14 00:53:54.111403,Tokyo-8af5,-3,15,Normal
2026-02-14 00:53:55.111403,Tokyo-8af5,24,75,Normal
2026-02-14 00:53:56.111403,Tokyo-8af5,-18,75,Normal
2026-02-14 00:53:57.111403,Tokyo-8af5,8,37,Normal
2026-02-14 00:53:58.111403,Tokyo-8af5,-17,94,Normal
2026-02-14 00:53:59.111403,Tokyo-8af5,-29,75,Normal
2026-02-14 00:54:00.111403,Tokyo-8af5,32,14,Normal
2026-02-14 00:54:01.111403,Tokyo-8af5,37,90,Normal
2026-02-14 00:54:02.111403,Tokyo-8af5,29,55,Normal
2026-02-14 00:54:03.111403,Tokyo-8af5,47,4,Normal
2026-02-14 00:54:04.111403,Tokyo-8af5,35,6,Normal
2026-02-14 00:54:05.111403,Tokyo-8af5,42,92,Normal
2026-02-14 00:54:06.111403,Tokyo-8af5,6,92,Normal
2026-02-14 00:54:07.111403,Tokyo-8af5,-17,79,Normal
2026-02-14 00:54:08.111403,Tokyo-8af5,10,99,Normal
2026-02-14 00:54:09.111403,Tokyo-8af5,-29,29,Normal
2026-02-14 00:54:10.111403,Tokyo-8af5,45,55,Normal
2026-02-14 00:54:11.111403,Tokyo-8af5,33,10,Normal
2026-02-14 00:54:12.111403,Tokyo-8af5,6,73,Normal
2026-02-14 00:54:13.111403,Tokyo-8af5,-22,98,Normal
2026-02-14 00:54:14.111403,Tokyo-8af5,-16,99,Normal
2026-02-14 00:54:15.111403,Tokyo-8af5,-1,6,Normal
2026-02-14 00:54:16.111403,Tokyo-8af5,29,66,Normal
2026-02-14 00:54:17.111403,Tokyo-8af5,-6,89,Normal
2026-02-14 00:54:18.111403,Tokyo-8af5,9,15,Normal
2026-02-14 00:54:19.111403,Tokyo-8af5,-23,52,Normal
2026-02-14 00:54:20.111403,Tokyo-8af5,32,61,Normal
2026-02-14 00:54:21.111403,Tokyo-8af5,25,78,Normal
2026-02-14 00:54:22.111403,Tokyo-8af5,-29,45,Normal
2026-02-14 00:54:23.111403,Tokyo-8af5,42,44,Normal
2026-02-14 00:54:24.111403,Tokyo-8af5,9,14,Normal
2026-02-14 00:54:25.111403,Tokyo-8af5,39,40,Normal
2026-02-14 00:54:26.111403,Tokyo-8af5,-25,62,Normal
2026-02-14 00:54:27.111403,Tokyo-8af5,-2,75,Normal
2026-02-14 00:54:28.111403,Tokyo-8af5,-29,40,Normal
2026-02-14 00:54:29.111403,Tokyo-8af5,50,62,Normal
2026-02-14 00:54:30.111403,Tokyo-8af5,-17,21,Normal
2026-02-14 00:54:31.111403,Tokyo-8af5,-17,26,Normal
2026-02-14 00:54:32.111403,Tokyo-8af5,15,48,Normal
2026-02-14 00:54:33.111403,Tokyo-8af5,28,42,Normal
2026-02-14 00:54:34.111403,Tokyo-8af5,-10,29,Normal
2026-02-14 00:54:35.111403,Tokyo-8af5,-21,53,Normal
2026-02-14 00:54:36.111403,Tokyo-8af5,25,64,Normal
2026-02-14 00:54:37.111403,Tokyo-8af5,3,0,Normal
2026-02-14 00:54:38.111403,Tokyo-8af5,6,86,Normal
2026-02-14 00:54:39.111403,Tokyo-8af5,0,76,Normal
2026-02-14 00:54:40.111403,Tokyo-8af5,27,42,Normal
2026-02-14 00:54:41.111403,Tokyo-8af5,-27,30,Normal
2026-02-14 00:54:42.111403,Tokyo-8af5,44,96,Normal
2026-02-14 00:54:43.111403,Tokyo-8af5,35,61,Normal
2026-02-14 00:54:44.111403,Tokyo-8af5,-7,68,Normal
2026-02-14 00:54:45.111403,Tokyo-8af5,27,98,Normal
2026-02-14 00:54:46.111403,Tokyo-8af5,5,52,Normal
2026-02-14 00:54:47.111403,Tokyo-8af5,-19,34,Normal
2026-02-14 00:54:48.111403,Tokyo-8af5,-7,27,Normal
2026-02-14 00:54:49.111403,Tokyo-8af5,-4,76,Normal
2026-02-14 00:54:50.111403,Tokyo-8af5,-12,50,Normal
2026-02-14 00:54:51.111403,Tokyo-8af5,7,4,Normal
2026-02-14 00:54:52.111403,Tokyo-8af5,21,29,Normal
2026-02-14 00:54:53.111403,Tokyo-8af5,-19,66,Normal
2026-02-14 00:54:54.111403,Tokyo-8af5,-28,8,Normal
2026-02-14 00:54:55.111403,Tokyo-8af5,23,36,Normal
2026-02-14 00:54:56.111403,Tokyo-8af5,-16,91,Normal
2026-02-14 00:54:57.111403,Tokyo-8af5,-30,95,Normal
2026-02-14 00:54:58.111403,Tokyo-8af5,-23,99,Normal
2026-02-14 00:54:59.111403,Tokyo-8af5,-26,63,Normal
2026-02-14 00:55:00.111403,Tokyo-8af5,17,31,Normal
2026-02-14 00:55:01.111403,Tokyo-8af5,8,20,Normal
2026-02-14 00:55:02.111403,Tokyo-8af5,-21,96,Normal
2026-02-14 00:55:03.111403,Tokyo-8af5,44,66,Normal
2026-02-14 00:55:04.111403,Tokyo-8af5,-27,3,Normal
2026-02-14 00:55:05.111403,Tokyo-8af5,-27,17,Normal
2026-02-14 00:55:06.111403,Tokyo-8af5,-4,21,Normal
2026-02-14 00:55:07.111403,Tokyo-8af5,-1,34,Normal
2026-02-14 00:55:08.111403,Tokyo-8af5,-17,22,Normal
2026-02-14 00:55:09.111403,Tokyo-8af5,24,72,Normal
2026-02-14 00:55:10.111403,Tokyo-8af5,19,73,Normal
2026-02-14 00:55:11.111403,Tokyo-8af5,37,25,Normal
2026-02-14 00:55:12.111403,Tokyo-8af5,28,31,Normal
2026-02-14 00:55:13.111403,Tokyo-8af5,50,100,Normal
2026-02-14 00:55:14.111403,Tokyo-8af5,5,42,Normal
2026-02-14 00:55:15.111403,Tokyo-8af5,37,43,Normal
2026-02-14 00:55:16.111403,Tokyo-8af5,-8,1,Normal
2026-02-14 00:55:17.111403,Tokyo-8af5,3,17,Normal
2026-02-14 00:55:18.111403,Tokyo-8af5,3,31,Normal
2026-02-14 00:55:19.111403,Tokyo-8af5,-21,58,Normal
2026-02-14 00:55:20.111403,Tokyo-8af5,26,0,Normal
2026-02-14 00:55:21.111403,Tokyo-8af5,5,30,Normal
2026-02-14 00:55:22.111403,Tokyo-8af5,47,42,Normal
2026-02-14 00:55:23.111403,Tokyo-8af5,40,53,Normal
2026-02-14 00:55:24.111403,Tokyo-8af5,43,74,Normal
2026-02-14 00:55:25.111403,Tokyo-8af5,-23,51,Normal
2026-02-14 00:55:26.111403,Tokyo-8af5,-9,79,Normal
2026-02-14 00:55:27.111403,Tokyo-8af5,47,27,Normal
2026-02-14 00:55:28.111403,Tokyo-8af5,-1,11,Normal
2026-02-14 00:55:29.111403,Tokyo-8af5,-9,88,Normal
2026-02-14 00:55:30.111403,Tokyo-8af5,-10,24,Normal
2026-02-14 00:55:31.111403,Tokyo-8af5,31,24,Normal
2026-02-14 00:55:32.111403,Tokyo-8af5,14,58,Normal
2026-02-14 00:55:33.111403,Tokyo-8af5,-14,75,Normal
2026-02-14 00:55:34.111403,Tokyo-8af5,-12,23,Normal
2026-02-14 00:55:35.111403,Tokyo-8af5,31,64,Normal
2026-02-14 00:55:36.111403,Tokyo-8af5,33,37,Normal
2026-02-14 00:55:37.111403,Tokyo-8af5,10,87,Normal
2026-02-14 00:55:38.111403,Tokyo-8af5,33,83,Normal
2026-02-14 00:55:39.111403,Tokyo-8af5,24,73,Normal
2026-02-14 00:55:40.111403,Tokyo-8af5,7,93,Normal
2026-02-14 00:55:41.111403,Tokyo-8af5,38,39,Normal
2026-02-14 00:55:42.111403,Tokyo-8af5,-1,3,Normal
2026-02-14 00:55:43.111403,Tokyo-8af5,48,87,Normal
2026-02-14 00:55:44.111403,Tokyo-8af5,-19,79,Normal
2026-02-14 00:55:45.111403,Tokyo-8af5,9,45,Normal
2026-02-14 00:55:46.111403,Tokyo-8af5,-9,0,Normal
2026-02-14 00:55:47.111403,Tokyo-8af5,42,25,Normal
2026-02-14 00:55:48.111403,Tokyo-8af5,-10,59,Normal
2026-02-14 00:55:49.111403,Tokyo-8af5,50,28,Normal
2026-02-14 00:55:50.111403,Tokyo-8af5,-28,43,Normal
2026-02-14 00:55:51.111403,Tokyo-8af5,-9,16,Normal
2026-02-14 00:55:52.111403,Tokyo-8af5,-19,14,Normal
2026-02-14 00:55:53.111403,Tokyo-8af5,37,25,Normal
2026-02-14 00:55:54.111403,Tokyo-8af5,-2,69,Normal
2026-02-14 00:55:55.111403,Tokyo-8af5,42,91,Normal
2026-02-14 00:55:56.111403,Tokyo-8af5,-5,72,Normal
2026-02-14 00:55:57.111403,Tokyo-8af5,6,26,Normal
2026-02-14 00:55:58.111403,Tokyo-8af5,-22,96,Normal
2026-02-14 00:55:59.111403,Tokyo-8af5,31,2,Normal
2026-02-14 00:56:00.111403,Tokyo-8af5,-13,95,Normal
2026-02-14 00:56:01.111403,Tokyo-8af5,-13,20,Normal
2026-02-14 00:56:02.111403,Tokyo-8af5,-30,55,Normal
2026-02-14 00:56:03.111403,Tokyo-8af5,-17,98,Normal
2026-02-14 00:56:04.111403,Tokyo-8af5,14,62,Normal
2026-02-14 00:56:05.111403,Tokyo-8af5,19,55,Normal
2026-02-14 00:56:06.111403,Tokyo-8af5,3,40,Normal
2026-02-14 00:56:07.111403,Tokyo-8af5,11,60,Normal
2026-02-14 00:56:08.111403,Tokyo-8af5,-11,87,Normal
2026-02-14 00:56:09.111403,Tokyo-8af5,-9,55,Normal
2026-02-14 00:56:10.111403,Tokyo-8af5,5,89,Normal
2026-02-14 00:56:11.111403,Tokyo-8af5,-28,64,Normal
2026-02-14 00:56:12.111403,Tokyo-8af5,-17,63,Normal
2026-02-14 00:56:13.111403,Tokyo-8af5,11,15,Normal
2026-02-14 00:56:14.111403,Tokyo-8af5,27,6,Normal
2026-02-14 00:56:15.111403,Tokyo-8af5,19,13,Normal
2026-02-14 00:56:16.111403,Tokyo-8af5,4,39,Normal
2026-02-14 00:56:17.111403,Tokyo-8af5,-12,35,Normal
2026-02-14 00:56:18.111403,Tokyo-8af5,-3,64,Normal
2026-02-14 00:56:19.111403,Tokyo-8af5,-19,26,Normal
2026-02-14 00:56:20.111403,Tokyo-8af5,14,40,Normal
2026-02-14 00:56:21.111403,Tokyo-8af5,23,78,Normal
2026-02-14 00:56:22.111403,Tokyo-8af5,8,85,Normal
2026-02-14 00:56:23.111403,Tokyo-8af5,-4,54,Normal
2026-02-14 00:56:24.111403,Tokyo-8af5,38,6,Normal
2026-02-14 00:56:25.111403,Tokyo-8af5,-11,56,Normal
2026-02-14 00:56:26.111403,Tokyo-8af5,-26,69,Normal
2026-02-14 00:56:27.111403,Tokyo-8af5,-21,93,Normal
2026-02-14 00:56:28.111403,Tokyo-8af5,44,30,Normal
2026-02-14 00:56:29.111403,Tokyo-8af5,-18,25,Normal
2026-02-14 00:56:30.111403,Tokyo-8af5,29,55,Normal
2026-02-14 00:56:31.111403,Tokyo-8af5,-8,51,Normal
2026-02-14 00:56:32.111403,Tokyo-8af5,8,33,Normal
2026-02-14 00:56:33.111403,Tokyo-8af5,-22,55,Normal
2026-02-14 00:56:34.111403,Tokyo-8af5,22,97,Normal
2026-02-14 00:56:35.111403,Tokyo-8af5,3,26,Normal
2026-02-14 00:56:36.111403,Tokyo-8af5,-12,98,Normal
2026-02-14 00:56:37.111403,Tokyo-8af5,37,66,Normal
2026-02-14 00:56:38.111403,Tokyo-8af5,23,64,Normal
2026-02-14 00:56:39.111403,Tokyo-8af5,46,84,Normal
2026-02-14 00:56:40.111403,Tokyo-8af5,-3,15,Normal
2026-02-14 00:56:41.111403,Tokyo-8af5,-19,87,Normal
2026-02-14 00:56:42.111403,Tokyo-8af5,15,77,Normal
2026-02-14 00:56:43.111403,Tokyo-8af5,-10,33,Normal
2026-02-14 00:56:44.111403,Tokyo-8af5,-12,24,Normal
2026-02-14 00:56:45.111403,Tokyo-8af5,40,90,Normal
2026-02-14 00:56:46.111403,Tokyo-8af5,-5,94,Normal
2026-02-14 00:56:47.111403,Tokyo-8af5,28,5,Normal
2026-02-14 00:56:48.111403,Tokyo-8af5,-19,41,Normal
2026-02-14 00:56:49.111403,Tokyo-8af5,43,68,Normal
2026-02-14 00:56:50.111403,Tokyo-8af5,-23,4,Normal
2026-02-14 00:56:51.111403,Tokyo-8af5,2,20,Normal
2026-02-14 00:56:52.111403,Tokyo-8af5,9,56,Normal
2026-02-14 00:56:53.111403,Tokyo-8af5,3,26,Normal
2026-02-14 00:56:54.111403,Tokyo-8af5,-15,73,Normal
2026-02-14 00:56:55.111403,Tokyo-8af5,49,11,Normal
2026-02-14 00:56:56.111403,Tokyo-8af5,-22,77,Normal
2026-02-14 00:56:57.111403,Tokyo-8af5,26,21,Normal
2026-02-14 00:56:58.111403,Tokyo-8af5,5,14,Normal
2026-02-14 00:56:59.111403,Tokyo-8af5,32,82,Normal
2026-02-14 00:57:00.111403,Tokyo-8af5,39,89,Normal
2026-02-14 00:57:01.111403,Tokyo-8af5,-1,77,Normal
2026-02-14 00:57:02.111403,Tokyo-8af5,36,88,Normal
2026-02-14 00:57:03.111403,Tokyo-8af5,45,65,Normal
2026-02-14 00:57:04.111403,Tokyo-8af5,-17,6,Normal
2026-02-14 00:57:05.111403,Tokyo-8af5,-18,28,Normal
2026-02-14 00:57:06.111403,Tokyo-8af5,-23,83,Normal
2026-02-14 00:57:07.111403,Tokyo-8af5,-16,51,Normal
2026-02-14 00:57:08.111403,Tokyo-8af5,30,12,Normal
2026-02-14 00:57:09.111403,Tokyo-8af5,-5,45,Normal
2026-02-14 00:57:10.111403,Tokyo-8af5,19,4,Normal
2026-02-14 00:57:11.111403,Tokyo-8af5,-11,10,Normal
2026-02-14 00:57:12.111403,Tokyo-8af5,16,48,Normal
2026-02-14 00:57:13.111403,Tokyo-8af5,-15,39,Normal
2026-02-14 00:57:14.111403,Tokyo-8af5,-13,91,Normal
2026-02-14 00:57:15.111403,Tokyo-8af5,-21,79,Normal
2026-02-14 00:57:16.111403,Tokyo-8af5,-13,5,Normal
2026-02-14 00:57:17.111403,Tokyo-8af5,-15,3,Normal
2026-02-14 00:57:18.111403,Tokyo-8af5,8,37,Normal
2026-02-14 00:57:19.111403,Tokyo-8af5,8,95,Normal
2026-02-14 00:57:20.111403,Tokyo-8af5,-28,62,Normal
2026-02-14 00:57:21.111403,Tokyo-8af5,21,63,Normal
2026-02-14 00:57:22.111403,Tokyo-8af5,31,76,Normal
2026-02-14 00:57:23.111403,Tokyo-8af5,5,68,Normal
2026-02-14 00:57:24.111403,Tokyo-8af5,7,27,Normal
2026-02-14 00:57:25.111403,Tokyo-8af5,-20,37,Normal
2026-02-14 00:57:26.111403,Tokyo-8af5,-12,2,Normal
2026-02-14 00:57:27.111403,Tokyo-8af5,34,22,Normal
2026-02-14 00:57:28.111403,Tokyo-8af5,50,40,Normal
2026-02-14 00:57:29.111403,Tokyo-8af5,45,78,Normal
2026-02-14 00:57:30.111403,Tokyo-8af5,-10,74,Normal
2026-02-14 00:57:31.111403,Tokyo-8af5,-9,52,Normal
2026-02-14 00:57:32.111403,Tokyo-8af5,22,68,Normal
2026-02-14 00:57:33.111403,Tokyo-8af5,47,99,Normal
2026-02-14 00:57:34.111403,Tokyo-8af5,20,47,Normal
2026-02-14 00:57:35.111403,Tokyo-8af5,15,53,Normal
2026-02-14 00:57:36.111403,Tokyo-8af5,-7,32,Normal
2026-02-14 00:57:37.111403,Tokyo-8af5,8,63,Normal
2026-02-14 00:57:38.111403,Tokyo-8af5,50,21,Normal
2026-02-14 00:57:39.111403,Tokyo-8af5,-21,9,Normal
2026-02-14 00:57:40.111403,Tokyo-8af5,25,0,Normal
2026-02-14 00:57:41.111403,Tokyo-8af5,4,19,Normal
2026-02-14 00:57:42.111403,Tokyo-8af5,47,80,Normal
2026-02-14 00:57:43.111403,Tokyo-8af5,44,28,Normal
2026-02-14 00:57:44.111403,Tokyo-8af5,-10,23,Normal
2026-02-14 00:57:45.111403,Tokyo-8af5,15,42,Normal
2026-02-14 00:57:46.111403,Tokyo-8af5,23,94,Normal
2026-02-14 00:57:47.111403,Tokyo-8af5,-17,73,Normal
2026-02-14 00:57:48.111403,Tokyo-8af5,-27,81,Normal
2026-02-14 00:57:49.111403,Tokyo-8af5,2,28,Normal
2026-02-14 00:57:50.111403,Tokyo-8af5,19,87,Normal
2026-02-14 00:57:51.111403,Tokyo-8af5,31,50,Normal
2026-02-14 00:57:52.111403,Tokyo-8af5,-6,79,Normal
2026-02-14 00:57:53.111403,Tokyo-8af5,33,4,Normal
2026-02-14 00:57:54.111403,Tokyo-8af5,-17,97,Normal
2026-02-14 00:57:55.111403,Tokyo-8af5,-24,35,Normal
2026-02-14 00:57:56.111403,Tokyo-8af5,44,53,Normal
2026-02-14 00:57:57.111403,Tokyo-8af5,-10,51,Normal
2026-02-14 00:57:58.111403,Tokyo-8af5,-20,22,Normal
2026-02-14 00:57:59.111403,Tokyo-8af5,-28,89,Normal
2026-02-14 00:58:00.111403,Tokyo-8af5,-1,38,Normal
2026-02-14 00:58:01.111403,Tokyo-8af5,-12,78,Normal
2026-02-14 00:58:02.111403,Tokyo-8af5,12,39,Normal
2026-02-14 00:58:03.111403,Tokyo-8af5,9,10,Normal
2026-02-14 00:58:04.111403,Tokyo-8af5,-19,56,Normal
2026-02-14 00:58:05.111403,Tokyo-8af5,32,33,Normal
2026-02-14 00:58:06.111403,Tokyo-8af5,10,15,Normal
2026-02-14 00:58:07.111403,Tokyo-8af5,33,83,Normal
2026-02-14 00:58:08.111403,Tokyo-8af5,-21,77,Normal
2026-02-14 00:58:09.111403,Tokyo-8af5,-22,16,Normal
2026-02-14 00:58:10.111403,Tokyo-8af5,23,41,Normal
2026-02-14 00:58:11.111403,Tokyo-8af5,-6,2,Normal
2026-02-14 00:58:12.111403,Tokyo-8af5,-29,19,Normal
2026-02-14 00:58:13.111403,Tokyo-8af5,21,64,Normal
2026-02-14 00:58:14.111403,Tokyo-8af5,-3,75,Normal
2026-02-14 00:58:15.111403,Tokyo-8af5,46,5,Normal
2026-02-14 00:58:16.111403,Tokyo-8af5,-16,91,Normal
2026-02-14 00:58:17.111403,Tokyo-8af5,8,7,Normal
2026-02-14 00:58:18.111403,Tokyo-8af5,42,67,Normal
2026-02-14 00:58:19.111403,Tokyo-8af5,-20,6,Normal
2026-02-14 00:58:20.111403,Tokyo-8af5,46,37,Normal
2026-02-14 00:58:21.111403,Tokyo-8af5,18,15,Normal
2026-02-14 00:58:22.111403,Tokyo-8af5,8,1,Normal
2026-02-14 00:58:23.111403,Tokyo-8af5,29,61,Normal
2026-02-14 00:58:24.111403,Tokyo-8af5,-29,77,Normal
2026-02-14 00:58:25.111403,Tokyo-8af5,20,64,Normal
2026-02-14 00:58:26.111403,Tokyo-8af5,36,87,Normal
2026-02-14 00:58:27.111403,Tokyo-8af5,10,32,Normal
2026-02-14 00:58:28.111403,Tokyo-8af5,-25,92,Normal
2026-02-14 00:58:29.111403,Tokyo-8af5,-22,81,Normal
2026-02-14 00:58:30.111403,Tokyo-8af5,-23,68,Normal
2026-02-14 00:58:31.111403,Tokyo-8af5,6,82,Normal
2026-02-14 00:58:32.111403,Tokyo-8af5,-19,25,Normal
2026-02-14 00:58:33.111403,Tokyo-8af5,-12,13,Normal
2026-02-14 00:58:34.111403,Tokyo-8af5,-9,73,Normal
2026-02-14 00:58:35.111403,Tokyo-8af5,-29,34,Normal
2026-02-14 00:58:36.111403,Tokyo-8af5,46,24,Normal
2026-02-14 00:58:37.111403,Tokyo-8af5,-17,88,Normal
2026-02-14 00:58:38.111403,Tokyo-8af5,-17,22,Normal
2026-02-14 00:58:39.111403,Tokyo-8af5,-28,45,Normal
2026-02-14 00:58:40.111403,Tokyo-8af5,25,49,Normal
2026-02-14 00:58:41.111403,Tokyo-8af5,22,69,Normal
2026-02-14 00:58:42.111403,Tokyo-8af5,2,69,Normal
2026-02-14 00:58:43.111403,Tokyo-8af5,41,12,Normal
2026-02-14 00:58:44.111403,Tokyo-8af5,-6,9,Normal
2026-02-14 00:58:45.111403,Tokyo-8af5,18,64,Normal
2026-02-14 00:58:46.111403,Tokyo-8af5,-22,48,Normal
2026-02-14 00:58:47.111403,Tokyo-8af5,40,96,Normal
2026-02-14 00:58:48.111403,Tokyo-8af5,8,63,Normal
2026-02-14 00:58:49.111403,Tokyo-8af5,-4,79,Normal
2026-02-14 00:58:50.111403,Tokyo-8af5,-9,40,Normal
2026-02-14 00:58:51.111403,Tokyo-8af5,46,72,Normal
2026-02-14 00:58:52.111403,Tokyo-8af5,-26,1,Normal
2026-02-14 00:58:53.111403,Tokyo-8af5,37,93,Normal
2026-02-14 00:58:54.111403,Tokyo-8af5,5,54,Normal
2026-02-14 00:58:55.111403,Tokyo-8af5,-3,80,Normal
2026-02-14 00:58:56.111403,Tokyo-8af5,30,55,Normal
2026-02-14 00:58:57.111403,Tokyo-8af5,18,82,Normal
2026-02-14 00:58:58.111403,Tokyo-8af5,50,44,Normal
2026-02-14 00:58:59.111403,Tokyo-8af5,-15,1,Normal
2026-02-14 00:59:00.111403,Tokyo-8af5,18,73,Normal
2026-02-14 00:59:01.111403,Tokyo-8af5,11,75,Normal
2026-02-14 00:59:02.111403,Tokyo-8af5,-14,99,Normal
2026-02-14 00:59:03.111403,Tokyo-8af5,31,58,Normal
2026-02-14 00:59:04.111403,Tokyo-8af5,-28,18,Normal
2026-02-14 00:59:05.111403,Tokyo-8af5,3,100,Normal
2026-02-14 00:59:06.111403,Tokyo-8af5,-21,33,Normal
2026-02-14 00:59:07.111403,Tokyo-8af5,1,92,Normal
2026-02-14 00:59:08.111403,Tokyo-8af5,39,52,Normal
2026-02-14 00:59:09.111403,Tokyo-8af5,40,40,Normal
2026-02-14 00:59:10.111403,Tokyo-8af5,-19,9,Normal
2026-02-14 00:59:11.111403,Tokyo-8af5,22,66,Normal
2026-02-14 00:59:12.111403,Tokyo-8af5,-9,39,Normal
2026-02-14 00:59:13.111403,Tokyo-8af5,-30,4,Normal
2026-02-14 00:59:14.111403,Tokyo-8af5,44,75,Normal
2026-02-14 00:59:15.111403,Tokyo-8af5,4,91,Normal
2026-02-14 00:59:16.111403,Tokyo-8af5,-21,71,Normal
2026-02-14 00:59:17.111403,Tokyo-8af5,-20,20,Normal
2026-02-14 00:59:18.111403,Tokyo-8af5,45,72,Normal
2026-02-14 00:59:19.111403,Tokyo-8af5,-2,7,Normal
2026-02-14 00:59:20.111403,Tokyo-8af5,47,10,Normal
2026-02-14 00:59:21.111403,Tokyo-8af5,-10,85,Normal
2026-02-14 00:59:22.111403,Tokyo-8af5,15,24,Normal
2026-02-14 00:59:23.111403,Tokyo-8af5,10,48,Normal
2026-02-14 00:59:24.111403,Tokyo-8af5,14,35,Normal
2026-02-14 00:59:25.111403,Tokyo-8af5,0,60,Normal
2026-02-14 00:59:26.111403,Tokyo-8af5,-14,96,Normal
2026-02-14 00:59:27.111403,Tokyo-8af5,1,33,Normal
2026-02-14 00:59:28.111403,Tokyo-8af5,50,77,Normal
2026-02-14 00:59:29.111403,Tokyo-8af5,-11,69,Normal
2026-02-14 00:59:30.111403,Tokyo-8af5,3,69,Normal
2026-02-14 00:59:31.111403,Tokyo-8af5,-19,24,Normal
2026-02-14 00:59:32.111403,Tokyo-8af5,-23,73,Normal
2026-02-14 00:59:33.111403,Tokyo-8af5,50,96,Normal
2026-02-14 00:59:34.111403,Tokyo-8af5,30,26,Normal
2026-02-14 00:59:35.111403,Tokyo-8af5,-5,61,Normal
2026-02-14 00:59:36.111403,Tokyo-8af5,-23,12,Normal
2026-02-14 00:59:37.111403,Tokyo-8af5,-23,69,Normal
2026-02-14 00:59:38.111403,Tokyo-8af5,32,47,Normal
2026-02-14 00:59:39.111403,Tokyo-8af5,33,30,Normal
2026-02-14 00:59:40.111403,Tokyo-8af5,21,67,Normal
2026-02-14 00:59:41.111403,Tokyo-8af5,-9,98,Normal
2026-02-14 00:59:42.111403,Tokyo-8af5,47,61,Normal
2026-02-14 00:59:43.111403,Tokyo-8af5,35,64,Normal
2026-02-14 00:59:44.111403,Tokyo-8af5,4,93,Normal
2026-02-14 00:59:45.111403,Tokyo-8af5,47,86,Normal
2026-02-14 00:59:46.111403,Tokyo-8af5,0,40,Normal
2026-02-14 00:59:47.111403,Tokyo-8af5,13,11,Normal
2026-02-14 00:59:48.111403,Tokyo-8af5,28,99,Normal
2026-02-14 00:59:49.111403,Tokyo-8af5,-16,15,Normal
2026-02-14 00:59:50.111403,Tokyo-8af5,28,81,Normal
2026-02-14 00:59:51.111403,Tokyo-8af5,-19,71,Normal
2026-02-14 00:59:52.111403,Tokyo-8af5,-22,1,Normal
2026-02-14 00:59:53.111403,Tokyo-8af5,34,72,Normal
2026-02-14 00:59:54.111403,Tokyo-8af5,20,84,Normal
2026-02-14 00:59:55.111403,Tokyo-8af5,1,42,Normal
2026-02-14 00:59:56.111403,Tokyo-8af5,31,41,Normal
2026-02-14 00:59:57.111403,Tokyo-8af5,-7,86,Normal
2026-02-14 00:59:58.111403,Tokyo-8af5,14,86,Normal
2026-02-14 00:59:59.111403,Tokyo-8af5,-10,28,Normal
2026-02-14 01:00:00.111403,Tokyo-8af5,-8,90,Normal
2026-02-14 01:00:01.111403,Tokyo-8af5,25,1,Normal
2026-02-14 01:00:02.111403,Tokyo-8af5,-9,77,Normal
2026-02-14 01:00:03.111403,Tokyo-8af5,10,72,Normal
2026-02-14 01:00:04.111403,Tokyo-8af5,-5,3,Normal
2026-02-14 01:00:05.111403,Tokyo-8af5,-16,3,Normal
2026-02-14 01:00:06.111403,Tokyo-8af5,35,80,Normal
2026-02-14 01:00:07.111403,Tokyo-8af5,10,5,Normal
2026-02-14 01:00:08.111403,Tokyo-8af5,19,31,Normal
2026-02-14 01:00:09.111403,Tokyo-8af5,-9,6,Normal
2026-02-14 01:00:10.111403,Tokyo-8af5,29,2,Normal
2026-02-14 01:00:11.111403,Tokyo-8af5,50,6,Normal
2026-02-14 01:00:12.111403,Tokyo-8af5,42,44,Normal
2026-02-14 01:00:13.111403,Tokyo-8af5,-27,50,Normal
2026-02-14 01:00:14.111403,Tokyo-8af5,-18,23,Normal
2026-02-14 01:00:15.111403,Tokyo-8af5,-30,18,Normal
2026-02-14 01:00:16.111403,Tokyo-8af5,-4,8,Normal
2026-02-14 01:00:17.111403,Tokyo-8af5,-8,64,Normal
2026-02-14 01:00:18.111403,Tokyo-8af5,18,64,Normal
2026-02-14 01:00:19.111403,Tokyo-8af5,46,81,Normal
2026-02-14 01:00:20.111403,Tokyo-8af5,-20,31,Normal
2026-02-14 01:00:21.111403,Tokyo-8af5,42,39,Normal
2026-02-14 01:00:22.111403,Tokyo-8af5,9,41,Normal
2026-02-14 01:00:23.111403,Tokyo-8af5,43,6,Normal
2026-02-14 01:00:24.111403,Tokyo-8af5,-13,25,Normal
2026-02-14 01:00:25.111403,Tokyo-8af5,17,94,Normal
2026-02-14 01:00:26.111403,Tokyo-8af5,11,60,Normal
2026-02-14 01:00:27.111403,Tokyo-8af5,42,0,Normal
2026-02-14 01:00:28.111403,Tokyo-8af5,48,75,Normal
2026-02-14 01:00:29.111403,Tokyo-8af5,-12,54,Normal
2026-02-14 01:00:30.111403,Tokyo-8af5,-18,1,Normal
2026-02-14 01:00:31.111403,Tokyo-8af5,-4,78,Normal
2026-02-14 01:00:32.111403,Tokyo-8af5,50,33,Normal
2026-02-14 01:00:33.111403,Tokyo-8af5,-1,42,Normal
2026-02-14 01:00:34.111403,Tokyo-8af5,49,78,Normal
2026-02-14 01:00:35.111403,Tokyo-8af5,30,87,Normal
2026-02-14 01:00:36.111403,Tokyo-8af5,28,57,Normal
2026-02-14 01:00:37.111403,Tokyo-8af5,-10,55,Normal
2026-02-14 01:00:38.111403,Tokyo-8af5,-26,4,Normal
2026-02-14 01:00:39.111403,Tokyo-8af5,-22,78,Normal
2026-02-14 01:00:40.111403,Tokyo-8af5,48,33,Normal
2026-02-14 01:00:41.111403,Tokyo-8af5,20,17,Normal
2026-02-14 01:00:42.111403,Tokyo-8af5,-18,38,Normal
2026-02-14 01:00:43.111403,Tokyo-8af5,17,87,Normal
2026-02-14 01:00:44.111403,Tokyo-8af5,-11,80,Normal
2026-02-14 01:00:45.111403,Tokyo-8af5,33,24,Normal
2026-02-14 01:00:46.111403,Tokyo-8af5,7,79,Normal
2026-02-14 01:00:47.111403,Tokyo-8af5,18,53,Normal
2026-02-14 01:00:48.111403,Tokyo-8af5,-1,27,Normal
2026-02-14 01:00:49.111403,Tokyo-8af5,25,84,Normal
2026-02-14 01:00:50.111403,Tokyo-8af5,4,96,Normal
2026-02-14 01:00:51.111403,Tokyo-8af5,36,41,Normal
2026-02-14 01:00:52.111403,Tokyo-8af5,34,62,Normal
2026-02-14 01:00:53.111403,Tokyo-8af5,-16,87,Normal
2026-02-14 01:00:54.111403,Tokyo-8af5,50,66,Normal
2026-02-14 01:00:55.111403,Tokyo-8af5,-21,17,Normal
2026-02-14 01:00:56.111403,Tokyo-8af5,40,1,Normal
2026-02-14 01:00:57.111403,Tokyo-8af5,17,10,Normal
2026-02-14 01:00:58.111403,Tokyo-8af5,-21,21,Normal
2026-02-14 01:00:59.111403,Tokyo-8af5,4,15,Normal
2026-02-14 01:01:00.111403,Tokyo-8af5,-30,100,Normal
2026-02-14 01:01:01.111403,Tokyo-8af5,18,55,Normal
2026-02-14 01:01:02.111403,Tokyo-8af5,45,2,Normal
2026-02-14 01:01:03.111403,Tokyo-8af5,-16,80,Normal
2026-02-14 01:01:04.111403,Tokyo-8af5,-23,38,Normal
2026-02-14 01:01:05.111403,Tokyo-8af5,-19,68,Normal
2026-02-14 01:01:06.111403,Tokyo-8af5,40,88,Normal
2026-02-14 01:01:07.111403,Tokyo-8af5,14,33,Normal
2026-02-14 01:01:08.111403,Tokyo-8af5,-18,33,Normal
2026-02-14 01:01:09.111403,Tokyo-8af5,18,72,Normal
2026-02-14 01:01:10.111403,Tokyo-8af5,27,92,Normal
2026-02-14 01:01:11.111403,Tokyo-8af5,0,71,Normal
2026-02-14 01:01:12.111403,Tokyo-8af5,11,43,Normal
2026-02-14 01:01:13.111403,Tokyo-8af5,-7,25,Normal
2026-02-14 01:01:14.111403,Tokyo-8af5,-14,13,Normal
2026-02-14 01:01:15.111403,Tokyo-8af5,-24,44,Normal
2026-02-14 01:01:16.111403,Tokyo-8af5,-13,3,Normal
2026-02-14 01:01:17.111403,Tokyo-8af5,-27,95,Normal
2026-02-14 01:01:18.111403,Tokyo-8af5,-30,65,Normal
2026-02-14 01:01:19.111403,Tokyo-8af5,-20,5,Normal
2026-02-14 01:01:20.111403,Tokyo-8af5,-6,19,Normal
2026-02-14 01:01:21.111403,Tokyo-8af5,-18,95,Normal
2026-02-14 01:01:22.111403,Tokyo-8af5,-2,7,Normal
2026-02-14 01:01:23.111403,Tokyo-8af5,-13,33,Normal
2026-02-14 01:01:24.111403,Tokyo-8af5,43,38,Normal
2026-02-14 01:01:25.111403,Tokyo-8af5,26,98,Normal
2026-02-14 01:01:26.111403,Tokyo-8af5,37,12,Normal
2026-02-14 01:01:27.111403,Tokyo-8af5,36,49,Normal
2026-02-14 01:01:28.111403,Tokyo-8af5,-24,78,Normal
2026-02-14 01:01:29.111403,Tokyo-8af5,47,35,Normal
2026-02-14 01:01:30.111403,Tokyo-8af5,2,81,Normal
2026-02-14 01:01:31.111403,Tokyo-8af5,8,3,Normal
2026-02-14 01:01:32.111403,Tokyo-8af5,35,96,Normal
2026-02-14 01:01:33.111403,Tokyo-8af5,17,83,Normal
2026-02-14 01:01:34.111403,Tokyo-8af5,49,46,Normal
2026-02-14 01:01:35.111403,Tokyo-8af5,26,26,Normal
2026-02-14 01:01:36.111403,Tokyo-8af5,12,65,Normal
2026-02-14 01:01:37.111403,Tokyo-8af5,21,8,Normal
2026-02-14 01:01:38.111403,Tokyo-8af5,-3,67,Normal
2026-02-14 01:01:39.111403,Tokyo-8af5,10,86,Normal
2026-02-14 01:01:40.111403,Tokyo-8af5,-9,40,Normal
2026-02-14 01:01:41.111403,Tokyo-8af5,-19,90,Normal
2026-02-14 01:01:42.111403,Tokyo-8af5,47,89,Normal
2026-02-14 01:01:43.111403,Tokyo-8af5,-20,75,Normal
2026-02-14 01:01:44.111403,Tokyo-8af5,-25,76,Normal
2026-02-14 01:01:45.111403,Tokyo-8af5,-8,72,Normal
2026-02-14 01:01:46.111403,Tokyo-8af5,47,22,Normal
2026-02-14 01:01:47.111403,Tokyo-8af5,-10,3,Normal
2026-02-14 01:01:48.111403,Tokyo-8af5,-30,63,Normal
2026-02-14 01:01:49.111403,Tokyo-8af5,31,83,Normal
2026-02-14 01:01:50.111403,Tokyo-8af5,-18,51,Normal
2026-02-14 01:01:51.111403,Tokyo-8af5,37,36,Normal
2026-02-14 01:01:52.111403,Tokyo-8af5,35,46,Normal
2026-02-14 01:01:53.111403,Tokyo-8af5,30,27,Normal
2026-02-14 01:01:54.111403,Tokyo-8af5,-18,56,Normal
2026-02-14 01:01:55.111403,Tokyo-8af5,10,3,Normal
2026-02-14 01:01:56.111403,Tokyo-8af5,28,14,Normal
2026-02-14 01:01:57.111403,Tokyo-8af5,31,27,Normal
2026-02-14 01:01:58.111403,Tokyo-8af5,20,79,Normal
2026-02-14 01:01:59.111403,Tokyo-8af5,-1,1,Normal
2026-02-14 01:02:00.111403,Tokyo-8af5,45,87,Normal
2026-02-14 01:02:01.111403,Tokyo-8af5,17,8,Normal
2026-02-14 01:02:02.111403,Tokyo-8af5,-13,16,Normal
2026-02-14 01:02:03.111403,Tokyo-8af5,2,77,Normal
2026-02-14 01:02:04.111403,Tokyo-8af5,40,87,Normal
2026-02-14 01:02:05.111403,Tokyo-8af5,32,9,Normal
2026-02-14 01:02:06.111403,Tokyo-8af5,-11,93,Normal
2026-02-14 01:02:07.111403,Tokyo-8af5,42,87,Normal
2026-02-14 01:02:08.111403,Tokyo-8af5,21,21,Normal
2026-02-14 01:02:09.111403,Tokyo-8af5,3,15,Normal
2026-02-14 01:02:10.111403,Tokyo-8af5,0,64,Normal
2026-02-14 01:02:11.111403,Tokyo-8af5,-2,65,Normal
2026-02-14 01:02:12.111403,Tokyo-8af5,39,37,Normal
2026-02-14 01:02:13.111403,Tokyo-8af5,31,97,Normal
2026-02-14 01:02:14.111403,Tokyo-8af5,-24,13,Normal
2026-02-14 01:02:15.111403,Tokyo-8af5,8,25,Normal
2026-02-14 01:02:16.111403,Tokyo-8af5,44,62,Normal
2026-02-14 01:02:17.111403,Tokyo-8af5,6,53,Normal
2026-02-14 01:02:18.111403,Tokyo-8af5,7,59,Normal
2026-02-14 01:02:19.111403,Tokyo-8af5,31,58,Normal
2026-02-14 01:02:20.111403,Tokyo-8af5,-16,26,Normal
2026-02-14 01:02:21.111403,Tokyo-8af5,32,89,Normal
2026-02-14 01:02:22.111403,Tokyo-8af5,26,97,Normal
2026-02-14 01:02:23.111403,Tokyo-8af5,-28,23,Normal
2026-02-14 01:02:24.111403,Tokyo-8af5,12,3,Normal
2026-02-14 01:02:25.111403,Tokyo-8af5,8,91,Normal
2026-02-14 01:02:26.111403,Tokyo-8af5,-15,62,Normal
2026-02-14 01:02:27.111403,Tokyo-8af5,1,23,Normal
2026-02-14 01:02:28.111403,Tokyo-8af5,47,58,Normal
2026-02-14 01:02:29.111403,Tokyo-8af5,40,81,Normal
2026-02-14 01:02:30.111403,Tokyo-8af5,30,37,Normal
2026-02-14 01:02:31.111403,Tokyo-8af5,47,58,Normal
2026-02-14 01:02:32.111403,Tokyo-8af5,24,43,Normal
2026-02-14 01:02:33.111403,Tokyo-8af5,-6,81,Normal
2026-02-14 01:02:34.111403,Tokyo-8af5,-30,77,Normal
2026-02-14 01:02:35.111403,Tokyo-8af5,-2,18,Normal
2026-02-14 01:02:36.111403,Tokyo-8af5,0,7,Normal
2026-02-14 01:02:37.111403,Tokyo-8af5,41,79,Normal
2026-02-14 01:02:38.111403,Tokyo-8af5,19,70,Normal
2026-02-14 01:02:39.111403,Tokyo-8af5,23,81,Normal
2026-02-14 01:02:40.111403,Tokyo-8af5,-8,78,Normal
2026-02-14 01:02:41.111403,Tokyo-8af5,47,12,Normal
2026-02-14 01:02:42.111403,Tokyo-8af5,38,55,Normal
2026-02-14 01:02:43.111403,Tokyo-8af5,1,3,Normal
2026-02-14 01:02:44.111403,Tokyo-8af5,36,65,Normal
2026-02-14 01:02:45.111403,Tokyo-8af5,18,74,Normal
2026-02-14 01:02:46.111403,Tokyo-8af5,-19,87,Normal
2026-02-14 01:02:47.111403,Tokyo-8af5,49,65,Normal
2026-02-14 01:02:48.111403,Tokyo-8af5,32,63,Normal
2026-02-14 01:02:49.111403,Tokyo-8af5,8,29,Normal
2026-02-14 01:02:50.111403,Tokyo-8af5,3,18,Normal
2026-02-14 01:02:51.111403,Tokyo-8af5,44,18,Normal
2026-02-14 01:02:52.111403,Tokyo-8af5,22,28,Normal
2026-02-14 01:02:53.111403,Tokyo-8af5,26,62,Normal
2026-02-14 01:02:54.111403,Tokyo-8af5,30,56,Normal
2026-02-14 01:02:55.111403,Tokyo-8af5,-16,25,Normal
2026-02-14 01:02:56.111403,Tokyo-8af5,2,11,Normal
2026-02-14 01:02:57.111403,Tokyo-8af5,25,57,Normal
2026-02-14 01:02:58.111403,Tokyo-8af5,43,17,Normal
2026-02-14 01:02:59.111403,Tokyo-8af5,-19,100,Normal
2026-02-14 01:03:00.111403,Tokyo-8af5,-15,8,Normal
2026-02-14 01:03:01.111403,Tokyo-8af5,-18,44,Normal
2026-02-14 01:03:02.111403,Tokyo-8af5,-6,22,Normal
2026-02-14 01:03:03.111403,Tokyo-8af5,42,41,Normal
2026-02-14 01:03:04.111403,Tokyo-8af5,32,89,Normal
2026-02-14 01:03:05.111403,Tokyo-8af5,16,31,Normal
2026-02-14 01:03:06.111403,Tokyo-8af5,39,35,Normal
2026-02-14 01:03:07.111403,Tokyo-8af5,-1,45,Normal
2026-02-14 01:03:08.111403,Tokyo-8af5,-6,90,Normal
2026-02-14 01:03:09.111403,Tokyo-8af5,-25,3,Normal
2026-02-14 01:03:10.111403,Tokyo-8af5,1,99,Normal
2026-02-14 01:03:11.111403,Tokyo-8af5,49,67,Normal
2026-02-14 01:03:12.111403,Tokyo-8af5,-13,66,Normal
2026-02-14 01:03:13.111403,Tokyo-8af5,11,100,Normal
2026-02-14 01:03:14.111403,Tokyo-8af5,15,1,Normal
2026-02-14 01:03:15.111403,Tokyo-8af5,-10,88,Normal
2026-02-14 01:03:16.111403,Tokyo-8af5,35,0,Normal
2026-02-14 01:03:17.111403,Tokyo-8af5,27,29,Normal
2026-02-14 01:03:18.111403,Tokyo-8af5,-12,52,Normal
2026-02-14 01:03:19.111403,Tokyo-8af5,-4,92,Normal
2026-02-14 01:03:20.111403,Tokyo-8af5,16,20,Normal
2026-02-14 01:03:21.111403,Tokyo-8af5,0,88,Normal
2026-02-14 01:03:22.111403,Tokyo-8af5,14,77,Normal
2026-02-14 01:03:23.111403,Tokyo-8af5,-3,79,Normal
2026-02-14 01:03:24.111403,Tokyo-8af5,5,1,Normal
2026-02-14 01:03:25.111403,Tokyo-8af5,23,41,Normal
2026-02-14 01:03:26.111403,Tokyo-8af5,24,18,Normal
2026-02-14 01:03:27.111403,Tokyo-8af5,-27,74,Normal
2026-02-14 01:03:28.111403,Tokyo-8af5,-30,31,Normal
2026-02-14 01:03:29.111403,Tokyo-8af5,-18,23,Normal
2026-02-14 01:03:30.111403,Tokyo-8af5,4,73,Normal
2026-02-14 01:03:31.111403,Tokyo-8af5,38,57,Normal
2026-02-14 01:03:32.111403,Tokyo-8af5,-23,80,Normal
2026-02-14 01:03:33.111403,Tokyo-8af5,-21,20,Normal
2026-02-14 01:03:34.111403,Tokyo-8af5,-23,51,Normal
2026-02-14 01:03:35.111403,Tokyo-8af5,48,9,Normal
2026-02-14 01:03:36.111403,Tokyo-8af5,47,11,Normal
2026-02-14 01:03:37.111403,Tokyo-8af5,34,45,Normal
2026-02-14 01:03:38.111403,Tokyo-8af5,-13,41,Normal
2026-02-14 01:03:39.111403,Tokyo-8af5,8,91,Normal
2026-02-14 01:03:40.111403,Tokyo-8af5,29,14,Normal
2026-02-14 01:03:41.111403,Tokyo-8af5,25,32,Normal
2026-02-14 01:03:42.111403,Tokyo-8af5,21,40,Normal
2026-02-14 01:03:43.111403,Tokyo-8af5,-4,41,Normal
2026-02-14 01:03:44.111403,Tokyo-8af5,12,12,Normal
2026-02-14 01:03:45.111403,Tokyo-8af5,-2,26,Normal
2026-02-14 01:03:46.111403,Tokyo-8af5,37,13,Normal
2026-02-14 01:03:47.111403,Tokyo-8af5,37,97,Normal
2026-02-14 01:03:48.111403,Tokyo-8af5,-16,91,Normal
2026-02-14 01:03:49.111403,Tokyo-8af5,-8,19,Normal
2026-02-14 01:03:50.111403,Tokyo-8af5,42,43,Normal
2026-02-14 01:03:51.111403,Tokyo-8af5,-11,10,Normal
2026-02-14 01:03:52.111403,Tokyo-8af5,-6,90,Normal
2026-02-14 01:03:53.111403,Tokyo-8af5,-9,82,Normal
2026-02-14 01:03:54.111403,Tokyo-8af5,25,44,Normal
2026-02-14 01:03:55.111403,Tokyo-8af5,-26,60,Normal
2026-02-14 01:03:56.111403,Tokyo-8af5,4,90,Normal
2026-02-14 01:03:57.111403,Tokyo-8af5,-19,10,Normal
2026-02-14 01:03:58.111403,Tokyo-8af5,49,61,Normal
2026-02-14 01:03:59.111403,Tokyo-8af5,36,13,Normal
2026-02-14 01:04:00.111403,Tokyo-8af5,44,0,Normal
2026-02-14 01:04:01.111403,Tokyo-8af5,-22,41,Normal
2026-02-14 01:04:02.111403,Tokyo-8af5,42,34,Normal
2026-02-14 01:04:03.111403,Tokyo-8af5,-27,1,Normal
2026-02-14 01:04:04.111403,Tokyo-8af5,18,7,Normal
2026-02-14 01:04:05.111403,Tokyo-8af5,-24,25,Normal
2026-02-14 01:04:06.111403,Tokyo-8af5,34,56,Normal
2026-02-14 01:04:07.111403,Tokyo-8af5,9,83,Normal
2026-02-14 01:04:08.111403,Tokyo-8af5,50,57,Normal
2026-02-14 01:04:09.111403,Tokyo-8af5,-30,85,Normal
2026-02-14 01:04:10.111403,Tokyo-8af5,47,73,Normal
2026-02-14 01:04:11.111403,Tokyo-8af5,-5,56,Normal
2026-02-14 01:04:12.111403,Tokyo-8af5,21,89,Normal
2026-02-14 01:04:13.111403,Tokyo-8af5,42,51,Normal
2026-02-14 01:04:14.111403,Tokyo-8af5,0,46,Normal
2026-02-14 01:04:15.111403,Tokyo-8af5,15,90,Normal
2026-02-14 01:04:16.111403,Tokyo-8af5,27,52,Normal
2026-02-14 01:04:17.111403,Tokyo-8af5,22,78,Normal
2026-02-14 01:04:18.111403,Tokyo-8af5,-17,95,Normal
2026-02-14 01:04:19.111403,Tokyo-8af5,5,47,Normal
2026-02-14 01:04:20.111403,Tokyo-8af5,15,65,Normal
2026-02-14 01:04:21.111403,Tokyo-8af5,15,75,Normal
2026-02-14 01:04:22.111403,Tokyo-8af5,24,57,Normal
2026-02-14 01:04:23.111403,Tokyo-8af5,-14,60,Normal
2026-02-14 01:04:24.111403,Tokyo-8af5,26,13,Normal
2026-02-14 01:04:25.111403,Tokyo-8af5,38,55,Normal
2026-02-14 01:04:26.111403,Tokyo-8af5,-25,56,Normal
2026-02-14 01:04:27.111403,Tokyo-8af5,50,27,Normal
2026-02-14 01:04:28.111403,Tokyo-8af5,31,100,Normal
2026-02-14 01:04:29.111403,Tokyo-8af5,-1,87,Normal
2026-02-14 01:04:30.111403,Tokyo-8af5,36,74,Normal
2026-02-14 01:04:31.111403,Tokyo-8af5,-1,40,Normal
2026-02-14 01:04:32.111403,Tokyo-8af5,-6,13,Normal
2026-02-14 01:04:33.111403,Tokyo-8af5,45,43,Normal
2026-02-14 01:04:34.111403,Tokyo-8af5,15,62,Normal
2026-02-14 01:04:35.111403,Tokyo-8af5,-8,87,Normal
2026-02-14 01:04:36.111403,Tokyo-8af5,45,86,Normal
2026-02-14 01:04:37.111403,Tokyo-8af5,10,6,Normal
2026-02-14 01:04:38.111403,Tokyo-8af5,46,64,Normal
2026-02-14 01:04:39.111403,Tokyo-8af5,12,19,Normal
2026-02-14 01:04:40.111403,Tokyo-8af5,-23,64,Normal
2026-02-14 01:04:41.111403,Tokyo-8af5,30,53,Normal
2026-02-14 01:04:42.111403,Tokyo-8af5,43,91,Normal
2026-02-14 01:04:43.111403,Tokyo-8af5,29,58,Normal
2026-02-14 01:04:44.111403,Tokyo-8af5,36,93,Normal
2026-02-14 01:04:45.111403,Tokyo-8af5,26,36,Normal
2026-02-14 01:04:46.111403,Tokyo-8af5,27,7,Normal
2026-02-14 01:04:47.111403,Tokyo-8af5,4,37,Normal
2026-02-14 01:04:48.111403,Tokyo-8af5,43,99,Normal
2026-02-14 01:04:49.111403,Tokyo-8af5,-3,50,Normal
2026-02-14 01:04:50.111403,Tokyo-8af5,36,39,Normal
2026-02-14 01:04:51.111403,Tokyo-8af5,-8,3,Normal
2026-02-14 01:04:52.111403,Tokyo-8af5,33,38,Normal
2026-02-14 01:04:53.111403,Tokyo-8af5,34,100,Normal
2026-02-14 01:04:54.111403,Tokyo-8af5,-15,84,Normal
2026-02-14 01:04:55.111403,Tokyo-8af5,-17,75,Normal
2026-02-14 01:04:56.111403,Tokyo-8af5,-24,71,Normal
2026-02-14 01:04:57.111403,Tokyo-8af5,10,40,Normal
2026-02-14 01:04:58.111403,Tokyo-8af5,-30,62,Normal
2026-02-14 01:04:59.111403,Tokyo-8af5,48,80,Normal
2026-02-14 01:05:00.111403,Tokyo-8af5,41,56,Normal
2026-02-14 01:05:01.111403,Tokyo-8af5,21,75,Normal
2026-02-14 01:05:02.111403,Tokyo-8af5,35,48,Normal
2026-02-14 01:05:03.111403,Tokyo-8af5,25,82,Normal
2026-02-14 01:05:04.111403,Tokyo-8af5,-5,9,Normal
2026-02-14 01:05:05.111403,Tokyo-8af5,9,93,Normal
2026-02-14 01:05:06.111403,Tokyo-8af5,2,44,Normal
2026-02-14 01:05:07.111403,Tokyo-8af5,-9,52,Normal
2026-02-14 01:05:08.111403,Tokyo-8af5,-22,68,Normal
2026-02-14 01:05:09.111403,Tokyo-8af5,-2,64,Normal
2026-02-14 01:05:10.111403,Tokyo-8af5,-24,22,Normal
2026-02-14 01:05:11.111403,Tokyo-8af5,-20,8,Normal
2026-02-14 01:05:12.111403,Tokyo-8af5,37,64,Normal
2026-02-14 01:05:13.111403,Tokyo-8af5,-20,76,Normal
2026-02-14 01:05:14.111403,Tokyo-8af5,-18,94,Normal
2026-02-14 01:05:15.111403,Tokyo-8af5,18,2,Normal
2026-02-14 01:05:16.111403,Tokyo-8af5,-24,56,Normal
2026-02-14 01:05:17.111403,Tokyo-8af5,30,14,Normal
2026-02-14 01:05:18.111403,Tokyo-8af5,27,22,Normal
2026-02-14 01:05:19.111403,Tokyo-8af5,30,98,Normal
2026-02-14 01:05:20.111403,Tokyo-8af5,-15,20,Normal
2026-02-14 01:05:21.111403,Tokyo-8af5,21,38,Normal
2026-02-14 01:05:22.111403,Tokyo-8af5,-18,82,Normal
2026-02-14 01:05:23.111403,Tokyo-8af5,2,55,Normal
2026-02-14 01:05:24.111403,Tokyo-8af5,5,68,Normal
2026-02-14 01:05:25.111403,Tokyo-8af5,-11,78,Normal
2026-02-14 01:05:26.111403,Tokyo-8af5,-28,16,Normal
2026-02-14 01:05:27.111403,Tokyo-8af5,-1,14,Normal
2026-02-14 01:05:28.111403,Tokyo-8af5,4,29,Normal
2026-02-14 01:05:29.111403,Tokyo-8af5,34,96,Normal
2026-02-14 01:05:30.111403,Tokyo-8af5,5,30,Normal
2026-02-14 01:05:31.111403,Tokyo-8af5,22,67,Normal
2026-02-14 01:05:32.111403,Tokyo-8af5,50,30,Normal
2026-02-14 01:05:33.111403,Tokyo-8af5,-17,16,Normal
2026-02-14 01:05:34.111403,Tokyo-8af5,12,39,Normal
2026-02-14 01:05:35.111403,Tokyo-8af5,-2,17,Normal
2026-02-14 01:05:36.111403,Tokyo-8af5,17,13,Normal
2026-02-14 01:05:37.111403,Tokyo-8af5,5,7,Normal
2026-02-14 01:05:38.111403,Tokyo-8af5,31,38,Normal
2026-02-14 01:05:39.111403,Tokyo-8af5,-4,23,Normal
2026-02-14 01:05:40.111403,Tokyo-8af5,3,62,Normal
2026-02-14 01:05:41.111403,Tokyo-8af5,28,61,Normal
2026-02-14 01:05:42.111403,Tokyo-8af5,22,48,Normal
2026-02-14 01:05:43.111403,Tokyo-8af5,-1,21,Normal
2026-02-14 01:05:44.111403,Tokyo-8af5,49,17,Normal
2026-02-14 01:05:45.111403,Tokyo-8af5,37,88,Normal
2026-02-14 01:05:46.111403,Tokyo-8af5,12,40,Normal
2026-02-14 01:05:47.111403,Tokyo-8af5,-11,84,Normal
2026-02-14 01:05:48.111403,Tokyo-8af5,29,97,Normal
2026-02-14 01:05:49.111403,Tokyo-8af5,-11,90,Normal
2026-02-14 01:05:50.111403,Tokyo-8af5,-10,6,Normal
2026-02-14 01:05:51.111403,Tokyo-8af5,-7,35,Normal
2026-02-14 01:05:52.111403,Tokyo-8af5,40,58,Normal
2026-02-14 01:05:53.111403,Tokyo-8af5,7,58,Normal
2026-02-14 01:05:54.111403,Tokyo-8af5,2,32,Normal
2026-02-14 01:05:55.111403,Tokyo-8af5,19,51,Normal
2026-02-14 01:05:56.111403,Tokyo-8af5,-28,94,Normal
2026-02-14 01:05:57.111403,Tokyo-8af5,26,23,Normal
2026-02-14 01:05:58.111403,Tokyo-8af5,23,56,Normal
2026-02-14 01:05:59.111403,Tokyo-8af5,33,13,Normal
2026-02-14 01:06:00.111403,Tokyo-8af5,31,50,Normal
2026-02-14 01:06:01.111403,Tokyo-8af5,5,58,Normal
2026-02-14 01:06:02.111403,Tokyo-8af5,43,96,Normal
2026-02-14 01:06:03.111403,Tokyo-8af5,45,50,Normal
2026-02-14 01:06:04.111403,Tokyo-8af5,13,47,Normal
2026-02-14 01:06:05.111403,Tokyo-8af5,-12,5,Normal
2026-02-14 01:06:06.111403,Tokyo-8af5,11,62,Normal
2026-02-14 01:06:07.111403,Tokyo-8af5,-5,2,Normal
2026-02-14 01:06:08.111403,Tokyo-8af5,38,51,Normal
2026-02-14 01:06:09.111403,Tokyo-8af5,-11,15,Normal
2026-02-14 01:06:10.111403,Tokyo-8af5,21,46,Normal
2026-02-14 01:06:11.111403,Tokyo-8af5,-1,64,Normal
2026-02-14 01:06:12.111403,Tokyo-8af5,15,98,Normal
2026-02-14 01:06:13.111403,Tokyo-8af5,40,53,Normal
2026-02-14 01:06:14.111403,Tokyo-8af5,19,68,Normal
2026-02-14 01:06:15.111403,Tokyo-8af5,32,98,Normal
2026-02-14 01:06:16.111403,Tokyo-8af5,-1,70,Normal
2026-02-14 01:06:17.111403,Tokyo-8af5,1,27,Normal
2026-02-14 01:06:18.111403,Tokyo-8af5,8,74,Normal
2026-02-14 01:06:19.111403,Tokyo-8af5,-19,39,Normal
2026-02-14 01:06:20.111403,Tokyo-8af5,15,27,Normal
2026-02-14 01:06:21.111403,Tokyo-8af5,-14,24,Normal
2026-02-14 01:06:22.111403,Tokyo-8af5,-4,34,Normal
2026-02-14 01:06:23.111403,Tokyo-8af5,-6,60,Normal
2026-02-14 01:06:24.111403,Tokyo-8af5,12,54,Normal
2026-02-14 01:06:25.111403,Tokyo-8af5,-28,62,Normal
2026-02-14 01:06:26.111403,Tokyo-8af5,13,88,Normal
2026-02-14 01:06:27.111403,Tokyo-8af5,-29,96,Normal
2026-02-14 01:06:28.111403,Tokyo-8af5,22,28,Normal
2026-02-14 01:06:29.111403,Tokyo-8af5,23,61,Normal
2026-02-14 01:06:30.111403,Tokyo-8af5,-11,67,Normal
2026-02-14 01:06:31.111403,Tokyo-8af5,17,21,Normal
2026-02-14 01:06:32.111403,Tokyo-8af5,43,51,Normal
2026-02-14 01:06:33.111403,Tokyo-8af5,-28,39,Normal
2026-02-14 01:06:34.111403,Tokyo-8af5,-25,77,Normal
2026-02-14 01:06:35.111403,Tokyo-8af5,-23,65,Normal
2026-02-14 01:06:36.111403,Tokyo-8af5,18,31,Normal
2026-02-14 01:06:37.111403,Tokyo-8af5,-2,69,Normal
2026-02-14 01:06:38.111403,Tokyo-8af5,-22,76,Normal
2026-02-14 01:06:39.111403,Tokyo-8af5,47,72,Normal
2026-02-14 01:06:40.111403,Tokyo-8af5,-29,67,Normal
2026-02-14 01:06:41.111403,Tokyo-8af5,-28,45,Normal
2026-02-14 01:06:42.111403,Tokyo-8af5,24,46,Normal
2026-02-14 01:06:43.111403,Tokyo-8af5,48,91,Normal
2026-02-14 01:06:44.111403,Tokyo-8af5,31,47,Normal
2026-02-14 01:06:45.111403,Tokyo-8af5,49,85,Normal
2026-02-14 01:06:46.111403,Tokyo-8af5,27,34,Normal
2026-02-14 01:06:47.111403,Tokyo-8af5,3,49,Normal
2026-02-14 01:06:48.111403,Tokyo-8af5,29,49,Normal
2026-02-14 01:06:49.111403,Tokyo-8af5,33,36,Normal
2026-02-14 01:06:50.111403,Tokyo-8af5,-26,16,Normal
2026-02-14 01:06:51.111403,Tokyo-8af5,7,33,Normal
2026-02-14 01:06:52.111403,Tokyo-8af5,-2,14,Normal
2026-02-14 01:06:53.111403,Tokyo-8af5,42,63,Normal
2026-02-14 01:06:54.111403,Tokyo-8af5,29,34,Normal
2026-02-14 01:06:55.111403,Tokyo-8af5,21,33,Normal
2026-02-14 01:06:56.111403,Tokyo-8af5,24,3,Normal
2026-02-14 01:06:57.111403,Tokyo-8af5,25,62,Normal
2026-02-14 01:06:58.111403,Tokyo-8af5,36,71,Normal
2026-02-14 01:06:59.111403,Tokyo-8af5,-15,16,Normal
2026-02-14 01:07:00.111403,Tokyo-8af5,12,39,Normal
2026-02-14 01:07:01.111403,Tokyo-8af5,13,8,Normal
2026-02-14 01:07:02.111403,Tokyo-8af5,-16,52,Normal
2026-02-14 01:07:03.111403,Tokyo-8af5,-21,65,Normal
2026-02-14 01:07:04.111403,Tokyo-8af5,5,57,Normal
2026-02-14 01:07:05.111403,Tokyo-8af5,22,5,Normal
2026-02-14 01:07:06.111403,Tokyo-8af5,11,87,Normal
2026-02-14 01:07:07.111403,Tokyo-8af5,6,66,Normal
2026-02-14 01:07:08.111403,Tokyo-8af5,-6,57,Normal
2026-02-14 01:07:09.111403,Tokyo-8af5,-8,18,Normal
2026-02-14 01:07:10.111403,Tokyo-8af5,-3,43,Normal
2026-02-14 01:07:11.111403,Tokyo-8af5,38,63,Normal
2026-02-14 01:07:12.111403,Tokyo-8af5,-25,32,Normal
2026-02-14 01:07:13.111403,Tokyo-8af5,-22,59,Normal
2026-02-14 01:07:14.111403,Tokyo-8af5,-28,7,Normal
2026-02-14 01:07:15.111403,Tokyo-8af5,9,35,Normal
2026-02-14 01:07:16.111403,Tokyo-8af5,-12,32,Normal
2026-02-14 01:07:17.111403,Tokyo-8af5,24,16,Normal
2026-02-14 01:07:18.111403,Tokyo-8af5,10,72,Normal
2026-02-14 01:07:19.111403,Tokyo-8af5,50,39,Normal
2026-02-14 01:07:20.111403,Tokyo-8af5,7,32,Normal
2026-02-14 01:07:21.111403,Tokyo-8af5,2,64,Normal
2026-02-14 01:07:22.111403,Tokyo-8af5,-28,48,Normal
2026-02-14 01:07:23.111403,Tokyo-8af5,-30,74,Normal
2026-02-14 01:07:24.111403,Tokyo-8af5,23,98,Normal
2026-02-14 01:07:25.111403,Tokyo-8af5,-7,17,Normal
2026-02-14 01:07:26.111403,Tokyo-8af5,38,34,Normal
2026-02-14 01:07:27.111403,Tokyo-8af5,-11,91,Normal
2026-02-14 01:07:28.111403,Tokyo-8af5,30,84,Normal
2026-02-14 01:07:29.111403,Tokyo-8af5,19,78,Normal
2026-02-14 01:07:30.111403,Tokyo-8af5,35,18,Normal
2026-02-14 01:07:31.111403,Tokyo-8af5,-27,89,Normal
2026-02-14 01:07:32.111403,Tokyo-8af5,-30,32,Normal
2026-02-14 01:07:33.111403,Tokyo-8af5,50,55,Normal
2026-02-14 01:07:34.111403,Tokyo-8af5,-4,79,Normal
2026-02-14 01:07:35.111403,Tokyo-8af5,16,64,Normal
2026-02-14 01:07:36.111403,Tokyo-8af5,7,2,Normal
2026-02-14 01:07:37.111403,Tokyo-8af5,-29,10,Normal
2026-02-14 01:07:38.111403,Tokyo-8af5,-26,29,Normal
2026-02-14 01:07:39.111403,Tokyo-8af5,-6,51,Normal
2026-02-14 01:07:40.111403,Tokyo-8af5,-14,16,Normal
2026-02-14 01:07:41.111403,Tokyo-8af5,-22,66,Normal
2026-02-14 01:07:42.111403,Tokyo-8af5,37,23,Normal
2026-02-14 01:07:43.111403,Tokyo-8af5,23,53,Normal
2026-02-14 01:07:44.111403,Tokyo-8af5,0,68,Normal
2026-02-14 01:07:45.111403,Tokyo-8af5,-30,15,Normal
2026-02-14 01:07:46.111403,Tokyo-8af5,18,48,Normal
2026-02-14 01:07:47.111403,Tokyo-8af5,9,86,Normal
2026-02-14 01:07:48.111403,Tokyo-8af5,-23,85,Normal
2026-02-14 01:07:49.111403,Tokyo-8af5,18,58,Normal
2026-02-14 01:07:50.111403,Tokyo-8af5,-25,90,Normal
2026-02-14 01:07:51.111403,Tokyo-8af5,31,83,Normal
2026-02-14 01:07:52.111403,Tokyo-8af5,17,27,Normal
2026-02-14 01:07:53.111403,Tokyo-8af5,-9,98,Normal
2026-02-14 01:07:54.111403,Tokyo-8af5,-10,31,Normal
2026-02-14 01:07:55.111403,Tokyo-8af5,17,52,Normal
2026-02-14 01:07:56.111403,Tokyo-8af5,20,61,Normal
2026-02-14 01:07:57.111403,Tokyo-8af5,1,72,Normal
2026-02-14 01:07:58.111403,Tokyo-8af5,2,44,Normal
2026-02-14 01:07:59.111403,Tokyo-8af5,44,68,Normal
2026-02-14 01:08:00.111403,Tokyo-8af5,46,46,Normal
2026-02-14 01:08:01.111403,Tokyo-8af5,-20,56,Normal
2026-02-14 01:08:02.111403,Tokyo-8af5,-11,83,Normal
2026-02-14 01:08:03.111403,Tokyo-8af5,11,10,Normal
2026-02-14 01:08:04.111403,Tokyo-8af5,-15,78,Normal
2026-02-14 01:08:05.111403,Tokyo-8af5,48,85,Normal
2026-02-14 01:08:06.111403,Tokyo-8af5,33,71,Normal
2026-02-14 01:08:07.111403,Tokyo-8af5,-11,53,Normal
2026-02-14 01:08:08.111403,Tokyo-8af5,13,64,Normal
2026-02-14 01:08:09.111403,Tokyo-8af5,22,17,Normal
2026-02-14 01:08:10.111403,Tokyo-8af5,50,42,Normal
2026-02-14 01:08:11.111403,Tokyo-8af5,46,63,Normal
2026-02-14 01:08:12.111403,Tokyo-8af5,2,90,Normal
2026-02-14 01:08:13.111403,Tokyo-8af5,-8,27,Normal
2026-02-14 01:08:14.111403,Tokyo-8af5,2,25,Normal
2026-02-14 01:08:15.111403,Tokyo-8af5,-4,57,Normal
2026-02-14 01:08:16.111403,Tokyo-8af5,-7,73,Normal
2026-02-14 01:08:17.111403,Tokyo-8af5,12,12,Normal
2026-02-14 01:08:18.111403,Tokyo-8af5,-5,73,Normal
2026-02-14 01:08:19.111403,Tokyo-8af5,-4,52,Normal
2026-02-14 01:08:20.111403,Tokyo-8af5,23,95,Normal
2026-02-14 01:08:21.111403,Tokyo-8af5,-24,59,Normal
2026-02-14 01:08:22.111403,Tokyo-8af5,21,56,Normal
2026-02-14 01:08:23.111403,Tokyo-8af5,31,5,Normal
2026-02-14 01:08:24.111403,Tokyo-8af5,-27,76,Normal
2026-02-14 01:08:25.111403,Tokyo-8af5,44,72,Normal
2026-02-14 01:08:26.111403,Tokyo-8af5,31,89,Normal
2026-02-14 01:08:27.111403,Tokyo-8af5,0,44,Normal
2026-02-14 01:08:28.111403,Tokyo-8af5,3,55,Normal
2026-02-14 01:08:29.111403,Tokyo-8af5,-23,38,Normal
2026-02-14 01:08:30.111403,Tokyo-8af5,-29,99,Normal
2026-02-14 01:08:31.111403,Tokyo-8af5,17,63,Normal
2026-02-14 01:08:32.111403,Tokyo-8af5,40,22,Normal
2026-02-14 01:08:33.111403,Tokyo-8af5,41,61,Normal
2026-02-14 01:08:34.111403,Tokyo-8af5,37,82,Normal
2026-02-14 01:08:35.111403,Tokyo-8af5,10,44,Normal
2026-02-14 01:08:36.111403,Tokyo-8af5,3,84,Normal
2026-02-14 01:08:37.111403,Tokyo-8af5,41,16,Normal
2026-02-14 01:08:38.111403,Tokyo-8af5,12,68,Normal
2026-02-14 01:08:39.111403,Tokyo-8af5,-17,39,Normal
2026-02-14 01:08:40.111403,Tokyo-8af5,50,94,Normal
2026-02-14 01:08:41.111403,Tokyo-8af5,-13,76,Normal
2026-02-14 01:08:42.111403,Tokyo-8af5,-21,66,Normal
2026-02-14 01:08:43.111403,Tokyo-8af5,42,3,Normal
2026-02-14 01:08:44.111403,Tokyo-8af5,16,36,Normal
2026-02-14 01:08:45.111403,Tokyo-8af5,39,42,Normal
2026-02-14 01:08:46.111403,Tokyo-8af5,11,14,Normal
2026-02-14 01:08:47.111403,Tokyo-8af5,18,58,Normal
2026-02-14 01:08:48.111403,Tokyo-8af5,16,15,Normal
2026-02-14 01:08:49.111403,Tokyo-8af5,-10,82,Normal
2026-02-14 01:08:50.111403,Tokyo-8af5,21,57,Normal
2026-02-14 01:08:51.111403,Tokyo-8af5,39,51,Normal
2026-02-14 01:08:52.111403,Tokyo-8af5,23,22,Normal
2026-02-14 01:08:53.111403,Tokyo-8af5,-1,82,Normal
2026-02-14 01:08:54.111403,Tokyo-8af5,12,83,Normal
2026-02-14 01:08:55.111403,Tokyo-8af5,41,36,Normal
2026-02-14 01:08:56.111403,Tokyo-8af5,13,35,Normal
2026-02-14 01:08:57.111403,Tokyo-8af5,8,77,Normal
2026-02-14 01:08:58.111403,Tokyo-8af5,15,28,Normal
2026-02-14 01:08:59.111403,Tokyo-8af5,0,27,Normal
2026-02-14 01:09:00.111403,Tokyo-8af5,-28,11,Normal
2026-02-14 01:09:01.111403,Tokyo-8af5,-12,42,Normal
2026-02-14 01:09:02.111403,Tokyo-8af5,27,93,Normal
2026-02-14 01:09:03.111403,Tokyo-8af5,13,94,Normal
2026-02-14 01:09:04.111403,Tokyo-8af5,44,21,Normal
2026-02-14 01:09:05.111403,Tokyo-8af5,27,6,Normal
2026-02-14 01:09:06.111403,Tokyo-8af5,45,17,Normal
2026-02-14 01:09:07.111403,Tokyo-8af5,-9,65,Normal
2026-02-14 01:09:08.111403,Tokyo-8af5,11,15,Normal
2026-02-14 01:09:09.111403,Tokyo-8af5,8,83,Normal
2026-02-14 01:09:10.111403,Tokyo-8af5,41,80,Normal
2026-02-14 01:09:11.111403,Tokyo-8af5,18,81,Normal
2026-02-14 01:09:12.111403,Tokyo-8af5,-18,44,Normal
2026-02-14 01:09:13.111403,Tokyo-8af5,-11,19,Normal
2026-02-14 01:09:14.111403,Tokyo-8af5,41,6,Normal
2026-02-14 01:09:15.111403,Tokyo-8af5,0,14,Normal
2026-02-14 01:09:16.111403,Tokyo-8af5,-3,63,Normal
2026-02-14 01:09:17.111403,Tokyo-8af5,31,73,Normal
2026-02-14 01:09:18.111403,Tokyo-8af5,26,50,Normal
2026-02-14 01:09:19.111403,Tokyo-8af5,-19,80,Normal
2026-02-14 01:09:20.111403,Tokyo-8af5,16,83,Normal
2026-02-14 01:09:21.111403,Tokyo-8af5,-9,23,Normal
2026-02-14 01:09:22.111403,Tokyo-8af5,-11,29,Normal
2026-02-14 01:09:23.111403,Tokyo-8af5,28,49,Normal
2026-02-14 01:09:24.111403,Tokyo-8af5,-10,99,Normal
2026-02-14 01:09:25.111403,Tokyo-8af5,26,54,Normal
2026-02-14 01:09:26.111403,Tokyo-8af5,-11,95,Normal
2026-02-14 01:09:27.111403,Tokyo-8af5,18,84,Normal
2026-02-14 01:09:28.111403,Tokyo-8af5,-11,98,Normal
2026-02-14 01:09:29.111403,Tokyo-8af5,4,32,Normal
2026-02-14 01:09:30.111403,Tokyo-8af5,46,44,Normal
2026-02-14 01:09:31.111403,Tokyo-8af5,39,71,Normal
2026-02-14 01:09:32.111403,Tokyo-8af5,-14,59,Normal
2026-02-14 01:09:33.111403,Tokyo-8af5,-4,32,Normal
2026-02-14 01:09:34.111403,Tokyo-8af5,-12,32,Normal
2026-02-14 01:09:35.111403,Tokyo-8af5,-6,52,Normal
2026-02-14 01:09:36.111403,Tokyo-8af5,24,98,Normal
2026-02-14 01:09:37.111403,Tokyo-8af5,21,22,Normal
2026-02-14 01:09:38.111403,Tokyo-8af5,-17,83,Normal
2026-02-14 01:09:39.111403,Tokyo-8af5,14,31,Normal
2026-02-14 01:09:40.111403,Tokyo-8af5,-11,74,Normal
2026-02-14 01:09:41.111403,Tokyo-8af5,-4,3,Normal
2026-02-14 01:09:42.111403,Tokyo-8af5,0,89,Normal
2026-02-14 01:09:43.111403,Tokyo-8af5,22,95,Normal
2026-02-14 01:09:44.111403,Tokyo-8af5,-23,7,Normal
2026-02-14 01:09:45.111403,Tokyo-8af5,39,95,Normal
2026-02-14 01:09:46.111403,Tokyo-8af5,-26,76,Normal
2026-02-14 01:09:47.111403,Tokyo-8af5,29,44,Normal
2026-02-14 01:09:48.111403,Tokyo-8af5,-22,86,Normal
2026-02-14 01:09:49.111403,Tokyo-8af5,-3,49,Normal
2026-02-14 01:09:50.111403,Tokyo-8af5,8,33,Normal
2026-02-14 01:09:51.111403,Tokyo-8af5,-14,11,Normal
2026-02-14 01:09:52.111403,Tokyo-8af5,45,74,Normal
2026-02-14 01:09:53.111403,Tokyo-8af5,-8,18,Normal
2026-02-14 01:09:54.111403,Tokyo-8af5,34,99,Normal
2026-02-14 01:09:55.111403,Tokyo-8af5,43,47,Normal
2026-02-14 01:09:56.111403,Tokyo-8af5,33,19,Normal
2026-02-14 01:09:57.111403,Tokyo-8af5,10,77,Normal
2026-02-14 01:09:58.111403,Tokyo-8af5,20,24,Normal
2026-02-14 01:09:59.111403,Tokyo-8af5,4,70,Normal
2026-02-14 01:10:00.111403,Tokyo-8af5,-3,87,Normal
2026-02-14 01:10:01.111403,Tokyo-8af5,18,76,Normal
2026-02-14 01:10:02.111403,Tokyo-8af5,47,14,Normal
2026-02-14 01:10:03.111403,Tokyo-8af5,-1,79,Normal
2026-02-14 01:10:04.111403,Tokyo-8af5,-10,31,Normal
2026-02-14 01:10:05.111403,Tokyo-8af5,9,100,Normal
2026-02-14 01:10:06.111403,Tokyo-8af5,16,8,Normal
2026-02-14 01:10:07.111403,Tokyo-8af5,-15,85,Normal
2026-02-14 01:10:08.111403,Tokyo-8af5,-26,84,Normal
2026-02-14 01:10:09.111403,Tokyo-8af5,-13,2,Normal
2026-02-14 01:10:10.111403,Tokyo-8af5,45,45,Normal
2026-02-14 01:10:11.111403,Tokyo-8af5,41,5,Normal
2026-02-14 01:10:12.111403,Tokyo-8af5,-2,51,Normal
2026-02-14 01:10:13.111403,Tokyo-8af5,-13,43,Normal
2026-02-14 01:10:14.111403,Tokyo-8af5,19,82,Normal
2026-02-14 01:10:15.111403,Tokyo-8af5,-1,90,Normal
2026-02-14 01:10:16.111403,Tokyo-8af5,48,37,Normal
2026-02-14 01:10:17.111403,Tokyo-8af5,8,94,Normal
2026-02-14 01:10:18.111403,Tokyo-8af5,48,92,Normal
2026-02-14 01:10:19.111403,Tokyo-8af5,-17,80,Normal
2026-02-14 01:10:20.111403,Tokyo-8af5,-20,84,Normal
2026-02-14 01:10:21.111403,Tokyo-8af5,35,59,Normal
2026-02-14 01:10:22.111403,Tokyo-8af5,-15,62,Normal
2026-02-14 01:10:23.111403,Tokyo-8af5,-26,36,Normal
2026-02-14 01:10:24.111403,Tokyo-8af5,13,99,Normal
2026-02-14 01:10:25.111403,Tokyo-8af5,-9,48,Normal
2026-02-14 01:10:26.111403,Tokyo-8af5,8,96,Normal
2026-02-14 01:10:27.111403,Tokyo-8af5,14,5,Normal
2026-02-14 01:10:28.111403,Tokyo-8af5,35,21,Normal
2026-02-14 01:10:29.111403,Tokyo-8af5,-10,38,Normal
2026-02-14 01:10:30.111403,Tokyo-8af5,-22,15,Normal
2026-02-14 01:10:31.111403,Tokyo-8af5,38,28,Normal
2026-02-14 01:10:32.111403,Tokyo-8af5,24,79,Normal
2026-02-14 01:10:33.111403,Tokyo-8af5,-12,73,Normal
2026-02-14 01:10:34.111403,Tokyo-8af5,-4,57,Normal
2026-02-14 01:10:35.111403,Tokyo-8af5,10,29,Normal
2026-02-14 01:10:36.111403,Tokyo-8af5,12,36,Normal
2026-02-14 01:10:37.111403,Tokyo-8af5,-29,1,Normal
2026-02-14 01:10:38.111403,Tokyo-8af5,15,41,Normal
2026-02-14 01:10:39.111403,Tokyo-8af5,-17,52,Normal
2026-02-14 01:10:40.111403,Tokyo-8af5,50,50,Normal
2026-02-14 01:10:41.111403,Tokyo-8af5,39,11,Normal
2026-02-14 01:10:42.111403,Tokyo-8af5,6,99,Normal
2026-02-14 01:10:43.111403,Tokyo-8af5,20,20,Normal
2026-02-14 01:10:44.111403,Tokyo-8af5,-6,28,Normal
2026-02-14 01:10:45.111403,Tokyo-8af5,-21,63,Normal
2026-02-14 01:10:46.111403,Tokyo-8af5,12,24,Normal
2026-02-14 01:10:47.111403,Tokyo-8af5,-13,23,Normal
2026-02-14 01:10:48.111403,Tokyo-8af5,1,47,Normal
2026-02-14 01:10:49.111403,Tokyo-8af5,-24,63,Normal
2026-02-14 01:10:50.111403,Tokyo-8af5,5,1,Normal
2026-02-14 01:10:51.111403,Tokyo-8af5,-23,17,Normal
2026-02-14 01:10:52.111403,Tokyo-8af5,48,81,Normal
2026-02-14 01:10:53.111403,Tokyo-8af5,18,86,Normal
2026-02-14 01:10:54.111403,Tokyo-8af5,8,90,Normal
2026-02-14 01:10:55.111403,Tokyo-8af5,10,61,Normal
2026-02-14 01:10:56.111403,Tokyo-8af5,47,0,Normal
2026-02-14 01:10:57.111403,Tokyo-8af5,-3,4,Normal
2026-02-14 01:10:58.111403,Tokyo-8af5,-25,77,Normal
2026-02-14 01:10:59.111403,Tokyo-8af5,-29,10,Normal
2026-02-14 01:11:00.111403,Tokyo-8af5,8,97,Normal
2026-02-14 01:11:01.111403,Tokyo-8af5,47,44,Normal
2026-02-14 01:11:02.111403,Tokyo-8af5,19,54,Normal
2026-02-14 01:11:03.111403,Tokyo-8af5,50,12,Normal
2026-02-14 01:11:04.111403,Tokyo-8af5,2,12,Normal
2026-02-14 01:11:05.111403,Tokyo-8af5,28,77,Normal
2026-02-14 01:11:06.111403,Tokyo-8af5,20,85,Normal
2026-02-14 01:11:07.111403,Tokyo-8af5,-25,69,Normal
2026-02-14 01:11:08.111403,Tokyo-8af5,-28,72,Normal
2026-02-14 01:11:09.111403,Tokyo-8af5,-15,24,Normal
2026-02-14 01:11:10.111403,Tokyo-8af5,30,26,Normal
2026-02-14 01:11:11.111403,Tokyo-8af5,8,70,Normal
2026-02-14 01:11:12.111403,Tokyo-8af5,-25,81,Normal
2026-02-14 01:11:13.111403,Tokyo-8af5,-26,48,Normal
2026-02-14 01:11:14.111403,Tokyo-8af5,22,83,Normal
2026-02-14 01:11:15.111403,Tokyo-8af5,50,26,Normal
2026-02-14 01:11:16.111403,Tokyo-8af5,46,85,Normal
2026-02-14 01:11:17.111403,Tokyo-8af5,19,37,Normal
2026-02-14 01:11:18.111403,Tokyo-8af5,37,33,Normal
2026-02-14 01:11:19.111403,Tokyo-8af5,21,72,Normal
2026-02-14 01:11:20.111403,Tokyo-8af5,25,64,Normal
2026-02-14 01:11:21.111403,Tokyo-8af5,5,38,Normal
2026-02-14 01:11:22.111403,Tokyo-8af5,-23,38,Normal
2026-02-14 01:11:23.111403,Tokyo-8af5,16,31,Normal
2026-02-14 01:11:24.111403,Tokyo-8af5,42,42,Normal
2026-02-14 01:11:25.111403,Tokyo-8af5,39,1,Normal
2026-02-14 01:11:26.111403,Tokyo-8af5,32,20,Normal
2026-02-14 01:11:27.111403,Tokyo-8af5,30,5,Normal
2026-02-14 01:11:28.111403,Tokyo-8af5,9,11,Normal
2026-02-14 01:11:29.111403,Tokyo-8af5,15,45,Normal
2026-02-14 01:11:30.111403,Tokyo-8af5,42,30,Normal
2026-02-14 01:11:31.111403,Tokyo-8af5,-9,77,Normal
2026-02-14 01:11:32.111403,Tokyo-8af5,-1,82,Normal
2026-02-14 01:11:33.111403,Tokyo-8af5,-1,85,Normal
2026-02-14 01:11:34.111403,Tokyo-8af5,45,75,Normal
2026-02-14 01:11:35.111403,Tokyo-8af5,25,97,Normal
2026-02-14 01:11:36.111403,Tokyo-8af5,-4,89,Normal
2026-02-14 01:11:37.111403,Tokyo-8af5,50,25,Normal
2026-02-14 01:11:38.111403,Tokyo-8af5,39,39,Normal
2026-02-14 01:11:39.111403,Tokyo-8af5,31,92,Normal
2026-02-14 01:11:40.111403,Tokyo-8af5,-1,89,Normal
2026-02-14 01:11:41.111403,Tokyo-8af5,-26,47,Normal
2026-02-14 01:11:42.111403,Tokyo-8af5,-19,14,Normal
2026-02-14 01:11:43.111403,Tokyo-8af5,30,62,Normal
2026-02-14 01:11:44.111403,Tokyo-8af5,-16,73,Normal
2026-02-14 01:11:45.111403,Tokyo-8af5,7,76,Normal
2026-02-14 01:11:46.111403,Tokyo-8af5,9,17,Normal
2026-02-14 01:11:47.111403,Tokyo-8af5,-22,46,Normal
2026-02-14 01:11:48.111403,Tokyo-8af5,42,70,Normal
2026-02-14 01:11:49.111403,Tokyo-8af5,26,19,Normal
2026-02-14 01:11:50.111403,Tokyo-8af5,-10,12,Normal
2026-02-14 01:11:51.111403,Tokyo-8af5,19,12,Normal
2026-02-14 01:11:52.111403,Tokyo-8af5,36,89,Normal
2026-02-14 01:11:53.111403,Tokyo-8af5,26,96,Normal
2026-02-14 01:11:54.111403,Tokyo-8af5,-14,79,Normal
2026-02-14 01:11:55.111403,Tokyo-8af5,39,14,Normal
2026-02-14 01:11:56.111403,Tokyo-8af5,-19,40,Normal
2026-02-14 01:11:57.111403,Tokyo-8af5,-6,12,Normal
2026-02-14 01:11:58.111403,Tokyo-8af5,36,43,Normal
2026-02-14 01:11:59.111403,Tokyo-8af5,-17,36,Normal
2026-02-14 01:12:00.111403,Tokyo-8af5,45,4,Normal
2026-02-14 01:12:01.111403,Tokyo-8af5,10,5,Normal
2026-02-14 01:12:02.111403,Tokyo-8af5,34,59,Normal
2026-02-14 01:12:03.111403,Tokyo-8af5,18,2,Normal
2026-02-14 01:12:04.111403,Tokyo-8af5,33,11,Normal
2026-02-14 01:12:05.111403,Tokyo-8af5,-24,83,Normal
2026-02-14 01:12:06.111403,Tokyo-8af5,37,32,Normal
2026-02-14 01:12:07.111403,Tokyo-8af5,12,39,Normal
2026-02-14 01:12:08.111403,Tokyo-8af5,0,53,Normal
2026-02-14 01:12:09.111403,Tokyo-8af5,-22,46,Normal
2026-02-14 01:12:10.111403,Tokyo-8af5,3,7,Normal
2026-02-14 01:12:11.111403,Tokyo-8af5,45,25,Normal
2026-02-14 01:12:12.111403,Tokyo-8af5,-27,59,Normal
2026-02-14 01:12:13.111403,Tokyo-8af5,18,63,Normal
2026-02-14 01:12:14.111403,Tokyo-8af5,18,91,Normal
2026-02-14 01:12:15.111403,Tokyo-8af5,46,29,Normal
2026-02-14 01:12:16.111403,Tokyo-8af5,-18,43,Normal
2026-02-14 01:12:17.111403,Tokyo-8af5,7,37,Normal
2026-02-14 01:12:18.111403,Tokyo-8af5,-10,29,Normal
2026-02-14 01:12:19.111403,Tokyo-8af5,2,38,Normal
2026-02-14 01:12:20.111403,Tokyo-8af5,18,98,Normal
2026-02-14 01:12:21.111403,Tokyo-8af5,15,79,Normal
2026-02-14 01:12:22.111403,Tokyo-8af5,10,96,Normal
2026-02-14 01:12:23.111403,Tokyo-8af5,14,49,Normal
2026-02-14 01:12:24.111403,Tokyo-8af5,39,39,Normal
2026-02-14 01:12:25.111403,Tokyo-8af5,36,21,Normal
2026-02-14 01:12:26.111403,Tokyo-8af5,32,12,Normal
2026-02-14 01:12:27.111403,Tokyo-8af5,-4,50,Normal
2026-02-14 01:12:28.111403,Tokyo-8af5,-17,49,Normal
2026-02-14 01:12:29.111403,Tokyo-8af5,39,45,Normal
2026-02-14 01:12:30.111403,Tokyo-8af5,-12,38,Normal
2026-02-14 01:12:31.111403,Tokyo-8af5,-12,29,Normal
2026-02-14 01:12:32.111403,Tokyo-8af5,21,40,Normal
2026-02-14 01:12:33.111403,Tokyo-8af5,18,35,Normal
2026-02-14 01:12:34.111403,Tokyo-8af5,38,91,Normal
2026-02-14 01:12:35.111403,Tokyo-8af5,21,21,Normal
2026-02-14 01:12:36.111403,Tokyo-8af5,2,83,Normal
2026-02-14 01:12:37.111403,Tokyo-8af5,12,77,Normal
2026-02-14 01:12:38.111403,Tokyo-8af5,22,16,Normal
2026-02-14 01:12:39.111403,Tokyo-8af5,-2,19,Normal
2026-02-14 01:12:40.111403,Tokyo-8af5,9,52,Normal
2026-02-14 01:12:41.111403,Tokyo-8af5,-10,97,Normal
2026-02-14 01:12:42.111403,Tokyo-8af5,-22,62,Normal
2026-02-14 01:12:43.111403,Tokyo-8af5,20,39,Normal
2026-02-14 01:12:44.111403,Tokyo-8af5,15,95,Normal
2026-02-14 01:12:45.111403,Tokyo-8af5,-1,39,Normal
2026-02-14 01:12:46.111403,Tokyo-8af5,32,39,Normal
2026-02-14 01:12:47.111403,Tokyo-8af5,38,59,Normal
2026-02-14 01:12:48.111403,Tokyo-8af5,25,74,Normal
2026-02-14 01:12:49.111403,Tokyo-8af5,43,23,Normal
2026-02-14 01:12:50.111403,Tokyo-8af5,48,82,Normal
2026-02-14 01:12:51.111403,Tokyo-8af5,-10,4,Normal
2026-02-14 01:12:52.111403,Tokyo-8af5,7,30,Normal
2026-02-14 01:12:53.111403,Tokyo-8af5,33,40,Normal
2026-02-14 01:12:54.111403,Tokyo-8af5,46,36,Normal
2026-02-14 01:12:55.111403,Tokyo-8af5,37,45,Normal
2026-02-14 01:12:56.111403,Tokyo-8af5,50,2,Normal
2026-02-14 01:12:57.111403,Tokyo-8af5,19,47,Normal
2026-02-14 01:12:58.111403,Tokyo-8af5,-28,94,Normal
2026-02-14 01:12:59.111403,Tokyo-8af5,42,37,Normal
2026-02-14 01:13:00.111403,Tokyo-8af5,-16,29,Normal
2026-02-14 01:13:01.111403,Tokyo-8af5,14,6,Normal
2026-02-14 01:13:02.111403,Tokyo-8af5,24,51,Normal
2026-02-14 01:13:03.111403,Tokyo-8af5,-8,60,Normal
2026-02-14 01:13:04.111403,Tokyo-8af5,-7,77,Normal
2026-02-14 01:13:05.111403,Tokyo-8af5,22,17,Normal
2026-02-14 01:13:06.111403,Tokyo-8af5,15,74,Normal
2026-02-14 01:13:07.111403,Tokyo-8af5,25,88,Normal
2026-02-14 01:13:08.111403,Tokyo-8af5,-30,72,Normal
2026-02-14 01:13:09.111403,Tokyo-8af5,34,9,Normal
2026-02-14 01:13:10.111403,Tokyo-8af5,38,54,Normal
2026-02-14 01:13:11.111403,Tokyo-8af5,-23,59,Normal
2026-02-14 01:13:12.111403,Tokyo-8af5,36,46,Normal
2026-02-14 01:13:13.111403,Tokyo-8af5,22,62,Normal
2026-02-14 01:13:14.111403,Tokyo-8af5,4,59,Normal
2026-02-14 01:13:15.111403,Tokyo-8af5,8,71,Normal
2026-02-14 01:13:16.111403,Tokyo-8af5,33,56,Normal
2026-02-14 01:13:17.111403,Tokyo-8af5,-10,77,Normal
2026-02-14 01:13:18.111403,Tokyo-8af5,-30,39,Normal
2026-02-14 01:13:19.111403,Tokyo-8af5,-15,86,Normal
2026-02-14 01:13:20.111403,Tokyo-8af5,24,71,Normal
2026-02-14 01:13:21.111403,Tokyo-8af5,42,4,Normal
2026-02-14 01:13:22.111403,Tokyo-8af5,16,4,Normal
2026-02-14 01:13:23.111403,Tokyo-8af5,14,27,Normal
2026-02-14 01:13:24.111403,Tokyo-8af5,32,98,Normal
2026-02-14 01:13:25.111403,Tokyo-8af5,47,89,Normal
2026-02-14 01:13:26.111403,Tokyo-8af5,37,1,Normal
2026-02-14 01:13:27.111403,Tokyo-8af5,33,53,Normal
2026-02-14 01:13:28.111403,Tokyo-8af5,24,85,Normal
2026-02-14 01:13:29.111403,Tokyo-8af5,50,71,Normal
2026-02-14 01:13:30.111403,Tokyo-8af5,-18,7,Normal
2026-02-14 01:13:31.111403,Tokyo-8af5,-26,11,Normal
2026-02-14 01:13:32.111403,Tokyo-8af5,1,98,Normal
2026-02-14 01:13:33.111403,Tokyo-8af5,-26,99,Normal
2026-02-14 01:13:34.111403,Tokyo-8af5,-12,84,Normal
2026-02-14 01:13:35.111403,Tokyo-8af5,4,78,Normal
2026-02-14 01:13:36.111403,Tokyo-8af5,-13,25,Normal
2026-02-14 01:13:37.111403,Tokyo-8af5,36,66,Normal
2026-02-14 01:13:38.111403,Tokyo-8af5,9,64,Normal
2026-02-14 01:13:39.111403,Tokyo-8af5,49,39,Normal
2026-02-14 01:13:40.111403,Tokyo-8af5,-27,25,Normal
2026-02-14 01:13:41.111403,Tokyo-8af5,2,61,Normal
2026-02-14 01:13:42.111403,Tokyo-8af5,22,58,Normal
2026-02-14 01:13:43.111403,Tokyo-8af5,-9,30,Normal
2026-02-14 01:13:44.111403,Tokyo-8af5,13,8,Normal
2026-02-14 01:13:45.111403,Tokyo-8af5,3,92,Normal
2026-02-14 01:13:46.111403,Tokyo-8af5,28,94,Normal
2026-02-14 01:13:47.111403,Tokyo-8af5,49,52,Normal
2026-02-14 01:13:48.111403,Tokyo-8af5,-14,18,Normal
2026-02-14 01:13:49.111403,Tokyo-8af5,-27,4,Normal
2026-02-14 01:13:50.111403,Tokyo-8af5,33,11,Normal
2026-02-14 01:13:51.111403,Tokyo-8af5,44,16,Normal
2026-02-14 01:13:52.111403,Tokyo-8af5,-20,32,Normal
2026-02-14 01:13:53.111403,Tokyo-8af5,-29,51,Normal
2026-02-14 01:13:54.111403,Tokyo-8af5,-19,61,Normal
2026-02-14 01:13:55.111403,Tokyo-8af5,26,78,Normal
2026-02-14 01:13:56.111403,Tokyo-8af5,-26,32,Normal
2026-02-14 01:13:57.111403,Tokyo-8af5,-15,66,Normal
2026-02-14 01:13:58.111403,Tokyo-8af5,27,36,Normal
2026-02-14 01:13:59.111403,Tokyo-8af5,34,69,Normal
2026-02-14 01:14:00.111403,Tokyo-8af5,-29,25,Normal
2026-02-14 01:14:01.111403,Tokyo-8af5,-30,2,Normal
2026-02-14 01:14:02.111403,Tokyo-8af5,-19,9,Normal
2026-02-14 01:14:03.111403,Tokyo-8af5,13,40,Normal
2026-02-14 01:14:04.111403,Tokyo-8af5,35,9,Normal
2026-02-14 01:14:05.111403,Tokyo-8af5,-4,93,Normal
2026-02-14 01:14:06.111403,Tokyo-8af5,20,63,Normal
2026-02-14 01:14:07.111403,Tokyo-8af5,33,0,Normal
2026-02-14 01:14:08.111403,Tokyo-8af5,31,82,Normal
2026-02-14 01:14:09.111403,Tokyo-8af5,49,35,Normal
2026-02-14 01:14:10.111403,Tokyo-8af5,49,51,Normal
2026-02-14 01:14:11.111403,Tokyo-8af5,10,94,Normal
2026-02-14 01:14:12.111403,Tokyo-8af5,26,30,Normal
2026-02-14 01:14:13.111403,Tokyo-8af5,28,80,Normal
2026-02-14 01:14:14.111403,Tokyo-8af5,-11,83,Normal
2026-02-14 01:14:15.111403,Tokyo-8af5,-13,19,Normal
2026-02-14 01:14:16.111403,Tokyo-8af5,39,2,Normal
2026-02-14 01:14:17.111403,Tokyo-8af5,-26,48,Normal
2026-02-14 01:14:18.111403,Tokyo-8af5,17,60,Normal
2026-02-14 01:14:19.111403,Tokyo-8af5,3,84,Normal
2026-02-14 01:14:20.111403,Tokyo-8af5,19,50,Normal
2026-02-14 01:14:21.111403,Tokyo-8af5,1,33,Normal
2026-02-14 01:14:22.111403,Tokyo-8af5,-14,10,Normal
2026-02-14 01:14:23.111403,Tokyo-8af5,-24,73,Normal
2026-02-14 01:14:24.111403,Tokyo-8af5,49,21,Normal
2026-02-14 01:14:25.111403,Tokyo-8af5,23,34,Normal
2026-02-14 01:14:26.111403,Tokyo-8af5,-2,87,Normal
2026-02-14 01:14:27.111403,Tokyo-8af5,-8,49,Normal
2026-02-14 01:14:28.111403,Tokyo-8af5,-1,56,Normal
2026-02-14 01:14:29.111403,Tokyo-8af5,8,0,Normal
2026-02-14 01:14:30.111403,Tokyo-8af5,24,86,Normal
2026-02-14 01:14:31.111403,Tokyo-8af5,16,12,Normal
2026-02-14 01:14:32.111403,Tokyo-8af5,-11,83,Normal
2026-02-14 01:14:33.111403,Tokyo-8af5,-1,85,Normal
2026-02-14 01:14:34.111403,Tokyo-8af5,-4,11,Normal
2026-02-14 01:14:35.111403,Tokyo-8af5,-30,85,Normal
2026-02-14 01:14:36.111403,Tokyo-8af5,42,44,Normal
2026-02-14 01:14:37.111403,Tokyo-8af5,-24,88,Normal
2026-02-14 01:14:38.111403,Tokyo-8af5,2,94,Normal
2026-02-14 01:14:39.111403,Tokyo-8af5,-18,40,Normal
2026-02-14 01:14:40.111403,Tokyo-8af5,7,72,Normal
2026-02-14 01:14:41.111403,Tokyo-8af5,26,23,Normal
2026-02-14 01:14:42.111403,Tokyo-8af5,31,99,Normal
2026-02-14 01:14:43.111403,Tokyo-8af5,43,69,Normal
2026-02-14 01:14:44.111403,Tokyo-8af5,2,26,Normal
2026-02-14 01:14:45.111403,Tokyo-8af5,24,77,Normal
2026-02-14 01:14:46.111403,Tokyo-8af5,33,100,Normal
2026-02-14 01:14:47.111403,Tokyo-8af5,22,90,Normal
2026-02-14 01:14:48.111403,Tokyo-8af5,49,91,Normal
2026-02-14 01:14:49.111403,Tokyo-8af5,43,37,Normal
2026-02-14 01:14:50.111403,Tokyo-8af5,20,97,Normal
2026-02-14 01:14:51.111403,Tokyo-8af5,47,39,Normal
2026-02-14 01:14:52.111403,Tokyo-8af5,19,94,Normal
2026-02-14 01:14:53.111403,Tokyo-8af5,-26,83,Normal
2026-02-14 01:14:54.111403,Tokyo-8af5,12,41,Normal
2026-02-14 01:14:55.111403,Tokyo-8af5,-23,1,Normal
2026-02-14 01:14:56.111403,Tokyo-8af5,32,76,Normal
2026-02-14 01:14:57.111403,Tokyo-8af5,-28,47,Normal
2026-02-14 01:14:58.111403,Tokyo-8af5,-29,49,Normal
2026-02-14 01:14:59.111403,Tokyo-8af5,12,77,Normal
2026-02-14 01:15:00.111403,Tokyo-8af5,-2,19,Normal
2026-02-14 01:15:01.111403,Tokyo-8af5,0,50,Normal
2026-02-14 01:15:02.111403,Tokyo-8af5,-19,89,Normal
2026-02-14 01:15:03.111403,Tokyo-8af5,-26,58,Normal
2026-02-14 01:15:04.111403,Tokyo-8af5,-23,57,Normal
2026-02-14 01:15:05.111403,Tokyo-8af5,40,97,Normal
2026-02-14 01:15:06.111403,Tokyo-8af5,-24,10,Normal
2026-02-14 01:15:07.111403,Tokyo-8af5,11,51,Normal
2026-02-14 01:15:08.111403,Tokyo-8af5,-2,49,Normal
2026-02-14 01:15:09.111403,Tokyo-8af5,-19,79,Normal
2026-02-14 01:15:10.111403,Tokyo-8af5,21,17,Normal
2026-02-14 01:15:11.111403,Tokyo-8af5,-7,88,Normal
2026-02-14 01:15:12.111403,Tokyo-8af5,-26,41,Normal
2026-02-14 01:15:13.111403,Tokyo-8af5,46,85,Normal
2026-02-14 01:15:14.111403,Tokyo-8af5,-28,82,Normal
2026-02-14 01:15:15.111403,Tokyo-8af5,37,67,Normal
2026-02-14 01:15:16.111403,Tokyo-8af5,50,44,Normal
2026-02-14 01:15:17.111403,Tokyo-8af5,50,26,Normal
2026-02-14 01:15:18.111403,Tokyo-8af5,-12,28,Normal
2026-02-14 01:15:19.111403,Tokyo-8af5,-22,47,Normal
2026-02-14 01:15:20.111403,Tokyo-8af5,-16,92,Normal
2026-02-14 01:15:21.111403,Tokyo-8af5,2,81,Normal
2026-02-14 01:15:22.111403,Tokyo-8af5,50,59,Normal
2026-02-14 01:15:23.111403,Tokyo-8af5,30,73,Normal
2026-02-14 01:15:24.111403,Tokyo-8af5,-25,56,Normal
2026-02-14 01:15:25.111403,Tokyo-8af5,30,28,Normal
2026-02-14 01:15:26.111403,Tokyo-8af5,38,5,Normal
2026-02-14 01:15:27.111403,Tokyo-8af5,40,46,Normal
2026-02-14 01:15:28.111403,Tokyo-8af5,-16,4,Normal
2026-02-14 01:15:29.111403,Tokyo-8af5,11,94,Normal
2026-02-14 01:15:30.111403,Tokyo-8af5,-10,41,Normal
2026-02-14 01:15:31.111403,Tokyo-8af5,-23,64,Normal
2026-02-14 01:15:32.111403,Tokyo-8af5,14,59,Normal
2026-02-14 01:15:33.111403,Tokyo-8af5,-5,49,Normal
2026-02-14 01:15:34.111403,Tokyo-8af5,-5,87,Normal
2026-02-14 01:15:35.111403,Tokyo-8af5,27,7,Normal
2026-02-14 01:15:36.111403,Tokyo-8af5,39,58,Normal
2026-02-14 01:15:37.111403,Tokyo-8af5,-30,88,Normal
2026-02-14 01:15:38.111403,Tokyo-8af5,30,22,Normal
2026-02-14 01:15:39.111403,Tokyo-8af5,-9,68,Normal
2026-02-14 01:15:40.111403,Tokyo-8af5,40,93,Normal
2026-02-14 01:15:41.111403,Tokyo-8af5,40,6,Normal
2026-02-14 01:15:42.111403,Tokyo-8af5,0,54,Normal
2026-02-14 01:15:43.111403,Tokyo-8af5,-6,26,Normal
2026-02-14 01:15:44.111403,Tokyo-8af5,22,28,Normal
2026-02-14 01:15:45.111403,Tokyo-8af5,19,85,Normal
2026-02-14 01:15:46.111403,Tokyo-8af5,1,6,Normal
2026-02-14 01:15:47.111403,Tokyo-8af5,24,58,Normal
2026-02-14 01:15:48.111403,Tokyo-8af5,-14,78,Normal
2026-02-14 01:15:49.111403,Tokyo-8af5,33,17,Normal
2026-02-14 01:15:50.111403,Tokyo-8af5,3,85,Normal
2026-02-14 01:15:51.111403,Tokyo-8af5,1,88,Normal
2026-02-14 01:15:52.111403,Tokyo-8af5,-3,1,Normal
2026-02-14 01:15:53.111403,Tokyo-8af5,28,92,Normal
2026-02-14 01:15:54.111403,Tokyo-8af5,9,69,Normal
2026-02-14 01:15:55.111403,Tokyo-8af5,-13,27,Normal
2026-02-14 01:15:56.111403,Tokyo-8af5,15,26,Normal
2026-02-14 01:15:57.111403,Tokyo-8af5,6,79,Normal
2026-02-14 01:15:58.111403,Tokyo-8af5,9,72,Normal
2026-02-14 01:15:59.111403,Tokyo-8af5,20,33,Normal
2026-02-14 01:16:00.111403,Tokyo-8af5,23,15,Normal
2026-02-14 01:16:01.111403,Tokyo-8af5,-12,8,Normal
2026-02-14 01:16:02.111403,Tokyo-8af5,-9,25,Normal
2026-02-14 01:16:03.111403,Tokyo-8af5,-23,90,Normal
2026-02-14 01:16:04.111403,Tokyo-8af5,-7,61,Normal
2026-02-14 01:16:05.111403,Tokyo-8af5,17,63,Normal
2026-02-14 01:16:06.111403,Tokyo-8af5,-23,29,Normal
2026-02-14 01:16:07.111403,Tokyo-8af5,23,73,Normal
2026-02-14 01:16:08.111403,Tokyo-8af5,-13,24,Normal
2026-02-14 01:16:09.111403,Tokyo-8af5,-21,28,Normal
2026-02-14 01:16:10.111403,Tokyo-8af5,-27,74,Normal
2026-02-14 01:16:11.111403,Tokyo-8af5,29,40,Normal
2026-02-14 01:16:12.111403,Tokyo-8af5,-16,39,Normal
2026-02-14 01:16:13.111403,Tokyo-8af5,-22,80,Normal
2026-02-14 01:16:14.111403,Tokyo-8af5,-27,14,Normal
2026-02-14 01:16:15.111403,Tokyo-8af5,23,81,Normal
2026-02-14 01:16:16.111403,Tokyo-8af5,37,54,Normal
2026-02-14 01:16:17.111403,Tokyo-8af5,23,80,Normal
2026-02-14 01:16:18.111403,Tokyo-8af5,-14,62,Normal
2026-02-14 01:16:19.111403,Tokyo-8af5,-12,74,Normal
2026-02-14 01:16:20.111403,Tokyo-8af5,-17,65,Normal
2026-02-14 01:16:21.111403,Tokyo-8af5,40,85,Normal
2026-02-14 01:16:22.111403,Tokyo-8af5,-1,36,Normal
2026-02-14 01:16:23.111403,Tokyo-8af5,16,10,Normal
2026-02-14 01:16:24.111403,Tokyo-8af5,26,32,Normal
2026-02-14 01:16:25.111403,Tokyo-8af5,-17,30,Normal
2026-02-14 01:16:26.111403,Tokyo-8af5,24,83,Normal
2026-02-14 01:16:27.111403,Tokyo-8af5,35,34,Normal
2026-02-14 01:16:28.111403,Tokyo-8af5,50,29,Normal
2026-02-14 01:16:29.111403,Tokyo-8af5,11,33,Normal
2026-02-14 01:16:30.111403,Tokyo-8af5,32,35,Normal
2026-02-14 01:16:31.111403,Tokyo-8af5,44,30,Normal
2026-02-14 01:16:32.111403,Tokyo-8af5,-6,93,Normal
2026-02-14 01:16:33.111403,Tokyo-8af5,-24,84,Normal
2026-02-14 01:16:34.111403,Tokyo-8af5,12,30,Normal
2026-02-14 01:16:35.111403,Tokyo-8af5,46,88,Normal
2026-02-14 01:16:36.111403,Tokyo-8af5,22,83,Normal
2026-02-14 01:16:37.111403,Tokyo-8af5,15,19,Normal
2026-02-14 01:16:38.111403,Tokyo-8af5,45,59,Normal
2026-02-14 01:16:39.111403,Tokyo-8af5,11,1,Normal
2026-02-14 01:16:40.111403,Tokyo-8af5,21,81,Normal
2026-02-14 01:16:41.111403,Tokyo-8af5,14,46,Normal
2026-02-14 01:16:42.111403,Tokyo-8af5,34,82,Normal
2026-02-14 01:16:43.111403,Tokyo-8af5,0,57,Normal
2026-02-14 01:16:44.111403,Tokyo-8af5,28,36,Normal
2026-02-14 01:16:45.111403,Tokyo-8af5,-26,96,Normal
2026-02-14 01:16:46.111403,Tokyo-8af5,36,39,Normal
2026-02-14 01:16:47.111403,Tokyo-8af5,-27,91,Normal
2026-02-14 01:16:48.111403,Tokyo-8af5,33,69,Normal
2026-02-14 01:16:49.111403,Tokyo-8af5,40,92,Normal
2026-02-14 01:16:50.111403,Tokyo-8af5,47,4,Normal
2026-02-14 01:16:51.111403,Tokyo-8af5,40,61,Normal
2026-02-14 01:16:52.111403,Tokyo-8af5,10,98,Normal
2026-02-14 01:16:53.111403,Tokyo-8af5,3,78,Normal
2026-02-14 01:16:54.111403,Tokyo-8af5,2,28,Normal
2026-02-14 01:16:55.111403,Tokyo-8af5,0,95,Normal
2026-02-14 01:16:56.111403,Tokyo-8af5,7,67,Normal
2026-02-14 01:16:57.111403,Tokyo-8af5,-27,0,Normal
2026-02-14 01:16:58.111403,Tokyo-8af5,-24,64,Normal
2026-02-14 01:16:59.111403,Tokyo-8af5,43,48,Normal
2026-02-14 01:17:00.111403,Tokyo-8af5,1,97,Normal
2026-02-14 01:17:01.111403,Tokyo-8af5,30,28,Normal
2026-02-14 01:17:02.111403,Tokyo-8af5,8,16,Normal
2026-02-14 01:17:03.111403,Tokyo-8af5,-26,68,Normal
2026-02-14 01:17:04.111403,Tokyo-8af5,14,64,Normal
2026-02-14 01:17:05.111403,Tokyo-8af5,21,78,Normal
2026-02-14 01:17:06.111403,Tokyo-8af5,7,100,Normal
2026-02-14 01:17:07.111403,Tokyo-8af5,45,33,Normal
2026-02-14 01:17:08.111403,Tokyo-8af5,43,73,Normal
2026-02-14 01:17:09.111403,Tokyo-8af5,-7,40,Normal
2026-02-14 01:17:10.111403,Tokyo-8af5,26,20,Normal
2026-02-14 01:17:11.111403,Tokyo-8af5,49,42,Normal
2026-02-14 01:17:12.111403,Tokyo-8af5,-7,24,Normal
2026-02-14 01:17:13.111403,Tokyo-8af5,-27,36,Normal
2026-02-14 01:17:14.111403,Tokyo-8af5,-3,30,Normal
2026-02-14 01:17:15.111403,Tokyo-8af5,-13,70,Normal
2026-02-14 01:17:16.111403,Tokyo-8af5,33,41,Normal
2026-02-14 01:17:17.111403,Tokyo-8af5,13,27,Normal
2026-02-14 01:17:18.111403,Tokyo-8af5,-28,8,Normal
2026-02-14 01:17:19.111403,Tokyo-8af5,33,95,Normal
2026-02-14 01:17:20.111403,Tokyo-8af5,-17,23,Normal
2026-02-14 01:17:21.111403,Tokyo-8af5,-12,99,Normal
2026-02-14 01:17:22.111403,Tokyo-8af5,42,89,Normal
2026-02-14 01:17:23.111403,Tokyo-8af5,-16,68,Normal
2026-02-14 01:17:24.111403,Tokyo-8af5,30,20,Normal
2026-02-14 01:17:25.111403,Tokyo-8af5,21,56,Normal
2026-02-14 01:17:26.111403,Tokyo-8af5,41,81,Normal
2026-02-14 01:17:27.111403,Tokyo-8af5,-29,67,Normal
2026-02-14 01:17:28.111403,Tokyo-8af5,-3,59,Normal
2026-02-14 01:17:29.111403,Tokyo-8af5,-22,94,Normal
2026-02-14 01:17:30.111403,Tokyo-8af5,-14,70,Normal
2026-02-14 01:17:31.111403,Tokyo-8af5,6,46,Normal
2026-02-14 01:17:32.111403,Tokyo-8af5,9,72,Normal
2026-02-14 01:17:33.111403,Tokyo-8af5,25,24,Normal
2026-02-14 01:17:34.111403,Tokyo-8af5,13,11,Normal
2026-02-14 01:17:35.111403,Tokyo-8af5,-23,5,Normal
2026-02-14 01:17:36.111403,Tokyo-8af5,-12,68,Normal
2026-02-14 01:17:37.111403,Tokyo-8af5,47,65,Normal
2026-02-14 01:17:38.111403,Tokyo-8af5,48,83,Normal
2026-02-14 01:17:39.111403,Tokyo-8af5,40,92,Normal
2026-02-14 01:17:40.111403,Tokyo-8af5,6,53,Normal
2026-02-14 01:17:41.111403,Tokyo-8af5,38,11,Normal
2026-02-14 01:17:42.111403,Tokyo-8af5,14,15,Normal
2026-02-14 01:17:43.111403,Tokyo-8af5,48,38,Normal
2026-02-14 01:17:44.111403,Tokyo-8af5,50,69,Normal
2026-02-14 01:17:45.111403,Tokyo-8af5,23,54,Normal
2026-02-14 01:17:46.111403,Tokyo-8af5,26,60,Normal
2026-02-14 01:17:47.111403,Tokyo-8af5,43,14,Normal
2026-02-14 01:17:48.111403,Tokyo-8af5,-25,53,Normal
2026-02-14 01:17:49.111403,Tokyo-8af5,-27,66,Normal
2026-02-14 01:17:50.111403,Tokyo-8af5,19,92,Normal
2026-02-14 01:17:51.111403,Tokyo-8af5,27,53,Normal
2026-02-14 01:17:52.111403,Tokyo-8af5,41,46,Normal
2026-02-14 01:17:53.111403,Tokyo-8af5,-29,51,Normal
2026-02-14 01:17:54.111403,Tokyo-8af5,-25,22,Normal
2026-02-14 01:17:55.111403,Tokyo-8af5,11,58,Normal
2026-02-14 01:17:56.111403,Tokyo-8af5,-24,74,Normal
2026-02-14 01:17:57.111403,Tokyo-8af5,41,35,Normal
2026-02-14 01:17:58.111403,Tokyo-8af5,23,22,Normal
2026-02-14 01:17:59.111403,Tokyo-8af5,-28,52,Normal
2026-02-14 01:18:00.111403,Tokyo-8af5,-24,78,Normal
2026-02-14 01:18:01.111403,Tokyo-8af5,17,88,Normal
2026-02-14 01:18:02.111403,Tokyo-8af5,47,70,Normal
2026-02-14 01:18:03.111403,Tokyo-8af5,16,96,Normal
2026-02-14 01:18:04.111403,Tokyo-8af5,-7,32,Normal
2026-02-14 01:18:05.111403,Tokyo-8af5,33,82,Normal
2026-02-14 01:18:06.111403,Tokyo-8af5,31,82,Normal
2026-02-14 01:18:07.111403,Tokyo-8af5,49,26,Normal
2026-02-14 01:18:08.111403,Tokyo-8af5,43,30,Normal
2026-02-14 01:18:09.111403,Tokyo-8af5,37,89,Normal
2026-02-14 01:18:10.111403,Tokyo-8af5,44,16,Normal
2026-02-14 01:18:11.111403,Tokyo-8af5,36,19,Normal
2026-02-14 01:18:12.111403,Tokyo-8af5,20,17,Normal
2026-02-14 01:18:13.111403,Tokyo-8af5,41,3,Normal
2026-02-14 01:18:14.111403,Tokyo-8af5,48,19,Normal
2026-02-14 01:18:15.111403,Tokyo-8af5,-18,53,Normal
2026-02-14 01:18:16.111403,Tokyo-8af5,21,21,Normal
2026-02-14 01:18:17.111403,Tokyo-8af5,-26,29,Normal
2026-02-14 01:18:18.111403,Tokyo-8af5,6,17,Normal
2026-02-14 01:18:19.111403,Tokyo-8af5,42,68,Normal
2026-02-14 01:18:20.111403,Tokyo-8af5,-1,40,Normal
2026-02-14 01:18:21.111403,Tokyo-8af5,21,15,Normal
2026-02-14 01:18:22.111403,Tokyo-8af5,-1,3,Normal
2026-02-14 01:18:23.111403,Tokyo-8af5,12,55,Normal
2026-02-14 01:18:24.111403,Tokyo-8af5,26,95,Normal
2026-02-14 01:18:25.111403,Tokyo-8af5,0,63,Normal
2026-02-14 01:18:26.111403,Tokyo-8af5,28,43,Normal
2026-02-14 01:18:27.111403,Tokyo-8af5,50,16,Normal
2026-02-14 01:18:28.111403,Tokyo-8af5,-7,33,Normal
2026-02-14 01:18:29.111403,Tokyo-8af5,-30,8,Normal
2026-02-14 01:18:30.111403,Tokyo-8af5,45,54,Normal
2026-02-14 01:18:31.111403,Tokyo-8af5,38,12,Normal
2026-02-14 01:18:32.111403,Tokyo-8af5,-11,74,Normal
2026-02-14 01:18:33.111403,Tokyo-8af5,31,59,Normal
2026-02-14 01:18:34.111403,Tokyo-8af5,30,96,Normal
2026-02-14 01:18:35.111403,Tokyo-8af5,-28,75,Normal
2026-02-14 01:18:36.111403,Tokyo-8af5,-12,55,Normal
2026-02-14 01:18:37.111403,Tokyo-8af5,36,53,Normal
2026-02-14 01:18:38.111403,Tokyo-8af5,39,71,Normal
2026-02-14 01:18:39.111403,Tokyo-8af5,38,8,Normal
2026-02-14 01:18:40.111403,Tokyo-8af5,36,66,Normal
2026-02-14 01:18:41.111403,Tokyo-8af5,47,83,Normal
2026-02-14 01:18:42.111403,Tokyo-8af5,-25,90,Normal
2026-02-14 01:18:43.111403,Tokyo-8af5,11,47,Normal
2026-02-14 01:18:44.111403,Tokyo-8af5,31,68,Normal
2026-02-14 01:18:45.111403,Tokyo-8af5,21,98,Normal
2026-02-14 01:18:46.111403,Tokyo-8af5,-15,98,Normal
2026-02-14 01:18:47.111403,Tokyo-8af5,47,84,Normal
2026-02-14 01:18:48.111403,Tokyo-8af5,3,44,Normal
2026-02-14 01:18:49.111403,Tokyo-8af5,-6,65,Normal
2026-02-14 01:18:50.111403,Tokyo-8af5,-1,92,Normal
2026-02-14 01:18:51.111403,Tokyo-8af5,39,90,Normal
2026-02-14 01:18:52.111403,Tokyo-8af5,43,76,Normal
2026-02-14 01:18:53.111403,Tokyo-8af5,-28,42,Normal
2026-02-14 01:18:54.111403,Tokyo-8af5,-10,13,Normal
2026-02-14 01:18:55.111403,Tokyo-8af5,49,9,Normal
2026-02-14 01:18:56.111403,Tokyo-8af5,35,48,Normal
2026-02-14 01:18:57.111403,Tokyo-8af5,46,24,Normal
2026-02-14 01:18:58.111403,Tokyo-8af5,11,94,Normal
2026-02-14 01:18:59.111403,Tokyo-8af5,-15,68,Normal
2026-02-14 01:19:00.111403,Tokyo-8af5,-15,63,Normal
2026-02-14 01:19:01.111403,Tokyo-8af5,48,16,Normal
2026-02-14 01:19:02.111403,Tokyo-8af5,47,5,Normal
2026-02-14 01:19:03.111403,Tokyo-8af5,36,16,Normal
2026-02-14 01:19:04.111403,Tokyo-8af5,-16,38,Normal
2026-02-14 01:19:05.111403,Tokyo-8af5,25,4,Normal
2026-02-14 01:19:06.111403,Tokyo-8af5,-24,79,Normal
2026-02-14 01:19:07.111403,Tokyo-8af5,-22,34,Normal
2026-02-14 01:19:08.111403,Tokyo-8af5,12,1,Normal
2026-02-14 01:19:09.111403,Tokyo-8af5,49,76,Normal
2026-02-14 01:19:10.111403,Tokyo-8af5,16,52,Normal
2026-02-14 01:19:11.111403,Tokyo-8af5,42,85,Normal
2026-02-14 01:19:12.111403,Tokyo-8af5,-22,82,Normal
2026-02-14 01:19:13.111403,Tokyo-8af5,20,88,Normal
2026-02-14 01:19:14.111403,Tokyo-8af5,30,27,Normal
2026-02-14 01:19:15.111403,Tokyo-8af5,48,28,Normal
2026-02-14 01:19:16.111403,Tokyo-8af5,34,62,Normal
2026-02-14 01:19:17.111403,Tokyo-8af5,-4,44,Normal
2026-02-14 01:19:18.111403,Tokyo-8af5,32,86,Normal
2026-02-14 01:19:19.111403,Tokyo-8af5,-3,40,Normal
2026-02-14 01:19:20.111403,Tokyo-8af5,30,14,Normal
2026-02-14 01:19:21.111403,Tokyo-8af5,7,63,Normal
2026-02-14 01:19:22.111403,Tokyo-8af5,26,92,Normal
2026-02-14 01:19:23.111403,Tokyo-8af5,-22,37,Normal
2026-02-14 01:19:24.111403,Tokyo-8af5,-16,91,Normal
2026-02-14 01:19:25.111403,Tokyo-8af5,42,50,Normal
2026-02-14 01:19:26.111403,Tokyo-8af5,-4,33,Normal
2026-02-14 01:19:27.111403,Tokyo-8af5,8,57,Normal
2026-02-14 01:19:28.111403,Tokyo-8af5,30,9,Normal
2026-02-14 01:19:29.111403,Tokyo-8af5,-25,14,Normal
2026-02-14 01:19:30.111403,Tokyo-8af5,2,78,Normal
2026-02-14 01:19:31.111403,Tokyo-8af5,-22,21,Normal
2026-02-14 01:19:32.111403,Tokyo-8af5,39,52,Normal
2026-02-14 01:19:33.111403,Tokyo-8af5,42,5,Normal
2026-02-14 01:19:34.111403,Tokyo-8af5,12,71,Normal
2026-02-14 01:19:35.111403,Tokyo-8af5,-10,8,Normal
2026-02-14 01:19:36.111403,Tokyo-8af5,-10,64,Normal
2026-02-14 01:19:37.111403,Tokyo-8af5,31,21,Normal
2026-02-14 01:19:38.111403,Tokyo-8af5,6,18,Normal
2026-02-14 01:19:39.111403,Tokyo-8af5,48,69,Normal
2026-02-14 01:19:40.111403,Tokyo-8af5,25,2,Normal
2026-02-14 01:19:41.111403,Tokyo-8af5,22,32,Normal
2026-02-14 01:19:42.111403,Tokyo-8af5,1,7,Normal
2026-02-14 01:19:43.111403,Tokyo-8af5,-20,77,Normal
2026-02-14 01:19:44.111403,Tokyo-8af5,15,43,Normal
2026-02-14 01:19:45.111403,Tokyo-8af5,48,54,Normal
2026-02-14 01:19:46.111403,Tokyo-8af5,5,39,Normal
2026-02-14 01:19:47.111403,Tokyo-8af5,-1,68,Normal
2026-02-14 01:19:48.111403,Tokyo-8af5,-27,27,Normal
2026-02-14 01:19:49.111403,Tokyo-8af5,8,23,Normal
2026-02-14 01:19:50.111403,Tokyo-8af5,34,79,Normal
2026-02-14 01:19:51.111403,Tokyo-8af5,45,0,Normal
2026-02-14 01:19:52.111403,Tokyo-8af5,-7,38,Normal
2026-02-14 01:19:53.111403,Tokyo-8af5,24,19,Normal
2026-02-14 01:19:54.111403,Tokyo-8af5,16,1,Normal
2026-02-14 01:19:55.111403,Tokyo-8af5,23,39,Normal
2026-02-14 01:19:56.111403,Tokyo-8af5,49,19,Normal
2026-02-14 01:19:57.111403,Tokyo-8af5,15,49,Normal
2026-02-14 01:19:58.111403,Tokyo-8af5,16,79,Normal
2026-02-14 01:19:59.111403,Tokyo-8af5,9,58,Normal
2026-02-14 01:20:00.111403,Tokyo-8af5,38,55,Normal
2026-02-14 01:20:01.111403,Tokyo-8af5,-26,75,Normal
2026-02-14 01:20:02.111403,Tokyo-8af5,-29,93,Normal
2026-02-14 01:20:03.111403,Tokyo-8af5,9,67,Normal
2026-02-14 01:20:04.111403,Tokyo-8af5,35,23,Normal
2026-02-14 01:20:05.111403,Tokyo-8af5,7,66,Normal
2026-02-14 01:20:06.111403,Tokyo-8af5,-21,33,Normal
2026-02-14 01:20:07.111403,Tokyo-8af5,-6,0,Normal
2026-02-14 01:20:08.111403,Tokyo-8af5,-14,99,Normal
2026-02-14 01:20:09.111403,Tokyo-8af5,31,95,Normal
2026-02-14 01:20:10.111403,Tokyo-8af5,-28,84,Normal
2026-02-14 01:20:11.111403,Tokyo-8af5,-12,7,Normal
2026-02-14 01:20:12.111403,Tokyo-8af5,-15,97,Normal
2026-02-14 01:20:13.111403,Tokyo-8af5,-24,35,Normal
2026-02-14 01:20:14.111403,Tokyo-8af5,46,63,Normal
2026-02-14 01:20:15.111403,Tokyo-8af5,-8,65,Normal
2026-02-14 01:20:16.111403,Tokyo-8af5,10,16,Normal
2026-02-14 01:20:17.111403,Tokyo-8af5,9,2,Normal
2026-02-14 01:20:18.111403,Tokyo-8af5,9,50,Normal
2026-02-14 01:20:19.111403,Tokyo-8af5,24,63,Normal
2026-02-14 01:20:20.111403,Tokyo-8af5,-27,82,Normal
2026-02-14 01:20:21.111403,Tokyo-8af5,-3,8,Normal
2026-02-14 01:20:22.111403,Tokyo-8af5,32,74,Normal
2026-02-14 01:20:23.111403,Tokyo-8af5,-23,53,Normal
2026-02-14 01:20:24.111403,Tokyo-8af5,35,62,Normal
2026-02-14 01:20:25.111403,Tokyo-8af5,49,27,Normal
2026-02-14 01:20:26.111403,Tokyo-8af5,42,30,Normal
2026-02-14 01:20:27.111403,Tokyo-8af5,-4,42,Normal
2026-02-14 01:20:28.111403,Tokyo-8af5,3,51,Normal
2026-02-14 01:20:29.111403,Tokyo-8af5,32,41,Normal
2026-02-14 01:20:30.111403,Tokyo-8af5,29,23,Normal
2026-02-14 01:20:31.111403,Tokyo-8af5,-30,32,Normal
2026-02-14 01:20:32.111403,Tokyo-8af5,-18,5,Normal
2026-02-14 01:20:33.111403,Tokyo-8af5,44,28,Normal
2026-02-14 01:20:34.111403,Tokyo-8af5,1,82,Normal
2026-02-14 01:20:35.111403,Tokyo-8af5,1,56,Normal
2026-02-14 01:20:36.111403,Tokyo-8af5,45,59,Normal
2026-02-14 01:20:37.111403,Tokyo-8af5,5,11,Normal
2026-02-14 01:20:38.111403,Tokyo-8af5,-9,62,Normal
2026-02-14 01:20:39.111403,Tokyo-8af5,-27,79,Normal
2026-02-14 01:20:40.111403,Tokyo-8af5,8,78,Normal
2026-02-14 01:20:41.111403,Tokyo-8af5,-6,73,Normal
2026-02-14 01:20:42.111403,Tokyo-8af5,-26,13,Normal
2026-02-14 01:20:43.111403,Tokyo-8af5,-29,5,Normal
2026-02-14 01:20:44.111403,Tokyo-8af5,50,71,Normal
2026-02-14 01:20:45.111403,Tokyo-8af5,35,85,Normal
2026-02-14 01:20:46.111403,Tokyo-8af5,47,82,Normal
2026-02-14 01:20:47.111403,Tokyo-8af5,-6,62,Normal
2026-02-14 01:20:48.111403,Tokyo-8af5,9,49,Normal
2026-02-14 01:20:49.111403,Tokyo-8af5,-16,40,Normal
2026-02-14 01:20:50.111403,Tokyo-8af5,44,41,Normal
2026-02-14 01:20:51.111403,Tokyo-8af5,36,62,Normal
2026-02-14 01:20:52.111403,Tokyo-8af5,43,68,Normal
2026-02-14 01:20:53.111403,Tokyo-8af5,23,46,Normal
2026-02-14 01:20:54.111403,Tokyo-8af5,39,33,Normal
2026-02-14 01:20:55.111403,Tokyo-8af5,-6,52,Normal
2026-02-14 01:20:56.111403,Tokyo-8af5,-1,73,Normal
2026-02-14 01:20:57.111403,Tokyo-8af5,33,46,Normal
2026-02-14 01:20:58.111403,Tokyo-8af5,-30,52,Normal
2026-02-14 01:20:59.111403,Tokyo-8af5,-27,34,Normal
2026-02-14 01:21:00.111403,Tokyo-8af5,-15,21,Normal
2026-02-14 01:21:01.111403,Tokyo-8af5,-5,51,Normal
2026-02-14 01:21:02.111403,Tokyo-8af5,-4,25,Normal
2026-02-14 01:21:03.111403,Tokyo-8af5,-6,3,Normal
2026-02-14 01:21:04.111403,Tokyo-8af5,-1,39,Normal
2026-02-14 01:21:05.111403,Tokyo-8af5,-3,61,Normal
2026-02-14 01:21:06.111403,Tokyo-8af5,-1,80,Normal
2026-02-14 01:21:07.111403,Tokyo-8af5,21,83,Normal
2026-02-14 01:21:08.111403,Tokyo-8af5,36,26,Normal
2026-02-14 01:21:09.111403,Tokyo-8af5,15,6,Normal
2026-02-14 01:21:10.111403,Tokyo-8af5,4,69,Normal
2026-02-14 01:21:11.111403,Tokyo-8af5,26,18,Normal
2026-02-14 01:21:12.111403,Tokyo-8af5,-24,44,Normal
2026-02-14 01:21:13.111403,Tokyo-8af5,24,17,Normal
2026-02-14 01:21:14.111403,Tokyo-8af5,11,42,Normal
2026-02-14 01:21:15.111403,Tokyo-8af5,12,20,Normal
2026-02-14 01:21:16.111403,Tokyo-8af5,-23,74,Normal
2026-02-14 01:21:17.111403,Tokyo-8af5,27,18,Normal
2026-02-14 01:21:18.111403,Tokyo-8af5,44,31,Normal
2026-02-14 01:21:19.111403,Tokyo-8af5,-3,92,Normal
2026-02-14 01:21:20.111403,Tokyo-8af5,0,54,Normal
2026-02-14 01:21:21.111403,Tokyo-8af5,-30,31,Normal
2026-02-14 01:21:22.111403,Tokyo-8af5,-1,86,Normal
2026-02-14 01:21:23.111403,Tokyo-8af5,-6,56,Normal
2026-02-14 01:21:24.111403,Tokyo-8af5,-2,57,Normal
2026-02-14 01:21:25.111403,Tokyo-8af5,14,16,Normal
2026-02-14 01:21:26.111403,Tokyo-8af5,-6,95,Normal
2026-02-14 01:21:27.111403,Tokyo-8af5,5,20,Normal
2026-02-14 01:21:28.111403,Tokyo-8af5,-25,85,Normal
2026-02-14 01:21:29.111403,Tokyo-8af5,48,98,Normal
2026-02-14 01:21:30.111403,Tokyo-8af5,-13,11,Normal
2026-02-14 01:21:31.111403,Tokyo-8af5,14,91,Normal
2026-02-14 01:21:32.111403,Tokyo-8af5,-2,77,Normal
2026-02-14 01:21:33.111403,Tokyo-8af5,6,45,Normal
2026-02-14 01:21:34.111403,Tokyo-8af5,25,31,Normal
2026-02-14 01:21:35.111403,Tokyo-8af5,-21,57,Normal
2026-02-14 01:21:36.111403,Tokyo-8af5,-20,82,Normal
2026-02-14 01:21:37.111403,Tokyo-8af5,-5,38,Normal
2026-02-14 01:21:38.111403,Tokyo-8af5,-23,34,Normal
2026-02-14 01:21:39.111403,Tokyo-8af5,-23,10,Normal
2026-02-14 01:21:40.111403,Tokyo-8af5,4,83,Normal
2026-02-14 01:21:41.111403,Tokyo-8af5,26,5,Normal
2026-02-14 01:21:42.111403,Tokyo-8af5,39,96,Normal
2026-02-14 01:21:43.111403,Tokyo-8af5,13,80,Normal
2026-02-14 01:21:44.111403,Tokyo-8af5,-5,62,Normal
2026-02-14 01:21:45.111403,Tokyo-8af5,46,55,Normal
2026-02-14 01:21:46.111403,Tokyo-8af5,38,65,Normal
2026-02-14 01:21:47.111403,Tokyo-8af5,2,52,Normal
2026-02-14 01:21:48.111403,Tokyo-8af5,-26,83,Normal
2026-02-14 01:21:49.111403,Tokyo-8af5,27,99,Normal
2026-02-14 01:21:50.111403,Tokyo-8af5,33,7,Normal
2026-02-14 01:21:51.111403,Tokyo-8af5,-3,15,Normal
2026-02-14 01:21:52.111403,Tokyo-8af5,-9,24,Normal
2026-02-14 01:21:53.111403,Tokyo-8af5,35,91,Normal
2026-02-14 01:21:54.111403,Tokyo-8af5,-17,17,Normal
2026-02-14 01:21:55.111403,Tokyo-8af5,3,51,Normal
2026-02-14 01:21:56.111403,Tokyo-8af5,36,29,Normal
2026-02-14 01:21:57.111403,Tokyo-8af5,-5,87,Normal
2026-02-14 01:21:58.111403,Tokyo-8af5,3,12,Normal
2026-02-14 01:21:59.111403,Tokyo-8af5,-6,95,Normal
2026-02-14 01:22:00.111403,Tokyo-8af5,-3,9,Normal
2026-02-14 01:22:01.111403,Tokyo-8af5,31,45,Normal
2026-02-14 01:22:02.111403,Tokyo-8af5,-24,2,Normal
2026-02-14 01:22:03.111403,Tokyo-8af5,38,92,Normal
2026-02-14 01:22:04.111403,Tokyo-8af5,27,18,Normal
2026-02-14 01:22:05.111403,Tokyo-8af5,12,93,Normal
2026-02-14 01:22:06.111403,Tokyo-8af5,19,66,Normal
2026-02-14 01:22:07.111403,Tokyo-8af5,31,12,Normal
2026-02-14 01:22:08.111403,Tokyo-8af5,27,28,Normal
2026-02-14 01:22:09.111403,Tokyo-8af5,21,49,Normal
2026-02-14 01:22:10.111403,Tokyo-8af5,10,22,Normal
2026-02-14 01:22:11.111403,Tokyo-8af5,-16,39,Normal
2026-02-14 01:22:12.111403,Tokyo-8af5,-24,29,Normal
2026-02-14 01:22:13.111403,Tokyo-8af5,29,69,Normal
2026-02-14 01:22:14.111403,Tokyo-8af5,-24,13,Normal
2026-02-14 01:22:15.111403,Tokyo-8af5,42,50,Normal
2026-02-14 01:22:16.111403,Tokyo-8af5,-3,81,Normal
2026-02-14 01:22:17.111403,Tokyo-8af5,39,7,Normal
2026-02-14 01:22:18.111403,Tokyo-8af5,37,58,Normal
2026-02-14 01:22:19.111403,Tokyo-8af5,46,98,Normal
2026-02-14 01:22:20.111403,Tokyo-8af5,18,45,Normal
2026-02-14 01:22:21.111403,Tokyo-8af5,-27,24,Normal
2026-02-14 01:22:22.111403,Tokyo-8af5,26,30,Normal
2026-02-14 01:22:23.111403,Tokyo-8af5,44,17,Normal
2026-02-14 01:22:24.111403,Tokyo-8af5,25,97,Normal
2026-02-14 01:22:25.111403,Tokyo-8af5,-13,60,Normal
2026-02-14 01:22:26.111403,Tokyo-8af5,29,48,Normal
2026-02-14 01:22:27.111403,Tokyo-8af5,4,14,Normal
2026-02-14 01:22:28.111403,Tokyo-8af5,1,61,Normal
2026-02-14 01:22:29.111403,Tokyo-8af5,-29,37,Normal
2026-02-14 01:22:30.111403,Tokyo-8af5,-5,79,Normal
2026-02-14 01:22:31.111403,Tokyo-8af5,-8,18,Normal
2026-02-14 01:22:32.111403,Tokyo-8af5,26,14,Normal
2026-02-14 01:22:33.111403,Tokyo-8af5,-29,55,Normal
2026-02-14 01:22:34.111403,Tokyo-8af5,18,42,Normal
2026-02-14 01:22:35.111403,Tokyo-8af5,26,14,Normal
2026-02-14 01:22:36.111403,Tokyo-8af5,17,1,Normal
2026-02-14 01:22:37.111403,Tokyo-8af5,-15,38,Normal
2026-02-14 01:22:38.111403,Tokyo-8af5,-20,79,Normal
2026-02-14 01:22:39.111403,Tokyo-8af5,-8,90,Normal
2026-02-14 01:22:40.111403,Tokyo-8af5,37,97,Normal
2026-02-14 01:22:41.111403,Tokyo-8af5,-19,34,Normal
2026-02-14 01:22:42.111403,Tokyo-8af5,18,43,Normal
2026-02-14 01:22:43.111403,Tokyo-8af5,16,76,Normal
2026-02-14 01:22:44.111403,Tokyo-8af5,-26,50,Normal
2026-02-14 01:22:45.111403,Tokyo-8af5,14,86,Normal
2026-02-14 01:22:46.111403,Tokyo-8af5,14,30,Normal
2026-02-14 01:22:47.111403,Tokyo-8af5,8,75,Normal
2026-02-14 01:22:48.111403,Tokyo-8af5,8,21,Normal
2026-02-14 01:22:49.111403,Tokyo-8af5,-10,74,Normal
2026-02-14 01:22:50.111403,Tokyo-8af5,35,5,Normal
2026-02-14 01:22:51.111403,Tokyo-8af5,-25,1,Normal
2026-02-14 01:22:52.111403,Tokyo-8af5,-16,34,Normal
2026-02-14 01:22:53.111403,Tokyo-8af5,30,40,Normal
2026-02-14 01:22:54.111403,Tokyo-8af5,38,78,Normal
2026-02-14 01:22:55.111403,Tokyo-8af5,12,65,Normal
2026-02-14 01:22:56.111403,Tokyo-8af5,19,75,Normal
2026-02-14 01:22:57.111403,Tokyo-8af5,-17,36,Normal
2026-02-14 01:22:58.111403,Tokyo-8af5,3,9,Normal
2026-02-14 01:22:59.111403,Tokyo-8af5,29,58,Normal
2026-02-14 01:23:00.111403,Tokyo-8af5,-16,70,Normal
2026-02-14 01:23:01.111403,Tokyo-8af5,-12,45,Normal
2026-02-14 01:23:02.111403,Tokyo-8af5,-30,36,Normal
2026-02-14 01:23:03.111403,Tokyo-8af5,-12,29,Normal
2026-02-14 01:23:04.111403,Tokyo-8af5,-7,73,Normal
2026-02-14 01:23:05.111403,Tokyo-8af5,45,98,Normal
2026-02-14 01:23:06.111403,Tokyo-8af5,-11,85,Normal
2026-02-14 01:23:07.111403,Tokyo-8af5,-29,15,Normal
2026-02-14 01:23:08.111403,Tokyo-8af5,-1,72,Normal
2026-02-14 01:23:09.111403,Tokyo-8af5,-20,86,Normal
2026-02-14 01:23:10.111403,Tokyo-8af5,38,79,Normal
2026-02-14 01:23:11.111403,Tokyo-8af5,-10,40,Normal
2026-02-14 01:23:12.111403,Tokyo-8af5,15,61,Normal
2026-02-14 01:23:13.111403,Tokyo-8af5,0,89,Normal
2026-02-14 01:23:14.111403,Tokyo-8af5,50,35,Normal
2026-02-14 01:23:15.111403,Tokyo-8af5,30,82,Normal
2026-02-14 01:23:16.111403,Tokyo-8af5,7,63,Normal
2026-02-14 01:23:17.111403,Tokyo-8af5,10,47,Normal
2026-02-14 01:23:18.111403,Tokyo-8af5,-16,22,Normal
2026-02-14 01:23:19.111403,Tokyo-8af5,32,5,Normal
2026-02-14 01:23:20.111403,Tokyo-8af5,49,74,Normal
2026-02-14 01:23:21.111403,Tokyo-8af5,2,75,Normal
2026-02-14 01:23:22.111403,Tokyo-8af5,37,27,Normal
2026-02-14 01:23:23.111403,Tokyo-8af5,-9,99,Normal
2026-02-14 01:23:24.111403,Tokyo-8af5,-19,44,Normal
2026-02-14 01:23:25.111403,Tokyo-8af5,37,60,Normal
2026-02-14 01:23:26.111403,Tokyo-8af5,18,72,Normal
2026-02-14 01:23:27.111403,Tokyo-8af5,15,32,Normal
2026-02-14 01:23:28.111403,Tokyo-8af5,7,34,Normal
2026-02-14 01:23:29.111403,Tokyo-8af5,36,22,Normal
2026-02-14 01:23:30.111403,Tokyo-8af5,-19,64,Normal
2026-02-14 01:23:31.111403,Tokyo-8af5,20,30,Normal
2026-02-14 01:23:32.111403,Tokyo-8af5,-2,54,Normal
2026-02-14 01:23:33.111403,Tokyo-8af5,31,64,Normal
2026-02-14 01:23:34.111403,Tokyo-8af5,18,52,Normal
2026-02-14 01:23:35.111403,Tokyo-8af5,-21,96,Normal
2026-02-14 01:23:36.111403,Tokyo-8af5,8,67,Normal
2026-02-14 01:23:37.111403,Tokyo-8af5,15,2,Normal
2026-02-14 01:23:38.111403,Tokyo-8af5,34,33,Normal
2026-02-14 01:23:39.111403,Tokyo-8af5,35,93,Normal
2026-02-14 01:23:40.111403,Tokyo-8af5,31,18,Normal
2026-02-14 01:23:41.111403,Tokyo-8af5,34,87,Normal
2026-02-14 01:23:42.111403,Tokyo-8af5,20,27,Normal
2026-02-14 01:23:43.111403,Tokyo-8af5,4,57,Normal
2026-02-14 01:23:44.111403,Tokyo-8af5,-16,34,Normal
2026-02-14 01:23:45.111403,Tokyo-8af5,-7,5,Normal
2026-02-14 01:23:46.111403,Tokyo-8af5,-18,71,Normal
2026-02-14 01:23:47.111403,Tokyo-8af5,7,29,Normal
2026-02-14 01:23:48.111403,Tokyo-8af5,15,18,Normal
2026-02-14 01:23:49.111403,Tokyo-8af5,36,86,Normal
2026-02-14 01:23:50.111403,Tokyo-8af5,22,99,Normal
2026-02-14 01:23:51.111403,Tokyo-8af5,27,83,Normal
2026-02-14 01:23:52.111403,Tokyo-8af5,3,50,Normal
2026-02-14 01:23:53.111403,Tokyo-8af5,4,100,Normal
2026-02-14 01:23:54.111403,Tokyo-8af5,49,40,Normal
2026-02-14 01:23:55.111403,Tokyo-8af5,-26,88,Normal
2026-02-14 01:23:56.111403,Tokyo-8af5,5,28,Normal
2026-02-14 01:23:57.111403,Tokyo-8af5,-8,63,Normal
2026-02-14 01:23:58.111403,Tokyo-8af5,-2,84,Normal
2026-02-14 01:23:59.111403,Tokyo-8af5,-12,80,Normal
2026-02-14 01:24:00.111403,Tokyo-8af5,30,64,Normal
2026-02-14 01:24:01.111403,Tokyo-8af5,39,95,Normal
2026-02-14 01:24:02.111403,Tokyo-8af5,9,69,Normal
2026-02-14 01:24:03.111403,Tokyo-8af5,14,22,Normal
2026-02-14 01:24:04.111403,Tokyo-8af5,31,91,Normal
2026-02-14 01:24:05.111403,Tokyo-8af5,10,96,Normal
2026-02-14 01:24:06.111403,Tokyo-8af5,-8,80,Normal
2026-02-14 01:24:07.111403,Tokyo-8af5,-30,44,Normal
2026-02-14 01:24:08.111403,Tokyo-8af5,2,0,Normal
2026-02-14 01:24:09.111403,Tokyo-8af5,27,62,Normal
2026-02-14 01:24:10.111403,Tokyo-8af5,25,74,Normal
2026-02-14 01:24:11.111403,Tokyo-8af5,-10,72,Normal
2026-02-14 01:24:12.111403,Tokyo-8af5,-5,27,Normal
2026-02-14 01:24:13.111403,Tokyo-8af5,-5,91,Normal
2026-02-14 01:24:14.111403,Tokyo-8af5,27,45,Normal
2026-02-14 01:24:15.111403,Tokyo-8af5,-3,99,Normal
2026-02-14 01:24:16.111403,Tokyo-8af5,19,28,Normal
2026-02-14 01:24:17.111403,Tokyo-8af5,7,91,Normal
2026-02-14 01:24:18.111403,Tokyo-8af5,41,50,Normal
2026-02-14 01:24:19.111403,Tokyo-8af5,-9,35,Normal
2026-02-14 01:24:20.111403,Tokyo-8af5,-26,86,Normal
2026-02-14 01:24:21.111403,Tokyo-8af5,24,3,Normal
2026-02-14 01:24:22.111403,Tokyo-8af5,1,55,Normal
2026-02-14 01:24:23.111403,Tokyo-8af5,-28,100,Normal
2026-02-14 01:24:24.111403,Tokyo-8af5,31,91,Normal
2026-02-14 01:24:25.111403,Tokyo-8af5,50,21,Normal
2026-02-14 01:24:26.111403,Tokyo-8af5,-28,63,Normal
2026-02-14 01:24:27.111403,Tokyo-8af5,-24,56,Normal
2026-02-14 01:24:28.111403,Tokyo-8af5,20,39,Normal
2026-02-14 01:24:29.111403,Tokyo-8af5,45,90,Normal
2026-02-14 01:24:30.111403,Tokyo-8af5,48,25,Normal
2026-02-14 01:24:31.111403,Tokyo-8af5,-12,82,Normal
2026-02-14 01:24:32.111403,Tokyo-8af5,15,78,Normal
2026-02-14 01:24:33.111403,Tokyo-8af5,46,34,Normal
2026-02-14 01:24:34.111403,Tokyo-8af5,-2,36,Normal
2026-02-14 01:24:35.111403,Tokyo-8af5,17,85,Normal
2026-02-14 01:24:36.111403,Tokyo-8af5,18,7,Normal
2026-02-14 01:24:37.111403,Tokyo-8af5,-20,92,Normal
2026-02-14 01:24:38.111403,Tokyo-8af5,18,65,Normal
2026-02-14 01:24:39.111403,Tokyo-8af5,41,0,Normal
2026-02-14 01:24:40.111403,Tokyo-8af5,28,89,Normal
2026-02-14 01:24:41.111403,Tokyo-8af5,13,44,Normal
2026-02-14 01:24:42.111403,Tokyo-8af5,-4,26,Normal
2026-02-14 01:24:43.111403,Tokyo-8af5,-22,10,Normal
2026-02-14 01:24:44.111403,Tokyo-8af5,-20,10,Normal
2026-02-14 01:24:45.111403,Tokyo-8af5,-25,56,Normal
2026-02-14 01:24:46.111403,Tokyo-8af5,25,9,Normal
2026-02-14 01:24:47.111403,Tokyo-8af5,45,13,Normal
2026-02-14 01:24:48.111403,Tokyo-8af5,45,8,Normal
2026-02-14 01:24:49.111403,Tokyo-8af5,46,38,Normal
2026-02-14 01:24:50.111403,Tokyo-8af5,-22,13,Normal
2026-02-14 01:24:51.111403,Tokyo-8af5,-19,35,Normal
2026-02-14 01:24:52.111403,Tokyo-8af5,-5,33,Normal
2026-02-14 01:24:53.111403,Tokyo-8af5,10,23,Normal
2026-02-14 01:24:54.111403,Tokyo-8af5,-11,66,Normal
2026-02-14 01:24:55.111403,Tokyo-8af5,2,96,Normal
2026-02-14 01:24:56.111403,Tokyo-8af5,-6,19,Normal
2026-02-14 01:24:57.111403,Tokyo-8af5,24,36,Normal
2026-02-14 01:24:58.111403,Tokyo-8af5,-19,15,Normal
2026-02-14 01:24:59.111403,Tokyo-8af5,41,48,Normal
2026-02-14 01:25:00.111403,Tokyo-8af5,8,8,Normal
2026-02-14 01:25:01.111403,Tokyo-8af5,48,51,Normal
2026-02-14 01:25:02.111403,Tokyo-8af5,17,89,Normal
2026-02-14 01:25:03.111403,Tokyo-8af5,46,13,Normal
2026-02-14 01:25:04.111403,Tokyo-8af5,33,83,Normal
2026-02-14 01:25:05.111403,Tokyo-8af5,41,25,Normal
2026-02-14 01:25:06.111403,Tokyo-8af5,1,51,Normal
2026-02-14 01:25:07.111403,Tokyo-8af5,-5,77,Normal
2026-02-14 01:25:08.111403,Tokyo-8af5,34,79,Normal
2026-02-14 01:25:09.111403,Tokyo-8af5,-1,91,Normal
2026-02-14 01:25:10.111403,Tokyo-8af5,17,48,Normal
2026-02-14 01:25:11.111403,Tokyo-8af5,-16,67,Normal
2026-02-14 01:25:12.111403,Tokyo-8af5,6,33,Normal
2026-02-14 01:25:13.111403,Tokyo-8af5,-4,27,Normal
2026-02-14 01:25:14.111403,Tokyo-8af5,16,83,Normal
2026-02-14 01:25:15.111403,Tokyo-8af5,-16,0,Normal
2026-02-14 01:25:16.111403,Tokyo-8af5,-12,16,Normal
2026-02-14 01:25:17.111403,Tokyo-8af5,-4,48,Normal
2026-02-14 01:25:18.111403,Tokyo-8af5,1,71,Normal
2026-02-14 01:25:19.111403,Tokyo-8af5,40,71,Normal
2026-02-14 01:25:20.111403,Tokyo-8af5,-15,93,Normal
2026-02-14 01:25:21.111403,Tokyo-8af5,21,69,Normal
2026-02-14 01:25:22.111403,Tokyo-8af5,-12,5,Normal
2026-02-14 01:25:23.111403,Tokyo-8af5,23,33,Normal
2026-02-14 01:25:24.111403,Tokyo-8af5,10,54,Normal
2026-02-14 01:25:25.111403,Tokyo-8af5,-5,100,Normal
2026-02-14 01:25:26.111403,Tokyo-8af5,6,56,Normal
2026-02-14 01:25:27.111403,Tokyo-8af5,0,18,Normal
2026-02-14 01:25:28.111403,Tokyo-8af5,36,88,Normal
2026-02-14 01:25:29.111403,Tokyo-8af5,-10,29,Normal
2026-02-14 01:25:30.111403,Tokyo-8af5,-3,91,Normal
2026-02-14 01:25:31.111403,Tokyo-8af5,27,84,Normal
2026-02-14 01:25:32.111403,Tokyo-8af5,39,92,Normal
