timestamp,station_id,temp,humid,condition
2026-02-08 12:31:43.483102,Tokyo-577c,-6,65,Normal
2026-02-08 12:31:44.483102,Tokyo-577c,49,96,Normal
2026-02-08 12:31:45.483102,Tokyo-577c,44,21,Normal
2026-02-08 12:31:46.483102,Tokyo-577c,9,43,Normal
2026-02-08 12:31:47.483102,Tokyo-577c,5,6,Normal
2026-02-08 12:31:48.483102,Tokyo-577c,-25,47,Normal
2026-02-08 12:31:49.483102,Tokyo-577c,-4,70,Normal
2026-02-08 12:31:50.483102,Tokyo-577c,15,51,Normal
2026-02-08 12:31:51.483102,Tokyo-577c,0,26,Normal
2026-02-08 12:31:52.483102,Tokyo-577c,27,92,Normal
2026-02-08 12:31:53.483102,Tokyo-577c,19,36,Normal
2026-02-08 12:31:54.483102,Tokyo-577c,15,68,Normal
2026-02-08 12:31:55.483102,Tokyo-577c,-7,79,Normal
2026-02-08 12:31:56.483102,Tokyo-577c,19,88,Normal
2026-02-08 12:31:57.483102,Tokyo-577c,12,56,Normal
2026-02-08 12:31:58.483102,Tokyo-577c,9,65,Normal
2026-02-08 12:31:59.483102,Tokyo-577c,-14,4,Normal
2026-02-08 12:32:00.483102,Tokyo-577c,-2,98,Normal
2026-02-08 12:32:01.483102,Tokyo-577c,42,68,Normal
2026-02-08 12:32:02.483102,Tokyo-577c,38,70,Normal
2026-02-08 12:32:03.483102,Tokyo-577c,29,90,Normal
2026-02-08 12:32:04.483102,Tokyo-577c,-25,74,Normal
2026-02-08 12:32:05.483102,Tokyo-577c,-13,22,Normal
2026-02-08 12:32:06.483102,Tokyo-577c,-28,33,Normal
2026-02-08 12:32:07.483102,Tokyo-577c,33,41,Normal
2026-02-08 12:32:08.483102,Tokyo-577c,-6,34,Normal
2026-02-08 12:32:09.483102,Tokyo-577c,1,62,Normal
2026-02-08 12:32:10.483102,Tokyo-577c,4,58,Normal
2026-02-08 12:32:11.483102,Tokyo-577c,-16,49,Normal
2026-02-08 12:32:12.483102,Tokyo-577c,14,41,Normal
2026-02-08 12:32:13.483102,Tokyo-577c,49,16,Normal
2026-02-08 12:32:14.483102,Tokyo-577c,35,99,Normal
2026-02-08 12:32:15.483102,Tokyo-577c,35,2,Normal
2026-02-08 12:32:16.483102,Tokyo-577c,22,10,Normal
2026-02-08 12:32:17.483102,Tokyo-577c,34,44,Normal
2026-02-08 12:32:18.483102,Tokyo-577c,29,8,Normal
2026-02-08 12:32:19.483102,Tokyo-577c,26,81,Normal
2026-02-08 12:32:20.483102,Tokyo-577c,-28,77,Normal
2026-02-08 12:32:21.483102,Tokyo-577c,-10,55,Normal
2026-02-08 12:32:22.483102,Tokyo-577c,1,64,Normal
2026-02-08 12:32:23.483102,Tokyo-577c,12,39,Normal
2026-02-08 12:32:24.483102,Tokyo-577c,-21,36,Normal
2026-02-08 12:32:25.483102,Tokyo-577c,-11,62,Normal
2026-02-08 12:32:26.483102,Tokyo-577c,6,26,Normal
2026-02-08 12:32:27.483102,Tokyo-577c,-24,74,Normal
2026-02-08 12:32:28.483102,Tokyo-577c,5,90,Normal
2026-02-08 12:32:29.483102,Tokyo-577c,-3,65,Normal
2026-02-08 12:32:30.483102,Tokyo-577c,-14,65,Normal
2026-02-08 12:32:31.483102,Tokyo-577c,-18,50,Normal
2026-02-08 12:32:32.483102,Tokyo-577c,5,22,Normal
2026-02-08 12:32:33.483102,Tokyo-577c,39,97,Normal
2026-02-08 12:32:34.483102,Tokyo-577c,33,73,Normal
2026-02-08 12:32:35.483102,Tokyo-577c,-28,75,Normal
2026-02-08 12:32:36.483102,Tokyo-577c,-9,95,Normal
2026-02-08 12:32:37.483102,Tokyo-577c,32,22,Normal
2026-02-08 12:32:38.483102,Tokyo-577c,-23,80,Normal
2026-02-08 12:32:39.483102,Tokyo-577c,-17,90,Normal
2026-02-08 12:32:40.483102,Tokyo-577c,-14,79,Normal
2026-02-08 12:32:41.483102,Tokyo-577c,28,10,Normal
2026-02-08 12:32:42.483102,Tokyo-577c,2,35,Normal
2026-02-08 12:32:43.483102,Tokyo-577c,26,0,Normal
2026-02-08 12:32:44.483102,Tokyo-577c,5,75,Normal
2026-02-08 12:32:45.483102,Tokyo-577c,41,82,Normal
2026-02-08 12:32:46.483102,Tokyo-577c,16,82,Normal
2026-02-08 12:32:47.483102,Tokyo-577c,37,40,Normal
2026-02-08 12:32:48.483102,Tokyo-577c,2,32,Normal
2026-02-08 12:32:49.483102,Tokyo-577c,41,5,Normal
2026-02-08 12:32:50.483102,Tokyo-577c,30,50,Normal
2026-02-08 12:32:51.483102,Tokyo-577c,23,29,Normal
2026-02-08 12:32:52.483102,Tokyo-577c,41,83,Normal
2026-02-08 12:32:53.483102,Tokyo-577c,-14,44,Normal
2026-02-08 12:32:54.483102,Tokyo-577c,9,37,Normal
2026-02-08 12:32:55.483102,Tokyo-577c,5,38,Normal
2026-02-08 12:32:56.483102,Tokyo-577c,24,53,Normal
2026-02-08 12:32:57.483102,Tokyo-577c,-1,38,Normal
2026-02-08 12:32:58.483102,Tokyo-577c,-21,10,Normal
2026-02-08 12:32:59.483102,Tokyo-577c,-23,35,Normal
2026-02-08 12:33:00.483102,Tokyo-577c,40,35,Normal
2026-02-08 12:33:01.483102,Tokyo-577c,35,61,Normal
2026-02-08 12:33:02.483102,Tokyo-577c,-29,92,Normal
2026-02-08 12:33:03.483102,Tokyo-577c,4,27,Normal
2026-02-08 12:33:04.483102,Tokyo-577c,39,57,Normal
2026-02-08 12:33:05.483102,Tokyo-577c,41,59,Normal
2026-02-08 12:33:06.483102,Tokyo-577c,0,68,Normal
2026-02-08 12:33:07.483102,Tokyo-577c,49,77,Normal
2026-02-08 12:33:08.483102,Tokyo-577c,9,3,Normal
2026-02-08 12:33:09.483102,Tokyo-577c,45,11,Normal
2026-02-08 12:33:10.483102,Tokyo-577c,48,59,Normal
2026-02-08 12:33:11.483102,Tokyo-577c,-14,74,Normal
2026-02-08 12:33:12.483102,Tokyo-577c,17,18,Normal
2026-02-08 12:33:13.483102,Tokyo-577c,-19,55,Normal
2026-02-08 12:33:14.483102,Tokyo-577c,50,43,Normal
2026-02-08 12:33:15.483102,Tokyo-577c,0,16,Normal
2026-02-08 12:33:16.483102,Tokyo-577c,32,33,Normal
2026-02-08 12:33:17.483102,Tokyo-577c,45,45,Normal
2026-02-08 12:33:18.483102,Tokyo-577c,0,65,Normal
2026-02-08 12:33:19.483102,Tokyo-577c,17,92,Normal
2026-02-08 12:33:20.483102,Tokyo-577c,38,50,Normal
2026-02-08 12:33:21.483102,Tokyo-577c,22,94,Normal
2026-02-08 12:33:22.483102,Tokyo-577c,9,63,Normal
2026-02-08 12:33:23.483102,Tokyo-577c,6,91,Normal
2026-02-08 12:33:24.483102,Tokyo-577c,37,63,Normal
2026-02-08 12:33:25.483102,Tokyo-577c,-4,96,Normal
2026-02-08 12:33:26.483102,Tokyo-577c,-14,51,Normal
2026-02-08 12:33:27.483102,Tokyo-577c,-30,79,Normal
2026-02-08 12:33:28.483102,Tokyo-577c,27,75,Normal
2026-02-08 12:33:29.483102,Tokyo-577c,-26,37,Normal
2026-02-08 12:33:30.483102,Tokyo-577c,-27,60,Normal
2026-02-08 12:33:31.483102,Tokyo-577c,48,78,Normal
2026-02-08 12:33:32.483102,Tokyo-577c,-23,0,Normal
2026-02-08 12:33:33.483102,Tokyo-577c,41,92,Normal
2026-02-08 12:33:34.483102,Tokyo-577c,1,18,Normal
2026-02-08 12:33:35.483102,Tokyo-577c,30,73,Normal
2026-02-08 12:33:36.483102,Tokyo-577c,47,89,Normal
2026-02-08 12:33:37.483102,Tokyo-577c,50,9,Normal
2026-02-08 12:33:38.483102,Tokyo-577c,19,95,Normal
2026-02-08 12:33:39.483102,Tokyo-577c,-18,52,Normal
2026-02-08 12:33:40.483102,Tokyo-577c,17,61,Normal
2026-02-08 12:33:41.483102,Tokyo-577c,-5,54,Normal
2026-02-08 12:33:42.483102,Tokyo-577c,-20,86,Normal
2026-02-08 12:33:43.483102,Tokyo-577c,49,52,Normal
2026-02-08 12:33:44.483102,Tokyo-577c,31,40,Normal
2026-02-08 12:33:45.483102,Tokyo-577c,9,50,Normal
2026-02-08 12:33:46.483102,Tokyo-577c,-20,61,Normal
2026-02-08 12:33:47.483102,Tokyo-577c,-6,73,Normal
2026-02-08 12:33:48.483102,Tokyo-577c,-18,98,Normal
2026-02-08 12:33:49.483102,Tokyo-577c,22,27,Normal
2026-02-08 12:33:50.483102,Tokyo-577c,-5,41,Normal
2026-02-08 12:33:51.483102,Tokyo-577c,-16,43,Normal
2026-02-08 12:33:52.483102,Tokyo-577c,9,37,Normal
2026-02-08 12:33:53.483102,Tokyo-577c,-19,45,Normal
2026-02-08 12:33:54.483102,Tokyo-577c,48,15,Normal
2026-02-08 12:33:55.483102,Tokyo-577c,40,41,Normal
2026-02-08 12:33:56.483102,Tokyo-577c,-15,77,Normal
2026-02-08 12:33:57.483102,Tokyo-577c,31,44,Normal
2026-02-08 12:33:58.483102,Tokyo-577c,24,4,Normal
2026-02-08 12:33:59.483102,Tokyo-577c,-26,47,Normal
2026-02-08 12:34:00.483102,Tokyo-577c,-28,0,Normal
2026-02-08 12:34:01.483102,Tokyo-577c,-4,70,Normal
2026-02-08 12:34:02.483102,Tokyo-577c,4,19,Normal
2026-02-08 12:34:03.483102,Tokyo-577c,37,82,Normal
2026-02-08 12:34:04.483102,Tokyo-577c,-15,78,Normal
2026-02-08 12:34:05.483102,Tokyo-577c,-2,79,Normal
2026-02-08 12:34:06.483102,Tokyo-577c,29,72,Normal
2026-02-08 12:34:07.483102,Tokyo-577c,25,53,Normal
2026-02-08 12:34:08.483102,Tokyo-577c,26,19,Normal
2026-02-08 12:34:09.483102,Tokyo-577c,23,1,Normal
2026-02-08 12:34:10.483102,Tokyo-577c,27,44,Normal
2026-02-08 12:34:11.483102,Tokyo-577c,39,73,Normal
2026-02-08 12:34:12.483102,Tokyo-577c,-7,59,Normal
2026-02-08 12:34:13.483102,Tokyo-577c,-2,96,Normal
2026-02-08 12:34:14.483102,Tokyo-577c,48,38,Normal
2026-02-08 12:34:15.483102,Tokyo-577c,17,20,Normal
2026-02-08 12:34:16.483102,Tokyo-577c,27,24,Normal
2026-02-08 12:34:17.483102,Tokyo-577c,35,27,Normal
2026-02-08 12:34:18.483102,Tokyo-577c,-12,20,Normal
2026-02-08 12:34:19.483102,Tokyo-577c,-11,11,Normal
2026-02-08 12:34:20.483102,Tokyo-577c,49,68,Normal
2026-02-08 12:34:21.483102,Tokyo-577c,-13,67,Normal
2026-02-08 12:34:22.483102,Tokyo-577c,-22,63,Normal
2026-02-08 12:34:23.483102,Tokyo-577c,-2,32,Normal
2026-02-08 12:34:24.483102,Tokyo-577c,8,91,Normal
2026-02-08 12:34:25.483102,Tokyo-577c,18,40,Normal
2026-02-08 12:34:26.483102,Tokyo-577c,8,46,Normal
2026-02-08 12:34:27.483102,Tokyo-577c,47,1,Normal
2026-02-08 12:34:28.483102,Tokyo-577c,50,23,Normal
2026-02-08 12:34:29.483102,Tokyo-577c,0,24,Normal
2026-02-08 12:34:30.483102,Tokyo-577c,3,49,Normal
2026-02-08 12:34:31.483102,Tokyo-577c,-3,88,Normal
2026-02-08 12:34:32.483102,Tokyo-577c,32,27,Normal
2026-02-08 12:34:33.483102,Tokyo-577c,15,42,Normal
2026-02-08 12:34:34.483102,Tokyo-577c,1,62,Normal
2026-02-08 12:34:35.483102,Tokyo-577c,-14,68,Normal
2026-02-08 12:34:36.483102,Tokyo-577c,24,3,Normal
2026-02-08 12:34:37.483102,Tokyo-577c,40,9,Normal
2026-02-08 12:34:38.483102,Tokyo-577c,44,27,Normal
2026-02-08 12:34:39.483102,Tokyo-577c,-20,31,Normal
2026-02-08 12:34:40.483102,Tokyo-577c,7,39,Normal
2026-02-08 12:34:41.483102,Tokyo-577c,20,7,Normal
2026-02-08 12:34:42.483102,Tokyo-577c,29,40,Normal
2026-02-08 12:34:43.483102,Tokyo-577c,3,31,Normal
2026-02-08 12:34:44.483102,Tokyo-577c,26,100,Normal
2026-02-08 12:34:45.483102,Tokyo-577c,33,58,Normal
2026-02-08 12:34:46.483102,Tokyo-577c,4,49,Normal
2026-02-08 12:34:47.483102,Tokyo-577c,-20,21,Normal
2026-02-08 12:34:48.483102,Tokyo-577c,22,63,Normal
2026-02-08 12:34:49.483102,Tokyo-577c,-29,87,Normal
2026-02-08 12:34:50.483102,Tokyo-577c,23,39,Normal
2026-02-08 12:34:51.483102,Tokyo-577c,24,85,Normal
2026-02-08 12:34:52.483102,Tokyo-577c,-11,55,Normal
2026-02-08 12:34:53.483102,Tokyo-577c,15,2,Normal
2026-02-08 12:34:54.483102,Tokyo-577c,-20,80,Normal
2026-02-08 12:34:55.483102,Tokyo-577c,-13,5,Normal
2026-02-08 12:34:56.483102,Tokyo-577c,-10,33,Normal
2026-02-08 12:34:57.483102,Tokyo-577c,34,45,Normal
2026-02-08 12:34:58.483102,Tokyo-577c,33,97,Normal
2026-02-08 12:34:59.483102,Tokyo-577c,-2,36,Normal
2026-02-08 12:35:00.483102,Tokyo-577c,-21,54,Normal
2026-02-08 12:35:01.483102,Tokyo-577c,-5,58,Normal
2026-02-08 12:35:02.483102,Tokyo-577c,35,96,Normal
2026-02-08 12:35:03.483102,Tokyo-577c,-14,77,Normal
2026-02-08 12:35:04.483102,Tokyo-577c,0,97,Normal
2026-02-08 12:35:05.483102,Tokyo-577c,-22,24,Normal
2026-02-08 12:35:06.483102,Tokyo-577c,-5,94,Normal
2026-02-08 12:35:07.483102,Tokyo-577c,-17,81,Normal
2026-02-08 12:35:08.483102,Tokyo-577c,43,62,Normal
2026-02-08 12:35:09.483102,Tokyo-577c,1,19,Normal
2026-02-08 12:35:10.483102,Tokyo-577c,-29,87,Normal
2026-02-08 12:35:11.483102,Tokyo-577c,9,100,Normal
2026-02-08 12:35:12.483102,Tokyo-577c,8,87,Normal
2026-02-08 12:35:13.483102,Tokyo-577c,-25,83,Normal
2026-02-08 12:35:14.483102,Tokyo-577c,28,19,Normal
2026-02-08 12:35:15.483102,Tokyo-577c,-4,16,Normal
2026-02-08 12:35:16.483102,Tokyo-577c,46,97,Normal
2026-02-08 12:35:17.483102,Tokyo-577c,-23,61,Normal
2026-02-08 12:35:18.483102,Tokyo-577c,-18,32,Normal
2026-02-08 12:35:19.483102,Tokyo-577c,49,27,Normal
2026-02-08 12:35:20.483102,Tokyo-577c,39,58,Normal
2026-02-08 12:35:21.483102,Tokyo-577c,15,30,Normal
2026-02-08 12:35:22.483102,Tokyo-577c,42,33,Normal
2026-02-08 12:35:23.483102,Tokyo-577c,-5,74,Normal
2026-02-08 12:35:24.483102,Tokyo-577c,-2,4,Normal
2026-02-08 12:35:25.483102,Tokyo-577c,-11,75,Normal
2026-02-08 12:35:26.483102,Tokyo-577c,-11,63,Normal
2026-02-08 12:35:27.483102,Tokyo-577c,9,21,Normal
2026-02-08 12:35:28.483102,Tokyo-577c,21,53,Normal
2026-02-08 12:35:29.483102,Tokyo-577c,-17,13,Normal
2026-02-08 12:35:30.483102,Tokyo-577c,-6,99,Normal
2026-02-08 12:35:31.483102,Tokyo-577c,37,22,Normal
2026-02-08 12:35:32.483102,Tokyo-577c,-2,45,Normal
2026-02-08 12:35:33.483102,Tokyo-577c,-19,66,Normal
2026-02-08 12:35:34.483102,Tokyo-577c,-30,68,Normal
2026-02-08 12:35:35.483102,Tokyo-577c,47,61,Normal
2026-02-08 12:35:36.483102,Tokyo-577c,-12,11,Normal
2026-02-08 12:35:37.483102,Tokyo-577c,-26,33,Normal
2026-02-08 12:35:38.483102,Tokyo-577c,36,13,Normal
2026-02-08 12:35:39.483102,Tokyo-577c,20,0,Normal
2026-02-08 12:35:40.483102,Tokyo-577c,9,20,Normal
2026-02-08 12:35:41.483102,Tokyo-577c,35,81,Normal
2026-02-08 12:35:42.483102,Tokyo-577c,-22,73,Normal
2026-02-08 12:35:43.483102,Tokyo-577c,-28,37,Normal
2026-02-08 12:35:44.483102,Tokyo-577c,-16,83,Normal
2026-02-08 12:35:45.483102,Tokyo-577c,16,61,Normal
2026-02-08 12:35:46.483102,Tokyo-577c,30,84,Normal
2026-02-08 12:35:47.483102,Tokyo-577c,33,95,Normal
2026-02-08 12:35:48.483102,Tokyo-577c,19,19,Normal
2026-02-08 12:35:49.483102,Tokyo-577c,-18,17,Normal
2026-02-08 12:35:50.483102,Tokyo-577c,-28,21,Normal
2026-02-08 12:35:51.483102,Tokyo-577c,27,31,Normal
2026-02-08 12:35:52.483102,Tokyo-577c,6,1,Normal
2026-02-08 12:35:53.483102,Tokyo-577c,1,7,Normal
2026-02-08 12:35:54.483102,Tokyo-577c,-29,1,Normal
2026-02-08 12:35:55.483102,Tokyo-577c,47,92,Normal
2026-02-08 12:35:56.483102,Tokyo-577c,7,88,Normal
2026-02-08 12:35:57.483102,Tokyo-577c,0,7,Normal
2026-02-08 12:35:58.483102,Tokyo-577c,-30,100,Normal
2026-02-08 12:35:59.483102,Tokyo-577c,33,8,Normal
2026-02-08 12:36:00.483102,Tokyo-577c,13,64,Normal
2026-02-08 12:36:01.483102,Tokyo-577c,41,65,Normal
2026-02-08 12:36:02.483102,Tokyo-577c,42,35,Normal
2026-02-08 12:36:03.483102,Tokyo-577c,-29,26,Normal
2026-02-08 12:36:04.483102,Tokyo-577c,27,63,Normal
2026-02-08 12:36:05.483102,Tokyo-577c,2,15,Normal
2026-02-08 12:36:06.483102,Tokyo-577c,-23,1,Normal
2026-02-08 12:36:07.483102,Tokyo-577c,30,44,Normal
2026-02-08 12:36:08.483102,Tokyo-577c,2,1,Normal
2026-02-08 12:36:09.483102,Tokyo-577c,-17,35,Normal
2026-02-08 12:36:10.483102,Tokyo-577c,-22,21,Normal
2026-02-08 12:36:11.483102,Tokyo-577c,-25,44,Normal
2026-02-08 12:36:12.483102,Tokyo-577c,-5,52,Normal
2026-02-08 12:36:13.483102,Tokyo-577c,-18,7,Normal
2026-02-08 12:36:14.483102,Tokyo-577c,-15,99,Normal
2026-02-08 12:36:15.483102,Tokyo-577c,39,8,Normal
2026-02-08 12:36:16.483102,Tokyo-577c,-6,26,Normal
2026-02-08 12:36:17.483102,Tokyo-577c,43,33,Normal
2026-02-08 12:36:18.483102,Tokyo-577c,5,19,Normal
2026-02-08 12:36:19.483102,Tokyo-577c,46,37,Normal
2026-02-08 12:36:20.483102,Tokyo-577c,-13,49,Normal
2026-02-08 12:36:21.483102,Tokyo-577c,47,43,Normal
2026-02-08 12:36:22.483102,Tokyo-577c,27,55,Normal
2026-02-08 12:36:23.483102,Tokyo-577c,-19,6,Normal
2026-02-08 12:36:24.483102,Tokyo-577c,-15,30,Normal
2026-02-08 12:36:25.483102,Tokyo-577c,-29,100,Normal
2026-02-08 12:36:26.483102,Tokyo-577c,-25,81,Normal
2026-02-08 12:36:27.483102,Tokyo-577c,38,85,Normal
2026-02-08 12:36:28.483102,Tokyo-577c,-8,10,Normal
2026-02-08 12:36:29.483102,Tokyo-577c,15,30,Normal
2026-02-08 12:36:30.483102,Tokyo-577c,15,22,Normal
2026-02-08 12:36:31.483102,Tokyo-577c,44,63,Normal
2026-02-08 12:36:32.483102,Tokyo-577c,17,22,Normal
2026-02-08 12:36:33.483102,Tokyo-577c,27,48,Normal
2026-02-08 12:36:34.483102,Tokyo-577c,27,11,Normal
2026-02-08 12:36:35.483102,Tokyo-577c,42,99,Normal
2026-02-08 12:36:36.483102,Tokyo-577c,47,32,Normal
2026-02-08 12:36:37.483102,Tokyo-577c,-28,51,Normal
2026-02-08 12:36:38.483102,Tokyo-577c,-4,90,Normal
2026-02-08 12:36:39.483102,Tokyo-577c,50,76,Normal
2026-02-08 12:36:40.483102,Tokyo-577c,-1,96,Normal
2026-02-08 12:36:41.483102,Tokyo-577c,22,72,Normal
2026-02-08 12:36:42.483102,Tokyo-577c,8,75,Normal
2026-02-08 12:36:43.483102,Tokyo-577c,-24,31,Normal
2026-02-08 12:36:44.483102,Tokyo-577c,36,67,Normal
2026-02-08 12:36:45.483102,Tokyo-577c,-12,11,Normal
2026-02-08 12:36:46.483102,Tokyo-577c,10,89,Normal
2026-02-08 12:36:47.483102,Tokyo-577c,24,81,Normal
2026-02-08 12:36:48.483102,Tokyo-577c,-5,36,Normal
2026-02-08 12:36:49.483102,Tokyo-577c,23,86,Normal
2026-02-08 12:36:50.483102,Tokyo-577c,45,84,Normal
2026-02-08 12:36:51.483102,Tokyo-577c,18,69,Normal
2026-02-08 12:36:52.483102,Tokyo-577c,-14,37,Normal
2026-02-08 12:36:53.483102,Tokyo-577c,39,86,Normal
2026-02-08 12:36:54.483102,Tokyo-577c,-5,49,Normal
2026-02-08 12:36:55.483102,Tokyo-577c,-28,28,Normal
2026-02-08 12:36:56.483102,Tokyo-577c,37,45,Normal
2026-02-08 12:36:57.483102,Tokyo-577c,-30,96,Normal
2026-02-08 12:36:58.483102,Tokyo-577c,-20,8,Normal
2026-02-08 12:36:59.483102,Tokyo-577c,14,38,Normal
2026-02-08 12:37:00.483102,Tokyo-577c,22,84,Normal
2026-02-08 12:37:01.483102,Tokyo-577c,5,76,Normal
2026-02-08 12:37:02.483102,Tokyo-577c,-25,96,Normal
2026-02-08 12:37:03.483102,Tokyo-577c,-30,75,Normal
2026-02-08 12:37:04.483102,Tokyo-577c,-24,24,Normal
2026-02-08 12:37:05.483102,Tokyo-577c,-4,7,Normal
2026-02-08 12:37:06.483102,Tokyo-577c,-16,72,Normal
2026-02-08 12:37:07.483102,Tokyo-577c,6,79,Normal
2026-02-08 12:37:08.483102,Tokyo-577c,37,95,Normal
2026-02-08 12:37:09.483102,Tokyo-577c,35,74,Normal
2026-02-08 12:37:10.483102,Tokyo-577c,47,77,Normal
2026-02-08 12:37:11.483102,Tokyo-577c,49,41,Normal
2026-02-08 12:37:12.483102,Tokyo-577c,41,20,Normal
2026-02-08 12:37:13.483102,Tokyo-577c,18,84,Normal
2026-02-08 12:37:14.483102,Tokyo-577c,19,77,Normal
2026-02-08 12:37:15.483102,Tokyo-577c,30,43,Normal
2026-02-08 12:37:16.483102,Tokyo-577c,-8,85,Normal
2026-02-08 12:37:17.483102,Tokyo-577c,16,59,Normal
2026-02-08 12:37:18.483102,Tokyo-577c,-1,8,Normal
2026-02-08 12:37:19.483102,Tokyo-577c,-20,78,Normal
2026-02-08 12:37:20.483102,Tokyo-577c,-26,42,Normal
2026-02-08 12:37:21.483102,Tokyo-577c,-21,98,Normal
2026-02-08 12:37:22.483102,Tokyo-577c,-12,47,Normal
2026-02-08 12:37:23.483102,Tokyo-577c,-10,87,Normal
2026-02-08 12:37:24.483102,Tokyo-577c,-18,53,Normal
2026-02-08 12:37:25.483102,Tokyo-577c,5,16,Normal
2026-02-08 12:37:26.483102,Tokyo-577c,8,1,Normal
2026-02-08 12:37:27.483102,Tokyo-577c,33,59,Normal
2026-02-08 12:37:28.483102,Tokyo-577c,13,20,Normal
2026-02-08 12:37:29.483102,Tokyo-577c,46,76,Normal
2026-02-08 12:37:30.483102,Tokyo-577c,40,2,Normal
2026-02-08 12:37:31.483102,Tokyo-577c,-23,25,Normal
2026-02-08 12:37:32.483102,Tokyo-577c,29,59,Normal
2026-02-08 12:37:33.483102,Tokyo-577c,26,87,Normal
2026-02-08 12:37:34.483102,Tokyo-577c,3,26,Normal
2026-02-08 12:37:35.483102,Tokyo-577c,41,48,Normal
2026-02-08 12:37:36.483102,Tokyo-577c,37,31,Normal
2026-02-08 12:37:37.483102,Tokyo-577c,39,54,Normal
2026-02-08 12:37:38.483102,Tokyo-577c,-27,3,Normal
2026-02-08 12:37:39.483102,Tokyo-577c,38,39,Normal
2026-02-08 12:37:40.483102,Tokyo-577c,3,22,Normal
2026-02-08 12:37:41.483102,Tokyo-577c,29,10,Normal
2026-02-08 12:37:42.483102,Tokyo-577c,45,49,Normal
2026-02-08 12:37:43.483102,Tokyo-577c,-3,53,Normal
2026-02-08 12:37:44.483102,Tokyo-577c,46,15,Normal
2026-02-08 12:37:45.483102,Tokyo-577c,28,33,Normal
2026-02-08 12:37:46.483102,Tokyo-577c,50,97,Normal
2026-02-08 12:37:47.483102,Tokyo-577c,-4,88,Normal
2026-02-08 12:37:48.483102,Tokyo-577c,-22,94,Normal
2026-02-08 12:37:49.483102,Tokyo-577c,-14,18,Normal
2026-02-08 12:37:50.483102,Tokyo-577c,-30,11,Normal
2026-02-08 12:37:51.483102,Tokyo-577c,40,3,Normal
2026-02-08 12:37:52.483102,Tokyo-577c,25,83,Normal
2026-02-08 12:37:53.483102,Tokyo-577c,4,50,Normal
2026-02-08 12:37:54.483102,Tokyo-577c,44,44,Normal
2026-02-08 12:37:55.483102,Tokyo-577c,33,21,Normal
2026-02-08 12:37:56.483102,Tokyo-577c,12,86,Normal
2026-02-08 12:37:57.483102,Tokyo-577c,-25,95,Normal
2026-02-08 12:37:58.483102,Tokyo-577c,-25,80,Normal
2026-02-08 12:37:59.483102,Tokyo-577c,-30,97,Normal
2026-02-08 12:38:00.483102,Tokyo-577c,-7,41,Normal
2026-02-08 12:38:01.483102,Tokyo-577c,-26,67,Normal
2026-02-08 12:38:02.483102,Tokyo-577c,24,67,Normal
2026-02-08 12:38:03.483102,Tokyo-577c,3,51,Normal
2026-02-08 12:38:04.483102,Tokyo-577c,45,100,Normal
2026-02-08 12:38:05.483102,Tokyo-577c,33,19,Normal
2026-02-08 12:38:06.483102,Tokyo-577c,-21,63,Normal
2026-02-08 12:38:07.483102,Tokyo-577c,16,22,Normal
2026-02-08 12:38:08.483102,Tokyo-577c,-11,90,Normal
2026-02-08 12:38:09.483102,Tokyo-577c,43,52,Normal
2026-02-08 12:38:10.483102,Tokyo-577c,-2,95,Normal
2026-02-08 12:38:11.483102,Tokyo-577c,-11,88,Normal
2026-02-08 12:38:12.483102,Tokyo-577c,12,42,Normal
2026-02-08 12:38:13.483102,Tokyo-577c,-1,21,Normal
2026-02-08 12:38:14.483102,Tokyo-577c,32,95,Normal
2026-02-08 12:38:15.483102,Tokyo-577c,3,99,Normal
2026-02-08 12:38:16.483102,Tokyo-577c,21,91,Normal
2026-02-08 12:38:17.483102,Tokyo-577c,-2,78,Normal
2026-02-08 12:38:18.483102,Tokyo-577c,-14,35,Normal
2026-02-08 12:38:19.483102,Tokyo-577c,18,70,Normal
2026-02-08 12:38:20.483102,Tokyo-577c,11,20,Normal
2026-02-08 12:38:21.483102,Tokyo-577c,-30,98,Normal
2026-02-08 12:38:22.483102,Tokyo-577c,-25,9,Normal
2026-02-08 12:38:23.483102,Tokyo-577c,17,52,Normal
2026-02-08 12:38:24.483102,Tokyo-577c,-29,19,Normal
2026-02-08 12:38:25.483102,Tokyo-577c,-11,9,Normal
2026-02-08 12:38:26.483102,Tokyo-577c,6,2,Normal
2026-02-08 12:38:27.483102,Tokyo-577c,42,42,Normal
2026-02-08 12:38:28.483102,Tokyo-577c,3,53,Normal
2026-02-08 12:38:29.483102,Tokyo-577c,10,64,Normal
2026-02-08 12:38:30.483102,Tokyo-577c,10,6,Normal
2026-02-08 12:38:31.483102,Tokyo-577c,-1,19,Normal
2026-02-08 12:38:32.483102,Tokyo-577c,-5,70,Normal
2026-02-08 12:38:33.483102,Tokyo-577c,28,79,Normal
2026-02-08 12:38:34.483102,Tokyo-577c,-10,20,Normal
2026-02-08 12:38:35.483102,Tokyo-577c,32,81,Normal
2026-02-08 12:38:36.483102,Tokyo-577c,6,55,Normal
2026-02-08 12:38:37.483102,Tokyo-577c,5,64,Normal
2026-02-08 12:38:38.483102,Tokyo-577c,-6,86,Normal
2026-02-08 12:38:39.483102,Tokyo-577c,-6,90,Normal
2026-02-08 12:38:40.483102,Tokyo-577c,39,93,Normal
2026-02-08 12:38:41.483102,Tokyo-577c,-7,44,Normal
2026-02-08 12:38:42.483102,Tokyo-577c,29,43,Normal
2026-02-08 12:38:43.483102,Tokyo-577c,-25,91,Normal
2026-02-08 12:38:44.483102,Tokyo-577c,37,37,Normal
2026-02-08 12:38:45.483102,Tokyo-577c,-22,62,Normal
2026-02-08 12:38:46.483102,Tokyo-577c,8,100,Normal
2026-02-08 12:38:47.483102,Tokyo-577c,11,31,Normal
2026-02-08 12:38:48.483102,Tokyo-577c,49,63,Normal
2026-02-08 12:38:49.483102,Tokyo-577c,45,24,Normal
2026-02-08 12:38:50.483102,Tokyo-577c,18,77,Normal
2026-02-08 12:38:51.483102,Tokyo-577c,23,91,Normal
2026-02-08 12:38:52.483102,Tokyo-577c,45,90,Normal
2026-02-08 12:38:53.483102,Tokyo-577c,-27,2,Normal
2026-02-08 12:38:54.483102,Tokyo-577c,39,59,Normal
2026-02-08 12:38:55.483102,Tokyo-577c,-18,20,Normal
2026-02-08 12:38:56.483102,Tokyo-577c,0,53,Normal
2026-02-08 12:38:57.483102,Tokyo-577c,-29,83,Normal
2026-02-08 12:38:58.483102,Tokyo-577c,-29,93,Normal
2026-02-08 12:38:59.483102,Tokyo-577c,49,94,Normal
2026-02-08 12:39:00.483102,Tokyo-577c,37,87,Normal
2026-02-08 12:39:01.483102,Tokyo-577c,47,23,Normal
2026-02-08 12:39:02.483102,Tokyo-577c,16,61,Normal
2026-02-08 12:39:03.483102,Tokyo-577c,21,54,Normal
2026-02-08 12:39:04.483102,Tokyo-577c,8,80,Normal
2026-02-08 12:39:05.483102,Tokyo-577c,-21,32,Normal
2026-02-08 12:39:06.483102,Tokyo-577c,-4,77,Normal
2026-02-08 12:39:07.483102,Tokyo-577c,-13,72,Normal
2026-02-08 12:39:08.483102,Tokyo-577c,38,98,Normal
2026-02-08 12:39:09.483102,Tokyo-577c,-10,65,Normal
2026-02-08 12:39:10.483102,Tokyo-577c,21,95,Normal
2026-02-08 12:39:11.483102,Tokyo-577c,18,10,Normal
2026-02-08 12:39:12.483102,Tokyo-577c,-16,57,Normal
2026-02-08 12:39:13.483102,Tokyo-577c,-9,70,Normal
2026-02-08 12:39:14.483102,Tokyo-577c,3,41,Normal
2026-02-08 12:39:15.483102,Tokyo-577c,-23,72,Normal
2026-02-08 12:39:16.483102,Tokyo-577c,-5,27,Normal
2026-02-08 12:39:17.483102,Tokyo-577c,25,56,Normal
2026-02-08 12:39:18.483102,Tokyo-577c,21,55,Normal
2026-02-08 12:39:19.483102,Tokyo-577c,37,68,Normal
2026-02-08 12:39:20.483102,Tokyo-577c,32,3,Normal
2026-02-08 12:39:21.483102,Tokyo-577c,-6,15,Normal
2026-02-08 12:39:22.483102,Tokyo-577c,14,11,Normal
2026-02-08 12:39:23.483102,Tokyo-577c,0,24,Normal
2026-02-08 12:39:24.483102,Tokyo-577c,25,30,Normal
2026-02-08 12:39:25.483102,Tokyo-577c,49,98,Normal
2026-02-08 12:39:26.483102,Tokyo-577c,-7,23,Normal
2026-02-08 12:39:27.483102,Tokyo-577c,13,67,Normal
2026-02-08 12:39:28.483102,Tokyo-577c,31,27,Normal
2026-02-08 12:39:29.483102,Tokyo-577c,27,93,Normal
2026-02-08 12:39:30.483102,Tokyo-577c,-8,88,Normal
2026-02-08 12:39:31.483102,Tokyo-577c,45,67,Normal
2026-02-08 12:39:32.483102,Tokyo-577c,-23,68,Normal
2026-02-08 12:39:33.483102,Tokyo-577c,-8,30,Normal
2026-02-08 12:39:34.483102,Tokyo-577c,3,33,Normal
2026-02-08 12:39:35.483102,Tokyo-577c,29,33,Normal
2026-02-08 12:39:36.483102,Tokyo-577c,16,19,Normal
2026-02-08 12:39:37.483102,Tokyo-577c,48,48,Normal
2026-02-08 12:39:38.483102,Tokyo-577c,-30,15,Normal
2026-02-08 12:39:39.483102,Tokyo-577c,37,68,Normal
2026-02-08 12:39:40.483102,Tokyo-577c,-17,15,Normal
2026-02-08 12:39:41.483102,Tokyo-577c,3,82,Normal
2026-02-08 12:39:42.483102,Tokyo-577c,48,15,Normal
2026-02-08 12:39:43.483102,Tokyo-577c,14,53,Normal
2026-02-08 12:39:44.483102,Tokyo-577c,44,48,Normal
2026-02-08 12:39:45.483102,Tokyo-577c,-5,53,Normal
2026-02-08 12:39:46.483102,Tokyo-577c,21,8,Normal
2026-02-08 12:39:47.483102,Tokyo-577c,37,41,Normal
2026-02-08 12:39:48.483102,Tokyo-577c,25,70,Normal
2026-02-08 12:39:49.483102,Tokyo-577c,28,13,Normal
2026-02-08 12:39:50.483102,Tokyo-577c,49,10,Normal
2026-02-08 12:39:51.483102,Tokyo-577c,-29,58,Normal
2026-02-08 12:39:52.483102,Tokyo-577c,-10,94,Normal
2026-02-08 12:39:53.483102,Tokyo-577c,37,41,Normal
2026-02-08 12:39:54.483102,Tokyo-577c,9,40,Normal
2026-02-08 12:39:55.483102,Tokyo-577c,-15,59,Normal
2026-02-08 12:39:56.483102,Tokyo-577c,-27,79,Normal
2026-02-08 12:39:57.483102,Tokyo-577c,11,7,Normal
2026-02-08 12:39:58.483102,Tokyo-577c,-12,8,Normal
2026-02-08 12:39:59.483102,Tokyo-577c,3,61,Normal
2026-02-08 12:40:00.483102,Tokyo-577c,-8,11,Normal
2026-02-08 12:40:01.483102,Tokyo-577c,44,80,Normal
2026-02-08 12:40:02.483102,Tokyo-577c,-29,40,Normal
2026-02-08 12:40:03.483102,Tokyo-577c,-19,24,Normal
2026-02-08 12:40:04.483102,Tokyo-577c,-25,14,Normal
2026-02-08 12:40:05.483102,Tokyo-577c,38,19,Normal
2026-02-08 12:40:06.483102,Tokyo-577c,39,25,Normal
2026-02-08 12:40:07.483102,Tokyo-577c,-9,5,Normal
2026-02-08 12:40:08.483102,Tokyo-577c,27,14,Normal
2026-02-08 12:40:09.483102,Tokyo-577c,41,30,Normal
2026-02-08 12:40:10.483102,Tokyo-577c,-2,19,Normal
2026-02-08 12:40:11.483102,Tokyo-577c,-12,26,Normal
2026-02-08 12:40:12.483102,Tokyo-577c,9,54,Normal
2026-02-08 12:40:13.483102,Tokyo-577c,40,35,Normal
2026-02-08 12:40:14.483102,Tokyo-577c,34,52,Normal
2026-02-08 12:40:15.483102,Tokyo-577c,26,36,Normal
2026-02-08 12:40:16.483102,Tokyo-577c,-28,47,Normal
2026-02-08 12:40:17.483102,Tokyo-577c,14,56,Normal
2026-02-08 12:40:18.483102,Tokyo-577c,49,98,Normal
2026-02-08 12:40:19.483102,Tokyo-577c,3,20,Normal
2026-02-08 12:40:20.483102,Tokyo-577c,12,36,Normal
2026-02-08 12:40:21.483102,Tokyo-577c,12,53,Normal
2026-02-08 12:40:22.483102,Tokyo-577c,-25,68,Normal
2026-02-08 12:40:23.483102,Tokyo-577c,31,94,Normal
2026-02-08 12:40:24.483102,Tokyo-577c,-21,68,Normal
2026-02-08 12:40:25.483102,Tokyo-577c,-4,58,Normal
2026-02-08 12:40:26.483102,Tokyo-577c,29,84,Normal
2026-02-08 12:40:27.483102,Tokyo-577c,37,15,Normal
2026-02-08 12:40:28.483102,Tokyo-577c,24,40,Normal
2026-02-08 12:40:29.483102,Tokyo-577c,42,55,Normal
2026-02-08 12:40:30.483102,Tokyo-577c,42,23,Normal
2026-02-08 12:40:31.483102,Tokyo-577c,46,47,Normal
2026-02-08 12:40:32.483102,Tokyo-577c,38,29,Normal
2026-02-08 12:40:33.483102,Tokyo-577c,47,98,Normal
2026-02-08 12:40:34.483102,Tokyo-577c,-1,60,Normal
2026-02-08 12:40:35.483102,Tokyo-577c,-8,40,Normal
2026-02-08 12:40:36.483102,Tokyo-577c,-12,72,Normal
2026-02-08 12:40:37.483102,Tokyo-577c,48,58,Normal
2026-02-08 12:40:38.483102,Tokyo-577c,22,23,Normal
2026-02-08 12:40:39.483102,Tokyo-577c,-10,78,Normal
2026-02-08 12:40:40.483102,Tokyo-577c,48,98,Normal
2026-02-08 12:40:41.483102,Tokyo-577c,20,20,Normal
2026-02-08 12:40:42.483102,Tokyo-577c,44,17,Normal
2026-02-08 12:40:43.483102,Tokyo-577c,-24,73,Normal
2026-02-08 12:40:44.483102,Tokyo-577c,0,15,Normal
2026-02-08 12:40:45.483102,Tokyo-577c,38,81,Normal
2026-02-08 12:40:46.483102,Tokyo-577c,40,40,Normal
2026-02-08 12:40:47.483102,Tokyo-577c,11,51,Normal
2026-02-08 12:40:48.483102,Tokyo-577c,37,2,Normal
2026-02-08 12:40:49.483102,Tokyo-577c,25,29,Normal
2026-02-08 12:40:50.483102,Tokyo-577c,33,55,Normal
2026-02-08 12:40:51.483102,Tokyo-577c,19,79,Normal
2026-02-08 12:40:52.483102,Tokyo-577c,-25,58,Normal
2026-02-08 12:40:53.483102,Tokyo-577c,40,74,Normal
2026-02-08 12:40:54.483102,Tokyo-577c,-30,8,Normal
2026-02-08 12:40:55.483102,Tokyo-577c,17,31,Normal
2026-02-08 12:40:56.483102,Tokyo-577c,7,22,Normal
2026-02-08 12:40:57.483102,Tokyo-577c,10,19,Normal
2026-02-08 12:40:58.483102,Tokyo-577c,-7,0,Normal
2026-02-08 12:40:59.483102,Tokyo-577c,-2,9,Normal
2026-02-08 12:41:00.483102,Tokyo-577c,27,64,Normal
2026-02-08 12:41:01.483102,Tokyo-577c,-21,73,Normal
2026-02-08 12:41:02.483102,Tokyo-577c,-11,25,Normal
2026-02-08 12:41:03.483102,Tokyo-577c,4,32,Normal
2026-02-08 12:41:04.483102,Tokyo-577c,14,33,Normal
2026-02-08 12:41:05.483102,Tokyo-577c,-9,50,Normal
2026-02-08 12:41:06.483102,Tokyo-577c,17,19,Normal
2026-02-08 12:41:07.483102,Tokyo-577c,33,11,Normal
2026-02-08 12:41:08.483102,Tokyo-577c,-11,43,Normal
2026-02-08 12:41:09.483102,Tokyo-577c,-2,91,Normal
2026-02-08 12:41:10.483102,Tokyo-577c,28,79,Normal
2026-02-08 12:41:11.483102,Tokyo-577c,33,9,Normal
2026-02-08 12:41:12.483102,Tokyo-577c,28,37,Normal
2026-02-08 12:41:13.483102,Tokyo-577c,1,38,Normal
2026-02-08 12:41:14.483102,Tokyo-577c,16,87,Normal
2026-02-08 12:41:15.483102,Tokyo-577c,19,24,Normal
2026-02-08 12:41:16.483102,Tokyo-577c,42,52,Normal
2026-02-08 12:41:17.483102,Tokyo-577c,0,46,Normal
2026-02-08 12:41:18.483102,Tokyo-577c,15,74,Normal
2026-02-08 12:41:19.483102,Tokyo-577c,35,47,Normal
2026-02-08 12:41:20.483102,Tokyo-577c,22,94,Normal
2026-02-08 12:41:21.483102,Tokyo-577c,48,15,Normal
2026-02-08 12:41:22.483102,Tokyo-577c,37,41,Normal
2026-02-08 12:41:23.483102,Tokyo-577c,32,70,Normal
2026-02-08 12:41:24.483102,Tokyo-577c,26,51,Normal
2026-02-08 12:41:25.483102,Tokyo-577c,33,84,Normal
2026-02-08 12:41:26.483102,Tokyo-577c,14,66,Normal
2026-02-08 12:41:27.483102,Tokyo-577c,-30,84,Normal
2026-02-08 12:41:28.483102,Tokyo-577c,-22,23,Normal
2026-02-08 12:41:29.483102,Tokyo-577c,0,43,Normal
2026-02-08 12:41:30.483102,Tokyo-577c,4,3,Normal
2026-02-08 12:41:31.483102,Tokyo-577c,-22,24,Normal
2026-02-08 12:41:32.483102,Tokyo-577c,8,17,Normal
2026-02-08 12:41:33.483102,Tokyo-577c,-9,96,Normal
2026-02-08 12:41:34.483102,Tokyo-577c,29,93,Normal
2026-02-08 12:41:35.483102,Tokyo-577c,17,51,Normal
2026-02-08 12:41:36.483102,Tokyo-577c,-2,91,Normal
2026-02-08 12:41:37.483102,Tokyo-577c,-5,27,Normal
2026-02-08 12:41:38.483102,Tokyo-577c,47,46,Normal
2026-02-08 12:41:39.483102,Tokyo-577c,20,51,Normal
2026-02-08 12:41:40.483102,Tokyo-577c,18,40,Normal
2026-02-08 12:41:41.483102,Tokyo-577c,-24,98,Normal
2026-02-08 12:41:42.483102,Tokyo-577c,13,73,Normal
2026-02-08 12:41:43.483102,Tokyo-577c,18,20,Normal
2026-02-08 12:41:44.483102,Tokyo-577c,15,46,Normal
2026-02-08 12:41:45.483102,Tokyo-577c,8,57,Normal
2026-02-08 12:41:46.483102,Tokyo-577c,-3,83,Normal
2026-02-08 12:41:47.483102,Tokyo-577c,-13,87,Normal
2026-02-08 12:41:48.483102,Tokyo-577c,6,93,Normal
2026-02-08 12:41:49.483102,Tokyo-577c,-10,93,Normal
2026-02-08 12:41:50.483102,Tokyo-577c,42,3,Normal
2026-02-08 12:41:51.483102,Tokyo-577c,1,64,Normal
2026-02-08 12:41:52.483102,Tokyo-577c,-10,11,Normal
2026-02-08 12:41:53.483102,Tokyo-577c,-9,27,Normal
2026-02-08 12:41:54.483102,Tokyo-577c,-5,95,Normal
2026-02-08 12:41:55.483102,Tokyo-577c,-28,70,Normal
2026-02-08 12:41:56.483102,Tokyo-577c,6,20,Normal
2026-02-08 12:41:57.483102,Tokyo-577c,-2,16,Normal
2026-02-08 12:41:58.483102,Tokyo-577c,-5,5,Normal
2026-02-08 12:41:59.483102,Tokyo-577c,37,31,Normal
2026-02-08 12:42:00.483102,Tokyo-577c,32,28,Normal
2026-02-08 12:42:01.483102,Tokyo-577c,3,32,Normal
2026-02-08 12:42:02.483102,Tokyo-577c,-22,25,Normal
2026-02-08 12:42:03.483102,Tokyo-577c,-22,22,Normal
2026-02-08 12:42:04.483102,Tokyo-577c,50,22,Normal
2026-02-08 12:42:05.483102,Tokyo-577c,32,84,Normal
2026-02-08 12:42:06.483102,Tokyo-577c,7,49,Normal
2026-02-08 12:42:07.483102,Tokyo-577c,-1,34,Normal
2026-02-08 12:42:08.483102,Tokyo-577c,3,93,Normal
2026-02-08 12:42:09.483102,Tokyo-577c,39,96,Normal
2026-02-08 12:42:10.483102,Tokyo-577c,20,65,Normal
2026-02-08 12:42:11.483102,Tokyo-577c,-22,25,Normal
2026-02-08 12:42:12.483102,Tokyo-577c,4,69,Normal
2026-02-08 12:42:13.483102,Tokyo-577c,8,52,Normal
2026-02-08 12:42:14.483102,Tokyo-577c,-20,93,Normal
2026-02-08 12:42:15.483102,Tokyo-577c,41,35,Normal
2026-02-08 12:42:16.483102,Tokyo-577c,-23,74,Normal
2026-02-08 12:42:17.483102,Tokyo-577c,45,28,Normal
2026-02-08 12:42:18.483102,Tokyo-577c,-2,90,Normal
2026-02-08 12:42:19.483102,Tokyo-577c,47,40,Normal
2026-02-08 12:42:20.483102,Tokyo-577c,18,0,Normal
2026-02-08 12:42:21.483102,Tokyo-577c,-24,42,Normal
2026-02-08 12:42:22.483102,Tokyo-577c,10,56,Normal
2026-02-08 12:42:23.483102,Tokyo-577c,-28,1,Normal
2026-02-08 12:42:24.483102,Tokyo-577c,37,71,Normal
2026-02-08 12:42:25.483102,Tokyo-577c,23,27,Normal
2026-02-08 12:42:26.483102,Tokyo-577c,-30,15,Normal
2026-02-08 12:42:27.483102,Tokyo-577c,31,66,Normal
2026-02-08 12:42:28.483102,Tokyo-577c,7,85,Normal
2026-02-08 12:42:29.483102,Tokyo-577c,-28,37,Normal
2026-02-08 12:42:30.483102,Tokyo-577c,10,7,Normal
2026-02-08 12:42:31.483102,Tokyo-577c,-23,23,Normal
2026-02-08 12:42:32.483102,Tokyo-577c,45,57,Normal
2026-02-08 12:42:33.483102,Tokyo-577c,2,48,Normal
2026-02-08 12:42:34.483102,Tokyo-577c,-20,33,Normal
2026-02-08 12:42:35.483102,Tokyo-577c,-29,82,Normal
2026-02-08 12:42:36.483102,Tokyo-577c,24,68,Normal
2026-02-08 12:42:37.483102,Tokyo-577c,41,78,Normal
2026-02-08 12:42:38.483102,Tokyo-577c,-2,21,Normal
2026-02-08 12:42:39.483102,Tokyo-577c,34,40,Normal
2026-02-08 12:42:40.483102,Tokyo-577c,34,40,Normal
2026-02-08 12:42:41.483102,Tokyo-577c,29,60,Normal
2026-02-08 12:42:42.483102,Tokyo-577c,-14,30,Normal
2026-02-08 12:42:43.483102,Tokyo-577c,-26,68,Normal
2026-02-08 12:42:44.483102,Tokyo-577c,21,37,Normal
2026-02-08 12:42:45.483102,Tokyo-577c,-7,60,Normal
2026-02-08 12:42:46.483102,Tokyo-577c,39,61,Normal
2026-02-08 12:42:47.483102,Tokyo-577c,10,9,Normal
2026-02-08 12:42:48.483102,Tokyo-577c,-19,69,Normal
2026-02-08 12:42:49.483102,Tokyo-577c,11,3,Normal
2026-02-08 12:42:50.483102,Tokyo-577c,24,87,Normal
2026-02-08 12:42:51.483102,Tokyo-577c,-22,92,Normal
2026-02-08 12:42:52.483102,Tokyo-577c,31,27,Normal
2026-02-08 12:42:53.483102,Tokyo-577c,-17,30,Normal
2026-02-08 12:42:54.483102,Tokyo-577c,41,9,Normal
2026-02-08 12:42:55.483102,Tokyo-577c,-3,0,Normal
2026-02-08 12:42:56.483102,Tokyo-577c,4,27,Normal
2026-02-08 12:42:57.483102,Tokyo-577c,19,7,Normal
2026-02-08 12:42:58.483102,Tokyo-577c,11,41,Normal
2026-02-08 12:42:59.483102,Tokyo-577c,-16,21,Normal
2026-02-08 12:43:00.483102,Tokyo-577c,35,95,Normal
2026-02-08 12:43:01.483102,Tokyo-577c,-23,40,Normal
2026-02-08 12:43:02.483102,Tokyo-577c,-10,65,Normal
2026-02-08 12:43:03.483102,Tokyo-577c,39,80,Normal
2026-02-08 12:43:04.483102,Tokyo-577c,-19,100,Normal
2026-02-08 12:43:05.483102,Tokyo-577c,14,40,Normal
2026-02-08 12:43:06.483102,Tokyo-577c,33,21,Normal
2026-02-08 12:43:07.483102,Tokyo-577c,24,5,Normal
2026-02-08 12:43:08.483102,Tokyo-577c,-13,20,Normal
2026-02-08 12:43:09.483102,Tokyo-577c,30,42,Normal
2026-02-08 12:43:10.483102,Tokyo-577c,-23,37,Normal
2026-02-08 12:43:11.483102,Tokyo-577c,-21,26,Normal
2026-02-08 12:43:12.483102,Tokyo-577c,-19,50,Normal
2026-02-08 12:43:13.483102,Tokyo-577c,1,35,Normal
2026-02-08 12:43:14.483102,Tokyo-577c,-1,13,Normal
2026-02-08 12:43:15.483102,Tokyo-577c,34,31,Normal
2026-02-08 12:43:16.483102,Tokyo-577c,10,7,Normal
2026-02-08 12:43:17.483102,Tokyo-577c,35,51,Normal
2026-02-08 12:43:18.483102,Tokyo-577c,10,99,Normal
2026-02-08 12:43:19.483102,Tokyo-577c,-21,53,Normal
2026-02-08 12:43:20.483102,Tokyo-577c,-22,70,Normal
2026-02-08 12:43:21.483102,Tokyo-577c,37,87,Normal
2026-02-08 12:43:22.483102,Tokyo-577c,-19,55,Normal
2026-02-08 12:43:23.483102,Tokyo-577c,32,38,Normal
2026-02-08 12:43:24.483102,Tokyo-577c,39,89,Normal
2026-02-08 12:43:25.483102,Tokyo-577c,-18,85,Normal
2026-02-08 12:43:26.483102,Tokyo-577c,-13,96,Normal
2026-02-08 12:43:27.483102,Tokyo-577c,46,82,Normal
2026-02-08 12:43:28.483102,Tokyo-577c,12,44,Normal
2026-02-08 12:43:29.483102,Tokyo-577c,-22,61,Normal
2026-02-08 12:43:30.483102,Tokyo-577c,37,4,Normal
2026-02-08 12:43:31.483102,Tokyo-577c,-8,83,Normal
2026-02-08 12:43:32.483102,Tokyo-577c,-30,17,Normal
2026-02-08 12:43:33.483102,Tokyo-577c,49,90,Normal
2026-02-08 12:43:34.483102,Tokyo-577c,50,20,Normal
2026-02-08 12:43:35.483102,Tokyo-577c,25,24,Normal
2026-02-08 12:43:36.483102,Tokyo-577c,31,63,Normal
2026-02-08 12:43:37.483102,Tokyo-577c,-2,52,Normal
2026-02-08 12:43:38.483102,Tokyo-577c,-24,65,Normal
2026-02-08 12:43:39.483102,Tokyo-577c,30,48,Normal
2026-02-08 12:43:40.483102,Tokyo-577c,-10,43,Normal
2026-02-08 12:43:41.483102,Tokyo-577c,27,67,Normal
2026-02-08 12:43:42.483102,Tokyo-577c,18,5,Normal
2026-02-08 12:43:43.483102,Tokyo-577c,2,60,Normal
2026-02-08 12:43:44.483102,Tokyo-577c,14,53,Normal
2026-02-08 12:43:45.483102,Tokyo-577c,5,37,Normal
2026-02-08 12:43:46.483102,Tokyo-577c,44,68,Normal
2026-02-08 12:43:47.483102,Tokyo-577c,3,99,Normal
2026-02-08 12:43:48.483102,Tokyo-577c,-23,89,Normal
2026-02-08 12:43:49.483102,Tokyo-577c,-21,56,Normal
2026-02-08 12:43:50.483102,Tokyo-577c,5,93,Normal
2026-02-08 12:43:51.483102,Tokyo-577c,26,24,Normal
2026-02-08 12:43:52.483102,Tokyo-577c,17,22,Normal
2026-02-08 12:43:53.483102,Tokyo-577c,-7,62,Normal
2026-02-08 12:43:54.483102,Tokyo-577c,-8,1,Normal
2026-02-08 12:43:55.483102,Tokyo-577c,-16,87,Normal
2026-02-08 12:43:56.483102,Tokyo-577c,3,12,Normal
2026-02-08 12:43:57.483102,Tokyo-577c,14,24,Normal
2026-02-08 12:43:58.483102,Tokyo-577c,-15,42,Normal
2026-02-08 12:43:59.483102,Tokyo-577c,27,5,Normal
2026-02-08 12:44:00.483102,Tokyo-577c,25,61,Normal
2026-02-08 12:44:01.483102,Tokyo-577c,-4,61,Normal
2026-02-08 12:44:02.483102,Tokyo-577c,21,90,Normal
2026-02-08 12:44:03.483102,Tokyo-577c,-22,93,Normal
2026-02-08 12:44:04.483102,Tokyo-577c,19,47,Normal
2026-02-08 12:44:05.483102,Tokyo-577c,10,56,Normal
2026-02-08 12:44:06.483102,Tokyo-577c,-22,34,Normal
2026-02-08 12:44:07.483102,Tokyo-577c,7,94,Normal
2026-02-08 12:44:08.483102,Tokyo-577c,11,25,Normal
2026-02-08 12:44:09.483102,Tokyo-577c,-28,27,Normal
2026-02-08 12:44:10.483102,Tokyo-577c,-22,96,Normal
2026-02-08 12:44:11.483102,Tokyo-577c,-14,33,Normal
2026-02-08 12:44:12.483102,Tokyo-577c,10,79,Normal
2026-02-08 12:44:13.483102,Tokyo-577c,33,98,Normal
2026-02-08 12:44:14.483102,Tokyo-577c,4,95,Normal
2026-02-08 12:44:15.483102,Tokyo-577c,49,44,Normal
2026-02-08 12:44:16.483102,Tokyo-577c,40,64,Normal
2026-02-08 12:44:17.483102,Tokyo-577c,46,86,Normal
2026-02-08 12:44:18.483102,Tokyo-577c,48,22,Normal
2026-02-08 12:44:19.483102,Tokyo-577c,45,28,Normal
2026-02-08 12:44:20.483102,Tokyo-577c,19,48,Normal
2026-02-08 12:44:21.483102,Tokyo-577c,47,71,Normal
2026-02-08 12:44:22.483102,Tokyo-577c,-7,41,Normal
2026-02-08 12:44:23.483102,Tokyo-577c,-3,73,Normal
2026-02-08 12:44:24.483102,Tokyo-577c,0,30,Normal
2026-02-08 12:44:25.483102,Tokyo-577c,-21,40,Normal
2026-02-08 12:44:26.483102,Tokyo-577c,38,45,Normal
2026-02-08 12:44:27.483102,Tokyo-577c,41,9,Normal
2026-02-08 12:44:28.483102,Tokyo-577c,-20,89,Normal
2026-02-08 12:44:29.483102,Tokyo-577c,49,36,Normal
2026-02-08 12:44:30.483102,Tokyo-577c,-28,61,Normal
2026-02-08 12:44:31.483102,Tokyo-577c,36,10,Normal
2026-02-08 12:44:32.483102,Tokyo-577c,16,17,Normal
2026-02-08 12:44:33.483102,Tokyo-577c,-28,12,Normal
2026-02-08 12:44:34.483102,Tokyo-577c,10,53,Normal
2026-02-08 12:44:35.483102,Tokyo-577c,-11,58,Normal
2026-02-08 12:44:36.483102,Tokyo-577c,49,23,Normal
2026-02-08 12:44:37.483102,Tokyo-577c,38,2,Normal
2026-02-08 12:44:38.483102,Tokyo-577c,1,35,Normal
2026-02-08 12:44:39.483102,Tokyo-577c,2,44,Normal
2026-02-08 12:44:40.483102,Tokyo-577c,-22,60,Normal
2026-02-08 12:44:41.483102,Tokyo-577c,18,70,Normal
2026-02-08 12:44:42.483102,Tokyo-577c,-4,89,Normal
2026-02-08 12:44:43.483102,Tokyo-577c,-23,5,Normal
2026-02-08 12:44:44.483102,Tokyo-577c,-5,24,Normal
2026-02-08 12:44:45.483102,Tokyo-577c,44,28,Normal
2026-02-08 12:44:46.483102,Tokyo-577c,-7,67,Normal
2026-02-08 12:44:47.483102,Tokyo-577c,-26,9,Normal
2026-02-08 12:44:48.483102,Tokyo-577c,2,19,Normal
2026-02-08 12:44:49.483102,Tokyo-577c,21,50,Normal
2026-02-08 12:44:50.483102,Tokyo-577c,15,45,Normal
2026-02-08 12:44:51.483102,Tokyo-577c,20,79,Normal
2026-02-08 12:44:52.483102,Tokyo-577c,-4,84,Normal
2026-02-08 12:44:53.483102,Tokyo-577c,42,50,Normal
2026-02-08 12:44:54.483102,Tokyo-577c,-25,93,Normal
2026-02-08 12:44:55.483102,Tokyo-577c,19,6,Normal
2026-02-08 12:44:56.483102,Tokyo-577c,-14,100,Normal
2026-02-08 12:44:57.483102,Tokyo-577c,6,5,Normal
2026-02-08 12:44:58.483102,Tokyo-577c,21,74,Normal
2026-02-08 12:44:59.483102,Tokyo-577c,12,38,Normal
2026-02-08 12:45:00.483102,Tokyo-577c,50,24,Normal
2026-02-08 12:45:01.483102,Tokyo-577c,8,26,Normal
2026-02-08 12:45:02.483102,Tokyo-577c,-6,67,Normal
2026-02-08 12:45:03.483102,Tokyo-577c,46,31,Normal
2026-02-08 12:45:04.483102,Tokyo-577c,29,59,Normal
2026-02-08 12:45:05.483102,Tokyo-577c,-13,68,Normal
2026-02-08 12:45:06.483102,Tokyo-577c,25,13,Normal
2026-02-08 12:45:07.483102,Tokyo-577c,17,11,Normal
2026-02-08 12:45:08.483102,Tokyo-577c,37,32,Normal
2026-02-08 12:45:09.483102,Tokyo-577c,35,67,Normal
2026-02-08 12:45:10.483102,Tokyo-577c,-1,7,Normal
2026-02-08 12:45:11.483102,Tokyo-577c,-13,6,Normal
2026-02-08 12:45:12.483102,Tokyo-577c,37,71,Normal
2026-02-08 12:45:13.483102,Tokyo-577c,50,76,Normal
2026-02-08 12:45:14.483102,Tokyo-577c,-25,42,Normal
2026-02-08 12:45:15.483102,Tokyo-577c,14,63,Normal
2026-02-08 12:45:16.483102,Tokyo-577c,-11,9,Normal
2026-02-08 12:45:17.483102,Tokyo-577c,-9,82,Normal
2026-02-08 12:45:18.483102,Tokyo-577c,5,76,Normal
2026-02-08 12:45:19.483102,Tokyo-577c,10,44,Normal
2026-02-08 12:45:20.483102,Tokyo-577c,-12,2,Normal
2026-02-08 12:45:21.483102,Tokyo-577c,-26,37,Normal
2026-02-08 12:45:22.483102,Tokyo-577c,-26,44,Normal
2026-02-08 12:45:23.483102,Tokyo-577c,42,60,Normal
2026-02-08 12:45:24.483102,Tokyo-577c,-27,80,Normal
2026-02-08 12:45:25.483102,Tokyo-577c,27,52,Normal
2026-02-08 12:45:26.483102,Tokyo-577c,-17,41,Normal
2026-02-08 12:45:27.483102,Tokyo-577c,19,57,Normal
2026-02-08 12:45:28.483102,Tokyo-577c,-30,54,Normal
2026-02-08 12:45:29.483102,Tokyo-577c,-13,82,Normal
2026-02-08 12:45:30.483102,Tokyo-577c,-4,77,Normal
2026-02-08 12:45:31.483102,Tokyo-577c,48,92,Normal
2026-02-08 12:45:32.483102,Tokyo-577c,-22,79,Normal
2026-02-08 12:45:33.483102,Tokyo-577c,46,13,Normal
2026-02-08 12:45:34.483102,Tokyo-577c,16,26,Normal
2026-02-08 12:45:35.483102,Tokyo-577c,-18,62,Normal
2026-02-08 12:45:36.483102,Tokyo-577c,-3,62,Normal
2026-02-08 12:45:37.483102,Tokyo-577c,40,6,Normal
2026-02-08 12:45:38.483102,Tokyo-577c,-28,76,Normal
2026-02-08 12:45:39.483102,Tokyo-577c,4,19,Normal
2026-02-08 12:45:40.483102,Tokyo-577c,-10,81,Normal
2026-02-08 12:45:41.483102,Tokyo-577c,41,32,Normal
2026-02-08 12:45:42.483102,Tokyo-577c,28,36,Normal
2026-02-08 12:45:43.483102,Tokyo-577c,38,2,Normal
2026-02-08 12:45:44.483102,Tokyo-577c,29,3,Normal
2026-02-08 12:45:45.483102,Tokyo-577c,28,48,Normal
2026-02-08 12:45:46.483102,Tokyo-577c,20,19,Normal
2026-02-08 12:45:47.483102,Tokyo-577c,-19,1,Normal
2026-02-08 12:45:48.483102,Tokyo-577c,12,5,Normal
2026-02-08 12:45:49.483102,Tokyo-577c,0,70,Normal
2026-02-08 12:45:50.483102,Tokyo-577c,3,66,Normal
2026-02-08 12:45:51.483102,Tokyo-577c,-28,87,Normal
2026-02-08 12:45:52.483102,Tokyo-577c,-1,33,Normal
2026-02-08 12:45:53.483102,Tokyo-577c,23,13,Normal
2026-02-08 12:45:54.483102,Tokyo-577c,3,62,Normal
2026-02-08 12:45:55.483102,Tokyo-577c,-14,77,Normal
2026-02-08 12:45:56.483102,Tokyo-577c,11,23,Normal
2026-02-08 12:45:57.483102,Tokyo-577c,44,60,Normal
2026-02-08 12:45:58.483102,Tokyo-577c,25,75,Normal
2026-02-08 12:45:59.483102,Tokyo-577c,40,38,Normal
2026-02-08 12:46:00.483102,Tokyo-577c,43,9,Normal
2026-02-08 12:46:01.483102,Tokyo-577c,44,75,Normal
2026-02-08 12:46:02.483102,Tokyo-577c,34,77,Normal
2026-02-08 12:46:03.483102,Tokyo-577c,-19,90,Normal
2026-02-08 12:46:04.483102,Tokyo-577c,-12,79,Normal
2026-02-08 12:46:05.483102,Tokyo-577c,-29,71,Normal
2026-02-08 12:46:06.483102,Tokyo-577c,-24,36,Normal
2026-02-08 12:46:07.483102,Tokyo-577c,12,42,Normal
2026-02-08 12:46:08.483102,Tokyo-577c,18,82,Normal
2026-02-08 12:46:09.483102,Tokyo-577c,17,8,Normal
2026-02-08 12:46:10.483102,Tokyo-577c,25,72,Normal
2026-02-08 12:46:11.483102,Tokyo-577c,38,98,Normal
2026-02-08 12:46:12.483102,Tokyo-577c,41,24,Normal
2026-02-08 12:46:13.483102,Tokyo-577c,-21,70,Normal
2026-02-08 12:46:14.483102,Tokyo-577c,2,60,Normal
2026-02-08 12:46:15.483102,Tokyo-577c,39,60,Normal
2026-02-08 12:46:16.483102,Tokyo-577c,-22,91,Normal
2026-02-08 12:46:17.483102,Tokyo-577c,-23,90,Normal
2026-02-08 12:46:18.483102,Tokyo-577c,7,21,Normal
2026-02-08 12:46:19.483102,Tokyo-577c,43,52,Normal
2026-02-08 12:46:20.483102,Tokyo-577c,-8,100,Normal
2026-02-08 12:46:21.483102,Tokyo-577c,24,7,Normal
2026-02-08 12:46:22.483102,Tokyo-577c,-6,97,Normal
2026-02-08 12:46:23.483102,Tokyo-577c,48,18,Normal
2026-02-08 12:46:24.483102,Tokyo-577c,-23,38,Normal
2026-02-08 12:46:25.483102,Tokyo-577c,14,84,Normal
2026-02-08 12:46:26.483102,Tokyo-577c,5,6,Normal
2026-02-08 12:46:27.483102,Tokyo-577c,3,81,Normal
2026-02-08 12:46:28.483102,Tokyo-577c,46,20,Normal
2026-02-08 12:46:29.483102,Tokyo-577c,25,55,Normal
2026-02-08 12:46:30.483102,Tokyo-577c,-24,77,Normal
2026-02-08 12:46:31.483102,Tokyo-577c,29,88,Normal
2026-02-08 12:46:32.483102,Tokyo-577c,7,54,Normal
2026-02-08 12:46:33.483102,Tokyo-577c,42,25,Normal
2026-02-08 12:46:34.483102,Tokyo-577c,-28,23,Normal
2026-02-08 12:46:35.483102,Tokyo-577c,-6,52,Normal
2026-02-08 12:46:36.483102,Tokyo-577c,24,19,Normal
2026-02-08 12:46:37.483102,Tokyo-577c,-18,68,Normal
2026-02-08 12:46:38.483102,Tokyo-577c,16,3,Normal
2026-02-08 12:46:39.483102,Tokyo-577c,-7,76,Normal
2026-02-08 12:46:40.483102,Tokyo-577c,12,23,Normal
2026-02-08 12:46:41.483102,Tokyo-577c,37,35,Normal
2026-02-08 12:46:42.483102,Tokyo-577c,50,15,Normal
2026-02-08 12:46:43.483102,Tokyo-577c,-18,8,Normal
2026-02-08 12:46:44.483102,Tokyo-577c,-1,40,Normal
2026-02-08 12:46:45.483102,Tokyo-577c,-22,93,Normal
2026-02-08 12:46:46.483102,Tokyo-577c,-5,83,Normal
2026-02-08 12:46:47.483102,Tokyo-577c,-12,57,Normal
2026-02-08 12:46:48.483102,Tokyo-577c,41,21,Normal
2026-02-08 12:46:49.483102,Tokyo-577c,10,61,Normal
2026-02-08 12:46:50.483102,Tokyo-577c,24,18,Normal
2026-02-08 12:46:51.483102,Tokyo-577c,-12,69,Normal
2026-02-08 12:46:52.483102,Tokyo-577c,-1,34,Normal
2026-02-08 12:46:53.483102,Tokyo-577c,18,59,Normal
2026-02-08 12:46:54.483102,Tokyo-577c,31,37,Normal
2026-02-08 12:46:55.483102,Tokyo-577c,38,24,Normal
2026-02-08 12:46:56.483102,Tokyo-577c,-3,22,Normal
2026-02-08 12:46:57.483102,Tokyo-577c,42,63,Normal
2026-02-08 12:46:58.483102,Tokyo-577c,41,56,Normal
2026-02-08 12:46:59.483102,Tokyo-577c,-25,10,Normal
2026-02-08 12:47:00.483102,Tokyo-577c,9,99,Normal
2026-02-08 12:47:01.483102,Tokyo-577c,-28,75,Normal
2026-02-08 12:47:02.483102,Tokyo-577c,32,23,Normal
2026-02-08 12:47:03.483102,Tokyo-577c,-3,2,Normal
2026-02-08 12:47:04.483102,Tokyo-577c,40,52,Normal
2026-02-08 12:47:05.483102,Tokyo-577c,23,79,Normal
2026-02-08 12:47:06.483102,Tokyo-577c,-12,26,Normal
2026-02-08 12:47:07.483102,Tokyo-577c,5,71,Normal
2026-02-08 12:47:08.483102,Tokyo-577c,14,3,Normal
2026-02-08 12:47:09.483102,Tokyo-577c,-30,83,Normal
2026-02-08 12:47:10.483102,Tokyo-577c,42,8,Normal
2026-02-08 12:47:11.483102,Tokyo-577c,25,32,Normal
2026-02-08 12:47:12.483102,Tokyo-577c,42,49,Normal
2026-02-08 12:47:13.483102,Tokyo-577c,22,0,Normal
2026-02-08 12:47:14.483102,Tokyo-577c,-15,49,Normal
2026-02-08 12:47:15.483102,Tokyo-577c,22,79,Normal
2026-02-08 12:47:16.483102,Tokyo-577c,-15,12,Normal
2026-02-08 12:47:17.483102,Tokyo-577c,-21,29,Normal
2026-02-08 12:47:18.483102,Tokyo-577c,42,36,Normal
2026-02-08 12:47:19.483102,Tokyo-577c,-16,45,Normal
2026-02-08 12:47:20.483102,Tokyo-577c,-10,89,Normal
2026-02-08 12:47:21.483102,Tokyo-577c,4,77,Normal
2026-02-08 12:47:22.483102,Tokyo-577c,-28,6,Normal
2026-02-08 12:47:23.483102,Tokyo-577c,5,54,Normal
2026-02-08 12:47:24.483102,Tokyo-577c,-5,24,Normal
2026-02-08 12:47:25.483102,Tokyo-577c,-10,35,Normal
2026-02-08 12:47:26.483102,Tokyo-577c,22,6,Normal
2026-02-08 12:47:27.483102,Tokyo-577c,35,52,Normal
2026-02-08 12:47:28.483102,Tokyo-577c,30,4,Normal
2026-02-08 12:47:29.483102,Tokyo-577c,7,89,Normal
2026-02-08 12:47:30.483102,Tokyo-577c,24,59,Normal
2026-02-08 12:47:31.483102,Tokyo-577c,-28,50,Normal
2026-02-08 12:47:32.483102,Tokyo-577c,20,51,Normal
2026-02-08 12:47:33.483102,Tokyo-577c,-30,55,Normal
2026-02-08 12:47:34.483102,Tokyo-577c,-7,57,Normal
2026-02-08 12:47:35.483102,Tokyo-577c,-7,4,Normal
2026-02-08 12:47:36.483102,Tokyo-577c,-24,60,Normal
2026-02-08 12:47:37.483102,Tokyo-577c,11,71,Normal
2026-02-08 12:47:38.483102,Tokyo-577c,-14,21,Normal
2026-02-08 12:47:39.483102,Tokyo-577c,-30,61,Normal
2026-02-08 12:47:40.483102,Tokyo-577c,47,96,Normal
2026-02-08 12:47:41.483102,Tokyo-577c,50,3,Normal
2026-02-08 12:47:42.483102,Tokyo-577c,-6,21,Normal
2026-02-08 12:47:43.483102,Tokyo-577c,13,83,Normal
2026-02-08 12:47:44.483102,Tokyo-577c,-6,7,Normal
2026-02-08 12:47:45.483102,Tokyo-577c,36,30,Normal
2026-02-08 12:47:46.483102,Tokyo-577c,-8,46,Normal
2026-02-08 12:47:47.483102,Tokyo-577c,4,100,Normal
2026-02-08 12:47:48.483102,Tokyo-577c,19,18,Normal
2026-02-08 12:47:49.483102,Tokyo-577c,33,0,Normal
2026-02-08 12:47:50.483102,Tokyo-577c,-27,17,Normal
2026-02-08 12:47:51.483102,Tokyo-577c,22,39,Normal
2026-02-08 12:47:52.483102,Tokyo-577c,36,21,Normal
2026-02-08 12:47:53.483102,Tokyo-577c,48,18,Normal
2026-02-08 12:47:54.483102,Tokyo-577c,-14,67,Normal
2026-02-08 12:47:55.483102,Tokyo-577c,47,85,Normal
2026-02-08 12:47:56.483102,Tokyo-577c,42,8,Normal
2026-02-08 12:47:57.483102,Tokyo-577c,41,99,Normal
2026-02-08 12:47:58.483102,Tokyo-577c,-4,98,Normal
2026-02-08 12:47:59.483102,Tokyo-577c,25,86,Normal
2026-02-08 12:48:00.483102,Tokyo-577c,33,16,Normal
2026-02-08 12:48:01.483102,Tokyo-577c,-13,12,Normal
2026-02-08 12:48:02.483102,Tokyo-577c,27,88,Normal
2026-02-08 12:48:03.483102,Tokyo-577c,50,49,Normal
2026-02-08 12:48:04.483102,Tokyo-577c,-4,36,Normal
2026-02-08 12:48:05.483102,Tokyo-577c,-29,9,Normal
2026-02-08 12:48:06.483102,Tokyo-577c,11,26,Normal
2026-02-08 12:48:07.483102,Tokyo-577c,-15,50,Normal
2026-02-08 12:48:08.483102,Tokyo-577c,-19,79,Normal
2026-02-08 12:48:09.483102,Tokyo-577c,28,0,Normal
2026-02-08 12:48:10.483102,Tokyo-577c,37,7,Normal
2026-02-08 12:48:11.483102,Tokyo-577c,33,9,Normal
2026-02-08 12:48:12.483102,Tokyo-577c,2,70,Normal
2026-02-08 12:48:13.483102,Tokyo-577c,21,18,Normal
2026-02-08 12:48:14.483102,Tokyo-577c,-6,10,Normal
2026-02-08 12:48:15.483102,Tokyo-577c,-22,58,Normal
2026-02-08 12:48:16.483102,Tokyo-577c,48,39,Normal
2026-02-08 12:48:17.483102,Tokyo-577c,30,47,Normal
2026-02-08 12:48:18.483102,Tokyo-577c,28,60,Normal
2026-02-08 12:48:19.483102,Tokyo-577c,-28,57,Normal
2026-02-08 12:48:20.483102,Tokyo-577c,32,38,Normal
2026-02-08 12:48:21.483102,Tokyo-577c,-3,26,Normal
2026-02-08 12:48:22.483102,Tokyo-577c,43,15,Normal
2026-02-08 12:48:23.483102,Tokyo-577c,39,76,Normal
2026-02-08 12:48:24.483102,Tokyo-577c,17,40,Normal
2026-02-08 12:48:25.483102,Tokyo-577c,15,33,Normal
2026-02-08 12:48:26.483102,Tokyo-577c,6,51,Normal
2026-02-08 12:48:27.483102,Tokyo-577c,34,66,Normal
2026-02-08 12:48:28.483102,Tokyo-577c,15,43,Normal
2026-02-08 12:48:29.483102,Tokyo-577c,12,71,Normal
2026-02-08 12:48:30.483102,Tokyo-577c,49,78,Normal
2026-02-08 12:48:31.483102,Tokyo-577c,34,42,Normal
2026-02-08 12:48:32.483102,Tokyo-577c,-6,91,Normal
2026-02-08 12:48:33.483102,Tokyo-577c,31,44,Normal
2026-02-08 12:48:34.483102,Tokyo-577c,-13,14,Normal
2026-02-08 12:48:35.483102,Tokyo-577c,-8,59,Normal
2026-02-08 12:48:36.483102,Tokyo-577c,19,80,Normal
2026-02-08 12:48:37.483102,Tokyo-577c,6,29,Normal
2026-02-08 12:48:38.483102,Tokyo-577c,10,94,Normal
2026-02-08 12:48:39.483102,Tokyo-577c,-9,84,Normal
2026-02-08 12:48:40.483102,Tokyo-577c,26,91,Normal
2026-02-08 12:48:41.483102,Tokyo-577c,-1,20,Normal
2026-02-08 12:48:42.483102,Tokyo-577c,1,14,Normal
2026-02-08 12:48:43.483102,Tokyo-577c,34,77,Normal
2026-02-08 12:48:44.483102,Tokyo-577c,45,69,Normal
2026-02-08 12:48:45.483102,Tokyo-577c,-25,97,Normal
2026-02-08 12:48:46.483102,Tokyo-577c,-25,49,Normal
2026-02-08 12:48:47.483102,Tokyo-577c,41,81,Normal
2026-02-08 12:48:48.483102,Tokyo-577c,-7,46,Normal
2026-02-08 12:48:49.483102,Tokyo-577c,10,19,Normal
2026-02-08 12:48:50.483102,Tokyo-577c,50,38,Normal
2026-02-08 12:48:51.483102,Tokyo-577c,-23,24,Normal
2026-02-08 12:48:52.483102,Tokyo-577c,23,73,Normal
2026-02-08 12:48:53.483102,Tokyo-577c,-26,63,Normal
2026-02-08 12:48:54.483102,Tokyo-577c,-2,8,Normal
2026-02-08 12:48:55.483102,Tokyo-577c,39,23,Normal
2026-02-08 12:48:56.483102,Tokyo-577c,21,61,Normal
2026-02-08 12:48:57.483102,Tokyo-577c,-26,26,Normal
2026-02-08 12:48:58.483102,Tokyo-577c,-17,45,Normal
2026-02-08 12:48:59.483102,Tokyo-577c,24,77,Normal
2026-02-08 12:49:00.483102,Tokyo-577c,-2,35,Normal
2026-02-08 12:49:01.483102,Tokyo-577c,17,96,Normal
2026-02-08 12:49:02.483102,Tokyo-577c,3,7,Normal
2026-02-08 12:49:03.483102,Tokyo-577c,-10,69,Normal
2026-02-08 12:49:04.483102,Tokyo-577c,33,18,Normal
2026-02-08 12:49:05.483102,Tokyo-577c,-17,68,Normal
2026-02-08 12:49:06.483102,Tokyo-577c,14,87,Normal
2026-02-08 12:49:07.483102,Tokyo-577c,26,33,Normal
2026-02-08 12:49:08.483102,Tokyo-577c,14,90,Normal
2026-02-08 12:49:09.483102,Tokyo-577c,25,4,Normal
2026-02-08 12:49:10.483102,Tokyo-577c,42,9,Normal
2026-02-08 12:49:11.483102,Tokyo-577c,-6,14,Normal
2026-02-08 12:49:12.483102,Tokyo-577c,-5,8,Normal
2026-02-08 12:49:13.483102,Tokyo-577c,47,78,Normal
2026-02-08 12:49:14.483102,Tokyo-577c,19,6,Normal
2026-02-08 12:49:15.483102,Tokyo-577c,9,88,Normal
2026-02-08 12:49:16.483102,Tokyo-577c,44,71,Normal
2026-02-08 12:49:17.483102,Tokyo-577c,29,15,Normal
2026-02-08 12:49:18.483102,Tokyo-577c,-17,66,Normal
2026-02-08 12:49:19.483102,Tokyo-577c,24,71,Normal
2026-02-08 12:49:20.483102,Tokyo-577c,-13,22,Normal
2026-02-08 12:49:21.483102,Tokyo-577c,-10,92,Normal
2026-02-08 12:49:22.483102,Tokyo-577c,-21,23,Normal
2026-02-08 12:49:23.483102,Tokyo-577c,-24,33,Normal
2026-02-08 12:49:24.483102,Tokyo-577c,44,80,Normal
2026-02-08 12:49:25.483102,Tokyo-577c,-20,35,Normal
2026-02-08 12:49:26.483102,Tokyo-577c,43,93,Normal
2026-02-08 12:49:27.483102,Tokyo-577c,-8,61,Normal
2026-02-08 12:49:28.483102,Tokyo-577c,-10,88,Normal
2026-02-08 12:49:29.483102,Tokyo-577c,25,80,Normal
2026-02-08 12:49:30.483102,Tokyo-577c,-14,85,Normal
2026-02-08 12:49:31.483102,Tokyo-577c,-16,84,Normal
2026-02-08 12:49:32.483102,Tokyo-577c,-16,20,Normal
2026-02-08 12:49:33.483102,Tokyo-577c,18,33,Normal
2026-02-08 12:49:34.483102,Tokyo-577c,0,72,Normal
2026-02-08 12:49:35.483102,Tokyo-577c,14,47,Normal
2026-02-08 12:49:36.483102,Tokyo-577c,38,2,Normal
2026-02-08 12:49:37.483102,Tokyo-577c,-28,21,Normal
2026-02-08 12:49:38.483102,Tokyo-577c,12,77,Normal
2026-02-08 12:49:39.483102,Tokyo-577c,34,79,Normal
2026-02-08 12:49:40.483102,Tokyo-577c,-21,73,Normal
2026-02-08 12:49:41.483102,Tokyo-577c,30,24,Normal
2026-02-08 12:49:42.483102,Tokyo-577c,-17,89,Normal
2026-02-08 12:49:43.483102,Tokyo-577c,-2,97,Normal
2026-02-08 12:49:44.483102,Tokyo-577c,-13,25,Normal
2026-02-08 12:49:45.483102,Tokyo-577c,8,56,Normal
2026-02-08 12:49:46.483102,Tokyo-577c,18,17,Normal
2026-02-08 12:49:47.483102,Tokyo-577c,-26,61,Normal
2026-02-08 12:49:48.483102,Tokyo-577c,48,82,Normal
2026-02-08 12:49:49.483102,Tokyo-577c,-21,10,Normal
2026-02-08 12:49:50.483102,Tokyo-577c,37,67,Normal
2026-02-08 12:49:51.483102,Tokyo-577c,-18,69,Normal
2026-02-08 12:49:52.483102,Tokyo-577c,-25,100,Normal
2026-02-08 12:49:53.483102,Tokyo-577c,-29,47,Normal
2026-02-08 12:49:54.483102,Tokyo-577c,9,52,Normal
2026-02-08 12:49:55.483102,Tokyo-577c,-13,80,Normal
2026-02-08 12:49:56.483102,Tokyo-577c,-12,98,Normal
2026-02-08 12:49:57.483102,Tokyo-577c,30,40,Normal
2026-02-08 12:49:58.483102,Tokyo-577c,14,46,Normal
2026-02-08 12:49:59.483102,Tokyo-577c,49,99,Normal
2026-02-08 12:50:00.483102,Tokyo-577c,12,57,Normal
2026-02-08 12:50:01.483102,Tokyo-577c,-4,13,Normal
2026-02-08 12:50:02.483102,Tokyo-577c,-2,30,Normal
2026-02-08 12:50:03.483102,Tokyo-577c,39,100,Normal
2026-02-08 12:50:04.483102,Tokyo-577c,20,73,Normal
2026-02-08 12:50:05.483102,Tokyo-577c,21,67,Normal
2026-02-08 12:50:06.483102,Tokyo-577c,13,61,Normal
2026-02-08 12:50:07.483102,Tokyo-577c,-23,49,Normal
2026-02-08 12:50:08.483102,Tokyo-577c,-5,8,Normal
2026-02-08 12:50:09.483102,Tokyo-577c,46,83,Normal
2026-02-08 12:50:10.483102,Tokyo-577c,-23,97,Normal
2026-02-08 12:50:11.483102,Tokyo-577c,6,79,Normal
2026-02-08 12:50:12.483102,Tokyo-577c,0,1,Normal
2026-02-08 12:50:13.483102,Tokyo-577c,32,76,Normal
2026-02-08 12:50:14.483102,Tokyo-577c,48,66,Normal
2026-02-08 12:50:15.483102,Tokyo-577c,37,9,Normal
2026-02-08 12:50:16.483102,Tokyo-577c,-29,8,Normal
2026-02-08 12:50:17.483102,Tokyo-577c,20,95,Normal
2026-02-08 12:50:18.483102,Tokyo-577c,38,20,Normal
2026-02-08 12:50:19.483102,Tokyo-577c,21,58,Normal
2026-02-08 12:50:20.483102,Tokyo-577c,-4,85,Normal
2026-02-08 12:50:21.483102,Tokyo-577c,14,17,Normal
2026-02-08 12:50:22.483102,Tokyo-577c,-13,45,Normal
2026-02-08 12:50:23.483102,Tokyo-577c,-5,0,Normal
2026-02-08 12:50:24.483102,Tokyo-577c,-14,40,Normal
2026-02-08 12:50:25.483102,Tokyo-577c,-14,78,Normal
2026-02-08 12:50:26.483102,Tokyo-577c,14,6,Normal
2026-02-08 12:50:27.483102,Tokyo-577c,-6,76,Normal
2026-02-08 12:50:28.483102,Tokyo-577c,41,41,Normal
2026-02-08 12:50:29.483102,Tokyo-577c,46,81,Normal
2026-02-08 12:50:30.483102,Tokyo-577c,11,8,Normal
2026-02-08 12:50:31.483102,Tokyo-577c,-19,17,Normal
2026-02-08 12:50:32.483102,Tokyo-577c,5,68,Normal
2026-02-08 12:50:33.483102,Tokyo-577c,-3,84,Normal
2026-02-08 12:50:34.483102,Tokyo-577c,-13,71,Normal
2026-02-08 12:50:35.483102,Tokyo-577c,-11,21,Normal
2026-02-08 12:50:36.483102,Tokyo-577c,-10,69,Normal
2026-02-08 12:50:37.483102,Tokyo-577c,47,55,Normal
2026-02-08 12:50:38.483102,Tokyo-577c,37,28,Normal
2026-02-08 12:50:39.483102,Tokyo-577c,6,53,Normal
2026-02-08 12:50:40.483102,Tokyo-577c,27,13,Normal
2026-02-08 12:50:41.483102,Tokyo-577c,17,41,Normal
2026-02-08 12:50:42.483102,Tokyo-577c,26,78,Normal
2026-02-08 12:50:43.483102,Tokyo-577c,40,67,Normal
2026-02-08 12:50:44.483102,Tokyo-577c,43,41,Normal
2026-02-08 12:50:45.483102,Tokyo-577c,2,66,Normal
2026-02-08 12:50:46.483102,Tokyo-577c,9,7,Normal
2026-02-08 12:50:47.483102,Tokyo-577c,26,63,Normal
2026-02-08 12:50:48.483102,Tokyo-577c,37,37,Normal
2026-02-08 12:50:49.483102,Tokyo-577c,15,59,Normal
2026-02-08 12:50:50.483102,Tokyo-577c,28,64,Normal
2026-02-08 12:50:51.483102,Tokyo-577c,-19,54,Normal
2026-02-08 12:50:52.483102,Tokyo-577c,33,60,Normal
2026-02-08 12:50:53.483102,Tokyo-577c,-11,95,Normal
2026-02-08 12:50:54.483102,Tokyo-577c,12,26,Normal
2026-02-08 12:50:55.483102,Tokyo-577c,18,41,Normal
2026-02-08 12:50:56.483102,Tokyo-577c,8,87,Normal
2026-02-08 12:50:57.483102,Tokyo-577c,15,75,Normal
2026-02-08 12:50:58.483102,Tokyo-577c,28,89,Normal
2026-02-08 12:50:59.483102,Tokyo-577c,-28,49,Normal
2026-02-08 12:51:00.483102,Tokyo-577c,14,18,Normal
2026-02-08 12:51:01.483102,Tokyo-577c,5,42,Normal
2026-02-08 12:51:02.483102,Tokyo-577c,13,50,Normal
2026-02-08 12:51:03.483102,Tokyo-577c,1,55,Normal
2026-02-08 12:51:04.483102,Tokyo-577c,4,0,Normal
2026-02-08 12:51:05.483102,Tokyo-577c,7,67,Normal
2026-02-08 12:51:06.483102,Tokyo-577c,-18,59,Normal
2026-02-08 12:51:07.483102,Tokyo-577c,-5,35,Normal
2026-02-08 12:51:08.483102,Tokyo-577c,29,45,Normal
2026-02-08 12:51:09.483102,Tokyo-577c,-2,62,Normal
2026-02-08 12:51:10.483102,Tokyo-577c,-16,11,Normal
2026-02-08 12:51:11.483102,Tokyo-577c,-21,88,Normal
2026-02-08 12:51:12.483102,Tokyo-577c,3,88,Normal
2026-02-08 12:51:13.483102,Tokyo-577c,-5,17,Normal
2026-02-08 12:51:14.483102,Tokyo-577c,-1,88,Normal
2026-02-08 12:51:15.483102,Tokyo-577c,46,37,Normal
2026-02-08 12:51:16.483102,Tokyo-577c,46,26,Normal
2026-02-08 12:51:17.483102,Tokyo-577c,15,39,Normal
2026-02-08 12:51:18.483102,Tokyo-577c,-22,20,Normal
2026-02-08 12:51:19.483102,Tokyo-577c,-28,45,Normal
2026-02-08 12:51:20.483102,Tokyo-577c,25,51,Normal
2026-02-08 12:51:21.483102,Tokyo-577c,27,86,Normal
2026-02-08 12:51:22.483102,Tokyo-577c,41,67,Normal
2026-02-08 12:51:23.483102,Tokyo-577c,26,94,Normal
2026-02-08 12:51:24.483102,Tokyo-577c,22,24,Normal
2026-02-08 12:51:25.483102,Tokyo-577c,-5,97,Normal
2026-02-08 12:51:26.483102,Tokyo-577c,44,16,Normal
2026-02-08 12:51:27.483102,Tokyo-577c,33,92,Normal
2026-02-08 12:51:28.483102,Tokyo-577c,-9,78,Normal
2026-02-08 12:51:29.483102,Tokyo-577c,9,28,Normal
2026-02-08 12:51:30.483102,Tokyo-577c,-9,33,Normal
2026-02-08 12:51:31.483102,Tokyo-577c,34,78,Normal
2026-02-08 12:51:32.483102,Tokyo-577c,20,33,Normal
2026-02-08 12:51:33.483102,Tokyo-577c,14,13,Normal
2026-02-08 12:51:34.483102,Tokyo-577c,1,72,Normal
2026-02-08 12:51:35.483102,Tokyo-577c,35,49,Normal
2026-02-08 12:51:36.483102,Tokyo-577c,32,70,Normal
2026-02-08 12:51:37.483102,Tokyo-577c,16,49,Normal
2026-02-08 12:51:38.483102,Tokyo-577c,-17,20,Normal
2026-02-08 12:51:39.483102,Tokyo-577c,7,46,Normal
2026-02-08 12:51:40.483102,Tokyo-577c,-19,81,Normal
2026-02-08 12:51:41.483102,Tokyo-577c,-5,22,Normal
2026-02-08 12:51:42.483102,Tokyo-577c,-17,68,Normal
2026-02-08 12:51:43.483102,Tokyo-577c,7,49,Normal
2026-02-08 12:51:44.483102,Tokyo-577c,-24,26,Normal
2026-02-08 12:51:45.483102,Tokyo-577c,32,35,Normal
2026-02-08 12:51:46.483102,Tokyo-577c,-17,82,Normal
2026-02-08 12:51:47.483102,Tokyo-577c,25,54,Normal
2026-02-08 12:51:48.483102,Tokyo-577c,8,55,Normal
2026-02-08 12:51:49.483102,Tokyo-577c,9,99,Normal
2026-02-08 12:51:50.483102,Tokyo-577c,2,40,Normal
2026-02-08 12:51:51.483102,Tokyo-577c,-16,84,Normal
2026-02-08 12:51:52.483102,Tokyo-577c,7,73,Normal
2026-02-08 12:51:53.483102,Tokyo-577c,42,45,Normal
2026-02-08 12:51:54.483102,Tokyo-577c,-5,56,Normal
2026-02-08 12:51:55.483102,Tokyo-577c,14,18,Normal
2026-02-08 12:51:56.483102,Tokyo-577c,-28,32,Normal
2026-02-08 12:51:57.483102,Tokyo-577c,-29,91,Normal
2026-02-08 12:51:58.483102,Tokyo-577c,16,12,Normal
2026-02-08 12:51:59.483102,Tokyo-577c,-6,10,Normal
2026-02-08 12:52:00.483102,Tokyo-577c,24,58,Normal
2026-02-08 12:52:01.483102,Tokyo-577c,45,60,Normal
2026-02-08 12:52:02.483102,Tokyo-577c,24,19,Normal
2026-02-08 12:52:03.483102,Tokyo-577c,41,20,Normal
2026-02-08 12:52:04.483102,Tokyo-577c,17,34,Normal
2026-02-08 12:52:05.483102,Tokyo-577c,-2,8,Normal
2026-02-08 12:52:06.483102,Tokyo-577c,2,79,Normal
2026-02-08 12:52:07.483102,Tokyo-577c,13,77,Normal
2026-02-08 12:52:08.483102,Tokyo-577c,39,65,Normal
2026-02-08 12:52:09.483102,Tokyo-577c,32,95,Normal
2026-02-08 12:52:10.483102,Tokyo-577c,0,38,Normal
2026-02-08 12:52:11.483102,Tokyo-577c,39,88,Normal
2026-02-08 12:52:12.483102,Tokyo-577c,6,90,Normal
2026-02-08 12:52:13.483102,Tokyo-577c,-3,64,Normal
2026-02-08 12:52:14.483102,Tokyo-577c,45,20,Normal
2026-02-08 12:52:15.483102,Tokyo-577c,10,58,Normal
2026-02-08 12:52:16.483102,Tokyo-577c,33,5,Normal
2026-02-08 12:52:17.483102,Tokyo-577c,-15,4,Normal
2026-02-08 12:52:18.483102,Tokyo-577c,-11,60,Normal
2026-02-08 12:52:19.483102,Tokyo-577c,17,92,Normal
2026-02-08 12:52:20.483102,Tokyo-577c,35,45,Normal
2026-02-08 12:52:21.483102,Tokyo-577c,7,38,Normal
2026-02-08 12:52:22.483102,Tokyo-577c,-13,58,Normal
2026-02-08 12:52:23.483102,Tokyo-577c,27,79,Normal
2026-02-08 12:52:24.483102,Tokyo-577c,1,81,Normal
2026-02-08 12:52:25.483102,Tokyo-577c,-12,47,Normal
2026-02-08 12:52:26.483102,Tokyo-577c,-29,59,Normal
2026-02-08 12:52:27.483102,Tokyo-577c,-18,61,Normal
2026-02-08 12:52:28.483102,Tokyo-577c,47,89,Normal
2026-02-08 12:52:29.483102,Tokyo-577c,-4,100,Normal
2026-02-08 12:52:30.483102,Tokyo-577c,-15,60,Normal
2026-02-08 12:52:31.483102,Tokyo-577c,-3,45,Normal
2026-02-08 12:52:32.483102,Tokyo-577c,-22,49,Normal
2026-02-08 12:52:33.483102,Tokyo-577c,32,41,Normal
2026-02-08 12:52:34.483102,Tokyo-577c,18,76,Normal
2026-02-08 12:52:35.483102,Tokyo-577c,47,55,Normal
2026-02-08 12:52:36.483102,Tokyo-577c,40,7,Normal
2026-02-08 12:52:37.483102,Tokyo-577c,30,24,Normal
2026-02-08 12:52:38.483102,Tokyo-577c,-4,55,Normal
2026-02-08 12:52:39.483102,Tokyo-577c,-15,38,Normal
2026-02-08 12:52:40.483102,Tokyo-577c,-23,100,Normal
2026-02-08 12:52:41.483102,Tokyo-577c,8,92,Normal
2026-02-08 12:52:42.483102,Tokyo-577c,-16,93,Normal
2026-02-08 12:52:43.483102,Tokyo-577c,3,50,Normal
2026-02-08 12:52:44.483102,Tokyo-577c,-22,98,Normal
2026-02-08 12:52:45.483102,Tokyo-577c,-12,38,Normal
2026-02-08 12:52:46.483102,Tokyo-577c,6,16,Normal
2026-02-08 12:52:47.483102,Tokyo-577c,33,70,Normal
2026-02-08 12:52:48.483102,Tokyo-577c,26,87,Normal
2026-02-08 12:52:49.483102,Tokyo-577c,-2,89,Normal
2026-02-08 12:52:50.483102,Tokyo-577c,48,44,Normal
2026-02-08 12:52:51.483102,Tokyo-577c,6,5,Normal
2026-02-08 12:52:52.483102,Tokyo-577c,-14,37,Normal
2026-02-08 12:52:53.483102,Tokyo-577c,46,44,Normal
2026-02-08 12:52:54.483102,Tokyo-577c,-30,68,Normal
2026-02-08 12:52:55.483102,Tokyo-577c,42,21,Normal
2026-02-08 12:52:56.483102,Tokyo-577c,13,77,Normal
2026-02-08 12:52:57.483102,Tokyo-577c,10,2,Normal
2026-02-08 12:52:58.483102,Tokyo-577c,-25,76,Normal
2026-02-08 12:52:59.483102,Tokyo-577c,7,7,Normal
2026-02-08 12:53:00.483102,Tokyo-577c,36,57,Normal
2026-02-08 12:53:01.483102,Tokyo-577c,45,16,Normal
2026-02-08 12:53:02.483102,Tokyo-577c,-9,8,Normal
2026-02-08 12:53:03.483102,Tokyo-577c,4,22,Normal
2026-02-08 12:53:04.483102,Tokyo-577c,-20,43,Normal
2026-02-08 12:53:05.483102,Tokyo-577c,-15,15,Normal
2026-02-08 12:53:06.483102,Tokyo-577c,3,99,Normal
2026-02-08 12:53:07.483102,Tokyo-577c,-23,11,Normal
2026-02-08 12:53:08.483102,Tokyo-577c,-28,94,Normal
2026-02-08 12:53:09.483102,Tokyo-577c,-15,43,Normal
2026-02-08 12:53:10.483102,Tokyo-577c,35,88,Normal
2026-02-08 12:53:11.483102,Tokyo-577c,-26,80,Normal
2026-02-08 12:53:12.483102,Tokyo-577c,31,51,Normal
2026-02-08 12:53:13.483102,Tokyo-577c,16,94,Normal
2026-02-08 12:53:14.483102,Tokyo-577c,15,40,Normal
2026-02-08 12:53:15.483102,Tokyo-577c,46,70,Normal
2026-02-08 12:53:16.483102,Tokyo-577c,19,40,Normal
2026-02-08 12:53:17.483102,Tokyo-577c,4,96,Normal
2026-02-08 12:53:18.483102,Tokyo-577c,7,48,Normal
2026-02-08 12:53:19.483102,Tokyo-577c,-20,76,Normal
2026-02-08 12:53:20.483102,Tokyo-577c,-17,49,Normal
2026-02-08 12:53:21.483102,Tokyo-577c,-19,59,Normal
2026-02-08 12:53:22.483102,Tokyo-577c,-9,84,Normal
2026-02-08 12:53:23.483102,Tokyo-577c,-27,51,Normal
2026-02-08 12:53:24.483102,Tokyo-577c,38,49,Normal
2026-02-08 12:53:25.483102,Tokyo-577c,-22,16,Normal
2026-02-08 12:53:26.483102,Tokyo-577c,-3,53,Normal
2026-02-08 12:53:27.483102,Tokyo-577c,14,70,Normal
2026-02-08 12:53:28.483102,Tokyo-577c,11,30,Normal
2026-02-08 12:53:29.483102,Tokyo-577c,-28,76,Normal
2026-02-08 12:53:30.483102,Tokyo-577c,23,26,Normal
2026-02-08 12:53:31.483102,Tokyo-577c,42,6,Normal
2026-02-08 12:53:32.483102,Tokyo-577c,47,36,Normal
2026-02-08 12:53:33.483102,Tokyo-577c,-20,48,Normal
2026-02-08 12:53:34.483102,Tokyo-577c,6,32,Normal
2026-02-08 12:53:35.483102,Tokyo-577c,8,87,Normal
2026-02-08 12:53:36.483102,Tokyo-577c,3,92,Normal
2026-02-08 12:53:37.483102,Tokyo-577c,28,44,Normal
2026-02-08 12:53:38.483102,Tokyo-577c,-4,88,Normal
2026-02-08 12:53:39.483102,Tokyo-577c,24,91,Normal
2026-02-08 12:53:40.483102,Tokyo-577c,41,39,Normal
2026-02-08 12:53:41.483102,Tokyo-577c,36,40,Normal
2026-02-08 12:53:42.483102,Tokyo-577c,31,69,Normal
2026-02-08 12:53:43.483102,Tokyo-577c,48,87,Normal
2026-02-08 12:53:44.483102,Tokyo-577c,49,42,Normal
2026-02-08 12:53:45.483102,Tokyo-577c,-24,13,Normal
2026-02-08 12:53:46.483102,Tokyo-577c,15,45,Normal
2026-02-08 12:53:47.483102,Tokyo-577c,38,33,Normal
2026-02-08 12:53:48.483102,Tokyo-577c,48,14,Normal
2026-02-08 12:53:49.483102,Tokyo-577c,34,70,Normal
2026-02-08 12:53:50.483102,Tokyo-577c,3,51,Normal
2026-02-08 12:53:51.483102,Tokyo-577c,-13,59,Normal
2026-02-08 12:53:52.483102,Tokyo-577c,29,99,Normal
2026-02-08 12:53:53.483102,Tokyo-577c,-1,33,Normal
2026-02-08 12:53:54.483102,Tokyo-577c,35,60,Normal
2026-02-08 12:53:55.483102,Tokyo-577c,-15,22,Normal
2026-02-08 12:53:56.483102,Tokyo-577c,5,92,Normal
2026-02-08 12:53:57.483102,Tokyo-577c,-25,54,Normal
2026-02-08 12:53:58.483102,Tokyo-577c,-25,85,Normal
2026-02-08 12:53:59.483102,Tokyo-577c,-5,14,Normal
2026-02-08 12:54:00.483102,Tokyo-577c,37,10,Normal
2026-02-08 12:54:01.483102,Tokyo-577c,-22,51,Normal
2026-02-08 12:54:02.483102,Tokyo-577c,-22,89,Normal
2026-02-08 12:54:03.483102,Tokyo-577c,-22,31,Normal
2026-02-08 12:54:04.483102,Tokyo-577c,2,60,Normal
2026-02-08 12:54:05.483102,Tokyo-577c,20,9,Normal
2026-02-08 12:54:06.483102,Tokyo-577c,-12,48,Normal
2026-02-08 12:54:07.483102,Tokyo-577c,-25,69,Normal
2026-02-08 12:54:08.483102,Tokyo-577c,45,30,Normal
2026-02-08 12:54:09.483102,Tokyo-577c,14,39,Normal
2026-02-08 12:54:10.483102,Tokyo-577c,16,36,Normal
2026-02-08 12:54:11.483102,Tokyo-577c,-6,63,Normal
2026-02-08 12:54:12.483102,Tokyo-577c,-13,91,Normal
2026-02-08 12:54:13.483102,Tokyo-577c,11,88,Normal
2026-02-08 12:54:14.483102,Tokyo-577c,3,29,Normal
2026-02-08 12:54:15.483102,Tokyo-577c,2,44,Normal
2026-02-08 12:54:16.483102,Tokyo-577c,-3,39,Normal
2026-02-08 12:54:17.483102,Tokyo-577c,43,46,Normal
2026-02-08 12:54:18.483102,Tokyo-577c,-10,13,Normal
2026-02-08 12:54:19.483102,Tokyo-577c,18,71,Normal
2026-02-08 12:54:20.483102,Tokyo-577c,34,53,Normal
2026-02-08 12:54:21.483102,Tokyo-577c,43,1,Normal
2026-02-08 12:54:22.483102,Tokyo-577c,38,56,Normal
2026-02-08 12:54:23.483102,Tokyo-577c,-19,12,Normal
2026-02-08 12:54:24.483102,Tokyo-577c,-27,64,Normal
2026-02-08 12:54:25.483102,Tokyo-577c,6,98,Normal
2026-02-08 12:54:26.483102,Tokyo-577c,-5,82,Normal
2026-02-08 12:54:27.483102,Tokyo-577c,-15,41,Normal
2026-02-08 12:54:28.483102,Tokyo-577c,33,53,Normal
2026-02-08 12:54:29.483102,Tokyo-577c,-21,13,Normal
2026-02-08 12:54:30.483102,Tokyo-577c,-15,78,Normal
2026-02-08 12:54:31.483102,Tokyo-577c,-5,19,Normal
2026-02-08 12:54:32.483102,Tokyo-577c,33,56,Normal
2026-02-08 12:54:33.483102,Tokyo-577c,-6,19,Normal
2026-02-08 12:54:34.483102,Tokyo-577c,33,0,Normal
2026-02-08 12:54:35.483102,Tokyo-577c,22,40,Normal
2026-02-08 12:54:36.483102,Tokyo-577c,23,68,Normal
2026-02-08 12:54:37.483102,Tokyo-577c,-2,68,Normal
2026-02-08 12:54:38.483102,Tokyo-577c,6,35,Normal
2026-02-08 12:54:39.483102,Tokyo-577c,30,74,Normal
2026-02-08 12:54:40.483102,Tokyo-577c,9,84,Normal
2026-02-08 12:54:41.483102,Tokyo-577c,-23,79,Normal
2026-02-08 12:54:42.483102,Tokyo-577c,11,95,Normal
2026-02-08 12:54:43.483102,Tokyo-577c,32,6,Normal
2026-02-08 12:54:44.483102,Tokyo-577c,38,44,Normal
2026-02-08 12:54:45.483102,Tokyo-577c,-9,91,Normal
2026-02-08 12:54:46.483102,Tokyo-577c,-15,100,Normal
2026-02-08 12:54:47.483102,Tokyo-577c,-22,71,Normal
2026-02-08 12:54:48.483102,Tokyo-577c,26,9,Normal
2026-02-08 12:54:49.483102,Tokyo-577c,-15,24,Normal
2026-02-08 12:54:50.483102,Tokyo-577c,7,29,Normal
2026-02-08 12:54:51.483102,Tokyo-577c,27,59,Normal
2026-02-08 12:54:52.483102,Tokyo-577c,42,47,Normal
2026-02-08 12:54:53.483102,Tokyo-577c,-28,53,Normal
2026-02-08 12:54:54.483102,Tokyo-577c,24,43,Normal
2026-02-08 12:54:55.483102,Tokyo-577c,-21,9,Normal
2026-02-08 12:54:56.483102,Tokyo-577c,31,78,Normal
2026-02-08 12:54:57.483102,Tokyo-577c,38,51,Normal
2026-02-08 12:54:58.483102,Tokyo-577c,2,25,Normal
2026-02-08 12:54:59.483102,Tokyo-577c,-16,39,Normal
2026-02-08 12:55:00.483102,Tokyo-577c,-23,21,Normal
2026-02-08 12:55:01.483102,Tokyo-577c,-2,23,Normal
2026-02-08 12:55:02.483102,Tokyo-577c,27,43,Normal
2026-02-08 12:55:03.483102,Tokyo-577c,-9,73,Normal
2026-02-08 12:55:04.483102,Tokyo-577c,-20,66,Normal
2026-02-08 12:55:05.483102,Tokyo-577c,-4,59,Normal
2026-02-08 12:55:06.483102,Tokyo-577c,21,39,Normal
2026-02-08 12:55:07.483102,Tokyo-577c,35,100,Normal
2026-02-08 12:55:08.483102,Tokyo-577c,-19,77,Normal
2026-02-08 12:55:09.483102,Tokyo-577c,-20,57,Normal
2026-02-08 12:55:10.483102,Tokyo-577c,34,23,Normal
2026-02-08 12:55:11.483102,Tokyo-577c,-22,33,Normal
2026-02-08 12:55:12.483102,Tokyo-577c,34,93,Normal
2026-02-08 12:55:13.483102,Tokyo-577c,-7,15,Normal
2026-02-08 12:55:14.483102,Tokyo-577c,23,85,Normal
2026-02-08 12:55:15.483102,Tokyo-577c,-7,19,Normal
2026-02-08 12:55:16.483102,Tokyo-577c,41,83,Normal
2026-02-08 12:55:17.483102,Tokyo-577c,16,97,Normal
2026-02-08 12:55:18.483102,Tokyo-577c,6,45,Normal
2026-02-08 12:55:19.483102,Tokyo-577c,21,8,Normal
2026-02-08 12:55:20.483102,Tokyo-577c,44,77,Normal
2026-02-08 12:55:21.483102,Tokyo-577c,2,65,Normal
2026-02-08 12:55:22.483102,Tokyo-577c,49,88,Normal
2026-02-08 12:55:23.483102,Tokyo-577c,26,21,Normal
2026-02-08 12:55:24.483102,Tokyo-577c,17,78,Normal
2026-02-08 12:55:25.483102,Tokyo-577c,-18,5,Normal
2026-02-08 12:55:26.483102,Tokyo-577c,23,57,Normal
2026-02-08 12:55:27.483102,Tokyo-577c,-11,92,Normal
2026-02-08 12:55:28.483102,Tokyo-577c,37,52,Normal
2026-02-08 12:55:29.483102,Tokyo-577c,-7,56,Normal
2026-02-08 12:55:30.483102,Tokyo-577c,8,47,Normal
2026-02-08 12:55:31.483102,Tokyo-577c,-26,45,Normal
2026-02-08 12:55:32.483102,Tokyo-577c,14,84,Normal
2026-02-08 12:55:33.483102,Tokyo-577c,33,64,Normal
2026-02-08 12:55:34.483102,Tokyo-577c,-15,15,Normal
2026-02-08 12:55:35.483102,Tokyo-577c,-16,90,Normal
2026-02-08 12:55:36.483102,Tokyo-577c,-28,89,Normal
2026-02-08 12:55:37.483102,Tokyo-577c,-8,27,Normal
2026-02-08 12:55:38.483102,Tokyo-577c,4,24,Normal
2026-02-08 12:55:39.483102,Tokyo-577c,10,4,Normal
2026-02-08 12:55:40.483102,Tokyo-577c,31,6,Normal
2026-02-08 12:55:41.483102,Tokyo-577c,12,70,Normal
2026-02-08 12:55:42.483102,Tokyo-577c,29,12,Normal
2026-02-08 12:55:43.483102,Tokyo-577c,19,3,Normal
2026-02-08 12:55:44.483102,Tokyo-577c,34,5,Normal
2026-02-08 12:55:45.483102,Tokyo-577c,-29,51,Normal
2026-02-08 12:55:46.483102,Tokyo-577c,-17,57,Normal
2026-02-08 12:55:47.483102,Tokyo-577c,-6,14,Normal
2026-02-08 12:55:48.483102,Tokyo-577c,-5,57,Normal
2026-02-08 12:55:49.483102,Tokyo-577c,-28,1,Normal
2026-02-08 12:55:50.483102,Tokyo-577c,-12,8,Normal
2026-02-08 12:55:51.483102,Tokyo-577c,33,70,Normal
2026-02-08 12:55:52.483102,Tokyo-577c,29,78,Normal
2026-02-08 12:55:53.483102,Tokyo-577c,-2,32,Normal
2026-02-08 12:55:54.483102,Tokyo-577c,18,4,Normal
2026-02-08 12:55:55.483102,Tokyo-577c,18,57,Normal
2026-02-08 12:55:56.483102,Tokyo-577c,-23,98,Normal
2026-02-08 12:55:57.483102,Tokyo-577c,-30,42,Normal
2026-02-08 12:55:58.483102,Tokyo-577c,48,73,Normal
2026-02-08 12:55:59.483102,Tokyo-577c,4,2,Normal
2026-02-08 12:56:00.483102,Tokyo-577c,31,25,Normal
2026-02-08 12:56:01.483102,Tokyo-577c,2,14,Normal
2026-02-08 12:56:02.483102,Tokyo-577c,34,53,Normal
2026-02-08 12:56:03.483102,Tokyo-577c,-28,2,Normal
2026-02-08 12:56:04.483102,Tokyo-577c,49,65,Normal
2026-02-08 12:56:05.483102,Tokyo-577c,25,56,Normal
2026-02-08 12:56:06.483102,Tokyo-577c,20,83,Normal
2026-02-08 12:56:07.483102,Tokyo-577c,47,61,Normal
2026-02-08 12:56:08.483102,Tokyo-577c,30,52,Normal
2026-02-08 12:56:09.483102,Tokyo-577c,25,100,Normal
2026-02-08 12:56:10.483102,Tokyo-577c,6,7,Normal
2026-02-08 12:56:11.483102,Tokyo-577c,-5,73,Normal
2026-02-08 12:56:12.483102,Tokyo-577c,35,76,Normal
2026-02-08 12:56:13.483102,Tokyo-577c,-17,7,Normal
2026-02-08 12:56:14.483102,Tokyo-577c,8,66,Normal
2026-02-08 12:56:15.483102,Tokyo-577c,-21,33,Normal
2026-02-08 12:56:16.483102,Tokyo-577c,4,15,Normal
2026-02-08 12:56:17.483102,Tokyo-577c,-28,96,Normal
2026-02-08 12:56:18.483102,Tokyo-577c,-30,68,Normal
2026-02-08 12:56:19.483102,Tokyo-577c,-23,20,Normal
2026-02-08 12:56:20.483102,Tokyo-577c,42,48,Normal
2026-02-08 12:56:21.483102,Tokyo-577c,38,8,Normal
2026-02-08 12:56:22.483102,Tokyo-577c,-23,46,Normal
2026-02-08 12:56:23.483102,Tokyo-577c,14,80,Normal
2026-02-08 12:56:24.483102,Tokyo-577c,-15,94,Normal
2026-02-08 12:56:25.483102,Tokyo-577c,48,90,Normal
2026-02-08 12:56:26.483102,Tokyo-577c,-14,20,Normal
2026-02-08 12:56:27.483102,Tokyo-577c,-10,31,Normal
2026-02-08 12:56:28.483102,Tokyo-577c,-23,54,Normal
2026-02-08 12:56:29.483102,Tokyo-577c,10,26,Normal
2026-02-08 12:56:30.483102,Tokyo-577c,34,22,Normal
2026-02-08 12:56:31.483102,Tokyo-577c,-1,4,Normal
2026-02-08 12:56:32.483102,Tokyo-577c,25,40,Normal
2026-02-08 12:56:33.483102,Tokyo-577c,2,28,Normal
2026-02-08 12:56:34.483102,Tokyo-577c,-9,89,Normal
2026-02-08 12:56:35.483102,Tokyo-577c,-9,85,Normal
2026-02-08 12:56:36.483102,Tokyo-577c,-14,86,Normal
2026-02-08 12:56:37.483102,Tokyo-577c,30,100,Normal
2026-02-08 12:56:38.483102,Tokyo-577c,23,10,Normal
2026-02-08 12:56:39.483102,Tokyo-577c,-30,30,Normal
2026-02-08 12:56:40.483102,Tokyo-577c,31,28,Normal
2026-02-08 12:56:41.483102,Tokyo-577c,18,4,Normal
2026-02-08 12:56:42.483102,Tokyo-577c,33,76,Normal
2026-02-08 12:56:43.483102,Tokyo-577c,-17,77,Normal
2026-02-08 12:56:44.483102,Tokyo-577c,8,36,Normal
2026-02-08 12:56:45.483102,Tokyo-577c,3,47,Normal
2026-02-08 12:56:46.483102,Tokyo-577c,11,89,Normal
2026-02-08 12:56:47.483102,Tokyo-577c,23,22,Normal
2026-02-08 12:56:48.483102,Tokyo-577c,-10,3,Normal
2026-02-08 12:56:49.483102,Tokyo-577c,11,12,Normal
2026-02-08 12:56:50.483102,Tokyo-577c,-27,7,Normal
2026-02-08 12:56:51.483102,Tokyo-577c,-22,14,Normal
2026-02-08 12:56:52.483102,Tokyo-577c,-17,39,Normal
2026-02-08 12:56:53.483102,Tokyo-577c,45,38,Normal
2026-02-08 12:56:54.483102,Tokyo-577c,-4,45,Normal
2026-02-08 12:56:55.483102,Tokyo-577c,25,89,Normal
2026-02-08 12:56:56.483102,Tokyo-577c,50,93,Normal
2026-02-08 12:56:57.483102,Tokyo-577c,50,33,Normal
2026-02-08 12:56:58.483102,Tokyo-577c,45,73,Normal
2026-02-08 12:56:59.483102,Tokyo-577c,33,88,Normal
2026-02-08 12:57:00.483102,Tokyo-577c,43,53,Normal
2026-02-08 12:57:01.483102,Tokyo-577c,-26,87,Normal
2026-02-08 12:57:02.483102,Tokyo-577c,11,88,Normal
2026-02-08 12:57:03.483102,Tokyo-577c,18,94,Normal
2026-02-08 12:57:04.483102,Tokyo-577c,-19,81,Normal
2026-02-08 12:57:05.483102,Tokyo-577c,20,75,Normal
2026-02-08 12:57:06.483102,Tokyo-577c,25,10,Normal
2026-02-08 12:57:07.483102,Tokyo-577c,-5,11,Normal
2026-02-08 12:57:08.483102,Tokyo-577c,39,54,Normal
2026-02-08 12:57:09.483102,Tokyo-577c,5,45,Normal
2026-02-08 12:57:10.483102,Tokyo-577c,-30,4,Normal
2026-02-08 12:57:11.483102,Tokyo-577c,-18,49,Normal
2026-02-08 12:57:12.483102,Tokyo-577c,-19,58,Normal
2026-02-08 12:57:13.483102,Tokyo-577c,-26,0,Normal
2026-02-08 12:57:14.483102,Tokyo-577c,41,82,Normal
2026-02-08 12:57:15.483102,Tokyo-577c,21,45,Normal
2026-02-08 12:57:16.483102,Tokyo-577c,-9,74,Normal
2026-02-08 12:57:17.483102,Tokyo-577c,48,23,Normal
2026-02-08 12:57:18.483102,Tokyo-577c,-29,2,Normal
2026-02-08 12:57:19.483102,Tokyo-577c,-12,58,Normal
2026-02-08 12:57:20.483102,Tokyo-577c,11,57,Normal
2026-02-08 12:57:21.483102,Tokyo-577c,34,80,Normal
2026-02-08 12:57:22.483102,Tokyo-577c,24,20,Normal
2026-02-08 12:57:23.483102,Tokyo-577c,42,88,Normal
2026-02-08 12:57:24.483102,Tokyo-577c,43,69,Normal
2026-02-08 12:57:25.483102,Tokyo-577c,12,31,Normal
2026-02-08 12:57:26.483102,Tokyo-577c,-5,45,Normal
2026-02-08 12:57:27.483102,Tokyo-577c,49,5,Normal
2026-02-08 12:57:28.483102,Tokyo-577c,-16,49,Normal
2026-02-08 12:57:29.483102,Tokyo-577c,22,84,Normal
2026-02-08 12:57:30.483102,Tokyo-577c,27,19,Normal
2026-02-08 12:57:31.483102,Tokyo-577c,6,93,Normal
2026-02-08 12:57:32.483102,Tokyo-577c,-6,53,Normal
2026-02-08 12:57:33.483102,Tokyo-577c,44,86,Normal
2026-02-08 12:57:34.483102,Tokyo-577c,27,9,Normal
2026-02-08 12:57:35.483102,Tokyo-577c,-2,49,Normal
2026-02-08 12:57:36.483102,Tokyo-577c,13,100,Normal
2026-02-08 12:57:37.483102,Tokyo-577c,39,13,Normal
2026-02-08 12:57:38.483102,Tokyo-577c,40,33,Normal
2026-02-08 12:57:39.483102,Tokyo-577c,37,27,Normal
2026-02-08 12:57:40.483102,Tokyo-577c,-24,88,Normal
2026-02-08 12:57:41.483102,Tokyo-577c,33,46,Normal
2026-02-08 12:57:42.483102,Tokyo-577c,-10,53,Normal
2026-02-08 12:57:43.483102,Tokyo-577c,-2,96,Normal
2026-02-08 12:57:44.483102,Tokyo-577c,-5,62,Normal
2026-02-08 12:57:45.483102,Tokyo-577c,-8,86,Normal
2026-02-08 12:57:46.483102,Tokyo-577c,-12,30,Normal
2026-02-08 12:57:47.483102,Tokyo-577c,23,0,Normal
2026-02-08 12:57:48.483102,Tokyo-577c,24,83,Normal
2026-02-08 12:57:49.483102,Tokyo-577c,24,28,Normal
2026-02-08 12:57:50.483102,Tokyo-577c,4,81,Normal
2026-02-08 12:57:51.483102,Tokyo-577c,14,59,Normal
2026-02-08 12:57:52.483102,Tokyo-577c,44,81,Normal
2026-02-08 12:57:53.483102,Tokyo-577c,36,3,Normal
2026-02-08 12:57:54.483102,Tokyo-577c,35,46,Normal
2026-02-08 12:57:55.483102,Tokyo-577c,31,15,Normal
2026-02-08 12:57:56.483102,Tokyo-577c,13,8,Normal
2026-02-08 12:57:57.483102,Tokyo-577c,17,48,Normal
2026-02-08 12:57:58.483102,Tokyo-577c,37,93,Normal
2026-02-08 12:57:59.483102,Tokyo-577c,44,35,Normal
2026-02-08 12:58:00.483102,Tokyo-577c,-23,83,Normal
2026-02-08 12:58:01.483102,Tokyo-577c,37,97,Normal
2026-02-08 12:58:02.483102,Tokyo-577c,25,98,Normal
2026-02-08 12:58:03.483102,Tokyo-577c,35,15,Normal
2026-02-08 12:58:04.483102,Tokyo-577c,-18,89,Normal
2026-02-08 12:58:05.483102,Tokyo-577c,12,34,Normal
2026-02-08 12:58:06.483102,Tokyo-577c,8,64,Normal
2026-02-08 12:58:07.483102,Tokyo-577c,11,21,Normal
2026-02-08 12:58:08.483102,Tokyo-577c,41,77,Normal
2026-02-08 12:58:09.483102,Tokyo-577c,-2,28,Normal
2026-02-08 12:58:10.483102,Tokyo-577c,29,24,Normal
2026-02-08 12:58:11.483102,Tokyo-577c,36,94,Normal
2026-02-08 12:58:12.483102,Tokyo-577c,35,12,Normal
2026-02-08 12:58:13.483102,Tokyo-577c,24,98,Normal
2026-02-08 12:58:14.483102,Tokyo-577c,19,66,Normal
2026-02-08 12:58:15.483102,Tokyo-577c,41,23,Normal
2026-02-08 12:58:16.483102,Tokyo-577c,-9,42,Normal
2026-02-08 12:58:17.483102,Tokyo-577c,47,91,Normal
2026-02-08 12:58:18.483102,Tokyo-577c,19,18,Normal
2026-02-08 12:58:19.483102,Tokyo-577c,-22,92,Normal
2026-02-08 12:58:20.483102,Tokyo-577c,34,95,Normal
2026-02-08 12:58:21.483102,Tokyo-577c,-18,67,Normal
2026-02-08 12:58:22.483102,Tokyo-577c,31,99,Normal
2026-02-08 12:58:23.483102,Tokyo-577c,-2,82,Normal
2026-02-08 12:58:24.483102,Tokyo-577c,7,80,Normal
2026-02-08 12:58:25.483102,Tokyo-577c,-26,33,Normal
2026-02-08 12:58:26.483102,Tokyo-577c,-23,71,Normal
2026-02-08 12:58:27.483102,Tokyo-577c,-13,3,Normal
2026-02-08 12:58:28.483102,Tokyo-577c,11,19,Normal
2026-02-08 12:58:29.483102,Tokyo-577c,-18,78,Normal
2026-02-08 12:58:30.483102,Tokyo-577c,7,86,Normal
2026-02-08 12:58:31.483102,Tokyo-577c,25,33,Normal
2026-02-08 12:58:32.483102,Tokyo-577c,45,19,Normal
2026-02-08 12:58:33.483102,Tokyo-577c,-23,99,Normal
2026-02-08 12:58:34.483102,Tokyo-577c,4,84,Normal
2026-02-08 12:58:35.483102,Tokyo-577c,10,66,Normal
2026-02-08 12:58:36.483102,Tokyo-577c,37,36,Normal
2026-02-08 12:58:37.483102,Tokyo-577c,30,97,Normal
2026-02-08 12:58:38.483102,Tokyo-577c,-5,1,Normal
2026-02-08 12:58:39.483102,Tokyo-577c,27,8,Normal
2026-02-08 12:58:40.483102,Tokyo-577c,45,86,Normal
2026-02-08 12:58:41.483102,Tokyo-577c,26,84,Normal
2026-02-08 12:58:42.483102,Tokyo-577c,6,22,Normal
2026-02-08 12:58:43.483102,Tokyo-577c,2,58,Normal
2026-02-08 12:58:44.483102,Tokyo-577c,-24,26,Normal
2026-02-08 12:58:45.483102,Tokyo-577c,12,16,Normal
2026-02-08 12:58:46.483102,Tokyo-577c,-27,60,Normal
2026-02-08 12:58:47.483102,Tokyo-577c,-26,28,Normal
2026-02-08 12:58:48.483102,Tokyo-577c,42,72,Normal
2026-02-08 12:58:49.483102,Tokyo-577c,-11,58,Normal
2026-02-08 12:58:50.483102,Tokyo-577c,8,49,Normal
2026-02-08 12:58:51.483102,Tokyo-577c,47,26,Normal
2026-02-08 12:58:52.483102,Tokyo-577c,11,65,Normal
2026-02-08 12:58:53.483102,Tokyo-577c,-23,26,Normal
2026-02-08 12:58:54.483102,Tokyo-577c,-14,86,Normal
2026-02-08 12:58:55.483102,Tokyo-577c,0,9,Normal
2026-02-08 12:58:56.483102,Tokyo-577c,31,39,Normal
2026-02-08 12:58:57.483102,Tokyo-577c,-24,58,Normal
2026-02-08 12:58:58.483102,Tokyo-577c,-29,25,Normal
2026-02-08 12:58:59.483102,Tokyo-577c,19,52,Normal
2026-02-08 12:59:00.483102,Tokyo-577c,-24,82,Normal
2026-02-08 12:59:01.483102,Tokyo-577c,44,28,Normal
2026-02-08 12:59:02.483102,Tokyo-577c,2,82,Normal
2026-02-08 12:59:03.483102,Tokyo-577c,-25,69,Normal
2026-02-08 12:59:04.483102,Tokyo-577c,16,18,Normal
2026-02-08 12:59:05.483102,Tokyo-577c,-21,86,Normal
2026-02-08 12:59:06.483102,Tokyo-577c,49,12,Normal
2026-02-08 12:59:07.483102,Tokyo-577c,27,23,Normal
2026-02-08 12:59:08.483102,Tokyo-577c,28,61,Normal
2026-02-08 12:59:09.483102,Tokyo-577c,11,23,Normal
2026-02-08 12:59:10.483102,Tokyo-577c,-25,22,Normal
2026-02-08 12:59:11.483102,Tokyo-577c,-8,62,Normal
2026-02-08 12:59:12.483102,Tokyo-577c,27,41,Normal
2026-02-08 12:59:13.483102,Tokyo-577c,-22,45,Normal
2026-02-08 12:59:14.483102,Tokyo-577c,8,52,Normal
2026-02-08 12:59:15.483102,Tokyo-577c,26,66,Normal
2026-02-08 12:59:16.483102,Tokyo-577c,-13,100,Normal
2026-02-08 12:59:17.483102,Tokyo-577c,45,72,Normal
2026-02-08 12:59:18.483102,Tokyo-577c,48,73,Normal
2026-02-08 12:59:19.483102,Tokyo-577c,-25,73,Normal
2026-02-08 12:59:20.483102,Tokyo-577c,3,31,Normal
2026-02-08 12:59:21.483102,Tokyo-577c,0,43,Normal
2026-02-08 12:59:22.483102,Tokyo-577c,23,41,Normal
2026-02-08 12:59:23.483102,Tokyo-577c,22,65,Normal
2026-02-08 12:59:24.483102,Tokyo-577c,-9,87,Normal
2026-02-08 12:59:25.483102,Tokyo-577c,-6,16,Normal
2026-02-08 12:59:26.483102,Tokyo-577c,-10,32,Normal
2026-02-08 12:59:27.483102,Tokyo-577c,-21,31,Normal
2026-02-08 12:59:28.483102,Tokyo-577c,6,44,Normal
2026-02-08 12:59:29.483102,Tokyo-577c,-13,82,Normal
2026-02-08 12:59:30.483102,Tokyo-577c,-4,28,Normal
2026-02-08 12:59:31.483102,Tokyo-577c,-28,73,Normal
2026-02-08 12:59:32.483102,Tokyo-577c,46,0,Normal
2026-02-08 12:59:33.483102,Tokyo-577c,1,36,Normal
2026-02-08 12:59:34.483102,Tokyo-577c,-12,8,Normal
2026-02-08 12:59:35.483102,Tokyo-577c,5,15,Normal
2026-02-08 12:59:36.483102,Tokyo-577c,42,72,Normal
2026-02-08 12:59:37.483102,Tokyo-577c,18,19,Normal
2026-02-08 12:59:38.483102,Tokyo-577c,28,56,Normal
2026-02-08 12:59:39.483102,Tokyo-577c,-1,27,Normal
2026-02-08 12:59:40.483102,Tokyo-577c,12,27,Normal
2026-02-08 12:59:41.483102,Tokyo-577c,43,67,Normal
2026-02-08 12:59:42.483102,Tokyo-577c,-27,8,Normal
2026-02-08 12:59:43.483102,Tokyo-577c,-1,22,Normal
2026-02-08 12:59:44.483102,Tokyo-577c,14,4,Normal
2026-02-08 12:59:45.483102,Tokyo-577c,1,87,Normal
2026-02-08 12:59:46.483102,Tokyo-577c,50,95,Normal
2026-02-08 12:59:47.483102,Tokyo-577c,36,44,Normal
2026-02-08 12:59:48.483102,Tokyo-577c,15,79,Normal
2026-02-08 12:59:49.483102,Tokyo-577c,10,98,Normal
2026-02-08 12:59:50.483102,Tokyo-577c,8,2,Normal
2026-02-08 12:59:51.483102,Tokyo-577c,18,85,Normal
2026-02-08 12:59:52.483102,Tokyo-577c,32,8,Normal
2026-02-08 12:59:53.483102,Tokyo-577c,-9,93,Normal
2026-02-08 12:59:54.483102,Tokyo-577c,39,90,Normal
2026-02-08 12:59:55.483102,Tokyo-577c,10,39,Normal
2026-02-08 12:59:56.483102,Tokyo-577c,-24,24,Normal
2026-02-08 12:59:57.483102,Tokyo-577c,-27,73,Normal
2026-02-08 12:59:58.483102,Tokyo-577c,20,93,Normal
2026-02-08 12:59:59.483102,Tokyo-577c,-25,47,Normal
2026-02-08 13:00:00.483102,Tokyo-577c,22,90,Normal
2026-02-08 13:00:01.483102,Tokyo-577c,12,50,Normal
2026-02-08 13:00:02.483102,Tokyo-577c,11,30,Normal
2026-02-08 13:00:03.483102,Tokyo-577c,-14,97,Normal
2026-02-08 13:00:04.483102,Tokyo-577c,50,34,Normal
2026-02-08 13:00:05.483102,Tokyo-577c,8,57,Normal
2026-02-08 13:00:06.483102,Tokyo-577c,39,52,Normal
2026-02-08 13:00:07.483102,Tokyo-577c,8,98,Normal
2026-02-08 13:00:08.483102,Tokyo-577c,2,50,Normal
2026-02-08 13:00:09.483102,Tokyo-577c,-28,44,Normal
2026-02-08 13:00:10.483102,Tokyo-577c,-27,5,Normal
2026-02-08 13:00:11.483102,Tokyo-577c,37,96,Normal
2026-02-08 13:00:12.483102,Tokyo-577c,3,43,Normal
2026-02-08 13:00:13.483102,Tokyo-577c,0,53,Normal
2026-02-08 13:00:14.483102,Tokyo-577c,-25,87,Normal
2026-02-08 13:00:15.483102,Tokyo-577c,-8,82,Normal
2026-02-08 13:00:16.483102,Tokyo-577c,38,23,Normal
2026-02-08 13:00:17.483102,Tokyo-577c,-18,90,Normal
2026-02-08 13:00:18.483102,Tokyo-577c,9,57,Normal
2026-02-08 13:00:19.483102,Tokyo-577c,-16,65,Normal
2026-02-08 13:00:20.483102,Tokyo-577c,-19,66,Normal
2026-02-08 13:00:21.483102,Tokyo-577c,-1,44,Normal
2026-02-08 13:00:22.483102,Tokyo-577c,-30,5,Normal
2026-02-08 13:00:23.483102,Tokyo-577c,30,43,Normal
2026-02-08 13:00:24.483102,Tokyo-577c,27,68,Normal
2026-02-08 13:00:25.483102,Tokyo-577c,33,95,Normal
2026-02-08 13:00:26.483102,Tokyo-577c,47,40,Normal
2026-02-08 13:00:27.483102,Tokyo-577c,45,76,Normal
2026-02-08 13:00:28.483102,Tokyo-577c,39,86,Normal
2026-02-08 13:00:29.483102,Tokyo-577c,-30,44,Normal
2026-02-08 13:00:30.483102,Tokyo-577c,32,46,Normal
2026-02-08 13:00:31.483102,Tokyo-577c,15,73,Normal
2026-02-08 13:00:32.483102,Tokyo-577c,5,91,Normal
2026-02-08 13:00:33.483102,Tokyo-577c,31,50,Normal
2026-02-08 13:00:34.483102,Tokyo-577c,47,47,Normal
2026-02-08 13:00:35.483102,Tokyo-577c,-20,94,Normal
2026-02-08 13:00:36.483102,Tokyo-577c,14,77,Normal
2026-02-08 13:00:37.483102,Tokyo-577c,-28,56,Normal
2026-02-08 13:00:38.483102,Tokyo-577c,-8,51,Normal
2026-02-08 13:00:39.483102,Tokyo-577c,26,80,Normal
2026-02-08 13:00:40.483102,Tokyo-577c,-27,86,Normal
2026-02-08 13:00:41.483102,Tokyo-577c,-5,15,Normal
2026-02-08 13:00:42.483102,Tokyo-577c,9,46,Normal
2026-02-08 13:00:43.483102,Tokyo-577c,40,81,Normal
2026-02-08 13:00:44.483102,Tokyo-577c,-29,6,Normal
2026-02-08 13:00:45.483102,Tokyo-577c,13,41,Normal
2026-02-08 13:00:46.483102,Tokyo-577c,-19,12,Normal
2026-02-08 13:00:47.483102,Tokyo-577c,-14,35,Normal
2026-02-08 13:00:48.483102,Tokyo-577c,-2,96,Normal
2026-02-08 13:00:49.483102,Tokyo-577c,47,10,Normal
2026-02-08 13:00:50.483102,Tokyo-577c,43,19,Normal
2026-02-08 13:00:51.483102,Tokyo-577c,-18,23,Normal
2026-02-08 13:00:52.483102,Tokyo-577c,-2,14,Normal
2026-02-08 13:00:53.483102,Tokyo-577c,48,75,Normal
2026-02-08 13:00:54.483102,Tokyo-577c,-29,5,Normal
2026-02-08 13:00:55.483102,Tokyo-577c,46,22,Normal
2026-02-08 13:00:56.483102,Tokyo-577c,-19,50,Normal
2026-02-08 13:00:57.483102,Tokyo-577c,46,18,Normal
2026-02-08 13:00:58.483102,Tokyo-577c,-21,58,Normal
2026-02-08 13:00:59.483102,Tokyo-577c,31,13,Normal
2026-02-08 13:01:00.483102,Tokyo-577c,-5,51,Normal
2026-02-08 13:01:01.483102,Tokyo-577c,-28,54,Normal
2026-02-08 13:01:02.483102,Tokyo-577c,47,44,Normal
2026-02-08 13:01:03.483102,Tokyo-577c,46,100,Normal
2026-02-08 13:01:04.483102,Tokyo-577c,-1,54,Normal
2026-02-08 13:01:05.483102,Tokyo-577c,25,84,Normal
2026-02-08 13:01:06.483102,Tokyo-577c,-1,35,Normal
2026-02-08 13:01:07.483102,Tokyo-577c,0,28,Normal
2026-02-08 13:01:08.483102,Tokyo-577c,48,4,Normal
2026-02-08 13:01:09.483102,Tokyo-577c,-11,9,Normal
2026-02-08 13:01:10.483102,Tokyo-577c,35,34,Normal
2026-02-08 13:01:11.483102,Tokyo-577c,28,85,Normal
2026-02-08 13:01:12.483102,Tokyo-577c,31,67,Normal
2026-02-08 13:01:13.483102,Tokyo-577c,45,65,Normal
2026-02-08 13:01:14.483102,Tokyo-577c,48,87,Normal
2026-02-08 13:01:15.483102,Tokyo-577c,49,100,Normal
2026-02-08 13:01:16.483102,Tokyo-577c,47,83,Normal
2026-02-08 13:01:17.483102,Tokyo-577c,26,3,Normal
2026-02-08 13:01:18.483102,Tokyo-577c,48,7,Normal
2026-02-08 13:01:19.483102,Tokyo-577c,19,87,Normal
2026-02-08 13:01:20.483102,Tokyo-577c,22,42,Normal
2026-02-08 13:01:21.483102,Tokyo-577c,48,13,Normal
2026-02-08 13:01:22.483102,Tokyo-577c,-18,43,Normal
2026-02-08 13:01:23.483102,Tokyo-577c,8,40,Normal
2026-02-08 13:01:24.483102,Tokyo-577c,45,54,Normal
2026-02-08 13:01:25.483102,Tokyo-577c,-26,19,Normal
2026-02-08 13:01:26.483102,Tokyo-577c,0,16,Normal
2026-02-08 13:01:27.483102,Tokyo-577c,-7,6,Normal
2026-02-08 13:01:28.483102,Tokyo-577c,-29,62,Normal
2026-02-08 13:01:29.483102,Tokyo-577c,-19,4,Normal
2026-02-08 13:01:30.483102,Tokyo-577c,-8,43,Normal
2026-02-08 13:01:31.483102,Tokyo-577c,13,29,Normal
2026-02-08 13:01:32.483102,Tokyo-577c,-15,92,Normal
2026-02-08 13:01:33.483102,Tokyo-577c,36,80,Normal
2026-02-08 13:01:34.483102,Tokyo-577c,11,71,Normal
2026-02-08 13:01:35.483102,Tokyo-577c,-28,72,Normal
2026-02-08 13:01:36.483102,Tokyo-577c,-25,88,Normal
2026-02-08 13:01:37.483102,Tokyo-577c,17,11,Normal
2026-02-08 13:01:38.483102,Tokyo-577c,36,54,Normal
2026-02-08 13:01:39.483102,Tokyo-577c,-29,83,Normal
2026-02-08 13:01:40.483102,Tokyo-577c,28,71,Normal
2026-02-08 13:01:41.483102,Tokyo-577c,-12,34,Normal
2026-02-08 13:01:42.483102,Tokyo-577c,43,70,Normal
2026-02-08 13:01:43.483102,Tokyo-577c,-13,73,Normal
2026-02-08 13:01:44.483102,Tokyo-577c,10,48,Normal
2026-02-08 13:01:45.483102,Tokyo-577c,46,53,Normal
2026-02-08 13:01:46.483102,Tokyo-577c,-14,4,Normal
2026-02-08 13:01:47.483102,Tokyo-577c,33,89,Normal
2026-02-08 13:01:48.483102,Tokyo-577c,3,30,Normal
2026-02-08 13:01:49.483102,Tokyo-577c,8,26,Normal
2026-02-08 13:01:50.483102,Tokyo-577c,3,15,Normal
2026-02-08 13:01:51.483102,Tokyo-577c,-10,66,Normal
2026-02-08 13:01:52.483102,Tokyo-577c,45,52,Normal
2026-02-08 13:01:53.483102,Tokyo-577c,33,31,Normal
2026-02-08 13:01:54.483102,Tokyo-577c,24,51,Normal
2026-02-08 13:01:55.483102,Tokyo-577c,32,88,Normal
2026-02-08 13:01:56.483102,Tokyo-577c,-6,64,Normal
2026-02-08 13:01:57.483102,Tokyo-577c,24,48,Normal
2026-02-08 13:01:58.483102,Tokyo-577c,8,88,Normal
2026-02-08 13:01:59.483102,Tokyo-577c,15,64,Normal
2026-02-08 13:02:00.483102,Tokyo-577c,-22,51,Normal
2026-02-08 13:02:01.483102,Tokyo-577c,35,58,Normal
2026-02-08 13:02:02.483102,Tokyo-577c,3,20,Normal
2026-02-08 13:02:03.483102,Tokyo-577c,5,82,Normal
2026-02-08 13:02:04.483102,Tokyo-577c,9,69,Normal
2026-02-08 13:02:05.483102,Tokyo-577c,34,76,Normal
2026-02-08 13:02:06.483102,Tokyo-577c,19,80,Normal
2026-02-08 13:02:07.483102,Tokyo-577c,11,70,Normal
2026-02-08 13:02:08.483102,Tokyo-577c,4,85,Normal
2026-02-08 13:02:09.483102,Tokyo-577c,-13,86,Normal
2026-02-08 13:02:10.483102,Tokyo-577c,-30,42,Normal
2026-02-08 13:02:11.483102,Tokyo-577c,-28,89,Normal
2026-02-08 13:02:12.483102,Tokyo-577c,33,68,Normal
2026-02-08 13:02:13.483102,Tokyo-577c,-4,60,Normal
2026-02-08 13:02:14.483102,Tokyo-577c,-7,45,Normal
2026-02-08 13:02:15.483102,Tokyo-577c,26,87,Normal
2026-02-08 13:02:16.483102,Tokyo-577c,50,42,Normal
2026-02-08 13:02:17.483102,Tokyo-577c,41,2,Normal
2026-02-08 13:02:18.483102,Tokyo-577c,3,73,Normal
2026-02-08 13:02:19.483102,Tokyo-577c,-23,67,Normal
2026-02-08 13:02:20.483102,Tokyo-577c,-3,19,Normal
2026-02-08 13:02:21.483102,Tokyo-577c,27,43,Normal
2026-02-08 13:02:22.483102,Tokyo-577c,20,87,Normal
2026-02-08 13:02:23.483102,Tokyo-577c,13,42,Normal
2026-02-08 13:02:24.483102,Tokyo-577c,26,6,Normal
2026-02-08 13:02:25.483102,Tokyo-577c,-15,26,Normal
2026-02-08 13:02:26.483102,Tokyo-577c,11,49,Normal
2026-02-08 13:02:27.483102,Tokyo-577c,-4,20,Normal
2026-02-08 13:02:28.483102,Tokyo-577c,43,39,Normal
2026-02-08 13:02:29.483102,Tokyo-577c,36,8,Normal
2026-02-08 13:02:30.483102,Tokyo-577c,-26,92,Normal
2026-02-08 13:02:31.483102,Tokyo-577c,50,19,Normal
2026-02-08 13:02:32.483102,Tokyo-577c,16,25,Normal
2026-02-08 13:02:33.483102,Tokyo-577c,22,3,Normal
2026-02-08 13:02:34.483102,Tokyo-577c,48,9,Normal
2026-02-08 13:02:35.483102,Tokyo-577c,38,45,Normal
2026-02-08 13:02:36.483102,Tokyo-577c,27,73,Normal
2026-02-08 13:02:37.483102,Tokyo-577c,-25,81,Normal
2026-02-08 13:02:38.483102,Tokyo-577c,-5,71,Normal
2026-02-08 13:02:39.483102,Tokyo-577c,13,19,Normal
2026-02-08 13:02:40.483102,Tokyo-577c,-26,83,Normal
2026-02-08 13:02:41.483102,Tokyo-577c,-16,20,Normal
2026-02-08 13:02:42.483102,Tokyo-577c,24,35,Normal
2026-02-08 13:02:43.483102,Tokyo-577c,-5,42,Normal
2026-02-08 13:02:44.483102,Tokyo-577c,16,56,Normal
2026-02-08 13:02:45.483102,Tokyo-577c,26,16,Normal
2026-02-08 13:02:46.483102,Tokyo-577c,-21,42,Normal
2026-02-08 13:02:47.483102,Tokyo-577c,-8,68,Normal
2026-02-08 13:02:48.483102,Tokyo-577c,15,10,Normal
2026-02-08 13:02:49.483102,Tokyo-577c,9,76,Normal
2026-02-08 13:02:50.483102,Tokyo-577c,3,51,Normal
2026-02-08 13:02:51.483102,Tokyo-577c,22,33,Normal
2026-02-08 13:02:52.483102,Tokyo-577c,15,53,Normal
2026-02-08 13:02:53.483102,Tokyo-577c,45,44,Normal
2026-02-08 13:02:54.483102,Tokyo-577c,36,84,Normal
2026-02-08 13:02:55.483102,Tokyo-577c,46,38,Normal
2026-02-08 13:02:56.483102,Tokyo-577c,38,72,Normal
2026-02-08 13:02:57.483102,Tokyo-577c,13,22,Normal
2026-02-08 13:02:58.483102,Tokyo-577c,27,86,Normal
2026-02-08 13:02:59.483102,Tokyo-577c,-8,19,Normal
2026-02-08 13:03:00.483102,Tokyo-577c,44,86,Normal
2026-02-08 13:03:01.483102,Tokyo-577c,44,70,Normal
2026-02-08 13:03:02.483102,Tokyo-577c,30,59,Normal
2026-02-08 13:03:03.483102,Tokyo-577c,10,23,Normal
2026-02-08 13:03:04.483102,Tokyo-577c,31,67,Normal
2026-02-08 13:03:05.483102,Tokyo-577c,29,54,Normal
2026-02-08 13:03:06.483102,Tokyo-577c,48,30,Normal
2026-02-08 13:03:07.483102,Tokyo-577c,9,5,Normal
2026-02-08 13:03:08.483102,Tokyo-577c,7,62,Normal
2026-02-08 13:03:09.483102,Tokyo-577c,33,8,Normal
2026-02-08 13:03:10.483102,Tokyo-577c,42,61,Normal
2026-02-08 13:03:11.483102,Tokyo-577c,10,47,Normal
2026-02-08 13:03:12.483102,Tokyo-577c,-3,30,Normal
2026-02-08 13:03:13.483102,Tokyo-577c,-16,30,Normal
2026-02-08 13:03:14.483102,Tokyo-577c,-5,35,Normal
2026-02-08 13:03:15.483102,Tokyo-577c,0,56,Normal
2026-02-08 13:03:16.483102,Tokyo-577c,40,15,Normal
2026-02-08 13:03:17.483102,Tokyo-577c,14,75,Normal
2026-02-08 13:03:18.483102,Tokyo-577c,15,14,Normal
2026-02-08 13:03:19.483102,Tokyo-577c,41,7,Normal
2026-02-08 13:03:20.483102,Tokyo-577c,-13,11,Normal
2026-02-08 13:03:21.483102,Tokyo-577c,-23,27,Normal
2026-02-08 13:03:22.483102,Tokyo-577c,-28,66,Normal
2026-02-08 13:03:23.483102,Tokyo-577c,22,75,Normal
2026-02-08 13:03:24.483102,Tokyo-577c,-7,42,Normal
2026-02-08 13:03:25.483102,Tokyo-577c,-3,5,Normal
2026-02-08 13:03:26.483102,Tokyo-577c,0,5,Normal
2026-02-08 13:03:27.483102,Tokyo-577c,8,76,Normal
2026-02-08 13:03:28.483102,Tokyo-577c,-9,20,Normal
2026-02-08 13:03:29.483102,Tokyo-577c,5,69,Normal
2026-02-08 13:03:30.483102,Tokyo-577c,39,91,Normal
2026-02-08 13:03:31.483102,Tokyo-577c,27,41,Normal
2026-02-08 13:03:32.483102,Tokyo-577c,28,33,Normal
2026-02-08 13:03:33.483102,Tokyo-577c,-28,50,Normal
2026-02-08 13:03:34.483102,Tokyo-577c,-2,39,Normal
2026-02-08 13:03:35.483102,Tokyo-577c,31,78,Normal
2026-02-08 13:03:36.483102,Tokyo-577c,40,24,Normal
2026-02-08 13:03:37.483102,Tokyo-577c,37,17,Normal
2026-02-08 13:03:38.483102,Tokyo-577c,21,20,Normal
2026-02-08 13:03:39.483102,Tokyo-577c,-1,62,Normal
2026-02-08 13:03:40.483102,Tokyo-577c,37,23,Normal
2026-02-08 13:03:41.483102,Tokyo-577c,2,59,Normal
2026-02-08 13:03:42.483102,Tokyo-577c,12,52,Normal
2026-02-08 13:03:43.483102,Tokyo-577c,-10,66,Normal
2026-02-08 13:03:44.483102,Tokyo-577c,28,53,Normal
2026-02-08 13:03:45.483102,Tokyo-577c,-3,78,Normal
2026-02-08 13:03:46.483102,Tokyo-577c,39,48,Normal
2026-02-08 13:03:47.483102,Tokyo-577c,-21,98,Normal
2026-02-08 13:03:48.483102,Tokyo-577c,-27,7,Normal
2026-02-08 13:03:49.483102,Tokyo-577c,41,61,Normal
2026-02-08 13:03:50.483102,Tokyo-577c,-19,79,Normal
2026-02-08 13:03:51.483102,Tokyo-577c,-10,4,Normal
2026-02-08 13:03:52.483102,Tokyo-577c,45,53,Normal
2026-02-08 13:03:53.483102,Tokyo-577c,44,10,Normal
2026-02-08 13:03:54.483102,Tokyo-577c,-9,58,Normal
2026-02-08 13:03:55.483102,Tokyo-577c,28,62,Normal
2026-02-08 13:03:56.483102,Tokyo-577c,-16,10,Normal
2026-02-08 13:03:57.483102,Tokyo-577c,-20,26,Normal
2026-02-08 13:03:58.483102,Tokyo-577c,39,25,Normal
2026-02-08 13:03:59.483102,Tokyo-577c,48,22,Normal
2026-02-08 13:04:00.483102,Tokyo-577c,-4,20,Normal
2026-02-08 13:04:01.483102,Tokyo-577c,1,25,Normal
2026-02-08 13:04:02.483102,Tokyo-577c,-18,52,Normal
2026-02-08 13:04:03.483102,Tokyo-577c,46,9,Normal
2026-02-08 13:04:04.483102,Tokyo-577c,-22,65,Normal
2026-02-08 13:04:05.483102,Tokyo-577c,50,42,Normal
2026-02-08 13:04:06.483102,Tokyo-577c,-22,76,Normal
2026-02-08 13:04:07.483102,Tokyo-577c,1,71,Normal
2026-02-08 13:04:08.483102,Tokyo-577c,49,56,Normal
2026-02-08 13:04:09.483102,Tokyo-577c,-21,30,Normal
2026-02-08 13:04:10.483102,Tokyo-577c,22,61,Normal
2026-02-08 13:04:11.483102,Tokyo-577c,3,5,Normal
2026-02-08 13:04:12.483102,Tokyo-577c,-1,95,Normal
2026-02-08 13:04:13.483102,Tokyo-577c,32,1,Normal
2026-02-08 13:04:14.483102,Tokyo-577c,5,30,Normal
2026-02-08 13:04:15.483102,Tokyo-577c,12,39,Normal
2026-02-08 13:04:16.483102,Tokyo-577c,40,56,Normal
2026-02-08 13:04:17.483102,Tokyo-577c,2,38,Normal
2026-02-08 13:04:18.483102,Tokyo-577c,49,79,Normal
2026-02-08 13:04:19.483102,Tokyo-577c,50,39,Normal
2026-02-08 13:04:20.483102,Tokyo-577c,11,71,Normal
2026-02-08 13:04:21.483102,Tokyo-577c,1,38,Normal
2026-02-08 13:04:22.483102,Tokyo-577c,-24,55,Normal
2026-02-08 13:04:23.483102,Tokyo-577c,-2,34,Normal
2026-02-08 13:04:24.483102,Tokyo-577c,-5,85,Normal
2026-02-08 13:04:25.483102,Tokyo-577c,-18,6,Normal
2026-02-08 13:04:26.483102,Tokyo-577c,43,55,Normal
2026-02-08 13:04:27.483102,Tokyo-577c,12,44,Normal
2026-02-08 13:04:28.483102,Tokyo-577c,-16,37,Normal
2026-02-08 13:04:29.483102,Tokyo-577c,31,57,Normal
2026-02-08 13:04:30.483102,Tokyo-577c,48,17,Normal
2026-02-08 13:04:31.483102,Tokyo-577c,-20,97,Normal
2026-02-08 13:04:32.483102,Tokyo-577c,9,38,Normal
2026-02-08 13:04:33.483102,Tokyo-577c,48,60,Normal
2026-02-08 13:04:34.483102,Tokyo-577c,3,38,Normal
2026-02-08 13:04:35.483102,Tokyo-577c,-26,14,Normal
2026-02-08 13:04:36.483102,Tokyo-577c,17,78,Normal
2026-02-08 13:04:37.483102,Tokyo-577c,-15,34,Normal
2026-02-08 13:04:38.483102,Tokyo-577c,18,56,Normal
2026-02-08 13:04:39.483102,Tokyo-577c,45,50,Normal
2026-02-08 13:04:40.483102,Tokyo-577c,-10,63,Normal
2026-02-08 13:04:41.483102,Tokyo-577c,43,3,Normal
2026-02-08 13:04:42.483102,Tokyo-577c,-14,82,Normal
2026-02-08 13:04:43.483102,Tokyo-577c,-19,16,Normal
2026-02-08 13:04:44.483102,Tokyo-577c,-16,92,Normal
2026-02-08 13:04:45.483102,Tokyo-577c,21,19,Normal
2026-02-08 13:04:46.483102,Tokyo-577c,-27,75,Normal
2026-02-08 13:04:47.483102,Tokyo-577c,-27,39,Normal
2026-02-08 13:04:48.483102,Tokyo-577c,30,82,Normal
2026-02-08 13:04:49.483102,Tokyo-577c,1,48,Normal
2026-02-08 13:04:50.483102,Tokyo-577c,24,25,Normal
2026-02-08 13:04:51.483102,Tokyo-577c,12,75,Normal
2026-02-08 13:04:52.483102,Tokyo-577c,-3,98,Normal
2026-02-08 13:04:53.483102,Tokyo-577c,1,80,Normal
2026-02-08 13:04:54.483102,Tokyo-577c,-5,52,Normal
2026-02-08 13:04:55.483102,Tokyo-577c,23,73,Normal
2026-02-08 13:04:56.483102,Tokyo-577c,19,61,Normal
2026-02-08 13:04:57.483102,Tokyo-577c,5,89,Normal
2026-02-08 13:04:58.483102,Tokyo-577c,19,75,Normal
2026-02-08 13:04:59.483102,Tokyo-577c,-6,55,Normal
2026-02-08 13:05:00.483102,Tokyo-577c,-23,13,Normal
2026-02-08 13:05:01.483102,Tokyo-577c,21,26,Normal
2026-02-08 13:05:02.483102,Tokyo-577c,28,56,Normal
