timestamp,station_id,temp,humid,condition
2026-02-15 19:25:42.696856,London-bb3d,-29,0,Normal
2026-02-15 19:25:43.696856,London-bb3d,9,6,Normal
2026-02-15 19:25:44.696856,London-bb3d,42,69,Normal
2026-02-15 19:25:45.696856,London-bb3d,12,97,Normal
2026-02-15 19:25:46.696856,London-bb3d,-12,9,Normal
2026-02-15 19:25:47.696856,London-bb3d,5,59,Normal
2026-02-15 19:25:48.696856,London-bb3d,-27,77,Normal
2026-02-15 19:25:49.696856,London-bb3d,44,47,Normal
2026-02-15 19:25:50.696856,London-bb3d,28,27,Normal
2026-02-15 19:25:51.696856,London-bb3d,7,51,Normal
2026-02-15 19:25:52.696856,London-bb3d,10,84,Normal
2026-02-15 19:25:53.696856,London-bb3d,16,33,Normal
2026-02-15 19:25:54.696856,London-bb3d,-6,22,Normal
2026-02-15 19:25:55.696856,London-bb3d,-8,64,Normal
2026-02-15 19:25:56.696856,London-bb3d,39,95,Normal
2026-02-15 19:25:57.696856,London-bb3d,15,64,Normal
2026-02-15 19:25:58.696856,London-bb3d,16,19,Normal
2026-02-15 19:25:59.696856,London-bb3d,-28,3,Normal
2026-02-15 19:26:00.696856,London-bb3d,-6,32,Normal
2026-02-15 19:26:01.696856,London-bb3d,9,48,Normal
2026-02-15 19:26:02.696856,London-bb3d,33,91,Normal
2026-02-15 19:26:03.696856,London-bb3d,22,32,Normal
2026-02-15 19:26:04.696856,London-bb3d,46,71,Normal
2026-02-15 19:26:05.696856,London-bb3d,0,85,Normal
2026-02-15 19:26:06.696856,London-bb3d,27,56,Normal
2026-02-15 19:26:07.696856,London-bb3d,-7,26,Normal
2026-02-15 19:26:08.696856,London-bb3d,-16,88,Normal
2026-02-15 19:26:09.696856,London-bb3d,14,17,Normal
2026-02-15 19:26:10.696856,London-bb3d,20,77,Normal
2026-02-15 19:26:11.696856,London-bb3d,7,63,Normal
2026-02-15 19:26:12.696856,London-bb3d,10,73,Normal
2026-02-15 19:26:13.696856,London-bb3d,-6,9,Normal
2026-02-15 19:26:14.696856,London-bb3d,19,72,Normal
2026-02-15 19:26:15.696856,London-bb3d,-23,10,Normal
2026-02-15 19:26:16.696856,London-bb3d,43,32,Normal
2026-02-15 19:26:17.696856,London-bb3d,-20,44,Normal
2026-02-15 19:26:18.696856,London-bb3d,45,80,Normal
2026-02-15 19:26:19.696856,London-bb3d,37,9,Normal
2026-02-15 19:26:20.696856,London-bb3d,-22,24,Normal
2026-02-15 19:26:21.696856,London-bb3d,-26,18,Normal
2026-02-15 19:26:22.696856,London-bb3d,-1,52,Normal
2026-02-15 19:26:23.696856,London-bb3d,-8,14,Normal
2026-02-15 19:26:24.696856,London-bb3d,27,52,Normal
2026-02-15 19:26:25.696856,London-bb3d,-24,24,Normal
2026-02-15 19:26:26.696856,London-bb3d,16,74,Normal
2026-02-15 19:26:27.696856,London-bb3d,-24,21,Normal
2026-02-15 19:26:28.696856,London-bb3d,28,4,Normal
2026-02-15 19:26:29.696856,London-bb3d,-7,6,Normal
2026-02-15 19:26:30.696856,London-bb3d,50,64,Normal
2026-02-15 19:26:31.696856,London-bb3d,-14,86,Normal
2026-02-15 19:26:32.696856,London-bb3d,30,86,Normal
2026-02-15 19:26:33.696856,London-bb3d,-10,12,Normal
2026-02-15 19:26:34.696856,London-bb3d,8,95,Normal
2026-02-15 19:26:35.696856,London-bb3d,40,77,Normal
2026-02-15 19:26:36.696856,London-bb3d,-19,66,Normal
2026-02-15 19:26:37.696856,London-bb3d,-8,49,Normal
2026-02-15 19:26:38.696856,London-bb3d,31,79,Normal
2026-02-15 19:26:39.696856,London-bb3d,46,66,Normal
2026-02-15 19:26:40.696856,London-bb3d,2,39,Normal
2026-02-15 19:26:41.696856,London-bb3d,-29,40,Normal
2026-02-15 19:26:42.696856,London-bb3d,-17,91,Normal
2026-02-15 19:26:43.696856,London-bb3d,33,95,Normal
2026-02-15 19:26:44.696856,London-bb3d,-1,1,Normal
2026-02-15 19:26:45.696856,London-bb3d,-24,75,Normal
2026-02-15 19:26:46.696856,London-bb3d,39,40,Normal
2026-02-15 19:26:47.696856,London-bb3d,25,29,Normal
2026-02-15 19:26:48.696856,London-bb3d,-5,46,Normal
2026-02-15 19:26:49.696856,London-bb3d,10,86,Normal
2026-02-15 19:26:50.696856,London-bb3d,-11,69,Normal
2026-02-15 19:26:51.696856,London-bb3d,-13,53,Normal
2026-02-15 19:26:52.696856,London-bb3d,38,2,Normal
2026-02-15 19:26:53.696856,London-bb3d,50,57,Normal
2026-02-15 19:26:54.696856,London-bb3d,-9,35,Normal
2026-02-15 19:26:55.696856,London-bb3d,37,61,Normal
2026-02-15 19:26:56.696856,London-bb3d,-22,77,Normal
2026-02-15 19:26:57.696856,London-bb3d,45,45,Normal
2026-02-15 19:26:58.696856,London-bb3d,29,54,Normal
2026-02-15 19:26:59.696856,London-bb3d,19,38,Normal
2026-02-15 19:27:00.696856,London-bb3d,-2,4,Normal
2026-02-15 19:27:01.696856,London-bb3d,19,21,Normal
2026-02-15 19:27:02.696856,London-bb3d,-9,76,Normal
2026-02-15 19:27:03.696856,London-bb3d,24,14,Normal
2026-02-15 19:27:04.696856,London-bb3d,14,57,Normal
2026-02-15 19:27:05.696856,London-bb3d,-16,83,Normal
2026-02-15 19:27:06.696856,London-bb3d,-5,19,Normal
2026-02-15 19:27:07.696856,London-bb3d,31,84,Normal
2026-02-15 19:27:08.696856,London-bb3d,17,55,Normal
2026-02-15 19:27:09.696856,London-bb3d,-19,20,Normal
2026-02-15 19:27:10.696856,London-bb3d,-21,13,Normal
2026-02-15 19:27:11.696856,London-bb3d,-21,87,Normal
2026-02-15 19:27:12.696856,London-bb3d,4,27,Normal
2026-02-15 19:27:13.696856,London-bb3d,-28,29,Normal
2026-02-15 19:27:14.696856,London-bb3d,-29,35,Normal
2026-02-15 19:27:15.696856,London-bb3d,11,53,Normal
2026-02-15 19:27:16.696856,London-bb3d,-10,51,Normal
2026-02-15 19:27:17.696856,London-bb3d,-15,28,Normal
2026-02-15 19:27:18.696856,London-bb3d,-10,19,Normal
2026-02-15 19:27:19.696856,London-bb3d,44,10,Normal
2026-02-15 19:27:20.696856,London-bb3d,9,48,Normal
2026-02-15 19:27:21.696856,London-bb3d,-25,64,Normal
2026-02-15 19:27:22.696856,London-bb3d,44,84,Normal
2026-02-15 19:27:23.696856,London-bb3d,39,32,Normal
2026-02-15 19:27:24.696856,London-bb3d,17,75,Normal
2026-02-15 19:27:25.696856,London-bb3d,-1,97,Normal
2026-02-15 19:27:26.696856,London-bb3d,25,27,Normal
2026-02-15 19:27:27.696856,London-bb3d,6,6,Normal
2026-02-15 19:27:28.696856,London-bb3d,38,84,Normal
2026-02-15 19:27:29.696856,London-bb3d,45,43,Normal
2026-02-15 19:27:30.696856,London-bb3d,11,73,Normal
2026-02-15 19:27:31.696856,London-bb3d,40,25,Normal
2026-02-15 19:27:32.696856,London-bb3d,2,11,Normal
2026-02-15 19:27:33.696856,London-bb3d,-19,11,Normal
2026-02-15 19:27:34.696856,London-bb3d,41,21,Normal
2026-02-15 19:27:35.696856,London-bb3d,38,67,Normal
2026-02-15 19:27:36.696856,London-bb3d,-26,58,Normal
2026-02-15 19:27:37.696856,London-bb3d,44,66,Normal
2026-02-15 19:27:38.696856,London-bb3d,22,42,Normal
2026-02-15 19:27:39.696856,London-bb3d,32,72,Normal
2026-02-15 19:27:40.696856,London-bb3d,30,60,Normal
2026-02-15 19:27:41.696856,London-bb3d,0,81,Normal
2026-02-15 19:27:42.696856,London-bb3d,39,53,Normal
2026-02-15 19:27:43.696856,London-bb3d,17,60,Normal
2026-02-15 19:27:44.696856,London-bb3d,47,17,Normal
2026-02-15 19:27:45.696856,London-bb3d,37,21,Normal
2026-02-15 19:27:46.696856,London-bb3d,-4,94,Normal
2026-02-15 19:27:47.696856,London-bb3d,-18,18,Normal
2026-02-15 19:27:48.696856,London-bb3d,20,7,Normal
2026-02-15 19:27:49.696856,London-bb3d,-6,90,Normal
2026-02-15 19:27:50.696856,London-bb3d,42,81,Normal
2026-02-15 19:27:51.696856,London-bb3d,2,36,Normal
2026-02-15 19:27:52.696856,London-bb3d,-16,97,Normal
2026-02-15 19:27:53.696856,London-bb3d,9,30,Normal
2026-02-15 19:27:54.696856,London-bb3d,-17,26,Normal
2026-02-15 19:27:55.696856,London-bb3d,6,43,Normal
2026-02-15 19:27:56.696856,London-bb3d,-7,36,Normal
2026-02-15 19:27:57.696856,London-bb3d,42,70,Normal
2026-02-15 19:27:58.696856,London-bb3d,-29,52,Normal
2026-02-15 19:27:59.696856,London-bb3d,-18,44,Normal
2026-02-15 19:28:00.696856,London-bb3d,42,82,Normal
2026-02-15 19:28:01.696856,London-bb3d,46,76,Normal
2026-02-15 19:28:02.696856,London-bb3d,-23,90,Normal
2026-02-15 19:28:03.696856,London-bb3d,49,24,Normal
2026-02-15 19:28:04.696856,London-bb3d,-9,16,Normal
2026-02-15 19:28:05.696856,London-bb3d,9,3,Normal
2026-02-15 19:28:06.696856,London-bb3d,28,8,Normal
2026-02-15 19:28:07.696856,London-bb3d,43,72,Normal
2026-02-15 19:28:08.696856,London-bb3d,44,27,Normal
2026-02-15 19:28:09.696856,London-bb3d,30,71,Normal
2026-02-15 19:28:10.696856,London-bb3d,14,39,Normal
2026-02-15 19:28:11.696856,London-bb3d,10,39,Normal
2026-02-15 19:28:12.696856,London-bb3d,-12,3,Normal
2026-02-15 19:28:13.696856,London-bb3d,-11,95,Normal
2026-02-15 19:28:14.696856,London-bb3d,37,70,Normal
2026-02-15 19:28:15.696856,London-bb3d,26,41,Normal
2026-02-15 19:28:16.696856,London-bb3d,29,42,Normal
2026-02-15 19:28:17.696856,London-bb3d,38,86,Normal
2026-02-15 19:28:18.696856,London-bb3d,20,72,Normal
2026-02-15 19:28:19.696856,London-bb3d,38,5,Normal
2026-02-15 19:28:20.696856,London-bb3d,-27,65,Normal
2026-02-15 19:28:21.696856,London-bb3d,49,21,Normal
2026-02-15 19:28:22.696856,London-bb3d,47,81,Normal
2026-02-15 19:28:23.696856,London-bb3d,29,16,Normal
2026-02-15 19:28:24.696856,London-bb3d,29,58,Normal
2026-02-15 19:28:25.696856,London-bb3d,46,7,Normal
2026-02-15 19:28:26.696856,London-bb3d,14,35,Normal
2026-02-15 19:28:27.696856,London-bb3d,48,91,Normal
2026-02-15 19:28:28.696856,London-bb3d,15,85,Normal
2026-02-15 19:28:29.696856,London-bb3d,-15,31,Normal
2026-02-15 19:28:30.696856,London-bb3d,-16,87,Normal
2026-02-15 19:28:31.696856,London-bb3d,47,49,Normal
2026-02-15 19:28:32.696856,London-bb3d,-24,1,Normal
2026-02-15 19:28:33.696856,London-bb3d,-4,30,Normal
2026-02-15 19:28:34.696856,London-bb3d,43,46,Normal
2026-02-15 19:28:35.696856,London-bb3d,-14,2,Normal
2026-02-15 19:28:36.696856,London-bb3d,-18,10,Normal
2026-02-15 19:28:37.696856,London-bb3d,-3,22,Normal
2026-02-15 19:28:38.696856,London-bb3d,13,83,Normal
2026-02-15 19:28:39.696856,London-bb3d,29,55,Normal
2026-02-15 19:28:40.696856,London-bb3d,7,18,Normal
2026-02-15 19:28:41.696856,London-bb3d,-2,39,Normal
2026-02-15 19:28:42.696856,London-bb3d,44,2,Normal
2026-02-15 19:28:43.696856,London-bb3d,-9,12,Normal
2026-02-15 19:28:44.696856,London-bb3d,-24,27,Normal
2026-02-15 19:28:45.696856,London-bb3d,46,56,Normal
2026-02-15 19:28:46.696856,London-bb3d,-9,72,Normal
2026-02-15 19:28:47.696856,London-bb3d,0,74,Normal
2026-02-15 19:28:48.696856,London-bb3d,8,27,Normal
2026-02-15 19:28:49.696856,London-bb3d,42,47,Normal
2026-02-15 19:28:50.696856,London-bb3d,28,38,Normal
2026-02-15 19:28:51.696856,London-bb3d,-3,92,Normal
2026-02-15 19:28:52.696856,London-bb3d,15,9,Normal
2026-02-15 19:28:53.696856,London-bb3d,28,96,Normal
2026-02-15 19:28:54.696856,London-bb3d,27,43,Normal
2026-02-15 19:28:55.696856,London-bb3d,43,33,Normal
2026-02-15 19:28:56.696856,London-bb3d,35,38,Normal
2026-02-15 19:28:57.696856,London-bb3d,-1,44,Normal
2026-02-15 19:28:58.696856,London-bb3d,-29,99,Normal
2026-02-15 19:28:59.696856,London-bb3d,15,91,Normal
2026-02-15 19:29:00.696856,London-bb3d,-16,24,Normal
2026-02-15 19:29:01.696856,London-bb3d,-15,51,Normal
2026-02-15 19:29:02.696856,London-bb3d,19,85,Normal
2026-02-15 19:29:03.696856,London-bb3d,-11,33,Normal
2026-02-15 19:29:04.696856,London-bb3d,-17,88,Normal
2026-02-15 19:29:05.696856,London-bb3d,13,71,Normal
2026-02-15 19:29:06.696856,London-bb3d,39,69,Normal
2026-02-15 19:29:07.696856,London-bb3d,24,29,Normal
2026-02-15 19:29:08.696856,London-bb3d,-5,13,Normal
2026-02-15 19:29:09.696856,London-bb3d,18,54,Normal
2026-02-15 19:29:10.696856,London-bb3d,-12,19,Normal
2026-02-15 19:29:11.696856,London-bb3d,-7,74,Normal
2026-02-15 19:29:12.696856,London-bb3d,21,61,Normal
2026-02-15 19:29:13.696856,London-bb3d,20,77,Normal
2026-02-15 19:29:14.696856,London-bb3d,26,97,Normal
2026-02-15 19:29:15.696856,London-bb3d,16,72,Normal
2026-02-15 19:29:16.696856,London-bb3d,-12,39,Normal
2026-02-15 19:29:17.696856,London-bb3d,44,6,Normal
2026-02-15 19:29:18.696856,London-bb3d,-6,74,Normal
2026-02-15 19:29:19.696856,London-bb3d,23,70,Normal
2026-02-15 19:29:20.696856,London-bb3d,23,51,Normal
2026-02-15 19:29:21.696856,London-bb3d,33,11,Normal
2026-02-15 19:29:22.696856,London-bb3d,9,88,Normal
2026-02-15 19:29:23.696856,London-bb3d,-8,85,Normal
2026-02-15 19:29:24.696856,London-bb3d,2,73,Normal
2026-02-15 19:29:25.696856,London-bb3d,49,4,Normal
2026-02-15 19:29:26.696856,London-bb3d,38,18,Normal
2026-02-15 19:29:27.696856,London-bb3d,31,70,Normal
2026-02-15 19:29:28.696856,London-bb3d,10,36,Normal
2026-02-15 19:29:29.696856,London-bb3d,-20,25,Normal
2026-02-15 19:29:30.696856,London-bb3d,39,38,Normal
2026-02-15 19:29:31.696856,London-bb3d,46,15,Normal
2026-02-15 19:29:32.696856,London-bb3d,15,40,Normal
2026-02-15 19:29:33.696856,London-bb3d,-10,26,Normal
2026-02-15 19:29:34.696856,London-bb3d,27,38,Normal
2026-02-15 19:29:35.696856,London-bb3d,42,65,Normal
2026-02-15 19:29:36.696856,London-bb3d,14,50,Normal
2026-02-15 19:29:37.696856,London-bb3d,-25,19,Normal
2026-02-15 19:29:38.696856,London-bb3d,7,76,Normal
2026-02-15 19:29:39.696856,London-bb3d,8,94,Normal
2026-02-15 19:29:40.696856,London-bb3d,3,54,Normal
2026-02-15 19:29:41.696856,London-bb3d,30,47,Normal
2026-02-15 19:29:42.696856,London-bb3d,-4,23,Normal
2026-02-15 19:29:43.696856,London-bb3d,50,67,Normal
2026-02-15 19:29:44.696856,London-bb3d,-4,62,Normal
2026-02-15 19:29:45.696856,London-bb3d,-12,77,Normal
2026-02-15 19:29:46.696856,London-bb3d,36,25,Normal
2026-02-15 19:29:47.696856,London-bb3d,41,88,Normal
2026-02-15 19:29:48.696856,London-bb3d,37,53,Normal
2026-02-15 19:29:49.696856,London-bb3d,22,46,Normal
2026-02-15 19:29:50.696856,London-bb3d,-19,20,Normal
2026-02-15 19:29:51.696856,London-bb3d,-18,20,Normal
2026-02-15 19:29:52.696856,London-bb3d,23,9,Normal
2026-02-15 19:29:53.696856,London-bb3d,15,87,Normal
2026-02-15 19:29:54.696856,London-bb3d,26,66,Normal
2026-02-15 19:29:55.696856,London-bb3d,8,70,Normal
2026-02-15 19:29:56.696856,London-bb3d,31,43,Normal
2026-02-15 19:29:57.696856,London-bb3d,-22,74,Normal
2026-02-15 19:29:58.696856,London-bb3d,7,91,Normal
2026-02-15 19:29:59.696856,London-bb3d,33,78,Normal
2026-02-15 19:30:00.696856,London-bb3d,39,36,Normal
2026-02-15 19:30:01.696856,London-bb3d,17,23,Normal
2026-02-15 19:30:02.696856,London-bb3d,-25,2,Normal
2026-02-15 19:30:03.696856,London-bb3d,21,30,Normal
2026-02-15 19:30:04.696856,London-bb3d,15,72,Normal
2026-02-15 19:30:05.696856,London-bb3d,-27,25,Normal
2026-02-15 19:30:06.696856,London-bb3d,-14,70,Normal
2026-02-15 19:30:07.696856,London-bb3d,22,65,Normal
2026-02-15 19:30:08.696856,London-bb3d,37,91,Normal
2026-02-15 19:30:09.696856,London-bb3d,44,15,Normal
2026-02-15 19:30:10.696856,London-bb3d,-8,46,Normal
2026-02-15 19:30:11.696856,London-bb3d,-27,90,Normal
2026-02-15 19:30:12.696856,London-bb3d,-1,26,Normal
2026-02-15 19:30:13.696856,London-bb3d,-30,22,Normal
2026-02-15 19:30:14.696856,London-bb3d,26,10,Normal
2026-02-15 19:30:15.696856,London-bb3d,-28,89,Normal
2026-02-15 19:30:16.696856,London-bb3d,45,98,Normal
2026-02-15 19:30:17.696856,London-bb3d,7,34,Normal
2026-02-15 19:30:18.696856,London-bb3d,-24,58,Normal
2026-02-15 19:30:19.696856,London-bb3d,46,84,Normal
2026-02-15 19:30:20.696856,London-bb3d,-6,55,Normal
2026-02-15 19:30:21.696856,London-bb3d,18,29,Normal
2026-02-15 19:30:22.696856,London-bb3d,48,98,Normal
2026-02-15 19:30:23.696856,London-bb3d,42,27,Normal
2026-02-15 19:30:24.696856,London-bb3d,0,96,Normal
2026-02-15 19:30:25.696856,London-bb3d,-12,82,Normal
2026-02-15 19:30:26.696856,London-bb3d,-5,62,Normal
2026-02-15 19:30:27.696856,London-bb3d,-21,32,Normal
2026-02-15 19:30:28.696856,London-bb3d,34,55,Normal
2026-02-15 19:30:29.696856,London-bb3d,16,43,Normal
2026-02-15 19:30:30.696856,London-bb3d,21,34,Normal
2026-02-15 19:30:31.696856,London-bb3d,-24,30,Normal
2026-02-15 19:30:32.696856,London-bb3d,29,99,Normal
2026-02-15 19:30:33.696856,London-bb3d,32,39,Normal
2026-02-15 19:30:34.696856,London-bb3d,6,86,Normal
2026-02-15 19:30:35.696856,London-bb3d,-27,20,Normal
2026-02-15 19:30:36.696856,London-bb3d,32,18,Normal
2026-02-15 19:30:37.696856,London-bb3d,27,48,Normal
2026-02-15 19:30:38.696856,London-bb3d,-28,87,Normal
2026-02-15 19:30:39.696856,London-bb3d,6,100,Normal
2026-02-15 19:30:40.696856,London-bb3d,-12,11,Normal
2026-02-15 19:30:41.696856,London-bb3d,17,94,Normal
2026-02-15 19:30:42.696856,London-bb3d,-8,44,Normal
2026-02-15 19:30:43.696856,London-bb3d,-29,5,Normal
2026-02-15 19:30:44.696856,London-bb3d,-4,40,Normal
2026-02-15 19:30:45.696856,London-bb3d,49,26,Normal
2026-02-15 19:30:46.696856,London-bb3d,-2,41,Normal
2026-02-15 19:30:47.696856,London-bb3d,12,12,Normal
2026-02-15 19:30:48.696856,London-bb3d,33,81,Normal
2026-02-15 19:30:49.696856,London-bb3d,36,55,Normal
2026-02-15 19:30:50.696856,London-bb3d,30,35,Normal
2026-02-15 19:30:51.696856,London-bb3d,-22,51,Normal
2026-02-15 19:30:52.696856,London-bb3d,35,25,Normal
2026-02-15 19:30:53.696856,London-bb3d,-20,8,Normal
2026-02-15 19:30:54.696856,London-bb3d,36,33,Normal
2026-02-15 19:30:55.696856,London-bb3d,12,5,Normal
2026-02-15 19:30:56.696856,London-bb3d,-18,4,Normal
2026-02-15 19:30:57.696856,London-bb3d,46,69,Normal
2026-02-15 19:30:58.696856,London-bb3d,29,83,Normal
2026-02-15 19:30:59.696856,London-bb3d,10,25,Normal
2026-02-15 19:31:00.696856,London-bb3d,11,27,Normal
2026-02-15 19:31:01.696856,London-bb3d,-9,29,Normal
2026-02-15 19:31:02.696856,London-bb3d,-13,35,Normal
2026-02-15 19:31:03.696856,London-bb3d,33,85,Normal
2026-02-15 19:31:04.696856,London-bb3d,32,61,Normal
2026-02-15 19:31:05.696856,London-bb3d,3,48,Normal
2026-02-15 19:31:06.696856,London-bb3d,32,75,Normal
2026-02-15 19:31:07.696856,London-bb3d,28,70,Normal
2026-02-15 19:31:08.696856,London-bb3d,32,49,Normal
2026-02-15 19:31:09.696856,London-bb3d,23,87,Normal
2026-02-15 19:31:10.696856,London-bb3d,-23,33,Normal
2026-02-15 19:31:11.696856,London-bb3d,1,76,Normal
2026-02-15 19:31:12.696856,London-bb3d,33,48,Normal
2026-02-15 19:31:13.696856,London-bb3d,36,68,Normal
2026-02-15 19:31:14.696856,London-bb3d,30,39,Normal
2026-02-15 19:31:15.696856,London-bb3d,8,58,Normal
2026-02-15 19:31:16.696856,London-bb3d,-10,15,Normal
2026-02-15 19:31:17.696856,London-bb3d,-25,65,Normal
2026-02-15 19:31:18.696856,London-bb3d,12,36,Normal
2026-02-15 19:31:19.696856,London-bb3d,33,64,Normal
2026-02-15 19:31:20.696856,London-bb3d,-4,2,Normal
2026-02-15 19:31:21.696856,London-bb3d,-23,54,Normal
2026-02-15 19:31:22.696856,London-bb3d,37,60,Normal
2026-02-15 19:31:23.696856,London-bb3d,9,92,Normal
2026-02-15 19:31:24.696856,London-bb3d,-1,28,Normal
2026-02-15 19:31:25.696856,London-bb3d,2,0,Normal
2026-02-15 19:31:26.696856,London-bb3d,20,68,Normal
2026-02-15 19:31:27.696856,London-bb3d,32,10,Normal
2026-02-15 19:31:28.696856,London-bb3d,-2,19,Normal
2026-02-15 19:31:29.696856,London-bb3d,-25,83,Normal
2026-02-15 19:31:30.696856,London-bb3d,28,7,Normal
2026-02-15 19:31:31.696856,London-bb3d,-17,55,Normal
2026-02-15 19:31:32.696856,London-bb3d,2,89,Normal
2026-02-15 19:31:33.696856,London-bb3d,0,60,Normal
2026-02-15 19:31:34.696856,London-bb3d,48,46,Normal
2026-02-15 19:31:35.696856,London-bb3d,29,83,Normal
2026-02-15 19:31:36.696856,London-bb3d,7,79,Normal
2026-02-15 19:31:37.696856,London-bb3d,-20,3,Normal
2026-02-15 19:31:38.696856,London-bb3d,-5,63,Normal
2026-02-15 19:31:39.696856,London-bb3d,-5,86,Normal
2026-02-15 19:31:40.696856,London-bb3d,12,10,Normal
2026-02-15 19:31:41.696856,London-bb3d,-11,15,Normal
2026-02-15 19:31:42.696856,London-bb3d,31,87,Normal
2026-02-15 19:31:43.696856,London-bb3d,-6,94,Normal
2026-02-15 19:31:44.696856,London-bb3d,0,54,Normal
2026-02-15 19:31:45.696856,London-bb3d,-23,77,Normal
2026-02-15 19:31:46.696856,London-bb3d,-19,2,Normal
2026-02-15 19:31:47.696856,London-bb3d,7,24,Normal
2026-02-15 19:31:48.696856,London-bb3d,-2,90,Normal
2026-02-15 19:31:49.696856,London-bb3d,3,79,Normal
2026-02-15 19:31:50.696856,London-bb3d,4,79,Normal
2026-02-15 19:31:51.696856,London-bb3d,45,28,Normal
2026-02-15 19:31:52.696856,London-bb3d,46,24,Normal
2026-02-15 19:31:53.696856,London-bb3d,26,14,Normal
2026-02-15 19:31:54.696856,London-bb3d,23,67,Normal
2026-02-15 19:31:55.696856,London-bb3d,39,29,Normal
2026-02-15 19:31:56.696856,London-bb3d,25,83,Normal
2026-02-15 19:31:57.696856,London-bb3d,22,49,Normal
2026-02-15 19:31:58.696856,London-bb3d,15,29,Normal
2026-02-15 19:31:59.696856,London-bb3d,5,45,Normal
2026-02-15 19:32:00.696856,London-bb3d,-25,17,Normal
2026-02-15 19:32:01.696856,London-bb3d,26,83,Normal
2026-02-15 19:32:02.696856,London-bb3d,18,23,Normal
2026-02-15 19:32:03.696856,London-bb3d,-28,69,Normal
2026-02-15 19:32:04.696856,London-bb3d,41,43,Normal
2026-02-15 19:32:05.696856,London-bb3d,35,45,Normal
2026-02-15 19:32:06.696856,London-bb3d,14,13,Normal
2026-02-15 19:32:07.696856,London-bb3d,-11,100,Normal
2026-02-15 19:32:08.696856,London-bb3d,1,93,Normal
2026-02-15 19:32:09.696856,London-bb3d,21,29,Normal
2026-02-15 19:32:10.696856,London-bb3d,-28,84,Normal
2026-02-15 19:32:11.696856,London-bb3d,22,10,Normal
2026-02-15 19:32:12.696856,London-bb3d,33,23,Normal
2026-02-15 19:32:13.696856,London-bb3d,-17,5,Normal
2026-02-15 19:32:14.696856,London-bb3d,49,45,Normal
2026-02-15 19:32:15.696856,London-bb3d,32,65,Normal
2026-02-15 19:32:16.696856,London-bb3d,-2,69,Normal
2026-02-15 19:32:17.696856,London-bb3d,-8,81,Normal
2026-02-15 19:32:18.696856,London-bb3d,-21,41,Normal
2026-02-15 19:32:19.696856,London-bb3d,-17,33,Normal
2026-02-15 19:32:20.696856,London-bb3d,43,90,Normal
2026-02-15 19:32:21.696856,London-bb3d,10,2,Normal
2026-02-15 19:32:22.696856,London-bb3d,17,9,Normal
2026-02-15 19:32:23.696856,London-bb3d,28,52,Normal
2026-02-15 19:32:24.696856,London-bb3d,33,28,Normal
2026-02-15 19:32:25.696856,London-bb3d,-24,34,Normal
2026-02-15 19:32:26.696856,London-bb3d,10,44,Normal
2026-02-15 19:32:27.696856,London-bb3d,12,42,Normal
2026-02-15 19:32:28.696856,London-bb3d,40,40,Normal
2026-02-15 19:32:29.696856,London-bb3d,39,15,Normal
2026-02-15 19:32:30.696856,London-bb3d,48,44,Normal
2026-02-15 19:32:31.696856,London-bb3d,22,13,Normal
2026-02-15 19:32:32.696856,London-bb3d,42,20,Normal
2026-02-15 19:32:33.696856,London-bb3d,19,95,Normal
2026-02-15 19:32:34.696856,London-bb3d,42,9,Normal
2026-02-15 19:32:35.696856,London-bb3d,39,55,Normal
2026-02-15 19:32:36.696856,London-bb3d,18,76,Normal
2026-02-15 19:32:37.696856,London-bb3d,-21,9,Normal
2026-02-15 19:32:38.696856,London-bb3d,-28,10,Normal
2026-02-15 19:32:39.696856,London-bb3d,-9,29,Normal
2026-02-15 19:32:40.696856,London-bb3d,-3,61,Normal
2026-02-15 19:32:41.696856,London-bb3d,24,53,Normal
2026-02-15 19:32:42.696856,London-bb3d,-13,13,Normal
2026-02-15 19:32:43.696856,London-bb3d,-28,75,Normal
2026-02-15 19:32:44.696856,London-bb3d,-15,80,Normal
2026-02-15 19:32:45.696856,London-bb3d,5,12,Normal
2026-02-15 19:32:46.696856,London-bb3d,4,23,Normal
2026-02-15 19:32:47.696856,London-bb3d,8,91,Normal
2026-02-15 19:32:48.696856,London-bb3d,7,30,Normal
2026-02-15 19:32:49.696856,London-bb3d,15,96,Normal
2026-02-15 19:32:50.696856,London-bb3d,13,2,Normal
2026-02-15 19:32:51.696856,London-bb3d,21,87,Normal
2026-02-15 19:32:52.696856,London-bb3d,8,73,Normal
2026-02-15 19:32:53.696856,London-bb3d,50,21,Normal
2026-02-15 19:32:54.696856,London-bb3d,-3,85,Normal
2026-02-15 19:32:55.696856,London-bb3d,46,61,Normal
2026-02-15 19:32:56.696856,London-bb3d,34,11,Normal
2026-02-15 19:32:57.696856,London-bb3d,45,44,Normal
2026-02-15 19:32:58.696856,London-bb3d,18,4,Normal
2026-02-15 19:32:59.696856,London-bb3d,-26,50,Normal
2026-02-15 19:33:00.696856,London-bb3d,25,34,Normal
2026-02-15 19:33:01.696856,London-bb3d,4,83,Normal
2026-02-15 19:33:02.696856,London-bb3d,-10,32,Normal
2026-02-15 19:33:03.696856,London-bb3d,49,50,Normal
2026-02-15 19:33:04.696856,London-bb3d,28,54,Normal
2026-02-15 19:33:05.696856,London-bb3d,33,16,Normal
2026-02-15 19:33:06.696856,London-bb3d,-9,86,Normal
2026-02-15 19:33:07.696856,London-bb3d,-15,8,Normal
2026-02-15 19:33:08.696856,London-bb3d,13,8,Normal
2026-02-15 19:33:09.696856,London-bb3d,39,2,Normal
2026-02-15 19:33:10.696856,London-bb3d,44,62,Normal
2026-02-15 19:33:11.696856,London-bb3d,-16,49,Normal
2026-02-15 19:33:12.696856,London-bb3d,4,85,Normal
2026-02-15 19:33:13.696856,London-bb3d,18,16,Normal
2026-02-15 19:33:14.696856,London-bb3d,26,28,Normal
2026-02-15 19:33:15.696856,London-bb3d,-27,29,Normal
2026-02-15 19:33:16.696856,London-bb3d,7,52,Normal
2026-02-15 19:33:17.696856,London-bb3d,8,1,Normal
2026-02-15 19:33:18.696856,London-bb3d,49,62,Normal
2026-02-15 19:33:19.696856,London-bb3d,43,15,Normal
2026-02-15 19:33:20.696856,London-bb3d,-15,4,Normal
2026-02-15 19:33:21.696856,London-bb3d,-22,80,Normal
2026-02-15 19:33:22.696856,London-bb3d,-29,48,Normal
2026-02-15 19:33:23.696856,London-bb3d,-18,78,Normal
2026-02-15 19:33:24.696856,London-bb3d,15,66,Normal
2026-02-15 19:33:25.696856,London-bb3d,46,16,Normal
2026-02-15 19:33:26.696856,London-bb3d,41,42,Normal
2026-02-15 19:33:27.696856,London-bb3d,-26,67,Normal
2026-02-15 19:33:28.696856,London-bb3d,-11,63,Normal
2026-02-15 19:33:29.696856,London-bb3d,-5,79,Normal
2026-02-15 19:33:30.696856,London-bb3d,50,55,Normal
2026-02-15 19:33:31.696856,London-bb3d,-1,84,Normal
2026-02-15 19:33:32.696856,London-bb3d,21,3,Normal
2026-02-15 19:33:33.696856,London-bb3d,-17,71,Normal
2026-02-15 19:33:34.696856,London-bb3d,-20,22,Normal
2026-02-15 19:33:35.696856,London-bb3d,-24,63,Normal
2026-02-15 19:33:36.696856,London-bb3d,20,95,Normal
2026-02-15 19:33:37.696856,London-bb3d,18,64,Normal
2026-02-15 19:33:38.696856,London-bb3d,9,14,Normal
2026-02-15 19:33:39.696856,London-bb3d,25,100,Normal
2026-02-15 19:33:40.696856,London-bb3d,28,54,Normal
2026-02-15 19:33:41.696856,London-bb3d,-21,25,Normal
2026-02-15 19:33:42.696856,London-bb3d,26,88,Normal
2026-02-15 19:33:43.696856,London-bb3d,1,41,Normal
2026-02-15 19:33:44.696856,London-bb3d,-12,89,Normal
2026-02-15 19:33:45.696856,London-bb3d,-2,68,Normal
2026-02-15 19:33:46.696856,London-bb3d,-12,11,Normal
2026-02-15 19:33:47.696856,London-bb3d,27,51,Normal
2026-02-15 19:33:48.696856,London-bb3d,29,16,Normal
2026-02-15 19:33:49.696856,London-bb3d,18,100,Normal
2026-02-15 19:33:50.696856,London-bb3d,27,89,Normal
2026-02-15 19:33:51.696856,London-bb3d,-27,11,Normal
2026-02-15 19:33:52.696856,London-bb3d,-28,73,Normal
2026-02-15 19:33:53.696856,London-bb3d,-11,52,Normal
2026-02-15 19:33:54.696856,London-bb3d,1,41,Normal
2026-02-15 19:33:55.696856,London-bb3d,35,31,Normal
2026-02-15 19:33:56.696856,London-bb3d,-9,97,Normal
2026-02-15 19:33:57.696856,London-bb3d,28,82,Normal
2026-02-15 19:33:58.696856,London-bb3d,-4,6,Normal
2026-02-15 19:33:59.696856,London-bb3d,20,31,Normal
2026-02-15 19:34:00.696856,London-bb3d,-24,49,Normal
2026-02-15 19:34:01.696856,London-bb3d,6,96,Normal
2026-02-15 19:34:02.696856,London-bb3d,32,96,Normal
2026-02-15 19:34:03.696856,London-bb3d,47,32,Normal
2026-02-15 19:34:04.696856,London-bb3d,2,11,Normal
2026-02-15 19:34:05.696856,London-bb3d,-15,44,Normal
2026-02-15 19:34:06.696856,London-bb3d,7,96,Normal
2026-02-15 19:34:07.696856,London-bb3d,14,37,Normal
2026-02-15 19:34:08.696856,London-bb3d,-7,46,Normal
2026-02-15 19:34:09.696856,London-bb3d,5,47,Normal
2026-02-15 19:34:10.696856,London-bb3d,15,25,Normal
2026-02-15 19:34:11.696856,London-bb3d,-14,59,Normal
2026-02-15 19:34:12.696856,London-bb3d,35,80,Normal
2026-02-15 19:34:13.696856,London-bb3d,5,8,Normal
2026-02-15 19:34:14.696856,London-bb3d,28,51,Normal
2026-02-15 19:34:15.696856,London-bb3d,-4,15,Normal
2026-02-15 19:34:16.696856,London-bb3d,-16,66,Normal
2026-02-15 19:34:17.696856,London-bb3d,39,21,Normal
2026-02-15 19:34:18.696856,London-bb3d,-18,57,Normal
2026-02-15 19:34:19.696856,London-bb3d,34,2,Normal
2026-02-15 19:34:20.696856,London-bb3d,40,78,Normal
2026-02-15 19:34:21.696856,London-bb3d,-27,80,Normal
2026-02-15 19:34:22.696856,London-bb3d,41,8,Normal
2026-02-15 19:34:23.696856,London-bb3d,-11,87,Normal
2026-02-15 19:34:24.696856,London-bb3d,-9,31,Normal
2026-02-15 19:34:25.696856,London-bb3d,10,11,Normal
2026-02-15 19:34:26.696856,London-bb3d,-10,77,Normal
2026-02-15 19:34:27.696856,London-bb3d,48,96,Normal
2026-02-15 19:34:28.696856,London-bb3d,50,3,Normal
2026-02-15 19:34:29.696856,London-bb3d,6,1,Normal
2026-02-15 19:34:30.696856,London-bb3d,37,87,Normal
2026-02-15 19:34:31.696856,London-bb3d,10,85,Normal
2026-02-15 19:34:32.696856,London-bb3d,20,80,Normal
2026-02-15 19:34:33.696856,London-bb3d,30,72,Normal
2026-02-15 19:34:34.696856,London-bb3d,10,24,Normal
2026-02-15 19:34:35.696856,London-bb3d,29,89,Normal
2026-02-15 19:34:36.696856,London-bb3d,18,54,Normal
2026-02-15 19:34:37.696856,London-bb3d,2,47,Normal
2026-02-15 19:34:38.696856,London-bb3d,-20,91,Normal
2026-02-15 19:34:39.696856,London-bb3d,-18,92,Normal
2026-02-15 19:34:40.696856,London-bb3d,-10,49,Normal
2026-02-15 19:34:41.696856,London-bb3d,7,43,Normal
2026-02-15 19:34:42.696856,London-bb3d,31,19,Normal
2026-02-15 19:34:43.696856,London-bb3d,11,3,Normal
2026-02-15 19:34:44.696856,London-bb3d,19,73,Normal
2026-02-15 19:34:45.696856,London-bb3d,-12,72,Normal
2026-02-15 19:34:46.696856,London-bb3d,-14,58,Normal
2026-02-15 19:34:47.696856,London-bb3d,49,30,Normal
2026-02-15 19:34:48.696856,London-bb3d,3,17,Normal
2026-02-15 19:34:49.696856,London-bb3d,-25,1,Normal
2026-02-15 19:34:50.696856,London-bb3d,-12,72,Normal
2026-02-15 19:34:51.696856,London-bb3d,7,83,Normal
2026-02-15 19:34:52.696856,London-bb3d,37,32,Normal
2026-02-15 19:34:53.696856,London-bb3d,42,0,Normal
2026-02-15 19:34:54.696856,London-bb3d,28,10,Normal
2026-02-15 19:34:55.696856,London-bb3d,-19,39,Normal
2026-02-15 19:34:56.696856,London-bb3d,-24,35,Normal
2026-02-15 19:34:57.696856,London-bb3d,32,2,Normal
2026-02-15 19:34:58.696856,London-bb3d,23,1,Normal
2026-02-15 19:34:59.696856,London-bb3d,-3,68,Normal
2026-02-15 19:35:00.696856,London-bb3d,23,85,Normal
2026-02-15 19:35:01.696856,London-bb3d,11,73,Normal
2026-02-15 19:35:02.696856,London-bb3d,11,16,Normal
2026-02-15 19:35:03.696856,London-bb3d,-8,55,Normal
2026-02-15 19:35:04.696856,London-bb3d,37,16,Normal
2026-02-15 19:35:05.696856,London-bb3d,4,14,Normal
2026-02-15 19:35:06.696856,London-bb3d,2,55,Normal
2026-02-15 19:35:07.696856,London-bb3d,17,67,Normal
2026-02-15 19:35:08.696856,London-bb3d,-29,19,Normal
2026-02-15 19:35:09.696856,London-bb3d,34,98,Normal
2026-02-15 19:35:10.696856,London-bb3d,-13,34,Normal
2026-02-15 19:35:11.696856,London-bb3d,-16,57,Normal
2026-02-15 19:35:12.696856,London-bb3d,19,70,Normal
2026-02-15 19:35:13.696856,London-bb3d,46,89,Normal
2026-02-15 19:35:14.696856,London-bb3d,-26,85,Normal
2026-02-15 19:35:15.696856,London-bb3d,49,36,Normal
2026-02-15 19:35:16.696856,London-bb3d,2,84,Normal
2026-02-15 19:35:17.696856,London-bb3d,17,62,Normal
2026-02-15 19:35:18.696856,London-bb3d,-14,28,Normal
2026-02-15 19:35:19.696856,London-bb3d,-30,97,Normal
2026-02-15 19:35:20.696856,London-bb3d,-11,41,Normal
2026-02-15 19:35:21.696856,London-bb3d,30,24,Normal
2026-02-15 19:35:22.696856,London-bb3d,18,26,Normal
2026-02-15 19:35:23.696856,London-bb3d,16,13,Normal
2026-02-15 19:35:24.696856,London-bb3d,-4,5,Normal
2026-02-15 19:35:25.696856,London-bb3d,17,4,Normal
2026-02-15 19:35:26.696856,London-bb3d,13,7,Normal
2026-02-15 19:35:27.696856,London-bb3d,2,14,Normal
2026-02-15 19:35:28.696856,London-bb3d,-10,21,Normal
2026-02-15 19:35:29.696856,London-bb3d,-26,31,Normal
2026-02-15 19:35:30.696856,London-bb3d,-6,87,Normal
2026-02-15 19:35:31.696856,London-bb3d,38,19,Normal
2026-02-15 19:35:32.696856,London-bb3d,49,60,Normal
2026-02-15 19:35:33.696856,London-bb3d,-20,60,Normal
2026-02-15 19:35:34.696856,London-bb3d,-10,72,Normal
2026-02-15 19:35:35.696856,London-bb3d,42,88,Normal
2026-02-15 19:35:36.696856,London-bb3d,-2,63,Normal
2026-02-15 19:35:37.696856,London-bb3d,28,95,Normal
2026-02-15 19:35:38.696856,London-bb3d,-16,8,Normal
2026-02-15 19:35:39.696856,London-bb3d,37,39,Normal
2026-02-15 19:35:40.696856,London-bb3d,-10,91,Normal
2026-02-15 19:35:41.696856,London-bb3d,37,83,Normal
2026-02-15 19:35:42.696856,London-bb3d,-25,48,Normal
2026-02-15 19:35:43.696856,London-bb3d,50,70,Normal
2026-02-15 19:35:44.696856,London-bb3d,-15,30,Normal
2026-02-15 19:35:45.696856,London-bb3d,19,20,Normal
2026-02-15 19:35:46.696856,London-bb3d,18,75,Normal
2026-02-15 19:35:47.696856,London-bb3d,23,84,Normal
2026-02-15 19:35:48.696856,London-bb3d,-1,74,Normal
2026-02-15 19:35:49.696856,London-bb3d,40,58,Normal
2026-02-15 19:35:50.696856,London-bb3d,37,83,Normal
2026-02-15 19:35:51.696856,London-bb3d,15,86,Normal
2026-02-15 19:35:52.696856,London-bb3d,18,42,Normal
2026-02-15 19:35:53.696856,London-bb3d,-10,55,Normal
2026-02-15 19:35:54.696856,London-bb3d,44,0,Normal
2026-02-15 19:35:55.696856,London-bb3d,26,52,Normal
2026-02-15 19:35:56.696856,London-bb3d,5,8,Normal
2026-02-15 19:35:57.696856,London-bb3d,12,80,Normal
2026-02-15 19:35:58.696856,London-bb3d,25,92,Normal
2026-02-15 19:35:59.696856,London-bb3d,11,49,Normal
2026-02-15 19:36:00.696856,London-bb3d,-10,93,Normal
2026-02-15 19:36:01.696856,London-bb3d,42,56,Normal
2026-02-15 19:36:02.696856,London-bb3d,-25,8,Normal
2026-02-15 19:36:03.696856,London-bb3d,14,92,Normal
2026-02-15 19:36:04.696856,London-bb3d,15,43,Normal
2026-02-15 19:36:05.696856,London-bb3d,40,55,Normal
2026-02-15 19:36:06.696856,London-bb3d,29,96,Normal
2026-02-15 19:36:07.696856,London-bb3d,-10,73,Normal
2026-02-15 19:36:08.696856,London-bb3d,14,56,Normal
2026-02-15 19:36:09.696856,London-bb3d,15,14,Normal
2026-02-15 19:36:10.696856,London-bb3d,41,17,Normal
2026-02-15 19:36:11.696856,London-bb3d,14,6,Normal
2026-02-15 19:36:12.696856,London-bb3d,-28,33,Normal
2026-02-15 19:36:13.696856,London-bb3d,21,39,Normal
2026-02-15 19:36:14.696856,London-bb3d,46,80,Normal
2026-02-15 19:36:15.696856,London-bb3d,-17,76,Normal
2026-02-15 19:36:16.696856,London-bb3d,9,94,Normal
2026-02-15 19:36:17.696856,London-bb3d,-21,97,Normal
2026-02-15 19:36:18.696856,London-bb3d,-21,70,Normal
2026-02-15 19:36:19.696856,London-bb3d,41,80,Normal
2026-02-15 19:36:20.696856,London-bb3d,-8,42,Normal
2026-02-15 19:36:21.696856,London-bb3d,-25,42,Normal
2026-02-15 19:36:22.696856,London-bb3d,-1,94,Normal
2026-02-15 19:36:23.696856,London-bb3d,-25,84,Normal
2026-02-15 19:36:24.696856,London-bb3d,23,20,Normal
2026-02-15 19:36:25.696856,London-bb3d,16,5,Normal
2026-02-15 19:36:26.696856,London-bb3d,-11,3,Normal
2026-02-15 19:36:27.696856,London-bb3d,37,96,Normal
2026-02-15 19:36:28.696856,London-bb3d,42,21,Normal
2026-02-15 19:36:29.696856,London-bb3d,-9,13,Normal
2026-02-15 19:36:30.696856,London-bb3d,1,37,Normal
2026-02-15 19:36:31.696856,London-bb3d,-6,7,Normal
2026-02-15 19:36:32.696856,London-bb3d,11,12,Normal
2026-02-15 19:36:33.696856,London-bb3d,30,54,Normal
2026-02-15 19:36:34.696856,London-bb3d,50,38,Normal
2026-02-15 19:36:35.696856,London-bb3d,41,90,Normal
2026-02-15 19:36:36.696856,London-bb3d,50,22,Normal
2026-02-15 19:36:37.696856,London-bb3d,28,92,Normal
2026-02-15 19:36:38.696856,London-bb3d,50,21,Normal
2026-02-15 19:36:39.696856,London-bb3d,48,37,Normal
2026-02-15 19:36:40.696856,London-bb3d,12,34,Normal
2026-02-15 19:36:41.696856,London-bb3d,38,45,Normal
2026-02-15 19:36:42.696856,London-bb3d,40,2,Normal
2026-02-15 19:36:43.696856,London-bb3d,13,11,Normal
2026-02-15 19:36:44.696856,London-bb3d,33,70,Normal
2026-02-15 19:36:45.696856,London-bb3d,7,34,Normal
2026-02-15 19:36:46.696856,London-bb3d,44,93,Normal
2026-02-15 19:36:47.696856,London-bb3d,42,8,Normal
2026-02-15 19:36:48.696856,London-bb3d,-12,94,Normal
2026-02-15 19:36:49.696856,London-bb3d,13,40,Normal
2026-02-15 19:36:50.696856,London-bb3d,7,72,Normal
2026-02-15 19:36:51.696856,London-bb3d,3,64,Normal
2026-02-15 19:36:52.696856,London-bb3d,25,91,Normal
2026-02-15 19:36:53.696856,London-bb3d,-20,27,Normal
2026-02-15 19:36:54.696856,London-bb3d,-11,42,Normal
2026-02-15 19:36:55.696856,London-bb3d,31,15,Normal
2026-02-15 19:36:56.696856,London-bb3d,-25,54,Normal
2026-02-15 19:36:57.696856,London-bb3d,20,54,Normal
2026-02-15 19:36:58.696856,London-bb3d,4,29,Normal
2026-02-15 19:36:59.696856,London-bb3d,-28,94,Normal
2026-02-15 19:37:00.696856,London-bb3d,-29,24,Normal
2026-02-15 19:37:01.696856,London-bb3d,33,30,Normal
2026-02-15 19:37:02.696856,London-bb3d,27,65,Normal
2026-02-15 19:37:03.696856,London-bb3d,-4,23,Normal
2026-02-15 19:37:04.696856,London-bb3d,14,61,Normal
2026-02-15 19:37:05.696856,London-bb3d,1,93,Normal
2026-02-15 19:37:06.696856,London-bb3d,18,90,Normal
2026-02-15 19:37:07.696856,London-bb3d,15,72,Normal
2026-02-15 19:37:08.696856,London-bb3d,-6,83,Normal
2026-02-15 19:37:09.696856,London-bb3d,-4,12,Normal
2026-02-15 19:37:10.696856,London-bb3d,-16,50,Normal
2026-02-15 19:37:11.696856,London-bb3d,-22,56,Normal
2026-02-15 19:37:12.696856,London-bb3d,0,10,Normal
2026-02-15 19:37:13.696856,London-bb3d,27,4,Normal
2026-02-15 19:37:14.696856,London-bb3d,36,31,Normal
2026-02-15 19:37:15.696856,London-bb3d,11,42,Normal
2026-02-15 19:37:16.696856,London-bb3d,30,24,Normal
2026-02-15 19:37:17.696856,London-bb3d,-19,17,Normal
2026-02-15 19:37:18.696856,London-bb3d,49,72,Normal
2026-02-15 19:37:19.696856,London-bb3d,33,100,Normal
2026-02-15 19:37:20.696856,London-bb3d,21,61,Normal
2026-02-15 19:37:21.696856,London-bb3d,-28,41,Normal
2026-02-15 19:37:22.696856,London-bb3d,13,13,Normal
2026-02-15 19:37:23.696856,London-bb3d,43,58,Normal
2026-02-15 19:37:24.696856,London-bb3d,43,80,Normal
2026-02-15 19:37:25.696856,London-bb3d,21,12,Normal
2026-02-15 19:37:26.696856,London-bb3d,10,98,Normal
2026-02-15 19:37:27.696856,London-bb3d,34,32,Normal
2026-02-15 19:37:28.696856,London-bb3d,-14,40,Normal
2026-02-15 19:37:29.696856,London-bb3d,18,63,Normal
2026-02-15 19:37:30.696856,London-bb3d,17,99,Normal
2026-02-15 19:37:31.696856,London-bb3d,35,9,Normal
2026-02-15 19:37:32.696856,London-bb3d,-7,82,Normal
2026-02-15 19:37:33.696856,London-bb3d,-3,87,Normal
2026-02-15 19:37:34.696856,London-bb3d,20,87,Normal
2026-02-15 19:37:35.696856,London-bb3d,8,10,Normal
2026-02-15 19:37:36.696856,London-bb3d,-24,34,Normal
2026-02-15 19:37:37.696856,London-bb3d,30,72,Normal
2026-02-15 19:37:38.696856,London-bb3d,5,81,Normal
2026-02-15 19:37:39.696856,London-bb3d,26,64,Normal
2026-02-15 19:37:40.696856,London-bb3d,47,91,Normal
2026-02-15 19:37:41.696856,London-bb3d,30,94,Normal
2026-02-15 19:37:42.696856,London-bb3d,-20,79,Normal
2026-02-15 19:37:43.696856,London-bb3d,17,87,Normal
2026-02-15 19:37:44.696856,London-bb3d,-10,99,Normal
2026-02-15 19:37:45.696856,London-bb3d,-12,88,Normal
2026-02-15 19:37:46.696856,London-bb3d,35,33,Normal
2026-02-15 19:37:47.696856,London-bb3d,43,39,Normal
2026-02-15 19:37:48.696856,London-bb3d,22,40,Normal
2026-02-15 19:37:49.696856,London-bb3d,33,18,Normal
2026-02-15 19:37:50.696856,London-bb3d,2,51,Normal
2026-02-15 19:37:51.696856,London-bb3d,3,14,Normal
2026-02-15 19:37:52.696856,London-bb3d,6,69,Normal
2026-02-15 19:37:53.696856,London-bb3d,-21,3,Normal
2026-02-15 19:37:54.696856,London-bb3d,5,20,Normal
2026-02-15 19:37:55.696856,London-bb3d,17,50,Normal
2026-02-15 19:37:56.696856,London-bb3d,-17,50,Normal
2026-02-15 19:37:57.696856,London-bb3d,-1,30,Normal
2026-02-15 19:37:58.696856,London-bb3d,9,36,Normal
2026-02-15 19:37:59.696856,London-bb3d,-23,2,Normal
2026-02-15 19:38:00.696856,London-bb3d,21,10,Normal
2026-02-15 19:38:01.696856,London-bb3d,17,64,Normal
2026-02-15 19:38:02.696856,London-bb3d,-22,65,Normal
2026-02-15 19:38:03.696856,London-bb3d,15,0,Normal
2026-02-15 19:38:04.696856,London-bb3d,20,53,Normal
2026-02-15 19:38:05.696856,London-bb3d,-22,11,Normal
2026-02-15 19:38:06.696856,London-bb3d,9,74,Normal
2026-02-15 19:38:07.696856,London-bb3d,-1,50,Normal
2026-02-15 19:38:08.696856,London-bb3d,27,39,Normal
2026-02-15 19:38:09.696856,London-bb3d,-29,87,Normal
2026-02-15 19:38:10.696856,London-bb3d,-15,73,Normal
2026-02-15 19:38:11.696856,London-bb3d,13,52,Normal
2026-02-15 19:38:12.696856,London-bb3d,-14,14,Normal
2026-02-15 19:38:13.696856,London-bb3d,-27,11,Normal
2026-02-15 19:38:14.696856,London-bb3d,-1,42,Normal
2026-02-15 19:38:15.696856,London-bb3d,-28,16,Normal
2026-02-15 19:38:16.696856,London-bb3d,10,59,Normal
2026-02-15 19:38:17.696856,London-bb3d,-26,7,Normal
2026-02-15 19:38:18.696856,London-bb3d,-29,84,Normal
2026-02-15 19:38:19.696856,London-bb3d,-20,15,Normal
2026-02-15 19:38:20.696856,London-bb3d,36,12,Normal
2026-02-15 19:38:21.696856,London-bb3d,33,15,Normal
2026-02-15 19:38:22.696856,London-bb3d,-12,56,Normal
2026-02-15 19:38:23.696856,London-bb3d,-21,49,Normal
2026-02-15 19:38:24.696856,London-bb3d,-8,87,Normal
2026-02-15 19:38:25.696856,London-bb3d,-30,15,Normal
2026-02-15 19:38:26.696856,London-bb3d,6,40,Normal
2026-02-15 19:38:27.696856,London-bb3d,-10,41,Normal
2026-02-15 19:38:28.696856,London-bb3d,-26,73,Normal
2026-02-15 19:38:29.696856,London-bb3d,30,42,Normal
2026-02-15 19:38:30.696856,London-bb3d,-27,62,Normal
2026-02-15 19:38:31.696856,London-bb3d,35,90,Normal
2026-02-15 19:38:32.696856,London-bb3d,26,12,Normal
2026-02-15 19:38:33.696856,London-bb3d,27,62,Normal
2026-02-15 19:38:34.696856,London-bb3d,45,25,Normal
2026-02-15 19:38:35.696856,London-bb3d,-13,85,Normal
2026-02-15 19:38:36.696856,London-bb3d,21,32,Normal
2026-02-15 19:38:37.696856,London-bb3d,43,85,Normal
2026-02-15 19:38:38.696856,London-bb3d,28,75,Normal
2026-02-15 19:38:39.696856,London-bb3d,-17,96,Normal
2026-02-15 19:38:40.696856,London-bb3d,-27,57,Normal
2026-02-15 19:38:41.696856,London-bb3d,25,100,Normal
2026-02-15 19:38:42.696856,London-bb3d,16,78,Normal
2026-02-15 19:38:43.696856,London-bb3d,43,92,Normal
2026-02-15 19:38:44.696856,London-bb3d,-22,84,Normal
2026-02-15 19:38:45.696856,London-bb3d,-1,95,Normal
2026-02-15 19:38:46.696856,London-bb3d,18,19,Normal
2026-02-15 19:38:47.696856,London-bb3d,15,18,Normal
2026-02-15 19:38:48.696856,London-bb3d,-3,88,Normal
2026-02-15 19:38:49.696856,London-bb3d,28,29,Normal
2026-02-15 19:38:50.696856,London-bb3d,21,17,Normal
2026-02-15 19:38:51.696856,London-bb3d,13,13,Normal
2026-02-15 19:38:52.696856,London-bb3d,42,19,Normal
2026-02-15 19:38:53.696856,London-bb3d,11,70,Normal
2026-02-15 19:38:54.696856,London-bb3d,-22,60,Normal
2026-02-15 19:38:55.696856,London-bb3d,41,48,Normal
2026-02-15 19:38:56.696856,London-bb3d,49,57,Normal
2026-02-15 19:38:57.696856,London-bb3d,-3,79,Normal
2026-02-15 19:38:58.696856,London-bb3d,44,50,Normal
2026-02-15 19:38:59.696856,London-bb3d,29,53,Normal
2026-02-15 19:39:00.696856,London-bb3d,7,82,Normal
2026-02-15 19:39:01.696856,London-bb3d,33,7,Normal
2026-02-15 19:39:02.696856,London-bb3d,-19,87,Normal
2026-02-15 19:39:03.696856,London-bb3d,24,54,Normal
2026-02-15 19:39:04.696856,London-bb3d,29,30,Normal
2026-02-15 19:39:05.696856,London-bb3d,-15,93,Normal
2026-02-15 19:39:06.696856,London-bb3d,19,23,Normal
2026-02-15 19:39:07.696856,London-bb3d,-1,65,Normal
2026-02-15 19:39:08.696856,London-bb3d,15,22,Normal
2026-02-15 19:39:09.696856,London-bb3d,-2,48,Normal
2026-02-15 19:39:10.696856,London-bb3d,-21,21,Normal
2026-02-15 19:39:11.696856,London-bb3d,49,97,Normal
2026-02-15 19:39:12.696856,London-bb3d,33,5,Normal
2026-02-15 19:39:13.696856,London-bb3d,37,74,Normal
2026-02-15 19:39:14.696856,London-bb3d,47,99,Normal
2026-02-15 19:39:15.696856,London-bb3d,46,24,Normal
2026-02-15 19:39:16.696856,London-bb3d,44,7,Normal
2026-02-15 19:39:17.696856,London-bb3d,32,79,Normal
2026-02-15 19:39:18.696856,London-bb3d,37,87,Normal
2026-02-15 19:39:19.696856,London-bb3d,-2,9,Normal
2026-02-15 19:39:20.696856,London-bb3d,26,12,Normal
2026-02-15 19:39:21.696856,London-bb3d,11,77,Normal
2026-02-15 19:39:22.696856,London-bb3d,-25,74,Normal
2026-02-15 19:39:23.696856,London-bb3d,-26,76,Normal
2026-02-15 19:39:24.696856,London-bb3d,32,80,Normal
2026-02-15 19:39:25.696856,London-bb3d,12,62,Normal
2026-02-15 19:39:26.696856,London-bb3d,33,92,Normal
2026-02-15 19:39:27.696856,London-bb3d,21,52,Normal
2026-02-15 19:39:28.696856,London-bb3d,-12,69,Normal
2026-02-15 19:39:29.696856,London-bb3d,45,16,Normal
2026-02-15 19:39:30.696856,London-bb3d,36,54,Normal
2026-02-15 19:39:31.696856,London-bb3d,30,91,Normal
2026-02-15 19:39:32.696856,London-bb3d,-3,86,Normal
2026-02-15 19:39:33.696856,London-bb3d,44,19,Normal
2026-02-15 19:39:34.696856,London-bb3d,19,95,Normal
2026-02-15 19:39:35.696856,London-bb3d,19,28,Normal
2026-02-15 19:39:36.696856,London-bb3d,23,46,Normal
2026-02-15 19:39:37.696856,London-bb3d,23,15,Normal
2026-02-15 19:39:38.696856,London-bb3d,23,45,Normal
2026-02-15 19:39:39.696856,London-bb3d,-8,9,Normal
2026-02-15 19:39:40.696856,London-bb3d,2,41,Normal
2026-02-15 19:39:41.696856,London-bb3d,-30,35,Normal
2026-02-15 19:39:42.696856,London-bb3d,30,18,Normal
2026-02-15 19:39:43.696856,London-bb3d,45,6,Normal
2026-02-15 19:39:44.696856,London-bb3d,-9,53,Normal
2026-02-15 19:39:45.696856,London-bb3d,30,66,Normal
2026-02-15 19:39:46.696856,London-bb3d,6,55,Normal
2026-02-15 19:39:47.696856,London-bb3d,31,51,Normal
2026-02-15 19:39:48.696856,London-bb3d,19,79,Normal
2026-02-15 19:39:49.696856,London-bb3d,-10,7,Normal
2026-02-15 19:39:50.696856,London-bb3d,37,63,Normal
2026-02-15 19:39:51.696856,London-bb3d,37,2,Normal
2026-02-15 19:39:52.696856,London-bb3d,3,55,Normal
2026-02-15 19:39:53.696856,London-bb3d,29,4,Normal
2026-02-15 19:39:54.696856,London-bb3d,43,13,Normal
2026-02-15 19:39:55.696856,London-bb3d,36,73,Normal
2026-02-15 19:39:56.696856,London-bb3d,-22,39,Normal
2026-02-15 19:39:57.696856,London-bb3d,35,71,Normal
2026-02-15 19:39:58.696856,London-bb3d,-17,19,Normal
2026-02-15 19:39:59.696856,London-bb3d,21,80,Normal
2026-02-15 19:40:00.696856,London-bb3d,7,8,Normal
2026-02-15 19:40:01.696856,London-bb3d,15,75,Normal
2026-02-15 19:40:02.696856,London-bb3d,-13,0,Normal
2026-02-15 19:40:03.696856,London-bb3d,30,28,Normal
2026-02-15 19:40:04.696856,London-bb3d,1,69,Normal
2026-02-15 19:40:05.696856,London-bb3d,43,81,Normal
2026-02-15 19:40:06.696856,London-bb3d,13,87,Normal
2026-02-15 19:40:07.696856,London-bb3d,-17,92,Normal
2026-02-15 19:40:08.696856,London-bb3d,29,95,Normal
2026-02-15 19:40:09.696856,London-bb3d,-13,67,Normal
2026-02-15 19:40:10.696856,London-bb3d,30,80,Normal
2026-02-15 19:40:11.696856,London-bb3d,9,82,Normal
2026-02-15 19:40:12.696856,London-bb3d,42,22,Normal
2026-02-15 19:40:13.696856,London-bb3d,-8,30,Normal
2026-02-15 19:40:14.696856,London-bb3d,-16,30,Normal
2026-02-15 19:40:15.696856,London-bb3d,13,58,Normal
2026-02-15 19:40:16.696856,London-bb3d,13,21,Normal
2026-02-15 19:40:17.696856,London-bb3d,25,79,Normal
2026-02-15 19:40:18.696856,London-bb3d,21,4,Normal
2026-02-15 19:40:19.696856,London-bb3d,-7,61,Normal
2026-02-15 19:40:20.696856,London-bb3d,-20,87,Normal
2026-02-15 19:40:21.696856,London-bb3d,-25,8,Normal
2026-02-15 19:40:22.696856,London-bb3d,36,27,Normal
2026-02-15 19:40:23.696856,London-bb3d,-13,16,Normal
2026-02-15 19:40:24.696856,London-bb3d,-23,71,Normal
2026-02-15 19:40:25.696856,London-bb3d,41,91,Normal
2026-02-15 19:40:26.696856,London-bb3d,-28,63,Normal
2026-02-15 19:40:27.696856,London-bb3d,26,31,Normal
2026-02-15 19:40:28.696856,London-bb3d,-28,19,Normal
2026-02-15 19:40:29.696856,London-bb3d,-20,50,Normal
2026-02-15 19:40:30.696856,London-bb3d,-3,3,Normal
2026-02-15 19:40:31.696856,London-bb3d,-12,52,Normal
2026-02-15 19:40:32.696856,London-bb3d,5,98,Normal
2026-02-15 19:40:33.696856,London-bb3d,-27,45,Normal
2026-02-15 19:40:34.696856,London-bb3d,7,87,Normal
2026-02-15 19:40:35.696856,London-bb3d,39,43,Normal
2026-02-15 19:40:36.696856,London-bb3d,-28,91,Normal
2026-02-15 19:40:37.696856,London-bb3d,-3,36,Normal
2026-02-15 19:40:38.696856,London-bb3d,-10,93,Normal
2026-02-15 19:40:39.696856,London-bb3d,6,19,Normal
2026-02-15 19:40:40.696856,London-bb3d,48,5,Normal
2026-02-15 19:40:41.696856,London-bb3d,43,77,Normal
2026-02-15 19:40:42.696856,London-bb3d,-21,83,Normal
2026-02-15 19:40:43.696856,London-bb3d,25,48,Normal
2026-02-15 19:40:44.696856,London-bb3d,45,9,Normal
2026-02-15 19:40:45.696856,London-bb3d,43,78,Normal
2026-02-15 19:40:46.696856,London-bb3d,46,23,Normal
2026-02-15 19:40:47.696856,London-bb3d,-19,71,Normal
2026-02-15 19:40:48.696856,London-bb3d,31,92,Normal
2026-02-15 19:40:49.696856,London-bb3d,17,51,Normal
2026-02-15 19:40:50.696856,London-bb3d,-25,82,Normal
2026-02-15 19:40:51.696856,London-bb3d,29,36,Normal
2026-02-15 19:40:52.696856,London-bb3d,-29,55,Normal
2026-02-15 19:40:53.696856,London-bb3d,17,94,Normal
2026-02-15 19:40:54.696856,London-bb3d,14,27,Normal
2026-02-15 19:40:55.696856,London-bb3d,38,53,Normal
2026-02-15 19:40:56.696856,London-bb3d,27,21,Normal
2026-02-15 19:40:57.696856,London-bb3d,39,2,Normal
2026-02-15 19:40:58.696856,London-bb3d,7,26,Normal
2026-02-15 19:40:59.696856,London-bb3d,-10,95,Normal
2026-02-15 19:41:00.696856,London-bb3d,-20,33,Normal
2026-02-15 19:41:01.696856,London-bb3d,42,72,Normal
2026-02-15 19:41:02.696856,London-bb3d,9,33,Normal
2026-02-15 19:41:03.696856,London-bb3d,-1,22,Normal
2026-02-15 19:41:04.696856,London-bb3d,22,48,Normal
2026-02-15 19:41:05.696856,London-bb3d,9,13,Normal
2026-02-15 19:41:06.696856,London-bb3d,-24,56,Normal
2026-02-15 19:41:07.696856,London-bb3d,-26,3,Normal
2026-02-15 19:41:08.696856,London-bb3d,-6,2,Normal
2026-02-15 19:41:09.696856,London-bb3d,-29,16,Normal
2026-02-15 19:41:10.696856,London-bb3d,4,50,Normal
2026-02-15 19:41:11.696856,London-bb3d,1,80,Normal
2026-02-15 19:41:12.696856,London-bb3d,-30,95,Normal
2026-02-15 19:41:13.696856,London-bb3d,30,27,Normal
2026-02-15 19:41:14.696856,London-bb3d,-21,68,Normal
2026-02-15 19:41:15.696856,London-bb3d,36,81,Normal
2026-02-15 19:41:16.696856,London-bb3d,20,5,Normal
2026-02-15 19:41:17.696856,London-bb3d,36,9,Normal
2026-02-15 19:41:18.696856,London-bb3d,-17,88,Normal
2026-02-15 19:41:19.696856,London-bb3d,20,36,Normal
2026-02-15 19:41:20.696856,London-bb3d,28,77,Normal
2026-02-15 19:41:21.696856,London-bb3d,26,58,Normal
2026-02-15 19:41:22.696856,London-bb3d,-19,16,Normal
2026-02-15 19:41:23.696856,London-bb3d,50,46,Normal
2026-02-15 19:41:24.696856,London-bb3d,26,55,Normal
2026-02-15 19:41:25.696856,London-bb3d,31,90,Normal
2026-02-15 19:41:26.696856,London-bb3d,-28,94,Normal
2026-02-15 19:41:27.696856,London-bb3d,44,74,Normal
2026-02-15 19:41:28.696856,London-bb3d,-17,41,Normal
2026-02-15 19:41:29.696856,London-bb3d,35,33,Normal
2026-02-15 19:41:30.696856,London-bb3d,-6,54,Normal
2026-02-15 19:41:31.696856,London-bb3d,-25,79,Normal
2026-02-15 19:41:32.696856,London-bb3d,-7,56,Normal
2026-02-15 19:41:33.696856,London-bb3d,-14,37,Normal
2026-02-15 19:41:34.696856,London-bb3d,-24,51,Normal
2026-02-15 19:41:35.696856,London-bb3d,37,53,Normal
2026-02-15 19:41:36.696856,London-bb3d,15,69,Normal
2026-02-15 19:41:37.696856,London-bb3d,28,2,Normal
2026-02-15 19:41:38.696856,London-bb3d,13,78,Normal
2026-02-15 19:41:39.696856,London-bb3d,-19,72,Normal
2026-02-15 19:41:40.696856,London-bb3d,35,76,Normal
2026-02-15 19:41:41.696856,London-bb3d,43,89,Normal
2026-02-15 19:41:42.696856,London-bb3d,-26,94,Normal
2026-02-15 19:41:43.696856,London-bb3d,-25,30,Normal
2026-02-15 19:41:44.696856,London-bb3d,-3,7,Normal
2026-02-15 19:41:45.696856,London-bb3d,-7,44,Normal
2026-02-15 19:41:46.696856,London-bb3d,29,0,Normal
2026-02-15 19:41:47.696856,London-bb3d,41,100,Normal
2026-02-15 19:41:48.696856,London-bb3d,-17,71,Normal
2026-02-15 19:41:49.696856,London-bb3d,45,14,Normal
2026-02-15 19:41:50.696856,London-bb3d,30,95,Normal
2026-02-15 19:41:51.696856,London-bb3d,29,97,Normal
2026-02-15 19:41:52.696856,London-bb3d,50,53,Normal
2026-02-15 19:41:53.696856,London-bb3d,-6,41,Normal
2026-02-15 19:41:54.696856,London-bb3d,-8,47,Normal
2026-02-15 19:41:55.696856,London-bb3d,42,40,Normal
2026-02-15 19:41:56.696856,London-bb3d,40,66,Normal
2026-02-15 19:41:57.696856,London-bb3d,16,38,Normal
2026-02-15 19:41:58.696856,London-bb3d,40,49,Normal
2026-02-15 19:41:59.696856,London-bb3d,37,31,Normal
2026-02-15 19:42:00.696856,London-bb3d,-24,29,Normal
2026-02-15 19:42:01.696856,London-bb3d,3,59,Normal
2026-02-15 19:42:02.696856,London-bb3d,27,88,Normal
2026-02-15 19:42:03.696856,London-bb3d,-11,37,Normal
2026-02-15 19:42:04.696856,London-bb3d,44,86,Normal
2026-02-15 19:42:05.696856,London-bb3d,-27,97,Normal
2026-02-15 19:42:06.696856,London-bb3d,5,25,Normal
2026-02-15 19:42:07.696856,London-bb3d,-2,73,Normal
2026-02-15 19:42:08.696856,London-bb3d,-12,2,Normal
2026-02-15 19:42:09.696856,London-bb3d,15,75,Normal
2026-02-15 19:42:10.696856,London-bb3d,9,100,Normal
2026-02-15 19:42:11.696856,London-bb3d,39,22,Normal
2026-02-15 19:42:12.696856,London-bb3d,42,20,Normal
2026-02-15 19:42:13.696856,London-bb3d,13,35,Normal
2026-02-15 19:42:14.696856,London-bb3d,40,13,Normal
2026-02-15 19:42:15.696856,London-bb3d,-20,17,Normal
2026-02-15 19:42:16.696856,London-bb3d,-28,100,Normal
2026-02-15 19:42:17.696856,London-bb3d,28,10,Normal
2026-02-15 19:42:18.696856,London-bb3d,1,12,Normal
2026-02-15 19:42:19.696856,London-bb3d,15,62,Normal
2026-02-15 19:42:20.696856,London-bb3d,-23,80,Normal
2026-02-15 19:42:21.696856,London-bb3d,9,0,Normal
2026-02-15 19:42:22.696856,London-bb3d,-19,49,Normal
2026-02-15 19:42:23.696856,London-bb3d,-2,100,Normal
2026-02-15 19:42:24.696856,London-bb3d,-2,100,Normal
2026-02-15 19:42:25.696856,London-bb3d,3,99,Normal
2026-02-15 19:42:26.696856,London-bb3d,-10,10,Normal
2026-02-15 19:42:27.696856,London-bb3d,23,60,Normal
2026-02-15 19:42:28.696856,London-bb3d,14,96,Normal
2026-02-15 19:42:29.696856,London-bb3d,38,43,Normal
2026-02-15 19:42:30.696856,London-bb3d,3,28,Normal
2026-02-15 19:42:31.696856,London-bb3d,28,21,Normal
2026-02-15 19:42:32.696856,London-bb3d,6,23,Normal
2026-02-15 19:42:33.696856,London-bb3d,-23,16,Normal
2026-02-15 19:42:34.696856,London-bb3d,-12,35,Normal
2026-02-15 19:42:35.696856,London-bb3d,-10,65,Normal
2026-02-15 19:42:36.696856,London-bb3d,-11,87,Normal
2026-02-15 19:42:37.696856,London-bb3d,-13,65,Normal
2026-02-15 19:42:38.696856,London-bb3d,-18,51,Normal
2026-02-15 19:42:39.696856,London-bb3d,18,20,Normal
2026-02-15 19:42:40.696856,London-bb3d,22,51,Normal
2026-02-15 19:42:41.696856,London-bb3d,-2,52,Normal
2026-02-15 19:42:42.696856,London-bb3d,29,31,Normal
2026-02-15 19:42:43.696856,London-bb3d,9,13,Normal
2026-02-15 19:42:44.696856,London-bb3d,-23,80,Normal
2026-02-15 19:42:45.696856,London-bb3d,23,32,Normal
2026-02-15 19:42:46.696856,London-bb3d,50,98,Normal
2026-02-15 19:42:47.696856,London-bb3d,-16,69,Normal
2026-02-15 19:42:48.696856,London-bb3d,37,22,Normal
2026-02-15 19:42:49.696856,London-bb3d,-15,74,Normal
2026-02-15 19:42:50.696856,London-bb3d,49,45,Normal
2026-02-15 19:42:51.696856,London-bb3d,27,72,Normal
2026-02-15 19:42:52.696856,London-bb3d,-25,94,Normal
2026-02-15 19:42:53.696856,London-bb3d,-21,29,Normal
2026-02-15 19:42:54.696856,London-bb3d,-1,14,Normal
2026-02-15 19:42:55.696856,London-bb3d,-8,51,Normal
2026-02-15 19:42:56.696856,London-bb3d,-28,54,Normal
2026-02-15 19:42:57.696856,London-bb3d,5,56,Normal
2026-02-15 19:42:58.696856,London-bb3d,46,68,Normal
2026-02-15 19:42:59.696856,London-bb3d,40,6,Normal
2026-02-15 19:43:00.696856,London-bb3d,-29,27,Normal
2026-02-15 19:43:01.696856,London-bb3d,37,11,Normal
2026-02-15 19:43:02.696856,London-bb3d,38,0,Normal
2026-02-15 19:43:03.696856,London-bb3d,-2,10,Normal
2026-02-15 19:43:04.696856,London-bb3d,-27,91,Normal
2026-02-15 19:43:05.696856,London-bb3d,-20,99,Normal
2026-02-15 19:43:06.696856,London-bb3d,41,2,Normal
2026-02-15 19:43:07.696856,London-bb3d,-7,85,Normal
2026-02-15 19:43:08.696856,London-bb3d,0,81,Normal
2026-02-15 19:43:09.696856,London-bb3d,9,26,Normal
2026-02-15 19:43:10.696856,London-bb3d,-9,79,Normal
2026-02-15 19:43:11.696856,London-bb3d,-7,55,Normal
2026-02-15 19:43:12.696856,London-bb3d,14,9,Normal
2026-02-15 19:43:13.696856,London-bb3d,-8,8,Normal
2026-02-15 19:43:14.696856,London-bb3d,-5,36,Normal
2026-02-15 19:43:15.696856,London-bb3d,15,80,Normal
2026-02-15 19:43:16.696856,London-bb3d,-24,82,Normal
2026-02-15 19:43:17.696856,London-bb3d,44,24,Normal
2026-02-15 19:43:18.696856,London-bb3d,42,68,Normal
2026-02-15 19:43:19.696856,London-bb3d,-9,84,Normal
2026-02-15 19:43:20.696856,London-bb3d,-15,16,Normal
2026-02-15 19:43:21.696856,London-bb3d,50,45,Normal
2026-02-15 19:43:22.696856,London-bb3d,8,18,Normal
2026-02-15 19:43:23.696856,London-bb3d,32,92,Normal
2026-02-15 19:43:24.696856,London-bb3d,12,64,Normal
2026-02-15 19:43:25.696856,London-bb3d,-24,87,Normal
2026-02-15 19:43:26.696856,London-bb3d,48,75,Normal
2026-02-15 19:43:27.696856,London-bb3d,-21,60,Normal
2026-02-15 19:43:28.696856,London-bb3d,21,56,Normal
2026-02-15 19:43:29.696856,London-bb3d,25,68,Normal
2026-02-15 19:43:30.696856,London-bb3d,-6,26,Normal
2026-02-15 19:43:31.696856,London-bb3d,41,60,Normal
2026-02-15 19:43:32.696856,London-bb3d,-13,34,Normal
2026-02-15 19:43:33.696856,London-bb3d,19,80,Normal
2026-02-15 19:43:34.696856,London-bb3d,50,36,Normal
2026-02-15 19:43:35.696856,London-bb3d,-20,2,Normal
2026-02-15 19:43:36.696856,London-bb3d,49,49,Normal
2026-02-15 19:43:37.696856,London-bb3d,40,0,Normal
2026-02-15 19:43:38.696856,London-bb3d,-3,61,Normal
2026-02-15 19:43:39.696856,London-bb3d,-25,62,Normal
2026-02-15 19:43:40.696856,London-bb3d,34,82,Normal
2026-02-15 19:43:41.696856,London-bb3d,-30,0,Normal
2026-02-15 19:43:42.696856,London-bb3d,-24,4,Normal
2026-02-15 19:43:43.696856,London-bb3d,30,19,Normal
2026-02-15 19:43:44.696856,London-bb3d,-26,29,Normal
2026-02-15 19:43:45.696856,London-bb3d,-4,25,Normal
2026-02-15 19:43:46.696856,London-bb3d,6,64,Normal
2026-02-15 19:43:47.696856,London-bb3d,-19,60,Normal
2026-02-15 19:43:48.696856,London-bb3d,-17,42,Normal
2026-02-15 19:43:49.696856,London-bb3d,42,21,Normal
2026-02-15 19:43:50.696856,London-bb3d,1,46,Normal
2026-02-15 19:43:51.696856,London-bb3d,-29,92,Normal
2026-02-15 19:43:52.696856,London-bb3d,6,35,Normal
2026-02-15 19:43:53.696856,London-bb3d,-25,20,Normal
2026-02-15 19:43:54.696856,London-bb3d,-24,70,Normal
2026-02-15 19:43:55.696856,London-bb3d,49,46,Normal
2026-02-15 19:43:56.696856,London-bb3d,-6,24,Normal
2026-02-15 19:43:57.696856,London-bb3d,16,26,Normal
2026-02-15 19:43:58.696856,London-bb3d,-24,36,Normal
2026-02-15 19:43:59.696856,London-bb3d,38,30,Normal
2026-02-15 19:44:00.696856,London-bb3d,-14,64,Normal
2026-02-15 19:44:01.696856,London-bb3d,31,95,Normal
2026-02-15 19:44:02.696856,London-bb3d,9,49,Normal
2026-02-15 19:44:03.696856,London-bb3d,-10,60,Normal
2026-02-15 19:44:04.696856,London-bb3d,8,86,Normal
2026-02-15 19:44:05.696856,London-bb3d,49,17,Normal
2026-02-15 19:44:06.696856,London-bb3d,-4,57,Normal
2026-02-15 19:44:07.696856,London-bb3d,-8,35,Normal
2026-02-15 19:44:08.696856,London-bb3d,24,48,Normal
2026-02-15 19:44:09.696856,London-bb3d,6,65,Normal
2026-02-15 19:44:10.696856,London-bb3d,29,68,Normal
2026-02-15 19:44:11.696856,London-bb3d,4,96,Normal
2026-02-15 19:44:12.696856,London-bb3d,19,73,Normal
2026-02-15 19:44:13.696856,London-bb3d,2,5,Normal
2026-02-15 19:44:14.696856,London-bb3d,6,45,Normal
2026-02-15 19:44:15.696856,London-bb3d,39,77,Normal
2026-02-15 19:44:16.696856,London-bb3d,32,57,Normal
2026-02-15 19:44:17.696856,London-bb3d,-19,70,Normal
2026-02-15 19:44:18.696856,London-bb3d,-25,67,Normal
2026-02-15 19:44:19.696856,London-bb3d,19,41,Normal
2026-02-15 19:44:20.696856,London-bb3d,29,86,Normal
2026-02-15 19:44:21.696856,London-bb3d,0,90,Normal
2026-02-15 19:44:22.696856,London-bb3d,27,29,Normal
2026-02-15 19:44:23.696856,London-bb3d,-26,11,Normal
2026-02-15 19:44:24.696856,London-bb3d,8,57,Normal
2026-02-15 19:44:25.696856,London-bb3d,43,64,Normal
2026-02-15 19:44:26.696856,London-bb3d,40,28,Normal
2026-02-15 19:44:27.696856,London-bb3d,-20,17,Normal
2026-02-15 19:44:28.696856,London-bb3d,22,73,Normal
2026-02-15 19:44:29.696856,London-bb3d,-1,58,Normal
2026-02-15 19:44:30.696856,London-bb3d,12,13,Normal
2026-02-15 19:44:31.696856,London-bb3d,22,98,Normal
2026-02-15 19:44:32.696856,London-bb3d,9,14,Normal
2026-02-15 19:44:33.696856,London-bb3d,44,81,Normal
2026-02-15 19:44:34.696856,London-bb3d,32,4,Normal
2026-02-15 19:44:35.696856,London-bb3d,-9,46,Normal
2026-02-15 19:44:36.696856,London-bb3d,44,31,Normal
2026-02-15 19:44:37.696856,London-bb3d,28,75,Normal
2026-02-15 19:44:38.696856,London-bb3d,22,45,Normal
2026-02-15 19:44:39.696856,London-bb3d,3,92,Normal
2026-02-15 19:44:40.696856,London-bb3d,-24,6,Normal
2026-02-15 19:44:41.696856,London-bb3d,23,80,Normal
2026-02-15 19:44:42.696856,London-bb3d,16,30,Normal
2026-02-15 19:44:43.696856,London-bb3d,-14,59,Normal
2026-02-15 19:44:44.696856,London-bb3d,25,2,Normal
2026-02-15 19:44:45.696856,London-bb3d,28,73,Normal
2026-02-15 19:44:46.696856,London-bb3d,22,71,Normal
2026-02-15 19:44:47.696856,London-bb3d,48,13,Normal
2026-02-15 19:44:48.696856,London-bb3d,-22,63,Normal
2026-02-15 19:44:49.696856,London-bb3d,50,20,Normal
2026-02-15 19:44:50.696856,London-bb3d,29,28,Normal
2026-02-15 19:44:51.696856,London-bb3d,31,20,Normal
2026-02-15 19:44:52.696856,London-bb3d,-28,60,Normal
2026-02-15 19:44:53.696856,London-bb3d,-4,25,Normal
2026-02-15 19:44:54.696856,London-bb3d,-11,7,Normal
2026-02-15 19:44:55.696856,London-bb3d,26,19,Normal
2026-02-15 19:44:56.696856,London-bb3d,43,47,Normal
2026-02-15 19:44:57.696856,London-bb3d,-12,76,Normal
2026-02-15 19:44:58.696856,London-bb3d,45,52,Normal
2026-02-15 19:44:59.696856,London-bb3d,43,39,Normal
2026-02-15 19:45:00.696856,London-bb3d,13,25,Normal
2026-02-15 19:45:01.696856,London-bb3d,17,54,Normal
2026-02-15 19:45:02.696856,London-bb3d,10,100,Normal
2026-02-15 19:45:03.696856,London-bb3d,-9,18,Normal
2026-02-15 19:45:04.696856,London-bb3d,-8,55,Normal
2026-02-15 19:45:05.696856,London-bb3d,2,85,Normal
2026-02-15 19:45:06.696856,London-bb3d,-9,29,Normal
2026-02-15 19:45:07.696856,London-bb3d,14,20,Normal
2026-02-15 19:45:08.696856,London-bb3d,32,23,Normal
2026-02-15 19:45:09.696856,London-bb3d,-10,19,Normal
2026-02-15 19:45:10.696856,London-bb3d,13,56,Normal
2026-02-15 19:45:11.696856,London-bb3d,24,39,Normal
2026-02-15 19:45:12.696856,London-bb3d,9,95,Normal
2026-02-15 19:45:13.696856,London-bb3d,-11,16,Normal
2026-02-15 19:45:14.696856,London-bb3d,4,89,Normal
2026-02-15 19:45:15.696856,London-bb3d,7,55,Normal
2026-02-15 19:45:16.696856,London-bb3d,-15,60,Normal
2026-02-15 19:45:17.696856,London-bb3d,6,89,Normal
2026-02-15 19:45:18.696856,London-bb3d,10,9,Normal
2026-02-15 19:45:19.696856,London-bb3d,30,24,Normal
2026-02-15 19:45:20.696856,London-bb3d,1,19,Normal
2026-02-15 19:45:21.696856,London-bb3d,-24,56,Normal
2026-02-15 19:45:22.696856,London-bb3d,16,7,Normal
2026-02-15 19:45:23.696856,London-bb3d,1,3,Normal
2026-02-15 19:45:24.696856,London-bb3d,31,62,Normal
2026-02-15 19:45:25.696856,London-bb3d,49,83,Normal
2026-02-15 19:45:26.696856,London-bb3d,-19,5,Normal
2026-02-15 19:45:27.696856,London-bb3d,17,14,Normal
2026-02-15 19:45:28.696856,London-bb3d,-23,54,Normal
2026-02-15 19:45:29.696856,London-bb3d,-4,44,Normal
2026-02-15 19:45:30.696856,London-bb3d,42,80,Normal
2026-02-15 19:45:31.696856,London-bb3d,27,98,Normal
2026-02-15 19:45:32.696856,London-bb3d,-15,98,Normal
2026-02-15 19:45:33.696856,London-bb3d,46,60,Normal
2026-02-15 19:45:34.696856,London-bb3d,41,12,Normal
2026-02-15 19:45:35.696856,London-bb3d,38,54,Normal
2026-02-15 19:45:36.696856,London-bb3d,-12,94,Normal
2026-02-15 19:45:37.696856,London-bb3d,-23,37,Normal
2026-02-15 19:45:38.696856,London-bb3d,-9,16,Normal
2026-02-15 19:45:39.696856,London-bb3d,-21,58,Normal
2026-02-15 19:45:40.696856,London-bb3d,-15,80,Normal
2026-02-15 19:45:41.696856,London-bb3d,-11,23,Normal
2026-02-15 19:45:42.696856,London-bb3d,21,65,Normal
2026-02-15 19:45:43.696856,London-bb3d,47,71,Normal
2026-02-15 19:45:44.696856,London-bb3d,9,80,Normal
2026-02-15 19:45:45.696856,London-bb3d,27,47,Normal
2026-02-15 19:45:46.696856,London-bb3d,32,26,Normal
2026-02-15 19:45:47.696856,London-bb3d,10,58,Normal
2026-02-15 19:45:48.696856,London-bb3d,-13,100,Normal
2026-02-15 19:45:49.696856,London-bb3d,-27,20,Normal
2026-02-15 19:45:50.696856,London-bb3d,43,32,Normal
2026-02-15 19:45:51.696856,London-bb3d,35,26,Normal
2026-02-15 19:45:52.696856,London-bb3d,-18,84,Normal
2026-02-15 19:45:53.696856,London-bb3d,-6,17,Normal
2026-02-15 19:45:54.696856,London-bb3d,45,80,Normal
2026-02-15 19:45:55.696856,London-bb3d,-24,69,Normal
2026-02-15 19:45:56.696856,London-bb3d,-8,28,Normal
2026-02-15 19:45:57.696856,London-bb3d,5,5,Normal
2026-02-15 19:45:58.696856,London-bb3d,37,32,Normal
2026-02-15 19:45:59.696856,London-bb3d,33,95,Normal
2026-02-15 19:46:00.696856,London-bb3d,41,19,Normal
2026-02-15 19:46:01.696856,London-bb3d,16,55,Normal
2026-02-15 19:46:02.696856,London-bb3d,-2,8,Normal
2026-02-15 19:46:03.696856,London-bb3d,43,26,Normal
2026-02-15 19:46:04.696856,London-bb3d,-5,81,Normal
2026-02-15 19:46:05.696856,London-bb3d,16,36,Normal
2026-02-15 19:46:06.696856,London-bb3d,45,62,Normal
2026-02-15 19:46:07.696856,London-bb3d,50,98,Normal
2026-02-15 19:46:08.696856,London-bb3d,-7,44,Normal
2026-02-15 19:46:09.696856,London-bb3d,29,16,Normal
2026-02-15 19:46:10.696856,London-bb3d,40,68,Normal
2026-02-15 19:46:11.696856,London-bb3d,-6,54,Normal
2026-02-15 19:46:12.696856,London-bb3d,-7,68,Normal
2026-02-15 19:46:13.696856,London-bb3d,31,80,Normal
2026-02-15 19:46:14.696856,London-bb3d,41,1,Normal
2026-02-15 19:46:15.696856,London-bb3d,-25,85,Normal
2026-02-15 19:46:16.696856,London-bb3d,49,75,Normal
2026-02-15 19:46:17.696856,London-bb3d,-12,29,Normal
2026-02-15 19:46:18.696856,London-bb3d,32,8,Normal
2026-02-15 19:46:19.696856,London-bb3d,26,86,Normal
2026-02-15 19:46:20.696856,London-bb3d,3,5,Normal
2026-02-15 19:46:21.696856,London-bb3d,-19,76,Normal
2026-02-15 19:46:22.696856,London-bb3d,-23,28,Normal
2026-02-15 19:46:23.696856,London-bb3d,13,12,Normal
2026-02-15 19:46:24.696856,London-bb3d,44,11,Normal
2026-02-15 19:46:25.696856,London-bb3d,-2,4,Normal
2026-02-15 19:46:26.696856,London-bb3d,-1,14,Normal
2026-02-15 19:46:27.696856,London-bb3d,-23,30,Normal
2026-02-15 19:46:28.696856,London-bb3d,16,19,Normal
2026-02-15 19:46:29.696856,London-bb3d,3,99,Normal
2026-02-15 19:46:30.696856,London-bb3d,19,88,Normal
2026-02-15 19:46:31.696856,London-bb3d,-15,13,Normal
2026-02-15 19:46:32.696856,London-bb3d,38,17,Normal
2026-02-15 19:46:33.696856,London-bb3d,49,92,Normal
2026-02-15 19:46:34.696856,London-bb3d,-5,0,Normal
2026-02-15 19:46:35.696856,London-bb3d,0,75,Normal
2026-02-15 19:46:36.696856,London-bb3d,26,82,Normal
2026-02-15 19:46:37.696856,London-bb3d,-7,16,Normal
2026-02-15 19:46:38.696856,London-bb3d,18,39,Normal
2026-02-15 19:46:39.696856,London-bb3d,30,85,Normal
2026-02-15 19:46:40.696856,London-bb3d,47,70,Normal
2026-02-15 19:46:41.696856,London-bb3d,-13,16,Normal
2026-02-15 19:46:42.696856,London-bb3d,29,74,Normal
2026-02-15 19:46:43.696856,London-bb3d,22,18,Normal
2026-02-15 19:46:44.696856,London-bb3d,7,38,Normal
2026-02-15 19:46:45.696856,London-bb3d,4,66,Normal
2026-02-15 19:46:46.696856,London-bb3d,-15,5,Normal
2026-02-15 19:46:47.696856,London-bb3d,-4,27,Normal
2026-02-15 19:46:48.696856,London-bb3d,46,8,Normal
2026-02-15 19:46:49.696856,London-bb3d,-12,97,Normal
2026-02-15 19:46:50.696856,London-bb3d,41,66,Normal
2026-02-15 19:46:51.696856,London-bb3d,-30,7,Normal
2026-02-15 19:46:52.696856,London-bb3d,24,59,Normal
2026-02-15 19:46:53.696856,London-bb3d,-14,96,Normal
2026-02-15 19:46:54.696856,London-bb3d,39,68,Normal
2026-02-15 19:46:55.696856,London-bb3d,17,61,Normal
2026-02-15 19:46:56.696856,London-bb3d,14,47,Normal
2026-02-15 19:46:57.696856,London-bb3d,22,98,Normal
2026-02-15 19:46:58.696856,London-bb3d,-23,77,Normal
2026-02-15 19:46:59.696856,London-bb3d,8,35,Normal
2026-02-15 19:47:00.696856,London-bb3d,24,23,Normal
2026-02-15 19:47:01.696856,London-bb3d,18,65,Normal
2026-02-15 19:47:02.696856,London-bb3d,-19,100,Normal
2026-02-15 19:47:03.696856,London-bb3d,29,5,Normal
2026-02-15 19:47:04.696856,London-bb3d,29,69,Normal
2026-02-15 19:47:05.696856,London-bb3d,47,88,Normal
2026-02-15 19:47:06.696856,London-bb3d,10,78,Normal
2026-02-15 19:47:07.696856,London-bb3d,50,64,Normal
2026-02-15 19:47:08.696856,London-bb3d,33,49,Normal
2026-02-15 19:47:09.696856,London-bb3d,-22,40,Normal
2026-02-15 19:47:10.696856,London-bb3d,2,43,Normal
2026-02-15 19:47:11.696856,London-bb3d,10,44,Normal
2026-02-15 19:47:12.696856,London-bb3d,40,29,Normal
2026-02-15 19:47:13.696856,London-bb3d,25,35,Normal
2026-02-15 19:47:14.696856,London-bb3d,29,17,Normal
2026-02-15 19:47:15.696856,London-bb3d,-16,65,Normal
2026-02-15 19:47:16.696856,London-bb3d,-13,82,Normal
2026-02-15 19:47:17.696856,London-bb3d,-18,31,Normal
2026-02-15 19:47:18.696856,London-bb3d,-29,12,Normal
2026-02-15 19:47:19.696856,London-bb3d,-27,17,Normal
2026-02-15 19:47:20.696856,London-bb3d,42,46,Normal
2026-02-15 19:47:21.696856,London-bb3d,-12,82,Normal
2026-02-15 19:47:22.696856,London-bb3d,34,26,Normal
2026-02-15 19:47:23.696856,London-bb3d,48,5,Normal
2026-02-15 19:47:24.696856,London-bb3d,-5,82,Normal
2026-02-15 19:47:25.696856,London-bb3d,37,80,Normal
2026-02-15 19:47:26.696856,London-bb3d,17,57,Normal
2026-02-15 19:47:27.696856,London-bb3d,-27,29,Normal
2026-02-15 19:47:28.696856,London-bb3d,40,90,Normal
2026-02-15 19:47:29.696856,London-bb3d,32,47,Normal
2026-02-15 19:47:30.696856,London-bb3d,-2,13,Normal
2026-02-15 19:47:31.696856,London-bb3d,34,60,Normal
2026-02-15 19:47:32.696856,London-bb3d,-21,30,Normal
2026-02-15 19:47:33.696856,London-bb3d,2,7,Normal
2026-02-15 19:47:34.696856,London-bb3d,-19,100,Normal
2026-02-15 19:47:35.696856,London-bb3d,41,41,Normal
2026-02-15 19:47:36.696856,London-bb3d,-3,87,Normal
2026-02-15 19:47:37.696856,London-bb3d,4,31,Normal
2026-02-15 19:47:38.696856,London-bb3d,39,36,Normal
2026-02-15 19:47:39.696856,London-bb3d,-28,14,Normal
2026-02-15 19:47:40.696856,London-bb3d,47,100,Normal
2026-02-15 19:47:41.696856,London-bb3d,4,76,Normal
2026-02-15 19:47:42.696856,London-bb3d,7,73,Normal
2026-02-15 19:47:43.696856,London-bb3d,-5,44,Normal
2026-02-15 19:47:44.696856,London-bb3d,28,42,Normal
2026-02-15 19:47:45.696856,London-bb3d,47,6,Normal
2026-02-15 19:47:46.696856,London-bb3d,-20,93,Normal
2026-02-15 19:47:47.696856,London-bb3d,-24,79,Normal
2026-02-15 19:47:48.696856,London-bb3d,-9,28,Normal
2026-02-15 19:47:49.696856,London-bb3d,38,72,Normal
2026-02-15 19:47:50.696856,London-bb3d,18,30,Normal
2026-02-15 19:47:51.696856,London-bb3d,-26,100,Normal
2026-02-15 19:47:52.696856,London-bb3d,-26,96,Normal
2026-02-15 19:47:53.696856,London-bb3d,5,95,Normal
2026-02-15 19:47:54.696856,London-bb3d,45,66,Normal
2026-02-15 19:47:55.696856,London-bb3d,43,96,Normal
2026-02-15 19:47:56.696856,London-bb3d,-4,20,Normal
2026-02-15 19:47:57.696856,London-bb3d,36,8,Normal
2026-02-15 19:47:58.696856,London-bb3d,-22,42,Normal
2026-02-15 19:47:59.696856,London-bb3d,50,66,Normal
2026-02-15 19:48:00.696856,London-bb3d,30,2,Normal
2026-02-15 19:48:01.696856,London-bb3d,31,21,Normal
2026-02-15 19:48:02.696856,London-bb3d,43,29,Normal
2026-02-15 19:48:03.696856,London-bb3d,29,39,Normal
2026-02-15 19:48:04.696856,London-bb3d,-15,43,Normal
2026-02-15 19:48:05.696856,London-bb3d,23,61,Normal
2026-02-15 19:48:06.696856,London-bb3d,-28,16,Normal
2026-02-15 19:48:07.696856,London-bb3d,-20,87,Normal
2026-02-15 19:48:08.696856,London-bb3d,18,85,Normal
2026-02-15 19:48:09.696856,London-bb3d,46,97,Normal
2026-02-15 19:48:10.696856,London-bb3d,-7,77,Normal
2026-02-15 19:48:11.696856,London-bb3d,45,66,Normal
2026-02-15 19:48:12.696856,London-bb3d,-4,31,Normal
2026-02-15 19:48:13.696856,London-bb3d,47,18,Normal
2026-02-15 19:48:14.696856,London-bb3d,14,12,Normal
2026-02-15 19:48:15.696856,London-bb3d,-24,30,Normal
2026-02-15 19:48:16.696856,London-bb3d,-13,40,Normal
2026-02-15 19:48:17.696856,London-bb3d,-10,31,Normal
2026-02-15 19:48:18.696856,London-bb3d,21,78,Normal
2026-02-15 19:48:19.696856,London-bb3d,-8,92,Normal
2026-02-15 19:48:20.696856,London-bb3d,-3,20,Normal
2026-02-15 19:48:21.696856,London-bb3d,-19,48,Normal
2026-02-15 19:48:22.696856,London-bb3d,48,61,Normal
2026-02-15 19:48:23.696856,London-bb3d,41,5,Normal
2026-02-15 19:48:24.696856,London-bb3d,29,100,Normal
2026-02-15 19:48:25.696856,London-bb3d,3,34,Normal
2026-02-15 19:48:26.696856,London-bb3d,36,0,Normal
2026-02-15 19:48:27.696856,London-bb3d,48,35,Normal
2026-02-15 19:48:28.696856,London-bb3d,-15,3,Normal
2026-02-15 19:48:29.696856,London-bb3d,38,16,Normal
2026-02-15 19:48:30.696856,London-bb3d,26,60,Normal
2026-02-15 19:48:31.696856,London-bb3d,-27,67,Normal
2026-02-15 19:48:32.696856,London-bb3d,46,95,Normal
2026-02-15 19:48:33.696856,London-bb3d,27,59,Normal
2026-02-15 19:48:34.696856,London-bb3d,-22,74,Normal
2026-02-15 19:48:35.696856,London-bb3d,23,21,Normal
2026-02-15 19:48:36.696856,London-bb3d,36,11,Normal
2026-02-15 19:48:37.696856,London-bb3d,48,95,Normal
2026-02-15 19:48:38.696856,London-bb3d,-11,37,Normal
2026-02-15 19:48:39.696856,London-bb3d,11,10,Normal
2026-02-15 19:48:40.696856,London-bb3d,-22,7,Normal
2026-02-15 19:48:41.696856,London-bb3d,8,33,Normal
2026-02-15 19:48:42.696856,London-bb3d,-26,78,Normal
2026-02-15 19:48:43.696856,London-bb3d,40,96,Normal
2026-02-15 19:48:44.696856,London-bb3d,-23,55,Normal
2026-02-15 19:48:45.696856,London-bb3d,33,77,Normal
2026-02-15 19:48:46.696856,London-bb3d,18,11,Normal
2026-02-15 19:48:47.696856,London-bb3d,50,1,Normal
2026-02-15 19:48:48.696856,London-bb3d,-24,28,Normal
2026-02-15 19:48:49.696856,London-bb3d,3,53,Normal
2026-02-15 19:48:50.696856,London-bb3d,23,22,Normal
2026-02-15 19:48:51.696856,London-bb3d,37,93,Normal
2026-02-15 19:48:52.696856,London-bb3d,43,12,Normal
2026-02-15 19:48:53.696856,London-bb3d,-17,51,Normal
2026-02-15 19:48:54.696856,London-bb3d,-16,27,Normal
2026-02-15 19:48:55.696856,London-bb3d,-13,9,Normal
2026-02-15 19:48:56.696856,London-bb3d,46,89,Normal
2026-02-15 19:48:57.696856,London-bb3d,16,34,Normal
2026-02-15 19:48:58.696856,London-bb3d,28,53,Normal
2026-02-15 19:48:59.696856,London-bb3d,12,48,Normal
2026-02-15 19:49:00.696856,London-bb3d,10,36,Normal
2026-02-15 19:49:01.696856,London-bb3d,44,14,Normal
2026-02-15 19:49:02.696856,London-bb3d,-6,43,Normal
2026-02-15 19:49:03.696856,London-bb3d,-21,1,Normal
2026-02-15 19:49:04.696856,London-bb3d,50,12,Normal
2026-02-15 19:49:05.696856,London-bb3d,31,92,Normal
2026-02-15 19:49:06.696856,London-bb3d,1,19,Normal
2026-02-15 19:49:07.696856,London-bb3d,21,74,Normal
2026-02-15 19:49:08.696856,London-bb3d,3,19,Normal
2026-02-15 19:49:09.696856,London-bb3d,19,13,Normal
2026-02-15 19:49:10.696856,London-bb3d,13,70,Normal
2026-02-15 19:49:11.696856,London-bb3d,29,93,Normal
2026-02-15 19:49:12.696856,London-bb3d,-2,96,Normal
2026-02-15 19:49:13.696856,London-bb3d,-23,26,Normal
2026-02-15 19:49:14.696856,London-bb3d,50,72,Normal
2026-02-15 19:49:15.696856,London-bb3d,-18,0,Normal
2026-02-15 19:49:16.696856,London-bb3d,32,30,Normal
2026-02-15 19:49:17.696856,London-bb3d,-12,77,Normal
2026-02-15 19:49:18.696856,London-bb3d,30,54,Normal
2026-02-15 19:49:19.696856,London-bb3d,19,86,Normal
2026-02-15 19:49:20.696856,London-bb3d,41,92,Normal
2026-02-15 19:49:21.696856,London-bb3d,39,51,Normal
2026-02-15 19:49:22.696856,London-bb3d,41,46,Normal
2026-02-15 19:49:23.696856,London-bb3d,34,11,Normal
2026-02-15 19:49:24.696856,London-bb3d,-26,80,Normal
2026-02-15 19:49:25.696856,London-bb3d,1,35,Normal
2026-02-15 19:49:26.696856,London-bb3d,-14,19,Normal
2026-02-15 19:49:27.696856,London-bb3d,19,11,Normal
2026-02-15 19:49:28.696856,London-bb3d,-24,5,Normal
2026-02-15 19:49:29.696856,London-bb3d,23,44,Normal
2026-02-15 19:49:30.696856,London-bb3d,-25,45,Normal
2026-02-15 19:49:31.696856,London-bb3d,-22,34,Normal
2026-02-15 19:49:32.696856,London-bb3d,-23,88,Normal
2026-02-15 19:49:33.696856,London-bb3d,19,96,Normal
2026-02-15 19:49:34.696856,London-bb3d,-11,11,Normal
2026-02-15 19:49:35.696856,London-bb3d,46,50,Normal
2026-02-15 19:49:36.696856,London-bb3d,15,75,Normal
2026-02-15 19:49:37.696856,London-bb3d,24,40,Normal
2026-02-15 19:49:38.696856,London-bb3d,8,84,Normal
2026-02-15 19:49:39.696856,London-bb3d,-4,73,Normal
2026-02-15 19:49:40.696856,London-bb3d,31,48,Normal
2026-02-15 19:49:41.696856,London-bb3d,46,36,Normal
2026-02-15 19:49:42.696856,London-bb3d,0,45,Normal
2026-02-15 19:49:43.696856,London-bb3d,30,57,Normal
2026-02-15 19:49:44.696856,London-bb3d,26,66,Normal
2026-02-15 19:49:45.696856,London-bb3d,0,26,Normal
2026-02-15 19:49:46.696856,London-bb3d,40,37,Normal
2026-02-15 19:49:47.696856,London-bb3d,46,33,Normal
2026-02-15 19:49:48.696856,London-bb3d,43,15,Normal
2026-02-15 19:49:49.696856,London-bb3d,25,7,Normal
2026-02-15 19:49:50.696856,London-bb3d,41,41,Normal
2026-02-15 19:49:51.696856,London-bb3d,3,99,Normal
2026-02-15 19:49:52.696856,London-bb3d,-4,84,Normal
2026-02-15 19:49:53.696856,London-bb3d,38,15,Normal
2026-02-15 19:49:54.696856,London-bb3d,-21,18,Normal
2026-02-15 19:49:55.696856,London-bb3d,42,72,Normal
2026-02-15 19:49:56.696856,London-bb3d,18,14,Normal
2026-02-15 19:49:57.696856,London-bb3d,40,91,Normal
2026-02-15 19:49:58.696856,London-bb3d,29,84,Normal
2026-02-15 19:49:59.696856,London-bb3d,-20,86,Normal
2026-02-15 19:50:00.696856,London-bb3d,1,95,Normal
2026-02-15 19:50:01.696856,London-bb3d,-24,9,Normal
2026-02-15 19:50:02.696856,London-bb3d,23,25,Normal
2026-02-15 19:50:03.696856,London-bb3d,45,76,Normal
2026-02-15 19:50:04.696856,London-bb3d,16,71,Normal
2026-02-15 19:50:05.696856,London-bb3d,-14,17,Normal
2026-02-15 19:50:06.696856,London-bb3d,31,36,Normal
2026-02-15 19:50:07.696856,London-bb3d,-2,98,Normal
2026-02-15 19:50:08.696856,London-bb3d,-18,61,Normal
2026-02-15 19:50:09.696856,London-bb3d,6,2,Normal
2026-02-15 19:50:10.696856,London-bb3d,18,76,Normal
2026-02-15 19:50:11.696856,London-bb3d,9,11,Normal
2026-02-15 19:50:12.696856,London-bb3d,20,94,Normal
2026-02-15 19:50:13.696856,London-bb3d,3,78,Normal
2026-02-15 19:50:14.696856,London-bb3d,-27,16,Normal
2026-02-15 19:50:15.696856,London-bb3d,-8,97,Normal
2026-02-15 19:50:16.696856,London-bb3d,35,33,Normal
2026-02-15 19:50:17.696856,London-bb3d,-26,19,Normal
2026-02-15 19:50:18.696856,London-bb3d,19,28,Normal
2026-02-15 19:50:19.696856,London-bb3d,25,7,Normal
2026-02-15 19:50:20.696856,London-bb3d,-26,51,Normal
2026-02-15 19:50:21.696856,London-bb3d,43,11,Normal
2026-02-15 19:50:22.696856,London-bb3d,19,89,Normal
2026-02-15 19:50:23.696856,London-bb3d,37,0,Normal
2026-02-15 19:50:24.696856,London-bb3d,39,24,Normal
2026-02-15 19:50:25.696856,London-bb3d,50,62,Normal
2026-02-15 19:50:26.696856,London-bb3d,50,5,Normal
2026-02-15 19:50:27.696856,London-bb3d,-2,55,Normal
2026-02-15 19:50:28.696856,London-bb3d,-23,70,Normal
2026-02-15 19:50:29.696856,London-bb3d,-15,90,Normal
2026-02-15 19:50:30.696856,London-bb3d,42,78,Normal
2026-02-15 19:50:31.696856,London-bb3d,8,15,Normal
2026-02-15 19:50:32.696856,London-bb3d,-27,49,Normal
2026-02-15 19:50:33.696856,London-bb3d,28,29,Normal
2026-02-15 19:50:34.696856,London-bb3d,-27,72,Normal
2026-02-15 19:50:35.696856,London-bb3d,50,34,Normal
2026-02-15 19:50:36.696856,London-bb3d,27,1,Normal
2026-02-15 19:50:37.696856,London-bb3d,30,11,Normal
2026-02-15 19:50:38.696856,London-bb3d,48,23,Normal
2026-02-15 19:50:39.696856,London-bb3d,45,80,Normal
2026-02-15 19:50:40.696856,London-bb3d,7,73,Normal
2026-02-15 19:50:41.696856,London-bb3d,4,36,Normal
2026-02-15 19:50:42.696856,London-bb3d,8,50,Normal
2026-02-15 19:50:43.696856,London-bb3d,48,51,Normal
2026-02-15 19:50:44.696856,London-bb3d,43,29,Normal
2026-02-15 19:50:45.696856,London-bb3d,16,41,Normal
2026-02-15 19:50:46.696856,London-bb3d,-3,8,Normal
2026-02-15 19:50:47.696856,London-bb3d,24,26,Normal
2026-02-15 19:50:48.696856,London-bb3d,-27,62,Normal
2026-02-15 19:50:49.696856,London-bb3d,-26,70,Normal
2026-02-15 19:50:50.696856,London-bb3d,26,2,Normal
2026-02-15 19:50:51.696856,London-bb3d,-28,70,Normal
2026-02-15 19:50:52.696856,London-bb3d,-12,80,Normal
2026-02-15 19:50:53.696856,London-bb3d,2,23,Normal
2026-02-15 19:50:54.696856,London-bb3d,-28,19,Normal
2026-02-15 19:50:55.696856,London-bb3d,48,80,Normal
2026-02-15 19:50:56.696856,London-bb3d,44,25,Normal
2026-02-15 19:50:57.696856,London-bb3d,15,46,Normal
2026-02-15 19:50:58.696856,London-bb3d,22,48,Normal
2026-02-15 19:50:59.696856,London-bb3d,3,37,Normal
2026-02-15 19:51:00.696856,London-bb3d,15,36,Normal
2026-02-15 19:51:01.696856,London-bb3d,17,73,Normal
2026-02-15 19:51:02.696856,London-bb3d,-17,7,Normal
2026-02-15 19:51:03.696856,London-bb3d,18,23,Normal
2026-02-15 19:51:04.696856,London-bb3d,41,35,Normal
2026-02-15 19:51:05.696856,London-bb3d,43,81,Normal
2026-02-15 19:51:06.696856,London-bb3d,-21,40,Normal
2026-02-15 19:51:07.696856,London-bb3d,-21,79,Normal
2026-02-15 19:51:08.696856,London-bb3d,-25,53,Normal
2026-02-15 19:51:09.696856,London-bb3d,43,57,Normal
2026-02-15 19:51:10.696856,London-bb3d,21,6,Normal
2026-02-15 19:51:11.696856,London-bb3d,14,77,Normal
2026-02-15 19:51:12.696856,London-bb3d,-21,41,Normal
2026-02-15 19:51:13.696856,London-bb3d,33,41,Normal
2026-02-15 19:51:14.696856,London-bb3d,-23,42,Normal
2026-02-15 19:51:15.696856,London-bb3d,18,37,Normal
2026-02-15 19:51:16.696856,London-bb3d,-3,60,Normal
2026-02-15 19:51:17.696856,London-bb3d,-8,46,Normal
2026-02-15 19:51:18.696856,London-bb3d,-22,63,Normal
2026-02-15 19:51:19.696856,London-bb3d,28,87,Normal
2026-02-15 19:51:20.696856,London-bb3d,3,75,Normal
2026-02-15 19:51:21.696856,London-bb3d,-5,33,Normal
2026-02-15 19:51:22.696856,London-bb3d,31,55,Normal
2026-02-15 19:51:23.696856,London-bb3d,-27,48,Normal
2026-02-15 19:51:24.696856,London-bb3d,-3,80,Normal
2026-02-15 19:51:25.696856,London-bb3d,-7,70,Normal
2026-02-15 19:51:26.696856,London-bb3d,15,19,Normal
2026-02-15 19:51:27.696856,London-bb3d,15,47,Normal
2026-02-15 19:51:28.696856,London-bb3d,-20,12,Normal
2026-02-15 19:51:29.696856,London-bb3d,17,28,Normal
2026-02-15 19:51:30.696856,London-bb3d,45,24,Normal
2026-02-15 19:51:31.696856,London-bb3d,27,1,Normal
2026-02-15 19:51:32.696856,London-bb3d,6,33,Normal
2026-02-15 19:51:33.696856,London-bb3d,32,32,Normal
2026-02-15 19:51:34.696856,London-bb3d,32,47,Normal
2026-02-15 19:51:35.696856,London-bb3d,-3,25,Normal
2026-02-15 19:51:36.696856,London-bb3d,0,84,Normal
2026-02-15 19:51:37.696856,London-bb3d,-26,24,Normal
2026-02-15 19:51:38.696856,London-bb3d,-3,12,Normal
2026-02-15 19:51:39.696856,London-bb3d,5,36,Normal
2026-02-15 19:51:40.696856,London-bb3d,32,46,Normal
2026-02-15 19:51:41.696856,London-bb3d,-13,47,Normal
2026-02-15 19:51:42.696856,London-bb3d,-14,82,Normal
2026-02-15 19:51:43.696856,London-bb3d,19,97,Normal
2026-02-15 19:51:44.696856,London-bb3d,44,85,Normal
2026-02-15 19:51:45.696856,London-bb3d,-26,92,Normal
2026-02-15 19:51:46.696856,London-bb3d,4,91,Normal
2026-02-15 19:51:47.696856,London-bb3d,46,5,Normal
2026-02-15 19:51:48.696856,London-bb3d,-26,86,Normal
2026-02-15 19:51:49.696856,London-bb3d,16,82,Normal
2026-02-15 19:51:50.696856,London-bb3d,31,76,Normal
2026-02-15 19:51:51.696856,London-bb3d,44,58,Normal
2026-02-15 19:51:52.696856,London-bb3d,13,26,Normal
2026-02-15 19:51:53.696856,London-bb3d,1,22,Normal
2026-02-15 19:51:54.696856,London-bb3d,-25,74,Normal
2026-02-15 19:51:55.696856,London-bb3d,-30,3,Normal
2026-02-15 19:51:56.696856,London-bb3d,28,61,Normal
2026-02-15 19:51:57.696856,London-bb3d,38,7,Normal
2026-02-15 19:51:58.696856,London-bb3d,-19,7,Normal
2026-02-15 19:51:59.696856,London-bb3d,38,49,Normal
2026-02-15 19:52:00.696856,London-bb3d,49,89,Normal
2026-02-15 19:52:01.696856,London-bb3d,13,35,Normal
2026-02-15 19:52:02.696856,London-bb3d,14,91,Normal
2026-02-15 19:52:03.696856,London-bb3d,1,14,Normal
2026-02-15 19:52:04.696856,London-bb3d,13,49,Normal
2026-02-15 19:52:05.696856,London-bb3d,18,95,Normal
2026-02-15 19:52:06.696856,London-bb3d,36,3,Normal
2026-02-15 19:52:07.696856,London-bb3d,-25,71,Normal
2026-02-15 19:52:08.696856,London-bb3d,31,64,Normal
2026-02-15 19:52:09.696856,London-bb3d,11,82,Normal
2026-02-15 19:52:10.696856,London-bb3d,28,18,Normal
2026-02-15 19:52:11.696856,London-bb3d,-18,52,Normal
2026-02-15 19:52:12.696856,London-bb3d,-10,98,Normal
2026-02-15 19:52:13.696856,London-bb3d,-14,35,Normal
2026-02-15 19:52:14.696856,London-bb3d,-2,30,Normal
2026-02-15 19:52:15.696856,London-bb3d,10,25,Normal
2026-02-15 19:52:16.696856,London-bb3d,-24,99,Normal
2026-02-15 19:52:17.696856,London-bb3d,12,81,Normal
2026-02-15 19:52:18.696856,London-bb3d,41,88,Normal
2026-02-15 19:52:19.696856,London-bb3d,-12,93,Normal
2026-02-15 19:52:20.696856,London-bb3d,37,74,Normal
2026-02-15 19:52:21.696856,London-bb3d,40,87,Normal
2026-02-15 19:52:22.696856,London-bb3d,0,12,Normal
2026-02-15 19:52:23.696856,London-bb3d,-24,0,Normal
2026-02-15 19:52:24.696856,London-bb3d,22,22,Normal
2026-02-15 19:52:25.696856,London-bb3d,28,97,Normal
2026-02-15 19:52:26.696856,London-bb3d,30,93,Normal
2026-02-15 19:52:27.696856,London-bb3d,1,83,Normal
2026-02-15 19:52:28.696856,London-bb3d,-8,37,Normal
2026-02-15 19:52:29.696856,London-bb3d,0,64,Normal
2026-02-15 19:52:30.696856,London-bb3d,29,38,Normal
2026-02-15 19:52:31.696856,London-bb3d,23,17,Normal
2026-02-15 19:52:32.696856,London-bb3d,47,16,Normal
2026-02-15 19:52:33.696856,London-bb3d,-17,51,Normal
2026-02-15 19:52:34.696856,London-bb3d,48,21,Normal
2026-02-15 19:52:35.696856,London-bb3d,41,14,Normal
2026-02-15 19:52:36.696856,London-bb3d,25,81,Normal
2026-02-15 19:52:37.696856,London-bb3d,-30,50,Normal
2026-02-15 19:52:38.696856,London-bb3d,9,98,Normal
2026-02-15 19:52:39.696856,London-bb3d,14,86,Normal
2026-02-15 19:52:40.696856,London-bb3d,17,51,Normal
2026-02-15 19:52:41.696856,London-bb3d,11,93,Normal
2026-02-15 19:52:42.696856,London-bb3d,27,59,Normal
2026-02-15 19:52:43.696856,London-bb3d,-7,66,Normal
2026-02-15 19:52:44.696856,London-bb3d,-19,74,Normal
2026-02-15 19:52:45.696856,London-bb3d,9,88,Normal
2026-02-15 19:52:46.696856,London-bb3d,28,64,Normal
2026-02-15 19:52:47.696856,London-bb3d,-6,63,Normal
2026-02-15 19:52:48.696856,London-bb3d,43,63,Normal
2026-02-15 19:52:49.696856,London-bb3d,-9,0,Normal
2026-02-15 19:52:50.696856,London-bb3d,-5,33,Normal
2026-02-15 19:52:51.696856,London-bb3d,20,56,Normal
2026-02-15 19:52:52.696856,London-bb3d,41,29,Normal
2026-02-15 19:52:53.696856,London-bb3d,50,92,Normal
2026-02-15 19:52:54.696856,London-bb3d,4,70,Normal
2026-02-15 19:52:55.696856,London-bb3d,41,3,Normal
2026-02-15 19:52:56.696856,London-bb3d,-19,8,Normal
2026-02-15 19:52:57.696856,London-bb3d,40,95,Normal
2026-02-15 19:52:58.696856,London-bb3d,45,61,Normal
2026-02-15 19:52:59.696856,London-bb3d,11,46,Normal
2026-02-15 19:53:00.696856,London-bb3d,24,41,Normal
2026-02-15 19:53:01.696856,London-bb3d,-12,77,Normal
2026-02-15 19:53:02.696856,London-bb3d,1,37,Normal
2026-02-15 19:53:03.696856,London-bb3d,12,3,Normal
2026-02-15 19:53:04.696856,London-bb3d,-14,74,Normal
2026-02-15 19:53:05.696856,London-bb3d,-9,47,Normal
2026-02-15 19:53:06.696856,London-bb3d,10,53,Normal
2026-02-15 19:53:07.696856,London-bb3d,18,77,Normal
2026-02-15 19:53:08.696856,London-bb3d,43,81,Normal
2026-02-15 19:53:09.696856,London-bb3d,-22,48,Normal
2026-02-15 19:53:10.696856,London-bb3d,35,2,Normal
2026-02-15 19:53:11.696856,London-bb3d,37,35,Normal
2026-02-15 19:53:12.696856,London-bb3d,22,36,Normal
2026-02-15 19:53:13.696856,London-bb3d,-15,7,Normal
2026-02-15 19:53:14.696856,London-bb3d,-29,70,Normal
2026-02-15 19:53:15.696856,London-bb3d,26,1,Normal
2026-02-15 19:53:16.696856,London-bb3d,38,5,Normal
2026-02-15 19:53:17.696856,London-bb3d,-22,69,Normal
2026-02-15 19:53:18.696856,London-bb3d,30,19,Normal
2026-02-15 19:53:19.696856,London-bb3d,-5,40,Normal
2026-02-15 19:53:20.696856,London-bb3d,45,88,Normal
2026-02-15 19:53:21.696856,London-bb3d,-25,29,Normal
2026-02-15 19:53:22.696856,London-bb3d,-30,79,Normal
2026-02-15 19:53:23.696856,London-bb3d,-9,65,Normal
2026-02-15 19:53:24.696856,London-bb3d,-14,69,Normal
2026-02-15 19:53:25.696856,London-bb3d,23,85,Normal
2026-02-15 19:53:26.696856,London-bb3d,50,25,Normal
2026-02-15 19:53:27.696856,London-bb3d,-19,46,Normal
2026-02-15 19:53:28.696856,London-bb3d,-28,47,Normal
2026-02-15 19:53:29.696856,London-bb3d,-2,79,Normal
2026-02-15 19:53:30.696856,London-bb3d,34,12,Normal
2026-02-15 19:53:31.696856,London-bb3d,42,57,Normal
2026-02-15 19:53:32.696856,London-bb3d,45,89,Normal
2026-02-15 19:53:33.696856,London-bb3d,43,41,Normal
2026-02-15 19:53:34.696856,London-bb3d,8,85,Normal
2026-02-15 19:53:35.696856,London-bb3d,-23,75,Normal
2026-02-15 19:53:36.696856,London-bb3d,-5,37,Normal
2026-02-15 19:53:37.696856,London-bb3d,43,20,Normal
2026-02-15 19:53:38.696856,London-bb3d,33,30,Normal
2026-02-15 19:53:39.696856,London-bb3d,41,5,Normal
2026-02-15 19:53:40.696856,London-bb3d,-2,46,Normal
2026-02-15 19:53:41.696856,London-bb3d,8,84,Normal
2026-02-15 19:53:42.696856,London-bb3d,12,44,Normal
2026-02-15 19:53:43.696856,London-bb3d,25,71,Normal
2026-02-15 19:53:44.696856,London-bb3d,8,20,Normal
2026-02-15 19:53:45.696856,London-bb3d,43,45,Normal
2026-02-15 19:53:46.696856,London-bb3d,29,66,Normal
2026-02-15 19:53:47.696856,London-bb3d,-15,81,Normal
2026-02-15 19:53:48.696856,London-bb3d,44,91,Normal
2026-02-15 19:53:49.696856,London-bb3d,11,88,Normal
2026-02-15 19:53:50.696856,London-bb3d,28,26,Normal
2026-02-15 19:53:51.696856,London-bb3d,-6,49,Normal
2026-02-15 19:53:52.696856,London-bb3d,-22,21,Normal
2026-02-15 19:53:53.696856,London-bb3d,21,59,Normal
2026-02-15 19:53:54.696856,London-bb3d,-15,64,Normal
2026-02-15 19:53:55.696856,London-bb3d,23,100,Normal
2026-02-15 19:53:56.696856,London-bb3d,-15,65,Normal
2026-02-15 19:53:57.696856,London-bb3d,6,48,Normal
2026-02-15 19:53:58.696856,London-bb3d,-29,26,Normal
2026-02-15 19:53:59.696856,London-bb3d,28,48,Normal
2026-02-15 19:54:00.696856,London-bb3d,12,87,Normal
2026-02-15 19:54:01.696856,London-bb3d,5,67,Normal
2026-02-15 19:54:02.696856,London-bb3d,49,8,Normal
2026-02-15 19:54:03.696856,London-bb3d,30,16,Normal
2026-02-15 19:54:04.696856,London-bb3d,0,49,Normal
2026-02-15 19:54:05.696856,London-bb3d,-7,99,Normal
2026-02-15 19:54:06.696856,London-bb3d,6,83,Normal
2026-02-15 19:54:07.696856,London-bb3d,-3,9,Normal
2026-02-15 19:54:08.696856,London-bb3d,44,91,Normal
2026-02-15 19:54:09.696856,London-bb3d,11,69,Normal
2026-02-15 19:54:10.696856,London-bb3d,-17,7,Normal
2026-02-15 19:54:11.696856,London-bb3d,-11,23,Normal
2026-02-15 19:54:12.696856,London-bb3d,7,46,Normal
2026-02-15 19:54:13.696856,London-bb3d,-12,42,Normal
2026-02-15 19:54:14.696856,London-bb3d,-13,9,Normal
2026-02-15 19:54:15.696856,London-bb3d,0,57,Normal
2026-02-15 19:54:16.696856,London-bb3d,1,50,Normal
2026-02-15 19:54:17.696856,London-bb3d,15,85,Normal
2026-02-15 19:54:18.696856,London-bb3d,-6,7,Normal
2026-02-15 19:54:19.696856,London-bb3d,40,35,Normal
2026-02-15 19:54:20.696856,London-bb3d,-15,3,Normal
2026-02-15 19:54:21.696856,London-bb3d,5,12,Normal
2026-02-15 19:54:22.696856,London-bb3d,-30,86,Normal
2026-02-15 19:54:23.696856,London-bb3d,49,19,Normal
2026-02-15 19:54:24.696856,London-bb3d,29,14,Normal
2026-02-15 19:54:25.696856,London-bb3d,40,83,Normal
2026-02-15 19:54:26.696856,London-bb3d,14,68,Normal
2026-02-15 19:54:27.696856,London-bb3d,29,60,Normal
2026-02-15 19:54:28.696856,London-bb3d,43,52,Normal
2026-02-15 19:54:29.696856,London-bb3d,3,81,Normal
2026-02-15 19:54:30.696856,London-bb3d,47,9,Normal
2026-02-15 19:54:31.696856,London-bb3d,39,73,Normal
2026-02-15 19:54:32.696856,London-bb3d,44,2,Normal
2026-02-15 19:54:33.696856,London-bb3d,39,25,Normal
2026-02-15 19:54:34.696856,London-bb3d,-6,91,Normal
2026-02-15 19:54:35.696856,London-bb3d,-26,0,Normal
2026-02-15 19:54:36.696856,London-bb3d,-28,14,Normal
2026-02-15 19:54:37.696856,London-bb3d,-25,63,Normal
2026-02-15 19:54:38.696856,London-bb3d,33,100,Normal
2026-02-15 19:54:39.696856,London-bb3d,17,6,Normal
2026-02-15 19:54:40.696856,London-bb3d,45,84,Normal
2026-02-15 19:54:41.696856,London-bb3d,-20,55,Normal
2026-02-15 19:54:42.696856,London-bb3d,5,46,Normal
2026-02-15 19:54:43.696856,London-bb3d,32,1,Normal
2026-02-15 19:54:44.696856,London-bb3d,-30,45,Normal
2026-02-15 19:54:45.696856,London-bb3d,-12,44,Normal
2026-02-15 19:54:46.696856,London-bb3d,0,4,Normal
2026-02-15 19:54:47.696856,London-bb3d,49,87,Normal
2026-02-15 19:54:48.696856,London-bb3d,-20,100,Normal
2026-02-15 19:54:49.696856,London-bb3d,12,88,Normal
2026-02-15 19:54:50.696856,London-bb3d,-25,2,Normal
2026-02-15 19:54:51.696856,London-bb3d,-1,35,Normal
2026-02-15 19:54:52.696856,London-bb3d,-28,30,Normal
2026-02-15 19:54:53.696856,London-bb3d,31,54,Normal
2026-02-15 19:54:54.696856,London-bb3d,-12,4,Normal
2026-02-15 19:54:55.696856,London-bb3d,-1,99,Normal
2026-02-15 19:54:56.696856,London-bb3d,-1,53,Normal
2026-02-15 19:54:57.696856,London-bb3d,23,62,Normal
2026-02-15 19:54:58.696856,London-bb3d,15,52,Normal
2026-02-15 19:54:59.696856,London-bb3d,14,27,Normal
2026-02-15 19:55:00.696856,London-bb3d,33,6,Normal
2026-02-15 19:55:01.696856,London-bb3d,12,66,Normal
2026-02-15 19:55:02.696856,London-bb3d,48,50,Normal
2026-02-15 19:55:03.696856,London-bb3d,7,25,Normal
2026-02-15 19:55:04.696856,London-bb3d,16,97,Normal
2026-02-15 19:55:05.696856,London-bb3d,-12,27,Normal
2026-02-15 19:55:06.696856,London-bb3d,38,93,Normal
2026-02-15 19:55:07.696856,London-bb3d,36,78,Normal
2026-02-15 19:55:08.696856,London-bb3d,19,28,Normal
2026-02-15 19:55:09.696856,London-bb3d,47,25,Normal
2026-02-15 19:55:10.696856,London-bb3d,43,46,Normal
2026-02-15 19:55:11.696856,London-bb3d,25,88,Normal
2026-02-15 19:55:12.696856,London-bb3d,11,5,Normal
2026-02-15 19:55:13.696856,London-bb3d,-15,47,Normal
2026-02-15 19:55:14.696856,London-bb3d,27,15,Normal
2026-02-15 19:55:15.696856,London-bb3d,42,15,Normal
2026-02-15 19:55:16.696856,London-bb3d,9,42,Normal
2026-02-15 19:55:17.696856,London-bb3d,45,49,Normal
2026-02-15 19:55:18.696856,London-bb3d,12,23,Normal
2026-02-15 19:55:19.696856,London-bb3d,42,27,Normal
2026-02-15 19:55:20.696856,London-bb3d,35,13,Normal
2026-02-15 19:55:21.696856,London-bb3d,-18,74,Normal
2026-02-15 19:55:22.696856,London-bb3d,48,60,Normal
2026-02-15 19:55:23.696856,London-bb3d,39,30,Normal
2026-02-15 19:55:24.696856,London-bb3d,23,0,Normal
2026-02-15 19:55:25.696856,London-bb3d,12,22,Normal
2026-02-15 19:55:26.696856,London-bb3d,15,1,Normal
2026-02-15 19:55:27.696856,London-bb3d,26,16,Normal
2026-02-15 19:55:28.696856,London-bb3d,-19,12,Normal
2026-02-15 19:55:29.696856,London-bb3d,20,69,Normal
2026-02-15 19:55:30.696856,London-bb3d,45,77,Normal
2026-02-15 19:55:31.696856,London-bb3d,0,46,Normal
2026-02-15 19:55:32.696856,London-bb3d,-10,1,Normal
2026-02-15 19:55:33.696856,London-bb3d,40,86,Normal
2026-02-15 19:55:34.696856,London-bb3d,-11,40,Normal
2026-02-15 19:55:35.696856,London-bb3d,4,64,Normal
2026-02-15 19:55:36.696856,London-bb3d,-24,52,Normal
2026-02-15 19:55:37.696856,London-bb3d,28,31,Normal
2026-02-15 19:55:38.696856,London-bb3d,28,31,Normal
2026-02-15 19:55:39.696856,London-bb3d,20,31,Normal
2026-02-15 19:55:40.696856,London-bb3d,-6,55,Normal
2026-02-15 19:55:41.696856,London-bb3d,42,63,Normal
2026-02-15 19:55:42.696856,London-bb3d,37,89,Normal
2026-02-15 19:55:43.696856,London-bb3d,-9,61,Normal
2026-02-15 19:55:44.696856,London-bb3d,46,14,Normal
2026-02-15 19:55:45.696856,London-bb3d,8,53,Normal
2026-02-15 19:55:46.696856,London-bb3d,1,31,Normal
2026-02-15 19:55:47.696856,London-bb3d,-3,21,Normal
2026-02-15 19:55:48.696856,London-bb3d,45,87,Normal
2026-02-15 19:55:49.696856,London-bb3d,34,15,Normal
2026-02-15 19:55:50.696856,London-bb3d,-19,62,Normal
2026-02-15 19:55:51.696856,London-bb3d,-13,0,Normal
2026-02-15 19:55:52.696856,London-bb3d,32,37,Normal
2026-02-15 19:55:53.696856,London-bb3d,12,58,Normal
2026-02-15 19:55:54.696856,London-bb3d,9,56,Normal
2026-02-15 19:55:55.696856,London-bb3d,21,76,Normal
2026-02-15 19:55:56.696856,London-bb3d,10,54,Normal
2026-02-15 19:55:57.696856,London-bb3d,50,47,Normal
2026-02-15 19:55:58.696856,London-bb3d,36,9,Normal
2026-02-15 19:55:59.696856,London-bb3d,48,54,Normal
2026-02-15 19:56:00.696856,London-bb3d,-12,45,Normal
2026-02-15 19:56:01.696856,London-bb3d,21,66,Normal
2026-02-15 19:56:02.696856,London-bb3d,42,47,Normal
2026-02-15 19:56:03.696856,London-bb3d,48,18,Normal
2026-02-15 19:56:04.696856,London-bb3d,1,93,Normal
2026-02-15 19:56:05.696856,London-bb3d,38,86,Normal
2026-02-15 19:56:06.696856,London-bb3d,17,53,Normal
2026-02-15 19:56:07.696856,London-bb3d,-22,2,Normal
2026-02-15 19:56:08.696856,London-bb3d,32,19,Normal
2026-02-15 19:56:09.696856,London-bb3d,6,84,Normal
2026-02-15 19:56:10.696856,London-bb3d,46,79,Normal
2026-02-15 19:56:11.696856,London-bb3d,16,86,Normal
2026-02-15 19:56:12.696856,London-bb3d,29,15,Normal
2026-02-15 19:56:13.696856,London-bb3d,37,39,Normal
2026-02-15 19:56:14.696856,London-bb3d,36,6,Normal
2026-02-15 19:56:15.696856,London-bb3d,20,100,Normal
2026-02-15 19:56:16.696856,London-bb3d,7,97,Normal
2026-02-15 19:56:17.696856,London-bb3d,42,59,Normal
2026-02-15 19:56:18.696856,London-bb3d,-21,24,Normal
2026-02-15 19:56:19.696856,London-bb3d,23,67,Normal
2026-02-15 19:56:20.696856,London-bb3d,-21,81,Normal
2026-02-15 19:56:21.696856,London-bb3d,25,62,Normal
2026-02-15 19:56:22.696856,London-bb3d,13,76,Normal
2026-02-15 19:56:23.696856,London-bb3d,43,24,Normal
2026-02-15 19:56:24.696856,London-bb3d,25,14,Normal
2026-02-15 19:56:25.696856,London-bb3d,25,1,Normal
2026-02-15 19:56:26.696856,London-bb3d,39,95,Normal
2026-02-15 19:56:27.696856,London-bb3d,-1,61,Normal
2026-02-15 19:56:28.696856,London-bb3d,-21,3,Normal
2026-02-15 19:56:29.696856,London-bb3d,-16,33,Normal
2026-02-15 19:56:30.696856,London-bb3d,-10,69,Normal
2026-02-15 19:56:31.696856,London-bb3d,-2,17,Normal
2026-02-15 19:56:32.696856,London-bb3d,10,49,Normal
2026-02-15 19:56:33.696856,London-bb3d,50,88,Normal
2026-02-15 19:56:34.696856,London-bb3d,-29,59,Normal
2026-02-15 19:56:35.696856,London-bb3d,6,31,Normal
2026-02-15 19:56:36.696856,London-bb3d,-20,5,Normal
2026-02-15 19:56:37.696856,London-bb3d,-18,83,Normal
2026-02-15 19:56:38.696856,London-bb3d,49,22,Normal
2026-02-15 19:56:39.696856,London-bb3d,47,9,Normal
2026-02-15 19:56:40.696856,London-bb3d,27,68,Normal
2026-02-15 19:56:41.696856,London-bb3d,-3,80,Normal
2026-02-15 19:56:42.696856,London-bb3d,6,25,Normal
2026-02-15 19:56:43.696856,London-bb3d,25,40,Normal
2026-02-15 19:56:44.696856,London-bb3d,18,66,Normal
2026-02-15 19:56:45.696856,London-bb3d,2,7,Normal
2026-02-15 19:56:46.696856,London-bb3d,29,17,Normal
2026-02-15 19:56:47.696856,London-bb3d,13,22,Normal
2026-02-15 19:56:48.696856,London-bb3d,-5,31,Normal
2026-02-15 19:56:49.696856,London-bb3d,19,90,Normal
2026-02-15 19:56:50.696856,London-bb3d,-24,8,Normal
2026-02-15 19:56:51.696856,London-bb3d,-23,2,Normal
2026-02-15 19:56:52.696856,London-bb3d,26,97,Normal
2026-02-15 19:56:53.696856,London-bb3d,-9,72,Normal
2026-02-15 19:56:54.696856,London-bb3d,-2,24,Normal
2026-02-15 19:56:55.696856,London-bb3d,-13,44,Normal
2026-02-15 19:56:56.696856,London-bb3d,-18,59,Normal
2026-02-15 19:56:57.696856,London-bb3d,-23,5,Normal
2026-02-15 19:56:58.696856,London-bb3d,38,45,Normal
2026-02-15 19:56:59.696856,London-bb3d,35,41,Normal
2026-02-15 19:57:00.696856,London-bb3d,37,29,Normal
2026-02-15 19:57:01.696856,London-bb3d,-25,8,Normal
2026-02-15 19:57:02.696856,London-bb3d,23,95,Normal
2026-02-15 19:57:03.696856,London-bb3d,10,35,Normal
2026-02-15 19:57:04.696856,London-bb3d,6,72,Normal
2026-02-15 19:57:05.696856,London-bb3d,-11,11,Normal
2026-02-15 19:57:06.696856,London-bb3d,-26,6,Normal
2026-02-15 19:57:07.696856,London-bb3d,-19,13,Normal
2026-02-15 19:57:08.696856,London-bb3d,33,50,Normal
2026-02-15 19:57:09.696856,London-bb3d,8,43,Normal
2026-02-15 19:57:10.696856,London-bb3d,46,80,Normal
2026-02-15 19:57:11.696856,London-bb3d,42,73,Normal
2026-02-15 19:57:12.696856,London-bb3d,-9,87,Normal
2026-02-15 19:57:13.696856,London-bb3d,42,28,Normal
2026-02-15 19:57:14.696856,London-bb3d,-26,1,Normal
2026-02-15 19:57:15.696856,London-bb3d,12,38,Normal
2026-02-15 19:57:16.696856,London-bb3d,24,81,Normal
2026-02-15 19:57:17.696856,London-bb3d,21,44,Normal
2026-02-15 19:57:18.696856,London-bb3d,-22,78,Normal
2026-02-15 19:57:19.696856,London-bb3d,31,44,Normal
2026-02-15 19:57:20.696856,London-bb3d,-28,69,Normal
2026-02-15 19:57:21.696856,London-bb3d,10,59,Normal
2026-02-15 19:57:22.696856,London-bb3d,38,87,Normal
2026-02-15 19:57:23.696856,London-bb3d,-29,54,Normal
2026-02-15 19:57:24.696856,London-bb3d,42,64,Normal
2026-02-15 19:57:25.696856,London-bb3d,-26,23,Normal
2026-02-15 19:57:26.696856,London-bb3d,-21,60,Normal
2026-02-15 19:57:27.696856,London-bb3d,31,41,Normal
2026-02-15 19:57:28.696856,London-bb3d,3,13,Normal
2026-02-15 19:57:29.696856,London-bb3d,7,51,Normal
2026-02-15 19:57:30.696856,London-bb3d,28,56,Normal
2026-02-15 19:57:31.696856,London-bb3d,17,5,Normal
2026-02-15 19:57:32.696856,London-bb3d,21,12,Normal
2026-02-15 19:57:33.696856,London-bb3d,30,79,Normal
2026-02-15 19:57:34.696856,London-bb3d,-6,59,Normal
2026-02-15 19:57:35.696856,London-bb3d,-9,86,Normal
2026-02-15 19:57:36.696856,London-bb3d,-12,87,Normal
2026-02-15 19:57:37.696856,London-bb3d,21,98,Normal
2026-02-15 19:57:38.696856,London-bb3d,17,21,Normal
2026-02-15 19:57:39.696856,London-bb3d,37,81,Normal
2026-02-15 19:57:40.696856,London-bb3d,-27,35,Normal
2026-02-15 19:57:41.696856,London-bb3d,-20,58,Normal
2026-02-15 19:57:42.696856,London-bb3d,-13,9,Normal
2026-02-15 19:57:43.696856,London-bb3d,6,4,Normal
2026-02-15 19:57:44.696856,London-bb3d,9,75,Normal
2026-02-15 19:57:45.696856,London-bb3d,44,29,Normal
2026-02-15 19:57:46.696856,London-bb3d,44,65,Normal
2026-02-15 19:57:47.696856,London-bb3d,33,59,Normal
2026-02-15 19:57:48.696856,London-bb3d,49,84,Normal
2026-02-15 19:57:49.696856,London-bb3d,-6,99,Normal
2026-02-15 19:57:50.696856,London-bb3d,-15,57,Normal
2026-02-15 19:57:51.696856,London-bb3d,24,20,Normal
2026-02-15 19:57:52.696856,London-bb3d,31,100,Normal
2026-02-15 19:57:53.696856,London-bb3d,7,40,Normal
2026-02-15 19:57:54.696856,London-bb3d,21,77,Normal
2026-02-15 19:57:55.696856,London-bb3d,6,73,Normal
2026-02-15 19:57:56.696856,London-bb3d,-6,9,Normal
2026-02-15 19:57:57.696856,London-bb3d,8,5,Normal
2026-02-15 19:57:58.696856,London-bb3d,41,67,Normal
2026-02-15 19:57:59.696856,London-bb3d,35,2,Normal
2026-02-15 19:58:00.696856,London-bb3d,23,52,Normal
2026-02-15 19:58:01.696856,London-bb3d,-2,83,Normal
2026-02-15 19:58:02.696856,London-bb3d,-25,55,Normal
2026-02-15 19:58:03.696856,London-bb3d,49,31,Normal
2026-02-15 19:58:04.696856,London-bb3d,38,96,Normal
2026-02-15 19:58:05.696856,London-bb3d,-4,48,Normal
2026-02-15 19:58:06.696856,London-bb3d,-5,78,Normal
2026-02-15 19:58:07.696856,London-bb3d,4,61,Normal
2026-02-15 19:58:08.696856,London-bb3d,24,0,Normal
2026-02-15 19:58:09.696856,London-bb3d,32,75,Normal
2026-02-15 19:58:10.696856,London-bb3d,27,45,Normal
2026-02-15 19:58:11.696856,London-bb3d,32,28,Normal
2026-02-15 19:58:12.696856,London-bb3d,0,33,Normal
2026-02-15 19:58:13.696856,London-bb3d,11,53,Normal
2026-02-15 19:58:14.696856,London-bb3d,39,46,Normal
2026-02-15 19:58:15.696856,London-bb3d,49,68,Normal
2026-02-15 19:58:16.696856,London-bb3d,42,37,Normal
2026-02-15 19:58:17.696856,London-bb3d,-24,35,Normal
2026-02-15 19:58:18.696856,London-bb3d,27,22,Normal
2026-02-15 19:58:19.696856,London-bb3d,-3,3,Normal
2026-02-15 19:58:20.696856,London-bb3d,45,12,Normal
2026-02-15 19:58:21.696856,London-bb3d,14,53,Normal
2026-02-15 19:58:22.696856,London-bb3d,26,45,Normal
2026-02-15 19:58:23.696856,London-bb3d,38,40,Normal
2026-02-15 19:58:24.696856,London-bb3d,-16,19,Normal
2026-02-15 19:58:25.696856,London-bb3d,25,44,Normal
2026-02-15 19:58:26.696856,London-bb3d,42,27,Normal
2026-02-15 19:58:27.696856,London-bb3d,-13,84,Normal
2026-02-15 19:58:28.696856,London-bb3d,36,86,Normal
2026-02-15 19:58:29.696856,London-bb3d,4,55,Normal
2026-02-15 19:58:30.696856,London-bb3d,9,40,Normal
2026-02-15 19:58:31.696856,London-bb3d,23,79,Normal
2026-02-15 19:58:32.696856,London-bb3d,-1,41,Normal
2026-02-15 19:58:33.696856,London-bb3d,17,83,Normal
2026-02-15 19:58:34.696856,London-bb3d,3,67,Normal
2026-02-15 19:58:35.696856,London-bb3d,-25,95,Normal
2026-02-15 19:58:36.696856,London-bb3d,41,50,Normal
2026-02-15 19:58:37.696856,London-bb3d,27,38,Normal
2026-02-15 19:58:38.696856,London-bb3d,50,62,Normal
2026-02-15 19:58:39.696856,London-bb3d,-9,80,Normal
2026-02-15 19:58:40.696856,London-bb3d,-23,1,Normal
2026-02-15 19:58:41.696856,London-bb3d,36,66,Normal
2026-02-15 19:58:42.696856,London-bb3d,14,90,Normal
2026-02-15 19:58:43.696856,London-bb3d,-21,81,Normal
2026-02-15 19:58:44.696856,London-bb3d,40,99,Normal
2026-02-15 19:58:45.696856,London-bb3d,45,26,Normal
2026-02-15 19:58:46.696856,London-bb3d,18,6,Normal
2026-02-15 19:58:47.696856,London-bb3d,50,5,Normal
2026-02-15 19:58:48.696856,London-bb3d,50,19,Normal
2026-02-15 19:58:49.696856,London-bb3d,0,68,Normal
2026-02-15 19:58:50.696856,London-bb3d,15,0,Normal
2026-02-15 19:58:51.696856,London-bb3d,47,78,Normal
2026-02-15 19:58:52.696856,London-bb3d,46,0,Normal
2026-02-15 19:58:53.696856,London-bb3d,-16,66,Normal
2026-02-15 19:58:54.696856,London-bb3d,41,0,Normal
2026-02-15 19:58:55.696856,London-bb3d,-30,95,Normal
2026-02-15 19:58:56.696856,London-bb3d,23,61,Normal
2026-02-15 19:58:57.696856,London-bb3d,-10,83,Normal
2026-02-15 19:58:58.696856,London-bb3d,43,6,Normal
2026-02-15 19:58:59.696856,London-bb3d,6,65,Normal
2026-02-15 19:59:00.696856,London-bb3d,-6,18,Normal
2026-02-15 19:59:01.696856,London-bb3d,47,71,Normal
